1.61564e-11 1.15534e-07 4.98755e-07 2.41274e-11 0.000173109 3.71616e-11 1.21848e-10 0.985884 1.4781e-07 0.0139402 4.04954e-11 2.62393e-07 1.47382e-06 1.62338e-10 6.9701e-11 
7.20162e-11 0.962856 0.000904488 1.07546e-10 4.46332e-10 4.98592e-08 5.43129e-10 0.0362312 2.12161e-06 3.65129e-06 1.80505e-10 1.18129e-10 3.31774e-10 7.30845e-08 2.39259e-06 
9.19207e-12 0.996259 8.50933e-05 1.29048e-07 1.76662e-07 1.69354e-08 1.17921e-07 0.00254644 0.000116378 4.28894e-07 0.000174305 1.50779e-11 2.32952e-07 9.23607e-11 0.000817389 
1.16999e-10 0.859993 0.000701206 1.49461e-06 0.000115454 1.45659e-07 0.00346287 0.103856 0.000107271 8.79027e-07 0.000465344 1.91915e-10 0.0311874 1.17559e-09 0.000108941 
9.48711e-12 0.00932421 0.294976 0.00138404 1.13886e-06 0.00264621 7.15496e-11 0.0926261 0.550738 0.0105351 1.74516e-08 0.00324343 0.034525 9.53253e-11 2.76568e-07 
1.73355e-11 0.14679 0.348764 3.9799e-06 0.00111058 0.000181993 6.42142e-08 0.00159692 0.260418 0.0659288 0.00557501 0.16824 0.000550563 1.74185e-10 0.000839693 
9.45436e-08 0.0120651 0.017202 1.41188e-07 0.00234438 0.00224006 7.13026e-07 0.0028207 0.0160003 0.938475 0.000118722 0.000899624 4.35557e-07 9.49962e-07 0.00783157 
3.9753e-08 0.0227227 0.036849 3.32499e-05 2.99297e-05 0.000859622 4.7894e-06 0.764487 0.044271 0.0118579 0.00304217 2.07044e-05 0.0317811 3.99433e-07 0.08404 
0.00017519 0.00221404 0.00736836 0.000207811 0.00248336 0.000795977 0.000409536 0.000900348 0.0158165 0.0030676 0.000191462 0.00200337 0.00130511 0.960129 0.00293215 
1.57775e-09 0.668761 0.0793503 1.63912e-06 9.77837e-09 1.45814e-05 1.1899e-08 0.0279713 0.0922228 0.0736698 3.95456e-09 0.0509884 7.39051e-07 1.5853e-08 0.00701993 
2.41257e-11 0.00203673 0.144289 0.0310145 1.14082e-06 0.033008 1.8195e-10 0.331364 0.3794 0.023029 4.68327e-08 0.032505 0.0233522 2.42411e-10 2.77086e-07 
1.64414e-10 0.93509 7.79439e-07 2.4553e-10 1.70139e-05 0.000422207 8.79762e-07 0.0564171 0.00803608 9.8799e-06 4.12097e-10 1.27965e-06 9.10727e-07 4.0219e-06 7.09304e-10 
1.39845e-10 0.0161262 5.51398e-06 2.08839e-10 8.66713e-10 3.08825e-06 1.05468e-09 0.436388 0.0261172 0.0317478 3.50515e-10 1.28481e-06 0.489609 1.40514e-09 1.38821e-06 
3.52776e-09 0.919863 0.00504863 1.61673e-06 3.43352e-06 8.11425e-09 2.66056e-08 0.0631932 0.00100258 0.00615515 8.84218e-09 2.94485e-06 1.62522e-08 7.45307e-08 0.0047294 
2.40857e-08 0.000422887 0.00272605 0.000107916 3.9079e-05 0.155988 3.91884e-06 0.0212867 0.000109719 0.0107072 0.00494012 0.803525 2.30786e-05 7.18899e-08 0.000120631 
7.73052e-10 0.879806 1.77808e-07 1.15445e-09 4.79112e-09 1.18877e-06 5.83018e-09 0.000484313 2.09583e-05 0.0103421 0.000204893 0.10914 3.56141e-09 7.76753e-09 3.33505e-09 
1.75041e-10 0.854884 0.000320331 2.614e-10 1.08485e-09 3.93442e-06 1.32012e-09 0.0158612 0.000570142 2.956e-06 3.02336e-07 2.87123e-10 1.10586e-06 6.03388e-08 0.128356 
7.36851e-09 0.274595 4.05459e-05 1.10038e-08 4.56675e-08 1.69484e-08 5.55716e-08 2.30193e-05 1.30782e-05 0.0502691 1.84688e-08 1.20867e-08 3.39463e-08 0.675041 1.77269e-05 
1.70082e-06 1.96516e-05 0.0507158 0.00874036 4.2688e-05 3.91208e-06 3.36773e-05 0.0127067 0.0108571 0.0526909 3.14659e-05 0.859066 0.00429115 1.70896e-05 0.000781932 
2.86801e-08 0.321185 0.319435 0.00231931 1.7775e-07 6.59675e-08 2.16299e-07 0.0118792 4.28148e-05 0.0118059 7.18854e-08 0.000323318 1.32128e-07 2.88174e-07 0.333009 
3.22479e-08 0.952883 0.0173219 3.00657e-05 6.24882e-05 1.43936e-05 6.07571e-06 0.00918098 0.00859359 8.24867e-06 0.000440007 0.000274813 8.61127e-07 3.24022e-07 0.0111834 
5.05789e-08 0.84641 0.0116349 4.07387e-06 3.49497e-07 0.000393887 5.939e-07 0.0180401 0.00184997 0.0141214 0.000593716 0.106443 4.97531e-06 3.03676e-06 0.000500119 
3.10294e-08 0.13752 0.00910965 0.00175837 7.83676e-05 0.000675141 0.00016992 0.108068 0.0765446 0.0323545 0.00482918 0.00288675 0.00627904 3.7794e-05 0.619689 
8.10007e-07 0.00114099 0.105096 1.20963e-06 5.02015e-06 1.86311e-06 6.10889e-06 0.010599 0.0149077 0.0776208 2.03025e-06 1.32866e-06 0.589697 8.13885e-06 0.200912 
5.62107e-12 0.176162 0.19964 0.0150903 0.00315843 6.0251e-07 7.21102e-08 0.437375 1.12429e-06 0.0890708 1.54993e-07 0.0374384 8.02798e-07 5.64798e-11 0.0420622 
2.94432e-08 0.0933191 0.00356658 1.42492e-06 1.82479e-07 0.000214805 2.22053e-07 0.00697373 0.00156001 0.0155148 1.40652e-06 0.055658 1.94128e-05 2.95841e-07 0.82317 
6.27046e-09 0.409655 0.0770549 4.84089e-06 0.00591357 1.44228e-08 7.55501e-06 0.0159003 0.0127365 0.475785 1.57166e-08 3.78215e-05 0.00265662 6.30047e-08 0.000248445 
1.00098e-07 0.82907 0.130435 0.00014098 0.000354843 2.30236e-07 0.0079864 0.000186153 0.00020279 0.0270015 0.000829164 0.00010329 0.000182581 1.00577e-06 0.00350584 
2.94591e-10 0.545153 0.100689 0.0136744 0.000783007 1.38658e-06 2.93186e-06 0.226377 0.00236356 0.0984135 0.000343022 2.24695e-05 0.00741808 2.96001e-09 0.0047588 
1.53663e-10 4.42199e-06 9.60665e-07 5.69119e-06 1.39053e-05 5.6201e-06 1.15889e-09 0.999961 1.7881e-07 5.55815e-07 3.8515e-10 2.52056e-10 6.86748e-06 1.54399e-09 9.95047e-07 
1.19801e-08 0.025402 0.0157937 6.95625e-05 1.70271e-07 5.45582e-08 2.77119e-08 0.00375261 0.941456 0.00246564 1.30131e-08 1.3755e-07 0.00375522 2.14261e-07 0.00730416 
4.12158e-13 8.19654e-05 0.000504289 0.911163 0.08515 0.000132338 3.1084e-12 0.0028274 0.000141099 1.02911e-08 3.97518e-08 1.48582e-08 1.22566e-08 4.14131e-12 6.34134e-11 
7.77836e-07 0.139895 0.799434 0.000121828 0.000308324 0.0015294 0.000141285 0.000159958 0.00017429 0.054891 7.96865e-05 8.96356e-05 0.000159627 7.81559e-06 0.00300684 
1.9752e-10 0.231221 0.026569 0.00498555 8.57038e-06 2.22661e-06 1.48965e-09 0.737189 1.24187e-05 7.71749e-06 4.95076e-10 1.26391e-06 9.09965e-10 1.98466e-09 2.64244e-06 
6.6113e-10 0.666731 0.00444628 1.40386e-06 4.09746e-09 1.52067e-09 0.00979645 0.013438 0.112476 0.000232322 5.76168e-07 0.0616677 3.55035e-07 6.64295e-09 0.13121 
1.43622e-11 0.115381 0.0468414 0.0356148 4.13558e-07 0.000612822 1.12028e-05 0.64021 0.0780813 0.0744723 3.44516e-06 0.00737741 0.000343076 1.44309e-10 0.00105088 
1.03776e-06 0.0212384 0.696009 0.000763979 3.4155e-05 1.20792e-06 4.02148e-05 0.0145134 0.0687889 0.0813013 0.0279503 0.0217829 0.00109075 1.27053e-05 0.0664721 
1.12278e-08 0.398882 0.0789517 1.21223e-05 8.67959e-05 0.000275301 1.64281e-05 0.0329538 0.269121 0.106057 9.79813e-05 0.00646733 5.17259e-08 1.12816e-07 0.107078 
5.91865e-09 0.60285 0.101626 5.64844e-06 2.81229e-05 1.08653e-05 4.46371e-08 0.0612371 0.0699789 0.0910635 1.90686e-06 0.00136808 0.00252112 3.21021e-05 0.0692764 
3.45254e-10 0.998389 7.66994e-06 5.15589e-10 2.13977e-09 5.08318e-06 2.08567e-06 0.00153879 7.49707e-07 1.40773e-05 1.12584e-06 1.54612e-05 1.59057e-09 3.46907e-09 2.62161e-05 
1.68363e-07 0.0292434 0.0100984 0.00160988 0.000143935 3.87254e-07 0.00170854 0.00428768 0.000120779 9.41246e-05 4.21994e-07 2.76168e-07 7.75639e-07 1.69169e-06 0.95269 
1.55425e-06 0.000171879 0.0705321 0.0474475 2.70875e-05 0.347254 2.75356e-05 0.308683 0.00297296 0.011983 0.18899 0.0180809 0.00342593 4.5435e-06 0.000398292 
1.87976e-10 0.380695 6.00881e-05 0.000238189 2.19034e-05 4.32367e-10 1.41767e-09 0.390906 1.4398e-05 0.201497 4.71155e-10 0.0247644 3.06571e-05 0.00177317 8.10955e-10 
4.78793e-10 0.0091937 0.0755465 3.21689e-05 3.71219e-05 0.0166252 3.61095e-09 2.65508e-05 0.00536682 0.00552747 0.000262863 0.883765 0.00177284 4.81085e-09 0.00184406 
8.49337e-09 0.71268 0.0218063 0.000123649 0.00515053 0.000350996 2.68517e-05 0.0690812 0.0431627 0.043221 3.13814e-05 0.0047696 0.000149557 2.19504e-05 0.0994239 
4.69695e-09 0.85815 0.00171372 7.01425e-09 0.075011 1.08035e-08 3.54233e-08 0.0400137 0.00992479 0.015156 1.17727e-08 2.57668e-05 2.16386e-08 2.02671e-07 5.1604e-06 
2.09014e-11 0.463255 3.62205e-06 1.22672e-06 9.58722e-07 0.33542 1.57633e-10 0.0537763 0.0181614 2.26023e-06 0.000639829 1.63542e-06 9.62914e-11 2.10014e-10 0.128737 
5.15042e-10 0.783757 2.1798e-06 7.76836e-08 6.00138e-05 1.18465e-09 3.88432e-09 0.175392 2.3961e-06 0.0407778 1.29093e-09 3.12672e-06 2.37277e-09 5.17507e-09 5.33491e-06 
1.17863e-05 0.00929191 0.17221 0.00381862 0.000679211 0.00207667 2.52396e-05 0.0998392 0.0373612 0.0625081 3.23992e-05 0.606788 0.0014103 1.50186e-05 0.00393153 
2.18132e-11 0.949376 0.00046539 3.2575e-11 2.93544e-07 8.29648e-05 0.000744881 0.0255151 0.00215379 0.00630472 5.11063e-05 1.27986e-07 3.76585e-05 2.19176e-10 0.0152678 
4.45572e-10 0.726209 2.61421e-06 6.38851e-06 2.76151e-09 1.02487e-09 3.3604e-09 0.273745 8.46333e-06 1.45026e-05 1.2296e-06 7.30878e-10 2.05272e-09 4.47705e-09 1.21121e-05 
1.7921e-08 0.787354 0.000499803 2.67626e-08 0.000211141 4.12204e-08 1.35156e-07 0.000363199 7.78159e-05 0.000571861 4.49183e-08 0.00516492 0.000528472 0.202252 0.00297664 
2.65248e-07 0.0102879 0.906884 3.96111e-07 1.64392e-06 6.101e-07 2.00044e-06 0.00278486 0.0332921 0.00799386 6.64832e-07 0.0123134 1.22198e-06 2.66518e-06 0.0264347 
4.733e-09 0.933849 1.70393e-06 7.06808e-09 2.93336e-08 1.08864e-08 7.21904e-05 0.0514331 0.0146262 1.03015e-05 1.18631e-08 7.7636e-09 2.18047e-08 2.51647e-07 6.76773e-06 
2.8309e-09 2.53488e-06 0.417222 4.22755e-09 1.40535e-05 5.86675e-06 2.135e-08 0.0406559 5.11374e-05 0.541864 1.63267e-05 4.64355e-09 0.00014608 2.84445e-08 2.19953e-05 
3.05359e-10 0.996803 1.36676e-07 4.56011e-10 1.2612e-06 1.07289e-06 1.39951e-06 0.00208698 4.1934e-08 0.000847282 0.000188454 6.60421e-05 1.40677e-09 3.06821e-09 3.84285e-06 
1.19387e-09 0.00247178 2.82967e-05 0.374159 3.23426e-07 4.04449e-08 9.00387e-09 0.602977 1.33636e-07 0.0203551 3.84231e-06 1.95832e-09 1.06261e-06 1.19958e-08 3.08863e-06 
4.00407e-12 0.00736894 1.54293e-06 0.173055 1.78925e-06 9.2098e-12 3.01977e-11 0.815584 0.00181628 1.22742e-06 1.0036e-11 3.58615e-07 0.00217105 4.02323e-11 1.6412e-07 
1.09142e-08 0.88072 0.0173491 0.000377957 0.0037854 2.07785e-05 8.23127e-08 0.0678032 0.0123155 0.0100176 5.9838e-05 0.00414676 5.02813e-08 1.09665e-07 0.00340328 
9.9563e-11 0.000103317 0.693038 9.54255e-05 0.0364934 1.06719e-05 1.27725e-06 9.21149e-05 1.9914e-05 0.269798 0.000277275 4.51075e-05 1.42195e-05 1.0004e-09 1.1254e-05 
5.51492e-11 0.0113215 0.105666 0.045063 0.00018507 1.89559e-06 4.15922e-10 0.361116 0.00650972 0.191491 3.54415e-07 1.22578e-07 0.000924054 5.54132e-10 0.277722 
1.05249e-06 0.941508 0.00737582 4.55491e-05 0.00049132 0.00993494 0.000167568 0.0239773 0.000202041 0.00662289 3.13931e-05 0.000190417 0.000212589 9.37958e-05 0.00914492 
1.72783e-08 0.99029 0.000216023 0.000178065 1.07085e-07 0.00158575 1.30309e-07 0.00301141 0.00096847 0.00295029 4.33073e-08 0.000212593 7.96795e-05 1.7361e-07 0.000506951 
2.66613e-10 0.759976 0.0275754 1.51792e-06 1.65238e-09 6.13241e-10 1.23509e-06 0.101547 0.00607432 0.072472 6.68255e-10 0.00789651 0.00391791 2.6789e-09 0.0205382 
1.60148e-07 0.000211084 0.375825 2.39159e-07 0.166215 3.68359e-07 1.2078e-06 0.414368 0.0386051 0.00360816 4.01405e-07 0.000204075 0.000123719 9.91462e-05 0.000737748 
2.69009e-07 0.869441 0.000928841 0.000791057 0.00120056 0.000416228 2.15714e-05 0.0727744 0.00608561 0.0328177 0.0006067 0.000901247 0.000219175 4.62347e-07 0.0137948 
2.10395e-11 0.940513 1.76047e-07 3.14196e-11 1.30396e-10 4.83932e-11 1.58675e-10 0.0565711 0.00291381 1.06672e-06 5.27346e-11 3.45114e-11 9.69278e-11 2.13516e-08 6.98996e-07 
9.19207e-12 0.996259 8.50933e-05 1.29048e-07 1.76662e-07 1.69354e-08 1.17921e-07 0.00254644 0.000116378 4.28894e-07 0.000174305 1.50779e-11 2.32952e-07 9.23607e-11 0.000817389 
6.43102e-10 0.218357 0.0924995 0.00134457 0.052676 1.71195e-07 1.77495e-06 0.223758 0.119114 0.277556 0.000167086 0.0131987 0.0013256 6.4618e-09 1.8066e-06 
1.12192e-07 0.980579 2.33821e-06 1.18401e-07 8.06576e-07 0.00196681 1.12866e-07 0.00304234 0.00176049 1.59105e-07 0.000319033 1.53472e-06 0.000167194 2.18004e-07 0.0121594 
6.42502e-08 1.56423e-06 0.0101063 0.681467 3.20306e-06 8.91514e-06 2.30376e-06 0.305814 0.000723654 0.000685178 7.02298e-07 0.00115643 4.50822e-06 6.45578e-07 2.52425e-05 
4.54572e-09 0.0922388 0.15314 6.78841e-09 0.000222682 1.04557e-08 3.42828e-08 0.0017455 0.000912924 0.00830869 1.13937e-08 0.00188179 0.0893095 4.56748e-08 0.65224 
5.84187e-09 0.258109 0.177771 0.0181653 0.00069952 0.0372342 3.03974e-05 0.194215 0.0100197 0.271495 7.75226e-07 0.00955409 0.0081934 4.6632e-05 0.0144647 
2.61242e-08 0.00575243 0.00186915 0.000144387 1.61909e-07 6.00885e-08 0.000276029 0.0020431 0.985529 0.00165612 1.31613e-05 0.000544261 0.000469494 2.62492e-07 0.00170192 
4.46201e-08 4.30531e-05 0.0486823 1.40519e-05 0.000371545 0.163318 3.36514e-07 0.00360012 0.202126 0.0688146 7.39858e-06 0.512982 2.05562e-07 4.48337e-07 4.01828e-05 
1.46385e-09 0.978904 1.1039e-06 8.10654e-07 9.07244e-09 8.93966e-06 1.104e-08 4.63052e-05 4.7609e-06 3.28966e-06 0.00153089 2.40117e-09 6.74386e-09 1.696e-05 0.0194829 
1.18346e-07 0.950977 2.53147e-06 9.71487e-06 7.33466e-07 2.72208e-07 8.92534e-07 0.0426999 1.4753e-05 0.00361528 5.0652e-06 1.67475e-05 1.77617e-05 1.18912e-06 0.00263804 
9.10935e-08 0.011722 3.84223e-06 1.07974e-07 1.29339e-06 0.000191271 8.38793e-05 0.000349315 0.983098 1.59952e-06 9.91792e-08 1.04429e-06 6.79369e-07 1.6279e-06 0.00454508 
6.75105e-10 0.760154 1.9971e-07 1.00818e-09 4.18408e-09 1.28585e-06 5.09149e-09 0.000967637 2.26761e-05 0.0206687 1.01773e-06 0.218185 3.11017e-09 6.78337e-09 2.91249e-09 
1.50219e-09 0.740039 0.0918226 4.67953e-06 9.31005e-09 9.04566e-06 1.13291e-08 0.0122562 0.142607 2.50986e-05 3.76516e-09 1.74254e-05 6.92048e-09 1.50938e-08 0.0132186 
8.41575e-08 0.0459968 0.000299526 0.0011815 5.2158e-07 1.93572e-07 6.34696e-07 0.941503 0.000626395 0.00392672 0.000590835 1.38045e-07 0.00213278 8.45604e-07 0.00373993 
3.25984e-06 0.270118 0.0947214 0.0018469 0.0884393 0.00277085 0.000786507 0.0871506 0.0135931 0.059438 1.25484e-05 0.00331806 0.000475317 2.48044e-05 0.377302 
6.27046e-09 0.409655 0.0770549 4.84089e-06 0.00591357 1.44228e-08 7.55501e-06 0.0159003 0.0127365 0.475785 1.57166e-08 3.78215e-05 0.00265662 6.30047e-08 0.000248445 
5.68444e-11 0.45871 0.121132 8.48893e-11 0.000229632 1.24474e-05 4.28708e-10 0.134641 0.131239 0.0626816 1.68138e-06 0.0700448 2.61879e-10 5.71166e-10 0.0213081 
2.34346e-07 0.993645 0.000211633 5.60257e-05 0.000258694 5.39023e-07 1.76739e-06 0.000352584 0.000325659 0.000310244 1.07146e-05 0.000221805 0.00019568 0.00389973 0.000509676 
1.46755e-10 0.598567 0.0931142 5.30223e-07 1.14669e-05 0.0205197 4.69477e-06 0.00234193 0.00196563 0.00482329 0.00171958 0.0142603 1.93141e-06 0.000277368 0.262392 
1.30289e-08 0.902333 0.00020135 1.94568e-08 8.07487e-08 1.72319e-05 8.22371e-06 0.0937742 1.06954e-05 0.00236287 1.21846e-05 2.13714e-08 6.00233e-08 9.58901e-05 0.00118452 
2.02991e-11 0.808206 1.62611e-06 3.03138e-11 1.63675e-07 0.0715677 3.06335e-07 0.0447121 0.0390549 0.0175329 0.00162173 1.38185e-06 3.75e-08 2.03962e-10 0.0173015 
6.25496e-09 0.362578 0.0266455 0.000341258 3.87662e-08 0.000642485 1.28202e-06 0.0558551 0.00464605 0.000711449 0.0085142 4.52851e-06 0.539345 3.41341e-07 0.000715692 
3.85842e-10 0.854571 1.09047e-07 5.76202e-10 1.01995e-06 0.000430909 1.1319e-06 0.00104395 0.00088702 0.0329031 9.46878e-05 0.110064 1.77755e-09 3.87689e-09 3.10574e-06 
1.09313e-06 0.0897892 0.0206084 1.63244e-06 0.0143459 2.51433e-06 8.24415e-06 0.00347674 0.0230678 0.815954 2.73989e-06 0.0306019 0.00187278 0.000172689 9.48521e-05 
2.57165e-08 0.386919 0.132071 0.0135401 0.0285737 0.00216862 1.93948e-07 0.342259 0.00285753 0.00149912 0.000125344 0.0877594 1.18474e-07 2.58396e-07 0.00222603 
2.73846e-10 0.612563 0.0366645 4.0895e-10 9.19901e-05 1.38636e-06 4.75221e-06 0.350571 1.23771e-05 5.342e-05 5.49792e-07 6.91802e-06 4.92145e-06 2.17401e-05 3.19097e-06 
2.49466e-11 1.71035e-05 0.0190789 3.72543e-11 1.54611e-10 6.31237e-07 5.64613e-07 0.543333 0.0488002 0.384125 6.25276e-11 1.70232e-06 1.14928e-10 2.53167e-08 0.0046421 
2.23035e-06 0.791826 0.0434056 0.000395357 0.00370302 4.11946e-05 0.00127083 0.0100739 0.0158171 0.0460643 0.00321567 0.000821526 0.0014919 1.32827e-05 0.0818581 
6.41493e-08 0.211405 0.00188475 0.000273562 0.00354469 0.000505585 4.83799e-07 0.000152138 0.000682701 0.00184494 7.15829e-06 1.05225e-07 0.000325694 6.44563e-07 0.779372 
9.48711e-12 0.00932421 0.294976 0.00138404 1.13886e-06 0.00264621 7.15496e-11 0.0926261 0.550738 0.0105351 1.74516e-08 0.00324343 0.034525 9.53253e-11 2.76568e-07 
2.28008e-11 0.287264 0.00575295 1.50504e-06 1.07822e-05 0.0129161 1.20543e-07 0.694042 3.72617e-06 7.13023e-07 3.42952e-07 8.63985e-07 1.05042e-10 2.29099e-10 6.81681e-06 
2.75544e-09 0.969875 3.38746e-06 4.11486e-09 1.70773e-08 6.33781e-09 2.07809e-08 0.0189556 0.0111313 2.05136e-05 6.90638e-09 4.51978e-09 1.26941e-08 4.34191e-07 1.34511e-05 
1.43756e-08 0.995454 0.000120287 2.1468e-08 8.90951e-08 3.30655e-08 1.08417e-07 0.00278059 0.000423507 0.000728856 3.60318e-08 2.35805e-08 6.62275e-08 1.45888e-05 0.0004776 
1.4383e-11 0.973298 1.20349e-07 2.1479e-11 1.48874e-06 3.30825e-11 1.08473e-10 0.00751426 0.011102 0.00320934 2.52713e-08 2.35926e-11 6.62617e-11 1.45964e-08 0.00487451 
2.36152e-11 0.122523 0.00573103 7.44148e-07 1.02466e-06 2.6621e-07 1.781e-10 0.862271 1.48476e-06 0.00729013 5.91903e-11 1.51111e-07 3.0473e-07 2.37282e-10 0.00218019 
1.16999e-10 0.859993 0.000701206 1.49461e-06 0.000115454 1.45659e-07 0.00346287 0.103856 0.000107271 8.79027e-07 0.000465344 1.91915e-10 0.0311874 1.17559e-09 0.000108941 
1.33561e-07 0.271036 0.00289168 1.99455e-07 0.00907475 0.00057384 6.78287e-05 0.713115 0.000741154 0.00126994 3.34766e-07 2.19082e-07 0.00122697 1.34201e-06 5.76201e-07 
5.97601e-07 0.603432 0.151409 0.000187244 0.0815221 0.00548069 0.000110323 2.30953e-06 0.000256285 0.0529983 0.000212127 0.000931578 0.019239 1.95643e-05 0.0841986 
1.55274e-07 2.25199e-05 0.0428898 0.00187743 4.40057e-05 0.000677434 2.90884e-05 0.000385983 0.000396033 0.0226234 8.69533e-06 0.930595 6.5356e-05 1.56018e-06 0.000383787 
1.43756e-08 0.995454 0.000120287 2.1468e-08 8.90951e-08 3.30655e-08 1.08417e-07 0.00278059 0.000423507 0.000728856 3.60318e-08 2.35805e-08 6.62275e-08 1.45888e-05 0.0004776 
1.69634e-10 0.546737 0.00014336 2.53325e-10 1.05133e-09 3.90177e-10 1.27934e-09 0.410176 4.99744e-06 0.0344109 4.2518e-10 2.78253e-10 7.81494e-10 6.90321e-05 0.00845925 
3.20121e-10 0.381922 0.000761142 4.48933e-06 2.65463e-06 7.36313e-10 2.40065e-07 0.0102235 3.16056e-06 0.00169316 8.02368e-10 6.49231e-05 0.00154738 6.34088e-06 0.603772 
1.14309e-07 0.0251705 0.00817869 0.000631782 7.08451e-07 2.62924e-07 0.0012078 0.902926 0.0426962 0.00724654 5.75887e-05 0.00238148 0.00205433 1.14857e-06 0.00744697 
5.36853e-09 0.299941 0.201937 8.01716e-09 5.05961e-06 4.2918e-06 5.61722e-06 0.00810709 1.7059e-07 0.0255268 2.58428e-06 0.130778 2.47325e-08 5.39423e-08 0.333693 
7.06906e-08 0.00356738 0.795299 1.05567e-07 4.38117e-07 1.62596e-07 5.33132e-07 0.00375906 0.161645 0.00355389 1.77183e-07 0.00188503 0.024175 7.1029e-07 0.00611372 
1.36742e-07 0.0544729 2.91401e-05 1.69914e-06 0.000161357 1.09062e-05 1.03128e-06 0.0569034 1.34197e-05 1.24009e-05 3.42738e-07 0.0024161 0.00936619 0.000274095 0.876337 
2.20214e-09 0.00672693 0.000151951 0.338148 0.0230369 0.0171712 1.6608e-08 0.61215 0.00112893 0.00135651 3.15891e-05 1.18085e-05 9.74696e-06 7.63641e-05 4.15411e-08 
2.97716e-07 0.0132499 0.0014318 0.00306818 0.00258504 6.84781e-07 2.24531e-06 0.959054 0.00161585 0.00574239 7.46213e-07 4.88348e-07 0.00425319 2.99141e-06 0.00899197 
8.16222e-11 0.604458 0.00158497 1.21891e-10 1.09671e-06 1.8774e-10 6.15576e-10 0.333681 0.00048606 0.00559211 2.04582e-10 1.33886e-10 3.76029e-10 0.0532429 0.0009532 
9.48711e-12 0.00932421 0.294976 0.00138404 1.13886e-06 0.00264621 7.15496e-11 0.0926261 0.550738 0.0105351 1.74516e-08 0.00324343 0.034525 9.53253e-11 2.76568e-07 
9.80446e-11 0.934223 0.0397407 2.3811e-06 0.00126698 1.03733e-06 2.53655e-06 0.00199206 0.00590713 0.00930776 0.0012847 0.00459105 1.22797e-06 9.85139e-10 0.00167913 
2.00495e-05 0.792961 0.00216563 0.00540765 0.00216934 0.000456976 7.13773e-05 0.0505845 0.0482828 0.0937765 2.38873e-05 0.00160352 0.00114711 0.00110891 0.000220455 
9.48711e-12 0.00932421 0.294976 0.00138404 1.13886e-06 0.00264621 7.15496e-11 0.0926261 0.550738 0.0105351 1.74516e-08 0.00324343 0.034525 9.53253e-11 2.76568e-07 
2.0466e-09 0.990308 0.00431254 1.677e-06 1.26841e-08 1.85074e-05 1.28285e-05 3.32094e-05 4.01734e-05 9.61784e-05 2.97994e-06 4.83082e-05 9.14089e-06 2.0564e-08 0.0051169 
3.82599e-08 0.730417 9.76752e-06 5.71359e-08 2.37122e-07 1.61334e-05 2.88547e-07 0.000546633 0.000283329 0.010566 2.61511e-05 0.258134 1.76261e-07 3.8443e-07 1.65058e-07 
1.76124e-09 0.993916 0.000202739 5.3395e-05 0.000246703 4.05105e-09 1.32828e-08 0.000337975 0.00031213 0.000297362 9.71625e-06 0.000212343 0.000186628 0.00373755 0.000487811 
1.19801e-08 0.025402 0.0157937 6.95625e-05 1.70271e-07 5.45582e-08 2.77119e-08 0.00375261 0.941456 0.00246564 1.30131e-08 1.3755e-07 0.00375522 2.14261e-07 0.00730416 
4.06725e-08 0.0204616 0.165699 0.00521071 0.00178725 0.00537114 3.20857e-06 0.0439381 0.309194 0.27573 2.26911e-05 0.171118 0.00141636 1.04826e-06 4.73583e-05 
2.54788e-09 0.857548 0.0137393 0.000130365 1.78694e-06 2.37221e-06 1.92155e-08 0.0271636 0.00249082 0.0280761 6.38614e-09 4.17931e-09 0.00217546 6.57006e-08 0.0686722 
9.19207e-12 0.996259 8.50933e-05 1.29048e-07 1.76662e-07 1.69354e-08 1.17921e-07 0.00254644 0.000116378 4.28894e-07 0.000174305 1.50779e-11 2.32952e-07 9.23607e-11 0.000817389 
3.88477e-10 0.319812 1.38263e-06 5.10579e-06 2.40765e-09 2.86022e-06 3.81167e-06 0.639248 1.80729e-06 0.0408419 3.90453e-07 6.37223e-10 7.58844e-05 3.90336e-09 7.0406e-06 
6.6113e-10 0.666731 0.00444628 1.40386e-06 4.09746e-09 1.52067e-09 0.00979645 0.013438 0.112476 0.000232322 5.76168e-07 0.0616677 3.55035e-07 6.64295e-09 0.13121 
7.57554e-12 0.286941 7.75354e-06 7.26072e-06 1.8499e-06 8.12004e-07 9.71832e-08 0.362364 0.0169719 0.282133 2.08884e-07 0.0511422 1.08193e-06 7.6118e-11 0.000429003 
6.37609e-08 0.924371 0.0110172 0.000785363 0.00683282 2.91239e-07 3.71058e-05 0.0249163 0.0274827 0.00447433 9.3224e-07 4.10262e-07 2.46841e-06 9.42957e-08 7.84432e-05 
6.98897e-10 1.67396e-05 9.41617e-07 2.71469e-06 4.33153e-09 1.60754e-09 5.27092e-09 0.989826 8.13268e-07 5.20414e-06 1.75175e-09 0.00120809 3.21978e-09 7.09265e-07 0.00893829 
1.39471e-07 1.28599e-06 0.000136582 6.43089e-05 8.64393e-07 1.23915e-05 2.59716e-05 0.342334 6.44124e-05 0.0844852 4.02976e-05 0.000125207 0.04515 0.0111094 0.51645 
1.38422e-08 0.668741 0.145926 4.35901e-06 0.00284283 1.33959e-05 0.00023285 0.000297753 0.119331 0.0186902 3.46948e-08 0.0432171 6.37701e-08 1.39084e-07 0.000703025 
1.16019e-08 0.101073 0.140587 0.00150517 0.000932717 0.00241276 2.11372e-05 0.187735 0.0526306 0.49181 0.000139154 0.0148736 0.000477511 1.16574e-07 0.00580244 
8.88151e-05 0.753353 0.00523538 0.000720471 0.00114319 0.000163998 9.38936e-05 0.0901944 0.0572886 0.0691144 0.000108133 0.00613939 0.0120676 0.000116182 0.00417283 
8.37075e-12 0.00680285 0.208511 5.73766e-05 0.00224989 0.000360088 1.62645e-06 0.00635155 0.346989 0.0434538 5.89613e-05 0.383359 0.000637623 8.41082e-11 0.00116734 
1.18346e-07 0.950977 2.53147e-06 9.71487e-06 7.33466e-07 2.72208e-07 8.92534e-07 0.0426999 1.4753e-05 0.00361528 5.0652e-06 1.67475e-05 1.77617e-05 1.18912e-06 0.00263804 
3.7093e-07 0.000263508 0.000103947 0.26969 0.000209141 0.027415 2.32609e-05 0.000477114 8.1483e-05 0.390228 9.29719e-07 6.0844e-07 8.046e-05 1.46323e-05 0.311412 
3.12578e-10 0.00202407 0.00915034 0.131004 4.01741e-05 2.94723e-08 2.35739e-09 0.559196 0.00273871 0.0789257 7.19811e-08 0.00108711 0.000233481 3.14074e-09 0.215601 
5.2962e-10 0.998646 7.43652e-06 6.16993e-06 4.03769e-05 1.21818e-09 9.59025e-06 0.0012476 1.03882e-05 1.51351e-05 1.32747e-09 1.04336e-06 1.65939e-05 5.32155e-09 2.28485e-09 
1.11574e-07 0.00145306 0.000151621 1.24677e-05 0.000164229 2.33777e-05 8.41468e-07 0.140253 0.000339674 0.000224906 4.54623e-07 0.805477 0.00241161 1.12108e-06 0.0494866 
8.23111e-11 1.47114e-10 0.10837 0.0708081 5.10136e-10 1.89325e-10 6.20771e-10 0.463932 0.0525643 0.206639 2.06309e-10 0.0612612 0.0364258 8.27051e-10 3.55101e-10 
0.000107335 0.00136198 0.00453519 0.000127166 0.00152553 0.00048881 0.000248283 0.000553883 0.983292 0.00188794 0.00011659 0.00123237 0.000801043 0.00191965 0.00180274 
5.13279e-10 0.930107 6.30504e-07 7.66512e-10 3.18113e-09 1.1806e-09 3.87103e-09 0.0689114 0.000974878 3.81818e-06 1.28651e-09 1.66929e-07 2.36465e-09 8.08196e-08 2.50364e-06 
9.41317e-08 0.944586 1.18652e-05 0.000245092 5.83396e-07 0.00596968 0.000899681 0.00406542 0.00501252 1.69917e-05 2.35937e-07 0.0386166 4.33659e-07 9.45823e-07 0.000574092 
1.43756e-08 0.995454 0.000120287 2.1468e-08 8.90951e-08 3.30655e-08 1.08417e-07 0.00278059 0.000423507 0.000728856 3.60318e-08 2.35805e-08 6.62275e-08 1.45888e-05 0.0004776 
3.7923e-08 0.490652 0.425454 0.00256797 0.0212853 0.000236813 2.86006e-07 0.0116907 0.00343102 0.027966 1.7976e-05 0.00139869 0.00586044 0.00199258 0.00744591 
1.63941e-06 0.600334 0.0312895 0.00120463 0.0210646 0.0259832 0.000123714 0.190546 0.0226919 0.088468 7.91652e-05 0.00658058 0.0090678 0.000352748 0.00221322 
5.27487e-14 5.43541e-05 0.00156067 0.985032 4.25413e-09 1.36677e-05 1.3325e-05 0.00510682 0.00215149 0.00543429 8.20994e-10 0.000574237 5.88475e-05 5.30012e-13 3.78621e-08 
3.02656e-12 3.47851e-06 0.0298941 0.790503 7.19394e-08 1.37038e-08 4.66696e-08 0.130786 6.61527e-07 1.13422e-06 1.38862e-08 0.0488107 1.08021e-07 3.04105e-11 6.40158e-07 
6.75517e-05 0.243449 0.0728195 0.00685572 0.000349003 0.000999671 0.00186092 0.420958 0.059597 0.140253 0.000123849 0.0201836 0.0260342 7.71882e-05 0.00637196 
3.47157e-10 0.99989 2.90481e-06 5.1843e-10 2.15156e-09 7.98499e-10 2.61817e-09 6.71486e-05 1.02273e-05 1.76012e-05 8.70133e-10 5.69445e-10 1.59933e-09 3.52307e-07 1.15336e-05 
1.43756e-08 0.995454 0.000120287 2.1468e-08 8.90951e-08 3.30655e-08 1.08417e-07 0.00278059 0.000423507 0.000728856 3.60318e-08 2.35805e-08 6.62275e-08 1.45888e-05 0.0004776 
8.23096e-08 0.984234 0.00133976 1.22918e-07 5.10127e-07 1.89321e-07 6.2076e-07 0.00515892 7.23393e-05 0.00910784 2.06305e-07 1.35013e-07 3.79195e-07 3.29218e-06 8.18538e-05 
6.27046e-09 0.409655 0.0770549 4.84089e-06 0.00591357 1.44228e-08 7.55501e-06 0.0159003 0.0127365 0.475785 1.57166e-08 3.78215e-05 0.00265662 6.30047e-08 0.000248445 
2.18317e-09 0.728298 7.39035e-05 3.26026e-09 1.35306e-08 5.02154e-09 1.6465e-08 0.0275285 0.000274016 0.243506 5.47202e-09 0.000101348 1.00577e-08 2.19362e-08 0.000217576 
8.06383e-08 0.937392 0.00758456 1.39047e-05 0.00607395 0.000122571 5.09631e-05 0.023931 0.00939485 0.009458 4.94613e-05 0.000281555 0.000831026 9.36919e-06 0.00480645 
1.4762e-10 0.888242 7.46518e-06 5.76727e-07 9.14899e-10 1.74626e-06 8.33935e-05 0.0752934 0.0238485 0.00735467 5.60053e-06 2.17378e-06 0.000972538 1.48327e-09 0.00418775 
3.79402e-08 0.161206 0.0255758 0.000119439 0.00059478 8.72668e-08 2.86137e-07 0.0012175 0.0044399 0.0153421 9.50956e-08 0.000524582 1.74788e-07 3.81219e-07 0.790979 
3.55443e-07 0.0452627 0.078935 5.30805e-07 2.20291e-06 8.17558e-07 2.68067e-06 0.0131379 0.000125685 9.75442e-05 8.90901e-07 0.000143086 1.6375e-06 3.57144e-06 0.862285 
1.02181e-08 0.328523 0.271766 1.35694e-06 0.0797987 1.82994e-05 0.000127417 0.0513205 1.30976e-05 0.216005 6.72403e-05 0.00192664 0.0503362 1.0296e-05 8.57404e-05 
1.79854e-05 0.82446 0.0495083 0.0308699 0.00275279 0.000559206 4.12223e-05 0.0202642 0.0343436 0.00396882 0.000933373 0.000804295 0.000683761 0.00244135 0.0283512 
4.63266e-11 0.943353 0.00480706 6.91823e-11 2.87116e-10 1.06556e-10 3.49384e-10 8.96069e-06 0.00109319 0.0507363 1.16115e-10 2.8124e-07 2.13424e-10 4.70138e-08 1.53911e-06 
5.42637e-09 0.968201 0.00052416 0.000147765 0.000380704 1.24813e-08 4.09244e-08 0.0192476 0.00314122 0.00281606 0.000335171 8.90094e-09 0.000587792 5.45235e-08 0.00461797 
1.70018e-09 0.933691 1.42262e-05 2.53899e-09 1.05372e-08 3.91062e-09 1.28224e-08 0.0661004 5.00876e-05 8.6201e-05 4.26144e-09 2.78883e-09 7.83265e-09 1.72541e-06 5.64853e-05 
1.19801e-08 0.025402 0.0157937 6.95625e-05 1.70271e-07 5.45582e-08 2.77119e-08 0.00375261 0.941456 0.00246564 1.30131e-08 1.3755e-07 0.00375522 2.14261e-07 0.00730416 
4.21703e-12 0.00426097 1.428e-08 0.00144029 2.61357e-11 9.69965e-12 3.18039e-11 0.00678824 2.16392e-10 0.00012345 1.05698e-11 6.91725e-12 1.31735e-07 4.23722e-11 0.987387 
2.23827e-06 0.00344139 0.000158229 3.34254e-06 0.00342127 5.64778e-05 0.000192833 0.00270627 0.000460196 0.941122 5.61011e-06 0.000259909 0.000192563 0.000827676 0.0471502 
4.68726e-06 0.136673 0.59504 0.00914381 0.00590328 0.000116821 1.00626e-05 0.0799411 0.0231293 0.106294 4.54426e-05 0.00868113 0.000138609 2.29816e-05 0.0348556 
9.16484e-06 0.76165 0.000273998 7.83607e-05 5.68006e-05 2.10802e-05 6.91191e-05 0.000362563 0.234093 7.98255e-05 2.29713e-05 1.50332e-05 0.00175236 9.20871e-05 0.00142364 
9.48711e-12 0.00932421 0.294976 0.00138404 1.13886e-06 0.00264621 7.15496e-11 0.0926261 0.550738 0.0105351 1.74516e-08 0.00324343 0.034525 9.53253e-11 2.76568e-07 
1.19961e-08 0.973841 0.00114029 1.79144e-08 7.43475e-08 0.000141092 9.04714e-08 0.00659338 7.12421e-05 0.0141973 3.12544e-05 0.00042914 5.52651e-08 2.55011e-06 0.00355226 
1.35026e-08 0.996318 1.64393e-05 0.000466034 8.36846e-08 6.26938e-05 1.01833e-07 0.0029164 1.94545e-05 2.36207e-05 3.38437e-08 1.67944e-05 6.22057e-08 1.35672e-07 0.000160352 
2.0143e-08 0.976941 0.0215648 1.64384e-05 1.2484e-07 4.63312e-08 1.51914e-07 0.000129485 8.71487e-06 5.45527e-05 0.00120235 3.30408e-08 2.97101e-05 2.02394e-07 5.20267e-05 
3.52776e-09 0.919863 0.00504863 1.61673e-06 3.43352e-06 8.11425e-09 2.66056e-08 0.0631932 0.00100258 0.00615515 8.84218e-09 2.94485e-06 1.62522e-08 7.45307e-08 0.0047294 
2.75974e-08 0.000218031 0.00200124 0.522594 1.8012e-06 9.16318e-08 1.20433e-05 0.431752 3.60371e-06 0.00319809 0.000101444 0.00327969 2.90017e-06 2.08997e-05 0.0368138 
9.48711e-12 0.00932421 0.294976 0.00138404 1.13886e-06 0.00264621 7.15496e-11 0.0926261 0.550738 0.0105351 1.74516e-08 0.00324343 0.034525 9.53253e-11 2.76568e-07 
1.63984e-08 0.0193291 0.0444604 7.50227e-06 0.226556 0.00946141 1.23673e-07 0.00676002 0.0260841 0.00849598 0.000200545 0.6247 0.00339888 0.0240973 0.00644897 
4.61506e-11 0.392036 0.0607798 1.58047e-07 1.08194e-07 5.70781e-07 3.02226e-07 0.307207 0.0372398 0.164842 1.44481e-08 5.95684e-07 0.017691 2.07428e-08 0.0202018 
4.30428e-11 0.00187772 8.0861e-08 6.42784e-11 2.66765e-10 0.000247293 3.24618e-10 0.0348142 1.23206e-06 0.0074032 4.03662e-07 7.06036e-11 0.955656 2.31542e-07 1.85692e-10 
7.01617e-09 0.776274 0.057045 1.04777e-08 4.34838e-08 1.6138e-08 5.29143e-08 0.0228452 0.00768082 2.09855e-05 1.28842e-06 7.77384e-06 8.10931e-07 2.45998e-05 0.136099 
2.07451e-11 0.995822 0.00297005 1.14657e-07 1.28571e-10 1.14566e-07 0.000723557 1.62242e-06 7.74858e-06 1.31511e-06 0.000471364 4.32195e-07 3.72823e-07 2.08444e-10 1.35149e-06 
3.41369e-10 0.00384756 0.0450471 0.385176 2.44945e-05 0.000567111 1.84984e-07 0.514926 0.00499877 0.0439881 3.93119e-07 6.44632e-06 0.00141565 3.43003e-09 1.60959e-06 
7.20878e-11 0.521296 0.00021975 8.98734e-07 4.46776e-10 2.12316e-06 6.70964e-07 0.469388 0.000568519 0.00391814 6.16821e-05 1.18246e-10 1.33573e-05 1.15715e-08 0.00453048 
1.23595e-08 0.461196 0.0540871 0.00024045 4.59374e-05 9.49131e-08 9.32126e-08 0.0078613 0.062208 0.00878201 4.8048e-06 0.00620962 0.0154221 1.24187e-07 0.383942 
1.18346e-07 0.950977 2.53147e-06 9.71487e-06 7.33466e-07 2.72208e-07 8.92534e-07 0.0426999 1.4753e-05 0.00361528 5.0652e-06 1.67475e-05 1.77617e-05 1.18912e-06 0.00263804 
1.52475e-11 0.0430488 0.000623514 0.221345 7.74909e-05 1.49749e-09 1.14993e-10 0.71719 0.00421939 0.0116711 3.44082e-08 7.51492e-07 0.000261481 1.32272e-05 0.00154944 
2.17848e-09 0.19788 0.179562 3.25326e-09 2.3046e-05 9.51784e-07 1.64296e-08 0.128746 0.019233 0.0983792 5.46026e-09 3.57338e-09 1.45368e-05 1.30757e-05 0.376147 
1.62911e-11 1.02786e-06 2.61099e-05 0.407792 1.98915e-06 3.74714e-11 1.29019e-06 0.592029 1.82952e-05 3.13682e-05 3.8387e-07 7.75517e-05 2.98714e-06 1.63691e-10 1.7704e-05 
5.65652e-11 0.814446 4.73306e-07 8.44724e-11 3.50572e-10 1.30106e-10 4.26602e-10 0.0831632 1.66642e-06 0.102387 1.41778e-10 9.27847e-11 2.60593e-10 5.74044e-08 1.87927e-06 
2.69336e-07 0.00395357 0.105349 3.35216e-05 1.66925e-06 0.000909931 3.68765e-05 0.870219 0.00167368 0.0128347 1.61159e-05 0.000862404 0.00186527 0.000126504 0.00211749 
1.21218e-06 0.963018 0.00629598 1.81022e-06 7.51269e-06 2.78815e-06 9.14198e-06 0.0169151 0.00563936 0.00808068 3.03828e-06 1.98835e-06 5.58444e-06 1.21798e-05 5.2295e-06 
4.02226e-12 0.351574 0.260639 0.0031496 1.8223e-06 0.00112853 3.0335e-11 0.212202 0.0563273 0.102096 1.79352e-06 0.0113652 0.000363665 4.04151e-11 0.00115096 
9.19207e-12 0.996259 8.50933e-05 1.29048e-07 1.76662e-07 1.69354e-08 1.17921e-07 0.00254644 0.000116378 4.28894e-07 0.000174305 1.50779e-11 2.32952e-07 9.23607e-11 0.000817389 
1.72354e-07 0.169433 0.000535938 0.000126543 0.0009058 5.54043e-05 0.00164504 0.0311438 0.000312797 5.9951e-05 0.00056702 0.000343098 7.94025e-07 1.73179e-06 0.794868 
9.48711e-12 0.00932421 0.294976 0.00138404 1.13886e-06 0.00264621 7.15496e-11 0.0926261 0.550738 0.0105351 1.74516e-08 0.00324343 0.034525 9.53253e-11 2.76568e-07 
1.10922e-09 0.99848 3.15916e-05 6.15342e-06 1.29572e-05 0.000124964 8.65033e-06 0.000898131 4.29167e-05 2.04481e-05 6.56994e-05 1.81946e-09 1.11091e-05 1.11453e-08 0.000297594 
4.61825e-06 0.998267 4.4823e-05 6.89672e-06 2.86224e-05 1.06225e-05 3.48298e-05 0.000936653 0.000145769 0.000247986 1.15754e-05 7.57537e-06 2.1276e-05 5.12533e-05 0.000180258 
2.5481e-12 0.0151013 0.664932 0.00277693 0.00504726 0.000789939 1.31939e-08 0.0532082 0.134638 0.0693488 1.40946e-05 0.0527091 0.00124336 2.56029e-11 0.000191734 
1.72549e-07 0.000901641 0.73079 0.000549557 1.06464e-05 1.59592e-06 4.34734e-05 0.000866406 0.0316932 0.210101 2.28057e-06 0.024933 1.51772e-05 1.73375e-06 9.0483e-05 
6.27046e-09 0.409655 0.0770549 4.84089e-06 0.00591357 1.44228e-08 7.55501e-06 0.0159003 0.0127365 0.475785 1.57166e-08 3.78215e-05 0.00265662 6.30047e-08 0.000248445 
8.68124e-08 0.281356 0.0378898 0.000128061 0.000222614 0.047641 6.54719e-07 0.528305 0.000101965 0.07099 0.00582018 0.0111827 2.77226e-05 0.0102137 0.00611985 
4.44121e-11 0.083161 4.691e-08 0.00640121 2.75252e-10 1.02153e-10 3.34946e-10 0.0297815 2.31657e-06 6.19271e-05 1.11317e-10 2.77638e-07 0.00128406 4.46247e-10 0.879308 
1.66844e-08 0.570507 2.04737e-05 0.0902315 2.74865e-05 3.83761e-08 1.2583e-07 8.21037e-05 8.51266e-06 0.194057 4.18188e-08 5.39579e-06 0.000219455 0.000225575 0.144615 
6.76525e-09 0.00192497 3.51382e-05 8.08339e-05 5.03564e-05 4.35859e-05 5.10219e-08 6.51853e-05 5.4026e-05 9.11518e-05 7.46268e-05 1.10971e-08 3.11671e-08 0.99758 2.91862e-08 
1.94138e-06 0.00387764 0.000422726 2.89918e-06 1.2032e-05 4.46539e-06 0.000590577 0.00263012 0.000477402 0.000944853 4.86598e-06 0.000200716 0.000428413 1.95067e-05 0.990382 
1.16896e-10 0.983975 4.16047e-07 1.64112e-06 7.24484e-10 2.15368e-07 8.90422e-08 1.29481e-05 8.70074e-07 5.45428e-06 0.00041116 1.91746e-10 2.96247e-06 1.17456e-09 0.0155896 
6.43102e-10 0.218357 0.0924995 0.00134457 0.052676 1.71195e-07 1.77495e-06 0.223758 0.119114 0.277556 0.000167086 0.0131987 0.0013256 6.4618e-09 1.8066e-06 
3.38492e-08 0.33601 8.77703e-05 5.05491e-08 2.09786e-07 7.78569e-08 0.000231765 0.000236441 8.98087e-05 0.000187325 0.000165413 0.000681817 5.53125e-05 0.00021064 0.662044 
5.13629e-08 5.66726e-05 0.974933 7.67034e-08 3.1833e-07 1.1814e-07 3.87367e-07 3.58971e-05 0.0245132 0.000193237 1.28739e-07 8.42512e-08 0.000265624 5.16088e-07 2.21586e-07 
1.58446e-10 0.773825 5.20548e-05 4.51265e-06 0.00356646 0.012795 8.3233e-07 0.0258847 0.000526815 0.15915 0.00588782 0.00237307 8.00032e-06 1.59205e-09 0.0159256 
6.02919e-11 0.57443 0.0188159 0.059043 1.60715e-06 1.38678e-10 1.3187e-05 0.0702805 0.00409012 0.0108059 4.38396e-07 9.88975e-11 0.0396767 6.05805e-10 0.222842 
9.13292e-10 0.28945 0.0354546 0.0319607 5.81914e-05 8.61287e-06 1.98305e-05 0.303554 0.186931 0.125353 2.86384e-06 1.35042e-05 0.000871944 7.089e-06 0.0263145 
4.33344e-10 0.0985902 0.371267 2.07737e-06 0.00173193 1.56564e-06 3.26818e-09 0.00705484 1.8317e-06 0.162285 0.00106178 0.235276 0.122009 4.35419e-09 0.00071949 
1.57013e-10 0.470399 1.14152e-05 2.34477e-10 4.28266e-06 9.67911e-06 1.18415e-09 0.11544 5.19771e-06 0.41412 3.93545e-10 4.22408e-06 1.15808e-06 1.57764e-09 4.67453e-06 
4.12158e-13 8.19654e-05 0.000504289 0.911163 0.08515 0.000132338 3.1084e-12 0.0028274 0.000141099 1.02911e-08 3.97518e-08 1.48582e-08 1.22566e-08 4.14131e-12 6.34134e-11 
1.63984e-08 0.0193291 0.0444604 7.50227e-06 0.226556 0.00946141 1.23673e-07 0.00676002 0.0260841 0.00849598 0.000200545 0.6247 0.00339888 0.0240973 0.00644897 
9.48711e-12 0.00932421 0.294976 0.00138404 1.13886e-06 0.00264621 7.15496e-11 0.0926261 0.550738 0.0105351 1.74516e-08 0.00324343 0.034525 9.53253e-11 2.76568e-07 
9.91516e-11 0.788624 8.29645e-07 1.48069e-10 6.14509e-10 2.2806e-10 7.47779e-10 0.0844041 2.92102e-06 0.123671 2.48519e-10 1.6264e-10 4.56786e-10 1.00623e-07 0.0032974 
9.48711e-12 0.00932421 0.294976 0.00138404 1.13886e-06 0.00264621 7.15496e-11 0.0926261 0.550738 0.0105351 1.74516e-08 0.00324343 0.034525 9.53253e-11 2.76568e-07 
2.09589e-07 0.311153 0.006255 0.000489048 0.0010521 4.49865e-07 0.000161942 0.314572 0.0119128 0.0660359 0.000308747 0.00190162 0.28612 3.58379e-05 8.46656e-07 
9.03961e-07 0.890313 0.0213234 1.34994e-06 5.60245e-06 2.07921e-06 6.81746e-06 0.0733501 0.014638 0.000202027 2.26574e-06 1.48278e-06 4.16449e-06 1.3074e-05 0.000135847 
1.46755e-10 0.598567 0.0931142 5.30223e-07 1.14669e-05 0.0205197 4.69477e-06 0.00234193 0.00196563 0.00482329 0.00171958 0.0142603 1.93141e-06 0.000277368 0.262392 
2.19093e-11 0.0342576 1.56758e-06 0.135647 1.35787e-10 5.39264e-07 2.31495e-07 0.829665 8.18345e-06 0.000418064 1.10378e-08 4.5645e-07 3.93746e-07 2.20142e-10 1.42734e-06 
6.14344e-11 0.957832 0.0031701 1.56056e-07 3.8075e-10 1.72407e-06 1.20511e-06 5.49859e-06 9.95447e-07 1.97345e-06 2.77323e-07 4.13264e-07 8.77656e-07 6.17285e-10 0.0389843 
3.38588e-09 0.15738 0.101402 1.59495e-05 2.09846e-08 7.78792e-09 2.55356e-08 0.443729 0.0472485 0.24686 8.48657e-09 0.000393165 1.55986e-08 1.25422e-06 0.00297112 
8.84141e-09 0.84792 9.77866e-05 1.32034e-08 5.47961e-08 2.03362e-08 6.66799e-08 0.151868 3.35927e-05 7.64933e-05 2.21606e-08 1.45027e-08 4.07319e-08 8.88374e-08 3.85243e-06 
2.4623e-10 0.997165 2.11693e-05 0.000317703 0.000380904 3.01308e-05 1.85701e-09 0.000148786 8.13205e-06 0.00190522 9.75184e-06 4.03894e-10 1.13437e-09 2.47409e-09 1.27482e-05 
4.84378e-05 0.803456 0.00407566 0.00386243 0.00107863 0.00418965 0.000256935 0.0600466 0.0436699 0.0779161 0.000127682 0.000321892 0.00048861 0.000220315 0.000241105 
3.85842e-10 0.854571 1.09047e-07 5.76202e-10 1.01995e-06 0.000430909 1.1319e-06 0.00104395 0.00088702 0.0329031 9.46878e-05 0.110064 1.77755e-09 3.87689e-09 3.10574e-06 
2.71008e-09 0.856282 4.72853e-07 4.04713e-09 2.15797e-06 1.82924e-06 0.000251665 0.139366 1.78011e-05 0.00365414 1.10194e-06 3.77805e-08 1.24852e-08 0.000114283 0.000308452 
1.3411e-11 1.29916e-06 5.1202e-07 0.594033 1.02242e-06 0.00972343 1.01244e-07 0.396212 4.01328e-07 2.60298e-05 3.36141e-11 2.19983e-11 3.89298e-07 5.40354e-08 1.52169e-06 
9.48711e-12 0.00932421 0.294976 0.00138404 1.13886e-06 0.00264621 7.15496e-11 0.0926261 0.550738 0.0105351 1.74516e-08 0.00324343 0.034525 9.53253e-11 2.76568e-07 
1.10202e-10 0.982288 0.0015685 1.64571e-10 6.82992e-10 2.53476e-10 8.31114e-10 2.13157e-05 3.24655e-06 5.58732e-06 2.76215e-10 1.80765e-10 5.07692e-10 1.11836e-07 0.016113 
1.48416e-10 0.877989 0.0831655 9.79668e-06 7.01843e-05 4.26751e-06 1.11932e-09 0.0386806 2.42545e-05 4.64125e-06 2.23236e-06 5.62389e-06 6.83744e-10 1.49126e-09 4.43723e-05 
5.30072e-08 0.330268 0.112088 0.0018668 2.36212e-05 2.23816e-05 3.99768e-07 0.369533 0.0807277 0.0978958 1.31036e-06 0.00514187 0.00235173 5.32609e-07 7.80549e-05 
