0.576457 0.00054784 0.0144834 0.0131781 0.000334496 0.0630406 4.06919e-07 0.00521225 0.0486805 0.0689316 6.91959e-06 0.206882 0.000478754 2.32805e-09 0.00176675 
0.273524 0.00401781 0.13403 0.0274138 8.13812e-05 0.127538 0.000216637 0.0355216 0.0546619 0.217718 0.00611311 0.11215 0.00297549 0.00368184 0.000356223 
0.423153 0.0340935 0.0655544 0.0187799 0.0112727 0.0597947 0.0108628 0.0512079 0.170228 0.093467 0.0020629 0.0351814 0.0075045 0.000908295 0.0159287 
0.580634 0.00445439 0.0258026 0.00450692 2.22949e-05 0.118374 0.000294463 0.0346396 0.120781 0.0553074 0.0043197 0.0415612 0.000610362 8.81035e-07 0.00869086 
0.479038 0.015185 0.00189733 0.000830825 0.00396182 0.166655 7.47616e-05 0.0230904 0.247313 0.0304399 3.89569e-05 0.0124989 0.000309041 2.89007e-06 0.0186645 
0.777553 0.00315474 0.000421818 6.5256e-08 8.87408e-09 0.00130421 1.11304e-09 0.00218931 0.0166611 0.198396 1.57563e-09 3.83149e-05 9.11446e-09 1.12179e-11 0.000281475 
0.366226 0.0441508 0.105759 0.0141166 0.00749795 0.0492788 0.000663896 0.126645 0.124593 0.0901625 0.00104106 0.0315245 0.0129568 0.0125907 0.0127925 
0.395219 0.157909 0.112937 0.0226031 0.000253844 0.0711689 0.000203773 0.0199663 0.0940558 0.0343269 0.01313 0.0430844 0.00588622 0.000137341 0.0291182 
0.443975 0.0131341 0.0188019 0.00639216 0.0216787 0.223684 5.28808e-06 0.0172376 0.178672 0.0570965 0.000129965 0.0132633 0.000349595 1.76432e-10 0.00557974 
0.423286 0.0617204 0.0047049 0.0148776 0.00126386 0.256167 1.05958e-05 0.0380403 0.032715 0.149576 2.06488e-05 0.00811542 0.00118547 1.13258e-05 0.00830528 
0.39791 0.100169 1.87623e-05 0.0139965 2.28343e-05 0.26628 5.84444e-05 0.0259195 0.0716722 0.119253 0.000110548 0.00381537 9.96437e-05 2.30796e-09 0.000673637 
0.313677 0.120399 0.0106348 0.000134941 0.0551921 0.0125085 0.183847 0.00611265 0.238257 0.00377174 0.0135378 0.0254376 0.000600237 1.0936e-08 0.0158884 
0.454138 0.0357782 0.172141 5.75512e-05 0.000856967 0.0154907 1.31676e-06 0.0472123 0.0905753 0.154204 1.15455e-06 0.0150242 0.0141855 3.70314e-06 0.000330002 
0.412375 0.00393447 0.0673983 0.154707 0.000390069 0.076406 2.79361e-05 0.0276741 0.0301331 0.194781 0.00152632 0.0212165 0.00450434 2.20124e-05 0.00490339 
0.369579 0.019287 0.00742149 0.0131704 6.07012e-07 0.0191585 1.81791e-05 0.00882925 0.310651 0.239421 1.9664e-08 0.00799314 0.00105609 5.48935e-08 0.0034139 
0.418551 0.00723665 0.100114 0.000805416 0.00063039 0.0502556 3.7928e-06 0.0199464 0.271388 0.0521429 0.000365681 0.0729951 0.00343656 0.000272165 0.0018558 
0.391673 0.21208 0.00144356 0.00507758 0.000515092 0.147876 0.000157102 0.041937 0.0683026 0.113408 0.000209839 0.00556189 8.20811e-05 1.65179e-08 0.0116766 
0.62733 0.000934372 0.00334458 0.0610976 0.000380739 0.0133122 1.43276e-05 0.0411721 0.0532329 0.0836934 1.10413e-05 0.109911 0.00252743 6.94508e-07 0.00303828 
0.484104 0.0141967 0.17288 0.00397223 0.00025868 0.00170294 0.000237371 0.0774919 0.121051 0.0601364 0.00439906 0.0525026 0.00613147 6.84515e-05 0.00086706 
0.28982 0.000486539 0.0781936 0.0270044 1.55021e-06 0.0280494 0.00046662 0.00426254 0.272702 0.164206 0.000749085 0.13026 0.000144022 1.86834e-07 0.0036544 
0.821158 0.000459904 0.00522378 0.0207613 0.000238487 0.0247958 1.4784e-06 0.0146499 0.0175939 0.0430714 5.76724e-05 0.0499134 0.000382517 4.13603e-05 0.00165153 
0.280589 0.000333661 0.074493 0.0731152 0.000742596 0.00671243 8.41196e-08 0.0616596 0.198199 0.149214 0.00483347 0.103635 0.042144 2.5956e-08 0.00432843 
0.302795 0.012588 0.0492831 0.024703 0.00284172 0.109007 4.02319e-05 0.0304122 0.256654 0.18084 0.00695294 0.0152368 0.000579664 3.72221e-07 0.00806578 
0.278427 0.00278825 0.0107055 0.00130521 0.00111652 0.131678 0.000628033 0.0667295 0.194953 0.0616275 0.00285863 0.22266 0.00100438 0.0225495 0.000968681 
0.617741 0.00198612 0.0253954 0.0257517 0.00037109 0.106752 3.74001e-06 0.012298 0.0934569 0.104388 0.0001949 0.00456615 0.00555615 1.62404e-06 0.0015372 
0.821158 0.000459904 0.00522378 0.0207613 0.000238487 0.0247958 1.4784e-06 0.0146499 0.0175939 0.0430714 5.76724e-05 0.0499134 0.000382517 4.13603e-05 0.00165153 
0.629124 0.00333757 0.0116699 0.0467793 0.000659903 0.0959399 2.09274e-06 0.00448134 0.149031 0.0534249 0.000219536 0.00281631 0.000514981 6.564e-07 0.00199854 
0.421183 0.0171273 0.100353 0.00415822 0.000734116 0.151001 0.000356234 0.0583451 0.0626962 0.107439 0.0319749 0.0237121 0.00145791 1.27896e-06 0.0194608 
0.513195 0.0433083 0.0055193 3.04987e-05 0.000902631 0.0957139 0.000292518 0.000736246 0.326617 0.0110497 0.000247457 0.00211756 7.80266e-05 1.94573e-12 0.000191509 
0.519367 0.00496166 0.0113314 0.140806 9.0095e-05 0.164552 0.000134921 0.0267055 0.0827463 0.0256709 0.000315289 0.0231749 8.74042e-05 2.90442e-07 5.64307e-05 
0.89083 0.0605996 1.14047e-05 1.83114e-05 0.00132556 4.83481e-05 4.39861e-05 1.94687e-05 0.0154633 0.0264271 6.98533e-06 0.000371051 2.36317e-05 2.39895e-06 0.00480864 
0.47103 0.0353954 0.239144 0.00369286 1.55674e-05 0.0277706 0.000172886 0.00831235 0.0987023 0.0922111 0.000293695 0.0146602 0.00249323 0.00565011 0.000455766 
0.46521 0.00408473 0.0196295 0.149488 2.35726e-07 0.103457 5.42173e-08 0.029631 0.0600221 0.129901 0.000650541 0.0317729 0.000561803 1.12257e-06 0.00558973 
0.507777 0.0296681 0.00152319 0.0336824 2.08981e-05 0.0758552 3.57296e-06 0.0478474 0.104917 0.193075 7.42066e-06 0.00277053 0.000417972 7.71814e-07 0.00243367 
0.424686 0.00017312 0.0224705 0.000517101 2.29213e-08 0.0682098 1.45488e-07 0.0106542 0.128563 0.280432 0.000110023 0.0631911 0.000574316 4.55208e-11 0.000418504 
0.585792 0.00304821 0.0197017 0.00560728 4.19958e-05 0.00905074 0.000630697 0.011462 0.134633 0.0367789 3.10469e-06 0.187243 0.00179632 1.41594e-06 0.00420978 
0.459321 0.0274451 0.0405112 0.0114985 0.00384065 0.185727 0.000559777 0.118058 0.045267 0.102354 0.000568057 0.00380209 0.00067936 2.48321e-06 0.000366857 
0.598114 0.00992383 0.0624959 0.00395515 5.41761e-05 0.00441279 7.26348e-06 0.0169143 0.133676 0.0318509 7.52882e-05 0.117242 0.00211218 0.000165513 0.019 
0.347687 0.0622283 0.169369 0.0226272 3.21547e-06 0.220984 8.93429e-05 0.0256929 0.0168082 0.0736816 0.00159468 0.0458011 0.00432751 1.09844e-07 0.00910504 
0.793942 0.0230447 0.0743844 0.0002346 4.64318e-05 0.00241671 1.21808e-05 0.00218192 0.0830868 0.00699012 0.000606454 0.0112883 2.40219e-05 3.98969e-06 0.00173779 
0.659236 0.00148329 0.00428533 0.00125784 0.00035597 0.0743991 2.73954e-06 0.0202213 0.107249 0.0861033 2.59639e-06 0.0447012 9.62976e-05 2.71283e-08 0.000606698 
0.442911 0.00766599 0.0261338 0.00943736 0.00149046 0.3176 6.49058e-05 0.0569136 0.0693479 0.0523527 0.00355447 0.0115054 8.87311e-05 1.81211e-09 0.000933923 
0.576457 0.00054784 0.0144834 0.0131781 0.000334496 0.0630406 4.06919e-07 0.00521225 0.0486805 0.0689316 6.91959e-06 0.206882 0.000478754 2.32805e-09 0.00176675 
0.40616 0.0287177 0.107536 0.000236625 1.07002e-05 4.31008e-05 7.66661e-06 0.0244375 0.210365 0.153683 0.0626007 0.00564643 0.000339145 2.66628e-05 0.000189445 
0.665633 0.0509706 0.00599544 0.00164694 0.000195871 0.0954006 1.23621e-05 0.047372 0.059496 0.0393465 0.000182518 0.0112661 0.0151806 9.98095e-08 0.00730137 
0.488697 0.00322998 0.0202139 0.00157803 5.08082e-05 0.013182 1.33555e-05 0.114378 0.157313 0.0743848 1.98306e-05 0.0959263 0.0303809 0.000591761 3.97525e-05 
0.342271 0.00596798 0.189465 0.00597648 0.000142206 0.0449702 0.000252211 0.046173 0.25113 0.0199356 3.32495e-05 0.0850858 0.00216082 1.25359e-06 0.00643469 
0.347978 0.00225845 0.0153432 0.00501188 0.00034406 0.219801 3.84565e-06 0.0150317 0.0729983 0.293406 0.00846376 0.0156059 0.00119639 0.00012566 0.00243212 
0.288713 0.0463391 0.0304921 0.0184441 0.00139353 0.155806 0.00269843 0.0288182 0.143419 0.254963 0.00116844 0.0238708 0.00031078 0.000366378 0.00319773 
0.53545 0.0590243 2.97142e-07 0.0103356 4.44196e-05 0.00395673 6.20408e-06 0.0824058 0.220977 0.0852374 0.000452865 0.00175153 7.45114e-11 6.97493e-08 0.000358083 
0.690944 0.00924872 0.0201862 1.21546e-09 0.0842783 2.01438e-06 6.13829e-09 0.00215773 0.00589493 5.77139e-10 9.59662e-06 0.187222 7.31776e-07 3.77486e-05 1.79563e-05 
0.341056 0.00732824 0.0114485 0.0430692 0.000359807 0.22193 4.28845e-06 0.00593434 0.286107 0.0585882 4.05447e-05 0.0143151 0.000184032 2.11266e-08 0.0096339 
0.717311 0.00142929 0.00267505 0.0113393 0.000412384 0.0543676 1.42507e-05 0.0070553 0.0754821 0.0327314 2.64693e-05 0.0881525 0.000366212 7.88732e-10 0.00863771 
0.54671 0.00134909 0.00215809 0.000878324 0.00136608 0.244388 6.32108e-06 0.0034683 0.129271 0.055713 3.68556e-05 0.012276 5.40621e-05 6.27496e-10 0.00232538 
0.499833 0.0872441 0.00675518 0.0198345 0.0099603 0.00930721 0.293644 0.00722096 0.0208321 0.0188953 0.00217124 0.01606 0.00437846 2.32648e-07 0.00386312 
0.34372 0.0145373 0.0186603 0.00195293 0.00013695 0.104563 0.000455347 0.0391878 0.0656266 0.329322 7.21503e-05 0.0559705 0.00145456 3.6046e-11 0.0243412 
0.234152 0.0340997 0.167082 0.0178509 0.0055502 0.0328502 0.000832505 0.0968556 0.0918083 0.176997 0.00740402 0.114583 0.0117129 0.00150672 0.00671345 
0.295347 0.0408236 0.12792 0.00020542 0.000117701 0.00780162 2.77356e-05 0.0614634 0.269914 0.157535 0.000388497 0.0303724 0.00677054 1.88004e-10 0.00131346 
0.237622 0.0293824 0.210878 0.0335207 0.0247593 0.0891652 0.000119588 0.0146915 0.213286 0.0739888 0.00198913 0.051324 0.00401857 1.89216e-06 0.0152535 
0.286104 0.144711 0.00957882 0.00222952 0.00539202 0.00157085 0.281036 0.0010674 0.244575 0.00760524 0.0032077 0.00665917 9.75428e-05 0.00112955 0.00503656 
0.431423 0.0506048 0.00884762 0.000641516 0.229447 0.0434746 2.84633e-06 0.00983217 0.0701029 0.0901816 6.85391e-08 0.0436604 0.000122598 3.89646e-07 0.021658 
0.347282 0.017689 0.0275528 0.0203424 0.000361245 0.0528401 9.78092e-05 0.123796 0.106601 0.228209 0.000369252 0.0574399 0.00297157 0.000446016 0.0140016 
0.305947 0.000504993 0.0125206 0.00824422 2.21549e-05 0.0860758 9.67152e-07 0.019733 0.221727 0.202261 2.48146e-05 0.10005 0.000450252 7.21175e-05 0.0423665 
0.644332 0.313472 0.0101866 0.000383054 7.41686e-06 0.00191589 7.13689e-07 0.00531169 0.0216621 0.00119559 1.62979e-06 0.000819242 0.000604213 4.52354e-08 0.000107739 
0.441946 0.0116935 0.0891051 0.0198385 0.128532 0.0272045 1.12617e-05 0.0194083 0.0780475 0.0179391 0.000620965 0.141279 0.00127209 0.000118733 0.0229829 
0.725856 2.82174e-11 5.42031e-07 0.00359167 3.22995e-07 1.99762e-07 1.19068e-10 0.170557 1.11391e-07 0.087939 3.95714e-11 0.00973138 7.34603e-09 1.58634e-10 0.00232429 
0.573723 0.00615368 0.000477291 0.0351642 1.0857e-05 0.0583135 6.01895e-05 0.0586659 0.0528621 0.208481 8.93184e-06 0.00258328 0.00320031 1.16328e-11 0.000295532 
0.777553 0.00315474 0.000421818 6.5256e-08 8.87408e-09 0.00130421 1.11304e-09 0.00218931 0.0166611 0.198396 1.57563e-09 3.83149e-05 9.11446e-09 1.12179e-11 0.000281475 
0.600182 0.000141158 0.00497666 0.000100812 0.000243045 0.245366 8.72079e-09 0.00111647 0.0393147 0.0939819 3.67053e-05 0.0143711 0.000169056 2.26201e-12 4.47935e-07 
0.261175 0.00295747 0.0066662 0.00681654 0.000333121 0.155997 5.76257e-07 0.0100336 0.247442 0.230645 5.57417e-06 0.0723515 0.000615828 0.00427591 0.00068471 
0.448641 0.00577533 0.00990349 0.0126481 0.000314639 0.0244119 5.31518e-06 0.0115592 0.219568 0.223855 8.80325e-05 0.0368217 0.000121328 1.28491e-05 0.00627409 
0.534965 0.00441449 0.0269899 0.00415125 0.000842206 0.188662 0.000202586 0.0439858 0.0517258 0.12966 0.00591484 0.00655567 0.00116245 5.72768e-08 0.00076898 
0.419713 0.00146957 0.0349225 0.0460886 1.58019e-05 0.0558221 2.64284e-05 0.0299601 0.0844809 0.266115 4.48622e-05 0.034306 0.0269561 9.48435e-06 7.00639e-05 
0.268799 0.13856 0.100639 0.0141798 0.000253804 0.184563 0.000372104 0.0187456 0.0611857 0.194486 0.00513133 0.00996637 0.00190543 0.000405711 0.000807765 
0.420671 0.0188776 0.019272 0.0430728 0.0083877 0.208529 7.56505e-06 0.0282182 0.186999 0.0545934 0.000121772 0.00758111 0.000332477 1.36814e-10 0.00333696 
0.361312 0.11513 0.0145256 0.00243119 0.000424743 0.0138096 5.44945e-05 0.278076 0.136948 0.0721469 0.000193262 0.000694323 0.00166886 1.45563e-07 0.00258589 
0.261772 0.0133159 0.0413553 0.0195455 0.109218 0.169459 3.80231e-05 0.0355181 0.137249 0.110492 0.000283226 0.0231072 0.0621271 6.24881e-06 0.0165134 
0.494094 0.0505613 0.00995348 0.00675443 2.97069e-07 0.0262904 0.000278272 0.139409 0.0871163 0.17822 0.000236615 0.00250682 0.00368733 2.7915e-08 0.000891421 
0.369943 0.00732593 0.0117739 0.000341371 7.98702e-05 0.0115835 9.65146e-07 0.145168 0.208711 0.185059 1.15779e-08 0.0575529 0.00246026 2.72958e-10 3.50612e-07 
0.270126 0.0281143 0.00137506 0.100033 0.00186597 0.0465853 0.000123871 0.214045 0.194956 0.0965336 0.000114099 0.0303201 0.00159889 1.57679e-06 0.0142063 
0.446635 0.0141552 0.00471727 0.00143937 0.0560978 0.227893 5.76414e-06 0.0027236 0.19056 0.0504166 8.94666e-05 0.00256193 0.000112116 2.45558e-09 0.00259294 
0.801344 0.0055587 0.0103981 0.000315611 4.96176e-05 0.0100893 1.95548e-05 0.000663918 0.0952852 0.0716164 5.23754e-06 0.00432987 4.40038e-05 8.85361e-08 0.000280247 
0.366425 0.00638689 0.0136062 0.111371 0.000531412 0.0250349 8.87301e-05 0.166223 0.0283099 0.222719 0.00229373 0.0415687 0.001665 0.0104179 0.00335886 
0.390853 0.00799117 0.00436478 0.00643005 0.000948492 0.0165747 3.19162e-05 0.0272903 0.282435 0.235173 2.34119e-05 0.0201414 4.39135e-05 2.26024e-06 0.00769577 
0.474143 0.0106187 0.000367162 0.0946867 1.62234e-05 0.0654921 2.00162e-06 0.0327703 0.155524 0.164238 2.02814e-05 0.00126848 0.000275208 1.67759e-12 0.000578161 
0.598114 0.00992383 0.0624959 0.00395515 5.41761e-05 0.00441279 7.26348e-06 0.0169143 0.133676 0.0318509 7.52882e-05 0.117242 0.00211218 0.000165513 0.019 
0.598114 0.00992383 0.0624959 0.00395515 5.41761e-05 0.00441279 7.26348e-06 0.0169143 0.133676 0.0318509 7.52882e-05 0.117242 0.00211218 0.000165513 0.019 
0.284511 0.020361 0.0764409 0.00758515 0.000332874 0.162933 0.00459444 0.0845798 0.160914 0.157972 0.00709618 0.0195712 0.00998134 1.78057e-06 0.00312437 
0.439133 0.0525555 2.50391e-05 0.0356988 1.08168e-05 0.203612 2.50979e-05 0.0444446 0.0685789 0.153721 4.9304e-05 0.0015816 0.000196522 5.54095e-09 0.000367557 
0.369641 0.26055 0.0252784 0.0104952 0.000348827 0.0261392 0.000105772 0.0388963 0.103652 0.122615 0.0027419 0.00280143 0.0361415 4.88532e-08 0.000593007 
0.301152 0.00308269 0.0281855 0.00110091 0.00153384 0.15274 1.67898e-09 0.00738248 0.153354 0.218584 5.76745e-05 0.129638 0.000286472 9.97971e-06 0.00289278 
0.252761 0.188437 0.0416079 0.000554413 0.00237388 0.00271273 8.67053e-06 0.0877968 0.0136814 0.00959677 1.48378e-07 0.135969 0.0279225 8.14228e-06 0.23657 
0.798764 0.000738837 0.0297159 0.0155384 1.0801e-05 0.0058503 5.8338e-06 0.00413454 0.0352077 0.0100416 6.55334e-05 0.0995556 0.000253787 4.06106e-05 7.66224e-05 
0.515368 0.0349335 0.033438 0.0027295 0.000949401 0.0755352 0.000152497 0.0600246 0.061918 0.147973 3.70562e-05 0.015867 0.00475237 7.60061e-05 0.0462464 
0.266455 0.00405898 0.0698014 0.0341895 0.000683589 0.0626874 0.00322468 0.064274 0.1292 0.170143 0.00382552 0.174125 0.000790055 0.0039755 0.0125668 
0.434003 0.00783522 0.0336826 0.00154314 5.85444e-05 0.0828213 7.1952e-05 0.0141729 0.204344 0.195533 2.43095e-05 0.0226546 0.000339928 0.000123519 0.00279227 
0.318062 0.157269 0.0265401 0.100372 0.00149773 0.0231141 0.000303488 0.088572 0.172356 0.0756856 0.00840256 0.0266467 0.000753217 1.6641e-11 0.000424564 
0.375124 0.0876191 0.0552812 0.00702291 0.000167325 0.150077 0.000296376 0.0349422 0.182366 0.104934 9.05308e-05 0.000437924 0.00161183 3.00795e-05 3.89462e-08 
0.644332 0.313472 0.0101866 0.000383054 7.41686e-06 0.00191589 7.13689e-07 0.00531169 0.0216621 0.00119559 1.62979e-06 0.000819242 0.000604213 4.52354e-08 0.000107739 
0.703652 0.000465554 0.00365757 2.63571e-05 6.10575e-05 0.0386511 0.00764257 0.0158055 0.0289527 0.157559 0.0322883 0.00944107 0.000617529 0.000490548 0.000689472 
0.395446 0.0111588 0.146681 0.00825217 0.000221977 0.000702555 2.02638e-05 0.0125005 0.326003 0.0358572 3.68637e-06 0.0575726 0.00200817 4.5621e-05 0.00352656 
0.629124 0.00333757 0.0116699 0.0467793 0.000659903 0.0959399 2.09274e-06 0.00448134 0.149031 0.0534249 0.000219536 0.00281631 0.000514981 6.564e-07 0.00199854 
0.349783 0.0033481 0.00853834 0.017887 0.00190014 0.339491 3.6883e-06 0.0037239 0.14152 0.0848758 3.57377e-05 0.046274 0.000132168 8.11834e-06 0.00247936 
0.314423 0.00162218 0.00277431 0.0672677 2.17981e-07 0.276019 1.19028e-05 0.015647 0.0630405 0.257351 3.15543e-05 0.00128435 0.000286312 8.63866e-09 0.000240888 
0.59877 0.0043629 0.36064 1.284e-06 2.32128e-09 4.62707e-06 0.00122998 0.00014903 0.0269526 0.00134434 9.38772e-10 0.0065386 1.48564e-07 3.76334e-09 6.05188e-06 
0.588535 0.0477544 0.00138885 0.0683411 1.74129e-08 0.013996 6.27045e-08 0.0936397 0.0237968 0.155455 5.35905e-08 0.00267217 0.000392854 1.21132e-06 0.00402643 
0.488813 0.0568333 0.00966041 0.00285684 0.000907749 0.0232344 5.34168e-06 0.0720925 0.244745 0.0909371 9.01955e-05 0.00109428 0.00560438 4.27992e-12 0.00312537 
0.598114 0.00992383 0.0624959 0.00395515 5.41761e-05 0.00441279 7.26348e-06 0.0169143 0.133676 0.0318509 7.52882e-05 0.117242 0.00211218 0.000165513 0.019 
0.340311 0.00326863 0.018751 0.00614984 0.0025747 0.24833 2.40418e-05 0.0287413 0.210104 0.0814007 2.36967e-05 0.0491679 0.00164608 5.57016e-08 0.00950705 
0.291171 0.00065325 0.0722818 0.00316561 0.000653346 1.85741e-05 7.9171e-08 0.11522 0.180097 0.0746622 5.24123e-08 0.00213412 0.258282 3.76276e-06 0.001658 
0.464839 0.0996504 0.000964137 0.000421381 0.00295742 0.299048 0.000115135 0.0138268 0.0748406 0.0151218 0.00106363 0.0163445 0.000547054 2.56202e-08 0.0102599 
0.33054 0.0971014 0.00906215 0.0690269 0.000173573 0.00140671 4.7073e-05 0.251661 0.194676 0.0394435 3.22633e-05 0.00559687 0.000752041 5.64401e-08 0.00047949 
0.541418 0.0170204 0.0186023 0.00519009 0.00154585 0.0869981 0.000258209 0.0112671 0.260592 0.0164503 0.00142602 0.0363903 0.000334893 2.16054e-12 0.00250701 
0.520293 0.0259941 0.0230307 0.000688436 4.86875e-06 0.0494098 1.52825e-07 0.00793024 0.102349 0.264785 5.28191e-05 0.00196376 0.0001456 1.67581e-11 0.00335311 
0.241612 0.00403769 0.019847 0.0012192 0.000556635 0.119658 0.000166866 0.0308422 0.238338 0.179194 0.000110485 0.161408 0.00152073 2.00889e-07 0.00148969 
0.507777 0.0296681 0.00152319 0.0336824 2.08981e-05 0.0758552 3.57296e-06 0.0478474 0.104917 0.193075 7.42066e-06 0.00277053 0.000417972 7.71814e-07 0.00243367 
0.339262 0.0131545 0.162742 0.00368617 0.000311203 0.00497432 3.81999e-06 0.0197666 0.301817 0.0443803 0.000115141 0.0924323 0.00361648 8.6838e-05 0.0136516 
0.453247 0.0144694 0.0154297 4.8188e-06 1.78017e-07 0.140849 9.69459e-11 0.193885 0.0252246 0.10432 4.00203e-06 0.0499509 0.00193675 0.00055661 0.000121164 
0.715833 0.042857 0.00749486 0.00148654 5.5792e-05 0.0328914 2.13205e-05 0.0573327 0.0617244 0.0405373 0.000154477 0.0366362 0.000790349 2.02918e-09 0.00218428 
0.406696 0.344206 0.0175372 0.00367395 0.0767827 0.00177894 3.24963e-05 0.007197 0.032261 0.043739 6.56572e-05 0.0132312 0.00111855 2.17036e-05 0.051658 
0.507113 0.00335512 0.0131063 0.00600077 0.001024 0.0161576 1.67909e-06 0.0672305 0.0180514 0.350011 5.20473e-05 0.0167918 0.000772913 1.87667e-09 0.000331458 
0.477624 0.00257832 0.00171819 0.0172615 2.44812e-05 0.047052 2.11316e-05 0.00840501 0.26618 0.158116 1.10065e-06 0.0171416 1.40854e-05 2.7643e-09 0.00386267 
0.306253 0.251569 0.160787 2.30153e-05 9.41632e-06 0.0123554 5.89929e-07 0.0182324 0.0466969 0.136317 0.00380954 0.0542973 0.000405333 5.23567e-07 0.00924384 
0.557701 0.0047173 0.000709373 5.64897e-06 8.99951e-05 0.00038514 6.86654e-05 0.000242355 0.401878 0.031179 9.27219e-06 0.00174656 8.97387e-05 6.68151e-10 0.00117769 
0.464688 0.0057988 0.072595 0.0149394 0.00202038 0.00150926 2.2849e-05 0.0157085 0.130087 0.0519595 0.000107889 0.146268 0.000522801 0.000518173 0.0932545 
0.697506 0.000589028 0.00266874 0.0145725 1.94748e-06 0.0520551 4.73303e-06 0.0105362 0.142122 0.0323831 3.07415e-05 0.0413699 0.000993607 3.39029e-07 0.0051657 
0.663696 0.000428344 0.00643085 8.42653e-05 0.0164016 0.00140458 0.000934791 0.152802 0.0401009 0.0164832 2.40489e-05 0.0757388 0.021724 0.000625089 0.0031207 
0.576457 0.00054784 0.0144834 0.0131781 0.000334496 0.0630406 4.06919e-07 0.00521225 0.0486805 0.0689316 6.91959e-06 0.206882 0.000478754 2.32805e-09 0.00176675 
0.286672 0.239864 0.0810941 8.61214e-07 0.00339218 0.0805401 1.68352e-06 0.0330099 0.0745981 0.115266 0.000347677 0.0430436 0.00304088 1.2995e-05 0.0391159 
0.521241 0.0806603 0.00968934 0.0324862 2.51144e-05 0.0727867 2.8455e-05 0.0679487 0.0395013 0.16159 8.45624e-05 0.0115411 0.000144687 3.16005e-06 0.00226915 
0.322401 0.0199903 0.015332 0.0525199 0.0230621 0.147168 2.29995e-05 0.0424598 0.158745 0.198104 4.50759e-05 0.0114174 0.00120502 1.95981e-05 0.00750847 
0.315028 0.00756288 0.0136427 0.0163279 0.000156688 0.0146453 5.03335e-05 0.0333679 0.26483 0.113733 1.85755e-05 0.213957 0.000420172 0.000256687 0.00600422 
0.257401 0.0232143 0.0520864 0.022596 0.0365087 0.1336 0.000713102 0.073954 0.215782 0.114137 0.00388041 0.0407831 0.0117013 0.00182628 0.0118167 
0.56229 0.00195587 0.00191494 0.0115 0.00535335 0.00236716 4.85861e-08 0.0518572 0.169896 0.0667779 3.98752e-12 0.12458 0.000574859 3.94777e-08 0.000933112 
0.491924 0.00391948 0.00526554 0.0228913 0.000109655 0.01218 1.58581e-07 0.0213958 0.0692161 0.370146 3.96047e-05 0.00247284 0.000433536 2.15409e-07 6.02874e-06 
0.494094 0.0505613 0.00995348 0.00675443 2.97069e-07 0.0262904 0.000278272 0.139409 0.0871163 0.17822 0.000236615 0.00250682 0.00368733 2.7915e-08 0.000891421 
0.42967 0.0151104 0.148701 0.000331418 1.49653e-08 0.102676 8.36795e-09 0.00296331 0.055044 0.146821 0.000536733 0.0917996 0.000567944 9.03689e-12 0.00577779 
0.832673 0.0501518 0.000112539 2.41508e-07 1.47922e-06 1.3285e-06 7.03783e-07 0.00801102 0.1033 0.00513613 1.97501e-05 0.000567649 1.88288e-05 3.85293e-06 2.24694e-06 
0.808668 0.000926251 0.000834084 0.0536785 7.60267e-08 0.000716712 4.19475e-08 0.0249715 0.0368101 0.0581347 4.33763e-09 0.0152604 1.33296e-07 6.46792e-11 2.77705e-11 
0.805583 0.00146029 0.0899324 0.00116336 6.05514e-07 0.000974629 1.12417e-06 0.011664 0.00957929 0.0332361 0.00593462 0.0337611 0.000147574 3.19378e-08 0.00656215 
0.469634 0.109507 0.0250719 0.0127301 0.0101372 0.0224233 1.77912e-05 0.030576 0.212045 0.0758535 0.000117381 0.02259 0.000353168 3.843e-06 0.0089405 
0.555691 0.00783474 0.133573 0.0124804 0.000386606 0.0120463 0.0307432 0.0158585 0.0620553 0.0295171 0.0112505 0.111124 0.000856728 0.00807662 0.00850553 
0.293315 0.0607066 0.111953 0.00560447 0.0022037 0.00692407 0.000216967 0.0403305 0.283131 0.00766014 2.95698e-06 0.143145 0.0113631 1.61251e-06 0.0334422 
0.432553 0.00638631 0.0280046 0.0492602 7.28638e-05 0.0274632 0.00027228 0.118251 0.087722 0.193929 0.0226176 0.0278662 0.00454768 5.332e-06 0.00104832 
0.290879 0.00377011 0.0697267 0.000111238 3.98475e-06 6.07572e-05 8.09162e-05 0.0719401 0.00741259 0.274223 1.343e-06 0.273398 0.00743186 0.000763211 0.00019725 
0.347224 0.0137248 0.0113025 0.0413583 0.000562503 0.102317 7.30401e-05 0.136632 0.0630695 0.221664 0.000949878 0.0544506 0.00563528 2.97943e-05 0.00100653 
0.359236 0.0171873 0.0704653 8.68177e-05 0.000104349 0.00413231 0.000255637 0.0133313 0.325332 0.083193 1.29382e-05 0.107009 0.00627411 1.34325e-09 0.0133804 
0.394102 0.00894442 0.0231372 0.0140802 0.00249306 0.0490792 0.000251427 0.0726108 0.265374 0.112982 0.00121335 0.0326101 0.000326915 1.03136e-05 0.0227847 
0.46133 0.0037499 0.0103972 0.153937 8.18191e-05 0.221815 1.95111e-05 0.0274302 0.0662024 0.0386055 0.0016156 0.0146397 0.000124133 1.8192e-09 5.23302e-05 
0.569043 0.04553 0.0743547 0.00266292 0.00362325 0.0298659 0.00231214 0.03763 0.208059 0.02454 0.000381921 0.00133419 0.0006278 3.77451e-08 3.51882e-05 
0.338876 0.00156233 0.170452 0.00955344 0.000963081 0.193222 0.000773722 0.0295253 0.105384 0.0612559 0.00214941 0.0819081 0.00159829 1.10199e-06 0.00277578 
0.48877 0.0297142 0.0226624 0.013301 3.46319e-08 0.0484909 4.63269e-05 0.0304746 0.0196947 0.0284911 0.00016071 0.28405 0.000807178 0.000211162 0.0331249 
0.246863 0.138493 0.0698883 0.0135604 2.03941e-05 0.133174 0.000204774 0.0262547 0.182397 0.127388 0.0115694 0.049165 0.000176888 8.82441e-08 0.000844868 
0.325762 7.96686e-05 0.153702 0.00324575 0.000107412 0.194572 6.08273e-05 0.00101312 0.0320515 0.119356 1.30447e-05 0.168735 0.00100715 1.16536e-08 0.0002949 
0.480507 0.0290718 0.026698 0.000672249 1.70993e-05 0.089663 0.000562106 0.119707 0.0413616 0.161899 1.05538e-05 0.0345812 0.000876509 6.66504e-09 0.0143727 
0.482133 0.0454645 0.0964358 0.00395246 0.000249887 0.0136876 0.000788155 0.0815275 0.0687156 0.18305 7.01224e-05 0.0195967 0.00136226 2.34014e-06 0.00296378 
0.259391 0.235123 0.0175779 0.000196488 0.0124916 0.00804462 0.0135511 0.0500603 0.238965 0.0898288 0.000187689 0.00342198 0.00995965 0.000737416 0.0604635 
0.427362 0.00666143 0.224417 0.00904713 7.40638e-05 0.106652 0.00592859 0.00995509 0.0813429 0.0802663 0.031582 0.0145629 0.000358573 0.000160763 0.0016284 
0.833763 0.0234461 7.4724e-09 8.81186e-05 0.000269296 0.000273978 5.82821e-05 0.000118284 0.129637 0.00814678 1.30678e-05 0.00187524 7.69402e-05 7.33779e-13 0.00223342 
0.256948 0.00424655 0.0831399 0.0111994 0.000785034 0.0651269 4.14501e-05 0.0273429 0.147216 0.172254 5.27589e-05 0.222856 0.00607532 2.23743e-05 0.0026944 
0.66598 0.0147935 0.00259317 0.0462864 2.64069e-05 0.0219138 2.00944e-06 0.0426944 0.0481895 0.144919 5.50991e-05 0.0110168 0.000606289 1.85122e-11 0.000923233 
0.428345 0.118401 0.018998 0.025893 0.00893435 0.0852696 6.32857e-06 0.0631962 0.103056 0.128846 0.00021425 0.0120484 0.00507709 8.07004e-10 0.00171423 
0.37452 0.00993824 0.0455081 0.0206008 0.000614788 0.0555681 0.000265705 0.0592007 0.109545 0.255256 0.00255115 0.054661 0.00523856 0.000228204 0.00630358 
0.453899 0.0322147 0.000193507 6.44331e-05 3.39751e-05 0.000307669 4.21299e-06 0.00309574 0.123827 0.00356303 0.000200937 0.0914804 0.000425956 1.51886e-08 0.290689 
0.741529 0.000221062 0.00410873 0.000211434 6.59752e-05 0.000894258 1.15224e-05 0.00176957 0.0515652 0.195034 1.1936e-06 0.00420816 0.000374142 3.00311e-08 5.77231e-06 
0.912921 0.0143026 0.00122864 2.42724e-07 7.79891e-07 0.0316821 7.9079e-11 2.40507e-06 1.92897e-05 0.0398347 4.179e-07 5.92866e-06 1.17871e-06 1.05357e-10 3.66453e-07 
0.503053 0.0010001 0.0005691 7.07656e-06 0.00179557 0.01226 1.1527e-08 0.000323082 0.181754 0.0101456 7.07946e-09 0.283289 1.12299e-08 1.94372e-12 0.00580329 
0.590153 0.00448983 0.127094 0.00261622 1.51983e-05 0.098048 5.04715e-05 0.00659726 0.0616963 0.0992118 0.000326266 0.00704083 0.00165383 0.000181068 0.000825843 
0.524843 0.00525007 0.0304473 0.00488246 5.84404e-05 0.0161737 0.01277 0.0791925 0.209088 0.0583065 0.000939435 0.0578676 0.000104423 5.06349e-05 2.55565e-05 
0.443975 0.0131341 0.0188019 0.00639216 0.0216787 0.223684 5.28808e-06 0.0172376 0.178672 0.0570965 0.000129965 0.0132633 0.000349595 1.76432e-10 0.00557974 
0.33329 0.00513926 0.289801 0.00227193 2.6742e-06 0.0207285 4.06355e-06 0.00436987 0.00946468 0.274594 1.15849e-05 0.0433688 3.19038e-05 1.38346e-09 0.0169212 
0.653679 0.000840956 0.127265 0.000529763 2.01609e-06 0.00733221 4.92229e-05 0.0466511 0.00775824 0.148948 2.05178e-06 0.00406675 0.00268522 4.99852e-05 0.000140143 
0.777553 0.00315474 0.000421818 6.5256e-08 8.87408e-09 0.00130421 1.11304e-09 0.00218931 0.0166611 0.198396 1.57563e-09 3.83149e-05 9.11446e-09 1.12179e-11 0.000281475 
0.617975 0.0168297 0.0427404 0.00753949 4.05908e-05 0.020945 0.00109098 0.0494376 0.0278849 0.175268 0.000887219 0.0210282 0.000310264 5.46633e-11 0.0180229 
0.777553 0.00315474 0.000421818 6.5256e-08 8.87408e-09 0.00130421 1.11304e-09 0.00218931 0.0166611 0.198396 1.57563e-09 3.83149e-05 9.11446e-09 1.12179e-11 0.000281475 
0.588535 0.0477544 0.00138885 0.0683411 1.74129e-08 0.013996 6.27045e-08 0.0936397 0.0237968 0.155455 5.35905e-08 0.00267217 0.000392854 1.21132e-06 0.00402643 
0.495013 0.0133195 0.0217855 0.00228562 0.0474351 0.12686 1.79837e-05 0.00400601 0.238348 0.0261736 0.000121821 0.00812007 0.000240276 1.75692e-09 0.0162731 
0.494094 0.0505613 0.00995348 0.00675443 2.97069e-07 0.0262904 0.000278272 0.139409 0.0871163 0.17822 0.000236615 0.00250682 0.00368733 2.7915e-08 0.000891421 
0.334975 0.021456 0.0399234 0.0534274 1.317e-05 0.101187 0.00022082 0.057356 0.105893 0.254542 0.00276896 0.0270554 0.0011137 4.12431e-06 6.38318e-05 
0.48908 0.00256181 0.245929 0.000603254 2.62941e-05 0.114891 0.00168461 0.00521303 0.00795916 0.106053 0.00157606 0.0134869 0.00335246 0.000235462 0.00734759 
0.777553 0.00315474 0.000421818 6.5256e-08 8.87408e-09 0.00130421 1.11304e-09 0.00218931 0.0166611 0.198396 1.57563e-09 3.83149e-05 9.11446e-09 1.12179e-11 0.000281475 
0.40452 0.00616232 0.00777558 0.0194056 0.000453457 0.233338 7.88688e-07 0.00553178 0.102683 0.180501 0.000252634 0.0313788 0.000197319 5.93381e-10 0.0077998 
0.391673 0.21208 0.00144356 0.00507758 0.000515092 0.147876 0.000157102 0.041937 0.0683026 0.113408 0.000209839 0.00556189 8.20811e-05 1.65179e-08 0.0116766 
0.427331 0.00770131 0.0129992 0.00232739 8.88685e-05 0.0882742 1.59513e-09 0.00701369 0.362051 0.0813098 2.52999e-05 0.0108288 2.52235e-05 3.01876e-12 2.43617e-05 
0.537433 0.0795895 4.93332e-05 0.113901 1.97965e-08 0.00963651 7.13007e-08 0.140987 0.0320509 0.0837407 6.09407e-08 0.00140883 0.000135174 9.38288e-07 0.00106706 
0.411731 0.00626193 0.00169687 0.0146877 0.00216704 0.344413 8.58868e-06 0.00259446 0.154502 0.017026 0.000108697 0.0423293 2.45253e-05 1.29199e-09 0.00244967 
0.551409 0.0792394 0.0154325 0.0325477 3.58854e-08 0.0106573 1.28854e-07 0.0565299 0.108758 0.121054 0.00012719 0.00176692 0.0205509 6.32225e-06 0.00192075 
0.384089 0.0255557 0.149028 0.0089074 0.00119508 0.0322773 0.00209932 0.045432 0.124502 0.0739345 0.00323382 0.131929 0.00225404 0.000540067 0.0150228 
0.507316 0.0223203 0.0285197 0.00874177 0.0041425 0.0567603 0.000210906 0.0325591 0.118346 0.167777 0.00323024 0.0442756 0.000965127 3.53795e-06 0.00483217 
0.315716 0.0112507 0.0184362 0.012242 0.00104688 0.030206 0.000117522 0.0218731 0.309844 0.0318911 0.00253413 0.240865 0.000514494 5.20182e-09 0.00346301 
0.612989 0.0166258 0.0625599 0.0106095 0.0011686 0.0107278 0.000309496 0.00768159 0.172754 0.0288394 0.00528927 0.0696939 0.000222945 3.15035e-06 0.000524691 
0.346533 0.0304297 0.072117 0.00783699 0.00192267 0.00481062 0.00828558 0.0595901 0.168345 0.0224846 0.000190011 0.025209 0.00662698 1.07309e-05 0.245607 
0.369943 0.00732593 0.0117739 0.000341371 7.98702e-05 0.0115835 9.65146e-07 0.145168 0.208711 0.185059 1.15779e-08 0.0575529 0.00246026 2.72958e-10 3.50612e-07 
0.707634 0.0119152 0.0131766 0.00100487 2.39337e-05 0.00199357 0.000224366 0.0319711 0.0368699 0.193139 1.54396e-05 0.00149943 0.000224793 6.83402e-12 0.000307392 
0.429153 0.0166838 0.00116222 1.60933e-05 0.000774234 0.381375 1.10323e-05 0.00540394 0.142791 0.0168866 5.95044e-05 0.00225482 4.10199e-05 2.45838e-08 0.00338795 
0.283391 0.0179282 0.0350968 0.0137426 0.000329859 0.164295 0.000241305 0.0283165 0.205967 0.203562 0.00359091 0.0407447 0.000164677 8.71012e-06 0.0026203 
0.427724 0.000803822 0.0863699 4.66579e-07 3.76279e-07 0.00541068 0.000398129 0.0616331 0.0293015 0.350041 3.30205e-05 0.0311801 0.00640794 1.78132e-10 0.000696217 
0.436066 0.153334 0.00818673 0.00620166 0.00023935 0.0172506 1.74883e-06 0.0891048 0.0746788 0.201931 2.00931e-05 0.00141127 0.00571068 1.71999e-09 0.00586401 
0.382085 0.0846218 0.0683165 0.00409222 0.000334597 0.0413801 0.000263616 0.0652307 0.159464 0.184437 0.00431348 0.00415117 0.000254963 9.89651e-07 0.00105321 
0.482993 0.00553643 0.00531983 0.0706321 0.000330188 0.0633855 9.30578e-06 0.040124 0.137726 0.150895 5.56418e-05 0.0281822 0.000195543 0.000141012 0.0144742 
0.223157 0.00584705 0.0195887 0.00682449 0.14766 0.0500977 9.50494e-05 0.00681756 0.214482 0.144081 1.39517e-05 0.106455 0.000574178 0.0189175 0.0553884 
0.290949 0.0369842 0.0030567 0.0954842 0.0151713 0.172617 8.27878e-05 0.107593 0.198959 0.0691162 0.00102377 0.0077798 0.000250732 4.27013e-12 0.000932756 
0.667172 0.00533291 0.0394235 4.75803e-05 1.28467e-08 0.0237366 4.01851e-05 0.000486065 0.0118223 0.238712 1.18661e-06 0.0127792 0.000443853 3.91435e-07 2.30349e-06 
0.539585 0.00371843 0.00276876 0.000162989 0.000239003 0.00532386 0.000110991 0.00304267 0.290228 0.00343181 5.11298e-07 0.108066 0.000128321 1.61967e-05 0.043178 
0.530401 0.0422815 0.0435115 0.00864467 1.43839e-05 0.0121218 0.0559077 0.0276777 0.110541 0.0954832 0.000974898 0.0698191 0.00031222 2.07608e-05 0.00228837 
0.489734 0.00951464 0.00585674 0.00182476 0.000484471 0.00659063 4.72912e-05 0.00875033 0.391078 0.0466141 1.21003e-05 0.0242432 0.000229965 1.2047e-06 0.0150184 
0.346081 0.164687 0.0692636 0.000917725 1.27219e-05 0.00424765 9.604e-06 0.101854 0.0405491 0.0221516 1.73277e-05 0.171611 0.0778574 5.44985e-10 0.00074065 
0.412375 0.00393447 0.0673983 0.154707 0.000390069 0.076406 2.79361e-05 0.0276741 0.0301331 0.194781 0.00152632 0.0212165 0.00450434 2.20124e-05 0.00490339 
0.316379 0.0130306 0.117872 0.00674314 0.00106737 0.226871 4.73348e-05 0.0878522 0.0495393 0.151562 0.00254176 0.0231606 0.00266308 2.26218e-08 0.000670489 
0.395006 0.1249 0.0101695 0.000169224 0.174019 0.0544526 0.000312693 0.0271328 0.126377 0.0318099 0.00191955 0.0024062 0.00108612 7.79722e-05 0.0501615 
0.777553 0.00315474 0.000421818 6.5256e-08 8.87408e-09 0.00130421 1.11304e-09 0.00218931 0.0166611 0.198396 1.57563e-09 3.83149e-05 9.11446e-09 1.12179e-11 0.000281475 
0.294054 0.151375 0.0870926 0.00425258 0.0143588 0.0180256 0.000399591 0.0367761 0.0924839 0.127734 0.00186764 0.166453 0.00226629 1.92407e-06 0.00285852 
0.45512 0.00779616 0.0333391 0.00777874 0.00398038 0.00509093 0.000346505 0.153805 0.0618379 0.215599 0.0223172 0.0166936 0.00198372 8.1534e-07 0.0143111 
0.689158 0.000938248 0.000963292 0.114061 1.30347e-05 0.0300704 1.21378e-06 0.0804819 0.0158314 0.035926 1.14803e-08 0.0165229 0.00021431 0.00286564 0.0129529 
0.298426 0.0912944 0.169475 0.0125032 0.000164023 0.029624 0.000684678 0.0357555 0.13622 0.161662 0.00959769 0.0483007 0.000848043 1.68897e-07 0.00544401 
0.282165 0.0278577 0.0622807 0.00180154 0.000438469 0.0725124 0.000404117 0.06885 0.0490029 0.166196 0.0122926 0.128925 0.11514 2.43653e-05 0.0121093 
0.392527 0.248068 0.034373 5.65627e-05 0.0186634 0.0348163 0.00814254 0.00526859 0.0958901 0.102691 0.00190169 0.00580254 0.0504465 2.58621e-06 0.00135055 
0.890198 0.00107627 0.00361513 0.00169145 0.00395488 0.0334588 2.61937e-06 0.00124215 0.0447622 0.00458967 3.65199e-06 0.011601 3.80933e-05 5.84273e-08 0.00376588 
0.399799 0.000127287 0.000145978 0.00182986 0.000175362 0.00743892 1.54421e-06 0.144593 0.000689644 0.266121 3.63229e-06 0.00388454 0.17497 0.000219704 4.96608e-07 
0.369808 0.000971874 0.0188666 0.0148099 5.33325e-06 0.00478811 4.94784e-07 0.182003 0.0408004 0.22705 1.88105e-05 0.136806 0.00239038 0.000339795 0.00134193 
0.5102 0.0134164 0.0450982 0.00644812 0.0347099 0.11163 0.000361346 0.012994 0.207282 0.0377767 0.000121962 0.00644223 0.0018952 1.30852e-09 0.0116237 
0.406304 0.00318585 0.0437652 0.000385546 2.04463e-05 0.0591229 5.29316e-06 0.0514427 0.0911788 0.308222 1.08813e-05 0.0299071 9.88965e-05 3.13058e-07 0.00635029 
0.568797 3.07931e-05 0.00289452 8.36709e-06 0.000990517 0.201024 2.46194e-08 0.000588269 0.0865902 0.129865 3.67969e-05 0.00913529 3.75422e-05 6.66289e-12 1.26454e-06 
0.28429 0.0300654 0.165675 0.0284579 0.00396617 0.0436591 0.00136697 0.0440403 0.218998 0.0522017 0.0738744 0.0348916 0.00195653 4.43143e-05 0.0165127 
0.301152 0.00308269 0.0281855 0.00110091 0.00153384 0.15274 1.67898e-09 0.00738248 0.153354 0.218584 5.76745e-05 0.129638 0.000286472 9.97971e-06 0.00289278 
0.507777 0.0296681 0.00152319 0.0336824 2.08981e-05 0.0758552 3.57296e-06 0.0478474 0.104917 0.193075 7.42066e-06 0.00277053 0.000417972 7.71814e-07 0.00243367 
0.428857 0.00681744 0.093905 0.0494311 0.0210977 0.00302358 0.000460556 0.0314117 0.225287 0.041692 1.50436e-05 0.0904434 0.00585203 1.17868e-06 0.00170599 
0.263617 0.134353 0.0420503 0.0795028 0.000284046 0.0181294 6.25991e-07 0.023635 0.12309 0.222389 0.000796241 0.0710476 0.000119591 1.19397e-06 0.0209844 
0.40708 0.00931421 0.0521244 0.0247445 9.00732e-05 0.0500902 0.000121163 0.130411 0.067473 0.199309 0.0298117 0.0229504 0.00536458 3.90235e-06 0.00111149 
0.375078 0.0167529 0.0345507 0.0252521 0.00269164 0.0283355 0.000816989 0.126403 0.13501 0.199469 0.00635702 0.0372177 0.00597939 8.58207e-05 0.0060012 
0.402898 0.0136634 0.0545788 0.000751839 0.00279972 0.0476343 0.000221077 0.0112309 0.183538 0.0763637 0.0176628 0.178769 0.00192515 0.000152353 0.00780987 
0.628982 0.00552501 0.0245122 0.00121707 0.000351796 0.00591335 0.000658668 0.0171451 0.0528077 0.0818387 2.16005e-05 0.164369 0.00163829 5.05964e-05 0.014969 
0.378482 0.00433927 0.0265957 0.0154831 5.79008e-05 0.346273 3.27535e-06 0.00930257 0.032538 0.16879 6.6432e-05 0.0153996 0.00132047 8.06792e-09 0.00134864 
0.804556 0.00306028 0.0143849 2.96487e-05 0.00151124 0.00371259 7.06559e-05 0.0356092 0.081803 0.0205952 3.46322e-06 0.0331708 8.51234e-05 1.05895e-05 0.00139762 
0.69024 0.00337457 0.00219526 0.000396099 1.14418e-05 0.00499028 4.65225e-06 0.00149699 0.177615 0.112726 1.597e-06 0.000521116 4.10936e-06 4.2345e-08 0.00642257 
0.442911 0.00766599 0.0261338 0.00943736 0.00149046 0.3176 6.49058e-05 0.0569136 0.0693479 0.0523527 0.00355447 0.0115054 8.87311e-05 1.81211e-09 0.000933923 
0.405543 0.0349889 0.0185421 0.0272985 0.00464444 0.00497107 1.32481e-05 0.0709302 0.11563 0.0132462 1.03168e-05 0.0298995 0.241433 0.0198785 0.0129703 
0.361784 0.00233323 0.0193552 0.0392456 2.47205e-05 0.0588484 1.10619e-07 0.0476899 0.128172 0.308023 4.90634e-05 0.0330121 0.00064877 1.6126e-08 0.000813918 
0.262367 0.000285672 0.0152122 0.157505 1.8038e-05 0.00199943 6.3014e-06 0.134172 0.202766 0.131844 3.19317e-06 0.091337 0.000118706 7.05967e-08 0.0023651 
0.371956 0.193022 0.123458 0.0148073 0.000142774 0.00237535 4.92199e-05 0.0205912 0.117305 0.102239 0.000172013 0.0382259 0.00141288 9.24863e-07 0.0142424 
0.547044 0.0449411 0.00544483 0.00176835 2.01205e-07 6.6172e-05 2.40666e-06 0.0544454 0.189303 0.145012 0.000451969 0.00693935 0.00298902 2.86755e-09 0.00159199 
0.435536 0.00537979 0.0123834 0.00016478 3.49504e-05 0.0262341 3.66319e-07 0.0813774 0.0735794 0.321393 1.88196e-05 0.0361736 0.00772316 7.78079e-08 4.91969e-07 
0.356479 0.0100019 0.0842366 0.0130891 0.00089505 0.0661132 0.000512706 0.0355672 0.110515 0.205222 0.00183611 0.0168302 0.0984427 9.1987e-06 0.000249695 
0.395267 0.00126802 0.0601263 0.00473452 0.000189768 0.385036 0.00276832 0.0344639 0.016817 0.0884929 3.64555e-05 0.000290588 0.00614334 5.05376e-08 0.0043657 
0.754726 0.00976611 0.0126725 0.000284328 0.000161338 0.0931088 6.86358e-06 0.000644849 0.101758 0.0122537 3.48125e-05 0.0130761 0.000208472 1.78986e-09 0.00129787 
0.812242 0.000471669 0.015262 0.000908701 0.00135362 0.0129192 9.83604e-05 0.000865294 0.0488319 0.0496604 0.000538793 0.0520366 4.38138e-06 4.08828e-11 0.00480699 
0.489734 0.00951464 0.00585674 0.00182476 0.000484471 0.00659063 4.72912e-05 0.00875033 0.391078 0.0466141 1.21003e-05 0.0242432 0.000229965 1.2047e-06 0.0150184 
0.82202 0.00100023 0.0769677 1.08734e-05 1.39771e-05 4.80653e-06 0.000395805 0.0390623 0.000196824 0.00900962 1.87807e-05 0.0430459 0.0017499 0.00180572 0.0046975 
0.404956 0.012656 0.00444725 0.0248819 0.000431395 0.00563126 3.33906e-05 0.327466 0.154068 0.00838666 3.06091e-05 0.0270183 0.000314333 5.84349e-07 0.0296784 
0.371414 0.00816093 0.070013 0.018852 0.000515129 0.0683782 0.00261911 0.0792496 0.0750769 0.207542 0.00103664 0.0816913 0.00912218 0.000262883 0.00606615 
0.835233 0.0259396 0.000218136 0.0208846 0.000436705 0.0140605 0.000688932 0.0137757 0.0782357 0.00549518 0.00280169 0.00213058 3.52634e-05 1.90729e-09 6.42244e-05 
