0.311706 0.22192 0.027871 9.88627e-06 1.21811e-07 0.0100564 3.18496e-07 0.0122093 0.215316 0.0935236 1.27061e-05 0.0659268 0.00241217 1.75116e-10 0.0390353 
0.582518 0.0063736 0.0261698 0.00266118 0.0187648 0.0356533 2.27684e-05 0.154376 0.0469933 0.0702759 6.9969e-05 0.00887981 0.000524827 0.0232454 0.0234717 
0.430111 0.00762054 0.00617046 9.45598e-05 0.00103431 0.131106 2.82221e-05 0.00873345 0.238066 0.159615 0.000107613 0.0136858 0.000317624 0.000255298 0.00305327 
0.450766 0.0398934 0.0222159 6.30892e-05 0.00054376 0.00109009 2.28831e-05 0.00725987 0.275112 0.150176 8.87305e-05 0.0458699 0.000145458 7.79336e-05 0.00667454 
0.369736 0.0620524 0.0283655 0.0045801 0.000696176 0.0116499 0.000734359 0.178123 0.151142 0.133843 0.00060301 0.0344819 0.00105924 0.00194716 0.0209867 
0.48996 0.0150326 0.0224883 0.0174285 3.02548e-05 0.0436902 3.96685e-07 0.0635578 0.0848898 0.167147 7.7312e-05 0.088023 0.00504741 1.67828e-07 0.0026277 
0.423286 0.0617204 0.0047049 0.0148776 0.00126386 0.256167 1.05958e-05 0.0380403 0.032715 0.149576 2.06488e-05 0.00811542 0.00118547 1.13258e-05 0.00830528 
0.306281 0.157099 0.126343 7.72357e-05 2.21373e-06 0.00350225 8.49003e-05 0.0701988 0.238947 0.0476721 0.000464319 0.0310394 0.0182844 9.79365e-07 3.06646e-06 
0.47953 0.0085903 0.00520993 0.0236061 0.000115238 0.0409492 6.2087e-07 0.0447346 0.0490453 0.324659 1.70879e-05 0.013834 0.000418443 2.61585e-10 0.00928963 
0.285686 0.00675245 0.00923549 0.102542 0.000109103 0.0827057 4.03877e-06 0.253261 0.132066 0.0939552 0.000145145 0.0243516 0.00740733 4.42498e-07 0.00177871 
0.307774 0.0112372 0.124027 0.00539625 0.000365277 0.0242869 0.000286829 0.0198942 0.0407114 0.22888 0.000341619 0.232287 0.0026318 1.95893e-05 0.0018611 
0.62733 0.000934372 0.00334458 0.0610976 0.000380739 0.0133122 1.43276e-05 0.0411721 0.0532329 0.0836934 1.10413e-05 0.109911 0.00252743 6.94508e-07 0.00303828 
0.598114 0.00992383 0.0624959 0.00395515 5.41761e-05 0.00441279 7.26348e-06 0.0169143 0.133676 0.0318509 7.52882e-05 0.117242 0.00211218 0.000165513 0.019 
0.288848 0.0290633 0.00403626 0.0121691 0.00018289 0.0345213 3.14539e-05 0.120613 0.204696 0.241057 0.0037578 0.0365569 0.0124867 5.73913e-06 0.0119748 
0.376314 0.0272146 0.112673 0.019968 0.00231077 0.104503 0.00279115 0.0715593 0.0974405 0.14029 0.000651603 0.0287085 0.0118865 0.000533402 0.00315542 
0.421183 0.0171273 0.100353 0.00415822 0.000734116 0.151001 0.000356234 0.0583451 0.0626962 0.107439 0.0319749 0.0237121 0.00145791 1.27896e-06 0.0194608 
0.334671 0.0182359 0.0359182 0.0216961 0.00813378 0.0323107 8.2245e-05 0.0795768 0.167299 0.254559 0.0280638 0.0110985 0.00454645 6.80519e-07 0.00380805 
0.304435 0.0961492 0.173061 3.20403e-05 0.0832854 0.0833283 3.20148e-05 3.20438e-05 3.20434e-05 3.20437e-05 3.20361e-05 3.20397e-05 0.25625 3.20044e-05 0.00323487 
0.363573 0.0532416 0.0430681 0.000267329 0.00649839 0.00668729 0.0241265 0.197233 0.0448704 0.0787978 8.4116e-05 0.162746 0.012806 3.49742e-09 0.00600076 
0.298744 0.0617129 0.000340088 0.112905 1.63005e-05 0.132157 1.34493e-05 0.104626 0.126747 0.160644 3.35806e-05 0.00148652 0.000324901 3.75113e-09 0.000249977 
0.340525 0.0414481 0.0712021 0.0158065 0.00229099 0.0235054 4.54058e-05 0.058778 0.220668 0.190543 0.000256934 0.0192895 0.000395519 3.58662e-06 0.015243 
0.575925 0.00305273 0.0570444 0.000261558 5.16066e-09 0.064738 3.05953e-09 0.0556863 0.0265051 0.190622 0.000149645 0.0162701 0.00953915 0.000205478 2.07165e-07 
0.387739 0.0315131 0.0724435 0.0303642 0.00135844 0.00245708 1.77111e-05 0.0505893 0.139672 0.0631376 0.00396473 0.0175111 0.00914282 0.00476792 0.185322 
0.562028 0.0525351 0.0103913 0.00929112 0.000213442 0.0417272 3.42705e-06 0.00859424 0.0488137 0.194135 9.72039e-06 0.0710922 0.000336944 1.014e-06 0.000827859 
0.43743 0.0177506 0.0218556 0.0274886 0.0373871 0.189382 1.47415e-05 0.0103105 0.207908 0.0308821 0.000525127 0.00669109 0.000323653 1.45222e-09 0.0120517 
0.206329 0.138913 0.0406395 0.0110773 0.00337441 0.0952762 4.28607e-05 0.0776943 0.166069 0.144475 0.000689748 0.0385158 0.0116278 0.00427478 0.0610004 
0.461684 0.0801065 0.0804596 0.00620297 0.00349252 0.0648976 0.0107091 0.0342737 0.149391 0.042583 0.0299903 0.0123104 0.0162626 0.000241446 0.00739529 
0.45801 0.0114393 0.15311 0.000519993 0.00464359 0.0100893 0.00107782 0.0439551 0.0497629 0.0340795 0.0462107 0.169725 0.00465675 0.000866821 0.0118535 
0.486557 0.0415348 0.000157285 0.047155 2.92364e-05 0.0782013 4.98776e-06 0.0608392 0.139171 0.142904 1.03767e-05 0.00209094 0.000237087 6.48308e-07 0.00110662 
0.248313 5.65965e-05 0.103422 9.9019e-07 0.000505741 0.169167 1.47314e-08 0.000443858 0.175606 0.119087 3.78125e-05 0.182325 0.000771709 1.69807e-09 0.000264623 
0.35426 0.0192347 0.0157182 0.00701852 6.97718e-05 0.303129 5.29847e-05 0.0190088 0.15635 0.109663 0.00436394 0.00923115 0.00102535 3.65526e-06 0.000870329 
0.432199 0.0170047 0.0416955 0.0146936 0.00223129 0.029718 0.000302965 0.0190475 0.291113 0.103347 9.44234e-05 0.0402173 0.000240338 0.00279968 0.00529618 
0.341056 0.00732824 0.0114485 0.0430692 0.000359807 0.22193 4.28845e-06 0.00593434 0.286107 0.0585882 4.05447e-05 0.0143151 0.000184032 2.11266e-08 0.0096339 
0.32421 0.0115688 0.0211033 0.0216016 0.00137306 0.0155762 0.000354601 0.0534611 0.257514 0.123781 0.00157078 0.157391 0.00638994 6.3514e-09 0.00410496 
0.598114 0.00992383 0.0624959 0.00395515 5.41761e-05 0.00441279 7.26348e-06 0.0169143 0.133676 0.0318509 7.52882e-05 0.117242 0.00211218 0.000165513 0.019 
0.301283 0.0177475 0.107965 0.00399001 0.0322794 0.0560442 6.95581e-05 0.0114288 0.286907 0.0520319 0.0194278 0.109254 0.00130042 7.31086e-12 0.000271614 
0.390853 0.00799117 0.00436478 0.00643005 0.000948492 0.0165747 3.19162e-05 0.0272903 0.282435 0.235173 2.34119e-05 0.0201414 4.39135e-05 2.26024e-06 0.00769577 
0.61572 0.0206444 0.0114906 5.96112e-05 0.00384224 0.00616299 0.000137759 0.00579603 0.266673 0.0615059 1.43236e-05 0.00200839 7.20552e-05 0.000341295 0.00553134 
0.593618 0.122401 0.00042586 1.67384e-06 2.43935e-06 0.0274813 8.12886e-06 0.0508573 0.0174428 0.161529 7.44462e-05 0.0151729 2.09753e-05 2.68729e-10 0.0109643 
0.276204 0.0708463 0.0574437 0.00340602 0.00102054 0.0492118 0.000138343 0.0866581 0.1314 0.27423 0.00253168 0.0417444 0.000659736 9.97661e-08 0.00450493 
0.561457 0.00183208 0.0342276 0.000157021 2.63592e-08 0.0388458 1.47865e-08 0.111465 0.0159038 0.154213 8.99004e-05 0.0109709 0.0707117 0.000123854 1.00071e-06 
0.353787 0.0113652 0.0684192 0.0997367 0.00213923 0.0317319 0.000988087 0.084943 0.18513 0.0211512 0.000773558 0.11363 0.00327345 0.00021503 0.022717 
0.600182 0.000141158 0.00497666 0.000100812 0.000243045 0.245366 8.72079e-09 0.00111647 0.0393147 0.0939819 3.67053e-05 0.0143711 0.000169056 2.26201e-12 4.47935e-07 
0.437158 0.00616883 0.0453617 0.0107226 0.000264197 0.0204404 8.52676e-05 0.0982742 0.0848535 0.20551 0.000120328 0.0843976 0.00298789 0.00165768 0.00199826 
0.312128 0.0146769 0.0550834 0.0151457 0.00317807 0.0453113 0.00177765 0.0677404 0.12522 0.229555 0.00227898 0.103576 0.0102208 1.61382e-05 0.0140902 
0.240783 0.217047 0.0694443 0.00360881 2.72408e-06 0.000550959 0.139704 0.0253741 0.158411 0.0790755 0.000405878 0.0630941 3.14082e-06 0.00018416 0.0023111 
0.486557 0.0415348 0.000157285 0.047155 2.92364e-05 0.0782013 4.98776e-06 0.0608392 0.139171 0.142904 1.03767e-05 0.00209094 0.000237087 6.48308e-07 0.00110662 
0.453899 0.0322147 0.000193507 6.44331e-05 3.39751e-05 0.000307669 4.21299e-06 0.00309574 0.123827 0.00356303 0.000200937 0.0914804 0.000425956 1.51886e-08 0.290689 
0.592206 0.0502442 0.0167716 0.00507126 0.000295335 0.0632646 0.0158115 0.0498053 0.0633404 0.129092 7.19451e-05 0.0111171 0.000237469 1.15534e-08 0.00267114 
0.307434 0.0567713 0.0323715 0.0133522 0.00328253 0.12491 6.70867e-05 0.0576668 0.163957 0.160427 0.000279226 0.0123879 0.0381876 1.11605e-05 0.0288946 
0.400583 0.00385103 0.0540534 0.00386347 0.000987888 0.143511 0.000193114 0.0395932 0.0560313 0.265873 2.43415e-05 0.0282108 0.00159096 6.54644e-06 0.00162591 
0.610494 0.134927 0.0395179 0.000440877 2.56394e-05 0.0160433 0.0200927 0.00043997 0.149308 0.00643908 9.99423e-05 0.013733 0.000195173 0.00484527 0.00339772 
0.446635 0.0141552 0.00471727 0.00143937 0.0560978 0.227893 5.76414e-06 0.0027236 0.19056 0.0504166 8.94666e-05 0.00256193 0.000112116 2.45558e-09 0.00259294 
0.543328 0.0174391 0.0371031 0.0390842 0.00298758 0.0211063 0.000737472 0.0754888 0.0944285 0.0865732 0.0010058 0.0354516 0.0360763 7.02387e-09 0.00919029 
0.61287 0.0555324 0.0158543 0.000916193 7.95704e-06 0.00647028 5.10632e-06 0.121535 0.0545451 0.124325 0.000395489 0.00307523 0.00274866 2.54282e-10 0.00171909 
0.666819 1.4462e-06 2.37555e-07 1.40763e-06 1.12628e-06 6.53013e-11 6.21146e-07 2.06755e-06 0.117643 0.215526 6.41147e-08 3.12019e-06 1.9751e-06 2.85264e-10 1.2248e-10 
0.70259 4.25598e-05 0.0174838 3.04482e-05 7.43352e-05 0.129903 3.95606e-08 0.042144 0.0117971 0.0481566 1.12515e-05 0.0468559 0.000909324 2.76251e-07 2.02217e-06 
0.439133 0.0525555 2.50391e-05 0.0356988 1.08168e-05 0.203612 2.50979e-05 0.0444446 0.0685789 0.153721 4.9304e-05 0.0015816 0.000196522 5.54095e-09 0.000367557 
0.580171 0.191636 5.59107e-05 0.000282404 0.000358201 2.03945e-06 3.83563e-05 0.0502921 0.097931 0.000228149 1.03592e-05 0.00316743 5.64726e-05 1.3968e-07 0.0757697 
0.582379 0.0697942 0.101002 0.00128703 0.00709506 0.0541005 0.0199276 0.0112235 0.056609 0.0182835 0.0394642 0.000987432 0.0289072 0.000289322 0.00865094 
0.502241 0.0130623 0.00419612 0.0283276 4.3795e-05 0.0798979 7.37308e-08 0.0316082 0.0486039 0.28917 7.5969e-06 0.000468913 0.0003642 2.58102e-11 0.0020091 
0.628078 0.139037 0.101143 0.000294249 0.00147149 0.00146141 2.19462e-06 0.020908 0.032997 0.0420297 2.05262e-05 0.00919518 0.0233021 2.64754e-06 5.71643e-05 
0.312766 0.107632 0.0270701 0.0030266 0.236492 0.000589241 9.80602e-06 0.00898206 0.238439 0.0214733 1.35642e-06 0.0380243 0.000525575 1.28234e-10 0.0049679 
0.252761 0.188437 0.0416079 0.000554413 0.00237388 0.00271273 8.67053e-06 0.0877968 0.0136814 0.00959677 1.48378e-07 0.135969 0.0279225 8.14228e-06 0.23657 
0.451193 0.0277143 0.117956 0.00571763 0.0128984 0.0420969 1.03536e-05 0.0310016 0.0989214 0.154619 9.63059e-05 0.0247057 0.0187495 1.93655e-08 0.0143211 
0.485356 0.051341 0.0568423 0.00984331 0.00180497 0.0528374 0.000495828 0.0347381 0.148274 0.102948 0.0114124 0.0423269 0.000376285 2.15796e-06 0.0014008 
0.266455 0.00405898 0.0698014 0.0341895 0.000683589 0.0626874 0.00322468 0.064274 0.1292 0.170143 0.00382552 0.174125 0.000790055 0.0039755 0.0125668 
0.38932 0.0312305 0.00705596 6.3145e-06 3.17588e-05 9.34011e-05 0.000201258 0.0198805 0.139523 0.0697686 2.1039e-08 0.255653 0.00307523 2.47426e-10 0.0841609 
0.537433 0.0795895 4.93332e-05 0.113901 1.97965e-08 0.00963651 7.13007e-08 0.140987 0.0320509 0.0837407 6.09407e-08 0.00140883 0.000135174 9.38288e-07 0.00106706 
0.769575 0.00253358 0.0118139 9.04355e-07 2.75358e-05 0.000507011 0.00220203 0.0066023 0.000645851 0.00333212 8.31004e-06 0.193862 2.33087e-05 2.77878e-06 0.00886377 
0.399427 0.00221351 0.0112764 0.00142138 0.000171883 0.0201363 3.38587e-09 0.00844138 0.185576 0.136588 0.000170951 0.232681 0.0012377 7.43854e-12 0.000659303 
0.349783 0.0033481 0.00853834 0.017887 0.00190014 0.339491 3.6883e-06 0.0037239 0.14152 0.0848758 3.57377e-05 0.046274 0.000132168 8.11834e-06 0.00247936 
0.311529 0.00709716 0.0285613 0.00468059 7.97656e-05 0.0230651 8.44924e-05 0.0426566 0.0957268 0.0347785 0.000252906 0.24465 0.0027327 5.59008e-10 0.204105 
0.310778 0.0281894 0.0189803 0.00342765 0.000273678 0.0650333 4.14658e-05 0.0957682 0.249914 0.163417 1.99236e-05 0.0624129 0.00120075 9.70315e-07 0.000543208 
0.374124 0.00664256 0.132313 0.00248708 2.82712e-06 0.215565 0.000253977 0.0426966 0.0497206 0.0120075 0.0149929 0.148086 7.50369e-05 4.3521e-05 0.000988932 
0.221788 0.0163555 0.0953034 0.0210769 0.00013176 0.195698 0.0012649 0.0339579 0.169111 0.0777703 0.0198244 0.0663226 0.00076037 2.29747e-07 0.0806351 
0.486557 0.0415348 0.000157285 0.047155 2.92364e-05 0.0782013 4.98776e-06 0.0608392 0.139171 0.142904 1.03767e-05 0.00209094 0.000237087 6.48308e-07 0.00110662 
0.464439 0.0120517 0.0691643 0.00281472 0.000724115 0.0838464 0.000164488 0.0140853 0.217199 0.0556019 0.00623724 0.0718939 0.00147204 9.25691e-10 0.000306133 
0.748171 0.00233445 0.00244631 0.0118385 1.45811e-05 0.0325552 4.44553e-06 0.00615612 0.0319691 0.129625 9.22142e-05 0.0328571 0.000372501 4.99543e-12 0.00156357 
0.297808 0.0374302 0.0719289 0.00111352 8.83376e-05 0.0287739 8.76629e-05 0.181131 0.246968 0.0572427 2.08015e-05 0.0588926 0.000164227 1.35362e-06 0.0183481 
0.537433 0.0795895 4.93332e-05 0.113901 1.97965e-08 0.00963651 7.13007e-08 0.140987 0.0320509 0.0837407 6.09407e-08 0.00140883 0.000135174 9.38288e-07 0.00106706 
0.340311 0.00326863 0.018751 0.00614984 0.0025747 0.24833 2.40418e-05 0.0287413 0.210104 0.0814007 2.36967e-05 0.0491679 0.00164608 5.57016e-08 0.00950705 
0.588535 0.0477544 0.00138885 0.0683411 1.74129e-08 0.013996 6.27045e-08 0.0936397 0.0237968 0.155455 5.35905e-08 0.00267217 0.000392854 1.21132e-06 0.00402643 
0.676428 0.00710371 0.0151492 0.00511259 1.43685e-06 0.00305923 1.48412e-07 0.00995926 0.0189678 0.150723 1.77174e-05 0.0957789 0.000221703 7.75345e-09 0.0174768 
0.811531 0.00115564 0.00243863 1.2415e-07 2.97292e-07 0.0195389 0.010163 0.0107942 0.0360868 0.0971723 2.80207e-05 0.00966166 1.98575e-07 4.51254e-07 0.00142876 
0.613661 0.0461156 0.0259765 0.000241992 5.9639e-05 0.0273671 1.72791e-06 0.0398745 0.0217527 0.210001 0.000242676 0.0137164 4.99399e-07 9.83038e-08 0.000989232 
0.537433 0.0795895 4.93332e-05 0.113901 1.97965e-08 0.00963651 7.13007e-08 0.140987 0.0320509 0.0837407 6.09407e-08 0.00140883 0.000135174 9.38288e-07 0.00106706 
0.453674 0.00667216 0.109515 0.00935727 0.0344304 0.00967294 0.000168254 0.0615391 0.0329513 0.205342 0.00015699 0.0333002 0.0322115 0.000319913 0.0106897 
0.412933 0.00837489 0.0146909 0.00266548 0.0199848 0.25689 7.50376e-06 0.0040312 0.152661 0.102352 0.000403295 0.00983528 0.0001896 0.00808731 0.00689379 
0.543166 0.00547613 0.0278705 0.00674146 0.00106491 0.22686 4.68084e-05 0.0602863 0.0495349 0.0667147 0.00254026 0.00896721 6.34451e-05 5.54634e-09 0.000667313 
0.280582 0.00767971 0.0104637 0.0156844 0.00105552 0.212743 5.40823e-06 0.047818 0.122886 0.266693 9.61072e-05 0.0211707 0.00222896 1.11372e-05 0.0108827 
0.507777 0.0296681 0.00152319 0.0336824 2.08981e-05 0.0758552 3.57296e-06 0.0478474 0.104917 0.193075 7.42066e-06 0.00277053 0.000417972 7.71814e-07 0.00243367 
0.464688 0.0057988 0.072595 0.0149394 0.00202038 0.00150926 2.2849e-05 0.0157085 0.130087 0.0519595 0.000107889 0.146268 0.000522801 0.000518173 0.0932545 
0.374216 0.263201 0.0858128 0.00655712 0.000399166 0.0127624 1.3766e-06 0.0283641 0.150578 0.0443193 7.0566e-05 0.00930821 0.00664084 0.000346525 0.0174229 
0.548054 0.00694682 0.130541 0.00149341 1.78721e-07 0.0178925 0.00122169 0.0681054 0.0226102 0.202586 3.58551e-05 0.00027656 0.000236473 1.13157e-09 4.85847e-10 
0.475933 0.0564469 0.162964 0.0462705 0.00327511 0.0384047 2.10548e-05 0.0118923 0.0285478 0.00981566 0.000466047 0.145276 0.00161181 0.00521229 0.0138636 
0.507777 0.0296681 0.00152319 0.0336824 2.08981e-05 0.0758552 3.57296e-06 0.0478474 0.104917 0.193075 7.42066e-06 0.00277053 0.000417972 7.71814e-07 0.00243367 
0.938812 0.00250124 3.39458e-05 7.05327e-07 1.04779e-08 0.000454505 7.03562e-12 0.00402016 0.0115638 0.0425002 1.85985e-09 0.000113513 5.54603e-09 9.37353e-12 9.08637e-08 
0.526429 0.033646 0.00760399 0.00036352 7.44805e-05 0.000118123 6.71085e-05 0.0244571 0.0938986 0.0149274 0.000414033 0.239453 0.00757721 5.39151e-08 0.0509699 
0.345345 0.0564602 3.44052e-05 0.00573578 5.33602e-05 0.0107726 2.44912e-05 0.0669854 0.3213 0.192153 3.27918e-05 0.00038006 0.000221642 6.55503e-11 0.000501826 
0.811531 0.00115564 0.00243863 1.2415e-07 2.97292e-07 0.0195389 0.010163 0.0107942 0.0360868 0.0971723 2.80207e-05 0.00966166 1.98575e-07 4.51254e-07 0.00142876 
0.474228 0.00240449 0.00758096 0.00246337 0.000579687 0.00452133 2.611e-05 0.0351079 0.200367 0.209459 1.03276e-05 0.0520507 0.000200024 1.31736e-05 0.0109874 
0.653544 0.112304 0.0189331 0.000172672 0.00103321 0.019325 5.87239e-07 0.142551 0.00120981 0.0409461 2.66929e-05 0.00443108 0.000623378 0.000150252 0.00474897 
0.280369 0.0194958 0.245587 0.013552 0.00403701 0.12181 0.000510826 0.0237516 0.106153 0.0902922 0.00422535 0.0667759 0.00246369 0.000406674 0.0205698 
0.486557 0.0415348 0.000157285 0.047155 2.92364e-05 0.0782013 4.98776e-06 0.0608392 0.139171 0.142904 1.03767e-05 0.00209094 0.000237087 6.48308e-07 0.00110662 
0.491924 0.00391948 0.00526554 0.0228913 0.000109655 0.01218 1.58581e-07 0.0213958 0.0692161 0.370146 3.96047e-05 0.00247284 0.000433536 2.15409e-07 6.02874e-06 
0.252971 0.0961557 0.108896 8.60095e-07 8.59564e-07 0.0271771 8.59411e-07 0.0713964 0.22184 0.147092 0.00283879 0.0215888 0.00687881 8.5913e-07 0.0431616 
0.316005 0.00898079 0.236413 0.00191018 0.000126577 0.0182028 0.00125549 0.0607535 0.0290391 0.0885447 0.0544909 0.165953 0.00175655 1.24926e-07 0.0165694 
0.296805 0.0107811 0.0693794 0.0157004 0.0018807 0.0205222 0.00105732 0.030014 0.178276 0.234519 0.000478124 0.130566 0.000753266 0.0018761 0.00739134 
0.402273 0.174124 0.00558765 0.00436001 0.00656259 0.000886601 0.243919 0.0148592 0.0761424 0.00133434 0.00115187 0.0334761 1.26363e-05 6.81679e-08 0.0353102 
0.808668 0.000926251 0.000834084 0.0536785 7.60267e-08 0.000716712 4.19475e-08 0.0249715 0.0368101 0.0581347 4.33763e-09 0.0152604 1.33296e-07 6.46792e-11 2.77705e-11 
0.332523 0.134548 0.101293 0.00959731 4.31933e-05 0.0557198 1.90277e-05 0.0312531 0.185738 0.117017 0.00115379 0.0240578 0.00187457 4.07947e-08 0.00516169 
0.443975 0.0131341 0.0188019 0.00639216 0.0216787 0.223684 5.28808e-06 0.0172376 0.178672 0.0570965 0.000129965 0.0132633 0.000349595 1.76432e-10 0.00557974 
0.537433 0.0795895 4.93332e-05 0.113901 1.97965e-08 0.00963651 7.13007e-08 0.140987 0.0320509 0.0837407 6.09407e-08 0.00140883 0.000135174 9.38288e-07 0.00106706 
0.443975 0.0131341 0.0188019 0.00639216 0.0216787 0.223684 5.28808e-06 0.0172376 0.178672 0.0570965 0.000129965 0.0132633 0.000349595 1.76432e-10 0.00557974 
0.457364 0.00676179 0.0120281 0.00170762 4.15801e-08 0.0286293 2.19616e-06 0.00324432 0.154378 0.213706 6.02485e-09 0.0913845 8.57223e-05 1.19709e-10 0.0307089 
0.742631 0.000128931 0.0183182 0.00513656 2.06769e-07 0.0781896 7.02989e-07 0.0458579 0.00800584 0.100135 2.07286e-05 0.00141953 4.6809e-05 3.33656e-09 0.000108816 
0.929111 0.00194062 0.00960514 0.000239359 1.99105e-05 0.00111757 0.000130497 0.0215857 0.0227124 0.0103111 3.91178e-08 0.000118058 0.00293827 2.40695e-10 0.000169872 
0.374955 0.0752223 0.0597172 0.00669194 0.000273196 0.0282816 3.89063e-05 0.0251602 0.176109 0.241674 0.000347881 0.00341339 0.00214715 2.27219e-05 0.00594593 
0.325762 7.96686e-05 0.153702 0.00324575 0.000107412 0.194572 6.08273e-05 0.00101312 0.0320515 0.119356 1.30447e-05 0.168735 0.00100715 1.16536e-08 0.0002949 
0.313343 0.296359 0.035796 0.0170331 0.00596329 0.0123126 0.00430239 0.0643134 0.0844084 0.128765 0.0014033 0.00808836 0.0010785 2.11533e-05 0.0268124 
0.381736 0.00911746 0.0297241 0.031085 0.00190288 0.0186511 1.69144e-05 0.105573 0.122561 0.167798 0.00223512 0.124802 0.00107272 0.00130435 0.00242021 
0.430011 0.00106636 0.0463634 0.0436158 1.65369e-05 0.0248587 3.07462e-06 0.0188936 0.20383 0.165381 2.16974e-05 0.054241 0.000123516 3.03455e-09 0.0115739 
0.543166 0.00547613 0.0278705 0.00674146 0.00106491 0.22686 4.68084e-05 0.0602863 0.0495349 0.0667147 0.00254026 0.00896721 6.34451e-05 5.54634e-09 0.000667313 
0.483617 0.0666621 0.0319405 0.00345262 0.000955903 0.0454523 5.39778e-05 0.0651026 0.118136 0.137739 1.88858e-05 0.0104566 0.000529222 0.000198254 0.0356859 
0.406046 0.000647828 0.00733877 0.0248236 0.000390106 0.0182199 2.79759e-07 0.0387807 0.043105 0.349746 1.35041e-05 0.107661 0.00136246 5.31334e-09 0.00186417 
0.453899 0.0322147 0.000193507 6.44331e-05 3.39751e-05 0.000307669 4.21299e-06 0.00309574 0.123827 0.00356303 0.000200937 0.0914804 0.000425956 1.51886e-08 0.290689 
0.199878 0.0788602 0.064896 0.0189477 0.0387552 0.0934288 8.68535e-05 0.143722 0.11842 0.147355 0.000404047 0.0440104 0.00369689 0.0331295 0.0144097 
0.464688 0.0057988 0.072595 0.0149394 0.00202038 0.00150926 2.2849e-05 0.0157085 0.130087 0.0519595 0.000107889 0.146268 0.000522801 0.000518173 0.0932545 
0.268811 0.00964119 0.094347 0.0100238 0.0010171 0.0292297 0.00263291 0.0268537 0.0932137 0.189579 0.00354468 0.257763 0.00177508 0.00218133 0.00938726 
0.326476 0.00620775 0.0595352 0.0129772 0.00327944 0.054208 0.00719457 0.0257595 0.210197 0.263017 3.96047e-05 0.02656 0.000456574 7.88617e-07 0.00409179 
0.314423 0.00162218 0.00277431 0.0672677 2.17981e-07 0.276019 1.19028e-05 0.015647 0.0630405 0.257351 3.15543e-05 0.00128435 0.000286312 8.63866e-09 0.000240888 
0.38019 0.0726186 0.0330899 0.000779207 0.00033647 0.00293943 0.000130863 0.0401833 0.1656 0.264174 7.41784e-05 0.0197203 0.00279133 0.000802389 0.0165706 
0.324234 0.0200318 0.0493038 0.0166746 0.00119141 0.0253922 0.00067963 0.0749349 0.0258709 0.24436 1.64705e-05 0.187236 0.0155973 5.26486e-05 0.0144237 
0.339789 0.00336352 0.0872566 0.00141478 0.0100725 0.00926974 0.00771736 0.037684 0.298773 0.0197459 2.64769e-05 0.015028 0.00699443 4.0535e-11 0.162864 
0.487553 0.00056007 0.0016253 0.0421014 3.13728e-07 0.216499 1.917e-07 0.0557627 0.0445939 0.122784 1.47635e-06 0.0276654 0.000786273 7.66333e-12 6.62616e-05 
0.24672 0.126106 0.00197073 0.0141909 1.97903e-05 0.144809 6.37402e-05 0.196713 0.0509828 0.00589662 0.000189736 0.0157521 0.00503712 8.63102e-07 0.191548 
0.588535 0.0477544 0.00138885 0.0683411 1.74129e-08 0.013996 6.27045e-08 0.0936397 0.0237968 0.155455 5.35905e-08 0.00267217 0.000392854 1.21132e-06 0.00402643 
0.543166 0.00547613 0.0278705 0.00674146 0.00106491 0.22686 4.68084e-05 0.0602863 0.0495349 0.0667147 0.00254026 0.00896721 6.34451e-05 5.54634e-09 0.000667313 
0.54354 0.00612897 0.0503452 0.00201912 0.0005117 0.0615536 9.37127e-06 0.0135985 0.159974 0.0738758 4.44418e-05 0.0848864 0.00124448 6.45193e-06 0.00226168 
0.348467 0.0909613 0.0149766 0.00171946 0.0119299 0.0101155 0.000313607 0.296898 0.133148 0.0763487 0.00015785 0.00705524 0.00707297 1.07953e-09 0.000836032 
0.419214 0.0107163 0.104407 0.00401275 0.00252099 0.00884633 1.34939e-05 0.0622717 0.0762029 0.259997 6.75302e-05 0.0216691 0.0217221 2.11077e-05 0.00831798 
0.322451 0.000833834 0.321535 0.000740605 2.61324e-06 0.00913317 0.000107295 0.035546 0.0340031 0.242413 3.65675e-07 0.0313411 0.00177088 6.07751e-06 0.000116022 
0.332952 0.198696 9.81374e-10 0.00148561 1.1478e-08 0.210793 0.000106107 0.0264517 0.117097 0.111842 9.85176e-05 0.00026057 7.05836e-05 4.12956e-09 0.000146716 
0.735175 0.0148783 0.0265875 0.00107167 6.1095e-05 0.0158456 0.0407227 0.01671 0.0561474 0.0220964 0.000609241 0.0307415 0.0351753 0.00159089 0.0025872 
0.491924 0.00391948 0.00526554 0.0228913 0.000109655 0.01218 1.58581e-07 0.0213958 0.0692161 0.370146 3.96047e-05 0.00247284 0.000433536 2.15409e-07 6.02874e-06 
0.430111 0.00762054 0.00617046 9.45598e-05 0.00103431 0.131106 2.82221e-05 0.00873345 0.238066 0.159615 0.000107613 0.0136858 0.000317624 0.000255298 0.00305327 
0.273915 0.0156444 0.0468716 0.0957206 0.178986 0.0936676 0.000111733 0.028369 0.180368 0.0594735 0.000231846 0.0177125 0.00119623 1.85334e-08 0.00773122 
0.291865 0.130284 0.0524562 0.0292465 9.19168e-05 0.0118126 3.89704e-05 0.0796211 0.131758 0.215888 0.00018372 0.00530919 0.0467883 1.43277e-07 0.00465712 
0.346533 0.0304297 0.072117 0.00783699 0.00192267 0.00481062 0.00828558 0.0595901 0.168345 0.0224846 0.000190011 0.025209 0.00662698 1.07309e-05 0.245607 
0.323649 0.0498173 0.0137967 0.0266595 0.309737 0.0865482 7.08402e-05 0.0170911 0.0937829 0.049933 0.000199154 0.0258366 0.00151119 1.66164e-08 0.00136763 
0.405543 0.0349889 0.0185421 0.0272985 0.00464444 0.00497107 1.32481e-05 0.0709302 0.11563 0.0132462 1.03168e-05 0.0298995 0.241433 0.0198785 0.0129703 
0.667172 0.00533291 0.0394235 4.75803e-05 1.28467e-08 0.0237366 4.01851e-05 0.000486065 0.0118223 0.238712 1.18661e-06 0.0127792 0.000443853 3.91435e-07 2.30349e-06 
0.530401 0.0422815 0.0435115 0.00864467 1.43839e-05 0.0121218 0.0559077 0.0276777 0.110541 0.0954832 0.000974898 0.0698191 0.00031222 2.07608e-05 0.00228837 
0.681623 0.00134964 0.0279913 0.00721423 2.4972e-08 0.00177562 1.40401e-08 0.0308248 0.101924 0.0820506 4.6193e-06 0.0585032 2.83972e-08 4.07572e-09 0.00673837 
0.682473 0.0840463 1.06673e-06 1.40856e-07 0.000284705 0.000403129 9.08669e-05 8.98257e-05 0.218181 0.00951445 2.13246e-07 0.00147372 4.31432e-06 6.26529e-07 0.00343666 
0.327267 0.0597964 0.0385582 0.00507257 0.000190206 0.0116968 0.000374496 0.0294421 0.055985 0.312031 0.0126766 0.111188 0.00419181 0.0286303 0.00289967 
0.211746 0.0521226 0.159046 0.0143711 8.17516e-06 0.0176416 1.50728e-06 0.152876 0.165508 0.135564 0.0177995 0.0680403 0.00115398 1.66057e-06 0.00412033 
0.261147 0.102432 0.0649155 5.57913e-08 0.0789178 0.010487 1.01941e-05 0.0201543 0.216962 0.197862 8.83823e-05 0.0230623 0.0117034 9.11719e-09 0.0122583 
0.374526 0.0239907 0.000818108 0.00767861 4.52512e-07 0.0114296 1.52128e-06 0.0054144 0.245475 0.298289 1.74396e-06 0.026129 9.86569e-05 7.96627e-11 0.0061465 
0.497393 0.00530283 0.069674 4.22475e-05 0.00146926 0.030737 1.99536e-08 0.00328446 0.164127 0.0556937 0.000592547 0.159644 0.000187688 4.55017e-07 0.0118516 
0.400989 0.0156865 0.0270174 0.0178271 0.00939051 0.121535 9.90693e-05 0.0749789 0.134579 0.153078 0.000165343 0.0365942 0.0048498 3.10338e-06 0.00320819 
0.378482 0.00433927 0.0265957 0.0154831 5.79008e-05 0.346273 3.27535e-06 0.00930257 0.032538 0.16879 6.6432e-05 0.0153996 0.00132047 8.06792e-09 0.00134864 
0.69024 0.00337457 0.00219526 0.000396099 1.14418e-05 0.00499028 4.65225e-06 0.00149699 0.177615 0.112726 1.597e-06 0.000521116 4.10936e-06 4.2345e-08 0.00642257 
0.405543 0.0349889 0.0185421 0.0272985 0.00464444 0.00497107 1.32481e-05 0.0709302 0.11563 0.0132462 1.03168e-05 0.0298995 0.241433 0.0198785 0.0129703 
0.343735 0.0052278 0.0374731 0.00852375 0.170736 0.108192 0.000308416 0.0326522 0.0316168 0.119689 0.000615743 0.104438 0.0326322 1.23805e-07 0.00415931 
0.704319 0.000675052 0.0201421 0.00360784 6.60522e-08 0.00709419 3.71469e-08 0.0154132 0.103977 0.112146 2.32774e-06 0.0292531 7.51059e-08 1.08029e-08 0.00337005 
0.781809 0.00708195 0.00293426 1.3962e-05 0.00108393 0.0590155 9.12243e-06 7.30555e-05 0.107055 0.013284 2.37986e-05 0.0239793 0.000113248 1.02495e-12 0.00352393 
0.598114 0.00992383 0.0624959 0.00395515 5.41761e-05 0.00441279 7.26348e-06 0.0169143 0.133676 0.0318509 7.52882e-05 0.117242 0.00211218 0.000165513 0.019 
0.208399 0.0100291 0.0471442 0.000627882 0.00402125 0.00846027 3.34463e-07 0.169262 0.122364 0.19197 4.8629e-06 0.0571535 0.170427 4.27938e-09 0.0101376 
0.74472 0.044163 0.00600251 0.00126825 8.4686e-07 0.0501021 1.00487e-05 0.0177462 0.0586091 0.0383314 1.31408e-05 0.0364256 0.00050371 3.69415e-09 0.00210418 
0.383654 0.00821523 0.0542118 0.0265402 0.000573375 0.0468017 0.00116002 0.034391 0.091196 0.26171 2.24894e-05 0.0704355 0.0197994 2.86612e-06 0.00128589 
0.486557 0.0415348 0.000157285 0.047155 2.92364e-05 0.0782013 4.98776e-06 0.0608392 0.139171 0.142904 1.03767e-05 0.00209094 0.000237087 6.48308e-07 0.00110662 
0.543166 0.00547613 0.0278705 0.00674146 0.00106491 0.22686 4.68084e-05 0.0602863 0.0495349 0.0667147 0.00254026 0.00896721 6.34451e-05 5.54634e-09 0.000667313 
0.398266 0.0409407 2.19811e-07 0.00756127 4.32363e-07 0.0183574 0.000232244 0.207442 0.285 8.27793e-05 2.3528e-05 2.22351e-05 1.08118e-07 4.44257e-06 0.0420665 
0.410964 0.000895263 0.0141338 0.0039239 0.00126585 0.132392 6.60385e-05 0.162057 0.083345 0.175403 0.00291795 0.0119379 5.20554e-05 1.61148e-10 0.000646135 
0.638776 0.000299774 0.0236277 0.000817878 5.49826e-06 0.0553344 5.7327e-06 0.00674296 0.006729 0.253829 1.02234e-05 0.0119115 0.00042598 1.01929e-05 0.0014742 
0.337509 0.00855825 0.234182 0.0011288 0.0054756 0.0111796 0.000542696 0.0334607 0.0930399 0.226375 0.00207276 0.0399167 0.00254075 8.88674e-06 0.00400931 
0.347951 0.175423 0.074216 0.00601909 0.000930158 0.00826327 0.000601142 0.0729164 0.156498 0.108558 0.00231893 0.0191705 0.00285331 0.00075327 0.0235284 
0.372758 0.0780703 0.0248229 0.0307336 0.000968954 0.0807435 1.81096e-05 0.0770177 0.145069 0.147385 0.000124848 0.005118 0.03225 1.37414e-10 0.00491898 
0.620521 0.00419851 0.00359416 0.0401499 8.10241e-05 0.0489059 9.89132e-05 0.0592111 0.0932207 0.0432643 1.50676e-05 0.0430655 0.000456112 0.0025706 0.040647 
0.681824 0.0296261 0.03497 3.09277e-05 1.90521e-05 7.57389e-05 6.10262e-07 0.0114684 0.211351 0.0304009 3.16484e-07 0.000101142 1.79663e-05 4.24204e-08 0.000114142 
0.681219 0.0184603 0.0450581 0.00493171 0.000430596 0.00165947 0.000243685 0.00933775 0.0949452 0.024425 3.48516e-05 0.104649 0.0122155 2.69524e-05 0.00236266 
0.431471 0.0111071 0.105977 0.0584277 0.000884349 0.0460652 0.0114516 0.0303821 0.0969466 0.106795 0.0146877 0.0308269 0.0122952 3.65385e-05 0.0426457 
0.303522 0.141503 0.123035 0.00289225 0.00655423 0.202958 0.0231882 0.00733652 0.0879994 0.0573658 0.0121451 0.0268296 0.00245255 6.15433e-05 0.00215638 
0.495013 0.0133195 0.0217855 0.00228562 0.0474351 0.12686 1.79837e-05 0.00400601 0.238348 0.0261736 0.000121821 0.00812007 0.000240276 1.75692e-09 0.0162731 
0.326227 0.0196018 0.0961143 0.00953624 0.0227041 0.127174 0.00167761 0.0171481 0.106258 0.0846222 0.004881 0.174346 0.000366041 0.00114274 0.00820074 
0.464688 0.0057988 0.072595 0.0149394 0.00202038 0.00150926 2.2849e-05 0.0157085 0.130087 0.0519595 0.000107889 0.146268 0.000522801 0.000518173 0.0932545 
0.219403 0.0658773 0.0606887 0.0316093 7.46337e-05 0.0393463 0.000680337 0.193205 0.121026 0.166385 0.00144897 0.0640643 0.0326003 0.00147943 0.00211093 
0.559612 0.00686996 0.313578 0.000249213 7.25691e-07 0.00530563 0.000460915 0.00617818 0.0458149 0.0480722 0.00058042 0.00575078 0.00425218 0.00228628 0.000988853 
0.454282 0.00497246 0.0409501 0.0179979 0.00101577 0.0740022 0.000418027 0.0310086 0.171794 0.102016 0.00229789 0.0969193 0.00161856 6.51057e-07 0.000706892 
0.518706 0.00824669 0.0343076 0.0349488 0.000101916 0.013633 1.39742e-05 0.0549317 0.162858 0.150429 8.47258e-06 0.0071581 0.00519628 8.94602e-08 0.00946067 
0.362213 0.0467725 0.0567945 7.62841e-05 9.58686e-05 0.093017 5.61566e-06 0.0633667 0.141071 0.186871 1.86883e-05 0.0436645 0.000841672 5.17098e-10 0.00519223 
0.495013 0.0133195 0.0217855 0.00228562 0.0474351 0.12686 1.79837e-05 0.00400601 0.238348 0.0261736 0.000121821 0.00812007 0.000240276 1.75692e-09 0.0162731 
0.426257 0.0540745 0.303234 0.00832144 0.000331912 0.00993038 0.00696839 0.0315244 0.0309102 0.0344693 0.0323695 0.0476496 0.00428411 0.00214207 0.00753306 
0.568568 0.0452862 0.135013 0.00184696 0.00808006 0.0128055 2.83194e-07 0.0882886 0.0206772 0.106126 6.17256e-05 0.0130846 1.55309e-06 1.36494e-07 0.000160608 
0.274901 0.0470998 0.0828728 0.0037501 0.000379186 0.0664644 1.34626e-05 0.0456159 0.125258 0.239452 0.000186074 0.0269961 0.0761844 0.000411343 0.0104153 
0.414026 0.0372882 0.0880411 0.000959303 0.000231873 0.0137513 0.000142297 0.0274866 0.0895665 0.125006 2.0733e-05 0.171669 0.000900081 0.00105499 0.0298558 
0.260515 0.0146172 0.0293329 0.0195152 5.07324e-05 0.159335 0.000608791 0.159151 0.0646395 0.256026 0.00455086 0.0308878 0.000289016 1.74652e-05 0.00046341 
0.659619 5.9856e-05 0.0579558 1.0248e-05 1.38087e-11 0.0222074 1.68034e-11 0.0201853 0.0114063 0.205192 1.93142e-08 0.00674108 0.0165928 2.9922e-05 1.20393e-08 
0.402861 0.0741451 0.151728 0.000648012 0.00426789 0.0425133 0.000534028 0.0331013 0.0244193 0.19772 0.000646935 0.0343094 0.00115985 8.37084e-05 0.0318619 
0.343151 0.181181 0.188267 0.0112405 0.00206786 0.00318966 0.000205928 0.0781386 0.124316 0.0430568 0.00134061 0.0151942 0.00656457 3.73001e-08 0.00208637 
0.353333 0.0416897 0.074975 0.0189583 0.00224573 0.0731953 0.00270123 0.12975 0.102314 0.134769 0.0010144 0.0578433 0.00262108 0.000668721 0.00392208 
0.494341 0.000468703 0.0415823 0.000295476 1.18776e-05 0.0142944 4.39568e-06 0.0838683 0.18121 0.11547 1.28881e-05 0.0636249 0.00463163 1.22757e-06 0.000182153 
0.618659 0.000699926 0.0322028 1.30913e-07 1.2518e-10 4.64577e-11 3.62417e-07 0.152323 2.14155e-06 0.19161 1.46733e-08 0.00356844 0.000871488 2.02947e-10 6.29253e-05 
0.319578 0.00159962 0.00913643 0.0163137 8.11624e-05 0.014068 3.95904e-05 0.0279526 0.233798 0.194262 2.73514e-07 0.180096 0.000463037 8.99664e-11 0.00261168 
0.340014 0.194534 0.0079811 0.00155258 0.0014944 0.00115081 1.33244e-05 0.0772459 0.255691 0.067634 0.000798616 0.0436019 0.00279207 2.11566e-07 0.00549657 
0.785974 0.00195431 0.0253747 9.18353e-08 1.08085e-07 1.22339e-05 2.76946e-08 0.00104726 0.0700551 0.0511552 0.000159846 0.062948 0.00131896 8.38387e-12 3.60004e-08 
0.99627 1.91299e-05 0.000716434 0.000579386 1.99199e-09 1.12378e-05 4.60802e-06 9.80277e-06 0.00102721 0.00080514 5.2372e-06 0.000524313 1.85104e-05 5.1704e-06 3.88387e-06 
0.501538 0.00167885 0.0381334 0.0074215 0.000275582 0.00322509 6.56663e-05 0.0211511 0.132203 0.0263131 8.25486e-06 0.219983 0.000202759 9.72976e-05 0.0477038 
0.61287 0.0555324 0.0158543 0.000916193 7.95704e-06 0.00647028 5.10632e-06 0.121535 0.0545451 0.124325 0.000395489 0.00307523 0.00274866 2.54282e-10 0.00171909 
0.300871 0.00981646 0.00624427 0.0183459 0.197505 0.177045 0.000278801 0.198301 0.056126 0.00218444 0.022561 0.00437432 0.00015066 0.00432521 0.00187034 
0.371798 0.0247813 0.0173389 0.000208159 0.00116739 0.12969 1.59633e-05 0.0368573 0.202449 0.151349 2.17627e-05 0.0635641 0.000154253 1.24666e-08 0.000604827 
0.710382 0.00845973 0.0215453 0.000718394 1.03527e-06 0.000651961 0.000218422 0.00774168 0.0423799 0.193508 1.0845e-05 0.00637132 0.00509557 0.00284123 7.40118e-05 
0.348943 0.144329 0.0326697 0.015461 0.000423908 0.265129 6.74739e-05 0.0299546 0.0441602 0.044041 0.0111625 0.0578361 0.000422812 1.36355e-05 0.0053866 
0.390794 0.132809 0.0671105 0.00510318 0.00138038 0.120696 0.000347368 0.0402351 0.0997375 0.106712 0.0127863 0.0216082 0.000203965 3.29097e-07 0.00047605 
0.235595 0.0376906 0.190257 0.0167132 0.0325232 0.0129347 0.000841822 0.0490456 0.12899 0.108144 0.00125 0.15609 0.0080363 0.000208967 0.0216797 
0.590153 0.00448983 0.127094 0.00261622 1.51983e-05 0.098048 5.04715e-05 0.00659726 0.0616963 0.0992118 0.000326266 0.00704083 0.00165383 0.000181068 0.000825843 
0.297464 0.0272797 0.0154652 0.0411899 5.22348e-05 0.0226956 0.00018794 0.223058 0.083826 0.163932 6.24079e-05 0.0897353 0.00717765 3.39419e-07 0.0278733 
0.442911 0.00766599 0.0261338 0.00943736 0.00149046 0.3176 6.49058e-05 0.0569136 0.0693479 0.0523527 0.00355447 0.0115054 8.87311e-05 1.81211e-09 0.000933923 
0.301447 0.0017421 0.115203 0.00224052 0.000523093 0.0483257 1.52591e-05 0.00746145 0.148662 0.280668 0.00249325 0.0866539 0.000212035 1.97333e-05 0.00433263 
0.347592 0.0239531 0.0925095 0.0880808 6.18918e-05 0.00230359 1.54286e-05 0.0928401 0.0720993 0.251992 7.89135e-05 0.00199458 0.0262922 9.60744e-07 0.000185534 
0.288451 0.00954189 0.0325246 0.00216915 0.00218947 0.213773 0.000512144 0.0473346 0.234058 0.135113 0.00646593 0.0150221 0.00514434 1.42306e-08 0.00770145 
0.561903 0.00317018 0.213927 0.00105456 1.38597e-07 0.0349051 5.28498e-06 0.0150797 0.0209035 0.0302713 0.0266491 0.0865144 0.000630083 5.87796e-10 0.00498719 
0.600182 0.000141158 0.00497666 0.000100812 0.000243045 0.245366 8.72079e-09 0.00111647 0.0393147 0.0939819 3.67053e-05 0.0143711 0.000169056 2.26201e-12 4.47935e-07 
0.322999 0.251041 0.101876 0.0120509 0.0319942 0.0627106 0.00159302 0.0328923 0.101896 0.031099 0.0226179 0.0146693 0.00137043 1.62783e-06 0.0111897 
0.442684 0.02103 0.00715301 0.00149629 0.000564992 0.260981 2.27891e-06 0.00382283 0.0523333 0.149123 0.0015809 0.0513085 0.0037241 3.89043e-11 0.00419596 
0.250235 0.0760147 0.0632176 0.00648114 0.00354546 0.0107309 6.9829e-05 0.159424 0.204305 0.169446 0.0282461 0.0223495 0.00065848 7.3371e-05 0.00520273 
0.441966 0.10401 0.0251015 4.89395e-05 4.33679e-05 0.00710177 1.58626e-08 0.0146078 0.284099 0.0137525 5.02685e-05 0.109015 0.000131511 3.78807e-08 7.24398e-05 
0.29561 0.018146 0.109876 0.0238801 0.000301751 0.065268 0.000289802 0.0358518 0.117132 0.125316 0.00520843 0.185022 0.00307673 0.00160145 0.0134194 
0.394288 0.140568 0.112498 0.000381146 0.000801354 0.0170787 0.00095606 0.0279489 0.0612753 0.157242 9.92121e-05 0.0235765 0.028683 3.69787e-06 0.0346006 
0.197131 0.19649 0.0695941 0.0983669 3.78137e-05 0.119164 0.00103914 0.0629576 0.0592771 0.163221 0.00410039 0.0283726 0.000196643 5.33089e-11 5.23248e-05 
0.224893 0.086343 0.0595506 0.013657 0.0295283 0.196353 0.00396632 0.157589 0.062567 0.0376393 0.00828939 0.0989472 7.64504e-05 0.000324935 0.0202759 
0.355043 0.116883 0.0108206 0.00162502 0.000355505 0.0125531 1.98037e-05 0.308407 0.117002 0.0742296 0.000181195 0.000223412 0.00168673 1.57798e-10 0.000970085 
0.25777 0.018519 0.0527996 0.0179375 0.000477214 0.0281345 5.28955e-05 0.0177782 0.20881 0.170375 8.20243e-05 0.21237 0.00241367 6.77474e-07 0.0124794 
0.443975 0.0131341 0.0188019 0.00639216 0.0216787 0.223684 5.28808e-06 0.0172376 0.178672 0.0570965 0.000129965 0.0132633 0.000349595 1.76432e-10 0.00557974 
0.495013 0.0133195 0.0217855 0.00228562 0.0474351 0.12686 1.79837e-05 0.00400601 0.238348 0.0261736 0.000121821 0.00812007 0.000240276 1.75692e-09 0.0162731 
0.548521 0.00122054 0.0218672 0.0121432 1.43257e-05 0.0317805 8.93367e-06 0.03965 0.0548839 0.245099 1.71807e-05 0.0411046 0.000562645 1.59905e-06 0.00312589 
0.30051 0.0305742 0.105351 0.0151941 0.00126771 0.00733282 0.0028323 0.136271 0.241429 0.0787341 7.74604e-05 0.0537235 0.0183053 6.33579e-06 0.00839083 
0.706308 0.00800686 0.00141644 6.29848e-05 0.0120252 0.00784754 2.71119e-05 0.0245162 0.0164142 0.190261 0.0222147 0.00247797 0.00817858 3.00267e-08 0.000243019 
0.602474 0.000848274 0.055382 0.00110061 3.10469e-05 0.127883 4.10485e-06 0.0398691 0.0390146 0.110898 1.81703e-05 0.00624652 0.000273647 7.42821e-06 0.0159501 
0.396144 0.0368091 0.060878 0.00426913 0.000274942 0.0241719 0.000362817 0.050833 0.136275 0.26555 0.000490608 0.0192287 0.00119483 9.36518e-07 0.00351641 
0.630499 0.168931 0.0342253 0.00928055 0.000122152 0.00793629 4.38312e-05 0.0412092 0.0104492 0.0386442 4.25014e-05 0.019563 0.0041182 8.60251e-07 0.0349352 
0.301015 0.128875 0.102441 0.000236951 0.000394467 0.0291256 0.03221 0.00110768 0.162198 0.000755661 0.190715 0.0303616 6.03392e-05 0.0172012 0.00330196 
0.453899 0.0322147 0.000193507 6.44331e-05 3.39751e-05 0.000307669 4.21299e-06 0.00309574 0.123827 0.00356303 0.000200937 0.0914804 0.000425956 1.51886e-08 0.290689 
0.504016 7.6516e-05 0.000340594 0.000116932 1.81633e-05 0.00103344 7.72895e-05 0.000385817 0.000635082 0.492721 9.17053e-09 6.00151e-09 1.68557e-08 3.67628e-08 0.000579301 
0.662916 0.154027 0.00249856 2.87659e-08 0.00156973 2.46197e-06 1.56536e-05 0.0211475 0.0257009 0.12498 1.66088e-07 0.00458391 0.000131351 8.81307e-10 0.00242625 
0.674643 8.95877e-12 0.0328712 1.98196e-07 3.10657e-11 0.0246646 3.7803e-11 0.00921699 0.00105733 0.118238 1.25636e-11 0.131808 1.38431e-05 5.03648e-11 0.00748675 
0.582379 0.0697942 0.101002 0.00128703 0.00709506 0.0541005 0.0199276 0.0112235 0.056609 0.0182835 0.0394642 0.000987432 0.0289072 0.000289322 0.00865094 
0.412375 0.00393447 0.0673983 0.154707 0.000390069 0.076406 2.79361e-05 0.0276741 0.0301331 0.194781 0.00152632 0.0212165 0.00450434 2.20124e-05 0.00490339 
0.519367 0.00496166 0.0113314 0.140806 9.0095e-05 0.164552 0.000134921 0.0267055 0.0827463 0.0256709 0.000315289 0.0231749 8.74042e-05 2.90442e-07 5.64307e-05 
0.321823 0.00237576 0.0311169 0.0351016 0.00068139 0.305253 7.54527e-05 0.038955 0.0927395 0.126707 0.00389821 0.0384913 0.000466064 1.76198e-09 0.00231601 
