3.1289e-06 0.908737 0.00171235 3.31935e-05 3.94723e-06 0.00037931 7.64486e-06 0.0639887 0.00354968 0.0170236 4.89631e-05 0.000371046 1.06038e-05 7.48265e-08 0.00413127 
8.52684e-09 0.945168 0.00142877 0.00389761 0.00052703 3.92166e-08 0.000174849 0.0350549 0.00307484 0.0106143 1.26106e-07 5.54331e-08 1.13199e-07 3.32447e-09 5.89592e-05 
1.61564e-11 1.15534e-07 4.98755e-07 2.41274e-11 0.000173109 3.71616e-11 1.21848e-10 0.985884 1.4781e-07 0.0139402 4.04954e-11 2.62393e-07 1.47382e-06 1.62338e-10 6.9701e-11 
7.20162e-11 0.962856 0.000904488 1.07546e-10 4.46332e-10 4.98592e-08 5.43129e-10 0.0362312 2.12161e-06 3.65129e-06 1.80505e-10 1.18129e-10 3.31774e-10 7.30845e-08 2.39259e-06 
2.62171e-06 0.0936507 0.0227517 2.70277e-06 0.00613537 0.0632293 8.06702e-11 0.000819781 0.557671 0.245489 6.2146e-05 0.00901532 0.00110143 6.75706e-05 9.78336e-07 
2.70946e-08 0.000406826 0.000474242 4.0462e-08 0.997278 0.000243112 2.04341e-07 0.000185452 2.1005e-08 0.00021328 6.79113e-08 0.000711142 0.000486933 2.72243e-07 1.16889e-07 
3.29745e-06 0.883223 0.0181845 5.33952e-05 4.15664e-05 0.0184697 0.000278554 0.0296239 0.0354621 0.00368219 0.00301541 1.96356e-06 0.00547696 1.26426e-08 0.00248305 
1.9377e-06 0.000531416 0.00279314 2.89368e-06 1.20092e-05 4.45692e-06 1.46136e-05 6.78508e-05 1.50219e-06 0.000132515 5.6362e-05 3.17843e-06 0.00155912 1.94697e-05 0.9948 
0.00146688 0.549261 0.105759 0.011838 0.00601277 0.00658957 0.0211736 0.17559 0.0361614 0.0651857 0.00323726 0.00148979 0.014858 2.14182e-09 0.00137775 
9.19207e-12 0.996259 8.50933e-05 1.29048e-07 1.76662e-07 1.69354e-08 1.17921e-07 0.00254644 0.000116378 4.28894e-07 0.000174305 1.50779e-11 2.32952e-07 9.23607e-11 0.000817389 
7.10889e-10 0.542819 6.83636e-10 5.73379e-06 4.40585e-09 1.63513e-09 5.36136e-09 0.306173 0.0134639 5.04091e-10 1.78181e-09 0.0279976 1.14658e-05 7.14292e-09 0.109529 
7.08254e-06 0.529185 2.86152e-05 0.000992628 4.4482e-05 4.75423e-05 5.03696e-05 0.051658 0.0541123 0.0966354 9.14695e-05 8.05621e-05 5.11713e-05 1.96768e-08 0.267016 
1.16999e-10 0.859993 0.000701206 1.49461e-06 0.000115454 1.45659e-07 0.00346287 0.103856 0.000107271 8.79027e-07 0.000465344 1.91915e-10 0.0311874 1.17559e-09 0.000108941 
0.000117777 0.145113 0.00238278 0.0170188 0.775478 0.0037453 2.06431e-06 0.0491153 0.000468621 0.00123311 0.00283194 0.000243018 0.000789156 1.31342e-08 0.0014605 
9.64616e-07 0.744821 0.0243072 0.000141735 0.00698442 0.00400511 1.18795e-10 0.0870113 0.00695783 0.0376029 0.00191495 0.0187463 0.0494692 0.00169573 0.0163415 
4.96755e-12 6.36762e-06 4.7771e-12 0.683926 3.07872e-11 9.7937e-05 3.74641e-11 0.315969 3.85108e-12 1.06026e-09 1.24509e-11 8.14833e-12 3.22703e-07 4.99133e-11 2.14306e-11 
3.71368e-08 0.0124548 0.0598287 0.130066 0.70879 0.0163415 7.52845e-06 0.0278709 0.00584908 0.0303599 0.000566801 0.00768389 0.00018067 4.32812e-12 4.82239e-08 
1.73355e-11 0.14679 0.348764 3.9799e-06 0.00111058 0.000181993 6.42142e-08 0.00159692 0.260418 0.0659288 0.00557501 0.16824 0.000550563 1.74185e-10 0.000839693 
6.51886e-08 0.863853 0.0110799 0.000448985 1.32194e-06 0.00335148 4.42279e-11 0.0261542 0.00670819 0.0622981 0.00297442 0.000604699 0.021127 1.23274e-09 0.00139875 
2.62171e-06 0.0936507 0.0227517 2.70277e-06 0.00613537 0.0632293 8.06702e-11 0.000819781 0.557671 0.245489 6.2146e-05 0.00901532 0.00110143 6.75706e-05 9.78336e-07 
6.51598e-11 0.996225 6.26617e-11 9.73071e-11 1.37345e-06 1.16917e-06 1.52389e-06 0.000665514 4.55138e-08 0.00253851 0.000562653 2.14834e-08 3.00187e-10 6.54717e-10 4.18877e-06 
0.000117777 0.145113 0.00238278 0.0170188 0.775478 0.0037453 2.06431e-06 0.0491153 0.000468621 0.00123311 0.00283194 0.000243018 0.000789156 1.31342e-08 0.0014605 
0.000117777 0.145113 0.00238278 0.0170188 0.775478 0.0037453 2.06431e-06 0.0491153 0.000468621 0.00123311 0.00283194 0.000243018 0.000789156 1.31342e-08 0.0014605 
9.45436e-08 0.0120651 0.017202 1.41188e-07 0.00234438 0.00224006 7.13026e-07 0.0028207 0.0160003 0.938475 0.000118722 0.000899624 4.35557e-07 9.49962e-07 0.00783157 
2.25573e-08 0.0343941 0.0144422 0.000196053 3.52068e-06 0.004551 9.0673e-06 0.025306 0.717774 0.0769714 0.00134421 0.0391925 0.085791 4.82261e-11 2.44955e-05 
0.000394917 0.107151 0.0381087 0.0307727 0.00085318 0.00269684 0.000360885 0.43485 0.00251372 0.161076 2.22883e-07 0.0373921 0.0447019 0.0142784 0.12485 
0.00200611 0.47938 0.145873 0.00904212 0.00462414 0.0144485 6.99812e-07 0.00428987 0.241652 0.0123952 0.0734136 0.0049197 0.00249114 0.0042866 0.00117837 
0.00017519 0.00221404 0.00736836 0.000207811 0.00248336 0.000795977 0.000409536 0.000900348 0.0158165 0.0030676 0.000191462 0.00200337 0.00130511 0.960129 0.00293215 
2.32218e-05 0.334473 0.0652813 0.000454683 0.0349618 0.00103001 5.5833e-06 0.234048 3.63153e-05 1.34228e-05 0.0441878 0.0404598 0.123914 0.00323087 0.11788 
9.88127e-06 0.481237 0.0955494 0.00130817 0.000144207 0.0663469 2.19005e-08 0.263629 0.0300985 0.0481296 0.00020583 0.011284 0.000218099 5.47202e-08 0.00183901 
0.000111965 0.55443 0.138384 0.22108 0.0263 0.00130229 5.69903e-06 0.0212367 0.0213115 0.00194824 0.000120651 0.00637974 0.00161423 2.7621e-06 0.00577228 
1.57775e-09 0.668761 0.0793503 1.63912e-06 9.77837e-09 1.45814e-05 1.1899e-08 0.0279713 0.0922228 0.0736698 3.95456e-09 0.0509884 7.39051e-07 1.5853e-08 0.00701993 
3.62398e-08 0.029371 0.00962913 0.000130853 2.55232e-06 0.00743121 6.09778e-06 0.0225964 0.730847 0.0679277 0.000896605 0.0261306 0.105015 2.46561e-10 1.64313e-05 
5.15329e-08 0.000298619 0.0217984 0.870028 0.000272084 0.000146619 0.000364322 0.0208839 0.00379867 0.0401286 5.14006e-06 0.0390777 0.00198511 6.29607e-12 0.00121315 
2.41257e-11 0.00203673 0.144289 0.0310145 1.14082e-06 0.033008 1.8195e-10 0.331364 0.3794 0.023029 4.68327e-08 0.032505 0.0233522 2.42411e-10 2.77086e-07 
2.62171e-06 0.0936507 0.0227517 2.70277e-06 0.00613537 0.0632293 8.06702e-11 0.000819781 0.557671 0.245489 6.2146e-05 0.00901532 0.00110143 6.75706e-05 9.78336e-07 
2.85857e-05 0.66924 0.0148721 0.000102225 0.000281842 4.2528e-05 4.30326e-06 0.199729 0.0315502 0.00608255 0.000243177 0.0455121 0.0172835 2.25264e-05 0.0150049 
1.64414e-10 0.93509 7.79439e-07 2.4553e-10 1.70139e-05 0.000422207 8.79762e-07 0.0564171 0.00803608 9.8799e-06 4.12097e-10 1.27965e-06 9.10727e-07 4.0219e-06 7.09304e-10 
9.64616e-07 0.744821 0.0243072 0.000141735 0.00698442 0.00400511 1.18795e-10 0.0870113 0.00695783 0.0376029 0.00191495 0.0187463 0.0494692 0.00169573 0.0163415 
1.6837e-05 0.347813 0.102597 0.162738 0.000457891 2.49233e-05 4.69004e-06 0.320101 5.77089e-05 0.0394867 0.000847956 0.0187249 0.00578744 8.17595e-07 0.0013408 
1.39845e-10 0.0161262 5.51398e-06 2.08839e-10 8.66713e-10 3.08825e-06 1.05468e-09 0.436388 0.0261172 0.0317478 3.50515e-10 1.28481e-06 0.489609 1.40514e-09 1.38821e-06 
3.52776e-09 0.919863 0.00504863 1.61673e-06 3.43352e-06 8.11425e-09 2.66056e-08 0.0631932 0.00100258 0.00615515 8.84218e-09 2.94485e-06 1.62522e-08 7.45307e-08 0.0047294 
8.66292e-08 0.237295 8.33081e-08 1.29369e-07 5.36899e-07 1.99257e-07 6.53337e-07 0.000143961 2.02149e-05 0.762537 2.17132e-07 1.42099e-07 3.99096e-07 8.70439e-07 3.7373e-07 
2.40857e-08 0.000422887 0.00272605 0.000107916 3.9079e-05 0.155988 3.91884e-06 0.0212867 0.000109719 0.0107072 0.00494012 0.803525 2.30786e-05 7.18899e-08 0.000120631 
2.62171e-06 0.0936507 0.0227517 2.70277e-06 0.00613537 0.0632293 8.06702e-11 0.000819781 0.557671 0.245489 6.2146e-05 0.00901532 0.00110143 6.75706e-05 9.78336e-07 
6.05688e-05 0.000352077 0.00333309 0.116134 6.2981e-05 0.00417909 6.75123e-06 0.845771 0.00405435 0.00345474 5.70859e-09 0.00471383 0.00115743 0.0165856 0.000133731 
7.73052e-10 0.879806 1.77808e-07 1.15445e-09 4.79112e-09 1.18877e-06 5.83018e-09 0.000484313 2.09583e-05 0.0103421 0.000204893 0.10914 3.56141e-09 7.76753e-09 3.33505e-09 
1.70082e-06 1.96516e-05 0.0507158 0.00874036 4.2688e-05 3.91208e-06 3.36773e-05 0.0127067 0.0108571 0.0526909 3.14659e-05 0.859066 0.00429115 1.70896e-05 0.000781932 
3.29614e-05 0.875655 0.00799737 0.00120621 0.00255861 0.00195615 2.39453e-07 0.0343628 0.00697712 0.00749979 0.000212005 0.0133127 0.00125678 3.19022e-07 0.0469715 
1.16085e-07 0.577197 0.000386525 0.002417 5.79027e-10 2.68267e-06 0.331303 0.020547 0.0609636 0.00569291 9.81451e-06 2.70977e-07 1.00586e-08 5.36424e-07 0.00147916 
1.28778e-10 0.986872 1.23841e-10 1.92313e-10 1.03836e-06 0.0093887 9.71217e-10 0.000212543 0.00352083 9.13167e-11 3.84137e-06 2.11237e-10 1.78575e-07 1.29395e-09 6.67232e-07 
9.64616e-07 0.744821 0.0243072 0.000141735 0.00698442 0.00400511 1.18795e-10 0.0870113 0.00695783 0.0376029 0.00191495 0.0187463 0.0494692 0.00169573 0.0163415 
0.00545885 0.656872 0.126719 0.00755845 0.0076071 0.0113282 0.000738588 0.030727 0.0173648 0.0156548 0.0891054 0.00565452 0.0138014 0.00260261 0.00880668 
2.86801e-08 0.321185 0.319435 0.00231931 1.7775e-07 6.59675e-08 2.16299e-07 0.0118792 4.28148e-05 0.0118059 7.18854e-08 0.000323318 1.32128e-07 2.88174e-07 0.333009 
3.22479e-08 0.952883 0.0173219 3.00657e-05 6.24882e-05 1.43936e-05 6.07571e-06 0.00918098 0.00859359 8.24867e-06 0.000440007 0.000274813 8.61127e-07 3.24022e-07 0.0111834 
5.05789e-08 0.84641 0.0116349 4.07387e-06 3.49497e-07 0.000393887 5.939e-07 0.0180401 0.00184997 0.0141214 0.000593716 0.106443 4.97531e-06 3.03676e-06 0.000500119 
7.99336e-07 0.000287158 7.68691e-07 1.1937e-06 4.95402e-06 0.998156 6.0284e-06 0.00127523 0.000248492 5.66808e-07 2.0035e-06 1.31116e-06 3.68249e-06 8.03162e-06 3.44844e-06 
2.25573e-08 0.0343941 0.0144422 0.000196053 3.52068e-06 0.004551 9.0673e-06 0.025306 0.717774 0.0769714 0.00134421 0.0391925 0.085791 4.82261e-11 2.44955e-05 
6.51598e-11 0.996225 6.26617e-11 9.73071e-11 1.37345e-06 1.16917e-06 1.52389e-06 0.000665514 4.55138e-08 0.00253851 0.000562653 2.14834e-08 3.00187e-10 6.54717e-10 4.18877e-06 
5.62107e-12 0.176162 0.19964 0.0150903 0.00315843 6.0251e-07 7.21102e-08 0.437375 1.12429e-06 0.0890708 1.54993e-07 0.0374384 8.02798e-07 5.64798e-11 0.0420622 
0.000148907 0.0928488 0.00434256 0.000136953 6.952e-08 0.00613706 0.868014 0.00327486 0.00960051 0.000224211 0.000173013 0.0117274 0.000323176 0.000772415 0.0022758 
0.000111965 0.55443 0.138384 0.22108 0.0263 0.00130229 5.69903e-06 0.0212367 0.0213115 0.00194824 0.000120651 0.00637974 0.00161423 2.7621e-06 0.00577228 
2.94432e-08 0.0933191 0.00356658 1.42492e-06 1.82479e-07 0.000214805 2.22053e-07 0.00697373 0.00156001 0.0155148 1.40652e-06 0.055658 1.94128e-05 2.95841e-07 0.82317 
6.27046e-09 0.409655 0.0770549 4.84089e-06 0.00591357 1.44228e-08 7.55501e-06 0.0159003 0.0127365 0.475785 1.57166e-08 3.78215e-05 0.00265662 6.30047e-08 0.000248445 
5.17106e-07 0.00017313 0.871589 9.44876e-05 0.000225705 1.98934e-06 8.16553e-07 0.00245292 0.013322 0.00164756 8.3204e-09 0.109743 6.26476e-05 6.36881e-05 0.000622225 
2.62171e-06 0.0936507 0.0227517 2.70277e-06 0.00613537 0.0632293 8.06702e-11 0.000819781 0.557671 0.245489 6.2146e-05 0.00901532 0.00110143 6.75706e-05 9.78336e-07 
5.75667e-07 0.0311985 0.0228547 0.717351 0.00707645 0.0118573 0.000575747 0.152271 0.022222 0.0156017 5.75553e-07 5.75618e-07 0.00362557 0.000230568 0.015134 
2.0319e-05 0.0979984 0.730615 0.000489091 0.000958126 0.00613449 4.04514e-05 0.0132749 0.100909 0.0217083 2.65518e-05 0.0210569 1.12403e-06 2.69329e-06 0.00676504 
4.86292e-08 8.69145e-08 0.000626696 7.2621e-08 3.01387e-07 0.000469892 3.6675e-07 3.2312e-08 0.000282784 0.993668 1.21887e-07 7.9767e-08 2.24032e-07 4.8862e-07 0.00495129 
1.00098e-07 0.82907 0.130435 0.00014098 0.000354843 2.30236e-07 0.0079864 0.000186153 0.00020279 0.0270015 0.000829164 0.00010329 0.000182581 1.00577e-06 0.00350584 
1.85961e-06 0.963281 3.93952e-05 0.0016047 2.48707e-05 6.33243e-05 4.77886e-05 0.0117506 0.00122505 0.0215871 0.000129594 5.00981e-07 7.2976e-05 1.12355e-09 0.000171512 
5.26558e-05 0.0643488 0.0135164 0.00250818 0.00682417 0.00123938 9.89563e-06 0.72725 0.00327498 0.136032 0.000947691 0.00577004 0.00349849 0.00315006 0.031578 
2.7893e-08 0.998472 6.97682e-05 4.16543e-08 0.000536074 5.13896e-05 0.000357826 4.63528e-05 3.67823e-05 1.97789e-08 0.000188833 4.57532e-08 1.28501e-07 2.80265e-07 0.000240787 
0.000117777 0.145113 0.00238278 0.0170188 0.775478 0.0037453 2.06431e-06 0.0491153 0.000468621 0.00123311 0.00283194 0.000243018 0.000789156 1.31342e-08 0.0014605 
7.64245e-10 0.98873 7.34946e-10 1.14129e-09 4.73654e-09 1.75785e-09 5.76376e-09 1.82862e-06 7.28807e-06 0.0112507 4.59922e-06 1.25486e-06 3.52083e-09 7.67904e-09 3.95974e-06 
1.42628e-06 0.349545 0.0285726 7.65615e-08 7.61284e-06 0.000792815 1.48361e-06 0.112294 1.29883e-05 0.396728 0.000149894 0.0936852 0.0124122 0.00106129 0.00473477 
1.27712e-06 0.247099 0.207152 0.0252867 0.0153163 1.27691e-06 0.00561579 0.0750997 0.0701176 0.0993653 0.00970549 0.0168579 0.0105964 1.27561e-06 0.217784 
4.14948e-08 0.504587 0.00214272 0.0835324 0.322455 0.000549955 2.1719e-07 0.0828481 0.000872905 2.51522e-05 0.0009665 4.17817e-09 1.05144e-07 7.66885e-11 0.00202048 
5.91581e-10 0.997509 5.68901e-10 8.83444e-10 4.77002e-06 1.95955e-05 4.46156e-09 0.00243911 6.467e-06 4.19489e-10 1.76464e-05 9.70377e-10 8.20337e-07 5.94413e-09 3.06512e-06 
1.19801e-08 0.025402 0.0157937 6.95625e-05 1.70271e-07 5.45582e-08 2.77119e-08 0.00375261 0.941456 0.00246564 1.30131e-08 1.3755e-07 0.00375522 2.14261e-07 0.00730416 
9.60189e-08 0.0706953 0.00169704 9.89876e-08 6.24008e-08 0.00612627 2.95451e-12 0.00894807 0.659667 0.245501 5.29394e-05 0.00328012 0.00156561 0.00222974 0.00023652 
1.91349e-06 0.99014 0.00603894 7.4222e-06 2.13093e-05 0.000479114 0.000266998 2.45628e-05 0.00223768 1.31098e-06 0.000318109 0.000253787 0.00020473 1.58296e-07 4.4406e-06 
0.0135999 0.0959471 0.107749 0.064826 0.113738 0.0185963 0.0193139 0.311434 0.0572176 0.0281594 0.000481457 0.0161508 0.0174947 1.3509e-07 0.135291 
0.000117777 0.145113 0.00238278 0.0170188 0.775478 0.0037453 2.06431e-06 0.0491153 0.000468621 0.00123311 0.00283194 0.000243018 0.000789156 1.31342e-08 0.0014605 
9.64616e-07 0.744821 0.0243072 0.000141735 0.00698442 0.00400511 1.18795e-10 0.0870113 0.00695783 0.0376029 0.00191495 0.0187463 0.0494692 0.00169573 0.0163415 
4.12158e-13 8.19654e-05 0.000504289 0.911163 0.08515 0.000132338 3.1084e-12 0.0028274 0.000141099 1.02911e-08 3.97518e-08 1.48582e-08 1.22566e-08 4.14131e-12 6.34134e-11 
3.29745e-06 0.883223 0.0181845 5.33952e-05 4.15664e-05 0.0184697 0.000278554 0.0296239 0.0354621 0.00368219 0.00301541 1.96356e-06 0.00547696 1.26426e-08 0.00248305 
6.36026e-09 0.0230987 0.00630713 9.35333e-07 3.94188e-08 1.46293e-08 4.79676e-08 9.50915e-07 4.93078e-09 0.0140648 1.59417e-08 0.000122314 0.956405 6.39071e-08 2.7439e-08 
7.77836e-07 0.139895 0.799434 0.000121828 0.000308324 0.0015294 0.000141285 0.000159958 0.00017429 0.054891 7.96865e-05 8.96356e-05 0.000159627 7.81559e-06 0.00300684 
1.3356e-07 1.90186e-06 0.0718337 0.00106866 0.913176 0.00145444 1.74578e-08 0.00942869 0.00138821 0.00156594 6.9105e-06 2.70415e-06 6.99461e-05 1.76853e-09 2.38123e-06 
1.16137e-06 0.143793 0.0445007 0.000200134 0.36801 2.46264e-06 2.98027e-07 0.0377256 0.00736647 0.109725 0.000265801 0.0138138 0.00636033 4.35093e-10 0.268235 
1.9752e-10 0.231221 0.026569 0.00498555 8.57038e-06 2.22661e-06 1.48965e-09 0.737189 1.24187e-05 7.71749e-06 4.95076e-10 1.26391e-06 9.09965e-10 1.98466e-09 2.64244e-06 
1.42628e-06 0.349545 0.0285726 7.65615e-08 7.61284e-06 0.000792815 1.48361e-06 0.112294 1.29883e-05 0.396728 0.000149894 0.0936852 0.0124122 0.00106129 0.00473477 
9.64616e-07 0.744821 0.0243072 0.000141735 0.00698442 0.00400511 1.18795e-10 0.0870113 0.00695783 0.0376029 0.00191495 0.0187463 0.0494692 0.00169573 0.0163415 
1.37557e-06 0.0807201 0.0105674 0.00011071 0.0228661 0.00714767 6.86757e-07 0.0208271 0.00690787 0.00154826 0.000544761 0.00190809 0.846848 2.01637e-09 1.42869e-06 
9.64616e-07 0.744821 0.0243072 0.000141735 0.00698442 0.00400511 1.18795e-10 0.0870113 0.00695783 0.0376029 0.00191495 0.0187463 0.0494692 0.00169573 0.0163415 
2.62171e-06 0.0936507 0.0227517 2.70277e-06 0.00613537 0.0632293 8.06702e-11 0.000819781 0.557671 0.245489 6.2146e-05 0.00901532 0.00110143 6.75706e-05 9.78336e-07 
1.00907e-07 0.00222346 0.00563851 1.56652e-07 5.09784e-05 0.00324332 0.000215472 0.932266 0.0011636 0.00222931 0.000178157 0.00144331 0.0513477 2.85598e-11 1.22624e-11 
9.60189e-08 0.0706953 0.00169704 9.89876e-08 6.24008e-08 0.00612627 2.95451e-12 0.00894807 0.659667 0.245501 5.29394e-05 0.00328012 0.00156561 0.00222974 0.00023652 
8.57432e-06 0.00886605 0.0634055 0.000686539 0.000593196 0.00932856 1.3844e-08 0.163468 0.00166808 0.173923 4.60095e-09 0.0145617 0.284169 1.69077e-05 0.279305 
7.77078e-06 0.146373 0.00106712 1.14689e-05 0.00623446 2.69756e-06 2.84345e-05 0.773045 0.00322562 0.0547972 3.83161e-05 0.000287351 0.00110844 0.0135528 0.000221043 
0.000117777 0.145113 0.00238278 0.0170188 0.775478 0.0037453 2.06431e-06 0.0491153 0.000468621 0.00123311 0.00283194 0.000243018 0.000789156 1.31342e-08 0.0014605 
1.43622e-11 0.115381 0.0468414 0.0356148 4.13558e-07 0.000612822 1.12028e-05 0.64021 0.0780813 0.0744723 3.44516e-06 0.00737741 0.000343076 1.44309e-10 0.00105088 
9.01257e-05 0.0207347 0.00216091 0.00098182 0.00440316 0.00236042 7.3522e-06 0.0102825 0.00143407 0.000390489 0.00049942 0.000512075 0.955915 3.9587e-10 0.000227656 
4.71832e-08 3.91093e-07 8.0317e-07 0.00369329 2.40385e-07 0.242057 3.2425e-08 0.754244 7.64107e-07 9.04612e-07 2.50552e-12 2.22655e-06 1.31713e-07 5.92701e-08 2.32448e-07 
3.62398e-08 0.029371 0.00962913 0.000130853 2.55232e-06 0.00743121 6.09778e-06 0.0225964 0.730847 0.0679277 0.000896605 0.0261306 0.105015 2.46561e-10 1.64313e-05 
1.12278e-08 0.398882 0.0789517 1.21223e-05 8.67959e-05 0.000275301 1.64281e-05 0.0329538 0.269121 0.106057 9.79813e-05 0.00646733 5.17259e-08 1.12816e-07 0.107078 
5.52205e-10 0.998778 5.31035e-10 8.24642e-10 3.42238e-09 1.27013e-09 4.1646e-09 5.87436e-07 4.28095e-10 7.4437e-07 0.00122062 9.05789e-10 2.54398e-09 5.54848e-09 2.38228e-09 
5.91865e-09 0.60285 0.101626 5.64844e-06 2.81229e-05 1.08653e-05 4.46371e-08 0.0612371 0.0699789 0.0910635 1.90686e-06 0.00136808 0.00252112 3.21021e-05 0.0692764 
6.98723e-08 0.00246631 0.11645 0.249121 0.00137562 6.98605e-08 0.000733099 0.115106 0.10122 0.189738 0.00065674 0.20276 0.00277968 6.97894e-08 0.0175932 
0.000117777 0.145113 0.00238278 0.0170188 0.775478 0.0037453 2.06431e-06 0.0491153 0.000468621 0.00123311 0.00283194 0.000243018 0.000789156 1.31342e-08 0.0014605 
1.42628e-06 0.349545 0.0285726 7.65615e-08 7.61284e-06 0.000792815 1.48361e-06 0.112294 1.29883e-05 0.396728 0.000149894 0.0936852 0.0124122 0.00106129 0.00473477 
0.000105127 0.965297 0.00420025 0.000415562 0.000360982 0.000219196 0.000421174 0.0229879 0.000176404 0.000427923 0.00295182 0.000575607 0.00090153 5.67738e-09 0.000959243 
8.79852e-07 0.815603 0.00010643 7.08631e-05 3.41045e-05 4.04525e-06 0.000139333 0.181936 0.000897095 0.000889469 0.000123489 5.71705e-06 1.37365e-05 2.11129e-07 0.000175973 
1.3501e-06 0.931286 0.0235264 0.000547003 0.000382046 0.000474414 0.000373003 0.00365889 0.00751008 0.00893829 0.0012564 0.0215409 4.92909e-07 1.28086e-07 0.000505035 
5.19278e-05 0.497193 0.0652539 0.0061188 0.361295 0.00819456 1.34886e-05 0.0125153 0.0102669 0.00949151 6.96333e-05 0.000770527 0.0003123 1.60519e-05 0.0284366 
7.62756e-07 0.0873018 0.0143999 0.000364387 0.000557786 0.0244852 0.000398299 0.0415615 0.46363 0.0263217 0.000148516 0.337331 0.00144803 2.19264e-11 0.00205138 
1.87976e-10 0.380695 6.00881e-05 0.000238189 2.19034e-05 4.32367e-10 1.41767e-09 0.390906 1.4398e-05 0.201497 4.71155e-10 0.0247644 3.06571e-05 0.00177317 8.10955e-10 
2.62171e-06 0.0936507 0.0227517 2.70277e-06 0.00613537 0.0632293 8.06702e-11 0.000819781 0.557671 0.245489 6.2146e-05 0.00901532 0.00110143 6.75706e-05 9.78336e-07 
1.65688e-08 0.98851 1.59336e-08 2.47433e-08 1.02688e-07 0.000541202 0.000287529 0.000231207 0.000129746 1.17489e-08 4.1529e-08 2.71781e-08 7.63316e-08 1.66481e-07 0.0103003 
7.62756e-07 0.0873018 0.0143999 0.000364387 0.000557786 0.0244852 0.000398299 0.0415615 0.46363 0.0263217 0.000148516 0.337331 0.00144803 2.19264e-11 0.00205138 
9.64616e-07 0.744821 0.0243072 0.000141735 0.00698442 0.00400511 1.18795e-10 0.0870113 0.00695783 0.0376029 0.00191495 0.0187463 0.0494692 0.00169573 0.0163415 
9.64616e-07 0.744821 0.0243072 0.000141735 0.00698442 0.00400511 1.18795e-10 0.0870113 0.00695783 0.0376029 0.00191495 0.0187463 0.0494692 0.00169573 0.0163415 
2.55722e-08 0.999886 2.45919e-08 3.81886e-08 1.58488e-07 5.8819e-08 1.9286e-07 2.72038e-05 1.98248e-08 3.44713e-05 5.13406e-05 4.19465e-08 1.1781e-07 2.56947e-07 1.10322e-07 
4.69695e-09 0.85815 0.00171372 7.01425e-09 0.075011 1.08035e-08 3.54233e-08 0.0400137 0.00992479 0.015156 1.17727e-08 2.57668e-05 2.16386e-08 2.02671e-07 5.1604e-06 
2.09014e-11 0.463255 3.62205e-06 1.22672e-06 9.58722e-07 0.33542 1.57633e-10 0.0537763 0.0181614 2.26023e-06 0.000639829 1.63542e-06 9.62914e-11 2.10014e-10 0.128737 
1.32497e-08 0.99459 2.71802e-05 1.9942e-05 4.36819e-05 0.00406776 9.99263e-08 1.11554e-05 5.91624e-05 9.39536e-09 0.000684227 2.17337e-08 7.54007e-06 1.33131e-07 0.00048892 
1.57124e-05 0.0106915 0.853373 2.45718e-05 5.65739e-05 8.78856e-05 7.58323e-07 0.004677 3.10558e-05 0.0202367 0.000476379 0.026484 0.00239105 1.01031e-06 0.0814531 
0.000117777 0.145113 0.00238278 0.0170188 0.775478 0.0037453 2.06431e-06 0.0491153 0.000468621 0.00123311 0.00283194 0.000243018 0.000789156 1.31342e-08 0.0014605 
3.62398e-08 0.029371 0.00962913 0.000130853 2.55232e-06 0.00743121 6.09778e-06 0.0225964 0.730847 0.0679277 0.000896605 0.0261306 0.105015 2.46561e-10 1.64313e-05 
2.01668e-11 0.895118 1.93937e-11 3.01163e-11 1.24987e-10 7.46857e-07 3.04339e-07 0.0672756 0.00010345 0.0110691 1.36528e-07 1.19121e-07 3.72557e-08 2.02633e-10 0.0264323 
2.18132e-11 0.949376 0.00046539 3.2575e-11 2.93544e-07 8.29648e-05 0.000744881 0.0255151 0.00215379 0.00630472 5.11063e-05 1.27986e-07 3.76585e-05 2.19176e-10 0.0152678 
6.85729e-09 0.998999 2.11086e-05 1.02404e-08 4.24992e-08 6.4683e-05 5.22333e-06 5.78706e-05 5.31609e-09 8.2667e-05 8.42359e-05 1.12481e-08 0.000167464 6.89011e-08 0.000517733 
0.000117777 0.145113 0.00238278 0.0170188 0.775478 0.0037453 2.06431e-06 0.0491153 0.000468621 0.00123311 0.00283194 0.000243018 0.000789156 1.31342e-08 0.0014605 
1.13494e-07 0.810757 2.42522e-07 2.35367e-11 0.0121824 7.97904e-08 2.73509e-07 0.0924616 0.0101161 0.0731768 1.50155e-07 3.98159e-07 0.00130322 1.25123e-06 1.63255e-07 
2.62171e-06 0.0936507 0.0227517 2.70277e-06 0.00613537 0.0632293 8.06702e-11 0.000819781 0.557671 0.245489 6.2146e-05 0.00901532 0.00110143 6.75706e-05 9.78336e-07 
2.62171e-06 0.0936507 0.0227517 2.70277e-06 0.00613537 0.0632293 8.06702e-11 0.000819781 0.557671 0.245489 6.2146e-05 0.00901532 0.00110143 6.75706e-05 9.78336e-07 
6.92146e-07 0.807601 0.00426089 8.61659e-05 0.000384662 0.00169041 4.53624e-05 0.146876 0.00618377 0.0202504 0.000525756 4.12041e-07 0.0042833 5.03827e-11 0.00781132 
2.59049e-08 0.000222284 0.412814 3.86854e-08 1.6055e-07 5.95842e-08 1.95369e-07 2.75576e-05 2.00827e-08 0.000220448 6.49295e-08 0.586715 1.19342e-07 2.60289e-07 1.11757e-07 
2.51422e-10 0.0196212 1.32258e-05 5.71837e-05 0.00216641 5.72522e-05 4.24761e-05 0.978032 1.07595e-05 1.78283e-10 6.30179e-10 4.12411e-10 1.15829e-09 2.52626e-09 1.08467e-09 
4.45572e-10 0.726209 2.61421e-06 6.38851e-06 2.76151e-09 1.02487e-09 3.3604e-09 0.273745 8.46333e-06 1.45026e-05 1.2296e-06 7.30878e-10 2.05272e-09 4.47705e-09 1.21121e-05 
2.32081e-05 0.874285 0.00519423 0.00116987 0.0225331 0.000136123 0.000828528 0.0512534 0.0029604 0.0412192 3.29248e-05 0.000128332 0.000189969 4.25676e-07 4.50768e-05 
1.27712e-06 0.247099 0.207152 0.0252867 0.0153163 1.27691e-06 0.00561579 0.0750997 0.0701176 0.0993653 0.00970549 0.0168579 0.0105964 1.27561e-06 0.217784 
7.17892e-07 0.943202 6.9037e-07 1.07207e-06 4.44926e-06 0.000279049 5.41418e-06 0.0550883 3.47946e-05 5.09057e-07 2.30869e-05 1.17757e-06 3.30729e-06 7.21329e-06 0.00134779 
0.000117777 0.145113 0.00238278 0.0170188 0.775478 0.0037453 2.06431e-06 0.0491153 0.000468621 0.00123311 0.00283194 0.000243018 0.000789156 1.31342e-08 0.0014605 
1.7921e-08 0.787354 0.000499803 2.67626e-08 0.000211141 4.12204e-08 1.35156e-07 0.000363199 7.78159e-05 0.000571861 4.49183e-08 0.00516492 0.000528472 0.202252 0.00297664 
0.000117777 0.145113 0.00238278 0.0170188 0.775478 0.0037453 2.06431e-06 0.0491153 0.000468621 0.00123311 0.00283194 0.000243018 0.000789156 1.31342e-08 0.0014605 
0.000117777 0.145113 0.00238278 0.0170188 0.775478 0.0037453 2.06431e-06 0.0491153 0.000468621 0.00123311 0.00283194 0.000243018 0.000789156 1.31342e-08 0.0014605 
5.139e-05 0.790298 0.0564071 0.00434786 0.103338 4.51367e-07 1.15329e-06 0.0292748 0.000267914 0.0084357 0.000400262 0.00573198 0.00027694 0.000506149 0.00066208 
2.8309e-09 2.53488e-06 0.417222 4.22755e-09 1.40535e-05 5.86675e-06 2.135e-08 0.0406559 5.11374e-05 0.541864 1.63267e-05 4.64355e-09 0.00014608 2.84445e-08 2.19953e-05 
0.000117777 0.145113 0.00238278 0.0170188 0.775478 0.0037453 2.06431e-06 0.0491153 0.000468621 0.00123311 0.00283194 0.000243018 0.000789156 1.31342e-08 0.0014605 
0.000229739 0.0695591 0.604413 0.000355029 0.0771989 0.046488 5.2581e-05 0.100007 0.000664685 0.0594125 0.00106078 0.00749647 0.00200566 0.000244916 0.0308119 
3.05359e-10 0.996803 1.36676e-07 4.56011e-10 1.2612e-06 1.07289e-06 1.39951e-06 0.00208698 4.1934e-08 0.000847282 0.000188454 6.60421e-05 1.40677e-09 3.06821e-09 3.84285e-06 
4.00407e-12 0.00736894 1.54293e-06 0.173055 1.78925e-06 9.2098e-12 3.01977e-11 0.815584 0.00181628 1.22742e-06 1.0036e-11 3.58615e-07 0.00217105 4.02323e-11 1.6412e-07 
2.91333e-06 0.0442499 0.000104663 0.000495909 3.7132e-07 0.00461094 4.51849e-07 0.0386824 0.00235361 0.0270385 4.98634e-06 0.000103037 0.881913 1.56809e-05 0.000423409 
1.09142e-08 0.88072 0.0173491 0.000377957 0.0037854 2.07785e-05 8.23127e-08 0.0678032 0.0123155 0.0100176 5.9838e-05 0.00414676 5.02813e-08 1.09665e-07 0.00340328 
1.05249e-06 0.941508 0.00737582 4.55491e-05 0.00049132 0.00993494 0.000167568 0.0239773 0.000202041 0.00662289 3.13931e-05 0.000190417 0.000212589 9.37958e-05 0.00914492 
1.72783e-08 0.99029 0.000216023 0.000178065 1.07085e-07 0.00158575 1.30309e-07 0.00301141 0.00096847 0.00295029 4.33073e-08 0.000212593 7.96795e-05 1.7361e-07 0.000506951 
2.66613e-10 0.759976 0.0275754 1.51792e-06 1.65238e-09 6.13241e-10 1.23509e-06 0.101547 0.00607432 0.072472 6.68255e-10 0.00789651 0.00391791 2.6789e-09 0.0205382 
1.60148e-07 0.000211084 0.375825 2.39159e-07 0.166215 3.68359e-07 1.2078e-06 0.414368 0.0386051 0.00360816 4.01405e-07 0.000204075 0.000123719 9.91462e-05 0.000737748 
0.00118327 0.440062 0.0169759 0.00233596 0.377386 0.00953338 0.0156223 0.0796846 0.0143787 0.0314346 0.00377791 0.00188471 0.00180656 7.43137e-07 0.00393378 
9.64616e-07 0.744821 0.0243072 0.000141735 0.00698442 0.00400511 1.18795e-10 0.0870113 0.00695783 0.0376029 0.00191495 0.0187463 0.0494692 0.00169573 0.0163415 
2.10395e-11 0.940513 1.76047e-07 3.14196e-11 1.30396e-10 4.83932e-11 1.58675e-10 0.0565711 0.00291381 1.06672e-06 5.27346e-11 3.45114e-11 9.69278e-11 2.13516e-08 6.98996e-07 
4.35503e-07 0.229231 0.0190807 0.000254048 1.70396e-07 5.10439e-07 0.00013073 0.0427343 0.639306 0.058735 9.47954e-06 0.00286389 0.000819893 8.63262e-12 0.00683416 
0.0022326 0.461608 0.0509728 0.0204504 0.00261057 0.0349825 5.05827e-06 0.0925224 0.139476 0.129136 0.000906046 0.00227035 0.00485077 0.0497326 0.00824395 
0.000105127 0.965297 0.00420025 0.000415562 0.000360982 0.000219196 0.000421174 0.0229879 0.000176404 0.000427923 0.00295182 0.000575607 0.00090153 5.67738e-09 0.000959243 
1.11282e-06 0.000328983 0.118895 0.00424794 6.00148e-05 1.71122e-05 6.02661e-07 0.00606875 0.277595 0.345641 5.49816e-06 0.237743 0.00014296 8.64753e-06 0.00924413 
6.43102e-10 0.218357 0.0924995 0.00134457 0.052676 1.71195e-07 1.77495e-06 0.223758 0.119114 0.277556 0.000167086 0.0131987 0.0013256 6.4618e-09 1.8066e-06 
1.12192e-07 0.980579 2.33821e-06 1.18401e-07 8.06576e-07 0.00196681 1.12866e-07 0.00304234 0.00176049 1.59105e-07 0.000319033 1.53472e-06 0.000167194 2.18004e-07 0.0121594 
0.00155906 0.695853 0.0942663 0.00292705 0.00942757 0.00623549 2.94796e-11 0.00409658 0.0249932 0.0293106 0.0949958 0.00504844 0.00142513 0.0260859 0.00377636 
4.42266e-09 7.90459e-09 1.03126e-05 6.60464e-09 2.74102e-08 1.01726e-08 3.33547e-08 5.67443e-05 3.42866e-09 2.09999e-05 1.10852e-08 0.999883 1.56664e-05 4.44384e-08 1.28392e-05 
4.54572e-09 0.0922388 0.15314 6.78841e-09 0.000222682 1.04557e-08 3.42828e-08 0.0017455 0.000912924 0.00830869 1.13937e-08 0.00188179 0.0893095 4.56748e-08 0.65224 
0.000111965 0.55443 0.138384 0.22108 0.0263 0.00130229 5.69903e-06 0.0212367 0.0213115 0.00194824 0.000120651 0.00637974 0.00161423 2.7621e-06 0.00577228 
0.000117777 0.145113 0.00238278 0.0170188 0.775478 0.0037453 2.06431e-06 0.0491153 0.000468621 0.00123311 0.00283194 0.000243018 0.000789156 1.31342e-08 0.0014605 
7.13588e-05 0.82509 0.00131161 0.0257353 0.00122573 0.000171053 6.78934e-05 0.0965884 0.0357544 0.0110838 0.000339037 0.000694698 0.000786706 1.47133e-09 0.00107981 
3.55782e-07 0.329859 7.99355e-05 5.31311e-07 2.20502e-06 8.18339e-07 2.68323e-06 2.36402e-07 2.75819e-07 0.000271268 8.91752e-07 5.83594e-07 1.63907e-06 3.57485e-06 0.669776 
8.59858e-08 0.059029 0.018344 4.1919e-05 5.32911e-07 1.97777e-07 5.44511e-06 0.00844587 6.66603e-08 2.62184e-05 2.1552e-07 1.41044e-07 3.96132e-07 8.63974e-07 0.914105 
1.38325e-06 0.240612 0.00882112 0.0106597 3.33564e-10 1.58705e-05 7.7126e-06 0.3755 0.15852 0.0448746 1.75505e-07 0.0527087 1.56233e-06 2.10371e-05 0.108257 
5.84187e-09 0.258109 0.177771 0.0181653 0.00069952 0.0372342 3.03974e-05 0.194215 0.0100197 0.271495 7.75226e-07 0.00955409 0.0081934 4.6632e-05 0.0144647 
2.61242e-08 0.00575243 0.00186915 0.000144387 1.61909e-07 6.00885e-08 0.000276029 0.0020431 0.985529 0.00165612 1.31613e-05 0.000544261 0.000469494 2.62492e-07 0.00170192 
2.09825e-07 0.950852 7.78908e-05 0.00319243 4.6837e-05 0.00012242 9.24828e-05 0.0234856 0.00244045 0.0189522 0.000256506 5.65145e-08 0.000142635 3.45658e-11 0.000337974 
1.60489e-10 0.984095 4.01429e-07 2.39669e-10 3.08444e-06 2.95684e-07 2.05885e-06 2.66703e-07 0.00196843 1.13803e-10 0.00326058 2.63253e-10 3.70421e-07 1.61258e-09 0.0106692 
3.88906e-07 0.895461 0.00979321 7.44491e-11 2.62659e-06 0.035829 3.75982e-10 0.00458771 1.87253e-05 0.0133012 8.74811e-07 3.81898e-06 0.0340434 4.51329e-07 0.00695792 
9.60189e-08 0.0706953 0.00169704 9.89876e-08 6.24008e-08 0.00612627 2.95451e-12 0.00894807 0.659667 0.245501 5.29394e-05 0.00328012 0.00156561 0.00222974 0.00023652 
5.23475e-06 0.884636 0.0347168 0.000441894 0.00387414 0.000237093 3.84813e-05 0.054558 0.0094182 0.00456011 0.000208129 0.00140124 1.32801e-05 1.86511e-07 0.00589137 
1.18346e-07 0.950977 2.53147e-06 9.71487e-06 7.33466e-07 2.72208e-07 8.92534e-07 0.0426999 1.4753e-05 0.00361528 5.0652e-06 1.67475e-05 1.77617e-05 1.18912e-06 0.00263804 
9.10935e-08 0.011722 3.84223e-06 1.07974e-07 1.29339e-06 0.000191271 8.38793e-05 0.000349315 0.983098 1.59952e-06 9.91792e-08 1.04429e-06 6.79369e-07 1.6279e-06 0.00454508 
6.02264e-05 0.0191263 0.379807 0.00222639 0.0712897 0.00926763 6.16346e-05 0.116399 0.18876 0.151442 8.38103e-05 0.000743533 0.0607197 6.02482e-09 1.19176e-05 
0.000111965 0.55443 0.138384 0.22108 0.0263 0.00130229 5.69903e-06 0.0212367 0.0213115 0.00194824 0.000120651 0.00637974 0.00161423 2.7621e-06 0.00577228 
9.64616e-07 0.744821 0.0243072 0.000141735 0.00698442 0.00400511 1.18795e-10 0.0870113 0.00695783 0.0376029 0.00191495 0.0187463 0.0494692 0.00169573 0.0163415 
2.80119e-07 0.0399235 0.00294108 0.000122021 2.88658e-07 0.00387711 9.07661e-06 0.0558629 0.643205 0.137396 0.00134427 0.0352689 0.0800499 7.68158e-11 4.12651e-08 
6.75105e-10 0.760154 1.9971e-07 1.00818e-09 4.18408e-09 1.28585e-06 5.09149e-09 0.000967637 2.26761e-05 0.0206687 1.01773e-06 0.218185 3.11017e-09 6.78337e-09 2.91249e-09 
2.25573e-08 0.0343941 0.0144422 0.000196053 3.52068e-06 0.004551 9.0673e-06 0.025306 0.717774 0.0769714 0.00134421 0.0391925 0.085791 4.82261e-11 2.44955e-05 
8.41575e-08 0.0459968 0.000299526 0.0011815 5.2158e-07 1.93572e-07 6.34696e-07 0.941503 0.000626395 0.00392672 0.000590835 1.38045e-07 0.00213278 8.45604e-07 0.00373993 
3.25984e-06 0.270118 0.0947214 0.0018469 0.0884393 0.00277085 0.000786507 0.0871506 0.0135931 0.059438 1.25484e-05 0.00331806 0.000475317 2.48044e-05 0.377302 
0.000477725 0.069823 0.0151138 0.00381178 0.847151 0.00536199 7.20255e-06 0.029829 0.00256946 0.00887089 0.00397361 0.00859533 0.00128629 8.45027e-12 0.00312835 
2.25573e-08 0.0343941 0.0144422 0.000196053 3.52068e-06 0.004551 9.0673e-06 0.025306 0.717774 0.0769714 0.00134421 0.0391925 0.085791 4.82261e-11 2.44955e-05 
3.63005e-07 0.594956 0.237329 0.0142038 1.27728e-06 5.60627e-07 6.75704e-08 0.0663257 0.0229627 0.0561178 1.44343e-07 0.00493589 0.00254727 0.000618513 5.91329e-07 
6.27046e-09 0.409655 0.0770549 4.84089e-06 0.00591357 1.44228e-08 7.55501e-06 0.0159003 0.0127365 0.475785 1.57166e-08 3.78215e-05 0.00265662 6.30047e-08 0.000248445 
2.03956e-08 0.997022 6.27835e-05 3.04581e-08 1.26405e-07 0.000192387 1.55358e-05 0.000172125 1.58117e-08 0.000245877 0.000250543 3.34552e-08 0.000498088 2.04933e-07 0.00153989 
7.77849e-05 0.077318 0.0162267 0.0705637 0.000841842 0.000651275 3.4666e-05 0.475936 0.00223103 0.0269031 0.00020776 0.00934571 0.310523 1.35445e-11 0.00913861 
0.00194782 0.0819601 0.0235512 0.021336 0.0166437 0.011952 0.00272864 0.167208 0.163321 0.00736458 2.73743e-06 0.0169931 0.474427 5.91424e-06 0.0105575 
0.000117777 0.145113 0.00238278 0.0170188 0.775478 0.0037453 2.06431e-06 0.0491153 0.000468621 0.00123311 0.00283194 0.000243018 0.000789156 1.31342e-08 0.0014605 
0.000102818 0.870743 0.062776 0.0051693 0.00275317 0.000205787 7.32814e-06 0.0376431 0.000148096 0.00170843 0.000199003 0.000832545 0.000697918 3.47954e-05 0.0169789 
9.60189e-08 0.0706953 0.00169704 9.89876e-08 6.24008e-08 0.00612627 2.95451e-12 0.00894807 0.659667 0.245501 5.29394e-05 0.00328012 0.00156561 0.00222974 0.00023652 
5.68444e-11 0.45871 0.121132 8.48893e-11 0.000229632 1.24474e-05 4.28708e-10 0.134641 0.131239 0.0626816 1.68138e-06 0.0700448 2.61879e-10 5.71166e-10 0.0213081 
2.34346e-07 0.993645 0.000211633 5.60257e-05 0.000258694 5.39023e-07 1.76739e-06 0.000352584 0.000325659 0.000310244 1.07146e-05 0.000221805 0.00019568 0.00389973 0.000509676 
5.35827e-06 0.0513877 0.0389921 0.0206041 0.00558281 0.00493921 4.07046e-07 0.282731 0.00455026 1.18505e-05 6.54927e-06 0.00553802 0.0165961 8.75734e-06 0.569046 
2.7358e-06 0.712387 0.14645 8.04462e-06 0.0220885 3.51372e-06 7.08169e-07 0.0601219 0.00379532 0.00183483 1.67192e-05 5.00642e-05 0.0241963 5.86389e-08 0.029044 
3.62398e-08 0.029371 0.00962913 0.000130853 2.55232e-06 0.00743121 6.09778e-06 0.0225964 0.730847 0.0679277 0.000896605 0.0261306 0.105015 2.46561e-10 1.64313e-05 
1.24069e-09 0.69018 6.802e-06 1.8528e-09 7.68938e-09 2.85372e-09 9.35699e-09 0.10889 9.61841e-10 1.13499e-05 3.10973e-09 2.03512e-09 5.71578e-09 1.24663e-08 0.200911 
5.932e-05 0.602166 0.010932 0.0718046 0.267901 0.00193336 8.76346e-05 0.0368075 0.00130455 0.00441066 0.00129861 0.000450758 0.000814116 9.18296e-11 3.01699e-05 
0.000297503 0.59791 0.102339 0.00587994 0.0700584 0.00186773 0.000232784 0.0695888 0.000542385 0.128161 0.000853305 0.00658964 0.0147063 5.85765e-10 0.000973226 
0.000117777 0.145113 0.00238278 0.0170188 0.775478 0.0037453 2.06431e-06 0.0491153 0.000468621 0.00123311 0.00283194 0.000243018 0.000789156 1.31342e-08 0.0014605 
1.46755e-10 0.598567 0.0931142 5.30223e-07 1.14669e-05 0.0205197 4.69477e-06 0.00234193 0.00196563 0.00482329 0.00171958 0.0142603 1.93141e-06 0.000277368 0.262392 
1.30289e-08 0.902333 0.00020135 1.94568e-08 8.07487e-08 1.72319e-05 8.22371e-06 0.0937742 1.06954e-05 0.00236287 1.21846e-05 2.13714e-08 6.00233e-08 9.58901e-05 0.00118452 
1.37557e-06 0.0807201 0.0105674 0.00011071 0.0228661 0.00714767 6.86757e-07 0.0208271 0.00690787 0.00154826 0.000544761 0.00190809 0.846848 2.01637e-09 1.42869e-06 
2.70121e-06 0.574739 0.108918 0.00055061 0.0568254 0.00237217 1.06337e-05 0.0607188 3.91322e-05 0.0523551 1.44961e-05 4.20089e-05 0.143243 3.56049e-07 0.000167987 
1.0011e-07 0.833138 0.022969 3.6245e-07 0.0062132 4.54992e-10 1.49186e-09 0.078597 0.0141783 0.0254414 0.00015338 0.0187055 5.66778e-07 2.51539e-06 0.000600495 
1.77188e-08 0.0809244 4.3802e-05 3.56421e-05 1.09815e-07 3.56807e-06 4.2215e-06 3.24258e-05 1.37365e-08 2.2305e-05 4.44114e-08 2.90644e-08 8.16295e-08 1.78036e-07 0.918933 
9.64616e-07 0.744821 0.0243072 0.000141735 0.00698442 0.00400511 1.18795e-10 0.0870113 0.00695783 0.0376029 0.00191495 0.0187463 0.0494692 0.00169573 0.0163415 
7.95604e-07 0.893735 5.58464e-05 0.00304822 8.94215e-08 0.0144938 0.0052194 0.0339779 0.0274984 0.0107896 4.50173e-05 0.00195285 0.00133657 2.54729e-10 0.00784657 
6.25496e-09 0.362578 0.0266455 0.000341258 3.87662e-08 0.000642485 1.28202e-06 0.0558551 0.00464605 0.000711449 0.0085142 4.52851e-06 0.539345 3.41341e-07 0.000715692 
5.12484e-06 0.01658 0.00334689 0.00359164 4.12745e-07 0.000677173 7.24101e-11 0.666265 0.00106833 0.0351894 9.64233e-06 0.00112178 0.270479 0.00124433 0.00042193 
1.09313e-06 0.0897892 0.0206084 1.63244e-06 0.0143459 2.51433e-06 8.24415e-06 0.00347674 0.0230678 0.815954 2.73989e-06 0.0306019 0.00187278 0.000172689 9.48521e-05 
2.41029e-07 0.264616 0.336849 0.016077 0.0405066 1.0692e-05 5.77675e-08 0.213739 0.0424072 0.0602269 4.71507e-07 0.0163121 0.00701765 1.39908e-11 0.00223731 
5.35827e-06 0.0513877 0.0389921 0.0206041 0.00558281 0.00493921 4.07046e-07 0.282731 0.00455026 1.18505e-05 6.54927e-06 0.00553802 0.0165961 8.75734e-06 0.569046 
3.29745e-06 0.883223 0.0181845 5.33952e-05 4.15664e-05 0.0184697 0.000278554 0.0296239 0.0354621 0.00368219 0.00301541 1.96356e-06 0.00547696 1.26426e-08 0.00248305 
3.62398e-08 0.029371 0.00962913 0.000130853 2.55232e-06 0.00743121 6.09778e-06 0.0225964 0.730847 0.0679277 0.000896605 0.0261306 0.105015 2.46561e-10 1.64313e-05 
2.0263e-06 0.00497164 0.803717 0.0131906 2.85807e-05 3.52989e-07 4.84921e-06 0.051102 0.00234149 0.0431139 1.93604e-06 0.0773346 0.00293276 3.06242e-05 0.00122716 
2.7389e-07 0.0533556 0.000301687 0.000245594 1.69748e-06 6.29978e-07 3.02073e-05 0.119814 2.12333e-07 0.000153659 6.86494e-07 0.00199771 1.2618e-06 2.75201e-06 0.824094 
2.57165e-08 0.386919 0.132071 0.0135401 0.0285737 0.00216862 1.93948e-07 0.342259 0.00285753 0.00149912 0.000125344 0.0877594 1.18474e-07 2.58396e-07 0.00222603 
0.000117777 0.145113 0.00238278 0.0170188 0.775478 0.0037453 2.06431e-06 0.0491153 0.000468621 0.00123311 0.00283194 0.000243018 0.000789156 1.31342e-08 0.0014605 
7.8155e-05 0.000266946 0.280547 0.0029776 0.000130202 0.00320454 8.42875e-06 0.0153502 0.0566324 0.273951 0.0105791 0.349004 0.00525711 6.18658e-09 0.00201302 
9.64616e-07 0.744821 0.0243072 0.000141735 0.00698442 0.00400511 1.18795e-10 0.0870113 0.00695783 0.0376029 0.00191495 0.0187463 0.0494692 0.00169573 0.0163415 
0.000111965 0.55443 0.138384 0.22108 0.0263 0.00130229 5.69903e-06 0.0212367 0.0213115 0.00194824 0.000120651 0.00637974 0.00161423 2.7621e-06 0.00577228 
2.3764e-05 0.809509 0.0305671 9.63046e-05 0.000258534 0.00281137 3.33989e-05 0.0351111 0.0111484 0.0238941 0.000510252 0.000669618 0.0195784 4.60052e-09 0.0657889 
5.52205e-10 0.998778 5.31035e-10 8.24642e-10 3.42238e-09 1.27013e-09 4.1646e-09 5.87436e-07 4.28095e-10 7.4437e-07 0.00122062 9.05789e-10 2.54398e-09 5.54848e-09 2.38228e-09 
0.000609612 0.0278379 0.0307569 0.00791067 0.602942 0.0786375 0.00229685 0.0199914 0.0731605 0.05332 0.00509105 0.093344 0.00133223 2.98903e-08 0.00276881 
1.3356e-07 1.90186e-06 0.0718337 0.00106866 0.913176 0.00145444 1.74578e-08 0.00942869 0.00138821 0.00156594 6.9105e-06 2.70415e-06 6.99461e-05 1.76853e-09 2.38123e-06 
3.62398e-08 0.029371 0.00962913 0.000130853 2.55232e-06 0.00743121 6.09778e-06 0.0225964 0.730847 0.0679277 0.000896605 0.0261306 0.105015 2.46561e-10 1.64313e-05 
