0.00874395 0.402442 0.0197001 0.00560788 0.00126388 0.11561 1.20162e-06 0.104815 0.0784543 0.00996239 0.228615 0.00443405 0.000270283 2.13423e-07 0.0200796 
0.083686 0.793911 0.0223004 0.000408272 0.00148985 0.00302906 1.20344e-06 0.0172317 0.0446882 0.00174056 0.000176292 0.0153991 0.000706033 3.8355e-09 0.0152326 
0.00745485 0.73323 0.034483 0.0331193 0.0039335 0.0179895 9.88871e-07 0.05031 4.6249e-07 0.000332422 0.111455 0.000576696 0.00708621 2.24604e-11 2.75819e-05 
0.0131008 0.576752 0.238852 0.000370302 0.0429347 0.00660566 2.14388e-06 0.00686422 0.0720488 0.0129874 0.00211855 0.006559 0.000579561 2.63365e-05 0.0201986 
0.0120855 0.298648 0.00343297 0.00025832 0.00117634 0.0113415 8.64403e-05 0.261443 0.16273 0.126276 8.45186e-05 0.0861103 0.029368 1.07243e-08 0.00695822 
0.0143339 0.272755 0.0749242 0.0120857 0.204997 0.0839519 5.31527e-06 0.0756072 0.169403 0.0848885 0.000822636 0.000677884 0.00246777 4.98786e-11 0.00308041 
0.0591118 0.786933 0.00504875 9.88601e-07 0.00350979 0.000526496 1.30211e-06 0.00492856 0.00632431 0.132298 3.53322e-05 0.00108731 0.000139519 1.7348e-06 5.30242e-05 
0.0130085 0.433883 0.0218561 0.00325611 0.0104227 0.0300966 1.6228e-05 0.146671 0.216946 0.108591 0.000472362 0.000727746 0.00794902 1.07962e-09 0.00610455 
0.00101106 0.96986 0.000251918 0.00389722 1.56702e-06 0.0100189 0.000465202 0.00675308 0.00171239 0.00381832 0.00171275 0.000481751 5.15518e-06 2.28592e-09 1.04467e-05 
0.0213326 0.350563 0.279509 0.0318599 0.00202754 0.0711777 1.33685e-06 0.101178 0.0350453 0.010809 0.0871498 0.00734133 0.00127103 1.36823e-10 0.000734278 
0.00967552 0.793006 0.105235 0.000216294 0.00419619 0.0008361 4.84011e-06 0.00701261 0.0229223 0.00947592 0.000134238 0.00419766 4.42648e-06 9.11103e-05 0.0429925 
0.121714 0.302294 0.29002 4.13304e-08 4.06669e-10 0.0292328 4.94864e-10 6.38024e-05 0.00226265 0.232132 9.3176e-07 0.0214286 0.000849124 6.59306e-10 1.67391e-06 
0.0224632 0.639955 6.60492e-06 6.60447e-06 6.60039e-06 6.60378e-06 6.59922e-06 0.205428 0.0350138 0.0323718 0.0105724 6.60434e-06 0.019812 6.59707e-06 0.0343371 
0.0111859 0.303975 0.0915446 0.0031188 0.000621013 0.0757697 7.35798e-06 0.209472 0.0624446 0.223129 0.000478618 0.00565914 0.00308263 0.00914415 0.00036733 
0.0805978 0.47167 0.298669 0.00226546 0.000173836 0.0170039 0.00437649 0.0136697 0.0300167 0.025025 0.0348841 0.019703 0.00105571 2.70141e-05 0.00086275 
0.00363023 0.657303 0.0577909 0.00179002 0.00453442 0.0113117 3.33439e-08 0.00322801 0.108979 0.0271926 0.0909452 0.0275391 0.0010329 0.0041082 0.000614382 
0.0523053 0.384505 0.265726 0.0145541 0.00348106 0.0324895 0.0243992 0.0328987 0.0826378 0.0455338 0.0115945 0.0223349 0.0051574 0.000999453 0.0213832 
0.0164276 0.670871 0.0831512 0.000261063 5.6486e-06 2.47483e-08 2.90404e-06 0.097039 0.00189692 0.0659654 3.53955e-05 0.00451936 0.00147924 0.000144351 0.0582013 
0.00101106 0.96986 0.000251918 0.00389722 1.56702e-06 0.0100189 0.000465202 0.00675308 0.00171239 0.00381832 0.00171275 0.000481751 5.15518e-06 2.28592e-09 1.04467e-05 
0.000897391 0.800399 0.00587133 0.0206938 3.81161e-05 0.0259192 0.000293261 0.0727281 0.00883923 8.0638e-05 0.000282552 0.0249699 0.000575755 3.13289e-05 0.0383806 
0.051397 0.622843 0.0082659 1.01451e-05 0.0300584 0.00110702 0.114753 0.0330382 0.114551 0.00303149 0.00386083 0.00906089 0.00142996 2.46714e-08 0.00659251 
0.0861614 0.330498 0.0332818 0.00136733 0.130413 0.0038683 2.24022e-05 0.0489127 0.223774 0.0487929 0.00068967 0.0188292 0.00524867 6.53264e-06 0.0681347 
0.00101106 0.96986 0.000251918 0.00389722 1.56702e-06 0.0100189 0.000465202 0.00675308 0.00171239 0.00381832 0.00171275 0.000481751 5.15518e-06 2.28592e-09 1.04467e-05 
0.101872 0.492279 0.0733301 0.000194909 0.000156527 0.0206678 1.52445e-08 0.000432846 0.0219996 1.43333e-09 0.279424 0.00596216 0.000501861 0.000116657 0.00306173 
1.76835e-07 0.844285 0.000121208 7.9612e-07 1.98429e-08 2.00929e-07 7.14779e-08 0.0902776 0.0169407 0.0482885 6.10948e-08 4.76256e-08 6.07474e-08 3.21668e-10 8.53079e-05 
0.129179 0.217883 0.118957 0.00559684 0.0097639 0.00101496 9.51919e-06 0.144075 0.129896 0.105454 0.000272237 0.0609484 0.00121436 0.00362876 0.0721072 
0.00101106 0.96986 0.000251918 0.00389722 1.56702e-06 0.0100189 0.000465202 0.00675308 0.00171239 0.00381832 0.00171275 0.000481751 5.15518e-06 2.28592e-09 1.04467e-05 
0.0468838 0.235853 0.212159 0.0212192 0.00070104 0.158227 0.000106724 0.0471957 0.0622089 0.157838 0.0270233 0.0093356 0.0199303 9.8571e-08 0.0013187 
0.0705832 0.419459 0.221896 0.0028402 0.000816953 0.0766064 0.00251775 0.0187857 0.0963133 0.0142053 0.066465 0.00523075 0.00286644 1.65343e-07 0.00141389 
0.00715344 0.616894 0.0407509 1.19801e-05 0.00521089 0.00063169 7.01254e-09 0.249124 0.0536398 0.0155771 0.000302261 4.32925e-05 0.00576969 9.65082e-06 0.00488157 
0.0152848 0.348656 0.300029 1.11549e-07 0.043997 0.00313624 0.00141273 0.0728713 0.0645773 0.0145554 0.000137755 0.0459973 0.00870933 4.02047e-07 0.080636 
0.0277323 0.638536 0.00754274 0.000566285 4.95984e-06 0.000972358 0.000703907 0.0915783 0.148782 0.0488125 0.000303579 0.0103012 6.95853e-05 1.28597e-05 0.0240814 
0.000423319 0.596197 0.0787256 0.000938028 3.12831e-05 0.00182357 2.22015e-08 0.164969 0.0216291 0.0527871 0.000442636 0.00168505 0.00527412 1.90778e-05 0.0750545 
0.028795 0.620807 0.0311902 0.0116804 3.17006e-05 0.00762297 8.66445e-05 0.020257 0.0623038 0.204068 4.64139e-05 0.0116271 0.000593121 0.000303539 0.000586841 
0.0305872 0.630149 0.0369797 0.0124292 0.136246 0.00456175 3.75214e-07 0.0533946 0.0465904 0.000805021 4.1891e-05 0.0036815 0.0146429 0.0297475 0.000143259 
0.0805978 0.47167 0.298669 0.00226546 0.000173836 0.0170039 0.00437649 0.0136697 0.0300167 0.025025 0.0348841 0.019703 0.00105571 2.70141e-05 0.00086275 
2.07244e-05 0.748611 0.0241751 2.26746e-06 0.00116891 2.55819e-05 1.23263e-07 0.062553 0.0222723 0.0892485 7.99408e-06 9.88192e-06 1.01125e-05 2.21629e-07 0.0518949 
0.0043529 0.607962 0.0308667 0.259795 0.00250404 2.03368e-07 1.04866e-07 0.0191332 5.39957e-06 0.0737114 3.16544e-11 4.5784e-07 6.226e-07 1.26896e-10 0.00166792 
0.0245923 0.249743 0.197022 0.0391456 0.00407194 0.10557 3.36933e-10 0.0482041 0.100729 0.0176174 0.199295 0.00986513 0.00107307 8.9943e-06 0.00306234 
0.00311149 0.810933 0.00295137 0.00498887 1.3817e-08 0.0073416 4.97515e-08 0.0510863 0.0314254 0.0821632 0.000417333 0.000390195 0.000787692 1.57099e-11 0.00440387 
0.0188689 0.488148 0.0750622 0.00494545 0.0140936 0.00158585 0.000313089 0.0650972 0.134097 0.146596 0.00342617 0.00645195 0.0184021 0.00182175 0.0210912 
0.00101106 0.96986 0.000251918 0.00389722 1.56702e-06 0.0100189 0.000465202 0.00675308 0.00171239 0.00381832 0.00171275 0.000481751 5.15518e-06 2.28592e-09 1.04467e-05 
0.0727294 0.361362 0.10441 0.0204705 0.00572939 0.093365 0.000155301 0.054914 0.0946289 0.115486 0.0532684 0.0153314 0.00236364 0.000861386 0.00492494 
0.00829022 0.554822 0.00124985 0.000145915 0.000285194 4.29277e-08 7.08475e-07 0.0587865 0.291671 0.00547153 2.66886e-11 0.0335156 2.64648e-06 3.00582e-06 0.0457559 
0.0092853 0.759726 0.00807863 1.31022e-08 0.00940144 2.01803e-08 0.000606276 0.0236166 0.0469001 0.140688 2.19907e-08 3.61439e-05 1.60551e-05 8.81562e-08 0.00164533 
3.2625e-06 0.314957 0.00604119 0.00123308 4.27822e-07 0.0519847 9.77817e-07 0.120691 0.288734 0.189165 3.10975e-08 0.0129022 0.000286037 6.49371e-07 0.0140009 
0.0776807 0.646158 0.0144002 0.00123944 0.00428458 0.00293006 9.08423e-05 0.0865131 0.0410267 0.0802207 3.79964e-05 0.0241079 0.0031193 0.00151857 0.0166719 
0.0121552 0.843932 0.0143187 0.00109126 0.000576889 0.0181002 1.71983e-08 0.0651432 0.000790128 0.00992348 0.00661482 0.000128756 0.0272207 1.53923e-06 3.21195e-06 
0.0278004 0.276454 0.186133 0.0683084 0.000137416 0.0228095 3.78063e-06 0.0866398 0.17028 0.110973 0.000757692 0.0457776 0.00283632 8.1569e-06 0.0010809 
0.0424652 0.306427 0.0559542 0.00443739 0.00204531 0.0448116 0.000270685 0.264175 0.119932 0.0778126 5.9208e-05 0.0115391 0.0116976 0.00595949 0.0524148 
0.0020442 0.356191 0.0422987 0.00761775 0.282345 0.00708614 3.47161e-07 0.139321 0.0930315 0.0144842 0.00153797 0.00955554 0.00108496 1.12763e-07 0.0434015 
0.0502003 0.343523 0.189975 0.0143886 0.00189021 0.171654 0.00700026 0.0193251 0.0802809 0.0365183 0.0040033 0.0585508 0.000622836 6.16944e-07 0.0220672 
0.0016821 0.834593 0.0868077 4.46091e-06 2.11794e-07 7.86024e-08 2.57727e-07 0.0027053 0.0245113 0.0116306 7.79336e-05 0.0242176 0.00508223 7.05013e-05 0.00861682 
0.000136735 0.847807 0.000136736 0.000136726 0.000136642 0.000136712 0.150416 0.000136741 0.000136739 0.000136741 0.000136708 0.000136724 0.000136671 0.000136573 0.000136676 
0.0421299 0.635758 0.00598639 0.000192947 3.14373e-07 0.223473 0.0445363 0.012649 0.0187812 0.00692723 6.69634e-05 0.00163923 7.62617e-05 0.00139742 0.00638551 
0.000745601 0.96631 0.00438292 2.81654e-08 9.37919e-08 0.00277916 0.000136543 0.00695329 0.00629944 0.00622382 0.00399841 1.22094e-07 0.000390029 4.58557e-08 0.00178036 
0.00388678 0.437153 0.0323945 0.019377 0.00443217 0.0109256 2.29158e-07 0.081961 0.0670918 0.31718 0.000228825 0.00155635 0.0145934 3.9556e-07 0.00921914 
0.00578088 0.815223 0.0288851 0.0145134 0.000270328 0.0932213 7.53653e-05 0.0168757 0.00186605 0.000729412 0.0175235 0.00491812 5.712e-05 1.55505e-11 6.04614e-05 
0.0537138 0.386384 0.0768934 0.0158764 0.0079306 0.0105867 0.000723496 0.184758 0.0118374 0.203524 0.0140279 0.00295514 0.000847243 0.0271023 0.00283944 
0.00133861 0.96882 1.04467e-05 0.000596704 0.00014353 0.000150611 5.3619e-05 0.00654915 0.00617935 0.0152804 0.000315819 3.57056e-05 0.000429903 6.36858e-08 9.57614e-05 
0.0227896 0.840251 0.0335577 1.92922e-09 0.0149565 7.76728e-06 8.3088e-05 0.0363321 0.00548135 0.0294245 3.16998e-07 0.000577848 2.59782e-06 1.29805e-08 0.0165354 
0.00101106 0.96986 0.000251918 0.00389722 1.56702e-06 0.0100189 0.000465202 0.00675308 0.00171239 0.00381832 0.00171275 0.000481751 5.15518e-06 2.28592e-09 1.04467e-05 
0.00906194 0.296776 0.185319 2.76551e-05 0.0604924 0.000630919 1.6389e-09 0.0231925 0.0115973 0.144135 0.00169499 0.0258994 0.00104455 0.0210208 0.219109 
0.0639038 0.306949 0.0234142 0.0289517 0.0342046 0.0640099 7.74568e-06 0.0768822 0.0446499 0.0496693 0.263083 0.003471 0.0384971 1.77167e-07 0.00230652 
0.00379655 0.950807 0.0114279 0.000283709 8.05083e-08 9.88983e-05 1.01543e-09 0.00647336 0.00652908 0.0122792 0.00104096 2.63833e-07 1.25941e-05 1.35285e-09 0.00725006 
0.115906 0.513119 0.0184463 0.000244936 0.0491884 0.00478652 0.00207536 0.0855316 0.084201 0.0256915 2.59502e-05 0.0506152 0.0111024 1.05998e-05 0.0390554 
0.00110712 0.652667 0.00244047 0.00284839 0.00193125 8.09919e-06 4.97032e-07 0.0262611 0.00608845 0.0737632 5.83184e-05 0.000112087 0.000484603 4.97963e-05 0.232179 
0.00248331 0.876949 1.14554e-05 0.0245765 3.11711e-07 1.47139e-05 1.12101e-06 0.0522551 0.00512656 0.0369923 0.000103257 3.39309e-05 0.000218941 1.27492e-06 0.00123184 
0.0250105 0.436315 0.123356 0.00248317 0.000826848 0.0353428 0.0791467 0.00834796 0.0469018 0.0148673 0.206634 0.00447024 0.0150391 0.00117602 8.25618e-05 
0.0230102 0.695859 0.109406 0.00143218 0.00241178 0.0130311 2.85711e-05 0.00650478 0.0249929 0.104512 0.000167034 0.0167512 0.00170388 1.6101e-06 0.00018721 
0.064574 0.30452 0.038033 0.00287219 0.000888631 0.104425 4.02147e-05 0.118836 0.134878 0.212766 0.000438532 0.00903021 0.00340597 1.56581e-08 0.00529268 
0.00835857 0.421844 0.124598 0.003291 0.00427546 0.00507585 0.000224869 0.0261485 0.213481 0.117131 9.97882e-05 0.00593419 0.000410813 5.4074e-11 0.0691269 
0.00101106 0.96986 0.000251918 0.00389722 1.56702e-06 0.0100189 0.000465202 0.00675308 0.00171239 0.00381832 0.00171275 0.000481751 5.15518e-06 2.28592e-09 1.04467e-05 
0.0473226 0.831941 0.000168735 2.17939e-05 7.26237e-05 0.000308494 0.00124664 7.80112e-05 6.59365e-05 0.0055561 4.24353e-05 0.103174 3.49386e-05 2.15593e-06 0.00996476 
5.52205e-10 0.998778 5.31035e-10 8.24642e-10 3.42238e-09 1.27013e-09 4.1646e-09 5.87436e-07 4.28095e-10 7.4437e-07 0.00122062 9.05789e-10 2.54398e-09 5.54848e-09 2.38228e-09 
0.000608367 0.600875 0.001916 0.0159812 0.03864 0.00317052 1.226e-05 0.228621 0.0520817 0.0449886 0.000170436 0.000636317 0.0119784 0.000268064 5.19602e-05 
0.0705819 0.538463 0.074826 0.0204529 0.0120195 0.00477336 0.00389395 0.0473961 0.0939602 0.114993 0.00109285 0.00525785 0.000887022 7.12827e-05 0.0113311 
0.0352281 0.395288 0.0442583 0.0244966 0.0203024 0.00702259 0.0144136 0.0886174 0.0815079 0.218353 0.000196886 0.0442635 0.000141648 6.84238e-08 0.0259104 
0.0230102 0.695859 0.109406 0.00143218 0.00241178 0.0130311 2.85711e-05 0.00650478 0.0249929 0.104512 0.000167034 0.0167512 0.00170388 1.6101e-06 0.00018721 
9.45425e-05 0.625394 0.00945717 0.00737827 0.000334019 2.35693e-05 8.53508e-07 0.00727198 3.7687e-05 0.116776 2.2341e-06 3.56045e-06 5.35306e-09 1.30144e-07 0.233226 
0.00101106 0.96986 0.000251918 0.00389722 1.56702e-06 0.0100189 0.000465202 0.00675308 0.00171239 0.00381832 0.00171275 0.000481751 5.15518e-06 2.28592e-09 1.04467e-05 
0.000331435 0.940237 0.011745 1.38683e-08 9.27746e-07 0.000759354 1.91551e-07 0.00363086 0.0160478 0.0264814 0.000333759 0.00042676 1.45287e-06 8.00785e-10 3.89288e-06 
0.0332825 0.490618 0.00140894 0.00165758 1.16635e-05 0.00894396 2.85579e-05 0.0148813 0.317633 0.129588 0.000293594 0.000993077 0.000446582 2.73816e-05 0.000185453 
0.00601493 0.497996 0.0254035 0.018262 0.0611553 0.00140261 7.23676e-05 0.182586 0.0517083 0.0591341 0.000207254 0.019172 0.00998183 1.9733e-07 0.0669037 
0.0630435 0.623294 0.0508879 0.0357173 4.36528e-05 0.00553177 0.00193023 0.144135 0.00110157 0.0254577 0.00223049 0.0366008 0.00581147 1.90781e-07 0.0042148 
0.172807 0.346431 0.0408825 0.00432916 0.000812591 0.0684273 0.000320682 0.0468718 0.190386 0.0823369 0.00860121 0.0215952 0.0154301 3.81437e-06 0.000764349 
0.000416633 0.775679 0.00169685 4.88806e-07 0.0863881 0.00443194 3.45711e-10 0.056876 0.0182333 0.0404468 0.000227047 0.00890266 0.00439689 4.6059e-10 0.00230386 
2.94591e-10 0.545153 0.100689 0.0136744 0.000783007 1.38658e-06 2.93186e-06 0.226377 0.00236356 0.0984135 0.000343022 2.24695e-05 0.00741808 2.96001e-09 0.0047588 
0.00940951 0.50444 0.0301651 0.000611517 7.84501e-05 0.057659 0.000368426 0.310271 0.00374795 0.0189328 1.46528e-06 0.0207965 0.0416695 1.45558e-07 0.00184826 
0.00281554 0.762184 0.000875813 0.00809278 0.000332572 0.000201465 1.73591e-05 0.153173 0.000287049 0.00347058 0.00228677 0.00241118 0.0218212 1.33573e-07 0.0420309 
0.00379995 0.656273 0.00270305 0.00553204 0.0016362 0.00668369 7.95963e-05 0.149082 0.0225464 0.136215 0.0010705 0.00306666 0.00615246 0.000250089 0.00490975 
0.0297852 0.779867 0.0689421 0.00709803 0.000492964 0.00470374 8.68091e-05 0.0383432 0.0153469 0.000982828 0.000472843 0.0393866 0.00139292 4.12711e-07 0.0130986 
5.47139e-05 0.997551 5.26163e-05 8.17077e-05 0.000339098 0.000125848 0.00041264 3.63551e-05 4.24168e-05 3.87976e-05 0.000137138 8.97479e-05 0.000252064 0.000549758 0.000236043 
0.0131736 0.443658 0.149918 0.0147077 0.0516798 0.00279724 8.25817e-08 0.0963097 0.14415 0.0411801 0.00147698 0.00567611 0.00335675 2.37406e-10 0.0319161 
0.0278358 0.714542 0.051275 0.0386885 0.00594169 0.0141097 4.98602e-07 0.0584897 0.0372573 0.0335165 1.38981e-05 0.00178014 0.00015493 3.68221e-05 0.0163577 
0.00101106 0.96986 0.000251918 0.00389722 1.56702e-06 0.0100189 0.000465202 0.00675308 0.00171239 0.00381832 0.00171275 0.000481751 5.15518e-06 2.28592e-09 1.04467e-05 
0.00101106 0.96986 0.000251918 0.00389722 1.56702e-06 0.0100189 0.000465202 0.00675308 0.00171239 0.00381832 0.00171275 0.000481751 5.15518e-06 2.28592e-09 1.04467e-05 
0.000387288 0.790357 0.0806478 0.000743314 0.0223305 0.000191428 2.39766e-07 0.0847054 5.6217e-05 0.0134416 7.96845e-08 0.000239847 0.000879984 3.19439e-07 0.00601909 
0.0654436 0.441771 0.00833312 0.00460961 0.000516887 0.0877713 0.000155886 0.0534321 0.250622 0.0521776 0.0141862 0.00374943 0.0153405 1.84197e-06 0.00188839 
0.00698904 0.37157 0.246875 0.00432701 0.0494051 0.00438376 1.34055e-07 0.122947 0.0167827 0.0904517 0.000514109 0.0271693 0.00638695 0.00318189 0.0490157 
0.0365539 0.37848 0.0532483 0.0283809 2.5903e-05 0.0171091 1.49374e-05 0.0945602 0.089495 0.271112 8.63037e-05 0.0122861 0.000148427 2.08696e-10 0.0184989 
0.0557955 0.682329 0.0134564 0.0158397 0.00526852 0.0144369 0.0226719 0.055039 0.0148387 0.0167843 0.000198227 0.003396 0.00399146 0.0188869 0.0770673 
0.048085 0.33147 0.141368 0.00901534 0.00340437 0.0992044 0.000700648 0.0274816 0.194935 0.023677 0.106665 0.00315291 0.00893787 0.000946948 0.000955627 
0.0916531 0.655328 0.0226133 3.97917e-05 0.000660632 7.79389e-05 5.17468e-07 0.052832 0.121642 0.0287966 1.60947e-06 0.00732856 0.00126348 0.000144257 0.0176179 
0.00122712 0.982825 0.00122713 0.00122704 0.00122629 0.00122692 0.00122607 0.00122718 0.00122716 0.00122717 0.00122688 0.00122702 0.00122655 0.00122567 0.00122659 
0.000331435 0.940237 0.011745 1.38683e-08 9.27746e-07 0.000759354 1.91551e-07 0.00363086 0.0160478 0.0264814 0.000333759 0.00042676 1.45287e-06 8.00785e-10 3.89288e-06 
0.000199956 0.997886 9.34342e-05 4.92249e-05 6.60931e-06 8.98345e-05 8.04269e-06 4.30957e-05 0.000468589 5.62182e-05 2.67293e-06 0.000292024 4.91293e-06 1.07152e-05 0.000788416 
0.0234436 0.64386 0.229847 0.00032753 0.00925783 0.00461952 1.54851e-10 0.00121877 0.0718472 0.0124251 0.0013225 0.000564797 0.000223808 2.44887e-07 0.00104183 
3.48128e-05 0.939579 0.00480717 1.00677e-05 0.000299696 0.000581488 9.29151e-06 0.0231442 0.00130094 0.00627465 0.0012071 2.58314e-05 0.00203006 1.29615e-07 0.0206954 
0.0266837 0.549776 0.0550497 0.0062772 0.000111661 0.000640141 1.21569e-05 0.0878556 0.0116245 0.0154735 0.000132764 0.0133359 0.00205649 8.20125e-05 0.230888 
0.0805978 0.47167 0.298669 0.00226546 0.000173836 0.0170039 0.00437649 0.0136697 0.0300167 0.025025 0.0348841 0.019703 0.00105571 2.70141e-05 0.00086275 
0.00160725 0.763414 0.0324978 0.00310065 0.00785506 0.00917137 6.50974e-12 0.00392441 0.0173588 0.00347208 0.14806 0.000498027 0.00138198 0.0068806 0.000778282 
0.00771015 0.962043 0.000246043 1.64414e-05 3.75068e-05 0.000708217 1.25476e-05 0.00168325 0.00159432 0.000133828 3.76321e-05 0.00079342 0.00738807 3.3273e-06 0.0175926 
0.0226998 0.785204 0.0102878 0.00295054 0.00453358 0.0353596 0.000252753 0.0263993 0.0473568 0.0592412 0.00122672 0.00317277 0.000939246 2.4437e-09 0.000375998 
0.125123 0.326705 0.0173861 0.046164 0.00292835 0.0166656 4.5159e-06 0.251464 0.0550062 0.110104 0.000914256 0.0105044 0.0207803 0.00426942 0.0119809 
0.000179043 0.905537 0.0304348 0.0131058 3.56896e-05 2.88495e-05 0.0121 0.000426257 0.016034 1.37786e-10 0.0163086 0.00179266 6.52711e-05 1.439e-07 0.00395231 
0.0143534 0.621871 0.010168 0.00299836 0.122208 0.000126969 1.26643e-05 0.123996 0.00346912 0.00155664 9.22577e-08 0.000901975 0.0226367 3.69842e-07 0.0757004 
7.16058e-05 0.978197 0.00840106 4.91624e-09 1.31201e-06 2.30339e-06 0.000230038 0.00315104 0.00106711 0.00186413 1.30038e-06 1.43353e-05 2.00798e-05 3.30782e-08 0.00697824 
0.00149661 0.78351 0.00520013 0.00908407 0.000176319 9.06468e-05 6.25402e-05 0.0206882 0.11691 0.0443378 3.7661e-05 0.0153566 0.000855372 0.000147353 0.00204692 
0.0300409 0.545551 0.0826169 0.0390476 0.000859425 0.00715801 3.93363e-05 0.22659 0.0313995 0.0277139 0.000828229 0.000742956 0.00464576 1.69434e-07 0.00276565 
0.0245923 0.249743 0.197022 0.0391456 0.00407194 0.10557 3.36933e-10 0.0482041 0.100729 0.0176174 0.199295 0.00986513 0.00107307 8.9943e-06 0.00306234 
0.177975 0.284073 0.128383 0.00477368 0.062174 0.055687 0.000740389 0.134163 0.0964871 0.0434602 0.00430758 0.00174149 0.00473353 4.06994e-09 0.00130085 
0.0073806 0.566775 0.153245 0.0382011 0.00609407 0.0051181 1.12015e-07 0.0321177 0.0810992 0.0945669 0.00243451 0.00234757 0.00848511 3.00203e-10 0.00213421 
0.0598953 0.68553 0.0108104 9.56323e-05 0.000918821 0.00236772 0.134704 0.0125078 0.0605206 0.00416891 0.000720255 0.015119 0.00129364 0.000424399 0.0109235 
0.103477 0.66153 0.00268087 0.000658698 0.000615156 0.00796193 2.99776e-05 0.119448 0.0756731 0.0132905 0.000527258 0.00747153 0.000744297 1.72474e-10 0.00589158 
0.154821 0.183495 0.0713536 0.00773458 0.000694683 0.113073 0.000407592 0.0925794 0.113598 0.170212 0.0794135 0.00946979 0.00160124 0.000378834 0.00116683 
0.0261336 0.812931 0.0125229 0.0105025 0.000217576 0.00189113 0.000227499 0.0404098 0.0393665 0.021615 0.0138126 8.64267e-05 0.000991099 1.93302e-08 0.0192927 
0.00919312 0.505537 0.0497864 0.00205245 0.0194429 0.00339536 2.39417e-05 0.188056 0.0708586 0.0907016 0.000512662 0.00445553 0.00496655 6.94276e-08 0.0510183 
0.0142841 0.544505 0.300568 0.00895495 0.000494493 0.000909895 0.000300964 0.00240501 0.0616524 0.00659418 0.0478468 0.00836182 0.000230428 1.1247e-08 0.00289208 
0.00533121 0.519629 0.0545458 0.000303587 0.00525359 0.0205103 1.70539e-07 0.00147117 0.0137228 0.0010018 0.367643 0.000768685 0.000698943 0.00848709 0.000633312 
0.0175171 0.759192 0.0713861 2.32717e-05 0.00707246 0.00476846 8.45779e-05 0.0133779 0.0576745 0.0515015 0.000116301 0.00163092 0.000166573 1.46749e-08 0.0154886 
0.000931322 0.349604 0.0038834 0.00100446 3.26684e-07 0.00130639 9.00822e-10 0.100946 0.06924 0.279506 3.97935e-08 0.0102031 0.022192 0.123897 0.0372856 
8.49337e-09 0.71268 0.0218063 0.000123649 0.00515053 0.000350996 2.68517e-05 0.0690812 0.0431627 0.043221 3.13814e-05 0.0047696 0.000149557 2.19504e-05 0.0994239 
0.0160008 0.451568 0.00457147 0.00324641 0.000675253 0.350634 0.000205535 0.0330219 0.0813741 0.0498123 0.00431456 0.00325631 0.00109237 1.66479e-12 0.000226993 
0.00807383 0.638099 0.0211422 0.00191227 0.000379471 0.00534939 2.42986e-07 0.111866 0.102686 0.0944395 7.67831e-05 0.00141364 0.00432487 0.00217257 0.00806349 
0.0245923 0.249743 0.197022 0.0391456 0.00407194 0.10557 3.36933e-10 0.0482041 0.100729 0.0176174 0.199295 0.00986513 0.00107307 8.9943e-06 0.00306234 
0.0112271 0.546068 9.64299e-05 0.00525519 0.0026584 0.00263731 1.62526e-07 0.136926 0.146687 0.145666 0.000149896 1.08268e-07 0.00186548 7.42704e-11 0.000762146 
0.0218853 0.818094 0.00569053 0.0054487 0.0264487 0.00106323 0.000239226 0.0418459 0.045061 0.00660829 0.00340057 0.00647477 0.000129765 1.38064e-06 0.0176085 
0.000128205 0.336551 0.333973 4.97536e-06 6.76159e-07 2.5094e-07 3.42404e-05 1.39906e-05 0.000114693 0.329013 2.73452e-07 8.76869e-06 5.02613e-07 1.09621e-06 0.000155136 
0.0820692 0.871459 0.00093228 0.000139288 0.00597736 2.27648e-05 0.000206289 0.000840451 0.0239557 0.00895139 0.00027948 2.68434e-05 0.000335264 1.54013e-06 0.00480272 
0.0418058 0.49897 0.0106842 3.40996e-06 9.87983e-06 0.0219869 3.40854e-05 0.189923 0.0620668 0.0547531 3.8596e-05 0.0259298 0.000143658 0.000268119 0.0933821 
0.0429302 0.298926 0.00351669 0.129413 0.00077674 0.0212038 0.00229889 0.113313 0.139606 0.231227 0.00591633 0.00704808 0.00319967 7.68584e-08 0.000623098 
0.00101106 0.96986 0.000251918 0.00389722 1.56702e-06 0.0100189 0.000465202 0.00675308 0.00171239 0.00381832 0.00171275 0.000481751 5.15518e-06 2.28592e-09 1.04467e-05 
0.00695766 0.854634 0.031262 0.000252814 0.000180176 1.9978e-09 4.79773e-06 0.0592803 0.0361306 0.00754229 2.17702e-09 1.42472e-09 9.45492e-05 8.72724e-09 0.0036604 
0.00966665 0.438972 0.0100656 0.00306528 0.00010002 0.0169807 0.000104254 0.295976 0.00217427 0.181622 0.000453303 0.0270763 0.00399716 2.49786e-06 0.00974377 
0.0053986 0.767037 0.0218783 0.0108762 7.33879e-06 3.00646e-05 2.01831e-07 0.0411515 0.0223094 0.0402334 3.5617e-05 0.00550683 0.000145577 1.07498e-08 0.0853899 
0.120556 0.495227 0.0443571 0.0147806 0.000377162 0.199413 0.000718521 0.028517 0.0333545 0.0290181 0.0101121 0.022903 0.000243503 3.72493e-06 0.000418309 
0.00733545 0.81419 0.0468162 0.000161985 1.15924e-06 0.00155599 3.17271e-10 0.0190222 0.00440674 0.0805438 0.00346796 1.72823e-06 0.00791562 5.32996e-05 0.0145279 
0.00659782 0.875886 0.0110082 0.00221606 5.60825e-06 0.000656439 9.40624e-06 0.00148004 2.52736e-06 0.0690442 0.000127607 0.0323605 0.00031342 4.24421e-07 0.000291569 
0.0478456 0.29934 0.000256476 0.0718012 1.38017e-06 0.0541842 4.01157e-06 0.276484 0.200425 0.0493339 6.95484e-06 0.000107445 0.000198376 2.01629e-06 9.43953e-06 
0.048085 0.33147 0.141368 0.00901534 0.00340437 0.0992044 0.000700648 0.0274816 0.194935 0.023677 0.106665 0.00315291 0.00893787 0.000946948 0.000955627 
0.0980312 0.371693 0.044927 0.0126751 1.39933e-05 0.000166852 9.16766e-06 0.0038621 0.124207 0.0628381 5.49579e-06 0.109111 0.000134816 2.82184e-06 0.172322 
0.00532902 0.986357 0.000223898 3.14312e-07 5.33022e-10 2.23942e-07 6.48619e-10 1.21761e-06 6.66741e-11 0.00446773 0.00190199 0.00158546 0.000132522 8.64153e-10 6.18206e-07 
0.0554218 0.644015 0.136333 0.0266596 0.00046579 0.0187738 0.00161233 0.0524429 0.00992973 0.00749961 0.0442893 0.00066989 0.00161614 2.01755e-11 0.000270366 
0.0203107 0.355124 0.0790676 0.00116109 0.000139098 0.00664134 2.6403e-07 0.0848135 0.0305064 0.0180993 0.000555017 0.0438028 0.00618918 4.87165e-07 0.353589 
0.00134675 0.635794 0.0273246 2.41789e-05 0.00163925 0.0102583 2.2737e-07 0.00614218 0.0434707 0.0435587 0.208859 0.0129549 0.00171651 1.1091e-05 0.00689906 
0.0769062 0.417436 0.0667956 0.0154427 0.0001717 0.0560357 0.0010604 0.0456602 0.181344 0.0465509 0.0692699 0.0148649 0.00555207 1.13691e-05 0.00289865 
0.173611 0.400634 0.0851499 0.00573403 0.00130181 0.0541943 8.04577e-05 0.0584995 0.0227626 0.13559 0.00768629 0.0214241 0.00161802 8.39175e-05 0.0316301 
0.309409 0.420361 0.00138882 2.60967e-07 6.23263e-06 1.1359e-05 0.00128219 0.00166128 0.222212 0.00560177 2.61529e-06 0.00176816 0.0362944 5.88255e-07 7.44273e-09 
0.062834 0.357706 0.0386517 0.0121672 3.62784e-05 0.00413136 4.75917e-06 0.14774 0.276331 0.0699214 4.23268e-05 0.00262348 0.010804 0.00442952 0.0125782 
0.00795369 0.314459 0.0810749 0.242988 5.74229e-09 0.00212391 6.98763e-09 0.1893 8.02535e-05 0.0257681 2.32229e-09 0.134142 0.00210942 9.3096e-09 3.99715e-09 
0.00481195 0.607445 0.275063 0.00385531 0.0133007 0.00101277 4.80336e-05 0.0109044 0.00651724 0.0229027 4.56824e-05 0.00104559 3.50846e-05 1.97992e-08 0.0530121 
0.0189537 0.443275 0.0110682 0.0212386 0.00150428 0.00250353 7.461e-05 0.0744831 0.24372 0.165637 0.000390652 0.00208891 0.00672676 3.13607e-12 0.00833564 
0.0540028 0.614432 0.00152409 2.80072e-05 0.000353466 0.000195144 0.00375417 0.000354743 0.238807 0.0551889 0.000321861 5.18432e-06 0.000346003 6.45789e-09 0.0306859 
0.161317 0.390073 8.23009e-06 8.22952e-06 8.22444e-06 8.22866e-06 0.0205657 0.014823 0.337451 8.23039e-06 0.0107052 0.00659173 8.22621e-06 8.2203e-06 0.0584162 
0.00101106 0.96986 0.000251918 0.00389722 1.56702e-06 0.0100189 0.000465202 0.00675308 0.00171239 0.00381832 0.00171275 0.000481751 5.15518e-06 2.28592e-09 1.04467e-05 
0.00896957 0.405678 0.0523073 9.931e-06 0.000236011 1.26624e-05 4.25897e-09 0.0183941 0.114476 0.0275445 2.76981e-06 0.355888 0.00386187 0.00211646 0.0105032 
0.0139307 0.731604 0.147392 0.000360519 3.06157e-05 0.000112732 9.88079e-05 0.0122819 0.0435417 0.00121367 0.00282481 0.00266842 2.84544e-06 1.14418e-05 0.0439259 
0.00607198 0.624576 0.00834384 1.73643e-06 1.09472e-06 8.4612e-06 1.74101e-10 0.130045 0.155555 0.0718371 7.56379e-05 0.000351791 3.52057e-06 0.000267395 0.00286079 
0.0566896 0.348368 0.197598 0.0040765 0.000223932 0.000952489 9.66735e-08 0.147765 0.0976895 0.0205753 0.000387923 0.0175758 7.14999e-05 5.61786e-05 0.107969 
1.08413e-05 0.795489 1.9547e-05 4.41678e-06 1.83302e-05 0.03198 9.29011e-09 8.2668e-08 2.08192e-05 7.42546e-06 4.81681e-05 2.02057e-09 5.67493e-09 1.23772e-08 0.172401 
0.0178155 0.66175 0.0331973 0.00566718 0.0235432 0.109829 9.73855e-05 0.0484774 0.0192975 0.0331975 0.0155852 0.00381877 0.015185 8.20292e-06 0.0125311 
0.164404 0.281976 0.0372835 0.0111163 0.00315188 0.000162402 0.204504 0.0862726 0.146226 0.0300733 0.00013675 0.0111373 0.0138492 1.29204e-05 0.00969343 
0.0318183 0.353679 0.145609 4.22951e-10 0.000142462 0.00143422 1.27729e-06 0.00148703 0.157708 0.106824 0.000357214 0.0266831 0.000293652 1.84791e-06 0.173961 
0.00578088 0.815223 0.0288851 0.0145134 0.000270328 0.0932213 7.53653e-05 0.0168757 0.00186605 0.000729412 0.0175235 0.00491812 5.712e-05 1.55505e-11 6.04614e-05 
0.0742266 0.452121 0.175315 0.0299869 0.00593716 0.0182194 0.00599993 0.161356 0.001304 0.014636 0.00192743 0.0198663 0.00479431 2.71233e-05 0.0342826 
1.17913e-06 0.976042 1.60619e-06 7.33388e-10 3.04366e-09 3.38986e-06 7.78157e-06 0.0136939 0.0102382 1.53259e-06 1.23215e-06 8.05555e-10 2.26246e-09 4.93449e-09 8.6886e-06 
0.0999968 0.311758 0.022521 0.0992028 1.7577e-08 0.0264947 6.02127e-06 0.175684 0.108479 0.125226 9.334e-06 0.00645219 0.00930832 2.25891e-05 0.0148383 
0.0357121 0.512671 0.0319362 0.038762 0.00520722 0.0106734 5.32944e-05 0.17106 0.0866917 0.0691951 0.000183297 0.0119807 0.00794174 0.000208554 0.0177235 
0.0261336 0.812931 0.0125229 0.0105025 0.000217576 0.00189113 0.000227499 0.0404098 0.0393665 0.021615 0.0138126 8.64267e-05 0.000991099 1.93302e-08 0.0192927 
0.00101106 0.96986 0.000251918 0.00389722 1.56702e-06 0.0100189 0.000465202 0.00675308 0.00171239 0.00381832 0.00171275 0.000481751 5.15518e-06 2.28592e-09 1.04467e-05 
0.0241549 0.469928 0.206418 0.000753172 0.0123266 0.0146976 6.67253e-08 0.0707115 0.124647 0.0325461 0.00036836 0.0344537 0.00723585 0.000121715 0.00163732 
0.00131109 0.705154 0.0375556 0.000698082 0.0035874 1.39261e-05 5.01064e-05 0.138471 0.00574264 0.0210512 1.11112e-07 1.58247e-06 3.30859e-06 6.42451e-07 0.0863591 
0.103752 0.457357 0.0603781 9.0845e-05 0.000370035 0.00406673 6.00111e-05 0.0467615 0.040556 0.152701 2.78625e-07 0.0294267 6.26507e-05 0.0919822 0.0124348 
0.121714 0.302294 0.29002 4.13304e-08 4.06669e-10 0.0292328 4.94864e-10 6.38024e-05 0.00226265 0.232132 9.3176e-07 0.0214286 0.000849124 6.59306e-10 1.67391e-06 
0.0485463 0.763686 0.0506305 0.000330722 0.000256547 0.000110336 0.000152177 0.0345533 0.0585623 0.0211518 0.000703971 0.0145921 2.32946e-05 4.70834e-05 0.00665331 
0.0500758 0.336672 0.0867489 0.0135086 0.000562504 0.214277 0.000358419 0.0565999 0.0618408 0.0714286 0.0143852 0.088965 0.000677026 3.53635e-06 0.0038968 
0.0176914 0.3452 0.0966375 0.0195619 0.000132055 0.275088 0.0415063 0.13056 0.0278543 0.0313101 0.0017142 0.00146965 0.00283031 0.00485137 0.00359287 
0.0022326 0.461608 0.0509728 0.0204504 0.00261057 0.0349825 5.05827e-06 0.0925224 0.139476 0.129136 0.000906046 0.00227035 0.00485077 0.0497326 0.00824395 
0.0392803 0.391829 0.249165 0.02807 0.0114275 0.00511702 4.85678e-05 0.0259957 0.0971864 0.118736 0.000103705 0.00541617 0.000310116 1.31126e-08 0.0273145 
0.00157262 0.895645 0.0241066 1.36284e-05 6.28251e-05 0.000641169 2.91595e-05 0.0125583 0.0188827 0.014305 0.000239527 0.00304504 0.000664834 0.000123877 0.0281096 
0.00310675 0.66405 0.0688236 5.61493e-05 0.000822024 0.0156059 6.69672e-05 0.0238432 0.0887211 0.0903855 6.06808e-05 3.62306e-06 0.000179848 9.72293e-07 0.0442735 
0.0200744 0.561628 0.0422755 0.00542493 0.00697603 0.0132704 2.43137e-05 0.178282 0.0329108 0.0575969 0.000214111 0.0397702 0.03672 3.56875e-06 0.00482869 
0.000127637 0.835894 0.0503138 1.5505e-05 0.000477025 0.000623506 8.57193e-07 0.00963434 0.00132275 0.0115291 1.9997e-05 0.0179664 0.00273067 1.14203e-06 0.069343 
0.000336224 0.964477 0.00161802 2.62726e-07 1.09035e-06 0.00484629 4.33337e-05 0.000104301 0.000312474 0.0115757 3.93993e-05 0.00382847 8.10496e-07 1.76772e-06 0.0128151 
0.00578088 0.815223 0.0288851 0.0145134 0.000270328 0.0932213 7.53653e-05 0.0168757 0.00186605 0.000729412 0.0175235 0.00491812 5.712e-05 1.55505e-11 6.04614e-05 
0.0554218 0.644015 0.136333 0.0266596 0.00046579 0.0187738 0.00161233 0.0524429 0.00992973 0.00749961 0.0442893 0.00066989 0.00161614 2.01755e-11 0.000270366 
0.0164697 0.516676 0.111466 0.025984 0.00185753 0.0195761 6.85767e-06 0.0470609 0.0211754 0.0284754 0.188716 0.00220808 0.0180694 0.000117164 0.00214122 
0.0854415 0.535901 0.0964111 0.00860656 0.00546178 0.0429073 0.000319065 0.0187902 0.103231 0.0681585 0.0084821 0.0178037 0.000262091 2.10966e-06 0.00822187 
0.0226183 0.805012 0.0175372 0.000208254 3.61365e-07 6.09266e-10 9.4659e-07 0.0635117 0.0229863 0.0132743 1.22653e-06 8.42801e-07 3.40376e-06 2.66153e-09 0.0548447 
0.00953014 0.327494 0.135493 0.019039 0.00123759 0.00175038 8.87728e-06 0.065924 0.00709497 0.0841841 0.000230357 0.0295984 0.025889 0.291529 0.000996697 
0.000355608 0.914368 0.00237712 0.000117198 3.55042e-05 0.000731724 1.92806e-05 0.00338037 0.0014206 0.0169851 2.43959e-05 3.2046e-07 0.000106892 0.0557711 0.00430689 
0.129241 0.40957 0.0281017 0.0247312 0.0379113 0.0380037 0.00272377 0.0753638 0.16822 0.0318458 0.00906864 0.0162567 0.00264589 4.88501e-05 0.0262673 
0.0497923 0.214232 0.197472 0.0192271 0.0070299 0.0866922 3.75343e-05 0.0356188 0.116859 0.19567 0.0557149 0.0123825 0.00659215 5.14315e-05 0.00262879 
0.00504055 0.912053 0.000182167 0.0132977 2.09177e-05 0.000481997 6.83675e-05 0.0242455 0.00202179 0.0358643 0.000327099 0.000207948 9.20403e-08 1.26397e-06 0.00618786 
0.102736 0.547945 0.0215542 0.00348732 0.00250867 0.00433489 0.000283083 0.117662 0.0706847 0.0249249 0.000157928 0.00608426 0.0310743 1.6017e-06 0.0665615 
0.0189338 0.852317 0.0408166 0.00317335 0.00143558 0.000806303 1.06937e-05 0.023597 0.0135916 0.0110617 1.11226e-05 0.0111034 0.000526006 5.34365e-08 0.0226158 
0.00745485 0.73323 0.034483 0.0331193 0.0039335 0.0179895 9.88871e-07 0.05031 4.6249e-07 0.000332422 0.111455 0.000576696 0.00708621 2.24604e-11 2.75819e-05 
0.177424 0.490241 0.0304913 4.57181e-06 0.0198839 0.0279229 0.000115857 0.0146003 0.214125 0.0176054 0.00130563 0.00130512 0.00117372 3.03471e-07 0.00380205 
0.00284356 0.568578 0.0535599 0.0243037 0.000581416 9.23316e-05 3.99831e-07 0.244346 0.012924 0.0358388 1.167e-05 0.0128142 0.041048 5.32693e-07 0.00305754 
0.192608 0.196471 0.0640647 0.0298179 0.00372759 0.175738 0.000265624 0.0811599 0.143371 0.0664717 0.00625805 0.0301491 0.00549933 0.00128536 0.00311367 
0.00584825 0.476527 0.085106 0.000418915 0.000762932 0.0209593 0.000270385 0.0234055 0.248711 0.0371704 0.0957575 0.00396961 0.000130125 4.2294e-06 0.00095955 
0.19065 0.234186 0.0943249 0.00140047 0.00309304 0.198418 0.000872947 0.00672852 0.220513 0.0273767 0.00928122 0.00396153 0.000386861 5.62194e-09 0.00880766 
0.00406921 0.793512 0.0036931 0.000522119 2.88505e-05 0.00395649 0.000252514 0.0623843 0.0163714 0.0816304 9.02545e-07 1.3967e-05 0.0265855 2.98497e-09 0.00697896 
0.0148731 0.573929 0.00541835 0.0017047 0.00179409 0.00328761 8.68924e-09 0.22026 0.0245257 0.145563 2.88781e-09 1.10144e-05 0.00216564 3.19823e-08 0.00646884 
0.00101106 0.96986 0.000251918 0.00389722 1.56702e-06 0.0100189 0.000465202 0.00675308 0.00171239 0.00381832 0.00171275 0.000481751 5.15518e-06 2.28592e-09 1.04467e-05 
0.00101106 0.96986 0.000251918 0.00389722 1.56702e-06 0.0100189 0.000465202 0.00675308 0.00171239 0.00381832 0.00171275 0.000481751 5.15518e-06 2.28592e-09 1.04467e-05 
0.000594889 0.952372 0.00553231 8.14517e-07 5.87724e-05 9.96119e-06 0.000643324 1.79859e-08 0.003956 3.48609e-06 0.0360113 0.000672297 3.61653e-08 6.08322e-11 0.000145278 
3.88906e-07 0.895461 0.00979321 7.44491e-11 2.62659e-06 0.035829 3.75982e-10 0.00458771 1.87253e-05 0.0133012 8.74811e-07 3.81898e-06 0.0340434 4.51329e-07 0.00695792 
0.00885146 0.528342 0.155759 0.000107249 0.0085138 0.0596867 1.59805e-06 0.11823 0.0474623 0.00880246 0.00157296 0.00109961 0.0227545 1.20121e-05 0.0388055 
0.0114124 0.655645 0.0208017 0.00666179 0.000118168 4.5274e-07 6.93614e-06 0.00705625 0.0850028 0.039686 0.000116703 0.00593804 0.00120985 9.27984e-09 0.166344 
0.0333133 0.27928 0.0289611 0.0237329 1.75891e-05 0.000923257 9.58424e-06 0.125959 0.212985 0.250064 4.59326e-05 0.0132854 0.000506447 0.0042049 0.0267113 
0.00962605 0.422159 0.0492239 0.00763874 1.79232e-06 0.000179215 5.07201e-08 0.289279 0.00365313 0.146642 1.88953e-07 0.000231919 0.000251637 0.0697045 0.00140936 
0.0408749 0.480333 0.0194586 0.000381696 0.000546991 0.247258 5.06288e-05 0.0108988 0.0874706 0.0971242 2.09496e-05 2.57179e-05 0.00148592 1.35811e-10 0.01407 
0.00359808 0.587914 0.019564 0.0280357 0.00217775 0.0648608 2.05494e-05 0.0222634 0.0055757 0.003951 0.258756 0.00241979 0.000625454 1.09852e-07 0.000237798 
0.00747203 0.829769 0.0664717 2.89208e-07 0.0128423 0.00616082 0.0185765 0.00610671 0.00806636 0.0350261 9.28483e-06 9.56758e-06 2.13528e-05 7.20618e-07 0.00946745 
0.073555 0.824919 0.0026021 1.29614e-08 2.49738e-05 0.000298079 0.000192495 0.0578667 0.0237038 0.00864007 1.67076e-05 0.000557522 0.00455991 4.68305e-06 0.00305918 
0.0322271 0.636486 0.0162195 0.000103804 0.00601002 4.85667e-06 0.000229689 0.0415267 0.189732 0.0468511 0.000921008 0.000310197 7.7017e-07 6.15539e-10 0.029377 
0.0034224 0.719873 0.00143643 0.0523748 1.47448e-10 2.31307e-05 1.79426e-10 0.105824 0.00886294 0.0731906 5.95145e-05 0.000114528 0.00133117 9.94679e-08 0.0334874 
0.149225 0.36278 0.00245484 0.0738679 2.72952e-06 0.156999 3.06282e-08 0.198475 0.024067 0.019636 0.000215992 0.000247129 0.000480873 5.9207e-10 0.0115489 
0.0123553 0.297091 0.0881141 0.260753 0.0264032 0.0553271 0.033587 0.0650342 0.0292019 0.00952153 0.100883 0.00246094 0.0186262 0.00050289 0.000137947 
0.00359091 0.711298 0.0181705 0.00175847 4.09448e-06 0.000215155 1.76938e-08 0.0287208 0.0347156 0.0206159 0.000239132 0.0028706 0.110968 2.35734e-08 0.066833 
0.0168607 0.586465 0.05325 0.00944707 0.000215368 0.000305794 5.30308e-05 0.0684542 0.0910429 0.142666 0.000688105 0.0108215 0.0110614 0.00349572 0.00517327 
3.63005e-07 0.594956 0.237329 0.0142038 1.27728e-06 5.60627e-07 6.75704e-08 0.0663257 0.0229627 0.0561178 1.44343e-07 0.00493589 0.00254727 0.000618513 5.91329e-07 
0.00495056 0.796797 2.19952e-05 0.00643776 1.41557e-08 2.31732e-05 5.09727e-08 0.104459 0.0102333 0.0739407 0.000202341 6.55455e-05 0.000429631 3.1376e-08 0.00243836 
0.000331435 0.940237 0.011745 1.38683e-08 9.27746e-07 0.000759354 1.91551e-07 0.00363086 0.0160478 0.0264814 0.000333759 0.00042676 1.45287e-06 8.00785e-10 3.89288e-06 
2.34346e-07 0.993645 0.000211633 5.60257e-05 0.000258694 5.39023e-07 1.76739e-06 0.000352584 0.000325659 0.000310244 1.07146e-05 0.000221805 0.00019568 0.00389973 0.000509676 
0.017031 0.719996 0.0562202 0.0253248 0.00365683 0.000168724 4.66975e-05 0.0204196 0.0546285 0.0722937 0.000307739 0.00602716 0.00609995 3.47635e-07 0.0177788 
0.139398 0.518596 0.00100332 0.0324934 0.000134493 0.0102307 0.00105647 0.0398512 0.176884 0.0715903 0.000210976 4.21524e-05 0.00167027 1.44458e-06 0.00683712 
0.0410144 0.532061 0.157585 0.0166514 0.0611201 0.0340432 0.00255582 0.041723 0.0251732 0.0166538 0.0607474 0.000463842 0.0100498 7.01881e-11 0.000158492 
0.0693906 0.332109 0.0878885 0.0174193 0.00750954 0.0312412 0.000348943 0.110983 0.195729 0.0831709 0.00287673 0.0257442 0.00624441 0.00189988 0.0274448 
0.000571731 0.523672 0.0305042 0.00320224 0.000134308 0.04153 1.12247e-05 0.276573 0.0263463 0.0465456 0.00025289 0.00381968 0.0141837 5.8118e-05 0.0325946 
0.128048 0.278066 0.0401873 0.000156584 0.000782794 0.058582 0.00132249 0.0458986 0.141787 0.192893 0.00666003 0.0139044 0.00140223 4.85894e-05 0.0902612 
0.00101106 0.96986 0.000251918 0.00389722 1.56702e-06 0.0100189 0.000465202 0.00675308 0.00171239 0.00381832 0.00171275 0.000481751 5.15518e-06 2.28592e-09 1.04467e-05 
0.00225389 0.738794 0.00563452 0.0308976 7.1253e-10 0.000220513 0.0159443 0.112896 0.00427422 0.0829483 0.000276613 0.000716181 0.00447218 1.15518e-09 0.000671303 
0.0217004 0.315962 0.0457222 0.0820661 0.000153894 0.0253661 8.40319e-06 0.199269 0.0335896 0.228795 0.000147312 0.00346201 2.80493e-05 5.41676e-08 0.0437303 
0.000708501 0.737564 0.105123 0.000301536 0.00166097 3.4767e-05 2.22984e-06 0.0643393 0.00135198 0.01419 2.47575e-05 0.00108958 0.0077944 6.24769e-06 0.0658087 
0.00198489 0.285938 0.101378 0.000312748 0.000235603 3.37305e-05 1.32293e-05 0.24055 0.142673 0.0166289 2.58333e-05 0.125706 1.07571e-05 0.000385504 0.0841244 
