0.072267 7.10419e-05 0.0794547 0.000493559 0.0011757 0.000554379 1.59642e-07 0.0615888 0.0221595 0.642663 0.0553559 0.0457172 0.0128291 0.00263514 0.0030344 
0.175921 5.83213e-07 0.11734 1.20547e-05 3.53747e-05 0.0310604 1.90198e-09 0.00110142 0.00434264 0.613218 1.5142e-05 0.0568416 3.51993e-05 6.27213e-05 1.46387e-05 
0.464838 0.00025945 0.031055 0.00257767 0.00467777 0.000175068 0.000899371 0.170929 0.00878566 0.227039 0.00795998 0.0647918 0.0130954 9.65209e-06 0.00290793 
0.00700088 1.8626e-08 0.00388484 0.0494452 1.95763e-09 1.0212e-05 4.27996e-10 0.934703 2.32635e-05 0.000527278 3.97299e-07 6.75608e-05 0.00375562 1.97616e-06 0.000580224 
3.89787e-07 5.33021e-12 6.31235e-09 1.45638e-07 1.97788e-07 1.48173e-07 2.24917e-11 0.2611 2.31201e-12 0.00678964 7.47496e-12 4.89188e-12 0.73211 2.99656e-11 1.2866e-11 
0.00101237 6.91869e-07 0.875085 2.34831e-06 2.2919e-06 4.37651e-06 1.12721e-05 1.49764e-05 0.123573 0.0001387 1.27757e-06 0.000151992 3.39497e-07 6.05216e-07 7.67927e-07 
0.331627 1.88756e-05 0.0127988 0.00822188 0.000157091 0.154763 1.58853e-06 0.0811538 0.0474357 0.338686 3.12918e-05 0.0209132 0.00312146 6.24067e-12 0.00107073 
0.086026 2.31006e-05 0.015566 0.00105413 3.08528e-05 0.809688 3.68557e-07 0.0235595 0.0216864 0.0371574 0.00073425 0.00438541 3.35692e-05 9.39378e-07 5.3643e-05 
0.0386039 0.000873517 0.704324 0.0294103 0.00532861 0.0205236 0.00270152 0.0164178 0.0631786 0.0595616 0.00112519 0.0499044 6.1328e-06 7.81559e-08 0.00804124 
3.89787e-07 5.33021e-12 6.31235e-09 1.45638e-07 1.97788e-07 1.48173e-07 2.24917e-11 0.2611 2.31201e-12 0.00678964 7.47496e-12 4.89188e-12 0.73211 2.99656e-11 1.2866e-11 
0.0409272 4.97532e-13 0.0119795 0.000311131 1.72526e-12 0.0021792 4.78689e-08 0.0315366 0.151064 0.746569 6.97727e-13 0.0151876 0.000246433 2.79705e-12 1.72946e-08 
0.01887 5.39867e-07 0.0318793 0.000380608 1.60809e-05 0.153884 5.14466e-06 0.0291273 0.16788 0.537777 6.36576e-07 0.0601074 7.23629e-05 1.06908e-11 8.33423e-09 
0.0102668 0.00257152 0.233357 0.00304038 0.00402283 0.00307235 2.27682e-05 0.0256886 0.0443514 0.176609 0.0137423 0.475256 0.00261873 0.000961249 0.00441897 
0.00700088 1.8626e-08 0.00388484 0.0494452 1.95763e-09 1.0212e-05 4.27996e-10 0.934703 2.32635e-05 0.000527278 3.97299e-07 6.75608e-05 0.00375562 1.97616e-06 0.000580224 
0.0022061 2.24493e-06 0.369047 1.8136e-07 4.06177e-05 0.000501535 1.23875e-05 9.79319e-05 0.00109906 0.130494 0.00051654 0.0127178 0.00488211 0.000116314 0.478267 
0.00877249 2.19778e-06 0.00249059 5.47319e-05 2.58867e-06 0.00643042 0.000107543 0.022367 4.95206e-06 2.85336e-06 2.86751e-07 0.0187317 7.23931e-05 2.09889e-06 0.940958 
0.280589 0.000333661 0.074493 0.0731152 0.000742596 0.00671243 8.41196e-08 0.0616596 0.198199 0.149214 0.00483347 0.103635 0.042144 2.5956e-08 0.00432843 
0.0398475 1.47893e-05 0.28213 0.0290263 2.0798e-05 0.0541778 1.54319e-05 0.000303361 0.108553 0.0197832 4.34882e-05 0.465228 0.000185376 0.000226649 0.00044481 
0.0775715 3.06443e-05 0.000242661 0.0106231 0.00249703 0.0023073 5.90679e-07 0.844639 0.00029976 0.00657028 0.00138381 0.00407725 0.0488341 0.000898164 2.43674e-05 
0.033958 2.98211e-08 0.0846451 1.67709e-05 1.25396e-08 0.332415 8.45427e-06 0.0552782 0.15083 0.0942203 3.89976e-08 0.248514 0.000111 3.22965e-06 2.06151e-08 
0.416869 0.000347592 0.0548559 0.040658 0.00733017 0.0670278 0.00986911 0.015573 0.0758057 0.273167 1.94976e-05 0.0169868 0.00242437 5.05971e-08 0.0190668 
0.000148888 1.10032e-08 0.0936402 6.41122e-05 3.11646e-06 4.24276e-05 1.12841e-05 0.0425734 1.17222e-05 0.0408823 3.12775e-06 0.0155096 2.8362e-08 0.8045 0.00260956 
0.00700088 1.8626e-08 0.00388484 0.0494452 1.95763e-09 1.0212e-05 4.27996e-10 0.934703 2.32635e-05 0.000527278 3.97299e-07 6.75608e-05 0.00375562 1.97616e-06 0.000580224 
0.166864 2.56798e-08 0.260802 3.79675e-08 8.52206e-05 0.00759467 3.04583e-06 0.00397576 0.0039058 0.521109 1.64644e-07 0.0331732 0.00193485 4.00158e-10 0.000552784 
0.169158 4.76334e-09 0.0170147 2.05806e-05 1.65175e-08 0.449476 2.5167e-05 7.95398e-05 5.25214e-05 0.00337695 3.4747e-06 0.360549 1.2278e-08 2.67787e-08 0.000244675 
0.00949805 1.15365e-07 0.00813578 0.0114354 1.00649e-07 0.0493962 1.88438e-08 0.00259743 0.000841998 0.00912047 1.28987e-05 0.906617 6.6971e-05 8.07274e-05 0.00219702 
0.0989813 5.10889e-05 0.0897615 0.0228988 1.9996e-05 0.0272088 5.54636e-05 0.0510195 0.0340344 0.209946 0.0278555 0.431988 0.00496015 0.000250053 0.000969083 
0.0243235 4.31609e-08 0.223905 0.000102604 1.59606e-05 0.199451 0.00010539 0.0331672 0.189027 0.133876 5.64425e-08 0.195956 6.66272e-05 3.8817e-06 2.98386e-08 
0.0156987 1.27784e-07 0.118025 2.00387e-06 2.05439e-07 0.000998517 3.399e-09 0.0196734 0.317823 0.496861 0.00030155 0.0257852 0.00239635 7.14346e-08 0.00243418 
0.799505 0.000322545 0.00422034 0.000757047 0.0011933 0.00474208 8.08513e-06 0.0373437 0.0623912 0.0343973 0.0204029 0.0292661 0.0014808 2.29014e-05 0.0039469 
0.00700088 1.8626e-08 0.00388484 0.0494452 1.95763e-09 1.0212e-05 4.27996e-10 0.934703 2.32635e-05 0.000527278 3.97299e-07 6.75608e-05 0.00375562 1.97616e-06 0.000580224 
0.063596 1.72282e-07 0.0309526 0.0228422 4.9332e-06 0.0409117 2.40047e-06 0.0235187 0.00253831 0.0241191 0.0332038 0.755049 0.0024117 0.000634706 0.000214638 
0.0810956 6.68573e-05 0.0386183 0.000171005 4.40848e-05 0.00385951 0.00241848 0.0022391 0.00192438 0.0113621 0.0353775 0.267775 0.000956205 1.45966e-05 0.554078 
0.0614499 7.48533e-06 0.0647942 0.0156743 2.19674e-05 0.0497522 4.89027e-05 0.000185111 0.00947464 0.0069176 2.07469e-05 0.791119 0.000116645 0.000146895 0.000270563 
2.95194e-05 1.13216e-09 0.000960773 2.46047e-06 3.9259e-09 1.457e-09 4.77732e-09 1.28379e-05 0.998959 2.27738e-05 7.14629e-06 5.50802e-06 2.91826e-09 6.36481e-09 2.73278e-09 
0.0152397 1.4773e-05 0.022239 0.0156506 1.53886e-05 0.000103291 1.54643e-07 0.012621 0.0196867 0.021429 4.5948e-05 0.865653 0.02401 3.4787e-07 0.00329109 
0.0758498 1.49804e-05 0.212176 0.0100875 9.8667e-05 0.0223406 2.65767e-05 0.00214266 0.171554 0.226967 1.4155e-05 0.272984 0.00570373 2.3763e-07 4.01744e-05 
0.0399644 0.0037418 0.411015 0.0196285 0.00896744 0.00576365 0.000217192 0.0506133 0.141454 0.20435 0.0171539 0.0814261 0.00434329 2.03769e-08 0.0113614 
0.00172965 1.13294e-11 0.000240605 0.0149307 6.57464e-08 0.093265 4.78063e-11 0.792331 0.00010553 0.00118744 1.42608e-05 0.0961923 3.31418e-06 2.55885e-07 2.73467e-11 
0.306181 0.00839734 0.045644 0.027722 0.0128796 0.135752 9.67269e-05 0.0941949 0.0465259 0.212338 0.0496427 0.0343482 0.0100742 0.0115421 0.00466155 
0.725856 2.82174e-11 5.42031e-07 0.00359167 3.22995e-07 1.99762e-07 1.19068e-10 0.170557 1.11391e-07 0.087939 3.95714e-11 0.00973138 7.34603e-09 1.58634e-10 0.00232429 
0.674643 8.95877e-12 0.0328712 1.98196e-07 3.10657e-11 0.0246646 3.7803e-11 0.00921699 0.00105733 0.118238 1.25636e-11 0.131808 1.38431e-05 5.03648e-11 0.00748675 
0.00700088 1.8626e-08 0.00388484 0.0494452 1.95763e-09 1.0212e-05 4.27996e-10 0.934703 2.32635e-05 0.000527278 3.97299e-07 6.75608e-05 0.00375562 1.97616e-06 0.000580224 
0.416869 0.000347592 0.0548559 0.040658 0.00733017 0.0670278 0.00986911 0.015573 0.0758057 0.273167 1.94976e-05 0.0169868 0.00242437 5.05971e-08 0.0190668 
0.00324978 5.73115e-06 0.000785809 0.834242 1.35931e-05 3.92585e-05 7.60048e-07 0.126815 0.00093947 0.00986411 2.38014e-06 0.0231247 2.0444e-05 1.19608e-05 0.000885311 
0.0150308 7.17773e-10 0.0347171 2.32909e-07 2.48897e-09 0.103917 2.22027e-07 0.008202 0.0280783 0.762627 0.00019932 0.04715 7.78099e-05 4.03521e-09 1.73255e-09 
0.00394624 1.73841e-07 0.0885103 2.15347e-07 0.000109218 0.000260784 0.000164928 0.0191713 0.00168162 0.82523 7.88098e-08 0.0530039 0.00790621 6.31234e-09 1.50034e-05 
0.00431719 6.00066e-08 0.103353 2.29577e-09 3.71168e-07 0.000777856 9.34684e-06 0.00172637 8.22144e-11 0.0153069 0.000259014 0.106652 0.00188632 8.74758e-05 0.765624 
0.105001 1.11041e-08 0.0341937 1.77532e-05 2.71965e-05 0.00317228 7.62136e-08 0.00219168 0.0110369 0.768734 2.9128e-05 0.074285 0.00127471 1.01934e-11 3.61681e-05 
0.00759402 7.53359e-09 0.000393803 6.29465e-09 2.61237e-08 0.000234362 3.17892e-08 0.000719373 1.45689e-05 2.98891e-09 1.05649e-08 3.45989e-06 3.24783e-05 4.23526e-08 0.991008 
0.0248118 4.70601e-11 0.012138 0.0253945 1.63187e-10 0.00221813 0.000297038 0.747904 0.00731544 0.0446454 1.56639e-05 0.135094 4.94141e-07 0.000165975 1.13593e-10 
0.0569059 0.00306544 0.0741083 0.00611401 0.00312273 0.0305641 5.39119e-05 0.0486603 0.0533499 0.409837 0.000109723 0.269854 0.00914982 0.00563182 0.0294727 
0.277242 0.000513976 0.0131006 0.0284216 7.46837e-05 0.0262279 6.2615e-06 0.0778222 0.0325795 0.473657 0.0108849 0.0087436 0.0315291 0.0183215 0.000875082 
0.157649 1.20548e-05 0.0646555 3.26498e-05 0.000941535 0.134129 1.57046e-11 0.00256523 0.0263536 0.586407 0.000118105 0.0252258 0.00059534 2.09232e-11 0.00131537 
0.0334442 2.13378e-05 0.000570527 0.039741 0.11333 0.0431675 1.12935e-06 0.339131 0.000869256 0.00555988 8.16737e-05 0.00682362 0.388633 1.40065e-10 0.0286257 
0.0327348 1.11387e-06 0.764168 0.00624031 0.000257171 7.62016e-05 1.80626e-06 0.041018 3.26724e-10 0.119811 1.05633e-09 0.0261336 0.0036782 2.11581e-05 0.0058593 
5.50796e-05 1.49606e-06 0.541013 5.99532e-05 1.47905e-05 2.46609e-06 0.00338331 0.00978124 0.00234609 0.439409 3.03174e-07 0.00171005 0.0012909 4.98693e-08 0.000932095 
0.0319748 0.000179006 0.0168325 0.0307555 0.000727589 0.000367303 2.76443e-06 0.112355 0.00118819 0.131467 0.00129017 0.168796 0.502579 9.40277e-08 0.00148396 
0.00700088 1.8626e-08 0.00388484 0.0494452 1.95763e-09 1.0212e-05 4.27996e-10 0.934703 2.32635e-05 0.000527278 3.97299e-07 6.75608e-05 0.00375562 1.97616e-06 0.000580224 
0.000972215 0.000144894 0.00643664 0.00125113 0.972344 0.0023226 1.96586e-05 0.00347511 0.00158108 0.00432077 0.000158433 0.00512388 0.00162179 4.15566e-09 0.000228024 
5.50796e-05 1.49606e-06 0.541013 5.99532e-05 1.47905e-05 2.46609e-06 0.00338331 0.00978124 0.00234609 0.439409 3.03174e-07 0.00171005 0.0012909 4.98693e-08 0.000932095 
0.01887 5.39867e-07 0.0318793 0.000380608 1.60809e-05 0.153884 5.14466e-06 0.0291273 0.16788 0.537777 6.36576e-07 0.0601074 7.23629e-05 1.06908e-11 8.33423e-09 
0.0298267 7.37003e-07 0.0823491 0.00350961 1.27849e-05 9.48468e-07 4.04531e-05 0.0808269 5.44551e-05 0.726964 1.13759e-05 0.0754425 1.89971e-06 0.00067735 0.000281258 
0.00833728 0.000247572 0.609759 0.0024674 0.0016271 0.00157025 0.0424224 0.0130848 0.0953033 0.0549685 0.00579288 0.16147 0.000402977 1.81241e-08 0.00254657 
0.00179046 0.000573512 0.00969119 0.0423217 0.00724812 0.00718045 4.93531e-06 0.6959 0.121843 0.00716722 5.58375e-05 0.00566927 0.0889336 0.0103787 0.00124283 
0.210675 4.47495e-05 0.0082541 0.171796 0.000906721 0.0128382 0.0471405 0.212756 0.0375483 0.041017 6.52186e-05 0.242121 0.0148334 1.39525e-06 2.05442e-06 
0.703652 0.000465554 0.00365757 2.63571e-05 6.10575e-05 0.0386511 0.00764257 0.0158055 0.0289527 0.157559 0.0322883 0.00944107 0.000617529 0.000490548 0.000689472 
0.0703087 0.00043835 0.0116833 0.0386944 0.00213147 0.0778308 8.34819e-05 0.681504 0.0405928 0.0216251 6.67336e-05 0.0160148 0.0338965 0.000639788 0.00448975 
0.00833728 0.000247572 0.609759 0.0024674 0.0016271 0.00157025 0.0424224 0.0130848 0.0953033 0.0549685 0.00579288 0.16147 0.000402977 1.81241e-08 0.00254657 
0.00526283 1.51619e-12 0.021026 0.000300557 4.45297e-09 0.0118027 2.90746e-05 0.00519115 0.0649225 0.842278 2.17884e-09 0.0490023 0.000158305 8.52377e-12 2.6927e-05 
0.0133144 0.00220969 0.284078 0.0114196 0.305257 0.0389981 0.00074117 0.0419833 0.0336071 0.0464867 0.0766567 0.121544 0.0175253 5.90213e-05 0.00611988 
0.00700088 1.8626e-08 0.00388484 0.0494452 1.95763e-09 1.0212e-05 4.27996e-10 0.934703 2.32635e-05 0.000527278 3.97299e-07 6.75608e-05 0.00375562 1.97616e-06 0.000580224 
0.685926 7.4903e-10 1.05343e-06 6.25847e-10 2.59736e-09 0.221442 3.85997e-07 0.0021426 0.0188163 0.0658966 4.55454e-07 0.00577172 1.93071e-09 4.21092e-09 2.78617e-06 
0.00700088 1.8626e-08 0.00388484 0.0494452 1.95763e-09 1.0212e-05 4.27996e-10 0.934703 2.32635e-05 0.000527278 3.97299e-07 6.75608e-05 0.00375562 1.97616e-06 0.000580224 
0.355897 2.18573e-08 0.0668563 3.23487e-08 0.000248636 0.0286805 2.51955e-07 0.000658498 0.000713625 0.543446 1.40391e-07 0.00239182 0.00106 4.33118e-07 4.68819e-05 
0.00700088 1.8626e-08 0.00388484 0.0494452 1.95763e-09 1.0212e-05 4.27996e-10 0.934703 2.32635e-05 0.000527278 3.97299e-07 6.75608e-05 0.00375562 1.97616e-06 0.000580224 
0.129854 0.00375317 0.244779 0.0304244 0.00456847 0.0178728 0.000318259 0.0799175 0.0869362 0.0887733 0.00460239 0.288697 0.00520082 0.00546681 0.00883587 
0.690517 1.53615e-10 0.000174429 1.28352e-10 5.3268e-10 0.140932 6.48203e-10 0.000631076 0.0283276 0.105385 2.32745e-07 0.0340329 3.95959e-10 8.63599e-10 3.70793e-10 
0.00173653 4.88968e-08 0.201339 7.76031e-06 5.7755e-09 0.00696996 7.2831e-07 0.00686666 0.0122567 0.698648 5.22072e-07 0.0709519 0.00112135 2.46231e-11 0.000100624 
0.064545 0.000404781 0.0176101 0.0069421 0.00077636 0.000986265 0.000563726 0.832883 0.00209034 0.0252249 2.54173e-06 0.0113037 0.0278253 0.00371018 0.00513189 
0.073255 2.57457e-06 0.0163415 0.00177945 0.00631469 5.98193e-06 6.28162e-06 0.594989 0.169286 0.00918526 3.582e-10 0.128147 9.50776e-06 1.43595e-09 0.000677527 
0.240956 2.41021e-08 0.32069 0.000154702 6.07327e-07 0.0482287 5.80919e-07 0.0526138 2.63352e-05 0.0632088 6.04125e-07 0.252941 0.0163641 2.31493e-05 0.00479195 
0.0666924 3.04555e-05 0.00671433 0.00863284 0.657 0.0419726 8.28694e-05 0.0482944 0.00120416 0.0654193 0.0861602 0.0129429 0.0047418 2.77783e-07 0.000111157 
0.323548 3.0613e-07 0.103085 0.00431872 0.00215981 0.0246273 0.110106 0.255983 0.0101235 0.136206 1.05976e-06 0.0200895 0.00972261 9.20757e-09 2.87008e-05 
0.406391 0.000491783 0.0044686 0.043151 0.00162427 0.179062 0.0111011 0.155521 0.0319237 0.0447516 4.60374e-06 0.0666806 9.55709e-05 0.000964792 0.0537683 
0.00559446 0.000390911 0.37175 0.0165481 0.244588 0.0245011 1.07579e-05 0.115575 0.0126083 0.0637917 0.0387095 0.062158 0.0418643 4.32558e-05 0.00186696 
0.0133506 7.41821e-06 0.974387 6.19824e-06 2.57236e-05 9.54669e-06 3.13023e-05 0.000479359 0.000630294 2.94314e-06 0.0101474 0.000843472 1.91213e-05 4.1704e-05 1.79059e-05 
0.260369 0.00141814 0.0380787 0.00243308 0.00215991 0.00259954 0.0365944 0.0300458 0.0298619 0.471401 0.000453731 0.101722 0.00539104 6.17266e-07 0.0174704 
0.0136093 1.92062e-06 0.111175 1.25245e-06 4.94204e-06 0.00480682 6.67982e-05 0.000104011 0.0159451 0.00476859 5.44172e-06 0.849058 0.000115645 0.00017597 0.000161504 
0.674643 8.95877e-12 0.0328712 1.98196e-07 3.10657e-11 0.0246646 3.7803e-11 0.00921699 0.00105733 0.118238 1.25636e-11 0.131808 1.38431e-05 5.03648e-11 0.00748675 
0.033958 2.98211e-08 0.0846451 1.67709e-05 1.25396e-08 0.332415 8.45427e-06 0.0552782 0.15083 0.0942203 3.89976e-08 0.248514 0.000111 3.22965e-06 2.06151e-08 
0.663696 0.000428344 0.00643085 8.42653e-05 0.0164016 0.00140458 0.000934791 0.152802 0.0401009 0.0164832 2.40489e-05 0.0757388 0.021724 0.000625089 0.0031207 
0.0177566 0.00220156 0.0306687 0.0022337 0.00260953 0.00797261 0.000418535 0.036906 0.0194423 0.0424895 0.0148974 0.682721 0.00585515 0.000550723 0.133276 
0.0758733 2.0736e-06 0.0260476 0.000199106 0.00133506 0.00789553 0.00199651 0.105314 0.00998819 0.632577 1.05554e-05 0.0875349 0.0506506 0.000304129 0.000271614 
0.00431719 6.00066e-08 0.103353 2.29577e-09 3.71168e-07 0.000777856 9.34684e-06 0.00172637 8.22144e-11 0.0153069 0.000259014 0.106652 0.00188632 8.74758e-05 0.765624 
0.555691 0.00783474 0.133573 0.0124804 0.000386606 0.0120463 0.0307432 0.0158585 0.0620553 0.0295171 0.0112505 0.111124 0.000856728 0.00807662 0.00850553 
0.0362855 7.69345e-06 0.120304 0.0289383 2.08316e-05 0.0617729 1.55603e-05 0.000303433 0.0174862 0.0127927 2.95516e-05 0.721186 0.000185423 0.000226685 0.000444908 
0.0182701 2.06777e-12 0.00814162 2.27967e-07 7.17024e-12 0.00267963 1.56029e-08 0.000538851 0.0414336 0.852487 3.73919e-09 0.0764427 1.44047e-08 1.16246e-11 5.99913e-06 
0.0172641 1.1791e-06 0.534776 0.00242714 0.00202382 2.42454e-06 1.5712e-08 0.00803895 0.0374323 0.295565 1.77317e-05 0.0711119 4.18937e-06 1.1326e-10 0.0313349 
0.0022061 2.24493e-06 0.369047 1.8136e-07 4.06177e-05 0.000501535 1.23875e-05 9.79319e-05 0.00109906 0.130494 0.00051654 0.0127178 0.00488211 0.000116314 0.478267 
0.133291 7.04705e-05 0.213941 0.00443737 0.00125563 0.402243 4.6618e-05 0.0431027 0.0277353 0.108726 0.000730919 0.0414277 0.00277573 9.92585e-09 0.0202173 
0.00172965 1.13294e-11 0.000240605 0.0149307 6.57464e-08 0.093265 4.78063e-11 0.792331 0.00010553 0.00118744 1.42608e-05 0.0961923 3.31418e-06 2.55885e-07 2.73467e-11 
0.00172965 1.13294e-11 0.000240605 0.0149307 6.57464e-08 0.093265 4.78063e-11 0.792331 0.00010553 0.00118744 1.42608e-05 0.0961923 3.31418e-06 2.55885e-07 2.73467e-11 
0.147743 3.50815e-05 0.0194565 0.00131028 0.000196605 0.0618802 0.00014397 0.147527 0.0429336 0.532819 0.00163207 0.0424448 0.00173174 3.56527e-08 0.000146116 
4.81972e-10 8.61424e-10 6.80878e-05 1.29629e-06 2.9871e-09 9.75669e-06 3.63492e-09 3.2025e-10 0.916872 0.0829412 1.20804e-09 0.000107916 2.22042e-09 4.84279e-09 2.07929e-09 
0.07586 1.20698e-05 0.164919 4.62516e-05 3.51099e-05 0.0212765 2.3999e-06 0.0135736 0.0125817 0.535384 2.46782e-05 0.000539056 0.175727 4.2411e-06 1.53248e-05 
0.3093 0.00251633 0.126218 0.050438 0.00643787 0.00368137 1.22308e-05 0.130571 0.219014 0.0431489 0.0063109 0.0315277 0.0525336 0.00601979 0.0122699 
0.137952 0.00202066 0.0147111 0.0781946 0.0100757 0.0826421 1.64423e-05 0.462864 0.0561177 0.110065 0.0229657 0.010941 0.00669039 1.34489e-07 0.00474303 
0.00123571 2.28399e-11 0.000171984 0.0118741 9.47497e-08 0.0746549 6.31931e-09 0.84202 0.000295133 0.0010214 1.02175e-05 0.0687109 4.77507e-06 3.82827e-07 5.51304e-11 
0.0510821 1.09999e-08 0.724211 9.19093e-09 3.39906e-05 3.38021e-06 0.00118825 8.17704e-05 0.0740235 0.101886 1.66545e-06 0.0391982 0.00828543 3.97435e-06 2.65514e-08 
0.3093 0.00251633 0.126218 0.050438 0.00643787 0.00368137 1.22308e-05 0.130571 0.219014 0.0431489 0.0063109 0.0315277 0.0525336 0.00601979 0.0122699 
0.0234567 8.58014e-12 0.00521225 7.16908e-12 2.97527e-11 0.330096 3.62053e-11 6.75261e-05 0.0781411 0.540311 5.91281e-06 0.0227087 2.21162e-11 4.82362e-11 2.07106e-11 
0.13946 9.94644e-06 0.30868 5.92514e-05 3.87373e-05 0.00564186 1.55944e-06 0.0636176 0.00594846 0.0669577 0.386304 0.0165745 0.0066247 4.10919e-05 4.1126e-05 
0.0267487 5.00544e-08 0.0258193 0.000125955 0.000196218 0.911124 6.40402e-07 0.0157426 0.0107132 0.00390236 0.000222532 0.00536864 3.59345e-05 4.22471e-12 3.46005e-08 
2.45125e-07 1.21172e-08 0.23804 5.51982e-07 2.91579e-08 2.26546e-07 2.40255e-05 0.0242105 0.0463226 0.549208 3.46722e-12 0.138353 0.00165669 1.38994e-11 0.00218301 
0.0022061 2.24493e-06 0.369047 1.8136e-07 4.06177e-05 0.000501535 1.23875e-05 9.79319e-05 0.00109906 0.130494 0.00051654 0.0127178 0.00488211 0.000116314 0.478267 
0.0639347 1.92059e-07 0.0176786 0.000152397 3.76771e-05 0.0160808 3.80917e-08 0.0444958 0.385529 0.41015 1.61148e-07 0.0585212 0.00027902 1.21958e-06 0.00313921 
0.00700088 1.8626e-08 0.00388484 0.0494452 1.95763e-09 1.0212e-05 4.27996e-10 0.934703 2.32635e-05 0.000527278 3.97299e-07 6.75608e-05 0.00375562 1.97616e-06 0.000580224 
0.0253941 4.19291e-10 0.124704 6.9241e-05 0.000364382 0.254093 5.331e-07 0.000963978 0.0751775 0.371226 0.00092857 0.122459 0.0236856 1.66479e-06 0.000931584 
2.58357e-05 1.14295e-09 0.682872 9.54982e-10 3.96331e-09 4.26705e-06 4.82284e-09 2.64299e-05 4.95759e-10 0.242305 1.60284e-09 0.0747572 2.94607e-09 9.00206e-06 2.75882e-09 
4.0855e-07 3.66173e-11 0.544936 3.05953e-11 1.26975e-10 7.33865e-08 1.54512e-10 3.51874e-05 0.0707397 0.380408 5.13512e-11 0.00172724 9.27517e-09 2.05856e-10 0.00215392 
0.00700088 1.8626e-08 0.00388484 0.0494452 1.95763e-09 1.0212e-05 4.27996e-10 0.934703 2.32635e-05 0.000527278 3.97299e-07 6.75608e-05 0.00375562 1.97616e-06 0.000580224 
0.443781 1.14944e-09 0.147737 9.60411e-10 0.264414 1.47925e-09 5.08578e-06 0.00427662 0.00109957 0.0913506 1.61195e-09 0.00088699 2.96282e-09 4.28936e-07 0.0464489 
0.114085 0.00133532 0.00876485 0.0157542 0.00225712 0.0147369 5.82571e-06 0.091585 0.0383893 0.654667 0.0178971 0.0303329 0.00208594 0.0069246 0.00117921 
0.250793 0.000952872 0.089792 0.00222931 0.000967828 0.334166 0.0635741 0.0649934 0.0029744 0.135243 0.0164452 0.0232281 0.0141945 3.81787e-08 0.000446728 
0.00700088 1.8626e-08 0.00388484 0.0494452 1.95763e-09 1.0212e-05 4.27996e-10 0.934703 2.32635e-05 0.000527278 3.97299e-07 6.75608e-05 0.00375562 1.97616e-06 0.000580224 
0.0101289 9.5306e-11 0.777299 0.000107588 3.30486e-10 0.00951575 5.32646e-07 0.0189203 0.0235844 0.0463158 1.33655e-10 0.114032 6.20014e-07 9.5486e-05 2.30048e-10 
0.00700088 1.8626e-08 0.00388484 0.0494452 1.95763e-09 1.0212e-05 4.27996e-10 0.934703 2.32635e-05 0.000527278 3.97299e-07 6.75608e-05 0.00375562 1.97616e-06 0.000580224 
0.276316 7.73481e-05 0.00185634 0.00713373 0.116685 0.0789662 1.69497e-06 0.0308686 0.0544231 0.398477 0.000118177 0.0328828 0.00209195 8.10822e-10 0.000102029 
0.0483385 2.75555e-05 0.0393775 0.0328212 0.000201629 0.00528588 0.000200719 0.00797393 0.0185613 0.0506152 0.00300218 0.777377 0.00105856 7.31682e-07 0.0151583 
0.565507 0.00109579 0.0373349 0.00183416 0.00172138 0.0198717 5.38755e-06 0.0290395 0.0998844 0.0521804 0.00734499 0.157473 0.0255861 4.38624e-07 0.0011204 
0.187984 0.000311106 0.00717458 0.0749256 0.0107378 0.0845065 0.0994674 0.37002 0.0387005 0.111653 0.00054072 0.0132016 0.000356606 1.05438e-10 0.000420507 
0.218977 2.52854e-10 0.204997 6.00029e-06 8.52261e-05 1.33094e-05 0.00266718 0.460554 1.20645e-05 4.79322e-05 3.54951e-07 0.112622 1.49911e-05 1.42151e-09 2.74711e-06 
0.00700088 1.8626e-08 0.00388484 0.0494452 1.95763e-09 1.0212e-05 4.27996e-10 0.934703 2.32635e-05 0.000527278 3.97299e-07 6.75608e-05 0.00375562 1.97616e-06 0.000580224 
0.033958 2.98211e-08 0.0846451 1.67709e-05 1.25396e-08 0.332415 8.45427e-06 0.0552782 0.15083 0.0942203 3.89976e-08 0.248514 0.000111 3.22965e-06 2.06151e-08 
0.0203752 1.00666e-07 0.0730348 1.00997e-05 4.2329e-08 0.199453 5.10118e-06 0.0331678 0.242652 0.140199 1.31643e-07 0.291031 6.66559e-05 5.14091e-06 6.95894e-08 
0.118777 2.11154e-06 0.0580784 9.72488e-05 9.43316e-05 0.00189813 2.48337e-08 0.0251834 0.0157567 0.131909 2.24612e-06 0.522298 0.0273395 3.30858e-08 0.098563 
0.235979 0.00119674 0.0301586 0.0189505 0.00156496 0.0100943 1.96128e-05 0.0480372 0.0115015 0.186721 0.0205221 0.00873656 0.413082 0.00649904 0.00693741 
0.033958 2.98211e-08 0.0846451 1.67709e-05 1.25396e-08 0.332415 8.45427e-06 0.0552782 0.15083 0.0942203 3.89976e-08 0.248514 0.000111 3.22965e-06 2.06151e-08 
0.033958 2.98211e-08 0.0846451 1.67709e-05 1.25396e-08 0.332415 8.45427e-06 0.0552782 0.15083 0.0942203 3.89976e-08 0.248514 0.000111 3.22965e-06 2.06151e-08 
0.00259445 1.43354e-11 0.000360884 0.0181886 9.16348e-08 0.011242 6.04904e-11 0.82136 0.000158287 0.00178114 2.1387e-05 0.144288 4.61943e-06 3.45456e-07 3.46024e-11 
0.0800503 0.000288375 0.0706495 3.64509e-05 4.72398e-06 0.00666517 0.000299242 0.132372 0.000808984 0.191513 0.00189395 0.494807 0.0048331 0.00200209 0.0137765 
0.086026 2.31006e-05 0.015566 0.00105413 3.08528e-05 0.809688 3.68557e-07 0.0235595 0.0216864 0.0371574 0.00073425 0.00438541 3.35692e-05 9.39378e-07 5.3643e-05 
0.295721 0.000110811 0.0160548 0.0180345 7.28956e-06 0.171157 7.51452e-05 0.00765689 0.0529517 0.334758 0.0243694 0.0611032 0.000729499 0.014114 0.00315704 
0.185332 0.000926242 0.00146398 0.0136615 0.0797936 0.0239258 1.18217e-05 0.144223 0.00265695 0.289349 0.00936325 0.00406693 0.0159977 0.228547 0.000681221 
0.00700088 1.8626e-08 0.00388484 0.0494452 1.95763e-09 1.0212e-05 4.27996e-10 0.934703 2.32635e-05 0.000527278 3.97299e-07 6.75608e-05 0.00375562 1.97616e-06 0.000580224 
0.000672508 3.39687e-08 0.0547694 0.0488284 0.000281495 0.00140346 6.81895e-05 0.110039 0.0130655 0.74379 4.76368e-08 0.0208802 0.00617675 1.90966e-07 2.46659e-05 
0.529323 0.000200776 0.0397984 0.0314265 0.000574121 0.00496953 5.16491e-05 0.0448047 0.0866644 0.10422 0.0663071 0.0561235 0.0332676 1.32003e-05 0.00225504 
0.431471 0.0111071 0.105977 0.0584277 0.000884349 0.0460652 0.0114516 0.0303821 0.0969466 0.106795 0.0146877 0.0308269 0.0122952 3.65385e-05 0.0426457 
0.392126 0.000849797 0.118191 0.0145365 0.00427575 0.00439107 0.000608733 0.0342061 0.265706 0.067458 0.00808441 0.0861113 0.00129228 5.22703e-06 0.00215763 
0.0203752 1.00666e-07 0.0730348 1.00997e-05 4.2329e-08 0.199453 5.10118e-06 0.0331678 0.242652 0.140199 1.31643e-07 0.291031 6.66559e-05 5.14091e-06 6.95894e-08 
0.332584 0.000916495 0.0421545 0.0133416 0.00104924 0.0802233 0.000672722 0.104842 0.113435 0.285037 0.00107477 0.018598 0.00148765 2.82353e-07 0.00458352 
0.485296 0.00190634 0.0396816 0.026274 0.00269689 0.0390949 0.000119924 0.0550867 0.042074 0.199932 0.0200783 0.0716508 0.0120861 0.000623431 0.00339873 
0.072267 7.10419e-05 0.0794547 0.000493559 0.0011757 0.000554379 1.59642e-07 0.0615888 0.0221595 0.642663 0.0553559 0.0457172 0.0128291 0.00263514 0.0030344 
0.703652 0.000465554 0.00365757 2.63571e-05 6.10575e-05 0.0386511 0.00764257 0.0158055 0.0289527 0.157559 0.0322883 0.00944107 0.000617529 0.000490548 0.000689472 
0.00700088 1.8626e-08 0.00388484 0.0494452 1.95763e-09 1.0212e-05 4.27996e-10 0.934703 2.32635e-05 0.000527278 3.97299e-07 6.75608e-05 0.00375562 1.97616e-06 0.000580224 
0.0253941 4.19291e-10 0.124704 6.9241e-05 0.000364382 0.254093 5.331e-07 0.000963978 0.0751775 0.371226 0.00092857 0.122459 0.0236856 1.66479e-06 0.000931584 
0.674643 8.95877e-12 0.0328712 1.98196e-07 3.10657e-11 0.0246646 3.7803e-11 0.00921699 0.00105733 0.118238 1.25636e-11 0.131808 1.38431e-05 5.03648e-11 0.00748675 
0.00390688 3.94057e-08 0.0120558 0.888565 1.36644e-07 0.00361077 0.00379133 0.015879 0.0245276 0.0306708 5.52617e-08 0.00988398 0.00573894 2.21533e-07 0.00136978 
0.053431 3.60681e-09 0.0111105 3.01365e-09 1.25071e-08 5.86822e-05 1.52195e-08 0.000804246 0.101113 0.83347 2.63931e-07 1.29999e-05 9.29696e-09 2.02769e-08 8.70606e-09 
0.47365 6.20494e-08 0.00399244 0.0448835 1.87736e-07 0.140411 3.41256e-08 0.00952153 0.0262751 0.291222 2.18647e-07 4.50446e-06 4.58514e-07 9.88164e-12 0.0100399 
0.00700088 1.8626e-08 0.00388484 0.0494452 1.95763e-09 1.0212e-05 4.27996e-10 0.934703 2.32635e-05 0.000527278 3.97299e-07 6.75608e-05 0.00375562 1.97616e-06 0.000580224 
0.00700088 1.8626e-08 0.00388484 0.0494452 1.95763e-09 1.0212e-05 4.27996e-10 0.934703 2.32635e-05 0.000527278 3.97299e-07 6.75608e-05 0.00375562 1.97616e-06 0.000580224 
0.033958 2.98211e-08 0.0846451 1.67709e-05 1.25396e-08 0.332415 8.45427e-06 0.0552782 0.15083 0.0942203 3.89976e-08 0.248514 0.000111 3.22965e-06 2.06151e-08 
0.0990792 0.00364358 0.00522181 0.00892757 0.0620415 0.0297807 9.44978e-06 0.387354 0.0194585 0.193869 0.0111282 0.00567115 0.00139892 0.168277 0.00413976 
0.0903855 2.16957e-08 0.00103144 0.00529787 6.19916e-06 0.603324 7.83922e-07 0.0715583 0.100414 0.126428 2.80179e-05 0.000181955 0.00134332 1.80535e-13 5.81362e-09 
0.00700088 1.8626e-08 0.00388484 0.0494452 1.95763e-09 1.0212e-05 4.27996e-10 0.934703 2.32635e-05 0.000527278 3.97299e-07 6.75608e-05 0.00375562 1.97616e-06 0.000580224 
2.58357e-05 1.14295e-09 0.682872 9.54982e-10 3.96331e-09 4.26705e-06 4.82284e-09 2.64299e-05 4.95759e-10 0.242305 1.60284e-09 0.0747572 2.94607e-09 9.00206e-06 2.75882e-09 
0.054562 0.00226067 0.380041 0.0353812 0.0327944 0.0877933 0.00746042 0.27622 0.00427284 0.0346449 0.0191142 0.0585373 0.0068001 3.55157e-07 0.00011736 
0.156718 6.65281e-06 0.0495873 0.000170498 0.00295753 0.0350959 1.24014e-05 0.0432326 0.04537 0.444658 0.00043115 0.221354 0.00038001 5.07428e-11 2.60829e-05 
0.0165533 9.851e-05 0.0328176 0.00368915 0.000341812 0.00122684 9.17729e-06 0.00520317 0.0333051 0.275904 0.000112765 0.629366 0.000714062 4.0929e-06 0.000654439 
0.3093 0.00251633 0.126218 0.050438 0.00643787 0.00368137 1.22308e-05 0.130571 0.219014 0.0431489 0.0063109 0.0315277 0.0525336 0.00601979 0.0122699 
0.0116035 2.82754e-08 0.112482 0.000543659 1.3702e-05 0.000702459 6.83122e-09 0.000631481 0.0197071 0.782347 3.87996e-05 0.0711477 0.000781414 7.66944e-09 9.51898e-07 
1.2736e-07 7.01219e-11 5.65483e-08 3.02563e-08 2.43157e-10 1.06792e-07 2.95891e-10 1.0 4.07892e-08 5.5103e-09 9.83373e-11 6.43554e-11 1.80747e-10 3.94214e-10 1.69259e-10 
0.263329 0.001362 0.0369938 0.00743107 0.00150835 0.223578 0.000388061 0.0794687 0.0494714 0.100281 0.0205378 0.176124 0.0245399 2.3846e-05 0.0149623 
0.280988 0.000232146 0.110082 0.0237624 0.0110459 0.0224297 4.13401e-05 0.0278561 0.0399227 0.306292 0.00571917 0.0769349 0.0188229 6.38576e-07 0.0758699 
0.00700088 1.8626e-08 0.00388484 0.0494452 1.95763e-09 1.0212e-05 4.27996e-10 0.934703 2.32635e-05 0.000527278 3.97299e-07 6.75608e-05 0.00375562 1.97616e-06 0.000580224 
0.00107699 9.99439e-07 6.26141e-05 0.0570609 8.22262e-05 0.000141539 4.21729e-06 0.934429 0.00563527 0.00089533 1.40159e-06 0.000428021 3.11707e-05 5.61868e-06 0.000144751 
0.0684392 0.000888453 0.00935886 0.0164763 0.0242937 0.0160709 0.000221008 0.75488 0.00237291 0.0441639 0.0150376 0.0239954 0.00397764 0.0193455 0.000479106 
0.0116891 7.74599e-05 0.00345818 0.000109686 0.00272778 0.000678731 4.06152e-05 0.0106237 0.00430071 0.0337343 5.63692e-07 0.931441 0.000156237 0.000864395 9.71495e-05 
0.00024791 1.13787e-07 3.78146e-05 2.54761e-07 3.94572e-07 3.83368e-06 2.41562e-06 7.21772e-05 0.00276479 1.71448e-07 4.62405e-06 0.00545788 1.83685e-06 6.39693e-07 0.991405 
0.196277 2.66287e-06 0.0918815 2.66297e-06 0.0260837 0.0266296 0.0165 0.0607252 2.66323e-06 0.53212 2.66262e-06 2.66292e-06 0.0255568 0.0212826 0.00293086 
0.190456 9.55548e-08 0.0123201 1.41152e-07 1.67263e-07 0.0431741 7.68693e-07 0.000135874 0.000721529 0.752768 6.11667e-07 0.000232228 0.000189844 2.58015e-09 9.25718e-08 
0.999321 5.38035e-10 2.27834e-05 1.2592e-06 1.86571e-09 3.3098e-05 2.27033e-09 3.14641e-05 0.000113841 0.000411534 7.54528e-10 6.00947e-05 4.71665e-06 3.02475e-09 1.2987e-09 
0.0485957 4.59874e-08 0.0223769 0.00614358 2.17136e-06 0.072021 0.0345472 0.72064 3.20266e-05 0.0740909 9.06953e-09 0.00419663 0.015993 0.00120678 0.000154074 
0.159114 0.00133248 0.0491357 0.00343585 0.0146459 0.105143 7.2784e-05 0.180773 0.0721093 0.0930449 0.00575185 0.306591 0.00317259 3.62101e-05 0.00564149 
0.00700088 1.8626e-08 0.00388484 0.0494452 1.95763e-09 1.0212e-05 4.27996e-10 0.934703 2.32635e-05 0.000527278 3.97299e-07 6.75608e-05 0.00375562 1.97616e-06 0.000580224 
0.075412 0.00896243 0.0761774 0.0263315 0.0404217 0.211066 6.56125e-05 0.181756 0.0287704 0.257954 0.0255032 0.0445886 0.00985719 6.00478e-05 0.0130742 
0.674643 8.95877e-12 0.0328712 1.98196e-07 3.10657e-11 0.0246646 3.7803e-11 0.00921699 0.00105733 0.118238 1.25636e-11 0.131808 1.38431e-05 5.03648e-11 0.00748675 
0.0512221 0.00116012 0.15981 0.000362291 0.00190588 0.00256694 6.37253e-05 0.0567789 0.0114991 0.156917 0.0028043 0.541109 0.00352821 0.00907637 0.00119618 
0.00212549 4.13176e-07 0.133452 1.04332e-06 6.10924e-08 0.00140663 1.48196e-06 0.0185904 0.0151463 0.782613 0.0138115 0.0327936 1.2217e-06 9.87422e-11 5.66183e-05 
0.0903855 2.16957e-08 0.00103144 0.00529787 6.19916e-06 0.603324 7.83922e-07 0.0715583 0.100414 0.126428 2.80179e-05 0.000181955 0.00134332 1.80535e-13 5.81362e-09 
0.033958 2.98211e-08 0.0846451 1.67709e-05 1.25396e-08 0.332415 8.45427e-06 0.0552782 0.15083 0.0942203 3.89976e-08 0.248514 0.000111 3.22965e-06 2.06151e-08 
2.26376e-07 1.83574e-12 0.08908 0.00010672 1.84668e-08 0.0376815 5.50058e-08 0.00116249 0.0911564 0.604547 2.60015e-10 0.176265 3.07616e-08 1.03203e-11 1.59563e-08 
0.674643 8.95877e-12 0.0328712 1.98196e-07 3.10657e-11 0.0246646 3.7803e-11 0.00921699 0.00105733 0.118238 1.25636e-11 0.131808 1.38431e-05 5.03648e-11 0.00748675 
0.0593377 1.73951e-05 0.00352744 0.00137438 0.741946 0.0269069 7.50728e-05 0.0144741 0.00125328 0.015878 0.120475 0.00175794 0.0129771 6.06413e-08 1.90319e-08 
0.238669 0.000125796 0.0195279 0.00674638 0.000456753 0.00132064 1.03739e-07 0.119765 0.00929221 0.515559 0.0554717 0.0147498 0.0168133 0.000198471 0.00130384 
0.0267487 5.00544e-08 0.0258193 0.000125955 0.000196218 0.911124 6.40402e-07 0.0157426 0.0107132 0.00390236 0.000222532 0.00536864 3.59345e-05 4.22471e-12 3.46005e-08 
0.238669 0.000125796 0.0195279 0.00674638 0.000456753 0.00132064 1.03739e-07 0.119765 0.00929221 0.515559 0.0554717 0.0147498 0.0168133 0.000198471 0.00130384 
0.00700088 1.8626e-08 0.00388484 0.0494452 1.95763e-09 1.0212e-05 4.27996e-10 0.934703 2.32635e-05 0.000527278 3.97299e-07 6.75608e-05 0.00375562 1.97616e-06 0.000580224 
0.00303138 5.48554e-07 0.0901656 0.00234899 6.94565e-08 0.0195916 8.17624e-11 0.173972 0.00445033 0.382129 0.00023666 0.0047134 0.183017 0.135759 0.000584857 
0.00700088 1.8626e-08 0.00388484 0.0494452 1.95763e-09 1.0212e-05 4.27996e-10 0.934703 2.32635e-05 0.000527278 3.97299e-07 6.75608e-05 0.00375562 1.97616e-06 0.000580224 
0.00112304 7.35618e-06 3.64062e-05 0.0011822 2.22568e-05 0.00137561 4.04571e-06 0.994905 9.79531e-05 0.000407134 2.59214e-05 0.00053402 5.43584e-05 1.1715e-09 0.000224536 
0.010232 1.82914e-06 0.000256838 8.13714e-05 6.34278e-06 0.000236481 7.71835e-06 0.921023 0.00149825 4.65247e-05 1.10736e-05 0.0646721 0.000135689 1.02831e-05 0.00178009 
0.00172596 1.11103e-08 0.00159253 8.00247e-05 3.85266e-08 8.19326e-06 0.000913286 0.952885 4.65109e-08 0.00126064 4.70973e-07 0.0166943 0.0224768 6.24606e-08 0.0023629 
0.0384212 2.00633e-06 0.116795 3.91595e-05 1.01963e-07 0.00671209 2.63996e-05 0.0320753 0.0074208 0.0154959 8.2232e-06 0.109566 0.000308258 2.91233e-05 0.673101 
0.190456 9.55548e-08 0.0123201 1.41152e-07 1.67263e-07 0.0431741 7.68693e-07 0.000135874 0.000721529 0.752768 6.11667e-07 0.000232228 0.000189844 2.58015e-09 9.25718e-08 
0.00700088 1.8626e-08 0.00388484 0.0494452 1.95763e-09 1.0212e-05 4.27996e-10 0.934703 2.32635e-05 0.000527278 3.97299e-07 6.75608e-05 0.00375562 1.97616e-06 0.000580224 
0.0898983 2.70748e-06 0.156498 7.30938e-05 0.000335355 0.183984 1.99773e-07 0.00105367 0.136316 0.325658 0.000522024 0.095748 0.0091091 6.26822e-07 0.000800711 
0.125464 2.00842e-11 0.0296841 1.12466e-08 6.96446e-11 0.0126409 8.47486e-11 0.00210845 0.153035 0.061628 2.83004e-08 0.613716 0.000787742 1.1291e-10 0.000936683 
0.0384212 2.00633e-06 0.116795 3.91595e-05 1.01963e-07 0.00671209 2.63996e-05 0.0320753 0.0074208 0.0154959 8.2232e-06 0.109566 0.000308258 2.91233e-05 0.673101 
0.137952 0.00202066 0.0147111 0.0781946 0.0100757 0.0826421 1.64423e-05 0.462864 0.0561177 0.110065 0.0229657 0.010941 0.00669039 1.34489e-07 0.00474303 
0.126911 7.398e-05 0.259002 0.000424235 0.000519161 0.00143479 4.56863e-05 0.0383304 0.0104019 0.0441166 4.51981e-05 0.47716 0.0408376 0.000154311 0.00054388 
0.0467552 9.73802e-07 0.0505789 0.000145256 0.000631118 0.0141562 4.88381e-08 0.0198079 0.0594972 0.77338 0.000164614 0.0293831 0.0052237 6.38946e-12 0.0002758 
6.65901e-05 2.28833e-08 0.000142837 1.912e-08 7.93508e-08 2.94491e-08 9.65598e-08 0.999703 1.0025e-06 1.82484e-06 3.2091e-08 8.4027e-05 5.89843e-08 1.28646e-07 5.52353e-08 
0.0247225 1.55975e-11 0.106218 7.88151e-05 1.12677e-05 0.0581643 1.02105e-06 0.0285384 0.0160312 0.684336 2.58754e-05 0.0626783 0.0191825 2.31188e-07 1.16904e-05 
0.053431 3.60681e-09 0.0111105 3.01365e-09 1.25071e-08 5.86822e-05 1.52195e-08 0.000804246 0.101113 0.83347 2.63931e-07 1.29999e-05 9.29696e-09 2.02769e-08 8.70606e-09 
0.0146651 0.000539601 0.642098 0.0260385 0.00919926 0.00207326 0.000101361 0.0155863 0.0112176 0.229662 0.0138084 0.0274248 0.00495516 6.01154e-06 0.00262434 
0.0210217 2.11757e-07 4.94998e-06 4.36338e-05 0.00198081 0.00881209 0.838421 0.119048 9.18507e-08 0.00991323 0.000741759 5.55348e-06 5.45827e-07 1.19046e-06 5.48578e-06 
0.362196 7.55065e-05 0.0735197 0.000724191 6.11375e-05 0.0027471 0.00105295 0.287489 0.088869 0.13429 0.0014702 0.0249699 0.0184596 0.0010006 0.00307512 
0.542018 1.23023e-05 0.0880396 0.000143513 1.18148e-06 0.0398952 2.47238e-05 0.0400813 0.00209505 0.194533 2.28312e-05 0.0817711 0.0105305 5.19844e-05 0.000780025 
0.0699072 4.35088e-06 0.372678 0.00300825 0.000287893 1.2219e-06 8.20397e-06 0.13069 0.000509141 0.13529 6.52706e-06 0.100345 0.00416196 2.80445e-06 0.1831 
0.280988 0.000232146 0.110082 0.0237624 0.0110459 0.0224297 4.13401e-05 0.0278561 0.0399227 0.306292 0.00571917 0.0769349 0.0188229 6.38576e-07 0.0758699 
0.0275447 0.000327529 0.0597568 0.00643545 0.000545745 0.00184816 4.43644e-07 0.0909213 0.000107623 0.668018 0.00188786 0.126921 0.0138006 0.00136088 0.000524135 
1.39471e-07 1.28599e-06 0.000136582 6.43089e-05 8.64393e-07 1.23915e-05 2.59716e-05 0.342334 6.44124e-05 0.0844852 4.02976e-05 0.000125207 0.04515 0.0111094 0.51645 
0.00700088 1.8626e-08 0.00388484 0.0494452 1.95763e-09 1.0212e-05 4.27996e-10 0.934703 2.32635e-05 0.000527278 3.97299e-07 6.75608e-05 0.00375562 1.97616e-06 0.000580224 
0.00700088 1.8626e-08 0.00388484 0.0494452 1.95763e-09 1.0212e-05 4.27996e-10 0.934703 2.32635e-05 0.000527278 3.97299e-07 6.75608e-05 0.00375562 1.97616e-06 0.000580224 
0.238669 0.000125796 0.0195279 0.00674638 0.000456753 0.00132064 1.03739e-07 0.119765 0.00929221 0.515559 0.0554717 0.0147498 0.0168133 0.000198471 0.00130384 
0.00700088 1.8626e-08 0.00388484 0.0494452 1.95763e-09 1.0212e-05 4.27996e-10 0.934703 2.32635e-05 0.000527278 3.97299e-07 6.75608e-05 0.00375562 1.97616e-06 0.000580224 
0.0247754 3.64849e-10 0.0181373 1.6467e-05 4.42266e-06 0.0039259 7.09755e-06 0.00811022 0.0108396 0.920596 3.8774e-07 0.012596 0.000977947 2.05112e-09 1.29793e-05 
0.00700088 1.8626e-08 0.00388484 0.0494452 1.95763e-09 1.0212e-05 4.27996e-10 0.934703 2.32635e-05 0.000527278 3.97299e-07 6.75608e-05 0.00375562 1.97616e-06 0.000580224 
0.0253941 4.19291e-10 0.124704 6.9241e-05 0.000364382 0.254093 5.331e-07 0.000963978 0.0751775 0.371226 0.00092857 0.122459 0.0236856 1.66479e-06 0.000931584 
0.304938 4.02787e-10 0.264634 3.36547e-10 1.39672e-09 5.18357e-10 1.69963e-09 0.0669689 1.74711e-10 0.256181 5.64859e-10 0.0711866 0.0247085 2.26441e-09 0.0113832 
0.0208873 3.05244e-07 0.0155541 0.0411459 4.07219e-08 0.0781496 7.43522e-09 3.49723e-07 0.00302853 0.0124986 3.72693e-05 0.827681 0.000239211 0.000288018 0.000489617 
0.202888 5.68228e-07 0.11403 0.000625307 0.00288097 0.000687361 0.00506315 0.0808794 0.0397382 0.169211 1.53721e-06 0.336168 0.000822873 1.96787e-09 0.0470046 
3.89787e-07 5.33021e-12 6.31235e-09 1.45638e-07 1.97788e-07 1.48173e-07 2.24917e-11 0.2611 2.31201e-12 0.00678964 7.47496e-12 4.89188e-12 0.73211 2.99656e-11 1.2866e-11 
0.221392 4.7438e-12 0.00151305 1.27238e-07 1.64497e-11 2.22225e-07 2.00172e-11 0.617022 0.00739283 0.10578 5.99398e-09 4.22312e-07 6.70608e-05 2.66689e-11 0.0468329 
0.01887 5.39867e-07 0.0318793 0.000380608 1.60809e-05 0.153884 5.14466e-06 0.0291273 0.16788 0.537777 6.36576e-07 0.0601074 7.23629e-05 1.06908e-11 8.33423e-09 
0.00700088 1.8626e-08 0.00388484 0.0494452 1.95763e-09 1.0212e-05 4.27996e-10 0.934703 2.32635e-05 0.000527278 3.97299e-07 6.75608e-05 0.00375562 1.97616e-06 0.000580224 
0.18185 0.000345132 0.129816 0.00291515 0.000548317 0.00358768 0.000660633 0.00627052 0.511142 0.0157699 0.0650044 0.0784855 6.01569e-05 7.08642e-06 0.00353768 
0.122422 1.05418e-06 0.0507078 4.40336e-05 6.95654e-06 0.000341185 8.04363e-07 0.115541 0.198693 0.342719 0.0066278 0.161589 0.00106574 2.48981e-07 0.000240709 
8.23111e-11 1.47114e-10 0.10837 0.0708081 5.10136e-10 1.89325e-10 6.20771e-10 0.463932 0.0525643 0.206639 2.06309e-10 0.0612612 0.0364258 8.27051e-10 3.55101e-10 
0.0152397 1.4773e-05 0.022239 0.0156506 1.53886e-05 0.000103291 1.54643e-07 0.012621 0.0196867 0.021429 4.5948e-05 0.865653 0.02401 3.4787e-07 0.00329109 
0.182496 0.000478871 0.079843 0.000509304 0.00380632 0.0156099 0.000802283 0.0540227 0.00341706 0.065648 8.23496e-05 0.540719 0.000237161 0.0502882 0.00203984 
