0.00451714 0.537169 0.001906 0.000341213 4.42436e-07 0.00335789 0.00076719 0.198752 0.0909336 0.144978 0.000477752 0.000644893 0.0052675 6.27823e-06 0.0108813 
0.0018789 0.669037 0.0570871 0.000875137 5.18427e-05 0.000289889 8.00962e-05 0.0467108 0.0171805 0.160169 8.14241e-05 0.00246488 0.00156432 2.76496e-10 0.042529 
0.000348045 0.819433 0.024203 0.00475045 0.00208221 0.00221564 5.18306e-06 0.0250355 0.00375569 0.0238204 0.00016565 0.000299185 0.00209534 1.07186e-09 0.0917904 
0.0320917 0.281013 0.241329 0.00891131 0.0381029 0.0119761 2.82378e-05 0.0565139 0.0624852 0.150045 0.0226303 0.0603168 0.0211878 3.15044e-07 0.0133687 
0.0591118 0.786933 0.00504875 9.88601e-07 0.00350979 0.000526496 1.30211e-06 0.00492856 0.00632431 0.132298 3.53322e-05 0.00108731 0.000139519 1.7348e-06 5.30242e-05 
0.00745485 0.73323 0.034483 0.0331193 0.0039335 0.0179895 9.88871e-07 0.05031 4.6249e-07 0.000332422 0.111455 0.000576696 0.00708621 2.24604e-11 2.75819e-05 
0.0449345 0.627925 0.230773 0.00110623 0.000423659 0.00207359 1.12577e-05 0.0344606 0.0265888 0.004086 0.000781193 0.00729594 1.40325e-08 3.06053e-08 0.0195406 
0.0792639 0.21476 0.210716 0.0459263 0.00595825 0.0192316 0.000118597 0.113197 0.146419 0.124015 0.0179038 0.01934 0.00141334 3.38914e-05 0.00170329 
0.0313893 0.666384 0.121015 0.000139723 0.0112404 0.0432576 0.0158071 0.00788224 0.0681042 0.0222611 0.00389936 0.000309688 0.000196758 7.47903e-05 0.00803857 
0.217972 0.316324 0.181669 0.00300793 0.011429 1.59546e-05 1.39752e-05 0.0065923 0.0288587 0.00214299 0.00759428 0.000589853 0.00135542 0.222081 0.000353839 
0.000242859 0.539802 1.86044e-05 0.000201398 0.00193546 0.000779091 2.18854e-06 8.13403e-06 0.000159966 2.6702e-05 5.19161e-10 0.0758172 1.34556e-05 2.08121e-09 0.380993 
0.0128341 0.307823 0.0623786 0.00646674 0.127843 0.00420739 2.5554e-05 0.0305291 0.238254 0.182967 0.000993943 0.00549683 0.00329141 6.81145e-07 0.0168883 
0.0190227 0.336906 0.0154494 0.070543 0.000223037 0.046161 4.00932e-07 0.32587 0.110884 0.029161 0.00168472 0.00593741 0.000760363 9.12907e-10 0.0373969 
0.0688317 0.436348 0.086615 0.00874746 0.159552 0.0571543 4.75029e-05 0.0462044 0.0126128 0.0969102 0.000149621 0.0162524 0.00345579 1.50498e-08 0.00711829 
0.230856 0.375352 0.00285938 0.000668176 4.9225e-05 0.000191654 3.24207e-05 0.0686413 0.0765893 0.211893 9.75912e-06 0.0157321 0.0168566 1.14499e-07 0.000269107 
0.00562907 0.465174 0.045506 0.0108805 0.00126462 0.00635609 0.000388019 0.151595 0.0500392 0.160679 0.000618064 0.0596392 0.00100236 0.000593758 0.0406352 
0.00532902 0.986357 0.000223898 3.14312e-07 5.33022e-10 2.23942e-07 6.48619e-10 1.21761e-06 6.66741e-11 0.00446773 0.00190199 0.00158546 0.000132522 8.64153e-10 6.18206e-07 
0.06343 0.437635 0.0902747 0.00815455 0.00214096 0.00626392 3.26269e-05 0.0305068 0.344133 0.000962018 0.00144896 0.00718621 4.11233e-05 0.00163243 0.00615728 
0.0209687 0.342236 0.0143964 0.0331446 6.73993e-07 0.0198919 2.33938e-06 0.297259 0.109506 0.0648397 2.08948e-07 0.00781139 3.42818e-05 0.00220086 0.0877073 
0.000357555 0.651428 0.344926 7.80175e-06 1.73073e-06 7.98224e-06 5.27287e-08 0.000114854 0.000946808 1.48589e-05 0.00195349 0.000231214 7.59986e-06 7.02503e-08 2.31992e-06 
0.00101106 0.96986 0.000251918 0.00389722 1.56702e-06 0.0100189 0.000465202 0.00675308 0.00171239 0.00381832 0.00171275 0.000481751 5.15518e-06 2.28592e-09 1.04467e-05 
0.0523053 0.384505 0.265726 0.0145541 0.00348106 0.0324895 0.0243992 0.0328987 0.0826378 0.0455338 0.0115945 0.0223349 0.0051574 0.000999453 0.0213832 
0.00554066 0.402211 0.279561 4.44769e-06 3.4868e-06 0.00139737 0.000312597 0.0599332 0.0829464 0.109499 1.11381e-06 0.00572534 0.038105 8.91351e-06 0.0147508 
0.00160725 0.763414 0.0324978 0.00310065 0.00785506 0.00917137 6.50974e-12 0.00392441 0.0173588 0.00347208 0.14806 0.000498027 0.00138198 0.0068806 0.000778282 
0.039532 0.480916 0.118132 7.4599e-07 0.00023652 0.00071241 8.20755e-10 0.0800857 0.0652092 0.101489 6.33234e-05 0.00131495 0.0195521 1.09349e-09 0.0927551 
0.0513232 0.539477 0.0530485 0.0110384 0.010619 0.0305336 0.000973032 0.112584 0.0730562 0.0635474 0.0315131 0.00160244 0.0108429 8.24077e-09 0.00984169 
0.0142841 0.544505 0.300568 0.00895495 0.000494493 0.000909895 0.000300964 0.00240501 0.0616524 0.00659418 0.0478468 0.00836182 0.000230428 1.1247e-08 0.00289208 
0.0744164 0.614113 0.0468877 0.00361911 0.00274987 0.00356137 7.4569e-05 0.0980287 0.0198434 0.0976554 2.2395e-05 0.00261621 0.00564543 0.00019366 0.0305723 
0.00101106 0.96986 0.000251918 0.00389722 1.56702e-06 0.0100189 0.000465202 0.00675308 0.00171239 0.00381832 0.00171275 0.000481751 5.15518e-06 2.28592e-09 1.04467e-05 
0.0433801 0.310442 0.201414 0.0154725 0.0284997 0.0276481 0.000197809 0.0535476 0.132386 0.0741958 0.000917332 0.0717816 7.65878e-05 0.000279 0.0397622 
0.00343452 0.676956 0.0487276 0.0102518 0.000720858 0.00312915 1.77702e-05 0.0427186 0.0373655 0.0925411 0.000193777 0.00511223 0.0021321 2.01791e-05 0.0766793 
0.0993307 0.375397 0.0149084 1.77324e-05 0.00915709 0.00184831 1.17313e-05 0.0588633 0.221913 0.11394 1.72232e-05 0.000778306 0.0976777 6.72921e-08 0.0061398 
0.0143339 0.272755 0.0749242 0.0120857 0.204997 0.0839519 5.31527e-06 0.0756072 0.169403 0.0848885 0.000822636 0.000677884 0.00246777 4.98786e-11 0.00308041 
0.00636124 0.381951 0.370042 1.07934e-06 2.19751e-05 0.00612563 0.0120211 0.00262167 0.0756899 0.0192754 0.00122003 0.121336 3.87563e-06 0.00307549 0.000253745 
0.00116814 0.475689 0.10958 0.00147513 0.00332001 0.00222352 4.12808e-06 0.154825 0.0803429 0.0377269 2.01744e-05 0.00250578 0.00558652 1.34974e-06 0.125532 
1.38696e-05 0.703667 1.13083e-05 0.00010401 6.14243e-06 9.90705e-10 3.24839e-09 2.51881e-06 1.53634e-06 0.296107 1.07958e-09 1.1093e-05 5.99277e-05 4.32782e-09 1.56105e-05 
0.0154291 0.341002 0.0280411 0.0136431 0.000933467 0.000446966 6.73248e-05 0.284446 0.0493349 0.0406329 0.0946641 0.0197193 0.106558 0.00193434 0.00314742 
0.0754813 0.815167 0.0143237 0.000131229 6.63635e-06 0.00982906 9.30765e-06 0.0129049 0.0187939 0.0231937 0.0135991 0.00326464 4.94754e-05 7.26725e-06 0.0132391 
0.129179 0.217883 0.118957 0.00559684 0.0097639 0.00101496 9.51919e-06 0.144075 0.129896 0.105454 0.000272237 0.0609484 0.00121436 0.00362876 0.0721072 
0.0126618 0.634125 0.00123471 0.0139412 1.77143e-05 0.011242 0.000129628 0.15989 0.0378842 0.11715 0.000290392 0.00770395 0.00148164 3.97474e-07 0.00224854 
0.000594889 0.952372 0.00553231 8.14517e-07 5.87724e-05 9.96119e-06 0.000643324 1.79859e-08 0.003956 3.48609e-06 0.0360113 0.000672297 3.61653e-08 6.08322e-11 0.000145278 
0.0564425 0.727747 0.0242252 0.000148851 0.0301926 0.00106644 1.84989e-05 0.00209584 0.00780078 0.0247521 0.000353715 0.0869982 0.000272323 9.86035e-08 0.0378862 
0.000594889 0.952372 0.00553231 8.14517e-07 5.87724e-05 9.96119e-06 0.000643324 1.79859e-08 0.003956 3.48609e-06 0.0360113 0.000672297 3.61653e-08 6.08322e-11 0.000145278 
0.00101106 0.96986 0.000251918 0.00389722 1.56702e-06 0.0100189 0.000465202 0.00675308 0.00171239 0.00381832 0.00171275 0.000481751 5.15518e-06 2.28592e-09 1.04467e-05 
0.000423319 0.596197 0.0787256 0.000938028 3.12831e-05 0.00182357 2.22015e-08 0.164969 0.0216291 0.0527871 0.000442636 0.00168505 0.00527412 1.90778e-05 0.0750545 
7.9781e-07 0.908578 0.00395702 8.47016e-06 1.00298e-06 2.06802e-07 1.10543e-07 0.0174939 0.0493367 0.0118013 0.000951849 2.78564e-07 2.70292e-06 6.69134e-11 0.00786721 
0.00922627 0.557521 0.0383297 0.02511 6.96483e-05 0.00355025 2.24499e-06 0.0857816 0.0879149 0.170265 0.000468193 0.000802408 0.0112059 7.2161e-06 0.00974565 
0.0324281 0.582745 0.0187502 0.00757462 0.000218181 0.000579655 4.14302e-08 0.276328 0.071602 0.006854 7.60707e-07 4.17186e-05 0.00141777 3.3961e-08 0.00146041 
0.077911 0.417276 0.0920754 0.0123043 8.03381e-07 0.098605 3.21578e-10 0.0768085 0.172045 0.000877289 0.00165412 0.00204279 0.00939737 3.49992e-08 0.0390018 
0.0188689 0.488148 0.0750622 0.00494545 0.0140936 0.00158585 0.000313089 0.0650972 0.134097 0.146596 0.00342617 0.00645195 0.0184021 0.00182175 0.0210912 
1.75041e-10 0.854884 0.000320331 2.614e-10 1.08485e-09 3.93442e-06 1.32012e-09 0.0158612 0.000570142 2.956e-06 3.02336e-07 2.87123e-10 1.10586e-06 6.03388e-08 0.128356 
0.048085 0.33147 0.141368 0.00901534 0.00340437 0.0992044 0.000700648 0.0274816 0.194935 0.023677 0.106665 0.00315291 0.00893787 0.000946948 0.000955627 
0.00829022 0.554822 0.00124985 0.000145915 0.000285194 4.29277e-08 7.08475e-07 0.0587865 0.291671 0.00547153 2.66886e-11 0.0335156 2.64648e-06 3.00582e-06 0.0457559 
2.88957e-05 0.602403 0.00167425 1.4868e-05 6.41119e-05 0.0086229 3.91335e-07 0.271319 0.00418627 0.0163885 6.45103e-07 3.03509e-05 3.89311e-05 3.98182e-08 0.0952273 
0.0092853 0.759726 0.00807863 1.31022e-08 0.00940144 2.01803e-08 0.000606276 0.0236166 0.0469001 0.140688 2.19907e-08 3.61439e-05 1.60551e-05 8.81562e-08 0.00164533 
0.297799 0.419683 0.00359043 0.0116331 0.000166993 0.00911902 0.00126448 0.0119364 0.1917 0.0424557 0.00117541 0.00184459 3.29409e-05 2.77485e-09 0.00759928 
0.073787 0.226594 0.119402 0.00211809 0.00583489 0.000978825 0.000474348 0.16826 0.16185 0.111387 7.69782e-06 0.0771296 0.0188529 9.99578e-10 0.0333235 
0.00196701 0.516928 0.0217292 0.110932 0.012768 0.00175901 3.89542e-05 0.0614755 0.0743877 0.18525 0.000203819 7.27802e-05 0.0119627 1.26602e-09 0.000525823 
0.00692678 0.370318 0.0225072 0.0141912 0.000678701 0.00302334 0.000190228 0.362041 0.159108 0.0506536 9.43135e-05 0.00530157 0.000768774 1.33894e-08 0.00419674 
0.00928626 0.241738 0.0905829 0.000458248 0.000965638 0.00612197 4.76404e-07 0.22378 0.0670513 0.108435 0.00255243 0.0529285 0.00985818 8.69188e-07 0.18624 
0.033427 0.348962 1.56371e-06 0.000246041 0.000180949 1.0375e-07 0.00278464 0.0124015 0.278802 0.0527159 0.26774 0.000503159 0.000115342 2.53609e-11 0.00211996 
0.0526443 0.447898 0.0504073 0.0203403 0.000456227 0.00474326 0.0168232 0.267094 0.0758626 0.0493502 0.000295158 0.00529346 0.00188792 0.00228131 0.00462229 
0.00101106 0.96986 0.000251918 0.00389722 1.56702e-06 0.0100189 0.000465202 0.00675308 0.00171239 0.00381832 0.00171275 0.000481751 5.15518e-06 2.28592e-09 1.04467e-05 
0.310501 0.427034 0.0134681 0.00687376 9.76214e-05 0.0056885 0.0271561 0.0185682 0.144901 0.0376228 0.00123172 0.00201835 1.92963e-05 2.49153e-05 0.00479447 
0.00101106 0.96986 0.000251918 0.00389722 1.56702e-06 0.0100189 0.000465202 0.00675308 0.00171239 0.00381832 0.00171275 0.000481751 5.15518e-06 2.28592e-09 1.04467e-05 
0.178449 0.285296 0.00550852 0.0156261 3.83944e-05 0.0408676 6.62218e-05 0.0801176 0.203744 0.13401 0.000195932 0.0366575 0.00134762 0.0132037 0.00487159 
0.0802101 0.551849 0.137468 0.000511268 0.00629509 0.0376343 5.61872e-05 0.00981352 0.0652242 0.0779732 0.00580525 0.00911628 0.00187942 7.44009e-08 0.016164 
0.0207244 0.868166 0.0477507 6.03753e-10 3.51043e-06 9.29915e-10 3.50674e-05 2.87467e-06 0.0633133 2.86682e-10 4.25704e-06 6.63164e-10 1.86255e-09 4.06227e-09 1.74417e-09 
0.143909 0.459613 0.00377146 0.000425822 2.82902e-05 1.12278e-05 1.98631e-06 0.164047 0.100721 0.0867044 2.31687e-07 0.0283511 0.00444101 8.10559e-06 0.00796606 
0.0473226 0.831941 0.000168735 2.17939e-05 7.26237e-05 0.000308494 0.00124664 7.80112e-05 6.59365e-05 0.0055561 4.24353e-05 0.103174 3.49386e-05 2.15593e-06 0.00996476 
0.0169502 0.775455 0.036415 0.00178048 0.0587729 0.00128487 3.49358e-05 0.0432573 0.0179084 0.0266223 0.000161357 0.00205277 0.0050316 1.38258e-05 0.0142591 
0.00447095 0.809765 0.00244964 1.69722e-05 0.000445689 0.00167846 8.27565e-05 0.0644658 0.0544744 0.0539821 0.000309192 0.00067885 0.00100464 4.31385e-08 0.00617528 
0.0329305 0.378787 0.0570217 0.000643548 1.65334e-05 0.0157892 2.69607e-06 0.132496 0.0443294 0.230241 1.56899e-05 0.0932651 5.07489e-07 5.99702e-06 0.0144543 
0.00578088 0.815223 0.0288851 0.0145134 0.000270328 0.0932213 7.53653e-05 0.0168757 0.00186605 0.000729412 0.0175235 0.00491812 5.712e-05 1.55505e-11 6.04614e-05 
0.0410143 0.297611 0.0075205 0.00397479 0.000879784 0.0097868 0.000976362 0.2267 0.10905 0.286201 0.000172746 0.00836017 0.000177633 0.000105073 0.00746922 
0.0805978 0.47167 0.298669 0.00226546 0.000173836 0.0170039 0.00437649 0.0136697 0.0300167 0.025025 0.0348841 0.019703 0.00105571 2.70141e-05 0.00086275 
0.0102174 0.54348 0.03579 0.00313893 0.00131999 0.00039929 3.81706e-05 0.0450723 0.0279031 0.296378 0.0039538 0.0190041 0.00486632 2.05334e-06 0.00843714 
0.000560135 0.763706 0.0203203 0.00240206 0.00698182 0.00012686 0.124781 0.0389042 0.002975 0.0178389 0.000689152 2.20665e-05 6.06859e-06 1.05633e-08 0.0206855 
0.00101106 0.96986 0.000251918 0.00389722 1.56702e-06 0.0100189 0.000465202 0.00675308 0.00171239 0.00381832 0.00171275 0.000481751 5.15518e-06 2.28592e-09 1.04467e-05 
0.00532902 0.986357 0.000223898 3.14312e-07 5.33022e-10 2.23942e-07 6.48619e-10 1.21761e-06 6.66741e-11 0.00446773 0.00190199 0.00158546 0.000132522 8.64153e-10 6.18206e-07 
0.0143339 0.272755 0.0749242 0.0120857 0.204997 0.0839519 5.31527e-06 0.0756072 0.169403 0.0848885 0.000822636 0.000677884 0.00246777 4.98786e-11 0.00308041 
0.221809 0.356553 0.0136899 0.000368213 1.50927e-05 0.0459312 0.024692 0.00476221 0.105032 0.00521516 0.214106 0.00510345 8.10332e-05 7.47622e-08 0.00264187 
0.00127742 0.402111 0.0191207 0.00276589 1.94851e-05 0.0345083 1.90505e-10 0.0607663 0.113739 4.27271e-06 0.349184 0.000851417 0.0156507 2.39818e-06 7.43485e-08 
0.149225 0.36278 0.00245484 0.0738679 2.72952e-06 0.156999 3.06282e-08 0.198475 0.024067 0.019636 0.000215992 0.000247129 0.000480873 5.9207e-10 0.0115489 
0.0034902 0.670519 0.100682 2.40383e-10 8.22149e-08 2.59878e-05 7.8008e-07 0.00381447 0.000712983 0.00184108 0.000901485 1.92083e-05 0.0101647 6.47691e-07 0.207827 
0.0550179 0.596494 0.0653138 8.4507e-07 0.000579392 0.0198609 0.000339086 0.0866157 0.0801965 0.0845772 6.97501e-08 0.00544166 1.19952e-10 2.61618e-10 0.00556281 
0.00101106 0.96986 0.000251918 0.00389722 1.56702e-06 0.0100189 0.000465202 0.00675308 0.00171239 0.00381832 0.00171275 0.000481751 5.15518e-06 2.28592e-09 1.04467e-05 
0.00733545 0.81419 0.0468162 0.000161985 1.15924e-06 0.00155599 3.17271e-10 0.0190222 0.00440674 0.0805438 0.00346796 1.72823e-06 0.00791562 5.32996e-05 0.0145279 
0.000594889 0.952372 0.00553231 8.14517e-07 5.87724e-05 9.96119e-06 0.000643324 1.79859e-08 0.003956 3.48609e-06 0.0360113 0.000672297 3.61653e-08 6.08322e-11 0.000145278 
0.00353823 0.657812 0.0250846 3.67053e-05 0.00440784 0.000391907 4.94452e-05 0.103061 0.116055 0.063501 8.51855e-05 0.00598097 0.00549238 0.000606126 0.0138978 
0.000331435 0.940237 0.011745 1.38683e-08 9.27746e-07 0.000759354 1.91551e-07 0.00363086 0.0160478 0.0264814 0.000333759 0.00042676 1.45287e-06 8.00785e-10 3.89288e-06 
9.64616e-07 0.744821 0.0243072 0.000141735 0.00698442 0.00400511 1.18795e-10 0.0870113 0.00695783 0.0376029 0.00191495 0.0187463 0.0494692 0.00169573 0.0163415 
0.0721736 0.598351 0.0697905 4.49929e-06 0.000164488 0.028786 5.89808e-05 0.0292529 0.101174 0.00965485 0.0748598 0.00801219 0.00683053 3.04381e-10 0.000886068 
0.000355608 0.914368 0.00237712 0.000117198 3.55042e-05 0.000731724 1.92806e-05 0.00338037 0.0014206 0.0169851 2.43959e-05 3.2046e-07 0.000106892 0.0557711 0.00430689 
0.00160725 0.763414 0.0324978 0.00310065 0.00785506 0.00917137 6.50974e-12 0.00392441 0.0173588 0.00347208 0.14806 0.000498027 0.00138198 0.0068806 0.000778282 
0.00101106 0.96986 0.000251918 0.00389722 1.56702e-06 0.0100189 0.000465202 0.00675308 0.00171239 0.00381832 0.00171275 0.000481751 5.15518e-06 2.28592e-09 1.04467e-05 
0.00101106 0.96986 0.000251918 0.00389722 1.56702e-06 0.0100189 0.000465202 0.00675308 0.00171239 0.00381832 0.00171275 0.000481751 5.15518e-06 2.28592e-09 1.04467e-05 
0.00101106 0.96986 0.000251918 0.00389722 1.56702e-06 0.0100189 0.000465202 0.00675308 0.00171239 0.00381832 0.00171275 0.000481751 5.15518e-06 2.28592e-09 1.04467e-05 
0.00308492 0.600282 0.194473 2.10685e-05 7.38406e-05 0.0019003 2.84643e-06 0.102389 0.0380806 0.021345 1.45576e-06 0.00578111 0.00360289 1.82201e-06 0.0289604 
0.0231188 0.806322 0.0227206 0.00472821 0.00043827 0.000209562 7.59498e-05 0.0596811 0.0112757 0.0174788 0.000240207 0.0310682 0.000657321 0.000315799 0.0216695 
0.0273681 0.785734 0.0633827 0.000759363 1.08608e-05 0.0119183 0.000294687 0.00762026 0.0823569 0.0111169 0.00566099 0.00335304 1.99385e-05 1.3684e-08 0.000404363 
1.0627e-05 0.3326 1.0627e-05 0.00107325 0.199661 1.06252e-05 1.06178e-05 0.232751 1.06273e-05 0.194491 1.06249e-05 0.0393271 1.0622e-05 1.06143e-05 1.06224e-05 
0.0267598 0.348894 0.00484784 0.00267006 0.0123063 0.00171581 0.077384 0.151293 0.0996437 0.190468 0.000830036 0.000764773 0.00102861 2.30395e-08 0.0813937 
0.030148 0.309265 0.0925036 0.0020263 0.0688809 0.00655419 3.0007e-05 0.165515 0.121607 0.0608563 9.37158e-05 0.0536804 6.77038e-05 6.19519e-07 0.0887714 
0.0452211 0.298094 0.0707099 0.000330472 0.000710985 0.050883 5.05785e-06 0.251411 0.11164 0.121333 0.00068397 0.00879159 0.0055454 0.00165897 0.0329814 
0.104191 0.358076 0.0972055 0.118869 0.0649466 0.0574954 4.88412e-05 0.0272063 0.123144 0.0125455 0.000942797 0.0130607 0.00102043 6.04027e-06 0.0212415 
0.00303289 0.534447 0.0261381 0.0569404 1.54188e-07 0.000196542 1.57144e-07 0.0502763 0.0183812 0.294407 0.000433795 0.008154 0.000375848 1.01351e-08 0.00721683 
5.91865e-09 0.60285 0.101626 5.64844e-06 2.81229e-05 1.08653e-05 4.46371e-08 0.0612371 0.0699789 0.0910635 1.90686e-06 0.00136808 0.00252112 3.21021e-05 0.0692764 
0.000331435 0.940237 0.011745 1.38683e-08 9.27746e-07 0.000759354 1.91551e-07 0.00363086 0.0160478 0.0264814 0.000333759 0.00042676 1.45287e-06 8.00785e-10 3.89288e-06 
0.00101106 0.96986 0.000251918 0.00389722 1.56702e-06 0.0100189 0.000465202 0.00675308 0.00171239 0.00381832 0.00171275 0.000481751 5.15518e-06 2.28592e-09 1.04467e-05 
0.176152 0.401598 3.05555e-07 0.00324866 0.0232557 0.00372577 0.0549053 0.0102075 0.295049 0.0220766 0.00133351 0.00163401 0.000695386 6.5574e-08 0.00611785 
0.00128996 0.913064 0.00132892 0.00601166 8.02489e-06 0.000274794 0.000401972 0.0099919 0.0169584 0.0292441 0.000474378 0.00623178 1.00279e-05 7.75295e-08 0.0147102 
0.00196701 0.516928 0.0217292 0.110932 0.012768 0.00175901 3.89542e-05 0.0614755 0.0743877 0.18525 0.000203819 7.27802e-05 0.0119627 1.26602e-09 0.000525823 
0.0541273 0.339751 0.106102 0.000653641 0.0148668 0.00804663 3.53172e-10 0.270845 0.0584558 0.113224 0.000189087 0.0283773 0.00255057 1.07704e-05 0.00279982 
0.00351356 0.620849 0.0524463 6.84659e-05 0.0495891 0.000564209 1.4762e-05 0.0529775 0.105888 0.0269885 1.02658e-07 0.0867813 5.2033e-06 6.58167e-05 0.000247904 
0.00745485 0.73323 0.034483 0.0331193 0.0039335 0.0179895 9.88871e-07 0.05031 4.6249e-07 0.000332422 0.111455 0.000576696 0.00708621 2.24604e-11 2.75819e-05 
0.0142841 0.544505 0.300568 0.00895495 0.000494493 0.000909895 0.000300964 0.00240501 0.0616524 0.00659418 0.0478468 0.00836182 0.000230428 1.1247e-08 0.00289208 
0.164991 0.364758 0.196856 0.0041812 5.58112e-05 0.00171322 0.000529675 0.00488312 0.159002 0.0247591 0.0320675 0.0450069 0.000100706 1.6292e-07 0.00109607 
0.0142841 0.544505 0.300568 0.00895495 0.000494493 0.000909895 0.000300964 0.00240501 0.0616524 0.00659418 0.0478468 0.00836182 0.000230428 1.1247e-08 0.00289208 
0.00393222 0.89467 0.000116689 4.87924e-07 2.30799e-10 0.00139296 2.80852e-10 0.0555948 0.0215198 0.0176441 0.00016883 6.10846e-11 8.16738e-07 1.29475e-08 0.00495893 
0.0551122 0.505328 0.0486904 0.0111664 5.93917e-06 0.0393492 0.000770772 0.0780267 0.070924 0.133774 0.00916792 0.0474072 6.724e-05 8.10213e-09 0.000210568 
0.0391512 0.667459 0.177883 0.0170554 0.000458116 0.0125774 0.000531736 0.00632638 0.00769672 0.000881342 0.0591368 0.000644661 0.0101409 2.77697e-05 2.95078e-05 
9.64616e-07 0.744821 0.0243072 0.000141735 0.00698442 0.00400511 1.18795e-10 0.0870113 0.00695783 0.0376029 0.00191495 0.0187463 0.0494692 0.00169573 0.0163415 
0.0312671 0.800097 0.0437871 0.0172469 0.00184136 0.00272598 1.32974e-05 0.0401413 0.00874649 0.0337585 4.82684e-06 0.014228 9.66291e-05 5.74457e-05 0.00598791 
0.00244261 0.933535 6.30891e-06 0.00259325 1.43867e-06 1.83251e-05 4.92667e-06 0.0283216 0.00315398 0.0237841 0.000111075 0.000117634 0.00536737 5.12575e-06 0.000537597 
0.000113199 0.979199 1.65537e-05 6.56638e-06 0.00262779 0.000471199 1.03251e-05 0.0129409 0.000337976 0.00282389 0.000219266 8.73428e-05 2.18802e-05 7.48963e-06 0.00111619 
0.0143339 0.272755 0.0749242 0.0120857 0.204997 0.0839519 5.31527e-06 0.0756072 0.169403 0.0848885 0.000822636 0.000677884 0.00246777 4.98786e-11 0.00308041 
0.0576763 0.455306 0.00208707 0.00564409 0.000679433 0.0174265 3.14021e-05 0.154923 0.100078 0.16847 0.00113205 0.00431798 0.000106929 0.0291063 0.00301546 
0.158781 0.301769 0.0286334 0.00940713 1.14592e-06 0.0025653 0.00179998 0.203599 0.226024 0.0507709 0.000927312 0.000828122 0.000827113 1.21322e-07 0.0140674 
0.00160725 0.763414 0.0324978 0.00310065 0.00785506 0.00917137 6.50974e-12 0.00392441 0.0173588 0.00347208 0.14806 0.000498027 0.00138198 0.0068806 0.000778282 
0.00101106 0.96986 0.000251918 0.00389722 1.56702e-06 0.0100189 0.000465202 0.00675308 0.00171239 0.00381832 0.00171275 0.000481751 5.15518e-06 2.28592e-09 1.04467e-05 
0.00101106 0.96986 0.000251918 0.00389722 1.56702e-06 0.0100189 0.000465202 0.00675308 0.00171239 0.00381832 0.00171275 0.000481751 5.15518e-06 2.28592e-09 1.04467e-05 
0.0429302 0.298926 0.00351669 0.129413 0.00077674 0.0212038 0.00229889 0.113313 0.139606 0.231227 0.00591633 0.00704808 0.00319967 7.68584e-08 0.000623098 
0.0554218 0.644015 0.136333 0.0266596 0.00046579 0.0187738 0.00161233 0.0524429 0.00992973 0.00749961 0.0442893 0.00066989 0.00161614 2.01755e-11 0.000270366 
0.00101106 0.96986 0.000251918 0.00389722 1.56702e-06 0.0100189 0.000465202 0.00675308 0.00171239 0.00381832 0.00171275 0.000481751 5.15518e-06 2.28592e-09 1.04467e-05 
0.18384 0.425722 0.0334954 3.56161e-06 0.000522334 0.00119652 0.0147513 0.0727422 0.102399 0.111052 0.000127699 0.00605264 0.000474742 0.0191676 0.0284531 
0.0376471 0.688326 0.0507985 0.00954067 0.00256098 0.0107692 0.00147913 0.0754739 0.0359401 0.04701 0.0244486 0.010515 0.0037402 6.08762e-08 0.00175016 
0.130833 0.378736 0.0417764 0.000158492 0.000532541 0.0108003 0.000466931 0.0216643 0.351975 0.0309369 9.43472e-05 0.00367167 0.00449666 0.000590808 0.0232662 
0.00752169 0.603852 0.0395319 0.0107862 0.000475739 0.00113307 1.06721e-05 0.138952 0.0628302 0.0933133 0.000367502 0.00476048 0.0306452 2.39018e-05 0.00579612 
0.00213872 0.891962 0.000547318 1.51152e-06 0.000380038 0.000903969 3.71036e-05 0.00694554 0.0319916 0.00607901 9.91401e-05 9.04507e-08 0.000760912 1.89529e-10 0.0581535 
0.00532902 0.986357 0.000223898 3.14312e-07 5.33022e-10 2.23942e-07 6.48619e-10 1.21761e-06 6.66741e-11 0.00446773 0.00190199 0.00158546 0.000132522 8.64153e-10 6.18206e-07 
0.0227056 0.346419 0.0333786 0.00659182 0.00217077 0.0635864 1.21951e-06 0.188941 0.0690594 0.221662 8.53939e-05 0.0269407 0.00577054 5.84572e-08 0.0126874 
2.59093e-05 0.597155 3.69021e-06 1.419e-06 3.39757e-06 0.0569168 7.76539e-06 0.0182741 0.310834 6.23862e-06 0.000395388 1.366e-05 0.0163413 5.15702e-06 1.6349e-05 
0.107141 0.280633 0.0620745 0.0135856 0.000651874 0.178266 0.000443727 0.09279 0.0785379 0.0793707 0.081382 0.0195953 0.00225682 0.000113298 0.0031576 
0.0607347 0.783755 0.0226769 4.04845e-06 4.04595e-06 0.0275306 4.04523e-06 0.014985 0.062761 4.04888e-06 0.00648074 4.04837e-06 4.04682e-06 4.04391e-06 0.0210482 
0.0252723 0.618751 0.0167688 0.00614663 0.00031989 0.00323501 1.51121e-05 0.0562849 0.101406 0.126787 7.52526e-05 0.0339709 0.00459858 0.000168019 0.00620051 
0.0870025 0.299769 0.104259 0.0401021 0.0146976 0.0278082 0.000123121 0.213772 0.109386 0.0709273 0.00850229 0.0117148 0.00120754 6.31055e-08 0.0107291 
0.0126869 0.505053 0.213459 0.0261643 0.000647956 0.00472322 7.25072e-06 0.0820845 0.0352008 0.0791028 0.000245133 0.00275491 0.0105665 2.14126e-09 0.027304 
0.0587475 0.634642 0.0855144 0.000206726 0.000978958 9.64889e-05 2.70437e-05 0.012761 0.168748 0.0261139 0.000284729 0.000415488 0.00184942 1.97629e-08 0.00961391 
0.00101106 0.96986 0.000251918 0.00389722 1.56702e-06 0.0100189 0.000465202 0.00675308 0.00171239 0.00381832 0.00171275 0.000481751 5.15518e-06 2.28592e-09 1.04467e-05 
0.0342416 0.713132 0.0236697 0.00339662 0.00102134 0.0175572 0.000192545 0.0193667 0.0978941 0.0570811 5.62796e-05 0.0289044 1.75514e-06 1.00815e-06 0.00348387 
0.00683951 0.592069 0.0092183 0.000138526 0.0359095 0.0263921 1.40913e-07 0.102218 0.0860341 0.0221816 0.000735875 0.0047945 0.112353 4.54846e-07 0.00111452 
0.0710611 0.299977 0.0214634 0.00625517 0.0016782 0.0110424 5.80188e-05 0.101845 0.227826 0.223551 0.000132349 0.00337535 0.00912345 0.000554782 0.0220572 
0.0124606 0.840202 0.0221467 0.00324726 9.81661e-05 0.000118229 8.50797e-06 0.00659656 0.00964235 0.0757783 6.69216e-05 0.0271149 0.00244835 1.48658e-06 6.94886e-05 
0.0616395 0.72776 0.00698789 0.0236951 2.16193e-05 0.00643536 9.92894e-06 0.0785154 0.0448136 0.0355592 4.55132e-05 0.00140162 0.00531143 9.08258e-05 0.00771316 
0.0774722 0.762379 0.0360348 7.8548e-06 0.00347048 0.00257725 0.000318214 0.018177 3.8103e-05 0.0361431 2.30291e-05 3.81572e-05 0.00478253 1.93115e-05 0.0585192 
0.0137553 0.787589 0.12398 0.000437426 1.3924e-07 0.00230943 2.14086e-07 0.00932861 0.0210227 3.04369e-07 0.000747551 0.00165318 0.000802313 0.0381487 0.000225325 
0.0260109 0.828579 0.0223461 5.31829e-05 3.31678e-05 0.00185844 1.4618e-05 0.0394935 0.0690254 0.00803834 0.0002696 7.01496e-05 8.08531e-05 0.00401267 0.000114502 
0.000483734 0.987314 0.00196692 1.76514e-09 7.32558e-09 7.25468e-06 8.9143e-09 0.000182226 5.57238e-06 9.83672e-06 1.86239e-06 1.93883e-09 0.00742143 1.18765e-08 0.00260686 
0.0241549 0.469928 0.206418 0.000753172 0.0123266 0.0146976 6.67253e-08 0.0707115 0.124647 0.0325461 0.00036836 0.0344537 0.00723585 0.000121715 0.00163732 
0.0183811 0.493231 0.179675 0.0238409 0.00277201 0.00798925 0.000177364 0.0695523 0.079182 0.0910165 0.00790101 0.0107642 0.0105347 1.03257e-07 0.00498231 
0.0471285 0.403482 0.00411985 0.0154549 0.000659016 0.00402308 6.66071e-05 0.362752 0.032243 0.0477464 0.000194717 0.0422434 0.0306909 1.90892e-07 0.00919587 
0.00101106 0.96986 0.000251918 0.00389722 1.56702e-06 0.0100189 0.000465202 0.00675308 0.00171239 0.00381832 0.00171275 0.000481751 5.15518e-06 2.28592e-09 1.04467e-05 
0.27516 0.541708 0.0614224 0.0165836 6.10494e-08 0.0704489 8.04617e-05 0.0217649 1.98277e-05 0.0092826 1.89345e-06 0.000888623 8.02304e-06 1.80541e-05 0.00261254 
0.00814461 0.408406 0.049072 0.000669648 0.0531717 0.0239401 0.318564 0.0606781 0.00286871 0.0620831 0.000397265 0.000685687 7.15625e-07 1.70223e-06 0.0113167 
0.00335418 0.737978 0.00161705 0.000852414 7.87529e-05 0.0117506 2.81385e-07 0.0962105 0.002611 0.121776 2.77365e-06 0.00497746 0.00223295 0.00186166 0.0146961 
2.6734e-07 0.472662 4.06371e-08 0.000461502 1.71692e-10 6.68092e-07 2.72306e-07 0.0590668 0.062835 0.403629 3.33635e-05 9.79576e-08 1.80597e-05 2.78353e-10 0.00129268 
0.0176057 0.548887 0.0101159 0.115468 0.000150539 0.000424479 0.000305884 0.256776 0.00481304 0.0402369 7.48356e-06 0.000455677 0.00413746 2.32849e-05 0.00059267 
0.00415684 0.819949 0.0229702 0.00337158 0.000138574 0.000604241 1.64865e-07 0.0795213 0.0261989 0.0262747 5.87453e-05 0.00119181 0.00774505 5.32265e-07 0.00781887 
0.0421299 0.635758 0.00598639 0.000192947 3.14373e-07 0.223473 0.0445363 0.012649 0.0187812 0.00692723 6.69634e-05 0.00163923 7.62617e-05 0.00139742 0.00638551 
0.0279656 0.54897 0.040297 0.0147685 0.000633318 0.00270527 2.16628e-05 0.0569524 0.14116 0.13371 0.000269301 0.000831682 0.00222098 5.24093e-08 0.0294946 
0.0601615 0.556284 0.0316915 0.0115516 0.00384947 0.112009 9.58502e-05 0.0393716 0.0505487 0.0564831 0.0694076 0.00271421 0.00104715 0.00310676 0.00167822 
0.00578088 0.815223 0.0288851 0.0145134 0.000270328 0.0932213 7.53653e-05 0.0168757 0.00186605 0.000729412 0.0175235 0.00491812 5.712e-05 1.55505e-11 6.04614e-05 
0.118661 0.468953 0.00703541 0.00921681 0.00440382 0.0472 0.0495703 0.0615112 0.205052 0.0186467 0.00101633 3.7895e-05 0.00141533 6.47729e-07 0.0072802 
0.0463651 0.388102 0.0462865 0.00314986 0.0606372 0.00601718 0.000192926 0.168069 0.107824 0.139197 4.0136e-05 0.00325664 0.00612952 0.0171185 0.00761458 
0.00558856 0.766462 0.0104568 1.11134e-05 1.61417e-06 0.00532723 1.96561e-07 0.112557 0.0153596 0.0711927 0.00285447 2.8858e-05 0.010131 1.37092e-05 1.59611e-05 
0.0119085 0.531511 0.044372 4.8316e-07 0.000736913 0.00227581 0.00026718 0.0683092 0.0690719 0.0117155 6.49508e-05 0.0107378 0.000224635 0.000308492 0.248495 
0.0497676 0.885704 4.32726e-06 4.32696e-06 0.00346377 4.32651e-06 4.32352e-06 0.0532319 4.32738e-06 4.32742e-06 4.32639e-06 4.32688e-06 4.32522e-06 4.32211e-06 0.00778997 
0.00292618 0.445854 0.0128833 0.000156134 0.000444064 0.00244531 1.98505e-05 0.0306011 0.00155239 0.00550629 0.000820641 0.0426117 0.0304227 0.17666 0.247097 
0.0869804 0.301752 0.083411 0.00299381 0.00136671 0.0596268 0.0222606 0.0168043 0.145319 0.0136258 0.241152 0.0114128 0.00989343 0.000986398 0.00241415 
0.000803963 0.96739 0.000185617 0.000653122 1.18406e-05 0.00327516 3.34168e-05 0.00945543 0.00208536 0.0108369 0.00498083 0.000105256 3.13971e-05 3.19439e-08 0.00015213 
0.0625621 0.498069 0.156372 0.00196096 0.0390548 0.0102131 3.706e-05 0.0503341 0.0983209 0.0188466 3.08774e-05 0.0201738 0.000310594 3.20356e-05 0.0436815 
0.164991 0.364758 0.196856 0.0041812 5.58112e-05 0.00171322 0.000529675 0.00488312 0.159002 0.0247591 0.0320675 0.0450069 0.000100706 1.6292e-07 0.00109607 
0.0670593 0.545427 0.0513056 0.00145642 0.000118681 0.00132217 4.82721e-05 0.0198957 0.175435 0.127124 0.000107474 0.000179317 0.000424406 0.000264674 0.00983219 
0.14217 0.431392 0.0437711 0.0230481 0.00449029 0.0310542 0.0010647 0.0437696 0.185638 0.0791659 8.89343e-05 0.000978197 0.000405473 2.7978e-07 0.0129638 
0.0982806 0.307106 0.106255 0.008692 1.94801e-05 0.0250162 6.72265e-05 0.082189 0.115939 0.192448 0.000365152 0.0349693 0.00626492 1.26068e-07 0.0223881 
0.0696377 0.73671 0.0584634 4.98358e-08 2.98131e-10 0.000148489 0.00708979 0.0152151 0.0238392 0.0137278 0.0011025 0.0518573 7.70598e-09 4.8334e-10 0.0222082 
0.00329995 0.714232 0.0150813 0.000453766 0.000253964 0.00981928 8.77096e-06 0.0474155 0.059396 0.053803 0.00182177 0.00787131 0.00570165 9.59304e-05 0.0807459 
0.00578088 0.815223 0.0288851 0.0145134 0.000270328 0.0932213 7.53653e-05 0.0168757 0.00186605 0.000729412 0.0175235 0.00491812 5.712e-05 1.55505e-11 6.04614e-05 
0.00578088 0.815223 0.0288851 0.0145134 0.000270328 0.0932213 7.53653e-05 0.0168757 0.00186605 0.000729412 0.0175235 0.00491812 5.712e-05 1.55505e-11 6.04614e-05 
0.0533524 0.424371 0.131567 0.00812277 0.00179907 0.0221407 0.000544605 0.103745 0.141057 0.0885541 0.00448908 0.0152673 0.00329154 1.17284e-05 0.00168751 
0.00962605 0.422159 0.0492239 0.00763874 1.79232e-06 0.000179215 5.07201e-08 0.289279 0.00365313 0.146642 1.88953e-07 0.000231919 0.000251637 0.0697045 0.00140936 
0.297799 0.419683 0.00359043 0.0116331 0.000166993 0.00911902 0.00126448 0.0119364 0.1917 0.0424557 0.00117541 0.00184459 3.29409e-05 2.77485e-09 0.00759928 
9.64616e-07 0.744821 0.0243072 0.000141735 0.00698442 0.00400511 1.18795e-10 0.0870113 0.00695783 0.0376029 0.00191495 0.0187463 0.0494692 0.00169573 0.0163415 
0.177424 0.490241 0.0304913 4.57181e-06 0.0198839 0.0279229 0.000115857 0.0146003 0.214125 0.0176054 0.00130563 0.00130512 0.00117372 3.03471e-07 0.00380205 
0.00023032 0.603412 0.0483148 0.00079391 0.00014361 0.00327656 0.000771857 0.0602948 0.0381338 0.0093943 0.00016965 0.0394268 0.000513568 4.76916e-08 0.195124 
0.0392943 0.356362 0.212831 0.00321911 0.00187041 0.0048274 3.40393e-11 0.0703283 0.263508 0.0299346 0.00257291 0.00687297 0.000848992 2.68384e-08 0.00752935 
0.0754025 0.32722 0.118023 0.00260417 0.000857379 0.138603 0.0039431 0.154414 0.0697297 0.0174642 0.0633968 0.00149041 0.0206889 1.09498e-09 0.00616245 
0.161005 0.495359 0.0749341 1.70482e-05 2.57915e-07 0.00151207 2.65731e-05 0.00872112 0.0228159 0.00337019 0.000169615 0.0217527 0.00155544 1.5998e-08 0.208761 
4.50202e-05 0.891352 4.50203e-05 4.50172e-05 4.49894e-05 4.50125e-05 0.0135394 4.50221e-05 4.50216e-05 4.5022e-05 0.0945686 4.50164e-05 4.49991e-05 4.49668e-05 4.50007e-05 
0.174948 0.307681 0.0485085 0.000144601 0.000912953 0.00098558 0.000197473 0.0814759 0.171123 0.031677 2.17965e-05 0.0163704 0.00226656 6.08102e-09 0.163688 
0.0221456 0.469565 0.0328712 0.0411195 0.00153661 0.0271886 3.03566e-05 0.270046 0.0698761 0.041052 0.000624184 0.0224164 0.00019957 0.000113326 0.00121542 
0.0121465 0.292737 0.033932 0.0407178 0.0168805 0.0177127 8.44018e-06 0.121803 0.219592 0.22439 0.000787745 0.00430594 0.00395516 1.11418e-08 0.0110319 
3.39924e-07 0.906227 0.000404787 1.36914e-06 3.23507e-08 0.0193421 1.23164e-06 0.00216034 0.00728573 0.0348984 0.0296695 3.19254e-07 5.19552e-08 5.22182e-10 9.07035e-06 
0.00101106 0.96986 0.000251918 0.00389722 1.56702e-06 0.0100189 0.000465202 0.00675308 0.00171239 0.00381832 0.00171275 0.000481751 5.15518e-06 2.28592e-09 1.04467e-05 
4.49016e-07 0.553396 0.00733887 6.17958e-05 0.14947 0.00327081 9.96008e-05 0.157516 0.0195962 0.0319668 6.53592e-08 7.44702e-11 0.0013602 1.33912e-07 0.0759226 
1.20207e-06 0.743458 0.00125481 8.66164e-08 1.15592e-07 0.000190645 0.237338 0.000245757 0.000174379 1.21881e-07 0.00244096 0.0042611 1.14089e-10 2.10537e-08 0.010634 
0.00436231 0.848575 0.0197412 0.000239487 5.85847e-05 0.000822978 7.11807e-07 0.0776935 0.0378673 0.00328628 1.32896e-05 0.0017537 0.00333079 0.000533251 0.0017219 
0.297799 0.419683 0.00359043 0.0116331 0.000166993 0.00911902 0.00126448 0.0119364 0.1917 0.0424557 0.00117541 0.00184459 3.29409e-05 2.77485e-09 0.00759928 
0.0099383 0.848519 0.0169211 0.000154427 0.00123507 2.72264e-06 4.62996e-05 0.0741698 0.00119319 0.0328352 0.000426241 0.00982078 8.68318e-05 5.42394e-06 0.00464539 
0.0169411 0.4436 0.0148021 0.00193192 5.12733e-05 0.020254 0.000117208 0.0551752 0.245622 0.0946677 0.000112973 0.080025 0.00270543 2.23944e-10 0.0239931 
3.29745e-06 0.883223 0.0181845 5.33952e-05 4.15664e-05 0.0184697 0.000278554 0.0296239 0.0354621 0.00368219 0.00301541 1.96356e-06 0.00547696 1.26426e-08 0.00248305 
0.129277 0.429676 0.0114337 0.00175982 0.000656638 0.0015032 7.12996e-05 0.0861844 0.072548 0.122245 0.000114218 0.0272227 0.00101894 1.5668e-10 0.116289 
7.01084e-07 0.987271 0.00748435 1.04697e-06 0.00521845 1.61257e-06 5.28741e-06 4.65841e-07 5.43513e-07 4.97137e-07 1.75724e-06 1.15e-06 3.22985e-06 7.0444e-06 3.02457e-06 
0.111169 0.456513 0.0240622 0.000265444 0.00169886 0.00614332 0.000147798 0.109995 0.126946 0.0613276 0.0025422 0.0358034 0.00699738 0.00145962 0.0549284 
0.00160725 0.763414 0.0324978 0.00310065 0.00785506 0.00917137 6.50974e-12 0.00392441 0.0173588 0.00347208 0.14806 0.000498027 0.00138198 0.0068806 0.000778282 
0.00142568 0.49637 0.0250275 0.0233318 9.27623e-06 0.00627342 1.66695e-11 0.0480401 0.0508406 0.0100342 0.337328 0.000933261 0.00028195 2.72053e-05 7.72526e-05 
0.00160725 0.763414 0.0324978 0.00310065 0.00785506 0.00917137 6.50974e-12 0.00392441 0.0173588 0.00347208 0.14806 0.000498027 0.00138198 0.0068806 0.000778282 
0.0261336 0.812931 0.0125229 0.0105025 0.000217576 0.00189113 0.000227499 0.0404098 0.0393665 0.021615 0.0138126 8.64267e-05 0.000991099 1.93302e-08 0.0192927 
0.0185392 0.297543 0.230005 0.0216518 0.000872329 0.0304259 1.38066e-06 0.105346 0.13903 0.08889 0.0116344 0.0177718 0.0190208 6.79684e-06 0.019262 
0.00578088 0.815223 0.0288851 0.0145134 0.000270328 0.0932213 7.53653e-05 0.0168757 0.00186605 0.000729412 0.0175235 0.00491812 5.712e-05 1.55505e-11 6.04614e-05 
0.000878144 0.720502 7.73119e-05 0.00317726 8.57113e-07 0.00526678 4.76856e-06 0.149546 0.0501232 0.0646154 0.000151345 0.000312645 0.00244959 1.63831e-06 0.00289315 
0.00500837 0.9328 0.0254949 2.56966e-08 0.000269839 3.95785e-08 1.29773e-07 2.98626e-05 0.0363371 1.22016e-08 4.31291e-08 2.82252e-08 7.92726e-08 1.72896e-07 5.9146e-05 
0.0479919 0.327346 0.149668 0.114312 5.57808e-05 4.67022e-05 8.49153e-06 0.0125587 0.105602 0.173477 0.000435268 0.064973 0.000175812 4.60929e-07 0.00334766 
2.57165e-08 0.386919 0.132071 0.0135401 0.0285737 0.00216862 1.93948e-07 0.342259 0.00285753 0.00149912 0.000125344 0.0877594 1.18474e-07 2.58396e-07 0.00222603 
0.0325459 0.529385 0.0574136 0.00264989 2.40765e-05 7.14895e-07 4.25934e-09 0.0878301 0.129803 0.106895 0.00026906 0.0313245 8.394e-06 5.6747e-09 0.021851 
0.0317902 0.757098 0.0589553 4.69486e-06 6.42177e-05 9.64105e-06 3.51632e-06 0.0291169 1.21884e-06 0.122848 1.45896e-09 1.88104e-05 2.68161e-09 5.84866e-09 8.86464e-05 
0.00196701 0.516928 0.0217292 0.110932 0.012768 0.00175901 3.89542e-05 0.0614755 0.0743877 0.18525 0.000203819 7.27802e-05 0.0119627 1.26602e-09 0.000525823 
0.0139614 0.530851 0.0215361 0.000854299 0.0467652 0.108987 5.77603e-05 0.0226828 0.17798 0.0403568 0.000120041 0.002262 0.0330286 1.04169e-07 0.000557022 
0.00217293 0.64212 0.015965 0.026203 0.000139791 0.00557468 0.0099551 0.0947694 0.0418005 0.151043 0.000310335 0.00483555 0.00456968 8.69576e-06 0.000532412 
5.801e-07 0.619913 0.0373665 0.00706904 0.00287903 5.00825e-08 1.24395e-11 0.0714967 0.125457 0.0764527 0.00102673 3.25481e-07 0.00291924 1.02769e-07 0.0554189 
0.00532902 0.986357 0.000223898 3.14312e-07 5.33022e-10 2.23942e-07 6.48619e-10 1.21761e-06 6.66741e-11 0.00446773 0.00190199 0.00158546 0.000132522 8.64153e-10 6.18206e-07 
0.00142568 0.49637 0.0250275 0.0233318 9.27623e-06 0.00627342 1.66695e-11 0.0480401 0.0508406 0.0100342 0.337328 0.000933261 0.00028195 2.72053e-05 7.72526e-05 
0.00199423 0.75463 0.0239061 0.0623518 0.000336234 0.000501802 0.000215951 0.031869 0.0142142 0.0431743 0.000669837 0.0014542 0.00296208 5.88643e-08 0.0617199 
0.00391137 0.642151 0.0122098 0.0485097 7.75278e-05 0.00302685 4.41159e-06 0.141833 0.0700368 0.0133751 7.28739e-05 9.91711e-05 0.0633162 4.91933e-05 0.00132761 
0.000427387 0.52397 0.000213638 0.0523938 2.86589e-07 0.000449333 3.48742e-07 0.149578 0.0920561 0.179517 0.000767324 0.000220911 2.13032e-07 4.64628e-07 0.000405808 
0.177975 0.284073 0.128383 0.00477368 0.062174 0.055687 0.000740389 0.134163 0.0964871 0.0434602 0.00430758 0.00174149 0.00473353 4.06994e-09 0.00130085 
0.00225389 0.738794 0.00563452 0.0308976 7.1253e-10 0.000220513 0.0159443 0.112896 0.00427422 0.0829483 0.000276613 0.000716181 0.00447218 1.15518e-09 0.000671303 
0.00491378 0.55272 0.0777391 0.00518931 1.03448e-06 0.000475157 1.01383e-05 0.135332 0.0585822 0.131156 1.55651e-06 0.000405341 0.00358604 0.00648468 0.0234037 
0.00478742 0.856934 7.02842e-06 0.0186835 1.00927e-05 0.00198466 3.61074e-05 0.0205744 0.0376545 0.0572676 0.000352842 2.40014e-05 0.00117248 1.70399e-07 0.000511504 
0.00101106 0.96986 0.000251918 0.00389722 1.56702e-06 0.0100189 0.000465202 0.00675308 0.00171239 0.00381832 0.00171275 0.000481751 5.15518e-06 2.28592e-09 1.04467e-05 
0.0337693 0.39919 0.00344474 0.105832 0.000856857 0.0185312 2.68652e-05 0.339599 0.072256 0.00725374 0.00901844 0.00526396 0.00365968 1.83962e-11 0.00129782 
0.0191838 0.47279 0.065801 0.0126921 0.00660669 0.0601973 1.67158e-05 0.0311485 0.0437623 0.0786417 0.146868 0.0403739 0.00104524 0.000299682 0.0205731 
0.27605 0.538892 0.0657941 0.000892733 0.0404534 0.00712439 0.00047066 0.00121919 0.0234905 0.021457 0.00449316 0.0039363 0.015638 4.34798e-06 8.36963e-05 
0.0144609 0.534981 0.033048 0.0227825 0.00141791 0.0409094 0.000389945 0.213223 0.0369315 0.0827209 0.000641934 0.00952108 0.000821615 6.46781e-05 0.00808574 
0.00882046 0.672507 0.0415737 7.81065e-06 0.000368238 0.017911 0.00207009 0.143558 0.0573282 0.0125442 0.0406668 0.000103058 0.000818924 9.47019e-06 0.0017134 
0.0950549 0.240519 0.206341 0.00101223 0.00100585 1.69602e-06 0.000188656 0.188523 0.0307179 0.176376 3.12419e-05 0.0247532 0.00505361 2.10959e-08 0.0304223 
