0.160087 0.0293662 0.00503844 0.00671625 2.16087e-06 0.0103767 1.88196e-07 0.661777 0.071488 0.0176003 2.84285e-12 0.0118224 0.0257253 1.02682e-08 1.37991e-07 
0.00260212 0.00300394 0.00019142 8.26868e-05 5.6257e-05 8.24978e-05 0.000359154 0.00300626 0.986072 0.00355797 1.97271e-05 0.000567749 2.16383e-05 0.000178817 0.000197436 
0.037741 0.037009 0.0323091 0.0441969 6.47336e-05 0.000831689 0.000484266 0.334647 0.0381153 0.270342 2.25512e-05 0.0919465 0.00565686 0.0401351 0.0664981 
0.117201 0.166466 0.0190745 0.0157001 0.000832002 0.00519258 0.0502959 0.261699 0.0679491 0.228337 0.000362533 0.0348863 0.00917382 0.0151547 0.00767621 
5.62307e-06 0.060437 0.111147 1.42464e-06 1.56116e-06 0.00461742 3.31012e-09 0.0607982 0.747853 1.60401e-05 1.1001e-09 0.0151214 1.41789e-06 4.41006e-09 1.89349e-09 
0.000568506 0.0278138 0.831503 0.000103979 0.00419 0.00160475 0.000113994 0.0120886 0.0420169 0.0513694 3.14045e-07 0.0193774 0.00160168 0.00110132 0.00654633 
0.0298507 0.0160766 0.0497965 0.00292257 4.8758e-05 0.00179649 2.00453e-05 0.00958248 0.0713905 0.79093 1.57769e-05 0.00949609 0.000994687 0.00465131 0.0124274 
2.97587e-07 1.02964e-05 0.113767 0.00144002 1.68792e-07 1.66524e-06 9.71707e-07 3.16237e-06 0.215914 0.655578 4.54783e-11 0.0132836 8.36737e-08 1.82313e-10 5.32364e-07 
0.354097 0.0363937 0.0224807 0.0275899 0.00305292 0.00181909 4.963e-05 0.0887402 0.140197 0.0152532 2.97803e-05 0.0307333 0.256141 0.0198792 0.00354356 
0.0526736 0.0225198 0.0332921 0.0120722 0.000168829 0.00710473 6.68831e-05 0.0627884 0.38306 0.367214 3.08932e-05 0.0495248 0.00263053 0.000335701 0.0065176 
0.0387246 0.000631891 0.0206419 0.000416158 9.05528e-09 0.0377993 1.27542e-07 0.0235755 0.298028 0.57216 2.54677e-11 0.00471562 0.00283261 7.93591e-07 0.000472779 
0.0185146 0.121143 0.121216 0.00413451 0.00401187 0.0404819 0.000189345 0.0721464 0.223193 0.300999 7.69763e-05 0.0783617 0.00201551 0.000187581 0.0133283 
0.000708635 0.00587843 0.0611241 0.00436707 0.000992859 0.0494897 2.81078e-09 0.201288 0.336939 0.271427 3.97314e-13 0.047377 0.0200734 5.13759e-09 0.000334921 
0.200946 0.000979179 0.165597 0.0187015 2.23822e-06 0.0238541 0.000349588 0.48007 0.0211291 0.0775089 1.11509e-07 0.00360066 0.00682793 1.75969e-07 0.000433503 
0.00354571 0.0165733 0.000155416 0.00793624 0.000133653 0.0291985 5.75777e-09 0.755113 0.0146816 0.172366 1.73221e-10 4.06999e-07 8.98839e-08 6.94406e-10 0.000296103 
0.00484223 0.000166197 0.0615196 3.01326e-05 4.53302e-06 2.20696e-05 1.60608e-11 0.915792 0.00498289 0.00549283 5.33769e-12 0.00616294 0.000849216 2.13977e-11 0.000135439 
0.120705 0.00271405 0.00821654 0.0143875 0.0039557 0.00373143 0.000817059 0.0970454 0.0291244 0.0678275 5.10959e-05 0.647943 0.00245996 0.000114395 0.000907153 
0.176957 0.0381889 0.0187268 0.000854696 1.90609e-05 0.0107853 4.88508e-05 0.000222521 0.041652 0.0135677 2.61094e-07 0.00715922 0.000577059 1.16461e-05 0.691229 
0.070535 0.180457 0.221277 0.00425904 0.00105544 0.0070604 0.000676483 0.209398 0.116717 0.152372 7.48091e-05 0.0149071 0.020481 0.000176893 0.000552554 
0.00260212 0.00300394 0.00019142 8.26868e-05 5.6257e-05 8.24978e-05 0.000359154 0.00300626 0.986072 0.00355797 1.97271e-05 0.000567749 2.16383e-05 0.000178817 0.000197436 
0.053054 0.353709 0.152569 0.0155833 0.0490882 0.0152383 0.000368615 0.0160005 0.160583 0.0814421 0.000328394 0.083846 0.00114218 0.000382408 0.0166652 
0.0107177 0.623249 0.036354 0.00914576 0.00139916 0.00243115 0.000106369 0.0601313 0.0844427 0.134404 3.50807e-05 0.00247261 0.00904138 5.85167e-05 0.0260114 
0.0634201 0.0019553 0.0280837 0.00346219 9.23075e-08 0.00952166 5.19149e-08 0.022771 0.746155 0.0810471 1.35017e-08 0.0415134 0.000846248 2.74521e-05 0.00119676 
0.00354571 0.0165733 0.000155416 0.00793624 0.000133653 0.0291985 5.75777e-09 0.755113 0.0146816 0.172366 1.73221e-10 4.06999e-07 8.98839e-08 6.94406e-10 0.000296103 
0.000201623 0.0433228 0.0128658 0.000397106 0.000227893 0.0182942 9.00599e-10 0.121697 0.0138191 0.0362225 2.99308e-10 0.000426149 0.728895 2.99228e-06 0.023628 
0.00415149 0.153145 0.0820816 0.00817966 0.000572585 0.00497337 5.4845e-06 0.419038 0.0374698 0.0733702 3.45543e-06 0.00770922 0.175161 7.62615e-06 0.0341319 
0.0120202 0.131351 0.0145515 0.0306589 0.00275817 0.00562199 7.11747e-05 0.554362 0.120195 0.115427 3.29315e-05 0.00343693 0.00711867 0.000243372 0.00215078 
0.00190846 0.0658606 0.00176592 2.82392e-06 2.65621e-09 0.000563321 3.23227e-09 5.26357e-06 9.60738e-07 0.00185858 1.07422e-09 6.38859e-06 1.97445e-09 6.29489e-07 0.928027 
0.270059 0.0710891 0.0308187 0.00465763 0.001597 0.0310423 0.000267426 0.367017 0.0867965 0.0324003 3.77728e-05 0.0343439 0.0183026 0.0194707 0.0321003 
0.00877249 2.19778e-06 0.00249059 5.47319e-05 2.58867e-06 0.00643042 0.000107543 0.022367 4.95206e-06 2.85336e-06 2.86751e-07 0.0187317 7.23931e-05 2.09889e-06 0.940958 
0.04925 0.00152974 0.00595319 1.4974e-05 3.22897e-05 0.000113735 2.03144e-05 0.000515226 0.0487362 0.00491495 3.56773e-06 0.888446 0.000184907 7.35671e-05 0.000211491 
0.0387814 0.649794 0.0324618 5.64734e-05 6.48087e-06 0.00183451 2.02716e-07 0.128889 0.0263169 0.0985012 4.29428e-09 0.01051 0.0023236 4.07592e-07 0.0105246 
0.020448 0.00360112 0.0245503 0.0273351 8.83817e-06 0.0122724 1.09558e-05 0.729675 0.0259975 0.140702 5.16564e-06 0.0117514 0.000206912 9.37621e-06 0.0034258 
0.0181643 0.0384971 0.458824 0.000361041 6.66012e-05 0.000403936 1.37868e-05 0.050801 0.130996 0.113922 9.70701e-06 0.0276075 0.139197 0.0145708 0.00656433 
0.00504395 0.216127 0.0368133 0.000166423 0.0276901 0.00187938 1.80531e-06 0.372165 0.142418 0.156127 7.25637e-08 0.000378294 0.0324913 3.97026e-07 0.0086982 
0.0626767 0.00968269 0.0663859 0.00392749 3.23209e-05 0.147111 0.000112091 0.0792435 0.469065 0.145213 2.27476e-05 0.00881313 0.000623796 0.00504501 0.00204559 
0.0928126 0.0038798 0.0380497 0.00595028 1.75476e-05 0.0168759 1.67466e-05 0.0276559 0.0807883 0.728564 4.99426e-08 0.00521272 0.000146741 1.82229e-06 2.75947e-05 
0.154359 0.0114643 0.0305318 0.0141492 0.000100716 0.0558931 7.70315e-05 0.176377 0.190131 0.309311 2.94589e-05 0.0272988 0.00100347 6.86547e-05 0.0292046 
0.00773566 0.0358716 0.136929 0.00798102 0.00635468 0.0107494 0.000704277 0.185907 0.161599 0.209162 1.63856e-07 0.222525 0.00468515 0.000965955 0.00882989 
0.026338 0.117426 0.145747 9.63539e-05 2.53955e-06 1.97473e-05 3.69258e-08 0.122465 0.477626 0.03303 1.2272e-08 0.0720176 0.00479628 4.91961e-08 0.000434366 
0.0105463 0.0149632 0.000135277 0.00191617 7.81501e-12 0.0436023 9.50987e-12 0.316367 0.20647 0.35531 3.16054e-12 0.000121653 0.0505677 9.68226e-07 5.43995e-12 
0.0808497 0.302972 0.112253 0.000538591 0.00149757 0.0169974 0.00241272 0.0329237 0.230987 0.0915123 0.000237422 0.063725 0.00221833 0.0009594 0.0599161 
6.13804e-07 0.00322614 3.22896e-07 1.17904e-08 0.992926 7.60237e-07 3.36491e-07 3.46847e-07 2.50135e-07 1.91949e-06 6.57439e-11 0.00384133 1.20839e-10 2.90172e-07 1.67486e-06 
0.0583354 0.0143419 0.0232611 1.17463e-05 1.04803e-06 0.00450531 5.90357e-07 0.0445688 0.793406 0.0251979 1.53661e-07 0.0351358 2.83243e-05 1.73535e-07 0.00120625 
0.0606291 0.0456707 0.00952332 0.0452623 0.000519352 0.0802504 0.016882 0.643455 0.026727 0.0607223 0.000201268 0.00594934 0.00173867 0.000581075 0.00188777 
0.0466499 0.0190067 0.165485 0.00312762 0.00169088 0.00350217 0.000587988 0.0535854 0.416888 0.243197 5.24929e-05 0.0374052 0.00219577 0.00441529 0.00221115 
0.0530793 0.0294058 0.017222 0.12164 0.00143959 0.0280491 0.00123396 0.617696 0.0400355 0.039224 0.000127471 0.010403 0.0108518 0.0075721 0.0220209 
0.00728057 0.0286728 0.0094844 0.00296412 0.00093636 0.00590102 1.19533e-05 0.714434 0.0104317 0.0865566 4.69859e-06 0.0634625 0.0558122 2.90246e-05 0.0140176 
0.10726 0.0857336 0.00208463 0.00238357 0.00898732 0.159822 0.000157983 0.168516 0.15221 0.30789 1.30915e-05 0.00158481 0.00127101 0.000124354 0.00196086 
0.0478579 0.00395916 0.00347905 0.0434019 8.03776e-05 0.0623325 3.35975e-06 0.630223 0.0131712 0.0189753 9.59061e-08 0.052812 0.112732 1.10662e-07 0.010972 
0.046179 0.0116188 0.00125857 0.0115999 8.85446e-05 0.00443701 1.45845e-05 0.810349 0.00140832 0.0719398 1.34317e-06 0.0101379 0.0304873 0.000418065 6.16063e-05 
0.197912 0.00586945 0.0686989 0.0222873 0.000440928 0.00990733 0.000189899 0.0581745 0.230799 0.335192 8.78268e-06 0.0567618 0.00278174 0.000493991 0.0104827 
0.0607941 0.0262856 0.0286323 0.0902529 0.00641223 0.0987013 0.0131834 0.475006 0.0589364 0.102721 0.00178103 0.00895555 0.0156587 0.00743507 0.00524409 
0.00543356 0.264897 0.0350029 0.0149876 5.56254e-05 0.017514 2.73876e-07 0.283551 0.0879968 0.213521 4.49086e-10 0.0102056 0.00545838 1.8003e-09 0.0613768 
0.15021 0.0140727 0.000148576 9.68385e-05 0.00214372 0.000622889 2.69294e-05 0.306425 0.0448749 0.379881 5.47508e-11 1.58898e-06 0.0969412 2.2854e-07 0.00455372 
0.186125 0.00153902 0.0030814 0.00324053 0.000253638 0.453836 2.2818e-05 0.0142805 0.147336 0.18629 1.70945e-05 0.00275906 0.000711048 0.00046724 4.14792e-05 
0.0166812 0.00214774 0.00264918 0.0941391 9.88242e-07 0.0113997 1.94506e-07 0.817541 0.00694253 0.0302176 6.76448e-09 0.00011027 0.018165 1.828e-08 5.45239e-06 
0.0851475 0.434055 0.0179862 0.000980734 0.00154523 0.00190844 0.00110393 0.15839 0.186382 0.0794499 0.000123405 0.0132058 0.00598759 0.00120705 0.0125277 
0.0493384 0.0356364 0.0582898 0.0126381 0.00260588 0.0154637 0.00014337 0.640049 0.0356533 0.0795318 9.50611e-05 0.0335851 0.016493 0.00332725 0.0171504 
0.00140695 0.000232909 0.00138848 0.949252 6.7318e-07 3.99989e-05 1.19883e-07 0.036568 0.00109971 0.00685004 6.71499e-13 8.60489e-05 0.00212114 2.6919e-12 0.000954234 
0.00829022 0.554822 0.00124985 0.000145915 0.000285194 4.29277e-08 7.08475e-07 0.0587865 0.291671 0.00547153 2.66886e-11 0.0335156 2.64648e-06 3.00582e-06 0.0457559 
0.0225296 0.236318 0.00820027 0.0573926 0.000980295 0.0163222 0.00090595 0.362096 0.172964 0.0388051 0.000173275 0.00732712 0.00129731 0.0319793 0.0427087 
0.00260212 0.00300394 0.00019142 8.26868e-05 5.6257e-05 8.24978e-05 0.000359154 0.00300626 0.986072 0.00355797 1.97271e-05 0.000567749 2.16383e-05 0.000178817 0.000197436 
0.00992699 0.292075 0.0310723 0.000446191 0.00022892 0.000965743 0.000101511 0.0571827 0.0123214 0.0706996 4.25252e-05 0.00251496 0.00179785 4.95451e-05 0.520575 
0.00190846 0.0658606 0.00176592 2.82392e-06 2.65621e-09 0.000563321 3.23227e-09 5.26357e-06 9.60738e-07 0.00185858 1.07422e-09 6.38859e-06 1.97445e-09 6.29489e-07 0.928027 
0.691936 0.104742 0.00513798 8.57039e-05 0.0625561 0.000215796 1.68588e-05 0.0561659 0.0373972 0.0178681 3.32277e-06 0.00634237 1.30338e-05 3.47125e-05 0.0174849 
0.153681 0.00530646 0.032649 0.00456785 0.00306492 0.0224397 1.69663e-05 0.0943509 0.376623 0.235176 6.79277e-06 0.0253853 0.00271007 0.00346151 0.0405601 
0.0134482 0.00793464 0.00881183 0.0118658 3.46767e-06 0.0451449 0.00055057 0.529105 0.258707 0.110171 9.39046e-09 0.00263416 0.0115948 2.78694e-05 4.2725e-08 
0.000584868 0.69953 0.136286 0.0331611 0.00128343 0.00531834 0.000286278 0.0295496 0.0381832 0.0366332 0.000154844 0.00963716 0.00196124 0.000191003 0.00723925 
0.0495409 0.642818 0.0365929 0.00126301 0.00030749 0.128525 0.0216975 0.0230914 0.024659 0.0339774 8.75396e-05 0.00108759 0.00135028 0.000951503 0.0340498 
0.0171128 0.00975265 0.00842553 0.405775 7.18726e-05 0.00257319 0.0053026 0.449932 0.0208426 0.0606034 1.28764e-05 0.00185438 0.0171131 0.000426101 0.000201883 
0.33944 0.0114408 0.024526 0.00072837 1.65707e-05 0.00443783 0.000992071 0.0484476 0.219311 0.293051 1.0549e-05 0.0535742 0.000665259 1.32728e-05 0.00334573 
0.213903 0.0104216 0.0665842 0.00169158 0.000138394 0.00327779 6.57308e-05 0.010072 0.286866 0.059053 6.18725e-05 0.325137 0.0017362 0.00307323 0.0179181 
0.139774 0.0494218 0.261934 0.0695616 0.0119711 0.00349477 0.000124984 0.0267183 0.042285 0.0317375 4.19652e-06 0.296525 0.000187316 0.0522867 0.0139746 
0.00933632 0.00926078 0.0315448 0.0139753 0.00166204 0.00308558 8.12153e-06 0.834642 0.031164 0.0403163 1.07779e-08 0.0222964 0.00181601 0.000567691 0.000324463 
0.0040208 0.000277365 0.00143785 0.00744654 7.73565e-10 8.95953e-07 9.4133e-10 0.977253 1.53389e-05 0.00573789 3.12845e-10 0.000714499 3.95115e-05 0.00305056 5.809e-06 
0.0149286 0.0263063 0.0402674 0.0355252 0.00203045 0.00178126 8.20903e-06 0.625913 0.0554234 0.133973 4.81783e-07 0.0166578 0.00868363 0.0260766 0.012425 
0.0222256 0.504941 0.00186872 0.029711 0.000567968 0.0295714 8.0637e-05 0.221404 0.0655748 0.106176 1.9983e-05 0.00027306 0.0169667 0.000135914 0.000483125 
0.153825 0.00286676 0.0251524 0.0310772 0.0014626 0.0149611 6.1691e-05 0.0723346 0.444816 0.211852 1.18644e-05 0.0290814 0.000508604 0.000525235 0.0114635 
0.241278 0.0239834 6.21758e-07 3.44345e-07 3.10602e-10 0.379537 3.77962e-10 0.0453555 0.224914 0.0552891 1.25613e-10 0.0296353 3.11711e-06 5.03558e-10 3.37302e-06 
0.0407417 0.0171315 0.0140447 0.183885 0.00208864 0.0825936 0.0059161 0.524356 0.0307988 0.0754125 0.000319377 0.00810164 0.0122131 0.000452733 0.00194523 
0.147091 0.324604 0.0163711 0.00108222 0.00116755 0.0303132 0.000153877 0.0903201 0.0868933 0.266109 8.9208e-05 0.00415838 0.000812567 0.0243528 0.00648177 
0.158032 0.00331428 0.0219202 0.00108384 0.0159875 0.320868 2.27605e-05 0.0170856 0.223433 0.158399 2.67468e-06 0.0758627 0.000867525 5.09241e-06 0.00311599 
0.0528659 0.104822 0.00871104 0.0985691 0.000305589 0.00129974 0.000304851 0.310288 0.368403 0.0248519 7.48438e-05 0.00261371 0.0195405 0.00117736 0.00617253 
0.0811398 0.0298149 0.0462189 0.0267524 4.62646e-05 3.95369e-06 3.16598e-09 0.61646 2.18696e-06 0.000779239 1.05219e-09 0.173072 0.0130166 4.21802e-09 0.0126943 
0.0162452 0.0382708 0.00401466 0.0172531 0.00185569 0.0126675 6.65565e-05 0.736271 0.0268286 0.0791159 3.85838e-06 0.0176418 0.00290712 0.0339222 0.0129359 
0.0298507 0.0160766 0.0497965 0.00292257 4.8758e-05 0.00179649 2.00453e-05 0.00958248 0.0713905 0.79093 1.57769e-05 0.00949609 0.000994687 0.00465131 0.0124274 
0.0044966 5.53968e-06 1.13766e-05 0.00405753 3.40497e-06 0.0175294 0.000151848 0.0697564 1.08233e-05 1.28135e-05 1.17394e-08 3.15382e-05 0.00110288 8.39552e-07 0.902829 
0.137701 0.0143375 0.285598 0.00927643 0.0284219 0.110521 0.000218423 0.0560475 0.13538 0.0429286 0.000172211 0.165692 0.00679946 0.00089721 0.00600939 
0.0167642 7.37864e-05 0.0190116 0.0328631 1.37912e-05 0.0119496 3.51126e-06 0.829954 0.00209637 0.0384606 4.7244e-08 0.0112996 0.00343612 0.034072 2.1623e-06 
0.0166812 0.00214774 0.00264918 0.0941391 9.88242e-07 0.0113997 1.94506e-07 0.817541 0.00694253 0.0302176 6.76448e-09 0.00011027 0.018165 1.828e-08 5.45239e-06 
0.022689 0.644142 0.00388891 8.89825e-06 0.00105168 0.00118206 0.000428724 0.0231151 0.111603 0.163069 5.59917e-06 0.0201616 1.80676e-05 0.000221998 0.0084138 
0.144071 0.00582705 0.00996039 9.52355e-06 2.29589e-10 0.0115155 2.79381e-10 0.0272365 0.000402282 0.0286015 9.28503e-11 0.768524 0.00102272 1.32271e-06 0.00282805 
0.222332 0.0337039 0.0128879 5.28457e-05 4.04269e-05 0.000588225 0.000205061 0.00526937 0.317053 0.0261792 1.30822e-06 0.0601279 1.07898e-05 0.00330671 0.318241 
0.0207703 0.000198232 0.00240295 0.0218462 0.00445397 0.00277558 2.51058e-07 0.737589 0.00206977 0.113352 6.34055e-11 0.0896388 0.00489324 2.5418e-10 1.0398e-05 
5.75667e-07 0.0311985 0.0228547 0.717351 0.00707645 0.0118573 0.000575747 0.152271 0.022222 0.0156017 5.75553e-07 5.75618e-07 0.00362557 0.000230568 0.015134 
0.125824 0.0681913 0.047774 0.0417704 0.00212197 0.00528229 0.00024244 0.0538827 0.102455 0.275879 3.19839e-05 0.251796 0.00126837 0.000889975 0.022592 
0.0129061 0.213437 0.0114114 0.0490545 1.40212e-05 0.00102687 4.82761e-05 0.0345187 0.158136 0.0572248 1.65352e-06 0.000821175 0.452777 0.00436455 0.00425886 
0.00341369 0.587113 0.0130573 0.00649925 0.000438976 0.000928495 5.95031e-05 0.0447585 0.0525016 0.129793 1.73307e-06 0.0382462 0.000351011 3.55091e-06 0.122834 
0.0372081 0.0470527 0.0351186 0.000708866 0.000127883 0.00250437 0.00124715 0.313409 0.0219492 0.156425 1.00329e-06 0.0218863 0.330498 0.00248107 0.0293834 
0.0389742 0.0109399 0.20405 0.00360465 4.78584e-05 0.0310782 1.13709e-05 0.0278478 0.0593521 0.22794 2.54356e-06 0.347985 0.0154249 0.0318414 0.000900575 
0.142902 0.0128599 0.00408202 0.000566806 0.00117431 0.0425851 0.000292572 0.0279053 0.602771 0.103463 6.18006e-09 0.00844057 0.0120699 1.68512e-05 0.0408705 
0.0223492 0.00146935 0.00103527 0.0106797 2.2966e-05 0.00773387 1.68383e-05 0.933003 0.00714848 0.00830426 8.50868e-09 0.0066908 1.89085e-05 0.00142763 9.95949e-05 
0.0262287 0.0208375 0.351291 0.00936276 0.00543955 0.0179229 0.000583863 0.0553168 0.148196 0.306557 9.23173e-05 0.0348604 0.00933179 0.000369213 0.0136104 
0.0121854 0.00730328 0.00934423 0.00254288 0.000343203 0.00692522 5.49054e-05 0.877671 0.00324039 0.010406 9.72403e-06 0.000683319 0.0653668 0.00387985 4.37521e-05 
0.0966428 0.164705 0.038488 0.00240227 0.0144717 0.00879233 3.22955e-05 0.127526 0.105323 0.111622 3.94381e-06 0.00661576 0.000211814 0.000641614 0.32252 
0.00786378 0.568511 0.015065 0.000767937 8.1882e-05 0.00360604 0.000105508 0.189279 0.0195693 0.0388792 2.9657e-06 0.000757535 0.128425 0.000716068 0.0263703 
0.0578994 0.443385 1.9199e-06 9.43378e-05 1.55618e-08 0.000119514 3.05131e-06 0.216289 0.0269992 0.228135 6.2935e-09 0.013775 0.0060202 2.52293e-08 0.00727852 
0.780475 0.00168232 0.042564 0.000583854 0.00504999 0.00196225 1.06619e-05 0.00215092 0.0641413 0.0108673 1.42603e-08 0.0889493 0.000358093 1.59816e-08 0.00120535 
0.0512326 0.0141791 0.0049626 0.000149787 0.000342923 0.000523515 1.75428e-06 0.00505846 0.0112464 0.014147 1.09861e-06 0.0392576 7.46171e-06 1.34035e-05 0.858876 
0.0745683 0.0521473 0.0404703 0.00185973 0.00138931 0.00114722 0.000306116 0.0861947 0.020209 0.0538918 6.27118e-05 0.0522847 0.0106216 0.00442406 0.600423 
9.61963e-07 5.28909e-07 0.00526895 5.98206e-06 2.73409e-07 2.03294e-08 7.1997e-08 1.07362e-06 0.000256294 0.00125547 2.59271e-11 0.0103823 0.000518184 1.03937e-10 0.98231 
0.0486753 0.023902 0.00670056 0.253957 0.000707555 0.0746335 0.000740044 0.536089 0.0182445 0.017598 3.27512e-05 0.00343359 0.00080559 0.00252615 0.0119551 
0.0117429 0.0241807 0.0108501 1.30404e-06 0.0667078 0.000559861 0.00197769 0.426542 9.97743e-06 0.441561 4.87065e-10 0.00376122 0.000552977 1.95254e-09 0.0115515 
0.000387288 0.790357 0.0806478 0.000743314 0.0223305 0.000191428 2.39766e-07 0.0847054 5.6217e-05 0.0134416 7.96845e-08 0.000239847 0.000879984 3.19439e-07 0.00601909 
0.00149007 0.853985 0.0247375 0.000874401 0.000646421 0.0015966 0.000148019 0.0167353 0.00339605 0.0296619 0.00010269 0.000300368 0.00162199 0.0575035 0.00720012 
0.0494054 0.0988169 0.0123772 0.0108022 0.000318237 0.00148448 9.32834e-05 0.202764 5.58596e-05 0.593713 1.49629e-07 0.00896381 0.000333623 7.29265e-05 0.0207993 
0.38079 0.0176297 0.0101199 0.000293606 0.017023 0.0136489 0.000180549 0.101633 0.0648476 0.171242 6.4096e-05 0.0725163 0.143295 0.00382097 0.00289466 
0.00207045 0.00656915 0.660162 0.00196823 0.000234733 0.000270835 1.92717e-05 0.00361599 0.230346 0.0324484 4.48144e-06 0.0616225 0.000458791 6.85471e-06 0.000202004 
0.13582 0.359853 0.078597 0.00527125 0.00809875 0.0094046 0.0487672 0.0379357 0.206817 0.0668066 0.00321063 0.0131504 0.00518349 0.00409729 0.0169872 
0.0973291 0.00643661 8.39702e-08 1.45021e-07 1.46278e-08 0.188488 2.45695e-09 0.00930873 0.0814241 0.608792 6.79892e-13 0.000323305 0.00789784 2.72555e-12 1.67355e-08 
0.0509706 0.0779912 0.131973 0.0169119 0.10132 0.00321904 0.000192472 0.152661 0.375677 0.0608861 5.81498e-05 0.0127466 0.00275877 0.00034329 0.0122909 
0.121472 0.134335 0.154761 0.0225682 0.0285944 0.0167898 0.010996 0.049433 0.121058 0.0674614 6.41299e-05 0.270102 0.000640205 0.000203481 0.00152174 
0.0683175 0.00429436 0.00328184 0.000631912 0.00101218 0.00307507 0.000158522 0.0294692 0.810714 0.0494326 1.186e-06 0.0186825 0.0010203 0.000364012 0.00954484 
0.0512869 0.00130356 0.0493464 0.00259483 6.54348e-08 0.00634784 3.68039e-08 0.0151807 0.78468 0.0581941 9.57209e-09 0.029611 0.000631385 2.47401e-05 0.000797875 
4.71832e-08 3.91093e-07 8.0317e-07 0.00369329 2.40385e-07 0.242057 3.2425e-08 0.754244 7.64107e-07 9.04612e-07 2.50552e-12 2.22655e-06 1.31713e-07 5.92701e-08 2.32448e-07 
0.0550668 0.0221024 0.00613981 0.132759 0.00945073 0.0743553 0.0586534 0.568739 0.024551 0.0132586 0.000311177 0.0154422 0.00560312 0.00574551 0.00782157 
0.0143534 0.621871 0.010168 0.00299836 0.122208 0.000126969 1.26643e-05 0.123996 0.00346912 0.00155664 9.22577e-08 0.000901975 0.0226367 3.69842e-07 0.0757004 
0.0191347 0.0163165 0.147271 0.0170875 0.000929587 0.02889 0.000789509 0.0896134 0.079674 0.521447 0.000146115 0.0419433 0.00379462 0.0205057 0.0124578 
0.0883179 0.0206157 0.24257 0.000719611 0.00119206 0.0153575 0.00152189 0.010379 0.12402 0.161859 8.41183e-07 0.329791 0.00195433 2.50494e-05 0.00167649 
0.018691 0.432258 0.026846 0.0449092 0.000205625 0.000785398 0.00101959 0.0820809 0.00191231 0.1136 7.20824e-07 0.0278777 0.0215816 7.08608e-05 0.228161 
5.0497e-06 0.931131 4.4411e-06 9.02337e-06 1.15038e-05 1.66773e-05 3.258e-06 0.0240939 1.20478e-06 0.0255973 1.08169e-09 1.62887e-06 1.07381e-05 4.33629e-09 0.0191142 
0.0903453 0.00271181 0.00714136 2.43997e-05 5.13629e-05 0.110717 0.000175758 0.00630627 0.227893 0.543858 1.2069e-06 0.00627117 0.00159968 0.00285477 4.80167e-05 
0.000374322 0.000113816 0.0213789 2.05008e-05 4.9086e-05 0.000149481 0.00011219 0.976709 0.000458192 9.01318e-05 3.56796e-06 0.000197351 3.27858e-05 7.45054e-05 0.0002362 
0.0620418 0.00383205 0.00370226 0.059466 2.34766e-05 0.081853 0.00514613 0.671879 0.0162966 0.0856046 1.92438e-05 0.00606349 0.000360668 0.0004135 0.00329822 
0.0114595 0.00015751 0.00949118 0.00372756 0.000483944 0.0172438 1.85498e-06 0.788805 0.0100973 0.0496301 1.47553e-06 0.0608544 0.0170135 0.0310191 1.3363e-05 
0.0314053 0.283822 0.18204 0.00153131 0.00271649 0.00577533 0.000245745 0.023712 0.0506142 0.136632 2.65858e-05 0.0195641 0.00069368 5.2963e-05 0.261169 
0.0113825 4.60612e-05 0.593065 8.76532e-06 2.06211e-05 0.00036517 3.55573e-06 0.000322673 0.287361 0.0314327 1.75686e-06 0.0759098 5.98938e-05 2.44169e-06 1.8317e-05 
0.0247113 0.0420229 0.000482955 0.00173376 0.000118053 1.6545e-05 7.04279e-06 0.693772 0.13236 0.00778209 2.73612e-06 0.0120548 0.000573042 0.000265123 0.0840983 
0.213147 0.00252453 0.0047505 0.131777 0.000218045 0.0132304 9.11719e-05 0.550476 0.0139175 0.0339478 1.09589e-05 0.00563866 0.00120064 0.0109101 0.0181593 
0.0172728 0.407419 0.067669 0.00171051 0.000220845 0.0100866 2.50844e-07 0.271274 0.0429384 0.153462 1.11756e-07 0.0127765 0.00600472 0.00277341 0.0063925 
0.0145675 0.000250052 0.00129558 0.00023121 5.34403e-08 0.0163515 5.88019e-10 0.127878 0.00367332 0.193545 1.95424e-10 0.000417144 0.641791 7.83415e-10 2.92994e-07 
0.0234515 0.00170318 0.0284628 2.89442e-05 0.000214726 0.0071081 2.32671e-05 0.0210519 0.00219026 0.0312997 9.43616e-06 0.0272483 0.0126456 0.842824 0.00173796 
0.0246033 0.0101101 0.723691 0.000821033 0.00299318 0.00737067 0.00182609 0.0211882 0.091024 0.0979232 0.000172215 0.00971953 0.0069576 0.000857772 0.000741844 
0.0234515 0.00170318 0.0284628 2.89442e-05 0.000214726 0.0071081 2.32671e-05 0.0210519 0.00219026 0.0312997 9.43616e-06 0.0272483 0.0126456 0.842824 0.00173796 
0.107525 0.0437102 0.320919 3.32125e-05 8.49107e-05 0.0166905 0.000174087 0.0364278 0.0402684 0.166233 7.83137e-06 0.139152 0.122523 0.000143317 0.00610864 
0.490897 0.075477 0.0205773 0.00171548 0.00484198 0.0138041 0.059549 0.00542735 0.24379 0.0203892 0.000494526 0.0237692 0.00233992 0.00403216 0.0328964 
0.00524075 0.043821 0.00540725 0.00227494 0.00170032 0.00280179 2.53858e-05 0.609144 0.013463 0.0422335 1.13683e-07 0.00093195 0.000179017 0.270645 0.00213232 
0.211357 0.0333187 0.159483 0.0052368 0.0358121 0.00631075 0.000403007 0.0704328 0.0810737 0.245719 0.000100455 0.0711488 0.0532416 0.000543785 0.0258193 
0.0845328 0.00629895 0.00177563 0.00460817 0.000361186 0.00473521 3.78186e-06 0.565006 0.0132234 0.265359 5.00741e-12 0.00660682 0.0467902 2.00737e-11 0.000698274 
0.0120592 0.606839 0.0648548 1.87184e-06 3.9119e-09 6.46024e-06 0.00968792 0.0383714 0.0543031 0.0647752 1.58205e-09 8.75469e-06 1.02467e-05 6.3421e-09 0.149082 
1.69058e-05 0.00207696 0.000658718 0.318231 0.00151749 1.81358e-08 8.37739e-11 0.604668 0.000198429 0.000914201 2.78417e-11 1.58512e-07 0.00016441 1.11612e-10 0.0715531 
0.0218393 0.0432054 0.237475 0.00210201 0.000959865 0.00490912 4.42989e-05 0.0517892 0.304647 0.285956 3.71495e-05 0.0421801 0.00297376 0.00148472 0.000397175 
0.0602596 0.0218675 0.0244805 3.85016e-07 0.00363533 1.47827e-06 0.00224262 0.11597 0.604034 0.165235 3.53554e-07 3.72492e-06 0.00225809 5.80594e-06 5.44984e-06 
0.034082 0.0104906 0.0338504 0.10024 0.000121248 0.00818204 0.00113404 0.55472 0.0259712 0.134313 9.07512e-05 0.0641549 0.00235878 0.0141016 0.0161885 
0.179424 0.00127194 0.0834762 0.000824212 5.8701e-05 0.0105443 0.000287227 0.187952 0.0173299 0.442433 4.30682e-05 0.0721087 0.0029867 7.53549e-05 0.00118425 
0.0932626 0.446533 0.0166473 0.00315451 0.000587822 0.000833453 0.0028294 0.125951 0.112877 0.117628 0.000109805 0.0167107 0.003823 0.00106095 0.0579917 
9.43159e-05 8.00877e-07 0.00286877 0.0988366 3.29021e-11 4.50457e-05 4.00377e-11 0.89384 0.00037435 0.00369097 1.33062e-11 0.000249435 1.75424e-07 5.3342e-11 2.29028e-11 
0.0189241 0.0515926 0.0231329 0.0646963 0.000858427 0.00552255 2.97102e-05 0.69178 0.0378758 0.0890088 9.26753e-06 0.00555505 0.00873088 0.00170282 0.000580785 
0.0325169 0.287508 0.00100789 0.00665043 1.45706e-09 5.91623e-05 1.48413e-06 0.517191 7.27512e-07 0.102365 5.89264e-10 0.047409 2.84697e-06 0.000513931 0.00477401 
0.000240607 0.0169667 0.000161665 3.07791e-05 3.16106e-07 0.000149693 1.24871e-05 0.0748924 0.00189234 0.878584 1.27839e-07 0.0261495 0.000862256 5.12482e-07 5.6101e-05 
0.159644 0.0299906 0.0840286 0.116193 0.000663835 0.0099471 4.53516e-05 0.357543 0.0274868 0.00526291 1.02359e-05 0.152465 0.00983405 8.66365e-05 0.0467999 
0.0599174 0.0950224 0.555362 0.00018396 4.98522e-05 1.22648e-05 0.00112267 0.0311926 0.011922 0.117023 9.30181e-07 0.0180519 0.00670639 0.0488143 0.0546188 
0.0057737 0.0229448 0.00861212 0.0155226 0.00309907 0.00115569 2.08705e-05 0.575379 0.0324006 0.0533257 1.93561e-05 0.000983064 0.273039 7.9392e-05 0.00764566 
0.0773302 0.00410926 0.118483 0.00892749 0.0038318 7.0718e-05 9.70247e-05 0.0319964 0.0325616 0.0701153 9.02889e-07 0.635377 0.0163243 0.000270631 0.000503924 
0.225943 0.0963687 0.0788561 0.00181493 0.00351178 0.0243046 0.0138143 0.110617 0.219618 0.0773969 0.000834317 0.0162218 0.0134759 0.112502 0.00472022 
0.395971 0.00892541 0.0778257 0.000618025 0.000279956 0.00217606 9.25652e-05 0.0311508 0.224636 0.0117122 1.22632e-05 0.197025 2.57657e-05 0.00276062 0.0467884 
0.058072 0.167846 0.199913 8.85312e-05 0.000648988 0.00710063 0.000121989 0.0810007 0.0178334 0.0585678 7.9254e-05 0.0233167 0.0546637 0.0088069 0.321941 
0.0187658 0.0822986 0.285943 0.0011032 0.000647195 0.00279513 0.000696984 0.105522 0.0781981 0.0585612 5.05819e-06 0.0115703 0.00130099 4.48125e-05 0.352547 
0.0206738 0.0250178 0.0337119 0.153702 0.00292719 0.0103135 0.000347304 0.554056 0.0553952 0.0968241 0.00010569 0.025418 0.00621083 0.00012777 0.0151694 
0.157182 0.0123564 0.107637 0.029243 0.000165507 0.0701437 9.2802e-05 0.433874 0.030803 0.109231 4.70275e-05 0.0406298 0.000616804 0.00634434 0.00163336 
0.0147485 0.00539462 0.00301957 0.116694 1.26605e-10 0.000107566 1.54062e-10 0.859839 6.69651e-05 7.2079e-05 5.12015e-11 1.82622e-06 5.57036e-05 2.05256e-10 8.81284e-11 
0.000758504 0.657323 0.143231 1.42379e-06 0.00478912 0.00381138 2.22432e-06 0.0537267 0.0872795 0.00990695 1.16023e-07 0.00838912 0.0148184 0.000947522 0.0150155 
0.0411691 0.0352113 7.22396e-05 6.53897e-06 0.028129 1.35664e-05 2.91641e-06 0.0271735 0.433044 8.13636e-05 2.25354e-10 0.3807 1.18467e-05 5.33094e-06 0.0543792 
0.00975584 0.066559 1.29323e-06 0.0166996 6.18584e-10 0.0379944 7.52738e-10 0.712492 0.00117511 0.144953 2.50167e-10 0.00236352 4.59815e-10 1.00287e-09 0.00800604 
0.0053138 0.000391474 0.00110902 0.0124436 1.20367e-07 0.317245 1.40627e-08 0.0205047 0.175357 0.462294 6.41214e-12 0.00533771 7.40094e-07 5.72528e-07 2.46283e-06 
0.259391 0.235123 0.0175779 0.000196488 0.0124916 0.00804462 0.0135511 0.0500603 0.238965 0.0898288 0.000187689 0.00342198 0.00995965 0.000737416 0.0604635 
0.00156211 0.000889531 0.000261867 3.43493e-07 3.04834e-07 6.24457e-05 7.21275e-10 0.000304124 0.000256631 0.00508405 2.39711e-10 0.0972081 4.40596e-10 9.60953e-10 0.89437 
0.0730442 0.0140711 0.00165606 0.149862 0.0373497 0.00118903 0.000285551 0.622939 0.00360969 0.0364966 1.83505e-08 0.00128925 0.0165073 0.0319742 0.00972692 
0.000853928 0.00443722 0.0240628 0.000535858 0.00177553 0.0011455 0.000243653 0.00722848 0.0110818 0.00661915 1.84788e-06 0.0547864 0.000964475 0.884102 0.00216144 
0.0352471 0.0039068 0.0305525 0.354146 0.00192286 0.0375514 0.00182388 0.430793 0.0376933 0.0317487 0.000127082 0.0230145 0.00764669 0.00123016 0.00259601 
0.0243499 0.000619302 0.0363986 0.00014221 0.0269365 0.00353155 6.91002e-07 0.00833606 0.0138197 0.853048 3.25082e-07 0.0316997 0.000593525 4.08462e-06 0.000519338 
0.223157 0.00584705 0.0195887 0.00682449 0.14766 0.0500977 9.50494e-05 0.00681756 0.214482 0.144081 1.39517e-05 0.106455 0.000574178 0.0189175 0.0553884 
0.0706861 0.00329782 0.198039 0.00813413 0.000263055 0.0110119 2.3445e-05 0.0157217 0.374148 0.281569 1.46526e-05 0.0348163 0.00193744 5.50806e-05 0.000282327 
0.103844 0.0196248 0.0206805 0.000630825 2.76271e-06 0.0261212 0.000659844 0.292505 0.0381886 0.271354 2.85544e-07 0.183809 0.000205709 4.23682e-06 0.0423693 
0.323867 0.0312994 0.141673 0.000661589 0.000137115 0.0359765 0.012234 0.0141285 0.0606539 0.230541 6.68927e-07 0.137777 0.000180681 3.49807e-06 0.010866 
0.417772 0.124003 8.41764e-06 1.90547e-05 0.208355 0.00308123 9.72326e-07 0.0169793 0.0909277 0.0668148 2.54149e-07 0.0334924 1.94095e-06 3.01189e-07 0.0385426 
0.00120544 0.0111332 0.0221666 0.00131056 1.32856e-08 0.00254919 2.04463e-09 0.0450314 0.498294 0.408955 1.07064e-09 0.00348506 0.00586916 1.17925e-07 2.16135e-08 
0.126665 0.316945 0.131794 0.0141259 0.00091 0.0150503 0.00273966 0.0565051 0.135073 0.0397712 0.000175806 0.0348597 0.000595231 0.0158235 0.108966 
0.458006 0.00665906 0.0083732 0.000434941 0.00147957 0.0170979 2.08144e-05 0.0191183 0.167883 0.31562 4.25507e-09 0.00230591 1.27861e-06 3.3353e-08 0.00300012 
0.0671413 0.244042 0.116591 0.0198029 0.000861743 0.0013298 0.00477857 0.0872236 0.120661 0.0669538 0.000184878 0.0140829 0.0166624 0.009937 0.229748 
0.306005 0.00440387 0.00143795 0.00123776 0.00029048 0.0186436 7.12549e-05 0.434885 0.0221443 0.0126688 2.94299e-08 0.180041 0.00950532 4.33539e-08 0.00866558 
0.0166754 0.0422526 0.0196635 0.0139819 4.26671e-06 0.00966089 4.84443e-05 0.555487 0.0104912 0.0619561 1.07603e-06 0.000674949 0.139635 0.129465 3.00428e-06 
0.0482918 0.0960097 0.440027 7.02083e-05 5.04638e-07 0.00439281 0.00114678 0.00705691 0.163359 0.111306 1.09255e-08 0.123695 6.64448e-05 1.10405e-08 0.00457785 
0.423087 0.00302443 0.0529018 0.000276582 2.33845e-06 0.000788253 9.06796e-05 0.0433213 0.138173 0.285941 1.70418e-07 0.00972584 0.0303189 3.54956e-06 0.0123451 
0.405543 0.0349889 0.0185421 0.0272985 0.00464444 0.00497107 1.32481e-05 0.0709302 0.11563 0.0132462 1.03168e-05 0.0298995 0.241433 0.0198785 0.0129703 
0.0610752 0.0118627 0.00239094 1.13213e-05 1.8231e-08 3.73013e-05 3.29316e-05 0.00543755 0.0374223 0.272853 7.37297e-09 0.289709 0.000622527 2.95567e-08 0.318545 
0.0133881 0.00223085 0.102108 0.00479375 6.85634e-05 0.0343853 1.5778e-05 0.019507 0.59944 0.208986 3.7363e-06 0.0121036 0.00250181 0.00043908 2.84396e-05 
0.0580641 0.00648471 0.118132 0.00234739 0.00363065 0.00675964 0.000119805 0.0225168 0.137736 0.0628362 0.000104839 0.530133 0.000415415 0.00112023 0.0495996 
0.0600205 0.0264124 0.174568 0.0139542 0.00268257 0.0118384 4.44142e-05 0.0731181 0.166688 0.441873 2.16001e-05 0.016988 0.0020921 0.000609505 0.00908778 
0.156071 0.0265605 0.0257133 0.0174501 0.000944178 0.0276659 7.11978e-05 0.343772 0.0950101 0.211266 3.04388e-05 0.0154471 0.0660671 0.0108372 0.00309419 
0.0227674 0.0262475 0.0109695 0.0493345 0.0016894 0.000163623 1.37002e-06 0.729766 0.0601975 0.0486497 5.33442e-09 0.00117132 0.0453698 0.000874874 0.00279701 
0.069672 0.0193346 0.287204 0.000856902 0.00247072 0.0105779 0.0330214 0.012399 0.340935 0.0431226 0.000125234 0.17496 0.00171521 0.00146076 0.00214418 
0.0272979 0.0401762 0.486999 0.000232516 0.00174103 0.000323425 9.81274e-05 0.00549327 0.324567 0.0197534 5.83465e-06 0.0695591 0.000827221 0.00251899 0.0204069 
0.0240262 0.00332798 0.0227836 0.0538776 0.000631901 0.0278635 7.01418e-05 0.584146 0.2384 0.0395605 8.1492e-08 0.00415139 0.000455681 1.73815e-07 0.000704662 
1.74173e-05 0.296686 0.246382 0.00761575 3.10452e-05 0.345035 2.26109e-05 5.08806e-05 5.16273e-05 0.000229518 1.71291e-06 0.000182434 7.76184e-05 1.48734e-05 0.103601 
0.0544855 0.00020649 0.0533016 0.00110858 2.54236e-05 0.014768 2.7744e-05 0.471143 0.00408853 0.0398657 3.38826e-06 0.351034 3.60891e-05 0.00990094 5.13168e-06 
0.00600613 0.0241616 0.00477735 0.00278236 0.000856601 0.000584122 0.000340853 0.0105324 0.926014 0.0194812 0.00012576 0.00240724 0.00013499 0.000330999 0.00146434 
0.013451 0.0966301 0.0202276 0.0113698 0.00237932 0.00186189 0.000267831 0.662919 0.022511 0.143698 1.01769e-05 0.00620381 0.015455 0.000161838 0.00285354 
0.261068 0.0315447 0.121193 0.0173542 0.000697144 0.178394 0.000155326 0.20092 0.0534834 0.0911619 8.58955e-05 0.0310713 0.00155297 0.00362176 0.00769598 
1.57145e-05 0.444988 0.0451936 1.34212e-06 1.59586e-06 4.94188e-06 1.94195e-06 0.198171 0.0170389 1.68388e-05 6.45395e-07 0.125073 0.0595915 2.58726e-06 0.109899 
0.00674907 0.00530677 0.0510968 1.12696e-05 6.52515e-07 1.80934e-07 2.14758e-07 0.0039155 0.517819 0.0838384 2.61042e-08 0.330231 0.000115387 2.64529e-07 0.000914977 
0.266092 0.0575873 0.040178 0.0442957 0.00134267 0.0323826 0.0219072 0.385447 0.0647816 0.0116661 0.000335447 0.00133202 0.000661001 0.00289346 0.0690982 
0.0463651 0.388102 0.0462865 0.00314986 0.0606372 0.00601718 0.000192926 0.168069 0.107824 0.139197 4.0136e-05 0.00325664 0.00612952 0.0171185 0.00761458 
0.0909721 0.219987 0.286233 1.23668e-05 0.000316698 1.79714e-05 0.00083892 0.0133742 7.17203e-06 0.357424 2.75525e-08 0.0308156 1.85443e-06 1.10452e-07 4.74235e-08 
0.00321343 0.00209232 0.155007 0.000224729 1.16404e-06 0.000235702 1.65291e-05 0.00201668 0.00235642 0.0173554 1.14857e-06 0.813461 4.52951e-05 0.000262636 0.00371032 
0.000505366 0.884949 0.0131055 0.00012024 4.30039e-05 0.000900834 2.65542e-05 0.00354373 0.00208429 0.0208207 2.65296e-05 0.000131076 0.000133613 0.0688427 0.00476729 
0.219046 0.0369349 0.0349954 0.00112885 0.000219646 0.0136799 8.37234e-05 0.0206254 0.0759405 0.0218553 1.24852e-05 0.0411266 3.06186e-05 0.00178549 0.532536 
0.0697436 0.000554689 0.0518059 0.00118763 0.00148555 0.00406012 4.5028e-05 0.0302605 0.486071 0.333499 2.09628e-07 0.0199468 0.000300872 3.07565e-07 0.0010383 
0.289119 0.0112882 0.115151 0.00559281 0.00532845 0.0344028 0.00165148 0.0400606 0.112027 0.147447 0.00013046 0.224445 0.00376174 0.00173812 0.00785729 
0.00380078 0.0203811 0.849471 0.00721436 0.00138236 2.0375e-05 8.79092e-05 0.0130868 0.0304983 0.0589382 1.62617e-05 0.00901599 0.00228943 0.000488563 0.00330876 
0.0787484 0.0343594 0.33035 0.0132292 0.00279469 0.0206688 0.010152 0.0536068 0.134768 0.261138 0.000157549 0.048056 0.00101145 0.000636348 0.0103228 
0.00524075 0.043821 0.00540725 0.00227494 0.00170032 0.00280179 2.53858e-05 0.609144 0.013463 0.0422335 1.13683e-07 0.00093195 0.000179017 0.270645 0.00213232 
0.177709 0.014862 0.00739264 0.059511 0.00224488 0.0706471 0.0439829 0.495584 0.0439618 0.0311253 0.000416335 0.0231738 0.000453892 0.000969745 0.027966 
0.00315093 0.00243157 0.000288263 0.000211713 7.16607e-08 0.00637357 1.04894e-07 0.939145 0.000373162 0.000444057 4.19793e-09 0.0474721 0.00010867 1.91475e-08 9.39641e-07 
0.00687597 0.00824184 0.55353 0.0219323 0.00164641 0.000891054 0.000149902 0.145981 0.0351119 0.139127 5.84453e-07 0.0360573 0.0389692 2.2683e-05 0.011463 
0.0103528 0.0674767 0.039435 8.80047e-07 0.000841429 2.74945e-05 7.62866e-06 0.0759698 0.00223642 0.0734206 1.6142e-08 0.114482 0.136039 6.47098e-08 0.479711 
0.0181494 0.0677871 0.000594369 7.68065e-05 6.87188e-05 9.13422e-06 3.74123e-06 0.122814 0.00163628 0.0740598 3.44691e-07 0.00157128 0.70617 1.38179e-06 0.00705705 
0.12367 0.114108 0.178102 0.0150827 0.00112365 0.00361693 0.000162485 0.118386 0.149593 0.149373 7.42523e-05 0.0265091 0.0111963 0.00858941 0.100414 
0.112528 0.0073603 0.371358 0.00351848 0.00388739 0.0526622 1.28453e-05 0.0324389 0.155357 0.0694922 2.96974e-06 0.182296 0.000600227 1.53973e-05 0.00847037 
0.0927168 0.0235285 0.18443 0.00175542 0.0156103 0.00614578 8.77939e-05 0.0460325 0.247171 0.200686 5.44309e-05 0.102801 0.013672 0.0039666 0.0613427 
0.000281621 0.00310527 0.946095 0.00124244 7.96644e-08 6.29568e-08 1.32375e-08 0.00568576 0.00527397 0.0350535 6.71036e-09 0.00168367 0.000285852 3.80173e-08 0.00129273 
0.046622 0.0155457 0.179379 0.007148 0.000581224 0.00965516 0.000423736 0.0388313 0.0967659 0.526699 3.02164e-05 0.064776 0.00435251 7.3701e-05 0.00911681 
0.02336 0.00765764 0.0220134 0.00979991 0.000507912 0.0110994 5.63175e-06 0.278766 0.0263247 0.55183 7.44028e-07 0.00452551 0.0641002 3.55854e-06 5.29253e-06 
0.0862158 0.0166842 5.96795e-06 3.53599e-06 5.56193e-07 4.07231e-06 0.00819537 0.0257495 1.05772e-05 0.0239701 9.91952e-09 5.06807e-07 0.83879 3.97653e-08 0.000369497 
0.270607 0.00223521 0.00644758 0.00455974 0.000971895 0.00255453 0.0142094 0.016806 0.487432 0.165412 3.00926e-05 0.0266522 0.000221299 0.000709121 0.00115179 
0.0102238 0.00602987 0.00315147 9.45335e-05 7.26211e-06 0.000240732 3.60762e-05 0.0156571 0.00101794 0.0214565 1.31209e-06 0.00405469 2.81525e-05 1.5378e-06 0.937999 
0.804556 0.00306028 0.0143849 2.96487e-05 0.00151124 0.00371259 7.06559e-05 0.0356092 0.081803 0.0205952 3.46322e-06 0.0331708 8.51234e-05 1.05895e-05 0.00139762 
0.000788989 0.000622375 0.0113116 0.00153368 4.43611e-06 0.00184801 5.31585e-05 0.0176806 0.624454 0.334729 1.63549e-07 0.00214708 0.000505258 0.00427657 4.50169e-05 
0.405543 0.0349889 0.0185421 0.0272985 0.00464444 0.00497107 1.32481e-05 0.0709302 0.11563 0.0132462 1.03168e-05 0.0298995 0.241433 0.0198785 0.0129703 
0.00483518 0.000142928 0.0609336 2.61787e-06 2.45967e-06 5.1619e-06 1.54931e-11 0.916442 0.00486347 0.00517046 5.14903e-12 0.00653642 0.000928797 2.06414e-11 0.000137008 
0.217647 0.47949 0.00538406 1.65375e-06 0.000129134 2.26839e-05 5.02885e-05 0.005506 0.140456 0.0711535 7.57895e-07 0.0277965 1.00268e-05 1.05776e-05 0.0523412 
0.0212439 0.067358 0.494579 0.00240668 0.047952 0.0201742 0.0014008 0.0736225 0.0411037 0.185959 2.96102e-05 0.0301817 0.0130032 0.000107442 0.000878758 
0.0389484 0.00459154 0.00986312 0.000307888 2.61818e-08 3.11338e-07 7.04049e-08 0.833808 0.00265262 0.0220567 5.84239e-12 0.000321953 0.0873558 2.3421e-11 9.35944e-05 
0.056023 0.199026 0.0630108 0.0141573 0.009057 0.00435499 0.000407593 0.229201 0.158879 0.168298 3.27992e-05 0.070784 0.00071666 0.00456918 0.021483 
0.177374 0.0168206 0.0710864 0.0112818 0.00417444 0.112787 0.00176224 0.0765268 0.105303 0.247882 0.000901646 0.0861131 0.0736722 0.00180732 0.012509 
0.103991 0.0751797 0.0266582 0.248413 0.00321726 0.0190597 0.000206702 0.304339 0.123086 0.0623979 0.000165004 0.0138944 0.00702582 0.00091339 0.0114524 
0.0776039 0.0596348 0.110342 0.014568 7.01498e-07 0.00596272 0.000113786 0.339956 0.069418 0.0647211 6.53336e-07 0.0234192 0.0001709 0.000286382 0.233802 
0.110701 0.0742348 0.0487358 0.00110863 0.00761905 0.000485859 1.53519e-05 0.140167 0.0170686 0.440572 1.17411e-08 0.0456736 1.9474e-05 4.70676e-08 0.113599 
