0.121329 0.0096079 0.0601772 0.0017847 0.106027 0.0023353 0.000475759 0.364203 0.180986 0.119787 0.000378594 0.0159388 0.0166595 2.60949e-09 0.000310743 
0.0378624 0.00354457 0.542314 3.45949e-10 0.000899453 5.79532e-08 6.64324e-07 0.0475825 0.0919279 0.0874045 5.8064e-10 0.0139287 0.167534 3.80313e-06 0.00699778 
0.0833799 0.00484075 0.000954232 0.0086577 1.72452e-06 0.152299 6.95774e-06 0.618435 0.0301063 0.10026 2.85194e-06 0.00048278 0.00054835 2.25046e-08 2.55258e-05 
0.241038 0.119018 0.413246 0.0343456 0.000131485 0.00477314 0.000963527 0.0348128 0.0396572 0.0575075 0.000490229 0.0461319 0.000669249 7.66757e-08 0.00721532 
0.0732067 0.255568 0.0189614 0.0287635 0.000142373 0.00209705 0.0234384 0.0459165 0.447171 0.0538771 0.000137889 0.0103139 0.0121928 2.60948e-06 0.0282105 
0.0993227 0.010053 0.0307849 0.008502 0.000506265 0.10421 1.8353e-05 0.0422938 0.32444 0.296618 7.1193e-05 0.0801922 0.000400899 1.6947e-05 0.00256856 
0.223793 0.00139232 0.00207312 0.00215878 5.82108e-05 0.637532 6.04584e-07 0.0158116 0.0382974 0.0756798 1.82406e-05 0.00249761 0.000216594 3.88799e-12 0.00047044 
0.423153 0.0340935 0.0655544 0.0187799 0.0112727 0.0597947 0.0108628 0.0512079 0.170228 0.093467 0.0020629 0.0351814 0.0075045 0.000908295 0.0159287 
0.340778 0.0159203 0.0626221 0.00378254 8.84492e-06 0.0638653 0.000217924 0.0918614 0.0801459 0.305964 3.10995e-05 0.0261031 0.00637013 0.000919011 0.00141033 
0.238907 0.000375748 0.0508448 0.00236919 0.00110645 0.123275 2.4658e-05 0.46842 0.0629849 0.0285872 5.52294e-06 0.0230729 2.03023e-05 2.36641e-08 6.13158e-06 
0.0858685 0.00266847 0.455565 0.00243531 0.000781819 0.101121 3.73037e-05 0.0163218 0.13415 0.164518 0.000495313 0.0333899 0.00094612 2.78614e-05 0.00167343 
0.200667 0.00706853 0.061698 0.00251719 0.0009613 0.145438 4.50799e-05 0.0252704 0.105837 0.139552 0.000112045 0.270987 0.00163281 0.000350955 0.0378621 
0.193224 0.005429 0.000723206 0.0612421 0.000700676 0.0663817 9.20697e-07 0.240359 0.255131 0.166482 1.76109e-05 0.0053007 0.00316468 1.53551e-10 0.00184335 
0.486557 0.0415348 0.000157285 0.047155 2.92364e-05 0.0782013 4.98776e-06 0.0608392 0.139171 0.142904 1.03767e-05 0.00209094 0.000237087 6.48308e-07 0.00110662 
0.0381815 0.00186809 0.0158745 0.288581 0.00236466 0.0388299 0.0455785 0.491547 0.0080758 0.0582413 2.59079e-05 0.00202594 0.00877443 1.6806e-11 3.17504e-05 
0.00197066 0.510573 0.0481703 0.00121546 0.000316085 0.0124515 7.02754e-05 0.0587881 0.00395996 0.184287 0.000141353 0.0168535 0.154512 6.80109e-07 0.00669023 
0.00395855 0.00128356 0.114457 0.0108344 7.36365e-08 0.00402509 7.20959e-06 0.0029002 0.191654 0.230348 1.03114e-06 0.439926 8.67341e-05 3.87057e-09 0.000517801 
0.17019 0.0481273 0.00759634 0.00027436 5.55555e-06 0.00795495 8.26179e-05 0.254248 0.413211 0.0899645 1.38158e-06 0.0033335 0.00253332 7.07628e-06 0.00247107 
0.02842 0.0155841 0.000434202 8.9477e-05 4.76594e-05 0.0194406 9.33039e-07 0.0089984 0.350515 0.57527 1.17201e-05 0.000812039 0.000240247 0.000116281 1.90652e-05 
0.134496 0.165973 0.0581795 0.0190596 0.00312353 0.133353 0.00408809 0.0663459 0.0632471 0.11533 0.00131994 0.0349284 0.192551 3.11092e-05 0.00797333 
0.151313 0.130573 0.0470019 0.0172795 0.0852173 0.00844939 0.000145623 0.0631642 0.26626 0.180115 0.00029859 0.0346387 0.00587744 6.90677e-05 0.00959786 
0.0686982 0.089581 0.0179463 0.0538954 0.000466887 0.0124171 4.06628e-06 0.28706 0.101774 0.331851 0.000210051 0.0197377 0.00944205 0.00135945 0.00555701 
0.00230294 0.0053883 0.000241157 0.0446887 1.55719e-07 0.0410801 0.0629777 0.202745 0.00179004 0.0253482 4.13087e-07 0.00278031 0.000136439 2.67188e-06 0.610518 
0.00547908 0.0103887 0.0631236 0.000674097 0.00445704 0.0192676 5.04567e-05 0.0155614 0.559667 0.110455 1.99262e-05 0.208422 0.00138354 7.229e-07 0.00104987 
0.383747 0.000391299 0.0132878 0.0397106 0.000112807 0.135515 2.89412e-07 0.00624389 0.0566224 0.0573388 7.27909e-05 0.304776 0.000341947 1.39868e-09 0.00183902 
0.0209687 0.342236 0.0143964 0.0331446 6.73993e-07 0.0198919 2.33938e-06 0.297259 0.109506 0.0648397 2.08948e-07 0.00781139 3.42818e-05 0.00220086 0.0877073 
0.00776428 0.00120131 0.00646082 0.290036 0.00465601 0.00812596 0.000167382 0.568083 0.00531689 0.0228387 1.17798e-05 0.00998363 0.0730265 2.80056e-08 0.00232702 
0.0323002 0.00617804 0.0445858 0.0309198 0.000119688 0.00884609 4.23264e-06 0.0528793 0.15417 0.632516 2.5259e-05 0.034557 0.00253404 0.000193843 0.000170185 
2.36749e-06 0.00554904 0.0224158 0.00766961 0.000346225 9.15084e-06 0.000536315 0.897172 1.7199e-06 0.0662393 1.36821e-09 7.40023e-06 4.20604e-05 5.48488e-09 9.03766e-06 
0.0034696 0.227687 0.0163848 0.277845 0.00129007 0.000700737 2.60429e-05 0.183118 0.0673129 0.17597 0.000209864 0.0202263 0.0157193 8.31654e-12 0.0100407 
0.168559 0.00310231 0.0670254 0.0206593 5.24203e-05 0.00249356 0.108253 0.0107833 0.413871 0.089295 0.000532581 0.10474 0.000971313 3.01889e-06 0.00965893 
0.0164352 0.00128613 0.720971 0.00039819 0.000414872 0.000862542 0.000489018 0.00520557 0.239968 0.0114195 3.69802e-05 0.00108677 0.00142182 1.27244e-12 4.85228e-06 
0.00901028 0.00768788 0.00147972 0.027696 1.46623e-07 0.755005 0.000133008 0.155745 0.0190414 0.0208017 1.68027e-05 0.000277362 0.00115778 0.001452 0.00049624 
0.270839 0.00024253 0.00160237 0.0645252 0.00273317 0.0119167 2.88553e-07 0.0123182 0.0318151 0.0238353 1.76436e-05 0.578524 0.000146475 1.11096e-09 0.00148426 
0.270839 0.00024253 0.00160237 0.0645252 0.00273317 0.0119167 2.88553e-07 0.0123182 0.0318151 0.0238353 1.76436e-05 0.578524 0.000146475 1.11096e-09 0.00148426 
0.0377713 0.670968 0.16745 5.0966e-10 0.0342751 6.04911e-06 2.4434e-06 0.00476548 0.0110294 0.052113 8.55413e-10 2.27888e-06 2.02062e-06 3.42918e-09 0.0216153 
0.0728717 0.179767 0.270993 0.0022399 0.16704 0.000377289 0.000107967 0.0887129 0.141745 0.0603681 5.22055e-05 0.00523962 0.003973 2.99131e-09 0.00651295 
0.0312233 0.018057 0.0323901 0.0573469 6.97459e-06 1.23848e-05 3.52326e-06 0.68005 0.0363057 0.0782389 5.57185e-06 0.0151236 0.0491157 4.82311e-06 0.00211604 
0.0229053 0.00546458 0.00710132 0.467117 0.0224068 0.0279771 6.68841e-06 0.407368 0.0119605 0.0228021 2.98836e-05 0.00319283 0.00133138 7.54729e-12 0.000336894 
0.0474773 0.0141168 0.0104373 0.00715454 0.00134727 0.0104695 1.27626e-05 0.0228465 0.704686 0.166473 5.7859e-06 0.00123989 0.000965901 4.18285e-10 0.012768 
2.44864e-07 1.39845e-07 0.275632 0.00140019 4.23601e-08 0.0016199 2.56452e-10 0.00304791 0.228304 0.489654 8.52301e-11 1.27061e-05 1.56656e-10 3.4167e-10 0.000329483 
0.121424 0.16927 0.0347966 0.00431435 2.84131e-05 0.00116366 0.00150234 0.249133 0.090493 0.185064 1.3094e-05 0.00535716 0.119178 4.39741e-07 0.0182611 
0.202183 0.010984 0.0679262 0.0816368 0.00128643 0.0852323 4.53771e-06 0.116821 0.0910771 0.312557 6.18915e-05 0.0235977 0.00490292 0.000257549 0.00147102 
0.0968304 0.035149 0.00984685 0.00157843 0.00154828 0.00855168 0.064526 0.659832 0.0606025 0.0295713 0.000822244 0.0105726 0.0140596 2.60453e-05 0.00648298 
0.00331705 0.48399 0.0449795 0.0971155 0.0088485 0.104654 5.42738e-05 0.0541812 0.165036 0.02656 0.000113698 0.00430865 0.000445764 5.9581e-06 0.00638987 
0.0575533 0.029291 0.00757908 0.0339101 0.0039908 0.00071192 6.8413e-07 0.0445842 0.73977 0.0405206 0.000127426 0.0320384 0.000382443 0.000487027 0.00905289 
0.3109 0.0136383 0.00418513 0.00237451 5.88007e-08 0.016286 6.9749e-05 0.0472367 0.154579 0.43744 2.01652e-06 0.01227 0.000349966 2.15927e-06 0.000666052 
0.00672681 0.00322538 0.0016909 0.0059902 1.18386e-05 0.00118894 1.62045e-08 0.978052 0.00123747 3.0123e-05 2.5567e-06 0.00165191 0.00018619 5.13544e-06 8.87537e-07 
0.0248303 0.000515634 0.0244559 0.0334828 0.000281085 0.0404268 3.14536e-09 0.509108 0.0150893 0.0268977 2.39162e-05 0.00516425 0.318307 0.000158269 0.00125896 
0.0213632 0.266409 0.0254034 0.0110372 0.0248991 0.0135948 6.34614e-07 0.345172 0.0762283 0.104031 0.00110973 0.0698844 0.0165416 0.00132479 0.0229998 
0.0488416 0.00580424 0.313607 0.0255972 0.000625386 0.00211366 0.00128316 0.0236167 0.534212 0.0272377 3.50884e-05 0.0122278 0.00127806 9.85069e-10 0.00352042 
0.111134 0.00158135 0.0795708 0.0749472 0.00407963 0.0279894 1.99811e-05 0.027818 0.0957456 0.0783633 5.49147e-06 0.494352 0.000965837 1.37172e-07 0.0034276 
0.0284665 0.0133141 0.556106 0.000116806 0.00106783 0.000623831 4.37264e-05 0.00189832 0.360042 0.0193392 3.58314e-05 0.015631 0.00280233 9.651e-12 0.000512404 
0.00706903 0.00783609 0.00132405 0.00141918 0.00242975 0.00299347 2.4833e-09 0.486245 0.0022432 0.0379267 6.54206e-07 0.00115908 0.447107 3.30849e-09 0.00224723 
0.141383 0.0533517 0.179192 0.0601135 0.000104144 0.00623752 0.00383664 0.0244965 0.0951739 0.430117 4.52165e-08 0.00209772 0.00364324 4.2364e-11 0.000253002 
0.186125 0.00153902 0.0030814 0.00324053 0.000253638 0.453836 2.2818e-05 0.0142805 0.147336 0.18629 1.70945e-05 0.00275906 0.000711048 0.00046724 4.14792e-05 
0.0518902 0.00109127 0.0375667 0.00316042 0.000534483 0.0274437 5.97268e-07 0.0577309 0.100574 0.701399 5.13557e-05 0.0123224 0.00450876 4.87991e-08 0.00172667 
0.0612135 0.00247514 0.00618846 0.271038 6.04332e-06 0.0197107 1.63675e-06 0.442732 0.0542736 0.0970375 1.7781e-05 0.0387487 0.00184294 0.000162218 0.00455186 
0.0111214 0.016835 0.000908465 0.00150501 5.31903e-05 0.00133309 2.84228e-11 0.0507486 0.0128033 0.015097 2.61024e-06 0.000334384 0.00147774 0.887776 4.59777e-06 
0.02937 0.0285636 0.0628828 0.0216923 0.000569841 0.00137958 1.84628e-08 0.0426194 0.348444 0.331721 7.76167e-05 0.128857 0.000667422 3.11518e-10 0.00315573 
0.0295533 0.0827066 0.135091 0.00046854 4.41486e-06 0.00624771 3.8222e-08 0.224613 0.00638529 0.288401 1.89339e-06 0.122806 0.00967165 0.000256539 0.0937927 
0.00461791 0.00712476 0.00300137 0.00130961 1.42545e-06 0.000365923 3.7594e-06 0.881459 0.00546058 0.0682199 5.76481e-07 0.000201535 0.0282018 3.15655e-06 2.89465e-05 
0.0290718 0.0284713 0.0264386 0.00307875 0.0171937 0.00775757 3.33981e-08 0.662121 0.138766 0.0389159 0.000130007 0.0408684 0.00228192 0.000221223 0.00468462 
0.224883 0.0199088 0.00470731 0.00440174 0.000154157 0.0289316 2.86204e-05 0.0760531 0.542089 0.0786823 2.19436e-06 0.0111496 0.00315258 1.78006e-07 0.00585545 
0.0424652 0.306427 0.0559542 0.00443739 0.00204531 0.0448116 0.000270685 0.264175 0.119932 0.0778126 5.9208e-05 0.0115391 0.0116976 0.00595949 0.0524148 
0.0476132 0.0227066 0.0675829 0.637489 0.010046 0.00674279 0.000213731 0.0833258 0.0207977 0.0859518 0.000217699 0.00360933 0.0007692 3.34595e-06 0.0129307 
0.00815546 0.20672 0.104906 0.00116163 0.00423169 0.00374877 1.16361e-05 0.245832 0.0186752 0.162342 0.000397779 0.10534 0.0212998 0.000410585 0.116767 
0.111085 0.0711494 0.244173 0.00119641 7.89717e-05 0.00615064 0.000945755 0.0880349 0.0533403 0.00115551 0.000132477 0.398093 0.00102317 3.25162e-05 0.0234091 
8.69e-06 7.1694e-05 7.91905e-05 0.000398782 0.999148 1.45885e-05 4.03934e-06 1.66243e-05 4.16338e-05 6.92559e-05 7.94891e-06 4.1141e-05 3.21604e-05 2.06905e-09 6.61837e-05 
0.0491868 0.0373733 0.0503111 2.4368e-10 6.30055e-05 3.15308e-06 1.97024e-06 1.07774e-05 1.26501e-10 0.797065 4.08991e-10 1.95418e-06 0.0141469 6.57463e-07 0.0518352 
0.256301 0.506186 0.0330665 0.00141743 0.0515766 4.76545e-05 2.07087e-05 0.031292 0.018388 0.0410527 3.86025e-06 0.0260627 2.05961e-05 4.92822e-08 0.0345636 
0.000431796 0.69636 0.158012 0.000691012 8.17281e-05 3.14309e-05 2.31533e-05 0.0626812 0.0237294 0.0428658 1.82509e-05 0.0106425 0.000157368 4.11807e-07 0.00427361 
0.0190343 0.0193962 0.0355187 0.0140252 0.00331711 0.217079 0.000118335 0.554565 0.0419314 0.0571056 0.00178581 0.00528935 0.0162202 0.000254347 0.0143597 
0.0283331 0.078065 0.00267728 0.000766092 0.000264759 0.00309544 1.31278e-06 0.112089 0.0195309 0.729012 7.4585e-06 0.00067806 0.0252049 6.6429e-05 0.000208247 
0.00395047 0.00455944 0.00692439 0.0334379 0.000478161 0.0131605 5.84538e-06 0.814669 0.0293429 0.0654081 2.19907e-07 0.00764489 0.00161982 0.0156813 0.00311675 
0.012175 0.0017448 0.0116618 0.00707587 0.000860867 0.0937105 2.62757e-09 0.0892548 0.0520031 0.0550871 2.92334e-06 0.0102492 0.665714 1.98536e-08 0.000460231 
0.0170219 0.0233973 0.117086 0.099331 0.48372 0.0283459 5.72846e-05 0.010171 0.114574 0.0490209 7.8367e-05 0.0541665 0.00292032 3.47927e-11 0.000109471 
0.270839 0.00024253 0.00160237 0.0645252 0.00273317 0.0119167 2.88553e-07 0.0123182 0.0318151 0.0238353 1.76436e-05 0.578524 0.000146475 1.11096e-09 0.00148426 
0.596195 0.0107822 0.0324676 0.000897903 0.00328525 0.0524127 0.0655729 0.0743852 0.00512061 0.010933 0.000780638 0.0222603 0.000121987 0.00638234 0.118403 
0.00714246 0.503918 0.0328545 0.0191836 0.000448682 0.00859447 1.17249e-06 0.315748 0.0128628 0.0584061 0.000211917 0.00336514 0.00569902 0.0136595 0.0179049 
0.148393 0.00291695 0.012016 0.011299 0.000696261 0.537062 5.00744e-06 0.0219531 0.0975163 0.157887 0.000169965 0.00879252 0.000336891 1.00194e-05 0.000945908 
0.134545 0.00257341 0.119255 1.09051e-05 1.69926e-07 0.0543947 1.39754e-10 0.00775454 0.27626 0.289911 9.57991e-09 0.115078 2.09995e-07 2.46003e-07 0.000217163 
0.0440616 0.011741 0.289417 0.0238435 0.017803 0.0862442 1.61837e-06 0.0222886 0.224365 0.0635896 2.60473e-05 0.0504503 0.013772 9.77362e-07 0.152395 
0.115248 0.0253728 0.0100935 0.00174983 0.000147161 0.014771 2.43804e-05 0.0238506 0.235222 0.542284 1.18108e-05 0.0186033 0.00190088 8.47766e-11 0.0107204 
0.0129061 0.213437 0.0114114 0.0490545 1.40212e-05 0.00102687 4.82761e-05 0.0345187 0.158136 0.0572248 1.65352e-06 0.000821175 0.452777 0.00436455 0.00425886 
0.777553 0.00315474 0.000421818 6.5256e-08 8.87408e-09 0.00130421 1.11304e-09 0.00218931 0.0166611 0.198396 1.57563e-09 3.83149e-05 9.11446e-09 1.12179e-11 0.000281475 
0.250321 0.00957781 0.0584048 0.0260325 0.00155076 0.00955061 4.62836e-05 0.0240841 0.189521 0.0478399 0.000624012 0.353179 0.00273276 6.95574e-06 0.0265291 
0.0560631 0.0261734 0.0600814 0.0136251 0.00238974 0.174507 4.02764e-06 0.103164 0.0981666 0.426113 0.000211146 0.0317451 0.00575994 3.63082e-06 0.00199253 
0.390094 0.0683927 0.0260534 0.0231526 0.00181126 0.0206043 0.000243641 0.0261046 0.242254 0.134142 0.00027538 0.0642802 0.00119244 2.51189e-08 0.0013992 
0.260149 0.0565321 0.0277646 0.00015704 0.000195476 0.0477395 3.35284e-05 0.0819748 0.184417 0.330906 0.000111011 0.00420047 0.00485117 1.84275e-08 0.000968332 
0.000347276 0.524768 0.117359 0.0573654 0.00988656 0.00116649 0.00121167 0.203507 0.0301729 0.046506 5.48532e-05 0.00491358 0.000376816 4.46285e-07 0.00236422 
0.00510284 0.0116182 0.0107788 0.0960353 0.000271346 0.00595951 1.49397e-07 0.756136 0.012479 0.0882434 2.91369e-05 0.0104605 0.00226086 1.24672e-11 0.000625194 
0.486557 0.0415348 0.000157285 0.047155 2.92364e-05 0.0782013 4.98776e-06 0.0608392 0.139171 0.142904 1.03767e-05 0.00209094 0.000237087 6.48308e-07 0.00110662 
0.310788 0.0551032 0.0701869 0.0186892 0.00672574 0.0533714 3.16286e-06 0.0481493 0.153618 0.223389 0.000620848 0.0404207 0.015507 3.67657e-05 0.0033911 
0.0425758 0.204824 0.17118 0.0183411 0.000654783 0.242028 3.6889e-06 0.134977 0.0326334 0.149293 0.000280781 0.00217241 0.000436372 8.33247e-11 0.000598953 
0.398246 0.00481728 8.98881e-09 5.0308e-05 1.42471e-08 0.00075588 1.38712e-05 0.000727855 0.545797 0.0217378 3.4915e-09 0.00173952 5.99517e-05 7.64807e-13 0.026054 
0.592206 0.0502442 0.0167716 0.00507126 0.000295335 0.0632646 0.0158115 0.0498053 0.0633404 0.129092 7.19451e-05 0.0111171 0.000237469 1.15534e-08 0.00267114 
0.369943 0.00732593 0.0117739 0.000341371 7.98702e-05 0.0115835 9.65146e-07 0.145168 0.208711 0.185059 1.15779e-08 0.0575529 0.00246026 2.72958e-10 3.50612e-07 
0.281739 0.126284 0.0193764 0.00150236 0.00140868 0.014246 8.73763e-05 0.231146 0.210303 0.100912 0.000164789 0.00629953 0.00210436 3.51347e-05 0.00439201 
0.224166 0.0168836 0.070026 0.051452 0.00239452 0.0212372 6.34991e-08 0.260399 0.0869815 0.154012 0.00046405 0.0804019 0.00275391 2.9943e-05 0.028798 
0.0315396 0.221079 0.0167374 0.0030227 0.18187 0.00877776 0.024465 0.341757 0.0788806 0.0397357 0.00719656 0.0182475 0.00221186 0.0167007 0.00777822 
0.106762 0.0189676 0.00429516 0.004112 1.96977e-07 0.00182567 0.0412094 0.779365 0.00246642 0.0358141 3.02625e-08 0.00126133 0.0006816 4.38881e-08 0.00323954 
0.0536023 0.621027 0.0318602 0.000239649 0.000215928 0.00573064 0.0090528 0.135536 0.0256796 0.0468039 7.0385e-05 0.0263556 0.00915837 6.1554e-05 0.0346058 
0.543328 0.0174391 0.0371031 0.0390842 0.00298758 0.0211063 0.000737472 0.0754888 0.0944285 0.0865732 0.0010058 0.0354516 0.0360763 7.02387e-09 0.00919029 
0.012175 0.0017448 0.0116618 0.00707587 0.000860867 0.0937105 2.62757e-09 0.0892548 0.0520031 0.0550871 2.92334e-06 0.0102492 0.665714 1.98536e-08 0.000460231 
0.00198294 0.00602913 0.00364386 0.859615 0.000330291 0.00133677 0.00594336 0.09581 0.0164973 0.00786294 8.79394e-05 0.000219867 0.000478956 6.53514e-09 0.000161532 
0.0790037 0.0288206 0.0559478 0.029141 0.00275042 0.0410273 8.19547e-06 0.279668 0.140259 0.2789 0.000143611 0.0253321 0.0162976 2.69994e-07 0.022701 
0.338692 0.00328554 0.00433614 0.00290308 0.000253961 0.217516 2.73789e-07 0.0739148 0.103501 0.108493 4.45885e-05 0.12265 0.000404034 0.0217104 0.00229516 
0.021796 0.0190593 0.0486009 0.000659655 0.00109347 0.0153196 1.22628e-10 0.548571 0.00045338 0.322253 2.21495e-08 0.00720106 0.00524367 1.63376e-10 0.00974968 
0.031019 0.374692 0.0749024 0.00436734 2.29597e-06 2.29715e-06 2.29556e-06 0.0452658 0.173242 0.0273441 2.29709e-06 2.29735e-06 0.0172257 0.00734569 0.244584 
0.00211288 0.196351 0.0315308 0.000488028 0.000602685 1.48936e-07 4.88342e-07 0.0602694 5.47519e-05 0.00247409 1.62297e-07 0.000138989 0.000208574 8.60371e-05 0.705682 
0.00928541 0.00771309 0.012638 0.75351 0.00100396 0.0217862 8.50266e-05 0.127488 0.0197647 0.0215675 0.000401538 0.00384956 0.0019795 0.0180256 0.000902367 
0.0447878 0.0332044 0.0803101 0.0371271 0.633004 0.00507636 0.00190025 0.0802404 0.0165942 0.00836809 3.43773e-05 0.0537428 0.000412185 0.000261026 0.00493734 
0.225352 0.00322985 0.0140717 0.0790103 0.00026553 0.016315 0.00011963 0.375632 0.0647132 0.12367 2.79165e-06 0.0323848 0.0644402 6.68163e-08 0.000792991 
0.288978 3.46046e-07 9.44155e-08 8.61867e-08 4.52985e-11 7.60002e-08 5.51225e-11 0.549507 0.00386715 0.0488889 2.63856e-09 0.107473 0.000399398 0.000456143 0.000429095 
0.0111214 0.016835 0.000908465 0.00150501 5.31903e-05 0.00133309 2.84228e-11 0.0507486 0.0128033 0.015097 2.61024e-06 0.000334384 0.00147774 0.887776 4.59777e-06 
0.0567699 4.38307e-05 0.0168564 0.00090416 3.04254e-05 0.000729202 3.36229e-07 0.0445571 0.00555128 0.0480312 1.58087e-05 0.825283 0.000206524 4.47956e-07 0.00102011 
0.00395855 0.00128356 0.114457 0.0108344 7.36365e-08 0.00402509 7.20959e-06 0.0029002 0.191654 0.230348 1.03114e-06 0.439926 8.67341e-05 3.87057e-09 0.000517801 
0.00400336 0.01441 7.12947e-05 0.00201994 5.1633e-08 0.472955 1.61783e-06 0.465748 0.0248337 0.0100451 1.01734e-05 0.00144029 0.000913315 0.00349859 4.93582e-05 
0.0721115 0.22135 0.214249 0.0166392 0.0014335 0.0314349 0.000100389 0.212827 0.0868269 0.0607792 0.00104687 0.00565148 0.0668172 8.20591e-06 0.00872554 
0.0414183 0.252437 0.0633904 0.00258537 1.15021e-07 0.00766047 7.02564e-08 0.326761 0.190548 0.097662 4.50964e-08 0.000790404 0.00972523 0.00570332 0.00131761 
0.537433 0.0795895 4.93332e-05 0.113901 1.97965e-08 0.00963651 7.13007e-08 0.140987 0.0320509 0.0837407 6.09407e-08 0.00140883 0.000135174 9.38288e-07 0.00106706 
0.0629952 0.0024303 0.0647768 0.028905 6.16624e-05 0.0364412 5.00568e-08 0.0126473 0.197835 0.549952 5.31283e-06 0.00629713 0.0375692 2.3865e-05 5.95861e-05 
0.348453 0.345923 0.033916 0.000230374 0.000531014 0.00362413 0.000531706 0.0268501 0.149413 0.035402 2.15969e-05 0.0111473 0.0151392 1.58999e-05 0.0288008 
0.0631372 0.00903057 0.0126851 0.0475726 0.000385623 0.176677 8.71212e-07 0.101295 0.131034 0.44341 5.19037e-05 0.0118018 0.000915804 3.10365e-09 0.00200337 
0.0149223 0.0741468 0.0304329 0.069734 0.000319164 0.00274928 9.03413e-06 0.254755 0.250226 0.24937 6.13601e-06 0.040443 0.0115964 1.05811e-08 0.0012895 
0.198924 0.168816 0.112534 0.0118393 0.00118504 0.00595535 0.000168272 0.0550952 0.278824 0.110345 0.000399975 0.0265977 0.00875602 0.000442076 0.020118 
0.000199956 0.997886 9.34342e-05 4.92249e-05 6.60931e-06 8.98345e-05 8.04269e-06 4.30957e-05 0.000468589 5.62182e-05 2.67293e-06 0.000292024 4.91293e-06 1.07152e-05 0.000788416 
0.120517 0.00581859 0.00730322 3.11039e-05 0.000350395 1.40199e-06 0.000191446 0.00518823 0.0750495 0.0124915 5.05591e-06 0.0223006 0.000943359 7.04343e-09 0.749809 
0.0441323 0.00142397 0.0139718 0.0591188 0.0076391 0.0227036 0.000166394 0.763961 0.0037516 0.0437854 6.69735e-05 0.00515887 0.0328297 0.000800104 0.000490324 
0.0362449 0.0625883 0.125508 0.00672433 0.000173556 0.000712712 1.64391e-06 0.0998241 0.409195 0.229547 9.2098e-06 0.00840029 0.0163398 1.87626e-10 0.00473132 
0.0106351 0.0178335 0.0318095 0.0366727 0.00336629 0.00109561 2.10429e-09 0.406473 0.331409 0.116939 2.48148e-07 0.000285064 0.0401579 4.23111e-07 0.0033227 
0.000348045 0.819433 0.024203 0.00475045 0.00208221 0.00221564 5.18306e-06 0.0250355 0.00375569 0.0238204 0.00016565 0.000299185 0.00209534 1.07186e-09 0.0917904 
0.00354571 0.0165733 0.000155416 0.00793624 0.000133653 0.0291985 5.75777e-09 0.755113 0.0146816 0.172366 1.73221e-10 4.06999e-07 8.98839e-08 6.94406e-10 0.000296103 
0.014667 0.0599838 0.0661224 0.00970348 0.000510193 0.0926579 2.36486e-05 0.0378196 0.485961 0.0967199 5.18117e-05 0.0827052 0.00642397 3.63954e-07 0.0466497 
0.0572621 0.0374686 0.0758033 0.110569 0.00279705 0.0136152 8.11164e-05 0.438389 0.050804 0.163393 0.00125716 0.0206554 0.0162264 0.00260618 0.00907193 
0.115856 0.476463 0.00641868 0.000911486 0.0345109 0.000908217 0.0222839 0.0723563 0.0315164 0.0305006 0.00038298 0.0346886 2.53523e-06 0.00769438 0.165506 
0.130154 0.0106928 0.161037 0.0110026 0.000181422 0.0233671 1.21617e-06 0.0213205 0.39075 0.194118 0.000126441 0.0482336 0.00297886 1.47181e-05 0.00602255 
0.0112335 0.0323211 0.00196994 0.000514139 0.000345035 0.0155852 3.11741e-08 0.121553 0.259396 0.535711 4.8338e-07 0.011616 3.40799e-07 0.00975363 9.11849e-07 
0.112899 0.0443347 0.0687325 0.0216493 0.00113832 0.0151145 1.91367e-05 0.0534571 0.454992 0.205304 8.05452e-05 0.0107972 0.00776709 5.96823e-05 0.00365462 
0.104043 0.0161932 0.117488 0.0119833 0.00555681 0.0113963 8.37616e-05 0.0391869 0.452002 0.189369 0.000804221 0.0364796 0.00346072 0.0020151 0.00993825 
0.0175852 0.0193457 0.0594443 0.0636461 0.617696 0.0577684 1.40386e-05 0.0639222 0.0256396 0.0106626 0.000261652 0.0296207 0.0323136 1.80022e-07 0.00207959 
0.0537785 0.247423 0.00739362 0.388969 0.00260233 0.0442473 1.49589e-06 0.107889 0.0931375 0.0381715 0.000676232 0.0053064 0.00785761 4.85639e-07 0.00254671 
0.0410604 0.182455 0.126512 0.156557 8.04639e-06 0.013905 0.000719026 0.0932637 0.143868 0.14236 2.33627e-06 0.00941911 0.0014447 4.72749e-07 0.0884262 
0.23055 0.00111036 0.00173805 0.00186729 3.88086e-05 0.550375 3.26727e-07 0.0140523 0.038565 0.154002 9.78019e-06 0.00585679 0.00127257 1.04258e-11 0.000561303 
0.000411764 6.8967e-05 0.00642732 3.34553e-05 1.54988e-07 0.000312598 0.000198465 0.0131448 0.0600573 0.883449 6.22899e-09 0.0340804 0.00178262 7.43028e-08 3.34445e-05 
0.0668083 0.133142 0.0339689 0.0410772 3.09916e-05 0.00338641 0.010133 0.24649 0.0668204 0.366468 2.35649e-07 0.00136797 0.0302532 4.57565e-09 5.32781e-05 
0.230202 0.0361453 0.0989784 0.0390629 0.00645468 0.0459294 0.000333089 0.075212 0.158797 0.215707 0.00141763 0.0602639 0.00507367 1.20344e-05 0.0264112 
0.00234523 0.00109032 0.000119272 0.00889201 3.62569e-05 0.0380359 1.09465e-09 0.127619 0.0172602 0.0164309 9.81612e-06 0.000535261 0.00092215 0.786599 0.00010517 
0.0666554 0.00123601 0.255376 0.000289382 9.938e-09 0.148958 0.000448524 0.370038 0.00496422 0.0896363 4.9747e-05 0.0232212 0.0261536 0.0126894 0.000283825 
0.0086194 0.658168 0.00884367 0.0249287 0.0181536 0.0255527 0.000189871 0.223524 0.0129253 0.00548288 0.000142724 0.000450555 0.00835576 8.51449e-11 0.00466261 
0.0123552 0.1069 0.00177151 0.000916735 0.00248527 0.0176656 4.48718e-05 0.0473416 0.0161982 0.050283 6.32308e-06 0.00125639 0.000535371 4.88043e-07 0.74224 
0.280582 0.00767971 0.0104637 0.0156844 0.00105552 0.212743 5.40823e-06 0.047818 0.122886 0.266693 9.61072e-05 0.0211707 0.00222896 1.11372e-05 0.0108827 
0.0114807 0.013489 0.00402182 0.845382 0.00735368 0.00737421 0.000627618 0.068354 0.0211566 0.016472 0.000161187 0.00328187 0.000389232 9.55614e-08 0.000456147 
0.0111214 0.016835 0.000908465 0.00150501 5.31903e-05 0.00133309 2.84228e-11 0.0507486 0.0128033 0.015097 2.61024e-06 0.000334384 0.00147774 0.887776 4.59777e-06 
0.0272309 0.0184797 0.0299837 0.0790463 0.00261044 0.0206807 0.000208846 0.674156 0.0320807 0.0578031 0.00129503 0.0123074 0.035641 0.00301022 0.00546574 
0.0040459 0.136968 0.0852151 8.02414e-05 0.0336842 6.16273e-07 1.58006e-10 0.0313902 0.0272026 0.0514489 2.25258e-08 8.47925e-07 0.00299022 3.08351e-07 0.626973 
0.000179479 0.0408989 0.554758 0.00946921 0.00305918 0.000661224 0.000105113 0.163133 0.0946685 0.0591739 3.20127e-07 0.0715357 4.44001e-07 1.99912e-07 0.00235641 
0.000776058 0.0121117 0.217447 0.0550166 0.53166 0.0022709 7.61517e-06 0.0429575 0.0126057 0.115695 2.05915e-06 0.000470686 0.00192417 4.51206e-07 0.00705461 
0.270839 0.00024253 0.00160237 0.0645252 0.00273317 0.0119167 2.88553e-07 0.0123182 0.0318151 0.0238353 1.76436e-05 0.578524 0.000146475 1.11096e-09 0.00148426 
0.0246033 0.0101101 0.723691 0.000821033 0.00299318 0.00737067 0.00182609 0.0211882 0.091024 0.0979232 0.000172215 0.00971953 0.0069576 0.000857772 0.000741844 
0.234409 0.0380181 0.03723 0.013528 0.000384178 0.000683349 0.000242261 0.146604 0.369336 0.108852 1.3169e-05 0.0118436 0.00173877 1.48445e-07 0.0371165 
0.0956279 0.074489 0.0743655 0.00906112 0.296104 0.162763 0.0464574 0.0317441 0.0790488 0.0703852 0.00504054 0.039863 0.00290487 0.00925738 0.00288856 
0.00111827 0.0141877 0.000825066 0.00635447 0.000469609 0.0249855 3.82262e-05 0.685583 0.0367333 0.220577 8.10488e-08 0.00566052 0.00318498 8.08402e-05 0.000202108 
0.0516535 0.0249232 0.0195859 0.124523 0.00190852 0.0529233 0.00183492 0.522777 0.0500479 0.082946 0.000329838 0.0265458 0.0375739 0.000190244 0.00223732 
0.00406572 0.00044669 0.000543471 0.640735 0.000101667 0.000747008 2.23597e-10 0.294352 0.0302051 0.0216868 7.53886e-06 0.00696344 7.00171e-05 6.82241e-10 7.58842e-05 
0.0605294 0.00931525 0.0297589 0.0746055 0.000159318 0.0770819 0.00114707 0.639329 0.0434016 0.0484149 0.00062479 0.0030081 0.00944166 0.00308594 9.69082e-05 
0.00695766 0.854634 0.031262 0.000252814 0.000180176 1.9978e-09 4.79773e-06 0.0592803 0.0361306 0.00754229 2.17702e-09 1.42472e-09 9.45492e-05 8.72724e-09 0.0036604 
0.223793 0.00139232 0.00207312 0.00215878 5.82108e-05 0.637532 6.04584e-07 0.0158116 0.0382974 0.0756798 1.82406e-05 0.00249761 0.000216594 3.88799e-12 0.00047044 
0.0288219 0.19672 0.0467415 0.00685776 0.00371725 0.00347679 2.59024e-05 0.100707 0.0953347 0.227033 6.27038e-05 0.0171179 0.142343 1.26399e-05 0.131027 
0.0144195 0.565244 0.0599004 0.0324731 0.0029809 0.00341951 7.78579e-05 0.224554 0.0344746 0.0235915 0.000401146 0.016709 0.0166278 0.000737095 0.00439034 
0.0685029 0.354276 0.0778928 0.0261169 0.0195834 0.0203601 7.49541e-06 0.106566 0.0411451 0.084275 6.14873e-05 0.0103819 0.00376157 0.000537423 0.186531 
0.00257338 0.0523665 0.0136116 0.0285025 6.56624e-07 0.000324174 0.000399848 0.724188 0.0168487 0.154423 2.65552e-07 0.00536712 2.66376e-05 6.40515e-05 0.00130372 
0.0397243 0.0639151 0.00870612 0.0289525 0.000480209 0.0198638 1.31609e-08 0.262408 0.0361475 0.0927297 1.02397e-05 0.00406125 0.00288086 0.435686 0.00443432 
0.000351092 0.0346919 0.00147526 0.000617219 1.72769e-05 0.000410177 0.00123858 0.01043 0.878382 0.0709123 2.27828e-05 0.00104665 2.77516e-06 2.79062e-05 0.000374363 
0.0617069 0.0182465 0.12373 0.00620179 0.000270969 0.0230515 0.000705283 0.0341911 0.524863 0.181923 0.000559609 0.0110037 0.00652453 0.000761091 0.00626114 
0.000240607 0.0169667 0.000161665 3.07791e-05 3.16106e-07 0.000149693 1.24871e-05 0.0748924 0.00189234 0.878584 1.27839e-07 0.0261495 0.000862256 5.12482e-07 5.6101e-05 
0.320358 0.000424691 0.000545386 0.0040247 3.61696e-05 0.352379 4.22008e-08 0.00393748 0.117153 0.197876 1.80686e-05 0.00304621 0.000116714 2.88642e-12 8.42757e-05 
0.147094 0.00737074 0.0731019 0.0171905 2.26619e-05 0.0247148 0.0277927 0.0153732 0.554883 0.0931547 5.67803e-06 0.038708 0.000276728 3.71522e-06 0.000307473 
0.000708721 0.000258238 0.0105115 0.00123777 0.963235 0.0012814 2.30014e-05 0.0160937 0.0054762 0.0005105 2.63149e-06 0.000345824 0.000221019 1.24163e-12 9.42986e-05 
0.053719 0.0006842 0.00880675 0.00187655 1.40692e-05 0.043054 2.18987e-08 0.0341694 0.103371 0.746952 1.38933e-06 0.00677321 0.000540718 1.54715e-11 3.69366e-05 
0.0252396 0.0192354 0.00446648 0.000427819 6.55076e-05 0.119091 9.68918e-06 0.0207921 0.379208 0.420178 1.13547e-05 0.0109885 0.000198583 1.2458e-11 8.8691e-05 
0.00870315 0.00203654 0.00256708 0.00225573 0.000140764 0.00333361 1.09263e-09 0.95162 0.00874512 0.0178371 5.30691e-05 0.00141759 0.00116399 7.33625e-09 0.000126103 
0.117772 0.00299908 0.0213254 0.0399013 5.5475e-05 0.145326 2.17621e-05 0.131804 0.0438833 0.413226 3.46129e-05 0.0166133 0.065607 7.81413e-12 0.00143214 
0.0245669 0.00201703 0.00824562 0.0038386 3.45996e-05 0.00242316 5.4587e-09 0.725616 0.00214495 0.148214 6.28264e-06 0.00465728 0.0781688 6.16679e-11 6.6811e-05 
0.230435 0.0186077 0.000877134 0.0298264 9.57147e-06 0.486864 0.000151594 0.0304468 0.0279021 0.163766 3.81095e-05 0.00896374 0.000782024 4.89491e-08 0.0013302 
0.284927 0.0392278 0.00937018 0.0262309 0.000705495 0.0143007 6.82619e-06 0.0239969 0.295015 0.117877 0.000289083 0.0566184 0.00121902 9.86693e-06 0.130206 
0.142569 0.653105 0.0131123 0.000377052 2.68908e-07 2.58955e-06 9.36037e-07 0.0962072 0.0883935 0.00195685 7.91372e-07 0.00381888 0.000115 3.57932e-06 0.000336789 
0.0147333 0.0274732 0.461111 0.0131047 0.000235477 0.00173556 3.11416e-05 0.0634039 0.10448 0.120022 8.52794e-05 0.0443232 0.000711197 5.0142e-07 0.148548 
0.06197 0.0200793 0.199783 0.00910274 0.0124885 0.00512713 3.96203e-09 0.0508696 0.153239 0.408009 0.000275423 0.00758388 0.000340416 6.25972e-11 0.0711321 
0.0700096 0.0460483 0.00812714 0.0220128 0.000885002 0.0205046 8.07497e-06 0.0620435 0.556837 0.200758 8.74295e-06 0.00124489 0.000868181 1.9361e-09 0.0106442 
0.0348053 0.0390365 0.3462 0.0823106 0.0478354 0.00794 5.25683e-08 0.221933 0.0703834 0.0669136 0.000223667 0.0268132 0.0483694 3.91094e-11 0.00723595 
0.837426 2.295e-05 0.000115353 0.000264418 2.16773e-06 0.000304904 8.12163e-05 0.00171212 0.132156 0.0274374 5.36085e-07 0.000249182 0.000119679 4.94423e-08 0.000108148 
0.000853928 0.00443722 0.0240628 0.000535858 0.00177553 0.0011455 0.000243653 0.00722848 0.0110818 0.00661915 1.84788e-06 0.0547864 0.000964475 0.884102 0.00216144 
0.0126869 0.505053 0.213459 0.0261643 0.000647956 0.00472322 7.25072e-06 0.0820845 0.0352008 0.0791028 0.000245133 0.00275491 0.0105665 2.14126e-09 0.027304 
0.15592 0.246226 0.169195 0.00140328 0.00232039 0.0160403 0.000422436 0.0496723 0.257188 0.0642263 0.000519302 0.0160999 0.00148371 1.11233e-07 0.0192827 
0.0677623 0.0417393 0.0012469 0.000450019 4.96477e-09 2.5522e-06 6.04149e-09 0.717376 6.21028e-10 0.0570345 2.00785e-09 0.0295948 0.0411846 1.68114e-05 0.0435922 
0.212745 0.110865 0.015407 0.0230848 0.00611096 0.0361307 5.23661e-05 0.0197879 0.525275 0.0231706 0.0010739 0.00433887 0.000476886 0.0117598 0.00972119 
0.104923 0.00683162 0.0305974 0.0154317 8.57495e-09 0.104149 1.99318e-07 0.0674773 0.152819 0.428295 1.87988e-07 0.0109821 0.0784239 1.83146e-08 6.86989e-05 
0.342825 0.00159877 0.00045354 0.00652098 0.00124324 0.369072 2.14398e-06 0.0174067 0.138021 0.11926 8.64978e-06 0.00307876 8.12448e-05 7.29194e-13 0.000427483 
0.15437 0.0223564 0.0795455 0.0527565 0.000126095 0.0328188 0.000123964 0.0114865 0.465042 0.156179 5.32042e-05 0.0237527 0.000223985 2.47771e-09 0.00116503 
0.102929 0.398798 0.15602 0.000331734 0.0015671 0.00978353 0.00678069 0.12196 0.066054 0.0624425 0.000733293 0.000845953 0.00331613 1.60379e-05 0.0684219 
0.0774722 0.762379 0.0360348 7.8548e-06 0.00347048 0.00257725 0.000318214 0.018177 3.8103e-05 0.0361431 2.30291e-05 3.81572e-05 0.00478253 1.93115e-05 0.0585192 
0.0107683 0.00755206 0.00516425 0.696997 0.00110233 0.00994802 4.13464e-07 0.0962276 0.0175326 0.0198044 3.28013e-05 0.00312425 0.00110336 0.129953 0.000689673 
0.00782252 0.0348256 0.509192 0.0176015 0.000805279 0.000959021 8.44679e-07 0.0478584 0.0765958 0.236336 0.000198313 0.0508252 0.00584658 1.11382e-09 0.0111329 
0.037019 0.0119644 0.0636526 0.0157521 1.13396e-05 0.0104743 1.60755e-06 0.727761 0.079478 0.0417682 4.77948e-05 0.00476547 0.00637736 0.000406899 0.000520408 
0.0556061 0.00489233 0.0237763 6.74572e-06 0.0042951 0.00299367 2.13522e-06 0.0368254 0.423701 0.0149241 1.33181e-06 0.407973 0.00872906 4.77503e-05 0.0162265 
0.339789 0.00336352 0.0872566 0.00141478 0.0100725 0.00926974 0.00771736 0.037684 0.298773 0.0197459 2.64769e-05 0.015028 0.00699443 4.0535e-11 0.162864 
0.00033824 0.0130021 0.101916 0.000537734 0.00141657 0.00150277 2.11806e-05 0.129792 0.114424 0.175335 3.80527e-13 0.459186 0.000572132 5.31188e-05 0.00190287 
0.0453083 0.300035 0.0897147 0.0166622 0.00121599 0.017318 0.00313519 0.110768 0.0805599 0.265279 0.000503552 0.0220949 0.015041 0.00903518 0.0233285 
0.157464 0.390683 0.0951799 5.40581e-06 0.000434036 0.000908118 0.000176352 0.0130595 0.188185 0.0723518 1.00945e-05 0.0400124 0.000955708 0.000137306 0.0404382 
0.270839 0.00024253 0.00160237 0.0645252 0.00273317 0.0119167 2.88553e-07 0.0123182 0.0318151 0.0238353 1.76436e-05 0.578524 0.000146475 1.11096e-09 0.00148426 
0.0448519 0.00452595 0.0255446 0.0308886 0.000349522 0.0020568 0.000112238 0.617547 0.0921963 0.090078 4.22975e-06 0.0907164 0.000675553 7.6205e-05 0.000376382 
0.0920113 0.00206953 0.503082 0.000563495 2.04436e-10 0.00215233 3.58971e-06 0.0191249 0.0222411 0.164409 5.66242e-06 0.142974 0.0513349 1.88445e-05 9.42128e-06 
0.127861 0.311569 0.136395 7.15207e-06 5.00739e-07 2.23001e-07 5.53891e-11 0.0791126 0.0312505 0.246057 2.35643e-07 0.0611604 1.2147e-06 4.576e-07 0.00658433 
0.0197631 0.0130833 0.00767476 0.0283052 4.61547e-06 0.0222204 2.52136e-07 0.830182 0.00463489 0.0483466 2.96333e-07 0.000824461 0.0249285 7.87461e-07 3.13323e-05 
0.0401392 0.30843 0.0503814 0.0104609 0.000212219 0.00434238 3.8692e-05 0.267743 0.150367 0.116728 0.00012868 0.0114588 0.00356155 0.00260174 0.0334073 
0.00264799 0.272199 0.219963 0.00753229 0.0052255 0.0143398 2.64219e-05 0.169049 0.0309939 0.160529 0.000312227 0.0240178 0.00357351 2.38177e-08 0.0895908 
0.0156449 0.726242 0.010007 0.0107596 0.000809493 0.00100408 3.27837e-05 0.112415 0.00895626 0.0900495 0.000364495 0.00182503 0.0182565 2.39846e-06 0.00363106 
0.0243543 0.112908 0.0194653 0.0136428 0.000409634 0.186035 1.32064e-06 0.328409 0.0405772 0.227264 8.21329e-05 0.0330476 0.00116676 1.27038e-07 0.0126358 
0.129243 0.0581354 0.0327848 0.0153782 0.000336663 0.408552 3.23874e-05 0.0600006 0.156151 0.121978 5.50068e-05 0.00978892 0.00207831 0.000146812 0.00533825 
1.32408e-05 0.925999 0.000538546 8.09926e-05 4.00878e-08 0.0335522 0.000957847 0.0219443 0.00513888 0.00603542 5.15555e-06 0.000188359 0.000265485 6.49917e-08 0.00528074 
0.17912 0.000412072 0.00132802 0.0121944 0.000148536 0.746592 1.4868e-06 0.00200908 0.0330921 0.0201166 2.31146e-05 0.00474775 5.68242e-05 7.26866e-11 0.000158247 
0.055234 0.0235252 0.408158 0.0142488 0.0124786 0.0111948 0.0696606 0.0784389 0.113395 0.175335 0.000233424 0.0216217 0.00618961 7.17032e-07 0.0102859 
0.0422235 0.0474038 0.0245878 0.101899 0.012686 0.0224177 3.9503e-05 0.529985 0.0608739 0.0802666 0.00391383 0.0608589 0.00428632 0.000407305 0.00815067 
0.0240262 0.00332798 0.0227836 0.0538776 0.000631901 0.0278635 7.01418e-05 0.584146 0.2384 0.0395605 8.1492e-08 0.00415139 0.000455681 1.73815e-07 0.000704662 
0.707634 0.0119152 0.0131766 0.00100487 2.39337e-05 0.00199357 0.000224366 0.0319711 0.0368699 0.193139 1.54396e-05 0.00149943 0.000224793 6.83402e-12 0.000307392 
0.323649 0.0498173 0.0137967 0.0266595 0.309737 0.0865482 7.08402e-05 0.0170911 0.0937829 0.049933 0.000199154 0.0258366 0.00151119 1.66164e-08 0.00136763 
0.00565307 0.000908963 0.0359458 0.00105713 0.727729 0.00120772 0.000150809 0.0360083 0.182455 0.00529163 4.61037e-06 0.00153339 0.000310244 2.46088e-12 0.00174418 
0.405543 0.0349889 0.0185421 0.0272985 0.00464444 0.00497107 1.32481e-05 0.0709302 0.11563 0.0132462 1.03168e-05 0.0298995 0.241433 0.0198785 0.0129703 
0.12664 0.0449768 0.123575 0.00100204 0.000760649 0.00361412 0.000859674 0.0317352 0.150417 0.0134974 0.000292836 0.0357658 0.00163642 0.461075 0.00415217 
0.012175 0.0017448 0.0116618 0.00707587 0.000860867 0.0937105 2.62757e-09 0.0892548 0.0520031 0.0550871 2.92334e-06 0.0102492 0.665714 1.98536e-08 0.000460231 
0.00828884 0.00242386 0.0254513 0.22131 0.000215813 0.0273773 3.84811e-08 0.288251 0.0593158 0.092245 7.34473e-05 0.0299385 0.00503108 0.238521 0.00155749 
0.00894041 0.492315 0.152834 0.00841383 0.000200724 1.47297e-07 2.60479e-05 0.0487367 0.00722173 0.0410369 6.37388e-05 0.194755 0.0311145 0.000386748 0.013955 
0.100479 0.0115548 0.00023921 0.00999429 1.33769e-11 0.0481895 1.92049e-07 0.279399 0.0856276 0.46337 9.97466e-09 7.11154e-06 0.000601131 6.16518e-07 0.000538079 
0.253321 0.00344244 0.0028389 0.00303922 0.406469 0.0238148 0.173791 0.0698687 0.0553929 1.5239e-06 6.03667e-08 3.3367e-06 5.54396e-07 1.8662e-05 0.00799732 
0.00723074 0.0482837 0.0226334 0.0410415 0.00743293 0.00455265 8.12248e-07 0.795582 0.0199874 0.0271522 2.40134e-05 0.00428398 0.00460862 0.0128337 0.00435259 
0.0173632 0.00207689 0.0881921 0.000624628 0.000177462 0.000516875 3.00315e-09 0.110363 0.341657 0.425147 9.47758e-06 0.00595603 0.00502645 2.10091e-07 0.00289053 
0.0485604 0.00746538 0.05077 0.0190461 0.0193023 0.0385511 2.75156e-05 0.214866 0.0339502 0.424079 6.42828e-05 0.129143 0.00189193 3.0507e-05 0.0122513 
0.0135604 0.591046 0.0391758 0.00481001 0.0419688 0.00664651 0.00730617 0.173564 0.04571 0.0502551 0.00242163 0.00147065 0.00761074 1.09204e-05 0.0144428 
0.178055 0.0492572 0.0501757 0.0547729 0.000372232 0.00755239 0.000207389 0.0950006 0.111878 0.150761 6.09614e-05 0.282226 0.0193305 2.2665e-08 0.000350212 
0.409396 0.0197258 0.0888618 0.00133302 0.00384208 0.031332 0.000477031 0.036027 0.137638 0.138463 9.6136e-05 0.107938 0.0120333 0.000530965 0.0123058 
0.00174855 0.0541018 0.0328617 0.0102845 0.766233 0.0103058 1.74478e-06 0.0221446 0.0261715 0.0337624 0.00169915 0.0355587 0.00186868 5.81394e-08 0.00325772 
0.0665102 0.00942739 0.00358493 0.0010265 0.000154196 0.0526923 1.30367e-08 0.0291646 0.367975 0.452883 3.53256e-05 0.0154126 0.00109932 3.5422e-05 1.04162e-08 
0.294711 0.0526457 0.00233492 0.000150162 1.43899e-07 0.0336461 0.00028256 0.0129725 0.203192 0.397395 3.3383e-07 0.000328726 0.00125644 2.74746e-10 0.00108361 
0.00483518 0.000142928 0.0609336 2.61787e-06 2.45967e-06 5.1619e-06 1.54931e-11 0.916442 0.00486347 0.00517046 5.14903e-12 0.00653642 0.000928797 2.06414e-11 0.000137008 
0.0125352 0.00308197 0.0133474 0.0424091 0.000888743 0.210057 0.00894664 0.510459 0.0221646 0.165654 2.63123e-05 0.00815533 0.000740547 0.00124604 0.000287951 
0.0125313 0.104644 0.00131324 3.73861e-06 1.37758e-09 0.0144569 2.6764e-07 0.224373 0.00325822 0.406049 4.37943e-08 0.00781917 4.69325e-06 2.23337e-09 0.225546 
0.00576292 0.00451715 0.000485899 0.00249602 0.000183517 0.000221665 8.28713e-11 0.0542271 0.0291232 0.00107804 4.29685e-05 0.00950338 5.17511e-06 0.882364 0.00998864 
3.63005e-07 0.594956 0.237329 0.0142038 1.27728e-06 5.60627e-07 6.75704e-08 0.0663257 0.0229627 0.0561178 1.44343e-07 0.00493589 0.00254727 0.000618513 5.91329e-07 
