0.117201 0.166466 0.0190745 0.0157001 0.000832002 0.00519258 0.0502959 0.261699 0.0679491 0.228337 0.000362533 0.0348863 0.00917382 0.0151547 0.00767621 
5.62307e-06 0.060437 0.111147 1.42464e-06 1.56116e-06 0.00461742 3.31012e-09 0.0607982 0.747853 1.60401e-05 1.1001e-09 0.0151214 1.41789e-06 4.41006e-09 1.89349e-09 
0.0485085 0.00767597 0.00871587 0.000194606 9.41787e-11 0.000430046 3.84278e-08 0.034306 0.00412825 0.890273 3.80877e-11 0.00459562 2.15288e-06 1.52686e-10 0.00117035 
0.0129061 0.213437 0.0114114 0.0490545 1.40212e-05 0.00102687 4.82761e-05 0.0345187 0.158136 0.0572248 1.65352e-06 0.000821175 0.452777 0.00436455 0.00425886 
0.180093 0.042992 0.480298 0.0064106 0.000376437 0.00698175 0.00177288 0.0127944 0.0980733 0.115678 5.90546e-05 0.043966 0.00145391 0.00233971 0.00671178 
0.0871961 0.00303356 0.04972 0.0011804 1.50095e-06 3.82346e-06 4.58551e-07 0.442613 0.0615763 0.124637 3.11147e-09 0.0129604 0.214645 1.20884e-06 0.00243145 
0.0594405 0.00525686 0.0335352 0.0421512 5.44893e-05 0.0152941 6.32973e-05 0.622367 0.0267211 0.0610274 8.48146e-06 0.0760869 0.03492 0.0139537 0.00911952 
0.0390716 0.00341813 0.563849 0.0007481 6.7882e-05 0.00106186 0.000164486 0.158651 0.00662187 0.0971317 3.39671e-05 0.0590098 0.0339535 0.0317225 0.00449439 
2.97587e-07 1.02964e-05 0.113767 0.00144002 1.68792e-07 1.66524e-06 9.71707e-07 3.16237e-06 0.215914 0.655578 4.54783e-11 0.0132836 8.36737e-08 1.82313e-10 5.32364e-07 
0.00443012 0.000266508 0.685308 0.00457386 0.000201395 1.42809e-07 7.65874e-05 0.00204299 0.170214 0.109427 3.70932e-09 0.00862191 0.011676 1.95992e-08 0.00316168 
7.72276e-05 0.712028 0.0756026 6.89577e-06 0.00710571 1.90875e-05 1.24619e-07 0.0409205 0.00215458 0.00557246 4.14162e-08 0.000195936 0.0176257 0.137486 0.00120536 
0.14922 0.213919 0.00814399 0.204243 4.97198e-05 0.0037487 4.05486e-07 0.142233 0.00294535 0.145579 6.38201e-11 0.096389 0.0213637 0.00106984 0.0110951 
0.0387246 0.000631891 0.0206419 0.000416158 9.05528e-09 0.0377993 1.27542e-07 0.0235755 0.298028 0.57216 2.54677e-11 0.00471562 0.00283261 7.93591e-07 0.000472779 
0.376432 0.0333744 0.0710853 0.0127431 0.00633247 0.0674715 0.000315444 0.0442388 0.171459 0.126595 9.73302e-05 0.0739889 0.000576122 0.0024701 0.0128209 
0.0707756 0.00771019 0.0060695 0.00298134 1.62611e-07 0.022703 3.82107e-07 0.0121919 0.260613 0.596168 4.27837e-08 0.0202215 9.38861e-05 5.41477e-08 0.000472184 
0.00686529 0.10803 0.358523 1.48443e-05 9.86279e-07 1.65354e-07 2.72905e-06 0.0111341 0.434735 0.00304238 1.55742e-07 0.00152498 0.00688067 3.92207e-07 0.0692464 
0.00369156 0.00018156 0.00012865 0.342524 6.6642e-05 0.0160944 0.050886 0.577367 0.00122616 0.00649266 4.48864e-09 0.000851886 0.000487164 2.32698e-06 8.57407e-08 
0.249589 0.00814607 0.0112058 0.00141608 0.000263303 0.0193126 3.47352e-05 0.0125995 0.583141 0.0834358 3.07697e-05 0.0173813 0.00159263 7.8686e-05 0.0117727 
0.00260212 0.00300394 0.00019142 8.26868e-05 5.6257e-05 8.24978e-05 0.000359154 0.00300626 0.986072 0.00355797 1.97271e-05 0.000567749 2.16383e-05 0.000178817 0.000197436 
0.0500053 0.000511771 0.0133683 1.58407e-05 6.07524e-05 0.00294511 4.04881e-06 0.064875 0.0204449 0.0530533 3.71529e-06 0.704185 0.0904909 2.51567e-05 1.12018e-05 
0.00391172 0.118574 0.0372671 0.00349757 0.00521447 0.000254467 6.52657e-06 0.501632 0.0562799 0.186613 7.32628e-08 0.0041141 0.0699188 4.65959e-05 0.0126707 
0.0329011 0.0181107 0.0462503 0.0894296 0.00335881 0.00654407 8.8172e-05 0.547016 0.0370611 0.18382 6.86894e-05 0.00361619 0.029892 0.000334243 0.00150878 
0.00604786 0.000107924 0.359052 5.0763e-08 0.000702806 3.86089e-07 0.000167466 0.0174826 0.00764791 0.0567173 1.10756e-08 0.551338 6.53572e-05 4.37215e-05 0.000626608 
0.0283717 0.0326019 0.0286736 0.404187 0.00253988 0.026098 0.00584646 0.338419 0.0526684 0.0534976 0.000831033 0.014257 0.00558147 0.00213107 0.00429564 
0.0141646 0.0727588 0.0328633 0.0167528 0.00612647 0.00792175 0.00479145 0.712938 0.0573431 0.0575263 9.80933e-05 0.00688486 0.00481585 0.000202749 0.00481221 
0.26802 0.0292286 0.0577797 0.0144012 0.0209646 0.0266271 0.00311827 0.0969265 0.198563 0.136376 8.62932e-05 0.0928666 0.00271743 0.00179897 0.0505251 
0.0553727 0.0295615 0.0381541 0.00924771 0.00143778 0.0492125 6.26368e-06 0.0219561 0.424336 0.364131 1.86061e-06 0.00361011 0.00134235 3.74708e-05 0.00159232 
0.0220481 0.0453473 0.351473 0.0188455 0.0042037 0.0123362 0.000236107 0.0363833 0.288332 0.124453 4.62317e-05 0.058907 0.00788643 0.0235061 0.00599565 
0.0159778 0.0681047 0.0261848 0.165998 0.000633392 0.215636 0.000674166 0.312622 0.0676237 0.0871165 0.000110968 0.0170848 0.0165188 0.00258207 0.00313164 
0.00354571 0.0165733 0.000155416 0.00793624 0.000133653 0.0291985 5.75777e-09 0.755113 0.0146816 0.172366 1.73221e-10 4.06999e-07 8.98839e-08 6.94406e-10 0.000296103 
0.0193437 0.0147977 0.0165092 0.00782382 0.000504761 0.147331 0.0004677 0.641729 0.0281974 0.0452518 5.4944e-05 0.00680069 0.0682689 0.000939902 0.0019801 
0.0183085 0.00108663 0.000972467 2.47475e-05 5.49828e-05 0.00239025 7.14731e-06 0.906481 0.0035735 0.0523726 3.08479e-06 0.0106596 0.000298679 0.000895706 0.00287152 
0.250971 0.0656811 0.0583522 0.0211823 0.00520055 0.0179865 0.030393 0.038323 0.388381 0.0600119 0.00181156 0.0248052 0.00243494 0.0019474 0.0325183 
0.324145 0.02617 0.102268 0.0146034 0.000261761 0.0329633 0.00596498 0.0982857 0.0644912 0.299832 0.000162798 0.0197434 0.00630756 0.000744166 0.00405709 
0.298945 0.0147627 0.00494044 2.06375e-06 2.40077e-09 0.00716201 2.92144e-09 0.0043634 4.59365e-06 0.624142 9.7092e-10 1.09811e-05 0.00847887 0.000270768 0.0369177 
0.04925 0.00152974 0.00595319 1.4974e-05 3.22897e-05 0.000113735 2.03144e-05 0.000515226 0.0487362 0.00491495 3.56773e-06 0.888446 0.000184907 7.35671e-05 0.000211491 
0.0543391 0.0176346 0.554974 0.00687904 0.00278234 0.0167646 0.000227015 0.109889 0.0479034 0.139934 4.17555e-05 0.0258142 0.00197371 0.00624284 0.0146006 
0.0140549 0.0143278 0.00426377 0.00982694 0.00255723 0.00599024 0.00154362 0.875232 0.0214157 0.0401171 3.528e-05 0.00651143 0.00384787 9.14905e-05 0.000184206 
0.145097 0.000143442 0.310052 0.000603936 5.21094e-05 0.00147664 0.000410797 0.00127993 0.234676 0.00491722 9.34278e-07 0.300785 4.94245e-05 1.37638e-06 0.000453461 
0.270899 0.0019196 0.00168418 0.00137533 2.23302e-12 0.00365312 1.08964e-09 0.00347341 0.299976 0.406012 9.03075e-13 0.0103794 0.000129848 3.62025e-12 0.000497716 
5.66516e-05 0.554642 0.0123069 1.09999e-05 2.75238e-09 2.80376e-05 3.34929e-09 0.185959 3.98929e-06 0.246919 1.11311e-09 1.56047e-05 2.04594e-09 4.46225e-09 5.82265e-05 
0.0932051 0.0460302 0.03852 0.0563149 1.23671e-07 0.022213 6.95529e-08 0.517038 0.0237143 0.0529861 1.80888e-08 0.0627821 0.00496676 0.010292 0.0719374 
0.0626767 0.00968269 0.0663859 0.00392749 3.23209e-05 0.147111 0.000112091 0.0792435 0.469065 0.145213 2.27476e-05 0.00881313 0.000623796 0.00504501 0.00204559 
0.000722716 0.0192812 0.278715 6.80529e-08 0.000670189 0.000153938 1.37066e-10 0.0218097 0.556407 0.0828872 4.55528e-11 0.038224 1.12401e-07 1.82612e-10 0.00112914 
0.0143824 0.0346356 0.138408 0.00202406 6.7587e-05 0.0257414 7.0599e-06 0.0569631 0.36621 0.359194 4.75679e-09 0.000659711 0.00170692 1.68267e-07 1.12357e-07 
0.211836 0.0352025 0.0345287 0.0256383 0.0034307 0.0645425 0.0154538 0.279494 0.0263346 0.155371 4.56293e-05 0.0472999 0.00131757 0.0991159 0.000388846 
0.0021088 4.33787e-06 0.000335316 0.0084797 1.60726e-05 0.00921578 1.99034e-07 0.215691 0.0372065 0.723196 6.61477e-08 2.58757e-05 0.00372024 2.65172e-07 1.13854e-07 
0.0189499 0.0599413 0.030032 0.0171378 0.00268456 0.0251636 4.86704e-05 0.0722212 0.408577 0.311674 3.46883e-05 0.0118101 0.0176218 0.000490098 0.0236135 
0.0141722 2.54146e-05 0.00218505 0.00343199 3.32834e-06 0.000424881 7.35678e-07 0.192799 0.00476539 0.780555 2.44498e-07 0.00129903 3.89784e-05 2.82113e-05 0.000270002 
0.340788 0.00709869 0.0307908 0.0111282 0.000490742 0.162143 8.97953e-05 0.041749 0.0509144 0.309701 3.77836e-05 0.043588 0.000851168 0.000200473 0.000428324 
0.0319338 0.0583403 0.0258345 0.0409845 0.00103903 0.0714547 0.000209219 0.611443 0.0381657 0.0689259 0.000147524 0.0208123 0.0190322 0.0112033 0.000473645 
0.0495161 0.419272 0.0246013 0.0858924 0.0411048 0.0349094 0.000202046 0.0737727 0.183573 0.0305464 0.000173568 0.0215593 0.00207252 0.0233823 0.00942234 
0.127256 0.0157724 0.0103209 0.0228547 0.000665161 0.018914 0.000116315 0.0998671 0.452926 0.222943 2.81746e-05 0.0203918 0.00408019 0.000404223 0.00346022 
0.0530793 0.0294058 0.017222 0.12164 0.00143959 0.0280491 0.00123396 0.617696 0.0400355 0.039224 0.000127471 0.010403 0.0108518 0.0075721 0.0220209 
0.117009 0.00249253 0.0909882 0.00734836 0.00106524 0.0417321 0.000235883 0.0233438 0.595306 0.0757857 9.92206e-07 0.0366701 0.00124325 2.29894e-06 0.00677665 
0.0542782 0.0578659 0.0293506 0.000188278 0.383513 0.00519286 1.09055e-05 0.00762046 0.256743 0.179752 1.37909e-06 0.000443105 0.00042721 0.0227914 0.00182143 
0.0157375 0.0842992 0.011426 0.0200147 0.000825568 0.34337 4.94438e-05 0.41286 0.0441306 0.0296228 4.88666e-05 0.0122808 0.00416396 0.0197785 0.00139246 
0.14437 0.00268492 0.274706 0.0106617 0.000575386 0.00201864 0.000316567 0.04361 0.0376852 0.39242 7.19149e-06 0.00727007 0.0037542 8.76177e-06 0.0799113 
0.0104079 0.00536917 0.295997 0.00386214 0.0209185 0.00754869 2.10604e-05 0.0125893 0.26335 0.15719 1.5115e-05 0.219592 0.00149376 0.000324905 0.00132063 
0.0153157 0.275061 0.0513375 0.00889045 0.0437151 0.0110854 0.000222763 0.114341 0.123417 0.118317 1.16934e-07 0.0115318 0.121712 0.000407705 0.104645 
0.00390664 0.00318006 0.000291496 9.56495e-05 0.000352803 9.61316e-05 0.00042186 0.00319711 0.982962 0.00372834 2.32457e-05 0.000887212 3.60055e-05 0.000613585 0.00020797 
0.0851475 0.434055 0.0179862 0.000980734 0.00154523 0.00190844 0.00110393 0.15839 0.186382 0.0794499 0.000123405 0.0132058 0.00598759 0.00120705 0.0125277 
0.270899 0.0019196 0.00168418 0.00137533 2.23302e-12 0.00365312 1.08964e-09 0.00347341 0.299976 0.406012 9.03075e-13 0.0103794 0.000129848 3.62025e-12 0.000497716 
0.258013 0.0460169 0.0181295 0.00213231 0.0001571 0.00120237 0.00014897 0.0534812 0.522809 0.0726502 4.6117e-05 0.020431 0.00226821 4.99989e-05 0.0024648 
0.752731 0.0042855 0.0131586 6.03494e-05 1.86228e-05 0.000791158 2.28138e-05 0.0776297 0.115298 0.00911528 6.23725e-06 0.0255997 0.00103879 0.0001215 0.000123089 
0.00992699 0.292075 0.0310723 0.000446191 0.00022892 0.000965743 0.000101511 0.0571827 0.0123214 0.0706996 4.25252e-05 0.00251496 0.00179785 4.95451e-05 0.520575 
0.0234831 0.00530758 0.345326 5.8431e-05 8.74394e-05 7.94514e-06 2.37623e-05 0.0917239 0.252491 0.0985449 1.40118e-08 0.168566 3.9659e-06 5.61705e-08 0.0143749 
0.0266795 0.0130279 0.0196601 0.0392516 0.00407031 0.0221788 0.000476104 0.705699 0.0337763 0.0587177 0.000104575 0.00336402 0.0689736 0.0024711 0.00154936 
0.168773 0.0028262 0.000160196 0.0531703 3.22967e-07 9.69839e-06 9.39171e-11 0.224848 0.0470218 0.498687 3.12127e-11 0.00132438 0.00317988 1.25125e-10 5.37236e-11 
0.00354571 0.0165733 0.000155416 0.00793624 0.000133653 0.0291985 5.75777e-09 0.755113 0.0146816 0.172366 1.73221e-10 4.06999e-07 8.98839e-08 6.94406e-10 0.000296103 
0.0878368 0.00275966 0.0124664 0.0159325 4.37043e-08 0.00584258 1.07117e-06 0.684124 0.0236655 0.133865 2.49037e-08 0.0122198 0.0140963 4.14717e-05 0.0071495 
0.0523782 0.0974484 0.0323318 0.0300003 0.000425065 0.0132125 0.00161948 0.209742 0.299655 0.189052 0.000417862 0.0124036 0.0485614 0.00590009 0.0068523 
0.33944 0.0114408 0.024526 0.00072837 1.65707e-05 0.00443783 0.000992071 0.0484476 0.219311 0.293051 1.0549e-05 0.0535742 0.000665259 1.32728e-05 0.00334573 
0.139774 0.0494218 0.261934 0.0695616 0.0119711 0.00349477 0.000124984 0.0267183 0.042285 0.0317375 4.19652e-06 0.296525 0.000187316 0.0522867 0.0139746 
0.0149286 0.0263063 0.0402674 0.0355252 0.00203045 0.00178126 8.20903e-06 0.625913 0.0554234 0.133973 4.81783e-07 0.0166578 0.00868363 0.0260766 0.012425 
0.0168033 0.0326073 0.131333 0.0248 0.0105703 0.0227951 0.0014057 0.0690408 0.383649 0.251285 1.73925e-05 0.0295174 0.00418105 0.010107 0.0118875 
0.0623657 0.0213245 0.171679 0.00391663 0.00316724 0.0100794 0.000547068 0.042292 0.461 0.152746 4.86104e-06 0.0349859 0.0255627 0.00627524 0.00405351 
0.00456278 0.00166513 0.000648491 0.00130186 0.000742499 0.0016378 8.3812e-05 0.97118 0.00158894 0.00680749 5.55973e-08 0.00163371 0.00728619 2.22878e-07 0.000861343 
0.033839 0.00696135 0.0201931 0.000774545 0.000103879 0.0106422 2.36915e-05 0.0565693 0.588956 0.26559 1.21647e-05 0.00361322 0.00923455 3.04785e-05 0.00345614 
0.147091 0.324604 0.0163711 0.00108222 0.00116755 0.0303132 0.000153877 0.0903201 0.0868933 0.266109 8.9208e-05 0.00415838 0.000812567 0.0243528 0.00648177 
9.43159e-05 8.00877e-07 0.00286877 0.0988366 3.29021e-11 4.50457e-05 4.00377e-11 0.89384 0.00037435 0.00369097 1.33062e-11 0.000249435 1.75424e-07 5.3342e-11 2.29028e-11 
0.600489 0.0151684 0.0251738 0.000389661 0.0293336 0.0164361 0.100281 0.062363 0.107637 0.0206803 3.19049e-06 0.0124736 0.000269333 0.000376344 0.00892596 
0.169467 0.0176296 0.0207346 0.20473 8.55679e-05 0.00181407 7.72058e-05 0.0377458 0.390445 0.0179397 4.26889e-07 0.134837 0.000556659 1.91588e-05 0.00391739 
0.0162452 0.0382708 0.00401466 0.0172531 0.00185569 0.0126675 6.65565e-05 0.736271 0.0268286 0.0791159 3.85838e-06 0.0176418 0.00290712 0.0339222 0.0129359 
0.216683 0.638276 0.018752 0.0354876 3.47713e-05 0.000605466 1.89358e-06 0.0128575 0.000941147 0.00349823 6.29317e-07 0.00137028 0.000121961 2.5228e-06 0.0713669 
0.000470645 3.36785e-06 6.07219e-05 0.00139772 1.93553e-09 9.35574e-07 2.35529e-09 0.996792 3.55042e-09 0.00114057 7.82765e-10 8.23155e-05 4.01156e-05 1.12158e-05 1.3473e-09 
0.885678 0.00111835 0.0283241 0.000691132 5.79001e-05 0.00319348 0.00057699 0.0312673 0.0176593 0.0286296 6.93494e-06 0.00248081 0.000281507 2.18809e-05 1.25797e-05 
0.222332 0.0337039 0.0128879 5.28457e-05 4.04269e-05 0.000588225 0.000205061 0.00526937 0.317053 0.0261792 1.30822e-06 0.0601279 1.07898e-05 0.00330671 0.318241 
0.0556061 0.00489233 0.0237763 6.74572e-06 0.0042951 0.00299367 2.13522e-06 0.0368254 0.423701 0.0149241 1.33181e-06 0.407973 0.00872906 4.77503e-05 0.0162265 
5.75667e-07 0.0311985 0.0228547 0.717351 0.00707645 0.0118573 0.000575747 0.152271 0.022222 0.0156017 5.75553e-07 5.75618e-07 0.00362557 0.000230568 0.015134 
0.0377111 0.37109 0.00736505 0.00393618 0.00151106 0.00303448 0.0189764 0.247952 0.0480568 0.149154 2.05237e-05 0.0313229 0.0446033 0.0286135 0.00665266 
1.93096e-06 2.523e-06 0.0286544 3.06992e-05 2.62698e-09 7.21588e-07 3.19671e-09 2.94088e-06 0.0869176 0.859757 1.0624e-09 0.0246243 8.11563e-06 4.25896e-09 1.82862e-09 
0.00341369 0.587113 0.0130573 0.00649925 0.000438976 0.000928495 5.95031e-05 0.0447585 0.0525016 0.129793 1.73307e-06 0.0382462 0.000351011 3.55091e-06 0.122834 
0.0389742 0.0109399 0.20405 0.00360465 4.78584e-05 0.0310782 1.13709e-05 0.0278478 0.0593521 0.22794 2.54356e-06 0.347985 0.0154249 0.0318414 0.000900575 
0.142902 0.0128599 0.00408202 0.000566806 0.00117431 0.0425851 0.000292572 0.0279053 0.602771 0.103463 6.18006e-09 0.00844057 0.0120699 1.68512e-05 0.0408705 
0.143656 0.0271374 0.0145745 0.00238696 0.00372133 0.100493 0.00023482 0.00860716 0.449383 0.230743 9.93813e-05 0.0124209 0.00224206 0.00167236 0.00262825 
0.142747 5.0718e-08 0.0240773 0.0316874 7.21741e-11 0.00737008 1.57358e-06 0.055268 0.0115081 0.655372 2.91886e-11 0.0714887 0.000101637 1.17011e-10 0.000378661 
0.198198 0.0255202 0.0146906 0.00128457 0.00164991 0.00660265 2.26092e-05 0.0595992 0.195653 0.444063 3.65712e-06 0.00778443 0.000136318 7.11078e-05 0.0447203 
0.0270733 0.386925 0.0281436 0.00569109 0.00166348 0.332832 0.00020921 0.0267262 0.0700767 0.0433766 1.08222e-07 0.0318784 0.00132941 1.94508e-07 0.0440746 
0.0585245 0.034218 0.0741726 0.000567412 0.00384451 0.00444993 0.000102193 0.070229 0.0302118 0.622749 6.59613e-05 0.0816985 0.0112045 0.000331584 0.00763043 
0.218397 0.000373657 2.17126e-07 1.33919e-07 1.2474e-09 0.20263 1.5029e-11 5.06871e-07 0.015251 0.542852 4.99478e-12 0.0177496 0.00274516 2.00231e-11 2.99185e-07 
3.24697e-08 9.97172e-08 1.35967e-07 0.000259283 6.57463e-11 0.156206 7.07998e-08 0.84352 2.90977e-07 1.08592e-07 2.65891e-11 4.37952e-08 1.27567e-06 1.31111e-05 4.57653e-11 
0.144712 0.0291531 0.0454606 0.00151273 0.000751736 0.00546337 0.000267357 0.0962053 0.315797 0.199355 9.87709e-06 0.037936 0.00424768 0.0775284 0.0415998 
0.000336237 0.000947568 0.0258012 0.000691872 1.08894e-10 0.00108854 2.64491e-13 0.00982498 0.862756 0.0927655 8.79017e-14 0.00405617 0.00173159 5.03554e-08 7.94322e-09 
0.0524953 0.0087702 0.305688 0.0170606 0.106638 0.0796401 0.000631379 0.20349 0.176349 0.0291369 0.000368596 0.0162909 0.00123807 0.000942179 0.0012612 
0.0790211 0.0936236 0.0903807 0.00237282 0.00342427 0.0134875 0.00435982 0.0872082 0.0531697 0.409044 0.000236808 0.0783948 0.0557649 0.00209797 0.0274139 
0.0212623 0.00154865 0.0551928 0.0317255 3.02317e-06 0.00352223 6.07106e-06 0.0789525 0.147715 0.410776 6.6634e-08 0.24729 0.000121453 1.26694e-06 0.00188265 
9.61963e-07 5.28909e-07 0.00526895 5.98206e-06 2.73409e-07 2.03294e-08 7.1997e-08 1.07362e-06 0.000256294 0.00125547 2.59271e-11 0.0103823 0.000518184 1.03937e-10 0.98231 
0.0535831 0.00572396 0.0409879 0.115475 0.000274046 0.00573869 0.000315049 0.267608 0.102551 0.395404 7.50403e-06 0.0099153 0.0012064 2.08039e-05 0.001189 
0.0451112 0.0382911 0.334939 0.00557083 0.00980769 0.0104885 0.00435203 0.154831 0.135439 0.0625102 0.0012631 0.180158 0.00525561 0.00135892 0.0106242 
0.218582 0.00065548 0.0831618 0.000146759 1.04612e-05 0.000194222 0.000253493 0.0363905 0.0244735 0.421702 3.85386e-06 0.21257 0.00127562 0.000459103 0.000121116 
0.00100774 0.00016788 0.000995339 0.945192 9.8699e-07 0.000484493 2.24965e-07 0.0434351 0.00154244 0.00489842 7.42075e-11 6.24601e-05 0.00152261 2.97483e-10 0.000689915 
0.0125356 0.000875749 0.00310156 0.00193976 0.00011847 0.00614597 0.000147885 0.957437 0.00198233 0.00899804 5.11455e-05 0.000405733 0.000125563 0.00600785 0.000127659 
0.0683175 0.00429436 0.00328184 0.000631912 0.00101218 0.00307507 0.000158522 0.0294692 0.810714 0.0494326 1.186e-06 0.0186825 0.0010203 0.000364012 0.00954484 
0.0494054 0.0988169 0.0123772 0.0108022 0.000318237 0.00148448 9.32834e-05 0.202764 5.58596e-05 0.593713 1.49629e-07 0.00896381 0.000333623 7.29265e-05 0.0207993 
0.38079 0.0176297 0.0101199 0.000293606 0.017023 0.0136489 0.000180549 0.101633 0.0648476 0.171242 6.4096e-05 0.0725163 0.143295 0.00382097 0.00289466 
0.169781 0.028176 0.0347142 0.00336199 0.00238627 0.00842817 0.00143674 0.114114 0.371865 0.106557 2.08031e-05 0.090147 0.00830288 0.0570706 0.0036377 
0.218397 0.000373657 2.17126e-07 1.33919e-07 1.2474e-09 0.20263 1.5029e-11 5.06871e-07 0.015251 0.542852 4.99478e-12 0.0177496 0.00274516 2.00231e-11 2.99185e-07 
0.395446 0.0111588 0.146681 0.00825217 0.000221977 0.000702555 2.02638e-05 0.0125005 0.326003 0.0358572 3.68637e-06 0.0575726 0.00200817 4.5621e-05 0.00352656 
0.0517279 0.000317771 0.0488517 0.00183316 2.21311e-05 0.000353833 0.00164201 0.0165631 0.0440297 0.0381744 3.60797e-06 0.654757 0.000570366 0.14113 2.29696e-05 
0.0167642 7.37864e-05 0.0190116 0.0328631 1.37912e-05 0.0119496 3.51126e-06 0.829954 0.00209637 0.0384606 4.7244e-08 0.0112996 0.00343612 0.034072 2.1623e-06 
0.744728 0.0330798 0.00091301 0.0050856 0.000118199 0.00337148 0.0017878 0.0232768 0.122384 0.0438366 1.10242e-05 0.00824557 0.0116816 0.000337253 0.00114321 
0.00308492 0.600282 0.194473 2.10685e-05 7.38406e-05 0.0019003 2.84643e-06 0.102389 0.0380806 0.021345 1.45576e-06 0.00578111 0.00360289 1.82201e-06 0.0289604 
0.0532751 0.0348053 0.0391409 0.183559 0.0103351 0.0136424 0.00516922 0.454758 0.0564302 0.113615 5.54211e-05 0.00932662 0.00728549 0.00012289 0.018479 
0.0241705 0.00593205 0.0179118 0.0417222 0.00132187 0.00302756 4.67281e-05 0.795129 0.0370537 0.0242878 2.78604e-05 0.0393873 0.00377633 0.000201245 0.00600459 
0.0133881 0.00223085 0.102108 0.00479375 6.85634e-05 0.0343853 1.5778e-05 0.019507 0.59944 0.208986 3.7363e-06 0.0121036 0.00250181 0.00043908 2.84396e-05 
0.0403623 0.0164873 0.0507883 0.00708407 9.73439e-05 0.0150448 1.01291e-05 0.0728054 0.327614 0.403322 8.25005e-06 0.0599897 0.00502384 3.70832e-05 0.00132482 
0.00188702 1.3773e-06 0.221582 0.000153321 2.46116e-06 0.00112274 5.77746e-07 0.0117236 0.48553 0.232514 9.84071e-08 0.0446463 0.00054818 9.97575e-07 0.000287817 
0.0331382 0.245397 0.0178699 0.000825662 0.0374207 0.00218816 1.483e-05 0.331951 0.105173 0.185224 1.3649e-05 0.0222722 0.0119602 0.000833135 0.00571917 
0.06791 0.175652 0.0285805 0.0643338 0.00552481 0.030216 0.00455067 0.321205 0.0901272 0.0466488 0.0011809 0.0364089 0.00437674 0.089234 0.0340508 
0.0313112 7.31512e-08 3.51139e-06 0.00124564 1.65281e-06 0.000384347 3.59147e-10 0.000408912 0.0042074 0.00817231 1.1936e-10 0.950603 4.5751e-08 4.7849e-10 0.00366145 
0.0207465 0.0334301 0.00464623 0.0408877 0.0290968 0.0195801 0.000136292 0.755422 0.0250174 0.0652233 0.000132544 0.00104236 0.00185571 0.000198088 0.00258453 
0.022449 0.00287012 0.805624 2.27781e-05 8.88143e-07 9.60912e-06 0.000786076 7.91455e-05 0.0179047 0.00122833 6.11482e-08 0.138161 0.0101919 0.00050756 0.000164155 
0.00376073 0.000111175 0.0496799 5.31712e-05 4.38066e-06 4.01887e-06 1.67171e-11 0.931921 0.00378273 0.00442802 5.55583e-12 0.00542613 0.000722436 2.22722e-11 0.000106582 
0.584295 0.00436642 4.0009e-07 7.18144e-07 0.00272101 0.0104345 9.92906e-06 0.14559 0.161037 0.0782337 4.99869e-08 0.00450262 8.5397e-07 5.49699e-08 0.00880704 
0.0192172 0.715512 0.0367362 0.000460443 0.0037665 0.0151279 7.13889e-05 0.120537 0.00202665 0.0141215 4.32025e-05 0.00830639 0.0366835 0.00954363 0.0178474 
0.0574365 0.152632 0.0742949 0.0794303 0.00184431 0.00540201 9.80636e-05 0.0836413 0.199495 0.218028 2.76095e-05 0.0451882 0.000594459 7.5785e-05 0.0818116 
5.0497e-06 0.931131 4.4411e-06 9.02337e-06 1.15038e-05 1.66773e-05 3.258e-06 0.0240939 1.20478e-06 0.0255973 1.08169e-09 1.62887e-06 1.07381e-05 4.33629e-09 0.0191142 
0.0903453 0.00271181 0.00714136 2.43997e-05 5.13629e-05 0.110717 0.000175758 0.00630627 0.227893 0.543858 1.2069e-06 0.00627117 0.00159968 0.00285477 4.80167e-05 
0.218656 0.00389211 0.0241533 0.0101373 0.000773269 0.00459138 5.0683e-05 0.0521624 0.271886 0.361629 4.75846e-06 0.0457334 0.000795093 4.83223e-05 0.00548645 
0.0869216 0.0748711 0.0341899 0.00504337 0.00609918 0.000662333 0.000151283 0.0588041 0.201909 0.511854 1.3222e-05 0.0160253 0.000652628 0.0017553 0.00104771 
0.0878513 0.00559569 0.518743 3.10006e-05 2.73442e-05 1.37184e-05 4.66896e-05 0.000149174 0.37688 0.00112004 1.47534e-06 0.00926335 5.4549e-05 3.10406e-05 0.000191173 
0.406391 0.000491783 0.0044686 0.043151 0.00162427 0.179062 0.0111011 0.155521 0.0319237 0.0447516 4.60374e-06 0.0666806 9.55709e-05 0.000964792 0.0537683 
0.0530266 0.0824649 0.0316031 0.0132745 9.50403e-05 0.00915405 1.65902e-05 0.529856 0.00703523 0.226923 3.92358e-06 0.00419637 0.0373042 0.000684315 0.00436198 
0.0113825 4.60612e-05 0.593065 8.76532e-06 2.06211e-05 0.00036517 3.55573e-06 0.000322673 0.287361 0.0314327 1.75686e-06 0.0759098 5.98938e-05 2.44169e-06 1.8317e-05 
0.0939738 0.0221306 0.153875 0.00217768 0.00092585 0.0406023 0.00700083 0.0198178 0.415425 0.188135 0.000228132 0.042402 0.0025382 0.0048925 0.00587578 
0.0278062 0.00219257 0.000180238 0.765874 2.32593e-06 0.000351637 3.75654e-10 0.197976 0.0030558 0.00175419 1.24846e-10 0.000806694 4.76207e-07 5.00483e-10 2.14886e-10 
0.00260212 0.00300394 0.00019142 8.26868e-05 5.6257e-05 8.24978e-05 0.000359154 0.00300626 0.986072 0.00355797 1.97271e-05 0.000567749 2.16383e-05 0.000178817 0.000197436 
0.0234515 0.00170318 0.0284628 2.89442e-05 0.000214726 0.0071081 2.32671e-05 0.0210519 0.00219026 0.0312997 9.43616e-06 0.0272483 0.0126456 0.842824 0.00173796 
0.0149903 0.00209719 0.298782 0.0500412 4.22935e-05 0.00174095 9.04686e-05 0.031361 0.0559192 0.145222 1.15593e-05 0.39239 0.00684322 3.82818e-05 0.000431082 
0.038438 0.0163033 0.0136334 0.0923783 0.00194072 0.0841988 0.00824936 0.657556 0.0254132 0.0374645 0.000771484 0.0104448 0.00986257 0.0012004 0.00214504 
0.0112395 0.473963 0.0324405 0.00521691 0.000831058 0.0015508 0.000121727 0.0892275 0.058295 0.322099 1.02781e-06 0.00322213 0.000462596 2.26043e-06 0.00132682 
0.0357131 0.0161891 0.0116857 0.0643928 0.00139162 0.12702 0.0180026 0.629322 0.0204016 0.0409291 0.000280976 0.00885355 0.0204305 0.00345372 0.00193379 
0.780475 0.00168232 0.042564 0.000583854 0.00504999 0.00196225 1.06619e-05 0.00215092 0.0641413 0.0108673 1.42603e-08 0.0889493 0.000358093 1.59816e-08 0.00120535 
0.00537482 0.0014114 0.289868 9.86252e-05 8.0998e-05 0.000153292 7.9799e-05 0.0114729 0.594858 0.076283 8.23663e-07 0.0106049 0.00851651 2.77978e-06 0.00119442 
0.326138 0.0123184 0.0324105 0.00854532 0.000286359 0.0503059 0.000169891 0.0973433 0.0439859 0.356491 2.7502e-05 0.0453315 0.00240428 0.014407 0.00983521 
0.0264519 0.0178873 0.0115257 0.123891 0.00142168 0.0246884 0.00017226 0.658395 0.0299119 0.0644231 0.000107957 0.00880093 0.0268212 0.00384492 0.00165675 
0.0374817 0.0532803 0.0695754 0.0139465 0.000358608 0.00538135 0.000328111 0.464734 0.0904121 0.150918 2.91029e-05 0.0809416 0.00544568 0.0035921 0.0235752 
0.0243499 0.000619302 0.0363986 0.00014221 0.0269365 0.00353155 6.91002e-07 0.00833606 0.0138197 0.853048 3.25082e-07 0.0316997 0.000593525 4.08462e-06 0.000519338 
0.034082 0.0104906 0.0338504 0.10024 0.000121248 0.00818204 0.00113404 0.55472 0.0259712 0.134313 9.07512e-05 0.0641549 0.00235878 0.0141016 0.0161885 
0.0062877 0.100321 0.0445731 0.000590569 8.87184e-07 0.00782293 1.19677e-07 0.264171 0.380243 0.0996427 1.16732e-11 0.0114412 0.0818367 0.000260168 0.00280846 
0.01313 0.000328452 0.113446 0.0183834 6.78737e-06 0.00221278 8.32867e-09 0.008379 0.737092 0.0491957 5.64779e-13 0.0556399 0.000425281 1.76621e-08 0.00176079 
0.0307575 0.0187934 0.244846 0.00307502 0.00281903 0.000566093 0.0012421 0.0141653 0.03946 0.0179339 6.23933e-06 0.0126917 0.000194084 0.612833 0.000616468 
0.00547113 0.00755202 0.0305397 0.00512128 9.75074e-07 8.14134e-05 2.0306e-06 0.468317 0.0307986 0.35734 1.77924e-07 0.00415443 0.00463076 4.5958e-06 0.0859858 
0.138687 0.00213576 3.9293e-07 0.000158402 0.000160584 0.00326948 0.000170463 0.215165 0.123575 0.515098 2.64207e-11 1.54811e-05 0.00156557 1.05915e-10 4.54754e-11 
0.00936648 0.217287 0.0598698 7.54162e-07 0.00620146 0.0076178 4.96751e-06 0.23368 0.116408 0.0276092 3.32902e-07 0.0226351 0.0283544 6.29931e-07 0.270965 
0.00517656 0.00072195 0.718903 0.000396899 4.03252e-06 0.00083356 6.95277e-07 0.00324018 0.0889057 0.0946503 6.94315e-08 0.0168646 0.00358486 0.0654585 0.00125904 
0.0221918 0.0458031 0.535822 6.59722e-07 0.0562295 0.00167766 0.000235801 0.0423826 2.8491e-07 0.00507958 1.0655e-09 0.220651 0.00997629 8.54893e-06 0.0599419 
0.0383276 0.0260964 0.456976 0.00050058 0.00350377 0.00314068 0.00812131 0.0320058 0.084772 0.167783 1.08725e-05 0.1728 0.00278301 8.61607e-05 0.00309337 
0.0773302 0.00410926 0.118483 0.00892749 0.0038318 7.0718e-05 9.70247e-05 0.0319964 0.0325616 0.0701153 9.02889e-07 0.635377 0.0163243 0.000270631 0.000503924 
0.34684 0.00714901 0.0556357 0.00900512 6.54601e-05 0.217311 0.000634962 0.0701758 0.0275011 0.195731 2.1102e-05 0.00284085 0.0513487 0.00930086 0.00643986 
0.225943 0.0963687 0.0788561 0.00181493 0.00351178 0.0243046 0.0138143 0.110617 0.219618 0.0773969 0.000834317 0.0162218 0.0134759 0.112502 0.00472022 
0.0678855 0.0406945 0.00349234 0.000667074 0.00319008 6.51431e-05 5.35011e-05 0.733636 0.0278757 0.0878431 8.29388e-07 0.0191295 0.00557504 0.000124591 0.00976766 
0.106404 0.00429449 0.0194897 0.00689925 2.99005e-05 0.000329119 1.82426e-05 0.123958 0.00509716 0.0328512 1.39872e-05 0.660088 0.00210527 0.0277116 0.0107103 
0.00111827 0.0141877 0.000825066 0.00635447 0.000469609 0.0249855 3.82262e-05 0.685583 0.0367333 0.220577 8.10488e-08 0.00566052 0.00318498 8.08402e-05 0.000202108 
0.0606133 0.283985 0.0130037 0.0131392 1.9821e-07 1.51128e-06 4.63981e-07 0.28888 0.0144594 0.15691 1.95777e-10 1.86195e-07 0.168968 7.84829e-10 3.77453e-05 
0.0313045 0.0411297 0.00482291 3.16541e-05 2.86531e-07 0.000501551 1.05193e-07 0.0954049 0.378651 0.00439642 8.80089e-11 8.06332e-05 9.73343e-06 7.52968e-06 0.443659 
0.000758504 0.657323 0.143231 1.42379e-06 0.00478912 0.00381138 2.22432e-06 0.0537267 0.0872795 0.00990695 1.16023e-07 0.00838912 0.0148184 0.000947522 0.0150155 
0.242081 0.00219085 0.0254617 0.0203529 0.00057363 0.0854734 0.000141167 0.0235998 0.238928 0.285854 6.74406e-06 0.0597626 0.0136428 0.000348996 0.00158335 
0.0284834 0.0210579 0.50419 0.00771645 0.00524786 0.00618152 0.00106855 0.0376767 0.0310011 0.291352 4.28101e-05 0.0498333 0.0110448 0.000115406 0.00498794 
0.197289 0.0145457 0.117225 0.0131939 0.00649109 0.0295819 0.000785444 0.0440353 0.283937 0.249162 7.45281e-05 0.0337293 0.00501467 0.000878834 0.0040569 
0.149774 0.0206639 0.0462249 0.021285 0.00310323 0.0138333 0.00043088 0.297108 0.0505465 0.333859 1.67436e-05 0.0382948 0.00142865 0.0224499 0.000980406 
0.483617 0.0666621 0.0319405 0.00345262 0.000955903 0.0454523 5.39778e-05 0.0651026 0.118136 0.137739 1.88858e-05 0.0104566 0.000529222 0.000198254 0.0356859 
0.000880652 0.00188484 0.000405218 0.00574614 1.5013e-13 0.0431386 1.82689e-13 0.233964 0.378619 0.308384 6.07156e-14 0.00036425 0.0266133 3.47816e-08 1.04504e-13 
0.189207 0.0314957 0.0118434 0.000221901 0.000212766 0.00221136 5.85973e-06 0.0204177 0.293794 0.252233 1.21355e-06 0.151901 0.00203642 0.000361098 0.0440573 
0.00260212 0.00300394 0.00019142 8.26868e-05 5.6257e-05 8.24978e-05 0.000359154 0.00300626 0.986072 0.00355797 1.97271e-05 0.000567749 2.16383e-05 0.000178817 0.000197436 
0.0158433 0.0117657 0.712389 0.00629339 0.00275721 0.00567908 0.000183968 0.0214222 0.129411 0.0456588 0.000138695 0.0346263 0.000677004 0.00137192 0.0117819 
0.0019479 0.488233 0.0639523 0.00589564 4.81137e-05 0.000725101 8.31526e-05 0.141132 0.113777 0.0167061 2.49732e-05 0.00237809 0.00198174 0.00387843 0.159237 
0.0706861 0.00329782 0.198039 0.00813413 0.000263055 0.0110119 2.3445e-05 0.0157217 0.374148 0.281569 1.46526e-05 0.0348163 0.00193744 5.50806e-05 0.000282327 
0.323867 0.0312994 0.141673 0.000661589 0.000137115 0.0359765 0.012234 0.0141285 0.0606539 0.230541 6.68927e-07 0.137777 0.000180681 3.49807e-06 0.010866 
0.00140742 0.121472 0.00155858 0.00600317 5.50139e-06 2.15465e-05 0.00130723 0.249827 0.0645547 0.00790776 2.04282e-06 0.0126344 0.532639 2.80691e-06 0.000656873 
0.100416 0.000623653 0.0951505 0.000646244 0.00121613 0.0107481 1.70775e-05 0.034776 0.233038 0.478053 5.04323e-06 0.0402193 0.00432223 0.000112777 0.000656829 
0.241561 0.00148037 0.00073931 3.46014e-05 0.000102193 0.000859609 9.25709e-12 0.00407746 0.19448 0.287286 3.07653e-12 0.269336 6.0157e-08 1.23332e-11 4.35089e-05 
0.0140802 0.41198 0.0151247 0.00528539 0.000456349 0.084379 3.52871e-05 0.0781176 0.0975888 0.170897 1.04207e-06 0.0229676 0.0111527 0.0360386 0.0518958 
0.0202278 0.236057 0.00835393 0.00434842 2.72868e-07 0.0329573 4.27927e-06 0.183202 0.138276 0.356365 1.87244e-08 0.0177576 4.74981e-05 2.90072e-07 0.00240308 
0.12668 0.0976194 0.00684869 0.114002 0.000256036 0.125109 6.41787e-06 0.283397 0.0496778 0.17724 5.14231e-08 0.0137826 0.00269328 0.00124758 0.00143976 
0.0311642 0.00764905 0.00866328 0.0734316 1.34902e-05 0.158964 1.76781e-06 0.3609 0.149892 0.195821 7.01866e-10 0.0121873 0.00102289 1.0513e-05 0.000279189 
0.306005 0.00440387 0.00143795 0.00123776 0.00029048 0.0186436 7.12549e-05 0.434885 0.0221443 0.0126688 2.94299e-08 0.180041 0.00950532 4.33539e-08 0.00866558 
0.00172052 0.0187391 0.00902772 0.00397295 0.000949395 0.000422971 6.16299e-07 0.697556 0.0373709 0.0635341 3.02272e-07 0.000545017 0.164717 7.95938e-06 0.00143511 
0.0268971 0.0159388 0.0215187 0.338256 0.00304726 0.0133338 0.00255205 0.446541 0.0233238 0.0708228 8.21685e-05 0.011998 0.00733255 0.00857264 0.00978336 
0.0724192 0.0964023 0.276098 0.000143569 0.000122532 0.00192375 0.000624243 0.00487647 0.138585 0.0177297 3.44136e-05 0.0207048 0.00508214 0.000324833 0.364929 
0.186125 0.00153902 0.0030814 0.00324053 0.000253638 0.453836 2.2818e-05 0.0142805 0.147336 0.18629 1.70945e-05 0.00275906 0.000711048 0.00046724 4.14792e-05 
0.423087 0.00302443 0.0529018 0.000276582 2.33845e-06 0.000788253 9.06796e-05 0.0433213 0.138173 0.285941 1.70418e-07 0.00972584 0.0303189 3.54956e-06 0.0123451 
0.00033824 0.0130021 0.101916 0.000537734 0.00141657 0.00150277 2.11806e-05 0.129792 0.114424 0.175335 3.80527e-13 0.459186 0.000572132 5.31188e-05 0.00190287 
0.0549591 0.0277284 0.176836 1.57177e-05 5.38216e-05 0.000890523 3.04059e-05 0.0386119 0.00266697 0.00773527 1.17886e-06 0.653968 5.46991e-05 0.000489061 0.0359594 
0.00111827 0.0141877 0.000825066 0.00635447 0.000469609 0.0249855 3.82262e-05 0.685583 0.0367333 0.220577 8.10488e-08 0.00566052 0.00318498 8.08402e-05 0.000202108 
0.0580641 0.00648471 0.118132 0.00234739 0.00363065 0.00675964 0.000119805 0.0225168 0.137736 0.0628362 0.000104839 0.530133 0.000415415 0.00112023 0.0495996 
0.364584 0.0157764 0.00608047 0.124998 0.000579049 0.0244738 1.57475e-05 0.0144813 0.209204 0.148613 3.74123e-06 0.0838594 0.000632984 1.16895e-05 0.00668594 
0.235888 0.0163189 0.00647433 0.00575391 0.000137305 0.00365125 0.000224442 0.33501 0.124707 0.153918 2.9159e-06 0.0644984 0.0232717 7.78218e-06 0.0301358 
0.11345 0.0503445 0.0685571 0.00119617 4.66561e-05 0.355463 2.47599e-06 0.0523055 0.112594 0.228821 1.12673e-06 0.00077473 0.00454658 0.00169521 0.0102007 
0.147073 0.0146061 0.11118 0.00204864 0.000389148 0.00353615 0.00115735 0.312975 0.156444 0.0486367 2.71924e-05 0.00868867 0.189016 0.000135988 0.0040865 
0.0014922 0.0142205 0.0650244 0.010298 0.0115363 0.0118386 0.000192091 0.143548 0.524227 0.193121 8.17485e-06 0.0159579 0.00318487 3.77207e-05 0.00531281 
0.049789 0.0135985 0.00471012 0.0148364 2.04826e-09 0.028324 0.000688693 0.783754 0.00327389 0.0742322 8.28357e-10 0.000322762 0.0246341 4.08338e-06 0.00183195 
0.0422129 0.0545066 0.101414 0.000339814 0.00293281 0.0215104 0.000109213 0.467349 0.0287095 0.140113 2.94012e-05 0.120289 0.0177704 0.000120978 0.00259193 
0.034878 0.0112973 0.0183077 6.26149e-05 0.00202129 0.00126789 6.32439e-06 0.0268399 0.0497347 0.490457 2.169e-06 0.29532 0.000224724 0.0598109 0.00976951 
0.0176057 0.548887 0.0101159 0.115468 0.000150539 0.000424479 0.000305884 0.256776 0.00481304 0.0402369 7.48356e-06 0.000455677 0.00413746 2.32849e-05 0.00059267 
0.0390907 0.00412649 0.056458 0.000787544 0.00510411 5.2836e-05 0.725237 0.0409672 0.00377403 0.0665674 1.42622e-07 6.07727e-05 2.13283e-05 2.66247e-07 0.0577521 
0.146159 0.0366781 0.0250618 0.017908 7.42821e-05 0.000986447 0.00143763 0.163708 0.0279795 0.538727 4.67983e-05 0.0330735 0.00654558 0.000242079 0.00137252 
0.0292182 0.00813601 0.384827 0.027369 0.000374103 0.020844 5.73242e-05 0.0388785 0.304942 0.162178 4.66368e-05 0.0167817 0.000969685 0.00251708 0.00286044 
0.156772 0.0767255 0.00869791 0.0241469 0.000455633 0.000785522 4.90497e-08 0.353444 0.271017 0.0197904 2.99773e-08 0.0424712 0.00010393 0.000364057 0.0452261 
0.00595179 0.00451835 0.898184 3.16526e-06 6.65587e-06 0.000126093 5.10996e-07 0.00310808 0.00219351 0.0360836 1.69826e-07 0.0338429 0.000316074 0.0142227 0.00144277 
0.317464 0.0269283 0.0974245 0.00918395 0.000479524 0.0556745 0.000294522 0.100707 0.114973 0.172948 0.000223975 0.0857864 0.0132612 0.00141079 0.00324069 
1.45104e-05 6.93943e-05 0.103426 4.75256e-05 3.97628e-07 9.3098e-05 4.83863e-07 0.00461356 0.191322 0.00030575 1.60808e-07 0.00312081 0.696762 0.000172212 5.27603e-05 
0.0471863 0.000276033 0.125868 5.72045e-05 0.000121595 0.0101509 2.72941e-08 0.0393098 0.00654065 0.766422 9.071e-09 0.00205456 0.00200207 3.1588e-06 7.54589e-06 
0.00483518 0.000142928 0.0609336 2.61787e-06 2.45967e-06 5.1619e-06 1.54931e-11 0.916442 0.00486347 0.00517046 5.14903e-12 0.00653642 0.000928797 2.06414e-11 0.000137008 
0.0181494 0.0677871 0.000594369 7.68065e-05 6.87188e-05 9.13422e-06 3.74123e-06 0.122814 0.00163628 0.0740598 3.44691e-07 0.00157128 0.70617 1.38179e-06 0.00705705 
0.492974 0.0216427 0.0160474 0.0132535 0.00204112 0.0282239 0.000623204 0.0828479 0.113929 0.0548355 0.000606631 0.0400627 0.00280895 0.0014401 0.128663 
0.31752 0.0664932 0.0233988 0.00223996 0.000247866 0.116852 0.000202385 0.00648113 0.261336 0.166248 2.99362e-05 0.00445174 0.00332404 0.0031083 0.0280666 
0.12367 0.114108 0.178102 0.0150827 0.00112365 0.00361693 0.000162485 0.118386 0.149593 0.149373 7.42523e-05 0.0265091 0.0111963 0.00858941 0.100414 
0.0285787 0.0865852 0.0056338 0.00045781 1.68059e-05 0.0435793 1.04882e-05 0.221859 0.214355 0.369149 4.21734e-07 0.000652877 0.00988935 0.0190791 0.000153361 
0.274835 0.0443484 0.00869961 0.000204796 0.000393637 0.00729167 0.00037745 0.00749776 0.0623681 0.0819862 1.59391e-06 0.0162819 8.05169e-05 0.0024248 0.493209 
0.30949 0.0016718 0.058454 0.00305057 4.81052e-05 0.0380663 0.00179153 0.0394648 0.0261549 0.0580781 4.68382e-05 0.457276 0.000465342 0.00101408 0.00492794 
0.126721 0.380912 0.0228626 9.39397e-05 1.5878e-05 0.00291607 0.000122995 0.0376257 0.272923 0.14655 5.60266e-06 0.00466678 0.00341191 0.00032138 0.000850536 
0.253321 0.00344244 0.0028389 0.00303922 0.406469 0.0238148 0.173791 0.0698687 0.0553929 1.5239e-06 6.03667e-08 3.3367e-06 5.54396e-07 1.8662e-05 0.00799732 
0.0927168 0.0235285 0.18443 0.00175542 0.0156103 0.00614578 8.77939e-05 0.0460325 0.247171 0.200686 5.44309e-05 0.102801 0.013672 0.0039666 0.0613427 
0.00126973 0.03894 0.559003 0.00951725 0.000266775 0.000325013 2.03823e-05 0.0659938 0.0313769 0.171366 3.29503e-06 0.0954633 0.00399151 4.37819e-05 0.0224195 
0.528388 0.00223477 0.00537305 0.0391998 2.80442e-05 0.0205141 0.000224229 0.178583 0.0147479 0.0578956 1.28031e-05 0.067828 0.00172467 0.0806534 0.00259288 
0.00410268 0.00293498 0.0068243 0.0669766 9.63562e-05 0.0184255 7.01016e-06 0.733518 0.0615896 0.081189 2.43015e-09 0.00626527 0.00612322 0.00878479 0.00316315 
0.00071122 0.000283694 0.0301902 0.00025355 4.86042e-08 0.00543534 1.05054e-10 0.0168075 0.568605 0.370824 3.49139e-11 0.000984383 0.00583975 7.45716e-07 6.41567e-05 
0.222286 0.00727688 0.0777463 0.00340494 0.000319879 0.0073577 0.0289143 0.0314866 0.0641227 0.0527447 4.75731e-05 0.373887 0.00192239 0.0153576 0.113126 
0.218397 0.000373657 2.17126e-07 1.33919e-07 1.2474e-09 0.20263 1.5029e-11 5.06871e-07 0.015251 0.542852 4.99478e-12 0.0177496 0.00274516 2.00231e-11 2.99185e-07 
0.00605346 0.000108285 0.211809 1.76145e-07 0.00071733 1.34845e-06 0.000170791 0.0174873 0.00765509 0.108848 3.63286e-08 0.646408 6.67683e-05 4.35077e-05 0.000630849 
0.29127 0.0201534 0.176958 0.00628404 0.000306512 0.0463801 0.00642178 0.0296047 0.0859101 0.302537 0.000159434 0.0277112 0.00255953 0.000176264 0.00356791 
0.00483518 0.000142928 0.0609336 2.61787e-06 2.45967e-06 5.1619e-06 1.54931e-11 0.916442 0.00486347 0.00517046 5.14903e-12 0.00653642 0.000928797 2.06414e-11 0.000137008 
0.0110961 0.00673614 0.012288 0.771078 0.000684715 0.00417201 4.21005e-05 0.134879 0.0220046 0.0259999 1.59211e-05 0.00414291 0.00186139 0.00444494 0.000554469 
0.0739454 0.0703764 0.0476752 0.0138436 0.00318928 0.00174251 0.014163 0.117596 0.0248887 0.154305 4.25199e-05 0.0112564 0.463049 0.00258609 0.00134058 
0.241278 0.0239834 6.21758e-07 3.44345e-07 3.10602e-10 0.379537 3.77962e-10 0.0453555 0.224914 0.0552891 1.25613e-10 0.0296353 3.11711e-06 5.03558e-10 3.37302e-06 
0.00194782 0.0819601 0.0235512 0.021336 0.0166437 0.011952 0.00272864 0.167208 0.163321 0.00736458 2.73743e-06 0.0169931 0.474427 5.91424e-06 0.0105575 
0.0668141 0.366201 0.000181131 0.000988286 7.57498e-05 0.00081289 3.92777e-06 0.409241 0.0187586 0.089024 5.60937e-09 0.0441461 0.000639547 0.003097 1.6248e-05 
