0.270839 0.00024253 0.00160237 0.0645252 0.00273317 0.0119167 2.88553e-07 0.0123182 0.0318151 0.0238353 1.76436e-05 0.578524 0.000146475 1.11096e-09 0.00148426 
0.306141 0.00558851 0.0689748 0.00106904 0.0276998 0.0180365 3.01326e-08 0.00854435 0.158558 0.0373068 2.05947e-05 0.36387 4.71591e-08 1.72431e-11 0.00419031 
0.0603505 0.00270918 0.3619 0.000192594 5.26152e-06 0.00489444 0.00146543 0.0518997 0.007505 0.0184499 9.59214e-05 0.3776 1.04741e-08 1.27377e-08 0.112933 
0.146368 0.000812401 0.0652543 0.0225561 0.000241116 0.166505 8.25843e-05 0.0155839 0.126798 0.127486 0.0173926 0.309559 0.000872459 1.15319e-06 0.000486824 
0.311023 0.0532022 0.0656087 0.0236157 0.00352381 0.0183448 2.37931e-05 0.0769419 0.0120224 0.0809729 0.00032115 0.321055 0.00357001 9.85937e-05 0.0296756 
0.270839 0.00024253 0.00160237 0.0645252 0.00273317 0.0119167 2.88553e-07 0.0123182 0.0318151 0.0238353 1.76436e-05 0.578524 0.000146475 1.11096e-09 0.00148426 
0.0585878 0.00129136 0.274668 0.00472035 0.000115149 3.71789e-05 1.45004e-07 0.0780072 0.0515864 0.0498443 0.000323452 0.45921 0.0029978 1.93188e-07 0.0186105 
0.00976262 0.0549846 0.128826 0.000220296 1.12596e-08 0.005643 0.000686608 0.0222961 5.0878e-05 0.033084 0.00492552 0.416742 5.51364e-06 1.82544e-08 0.322773 
0.270839 0.00024253 0.00160237 0.0645252 0.00273317 0.0119167 2.88553e-07 0.0123182 0.0318151 0.0238353 1.76436e-05 0.578524 0.000146475 1.11096e-09 0.00148426 
0.00395855 0.00128356 0.114457 0.0108344 7.36365e-08 0.00402509 7.20959e-06 0.0029002 0.191654 0.230348 1.03114e-06 0.439926 8.67341e-05 3.87057e-09 0.000517801 
0.0059461 0.00181592 0.0188398 0.00219209 0.000481963 0.00452786 1.02861e-05 0.168345 0.0309324 0.0233119 3.57408e-05 0.734024 0.0002533 5.86305e-05 0.00922529 
0.0400483 0.00582538 0.235444 0.0177364 0.000111153 0.0112761 3.18917e-05 0.052314 0.0262737 0.113885 0.00354962 0.451648 0.00393481 0.0341122 0.00380909 
0.0928296 0.00646554 0.102739 0.0120375 0.00108963 0.0207066 0.000105729 0.0375092 0.263995 0.170963 0.00189687 0.27414 0.00257165 0.000747669 0.0122032 
0.173648 3.12835e-05 0.0481881 0.00133981 1.39062e-05 0.01892 1.09447e-08 0.00292611 0.0100633 0.0292099 7.11542e-05 0.697532 0.000129467 3.83e-07 0.0179274 
0.270839 0.00024253 0.00160237 0.0645252 0.00273317 0.0119167 2.88553e-07 0.0123182 0.0318151 0.0238353 1.76436e-05 0.578524 0.000146475 1.11096e-09 0.00148426 
0.021314 0.00019691 0.0108296 0.00201328 5.249e-05 0.000123724 1.17241e-06 0.0184664 0.311202 0.176919 2.9568e-06 0.458842 1.72788e-08 3.60378e-10 3.57229e-05 
0.270839 0.00024253 0.00160237 0.0645252 0.00273317 0.0119167 2.88553e-07 0.0123182 0.0318151 0.0238353 1.76436e-05 0.578524 0.000146475 1.11096e-09 0.00148426 
0.0334477 0.00254477 0.0605761 0.0015417 0.00817465 0.0239894 1.24549e-07 0.0319211 0.143718 0.0912891 0.00100794 0.572718 5.64922e-05 3.06448e-10 0.0290153 
0.0559415 0.000291163 0.229475 0.00480217 0.000115688 0.0128463 2.08655e-07 0.0209637 0.215919 0.0520523 1.29561e-07 0.396834 7.70153e-05 2.39466e-10 0.0106821 
0.0278015 0.00182555 0.0138638 2.37744e-06 0.00125451 1.76407e-06 5.62484e-07 0.000961736 0.0115758 0.0490378 2.63378e-07 0.879397 2.41974e-05 0.00491101 0.00934213 
0.0274389 0.22767 0.00743441 7.24647e-06 1.848e-06 0.0287686 9.92283e-08 0.08531 0.00811327 0.15651 5.77655e-05 0.457342 0.000102175 3.06261e-09 0.00124419 
0.0366883 0.091898 0.0826219 0.0181443 0.00387958 0.0017859 5.34589e-06 0.132263 0.00691396 0.0704949 7.73786e-06 0.358466 0.119507 0.0162731 0.0610507 
0.0306656 0.0578439 0.137366 0.00835682 0.00117118 0.00303381 2.99786e-07 0.0388837 0.0271455 0.0442677 4.778e-05 0.607874 0.0250457 9.61487e-06 0.0182881 
0.0398475 1.47893e-05 0.28213 0.0290263 2.0798e-05 0.0541778 1.54319e-05 0.000303361 0.108553 0.0197832 4.34882e-05 0.465228 0.000185376 0.000226649 0.00044481 
0.270839 0.00024253 0.00160237 0.0645252 0.00273317 0.0119167 2.88553e-07 0.0123182 0.0318151 0.0238353 1.76436e-05 0.578524 0.000146475 1.11096e-09 0.00148426 
0.00773566 0.0358716 0.136929 0.00798102 0.00635468 0.0107494 0.000704277 0.185907 0.161599 0.209162 1.63856e-07 0.222525 0.00468515 0.000965955 0.00882989 
0.212743 0.00403878 0.0192257 0.00717912 0.00354373 0.0149331 7.98303e-05 0.199214 0.0318682 0.0727417 0.000618154 0.43265 0.000269647 9.56401e-07 0.000893912 
0.0586278 0.0248826 0.0994696 0.0223257 0.00418428 0.00311287 6.40336e-06 0.06387 0.0201281 0.11307 1.58689e-05 0.380966 0.00668048 0.00432959 0.19833 
0.0793715 0.00421053 0.111317 0.0102745 0.00111487 0.00483091 3.62668e-05 0.026269 0.0793463 0.0931097 0.00455234 0.448872 0.00213165 1.33374e-05 0.13455 
0.0810444 0.00197743 0.000643667 4.60653e-05 8.3805e-06 0.000121244 1.34264e-05 0.000389047 0.0397133 0.00334811 5.33541e-06 0.775119 1.6551e-05 2.94905e-09 0.0975539 
0.0822023 0.0221799 0.0791726 0.0414473 0.000685142 0.0969277 0.000202647 0.113882 0.031359 0.06772 0.0920694 0.267135 0.000403359 0.0013965 0.103217 
0.0822854 0.00229112 0.0224484 0.00830719 0.00707514 0.0208618 1.16347e-05 0.0404653 0.00963383 0.131996 3.04446e-05 0.66253 0.00895435 7.71938e-05 0.00303247 
0.00639483 0.0042473 0.169332 0.000570662 0.00215759 0.000163167 1.13306e-08 0.0343222 0.0127617 0.190357 0.000163698 0.558941 0.00461894 0.000259427 0.0157109 
0.270839 0.00024253 0.00160237 0.0645252 0.00273317 0.0119167 2.88553e-07 0.0123182 0.0318151 0.0238353 1.76436e-05 0.578524 0.000146475 1.11096e-09 0.00148426 
0.111134 0.00158135 0.0795708 0.0749472 0.00407963 0.0279894 1.99811e-05 0.027818 0.0957456 0.0783633 5.49147e-06 0.494352 0.000965837 1.37172e-07 0.0034276 
0.140082 0.0228716 0.015505 0.000278697 0.00022582 0.000832498 5.86999e-06 0.179929 0.0622409 0.00125001 2.08603e-05 0.571132 0.000158119 1.09967e-07 0.00546772 
0.270839 0.00024253 0.00160237 0.0645252 0.00273317 0.0119167 2.88553e-07 0.0123182 0.0318151 0.0238353 1.76436e-05 0.578524 0.000146475 1.11096e-09 0.00148426 
0.190405 0.00385181 0.14116 0.00719685 0.000331402 0.0979562 0.00538453 0.0215141 0.125956 0.199376 0.00246072 0.201911 0.000481759 8.0347e-05 0.00193358 
0.0241927 0.0061416 0.0860271 0.0115073 0.000161466 0.00954778 1.14287e-05 0.0360831 0.03051 0.0713529 0.000691569 0.705567 0.00514637 0.000472682 0.0125874 
0.107988 0.0148896 0.00344567 0.021377 3.99334e-06 0.0359219 1.37291e-07 0.00932878 0.0386279 0.00961603 1.19521e-05 0.753745 0.00401718 6.52293e-09 0.00102664 
0.302842 0.1078 9.49052e-05 0.00841149 1.60239e-05 0.041129 0.000102053 0.0138684 0.179354 0.0255101 5.93394e-05 0.319966 0.000200474 3.14197e-07 0.000645433 
0.230401 0.0206918 0.0423975 0.0395387 0.000389727 0.0594889 1.91034e-05 0.0287744 0.132338 0.105959 0.00256386 0.309612 0.00067034 5.95969e-06 0.0271499 
0.0508272 0.0608806 0.112773 0.000127 2.11739e-06 0.00616135 4.85665e-06 0.0759481 0.0113141 0.0504127 1.82948e-06 0.336114 0.00233488 0.00670843 0.28639 
0.270839 0.00024253 0.00160237 0.0645252 0.00273317 0.0119167 2.88553e-07 0.0123182 0.0318151 0.0238353 1.76436e-05 0.578524 0.000146475 1.11096e-09 0.00148426 
0.0282453 0.0353301 0.0113734 0.000110435 2.39158e-05 0.00153837 0.000201671 0.00528652 0.127962 0.0195514 0.000348888 0.668004 0.000146983 0.000482131 0.101395 
0.270839 0.00024253 0.00160237 0.0645252 0.00273317 0.0119167 2.88553e-07 0.0123182 0.0318151 0.0238353 1.76436e-05 0.578524 0.000146475 1.11096e-09 0.00148426 
0.0614499 7.48533e-06 0.0647942 0.0156743 2.19674e-05 0.0497522 4.89027e-05 0.000185111 0.00947464 0.0069176 2.07469e-05 0.791119 0.000116645 0.000146895 0.000270563 
0.270839 0.00024253 0.00160237 0.0645252 0.00273317 0.0119167 2.88553e-07 0.0123182 0.0318151 0.0238353 1.76436e-05 0.578524 0.000146475 1.11096e-09 0.00148426 
0.0447659 8.24716e-05 0.0737655 0.000397111 0.000200384 0.00242513 8.6533e-06 0.035809 0.000133081 0.000173827 0.000357855 0.700142 4.93635e-06 1.18173e-06 0.141732 
0.270839 0.00024253 0.00160237 0.0645252 0.00273317 0.0119167 2.88553e-07 0.0123182 0.0318151 0.0238353 1.76436e-05 0.578524 0.000146475 1.11096e-09 0.00148426 
1.88691e-06 0.145656 0.202845 0.00283207 1.88562e-06 0.0654665 1.88529e-06 1.88699e-06 0.0126446 0.0843499 0.0158488 0.401314 0.017919 1.88467e-06 0.0511148 
0.0772575 0.000247063 0.0558475 2.94212e-07 4.85012e-09 0.0176473 1.87999e-10 0.00641187 0.00261611 0.204579 7.51118e-07 0.613174 1.3308e-07 1.16554e-05 0.022207 
0.270839 0.00024253 0.00160237 0.0645252 0.00273317 0.0119167 2.88553e-07 0.0123182 0.0318151 0.0238353 1.76436e-05 0.578524 0.000146475 1.11096e-09 0.00148426 
0.0577328 0.0161421 0.0965208 0.0107552 0.00146798 0.00828574 5.33167e-05 0.0283586 0.0848783 0.0817931 0.00137283 0.346631 0.00252761 0.000485151 0.262996 
0.270839 0.00024253 0.00160237 0.0645252 0.00273317 0.0119167 2.88553e-07 0.0123182 0.0318151 0.0238353 1.76436e-05 0.578524 0.000146475 1.11096e-09 0.00148426 
0.140076 0.00219427 0.0660963 0.0289111 1.19672e-05 0.0025943 9.73123e-07 0.0162534 0.102385 0.0415619 6.78683e-06 0.483773 0.000537338 0.0169374 0.09866 
0.00421221 0.021478 0.113643 6.17538e-10 0.00521126 0.000292643 3.11869e-09 0.0917469 0.13535 0.167118 2.58802e-06 0.437573 0.00803142 4.15501e-09 0.0153401 
0.00395855 0.00128356 0.114457 0.0108344 7.36365e-08 0.00402509 7.20959e-06 0.0029002 0.191654 0.230348 1.03114e-06 0.439926 8.67341e-05 3.87057e-09 0.000517801 
0.151628 0.0318616 0.000739464 9.7655e-07 3.55876e-05 0.000171908 7.96239e-07 0.0282242 0.0844166 0.0955453 9.36947e-05 0.350031 0.000655837 4.73493e-07 0.256594 
0.0178867 0.0121949 0.0474641 2.84278e-05 0.000143837 0.0029849 2.54611e-06 0.00685583 0.158958 0.0215942 4.04522e-07 0.700584 0.00371033 1.19342e-06 0.0275903 
0.270839 0.00024253 0.00160237 0.0645252 0.00273317 0.0119167 2.88553e-07 0.0123182 0.0318151 0.0238353 1.76436e-05 0.578524 0.000146475 1.11096e-09 0.00148426 
0.19375 0.00707858 0.117124 0.0365884 0.00131008 0.00119258 3.50076e-05 0.0555884 0.0982991 0.0653628 6.60834e-05 0.387521 0.0163071 0.00138806 0.0183892 
0.213334 0.00904818 0.116976 0.0234237 7.00233e-06 0.0194276 0.0305015 0.0613644 0.0828716 0.198568 0.00212533 0.235794 0.000958564 0.000267162 0.00533239 
0.153476 0.00502953 0.0856695 0.00916699 0.00598536 0.0103263 5.57314e-05 0.0335164 0.0728869 0.0265817 0.000210475 0.58257 0.00191254 0.00140153 0.0112103 
8.01197e-06 0.0681358 0.216787 1.25146e-09 0.00388921 4.25045e-05 6.32013e-09 0.0437927 0.155275 0.0161905 5.74289e-06 0.458212 3.8607e-09 8.42029e-09 0.0376619 
0.000339639 0.000299671 0.0742519 2.34007e-05 0.000241196 1.07692e-10 3.48364e-07 0.00145302 0.025099 0.0377611 3.85966e-06 0.857529 3.14552e-06 4.70443e-10 0.00299515 
0.0126829 0.11971 0.0523073 0.0186223 0.00612268 0.00574285 1.47987e-06 0.125675 0.0235363 0.0153888 0.00010595 0.397672 0.0076698 0.20663 0.00813286 
0.255077 0.000127669 0.0013464 0.00288311 1.00552e-05 0.0121496 2.46362e-08 0.000825135 0.0308612 0.0230909 2.18864e-08 0.563782 7.95254e-06 1.16068e-11 0.109839 
0.0387468 0.0422035 0.0687077 0.0050139 0.00351129 0.127945 1.98275e-08 0.0701164 0.0120534 0.154199 0.0127532 0.458366 0.00021867 5.88572e-05 0.00610672 
0.105518 0.0413814 0.0166769 0.0760791 0.00280999 0.0335668 4.22626e-05 0.127837 0.088949 0.125219 7.62913e-05 0.34184 0.0228237 3.0063e-06 0.0171782 
0.270839 0.00024253 0.00160237 0.0645252 0.00273317 0.0119167 2.88553e-07 0.0123182 0.0318151 0.0238353 1.76436e-05 0.578524 0.000146475 1.11096e-09 0.00148426 
0.0187486 0.00080803 0.000364153 0.00612014 4.12205e-06 0.00381784 6.81274e-08 0.362938 1.21419e-06 0.049418 9.69265e-05 0.549195 0.000226857 9.06668e-06 0.00825163 
0.0372141 0.00535528 0.241737 0.000153715 0.000861537 0.00300782 0.00153819 0.0328629 0.122131 0.0508083 6.28363e-05 0.450299 1.73568e-05 1.46759e-06 0.0539496 
0.0363642 0.00107244 0.123812 0.00254659 2.02879e-05 0.0402761 5.40527e-05 0.0330335 0.00166669 0.0174918 0.000250817 0.706077 6.80047e-07 1.77508e-07 0.0373336 
0.270839 0.00024253 0.00160237 0.0645252 0.00273317 0.0119167 2.88553e-07 0.0123182 0.0318151 0.0238353 1.76436e-05 0.578524 0.000146475 1.11096e-09 0.00148426 
0.128326 0.000347467 0.000631105 0.0047845 4.67027e-06 0.0536065 1.28985e-06 0.020991 0.00931461 0.099905 1.00415e-05 0.680391 1.06826e-05 6.90809e-07 0.00167566 
0.173779 0.0138 0.094958 1.62541e-10 0.0298491 0.00297366 8.20863e-10 0.0172758 0.00646741 0.00615482 1.78136e-06 0.623697 0.0170821 9.11414e-07 0.0139612 
0.021314 0.00019691 0.0108296 0.00201328 5.249e-05 0.000123724 1.17241e-06 0.0184664 0.311202 0.176919 2.9568e-06 0.458842 1.72788e-08 3.60378e-10 3.57229e-05 
0.0630043 0.00268374 0.36377 0.00413953 0.000846173 0.00296675 8.71824e-05 0.00632184 0.122412 0.0171469 0.0133342 0.37261 0.00109223 4.88691e-05 0.0295366 
0.0850579 0.00770583 0.0743758 0.000199061 1.81758e-05 0.0851937 3.85849e-06 0.0156103 0.031442 0.114321 7.05295e-07 0.5783 0.00333655 0.00240872 0.0020258 
0.270839 0.00024253 0.00160237 0.0645252 0.00273317 0.0119167 2.88553e-07 0.0123182 0.0318151 0.0238353 1.76436e-05 0.578524 0.000146475 1.11096e-09 0.00148426 
0.0330501 0.00353383 0.0613918 0.0030417 0.000128224 0.00679002 1.50899e-06 0.0166306 0.0463558 0.0466028 0.00315687 0.72736 0.00556518 4.91058e-06 0.0463864 
0.0144328 0.120502 0.11357 5.84439e-06 7.12508e-05 3.57175e-08 4.65116e-06 0.0377757 0.0110219 0.0828585 2.17769e-06 0.617611 3.84892e-05 1.56029e-07 0.00210592 
5.25198e-06 0.0178601 0.116599 5.25164e-06 0.00210461 5.25109e-06 5.24746e-06 0.0693345 5.25214e-06 0.194861 0.0173333 0.555093 0.0267777 5.24575e-06 5.24971e-06 
0.00346709 2.75525e-05 0.0164725 4.66402e-08 0.00015441 0.000127864 2.40441e-09 0.000589146 1.07738e-07 0.0142269 3.77404e-07 0.963844 1.40502e-06 6.20609e-07 0.00108758 
0.16163 0.0112936 0.0605746 0.0121604 0.000563153 0.00453327 0.0896801 0.0905821 0.0281542 0.0939449 0.00374841 0.44114 0.000700133 0.000297411 0.000997399 
0.00395855 0.00128356 0.114457 0.0108344 7.36365e-08 0.00402509 7.20959e-06 0.0029002 0.191654 0.230348 1.03114e-06 0.439926 8.67341e-05 3.87057e-09 0.000517801 
0.170685 0.0763587 0.0854131 0.0498606 0.00701848 0.0797926 8.43552e-05 0.170151 0.0625565 0.0972428 0.0145803 0.180742 0.00174572 2.47061e-07 0.003769 
0.129752 0.026487 0.204127 0.00080046 0.000911309 0.0166876 0.00660838 0.0917315 0.0462258 0.13138 7.16906e-05 0.343342 0.000544263 0.000288726 0.00104274 
0.00395855 0.00128356 0.114457 0.0108344 7.36365e-08 0.00402509 7.20959e-06 0.0029002 0.191654 0.230348 1.03114e-06 0.439926 8.67341e-05 3.87057e-09 0.000517801 
5.25198e-06 0.0178601 0.116599 5.25164e-06 0.00210461 5.25109e-06 5.24746e-06 0.0693345 5.25214e-06 0.194861 0.0173333 0.555093 0.0267777 5.24575e-06 5.24971e-06 
0.00905572 0.000325379 0.0401766 0.00737771 0.000157251 5.8597e-05 6.18475e-07 0.0518258 0.00537463 0.0131496 1.81064e-05 0.867169 0.00032393 2.89283e-07 0.00498715 
0.00270552 0.0344944 0.228489 0.0234236 0.000106398 0.000900678 1.15894e-05 0.0268363 0.111756 0.145891 3.42872e-05 0.420185 0.00036006 6.68233e-05 0.00473996 
0.270839 0.00024253 0.00160237 0.0645252 0.00273317 0.0119167 2.88553e-07 0.0123182 0.0318151 0.0238353 1.76436e-05 0.578524 0.000146475 1.11096e-09 0.00148426 
0.0628717 0.0130622 0.0457823 0.000475349 2.44923e-06 0.00525946 0.00103467 0.0129394 0.0543839 0.0214318 3.6645e-05 0.675263 0.000640208 0.000500422 0.106316 
0.0153031 0.0244625 0.0108116 0.00023158 0.000142692 0.0149967 6.94422e-06 0.0245566 0.00864641 0.037418 2.26798e-05 0.829477 1.87374e-05 4.55181e-05 0.0338596 
0.168026 0.00165899 0.166904 9.81521e-08 0.000166399 0.000755543 0.0106993 0.00126429 0.0057197 0.144435 7.51101e-06 0.481392 0.00111172 0.00428574 0.0135738 
0.023038 0.00575607 0.11914 0.00397643 0.000149517 0.0115911 3.49509e-05 0.0739325 0.0714109 0.0365277 0.000134079 0.652271 0.000281019 0.000102042 0.00165501 
0.0322471 0.000470374 0.0982038 0.00728761 0.13458 0.00526394 1.56402e-05 0.00600063 0.1642 0.0384575 9.33818e-05 0.510564 3.72218e-05 9.48006e-10 0.00257821 
0.270839 0.00024253 0.00160237 0.0645252 0.00273317 0.0119167 2.88553e-07 0.0123182 0.0318151 0.0238353 1.76436e-05 0.578524 0.000146475 1.11096e-09 0.00148426 
0.234947 0.0119109 0.0568263 0.00902753 0.000288647 0.0642036 0.00136845 0.0309849 0.154298 0.049963 0.000431287 0.384543 5.31748e-05 1.14256e-06 0.00115285 
0.138671 0.0187 0.0796133 0.0009078 4.17334e-05 0.00120727 0.000781765 0.0129076 0.0338887 0.162784 2.26498e-05 0.45919 0.00196361 0.0662523 0.0230684 
0.0780612 0.0662113 0.137039 0.00686862 0.00146789 0.0322858 4.32755e-06 0.0892518 0.0394759 0.0716457 0.127187 0.341567 0.0016146 0.000268135 0.00705184 
0.288545 0.00103185 0.00468845 0.00110614 0.00089902 0.00541459 9.89379e-06 0.00281119 0.163949 0.0328505 4.43104e-06 0.477297 0.00039277 4.24127e-12 0.0209996 
0.270839 0.00024253 0.00160237 0.0645252 0.00273317 0.0119167 2.88553e-07 0.0123182 0.0318151 0.0238353 1.76436e-05 0.578524 0.000146475 1.11096e-09 0.00148426 
0.131015 0.000893438 0.00132399 0.00563647 0.000454601 0.00362601 3.0061e-12 0.0034247 0.0774267 0.0738949 1.37342e-08 0.6986 4.24042e-05 1.36881e-08 0.00366198 
0.00147037 0.00212599 0.0208166 5.06857e-05 0.00602819 0.00202963 1.021e-10 0.00806244 0.0181265 0.0830327 0.000165718 0.853083 0.00205839 0.0025773 0.000372702 
0.372521 0.00183293 0.0167473 0.0440661 9.12803e-05 0.0141496 2.17143e-07 0.00877738 0.0660826 0.074074 3.34335e-05 0.394544 0.000958071 1.01717e-09 0.006122 
0.0344899 0.0783486 0.104824 0.0142633 0.000373101 0.0619073 6.85661e-06 0.0822166 0.0716335 0.195902 0.0347804 0.239826 0.022942 0.00121979 0.0572671 
0.194706 0.0349102 0.199455 0.00263067 0.000282884 0.0300353 5.59872e-05 0.106943 0.0625877 0.132134 3.2842e-05 0.22082 0.00330514 5.13079e-06 0.0120951 
0.270839 0.00024253 0.00160237 0.0645252 0.00273317 0.0119167 2.88553e-07 0.0123182 0.0318151 0.0238353 1.76436e-05 0.578524 0.000146475 1.11096e-09 0.00148426 
0.270839 0.00024253 0.00160237 0.0645252 0.00273317 0.0119167 2.88553e-07 0.0123182 0.0318151 0.0238353 1.76436e-05 0.578524 0.000146475 1.11096e-09 0.00148426 
0.0830514 0.00370419 0.0567374 0.00164457 0.000353851 0.10881 4.59869e-10 0.00809797 0.0478855 0.0581742 0.000464539 0.62468 0.000648909 0.000829028 0.00491937 
0.164738 0.0123412 0.00317146 0.0156365 3.60723e-06 0.0857353 9.20669e-08 0.0109371 0.0495337 0.050649 7.83236e-06 0.595733 0.010566 5.61559e-09 0.000947155 
0.0491746 0.00298669 0.0251201 0.00021355 2.07524e-05 0.00232803 3.50315e-05 0.00457148 0.0367592 0.00836486 1.10867e-06 0.865517 3.1246e-07 2.35137e-06 0.00490534 
0.270839 0.00024253 0.00160237 0.0645252 0.00273317 0.0119167 2.88553e-07 0.0123182 0.0318151 0.0238353 1.76436e-05 0.578524 0.000146475 1.11096e-09 0.00148426 
0.06763 1.16281e-05 0.193158 2.30796e-05 5.83417e-06 0.0513234 1.575e-07 0.0888763 0.0467129 0.243585 6.47414e-07 0.296388 0.00740569 4.52656e-09 0.00487813 
0.0680347 0.000270294 0.0373001 0.00205528 1.04429e-05 0.030395 8.85877e-07 0.00679471 0.0189726 0.352519 9.65511e-06 0.479833 0.000444714 0.000107514 0.00325257 
0.00395855 0.00128356 0.114457 0.0108344 7.36365e-08 0.00402509 7.20959e-06 0.0029002 0.191654 0.230348 1.03114e-06 0.439926 8.67341e-05 3.87057e-09 0.000517801 
0.0629244 0.00240799 0.00251764 2.15392e-10 0.00830668 0.00041397 1.08777e-09 0.0094602 0.00535242 0.0160409 9.20073e-06 0.848344 0.0019421 1.44923e-09 0.0422803 
0.0149903 0.00209719 0.298782 0.0500412 4.22935e-05 0.00174095 9.04686e-05 0.031361 0.0559192 0.145222 1.15593e-05 0.39239 0.00684322 3.82818e-05 0.000431082 
0.0440941 0.00193294 0.0735854 8.12959e-06 2.41449e-05 0.00121977 4.59353e-06 0.000694629 0.196288 0.0212522 1.73236e-05 0.660634 7.83889e-05 1.85665e-06 0.000164576 
0.270839 0.00024253 0.00160237 0.0645252 0.00273317 0.0119167 2.88553e-07 0.0123182 0.0318151 0.0238353 1.76436e-05 0.578524 0.000146475 1.11096e-09 0.00148426 
0.0417579 0.0123019 0.0921956 0.00598413 0.000799981 0.00353389 7.45623e-05 0.0255296 0.0811321 0.105574 0.0693417 0.559969 0.000363144 3.01799e-06 0.00143965 
0.270839 0.00024253 0.00160237 0.0645252 0.00273317 0.0119167 2.88553e-07 0.0123182 0.0318151 0.0238353 1.76436e-05 0.578524 0.000146475 1.11096e-09 0.00148426 
0.0578903 0.000333444 2.70996e-05 0.000623264 1.08769e-06 0.00145104 4.12206e-10 0.0456563 0.00102157 0.000506267 1.36994e-10 0.883412 0.000451722 5.4918e-10 0.00862614 
0.0317012 0.00900697 0.163175 0.0224116 0.000964626 0.00508811 0.000188401 0.0480997 0.179715 0.181462 0.00233468 0.352984 0.000380187 2.38099e-06 0.00248561 
0.285045 3.72342e-05 0.000397842 0.0428165 4.81458e-05 0.0088634 4.00222e-08 0.00179179 0.0251582 0.0276575 3.31593e-06 0.606658 6.15666e-05 1.72244e-10 0.00146079 
0.137052 0.00461389 0.0325159 0.0246266 0.000298421 0.0404058 7.63438e-08 0.0650974 0.086704 0.1209 0.000390992 0.413703 7.76185e-05 0.0691204 0.00449405 
0.0794104 0.0151718 0.128254 0.067616 0.0016113 0.00298682 2.46693e-06 0.0355272 0.198748 0.0408743 8.97347e-05 0.343733 0.00282434 2.88842e-05 0.0831218 
0.270839 0.00024253 0.00160237 0.0645252 0.00273317 0.0119167 2.88553e-07 0.0123182 0.0318151 0.0238353 1.76436e-05 0.578524 0.000146475 1.11096e-09 0.00148426 
0.270839 0.00024253 0.00160237 0.0645252 0.00273317 0.0119167 2.88553e-07 0.0123182 0.0318151 0.0238353 1.76436e-05 0.578524 0.000146475 1.11096e-09 0.00148426 
0.126312 0.0191796 0.15664 0.0178655 0.0034616 0.0100939 5.01974e-05 0.0689782 0.220335 0.080342 0.000925413 0.267666 0.0060044 1.1298e-06 0.022145 
0.288965 0.00596044 0.0587479 0.00357174 4.45032e-05 0.0223434 5.82381e-05 0.00760121 0.0985253 0.116472 4.12865e-05 0.375555 0.00460018 0.000137603 0.017376 
0.106404 0.00429449 0.0194897 0.00689925 2.99005e-05 0.000329119 1.82426e-05 0.123958 0.00509716 0.0328512 1.39872e-05 0.660088 0.00210527 0.0277116 0.0107103 
0.0651689 0.00189004 0.0984508 0.000956489 0.000104588 0.00119346 2.76761e-05 0.0436861 0.158098 0.167553 9.11696e-05 0.457134 0.000799829 3.45911e-05 0.00481074 
0.184866 0.000640973 0.0720002 0.0205546 0.000308113 0.0550035 4.54852e-05 0.00353733 0.080226 0.166935 8.92547e-05 0.315026 0.000249277 0.000113845 0.100404 
0.270839 0.00024253 0.00160237 0.0645252 0.00273317 0.0119167 2.88553e-07 0.0123182 0.0318151 0.0238353 1.76436e-05 0.578524 0.000146475 1.11096e-09 0.00148426 
0.0167256 3.71249e-05 0.0247408 7.7471e-07 8.0901e-09 0.0516188 9.84462e-09 0.140121 0.0176824 0.179014 6.69321e-06 0.569965 2.86227e-05 1.3116e-08 6.00917e-05 
0.270839 0.00024253 0.00160237 0.0645252 0.00273317 0.0119167 2.88553e-07 0.0123182 0.0318151 0.0238353 1.76436e-05 0.578524 0.000146475 1.11096e-09 0.00148426 
0.270839 0.00024253 0.00160237 0.0645252 0.00273317 0.0119167 2.88553e-07 0.0123182 0.0318151 0.0238353 1.76436e-05 0.578524 0.000146475 1.11096e-09 0.00148426 
0.00545135 0.0106593 0.0742836 0.0318922 0.000817387 2.20623e-05 4.49998e-06 0.0240621 0.00542316 0.0607521 1.46765e-05 0.766232 0.000425245 0.00532136 0.0146393 
0.270839 0.00024253 0.00160237 0.0645252 0.00273317 0.0119167 2.88553e-07 0.0123182 0.0318151 0.0238353 1.76436e-05 0.578524 0.000146475 1.11096e-09 0.00148426 
0.441043 0.000757089 0.0149301 9.4311e-10 6.54528e-05 1.61149e-07 0.0136465 0.00371672 3.69433e-07 0.00626847 6.10234e-06 0.513107 2.3799e-07 6.34558e-09 0.00645932 
0.270839 0.00024253 0.00160237 0.0645252 0.00273317 0.0119167 2.88553e-07 0.0123182 0.0318151 0.0238353 1.76436e-05 0.578524 0.000146475 1.11096e-09 0.00148426 
0.145397 0.00136346 0.0120835 0.0464266 0.0219342 0.092752 1.76126e-07 0.0579145 0.0803057 0.0635885 2.79202e-05 0.306382 0.169909 1.01466e-06 0.00191392 
0.0678057 0.0482449 0.105799 0.0236474 1.79772e-05 0.00397553 8.58765e-07 0.102487 0.0243156 0.0071722 4.63671e-05 0.533862 0.00215243 1.47225e-05 0.0804585 
0.270839 0.00024253 0.00160237 0.0645252 0.00273317 0.0119167 2.88553e-07 0.0123182 0.0318151 0.0238353 1.76436e-05 0.578524 0.000146475 1.11096e-09 0.00148426 
0.00728225 0.0465901 0.28475 0.0146656 0.00012904 0.000224836 4.221e-06 0.0139083 0.0228035 0.20672 2.14191e-05 0.39861 0.00183921 6.61047e-07 0.00245058 
0.270839 0.00024253 0.00160237 0.0645252 0.00273317 0.0119167 2.88553e-07 0.0123182 0.0318151 0.0238353 1.76436e-05 0.578524 0.000146475 1.11096e-09 0.00148426 
0.114886 0.00664394 0.0541149 0.00182942 0.000201873 0.0181953 8.05505e-05 0.0142525 0.171931 0.032387 2.77626e-06 0.502402 0.0721098 1.19188e-05 0.0109517 
0.0794104 0.0151718 0.128254 0.067616 0.0016113 0.00298682 2.46693e-06 0.0355272 0.198748 0.0408743 8.97347e-05 0.343733 0.00282434 2.88842e-05 0.0831218 
0.0948354 0.000204276 0.000827197 0.00299683 9.42944e-06 0.00191848 0.000316017 0.00135733 0.0101905 0.00232502 0.000122111 0.735842 9.50321e-05 6.51583e-10 0.14896 
0.0919195 0.0125348 0.0866237 0.00351463 0.00189271 0.0133615 4.81525e-05 0.046226 0.166628 0.210399 0.00237951 0.351925 0.00491403 0.000492438 0.00714038 
0.218714 0.000775048 0.017974 0.0915273 9.47497e-05 0.0107937 3.16533e-05 0.00794254 0.0911806 0.0148305 6.14852e-06 0.54344 0.00026504 1.85187e-08 0.00242531 
0.270839 0.00024253 0.00160237 0.0645252 0.00273317 0.0119167 2.88553e-07 0.0123182 0.0318151 0.0238353 1.76436e-05 0.578524 0.000146475 1.11096e-09 0.00148426 
0.0740012 0.0247943 0.101955 0.0069057 0.00133773 0.00735575 0.000349662 0.0453468 0.0230844 0.0671102 0.0405311 0.602296 0.00367801 0.000170798 0.00108372 
0.0287863 0.00788416 0.0599301 0.00854945 0.000668984 0.00117737 1.30265e-05 0.0120897 0.0302984 0.0513806 0.000628364 0.636192 0.00244988 0.000122042 0.159829 
0.0352825 0.000640965 0.0034257 8.13754e-05 0.00108085 0.000872359 1.14559e-11 0.000317783 0.0106105 0.00769563 1.32343e-05 0.935407 2.18994e-05 2.94057e-06 0.004547 
0.270839 0.00024253 0.00160237 0.0645252 0.00273317 0.0119167 2.88553e-07 0.0123182 0.0318151 0.0238353 1.76436e-05 0.578524 0.000146475 1.11096e-09 0.00148426 
0.0400483 0.00582538 0.235444 0.0177364 0.000111153 0.0112761 3.18917e-05 0.052314 0.0262737 0.113885 0.00354962 0.451648 0.00393481 0.0341122 0.00380909 
0.0512052 0.0884816 0.189031 0.00666155 2.69827e-05 8.97696e-05 0.000244525 0.0848381 0.0781558 0.0639272 3.18156e-05 0.316018 0.107869 0.000980479 0.0124398 
0.123894 0.00153949 0.00561546 4.02408e-08 2.47942e-07 0.00141743 1.3239e-07 0.00641273 0.0928667 0.0261385 7.53868e-08 0.741942 1.05596e-07 2.26077e-10 0.000173121 
0.0674366 0.0658375 0.0850704 0.01576 0.000797434 0.00524972 0.0133143 0.0455761 0.283411 0.0976945 0.000168507 0.304228 0.00254321 7.10306e-05 0.0128411 
0.0496295 0.00606267 0.290177 0.00491758 0.000418637 0.00227315 0.00100364 0.0132507 0.0359812 0.0364697 0.00518823 0.538788 0.000677489 3.09818e-08 0.0151627 
0.270839 0.00024253 0.00160237 0.0645252 0.00273317 0.0119167 2.88553e-07 0.0123182 0.0318151 0.0238353 1.76436e-05 0.578524 0.000146475 1.11096e-09 0.00148426 
0.0598411 0.0285057 0.000446213 0.224007 0.000905296 0.0410046 3.93124e-09 0.2166 0.000426534 0.00263133 1.24284e-05 0.420985 0.00102794 5.23758e-09 0.00360729 
0.0346022 0.00187596 0.0258932 0.000105187 0.00116309 0.00340832 4.06003e-06 0.0267424 0.198381 0.053544 2.99023e-05 0.643365 0.0056064 1.99402e-05 0.00526005 
0.0580641 0.00648471 0.118132 0.00234739 0.00363065 0.00675964 0.000119805 0.0225168 0.137736 0.0628362 0.000104839 0.530133 0.000415415 0.00112023 0.0495996 
0.266524 0.00257869 0.00279821 5.44845e-05 6.06995e-05 0.000994827 4.43962e-07 0.00361455 0.0312939 0.0247967 2.51182e-05 0.612691 8.74786e-06 0.0350491 0.0195099 
0.270839 0.00024253 0.00160237 0.0645252 0.00273317 0.0119167 2.88553e-07 0.0123182 0.0318151 0.0238353 1.76436e-05 0.578524 0.000146475 1.11096e-09 0.00148426 
0.118503 0.000404606 0.153013 0.000556231 1.78883e-07 0.00357492 0.00158733 0.000513872 0.0200473 0.00879691 2.14954e-06 0.688637 1.82439e-05 1.6062e-05 0.00432895 
4.42266e-09 7.90459e-09 1.03126e-05 6.60464e-09 2.74102e-08 1.01726e-08 3.33547e-08 5.67443e-05 3.42866e-09 2.09999e-05 1.10852e-08 0.999883 1.56664e-05 4.44384e-08 1.28392e-05 
0.101385 0.000400447 0.0142097 1.58211e-05 0.00179376 0.000689574 0.000282106 0.0183951 1.03369e-07 0.0524006 6.50641e-05 0.690469 0.0118834 0.108008 2.05504e-06 
0.0937597 0.0137791 0.0997738 0.00975377 0.000991491 0.0103438 0.000266871 0.0370017 0.220005 0.19026 0.000839933 0.308557 0.00290586 0.000582737 0.0111789 
0.176352 0.00151302 0.0919988 0.0007268 0.000106179 0.0198167 7.41433e-06 0.00480271 0.0280158 0.0352558 9.22932e-06 0.640857 2.33654e-05 7.72231e-06 0.000507255 
0.270839 0.00024253 0.00160237 0.0645252 0.00273317 0.0119167 2.88553e-07 0.0123182 0.0318151 0.0238353 1.76436e-05 0.578524 0.000146475 1.11096e-09 0.00148426 
0.270839 0.00024253 0.00160237 0.0645252 0.00273317 0.0119167 2.88553e-07 0.0123182 0.0318151 0.0238353 1.76436e-05 0.578524 0.000146475 1.11096e-09 0.00148426 
0.0305223 0.0807437 0.123937 0.000454756 9.83407e-05 0.00843305 0.00104753 0.0710312 0.188437 0.0840176 0.00161422 0.248979 0.0264877 0.000228425 0.133968 
0.270839 0.00024253 0.00160237 0.0645252 0.00273317 0.0119167 2.88553e-07 0.0123182 0.0318151 0.0238353 1.76436e-05 0.578524 0.000146475 1.11096e-09 0.00148426 
0.0136807 0.00797388 0.0251398 9.1017e-05 0.000167626 2.64174e-06 1.04489e-06 0.00638902 0.00141489 0.102747 4.63404e-05 0.839688 2.05863e-06 2.94723e-07 0.00265626 
0.115364 0.00249625 0.0538771 0.00328224 0.0380029 0.0111433 4.55479e-06 0.092259 0.0553414 0.285162 6.40943e-05 0.299289 0.0380487 2.2858e-09 0.00566642 
0.336427 0.00251492 0.0021673 0.0450406 0.000145527 0.00713936 1.31109e-05 0.164414 0.00359579 0.00829286 5.16222e-06 0.355641 0.000612687 0.00541375 0.0685772 
0.00818071 0.00365396 0.0347463 0.0325591 0.000283484 0.000877783 2.28956e-08 0.051112 0.269126 0.283143 0.000240338 0.312898 0.00255168 8.95613e-07 0.00062675 
0.164738 0.0123412 0.00317146 0.0156365 3.60723e-06 0.0857353 9.20669e-08 0.0109371 0.0495337 0.050649 7.83236e-06 0.595733 0.010566 5.61559e-09 0.000947155 
0.0166275 0.00104712 0.0493231 0.0192922 0.000253414 0.000822724 5.13264e-05 0.00741718 0.217323 0.131654 8.59404e-07 0.555459 2.39458e-05 2.90585e-09 0.000704008 
0.270839 0.00024253 0.00160237 0.0645252 0.00273317 0.0119167 2.88553e-07 0.0123182 0.0318151 0.0238353 1.76436e-05 0.578524 0.000146475 1.11096e-09 0.00148426 
0.210438 0.0140628 0.0126513 2.92897e-05 0.000208485 0.00780209 1.20252e-05 0.000549202 0.079853 0.129482 0.000259728 0.5445 3.85507e-05 1.49182e-06 0.000112229 
0.270839 0.00024253 0.00160237 0.0645252 0.00273317 0.0119167 2.88553e-07 0.0123182 0.0318151 0.0238353 1.76436e-05 0.578524 0.000146475 1.11096e-09 0.00148426 
0.0322471 0.000470374 0.0982038 0.00728761 0.13458 0.00526394 1.56402e-05 0.00600063 0.1642 0.0384575 9.33818e-05 0.510564 3.72218e-05 9.48006e-10 0.00257821 
0.0759109 0.0227251 0.039873 0.0347364 0.000493007 0.0246399 1.19567e-06 0.0445816 0.269454 0.19177 0.000115624 0.29456 0.000351768 8.95112e-07 0.000787282 
0.272872 0.0101261 0.130583 0.00795434 0.000456502 0.0565454 0.00152201 0.0602934 0.0770504 0.0893124 0.00507051 0.282141 0.000170494 0.00403362 0.00186867 
0.0767736 0.00196423 0.0302012 0.000306607 0.000379493 0.000710984 4.66542e-11 0.0196433 0.0663804 0.0353379 2.40915e-05 0.749734 4.58855e-05 1.64736e-06 0.0184971 
0.0215681 0.00756845 0.0992842 0.00750896 5.23942e-05 0.00814685 2.91394e-07 0.0463934 0.0358127 0.116143 4.19769e-05 0.646965 0.00998707 0.000163989 0.000363719 
0.157618 0.0356651 0.229575 2.24153e-07 8.21198e-07 0.00138741 0.00307309 0.0134217 0.0159204 0.0605392 5.20552e-05 0.441602 0.00103476 5.21181e-09 0.0401102 
0.270839 0.00024253 0.00160237 0.0645252 0.00273317 0.0119167 2.88553e-07 0.0123182 0.0318151 0.0238353 1.76436e-05 0.578524 0.000146475 1.11096e-09 0.00148426 
0.0147778 0.000223147 0.00594649 0.000118906 0.00540572 0.0134989 1.55305e-08 0.0819821 0.000562266 0.0185383 0.00656319 0.851659 0.000530184 1.24674e-07 0.000194224 
0.0223465 0.00238732 0.0515686 0.0126231 0.0516069 0.00184155 1.64876e-05 0.0379377 0.0715391 0.0778659 0.0191182 0.637019 0.000630276 1.77177e-05 0.0134819 
0.0372823 0.0195538 0.0548904 5.95033e-08 0.000791082 0.00597084 4.61263e-10 0.00995534 0.000145763 4.7284e-06 2.1962e-07 0.871007 1.66113e-06 2.89537e-07 0.000396255 
0.0637565 0.001164 0.0250925 0.00400837 1.0495e-06 0.00159189 1.58879e-07 0.00547244 0.0165952 0.0460931 0.000291527 0.835074 3.45969e-05 6.1053e-06 0.000818188 
0.0830514 0.00370419 0.0567374 0.00164457 0.000353851 0.10881 4.59869e-10 0.00809797 0.0478855 0.0581742 0.000464539 0.62468 0.000648909 0.000829028 0.00491937 
0.270839 0.00024253 0.00160237 0.0645252 0.00273317 0.0119167 2.88553e-07 0.0123182 0.0318151 0.0238353 1.76436e-05 0.578524 0.000146475 1.11096e-09 0.00148426 
0.194386 0.00474017 0.0880695 0.00933861 0.000535749 0.076952 0.000112146 0.0338398 0.0778562 0.140689 0.000837405 0.356 0.00354364 0.000283642 0.0128159 
0.020519 0.000104251 0.169 0.00235097 8.43824e-07 0.00233021 0.00113859 0.00960562 0.0152649 0.0782215 1.16893e-05 0.700477 0.000375007 2.80345e-07 0.000600617 
0.0892472 0.00206631 0.0210478 0.0374279 0.000296453 0.0108485 2.85091e-05 0.0550079 0.257503 0.254222 1.43146e-06 0.266572 0.000102119 9.91182e-08 0.00562914 
0.270839 0.00024253 0.00160237 0.0645252 0.00273317 0.0119167 2.88553e-07 0.0123182 0.0318151 0.0238353 1.76436e-05 0.578524 0.000146475 1.11096e-09 0.00148426 
0.0759145 0.000113714 0.00465987 0.0129221 7.61254e-07 0.022862 1.02026e-06 0.0352514 0.00387343 0.021195 2.40946e-05 0.822201 8.81029e-05 2.18387e-05 0.000870757 
0.157218 0.0268868 0.0932718 0.0155887 0.00078308 0.00656641 0.000156626 0.205006 0.0553022 0.120498 0.00387683 0.299435 0.0052415 6.73063e-06 0.0101623 
0.0932587 0.00192193 0.0333449 0.00530601 0.000313442 0.0159774 0.000115855 0.00253705 0.0816272 0.0407111 0.00093383 0.721766 6.14284e-05 2.33015e-10 0.00212528 
0.0246506 0.00273328 0.109757 0.0176003 0.000570783 0.000556095 0.000493845 0.0179821 0.157999 0.250774 8.02264e-06 0.415285 0.000639816 5.57612e-09 0.000949892 
0.179517 0.00524132 0.0643906 0.00301643 8.29946e-05 0.017667 3.38145e-05 0.0264472 0.0750713 0.16035 0.000327709 0.429393 0.00219446 5.8237e-05 0.0362099 
0.147951 0.00508986 0.000690068 0.00210698 0.00184482 0.0106263 1.86294e-07 0.00686199 0.103933 0.120081 1.86417e-07 0.590675 0.0012302 1.86233e-07 0.0089088 
0.0420131 0.0919434 0.121949 0.000376336 0.000239137 0.00580404 8.55532e-06 0.043283 0.0432746 0.0373771 6.47409e-05 0.493534 0.0164956 2.60276e-07 0.103637 
0.0255314 0.0389819 0.0146632 0.000811602 0.000773173 0.0622569 0.00025163 0.0727222 0.00144706 0.0815868 0.000154358 0.682323 0.00635851 0.00010452 0.0120335 
0.0292816 0.00549564 0.0302465 1.79493e-07 1.08662e-09 1.5954e-05 4.19834e-07 0.0144284 0.0203769 0.0257322 8.45402e-08 0.740003 0.0304781 8.03484e-05 0.103861 
0.270839 0.00024253 0.00160237 0.0645252 0.00273317 0.0119167 2.88553e-07 0.0123182 0.0318151 0.0238353 1.76436e-05 0.578524 0.000146475 1.11096e-09 0.00148426 
0.129386 0.00493687 0.020175 7.32405e-05 0.000724486 0.00270239 8.00801e-06 0.111266 6.70606e-05 0.0903442 0.0184084 0.320255 0.301471 1.16503e-05 0.000171406 
0.0388242 0.0646358 0.201586 0.0142607 1.94959e-05 0.011303 6.48973e-05 0.0580511 0.0598592 0.133369 0.000974345 0.411783 0.00142353 2.00351e-05 0.00382563 
0.270839 0.00024253 0.00160237 0.0645252 0.00273317 0.0119167 2.88553e-07 0.0123182 0.0318151 0.0238353 1.76436e-05 0.578524 0.000146475 1.11096e-09 0.00148426 
0.431214 0.000569624 0.00554919 6.21817e-05 4.39119e-05 0.000660493 1.82689e-05 0.000158712 0.0719728 0.00850277 7.38513e-09 0.464205 0.00173053 1.1132e-10 0.0153125 
0.362246 0.0136122 0.00187148 0.00266655 0.00103433 0.0150222 1.23131e-06 0.0373271 0.020105 0.150551 9.69523e-06 0.392692 6.06954e-05 1.09798e-07 0.00280072 
0.193837 0.0146283 0.0421175 0.00711647 0.000492039 0.0053735 3.26608e-05 0.0573437 0.0734083 0.0707076 0.000173768 0.504534 0.000466264 0.000516566 0.0292516 
0.0785061 0.0224158 0.0601422 3.00861e-05 0.00154857 0.000575096 2.76366e-05 0.0477256 0.00359542 0.156674 0.0106885 0.513439 0.0732735 0.00284657 0.028512 
0.109721 0.00168157 0.102135 0.00595488 0.000398462 0.0787025 7.91397e-05 0.0262745 0.107728 0.0586597 0.000121333 0.500929 0.00301485 8.01278e-07 0.00459951 
0.270839 0.00024253 0.00160237 0.0645252 0.00273317 0.0119167 2.88553e-07 0.0123182 0.0318151 0.0238353 1.76436e-05 0.578524 0.000146475 1.11096e-09 0.00148426 
0.0406824 0.00527112 0.212393 0.0158902 0.000105608 0.014969 2.77539e-05 0.0526362 0.0289617 0.177071 0.00309733 0.411171 0.00460514 0.0296823 0.00343724 
0.270839 0.00024253 0.00160237 0.0645252 0.00273317 0.0119167 2.88553e-07 0.0123182 0.0318151 0.0238353 1.76436e-05 0.578524 0.000146475 1.11096e-09 0.00148426 
0.270839 0.00024253 0.00160237 0.0645252 0.00273317 0.0119167 2.88553e-07 0.0123182 0.0318151 0.0238353 1.76436e-05 0.578524 0.000146475 1.11096e-09 0.00148426 
0.1592 0.00773004 0.205097 0.000625088 0.00303798 0.00228749 0.000101728 0.00860009 0.166994 0.191608 0.00746333 0.237833 0.000434144 6.55406e-08 0.00898753 
0.0663507 0.000780583 0.130546 0.00287662 0.000154799 0.0121239 0.00132247 0.0436195 0.0378435 0.103607 7.17789e-07 0.592134 0.00679698 0.00108685 0.000756889 
0.0185505 0.0284105 0.177393 0.00159787 0.00208888 0.00330973 3.99085e-07 0.0108695 0.244459 0.18218 0.000442937 0.284164 0.00122212 0.0443734 0.000938318 
0.0794104 0.0151718 0.128254 0.067616 0.0016113 0.00298682 2.46693e-06 0.0355272 0.198748 0.0408743 8.97347e-05 0.343733 0.00282434 2.88842e-05 0.0831218 
0.0237703 0.00390407 0.201335 5.90162e-06 0.00294743 0.00483878 0.142211 0.0405308 0.0013697 0.224303 1.54674e-07 0.350474 0.00125085 1.91823e-05 0.00304029 
0.270839 0.00024253 0.00160237 0.0645252 0.00273317 0.0119167 2.88553e-07 0.0123182 0.0318151 0.0238353 1.76436e-05 0.578524 0.000146475 1.11096e-09 0.00148426 
0.088709 0.00614535 0.0882355 0.00454979 0.0109876 0.00446735 3.14444e-05 0.0529972 0.0444999 0.0272392 0.00120134 0.660146 0.00167856 0.00199845 0.00711334 
0.137807 0.010856 0.0580809 0.00377696 0.00281075 0.000926568 3.29234e-05 0.147104 0.00689256 0.111468 5.34882e-06 0.494607 0.000592002 0.00264859 0.0223924 
0.270839 0.00024253 0.00160237 0.0645252 0.00273317 0.0119167 2.88553e-07 0.0123182 0.0318151 0.0238353 1.76436e-05 0.578524 0.000146475 1.11096e-09 0.00148426 
0.0526882 0.0108817 0.178253 0.00166866 0.00619523 0.00465441 0.000105967 0.0233977 0.108594 0.0875088 0.000467358 0.29196 0.00530113 7.21865e-05 0.228251 
0.0131372 0.186354 0.192635 0.000185048 0.110563 0.00491546 3.27458e-06 0.0174659 0.125375 0.0628196 4.80809e-05 0.233085 0.045458 1.6566e-08 0.00795462 
0.012123 0.000925071 0.0203892 8.94112e-05 0.000258151 0.00306275 1.36447e-05 0.0257965 0.0125816 0.0729144 0.000641149 0.841828 0.00770281 1.2194e-05 0.00166198 
0.0228841 0.0155498 0.092311 0.00229199 0.000164159 0.00831266 1.03866e-05 0.037487 0.0456086 0.228678 0.00107452 0.538378 0.00416214 0.000147124 0.00294067 
0.128721 0.0422184 0.0525743 1.42755e-05 0.00338247 0.000847535 9.03403e-05 0.0338553 0.0124506 0.110991 0.000425997 0.59589 0.00278198 0.000592322 0.015165 
0.223137 0.0167852 0.0721227 0.00742807 0.00855406 0.053294 0.000107461 0.0965762 0.0342751 0.108675 7.4637e-05 0.366346 0.00992704 0.000259012 0.00243841 
0.270839 0.00024253 0.00160237 0.0645252 0.00273317 0.0119167 2.88553e-07 0.0123182 0.0318151 0.0238353 1.76436e-05 0.578524 0.000146475 1.11096e-09 0.00148426 
0.270839 0.00024253 0.00160237 0.0645252 0.00273317 0.0119167 2.88553e-07 0.0123182 0.0318151 0.0238353 1.76436e-05 0.578524 0.000146475 1.11096e-09 0.00148426 
0.0579547 0.00731812 0.342874 0.00323893 0.00145906 0.00223526 2.65044e-05 0.0445972 0.0848341 0.0627596 6.51864e-05 0.378622 0.00371615 0.00113992 0.00915973 
1.54065e-07 0.00134479 0.019484 8.26213e-09 8.22326e-07 0.00163515 1.56871e-10 0.000802025 0.000849181 0.0325413 0.000100708 0.942987 2.63512e-05 3.33452e-07 0.000228482 
0.0158205 0.0678173 0.0761676 3.72757e-05 0.000874756 0.00192495 5.08119e-06 0.0608138 0.0173952 0.0897775 0.000226086 0.586588 0.0805611 0.000389524 0.00160156 
0.111883 0.00132024 0.152032 0.000704776 0.000367753 0.000717314 0.000122091 0.0252151 0.055634 0.0459163 1.53111e-05 0.576381 0.0175482 2.24664e-07 0.0121423 
0.270839 0.00024253 0.00160237 0.0645252 0.00273317 0.0119167 2.88553e-07 0.0123182 0.0318151 0.0238353 1.76436e-05 0.578524 0.000146475 1.11096e-09 0.00148426 
