0.00892749 0.320549 0.143322 0.039032 7.86755e-05 2.78999e-10 1.84137e-07 0.0429301 0.0103906 0.0189124 3.26383e-05 4.37308e-07 0.000788682 1.21197e-06 0.415034 
0.000317264 0.00507718 0.00124732 1.05263e-07 4.36858e-07 1.62129e-07 5.31601e-07 0.000243594 5.46453e-08 0.000799769 0.00024752 1.15622e-07 3.24732e-07 7.0825e-07 0.992065 
0.00103108 0.955447 0.00168232 0.00883621 1.16077e-05 0.00466557 0.00450075 0.00982844 0.00520821 0.0060907 0.00138423 0.000293547 0.000308461 7.35005e-08 0.000711839 
0.00129832 0.00102037 0.00058807 0.950992 4.96991e-05 0.0054873 2.74847e-07 0.0339417 0.00141822 0.0048132 8.33733e-06 5.60735e-06 0.000325988 2.82298e-10 5.09001e-05 
0.0143339 0.272755 0.0749242 0.0120857 0.204997 0.0839519 5.31527e-06 0.0756072 0.169403 0.0848885 0.000822636 0.000677884 0.00246777 4.98786e-11 0.00308041 
0.00306529 0.00253518 0.000946098 0.413984 0.000461197 0.00782524 3.8722e-06 0.552128 0.00867261 0.0100594 7.41649e-05 4.82967e-06 0.000229411 6.15096e-09 1.10277e-05 
1.54744e-07 0.931192 2.19992e-05 0.00319216 1.73748e-08 0.00128018 7.38432e-05 0.0290621 0.00397764 0.0189519 7.30187e-05 4.16784e-08 0.000142583 2.04667e-11 0.0120325 
0.0143339 0.272755 0.0749242 0.0120857 0.204997 0.0839519 5.31527e-06 0.0756072 0.169403 0.0848885 0.000822636 0.000677884 0.00246777 4.98786e-11 0.00308041 
1.16999e-10 0.859993 0.000701206 1.49461e-06 0.000115454 1.45659e-07 0.00346287 0.103856 0.000107271 8.79027e-07 0.000465344 1.91915e-10 0.0311874 1.17559e-09 0.000108941 
0.0218045 0.675157 0.0462093 0.00856569 0.00389805 0.00478147 9.66843e-06 0.0767093 0.0470265 0.0668375 0.00365444 0.000723727 0.00780326 0.000193216 0.0366264 
0.00160725 0.763414 0.0324978 0.00310065 0.00785506 0.00917137 6.50974e-12 0.00392441 0.0173588 0.00347208 0.14806 0.000498027 0.00138198 0.0068806 0.000778282 
1.41924e-06 0.952431 2.22014e-05 0.00319826 1.59441e-07 1.61264e-06 5.73883e-07 0.022053 0.00182891 0.0189581 7.36578e-05 3.82273e-07 0.00138019 3.32761e-10 5.01061e-05 
0.567237 0.100007 0.20965 0.0256559 0.00119408 0.070556 0.00654643 0.0185584 5.73381e-05 4.37248e-06 3.99116e-06 1.06349e-09 0.000523456 6.51447e-09 5.92444e-06 
0.000355608 0.914368 0.00237712 0.000117198 3.55042e-05 0.000731724 1.92806e-05 0.00338037 0.0014206 0.0169851 2.43959e-05 3.2046e-07 0.000106892 0.0557711 0.00430689 
0.0410144 0.532061 0.157585 0.0166514 0.0611201 0.0340432 0.00255582 0.041723 0.0251732 0.0166538 0.0607474 0.000463842 0.0100498 7.01881e-11 0.000158492 
1.26207e-05 0.974062 0.000199836 5.6819e-05 1.41619e-06 1.43403e-05 5.10137e-06 0.024369 3.18166e-05 4.82003e-05 4.36033e-06 3.39903e-06 4.33554e-06 2.27301e-10 0.00118669 
0.000355608 0.914368 0.00237712 0.000117198 3.55042e-05 0.000731724 1.92806e-05 0.00338037 0.0014206 0.0169851 2.43959e-05 3.2046e-07 0.000106892 0.0557711 0.00430689 
0.0928821 0.0217403 0.39282 0.00269875 0.0202567 0.389221 0.000229543 0.00301555 0.0318032 0.000242407 0.0220591 5.08874e-05 0.0229725 4.10391e-09 8.49639e-06 
0.11219 0.238898 0.0241048 1.71973e-06 2.32473e-10 0.0103162 3.68039e-07 0.591471 0.0230121 7.15514e-07 2.41631e-06 2.03103e-07 8.64194e-07 3.76893e-10 1.40801e-06 
3.89787e-07 5.33021e-12 6.31235e-09 1.45638e-07 1.97788e-07 1.48173e-07 2.24917e-11 0.2611 2.31201e-12 0.00678964 7.47496e-12 4.89188e-12 0.73211 2.99656e-11 1.2866e-11 
0.00306529 0.00253518 0.000946098 0.413984 0.000461197 0.00782524 3.8722e-06 0.552128 0.00867261 0.0100594 7.41649e-05 4.82967e-06 0.000229411 6.15096e-09 1.10277e-05 
0.0868661 0.0179013 0.0265103 0.00429466 0.00482441 0.0333876 0.000813628 0.158912 0.064034 0.446401 9.98336e-06 0.0014334 0.137847 0.00157022 0.0151948 
0.0122086 0.0788532 0.00292482 0.0478645 3.6239e-06 0.00765133 0.000145961 0.764725 0.00639094 0.0117889 0.000162791 4.95197e-05 0.0669584 7.10065e-07 0.000271646 
0.00417155 0.0498454 0.0122 0.04183 0.000161735 0.0147246 1.79562e-05 0.6817 0.0086995 0.0428931 0.000170991 0.000111003 0.130524 2.23599e-08 0.0129498 
0.00293358 0.761808 0.0721736 5.22383e-05 5.70643e-05 1.41789e-06 4.64907e-06 0.0116184 0.112412 0.023124 1.54509e-06 1.01116e-06 2.83992e-06 6.19394e-06 0.0158038 
0.117088 0.422755 0.00980038 0.000598178 0.000309376 2.62153e-05 1.09297e-05 0.0478967 0.295822 0.0621809 4.81413e-05 2.57759e-05 0.0016562 1.12435e-09 0.0417823 
0.00306529 0.00253518 0.000946098 0.413984 0.000461197 0.00782524 3.8722e-06 0.552128 0.00867261 0.0100594 7.41649e-05 4.82967e-06 0.000229411 6.15096e-09 1.10277e-05 
0.00523438 0.46261 0.108219 0.0159532 0.0716774 0.00792993 3.70383e-05 0.154002 0.0373482 0.0593637 0.0642253 0.00256195 0.00401649 0.000105509 0.00671544 
0.235761 0.28198 0.00199828 0.0481431 0.000299938 0.000922558 0.000777045 0.0165696 0.377011 0.0316645 0.000806 0.000402418 0.00197748 6.38654e-05 0.00162357 
0.12429 0.861133 0.00857949 2.96583e-06 3.96922e-09 1.47308e-09 4.83004e-09 5.77468e-05 4.96498e-10 0.00590717 1.60523e-09 1.05052e-09 2.95046e-09 6.49939e-07 2.95661e-05 
0.136233 0.0511083 0.0800677 0.00681862 0.00015128 0.0212987 7.22817e-06 0.151863 0.00254307 0.322001 4.34637e-05 7.80447e-05 0.129685 0.0158501 0.0822524 
0.00229182 0.0217387 0.00248882 9.61411e-08 5.92785e-05 0.000103187 2.77157e-07 0.00394582 0.000487223 0.0135846 2.15163e-05 1.04316e-10 0.0291411 6.38998e-10 0.926138 
0.000268339 0.82925 0.00616309 0.00281785 0.000299516 0.000358484 0.000158769 0.139254 0.0139216 0.00718435 0.000135095 1.15769e-05 1.5781e-05 4.05385e-06 0.000157511 
0.00160725 0.763414 0.0324978 0.00310065 0.00785506 0.00917137 6.50974e-12 0.00392441 0.0173588 0.00347208 0.14806 0.000498027 0.00138198 0.0068806 0.000778282 
0.000367401 0.982091 0.000145904 4.26025e-07 0.000167428 0.000295077 1.89351e-06 0.0101515 0.000502486 0.00455055 0.00011342 1.39669e-06 0.00018685 8.54607e-09 0.00142505 
0.000355608 0.914368 0.00237712 0.000117198 3.55042e-05 0.000731724 1.92806e-05 0.00338037 0.0014206 0.0169851 2.43959e-05 3.2046e-07 0.000106892 0.0557711 0.00430689 
0.00229182 0.0217387 0.00248882 9.61411e-08 5.92785e-05 0.000103187 2.77157e-07 0.00394582 0.000487223 0.0135846 2.15163e-05 1.04316e-10 0.0291411 6.38998e-10 0.926138 
0.00103436 0.0047032 0.000336917 0.000298133 0.969344 0.00258613 1.04221e-07 0.00527693 0.000311638 0.0150604 6.48331e-05 4.23945e-05 0.000385227 8.80565e-12 0.000555814 
0.000367401 0.982091 0.000145904 4.26025e-07 0.000167428 0.000295077 1.89351e-06 0.0101515 0.000502486 0.00455055 0.00011342 1.39669e-06 0.00018685 8.54607e-09 0.00142505 
0.00143221 0.838995 0.00721911 0.0159677 8.45172e-05 0.000508267 9.86765e-05 0.0474117 0.0350305 0.0489425 0.000115908 0.000112759 0.00314326 0.000218835 0.000719424 
0.00306529 0.00253518 0.000946098 0.413984 0.000461197 0.00782524 3.8722e-06 0.552128 0.00867261 0.0100594 7.41649e-05 4.82967e-06 0.000229411 6.15096e-09 1.10277e-05 
0.173141 0.0903103 2.06654e-06 1.92042e-07 8.15974e-07 7.04089e-11 4.61954e-07 0.271415 8.18748e-07 0.41455 7.6802e-08 5.02118e-11 6.91154e-07 3.07576e-10 0.0505786 
0.0711801 0.160093 0.103322 0.0101825 0.00437127 0.0919154 0.000665529 0.200616 0.107462 0.226088 0.00356495 0.00290504 0.00824584 5.7744e-09 0.00938832 
1.55747e-08 0.0286627 3.48048e-08 0.426589 1.31327e-12 1.36961e-08 1.59808e-12 0.544143 1.65424e-08 0.000604651 3.38855e-08 3.47578e-13 8.24895e-08 2.12912e-12 5.9429e-09 
0.00375468 0.232637 0.00775235 0.158286 0.0404544 0.019139 3.16582e-06 0.263165 0.113948 0.158471 0.000378594 0.000301093 0.000428805 1.0206e-06 0.00127914 
0.0221196 0.750434 0.00239019 0.00248855 0.0216618 0.00704604 4.02658e-07 0.103314 0.0740359 0.00813792 7.64974e-05 8.13393e-07 6.26241e-06 4.11305e-10 0.00828805 
0.00160725 0.763414 0.0324978 0.00310065 0.00785506 0.00917137 6.50974e-12 0.00392441 0.0173588 0.00347208 0.14806 0.000498027 0.00138198 0.0068806 0.000778282 
0.15021 0.0140727 0.000148576 9.68385e-05 0.00214372 0.000622889 2.69294e-05 0.306425 0.0448749 0.379881 5.47508e-11 1.58898e-06 0.0969412 2.2854e-07 0.00455372 
0.00755398 0.869392 0.00332704 0.0225236 8.29341e-05 0.0013409 0.000981507 0.0677452 0.00704601 0.0172444 7.78126e-05 7.31523e-06 0.00184912 7.91217e-08 0.000828343 
0.000367401 0.982091 0.000145904 4.26025e-07 0.000167428 0.000295077 1.89351e-06 0.0101515 0.000502486 0.00455055 0.00011342 1.39669e-06 0.00018685 8.54607e-09 0.00142505 
0.0304272 0.573719 0.00727522 0.00233125 0.0115627 0.00773803 9.9576e-05 0.164445 0.108961 0.073569 0.00268304 2.74735e-05 0.00879929 7.68029e-06 0.00835478 
0.00160725 0.763414 0.0324978 0.00310065 0.00785506 0.00917137 6.50974e-12 0.00392441 0.0173588 0.00347208 0.14806 0.000498027 0.00138198 0.0068806 0.000778282 
0.053087 0.00337423 0.0121931 0.532746 0.000443471 0.0102388 0.000200963 0.297732 0.0291048 0.0576111 5.67983e-05 0.000106921 0.00287944 5.34573e-09 0.000225435 
0.000355608 0.914368 0.00237712 0.000117198 3.55042e-05 0.000731724 1.92806e-05 0.00338037 0.0014206 0.0169851 2.43959e-05 3.2046e-07 0.000106892 0.0557711 0.00430689 
0.00229182 0.0217387 0.00248882 9.61411e-08 5.92785e-05 0.000103187 2.77157e-07 0.00394582 0.000487223 0.0135846 2.15163e-05 1.04316e-10 0.0291411 6.38998e-10 0.926138 
0.00531595 0.0111443 0.052153 0.472033 0.0105353 6.51154e-08 2.47832e-06 0.40261 0.0411141 0.00429062 0.000138044 2.42433e-08 3.04386e-08 4.18666e-09 0.000662379 
0.179305 0.395239 0.0286344 5.71877e-05 0.000166037 0.00491614 0.103747 0.145335 0.140668 5.14719e-05 0.000367922 1.31477e-05 6.37106e-05 1.75505e-06 0.00143327 
0.582379 0.0697942 0.101002 0.00128703 0.00709506 0.0541005 0.0199276 0.0112235 0.056609 0.0182835 0.0394642 0.000987432 0.0289072 0.000289322 0.00865094 
0.0227553 0.603247 0.103274 0.00257523 0.00442125 0.00251283 0.0196454 0.0649539 0.0245917 0.0710189 0.000300265 0.00194814 0.0378436 4.02855e-10 0.0409116 
0.061845 0.175217 0.0340568 0.0400434 0.00171912 0.00942807 9.64029e-08 0.627859 0.00645451 0.0299133 4.3469e-06 2.65347e-08 0.0133915 6.96202e-08 6.74108e-05 
0.0125492 0.803721 0.0708705 0.00169516 0.00731548 3.34885e-05 1.28266e-06 0.0800342 0.0178919 0.00148127 5.99316e-07 2.67607e-09 6.74025e-06 1.63925e-08 0.0043996 
0.0387327 0.179551 0.21003 0.00495049 0.0102064 0.176865 0.00445419 0.0238044 0.036868 0.0318977 0.0568931 0.004114 0.220188 5.29645e-06 0.00143916 
0.0360158 0.238688 2.70971e-05 0.00219547 0.000304835 0.00319442 0.0828191 0.0372847 0.586475 0.008018 0.000337615 2.54498e-05 0.00360893 2.05492e-07 0.00100536 
0.00644941 0.460564 0.359682 0.0173532 0.0406395 0.0319509 9.37786e-09 0.0188258 0.0536233 0.00463478 0.0041145 0.000450929 0.000845452 1.09486e-09 0.000866562 
0.00750831 0.134176 0.0159137 0.00264091 0.00263375 0.00829661 1.05352e-07 0.542224 0.0405225 0.186498 3.71177e-05 0.00213022 0.00298846 0.0469657 0.00746411 
0.00191045 0.630699 0.0903173 0.00659223 0.00101085 0.0880055 0.000406243 0.0872986 0.0796827 0.00360592 0.00104745 0.000248884 8.02546e-05 1.6626e-05 0.00907808 
0.0143339 0.272755 0.0749242 0.0120857 0.204997 0.0839519 5.31527e-06 0.0756072 0.169403 0.0848885 0.000822636 0.000677884 0.00246777 4.98786e-11 0.00308041 
1.98337e-05 0.139448 0.0383112 0.0372899 9.76752e-05 0.000410934 3.52819e-05 0.0713654 0.0068208 0.00429012 1.64397e-07 1.09162e-05 3.02166e-07 0.000190498 0.701708 
4.65914e-06 0.000472491 8.39764e-09 7.91366e-07 6.47282e-09 0.000107158 1.21078e-06 1.23993e-05 2.83073e-06 2.90916e-12 0.000395881 4.83493e-11 0.999002 4.12226e-11 1.7253e-07 
8.2577e-12 0.00163855 7.94112e-12 1.07164e-06 1.54047e-08 1.89936e-11 6.22777e-11 0.00121184 2.36929e-08 3.45534e-08 2.06976e-11 1.35452e-11 3.80427e-11 8.29723e-11 0.997148 
0.0143339 0.272755 0.0749242 0.0120857 0.204997 0.0839519 5.31527e-06 0.0756072 0.169403 0.0848885 0.000822636 0.000677884 0.00246777 4.98786e-11 0.00308041 
0.00160725 0.763414 0.0324978 0.00310065 0.00785506 0.00917137 6.50974e-12 0.00392441 0.0173588 0.00347208 0.14806 0.000498027 0.00138198 0.0068806 0.000778282 
0.00160725 0.763414 0.0324978 0.00310065 0.00785506 0.00917137 6.50974e-12 0.00392441 0.0173588 0.00347208 0.14806 0.000498027 0.00138198 0.0068806 0.000778282 
0.0104674 0.0013095 0.00120925 1.89392e-07 7.86005e-07 2.93372e-05 0.000105415 0.0130129 0.000663446 0.966353 2.34619e-05 2.08029e-07 0.000177831 1.2743e-06 0.00664644 
0.00729734 0.750078 0.108569 0.000480962 0.045095 0.00586868 0.0211956 0.0164361 0.00778584 0.00771496 0.000263976 0.000131757 0.000352025 1.82192e-07 0.0287301 
0.00857771 0.00135316 0.00901925 8.92314e-05 0.923814 2.67624e-06 1.12823e-05 0.0190666 6.5922e-06 8.90646e-06 5.19568e-08 3.40024e-08 2.90518e-05 2.08284e-07 0.038021 
0.0156768 8.35195e-06 1.58932e-09 4.78546e-05 0.000889171 0.00480068 1.4024e-05 0.186758 0.264506 0.41818 6.26888e-06 5.1723e-06 1.11711e-06 0.108978 0.000127918 
0.0260586 0.936692 0.000266859 4.47339e-08 1.85652e-07 8.68617e-06 0.00014214 0.0155229 2.99982e-06 0.012549 0.000203382 4.91359e-08 0.00829135 3.00986e-07 0.000261079 
0.0207244 0.868166 0.0477507 6.03753e-10 3.51043e-06 9.29915e-10 3.50674e-05 2.87467e-06 0.0633133 2.86682e-10 4.25704e-06 6.63164e-10 1.86255e-09 4.06227e-09 1.74417e-09 
0.00839608 0.186221 0.070634 0.00719439 0.0248097 0.0110715 0.000176703 0.064779 0.0455287 0.0307957 0.541753 0.00231438 0.00387152 7.01569e-05 0.00238438 
0.0359662 0.884551 0.00203753 1.46826e-06 6.76966e-05 0.0097805 0.000265556 0.0181554 0.000504144 0.00289324 3.66679e-06 6.16215e-05 0.00294501 0.0391832 0.00358389 
0.0108006 0.892228 0.00661066 0.0013851 0.000196389 2.45412e-07 9.13724e-07 0.0467168 0.000401029 0.0044757 9.73032e-05 1.68719e-10 4.42409e-07 5.55799e-05 0.0370313 
0.00287505 0.176701 1.06362e-06 3.28306e-07 5.32207e-07 0.00904954 0.000782749 0.187054 0.475701 0.144868 4.56093e-07 1.1964e-10 3.36017e-10 7.32862e-10 0.00296579 
0.000367401 0.982091 0.000145904 4.26025e-07 0.000167428 0.000295077 1.89351e-06 0.0101515 0.000502486 0.00455055 0.00011342 1.39669e-06 0.00018685 8.54607e-09 0.00142505 
0.000113697 0.990452 0.000874545 0.000119383 2.17306e-05 5.05232e-08 1.65659e-07 0.00309696 9.96232e-05 7.72248e-05 1.9159e-05 3.60304e-08 0.000206531 2.20707e-07 0.0049183 
0.0558557 0.244962 0.0151067 0.0101754 0.0129974 0.00280775 1.23385e-05 0.227448 0.276091 0.0368482 0.00142835 0.000989283 0.097904 5.27949e-06 0.0173689 
0.0103821 0.527964 0.0251112 0.00593942 0.000449553 0.00070949 0.000205457 0.00547278 0.02661 0.00858483 0.38758 7.18768e-05 0.000603158 4.23055e-08 0.000315502 
0.0265636 0.162169 0.0443253 0.0329109 0.0763796 0.00553326 2.93268e-09 0.202532 0.0383865 0.032093 5.25632e-05 0.0023356 0.0286057 0.345303 0.00280909 
0.010593 0.0714333 0.0172933 0.0125173 0.00948666 0.00267606 1.99188e-05 0.0258415 0.0150506 0.0148911 0.000219589 0.000831942 0.0437172 0.00151037 0.773918 
4.84495e-05 0.0223447 1.4078e-07 4.04622e-07 0.000181698 1.82647e-06 0.977336 4.74665e-07 4.11755e-05 1.03807e-07 3.55775e-05 2.40129e-07 6.74421e-07 1.77129e-06 6.84326e-06 
0.00121926 0.994822 3.17239e-10 1.00011e-05 6.17467e-05 5.59984e-05 0.00288998 2.13718e-05 0.000579233 0.000205476 1.5132e-05 8.38785e-06 1.68709e-05 3.31465e-09 9.46421e-05 
0.00160725 0.763414 0.0324978 0.00310065 0.00785506 0.00917137 6.50974e-12 0.00392441 0.0173588 0.00347208 0.14806 0.000498027 0.00138198 0.0068806 0.000778282 
0.00160725 0.763414 0.0324978 0.00310065 0.00785506 0.00917137 6.50974e-12 0.00392441 0.0173588 0.00347208 0.14806 0.000498027 0.00138198 0.0068806 0.000778282 
0.582379 0.0697942 0.101002 0.00128703 0.00709506 0.0541005 0.0199276 0.0112235 0.056609 0.0182835 0.0394642 0.000987432 0.0289072 0.000289322 0.00865094 
0.314753 0.642242 3.02412e-05 6.93749e-07 0.00108072 3.83655e-06 2.01069e-06 1.46254e-06 3.95024e-05 0.00085294 0.00014435 5.84909e-07 1.1868e-06 7.96457e-08 0.0408478 
0.0698256 0.0844253 0.0081733 2.47584e-06 0.0034665 0.0175791 0.0034659 0.0440773 2.47608e-06 0.0203064 0.00346819 2.47579e-06 2.47484e-06 0.00222823 0.742974 
0.0866481 0.600969 0.0399654 0.000258382 0.00222707 0.0319283 0.00127861 0.0372568 0.0884853 0.100105 0.00490996 0.000875064 0.00372261 2.36662e-09 0.00137003 
0.0143339 0.272755 0.0749242 0.0120857 0.204997 0.0839519 5.31527e-06 0.0756072 0.169403 0.0848885 0.000822636 0.000677884 0.00246777 4.98786e-11 0.00308041 
0.000255845 0.894455 0.0174956 2.21119e-07 9.17675e-07 0.000125319 1.11669e-06 0.0873667 1.14789e-07 3.36242e-05 3.71126e-07 2.42878e-07 6.8214e-07 1.48777e-06 0.000262627 
0.0484128 0.807588 0.0026128 9.11117e-05 0.000235457 0.00578592 5.72773e-07 0.0617475 0.0198227 0.0425385 0.00117809 3.26077e-05 0.00513949 3.20208e-08 0.00481417 
0.000355608 0.914368 0.00237712 0.000117198 3.55042e-05 0.000731724 1.92806e-05 0.00338037 0.0014206 0.0169851 2.43959e-05 3.2046e-07 0.000106892 0.0557711 0.00430689 
0.0473383 0.562698 0.0605664 0.00401231 0.00233405 0.0208145 0.0099847 0.178659 0.031614 0.0667147 0.000530847 0.000252572 0.00655421 0.000284068 0.00764292 
0.00733545 0.81419 0.0468162 0.000161985 1.15924e-06 0.00155599 3.17271e-10 0.0190222 0.00440674 0.0805438 0.00346796 1.72823e-06 0.00791562 5.32996e-05 0.0145279 
0.00347406 0.306614 0.000577799 8.3044e-06 0.0245679 2.54171e-05 2.56961e-06 0.16297 0.00225403 0.0227416 3.34492e-05 2.89383e-06 0.00302244 0.000512201 0.473193 
0.0108117 0.579386 0.00387244 1.23146e-07 0.085557 0.000703195 1.68107e-08 0.0824834 0.00612213 0.0785064 0.00552437 2.17847e-05 0.00102866 0.0128516 0.133131 
0.02149 0.0159813 0.000791781 0.000946121 0.00935857 0.0177671 4.86725e-11 0.625091 0.0175395 0.019254 2.55234e-05 1.91527e-07 0.271755 1.94802e-07 1.68488e-07 
0.00160725 0.763414 0.0324978 0.00310065 0.00785506 0.00917137 6.50974e-12 0.00392441 0.0173588 0.00347208 0.14806 0.000498027 0.00138198 0.0068806 0.000778282 
0.00129832 0.00102037 0.00058807 0.950992 4.96991e-05 0.0054873 2.74847e-07 0.0339417 0.00141822 0.0048132 8.33733e-06 5.60735e-06 0.000325988 2.82298e-10 5.09001e-05 
0.000355608 0.914368 0.00237712 0.000117198 3.55042e-05 0.000731724 1.92806e-05 0.00338037 0.0014206 0.0169851 2.43959e-05 3.2046e-07 0.000106892 0.0557711 0.00430689 
0.0300409 0.545551 0.0826169 0.0390476 0.000859425 0.00715801 3.93363e-05 0.22659 0.0313995 0.0277139 0.000828229 0.000742956 0.00464576 1.69434e-07 0.00276565 
0.00160725 0.763414 0.0324978 0.00310065 0.00785506 0.00917137 6.50974e-12 0.00392441 0.0173588 0.00347208 0.14806 0.000498027 0.00138198 0.0068806 0.000778282 
0.000355608 0.914368 0.00237712 0.000117198 3.55042e-05 0.000731724 1.92806e-05 0.00338037 0.0014206 0.0169851 2.43959e-05 3.2046e-07 0.000106892 0.0557711 0.00430689 
0.00151088 0.576784 0.0098765 0.00016502 5.99533e-06 4.22362e-05 1.70793e-05 6.4308e-05 0.263681 0.145399 1.33946e-05 1.03457e-05 0.00129315 3.0707e-06 0.00113339 
0.0010131 0.474167 0.00223529 7.49562e-09 1.51093e-05 1.15449e-08 8.96751e-06 0.00465083 0.000451397 1.75581e-05 1.41637e-05 8.2332e-09 0.000865414 0.000157574 0.516404 
0.0001955 0.912846 0.058416 4.71175e-05 1.32931e-05 1.0851e-05 1.48531e-05 0.00161468 5.29541e-07 0.0193346 0.000520099 4.49052e-07 0.00261213 1.57567e-06 0.00437263 
0.000114358 0.983422 0.000116923 0.000120089 2.20188e-05 1.12815e-07 3.69906e-07 0.000136371 0.000100199 7.76745e-05 0.000536083 8.04535e-08 2.64557e-05 4.92825e-07 0.0153263 
4.64275e-06 0.920567 0.0120758 4.64245e-06 0.0143873 0.00371821 0.00789053 0.011612 0.00789756 4.64293e-06 0.0125376 4.64236e-06 4.64058e-06 4.63724e-06 0.00928608 
0.000112809 0.986792 0.00192226 6.97672e-07 1.45615e-05 0.000294879 0.00016544 0.0027111 0.000275607 0.00296215 0.00024743 5.62787e-08 1.0196e-07 1.61285e-07 0.00450028 
0.00160725 0.763414 0.0324978 0.00310065 0.00785506 0.00917137 6.50974e-12 0.00392441 0.0173588 0.00347208 0.14806 0.000498027 0.00138198 0.0068806 0.000778282 
0.00196701 0.516928 0.0217292 0.110932 0.012768 0.00175901 3.89542e-05 0.0614755 0.0743877 0.18525 0.000203819 7.27802e-05 0.0119627 1.26602e-09 0.000525823 
0.0211563 0.182409 0.00344347 0.0705526 0.00378876 0.0132614 3.99603e-07 0.554303 0.0386938 0.109444 0.000603341 0.000234447 0.000541553 6.66438e-11 0.00156745 
0.0001335 0.99733 0.00122143 3.61098e-07 1.49861e-06 0.000188415 0.00014771 0.000142974 0.000133487 0.000611206 6.06067e-07 3.96631e-07 1.11397e-06 2.4296e-06 8.44947e-05 
0.0267598 0.348894 0.00484784 0.00267006 0.0123063 0.00171581 0.077384 0.151293 0.0996437 0.190468 0.000830036 0.000764773 0.00102861 2.30395e-08 0.0813937 
0.0014378 0.0852995 0.0020863 0.155704 0.000415649 0.0242412 3.11405e-08 0.703917 0.00558629 0.0105901 0.00518081 2.27223e-09 0.00537594 1.21134e-11 0.000165408 
0.167788 0.170346 0.0228051 0.0900606 0.00777477 0.213453 3.24054e-06 0.0378301 0.118465 0.168259 0.00321387 3.64608e-07 5.87403e-07 4.27034e-11 1.9987e-07 
0.0773405 0.185825 0.0168686 0.0461384 0.154032 0.0015475 0.0395388 0.113649 0.3143 0.0103975 0.000306371 0.00126821 0.00636291 2.08548e-05 0.0324034 
0.00328229 0.494536 0.000106578 0.000598172 3.10657e-06 0.000175482 0.00018844 0.0803473 0.0464849 0.368414 6.9303e-05 6.86234e-05 0.00186908 4.57672e-05 0.00381092 
4.53737e-05 0.313219 0.032649 0.028057 0.0134626 0.00183591 1.64016e-08 0.404866 0.0144556 0.00158614 0.000323902 5.27949e-11 0.184191 1.45535e-05 0.00529404 
0.0545551 0.774258 0.00532941 1.11781e-06 0.000357848 0.00191957 0.000133364 0.00742695 0.025187 0.0822774 0.00178976 4.69678e-06 0.000313426 1.41624e-09 0.0464459 
0.00221434 0.00484751 0.000192843 0.100721 0.00047387 0.00923566 3.86126e-07 0.832448 0.00354199 0.0462548 8.11943e-06 3.99892e-07 5.93376e-05 1.293e-06 4.87375e-08 
3.09488e-07 0.0061892 9.24965e-07 3.99923e-06 0.984976 0.00881286 2.97063e-06 1.17911e-05 7.52478e-07 1.9078e-07 4.40725e-11 2.88426e-11 8.10066e-11 1.76678e-10 1.24414e-06 
0.000355608 0.914368 0.00237712 0.000117198 3.55042e-05 0.000731724 1.92806e-05 0.00338037 0.0014206 0.0169851 2.43959e-05 3.2046e-07 0.000106892 0.0557711 0.00430689 
0.582379 0.0697942 0.101002 0.00128703 0.00709506 0.0541005 0.0199276 0.0112235 0.056609 0.0182835 0.0394642 0.000987432 0.0289072 0.000289322 0.00865094 
1.77188e-08 0.0809244 4.3802e-05 3.56421e-05 1.09815e-07 3.56807e-06 4.2215e-06 3.24258e-05 1.37365e-08 2.2305e-05 4.44114e-08 2.90644e-08 8.16295e-08 1.78036e-07 0.918933 
0.00270619 0.920408 1.80132e-11 4.05632e-07 1.16091e-10 0.000728516 4.09817e-07 0.0493508 0.00232241 0.00580027 1.0803e-07 3.07252e-11 0.000863496 3.01324e-07 0.0178193 
0.000945315 0.503942 0.0078822 0.209342 0.00212728 0.0242092 2.99943e-11 0.107806 0.0479876 0.0918262 0.000372561 0.00022364 0.00117153 5.71494e-09 0.00216395 
0.00160725 0.763414 0.0324978 0.00310065 0.00785506 0.00917137 6.50974e-12 0.00392441 0.0173588 0.00347208 0.14806 0.000498027 0.00138198 0.0068806 0.000778282 
0.0866481 0.600969 0.0399654 0.000258382 0.00222707 0.0319283 0.00127861 0.0372568 0.0884853 0.100105 0.00490996 0.000875064 0.00372261 2.36662e-09 0.00137003 
0.0464166 0.692655 0.0365321 2.99451e-05 0.00178979 0.000557645 6.89591e-05 0.0812237 0.000722503 0.0153977 0.0855081 0.000405604 0.032005 0.00510728 0.00158055 
0.00383503 0.764641 0.0315781 0.0407598 9.91059e-06 0.000621611 1.78362e-10 0.0977251 0.010371 0.0451781 7.95713e-05 3.44064e-06 0.000153694 2.3763e-10 0.00504316 
0.00129832 0.00102037 0.00058807 0.950992 4.96991e-05 0.0054873 2.74847e-07 0.0339417 0.00141822 0.0048132 8.33733e-06 5.60735e-06 0.000325988 2.82298e-10 5.09001e-05 
0.0143339 0.272755 0.0749242 0.0120857 0.204997 0.0839519 5.31527e-06 0.0756072 0.169403 0.0848885 0.000822636 0.000677884 0.00246777 4.98786e-11 0.00308041 
0.00807281 0.08794 0.09514 0.0419905 0.00238006 0.00847343 1.90509e-08 0.0237227 0.197878 0.0193623 0.511332 0.00072332 0.00117339 2.38865e-09 0.00181129 
0.00161727 0.910835 0.0105895 0.0197919 0.0109566 0.000432137 9.3227e-05 0.00183908 0.00903815 0.028779 0.00124773 0.000274723 0.000547828 5.58848e-08 0.00395803 
0.00196701 0.516928 0.0217292 0.110932 0.012768 0.00175901 3.89542e-05 0.0614755 0.0743877 0.18525 0.000203819 7.27802e-05 0.0119627 1.26602e-09 0.000525823 
5.6128e-07 0.877497 1.88686e-07 2.00926e-10 8.33873e-10 3.09472e-10 1.01472e-09 0.107278 0.000972135 0.0142487 3.51959e-07 2.20698e-10 1.99824e-06 2.39969e-08 7.49235e-07 
0.0686244 0.72061 0.0373772 0.00128272 0.000482841 0.00170481 0.0160834 0.045976 0.0343986 0.0377643 0.00282889 0.00111713 0.0176685 9.63762e-08 0.0140815 
7.17303e-05 1.14812e-12 6.17755e-13 4.07691e-06 4.88989e-09 1.33403e-05 4.8447e-12 0.0727024 4.98005e-13 0.000470012 1.6101e-12 1.05371e-12 0.926738 6.45457e-12 2.77132e-12 
0.000355608 0.914368 0.00237712 0.000117198 3.55042e-05 0.000731724 1.92806e-05 0.00338037 0.0014206 0.0169851 2.43959e-05 3.2046e-07 0.000106892 0.0557711 0.00430689 
0.00306529 0.00253518 0.000946098 0.413984 0.000461197 0.00782524 3.8722e-06 0.552128 0.00867261 0.0100594 7.41649e-05 4.82967e-06 0.000229411 6.15096e-09 1.10277e-05 
0.00160725 0.763414 0.0324978 0.00310065 0.00785506 0.00917137 6.50974e-12 0.00392441 0.0173588 0.00347208 0.14806 0.000498027 0.00138198 0.0068806 0.000778282 
0.582379 0.0697942 0.101002 0.00128703 0.00709506 0.0541005 0.0199276 0.0112235 0.056609 0.0182835 0.0394642 0.000987432 0.0289072 0.000289322 0.00865094 
0.00606396 0.58637 0.000323578 0.00937143 0.288251 0.00702734 0.000913463 0.087484 0.0042829 0.00401377 0.00406785 6.08077e-05 7.73442e-07 1.14136e-09 0.00176843 
0.00129832 0.00102037 0.00058807 0.950992 4.96991e-05 0.0054873 2.74847e-07 0.0339417 0.00141822 0.0048132 8.33733e-06 5.60735e-06 0.000325988 2.82298e-10 5.09001e-05 
0.0820692 0.871459 0.00093228 0.000139288 0.00597736 2.27648e-05 0.000206289 0.000840451 0.0239557 0.00895139 0.00027948 2.68434e-05 0.000335264 1.54013e-06 0.00480272 
0.0866481 0.600969 0.0399654 0.000258382 0.00222707 0.0319283 0.00127861 0.0372568 0.0884853 0.100105 0.00490996 0.000875064 0.00372261 2.36662e-09 0.00137003 
7.17303e-05 1.14812e-12 6.17755e-13 4.07691e-06 4.88989e-09 1.33403e-05 4.8447e-12 0.0727024 4.98005e-13 0.000470012 1.6101e-12 1.05371e-12 0.926738 6.45457e-12 2.77132e-12 
0.118541 0.183286 0.00760747 0.0300659 0.00260045 0.181849 1.26964e-06 0.0126197 0.0521909 0.410158 0.00107733 1.06001e-06 1.70801e-06 1.53421e-09 5.81553e-07 
0.00789356 0.873381 0.0176281 0.000174521 0.000408033 5.43648e-05 0.000545741 0.0250071 0.0315326 0.0110395 0.000579484 4.6018e-06 0.00465485 0.000570069 0.0265261 
0.0289308 0.497254 0.149722 0.027624 0.0556514 0.0701885 0.00134248 0.0465513 0.0737049 0.0114275 0.0310815 0.0012103 0.00465813 1.41612e-09 0.000653206 
0.00160725 0.763414 0.0324978 0.00310065 0.00785506 0.00917137 6.50974e-12 0.00392441 0.0173588 0.00347208 0.14806 0.000498027 0.00138198 0.0068806 0.000778282 
0.00496782 0.01304 0.00104228 0.033067 0.00116708 0.000363434 2.65132e-10 0.116295 0.00113699 0.432995 0.000352336 0.00014061 4.29914e-05 0.394977 0.000412019 
0.00822319 0.0067506 9.25603e-05 0.0244247 5.15528e-05 0.013688 9.64008e-10 0.523179 0.00121135 0.0294703 4.0671e-06 1.23667e-06 0.392844 1.16373e-06 5.77839e-05 
0.00105773 0.000629062 1.22898e-05 0.00188486 2.87864e-05 0.00033568 2.41208e-06 0.987879 0.000917669 0.00639188 1.56977e-06 8.9552e-07 0.000818797 2.89908e-05 1.00459e-05 
0.00229182 0.0217387 0.00248882 9.61411e-08 5.92785e-05 0.000103187 2.77157e-07 0.00394582 0.000487223 0.0135846 2.15163e-05 1.04316e-10 0.0291411 6.38998e-10 0.926138 
0.0298634 0.158117 0.0507665 0.029084 0.0148173 0.00415165 2.43447e-06 0.562441 0.0208935 0.0430941 0.0406571 0.001883 0.0171454 0.000212152 0.0268709 
0.00311736 0.068012 0.00594173 0.0415436 0.000243466 0.0189043 3.11239e-07 0.244499 0.0740035 0.0913229 0.000203886 1.74858e-05 0.00410463 2.90321e-10 0.448086 
0.00229182 0.0217387 0.00248882 9.61411e-08 5.92785e-05 0.000103187 2.77157e-07 0.00394582 0.000487223 0.0135846 2.15163e-05 1.04316e-10 0.0291411 6.38998e-10 0.926138 
0.00644105 0.94984 9.59807e-06 1.24295e-05 7.83911e-06 6.05626e-05 1.57283e-06 0.0169461 0.000170949 0.0201862 3.31852e-05 8.81972e-06 0.00081046 0.000310723 0.00516014 
0.00160725 0.763414 0.0324978 0.00310065 0.00785506 0.00917137 6.50974e-12 0.00392441 0.0173588 0.00347208 0.14806 0.000498027 0.00138198 0.0068806 0.000778282 
0.0270784 0.316975 0.145382 0.0297354 0.00289639 0.0144153 2.7862e-05 0.353199 0.0472225 0.0505275 0.0032065 0.000519 0.00299795 2.92573e-08 0.00581795 
0.000355608 0.914368 0.00237712 0.000117198 3.55042e-05 0.000731724 1.92806e-05 0.00338037 0.0014206 0.0169851 2.43959e-05 3.2046e-07 0.000106892 0.0557711 0.00430689 
0.00684165 0.838714 0.066319 0.000229474 7.60262e-06 0.0365663 0.0160718 0.00435011 0.000373806 0.0220609 0.00020396 2.52767e-05 0.00637262 6.68649e-05 0.00179695 
0.0300409 0.545551 0.0826169 0.0390476 0.000859425 0.00715801 3.93363e-05 0.22659 0.0313995 0.0277139 0.000828229 0.000742956 0.00464576 1.69434e-07 0.00276565 
0.0103821 0.527964 0.0251112 0.00593942 0.000449553 0.00070949 0.000205457 0.00547278 0.02661 0.00858483 0.38758 7.18768e-05 0.000603158 4.23055e-08 0.000315502 
0.0143339 0.272755 0.0749242 0.0120857 0.204997 0.0839519 5.31527e-06 0.0756072 0.169403 0.0848885 0.000822636 0.000677884 0.00246777 4.98786e-11 0.00308041 
0.00151326 0.216713 0.00974515 0.000137964 0.743727 0.000460269 3.17e-06 0.00836045 0.0139566 0.000219992 0.00171433 7.463e-07 0.00288309 1.41157e-10 0.000565145 
0.000249303 0.793935 0.00462123 0.00010896 3.3797e-05 0.000310224 1.11424e-05 0.00225401 4.34574e-06 0.0841373 6.51985e-07 4.26682e-07 0.064235 2.61367e-06 0.0500964 
0.167788 0.170346 0.0228051 0.0900606 0.00777477 0.213453 3.24054e-06 0.0378301 0.118465 0.168259 0.00321387 3.64608e-07 5.87403e-07 4.27034e-11 1.9987e-07 
0.0163197 0.748601 0.019521 0.00487857 4.66149e-07 0.000246404 4.17317e-09 0.0781987 0.0615596 0.0706698 4.1074e-07 9.07653e-10 5.61476e-07 5.5599e-09 4.04869e-06 
0.0206636 0.828616 5.52717e-06 1.56499e-08 6.49494e-08 4.96823e-05 7.90351e-08 0.150608 8.12432e-09 3.27324e-05 2.62668e-08 1.71899e-08 2.36964e-05 1.05298e-07 4.52106e-08 
0.00023483 0.995498 2.11034e-08 3.27713e-08 1.36006e-07 0.000131286 0.00048012 0.000543898 0.000418525 0.000319014 5.50033e-08 3.59961e-08 0.000404491 2.20497e-07 0.00196927 
0.0216112 0.803628 0.0148967 5.6338e-07 0.00187235 0.00333644 0.00035121 0.112296 0.0186437 0.013644 0.000104728 1.84945e-06 1.72501e-06 2.89181e-06 0.00960874 
0.0715377 0.129809 0.33894 0.0378285 0.0200016 0.055967 4.98154e-05 0.0319132 0.233834 0.0607616 0.00173543 0.00177569 0.00340603 0.00741456 0.00502595 
0.0218947 0.401618 0.00946105 3.86209e-05 8.72133e-06 0.000661743 0.00201405 0.0177533 0.0106653 0.00547946 2.47417e-05 9.72692e-06 0.0239247 2.41948e-07 0.506446 
0.0261336 0.812931 0.0125229 0.0105025 0.000217576 0.00189113 0.000227499 0.0404098 0.0393665 0.021615 0.0138126 8.64267e-05 0.000991099 1.93302e-08 0.0192927 
0.00260794 0.392145 0.000188981 0.00119609 2.91816e-05 0.00102722 9.26325e-07 0.544922 0.00156611 0.055335 1.61643e-06 5.593e-06 3.87114e-05 6.72753e-06 0.00092876 
0.00160725 0.763414 0.0324978 0.00310065 0.00785506 0.00917137 6.50974e-12 0.00392441 0.0173588 0.00347208 0.14806 0.000498027 0.00138198 0.0068806 0.000778282 
0.0181944 0.147178 0.00907196 0.0682641 1.01431e-05 0.0464356 3.75998e-07 0.0158002 0.00197502 0.0956845 1.8885e-05 3.23089e-06 0.00511728 1.24915e-07 0.592246 
0.0123967 0.74906 0.0203684 0.00263686 0.00627123 0.00781992 0.00668082 0.101467 0.0265048 0.0165161 0.000348876 0.000930332 0.00849178 0.00187548 0.0386316 
0.00160725 0.763414 0.0324978 0.00310065 0.00785506 0.00917137 6.50974e-12 0.00392441 0.0173588 0.00347208 0.14806 0.000498027 0.00138198 0.0068806 0.000778282 
0.00229182 0.0217387 0.00248882 9.61411e-08 5.92785e-05 0.000103187 2.77157e-07 0.00394582 0.000487223 0.0135846 2.15163e-05 1.04316e-10 0.0291411 6.38998e-10 0.926138 
0.00461973 0.159026 0.00913248 4.67236e-05 0.000398981 0.00208874 0.000717525 0.0097511 0.0270674 0.010435 0.774797 0.000251012 0.000412298 1.04239e-07 0.00125533 
0.0501695 0.00140323 1.62497e-07 1.76087e-08 0.000893541 9.85637e-08 5.03963e-08 0.000238358 0.91125 0.0219903 8.95693e-06 1.47703e-08 2.9715e-08 1.06817e-06 0.0140451 
0.00160725 0.763414 0.0324978 0.00310065 0.00785506 0.00917137 6.50974e-12 0.00392441 0.0173588 0.00347208 0.14806 0.000498027 0.00138198 0.0068806 0.000778282 
1.98532e-07 0.511458 1.74702e-07 0.0346115 3.14346e-06 9.97116e-05 1.53252e-11 0.441669 0.00411396 0.00341951 0.000394424 1.60026e-08 5.43059e-08 4.69811e-08 0.00422938 
0.000355608 0.914368 0.00237712 0.000117198 3.55042e-05 0.000731724 1.92806e-05 0.00338037 0.0014206 0.0169851 2.43959e-05 3.2046e-07 0.000106892 0.0557711 0.00430689 
4.65914e-06 0.000472491 8.39764e-09 7.91366e-07 6.47282e-09 0.000107158 1.21078e-06 1.23993e-05 2.83073e-06 2.90916e-12 0.000395881 4.83493e-11 0.999002 4.12226e-11 1.7253e-07 
7.17267e-05 4.58418e-09 2.23168e-09 2.94475e-09 4.0008e-09 0.000358507 3.32966e-12 0.0741812 4.05222e-09 0.00130885 1.11424e-08 7.24192e-13 0.92408 6.38487e-09 1.90467e-12 
0.118661 0.468953 0.00703541 0.00921681 0.00440382 0.0472 0.0495703 0.0615112 0.205052 0.0186467 0.00101633 3.7895e-05 0.00141533 6.47729e-07 0.0072802 
0.00160725 0.763414 0.0324978 0.00310065 0.00785506 0.00917137 6.50974e-12 0.00392441 0.0173588 0.00347208 0.14806 0.000498027 0.00138198 0.0068806 0.000778282 
0.266092 0.0575873 0.040178 0.0442957 0.00134267 0.0323826 0.0219072 0.385447 0.0647816 0.0116661 0.000335447 0.00133202 0.000661001 0.00289346 0.0690982 
0.196735 0.218599 0.00292264 0.00264095 0.00401877 0.0103469 0.132379 0.0210477 0.0946399 0.0193192 0.00420928 0.00194794 0.28862 0.000389966 0.00218356 
0.00176234 0.0838771 0.0979213 2.7392e-05 0.0216131 0.00664023 7.13679e-08 0.0983139 0.0396614 0.00682989 0.540012 0.000292991 0.0149189 0.0876214 0.000507599 
0.0333699 0.198656 0.038809 0.00459165 0.00686533 0.0116749 0.000428408 0.0182196 0.540685 0.145363 0.000405174 0.000157811 0.000398438 0.00028168 9.38455e-05 
0.00160725 0.763414 0.0324978 0.00310065 0.00785506 0.00917137 6.50974e-12 0.00392441 0.0173588 0.00347208 0.14806 0.000498027 0.00138198 0.0068806 0.000778282 
0.00176234 0.0838771 0.0979213 2.7392e-05 0.0216131 0.00664023 7.13679e-08 0.0983139 0.0396614 0.00682989 0.540012 0.000292991 0.0149189 0.0876214 0.000507599 
0.0083208 0.718823 9.43119e-09 5.38994e-07 9.27095e-05 0.00725074 0.000271046 0.00428344 0.051309 0.208636 4.13628e-08 3.22437e-08 0.000563488 2.15622e-12 0.000448493 
0.00151326 0.216713 0.00974515 0.000137964 0.743727 0.000460269 3.17e-06 0.00836045 0.0139566 0.000219992 0.00171433 7.463e-07 0.00288309 1.41157e-10 0.000565145 
0.0181288 0.0101991 0.00618628 0.0256567 0.00056019 0.338217 4.57156e-09 0.560451 0.000625299 0.0389263 0.000187891 0.000109248 0.000253067 3.08947e-10 0.000498988 
3.07915e-07 0.908331 0.00329428 2.04394e-07 4.93443e-06 7.15321e-11 2.34544e-10 2.41154e-06 5.94788e-06 0.00221409 1.51229e-06 5.10127e-11 1.53316e-06 3.12483e-10 0.086144 
0.0107224 0.00471874 0.00659294 0.204864 0.000287697 0.0205847 0.000181963 0.726545 0.00923729 0.0146052 0.000102054 4.32339e-05 0.00150976 6.84639e-08 4.81885e-06 
0.0862158 0.0166842 5.96795e-06 3.53599e-06 5.56193e-07 4.07231e-06 0.00819537 0.0257495 1.05772e-05 0.0239701 9.91952e-09 5.06807e-07 0.83879 3.97653e-08 0.000369497 
0.00120836 2.06142e-07 1.51122e-07 0.000841614 7.21702e-08 2.9831e-05 4.06758e-08 0.997856 4.45619e-12 6.28662e-05 4.84573e-09 9.42867e-12 4.15082e-07 5.77561e-11 2.4798e-11 
7.76837e-05 0.958959 2.80819e-05 4.75559e-07 0.0398533 8.14026e-05 2.40167e-06 1.28917e-05 6.22233e-05 0.000778682 2.14823e-05 5.22355e-07 1.46707e-06 3.19973e-06 0.000117078 
0.00160725 0.763414 0.0324978 0.00310065 0.00785506 0.00917137 6.50974e-12 0.00392441 0.0173588 0.00347208 0.14806 0.000498027 0.00138198 0.0068806 0.000778282 
0.00160725 0.763414 0.0324978 0.00310065 0.00785506 0.00917137 6.50974e-12 0.00392441 0.0173588 0.00347208 0.14806 0.000498027 0.00138198 0.0068806 0.000778282 
0.0135604 0.591046 0.0391758 0.00481001 0.0419688 0.00664651 0.00730617 0.173564 0.04571 0.0502551 0.00242163 0.00147065 0.00761074 1.09204e-05 0.0144428 
3.07727e-07 0.976547 0.00314675 1.02099e-10 1.31398e-06 1.25962e-07 8.77073e-07 0.000590918 9.01575e-08 7.75729e-07 0.000648455 1.12146e-10 3.14971e-10 6.86961e-10 0.0190639 
0.0408749 0.480333 0.0194586 0.000381696 0.000546991 0.247258 5.06288e-05 0.0108988 0.0874706 0.0971242 2.09496e-05 2.57179e-05 0.00148592 1.35811e-10 0.01407 
0.0572175 0.506453 0.00530519 0.000239155 0.000225881 9.59272e-05 1.25014e-05 0.012366 0.0130096 0.0252188 1.54711e-06 1.10541e-06 2.11867e-06 7.04145e-06 0.379844 
2.89372e-06 0.82752 2.89373e-06 2.89353e-06 0.00520804 2.89323e-06 0.0153264 0.0451469 0.0711905 2.89383e-06 0.0124434 2.89347e-06 0.0121508 2.89029e-06 0.0109942 
0.00755866 0.0370322 0.0869854 0.41204 0.0554526 0.0394505 0.000912332 0.274291 0.0483947 0.0138974 0.00452627 0.00370003 0.00589661 9.48476e-07 0.00986187 
0.000190149 0.324448 0.544612 4.52455e-05 0.0904554 0.000303482 0.000265738 3.4526e-05 0.000124286 0.0252999 0.000792834 4.11085e-05 0.00224133 2.47945e-10 0.0111458 
0.00229182 0.0217387 0.00248882 9.61411e-08 5.92785e-05 0.000103187 2.77157e-07 0.00394582 0.000487223 0.0135846 2.15163e-05 1.04316e-10 0.0291411 6.38998e-10 0.926138 
0.0143339 0.272755 0.0749242 0.0120857 0.204997 0.0839519 5.31527e-06 0.0756072 0.169403 0.0848885 0.000822636 0.000677884 0.00246777 4.98786e-11 0.00308041 
0.160691 2.1903e-05 2.04864e-06 2.37855e-07 7.58747e-10 2.81591e-10 0.00609857 0.00675679 0.821523 1.9707e-06 7.67438e-07 2.00815e-10 5.64004e-10 1.23011e-09 0.00490448 
0.00473971 0.551442 0.040768 7.24422e-07 0.0101491 0.00176616 1.01808e-06 0.0865999 0.148413 0.0271644 0.000652937 5.40948e-07 0.00537426 1.7514e-07 0.122928 
0.0328192 0.191761 0.0126195 0.0120537 0.242609 0.023963 4.70452e-07 0.30028 0.0628148 0.0544336 0.00447273 4.70818e-07 0.0559591 4.70299e-07 0.00621308 
0.0856168 0.00265059 0.0284576 8.70011e-06 1.40171e-05 0.0715047 9.3196e-06 0.0962222 0.0216218 0.0515653 1.59988e-06 2.6172e-06 0.0998784 8.95915e-07 0.542445 
0.0086296 0.882512 0.0651997 0.000534047 0.000142203 0.000187262 6.58478e-06 0.0154535 0.00176688 0.0177265 2.21565e-06 2.53113e-05 0.000140027 0.000226648 0.0074477 
0.169734 0.229993 0.338478 9.77613e-05 0.0677758 5.18974e-09 0.0495812 0.0444014 0.097907 0.000989419 0.000172731 2.42261e-05 0.000167308 1.91576e-06 0.000676052 
0.02149 0.0159813 0.000791781 0.000946121 0.00935857 0.0177671 4.86725e-11 0.625091 0.0175395 0.019254 2.55234e-05 1.91527e-07 0.271755 1.94802e-07 1.68488e-07 
0.00477499 0.44714 0.00189794 0.00688306 0.00188639 0.00297398 0.0731444 0.0903629 0.26363 0.104259 0.000556842 0.000372673 0.000407206 0.00125274 0.000457654 
0.00499447 0.287382 5.54626e-05 0.0105667 1.00598e-05 0.0241686 0.00108694 0.623513 0.0339037 0.00599055 0.000125242 4.3082e-08 0.00756893 7.09999e-10 0.00063431 
0.00807281 0.08794 0.09514 0.0419905 0.00238006 0.00847343 1.90509e-08 0.0237227 0.197878 0.0193623 0.511332 0.00072332 0.00117339 2.38865e-09 0.00181129 
0.013061 0.133705 0.0999337 0.15942 2.82965e-05 0.085959 1.20946e-06 0.040841 0.0136297 0.390161 8.02528e-05 2.07292e-05 0.0536535 1.03657e-09 0.00950607 
0.285751 0.277611 0.00760738 0.0300574 0.0134534 0.260585 0.000102258 0.0126183 0.0395003 0.0690774 0.00107639 8.77051e-07 0.00255821 1.88997e-09 4.81387e-07 
0.257984 0.189451 0.00142166 0.0063198 0.00037759 0.016033 0.000177005 0.405986 0.0760779 0.0357442 0.000200871 0.000137969 0.00967621 7.51347e-07 0.00041251 
0.00346588 0.521151 0.0269386 0.0146434 0.00608267 0.0235249 1.12674e-06 0.0165362 0.0128228 0.00628772 0.364018 0.000978692 0.00156356 0.00142986 0.000556372 
0.00160725 0.763414 0.0324978 0.00310065 0.00785506 0.00917137 6.50974e-12 0.00392441 0.0173588 0.00347208 0.14806 0.000498027 0.00138198 0.0068806 0.000778282 
3.29745e-06 0.883223 0.0181845 5.33952e-05 4.15664e-05 0.0184697 0.000278554 0.0296239 0.0354621 0.00368219 0.00301541 1.96356e-06 0.00547696 1.26426e-08 0.00248305 
4.65914e-06 0.000472491 8.39764e-09 7.91366e-07 6.47282e-09 0.000107158 1.21078e-06 1.23993e-05 2.83073e-06 2.90916e-12 0.000395881 4.83493e-11 0.999002 4.12226e-11 1.7253e-07 
0.0167093 0.571339 1.74934e-07 1.53246e-07 3.00152e-06 6.02339e-05 9.38603e-08 0.184679 3.69424e-07 0.182881 9.5491e-08 6.12176e-08 0.00118435 1.79725e-07 0.0431428 
