0.064438 0.266399 0.12334 0.00360486 0.000480173 0.39366 0.000162846 0.0255568 0.0552862 0.0413335 0.0199205 0.00364491 0.000183482 1.24034e-06 0.0019882 
0.0575533 0.029291 0.00757908 0.0339101 0.0039908 0.00071192 6.8413e-07 0.0445842 0.73977 0.0405206 0.000127426 0.0320384 0.000382443 0.000487027 0.00905289 
0.0532204 0.0771134 0.0378025 0.0911893 0.020353 0.0650268 0.000539333 0.38998 0.0687269 0.123818 0.00757432 0.032405 0.00847181 0.0126167 0.0111631 
0.00101106 0.96986 0.000251918 0.00389722 1.56702e-06 0.0100189 0.000465202 0.00675308 0.00171239 0.00381832 0.00171275 0.000481751 5.15518e-06 2.28592e-09 1.04467e-05 
0.201982 0.0212684 0.0338777 0.0118364 0.0317677 0.194615 0.000730605 0.0050245 0.355699 0.116683 0.0111811 0.00372421 0.00123665 7.67929e-10 0.0103736 
0.0574694 0.0052839 0.520904 2.93549e-05 0.00126836 0.00633048 0.00022068 0.0033276 0.299202 0.00713053 3.86471e-05 0.0961502 0.000142181 0.000240771 0.00226156 
0.0373243 0.0446735 0.124582 0.00245092 7.34249e-05 0.109474 0.00287789 0.00306647 0.259885 0.0230052 0.0258541 0.0269062 0.000524403 1.21694e-11 0.339302 
0.0347708 0.00610833 0.0589381 0.000346165 0.000233737 0.00168059 4.86804e-05 0.0543623 0.687382 0.136919 2.2689e-06 0.0182684 3.19471e-05 4.723e-08 0.00090818 
0.000506086 0.00055322 6.6033e-05 3.54357e-07 4.50039e-06 1.01677e-06 0.998648 1.62148e-06 7.29694e-05 7.75631e-09 0.00013079 9.22629e-06 1.44692e-10 1.86817e-06 3.85581e-06 
0.825234 0.0524926 1.65316e-10 2.10236e-05 0.000826653 0.0186974 1.66596e-05 3.05324e-05 0.0329357 0.0396885 0.000107838 2.27402e-05 7.91962e-10 1.0118e-07 0.0299265 
0.0523498 0.0322165 0.0315519 0.00281918 0.00249621 0.211647 0.532963 0.00758275 0.0182543 0.00804412 0.0962333 0.00327028 4.9744e-05 2.02794e-06 0.000520583 
0.000506086 0.00055322 6.6033e-05 3.54357e-07 4.50039e-06 1.01677e-06 0.998648 1.62148e-06 7.29694e-05 7.75631e-09 0.00013079 9.22629e-06 1.44692e-10 1.86817e-06 3.85581e-06 
0.0234912 0.0321484 0.0037147 0.000346729 2.42224e-05 6.21488e-05 3.13485e-08 0.378667 0.0202805 0.538001 4.96478e-06 0.00317746 1.99883e-06 1.8365e-09 7.9904e-05 
0.0113651 0.119199 0.0480707 0.0119499 0.576811 0.00581048 8.05296e-07 0.148682 0.0286546 0.0329445 0.000812915 0.0115932 4.83414e-05 0.00270302 0.00135361 
0.036841 0.0303887 0.447565 0.0725496 0.00383922 0.0228827 0.000247036 0.0256741 0.264749 0.0482582 0.00897405 0.0258786 0.000454207 3.28157e-05 0.011666 
0.00687319 0.541499 0.172907 0.0429524 0.0219105 0.0327449 5.09191e-05 0.0371814 0.0575441 0.0411373 0.000539358 0.0175882 0.00145921 0.00606893 0.019543 
0.042942 0.103188 0.00238597 7.006e-05 0.00263519 0.00975817 6.02479e-05 0.0607307 0.0634845 0.698014 7.50611e-06 0.00134699 4.81846e-05 0.000191002 0.0151374 
0.391673 0.21208 0.00144356 0.00507758 0.000515092 0.147876 0.000157102 0.041937 0.0683026 0.113408 0.000209839 0.00556189 8.20811e-05 1.65179e-08 0.0116766 
0.0157288 0.0976119 0.190744 0.1654 0.00111672 0.00354328 0.000678637 0.352499 0.136952 0.0333977 0.000778848 0.00112636 0.000396523 1.83981e-07 2.61086e-05 
0.0175734 0.0997744 0.048796 0.00129587 3.9492e-05 0.0677607 0.0855247 0.0143951 0.449173 0.00436063 0.00307266 0.0104208 4.37482e-05 6.80219e-06 0.197763 
0.06343 0.437635 0.0902747 0.00815455 0.00214096 0.00626392 3.26269e-05 0.0305068 0.344133 0.000962018 0.00144896 0.00718621 4.11233e-05 0.00163243 0.00615728 
0.0467543 0.00938565 0.130676 0.00421669 0.000421294 0.687245 0.000472959 0.0102794 0.0229456 0.0213539 0.0575461 0.00813704 0.00010803 1.55617e-11 0.000458319 
0.171661 0.0430656 0.0967112 0.00356744 0.00260908 0.0378921 1.72596e-05 0.00555392 0.603285 0.0197326 0.000621607 0.00563783 0.000381512 0.00245588 0.00680783 
0.000430062 0.000893977 8.27707e-05 1.73907e-05 3.81072e-06 1.93251e-06 0.998311 2.60644e-05 7.62775e-05 4.92557e-06 0.000133024 1.07555e-05 1.44576e-10 1.58661e-06 6.51105e-06 
0.113579 0.0459277 0.39947 0.00946957 0.00108544 0.0694126 0.00273957 0.0471082 0.125687 0.0776671 0.0141789 0.0845755 0.000914268 2.9774e-05 0.00815627 
0.140533 0.0293427 0.246143 0.00946252 0.00247546 0.0326875 0.0126964 0.0449398 0.14978 0.183483 0.00412917 0.126298 0.00344842 0.00302717 0.0115539 
0.0253594 0.0874152 0.189525 0.0790365 0.00232125 0.0170539 0.00051914 0.0234991 0.343158 0.177086 0.000111605 0.0516936 0.000432433 1.60953e-05 0.00277293 
0.486062 0.0190314 0.0213507 0.00111907 0.000104401 0.0527826 6.95197e-05 0.020022 0.162682 0.0797451 0.000752493 0.153563 0.000147975 0.000236677 0.00233066 
0.000506086 0.00055322 6.6033e-05 3.54357e-07 4.50039e-06 1.01677e-06 0.998648 1.62148e-06 7.29694e-05 7.75631e-09 0.00013079 9.22629e-06 1.44692e-10 1.86817e-06 3.85581e-06 
0.00424393 0.00851943 0.757521 0.000273632 0.000337339 0.000282425 0.21308 0.00420327 0.00452697 0.00149938 0.00258776 0.0015562 3.18625e-06 2.36335e-09 0.00136569 
0.0386495 0.233577 0.0309253 0.00263963 0.010797 0.0010551 0.000232105 0.486665 0.110188 0.0820117 8.64525e-05 0.00153564 3.77665e-05 4.56159e-09 0.0016004 
0.000506086 0.00055322 6.6033e-05 3.54357e-07 4.50039e-06 1.01677e-06 0.998648 1.62148e-06 7.29694e-05 7.75631e-09 0.00013079 9.22629e-06 1.44692e-10 1.86817e-06 3.85581e-06 
0.0398504 0.141223 0.0352175 0.046034 0.342536 0.0098978 1.92387e-07 0.0386859 0.162203 0.167592 0.00071123 0.00618635 0.000299782 1.01196e-06 0.00956197 
1.69984e-06 0.11252 0.141599 1.69973e-06 0.00220999 0.161799 1.69838e-06 0.146365 0.255665 0.0690178 0.0200559 0.0705391 1.69905e-06 1.69782e-06 0.020221 
0.0907588 0.265029 0.183456 0.0432903 0.00795618 0.0378256 0.000276262 0.0517707 0.0593744 0.140988 0.00478032 0.0148436 0.00313993 2.98678e-07 0.0965103 
0.01915 0.754977 1.05228e-07 1.76167e-07 6.8907e-08 0.00152794 0.00205943 0.0345242 0.119531 0.0527964 0.000386707 8.99906e-05 2.99793e-08 3.55282e-07 0.0149574 
0.00101106 0.96986 0.000251918 0.00389722 1.56702e-06 0.0100189 0.000465202 0.00675308 0.00171239 0.00381832 0.00171275 0.000481751 5.15518e-06 2.28592e-09 1.04467e-05 
2.81131e-05 0.00297336 3.78092e-06 0.00042088 8.14945e-12 0.818372 2.75785e-06 0.177522 0.000221506 1.82175e-06 1.36974e-05 3.52622e-05 5.85616e-07 0.000402915 1.49734e-06 
0.0641956 0.0125486 0.0130433 0.00490049 0.00805697 0.0624175 0.59427 0.120182 0.0692752 0.00465239 0.000202695 0.0142203 5.62562e-05 0.00177346 0.0302054 
0.229593 0.0173161 0.0512659 0.0268235 0.0019379 0.198107 0.000384594 0.0294306 0.240396 0.157207 0.0163073 0.0278409 0.00105856 1.0692e-05 0.00232069 
0.268929 0.0595598 0.0108805 0.00870345 4.81007e-05 0.0106179 5.93907e-05 0.0115858 0.600539 0.0198666 0.00040564 0.00328145 0.000140086 0.000285815 0.00509772 
0.0383974 0.01968 0.20527 0.00214479 0.00052293 0.00476378 0.00683487 0.0125557 0.171878 0.134462 0.00241087 0.369999 0.00133278 1.89017e-06 0.0297454 
0.38367 0.0958636 0.00356125 0.0075906 0.00275623 0.277947 4.98393e-05 0.0652392 0.117347 0.0329114 0.000621507 0.00942476 0.000611475 2.85935e-08 0.00240691 
0.0188954 0.0167492 0.34921 0.00712256 0.00430952 0.0106114 6.13848e-05 0.0187707 0.462526 0.0740421 0.0238845 0.00383978 0.00209851 8.88701e-07 0.0078778 
0.00260212 0.00300394 0.00019142 8.26868e-05 5.6257e-05 8.24978e-05 0.000359154 0.00300626 0.986072 0.00355797 1.97271e-05 0.000567749 2.16383e-05 0.000178817 0.000197436 
0.00580948 0.830763 0.0433688 0.000254697 9.15005e-06 0.0165244 4.55098e-10 0.0138754 0.0782904 0.00716423 0.00168604 7.33244e-07 7.30989e-07 6.06325e-10 0.00225311 
0.297799 0.419683 0.00359043 0.0116331 0.000166993 0.00911902 0.00126448 0.0119364 0.1917 0.0424557 0.00117541 0.00184459 3.29409e-05 2.77485e-09 0.00759928 
0.00260212 0.00300394 0.00019142 8.26868e-05 5.6257e-05 8.24978e-05 0.000359154 0.00300626 0.986072 0.00355797 1.97271e-05 0.000567749 2.16383e-05 0.000178817 0.000197436 
0.0145605 0.00873323 0.0490594 0.00166631 0.000515167 0.885299 0.000240734 0.000748341 0.0146604 0.000735186 0.0212364 0.00234488 0.000172509 3.87748e-12 2.82414e-05 
0.000416481 0.000258968 2.36216e-05 3.79116e-07 1.76441e-12 8.44325e-07 0.99914 1.14799e-06 7.8169e-05 7.04366e-08 7.2424e-05 7.40301e-06 7.03598e-10 1.87797e-07 1.49977e-07 
0.000154004 0.000144773 0.000259387 8.72344e-05 0.995374 0.00358729 1.31889e-07 4.34286e-06 0.000126186 5.29781e-06 9.92331e-05 0.000137874 7.37897e-10 1.32599e-12 2.0315e-05 
3.22479e-08 0.952883 0.0173219 3.00657e-05 6.24882e-05 1.43936e-05 6.07571e-06 0.00918098 0.00859359 8.24867e-06 0.000440007 0.000274813 8.61127e-07 3.24022e-07 0.0111834 
0.143189 0.0453212 0.346409 0.0248524 0.00530946 0.020767 0.00122638 0.0213178 0.202582 0.143047 0.010556 0.0273303 0.00310738 0.00157545 0.00341011 
0.0421299 0.635758 0.00598639 0.000192947 3.14373e-07 0.223473 0.0445363 0.012649 0.0187812 0.00692723 6.69634e-05 0.00163923 7.62617e-05 0.00139742 0.00638551 
0.164991 0.364758 0.196856 0.0041812 5.58112e-05 0.00171322 0.000529675 0.00488312 0.159002 0.0247591 0.0320675 0.0450069 0.000100706 1.6292e-07 0.00109607 
0.290949 0.0369842 0.0030567 0.0954842 0.0151713 0.172617 8.27878e-05 0.107593 0.198959 0.0691162 0.00102377 0.0077798 0.000250732 4.27013e-12 0.000932756 
0.0132924 0.0405542 0.477712 0.012662 0.00361021 0.000133394 0.00571272 0.0165041 0.00670456 0.0447241 0.0144015 0.352968 0.00340064 0.00125414 0.00636548 
0.276204 0.0708463 0.0574437 0.00340602 0.00102054 0.0492118 0.000138343 0.0866581 0.1314 0.27423 0.00253168 0.0417444 0.000659736 9.97661e-08 0.00450493 
0.0696076 0.0160004 0.340127 0.0144176 0.00128875 0.207984 4.09203e-05 0.0180598 0.190963 0.0725429 0.0012197 0.0629526 0.000614083 0.00138993 0.00279154 
0.147091 0.324604 0.0163711 0.00108222 0.00116755 0.0303132 0.000153877 0.0903201 0.0868933 0.266109 8.9208e-05 0.00415838 0.000812567 0.0243528 0.00648177 
0.164981 0.0259989 0.186502 0.0395756 0.00382437 0.0184928 0.00051325 0.0527411 0.145781 0.289567 0.00608147 0.053626 0.00232567 2.76747e-05 0.00996138 
0.000506086 0.00055322 6.6033e-05 3.54357e-07 4.50039e-06 1.01677e-06 0.998648 1.62148e-06 7.29694e-05 7.75631e-09 0.00013079 9.22629e-06 1.44692e-10 1.86817e-06 3.85581e-06 
0.00578088 0.815223 0.0288851 0.0145134 0.000270328 0.0932213 7.53653e-05 0.0168757 0.00186605 0.000729412 0.0175235 0.00491812 5.712e-05 1.55505e-11 6.04614e-05 
0.258955 0.0209042 0.0539066 0.03338 0.00321988 0.0284354 4.04022e-05 0.123329 0.148405 0.141031 0.00242413 0.162318 0.000830329 5.41841e-06 0.0228158 
0.00101106 0.96986 0.000251918 0.00389722 1.56702e-06 0.0100189 0.000465202 0.00675308 0.00171239 0.00381832 0.00171275 0.000481751 5.15518e-06 2.28592e-09 1.04467e-05 
3.92374e-05 0.000578473 5.27359e-06 0.00142929 1.51125e-08 0.84886 3.81592e-06 0.148165 0.000284795 1.43659e-08 1.91332e-05 4.9297e-05 8.04719e-07 0.000563068 2.0786e-06 
0.00270714 0.522128 0.00162712 0.126658 7.99192e-08 8.09257e-07 2.87884e-07 0.20672 1.79549e-06 0.136006 2.46065e-07 1.93735e-05 2.44665e-07 1.66882e-08 0.00413147 
0.0802407 0.0187023 0.14972 0.00450395 0.00807647 0.510948 0.000316075 0.0423916 0.0559411 0.0707569 0.00717282 0.0439033 0.00135201 0.00191164 0.00406376 
0.0491309 0.0268061 0.254142 0.0187255 0.00274522 0.0194384 2.70609e-05 0.028759 0.399294 0.183121 0.00583138 0.00789898 0.00116919 0.00020901 0.00270177 
0.507047 0.0358088 0.0155644 0.0281856 0.0382659 0.139999 1.31503e-05 0.026718 0.170258 0.0186984 0.00183552 0.00580287 0.0001725 3.15648e-08 0.0116302 
0.0749562 0.105894 0.0310937 0.0120562 0.00501161 0.0511143 5.7672e-05 0.0186862 0.0365637 0.0165237 0.609004 0.00710262 0.00191534 1.4048e-07 0.0300208 
0.0125626 0.688651 0.0137318 0.00149433 2.62068e-07 0.00246294 0.000147793 0.0599419 0.0706376 0.0274262 0.00090237 0.027132 3.00864e-05 8.88974e-05 0.0947899 
0.00101106 0.96986 0.000251918 0.00389722 1.56702e-06 0.0100189 0.000465202 0.00675308 0.00171239 0.00381832 0.00171275 0.000481751 5.15518e-06 2.28592e-09 1.04467e-05 
0.241319 0.0109614 0.104282 0.00868698 0.000478061 0.0343417 0.00825205 0.0134539 0.136669 0.42047 3.51296e-05 0.0112808 0.000717585 0.00132766 0.00772488 
0.0198632 0.528271 0.00578134 0.0296496 0.00504457 0.0144194 0.000106889 0.166703 0.115733 0.0691569 0.000254298 0.00451763 0.00186855 0.00786532 0.0307649 
0.0830251 0.0137192 0.311037 0.000423993 0.00367236 0.378142 0.000259331 0.00495309 0.0962921 0.0751932 0.0227743 0.00816299 4.13146e-05 2.55537e-07 0.00230364 
0.00576292 0.00451715 0.000485899 0.00249602 0.000183517 0.000221665 8.28713e-11 0.0542271 0.0291232 0.00107804 4.29685e-05 0.00950338 5.17511e-06 0.882364 0.00998864 
0.000430062 0.000893977 8.27707e-05 1.73907e-05 3.81072e-06 1.93251e-06 0.998311 2.60644e-05 7.62775e-05 4.92557e-06 0.000133024 1.07555e-05 1.44576e-10 1.58661e-06 6.51105e-06 
0.0331909 0.00102842 0.247982 1.62945e-05 3.44709e-08 0.000996947 1.17185e-10 0.000713342 0.664307 0.022043 1.03721e-05 0.0267229 2.26424e-08 1.56125e-10 0.0029881 
0.0386557 0.00663954 0.0504717 0.000988748 0.00047413 0.832491 0.000697136 0.00386934 0.0120378 0.00502376 0.0451451 0.00334807 7.03413e-05 2.99186e-12 8.73949e-05 
0.0354261 0.0683715 0.0952363 0.00167725 0.00100925 0.634352 0.00378874 0.0521738 0.0507966 0.0138186 0.0294188 0.00928864 0.00129994 8.68595e-11 0.00334219 
0.00513385 0.045518 0.105404 0.0327215 0.683105 0.00304528 1.16901e-05 0.0165096 0.0261789 0.0781124 0.00120856 0.00163855 0.000706209 3.64141e-09 0.000706756 
0.0296941 0.158741 0.148268 0.0237747 0.00118576 0.0211685 2.36788e-08 0.0200301 0.104182 0.0274196 0.446381 0.00562663 0.000274833 2.66301e-08 0.0132536 
0.221723 0.0393409 0.114554 0.00378089 0.00221405 0.114898 0.000355412 0.0491798 0.0861164 0.0824237 0.00233383 0.268587 0.00118364 0.00182888 0.0114804 
0.000506086 0.00055322 6.6033e-05 3.54357e-07 4.50039e-06 1.01677e-06 0.998648 1.62148e-06 7.29694e-05 7.75631e-09 0.00013079 9.22629e-06 1.44692e-10 1.86817e-06 3.85581e-06 
0.00101106 0.96986 0.000251918 0.00389722 1.56702e-06 0.0100189 0.000465202 0.00675308 0.00171239 0.00381832 0.00171275 0.000481751 5.15518e-06 2.28592e-09 1.04467e-05 
0.125668 0.0253752 0.0679652 0.0693698 0.000285337 0.0189973 0.000307298 0.015304 0.575829 0.0536848 0.00378598 0.0157699 0.000174851 5.78848e-07 0.0274834 
0.00101106 0.96986 0.000251918 0.00389722 1.56702e-06 0.0100189 0.000465202 0.00675308 0.00171239 0.00381832 0.00171275 0.000481751 5.15518e-06 2.28592e-09 1.04467e-05 
0.0369766 0.0125981 0.395867 0.00342381 0.0012689 0.0214303 0.000766198 0.00550643 0.491407 0.0135714 0.00496652 0.0120572 7.69304e-05 4.31001e-09 8.28026e-05 
0.235844 0.0147246 0.025275 0.00585644 0.00607377 0.000750703 1.10527e-07 0.0658449 0.0671453 0.0252576 0.000108532 0.0132097 5.03557e-05 0.0028783 0.536981 
0.308631 0.000769041 0.00125981 0.00392314 3.06003e-05 0.498336 4.38707e-08 0.0040954 0.0446653 0.134276 6.01841e-05 0.00390357 2.47298e-05 1.13468e-11 2.63444e-05 
0.00260212 0.00300394 0.00019142 8.26868e-05 5.6257e-05 8.24978e-05 0.000359154 0.00300626 0.986072 0.00355797 1.97271e-05 0.000567749 2.16383e-05 0.000178817 0.000197436 
0.0809417 0.0186856 0.0808715 0.0231449 0.00145865 0.0107653 3.86394e-05 0.0614932 0.263525 0.0671454 0.000270078 0.363203 0.000137275 0.000143906 0.0281753 
0.0123145 0.0161691 0.392185 0.00817873 0.000551842 0.0186059 0.000451686 0.00821683 0.482491 0.0529016 0.00317916 0.00383815 0.000208422 0.000578731 0.000129168 
0.162383 0.0216446 0.046407 0.00395686 0.00759961 0.124995 0.00279097 0.0116236 0.434674 0.0915239 1.05146e-05 0.033009 0.00192094 0.000300854 0.0571598 
0.00101106 0.96986 0.000251918 0.00389722 1.56702e-06 0.0100189 0.000465202 0.00675308 0.00171239 0.00381832 0.00171275 0.000481751 5.15518e-06 2.28592e-09 1.04467e-05 
0.156882 0.0867621 0.142003 0.00776301 0.00180009 0.0859604 0.000529106 0.00903331 0.391137 0.0341799 0.00753814 0.0759945 8.6627e-05 5.51757e-09 0.000331104 
0.308631 0.000769041 0.00125981 0.00392314 3.06003e-05 0.498336 4.38707e-08 0.0040954 0.0446653 0.134276 6.01841e-05 0.00390357 2.47298e-05 1.13468e-11 2.63444e-05 
0.0384284 0.0202279 0.245381 0.005665 0.532245 0.0499022 0.000903287 0.00503178 0.0684973 0.00337794 0.0156483 0.0130234 0.000359507 1.3413e-11 0.00130909 
0.0440526 0.0774053 0.0867765 0.0151299 0.00369503 0.139674 0.00152126 0.0845965 0.327869 0.0132638 0.0140522 0.0236507 0.000514235 4.06778e-11 0.167799 
0.31338 0.00675077 0.00149309 0.00358762 0.00193841 0.544323 1.55932e-05 0.00294689 0.106556 0.0166777 0.000265238 0.00180618 1.10892e-05 1.78292e-09 0.000247969 
0.531086 0.0204072 0.207644 0.000272517 0.000659888 0.000390834 1.92276e-06 0.00333397 0.0282685 0.149512 6.84154e-05 0.0575438 6.66937e-05 4.37824e-05 0.000699688 
0.298561 0.0128416 0.0149951 0.0528944 0.0123577 0.303927 0.000215896 0.0337935 0.118593 0.135943 0.00117134 0.0101104 0.00060579 8.64234e-06 0.00398209 
0.0108668 0.163957 0.501701 0.0595733 0.00557582 0.00294994 1.04672e-05 0.0148251 0.225624 0.00489593 0.00144892 0.00806146 6.6752e-05 1.17948e-09 0.000443754 
0.770093 0.0100609 0.172171 2.90362e-05 1.04803e-05 6.67523e-06 0.00147392 0.00517473 0.0308683 0.00625962 4.86775e-05 0.00143111 4.84185e-08 0.00236932 3.72468e-06 
0.00833728 0.000247572 0.609759 0.0024674 0.0016271 0.00157025 0.0424224 0.0130848 0.0953033 0.0549685 0.00579288 0.16147 0.000402977 1.81241e-08 0.00254657 
0.0876071 0.233024 0.185554 0.00190152 0.0298767 0.00750032 2.78009e-07 0.0223731 0.200581 0.0164043 0.000853321 0.0119392 0.000204588 5.21148e-10 0.202181 
0.636926 0.0049217 0.0213248 0.000401315 4.83383e-07 0.00591855 1.56347e-06 0.0255738 0.11332 0.162249 0.00519954 0.0237152 4.38224e-08 4.76016e-09 0.000447802 
0.000506086 0.00055322 6.6033e-05 3.54357e-07 4.50039e-06 1.01677e-06 0.998648 1.62148e-06 7.29694e-05 7.75631e-09 0.00013079 9.22629e-06 1.44692e-10 1.86817e-06 3.85581e-06 
0.253321 0.00344244 0.0028389 0.00303922 0.406469 0.0238148 0.173791 0.0698687 0.0553929 1.5239e-06 6.03667e-08 3.3367e-06 5.54396e-07 1.8662e-05 0.00799732 
0.0962051 0.0223621 0.193682 0.0231898 0.00024539 0.0471909 0.010304 0.053793 0.0754725 0.363515 0.00379197 0.102792 0.00354153 1.31822e-05 0.00390231 
0.0489095 0.000423361 0.0152543 0.00181663 0.000190101 0.884648 2.07807e-06 0.0115967 0.00738546 0.019071 0.00114461 0.00918172 0.000112385 3.27884e-13 0.000264599 
0.0355363 0.658828 0.00378219 0.00129079 0.00333697 0.000810841 5.81355e-07 0.0680225 0.106761 0.0472105 0.000634853 0.0102838 0.000586747 0.000882095 0.0620329 
0.268861 0.0739055 0.158557 0.0237228 0.00733399 0.0668755 0.000425054 0.0617563 0.22903 0.0591256 0.00257717 0.0283959 0.000715753 1.38232e-07 0.0187188 
0.0711108 0.0164725 0.0450787 0.0212127 0.00188768 0.0776083 0.0017844 0.0430779 0.372998 0.241563 0.00021586 0.102338 0.00144653 0.000532645 0.00267322 
0.000430062 0.000893977 8.27707e-05 1.73907e-05 3.81072e-06 1.93251e-06 0.998311 2.60644e-05 7.62775e-05 4.92557e-06 0.000133024 1.07555e-05 1.44576e-10 1.58661e-06 6.51105e-06 
0.00101106 0.96986 0.000251918 0.00389722 1.56702e-06 0.0100189 0.000465202 0.00675308 0.00171239 0.00381832 0.00171275 0.000481751 5.15518e-06 2.28592e-09 1.04467e-05 
0.253336 0.00936936 0.0621942 0.056387 0.00069858 0.0711598 0.00384209 0.0115238 0.294232 0.0623894 0.0172015 0.0515043 0.00024417 2.00017e-08 0.105918 
0.00578088 0.815223 0.0288851 0.0145134 0.000270328 0.0932213 7.53653e-05 0.0168757 0.00186605 0.000729412 0.0175235 0.00491812 5.712e-05 1.55505e-11 6.04614e-05 
0.000594889 0.952372 0.00553231 8.14517e-07 5.87724e-05 9.96119e-06 0.000643324 1.79859e-08 0.003956 3.48609e-06 0.0360113 0.000672297 3.61653e-08 6.08322e-11 0.000145278 
0.182378 0.00998227 0.00139299 0.00425753 7.76447e-06 0.000487078 4.79966e-06 0.00621367 0.0443927 0.00800447 8.61007e-07 0.00560253 2.91515e-06 2.64899e-09 0.737272 
0.00101106 0.96986 0.000251918 0.00389722 1.56702e-06 0.0100189 0.000465202 0.00675308 0.00171239 0.00381832 0.00171275 0.000481751 5.15518e-06 2.28592e-09 1.04467e-05 
0.000416481 0.000258968 2.36216e-05 3.79116e-07 1.76441e-12 8.44325e-07 0.99914 1.14799e-06 7.8169e-05 7.04366e-08 7.2424e-05 7.40301e-06 7.03598e-10 1.87797e-07 1.49977e-07 
0.00101106 0.96986 0.000251918 0.00389722 1.56702e-06 0.0100189 0.000465202 0.00675308 0.00171239 0.00381832 0.00171275 0.000481751 5.15518e-06 2.28592e-09 1.04467e-05 
0.0298459 0.0603908 0.0704149 0.00316443 0.000297751 0.463342 5.12971e-05 0.15399 0.100952 0.070712 0.00602253 0.0250579 8.53225e-05 1.31037e-09 0.0156729 
0.0386557 0.00663954 0.0504717 0.000988748 0.00047413 0.832491 0.000697136 0.00386934 0.0120378 0.00502376 0.0451451 0.00334807 7.03413e-05 2.99186e-12 8.73949e-05 
0.0489095 0.000423361 0.0152543 0.00181663 0.000190101 0.884648 2.07807e-06 0.0115967 0.00738546 0.019071 0.00114461 0.00918172 0.000112385 3.27884e-13 0.000264599 
0.0146259 0.04913 0.0983984 0.00527183 0.00384561 0.0228229 2.66418e-05 0.0532324 0.0843941 0.358856 0.0590769 0.234006 0.00198641 3.3695e-11 0.0143267 
0.0968047 0.021883 0.13068 0.0899618 0.000514382 0.517402 0.0066296 0.078534 0.0172259 0.0060639 0.0339193 0.000310111 3.227e-05 1.76095e-11 3.8934e-05 
0.000195157 0.00960049 0.974484 0.000773062 0.00404814 0.000517454 0.001247 0.00247069 0.00376296 7.11242e-05 0.000584253 4.44549e-08 1.24855e-07 2.72312e-07 0.00224496 
0.000179479 0.0408989 0.554758 0.00946921 0.00305918 0.000661224 0.000105113 0.163133 0.0946685 0.0591739 3.20127e-07 0.0715357 4.44001e-07 1.99912e-07 0.00235641 
0.125461 0.303094 0.0219368 2.18907e-06 0.00885599 1.97989e-05 0.467038 0.00134208 0.0602635 0.000632293 0.000359086 0.00410903 1.88215e-06 6.31047e-08 0.00688447 
0.139027 0.0233969 0.0820029 0.0291377 0.00108677 0.0415104 0.0025635 0.008496 0.547068 0.0701716 0.0277216 0.0271214 0.00018764 1.88322e-12 0.000508877 
0.0353217 0.0257981 0.490425 0.0103745 0.000571871 0.165247 0.000236151 0.0165266 0.131011 0.0655269 0.0101114 0.0477054 0.000182999 1.22442e-05 0.000948918 
1.1836e-05 0.203782 0.0596577 1.37647e-05 0.0215444 8.55806e-08 4.18924e-05 5.41601e-05 2.64204e-05 0.0322926 1.7162e-05 0.0236778 1.0629e-05 3.73852e-07 0.658869 
0.0417579 0.0123019 0.0921956 0.00598413 0.000799981 0.00353389 7.45623e-05 0.0255296 0.0811321 0.105574 0.0693417 0.559969 0.000363144 3.01799e-06 0.00143965 
0.00144343 0.198948 0.0699249 0.0342169 0.516383 0.00606975 1.75008e-06 0.0282475 0.0116201 0.0790426 0.000309251 0.017369 0.000152235 2.10436e-05 0.0362513 
0.000430062 0.000893977 8.27707e-05 1.73907e-05 3.81072e-06 1.93251e-06 0.998311 2.60644e-05 7.62775e-05 4.92557e-06 0.000133024 1.07555e-05 1.44576e-10 1.58661e-06 6.51105e-06 
0.0538454 0.0434843 0.378714 0.0339205 0.0155014 0.188144 0.000834338 0.0276113 0.195325 0.024161 0.0195449 0.0110243 0.00047631 2.04373e-06 0.0074105 
0.0267928 0.0681803 0.312788 0.109846 0.00327185 0.122934 0.00227188 0.0633025 0.174702 0.0336496 0.0600058 0.0193381 0.00032418 4.75047e-07 0.00259205 
0.00179993 0.020369 0.0100378 0.0066256 5.98883e-06 9.5494e-09 5.21442e-06 0.298068 3.2186e-09 8.25239e-06 0.000270581 0.458413 5.21289e-06 0.00144131 0.20295 
0.296805 0.0107811 0.0693794 0.0157004 0.0018807 0.0205222 0.00105732 0.030014 0.178276 0.234519 0.000478124 0.130566 0.000753266 0.0018761 0.00739134 
0.0134009 0.0608142 0.00561931 6.9781e-07 9.2666e-06 0.000104805 0.907709 0.00017676 0.0111851 2.33456e-08 0.000778812 1.7017e-05 3.12953e-06 0.000176882 4.50054e-06 
0.08371 0.00566232 0.189635 0.000958508 0.000245832 0.0307864 0.0470223 0.0446804 0.342925 0.153849 0.000353688 0.0960368 0.00019665 1.22013e-05 0.00392651 
0.0420364 0.350662 0.0545238 0.00254619 0.000473703 0.0119172 0.00838355 0.0221079 0.0508752 0.0494032 0.397543 0.00422339 0.00167556 0.00101519 0.00261417 
0.0850582 0.232026 0.238556 0.0172936 0.000149733 0.00193637 0.00135152 0.00379412 0.186924 0.014758 0.148531 0.056601 0.000271452 0.00891838 0.00383087 
0.00232286 0.319242 0.00073213 0.0262041 0.000175242 0.000517215 4.22005e-07 0.568487 0.039154 0.0300424 0.000793349 0.00144082 3.23162e-05 0.010781 7.6078e-05 
0.0595878 0.220981 0.0445804 0.0417695 0.00948028 0.0405191 0.00444533 0.232263 0.224025 0.109349 0.00017625 0.00440764 0.00116128 0.00329178 0.00396299 
0.00101106 0.96986 0.000251918 0.00389722 1.56702e-06 0.0100189 0.000465202 0.00675308 0.00171239 0.00381832 0.00171275 0.000481751 5.15518e-06 2.28592e-09 1.04467e-05 
0.030192 0.1323 0.0708788 0.000132557 3.05435e-05 0.155871 0.000279902 0.318147 0.116051 0.0775841 0.00190622 0.0943165 2.10428e-05 1.48297e-10 0.00229027 
0.724489 0.115895 0.0213885 0.000323641 0.00104335 0.0139568 0.000369029 0.000343249 0.0605682 0.0313739 0.00214482 0.00430908 7.43477e-05 6.34054e-07 0.0237205 
0.0552696 0.0219641 0.491701 0.0186189 0.000157752 0.243799 0.000749667 0.0029133 0.074863 0.0593968 0.0010496 0.0282326 6.79227e-05 5.68081e-08 0.00121676 
0.0120507 0.0930685 0.0262744 0.324948 0.00134254 0.448503 0.00023469 0.0115613 0.00329958 0.000755835 0.0776236 0.000309067 2.02203e-05 1.31591e-10 8.52047e-06 
0.738278 0.00215797 0.00952243 3.29954e-05 6.60526e-05 0.0049878 0.00351006 0.000260695 0.0959505 0.0196204 0.00113526 0.11438 2.55715e-05 7.16842e-05 0.0100009 
0.0643947 0.0158442 0.273587 0.0145517 0.0608792 0.219582 0.000169356 0.0396823 0.0772774 0.165844 0.0274257 0.0328366 0.00223398 2.94139e-05 0.00566294 
0.00101106 0.96986 0.000251918 0.00389722 1.56702e-06 0.0100189 0.000465202 0.00675308 0.00171239 0.00381832 0.00171275 0.000481751 5.15518e-06 2.28592e-09 1.04467e-05 
0.000430062 0.000893977 8.27707e-05 1.73907e-05 3.81072e-06 1.93251e-06 0.998311 2.60644e-05 7.62775e-05 4.92557e-06 0.000133024 1.07555e-05 1.44576e-10 1.58661e-06 6.51105e-06 
0.202403 0.00357789 0.000643566 0.000572191 2.80212e-11 0.000528622 3.59615e-08 0.319671 0.0325359 0.359505 3.05783e-08 0.080165 2.08292e-11 1.96007e-09 0.000397603 
0.274975 0.0117198 0.135628 0.00283298 0.00246383 0.0493333 0.00418995 0.178743 0.0495106 0.06843 0.00477506 0.208159 0.000895619 0.000230881 0.00811317 
0.119657 0.0331953 0.0535192 0.00408859 0.00288407 0.477636 0.000655592 0.0778847 0.0748156 0.0926328 0.00608927 0.0395362 0.00218407 0.0118015 0.00342081 
0.0138288 0.572163 0.00536095 6.2043e-05 6.78969e-06 1.14604e-06 6.05931e-06 0.239635 1.26504e-05 0.153321 7.44693e-05 0.00336034 2.17842e-06 8.71832e-06 0.0121562 
0.031366 0.101306 0.269904 0.00091483 1.09501e-08 0.00418745 7.60235e-05 0.0182125 0.476602 0.0615828 0.00465021 0.0310527 2.76512e-05 3.45539e-12 0.000117961 
0.306141 0.00558851 0.0689748 0.00106904 0.0276998 0.0180365 3.01326e-08 0.00854435 0.158558 0.0373068 2.05947e-05 0.36387 4.71591e-08 1.72431e-11 0.00419031 
0.0675591 0.000815181 0.000217576 0.00677771 4.81745e-10 0.442106 2.26447e-07 0.0403462 0.0690306 0.368244 4.69421e-07 0.00473937 3.8466e-08 3.00302e-12 0.000162925 
0.00763326 0.000386695 0.00115151 0.576635 9.50742e-05 0.00291909 4.20148e-06 0.293584 0.00496365 0.0192343 0.0778505 0.0151337 2.27067e-08 1.18805e-11 0.000408559 
0.051958 0.0100068 0.548585 6.23304e-05 5.13935e-05 0.00470889 3.92129e-05 0.00153313 0.34127 0.00908996 0.00592114 0.026214 5.10132e-05 5.00636e-05 0.000459272 
0.132748 0.00673073 0.00322248 0.0901724 0.000590106 0.694016 2.28623e-06 0.00576681 0.0532398 0.0119264 0.000173877 0.00127195 6.49153e-05 1.23622e-12 7.50332e-05 
0.000416481 0.000258968 2.36216e-05 3.79116e-07 1.76441e-12 8.44325e-07 0.99914 1.14799e-06 7.8169e-05 7.04366e-08 7.2424e-05 7.40301e-06 7.03598e-10 1.87797e-07 1.49977e-07 
3.05359e-10 0.996803 1.36676e-07 4.56011e-10 1.2612e-06 1.07289e-06 1.39951e-06 0.00208698 4.1934e-08 0.000847282 0.000188454 6.60421e-05 1.40677e-09 3.06821e-09 3.84285e-06 
0.031308 0.0263744 0.112099 0.0053464 0.000669418 0.0112344 0.000298904 0.0131857 0.625516 0.0439801 0.12699 0.00257476 0.000171822 4.29553e-05 0.000207986 
0.0701548 0.0131531 0.0129694 0.175509 0.00188022 0.000772092 0.00017295 0.518407 0.121707 0.0403474 0.0180544 0.026284 0.000195958 3.5675e-06 0.000388302 
0.000506086 0.00055322 6.6033e-05 3.54357e-07 4.50039e-06 1.01677e-06 0.998648 1.62148e-06 7.29694e-05 7.75631e-09 0.00013079 9.22629e-06 1.44692e-10 1.86817e-06 3.85581e-06 
1.17913e-06 0.976042 1.60619e-06 7.33388e-10 3.04366e-09 3.38986e-06 7.78157e-06 0.0136939 0.0102382 1.53259e-06 1.23215e-06 8.05555e-10 2.26246e-09 4.93449e-09 8.6886e-06 
0.064894 0.0145317 0.113417 0.00782275 0.00113819 0.440707 0.02949 0.03783 0.136183 0.130497 0.00976812 0.0101468 0.00113073 3.36213e-06 0.00244091 
0.540828 0.0941003 0.0780727 0.00822079 0.00045748 0.0675877 0.000576122 0.0226084 0.0956856 0.0437139 0.0182959 0.0283516 9.96046e-05 5.01765e-06 0.00139695 
0.0534329 0.00338671 0.0302191 0.0170424 0.338084 0.41206 1.57159e-05 0.0204818 0.0477269 0.0503142 0.000863483 0.0237587 0.000801176 2.66117e-09 0.00181376 
0.0857841 0.0448977 0.144704 0.00626709 0.00398304 0.0155392 0.00751895 0.0465468 0.307283 0.217709 0.0004333 0.108021 0.00235833 1.94514e-05 0.00893539 
0.231452 0.00456562 0.358648 0.00055486 0.00163622 0.00834484 0.000394212 0.00815172 0.213352 0.00297134 3.42377e-05 0.165512 0.000232471 0.00031418 0.0038363 
0.00578088 0.815223 0.0288851 0.0145134 0.000270328 0.0932213 7.53653e-05 0.0168757 0.00186605 0.000729412 0.0175235 0.00491812 5.712e-05 1.55505e-11 6.04614e-05 
0.00528416 0.0258148 0.747663 0.0680257 0.0552768 0.0010839 8.11647e-05 0.000191927 0.0707994 0.000562837 0.000798145 0.0112528 0.000174804 1.33791e-06 0.0129892 
0.129755 0.162806 0.0233443 0.0326387 0.0047352 0.0358306 0.000711824 0.0633882 0.403568 0.0383424 0.00041836 0.00929148 0.00054228 7.72623e-05 0.0945507 
0.0958538 0.0217808 0.562408 0.00147443 0.000138981 0.0117492 0.00498081 0.0159816 0.108527 0.0914893 0.00950386 0.0590499 0.00428384 0.00490055 0.00787852 
0.00101106 0.96986 0.000251918 0.00389722 1.56702e-06 0.0100189 0.000465202 0.00675308 0.00171239 0.00381832 0.00171275 0.000481751 5.15518e-06 2.28592e-09 1.04467e-05 
0.0489095 0.000423361 0.0152543 0.00181663 0.000190101 0.884648 2.07807e-06 0.0115967 0.00738546 0.019071 0.00114461 0.00918172 0.000112385 3.27884e-13 0.000264599 
0.0709848 0.180922 0.0511019 0.0324551 0.000238199 0.147344 0.00227977 0.0853596 0.231159 0.179485 0.0174908 0.00108026 8.88934e-05 1.60671e-12 1.12684e-05 
0.543166 0.00547613 0.0278705 0.00674146 0.00106491 0.22686 4.68084e-05 0.0602863 0.0495349 0.0667147 0.00254026 0.00896721 6.34451e-05 5.54634e-09 0.000667313 
0.235844 0.0147246 0.025275 0.00585644 0.00607377 0.000750703 1.10527e-07 0.0658449 0.0671453 0.0252576 0.000108532 0.0132097 5.03557e-05 0.0028783 0.536981 
0.00101106 0.96986 0.000251918 0.00389722 1.56702e-06 0.0100189 0.000465202 0.00675308 0.00171239 0.00381832 0.00171275 0.000481751 5.15518e-06 2.28592e-09 1.04467e-05 
0.00189134 0.882858 0.0017263 0.00352968 0.00857115 0.000640285 3.70035e-05 0.0251063 0.0174767 0.0045884 0.000620431 0.00121442 8.87342e-05 5.9031e-11 0.051651 
0.0373243 0.0446735 0.124582 0.00245092 7.34249e-05 0.109474 0.00287789 0.00306647 0.259885 0.0230052 0.0258541 0.0269062 0.000524403 1.21694e-11 0.339302 
0.00215994 8.0236e-05 0.000424579 0.000217279 3.04716e-06 0.000847737 1.22162e-05 0.00429149 0.000686693 6.00181e-05 9.25036e-06 0.00974793 4.25148e-06 0.00151613 0.979939 
0.055234 0.0235252 0.408158 0.0142488 0.0124786 0.0111948 0.0696606 0.0784389 0.113395 0.175335 0.000233424 0.0216217 0.00618961 7.17032e-07 0.0102859 
0.000506086 0.00055322 6.6033e-05 3.54357e-07 4.50039e-06 1.01677e-06 0.998648 1.62148e-06 7.29694e-05 7.75631e-09 0.00013079 9.22629e-06 1.44692e-10 1.86817e-06 3.85581e-06 
0.000430062 0.000893977 8.27707e-05 1.73907e-05 3.81072e-06 1.93251e-06 0.998311 2.60644e-05 7.62775e-05 4.92557e-06 0.000133024 1.07555e-05 1.44576e-10 1.58661e-06 6.51105e-06 
0.0687241 0.0262432 0.330346 0.00982431 0.00355477 0.0145403 0.000536546 0.0348017 0.22969 0.119104 0.00482815 0.141732 0.00346169 0.000832796 0.0117798 
0.900357 0.00216548 4.42138e-07 0.000146901 9.26349e-05 0.00695577 2.83992e-05 0.000221696 0.0820214 0.000512719 0.000362767 0.000356753 2.11811e-06 6.68128e-06 0.00676945 
0.00123535 0.000151312 0.000788365 6.49524e-05 1.14403e-08 0.00184171 1.28265e-05 0.995235 0.000257754 0.000225585 3.94301e-05 0.000140413 1.06665e-06 2.35782e-11 6.15751e-06 
0.0513334 0.00371275 0.111767 0.000102601 0.0181209 0.0155747 1.04029e-06 0.0325089 0.0191615 0.0373192 9.3548e-05 0.292448 3.0763e-07 3.75292e-06 0.417852 
0.159427 0.34116 0.0417257 0.000226168 6.90522e-05 0.000331471 0.000150213 0.0737397 0.0551969 0.0101066 0.000162073 0.00197085 3.02353e-06 1.96816e-08 0.315731 
0.0914677 0.00436407 0.112323 0.00366542 0.000143934 0.272478 0.000454123 0.019228 0.231342 0.181951 0.00569364 0.0764114 0.00011556 3.40363e-10 0.000362558 
0.0701273 0.00280255 0.158935 8.41266e-05 6.03442e-06 0.0210496 8.27156e-06 0.137022 0.471585 0.00513082 5.2177e-05 0.121155 9.50208e-08 3.70418e-10 0.0120421 
0.0528757 0.0702384 0.155138 0.0284528 0.0324973 0.254663 2.80857e-05 0.025074 0.214722 0.0663442 0.0964165 0.00124241 0.000330322 2.75242e-06 0.0019753 
0.0323348 0.098149 0.0199506 0.0432283 0.0014033 0.197428 0.000967436 0.495401 0.0203676 0.0632254 0.000224644 0.0193173 0.000132799 0.000856868 0.00701251 
0.00207548 0.0169032 0.0353102 0.00350929 0.00186123 0.000404794 1.01466e-08 0.0809942 0.0148537 0.840337 2.13928e-08 0.00298104 1.10551e-07 3.91903e-06 0.000765418 
0.0322962 0.145357 0.388338 0.0229131 0.00212034 0.0176399 0.00017275 0.0659735 0.154809 0.025704 0.132816 0.0100885 0.00018705 3.16535e-05 0.00155299 
0.0792639 0.21476 0.210716 0.0459263 0.00595825 0.0192316 0.000118597 0.113197 0.146419 0.124015 0.0179038 0.01934 0.00141334 3.38914e-05 0.00170329 
0.00101106 0.96986 0.000251918 0.00389722 1.56702e-06 0.0100189 0.000465202 0.00675308 0.00171239 0.00381832 0.00171275 0.000481751 5.15518e-06 2.28592e-09 1.04467e-05 
0.280908 0.00578267 0.00139809 0.0290829 0.00126992 0.562223 1.20953e-05 0.00230747 0.102016 0.0125669 0.000159149 0.00157207 2.89484e-05 1.38613e-09 0.000671865 
0.291655 0.00890016 0.0228791 0.0207826 0.000943521 0.460972 4.33717e-05 0.0500554 0.0402949 0.0800311 0.0112637 0.00915474 5.76965e-05 2.27086e-09 0.00296712 
0.0666907 0.0222549 0.0330162 0.00840121 0.00204905 0.0213045 0.000188813 0.414644 0.00870309 0.0246867 0.000147471 0.0454734 0.0013942 0.0485354 0.30251 
0.000506086 0.00055322 6.6033e-05 3.54357e-07 4.50039e-06 1.01677e-06 0.998648 1.62148e-06 7.29694e-05 7.75631e-09 0.00013079 9.22629e-06 1.44692e-10 1.86817e-06 3.85581e-06 
0.0055414 0.305987 0.00146779 0.00212615 0.000146532 0.00298959 0.665385 0.00244585 0.00423957 0.00159821 0.00735917 0.000569825 6.5415e-06 9.16373e-05 4.56798e-05 
0.442473 0.0265351 0.0198843 0.011818 0.0131188 0.0421559 0.0186478 0.0215751 0.073281 0.263079 0.000437204 0.0444738 0.00323381 3.12725e-08 0.0192865 
0.00101106 0.96986 0.000251918 0.00389722 1.56702e-06 0.0100189 0.000465202 0.00675308 0.00171239 0.00381832 0.00171275 0.000481751 5.15518e-06 2.28592e-09 1.04467e-05 
0.00397361 0.0229274 0.0111461 0.0885014 0.0084281 0.00174217 8.9935e-10 0.692239 0.0791071 0.0518416 0.000170752 0.0106389 0.00131566 0.0257208 0.00224753 
0.00638477 0.000683408 0.0453554 0.000551007 0.000140731 0.905611 2.14155e-05 0.0171087 0.0106381 0.00577538 0.000336601 0.00718854 3.99358e-06 6.38444e-12 0.000200823 
0.0489095 0.000423361 0.0152543 0.00181663 0.000190101 0.884648 2.07807e-06 0.0115967 0.00738546 0.019071 0.00114461 0.00918172 0.000112385 3.27884e-13 0.000264599 
0.0775879 0.0073182 0.33655 0.0370896 0.000523806 0.00273688 0.000149127 0.0591595 0.17373 0.138535 4.16275e-06 0.154393 9.78393e-05 6.66489e-05 0.0120581 
0.0232844 0.213077 0.227735 0.0107646 0.0181258 0.0307981 3.62435e-07 0.156615 0.145479 0.136094 0.000998614 0.0328239 0.000142684 1.18298e-05 0.00404934 
0.786254 0.00068821 0.00920908 0.00037268 8.10205e-05 0.000350062 6.95953e-08 0.0397114 0.00224465 0.147223 1.05809e-05 0.013096 4.25128e-08 0.000353745 0.000404813 
0.141011 0.0295876 0.0793699 2.87239e-05 0.000233043 0.0202153 0.000509553 0.0229752 0.553553 0.138556 0.000108852 0.0132728 3.54306e-06 6.89875e-10 0.000575598 
0.154883 0.00606166 0.0814241 0.0136257 0.00913703 0.029264 4.80631e-05 0.0443559 0.222693 0.273375 0.00429291 0.116123 0.000980353 0.010217 0.0335188 
0.188057 0.0134547 0.201209 0.00643514 0.00125486 0.00850395 0.000506284 0.185707 0.0989642 0.0746012 0.0138105 0.168782 0.00418813 0.00539629 0.0291305 
0.0433854 0.286854 0.25198 0.0135295 0.0743434 0.0381719 9.13337e-10 0.043158 0.0878878 0.100658 0.00307022 0.0527853 0.000962023 4.46482e-07 0.00321328 
0.080112 0.0021589 0.414126 0.00102411 7.03908e-05 0.00250979 5.33082e-06 0.00316109 0.440696 0.0189433 0.00178681 0.0333516 5.01213e-05 1.47118e-09 0.00200465 
0.00101106 0.96986 0.000251918 0.00389722 1.56702e-06 0.0100189 0.000465202 0.00675308 0.00171239 0.00381832 0.00171275 0.000481751 5.15518e-06 2.28592e-09 1.04467e-05 
0.185995 0.314831 0.00726403 0.000869175 0.00179691 0.024287 0.013043 0.00592958 0.322857 0.0050232 0.0396251 0.00278045 0.00119142 1.79401e-06 0.0745039 
0.0373243 0.0446735 0.124582 0.00245092 7.34249e-05 0.109474 0.00287789 0.00306647 0.259885 0.0230052 0.0258541 0.0269062 0.000524403 1.21694e-11 0.339302 
0.156757 0.607396 0.00152462 1.05523e-07 0.0215825 0.000336841 0.120073 0.022522 0.0433459 0.0208862 4.03332e-06 0.00435136 1.71524e-06 1.73039e-07 0.00121876 
0.153235 0.0163992 0.00839191 0.079744 0.000393204 0.105963 0.000360268 0.499609 0.0971338 0.0303018 0.000863757 0.00621682 0.000292566 2.76391e-08 0.00109592 
0.166437 0.0267987 0.0569665 0.118827 0.0367278 0.0690661 0.000132951 0.0254871 0.0671514 0.0856458 0.000517421 0.34118 3.36951e-05 6.91378e-06 0.00502189 
0.115298 0.0309817 0.20286 0.0914986 0.00303301 0.0783461 6.73644e-05 0.334215 0.0905872 0.0167473 0.00595611 0.0150222 0.00109823 2.43064e-11 0.0142899 
0.0940602 0.0587374 0.127748 0.210244 0.00788787 0.0849451 0.00283455 0.262263 0.046734 0.0572873 0.0106301 0.0171184 0.00252785 0.000244722 0.0167379 
0.00190846 0.0658606 0.00176592 2.82392e-06 2.65621e-09 0.000563321 3.23227e-09 5.26357e-06 9.60738e-07 0.00185858 1.07422e-09 6.38859e-06 1.97445e-09 6.29489e-07 0.928027 
0.00101106 0.96986 0.000251918 0.00389722 1.56702e-06 0.0100189 0.000465202 0.00675308 0.00171239 0.00381832 0.00171275 0.000481751 5.15518e-06 2.28592e-09 1.04467e-05 
0.00991073 0.0165794 0.0115217 0.000418448 0.000170281 0.0165515 0.370597 0.00795041 0.00775353 0.00232945 0.554644 0.00131096 0.000101533 7.78851e-05 8.36452e-05 
0.0489095 0.000423361 0.0152543 0.00181663 0.000190101 0.884648 2.07807e-06 0.0115967 0.00738546 0.019071 0.00114461 0.00918172 0.000112385 3.27884e-13 0.000264599 
0.000506086 0.00055322 6.6033e-05 3.54357e-07 4.50039e-06 1.01677e-06 0.998648 1.62148e-06 7.29694e-05 7.75631e-09 0.00013079 9.22629e-06 1.44692e-10 1.86817e-06 3.85581e-06 
1.14282e-05 0.171417 0.404571 1.14275e-05 0.118784 1.14263e-05 1.14184e-05 0.148585 1.14286e-05 0.0342973 1.1426e-05 0.0377214 1.14229e-05 0.013709 0.0708354 
0.128673 0.18254 0.0495049 0.00358395 1.16685e-07 0.00450346 0.52905 0.017887 0.0675827 0.00543667 0.00313237 0.00688759 0.000105619 0.000201343 0.000910499 
0.16862 0.0251855 0.298195 0.0190817 0.00582029 0.0345799 0.00281503 0.0931866 0.0588495 0.18173 0.00230957 0.0862748 0.00378415 0.015333 0.00423544 
0.153104 0.0267913 0.107847 0.0113603 0.000950474 0.554683 0.00103499 0.0148212 0.043231 0.0261057 0.0488507 0.00970711 0.000358887 1.51631e-12 0.00115495 
0.0535112 0.543483 0.0554953 0.0431093 0.0227299 0.0222953 0.00783555 0.0787666 0.0658256 0.0554879 0.000693985 0.0181836 0.000615512 8.95583e-05 0.0318772 
0.00137055 0.00692912 0.0112018 0.000296468 0.00458293 4.14738e-07 0.00244913 0.00179727 0.95159 0.00622686 4.51945e-07 0.00328333 8.30688e-07 1.81175e-06 0.0102689 
0.00260212 0.00300394 0.00019142 8.26868e-05 5.6257e-05 8.24978e-05 0.000359154 0.00300626 0.986072 0.00355797 1.97271e-05 0.000567749 2.16383e-05 0.000178817 0.000197436 
0.00576292 0.00451715 0.000485899 0.00249602 0.000183517 0.000221665 8.28713e-11 0.0542271 0.0291232 0.00107804 4.29685e-05 0.00950338 5.17511e-06 0.882364 0.00998864 
0.000899835 0.000299662 0.00262687 3.97343e-05 0.984668 0.00510552 6.37615e-08 0.000614388 0.00107491 0.00358754 4.81931e-05 0.000419813 2.89598e-06 7.24148e-12 0.000612906 
