0.121329 0.0096079 0.0601772 0.0017847 0.106027 0.0023353 0.000475759 0.364203 0.180986 0.119787 0.000378594 0.0159388 0.0166595 2.60949e-09 0.000310743 
0.104427 0.00274784 0.424221 2.32928e-06 0.0332449 1.67444e-05 5.65089e-07 0.153424 0.0714732 0.115369 1.51873e-06 0.000403309 0.0914914 1.18384e-08 0.00317694 
0.105371 0.0212887 0.221625 0.0139463 0.0020429 0.0209349 0.000679109 0.0590795 0.195365 0.201883 0.00375912 0.143855 0.00523947 0.000521867 0.004408 
0.308631 0.000769041 0.00125981 0.00392314 3.06003e-05 0.498336 4.38707e-08 0.0040954 0.0446653 0.134276 6.01841e-05 0.00390357 2.47298e-05 1.13468e-11 2.63444e-05 
0.00296043 0.000560294 0.00581429 2.56618e-05 7.28139e-06 0.000838834 8.67361e-05 0.000313761 0.00234333 0.000519233 0.986103 0.000400352 2.46781e-05 1.00015e-08 2.60788e-06 
0.00908761 0.0116028 0.287558 0.0111878 0.000801898 0.000738784 9.92864e-05 0.0156705 0.62717 0.033832 9.27452e-05 0.00160259 0.000237089 5.29158e-08 0.000318823 
0.0107871 0.565306 0.0580062 8.63485e-08 2.89912e-06 0.0196737 9.06582e-08 0.061989 1.32424e-06 0.209666 2.50315e-07 3.74418e-07 0.00252433 7.54426e-11 0.0720422 
0.0506221 0.00187 0.740543 0.000643286 0.00113126 0.0215303 0.0148076 0.000808432 0.143801 0.00138912 0.00133631 0.0214659 2.02937e-05 5.51268e-10 3.20466e-05 
0.0957272 0.0279786 0.0317574 0.0351946 0.000343924 0.00700014 5.89934e-05 0.0381915 0.359876 0.182742 4.18184e-06 0.217994 0.000263461 3.14611e-08 0.00286719 
0.215136 0.0426442 0.0429416 0.037498 0.0020639 0.131262 0.000275116 0.0082064 0.247211 0.251867 0.000134229 0.0149513 0.00172948 4.26153e-06 0.00407525 
0.306281 0.157099 0.126343 7.72357e-05 2.21373e-06 0.00350225 8.49003e-05 0.0701988 0.238947 0.0476721 0.000464319 0.0310394 0.0182844 9.79365e-07 3.06646e-06 
0.00401878 0.00704905 0.0210411 8.15729e-05 1.97363e-05 0.0471406 7.61213e-05 0.00989048 0.0103928 0.00236713 0.895542 0.00208405 0.000250853 1.38612e-05 3.23299e-05 
0.0284665 0.0133141 0.556106 0.000116806 0.00106783 0.000623831 4.37264e-05 0.00189832 0.360042 0.0193392 3.58314e-05 0.015631 0.00280233 9.651e-12 0.000512404 
0.00296043 0.000560294 0.00581429 2.56618e-05 7.28139e-06 0.000838834 8.67361e-05 0.000313761 0.00234333 0.000519233 0.986103 0.000400352 2.46781e-05 1.00015e-08 2.60788e-06 
1.32013e-05 0.000641891 3.4428e-06 0.000309694 9.66234e-07 0.000301532 1.80158e-06 0.000372585 3.38822e-06 3.6888e-09 0.000441957 5.05812e-08 0.997909 3.75343e-12 4.57999e-08 
0.00101106 0.96986 0.000251918 0.00389722 1.56702e-06 0.0100189 0.000465202 0.00675308 0.00171239 0.00381832 0.00171275 0.000481751 5.15518e-06 2.28592e-09 1.04467e-05 
0.0964768 0.18777 0.0186606 0.0735807 0.000143049 0.00194621 2.36902e-06 0.0826429 0.19472 0.339464 7.54374e-05 0.00368591 0.000464744 6.42087e-11 0.000367326 
0.00609101 0.000488006 0.00545591 0.0535807 0.0335147 0.00396233 8.30803e-10 0.887382 0.00409818 0.00450429 5.58832e-06 0.000549312 0.000188794 2.06145e-11 0.000178997 
0.14092 0.00203263 0.0766037 0.000298405 1.47948e-05 0.31075 1.29243e-05 0.00475388 0.21886 0.170438 0.0626925 0.0117589 4.68024e-05 3.36569e-08 0.000817808 
0.00101106 0.96986 0.000251918 0.00389722 1.56702e-06 0.0100189 0.000465202 0.00675308 0.00171239 0.00381832 0.00171275 0.000481751 5.15518e-06 2.28592e-09 1.04467e-05 
0.0779486 0.00132012 0.0115532 0.0463336 2.25405e-05 0.0801977 1.1802e-06 0.04473 0.258424 0.468308 2.6343e-05 0.00995632 8.84305e-05 3.20741e-11 0.00108947 
0.00638477 0.000683408 0.0453554 0.000551007 0.000140731 0.905611 2.14155e-05 0.0171087 0.0106381 0.00577538 0.000336601 0.00718854 3.99358e-06 6.38444e-12 0.000200823 
0.0513232 0.539477 0.0530485 0.0110384 0.010619 0.0305336 0.000973032 0.112584 0.0730562 0.0635474 0.0315131 0.00160244 0.0108429 8.24077e-09 0.00984169 
0.268138 9.08342e-05 0.00855219 0.0146865 2.97374e-07 0.0114517 0.000328774 0.0214137 0.158696 0.502147 3.46289e-07 0.00837305 7.26179e-07 1.17352e-10 0.00612124 
0.0795643 0.0203356 0.0580786 0.020424 0.000833799 0.0292775 0.000152445 0.12423 0.120113 0.438438 0.000138715 0.0261202 0.0768064 8.06704e-05 0.00540642 
0.0242739 0.0324703 0.186938 0.0109623 0.00077892 0.314197 5.90312e-05 0.0324369 0.256511 0.114889 0.00147245 0.0242298 0.000185406 2.00552e-05 0.000576151 
5.62145e-06 0.74682 0.0241493 5.63953e-06 0.000123873 2.3474e-05 1.39332e-05 0.00435876 0.0146565 0.00231934 8.90258e-06 0.00267288 3.53122e-05 2.14373e-07 0.204806 
0.00185761 0.000561156 0.000370763 0.45267 8.72887e-06 0.0772221 2.16063e-07 0.451085 0.00988386 0.00593291 3.67556e-06 1.07412e-05 0.000389189 3.20286e-10 3.79228e-06 
0.0149893 0.0725496 0.272207 0.00763736 0.017267 0.0282891 7.47095e-06 0.0798701 0.0251242 0.141302 0.0019678 0.0161801 0.320718 9.91415e-07 0.00188981 
4.50653e-06 0.424283 0.116771 0.000559899 2.09871e-05 5.12191e-06 0.000139885 0.173567 0.0124452 0.135045 0.000663332 0.0243626 0.110623 3.55593e-06 0.00150646 
0.00101106 0.96986 0.000251918 0.00389722 1.56702e-06 0.0100189 0.000465202 0.00675308 0.00171239 0.00381832 0.00171275 0.000481751 5.15518e-06 2.28592e-09 1.04467e-05 
0.00296043 0.000560294 0.00581429 2.56618e-05 7.28139e-06 0.000838834 8.67361e-05 0.000313761 0.00234333 0.000519233 0.986103 0.000400352 2.46781e-05 1.00015e-08 2.60788e-06 
0.00149134 0.00366575 0.171094 0.00205941 6.25859e-08 3.92703e-08 0.000258335 0.0943512 0.304 0.267575 7.26288e-06 0.153736 3.42924e-08 1.54313e-08 0.00176117 
0.279888 7.11473e-05 0.0357012 0.000632992 1.81182e-05 0.0386453 4.63375e-08 0.113169 0.0201994 0.467793 0.000256712 0.0415964 0.00180605 1.19831e-10 0.000223138 
0.0119702 0.63743 0.016888 0.0018292 0.00624615 0.0426688 1.18153e-06 0.163242 0.0559751 0.0546925 0.000489186 0.00145283 0.00141553 1.72483e-08 0.00569955 
0.0425758 0.204824 0.17118 0.0183411 0.000654783 0.242028 3.6889e-06 0.134977 0.0326334 0.149293 0.000280781 0.00217241 0.000436372 8.33247e-11 0.000598953 
0.00296043 0.000560294 0.00581429 2.56618e-05 7.28139e-06 0.000838834 8.67361e-05 0.000313761 0.00234333 0.000519233 0.986103 0.000400352 2.46781e-05 1.00015e-08 2.60788e-06 
0.507126 0.277299 0.056072 0.000898248 0.000102675 0.00246185 0.000126086 0.0590384 0.0372493 0.0287286 7.45588e-06 0.0160714 0.00886939 7.19256e-06 0.00594208 
0.00296043 0.000560294 0.00581429 2.56618e-05 7.28139e-06 0.000838834 8.67361e-05 0.000313761 0.00234333 0.000519233 0.986103 0.000400352 2.46781e-05 1.00015e-08 2.60788e-06 
0.032147 0.0334237 0.00975119 0.00863741 1.39199e-05 0.0540924 1.2274e-05 0.688554 0.0304622 0.111145 2.42974e-05 0.00337351 0.0188419 2.25337e-07 0.00952157 
0.0145217 0.0107818 0.00262929 0.0144612 0.00177944 0.00497946 3.15756e-08 0.652198 0.0353863 0.21534 3.69374e-06 0.000809626 0.047105 4.63211e-09 4.23365e-06 
0.270839 0.00024253 0.00160237 0.0645252 0.00273317 0.0119167 2.88553e-07 0.0123182 0.0318151 0.0238353 1.76436e-05 0.578524 0.000146475 1.11096e-09 0.00148426 
0.00296043 0.000560294 0.00581429 2.56618e-05 7.28139e-06 0.000838834 8.67361e-05 0.000313761 0.00234333 0.000519233 0.986103 0.000400352 2.46781e-05 1.00015e-08 2.60788e-06 
0.00296043 0.000560294 0.00581429 2.56618e-05 7.28139e-06 0.000838834 8.67361e-05 0.000313761 0.00234333 0.000519233 0.986103 0.000400352 2.46781e-05 1.00015e-08 2.60788e-06 
0.135607 0.132871 0.423048 0.000353175 2.51089e-05 0.00118505 2.89592e-05 0.0121402 0.117509 0.0374613 0.00039618 0.0598873 0.000399649 3.11499e-06 0.0790848 
0.0712234 0.332815 0.119181 7.07292e-05 0.00156017 0.000878867 3.6799e-05 0.0459457 0.167488 0.23978 9.82585e-06 0.0104856 0.00383658 3.77301e-11 0.00668819 
0.00328439 0.00824955 0.0791551 0.174545 0.067717 1.58632e-07 0.000142828 0.131058 0.389058 0.0644338 1.58627e-07 0.0478 0.0185068 1.5847e-07 0.0160494 
0.00296043 0.000560294 0.00581429 2.56618e-05 7.28139e-06 0.000838834 8.67361e-05 0.000313761 0.00234333 0.000519233 0.986103 0.000400352 2.46781e-05 1.00015e-08 2.60788e-06 
0.00348028 0.0412241 0.124213 0.00484687 0.000383581 0.00100617 1.46413e-06 0.164749 0.111806 0.121353 1.61181e-05 0.0054817 0.416411 9.13957e-07 0.00502796 
0.027926 0.0514616 0.27931 0.0124782 0.0129724 0.0147552 0.00183253 0.0384127 0.180049 0.10847 0.000986457 0.261477 0.00307809 0.000927383 0.00586281 
0.00296043 0.000560294 0.00581429 2.56618e-05 7.28139e-06 0.000838834 8.67361e-05 0.000313761 0.00234333 0.000519233 0.986103 0.000400352 2.46781e-05 1.00015e-08 2.60788e-06 
0.100518 0.0454815 0.149145 0.0345082 0.00382188 0.00243483 0.000122723 0.0255706 0.52359 0.0639772 0.000192486 0.0488658 0.000358707 3.33548e-08 0.00141386 
0.0112254 0.671922 0.0325827 0.00410588 0.103131 0.050426 1.11438e-05 0.0603591 0.0300316 0.0180112 0.0006605 0.00798115 0.0050228 4.47439e-06 0.00452492 
0.182772 0.00131917 0.0345161 0.00413621 6.44674e-05 0.000905518 8.37389e-05 0.0136195 0.722784 0.016714 1.51297e-05 0.0172526 0.000333655 4.91924e-09 0.0054839 
0.152804 0.0155479 0.0407136 0.00256635 0.00470969 0.0312553 4.7833e-06 0.0293911 0.23652 0.436581 5.09931e-05 0.0325417 0.00633317 7.28594e-09 0.0109808 
0.0863828 0.00413708 0.0187058 0.00070746 4.34478e-05 0.0341516 3.71655e-06 0.0197805 0.0744679 0.65713 1.84331e-05 0.0861479 0.0182939 4.92153e-08 2.94938e-05 
0.00296043 0.000560294 0.00581429 2.56618e-05 7.28139e-06 0.000838834 8.67361e-05 0.000313761 0.00234333 0.000519233 0.986103 0.000400352 2.46781e-05 1.00015e-08 2.60788e-06 
0.00296043 0.000560294 0.00581429 2.56618e-05 7.28139e-06 0.000838834 8.67361e-05 0.000313761 0.00234333 0.000519233 0.986103 0.000400352 2.46781e-05 1.00015e-08 2.60788e-06 
0.270839 0.00024253 0.00160237 0.0645252 0.00273317 0.0119167 2.88553e-07 0.0123182 0.0318151 0.0238353 1.76436e-05 0.578524 0.000146475 1.11096e-09 0.00148426 
0.328875 0.0103235 0.109 0.00111052 0.31562 0.0355824 0.00197156 0.0222162 0.118699 0.000801397 0.0409313 0.0130526 0.00127911 2.06752e-07 0.000537016 
0.00533438 0.343481 0.00152569 0.0128346 0.000226346 0.200036 6.87429e-05 0.318357 0.05862 0.0565496 0.00143931 0.00108616 0.000364697 3.59064e-11 7.61973e-05 
0.00188549 0.43833 0.115307 0.00220002 0.00373286 0.000695308 5.20934e-05 0.14824 0.0348233 0.171494 0.000129241 0.0244563 0.00266071 2.58775e-07 0.0559936 
0.0798399 0.0629796 0.53227 0.000886193 8.65757e-05 0.0154132 0.0178623 0.0810515 0.0529106 0.0685218 0.0377132 0.0350791 0.0153846 2.37747e-08 1.16225e-06 
0.00296043 0.000560294 0.00581429 2.56618e-05 7.28139e-06 0.000838834 8.67361e-05 0.000313761 0.00234333 0.000519233 0.986103 0.000400352 2.46781e-05 1.00015e-08 2.60788e-06 
0.149088 0.0271929 0.0511139 0.00184442 0.000156621 0.155675 8.05877e-05 0.000838793 0.596869 0.0157278 0.000459266 0.000926816 2.22106e-05 1.0956e-10 4.32673e-06 
0.00296043 0.000560294 0.00581429 2.56618e-05 7.28139e-06 0.000838834 8.67361e-05 0.000313761 0.00234333 0.000519233 0.986103 0.000400352 2.46781e-05 1.00015e-08 2.60788e-06 
0.00296043 0.000560294 0.00581429 2.56618e-05 7.28139e-06 0.000838834 8.67361e-05 0.000313761 0.00234333 0.000519233 0.986103 0.000400352 2.46781e-05 1.00015e-08 2.60788e-06 
0.0365671 0.0213524 0.0567223 0.0269464 0.00287186 0.00673989 0.000483306 0.0485258 0.47826 0.299472 0.00324315 0.0173408 0.00121809 4.78322e-08 0.000256616 
0.0130256 0.000302535 0.477852 0.000231701 0.000148001 0.000902936 9.71016e-06 0.0103259 0.0900158 0.352543 3.55233e-06 0.0434887 0.010774 1.37309e-08 0.000377039 
0.0562053 0.242896 0.505886 6.91704e-05 0.000128288 0.00400645 7.56961e-05 0.0177733 0.0387245 0.0181802 0.000150374 0.0939712 0.00144642 1.38054e-06 0.0204861 
0.246274 0.000890862 0.00186362 0.00492989 3.05762e-05 0.281097 1.21779e-06 0.00315678 0.20656 0.203338 6.96598e-05 0.0516328 0.000135754 9.13567e-12 2.01018e-05 
0.0956224 0.260678 0.0237188 1.8529e-08 0.00147512 0.0210238 3.23549e-05 0.0443539 0.537099 0.000548928 0.00273912 0.0119676 0.00074132 1.03024e-11 1.72959e-07 
0.0337693 0.39919 0.00344474 0.105832 0.000856857 0.0185312 2.68652e-05 0.339599 0.072256 0.00725374 0.00901844 0.00526396 0.00365968 1.83962e-11 0.00129782 
0.00296043 0.000560294 0.00581429 2.56618e-05 7.28139e-06 0.000838834 8.67361e-05 0.000313761 0.00234333 0.000519233 0.986103 0.000400352 2.46781e-05 1.00015e-08 2.60788e-06 
0.307758 0.0377971 0.0728066 0.0124133 0.000659749 0.176989 1.81573e-05 0.0321469 0.245076 0.0572561 3.93797e-05 0.0270613 0.00121409 5.40618e-06 0.0287595 
0.0454243 0.076407 0.53553 0.023632 0.00267488 0.00146895 0.000604455 0.0446502 0.0664525 0.109136 7.87828e-05 0.0490162 0.0277295 8.29226e-06 0.017187 
0.031534 0.011656 0.0116916 0.0750159 0.0106823 0.0593453 0.000248998 0.675084 0.0419093 0.0397875 0.0113841 0.0185903 0.00287038 2.92817e-05 0.010171 
0.051957 0.174255 0.0331519 0.00226954 0.00982252 0.00248031 0.0308855 0.140385 0.0316766 0.0621417 0.440564 0.00851644 0.00832055 1.66845e-05 0.00355617 
0.270839 0.00024253 0.00160237 0.0645252 0.00273317 0.0119167 2.88553e-07 0.0123182 0.0318151 0.0238353 1.76436e-05 0.578524 0.000146475 1.11096e-09 0.00148426 
0.115784 0.0325621 0.0501253 0.0138975 0.000777178 0.690273 0.000939307 0.00575751 0.0214538 0.0154829 0.0464295 0.00602423 0.00015984 8.57282e-13 0.000333551 
0.81988 0.00206606 0.0409256 0.000906218 2.38225e-05 0.00351604 1.06231e-05 0.0237556 0.0086875 0.0912552 5.57425e-05 0.00815724 0.000247121 4.70475e-07 0.000512775 
0.0781877 0.0223916 0.176165 0.0229372 0.00240055 0.0180369 0.000164389 0.0479788 0.301205 0.285367 0.000163322 0.029653 0.00482471 7.54572e-05 0.0104494 
0.00101106 0.96986 0.000251918 0.00389722 1.56702e-06 0.0100189 0.000465202 0.00675308 0.00171239 0.00381832 0.00171275 0.000481751 5.15518e-06 2.28592e-09 1.04467e-05 
0.0202687 0.0117903 0.0496939 0.04207 0.000341958 0.0275097 4.14037e-05 0.803249 0.0167587 0.0206135 0.00149983 0.0038223 0.00191973 1.45679e-07 0.000421111 
0.100157 0.0309067 0.380553 0.019213 0.00106227 0.0246815 4.5479e-05 0.00944757 0.210567 0.0335908 0.0558699 0.106663 0.0004828 8.88948e-08 0.0267599 
0.00138206 0.00107336 0.00939334 2.49152e-05 1.51094e-06 0.00105147 8.02183e-05 0.000101836 0.00274517 0.00019704 0.983432 0.000511896 3.23101e-06 6.25077e-12 2.21124e-06 
0.00296043 0.000560294 0.00581429 2.56618e-05 7.28139e-06 0.000838834 8.67361e-05 0.000313761 0.00234333 0.000519233 0.986103 0.000400352 2.46781e-05 1.00015e-08 2.60788e-06 
0.314423 0.00162218 0.00277431 0.0672677 2.17981e-07 0.276019 1.19028e-05 0.015647 0.0630405 0.257351 3.15543e-05 0.00128435 0.000286312 8.63866e-09 0.000240888 
0.00451795 0.359879 0.0196645 0.0338203 0.00440228 0.0318674 3.0324e-06 0.0345975 0.0123408 0.00947895 0.486484 0.00112128 0.00131921 3.04108e-07 0.000503001 
0.402632 0.00643443 0.0476609 0.0132281 0.000740383 0.114261 0.000457558 0.0432299 0.117546 0.186651 0.0165282 0.0437968 0.00318204 1.41422e-05 0.00363795 
0.00621099 0.16042 0.183902 0.0604244 0.117638 0.00218017 2.33253e-05 0.147271 0.0755328 0.109263 0.000274938 0.127011 0.00394653 5.40324e-09 0.00590341 
0.00296043 0.000560294 0.00581429 2.56618e-05 7.28139e-06 0.000838834 8.67361e-05 0.000313761 0.00234333 0.000519233 0.986103 0.000400352 2.46781e-05 1.00015e-08 2.60788e-06 
0.190865 0.00648855 0.0226059 0.0296231 0.000900033 0.13817 1.67878e-05 0.152259 0.119222 0.333553 0.00322612 0.00280652 0.000257504 4.73738e-09 6.4978e-06 
0.00578088 0.815223 0.0288851 0.0145134 0.000270328 0.0932213 7.53653e-05 0.0168757 0.00186605 0.000729412 0.0175235 0.00491812 5.712e-05 1.55505e-11 6.04614e-05 
0.128326 0.000347467 0.000631105 0.0047845 4.67027e-06 0.0536065 1.28985e-06 0.020991 0.00931461 0.099905 1.00415e-05 0.680391 1.06826e-05 6.90809e-07 0.00167566 
0.0143339 0.272755 0.0749242 0.0120857 0.204997 0.0839519 5.31527e-06 0.0756072 0.169403 0.0848885 0.000822636 0.000677884 0.00246777 4.98786e-11 0.00308041 
0.227309 0.060843 0.00740309 0.00280111 0.000978175 0.0136083 0.000464079 0.0793354 0.162802 0.0199758 1.12511e-05 0.362069 0.00145088 1.55596e-07 0.060949 
0.239852 0.0893355 0.00783189 0.00461438 0.00289442 0.0575597 7.91597e-05 0.307803 0.0493334 0.184891 0.000120213 0.0378868 0.0156538 9.64828e-09 0.00214502 
1.32013e-05 0.000641891 3.4428e-06 0.000309694 9.66234e-07 0.000301532 1.80158e-06 0.000372585 3.38822e-06 3.6888e-09 0.000441957 5.05812e-08 0.997909 3.75343e-12 4.57999e-08 
0.00296043 0.000560294 0.00581429 2.56618e-05 7.28139e-06 0.000838834 8.67361e-05 0.000313761 0.00234333 0.000519233 0.986103 0.000400352 2.46781e-05 1.00015e-08 2.60788e-06 
0.221809 0.356553 0.0136899 0.000368213 1.50927e-05 0.0459312 0.024692 0.00476221 0.105032 0.00521516 0.214106 0.00510345 8.10332e-05 7.47622e-08 0.00264187 
0.00296043 0.000560294 0.00581429 2.56618e-05 7.28139e-06 0.000838834 8.67361e-05 0.000313761 0.00234333 0.000519233 0.986103 0.000400352 2.46781e-05 1.00015e-08 2.60788e-06 
0.030192 0.1323 0.0708788 0.000132557 3.05435e-05 0.155871 0.000279902 0.318147 0.116051 0.0775841 0.00190622 0.0943165 2.10428e-05 1.48297e-10 0.00229027 
0.00512955 0.00491142 0.938852 1.09492e-05 4.5745e-06 0.000253799 1.64788e-05 0.00112083 0.0157739 0.013283 0.00891603 0.00672259 0.00482072 1.31236e-06 0.000182969 
0.52561 0.022658 0.00110486 0.0168301 3.55198e-06 0.0831452 3.19257e-06 0.0423732 0.0482968 0.253262 3.02465e-05 0.00622141 0.000131544 9.21693e-08 0.000329714 
0.0390101 0.0146931 0.00365615 0.0271459 0.000164528 0.062295 3.68994e-08 0.0941842 0.0473303 0.705087 6.27021e-05 0.00560288 0.000767725 6.94071e-10 2.27122e-07 
0.00296043 0.000560294 0.00581429 2.56618e-05 7.28139e-06 0.000838834 8.67361e-05 0.000313761 0.00234333 0.000519233 0.986103 0.000400352 2.46781e-05 1.00015e-08 2.60788e-06 
0.0096763 0.0430793 0.202305 0.000100767 0.000178784 7.9691e-05 9.0057e-05 0.0633489 0.44772 0.126652 2.99551e-08 0.00379299 0.00021349 4.34282e-10 0.102762 
0.00296043 0.000560294 0.00581429 2.56618e-05 7.28139e-06 0.000838834 8.67361e-05 0.000313761 0.00234333 0.000519233 0.986103 0.000400352 2.46781e-05 1.00015e-08 2.60788e-06 
0.0184387 0.381705 0.0706366 0.000581277 0.000908911 0.00357807 0.000222329 0.191371 0.0423898 0.223408 0.00414822 0.0310524 0.0204922 0.000221077 0.0108464 
0.00395855 0.00128356 0.114457 0.0108344 7.36365e-08 0.00402509 7.20959e-06 0.0029002 0.191654 0.230348 1.03114e-06 0.439926 8.67341e-05 3.87057e-09 0.000517801 
0.00296043 0.000560294 0.00581429 2.56618e-05 7.28139e-06 0.000838834 8.67361e-05 0.000313761 0.00234333 0.000519233 0.986103 0.000400352 2.46781e-05 1.00015e-08 2.60788e-06 
0.00101106 0.96986 0.000251918 0.00389722 1.56702e-06 0.0100189 0.000465202 0.00675308 0.00171239 0.00381832 0.00171275 0.000481751 5.15518e-06 2.28592e-09 1.04467e-05 
0.270839 0.00024253 0.00160237 0.0645252 0.00273317 0.0119167 2.88553e-07 0.0123182 0.0318151 0.0238353 1.76436e-05 0.578524 0.000146475 1.11096e-09 0.00148426 
0.00296043 0.000560294 0.00581429 2.56618e-05 7.28139e-06 0.000838834 8.67361e-05 0.000313761 0.00234333 0.000519233 0.986103 0.000400352 2.46781e-05 1.00015e-08 2.60788e-06 
0.271845 0.111045 0.0577734 0.00107581 0.000459602 0.340358 0.000408286 0.0253517 0.117541 0.0611749 0.00851693 0.00334905 9.12248e-05 8.39219e-06 0.00100247 
0.0489095 0.000423361 0.0152543 0.00181663 0.000190101 0.884648 2.07807e-06 0.0115967 0.00738546 0.019071 0.00114461 0.00918172 0.000112385 3.27884e-13 0.000264599 
0.0561888 0.00242683 0.0225626 0.00405726 0.000305815 0.858347 9.21554e-05 0.00923463 0.0106885 0.0142782 0.0150389 0.00624247 0.000122959 1.8931e-12 0.000413394 
0.270839 0.00024253 0.00160237 0.0645252 0.00273317 0.0119167 2.88553e-07 0.0123182 0.0318151 0.0238353 1.76436e-05 0.578524 0.000146475 1.11096e-09 0.00148426 
0.00296043 0.000560294 0.00581429 2.56618e-05 7.28139e-06 0.000838834 8.67361e-05 0.000313761 0.00234333 0.000519233 0.986103 0.000400352 2.46781e-05 1.00015e-08 2.60788e-06 
0.0259408 0.0200832 0.367434 0.00597855 0.00741565 0.0222195 0.000164639 0.0333346 0.282964 0.159629 0.00011969 0.0707496 0.000641145 1.71952e-06 0.00332317 
0.00296043 0.000560294 0.00581429 2.56618e-05 7.28139e-06 0.000838834 8.67361e-05 0.000313761 0.00234333 0.000519233 0.986103 0.000400352 2.46781e-05 1.00015e-08 2.60788e-06 
0.23055 0.00111036 0.00173805 0.00186729 3.88086e-05 0.550375 3.26727e-07 0.0140523 0.038565 0.154002 9.78019e-06 0.00585679 0.00127257 1.04258e-11 0.000561303 
0.00835322 0.0262253 0.0193956 0.0303786 0.000220212 0.0583569 0.000336146 0.00932098 0.00425424 0.00181565 0.840523 0.000709695 9.7615e-05 3.90622e-08 1.26489e-05 
0.02902 0.00393189 4.22803e-06 0.00925058 7.96074e-09 4.8483e-05 6.29819e-06 0.0165908 0.882435 0.0581155 9.52998e-06 0.000256814 0.000131478 1.01275e-11 0.000199252 
0.00362397 0.00409927 0.00248898 0.869981 0.00194929 0.00070399 0.000727176 0.0687824 0.0220486 0.0194518 2.17981e-05 0.00579236 0.000118393 1.62677e-07 0.000210795 
0.00296043 0.000560294 0.00581429 2.56618e-05 7.28139e-06 0.000838834 8.67361e-05 0.000313761 0.00234333 0.000519233 0.986103 0.000400352 2.46781e-05 1.00015e-08 2.60788e-06 
0.0773405 0.185825 0.0168686 0.0461384 0.154032 0.0015475 0.0395388 0.113649 0.3143 0.0103975 0.000306371 0.00126821 0.00636291 2.08548e-05 0.0324034 
0.0465149 0.112023 0.0627959 0.0144642 0.00372808 0.0203737 0.000188724 0.120329 0.130215 0.0859749 0.388555 0.00949212 0.000804561 1.08084e-05 0.00453005 
0.0204452 2.84503e-05 0.0182825 4.95315e-05 5.26516e-05 0.930226 5.04721e-07 0.00444696 0.013327 0.0103073 0.000760776 0.00201414 5.59875e-05 4.08613e-12 3.34308e-06 
0.368148 0.00237271 0.00350237 0.0123484 0.000290825 0.45969 2.50066e-06 0.00359848 0.107143 0.0332451 7.05244e-05 0.00909519 0.000151539 5.49454e-13 0.000341362 
0.00296043 0.000560294 0.00581429 2.56618e-05 7.28139e-06 0.000838834 8.67361e-05 0.000313761 0.00234333 0.000519233 0.986103 0.000400352 2.46781e-05 1.00015e-08 2.60788e-06 
0.0467138 0.164766 0.619092 2.76954e-05 0.000110376 0.0543064 1.50456e-06 0.000655928 0.0186449 0.0610445 0.0215206 0.00650837 0.00633824 1.00028e-10 0.000269435 
0.0545318 0.0141282 0.652762 0.000450411 5.69325e-05 0.0249196 0.000195307 0.0943978 0.0227172 0.118283 0.000337821 0.014925 0.00224071 1.53115e-06 5.27557e-05 
0.124917 0.181966 0.00650066 0.0814328 1.91855e-05 0.185844 2.31027e-07 0.257742 0.0374123 0.108208 1.85733e-05 0.0068778 0.00383826 8.21694e-11 0.00522397 
0.372521 0.00183293 0.0167473 0.0440661 9.12803e-05 0.0141496 2.17143e-07 0.00877738 0.0660826 0.074074 3.34335e-05 0.394544 0.000958071 1.01717e-09 0.006122 
0.181073 0.352604 0.075001 0.00771889 0.0288457 0.096512 0.00156021 0.0735358 0.0691169 0.0603306 0.0110094 0.0273112 0.01282 2.13875e-06 0.0025594 
0.0120114 0.0385787 0.527355 0.0259375 0.00442478 0.00855446 0.00019899 0.0930577 0.115682 0.113425 0.0200097 0.0147205 0.00454073 3.59306e-08 0.0215031 
0.00142288 0.00916865 0.011838 0.0300383 0.898518 0.00729668 1.4787e-05 0.0167014 0.0177343 0.00456221 0.00030085 0.000805352 0.00149266 4.02693e-09 0.000105374 
0.00874395 0.402442 0.0197001 0.00560788 0.00126388 0.11561 1.20162e-06 0.104815 0.0784543 0.00996239 0.228615 0.00443405 0.000270283 2.13423e-07 0.0200796 
0.00196701 0.516928 0.0217292 0.110932 0.012768 0.00175901 3.89542e-05 0.0614755 0.0743877 0.18525 0.000203819 7.27802e-05 0.0119627 1.26602e-09 0.000525823 
0.0199482 0.0739646 0.0535484 0.100253 0.0351311 0.0532237 4.51616e-06 0.281275 0.0705982 0.248584 0.000317501 0.0163309 0.0418148 6.7215e-08 0.00500536 
0.00296043 0.000560294 0.00581429 2.56618e-05 7.28139e-06 0.000838834 8.67361e-05 0.000313761 0.00234333 0.000519233 0.986103 0.000400352 2.46781e-05 1.00015e-08 2.60788e-06 
0.182989 0.00691618 0.00286154 0.0135626 0.000218872 0.638325 4.18199e-06 0.00393658 0.118996 0.0287363 0.000340234 0.00214235 6.98866e-05 3.28305e-12 0.000901548 
0.0547486 0.028348 0.342745 0.0244755 0.000566425 0.0238798 0.000387067 0.0638102 0.326019 0.113433 0.00307575 0.0141659 0.00141465 3.2901e-06 0.00292831 
0.00296043 0.000560294 0.00581429 2.56618e-05 7.28139e-06 0.000838834 8.67361e-05 0.000313761 0.00234333 0.000519233 0.986103 0.000400352 2.46781e-05 1.00015e-08 2.60788e-06 
0.00406268 0.00428514 0.00759938 0.00105346 6.60531e-05 0.00173671 7.15556e-06 0.902834 0.0198116 0.0223254 2.4928e-05 0.00122541 0.000544496 8.94662e-08 0.0344236 
0.350505 0.000836209 0.0106987 0.0079021 0.000458841 0.192779 6.4913e-08 0.00653261 0.0381415 0.313015 2.52939e-06 0.039661 0.00623678 1.25558e-09 0.033231 
0.0668541 0.0141565 0.0478056 0.0115766 0.048988 0.00341565 0.000129872 0.553741 0.0927682 0.115736 0.000308435 0.0106214 0.0273586 1.43204e-06 0.00653835 
0.0425758 0.204824 0.17118 0.0183411 0.000654783 0.242028 3.6889e-06 0.134977 0.0326334 0.149293 0.000280781 0.00217241 0.000436372 8.33247e-11 0.000598953 
0.00296043 0.000560294 0.00581429 2.56618e-05 7.28139e-06 0.000838834 8.67361e-05 0.000313761 0.00234333 0.000519233 0.986103 0.000400352 2.46781e-05 1.00015e-08 2.60788e-06 
0.0167022 0.018356 0.473499 0.0239612 0.0425381 0.00555705 0.000775798 0.288839 0.0139841 0.0728891 0.000518789 0.0101902 0.0275164 4.07886e-06 0.00466855 
1.32013e-05 0.000641891 3.4428e-06 0.000309694 9.66234e-07 0.000301532 1.80158e-06 0.000372585 3.38822e-06 3.6888e-09 0.000441957 5.05812e-08 0.997909 3.75343e-12 4.57999e-08 
0.0113678 0.0198226 0.0865025 0.00060767 9.52589e-06 0.295767 0.000129012 0.0209659 0.043832 0.0103015 0.00132424 0.0227811 0.0010942 2.41729e-11 0.485495 
0.197871 0.5901 0.00266008 0.0103864 0.000390331 0.0844471 4.81571e-07 0.00945912 0.0386325 0.0484451 0.0037951 0.0113114 0.00100343 5.49703e-09 0.0014971 
0.00296043 0.000560294 0.00581429 2.56618e-05 7.28139e-06 0.000838834 8.67361e-05 0.000313761 0.00234333 0.000519233 0.986103 0.000400352 2.46781e-05 1.00015e-08 2.60788e-06 
0.270839 0.00024253 0.00160237 0.0645252 0.00273317 0.0119167 2.88553e-07 0.0123182 0.0318151 0.0238353 1.76436e-05 0.578524 0.000146475 1.11096e-09 0.00148426 
0.215721 0.00285891 0.0116918 0.000710012 3.18721e-08 0.00841881 4.7849e-08 0.0206018 0.00517521 0.720581 1.16491e-07 0.00825643 0.00156017 5.2271e-10 0.00442434 
0.0843875 0.0323496 0.353156 0.000318973 0.00101359 0.263937 3.27788e-05 0.00642295 0.0881513 0.122618 0.0380211 0.00769694 2.37319e-05 3.49806e-09 0.0018699 
0.168138 0.105781 0.0174296 0.0680124 0.135753 0.131589 0.000104014 0.17365 0.0898685 0.0435707 0.00106848 0.0321257 0.0186545 1.24026e-05 0.0142415 
0.00638477 0.000683408 0.0453554 0.000551007 0.000140731 0.905611 2.14155e-05 0.0171087 0.0106381 0.00577538 0.000336601 0.00718854 3.99358e-06 6.38444e-12 0.000200823 
0.189084 0.0318457 0.109079 0.0135105 0.00328896 0.0493361 0.000226052 0.072883 0.435196 0.0567294 0.00441946 0.02685 0.00259918 5.06537e-05 0.00490199 
0.0575717 0.0140391 0.0659814 0.0543559 0.00162815 0.133259 1.36258e-05 0.0731814 0.10843 0.414083 0.0206817 0.0338461 0.0202726 1.05429e-06 0.00265489 
0.0405673 0.0261333 0.126485 0.00372196 0.000127153 0.00268925 6.43251e-05 0.0723502 0.0350559 0.508 7.47047e-06 0.0134401 0.166539 1.39823e-07 0.00481875 
0.0279994 0.0540498 0.0861591 0.0755638 0.484849 0.0157415 0.000110291 0.115065 0.0599647 0.0211237 0.00015689 0.052548 0.0031036 3.02686e-07 0.00356477 
0.0969994 0.0206196 0.167838 0.0102664 6.91688e-05 0.0236929 0.000423917 0.0118719 0.0536679 0.358555 0.00312854 0.249784 2.4266e-05 6.44845e-08 0.00305928 
0.00101106 0.96986 0.000251918 0.00389722 1.56702e-06 0.0100189 0.000465202 0.00675308 0.00171239 0.00381832 0.00171275 0.000481751 5.15518e-06 2.28592e-09 1.04467e-05 
0.182989 0.00691618 0.00286154 0.0135626 0.000218872 0.638325 4.18199e-06 0.00393658 0.118996 0.0287363 0.000340234 0.00214235 6.98866e-05 3.28305e-12 0.000901548 
0.00940758 0.142393 0.154111 0.0221547 0.0018825 0.00774459 2.06714e-05 0.0377117 0.0722262 0.007493 0.524678 0.0195331 0.00016774 5.75108e-07 0.000475584 
0.00101106 0.96986 0.000251918 0.00389722 1.56702e-06 0.0100189 0.000465202 0.00675308 0.00171239 0.00381832 0.00171275 0.000481751 5.15518e-06 2.28592e-09 1.04467e-05 
0.481877 0.0906238 0.0036607 0.0144264 7.68991e-05 0.0536435 1.86067e-05 0.0430803 0.0414434 0.266745 7.01111e-05 0.000701796 0.00138939 7.40818e-10 0.00224313 
0.265142 0.00470255 0.0740429 0.0118473 1.03403e-05 0.000810727 0.000108257 0.0621648 0.298718 0.156382 0.00121154 0.0844523 0.000592983 1.54185e-06 0.0398124 
0.00296043 0.000560294 0.00581429 2.56618e-05 7.28139e-06 0.000838834 8.67361e-05 0.000313761 0.00234333 0.000519233 0.986103 0.000400352 2.46781e-05 1.00015e-08 2.60788e-06 
0.0251037 0.227569 0.130512 0.000205733 3.489e-07 1.979e-07 9.00478e-05 0.0139675 0.315804 0.152816 0.0730554 0.00272839 0.000585498 4.04152e-10 0.0575629 
0.00296043 0.000560294 0.00581429 2.56618e-05 7.28139e-06 0.000838834 8.67361e-05 0.000313761 0.00234333 0.000519233 0.986103 0.000400352 2.46781e-05 1.00015e-08 2.60788e-06 
0.336461 0.0111085 0.00971881 0.000479355 3.56248e-08 0.0100149 7.66567e-07 0.276898 0.0603319 0.286418 1.13068e-05 0.00153405 0.00357893 8.51761e-11 0.00344331 
0.0356001 0.124965 0.0576869 0.0022457 0.000382466 0.0201538 1.63157e-05 0.102932 0.148977 0.495846 3.47698e-07 0.00164825 0.00553372 3.20949e-07 0.00401273 
0.00296043 0.000560294 0.00581429 2.56618e-05 7.28139e-06 0.000838834 8.67361e-05 0.000313761 0.00234333 0.000519233 0.986103 0.000400352 2.46781e-05 1.00015e-08 2.60788e-06 
0.138816 0.0617172 0.116054 0.0095562 0.0608847 0.00904269 0.000660778 0.0738116 0.398852 0.0947511 0.00151139 0.0109934 0.00128297 0.000315017 0.0217509 
0.0375004 0.000872674 0.000184991 0.064342 2.25479e-08 0.0604066 3.27851e-08 0.0889898 0.393519 0.350487 5.69797e-07 0.00132188 0.00236385 4.60063e-13 1.06641e-05 
0.00621403 0.0137618 0.000243722 0.129985 3.74085e-05 0.0562522 4.09417e-09 0.790591 6.76364e-07 8.54958e-07 5.76154e-09 7.67176e-09 0.00252573 1.60383e-12 0.000387402 
0.0852755 0.428876 0.0663661 0.000746966 0.0212378 0.0071228 2.83334e-05 0.19575 0.0707828 0.085148 0.000280379 0.00395041 0.00841704 2.35419e-07 0.0260178 
0.0601894 0.010349 0.125186 0.0310445 0.0702718 0.0096913 0.000614056 0.0433079 0.47272 0.129844 0.00748107 0.0241708 0.00147859 1.61058e-05 0.0136357 
0.00296043 0.000560294 0.00581429 2.56618e-05 7.28139e-06 0.000838834 8.67361e-05 0.000313761 0.00234333 0.000519233 0.986103 0.000400352 2.46781e-05 1.00015e-08 2.60788e-06 
0.0279994 0.0540498 0.0861591 0.0755638 0.484849 0.0157415 0.000110291 0.115065 0.0599647 0.0211237 0.00015689 0.052548 0.0031036 3.02686e-07 0.00356477 
0.207531 0.120403 0.100431 0.00797262 0.00431349 0.0774445 0.00058091 0.0700893 0.194449 0.18619 0.00337584 0.0116317 0.00174662 5.04501e-05 0.0137899 
0.0133101 0.201447 0.397026 0.000584515 7.29137e-05 0.22634 6.03422e-05 0.0197699 0.03162 0.0131594 0.0374865 0.0489513 0.00152011 1.32269e-11 0.00865112 
0.00354463 0.00776496 0.0179805 0.03456 0.868431 0.0134922 1.72473e-07 0.0103097 0.0372064 0.00375544 0.00112032 0.000763849 0.00107043 1.27057e-09 1.65021e-08 
0.105461 0.0206827 0.0436457 0.0235927 0.000210714 0.0301385 1.52359e-06 0.0710484 0.217992 0.387619 8.58777e-06 0.0948319 3.2897e-05 1.25247e-08 0.00473464 
0.066685 0.0666782 0.0666852 0.0666807 0.0666395 0.0666737 0.0666277 0.066688 0.0666871 0.0666877 0.0666719 0.0666794 0.0666538 0.0666059 0.0666562 
0.040147 0.524031 0.0187123 0.00772055 4.26431e-07 0.00392052 0.00139476 0.0418476 0.307543 0.0460885 0.00402223 0.00140822 0.000932807 1.84044e-08 0.00223093 
0.0393014 0.0467548 0.0119644 0.00669283 0.00337683 0.0288521 0.000103901 0.720307 0.0138334 0.122122 0.000101284 0.00497778 0.000635434 3.28972e-07 0.000976498 
0.00296043 0.000560294 0.00581429 2.56618e-05 7.28139e-06 0.000838834 8.67361e-05 0.000313761 0.00234333 0.000519233 0.986103 0.000400352 2.46781e-05 1.00015e-08 2.60788e-06 
0.0655555 0.0199791 0.195504 0.0249363 0.0123484 0.00979671 0.00015293 0.0667163 0.195258 0.339996 0.0100522 0.0448541 0.0112231 2.68498e-05 0.00360018 
0.00101106 0.96986 0.000251918 0.00389722 1.56702e-06 0.0100189 0.000465202 0.00675308 0.00171239 0.00381832 0.00171275 0.000481751 5.15518e-06 2.28592e-09 1.04467e-05 
0.00296043 0.000560294 0.00581429 2.56618e-05 7.28139e-06 0.000838834 8.67361e-05 0.000313761 0.00234333 0.000519233 0.986103 0.000400352 2.46781e-05 1.00015e-08 2.60788e-06 
0.00205158 0.00409982 0.00223346 0.892202 0.00455357 0.00289377 1.70187e-05 0.0702466 0.00677113 0.0144128 5.41381e-05 9.04576e-05 0.000177592 6.37824e-08 0.000196014 
0.055202 0.0352083 0.0418881 0.0112575 0.00497981 0.0108328 0.000108767 0.40953 0.0147215 0.126715 0.003238 0.0196069 0.257481 5.08139e-05 0.00917862 
0.00296043 0.000560294 0.00581429 2.56618e-05 7.28139e-06 0.000838834 8.67361e-05 0.000313761 0.00234333 0.000519233 0.986103 0.000400352 2.46781e-05 1.00015e-08 2.60788e-06 
0.576457 0.00054784 0.0144834 0.0131781 0.000334496 0.0630406 4.06919e-07 0.00521225 0.0486805 0.0689316 6.91959e-06 0.206882 0.000478754 2.32805e-09 0.00176675 
0.0442428 0.161759 0.268209 0.00392941 0.000368844 0.26028 0.00156674 0.0621767 0.0730838 0.0815694 0.0155454 0.0106776 0.0116952 1.18862e-10 0.00489652 
0.215758 0.0192226 0.0539134 0.00574635 0.000480754 0.1492 0.00198093 0.168168 0.0384862 0.178437 0.00289205 0.00691433 0.157047 6.84754e-07 0.00175344 
0.548319 0.00819812 0.0126425 0.0129089 6.55827e-05 0.057616 9.27249e-05 0.0123446 0.209565 0.108939 0.000251621 0.0268104 0.00100042 6.70603e-12 0.0012466 
0.00296043 0.000560294 0.00581429 2.56618e-05 7.28139e-06 0.000838834 8.67361e-05 0.000313761 0.00234333 0.000519233 0.986103 0.000400352 2.46781e-05 1.00015e-08 2.60788e-06 
0.00296043 0.000560294 0.00581429 2.56618e-05 7.28139e-06 0.000838834 8.67361e-05 0.000313761 0.00234333 0.000519233 0.986103 0.000400352 2.46781e-05 1.00015e-08 2.60788e-06 
0.0393272 0.127038 0.0375208 0.0689355 0.00247306 0.0102652 6.24755e-08 0.0345116 0.026254 0.0232155 0.620086 0.00849771 0.00146049 2.39273e-08 0.000415333 
0.0697184 0.139387 0.27448 0.0135885 0.0227929 0.146746 3.10524e-06 0.0675457 0.159735 0.0681042 0.0305628 0.00442364 3.75255e-05 2.74329e-08 0.00287383 
0.240187 0.00756763 0.0225472 0.0115141 1.05113e-05 0.109358 8.54562e-07 0.0459542 0.0816376 0.418469 1.38923e-05 0.047747 0.0111666 7.24906e-09 0.00382656 
0.00296043 0.000560294 0.00581429 2.56618e-05 7.28139e-06 0.000838834 8.67361e-05 0.000313761 0.00234333 0.000519233 0.986103 0.000400352 2.46781e-05 1.00015e-08 2.60788e-06 
0.0120507 0.0930685 0.0262744 0.324948 0.00134254 0.448503 0.00023469 0.0115613 0.00329958 0.000755835 0.0776236 0.000309067 2.02203e-05 1.31591e-10 8.52047e-06 
0.00118473 0.478191 0.0195255 0.0170973 0.00245647 0.00030381 0.000138733 0.0754571 0.190989 0.127866 0.000143027 0.00525119 0.000364857 5.90321e-07 0.0810302 
0.543166 0.00547613 0.0278705 0.00674146 0.00106491 0.22686 4.68084e-05 0.0602863 0.0495349 0.0667147 0.00254026 0.00896721 6.34451e-05 5.54634e-09 0.000667313 
0.558165 0.00066891 0.0250047 2.55098e-06 0.00296882 0.0281319 9.3835e-08 0.00021417 0.0304178 0.27708 4.77143e-06 0.0766617 0.000136045 1.26441e-10 0.000543904 
0.103358 0.0251267 0.530268 0.00927876 0.00481423 0.00548627 0.00475169 0.00671348 0.068459 0.129909 0.0142808 0.0934641 0.00134209 2.89277e-06 0.00274484 
0.00296043 0.000560294 0.00581429 2.56618e-05 7.28139e-06 0.000838834 8.67361e-05 0.000313761 0.00234333 0.000519233 0.986103 0.000400352 2.46781e-05 1.00015e-08 2.60788e-06 
0.00296043 0.000560294 0.00581429 2.56618e-05 7.28139e-06 0.000838834 8.67361e-05 0.000313761 0.00234333 0.000519233 0.986103 0.000400352 2.46781e-05 1.00015e-08 2.60788e-06 
0.0391652 0.232073 0.486759 0.0082141 6.67086e-05 0.00138983 0.0025235 0.0554209 0.0917274 0.0164528 5.32447e-05 0.0387282 0.0156765 1.03498e-05 0.0117387 
0.00101106 0.96986 0.000251918 0.00389722 1.56702e-06 0.0100189 0.000465202 0.00675308 0.00171239 0.00381832 0.00171275 0.000481751 5.15518e-06 2.28592e-09 1.04467e-05 
0.125202 0.0189922 0.0639973 0.00424186 0.000456494 0.088329 0.000842381 0.0347077 0.294425 0.197479 0.00472353 0.0257815 0.00235749 4.49052e-08 0.138465 
0.00296043 0.000560294 0.00581429 2.56618e-05 7.28139e-06 0.000838834 8.67361e-05 0.000313761 0.00234333 0.000519233 0.986103 0.000400352 2.46781e-05 1.00015e-08 2.60788e-06 
0.04493 0.00258476 0.271329 0.00154932 1.22484e-07 0.00693242 1.16191e-05 0.000742387 0.617084 0.0284223 0.0105971 0.0156025 0.000130782 3.54812e-12 8.45192e-05 
0.128916 0.0112729 0.00487195 0.0308601 8.94935e-05 0.00569852 6.65551e-08 0.109098 0.288441 0.404332 1.28393e-05 0.00397578 0.00150878 9.5105e-12 0.0109229 
0.025924 0.375557 0.0289379 0.0289237 0.00377927 0.00211033 3.40488e-06 0.337033 0.0187206 0.122424 3.56697e-05 0.0439217 0.0104495 2.81483e-07 0.00218037 
0.0169195 0.00125909 0.0168557 0.00105586 0.875629 0.00645405 1.09452e-07 0.005611 0.0315907 0.00183444 2.92286e-05 0.0427614 1.41303e-08 4.62991e-10 8.57016e-08 
0.000208884 0.00554227 0.0008123 0.000300159 0.96973 0.00612464 3.49272e-07 0.00204888 0.000141156 3.11661e-05 4.92008e-05 5.34305e-05 0.00233875 3.03142e-07 0.0126185 
0.00296043 0.000560294 0.00581429 2.56618e-05 7.28139e-06 0.000838834 8.67361e-05 0.000313761 0.00234333 0.000519233 0.986103 0.000400352 2.46781e-05 1.00015e-08 2.60788e-06 
0.0603512 0.0126726 0.00351749 0.0279606 0.000651749 0.000885581 3.69124e-07 0.562112 0.0448835 0.0655071 8.97497e-09 0.0320491 0.165716 4.16462e-10 0.023693 
0.236316 6.85427e-05 0.00350955 0.032058 0.000115287 0.0709127 5.83397e-06 0.00703517 0.00573865 0.0164611 4.76493e-05 0.0329947 0.000191472 3.01022e-08 0.594546 
0.0560832 0.0145977 0.0413405 0.0238252 0.00896837 0.00735697 0.000148195 0.747968 0.0545912 0.0259768 0.00361701 0.00585266 0.00106461 7.99581e-06 0.00860125 
0.00296043 0.000560294 0.00581429 2.56618e-05 7.28139e-06 0.000838834 8.67361e-05 0.000313761 0.00234333 0.000519233 0.986103 0.000400352 2.46781e-05 1.00015e-08 2.60788e-06 
0.14092 0.00203263 0.0766037 0.000298405 1.47948e-05 0.31075 1.29243e-05 0.00475388 0.21886 0.170438 0.0626925 0.0117589 4.68024e-05 3.36569e-08 0.000817808 
0.108744 0.00204235 0.00198442 0.021623 0.369099 0.454053 1.73935e-05 0.00220285 0.0227194 0.00607 0.000212887 0.010342 0.000149999 3.68478e-07 0.000739638 
0.271131 0.0841834 0.015036 0.0833027 3.93826e-05 0.006193 9.72178e-05 0.072688 0.25328 0.188728 4.43366e-05 0.0209005 0.00145042 3.62619e-09 0.0029262 
0.00296043 0.000560294 0.00581429 2.56618e-05 7.28139e-06 0.000838834 8.67361e-05 0.000313761 0.00234333 0.000519233 0.986103 0.000400352 2.46781e-05 1.00015e-08 2.60788e-06 
0.00578088 0.815223 0.0288851 0.0145134 0.000270328 0.0932213 7.53653e-05 0.0168757 0.00186605 0.000729412 0.0175235 0.00491812 5.712e-05 1.55505e-11 6.04614e-05 
0.0647322 0.179074 0.522061 0.0142826 0.000790836 0.00505285 0.000148175 0.0849012 0.0371429 0.0111307 0.00179145 0.0261296 0.0111169 0.000126527 0.0415192 
0.00296043 0.000560294 0.00581429 2.56618e-05 7.28139e-06 0.000838834 8.67361e-05 0.000313761 0.00234333 0.000519233 0.986103 0.000400352 2.46781e-05 1.00015e-08 2.60788e-06 
0.0936294 0.0687838 0.356733 0.00992709 4.30474e-05 0.00269109 0.000271648 0.0582849 0.188232 0.148102 0.00379546 0.0596808 0.00309147 1.21089e-05 0.00672195 
0.223761 0.0284156 0.321622 0.0152081 0.00376938 0.196465 0.00176437 0.0581899 0.0645565 0.0193661 0.0548302 0.00853112 0.00019632 3.85203e-08 0.00332485 
0.576457 0.00054784 0.0144834 0.0131781 0.000334496 0.0630406 4.06919e-07 0.00521225 0.0486805 0.0689316 6.91959e-06 0.206882 0.000478754 2.32805e-09 0.00176675 
0.00296043 0.000560294 0.00581429 2.56618e-05 7.28139e-06 0.000838834 8.67361e-05 0.000313761 0.00234333 0.000519233 0.986103 0.000400352 2.46781e-05 1.00015e-08 2.60788e-06 
0.000185689 0.00149734 0.000644431 0.000183725 0.993418 0.00195735 1.35462e-07 0.000384552 0.000555363 0.000536699 5.02559e-05 8.27044e-05 0.000111197 2.71438e-12 0.000392444 
0.147951 0.00124708 0.432249 0.000105457 0.000234232 0.000149465 1.29831e-05 0.00204326 0.250947 0.0778368 2.0969e-05 0.0817234 0.00146879 2.14879e-11 0.00401051 
0.032382 0.00131154 0.21074 0.000978308 2.80164e-08 0.00183312 1.58858e-05 0.00127556 0.534287 0.173881 4.54693e-06 0.0429966 8.63708e-06 7.33798e-09 0.000285991 
0.0414803 0.0317778 0.315583 0.0156194 0.000303181 0.0017271 0.000231519 0.0162575 0.457195 0.0848891 0.011869 0.00462978 0.0154481 7.15259e-05 0.00291791 
