0.0615162 0.00331951 0.00542778 0.000108763 2.24816e-05 0.00109208 3.89607e-05 0.0257885 0.790194 0.110925 1.52759e-05 0.000117244 0.00132611 1.89559e-09 0.000107764 
0.379092 0.00112425 0.0998137 0.00541502 0.00272608 0.00405001 1.32195e-08 0.00469382 0.28227 0.0336454 1.08155e-05 0.166344 0.0104087 6.48108e-12 0.0104056 
0.272956 0.00529392 0.0166744 0.00861176 0.406474 0.0993513 3.21618e-05 0.0179462 0.12979 0.0109484 0.000449038 0.0187891 0.0126154 1.25242e-06 6.69152e-05 
0.215633 0.0036136 0.181287 0.0121294 0.000434558 0.39815 0.000850031 0.00240472 0.0572233 0.0482953 0.0124209 0.067 0.000423192 3.19375e-09 0.00013516 
0.285957 0.00471821 0.00245832 0.0339984 0.000526833 0.512563 7.96056e-06 0.00405024 0.125574 0.0236482 0.000347176 0.0045596 8.69773e-05 8.65177e-10 0.00150429 
0.396081 0.023407 0.0349892 5.30591e-05 5.13514e-08 0.00561715 3.48097e-08 0.0362764 0.306686 0.184397 0.000119872 0.00240332 0.0088871 2.58145e-08 0.00108305 
0.0313035 0.00130211 0.00233722 0.0036896 5.75795e-09 0.0756561 6.81224e-09 0.788996 0.0444386 0.0501511 3.93159e-06 0.000673559 0.00144491 2.67573e-10 3.4935e-06 
0.043026 0.0304093 0.0870527 0.00997531 0.00187894 0.0398356 3.02951e-07 0.180966 0.357376 0.207375 3.03152e-07 0.017858 0.00315222 3.02852e-07 0.0210947 
8.69e-06 7.1694e-05 7.91905e-05 0.000398782 0.999148 1.45885e-05 4.03934e-06 1.66243e-05 4.16338e-05 6.92559e-05 7.94891e-06 4.1141e-05 3.21604e-05 2.06905e-09 6.61837e-05 
0.0171051 0.528327 0.0422524 0.00655629 0.00070891 0.00972049 0.00389985 0.149774 0.0598128 0.150359 0.0002499 0.00234748 0.0113903 3.36277e-05 0.0174642 
0.00206688 0.653342 0.102867 0.000909103 8.77779e-06 4.29353e-05 5.03994e-06 0.113991 0.0103336 0.0757192 0.00125724 0.000178825 0.00206599 8.05713e-10 0.037213 
0.0103282 0.000573004 0.00227928 0.0453458 1.2503e-06 0.0115996 4.29023e-05 0.0568594 0.661878 0.209174 5.42914e-06 0.00114717 0.000698158 6.82251e-09 6.82346e-05 
0.000594889 0.952372 0.00553231 8.14517e-07 5.87724e-05 9.96119e-06 0.000643324 1.79859e-08 0.003956 3.48609e-06 0.0360113 0.000672297 3.61653e-08 6.08322e-11 0.000145278 
0.26396 0.0111056 0.334484 0.00467095 1.66353e-07 0.0355354 0.000869243 0.105493 0.125713 0.0625796 0.00267079 0.0522308 0.000415119 5.28641e-08 0.000271662 
0.110989 0.00813163 0.0109904 0.00264954 0.000179926 0.127316 8.69493e-05 0.0269814 0.0695471 0.0877315 0.535354 0.0188605 0.000420897 1.14141e-05 0.000749692 
0.00296043 0.000560294 0.00581429 2.56618e-05 7.28139e-06 0.000838834 8.67361e-05 0.000313761 0.00234333 0.000519233 0.986103 0.000400352 2.46781e-05 1.00015e-08 2.60788e-06 
0.0865133 0.538542 0.123371 0.00143954 0.00023038 0.00762873 0.00169407 0.0742867 0.0430658 0.103237 0.000535344 0.000726881 0.0157254 0.000108059 0.00289581 
0.216913 0.00128159 0.000898952 0.00367907 6.67596e-06 0.404409 3.32093e-08 0.00786789 0.104249 0.258766 1.36345e-05 0.00167803 0.00022255 3.48137e-12 1.43001e-05 
0.0128023 0.828131 0.0639033 8.84238e-06 8.02527e-06 0.00457573 0.0300608 0.0154163 0.00620092 0.0270333 0.000557196 0.00351067 0.00778941 2.26933e-08 1.92212e-06 
1.32013e-05 0.000641891 3.4428e-06 0.000309694 9.66234e-07 0.000301532 1.80158e-06 0.000372585 3.38822e-06 3.6888e-09 0.000441957 5.05812e-08 0.997909 3.75343e-12 4.57999e-08 
0.204252 0.00345474 0.00731209 0.0571255 0.000130572 0.586049 6.96522e-05 0.0195001 0.0678164 0.0436961 0.00166004 0.00854435 6.93524e-05 7.46387e-10 0.000320084 
0.00296043 0.000560294 0.00581429 2.56618e-05 7.28139e-06 0.000838834 8.67361e-05 0.000313761 0.00234333 0.000519233 0.986103 0.000400352 2.46781e-05 1.00015e-08 2.60788e-06 
0.372557 0.00990547 7.0456e-05 0.000682034 0.000187184 0.00410199 9.00134e-05 0.00129309 0.56478 0.043707 2.31806e-05 0.00167221 0.000152241 1.37181e-08 0.000778142 
0.183007 0.161654 0.0394126 0.00211903 0.000210958 0.00629284 4.65654e-05 0.0219425 0.480164 0.0795467 0.00360523 0.00987124 0.00188112 1.4041e-06 0.0102452 
0.0431386 0.511663 0.00751908 0.0351718 0.000205836 0.00924089 9.80788e-06 0.297017 0.0568935 0.029612 0.00370884 0.0046463 0.000865058 2.77894e-07 0.000308567 
0.00324276 0.0280156 0.172625 0.000864258 0.00255881 0.0823328 0.000200471 0.0609128 0.172722 0.11769 0.253005 0.102682 0.000740879 1.48355e-08 0.00240722 
0.587281 0.0467041 0.0301356 0.0197379 0.00058582 0.0998843 0.000286125 0.0211589 0.116494 0.0293913 0.00184392 0.00821638 0.000568549 3.98465e-06 0.0377082 
0.031666 0.0062738 0.00041489 0.536642 8.69662e-05 0.0506405 2.55912e-07 0.299404 0.00278018 0.0478063 2.42443e-05 0.0202832 0.000122279 6.03993e-11 0.00385468 
0.0011293 0.686402 0.00461344 0.0127388 0.0758697 0.0285252 0.000118925 0.0910852 0.0395254 0.0504688 0.00249365 0.000547594 0.00148937 2.83693e-05 0.0049643 
0.00101106 0.96986 0.000251918 0.00389722 1.56702e-06 0.0100189 0.000465202 0.00675308 0.00171239 0.00381832 0.00171275 0.000481751 5.15518e-06 2.28592e-09 1.04467e-05 
0.15189 0.00206231 0.199002 0.000423554 0.000329519 0.234988 0.00012674 0.00130107 0.309959 0.0569118 0.0107143 0.0321786 0.000106284 2.20269e-09 6.79053e-06 
0.219537 0.297555 0.0103484 0.000553729 9.98458e-05 0.0015033 0.000104346 0.14947 0.12718 0.111713 1.23594e-05 3.13439e-05 0.00781378 5.95186e-08 0.0740773 
0.176658 0.358008 0.0378344 0.00181791 0.000401437 0.0700444 0.000916031 0.111582 0.109022 0.0751671 0.00202643 0.0509422 0.00494073 6.41459e-07 0.000639549 
0.0467543 0.00938565 0.130676 0.00421669 0.000421294 0.687245 0.000472959 0.0102794 0.0229456 0.0213539 0.0575461 0.00813704 0.00010803 1.55617e-11 0.000458319 
0.036209 0.122149 0.0550809 0.018744 0.0145372 0.0103217 0.000393758 0.580546 0.0329526 0.0603632 0.000232315 0.000958559 0.00236193 5.49733e-05 0.0650952 
0.0441165 0.000868858 0.000167659 0.0948118 2.90886e-08 0.0409654 6.12421e-08 0.0811255 0.390962 0.343366 1.24668e-06 0.00222181 0.00137296 4.86717e-13 2.00345e-05 
1.32013e-05 0.000641891 3.4428e-06 0.000309694 9.66234e-07 0.000301532 1.80158e-06 0.000372585 3.38822e-06 3.6888e-09 0.000441957 5.05812e-08 0.997909 3.75343e-12 4.57999e-08 
0.0554052 0.0458682 0.143438 0.000233905 0.000439262 0.345985 0.000213787 0.0413345 0.0705921 0.224432 0.0365094 0.0308567 0.000224652 1.74076e-09 0.00446734 
0.00296043 0.000560294 0.00581429 2.56618e-05 7.28139e-06 0.000838834 8.67361e-05 0.000313761 0.00234333 0.000519233 0.986103 0.000400352 2.46781e-05 1.00015e-08 2.60788e-06 
0.89083 0.0605996 1.14047e-05 1.83114e-05 0.00132556 4.83481e-05 4.39861e-05 1.94687e-05 0.0154633 0.0264271 6.98533e-06 0.000371051 2.36317e-05 2.39895e-06 0.00480864 
0.0177675 0.0881039 0.595734 0.0329378 0.00152988 0.00358524 0.000189818 0.0112309 0.190355 0.0514745 0.000167384 0.00312268 0.000179031 5.15293e-07 0.00362228 
0.00296043 0.000560294 0.00581429 2.56618e-05 7.28139e-06 0.000838834 8.67361e-05 0.000313761 0.00234333 0.000519233 0.986103 0.000400352 2.46781e-05 1.00015e-08 2.60788e-06 
0.00296043 0.000560294 0.00581429 2.56618e-05 7.28139e-06 0.000838834 8.67361e-05 0.000313761 0.00234333 0.000519233 0.986103 0.000400352 2.46781e-05 1.00015e-08 2.60788e-06 
0.168168 0.000881777 0.0372697 0.0449334 0.0163031 0.556946 0.000157017 0.0299831 0.0181369 0.0683816 0.0122855 0.0446082 0.00159355 6.37709e-11 0.000351562 
0.00296043 0.000560294 0.00581429 2.56618e-05 7.28139e-06 0.000838834 8.67361e-05 0.000313761 0.00234333 0.000519233 0.986103 0.000400352 2.46781e-05 1.00015e-08 2.60788e-06 
0.0793715 0.00421053 0.111317 0.0102745 0.00111487 0.00483091 3.62668e-05 0.026269 0.0793463 0.0931097 0.00455234 0.448872 0.00213165 1.33374e-05 0.13455 
0.215733 0.00230418 0.00487627 0.0380866 0.000363505 0.632874 4.80578e-05 0.0130013 0.045213 0.0404316 0.00111153 0.0056974 4.64063e-05 1.04923e-08 0.000213805 
0.0691293 0.00254782 0.0718075 0.00810896 0.0068601 0.0961355 2.43288e-06 0.0636659 0.447454 0.114444 0.0786544 0.0303913 0.000681706 1.79259e-08 0.0101176 
0.000431106 0.00123445 0.00597413 0.00473598 0.979767 0.00314742 4.32883e-06 0.000248717 0.00193745 0.000915668 0.000480473 0.00094277 0.000105673 3.47218e-12 7.46199e-05 
0.166864 2.56798e-08 0.260802 3.79675e-08 8.52206e-05 0.00759467 3.04583e-06 0.00397576 0.0039058 0.521109 1.64644e-07 0.0331732 0.00193485 4.00158e-10 0.000552784 
0.00296043 0.000560294 0.00581429 2.56618e-05 7.28139e-06 0.000838834 8.67361e-05 0.000313761 0.00234333 0.000519233 0.986103 0.000400352 2.46781e-05 1.00015e-08 2.60788e-06 
1.32013e-05 0.000641891 3.4428e-06 0.000309694 9.66234e-07 0.000301532 1.80158e-06 0.000372585 3.38822e-06 3.6888e-09 0.000441957 5.05812e-08 0.997909 3.75343e-12 4.57999e-08 
0.00296043 0.000560294 0.00581429 2.56618e-05 7.28139e-06 0.000838834 8.67361e-05 0.000313761 0.00234333 0.000519233 0.986103 0.000400352 2.46781e-05 1.00015e-08 2.60788e-06 
0.00638477 0.000683408 0.0453554 0.000551007 0.000140731 0.905611 2.14155e-05 0.0171087 0.0106381 0.00577538 0.000336601 0.00718854 3.99358e-06 6.38444e-12 0.000200823 
0.00296043 0.000560294 0.00581429 2.56618e-05 7.28139e-06 0.000838834 8.67361e-05 0.000313761 0.00234333 0.000519233 0.986103 0.000400352 2.46781e-05 1.00015e-08 2.60788e-06 
0.107711 0.0039958 0.128591 0.0116079 0.000344416 0.0150592 0.000285828 0.0358401 0.403455 0.262462 0.00430946 0.0119975 0.0118873 4.12518e-10 0.0024527 
0.0205731 0.0121467 0.0391022 0.0405333 0.00120031 0.00767168 8.27778e-06 0.0597573 0.664382 0.150034 3.57486e-05 0.00254516 0.00105716 1.76241e-08 0.000952494 
0.0398148 0.0150397 0.03444 0.640862 0.00149463 0.052556 0.000184208 0.101017 0.0526133 0.0416395 0.00164125 0.0106014 0.00460275 2.91842e-06 0.00349048 
0.0411441 0.183199 0.0299476 0.0256824 0.00299431 0.0240298 0.00014989 0.103279 0.0843663 0.171122 0.000512843 0.0779864 0.00149547 4.99102e-05 0.254041 
0.0838481 0.00718444 0.206156 0.0110975 8.35746e-05 0.0180499 0.000669568 0.0191171 0.447823 0.0975264 0.017941 0.0872328 0.00207491 2.04343e-09 0.00119533 
0.00296043 0.000560294 0.00581429 2.56618e-05 7.28139e-06 0.000838834 8.67361e-05 0.000313761 0.00234333 0.000519233 0.986103 0.000400352 2.46781e-05 1.00015e-08 2.60788e-06 
0.0941578 0.00515023 0.0484629 0.0363782 0.00238093 0.0602206 6.13531e-09 0.0361955 0.524859 0.15216 0.0331959 0.00592578 0.00048293 4.13505e-09 0.000430844 
0.149558 0.0265045 0.0809345 0.0635715 0.00217886 0.140912 0.000105569 0.021672 0.465602 0.0409727 0.00315335 0.0040322 0.000191518 3.21877e-07 0.000611277 
0.00296043 0.000560294 0.00581429 2.56618e-05 7.28139e-06 0.000838834 8.67361e-05 0.000313761 0.00234333 0.000519233 0.986103 0.000400352 2.46781e-05 1.00015e-08 2.60788e-06 
0.0245049 0.114378 0.162956 3.25538e-05 0.0726704 4.52672e-06 8.3678e-06 0.0530104 0.0435654 0.0219616 4.18556e-05 0.316793 0.000262579 9.21237e-09 0.18981 
4.9633e-07 0.774045 3.90988e-08 0.00558848 5.5694e-08 5.63954e-07 0.00040144 0.174002 0.036162 0.00739455 0.000120206 0.000802169 0.00148354 8.939e-12 3.10918e-08 
0.188795 0.0462025 0.153063 0.0052669 0.00462445 0.302876 0.000389601 0.0344609 0.0908089 0.0910316 0.0354275 0.0279521 0.00325905 2.9359e-07 0.015843 
0.172029 0.0576665 0.102153 0.0178754 0.00644497 0.0368419 0.000462451 0.0744783 0.0671219 0.320298 0.00101259 0.0762873 0.00506194 3.23581e-05 0.0622334 
0.00101106 0.96986 0.000251918 0.00389722 1.56702e-06 0.0100189 0.000465202 0.00675308 0.00171239 0.00381832 0.00171275 0.000481751 5.15518e-06 2.28592e-09 1.04467e-05 
0.00296043 0.000560294 0.00581429 2.56618e-05 7.28139e-06 0.000838834 8.67361e-05 0.000313761 0.00234333 0.000519233 0.986103 0.000400352 2.46781e-05 1.00015e-08 2.60788e-06 
0.100437 0.0606486 0.0195819 1.02997e-06 0.000225495 4.74955e-06 1.34638e-06 0.00866498 0.00910973 0.0340587 1.10461e-06 0.141625 0.000305978 2.19777e-07 0.625335 
0.200937 0.460256 0.0255765 0.00714819 0.0116741 0.0129721 0.00328259 0.0298228 0.123578 0.0929752 0.00104149 0.0108066 0.00452398 1.67883e-05 0.0153887 
0.00296043 0.000560294 0.00581429 2.56618e-05 7.28139e-06 0.000838834 8.67361e-05 0.000313761 0.00234333 0.000519233 0.986103 0.000400352 2.46781e-05 1.00015e-08 2.60788e-06 
0.030192 0.1323 0.0708788 0.000132557 3.05435e-05 0.155871 0.000279902 0.318147 0.116051 0.0775841 0.00190622 0.0943165 2.10428e-05 1.48297e-10 0.00229027 
0.00296043 0.000560294 0.00581429 2.56618e-05 7.28139e-06 0.000838834 8.67361e-05 0.000313761 0.00234333 0.000519233 0.986103 0.000400352 2.46781e-05 1.00015e-08 2.60788e-06 
0.00296043 0.000560294 0.00581429 2.56618e-05 7.28139e-06 0.000838834 8.67361e-05 0.000313761 0.00234333 0.000519233 0.986103 0.000400352 2.46781e-05 1.00015e-08 2.60788e-06 
0.00296043 0.000560294 0.00581429 2.56618e-05 7.28139e-06 0.000838834 8.67361e-05 0.000313761 0.00234333 0.000519233 0.986103 0.000400352 2.46781e-05 1.00015e-08 2.60788e-06 
0.144957 0.303926 0.00934505 0.0235336 0.00740998 0.0609269 0.275363 0.0539731 0.0739786 0.0223874 0.0128061 0.00731333 0.00100109 2.52697e-05 0.00305403 
0.36317 0.0388516 0.216721 0.00132947 2.87015e-05 0.112577 3.52652e-05 0.0140169 0.0678519 0.11186 0.00341023 0.0584198 0.00185298 2.55965e-05 0.00984928 
0.169077 0.0631182 0.0276479 0.0285065 0.00921204 0.0525922 0.000281791 0.277904 0.244811 0.0668469 0.00991012 0.0426227 0.00284208 0.000279388 0.00434735 
0.00296043 0.000560294 0.00581429 2.56618e-05 7.28139e-06 0.000838834 8.67361e-05 0.000313761 0.00234333 0.000519233 0.986103 0.000400352 2.46781e-05 1.00015e-08 2.60788e-06 
0.0460655 0.0152094 0.59668 0.00121715 0.0121928 0.00131771 4.12152e-05 0.0231725 0.229683 0.0143759 0.000429467 0.0584265 0.000862208 1.56774e-07 0.000327239 
0.159945 0.0267472 0.0466593 0.0837175 0.000594012 0.0518324 0.00117269 0.387496 0.135648 0.0910056 0.000852037 0.00624131 0.00284691 9.30326e-08 0.00524216 
0.0128134 0.0131112 0.0148687 0.0957596 0.00692423 0.0215722 1.94319e-07 0.180574 0.43103 0.215116 9.17504e-05 0.000810912 0.00418283 5.35495e-10 0.00314488 
0.00631394 0.0138138 0.361724 0.0116347 6.11976e-05 0.00629178 0.00012664 0.011577 0.108294 0.104935 0.00665395 0.366802 0.000200145 1.35181e-06 0.0015702 
0.000145282 1.36681e-05 0.000112682 6.45078e-05 0.99467 0.00471011 1.15411e-07 5.85704e-05 0.00010944 2.6573e-05 7.2991e-05 1.08043e-05 5.3679e-06 1.33679e-12 3.5503e-09 
0.218452 0.00883022 0.0837522 0.0204316 0.00123858 0.143672 9.92864e-05 0.0493846 0.121802 0.287851 0.000122574 0.058272 0.00286246 1.18489e-05 0.00321775 
0.00296043 0.000560294 0.00581429 2.56618e-05 7.28139e-06 0.000838834 8.67361e-05 0.000313761 0.00234333 0.000519233 0.986103 0.000400352 2.46781e-05 1.00015e-08 2.60788e-06 
0.0962976 0.0224364 0.265553 0.00141847 0.0227536 0.130879 0.0139305 0.0847695 0.193743 0.0667262 0.00995366 0.07046 0.00448747 2.46784e-06 0.0165892 
0.00296043 0.000560294 0.00581429 2.56618e-05 7.28139e-06 0.000838834 8.67361e-05 0.000313761 0.00234333 0.000519233 0.986103 0.000400352 2.46781e-05 1.00015e-08 2.60788e-06 
0.00296043 0.000560294 0.00581429 2.56618e-05 7.28139e-06 0.000838834 8.67361e-05 0.000313761 0.00234333 0.000519233 0.986103 0.000400352 2.46781e-05 1.00015e-08 2.60788e-06 
0.400418 0.0246049 0.129215 0.000529611 0.000115425 0.0769861 0.000912232 0.072496 0.17527 0.0551902 0.00581708 0.0440841 0.000514688 9.6191e-10 0.013847 
0.00296043 0.000560294 0.00581429 2.56618e-05 7.28139e-06 0.000838834 8.67361e-05 0.000313761 0.00234333 0.000519233 0.986103 0.000400352 2.46781e-05 1.00015e-08 2.60788e-06 
0.00296043 0.000560294 0.00581429 2.56618e-05 7.28139e-06 0.000838834 8.67361e-05 0.000313761 0.00234333 0.000519233 0.986103 0.000400352 2.46781e-05 1.00015e-08 2.60788e-06 
0.172807 0.346431 0.0408825 0.00432916 0.000812591 0.0684273 0.000320682 0.0468718 0.190386 0.0823369 0.00860121 0.0215952 0.0154301 3.81437e-06 0.000764349 
0.681623 0.00134964 0.0279913 0.00721423 2.4972e-08 0.00177562 1.40401e-08 0.0308248 0.101924 0.0820506 4.6193e-06 0.0585032 2.83972e-08 4.07572e-09 0.00673837 
0.00296043 0.000560294 0.00581429 2.56618e-05 7.28139e-06 0.000838834 8.67361e-05 0.000313761 0.00234333 0.000519233 0.986103 0.000400352 2.46781e-05 1.00015e-08 2.60788e-06 
0.627408 0.0269175 0.0218235 6.35798e-05 0.000298917 0.026952 0.000136667 0.199854 0.0356846 0.0183679 8.85279e-06 0.000779799 0.03387 1.87134e-08 0.00783521 
0.0184387 0.381705 0.0706366 0.000581277 0.000908911 0.00357807 0.000222329 0.191371 0.0423898 0.223408 0.00414822 0.0310524 0.0204922 0.000221077 0.0108464 
0.0202167 0.111719 0.192059 0.00126678 0.000805798 0.00214432 0.00019615 0.0409034 0.503554 0.0855452 0.00967493 0.0294369 0.000394419 1.69643e-08 0.00208317 
0.197123 0.0442093 0.045506 0.00101131 0.000190744 0.193593 0.000468375 0.044263 0.0843035 0.344528 0.000159807 0.0326281 0.00410818 1.79734e-05 0.00789007 
0.236316 6.85427e-05 0.00350955 0.032058 0.000115287 0.0709127 5.83397e-06 0.00703517 0.00573865 0.0164611 4.76493e-05 0.0329947 0.000191472 3.01022e-08 0.594546 
0.00395855 0.00128356 0.114457 0.0108344 7.36365e-08 0.00402509 7.20959e-06 0.0029002 0.191654 0.230348 1.03114e-06 0.439926 8.67341e-05 3.87057e-09 0.000517801 
0.00296043 0.000560294 0.00581429 2.56618e-05 7.28139e-06 0.000838834 8.67361e-05 0.000313761 0.00234333 0.000519233 0.986103 0.000400352 2.46781e-05 1.00015e-08 2.60788e-06 
0.00417046 0.0587231 0.56809 0.0118749 0.0112131 0.000129085 6.35448e-05 0.0561883 0.0901683 0.153422 0.000136969 0.0132333 0.000696832 1.89213e-11 0.0318902 
0.370104 0.00383809 0.0258285 0.0118086 6.84601e-05 0.0482472 0.000299297 0.0228112 0.11322 0.231773 0.000760595 0.156216 0.0023657 2.46897e-09 0.0126591 
0.135523 0.152545 0.051429 0.0101553 0.000615314 0.00278498 2.88412e-05 0.13619 0.367129 0.128259 0.000172737 0.00317449 0.00616658 2.70288e-10 0.00582661 
0.0419336 0.000820895 0.00385491 0.0240481 0.000317705 0.0288236 3.8883e-07 0.031952 0.671395 0.19538 4.24165e-06 0.000836215 0.000397829 1.53545e-09 0.000235417 
0.0159865 0.00170791 0.107486 0.00925274 0.0496897 0.00101896 0.000520373 0.0340679 0.0329588 0.0600829 0.0707042 0.0717707 0.522263 5.54016e-06 0.0224849 
0.0133101 0.201447 0.397026 0.000584515 7.29137e-05 0.22634 6.03422e-05 0.0197699 0.03162 0.0131594 0.0374865 0.0489513 0.00152011 1.32269e-11 0.00865112 
0.0631966 0.158233 0.137066 0.0044368 0.00216764 0.199761 0.0006936 0.0164951 0.126297 0.0455715 0.0240081 0.213117 0.000790526 0.000226738 0.00793975 
0.00296043 0.000560294 0.00581429 2.56618e-05 7.28139e-06 0.000838834 8.67361e-05 0.000313761 0.00234333 0.000519233 0.986103 0.000400352 2.46781e-05 1.00015e-08 2.60788e-06 
0.0487018 0.0628187 0.341228 0.0055399 0.000405083 0.0421672 5.98979e-06 0.16477 0.0212665 0.189449 3.02777e-05 0.110893 0.000629331 1.15666e-08 0.0120946 
0.00296043 0.000560294 0.00581429 2.56618e-05 7.28139e-06 0.000838834 8.67361e-05 0.000313761 0.00234333 0.000519233 0.986103 0.000400352 2.46781e-05 1.00015e-08 2.60788e-06 
0.0246899 0.00491835 0.0342435 0.000390474 0.00017959 0.24999 0.000381836 0.0047299 0.0103779 0.0106817 0.654846 0.00418952 0.000284628 6.30207e-09 9.59723e-05 
0.0876071 0.233024 0.185554 0.00190152 0.0298767 0.00750032 2.78009e-07 0.0223731 0.200581 0.0164043 0.000853321 0.0119392 0.000204588 5.21148e-10 0.202181 
0.270839 0.00024253 0.00160237 0.0645252 0.00273317 0.0119167 2.88553e-07 0.0123182 0.0318151 0.0238353 1.76436e-05 0.578524 0.000146475 1.11096e-09 0.00148426 
0.0645012 0.000635034 0.0174803 0.00239745 0.000149854 0.85273 3.11616e-06 0.0146428 0.0086125 0.0268858 0.000945871 0.0104506 0.000168572 2.13572e-13 0.000396887 
0.0444369 0.0268015 0.037158 0.00927621 0.256793 0.0643807 0.386408 0.0174147 0.0490674 0.0290285 0.0555623 0.0169907 0.000410633 0.000383049 0.00588805 
0.118497 0.188237 0.151953 0.0240062 3.77699e-05 0.000920239 0.00016528 0.0985 0.223312 0.0850002 0.000163826 0.0804431 0.00115772 4.52395e-06 0.027603 
0.308377 0.011534 0.0472079 0.00511383 8.07905e-05 0.0448599 0.0005667 0.0684878 0.0635439 0.356486 0.00919627 0.00492732 0.0792287 3.63623e-07 0.00038932 
0.00101106 0.96986 0.000251918 0.00389722 1.56702e-06 0.0100189 0.000465202 0.00675308 0.00171239 0.00381832 0.00171275 0.000481751 5.15518e-06 2.28592e-09 1.04467e-05 
0.00578088 0.815223 0.0288851 0.0145134 0.000270328 0.0932213 7.53653e-05 0.0168757 0.00186605 0.000729412 0.0175235 0.00491812 5.712e-05 1.55505e-11 6.04614e-05 
0.0840416 0.0392824 0.0451152 0.00331145 0.00084756 0.0126598 0.000342213 0.112531 0.0319398 0.606867 0.00461453 0.042381 0.00589705 0.000185487 0.00998437 
0.728628 0.00424075 0.020338 0.00022596 0.00061129 0.0734218 7.93604e-05 0.0100763 0.0605797 0.0664786 0.0173272 0.00522337 0.0103058 3.74209e-06 0.00245979 
0.000728767 0.732878 0.00450544 0.0924979 5.17088e-05 0.000200869 6.1552e-05 0.127211 0.027636 0.0130963 0.000102247 0.00090971 2.00635e-05 1.24359e-07 0.000100172 
0.208973 0.203015 0.0315832 0.0246968 1.00367e-06 0.0246846 1.19937e-07 0.0168117 0.319229 0.142912 1.58524e-05 0.0254889 0.00240313 3.6392e-10 0.000186102 
0.00111531 9.87278e-05 0.000124615 6.91317e-05 0.991271 0.00548099 4.97523e-08 0.000268896 7.23686e-05 0.000672753 7.95258e-05 4.50724e-06 0.000739349 4.9787e-09 3.08983e-06 
0.00296043 0.000560294 0.00581429 2.56618e-05 7.28139e-06 0.000838834 8.67361e-05 0.000313761 0.00234333 0.000519233 0.986103 0.000400352 2.46781e-05 1.00015e-08 2.60788e-06 
0.00306529 0.00253518 0.000946098 0.413984 0.000461197 0.00782524 3.8722e-06 0.552128 0.00867261 0.0100594 7.41649e-05 4.82967e-06 0.000229411 6.15096e-09 1.10277e-05 
0.169223 0.00503503 0.175048 0.0152921 0.000577337 0.0816408 0.000235907 0.0370987 0.280345 0.0743889 4.25679e-05 0.0929075 0.00648302 5.89824e-06 0.061676 
0.554775 0.0100008 0.142237 9.76924e-05 0.000341386 0.0555788 2.04526e-05 0.0160323 0.0388047 0.12941 0.00867969 0.0424686 0.000740236 2.89332e-10 0.000813256 
0.000105127 0.965297 0.00420025 0.000415562 0.000360982 0.000219196 0.000421174 0.0229879 0.000176404 0.000427923 0.00295182 0.000575607 0.00090153 5.67738e-09 0.000959243 
0.00561391 0.0246186 0.846905 0.00491671 0.0219795 0.00336449 2.65236e-06 0.00651248 0.0402452 0.0398177 0.000315715 0.00395764 0.000117869 7.99366e-07 0.00163184 
0.270839 0.00024253 0.00160237 0.0645252 0.00273317 0.0119167 2.88553e-07 0.0123182 0.0318151 0.0238353 1.76436e-05 0.578524 0.000146475 1.11096e-09 0.00148426 
0.000431106 0.00123445 0.00597413 0.00473598 0.979767 0.00314742 4.32883e-06 0.000248717 0.00193745 0.000915668 0.000480473 0.00094277 0.000105673 3.47218e-12 7.46199e-05 
0.0213505 0.467929 0.21496 0.00170298 0.00239956 0.00109817 5.39253e-06 0.0258486 0.0507694 0.100267 5.22637e-05 0.0108965 0.00990655 1.37873e-06 0.0928129 
0.0301933 0.584496 0.223676 0.00011094 6.06171e-05 0.00854404 0.0016236 0.0100844 0.016687 0.0321768 0.0841398 0.00741624 0.000775809 1.44303e-06 1.37771e-05 
0.00843366 0.788799 0.00814521 7.892e-05 0.000961162 7.69273e-05 0.0485642 0.0385999 0.0551973 0.0202559 0.0015 0.00249377 0.0110398 2.2821e-06 0.0158516 
0.0207229 0.000844403 0.288358 0.00874562 1.29083e-06 0.00456644 1.04648e-06 0.00971037 0.56033 0.0881453 8.61082e-06 0.0183111 0.000234425 1.69985e-10 2.00861e-05 
0.308631 0.000769041 0.00125981 0.00392314 3.06003e-05 0.498336 4.38707e-08 0.0040954 0.0446653 0.134276 6.01841e-05 0.00390357 2.47298e-05 1.13468e-11 2.63444e-05 
0.00296043 0.000560294 0.00581429 2.56618e-05 7.28139e-06 0.000838834 8.67361e-05 0.000313761 0.00234333 0.000519233 0.986103 0.000400352 2.46781e-05 1.00015e-08 2.60788e-06 
0.0117973 0.104521 0.0103362 2.16447e-05 0.00019679 0.611332 2.80484e-06 0.00747873 0.0461964 0.188747 0.000508406 0.00150741 0.000360506 1.61121e-09 0.0169948 
0.00296043 0.000560294 0.00581429 2.56618e-05 7.28139e-06 0.000838834 8.67361e-05 0.000313761 0.00234333 0.000519233 0.986103 0.000400352 2.46781e-05 1.00015e-08 2.60788e-06 
0.0405623 0.786497 0.0230758 0.00618688 3.74609e-05 0.000223369 0.00439539 0.0169291 0.0788873 0.0191118 0.00562573 0.00104221 0.000523876 7.33233e-08 0.0169014 
0.055472 0.00851333 0.219894 1.51243e-05 0.000169772 0.0257497 0.0495363 0.036393 0.0129248 0.400485 0.000170011 0.158167 0.0083426 4.20225e-09 0.0241673 
0.159867 0.106098 0.0438501 0.00119566 0.000214857 0.192015 0.000105328 0.112251 0.135121 0.159533 0.000821716 0.0872351 9.67686e-05 2.59287e-07 0.00159425 
0.00296043 0.000560294 0.00581429 2.56618e-05 7.28139e-06 0.000838834 8.67361e-05 0.000313761 0.00234333 0.000519233 0.986103 0.000400352 2.46781e-05 1.00015e-08 2.60788e-06 
0.08779 0.000356359 0.006507 0.0370909 3.20099e-08 0.0206401 1.66142e-06 0.0377529 0.0148836 0.737927 3.72586e-08 0.0557563 8.57814e-05 4.80163e-11 0.00120858 
0.0231762 0.133804 0.336168 0.0525383 0.000152827 0.0299749 2.65615e-05 0.0215412 0.222111 0.0968897 0.00027815 0.0817965 0.000310097 1.94328e-07 0.00123236 
0.0424539 0.0211879 0.0772342 0.000137431 1.14303e-07 0.00378515 2.42764e-05 0.0108772 0.419005 0.366209 5.64148e-09 0.0307517 7.31093e-06 4.84371e-11 0.0283272 
0.0417572 0.00279877 0.00213509 0.00653114 4.58532e-10 0.0625927 3.08543e-06 0.0214052 0.435704 0.419268 2.79624e-06 0.00732951 0.000406996 5.26468e-13 6.62412e-05 
0.00296043 0.000560294 0.00581429 2.56618e-05 7.28139e-06 0.000838834 8.67361e-05 0.000313761 0.00234333 0.000519233 0.986103 0.000400352 2.46781e-05 1.00015e-08 2.60788e-06 
0.00296043 0.000560294 0.00581429 2.56618e-05 7.28139e-06 0.000838834 8.67361e-05 0.000313761 0.00234333 0.000519233 0.986103 0.000400352 2.46781e-05 1.00015e-08 2.60788e-06 
0.00296043 0.000560294 0.00581429 2.56618e-05 7.28139e-06 0.000838834 8.67361e-05 0.000313761 0.00234333 0.000519233 0.986103 0.000400352 2.46781e-05 1.00015e-08 2.60788e-06 
0.46133 0.0037499 0.0103972 0.153937 8.18191e-05 0.221815 1.95111e-05 0.0274302 0.0662024 0.0386055 0.0016156 0.0146397 0.000124133 1.8192e-09 5.23302e-05 
0.00451795 0.359879 0.0196645 0.0338203 0.00440228 0.0318674 3.0324e-06 0.0345975 0.0123408 0.00947895 0.486484 0.00112128 0.00131921 3.04108e-07 0.000503001 
0.00791427 0.022451 0.00880542 0.000279826 2.76253e-08 0.0179255 0.000523964 0.00466305 0.0180892 3.09491e-07 0.00320482 0.00359562 0.00177924 8.56174e-11 0.910768 
0.0492154 0.393934 0.13938 0.00574355 0.00534213 0.143535 3.43524e-05 0.0237369 0.0633201 0.0419953 0.0496147 0.021722 0.00475128 1.11731e-06 0.0576752 
0.256521 0.0279542 0.124471 0.13871 0.0133327 0.0433427 0.00295793 0.134487 0.186545 0.0157549 0.00849333 0.0419032 0.00336578 6.24002e-08 0.00216124 
0.147743 3.50815e-05 0.0194565 0.00131028 0.000196605 0.0618802 0.00014397 0.147527 0.0429336 0.532819 0.00163207 0.0424448 0.00173174 3.56527e-08 0.000146116 
0.00296043 0.000560294 0.00581429 2.56618e-05 7.28139e-06 0.000838834 8.67361e-05 0.000313761 0.00234333 0.000519233 0.986103 0.000400352 2.46781e-05 1.00015e-08 2.60788e-06 
0.00296043 0.000560294 0.00581429 2.56618e-05 7.28139e-06 0.000838834 8.67361e-05 0.000313761 0.00234333 0.000519233 0.986103 0.000400352 2.46781e-05 1.00015e-08 2.60788e-06 
0.0121391 0.00202513 0.0052892 0.0398822 0.000459465 0.0101911 2.26586e-06 0.0356396 0.625349 0.264286 3.34969e-06 0.00367107 0.000323133 1.72739e-09 0.000739149 
0.00910636 0.00373546 0.00242338 0.862395 0.00182867 0.00983166 3.47114e-07 0.0740438 0.0207508 0.0142029 7.04034e-05 0.0012258 0.000136818 3.83577e-12 0.000249026 
0.0789756 0.20472 0.01202 0.0230083 0.0174105 0.216296 2.47174e-05 0.0341101 0.0517904 0.0567277 0.269561 0.0290933 0.00209927 6.54283e-07 0.00416319 
0.236742 0.0067471 0.0344262 0.000332433 0.000849613 0.436662 9.67756e-05 0.0225548 0.11843 0.111122 0.0085148 0.0230691 0.000360637 3.86905e-12 9.28435e-05 
0.052972 0.00967323 0.274971 0.0185101 0.000465216 0.0024218 0.000201712 0.0201084 0.191165 0.264763 0.00368268 0.137828 0.00277481 0.00014223 0.0203212 
0.0997279 0.211262 0.0814094 0.0106407 0.0108986 0.00305814 7.38703e-05 0.026822 0.184646 0.32498 0.000763796 0.0234055 0.010578 1.28872e-10 0.0117336 
0.06197 0.0200793 0.199783 0.00910274 0.0124885 0.00512713 3.96203e-09 0.0508696 0.153239 0.408009 0.000275423 0.00758388 0.000340416 6.25972e-11 0.0711321 
0.270839 0.00024253 0.00160237 0.0645252 0.00273317 0.0119167 2.88553e-07 0.0123182 0.0318151 0.0238353 1.76436e-05 0.578524 0.000146475 1.11096e-09 0.00148426 
0.000431106 0.00123445 0.00597413 0.00473598 0.979767 0.00314742 4.32883e-06 0.000248717 0.00193745 0.000915668 0.000480473 0.00094277 0.000105673 3.47218e-12 7.46199e-05 
0.00259684 0.00155787 0.357654 1.04909e-05 4.42314e-05 5.37732e-07 1.85444e-05 0.00116409 0.625251 0.00868067 6.50943e-06 0.00221663 6.63115e-05 7.80284e-09 0.000732212 
0.435773 0.013632 0.045913 0.0142174 0.00067082 0.178686 0.000148852 0.0256296 0.0754496 0.188485 0.000101187 0.0141699 0.00259732 5.96535e-05 0.00446631 
0.00296043 0.000560294 0.00581429 2.56618e-05 7.28139e-06 0.000838834 8.67361e-05 0.000313761 0.00234333 0.000519233 0.986103 0.000400352 2.46781e-05 1.00015e-08 2.60788e-06 
0.0298547 0.352313 0.229367 0.00258405 0.00131728 0.00203074 3.89769e-05 0.0102701 0.0637504 0.08306 0.000171735 0.109063 0.00121408 1.88665e-05 0.114946 
0.0108668 0.163957 0.501701 0.0595733 0.00557582 0.00294994 1.04672e-05 0.0148251 0.225624 0.00489593 0.00144892 0.00806146 6.6752e-05 1.17948e-09 0.000443754 
0.00901683 0.00365906 0.181625 0.00041644 0.00646072 0.150618 6.39688e-06 0.0223066 0.0747133 0.038697 0.000147186 0.0686262 0.00254148 3.44396e-07 0.441165 
0.00296043 0.000560294 0.00581429 2.56618e-05 7.28139e-06 0.000838834 8.67361e-05 0.000313761 0.00234333 0.000519233 0.986103 0.000400352 2.46781e-05 1.00015e-08 2.60788e-06 
0.0122866 0.04439 0.0343155 0.0118141 0.00348509 0.0383515 2.54972e-05 0.0453051 0.455605 0.342497 5.56262e-06 0.0068079 0.00365038 2.46908e-06 0.001459 
0.00101106 0.96986 0.000251918 0.00389722 1.56702e-06 0.0100189 0.000465202 0.00675308 0.00171239 0.00381832 0.00171275 0.000481751 5.15518e-06 2.28592e-09 1.04467e-05 
0.00296043 0.000560294 0.00581429 2.56618e-05 7.28139e-06 0.000838834 8.67361e-05 0.000313761 0.00234333 0.000519233 0.986103 0.000400352 2.46781e-05 1.00015e-08 2.60788e-06 
0.199051 0.126175 0.00953683 0.0160088 0.00135477 0.000650859 0.00153599 0.0231747 0.500586 0.053309 0.0545998 0.00546072 0.00767339 3.23767e-06 0.000880607 
0.270839 0.00024253 0.00160237 0.0645252 0.00273317 0.0119167 2.88553e-07 0.0123182 0.0318151 0.0238353 1.76436e-05 0.578524 0.000146475 1.11096e-09 0.00148426 
0.0218947 0.401618 0.00946105 3.86209e-05 8.72133e-06 0.000661743 0.00201405 0.0177533 0.0106653 0.00547946 2.47417e-05 9.72692e-06 0.0239247 2.41948e-07 0.506446 
1.32013e-05 0.000641891 3.4428e-06 0.000309694 9.66234e-07 0.000301532 1.80158e-06 0.000372585 3.38822e-06 3.6888e-09 0.000441957 5.05812e-08 0.997909 3.75343e-12 4.57999e-08 
0.257232 0.152259 0.0878162 0.0115583 0.00268378 0.0162661 3.93639e-05 0.0834843 0.070715 0.183839 0.00273528 0.0298073 0.0588938 6.81509e-06 0.042664 
0.00296043 0.000560294 0.00581429 2.56618e-05 7.28139e-06 0.000838834 8.67361e-05 0.000313761 0.00234333 0.000519233 0.986103 0.000400352 2.46781e-05 1.00015e-08 2.60788e-06 
0.00296043 0.000560294 0.00581429 2.56618e-05 7.28139e-06 0.000838834 8.67361e-05 0.000313761 0.00234333 0.000519233 0.986103 0.000400352 2.46781e-05 1.00015e-08 2.60788e-06 
0.00296043 0.000560294 0.00581429 2.56618e-05 7.28139e-06 0.000838834 8.67361e-05 0.000313761 0.00234333 0.000519233 0.986103 0.000400352 2.46781e-05 1.00015e-08 2.60788e-06 
0.516334 0.0043988 0.0225618 0.0280245 0.0060499 0.00475613 5.30538e-05 0.0451881 0.0979212 0.0383366 0.00232203 0.213422 0.0002492 3.24671e-08 0.0203829 
0.00178775 0.456004 0.0918005 0.00596212 0.0118261 0.000169194 0.000199883 0.151242 0.0298403 0.215921 1.17632e-05 0.00839334 9.53691e-05 1.06858e-06 0.0267462 
0.104862 0.045611 0.242865 0.0037244 0.00186274 0.00693495 0.000819702 0.0150833 0.252052 0.20268 0.0411188 0.0785165 0.00158935 4.48544e-08 0.00228054 
0.0681938 0.0107511 0.0446977 0.00501004 0.00139424 0.0290584 0.000171857 0.0098848 0.785675 0.0338081 0.00223317 0.00520475 0.00259807 8.45069e-10 0.00131858 
0.157316 0.00329117 0.341573 0.0474516 0.000100332 0.0155699 0.00289308 0.00970355 0.163194 0.185528 0.0062803 0.0643342 0.00115813 1.28262e-05 0.00159368 
0.00296043 0.000560294 0.00581429 2.56618e-05 7.28139e-06 0.000838834 8.67361e-05 0.000313761 0.00234333 0.000519233 0.986103 0.000400352 2.46781e-05 1.00015e-08 2.60788e-06 
0.503029 0.348953 0.032651 8.81674e-05 0.00279925 0.00673654 1.84736e-07 0.00377755 0.00813914 2.08871e-06 0.00245563 0.060331 9.67132e-05 1.80144e-08 0.0309412 
0.453899 0.0322147 0.000193507 6.44331e-05 3.39751e-05 0.000307669 4.21299e-06 0.00309574 0.123827 0.00356303 0.000200937 0.0914804 0.000425956 1.51886e-08 0.290689 
0.00296043 0.000560294 0.00581429 2.56618e-05 7.28139e-06 0.000838834 8.67361e-05 0.000313761 0.00234333 0.000519233 0.986103 0.000400352 2.46781e-05 1.00015e-08 2.60788e-06 
0.00643466 0.00468429 0.00440587 0.000186181 0.00716819 0.0239711 1.24206e-08 0.145194 0.00741363 0.0789978 0.000152489 0.0041119 0.71722 3.34619e-10 5.97672e-05 
0.00296043 0.000560294 0.00581429 2.56618e-05 7.28139e-06 0.000838834 8.67361e-05 0.000313761 0.00234333 0.000519233 0.986103 0.000400352 2.46781e-05 1.00015e-08 2.60788e-06 
0.0751296 0.0177811 0.0144302 0.00176957 7.58065e-05 0.0139389 4.81842e-05 0.0346849 0.523746 0.305908 0.00599905 0.00348749 0.000276315 5.01746e-09 0.00272524 
0.00296043 0.000560294 0.00581429 2.56618e-05 7.28139e-06 0.000838834 8.67361e-05 0.000313761 0.00234333 0.000519233 0.986103 0.000400352 2.46781e-05 1.00015e-08 2.60788e-06 
0.00296043 0.000560294 0.00581429 2.56618e-05 7.28139e-06 0.000838834 8.67361e-05 0.000313761 0.00234333 0.000519233 0.986103 0.000400352 2.46781e-05 1.00015e-08 2.60788e-06 
0.19237 0.00418197 0.000872136 0.0192787 7.81439e-05 0.496998 1.21594e-05 0.0549027 0.0428088 0.13006 4.22203e-05 0.0544851 4.90618e-05 4.01107e-07 0.00385966 
0.655198 0.00092435 0.00225707 0.00178449 0.00170871 0.131325 5.96072e-06 0.00556437 0.0489583 0.0800746 3.00841e-05 0.065845 0.00014131 1.54716e-07 0.00618228 
0.0096763 0.0430793 0.202305 0.000100767 0.000178784 7.9691e-05 9.0057e-05 0.0633489 0.44772 0.126652 2.99551e-08 0.00379299 0.00021349 4.34282e-10 0.102762 
0.0667834 0.346031 0.140147 0.0370508 0.0123042 0.00733312 0.00893101 0.0532717 0.181235 0.083467 0.000673121 0.0243443 0.00122133 0.000370912 0.0368358 
0.00296043 0.000560294 0.00581429 2.56618e-05 7.28139e-06 0.000838834 8.67361e-05 0.000313761 0.00234333 0.000519233 0.986103 0.000400352 2.46781e-05 1.00015e-08 2.60788e-06 
0.000337449 0.597389 0.0179289 1.1761e-06 9.52157e-05 0.00385249 4.18357e-07 0.00161174 0.00970439 0.0181822 0.341496 0.00279728 0.00192203 8.78629e-09 0.00468216 
0.223793 0.00139232 0.00207312 0.00215878 5.82108e-05 0.637532 6.04584e-07 0.0158116 0.0382974 0.0756798 1.82406e-05 0.00249761 0.000216594 3.88799e-12 0.00047044 
0.00296043 0.000560294 0.00581429 2.56618e-05 7.28139e-06 0.000838834 8.67361e-05 0.000313761 0.00234333 0.000519233 0.986103 0.000400352 2.46781e-05 1.00015e-08 2.60788e-06 
0.00296043 0.000560294 0.00581429 2.56618e-05 7.28139e-06 0.000838834 8.67361e-05 0.000313761 0.00234333 0.000519233 0.986103 0.000400352 2.46781e-05 1.00015e-08 2.60788e-06 
0.00354463 0.00776496 0.0179805 0.03456 0.868431 0.0134922 1.72473e-07 0.0103097 0.0372064 0.00375544 0.00112032 0.000763849 0.00107043 1.27057e-09 1.65021e-08 
0.453899 0.0322147 0.000193507 6.44331e-05 3.39751e-05 0.000307669 4.21299e-06 0.00309574 0.123827 0.00356303 0.000200937 0.0914804 0.000425956 1.51886e-08 0.290689 
0.130231 0.339341 0.0343784 0.000386029 0.0244829 0.00540874 0.106512 0.16492 0.0525861 0.0691356 0.0109603 0.0124492 0.0133342 1.43181e-09 0.0358746 
0.5102 0.0134164 0.0450982 0.00644812 0.0347099 0.11163 0.000361346 0.012994 0.207282 0.0377767 0.000121962 0.00644223 0.0018952 1.30852e-09 0.0116237 
0.368834 0.00831979 0.0422917 0.000498119 5.24155e-05 0.00217434 0.00204362 0.12697 0.0165228 0.386728 4.65218e-06 0.026152 0.018936 4.21328e-08 0.000473523 
0.0977739 0.188095 0.00952369 7.18459e-05 0.000177796 0.00197144 3.75037e-05 0.011636 0.471783 0.204207 3.89205e-05 0.00975556 0.000347597 2.19331e-06 0.00457884 
0.0100799 0.185963 0.37754 4.64461e-07 0.00631324 4.64412e-07 0.000325329 0.0588078 0.0447323 0.112319 0.00176518 0.00227628 0.0130465 4.6394e-07 0.18683 
0.0423475 0.0127489 0.00597493 0.0494718 0.000156605 0.0822935 3.12891e-07 0.515058 0.0625703 0.22615 8.43027e-06 0.0010717 0.00191756 4.40084e-09 0.000230489 
0.00296043 0.000560294 0.00581429 2.56618e-05 7.28139e-06 0.000838834 8.67361e-05 0.000313761 0.00234333 0.000519233 0.986103 0.000400352 2.46781e-05 1.00015e-08 2.60788e-06 
0.271131 0.0841834 0.015036 0.0833027 3.93826e-05 0.006193 9.72178e-05 0.072688 0.25328 0.188728 4.43366e-05 0.0209005 0.00145042 3.62619e-09 0.0029262 
2.11194e-05 0.999126 1.6637e-06 9.50805e-05 2.36984e-06 2.39969e-05 8.5366e-06 3.70381e-05 5.32416e-05 8.06579e-05 7.29654e-06 5.68791e-06 7.25505e-06 3.80364e-10 0.000530517 
0.280908 0.00578267 0.00139809 0.0290829 0.00126992 0.562223 1.20953e-05 0.00230747 0.102016 0.0125669 0.000159149 0.00157207 2.89484e-05 1.38613e-09 0.000671865 
0.0132269 0.132066 0.33989 3.89017e-05 3.86595e-05 0.00550089 6.46423e-06 0.00152186 0.0984184 0.00281461 0.398877 0.00166263 0.00333898 3.55612e-08 0.00259922 
0.00296043 0.000560294 0.00581429 2.56618e-05 7.28139e-06 0.000838834 8.67361e-05 0.000313761 0.00234333 0.000519233 0.986103 0.000400352 2.46781e-05 1.00015e-08 2.60788e-06 
0.0794604 0.0167855 0.0217076 0.0482953 0.00015086 0.019527 1.42236e-06 0.572613 0.0138462 0.133615 1.35984e-06 0.00392639 0.0814338 1.33768e-07 0.00863646 
0.00296043 0.000560294 0.00581429 2.56618e-05 7.28139e-06 0.000838834 8.67361e-05 0.000313761 0.00234333 0.000519233 0.986103 0.000400352 2.46781e-05 1.00015e-08 2.60788e-06 
0.161005 0.495359 0.0749341 1.70482e-05 2.57915e-07 0.00151207 2.65731e-05 0.00872112 0.0228159 0.00337019 0.000169615 0.0217527 0.00155544 1.5998e-08 0.208761 
0.156631 0.0190746 0.011797 0.0469577 0.0221997 0.0165298 2.75132e-05 0.121018 0.343398 0.0346972 0.000873019 0.164008 0.0532311 1.38667e-06 0.00955611 
0.00101106 0.96986 0.000251918 0.00389722 1.56702e-06 0.0100189 0.000465202 0.00675308 0.00171239 0.00381832 0.00171275 0.000481751 5.15518e-06 2.28592e-09 1.04467e-05 
0.0181102 0.0445824 0.00531009 0.75853 0.000518891 0.00243905 5.3962e-05 0.126738 0.0203401 0.0158264 0.000186583 0.00018195 0.00524888 1.31792e-06 0.0019316 
0.082262 0.00319246 0.00932285 0.24344 0.0149029 0.0541449 0.000897635 0.411658 0.0178859 0.0958665 6.91717e-06 0.00696919 0.00261591 1.03537e-10 0.0568346 
0.304074 0.0152789 0.00715933 0.00568544 0.000370278 0.405282 3.10048e-05 0.0124116 0.115793 0.122393 0.00031237 0.00964009 5.46341e-05 1.5577e-06 0.00151267 
0.0245603 0.0826497 0.330974 0.00233504 0.0969082 0.0147519 0.000330106 0.0260642 0.31197 0.0337005 0.03939 0.0328296 0.00145369 5.47635e-11 0.00208272 
0.00101106 0.96986 0.000251918 0.00389722 1.56702e-06 0.0100189 0.000465202 0.00675308 0.00171239 0.00381832 0.00171275 0.000481751 5.15518e-06 2.28592e-09 1.04467e-05 
0.168957 0.00055169 0.035445 0.00175952 0.000207422 0.031797 1.15854e-06 0.0901241 0.364281 0.195464 4.81777e-06 0.104794 0.00102465 3.31279e-09 0.00558854 
0.00101106 0.96986 0.000251918 0.00389722 1.56702e-06 0.0100189 0.000465202 0.00675308 0.00171239 0.00381832 0.00171275 0.000481751 5.15518e-06 2.28592e-09 1.04467e-05 
0.00483231 0.0517656 0.00819792 0.00491883 0.796054 0.00357953 3.95765e-06 0.0697091 0.00640476 0.0208759 0.000426732 0.0212697 0.00804207 6.2215e-09 0.00391954 
0.00296043 0.000560294 0.00581429 2.56618e-05 7.28139e-06 0.000838834 8.67361e-05 0.000313761 0.00234333 0.000519233 0.986103 0.000400352 2.46781e-05 1.00015e-08 2.60788e-06 
0.0410813 0.00931315 0.100379 0.113798 0.000277863 0.0128984 3.71919e-05 0.342152 0.0527063 0.177861 1.29237e-05 0.143901 0.000892116 1.12755e-05 0.00467913 
0.0349545 0.0792766 0.140556 0.0327462 0.00267172 4.15987e-07 2.47066e-05 0.245768 0.0139781 0.232774 6.88926e-05 0.112331 0.0556616 1.56309e-09 0.0491888 
0.475854 0.0123741 0.0344149 0.0046528 1.62138e-08 0.0609201 8.57625e-06 0.029191 0.0825001 0.271791 0.000182753 0.024125 0.000825772 4.83685e-11 0.00316033 
