0.0191588 0.193996 0.0267152 0.0202663 0.116253 0.00321522 9.96281e-05 0.193494 0.0189459 0.372873 4.75217e-05 0.0132449 0.016939 9.66034e-08 0.00475161 
0.0433983 0.11728 0.262503 0.0602129 0.00347882 0.104246 0.00314439 0.162107 0.116166 0.0538124 0.0648431 0.00428799 0.00193621 4.12675e-07 0.00258305 
0.00225953 0.975007 0.00133058 0.000356142 0.000884073 0.00264833 0.000484131 0.00188375 0.00688445 0.00340865 0.000244692 0.00116989 0.00109046 4.47889e-08 0.00234806 
0.108281 0.0720843 0.178535 0.0256919 0.011354 0.00597502 2.44078e-05 0.152309 0.158233 0.171218 0.000495233 0.0957048 0.0107926 0.000317934 0.00898448 
0.186624 0.000815879 0.0831638 0.00204734 2.51224e-05 0.025522 0.0246701 0.00732217 0.0475191 0.277055 5.26658e-05 0.342112 0.00301533 1.1472e-05 4.35663e-05 
0.00972894 0.0774857 0.0109148 0.000640475 0.000750181 0.00798214 3.95017e-06 0.0910114 0.00189984 0.787445 5.49082e-06 0.00337133 0.00667211 3.20806e-06 0.00208547 
0.0175381 0.00714181 0.783463 3.10647e-07 5.85515e-07 7.5785e-05 3.25742e-07 0.00189374 0.17662 1.66124e-06 5.90879e-06 0.0131861 4.97726e-07 5.25376e-09 7.21132e-05 
0.000708635 0.00587843 0.0611241 0.00436707 0.000992859 0.0494897 2.81078e-09 0.201288 0.336939 0.271427 3.97314e-13 0.047377 0.0200734 5.13759e-09 0.000334921 
0.0300109 0.00573841 0.532777 0.00418286 0.0108723 0.00148932 1.72439e-05 0.00636897 0.346157 0.0309328 0.00108406 0.0230563 0.00323056 2.48224e-07 0.00408189 
0.200667 0.00706853 0.061698 0.00251719 0.0009613 0.145438 4.50799e-05 0.0252704 0.105837 0.139552 0.000112045 0.270987 0.00163281 0.000350955 0.0378621 
0.0215595 0.467152 0.0656671 0.00845531 0.00916797 0.00172257 0.000220079 0.0947301 0.15262 0.081277 0.000281202 0.0155963 0.00302379 2.4451e-07 0.0785276 
0.00296043 0.000560294 0.00581429 2.56618e-05 7.28139e-06 0.000838834 8.67361e-05 0.000313761 0.00234333 0.000519233 0.986103 0.000400352 2.46781e-05 1.00015e-08 2.60788e-06 
0.0344979 0.0165862 0.608434 0.00036639 0.000538744 0.00251782 0.000144453 0.00941082 0.191355 0.056009 4.38826e-06 0.0539662 0.00885108 1.41516e-07 0.0173172 
0.0279095 0.299457 0.242072 0.000122576 0.000179834 0.00720232 5.81416e-07 0.0118792 0.0648837 0.0298028 0.287146 0.0264692 0.000854987 2.24445e-06 0.0020169 
0.210282 0.00641879 0.0971571 0.00536935 0.000544813 0.0210574 7.52022e-06 0.0467631 0.199677 0.268056 1.23441e-05 0.132631 0.0011361 1.36739e-05 0.0108738 
0.319876 0.00871025 0.0542614 0.0138885 0.000939008 0.0217864 0.00016852 0.336242 0.0911129 0.0944713 1.86018e-05 0.0276825 0.0264201 1.67141e-10 0.0044222 
0.0544857 0.00342922 0.193655 0.0241111 0.001629 0.0271826 3.3234e-05 0.0204381 0.126748 0.349095 0.0018483 0.169358 0.00410791 2.54052e-08 0.0238791 
0.012175 0.0017448 0.0116618 0.00707587 0.000860867 0.0937105 2.62757e-09 0.0892548 0.0520031 0.0550871 2.92334e-06 0.0102492 0.665714 1.98536e-08 0.000460231 
0.254983 0.326556 0.0259069 6.07482e-07 0.0278423 3.4011e-06 3.87463e-05 7.56825e-05 0.0676571 0.000467378 9.19159e-07 0.155328 1.47404e-05 2.32533e-06 0.141123 
0.102939 0.0110441 0.0571461 0.000140882 0.00375974 0.00615688 0.000234558 0.00618969 0.0561561 0.0454008 0.000146708 0.210447 0.00158528 2.39896e-07 0.498653 
0.0495892 0.10485 0.10185 0.0203665 0.00304747 0.112381 0.000750653 0.0854437 0.347674 0.0611015 0.00748515 0.0145526 0.000677409 5.84532e-06 0.0902239 
0.113508 2.04264e-05 0.0444367 0.00479299 8.43778e-05 0.0845737 0.000100689 0.00403687 0.0388465 0.614272 3.04729e-06 0.0949394 0.000377595 4.04607e-11 7.96923e-06 
0.121714 0.302294 0.29002 4.13304e-08 4.06669e-10 0.0292328 4.94864e-10 6.38024e-05 0.00226265 0.232132 9.3176e-07 0.0214286 0.000849124 6.59306e-10 1.67391e-06 
0.00807281 0.08794 0.09514 0.0419905 0.00238006 0.00847343 1.90509e-08 0.0237227 0.197878 0.0193623 0.511332 0.00072332 0.00117339 2.38865e-09 0.00181129 
0.030192 0.1323 0.0708788 0.000132557 3.05435e-05 0.155871 0.000279902 0.318147 0.116051 0.0775841 0.00190622 0.0943165 2.10428e-05 1.48297e-10 0.00229027 
0.0444432 0.00667819 0.176618 0.00435612 0.001337 0.0110239 0.00101187 0.0122674 0.524192 0.123487 0.0549732 0.0390449 0.000371011 1.45706e-08 0.000195594 
9.88127e-06 0.481237 0.0955494 0.00130817 0.000144207 0.0663469 2.19005e-08 0.263629 0.0300985 0.0481296 0.00020583 0.011284 0.000218099 5.47202e-08 0.00183901 
0.140631 0.234434 0.192298 0.057032 0.0377355 0.010643 0.00139288 0.0234854 0.235497 0.0277745 0.0122316 0.00823027 5.96529e-05 5.9575e-06 0.0185494 
0.0781449 0.00770547 0.00030518 9.61502e-05 0.00106918 0.0441249 2.85951e-06 0.0190191 0.79237 0.0466925 3.00409e-05 0.000266516 0.00858643 5.21053e-12 0.00158647 
0.297233 0.00147786 0.00831673 0.00505063 1.16614e-05 0.394569 2.14723e-08 0.0234975 0.0612102 0.192616 3.58928e-05 0.0144603 0.00150449 1.56696e-11 1.74539e-05 
0.00870315 0.00203654 0.00256708 0.00225573 0.000140764 0.00333361 1.09263e-09 0.95162 0.00874512 0.0178371 5.30691e-05 0.00141759 0.00116399 7.33625e-09 0.000126103 
0.0359062 0.55247 0.185765 0.00895176 0.0077615 0.00128793 0.000263858 0.0225671 0.0996837 0.0149807 0.0202924 0.0399663 0.00090965 3.61716e-07 0.00919356 
0.212743 0.00403878 0.0192257 0.00717912 0.00354373 0.0149331 7.98303e-05 0.199214 0.0318682 0.0727417 0.000618154 0.43265 0.000269647 9.56401e-07 0.000893912 
0.00296043 0.000560294 0.00581429 2.56618e-05 7.28139e-06 0.000838834 8.67361e-05 0.000313761 0.00234333 0.000519233 0.986103 0.000400352 2.46781e-05 1.00015e-08 2.60788e-06 
0.0398504 0.141223 0.0352175 0.046034 0.342536 0.0098978 1.92387e-07 0.0386859 0.162203 0.167592 0.00071123 0.00618635 0.000299782 1.01196e-06 0.00956197 
0.0208575 0.0250609 0.377475 0.000434515 1.0639e-05 8.2549e-05 2.41916e-05 0.00241148 0.490196 0.00844911 2.98026e-05 0.0430384 0.000165324 6.92935e-09 0.0317641 
0.0110119 0.0370616 0.440345 0.0123031 0.00207214 0.0128407 0.0132809 0.112068 0.105913 0.0937364 0.000257267 0.135698 0.00280574 0.001454 0.0191531 
0.0113678 0.0198226 0.0865025 0.00060767 9.52589e-06 0.295767 0.000129012 0.0209659 0.043832 0.0103015 0.00132424 0.0227811 0.0010942 2.41729e-11 0.485495 
0.166139 0.0255312 0.0492537 0.000575324 0.000104027 0.565974 3.79115e-05 0.0209014 0.0344113 0.104856 0.000496922 0.0309604 0.000464644 1.14965e-07 0.000294526 
0.00185894 0.00422502 0.000457088 0.53831 7.10218e-06 0.0117883 7.67444e-07 0.432348 0.000818964 0.00974935 3.1333e-05 1.20548e-05 0.000393026 5.52722e-12 1.6329e-08 
0.159746 0.0379734 0.180976 0.00522231 5.43124e-05 0.0101327 1.17653e-05 0.0275969 0.403938 0.159007 0.00406256 0.00855809 0.000797496 4.9356e-12 0.00192338 
0.00354603 0.735535 0.000954991 0.0395179 0.00266114 0.00501057 2.21809e-06 0.0477575 0.0996314 0.0595752 7.73428e-05 0.00292056 0.00211115 0.000282479 0.000416414 
0.0165074 0.553522 0.0207458 0.0012065 0.000160185 0.00818813 0.000199075 0.126503 0.0539508 0.109784 0.000170893 0.0282658 0.0195891 6.11931e-05 0.0611451 
0.00296043 0.000560294 0.00581429 2.56618e-05 7.28139e-06 0.000838834 8.67361e-05 0.000313761 0.00234333 0.000519233 0.986103 0.000400352 2.46781e-05 1.00015e-08 2.60788e-06 
0.0507445 0.00157537 0.431203 0.0226827 0.00278551 0.0149297 6.91767e-05 0.0431429 0.302957 0.0411515 0.0769745 0.0116453 5.4697e-05 9.01525e-12 8.37201e-05 
0.23055 0.00111036 0.00173805 0.00186729 3.88086e-05 0.550375 3.26727e-07 0.0140523 0.038565 0.154002 9.78019e-06 0.00585679 0.00127257 1.04258e-11 0.000561303 
0.332587 0.00214264 0.0188198 0.0139286 0.000251893 0.057128 3.39635e-05 0.0157604 0.119682 0.0342467 0.0030181 0.393679 5.07626e-05 9.8893e-10 0.00867116 
0.121714 0.302294 0.29002 4.13304e-08 4.06669e-10 0.0292328 4.94864e-10 6.38024e-05 0.00226265 0.232132 9.3176e-07 0.0214286 0.000849124 6.59306e-10 1.67391e-06 
0.00101106 0.96986 0.000251918 0.00389722 1.56702e-06 0.0100189 0.000465202 0.00675308 0.00171239 0.00381832 0.00171275 0.000481751 5.15518e-06 2.28592e-09 1.04467e-05 
0.0845896 0.309866 0.0190249 0.042019 0.000144232 0.00532928 0.000342045 0.114257 0.159308 0.114196 2.75452e-05 0.149653 0.000312585 3.78736e-05 0.000893267 
0.136409 0.0155015 0.172017 0.0150445 0.00657012 0.0218529 0.000476208 0.473357 0.0495742 0.0429497 0.00156396 0.048634 0.000838532 0.000395021 0.0148161 
0.00354571 0.0165733 0.000155416 0.00793624 0.000133653 0.0291985 5.75777e-09 0.755113 0.0146816 0.172366 1.73221e-10 4.06999e-07 8.98839e-08 6.94406e-10 0.000296103 
0.134085 0.00030874 0.00023658 2.31607e-05 4.90906e-05 0.29761 2.95209e-09 4.25256e-05 0.387146 0.179442 2.39747e-09 0.000935938 0.000120988 2.18382e-12 7.78334e-09 
0.0683315 0.680185 0.0624223 0.00147446 0.00117649 0.00825718 0.00025035 0.0500355 0.035356 0.0534641 0.00589498 0.0224013 0.00304343 0.000135402 0.00757215 
0.0308608 4.23858e-05 0.000854158 6.95782e-06 5.67827e-05 0.0320115 5.38326e-10 0.00584532 0.258963 0.66704 1.34105e-06 0.00414943 0.000168076 2.41395e-12 1.03645e-12 
0.00513385 0.045518 0.105404 0.0327215 0.683105 0.00304528 1.16901e-05 0.0165096 0.0261789 0.0781124 0.00120856 0.00163855 0.000706209 3.64141e-09 0.000706756 
0.223793 0.00139232 0.00207312 0.00215878 5.82108e-05 0.637532 6.04584e-07 0.0158116 0.0382974 0.0756798 1.82406e-05 0.00249761 0.000216594 3.88799e-12 0.00047044 
0.193813 0.0416422 0.0284633 0.000587481 0.00555672 0.00230286 5.42536e-06 0.082257 0.557341 0.0139006 3.51008e-06 0.0515651 0.00290538 4.77436e-07 0.0196557 
0.00296043 0.000560294 0.00581429 2.56618e-05 7.28139e-06 0.000838834 8.67361e-05 0.000313761 0.00234333 0.000519233 0.986103 0.000400352 2.46781e-05 1.00015e-08 2.60788e-06 
0.000431106 0.00123445 0.00597413 0.00473598 0.979767 0.00314742 4.32883e-06 0.000248717 0.00193745 0.000915668 0.000480473 0.00094277 0.000105673 3.47218e-12 7.46199e-05 
0.192954 0.00216204 0.29909 0.00272878 0.00156856 0.00910967 0.000538813 0.04894 0.354197 0.0542088 1.74022e-05 0.0304733 0.00308318 1.1082e-09 0.000929137 
0.411731 0.00626193 0.00169687 0.0146877 0.00216704 0.344413 8.58868e-06 0.00259446 0.154502 0.017026 0.000108697 0.0423293 2.45253e-05 1.29199e-09 0.00244967 
0.217869 0.0941751 0.00310087 0.00134963 0.000371098 0.363705 0.000159963 0.0200907 0.0623825 0.22779 0.00069309 0.00365805 0.00323594 1.55637e-08 0.00141908 
0.0222285 0.0119274 0.0958993 0.000912725 0.00297209 0.00324833 0.0428565 0.396432 0.0495037 0.113981 0.00121488 0.227066 0.0197901 2.86241e-06 0.011964 
0.525229 0.00228402 0.227384 4.37601e-11 4.81674e-05 0.000243515 2.20997e-10 0.00121232 0.00703753 0.0520353 1.45243e-05 0.183818 5.29902e-06 6.33931e-07 0.000688016 
0.121766 0.000145218 5.44403e-05 0.0408168 3.09603e-07 0.64031 1.37586e-06 0.031236 0.0136442 0.149416 1.13936e-05 0.00235794 8.0656e-05 1.32414e-12 0.000159002 
0.00979121 0.248254 8.08391e-05 0.0169707 7.98135e-05 0.0334287 2.14272e-05 0.0691637 0.0698499 0.549435 2.82237e-07 0.000908584 0.00155738 6.81383e-09 0.000459186 
0.0283331 0.078065 0.00267728 0.000766092 0.000264759 0.00309544 1.31278e-06 0.112089 0.0195309 0.729012 7.4585e-06 0.00067806 0.0252049 6.6429e-05 0.000208247 
0.012175 0.0017448 0.0116618 0.00707587 0.000860867 0.0937105 2.62757e-09 0.0892548 0.0520031 0.0550871 2.92334e-06 0.0102492 0.665714 1.98536e-08 0.000460231 
0.00296043 0.000560294 0.00581429 2.56618e-05 7.28139e-06 0.000838834 8.67361e-05 0.000313761 0.00234333 0.000519233 0.986103 0.000400352 2.46781e-05 1.00015e-08 2.60788e-06 
0.00296043 0.000560294 0.00581429 2.56618e-05 7.28139e-06 0.000838834 8.67361e-05 0.000313761 0.00234333 0.000519233 0.986103 0.000400352 2.46781e-05 1.00015e-08 2.60788e-06 
0.0312979 0.00187661 0.0313945 0.0219219 7.45123e-05 0.00873279 6.32784e-07 0.0699245 0.243511 0.568228 7.41526e-06 0.021146 0.000717375 2.31309e-08 0.00116654 
0.0557747 0.534188 0.101195 0.0145682 0.00175583 0.0149666 0.000405117 0.0705261 0.133928 0.0409556 0.00705087 0.0151973 0.00113638 1.43694e-06 0.00835063 
0.012306 0.0864841 0.109959 0.00173629 0.00026593 0.000313105 6.10282e-06 0.242659 0.0103045 0.390865 0.0246073 0.0339103 0.023976 2.71817e-05 0.0625805 
2.08172e-08 0.00161851 0.0434152 0.00424297 0.887285 0.024551 2.51967e-09 0.0043773 0.0183031 0.00482869 0.000302252 0.0109621 0.000113999 2.98796e-12 1.2829e-12 
0.138083 0.0555702 0.0515212 0.0642045 0.000352789 0.0426403 3.50388e-05 0.210989 0.201378 0.206932 0.008958 0.00918313 0.00234686 0.000151741 0.00765512 
0.160032 0.0511664 0.1985 0.0025384 0.000235326 0.44552 7.38903e-05 0.0457564 0.0121266 0.0387707 0.0106706 0.0345768 3.04417e-05 1.14808e-07 2.39108e-06 
0.0609501 0.0468388 0.0340299 0.000513054 0.000208747 0.036977 3.45529e-08 0.0216651 0.0109443 0.168504 0.253716 0.314048 0.00812494 4.65544e-06 0.0434756 
0.240783 0.217047 0.0694443 0.00360881 2.72408e-06 0.000550959 0.139704 0.0253741 0.158411 0.0790755 0.000405878 0.0630941 3.14082e-06 0.00018416 0.0023111 
0.000430062 0.000893977 8.27707e-05 1.73907e-05 3.81072e-06 1.93251e-06 0.998311 2.60644e-05 7.62775e-05 4.92557e-06 0.000133024 1.07555e-05 1.44576e-10 1.58661e-06 6.51105e-06 
0.124136 0.000105246 0.0618276 0.00869422 8.89104e-07 0.00243958 2.47923e-09 0.00191709 0.0906697 0.597675 0.000123518 0.109595 0.00281238 6.00766e-12 3.44238e-06 
0.29547 0.00799509 0.0110259 0.000288962 0.00173227 0.0154812 3.53314e-05 0.0118625 0.145916 0.107178 4.13085e-05 0.388122 0.000544988 5.92714e-05 0.0142478 
0.00296043 0.000560294 0.00581429 2.56618e-05 7.28139e-06 0.000838834 8.67361e-05 0.000313761 0.00234333 0.000519233 0.986103 0.000400352 2.46781e-05 1.00015e-08 2.60788e-06 
0.017476 0.209657 0.0114319 0.00241874 0.000153638 0.0178109 4.30561e-07 0.425097 0.0509219 0.141136 0.0983541 0.00134248 0.0237553 0.000199424 0.000246143 
0.00947359 0.00278587 0.211048 0.106357 0.00031148 0.00219581 0.000420295 0.0216204 0.245488 0.0875512 0.213282 0.0977157 0.00105281 1.17099e-05 0.000685543 
0.453899 0.0322147 0.000193507 6.44331e-05 3.39751e-05 0.000307669 4.21299e-06 0.00309574 0.123827 0.00356303 0.000200937 0.0914804 0.000425956 1.51886e-08 0.290689 
0.00101106 0.96986 0.000251918 0.00389722 1.56702e-06 0.0100189 0.000465202 0.00675308 0.00171239 0.00381832 0.00171275 0.000481751 5.15518e-06 2.28592e-09 1.04467e-05 
0.0442926 0.107258 0.00648265 0.0272783 0.00218024 0.0134391 0.000261201 0.0240094 0.213882 0.545648 0.000183739 0.00688094 0.00373309 1.7788e-07 0.00447066 
0.132608 0.072684 0.210887 0.000827753 0.00026527 0.0132258 0.000339787 0.023332 0.117682 0.0773251 0.000929658 0.310871 0.000488941 5.9247e-05 0.0384743 
0.473483 0.00149836 0.00770189 0.0126327 0.000116534 0.213646 1.3085e-06 0.0283119 0.0457317 0.194226 5.72501e-05 0.0188637 0.000398937 9.59859e-06 0.00332195 
0.0185824 0.0107236 0.00877957 0.46537 2.7522e-05 0.0309022 5.28993e-09 0.408172 0.041632 0.0118706 0.000422148 0.00153169 0.000156613 1.74083e-08 0.00182984 
0.107405 0.00538136 0.0330842 0.0111018 0.0261093 0.0495165 1.60512e-06 0.0461816 0.0793259 0.587923 5.67809e-05 0.0440066 0.00576398 6.41909e-06 0.0041355 
0.00296043 0.000560294 0.00581429 2.56618e-05 7.28139e-06 0.000838834 8.67361e-05 0.000313761 0.00234333 0.000519233 0.986103 0.000400352 2.46781e-05 1.00015e-08 2.60788e-06 
0.666819 1.4462e-06 2.37555e-07 1.40763e-06 1.12628e-06 6.53013e-11 6.21146e-07 2.06755e-06 0.117643 0.215526 6.41147e-08 3.12019e-06 1.9751e-06 2.85264e-10 1.2248e-10 
5.99787e-06 1.50512e-05 0.121083 4.19591e-06 6.0884e-10 1.85631e-06 2.88854e-06 4.31227e-06 0.753934 0.118459 1.98988e-07 0.0064885 1.03653e-06 9.87073e-10 2.18383e-07 
0.051793 0.027346 0.0253804 0.00100819 0.000220389 0.00431622 8.4854e-07 0.109456 0.21689 0.506583 2.12032e-05 0.0516542 0.0038772 3.2375e-08 0.00145333 
0.0369766 0.0125981 0.395867 0.00342381 0.0012689 0.0214303 0.000766198 0.00550643 0.491407 0.0135714 0.00496652 0.0120572 7.69304e-05 4.31001e-09 8.28026e-05 
0.0650067 0.305086 0.235931 0.00750295 0.00482648 0.107034 0.010667 0.0646713 0.0935534 0.0718261 0.00273812 0.0108041 0.0052172 0.000256633 0.0148787 
0.000331435 0.940237 0.011745 1.38683e-08 9.27746e-07 0.000759354 1.91551e-07 0.00363086 0.0160478 0.0264814 0.000333759 0.00042676 1.45287e-06 8.00785e-10 3.89288e-06 
0.00648053 0.149161 0.0698418 0.0338983 0.000422029 0.00277473 3.30875e-07 0.53772 0.0931409 0.0640977 6.51876e-05 0.0140804 0.0215766 2.14051e-06 0.0067383 
0.000132608 0.992254 0.000100865 0.00232453 1.49279e-05 0.00346358 5.3657e-05 0.000232553 0.000334289 0.000506425 0.00021995 3.5725e-05 4.55877e-05 8.11462e-08 0.000280756 
0.0447878 0.0332044 0.0803101 0.0371271 0.633004 0.00507636 0.00190025 0.0802404 0.0165942 0.00836809 3.43773e-05 0.0537428 0.000412185 0.000261026 0.00493734 
0.0652441 0.0184914 0.0153629 0.0233919 0.00159338 0.0286394 0.000151209 0.712823 0.0920189 0.0135773 0.000484578 0.0187199 0.00523203 0.000875418 0.00339436 
2.94591e-10 0.545153 0.100689 0.0136744 0.000783007 1.38658e-06 2.93186e-06 0.226377 0.00236356 0.0984135 0.000343022 2.24695e-05 0.00741808 2.96001e-09 0.0047588 
0.0550179 0.596494 0.0653138 8.4507e-07 0.000579392 0.0198609 0.000339086 0.0866157 0.0801965 0.0845772 6.97501e-08 0.00544166 1.19952e-10 2.61618e-10 0.00556281 
0.270839 0.00024253 0.00160237 0.0645252 0.00273317 0.0119167 2.88553e-07 0.0123182 0.0318151 0.0238353 1.76436e-05 0.578524 0.000146475 1.11096e-09 0.00148426 
0.000431106 0.00123445 0.00597413 0.00473598 0.979767 0.00314742 4.32883e-06 0.000248717 0.00193745 0.000915668 0.000480473 0.00094277 0.000105673 3.47218e-12 7.46199e-05 
0.119153 0.00246578 0.0380814 0.0282163 0.000119777 0.0139378 1.57379e-06 0.0598977 0.22006 0.512344 7.08291e-06 0.00329565 1.29247e-05 4.30803e-10 0.00240689 
0.1706 0.0129222 0.0329912 0.0921764 0.000255561 0.360631 0.000515231 0.168518 0.0607492 0.0737513 0.0145847 0.00819306 0.000978897 9.31194e-11 0.00313383 
0.356889 0.00648044 0.00719906 2.08706e-05 0.000314731 0.247731 7.1423e-08 0.0834165 0.0193695 0.167477 0.00187668 0.0386624 9.59643e-07 2.06817e-11 0.0705624 
0.00296043 0.000560294 0.00581429 2.56618e-05 7.28139e-06 0.000838834 8.67361e-05 0.000313761 0.00234333 0.000519233 0.986103 0.000400352 2.46781e-05 1.00015e-08 2.60788e-06 
0.495013 0.0133195 0.0217855 0.00228562 0.0474351 0.12686 1.79837e-05 0.00400601 0.238348 0.0261736 0.000121821 0.00812007 0.000240276 1.75692e-09 0.0162731 
0.471813 0.00701513 0.0068644 0.0152797 0.00704163 0.30521 4.26923e-05 0.0064048 0.115906 0.0276965 8.24788e-05 0.0286668 6.81263e-05 9.82242e-13 0.0079091 
0.028302 0.0131638 0.647506 0.000384013 0.001766 0.0492809 0.000162605 0.0249269 0.127358 0.0860373 0.00972251 0.00104135 0.000919515 2.00022e-05 0.00940871 
0.00870322 0.00391951 0.00112358 0.133368 3.52493e-09 0.456744 4.16345e-07 0.354474 0.0150099 0.0246668 2.10087e-05 0.000901931 0.000996012 2.30114e-07 7.20079e-05 
0.00116165 0.0407147 0.0188593 0.0180039 0.0144154 0.0814133 4.99182e-08 0.81469 0.00661783 0.00202346 4.33115e-05 0.000147895 0.00123063 7.80644e-06 0.000671083 
0.00296043 0.000560294 0.00581429 2.56618e-05 7.28139e-06 0.000838834 8.67361e-05 0.000313761 0.00234333 0.000519233 0.986103 0.000400352 2.46781e-05 1.00015e-08 2.60788e-06 
0.0253249 0.205084 0.0105765 0.0411425 0.000410187 0.0393445 0.000385862 0.546006 0.0167129 0.0989524 0.000370969 0.0155542 3.52941e-05 2.35949e-07 9.94906e-05 
0.00140695 0.000232909 0.00138848 0.949252 6.7318e-07 3.99989e-05 1.19883e-07 0.036568 0.00109971 0.00685004 6.71499e-13 8.60489e-05 0.00212114 2.6919e-12 0.000954234 
0.405318 0.0129025 0.0482039 0.000586757 0.00151577 0.0847178 1.92982e-05 0.00175281 0.388286 0.0266738 0.000113126 0.0181075 3.01597e-05 6.0839e-08 0.0117732 
0.0632265 0.509378 0.0474196 0.0110122 0.00133368 0.0231315 4.75826e-05 0.0850242 0.107543 0.0479806 0.000530431 0.0215816 0.0666318 0.000493194 0.0146653 
0.140122 0.0109518 0.0461638 0.00950588 0.0421965 0.00476129 0.000241633 0.0284023 0.158165 0.0345775 0.00012236 0.386152 0.000251158 2.51659e-06 0.138385 
0.0654775 0.00404764 0.00272775 0.0975958 0.000999478 0.0898515 1.86723e-08 0.612103 0.0206274 0.0664395 8.63094e-06 0.0391576 0.000519282 2.73734e-08 0.000444474 
0.124492 0.0275429 0.084347 0.00790923 7.99676e-05 0.00185212 2.19125e-06 0.0219867 0.0435283 0.0126757 4.60443e-05 0.66418 8.18454e-06 1.78788e-05 0.0113317 
0.00296043 0.000560294 0.00581429 2.56618e-05 7.28139e-06 0.000838834 8.67361e-05 0.000313761 0.00234333 0.000519233 0.986103 0.000400352 2.46781e-05 1.00015e-08 2.60788e-06 
0.00296043 0.000560294 0.00581429 2.56618e-05 7.28139e-06 0.000838834 8.67361e-05 0.000313761 0.00234333 0.000519233 0.986103 0.000400352 2.46781e-05 1.00015e-08 2.60788e-06 
0.167788 0.170346 0.0228051 0.0900606 0.00777477 0.213453 3.24054e-06 0.0378301 0.118465 0.168259 0.00321387 3.64608e-07 5.87403e-07 4.27034e-11 1.9987e-07 
0.0589228 0.334602 0.188609 0.00522401 2.20534e-05 0.0257047 1.42182e-06 0.122131 0.102896 0.0634298 0.000112993 0.00115752 0.00792631 3.0177e-06 0.0892572 
0.00535371 0.00398096 0.0842138 0.0193267 7.67742e-05 0.00892874 2.80097e-06 0.0759782 0.593633 0.18579 2.64321e-05 0.00113218 0.0211864 3.14506e-07 0.000369859 
0.16919 0.293866 0.0817655 0.0006527 7.8638e-05 0.0198828 0.00426133 0.00223631 0.0905807 0.0904822 0.21901 0.0260886 0.00151072 1.68334e-05 0.000377982 
0.0394418 0.433547 0.180159 0.00541592 0.00217497 0.0221228 7.79512e-07 0.140299 0.0546624 0.0539448 0.0029707 0.0220331 0.0186805 2.61686e-05 0.0245207 
0.000430062 0.000893977 8.27707e-05 1.73907e-05 3.81072e-06 1.93251e-06 0.998311 2.60644e-05 7.62775e-05 4.92557e-06 0.000133024 1.07555e-05 1.44576e-10 1.58661e-06 6.51105e-06 
0.746005 0.024521 0.0367003 0.00174188 0.000200703 0.00101941 1.21345e-06 0.0477401 0.0457285 0.0601423 2.93364e-06 0.034346 0.000323698 6.40446e-06 0.00152059 
0.270839 0.00024253 0.00160237 0.0645252 0.00273317 0.0119167 2.88553e-07 0.0123182 0.0318151 0.0238353 1.76436e-05 0.578524 0.000146475 1.11096e-09 0.00148426 
0.372521 0.00183293 0.0167473 0.0440661 9.12803e-05 0.0141496 2.17143e-07 0.00877738 0.0660826 0.074074 3.34335e-05 0.394544 0.000958071 1.01717e-09 0.006122 
0.00296043 0.000560294 0.00581429 2.56618e-05 7.28139e-06 0.000838834 8.67361e-05 0.000313761 0.00234333 0.000519233 0.986103 0.000400352 2.46781e-05 1.00015e-08 2.60788e-06 
0.15543 0.000714024 0.000423002 0.0344041 2.07447e-07 0.486485 9.1868e-07 0.0740517 0.0109824 0.231152 7.598e-06 0.00450881 5.378e-05 2.7788e-12 0.0017859 
0.200238 0.0131229 0.0133716 0.0120806 0.00610964 0.00242982 0.00091226 0.0223509 0.436401 0.12265 0.000126493 0.160646 0.00129777 1.3273e-05 0.00825053 
0.00296043 0.000560294 0.00581429 2.56618e-05 7.28139e-06 0.000838834 8.67361e-05 0.000313761 0.00234333 0.000519233 0.986103 0.000400352 2.46781e-05 1.00015e-08 2.60788e-06 
0.0697436 0.000554689 0.0518059 0.00118763 0.00148555 0.00406012 4.5028e-05 0.0302605 0.486071 0.333499 2.09628e-07 0.0199468 0.000300872 3.07565e-07 0.0010383 
0.444186 0.00295361 0.0148546 4.83149e-06 0.000176185 3.29403e-06 1.87835e-10 0.518446 9.40327e-07 7.27447e-06 4.5821e-06 1.3016e-05 3.72916e-06 2.50252e-10 0.0193461 
0.0203384 0.335013 0.0973723 0.00882059 0.00046254 0.176839 4.47493e-05 0.0403249 0.0797949 0.020969 0.21612 0.00336431 0.00040976 3.83659e-08 0.000126599 
0.0236879 0.236468 0.0203351 0.0271165 0.000381272 0.0223284 1.23677e-05 0.154482 0.404168 0.104118 0.000188178 0.00293732 0.00166955 4.31336e-09 0.0021067 
0.0136252 0.231452 0.0233607 9.26396e-05 0.00256113 4.22954e-06 2.95237e-09 0.00611061 0.0207432 0.000543441 3.58052e-07 0.000217029 0.00313904 1.13692e-06 0.698149 
0.306253 0.251569 0.160787 2.30153e-05 9.41632e-06 0.0123554 5.89929e-07 0.0182324 0.0466969 0.136317 0.00380954 0.0542973 0.000405333 5.23567e-07 0.00924384 
0.13198 0.105589 0.0393928 0.0410051 0.0184266 0.0225576 0.000410144 0.0718627 0.415944 0.123824 0.00345543 0.0198935 0.00136366 1.63058e-05 0.00427942 
0.00276014 0.0830552 0.00885871 0.0548836 0.000709819 0.00902361 4.05993e-05 0.632023 0.0213635 0.0998184 2.07562e-05 0.000857517 0.0837129 1.36253e-06 0.00287064 
0.168168 0.000881777 0.0372697 0.0449334 0.0163031 0.556946 0.000157017 0.0299831 0.0181369 0.0683816 0.0122855 0.0446082 0.00159355 6.37709e-11 0.000351562 
0.00451795 0.359879 0.0196645 0.0338203 0.00440228 0.0318674 3.0324e-06 0.0345975 0.0123408 0.00947895 0.486484 0.00112128 0.00131921 3.04108e-07 0.000503001 
0.0820692 0.871459 0.00093228 0.000139288 0.00597736 2.27648e-05 0.000206289 0.000840451 0.0239557 0.00895139 0.00027948 2.68434e-05 0.000335264 1.54013e-06 0.00480272 
0.0866481 0.600969 0.0399654 0.000258382 0.00222707 0.0319283 0.00127861 0.0372568 0.0884853 0.100105 0.00490996 0.000875064 0.00372261 2.36662e-09 0.00137003 
0.0144803 0.120844 0.0196754 3.17972e-05 0.00690074 0.0144249 4.01761e-06 0.063864 0.0706808 0.0465513 7.5408e-05 0.00360043 0.00696012 4.1797e-05 0.631865 
0.024203 0.00831878 0.0109543 0.292417 4.32835e-05 0.00204253 2.05143e-07 0.579954 0.0114299 0.053573 4.74947e-06 0.00124936 0.0110326 3.00332e-08 0.00477733 
0.0438725 0.600035 0.0506283 0.000613655 0.000252617 0.0715271 0.000996613 0.0502187 0.0380256 0.0470583 0.000442009 0.0017672 0.0736676 4.19157e-06 0.0208908 
0.0868191 0.00743188 0.00384716 0.00777653 0.00096989 0.383649 1.82554e-07 0.0929366 0.00795135 0.0749055 0.183358 0.146789 0.000884291 1.27036e-06 0.00268011 
0.00296043 0.000560294 0.00581429 2.56618e-05 7.28139e-06 0.000838834 8.67361e-05 0.000313761 0.00234333 0.000519233 0.986103 0.000400352 2.46781e-05 1.00015e-08 2.60788e-06 
0.0180557 0.0380045 0.459271 0.0115034 0.0478046 0.00379902 3.22774e-07 0.13486 0.0284026 0.0390588 0.000100251 0.155821 0.0144918 6.65128e-06 0.0488207 
0.0129445 0.0645021 0.214156 0.0141912 0.132691 0.117484 0.000218824 0.0669791 0.0182687 0.0701687 0.00122383 0.15941 0.00210982 1.00984e-09 0.125652 
0.037041 0.553303 0.20888 0.00617474 0.019621 0.0326595 5.39321e-05 0.037492 0.0725551 0.0215488 0.00246911 0.00332243 0.00300541 0.000132753 0.0017405 
0.507777 0.0296681 0.00152319 0.0336824 2.08981e-05 0.0758552 3.57296e-06 0.0478474 0.104917 0.193075 7.42066e-06 0.00277053 0.000417972 7.71814e-07 0.00243367 
0.342825 0.00159877 0.00045354 0.00652098 0.00124324 0.369072 2.14398e-06 0.0174067 0.138021 0.11926 8.64978e-06 0.00307876 8.12448e-05 7.29194e-13 0.000427483 
0.861772 0.00212646 0.0163267 0.00354269 0.00278035 0.0320056 0.00017544 0.00797729 0.049526 0.0135847 9.75575e-06 0.00731371 0.000807288 5.48127e-09 0.00205204 
0.00296043 0.000560294 0.00581429 2.56618e-05 7.28139e-06 0.000838834 8.67361e-05 0.000313761 0.00234333 0.000519233 0.986103 0.000400352 2.46781e-05 1.00015e-08 2.60788e-06 
0.000274773 4.95454e-05 0.0012843 4.75794e-08 0.977332 0.012523 1.9759e-09 0.00437875 0.000270435 2.91622e-05 6.75295e-05 9.4876e-05 0.00369581 1.45673e-09 4.62597e-13 
0.121329 0.0096079 0.0601772 0.0017847 0.106027 0.0023353 0.000475759 0.364203 0.180986 0.119787 0.000378594 0.0159388 0.0166595 2.60949e-09 0.000310743 
0.052972 0.00967323 0.274971 0.0185101 0.000465216 0.0024218 0.000201712 0.0201084 0.191165 0.264763 0.00368268 0.137828 0.00277481 0.00014223 0.0203212 
0.0489431 0.152665 0.108754 0.00366253 9.28243e-05 0.0370436 0.000381909 0.0286784 0.286209 0.305295 0.00760141 0.0177647 0.00274448 6.44502e-05 9.96212e-05 
0.0652972 0.00933637 0.0164097 0.015831 0.0214924 0.254514 0.0961353 0.387711 0.029727 0.0871989 0.000115515 0.00755728 0.00236601 0.000684379 0.00562358 
0.33981 0.00482782 0.0156964 0.00419909 0.00147211 0.373897 0.000101059 0.0331985 0.11478 0.100359 0.00438283 0.00705036 6.44627e-05 2.24851e-08 0.000161172 
0.137952 0.00202066 0.0147111 0.0781946 0.0100757 0.0826421 1.64423e-05 0.462864 0.0561177 0.110065 0.0229657 0.010941 0.00669039 1.34489e-07 0.00474303 
0.00296043 0.000560294 0.00581429 2.56618e-05 7.28139e-06 0.000838834 8.67361e-05 0.000313761 0.00234333 0.000519233 0.986103 0.000400352 2.46781e-05 1.00015e-08 2.60788e-06 
0.486557 0.0415348 0.000157285 0.047155 2.92364e-05 0.0782013 4.98776e-06 0.0608392 0.139171 0.142904 1.03767e-05 0.00209094 0.000237087 6.48308e-07 0.00110662 
0.0105987 0.000156992 0.00663472 0.940613 1.74286e-05 0.00230689 1.51158e-05 0.00450169 0.00869706 0.00458938 1.06374e-06 0.0215177 0.000133694 1.11721e-09 0.000216409 
0.00296043 0.000560294 0.00581429 2.56618e-05 7.28139e-06 0.000838834 8.67361e-05 0.000313761 0.00234333 0.000519233 0.986103 0.000400352 2.46781e-05 1.00015e-08 2.60788e-06 
0.104006 0.0115413 0.0974654 0.0553041 0.00079344 0.015162 9.78264e-06 0.0399515 0.247702 0.368709 0.0252395 0.0265402 0.00152283 4.35021e-06 0.00604802 
0.10637 0.0234243 0.00861268 0.000316228 0.00126522 0.00779563 7.10847e-06 0.0187991 0.141481 0.6895 3.61903e-05 0.00113202 0.000874512 8.94089e-06 0.00037704 
0.025451 0.0262841 0.0494043 0.0066002 0.000606259 0.00750922 6.89777e-05 0.0468512 0.435899 0.199052 0.00412065 0.192585 0.00552053 7.70509e-08 4.73404e-05 
0.00491395 0.665145 0.189495 0.000190551 0.0107771 0.0046889 2.49839e-05 0.0554394 0.014314 0.0108094 0.000250717 0.0173052 0.00206867 4.96874e-07 0.0245766 
0.0279994 0.0540498 0.0861591 0.0755638 0.484849 0.0157415 0.000110291 0.115065 0.0599647 0.0211237 0.00015689 0.052548 0.0031036 3.02686e-07 0.00356477 
0.0860708 0.00854511 0.00728338 0.0249173 0.000255508 0.0108379 3.62755e-07 0.411738 0.0163804 0.395415 3.88018e-06 0.0363951 0.0014502 5.74127e-05 0.000649346 
0.208495 4.19323e-05 0.0978724 0.00795386 0.000366279 0.00377304 7.06368e-11 0.299002 0.0391489 0.0346006 4.8907e-08 0.00916394 0.299581 4.48349e-08 9.76201e-07 
0.00296043 0.000560294 0.00581429 2.56618e-05 7.28139e-06 0.000838834 8.67361e-05 0.000313761 0.00234333 0.000519233 0.986103 0.000400352 2.46781e-05 1.00015e-08 2.60788e-06 
0.0649894 0.00366705 0.0113977 0.0281384 0.00131319 0.00256027 3.31959e-06 0.0731511 0.228805 0.212697 6.86084e-06 0.371283 0.00164036 2.33518e-09 0.000347304 
0.249117 0.0101983 0.0502041 0.0277731 0.00429021 0.0114628 0.000126887 0.381861 0.0484775 0.140123 1.2724e-05 0.0579718 0.0140199 2.27825e-10 0.00436224 
0.00296043 0.000560294 0.00581429 2.56618e-05 7.28139e-06 0.000838834 8.67361e-05 0.000313761 0.00234333 0.000519233 0.986103 0.000400352 2.46781e-05 1.00015e-08 2.60788e-06 
0.000431106 0.00123445 0.00597413 0.00473598 0.979767 0.00314742 4.32883e-06 0.000248717 0.00193745 0.000915668 0.000480473 0.00094277 0.000105673 3.47218e-12 7.46199e-05 
0.777553 0.00315474 0.000421818 6.5256e-08 8.87408e-09 0.00130421 1.11304e-09 0.00218931 0.0166611 0.198396 1.57563e-09 3.83149e-05 9.11446e-09 1.12179e-11 0.000281475 
0.237158 0.0049083 0.045389 0.00370803 0.00705797 0.00861099 3.05724e-06 0.0539373 0.0779676 0.439408 0.000282579 0.119241 0.000128791 2.86777e-09 0.00220006 
0.270839 0.00024253 0.00160237 0.0645252 0.00273317 0.0119167 2.88553e-07 0.0123182 0.0318151 0.0238353 1.76436e-05 0.578524 0.000146475 1.11096e-09 0.00148426 
0.112766 0.0151522 0.032412 0.124664 0.000538167 0.583677 2.59324e-05 0.0498174 0.019378 0.0150212 0.000502998 0.0438498 0.00118073 2.03943e-09 0.00101455 
0.0561888 0.00242683 0.0225626 0.00405726 0.000305815 0.858347 9.21554e-05 0.00923463 0.0106885 0.0142782 0.0150389 0.00624247 0.000122959 1.8931e-12 0.000413394 
0.040526 0.0380851 0.0635278 0.00991857 0.000133221 0.00320415 0.000102585 0.234471 0.184867 0.404692 3.79515e-05 0.00369461 0.0144743 2.92057e-07 0.00226441 
0.000298797 0.164717 0.230123 8.13012e-07 9.51527e-10 7.83256e-07 1.15789e-09 0.064749 0.236168 0.168842 1.56652e-07 0.0193955 3.43186e-06 1.54265e-09 0.115702 
0.0725268 0.0138415 0.125454 0.0155489 0.0012665 0.0230255 0.000215864 0.0385897 0.446991 0.213345 0.00533395 0.0339697 0.00490468 0.00163393 0.00335327 
0.431858 0.0103319 0.0687443 0.00430129 0.0141899 0.146412 3.46432e-06 0.0136764 0.211266 0.0816432 9.42279e-05 0.0127751 0.000327348 1.75339e-10 0.00437648 
0.0507051 0.0593653 0.622759 0.00153311 0.00738036 0.00585786 0.000213299 0.0585215 0.116838 0.0335766 0.00706787 0.0215296 0.00629587 0.000108168 0.00824848 
0.228491 0.477924 0.00601769 0.00163272 0.00738345 0.000430897 0.000194707 0.0098172 0.185312 0.0491596 0.000134272 0.0272927 0.000644395 9.37307e-08 0.00556478 
0.00296043 0.000560294 0.00581429 2.56618e-05 7.28139e-06 0.000838834 8.67361e-05 0.000313761 0.00234333 0.000519233 0.986103 0.000400352 2.46781e-05 1.00015e-08 2.60788e-06 
0.119985 0.064169 0.0210324 0.000253584 0.000263211 0.0107287 0.000195589 0.0226248 0.626748 0.119714 0.00125436 0.0106887 8.96381e-05 8.99923e-11 0.00225294 
0.13052 0.0830357 0.22073 0.00056332 0.000487532 0.0315591 0.000647438 0.0460987 0.0127244 0.249538 0.000908403 0.158439 0.0527159 0.00031613 0.0117168 
0.0492191 0.000857826 0.00840095 0.000449575 1.31553e-08 1.95373e-07 3.34912e-08 0.00384606 0.0689661 0.0398031 8.9564e-05 0.0365489 0.000554391 3.77682e-11 0.791264 
0.00296043 0.000560294 0.00581429 2.56618e-05 7.28139e-06 0.000838834 8.67361e-05 0.000313761 0.00234333 0.000519233 0.986103 0.000400352 2.46781e-05 1.00015e-08 2.60788e-06 
0.0149833 0.0141016 0.491112 0.000236367 0.00948205 0.0123163 0.000148977 0.00398262 0.420943 0.0217965 0.00445836 0.00160826 0.00012051 1.64472e-08 0.00471034 
0.0639947 0.0601381 0.402837 0.0329373 0.000177475 0.0794751 0.00057964 0.0108006 0.272216 0.0499845 0.00572945 0.0170458 0.000790556 2.76565e-06 0.00329186 
0.00763326 0.000386695 0.00115151 0.576635 9.50742e-05 0.00291909 4.20148e-06 0.293584 0.00496365 0.0192343 0.0778505 0.0151337 2.27067e-08 1.18805e-11 0.000408559 
0.179601 0.0399854 0.102068 0.0598547 0.0117822 0.0235583 0.000928272 0.13965 0.305609 0.0521543 0.00395405 0.0473654 0.00607027 0.000141757 0.0272772 
0.0317102 0.0028659 0.0270354 0.0299244 2.70666e-06 0.0154078 8.84641e-06 0.0383862 0.697298 0.151298 3.87851e-05 0.00524874 0.000591021 2.67359e-12 0.000183641 
0.0928553 0.0156638 0.426154 0.0390338 0.000414932 0.00502715 5.54866e-05 0.0198533 0.320458 0.0163372 0.00047817 0.0524084 0.00743669 4.03777e-07 0.00382329 
0.00296043 0.000560294 0.00581429 2.56618e-05 7.28139e-06 0.000838834 8.67361e-05 0.000313761 0.00234333 0.000519233 0.986103 0.000400352 2.46781e-05 1.00015e-08 2.60788e-06 
0.101465 0.00904689 0.154272 0.029184 0.000127069 0.0192623 7.72522e-06 0.19751 0.0520893 0.367401 0.000289706 0.0103871 0.0421563 3.74168e-06 0.0167979 
0.039051 0.0133832 0.541207 0.00813219 0.0011029 0.0129333 3.62777e-05 0.00260651 0.347395 0.00650272 0.000213297 0.0226059 8.03969e-05 1.45128e-09 0.00474966 
0.00961209 0.0431194 0.0064422 0.0457753 0.000610586 0.00801454 1.84665e-07 0.828618 0.0128994 0.0372822 7.40748e-06 0.000692821 0.000564223 1.51701e-09 0.00636199 
0.0323348 0.098149 0.0199506 0.0432283 0.0014033 0.197428 0.000967436 0.495401 0.0203676 0.0632254 0.000224644 0.0193173 0.000132799 0.000856868 0.00701251 
0.0415973 0.0148522 0.0498693 0.00292656 0.00265632 0.148246 2.42387e-06 0.0177833 0.547042 0.12506 0.0335821 0.00787559 0.00116044 1.56411e-08 0.00734675 
0.06115 0.0360522 0.162295 0.00634862 0.0233655 0.0327031 9.95871e-06 0.0341927 0.219933 0.37954 0.000481482 0.020816 0.0176852 0.000129289 0.00529759 
0.00296043 0.000560294 0.00581429 2.56618e-05 7.28139e-06 0.000838834 8.67361e-05 0.000313761 0.00234333 0.000519233 0.986103 0.000400352 2.46781e-05 1.00015e-08 2.60788e-06 
0.0840441 0.31061 0.284588 0.000931934 2.14499e-06 0.00613178 1.199e-06 0.0449949 0.162868 0.0371295 0.000384638 0.00167569 0.0580836 3.50824e-06 0.00855108 
0.0598691 0.0340301 0.239151 0.0144901 0.0219279 0.0256187 5.66051e-06 0.0119414 0.50805 0.0682772 0.00510271 0.00912673 0.00208216 8.88889e-08 0.000326945 
0.19952 0.0812593 0.083437 0.052688 0.00115591 0.0223096 5.37514e-05 0.352441 0.0233601 0.119266 0.00106983 0.051937 0.00533667 6.0926e-05 0.00610509 
0.502795 0.00871765 0.0047273 0.0260791 0.000152229 0.0422496 7.85808e-07 0.0256396 0.0631962 0.305851 2.17295e-05 0.013677 0.00056046 3.02567e-10 0.00633191 
0.0133521 0.014797 0.584615 0.000396041 0.0864084 0.00128552 3.69687e-08 0.0328908 0.0297471 0.1151 0.000240213 0.0113373 0.00525194 1.35837e-06 0.104577 
0.123175 0.139321 0.0780402 0.0149845 0.00333652 7.53482e-05 2.37278e-08 0.124738 0.057965 0.197895 0.000491313 0.13784 0.0332714 4.27542e-05 0.0888241 
0.0041075 0.192945 0.260083 0.00358394 0.0661918 0.00124933 4.64748e-06 0.00630117 0.420781 0.0178383 0.0017865 0.00802078 0.0075589 3.71167e-06 0.00954427 
0.0442577 0.0499813 0.523759 0.00275055 1.51675e-06 0.0104472 7.56987e-08 0.0467117 0.0316023 0.0735522 0.0190377 0.171411 0.00484057 3.86837e-05 0.0216088 
0.0917004 0.000478369 0.0467001 0.000290015 4.86066e-08 0.00497836 6.6326e-09 0.0507206 0.0436654 0.736401 8.6925e-06 0.0220407 0.00301575 9.55435e-12 4.49358e-07 
0.00755866 0.0370322 0.0869854 0.41204 0.0554526 0.0394505 0.000912332 0.274291 0.0483947 0.0138974 0.00452627 0.00370003 0.00589661 9.48476e-07 0.00986187 
0.102828 0.310466 0.0487978 0.0182768 0.000836294 0.0588881 0.000366889 0.0662082 0.17504 0.207871 0.00312067 0.00217168 0.00420953 7.8646e-08 0.000920245 
0.00101106 0.96986 0.000251918 0.00389722 1.56702e-06 0.0100189 0.000465202 0.00675308 0.00171239 0.00381832 0.00171275 0.000481751 5.15518e-06 2.28592e-09 1.04467e-05 
0.00087333 0.315423 0.0133664 0.00362071 0.000569846 0.0396381 2.92439e-06 0.0445125 0.00416027 0.54022 4.05965e-05 0.0374804 5.76675e-05 9.88717e-10 3.40811e-05 
0.781809 0.00708195 0.00293426 1.3962e-05 0.00108393 0.0590155 9.12243e-06 7.30555e-05 0.107055 0.013284 2.37986e-05 0.0239793 0.000113248 1.02495e-12 0.00352393 
0.174948 0.307681 0.0485085 0.000144601 0.000912953 0.00098558 0.000197473 0.0814759 0.171123 0.031677 2.17965e-05 0.0163704 0.00226656 6.08102e-09 0.163688 
0.308631 0.000769041 0.00125981 0.00392314 3.06003e-05 0.498336 4.38707e-08 0.0040954 0.0446653 0.134276 6.01841e-05 0.00390357 2.47298e-05 1.13468e-11 2.63444e-05 
0.0258936 0.236881 0.0912575 0.00869412 0.0340698 0.0277426 3.17296e-06 0.100599 0.00989817 0.0105377 0.00292444 0.351839 0.00206771 7.13998e-07 0.0975913 
0.00296043 0.000560294 0.00581429 2.56618e-05 7.28139e-06 0.000838834 8.67361e-05 0.000313761 0.00234333 0.000519233 0.986103 0.000400352 2.46781e-05 1.00015e-08 2.60788e-06 
0.00296043 0.000560294 0.00581429 2.56618e-05 7.28139e-06 0.000838834 8.67361e-05 0.000313761 0.00234333 0.000519233 0.986103 0.000400352 2.46781e-05 1.00015e-08 2.60788e-06 
0.0990853 0.236887 0.051972 0.00256579 0.000941474 0.0055344 0.000900271 0.0279851 0.443746 0.0822127 8.45604e-05 0.0131961 0.00333368 1.96021e-06 0.0315546 
0.0539953 0.0120873 0.675676 0.000826781 0.0039162 0.00979625 0.000347263 0.0555064 0.0291198 0.0944308 0.00579095 0.0213564 0.035418 6.96039e-05 0.00166297 
0.00998895 0.0714836 0.112186 0.025445 0.0150224 0.00283165 1.18395e-06 0.452942 0.0462326 0.151805 0.000277635 0.0140331 0.0350715 9.52172e-05 0.0625836 
0.0489263 0.0464568 0.204401 0.0275149 0.00164224 0.00861084 4.80475e-05 0.106869 0.198156 0.287916 0.0149138 0.0164785 0.0330273 0.00123551 0.00380452 
0.0350873 0.05999 0.171279 0.0562085 0.00301481 0.017905 5.93882e-05 0.341003 0.179559 0.0979817 0.00225722 0.0104391 0.00582161 2.08343e-06 0.0193928 
0.00296043 0.000560294 0.00581429 2.56618e-05 7.28139e-06 0.000838834 8.67361e-05 0.000313761 0.00234333 0.000519233 0.986103 0.000400352 2.46781e-05 1.00015e-08 2.60788e-06 
0.00296043 0.000560294 0.00581429 2.56618e-05 7.28139e-06 0.000838834 8.67361e-05 0.000313761 0.00234333 0.000519233 0.986103 0.000400352 2.46781e-05 1.00015e-08 2.60788e-06 
0.598252 0.0454139 0.0673593 0.0013627 0.020201 0.0409758 0.0523905 0.0292362 0.0797079 0.0222101 0.0139793 0.00452447 0.0128154 0.00122066 0.0103506 
0.431471 0.0111071 0.105977 0.0584277 0.000884349 0.0460652 0.0114516 0.0303821 0.0969466 0.106795 0.0146877 0.0308269 0.0122952 3.65385e-05 0.0426457 
0.236055 0.117286 0.124278 0.041484 0.00753902 0.0360531 0.000779999 0.124482 0.106552 0.0684985 0.0456218 0.0855227 0.00495312 2.65506e-05 0.000867676 
0.000740058 0.00116877 0.00210154 0.00019301 0.984064 0.00375807 2.27362e-07 0.00444943 0.000904527 0.000768894 3.77687e-05 0.000250026 0.000752161 1.4725e-06 0.000809764 
0.0463303 0.0163728 0.405944 0.0017219 0.000281684 0.0134508 0.00249282 0.00754326 0.435479 0.0134806 0.025006 0.031533 7.39366e-05 1.13302e-07 0.00028967 
