0.0100631 0.203983 0.0604999 0.00311972 0.0171039 0.00124404 0.000845082 0.0908905 0.107676 0.0318421 3.87265e-05 0.00720222 0.0730849 1.62147e-06 0.392405 
0.0150097 0.186488 0.0577844 0.0165225 0.00206481 0.0127554 0.000869163 0.108331 0.0562188 0.0967463 0.00183658 0.00595856 0.00426369 1.506e-05 0.435137 
0.00229182 0.0217387 0.00248882 9.61411e-08 5.92785e-05 0.000103187 2.77157e-07 0.00394582 0.000487223 0.0135846 2.15163e-05 1.04316e-10 0.0291411 6.38998e-10 0.926138 
1.9377e-06 0.000531416 0.00279314 2.89368e-06 1.20092e-05 4.45692e-06 1.46136e-05 6.78508e-05 1.50219e-06 0.000132515 5.6362e-05 3.17843e-06 0.00155912 1.94697e-05 0.9948 
0.0176059 0.181455 0.127896 9.61475e-05 2.08841e-06 0.0156676 7.13e-05 0.0544177 0.0964967 0.00808907 0.00039526 0.116493 0.0146216 0.0130091 0.353684 
0.0129407 0.0161796 0.108178 0.00209571 5.42322e-07 0.00154362 6.27006e-07 0.00598428 0.0396153 0.0369659 0.000140744 0.227177 1.80555e-05 2.55225e-06 0.549157 
0.00266128 0.014412 0.104949 0.0125533 0.000133344 0.000102234 4.82142e-07 0.0486938 0.074172 0.04736 3.98663e-06 0.00301306 0.00138987 0.000287278 0.690268 
0.00273835 0.00143809 0.0612824 1.42687e-07 1.22984e-07 0.000541481 1.72704e-07 0.00367639 0.0032815 0.00835234 1.63018e-05 0.0123562 0.000544413 2.81502e-07 0.905772 
0.014541 0.0915614 0.000899502 0.00043985 9.64136e-05 0.0051244 6.27538e-06 0.220575 0.00940826 0.0703463 1.49464e-07 0.0158414 0.105347 2.48775e-05 0.465788 
0.0349326 0.0426482 0.0109176 0.00404615 0.000101581 0.00954773 2.0907e-05 0.141095 0.0176688 0.228772 0.000542201 0.00663702 0.000297502 0.00104184 0.50173 
0.0170332 0.0419826 0.0515127 1.69379e-06 0.00408705 9.68789e-08 5.75951e-06 0.103014 0.0630943 0.00459139 0.000631274 0.0342866 1.32845e-05 9.77582e-05 0.679649 
0.0445056 0.24 0.050183 0.00750433 0.0178814 0.00158981 3.21619e-05 0.0343258 0.187458 0.0437275 1.92155e-05 0.00399589 0.00719312 4.9382e-07 0.361584 
0.132649 0.00227504 0.01334 0.0102373 0.000394579 0.000926764 0.000283494 0.117489 0.0242773 0.104085 6.83237e-06 0.0937702 0.00114601 9.16511e-07 0.499119 
0.00598548 0.0980004 0.0130968 0.00089766 0.0256563 0.000146786 4.63331e-06 0.0118269 0.0409751 0.0318743 3.07627e-07 0.00353242 0.000294241 4.89445e-05 0.76766 
0.122952 0.00157691 0.0287378 9.48832e-05 3.53906e-05 0.00162468 1.74719e-05 0.00701154 0.0188837 0.0224382 2.14571e-06 0.191096 3.9062e-05 1.68396e-07 0.60549 
0.00869893 0.014926 0.0181653 0.000829624 4.69789e-07 0.0149034 0.00012082 0.0145165 0.0117814 0.0217803 0.000137641 0.0169101 5.14422e-05 4.7233e-08 0.877178 
0.00166836 0.0103843 0.00955231 0.00849014 0.000499318 0.00628241 2.07096e-05 0.00137265 0.147965 0.367039 1.67249e-06 0.000470994 0.000397434 0.00043955 0.445416 
0.00791427 0.022451 0.00880542 0.000279826 2.76253e-08 0.0179255 0.000523964 0.00466305 0.0180892 3.09491e-07 0.00320482 0.00359562 0.00177924 8.56174e-11 0.910768 
0.00791427 0.022451 0.00880542 0.000279826 2.76253e-08 0.0179255 0.000523964 0.00466305 0.0180892 3.09491e-07 0.00320482 0.00359562 0.00177924 8.56174e-11 0.910768 
0.2027 0.0244 0.00672615 2.59537e-05 0.000143387 0.000258321 0.00017911 0.000293124 0.151869 0.0279776 4.90392e-06 0.0899713 3.68837e-05 8.36308e-05 0.495331 
3.4232e-07 0.073286 0.00514529 0.000302672 2.5794e-05 7.12889e-11 2.33747e-10 0.00855179 1.4821e-06 6.11618e-05 7.76842e-11 4.93406e-09 8.76199e-07 8.15547e-07 0.912624 
0.00795698 0.0178823 0.112871 0.000726629 0.0356487 0.00114605 0.00113208 0.0186733 0.0490984 0.178256 0.000127026 0.254558 0.0592828 3.7783e-08 0.262641 
0.101077 9.08864e-07 9.0896e-07 0.00272761 9.08337e-07 9.08804e-07 0.00653978 0.0490867 0.0855365 9.08994e-07 9.08778e-07 0.0272674 0.00854111 9.07879e-07 0.719218 
0.015102 0.374753 0.0346655 0.011274 0.00983672 0.000128312 0.000157792 0.0600183 0.0242859 0.0177154 6.37264e-05 0.000485847 0.00142506 0.000206999 0.449881 
0.00190846 0.0658606 0.00176592 2.82392e-06 2.65621e-09 0.000563321 3.23227e-09 5.26357e-06 9.60738e-07 0.00185858 1.07422e-09 6.38859e-06 1.97445e-09 6.29489e-07 0.928027 
0.0373243 0.0446735 0.124582 0.00245092 7.34249e-05 0.109474 0.00287789 0.00306647 0.259885 0.0230052 0.0258541 0.0269062 0.000524403 1.21694e-11 0.339302 
0.00180711 0.00615554 0.0335535 0.000177265 8.77542e-06 2.53469e-07 0.000543974 0.00049268 0.000913934 0.00791059 6.30189e-05 5.26029e-06 0.00809715 0.00115392 0.939117 
0.00791427 0.022451 0.00880542 0.000279826 2.76253e-08 0.0179255 0.000523964 0.00466305 0.0180892 3.09491e-07 0.00320482 0.00359562 0.00177924 8.56174e-11 0.910768 
0.00115729 0.0742771 0.00022226 0.000606257 0.19666 1.59685e-06 5.23585e-06 0.0137001 0.0320157 0.0103462 1.7401e-06 1.13878e-06 0.0214838 0.000308269 0.649213 
0.236316 6.85427e-05 0.00350955 0.032058 0.000115287 0.0709127 5.83397e-06 0.00703517 0.00573865 0.0164611 4.76493e-05 0.0329947 0.000191472 3.01022e-08 0.594546 
0.0492191 0.000857826 0.00840095 0.000449575 1.31553e-08 1.95373e-07 3.34912e-08 0.00384606 0.0689661 0.0398031 8.9564e-05 0.0365489 0.000554391 3.77682e-11 0.791264 
0.00383262 0.337673 0.131217 0.0030152 0.000859958 7.88601e-06 2.58129e-05 0.0121368 0.0515611 0.0332645 3.42951e-06 0.000471612 7.09022e-05 6.76633e-06 0.425853 
0.00229182 0.0217387 0.00248882 9.61411e-08 5.92785e-05 0.000103187 2.77157e-07 0.00394582 0.000487223 0.0135846 2.15163e-05 1.04316e-10 0.0291411 6.38998e-10 0.926138 
0.214279 0.0658202 0.0232133 0.0061295 0.0114614 0.00183844 0.00101029 0.100837 0.130208 0.0592322 0.000152741 0.0766936 0.000227287 1.72095e-06 0.308895 
0.0823971 0.0203454 0.00135442 0.000518604 0.0080698 0.00104148 0.000584198 0.00510149 0.186548 0.00935076 0.000345789 0.0451926 6.36961e-06 1.44744e-05 0.639129 
0.105399 0.135981 0.171798 0.0324658 0.0451429 0.0129393 0.00759823 0.0322835 0.058963 0.0726619 0.00207404 0.141171 0.0069429 0.000686094 0.173894 
0.00600845 0.14101 0.0197779 0.00275334 1.24387e-05 0.000221509 0.000773918 0.00859778 0.0196283 0.00978754 1.09181e-05 4.74388e-08 1.49417e-05 2.90591e-07 0.791402 
0.0105311 0.0418043 0.09083 3.36879e-05 0.000875208 0.000205351 2.13639e-05 0.00434205 0.00341996 0.00907758 7.74454e-05 0.00231687 0.000824365 0.00116764 0.834473 
0.00791427 0.022451 0.00880542 0.000279826 2.76253e-08 0.0179255 0.000523964 0.00466305 0.0180892 3.09491e-07 0.00320482 0.00359562 0.00177924 8.56174e-11 0.910768 
0.151468 0.000595413 0.00877706 0.0164651 4.40223e-05 0.0316892 4.7146e-06 0.00639535 0.0323322 0.0382932 6.88974e-05 0.0397404 0.000493335 2.90826e-08 0.673633 
0.0513334 0.00371275 0.111767 0.000102601 0.0181209 0.0155747 1.04029e-06 0.0325089 0.0191615 0.0373192 9.3548e-05 0.292448 3.0763e-07 3.75292e-06 0.417852 
0.159453 0.109265 0.0198667 0.000154015 5.76767e-05 0.00312742 0.00103292 0.00892061 0.101947 0.00248845 9.89227e-05 0.159505 0.000222478 6.51214e-05 0.433796 
0.00457638 0.0209236 0.00270371 1.32443e-07 0.00137469 2.03992e-07 6.68863e-07 0.00242206 0.0177801 0.0040312 0.000422578 0.0038698 0.0028196 8.91124e-07 0.939074 
0.00229182 0.0217387 0.00248882 9.61411e-08 5.92785e-05 0.000103187 2.77157e-07 0.00394582 0.000487223 0.0135846 2.15163e-05 1.04316e-10 0.0291411 6.38998e-10 0.926138 
0.0833343 0.234571 0.0043755 0.00228618 0.000111335 0.00251641 4.93059e-05 0.0452781 0.139759 0.0126622 0.000139368 0.141138 0.000180027 7.12018e-05 0.333529 
0.00160291 0.0160654 0.0426748 4.24113e-05 6.38134e-05 2.41839e-07 7.92957e-07 0.00229228 0.000686242 0.00300576 2.22634e-06 0.00023537 5.38371e-06 1.05645e-06 0.933321 
0.0110206 0.0560173 0.0950525 8.0892e-08 1.7187e-06 0.00359231 0.000270366 0.0197376 0.0146329 0.041856 3.55278e-06 0.339317 0.00138302 6.59769e-06 0.417109 
0.000424879 7.62751e-05 0.0436044 1.93777e-07 8.04203e-07 2.98461e-07 9.78613e-07 0.000203562 0.0078406 0.000155377 3.25236e-07 8.46643e-05 0.000273198 1.3038e-06 0.947333 
0.0373243 0.0446735 0.124582 0.00245092 7.34249e-05 0.109474 0.00287789 0.00306647 0.259885 0.0230052 0.0258541 0.0269062 0.000524403 1.21694e-11 0.339302 
0.083909 0.0620208 0.135718 0.00302391 0.00392633 1.06368e-05 8.57734e-07 0.0779277 0.0565121 0.0583412 5.05028e-07 0.0508704 0.0460438 1.10725e-05 0.421684 
0.0007544 0.0188879 0.0752042 1.88239e-07 0.0409072 0.000644877 3.10979e-07 0.0395552 0.00250353 0.0169222 0.00022543 0.00225231 0.0130869 1.968e-08 0.789055 
0.0007544 0.0188879 0.0752042 1.88239e-07 0.0409072 0.000644877 3.10979e-07 0.0395552 0.00250353 0.0169222 0.00022543 0.00225231 0.0130869 1.968e-08 0.789055 
0.236316 6.85427e-05 0.00350955 0.032058 0.000115287 0.0709127 5.83397e-06 0.00703517 0.00573865 0.0164611 4.76493e-05 0.0329947 0.000191472 3.01022e-08 0.594546 
0.00246847 0.235192 0.109822 0.000310992 5.10185e-05 0.0563886 1.17322e-09 0.0447768 0.0398044 0.131385 0.000365343 0.00413294 0.0289187 1.56308e-09 0.346384 
0.106217 0.200959 0.0670186 3.63682e-07 3.7163e-06 0.000640245 1.04607e-08 0.0621259 0.197326 0.0899567 4.44367e-06 0.0117521 0.0395915 2.56595e-05 0.224379 
1.71248e-05 0.0154279 1.71249e-05 1.71237e-05 1.71131e-05 0.0856266 1.71101e-05 1.71256e-05 1.71253e-05 0.159284 1.71214e-05 1.71234e-05 0.36118 1.71045e-05 0.37831 
0.120967 0.102517 0.00118678 0.0420193 2.15165e-05 0.0563022 2.5448e-05 0.277283 6.32572e-06 0.0888443 3.53292e-05 7.18198e-08 2.59573e-06 3.90895e-07 0.310789 
0.265323 0.0336316 0.281911 1.47563e-10 6.12406e-10 2.27279e-10 7.4522e-10 0.0967361 5.55385e-06 8.58335e-06 2.47669e-10 0.00420602 1.50683e-05 9.92854e-10 0.318163 
0.00197814 0.417121 0.0907528 5.17428e-07 0.0176282 0.00026644 0.000243261 0.00025283 0.000470322 2.45692e-07 0.00126732 0.0032053 1.59624e-06 3.48144e-06 0.466808 
0.00207013 0.0125005 0.0844977 0.00976453 0.000103798 7.96072e-05 3.85226e-07 0.0387242 0.057691 0.0368365 3.12164e-06 0.00234376 0.00108159 0.000223776 0.754079 
0.0492191 0.000857826 0.00840095 0.000449575 1.31553e-08 1.95373e-07 3.34912e-08 0.00384606 0.0689661 0.0398031 8.9564e-05 0.0365489 0.000554391 3.77682e-11 0.791264 
0.100437 0.0606486 0.0195819 1.02997e-06 0.000225495 4.74955e-06 1.34638e-06 0.00866498 0.00910973 0.0340587 1.10461e-06 0.141625 0.000305978 2.19777e-07 0.625335 
0.0142491 0.280302 1.28865e-09 2.00114e-09 0.00215356 3.08221e-09 1.01061e-08 0.115241 4.61602e-06 0.0416371 0.00664385 0.108538 0.0364802 1.34644e-08 0.39475 
0.0136252 0.231452 0.0233607 9.26396e-05 0.00256113 4.22954e-06 2.95237e-09 0.00611061 0.0207432 0.000543441 3.58052e-07 0.000217029 0.00313904 1.13692e-06 0.698149 
0.036552 0.00824257 0.0447043 0.000130536 0.000769408 0.00995974 5.07065e-05 0.108306 0.0110689 0.0543985 2.17551e-05 0.109836 0.00045727 0.000105092 0.615397 
2.86801e-08 0.321185 0.319435 0.00231931 1.7775e-07 6.59675e-08 2.16299e-07 0.0118792 4.28148e-05 0.0118059 7.18854e-08 0.000323318 1.32128e-07 2.88174e-07 0.333009 
1.98337e-05 0.139448 0.0383112 0.0372899 9.76752e-05 0.000410934 3.52819e-05 0.0713654 0.0068208 0.00429012 1.64397e-07 1.09162e-05 3.02166e-07 0.000190498 0.701708 
8.2577e-12 0.00163855 7.94112e-12 1.07164e-06 1.54047e-08 1.89936e-11 6.22777e-11 0.00121184 2.36929e-08 3.45534e-08 2.06976e-11 1.35452e-11 3.80427e-11 8.29723e-11 0.997148 
3.10294e-08 0.13752 0.00910965 0.00175837 7.83676e-05 0.000675141 0.00016992 0.108068 0.0765446 0.0323545 0.00482918 0.00288675 0.00627904 3.7794e-05 0.619689 
0.175352 0.000458374 0.00905598 0.0244277 6.96605e-05 0.0442693 5.406e-06 0.00652849 0.0224973 0.0323372 5.98719e-05 0.0371911 0.000398198 8.55255e-06 0.647341 
0.00711157 0.0919905 0.0347797 0.0394249 0.00222406 0.0067122 5.21418e-06 0.0676967 0.030505 0.0500949 0.000264267 0.00326702 0.0152253 0.000947704 0.649751 
0.0113678 0.0198226 0.0865025 0.00060767 9.52589e-06 0.295767 0.000129012 0.0209659 0.043832 0.0103015 0.00132424 0.0227811 0.0010942 2.41729e-11 0.485495 
0.0373243 0.0446735 0.124582 0.00245092 7.34249e-05 0.109474 0.00287789 0.00306647 0.259885 0.0230052 0.0258541 0.0269062 0.000524403 1.21694e-11 0.339302 
0.0373243 0.0446735 0.124582 0.00245092 7.34249e-05 0.109474 0.00287789 0.00306647 0.259885 0.0230052 0.0258541 0.0269062 0.000524403 1.21694e-11 0.339302 
0.00891032 0.0269691 0.0100885 0.000303564 5.77697e-07 0.0173642 0.00117303 0.0303303 0.0185745 0.000344255 0.00317659 0.00666386 0.00185949 1.21704e-10 0.874242 
0.0510704 0.00475927 0.0276619 0.00338206 3.43712e-05 0.00115649 4.27719e-05 0.208213 0.0404756 0.0409528 1.28395e-05 0.0105096 0.000991622 7.34498e-10 0.610737 
0.177616 0.00045529 0.00913866 0.026083 7.36931e-05 0.0458981 5.51593e-06 0.00656193 0.0244342 0.0331655 6.00808e-05 0.0374333 0.000406286 1.15731e-05 0.638657 
0.00230294 0.0053883 0.000241157 0.0446887 1.55719e-07 0.0410801 0.0629777 0.202745 0.00179004 0.0253482 4.13087e-07 0.00278031 0.000136439 2.67188e-06 0.610518 
0.222332 0.0337039 0.0128879 5.28457e-05 4.04269e-05 0.000588225 0.000205061 0.00526937 0.317053 0.0261792 1.30822e-06 0.0601279 1.07898e-05 0.00330671 0.318241 
0.00759402 7.53359e-09 0.000393803 6.29465e-09 2.61237e-08 0.000234362 3.17892e-08 0.000719373 1.45689e-05 2.98891e-09 1.05649e-08 3.45989e-06 3.24783e-05 4.23526e-08 0.991008 
0.00128279 0.00170749 0.00183287 8.83893e-08 3.66828e-07 0.0621324 9.0683e-06 0.208373 5.3694e-05 9.90107e-05 6.24502e-06 0.00687361 0.00468588 5.94715e-07 0.712943 
0.0131139 0.00122068 0.171722 5.04105e-09 1.19087e-06 0.000891034 2.70872e-07 0.0181414 0.0278091 0.0288058 0.000359497 0.0927733 0.0356379 0.00728073 0.602243 
0.00207013 0.0125005 0.0844977 0.00976453 0.000103798 7.96072e-05 3.85226e-07 0.0387242 0.057691 0.0368365 3.12164e-06 0.00234376 0.00108159 0.000223776 0.754079 
0.144988 0.0724362 0.00158946 3.48275e-05 0.120806 0.0262655 0.000469674 0.134274 0.120086 0.0592127 0.000416226 0.0466667 8.69108e-05 8.37073e-05 0.272583 
0.0348243 0.172639 0.00898947 3.69676e-05 0.00259241 0.000156459 1.16392e-05 0.0556148 0.0528645 0.00485884 0.00116014 0.0522971 2.06448e-05 3.75656e-05 0.613896 
0.0513334 0.00371275 0.111767 0.000102601 0.0181209 0.0155747 1.04029e-06 0.0325089 0.0191615 0.0373192 9.3548e-05 0.292448 3.0763e-07 3.75292e-06 0.417852 
0.0296785 0.0244561 0.0333674 0.00790264 0.0049758 0.00344475 1.01397e-06 0.204581 0.0174971 0.102849 8.71407e-06 0.00848744 0.0166047 0.00935934 0.536786 
0.0145547 0.0271365 0.036819 0.00270644 0.00340146 0.00412192 5.97808e-06 0.0698744 0.012943 0.0543885 1.68704e-07 0.0221055 0.0153479 2.84504e-08 0.736594 
0.000605818 0.000108464 0.000808175 3.80767e-09 1.58024e-08 5.86467e-09 1.92295e-08 0.000290217 0.00014331 0.000221483 6.39079e-09 0.000120456 0.000388818 2.56194e-08 0.997313 
0.010593 0.0714333 0.0172933 0.0125173 0.00948666 0.00267606 1.99188e-05 0.0258415 0.0150506 0.0148911 0.000219589 0.000831942 0.0437172 0.00151037 0.773918 
0.0372961 0.0088265 0.174055 0.000117908 0.000765309 0.000566698 2.24762e-05 0.142774 0.000608177 0.0296946 2.53473e-05 0.0231611 0.0845011 0.000179037 0.497406 
0.101077 9.08864e-07 9.0896e-07 0.00272761 9.08337e-07 9.08804e-07 0.00653978 0.0490867 0.0855365 9.08994e-07 9.08778e-07 0.0272674 0.00854111 9.07879e-07 0.719218 
0.0173024 0.0294264 0.150495 0.000442843 1.59652e-05 8.57665e-06 3.45721e-05 0.00849679 0.135447 0.0506874 4.18946e-05 0.0258237 0.000301587 1.22512e-07 0.581476 
0.110342 0.0143287 0.00554493 0.00369837 9.94744e-06 0.00116563 7.51407e-07 0.0112472 0.0159197 0.00562924 4.13523e-05 0.163537 0.000568494 7.2255e-06 0.66796 
0.00791427 0.022451 0.00880542 0.000279826 2.76253e-08 0.0179255 0.000523964 0.00466305 0.0180892 3.09491e-07 0.00320482 0.00359562 0.00177924 8.56174e-11 0.910768 
0.0855729 0.00716238 0.0361361 0.007451 0.000126132 0.00459144 0.000105651 0.0253169 0.0556356 0.0328462 0.00199312 0.236784 0.00166816 0.00133207 0.503279 
0.206654 0.0184284 0.039978 0.00131985 0.000623752 0.00203362 1.83358e-05 0.0564676 0.0160673 0.239772 7.7816e-06 0.144226 0.0010582 5.71157e-05 0.273288 
0.0512326 0.0141791 0.0049626 0.000149787 0.000342923 0.000523515 1.75428e-06 0.00505846 0.0112464 0.014147 1.09861e-06 0.0392576 7.46171e-06 1.34035e-05 0.858876 
0.0279119 0.152992 0.00202623 3.38475e-08 0.0436098 0.000855719 0.000486025 0.255159 0.0036938 0.0675439 0.00172042 0.0135511 8.08278e-05 2.27738e-07 0.430369 
0.0745683 0.0521473 0.0404703 0.00185973 0.00138931 0.00114722 0.000306116 0.0861947 0.020209 0.0538918 6.27118e-05 0.0522847 0.0106216 0.00442406 0.600423 
0.0662866 0.109395 0.0126458 0.140058 6.69287e-05 0.00329095 9.85717e-05 0.0570343 0.148751 0.00702863 0.000239589 0.0587991 5.77886e-05 3.76472e-05 0.39621 
0.0136455 0.0957563 0.0555481 0.00788691 0.0921492 0.00413142 0.000551609 0.0992788 0.0176397 0.0302963 4.88499e-05 0.00632245 0.00507786 6.91872e-05 0.571598 
0.0772595 0.324904 0.0719738 0.00095265 0.0133195 1.05017e-05 0.000399272 0.048404 0.0464526 0.0328128 0.000195466 0.0516384 0.000171715 2.01994e-05 0.331485 
0.00791427 0.022451 0.00880542 0.000279826 2.76253e-08 0.0179255 0.000523964 0.00466305 0.0180892 3.09491e-07 0.00320482 0.00359562 0.00177924 8.56174e-11 0.910768 
0.00791427 0.022451 0.00880542 0.000279826 2.76253e-08 0.0179255 0.000523964 0.00466305 0.0180892 3.09491e-07 0.00320482 0.00359562 0.00177924 8.56174e-11 0.910768 
0.00791427 0.022451 0.00880542 0.000279826 2.76253e-08 0.0179255 0.000523964 0.00466305 0.0180892 3.09491e-07 0.00320482 0.00359562 0.00177924 8.56174e-11 0.910768 
0.0292692 0.0790476 0.0872734 0.0499235 0.00195377 0.121886 0.000580306 0.12894 0.117273 0.0476333 0.0086645 0.0110314 0.00350301 2.33457e-09 0.313022 
0.0190401 0.00545732 0.0941728 0.000158225 9.3836e-06 0.0268062 5.20241e-05 0.16617 0.0301729 0.0793512 1.17414e-05 0.161722 6.60758e-05 5.81213e-07 0.416809 
0.00206945 0.145946 0.0385581 0.00162648 0.00503494 0.000692485 7.24936e-08 0.0817051 0.00904966 0.0229575 1.03352e-05 2.6239e-05 0.0272578 9.6583e-08 0.665066 
0.195363 0.0418994 0.190615 0.00846289 0.000623085 0.0139772 7.07024e-06 0.0729261 0.0513249 0.0863161 0.00527098 0.0133922 0.0320591 0.00103617 0.286727 
0.00962163 0.000264609 0.238939 1.408e-07 9.77491e-05 0.00159204 5.70629e-05 1.95579e-07 7.14628e-07 0.0197918 0.0164501 0.181309 0.001571 0.000392755 0.529912 
0.000555693 0.0712282 0.0891444 0.00148424 0.000193549 5.53161e-06 0.000131674 0.165087 0.0103507 0.124642 1.45227e-07 0.0973618 1.91292e-06 5.22646e-09 0.439813 
0.236316 6.85427e-05 0.00350955 0.032058 0.000115287 0.0709127 5.83397e-06 0.00703517 0.00573865 0.0164611 4.76493e-05 0.0329947 0.000191472 3.01022e-08 0.594546 
0.000828382 0.000399824 0.0250326 8.11102e-08 7.01024e-08 0.000444945 5.74582e-06 0.00102169 0.000911975 0.00232077 4.61441e-06 0.0120636 0.000151547 1.60298e-07 0.956814 
0.00577288 0.111889 0.0331235 0.000846539 0.129914 0.0152703 1.93371e-05 0.0539504 0.0242499 0.0666525 0.000588622 0.00814613 0.0678516 1.14638e-05 0.481714 
0.0268658 0.0180461 0.0162863 3.50294e-07 0.0120504 0.184448 7.05631e-09 0.0378274 0.017574 0.102281 1.74735e-06 0.00530319 0.00263705 9.40109e-09 0.576679 
0.0172724 0.124542 0.213783 2.61647e-06 2.61485e-06 2.6162e-06 0.00235556 0.0261702 0.145492 0.200445 0.00157229 2.61642e-06 0.00654112 2.61354e-06 0.261814 
0.0534974 0.175615 0.194871 0.000508466 0.000396043 0.002266 4.59878e-05 0.029012 0.118884 0.021706 2.17532e-05 0.0105041 0.0449672 0.00102853 0.346677 
0.0139602 0.00567894 0.0550657 0.000531606 0.00994068 0.00235581 4.23435e-05 0.00908144 0.0193577 0.0390778 0.00114693 0.0108306 0.00351593 4.38494e-07 0.829414 
0.0311951 0.0766462 0.146353 0.000463398 0.0584477 0.0102243 1.10621e-06 0.0425694 0.00713591 0.0510224 0.00330389 0.0359117 0.00900627 6.63721e-06 0.527712 
0.0113678 0.0198226 0.0865025 0.00060767 9.52589e-06 0.295767 0.000129012 0.0209659 0.043832 0.0103015 0.00132424 0.0227811 0.0010942 2.41729e-11 0.485495 
0.00181691 0.0292729 0.00143471 7.95668e-08 0.153946 1.22551e-07 4.01828e-07 0.00146924 0.00234619 0.00060831 0.00132223 0.000585644 0.00159573 5.35354e-07 0.805601 
0.0195416 0.155635 0.103613 4.68087e-05 0.00315439 0.00980491 1.52492e-05 0.0999718 0.0667417 0.135884 0.000227083 0.00834481 0.00856876 0.000150183 0.388301 
0.236316 6.85427e-05 0.00350955 0.032058 0.000115287 0.0709127 5.83397e-06 0.00703517 0.00573865 0.0164611 4.76493e-05 0.0329947 0.000191472 3.01022e-08 0.594546 
0.00578346 0.0834855 0.0273842 0.0237673 9.2711e-05 6.97885e-05 5.41666e-05 0.0659264 0.137937 0.0409303 0.000212852 0.196218 0.015954 0.00311253 0.399072 
0.0123552 0.1069 0.00177151 0.000916735 0.00248527 0.0176656 4.48718e-05 0.0473416 0.0161982 0.050283 6.32308e-06 0.00125639 0.000535371 4.88043e-07 0.74224 
0.00791427 0.022451 0.00880542 0.000279826 2.76253e-08 0.0179255 0.000523964 0.00466305 0.0180892 3.09491e-07 0.00320482 0.00359562 0.00177924 8.56174e-11 0.910768 
0.0373243 0.0446735 0.124582 0.00245092 7.34249e-05 0.109474 0.00287789 0.00306647 0.259885 0.0230052 0.0258541 0.0269062 0.000524403 1.21694e-11 0.339302 
0.0697617 0.0732723 2.0835e-06 2.19323e-06 2.73694e-05 2.62465e-05 1.39782e-05 0.000205243 0.0558263 8.99484e-06 4.59253e-07 0.0438793 1.70927e-05 2.48752e-08 0.756957 
0.00992699 0.292075 0.0310723 0.000446191 0.00022892 0.000965743 0.000101511 0.0571827 0.0123214 0.0706996 4.25252e-05 0.00251496 0.00179785 4.95451e-05 0.520575 
0.0516951 0.239 0.17674 0.00159062 0.0434266 0.00962085 1.30295e-06 0.01983 0.0364904 0.0647554 9.35332e-05 0.0164413 0.0780555 2.01135e-05 0.262239 
0.0520505 0.130297 0.0275495 4.24561e-08 1.80393e-07 1.12089e-07 1.02128e-07 0.0761442 0.010933 0.191874 9.16129e-08 1.11007e-11 2.96211e-07 6.79981e-11 0.511152 
0.000979621 0.0140648 0.0362183 0.0552311 0.00122418 0.00413806 1.57078e-05 0.0657282 0.135652 0.273006 6.41181e-07 0.00234714 0.00376729 0.00151422 0.406113 
0.00173823 0.0219028 0.00212819 1.91282e-05 1.47434e-05 1.06235e-05 2.43865e-07 0.000235718 0.000284413 0.00453048 2.38488e-05 0.00236637 6.54717e-06 0.000690761 0.966048 
5.65683e-05 0.305546 4.48052e-06 0.00025459 6.51515e-06 6.43076e-05 2.30618e-05 0.286694 0.0233004 0.0398342 1.96033e-05 1.52728e-05 0.00321237 2.77651e-07 0.340968 
0.0144803 0.120844 0.0196754 3.17972e-05 0.00690074 0.0144249 4.01761e-06 0.063864 0.0706808 0.0465513 7.5408e-05 0.00360043 0.00696012 4.1797e-05 0.631865 
0.0170812 0.000334366 2.43934e-05 0.0133204 0.000569916 0.0018444 9.34973e-08 0.0014567 0.0106473 0.00676496 3.10732e-08 0.379791 0.000208406 1.24566e-07 0.567957 
0.0136252 0.231452 0.0233607 9.26396e-05 0.00256113 4.22954e-06 2.95237e-09 0.00611061 0.0207432 0.000543441 3.58052e-07 0.000217029 0.00313904 1.13692e-06 0.698149 
0.00207013 0.0125005 0.0844977 0.00976453 0.000103798 7.96072e-05 3.85226e-07 0.0387242 0.057691 0.0368365 3.12164e-06 0.00234376 0.00108159 0.000223776 0.754079 
0.182378 0.00998227 0.00139299 0.00425753 7.76447e-06 0.000487078 4.79966e-06 0.00621367 0.0443927 0.00800447 8.61007e-07 0.00560253 2.91515e-06 2.64899e-09 0.737272 
0.0619236 0.0349625 0.0486115 0.000170531 0.000458704 0.00471919 5.54929e-05 0.0039744 0.0472308 0.0715924 2.35945e-06 0.0309625 0.00164934 2.53479e-07 0.693686 
0.00936648 0.217287 0.0598698 7.54162e-07 0.00620146 0.0076178 4.96751e-06 0.23368 0.116408 0.0276092 3.32902e-07 0.0226351 0.0283544 6.29931e-07 0.270965 
0.11886 0.208385 0.134924 0.000810979 0.0483956 0.00905298 0.00019896 0.150421 0.0143644 0.0308893 0.000345108 0.0211537 0.00767863 3.51065e-08 0.254519 
0.00792985 0.374025 0.00575168 2.13328e-07 5.26958e-11 1.59194e-06 1.69935e-06 0.117565 0.0404761 0.0133555 0.0013988 0.000789755 0.00189568 8.54322e-11 0.436809 
0.0105022 0.00758052 0.00601757 2.23738e-06 0.000557189 0.00375073 1.21515e-05 0.121588 0.00575461 0.0316828 1.06745e-06 0.0135863 1.41988e-08 3.09681e-08 0.798964 
0.036669 0.0597535 0.0895724 0.00512426 0.000249863 0.00422436 0.000122595 0.0437354 0.0789479 0.0924894 2.07086e-05 0.0371164 0.0010052 0.000424595 0.550544 
0.00311736 0.068012 0.00594173 0.0415436 0.000243466 0.0189043 3.11239e-07 0.244499 0.0740035 0.0913229 0.000203886 1.74858e-05 0.00410463 2.90321e-10 0.448086 
0.00229182 0.0217387 0.00248882 9.61411e-08 5.92785e-05 0.000103187 2.77157e-07 0.00394582 0.000487223 0.0135846 2.15163e-05 1.04316e-10 0.0291411 6.38998e-10 0.926138 
0.0373243 0.0446735 0.124582 0.00245092 7.34249e-05 0.109474 0.00287789 0.00306647 0.259885 0.0230052 0.0258541 0.0269062 0.000524403 1.21694e-11 0.339302 
0.0304601 0.241935 0.0990571 1.47902e-06 0.00369288 1.31841e-06 8.79501e-07 0.0905507 0.0101378 0.154084 1.49776e-05 0.041979 0.0124366 0.00196102 0.313687 
0.0187658 0.0822986 0.285943 0.0011032 0.000647195 0.00279513 0.000696984 0.105522 0.0781981 0.0585612 5.05819e-06 0.0115703 0.00130099 4.48125e-05 0.352547 
0.0970076 0.0297743 0.0329187 0.00256606 0.000190768 0.00988565 1.0079e-05 0.12233 0.0654249 0.101377 4.81189e-05 0.176259 0.00086332 0.000268858 0.361076 
0.00791427 0.022451 0.00880542 0.000279826 2.76253e-08 0.0179255 0.000523964 0.00466305 0.0180892 3.09491e-07 0.00320482 0.00359562 0.00177924 8.56174e-11 0.910768 
0.0421959 1.12463e-05 0.311485 7.72916e-07 4.73873e-06 0.000685676 2.56349e-06 0.0152819 0.138799 0.0166941 0.000204085 4.28104e-05 2.03362e-06 8.31422e-08 0.47459 
0.0148413 0.00100621 0.0139294 5.22093e-11 9.27085e-05 0.00234608 2.63667e-10 0.0330199 3.20005e-06 1.84386e-06 8.7628e-11 0.0180715 4.67811e-05 1.35608e-06 0.91664 
0.0373243 0.0446735 0.124582 0.00245092 7.34249e-05 0.109474 0.00287789 0.00306647 0.259885 0.0230052 0.0258541 0.0269062 0.000524403 1.21694e-11 0.339302 
0.0113678 0.0198226 0.0865025 0.00060767 9.52589e-06 0.295767 0.000129012 0.0209659 0.043832 0.0103015 0.00132424 0.0227811 0.0010942 2.41729e-11 0.485495 
0.00792426 0.0819477 0.0514975 2.38042e-06 0.00978719 0.000669561 0.000231762 0.0548091 0.0728871 0.158007 1.71441e-05 0.00422091 0.0270191 1.8009e-06 0.530978 
0.0929127 0.224129 0.0360269 0.00648465 0.0513921 0.000218744 2.08161e-07 0.0624698 0.0788408 0.0836315 0.000872952 0.082912 0.0220729 2.77333e-07 0.258036 
0.00791427 0.022451 0.00880542 0.000279826 2.76253e-08 0.0179255 0.000523964 0.00466305 0.0180892 3.09491e-07 0.00320482 0.00359562 0.00177924 8.56174e-11 0.910768 
0.0820019 0.156247 0.101544 0.000682403 0.000634827 0.000274175 0.0326079 0.0406125 0.0322574 0.0109943 0.00479898 0.0562202 0.000758066 0.0115195 0.468847 
0.0212435 0.170401 0.0212083 5.73232e-05 0.00130999 0.00137253 2.41574e-06 0.00566335 0.00432471 0.00938708 4.75324e-05 0.000308657 1.46172e-05 2.13907e-06 0.764656 
0.0765519 0.000400223 0.110776 0.000199978 5.06634e-07 0.0162931 1.26077e-07 0.0529197 0.147842 0.0363218 6.67869e-05 0.159029 6.59724e-07 0.000115535 0.399483 
0.0192922 0.00561861 1.00904e-08 1.16245e-07 5.62673e-06 0.00151374 1.97764e-05 0.000237341 0.00481328 0.000374608 2.62993e-08 4.42735e-07 4.83389e-08 1.05429e-07 0.968124 
0.0539954 0.00598837 0.0178986 0.00200018 2.30118e-05 0.00700682 1.66066e-05 0.0817248 0.0243545 0.0167455 2.64205e-05 0.014733 0.00944548 1.86559e-05 0.766023 
7.82296e-05 3.44665e-06 2.51005e-06 1.32616e-06 2.29474e-06 0.000269831 5.61693e-07 6.74744e-05 1.16281e-06 5.53834e-08 1.15748e-07 3.21729e-10 5.23766e-07 1.97078e-09 0.999572 
0.00791427 0.022451 0.00880542 0.000279826 2.76253e-08 0.0179255 0.000523964 0.00466305 0.0180892 3.09491e-07 0.00320482 0.00359562 0.00177924 8.56174e-11 0.910768 
0.0373243 0.0446735 0.124582 0.00245092 7.34249e-05 0.109474 0.00287789 0.00306647 0.259885 0.0230052 0.0258541 0.0269062 0.000524403 1.21694e-11 0.339302 
0.000946578 0.269858 0.128854 7.33452e-08 0.000695074 7.8993e-12 1.81565e-08 0.0385106 0.0932767 0.0555876 3.27188e-08 0.000753755 0.0102707 3.45075e-11 0.401247 
0.128456 0.0911817 0.0600512 0.0246184 0.000130831 0.0443305 0.00315653 0.0339983 0.0957213 0.0389634 0.000360801 0.0832041 0.000777053 2.71942e-10 0.395049 
0.00168094 1.4701e-05 0.000257137 1.53719e-05 0.000155917 0.0018882 1.64689e-06 0.000372905 0.000135932 9.54097e-11 2.99979e-06 0.00408793 1.43422e-06 1.20914e-05 0.991373 
0.175352 0.000458374 0.00905598 0.0244277 6.96605e-05 0.0442693 5.406e-06 0.00652849 0.0224973 0.0323372 5.98719e-05 0.0371911 0.000398198 8.55255e-06 0.647341 
0.00190846 0.0658606 0.00176592 2.82392e-06 2.65621e-09 0.000563321 3.23227e-09 5.26357e-06 9.60738e-07 0.00185858 1.07422e-09 6.38859e-06 1.97445e-09 6.29489e-07 0.928027 
0.151468 0.000595413 0.00877706 0.0164651 4.40223e-05 0.0316892 4.7146e-06 0.00639535 0.0323322 0.0382932 6.88974e-05 0.0397404 0.000493335 2.90826e-08 0.673633 
0.0373243 0.0446735 0.124582 0.00245092 7.34249e-05 0.109474 0.00287789 0.00306647 0.259885 0.0230052 0.0258541 0.0269062 0.000524403 1.21694e-11 0.339302 
0.0181944 0.147178 0.00907196 0.0682641 1.01431e-05 0.0464356 3.75998e-07 0.0158002 0.00197502 0.0956845 1.8885e-05 3.23089e-06 0.00511728 1.24915e-07 0.592246 
0.00578346 0.0834855 0.0273842 0.0237673 9.2711e-05 6.97885e-05 5.41666e-05 0.0659264 0.137937 0.0409303 0.000212852 0.196218 0.015954 0.00311253 0.399072 
0.235844 0.0147246 0.025275 0.00585644 0.00607377 0.000750703 1.10527e-07 0.0658449 0.0671453 0.0252576 0.000108532 0.0132097 5.03557e-05 0.0028783 0.536981 
0.0373243 0.0446735 0.124582 0.00245092 7.34249e-05 0.109474 0.00287789 0.00306647 0.259885 0.0230052 0.0258541 0.0269062 0.000524403 1.21694e-11 0.339302 
0.0118254 0.0692516 0.05177 3.34661e-08 0.00147428 0.0154233 1.12285e-06 0.0362007 0.00483726 0.0474553 0.000626382 0.00557996 0.0100306 9.75243e-07 0.745523 
0.00190846 0.0658606 0.00176592 2.82392e-06 2.65621e-09 0.000563321 3.23227e-09 5.26357e-06 9.60738e-07 0.00185858 1.07422e-09 6.38859e-06 1.97445e-09 6.29489e-07 0.928027 
0.0373243 0.0446735 0.124582 0.00245092 7.34249e-05 0.109474 0.00287789 0.00306647 0.259885 0.0230052 0.0258541 0.0269062 0.000524403 1.21694e-11 0.339302 
0.236316 6.85427e-05 0.00350955 0.032058 0.000115287 0.0709127 5.83397e-06 0.00703517 0.00573865 0.0164611 4.76493e-05 0.0329947 0.000191472 3.01022e-08 0.594546 
0.107678 0.0412423 0.014565 0.000141774 0.00444992 0.0630324 2.51025e-05 0.0550744 0.0353508 0.105361 0.000621491 0.00106904 0.0311231 1.01749e-09 0.540266 
0.00229182 0.0217387 0.00248882 9.61411e-08 5.92785e-05 0.000103187 2.77157e-07 0.00394582 0.000487223 0.0135846 2.15163e-05 1.04316e-10 0.0291411 6.38998e-10 0.926138 
0.0674068 0.141716 0.0885621 8.04317e-07 0.00265341 8.04234e-07 0.012056 0.0900138 0.0941952 0.0848649 0.000965857 0.097241 0.0155178 8.03416e-07 0.304805 
0.00660214 0.118073 0.0305774 0.000560588 0.013286 5.78414e-05 9.73228e-08 0.0141041 0.254872 0.0670414 3.41491e-05 0.00109583 0.00685104 0.163724 0.323121 
0.00791427 0.022451 0.00880542 0.000279826 2.76253e-08 0.0179255 0.000523964 0.00466305 0.0180892 3.09491e-07 0.00320482 0.00359562 0.00177924 8.56174e-11 0.910768 
4.54572e-09 0.0922388 0.15314 6.78841e-09 0.000222682 1.04557e-08 3.42828e-08 0.0017455 0.000912924 0.00830869 1.13937e-08 0.00188179 0.0893095 4.56748e-08 0.65224 
0.0108509 0.0155941 0.0184227 0.000498233 0.000152527 0.000221247 2.64178e-06 0.00253498 0.0103843 0.0015803 0.000263267 0.147937 0.000153139 1.46243e-05 0.79139 
0.0157976 0.0317358 0.0324174 7.41718e-06 7.54639e-05 9.04019e-05 0.000132016 0.0750242 0.00114791 0.0796396 5.05525e-05 0.0205961 0.0269857 0.000311099 0.715989 
1.25725e-05 0.329512 2.1085e-07 5.06729e-07 4.96653e-07 3.13771e-10 0.00607736 0.0348333 0.0686222 9.67322e-11 4.79346e-07 5.56392e-06 0.00384156 1.37069e-09 0.557094 
0.219046 0.0369349 0.0349954 0.00112885 0.000219646 0.0136799 8.37234e-05 0.0206254 0.0759405 0.0218553 1.24852e-05 0.0411266 3.06186e-05 0.00178549 0.532536 
0.083862 0.0568868 0.000180921 2.97641e-05 0.0686249 0.000507768 0.246017 0.000504669 0.158375 7.53151e-05 0.000530245 0.0343974 3.19564e-05 0.000165154 0.349811 
0.103794 0.00954699 0.00694557 0.00594782 0.0012205 0.0013509 1.78596e-05 0.00749756 0.0143546 0.01211 3.12182e-05 0.29656 8.14564e-05 1.69096e-07 0.540541 
0.0510704 0.00475927 0.0276619 0.00338206 3.43712e-05 0.00115649 4.27719e-05 0.208213 0.0404756 0.0409528 1.28395e-05 0.0105096 0.000991622 7.34498e-10 0.610737 
0.0216491 0.13291 0.0897623 0.000894563 0.000427636 2.48151e-07 8.13653e-07 0.0164656 0.00910558 0.0514027 6.29349e-05 3.53205e-05 0.000613709 1.08403e-06 0.676668 
0.243665 0.10229 0.00454225 0.00032954 0.00386569 0.00191263 0.00126402 0.0109516 0.264107 0.0172519 0.00014243 0.0298589 1.43337e-05 0.00114421 0.31866 
0.0113678 0.0198226 0.0865025 0.00060767 9.52589e-06 0.295767 0.000129012 0.0209659 0.043832 0.0103015 0.00132424 0.0227811 0.0010942 2.41729e-11 0.485495 
0.0492191 0.000857826 0.00840095 0.000449575 1.31553e-08 1.95373e-07 3.34912e-08 0.00384606 0.0689661 0.0398031 8.9564e-05 0.0365489 0.000554391 3.77682e-11 0.791264 
1.60628e-05 0.0419225 1.30213e-05 5.83523e-07 1.58919e-09 5.89787e-10 1.28517e-07 0.00531621 0.003501 0.0106468 8.46931e-05 0.0327151 0.00310464 2.57644e-09 0.902679 
0.0373243 0.0446735 0.124582 0.00245092 7.34249e-05 0.109474 0.00287789 0.00306647 0.259885 0.0230052 0.0258541 0.0269062 0.000524403 1.21694e-11 0.339302 
0.175352 0.000458374 0.00905598 0.0244277 6.96605e-05 0.0442693 5.406e-06 0.00652849 0.0224973 0.0323372 5.98719e-05 0.0371911 0.000398198 8.55255e-06 0.647341 
0.0203511 0.00455081 0.0138772 1.94709e-08 0.00229647 0.000835743 8.36073e-06 0.0296433 0.000246677 0.0411714 0.00181955 0.0695045 0.0492558 2.08372e-05 0.766418 
0.0136252 0.231452 0.0233607 9.26396e-05 0.00256113 4.22954e-06 2.95237e-09 0.00611061 0.0207432 0.000543441 3.58052e-07 0.000217029 0.00313904 1.13692e-06 0.698149 
0.0548264 0.00577412 0.0587352 0.0138196 0.000894124 0.00653911 2.61205e-05 0.0365717 0.163717 0.0649623 0.00010998 0.272929 0.00267777 0.00194341 0.316474 
0.0110206 0.0560173 0.0950525 8.0892e-08 1.7187e-06 0.00359231 0.000270366 0.0197376 0.0146329 0.041856 3.55278e-06 0.339317 0.00138302 6.59769e-06 0.417109 
0.0044966 5.53968e-06 1.13766e-05 0.00405753 3.40497e-06 0.0175294 0.000151848 0.0697564 1.08233e-05 1.28135e-05 1.17394e-08 3.15382e-05 0.00110288 8.39552e-07 0.902829 
0.00154393 0.0891694 0.103607 0.00193631 0.0102484 0.0031141 1.12014e-05 0.0326378 0.00489849 0.0220527 5.1841e-05 0.0161683 0.00472358 0.000166633 0.70967 
0.106185 0.095513 0.0218137 7.80757e-05 0.0431918 0.00262631 0.00501097 0.134013 0.107798 0.171098 1.97174e-05 0.0233881 0.057358 0.000367715 0.231539 
0.0102238 0.00602987 0.00315147 9.45335e-05 7.26211e-06 0.000240732 3.60762e-05 0.0156571 0.00101794 0.0214565 1.31209e-06 0.00405469 2.81525e-05 1.5378e-06 0.937999 
0.0185025 0.174452 0.2054 6.72522e-05 0.0881373 0.0100591 1.16475e-06 0.0411741 0.0350123 0.0135995 0.000873516 0.000368481 0.0499486 1.07454e-07 0.362404 
0.031472 0.00322559 0.0253279 0.0257825 3.82674e-05 0.000196301 4.0266e-06 0.00593202 0.0398247 0.00808039 2.35075e-05 0.0221734 0.000969664 7.89516e-05 0.836871 
0.0883486 0.0978038 0.186277 0.00172827 0.000433016 0.0805322 0.000173671 0.0278146 0.0316423 0.0946503 0.00209801 0.0193269 0.0185944 0.0126651 0.337912 
0.00952886 0.123422 0.0857178 0.00050727 2.72947e-07 1.25123e-06 1.00576e-05 0.0330714 0.000833037 0.0276475 4.07283e-05 0.000240399 0.00456835 5.47702e-10 0.714411 
0.00897706 0.0296306 0.00202585 8.07599e-05 0.000366364 0.000145402 5.77742e-08 0.0138271 0.0511905 0.0471648 3.9263e-05 0.0189816 0.00249126 0.00010499 0.824975 
3.25984e-06 0.270118 0.0947214 0.0018469 0.0884393 0.00277085 0.000786507 0.0871506 0.0135931 0.059438 1.25484e-05 0.00331806 0.000475317 2.48044e-05 0.377302 
0.0373243 0.0446735 0.124582 0.00245092 7.34249e-05 0.109474 0.00287789 0.00306647 0.259885 0.0230052 0.0258541 0.0269062 0.000524403 1.21694e-11 0.339302 
0.176574 0.00046584 0.00951801 0.0264077 7.53229e-05 0.0462426 5.5633e-06 0.00642254 0.02343 0.0313576 5.80569e-05 0.0365908 0.000395064 1.25135e-05 0.642444 
0.000785415 0.00187888 0.205109 0.00219257 7.29839e-07 0.00605106 1.8752e-05 0.0808917 0.0171052 0.047011 0.000144338 0.0953954 0.0232876 4.32028e-07 0.520128 
0.0202492 0.00283681 1.33068e-05 0.00114763 1.18484e-06 4.39726e-07 1.4418e-06 0.0173948 0.000134215 0.0053165 4.79174e-07 0.355111 8.80735e-07 0.000635428 0.597157 
0.0373243 0.0446735 0.124582 0.00245092 7.34249e-05 0.109474 0.00287789 0.00306647 0.259885 0.0230052 0.0258541 0.0269062 0.000524403 1.21694e-11 0.339302 
0.0113678 0.0198226 0.0865025 0.00060767 9.52589e-06 0.295767 0.000129012 0.0209659 0.043832 0.0103015 0.00132424 0.0227811 0.0010942 2.41729e-11 0.485495 
0.0513334 0.00371275 0.111767 0.000102601 0.0181209 0.0155747 1.04029e-06 0.0325089 0.0191615 0.0373192 9.3548e-05 0.292448 3.0763e-07 3.75292e-06 0.417852 
0.021052 0.0016262 0.0158147 0.0102642 0.00251578 0.00127633 1.17177e-05 0.0159568 0.0262428 0.0201877 7.64611e-06 0.407483 0.000393402 4.87638e-07 0.477167 
0.00791427 0.022451 0.00880542 0.000279826 2.76253e-08 0.0179255 0.000523964 0.00466305 0.0180892 3.09491e-07 0.00320482 0.00359562 0.00177924 8.56174e-11 0.910768 
0.00791427 0.022451 0.00880542 0.000279826 2.76253e-08 0.0179255 0.000523964 0.00466305 0.0180892 3.09491e-07 0.00320482 0.00359562 0.00177924 8.56174e-11 0.910768 
0.00791427 0.022451 0.00880542 0.000279826 2.76253e-08 0.0179255 0.000523964 0.00466305 0.0180892 3.09491e-07 0.00320482 0.00359562 0.00177924 8.56174e-11 0.910768 
0.00295034 0.280371 0.0830612 0.001045 0.000938934 0.000120389 3.65958e-05 0.00989345 0.0240798 0.096538 0.000348654 0.000878937 0.0412473 0.000161198 0.458329 
0.00791427 0.022451 0.00880542 0.000279826 2.76253e-08 0.0179255 0.000523964 0.00466305 0.0180892 3.09491e-07 0.00320482 0.00359562 0.00177924 8.56174e-11 0.910768 
0.237032 0.135706 0.018092 0.0079023 6.6217e-05 0.000349586 0.000649801 0.0587185 0.0827578 0.0553711 2.08795e-05 0.0178915 0.000621687 0.0361123 0.348708 
0.0412748 0.262239 0.024085 0.00275223 0.0476005 0.00112577 7.80175e-05 0.00423758 0.0424393 0.0250535 1.60905e-05 0.00514448 0.000147409 6.12446e-07 0.543806 
1.1836e-05 0.203782 0.0596577 1.37647e-05 0.0215444 8.55806e-08 4.18924e-05 5.41601e-05 2.64204e-05 0.0322926 1.7162e-05 0.0236778 1.0629e-05 3.73852e-07 0.658869 
0.000139683 0.249768 0.110488 5.03401e-09 2.8163e-06 2.3481e-06 2.00508e-07 0.175792 0.0261166 0.138314 1.00936e-05 0.00695755 0.0326218 3.38706e-08 0.259786 
0.202176 0.188487 0.0314516 0.000214288 9.95373e-05 0.00254485 0.000341754 0.040787 0.167951 0.0909994 1.93486e-05 0.00670019 0.0146691 3.52068e-05 0.253524 
0.0301164 0.135538 0.25935 0.00713633 0.000429603 1.03148e-05 1.22724e-06 0.0689647 0.111124 0.0683696 2.23306e-06 0.0108364 0.000340997 5.67022e-08 0.30778 
0.00791427 0.022451 0.00880542 0.000279826 2.76253e-08 0.0179255 0.000523964 0.00466305 0.0180892 3.09491e-07 0.00320482 0.00359562 0.00177924 8.56174e-11 0.910768 
0.0071376 0.000634809 0.305375 1.69167e-08 3.22315e-07 0.00176937 8.62977e-05 1.44779e-11 1.12183e-06 0.0180951 0.0394728 0.115348 0.00177061 0.000941943 0.509366 
1.77188e-08 0.0809244 4.3802e-05 3.56421e-05 1.09815e-07 3.56807e-06 4.2215e-06 3.24258e-05 1.37365e-08 2.2305e-05 4.44114e-08 2.90644e-08 8.16295e-08 1.78036e-07 0.918933 
0.00743812 0.124016 0.0540655 0.000650426 0.00478062 0.00772467 1.07349e-05 0.102164 0.0107507 0.00246183 0.000378783 0.0183696 7.00275e-06 0.000201285 0.666981 
0.0510704 0.00475927 0.0276619 0.00338206 3.43712e-05 0.00115649 4.27719e-05 0.208213 0.0404756 0.0409528 1.28395e-05 0.0105096 0.000991622 7.34498e-10 0.610737 
0.00190846 0.0658606 0.00176592 2.82392e-06 2.65621e-09 0.000563321 3.23227e-09 5.26357e-06 9.60738e-07 0.00185858 1.07422e-09 6.38859e-06 1.97445e-09 6.29489e-07 0.928027 
0.0748178 0.11777 0.0588039 6.10505e-05 0.000219623 4.21432e-07 0.124048 0.0122576 0.0398264 0.0214392 0.000131903 0.0496596 2.04166e-05 0.106564 0.394381 
0.00230294 0.0053883 0.000241157 0.0446887 1.55719e-07 0.0410801 0.0629777 0.202745 0.00179004 0.0253482 4.13087e-07 0.00278031 0.000136439 2.67188e-06 0.610518 
0.00207013 0.0125005 0.0844977 0.00976453 0.000103798 7.96072e-05 3.85226e-07 0.0387242 0.057691 0.0368365 3.12164e-06 0.00234376 0.00108159 0.000223776 0.754079 
5.35827e-06 0.0513877 0.0389921 0.0206041 0.00558281 0.00493921 4.07046e-07 0.282731 0.00455026 1.18505e-05 6.54927e-06 0.00553802 0.0165961 8.75734e-06 0.569046 
0.00207013 0.0125005 0.0844977 0.00976453 0.000103798 7.96072e-05 3.85226e-07 0.0387242 0.057691 0.0368365 3.12164e-06 0.00234376 0.00108159 0.000223776 0.754079 
