0.00892749 0.320549 0.143322 0.039032 7.86755e-05 2.78999e-10 1.84137e-07 0.0429301 0.0103906 0.0189124 3.26383e-05 4.37308e-07 0.000788682 1.21197e-06 0.415034 
0.000317264 0.00507718 0.00124732 1.05263e-07 4.36858e-07 1.62129e-07 5.31601e-07 0.000243594 5.46453e-08 0.000799769 0.00024752 1.15622e-07 3.24732e-07 7.0825e-07 0.992065 
0.00489193 0.203457 0.125763 0.000214808 0.113923 0.0278346 2.67724e-06 0.0227191 0.0144902 0.106979 0.000349826 0.00885454 0.034997 8.12813e-08 0.335523 
0.00229182 0.0217387 0.00248882 9.61411e-08 5.92785e-05 0.000103187 2.77157e-07 0.00394582 0.000487223 0.0135846 2.15163e-05 1.04316e-10 0.0291411 6.38998e-10 0.926138 
0.00229182 0.0217387 0.00248882 9.61411e-08 5.92785e-05 0.000103187 2.77157e-07 0.00394582 0.000487223 0.0135846 2.15163e-05 1.04316e-10 0.0291411 6.38998e-10 0.926138 
0.00207013 0.0125005 0.0844977 0.00976453 0.000103798 7.96072e-05 3.85226e-07 0.0387242 0.057691 0.0368365 3.12164e-06 0.00234376 0.00108159 0.000223776 0.754079 
0.000924273 0.276127 0.00115273 5.99174e-05 9.75748e-07 0.0187292 1.18736e-06 0.110931 1.37871e-05 0.130907 1.05708e-05 0.0199902 0.0486243 1.58192e-06 0.392526 
0.0129407 0.0161796 0.108178 0.00209571 5.42322e-07 0.00154362 6.27006e-07 0.00598428 0.0396153 0.0369659 0.000140744 0.227177 1.80555e-05 2.55225e-06 0.549157 
0.00266128 0.014412 0.104949 0.0125533 0.000133344 0.000102234 4.82142e-07 0.0486938 0.074172 0.04736 3.98663e-06 0.00301306 0.00138987 0.000287278 0.690268 
0.00273835 0.00143809 0.0612824 1.42687e-07 1.22984e-07 0.000541481 1.72704e-07 0.00367639 0.0032815 0.00835234 1.63018e-05 0.0123562 0.000544413 2.81502e-07 0.905772 
0.00246847 0.235192 0.109822 0.000310992 5.10185e-05 0.0563886 1.17322e-09 0.0447768 0.0398044 0.131385 0.000365343 0.00413294 0.0289187 1.56308e-09 0.346384 
0.014541 0.0915614 0.000899502 0.00043985 9.64136e-05 0.0051244 6.27538e-06 0.220575 0.00940826 0.0703463 1.49464e-07 0.0158414 0.105347 2.48775e-05 0.465788 
0.0769238 0.0136829 0.02963 1.76998e-05 2.60143e-05 0.000171928 2.43237e-05 0.0589304 0.0128784 0.168629 6.61282e-06 0.152309 0.198821 0.000132064 0.287816 
0.176957 0.0381889 0.0187268 0.000854696 1.90609e-05 0.0107853 4.88508e-05 0.000222521 0.041652 0.0135677 2.61094e-07 0.00715922 0.000577059 1.16461e-05 0.691229 
0.00747185 0.000190149 0.304065 6.80163e-07 0.000146418 0.00110814 0.000140077 0.000503107 0.00132582 0.0127479 0.0139493 0.161302 0.00154382 0.000283663 0.495222 
0.0228299 0.14015 0.0774813 0.00280045 0.000517556 0.00856217 0.000154398 0.0908836 0.0216466 0.00865404 3.47441e-05 0.0175587 4.49454e-05 0.00097544 0.607706 
0.00791427 0.022451 0.00880542 0.000279826 2.76253e-08 0.0179255 0.000523964 0.00466305 0.0180892 3.09491e-07 0.00320482 0.00359562 0.00177924 8.56174e-11 0.910768 
0.0373243 0.0446735 0.124582 0.00245092 7.34249e-05 0.109474 0.00287789 0.00306647 0.259885 0.0230052 0.0258541 0.0269062 0.000524403 1.21694e-11 0.339302 
0.0534852 0.0606717 0.0281224 2.15745e-05 0.00199743 0.000290209 4.99162e-07 0.0426783 0.149557 0.0626522 1.78576e-05 0.178424 0.000244365 0.00129071 0.420546 
0.00791427 0.022451 0.00880542 0.000279826 2.76253e-08 0.0179255 0.000523964 0.00466305 0.0180892 3.09491e-07 0.00320482 0.00359562 0.00177924 8.56174e-11 0.910768 
0.0446851 0.0742103 0.136 1.83137e-05 6.30068e-05 0.000970565 5.8602e-06 0.0119398 0.000389641 0.112126 9.92987e-08 0.00389601 0.0011527 0.0445517 0.569991 
0.00190846 0.0658606 0.00176592 2.82392e-06 2.65621e-09 0.000563321 3.23227e-09 5.26357e-06 9.60738e-07 0.00185858 1.07422e-09 6.38859e-06 1.97445e-09 6.29489e-07 0.928027 
0.00791427 0.022451 0.00880542 0.000279826 2.76253e-08 0.0179255 0.000523964 0.00466305 0.0180892 3.09491e-07 0.00320482 0.00359562 0.00177924 8.56174e-11 0.910768 
0.00180711 0.00615554 0.0335535 0.000177265 8.77542e-06 2.53469e-07 0.000543974 0.00049268 0.000913934 0.00791059 6.30189e-05 5.26029e-06 0.00809715 0.00115392 0.939117 
0.00229182 0.0217387 0.00248882 9.61411e-08 5.92785e-05 0.000103187 2.77157e-07 0.00394582 0.000487223 0.0135846 2.15163e-05 1.04316e-10 0.0291411 6.38998e-10 0.926138 
0.214279 0.0658202 0.0232133 0.0061295 0.0114614 0.00183844 0.00101029 0.100837 0.130208 0.0592322 0.000152741 0.0766936 0.000227287 1.72095e-06 0.308895 
0.0113678 0.0198226 0.0865025 0.00060767 9.52589e-06 0.295767 0.000129012 0.0209659 0.043832 0.0103015 0.00132424 0.0227811 0.0010942 2.41729e-11 0.485495 
0.0105311 0.0418043 0.09083 3.36879e-05 0.000875208 0.000205351 2.13639e-05 0.00434205 0.00341996 0.00907758 7.74454e-05 0.00231687 0.000824365 0.00116764 0.834473 
0.00791427 0.022451 0.00880542 0.000279826 2.76253e-08 0.0179255 0.000523964 0.00466305 0.0180892 3.09491e-07 0.00320482 0.00359562 0.00177924 8.56174e-11 0.910768 
0.00791427 0.022451 0.00880542 0.000279826 2.76253e-08 0.0179255 0.000523964 0.00466305 0.0180892 3.09491e-07 0.00320482 0.00359562 0.00177924 8.56174e-11 0.910768 
0.0110428 0.0261939 0.031277 0.0444288 0.0477071 0.000923994 0.000166324 0.0972639 0.0375167 0.0539383 1.0859e-05 0.012511 0.00425367 0.00146953 0.631296 
0.0830004 0.0235348 0.0254293 0.000142667 5.94553e-05 2.84721e-05 2.12296e-06 0.0194418 0.140929 0.00932311 0.000350495 0.0382618 1.15395e-05 4.59063e-09 0.659485 
0.0513334 0.00371275 0.111767 0.000102601 0.0181209 0.0155747 1.04029e-06 0.0325089 0.0191615 0.0373192 9.3548e-05 0.292448 3.0763e-07 3.75292e-06 0.417852 
0.00229182 0.0217387 0.00248882 9.61411e-08 5.92785e-05 0.000103187 2.77157e-07 0.00394582 0.000487223 0.0135846 2.15163e-05 1.04316e-10 0.0291411 6.38998e-10 0.926138 
0.0833343 0.234571 0.0043755 0.00228618 0.000111335 0.00251641 4.93059e-05 0.0452781 0.139759 0.0126622 0.000139368 0.141138 0.000180027 7.12018e-05 0.333529 
0.016463 0.0383382 0.172419 0.00112021 0.00307619 0.260582 9.21758e-05 0.0157096 0.108484 0.00896202 0.00303119 0.023737 0.00120137 3.09492e-11 0.346784 
0.000424879 7.62751e-05 0.0436044 1.93777e-07 8.04203e-07 2.98461e-07 9.78613e-07 0.000203562 0.0078406 0.000155377 3.25236e-07 8.46643e-05 0.000273198 1.3038e-06 0.947333 
0.0007544 0.0188879 0.0752042 1.88239e-07 0.0409072 0.000644877 3.10979e-07 0.0395552 0.00250353 0.0169222 0.00022543 0.00225231 0.0130869 1.968e-08 0.789055 
0.010859 0.220246 0.00459616 0.027751 0.0195356 6.71947e-05 0.0194096 0.0967115 0.0254692 0.0136876 0.000426933 0.000162405 0.00952807 0.000198952 0.551351 
0.0145315 0.203625 0.00126125 0.000150942 2.53373e-07 0.000144455 3.43826e-06 0.0186099 0.0166257 0.0527594 1.83687e-05 0.064576 0.000203339 4.10777e-07 0.62749 
0.00229182 0.0217387 0.00248882 9.61411e-08 5.92785e-05 0.000103187 2.77157e-07 0.00394582 0.000487223 0.0135846 2.15163e-05 1.04316e-10 0.0291411 6.38998e-10 0.926138 
0.265323 0.0336316 0.281911 1.47563e-10 6.12406e-10 2.27279e-10 7.4522e-10 0.0967361 5.55385e-06 8.58335e-06 2.47669e-10 0.00420602 1.50683e-05 9.92854e-10 0.318163 
0.00735081 0.1275 0.0517337 0.000724256 0.00963154 0.00154073 0.00379384 0.0376238 0.160367 0.00770158 0.000114922 0.179369 3.15018e-05 1.013e-07 0.412517 
0.0810956 6.68573e-05 0.0386183 0.000171005 4.40848e-05 0.00385951 0.00241848 0.0022391 0.00192438 0.0113621 0.0353775 0.267775 0.000956205 1.45966e-05 0.554078 
0.253069 0.0662101 0.124133 0.000175115 1.77872e-06 0.00302908 0.00178914 0.00660906 0.0356853 0.221108 3.42157e-05 0.00211631 9.50288e-05 3.42335e-06 0.285941 
0.0142491 0.280302 1.28865e-09 2.00114e-09 0.00215356 3.08221e-09 1.01061e-08 0.115241 4.61602e-06 0.0416371 0.00664385 0.108538 0.0364802 1.34644e-08 0.39475 
0.030743 0.342064 0.0293274 0.00123046 0.00123768 0.00707151 0.00124532 0.0379992 0.0349911 0.022164 0.00959648 0.00128291 0.000425022 1.14804e-07 0.480622 
0.00510751 0.137756 0.0027795 0.000187705 0.0211633 0.0203524 0.000150742 0.00142983 0.00316277 0.00281518 0.000127791 0.00263639 0.000489547 3.41705e-05 0.801807 
0.0297137 0.0724304 0.133893 0.00841623 7.99865e-05 0.0172857 0.161696 0.00442789 0.00972524 0.0116469 0.00722477 0.00245883 0.00108564 3.28476e-06 0.539912 
0.0113678 0.0198226 0.0865025 0.00060767 9.52589e-06 0.295767 0.000129012 0.0209659 0.043832 0.0103015 0.00132424 0.0227811 0.0010942 2.41729e-11 0.485495 
0.036552 0.00824257 0.0447043 0.000130536 0.000769408 0.00995974 5.07065e-05 0.108306 0.0110689 0.0543985 2.17551e-05 0.109836 0.00045727 0.000105092 0.615397 
2.86801e-08 0.321185 0.319435 0.00231931 1.7775e-07 6.59675e-08 2.16299e-07 0.0118792 4.28148e-05 0.0118059 7.18854e-08 0.000323318 1.32128e-07 2.88174e-07 0.333009 
0.0575741 0.00472201 0.00857704 0.000161602 0.000214125 2.88459e-05 0.000260456 0.0082547 0.345624 0.00575005 1.15732e-05 0.00878202 0.000398599 1.90409e-09 0.559641 
0.00791427 0.022451 0.00880542 0.000279826 2.76253e-08 0.0179255 0.000523964 0.00466305 0.0180892 3.09491e-07 0.00320482 0.00359562 0.00177924 8.56174e-11 0.910768 
8.2577e-12 0.00163855 7.94112e-12 1.07164e-06 1.54047e-08 1.89936e-11 6.22777e-11 0.00121184 2.36929e-08 3.45534e-08 2.06976e-11 1.35452e-11 3.80427e-11 8.29723e-11 0.997148 
0.0431645 0.0333604 0.00807727 0.00191856 0.00117379 8.68626e-07 0.00231634 0.0308523 0.170529 0.0130847 5.91505e-06 0.0404198 0.00198521 4.32954e-07 0.65311 
3.10294e-08 0.13752 0.00910965 0.00175837 7.83676e-05 0.000675141 0.00016992 0.108068 0.0765446 0.0323545 0.00482918 0.00288675 0.00627904 3.7794e-05 0.619689 
0.00793006 0.408676 0.0102879 3.57054e-05 0.000104374 2.83046e-05 1.00263e-05 0.0334422 0.00938002 0.0526868 0.000131524 0.00381488 0.00767975 7.00367e-07 0.465791 
0.0113678 0.0198226 0.0865025 0.00060767 9.52589e-06 0.295767 0.000129012 0.0209659 0.043832 0.0103015 0.00132424 0.0227811 0.0010942 2.41729e-11 0.485495 
0.0527694 0.0155983 0.0631428 0.000784817 9.52822e-07 0.00400467 9.90069e-05 0.179636 0.0104176 0.0900576 2.69375e-05 0.0149655 0.170477 0.00205098 0.395968 
0.0990367 0.141489 0.0683918 0.0012871 0.000306423 0.0169573 8.58117e-05 0.0959269 0.044561 0.053886 0.000198209 0.0529932 0.00714769 0.0470665 0.370666 
0.0673743 0.0469156 9.51463e-05 0.00615722 0.000196104 2.3909e-07 7.83945e-07 0.231631 7.38655e-05 0.111805 0.000139962 0.0172899 4.78878e-07 1.04445e-06 0.518319 
0.239778 0.0197405 0.0470575 1.51739e-05 0.00153161 1.51723e-05 1.51618e-05 0.110797 1.51754e-05 1.51755e-05 1.51719e-05 1.51736e-05 1.51678e-05 1.51569e-05 0.580959 
0.0044966 5.53968e-06 1.13766e-05 0.00405753 3.40497e-06 0.0175294 0.000151848 0.0697564 1.08233e-05 1.28135e-05 1.17394e-08 3.15382e-05 0.00110288 8.39552e-07 0.902829 
0.222332 0.0337039 0.0128879 5.28457e-05 4.04269e-05 0.000588225 0.000205061 0.00526937 0.317053 0.0261792 1.30822e-06 0.0601279 1.07898e-05 0.00330671 0.318241 
0.00128279 0.00170749 0.00183287 8.83893e-08 3.66828e-07 0.0621324 9.0683e-06 0.208373 5.3694e-05 9.90107e-05 6.24502e-06 0.00687361 0.00468588 5.94715e-07 0.712943 
0.0131139 0.00122068 0.171722 5.04105e-09 1.19087e-06 0.000891034 2.70872e-07 0.0181414 0.0278091 0.0288058 0.000359497 0.0927733 0.0356379 0.00728073 0.602243 
0.00104744 6.48606e-06 0.174967 5.41939e-06 2.24912e-05 8.34708e-06 2.7369e-05 2.41131e-06 2.81336e-06 2.57331e-06 9.09589e-06 0.000198642 1.67185e-05 3.64636e-05 0.823647 
0.190738 0.00543577 0.268474 6.67464e-05 2.06123e-05 0.000304841 0.0805123 0.0751368 0.0554422 0.0221418 1.39796e-05 0.0153459 6.64737e-07 0.00212967 0.284237 
0.0406827 0.0249088 0.0408609 0.00131906 0.000452876 0.00112501 0.00127511 0.0101535 0.10013 0.0118386 0.000445454 0.0990251 0.000183603 9.92585e-07 0.667598 
0.0296785 0.0244561 0.0333674 0.00790264 0.0049758 0.00344475 1.01397e-06 0.204581 0.0174971 0.102849 8.71407e-06 0.00848744 0.0166047 0.00935934 0.536786 
0.288527 0.00259454 0.0766259 0.00662096 0.00251501 0.0216567 0.000312412 0.0933229 0.0629801 0.0135581 0.0597738 0.00345676 0.00680521 2.4124e-06 0.361249 
0.207621 0.0444615 4.09633e-06 0.000615014 1.49785e-06 1.12192e-06 1.14374e-06 0.0079627 0.0111381 5.57772e-06 5.72115e-07 0.016715 0.000283429 4.56127e-08 0.711189 
0.235844 0.0147246 0.025275 0.00585644 0.00607377 0.000750703 1.10527e-07 0.0658449 0.0671453 0.0252576 0.000108532 0.0132097 5.03557e-05 0.0028783 0.536981 
0.110342 0.0143287 0.00554493 0.00369837 9.94744e-06 0.00116563 7.51407e-07 0.0112472 0.0159197 0.00562924 4.13523e-05 0.163537 0.000568494 7.2255e-06 0.66796 
0.0369772 0.000647997 0.000667323 4.35619e-05 8.92776e-09 0.000720349 0.000636212 0.00540283 0.0239101 4.29236e-05 1.47536e-06 0.000666407 0.000544105 1.4474e-08 0.929739 
0.0280672 0.0645346 0.168028 0.00175068 0.000257678 0.078196 0.00209693 0.0040357 0.202727 0.0324806 0.019047 0.0195032 0.000779754 1.17528e-11 0.378495 
0.0855729 0.00716238 0.0361361 0.007451 0.000126132 0.00459144 0.000105651 0.0253169 0.0556356 0.0328462 0.00199312 0.236784 0.00166816 0.00133207 0.503279 
0.0230506 0.0598887 0.0273086 0.0203951 0.0294386 0.000887725 0.000409752 0.0778671 0.0501547 0.0398002 1.8122e-05 0.0101464 0.00230785 0.00135101 0.656975 
0.0512326 0.0141791 0.0049626 0.000149787 0.000342923 0.000523515 1.75428e-06 0.00505846 0.0112464 0.014147 1.09861e-06 0.0392576 7.46171e-06 1.34035e-05 0.858876 
0.0959816 0.162436 0.117194 2.95105e-05 1.02733e-08 0.00947846 6.41829e-07 0.126718 0.0129536 0.0196936 6.126e-07 1.2303e-05 1.75505e-06 0.00302338 0.452477 
0.00347406 0.306614 0.000577799 8.3044e-06 0.0245679 2.54171e-05 2.56961e-06 0.16297 0.00225403 0.0227416 3.34492e-05 2.89383e-06 0.00302244 0.000512201 0.473193 
0.0136455 0.0957563 0.0555481 0.00788691 0.0921492 0.00413142 0.000551609 0.0992788 0.0176397 0.0302963 4.88499e-05 0.00632245 0.00507786 6.91872e-05 0.571598 
0.00829356 0.00019426 2.71206e-10 5.55967e-06 1.74785e-09 2.60117e-07 2.12691e-09 6.7404e-05 1.34025e-05 4.35354e-05 3.46435e-06 0.0179918 7.53686e-06 6.52028e-06 0.973373 
0.0433574 0.180836 0.0341523 0.000630265 0.000175115 0.00213918 1.2865e-05 0.0185376 0.130463 0.0262749 1.48213e-05 0.00354745 1.84373e-05 4.07846e-05 0.559801 
0.0292692 0.0790476 0.0872734 0.0499235 0.00195377 0.121886 0.000580306 0.12894 0.117273 0.0476333 0.0086645 0.0110314 0.00350301 2.33457e-09 0.313022 
0.00791427 0.022451 0.00880542 0.000279826 2.76253e-08 0.0179255 0.000523964 0.00466305 0.0180892 3.09491e-07 0.00320482 0.00359562 0.00177924 8.56174e-11 0.910768 
0.00206945 0.145946 0.0385581 0.00162648 0.00503494 0.000692485 7.24936e-08 0.0817051 0.00904966 0.0229575 1.03352e-05 2.6239e-05 0.0272578 9.6583e-08 0.665066 
0.00577288 0.111889 0.0331235 0.000846539 0.129914 0.0152703 1.93371e-05 0.0539504 0.0242499 0.0666525 0.000588622 0.00814613 0.0678516 1.14638e-05 0.481714 
0.120517 0.00581859 0.00730322 3.11039e-05 0.000350395 1.40199e-06 0.000191446 0.00518823 0.0750495 0.0124915 5.05591e-06 0.0223006 0.000943359 7.04343e-09 0.749809 
0.0292565 0.0937291 0.0681658 4.70605e-05 0.00327776 0.000303407 4.03367e-05 0.0796518 0.0472459 0.231434 5.54828e-07 0.0073754 0.000243438 0.00880638 0.430423 
0.00207013 0.0125005 0.0844977 0.00976453 0.000103798 7.96072e-05 3.85226e-07 0.0387242 0.057691 0.0368365 3.12164e-06 0.00234376 0.00108159 0.000223776 0.754079 
0.015276 0.14272 0.016822 1.04909e-07 0.000855624 3.84631e-11 1.89186e-06 0.156541 0.0494909 0.0312761 5.03383e-08 0.0179113 0.0248329 1.68023e-10 0.544272 
0.00564597 0.062495 0.151911 0.0771729 0.00196435 2.51778e-05 0.000470625 0.0691475 0.00156707 0.0667059 1.80709e-05 0.000572207 0.0378918 9.92333e-09 0.524412 
0.0172594 0.177334 0.00672866 0.0018863 0.00677809 0.00104393 0.00115338 0.0882967 0.0387484 0.0194693 0.0101434 0.00499404 0.0361851 8.27453e-05 0.589897 
0.0195416 0.155635 0.103613 4.68087e-05 0.00315439 0.00980491 1.52492e-05 0.0999718 0.0667417 0.135884 0.000227083 0.00834481 0.00856876 0.000150183 0.388301 
0.236316 6.85427e-05 0.00350955 0.032058 0.000115287 0.0709127 5.83397e-06 0.00703517 0.00573865 0.0164611 4.76493e-05 0.0329947 0.000191472 3.01022e-08 0.594546 
0.0749343 0.0270932 0.0776219 0.000114576 1.46574e-07 0.00298127 1.78362e-07 0.0315462 0.00063807 0.000239902 0.000160993 0.00253243 5.76578e-05 2.37631e-07 0.782079 
0.00578346 0.0834855 0.0273842 0.0237673 9.2711e-05 6.97885e-05 5.41666e-05 0.0659264 0.137937 0.0409303 0.000212852 0.196218 0.015954 0.00311253 0.399072 
0.0100631 0.203983 0.0604999 0.00311972 0.0171039 0.00124404 0.000845082 0.0908905 0.107676 0.0318421 3.87265e-05 0.00720222 0.0730849 1.62147e-06 0.392405 
0.0696244 0.0749653 0.104727 0.0137428 0.0511043 0.00174937 9.47721e-05 0.107033 0.0673785 0.0561421 0.00174829 0.0436834 0.0471729 0.00506234 0.355772 
1.68363e-07 0.0292434 0.0100984 0.00160988 0.000143935 3.87254e-07 0.00170854 0.00428768 0.000120779 9.41246e-05 4.21994e-07 2.76168e-07 7.75639e-07 1.69169e-06 0.95269 
0.0373243 0.0446735 0.124582 0.00245092 7.34249e-05 0.109474 0.00287789 0.00306647 0.259885 0.0230052 0.0258541 0.0269062 0.000524403 1.21694e-11 0.339302 
0.0102914 0.00364444 0.0763313 1.1113e-06 9.84499e-05 0.00146508 1.38085e-07 0.00892751 7.07156e-07 0.0318974 0.000656307 0.0660904 0.00168922 0.000200471 0.798706 
0.00992699 0.292075 0.0310723 0.000446191 0.00022892 0.000965743 0.000101511 0.0571827 0.0123214 0.0706996 4.25252e-05 0.00251496 0.00179785 4.95451e-05 0.520575 
0.0136252 0.231452 0.0233607 9.26396e-05 0.00256113 4.22954e-06 2.95237e-09 0.00611061 0.0207432 0.000543441 3.58052e-07 0.000217029 0.00313904 1.13692e-06 0.698149 
0.00190846 0.0658606 0.00176592 2.82392e-06 2.65621e-09 0.000563321 3.23227e-09 5.26357e-06 9.60738e-07 0.00185858 1.07422e-09 6.38859e-06 1.97445e-09 6.29489e-07 0.928027 
0.10539 0.00170599 0.00283997 0.00422778 1.88327e-05 0.0309334 7.49081e-05 0.0195236 0.0276758 0.00926967 0.000120613 0.0356635 0.000138717 5.60174e-11 0.762418 
0.0520505 0.130297 0.0275495 4.24561e-08 1.80393e-07 1.12089e-07 1.02128e-07 0.0761442 0.010933 0.191874 9.16129e-08 1.11007e-11 2.96211e-07 6.79981e-11 0.511152 
0.00081913 0.127833 0.0148777 1.71879e-08 7.13322e-08 0.000113259 8.68022e-08 0.0255403 0.00320427 0.0403831 0.000436969 1.88792e-08 0.000299296 1.15646e-07 0.786492 
0.000979621 0.0140648 0.0362183 0.0552311 0.00122418 0.00413806 1.57078e-05 0.0657282 0.135652 0.273006 6.41181e-07 0.00234714 0.00376729 0.00151422 0.406113 
0.00891032 0.0269691 0.0100885 0.000303564 5.77697e-07 0.0173642 0.00117303 0.0303303 0.0185745 0.000344255 0.00317659 0.00666386 0.00185949 1.21704e-10 0.874242 
0.00173823 0.0219028 0.00212819 1.91282e-05 1.47434e-05 1.06235e-05 2.43865e-07 0.000235718 0.000284413 0.00453048 2.38488e-05 0.00236637 6.54717e-06 0.000690761 0.966048 
0.00229182 0.0217387 0.00248882 9.61411e-08 5.92785e-05 0.000103187 2.77157e-07 0.00394582 0.000487223 0.0135846 2.15163e-05 1.04316e-10 0.0291411 6.38998e-10 0.926138 
0.000605818 0.000108464 0.000808175 3.80767e-09 1.58024e-08 5.86467e-09 1.92295e-08 0.000290217 0.00014331 0.000221483 6.39079e-09 0.000120456 0.000388818 2.56194e-08 0.997313 
0.0834485 0.0259001 0.0706807 0.000161552 0.000727048 0.020842 0.000112258 0.0586104 0.0262744 0.044514 0.000298326 0.0236813 0.0960266 1.53026e-05 0.548708 
0.00431719 6.00066e-08 0.103353 2.29577e-09 3.71168e-07 0.000777856 9.34684e-06 0.00172637 8.22144e-11 0.0153069 0.000259014 0.106652 0.00188632 8.74758e-05 0.765624 
0.162412 0.095455 0.0437605 0.0020257 0.00207466 0.0012711 6.57039e-05 0.0650915 0.0964052 0.00916329 3.69918e-05 0.00780888 0.0392475 0.00159854 0.473584 
0.0201227 0.100061 0.00565296 0.000716517 4.97211e-09 6.18123e-06 6.05042e-09 0.0723006 0.090462 0.047655 2.58436e-06 0.0131726 5.95176e-06 8.06096e-09 0.649842 
0.0619236 0.0349625 0.0486115 0.000170531 0.000458704 0.00471919 5.54929e-05 0.0039744 0.0472308 0.0715924 2.35945e-06 0.0309625 0.00164934 2.53479e-07 0.693686 
0.00936648 0.217287 0.0598698 7.54162e-07 0.00620146 0.0076178 4.96751e-06 0.23368 0.116408 0.0276092 3.32902e-07 0.0226351 0.0283544 6.29931e-07 0.270965 
0.11886 0.208385 0.134924 0.000810979 0.0483956 0.00905298 0.00019896 0.150421 0.0143644 0.0308893 0.000345108 0.0211537 0.00767863 3.51065e-08 0.254519 
0.00791427 0.022451 0.00880542 0.000279826 2.76253e-08 0.0179255 0.000523964 0.00466305 0.0180892 3.09491e-07 0.00320482 0.00359562 0.00177924 8.56174e-11 0.910768 
0.0149877 0.164251 0.192472 0.0370141 0.00118314 0.00394161 2.07843e-05 0.128098 0.0698489 0.144235 9.48715e-06 0.0172085 0.00446362 1.58835e-08 0.222266 
0.0105022 0.00758052 0.00601757 2.23738e-06 0.000557189 0.00375073 1.21515e-05 0.121588 0.00575461 0.0316828 1.06745e-06 0.0135863 1.41988e-08 3.09681e-08 0.798964 
0.00311736 0.068012 0.00594173 0.0415436 0.000243466 0.0189043 3.11239e-07 0.244499 0.0740035 0.0913229 0.000203886 1.74858e-05 0.00410463 2.90321e-10 0.448086 
0.0733468 0.0560571 0.0209855 0.000651347 0.130317 0.00662948 0.00113305 0.123297 0.0191302 0.0124046 0.000103873 0.00314026 0.00118993 1.26414e-05 0.551602 
0.0513334 0.00371275 0.111767 0.000102601 0.0181209 0.0155747 1.04029e-06 0.0325089 0.0191615 0.0373192 9.3548e-05 0.292448 3.0763e-07 3.75292e-06 0.417852 
0.0313045 0.0411297 0.00482291 3.16541e-05 2.86531e-07 0.000501551 1.05193e-07 0.0954049 0.378651 0.00439642 8.80089e-11 8.06332e-05 9.73343e-06 7.52968e-06 0.443659 
0.0196435 0.094386 0.0148165 0.00325351 0.0370102 0.00925111 7.71699e-06 0.339891 0.00644221 0.0124734 1.6825e-05 0.00954395 6.4691e-05 1.64816e-05 0.453183 
0.0915892 0.0249939 0.0124195 0.000633147 0.000244666 0.00437373 0.000554786 0.0397555 0.0280335 0.0396352 0.000198008 0.0109377 0.00150773 0.00167392 0.74345 
0.0373243 0.0446735 0.124582 0.00245092 7.34249e-05 0.109474 0.00287789 0.00306647 0.259885 0.0230052 0.0258541 0.0269062 0.000524403 1.21694e-11 0.339302 
0.016463 0.0383382 0.172419 0.00112021 0.00307619 0.260582 9.21758e-05 0.0157096 0.108484 0.00896202 0.00303119 0.023737 0.00120137 3.09492e-11 0.346784 
0.0113678 0.0198226 0.0865025 0.00060767 9.52589e-06 0.295767 0.000129012 0.0209659 0.043832 0.0103015 0.00132424 0.0227811 0.0010942 2.41729e-11 0.485495 
0.00207013 0.0125005 0.0844977 0.00976453 0.000103798 7.96072e-05 3.85226e-07 0.0387242 0.057691 0.0368365 3.12164e-06 0.00234376 0.00108159 0.000223776 0.754079 
0.00791427 0.022451 0.00880542 0.000279826 2.76253e-08 0.0179255 0.000523964 0.00466305 0.0180892 3.09491e-07 0.00320482 0.00359562 0.00177924 8.56174e-11 0.910768 
0.00791427 0.022451 0.00880542 0.000279826 2.76253e-08 0.0179255 0.000523964 0.00466305 0.0180892 3.09491e-07 0.00320482 0.00359562 0.00177924 8.56174e-11 0.910768 
0.0390826 0.107287 0.0408345 1.09876e-07 0.000560479 0.000799231 5.54895e-07 0.00352318 0.00341452 0.0732015 0.00259915 0.0110145 0.000841664 7.924e-05 0.716761 
0.0160747 0.164946 0.147392 0.000152789 0.000551983 0.000390459 3.33205e-06 0.0640492 0.0297709 0.0821393 1.92169e-05 0.000240161 0.0301739 1.03362e-05 0.464086 
0.0820019 0.156247 0.101544 0.000682403 0.000634827 0.000274175 0.0326079 0.0406125 0.0322574 0.0109943 0.00479898 0.0562202 0.000758066 0.0115195 0.468847 
0.00791427 0.022451 0.00880542 0.000279826 2.76253e-08 0.0179255 0.000523964 0.00466305 0.0180892 3.09491e-07 0.00320482 0.00359562 0.00177924 8.56174e-11 0.910768 
0.00901683 0.00365906 0.181625 0.00041644 0.00646072 0.150618 6.39688e-06 0.0223066 0.0747133 0.038697 0.000147186 0.0686262 0.00254148 3.44396e-07 0.441165 
0.0192922 0.00561861 1.00904e-08 1.16245e-07 5.62673e-06 0.00151374 1.97764e-05 0.000237341 0.00481328 0.000374608 2.62993e-08 4.42735e-07 4.83389e-08 1.05429e-07 0.968124 
0.00791427 0.022451 0.00880542 0.000279826 2.76253e-08 0.0179255 0.000523964 0.00466305 0.0180892 3.09491e-07 0.00320482 0.00359562 0.00177924 8.56174e-11 0.910768 
0.128456 0.0911817 0.0600512 0.0246184 0.000130831 0.0443305 0.00315653 0.0339983 0.0957213 0.0389634 0.000360801 0.0832041 0.000777053 2.71942e-10 0.395049 
0.00168094 1.4701e-05 0.000257137 1.53719e-05 0.000155917 0.0018882 1.64689e-06 0.000372905 0.000135932 9.54097e-11 2.99979e-06 0.00408793 1.43422e-06 1.20914e-05 0.991373 
0.151468 0.000595413 0.00877706 0.0164651 4.40223e-05 0.0316892 4.7146e-06 0.00639535 0.0323322 0.0382932 6.88974e-05 0.0397404 0.000493335 2.90826e-08 0.673633 
0.0128561 0.102079 0.0811163 0.0130354 0.00742736 0.00890762 2.1958e-05 0.0744697 0.0325649 0.055064 0.00244875 0.0271113 0.00390004 0.000166932 0.578831 
0.0513334 0.00371275 0.111767 0.000102601 0.0181209 0.0155747 1.04029e-06 0.0325089 0.0191615 0.0373192 9.3548e-05 0.292448 3.0763e-07 3.75292e-06 0.417852 
0.0373243 0.0446735 0.124582 0.00245092 7.34249e-05 0.109474 0.00287789 0.00306647 0.259885 0.0230052 0.0258541 0.0269062 0.000524403 1.21694e-11 0.339302 
0.265323 0.0336316 0.281911 1.47563e-10 6.12406e-10 2.27279e-10 7.4522e-10 0.0967361 5.55385e-06 8.58335e-06 2.47669e-10 0.00420602 1.50683e-05 9.92854e-10 0.318163 
0.0697617 0.0732723 2.0835e-06 2.19323e-06 2.73694e-05 2.62465e-05 1.39782e-05 0.000205243 0.0558263 8.99484e-06 4.59253e-07 0.0438793 1.70927e-05 2.48752e-08 0.756957 
0.0113678 0.0198226 0.0865025 0.00060767 9.52589e-06 0.295767 0.000129012 0.0209659 0.043832 0.0103015 0.00132424 0.0227811 0.0010942 2.41729e-11 0.485495 
0.11314 0.0699592 8.15605e-05 2.16071e-05 0.000148472 0.0023596 0.000202096 0.0100508 0.193806 0.106273 0.000133288 0.0433747 0.000628685 2.64402e-05 0.459795 
0.00190846 0.0658606 0.00176592 2.82392e-06 2.65621e-09 0.000563321 3.23227e-09 5.26357e-06 9.60738e-07 0.00185858 1.07422e-09 6.38859e-06 1.97445e-09 6.29489e-07 0.928027 
0.0373243 0.0446735 0.124582 0.00245092 7.34249e-05 0.109474 0.00287789 0.00306647 0.259885 0.0230052 0.0258541 0.0269062 0.000524403 1.21694e-11 0.339302 
0.236316 6.85427e-05 0.00350955 0.032058 0.000115287 0.0709127 5.83397e-06 0.00703517 0.00573865 0.0164611 4.76493e-05 0.0329947 0.000191472 3.01022e-08 0.594546 
0.173483 0.0190005 0.0302374 0.0198683 0.00133968 0.0722541 5.96381e-05 0.0451559 0.126822 0.133885 0.00420023 0.109214 0.000500803 7.50092e-05 0.263905 
0.0674068 0.141716 0.0885621 8.04317e-07 0.00265341 8.04234e-07 0.012056 0.0900138 0.0941952 0.0848649 0.000965857 0.097241 0.0155178 8.03416e-07 0.304805 
0.00660214 0.118073 0.0305774 0.000560588 0.013286 5.78414e-05 9.73228e-08 0.0141041 0.254872 0.0670414 3.41491e-05 0.00109583 0.00685104 0.163724 0.323121 
0.0108509 0.0155941 0.0184227 0.000498233 0.000152527 0.000221247 2.64178e-06 0.00253498 0.0103843 0.0015803 0.000263267 0.147937 0.000153139 1.46243e-05 0.79139 
5.35827e-06 0.0513877 0.0389921 0.0206041 0.00558281 0.00493921 4.07046e-07 0.282731 0.00455026 1.18505e-05 6.54927e-06 0.00553802 0.0165961 8.75734e-06 0.569046 
0.0388012 0.0672574 0.0171903 0.0750719 0.00088184 0.000675711 0.00299692 0.0910486 0.0880141 0.213541 0.000190625 0.00366746 0.0668893 5.12151e-06 0.333769 
0.00435322 0.32863 0.0489868 0.000273603 4.96225e-05 1.06744e-10 7.70668e-06 0.0107461 0.0199925 0.0253471 2.96252e-06 0.00499029 0.00920252 3.20377e-07 0.547417 
0.0201227 0.100061 0.00565296 0.000716517 4.97211e-09 6.18123e-06 6.05042e-09 0.0723006 0.090462 0.047655 2.58436e-06 0.0131726 5.95176e-06 8.06096e-09 0.649842 
0.0782656 0.0683719 0.0445127 0.00426145 0.000280023 0.0120102 6.2928e-05 0.036573 0.128951 0.0827804 0.000150559 0.0254082 0.00023507 1.02846e-05 0.518126 
8.59858e-08 0.059029 0.018344 4.1919e-05 5.32911e-07 1.97777e-07 5.44511e-06 0.00844587 6.66603e-08 2.62184e-05 2.1552e-07 1.41044e-07 3.96132e-07 8.63974e-07 0.914105 
0.0136644 0.0783643 0.0289401 0.000995035 0.0219365 0.00110669 1.40682e-07 0.326934 0.0293796 0.115913 4.67547e-08 0.0216605 0.00841558 1.8743e-07 0.35269 
0.0513334 0.00371275 0.111767 0.000102601 0.0181209 0.0155747 1.04029e-06 0.0325089 0.0191615 0.0373192 9.3548e-05 0.292448 3.0763e-07 3.75292e-06 0.417852 
0.0510704 0.00475927 0.0276619 0.00338206 3.43712e-05 0.00115649 4.27719e-05 0.208213 0.0404756 0.0409528 1.28395e-05 0.0105096 0.000991622 7.34498e-10 0.610737 
0.0128977 0.166989 0.100646 0.000123584 0.00401343 0.0155068 2.90172e-06 0.152467 0.0570303 0.149152 9.38634e-05 0.0103842 0.000968445 4.10292e-07 0.329723 
0.0113678 0.0198226 0.0865025 0.00060767 9.52589e-06 0.295767 0.000129012 0.0209659 0.043832 0.0103015 0.00132424 0.0227811 0.0010942 2.41729e-11 0.485495 
0.00791427 0.022451 0.00880542 0.000279826 2.76253e-08 0.0179255 0.000523964 0.00466305 0.0180892 3.09491e-07 0.00320482 0.00359562 0.00177924 8.56174e-11 0.910768 
0.0136252 0.231452 0.0233607 9.26396e-05 0.00256113 4.22954e-06 2.95237e-09 0.00611061 0.0207432 0.000543441 3.58052e-07 0.000217029 0.00313904 1.13692e-06 0.698149 
0.00731123 0.182342 0.10763 0.00395855 0.00193955 0.0086806 9.49258e-06 0.0144979 0.0910544 0.0933773 0.000539689 0.0232601 0.0334892 6.50473e-05 0.431844 
0.137734 0.0251303 0.000408498 0.00240414 9.90362e-05 0.00259332 1.61111e-07 0.000588537 0.0741602 6.69479e-05 5.35443e-08 0.0159736 0.000831577 2.14648e-07 0.740009 
0.0110206 0.0560173 0.0950525 8.0892e-08 1.7187e-06 0.00359231 0.000270366 0.0197376 0.0146329 0.041856 3.55278e-06 0.339317 0.00138302 6.59769e-06 0.417109 
0.212526 0.273528 0.000109112 0.00336371 0.000913774 0.00392465 0.000701543 0.0812099 0.0783114 0.0157503 0.000186548 0.000915693 0.00168407 1.01869e-07 0.326875 
9.89788e-05 0.00240027 0.050587 0.000676532 1.56985e-05 6.93566e-08 3.87985e-05 0.126547 0.000142699 0.195407 2.35429e-05 0.0467645 2.34336e-05 0.00507704 0.572198 
0.0185025 0.174452 0.2054 6.72522e-05 0.0881373 0.0100591 1.16475e-06 0.0411741 0.0350123 0.0135995 0.000873516 0.000368481 0.0499486 1.07454e-07 0.362404 
0.00941784 0.0589756 0.0466512 0.0221246 0.00695618 0.000607888 6.8979e-08 0.0524696 0.057135 0.146391 3.36335e-05 0.00406807 0.000346997 9.19004e-08 0.594822 
3.25984e-06 0.270118 0.0947214 0.0018469 0.0884393 0.00277085 0.000786507 0.0871506 0.0135931 0.059438 1.25484e-05 0.00331806 0.000475317 2.48044e-05 0.377302 
0.000785415 0.00187888 0.205109 0.00219257 7.29839e-07 0.00605106 1.8752e-05 0.0808917 0.0171052 0.047011 0.000144338 0.0953954 0.0232876 4.32028e-07 0.520128 
0.0202492 0.00283681 1.33068e-05 0.00114763 1.18484e-06 4.39726e-07 1.4418e-06 0.0173948 0.000134215 0.0053165 4.79174e-07 0.355111 8.80735e-07 0.000635428 0.597157 
0.0113678 0.0198226 0.0865025 0.00060767 9.52589e-06 0.295767 0.000129012 0.0209659 0.043832 0.0103015 0.00132424 0.0227811 0.0010942 2.41729e-11 0.485495 
0.0397278 0.169181 0.0133768 3.18457e-05 0.000104625 0.00142641 0.00521872 0.0288433 0.0774178 0.0475847 5.71223e-06 0.000318307 0.18368 1.1853e-07 0.433083 
0.0513334 0.00371275 0.111767 0.000102601 0.0181209 0.0155747 1.04029e-06 0.0325089 0.0191615 0.0373192 9.3548e-05 0.292448 3.0763e-07 3.75292e-06 0.417852 
0.021052 0.0016262 0.0158147 0.0102642 0.00251578 0.00127633 1.17177e-05 0.0159568 0.0262428 0.0201877 7.64611e-06 0.407483 0.000393402 4.87638e-07 0.477167 
0.0133424 0.176535 0.0539698 0.0213569 0.00484576 0.0157283 3.54351e-06 0.174543 0.0673233 0.0178423 0.000353273 0.0142115 0.000545113 4.47159e-09 0.439399 
0.237032 0.135706 0.018092 0.0079023 6.6217e-05 0.000349586 0.000649801 0.0587185 0.0827578 0.0553711 2.08795e-05 0.0178915 0.000621687 0.0361123 0.348708 
0.0492191 0.000857826 0.00840095 0.000449575 1.31553e-08 1.95373e-07 3.34912e-08 0.00384606 0.0689661 0.0398031 8.9564e-05 0.0365489 0.000554391 3.77682e-11 0.791264 
0.0412748 0.262239 0.024085 0.00275223 0.0476005 0.00112577 7.80175e-05 0.00423758 0.0424393 0.0250535 1.60905e-05 0.00514448 0.000147409 6.12446e-07 0.543806 
1.1836e-05 0.203782 0.0596577 1.37647e-05 0.0215444 8.55806e-08 4.18924e-05 5.41601e-05 2.64204e-05 0.0322926 1.7162e-05 0.0236778 1.0629e-05 3.73852e-07 0.658869 
0.202176 0.188487 0.0314516 0.000214288 9.95373e-05 0.00254485 0.000341754 0.040787 0.167951 0.0909994 1.93486e-05 0.00670019 0.0146691 3.52068e-05 0.253524 
0.00791427 0.022451 0.00880542 0.000279826 2.76253e-08 0.0179255 0.000523964 0.00466305 0.0180892 3.09491e-07 0.00320482 0.00359562 0.00177924 8.56174e-11 0.910768 
0.00585628 0.164199 0.173462 0.00102973 0.00105556 1.1414e-05 5.53417e-06 0.22022 0.0695905 0.0487533 0.000130621 0.0112851 0.00172677 0.000113221 0.302561 
0.0301164 0.135538 0.25935 0.00713633 0.000429603 1.03148e-05 1.22724e-06 0.0689647 0.111124 0.0683696 2.23306e-06 0.0108364 0.000340997 5.67022e-08 0.30778 
0.14179 0.00125831 0.0755744 0.0254842 0.00278185 0.0447919 3.52485e-06 0.0411117 0.0489049 0.050764 2.86013e-05 0.0896134 0.001772 2.95289e-08 0.476121 
0.00791427 0.022451 0.00880542 0.000279826 2.76253e-08 0.0179255 0.000523964 0.00466305 0.0180892 3.09491e-07 0.00320482 0.00359562 0.00177924 8.56174e-11 0.910768 
0.0198128 0.00458066 0.0521564 0.00200717 0.000255925 0.00468456 0.000141698 0.0131416 0.0268437 0.0215473 0.00046371 0.101661 0.000896803 0.000171085 0.751636 
0.00896182 0.0488652 0.000194154 0.0685612 0.000192647 0.0733376 0.000123189 0.247799 0.046867 0.0134851 6.64141e-05 1.7846e-06 7.90473e-07 3.03898e-10 0.491544 
0.00207013 0.0125005 0.0844977 0.00976453 0.000103798 7.96072e-05 3.85226e-07 0.0387242 0.057691 0.0368365 3.12164e-06 0.00234376 0.00108159 0.000223776 0.754079 
0.0192922 0.00561861 1.00904e-08 1.16245e-07 5.62673e-06 0.00151374 1.97764e-05 0.000237341 0.00481328 0.000374608 2.62993e-08 4.42735e-07 4.83389e-08 1.05429e-07 0.968124 
0.00985775 0.106158 0.0223093 8.1302e-06 0.000146238 6.77141e-05 0.000735262 0.0548402 0.0235116 0.0322224 3.3631e-05 0.0320104 0.00972757 6.70587e-06 0.708365 
5.35827e-06 0.0513877 0.0389921 0.0206041 0.00558281 0.00493921 4.07046e-07 0.282731 0.00455026 1.18505e-05 6.54927e-06 0.00553802 0.0165961 8.75734e-06 0.569046 
0.0113678 0.0198226 0.0865025 0.00060767 9.52589e-06 0.295767 0.000129012 0.0209659 0.043832 0.0103015 0.00132424 0.0227811 0.0010942 2.41729e-11 0.485495 
0.00207013 0.0125005 0.0844977 0.00976453 0.000103798 7.96072e-05 3.85226e-07 0.0387242 0.057691 0.0368365 3.12164e-06 0.00234376 0.00108159 0.000223776 0.754079 
0.0079205 0.000343138 0.309229 3.51071e-05 0.000127942 0.0024897 1.56498e-05 0.00444437 0.00104494 0.0425286 0.0151203 0.14454 0.00132628 8.74362e-05 0.470747 
0.226943 0.0200339 0.0257461 0.0278718 0.00189675 0.00352849 0.0199141 0.0303489 0.0607901 0.0348389 0.000478258 0.0173506 0.00165285 0.000500518 0.528105 
0.179922 0.0654231 0.179345 4.50051e-07 0.000119542 0.00482446 0.000340563 2.04482e-05 0.141871 0.0438723 0.000370081 0.068788 0.000498124 1.7381e-05 0.314588 
0.00973202 0.0528602 0.0355446 0.00399944 0.0699067 0.00174934 5.65076e-05 0.0300956 0.0341442 0.153954 0.000281803 0.00609971 0.00049692 3.04924e-07 0.601078 
0.0043335 0.188283 0.110208 0.00293217 0.000102653 5.23024e-06 1.97314e-06 0.0680704 0.026823 0.183237 6.31988e-05 0.0675289 0.11293 2.34627e-05 0.235457 
0.0321251 0.0636366 0.0882486 0.0176699 0.0116854 0.0105129 0.0395935 0.128314 0.162711 0.0344451 0.000117425 0.0369559 0.00367077 0.00407956 0.366235 
0.182378 0.00998227 0.00139299 0.00425753 7.76447e-06 0.000487078 4.79966e-06 0.00621367 0.0443927 0.00800447 8.61007e-07 0.00560253 2.91515e-06 2.64899e-09 0.737272 
0.0286965 0.136132 0.0172306 0.000560126 0.00775339 0.0172104 3.09938e-07 0.12379 0.007916 0.0385813 4.55144e-05 0.0200784 0.00306127 4.1293e-07 0.598944 
0.00992699 0.292075 0.0310723 0.000446191 0.00022892 0.000965743 0.000101511 0.0571827 0.0123214 0.0706996 4.25252e-05 0.00251496 0.00179785 4.95451e-05 0.520575 
0.0281819 0.120726 0.00402599 0.00049395 0.00116457 0.0106682 1.04579e-06 0.112523 0.145441 0.0235418 7.07842e-05 0.0183814 0.0674285 1.16507e-07 0.467352 
0.175352 0.000458374 0.00905598 0.0244277 6.96605e-05 0.0442693 5.406e-06 0.00652849 0.0224973 0.0323372 5.98719e-05 0.0371911 0.000398198 8.55255e-06 0.647341 
0.00791427 0.022451 0.00880542 0.000279826 2.76253e-08 0.0179255 0.000523964 0.00466305 0.0180892 3.09491e-07 0.00320482 0.00359562 0.00177924 8.56174e-11 0.910768 
0.0492191 0.000857826 0.00840095 0.000449575 1.31553e-08 1.95373e-07 3.34912e-08 0.00384606 0.0689661 0.0398031 8.9564e-05 0.0365489 0.000554391 3.77682e-11 0.791264 
0.0371819 0.197187 0.0552731 0.00811284 0.010207 0.00155719 2.29588e-05 0.0268105 0.000147015 0.0612952 0.000668161 0.0895563 0.0382438 0.000105175 0.473632 
7.79562e-05 0.0374279 0.00198026 0.00116569 0.000216205 1.03117e-07 3.38109e-07 0.0868709 0.00479177 0.0131271 2.65596e-05 1.66229e-05 1.80844e-05 4.50461e-07 0.85428 
6.41493e-08 0.211405 0.00188475 0.000273562 0.00354469 0.000505585 4.83799e-07 0.000152138 0.000682701 0.00184494 7.15829e-06 1.05225e-07 0.000325694 6.44563e-07 0.779372 
0.186078 0.000387563 0.00920462 0.0285202 8.30534e-05 0.0505525 5.66735e-06 0.00653173 0.017924 0.0289768 5.53049e-05 0.0356432 0.000345579 1.34223e-05 0.635678 
0.00725098 0.0409595 0.027734 0.0217026 0.044046 6.43864e-07 1.41579e-05 0.0261934 0.369269 0.0299883 4.61655e-08 0.00777249 0.00460042 2.07426e-08 0.420468 
0.000694539 0.0024775 0.00034089 2.15181e-08 8.93033e-08 0.000457403 0.000347855 0.000762123 0.000870204 0.00113926 3.6116e-08 2.36356e-08 6.63822e-08 1.44782e-07 0.99291 
0.00229182 0.0217387 0.00248882 9.61411e-08 5.92785e-05 0.000103187 2.77157e-07 0.00394582 0.000487223 0.0135846 2.15163e-05 1.04316e-10 0.0291411 6.38998e-10 0.926138 
0.180004 0.0155754 0.107132 0.00654655 2.74161e-05 0.0021802 1.28214e-05 0.0117289 0.128226 0.0179353 5.79293e-05 0.165764 0.00017836 7.16678e-05 0.364559 
0.0323186 0.05636 0.0931661 0.00828109 0.00130318 0.202103 0.000965008 0.0575766 0.206676 0.0176759 0.00949617 0.0242272 0.00108651 3.91792e-11 0.288765 
0.0510704 0.00475927 0.0276619 0.00338206 3.43712e-05 0.00115649 4.27719e-05 0.208213 0.0404756 0.0409528 1.28395e-05 0.0105096 0.000991622 7.34498e-10 0.610737 
0.0145547 0.0271365 0.036819 0.00270644 0.00340146 0.00412192 5.97808e-06 0.0698744 0.012943 0.0543885 1.68704e-07 0.0221055 0.0153479 2.84504e-08 0.736594 
0.00238893 0.0154998 0.00250156 0.00111764 0.00119422 2.3099e-07 3.77416e-07 0.00754579 0.0355193 0.000289877 4.49441e-05 0.00261187 6.60354e-06 3.66984e-09 0.931279 
0.0030824 0.210882 0.000789124 2.79996e-06 0.0111638 2.88309e-07 0.346775 0.000107964 0.0113508 0.00855076 0.000115367 0.000893303 7.56099e-07 0.000328012 0.405957 
0.175375 0.0448256 0.0470347 0.00242349 0.00114213 0.0720805 4.57944e-06 0.0476098 0.0591922 0.186809 0.000110344 0.113222 0.000858475 1.76679e-05 0.249295 
2.16581e-09 1.05241e-05 2.08277e-09 0.000509825 1.34229e-08 4.9816e-09 1.6334e-08 0.00120308 1.67904e-09 1.24474e-06 5.4285e-09 3.5526e-09 9.97774e-09 2.17617e-08 0.998275 
0.0331578 0.0860726 7.98086e-10 2.75326e-06 5.72711e-06 0.000286356 1.27642e-06 0.00145175 0.0241806 9.27614e-07 1.48625e-06 0.000399128 2.07862e-06 8.33875e-09 0.854437 
0.0246421 0.080099 0.154037 1.42671e-05 0.237587 0.054502 5.25448e-06 0.0137089 0.00631918 0.029901 0.000318437 0.0193823 0.118765 1.83596e-05 0.260701 
0.184644 0.104723 0.0679251 0.0150632 0.000305232 0.000529835 6.87535e-05 0.0303056 0.0639426 0.131497 8.83323e-06 0.135144 0.0165151 2.70108e-05 0.249301 
0.0482477 0.0515701 0.0494878 0.00216423 0.000301113 0.00182835 2.9577e-05 0.0366629 0.300197 0.121944 4.65317e-05 0.0051721 0.00391571 2.12469e-06 0.378431 
0.0032765 0.000626221 0.161071 4.09564e-06 4.05969e-08 0.000727634 3.85042e-05 0.000668657 0.00411445 0.00261014 0.0106834 0.0643883 0.00143862 0.000154824 0.750198 
0.00791427 0.022451 0.00880542 0.000279826 2.76253e-08 0.0179255 0.000523964 0.00466305 0.0180892 3.09491e-07 0.00320482 0.00359562 0.00177924 8.56174e-11 0.910768 
0.00229182 0.0217387 0.00248882 9.61411e-08 5.92785e-05 0.000103187 2.77157e-07 0.00394582 0.000487223 0.0135846 2.15163e-05 1.04316e-10 0.0291411 6.38998e-10 0.926138 
0.0104873 0.347914 0.0850522 0.00178205 0.00350289 0.000977854 0.037484 0.106345 0.024274 0.018998 0.00082179 0.000669495 0.000644795 0.000132943 0.360914 
0.165872 0.00567491 0.0155272 0.000739646 9.29784e-05 0.0116832 1.07688e-05 0.00686206 0.107575 0.0318774 4.98733e-06 0.158208 5.49113e-05 2.28005e-06 0.495815 
0.0373243 0.0446735 0.124582 0.00245092 7.34249e-05 0.109474 0.00287789 0.00306647 0.259885 0.0230052 0.0258541 0.0269062 0.000524403 1.21694e-11 0.339302 
0.0451061 0.0339443 0.0302224 3.22993e-06 0.0355294 0.00183881 0.000509175 0.0657736 0.00426788 0.0147548 1.54633e-05 0.0107643 0.00287345 2.80198e-05 0.754369 
0.0110428 0.0261939 0.031277 0.0444288 0.0477071 0.000923994 0.000166324 0.0972639 0.0375167 0.0539383 1.0859e-05 0.012511 0.00425367 0.00146953 0.631296 
