0.0867501 0.0160925 0.35981 0.00584958 0.00114371 0.0187668 0.000457029 0.0193131 0.304064 0.119714 0.0446307 0.0200652 0.00252402 5.20795e-06 0.000813745 
0.0147277 0.0498435 0.314381 0.00011984 0.0151069 0.00770952 3.07285e-05 0.00724984 0.233478 0.0918822 0.000268227 0.24446 0.014531 0.00184084 0.00437093 
0.0705881 0.110718 0.513379 0.0344168 0.00849929 0.00526332 3.87503e-05 0.188065 0.0119718 0.0130447 0.00687041 0.0247883 0.00994939 9.16661e-07 0.00240639 
0.0574694 0.0052839 0.520904 2.93549e-05 0.00126836 0.00633048 0.00022068 0.0033276 0.299202 0.00713053 3.86471e-05 0.0961502 0.000142181 0.000240771 0.00226156 
0.00966231 0.0546407 0.313 0.000110204 0.000850877 0.00744599 0.000217093 0.0636386 0.110608 0.0732012 0.0750135 0.287925 0.000421176 6.84095e-08 0.00326474 
0.00543436 0.0193561 0.370974 0.116698 2.96603e-05 0.000146797 0.000178767 0.00220196 0.228248 8.56094e-08 0.239977 0.0141614 8.77268e-06 2.35603e-07 0.00258436 
0.00766673 0.000837562 0.613271 4.25591e-06 1.32105e-11 0.00247731 2.06279e-08 1.36951e-08 0.362177 0.00627975 0.00402523 0.00325035 1.07304e-05 2.14173e-11 1.26367e-08 
0.0300109 0.00573841 0.532777 0.00418286 0.0108723 0.00148932 1.72439e-05 0.00636897 0.346157 0.0309328 0.00108406 0.0230563 0.00323056 2.48224e-07 0.00408189 
0.0559116 0.220252 0.230902 1.69684e-07 1.52307e-09 3.12999e-06 1.14196e-06 0.125447 0.00325088 0.125359 0.0299285 0.00397307 0.144049 0.0527132 0.00820774 
0.00481769 3.39864e-05 0.730929 6.79969e-08 0.00396875 6.77531e-05 3.65121e-05 0.000722088 0.062537 2.96379e-07 8.78888e-07 0.196512 0.000334969 2.92578e-05 9.39477e-06 
0.0921906 0.0164199 0.276782 0.143245 3.32306e-05 0.0168233 3.57078e-05 0.0518044 0.150956 0.217488 0.000248224 0.0248324 0.0067169 9.4747e-06 0.00241554 
0.0105914 0.326818 0.414758 0.0765333 7.2159e-05 0.00249704 7.43602e-06 0.0496682 0.0932352 0.0102267 0.00175505 0.00890296 0.000501526 3.49192e-07 0.00443324 
0.0333252 0.0970541 0.608123 0.0134344 0.0018783 0.0122518 2.39231e-05 0.0447011 0.0283506 0.121453 0.000399566 0.00243455 0.0234489 0.00124081 0.0118807 
0.0220481 0.0453473 0.351473 0.0188455 0.0042037 0.0123362 0.000236107 0.0363833 0.288332 0.124453 4.62317e-05 0.058907 0.00788643 0.0235061 0.00599565 
0.00561565 0.150737 0.72483 0.0183677 0.000176697 0.00020854 2.29139e-06 0.00420056 0.0860557 1.65653e-05 0.0018544 0.00415188 0.00328134 1.96785e-07 0.000500569 
0.0386039 0.000873517 0.704324 0.0294103 0.00532861 0.0205236 0.00270152 0.0164178 0.0631786 0.0595616 0.00112519 0.0499044 6.1328e-06 7.81559e-08 0.00804124 
0.14441 0.0388846 0.311401 0.000888094 0.0120693 0.0104252 2.80566e-06 0.0744555 0.112847 0.060249 0.00156411 0.215846 0.00443133 0.00033564 0.0121898 
0.0922059 0.192226 0.4519 0.00449977 1.46505e-06 0.0214957 0.00030524 0.0449049 0.0787531 0.0344951 0.0468018 0.0315629 3.36907e-05 1.18696e-05 0.00080322 
0.0467138 0.164766 0.619092 2.76954e-05 0.000110376 0.0543064 1.50456e-06 0.000655928 0.0186449 0.0610445 0.0215206 0.00650837 0.00633824 1.00028e-10 0.000269435 
0.0238268 0.000903728 0.776236 3.5346e-05 1.09648e-05 0.00120578 2.86855e-07 0.00110144 0.146721 0.013175 0.00412444 0.0320605 1.17132e-05 1.17285e-06 0.000585814 
0.0940364 0.00119174 0.599602 0.00124867 5.25171e-06 0.00165678 4.97314e-06 0.00847687 0.0270215 0.164416 1.60797e-05 0.0860281 0.00698079 0.00338546 0.00592964 
0.125778 0.00139434 0.6185 1.57004e-05 6.98477e-06 0.000139417 0.000234841 0.000677325 0.0745344 0.143988 0.000150239 0.0338758 0.000165035 6.46342e-06 0.000534298 
0.0543391 0.0176346 0.554974 0.00687904 0.00278234 0.0167646 0.000227015 0.109889 0.0479034 0.139934 4.17555e-05 0.0258142 0.00197371 0.00624284 0.0146006 
0.0248216 0.028232 0.428476 0.00748833 0.000216057 0.00531964 6.32815e-06 0.115894 0.0362619 0.238856 1.5098e-05 0.0246637 0.076006 2.03819e-05 0.0137232 
0.0833393 0.0173548 0.388738 0.0647808 0.0168575 0.0174696 0.000344475 0.02886 0.223349 0.102358 0.0246037 0.0266292 0.00292208 1.22651e-07 0.00239362 
0.0077977 0.0560943 0.619894 0.00353236 0.00304162 0.00302902 0.000929327 0.0218434 0.135819 0.0915133 0.00306257 0.0111807 0.00895517 0.000534183 0.0327731 
0.0455947 0.017758 0.509463 0.00822423 0.000743877 0.0196057 0.00030624 0.0338164 0.253164 0.0597414 0.0048786 0.0389964 0.000882086 9.63054e-06 0.00681504 
0.0159492 0.215862 0.519014 0.0431988 0.00345458 0.0047543 1.74248e-06 0.0624108 0.0658418 0.0350758 0.00179424 0.0306828 0.000648117 1.56488e-08 0.00131207 
0.0358595 0.0479807 0.545226 0.000341166 5.42239e-05 0.0170802 0.000947037 0.00321339 0.277754 0.0234848 0.0145323 0.0268079 4.40317e-05 8.84458e-09 0.00667498 
0.19888 0.109514 0.623157 1.5132e-05 2.99344e-10 0.00600314 0.0118964 0.00233115 0.012638 0.00566172 0.000524191 0.0217733 0.000183606 0.00485105 0.00257156 
0.0296743 0.0565138 0.707627 7.90038e-06 4.59529e-05 0.00213913 2.71151e-07 0.0430276 0.071508 0.0622806 0.0136812 0.00900627 0.00431579 5.19329e-05 0.000120583 
0.0515704 0.289622 0.424285 7.33767e-05 5.59807e-05 0.00189242 0.000821034 0.00184199 0.134068 0.0133403 0.0424196 0.000937192 0.000863175 1.28144e-07 0.0382095 
0.0208501 0.0383375 0.442855 0.0300703 0.000413857 0.0504443 4.96834e-05 0.0477868 0.0730393 0.204653 0.00021234 0.0794307 0.00783043 0.00162594 0.00240095 
0.125778 0.00139434 0.6185 1.57004e-05 6.98477e-06 0.000139417 0.000234841 0.000677325 0.0745344 0.143988 0.000150239 0.0338758 0.000165035 6.46342e-06 0.000534298 
0.231452 0.00456562 0.358648 0.00055486 0.00163622 0.00834484 0.000394212 0.00815172 0.213352 0.00297134 3.42377e-05 0.165512 0.000232471 0.00031418 0.0038363 
0.0550898 0.0417136 0.621863 0.0108684 0.00066764 0.00144258 6.00021e-06 0.00658002 0.176523 0.053669 0.000209281 0.0198402 0.000916891 2.56722e-07 0.0106105 
0.0346237 0.0340648 0.863098 1.08507e-07 0.00881114 1.69928e-06 7.00217e-07 0.00722958 0.00185876 0.00458834 7.44737e-05 0.0336118 0.00024227 1.21609e-07 0.0117941 
0.0681525 0.0112652 0.476449 0.00632828 0.00351156 0.013093 0.00170795 0.0120856 0.275216 0.101443 0.00277036 0.018778 0.00688129 0.000507752 0.00180995 
0.0185404 0.0296746 0.413096 0.00562005 0.000718783 0.000275962 0.000115656 0.0820225 0.183048 0.163135 7.53501e-05 0.0025275 0.00983684 0.000162317 0.0911514 
0.0618965 0.0243271 0.584375 0.0001623 2.27472e-08 0.0855735 7.0455e-09 0.0676284 0.113208 0.0237399 0.00111624 0.0377673 0.000167523 5.11319e-08 3.79289e-05 
0.121061 0.00667161 0.304804 0.00947987 0.000439166 0.085168 8.4845e-05 0.0271285 0.130281 0.203755 0.00366178 0.0985696 0.00126754 0.00690667 0.000721933 
0.023769 0.0940575 0.41783 0.00184409 0.00079252 0.0131507 0.000192075 0.0115292 0.0396043 0.0417265 0.324235 0.00287128 0.028315 3.90626e-06 7.86191e-05 
0.0754095 0.0400449 0.312763 0.00792018 7.7304e-05 0.0860274 1.22432e-06 0.0274595 0.118481 0.298105 0.000232575 0.0220857 0.00964659 2.09124e-05 0.00172441 
0.0133101 0.201447 0.397026 0.000584515 7.29137e-05 0.22634 6.03422e-05 0.0197699 0.03162 0.0131594 0.0374865 0.0489513 0.00152011 1.32269e-11 0.00865112 
0.0728915 0.101491 0.326845 0.0480391 0.000406189 0.0146827 0.00649316 0.139627 0.217271 0.0290125 0.00770996 0.0344458 0.00104408 9.89632e-08 4.12657e-05 
0.00231505 0.00309785 0.461962 0.00147456 3.82743e-05 0.00305064 5.0596e-06 0.00160957 0.0618513 0.162662 4.41687e-05 0.301285 5.68145e-05 8.31924e-08 0.000547439 
0.00446345 0.00162532 0.594413 1.35176e-05 5.66854e-05 1.20954e-05 0.000128857 0.0028288 0.357286 0.0121098 2.56015e-06 0.0253286 0.000241798 8.32727e-06 0.00148148 
0.0284665 0.0133141 0.556106 0.000116806 0.00106783 0.000623831 4.37264e-05 0.00189832 0.360042 0.0193392 3.58314e-05 0.015631 0.00280233 9.651e-12 0.000512404 
0.159868 0.121485 0.320281 0.0316089 0.00763825 0.001431 0.00448082 0.0234584 0.286053 0.0377155 0.00236878 0.00157364 0.00120087 1.06377e-06 0.000835857 
0.0428134 0.0172024 0.472512 0.151917 0.000631336 0.00131884 8.22769e-06 0.0283945 0.175173 0.0666064 0.000363185 0.0418748 0.000667908 4.0057e-08 0.000517049 
0.00621099 0.16042 0.183902 0.0604244 0.117638 0.00218017 2.33253e-05 0.147271 0.0755328 0.109263 0.000274938 0.127011 0.00394653 5.40324e-09 0.00590341 
0.0467138 0.164766 0.619092 2.76954e-05 0.000110376 0.0543064 1.50456e-06 0.000655928 0.0186449 0.0610445 0.0215206 0.00650837 0.00633824 1.00028e-10 0.000269435 
0.135607 0.132871 0.423048 0.000353175 2.51089e-05 0.00118505 2.89592e-05 0.0121402 0.117509 0.0374613 0.00039618 0.0598873 0.000399649 3.11499e-06 0.0790848 
0.0273402 0.00156746 0.602075 0.000975339 9.78955e-05 0.000651855 0.000555116 0.00838596 0.275843 0.0242972 0.0536128 0.00370334 0.000567379 1.95471e-12 0.00032701 
0.107026 0.0522758 0.601981 5.99227e-05 3.04921e-06 0.00249531 4.61471e-07 0.00616479 0.0275781 0.176957 4.00274e-10 0.0252827 0.000118187 5.49022e-07 5.75258e-05 
0.0792419 0.0635219 0.424576 0.0134352 0.000985172 0.0931923 0.00185397 0.0919046 0.074816 0.108267 0.0314417 0.00781603 0.000401228 6.48638e-08 0.00854662 
0.0421118 0.0344752 0.346144 0.00131452 0.057202 0.151457 0.000517503 0.0491217 0.207383 0.0551695 0.00212939 0.0260805 0.00944129 0.00119369 0.0162591 
0.00727095 0.00740284 0.614503 3.33581e-05 0.000300767 0.000164759 4.5383e-08 0.0234947 0.0457761 0.209217 4.79697e-05 0.0173849 0.0743635 3.05343e-05 9.98852e-06 
0.0174593 0.125585 0.392349 0.00607917 0.000344826 0.0133183 3.15758e-06 0.0256416 0.109905 0.0252203 0.236642 0.0438412 0.00199239 1.30242e-07 0.00161929 
0.0790375 0.0198744 0.383644 0.000432495 4.06722e-05 0.0161657 0.000138405 0.00869336 0.15573 0.233261 2.3044e-05 0.0639633 0.00350588 1.39581e-05 0.0354759 
0.0639286 0.00413644 0.740739 2.19948e-06 2.96101e-07 2.97659e-06 7.27928e-06 0.0286557 2.34446e-06 0.0316534 6.62322e-06 0.118695 0.0105393 2.96243e-06 0.00162859 
0.143189 0.0453212 0.346409 0.0248524 0.00530946 0.020767 0.00122638 0.0213178 0.202582 0.143047 0.010556 0.0273303 0.00310738 0.00157545 0.00341011 
5.51799e-05 0.0149329 0.93356 0.000564987 7.67678e-08 0.000311992 9.34166e-08 0.0241869 8.122e-05 0.0202933 3.10464e-08 0.00116165 0.000736651 1.24459e-07 0.00411529 
0.0128566 0.103827 0.359674 0.000262919 0.0676924 0.000306747 1.13252e-06 0.193497 0.118895 0.0422508 5.89836e-05 0.037257 0.0288562 0.0215269 0.0130372 
0.0845876 0.0207057 0.677616 0.000128465 0.000579992 0.0100704 0.00382587 0.0303222 0.0467308 0.0848255 0.000127182 0.0215691 0.00982723 0.00796872 0.00111472 
0.109354 0.116205 0.266568 0.0502236 0.00319142 0.0117555 4.22661e-06 0.176872 0.163888 0.0507454 0.000841396 0.0463504 0.000662309 4.15562e-09 0.00333803 
0.129055 0.0552356 0.300424 0.00552247 6.95195e-05 0.0778327 0.000176151 0.100432 0.161779 0.0497107 0.0628074 0.0509808 0.00466551 6.59363e-08 0.00130896 
0.0518848 0.00667721 0.721099 8.87435e-05 5.43373e-06 0.0112489 3.50509e-06 0.0114758 0.0275449 0.0237855 0.0035538 0.13663 0.000151019 0.00465027 0.00120185 
0.056601 0.157566 0.571562 0.00024542 5.10941e-07 0.0229983 0.000546156 0.0160158 0.0244601 0.0730109 0.042575 0.021124 0.000241603 1.05248e-05 0.0130421 
0.012827 0.306006 0.433348 0.00099199 0.00166953 0.0257348 2.91597e-06 0.0519874 0.0347674 0.0304216 0.0266994 0.0317748 0.0288208 4.83542e-10 0.0149486 
0.0193059 0.00453298 0.291811 3.54503e-07 2.32938e-06 1.6972e-05 4.52813e-06 0.00519229 0.288726 0.0452016 3.43318e-06 0.0808811 0.0130673 0.248845 0.00240939 
0.0369747 0.0144366 0.554426 0.0142889 2.50385e-05 0.00299103 2.65339e-05 0.0225738 0.159178 0.0520906 0.00808801 0.122511 0.0032161 0.000202275 0.00897159 
0.0454243 0.076407 0.53553 0.023632 0.00267488 0.00146895 0.000604455 0.0446502 0.0664525 0.109136 7.87828e-05 0.0490162 0.0277295 8.29226e-06 0.017187 
0.132975 0.0475793 0.695106 7.91905e-05 2.92963e-07 0.0123249 3.09855e-09 0.0153529 0.0221331 0.0561304 0.000327991 0.0160218 0.000410572 2.00207e-05 0.00153883 
0.0996944 0.0429994 0.480378 0.0196922 0.0101841 0.00455818 0.000533357 0.0288606 0.163388 0.0786454 0.00385532 0.0443163 0.0048687 1.75436e-06 0.018024 
0.0663706 0.37065 0.391121 0.0011312 0.00103463 0.00701227 0.000661603 0.0263837 0.0190283 0.0496049 0.011206 0.0126909 0.0280502 0.000665486 0.0143889 
0.00766673 0.000837562 0.613271 4.25591e-06 1.32105e-11 0.00247731 2.06279e-08 1.36951e-08 0.362177 0.00627975 0.00402523 0.00325035 1.07304e-05 2.14173e-11 1.26367e-08 
0.0727437 0.0278713 0.389754 0.00144357 0.000827279 0.0194674 0.000264851 0.0644208 0.169281 0.0689208 0.0135059 0.0769053 0.0714437 0.000522661 0.0226269 
0.0687294 0.0283576 0.691734 0.00172724 7.65517e-05 0.00362049 3.81611e-09 0.0705594 0.0585216 0.068128 2.18896e-05 0.0078971 8.69679e-05 5.08418e-09 0.000539926 
0.00874152 0.000488108 0.546978 3.20513e-05 3.0897e-07 0.00175704 4.00764e-05 9.97721e-06 0.415049 0.0117617 0.00364329 0.0114331 2.02429e-05 9.54146e-09 4.51699e-05 
0.0288801 0.0248892 0.548307 0.000833592 0.000101313 0.00801996 3.28195e-05 0.0320541 0.118839 0.167117 6.09541e-05 0.00641877 0.0548825 8.89621e-06 0.00955457 
0.0249557 0.000915307 0.609799 0.00647531 5.98069e-05 0.000100359 7.77128e-05 0.00481451 0.296481 0.0514644 2.69795e-05 0.0040265 0.000801123 4.78642e-10 2.68761e-06 
0.0514492 0.0725883 0.338224 0.000282194 0.00586638 0.0736452 0.00274579 0.0229668 0.0318625 0.11493 0.0188246 0.0774969 0.00343837 0.00215296 0.183526 
0.0590212 0.0165091 0.751757 0.000107267 0.00683257 0.00459531 0.000633302 0.0011047 0.112938 0.00503013 0.000259315 0.0407821 0.000376267 3.2009e-05 2.15248e-05 
0.00424393 0.00851943 0.757521 0.000273632 0.000337339 0.000282425 0.21308 0.00420327 0.00452697 0.00149938 0.00258776 0.0015562 3.18625e-06 2.36335e-09 0.00136569 
0.0630084 0.0783497 0.633046 0.000667384 0.000236642 0.00245511 5.61939e-06 0.00267102 0.100157 0.0730425 0.0197951 0.0222499 0.00390211 0.000181255 0.000233 
0.075718 0.00974045 0.414379 0.00183137 0.000456882 0.31954 0.000739753 0.0326265 0.0895032 0.0247479 0.0113719 0.0173567 0.00181858 9.95879e-07 0.000168003 
0.0463251 0.357081 0.401909 0.00241922 0.0136056 0.00296847 8.77985e-05 0.0500539 0.0290942 0.0355287 0.00125632 0.0211415 0.0176591 1.07776e-07 0.0208704 
0.085497 0.0726359 0.384658 0.00287088 0.00214121 0.0330953 0.000200028 0.0190785 0.212408 0.10922 0.0402494 0.0244444 0.00756357 0.000121984 0.00581495 
0.0155078 0.178484 0.429868 0.00608636 3.30363e-08 0.00733807 2.26758e-05 0.00552976 0.133606 0.0730667 0.0569621 0.00806048 0.00288656 0.0817012 0.000880133 
0.00856201 0.137934 0.377787 0.000387606 0.333911 0.00131315 6.12683e-06 0.0244645 0.0277996 0.0196926 0.00150859 0.0573152 0.00362412 0.000331769 0.00536291 
0.0467138 0.164766 0.619092 2.76954e-05 0.000110376 0.0543064 1.50456e-06 0.000655928 0.0186449 0.0610445 0.0215206 0.00650837 0.00633824 1.00028e-10 0.000269435 
0.0221328 0.00886697 0.320572 0.0144272 0.000464668 0.00120016 0.000188642 0.0579907 0.208567 0.140686 2.44816e-05 0.20905 0.00931541 1.41984e-06 0.00651194 
0.0469677 0.00333041 0.726048 0.000841191 6.8234e-06 8.79513e-05 2.21348e-06 0.00699547 0.0418414 0.0995214 6.10241e-05 0.0482181 0.0260607 4.23128e-06 1.35524e-05 
0.156614 0.0435687 0.522958 0.000443857 0.000188191 0.0127995 0.000114604 0.0732605 0.0355883 0.108056 7.50689e-05 0.0246442 0.0212945 1.51641e-09 0.000395123 
0.0543755 0.0900486 0.466937 0.00014719 1.58297e-05 0.101106 0.0908572 0.00524408 0.0330387 0.00965595 0.0185704 0.0209943 0.00951703 4.4651e-06 0.0994873 
0.114485 0.0491449 0.375064 0.0552952 0.0026071 0.0152823 0.00029414 0.0977597 0.173466 0.0772742 0.00682098 0.0228907 0.00796041 0.00141776 0.000237724 
0.104378 0.0959516 0.308912 0.00167727 0.000477457 0.170561 0.000537584 0.0226798 0.119574 0.0834061 0.0509384 0.0303585 0.00608415 0.00107289 0.00339109 
0.0467138 0.164766 0.619092 2.76954e-05 0.000110376 0.0543064 1.50456e-06 0.000655928 0.0186449 0.0610445 0.0215206 0.00650837 0.00633824 1.00028e-10 0.000269435 
0.0257789 0.12109 0.623609 0.000197137 0.000411562 0.0353329 0.000256065 0.00213327 0.154325 0.00166824 0.014035 0.0205792 0.000520847 3.55821e-08 6.37759e-05 
0.0203377 0.0370437 0.484706 0.00375571 0.0015859 0.00983774 0.000687267 0.00922622 0.326091 0.0904114 0.0101407 0.00538017 0.000482528 0.000142166 0.000171551 
0.0904391 0.263033 0.287386 0.00926092 0.00252021 0.0169347 0.0352876 0.0109372 0.116844 0.0377371 0.108512 0.0199969 0.000489014 0.000425469 0.00019679 
0.0225398 0.175356 0.259144 0.00180836 0.0755982 0.00496861 0.000362139 0.223593 0.0193008 0.0336737 0.000674421 0.0136438 0.154758 0.000428627 0.0141503 
0.131321 0.00337626 0.447506 0.00018599 1.88042e-05 0.000410339 0.000156574 0.00617055 0.218942 0.132473 0.00286972 0.0466124 0.000245077 4.31366e-06 0.00970675 
0.00833728 0.000247572 0.609759 0.0024674 0.0016271 0.00157025 0.0424224 0.0130848 0.0953033 0.0549685 0.00579288 0.16147 0.000402977 1.81241e-08 0.00254657 
0.12367 0.114108 0.178102 0.0150827 0.00112365 0.00361693 0.000162485 0.118386 0.149593 0.149373 7.42523e-05 0.0265091 0.0111963 0.00858941 0.100414 
0.000838387 0.0110689 0.915726 8.62142e-06 3.32487e-05 4.0011e-08 9.02045e-06 0.00471186 0.0199202 0.00486587 1.76065e-06 0.00369967 0.0240929 5.61473e-09 0.0150236 
0.0467138 0.164766 0.619092 2.76954e-05 0.000110376 0.0543064 1.50456e-06 0.000655928 0.0186449 0.0610445 0.0215206 0.00650837 0.00633824 1.00028e-10 0.000269435 
0.0485228 0.124021 0.363775 0.00414251 1.28735e-08 0.0116242 0.0002434 0.0404499 0.0789651 0.0876052 0.0138435 0.201938 0.000435605 0.0230709 0.00136296 
0.0384769 0.0258872 0.645547 0.0110776 0.000800499 0.00675185 0.000288073 0.0168995 0.191906 0.0279535 0.000636852 0.0258887 0.00106563 2.10444e-05 0.00679972 
0.165725 0.0126843 0.50223 0.00276845 0.00157604 0.0470003 0.000438243 0.0348046 0.0438671 0.0466087 0.0695433 0.00144339 0.0609644 1.78925e-06 0.0103445 
0.00856201 0.137934 0.377787 0.000387606 0.333911 0.00131315 6.12683e-06 0.0244645 0.0277996 0.0196926 0.00150859 0.0573152 0.00362412 0.000331769 0.00536291 
0.122371 0.00644844 0.428722 0.000170134 0.00133943 0.00134351 1.38649e-07 0.130611 0.033807 0.121486 6.78043e-05 0.0421148 0.0100495 0.0667501 0.0347191 
0.114009 0.00319708 0.48192 0.00782329 0.000165247 0.00232961 0.00015246 0.107539 0.226247 0.0201011 6.36158e-05 0.0321938 0.00236412 4.42515e-07 0.00189478 
0.0364157 0.004478 0.525764 0.000800586 1.78178e-05 0.0164436 2.31336e-05 0.0109897 0.144908 0.165211 0.00717713 0.0846296 0.000255421 8.70723e-06 0.00287748 
0.0886863 0.00884794 0.302667 0.002602 1.34377e-06 0.0343159 0.000194028 0.0686822 0.177094 0.274493 2.60893e-05 0.0349494 0.000713663 8.54654e-09 0.00672782 
0.0387933 0.130069 0.302708 0.00129645 0.213359 0.0111115 1.33757e-06 0.0495326 0.0975521 0.0174056 0.00149661 0.127808 0.00801679 7.00383e-08 0.000850299 
0.105765 0.00898277 0.350812 0.00217081 0.000210606 0.0390168 6.18118e-05 0.00272313 0.191773 0.199964 0.0256791 0.0710258 0.000699697 5.3462e-06 0.00111039 
0.0144309 0.208806 0.63397 0.028935 0.000137487 0.0467988 0.000646112 0.0194013 0.0117699 0.0109995 0.0188754 0.0023155 5.69368e-05 3.7069e-06 0.00285412 
0.00621099 0.16042 0.183902 0.0604244 0.117638 0.00218017 2.33253e-05 0.147271 0.0755328 0.109263 0.000274938 0.127011 0.00394653 5.40324e-09 0.00590341 
0.0414166 0.0203391 0.612757 0.00401591 0.000719986 0.0160461 0.000205845 0.000162733 0.160437 0.0273737 0.0863188 0.0300438 7.00082e-06 2.5935e-08 0.000155711 
0.027532 0.05883 0.594866 0.00289271 0.00839896 0.00731468 2.65144e-05 0.0182065 0.202159 0.0542013 0.0150076 0.00523211 0.00109913 0.00068245 0.0035518 
0.0138075 0.0431249 0.730585 0.000205416 8.38526e-05 0.000591586 8.25368e-07 0.057534 0.0138067 0.044317 0.000122293 0.0627856 0.0237309 6.62948e-06 0.00929809 
0.112555 0.194313 0.251199 0.0450464 0.000209338 0.0180146 0.00136442 0.0868238 0.212356 0.0369536 0.0252471 0.00512293 0.00904159 0.000382533 0.00137105 
0.0464176 0.0354164 0.660832 0.00591223 0.00438577 0.00906093 0.00711592 0.0337192 0.0964857 0.059049 0.00251964 0.0224893 0.00666334 0.00341927 0.00651393 
0.0514598 0.162929 0.289911 0.00571954 0.000103669 0.000203529 0.0941584 0.0498546 0.08375 0.156612 0.000389661 0.0501735 0.0047649 2.50183e-08 0.0499702 
0.0878513 0.00559569 0.518743 3.10006e-05 2.73442e-05 1.37184e-05 4.66896e-05 0.000149174 0.37688 0.00112004 1.47534e-06 0.00926335 5.4549e-05 3.10406e-05 0.000191173 
0.00865036 0.0148181 0.624206 0.00206465 6.45615e-07 0.000102303 2.75084e-05 0.000572659 0.0354184 0.00122205 0.00942195 0.300907 9.81389e-06 1.50123e-05 0.00256352 
0.0120114 0.0385787 0.527355 0.0259375 0.00442478 0.00855446 0.00019899 0.0930577 0.115682 0.113425 0.0200097 0.0147205 0.00454073 3.59306e-08 0.0215031 
0.0471499 0.0723615 0.397861 0.0568315 0.00119739 0.0192654 7.66225e-05 0.114085 0.153131 0.0381946 0.0907741 0.0078516 0.000684652 6.01824e-12 0.000536244 
0.175009 0.0389018 0.341938 0.00283422 0.000157749 0.146878 0.000529314 0.00846014 0.144339 0.05367 0.0484591 0.0298016 0.00145298 1.05828e-05 0.00755909 
0.0160674 0.0440752 0.650118 0.0191626 0.00124186 0.00123347 0.000102756 0.00130861 0.22264 0.0328898 0.000407689 0.00693526 0.000176333 4.32123e-08 0.00364134 
0.0585664 0.0223454 0.432085 0.00370318 0.00465159 0.00285862 0.000274018 0.0895102 0.302316 0.0685461 0.00889084 0.00564855 0.00016384 2.67293e-06 0.000437544 
0.0019109 0.0261955 0.860242 4.14346e-07 7.08482e-05 0.0590124 6.13008e-10 0.00125309 0.0498444 6.46146e-05 0.00023451 0.000376276 0.000784144 7.31994e-06 3.1163e-06 
0.0397423 0.015632 0.59103 0.033679 0.0105444 0.00539898 3.14897e-05 0.0506614 0.116407 0.0501061 3.70998e-05 0.0277824 0.000346207 0.00084445 0.0577573 
0.0243889 0.314824 0.376424 0.00931389 6.20776e-08 0.000720566 5.60493e-08 0.00686399 0.172343 0.0170622 0.0728138 0.00474144 0.000503818 2.19183e-11 3.43372e-08 
0.00474911 0.0480241 0.911995 3.83434e-05 0.000400481 0.000235853 0.00047042 0.000947157 0.025854 0.0054526 1.99426e-05 0.000411856 1.41498e-05 0.000218724 0.0011679 
0.104441 0.00191258 0.4709 0.00174128 0.0129848 0.00839875 0.0234114 0.0323294 0.050285 0.167728 0.0266983 0.095618 0.00304927 1.0054e-05 0.000493215 
0.0246033 0.0101101 0.723691 0.000821033 0.00299318 0.00737067 0.00182609 0.0211882 0.091024 0.0979232 0.000172215 0.00971953 0.0069576 0.000857772 0.000741844 
0.0343397 0.086049 0.560463 0.0123615 0.002804 0.019397 0.00339064 0.0445847 0.0859475 0.0688839 0.0300352 0.0273769 0.00783557 0.00125205 0.0152791 
0.0538454 0.0434843 0.378714 0.0339205 0.0155014 0.188144 0.000834338 0.0276113 0.195325 0.024161 0.0195449 0.0110243 0.00047631 2.04373e-06 0.0074105 
0.0267928 0.0681803 0.312788 0.109846 0.00327185 0.122934 0.00227188 0.0633025 0.174702 0.0336496 0.0600058 0.0193381 0.00032418 4.75047e-07 0.00259205 
0.0706317 0.0700115 0.582082 0.000513763 5.39935e-06 0.000565698 2.50525e-06 0.00145581 0.0662795 0.0157368 0.00171038 0.131772 0.000561102 0.0317759 0.0268965 
0.0524785 0.117338 0.589916 9.65746e-05 0.00153558 0.0401966 0.000180214 0.0481348 0.0466381 0.0917192 0.000142469 0.00472575 0.00289789 3.415e-05 0.0039662 
0.0206439 0.231969 0.233051 0.0334175 0.00485321 0.113461 6.41955e-05 0.17231 0.0989247 0.0240994 0.0511618 0.0129469 0.0013535 5.85255e-08 0.00174367 
0.112442 0.0415673 0.523689 0.130835 1.13887e-07 1.90257e-11 8.74588e-05 0.0794695 0.0200083 0.0589572 6.44827e-08 0.00168684 0.00213125 0.00023214 0.0288944 
0.00226612 0.0442071 0.7652 0.00600827 0.000498833 0.015728 0.000137789 0.0119363 0.0233087 0.076224 0.000773822 0.0209049 0.0324668 3.35828e-07 0.000339481 
0.0387529 0.139778 0.669737 0.00136912 3.98198e-08 0.00234898 0.000844063 0.0173898 0.0421787 0.0359669 0.000273388 0.00887476 0.0234385 1.31418e-07 0.019048 
0.0912652 0.261443 0.458879 0.0116252 0.000380861 0.00239187 1.20831e-05 0.00948913 0.0750586 0.0636111 0.00728104 0.00559704 0.00998344 0.000183243 0.00279913 
0.00724443 0.134966 0.382405 0.0716656 0.0129717 0.177097 0.00304962 0.0978451 0.0142764 0.00783586 0.0175231 0.0518326 1.41693e-05 2.7134e-09 0.0212737 
0.263473 0.073264 0.38305 2.0316e-06 3.1797e-07 0.00339304 7.3118e-07 0.192521 0.00213077 0.0342134 3.27987e-05 0.0232899 0.0246114 6.98885e-06 1.01253e-05 
0.0522523 0.0111443 0.673575 0.00078804 0.000919121 0.00819636 0.00025749 0.0238647 0.0454565 0.0723845 0.0155713 0.0805904 0.00587753 0.00271833 0.00640406 
0.0843875 0.0323496 0.353156 0.000318973 0.00101359 0.263937 3.27788e-05 0.00642295 0.0881513 0.122618 0.0380211 0.00769694 2.37319e-05 3.49806e-09 0.0018699 
0.0412598 0.0716201 0.550056 0.000267343 0.000177006 0.00555421 0.0837504 0.00166534 0.146108 0.000758708 0.00297646 0.09413 0.000256744 2.99559e-05 0.00138973 
0.0345513 0.0691916 0.513077 0.000893082 4.9584e-05 0.00179413 0.00413956 0.0178254 0.222442 0.0471304 0.0681006 0.0116045 0.00901171 1.0572e-08 0.000188752 
0.199236 0.0777551 0.432751 3.22294e-05 2.82342e-05 0.017501 0.000489264 0.00716309 0.133276 0.00323672 0.0004528 0.117912 0.000380549 0.00203983 0.00774665 
0.0384069 0.00194591 0.399118 0.0326117 0.00635938 0.0116717 1.22377e-06 0.0138736 0.0808391 0.158787 0.000226345 0.231553 0.00369909 3.64709e-05 0.0208708 
0.0873486 0.0697236 0.596999 0.00355562 0.000435432 0.00499992 6.78372e-05 0.0249989 0.0216404 0.0522623 0.00171593 0.113554 0.0205064 1.81396e-06 0.00218971 
0.0205961 0.000525049 0.722346 5.05148e-05 0.00568791 0.00276097 0.00175335 0.00120648 0.209807 0.000346495 4.97899e-06 0.0345616 9.64581e-07 1.40097e-06 0.000351174 
0.0135749 0.0101152 0.572044 0.00917471 0.00024076 0.0250882 3.67762e-05 0.0648857 0.0561906 0.091038 3.41462e-05 0.114984 0.0326163 1.43221e-07 0.00997651 
0.076392 0.0249104 0.531233 0.00838344 0.00228703 0.018123 0.00432389 0.0406276 0.10901 0.102624 0.00753315 0.0566485 0.00642532 0.00273336 0.00874541 
0.0350695 0.0410433 0.717977 0.000766942 0.00113362 0.00452601 0.000259061 0.000634895 0.0655463 0.0148503 0.11636 0.00145368 0.000218066 8.88319e-12 0.000161594 
0.00131903 0.19016 0.691264 0.029782 0.0136438 0.00535515 5.65385e-06 0.0164974 0.0223883 0.00153589 0.000259393 0.023754 0.000442788 1.4794e-05 0.00357766 
0.145062 0.024907 0.318467 0.00461874 0.000764939 0.0108363 0.000278932 0.0521392 0.178275 0.136317 0.0066068 0.108334 0.0111165 0.000410388 0.00186673 
0.123507 0.0590228 0.367048 0.0201414 0.00243417 0.0100713 0.0115558 0.0404036 0.0706785 0.185607 0.00862563 0.0252061 0.009988 0.00412061 0.0615899 
0.0112596 0.0185329 0.661749 0.00548048 0.000180211 0.000248952 0.000159756 0.0857089 0.121277 0.0661891 0.000501121 0.00764486 0.018563 6.01711e-07 0.00250533 
0.058485 0.0189911 0.439138 0.00887031 0.000651265 0.143512 0.000228757 0.0241105 0.181737 0.0645741 0.0174205 0.0375004 0.000884517 0.000736819 0.00316011 
0.0201879 0.148095 0.644972 2.98363e-08 2.23802e-09 0.00976076 8.454e-05 7.5045e-07 0.00202831 0.00110328 0.0173765 0.124645 0.000188461 3.62836e-09 0.0315575 
0.0238087 0.00527195 0.403068 0.0135161 0.00113567 0.00650503 4.80151e-05 0.011356 0.0788808 0.214528 0.0209184 0.170998 0.00087484 4.63688e-07 0.0490897 
0.0358363 0.0395277 0.461189 0.00182722 0.00173725 0.0467918 0.000369355 0.0501 0.091459 0.0638221 0.000249411 0.187031 0.0117174 8.19281e-05 0.0082606 
0.0180557 0.0380045 0.459271 0.0115034 0.0478046 0.00379902 3.22774e-07 0.13486 0.0284026 0.0390588 0.000100251 0.155821 0.0144918 6.65128e-06 0.0488207 
0.00544835 0.109011 0.669679 0.00805803 0.0174885 0.0063622 1.93201e-05 0.03374 0.107762 0.0204707 0.000226724 0.0155765 0.00338558 4.64041e-06 0.00276739 
0.160129 0.00716976 0.21879 0.000502027 7.87705e-05 0.114961 0.000494275 0.0512375 0.141258 0.212844 0.0105823 0.0788119 0.00288611 2.00421e-07 0.000254426 
0.0721088 0.0279149 0.346941 0.000644777 0.0713478 0.0122325 1.32452e-05 0.0560286 0.131675 0.188843 0.000649153 0.0135527 0.0743865 8.78767e-09 0.00366179 
0.0467138 0.164766 0.619092 2.76954e-05 0.000110376 0.0543064 1.50456e-06 0.000655928 0.0186449 0.0610445 0.0215206 0.00650837 0.00633824 1.00028e-10 0.000269435 
0.0467138 0.164766 0.619092 2.76954e-05 0.000110376 0.0543064 1.50456e-06 0.000655928 0.0186449 0.0610445 0.0215206 0.00650837 0.00633824 1.00028e-10 0.000269435 
0.190676 0.034051 0.223266 0.00191023 0.00157099 0.0968849 0.000162912 0.0254029 0.213336 0.0821976 0.00539818 0.117645 0.00691055 2.8051e-06 0.0005852 
0.263473 0.073264 0.38305 2.0316e-06 3.1797e-07 0.00339304 7.3118e-07 0.192521 0.00213077 0.0342134 3.27987e-05 0.0232899 0.0246114 6.98885e-06 1.01253e-05 
0.0150852 0.0993463 0.460313 0.0015812 0.000568787 0.0574434 0.000472644 0.0355245 0.130026 0.0209288 0.032878 0.00705616 0.117854 0.0186601 0.00226199 
0.145092 0.149306 0.269889 0.0227379 0.00106453 0.0299285 0.0105777 0.0360198 0.241675 0.0269673 0.000814192 0.0131381 0.0366731 0.000169288 0.0159475 
0.0511961 0.00830826 0.470877 0.000899963 0.0013476 0.0342477 0.00171057 0.0342699 0.0947754 0.0297311 0.00523154 0.26405 0.000247172 0.000116501 0.00299128 
0.0261844 0.247184 0.32911 0.00214312 0.000137225 0.014258 3.24724e-10 0.00525221 0.0612964 0.00347469 0.306235 0.00377899 0.000207626 1.02989e-11 0.000738127 
0.0133101 0.201447 0.397026 0.000584515 7.29137e-05 0.22634 6.03422e-05 0.0197699 0.03162 0.0131594 0.0374865 0.0489513 0.00152011 1.32269e-11 0.00865112 
0.0525233 0.0477078 0.467624 0.00715746 0.000488404 0.10156 0.000122495 0.0446379 0.0592072 0.145984 0.00661304 0.0493976 0.0025352 0.0101217 0.00432 
0.0241434 0.0211385 0.614774 0.00200818 0.0139044 0.00522446 0.00152241 0.080674 0.163765 0.0311463 0.000118968 0.00364598 0.0377765 1.32866e-11 0.000157731 
0.0716918 0.0181882 0.371397 0.000778725 3.1987e-05 0.00254947 0.000368138 0.260576 0.058072 0.0907752 1.84527e-05 0.00826914 0.00869325 0.000178904 0.108412 
0.0859388 0.0248948 0.671091 0.00799873 0.000586308 0.0364193 5.03342e-05 0.0190945 0.0340498 0.053982 0.0131124 0.0415171 0.00902611 3.34362e-06 0.00223573 
0.0916576 0.0414891 0.431256 0.0043961 0.000138312 0.0022558 3.97723e-05 0.256525 0.0206971 0.0767733 0.000215034 0.042664 0.0316773 3.11208e-05 0.000184462 
0.00365553 0.00687149 0.824397 9.09748e-06 2.31113e-07 4.41827e-07 1.13788e-06 0.003568 0.123954 0.0193629 1.63874e-06 0.00381828 8.92321e-05 6.05845e-08 0.014271 
0.0244234 0.010189 0.89077 3.45814e-05 4.43617e-08 0.000991876 2.38974e-06 0.0150132 0.00437692 0.029253 0.0101844 0.0106949 0.00365928 5.66546e-05 0.000350143 
0.0155651 0.0490576 0.43578 0.163234 0.000332913 0.00322554 0.00018196 0.0578836 0.119417 0.0316572 0.0628509 0.0584821 0.000596925 9.82565e-06 0.00172464 
0.0292182 0.00813601 0.384827 0.027369 0.000374103 0.020844 5.73242e-05 0.0388785 0.304942 0.162178 4.66368e-05 0.0167817 0.000969685 0.00251708 0.00286044 
0.0292802 0.00577241 0.551134 0.00422648 0.000157061 0.00125396 0.000969805 0.0267805 0.0661082 0.047914 0.0294539 0.212607 0.0236527 2.00128e-08 0.000689812 
0.00427973 0.00867931 0.559096 0.00671438 0.00114457 7.80645e-05 2.20136e-06 0.0262709 0.173026 0.205706 1.73309e-05 0.00745934 0.00218604 9.2861e-08 0.00534005 
0.0155078 0.178484 0.429868 0.00608636 3.30363e-08 0.00733807 2.26758e-05 0.00552976 0.133606 0.0730667 0.0569621 0.00806048 0.00288656 0.0817012 0.000880133 
0.0418736 0.0694859 0.775512 0.000746471 0.00637268 0.0063784 0.000141203 0.0162315 0.0365362 0.0235428 0.0190168 0.00140841 0.00139572 0.000180385 0.00117781 
0.0687241 0.0262432 0.330346 0.00982431 0.00355477 0.0145403 0.000536546 0.0348017 0.22969 0.119104 0.00482815 0.141732 0.00346169 0.000832796 0.0117798 
0.00865509 0.00684838 0.866685 0.00933233 0.000339892 0.0031499 2.61054e-06 0.00591634 0.0301661 0.0545582 0.00138691 0.010121 0.000220057 0.000314266 0.00230392 
0.103358 0.0251267 0.530268 0.00927876 0.00481423 0.00548627 0.00475169 0.00671348 0.068459 0.129909 0.0142808 0.0934641 0.00134209 2.89277e-06 0.00274484 
0.0892042 0.0155802 0.276477 0.0165694 0.000901763 0.0102376 0.0202518 0.0134236 0.205671 0.117951 0.00381922 0.0732927 0.00308031 0.000228006 0.153312 
0.0639947 0.0601381 0.402837 0.0329373 0.000177475 0.0794751 0.00057964 0.0108006 0.272216 0.0499845 0.00572945 0.0170458 0.000790556 2.76565e-06 0.00329186 
0.00543436 0.0193561 0.370974 0.116698 2.96603e-05 0.000146797 0.000178767 0.00220196 0.228248 8.56094e-08 0.239977 0.0141614 8.77268e-06 2.35603e-07 0.00258436 
0.00321647 0.000189666 0.626357 2.05729e-05 4.87784e-07 0.00225117 6.66344e-05 1.66183e-05 0.34969 0.0028654 0.000249812 0.0150109 1.5019e-05 8.84794e-09 5.05245e-05 
0.114125 0.0502041 0.263812 0.00130049 0.0040863 0.162462 0.00123312 0.0275161 0.155755 0.124134 0.0598071 0.024224 0.000487126 0.00976011 0.00109389 
0.0302611 0.0449859 0.481148 0.000589989 0.000210953 0.00361668 7.60947e-05 0.0153612 0.244443 0.148094 0.00121038 0.0260615 0.00138273 0.000175939 0.00238236 
0.024876 0.158252 0.610491 0.0271892 0.0247619 0.000645206 8.44886e-05 0.0629578 0.0512064 0.0184166 0.000356845 0.0181158 0.000518335 5.46716e-07 0.00212834 
0.150411 0.000963276 0.600697 7.60313e-06 1.46558e-09 0.000692983 1.78343e-09 0.000148728 1.83325e-10 0.232568 5.9271e-10 0.00569371 1.08942e-09 2.37605e-09 0.00881796 
0.00990448 0.00184239 0.472413 1.41488e-05 1.67326e-12 0.00220558 1.45597e-08 1.79392e-13 0.374472 0.0160593 0.0134108 0.109643 3.56628e-05 2.71275e-12 8.91972e-09 
0.00270487 0.20454 0.356627 0.0807507 0.0107718 0.0592146 1.34455e-05 0.222065 1.34575e-05 1.34576e-05 1.34544e-05 1.34559e-05 0.0551614 1.34411e-05 0.00808417 
0.0100799 0.185963 0.37754 4.64461e-07 0.00631324 4.64412e-07 0.000325329 0.0588078 0.0447323 0.112319 0.00176518 0.00227628 0.0130465 4.6394e-07 0.18683 
0.112942 0.00618746 0.332188 0.00688226 0.017114 0.025943 0.000274394 0.0304997 0.13729 0.283876 0.014375 0.0259413 0.00479927 4.14873e-06 0.00168466 
0.00638559 0.00104731 0.906019 0.000714809 9.08183e-06 8.78826e-05 2.04953e-05 0.0338209 0.0102068 0.0215939 0.0031495 0.00772405 0.00059664 5.16101e-08 0.00862398 
0.0538697 0.0643302 0.353897 0.0238797 0.0098314 0.0113415 4.92664e-05 0.119392 0.17068 0.101927 0.000104515 0.0471338 0.00420891 0.00136763 0.0379879 
0.223761 0.0284156 0.321622 0.0152081 0.00376938 0.196465 0.00176437 0.0581899 0.0645565 0.0193661 0.0548302 0.00853112 0.00019632 3.85203e-08 0.00332485 
0.110627 0.172115 0.477298 2.73369e-05 0.00712331 0.00417485 0.0940356 0.00294274 0.0398577 0.0324814 0.0281279 0.0128471 0.0101985 7.66549e-06 0.00813585 
0.0535043 0.187536 0.478117 8.80085e-05 0.00385699 0.026881 1.5853e-06 0.00578111 0.0934943 0.0551697 0.00155255 0.0401719 0.000847518 0.052216 0.00078203 
0.0775879 0.0073182 0.33655 0.0370896 0.000523806 0.00273688 0.000149127 0.0591595 0.17373 0.138535 4.16275e-06 0.154393 9.78393e-05 6.66489e-05 0.0120581 
0.0964583 0.0533914 0.261741 0.000328056 0.000768879 0.00013809 0.000149371 0.121165 0.00318159 0.142059 2.04272e-05 0.0564565 0.00129718 0.244024 0.0188209 
0.223821 0.0190372 0.33935 0.0118321 0.000742179 0.0120641 0.000673672 0.0167382 0.179466 0.140531 0.0249769 0.0261628 0.00129586 0.00012526 0.00318387 
0.0473059 0.0589271 0.313296 0.00513055 0.00017505 0.102794 0.000332735 0.195091 0.0903882 0.123595 0.00522163 0.0480425 0.00103176 1.15854e-05 0.00865765 
0.0816832 0.00501522 0.423935 0.00110686 5.85421e-09 1.35258e-06 7.12382e-09 0.00729899 0.00798075 0.112232 8.43553e-08 0.360438 1.37982e-05 0.000294871 4.07505e-09 
0.0617807 0.239098 0.369677 0.000935041 0.000571847 0.0166775 0.0139167 0.0592564 0.087905 0.0573687 0.0266719 0.0274394 0.0274755 1.7011e-07 0.0112262 
0.147951 0.00124708 0.432249 0.000105457 0.000234232 0.000149465 1.29831e-05 0.00204326 0.250947 0.0778368 2.0969e-05 0.0817234 0.00146879 2.14879e-11 0.00401051 
0.0056229 0.0139084 0.762579 0.000305171 0.000119791 0.0223362 6.8646e-06 0.0593058 0.00974977 0.00659974 6.78626e-06 0.109569 0.00979397 4.67148e-05 4.90489e-05 
0.0797197 0.0321513 0.472215 0.0069717 0.000711231 0.00922445 0.000502922 0.00892843 0.216824 0.157767 0.00226301 0.0100942 0.00079672 2.68271e-07 0.00183096 
0.230148 0.00797738 0.248679 0.0188599 0.000101538 0.0201901 0.0002477 0.169965 0.0436166 0.196516 0.0211793 0.0162813 0.0257828 3.86258e-05 0.000416237 
0.0722676 0.00980386 0.357914 0.0137093 0.000344536 0.0108185 8.48197e-05 0.0824232 0.0429684 0.330165 0.0013655 0.0580161 0.0124347 0.00390803 0.00377636 
0.0341441 0.311195 0.338744 0.00576419 0.00821428 0.0342601 0.000766178 0.0285702 0.101227 0.0655712 0.0453295 0.0165185 0.00725482 0.000615205 0.00182547 
0.00238849 0.209543 0.325162 3.66831e-05 0.00823865 0.0723121 0.000170542 0.049632 0.0735663 0.027388 0.0111674 0.000403677 2.93731e-05 4.02549e-08 0.219962 
0.209543 0.00925094 0.629764 0.000926419 1.92231e-05 0.0123705 0.0359722 0.00827026 0.0268478 0.0135291 0.00185275 0.0437758 0.000469432 0.0043459 0.00306205 
0.0213731 0.0183226 0.378809 0.00323069 0.00023066 0.00239422 3.92761e-06 0.0872649 0.202323 0.237028 0.0140817 0.0295492 0.00284479 1.34271e-05 0.00253025 
0.213353 0.215516 0.308733 0.00303048 1.4649e-05 0.000119242 3.98786e-06 0.0181584 0.0819304 0.128781 1.29042e-05 0.000146368 0.0299695 1.19858e-05 0.000219419 
0.0588564 0.0114508 0.272428 0.0104013 0.00394448 0.00261011 0.00057099 0.0649344 0.213931 0.139005 0.0105238 0.20075 0.00884182 0.000743622 0.00100837 
0.0175669 0.192228 0.382671 0.00214562 0.00207076 0.00277254 0.00125898 0.0449568 0.226681 0.120705 0.000473068 0.00294373 6.52573e-05 0.000126184 0.00333417 
0.209044 0.0150067 0.280354 0.0180947 0.000165815 0.0198914 1.0868e-05 0.0255157 0.0585259 0.129103 0.00534285 0.222694 0.00941112 3.25067e-06 0.00683797 
0.0386571 0.00217151 0.44196 0.00465424 0.00038308 0.0144713 0.00183372 0.00963722 0.364031 0.101966 7.78771e-06 0.00874717 0.0109617 0.000126337 0.00039117 
0.0720086 0.00265372 0.800389 0.000137897 1.29319e-07 0.00012511 8.37763e-06 0.00561441 0.0256771 0.039743 0.00227557 0.0429049 0.000257141 0.00793039 0.000274223 
0.00226612 0.0442071 0.7652 0.00600827 0.000498833 0.015728 0.000137789 0.0119363 0.0233087 0.076224 0.000773822 0.0209049 0.0324668 3.35828e-07 0.000339481 
0.00213798 0.00693598 0.543975 0.0307327 0.000132492 0.00017057 4.45088e-06 0.00213623 0.377445 0.0189269 3.9885e-05 0.00421207 0.000429817 1.93541e-06 0.0127195 
0.0145335 0.00155116 0.487563 0.000288737 5.21195e-05 0.00041422 1.00373e-05 0.000542137 0.454018 0.0165767 0.00336024 0.0209001 9.06404e-05 3.49872e-13 9.9477e-05 
0.0477582 0.0291883 0.48388 0.0372652 0.00340671 0.0447976 0.00047069 0.0115686 0.168067 0.129251 0.0049627 0.0258413 0.00161672 3.20105e-06 0.0119235 
0.145261 0.0641002 0.208846 0.0242196 0.0119678 0.0749491 0.000144096 0.14067 0.153072 0.130268 0.000430694 0.0193349 0.0229419 0.000236335 0.00355899 
0.0201568 0.0129862 0.538585 0.0210068 0.0201525 0.0154192 0.000532071 0.0531579 0.223954 0.0531139 0.00645807 0.0321322 0.00211107 2.62974e-05 0.000208285 
0.011125 0.0435051 0.81713 0.0330631 0.00980915 0.000411349 1.03817e-06 0.0332674 0.00472233 0.00460947 0.000259191 0.00512094 1.95676e-05 9.30919e-05 0.0368629 
0.184489 0.111415 0.333803 8.42057e-05 0.0050527 0.00708847 1.43081e-06 0.134409 0.0576257 0.0166455 1.78925e-05 0.147864 0.000275571 1.1464e-06 0.00122771 
0.0133101 0.201447 0.397026 0.000584515 7.29137e-05 0.22634 6.03422e-05 0.0197699 0.03162 0.0131594 0.0374865 0.0489513 0.00152011 1.32269e-11 0.00865112 
2.0263e-06 0.00497164 0.803717 0.0131906 2.85807e-05 3.52989e-07 4.84921e-06 0.051102 0.00234149 0.0431139 1.93604e-06 0.0773346 0.00293276 3.06242e-05 0.00122716 
0.0689083 0.0935784 0.531885 0.00275809 8.32076e-05 0.00741083 0.000700413 0.0763555 0.0775531 0.0549228 0.0338257 0.0428799 0.00675311 0.00070588 0.00167995 
0.106338 0.0655424 0.255135 0.0282442 0.0643468 0.0277315 0.000208588 0.0445132 0.227784 0.0849969 0.000551538 0.0881169 0.000653667 3.76108e-05 0.0058002 
0.151996 0.0218739 0.306814 0.0121697 1.93782e-05 0.00443519 0.000113091 0.0375166 0.101975 0.268381 3.57102e-05 0.058714 0.0323797 7.4914e-05 0.00350174 
0.155405 0.228923 0.331015 7.3146e-05 0.025257 0.00231008 0.0218908 0.00939021 0.0741937 0.081388 0.0240694 0.0177031 0.00408929 1.76226e-09 0.0242927 
0.0746005 0.0757338 0.204149 0.0362757 0.00699949 0.0245341 2.01363e-05 0.14188 0.112776 0.147918 3.86553e-05 0.0409027 0.0968414 0.00193467 0.035396 
