0.906969 0.00809261 6.63161e-13 0.00185239 4.46281e-08 0.000928238 2.06829e-08 0.00800831 0.0384266 0.0355488 1.09373e-08 0.000165376 7.97378e-06 6.92899e-12 6.84013e-08 
0.374055 0.337671 2.77732e-10 5.17979e-07 1.78991e-09 4.25207e-06 2.1781e-09 0.0330492 0.0677189 2.04791e-10 7.23875e-10 3.69557e-06 3.72673e-06 2.90187e-09 0.187494 
0.825234 0.0524926 1.65316e-10 2.10236e-05 0.000826653 0.0186974 1.66596e-05 3.05324e-05 0.0329357 0.0396885 0.000107838 2.27402e-05 7.91962e-10 1.0118e-07 0.0299265 
0.000501142 1.28724e-05 8.41558e-08 0.000713421 5.42362e-07 8.70021e-06 6.59986e-07 0.998054 6.78425e-08 0.000672827 2.39848e-06 1.07052e-06 2.79721e-05 8.79297e-07 3.31562e-06 
0.420045 0.0533706 1.20484e-07 0.001345 3.99731e-06 0.0815429 1.81664e-06 0.0220142 0.105426 0.284732 3.81581e-06 1.64523e-05 0.031377 4.55795e-10 0.000121684 
0.023378 0.943587 4.1436e-09 1.11592e-06 4.46497e-05 4.08753e-05 0.00357718 0.00109004 0.0249336 0.00156144 0.000357631 0.000256547 5.50156e-05 1.108e-06 0.00111568 
0.0729717 0.00284364 0.000129366 0.0801389 0.00339868 0.0598868 6.30357e-09 0.743173 0.00191684 0.0056841 4.41164e-06 0.0211904 0.00189671 0.00375199 0.00301386 
7.21384e-07 0.589281 1.4757e-10 2.29161e-10 9.5105e-10 5.01237e-06 2.66297e-06 0.0194883 1.20165e-06 1.08813e-10 3.84623e-10 2.51711e-10 7.06949e-10 1.54188e-09 0.391221 
0.380115 0.0515157 6.80281e-12 2.91579e-07 4.38423e-11 0.0799838 5.87389e-08 0.284154 0.0640676 0.0875 8.88307e-09 0.0208231 1.95569e-07 5.75809e-07 0.0318399 
0.000520552 0.958036 1.88477e-09 7.32003e-06 0.00711201 5.86085e-05 0.0333803 1.48473e-05 0.00032318 2.08603e-06 0.000280995 3.21486e-09 8.13526e-06 1.18354e-05 0.000244366 
0.176152 0.401598 3.05555e-07 0.00324866 0.0232557 0.00372577 0.0549053 0.0102075 0.295049 0.0220766 0.00133351 0.00163401 0.000695386 6.5574e-08 0.00611785 
0.706966 0.00519536 1.13299e-13 6.51097e-06 5.13327e-08 0.00150609 9.45597e-05 0.000180498 0.197534 0.000495987 2.27411e-09 0.000132665 5.42772e-13 2.48716e-09 0.0878883 
7.10889e-10 0.542819 6.83636e-10 5.73379e-06 4.40585e-09 1.63513e-09 5.36136e-09 0.306173 0.0134639 5.04091e-10 1.78181e-09 0.0279976 1.14658e-05 7.14292e-09 0.109529 
7.08254e-06 0.529185 2.86152e-05 0.000992628 4.4482e-05 4.75423e-05 5.03696e-05 0.051658 0.0541123 0.0966354 9.14695e-05 8.05621e-05 5.11713e-05 1.96768e-08 0.267016 
0.0332558 6.53093e-06 3.514e-06 5.45688e-06 2.26468e-05 8.40483e-06 2.75583e-05 2.42799e-06 2.83283e-06 0.916213 9.15882e-06 5.99386e-06 0.0235847 3.67159e-05 0.0268149 
0.825234 0.0524926 1.65316e-10 2.10236e-05 0.000826653 0.0186974 1.66596e-05 3.05324e-05 0.0329357 0.0396885 0.000107838 2.27402e-05 7.91962e-10 1.0118e-07 0.0299265 
4.96755e-12 6.36762e-06 4.7771e-12 0.683926 3.07872e-11 9.7937e-05 3.74641e-11 0.315969 3.85108e-12 1.06026e-09 1.24509e-11 8.14833e-12 3.22703e-07 4.99133e-11 2.14306e-11 
0.65289 0.266702 1.60434e-05 1.53248e-05 4.8357e-05 8.38199e-05 4.35158e-05 0.0373823 0.0351505 3.37147e-05 3.29118e-05 0.000879388 6.52436e-05 1.50733e-05 0.00664208 
0.0482673 0.400246 1.81399e-07 5.34948e-08 0.228321 0.00296565 0.000260341 0.00358964 0.248793 0.0622083 0.000963264 0.000372431 0.000722014 1.77298e-11 0.003291 
0.00537942 0.000123855 4.13979e-08 6.42866e-08 0.333237 0.324598 0.000270963 0.000431497 0.000328574 0.335213 1.07899e-07 0.000187872 0.000228499 4.32543e-07 1.85716e-07 
0.39791 0.100169 1.87623e-05 0.0139965 2.28343e-05 0.26628 5.84444e-05 0.0259195 0.0716722 0.119253 0.000110548 0.00381537 9.96437e-05 2.30796e-09 0.000673637 
1.96999e-06 0.00157529 1.89447e-06 2.94191e-06 1.22093e-05 4.5312e-06 1.48572e-05 1.30898e-06 1.52723e-06 0.000166839 4.93769e-06 3.2314e-06 0.99818 1.97942e-05 8.49879e-06 
6.51598e-11 0.996225 6.26617e-11 9.73071e-11 1.37345e-06 1.16917e-06 1.52389e-06 0.000665514 4.55138e-08 0.00253851 0.000562653 2.14834e-08 3.00187e-10 6.54717e-10 4.18877e-06 
0.0926849 0.00132457 0.00064803 0.00185112 0.137185 0.00629169 1.53166e-05 0.156311 0.000893395 0.192056 0.0142041 0.0017687 0.00170337 0.392615 0.000447578 
0.372557 0.00990547 7.0456e-05 0.000682034 0.000187184 0.00410199 9.00134e-05 0.00129309 0.56478 0.043707 2.31806e-05 0.00167221 0.000152241 1.37181e-08 0.000778142 
0.00800541 0.770638 3.39612e-09 4.55303e-06 4.29882e-06 0.00226548 1.64619e-05 0.0737083 0.0086614 0.00032709 4.28752e-06 0.136351 1.62694e-08 3.54841e-08 1.31772e-05 
0.00348689 0.914876 3.81452e-08 2.18e-06 0.000125026 5.50199e-07 1.95727e-07 0.0186834 0.0173354 0.0440156 0.000635888 1.30412e-07 0.000765345 8.72098e-12 7.28305e-05 
1.83724e-07 0.999388 1.76681e-07 2.74367e-07 1.13866e-06 0.000592043 1.38561e-06 1.23298e-05 1.42432e-07 1.30279e-07 4.60497e-07 3.01365e-07 8.46406e-07 1.84604e-06 7.9261e-07 
0.0864296 0.0016556 0.000809975 0.00231375 0.146852 0.00786424 1.90932e-05 0.16076 0.0011167 0.197396 0.0177532 0.00221074 0.0021289 0.37213 0.000559375 
0.267104 0.0645308 6.69367e-09 0.000227497 3.28162e-08 0.000461329 3.80331e-05 0.0150363 0.435873 0.215469 5.14778e-05 0.000926791 8.96631e-09 1.77924e-10 0.000281724 
0.89083 0.0605996 1.14047e-05 1.83114e-05 0.00132556 4.83481e-05 4.39861e-05 1.94687e-05 0.0154633 0.0264271 6.98533e-06 0.000371051 2.36317e-05 2.39895e-06 0.00480864 
0.0926849 0.00132457 0.00064803 0.00185112 0.137185 0.00629169 1.53166e-05 0.156311 0.000893395 0.192056 0.0142041 0.0017687 0.00170337 0.392615 0.000447578 
0.852972 0.0055915 3.46572e-08 0.000141102 1.97818e-07 0.0162409 1.58424e-05 0.00816952 0.0730761 0.0225207 8.77087e-09 2.21689e-05 1.84474e-07 9.61634e-09 0.0212501 
0.476633 0.178962 8.57917e-08 7.58182e-07 7.23588e-07 0.221069 0.0390098 0.0256365 0.0541522 1.74314e-06 7.5632e-07 1.76083e-06 3.69619e-07 3.64606e-05 0.00449481 
0.0165252 0.0850041 4.36733e-08 8.32864e-12 0.000689815 0.0338391 1.55031e-07 0.00027898 0.0193419 0.836493 5.80374e-08 2.72633e-07 0.00027473 5.60381e-11 0.00755287 
0.00149224 0.0273008 5.73782e-07 8.91024e-07 0.00776924 1.37238e-06 4.49985e-06 0.00618507 4.62557e-07 0.957231 1.49549e-06 9.78704e-07 2.74876e-06 5.99513e-06 2.57406e-06 
0.00234087 0.798711 4.51073e-06 0.00120902 9.22302e-05 0.00833655 2.80408e-05 0.0316192 0.0307032 0.125905 0.000132172 0.000484477 2.91595e-05 3.706e-05 0.000367756 
0.0083208 0.718823 9.43119e-09 5.38994e-07 9.27095e-05 0.00725074 0.000271046 0.00428344 0.051309 0.208636 4.13628e-08 3.22437e-08 0.000563488 2.15622e-12 0.000448493 
0.0151333 0.00102622 4.09487e-05 0.021351 0.00333962 0.00279544 1.3101e-11 0.901357 0.000217505 0.00897591 1.29622e-05 0.0128163 8.8093e-05 0.0324105 0.000435013 
0.01915 0.754977 1.05228e-07 1.76167e-07 6.8907e-08 0.00152794 0.00205943 0.0345242 0.119531 0.0527964 0.000386707 8.99906e-05 2.99793e-08 3.55282e-07 0.0149574 
0.0042287 0.995545 1.0879e-08 1.6894e-08 9.12164e-05 2.60205e-08 8.53179e-08 4.43569e-05 8.77016e-09 8.02184e-09 2.83548e-08 1.85564e-08 3.13222e-05 1.13669e-07 5.86139e-05 
0.115928 0.339735 1.56336e-05 1.59318e-05 0.00551334 0.0122027 1.84144e-05 0.0300235 0.180173 0.264093 2.78256e-06 0.00925203 0.0302736 1.28407e-08 0.0127535 
8.66292e-08 0.237295 8.33081e-08 1.29369e-07 5.36899e-07 1.99257e-07 6.53337e-07 0.000143961 2.02149e-05 0.762537 2.17132e-07 1.42099e-07 3.99096e-07 8.70439e-07 3.7373e-07 
0.319963 0.313759 5.57844e-05 0.00581752 5.97295e-05 0.0464474 5.43577e-05 0.0532454 0.0597512 0.198828 0.000164951 0.00088807 0.000803483 9.216e-07 0.000161236 
0.398266 0.0409407 2.19811e-07 0.00756127 4.32363e-07 0.0183574 0.000232244 0.207442 0.285 8.27793e-05 2.3528e-05 2.22351e-05 1.08118e-07 4.44257e-06 0.0420665 
0.39791 0.100169 1.87623e-05 0.0139965 2.28343e-05 0.26628 5.84444e-05 0.0259195 0.0716722 0.119253 0.000110548 0.00381537 9.96437e-05 2.30796e-09 0.000673637 
0.000410977 0.96903 1.07854e-09 3.37256e-06 2.08192e-05 0.00302253 0.000964205 0.00178655 0.0114517 6.92604e-05 6.41664e-05 2.82894e-06 5.69133e-06 1.1269e-08 0.0131678 
0.00581637 0.0251395 2.85362e-07 4.43138e-07 1.83908e-06 6.82531e-07 0.00559707 0.000355104 0.952636 2.10417e-07 0.000967633 0.000389882 1.36706e-06 2.98159e-06 0.00909044 
0.564133 0.0358636 1.1243e-06 0.00043071 5.84751e-07 0.0014256 1.18845e-05 0.0259906 0.065537 0.303596 2.71121e-06 0.00265661 7.36996e-05 5.71012e-09 0.000277351 
4.9633e-07 0.774045 3.90988e-08 0.00558848 5.5694e-08 5.63954e-07 0.00040144 0.174002 0.036162 0.00739455 0.000120206 0.000802169 0.00148354 8.939e-12 3.10918e-08 
0.0997418 0.0277261 4.93686e-13 6.35013e-07 1.33662e-08 7.79448e-09 5.61718e-05 0.00064602 0.868041 0.00209895 4.72646e-05 0.00019897 0.000369148 5.15824e-12 0.00107382 
0.02902 0.00393189 4.22803e-06 0.00925058 7.96074e-09 4.8483e-05 6.29819e-06 0.0165908 0.882435 0.0581155 9.52998e-06 0.000256814 0.000131478 1.01275e-11 0.000199252 
0.53545 0.0590243 2.97142e-07 0.0103356 4.44196e-05 0.00395673 6.20408e-06 0.0824058 0.220977 0.0852374 0.000452865 0.00175153 7.45114e-11 6.97493e-08 0.000358083 
0.0884328 0.0214536 5.11153e-09 0.00144158 1.48934e-08 0.0309213 6.90167e-09 0.0178433 0.590772 0.246616 3.64988e-09 0.000110264 0.00240862 7.99501e-13 2.28279e-08 
1.28778e-10 0.986872 1.23841e-10 1.92313e-10 1.03836e-06 0.0093887 9.71217e-10 0.000212543 0.00352083 9.13167e-11 3.84137e-06 2.11237e-10 1.78575e-07 1.29395e-09 6.67232e-07 
4.03061e-07 0.0673465 5.78434e-11 8.80374e-07 3.72786e-10 4.84365e-07 4.53633e-10 0.926882 0.00576203 1.31798e-06 1.50762e-10 9.86639e-11 2.77105e-10 6.28608e-06 2.59492e-10 
0.0142491 0.280302 1.28865e-09 2.00114e-09 0.00215356 3.08221e-09 1.01061e-08 0.115241 4.61602e-06 0.0416371 0.00664385 0.108538 0.0364802 1.34644e-08 0.39475 
0.0360158 0.238688 2.70971e-05 0.00219547 0.000304835 0.00319442 0.0828191 0.0372847 0.586475 0.008018 0.000337615 2.54498e-05 0.00360893 2.05492e-07 0.00100536 
0.000100142 0.998363 7.88874e-06 0.000450842 1.1237e-05 0.000113786 4.04779e-05 0.000175623 0.000252455 0.000382455 3.4598e-05 2.69703e-05 3.44012e-05 1.80357e-09 6.27321e-06 
0.00133861 0.96882 1.04467e-05 0.000596704 0.00014353 0.000150611 5.3619e-05 0.00654915 0.00617935 0.0152804 0.000315819 3.57056e-05 0.000429903 6.36858e-08 9.57614e-05 
0.64278 0.187324 3.72064e-07 1.80994e-05 0.000721037 0.00103235 0.000244707 0.000166533 0.143711 0.0219698 6.96726e-05 3.24195e-06 3.58098e-05 3.36087e-11 0.00192276 
8.2577e-12 0.00163855 7.94112e-12 1.07164e-06 1.54047e-08 1.89936e-11 6.22777e-11 0.00121184 2.36929e-08 3.45534e-08 2.06976e-11 1.35452e-11 3.80427e-11 8.29723e-11 0.997148 
7.99336e-07 0.000287158 7.68691e-07 1.1937e-06 4.95402e-06 0.998156 6.0284e-06 0.00127523 0.000248492 5.66808e-07 2.0035e-06 1.31116e-06 3.68249e-06 8.03162e-06 3.44844e-06 
0.012963 0.70299 3.39681e-08 5.27489e-08 2.55797e-05 0.0372592 2.66392e-07 0.0839915 0.0106103 0.129053 8.85337e-08 0.0215615 1.62728e-07 3.54913e-07 0.00154538 
0.033427 0.348962 1.56371e-06 0.000246041 0.000180949 1.0375e-07 0.00278464 0.0124015 0.278802 0.0527159 0.26774 0.000503159 0.000115342 2.53609e-11 0.00211996 
0.0156768 8.35195e-06 1.58932e-09 4.78546e-05 0.000889171 0.00480068 1.4024e-05 0.186758 0.264506 0.41818 6.26888e-06 5.1723e-06 1.11711e-06 0.108978 0.000127918 
6.51598e-11 0.996225 6.26617e-11 9.73071e-11 1.37345e-06 1.16917e-06 1.52389e-06 0.000665514 4.55138e-08 0.00253851 0.000562653 2.14834e-08 3.00187e-10 6.54717e-10 4.18877e-06 
0.0269374 0.892 9.93909e-12 1.54344e-11 4.42043e-07 1.26709e-06 0.00131018 0.0024239 0.0687879 3.34411e-06 6.47885e-08 1.69532e-11 6.52361e-07 1.03848e-10 0.00853511 
0.0926849 0.00132457 0.00064803 0.00185112 0.137185 0.00629169 1.53166e-05 0.156311 0.000893395 0.192056 0.0142041 0.0017687 0.00170337 0.392615 0.000447578 
0.325946 1.60282e-06 3.95599e-12 2.19929e-06 2.54953e-11 0.0141218 3.72604e-08 3.08899e-06 6.07688e-06 0.659919 1.03108e-11 5.53383e-08 3.07033e-07 4.13339e-11 1.7747e-11 
0.100534 0.0855535 5.40754e-05 0.000961204 0.000315622 0.000224667 0.000157088 0.0844406 0.501745 0.00399526 8.27785e-05 0.0049531 0.000503468 1.03146e-07 0.21648 
0.325946 1.60282e-06 3.95599e-12 2.19929e-06 2.54953e-11 0.0141218 3.72604e-08 3.08899e-06 6.07688e-06 0.659919 1.03108e-11 5.53383e-08 3.07033e-07 4.13339e-11 1.7747e-11 
0.00232677 0.00312748 2.77167e-11 0.178424 0.00333228 0.295688 2.90191e-08 0.515276 0.00181835 3.41986e-06 7.22401e-11 2.82485e-06 1.32779e-10 2.89596e-10 9.93892e-07 
0.0012999 0.617577 6.65163e-06 0.0137862 9.64061e-06 0.00124589 0.000107593 0.343911 0.00399774 0.0154856 0.000267495 1.05537e-07 0.000179078 2.07258e-07 0.00212649 
3.12716e-06 0.64024 2.14074e-07 0.0002361 5.63248e-10 0.000179509 6.854e-10 0.212724 0.114336 0.0128693 4.43585e-05 0.000218218 0.000188462 7.40595e-07 0.0189602 
0.398246 0.00481728 8.98881e-09 5.0308e-05 1.42471e-08 0.00075588 1.38712e-05 0.000727855 0.545797 0.0217378 3.4915e-09 0.00173952 5.99517e-05 7.64807e-13 0.026054 
6.39951e-05 0.0301368 9.06869e-11 0.00048551 5.84453e-10 0.502315 1.93087e-06 0.124629 0.3071 0.00529378 2.36364e-10 5.45899e-07 4.34445e-10 6.3347e-06 0.029967 
0.0697617 0.0732723 2.0835e-06 2.19323e-06 2.73694e-05 2.62465e-05 1.39782e-05 0.000205243 0.0558263 8.99484e-06 4.59253e-07 0.0438793 1.70927e-05 2.48752e-08 0.756957 
1.26709e-07 0.999266 1.21851e-07 1.89222e-07 7.85297e-07 2.91444e-07 9.79446e-05 0.000119716 9.82305e-08 0.000249347 2.2835e-05 2.07842e-07 5.83739e-07 1.27315e-06 0.000240962 
0.000196811 0.00147028 1.26169e-08 0.000148925 0.000154575 3.01772e-08 9.8947e-08 0.000216206 0.000698764 0.995737 3.28844e-08 0.000120538 6.04425e-08 1.31827e-07 0.00125659 
5.52205e-10 0.998778 5.31035e-10 8.24642e-10 3.42238e-09 1.27013e-09 4.1646e-09 5.87436e-07 4.28095e-10 7.4437e-07 0.00122062 9.05789e-10 2.54398e-09 5.54848e-09 2.38228e-09 
6.36349e-05 0.0199985 3.05915e-11 1.28312e-07 1.97155e-10 8.04933e-07 1.91954e-06 1.58743e-06 3.53028e-05 0.0117683 7.97331e-11 5.42726e-07 1.46552e-10 3.19634e-10 0.968129 
6.22807e-07 0.91756 9.21292e-11 1.44498e-08 0.021221 2.00546e-06 4.33583e-06 0.0612043 1.37407e-06 1.24324e-06 1.12882e-06 5.81597e-07 4.41354e-10 9.62607e-10 3.47214e-06 
0.0447288 0.382824 3.4016e-11 4.6421e-07 3.88941e-07 0.000471015 1.97553e-05 0.000216391 0.517459 0.000701523 0.000852772 6.73318e-05 0.00012505 3.54049e-07 0.0525333 
0.144896 4.75812e-11 2.56013e-11 3.97562e-11 1.64994e-10 6.12335e-11 2.00777e-10 0.354916 2.06386e-11 0.0723023 6.67267e-11 0.401502 1.22646e-10 0.0263847 1.14851e-10 
0.00183399 0.00011042 6.74964e-08 0.842728 0.00215731 0.00546183 2.88336e-07 0.142537 0.00134027 0.000442659 7.59938e-07 0.00330971 7.91009e-08 1.09753e-10 7.7587e-05 
1.29628e-05 0.000161339 1.02116e-06 5.83592e-05 1.45458e-06 1.4729e-05 5.23965e-06 0.420593 0.183035 0.396103 4.47852e-06 3.49117e-06 4.45306e-06 8.64047e-07 8.12034e-07 
4.84495e-05 0.0223447 1.4078e-07 4.04622e-07 0.000181698 1.82647e-06 0.977336 4.74665e-07 4.11755e-05 1.03807e-07 3.55775e-05 2.40129e-07 6.74421e-07 1.77129e-06 6.84326e-06 
0.00121926 0.994822 3.17239e-10 1.00011e-05 6.17467e-05 5.59984e-05 0.00288998 2.13718e-05 0.000579233 0.000205476 1.5132e-05 8.38785e-06 1.68709e-05 3.31465e-09 9.46421e-05 
0.439133 0.0525555 2.50391e-05 0.0356988 1.08168e-05 0.203612 2.50979e-05 0.0444446 0.0685789 0.153721 4.9304e-05 0.0015816 0.000196522 5.54095e-09 0.000367557 
0.278005 0.380327 2.81848e-06 0.00181515 2.77556e-05 0.000325506 2.33281e-05 0.00718378 0.0938863 8.78412e-05 5.11233e-05 2.93385e-05 1.75849e-09 1.34791e-06 0.238234 
0.444872 0.135289 1.20366e-07 0.00244338 0.00363268 0.00888159 0.00138313 0.0117363 0.272624 0.105733 0.00220237 0.00186563 0.00133555 1.20223e-07 0.00800094 
6.51598e-11 0.996225 6.26617e-11 9.73071e-11 1.37345e-06 1.16917e-06 1.52389e-06 0.000665514 4.55138e-08 0.00253851 0.000562653 2.14834e-08 3.00187e-10 6.54717e-10 4.18877e-06 
0.444872 0.135289 1.20366e-07 0.00244338 0.00363268 0.00888159 0.00138313 0.0117363 0.272624 0.105733 0.00220237 0.00186563 0.00133555 1.20223e-07 0.00800094 
7.64245e-10 0.98873 7.34946e-10 1.14129e-09 4.73654e-09 1.75785e-09 5.76376e-09 1.82862e-06 7.28807e-06 0.0112507 4.59922e-06 1.25486e-06 3.52083e-09 7.67904e-09 3.95974e-06 
0.0148511 0.729144 1.19744e-08 0.00903394 1.70568e-08 6.9259e-05 6.14417e-08 0.095889 0.0234907 0.126382 0.000257383 0.000196546 0.000302915 6.29933e-09 0.000382799 
0.00256356 0.945103 2.10225e-07 0.00264835 2.99802e-07 3.03142e-06 1.07888e-06 0.00734283 0.0118781 0.0219754 0.0001387 0.00834462 9.16781e-07 7.73878e-10 1.6743e-07 
0.000230502 7.33906e-12 3.94882e-12 1.53922e-07 2.54491e-11 0.000797731 6.50644e-08 0.000199721 3.18335e-12 2.91173e-12 1.339e-08 6.73552e-12 1.32609e-08 4.1259e-11 0.998772 
6.28389e-09 0.999454 6.04298e-09 9.38412e-09 3.89454e-08 1.44536e-08 9.48306e-05 0.00016869 4.87157e-09 4.4559e-09 3.1658e-06 1.03075e-08 2.89495e-08 6.31397e-08 0.000279254 
5.91581e-10 0.997509 5.68901e-10 8.83444e-10 4.77002e-06 1.95955e-05 4.46156e-09 0.00243911 6.467e-06 4.19489e-10 1.76464e-05 9.70377e-10 8.20337e-07 5.94413e-09 3.06512e-06 
0.103218 0.0675293 3.21882e-05 5.20238e-05 2.33725e-06 0.190141 0.0174254 0.0406204 0.125446 0.309589 0.000225263 0.00144257 0.124143 0.0201322 1.13137e-06 
0.439133 0.0525555 2.50391e-05 0.0356988 1.08168e-05 0.203612 2.50979e-05 0.0444446 0.0685789 0.153721 4.9304e-05 0.0015816 0.000196522 5.54095e-09 0.000367557 
0.0421378 0.0132351 1.98056e-05 0.000169209 3.72299e-05 0.552294 1.99755e-06 0.0604526 0.0938154 0.230342 9.0002e-05 0.00191886 0.00505475 3.38916e-07 0.000431598 
0.0541325 0.0300212 6.99535e-08 5.05537e-05 0.0112599 0.0248111 0.824523 5.76498e-05 0.0216184 0.000160212 0.00206112 0.000255896 3.35119e-07 5.12022e-05 0.0309971 
0.00829356 0.00019426 2.71206e-10 5.55967e-06 1.74785e-09 2.60117e-07 2.12691e-09 6.7404e-05 1.34025e-05 4.35354e-05 3.46435e-06 0.0179918 7.53686e-06 6.52028e-06 0.973373 
0.280504 0.000375051 2.41289e-07 0.000577806 1.75658e-07 0.000169722 4.38895e-07 0.326044 0.00605966 0.280412 0.0898526 0.00249039 0.0114939 0.000311581 0.00170844 
5.93466e-05 0.998862 5.33327e-09 8.28202e-09 3.43716e-08 3.31789e-05 0.000121337 0.000137455 0.00010577 8.06217e-05 1.39005e-08 9.09699e-09 0.000102224 5.57244e-08 0.000497676 
0.439133 0.0525555 2.50391e-05 0.0356988 1.08168e-05 0.203612 2.50979e-05 0.0444446 0.0685789 0.153721 4.9304e-05 0.0015816 0.000196522 5.54095e-09 0.000367557 
0.00229481 0.00997384 5.90168e-07 0.0631873 0.00599012 0.000856287 7.39878e-09 0.411302 0.00566916 0.27978 6.13893e-05 0.00293795 7.08537e-05 0.216819 0.00105693 
0.0499224 0.747935 1.66291e-09 0.00381391 0.00340096 0.000896463 0.0150869 0.0835875 0.0794496 2.46447e-07 0.000221654 0.0127321 0.000913936 1.38574e-07 0.0020389 
0.852972 0.0055915 3.46572e-08 0.000141102 1.97818e-07 0.0162409 1.58424e-05 0.00816952 0.0730761 0.0225207 8.77087e-09 2.21689e-05 1.84474e-07 9.61634e-09 0.0212501 
0.0081579 0.677289 2.84885e-06 0.000957908 0.00736083 0.00146084 0.252891 0.0343766 0.0148475 0.000428745 0.00156709 2.35413e-06 5.65468e-06 4.85255e-08 0.000652148 
6.59644e-08 0.915057 5.92799e-12 9.20556e-12 3.82044e-11 0.000523714 0.00031033 0.00320859 0.00118752 8.9612e-08 1.54506e-11 1.01114e-11 1.13623e-07 6.19383e-11 0.0797125 
0.0864296 0.0016556 0.000809975 0.00231375 0.146852 0.00786424 1.90932e-05 0.16076 0.0011167 0.197396 0.0177532 0.00221074 0.0021289 0.37213 0.000559375 
0.00252594 0.776899 5.7203e-05 0.00288013 0.0022914 0.0011111 0.00011008 0.20304 0.00234189 0.00681251 3.57422e-05 0.000271592 0.00128853 5.63282e-08 0.000334784 
0.0133274 0.000406054 7.42915e-05 0.00775162 0.000296765 0.0117541 1.179e-07 0.30692 0.0166949 0.3919 6.52533e-06 0.00646755 9.91046e-05 0.242671 0.0016301 
0.706966 0.00519536 1.13299e-13 6.51097e-06 5.13327e-08 0.00150609 9.45597e-05 0.000180498 0.197534 0.000495987 2.27411e-09 0.000132665 5.42772e-13 2.48716e-09 0.0878883 
0.02902 0.00393189 4.22803e-06 0.00925058 7.96074e-09 4.8483e-05 6.29819e-06 0.0165908 0.882435 0.0581155 9.52998e-06 0.000256814 0.000131478 1.01275e-11 0.000199252 
0.176152 0.401598 3.05555e-07 0.00324866 0.0232557 0.00372577 0.0549053 0.0102075 0.295049 0.0220766 0.00133351 0.00163401 0.000695386 6.5574e-08 0.00611785 
0.000167624 0.989344 2.84249e-07 6.71086e-06 1.94523e-05 0.00504132 4.44451e-05 0.00241722 0.000304461 0.000353757 2.27882e-05 1.16342e-05 0.00112068 0.00114392 1.27518e-06 
0.0404702 0.656873 0.00108559 0.00221887 0.033037 0.0307192 1.01436e-05 0.0873004 0.0148589 0.0792345 0.0407132 0.000453223 0.0100294 0.00175055 0.0012456 
0.158771 0.586872 1.35417e-10 9.49024e-07 0.000263594 0.0357783 0.00136752 0.0242307 0.131452 0.0227183 0.000329738 1.48021e-05 6.48731e-10 2.69807e-07 0.0382013 
5.52205e-10 0.998778 5.31035e-10 8.24642e-10 3.42238e-09 1.27013e-09 4.1646e-09 5.87436e-07 4.28095e-10 7.4437e-07 0.00122062 9.05789e-10 2.54398e-09 5.54848e-09 2.38228e-09 
0.584295 0.00436642 4.0009e-07 7.18144e-07 0.00272101 0.0104345 9.92906e-06 0.14559 0.161037 0.0782337 4.99869e-08 0.00450262 8.5397e-07 5.49699e-08 0.00880704 
0.0324116 0.047432 3.25999e-05 0.0179493 9.2749e-07 0.00239017 1.12864e-06 0.704378 0.0285457 0.164332 0.000101394 7.79349e-05 0.00211992 0.000147448 8.06178e-05 
0.0165252 0.0850041 4.36733e-08 8.32864e-12 0.000689815 0.0338391 1.55031e-07 0.00027898 0.0193419 0.836493 5.80374e-08 2.72633e-07 0.00027473 5.60381e-11 0.00755287 
0.00270619 0.920408 1.80132e-11 4.05632e-07 1.16091e-10 0.000728516 4.09817e-07 0.0493508 0.00232241 0.00580027 1.0803e-07 3.07252e-11 0.000863496 3.01324e-07 0.0178193 
0.0245484 0.687789 7.83918e-10 1.9053e-06 1.41944e-06 0.00146214 1.403e-06 0.190854 0.0241985 0.0711255 2.04319e-09 7.58429e-06 2.09123e-06 8.19072e-09 8.53613e-06 
0.176152 0.401598 3.05555e-07 0.00324866 0.0232557 0.00372577 0.0549053 0.0102075 0.295049 0.0220766 0.00133351 0.00163401 0.000695386 6.5574e-08 0.00611785 
1.47199e-05 0.528652 7.84228e-10 1.21783e-09 1.54504e-05 2.00851e-06 1.07185e-06 0.108555 0.00130214 8.06325e-06 0.00664176 3.65367e-05 4.30578e-05 8.19396e-09 0.354728 
0.000485431 0.00073722 7.95148e-07 1.93919e-05 5.12452e-06 1.90184e-06 0.000128498 4.05588e-05 0.000881734 1.16712e-05 6.59243e-05 3.36462e-05 9.71649e-05 0.997487 3.56713e-06 
4.71976e-05 0.999228 3.71803e-06 0.000212486 5.29611e-06 5.36281e-05 1.90776e-05 8.27727e-05 0.000118984 0.000180254 1.63063e-05 1.27113e-05 1.62136e-05 8.50037e-10 2.95661e-06 
0.0697617 0.0732723 2.0835e-06 2.19323e-06 2.73694e-05 2.62465e-05 1.39782e-05 0.000205243 0.0558263 8.99484e-06 4.59253e-07 0.0438793 1.70927e-05 2.48752e-08 0.756957 
1.65688e-08 0.98851 1.59336e-08 2.47433e-08 1.02688e-07 0.000541202 0.000287529 0.000231207 0.000129746 1.17489e-08 4.1529e-08 2.71781e-08 7.63316e-08 1.66481e-07 0.0103003 
1.37328e-05 4.94374e-06 2.34322e-08 3.63877e-08 0.999782 5.60453e-08 1.83765e-07 1.2102e-06 1.88899e-08 0.000111276 6.10731e-08 3.99684e-08 8.65384e-05 2.4483e-07 1.05119e-07 
0.431225 0.184922 2.07102e-07 0.0247445 5.60392e-05 0.00958386 0.00102761 0.138712 0.140286 0.0573667 1.49584e-05 0.00490466 0.000861477 1.57155e-10 0.00629512 
7.17303e-05 1.14812e-12 6.17755e-13 4.07691e-06 4.88989e-09 1.33403e-05 4.8447e-12 0.0727024 4.98005e-13 0.000470012 1.6101e-12 1.05371e-12 0.926738 6.45457e-12 2.77132e-12 
2.55722e-08 0.999886 2.45919e-08 3.81886e-08 1.58488e-07 5.8819e-08 1.9286e-07 2.72038e-05 1.98248e-08 3.44713e-05 5.13406e-05 4.19465e-08 1.1781e-07 2.56947e-07 1.10322e-07 
5.65683e-05 0.305546 4.48052e-06 0.00025459 6.51515e-06 6.43076e-05 2.30618e-05 0.286694 0.0233004 0.0398342 1.96033e-05 1.52728e-05 0.00321237 2.77651e-07 0.340968 
0.0317554 0.283971 4.03924e-05 4.10525e-05 0.390587 0.205176 0.000616651 0.0517756 0.0207489 5.02699e-05 0.00956944 0.00300338 2.97371e-07 2.2199e-10 0.00266474 
7.17303e-05 1.14812e-12 6.17755e-13 4.07691e-06 4.88989e-09 1.33403e-05 4.8447e-12 0.0727024 4.98005e-13 0.000470012 1.6101e-12 1.05371e-12 0.926738 6.45457e-12 2.77132e-12 
0.178215 0.0200208 0.00277164 0.0495685 0.029523 0.0219629 0.000130322 0.577015 0.0375707 0.0223462 0.00629682 0.00539665 0.0020933 0.0130185 0.03407 
0.0794311 0.010543 3.18477e-08 0.00109547 0.000231282 0.0058567 1.8793e-05 0.763579 0.0030268 0.133923 8.3007e-08 2.76139e-05 0.00226662 3.32758e-07 1.42872e-07 
0.0926849 0.00132457 0.00064803 0.00185112 0.137185 0.00629169 1.53166e-05 0.156311 0.000893395 0.192056 0.0142041 0.0017687 0.00170337 0.392615 0.000447578 
0.0116788 0.0417553 0.000102784 0.00651337 0.000196264 0.410928 2.83388e-06 0.481715 0.0376633 0.0012124 0.000440967 0.00746133 7.89549e-05 0.000117391 0.000133062 
0.00372922 0.000513489 1.26736e-09 0.000704578 8.16782e-09 0.00376698 1.1937e-05 0.000989607 0.00194682 0.988221 3.30323e-09 1.77285e-05 9.83628e-05 1.3242e-08 5.68554e-09 
4.64187e-06 0.999426 4.46391e-06 6.93199e-06 2.87687e-05 1.06768e-05 3.50079e-05 0.000265813 0.000107247 3.29154e-06 1.16346e-05 7.61412e-06 2.13848e-05 4.66409e-05 2.00256e-05 
7.37154e-07 0.910918 2.58042e-07 4.00272e-05 9.01962e-10 0.000721043 3.11856e-07 0.0582435 0.00118695 0.0248675 1.89504e-05 0.000342334 1.02962e-06 1.46229e-09 0.00365964 
2.01668e-11 0.895118 1.93937e-11 3.01163e-11 1.24987e-10 7.46857e-07 3.04339e-07 0.0672756 0.00010345 0.0110691 1.36528e-07 1.19121e-07 3.72557e-08 2.02633e-10 0.0264323 
0.000391084 0.000846073 6.3314e-09 5.31028e-05 0.000126534 0.000195366 4.96536e-08 0.00101799 0.000285324 0.000179744 4.78724e-05 1.07995e-08 0.705232 6.61533e-08 0.291625 
0.746998 0.0236507 4.35105e-08 9.52176e-07 1.47903e-07 0.0193082 2.73691e-08 0.0134835 0.0439341 0.128241 7.22556e-08 0.0200974 4.39818e-08 3.85545e-09 0.00428606 
0.0189964 0.923249 4.15692e-08 6.45526e-08 2.67902e-07 0.000134096 0.000104384 0.0350517 0.0102713 0.000135632 4.07521e-05 0.000523438 1.99141e-07 4.34333e-07 0.0114917 
1.11955e-07 0.554583 8.8193e-09 0.012702 1.25626e-08 0.0040835 4.52527e-08 0.0734511 0.098472 0.255601 3.86792e-08 0.0011066 3.84592e-08 2.01632e-12 7.0132e-09 
0.10934 0.365236 0.00165907 0.00245243 0.00417311 0.000493265 0.0633663 0.0498317 0.100713 0.0124585 0.000679234 0.0150045 0.0128407 0.0116373 0.250115 
0.606196 0.0985315 1.56163e-12 4.92308e-08 3.03951e-07 0.0039697 0.00023959 0.00037884 0.201875 0.0888078 7.44882e-08 4.12896e-08 8.3048e-08 1.63165e-11 4.6588e-07 
0.731918 0.0158112 1.4895e-07 0.00063832 6.13e-08 0.00397471 2.49606e-06 0.0138057 0.0470332 0.18577 6.77165e-06 7.18149e-05 0.000201232 3.31977e-11 0.000766013 
7.17892e-07 0.943202 6.9037e-07 1.07207e-06 4.44926e-06 0.000279049 5.41418e-06 0.0550883 3.47946e-05 5.09057e-07 2.30869e-05 1.17757e-06 3.30729e-06 7.21329e-06 0.00134779 
0.0240875 0.678292 3.69261e-05 5.57885e-05 0.0311954 0.001059 0.0152167 0.0241732 0.0411448 0.0833198 0.000265784 0.0159123 0.00276593 1.85735e-07 0.0824748 
0.00255934 0.851132 2.04765e-08 0.00462205 2.91933e-08 2.95288e-07 0.000133932 0.09662 0.0176975 0.0253229 0.00021636 0.00120062 0.000494757 5.80983e-11 1.6302e-08 
0.0409049 0.76435 2.69741e-07 0.0026521 3.84757e-07 3.88943e-06 0.000539859 0.0734013 0.00377107 0.0847033 0.000139349 0.029532 1.17633e-06 1.15789e-09 2.14888e-07 
2.59093e-05 0.597155 3.69021e-06 1.419e-06 3.39757e-06 0.0569168 7.76539e-06 0.0182741 0.310834 6.23862e-06 0.000395388 1.366e-05 0.0163413 5.15702e-06 1.6349e-05 
6.36349e-05 0.0199985 3.05915e-11 1.28312e-07 1.97155e-10 8.04933e-07 1.91954e-06 1.58743e-06 3.53028e-05 0.0117683 7.97331e-11 5.42726e-07 1.46552e-10 3.19634e-10 0.968129 
0.833763 0.0234461 7.4724e-09 8.81186e-05 0.000269296 0.000273978 5.82821e-05 0.000118284 0.129637 0.00814678 1.30678e-05 0.00187524 7.69402e-05 7.33779e-13 0.00223342 
0.0905906 0.00875007 3.38204e-07 0.000720654 0.00593561 0.0142245 4.97915e-09 0.463669 0.0209053 0.322682 2.90583e-05 0.00250495 0.00388979 0.0650488 0.00104944 
0.0249516 0.413964 3.15348e-10 4.89703e-10 5.76469e-07 0.0727829 2.47309e-09 0.166706 0.0206714 0.256279 8.21916e-10 0.0421124 1.51071e-09 3.2949e-09 0.00253225 
0.113207 0.000907019 2.89143e-09 0.0299785 7.92923e-13 0.144548 5.41786e-07 0.172875 0.0695256 0.468938 3.20705e-09 2.10379e-05 3.38325e-08 1.28552e-12 1.15362e-08 
0.02902 0.00393189 4.22803e-06 0.00925058 7.96074e-09 4.8483e-05 6.29819e-06 0.0165908 0.882435 0.0581155 9.52998e-06 0.000256814 0.000131478 1.01275e-11 0.000199252 
0.00140136 0.0024591 1.22501e-07 1.90232e-07 7.89488e-07 2.92999e-07 9.60707e-07 0.992532 0.000227234 0.00167116 3.19284e-07 2.08951e-07 5.86854e-07 1.27995e-06 0.00170416 
0.0846537 0.0932603 6.88475e-08 9.64876e-05 7.06487e-05 0.000332473 0.00011175 0.00465812 0.796606 0.0136497 9.7156e-05 0.00116145 0.000804356 4.03689e-12 0.00449772 
1.35517e-08 5.31736e-06 1.30322e-08 2.29233e-05 0.0002772 4.97946e-05 1.02204e-07 0.131608 2.51695e-05 9.6095e-09 3.39668e-08 2.2229e-08 0.868009 1.36166e-07 2.33998e-06 
0.00023483 0.995498 2.11034e-08 3.27713e-08 1.36006e-07 0.000131286 0.00048012 0.000543898 0.000418525 0.000319014 5.50033e-08 3.59961e-08 0.000404491 2.20497e-07 0.00196927 
0.0192922 0.00561861 1.00904e-08 1.16245e-07 5.62673e-06 0.00151374 1.97764e-05 0.000237341 0.00481328 0.000374608 2.62993e-08 4.42735e-07 4.83389e-08 1.05429e-07 0.968124 
0.00600195 0.988398 4.43812e-06 5.6083e-05 0.000332313 0.000286057 0.000175539 0.00010819 0.00285272 0.00101397 8.59951e-05 4.88258e-05 0.000104239 4.63714e-05 0.00048543 
0.308139 0.0887367 5.79918e-06 0.0227983 0.000371284 0.0070451 7.85118e-06 0.138595 0.298233 0.112051 0.000406448 0.000272502 3.35261e-06 1.11319e-06 0.0233341 
0.0105699 0.271909 5.41476e-11 8.40856e-11 2.40823e-06 6.90305e-06 2.37846e-06 0.00610691 0.154358 0.304267 1.41129e-10 9.32927e-07 3.55403e-06 5.65758e-10 0.252772 
0.00578203 0.674106 1.6184e-06 8.14828e-11 2.12449e-06 0.0065146 0.0007386 0.0300238 0.22085 0.0455027 0.000427783 2.68472e-06 0.000449347 5.48245e-10 0.0155991 
0.000375122 0.133718 1.6268e-07 5.63836e-05 0.424759 0.000138038 0.0359705 0.00822631 0.350081 0.0214527 3.19731e-05 6.26155e-05 7.79333e-07 3.28576e-05 0.0250956 
0.0457815 0.723376 1.00463e-06 0.00502143 8.79356e-05 0.00121123 0.000275003 0.0226817 0.165159 0.0123296 0.000672539 0.00121277 4.21848e-06 2.6737e-06 0.0221837 
1.92789e-05 0.384162 1.51871e-06 8.67945e-05 2.16331e-06 2.19056e-05 7.79265e-06 3.38103e-05 0.320819 0.272499 6.66067e-06 0.0223317 6.62279e-06 3.47217e-10 1.20769e-06 
0.000788456 0.987894 1.09096e-08 1.69415e-08 0.000485208 0.00139082 0.000479211 0.000153782 0.00149512 0.00367066 2.84346e-08 1.86086e-08 0.000716063 1.13988e-07 0.00292676 
0.00380593 0.0138187 7.99733e-07 0.00114366 7.6138e-08 0.522263 4.89912e-08 0.45523 0.00132664 0.00103227 2.43929e-05 0.00119438 2.11957e-05 2.05011e-05 0.000118383 
1.74754e-05 0.00725454 3.69365e-11 0.0645089 2.38046e-10 2.54454e-06 6.00554e-07 0.917147 0.0110526 1.77239e-06 9.62706e-11 2.48742e-06 1.25923e-05 3.85929e-10 1.65702e-10 
6.51598e-11 0.996225 6.26617e-11 9.73071e-11 1.37345e-06 1.16917e-06 1.52389e-06 0.000665514 4.55138e-08 0.00253851 0.000562653 2.14834e-08 3.00187e-10 6.54717e-10 4.18877e-06 
0.439133 0.0525555 2.50391e-05 0.0356988 1.08168e-05 0.203612 2.50979e-05 0.0444446 0.0685789 0.153721 4.9304e-05 0.0015816 0.000196522 5.54095e-09 0.000367557 
2.6734e-07 0.472662 4.06371e-08 0.000461502 1.71692e-10 6.68092e-07 2.72306e-07 0.0590668 0.062835 0.403629 3.33635e-05 9.79576e-08 1.80597e-05 2.78353e-10 0.00129268 
0.0403942 0.918326 2.04861e-10 3.3625e-07 0.00112878 0.00139325 0.000218746 0.00129256 0.0345268 6.90234e-06 0.00270796 2.82089e-07 5.67646e-07 2.14048e-09 3.18002e-06 
0.0697617 0.0732723 2.0835e-06 2.19323e-06 2.73694e-05 2.62465e-05 1.39782e-05 0.000205243 0.0558263 8.99484e-06 4.59253e-07 0.0438793 1.70927e-05 2.48752e-08 0.756957 
0.000812712 0.99497 9.05614e-09 1.40633e-08 0.000198498 2.16606e-08 0.000262853 3.94274e-05 0.00100311 0.000182308 5.66725e-05 1.54471e-08 4.33844e-08 9.46226e-08 0.00247421 
0.746998 0.0236507 4.35105e-08 9.52176e-07 1.47903e-07 0.0193082 2.73691e-08 0.0134835 0.0439341 0.128241 7.22556e-08 0.0200974 4.39818e-08 3.85545e-09 0.00428606 
0.11314 0.0699592 8.15605e-05 2.16071e-05 0.000148472 0.0023596 0.000202096 0.0100508 0.193806 0.106273 0.000133288 0.0433747 0.000628685 2.64402e-05 0.459795 
0.0864296 0.0016556 0.000809975 0.00231375 0.146852 0.00786424 1.90932e-05 0.16076 0.0011167 0.197396 0.0177532 0.00221074 0.0021289 0.37213 0.000559375 
0.332952 0.198696 9.81374e-10 0.00148561 1.1478e-08 0.210793 0.000106107 0.0264517 0.117097 0.111842 9.85176e-05 0.00026057 7.05836e-05 4.12956e-09 0.000146716 
0.0129061 0.701517 7.89899e-09 0.000123067 0.000119453 9.16499e-07 6.19473e-08 0.26029 0.00123723 0.0187469 3.47438e-05 2.19499e-05 0.00195239 4.06965e-05 0.00300939 
0.0010002 0.840891 5.04975e-05 0.00137422 4.93521e-05 0.000293217 0.000498122 0.0207759 0.00659245 0.126465 7.62337e-05 0.00032505 9.99142e-05 1.66479e-06 0.00150711 
0.176152 0.401598 3.05555e-07 0.00324866 0.0232557 0.00372577 0.0549053 0.0102075 0.295049 0.0220766 0.00133351 0.00163401 0.000695386 6.5574e-08 0.00611785 
0.013858 0.0116358 0.000160888 0.0114861 0.0350389 0.396941 3.64583e-05 0.521026 0.00259266 0.00332422 0.000499833 0.00244906 0.000333803 0.000551297 6.60497e-05 
1.11955e-07 0.554583 8.8193e-09 0.012702 1.25626e-08 0.0040835 4.52527e-08 0.0734511 0.098472 0.255601 3.86792e-08 0.0011066 3.84592e-08 2.01632e-12 7.0132e-09 
0.0645205 0.828471 1.05123e-07 0.000132635 6.77494e-07 0.00017514 0.000182994 0.0964553 4.98052e-05 0.00127738 2.73992e-07 0.00101873 0.00725319 1.09838e-06 0.000461265 
0.0971949 0.732456 1.25774e-08 0.000337671 7.24483e-05 0.00297333 0.00102253 0.00558014 0.0925032 0.0660472 9.5866e-05 1.54457e-05 0.000222612 1.32452e-10 0.00147848 
0.0116788 0.0417553 0.000102784 0.00651337 0.000196264 0.410928 2.83388e-06 0.481715 0.0376633 0.0012124 0.000440967 0.00746133 7.89549e-05 0.000117391 0.000133062 
0.000672061 0.00836469 5.29421e-05 0.00302565 7.5413e-05 0.000763628 0.000271652 0.00117863 0.00169425 0.515905 0.000232191 0.000181001 0.00023087 1.21039e-08 0.467352 
0.833763 0.0234461 7.4724e-09 8.81186e-05 0.000269296 0.000273978 5.82821e-05 0.000118284 0.129637 0.00814678 1.30678e-05 0.00187524 7.69402e-05 7.33779e-13 0.00223342 
0.019084 0.000502265 4.90168e-08 1.12743e-06 0.0450685 2.09682e-06 0.930916 0.00421051 0.00012302 2.4427e-07 9.13996e-05 1.87226e-07 9.97624e-08 5.71998e-09 1.14857e-07 
0.900357 0.00216548 4.42138e-07 0.000146901 9.26349e-05 0.00695577 2.83992e-05 0.000221696 0.0820214 0.000512719 0.000362767 0.000356753 2.11811e-06 6.68128e-06 0.00676945 
0.105722 2.51341e-06 6.50139e-11 9.79413e-07 4.18998e-10 0.21576 5.09867e-10 0.602269 7.02362e-07 0.0762282 1.69451e-10 1.20886e-06 1.32372e-05 9.5169e-07 1.31276e-06 
0.227947 0.00241804 2.73764e-14 0.00544867 1.76434e-13 0.10112 3.09679e-07 0.0241577 0.0801327 0.558738 7.13532e-14 3.14061e-06 3.44228e-05 2.8604e-13 1.22814e-13 
0.00438168 0.0137633 0.000573951 0.0344322 0.000971989 0.536354 0.00206806 0.382869 0.00394815 0.00935864 7.48079e-05 0.0029807 0.00505494 0.0029007 0.000267903 
0.00064976 0.969736 1.56035e-05 0.000638972 5.23557e-05 0.000295386 4.99741e-05 0.0135257 0.00171762 0.00552252 0.000330967 3.85045e-08 0.000170559 1.11711e-10 0.00729454 
0.000128301 0.99916 3.85448e-08 4.19592e-05 2.48411e-07 9.21918e-08 3.02285e-07 0.000221076 3.42113e-05 0.000395089 1.00462e-07 6.57461e-08 1.84653e-07 4.02733e-07 1.74645e-05 
0.011859 0.453816 1.57887e-05 0.0435613 7.47249e-05 0.0344568 1.94709e-05 0.374142 0.0148516 0.0128973 0.000162215 0.0012683 1.87711e-05 0.0325478 0.0203091 
0.444872 0.135289 1.20366e-07 0.00244338 0.00363268 0.00888159 0.00138313 0.0117363 0.272624 0.105733 0.00220237 0.00186563 0.00133555 1.20223e-07 0.00800094 
0.0083208 0.718823 9.43119e-09 5.38994e-07 9.27095e-05 0.00725074 0.000271046 0.00428344 0.051309 0.208636 4.13628e-08 3.22437e-08 0.000563488 2.15622e-12 0.000448493 
0.444872 0.135289 1.20366e-07 0.00244338 0.00363268 0.00888159 0.00138313 0.0117363 0.272624 0.105733 0.00220237 0.00186563 0.00133555 1.20223e-07 0.00800094 
4.3727e-06 6.84281e-05 5.15101e-09 0.000225298 0.000592783 6.1554e-06 4.03964e-08 0.0126659 5.60378e-07 0.000158262 7.47441e-07 7.82748e-06 0.829736 0.156532 1.41284e-06 
0.825234 0.0524926 1.65316e-10 2.10236e-05 0.000826653 0.0186974 1.66596e-05 3.05324e-05 0.0329357 0.0396885 0.000107838 2.27402e-05 7.91962e-10 1.0118e-07 0.0299265 
0.039842 0.00747788 6.98065e-07 0.00117889 1.30944e-06 1.41898e-07 0.000231679 0.0104037 0.464618 1.09603e-06 0.000762898 0.0120879 0.00308108 4.36041e-07 0.460312 
0.176152 0.401598 3.05555e-07 0.00324866 0.0232557 0.00372577 0.0549053 0.0102075 0.295049 0.0220766 0.00133351 0.00163401 0.000695386 6.5574e-08 0.00611785 
0.00154888 0.954943 1.58496e-07 0.000188367 1.02147e-06 0.000130266 1.24299e-06 0.000613735 4.39057e-05 0.000131333 5.0496e-05 2.70348e-07 0.000100818 0.000141324 0.0421055 
0.0169949 0.419009 3.64783e-08 2.08474e-06 5.19612e-08 5.26156e-07 1.87174e-07 0.0350023 0.225888 0.302239 1.59984e-07 0.000336852 0.000111511 8.33988e-12 0.00041484 
0.0897778 0.314525 0.00159658 0.0187902 0.0400177 0.0107886 0.0286964 0.0450579 0.350953 0.046666 0.0015293 0.00670457 0.00223705 1.2865e-05 0.0426471 
0.398266 0.0409407 2.19811e-07 0.00756127 4.32363e-07 0.0183574 0.000232244 0.207442 0.285 8.27793e-05 2.3528e-05 2.22351e-05 1.08118e-07 4.44257e-06 0.0420665 
1.0504e-06 1.00905e-07 1.49894e-11 0.00632404 9.66026e-11 3.81756e-08 1.17553e-10 0.967135 1.94072e-07 0.0103034 3.9068e-11 1.00326e-06 0.0162356 1.56615e-10 6.72441e-11 
0.683422 0.106033 0.00024709 0.000504978 0.00141357 0.0524839 0.00010287 0.0126436 0.0459774 0.0800967 0.0128704 0.00186712 0.000701956 2.89329e-06 0.0016324 
0.00996669 0.000719205 5.27479e-07 0.000200855 3.39946e-06 1.26163e-06 4.13671e-06 0.247535 0.0410865 0.00911814 1.37481e-06 0.687469 0.00119342 0.00101446 0.0016865 
0.0926849 0.00132457 0.00064803 0.00185112 0.137185 0.00629169 1.53166e-05 0.156311 0.000893395 0.192056 0.0142041 0.0017687 0.00170337 0.392615 0.000447578 
0.212526 0.273528 0.000109112 0.00336371 0.000913774 0.00392465 0.000701543 0.0812099 0.0783114 0.0157503 0.000186548 0.000915693 0.00168407 1.01869e-07 0.326875 
2.11194e-05 0.999126 1.6637e-06 9.50805e-05 2.36984e-06 2.39969e-05 8.5366e-06 3.70381e-05 5.32416e-05 8.06579e-05 7.29654e-06 5.68791e-06 7.25505e-06 3.80364e-10 0.000530517 
0.303923 0.271791 1.68438e-06 0.0900011 0.000180139 7.57346e-07 1.22481e-05 0.00682915 0.17353 0.103401 9.68184e-05 0.0174193 0.00126371 3.88889e-09 0.031551 
8.08184e-07 0.000161767 7.772e-07 1.20691e-06 5.00885e-06 7.92725e-06 6.09513e-06 0.998893 0.000149935 0.000481368 2.02568e-06 1.32567e-06 3.72326e-06 8.12053e-06 0.000276651 
4.3727e-06 6.84281e-05 5.15101e-09 0.000225298 0.000592783 6.1554e-06 4.03964e-08 0.0126659 5.60378e-07 0.000158262 7.47441e-07 7.82748e-06 0.829736 0.156532 1.41284e-06 
0.02902 0.00393189 4.22803e-06 0.00925058 7.96074e-09 4.8483e-05 6.29819e-06 0.0165908 0.882435 0.0581155 9.52998e-06 0.000256814 0.000131478 1.01275e-11 0.000199252 
0.568623 0.130805 1.99925e-07 0.00216581 1.54047e-06 0.0160924 6.8332e-06 0.0898272 0.041091 0.079401 0.00015326 0.000232213 0.000463144 2.58825e-05 0.0711122 
0.00188183 0.821368 4.78182e-06 0.0125686 1.97019e-05 0.00168915 0.000131797 0.0408653 0.0289822 0.0912003 0.000586494 0.000371042 0.00032774 3.1179e-11 3.22154e-06 
0.0649496 0.0933525 2.29779e-07 0.00243049 0.341807 0.00235733 0.000154343 0.270163 0.127637 0.00938548 0.00073853 0.0011784 0.00285419 0.0705613 0.0124309 
0.0783492 0.63891 0.000191425 7.0085e-05 0.00443166 0.0205921 0.0117916 0.0660378 0.0469474 0.0964489 0.000629448 0.000578946 0.020642 1.41054e-06 0.0143777 
0.736561 0.0109723 3.7708e-13 0.000203175 3.93061e-08 0.00444521 1.96733e-06 0.00369673 0.0626012 0.181499 9.6328e-09 3.90884e-06 1.55257e-05 3.93989e-12 6.02455e-08 
0.0926849 0.00132457 0.00064803 0.00185112 0.137185 0.00629169 1.53166e-05 0.156311 0.000893395 0.192056 0.0142041 0.0017687 0.00170337 0.392615 0.000447578 
7.17303e-05 1.14812e-12 6.17755e-13 4.07691e-06 4.88989e-09 1.33403e-05 4.8447e-12 0.0727024 4.98005e-13 0.000470012 1.6101e-12 1.05371e-12 0.926738 6.45457e-12 2.77132e-12 
0.000812712 0.99497 9.05614e-09 1.40633e-08 0.000198498 2.16606e-08 0.000262853 3.94274e-05 0.00100311 0.000182308 5.66725e-05 1.54471e-08 4.33844e-08 9.46226e-08 0.00247421 
