0.127639 0.0372927 0.399542 0.000150059 0.000154124 0.102817 1.69733e-07 0.00981209 0.030955 0.0684207 0.000207923 0.21103 0.0106159 2.24554e-09 0.00136295 
0.0419578 0.00404688 0.412597 0.00227071 0.00457695 0.0471136 0.000158093 0.0072108 0.343052 0.0724155 0.000429807 0.0607315 0.00227192 1.56884e-05 0.00115131 
0.0561595 0.0263715 0.404001 0.0172046 0.000962603 0.0825203 0.0019212 0.120184 0.119909 0.0687075 0.0736558 0.0269985 0.0001165 1.27701e-06 0.00128612 
0.0247493 0.185959 0.236955 0.0351965 0.00223057 0.146829 4.02174e-05 0.218287 0.0500456 0.0138541 0.0715791 0.0118979 0.00132355 1.2897e-11 0.00105271 
0.0446589 0.0623348 0.574444 4.45511e-05 0.000247849 0.0167479 6.239e-05 0.0313901 0.0580617 0.0556164 0.0302544 0.00580851 0.0351652 7.12439e-05 0.0850926 
0.0560657 0.00332891 0.64594 8.22315e-05 3.58735e-05 9.95512e-05 7.74599e-05 0.00085296 0.25417 0.00399307 3.62294e-05 0.0350906 3.04964e-06 1.09218e-08 0.000224558 
0.0324825 0.064865 0.559433 0.00410888 0.00304231 0.0241818 0.0174091 0.00520226 0.211529 0.034078 0.0362927 0.00586696 0.000269045 1.06706e-08 0.00123933 
0.0465025 0.0347322 0.626914 0.000268141 0.0526912 0.00905122 0.00050627 0.0130048 0.0590213 0.0909593 0.00800617 0.0158744 0.00349081 0.00015821 0.0388196 
0.0245024 0.0095337 0.887259 3.63774e-08 4.36614e-10 0.000906867 2.44773e-07 5.35136e-07 2.41004e-06 0.0027251 2.98589e-05 0.0747879 1.71813e-05 7.07854e-10 0.00023441 
0.0456988 0.00778115 0.396677 0.0263441 0.094746 0.127565 2.48192e-05 0.0472933 0.0462369 0.113538 0.0372272 0.0550457 0.000275386 1.68112e-06 0.00154505 
0.0379357 0.0186148 0.37622 0.0554326 0.0836572 0.00884933 3.45214e-05 0.0409257 0.236145 0.0601707 0.059715 0.0170937 0.000731233 1.34449e-09 0.00447394 
0.0105914 0.326818 0.414758 0.0765333 7.2159e-05 0.00249704 7.43602e-06 0.0496682 0.0932352 0.0102267 0.00175505 0.00890296 0.000501526 3.49192e-07 0.00443324 
0.0734701 0.21509 0.393555 0.000378914 0.00010822 0.0754079 1.20269e-05 0.0652592 0.0962637 0.0573159 0.00628939 0.0150075 0.000143241 2.00502e-06 0.00169688 
0.000179736 0.117681 0.275427 0.000249669 3.99708e-06 0.000500652 4.40402e-08 0.253672 0.0198802 0.208372 6.11764e-08 0.104678 0.00263969 1.77778e-07 0.0167151 
0.0295226 0.00268109 0.491092 0.000532401 5.98082e-05 0.00164462 0.000398097 0.00785182 0.41037 0.0511394 3.2744e-05 0.00333952 0.00132027 1.01363e-12 1.56206e-05 
0.139388 0.139466 0.217057 0.024579 0.00858942 0.0985975 0.000613673 0.0442238 0.145631 0.0238318 0.124953 0.0279294 0.00482941 3.3138e-05 0.000276888 
0.0359704 0.00157071 0.374989 0.00687489 0.000121117 0.0532079 1.92728e-05 0.0246041 0.122879 0.0703954 0.0137429 0.291029 0.000570593 0.00178559 0.00224043 
0.0870459 0.00235665 0.368126 0.00455774 0.00123127 0.195607 3.47539e-05 0.0202462 0.215219 0.0597322 0.000344481 0.043491 0.000495574 2.44601e-06 0.00150975 
0.0362983 0.040826 0.364214 0.0136334 9.53041e-05 0.00951911 0.000208749 0.0154587 0.230031 0.248219 0.00398956 0.027706 0.000701635 8.87513e-09 0.00909935 
0.113579 0.0459277 0.39947 0.00946957 0.00108544 0.0694126 0.00273957 0.0471082 0.125687 0.0776671 0.0141789 0.0845755 0.000914268 2.9774e-05 0.00815627 
0.29847 0.0127263 0.333836 0.00232052 0.000367349 0.0272398 3.27082e-06 0.0248501 0.0795981 0.10047 0.0100251 0.110093 9.16999e-08 1.1116e-10 5.96659e-08 
0.0248216 0.028232 0.428476 0.00748833 0.000216057 0.00531964 6.32815e-06 0.115894 0.0362619 0.238856 1.5098e-05 0.0246637 0.076006 2.03819e-05 0.0137232 
0.0508643 0.0171758 0.340097 0.00814708 0.000973342 0.0111328 0.00145763 0.0573687 0.153628 0.288277 0.00366052 0.0347459 0.00846049 0.00166819 0.0223428 
0.0810641 0.0809806 0.45112 0.000139367 0.0130955 0.00853373 0.000154633 0.138399 0.0493309 0.0573403 0.00813595 0.073594 0.0357471 0.000739494 0.00162561 
0.0358595 0.0479807 0.545226 0.000341166 5.42239e-05 0.0170802 0.000947037 0.00321339 0.277754 0.0234848 0.0145323 0.0268079 4.40317e-05 8.84458e-09 0.00667498 
0.0226372 0.0135431 0.419915 0.0246035 9.48414e-05 0.00534762 0.00113786 0.0345519 0.35985 0.0436949 0.0355685 0.0348545 0.00408874 4.29751e-09 0.000112719 
0.133807 0.00247286 0.42617 2.46893e-08 4.7494e-05 0.00170493 8.0491e-05 0.00064916 0.00227433 0.0117581 0.000534223 0.408705 1.07132e-05 2.69493e-05 0.0117589 
0.0254435 0.0146294 0.725202 0.00446243 0.000140017 0.000389772 7.8598e-06 0.00235223 0.0259467 0.135417 0.0149331 0.00222869 0.00262562 0.00222983 0.043991 
0.00371905 0.0128985 0.741129 2.99557e-05 0.000197314 0.000571751 9.32376e-07 0.0149057 0.0156498 0.0376489 5.0764e-05 0.00191545 0.00787761 1.2422e-06 0.163404 
0.141685 0.055631 0.27793 0.00186089 0.0311121 0.00213898 8.6735e-07 0.113619 0.163674 0.185793 7.35283e-05 0.0135946 0.00255547 8.77281e-08 0.0103323 
0.222867 0.000495667 0.43174 5.50743e-08 3.4357e-10 0.000243737 4.18081e-10 0.093341 0.0262116 0.0986033 1.05416e-07 0.0175339 0.108963 9.69118e-08 5.05723e-07 
0.00356851 0.319582 0.373502 0.000104188 0.0470227 0.00551596 4.43455e-10 0.0289814 0.114113 0.0264754 0.000888458 0.00497475 0.0470274 5.90813e-10 0.028244 
0.121061 0.00667161 0.304804 0.00947987 0.000439166 0.085168 8.4845e-05 0.0271285 0.130281 0.203755 0.00366178 0.0985696 0.00126754 0.00690667 0.000721933 
0.04199 0.00203218 0.605742 0.000894442 0.000216518 0.0160465 0.000340475 0.0261963 0.167301 0.0556126 0.00362018 0.0622639 0.00757766 7.94841e-06 0.0101582 
0.131281 0.000900514 0.46309 7.76823e-06 0.00113319 0.0102638 0.00293042 0.00796824 0.0987305 0.0270649 0.000582826 0.248963 1.44108e-06 1.888e-07 0.0070818 
0.0728915 0.101491 0.326845 0.0480391 0.000406189 0.0146827 0.00649316 0.139627 0.217271 0.0290125 0.00770996 0.0344458 0.00104408 9.89632e-08 4.12657e-05 
0.00649048 0.17946 0.484626 3.98705e-07 6.81099e-08 7.74916e-06 1.65257e-05 0.0632003 0.0653146 0.0279056 0.000175888 0.00170218 2.80244e-06 1.10422e-07 0.171097 
0.140452 0.0240877 0.278804 0.00290461 0.000316115 0.00842081 1.7583e-05 0.141905 0.0324957 0.25018 2.71025e-06 0.0805051 0.0329475 0.000368496 0.00659182 
0.0525562 0.00306631 0.447643 0.00368747 0.000788739 0.000977302 0.000234736 0.00467464 0.366451 0.0424818 0.000571595 0.0760595 0.000450698 6.78351e-08 0.000356699 
0.0948397 0.0127115 0.578344 0.00146156 0.000718274 0.0015022 0.000600483 0.0241386 0.174401 0.0422998 0.00894857 0.057515 0.000127825 0.000487045 0.00190469 
0.133319 0.0900147 0.39435 0.0304696 0.000117653 0.102921 1.58196e-08 0.0955459 0.0411815 0.0784047 0.00115078 0.0273395 0.00515472 1.96654e-11 3.13148e-05 
0.0983133 0.021516 0.524168 0.000708937 0.000350145 0.0184981 4.48291e-05 0.0415477 0.0403409 0.215367 0.000375025 0.0320686 0.00642483 1.59246e-07 0.000276256 
0.0762462 0.015418 0.378023 0.000532926 0.00262659 0.2147 0.000209129 0.030174 0.111822 0.0523239 0.0134845 0.0965016 0.00563366 2.80244e-05 0.00227635 
0.204538 0.00289968 0.429578 0.00560815 0.000150079 0.00516981 0.000268867 0.0346238 0.122108 0.117175 0.0122733 0.0607278 0.000759233 7.59266e-06 0.00411215 
0.0703229 0.179973 0.34733 0.00267975 0.00202586 0.0117198 5.49017e-05 0.0137077 0.18149 0.0966118 0.00156916 0.0780764 0.00841719 0.00185025 0.00417058 
0.00727095 0.00740284 0.614503 3.33581e-05 0.000300767 0.000164759 4.5383e-08 0.0234947 0.0457761 0.209217 4.79697e-05 0.0173849 0.0743635 3.05343e-05 9.98852e-06 
0.00604593 0.0141559 0.360491 0.00199788 8.973e-05 0.0137376 1.08461e-05 0.0141419 0.236584 0.305463 8.97758e-05 0.00273513 0.0329745 4.24119e-05 0.0114411 
0.0149509 0.0104449 0.726097 5.95917e-05 1.81923e-05 0.000367671 9.40414e-06 0.00585286 0.0190112 0.103152 0.0444841 0.0587274 0.0149754 0.000330166 0.00151918 
0.200514 0.00859237 0.314449 5.59735e-05 0.0239571 0.058676 0.000390381 0.0924645 0.150871 0.0967946 0.0139744 0.00365962 0.035365 2.18181e-05 0.000213777 
0.136705 0.0335898 0.251784 0.0173463 0.00169398 0.190836 0.000508454 0.051097 0.111554 0.148803 0.0130161 0.0373625 0.00121226 0.00212161 0.00237016 
0.203462 0.0830683 0.324628 0.000318994 0.00285222 0.0157153 9.00777e-08 0.0361578 0.213047 0.0763228 0.000402158 0.0224883 0.0197507 9.04033e-05 0.00169538 
0.0470797 0.0588797 0.520661 0.000817456 3.0331e-05 0.0650491 0.000367255 0.0853145 0.0468653 0.0230828 0.122545 0.0269522 0.00174319 2.51288e-10 0.000612927 
0.00604889 0.00896469 0.498563 0.000207932 0.467838 0.000209115 0.000110366 0.0025027 0.00698425 0.00346516 1.93905e-06 0.00495299 9.89816e-05 4.20231e-05 9.95345e-06 
0.0580117 0.0574279 0.449278 0.0117541 0.000338997 0.0111623 0.000763624 0.0533195 0.240613 0.0761251 0.00173807 0.0169303 0.0150646 1.26126e-07 0.00747248 
0.044585 0.00134117 0.410098 7.67171e-07 5.66558e-10 0.00261048 2.23919e-05 0.00274307 0.0173666 0.0289753 0.00402206 0.395641 0.000231155 0.00542939 0.0869341 
0.0843372 0.00920684 0.41509 5.89912e-05 0.00114459 7.90491e-08 0.000486826 0.130934 0.0082453 0.0391985 0.12193 0.161203 0.0241029 0.000318532 0.00374354 
0.0343842 0.0167831 0.880785 4.59394e-05 2.97599e-08 0.0019961 9.71891e-09 0.000177884 0.0376937 8.48794e-08 0.00105032 0.0260219 0.000370119 4.26967e-12 0.000691147 
0.0787943 0.058553 0.411592 0.00109193 0.029739 0.000207942 1.37226e-06 0.0541388 0.00849379 0.179084 0.000102506 0.0750724 0.0326526 5.75989e-05 0.0704185 
0.0723889 0.325504 0.44463 0.000573523 0.00114264 0.00197339 0.000430703 0.00306495 0.0520237 0.0164937 0.0545159 0.0249344 0.000264542 9.11114e-08 0.00205931 
0.0266037 0.0845699 0.475066 0.00220927 0.00355319 0.00414485 2.08113e-05 0.216445 0.0525815 0.0550655 1.85275e-05 0.0624654 0.000626407 3.07393e-08 0.0166307 
0.0631882 0.0788842 0.610724 1.39836e-06 9.95352e-07 0.00477947 0.191877 4.85153e-05 0.00779653 0.00234334 0.0214252 0.00759708 0.0111097 7.47021e-06 0.000217435 
0.0288801 0.0248892 0.548307 0.000833592 0.000101313 0.00801996 3.28195e-05 0.0320541 0.118839 0.167117 6.09541e-05 0.00641877 0.0548825 8.89621e-06 0.00955457 
0.0194987 0.00692595 0.88249 1.94316e-05 9.81082e-05 5.4645e-05 1.56322e-05 0.0705039 0.00186904 8.84182e-05 3.17125e-05 0.0180764 6.39606e-05 4.28098e-05 0.00022174 
0.0514492 0.0725883 0.338224 0.000282194 0.00586638 0.0736452 0.00274579 0.0229668 0.0318625 0.11493 0.0188246 0.0774969 0.00343837 0.00215296 0.183526 
0.055532 0.0250475 0.540797 0.00653754 0.000715495 0.00891434 0.00175298 0.0125067 0.288343 0.0234684 0.0245755 0.0106465 0.000724148 1.00145e-05 0.000428427 
0.0630084 0.0783497 0.633046 0.000667384 0.000236642 0.00245511 5.61939e-06 0.00267102 0.100157 0.0730425 0.0197951 0.0222499 0.00390211 0.000181255 0.000233 
0.0327348 1.11387e-06 0.764168 0.00624031 0.000257171 7.62016e-05 1.80626e-06 0.041018 3.26724e-10 0.119811 1.05633e-09 0.0261336 0.0036782 2.11581e-05 0.0058593 
0.0214575 0.033956 0.323341 0.000191256 4.86065e-05 0.00151413 1.867e-06 0.0417891 0.000163459 0.152688 5.58389e-05 0.243302 0.0118329 0.162312 0.00734618 
0.0463487 0.00475346 0.391416 0.00204754 0.0102627 0.00799382 0.000127363 0.024916 0.382747 0.0968331 0.00139557 0.0273415 0.0018909 0.00105088 0.000875725 
0.00577815 0.00268289 0.774084 0.0102559 0.000411007 1.42786e-07 1.23142e-05 0.106663 0.0373153 0.0228988 4.17377e-06 0.0351381 0.000372642 4.98471e-05 0.00433354 
0.0936546 0.0718636 0.547095 0.000134205 2.76946e-11 0.00931357 1.10952e-08 0.0395392 0.0209631 0.0885608 0.000512036 0.0544762 0.000427813 0.0733096 0.000149994 
0.000179736 0.117681 0.275427 0.000249669 3.99708e-06 0.000500652 4.40402e-08 0.253672 0.0198802 0.208372 6.11764e-08 0.104678 0.00263969 1.77778e-07 0.0167151 
0.034913 0.0857601 0.441159 0.000417522 0.00232518 0.068751 9.70319e-07 0.0323232 0.146695 0.0752468 0.0822048 0.00564364 0.00177868 0.0221534 0.000627759 
0.0723889 0.325504 0.44463 0.000573523 0.00114264 0.00197339 0.000430703 0.00306495 0.0520237 0.0164937 0.0545159 0.0249344 0.000264542 9.11114e-08 0.00205931 
0.0639286 0.00413644 0.740739 2.19948e-06 2.96101e-07 2.97659e-06 7.27928e-06 0.0286557 2.34446e-06 0.0316534 6.62322e-06 0.118695 0.0105393 2.96243e-06 0.00162859 
0.0390716 0.00341813 0.563849 0.0007481 6.7882e-05 0.00106186 0.000164486 0.158651 0.00662187 0.0971317 3.39671e-05 0.0590098 0.0339535 0.0317225 0.00449439 
0.0226372 0.0135431 0.419915 0.0246035 9.48414e-05 0.00534762 0.00113786 0.0345519 0.35985 0.0436949 0.0355685 0.0348545 0.00408874 4.29751e-09 0.000112719 
0.00266127 0.0192835 0.827236 0.000703728 0.000704757 0.00038178 1.31141e-06 0.00103493 0.0260936 0.0710735 0.000621326 0.0353877 0.000767052 0.000101044 0.0139488 
0.00083191 8.05074e-05 0.9909 6.63474e-05 0.000266671 0.000509913 0.00131321 4.86177e-05 0.00280291 0.000292112 1.32012e-05 0.00267654 3.9234e-05 6.98088e-05 8.91887e-05 
0.0467138 0.164766 0.619092 2.76954e-05 0.000110376 0.0543064 1.50456e-06 0.000655928 0.0186449 0.0610445 0.0215206 0.00650837 0.00633824 1.00028e-10 0.000269435 
0.0257789 0.12109 0.623609 0.000197137 0.000411562 0.0353329 0.000256065 0.00213327 0.154325 0.00166824 0.014035 0.0205792 0.000520847 3.55821e-08 6.37759e-05 
0.0778582 0.0203955 0.571083 0.0011188 0.000333842 0.00549097 0.000107725 0.0826058 0.0309404 0.089463 0.000406895 0.098447 0.00111142 1.7712e-05 0.0206197 
0.0144074 0.0647361 0.618841 0.0931217 0.011825 0.00405524 1.83383e-05 0.00783355 0.0798275 0.0870009 0.000316818 0.00872036 0.0076609 3.19642e-08 0.0016355 
0.00833728 0.000247572 0.609759 0.0024674 0.0016271 0.00157025 0.0424224 0.0130848 0.0953033 0.0549685 0.00579288 0.16147 0.000402977 1.81241e-08 0.00254657 
0.0487018 0.0628187 0.341228 0.0055399 0.000405083 0.0421672 5.98979e-06 0.16477 0.0212665 0.189449 3.02777e-05 0.110893 0.000629331 1.15666e-08 0.0120946 
0.12367 0.114108 0.178102 0.0150827 0.00112365 0.00361693 0.000162485 0.118386 0.149593 0.149373 7.42523e-05 0.0265091 0.0111963 0.00858941 0.100414 
0.000838387 0.0110689 0.915726 8.62142e-06 3.32487e-05 4.0011e-08 9.02045e-06 0.00471186 0.0199202 0.00486587 1.76065e-06 0.00369967 0.0240929 5.61473e-09 0.0150236 
0.062323 0.00668492 0.377365 0.00473687 0.000994271 0.266226 0.000184248 0.0163041 0.15312 0.050188 0.0376477 0.0238398 0.000154545 3.26222e-08 0.000230894 
0.0817695 0.0645101 0.724892 0.00618842 0.0002563 0.00278555 0.000481856 0.00552967 0.0982112 0.0129361 0.000491811 0.000500567 0.00119766 1.13924e-06 0.000248043 
0.0769089 0.0321375 0.432792 0.00887504 0.000276459 0.156428 0.0853469 0.0318685 0.0277031 0.118044 0.00217958 0.0199836 0.00103825 1.26451e-07 0.00641733 
0.0132812 0.00145893 0.527165 0.00023939 5.13989e-05 3.44088e-08 1.43673e-07 0.000241222 0.352973 0.0342376 7.66358e-06 0.0702339 6.16978e-06 1.59512e-08 0.000104973 
0.015422 0.0220103 0.597845 0.000553205 3.00164e-06 0.0324688 1.88704e-06 0.0331779 0.000822877 0.0621894 0.0024088 0.225312 0.00652185 3.10998e-08 0.001263 
0.194074 0.124137 0.350786 0.00146831 0.000841123 0.0103993 7.14599e-05 0.132114 0.0405049 0.118535 0.00862276 0.00654041 0.0043119 0.000289389 0.00730497 
0.240956 2.41021e-08 0.32069 0.000154702 6.07327e-07 0.0482287 5.80919e-07 0.0526138 2.63352e-05 0.0632088 6.04125e-07 0.252941 0.0163641 2.31493e-05 0.00479195 
0.0236678 0.0351153 0.524385 0.00309062 8.84433e-05 0.00704773 0.000185683 0.00440032 0.390051 0.00448479 0.000111827 0.00390439 0.00333492 4.75003e-07 0.000131667 
0.0823601 0.00667755 0.566602 0.000164007 0.00346187 0.0105373 0.000716116 0.0112733 0.0672664 0.0429563 0.00530319 0.202393 0.000231425 7.03457e-08 5.73723e-05 
0.000840316 0.00325675 0.454954 0.00172876 3.76816e-05 0.00258456 0.000161076 0.0563582 0.11649 0.294385 6.41787e-08 0.0679374 0.000174969 2.59789e-06 0.00108958 
0.0305429 0.020459 0.567919 0.00100755 7.74398e-05 0.000313049 4.72238e-05 0.00118259 0.231068 6.16392e-14 0.000189269 0.139356 1.17121e-05 0.000729534 0.00709706 
0.0691713 0.243231 0.275154 0.00880178 0.028623 0.0411931 7.01456e-06 0.12792 0.0603633 0.0912711 0.00111488 0.0166607 0.00202132 6.35562e-07 0.0344667 
0.0195738 0.0714534 0.447051 0.000276616 3.59306e-07 0.109049 0.000115717 0.00312031 0.0720209 0.0438964 0.21463 0.012632 0.000116806 2.65328e-11 0.00606404 
0.123443 0.0180138 0.689806 0.000467298 0.000109951 0.00238404 1.86907e-05 0.0633572 0.00365382 0.0287232 2.10755e-05 0.0521009 0.0174542 0.000174134 0.000272713 
0.188621 0.0157716 0.666768 0.000332135 2.40552e-09 0.00929316 2.64576e-06 0.00334588 0.0104953 0.0522581 0.0106052 0.0256211 0.011241 1.10465e-06 0.00564411 
0.00775418 5.83676e-05 0.690922 5.10422e-06 3.4317e-08 8.86156e-09 4.24401e-07 0.00383908 0.254937 0.0369838 7.26717e-06 0.00546693 1.55073e-05 3.14793e-12 1.0905e-05 
0.0266101 0.0135163 0.477576 0.000870937 0.00130669 0.0459633 5.50715e-05 0.0336477 0.246215 0.108088 0.0001359 0.0166734 0.0111281 3.43553e-07 0.0182128 
0.0514598 0.162929 0.289911 0.00571954 0.000103669 0.000203529 0.0941584 0.0498546 0.08375 0.156612 0.000389661 0.0501735 0.0047649 2.50183e-08 0.0499702 
0.0363635 0.0273345 0.360352 1.04432e-06 0.237453 0.00660299 0.000706045 0.0427669 0.0654116 0.0783978 2.34667e-06 0.0232132 0.00113659 0.000116527 0.120142 
0.062276 0.175771 0.631076 0.0134009 0.000390666 0.00789833 0.000175798 0.00135653 0.0308356 0.00046405 0.0426533 0.0308937 0.00130079 2.96204e-07 0.00150626 
0.000473401 0.00149914 0.347695 0.0460303 2.7811e-05 0.000863382 2.84772e-07 0.00783644 0.0250907 0.225244 7.74268e-06 0.302274 0.00865471 1.41286e-08 0.0343027 
0.0626951 0.160826 0.403744 0.0088324 4.44556e-05 0.008088 1.00174e-05 0.00285316 0.339875 0.00100984 0.00015681 0.0109535 0.000141806 3.37675e-05 0.000736265 
0.0585664 0.0223454 0.432085 0.00370318 0.00465159 0.00285862 0.000274018 0.0895102 0.302316 0.0685461 0.00889084 0.00564855 0.00016384 2.67293e-06 0.000437544 
0.00162988 0.000116707 0.722286 1.02028e-05 2.49648e-08 2.67596e-13 9.66163e-10 0.000378446 0.271454 0.00336827 1.45253e-05 0.000736537 8.04896e-09 1.16897e-12 5.23807e-06 
0.0569802 0.0758729 0.625483 0.000500486 0.00288757 0.00209351 9.32939e-06 0.0593133 0.0973922 0.0399111 0.000504431 0.0247677 0.00606168 0.000111202 0.00811143 
0.0019109 0.0261955 0.860242 4.14346e-07 7.08482e-05 0.0590124 6.13008e-10 0.00125309 0.0498444 6.46146e-05 0.00023451 0.000376276 0.000784144 7.31994e-06 3.1163e-06 
0.0243889 0.314824 0.376424 0.00931389 6.20776e-08 0.000720566 5.60493e-08 0.00686399 0.172343 0.0170622 0.0728138 0.00474144 0.000503818 2.19183e-11 3.43372e-08 
0.00565405 0.00475169 0.30244 0.000160627 0.000173897 0.000258779 9.97101e-11 0.0152412 0.0619425 0.28859 3.3138e-11 0.285091 0.00584305 0.0233621 0.00649113 
0.0897922 0.270036 0.541366 0.00891709 3.77118e-06 0.0195066 7.95418e-07 4.80788e-05 0.00302473 0.00171546 0.0584116 0.00613762 0.00103994 6.61312e-10 4.87281e-07 
0.0536663 0.00817385 0.350964 0.00417187 0.00262638 0.00733286 7.46343e-05 0.044074 0.0834722 0.276863 0.000140945 0.114882 0.0439733 0.000180497 0.00940398 
0.0305429 0.020459 0.567919 0.00100755 7.74398e-05 0.000313049 4.72238e-05 0.00118259 0.231068 6.16392e-14 0.000189269 0.139356 1.17121e-05 0.000729534 0.00709706 
0.129538 0.0245444 0.490629 0.00810467 0.00279946 0.0137074 0.000904389 0.0662417 0.137687 0.0907803 0.00296485 0.0228883 0.00334028 0.00239978 0.00347077 
0.00030849 0.0115714 0.678168 0.00752097 0.000544624 0.00238201 0.000126149 0.0189836 0.0311543 0.0947967 6.53534e-05 0.00853451 0.0478344 2.44658e-09 0.0980094 
0.0912652 0.261443 0.458879 0.0116252 0.000380861 0.00239187 1.20831e-05 0.00948913 0.0750586 0.0636111 0.00728104 0.00559704 0.00998344 0.000183243 0.00279913 
0.138839 0.0314646 0.296069 0.0233915 0.000237442 0.2562 0.000182374 0.0877141 0.0646313 0.0477831 0.00740151 0.0296661 0.0151487 1.61534e-06 0.0012704 
0.0631882 0.0788842 0.610724 1.39836e-06 9.95352e-07 0.00477947 0.191877 4.85153e-05 0.00779653 0.00234334 0.0214252 0.00759708 0.0111097 7.47021e-06 0.000217435 
0.263473 0.073264 0.38305 2.0316e-06 3.1797e-07 0.00339304 7.3118e-07 0.192521 0.00213077 0.0342134 3.27987e-05 0.0232899 0.0246114 6.98885e-06 1.01253e-05 
0.0599174 0.0950224 0.555362 0.00018396 4.98522e-05 1.22648e-05 0.00112267 0.0311926 0.011922 0.117023 9.30181e-07 0.0180519 0.00670639 0.0488143 0.0546188 
0.0367454 0.231523 0.349158 0.0653686 8.09357e-07 0.00773207 6.6933e-06 0.12991 0.124833 0.0455645 0.000449929 0.0067154 0.00080707 3.35196e-11 0.00118537 
0.0350695 0.0410433 0.717977 0.000766942 0.00113362 0.00452601 0.000259061 0.000634895 0.0655463 0.0148503 0.11636 0.00145368 0.000218066 8.88319e-12 0.000161594 
0.0603198 0.000659776 0.442044 0.000147476 0.00069177 0.177241 5.75209e-05 0.0112314 0.186657 0.0470476 0.0213487 0.0523756 5.02338e-05 3.75253e-09 0.000127957 
0.00169516 0.0812491 0.460679 0.0108944 0.000643607 0.0436249 4.00955e-05 0.0317978 0.0674454 0.0493777 0.000143344 0.00587713 0.0383753 7.60942e-05 0.208081 
0.00497749 0.00558976 0.675916 5.38981e-06 0.000393427 4.08435e-12 1.2953e-08 0.00170762 0.270914 0.037701 1.2563e-05 0.00234174 0.000435163 1.78422e-11 5.29211e-06 
0.058485 0.0189911 0.439138 0.00887031 0.000651265 0.143512 0.000228757 0.0241105 0.181737 0.0645741 0.0174205 0.0375004 0.000884517 0.000736819 0.00316011 
0.041104 0.00218976 0.543541 0.0055782 1.06151e-05 0.000269264 0.000163573 0.0389299 0.0283188 0.290528 1.6869e-05 0.0357707 0.00758372 0.000483041 0.00551335 
0.0201879 0.148095 0.644972 2.98363e-08 2.23802e-09 0.00976076 8.454e-05 7.5045e-07 0.00202831 0.00110328 0.0173765 0.124645 0.000188461 3.62836e-09 0.0315575 
0.0144607 0.00234041 0.70622 0.000220895 3.10756e-05 0.00715954 0.00168285 0.0419766 0.0220509 0.0360466 0.0809367 0.0791858 0.00650306 0.000177285 0.001007 
0.109354 0.116205 0.266568 0.0502236 0.00319142 0.0117555 4.22661e-06 0.176872 0.163888 0.0507454 0.000841396 0.0463504 0.000662309 4.15562e-09 0.00333803 
0.0135103 0.0867054 0.444661 0.0208956 3.20226e-05 0.00129633 9.96636e-05 0.00207231 0.296609 0.0894659 0.00161809 0.0402939 0.000282496 0.0012455 0.00121265 
0.115612 0.0156769 0.514086 0.00123567 1.11162e-05 0.0536721 2.04147e-05 0.0394773 0.140971 0.0562044 0.0241416 0.0384691 0.000229616 2.96199e-08 0.000193489 
0.0662489 0.00870522 0.664619 0.00861613 0.00242489 0.0139835 2.94761e-05 0.0638318 0.0597491 0.0855631 0.00269571 0.00558957 0.00210624 6.0101e-06 0.0158316 
0.0301308 0.0224474 0.598194 0.00304473 5.87458e-05 0.00178908 0.000348819 0.0167389 0.277164 0.0296555 0.000342717 0.0160853 0.00207755 8.95878e-08 0.00192265 
0.263473 0.073264 0.38305 2.0316e-06 3.1797e-07 0.00339304 7.3118e-07 0.192521 0.00213077 0.0342134 3.27987e-05 0.0232899 0.0246114 6.98885e-06 1.01253e-05 
0.000838387 0.0110689 0.915726 8.62142e-06 3.32487e-05 4.0011e-08 9.02045e-06 0.00471186 0.0199202 0.00486587 1.76065e-06 0.00369967 0.0240929 5.61473e-09 0.0150236 
0.0178365 0.0102905 0.506004 2.76014e-06 0.000448998 0.00505361 0.000210679 0.0217934 0.124297 0.14062 0.00227135 0.167181 0.00200274 1.45258e-08 0.00198656 
0.01934 0.00197 0.411773 0.00184918 0.0126025 0.00223676 3.32936e-08 0.0225542 0.0465188 0.0851888 0.000200377 0.374176 0.00162051 1.41454e-09 0.0199704 
0.00339968 0.00866666 0.733681 0.00333671 4.06715e-05 0.000430503 4.31889e-09 0.128425 0.0443915 0.0592927 5.12678e-06 0.00672937 0.0111899 3.54787e-07 0.000411218 
0.0880961 0.0353565 0.518037 0.000610637 0.0011063 0.0177465 4.06529e-05 0.0261439 0.0497811 0.0813675 0.0715518 0.0866444 0.0068436 0.0151324 0.00154185 
0.0555485 0.172571 0.513934 0.0114174 0.00271536 0.000469939 7.42252e-05 0.0689094 0.107718 0.0330495 0.000104969 0.0188133 0.00863188 0.00229418 0.00374853 
0.0615849 0.0002194 0.584707 5.19591e-05 0.000250101 0.000809574 1.91078e-07 0.000226775 0.0771946 0.146157 8.36659e-06 0.127534 0.000720291 2.54573e-07 0.000535342 
0.0289119 0.0253256 0.524237 0.00849217 0.0957579 0.00916162 0.00025803 0.0216824 0.124697 0.110634 2.05481e-05 0.0354694 0.0145462 3.37919e-07 0.00080524 
0.0859388 0.0248948 0.671091 0.00799873 0.000586308 0.0364193 5.03342e-05 0.0190945 0.0340498 0.053982 0.0131124 0.0415171 0.00902611 3.34362e-06 0.00223573 
0.0305705 0.0138015 0.827443 5.41602e-06 2.98228e-08 6.5933e-05 3.62906e-08 1.26176e-05 0.0129942 0.114161 1.35635e-05 4.13371e-05 0.0008804 1.05969e-05 2.07594e-08 
0.0241466 0.000466919 0.482943 0.000765389 5.26745e-08 2.62984e-06 4.32274e-06 0.00671167 0.0182935 0.0695833 1.34837e-05 0.385816 0.00512652 0.00194268 0.00418477 
0.0184706 0.000495963 0.534058 0.0218133 1.85587e-05 0.000193797 1.60698e-05 0.0112741 0.22647 0.148624 0.000219124 0.0332261 0.000920706 0.000785873 0.00341388 
0.000633713 2.05081e-06 0.988987 1.71354e-06 7.11146e-06 2.63924e-06 0.000851291 7.62427e-07 8.89551e-07 8.13649e-07 2.87601e-06 1.88216e-06 0.00515256 1.15293e-05 0.00434306 
0.0292182 0.00813601 0.384827 0.027369 0.000374103 0.020844 5.73242e-05 0.0388785 0.304942 0.162178 4.66368e-05 0.0167817 0.000969685 0.00251708 0.00286044 
0.0292802 0.00577241 0.551134 0.00422648 0.000157061 0.00125396 0.000969805 0.0267805 0.0661082 0.047914 0.0294539 0.212607 0.0236527 2.00128e-08 0.000689812 
0.00874152 0.000488108 0.546978 3.20513e-05 3.0897e-07 0.00175704 4.00764e-05 9.97721e-06 0.415049 0.0117617 0.00364329 0.0114331 2.02429e-05 9.54146e-09 4.51699e-05 
0.0648213 0.0112511 0.433724 0.00586599 0.00993519 0.00805592 0.000222884 0.00433431 0.320429 0.0618905 0.00653827 0.0666976 0.000219667 1.07744e-06 0.00601375 
0.076584 0.0606807 0.363459 0.0335761 0.0076925 0.0437564 8.41869e-05 0.0765337 0.126054 0.0544931 0.0567023 0.0746702 0.00175118 0.000117729 0.0238442 
0.0651708 0.0533199 0.370384 0.02071 0.0163357 0.00278476 2.59299e-05 0.119821 0.185028 0.0410157 0.00257507 0.0712439 0.0429831 0.000246644 0.00835572 
0.269129 0.191276 0.335399 5.65163e-06 4.29171e-06 0.00131266 0.00012385 0.00335274 0.0721962 0.02454 0.0153637 0.0771467 0.00360483 0.00149565 0.00504985 
0.0195993 9.98727e-05 0.649894 4.01178e-06 1.64397e-06 2.63393e-06 4.21855e-09 0.00495274 0.00966475 0.0763859 4.89129e-08 0.0403587 0.00127596 5.62037e-09 0.197761 
0.0159415 0.0010691 0.468282 3.85819e-06 1.49784e-05 0.000681665 0.00015295 0.124713 0.0034668 0.197987 0.136609 0.00597342 0.0448228 2.06473e-05 0.000261383 
0.00487376 0.0608093 0.267646 0.0558229 0.00247487 0.00296257 1.45994e-05 0.241706 0.0944626 0.244369 4.28411e-05 0.0118305 0.00311783 6.98652e-07 0.00986662 
0.174673 0.00629007 0.328617 0.00138704 2.69538e-06 0.257761 8.71181e-06 0.0101452 0.036175 0.115149 0.00147334 0.0174067 0.0159815 4.35407e-07 0.0349295 
0.0983739 0.142358 0.264094 0.000571471 0.00151038 0.063016 4.25162e-07 0.0332099 0.182709 0.19813 0.000725345 0.00410327 0.00312153 5.73908e-09 0.00807625 
0.00424393 0.00851943 0.757521 0.000273632 0.000337339 0.000282425 0.21308 0.00420327 0.00452697 0.00149938 0.00258776 0.0015562 3.18625e-06 2.36335e-09 0.00136569 
0.026936 0.0133754 0.682191 0.000398352 1.16764e-05 0.000178331 1.14017e-05 0.00363323 0.0615728 0.0284113 0.027214 0.00239025 0.151417 1.02332e-05 0.00224853 
0.114125 0.0502041 0.263812 0.00130049 0.0040863 0.162462 0.00123312 0.0275161 0.155755 0.124134 0.0598071 0.024224 0.000487126 0.00976011 0.00109389 
0.0302611 0.0449859 0.481148 0.000589989 0.000210953 0.00361668 7.60947e-05 0.0153612 0.244443 0.148094 0.00121038 0.0260615 0.00138273 0.000175939 0.00238236 
0.0153329 0.000852434 0.352399 8.47437e-05 0.000651615 0.000649713 3.25447e-05 0.0350443 0.0411272 0.226769 0.0107174 0.315684 2.68426e-05 6.34482e-11 0.000627204 
0.0710947 0.0428962 0.47391 0.0064701 0.00261186 0.0315858 0.000580843 0.0578315 0.0222822 0.120729 0.0031218 0.0856377 0.0668294 1.68899e-05 0.0144012 
0.0583957 0.0408208 0.55068 0.0230657 0.000245123 0.0114189 0.000368101 0.00250655 0.19171 0.00108448 0.051875 0.0659712 0.000844342 6.37982e-08 0.00101399 
0.071461 0.080808 0.280458 0.0168764 0.0186955 0.114898 0.000356392 0.0465277 0.174099 0.0627178 0.0683874 0.0540804 0.00597409 0.00227428 0.00238618 
0.00498014 0.0326818 0.71705 0.00133586 0.0397913 0.0152764 7.80166e-05 0.0200537 0.10893 0.0534785 0.00340687 0.000858456 0.00036599 1.44716e-06 0.00171116 
0.0028 0.24262 0.443628 0.182581 0.00261844 0.00488633 5.74561e-06 0.0167054 0.0947501 4.43415e-08 0.00325359 0.00433681 5.04729e-05 1.21327e-07 0.00176373 
0.12367 0.114108 0.178102 0.0150827 0.00112365 0.00361693 0.000162485 0.118386 0.149593 0.149373 7.42523e-05 0.0265091 0.0111963 0.00858941 0.100414 
0.0195738 0.0714534 0.447051 0.000276616 3.59306e-07 0.109049 0.000115717 0.00312031 0.0720209 0.0438964 0.21463 0.012632 0.000116806 2.65328e-11 0.00606404 
0.0133101 0.201447 0.397026 0.000584515 7.29137e-05 0.22634 6.03422e-05 0.0197699 0.03162 0.0131594 0.0374865 0.0489513 0.00152011 1.32269e-11 0.00865112 
0.148759 0.05835 0.2852 0.00856235 0.000728057 0.123678 0.000255837 0.139824 0.151073 0.0534192 0.014998 0.0133859 0.00132834 3.8511e-11 0.000438145 
0.0115358 0.0768271 0.632743 0.00330192 0.00224873 0.00408608 6.40632e-05 0.0531129 0.0606989 0.0895303 0.0132182 0.00575844 0.00389185 0.00405387 0.0389289 
0.0415048 0.0991649 0.280947 0.121624 0.00319758 0.00432855 0.00126894 0.178981 0.210424 0.016372 0.00966981 0.0323736 2.12508e-05 9.70309e-06 0.000112913 
0.00638559 0.00104731 0.906019 0.000714809 9.08183e-06 8.78826e-05 2.04953e-05 0.0338209 0.0102068 0.0215939 0.0031495 0.00772405 0.00059664 5.16101e-08 0.00862398 
0.0467138 0.164766 0.619092 2.76954e-05 0.000110376 0.0543064 1.50456e-06 0.000655928 0.0186449 0.0610445 0.0215206 0.00650837 0.00633824 1.00028e-10 0.000269435 
0.0102267 0.0227696 0.375104 0.0864147 0.0196386 0.00105561 5.75913e-06 0.0549505 0.140412 0.221192 0.00231973 0.0509564 0.00127477 5.2377e-08 0.0136797 
0.116035 0.00839228 0.371528 0.000774657 1.65777e-05 0.146093 6.20464e-05 0.0124966 0.0551475 0.0785366 0.147828 0.0207439 0.0170273 0.00289963 0.0224186 
0.0238638 0.000575885 0.312653 7.0315e-05 5.70417e-06 0.0974351 5.76475e-05 0.0118455 0.274083 0.0769645 0.00725257 0.1951 8.19094e-05 1.92486e-06 8.88866e-06 
0.174299 0.006001 0.384049 0.00085287 3.54882e-08 0.0935243 1.43309e-06 0.0467221 0.118239 0.0798619 4.45532e-05 0.0877504 0.00851092 1.41855e-06 0.000141773 
0.232482 0.0873268 0.287141 0.0318915 0.00999316 0.00657939 7.60727e-05 0.275559 0.0498186 0.012878 0.000141791 0.00190807 0.00281452 1.19797e-06 0.00138881 
0.00516951 0.0229826 0.591867 0.0174024 0.00404645 0.0007494 2.51661e-05 0.00842768 0.338782 0.00389139 0.000338351 0.00526318 0.000136519 1.0704e-07 0.000918049 
0.0562736 0.0822498 0.342095 0.00486215 0.137853 0.00829317 0.00198066 0.125475 0.150882 0.011153 0.0382186 0.0239812 0.00410916 1.741e-08 0.0125739 
0.0212253 0.000181836 0.808096 0.00119648 1.69273e-05 0.000322741 3.11754e-06 0.020283 0.00226462 0.0517244 1.66332e-05 0.0828351 0.000247455 2.50376e-05 0.0115612 
0.110188 0.125612 0.350231 0.000799809 0.00169808 0.2056 0.000244816 0.0330065 0.0592295 0.0571939 0.00314919 0.0202721 0.0315072 1.62653e-05 0.00125182 
0.0391735 0.0164646 0.564047 3.93716e-05 3.69304e-05 0.000393568 1.5982e-06 0.0617557 0.0172392 0.0305755 0.000225571 0.256843 0.00661144 0.00193123 0.00466191 
0.0304775 0.0256634 0.490214 0.00148997 0.00132212 0.00567068 0.00064057 0.105445 0.135165 0.0950487 0.00680009 0.0192284 0.0633189 1.73676e-08 0.0195149 
0.00679718 0.147596 0.62379 0.000388924 0.000164836 0.000781066 7.828e-08 0.0363027 0.0582339 0.0473045 0.000194644 0.00406718 0.037214 8.41463e-05 0.03708 
0.0530645 0.00614882 0.460919 0.000272922 0.00272926 0.00257878 0.000131466 0.0088149 0.00563302 0.00759999 0.0233458 0.105185 0.312422 0.00512588 0.00602909 
0.00691146 0.00236864 0.68551 0.000259955 0.0001496 0.00063022 1.50297e-06 0.0115316 0.0115046 0.246007 2.69084e-06 0.00396736 0.00580885 5.07513e-07 0.0253458 
0.0720086 0.00265372 0.800389 0.000137897 1.29319e-07 0.00012511 8.37763e-06 0.00561441 0.0256771 0.039743 0.00227557 0.0429049 0.000257141 0.00793039 0.000274223 
0.00129061 0.024219 0.803884 2.951e-05 6.13892e-05 1.97821e-05 1.23147e-05 0.00268321 0.10778 0.0133364 5.41468e-06 0.0022989 0.00114742 0.000909356 0.0423231 
0.0390695 0.0412744 0.430097 0.0207725 0.0846917 0.00396048 0.000250772 0.0520586 0.232334 0.0686078 0.00580482 0.00909008 0.00609427 2.56517e-05 0.00586851 
0.241143 0.0794907 0.473618 7.27883e-08 6.16579e-10 0.0328505 6.92517e-07 6.61041e-11 0.0020302 0.0441598 0.00130713 0.125293 0.000106096 9.99619e-10 7.91853e-07 
0.0194583 0.108521 0.237184 0.015859 0.00401635 0.00643004 0.00123969 0.0348356 0.135804 0.0646672 0.00030283 0.193696 0.000671834 5.10416e-06 0.177309 
0.0571156 0.152159 0.743566 4.3359e-06 2.16986e-07 0.0237683 8.2384e-10 0.00150784 0.00501942 0.00628167 0.00209635 0.00792379 0.000554647 3.1081e-06 4.71263e-10 
0.0356434 0.0882703 0.587439 0.000865774 0.00546771 0.00475355 3.84975e-05 0.0440162 0.0528425 0.0492476 5.3339e-05 0.112093 0.00293474 0.00671814 0.00961643 
0.016203 0.0415039 0.420657 0.000179407 2.4187e-07 0.0209943 4.31451e-08 0.0719017 0.105941 0.14326 0.000339466 0.173774 0.00216248 3.48499e-07 0.00308219 
0.193405 0.0204538 0.319688 0.00131706 5.38092e-05 0.029391 0.11301 0.12659 0.0824097 0.0432581 0.000195553 0.0380385 0.0189694 0.00232947 0.0108911 
0.0461221 0.0196481 0.41997 0.0463652 0.0150324 0.0289337 0.00643012 0.0763025 0.280516 0.042735 0.00967217 0.007328 0.000581765 8.47647e-07 0.000361186 
0.104638 0.00496692 0.500481 0.0168741 0.00352029 0.0161803 0.00677444 0.0213088 0.111105 0.113272 0.00157717 0.0904517 0.00191834 3.07648e-08 0.00693178 
0.066306 0.244896 0.377303 6.92715e-05 7.41078e-07 0.00494437 6.66789e-05 0.0160651 0.15336 0.00328808 0.0872982 0.0270188 4.91866e-05 5.07873e-10 0.0193334 
0.036441 0.261389 0.367272 1.22765e-06 0.000136795 1.25973e-09 4.13049e-09 0.32763 0.00710325 6.13646e-06 1.37274e-09 8.98369e-10 2.52314e-09 5.50303e-09 2.00859e-05 
0.0248504 0.0326426 0.724724 0.00281694 0.000214514 0.00146262 0.000544403 0.136106 0.0116422 0.04609 1.38719e-06 0.0162082 0.00265998 2.72896e-05 9.62667e-06 
0.0336469 0.00263101 0.481986 0.00121781 0.000165621 0.0116905 0.000345513 0.0150463 0.144123 0.0454806 0.00318778 0.0540805 0.000585772 0.000164884 0.205649 
0.000112984 0.0152097 0.857904 0.00186484 6.12957e-05 0.00174754 0.000177352 0.0291642 0.00172246 0.0853437 2.87926e-05 0.00131347 0.00191055 1.64419e-07 0.00343917 
0.456898 4.65009e-05 0.495232 2.24182e-07 9.77838e-09 0.00714744 1.1899e-08 0.02314 0.0149403 0.000531665 9.94999e-06 0.00203662 7.53477e-06 7.37184e-06 2.66164e-06 
0.0843875 0.0323496 0.353156 0.000318973 0.00101359 0.263937 3.27788e-05 0.00642295 0.0881513 0.122618 0.0380211 0.00769694 2.37319e-05 3.49806e-09 0.0018699 
0.182894 0.0167629 0.544419 0.00177922 0.00453347 0.0027729 0.000619775 0.0208587 0.0793076 0.0629397 0.00623244 0.0671443 0.00689003 0.000454489 0.0023916 
0.0883491 0.0519516 0.442627 0.00341841 0.00181402 0.0160401 0.0227641 0.0479016 0.0966908 0.115725 0.0101855 0.0478616 0.0442462 0.00587108 0.00455405 
0.0482389 0.000985846 0.511193 0.00109241 0.000416973 0.000785878 2.84599e-05 0.00778851 0.356024 0.0326763 2.88802e-06 0.038941 0.000253867 7.92087e-06 0.0015638 
0.125742 0.048265 0.314229 0.00628934 0.00197191 0.0303833 6.25398e-05 0.0558532 0.162552 0.13084 0.00037566 0.06975 0.00217718 0.0039939 0.0475141 
0.0639286 0.00413644 0.740739 2.19948e-06 2.96101e-07 2.97659e-06 7.27928e-06 0.0286557 2.34446e-06 0.0316534 6.62322e-06 0.118695 0.0105393 2.96243e-06 0.00162859 
0.0468426 0.00344964 0.59787 0.0170079 0.014883 0.00139398 0.000143555 0.0019402 0.188522 0.0735168 0.00273761 0.0498687 0.00114754 5.809e-07 0.000675611 
0.00395331 0.0232747 0.641018 0.010748 0.00192403 0.0012326 0.000169811 0.066353 0.0944058 0.0906765 1.47534e-05 0.0625451 0.00244354 0.000188135 0.00105229 
0.000847311 0.00115782 0.86674 6.22112e-05 0.000209379 0.000129244 0.000224326 0.00415151 0.0985264 0.00194596 1.63988e-05 0.0249526 0.000127167 6.50768e-05 0.000845082 
0.121869 0.0401971 0.21112 0.0735193 0.000199929 0.0175968 0.000885991 0.181994 0.12983 0.10918 0.000568304 0.102721 0.00272706 1.30885e-07 0.00759214 
0.136997 0.0408933 0.259358 0.0552901 0.00112374 0.128638 0.000442703 0.051656 0.142384 0.0538241 0.0654145 0.0608276 0.00143935 1.81254e-09 0.00171039 
0.0847107 0.0308476 0.430775 5.51745e-05 0.000118731 5.50438e-05 9.14624e-08 0.0686015 0.0137784 0.081467 0.00494972 0.219979 0.0396936 4.06137e-07 0.0249675 
0.0427409 0.00953394 0.540901 0.00524098 0.00812532 0.0149916 0.000907078 0.0243303 0.226139 0.0759786 0.00281791 0.0408918 0.00134698 0.000149612 0.00590472 
0.123043 0.0118735 0.28786 0.00619032 0.0101887 0.0197686 0.00135868 0.0238606 0.111172 0.0620865 0.0087886 0.23451 0.00447576 0.00197186 0.0928513 
0.00337048 0.0145734 0.480778 0.0219438 0.000141444 0.00601597 5.96897e-06 0.04119 0.0330826 0.244616 4.63481e-06 0.141152 0.00206356 1.92984e-08 0.0110625 
0.0604547 0.0151614 0.589919 0.000565709 1.14373e-07 0.000205373 5.39332e-07 0.00786356 0.026873 0.220011 0.00838228 0.0487758 0.0216222 1.25507e-06 0.000163612 
0.079142 0.00625959 0.414569 0.00554552 0.00187709 0.0231903 8.35985e-05 0.0457198 0.244087 0.156112 0.0021858 0.0142515 0.00299486 0.000210463 0.00377186 
0.0133101 0.201447 0.397026 0.000584515 7.29137e-05 0.22634 6.03422e-05 0.0197699 0.03162 0.0131594 0.0374865 0.0489513 0.00152011 1.32269e-11 0.00865112 
0.0708284 0.00146677 0.317048 0.0018786 0.000281062 0.0100535 5.7915e-05 0.0230099 0.147511 0.227171 0.0161103 0.182989 0.00120659 1.98568e-06 0.000385416 
0.00289564 0.0015238 0.740689 0.000179886 0.00356261 0.00237521 1.12715e-08 0.00334016 0.228756 0.0156318 8.36696e-05 0.000852575 5.66265e-05 1.7646e-07 5.27149e-05 
0.000179736 0.117681 0.275427 0.000249669 3.99708e-06 0.000500652 4.40402e-08 0.253672 0.0198802 0.208372 6.11764e-08 0.104678 0.00263969 1.77778e-07 0.0167151 
0.0728915 0.101491 0.326845 0.0480391 0.000406189 0.0146827 0.00649316 0.139627 0.217271 0.0290125 0.00770996 0.0344458 0.00104408 9.89632e-08 4.12657e-05 
0.0348339 0.027288 0.43074 0.00543203 0.000371263 0.250797 0.00022574 0.0182945 0.0597857 0.0468621 0.108635 0.0148732 0.000128569 6.89307e-11 0.00173256 
5.32109e-06 0.000890945 0.954454 8.81678e-07 4.58014e-06 0.00679458 2.27464e-06 4.68589e-07 0.00480848 1.01878e-05 7.96736e-06 0.0201188 2.06577e-06 2.37321e-08 0.0128994 
0.108558 0.0131042 0.355035 0.0181894 0.00104095 0.0166469 0.00010292 0.0752612 0.212676 0.12045 0.00216127 0.0614515 0.00139109 0.010716 0.00321514 
0.121787 0.0861395 0.516405 0.0292888 0.00106828 0.0316556 3.05539e-05 0.00432972 0.107216 0.0885857 0.000138531 0.00845469 0.00334782 2.40073e-07 0.00155331 
0.0563337 0.0221516 0.564172 0.00821094 0.000745103 0.023184 0.000333819 0.0386351 0.111572 0.108165 0.00184807 0.0314148 0.0187728 1.45595e-05 0.0144467 
0.0486062 0.120531 0.648316 0.044575 8.53337e-05 0.00019776 3.35331e-05 0.0073321 0.108031 0.00110816 0.000382976 0.0106107 0.00849747 3.70103e-06 0.00168927 
0.0847107 0.0308476 0.430775 5.51745e-05 0.000118731 5.50438e-05 9.14624e-08 0.0686015 0.0137784 0.081467 0.00494972 0.219979 0.0396936 4.06137e-07 0.0249675 
0.000179736 0.117681 0.275427 0.000249669 3.99708e-06 0.000500652 4.40402e-08 0.253672 0.0198802 0.208372 6.11764e-08 0.104678 0.00263969 1.77778e-07 0.0167151 
0.0576472 0.0645365 0.571071 0.010482 0.00470411 0.00649873 0.000465746 0.0451397 0.111906 0.0746797 0.0164659 0.0286806 0.00491752 0.000272941 0.00253196 
0.0168236 0.156002 0.302686 0.000513651 0.000882295 0.229099 1.04523e-05 0.0989737 0.0268385 0.115718 0.01365 0.0162416 0.0147995 4.15016e-08 0.00776222 
0.058393 0.0130437 0.770252 5.03197e-05 0.000811044 0.00317009 0.00924144 0.0217975 0.0161957 0.0113548 0.00108395 0.0920321 0.00189219 0.000102395 0.000579295 
0.0491916 0.0110354 0.330221 0.00624099 0.000231442 0.0828043 0.000443128 0.078956 0.314264 0.0495049 0.00302144 0.070618 3.77349e-05 8.46305e-08 0.00342965 
0.178195 0.131793 0.351675 0.0196561 0.00666246 0.0413807 0.0131601 0.0716008 0.0263948 0.113826 0.0198831 0.0210882 0.00371602 1.99263e-07 0.00096811 
0.0377021 0.0438851 0.487187 0.00311247 0.0336856 0.144854 0.000543356 0.0133575 0.0775329 0.0290183 0.114189 0.0123692 0.000487625 1.22964e-10 0.00207513 
0.145649 0.117173 0.236537 0.0742142 0.000482099 0.0417201 0.00855652 0.107986 0.055762 0.0716678 0.0556247 0.0529705 0.0216062 0.00149162 0.00855877 
