0.906969 0.00809261 6.63161e-13 0.00185239 4.46281e-08 0.000928238 2.06829e-08 0.00800831 0.0384266 0.0355488 1.09373e-08 0.000165376 7.97378e-06 6.92899e-12 6.84013e-08 
0.825234 0.0524926 1.65316e-10 2.10236e-05 0.000826653 0.0186974 1.66596e-05 3.05324e-05 0.0329357 0.0396885 0.000107838 2.27402e-05 7.91962e-10 1.0118e-07 0.0299265 
0.023378 0.943587 4.1436e-09 1.11592e-06 4.46497e-05 4.08753e-05 0.00357718 0.00109004 0.0249336 0.00156144 0.000357631 0.000256547 5.50156e-05 1.108e-06 0.00111568 
0.380115 0.0515157 6.80281e-12 2.91579e-07 4.38423e-11 0.0799838 5.87389e-08 0.284154 0.0640676 0.0875 8.88307e-09 0.0208231 1.95569e-07 5.75809e-07 0.0318399 
0.000520552 0.958036 1.88477e-09 7.32003e-06 0.00711201 5.86085e-05 0.0333803 1.48473e-05 0.00032318 2.08603e-06 0.000280995 3.21486e-09 8.13526e-06 1.18354e-05 0.000244366 
0.706966 0.00519536 1.13299e-13 6.51097e-06 5.13327e-08 0.00150609 9.45597e-05 0.000180498 0.197534 0.000495987 2.27411e-09 0.000132665 5.42772e-13 2.48716e-09 0.0878883 
0.825234 0.0524926 1.65316e-10 2.10236e-05 0.000826653 0.0186974 1.66596e-05 3.05324e-05 0.0329357 0.0396885 0.000107838 2.27402e-05 7.91962e-10 1.0118e-07 0.0299265 
0.00537942 0.000123855 4.13979e-08 6.42866e-08 0.333237 0.324598 0.000270963 0.000431497 0.000328574 0.335213 1.07899e-07 0.000187872 0.000228499 4.32543e-07 1.85716e-07 
6.51598e-11 0.996225 6.26617e-11 9.73071e-11 1.37345e-06 1.16917e-06 1.52389e-06 0.000665514 4.55138e-08 0.00253851 0.000562653 2.14834e-08 3.00187e-10 6.54717e-10 4.18877e-06 
0.00800541 0.770638 3.39612e-09 4.55303e-06 4.29882e-06 0.00226548 1.64619e-05 0.0737083 0.0086614 0.00032709 4.28752e-06 0.136351 1.62694e-08 3.54841e-08 1.31772e-05 
0.476633 0.178962 8.57917e-08 7.58182e-07 7.23588e-07 0.221069 0.0390098 0.0256365 0.0541522 1.74314e-06 7.5632e-07 1.76083e-06 3.69619e-07 3.64606e-05 0.00449481 
0.00234087 0.798711 4.51073e-06 0.00120902 9.22302e-05 0.00833655 2.80408e-05 0.0316192 0.0307032 0.125905 0.000132172 0.000484477 2.91595e-05 3.706e-05 0.000367756 
8.66292e-08 0.237295 8.33081e-08 1.29369e-07 5.36899e-07 1.99257e-07 6.53337e-07 0.000143961 2.02149e-05 0.762537 2.17132e-07 1.42099e-07 3.99096e-07 8.70439e-07 3.7373e-07 
0.000410977 0.96903 1.07854e-09 3.37256e-06 2.08192e-05 0.00302253 0.000964205 0.00178655 0.0114517 6.92604e-05 6.41664e-05 2.82894e-06 5.69133e-06 1.1269e-08 0.0131678 
0.0997418 0.0277261 4.93686e-13 6.35013e-07 1.33662e-08 7.79448e-09 5.61718e-05 0.00064602 0.868041 0.00209895 4.72646e-05 0.00019897 0.000369148 5.15824e-12 0.00107382 
4.03061e-07 0.0673465 5.78434e-11 8.80374e-07 3.72786e-10 4.84365e-07 4.53633e-10 0.926882 0.00576203 1.31798e-06 1.50762e-10 9.86639e-11 2.77105e-10 6.28608e-06 2.59492e-10 
0.0142491 0.280302 1.28865e-09 2.00114e-09 0.00215356 3.08221e-09 1.01061e-08 0.115241 4.61602e-06 0.0416371 0.00664385 0.108538 0.0364802 1.34644e-08 0.39475 
8.2577e-12 0.00163855 7.94112e-12 1.07164e-06 1.54047e-08 1.89936e-11 6.22777e-11 0.00121184 2.36929e-08 3.45534e-08 2.06976e-11 1.35452e-11 3.80427e-11 8.29723e-11 0.997148 
0.012963 0.70299 3.39681e-08 5.27489e-08 2.55797e-05 0.0372592 2.66392e-07 0.0839915 0.0106103 0.129053 8.85337e-08 0.0215615 1.62728e-07 3.54913e-07 0.00154538 
0.0156768 8.35195e-06 1.58932e-09 4.78546e-05 0.000889171 0.00480068 1.4024e-05 0.186758 0.264506 0.41818 6.26888e-06 5.1723e-06 1.11711e-06 0.108978 0.000127918 
6.51598e-11 0.996225 6.26617e-11 9.73071e-11 1.37345e-06 1.16917e-06 1.52389e-06 0.000665514 4.55138e-08 0.00253851 0.000562653 2.14834e-08 3.00187e-10 6.54717e-10 4.18877e-06 
0.0269374 0.892 9.93909e-12 1.54344e-11 4.42043e-07 1.26709e-06 0.00131018 0.0024239 0.0687879 3.34411e-06 6.47885e-08 1.69532e-11 6.52361e-07 1.03848e-10 0.00853511 
0.325946 1.60282e-06 3.95599e-12 2.19929e-06 2.54953e-11 0.0141218 3.72604e-08 3.08899e-06 6.07688e-06 0.659919 1.03108e-11 5.53383e-08 3.07033e-07 4.13339e-11 1.7747e-11 
0.325946 1.60282e-06 3.95599e-12 2.19929e-06 2.54953e-11 0.0141218 3.72604e-08 3.08899e-06 6.07688e-06 0.659919 1.03108e-11 5.53383e-08 3.07033e-07 4.13339e-11 1.7747e-11 
0.00232677 0.00312748 2.77167e-11 0.178424 0.00333228 0.295688 2.90191e-08 0.515276 0.00181835 3.41986e-06 7.22401e-11 2.82485e-06 1.32779e-10 2.89596e-10 9.93892e-07 
6.39951e-05 0.0301368 9.06869e-11 0.00048551 5.84453e-10 0.502315 1.93087e-06 0.124629 0.3071 0.00529378 2.36364e-10 5.45899e-07 4.34445e-10 6.3347e-06 0.029967 
0.000196811 0.00147028 1.26169e-08 0.000148925 0.000154575 3.01772e-08 9.8947e-08 0.000216206 0.000698764 0.995737 3.28844e-08 0.000120538 6.04425e-08 1.31827e-07 0.00125659 
6.36349e-05 0.0199985 3.05915e-11 1.28312e-07 1.97155e-10 8.04933e-07 1.91954e-06 1.58743e-06 3.53028e-05 0.0117683 7.97331e-11 5.42726e-07 1.46552e-10 3.19634e-10 0.968129 
6.22807e-07 0.91756 9.21292e-11 1.44498e-08 0.021221 2.00546e-06 4.33583e-06 0.0612043 1.37407e-06 1.24324e-06 1.12882e-06 5.81597e-07 4.41354e-10 9.62607e-10 3.47214e-06 
0.0447288 0.382824 3.4016e-11 4.6421e-07 3.88941e-07 0.000471015 1.97553e-05 0.000216391 0.517459 0.000701523 0.000852772 6.73318e-05 0.00012505 3.54049e-07 0.0525333 
0.00121926 0.994822 3.17239e-10 1.00011e-05 6.17467e-05 5.59984e-05 0.00288998 2.13718e-05 0.000579233 0.000205476 1.5132e-05 8.38785e-06 1.68709e-05 3.31465e-09 9.46421e-05 
6.51598e-11 0.996225 6.26617e-11 9.73071e-11 1.37345e-06 1.16917e-06 1.52389e-06 0.000665514 4.55138e-08 0.00253851 0.000562653 2.14834e-08 3.00187e-10 6.54717e-10 4.18877e-06 
7.64245e-10 0.98873 7.34946e-10 1.14129e-09 4.73654e-09 1.75785e-09 5.76376e-09 1.82862e-06 7.28807e-06 0.0112507 4.59922e-06 1.25486e-06 3.52083e-09 7.67904e-09 3.95974e-06 
0.0541325 0.0300212 6.99535e-08 5.05537e-05 0.0112599 0.0248111 0.824523 5.76498e-05 0.0216184 0.000160212 0.00206112 0.000255896 3.35119e-07 5.12022e-05 0.0309971 
0.00829356 0.00019426 2.71206e-10 5.55967e-06 1.74785e-09 2.60117e-07 2.12691e-09 6.7404e-05 1.34025e-05 4.35354e-05 3.46435e-06 0.0179918 7.53686e-06 6.52028e-06 0.973373 
5.93466e-05 0.998862 5.33327e-09 8.28202e-09 3.43716e-08 3.31789e-05 0.000121337 0.000137455 0.00010577 8.06217e-05 1.39005e-08 9.09699e-09 0.000102224 5.57244e-08 0.000497676 
0.0499224 0.747935 1.66291e-09 0.00381391 0.00340096 0.000896463 0.0150869 0.0835875 0.0794496 2.46447e-07 0.000221654 0.0127321 0.000913936 1.38574e-07 0.0020389 
6.59644e-08 0.915057 5.92799e-12 9.20556e-12 3.82044e-11 0.000523714 0.00031033 0.00320859 0.00118752 8.9612e-08 1.54506e-11 1.01114e-11 1.13623e-07 6.19383e-11 0.0797125 
0.706966 0.00519536 1.13299e-13 6.51097e-06 5.13327e-08 0.00150609 9.45597e-05 0.000180498 0.197534 0.000495987 2.27411e-09 0.000132665 5.42772e-13 2.48716e-09 0.0878883 
0.000167624 0.989344 2.84249e-07 6.71086e-06 1.94523e-05 0.00504132 4.44451e-05 0.00241722 0.000304461 0.000353757 2.27882e-05 1.16342e-05 0.00112068 0.00114392 1.27518e-06 
0.158771 0.586872 1.35417e-10 9.49024e-07 0.000263594 0.0357783 0.00136752 0.0242307 0.131452 0.0227183 0.000329738 1.48021e-05 6.48731e-10 2.69807e-07 0.0382013 
0.00270619 0.920408 1.80132e-11 4.05632e-07 1.16091e-10 0.000728516 4.09817e-07 0.0493508 0.00232241 0.00580027 1.0803e-07 3.07252e-11 0.000863496 3.01324e-07 0.0178193 
0.0245484 0.687789 7.83918e-10 1.9053e-06 1.41944e-06 0.00146214 1.403e-06 0.190854 0.0241985 0.0711255 2.04319e-09 7.58429e-06 2.09123e-06 8.19072e-09 8.53613e-06 
1.47199e-05 0.528652 7.84228e-10 1.21783e-09 1.54504e-05 2.00851e-06 1.07185e-06 0.108555 0.00130214 8.06325e-06 0.00664176 3.65367e-05 4.30578e-05 8.19396e-09 0.354728 
0.000485431 0.00073722 7.95148e-07 1.93919e-05 5.12452e-06 1.90184e-06 0.000128498 4.05588e-05 0.000881734 1.16712e-05 6.59243e-05 3.36462e-05 9.71649e-05 0.997487 3.56713e-06 
0.0794311 0.010543 3.18477e-08 0.00109547 0.000231282 0.0058567 1.8793e-05 0.763579 0.0030268 0.133923 8.3007e-08 2.76139e-05 0.00226662 3.32758e-07 1.42872e-07 
0.00372922 0.000513489 1.26736e-09 0.000704578 8.16782e-09 0.00376698 1.1937e-05 0.000989607 0.00194682 0.988221 3.30323e-09 1.77285e-05 9.83628e-05 1.3242e-08 5.68554e-09 
2.01668e-11 0.895118 1.93937e-11 3.01163e-11 1.24987e-10 7.46857e-07 3.04339e-07 0.0672756 0.00010345 0.0110691 1.36528e-07 1.19121e-07 3.72557e-08 2.02633e-10 0.0264323 
0.000391084 0.000846073 6.3314e-09 5.31028e-05 0.000126534 0.000195366 4.96536e-08 0.00101799 0.000285324 0.000179744 4.78724e-05 1.07995e-08 0.705232 6.61533e-08 0.291625 
0.0189964 0.923249 4.15692e-08 6.45526e-08 2.67902e-07 0.000134096 0.000104384 0.0350517 0.0102713 0.000135632 4.07521e-05 0.000523438 1.99141e-07 4.34333e-07 0.0114917 
0.606196 0.0985315 1.56163e-12 4.92308e-08 3.03951e-07 0.0039697 0.00023959 0.00037884 0.201875 0.0888078 7.44882e-08 4.12896e-08 8.3048e-08 1.63165e-11 4.6588e-07 
6.36349e-05 0.0199985 3.05915e-11 1.28312e-07 1.97155e-10 8.04933e-07 1.91954e-06 1.58743e-06 3.53028e-05 0.0117683 7.97331e-11 5.42726e-07 1.46552e-10 3.19634e-10 0.968129 
0.0249516 0.413964 3.15348e-10 4.89703e-10 5.76469e-07 0.0727829 2.47309e-09 0.166706 0.0206714 0.256279 8.21916e-10 0.0421124 1.51071e-09 3.2949e-09 0.00253225 
0.00140136 0.0024591 1.22501e-07 1.90232e-07 7.89488e-07 2.92999e-07 9.60707e-07 0.992532 0.000227234 0.00167116 3.19284e-07 2.08951e-07 5.86854e-07 1.27995e-06 0.00170416 
0.00023483 0.995498 2.11034e-08 3.27713e-08 1.36006e-07 0.000131286 0.00048012 0.000543898 0.000418525 0.000319014 5.50033e-08 3.59961e-08 0.000404491 2.20497e-07 0.00196927 
0.0192922 0.00561861 1.00904e-08 1.16245e-07 5.62673e-06 0.00151374 1.97764e-05 0.000237341 0.00481328 0.000374608 2.62993e-08 4.42735e-07 4.83389e-08 1.05429e-07 0.968124 
0.00600195 0.988398 4.43812e-06 5.6083e-05 0.000332313 0.000286057 0.000175539 0.00010819 0.00285272 0.00101397 8.59951e-05 4.88258e-05 0.000104239 4.63714e-05 0.00048543 
0.0105699 0.271909 5.41476e-11 8.40856e-11 2.40823e-06 6.90305e-06 2.37846e-06 0.00610691 0.154358 0.304267 1.41129e-10 9.32927e-07 3.55403e-06 5.65758e-10 0.252772 
0.000375122 0.133718 1.6268e-07 5.63836e-05 0.424759 0.000138038 0.0359705 0.00822631 0.350081 0.0214527 3.19731e-05 6.26155e-05 7.79333e-07 3.28576e-05 0.0250956 
0.0457815 0.723376 1.00463e-06 0.00502143 8.79356e-05 0.00121123 0.000275003 0.0226817 0.165159 0.0123296 0.000672539 0.00121277 4.21848e-06 2.6737e-06 0.0221837 
0.000788456 0.987894 1.09096e-08 1.69415e-08 0.000485208 0.00139082 0.000479211 0.000153782 0.00149512 0.00367066 2.84346e-08 1.86086e-08 0.000716063 1.13988e-07 0.00292676 
1.74754e-05 0.00725454 3.69365e-11 0.0645089 2.38046e-10 2.54454e-06 6.00554e-07 0.917147 0.0110526 1.77239e-06 9.62706e-11 2.48742e-06 1.25923e-05 3.85929e-10 1.65702e-10 
6.51598e-11 0.996225 6.26617e-11 9.73071e-11 1.37345e-06 1.16917e-06 1.52389e-06 0.000665514 4.55138e-08 0.00253851 0.000562653 2.14834e-08 3.00187e-10 6.54717e-10 4.18877e-06 
0.0403942 0.918326 2.04861e-10 3.3625e-07 0.00112878 0.00139325 0.000218746 0.00129256 0.0345268 6.90234e-06 0.00270796 2.82089e-07 5.67646e-07 2.14048e-09 3.18002e-06 
0.000812712 0.99497 9.05614e-09 1.40633e-08 0.000198498 2.16606e-08 0.000262853 3.94274e-05 0.00100311 0.000182308 5.66725e-05 1.54471e-08 4.33844e-08 9.46226e-08 0.00247421 
0.332952 0.198696 9.81374e-10 0.00148561 1.1478e-08 0.210793 0.000106107 0.0264517 0.117097 0.111842 9.85176e-05 0.00026057 7.05836e-05 4.12956e-09 0.000146716 
0.0129061 0.701517 7.89899e-09 0.000123067 0.000119453 9.16499e-07 6.19473e-08 0.26029 0.00123723 0.0187469 3.47438e-05 2.19499e-05 0.00195239 4.06965e-05 0.00300939 
0.0645205 0.828471 1.05123e-07 0.000132635 6.77494e-07 0.00017514 0.000182994 0.0964553 4.98052e-05 0.00127738 2.73992e-07 0.00101873 0.00725319 1.09838e-06 0.000461265 
0.900357 0.00216548 4.42138e-07 0.000146901 9.26349e-05 0.00695577 2.83992e-05 0.000221696 0.0820214 0.000512719 0.000362767 0.000356753 2.11811e-06 6.68128e-06 0.00676945 
0.105722 2.51341e-06 6.50139e-11 9.79413e-07 4.18998e-10 0.21576 5.09867e-10 0.602269 7.02362e-07 0.0762282 1.69451e-10 1.20886e-06 1.32372e-05 9.5169e-07 1.31276e-06 
0.227947 0.00241804 2.73764e-14 0.00544867 1.76434e-13 0.10112 3.09679e-07 0.0241577 0.0801327 0.558738 7.13532e-14 3.14061e-06 3.44228e-05 2.8604e-13 1.22814e-13 
0.000128301 0.99916 3.85448e-08 4.19592e-05 2.48411e-07 9.21918e-08 3.02285e-07 0.000221076 3.42113e-05 0.000395089 1.00462e-07 6.57461e-08 1.84653e-07 4.02733e-07 1.74645e-05 
0.011859 0.453816 1.57887e-05 0.0435613 7.47249e-05 0.0344568 1.94709e-05 0.374142 0.0148516 0.0128973 0.000162215 0.0012683 1.87711e-05 0.0325478 0.0203091 
4.3727e-06 6.84281e-05 5.15101e-09 0.000225298 0.000592783 6.1554e-06 4.03964e-08 0.0126659 5.60378e-07 0.000158262 7.47441e-07 7.82748e-06 0.829736 0.156532 1.41284e-06 
0.825234 0.0524926 1.65316e-10 2.10236e-05 0.000826653 0.0186974 1.66596e-05 3.05324e-05 0.0329357 0.0396885 0.000107838 2.27402e-05 7.91962e-10 1.0118e-07 0.0299265 
0.00154888 0.954943 1.58496e-07 0.000188367 1.02147e-06 0.000130266 1.24299e-06 0.000613735 4.39057e-05 0.000131333 5.0496e-05 2.70348e-07 0.000100818 0.000141324 0.0421055 
1.0504e-06 1.00905e-07 1.49894e-11 0.00632404 9.66026e-11 3.81756e-08 1.17553e-10 0.967135 1.94072e-07 0.0103034 3.9068e-11 1.00326e-06 0.0162356 1.56615e-10 6.72441e-11 
0.00996669 0.000719205 5.27479e-07 0.000200855 3.39946e-06 1.26163e-06 4.13671e-06 0.247535 0.0410865 0.00911814 1.37481e-06 0.687469 0.00119342 0.00101446 0.0016865 
8.08184e-07 0.000161767 7.772e-07 1.20691e-06 5.00885e-06 7.92725e-06 6.09513e-06 0.998893 0.000149935 0.000481368 2.02568e-06 1.32567e-06 3.72326e-06 8.12053e-06 0.000276651 
4.3727e-06 6.84281e-05 5.15101e-09 0.000225298 0.000592783 6.1554e-06 4.03964e-08 0.0126659 5.60378e-07 0.000158262 7.47441e-07 7.82748e-06 0.829736 0.156532 1.41284e-06 
0.568623 0.130805 1.99925e-07 0.00216581 1.54047e-06 0.0160924 6.8332e-06 0.0898272 0.041091 0.079401 0.00015326 0.000232213 0.000463144 2.58825e-05 0.0711122 
0.0649496 0.0933525 2.29779e-07 0.00243049 0.341807 0.00235733 0.000154343 0.270163 0.127637 0.00938548 0.00073853 0.0011784 0.00285419 0.0705613 0.0124309 
0.736561 0.0109723 3.7708e-13 0.000203175 3.93061e-08 0.00444521 1.96733e-06 0.00369673 0.0626012 0.181499 9.6328e-09 3.90884e-06 1.55257e-05 3.93989e-12 6.02455e-08 
0.000812712 0.99497 9.05614e-09 1.40633e-08 0.000198498 2.16606e-08 0.000262853 3.94274e-05 0.00100311 0.000182308 5.66725e-05 1.54471e-08 4.33844e-08 9.46226e-08 0.00247421 
0.108542 9.90961e-07 2.4225e-10 1.76847e-06 1.56124e-09 0.0224614 1.89983e-09 2.64481e-06 0.0733828 0.137606 6.31396e-10 0.657991 1.16052e-09 2.53114e-09 1.06514e-05 
0.0212167 1.92979e-06 3.66891e-11 1.7098e-07 2.36452e-10 8.77532e-11 2.07195e-06 1.36894e-06 2.78323e-06 2.24569e-07 9.56256e-11 0.0405556 1.65234e-06 3.83343e-10 0.938217 
0.325946 1.60282e-06 3.95599e-12 2.19929e-06 2.54953e-11 0.0141218 3.72604e-08 3.08899e-06 6.07688e-06 0.659919 1.03108e-11 5.53383e-08 3.07033e-07 4.13339e-11 1.7747e-11 
9.18922e-08 0.931757 1.90646e-11 2.96053e-11 7.77441e-05 0.00256387 0.000287028 0.018266 0.00291224 1.8835e-07 0.000100831 4.64939e-08 0.000101418 1.99195e-10 0.0439333 
0.0192922 0.00561861 1.00904e-08 1.16245e-07 5.62673e-06 0.00151374 1.97764e-05 0.000237341 0.00481328 0.000374608 2.62993e-08 4.42735e-07 4.83389e-08 1.05429e-07 0.968124 
0.000458125 0.976534 7.15509e-10 8.52561e-06 3.90889e-06 0.000609626 0.00011307 0.0109861 0.00043476 0.00314815 9.05335e-05 6.20046e-08 0.000151552 6.3364e-06 0.0074556 
7.55221e-06 0.90352 8.15361e-08 1.26617e-07 5.25479e-07 1.95019e-07 6.39441e-07 0.0625847 0.000391273 7.69134e-06 9.02044e-06 1.39077e-07 3.07452e-05 8.51925e-07 0.0334469 
0.374323 0.0273301 8.52315e-08 0.0191943 1.75346e-05 0.00350202 2.69124e-05 0.174199 0.372356 0.0273944 2.82722e-05 6.8099e-05 0.000631102 3.41343e-06 0.00092562 
0.0275276 0.857265 7.12695e-10 0.00166302 4.59314e-09 0.000172755 0.00660832 0.000475457 0.104124 9.29358e-07 0.000621192 2.70688e-06 0.000118873 0.00135332 6.75555e-05 
0.000458125 0.976534 7.15509e-10 8.52561e-06 3.90889e-06 0.000609626 0.00011307 0.0109861 0.00043476 0.00314815 9.05335e-05 6.20046e-08 0.000151552 6.3364e-06 0.0074556 
0.106117 0.888943 1.75851e-11 7.37583e-08 1.13331e-10 4.62704e-07 1.10342e-06 9.12509e-07 2.02933e-05 0.00483225 4.58334e-11 3.11978e-07 8.42432e-11 1.83737e-10 8.4308e-05 
0.0331578 0.0860726 7.98086e-10 2.75326e-06 5.72711e-06 0.000286356 1.27642e-06 0.00145175 0.0241806 9.27614e-07 1.48625e-06 0.000399128 2.07862e-06 8.33875e-09 0.854437 
0.417252 0.0150202 7.76702e-09 2.63456e-06 0.000931023 0.326132 3.13203e-05 0.0199069 0.187904 0.00189544 7.24278e-07 2.94196e-05 3.72087e-08 8.5088e-07 0.030894 
0.184697 0.0569495 9.55173e-12 2.90492e-07 9.21588e-08 0.00036823 0.000179742 0.000215637 0.751028 0.00200939 3.17594e-05 6.66172e-05 0.000123587 9.98006e-11 0.00433081 
0.207337 0.390311 1.08941e-07 0.000894069 1.36352e-07 0.000810036 6.1548e-05 0.0224486 0.360815 0.0120527 0.000149202 3.18341e-05 0.00274633 2.54099e-07 0.00234235 
6.51598e-11 0.996225 6.26617e-11 9.73071e-11 1.37345e-06 1.16917e-06 1.52389e-06 0.000665514 4.55138e-08 0.00253851 0.000562653 2.14834e-08 3.00187e-10 6.54717e-10 4.18877e-06 
2.65971e-06 3.43859e-06 7.97091e-10 0.00226822 6.60813e-06 1.90649e-09 6.25113e-09 0.961048 2.55179e-07 4.03606e-05 3.37973e-07 2.70356e-07 0.0365456 8.32836e-09 8.3794e-05 
0.0493775 0.622946 7.21434e-12 1.18547e-08 0.0598584 4.36477e-05 0.205948 0.0123183 0.0404519 4.48793e-07 0.000717431 8.35419e-08 7.98088e-08 1.71807e-06 0.00833619 
0.00930883 0.953903 4.18844e-08 6.50421e-08 2.15714e-05 6.11672e-05 2.13659e-05 6.78088e-06 6.56814e-05 0.000161202 1.09166e-07 7.14424e-08 3.16393e-05 4.37626e-07 0.0364181 
0.0331578 0.0860726 7.98086e-10 2.75326e-06 5.72711e-06 0.000286356 1.27642e-06 0.00145175 0.0241806 9.27614e-07 1.48625e-06 0.000399128 2.07862e-06 8.33875e-09 0.854437 
4.04967e-09 2.3662e-05 3.89442e-09 2.79729e-05 2.50985e-08 0.000303277 3.05417e-08 0.999302 1.90864e-06 7.15328e-06 1.01503e-08 6.64273e-09 1.86566e-08 0.000333768 1.74708e-08 
0.112017 0.880265 9.24168e-09 8.31435e-06 0.00167168 4.64974e-05 3.70728e-05 1.77438e-05 0.00251494 0.00101204 0.000175311 6.97682e-06 1.40451e-05 9.65611e-08 0.00221361 
6.51598e-11 0.996225 6.26617e-11 9.73071e-11 1.37345e-06 1.16917e-06 1.52389e-06 0.000665514 4.55138e-08 0.00253851 0.000562653 2.14834e-08 3.00187e-10 6.54717e-10 4.18877e-06 
0.825234 0.0524926 1.65316e-10 2.10236e-05 0.000826653 0.0186974 1.66596e-05 3.05324e-05 0.0329357 0.0396885 0.000107838 2.27402e-05 7.91962e-10 1.0118e-07 0.0299265 
6.51598e-11 0.996225 6.26617e-11 9.73071e-11 1.37345e-06 1.16917e-06 1.52389e-06 0.000665514 4.55138e-08 0.00253851 0.000562653 2.14834e-08 3.00187e-10 6.54717e-10 4.18877e-06 
0.00160351 0.00209329 3.1297e-12 0.00450268 2.01701e-11 0.00316674 2.45444e-11 0.988624 7.7459e-08 3.66952e-08 8.15718e-12 5.33835e-12 1.37951e-07 9.20848e-06 6.31948e-08 
1.18481e-05 0.9859 8.01666e-08 1.2449e-07 5.16653e-07 3.39625e-06 0.000141184 0.0110493 0.000553952 6.43116e-05 1.10729e-05 1.36741e-07 0.000248592 8.37616e-07 0.00201471 
0.00854332 0.358585 7.67759e-07 1.19225e-06 4.948e-06 0.482407 0.0174672 0.0197875 0.0152263 0.011606 2.00107e-06 1.30957e-06 0.0147157 8.02188e-06 0.0716437 
1.12293e-05 0.050474 1.99963e-08 3.38941e-05 1.28871e-07 2.51818e-05 2.2423e-05 0.863533 0.000251977 0.0845999 1.17441e-05 0.000463989 0.000558425 2.0893e-07 1.37963e-05 
0.0100011 0.803273 8.66598e-11 4.92137e-07 3.30706e-05 0.000553165 0.000679892 0.0019218 0.152043 0.000212997 0.000123843 2.15896e-05 0.000448154 9.05459e-10 0.0306881 
0.163178 0.00177663 1.22079e-10 0.00395976 7.8677e-10 0.0725911 1.37085e-06 0.0173508 0.0574252 0.683679 3.18185e-10 3.95073e-06 3.40611e-05 1.27554e-09 5.47662e-10 
3.37678e-05 0.796335 4.67234e-10 7.25566e-10 2.07803e-05 5.95657e-05 2.05235e-05 0.0276684 6.40328e-05 0.000157206 1.21779e-09 7.96963e-10 3.06673e-05 4.88186e-09 0.17561 
0.0117321 0.714791 2.46247e-05 0.00167491 0.000138238 0.00511341 0.00191516 0.0231068 0.124442 0.113789 5.60916e-05 0.00024006 2.8959e-05 0.000397447 0.0025501 
0.0190049 0.812949 5.08813e-08 0.000136165 2.16778e-05 0.0329541 1.02918e-05 0.0831655 0.0428612 0.000222162 5.24697e-06 0.00865256 2.43752e-07 5.3163e-07 1.59476e-05 
4.08096e-08 0.000372059 3.92451e-08 6.09435e-08 2.52924e-07 9.38667e-08 3.07777e-07 0.999118 0.000256295 0.000251789 1.02287e-07 6.69405e-08 1.88007e-07 4.1005e-07 1.76058e-07 
0.148698 0.81669 4.5558e-07 8.52292e-06 5.11895e-05 0.000758343 0.00017241 0.00155988 0.0211648 0.00963662 1.30124e-05 7.33176e-06 1.53659e-05 4.7601e-06 0.00122004 
0.000115899 0.699705 1.40619e-09 3.60487e-05 0.000663023 2.88936e-05 1.0466e-06 1.23901e-05 0.159448 0.138165 2.73887e-06 4.3648e-06 6.73651e-09 1.59922e-07 0.00181763 
0.187207 0.79488 8.03442e-07 2.77226e-05 0.000168637 0.000150167 8.20444e-05 5.71331e-05 0.00153407 0.000544558 4.21516e-05 2.35745e-05 4.85081e-05 8.39472e-06 0.0152249 
8.60097e-06 0.000558248 9.08828e-10 1.41132e-09 5.85716e-09 3.08693e-05 1.64002e-05 1.31877e-05 7.40053e-06 2.34616e-06 2.36875e-09 1.55019e-09 6.09971e-06 9.49584e-09 0.999357 
0.606196 0.0985315 1.56163e-12 4.92308e-08 3.03951e-07 0.0039697 0.00023959 0.00037884 0.201875 0.0888078 7.44882e-08 4.12896e-08 8.3048e-08 1.63165e-11 4.6588e-07 
0.325946 1.60282e-06 3.95599e-12 2.19929e-06 2.54953e-11 0.0141218 3.72604e-08 3.08899e-06 6.07688e-06 0.659919 1.03108e-11 5.53383e-08 3.07033e-07 4.13339e-11 1.7747e-11 
5.82854e-06 0.946743 2.80115e-09 4.34989e-09 1.80527e-08 1.74263e-05 2.63833e-05 0.0530343 4.40362e-05 4.25508e-05 7.30085e-09 4.77793e-09 5.50319e-05 2.92676e-08 3.14281e-05 
0.000332634 0.80674 7.38741e-09 1.14719e-08 4.761e-08 1.76693e-08 0.000202831 0.000333828 0.192152 5.17542e-05 3.87013e-06 1.26008e-08 0.000102666 7.71869e-08 7.9571e-05 
1.74754e-05 0.00725454 3.69365e-11 0.0645089 2.38046e-10 2.54454e-06 6.00554e-07 0.917147 0.0110526 1.77239e-06 9.62706e-11 2.48742e-06 1.25923e-05 3.85929e-10 1.65702e-10 
2.65971e-06 3.43859e-06 7.97091e-10 0.00226822 6.60813e-06 1.90649e-09 6.25113e-09 0.961048 2.55179e-07 4.03606e-05 3.37973e-07 2.70356e-07 0.0365456 8.32836e-09 8.3794e-05 
0.0331578 0.0860726 7.98086e-10 2.75326e-06 5.72711e-06 0.000286356 1.27642e-06 0.00145175 0.0241806 9.27614e-07 1.48625e-06 0.000399128 2.07862e-06 8.33875e-09 0.854437 
0.202165 0.0104756 1.93032e-09 0.000809514 0.000173223 0.00719632 9.20158e-05 0.00224218 0.710427 0.0659254 4.24523e-05 4.19846e-05 0.000143575 2.01688e-08 0.000265502 
0.786574 0.0100654 1.57239e-13 0.00111739 0.000890578 0.0330221 3.11802e-05 0.00086056 0.157917 0.00478175 4.76598e-05 0.000651441 7.53271e-13 6.938e-07 0.00404042 
4.17926e-05 0.892554 5.22961e-10 3.43597e-07 0.000507613 1.92065e-06 0.00011443 0.0118359 0.0348629 0.0587756 5.20008e-07 2.88379e-07 5.80729e-07 5.46413e-09 0.00130438 
0.306628 0.680603 2.40538e-08 0.00377252 1.55021e-07 0.00045119 1.8864e-07 0.0013096 0.000701792 0.00544798 2.90157e-05 0.000441051 0.000455862 2.51325e-07 0.000159577 
0.706966 0.00519536 1.13299e-13 6.51097e-06 5.13327e-08 0.00150609 9.45597e-05 0.000180498 0.197534 0.000495987 2.27411e-09 0.000132665 5.42772e-13 2.48716e-09 0.0878883 
0.0997418 0.0277261 4.93686e-13 6.35013e-07 1.33662e-08 7.79448e-09 5.61718e-05 0.00064602 0.868041 0.00209895 4.72646e-05 0.00019897 0.000369148 5.15824e-12 0.00107382 
0.559657 0.310651 6.11648e-06 0.000171413 0.00139686 0.00131122 0.00028808 0.00820713 0.0491278 0.0439911 5.73827e-05 0.00120691 0.000213457 7.67322e-06 0.0237074 
0.325946 1.60282e-06 3.95599e-12 2.19929e-06 2.54953e-11 0.0141218 3.72604e-08 3.08899e-06 6.07688e-06 0.659919 1.03108e-11 5.53383e-08 3.07033e-07 4.13339e-11 1.7747e-11 
0.00232677 0.00312748 2.77167e-11 0.178424 0.00333228 0.295688 2.90191e-08 0.515276 0.00181835 3.41986e-06 7.22401e-11 2.82485e-06 1.32779e-10 2.89596e-10 9.93892e-07 
0.00410359 0.995832 5.12075e-10 7.95199e-10 3.30019e-09 5.7583e-07 1.28067e-05 1.74443e-08 6.99934e-06 4.87524e-07 1.33466e-09 9.76203e-07 2.45315e-09 5.35038e-09 4.29771e-05 
0.00372922 0.000513489 1.26736e-09 0.000704578 8.16782e-09 0.00376698 1.1937e-05 0.000989607 0.00194682 0.988221 3.30323e-09 1.77285e-05 9.83628e-05 1.3242e-08 5.68554e-09 
0.0402893 0.844601 8.42038e-08 0.000402077 0.00563915 4.66645e-05 0.0264656 1.18285e-05 0.0261852 0.000841894 0.000222997 1.43627e-07 4.03387e-07 1.02477e-05 0.0552835 
0.0331578 0.0860726 7.98086e-10 2.75326e-06 5.72711e-06 0.000286356 1.27642e-06 0.00145175 0.0241806 9.27614e-07 1.48625e-06 0.000399128 2.07862e-06 8.33875e-09 0.854437 
6.51598e-11 0.996225 6.26617e-11 9.73071e-11 1.37345e-06 1.16917e-06 1.52389e-06 0.000665514 4.55138e-08 0.00253851 0.000562653 2.14834e-08 3.00187e-10 6.54717e-10 4.18877e-06 
0.023378 0.943587 4.1436e-09 1.11592e-06 4.46497e-05 4.08753e-05 0.00357718 0.00109004 0.0249336 0.00156144 0.000357631 0.000256547 5.50156e-05 1.108e-06 0.00111568 
0.17803 0.233875 5.41321e-05 0.00353809 0.000157751 0.000254389 0.000116259 0.39868 0.157454 0.0184499 0.00161007 0.00285725 0.000293997 0.00133714 0.00329151 
9.72581e-10 0.900083 9.35295e-10 0.0988631 6.02773e-09 7.18114e-05 7.33498e-09 0.000241759 0.000263068 0.000412277 2.43773e-09 5.85507e-05 6.7254e-06 9.77237e-09 4.19584e-09 
1.27357e-06 0.880295 5.12883e-10 7.96454e-10 0.000357047 1.22672e-09 0.00445558 0.113122 0.000676973 1.30134e-06 0.000117983 8.74827e-10 0.00039446 5.35882e-09 0.000578105 
0.000812712 0.99497 9.05614e-09 1.40633e-08 0.000198498 2.16606e-08 0.000262853 3.94274e-05 0.00100311 0.000182308 5.66725e-05 1.54471e-08 4.33844e-08 9.46226e-08 0.00247421 
6.36349e-05 0.0199985 3.05915e-11 1.28312e-07 1.97155e-10 8.04933e-07 1.91954e-06 1.58743e-06 3.53028e-05 0.0117683 7.97331e-11 5.42726e-07 1.46552e-10 3.19634e-10 0.968129 
1.57116e-12 2.80813e-12 1.51093e-12 0.0473786 9.73755e-12 0.00622427 1.18494e-11 0.894794 0.00377908 0.0240751 3.93805e-12 0.0144199 0.00932921 1.57869e-11 6.77821e-12 
5.17485e-06 0.85181 1.98408e-09 1.47958e-05 1.27869e-08 0.00120734 1.556e-08 0.00520526 0.0101782 0.126186 5.17127e-09 3.98881e-06 9.50495e-09 2.07306e-08 0.0053894 
0.0192922 0.00561861 1.00904e-08 1.16245e-07 5.62673e-06 0.00151374 1.97764e-05 0.000237341 0.00481328 0.000374608 2.62993e-08 4.42735e-07 4.83389e-08 1.05429e-07 0.968124 
0.00232677 0.00312748 2.77167e-11 0.178424 0.00333228 0.295688 2.90191e-08 0.515276 0.00181835 3.41986e-06 7.22401e-11 2.82485e-06 1.32779e-10 2.89596e-10 9.93892e-07 
3.84294e-07 0.0517889 3.69561e-07 5.7389e-07 2.38173e-06 8.8392e-07 2.89826e-06 0.020045 0.00732919 0.905519 0.00163843 0.00208083 1.77042e-06 0.0115879 1.6579e-06 
5.36056e-07 0.934882 5.15505e-07 6.22526e-05 3.32229e-06 1.23299e-06 0.0138364 0.0444352 0.000478936 0.000331079 1.3436e-06 9.73405e-05 0.00493144 5.38622e-06 0.000932539 
0.0192922 0.00561861 1.00904e-08 1.16245e-07 5.62673e-06 0.00151374 1.97764e-05 0.000237341 0.00481328 0.000374608 2.62993e-08 4.42735e-07 4.83389e-08 1.05429e-07 0.968124 
0.00407281 0.918979 2.09199e-07 3.24865e-07 1.34823e-06 0.0263727 6.64076e-05 0.0057981 0.0444792 0.000165442 5.45252e-07 3.56832e-07 6.03469e-05 2.1858e-06 9.38492e-07 
0.0591194 0.182358 7.00813e-08 0.185088 4.51656e-07 0.00154524 0.0934545 0.135503 0.0529021 0.00210538 0.00109259 0.000126667 4.80749e-06 7.3224e-07 0.286699 
0.325946 1.60282e-06 3.95599e-12 2.19929e-06 2.54953e-11 0.0141218 3.72604e-08 3.08899e-06 6.07688e-06 0.659919 1.03108e-11 5.53383e-08 3.07033e-07 4.13339e-11 1.7747e-11 
5.63645e-05 0.977902 1.02495e-07 1.59164e-07 6.60555e-07 2.45149e-07 7.2412e-05 0.00216421 7.45205e-06 0.000109619 0.000234555 1.74827e-07 2.52794e-05 1.07091e-06 0.0194262 
1.09294e-08 1.95341e-08 1.05104e-08 1.63216e-08 6.7737e-08 2.51389e-08 8.24273e-08 0.911133 0.0143414 0.0745256 2.73942e-08 1.79277e-08 5.03513e-08 1.09818e-07 4.7151e-08 
0.210901 1.78568e-06 8.54725e-13 4.04453e-05 0.000216437 0.000875222 2.32049e-05 0.00308643 0.662321 0.122403 4.07697e-08 0.000131097 4.54547e-08 8.93054e-12 2.54991e-07 
2.72818e-06 0.767695 1.38011e-09 2.14317e-09 1.60189e-05 3.30096e-09 2.38223e-05 0.0754082 0.0618872 0.0763766 4.67981e-06 2.35406e-09 2.97585e-05 2.16444e-05 0.0185343 
0.325946 1.60282e-06 3.95599e-12 2.19929e-06 2.54953e-11 0.0141218 3.72604e-08 3.08899e-06 6.07688e-06 0.659919 1.03108e-11 5.53383e-08 3.07033e-07 4.13339e-11 1.7747e-11 
3.02652e-10 0.915854 2.91049e-10 4.5197e-10 1.87574e-09 6.96134e-10 2.28253e-09 0.0773389 1.75996e-06 1.63125e-06 0.00680148 4.96444e-10 1.3943e-09 3.04101e-09 2.35153e-06 
0.0226594 0.899452 2.67339e-07 4.1515e-07 3.37936e-05 6.64571e-06 0.000641156 0.0469791 0.00124553 0.0146386 6.96787e-07 0.00676541 1.97885e-05 2.79328e-06 0.00755422 
0.0493775 0.622946 7.21434e-12 1.18547e-08 0.0598584 4.36477e-05 0.205948 0.0123183 0.0404519 4.48793e-07 0.000717431 8.35419e-08 7.98088e-08 1.71807e-06 0.00833619 
4.27572e-05 0.437723 2.17544e-09 3.37823e-09 4.48785e-05 5.20324e-09 1.70607e-08 0.225972 1.17518e-05 2.34214e-05 0.0199244 0.000106129 0.00012507 2.27299e-08 0.316026 
0.0493775 0.622946 7.21434e-12 1.18547e-08 0.0598584 4.36477e-05 0.205948 0.0123183 0.0404519 4.48793e-07 0.000717431 8.35419e-08 7.98088e-08 1.71807e-06 0.00833619 
0.0784297 0.222708 1.10679e-06 4.78234e-05 1.98872e-05 0.0156081 0.000118234 0.127739 0.369116 0.114299 0.000296502 0.00413145 0.000160162 0.0312648 0.0360607 
8.27469e-07 0.00979503 1.28433e-08 5.05396e-07 8.27718e-08 3.07187e-08 4.25024e-05 7.2069e-06 0.989646 0.000488133 3.73132e-06 2.19069e-08 6.15272e-08 1.34193e-07 1.5739e-05 
0.227947 0.00241804 2.73764e-14 0.00544867 1.76434e-13 0.10112 3.09679e-07 0.0241577 0.0801327 0.558738 7.13532e-14 3.14061e-06 3.44228e-05 2.8604e-13 1.22814e-13 
3.1342e-09 0.998661 3.01405e-09 4.6805e-09 9.27235e-06 7.8852e-06 1.02898e-05 0.000227368 3.08805e-07 0.000858358 0.000197461 1.49196e-07 1.44391e-08 3.14921e-08 2.82396e-05 
9.42645e-12 0.995737 9.06506e-12 1.40771e-11 5.8422e-11 0.000221293 0.00164316 0.00100717 6.13931e-08 4.12137e-05 0.00135047 1.54623e-11 4.34271e-11 9.47158e-11 4.06669e-11 
2.98104e-10 0.88696 2.86675e-10 7.15851e-05 1.84755e-09 0.0495514 2.24823e-09 0.0102712 0.00674144 0.00428243 0.0158173 4.88984e-10 0.0219844 0.00432044 1.28606e-09 
0.365314 2.28538e-05 5.64065e-11 3.13586e-05 3.63525e-10 0.000167657 5.31278e-07 0.0925375 0.104063 0.437858 1.47017e-10 7.89042e-07 4.37783e-06 5.89359e-10 2.53046e-10 
2.65971e-06 3.43859e-06 7.97091e-10 0.00226822 6.60813e-06 1.90649e-09 6.25113e-09 0.961048 2.55179e-07 4.03606e-05 3.37973e-07 2.70356e-07 0.0365456 8.32836e-09 8.3794e-05 
6.19529e-06 0.000191056 3.13402e-09 4.86681e-09 0.00749347 0.991893 1.72295e-05 5.97686e-05 3.08258e-05 4.32165e-05 0.000115183 1.01622e-05 0.000139644 3.27457e-08 1.40596e-08 
0.828611 0.026651 9.56469e-13 0.0100288 6.3447e-08 0.00299873 2.94046e-08 0.0362495 0.0384269 0.0568602 1.55494e-08 0.000165425 7.98203e-06 9.99361e-12 9.72448e-08 
6.36349e-05 0.0199985 3.05915e-11 1.28312e-07 1.97155e-10 8.04933e-07 1.91954e-06 1.58743e-06 3.53028e-05 0.0117683 7.97331e-11 5.42726e-07 1.46552e-10 3.19634e-10 0.968129 
0.736561 0.0109723 3.7708e-13 0.000203175 3.93061e-08 0.00444521 1.96733e-06 0.00369673 0.0626012 0.181499 9.6328e-09 3.90884e-06 1.55257e-05 3.93989e-12 6.02455e-08 
0.0331578 0.0860726 7.98086e-10 2.75326e-06 5.72711e-06 0.000286356 1.27642e-06 0.00145175 0.0241806 9.27614e-07 1.48625e-06 0.000399128 2.07862e-06 8.33875e-09 0.854437 
3.54959e-09 6.34416e-09 3.41351e-09 5.30083e-09 2.19992e-08 8.32855e-05 2.67702e-08 0.00151326 0.000111176 0.986864 8.8969e-09 0.0114283 1.63528e-08 3.56658e-08 1.53134e-08 
1.14992e-05 0.585754 4.5422e-08 7.05356e-08 1.93414e-05 7.18304e-06 3.56219e-07 0.0059798 0.00112868 1.82719e-05 4.38297e-06 3.03571e-05 2.17599e-07 4.74589e-07 0.407045 
0.00245619 0.28433 3.21748e-09 1.73317e-07 0.000163623 1.3558e-06 0.164331 0.00010357 7.43688e-06 0.000113879 6.47218e-06 5.48807e-09 1.54137e-08 3.05423e-07 0.548486 
0.133893 0.633876 5.61585e-05 0.0135495 0.00652439 0.018821 0.00100501 0.0733473 0.043237 0.00803134 0.000628064 0.0135025 9.55619e-05 0.000129558 0.053303 
0.326816 0.000168822 4.50584e-09 6.9971e-09 2.9039e-08 0.000221764 1.72594e-05 0.463012 0.116722 0.0884803 1.17439e-08 8.62831e-05 0.00440268 4.7079e-08 7.20792e-05 
1.59048e-08 2.84266e-08 1.52951e-08 0.00337514 9.85728e-08 0.00151823 1.19951e-07 0.988179 0.000686802 0.00165789 3.98647e-08 0.00195147 0.00263055 1.5981e-07 6.86155e-08 
0.0265201 0.914558 1.94101e-07 0.000246251 0.000471251 0.00197237 2.96385e-05 0.000356921 0.00614274 0.0493833 7.5622e-05 0.000129852 1.75075e-05 2.02805e-06 9.38746e-05 
0.0549595 0.00387993 2.40747e-06 0.012596 0.000898247 0.0053522 2.73214e-06 0.771679 0.00817902 0.0684107 2.93776e-05 0.000873803 0.000886802 0.0714772 0.000773203 
6.51598e-11 0.996225 6.26617e-11 9.73071e-11 1.37345e-06 1.16917e-06 1.52389e-06 0.000665514 4.55138e-08 0.00253851 0.000562653 2.14834e-08 3.00187e-10 6.54717e-10 4.18877e-06 
0.0856134 0.163347 6.50096e-08 2.14423e-05 0.592213 0.000630768 6.15664e-05 0.0151502 0.00123614 0.139067 3.24596e-05 1.80095e-05 0.00237625 6.79248e-07 0.000232157 
0.706966 0.00519536 1.13299e-13 6.51097e-06 5.13327e-08 0.00150609 9.45597e-05 0.000180498 0.197534 0.000495987 2.27411e-09 0.000132665 5.42772e-13 2.48716e-09 0.0878883 
8.43236e-05 0.964787 8.54061e-08 1.32627e-07 5.5042e-07 0.000440092 6.69791e-07 0.0342827 5.9853e-05 0.000271286 2.22601e-07 1.45678e-07 4.09147e-07 8.92361e-07 7.20394e-05 
0.0200199 0.0108825 5.20896e-09 0.000164214 0.00101386 0.000919475 0.000469826 0.000350919 0.960588 0.00337385 0.000248463 0.000137726 0.000277015 5.44255e-08 0.00155399 
0.0076828 0.00356186 3.6291e-12 3.29125e-07 1.31e-07 5.46855e-07 2.8461e-11 0.951238 0.0167819 0.0185786 9.45881e-12 0.00212792 1.90199e-06 2.57011e-05 3.69584e-07 
6.51598e-11 0.996225 6.26617e-11 9.73071e-11 1.37345e-06 1.16917e-06 1.52389e-06 0.000665514 4.55138e-08 0.00253851 0.000562653 2.14834e-08 3.00187e-10 6.54717e-10 4.18877e-06 
0.325946 1.60282e-06 3.95599e-12 2.19929e-06 2.54953e-11 0.0141218 3.72604e-08 3.08899e-06 6.07688e-06 0.659919 1.03108e-11 5.53383e-08 3.07033e-07 4.13339e-11 1.7747e-11 
4.81052e-08 0.779428 4.6261e-08 7.18385e-08 2.9814e-07 1.10647e-07 3.62798e-07 7.1505e-05 3.84853e-05 5.83617e-05 1.20574e-07 0.219835 2.21618e-07 0.000254791 0.000312914 
6.8138e-05 0.98623 1.004e-06 2.44821e-05 6.47053e-06 2.40138e-06 0.000254798 0.00473929 0.00105049 0.00559477 2.86798e-05 0.00126269 4.80977e-06 1.04903e-05 0.00072161 
0.0249516 0.413964 3.15348e-10 4.89703e-10 5.76469e-07 0.0727829 2.47309e-09 0.166706 0.0206714 0.256279 8.21916e-10 0.0421124 1.51071e-09 3.2949e-09 0.00253225 
0.825234 0.0524926 1.65316e-10 2.10236e-05 0.000826653 0.0186974 1.66596e-05 3.05324e-05 0.0329357 0.0396885 0.000107838 2.27402e-05 7.91962e-10 1.0118e-07 0.0299265 
0.0129061 0.701517 7.89899e-09 0.000123067 0.000119453 9.16499e-07 6.19473e-08 0.26029 0.00123723 0.0187469 3.47438e-05 2.19499e-05 0.00195239 4.06965e-05 0.00300939 
3.60908e-07 0.468271 3.47072e-07 5.38966e-07 0.000756358 0.000192021 2.72188e-06 5.04502e-05 0.000115101 0.000863073 6.15137e-05 0.000120346 0.165472 0.196784 0.16731 
6.51598e-11 0.996225 6.26617e-11 9.73071e-11 1.37345e-06 1.16917e-06 1.52389e-06 0.000665514 4.55138e-08 0.00253851 0.000562653 2.14834e-08 3.00187e-10 6.54717e-10 4.18877e-06 
0.906969 0.00809261 6.63161e-13 0.00185239 4.46281e-08 0.000928238 2.06829e-08 0.00800831 0.0384266 0.0355488 1.09373e-08 0.000165376 7.97378e-06 6.92899e-12 6.84013e-08 
0.119674 1.29156e-05 1.17036e-09 4.20561e-05 2.42124e-05 2.79927e-09 9.17844e-09 0.593285 0.000522201 0.0201293 2.66004e-06 0.00770029 6.04587e-06 1.22284e-08 0.258602 
0.0997418 0.0277261 4.93686e-13 6.35013e-07 1.33662e-08 7.79448e-09 5.61718e-05 0.00064602 0.868041 0.00209895 4.72646e-05 0.00019897 0.000369148 5.15824e-12 0.00107382 
0.00725038 0.79202 1.32491e-07 0.000165745 4.9684e-06 5.71973e-06 0.00311582 0.0580314 0.122534 0.00427684 0.000111752 0.00888039 0.000789203 2.50157e-05 0.00278941 
0.163878 0.195754 1.26663e-12 2.33142e-05 0.00604935 7.83208e-05 0.0711273 0.000613338 0.555165 0.000699711 0.00107949 6.63577e-05 0.000123112 6.92221e-09 0.00534231 
0.000812712 0.99497 9.05614e-09 1.40633e-08 0.000198498 2.16606e-08 0.000262853 3.94274e-05 0.00100311 0.000182308 5.66725e-05 1.54471e-08 4.33844e-08 9.46226e-08 0.00247421 
2.42524e-11 0.00230303 2.33227e-11 0.48335 4.21014e-07 5.02608e-08 1.82906e-10 0.514344 1.76754e-07 4.36829e-07 6.07877e-11 3.97816e-11 1.4079e-06 2.43685e-10 1.04628e-10 
0.247682 1.83195e-05 7.25831e-09 2.51296e-05 4.67779e-08 0.703577 4.82125e-07 3.52848e-05 0.00527898 0.0430012 1.0806e-06 0.000376723 3.54122e-06 7.5838e-08 3.25616e-08 
6.51598e-11 0.996225 6.26617e-11 9.73071e-11 1.37345e-06 1.16917e-06 1.52389e-06 0.000665514 4.55138e-08 0.00253851 0.000562653 2.14834e-08 3.00187e-10 6.54717e-10 4.18877e-06 
6.51598e-11 0.996225 6.26617e-11 9.73071e-11 1.37345e-06 1.16917e-06 1.52389e-06 0.000665514 4.55138e-08 0.00253851 0.000562653 2.14834e-08 3.00187e-10 6.54717e-10 4.18877e-06 
0.000198366 0.994866 3.12673e-08 4.85549e-08 2.0151e-07 7.47855e-08 0.000441627 0.000287356 0.000640264 0.000772381 0.000138622 0.00192537 1.49789e-07 3.26695e-07 0.000729537 
0.00586782 0.910933 2.63529e-10 4.09233e-10 3.73813e-06 1.63944e-06 5.99552e-06 0.0339665 5.22634e-06 3.9837e-06 6.86856e-10 4.49503e-10 5.0511e-06 2.75347e-09 0.049207 
1.74754e-05 0.00725454 3.69365e-11 0.0645089 2.38046e-10 2.54454e-06 6.00554e-07 0.917147 0.0110526 1.77239e-06 9.62706e-11 2.48742e-06 1.25923e-05 3.85929e-10 1.65702e-10 
0.0217573 0.000236914 1.88168e-09 0.000528008 1.21269e-08 0.914226 1.98029e-07 0.00231349 0.00765679 0.0532766 4.90436e-09 5.30867e-07 4.55552e-06 1.96606e-08 8.44142e-09 
0.0498231 0.840021 6.93863e-11 1.0775e-10 9.0714e-07 0.0083726 0.000176621 0.00592728 0.018222 0.0694356 1.80847e-10 1.18353e-10 0.000362156 7.24978e-10 0.00765887 
0.000199717 0.990689 2.0509e-09 3.18483e-09 1.32175e-08 0.00760117 1.6084e-08 0.00103678 0.000410387 4.98141e-06 3.58771e-06 2.98876e-07 2.51819e-06 1.73106e-06 4.97282e-05 
1.32458e-06 2.36741e-06 1.2738e-06 1.97807e-06 8.20928e-06 3.04668e-06 9.98965e-06 0.995693 0.00133596 0.00291262 3.31999e-06 2.17272e-06 6.10225e-06 1.33092e-05 5.7144e-06 
0.139783 0.437934 2.50546e-07 1.19542e-06 0.00616126 0.00253671 0.0906831 0.00138777 0.0434417 5.15861e-05 0.000245394 1.61192e-05 7.2069e-07 5.38996e-07 0.277756 
1.09986e-05 0.969906 9.88405e-10 1.53489e-09 6.37001e-09 6.14897e-06 2.24871e-05 2.54742e-05 1.96022e-05 0.0298978 2.57616e-09 1.68593e-09 1.89449e-05 1.03273e-08 9.22333e-05 
0.00058523 0.033903 5.04676e-06 0.000279131 8.02788e-06 7.07827e-05 2.63486e-05 0.00530321 0.934071 0.0255206 3.67581e-05 4.20704e-05 2.20798e-05 6.71044e-06 0.000120355 
0.000164226 0.952963 1.25433e-07 1.94785e-07 9.84412e-05 3.00012e-07 9.837e-07 0.00493671 4.94528e-05 0.0411826 8.72479e-06 0.000163073 0.000429995 1.31058e-06 5.62707e-07 
6.51598e-11 0.996225 6.26617e-11 9.73071e-11 1.37345e-06 1.16917e-06 1.52389e-06 0.000665514 4.55138e-08 0.00253851 0.000562653 2.14834e-08 3.00187e-10 6.54717e-10 4.18877e-06 
6.22807e-07 0.91756 9.21292e-11 1.44498e-08 0.021221 2.00546e-06 4.33583e-06 0.0612043 1.37407e-06 1.24324e-06 1.12882e-06 5.81597e-07 4.41354e-10 9.62607e-10 3.47214e-06 
4.3727e-06 6.84281e-05 5.15101e-09 0.000225298 0.000592783 6.1554e-06 4.03964e-08 0.0126659 5.60378e-07 0.000158262 7.47441e-07 7.82748e-06 0.829736 0.156532 1.41284e-06 
0.0892655 0.702882 3.75226e-05 0.00903348 0.00645696 0.0125484 0.0013033 0.0541177 0.0668171 0.00535461 0.000667345 0.00900274 0.000242448 8.64281e-05 0.0421845 
0.0249516 0.413964 3.15348e-10 4.89703e-10 5.76469e-07 0.0727829 2.47309e-09 0.166706 0.0206714 0.256279 8.21916e-10 0.0421124 1.51071e-09 3.2949e-09 0.00253225 
1.57116e-12 2.80813e-12 1.51093e-12 0.0473786 9.73755e-12 0.00622427 1.18494e-11 0.894794 0.00377908 0.0240751 3.93805e-12 0.0144199 0.00932921 1.57869e-11 6.77821e-12 
7.90332e-05 0.998485 7.10244e-09 1.10294e-08 4.57734e-08 4.41851e-05 0.000161587 0.000183052 0.000140857 0.000107366 1.85116e-08 1.21147e-08 0.000136133 7.42094e-08 0.000662767 
0.0620599 0.42953 8.78688e-07 1.61201e-05 1.316e-05 0.000824758 0.131054 0.0087745 0.327888 0.0388829 0.000560066 1.59147e-06 5.01711e-05 8.93413e-07 0.000343083 
