0.000115788 0.997544 0.000144319 2.59892e-08 1.07859e-07 0.000210691 8.51403e-05 1.93597e-05 0.000155666 0.000199572 9.36408e-05 7.93779e-05 0.000237533 1.74865e-07 0.00111486 
0.0924623 0.0781273 0.114299 5.38115e-05 0.000118816 0.0176357 0.000383056 0.0113168 0.083115 0.474987 8.69271e-05 0.0924226 0.0168845 0.0032483 0.0148594 
0.00230856 0.012916 0.000588049 2.69781e-06 0.0128113 0.000196978 0.000674602 0.0101619 0.948192 0.00743459 4.52801e-06 0.000965535 0.000692962 0.00304288 7.79364e-06 
0.0591118 0.786933 0.00504875 9.88601e-07 0.00350979 0.000526496 1.30211e-06 0.00492856 0.00632431 0.132298 3.53322e-05 0.00108731 0.000139519 1.7348e-06 5.30242e-05 
0.0574694 0.0052839 0.520904 2.93549e-05 0.00126836 0.00633048 0.00022068 0.0033276 0.299202 0.00713053 3.86471e-05 0.0961502 0.000142181 0.000240771 0.00226156 
0.0285793 0.00382135 0.925515 2.76853e-06 3.53537e-06 5.98865e-05 1.51189e-05 1.87787e-05 0.0403631 0.00052527 0.000133105 0.000794829 9.57509e-05 1.17523e-05 6.00013e-05 
0.0394396 0.17045 0.0525776 5.54913e-07 0.0131672 4.12761e-05 1.88313e-06 0.0189715 0.00972609 0.0133044 3.15781e-05 0.00867221 0.113509 2.86412e-05 0.560078 
0.00406885 0.00134797 0.043848 4.0116e-06 1.66487e-05 6.17876e-06 2.02593e-05 0.00477219 0.000137803 0.944652 6.73305e-06 0.000438658 0.00064186 2.69914e-05 1.1589e-05 
0.0769032 0.288759 0.0229722 0.000289552 0.0181988 0.00115509 0.22647 0.0351861 0.0748943 0.0824429 0.00129304 0.00306085 0.0293823 0.0586068 0.0803859 
0.00747185 0.000190149 0.304065 6.80163e-07 0.000146418 0.00110814 0.000140077 0.000503107 0.00132582 0.0127479 0.0139493 0.161302 0.00154382 0.000283663 0.495222 
5.66563e-05 0.922519 0.062345 4.22196e-08 2.84719e-05 6.50276e-08 1.5236e-05 3.31079e-05 1.45819e-05 0.0148376 2.21814e-05 9.92782e-05 1.30245e-07 2.84068e-07 2.83577e-05 
0.0144541 0.00892738 0.00304141 2.64839e-07 1.04815e-05 0.000713804 1.33749e-06 0.0374711 0.175701 0.00439507 4.83235e-05 0.750989 0.00174147 0.00213797 0.000367022 
0.00424538 0.00175211 0.128511 4.78072e-11 0.000125485 0.0358756 2.41436e-10 0.0091405 0.0764691 0.390061 8.02395e-11 0.168591 0.184994 3.21664e-10 0.000234705 
2.35414e-05 0.992697 0.00301558 8.58027e-08 2.09643e-05 0.000196232 4.3332e-07 7.87074e-05 5.8926e-05 0.000463832 0.00321767 7.70439e-05 7.98321e-06 5.77311e-07 0.000141522 
0.159105 0.0497567 0.112583 2.32113e-11 0.00133023 0.00269035 0.00048942 0.0508561 0.00565385 0.402535 3.89578e-11 0.0120138 0.202874 8.35888e-07 0.000112192 
0.185944 0.635706 2.61595e-07 2.31499e-11 0.00352107 4.39495e-07 0.00208013 0.00334184 0.119003 0.0452739 1.08195e-07 2.84092e-07 0.00191079 1.55761e-10 0.00321765 
0.0022061 2.24493e-06 0.369047 1.8136e-07 4.06177e-05 0.000501535 1.23875e-05 9.79319e-05 0.00109906 0.130494 0.00051654 0.0127178 0.00488211 0.000116314 0.478267 
0.00180788 0.394807 0.248251 0.000309815 0.0423397 0.000395267 0.00224826 0.101955 0.0471516 0.131508 0.000736475 0.0056735 0.00335248 0.00369149 0.0157738 
0.0219352 0.246823 0.1733 2.05385e-05 0.0268782 0.00809325 0.000357904 0.150226 0.0321233 0.195548 2.89102e-05 0.0970719 0.00489912 0.00136916 0.0413252 
3.41486e-06 0.469605 2.23932e-05 1.30726e-09 2.71807e-06 1.21009e-06 6.6019e-09 0.190264 0.0725762 2.37745e-05 2.1941e-09 2.59911e-05 4.03282e-09 8.79569e-09 0.267475 
0.0377713 0.670968 0.16745 5.0966e-10 0.0342751 6.04911e-06 2.4434e-06 0.00476548 0.0110294 0.052113 8.55413e-10 2.27888e-06 2.02062e-06 3.42918e-09 0.0216153 
0.56766 1.02161e-07 0.102558 1.85525e-11 7.69956e-11 2.8575e-11 9.36938e-11 1.80038e-06 0.00393494 0.227148 3.11385e-11 0.0843412 2.86224e-07 0.0143543 3.85942e-07 
0.133807 0.00247286 0.42617 2.46893e-08 4.7494e-05 0.00170493 8.0491e-05 0.00064916 0.00227433 0.0117581 0.000534223 0.408705 1.07132e-05 2.69493e-05 0.0117589 
0.0383118 0.0966971 0.33295 1.49848e-10 0.000696824 3.0518e-05 9.53377e-07 0.00356731 0.0323509 0.449475 3.23742e-07 0.0039389 0.00044624 0.0408097 0.000724265 
0.0165252 0.0850041 4.36733e-08 8.32864e-12 0.000689815 0.0338391 1.55031e-07 0.00027898 0.0193419 0.836493 5.80374e-08 2.72633e-07 0.00027473 5.60381e-11 0.00755287 
0.00102845 0.013988 0.100655 1.28136e-07 0.000328179 0.000243114 6.06847e-06 0.00797961 0.10252 0.718557 3.98535e-05 0.00425691 0.00148378 8.62147e-07 0.0489129 
0.185837 5.44001e-05 0.288425 5.88009e-10 2.07451e-05 2.18274e-05 1.19079e-06 0.0841342 1.80129e-06 0.377758 9.86914e-10 0.0637043 4.71814e-06 3.95634e-09 3.72027e-05 
0.0346237 0.0340648 0.863098 1.08507e-07 0.00881114 1.69928e-06 7.00217e-07 0.00722958 0.00185876 0.00458834 7.44737e-05 0.0336118 0.00024227 1.21609e-07 0.0117941 
0.610087 0.185102 0.0369095 1.15569e-05 0.00160954 0.000443467 0.0184249 0.00803566 0.104112 0.014223 0.000478239 0.0194824 1.4511e-05 2.27525e-05 0.00104338 
0.00457638 0.0209236 0.00270371 1.32443e-07 0.00137469 2.03992e-07 6.68863e-07 0.00242206 0.0177801 0.0040312 0.000422578 0.0038698 0.0028196 8.91124e-07 0.939074 
0.0166587 0.141005 0.00943223 5.30317e-12 0.0013557 0.0726655 6.3046e-05 0.00878852 0.109835 0.577342 0.000644845 0.00890346 0.00203866 3.56816e-11 0.0512673 
0.0152848 0.348656 0.300029 1.11549e-07 0.043997 0.00313624 0.00141273 0.0728713 0.0645773 0.0145554 0.000137755 0.0459973 0.00870933 4.02047e-07 0.080636 
7.89566e-05 0.996631 0.000396251 8.60599e-09 3.57161e-08 1.32552e-08 4.35054e-05 0.00019644 0.000350712 0.000856107 1.44443e-08 0.000129514 2.6549e-08 5.79042e-08 0.00131769 
0.140827 0.621673 0.0134391 3.60282e-08 0.0524288 0.00137796 0.000420938 0.00236425 0.121613 0.0156476 0.000375889 0.000899221 0.000398165 1.27309e-07 0.0285352 
0.000424879 7.62751e-05 0.0436044 1.93777e-07 8.04203e-07 2.98461e-07 9.78613e-07 0.000203562 0.0078406 0.000155377 3.25236e-07 8.46643e-05 0.000273198 1.3038e-06 0.947333 
0.000259855 0.956961 0.0360184 9.72407e-07 4.03563e-06 1.49773e-06 4.91085e-06 0.000251154 7.85989e-05 0.000128934 1.63209e-06 0.00627704 2.99982e-06 6.5427e-06 2.80916e-06 
0.0984312 0.0804441 0.118654 1.80084e-08 0.00192975 0.000261857 0.000825148 0.0339615 0.0106752 0.0798959 1.95425e-07 0.0591108 0.00282276 8.83422e-05 0.512899 
0.0092853 0.759726 0.00807863 1.31022e-08 0.00940144 2.01803e-08 0.000606276 0.0236166 0.0469001 0.140688 2.19907e-08 3.61439e-05 1.60551e-05 8.81562e-08 0.00164533 
0.134977 0.741963 0.0364174 1.01619e-06 5.51529e-06 0.000189767 6.68207e-06 0.027203 0.0176144 0.00528617 2.01009e-05 0.00845156 0.00872862 6.08874e-06 0.0191301 
0.0523801 0.45345 0.0309459 3.90864e-06 0.000260091 0.00559138 6.07222e-05 0.141792 0.111415 0.0989212 0.00153608 0.0472761 0.0460669 8.49326e-06 0.0102916 
0.265323 0.0336316 0.281911 1.47563e-10 6.12406e-10 2.27279e-10 7.4522e-10 0.0967361 5.55385e-06 8.58335e-06 2.47669e-10 0.00420602 1.50683e-05 9.92854e-10 0.318163 
0.0517446 0.00256372 0.0760603 1.15553e-09 6.6422e-05 0.00191501 5.83567e-09 0.0692899 0.0189371 0.76701 1.02392e-05 0.00868892 0.000513551 7.36161e-05 0.00312686 
0.000454758 0.0260367 0.0502994 1.62742e-07 6.75403e-07 2.50659e-07 8.21879e-07 0.00024024 0.0195741 0.000559495 2.73146e-07 0.00013276 0.0056081 1.09499e-06 0.897091 
0.198529 0.246874 0.0575913 6.85788e-10 0.00133536 0.059402 3.35295e-06 0.0862183 0.122504 0.117229 4.11467e-06 4.66877e-05 0.0285887 1.15871e-06 0.081673 
0.112961 0.338473 0.052055 4.37535e-08 5.04503e-05 6.91782e-05 2.20964e-07 0.0459028 0.00102795 0.018132 1.85034e-06 0.0570101 0.195868 0.154788 0.023661 
0.012318 0.0165071 0.0136656 1.33665e-10 0.0179794 7.64442e-07 5.71793e-05 0.136656 0.0212111 0.0519821 2.79462e-07 0.000304011 0.729318 8.99344e-10 3.8614e-10 
0.107541 0.222811 0.14317 3.02841e-06 0.00131696 7.00676e-06 3.96526e-06 0.168826 0.0515148 0.0747669 9.17619e-06 0.00432987 0.0114761 3.92314e-05 0.214184 
0.0166587 0.141005 0.00943223 5.30317e-12 0.0013557 0.0726655 6.3046e-05 0.00878852 0.109835 0.577342 0.000644845 0.00890346 0.00203866 3.56816e-11 0.0512673 
0.0110206 0.0560173 0.0950525 8.0892e-08 1.7187e-06 0.00359231 0.000270366 0.0197376 0.0146329 0.041856 3.55278e-06 0.339317 0.00138302 6.59769e-06 0.417109 
0.0994265 0.0365515 1.12949e-05 1.22998e-10 8.7947e-08 2.24323e-06 1.48516e-07 0.000529973 0.719486 0.139764 3.35445e-05 0.00242767 3.79443e-10 5.44638e-08 0.0017673 
0.0108969 0.345684 0.00561698 6.23265e-06 0.00119905 0.000127981 2.16741e-05 0.0917533 0.021255 0.00531895 8.79959e-05 0.0184589 0.408273 1.33937e-05 0.0912864 
0.000745601 0.96631 0.00438292 2.81654e-08 9.37919e-08 0.00277916 0.000136543 0.00695329 0.00629944 0.00622382 0.00399841 1.22094e-07 0.000390029 4.58557e-08 0.00178036 
4.03017e-05 0.785569 0.000208793 1.11638e-08 4.63314e-08 0.000625946 6.41648e-06 0.0934901 0.0285687 0.0755626 2.87228e-06 0.00287375 0.000151973 6.54979e-05 0.0128343 
0.0240929 0.226574 0.0938983 8.8085e-11 1.24204e-06 0.0102854 9.16754e-07 0.0911365 0.164454 0.297878 8.32969e-05 0.0270162 0.000513697 5.92668e-10 0.0640651 
0.00545511 0.925281 0.0465347 3.34197e-07 0.000273006 0.00111009 8.19595e-07 0.00238196 0.00621599 0.00674812 0.000400915 0.00107775 0.000212505 6.54266e-07 0.00430729 
0.00621213 0.00187174 0.76288 1.85411e-07 3.99369e-05 0.000172725 3.63077e-06 0.00174644 0.00573059 0.0089123 8.17424e-07 0.0213143 0.00213318 0.186185 0.00279635 
0.0484144 0.688133 0.000110399 2.49939e-08 1.03728e-07 1.27114e-05 0.000345535 0.0021132 0.000228465 0.223 4.75132e-05 0.0375684 1.51482e-05 1.05483e-05 7.22042e-08 
0.00421221 0.021478 0.113643 6.17538e-10 0.00521126 0.000292643 3.11869e-09 0.0917469 0.13535 0.167118 2.58802e-06 0.437573 0.00803142 4.15501e-09 0.0153401 
0.00739538 0.032698 0.0848036 5.48405e-10 0.0488542 1.9567e-06 0.00160187 0.082007 0.0127314 0.0875702 7.15554e-07 0.000183697 0.642136 3.15394e-06 1.31216e-05 
0.0193059 0.00453298 0.291811 3.54503e-07 2.32938e-06 1.6972e-05 4.52813e-06 0.00519229 0.288726 0.0452016 3.43318e-06 0.0808811 0.0130673 0.248845 0.00240939 
0.00663224 0.0155619 0.00907933 1.74063e-07 0.00469624 0.00780186 8.79051e-07 0.019362 0.00176213 0.00557902 0.000964374 0.0170162 0.905759 1.17116e-06 0.00578321 
0.000205287 0.000176249 0.000501126 4.59851e-08 8.7473e-05 0.000905205 2.32234e-07 4.91748e-05 0.000255024 0.000690567 7.71814e-08 0.000235305 0.038546 3.09404e-07 0.958348 
0.0133406 0.0199647 0.814916 8.77017e-05 0.000877383 0.000219496 0.00010549 0.110184 0.00309561 0.028898 0.000170853 0.00729061 0.000104327 0.000340731 0.00040415 
0.00151525 0.00219933 0.000819546 2.91222e-08 0.00107578 0.00107656 1.47073e-07 0.000406884 0.985783 0.00308231 0.000263993 0.00135952 0.00031453 1.95944e-07 0.00210333 
0.101938 0.129376 0.521493 2.25114e-10 1.0329e-05 3.46726e-10 1.13687e-09 0.00439009 0.0179967 0.118984 3.77831e-10 0.0685927 0.0339217 1.51465e-09 0.00329745 
0.0224974 0.0164966 0.449504 1.61445e-07 9.81603e-06 6.59242e-07 0.00113356 0.000513849 0.000203628 0.0987446 4.68546e-06 0.0534552 0.00645889 0.345381 0.00559532 
0.000461022 0.000206007 0.996549 1.24722e-08 0.000289915 1.9402e-06 6.29868e-08 9.04604e-05 0.000471359 0.00099375 7.74738e-05 0.000689097 3.84759e-08 8.39171e-08 0.000169379 
0.0260586 0.936692 0.000266859 4.47339e-08 1.85652e-07 8.68617e-06 0.00014214 0.0155229 2.99982e-06 0.012549 0.000203382 4.91359e-08 0.00829135 3.00986e-07 0.000261079 
0.0634561 0.384021 0.0048505 4.07085e-08 2.60766e-05 0.00410422 9.20712e-05 0.207359 0.0361295 0.287776 0.000282737 0.00797234 0.00325011 0.000555212 0.000125208 
0.0359662 0.884551 0.00203753 1.46826e-06 6.76966e-05 0.0097805 0.000265556 0.0181554 0.000504144 0.00289324 3.66679e-06 6.16215e-05 0.00294501 0.0391832 0.00358389 
0.0492062 0.02495 0.0237051 2.96553e-06 6.81621e-05 1.67053e-05 0.000628242 0.0243074 0.0393295 0.012665 9.22758e-05 0.775759 0.00373698 4.21143e-05 0.0454904 
0.0131139 0.00122068 0.171722 5.04105e-09 1.19087e-06 0.000891034 2.70872e-07 0.0181414 0.0278091 0.0288058 0.000359497 0.0927733 0.0356379 0.00728073 0.602243 
0.00454307 0.59488 0.0147804 1.806e-07 2.844e-07 2.6647e-05 0.000193795 0.138271 0.0489369 0.122746 2.28452e-07 0.0157695 0.0562877 2.85094e-05 0.00353616 
0.174237 0.0175014 0.0161149 0.000135971 0.000428669 0.0695012 0.00019855 0.00689244 0.137205 0.0684545 0.494301 0.0130841 0.000552436 0.000272052 0.00112166 
0.0130114 0.000488738 0.769702 8.79404e-09 0.0571015 0.00100035 0.000522355 0.00150985 0.11959 3.87181e-08 9.62542e-06 0.03647 0.000594398 9.25284e-09 1.18215e-08 
0.00987547 0.00567491 0.489584 1.87372e-06 9.04978e-05 0.000510995 0.0169939 0.00216118 0.00305047 0.0773585 0.00809281 0.0384109 0.00745442 3.02321e-05 0.34071 
0.0514492 0.0725883 0.338224 0.000282194 0.00586638 0.0736452 0.00274579 0.0229668 0.0318625 0.11493 0.0188246 0.0774969 0.00343837 0.00215296 0.183526 
0.0722832 0.270661 0.196123 6.75968e-08 0.000285077 0.0126366 2.22358e-05 0.10303 0.0435128 0.16055 0.00056979 0.0545413 0.00168396 0.0727606 0.0113405 
0.00839671 6.37138e-05 0.000991172 2.20793e-12 9.16322e-12 3.40071e-12 1.11505e-11 0.000358013 0.952523 0.0375476 2.50728e-09 0.000119637 6.81134e-12 1.48557e-11 5.1435e-10 
0.000605818 0.000108464 0.000808175 3.80767e-09 1.58024e-08 5.86467e-09 1.92295e-08 0.000290217 0.00014331 0.000221483 6.39079e-09 0.000120456 0.000388818 2.56194e-08 0.997313 
0.00109566 0.529339 0.0824087 5.98859e-07 1.47587e-06 0.000260501 1.03494e-06 0.0373609 0.0156591 0.197681 0.000165469 0.00740744 0.00337706 0.0125938 0.112648 
0.265323 0.0336316 0.281911 1.47563e-10 6.12406e-10 2.27279e-10 7.4522e-10 0.0967361 5.55385e-06 8.58335e-06 2.47669e-10 0.00420602 1.50683e-05 9.92854e-10 0.318163 
0.004253 0.116574 0.773149 2.39147e-10 0.000287477 0.0634327 8.57397e-07 0.00310428 0.0118324 0.00498341 1.11271e-06 0.000648255 0.0016305 1.60906e-09 0.0201027 
0.0353431 0.904531 0.000273367 5.58014e-08 2.06463e-05 8.44815e-06 3.13346e-05 0.000661847 0.039687 0.000361094 5.11623e-06 0.0165202 4.62432e-05 3.15063e-05 0.00247922 
0.0559672 0.469565 0.0615105 5.49101e-05 0.00327122 0.00229851 0.0224776 0.0500718 0.0900842 0.20436 0.000169429 0.00914318 0.00542955 0.000383376 0.0252139 
0.128485 0.000134951 0.0147021 6.9583e-08 2.88779e-07 0.0348463 3.51408e-07 0.00145403 0.000189738 0.804335 2.89301e-05 0.0150507 0.000772493 4.68179e-07 2.01016e-07 
0.0994265 0.0365515 1.12949e-05 1.22998e-10 8.7947e-08 2.24323e-06 1.48516e-07 0.000529973 0.719486 0.139764 3.35445e-05 0.00242767 3.79443e-10 5.44638e-08 0.0017673 
0.0565056 0.574394 0.00476346 0.000166575 0.00076036 0.0182636 0.000171565 0.192072 0.00385432 0.0161058 0.00120253 0.0899514 0.00526475 0.000323267 0.0362002 
0.0110676 0.517599 0.0578832 7.24458e-11 0.0569242 0.000882757 3.83084e-07 0.0912001 0.0110429 0.245846 1.21593e-10 5.08918e-06 8.33083e-07 4.87441e-10 0.00754783 
0.00553846 0.00453674 0.12039 1.68456e-07 2.78716e-06 0.0461095 7.6458e-05 0.00351148 0.000116941 0.075704 0.0137561 0.0648525 0.003268 0.000561532 0.661575 
0.239059 0.639083 0.0505228 9.61903e-08 3.99204e-07 0.00193532 4.8578e-07 0.00789078 0.00310406 0.0437166 1.61446e-07 0.00719129 0.00602154 6.47203e-07 0.00147368 
0.00802087 0.0293374 0.279372 6.14887e-07 0.459679 0.00715315 0.00864968 0.0674788 0.00729491 0.0500036 1.10863e-05 0.0568493 0.00998035 1.83894e-06 0.0161674 
0.0364439 0.0100107 0.336883 1.33049e-07 0.00102369 0.000191358 3.5104e-05 0.0827259 0.0096297 0.289101 1.09187e-06 0.206194 0.0097572 4.40138e-07 0.0180035 
6.92763e-07 0.998787 4.12716e-07 9.15448e-11 6.08258e-07 1.41e-10 4.62319e-10 8.63561e-07 6.46366e-07 1.26102e-07 0.00085845 8.44747e-07 8.50055e-08 6.15946e-10 0.000350065 
0.00353823 0.657812 0.0250846 3.67053e-05 0.00440784 0.000391907 4.94452e-05 0.103061 0.116055 0.063501 8.51855e-05 0.00598097 0.00549238 0.000606126 0.0138978 
0.123329 0.0697896 0.000210646 8.37415e-09 0.280163 6.33182e-06 0.00265733 0.000781021 0.500789 3.01209e-08 0.00014123 0.000489163 0.000228038 3.51678e-08 0.0214154 
0.0514124 1.21285e-05 7.54548e-06 1.26673e-10 0.0270923 1.09278e-06 9.60224e-07 0.245288 1.1114e-06 0.525916 2.12607e-10 0.015684 6.64712e-07 8.52299e-10 0.134584 
0.011156 0.594994 0.00739472 1.49836e-05 0.000473082 0.0297354 1.54193e-05 0.128878 0.0230808 0.100179 8.14622e-05 0.00266625 0.00230356 2.8768e-05 0.0989978 
1.42628e-06 0.349545 0.0285726 7.65615e-08 7.61284e-06 0.000792815 1.48361e-06 0.112294 1.29883e-05 0.396728 0.000149894 0.0936852 0.0124122 0.00106129 0.00473477 
0.000146812 0.609736 0.151813 1.25206e-07 0.017337 0.00144658 0.000364229 0.0266618 0.000140167 0.134303 2.10146e-07 0.00075749 0.000952262 0.0275938 0.0287481 
0.769575 0.00253358 0.0118139 9.04355e-07 2.75358e-05 0.000507011 0.00220203 0.0066023 0.000645851 0.00333212 8.31004e-06 0.193862 2.33087e-05 2.77878e-06 0.00886377 
0.230288 0.634097 0.0151306 1.89534e-08 1.2627e-05 9.77231e-05 9.57184e-08 0.0243897 0.0134994 0.0380413 0.000836704 0.0239845 3.19877e-05 1.27525e-07 0.0195898 
0.0832087 0.0141875 0.0691378 3.2301e-05 0.000289618 0.000340903 0.000503281 0.0279604 0.0197668 0.191371 0.00034906 0.0339747 0.00113408 0.383008 0.174736 
1.84768e-05 9.18875e-06 6.78216e-06 3.28089e-10 1.36162e-09 5.05331e-10 1.65691e-09 0.549107 0.00811285 0.442725 1.43228e-06 3.27976e-06 1.06284e-05 2.2075e-09 5.97211e-06 
0.00962163 0.000264609 0.238939 1.408e-07 9.77491e-05 0.00159204 5.70629e-05 1.95579e-07 7.14628e-07 0.0197918 0.0164501 0.181309 0.001571 0.000392755 0.529912 
0.168026 0.00165899 0.166904 9.81521e-08 0.000166399 0.000755543 0.0106993 0.00126429 0.0057197 0.144435 7.51101e-06 0.481392 0.00111172 0.00428574 0.0135738 
0.000239446 0.835823 3.91326e-07 1.85378e-09 0.000404589 2.85523e-09 9.36193e-09 0.127732 0.000382893 0.0203465 1.17203e-06 2.03619e-09 2.60653e-06 0.000123921 0.0149439 
0.556427 0.0719667 0.12029 1.0445e-06 0.000853908 0.0300254 0.00445055 0.0133425 0.170882 0.00879154 0.000215797 0.00942623 0.000404508 7.86075e-06 0.0129161 
0.00646097 0.402265 0.118888 1.96833e-08 0.00443877 0.000215763 9.94043e-08 0.293525 0.00246098 0.049599 0.00334694 0.00826258 0.000114213 1.32436e-07 0.110423 
2.73734e-05 0.522569 0.0802212 2.32392e-07 0.00736247 0.00156019 6.8219e-07 0.208167 0.113162 0.0156528 3.52926e-07 0.00255603 0.000674979 0.00590383 0.0421419 
0.00474658 0.0289016 0.0237314 7.72274e-05 0.000295794 0.0125501 0.00103918 0.843299 0.00394483 0.00958495 0.000414938 0.014921 0.0549756 0.00140228 0.000115748 
0.00222493 0.993277 0.000527167 9.0124e-08 3.74028e-07 1.38811e-07 5.82707e-05 0.000261351 0.000466579 0.00113888 0.000119192 0.000172373 2.78028e-07 6.06387e-07 0.00175309 
0.0001335 0.99733 0.00122143 3.61098e-07 1.49861e-06 0.000188415 0.00014771 0.000142974 0.000133487 0.000611206 6.06067e-07 3.96631e-07 1.11397e-06 2.4296e-06 8.44947e-05 
0.135904 0.032724 0.538714 0.000275955 0.0225246 0.0104639 0.00321072 0.0252613 0.0477681 0.124182 0.00318144 0.0410829 0.00384635 0.00149826 0.0093624 
7.16058e-05 0.978197 0.00840106 4.91624e-09 1.31201e-06 2.30339e-06 0.000230038 0.00315104 0.00106711 0.00186413 1.30038e-06 1.43353e-05 2.00798e-05 3.30782e-08 0.00697824 
0.0165159 0.000658301 0.124816 1.09009e-11 4.45898e-07 1.86167e-07 8.24058e-08 0.0022364 0.0502294 0.476776 1.82961e-11 0.326516 3.36288e-11 4.29089e-07 0.00225109 
1.42628e-06 0.349545 0.0285726 7.65615e-08 7.61284e-06 0.000792815 1.48361e-06 0.112294 1.29883e-05 0.396728 0.000149894 0.0936852 0.0124122 0.00106129 0.00473477 
0.0562131 0.0509236 0.648304 0.000430586 0.000909873 0.00360073 0.00079388 0.0275711 0.0218157 0.119885 0.00115105 0.0241297 0.0388726 0.000529291 0.00486976 
0.00181691 0.0292729 0.00143471 7.95668e-08 0.153946 1.22551e-07 4.01828e-07 0.00146924 0.00234619 0.00060831 0.00132223 0.000585644 0.00159573 5.35354e-07 0.805601 
2.31914e-06 0.231541 0.0199058 1.49023e-11 0.0010461 0.0533195 7.52595e-11 0.0905465 0.432369 0.140316 2.95167e-07 0.0200406 2.48298e-07 1.00268e-10 0.0109135 
0.00921348 0.0765296 0.0279741 3.58103e-10 7.62367e-07 0.000242813 1.80849e-09 0.168652 2.06872e-06 0.515906 0.000196345 0.00240725 0.0137669 0.164503 0.0206052 
0.0134403 0.75322 0.0727844 4.46928e-05 0.00541555 0.00403308 0.036825 0.0503736 0.00881956 0.0368753 0.000833656 0.0111976 0.000233826 7.32656e-05 0.00583031 
0.237908 0.374207 0.00584553 1.65109e-10 3.01226e-07 0.00209532 0.00022931 0.0114025 0.1145 0.0872873 3.60888e-08 0.0605534 0.0014281 1.11091e-09 0.104542 
0.128999 0.110028 0.187231 3.11191e-08 0.0144898 1.05972e-06 4.16048e-07 0.117278 0.0773011 0.195136 1.86494e-05 0.0911563 0.0566113 2.14582e-05 0.021727 
4.3532e-07 0.916446 2.49889e-06 6.56591e-11 0.00322645 0.0134 3.31591e-10 0.0354949 0.0196586 3.78805e-06 1.31151e-06 3.38972e-06 0.00287778 4.41778e-10 0.0088846 
0.0464166 0.692655 0.0365321 2.99451e-05 0.00178979 0.000557645 6.89591e-05 0.0812237 0.000722503 0.0153977 0.0855081 0.000405604 0.032005 0.00510728 0.00158055 
0.0598953 0.68553 0.0108104 9.56323e-05 0.000918821 0.00236772 0.134704 0.0125078 0.0605206 0.00416891 0.000720255 0.015119 0.00129364 0.000424399 0.0109235 
0.000154603 0.00189044 0.000884123 1.07125e-06 0.935196 0.000330577 5.41002e-06 0.00404713 0.000493419 0.00133971 1.79798e-06 0.00119954 0.0033833 7.20775e-06 0.0510656 
0.0230698 9.01548e-05 0.0113344 1.88122e-08 0.000773771 0.0434439 0.000791557 0.0102251 0.116774 0.607894 1.8991e-06 0.151599 0.0335683 8.61718e-05 0.000348058 
0.0136093 1.92062e-06 0.111175 1.25245e-06 4.94204e-06 0.00480682 6.67982e-05 0.000104011 0.0159451 0.00476859 5.44172e-06 0.849058 0.000115645 0.00017597 0.000161504 
0.0187355 0.0557919 0.0357317 4.29217e-08 0.000122911 0.000211787 2.16763e-07 0.0187944 1.57041e-05 0.0123877 7.20398e-08 0.0464773 0.00406212 0.767041 0.0406278 
0.00762647 0.00137136 0.476269 3.92484e-05 0.0187018 0.0325217 4.76805e-05 0.00727417 0.0412178 0.271065 0.000385275 0.141461 0.000482256 0.000152833 0.00138453 
0.0888158 0.03218 0.0528289 1.67169e-07 6.93776e-07 1.23266e-05 3.22542e-05 0.0141038 0.0289189 0.0491249 2.10225e-05 0.729275 0.00176717 0.000481248 0.00243752 
0.0954807 0.246798 0.562702 3.62064e-09 7.92473e-08 0.00586368 0.0262424 0.00301622 0.052942 3.00359e-08 0.0052231 0.00172622 1.98237e-08 5.53343e-06 5.69929e-08 
0.0474309 0.361571 0.0751818 6.86055e-09 0.00359823 0.00526292 1.19656e-05 0.354418 0.0489476 0.0738522 0.000667394 0.000188763 0.0288664 4.61602e-08 3.00194e-06 
0.00245071 0.179586 0.296906 4.06632e-07 0.120421 0.00405181 2.05357e-06 0.386528 0.000154987 0.000222422 1.22481e-05 0.00655563 0.00227301 4.91002e-05 0.000787238 
0.0780227 0.00780288 0.0837493 7.28406e-09 3.02299e-08 1.12191e-08 3.67859e-08 0.114249 0.00540089 0.10425 1.22256e-08 0.593533 0.000317581 4.90098e-08 0.012674 
0.0128733 0.0800741 0.000936736 3.59854e-07 3.08396e-05 5.54256e-07 1.81733e-06 0.00535307 0.178189 0.0263311 6.03978e-07 0.000851565 0.0241148 0.666335 0.00490743 
0.225582 0.040211 0.26009 8.68974e-09 0.0243791 6.78683e-07 1.99642e-05 0.0594759 0.296332 0.0821205 7.68623e-05 0.000286541 0.0034605 2.0511e-06 0.00796328 
6.9812e-06 0.975172 0.00766928 1.71224e-09 7.10602e-09 0.00155699 8.64713e-09 0.0032775 0.00793926 0.000109688 1.86904e-06 0.000198541 6.91123e-05 4.21866e-05 0.00395689 
0.0780227 0.00780288 0.0837493 7.28406e-09 3.02299e-08 1.12191e-08 3.67859e-08 0.114249 0.00540089 0.10425 1.22256e-08 0.593533 0.000317581 4.90098e-08 0.012674 
0.00081913 0.127833 0.0148777 1.71879e-08 7.13322e-08 0.000113259 8.68022e-08 0.0255403 0.00320427 0.0403831 0.000436969 1.88792e-08 0.000299296 1.15646e-07 0.786492 
0.000605818 0.000108464 0.000808175 3.80767e-09 1.58024e-08 5.86467e-09 1.92295e-08 0.000290217 0.00014331 0.000221483 6.39079e-09 0.000120456 0.000388818 2.56194e-08 0.997313 
0.0984981 0.426575 0.0144072 5.10341e-08 6.31781e-05 2.13957e-05 0.202819 0.14279 6.21135e-07 0.046781 1.6389e-06 6.64668e-05 2.87818e-05 3.43376e-07 0.0679471 
0.00553096 0.00273713 0.0378699 4.60267e-08 1.91017e-07 6.49963e-06 1.58137e-05 0.0307018 0.000616971 0.0272504 0.86061 0.00825873 0.00232551 3.71374e-06 0.0240725 
0.00170349 0.0518519 0.0919578 1.27915e-06 0.000205702 2.46282e-05 0.00130855 0.125714 0.0571428 0.494532 2.31233e-05 0.02298 0.000820589 1.43967e-05 0.151719 
0.0685425 0.0102594 0.301259 0.000669451 0.0010041 0.0434526 0.0069392 0.0211418 0.117369 0.120681 0.0123102 0.128445 0.00944121 0.00195133 0.156534 
0.811531 0.00115564 0.00243863 1.2415e-07 2.97292e-07 0.0195389 0.010163 0.0107942 0.0360868 0.0971723 2.80207e-05 0.00966166 1.98575e-07 4.51254e-07 0.00142876 
0.832673 0.0501518 0.000112539 2.41508e-07 1.47922e-06 1.3285e-06 7.03783e-07 0.00801102 0.1033 0.00513613 1.97501e-05 0.000567649 1.88288e-05 3.85293e-06 2.24694e-06 
0.00130814 0.115597 0.0616308 7.2101e-07 0.619858 1.10595e-05 8.56488e-07 0.0718876 0.0191921 0.0600643 0.000251029 0.00876826 0.0147524 1.1411e-06 0.0266763 
0.72766 2.32184e-05 0.000105367 5.88801e-09 2.44361e-08 0.0563557 8.26473e-06 3.01663e-05 0.0886605 0.0895711 0.0222951 0.014993 0.00011957 3.96167e-08 0.00017812 
0.0022061 2.24493e-06 0.369047 1.8136e-07 4.06177e-05 0.000501535 1.23875e-05 9.79319e-05 0.00109906 0.130494 0.00051654 0.0127178 0.00488211 0.000116314 0.478267 
0.0419238 0.516036 0.12267 9.56645e-11 3.97021e-10 7.98738e-06 2.76073e-07 0.0970096 0.0414168 0.037558 1.60563e-10 0.107547 1.55361e-06 6.43665e-10 0.0358282 
0.0730597 0.788716 4.11465e-06 1.81518e-10 4.29472e-06 0.0246098 9.16703e-10 0.033343 4.15184e-05 0.0798034 7.61955e-07 0.000416825 5.59974e-10 8.56143e-07 5.24383e-10 
1.13494e-07 0.810757 2.42522e-07 2.35367e-11 0.0121824 7.97904e-08 2.73509e-07 0.0924616 0.0101161 0.0731768 1.50155e-07 3.98159e-07 0.00130322 1.25123e-06 1.63255e-07 
0.0236827 0.681099 0.0364397 0.000982731 0.00229342 0.0249212 0.0480002 0.0464896 0.0217827 0.00713596 0.0484866 0.0198007 0.00721402 0.0301096 0.00156184 
0.00123154 0.00315649 0.0579058 4.72846e-11 0.0487348 0.00146736 6.908e-06 0.0438819 0.0160803 0.00132452 5.15622e-05 0.00797065 0.818187 2.94895e-07 1.19153e-06 
0.00990148 0.136427 0.0121257 7.03501e-06 0.0192709 0.00145857 2.23052e-05 0.576335 0.0619681 0.141244 0.000142361 0.00528255 0.0199653 0.0044628 0.0113869 
0.18384 0.425722 0.0334954 3.56161e-06 0.000522334 0.00119652 0.0147513 0.0727422 0.102399 0.111052 0.000127699 0.00605264 0.000474742 0.0191676 0.0284531 
0.0626999 0.0289387 0.659131 3.34392e-06 0.00033024 0.000429148 7.75881e-06 0.00217705 0.0534065 0.164872 1.32622e-05 0.0225818 0.00017656 0.000134049 0.00509894 
0.00100979 0.125568 5.01833e-06 3.21866e-09 1.42379e-05 0.265829 6.45333e-05 0.185843 0.0047965 0.389078 1.23038e-06 0.0270076 1.2506e-05 2.16563e-08 0.000770321 
0.000384136 0.202187 0.018569 3.1066e-08 0.0031847 0.00261117 0.0129402 0.154512 8.47493e-07 0.0979755 0.000202106 4.25025e-07 0.0434665 0.000419155 0.463547 
0.218799 0.0002792 0.0345853 3.29906e-08 0.000431574 0.011072 5.84134e-08 0.115626 0.00580237 0.282862 5.9492e-06 0.0113597 0.318561 0.000237104 0.000379255 
0.832673 0.0501518 0.000112539 2.41508e-07 1.47922e-06 1.3285e-06 7.03783e-07 0.00801102 0.1033 0.00513613 1.97501e-05 0.000567649 1.88288e-05 3.85293e-06 2.24694e-06 
0.441043 0.000757089 0.0149301 9.4311e-10 6.54528e-05 1.61149e-07 0.0136465 0.00371672 3.69433e-07 0.00626847 6.10234e-06 0.513107 2.3799e-07 6.34558e-09 0.00645932 
0.334988 1.06464e-05 0.200743 1.13404e-11 7.60298e-05 0.13732 5.72714e-11 1.9579e-08 0.0326976 0.111179 4.33637e-08 0.182271 0.000666537 2.75489e-09 4.76699e-05 
0.0807537 0.435312 0.204535 1.2176e-07 3.96716e-05 6.68398e-07 0.0102669 0.0264002 0.0299731 0.0320442 5.89708e-05 0.144345 0.00804807 0.000346691 0.0278751 
0.0122281 0.445477 0.0723983 3.3402e-05 0.00173601 0.000294419 0.00018741 0.0853639 0.069786 0.122547 8.74325e-05 0.00934595 0.0759959 0.00919057 0.095329 
0.0510821 1.09999e-08 0.724211 9.19093e-09 3.39906e-05 3.38021e-06 0.00118825 8.17704e-05 0.0740235 0.101886 1.66545e-06 0.0391982 0.00828543 3.97435e-06 2.65514e-08 
0.0795105 0.0251824 0.769705 3.74595e-05 0.000144442 0.0318675 0.0335198 0.000809433 0.0249611 0.00168927 0.00791376 0.00340567 0.000135165 0.0210092 0.000109534 
0.00388723 0.560056 0.108603 9.29885e-06 0.000922329 0.0127757 6.37979e-05 0.0653382 0.0223256 0.0461745 5.29778e-05 0.000269185 0.00500051 0.00714554 0.167377 
0.0234567 8.58014e-12 0.00521225 7.16908e-12 2.97527e-11 0.330096 3.62053e-11 6.75261e-05 0.0781411 0.540311 5.91281e-06 0.0227087 2.21162e-11 4.82362e-11 2.07106e-11 
0.000751796 0.706196 0.0762557 2.19294e-09 0.00378095 3.37762e-09 2.31725e-05 4.15921e-06 3.69153e-06 0.0167291 4.41947e-05 3.99719e-07 0.00158623 1.47549e-08 0.194625 
1.17913e-06 0.976042 1.60619e-06 7.33388e-10 3.04366e-09 3.38986e-06 7.78157e-06 0.0136939 0.0102382 1.53259e-06 1.23215e-06 8.05555e-10 2.26246e-09 4.93449e-09 8.6886e-06 
0.0216112 0.803628 0.0148967 5.6338e-07 0.00187235 0.00333644 0.00035121 0.112296 0.0186437 0.013644 0.000104728 1.84945e-06 1.72501e-06 2.89181e-06 0.00960874 
0.00578203 0.674106 1.6184e-06 8.14828e-11 2.12449e-06 0.0065146 0.0007386 0.0300238 0.22085 0.0455027 0.000427783 2.68472e-06 0.000449347 5.48245e-10 0.0155991 
0.0022061 2.24493e-06 0.369047 1.8136e-07 4.06177e-05 0.000501535 1.23875e-05 9.79319e-05 0.00109906 0.130494 0.00051654 0.0127178 0.00488211 0.000116314 0.478267 
0.0177282 0.00852689 0.107035 2.72961e-06 0.000448828 0.00865251 0.00197571 0.0638815 0.00184063 0.158393 0.000468478 0.0485182 0.172107 0.359402 0.0510186 
0.265323 0.0336316 0.281911 1.47563e-10 6.12406e-10 2.27279e-10 7.4522e-10 0.0967361 5.55385e-06 8.58335e-06 2.47669e-10 0.00420602 1.50683e-05 9.92854e-10 0.318163 
0.0257058 0.676085 0.241061 7.28893e-06 0.00276013 0.0364325 1.7509e-05 0.00194559 0.00380701 0.00601656 0.000999196 4.93548e-05 0.000284765 3.57054e-05 0.00479193 
0.724083 2.48396e-06 0.0300896 2.35095e-10 9.7568e-10 0.00888416 1.18728e-09 0.00841801 0.000481591 0.140316 3.94584e-10 0.0515325 0.000612678 1.58181e-09 0.03558 
4.0855e-07 3.66173e-11 0.544936 3.05953e-11 1.26975e-10 7.33865e-08 1.54512e-10 3.51874e-05 0.0707397 0.380408 5.13512e-11 0.00172724 9.27517e-09 2.05856e-10 0.00215392 
0.0118254 0.0692516 0.05177 3.34661e-08 0.00147428 0.0154233 1.12285e-06 0.0362007 0.00483726 0.0474553 0.000626382 0.00557996 0.0100306 9.75243e-07 0.745523 
0.000336224 0.964477 0.00161802 2.62726e-07 1.09035e-06 0.00484629 4.33337e-05 0.000104301 0.000312474 0.0115757 3.93993e-05 0.00382847 8.10496e-07 1.76772e-06 0.0128151 
0.11314 0.0699592 8.15605e-05 2.16071e-05 0.000148472 0.0023596 0.000202096 0.0100508 0.193806 0.106273 0.000133288 0.0433747 0.000628685 2.64402e-05 0.459795 
0.0281562 0.056006 0.360247 8.66296e-06 0.0210359 0.005272 9.04637e-06 0.0271262 0.142836 0.107639 0.0369147 0.103786 0.0156661 0.0740538 0.0212434 
0.450102 0.258427 3.51559e-06 1.3085e-08 0.0489003 1.00499e-06 2.89781e-06 0.000579812 0.0548589 0.00223796 8.47492e-07 0.0280585 4.6531e-06 5.22252e-06 0.156818 
0.443781 1.14944e-09 0.147737 9.60411e-10 0.264414 1.47925e-09 5.08578e-06 0.00427662 0.00109957 0.0913506 1.61195e-09 0.00088699 2.96282e-09 4.28936e-07 0.0464489 
0.0527153 0.0391879 0.122574 4.55494e-07 0.000198018 0.000340823 8.68219e-07 0.00118866 0.0046499 0.772559 9.97418e-05 0.000192438 0.00628389 6.02845e-06 3.47768e-06 
0.0527153 0.0391879 0.122574 4.55494e-07 0.000198018 0.000340823 8.68219e-07 0.00118866 0.0046499 0.772559 9.97418e-05 0.000192438 0.00628389 6.02845e-06 3.47768e-06 
0.00141811 0.790623 0.00121888 9.41662e-09 0.000594585 0.000418611 4.0655e-06 0.051082 0.00625424 0.129214 1.58048e-08 0.00227012 0.000353531 2.5679e-05 0.0165228 
0.369956 0.0600918 0.0588608 1.41648e-07 0.00219571 0.00800536 0.000899088 0.00975908 0.00247203 0.360521 0.0255989 0.0109461 0.0261036 4.4149e-07 0.0645901 
0.0215754 0.847773 0.10938 1.35618e-09 2.56472e-06 0.00530745 7.03654e-06 0.000232869 0.0156914 2.18581e-05 2.2762e-09 9.69068e-07 4.18373e-09 7.2462e-06 3.91782e-09 
0.160286 0.175618 0.131475 2.43054e-09 0.0898238 8.05084e-07 1.072e-06 0.0254552 0.0483331 0.249416 1.42621e-05 0.0046171 0.0008773 1.63535e-08 0.114081 
0.0539006 0.0759732 0.0216704 0.000141905 0.000155938 0.00208347 0.000534367 0.025307 0.376614 0.0206832 0.000153241 0.0970418 0.00389304 0.000320395 0.321527 
0.582275 0.0100759 0.00314881 3.91982e-08 1.57312e-07 3.78998e-07 3.93027e-07 0.00519174 0.00839195 0.389185 1.64164e-05 0.00164595 1.7742e-06 1.21288e-07 6.64875e-05 
0.00131078 0.895015 0.02009 1.88866e-05 5.25785e-05 0.00198119 2.43916e-05 0.0151816 0.0225785 0.015416 0.000531157 0.00253832 0.00139258 0.000437188 0.0234322 
1.55596e-06 0.921602 0.0160837 8.31535e-08 0.0257532 0.00184451 1.23137e-07 0.00385862 0.0241054 9.42618e-06 0.000896823 1.51135e-05 1.4151e-06 3.36607e-06 0.0058252 
0.0119085 0.531511 0.044372 4.8316e-07 0.000736913 0.00227581 0.00026718 0.0683092 0.0690719 0.0117155 6.49508e-05 0.0107378 0.000224635 0.000308492 0.248495 
0.0159415 0.0010691 0.468282 3.85819e-06 1.49784e-05 0.000681665 0.00015295 0.124713 0.0034668 0.197987 0.136609 0.00597342 0.0448228 2.06473e-05 0.000261383 
0.000714297 0.00764734 0.937582 2.0246e-06 0.000236011 0.0143158 6.4516e-05 0.000769556 0.000100954 0.00127759 0.00870938 0.02592 0.00246592 3.42572e-06 0.000190975 
0.0438713 0.00273174 0.438743 1.32321e-10 0.000148296 0.00136732 0.002198 0.00616135 0.0016848 0.00328672 7.77066e-08 0.35509 1.51411e-08 1.62782e-06 0.144715 
0.0524936 0.695187 0.0489677 7.12226e-08 2.95584e-07 0.00219277 0.000152782 0.10032 0.00193112 0.0923642 0.00254439 0.000596257 9.58335e-05 0.000701787 0.00245175 
0.083862 0.0568868 0.000180921 2.97641e-05 0.0686249 0.000507768 0.246017 0.000504669 0.158375 7.53151e-05 0.000530245 0.0343974 3.19564e-05 0.000165154 0.349811 
6.94668e-05 0.641977 0.00322955 8.77225e-09 2.27823e-05 1.08796e-06 4.41465e-06 0.0322677 0.0172445 0.0120253 0.000815483 7.64962e-05 0.0636991 5.90228e-08 0.228567 
0.0757348 0.0863563 0.178093 0.000121034 0.00341874 0.00490652 0.000157503 0.0740551 0.362876 0.101372 0.000180184 0.0574232 0.0359565 0.000397215 0.0189521 
0.0203511 0.00455081 0.0138772 1.94709e-08 0.00229647 0.000835743 8.36073e-06 0.0296433 0.000246677 0.0411714 0.00181955 0.0695045 0.0492558 2.08372e-05 0.766418 
0.0464809 0.00518437 0.021145 1.8762e-11 7.7865e-11 2.88977e-11 9.47518e-11 0.00229327 0.68747 0.0241018 3.14901e-11 0.212986 0.000338908 2.52601e-07 5.4201e-11 
0.0110206 0.0560173 0.0950525 8.0892e-08 1.7187e-06 0.00359231 0.000270366 0.0197376 0.0146329 0.041856 3.55278e-06 0.339317 0.00138302 6.59769e-06 0.417109 
0.0994265 0.0365515 1.12949e-05 1.22998e-10 8.7947e-08 2.24323e-06 1.48516e-07 0.000529973 0.719486 0.139764 3.35445e-05 0.00242767 3.79443e-10 5.44638e-08 0.0017673 
0.120761 0.118188 0.0974593 3.27412e-08 0.062822 0.0466617 0.288518 0.0092654 0.0666444 0.136898 0.00213751 0.0249104 2.54191e-05 5.30306e-08 0.0257092 
0.369956 0.0600918 0.0588608 1.41648e-07 0.00219571 0.00800536 0.000899088 0.00975908 0.00247203 0.360521 0.0255989 0.0109461 0.0261036 4.4149e-07 0.0645901 
0.000691041 0.0005932 0.00168704 8.13854e-09 0.000293886 0.00304732 4.11012e-08 0.000165491 0.000858512 0.00232486 1.36597e-08 0.000792039 0.98921 5.4759e-08 0.000336232 
0.033144 0.103227 1.15576e-05 5.57554e-11 2.01335e-06 2.08766e-05 2.81576e-10 0.00839085 0.278199 0.547907 9.35798e-11 5.42609e-06 6.70981e-05 3.75142e-10 0.0290257 
0.075532 0.0992389 0.0522573 5.50635e-08 2.87638e-05 2.72328e-07 0.605679 0.000296367 0.131128 0.000378347 0.000455446 0.0348847 7.23288e-08 2.05377e-07 0.000120986 
3.56464e-07 0.954856 1.77366e-07 1.83499e-10 7.61545e-10 2.82629e-10 9.26704e-10 0.0150769 4.28762e-07 1.70786e-06 4.00687e-07 1.59249e-06 0.00142862 1.23464e-09 0.0286336 
3.01552e-05 0.000701948 0.000304083 5.77267e-09 0.00123143 8.89121e-09 2.91531e-08 0.000471836 0.312762 0.587623 0.000214134 3.04418e-05 0.00284044 0.00261401 0.0911768 
0.0171893 0.143231 0.115099 2.35625e-05 4.28775e-05 0.00107716 0.0114927 0.0250772 0.037574 0.0437139 0.597704 0.00130825 0.00380483 0.000155197 0.00250691 
0.0153282 0.128114 0.777082 1.4635e-07 0.00174259 1.19936e-06 1.15116e-06 0.00153614 0.00249199 1.26554e-05 1.71795e-05 0.0707336 1.65411e-05 0.00290645 1.57734e-05 
1.55463e-06 0.405629 1.59016e-06 1.05524e-10 2.7284e-05 1.36542e-06 8.53198e-07 0.160085 5.71911e-06 0.404725 1.77111e-10 2.58487e-06 0.0295101 7.10001e-10 9.75528e-06 
0.0663764 0.611108 0.0248926 1.40195e-09 8.05571e-07 2.37295e-05 2.24719e-07 0.0124661 0.0101243 0.168582 0.00124958 0.034415 4.32493e-09 9.4328e-09 0.0707617 
0.0173902 0.778345 0.0296343 1.93042e-07 0.00473224 0.0235013 2.63658e-07 0.0530151 0.0422881 0.0204762 0.00223291 0.00655939 0.00313758 7.71617e-06 0.0186794 
0.0244515 0.858932 0.00813182 1.43143e-10 9.30339e-08 8.69282e-05 0.00206452 0.0110946 0.0145021 0.00542508 5.75964e-05 1.63136e-05 5.48496e-05 9.63117e-10 0.0751828 
0.000139683 0.249768 0.110488 5.03401e-09 2.8163e-06 2.3481e-06 2.00508e-07 0.175792 0.0261166 0.138314 1.00936e-05 0.00695755 0.0326218 3.38706e-08 0.259786 
0.0806787 0.442491 0.00426865 1.68192e-08 0.00494296 0.00107741 8.49403e-08 0.0986538 0.0011742 0.220046 1.43036e-05 6.58066e-06 0.0254711 1.13166e-07 0.121175 
0.0574694 0.0052839 0.520904 2.93549e-05 0.00126836 0.00633048 0.00022068 0.0033276 0.299202 0.00713053 3.86471e-05 0.0961502 0.000142181 0.000240771 0.00226156 
0.0113367 0.122614 0.585908 1.03212e-05 8.20759e-05 0.00301417 1.30164e-05 0.0186176 0.0232158 0.0139384 0.00134229 0.0237497 0.194279 0.00179764 8.1694e-05 
0.0238706 0.641442 0.104139 5.29738e-05 0.0041878 0.00196178 0.0237101 0.0146071 0.092196 0.0378162 9.4207e-05 0.0131905 0.0074466 0.0125615 0.0227241 
0.156757 0.607396 0.00152462 1.05523e-07 0.0215825 0.000336841 0.120073 0.022522 0.0433459 0.0208862 4.03332e-06 0.00435136 1.71524e-06 1.73039e-07 0.00121876 
0.629817 4.56235e-06 7.03781e-06 2.41253e-10 2.5933e-05 0.351403 1.21838e-09 1.39654e-07 7.0035e-05 5.39899e-05 2.22746e-06 0.0186154 7.44254e-10 1.62324e-09 4.18866e-07 
0.483262 0.000167093 0.000478219 2.79172e-08 1.1586e-07 0.000154838 1.40987e-07 0.000635994 0.000218853 0.391502 4.68561e-08 0.00048146 0.00312634 1.87837e-07 0.119973 
0.472277 0.126795 0.000434309 1.6e-05 0.000141769 0.000513262 0.00215296 0.00168069 0.378982 0.0048363 0.000124659 0.00759574 0.000103207 3.45116e-05 0.00431328 
0.0387848 0.381037 0.0199283 3.02157e-06 8.70816e-05 0.0441226 0.000429255 0.0145184 0.0653338 0.00645674 0.417054 0.00374149 0.00750081 0.000635921 0.000367314 
0.121942 0.00441138 0.0298253 0.000118969 0.00197167 0.0372315 0.00017392 0.0294866 0.336165 0.12588 0.00665861 0.285909 0.00778817 0.006905 0.00553267 
0.703652 0.000465554 0.00365757 2.63571e-05 6.10575e-05 0.0386511 0.00764257 0.0158055 0.0289527 0.157559 0.0322883 0.00944107 0.000617529 0.000490548 0.000689472 
0.00283495 0.932649 0.00178766 7.03284e-08 0.00019306 0.000391903 0.000405235 0.0161674 0.0115794 0.000392163 2.19008e-05 1.84592e-05 0.000296281 4.73194e-07 0.0332621 
0.0111315 0.283369 0.302143 2.5301e-09 0.0478079 0.0463331 0.00029229 0.0177956 0.157272 0.0894016 0.000141342 0.0247908 0.00051666 1.70234e-08 0.0190046 
0.0111385 0.957158 6.12451e-05 5.42726e-07 2.71498e-05 0.00161384 2.73297e-05 0.0123783 0.0080654 0.00379255 0.000145824 5.96131e-07 3.84202e-05 3.65165e-06 0.00554817 
0.158998 0.010713 0.0123045 5.78804e-05 0.236129 0.00552895 0.000110825 0.0538668 0.408042 0.108255 0.000118585 0.000829107 0.00439891 0.000116048 0.000531061 
0.0551673 2.84099e-08 0.0217037 2.57991e-12 1.07177e-08 0.00553852 2.03813e-05 0.00451686 0.0462192 0.854006 8.23156e-09 0.0125149 0.000313363 1.73585e-11 7.45302e-12 
0.0264728 0.588776 0.159296 0.000574517 0.0215203 0.00127976 0.00183889 0.0564244 0.0276398 0.00667215 0.00239016 0.0553699 0.00476856 0.0225499 0.0244269 
2.86217e-06 0.391414 8.30702e-06 1.54859e-10 8.36137e-07 2.27071e-05 7.82068e-10 0.344098 0.0532123 0.0689674 3.06726e-06 0.0762466 4.77732e-10 1.04195e-09 0.0660241 
0.625918 0.246206 1.26394e-05 5.53187e-08 0.0225074 3.83561e-06 3.54298e-05 0.00933134 0.00893056 0.0776122 3.23658e-06 4.3401e-06 1.77366e-05 1.20152e-07 0.00941716 
0.0190048 0.00123661 0.591799 0.000222608 0.000700359 0.000663978 0.000259486 0.00401801 0.184922 0.0557143 0.031468 0.108522 0.00035876 0.00030762 0.000803165 
0.118682 0.429129 0.0260892 2.11346e-06 0.0443854 0.000276906 0.000416343 0.0794592 0.118585 0.132307 0.000176975 0.0338922 2.17911e-06 2.3723e-05 0.0165723 
