0.000115788 0.997544 0.000144319 2.59892e-08 1.07859e-07 0.000210691 8.51403e-05 1.93597e-05 0.000155666 0.000199572 9.36408e-05 7.93779e-05 0.000237533 1.74865e-07 0.00111486 
0.0924623 0.0781273 0.114299 5.38115e-05 0.000118816 0.0176357 0.000383056 0.0113168 0.083115 0.474987 8.69271e-05 0.0924226 0.0168845 0.0032483 0.0148594 
0.0574694 0.0052839 0.520904 2.93549e-05 0.00126836 0.00633048 0.00022068 0.0033276 0.299202 0.00713053 3.86471e-05 0.0961502 0.000142181 0.000240771 0.00226156 
0.0446589 0.0623348 0.574444 4.45511e-05 0.000247849 0.0167479 6.239e-05 0.0313901 0.0580617 0.0556164 0.0302544 0.00580851 0.0351652 7.12439e-05 0.0850926 
0.0285793 0.00382135 0.925515 2.76853e-06 3.53537e-06 5.98865e-05 1.51189e-05 1.87787e-05 0.0403631 0.00052527 0.000133105 0.000794829 9.57509e-05 1.17523e-05 6.00013e-05 
0.0519207 0.0145486 0.44394 3.61627e-05 0.0064441 0.00795719 9.6335e-05 0.0630422 0.0256585 0.0727253 0.00777593 0.0196089 0.265229 0.00293767 0.0180795 
0.0394396 0.17045 0.0525776 5.54913e-07 0.0131672 4.12761e-05 1.88313e-06 0.0189715 0.00972609 0.0133044 3.15781e-05 0.00867221 0.113509 2.86412e-05 0.560078 
0.00342377 0.637423 0.358938 1.1911e-09 0.000108262 1.83456e-09 6.01529e-09 4.19212e-05 3.24631e-05 2.10399e-05 3.00071e-06 9.15946e-06 3.67448e-09 8.01415e-09 3.44094e-09 
0.0400149 0.405624 0.00818918 5.66904e-06 0.000114766 0.00310362 2.47317e-05 0.281216 0.152683 0.0445202 5.68394e-05 0.00249691 0.0036501 0.0579587 0.000340928 
0.0298209 0.00198007 0.488749 1.49833e-10 7.91585e-07 0.000191753 0.00366247 0.00589883 0.0028078 2.61475e-06 1.18769e-07 0.225698 2.29972e-08 1.00813e-09 0.241187 
0.06915 0.0690246 0.0284427 8.91395e-06 0.000138552 0.00141721 0.411039 0.0220867 0.0247146 0.0542318 0.0311796 0.00616949 0.000329739 5.61791e-05 0.282011 
0.00747185 0.000190149 0.304065 6.80163e-07 0.000146418 0.00110814 0.000140077 0.000503107 0.00132582 0.0127479 0.0139493 0.161302 0.00154382 0.000283663 0.495222 
0.00424538 0.00175211 0.128511 4.78072e-11 0.000125485 0.0358756 2.41436e-10 0.0091405 0.0764691 0.390061 8.02395e-11 0.168591 0.184994 3.21664e-10 0.000234705 
0.0527153 0.0391879 0.122574 4.55494e-07 0.000198018 0.000340823 8.68219e-07 0.00118866 0.0046499 0.772559 9.97418e-05 0.000192438 0.00628389 6.02845e-06 3.47768e-06 
0.159105 0.0497567 0.112583 2.32113e-11 0.00133023 0.00269035 0.00048942 0.0508561 0.00565385 0.402535 3.89578e-11 0.0120138 0.202874 8.35888e-07 0.000112192 
0.254983 0.326556 0.0259069 6.07482e-07 0.0278423 3.4011e-06 3.87463e-05 7.56825e-05 0.0676571 0.000467378 9.19159e-07 0.155328 1.47404e-05 2.32533e-06 0.141123 
0.185944 0.635706 2.61595e-07 2.31499e-11 0.00352107 4.39495e-07 0.00208013 0.00334184 0.119003 0.0452739 1.08195e-07 2.84092e-07 0.00191079 1.55761e-10 0.00321765 
0.177776 0.00701622 0.0574144 2.41399e-05 7.90271e-05 0.0335193 5.40482e-05 0.00617817 0.0924634 0.12578 3.13643e-05 0.427019 0.00111209 0.000922201 0.070611 
0.0043708 0.522094 0.0777693 7.1843e-05 0.000370853 0.00173632 0.000130617 0.0885104 0.131049 0.138044 0.000103377 0.00608707 0.0194781 0.000128816 0.010055 
7.64606e-06 0.537696 0.137256 8.25885e-10 3.42754e-09 0.0193495 1.81768e-05 0.00302548 0.301924 7.82897e-06 2.49894e-06 6.38732e-06 0.000695198 5.51679e-07 1.1152e-05 
0.169044 0.0955174 0.0367906 0.000202639 0.00550312 0.00215463 0.431709 0.0266874 0.0962053 0.024753 0.00132773 0.0672411 0.000434571 0.0359398 0.0064896 
0.00621213 0.00187174 0.76288 1.85411e-07 3.99369e-05 0.000172725 3.63077e-06 0.00174644 0.00573059 0.0089123 8.17424e-07 0.0213143 0.00213318 0.186185 0.00279635 
0.00180788 0.394807 0.248251 0.000309815 0.0423397 0.000395267 0.00224826 0.101955 0.0471516 0.131508 0.000736475 0.0056735 0.00335248 0.00369149 0.0157738 
0.0442798 0.002104 0.0139016 3.12789e-05 0.000109183 0.0913542 5.2272e-05 0.00664472 0.0455564 0.33996 0.000588721 0.449555 0.000169092 0.00554335 0.000150103 
0.0219352 0.246823 0.1733 2.05385e-05 0.0268782 0.00809325 0.000357904 0.150226 0.0321233 0.195548 2.89102e-05 0.0970719 0.00489912 0.00136916 0.0413252 
3.41486e-06 0.469605 2.23932e-05 1.30726e-09 2.71807e-06 1.21009e-06 6.6019e-09 0.190264 0.0725762 2.37745e-05 2.1941e-09 2.59911e-05 4.03282e-09 8.79569e-09 0.267475 
0.0377713 0.670968 0.16745 5.0966e-10 0.0342751 6.04911e-06 2.4434e-06 0.00476548 0.0110294 0.052113 8.55413e-10 2.27888e-06 2.02062e-06 3.42918e-09 0.0216153 
0.832673 0.0501518 0.000112539 2.41508e-07 1.47922e-06 1.3285e-06 7.03783e-07 0.00801102 0.1033 0.00513613 1.97501e-05 0.000567649 1.88288e-05 3.85293e-06 2.24694e-06 
0.56766 1.02161e-07 0.102558 1.85525e-11 7.69956e-11 2.8575e-11 9.36938e-11 1.80038e-06 0.00393494 0.227148 3.11385e-11 0.0843412 2.86224e-07 0.0143543 3.85942e-07 
0.133807 0.00247286 0.42617 2.46893e-08 4.7494e-05 0.00170493 8.0491e-05 0.00064916 0.00227433 0.0117581 0.000534223 0.408705 1.07132e-05 2.69493e-05 0.0117589 
0.0383118 0.0966971 0.33295 1.49848e-10 0.000696824 3.0518e-05 9.53377e-07 0.00356731 0.0323509 0.449475 3.23742e-07 0.0039389 0.00044624 0.0408097 0.000724265 
0.0165252 0.0850041 4.36733e-08 8.32864e-12 0.000689815 0.0338391 1.55031e-07 0.00027898 0.0193419 0.836493 5.80374e-08 2.72633e-07 0.00027473 5.60381e-11 0.00755287 
0.00102845 0.013988 0.100655 1.28136e-07 0.000328179 0.000243114 6.06847e-06 0.00797961 0.10252 0.718557 3.98535e-05 0.00425691 0.00148378 8.62147e-07 0.0489129 
0.185837 5.44001e-05 0.288425 5.88009e-10 2.07451e-05 2.18274e-05 1.19079e-06 0.0841342 1.80129e-06 0.377758 9.86914e-10 0.0637043 4.71814e-06 3.95634e-09 3.72027e-05 
0.0717879 0.533055 0.0162322 2.13842e-05 0.015781 0.000358841 0.208356 0.0395834 0.0276007 0.0402272 0.000958195 0.0020625 0.000162811 0.017376 0.0264376 
0.00636124 0.381951 0.370042 1.07934e-06 2.19751e-05 0.00612563 0.0120211 0.00262167 0.0756899 0.0192754 0.00122003 0.121336 3.87563e-06 0.00307549 0.000253745 
0.00317092 0.835423 3.77429e-05 3.18247e-08 8.83648e-06 0.0103518 2.23832e-05 0.0435553 4.07061e-05 0.102517 5.34145e-08 0.00258682 1.84805e-05 2.14128e-07 0.00226671 
0.0122725 0.00220355 0.012767 3.08067e-08 0.00109646 0.00332056 4.17709e-05 0.0399114 0.000837871 0.0323461 0.00159517 0.878605 0.00958536 9.73565e-08 0.00541679 
0.00122355 0.00555486 0.0152487 3.0678e-10 1.27318e-09 5.48641e-05 1.5493e-09 0.002595 0.00282724 0.0582894 0.881046 0.0189973 0.00529349 3.84656e-06 0.00886585 
0.122228 0.531751 0.00129924 3.29109e-08 1.01844e-07 0.000199106 0.000694499 0.00576558 0.309476 0.000179332 0.00116767 0.00106099 0.000623779 1.29115e-07 0.0255536 
0.0346237 0.0340648 0.863098 1.08507e-07 0.00881114 1.69928e-06 7.00217e-07 0.00722958 0.00185876 0.00458834 7.44737e-05 0.0336118 0.00024227 1.21609e-07 0.0117941 
0.150243 0.00823218 0.191374 0.000197039 0.00344052 0.0107848 0.000355916 0.0585455 0.137158 0.0309079 0.0341813 0.175724 0.183342 0.000414108 0.0150998 
0.00457638 0.0209236 0.00270371 1.32443e-07 0.00137469 2.03992e-07 6.68863e-07 0.00242206 0.0177801 0.0040312 0.000422578 0.0038698 0.0028196 8.91124e-07 0.939074 
0.145637 0.0714023 1.90056e-05 1.04617e-07 0.00245406 1.61134e-07 2.62347e-05 0.00289443 0.132869 0.0243597 1.75589e-07 3.53108e-05 3.22738e-07 0.000763369 0.619539 
0.0166587 0.141005 0.00943223 5.30317e-12 0.0013557 0.0726655 6.3046e-05 0.00878852 0.109835 0.577342 0.000644845 0.00890346 0.00203866 3.56816e-11 0.0512673 
0.0152848 0.348656 0.300029 1.11549e-07 0.043997 0.00313624 0.00141273 0.0728713 0.0645773 0.0145554 0.000137755 0.0459973 0.00870933 4.02047e-07 0.080636 
0.0673448 0.663328 0.0734878 0.000174968 0.0157627 0.0355249 0.000323799 0.0331531 0.00425578 0.0216117 0.0324582 0.0226349 0.0137779 0.00101759 0.0151437 
0.0110206 0.0560173 0.0950525 8.0892e-08 1.7187e-06 0.00359231 0.000270366 0.0197376 0.0146329 0.041856 3.55278e-06 0.339317 0.00138302 6.59769e-06 0.417109 
0.0240071 0.414196 0.174723 7.08089e-05 0.000708219 0.0550375 0.0258572 0.0371278 0.101483 0.111323 0.000246053 0.0484248 0.000122093 0.00152668 0.00514576 
0.0374877 0.000270361 0.0360197 2.15855e-09 1.2392e-05 3.29806e-06 1.09011e-08 0.00221276 0.00321766 0.904002 3.62291e-09 0.0112094 0.00493337 7.18446e-06 0.00062374 
0.000424879 7.62751e-05 0.0436044 1.93777e-07 8.04203e-07 2.98461e-07 9.78613e-07 0.000203562 0.0078406 0.000155377 3.25236e-07 8.46643e-05 0.000273198 1.3038e-06 0.947333 
6.51109e-05 0.0195055 0.0300479 3.87238e-08 0.000272164 6.79995e-07 1.95563e-07 0.00232511 0.000111489 0.0323192 5.34469e-05 0.000289597 1.19461e-07 0.86983 0.0451791 
0.0298209 0.00198007 0.488749 1.49833e-10 7.91585e-07 0.000191753 0.00366247 0.00589883 0.0028078 2.61475e-06 1.18769e-07 0.225698 2.29972e-08 1.00813e-09 0.241187 
0.0994265 0.0365515 1.12949e-05 1.22998e-10 8.7947e-08 2.24323e-06 1.48516e-07 0.000529973 0.719486 0.139764 3.35445e-05 0.00242767 3.79443e-10 5.44638e-08 0.0017673 
0.0984312 0.0804441 0.118654 1.80084e-08 0.00192975 0.000261857 0.000825148 0.0339615 0.0106752 0.0798959 1.95425e-07 0.0591108 0.00282276 8.83422e-05 0.512899 
8.54868e-06 0.979069 2.21068e-05 4.40065e-09 1.82633e-08 6.77799e-09 2.22241e-08 7.08827e-05 0.0205753 4.09577e-05 9.60924e-06 3.81909e-05 3.80256e-05 2.96091e-08 0.000127142 
0.0517446 0.00256372 0.0760603 1.15553e-09 6.6422e-05 0.00191501 5.83567e-09 0.0692899 0.0189371 0.76701 1.02392e-05 0.00868892 0.000513551 7.36161e-05 0.00312686 
0.198529 0.246874 0.0575913 6.85788e-10 0.00133536 0.059402 3.35295e-06 0.0862183 0.122504 0.117229 4.11467e-06 4.66877e-05 0.0285887 1.15871e-06 0.081673 
0.112961 0.338473 0.052055 4.37535e-08 5.04503e-05 6.91782e-05 2.20964e-07 0.0459028 0.00102795 0.018132 1.85034e-06 0.0570101 0.195868 0.154788 0.023661 
0.012318 0.0165071 0.0136656 1.33665e-10 0.0179794 7.64442e-07 5.71793e-05 0.136656 0.0212111 0.0519821 2.79462e-07 0.000304011 0.729318 8.99344e-10 3.8614e-10 
0.0108969 0.345684 0.00561698 6.23265e-06 0.00119905 0.000127981 2.16741e-05 0.0917533 0.021255 0.00531895 8.79959e-05 0.0184589 0.408273 1.33937e-05 0.0912864 
0.525229 0.00228402 0.227384 4.37601e-11 4.81674e-05 0.000243515 2.20997e-10 0.00121232 0.00703753 0.0520353 1.45243e-05 0.183818 5.29902e-06 6.33931e-07 0.000688016 
0.000745601 0.96631 0.00438292 2.81654e-08 9.37919e-08 0.00277916 0.000136543 0.00695329 0.00629944 0.00622382 0.00399841 1.22094e-07 0.000390029 4.58557e-08 0.00178036 
0.86152 0.0161379 0.0278232 5.47351e-07 0.00083479 0.00409023 0.00283686 0.0196579 0.00473264 0.0483066 9.18672e-07 0.00699267 1.68855e-06 3.68277e-06 0.00706032 
4.03017e-05 0.785569 0.000208793 1.11638e-08 4.63314e-08 0.000625946 6.41648e-06 0.0934901 0.0285687 0.0755626 2.87228e-06 0.00287375 0.000151973 6.54979e-05 0.0128343 
0.482459 0.0640719 0.233152 1.39429e-09 5.7865e-09 4.3397e-05 9.02554e-05 0.00756932 0.0194448 0.115797 3.54749e-05 0.0362924 0.0227922 9.38128e-09 0.018253 
0.0227896 0.840251 0.0335577 1.92922e-09 0.0149565 7.76728e-06 8.3088e-05 0.0363321 0.00548135 0.0294245 3.16998e-07 0.000577848 2.59782e-06 1.29805e-08 0.0165354 
1.57077e-05 0.0419337 0.0136669 2.02728e-07 4.68564e-05 3.12246e-07 2.46247e-06 0.00301476 0.00218979 0.000922984 3.56161e-06 0.000651032 0.000111082 1.36402e-06 0.937439 
0.00402736 3.74743e-07 0.00674126 1.06704e-09 5.97776e-08 7.94586e-07 1.58303e-05 5.52647e-05 7.04762e-07 0.00141338 9.4286e-06 0.981273 3.29177e-09 0.00646093 1.5153e-06 
0.00545511 0.925281 0.0465347 3.34197e-07 0.000273006 0.00111009 8.19595e-07 0.00238196 0.00621599 0.00674812 0.000400915 0.00107775 0.000212505 6.54266e-07 0.00430729 
0.0104674 0.0013095 0.00120925 1.89392e-07 7.86005e-07 2.93372e-05 0.000105415 0.0130129 0.000663446 0.966353 2.34619e-05 2.08029e-07 0.000177831 1.2743e-06 0.00664644 
0.426343 0.297839 0.000273661 1.00913e-08 0.00492155 7.23644e-05 2.33437e-05 0.0798637 0.00267769 0.137658 1.69372e-08 0.000219069 0.041877 1.74462e-05 0.00821415 
0.00621213 0.00187174 0.76288 1.85411e-07 3.99369e-05 0.000172725 3.63077e-06 0.00174644 0.00573059 0.0089123 8.17424e-07 0.0213143 0.00213318 0.186185 0.00279635 
0.00739538 0.032698 0.0848036 5.48405e-10 0.0488542 1.9567e-06 0.00160187 0.082007 0.0127314 0.0875702 7.15554e-07 0.000183697 0.642136 3.15394e-06 1.31216e-05 
0.00663224 0.0155619 0.00907933 1.74063e-07 0.00469624 0.00780186 8.79051e-07 0.019362 0.00176213 0.00557902 0.000964374 0.0170162 0.905759 1.17116e-06 0.00578321 
0.00151525 0.00219933 0.000819546 2.91222e-08 0.00107578 0.00107656 1.47073e-07 0.000406884 0.985783 0.00308231 0.000263993 0.00135952 0.00031453 1.95944e-07 0.00210333 
0.101938 0.129376 0.521493 2.25114e-10 1.0329e-05 3.46726e-10 1.13687e-09 0.00439009 0.0179967 0.118984 3.77831e-10 0.0685927 0.0339217 1.51465e-09 0.00329745 
0.0224974 0.0164966 0.449504 1.61445e-07 9.81603e-06 6.59242e-07 0.00113356 0.000513849 0.000203628 0.0987446 4.68546e-06 0.0534552 0.00645889 0.345381 0.00559532 
0.000461022 0.000206007 0.996549 1.24722e-08 0.000289915 1.9402e-06 6.29868e-08 9.04604e-05 0.000471359 0.00099375 7.74738e-05 0.000689097 3.84759e-08 8.39171e-08 0.000169379 
0.0492062 0.02495 0.0237051 2.96553e-06 6.81621e-05 1.67053e-05 0.000628242 0.0243074 0.0393295 0.012665 9.22758e-05 0.775759 0.00373698 4.21143e-05 0.0454904 
0.0166587 0.141005 0.00943223 5.30317e-12 0.0013557 0.0726655 6.3046e-05 0.00878852 0.109835 0.577342 0.000644845 0.00890346 0.00203866 3.56816e-11 0.0512673 
0.0795105 0.0251824 0.769705 3.74595e-05 0.000144442 0.0318675 0.0335198 0.000809433 0.0249611 0.00168927 0.00791376 0.00340567 0.000135165 0.0210092 0.000109534 
0.0750478 0.0727524 0.142003 7.17173e-07 0.000437822 0.000426635 9.52545e-07 0.0120521 9.49423e-05 0.284248 0.00063973 0.232914 0.0894968 0.000838426 0.0890465 
0.144988 0.0724362 0.00158946 3.48275e-05 0.120806 0.0262655 0.000469674 0.134274 0.120086 0.0592127 0.000416226 0.0466667 8.69108e-05 8.37073e-05 0.272583 
0.0332001 0.386154 0.0100684 6.24689e-11 0.0110543 0.000887487 0.000106496 0.0530518 0.127653 0.0922945 0.000155802 0.00132178 0.00437112 4.20313e-10 0.279682 
0.00454307 0.59488 0.0147804 1.806e-07 2.844e-07 2.6647e-05 0.000193795 0.138271 0.0489369 0.122746 2.28452e-07 0.0157695 0.0562877 2.85094e-05 0.00353616 
0.0130114 0.000488738 0.769702 8.79404e-09 0.0571015 0.00100035 0.000522355 0.00150985 0.11959 3.87181e-08 9.62542e-06 0.03647 0.000594398 9.25284e-09 1.18215e-08 
0.00987547 0.00567491 0.489584 1.87372e-06 9.04978e-05 0.000510995 0.0169939 0.00216118 0.00305047 0.0773585 0.00809281 0.0384109 0.00745442 3.02321e-05 0.34071 
0.0722832 0.270661 0.196123 6.75968e-08 0.000285077 0.0126366 2.22358e-05 0.10303 0.0435128 0.16055 0.00056979 0.0545413 0.00168396 0.0727606 0.0113405 
0.000605818 0.000108464 0.000808175 3.80767e-09 1.58024e-08 5.86467e-09 1.92295e-08 0.000290217 0.00014331 0.000221483 6.39079e-09 0.000120456 0.000388818 2.56194e-08 0.997313 
1.03359e-06 0.988247 0.00335089 3.1308e-11 4.02922e-07 0.00150643 0.00129122 0.000432045 0.00236377 4.4451e-07 1.4193e-07 7.08444e-07 6.27888e-07 2.10652e-10 0.00280535 
0.265323 0.0336316 0.281911 1.47563e-10 6.12406e-10 2.27279e-10 7.4522e-10 0.0967361 5.55385e-06 8.58335e-06 2.47669e-10 0.00420602 1.50683e-05 9.92854e-10 0.318163 
0.004253 0.116574 0.773149 2.39147e-10 0.000287477 0.0634327 8.57397e-07 0.00310428 0.0118324 0.00498341 1.11271e-06 0.000648255 0.0016305 1.60906e-09 0.0201027 
1.42628e-06 0.349545 0.0285726 7.65615e-08 7.61284e-06 0.000792815 1.48361e-06 0.112294 1.29883e-05 0.396728 0.000149894 0.0936852 0.0124122 0.00106129 0.00473477 
0.00100026 0.889003 0.0448452 6.80918e-09 0.000321783 7.17879e-05 5.30216e-05 0.000960091 0.00577123 0.0230542 2.53527e-06 0.000176987 0.000809476 4.58146e-08 0.0339302 
5.1972e-05 0.0889608 0.0117002 9.58294e-10 3.56655e-06 1.47599e-09 4.83957e-09 0.235234 9.00103e-06 0.585045 1.6084e-09 1.75534e-05 2.95629e-09 3.37723e-05 0.0789445 
0.173779 0.0138 0.094958 1.62541e-10 0.0298491 0.00297366 8.20863e-10 0.0172758 0.00646741 0.00615482 1.78136e-06 0.623697 0.0170821 9.11414e-07 0.0139612 
0.0671235 0.0491287 0.717066 2.16883e-05 0.000466388 0.00132954 2.85061e-05 0.00709507 0.0313842 0.0716428 4.5847e-05 0.0373535 0.00683334 0.00986888 0.000612456 
0.128485 0.000134951 0.0147021 6.9583e-08 2.88779e-07 0.0348463 3.51408e-07 0.00145403 0.000189738 0.804335 2.89301e-05 0.0150507 0.000772493 4.68179e-07 2.01016e-07 
0.0565056 0.574394 0.00476346 0.000166575 0.00076036 0.0182636 0.000171565 0.192072 0.00385432 0.0161058 0.00120253 0.0899514 0.00526475 0.000323267 0.0362002 
0.0529258 0.911101 0.0106113 1.54874e-07 9.31489e-05 0.000437963 7.82145e-07 0.0107176 0.000628312 0.00992342 0.000191992 0.000125646 0.0018084 1.04205e-06 0.00143317 
0.0110676 0.517599 0.0578832 7.24458e-11 0.0569242 0.000882757 3.83084e-07 0.0912001 0.0110429 0.245846 1.21593e-10 5.08918e-06 8.33083e-07 4.87441e-10 0.00754783 
0.0166587 0.141005 0.00943223 5.30317e-12 0.0013557 0.0726655 6.3046e-05 0.00878852 0.109835 0.577342 0.000644845 0.00890346 0.00203866 3.56816e-11 0.0512673 
0.0492251 0.522617 0.114513 0.000231206 0.0172464 0.00086998 0.041907 0.0433181 0.103769 0.0338457 0.00072317 0.00480871 0.00434119 0.0363782 0.0262058 
0.0364439 0.0100107 0.336883 1.33049e-07 0.00102369 0.000191358 3.5104e-05 0.0827259 0.0096297 0.289101 1.09187e-06 0.206194 0.0097572 4.40138e-07 0.0180035 
0.00353823 0.657812 0.0250846 3.67053e-05 0.00440784 0.000391907 4.94452e-05 0.103061 0.116055 0.063501 8.51855e-05 0.00598097 0.00549238 0.000606126 0.0138978 
0.0514124 1.21285e-05 7.54548e-06 1.26673e-10 0.0270923 1.09278e-06 9.60224e-07 0.245288 1.1114e-06 0.525916 2.12607e-10 0.015684 6.64712e-07 8.52299e-10 0.134584 
0.011156 0.594994 0.00739472 1.49836e-05 0.000473082 0.0297354 1.54193e-05 0.128878 0.0230808 0.100179 8.14622e-05 0.00266625 0.00230356 2.8768e-05 0.0989978 
0.175325 0.0363082 0.00564409 7.37647e-09 2.37839e-05 0.000170144 3.99928e-05 0.00242843 0.0320902 0.73879 4.29704e-05 0.00619923 4.51585e-05 4.96315e-08 0.00289274 
1.42628e-06 0.349545 0.0285726 7.65615e-08 7.61284e-06 0.000792815 1.48361e-06 0.112294 1.29883e-05 0.396728 0.000149894 0.0936852 0.0124122 0.00106129 0.00473477 
0.000146812 0.609736 0.151813 1.25206e-07 0.017337 0.00144658 0.000364229 0.0266618 0.000140167 0.134303 2.10146e-07 0.00075749 0.000952262 0.0275938 0.0287481 
0.016368 0.0225822 0.554615 0.000212202 0.00076187 0.00154995 0.000440449 0.011178 0.180797 0.0912585 0.0272044 0.0833844 0.00797123 0.000301088 0.00137548 
0.230288 0.634097 0.0151306 1.89534e-08 1.2627e-05 9.77231e-05 9.57184e-08 0.0243897 0.0134994 0.0380413 0.000836704 0.0239845 3.19877e-05 1.27525e-07 0.0195898 
0.334988 1.06464e-05 0.200743 1.13404e-11 7.60298e-05 0.13732 5.72714e-11 1.9579e-08 0.0326976 0.111179 4.33637e-08 0.182271 0.000666537 2.75489e-09 4.76699e-05 
0.00962163 0.000264609 0.238939 1.408e-07 9.77491e-05 0.00159204 5.70629e-05 1.95579e-07 7.14628e-07 0.0197918 0.0164501 0.181309 0.001571 0.000392755 0.529912 
0.000239446 0.835823 3.91326e-07 1.85378e-09 0.000404589 2.85523e-09 9.36193e-09 0.127732 0.000382893 0.0203465 1.17203e-06 2.03619e-09 2.60653e-06 0.000123921 0.0149439 
0.00350924 0.0339219 0.165398 1.39752e-07 0.0283675 7.16816e-05 7.05772e-07 0.0305839 0.00934778 0.0134137 2.34559e-07 0.0170765 0.00397985 0.0040275 0.690302 
0.556427 0.0719667 0.12029 1.0445e-06 0.000853908 0.0300254 0.00445055 0.0133425 0.170882 0.00879154 0.000215797 0.00942623 0.000404508 7.86075e-06 0.0129161 
2.73734e-05 0.522569 0.0802212 2.32392e-07 0.00736247 0.00156019 6.8219e-07 0.208167 0.113162 0.0156528 3.52926e-07 0.00255603 0.000674979 0.00590383 0.0421419 
0.00474658 0.0289016 0.0237314 7.72274e-05 0.000295794 0.0125501 0.00103918 0.843299 0.00394483 0.00958495 0.000414938 0.014921 0.0549756 0.00140228 0.000115748 
0.37194 0.157732 0.0290699 6.15256e-06 0.00219879 0.000455443 0.223026 0.0182935 0.166868 0.0254668 0.000107132 0.00203415 0.000259201 1.47241e-05 0.00252812 
0.0001335 0.99733 0.00122143 3.61098e-07 1.49861e-06 0.000188415 0.00014771 0.000142974 0.000133487 0.000611206 6.06067e-07 3.96631e-07 1.11397e-06 2.4296e-06 8.44947e-05 
1.04706e-08 0.000156902 0.00271738 1.32511e-13 0.994772 9.33466e-05 2.00828e-09 0.000842684 0.0012622 1.59195e-09 6.48552e-06 4.19105e-05 0.000107513 8.91579e-13 1.11052e-09 
7.16058e-05 0.978197 0.00840106 4.91624e-09 1.31201e-06 2.30339e-06 0.000230038 0.00315104 0.00106711 0.00186413 1.30038e-06 1.43353e-05 2.00798e-05 3.30782e-08 0.00697824 
0.0165159 0.000658301 0.124816 1.09009e-11 4.45898e-07 1.86167e-07 8.24058e-08 0.0022364 0.0502294 0.476776 1.82961e-11 0.326516 3.36288e-11 4.29089e-07 0.00225109 
1.42628e-06 0.349545 0.0285726 7.65615e-08 7.61284e-06 0.000792815 1.48361e-06 0.112294 1.29883e-05 0.396728 0.000149894 0.0936852 0.0124122 0.00106129 0.00473477 
0.0376586 0.352465 0.0387033 3.62042e-05 0.0540384 0.00162595 6.36599e-05 0.185205 0.0782007 0.112774 7.57073e-05 0.0190137 0.0121588 0.101257 0.00672458 
0.00181691 0.0292729 0.00143471 7.95668e-08 0.153946 1.22551e-07 4.01828e-07 0.00146924 0.00234619 0.00060831 0.00132223 0.000585644 0.00159573 5.35354e-07 0.805601 
0.0165252 0.0850041 4.36733e-08 8.32864e-12 0.000689815 0.0338391 1.55031e-07 0.00027898 0.0193419 0.836493 5.80374e-08 2.72633e-07 0.00027473 5.60381e-11 0.00755287 
2.31914e-06 0.231541 0.0199058 1.49023e-11 0.0010461 0.0533195 7.52595e-11 0.0905465 0.432369 0.140316 2.95167e-07 0.0200406 2.48298e-07 1.00268e-10 0.0109135 
0.811531 0.00115564 0.00243863 1.2415e-07 2.97292e-07 0.0195389 0.010163 0.0107942 0.0360868 0.0971723 2.80207e-05 0.00966166 1.98575e-07 4.51254e-07 0.00142876 
0.00921348 0.0765296 0.0279741 3.58103e-10 7.62367e-07 0.000242813 1.80849e-09 0.168652 2.06872e-06 0.515906 0.000196345 0.00240725 0.0137669 0.164503 0.0206052 
0.324851 1.59531e-05 0.142096 9.15303e-12 6.61042e-05 0.187256 4.62246e-11 2.19964e-08 0.0391141 0.111966 4.63225e-08 0.193563 0.000999629 2.81559e-09 7.14494e-05 
4.3532e-07 0.916446 2.49889e-06 6.56591e-11 0.00322645 0.0134 3.31591e-10 0.0354949 0.0196586 3.78805e-06 1.31151e-06 3.38972e-06 0.00287778 4.41778e-10 0.0088846 
0.0464166 0.692655 0.0365321 2.99451e-05 0.00178979 0.000557645 6.89591e-05 0.0812237 0.000722503 0.0153977 0.0855081 0.000405604 0.032005 0.00510728 0.00158055 
0.0598953 0.68553 0.0108104 9.56323e-05 0.000918821 0.00236772 0.134704 0.0125078 0.0605206 0.00416891 0.000720255 0.015119 0.00129364 0.000424399 0.0109235 
0.000154603 0.00189044 0.000884123 1.07125e-06 0.935196 0.000330577 5.41002e-06 0.00404713 0.000493419 0.00133971 1.79798e-06 0.00119954 0.0033833 7.20775e-06 0.0510656 
0.0136093 1.92062e-06 0.111175 1.25245e-06 4.94204e-06 0.00480682 6.67982e-05 0.000104011 0.0159451 0.00476859 5.44172e-06 0.849058 0.000115645 0.00017597 0.000161504 
0.0187355 0.0557919 0.0357317 4.29217e-08 0.000122911 0.000211787 2.16763e-07 0.0187944 1.57041e-05 0.0123877 7.20398e-08 0.0464773 0.00406212 0.767041 0.0406278 
0.00762647 0.00137136 0.476269 3.92484e-05 0.0187018 0.0325217 4.76805e-05 0.00727417 0.0412178 0.271065 0.000385275 0.141461 0.000482256 0.000152833 0.00138453 
6.9812e-06 0.975172 0.00766928 1.71224e-09 7.10602e-09 0.00155699 8.64713e-09 0.0032775 0.00793926 0.000109688 1.86904e-06 0.000198541 6.91123e-05 4.21866e-05 0.00395689 
0.0780227 0.00780288 0.0837493 7.28406e-09 3.02299e-08 1.12191e-08 3.67859e-08 0.114249 0.00540089 0.10425 1.22256e-08 0.593533 0.000317581 4.90098e-08 0.012674 
0.092023 0.177706 0.0362293 1.81077e-05 0.0870368 0.0409157 0.000261662 0.0995079 0.0385498 0.187473 0.0460028 0.080865 0.0644072 0.00600376 0.0430001 
0.000113199 0.979199 1.65537e-05 6.56638e-06 0.00262779 0.000471199 1.03251e-05 0.0129409 0.000337976 0.00282389 0.000219266 8.73428e-05 2.18802e-05 7.48963e-06 0.00111619 
0.286672 0.239864 0.0810941 8.61214e-07 0.00339218 0.0805401 1.68352e-06 0.0330099 0.0745981 0.115266 0.000347677 0.0430436 0.00304088 1.2995e-05 0.0391159 
0.0984981 0.426575 0.0144072 5.10341e-08 6.31781e-05 2.13957e-05 0.202819 0.14279 6.21135e-07 0.046781 1.6389e-06 6.64668e-05 2.87818e-05 3.43376e-07 0.0679471 
0.00553096 0.00273713 0.0378699 4.60267e-08 1.91017e-07 6.49963e-06 1.58137e-05 0.0307018 0.000616971 0.0272504 0.86061 0.00825873 0.00232551 3.71374e-06 0.0240725 
0.00170349 0.0518519 0.0919578 1.27915e-06 0.000205702 2.46282e-05 0.00130855 0.125714 0.0571428 0.494532 2.31233e-05 0.02298 0.000820589 1.43967e-05 0.151719 
0.811531 0.00115564 0.00243863 1.2415e-07 2.97292e-07 0.0195389 0.010163 0.0107942 0.0360868 0.0971723 2.80207e-05 0.00966166 1.98575e-07 4.51254e-07 0.00142876 
0.832673 0.0501518 0.000112539 2.41508e-07 1.47922e-06 1.3285e-06 7.03783e-07 0.00801102 0.1033 0.00513613 1.97501e-05 0.000567649 1.88288e-05 3.85293e-06 2.24694e-06 
0.00144268 0.00265744 0.985693 4.79211e-08 0.000809154 3.68298e-07 9.48503e-07 0.000716389 0.00567055 2.10985e-07 7.63746e-06 1.9332e-06 0.00206585 5.04212e-08 0.000934134 
0.72766 2.32184e-05 0.000105367 5.88801e-09 2.44361e-08 0.0563557 8.26473e-06 3.01663e-05 0.0886605 0.0895711 0.0222951 0.014993 0.00011957 3.96167e-08 0.00017812 
0.0236827 0.681099 0.0364397 0.000982731 0.00229342 0.0249212 0.0480002 0.0464896 0.0217827 0.00713596 0.0484866 0.0198007 0.00721402 0.0301096 0.00156184 
0.0167534 0.742255 0.0175402 1.92409e-06 0.00351686 0.0156753 2.42391e-06 0.00803559 0.0800953 0.0792962 4.43609e-06 8.88242e-06 0.000562824 1.94167e-05 0.0362324 
0.00117125 0.00542106 0.0150805 3.06827e-10 1.27338e-09 5.61238e-05 1.54954e-09 0.00251657 0.00289294 0.0584654 0.881418 0.0189636 0.00500297 3.92736e-06 0.00900771 
0.549619 0.0941421 0.0450845 4.22364e-08 0.000287404 0.00426321 0.00184601 0.135345 0.00267555 0.0513212 4.78783e-05 0.045819 0.00118894 2.84182e-07 0.0683596 
0.0626999 0.0289387 0.659131 3.34392e-06 0.00033024 0.000429148 7.75881e-06 0.00217705 0.0534065 0.164872 1.32622e-05 0.0225818 0.00017656 0.000134049 0.00509894 
0.00100979 0.125568 5.01833e-06 3.21866e-09 1.42379e-05 0.265829 6.45333e-05 0.185843 0.0047965 0.389078 1.23038e-06 0.0270076 1.2506e-05 2.16563e-08 0.000770321 
0.000384136 0.202187 0.018569 3.1066e-08 0.0031847 0.00261117 0.0129402 0.154512 8.47493e-07 0.0979755 0.000202106 4.25025e-07 0.0434665 0.000419155 0.463547 
1.30203e-05 0.810068 1.58528e-05 2.08624e-10 8.65818e-10 0.0365916 1.05359e-09 0.0548711 0.0359849 7.59812e-06 0.00308385 2.05094e-05 0.0593259 1.40369e-09 1.72977e-05 
0.218799 0.0002792 0.0345853 3.29906e-08 0.000431574 0.011072 5.84134e-08 0.115626 0.00580237 0.282862 5.9492e-06 0.0113597 0.318561 0.000237104 0.000379255 
0.0681696 0.406345 0.00245877 3.16798e-11 2.93073e-06 9.63812e-05 0.000136937 0.0429194 0.335298 0.0307387 5.31714e-11 0.0227123 9.77306e-11 0.000399192 0.0907226 
0.0291102 0.00274245 0.0771964 1.84073e-08 1.93047e-05 1.11526e-05 5.53464e-05 0.0223477 5.59317e-07 0.0192385 2.26006e-05 0.830673 0.00956652 2.40092e-05 0.00899224 
0.131893 0.581113 0.0217578 3.42925e-10 5.44974e-07 5.28181e-10 0.00143025 1.11563e-06 0.0754746 0.159352 5.75565e-10 1.51222e-06 1.05791e-09 2.30732e-09 0.0289763 
0.334988 1.06464e-05 0.200743 1.13404e-11 7.60298e-05 0.13732 5.72714e-11 1.9579e-08 0.0326976 0.111179 4.33637e-08 0.182271 0.000666537 2.75489e-09 4.76699e-05 
0.00298046 0.0433225 0.0475944 1.56022e-07 0.0029892 9.179e-07 1.83028e-07 0.082566 0.00284435 0.0456368 0.00103293 0.0037101 0.096655 0.667103 0.00356389 
0.0807537 0.435312 0.204535 1.2176e-07 3.96716e-05 6.68398e-07 0.0102669 0.0264002 0.0299731 0.0320442 5.89708e-05 0.144345 0.00804807 0.000346691 0.0278751 
0.0390826 0.107287 0.0408345 1.09876e-07 0.000560479 0.000799231 5.54895e-07 0.00352318 0.00341452 0.0732015 0.00259915 0.0110145 0.000841664 7.924e-05 0.716761 
0.0122281 0.445477 0.0723983 3.3402e-05 0.00173601 0.000294419 0.00018741 0.0853639 0.069786 0.122547 8.74325e-05 0.00934595 0.0759959 0.00919057 0.095329 
0.0510821 1.09999e-08 0.724211 9.19093e-09 3.39906e-05 3.38021e-06 0.00118825 8.17704e-05 0.0740235 0.101886 1.66545e-06 0.0391982 0.00828543 3.97435e-06 2.65514e-08 
0.0795105 0.0251824 0.769705 3.74595e-05 0.000144442 0.0318675 0.0335198 0.000809433 0.0249611 0.00168927 0.00791376 0.00340567 0.000135165 0.0210092 0.000109534 
0.0318183 0.353679 0.145609 4.22951e-10 0.000142462 0.00143422 1.27729e-06 0.00148703 0.157708 0.106824 0.000357214 0.0266831 0.000293652 1.84791e-06 0.173961 
0.0164717 0.849005 0.0357153 1.24382e-10 3.31802e-06 0.00369138 8.76577e-07 0.0221226 0.0289461 0.0235592 0.000586313 1.06152e-06 0.00545339 8.36889e-10 0.0144436 
0.54796 0.065226 0.102757 7.59049e-08 0.000149735 0.0105951 9.74196e-06 0.0182626 0.02007 0.14796 2.44652e-05 0.00355952 0.0298545 5.10715e-07 0.0535708 
0.0216112 0.803628 0.0148967 5.6338e-07 0.00187235 0.00333644 0.00035121 0.112296 0.0186437 0.013644 0.000104728 1.84945e-06 1.72501e-06 2.89181e-06 0.00960874 
0.00578203 0.674106 1.6184e-06 8.14828e-11 2.12449e-06 0.0065146 0.0007386 0.0300238 0.22085 0.0455027 0.000427783 2.68472e-06 0.000449347 5.48245e-10 0.0155991 
0.0774722 0.762379 0.0360348 7.8548e-06 0.00347048 0.00257725 0.000318214 0.018177 3.8103e-05 0.0361431 2.30291e-05 3.81572e-05 0.00478253 1.93115e-05 0.0585192 
0.265323 0.0336316 0.281911 1.47563e-10 6.12406e-10 2.27279e-10 7.4522e-10 0.0967361 5.55385e-06 8.58335e-06 2.47669e-10 0.00420602 1.50683e-05 9.92854e-10 0.318163 
0.724083 2.48396e-06 0.0300896 2.35095e-10 9.7568e-10 0.00888416 1.18728e-09 0.00841801 0.000481591 0.140316 3.94584e-10 0.0515325 0.000612678 1.58181e-09 0.03558 
0.32088 0.336968 0.00301244 1.95013e-05 0.000257993 0.0626854 0.0173367 0.00999718 0.161446 0.0575011 0.00304777 0.0084409 0.00062999 0.00298641 0.0147907 
0.0118254 0.0692516 0.05177 3.34661e-08 0.00147428 0.0154233 1.12285e-06 0.0362007 0.00483726 0.0474553 0.000626382 0.00557996 0.0100306 9.75243e-07 0.745523 
0.000336224 0.964477 0.00161802 2.62726e-07 1.09035e-06 0.00484629 4.33337e-05 0.000104301 0.000312474 0.0115757 3.93993e-05 0.00382847 8.10496e-07 1.76772e-06 0.0128151 
4.66676e-05 0.994057 0.00066518 3.25647e-09 1.35148e-08 5.01569e-09 1.64458e-08 2.04315e-05 0.00498721 8.0872e-05 5.46565e-09 5.36895e-06 1.0046e-08 5.69896e-05 7.99733e-05 
0.443781 1.14944e-09 0.147737 9.60411e-10 0.264414 1.47925e-09 5.08578e-06 0.00427662 0.00109957 0.0913506 1.61195e-09 0.00088699 2.96282e-09 4.28936e-07 0.0464489 
0.0255295 0.124606 0.0252642 7.43642e-11 0.241019 1.20334e-06 0.000228333 0.0518518 0.0234328 0.0136127 0.000129873 0.00320613 0.00318304 5.00349e-10 0.487935 
0.311509 0.169392 3.02081e-05 7.04671e-06 2.20826e-05 0.0598134 3.17764e-05 0.000206893 0.0400387 0.145502 0.00404613 5.20473e-05 1.12952e-05 0.0114052 0.257932 
0.0527153 0.0391879 0.122574 4.55494e-07 0.000198018 0.000340823 8.68219e-07 0.00118866 0.0046499 0.772559 9.97418e-05 0.000192438 0.00628389 6.02845e-06 3.47768e-06 
0.00141811 0.790623 0.00121888 9.41662e-09 0.000594585 0.000418611 4.0655e-06 0.051082 0.00625424 0.129214 1.58048e-08 0.00227012 0.000353531 2.5679e-05 0.0165228 
0.62694 0.0443726 0.0381242 8.1195e-08 3.36971e-07 0.000783324 0.000883767 0.0129751 1.61568e-05 0.0356253 0.000202713 0.134802 0.00102681 5.46309e-07 0.104248 
0.369956 0.0600918 0.0588608 1.41648e-07 0.00219571 0.00800536 0.000899088 0.00975908 0.00247203 0.360521 0.0255989 0.0109461 0.0261036 4.4149e-07 0.0645901 
0.561416 0.205693 0.00648797 3.41259e-05 0.0190526 0.00369145 5.14908e-05 0.00435011 0.0448118 0.0566415 0.000102497 0.023235 7.51184e-05 0.00023833 0.0741188 
0.0157976 0.0317358 0.0324174 7.41718e-06 7.54639e-05 9.04019e-05 0.000132016 0.0750242 0.00114791 0.0796396 5.05525e-05 0.0205961 0.0269857 0.000311099 0.715989 
0.0011819 0.00544832 0.0151148 3.06818e-10 1.27334e-09 5.58672e-05 1.54949e-09 0.00253254 0.00287956 0.0584295 0.881342 0.0189705 0.00506215 3.9109e-06 0.00897881 
0.0539006 0.0759732 0.0216704 0.000141905 0.000155938 0.00208347 0.000534367 0.025307 0.376614 0.0206832 0.000153241 0.0970418 0.00389304 0.000320395 0.321527 
0.582275 0.0100759 0.00314881 3.91982e-08 1.57312e-07 3.78998e-07 3.93027e-07 0.00519174 0.00839195 0.389185 1.64164e-05 0.00164595 1.7742e-06 1.21288e-07 6.64875e-05 
0.00131078 0.895015 0.02009 1.88866e-05 5.25785e-05 0.00198119 2.43916e-05 0.0151816 0.0225785 0.015416 0.000531157 0.00253832 0.00139258 0.000437188 0.0234322 
0.0999387 0.162187 0.0183327 8.21733e-11 0.00547458 0.00428899 4.88911e-07 0.0308148 0.0214864 0.216663 1.3792e-10 0.428962 5.72095e-07 5.52892e-10 0.0118496 
1.55596e-06 0.921602 0.0160837 8.31535e-08 0.0257532 0.00184451 1.23137e-07 0.00385862 0.0241054 9.42618e-06 0.000896823 1.51135e-05 1.4151e-06 3.36607e-06 0.0058252 
0.00188983 0.41771 0.0328201 1.14734e-05 0.0207348 0.000406222 2.35566e-05 0.0691883 0.0591774 0.192529 3.36316e-05 0.0118214 0.0615744 0.000143672 0.131936 
0.0119085 0.531511 0.044372 4.8316e-07 0.000736913 0.00227581 0.00026718 0.0683092 0.0690719 0.0117155 6.49508e-05 0.0107378 0.000224635 0.000308492 0.248495 
0.0159415 0.0010691 0.468282 3.85819e-06 1.49784e-05 0.000681665 0.00015295 0.124713 0.0034668 0.197987 0.136609 0.00597342 0.0448228 2.06473e-05 0.000261383 
0.046573 0.145552 0.0292117 2.30619e-05 0.000369337 0.0044649 0.643018 0.0292454 0.0619923 0.0232375 9.81971e-05 0.0106912 0.0011814 0.00102113 0.00332036 
0.000244077 0.0419832 0.482213 2.24084e-11 0.00270974 2.37811e-07 1.13167e-10 0.0643664 0.0332838 0.0200022 0.000470553 0.0152904 0.324738 0.00312967 0.011569 
0.000714297 0.00764734 0.937582 2.0246e-06 0.000236011 0.0143158 6.4516e-05 0.000769556 0.000100954 0.00127759 0.00870938 0.02592 0.00246592 3.42572e-06 0.000190975 
0.0438713 0.00273174 0.438743 1.32321e-10 0.000148296 0.00136732 0.002198 0.00616135 0.0016848 0.00328672 7.77066e-08 0.35509 1.51411e-08 1.62782e-06 0.144715 
0.083862 0.0568868 0.000180921 2.97641e-05 0.0686249 0.000507768 0.246017 0.000504669 0.158375 7.53151e-05 0.000530245 0.0343974 3.19564e-05 0.000165154 0.349811 
0.00850167 0.205393 0.125557 0.000310527 0.00186854 0.054882 0.000889698 0.0273551 0.0778178 0.366338 0.0102239 0.0199736 0.0451581 0.0165546 0.0391767 
0.0757348 0.0863563 0.178093 0.000121034 0.00341874 0.00490652 0.000157503 0.0740551 0.362876 0.101372 0.000180184 0.0574232 0.0359565 0.000397215 0.0189521 
7.76837e-05 0.958959 2.80819e-05 4.75559e-07 0.0398533 8.14026e-05 2.40167e-06 1.28917e-05 6.22233e-05 0.000778682 2.14823e-05 5.22355e-07 1.46707e-06 3.19973e-06 0.000117078 
0.0203511 0.00455081 0.0138772 1.94709e-08 0.00229647 0.000835743 8.36073e-06 0.0296433 0.000246677 0.0411714 0.00181955 0.0695045 0.0492558 2.08372e-05 0.766418 
0.0464809 0.00518437 0.021145 1.8762e-11 7.7865e-11 2.88977e-11 9.47518e-11 0.00229327 0.68747 0.0241018 3.14901e-11 0.212986 0.000338908 2.52601e-07 5.4201e-11 
0.00575286 0.600136 4.23411e-06 8.03798e-11 1.71467e-05 1.23803e-10 4.05933e-10 0.2201 2.29088e-06 0.0650597 0.00179196 2.56128e-07 3.95508e-05 0.0691924 0.0379037 
0.0994265 0.0365515 1.12949e-05 1.22998e-10 8.7947e-08 2.24323e-06 1.48516e-07 0.000529973 0.719486 0.139764 3.35445e-05 0.00242767 3.79443e-10 5.44638e-08 0.0017673 
3.07727e-07 0.976547 0.00314675 1.02099e-10 1.31398e-06 1.25962e-07 8.77073e-07 0.000590918 9.01575e-08 7.75729e-07 0.000648455 1.12146e-10 3.14971e-10 6.86961e-10 0.0190639 
0.00445362 0.975148 0.002955 1.13301e-07 4.70215e-07 1.74509e-07 5.72191e-07 0.00306007 0.00299975 0.00350237 1.90164e-07 0.000933501 0.00471895 7.62328e-07 0.00222604 
0.120761 0.118188 0.0974593 3.27412e-08 0.062822 0.0466617 0.288518 0.0092654 0.0666444 0.136898 0.00213751 0.0249104 2.54191e-05 5.30306e-08 0.0257092 
0.369956 0.0600918 0.0588608 1.41648e-07 0.00219571 0.00800536 0.000899088 0.00975908 0.00247203 0.360521 0.0255989 0.0109461 0.0261036 4.4149e-07 0.0645901 
0.000617166 0.846127 0.0384134 2.54354e-06 0.000101071 0.000195028 1.08893e-05 0.0842321 0.00105545 0.00747358 0.0198483 0.000278502 6.0568e-05 3.69703e-05 0.00154729 
0.033144 0.103227 1.15576e-05 5.57554e-11 2.01335e-06 2.08766e-05 2.81576e-10 0.00839085 0.278199 0.547907 9.35798e-11 5.42609e-06 6.70981e-05 3.75142e-10 0.0290257 
0.006042 0.00499575 0.176 1.63906e-06 0.000525533 0.000665327 2.13216e-06 0.00471758 0.0056349 0.0600308 2.63574e-05 0.0863295 0.000219172 0.650669 0.00414045 
3.56464e-07 0.954856 1.77366e-07 1.83499e-10 7.61545e-10 2.82629e-10 9.26704e-10 0.0150769 4.28762e-07 1.70786e-06 4.00687e-07 1.59249e-06 0.00142862 1.23464e-09 0.0286336 
0.00747203 0.829769 0.0664717 2.89208e-07 0.0128423 0.00616082 0.0185765 0.00610671 0.00806636 0.0350261 9.28483e-06 9.56758e-06 2.13528e-05 7.20618e-07 0.00946745 
0.073555 0.824919 0.0026021 1.29614e-08 2.49738e-05 0.000298079 0.000192495 0.0578667 0.0237038 0.00864007 1.67076e-05 0.000557522 0.00455991 4.68305e-06 0.00305918 
0.00364701 0.00199217 0.0178277 1.07568e-06 0.000865603 0.00264433 9.99589e-06 0.0153958 0.00243634 0.0343113 0.000680176 0.913492 0.0045637 2.67294e-05 0.00210574 
1.18933e-05 0.20679 0.615154 8.34156e-08 4.35906e-07 7.18312e-07 6.70814e-07 0.0909834 0.0237708 2.18515e-07 0.000168825 3.46144e-05 3.23938e-06 0.000125071 0.0629566 
0.0690955 0.00337146 0.177247 7.91766e-09 0.000926112 0.0602334 4.16186e-08 0.00546269 0.0887178 0.50425 4.34893e-05 0.0876269 1.34598e-07 1.0193e-05 0.00301527 
1.64942e-05 0.800714 2.09935e-05 7.24443e-10 3.00654e-09 1.1158e-09 3.65858e-09 0.0164052 0.0955742 2.51146e-06 1.58189e-06 0.0760514 2.23487e-09 4.87431e-09 0.0112135 
0.0177123 0.913975 0.00176157 1.56257e-09 6.48487e-09 6.94718e-06 6.47148e-07 0.0226089 0.0352793 0.0086202 4.57483e-06 1.75577e-06 3.97809e-06 1.05135e-08 2.49865e-05 
0.0153282 0.128114 0.777082 1.4635e-07 0.00174259 1.19936e-06 1.15116e-06 0.00153614 0.00249199 1.26554e-05 1.71795e-05 0.0707336 1.65411e-05 0.00290645 1.57734e-05 
0.0376661 0.120617 0.0361365 1.76517e-07 0.00427799 1.0385e-06 2.07049e-07 0.0644315 0.0231944 0.0638291 2.23255e-07 0.0120976 0.0133222 0.61754 0.00688579 
1.55463e-06 0.405629 1.59016e-06 1.05524e-10 2.7284e-05 1.36542e-06 8.53198e-07 0.160085 5.71911e-06 0.404725 1.77111e-10 2.58487e-06 0.0295101 7.10001e-10 9.75528e-06 
0.0753501 0.430366 0.000745036 7.4169e-11 1.28059e-05 1.9302e-07 2.48483e-05 0.0561078 0.0331305 0.0532775 0.000148535 0.277603 0.0010275 3.02654e-06 0.0722027 
0.0377136 0.932876 0.000792444 5.04113e-08 2.09214e-07 2.22294e-05 8.12677e-05 9.18262e-05 7.06674e-05 0.02795 8.46102e-08 5.53719e-08 6.84138e-05 3.39185e-07 0.000332529 
0.135033 0.257578 0.000430163 2.74294e-07 0.00248255 4.22474e-07 0.000337257 8.61347e-05 0.00340113 0.000665573 0.279013 0.318616 0.000129418 0.000252434 0.00197408 
0.000139683 0.249768 0.110488 5.03401e-09 2.8163e-06 2.3481e-06 2.00508e-07 0.175792 0.0261166 0.138314 1.00936e-05 0.00695755 0.0326218 3.38706e-08 0.259786 
0.308953 5.30327e-05 1.90457e-05 1.04505e-09 4.33712e-09 1.60962e-09 5.27772e-09 9.34673e-06 1.01456e-05 0.6355 1.58037e-06 6.66936e-05 1.54781e-05 7.03851e-06 0.0553643 
0.0574694 0.0052839 0.520904 2.93549e-05 0.00126836 0.00633048 0.00022068 0.0033276 0.299202 0.00713053 3.86471e-05 0.0961502 0.000142181 0.000240771 0.00226156 
0.00685689 0.0259772 0.106803 9.64041e-10 4.00091e-09 9.23974e-07 4.86859e-09 1.41244e-05 0.431506 0.125818 1.61804e-09 0.303024 2.97402e-09 6.48641e-09 2.42657e-07 
0.156757 0.607396 0.00152462 1.05523e-07 0.0215825 0.000336841 0.120073 0.022522 0.0433459 0.0208862 4.03332e-06 0.00435136 1.71524e-06 1.73039e-07 0.00121876 
0.629817 4.56235e-06 7.03781e-06 2.41253e-10 2.5933e-05 0.351403 1.21838e-09 1.39654e-07 7.0035e-05 5.39899e-05 2.22746e-06 0.0186154 7.44254e-10 1.62324e-09 4.18866e-07 
0.055319 0.635886 0.13253 9.36552e-11 1.24417e-06 1.83212e-06 4.72977e-10 0.0401003 0.027735 0.088019 1.57191e-10 2.66447e-06 2.88921e-10 6.30146e-10 0.020405 
0.0387848 0.381037 0.0199283 3.02157e-06 8.70816e-05 0.0441226 0.000429255 0.0145184 0.0653338 0.00645674 0.417054 0.00374149 0.00750081 0.000635921 0.000367314 
0.121942 0.00441138 0.0298253 0.000118969 0.00197167 0.0372315 0.00017392 0.0294866 0.336165 0.12588 0.00665861 0.285909 0.00778817 0.006905 0.00553267 
0.000283767 0.0468794 0.0389956 1.02547e-07 0.000110533 1.57945e-07 0.00142893 0.0421625 0.0483734 0.80618 0.000269182 0.000515556 0.000222836 0.0019672 0.0126108 
0.703652 0.000465554 0.00365757 2.63571e-05 6.10575e-05 0.0386511 0.00764257 0.0158055 0.0289527 0.157559 0.0322883 0.00944107 0.000617529 0.000490548 0.000689472 
