0.140835 0.00465721 0.0200136 0.000277777 0.00100547 0.00243084 0.0810496 0.0137478 0.40484 0.140759 0.0427814 0.135551 0.00589698 0.0015786 0.00457562 
0.107651 0.0407603 0.0485174 6.85445e-07 1.41392e-05 3.29564e-06 9.09852e-05 0.361846 0.208243 0.0661519 1.46816e-07 0.162931 0.000437764 1.0389e-06 0.00335099 
0.0702933 0.0585784 0.0513103 3.88979e-07 0.00108886 0.00070048 0.778896 0.00544669 0.00688598 3.8902e-07 0.00556207 0.0159482 3.88822e-07 3.88543e-07 0.00528855 
0.000298183 0.369921 0.443364 2.41891e-07 0.00157544 3.72567e-07 1.2216e-06 0.000335263 1.25573e-07 0.115889 4.0599e-07 0.00103511 7.46221e-07 1.62753e-06 0.0675777 
0.0924623 0.0781273 0.114299 5.38115e-05 0.000118816 0.0176357 0.000383056 0.0113168 0.083115 0.474987 8.69271e-05 0.0924226 0.0168845 0.0032483 0.0148594 
0.072267 7.10419e-05 0.0794547 0.000493559 0.0011757 0.000554379 1.59642e-07 0.0615888 0.0221595 0.642663 0.0553559 0.0457172 0.0128291 0.00263514 0.0030344 
6.1628e-06 0.243561 2.59804e-05 3.11597e-07 0.531597 1.03622e-06 1.02485e-06 0.000442402 0.217199 1.55972e-07 6.10041e-05 0.00409574 8.17591e-07 6.48431e-10 0.00300801 
0.000506086 0.00055322 6.6033e-05 3.54357e-07 4.50039e-06 1.01677e-06 0.998648 1.62148e-06 7.29694e-05 7.75631e-09 0.00013079 9.22629e-06 1.44692e-10 1.86817e-06 3.85581e-06 
0.000506086 0.00055322 6.6033e-05 3.54357e-07 4.50039e-06 1.01677e-06 0.998648 1.62148e-06 7.29694e-05 7.75631e-09 0.00013079 9.22629e-06 1.44692e-10 1.86817e-06 3.85581e-06 
0.0332623 0.449272 8.11872e-06 1.03959e-09 4.31446e-09 8.46974e-08 1.0268e-05 0.0108392 3.06268e-06 0.342418 1.08466e-06 4.30733e-06 0.0836002 6.99476e-09 0.0805811 
0.430111 0.00762054 0.00617046 9.45598e-05 0.00103431 0.131106 2.82221e-05 0.00873345 0.238066 0.159615 0.000107613 0.0136858 0.000317624 0.000255298 0.00305327 
0.0400149 0.405624 0.00818918 5.66904e-06 0.000114766 0.00310362 2.47317e-05 0.281216 0.152683 0.0445202 5.68394e-05 0.00249691 0.0036501 0.0579587 0.000340928 
0.00406885 0.00134797 0.043848 4.0116e-06 1.66487e-05 6.17876e-06 2.02593e-05 0.00477219 0.000137803 0.944652 6.73305e-06 0.000438658 0.00064186 2.69914e-05 1.1589e-05 
0.053894 0.229639 0.0210395 9.27385e-07 0.00127467 0.00021453 5.07208e-06 0.0170019 0.022793 0.360487 2.8046e-05 0.129939 0.000665432 0.0473399 0.115678 
0.0134009 0.0608142 0.00561931 6.9781e-07 9.2666e-06 0.000104805 0.907709 0.00017676 0.0111851 2.33456e-08 0.000778812 1.7017e-05 3.12953e-06 0.000176882 4.50054e-06 
0.0292511 0.459253 0.136618 0.000298422 0.000941788 0.0291624 0.0226073 0.177283 0.0355936 0.0454909 0.0242776 0.00289005 0.029337 6.84591e-06 0.00698921 
0.0340057 0.287403 0.344685 2.29803e-05 3.94733e-06 0.048024 0.000316165 0.0357573 0.0229362 0.180353 0.0350579 0.00412423 0.00581864 2.11181e-05 0.00147064 
0.000665781 0.0393164 0.67595 1.04102e-08 0.00170604 3.22986e-11 1.05903e-10 0.0378138 0.0626504 0.0218764 0.000527837 0.00304703 0.147244 0.00216177 0.00704015 
0.249453 0.00534549 0.0101825 0.000113263 0.0209533 0.00621219 0.000352504 0.420539 0.0387636 0.0532062 3.648e-05 0.17477 0.000862706 0.00081037 0.0183998 
0.0256904 0.0192465 0.352116 4.85355e-05 4.37683e-05 0.00738668 0.0206477 0.00465144 0.0167753 0.0705885 0.015499 0.0721299 0.00727103 0.000233311 0.387672 
0.158593 0.00335773 0.334359 3.70177e-05 4.11992e-05 0.218585 4.03646e-05 0.0205413 0.105327 0.0671206 0.017501 0.0724229 0.00180446 3.91234e-10 0.000267688 
0.0197029 0.300037 0.125376 0.00192688 0.0104041 0.0104339 7.50644e-06 0.157688 0.028305 0.140242 9.14531e-05 0.158226 0.0414249 0.00225398 0.00388038 
0.0527153 0.0391879 0.122574 4.55494e-07 0.000198018 0.000340823 8.68219e-07 0.00118866 0.0046499 0.772559 9.97418e-05 0.000192438 0.00628389 6.02845e-06 3.47768e-06 
0.0372645 0.214757 0.0425447 0.000895043 0.00164673 0.134848 2.53756e-06 0.247976 0.0729946 0.214179 0.00246859 0.0201928 0.00724344 1.62364e-06 0.00298513 
0.00698664 0.0411889 0.815149 3.3047e-05 0.00198197 0.00458714 1.7796e-07 0.00499912 0.102242 0.0111377 0.000148468 0.00108307 0.00420818 1.20423e-08 0.00625455 
0.000465514 0.000990851 0.000374119 1.89208e-05 0.985636 0.00467084 5.88865e-09 0.00237786 0.000135584 0.00196466 5.64756e-05 1.95998e-05 0.0032539 3.55329e-05 3.9337e-11 
0.0208256 0.503867 0.113151 4.40318e-05 3.17246e-07 0.03867 8.25343e-05 0.0380375 0.00779713 0.0417847 0.209822 0.00598125 0.0195739 4.30802e-05 0.000319837 
0.0589656 0.41547 0.254263 9.51681e-05 0.00179613 0.0248078 0.00135617 0.0289499 0.0459794 0.0442451 0.0133278 0.0176297 0.0672448 4.66355e-10 0.0258694 
0.000506086 0.00055322 6.6033e-05 3.54357e-07 4.50039e-06 1.01677e-06 0.998648 1.62148e-06 7.29694e-05 7.75631e-09 0.00013079 9.22629e-06 1.44692e-10 1.86817e-06 3.85581e-06 
0.0570623 0.0125928 0.175402 0.00227105 0.00237815 0.00269583 7.64522e-05 0.0206732 0.0955823 0.456422 0.0805792 0.074794 0.00694901 4.78005e-05 0.0124741 
0.169044 0.0955174 0.0367906 0.000202639 0.00550312 0.00215463 0.431709 0.0266874 0.0962053 0.024753 0.00132773 0.0672411 0.000434571 0.0359398 0.0064896 
0.00554066 0.402211 0.279561 4.44769e-06 3.4868e-06 0.00139737 0.000312597 0.0599332 0.0829464 0.109499 1.11381e-06 0.00572534 0.038105 8.91351e-06 0.0147508 
0.0127199 0.699899 0.0125005 7.73179e-05 0.000208404 0.000118198 3.22801e-05 0.0290561 0.00163785 0.171143 0.000203239 0.000324764 0.00690559 3.28991e-07 0.0651738 
0.000506086 0.00055322 6.6033e-05 3.54357e-07 4.50039e-06 1.01677e-06 0.998648 1.62148e-06 7.29694e-05 7.75631e-09 0.00013079 9.22629e-06 1.44692e-10 1.86817e-06 3.85581e-06 
0.513195 0.0433083 0.0055193 3.04987e-05 0.000902631 0.0957139 0.000292518 0.000736246 0.326617 0.0110497 0.000247457 0.00211756 7.80266e-05 1.94573e-12 0.000191509 
0.502752 0.0425633 0.00730591 0.000152427 0.000326558 0.000160273 0.000299157 0.000633154 0.408905 0.0128419 4.36191e-06 0.0172784 0.000181104 2.87862e-12 0.00659699 
0.0810641 0.0809806 0.45112 0.000139367 0.0130955 0.00853373 0.000154633 0.138399 0.0493309 0.0573403 0.00813595 0.073594 0.0357471 0.000739494 0.00162561 
0.513195 0.0433083 0.0055193 3.04987e-05 0.000902631 0.0957139 0.000292518 0.000736246 0.326617 0.0110497 0.000247457 0.00211756 7.80266e-05 1.94573e-12 0.000191509 
0.00229182 0.0217387 0.00248882 9.61411e-08 5.92785e-05 0.000103187 2.77157e-07 0.00394582 0.000487223 0.0135846 2.15163e-05 1.04316e-10 0.0291411 6.38998e-10 0.926138 
0.0291678 0.00618843 0.00812451 0.000144254 0.00247511 0.0684096 1.37238e-11 0.0966828 0.000527792 0.0146422 0.463095 0.306557 0.000567071 3.46622e-06 0.00341419 
0.0105311 0.0418043 0.09083 3.36879e-05 0.000875208 0.000205351 2.13639e-05 0.00434205 0.00341996 0.00907758 7.74454e-05 0.00231687 0.000824365 0.00116764 0.834473 
0.0179699 4.6921e-05 0.611637 8.99974e-06 0.000179642 0.000491372 0.000245282 0.00134565 0.147798 0.0505153 5.72727e-06 0.16954 0.000192911 1.8313e-06 2.12521e-05 
0.110253 0.144604 0.486485 0.000244214 0.00018196 0.00274899 0.0143416 0.00141316 0.168758 0.0264339 0.0167969 0.0222702 0.00438719 0.000449234 0.000633124 
0.0488144 0.57653 0.0200279 0.000382328 3.79711e-07 0.0123719 0.121842 0.086872 0.0263064 0.010609 0.00249794 0.0371753 0.00845807 0.046765 0.00134706 
0.202013 0.0896911 0.0618439 2.92209e-05 1.16605e-05 0.000723496 0.411953 0.0010372 0.207733 0.00499883 0.000568733 0.0184254 4.40895e-05 9.3041e-07 0.000927237 
0.0654588 0.0339371 0.0844744 0.000307264 0.000452238 0.00509953 0.000342632 0.0690945 0.0376435 0.0112194 2.23863e-05 0.35942 0.00168977 0.000976727 0.329862 
0.122228 0.531751 0.00129924 3.29109e-08 1.01844e-07 0.000199106 0.000694499 0.00576558 0.309476 0.000179332 0.00116767 0.00106099 0.000623779 1.29115e-07 0.0255536 
0.0291678 0.00618843 0.00812451 0.000144254 0.00247511 0.0684096 1.37238e-11 0.0966828 0.000527792 0.0146422 0.463095 0.306557 0.000567071 3.46622e-06 0.00341419 
0.150243 0.00823218 0.191374 0.000197039 0.00344052 0.0107848 0.000355916 0.0585455 0.137158 0.0309079 0.0341813 0.175724 0.183342 0.000414108 0.0150998 
0.0202186 0.0104575 0.0340424 3.7527e-08 8.51036e-11 0.00377995 1.75989e-07 0.0742098 1.09442e-06 0.161504 4.01031e-05 0.000127018 0.689708 1.37973e-10 0.00591176 
0.00103793 0.987842 7.1768e-05 6.18644e-07 2.56746e-06 0.000168285 0.000198901 0.00359609 0.00605411 0.00023882 1.05507e-05 6.79521e-07 1.90849e-06 4.16246e-06 0.000771328 
9.64616e-07 0.744821 0.0243072 0.000141735 0.00698442 0.00400511 1.18795e-10 0.0870113 0.00695783 0.0376029 0.00191495 0.0187463 0.0494692 0.00169573 0.0163415 
0.0748246 0.00308114 0.37154 0.000227647 0.00012025 0.00883389 0.000715781 0.0376435 0.0385101 0.07783 0.0209805 0.258387 0.0319685 0.0061853 0.0691515 
0.011105 0.668207 0.00238667 5.023e-06 1.7042e-06 0.0572216 0.000327932 0.0819168 0.109801 0.0306144 0.000576104 0.000132897 0.000319899 5.75506e-10 0.0373836 
0.0498507 0.0725589 0.215206 0.00169678 0.000141719 0.0194915 4.74869e-05 0.0202466 0.385204 0.129993 0.0706338 0.0193246 0.00306814 0.00898721 0.00354944 
0.0119872 0.00768611 0.00871814 5.70114e-05 0.000197988 0.000499359 0.380993 0.000539771 0.0052564 0.000692841 0.582319 0.000868624 3.73732e-05 8.79326e-05 5.84397e-05 
0.267207 0.00702346 0.117752 0.00119004 0.0057972 0.0113994 4.89443e-05 0.018591 0.312199 0.133115 0.00311041 0.107239 0.01052 6.24392e-06 0.00480059 
0.0138768 0.00298003 0.130075 1.87451e-06 7.537e-06 0.000242213 1.18496e-05 0.00687568 0.00540626 0.0121572 2.48826e-06 0.200215 1.73933e-05 6.39484e-07 0.62813 
0.000506086 0.00055322 6.6033e-05 3.54357e-07 4.50039e-06 1.01677e-06 0.998648 1.62148e-06 7.29694e-05 7.75631e-09 0.00013079 9.22629e-06 1.44692e-10 1.86817e-06 3.85581e-06 
0.256528 0.000200988 0.00277758 0.000168802 1.0837e-05 0.274262 0.000236555 0.00726727 0.0125102 0.305792 0.0820382 0.00712207 0.000714204 0.0503677 2.21645e-06 
0.0007544 0.0188879 0.0752042 1.88239e-07 0.0409072 0.000644877 3.10979e-07 0.0395552 0.00250353 0.0169222 0.00022543 0.00225231 0.0130869 1.968e-08 0.789055 
0.0467138 0.164766 0.619092 2.76954e-05 0.000110376 0.0543064 1.50456e-06 0.000655928 0.0186449 0.0610445 0.0215206 0.00650837 0.00633824 1.00028e-10 0.000269435 
0.151497 0.0152647 0.000870252 1.12812e-07 0.00311341 0.0258894 7.6455e-11 0.0013722 0.0497445 0.676639 0.000734948 0.0748735 1.14467e-07 1.01861e-10 7.21336e-07 
0.185837 5.44001e-05 0.288425 5.88009e-10 2.07451e-05 2.18274e-05 1.19079e-06 0.0841342 1.80129e-06 0.377758 9.86914e-10 0.0637043 4.71814e-06 3.95634e-09 3.72027e-05 
0.0141412 0.878268 0.0061131 3.02347e-06 0.0378011 5.63961e-05 0.0193868 0.00660834 0.0192138 0.00427983 0.0129381 0.000229057 5.16759e-05 4.23365e-09 0.000910006 
0.0713208 0.0434397 0.139467 0.00211787 0.049526 0.0633524 0.000372178 0.359745 0.0100957 0.0734895 0.0153235 0.0364254 0.072916 0.000341984 0.0620666 
0.0169268 0.0664359 0.221165 0.000697908 0.000672435 0.0038554 1.23174e-05 0.105575 0.0703441 0.0485407 0.000809464 0.422657 0.00250787 0.00190464 0.0378958 
0.0291678 0.00618843 0.00812451 0.000144254 0.00247511 0.0684096 1.37238e-11 0.0966828 0.000527792 0.0146422 0.463095 0.306557 0.000567071 3.46622e-06 0.00341419 
0.265323 0.0336316 0.281911 1.47563e-10 6.12406e-10 2.27279e-10 7.4522e-10 0.0967361 5.55385e-06 8.58335e-06 2.47669e-10 0.00420602 1.50683e-05 9.92854e-10 0.318163 
0.256528 0.000200988 0.00277758 0.000168802 1.0837e-05 0.274262 0.000236555 0.00726727 0.0125102 0.305792 0.0820382 0.00712207 0.000714204 0.0503677 2.21645e-06 
0.239757 0.698988 1.20652e-05 1.27948e-06 0.00176877 1.2154e-05 1.98485e-08 1.40484e-05 0.0499204 1.39323e-05 6.59651e-09 0.000297804 0.00757697 0.00161531 2.25812e-05 
0.012318 0.0165071 0.0136656 1.33665e-10 0.0179794 7.64442e-07 5.71793e-05 0.136656 0.0212111 0.0519821 2.79462e-07 0.000304011 0.729318 8.99344e-10 3.8614e-10 
0.000331435 0.940237 0.011745 1.38683e-08 9.27746e-07 0.000759354 1.91551e-07 0.00363086 0.0160478 0.0264814 0.000333759 0.00042676 1.45287e-06 8.00785e-10 3.89288e-06 
9.64616e-07 0.744821 0.0243072 0.000141735 0.00698442 0.00400511 1.18795e-10 0.0870113 0.00695783 0.0376029 0.00191495 0.0187463 0.0494692 0.00169573 0.0163415 
0.0128566 0.103827 0.359674 0.000262919 0.0676924 0.000306747 1.13252e-06 0.193497 0.118895 0.0422508 5.89836e-05 0.037257 0.0288562 0.0215269 0.0130372 
0.0339188 0.220915 0.0129337 5.48552e-05 0.0389943 0.000431551 1.57982e-05 0.142388 0.268764 0.0360785 0.000387411 0.00268641 0.000732247 7.24282e-08 0.241699 
0.109026 0.229978 0.049488 0.00138735 0.0161722 0.112244 0.0495779 0.163849 0.15468 0.0569958 0.000161405 0.0186423 0.00236494 0.0327345 0.00269773 
0.0845876 0.0207057 0.677616 0.000128465 0.000579992 0.0100704 0.00382587 0.0303222 0.0467308 0.0848255 0.000127182 0.0215691 0.00982723 0.00796872 0.00111472 
0.0478815 0.0482612 0.0306607 0.000464419 5.96387e-05 0.083097 6.70557e-06 0.0405813 0.0190568 0.0281781 0.294325 0.000466376 0.371181 0.0349655 0.000814331 
0.0240929 0.226574 0.0938983 8.8085e-11 1.24204e-06 0.0102854 9.16754e-07 0.0911365 0.164454 0.297878 8.32969e-05 0.0270162 0.000513697 5.92668e-10 0.0640651 
0.0147778 0.000223147 0.00594649 0.000118906 0.00540572 0.0134989 1.55305e-08 0.0819821 0.000562266 0.0185383 0.00656319 0.851659 0.000530184 1.24674e-07 0.000194224 
0.00650157 0.00220997 0.430271 5.84541e-05 0.000783286 0.000363278 1.30412e-07 0.020301 0.00829379 0.0784841 0.0199343 0.127408 0.00049055 9.41429e-10 0.3049 
0.639308 9.80831e-05 0.0140781 1.23182e-08 0.00649577 0.000695281 0.000402923 0.000185199 0.0373669 0.00234563 2.09601e-08 0.297698 2.33806e-06 4.78452e-10 0.00132332 
0.029292 0.100372 0.14016 2.90993e-05 0.0096912 5.93448e-07 0.564861 0.0392859 0.0319701 0.0209251 0.000401374 0.00515837 0.000401423 0.00257712 0.0548759 
0.000111118 0.158113 0.0466987 4.47288e-06 0.427281 3.28702e-05 1.41975e-07 0.0576602 0.00156888 0.000499325 5.38199e-05 5.26404e-06 0.0097925 5.10406e-08 0.298179 
0.330279 0.33456 0.0350784 2.37788e-09 9.86853e-09 9.70942e-06 3.07129e-05 0.0534518 0.159822 0.000100187 0.000298033 0.0422281 1.54112e-06 1.59992e-08 0.044141 
0.256528 0.000200988 0.00277758 0.000168802 1.0837e-05 0.274262 0.000236555 0.00726727 0.0125102 0.305792 0.0820382 0.00712207 0.000714204 0.0503677 2.21645e-06 
0.0269374 0.892 9.93909e-12 1.54344e-11 4.42043e-07 1.26709e-06 0.00131018 0.0024239 0.0687879 3.34411e-06 6.47885e-08 1.69532e-11 6.52361e-07 1.03848e-10 0.00853511 
0.106135 0.122467 0.166819 0.00217155 1.96137e-05 0.00737546 6.39234e-05 0.313943 0.0499332 0.154129 0.00446996 0.014776 0.0326641 0.00465166 0.0203804 
0.0854756 0.0707427 0.49709 9.03764e-06 0.0238589 0.00148365 3.66862e-07 0.0184742 0.00499123 0.279079 0.000186626 0.00672952 0.0028467 4.36431e-07 0.00903189 
0.153832 0.496162 0.0584455 1.52192e-05 5.95568e-07 0.00118313 2.66931e-05 0.00680751 0.017833 0.00267444 0.000148133 0.0170111 0.00124689 1.37564e-07 0.244614 
0.00844867 0.837896 0.0471672 3.69601e-05 0.000170733 0.00875776 0.000574154 0.0224732 0.00476057 0.0102651 0.0165693 0.00311427 5.0187e-05 6.69378e-07 0.0397157 
0.169269 0.0196678 0.019296 0.00110768 0.130945 0.0113371 0.494112 0.079121 0.0318885 0.00288806 0.000219449 0.0106846 5.63654e-05 0.00197535 0.0274323 
0.021281 0.750504 0.0900368 3.20903e-07 3.29755e-07 6.17667e-07 0.00949686 0.000100738 0.128211 1.48922e-06 0.000354472 1.43285e-06 1.30447e-09 2.84509e-09 1.01614e-05 
0.0130114 0.000488738 0.769702 8.79404e-09 0.0571015 0.00100035 0.000522355 0.00150985 0.11959 3.87181e-08 9.62542e-06 0.03647 0.000594398 9.25284e-09 1.18215e-08 
0.00987547 0.00567491 0.489584 1.87372e-06 9.04978e-05 0.000510995 0.0169939 0.00216118 0.00305047 0.0773585 0.00809281 0.0384109 0.00745442 3.02321e-05 0.34071 
0.000506086 0.00055322 6.6033e-05 3.54357e-07 4.50039e-06 1.01677e-06 0.998648 1.62148e-06 7.29694e-05 7.75631e-09 0.00013079 9.22629e-06 1.44692e-10 1.86817e-06 3.85581e-06 
0.0348243 0.172639 0.00898947 3.69676e-05 0.00259241 0.000156459 1.16392e-05 0.0556148 0.0528645 0.00485884 0.00116014 0.0522971 2.06448e-05 3.75656e-05 0.613896 
0.00100848 0.505986 0.0227721 3.65845e-07 0.000152975 0.000161977 0.000609351 0.068123 0.0175027 0.0434271 0.000536754 0.00793747 0.00417825 1.52896e-07 0.327603 
0.00839671 6.37138e-05 0.000991172 2.20793e-12 9.16322e-12 3.40071e-12 1.11505e-11 0.000358013 0.952523 0.0375476 2.50728e-09 0.000119637 6.81134e-12 1.48557e-11 5.1435e-10 
0.0351588 0.775697 0.0708424 0.000366366 0.00168082 0.0497908 5.82589e-05 0.0307348 0.00612295 0.0141848 0.00306286 0.00131122 0.000912013 1.93093e-09 0.0100769 
0.00100026 0.889003 0.0448452 6.80918e-09 0.000321783 7.17879e-05 5.30216e-05 0.000960091 0.00577123 0.0230542 2.53527e-06 0.000176987 0.000809476 4.58146e-08 0.0339302 
0.000506086 0.00055322 6.6033e-05 3.54357e-07 4.50039e-06 1.01677e-06 0.998648 1.62148e-06 7.29694e-05 7.75631e-09 0.00013079 9.22629e-06 1.44692e-10 1.86817e-06 3.85581e-06 
5.1972e-05 0.0889608 0.0117002 9.58294e-10 3.56655e-06 1.47599e-09 4.83957e-09 0.235234 9.00103e-06 0.585045 1.6084e-09 1.75534e-05 2.95629e-09 3.37723e-05 0.0789445 
0.00848748 0.0384117 0.0788287 4.05447e-05 0.000134097 0.010301 0.000102164 0.0181913 0.0240463 0.0193209 0.792114 0.00165229 0.00329868 1.01585e-08 0.0050709 
0.0219608 0.1812 0.141822 0.00132784 0.000696831 0.00724663 0.00453865 0.00778468 0.0501051 0.0208287 0.546383 0.00872958 0.00221123 0.00450934 0.000656036 
0.0110676 0.517599 0.0578832 7.24458e-11 0.0569242 0.000882757 3.83084e-07 0.0912001 0.0110429 0.245846 1.21593e-10 5.08918e-06 8.33083e-07 4.87441e-10 0.00754783 
0.13524 0.0183057 0.421694 3.18207e-06 1.32607e-06 0.00778283 5.52951e-05 0.00309936 0.225495 0.103093 3.37448e-05 0.0816814 0.000542681 5.31462e-11 0.00297318 
0.00512955 0.00491142 0.938852 1.09492e-05 4.5745e-06 0.000253799 1.64788e-05 0.00112083 0.0157739 0.013283 0.00891603 0.00672259 0.00482072 1.31236e-06 0.000182969 
0.000699372 0.839873 0.119368 1.60368e-07 6.65552e-07 2.47003e-07 8.09892e-07 1.69436e-05 0.000344597 0.0392354 2.69162e-07 1.76149e-07 0.000285877 1.07902e-06 0.000173811 
0.0936546 0.0718636 0.547095 0.000134205 2.76946e-11 0.00931357 1.10952e-08 0.0395392 0.0209631 0.0885608 0.000512036 0.0544762 0.000427813 0.0733096 0.000149994 
0.000506086 0.00055322 6.6033e-05 3.54357e-07 4.50039e-06 1.01677e-06 0.998648 1.62148e-06 7.29694e-05 7.75631e-09 0.00013079 9.22629e-06 1.44692e-10 1.86817e-06 3.85581e-06 
0.130708 0.0136228 0.0901047 0.000459069 4.93547e-05 0.0271853 0.000932782 0.370778 0.0885046 0.170692 6.25395e-05 0.0659374 0.0311285 0.00375445 0.00608006 
0.0664905 0.00600082 0.439363 0.000258727 0.0022404 0.000762922 9.45402e-07 0.0077997 0.159934 0.0769801 0.0402038 0.153727 0.00170448 0.042412 0.00212224 
0.242474 0.475063 0.0058021 5.01681e-05 6.90865e-05 0.000586298 0.000157163 0.118993 0.0874763 0.00325233 3.27545e-05 0.00070018 0.0637578 0.000192779 0.00139302 
0.00196467 0.0303418 0.00802486 1.5595e-05 0.00451492 3.49448e-05 0.000346446 0.0186399 0.0104952 0.0224594 0.000239145 0.0191251 0.0136223 0.847678 0.0224981 
0.0124956 0.514338 0.0296228 0.000975834 4.63662e-05 0.00438193 0.0248479 0.115444 0.0768647 0.194438 0.00067215 0.00861221 0.00150435 0.00653247 0.00922446 
0.000146812 0.609736 0.151813 1.25206e-07 0.017337 0.00144658 0.000364229 0.0266618 0.000140167 0.134303 2.10146e-07 0.00075749 0.000952262 0.0275938 0.0287481 
0.256528 0.000200988 0.00277758 0.000168802 1.0837e-05 0.274262 0.000236555 0.00726727 0.0125102 0.305792 0.0820382 0.00712207 0.000714204 0.0503677 2.21645e-06 
0.283208 0.0109072 0.0792327 0.000880647 2.16363e-05 0.00279478 0.0132326 0.0148533 0.0859321 0.0135664 7.78641e-05 0.026304 0.00163833 0.00420733 0.463143 
0.38932 0.0312305 0.00705596 6.3145e-06 3.17588e-05 9.34011e-05 0.000201258 0.0198805 0.139523 0.0697686 2.1039e-08 0.255653 0.00307523 2.47426e-10 0.0841609 
0.258078 0.189924 0.0372147 0.0029589 0.0040751 0.181903 0.0621937 0.023985 0.127106 0.0561014 0.020912 0.0208679 0.00630853 0.000832556 0.0075402 
0.097206 0.0380455 0.600884 0.00146728 0.00185005 0.00593147 0.000184912 0.008926 0.101003 0.0697883 0.0272557 0.0380812 0.00223425 0.000443068 0.00669937 
0.00185764 0.123212 0.00448272 1.26079e-06 0.00193943 0.000102845 6.17141e-07 0.133198 0.000220561 0.724992 1.56391e-06 0.00133359 0.00374156 5.43039e-07 0.00491548 
0.0127491 0.495322 0.0866993 8.28006e-07 0.119827 0.0559381 2.57572e-06 0.00279491 0.0590392 0.0112334 2.62851e-06 0.0111935 0.00590415 3.09668e-09 0.139293 
0.000686874 0.33651 0.20684 1.60076e-07 0.00135553 0.0108337 3.98746e-06 0.00589693 0.124488 0.0591534 0.00537105 0.241955 0.000306506 1.92416e-10 0.00659836 
0.0111194 0.0681621 0.826526 1.97119e-05 4.41883e-06 0.00361058 2.84536e-06 0.000215363 0.0685293 0.000940559 0.00857335 0.00788267 0.00380888 0.000492296 0.000112288 
0.122371 0.00644844 0.428722 0.000170134 0.00133943 0.00134351 1.38649e-07 0.130611 0.033807 0.121486 6.78043e-05 0.0421148 0.0100495 0.0667501 0.0347191 
3.48128e-05 0.939579 0.00480717 1.00677e-05 0.000299696 0.000581488 9.29151e-06 0.0231442 0.00130094 0.00627465 0.0012071 2.58314e-05 0.00203006 1.29615e-07 0.0206954 
0.0331382 0.245397 0.0178699 0.000825662 0.0374207 0.00218816 1.483e-05 0.331951 0.105173 0.185224 1.3649e-05 0.0222722 0.0119602 0.000833135 0.00571917 
2.73734e-05 0.522569 0.0802212 2.32392e-07 0.00736247 0.00156019 6.8219e-07 0.208167 0.113162 0.0156528 3.52926e-07 0.00255603 0.000674979 0.00590383 0.0421419 
0.0275195 0.0908096 0.202727 0.00101602 0.00229805 0.0205208 0.00013402 0.110138 0.0220814 0.0645261 0.00113597 0.148996 0.00488164 2.43283e-06 0.303213 
0.000506086 0.00055322 6.6033e-05 3.54357e-07 4.50039e-06 1.01677e-06 0.998648 1.62148e-06 7.29694e-05 7.75631e-09 0.00013079 9.22629e-06 1.44692e-10 1.86817e-06 3.85581e-06 
0.10096 0.0337859 0.545878 0.00575017 0.0122236 0.0222378 0.0102739 0.034633 0.0925457 0.0693883 0.0101764 0.042091 0.00495971 0.00577758 0.00931842 
0.00757128 0.326851 0.0834973 2.36513e-06 0.0342756 0.0480096 2.36325e-06 0.0844469 0.0326443 0.247658 0.0120629 0.0792326 0.0101683 2.36248e-06 0.0335749 
0.0452211 0.298094 0.0707099 0.000330472 0.000710985 0.050883 5.05785e-06 0.251411 0.11164 0.121333 0.00068397 0.00879159 0.0055454 0.00165897 0.0329814 
0.00807261 0.0131429 0.00144926 1.97818e-07 0.000371128 3.4315e-07 4.83989e-10 0.404157 2.48137e-07 0.537018 1.6085e-10 0.0147594 0.0210227 2.0402e-06 3.83025e-06 
0.0467138 0.164766 0.619092 2.76954e-05 0.000110376 0.0543064 1.50456e-06 0.000655928 0.0186449 0.0610445 0.0215206 0.00650837 0.00633824 1.00028e-10 0.000269435 
0.000506086 0.00055322 6.6033e-05 3.54357e-07 4.50039e-06 1.01677e-06 0.998648 1.62148e-06 7.29694e-05 7.75631e-09 0.00013079 9.22629e-06 1.44692e-10 1.86817e-06 3.85581e-06 
0.00424393 0.00851943 0.757521 0.000273632 0.000337339 0.000282425 0.21308 0.00420327 0.00452697 0.00149938 0.00258776 0.0015562 3.18625e-06 2.36335e-09 0.00136569 
0.0291678 0.00618843 0.00812451 0.000144254 0.00247511 0.0684096 1.37238e-11 0.0966828 0.000527792 0.0146422 0.463095 0.306557 0.000567071 3.46622e-06 0.00341419 
0.582379 0.0697942 0.101002 0.00128703 0.00709506 0.0541005 0.0199276 0.0112235 0.056609 0.0182835 0.0394642 0.000987432 0.0289072 0.000289322 0.00865094 
0.0903453 0.00271181 0.00714136 2.43997e-05 5.13629e-05 0.110717 0.000175758 0.00630627 0.227893 0.543858 1.2069e-06 0.00627117 0.00159968 0.00285477 4.80167e-05 
0.00147037 0.00212599 0.0208166 5.06857e-05 0.00602819 0.00202963 1.021e-10 0.00806244 0.0181265 0.0830327 0.000165718 0.853083 0.00205839 0.0025773 0.000372702 
0.12107 0.021627 0.067603 0.000391107 5.87892e-05 0.137773 3.48001e-08 0.0228714 0.0405441 0.534678 0.000530761 0.0158754 0.000711095 0.0283559 0.00791079 
0.128999 0.110028 0.187231 3.11191e-08 0.0144898 1.05972e-06 4.16048e-07 0.117278 0.0773011 0.195136 1.86494e-05 0.0911563 0.0566113 2.14582e-05 0.021727 
0.000506086 0.00055322 6.6033e-05 3.54357e-07 4.50039e-06 1.01677e-06 0.998648 1.62148e-06 7.29694e-05 7.75631e-09 0.00013079 9.22629e-06 1.44692e-10 1.86817e-06 3.85581e-06 
0.137543 0.00024701 0.715253 7.33542e-08 3.77889e-09 1.34035e-06 4.92403e-07 3.37587e-05 0.0198869 0.00742587 5.96361e-05 0.118637 0.000615602 9.74383e-06 0.000286844 
0.0250284 0.156385 0.0345635 0.000504813 0.000105621 0.0286115 0.000675035 0.192379 0.246197 0.00596694 0.00213047 0.0992049 0.00188632 0.066676 0.139686 
0.0230698 9.01548e-05 0.0113344 1.88122e-08 0.000773771 0.0434439 0.000791557 0.0102251 0.116774 0.607894 1.8991e-06 0.151599 0.0335683 8.61718e-05 0.000348058 
0.0187355 0.0557919 0.0357317 4.29217e-08 0.000122911 0.000211787 2.16763e-07 0.0187944 1.57041e-05 0.0123877 7.20398e-08 0.0464773 0.00406212 0.767041 0.0406278 
0.0102914 0.00364444 0.0763313 1.1113e-06 9.84499e-05 0.00146508 1.38085e-07 0.00892751 7.07156e-07 0.0318974 0.000656307 0.0660904 0.00168922 0.000200471 0.798706 
0.0954807 0.246798 0.562702 3.62064e-09 7.92473e-08 0.00586368 0.0262424 0.00301622 0.052942 3.00359e-08 0.0052231 0.00172622 1.98237e-08 5.53343e-06 5.69929e-08 
0.0474309 0.361571 0.0751818 6.86055e-09 0.00359823 0.00526292 1.19656e-05 0.354418 0.0489476 0.0738522 0.000667394 0.000188763 0.0288664 4.61602e-08 3.00194e-06 
0.225582 0.040211 0.26009 8.68974e-09 0.0243791 6.78683e-07 1.99642e-05 0.0594759 0.296332 0.0821205 7.68623e-05 0.000286541 0.0034605 2.0511e-06 0.00796328 
0.154545 0.0804167 0.0627856 0.00298289 0.137195 0.0323636 0.00235201 0.107029 0.309189 0.0448073 0.00788292 0.0510654 0.00392284 5.49373e-09 0.00346265 
0.00474911 0.0480241 0.911995 3.83434e-05 0.000400481 0.000235853 0.00047042 0.000947157 0.025854 0.0054526 1.99426e-05 0.000411856 1.41498e-05 0.000218724 0.0011679 
0.0558712 0.118192 0.074579 7.43396e-05 0.000141971 0.1404 3.41579e-08 0.162543 0.107289 0.173881 0.000168318 0.00247969 0.160385 1.36292e-10 0.00399584 
0.256528 0.000200988 0.00277758 0.000168802 1.0837e-05 0.274262 0.000236555 0.00726727 0.0125102 0.305792 0.0820382 0.00712207 0.000714204 0.0503677 2.21645e-06 
0.476626 0.0133427 0.00107846 4.12151e-05 5.85481e-05 0.00211342 7.40112e-05 0.00497724 0.457554 0.033685 3.32448e-05 0.00914951 0.000276783 6.30552e-12 0.000989242 
0.127782 0.0110884 0.189023 7.72527e-05 0.000141814 0.000609008 0.000240484 0.000940149 0.601791 0.0579056 0.000547829 0.00709633 0.000260845 6.64158e-06 0.00248939 
0.0507947 0.0480263 0.209197 0.000845267 0.0168959 0.0532552 0.00367526 0.0114373 0.355864 0.051968 0.111196 0.0851823 0.00040354 0.000314049 0.000946155 
0.133448 0.383846 0.0224605 2.99128e-05 5.22213e-05 0.00339415 0.000599988 0.00513913 0.337577 0.107832 1.09967e-05 0.000360044 3.70663e-05 8.67656e-08 0.00521375 
0.449174 0.515276 5.25807e-06 4.41551e-07 1.1638e-05 3.78144e-05 1.0787e-06 1.17255e-06 0.0354601 1.05104e-05 2.55058e-06 1.17407e-05 3.51321e-06 1.16353e-08 4.43654e-06 
0.0866481 0.600969 0.0399654 0.000258382 0.00222707 0.0319283 0.00127861 0.0372568 0.0884853 0.100105 0.00490996 0.000875064 0.00372261 2.36662e-09 0.00137003 
0.00152882 0.929951 0.00135429 4.54711e-06 0.000150493 0.040902 9.43276e-05 0.00265873 0.0078438 0.00513427 0.000309475 7.97736e-05 0.00575683 1.54653e-06 0.00423024 
0.115503 0.0784859 0.0599194 0.00396733 5.33185e-05 0.0234422 1.97548e-05 0.0843623 0.0350752 0.483199 0.0103651 0.0146203 0.0665609 0.00525996 0.0191661 
0.0135815 0.601591 0.0646519 0.00259522 0.00554192 0.00638062 4.6769e-06 0.0968646 0.0115146 0.125488 0.00488689 0.0287864 0.0145037 1.13412e-05 0.0235973 
9.64616e-07 0.744821 0.0243072 0.000141735 0.00698442 0.00400511 1.18795e-10 0.0870113 0.00695783 0.0376029 0.00191495 0.0187463 0.0494692 0.00169573 0.0163415 
0.256528 0.000200988 0.00277758 0.000168802 1.0837e-05 0.274262 0.000236555 0.00726727 0.0125102 0.305792 0.0820382 0.00712207 0.000714204 0.0503677 2.21645e-06 
0.000872244 0.0249492 0.0243452 8.7858e-05 0.0024215 0.000404016 5.72908e-07 0.0210598 0.0149631 0.0636973 0.000125309 0.0154132 0.827624 0.000591069 0.00344507 
0.832673 0.0501518 0.000112539 2.41508e-07 1.47922e-06 1.3285e-06 7.03783e-07 0.00801102 0.1033 0.00513613 1.97501e-05 0.000567649 1.88288e-05 3.85293e-06 2.24694e-06 
0.0404271 0.808975 0.0289776 0.000338922 0.000380165 0.00541441 0.00354963 0.0173238 0.0432476 0.0280808 0.000940558 0.0112032 0.000122654 0.00288108 0.0081376 
0.256528 0.000200988 0.00277758 0.000168802 1.0837e-05 0.274262 0.000236555 0.00726727 0.0125102 0.305792 0.0820382 0.00712207 0.000714204 0.0503677 2.21645e-06 
0.115633 0.0130113 0.0401382 3.43764e-06 0.000493988 0.00937437 2.97713e-05 0.115938 0.0561331 0.26644 1.09604e-05 0.012328 0.370461 6.63249e-07 4.08425e-06 
0.0631882 0.0788842 0.610724 1.39836e-06 9.95352e-07 0.00477947 0.191877 4.85153e-05 0.00779653 0.00234334 0.0214252 0.00759708 0.0111097 7.47021e-06 0.000217435 
0.000506086 0.00055322 6.6033e-05 3.54357e-07 4.50039e-06 1.01677e-06 0.998648 1.62148e-06 7.29694e-05 7.75631e-09 0.00013079 9.22629e-06 1.44692e-10 1.86817e-06 3.85581e-06 
0.263473 0.073264 0.38305 2.0316e-06 3.1797e-07 0.00339304 7.3118e-07 0.192521 0.00213077 0.0342134 3.27987e-05 0.0232899 0.0246114 6.98885e-06 1.01253e-05 
0.0237575 0.0440193 0.0383897 4.37878e-05 0.00108255 0.144961 4.76855e-05 0.0997167 0.121521 0.458418 4.05684e-06 0.0595273 0.000647376 0.00567005 0.00219439 
0.172506 0.0123123 0.512991 0.000572221 4.60579e-05 0.0054622 0.000790052 0.0772005 0.0617338 0.109952 0.00359416 0.00993044 0.0125788 2.89494e-05 0.0203009 
0.0302659 0.000927979 0.0854884 9.45951e-05 0.00243275 0.0143785 2.53078e-06 0.666808 0.00428214 0.134471 0.00237041 0.0271582 0.0157155 9.43051e-05 0.0155093 
0.00100848 0.505986 0.0227721 3.65845e-07 0.000152975 0.000161977 0.000609351 0.068123 0.0175027 0.0434271 0.000536754 0.00793747 0.00417825 1.52896e-07 0.327603 
0.0733468 0.0560571 0.0209855 0.000651347 0.130317 0.00662948 0.00113305 0.123297 0.0191302 0.0124046 0.000103873 0.00314026 0.00118993 1.26414e-05 0.551602 
0.0525027 0.411336 0.038966 2.6228e-07 1.37941e-08 0.000182297 0.000272007 0.00844551 0.479689 0.0059894 0.000164514 1.08966e-05 4.83655e-07 4.99131e-06 0.00243559 
0.109824 0.000268436 0.114239 2.53643e-07 1.01792e-06 2.45269e-06 0.00229157 0.0525323 0.03185 0.571768 0.063851 3.00596e-06 0.0287161 7.84698e-07 0.0246518 
0.0376304 7.43894e-07 0.421728 1.20597e-10 4.62586e-07 0.00102661 0.000410889 1.60475e-05 8.97905e-07 5.72638e-11 6.92606e-08 0.529616 1.35028e-08 1.49863e-06 0.00956858 
0.0596881 0.00407033 0.401253 2.855e-05 7.53316e-06 0.0168719 0.000334206 0.00131133 0.0033184 0.0248831 3.9033e-05 0.328525 1.05459e-05 0.00573674 0.153922 
0.0626999 0.0289387 0.659131 3.34392e-06 0.00033024 0.000429148 7.75881e-06 0.00217705 0.0534065 0.164872 1.32622e-05 0.0225818 0.00017656 0.000134049 0.00509894 
0.000506086 0.00055322 6.6033e-05 3.54357e-07 4.50039e-06 1.01677e-06 0.998648 1.62148e-06 7.29694e-05 7.75631e-09 0.00013079 9.22629e-06 1.44692e-10 1.86817e-06 3.85581e-06 
0.0111766 0.00226908 0.45801 1.89094e-05 1.32592e-05 0.0044082 0.000369753 0.00137459 0.165758 0.166093 0.000488774 0.189794 0.000141062 2.01638e-06 8.2942e-05 
0.0148413 0.00100621 0.0139294 5.22093e-11 9.27085e-05 0.00234608 2.63667e-10 0.0330199 3.20005e-06 1.84386e-06 8.7628e-11 0.0180715 4.67811e-05 1.35608e-06 0.91664 
0.218799 0.0002792 0.0345853 3.29906e-08 0.000431574 0.011072 5.84134e-08 0.115626 0.00580237 0.282862 5.9492e-06 0.0113597 0.318561 0.000237104 0.000379255 
0.0514519 0.368133 0.270386 4.15539e-06 0.00596122 2.45619e-06 2.03059e-05 0.0976989 0.0359518 0.0560644 7.21727e-06 0.000809644 0.102524 3.67287e-05 0.0109484 
0.282972 0.0307371 0.122442 0.000835661 0.000920374 0.0132497 0.00176729 0.05567 0.128385 0.355042 1.9859e-05 0.00267078 0.00176016 0.000244446 0.00328344 
0.000506086 0.00055322 6.6033e-05 3.54357e-07 4.50039e-06 1.01677e-06 0.998648 1.62148e-06 7.29694e-05 7.75631e-09 0.00013079 9.22629e-06 1.44692e-10 1.86817e-06 3.85581e-06 
0.0675316 0.0224802 0.0178081 5.29127e-05 0.018941 0.0111101 0.00270624 0.113921 0.0179827 0.0008858 2.09894e-05 0.00431861 0.00224209 7.1105e-06 0.719991 
0.000898204 0.0109319 0.00487697 0.000158505 0.965909 0.00317019 7.27443e-06 0.00470534 0.00150671 0.00512051 0.000161246 0.000171641 0.000620742 7.94841e-12 0.00176136 
0.832673 0.0501518 0.000112539 2.41508e-07 1.47922e-06 1.3285e-06 7.03783e-07 0.00801102 0.1033 0.00513613 1.97501e-05 0.000567649 1.88288e-05 3.85293e-06 2.24694e-06 
0.000853928 0.00443722 0.0240628 0.000535858 0.00177553 0.0011455 0.000243653 0.00722848 0.0110818 0.00661915 1.84788e-06 0.0547864 0.000964475 0.884102 0.00216144 
0.0291678 0.00618843 0.00812451 0.000144254 0.00247511 0.0684096 1.37238e-11 0.0966828 0.000527792 0.0146422 0.463095 0.306557 0.000567071 3.46622e-06 0.00341419 
0.13539 0.00368573 0.210105 2.86114e-05 8.01053e-06 0.00335137 1.09036e-08 0.245467 0.0150114 0.169834 3.17119e-05 0.0118474 0.194303 0.00173955 0.0091975 
0.0216112 0.803628 0.0148967 5.6338e-07 0.00187235 0.00333644 0.00035121 0.112296 0.0186437 0.013644 0.000104728 1.84945e-06 1.72501e-06 2.89181e-06 0.00960874 
0.0589656 0.41547 0.254263 9.51681e-05 0.00179613 0.0248078 0.00135617 0.0289499 0.0459794 0.0442451 0.0133278 0.0176297 0.0672448 4.66355e-10 0.0258694 
0.123894 0.00153949 0.00561546 4.02408e-08 2.47942e-07 0.00141743 1.3239e-07 0.00641273 0.0928667 0.0261385 7.53868e-08 0.741942 1.05596e-07 2.26077e-10 0.000173121 
0.0958538 0.0217808 0.562408 0.00147443 0.000138981 0.0117492 0.00498081 0.0159816 0.108527 0.0914893 0.00950386 0.0590499 0.00428384 0.00490055 0.00787852 
0.339789 0.00336352 0.0872566 0.00141478 0.0100725 0.00926974 0.00771736 0.037684 0.298773 0.0197459 2.64769e-05 0.015028 0.00699443 4.0535e-11 0.162864 
0.000788456 0.987894 1.09096e-08 1.69415e-08 0.000485208 0.00139082 0.000479211 0.000153782 0.00149512 0.00367066 2.84346e-08 1.86086e-08 0.000716063 1.13988e-07 0.00292676 
0.575098 0.097697 0.0929065 7.8424e-10 8.26729e-05 2.30723e-05 3.96056e-09 3.4894e-10 4.86106e-05 0.234131 1.31627e-09 1.32666e-05 2.41934e-09 5.27664e-09 2.26557e-09 
0.249024 8.17231e-05 0.251693 7.65446e-05 3.91613e-06 0.0226193 0.00809759 0.0323338 0.0191739 0.265564 0.130131 0.0206798 0.000186188 3.5278e-09 0.000334391 
0.0177282 0.00852689 0.107035 2.72961e-06 0.000448828 0.00865251 0.00197571 0.0638815 0.00184063 0.158393 0.000468478 0.0485182 0.172107 0.359402 0.0510186 
0.0788401 0.134439 0.503875 0.00070931 2.38594e-05 0.00248954 0.00076565 0.0237477 0.0449663 0.0158701 0.0863339 0.080636 0.00166371 0.0229203 0.00271913 
0.0173135 0.00149741 0.00522108 0.000469989 0.000678646 0.0121804 0.153758 0.264757 0.0148966 0.478857 0.0382509 0.00852481 0.00253086 1.49257e-07 0.00106318 
0.414499 0.0482734 0.0221994 0.00119601 0.00761583 0.066747 0.000575709 0.0071619 0.331095 0.0601897 0.00412698 0.0290594 0.00309076 7.28414e-08 0.00416973 
0.00673022 0.513681 0.0143033 3.76902e-06 0.000617191 0.0102273 0.000123311 0.167937 0.0201246 0.20338 0.000315716 0.059252 2.63406e-05 9.48207e-09 0.00327815 
0.0926887 0.0333611 0.278381 0.00196743 0.00513871 0.0350781 0.000631817 0.0165872 0.323093 0.149972 0.00896026 0.0372553 0.00409367 9.56232e-05 0.0126961 
0.975136 0.00113417 0.00164852 6.54608e-05 0.00021033 0.0106672 2.1327e-08 0.000648628 0.00520228 0.00315882 0.000112704 0.00159891 0.000317888 2.84138e-08 9.88294e-05 
0.209934 0.183179 0.139033 0.000621914 0.00058023 0.0340818 0.000853962 0.0786405 0.152215 0.0711431 0.0116495 0.0677785 0.0317197 0.000544553 0.018025 
0.0201879 0.148095 0.644972 2.98363e-08 2.23802e-09 0.00976076 8.454e-05 7.5045e-07 0.00202831 0.00110328 0.0173765 0.124645 0.000188461 3.62836e-09 0.0315575 
0.62694 0.0443726 0.0381242 8.1195e-08 3.36971e-07 0.000783324 0.000883767 0.0129751 1.61568e-05 0.0356253 0.000202713 0.134802 0.00102681 5.46309e-07 0.104248 
0.0463651 0.388102 0.0462865 0.00314986 0.0606372 0.00601718 0.000192926 0.168069 0.107824 0.139197 4.0136e-05 0.00325664 0.00612952 0.0171185 0.00761458 
0.0999387 0.162187 0.0183327 8.21733e-11 0.00547458 0.00428899 4.88911e-07 0.0308148 0.0214864 0.216663 1.3792e-10 0.428962 5.72095e-07 5.52892e-10 0.0118496 
0.770015 0.00183511 0.0240573 2.50257e-05 0.000217626 0.0183575 2.37183e-05 0.00325706 0.0561464 0.0430527 0.0154534 0.0438548 0.0117004 5.0215e-06 0.0119991 
0.13052 0.0830357 0.22073 0.00056332 0.000487532 0.0315591 0.000647438 0.0460987 0.0127244 0.249538 0.000908403 0.158439 0.0527159 0.00031613 0.0117168 
0.000506086 0.00055322 6.6033e-05 3.54357e-07 4.50039e-06 1.01677e-06 0.998648 1.62148e-06 7.29694e-05 7.75631e-09 0.00013079 9.22629e-06 1.44692e-10 1.86817e-06 3.85581e-06 
0.464801 0.118879 0.0342283 3.41529e-05 0.000274358 0.0116937 9.66059e-05 0.1236 0.110044 0.0756051 0.000355658 0.0580244 0.00036139 3.29152e-06 0.00199887 
0.00312037 0.294655 0.00379603 4.10669e-05 5.93467e-05 0.00443005 5.33955e-09 0.0780502 0.00759404 0.583661 1.8302e-05 0.000571118 0.02352 0.000398142 8.43929e-05 
0.450483 0.0561677 0.0222901 0.000561288 0.0450009 0.0117534 1.46961e-05 0.0657604 0.102232 0.180291 0.0430004 0.00755442 0.0119117 0.000543427 0.00243591 
0.0784504 0.268603 0.0482096 1.57892e-05 1.77525e-06 0.000215053 2.91224e-06 0.182957 0.31876 0.00248849 0.00147923 0.0149996 0.0742688 0.000152045 0.00939602 
0.083862 0.0568868 0.000180921 2.97641e-05 0.0686249 0.000507768 0.246017 0.000504669 0.158375 7.53151e-05 0.000530245 0.0343974 3.19564e-05 0.000165154 0.349811 
0.000506086 0.00055322 6.6033e-05 3.54357e-07 4.50039e-06 1.01677e-06 0.998648 1.62148e-06 7.29694e-05 7.75631e-09 0.00013079 9.22629e-06 1.44692e-10 1.86817e-06 3.85581e-06 
5.34265e-05 0.000204874 2.09398e-06 9.92213e-11 2.8688e-07 4.94398e-07 0.999672 1.53607e-07 8.13965e-06 4.71136e-11 5.29272e-05 1.11031e-06 3.06092e-10 6.67596e-10 4.01378e-06 
0.229569 0.15322 0.0334577 5.48898e-06 6.80857e-05 0.00030704 0.182571 0.00791111 0.173878 0.0371502 2.53246e-05 0.0115656 7.66057e-08 1.74085e-07 0.170271 
0.0295849 0.00395367 0.0308554 6.27376e-05 0.00154716 0.000260755 8.09899e-06 0.0542375 0.0119184 0.0297882 1.13524e-07 0.818431 0.00786564 0.00312262 0.00836332 
0.0203511 0.00455081 0.0138772 1.94709e-08 0.00229647 0.000835743 8.36073e-06 0.0296433 0.000246677 0.0411714 0.00181955 0.0695045 0.0492558 2.08372e-05 0.766418 
0.0250717 0.00077359 0.0520067 1.62056e-07 0.000175242 0.000434113 9.48989e-05 0.00902131 0.00106126 0.0810583 6.46085e-05 0.82529 0.00449432 0.000259112 0.000194438 
0.0413464 0.503218 0.0604027 3.81068e-06 1.43444e-05 0.00195311 0.00176119 0.00328313 0.0691266 0.0806982 0.208189 0.00146429 2.28057e-05 7.22271e-10 0.0285165 
0.165145 0.204618 0.0924742 1.42022e-05 0.000477999 0.44399 5.32319e-08 0.000976015 0.0705922 0.011324 0.00186196 0.00250288 0.00041863 8.73506e-11 0.00560474 
0.033144 0.103227 1.15576e-05 5.57554e-11 2.01335e-06 2.08766e-05 2.81576e-10 0.00839085 0.278199 0.547907 9.35798e-11 5.42609e-06 6.70981e-05 3.75142e-10 0.0290257 
0.121529 0.0175498 0.431818 0.000240714 0.000473111 0.123177 0.00264555 0.0209856 0.171188 0.0300517 0.0060869 0.0611131 0.0126053 6.84097e-09 0.000536181 
0.00747203 0.829769 0.0664717 2.89208e-07 0.0128423 0.00616082 0.0185765 0.00610671 0.00806636 0.0350261 9.28483e-06 9.56758e-06 2.13528e-05 7.20618e-07 0.00946745 
0.217647 0.47949 0.00538406 1.65375e-06 0.000129134 2.26839e-05 5.02885e-05 0.005506 0.140456 0.0711535 7.57895e-07 0.0277965 1.00268e-05 1.05776e-05 0.0523412 
6.75105e-10 0.760154 1.9971e-07 1.00818e-09 4.18408e-09 1.28585e-06 5.09149e-09 0.000967637 2.26761e-05 0.0206687 1.01773e-06 0.218185 3.11017e-09 6.78337e-09 2.91249e-09 
0.0559826 0.170015 0.0669262 0.000411355 3.71992e-05 0.0095601 0.0244447 0.0278593 0.0342701 0.0105296 0.588631 0.00965377 0.000491666 2.68762e-08 0.00118689 
0.110627 0.172115 0.477298 2.73369e-05 0.00712331 0.00417485 0.0940356 0.00294274 0.0398577 0.0324814 0.0281279 0.0128471 0.0101985 7.66549e-06 0.00813585 
8.08184e-07 0.000161767 7.772e-07 1.20691e-06 5.00885e-06 7.92725e-06 6.09513e-06 0.998893 0.000149935 0.000481368 2.02568e-06 1.32567e-06 3.72326e-06 8.12053e-06 0.000276651 
0.582379 0.0697942 0.101002 0.00128703 0.00709506 0.0541005 0.0199276 0.0112235 0.056609 0.0182835 0.0394642 0.000987432 0.0289072 0.000289322 0.00865094 
