0.00493736 0.00151648 0.00100983 0.900997 0.000214057 0.00426935 9.43285e-08 0.0439225 0.0200933 0.0189513 6.07744e-05 0.00364829 0.000251508 1.86526e-08 0.00012839 
0.104516 0.0382047 0.00971249 0.675113 5.47209e-05 0.0111089 2.23489e-06 0.0599222 0.0175475 0.0575178 2.93208e-05 0.00120714 0.0250394 2.99413e-06 2.11815e-05 
0.000848224 0.0113449 0.00174071 0.933354 6.48715e-08 0.00425071 3.46161e-12 0.0473782 6.90285e-07 0.000877479 0.000112114 3.00104e-05 6.29293e-05 4.61189e-12 1.55225e-08 
0.114834 0.038844 0.0793351 0.178095 0.00588349 0.160719 9.62363e-05 0.171044 0.166058 0.0518611 0.00021144 0.0131471 0.00746787 0.000183942 0.0122198 
0.214333 0.209366 0.0049921 0.415863 1.46197e-08 0.007423 1.01363e-06 0.0831752 0.0348194 0.00879442 5.91251e-09 2.92316e-05 0.0126886 2.3702e-08 0.00851573 
0.0113837 0.000931583 0.00152164 0.770192 0.000250814 0.00208303 1.7626e-10 0.0651893 0.0828755 0.0457474 2.10861e-05 0.0194963 9.54283e-05 5.67567e-10 0.000212388 
0.00485509 0.0187442 0.0480292 0.756706 0.000583307 0.00362507 6.60966e-06 0.0469678 0.0756867 0.0336881 0.00040875 0.00938307 0.000490528 7.76955e-08 0.000825109 
0.0318864 0.0267568 0.0644798 0.308002 7.49678e-05 0.0388734 0.000147881 0.22885 0.0943103 0.17932 2.40082e-05 0.00308538 0.0185637 2.79887e-08 0.00562602 
0.0229053 0.00546458 0.00710132 0.467117 0.0224068 0.0279771 6.68841e-06 0.407368 0.0119605 0.0228021 2.98836e-05 0.00319283 0.00133138 7.54729e-12 0.000336894 
0.00354141 0.0158787 0.0595866 0.395283 9.73685e-05 0.00485557 1.22464e-05 0.0224904 0.37697 0.0979209 6.75448e-05 0.0104743 0.00500999 9.17209e-07 0.00781092 
0.015331 0.0592191 0.0217626 0.666881 0.000839085 0.00416736 0.00314769 0.165755 0.0247217 0.0291032 0.000146889 0.00273657 0.00512294 2.49857e-05 0.00104072 
0.044125 4.40617e-08 1.33674e-07 0.764085 9.5672e-05 3.52333e-08 5.99337e-09 0.0276823 0.0495753 0.0499157 6.22261e-13 0.0442103 1.41367e-07 2.49452e-12 0.02031 
0.0113837 0.000931583 0.00152164 0.770192 0.000250814 0.00208303 1.7626e-10 0.0651893 0.0828755 0.0457474 2.10861e-05 0.0194963 9.54283e-05 5.67567e-10 0.000212388 
0.00612064 0.00910075 0.000294562 0.407955 8.5542e-06 0.360618 4.9702e-06 0.181913 0.0121831 0.0203982 5.7819e-05 8.11345e-05 0.00117507 3.1291e-06 8.53519e-05 
0.0504927 0.00180095 0.0874459 0.543906 0.00232346 0.0484216 0.00139063 0.0137372 0.0538671 0.131934 0.00106416 0.056955 0.00621876 1.6353e-07 0.000442027 
0.0190938 0.00016151 0.00672317 0.929349 1.90382e-05 0.0024433 1.49589e-05 0.00450854 0.00999545 0.00491509 1.16956e-06 0.0222767 0.000132719 3.59033e-08 0.00036542 
0.0273543 0.0229298 0.0320045 0.414172 0.00412593 0.0336978 2.66626e-05 0.175292 0.0245737 0.0425442 0.0148387 0.0191395 0.0313671 0.0910062 0.0669273 
0.0215049 0.00778429 0.000162745 0.378108 4.67186e-06 0.0226489 8.3396e-07 0.0969173 0.126175 0.344577 1.53902e-05 0.000181739 0.00172247 1.40473e-10 0.000196515 
0.00178228 0.00865531 0.00503131 0.838156 0.00121121 0.0104396 1.18186e-07 0.0756225 0.0345524 0.0216598 3.35979e-05 0.000224348 0.00248434 5.61696e-10 0.000147434 
0.0330018 0.0247073 0.0357878 0.454203 0.0166477 0.0343773 2.04924e-05 0.297337 0.0244495 0.0589966 0.000200556 0.0062361 0.0137831 1.17641e-05 0.000239568 
0.0230823 0.00427172 0.00656894 0.816284 0.00055983 0.0180272 0.000415324 0.0955299 0.0130196 0.0172652 3.71821e-05 0.00353439 0.000707926 3.29159e-06 0.000693129 
0.0118963 0.0162497 0.00371998 0.509226 0.0196616 0.00148679 4.7799e-07 0.257321 0.0141388 0.160282 2.36796e-05 0.00519116 0.000475446 1.36412e-11 0.000327641 
0.0241699 0.0238986 0.0214795 0.544209 0.000534413 0.017527 2.71462e-05 0.229556 0.0466811 0.0653523 0.00010062 0.0216083 0.0040044 1.69917e-05 0.000835024 
0.000848224 0.0113449 0.00174071 0.933354 6.48715e-08 0.00425071 3.46161e-12 0.0473782 6.90285e-07 0.000877479 0.000112114 3.00104e-05 6.29293e-05 4.61189e-12 1.55225e-08 
0.140214 9.76317e-05 0.020794 0.426034 0.00360861 0.000374355 3.14743e-06 0.173363 0.0229434 0.0601338 3.67381e-06 0.15085 8.96484e-05 5.93802e-06 0.00148351 
0.00024717 6.4135e-06 0.00339141 0.855526 3.31107e-06 0.00048045 5.60529e-05 0.116768 0.00854615 0.0140467 4.98405e-07 0.000746715 0.000160437 9.10737e-09 2.02523e-05 
0.00185761 0.000561156 0.000370763 0.45267 8.72887e-06 0.0772221 2.16063e-07 0.451085 0.00988386 0.00593291 3.67556e-06 1.07412e-05 0.000389189 3.20286e-10 3.79228e-06 
0.00246064 0.0131919 0.00507868 0.832382 0.000859318 0.0022816 4.8034e-08 0.103208 0.0170072 0.0204981 0.000173936 0.000430242 0.00153977 1.36494e-08 0.000888457 
0.00140695 0.000232909 0.00138848 0.949252 6.7318e-07 3.99989e-05 1.19883e-07 0.036568 0.00109971 0.00685004 6.71499e-13 8.60489e-05 0.00212114 2.6919e-12 0.000954234 
0.0229053 0.00546458 0.00710132 0.467117 0.0224068 0.0279771 6.68841e-06 0.407368 0.0119605 0.0228021 2.98836e-05 0.00319283 0.00133138 7.54729e-12 0.000336894 
0.0113837 0.000931583 0.00152164 0.770192 0.000250814 0.00208303 1.7626e-10 0.0651893 0.0828755 0.0457474 2.10861e-05 0.0194963 9.54283e-05 5.67567e-10 0.000212388 
0.00250648 0.0329795 0.0066149 0.729328 0.00224099 0.00555745 1.53504e-10 0.157817 0.0342308 0.0265437 0.000507282 0.000551189 0.00081483 3.90352e-08 0.000307321 
5.15329e-08 0.000298619 0.0217984 0.870028 0.000272084 0.000146619 0.000364322 0.0208839 0.00379867 0.0401286 5.14006e-06 0.0390777 0.00198511 6.29607e-12 0.00121315 
0.0117562 0.00318841 0.00497256 0.825136 0.00197685 0.0124521 6.27318e-07 0.0824808 0.0238611 0.0245418 2.10799e-05 0.007976 0.000793666 8.10443e-09 0.000842775 
0.0069267 0.0875945 0.00454867 0.310358 0.000686276 0.15481 1.15238e-06 0.307443 0.0388263 0.043333 0.000912053 0.00661714 0.0372564 4.66196e-05 0.000640629 
0.00359276 0.0138011 0.0049487 0.742695 0.00124875 0.00327384 2.13065e-07 0.169683 0.0226138 0.0238203 0.000193074 0.00624844 0.000493442 0.00685159 0.000536548 
0.000802277 0.00446053 0.0116227 0.769743 7.12953e-05 0.000622765 7.10485e-11 0.00994499 0.0267761 0.175682 2.62766e-06 5.35955e-05 0.00021752 9.46577e-11 9.45959e-07 
0.0229053 0.00546458 0.00710132 0.467117 0.0224068 0.0279771 6.68841e-06 0.407368 0.0119605 0.0228021 2.98836e-05 0.00319283 0.00133138 7.54729e-12 0.000336894 
0.0626318 0.0133559 0.0566973 0.296795 0.000604922 0.0434872 0.000281485 0.237429 0.133507 0.0695726 0.000281186 0.072606 0.000621142 0.000169088 0.0119604 
0.0533227 0.0752089 0.116809 0.511424 0.00394097 0.000134942 0.000272307 0.0778045 0.0193832 0.113625 7.55436e-05 0.00908545 0.00080894 1.2516e-05 0.0180917 
0.00178228 0.00865531 0.00503131 0.838156 0.00121121 0.0104396 1.18186e-07 0.0756225 0.0345524 0.0216598 3.35979e-05 0.000224348 0.00248434 5.61696e-10 0.000147434 
0.0155274 0.00579055 0.0176337 0.432393 0.00278243 0.0112299 3.7891e-05 0.335927 0.0718021 0.10041 5.3399e-05 0.00442417 0.00109572 1.82438e-05 0.000874139 
0.0398148 0.0150397 0.03444 0.640862 0.00149463 0.052556 0.000184208 0.101017 0.0526133 0.0416395 0.00164125 0.0106014 0.00460275 2.91842e-06 0.00349048 
0.154921 0.0132955 0.0285778 0.278831 0.00186936 0.084433 3.16976e-06 0.219612 0.0771255 0.125028 0.000153917 0.007614 0.00526363 0.000109253 0.00316244 
0.00913705 0.00138422 0.00195603 0.778608 7.68194e-05 0.0655916 7.72565e-07 0.119009 0.00479054 0.00783926 3.5756e-05 0.00102232 0.0105231 6.17113e-09 2.51387e-05 
0.00199114 0.00784154 0.000457544 0.692811 6.37551e-06 0.00928865 1.6558e-08 0.268595 0.0129805 0.0053036 2.67611e-06 8.53896e-06 0.000332019 5.36752e-11 0.000381439 
0.06751 0.0459128 0.0178765 0.527574 0.000203376 0.011976 0.000175293 0.183666 0.0139234 0.106415 0.000159309 0.0153105 0.00431574 5.5855e-06 0.00497614 
0.00409778 0.0049387 0.00266451 0.860845 0.00347137 0.0040772 2.72896e-06 0.0788031 0.0122912 0.0155555 6.20643e-05 0.00214181 0.00137205 0.00910121 0.000575982 
0.00250648 0.0329795 0.0066149 0.729328 0.00224099 0.00555745 1.53504e-10 0.157817 0.0342308 0.0265437 0.000507282 0.000551189 0.00081483 3.90352e-08 0.000307321 
0.00365299 7.02801e-05 6.43462e-06 0.83705 3.52929e-05 0.00420643 7.07251e-10 0.151807 1.70922e-08 0.00088081 2.22948e-05 0.00213128 9.48593e-09 1.94164e-12 0.000137409 
0.00140695 0.000232909 0.00138848 0.949252 6.7318e-07 3.99989e-05 1.19883e-07 0.036568 0.00109971 0.00685004 6.71499e-13 8.60489e-05 0.00212114 2.6919e-12 0.000954234 
0.00758917 0.000621062 0.00101443 0.839731 0.000167218 0.00140449 1.44467e-10 0.050507 0.0552504 0.0304983 1.40585e-05 0.0129976 6.36218e-05 4.46245e-10 0.000141908 
0.0476132 0.0227066 0.0675829 0.637489 0.010046 0.00674279 0.000213731 0.0833258 0.0207977 0.0859518 0.000217699 0.00360933 0.0007692 3.34595e-06 0.0129307 
0.0352573 0.00659061 0.00238837 0.508241 0.000218205 0.0271945 1.66509e-06 0.297611 0.0129039 0.0967503 7.92757e-08 0.000660158 0.0120548 5.23487e-12 0.000127867 
0.0156543 0.00326026 0.0052123 0.468815 0.0192041 0.0129728 4.52069e-06 0.435036 0.00749133 0.0180249 3.24541e-06 0.00361337 0.0104181 8.36402e-12 0.000289455 
0.0343182 0.0129686 0.027226 0.728016 0.000147453 0.000612956 2.59495e-07 0.13989 0.0208204 0.0317471 8.9649e-06 0.000683004 0.00340744 2.42173e-12 0.000153546 
0.0174815 0.00371719 0.0650268 0.662493 0.000100783 0.0118125 9.25001e-08 0.160439 0.0318996 0.0304763 4.20093e-05 0.000933753 0.014682 3.95462e-10 0.000895624 
0.00365299 7.02801e-05 6.43462e-06 0.83705 3.52929e-05 0.00420643 7.07251e-10 0.151807 1.70922e-08 0.00088081 2.22948e-05 0.00213128 9.48593e-09 1.94164e-12 0.000137409 
0.0149986 0.00528086 0.00893765 0.457038 0.0373824 0.0327827 2.39875e-05 0.386318 0.00860474 0.0450129 1.36797e-05 0.000719931 0.00286487 4.71402e-12 2.20769e-05 
0.00191925 0.000895896 0.00658243 0.856465 2.18705e-05 0.00178062 1.13206e-06 0.0670004 0.0254617 0.0321781 3.20155e-06 0.000506421 0.00519424 3.36434e-12 0.00199011 
0.0218503 0.00222453 0.0707688 0.667848 0.000125697 0.0147642 1.08273e-07 0.137401 0.0398722 0.0257358 5.23445e-05 0.00116665 0.0181002 1.46055e-10 9.00442e-05 
0.00225621 0.00792431 0.000725093 0.824621 1.65102e-05 0.00952405 2.41582e-07 0.138923 0.00064874 0.0054159 6.70514e-05 3.99884e-05 0.00982525 1.22763e-08 1.21795e-05 
0.0229053 0.00546458 0.00710132 0.467117 0.0224068 0.0279771 6.68841e-06 0.407368 0.0119605 0.0228021 2.98836e-05 0.00319283 0.00133138 7.54729e-12 0.000336894 
0.00493163 0.000154213 0.0120452 0.923201 0.00648899 0.00306011 7.80541e-06 0.00403698 0.0153776 0.0138465 1.28623e-05 0.0165516 8.44888e-05 2.44227e-08 0.000201423 
0.0396158 0.149233 0.0538388 0.288874 0.0156268 0.00322453 0.000653702 0.0626491 0.180117 0.182417 0.00125771 0.0181834 0.00031219 6.41048e-07 0.00399544 
0.165969 0.0232819 0.0253602 0.337245 9.73799e-05 0.0219764 9.24941e-06 0.227556 0.111488 0.034559 6.32945e-05 0.0381851 0.00525673 0.000219217 0.00873314 
0.00128859 0.000933775 0.0047968 0.847832 1.22562e-05 0.00177654 0.00212756 0.0911763 0.0314014 0.0167264 1.14453e-05 0.000368459 0.00135645 2.1533e-09 0.000191817 
0.00298634 0.0165427 0.0674384 0.780148 0.00217321 0.000392696 2.13311e-05 0.0566759 0.0217936 0.0334253 2.83972e-05 0.0113993 0.00371975 1.57744e-07 0.00325466 
0.00324978 5.73115e-06 0.000785809 0.834242 1.35931e-05 3.92585e-05 7.60048e-07 0.126815 0.00093947 0.00986411 2.38014e-06 0.0231247 2.0444e-05 1.19608e-05 0.000885311 
0.00332436 0.00329232 0.118345 0.74153 3.04896e-05 0.000549834 2.18019e-05 0.00175471 0.0741556 0.028145 0.000108143 0.0276358 8.77178e-05 1.51821e-07 0.00101956 
0.00124375 0.0702723 0.00534855 0.813543 0.00818093 0.00285002 2.5428e-06 0.0502609 0.0338907 0.0126882 0.000214759 0.00119159 0.000204827 6.05978e-12 0.000107717 
0.0063889 0.0362084 0.00349861 0.335456 0.000713701 0.0160425 3.75984e-06 0.277029 0.0557629 0.0568092 0.000187987 0.00166327 0.00695239 0.202584 0.000699716 
0.00136751 0.00229794 0.0621657 0.83958 1.82648e-05 0.000988546 1.15617e-05 0.0142235 0.0338034 0.0175159 7.07876e-05 0.0264547 0.000288875 7.26345e-08 0.00121351 
0.00365299 7.02801e-05 6.43462e-06 0.83705 3.52929e-05 0.00420643 7.07251e-10 0.151807 1.70922e-08 0.00088081 2.22948e-05 0.00213128 9.48593e-09 1.94164e-12 0.000137409 
0.0225504 0.0407384 0.220213 0.310679 0.000305662 0.00725365 0.000208426 0.0861439 0.181209 0.0605369 1.69344e-05 0.0547103 0.00804954 0.000429346 0.00695487 
0.000848224 0.0113449 0.00174071 0.933354 6.48715e-08 0.00425071 3.46161e-12 0.0473782 6.90285e-07 0.000877479 0.000112114 3.00104e-05 6.29293e-05 4.61189e-12 1.55225e-08 
0.0283959 0.0216525 0.0165338 0.655342 0.0148885 0.00654133 6.79585e-05 0.135503 0.0447432 0.0499288 6.86811e-05 0.0111809 0.00168464 4.57609e-06 0.0134641 
0.0237566 0.00471136 0.000313041 0.557881 6.63132e-05 0.0896859 2.83468e-07 0.267406 0.00208702 0.0358614 1.85256e-05 0.0152215 9.37248e-05 1.2621e-09 0.00289725 
0.00322261 0.0418608 0.00850486 0.696107 0.00285186 0.00713524 1.81184e-10 0.159939 0.0438575 0.0337788 0.000652217 0.000708667 0.000986544 5.01183e-08 0.000395123 
0.00129832 0.00102037 0.00058807 0.950992 4.96991e-05 0.0054873 2.74847e-07 0.0339417 0.00141822 0.0048132 8.33733e-06 5.60735e-06 0.000325988 2.82298e-10 5.09001e-05 
0.302123 0.0215163 0.042005 0.361112 0.0177398 0.0133991 2.56011e-06 0.0863368 0.0619454 0.0250997 0.000186765 0.0590615 0.00210946 5.26321e-05 0.00730984 
0.0444554 0.0222161 0.027636 0.548858 0.0010647 0.0017753 1.4404e-06 0.162621 0.0877017 0.103304 1.01384e-05 0.000201377 0.000109086 6.95441e-07 4.45754e-05 
0.023054 0.0186657 0.0164106 0.454992 0.00226413 0.00237374 0.00229839 0.360191 0.0524503 0.0455815 6.80845e-05 0.0142387 0.00281659 0.000672311 0.00392207 
0.343616 0.00312621 0.0109442 0.494032 4.64048e-05 0.0563526 2.78183e-05 0.0128513 0.0330967 0.0227973 0.00340604 0.0186898 0.000223133 8.30173e-12 0.000789668 
0.0672224 0.0206771 0.116599 0.279908 0.00308017 2.08212e-07 0.000666026 0.112917 0.0892994 0.209692 2.08206e-07 0.00730908 0.0257275 2.08e-07 0.0669018 
0.00609633 0.00446723 0.108062 0.71189 3.04895e-05 0.00149242 2.4065e-05 0.00317607 0.105012 0.0353256 0.000128092 0.0230353 0.000194439 3.41498e-08 0.00106602 
0.0630103 0.00507526 0.00210522 0.79324 0.00014161 0.0150693 4.10814e-06 0.0852036 0.0160815 0.00742762 7.74207e-05 0.00618488 0.00471075 5.35064e-07 0.00166813 
0.00597728 0.0781409 0.0251499 0.381223 0.000394526 0.0109812 8.41722e-06 0.270223 0.0895413 0.049772 0.000147356 0.0080476 0.0678629 0.00655987 0.00597078 
0.00183399 0.00011042 6.74964e-08 0.842728 0.00215731 0.00546183 2.88336e-07 0.142537 0.00134027 0.000442659 7.59938e-07 0.00330971 7.91009e-08 1.09753e-10 7.7587e-05 
0.0481342 0.130643 0.0797364 0.255684 0.011031 0.0920688 0.000644722 0.215713 0.0761984 0.0437101 0.0262761 0.00381832 0.0120461 0.00179762 0.00249738 
0.0328204 0.00251958 0.000318574 0.490908 0.000197143 0.00358099 5.38899e-10 0.42471 0.0142072 0.0280279 1.93308e-05 0.000736097 0.000535706 3.53969e-06 0.00141468 
0.00234963 0.00166237 0.00109977 0.776707 5.52536e-05 0.0746087 5.42487e-08 0.123753 0.00109967 0.0055819 5.00525e-05 9.49762e-05 0.0129356 1.66056e-12 2.10902e-06 
0.000848224 0.0113449 0.00174071 0.933354 6.48715e-08 0.00425071 3.46161e-12 0.0473782 6.90285e-07 0.000877479 0.000112114 3.00104e-05 6.29293e-05 4.61189e-12 1.55225e-08 
0.0297566 0.00136704 0.00137914 0.492927 2.47669e-05 0.046573 0.0341571 0.349806 0.00449246 0.0358341 5.32347e-05 0.00250979 0.000995775 5.15298e-07 0.000123089 
0.00570798 0.000889477 0.000548475 0.639551 4.62069e-05 0.0761703 0.000521367 0.26575 0.00289582 0.00644891 2.16286e-05 0.00034444 0.00105397 5.06887e-07 5.07009e-05 
0.0389493 0.0159576 0.0118321 0.704412 0.000736658 0.0226369 7.12506e-05 0.107905 0.0400834 0.0356776 0.00558274 0.0127147 0.00217264 0.000358277 0.000909854 
0.0113837 0.000931583 0.00152164 0.770192 0.000250814 0.00208303 1.7626e-10 0.0651893 0.0828755 0.0457474 2.10861e-05 0.0194963 9.54283e-05 5.67567e-10 0.000212388 
0.00198294 0.00602913 0.00364386 0.859615 0.000330291 0.00133677 0.00594336 0.09581 0.0164973 0.00786294 8.79394e-05 0.000219867 0.000478956 6.53514e-09 0.000161532 
0.10093 0.000490491 0.000288967 0.629437 2.06558e-07 0.0965479 2.48997e-07 0.131905 0.0158849 0.0224642 9.80902e-07 0.00190363 9.74534e-05 1.26846e-09 4.84292e-05 
0.00929906 0.00225615 0.00109261 0.633185 0.000149898 0.0436482 0.000837726 0.280336 0.00381724 0.0207563 1.26481e-05 0.000546103 0.00366207 3.54688e-05 0.000365801 
0.00801602 0.0012469 0.00181284 0.530391 5.12515e-05 0.00249711 2.67824e-07 0.413463 0.000917463 0.034152 3.54373e-07 0.00153253 0.000279019 2.54477e-09 0.00564011 
9.54662e-05 0.000111326 0.000196747 0.959558 6.16546e-09 8.30458e-06 4.98501e-12 0.0397317 9.14773e-07 0.000221841 5.29968e-08 1.82771e-05 1.66603e-08 4.91038e-09 5.77245e-05 
0.00758917 0.000621062 0.00101443 0.839731 0.000167218 0.00140449 1.44467e-10 0.050507 0.0552504 0.0304983 1.40585e-05 0.0129976 6.36218e-05 4.46245e-10 0.000141908 
0.00322261 0.0418608 0.00850486 0.696107 0.00285186 0.00713524 1.81184e-10 0.159939 0.0438575 0.0337788 0.000652217 0.000708667 0.000986544 5.01183e-08 0.000395123 
0.0150864 0.000174508 0.00170084 0.904024 5.04365e-05 0.00432086 3.74463e-06 0.0576454 0.00257601 0.00377809 8.8385e-06 0.010287 4.67443e-05 8.27413e-10 0.000297172 
0.00913705 0.00138422 0.00195603 0.778608 7.68194e-05 0.0655916 7.72565e-07 0.119009 0.00479054 0.00783926 3.5756e-05 0.00102232 0.0105231 6.17113e-09 2.51387e-05 
0.072093 0.000350354 0.000206407 0.724177 1.47784e-07 0.0691125 1.77958e-07 0.105203 0.0113464 0.0160459 7.00937e-07 0.00135975 6.96123e-05 1.06555e-09 3.48508e-05 
0.00298634 0.0165427 0.0674384 0.780148 0.00217321 0.000392696 2.13311e-05 0.0566759 0.0217936 0.0334253 2.83972e-05 0.0113993 0.00371975 1.57744e-07 0.00325466 
0.00100774 0.00016788 0.000995339 0.945192 9.8699e-07 0.000484493 2.24965e-07 0.0434351 0.00154244 0.00489842 7.42075e-11 6.24601e-05 0.00152261 2.97483e-10 0.000689915 
0.00609633 0.00446723 0.108062 0.71189 3.04895e-05 0.00149242 2.4065e-05 0.00317607 0.105012 0.0353256 0.000128092 0.0230353 0.000194439 3.41498e-08 0.00106602 
0.000176423 0.00248875 0.000224409 0.967032 1.25087e-08 3.66066e-05 5.44293e-12 0.0288297 5.30842e-09 0.00113809 1.80491e-07 2.35907e-05 9.1523e-06 4.16047e-09 4.10713e-05 
0.00208752 0.0190088 0.00525189 0.685354 0.000123237 0.00878686 3.91513e-11 0.241484 0.0237268 0.00541003 0.000455368 0.00311763 0.00437213 1.81934e-07 0.000822066 
0.0206893 0.0143633 0.0842367 0.299266 3.26974e-05 0.00285185 5.83355e-07 0.199501 0.0247801 0.275524 1.25519e-06 0.0581896 0.00807507 4.28473e-10 0.0124879 
0.00322261 0.0418608 0.00850486 0.696107 0.00285186 0.00713524 1.81184e-10 0.159939 0.0438575 0.0337788 0.000652217 0.000708667 0.000986544 5.01183e-08 0.000395123 
0.0229053 0.00546458 0.00710132 0.467117 0.0224068 0.0279771 6.68841e-06 0.407368 0.0119605 0.0228021 2.98836e-05 0.00319283 0.00133138 7.54729e-12 0.000336894 
0.0588898 0.0286064 0.0446455 0.370184 0.000570179 0.0209538 1.36364e-05 0.230949 0.0527604 0.128064 0.000169995 0.0116374 0.050271 1.1332e-05 0.00227316 
0.0105987 0.000156992 0.00663472 0.940613 1.74286e-05 0.00230689 1.51158e-05 0.00450169 0.00869706 0.00458938 1.06374e-06 0.0215177 0.000133694 1.11721e-09 0.000216409 
0.264229 0.000891023 0.0203155 0.313254 1.2116e-05 0.0611397 0.000368732 0.225267 0.0176201 0.077434 0.0021572 0.0117126 0.0042987 0.00119325 0.000107355 
0.031666 0.0062738 0.00041489 0.536642 8.69662e-05 0.0506405 2.55912e-07 0.299404 0.00278018 0.0478063 2.42443e-05 0.0202832 0.000122279 6.03993e-11 0.00385468 
0.0113837 0.000931583 0.00152164 0.770192 0.000250814 0.00208303 1.7626e-10 0.0651893 0.0828755 0.0457474 2.10861e-05 0.0194963 9.54283e-05 5.67567e-10 0.000212388 
0.00362397 0.00409927 0.00248898 0.869981 0.00194929 0.00070399 0.000727176 0.0687824 0.0220486 0.0194518 2.17981e-05 0.00579236 0.000118393 1.62677e-07 0.000210795 
0.0174815 0.00371719 0.0650268 0.662493 0.000100783 0.0118125 9.25001e-08 0.160439 0.0318996 0.0304763 4.20093e-05 0.000933753 0.014682 3.95462e-10 0.000895624 
0.0537785 0.247423 0.00739362 0.388969 0.00260233 0.0442473 1.49589e-06 0.107889 0.0931375 0.0381715 0.000676232 0.0053064 0.00785761 4.85639e-07 0.00254671 
0.0485694 0.000615135 0.000258523 0.857857 2.08425e-07 0.0357949 3.72194e-08 0.0287849 0.00648033 0.0194919 6.67365e-06 0.0014766 5.37874e-05 2.88058e-12 0.000610444 
6.98723e-08 0.00246631 0.11645 0.249121 0.00137562 6.98605e-08 0.000733099 0.115106 0.10122 0.189738 0.00065674 0.20276 0.00277968 6.97894e-08 0.0175932 
1.23792e-05 5.76774e-05 0.00516796 0.960838 1.62236e-05 9.71502e-06 3.27635e-06 0.0120154 0.0143232 0.00464205 2.20741e-06 0.00272618 2.87278e-05 2.4222e-12 0.000157501 
0.015659 0.01584 0.0251735 0.571566 0.00289343 0.0413981 8.86318e-06 0.209043 0.0375756 0.0591984 8.2757e-05 0.00950518 0.010804 1.19274e-07 0.00125234 
0.0053113 8.13395e-08 0.00162986 0.488812 1.46163e-09 0.00691493 1.72781e-09 0.47774 0.00422475 0.0134584 2.43147e-09 3.4322e-05 0.00187403 6.76846e-13 2.17959e-08 
0.0364722 0.00381139 0.010893 0.579702 0.00146981 0.0160286 2.05618e-06 0.171196 0.0212007 0.0424414 1.95703e-05 0.0328269 0.00836385 1.79457e-05 0.0755538 
0.024885 0.0176228 0.0168894 0.32402 7.22347e-05 0.00829948 5.81993e-05 0.0240409 0.301632 0.26279 5.62482e-05 0.0174551 0.00180837 1.63598e-12 0.000370171 
0.00758917 0.000621062 0.00101443 0.839731 0.000167218 0.00140449 1.44467e-10 0.050507 0.0552504 0.0304983 1.40585e-05 0.0129976 6.36218e-05 4.46245e-10 0.000141908 
0.00662712 0.0167768 0.0159423 0.641516 0.00102919 0.0111162 2.79853e-05 0.180923 0.0347556 0.0804084 0.000168374 0.00758359 0.00127833 1.3848e-05 0.00183326 
0.1761 0.0117424 0.00160126 0.324581 0.00192773 0.019442 1.52596e-05 0.265632 0.0362239 0.0204794 3.96288e-05 0.141192 8.89496e-05 2.96113e-06 0.000930859 
0.00129832 0.00102037 0.00058807 0.950992 4.96991e-05 0.0054873 2.74847e-07 0.0339417 0.00141822 0.0048132 8.33733e-06 5.60735e-06 0.000325988 2.82298e-10 5.09001e-05 
0.00758917 0.000621062 0.00101443 0.839731 0.000167218 0.00140449 1.44467e-10 0.050507 0.0552504 0.0304983 1.40585e-05 0.0129976 6.36218e-05 4.46245e-10 0.000141908 
0.0328204 0.00251958 0.000318574 0.490908 0.000197143 0.00358099 5.38899e-10 0.42471 0.0142072 0.0280279 1.93308e-05 0.000736097 0.000535706 3.53969e-06 0.00141468 
0.0504927 0.00180095 0.0874459 0.543906 0.00232346 0.0484216 0.00139063 0.0137372 0.0538671 0.131934 0.00106416 0.056955 0.00621876 1.6353e-07 0.000442027 
0.00480763 0.000519371 0.000120788 0.898986 4.18299e-05 0.000736602 3.33623e-10 0.0824177 0.000357948 0.00606 2.73324e-07 2.52598e-05 0.00585958 9.29631e-06 5.79957e-05 
0.00542096 0.000973904 0.100217 0.446244 0.000119589 0.000992033 3.31064e-10 0.151455 0.06726 0.13595 1.0062e-05 0.0882076 0.00162021 1.4961e-09 0.00152941 
0.00758917 0.000621062 0.00101443 0.839731 0.000167218 0.00140449 1.44467e-10 0.050507 0.0552504 0.0304983 1.40585e-05 0.0129976 6.36218e-05 4.46245e-10 0.000141908 
0.0552699 0.00897171 0.0304238 0.53822 0.00371212 0.0182461 0.00013213 0.192453 0.0588156 0.0470985 1.89994e-05 0.0380289 0.0016611 4.70714e-07 0.00694822 
0.0077135 0.0425807 0.00444949 0.811363 0.000460341 0.00748822 1.71735e-06 0.0784569 0.0257796 0.0192808 0.000153154 0.00177964 0.000247916 4.90182e-08 0.000245165 
0.0278062 0.00219257 0.000180238 0.765874 2.32593e-06 0.000351637 3.75654e-10 0.197976 0.0030558 0.00175419 1.24846e-10 0.000806694 4.76207e-07 5.00483e-10 2.14886e-10 
0.000907244 0.00887628 0.000865181 0.972834 0.00114056 0.000235168 0.000125706 0.00284152 0.00296832 0.00372676 0.000432792 0.000316774 0.00307367 7.60918e-08 0.00165643 
0.0177215 0.00604342 0.0073878 0.518788 0.0168955 0.0282326 6.68455e-06 0.366539 0.00502277 0.0205772 4.42495e-05 0.00162461 0.0110776 5.69422e-12 3.89089e-05 
5.72958e-06 0.00086627 6.89668e-05 0.98456 5.23424e-06 0.00013619 1.74705e-12 0.0143571 1.79586e-13 3.46002e-07 5.32752e-08 6.49915e-10 8.25106e-09 2.32759e-12 9.99369e-13 
0.0108204 0.00335321 0.00625312 0.778959 0.00366021 0.00320182 1.49662e-06 0.134286 0.00875725 0.0287135 1.91806e-05 0.0140104 0.000712122 0.0016399 0.00561315 
0.00129832 0.00102037 0.00058807 0.950992 4.96991e-05 0.0054873 2.74847e-07 0.0339417 0.00141822 0.0048132 8.33733e-06 5.60735e-06 0.000325988 2.82298e-10 5.09001e-05 
0.0504927 0.00180095 0.0874459 0.543906 0.00232346 0.0484216 0.00139063 0.0137372 0.0538671 0.131934 0.00106416 0.056955 0.00621876 1.6353e-07 0.000442027 
0.0046602 0.00341338 0.0812806 0.78275 2.87183e-05 0.00115479 2.36546e-05 0.00240807 0.079104 0.026657 0.000108796 0.0174031 0.000164216 7.52784e-07 0.000842628 
0.031666 0.0062738 0.00041489 0.536642 8.69662e-05 0.0506405 2.55912e-07 0.299404 0.00278018 0.0478063 2.42443e-05 0.0202832 0.000122279 6.03993e-11 0.00385468 
0.0229053 0.00546458 0.00710132 0.467117 0.0224068 0.0279771 6.68841e-06 0.407368 0.0119605 0.0228021 2.98836e-05 0.00319283 0.00133138 7.54729e-12 0.000336894 
0.00244837 0.00905117 0.00259254 0.850269 0.000752067 0.00217081 1.21675e-09 0.0968942 0.0186453 0.0148618 0.000145628 0.00165003 0.000276031 1.2918e-07 0.000242872 
0.0075909 0.000621804 0.00101491 0.548641 0.000168183 0.00401036 1.94364e-07 0.323449 0.0685246 0.0327512 1.41854e-05 0.0130082 6.39036e-05 7.98669e-09 0.000142241 
0.0229053 0.00546458 0.00710132 0.467117 0.0224068 0.0279771 6.68841e-06 0.407368 0.0119605 0.0228021 2.98836e-05 0.00319283 0.00133138 7.54729e-12 0.000336894 
0.0179904 0.00384873 0.0313091 0.79212 5.5624e-05 0.0108205 5.07583e-05 0.0620684 0.0429734 0.0274456 4.85539e-05 0.00833466 0.00244468 3.14973e-07 0.000489662 
0.0321432 0.023414 0.0104605 0.386434 0.00456049 0.0343197 7.72107e-07 0.352404 0.0712188 0.0622715 8.81203e-05 0.0155107 0.00575569 3.37882e-09 0.00141849 
0.00758917 0.000621062 0.00101443 0.839731 0.000167218 0.00140449 1.44467e-10 0.050507 0.0552504 0.0304983 1.40585e-05 0.0129976 6.36218e-05 4.46245e-10 0.000141908 
0.0459413 0.0188051 0.0136289 0.4311 0.000746162 0.0055222 2.24547e-06 0.0675293 0.0258053 0.0361208 3.05435e-05 0.0101894 0.00197833 0.340053 0.00254668 
0.122376 0.00673627 0.0157744 0.312271 0.0033155 0.192818 0.000128943 0.265883 0.0290679 0.0250756 0.00527329 0.0200388 0.000364124 2.55517e-06 0.00087476 
0.15406 0.0339312 0.0593807 0.170888 0.0030443 0.040992 0.000181365 0.148486 0.133034 0.152383 0.000962878 0.0264904 0.0573221 0.000759258 0.0180852 
0.0113837 0.000931583 0.00152164 0.770192 0.000250814 0.00208303 1.7626e-10 0.0651893 0.0828755 0.0457474 2.10861e-05 0.0194963 9.54283e-05 5.67567e-10 0.000212388 
5.72958e-06 0.00086627 6.89668e-05 0.98456 5.23424e-06 0.00013619 1.74705e-12 0.0143571 1.79586e-13 3.46002e-07 5.32752e-08 6.49915e-10 8.25106e-09 2.32759e-12 9.99369e-13 
0.028661 0.00206144 0.0129124 0.776233 0.00355319 0.0159446 9.70756e-05 0.109935 0.00990499 0.0266412 3.90638e-05 0.0096111 0.000646883 8.39082e-06 0.00375095 
0.072093 0.000350354 0.000206407 0.724177 1.47784e-07 0.0691125 1.77958e-07 0.105203 0.0113464 0.0160459 7.00937e-07 0.00135975 6.96123e-05 1.06555e-09 3.48508e-05 
0.000802277 0.00446053 0.0116227 0.769743 7.12953e-05 0.000622765 7.10485e-11 0.00994499 0.0267761 0.175682 2.62766e-06 5.35955e-05 0.00021752 9.46577e-11 9.45959e-07 
9.54662e-05 0.000111326 0.000196747 0.959558 6.16546e-09 8.30458e-06 4.98501e-12 0.0397317 9.14773e-07 0.000221841 5.29968e-08 1.82771e-05 1.66603e-08 4.91038e-09 5.77245e-05 
6.0467e-10 0.0011529 0.000252154 0.922287 0.0432291 0.000157296 2.61378e-12 0.0325053 7.05538e-05 0.00010617 2.68061e-08 1.00195e-08 0.000239089 3.48233e-12 5.07031e-09 
0.00910636 0.00373546 0.00242338 0.862395 0.00182867 0.00983166 3.47114e-07 0.0740438 0.0207508 0.0142029 7.04034e-05 0.0012258 0.000136818 3.83577e-12 0.000249026 
0.0174815 0.00371719 0.0650268 0.662493 0.000100783 0.0118125 9.25001e-08 0.160439 0.0318996 0.0304763 4.20093e-05 0.000933753 0.014682 3.95462e-10 0.000895624 
0.00609633 0.00446723 0.108062 0.71189 3.04895e-05 0.00149242 2.4065e-05 0.00317607 0.105012 0.0353256 0.000128092 0.0230353 0.000194439 3.41498e-08 0.00106602 
0.00480763 0.000519371 0.000120788 0.898986 4.18299e-05 0.000736602 3.33623e-10 0.0824177 0.000357948 0.00606 2.73324e-07 2.52598e-05 0.00585958 9.29631e-06 5.79957e-05 
8.15536e-06 6.83108e-05 0.00775193 0.942751 2.29072e-05 7.69629e-06 4.91404e-06 0.0165996 0.0214848 0.0069286 3.31089e-06 0.00408926 4.30908e-05 3.36162e-12 0.000236249 
0.023993 0.00179916 0.000114825 0.479255 1.87286e-08 0.000963368 1.41746e-07 0.242498 0.105344 0.0403205 8.65417e-06 0.103917 6.83577e-08 2.07399e-11 0.00178558 
0.0108232 0.00373338 0.00745937 0.851282 0.00515086 0.0147985 1.64157e-06 0.0326186 0.0419995 0.0292536 1.47163e-05 0.00166464 0.000445133 4.31982e-12 0.000754442 
0.0138459 0.00939995 0.0217592 0.744902 0.000570773 0.00798521 0.000116733 0.141483 0.0210537 0.0205696 0.000531482 0.00270469 0.0111302 6.11822e-05 0.00388681 
0.0249471 0.00014452 0.000686704 0.684494 5.00705e-09 0.0115075 2.92154e-06 0.0072901 0.0748431 0.190074 9.27084e-06 0.00541522 0.000571689 5.71623e-13 1.38554e-05 
0.0113837 0.000931583 0.00152164 0.770192 0.000250814 0.00208303 1.7626e-10 0.0651893 0.0828755 0.0457474 2.10861e-05 0.0194963 9.54283e-05 5.67567e-10 0.000212388 
0.00824147 0.0092314 0.0114034 0.664739 3.40976e-06 0.000604079 0.000835703 0.192957 0.00464265 0.0230491 3.18202e-05 0.0092747 0.0699266 0.000184492 0.00487529 
0.0906328 0.123322 0.0833032 0.244664 0.00149416 0.00107663 0.0998169 0.21776 0.0383161 0.0789377 0.000328388 0.0158809 0.00391379 5.84113e-08 0.000553086 
0.0105987 0.000156992 0.00663472 0.940613 1.74286e-05 0.00230689 1.51158e-05 0.00450169 0.00869706 0.00458938 1.06374e-06 0.0215177 0.000133694 1.11721e-09 0.000216409 
0.00134563 0.0780494 0.00844513 0.716937 0.00117758 0.000108234 5.60288e-06 0.114773 0.0536066 0.021836 0.000107552 0.000907886 0.00203092 1.84356e-08 0.000669919 
0.0249471 0.00014452 0.000686704 0.684494 5.00705e-09 0.0115075 2.92154e-06 0.0072901 0.0748431 0.190074 9.27084e-06 0.00541522 0.000571689 5.71623e-13 1.38554e-05 
1.02599e-05 0.258565 0.115737 0.348442 0.00963767 0.014863 1.52147e-05 0.175668 0.0333837 0.0299854 0.000343769 0.00771706 0.00276678 8.58393e-11 0.00286527 
0.0669191 0.0102166 0.0278031 0.510591 0.00149606 0.0295977 0.000103368 0.182202 0.063263 0.0919864 0.000369519 0.00896909 0.00452659 2.99841e-06 0.00195319 
0.0370256 0.0101527 0.0130384 0.729801 0.000763087 0.00392745 0.0119692 0.124903 0.0218899 0.0274505 0.000108514 0.0098507 0.00107137 3.75094e-07 0.00804861 
0.0124636 0.0302085 0.00127658 0.535262 1.11532e-09 0.0164734 1.31844e-09 0.356439 0.0219335 0.0258254 0.000118375 2.47054e-09 8.93709e-08 5.16482e-13 1.66318e-08 
0.00609633 0.00446723 0.108062 0.71189 3.04895e-05 0.00149242 2.4065e-05 0.00317607 0.105012 0.0353256 0.000128092 0.0230353 0.000194439 3.41498e-08 0.00106602 
0.00129832 0.00102037 0.00058807 0.950992 4.96991e-05 0.0054873 2.74847e-07 0.0339417 0.00141822 0.0048132 8.33733e-06 5.60735e-06 0.000325988 2.82298e-10 5.09001e-05 
9.54662e-05 0.000111326 0.000196747 0.959558 6.16546e-09 8.30458e-06 4.98501e-12 0.0397317 9.14773e-07 0.000221841 5.29968e-08 1.82771e-05 1.66603e-08 4.91038e-09 5.77245e-05 
0.00250648 0.0329795 0.0066149 0.729328 0.00224099 0.00555745 1.53504e-10 0.157817 0.0342308 0.0265437 0.000507282 0.000551189 0.00081483 3.90352e-08 0.000307321 
0.142813 0.0140083 0.0737521 0.292312 0.0029728 0.0172553 0.000370302 0.228052 0.0447546 0.122628 0.000864718 0.00901729 0.0369354 0.000456235 0.0138086 
0.00250648 0.0329795 0.0066149 0.729328 0.00224099 0.00555745 1.53504e-10 0.157817 0.0342308 0.0265437 0.000507282 0.000551189 0.00081483 3.90352e-08 0.000307321 
0.0215049 0.00778429 0.000162745 0.378108 4.67186e-06 0.0226489 8.3396e-07 0.0969173 0.126175 0.344577 1.53902e-05 0.000181739 0.00172247 1.40473e-10 0.000196515 
0.00206228 0.000440996 0.00286478 0.904764 4.56765e-07 0.000184678 0.01125 0.0723793 0.00235281 0.00306827 2.88023e-06 0.000102055 0.000437881 1.28823e-11 8.99074e-05 
0.0173897 0.0180139 0.0595054 0.689565 9.17706e-09 0.00974778 0.000103824 0.036176 0.0186811 0.0433218 0.00010299 0.0932107 0.000552791 1.03361e-07 0.0136292 
0.00225725 0.0803167 0.00737267 0.704481 0.00117759 0.000108232 5.60225e-06 0.115694 0.0476832 0.0360307 0.000107552 0.00108206 0.00318923 1.90684e-08 0.000494354 
0.00168213 0.0180028 0.00687768 0.879982 0.000384048 0.00128353 8.4265e-07 0.0446135 0.0296926 0.0163389 0.000115931 0.000318892 0.000592258 6.82268e-09 0.000114829 
0.237065 0.000151076 0.0874404 0.318798 2.15932e-06 0.0414807 2.28486e-11 0.147002 0.00690319 0.126991 6.4619e-05 0.0333333 0.000768111 3.04411e-11 6.3171e-08 
0.0105987 0.000156992 0.00663472 0.940613 1.74286e-05 0.00230689 1.51158e-05 0.00450169 0.00869706 0.00458938 1.06374e-06 0.0215177 0.000133694 1.11721e-09 0.000216409 
0.0386917 0.0548283 0.0189643 0.52264 0.000948258 0.00912383 3.37084e-05 0.241179 0.036959 0.0503736 3.0355e-05 0.00290566 0.0106179 2.93059e-05 0.0126755 
0.00679629 0.000846542 0.00650655 0.899175 3.94847e-06 0.00116442 8.24458e-07 0.0482989 0.00325419 0.0238585 3.17351e-06 0.00972542 0.000146633 1.91127e-06 0.000217467 
0.0345719 0.00181262 0.00240876 0.714725 0.0081287 0.0322838 2.60375e-07 0.149282 0.0207094 0.0286946 5.48269e-06 0.00593696 0.00121542 1.71613e-06 0.000222949 
0.00763326 0.000386695 0.00115151 0.576635 9.50742e-05 0.00291909 4.20148e-06 0.293584 0.00496365 0.0192343 0.0778505 0.0151337 2.27067e-08 1.18805e-11 0.000408559 
0.00542096 0.000973904 0.100217 0.446244 0.000119589 0.000992033 3.31064e-10 0.151455 0.06726 0.13595 1.0062e-05 0.0882076 0.00162021 1.4961e-09 0.00152941 
0.0027781 0.00832295 0.0155695 0.582175 0.0103034 0.00403636 4.87111e-06 0.215343 0.0806751 0.0788718 5.09703e-05 0.000497538 0.000630861 3.52528e-07 0.000740527 
0.00140695 0.000232909 0.00138848 0.949252 6.7318e-07 3.99989e-05 1.19883e-07 0.036568 0.00109971 0.00685004 6.71499e-13 8.60489e-05 0.00212114 2.6919e-12 0.000954234 
0.0043989 0.0244754 0.00211302 0.628843 0.0303789 0.00089484 1.29479e-05 0.2613 0.0139499 0.033074 6.34393e-05 0.000255989 9.28137e-05 9.59443e-09 0.000146454 
0.00262245 0.0238888 0.00563061 0.810904 0.00160433 0.00750954 9.20211e-07 0.0905712 0.0299739 0.0244573 0.000206159 0.000460121 0.00188028 2.23569e-07 0.000289924 
0.00298634 0.0165427 0.0674384 0.780148 0.00217321 0.000392696 2.13311e-05 0.0566759 0.0217936 0.0334253 2.83972e-05 0.0113993 0.00371975 1.57744e-07 0.00325466 
0.00250648 0.0329795 0.0066149 0.729328 0.00224099 0.00555745 1.53504e-10 0.157817 0.0342308 0.0265437 0.000507282 0.000551189 0.00081483 3.90352e-08 0.000307321 
0.00758917 0.000621062 0.00101443 0.839731 0.000167218 0.00140449 1.44467e-10 0.050507 0.0552504 0.0304983 1.40585e-05 0.0129976 6.36218e-05 4.46245e-10 0.000141908 
0.000176423 0.00248875 0.000224409 0.967032 1.25087e-08 3.66066e-05 5.44293e-12 0.0288297 5.30842e-09 0.00113809 1.80491e-07 2.35907e-05 9.1523e-06 4.16047e-09 4.10713e-05 
0.00178228 0.00865531 0.00503131 0.838156 0.00121121 0.0104396 1.18186e-07 0.0756225 0.0345524 0.0216598 3.35979e-05 0.000224348 0.00248434 5.61696e-10 0.000147434 
0.0195652 0.00483477 0.00591028 0.496353 0.0193184 0.0258205 5.3547e-06 0.386508 0.00956842 0.019743 3.54079e-05 0.00320592 0.00886225 7.2517e-12 0.000269523 
0.0432596 0.00347202 0.00181692 0.657933 0.000441428 0.0144443 1.08648e-06 0.213571 0.0323486 0.0162007 5.36906e-08 0.00886096 0.00643351 1.657e-08 0.00121685 
0.0136243 0.0489792 0.239481 0.362563 0.00207643 0.00420164 0.0001158 0.0966216 0.0878619 0.0224417 0.000232657 0.102185 0.00161842 1.65603e-06 0.0179963 
0.0171579 1.49874e-05 0.00639778 0.809947 8.11629e-08 0.00536391 2.0028e-09 0.100522 0.000172819 0.0174896 3.81939e-06 0.0427139 7.3679e-05 8.71008e-08 0.000142696 
0.0229053 0.00546458 0.00710132 0.467117 0.0224068 0.0279771 6.68841e-06 0.407368 0.0119605 0.0228021 2.98836e-05 0.00319283 0.00133138 7.54729e-12 0.000336894 
0.0174815 0.00371719 0.0650268 0.662493 0.000100783 0.0118125 9.25001e-08 0.160439 0.0318996 0.0304763 4.20093e-05 0.000933753 0.014682 3.95462e-10 0.000895624 
0.0290791 0.00309464 0.0271197 0.397191 0.0003357 0.0106807 4.10954e-07 0.377178 0.0394865 0.0937794 1.22909e-05 0.00931014 0.00504703 3.20292e-06 0.00768211 
0.000630933 0.0365005 0.00389784 0.80119 0.00054877 0.000114484 2.5972e-06 0.119271 0.0247417 0.0100977 4.96613e-05 0.000419075 0.00222628 2.019e-08 0.000309442 
0.00958902 0.0055855 0.0195715 0.800207 0.0006101 0.00480132 3.42181e-06 0.105361 0.010506 0.0321292 2.67101e-05 0.00844812 0.00207447 2.68706e-05 0.0010591 
0.00140695 0.000232909 0.00138848 0.949252 6.7318e-07 3.99989e-05 1.19883e-07 0.036568 0.00109971 0.00685004 6.71499e-13 8.60489e-05 0.00212114 2.6919e-12 0.000954234 
0.00199114 0.00784154 0.000457544 0.692811 6.37551e-06 0.00928865 1.6558e-08 0.268595 0.0129805 0.0053036 2.67611e-06 8.53896e-06 0.000332019 5.36752e-11 0.000381439 
0.0113837 0.000931583 0.00152164 0.770192 0.000250814 0.00208303 1.7626e-10 0.0651893 0.0828755 0.0457474 2.10861e-05 0.0194963 9.54283e-05 5.67567e-10 0.000212388 
0.0110961 0.00673614 0.012288 0.771078 0.000684715 0.00417201 4.21005e-05 0.134879 0.0220046 0.0259999 1.59211e-05 0.00414291 0.00186139 0.00444494 0.000554469 
0.0253673 0.00548282 0.000431844 0.487629 7.89326e-06 0.00151793 3.04758e-08 0.452772 0.00115789 0.0174407 1.7801e-05 0.00399204 0.00403605 1.91775e-07 0.000146735 
0.0181102 0.0445824 0.00531009 0.75853 0.000518891 0.00243905 5.3962e-05 0.126738 0.0203401 0.0158264 0.000186583 0.00018195 0.00524888 1.31792e-06 0.0019316 
0.0660835 0.00052472 0.000257666 0.777371 4.55063e-07 0.058033 1.21922e-07 0.0658834 0.0100706 0.0194073 3.94623e-06 0.00199596 8.8629e-05 7.95437e-10 0.00028017 
5.72958e-06 0.00086627 6.89668e-05 0.98456 5.23424e-06 0.00013619 1.74705e-12 0.0143571 1.79586e-13 3.46002e-07 5.32752e-08 6.49915e-10 8.25106e-09 2.32759e-12 9.99369e-13 
0.00178228 0.00865531 0.00503131 0.838156 0.00121121 0.0104396 1.18186e-07 0.0756225 0.0345524 0.0216598 3.35979e-05 0.000224348 0.00248434 5.61696e-10 0.000147434 
0.00241253 0.00373411 0.00794887 0.671751 3.0471e-06 0.00670536 1.52548e-06 0.247286 0.0316035 0.0272172 1.27561e-06 0.00037556 0.000607989 3.62008e-11 0.000352285 
0.000848224 0.0113449 0.00174071 0.933354 6.48715e-08 0.00425071 3.46161e-12 0.0473782 6.90285e-07 0.000877479 0.000112114 3.00104e-05 6.29293e-05 4.61189e-12 1.55225e-08 
0.0180985 0.015243 0.00207916 0.562482 0.00285169 0.0862583 2.04906e-06 0.244552 0.00512509 0.0593742 0.00011849 0.000166465 0.00354369 4.48018e-12 0.000105639 
0.00480763 0.000519371 0.000120788 0.898986 4.18299e-05 0.000736602 3.33623e-10 0.0824177 0.000357948 0.00606 2.73324e-07 2.52598e-05 0.00585958 9.29631e-06 5.79957e-05 
0.00228692 0.0373227 0.00489354 0.601538 0.000866732 0.00420018 3.2207e-07 0.276817 0.0399574 0.028558 0.000153744 0.00148806 0.000940273 3.05968e-06 0.000973632 
0.0473994 0.00500981 0.0199232 0.387784 0.000378525 0.0394383 5.1807e-05 0.384758 0.020065 0.0724591 7.92988e-05 0.0102589 0.0103951 2.6408e-06 0.00199682 
5.72958e-06 0.00086627 6.89668e-05 0.98456 5.23424e-06 0.00013619 1.74705e-12 0.0143571 1.79586e-13 3.46002e-07 5.32752e-08 6.49915e-10 8.25106e-09 2.32759e-12 9.99369e-13 
0.033335 0.0215307 0.0528702 0.632189 3.00528e-05 0.137012 2.31626e-05 0.0917571 0.0184541 0.00498448 2.72697e-05 0.000844757 0.00694101 8.18139e-10 1.21167e-06 
0.000780668 0.000818293 0.000645008 0.705428 2.76883e-05 0.00339108 7.38543e-09 0.224156 0.00368095 0.0325027 1.58275e-08 0.028324 0.000123467 4.00006e-11 0.00012122 
0.00308304 0.0016833 0.00252703 0.614585 0.0314195 0.0414119 3.99474e-05 0.288405 0.00637889 0.00980983 5.14014e-08 1.40199e-05 0.000637601 3.37986e-12 5.27453e-06 
0.0159143 0.00149986 0.00841021 0.572421 0.0011069 0.0365147 1.06629e-06 0.312411 0.0083782 0.0253608 3.58347e-05 0.0030197 0.0148127 2.57096e-09 0.000113281 
0.00629877 0.0170743 0.00793055 0.787551 0.00464194 0.0111939 4.01085e-07 0.0897414 0.0428942 0.0300499 0.00020565 0.0011939 0.00064874 1.09303e-08 0.00057504 
0.00758917 0.000621062 0.00101443 0.839731 0.000167218 0.00140449 1.44467e-10 0.050507 0.0552504 0.0304983 1.40585e-05 0.0129976 6.36218e-05 4.46245e-10 0.000141908 
