0.00240138 0.802682 4.42215e-06 0.00296575 1.84188e-08 0.00109352 6.61764e-08 0.0770746 0.0192747 0.0914175 9.9088e-05 0.00043951 8.6126e-05 6.29289e-08 0.00246149 
0.0639615 0.303728 0.103477 9.63524e-05 1.6597e-05 0.113223 0.000738463 0.0764763 0.0300379 0.0295563 0.219404 0.00168299 0.0279576 0.0125298 0.0171137 
0.152038 0.090271 0.205552 0.00516002 2.28563e-10 5.47882e-05 1.63959e-08 0.0919307 0.0508099 0.152848 7.97853e-06 0.0627733 0.0231034 7.84444e-06 0.165443 
0.00451283 0.00311931 4.58589e-05 0.0242925 1.2058e-10 0.808916 1.65337e-06 0.132428 0.0129797 0.0130769 8.00806e-06 8.27063e-05 0.000324505 0.000208056 4.14501e-06 
0.0363833 0.00309957 0.0756823 0.00381418 6.12783e-09 0.0464594 0.000247422 0.164686 0.0774652 0.474358 3.46606e-05 0.0868992 0.00462355 1.25954e-06 0.0262457 
0.0815611 0.0546617 0.0632283 0.0226298 2.91491e-07 0.115557 0.000886799 0.619194 0.0243762 0.00580299 0.000764531 0.0112298 6.9835e-05 2.92577e-05 8.58033e-06 
0.182103 0.243772 0.0447067 0.000112596 2.64346e-05 0.000726439 0.01685 0.00433825 0.021353 0.256147 4.36693e-05 0.000814736 0.000165537 0.00017399 0.228667 
0.0235615 0.00193037 0.25136 0.00502397 1.42832e-08 0.00126673 1.55687e-06 0.0309035 0.0489196 0.634808 6.40123e-06 0.00185449 0.000143229 2.31563e-08 0.000221148 
0.00162532 0.170776 0.0043915 0.00100697 7.89338e-06 0.00612122 0.000134512 0.568534 0.0464309 0.0813489 0.000134762 0.0181117 0.0921719 0.00108121 0.00812377 
0.0815814 0.00631196 0.00485139 0.000769477 7.30484e-12 0.000697345 1.02243e-08 0.219733 0.197803 0.480556 8.69416e-09 0.00581633 0.000220816 5.56238e-10 0.00165953 
0.0294527 0.0128525 0.00591086 0.000173583 1.22968e-11 0.0138958 1.95508e-08 0.0325109 0.263139 0.635598 1.6626e-08 0.00581664 5.19389e-05 1.06104e-09 0.000598354 
0.00976262 0.0549846 0.128826 0.000220296 1.12596e-08 0.005643 0.000686608 0.0222961 5.0878e-05 0.033084 0.00492552 0.416742 5.51364e-06 1.82544e-08 0.322773 
7.36607e-07 0.163547 5.33059e-05 0.00190014 2.25236e-10 0.00360711 0.399659 0.0365219 0.365181 0.0241472 0.000557809 6.23223e-07 0.00247536 3.65161e-10 0.00234795 
0.0253509 0.0119581 0.0737902 0.0273742 6.43861e-08 0.00102522 2.39785e-06 0.0900626 0.11231 0.18041 2.38849e-05 0.420738 4.82786e-05 0.00163944 0.0552668 
0.0239399 0.00564254 0.00225266 3.03737e-08 1.37463e-12 0.00437642 3.36223e-10 0.00792894 0.128838 0.824372 1.44597e-09 0.00235274 4.39479e-09 2.2286e-12 0.000297573 
0.00764241 0.428127 0.226669 0.000297417 5.67734e-07 0.000388862 0.000107937 0.152533 0.0192934 0.132583 0.000199794 0.00191643 0.00225148 0.000629764 0.0273596 
0.00781684 0.00020479 0.174309 0.0187449 5.92338e-13 3.34166e-09 4.19307e-05 0.0014021 0.46676 0.272 0.0173391 0.0413474 5.50425e-09 1.53747e-09 3.36089e-05 
0.0256904 0.0192465 0.352116 4.85355e-05 4.37683e-05 0.00738668 0.0206477 0.00465144 0.0167753 0.0705885 0.015499 0.0721299 0.00727103 0.000233311 0.387672 
0.00599328 0.0080183 7.95674e-05 0.040578 1.15036e-06 0.664311 1.39579e-06 0.248846 0.014562 0.016662 6.60249e-06 6.10533e-05 0.000707795 0.000141941 2.9716e-05 
0.000756125 0.000292158 0.00014606 3.07975e-06 2.06561e-12 9.98725e-07 0.997678 2.71055e-06 8.69402e-05 1.48004e-06 7.44373e-05 1.15561e-05 3.69363e-08 0.000946479 3.77606e-07 
0.0413645 0.270035 0.0579001 0.119973 1.21863e-05 0.0278235 2.56001e-05 0.238589 0.0360391 0.118003 0.000478361 0.0160824 0.0377156 2.10119e-05 0.0359375 
0.00451283 0.00311931 4.58589e-05 0.0242925 1.2058e-10 0.808916 1.65337e-06 0.132428 0.0129797 0.0130769 8.00806e-06 8.27063e-05 0.000324505 0.000208056 4.14501e-06 
0.121714 0.302294 0.29002 4.13304e-08 4.06669e-10 0.0292328 4.94864e-10 6.38024e-05 0.00226265 0.232132 9.3176e-07 0.0214286 0.000849124 6.59306e-10 1.67391e-06 
0.0508643 0.0171758 0.340097 0.00814708 0.000973342 0.0111328 0.00145763 0.0573687 0.153628 0.288277 0.00366052 0.0347459 0.00846049 0.00166819 0.0223428 
6.1405e-06 0.0276242 0.00144456 0.00627156 2.67647e-11 2.95312e-06 2.6088e-08 0.255264 0.170976 0.530031 0.000281566 0.00342775 0.00182833 4.33919e-11 0.00284299 
0.0365643 0.00717393 0.00131319 0.0471028 4.0348e-10 0.000483018 1.6385e-05 0.848576 0.00524156 0.0320467 7.20137e-06 0.0185519 0.00266813 4.5549e-07 0.000254772 
0.209962 0.0186303 0.00895947 0.0142415 9.55387e-08 0.160386 8.04131e-05 0.00738312 0.372533 0.140024 0.000129593 0.0663832 0.00010251 8.71529e-06 0.00117569 
0.47103 0.0353954 0.239144 0.00369286 1.55674e-05 0.0277706 0.000172886 0.00831235 0.0987023 0.0922111 0.000293695 0.0146602 0.00249323 0.00565011 0.000455766 
0.0185439 0.00457482 0.0634385 6.98403e-06 6.03128e-09 0.000176315 3.31942e-08 1.71342e-05 0.0201307 0.00204863 0.823486 0.00207875 6.15507e-05 0.0654053 3.12574e-05 
0.0440643 0.330528 0.0790542 0.00449375 1.4403e-07 0.000425712 0.16757 0.0948409 0.0610078 0.100645 0.00158207 0.00920604 0.0280593 0.000219 0.0783031 
4.80119e-07 0.183165 0.411743 2.80643e-07 4.64839e-11 0.000989394 2.56429e-07 0.0638395 0.30516 0.0282812 7.66061e-08 1.58836e-06 5.52904e-07 2.27073e-05 0.00679638 
0.00189281 0.592638 3.36257e-05 1.05548e-05 1.38657e-09 0.0329673 1.55282e-05 0.297602 0.0307331 0.042069 2.7156e-05 7.25091e-05 0.000207474 4.79528e-05 0.0016824 
0.035084 0.0468994 0.0932763 0.0227358 0.0004605 0.0188271 0.000846655 0.108373 0.332364 0.309065 0.00445756 0.00928173 0.00448723 0.0030341 0.0108072 
0.00054498 0.0193306 5.25495e-08 0.000687477 5.72209e-12 0.0038521 9.64362e-09 0.973482 2.33448e-05 0.00203182 9.27319e-06 5.30166e-08 3.80234e-05 9.27686e-12 4.05368e-08 
0.264039 0.171003 0.190208 0.00133143 2.0105e-09 0.0278868 2.44652e-09 0.063859 0.0638294 0.116806 6.66116e-05 0.0704505 0.000182497 3.25949e-09 0.0303378 
0.178331 0.20358 0.0494442 0.00537524 1.48494e-05 0.00254008 0.252155 0.0121477 0.233811 0.0229006 0.000244218 0.0323656 0.000597993 0.00370893 0.00278432 
0.00143221 0.838995 0.00721911 0.0159677 8.45172e-05 0.000508267 9.86765e-05 0.0474117 0.0350305 0.0489425 0.000115908 0.000112759 0.00314326 0.000218835 0.000719424 
0.0748246 0.00308114 0.37154 0.000227647 0.00012025 0.00883389 0.000715781 0.0376435 0.0385101 0.07783 0.0209805 0.258387 0.0319685 0.0061853 0.0691515 
0.3109 0.0136383 0.00418513 0.00237451 5.88007e-08 0.016286 6.9749e-05 0.0472367 0.154579 0.43744 2.01652e-06 0.01227 0.000349966 2.15927e-06 0.000666052 
0.0201879 0.148095 0.644972 2.98363e-08 2.23802e-09 0.00976076 8.454e-05 7.5045e-07 0.00202831 0.00110328 0.0173765 0.124645 0.000188461 3.62836e-09 0.0315575 
0.00451283 0.00311931 4.58589e-05 0.0242925 1.2058e-10 0.808916 1.65337e-06 0.132428 0.0129797 0.0130769 8.00806e-06 8.27063e-05 0.000324505 0.000208056 4.14501e-06 
0.00275671 0.00473684 0.0120063 0.0368738 2.04047e-07 0.420084 0.000795844 0.377924 0.0318746 2.04194e-07 2.04146e-07 0.00226648 2.0409e-07 0.11068 2.04098e-07 
0.0743716 0.023608 0.279969 0.00731243 1.40713e-05 0.0681453 0.000103659 0.0342117 0.070936 0.150248 0.000633729 0.264297 0.000700492 0.000217307 0.0252313 
0.191474 0.162633 2.2876e-06 0.00480591 2.28603e-06 2.2872e-06 0.00640202 0.0237943 0.44907 0.00617901 0.0100657 0.00777942 0.00800507 0.129783 2.2866e-06 
0.0201227 0.100061 0.00565296 0.000716517 4.97211e-09 6.18123e-06 6.05042e-09 0.0723006 0.090462 0.047655 2.58436e-06 0.0131726 5.95176e-06 8.06096e-09 0.649842 
0.0190176 0.1302 0.00225878 0.0483823 2.50428e-10 0.00403065 1.82696e-08 0.578841 0.0687744 0.078656 7.63368e-07 0.0661999 0.00167669 3.34871e-06 0.00195785 
0.126226 0.0298025 0.038459 0.0442556 1.00155e-11 0.00424043 5.42586e-05 0.147294 0.338517 0.260876 2.00416e-05 0.00559246 0.00189019 1.62375e-11 0.00277125 
0.058076 0.00734122 0.0275119 0.0436053 1.27131e-07 0.00146392 0.000749564 0.72488 0.011989 0.0642406 6.02491e-05 0.0556781 0.000900592 2.06962e-07 0.00350351 
0.00631948 0.0527023 0.0136731 0.00303699 1.99933e-12 0.0413829 1.12986e-05 0.660041 0.0594178 0.115967 8.49036e-05 0.0397702 0.00610919 0.00118415 0.00029934 
0.165214 0.117522 0.0795973 0.0125564 1.05527e-05 0.0340321 4.99004e-05 0.0566324 0.0476828 0.298552 0.000403005 0.112289 0.00255631 0.00369143 0.0692112 
0.00342588 0.0119681 0.00472939 0.00169649 4.7014e-08 0.00185495 3.10093e-05 0.0275486 0.919206 0.00571514 0.000110601 0.00180839 0.0183696 7.62208e-08 0.0035357 
0.106096 0.0931573 0.562924 0.000205891 1.02159e-07 0.000786702 0.00864713 0.0111887 0.120686 0.00536383 0.016391 0.0239851 0.00547431 0.0433786 0.00171565 
0.000416481 0.000258968 2.36216e-05 3.79116e-07 1.76441e-12 8.44325e-07 0.99914 1.14799e-06 7.8169e-05 7.04366e-08 7.2424e-05 7.40301e-06 7.03598e-10 1.87797e-07 1.49977e-07 
0.00564103 0.00389913 5.73228e-05 0.0289972 1.27198e-10 0.794561 2.06605e-06 0.133488 0.0162246 0.0163462 1.00094e-05 0.000103381 0.000405622 0.000260052 5.18068e-06 
0.00763644 0.000840549 0.674872 4.54489e-06 5.40761e-10 0.012693 2.73873e-07 3.61378e-07 0.264074 0.0325547 0.0040566 0.00325566 1.15408e-05 8.76701e-10 1.67758e-07 
0.0206353 0.00416756 0.000230402 0.025306 3.04128e-07 0.652428 4.37761e-05 0.244879 0.00999006 0.0243703 0.0127875 0.000519607 0.00387644 0.00057186 0.000194041 
0.00451283 0.00311931 4.58589e-05 0.0242925 1.2058e-10 0.808916 1.65337e-06 0.132428 0.0129797 0.0130769 8.00806e-06 8.27063e-05 0.000324505 0.000208056 4.14501e-06 
0.0120648 0.153989 0.00580721 0.000104809 4.26305e-09 8.33016e-07 3.2562e-06 0.0575627 0.0129494 0.692593 0.00097504 0.0571515 0.00518636 0.000245601 0.00136665 
0.000416481 0.000258968 2.36216e-05 3.79116e-07 1.76441e-12 8.44325e-07 0.99914 1.14799e-06 7.8169e-05 7.04366e-08 7.2424e-05 7.40301e-06 7.03598e-10 1.87797e-07 1.49977e-07 
0.119172 0.038068 0.0422231 0.00961806 0.00010777 0.0216693 0.000617961 0.294852 0.255483 0.0630525 0.109018 0.0439545 0.00156416 0.000184667 0.000415311 
0.0379077 0.000435844 0.0191363 0.00321601 7.3345e-13 0.0116476 3.02697e-07 0.0117906 0.664629 0.222713 4.25463e-06 0.0262289 0.00108511 1.1891e-12 0.00120504 
0.056601 0.157566 0.571562 0.00024542 5.10941e-07 0.0229983 0.000546156 0.0160158 0.0244601 0.0730109 0.042575 0.021124 0.000241603 1.05248e-05 0.0130421 
0.0965707 0.0128078 0.28358 0.000711007 1.21257e-07 0.000203017 0.000511943 0.0321696 0.00253523 0.144627 1.96076e-05 0.182455 0.000348839 0.21113 0.0323303 
0.177282 0.00104434 0.00551708 0.000797273 1.69397e-12 0.00402787 3.50635e-09 0.0156566 0.271221 0.50516 8.6326e-09 0.0192935 2.50589e-08 2.74632e-12 1.31358e-07 
0.0256618 0.535576 0.0421167 0.0397068 1.65378e-05 0.00523016 0.000331374 0.147157 0.0700327 0.0764219 2.27911e-05 0.00124699 0.00235378 0.000185358 0.0539401 
0.342686 0.0725073 0.0571413 0.000114728 1.67083e-05 0.127948 8.56605e-05 0.0893431 0.00496758 0.264696 0.000204556 0.0327377 0.00740681 4.53709e-05 9.96638e-05 
0.0034518 0.0337677 0.0391246 0.0001505 7.22645e-10 8.69219e-06 2.38485e-06 0.0429996 0.066676 0.712709 0.00142745 0.0360069 0.00450079 1.60447e-05 0.0591588 
0.240783 0.217047 0.0694443 0.00360881 2.72408e-06 0.000550959 0.139704 0.0253741 0.158411 0.0790755 0.000405878 0.0630941 3.14082e-06 0.00018416 0.0023111 
0.00766673 0.000837562 0.613271 4.25591e-06 1.32105e-11 0.00247731 2.06279e-08 1.36951e-08 0.362177 0.00627975 0.00402523 0.00325035 1.07304e-05 2.14173e-11 1.26367e-08 
0.268799 0.13856 0.100639 0.0141798 0.000253804 0.184563 0.000372104 0.0187456 0.0611857 0.194486 0.00513133 0.00996637 0.00190543 0.000405711 0.000807765 
0.00176774 0.203254 0.00249073 0.000319656 2.15262e-08 0.000342394 2.61946e-08 0.285415 0.0144322 0.420194 7.94528e-07 0.00154444 0.0564015 3.4899e-08 0.013838 
0.0631882 0.0788842 0.610724 1.39836e-06 9.95352e-07 0.00477947 0.191877 4.85153e-05 0.00779653 0.00234334 0.0214252 0.00759708 0.0111097 7.47021e-06 0.000217435 
0.23433 0.135755 0.0101643 0.00572569 2.72635e-05 0.11682 5.99717e-05 0.122922 0.0577173 0.266406 0.000646923 0.0188811 0.0026116 0.00520961 0.0227242 
0.069979 0.462252 0.120566 0.0386565 4.18186e-05 0.00284096 7.44632e-05 0.0235692 0.0141507 0.0945524 0.000159089 0.103736 0.0121139 5.46156e-05 0.0572528 
0.0184709 0.000707989 0.0180599 0.00281801 1.18757e-10 0.000340611 1.09884e-09 0.0288415 0.551264 0.368795 4.48604e-07 0.0101144 0.000578246 8.98365e-06 9.25485e-10 
0.00240238 0.274178 0.0160497 4.54709e-07 2.97638e-08 0.003935 7.6709e-06 0.115054 1.91086e-05 0.0965268 3.38621e-07 3.19243e-06 0.474461 4.82541e-08 0.017363 
0.144314 0.578839 0.0194836 0.00811785 7.60731e-05 0.0425935 0.00313423 0.0182683 0.105663 0.0233717 0.00127492 0.0264048 0.000270821 0.000171716 0.0280159 
0.00371525 0.101741 0.0846802 0.00131538 2.49614e-05 0.620603 5.26555e-05 0.0476256 0.0718927 0.0411735 0.000233432 0.0202029 0.00439929 0.000586805 0.00175358 
0.000262216 0.000700199 0.0735792 0.000782279 2.1673e-10 0.000108932 4.97831e-05 0.0143565 0.637438 0.127753 0.00729712 0.136338 0.00127606 1.37824e-07 5.85178e-05 
0.0387118 0.00126207 0.139293 0.00115897 1.7955e-12 0.0162431 2.45761e-06 0.00413171 0.652551 0.115728 0.00349322 0.0258174 0.000739663 2.91092e-12 0.000867814 
0.228834 0.0657164 0.0218764 0.00342451 7.86954e-05 0.236111 0.000951528 0.00344287 0.417816 0.0131814 0.0036648 0.00347456 0.000391851 0.000210122 0.000825659 
0.0154702 0.0356124 0.00388135 0.00102698 6.75767e-11 0.017392 6.95303e-07 0.0453376 0.282151 0.596944 3.83038e-05 0.00201183 2.24704e-05 1.09558e-10 0.000111523 
0.00452489 0.112879 0.00941381 0.00217277 1.94163e-08 0.0300884 2.36272e-08 0.00871052 0.459846 0.319465 5.97574e-06 0.000466962 0.00267518 0.0497465 5.29253e-06 
0.131711 0.0342296 0.12302 0.0133159 3.30207e-07 0.0182701 0.00359895 0.299882 0.0568695 0.16737 0.0029406 0.111611 0.00977652 0.0147531 0.0126504 
0.110253 0.144604 0.486485 0.000244214 0.00018196 0.00274899 0.0143416 0.00141316 0.168758 0.0264339 0.0167969 0.0222702 0.00438719 0.000449234 0.000633124 
0.0114568 0.903709 0.0342845 0.000580379 1.74992e-08 0.00435123 3.58364e-08 0.00632286 0.0151439 0.00820045 0.000138759 3.12898e-07 0.000170499 7.98863e-08 0.0156411 
0.201242 0.0122552 0.135944 0.0187553 0.000351501 0.019572 0.000559339 0.0848156 0.0963191 0.203365 0.00111998 0.202892 0.00562693 0.000490452 0.0166916 
0.0501041 0.847946 0.0575784 6.78998e-05 4.94022e-08 1.97333e-05 4.37183e-05 0.00128177 0.0137348 0.0272362 1.91599e-05 0.000391257 0.00148675 7.05444e-05 1.95791e-05 
0.302169 0.115931 0.00971549 0.0165497 1.42209e-09 0.0025841 0.00108222 0.317845 0.0029238 0.227012 7.81848e-05 0.00333135 0.00074466 3.86224e-07 3.32584e-05 
0.0014079 0.646092 0.00560728 1.57845e-06 2.98294e-09 7.95628e-06 1.30882e-06 0.283899 0.00901172 0.0419003 0.000682294 4.48438e-07 9.52821e-07 2.7851e-06 0.0113846 
0.296779 0.0939958 0.127295 0.000428026 5.93723e-06 0.00167431 3.14393e-05 0.0170913 0.0609445 0.088927 2.52086e-05 0.131497 0.00341195 0.0174193 0.160475 
0.0124956 0.514338 0.0296228 0.000975834 4.63662e-05 0.00438193 0.0248479 0.115444 0.0768647 0.194438 0.00067215 0.00861221 0.00150435 0.00653247 0.00922446 
0.236598 0.00254866 0.021311 0.00119744 2.52055e-05 0.247725 0.000105325 0.00929506 0.0830583 0.371589 4.81103e-05 0.00338679 0.0207783 0.00230408 2.92842e-05 
0.0477514 0.429485 0.352386 0.000173529 3.9994e-05 0.00451682 0.0204846 0.00154036 0.081351 0.000802266 0.0468703 0.012682 0.000472772 0.00103642 0.00040743 
0.236598 0.00254866 0.021311 0.00119744 2.52055e-05 0.247725 0.000105325 0.00929506 0.0830583 0.371589 4.81103e-05 0.00338679 0.0207783 0.00230408 2.92842e-05 
0.0403584 0.000506336 0.10709 0.00718662 2.96864e-12 2.93202e-05 1.86571e-07 0.00394505 0.618303 0.195724 3.68229e-06 0.0267068 0.000145941 2.08096e-09 6.39827e-07 
0.00400336 0.01441 7.12947e-05 0.00201994 5.1633e-08 0.472955 1.61783e-06 0.465748 0.0248337 0.0100451 1.01734e-05 0.00144029 0.000913315 0.00349859 4.93582e-05 
0.00870322 0.00391951 0.00112358 0.133368 3.52493e-09 0.456744 4.16345e-07 0.354474 0.0150099 0.0246668 2.10087e-05 0.000901931 0.000996012 2.30114e-07 7.20079e-05 
0.537433 0.0795895 4.93332e-05 0.113901 1.97965e-08 0.00963651 7.13007e-08 0.140987 0.0320509 0.0837407 6.09407e-08 0.00140883 0.000135174 9.38288e-07 0.00106706 
0.0666451 0.0710031 0.00925229 5.82588e-06 2.47069e-11 0.0239755 3.00652e-11 0.0445063 0.433709 0.3428 0.00018474 0.00063122 0.00507096 4.00557e-11 0.00221552 
0.424342 0.0608751 0.143558 0.0448978 9.42175e-08 0.00889001 2.42707e-05 0.0453144 0.0318919 0.0417374 1.57162e-06 0.0194665 0.0110077 0.16799 2.64403e-06 
0.588535 0.0477544 0.00138885 0.0683411 1.74129e-08 0.013996 6.27045e-08 0.0936397 0.0237968 0.155455 5.35905e-08 0.00267217 0.000392854 1.21132e-06 0.00402643 
0.0471974 0.124104 0.0199791 0.037028 3.2111e-08 0.00437477 5.73415e-08 0.293003 0.355349 0.0930328 0.000475681 0.000970492 2.96196e-06 8.86256e-05 0.0243938 
0.209962 0.0186303 0.00895947 0.0142415 9.55387e-08 0.160386 8.04131e-05 0.00738312 0.372533 0.140024 0.000129593 0.0663832 0.00010251 8.71529e-06 0.00117569 
0.0016349 0.0579911 1.15198e-07 0.00206238 1.0212e-11 0.0115561 2.11378e-08 0.925921 3.21913e-08 0.000806413 2.78018e-05 1.16222e-07 1.34366e-07 1.6556e-11 8.88625e-08 
0.00950868 0.00618754 4.93394e-05 0.0427313 1.47216e-10 0.751267 6.99808e-07 0.136529 0.0248279 0.0280219 1.71572e-05 0.000156497 0.000695325 3.89805e-07 7.2537e-06 
0.000828382 0.000399824 0.0250326 8.11102e-08 7.01024e-08 0.000444945 5.74582e-06 0.00102169 0.000911975 0.00232077 4.61441e-06 0.0120636 0.000151547 1.60298e-07 0.956814 
0.000657299 0.643415 0.0379886 0.000338363 5.46071e-09 0.00374991 6.64499e-09 0.29543 0.00425235 0.00735179 0.00138165 8.85987e-05 6.27752e-05 8.85309e-09 0.00528347 
0.0704283 0.00231342 0.00657274 0.00015849 2.21829e-12 0.0031739 3.97564e-06 0.00880041 0.762961 0.0711009 8.97207e-09 0.035567 0.000413965 3.59636e-12 0.0385058 
0.0363833 0.00309957 0.0756823 0.00381418 6.12783e-09 0.0464594 0.000247422 0.164686 0.0774652 0.474358 3.46606e-05 0.0868992 0.00462355 1.25954e-06 0.0262457 
0.00833094 0.00571494 0.19475 0.000195524 9.02457e-12 7.56662e-08 2.37939e-05 0.0336698 0.625392 0.101581 1.18097e-05 0.00775372 0.0216927 1.4631e-11 0.000883243 
0.00400336 0.01441 7.12947e-05 0.00201994 5.1633e-08 0.472955 1.61783e-06 0.465748 0.0248337 0.0100451 1.01734e-05 0.00144029 0.000913315 0.00349859 4.93582e-05 
0.0732299 0.0325435 0.00705318 0.00760338 1.77535e-07 0.00275339 0.000443937 0.235193 0.251551 0.350547 0.00113695 0.0369318 1.77573e-07 1.7922e-05 0.00099462 
0.019824 0.0112168 0.000134978 0.010384 2.69807e-07 0.00386786 1.59969e-06 0.242042 0.0388447 0.672903 8.75518e-07 0.000743637 1.66909e-06 4.85426e-07 3.34574e-05 
0.0324116 0.047432 3.25999e-05 0.0179493 9.2749e-07 0.00239017 1.12864e-06 0.704378 0.0285457 0.164332 0.000101394 7.79349e-05 0.00211992 0.000147448 8.06178e-05 
0.0016349 0.0579911 1.15198e-07 0.00206238 1.0212e-11 0.0115561 2.11378e-08 0.925921 3.21913e-08 0.000806413 2.78018e-05 1.16222e-07 1.34366e-07 1.6556e-11 8.88625e-08 
0.0847005 3.15787e-08 0.0921007 1.0262e-07 5.31825e-13 0.00910649 2.26572e-09 0.000860762 0.548119 0.185289 4.86103e-09 0.0795806 0.000243294 8.62213e-13 5.33121e-09 
0.00567789 0.00389461 3.27738e-05 0.0255023 1.77619e-10 0.551613 1.65752e-05 0.37031 0.00884986 0.0146163 5.469e-06 0.000728736 0.000532656 0.0182168 2.83114e-06 
0.17526 0.0576071 0.181182 0.00431167 2.67961e-06 0.123204 0.000483268 0.0142482 0.0426321 0.0194118 0.000145359 0.374037 2.76315e-05 0.00375311 0.00369408 
0.00865036 0.0148181 0.624206 0.00206465 6.45615e-07 0.000102303 2.75084e-05 0.000572659 0.0354184 0.00122205 0.00942195 0.300907 9.81389e-06 1.50123e-05 0.00256352 
0.00130779 0.824715 1.19356e-05 0.00836771 6.83886e-07 0.000721496 2.45679e-06 0.141026 0.00261509 0.0195851 0.000154394 1.63542e-06 0.000306816 5.21045e-06 0.00117918 
0.135945 0.0231274 0.179291 0.00744924 0.000161559 0.0148164 0.000222752 0.0769631 0.272222 0.22079 0.00631884 0.0450458 0.00979662 0.00403032 0.00381862 
0.0145301 2.71827e-05 0.0664479 1.14659e-06 2.25817e-07 0.00418011 2.7479e-07 0.0157718 0.000747444 0.0382755 2.18221e-06 0.0198424 0.837539 2.27979e-06 0.0026321 
0.139435 0.00472234 0.0181799 0.000957179 4.99104e-08 0.0334427 6.07345e-08 0.000280882 0.0805315 0.719508 8.2482e-05 0.00220528 0.00041256 8.09164e-08 0.000242383 
0.0477514 0.429485 0.352386 0.000173529 3.9994e-05 0.00451682 0.0204846 0.00154036 0.081351 0.000802266 0.0468703 0.012682 0.000472772 0.00103642 0.00040743 
0.105488 0.0275039 0.00448702 0.0354389 8.31702e-07 0.00145868 3.17628e-06 0.0423326 0.0170282 0.725331 7.79525e-05 0.00616203 0.033837 1.15156e-06 0.000849265 
0.089907 0.253669 0.117826 0.00318139 2.18663e-08 0.000176611 1.13825e-05 0.134046 0.162032 0.087518 0.00014531 0.0321014 0.000429597 4.02774e-08 0.118956 
0.126226 0.0298025 0.038459 0.0442556 1.00155e-11 0.00424043 5.42586e-05 0.147294 0.338517 0.260876 2.00416e-05 0.00559246 0.00189019 1.62375e-11 0.00277125 
0.0434858 0.311072 0.0156915 0.00265266 1.83385e-09 0.0018203 1.01173e-06 0.130613 0.155395 0.323987 7.43989e-06 0.00263678 0.0101482 2.9731e-09 0.00248872 
0.117489 0.206496 0.193992 0.000868557 0.000518247 0.0351023 0.00161668 0.0479531 0.151745 0.135506 0.0463629 0.00926852 0.0517951 0.000670141 0.000616988 
0.0291375 0.035159 0.0743997 0.00035042 0.000134156 0.0159207 0.00214506 0.0250815 0.404196 0.282141 0.000411455 0.102315 0.0254863 0.00230355 0.000818259 
0.0466742 5.63621e-07 0.251669 8.65027e-06 6.17685e-11 0.00111979 3.82456e-07 0.699721 3.76285e-08 1.18553e-07 8.24161e-05 0.000723742 1.38931e-07 4.40702e-07 5.70832e-08 
0.0155078 0.178484 0.429868 0.00608636 3.30363e-08 0.00733807 2.26758e-05 0.00552976 0.133606 0.0730667 0.0569621 0.00806048 0.00288656 0.0817012 0.000880133 
0.00247557 1.67959e-05 0.0276139 0.0117197 3.3341e-07 6.57992e-06 2.04183e-06 1.06299e-05 0.90221 0.0471603 2.39221e-06 0.00876769 1.0058e-05 2.35058e-06 1.66893e-06 
0.0491446 0.002641 0.122597 0.0121837 1.58096e-06 0.00370547 2.15607e-05 0.0442591 0.00319385 0.104826 5.63581e-06 0.580048 0.0683962 7.7987e-05 0.00889767 
0.00370449 0.00256583 3.8554e-05 0.0199089 3.16052e-08 0.843203 0.000280148 0.10839 0.0106402 0.010721 7.20982e-06 6.93673e-05 0.000276939 0.000189841 4.10314e-06 
0.140719 0.125055 0.1474 0.0449562 0.000560707 0.0238482 0.0037008 0.124569 0.210494 0.0958959 0.00454961 0.0268118 0.00113517 0.000590861 0.0497133 
5.99787e-06 1.50512e-05 0.121083 4.19591e-06 6.0884e-10 1.85631e-06 2.88854e-06 4.31227e-06 0.753934 0.118459 1.98988e-07 0.0064885 1.03653e-06 9.87073e-10 2.18383e-07 
0.28633 0.0177575 0.118237 0.00153302 1.16231e-06 0.14047 2.09864e-06 0.0284973 0.00452971 0.111438 0.000163554 0.277625 0.00965038 1.93411e-05 0.00374667 
0.0201227 0.100061 0.00565296 0.000716517 4.97211e-09 6.18123e-06 6.05042e-09 0.0723006 0.090462 0.047655 2.58436e-06 0.0131726 5.95176e-06 8.06096e-09 0.649842 
0.157534 0.436251 9.33256e-07 9.33192e-07 9.32616e-07 0.00597273 0.0496071 0.00597404 0.319463 9.3329e-07 0.0205284 9.33174e-07 0.00354562 0.00111951 9.32849e-07 
0.0956369 0.000652031 0.040795 0.0404485 2.2315e-07 0.0665636 2.65342e-07 0.527827 0.0214939 0.158489 3.37541e-07 0.0454768 0.00203113 2.54529e-05 0.000560175 
0.555691 0.00783474 0.133573 0.0124804 0.000386606 0.0120463 0.0307432 0.0158585 0.0620553 0.0295171 0.0112505 0.111124 0.000856728 0.00807662 0.00850553 
0.0387529 0.139778 0.669737 0.00136912 3.98198e-08 0.00234898 0.000844063 0.0173898 0.0421787 0.0359669 0.000273388 0.00887476 0.0234385 1.31418e-07 0.019048 
0.0697833 0.0139947 0.080024 0.0174273 1.40568e-07 0.0543996 0.000646637 0.311471 0.0621894 0.123817 0.00222219 0.250501 0.00552562 0.00392 0.00407761 
0.0850582 0.232026 0.238556 0.0172936 0.000149733 0.00193637 0.00135152 0.00379412 0.186924 0.014758 0.148531 0.056601 0.000271452 0.00891838 0.00383087 
0.0930489 0.0205223 0.137953 0.0016234 2.54667e-09 0.0618713 1.43285e-06 0.165912 0.0560944 0.215056 0.00447285 0.0117947 0.231623 4.12875e-09 2.62605e-05 
0.268929 0.0595598 0.0108805 0.00870345 4.81007e-05 0.0106179 5.93907e-05 0.0115858 0.600539 0.0198666 0.00040564 0.00328145 0.000140086 0.000285815 0.00509772 
0.0363833 0.00309957 0.0756823 0.00381418 6.12783e-09 0.0464594 0.000247422 0.164686 0.0774652 0.474358 3.46606e-05 0.0868992 0.00462355 1.25954e-06 0.0262457 
0.0525027 0.411336 0.038966 2.6228e-07 1.37941e-08 0.000182297 0.000272007 0.00844551 0.479689 0.0059894 0.000164514 1.08966e-05 4.83655e-07 4.99131e-06 0.00243559 
0.0478456 0.29934 0.000256476 0.0718012 1.38017e-06 0.0541842 4.01157e-06 0.276484 0.200425 0.0493339 6.95484e-06 0.000107445 0.000198376 2.01629e-06 9.43953e-06 
0.076392 0.0249104 0.531233 0.00838344 0.00228703 0.018123 0.00432389 0.0406276 0.10901 0.102624 0.00753315 0.0566485 0.00642532 0.00273336 0.00874541 
0.0177778 0.27862 0.00553306 1.30018e-05 2.3778e-07 1.29657e-06 2.89348e-07 0.042433 0.000441127 0.00441594 0.000884098 0.622011 0.0156725 0.000615326 0.0115816 
0.0184709 0.000707989 0.0180599 0.00281801 1.18757e-10 0.000340611 1.09884e-09 0.0288415 0.551264 0.368795 4.48604e-07 0.0101144 0.000578246 8.98365e-06 9.25485e-10 
0.139132 0.13829 0.0321678 0.00755283 5.85513e-07 0.0117676 4.35743e-06 0.242232 0.0370629 0.371486 0.000166836 0.0101337 0.000910772 1.32136e-05 0.00907999 
0.294138 0.359407 0.110656 0.00209882 3.64917e-05 0.00287529 9.70484e-05 0.0610204 0.0236802 0.00956953 0.000271014 0.11749 0.000850772 0.00154986 0.0162598 
0.0843835 0.139212 0.0472601 0.0517914 0.00122085 0.0217762 0.00154824 0.298603 0.0981317 0.10865 0.00697202 0.0025682 0.0895221 0.0205092 0.0278517 
0.314327 0.00310433 0.00750405 0.000464138 2.07746e-08 0.0560074 6.8722e-06 0.0051636 0.0539207 0.551382 4.4505e-08 0.00158707 0.00649608 6.35891e-06 2.97363e-05 
0.0754813 0.815167 0.0143237 0.000131229 6.63635e-06 0.00982906 9.30765e-06 0.0129049 0.0187939 0.0231937 0.0135991 0.00326464 4.94754e-05 7.26725e-06 0.0132391 
0.000738143 0.000296776 0.00013849 2.90479e-06 2.084e-12 1.03067e-06 0.997765 2.65748e-06 8.79629e-05 1.38293e-06 7.44964e-05 1.15818e-05 3.43783e-08 0.000878886 3.68859e-07 
0.105824 0.0170216 0.00233638 0.000423491 3.8585e-11 0.000324476 3.41579e-05 0.327222 0.0310327 0.478529 2.3581e-05 0.0370658 6.02732e-07 9.36464e-06 0.000152764 
0.00451283 0.00311931 4.58589e-05 0.0242925 1.2058e-10 0.808916 1.65337e-06 0.132428 0.0129797 0.0130769 8.00806e-06 8.27063e-05 0.000324505 0.000208056 4.14501e-06 
0.159902 0.0127291 0.211173 0.000188764 1.47066e-07 0.0266491 3.59709e-06 0.0968323 0.143112 0.280819 2.19351e-05 0.0617368 0.00682938 2.96111e-07 2.66091e-06 
0.0195051 0.0027838 0.16654 0.180165 5.1768e-07 0.00338265 9.70245e-05 0.325504 0.166223 0.0410533 1.8412e-05 0.0865185 0.00377493 1.78579e-06 0.00443102 
0.302169 0.115931 0.00971549 0.0165497 1.42209e-09 0.0025841 0.00108222 0.317845 0.0029238 0.227012 7.81848e-05 0.00333135 0.00074466 3.86224e-07 3.32584e-05 
0.00824147 0.0092314 0.0114034 0.664739 3.40976e-06 0.000604079 0.000835703 0.192957 0.00464265 0.0230491 3.18202e-05 0.0092747 0.0699266 0.000184492 0.00487529 
0.078183 0.0936667 0.0333739 2.32155e-05 1.51807e-05 0.0063316 0.605632 0.0217821 0.024639 0.0504366 0.00575777 0.0593278 0.00587623 0.00605966 0.00889563 
0.0690426 0.0735528 0.311423 0.00185216 9.76536e-08 0.0976044 5.17524e-07 0.0807402 0.00474956 0.205578 0.000648687 0.00858058 0.0189211 1.48602e-06 0.127305 
0.590153 0.00448983 0.127094 0.00261622 1.51983e-05 0.098048 5.04715e-05 0.00659726 0.0616963 0.0992118 0.000326266 0.00704083 0.00165383 0.000181068 0.000825843 
0.0410322 0.00156528 0.0314624 4.42278e-07 2.2921e-12 0.00332627 9.76496e-09 0.00312983 0.726201 0.148281 2.09504e-08 0.00244032 0.0425609 3.71603e-12 2.29768e-08 
0.0563548 0.0760616 0.044376 0.00196613 0.00184778 0.00643143 0.0050225 0.0718909 0.0242379 0.089706 0.018006 0.247699 0.0124591 0.310681 0.0332606 
0.0158423 0.104639 0.0813883 0.0258579 0.00039923 0.342987 0.0016397 0.308326 0.0287884 0.0425308 0.00163183 0.0284212 0.010961 0.00333434 0.00325262 
0.0999968 0.311758 0.022521 0.0992028 1.7577e-08 0.0264947 6.02127e-06 0.175684 0.108479 0.125226 9.334e-06 0.00645219 0.00930832 2.25891e-05 0.0148383 
0.00950868 0.00618754 4.93394e-05 0.0427313 1.47216e-10 0.751267 6.99808e-07 0.136529 0.0248279 0.0280219 1.71572e-05 0.000156497 0.000695325 3.89805e-07 7.2537e-06 
0.0445455 0.0493466 0.0177597 0.00226477 3.58617e-05 0.710049 8.92288e-05 0.0471115 0.00240602 0.110617 0.00401191 0.00165913 0.00649713 8.48493e-05 0.00352129 
0.00451283 0.00311931 4.58589e-05 0.0242925 1.2058e-10 0.808916 1.65337e-06 0.132428 0.0129797 0.0130769 8.00806e-06 8.27063e-05 0.000324505 0.000208056 4.14501e-06 
0.0582119 0.0052155 0.828418 7.04043e-05 9.97481e-07 0.0170663 3.11279e-05 0.0110945 0.0115359 0.0373884 0.000699245 0.0150675 0.00223371 1.78836e-06 0.0129642 
0.0652934 0.0346311 0.142423 0.00166135 0.000181075 0.12665 0.00057185 0.0323204 0.237335 0.147481 0.00369411 0.130355 0.00633083 0.000561558 0.0705101 
0.537433 0.0795895 4.93332e-05 0.113901 1.97965e-08 0.00963651 7.13007e-08 0.140987 0.0320509 0.0837407 6.09407e-08 0.00140883 0.000135174 9.38288e-07 0.00106706 
0.0712684 0.00475572 0.0473935 2.91539e-06 1.5109e-11 1.28969e-06 6.43683e-08 6.59119e-07 0.295244 0.581329 1.381e-07 2.97833e-06 7.19918e-07 2.44952e-11 1.51458e-07 
0.0742397 0.20325 0.00204523 0.000422378 2.95919e-10 1.49554e-07 7.93937e-08 0.112094 0.141716 0.459665 6.73613e-08 0.00338194 2.79125e-06 4.6916e-09 0.00318251 
0.000298797 0.164717 0.230123 8.13012e-07 9.51527e-10 7.83256e-07 1.15789e-09 0.064749 0.236168 0.168842 1.56652e-07 0.0193955 3.43186e-06 1.54265e-09 0.115702 
0.162322 0.00851776 0.0158454 0.00169753 8.68123e-05 0.00162366 0.000207215 0.0132792 0.73852 0.0181845 9.04306e-05 0.0310487 0.000611019 0.000769506 0.00719584 
0.0743261 0.0191624 0.621686 0.0215714 0.000216828 0.00428324 0.00101598 0.0112901 0.118078 0.0344228 0.0265956 0.0545675 0.00799728 0.000594589 0.00419222 
0.0046143 0.000796389 0.0265459 0.000727228 1.32408e-08 0.356815 8.43366e-08 0.0284865 0.0413667 0.0152282 0.445356 0.0789773 0.000912536 5.57945e-06 0.000168303 
0.0421299 0.635758 0.00598639 0.000192947 3.14373e-07 0.223473 0.0445363 0.012649 0.0187812 0.00692723 6.69634e-05 0.00163923 7.62617e-05 0.00139742 0.00638551 
0.0244234 0.010189 0.89077 3.45814e-05 4.43617e-08 0.000991876 2.38974e-06 0.0150132 0.00437692 0.029253 0.0101844 0.0106949 0.00365928 5.66546e-05 0.000350143 
0.00215994 8.0236e-05 0.000424579 0.000217279 3.04716e-06 0.000847737 1.22162e-05 0.00429149 0.000686693 6.00181e-05 9.25036e-06 0.00974793 4.25148e-06 0.00151613 0.979939 
0.0184709 0.000707989 0.0180599 0.00281801 1.18757e-10 0.000340611 1.09884e-09 0.0288415 0.551264 0.368795 4.48604e-07 0.0101144 0.000578246 8.98365e-06 9.25485e-10 
0.0201879 0.148095 0.644972 2.98363e-08 2.23802e-09 0.00976076 8.454e-05 7.5045e-07 0.00202831 0.00110328 0.0173765 0.124645 0.000188461 3.62836e-09 0.0315575 
0.0386243 0.533191 0.037514 0.00108574 3.68053e-08 0.000655057 7.29067e-05 0.129398 0.0126231 0.194554 6.96071e-07 0.0389354 0.000383284 2.73272e-06 0.0129602 
0.00422404 0.0990947 0.0391991 0.0109534 3.0146e-08 0.000192753 3.43997e-05 0.0389048 0.0342113 0.0339875 2.71306e-05 0.0016745 0.724 4.88738e-08 0.0134966 
0.183004 0.00590619 0.271225 0.000122346 4.43145e-08 0.00410268 2.89054e-06 0.0723027 0.0330054 0.374359 0.000138483 0.0476561 0.0068143 0.0010184 0.000342622 
0.0907342 0.159596 0.0154319 1.18791e-07 4.44104e-11 2.12632e-07 0.000273485 0.0067515 0.678929 0.0427432 0.000517895 9.82641e-07 1.51887e-07 2.88071e-07 0.00502172 
1.38325e-06 0.240612 0.00882112 0.0106597 3.33564e-10 1.58705e-05 7.7126e-06 0.3755 0.15852 0.0448746 1.75505e-07 0.0527087 1.56233e-06 2.10371e-05 0.108257 
0.0477514 0.429485 0.352386 0.000173529 3.9994e-05 0.00451682 0.0204846 0.00154036 0.081351 0.000802266 0.0468703 0.012682 0.000472772 0.00103642 0.00040743 
0.0238297 0.00932638 0.0161168 0.00666001 8.24922e-13 0.00953306 2.29605e-05 0.182964 0.398152 0.318899 0.020561 0.00694429 0.0061721 5.715e-08 0.000817743 
0.272322 0.0022604 0.0466591 0.00016971 1.54188e-08 0.000313117 4.4429e-06 0.00327714 0.270407 0.238438 2.77222e-06 0.165614 3.10004e-05 5.24443e-06 0.000495954 
0.530401 0.0422815 0.0435115 0.00864467 1.43839e-05 0.0121218 0.0559077 0.0276777 0.110541 0.0954832 0.000974898 0.0698191 0.00031222 2.07608e-05 0.00228837 
0.0184709 0.000707989 0.0180599 0.00281801 1.18757e-10 0.000340611 1.09884e-09 0.0288415 0.551264 0.368795 4.48604e-07 0.0101144 0.000578246 8.98365e-06 9.25485e-10 
0.414697 0.00594172 0.0141692 0.00043985 5.21285e-05 0.198137 0.000455033 0.00790625 0.0976757 0.213706 0.000282205 0.0341683 0.000262422 0.0119741 0.000132205 
0.00451283 0.00311931 4.58589e-05 0.0242925 1.2058e-10 0.808916 1.65337e-06 0.132428 0.0129797 0.0130769 8.00806e-06 8.27063e-05 0.000324505 0.000208056 4.14501e-06 
0.195392 0.0103189 0.0470176 0.000256192 0.00017069 0.130604 0.000244733 0.030111 0.0267108 0.472805 0.0417921 0.0127305 0.00381468 0.0239899 0.00404198 
0.236598 0.00254866 0.021311 0.00119744 2.52055e-05 0.247725 0.000105325 0.00929506 0.0830583 0.371589 4.81103e-05 0.00338679 0.0207783 0.00230408 2.92842e-05 
0.0784504 0.268603 0.0482096 1.57892e-05 1.77525e-06 0.000215053 2.91224e-06 0.182957 0.31876 0.00248849 0.00147923 0.0149996 0.0742688 0.000152045 0.00939602 
0.103443 0.00395846 0.00389911 0.0271769 4.32351e-07 0.315221 3.46248e-05 0.16945 0.00708249 0.273472 6.20283e-06 0.0851891 0.000308641 0.0106486 0.000109105 
0.0361231 0.771778 0.0275927 0.000517147 1.13606e-07 2.67315e-05 1.38244e-07 0.0535554 0.00027444 0.0433097 9.17006e-05 0.00113655 0.025467 1.84182e-07 0.0401271 
0.0809551 0.22967 0.0174085 0.0299411 4.26837e-06 0.00308637 0.00779818 0.0269195 0.396255 0.185733 0.000252743 0.0202504 0.00014112 0.000121704 0.00146249 
0.0577892 0.000205251 0.0584966 0.000475675 3.36542e-09 0.00399779 2.66524e-06 0.134108 0.00881956 0.025093 2.84213e-05 0.70685 0.00302645 0.00110703 3.19902e-07 
0.537433 0.0795895 4.93332e-05 0.113901 1.97965e-08 0.00963651 7.13007e-08 0.140987 0.0320509 0.0837407 6.09407e-08 0.00140883 0.000135174 9.38288e-07 0.00106706 
0.401986 0.010334 0.0450151 0.0146509 0.00123113 0.0326038 0.00138445 0.0364459 0.107102 0.227461 0.00246211 0.1069 0.0018698 0.00278216 0.00777116 
0.033958 2.98211e-08 0.0846451 1.67709e-05 1.25396e-08 0.332415 8.45427e-06 0.0552782 0.15083 0.0942203 3.89976e-08 0.248514 0.000111 3.22965e-06 2.06151e-08 
0.35187 0.0198785 0.0298071 0.0036867 5.65144e-05 0.0146437 0.000237869 0.0177455 0.100401 0.0745499 0.000135826 0.34708 0.00153616 0.00339904 0.0349717 
0.268929 0.0595598 0.0108805 0.00870345 4.81007e-05 0.0106179 5.93907e-05 0.0115858 0.600539 0.0198666 0.00040564 0.00328145 0.000140086 0.000285815 0.00509772 
0.0696377 0.73671 0.0584634 4.98358e-08 2.98131e-10 0.000148489 0.00708979 0.0152151 0.0238392 0.0137278 0.0011025 0.0518573 7.70598e-09 4.8334e-10 0.0222082 
0.145088 0.00220826 0.238333 0.000285495 1.72458e-06 0.00115911 4.19982e-05 0.21617 0.200652 0.102299 0.000164363 0.0126341 0.0785405 0.000680928 0.00174145 
0.000343424 7.02573e-07 0.00305782 0.000268049 3.63112e-10 2.58453e-06 0.000195141 1.13655e-05 0.408031 0.13972 2.20191e-07 0.448136 0.000232991 5.8869e-10 9.80612e-07 
0.00400336 0.01441 7.12947e-05 0.00201994 5.1633e-08 0.472955 1.61783e-06 0.465748 0.0248337 0.0100451 1.01734e-05 0.00144029 0.000913315 0.00349859 4.93582e-05 
0.215787 0.000670116 0.00246983 0.000196337 3.29468e-12 0.0118623 1.28278e-06 0.0587495 0.0553621 0.597811 1.81423e-05 0.00648439 0.0505598 2.87188e-06 2.53838e-05 
0.53449 0.00166138 0.00292416 0.000178219 1.02662e-05 0.152873 0.00290398 0.00826036 0.048309 0.216296 0.000445497 0.011813 3.98553e-05 0.0193299 0.000465098 
0.537433 0.0795895 4.93332e-05 0.113901 1.97965e-08 0.00963651 7.13007e-08 0.140987 0.0320509 0.0837407 6.09407e-08 0.00140883 0.000135174 9.38288e-07 0.00106706 
0.0151988 0.0212223 0.0304915 0.179061 0.000163929 0.0569823 0.00630225 0.531199 0.0622674 0.055518 0.0302437 0.0075103 0.00137657 0.00170846 0.00075419 
0.00076275 0.000290457 0.000148848 3.14421e-06 2.05883e-12 9.86957e-07 0.997645 2.73011e-06 8.65634e-05 1.51581e-06 7.44155e-05 1.15466e-05 3.78788e-08 0.000971382 3.80829e-07 
0.10186 0.27587 0.0134855 6.21043e-08 4.63074e-11 0.000495765 0.0190537 0.00952506 0.402813 0.154615 0.000104312 0.0181399 0.00223409 7.88125e-08 0.00180384 
0.00451283 0.00311931 4.58589e-05 0.0242925 1.2058e-10 0.808916 1.65337e-06 0.132428 0.0129797 0.0130769 8.00806e-06 8.27063e-05 0.000324505 0.000208056 4.14501e-06 
0.041747 0.000313224 0.333902 1.7622e-05 5.75037e-07 0.00297026 1.01997e-05 0.00681363 0.0658079 0.321062 0.00011599 0.075552 0.0488607 1.55629e-05 0.102811 
0.0324259 0.406586 0.336413 0.000413642 2.3713e-05 0.0958171 2.57397e-05 0.0742687 0.00297383 0.00567375 0.0249825 0.0197567 0.000329574 5.27679e-05 0.000256886 
0.0167147 0.736675 0.00963349 0.0797913 1.87972e-08 0.00176025 3.7687e-06 0.101054 0.0108604 0.0399114 7.84369e-05 0.000585585 5.02751e-05 3.0438e-07 0.00288085 
0.551409 0.0792394 0.0154325 0.0325477 3.58854e-08 0.0106573 1.28854e-07 0.0565299 0.108758 0.121054 0.00012719 0.00176692 0.0205509 6.32225e-06 0.00192075 
0.590153 0.00448983 0.127094 0.00261622 1.51983e-05 0.098048 5.04715e-05 0.00659726 0.0616963 0.0992118 0.000326266 0.00704083 0.00165383 0.000181068 0.000825843 
0.00451283 0.00311931 4.58589e-05 0.0242925 1.2058e-10 0.808916 1.65337e-06 0.132428 0.0129797 0.0130769 8.00806e-06 8.27063e-05 0.000324505 0.000208056 4.14501e-06 
0.00482939 0.00729796 0.124246 0.000610564 1.49423e-11 0.00294413 9.92491e-08 0.0692184 0.285862 0.488272 5.94165e-05 0.00299735 0.0122461 2.4225e-11 0.00141726 
0.162074 0.0616427 0.107108 0.013994 0.000548686 0.0172037 0.00131528 0.261651 0.174359 0.166251 0.00193294 0.0226456 0.00354061 0.000948568 0.00478479 
0.033958 2.98211e-08 0.0846451 1.67709e-05 1.25396e-08 0.332415 8.45427e-06 0.0552782 0.15083 0.0942203 3.89976e-08 0.248514 0.000111 3.22965e-06 2.06151e-08 
0.0395542 0.565704 0.00104916 0.00191908 4.22717e-07 0.00097374 0.000466579 0.179598 0.00326287 0.16419 0.000374619 0.00155679 0.0388207 0.00251969 1.03654e-05 
0.00495056 0.796797 2.19952e-05 0.00643776 1.41557e-08 2.31732e-05 5.09727e-08 0.104459 0.0102333 0.0739407 0.000202341 6.55455e-05 0.000429631 3.1376e-08 0.00243836 
0.140372 0.0737329 0.0436059 0.00951952 4.94892e-09 0.0783487 0.0108615 0.0820987 0.131971 0.400833 6.45068e-05 0.0244796 0.00404077 1.20517e-07 7.20801e-05 
0.440267 0.00152464 0.0106106 0.000200547 3.84669e-05 0.119234 0.000219344 0.0503298 0.0254193 0.27176 0.0211494 0.0362583 0.0189974 0.00280634 0.00118502 
0.0138026 0.0704207 0.0903816 0.000660966 5.93263e-10 8.21235e-07 0.000192365 0.0967773 0.469659 0.176837 0.0505138 0.028728 0.00171808 1.51639e-06 0.000306511 
0.033958 2.98211e-08 0.0846451 1.67709e-05 1.25396e-08 0.332415 8.45427e-06 0.0552782 0.15083 0.0942203 3.89976e-08 0.248514 0.000111 3.22965e-06 2.06151e-08 
0.0016349 0.0579911 1.15198e-07 0.00206238 1.0212e-11 0.0115561 2.11378e-08 0.925921 3.21913e-08 0.000806413 2.78018e-05 1.16222e-07 1.34366e-07 1.6556e-11 8.88625e-08 
0.0732305 0.0407206 0.0924622 0.00309812 3.10952e-05 0.00267792 0.000416721 0.653604 0.00313828 0.0680825 0.00024049 0.0198346 0.0323405 0.00797984 0.0021426 
0.133465 0.00154528 0.0709268 0.0122737 2.78353e-08 0.127855 6.54227e-06 0.199437 0.132924 0.130972 0.000128654 0.187516 0.000367032 3.73255e-07 0.00258174 
0.147704 0.00161323 0.000691635 0.0624945 8.38557e-10 0.356727 1.12979e-07 0.039979 0.0368322 0.346472 3.71578e-06 0.00729378 0.000176497 4.22809e-06 7.14326e-06 
0.225766 0.138198 0.0726588 0.0017632 0.000645084 0.0191015 0.0010906 0.0470625 0.345365 0.00204486 0.0119202 0.0354226 0.000674359 0.0657508 0.0325364 
0.10186 0.27587 0.0134855 6.21043e-08 4.63074e-11 0.000495765 0.0190537 0.00952506 0.402813 0.154615 0.000104312 0.0181399 0.00223409 7.88125e-08 0.00180384 
0.0144708 0.00255235 0.000116435 0.019876 3.25761e-10 0.787405 1.36261e-06 0.142823 0.0106199 0.0213332 6.56185e-06 0.000318453 0.000265599 0.000170522 4.13902e-05 
0.475244 0.000782188 0.147795 0.00144136 6.94261e-07 0.000822783 0.000142329 0.234859 0.0690256 0.0376269 7.92821e-06 0.0145017 0.0035459 1.05382e-06 0.0142035 
