0.00240138 0.802682 4.42215e-06 0.00296575 1.84188e-08 0.00109352 6.61764e-08 0.0770746 0.0192747 0.0914175 9.9088e-05 0.00043951 8.6126e-05 6.29289e-08 0.00246149 
0.0377256 0.000521575 0.00739953 0.000544549 3.91836e-12 0.00334897 3.78739e-09 0.00452329 0.379575 0.544168 1.64161e-09 0.0221132 7.94986e-05 6.35258e-12 6.25084e-08 
0.0363833 0.00309957 0.0756823 0.00381418 6.12783e-09 0.0464594 0.000247422 0.164686 0.0774652 0.474358 3.46606e-05 0.0868992 0.00462355 1.25954e-06 0.0262457 
0.0039383 0.0104468 0.00815552 0.0112912 2.42509e-07 0.0468895 0.000211078 0.774223 0.0274949 0.115398 1.1432e-05 0.001196 7.79648e-07 9.61287e-06 0.000733503 
0.256468 0.00260772 0.00182904 2.31097e-06 4.36319e-10 0.201062 5.30945e-10 0.0368768 0.0182199 0.444839 0.000277598 0.0369872 6.55295e-06 7.07376e-10 0.000824365 
0.00870322 0.00391951 0.00112358 0.133368 3.52493e-09 0.456744 4.16345e-07 0.354474 0.0150099 0.0246668 2.10087e-05 0.000901931 0.000996012 2.30114e-07 7.20079e-05 
0.0168768 0.470256 0.039789 0.00208562 2.89172e-05 0.0512522 0.000103654 0.0385355 0.142047 0.122341 0.106045 0.00898714 0.000623125 0.000468568 0.00055996 
0.145723 0.0024748 0.00177666 0.000997588 3.69392e-13 0.0187985 1.08069e-05 0.00704014 0.555139 0.225534 7.45312e-07 0.0180164 9.85317e-05 5.98872e-13 0.0243903 
0.00451283 0.00311931 4.58589e-05 0.0242925 1.2058e-10 0.808916 1.65337e-06 0.132428 0.0129797 0.0130769 8.00806e-06 8.27063e-05 0.000324505 0.000208056 4.14501e-06 
0.0129407 0.0161796 0.108178 0.00209571 5.42322e-07 0.00154362 6.27006e-07 0.00598428 0.0396153 0.0369659 0.000140744 0.227177 1.80555e-05 2.55225e-06 0.549157 
0.0559116 0.220252 0.230902 1.69684e-07 1.52307e-09 3.12999e-06 1.14196e-06 0.125447 0.00325088 0.125359 0.0299285 0.00397307 0.144049 0.0527132 0.00820774 
0.0294527 0.0128525 0.00591086 0.000173583 1.22968e-11 0.0138958 1.95508e-08 0.0325109 0.263139 0.635598 1.6626e-08 0.00581664 5.19389e-05 1.06104e-09 0.000598354 
0.00273835 0.00143809 0.0612824 1.42687e-07 1.22984e-07 0.000541481 1.72704e-07 0.00367639 0.0032815 0.00835234 1.63018e-05 0.0123562 0.000544413 2.81502e-07 0.905772 
0.11219 0.238898 0.0241048 1.71973e-06 2.32473e-10 0.0103162 3.68039e-07 0.591471 0.0230121 7.15514e-07 2.41631e-06 2.03103e-07 8.64194e-07 3.76893e-10 1.40801e-06 
0.28972 0.00540024 0.0171839 0.0314876 9.90078e-05 0.378087 0.00015416 0.0645205 0.0521958 0.0936764 0.0527244 0.00727348 0.00185185 0.00515098 0.000475169 
0.0340057 0.287403 0.344685 2.29803e-05 3.94733e-06 0.048024 0.000316165 0.0357573 0.0229362 0.180353 0.0350579 0.00412423 0.00581864 2.11181e-05 0.00147064 
0.0239399 0.00564254 0.00225266 3.03737e-08 1.37463e-12 0.00437642 3.36223e-10 0.00792894 0.128838 0.824372 1.44597e-09 0.00235274 4.39479e-09 2.2286e-12 0.000297573 
0.00599328 0.0080183 7.95674e-05 0.040578 1.15036e-06 0.664311 1.39579e-06 0.248846 0.014562 0.016662 6.60249e-06 6.10533e-05 0.000707795 0.000141941 2.9716e-05 
0.00832715 0.00336525 0.02025 0.0129832 2.03639e-12 0.0051052 1.92067e-09 0.0419082 0.638298 0.266225 1.73665e-06 0.00267078 0.000798077 1.49149e-07 6.7516e-05 
0.120003 0.0479988 0.356079 0.00495503 4.02219e-07 0.00132334 6.0926e-06 0.0359596 0.0531453 0.187415 0.00475192 0.0308247 0.00640428 1.20948e-05 0.151122 
0.0208256 0.503867 0.113151 4.40318e-05 3.17246e-07 0.03867 8.25343e-05 0.0380375 0.00779713 0.0417847 0.209822 0.00598125 0.0195739 4.30802e-05 0.000319837 
0.00657806 0.669313 0.000255734 8.52588e-06 7.96507e-08 0.175714 6.42442e-06 0.0166513 0.00319175 0.0482478 3.24191e-06 3.64546e-05 1.45028e-05 0.00671621 0.0732638 
0.132256 0.00441552 1.61501e-08 0.0334973 3.96809e-13 0.0598071 5.79921e-10 0.0289522 0.327721 0.413194 8.98831e-10 5.93434e-05 9.70114e-05 6.4332e-13 3.86727e-09 
0.00451283 0.00311931 4.58589e-05 0.0242925 1.2058e-10 0.808916 1.65337e-06 0.132428 0.0129797 0.0130769 8.00806e-06 8.27063e-05 0.000324505 0.000208056 4.14501e-06 
0.204256 0.0383126 0.282961 0.0185593 0.00011403 0.00750911 0.00193763 0.0351544 0.0558406 0.0245763 0.31463 0.0112578 0.00341267 0.00119588 0.00028225 
0.140533 0.0293427 0.246143 0.00946252 0.00247546 0.0326875 0.0126964 0.0449398 0.14978 0.183483 0.00412917 0.126298 0.00344842 0.00302717 0.0115539 
0.0598979 0.0703737 0.0109497 0.0336625 4.27108e-05 0.0260876 6.13857e-05 0.0802726 0.540695 0.166264 4.66358e-05 0.00744822 0.00145402 0.00022496 0.00251903 
0.121714 0.302294 0.29002 4.13304e-08 4.06669e-10 0.0292328 4.94864e-10 6.38024e-05 0.00226265 0.232132 9.3176e-07 0.0214286 0.000849124 6.59306e-10 1.67391e-06 
0.198509 0.44374 0.15602 0.00531168 0.000338235 0.000672311 0.00686627 0.0504184 0.059017 0.0313919 0.00582974 0.0244944 0.00159394 0.0130286 0.00276821 
0.616378 0.00101882 0.0720735 8.36272e-07 1.1269e-07 1.13175e-06 2.76773e-06 0.0312848 0.00260583 0.24491 4.65606e-06 0.0308981 0.000820659 4.13002e-07 5.97573e-07 
0.141621 0.00299757 0.0913691 0.000287591 1.77678e-05 0.00701021 0.000598304 0.115826 0.0129943 0.527995 0.0038783 0.0575911 0.0322053 5.95134e-05 0.00554845 
0.0337655 0.0573233 0.863464 8.68044e-06 1.13091e-09 0.00109004 7.75312e-07 0.00202278 0.00144574 0.0148787 0.0199945 0.0051161 0.000819556 4.47991e-05 2.55182e-05 
0.0185439 0.00457482 0.0634385 6.98403e-06 6.03128e-09 0.000176315 3.31942e-08 1.71342e-05 0.0201307 0.00204863 0.823486 0.00207875 6.15507e-05 0.0654053 3.12574e-05 
0.141696 0.0561516 0.0496525 0.00147762 9.6843e-07 0.0414903 3.13181e-06 0.128775 0.47744 0.0802178 0.00072296 0.00545014 0.0011403 0.014073 0.001709 
0.106099 0.0544791 0.681649 0.000261048 1.14555e-11 0.0013145 6.24946e-07 0.000632353 0.0575991 0.0485729 0.0277449 0.0199513 0.00118453 7.64955e-05 0.000434723 
0.126226 0.0298025 0.038459 0.0442556 1.00155e-11 0.00424043 5.42586e-05 0.147294 0.338517 0.260876 2.00416e-05 0.00559246 0.00189019 1.62375e-11 0.00277125 
0.11084 0.019663 0.0598895 0.0180425 6.01511e-05 0.206449 0.00501455 0.506106 0.0274209 0.0292919 0.00253542 0.00502979 0.00168726 0.00771061 0.000259214 
0.0748246 0.00308114 0.37154 0.000227647 0.00012025 0.00883389 0.000715781 0.0376435 0.0385101 0.07783 0.0209805 0.258387 0.0319685 0.0061853 0.0691515 
0.0799008 0.0320471 0.514941 0.000454098 7.26111e-06 0.0487845 5.41686e-05 0.0334253 0.0225437 0.0636776 0.00676887 0.191568 0.00254157 0.00216895 0.00111716 
0.0379077 0.000435844 0.0191363 0.00321601 7.3345e-13 0.0116476 3.02697e-07 0.0117906 0.664629 0.222713 4.25463e-06 0.0262289 0.00108511 1.1891e-12 0.00120504 
0.00247555 0.860826 1.10141e-05 0.00321942 1.87893e-08 0.00171474 6.76132e-08 0.0711048 0.0069992 0.0369711 0.000174836 3.28144e-05 0.000214957 5.56125e-08 0.0162557 
0.179016 0.221229 0.0296146 0.00310919 3.7354e-06 0.0269614 0.12817 0.27092 0.085712 0.0099699 0.000130332 0.0354694 0.00314352 4.01391e-05 0.00651096 
8.27502e-07 0.716061 0.0172774 3.36266e-07 3.77073e-10 0.0273737 4.5885e-10 0.0153339 2.28524e-05 0.203277 0.00106869 0.0195796 2.18656e-06 5.50804e-07 1.7326e-06 
0.428972 0.000268412 0.00509514 6.0496e-06 1.84792e-11 0.0336182 2.17806e-08 0.0190829 0.0311876 0.193731 2.48449e-08 0.287099 0.000462171 1.75849e-07 0.000477472 
0.0989813 5.10889e-05 0.0897615 0.0228988 1.9996e-05 0.0272088 5.54636e-05 0.0510195 0.0340344 0.209946 0.0278555 0.431988 0.00496015 0.000250053 0.000969083 
0.028795 0.620807 0.0311902 0.0116804 3.17006e-05 0.00762297 8.66445e-05 0.020257 0.0623038 0.204068 4.64139e-05 0.0116271 0.000593121 0.000303539 0.000586841 
0.274434 0.00107259 0.00519569 0.00413548 3.34579e-11 0.00463687 2.94455e-07 0.0658193 0.135116 0.474391 1.4294e-06 0.0349036 1.70223e-05 4.1732e-06 0.000272816 
0.0631882 0.0788842 0.610724 1.39836e-06 9.95352e-07 0.00477947 0.191877 4.85153e-05 0.00779653 0.00234334 0.0214252 0.00759708 0.0111097 7.47021e-06 0.000217435 
0.0184709 0.000707989 0.0180599 0.00281801 1.18757e-10 0.000340611 1.09884e-09 0.0288415 0.551264 0.368795 4.48604e-07 0.0101144 0.000578246 8.98365e-06 9.25485e-10 
0.268929 0.0595598 0.0108805 0.00870345 4.81007e-05 0.0106179 5.93907e-05 0.0115858 0.600539 0.0198666 0.00040564 0.00328145 0.000140086 0.000285815 0.00509772 
0.0314263 0.231959 0.466615 9.07109e-06 1.14681e-10 1.13627e-07 0.127831 0.0378476 0.00759666 0.0486478 4.82621e-07 0.00525661 2.58038e-07 2.68415e-05 0.0427845 
0.0410322 0.00156528 0.0314624 4.42278e-07 2.2921e-12 0.00332627 9.76496e-09 0.00312983 0.726201 0.148281 2.09504e-08 0.00244032 0.0425609 3.71603e-12 2.29768e-08 
0.539989 0.00664937 0.0409549 0.020961 0.000307401 0.0216774 0.00451482 0.0642036 0.0511742 0.22029 0.00559959 0.0121202 0.00637697 0.00336838 0.00181258 
0.0488144 0.57653 0.0200279 0.000382328 3.79711e-07 0.0123719 0.121842 0.086872 0.0263064 0.010609 0.00249794 0.0371753 0.00845807 0.046765 0.00134706 
2.54685e-06 0.165424 0.0144971 0.000378026 8.36103e-10 0.00113407 1.79109e-07 0.710225 0.0122641 0.0472605 2.03635e-07 0.0458991 0.000358937 0.00016691 0.00238947 
0.00451283 0.00311931 4.58589e-05 0.0242925 1.2058e-10 0.808916 1.65337e-06 0.132428 0.0129797 0.0130769 8.00806e-06 8.27063e-05 0.000324505 0.000208056 4.14501e-06 
0.0144713 0.0122883 0.109838 8.8364e-05 1.26118e-06 0.000399702 1.46601e-06 0.0011263 0.761708 0.0725043 1.62721e-06 0.0270272 0.000131599 3.69411e-06 0.000408984 
0.0172036 0.00294309 0.0622953 2.50113e-05 2.79451e-06 0.557295 7.13336e-06 0.0551522 0.104671 0.0463587 0.00141046 0.118169 0.000440426 0.0340155 1.07154e-05 
0.0152229 0.0243802 0.0447412 0.00214595 2.95235e-07 0.00403654 4.14414e-07 0.0383312 0.188663 0.667881 0.000124387 0.0134718 0.00037845 8.17016e-05 0.000540955 
0.0648034 0.0397931 0.208067 0.0189017 0.000900159 0.0415184 0.0012459 0.0455272 0.172445 0.169883 0.00174974 0.214308 0.0103158 0.00115055 0.00939146 
0.0915722 0.162173 0.428443 0.04419 0.000573951 0.0361623 0.000868164 0.0657437 0.0572793 0.0524643 0.026283 0.0258289 0.00492233 0.00214982 0.00134574 
0.0825574 0.112215 0.0941896 0.00117162 7.58957e-06 0.0019805 5.57038e-05 0.227795 0.150743 0.220678 0.000471892 0.0904916 0.0127406 6.70944e-05 0.00483615 
0.0155078 0.178484 0.429868 0.00608636 3.30363e-08 0.00733807 2.26758e-05 0.00552976 0.133606 0.0730667 0.0569621 0.00806048 0.00288656 0.0817012 0.000880133 
0.0120648 0.153989 0.00580721 0.000104809 4.26305e-09 8.33016e-07 3.2562e-06 0.0575627 0.0129494 0.692593 0.00097504 0.0571515 0.00518636 0.000245601 0.00136665 
0.00371525 0.101741 0.0846802 0.00131538 2.49614e-05 0.620603 5.26555e-05 0.0476256 0.0718927 0.0411735 0.000233432 0.0202029 0.00439929 0.000586805 0.00175358 
0.0294527 0.0128525 0.00591086 0.000173583 1.22968e-11 0.0138958 1.95508e-08 0.0325109 0.263139 0.635598 1.6626e-08 0.00581664 5.19389e-05 1.06104e-09 0.000598354 
0.044585 0.00134117 0.410098 7.67171e-07 5.66558e-10 0.00261048 2.23919e-05 0.00274307 0.0173666 0.0289753 0.00402206 0.395641 0.000231155 0.00542939 0.0869341 
0.0237729 0.234151 0.00679518 0.00492045 1.36202e-10 0.00204518 5.76302e-06 0.0606656 0.0705642 0.0811811 3.26357e-08 0.000647266 0.00105701 2.20815e-10 0.514194 
0.102699 3.61684e-08 0.0497259 0.00146308 2.8676e-11 0.0128348 8.74086e-09 1.85329e-08 0.415701 0.151245 9.90997e-09 0.266286 3.02778e-05 9.81402e-09 1.43549e-05 
0.0201879 0.148095 0.644972 2.98363e-08 2.23802e-09 0.00976076 8.454e-05 7.5045e-07 0.00202831 0.00110328 0.0173765 0.124645 0.000188461 3.62836e-09 0.0315575 
0.139092 0.00539973 0.108822 0.00602195 0.000566405 0.213073 0.000694412 0.00801088 0.0523551 0.167906 0.0117633 0.260235 0.00207592 0.00529021 0.018694 
0.228089 0.000685526 0.00450396 0.0033339 7.48019e-06 0.270855 4.23352e-05 0.0968713 0.0451555 0.312447 0.0154289 0.0141452 0.000631674 0.00764777 0.000155136 
0.304756 0.000804482 0.0134438 0.00310166 3.73498e-11 0.0073907 2.21813e-07 0.0537885 0.105597 0.479773 1.07371e-06 0.0306755 7.37024e-05 3.14621e-06 0.000591201 
0.0265795 0.152113 0.0160276 0.00943103 4.47147e-05 0.00281555 0.000445933 0.438266 0.0418021 0.200287 9.14922e-05 0.0169092 0.00503759 0.0622009 0.0279476 
0.0467923 1.44103e-07 0.0275014 4.68286e-07 2.42688e-12 0.0358175 1.03392e-08 0.000487114 0.350581 0.513114 1.55498e-05 0.0256904 1.15637e-07 3.93455e-12 2.4328e-08 
0.0265606 0.00937549 0.0102974 0.0151322 4.79018e-07 0.126913 0.000400011 0.789135 0.00868782 0.00482631 0.000766344 0.00779747 6.98521e-05 2.92414e-05 8.60279e-06 
0.251256 0.0189296 0.00624763 0.00969856 2.17712e-07 0.022882 6.31688e-05 0.078944 0.209343 0.384264 1.02365e-05 0.0162317 0.000667515 1.66501e-06 0.00146019 
0.342686 0.0725073 0.0571413 0.000114728 1.67083e-05 0.127948 8.56605e-05 0.0893431 0.00496758 0.264696 0.000204556 0.0327377 0.00740681 4.53709e-05 9.96638e-05 
0.00651404 0.0212217 0.00875144 0.000957571 4.99235e-05 0.189127 5.69576e-05 0.542658 0.0154297 0.02773 6.73595e-05 0.0108301 0.00300997 0.173041 0.000554559 
0.0034518 0.0337677 0.0391246 0.0001505 7.22645e-10 8.69219e-06 2.38485e-06 0.0429996 0.066676 0.712709 0.00142745 0.0360069 0.00450079 1.60447e-05 0.0591588 
0.443021 1.32287e-06 0.365519 0.0175 5.27707e-10 0.021875 1.86418e-06 0.0370277 0.0112058 0.0662701 1.6517e-07 0.011322 0.0259904 8.55537e-10 0.000265828 
0.00451283 0.00311931 4.58589e-05 0.0242925 1.2058e-10 0.808916 1.65337e-06 0.132428 0.0129797 0.0130769 8.00806e-06 8.27063e-05 0.000324505 0.000208056 4.14501e-06 
0.00766673 0.000837562 0.613271 4.25591e-06 1.32105e-11 0.00247731 2.06279e-08 1.36951e-08 0.362177 0.00627975 0.00402523 0.00325035 1.07304e-05 2.14173e-11 1.26367e-08 
0.0519503 0.00256763 0.178738 0.0930755 7.70591e-08 0.00117198 0.000146463 0.00353966 0.317903 0.272423 0.000501204 0.0766812 0.000963519 0.000123309 0.000215896 
0.00451283 0.00311931 4.58589e-05 0.0242925 1.2058e-10 0.808916 1.65337e-06 0.132428 0.0129797 0.0130769 8.00806e-06 8.27063e-05 0.000324505 0.000208056 4.14501e-06 
0.000159965 0.813877 0.0366302 3.54279e-07 1.92344e-08 1.23369e-05 5.27913e-07 0.107931 0.00529718 0.0342674 1.06968e-06 8.80624e-06 0.00175264 3.11835e-08 6.10153e-05 
0.0921982 0.169487 0.0690356 0.000595494 1.85147e-07 0.0764554 4.23166e-07 0.0248909 0.393177 0.0878475 0.000179004 0.02263 0.00158301 2.81026e-07 0.0619196 
0.0813414 0.0849239 0.0755587 0.0102653 4.49167e-07 0.0699369 2.0849e-06 0.180678 0.333055 0.108143 3.14102e-05 0.035129 0.0164189 1.7361e-05 0.00449865 
0.0883542 0.290437 0.115057 0.0100588 1.78642e-06 0.005039 0.00119802 0.105598 0.0823806 0.196136 0.000282505 0.0465589 0.00186974 0.00941409 0.047614 
0.0184709 0.000707989 0.0180599 0.00281801 1.18757e-10 0.000340611 1.09884e-09 0.0288415 0.551264 0.368795 4.48604e-07 0.0101144 0.000578246 8.98365e-06 9.25485e-10 
0.251056 0.0177605 0.0366175 0.00154034 4.87913e-05 0.148955 9.80463e-05 0.0538262 0.389085 0.0787371 0.000534457 0.0149114 0.00351193 0.00173187 0.00158617 
0.00240238 0.274178 0.0160497 4.54709e-07 2.97638e-08 0.003935 7.6709e-06 0.115054 1.91086e-05 0.0965268 3.38621e-07 3.19243e-06 0.474461 4.82541e-08 0.017363 
0.000262216 0.000700199 0.0735792 0.000782279 2.1673e-10 0.000108932 4.97831e-05 0.0143565 0.637438 0.127753 0.00729712 0.136338 0.00127606 1.37824e-07 5.85178e-05 
0.0363833 0.00309957 0.0756823 0.00381418 6.12783e-09 0.0464594 0.000247422 0.164686 0.0774652 0.474358 3.46606e-05 0.0868992 0.00462355 1.25954e-06 0.0262457 
0.0016349 0.0579911 1.15198e-07 0.00206238 1.0212e-11 0.0115561 2.11378e-08 0.925921 3.21913e-08 0.000806413 2.78018e-05 1.16222e-07 1.34366e-07 1.6556e-11 8.88625e-08 
0.00726796 0.015018 0.0177335 0.000709051 5.13224e-07 0.0135581 0.000131411 0.0144234 0.0118171 0.0205816 0.000156235 0.0161415 0.000116799 3.20134e-06 0.882342 
0.000611009 0.0583537 0.00140166 0.00118491 4.95593e-08 0.000498037 1.30008e-07 0.873739 0.0480496 0.0139278 0.000139313 1.37561e-07 9.25351e-07 0.000319788 0.00177381 
0.00325943 0.00352435 0.00916669 0.00207701 1.00216e-08 0.00220298 1.81797e-06 0.00240189 0.712237 0.227747 2.18255e-05 0.0366032 0.000746446 3.97437e-07 1.02531e-05 
0.10165 0.00776371 0.276739 7.50253e-05 7.78551e-07 0.00299259 8.7201e-06 0.0942601 0.0226782 0.39768 9.96534e-05 0.0751735 0.00511256 0.0151803 0.000585795 
0.00369327 0.00255332 3.7603e-05 0.0198783 2.43677e-09 0.829743 1.41219e-06 0.122255 0.0106213 0.010701 6.60813e-06 6.78101e-05 0.000266387 0.000171845 3.44713e-06 
0.0941382 0.097749 0.0375978 0.00498674 1.1431e-07 0.0987307 0.00027168 0.275824 0.304285 0.0683386 9.85465e-05 0.00345857 0.00232136 1.52085e-05 0.0121843 
0.588535 0.0477544 0.00138885 0.0683411 1.74129e-08 0.013996 6.27045e-08 0.0936397 0.0237968 0.155455 5.35905e-08 0.00267217 0.000392854 1.21132e-06 0.00402643 
0.0798765 0.0121225 0.480595 5.1178e-05 2.33733e-09 0.00382918 2.4585e-05 0.071905 0.010084 0.000217584 2.30268e-05 0.322894 3.08556e-05 1.81413e-06 0.0183447 
0.00495056 0.796797 2.19952e-05 0.00643776 1.41557e-08 2.31732e-05 5.09727e-08 0.104459 0.0102333 0.0739407 0.000202341 6.55455e-05 0.000429631 3.1376e-08 0.00243836 
0.168307 0.0375579 0.099241 0.00338973 1.31835e-07 0.000305796 1.34514e-06 0.0452828 0.517243 0.122695 2.01914e-05 0.00559413 0.000165238 2.01864e-07 0.00019621 
0.0114568 0.903709 0.0342845 0.000580379 1.74992e-08 0.00435123 3.58364e-08 0.00632286 0.0151439 0.00820045 0.000138759 3.12898e-07 0.000170499 7.98863e-08 0.0156411 
0.121714 0.302294 0.29002 4.13304e-08 4.06669e-10 0.0292328 4.94864e-10 6.38024e-05 0.00226265 0.232132 9.3176e-07 0.0214286 0.000849124 6.59306e-10 1.67391e-06 
0.627865 0.0267852 0.246418 0.000787921 2.2629e-05 0.00577794 0.00055673 0.00572401 0.0540277 0.0239794 0.000230314 0.0044618 0.00313287 0.000200981 2.94243e-05 
0.000668979 0.114425 0.348172 1.49494e-05 2.12407e-06 0.000160819 2.58472e-06 0.00184843 0.460628 0.0273404 0.000280501 0.00542836 0.00024014 3.44361e-06 0.040785 
0.00809548 0.871471 7.28495e-05 6.06175e-07 1.48153e-09 5.59608e-07 2.98711e-07 0.0087229 1.34209e-07 0.0298031 0.000110487 2.48598e-06 4.76363e-06 2.40192e-09 0.0817149 
0.0014079 0.646092 0.00560728 1.57845e-06 2.98294e-09 7.95628e-06 1.30882e-06 0.283899 0.00901172 0.0419003 0.000682294 4.48438e-07 9.52821e-07 2.7851e-06 0.0113846 
0.151819 0.0107219 0.20762 4.36789e-05 2.2833e-06 0.00254298 1.65879e-05 0.0387344 0.0367343 0.415597 0.00635662 0.128479 0.000886944 5.73348e-06 0.000440509 
0.296779 0.0939958 0.127295 0.000428026 5.93723e-06 0.00167431 3.14393e-05 0.0170913 0.0609445 0.088927 2.52086e-05 0.131497 0.00341195 0.0174193 0.160475 
0.0124956 0.514338 0.0296228 0.000975834 4.63662e-05 0.00438193 0.0248479 0.115444 0.0768647 0.194438 0.00067215 0.00861221 0.00150435 0.00653247 0.00922446 
0.47422 0.00835741 0.116035 0.00263267 1.0135e-05 0.0601551 4.7302e-05 0.015985 0.130365 0.152267 0.000192335 0.0234456 0.0147655 0.000109814 0.00141293 
0.00870322 0.00391951 0.00112358 0.133368 3.52493e-09 0.456744 4.16345e-07 0.354474 0.0150099 0.0246668 2.10087e-05 0.000901931 0.000996012 2.30114e-07 7.20079e-05 
0.588535 0.0477544 0.00138885 0.0683411 1.74129e-08 0.013996 6.27045e-08 0.0936397 0.0237968 0.155455 5.35905e-08 0.00267217 0.000392854 1.21132e-06 0.00402643 
0.00451283 0.00311931 4.58589e-05 0.0242925 1.2058e-10 0.808916 1.65337e-06 0.132428 0.0129797 0.0130769 8.00806e-06 8.27063e-05 0.000324505 0.000208056 4.14501e-06 
0.153448 0.0206539 0.0456947 0.0125448 0.00018999 0.0378747 0.00200212 0.0423053 0.117196 0.308366 0.0512936 0.139058 0.0053122 0.000770836 0.063291 
0.0628717 0.0130622 0.0457823 0.000475349 2.44923e-06 0.00525946 0.00103467 0.0129394 0.0543839 0.0214318 3.6645e-05 0.675263 0.000640208 0.000500422 0.106316 
0.0907539 0.00623662 0.000347398 0.000184841 1.83216e-06 0.000802259 0.000163245 0.0408387 0.810197 0.0498699 2.53192e-05 0.000201687 0.000207837 1.89242e-05 0.000150703 
0.0016349 0.0579911 1.15198e-07 0.00206238 1.0212e-11 0.0115561 2.11378e-08 0.925921 3.21913e-08 0.000806413 2.78018e-05 1.16222e-07 1.34366e-07 1.6556e-11 8.88625e-08 
0.143226 0.0264718 0.0464401 0.000251467 3.70275e-05 0.00501237 4.30748e-05 0.0406855 0.152026 0.0756077 7.12071e-05 0.273339 0.000257848 7.88009e-05 0.236452 
0.202771 0.000666016 0.018681 0.00734386 1.59993e-07 0.0150644 0.000164489 0.0277346 0.207295 0.458574 1.86223e-07 0.057874 0.000186811 2.64451e-07 0.00364417 
0.00950868 0.00618754 4.93394e-05 0.0427313 1.47216e-10 0.751267 6.99808e-07 0.136529 0.0248279 0.0280219 1.71572e-05 0.000156497 0.000695325 3.89805e-07 7.2537e-06 
0.374124 0.00664256 0.132313 0.00248708 2.82712e-06 0.215565 0.000253977 0.0426966 0.0497206 0.0120075 0.0149929 0.148086 7.50369e-05 4.3521e-05 0.000988932 
0.0421299 0.635758 0.00598639 0.000192947 3.14373e-07 0.223473 0.0445363 0.012649 0.0187812 0.00692723 6.69634e-05 0.00163923 7.62617e-05 0.00139742 0.00638551 
0.0307049 0.162502 0.194422 0.00174309 2.59086e-05 0.0063115 0.000377463 0.139123 0.0302765 0.278273 0.021552 0.0188481 0.00209482 0.000153402 0.113593 
0.616378 0.00101882 0.0720735 8.36272e-07 1.1269e-07 1.13175e-06 2.76773e-06 0.0312848 0.00260583 0.24491 4.65606e-06 0.0308981 0.000820659 4.13002e-07 5.97573e-07 
0.209962 0.0186303 0.00895947 0.0142415 9.55387e-08 0.160386 8.04131e-05 0.00738312 0.372533 0.140024 0.000129593 0.0663832 0.00010251 8.71529e-06 0.00117569 
0.0784671 0.0538457 0.0112366 0.0320003 1.61995e-09 0.0876068 1.91604e-09 0.65592 0.0628285 0.0110761 2.71792e-05 0.00455097 0.00030444 6.27611e-09 0.00213674 
0.0363833 0.00309957 0.0756823 0.00381418 6.12783e-09 0.0464594 0.000247422 0.164686 0.0774652 0.474358 3.46606e-05 0.0868992 0.00462355 1.25954e-06 0.0262457 
0.036289 0.0387205 0.785869 2.19263e-06 2.37658e-11 0.00237489 3.40125e-08 0.000147879 0.0301741 0.0154439 0.0805023 0.00920671 0.00125466 3.853e-11 1.47004e-05 
0.0732299 0.0325435 0.00705318 0.00760338 1.77535e-07 0.00275339 0.000443937 0.235193 0.251551 0.350547 0.00113695 0.0369318 1.77573e-07 1.7922e-05 0.00099462 
0.0778586 0.36945 0.0866895 0.00211302 4.61074e-05 0.00671233 0.00011061 0.150574 0.0402276 0.0386873 0.000722238 0.0335551 0.0286524 0.000165442 0.164435 
0.000136475 0.0327888 0.524656 2.54197e-05 8.00286e-08 9.03867e-06 9.73846e-08 0.0147568 0.000215351 0.0648008 2.40886e-06 0.31383 0.0136427 2.6803e-05 0.0351095 
0.0279796 0.0382359 0.0109933 0.119406 2.02362e-07 0.00428421 0.0108936 0.729918 0.0123791 0.0382039 0.000187578 0.00214392 0.0016953 0.00322176 0.000458122 
0.188621 0.0157716 0.666768 0.000332135 2.40552e-09 0.00929316 2.64576e-06 0.00334588 0.0104953 0.0522581 0.0106052 0.0256211 0.011241 1.10465e-06 0.00564411 
0.00451283 0.00311931 4.58589e-05 0.0242925 1.2058e-10 0.808916 1.65337e-06 0.132428 0.0129797 0.0130769 8.00806e-06 8.27063e-05 0.000324505 0.000208056 4.14501e-06 
0.0125841 0.0665343 0.00156187 0.0775086 2.50489e-09 0.0126639 9.02284e-09 0.105534 0.437847 0.282857 2.67047e-05 0.000961073 0.00190806 4.60242e-08 1.21038e-05 
0.0976866 0.0819073 0.0684563 0.0129606 0.00231177 0.00783854 0.006765 0.0614126 0.0706853 0.518922 0.00306266 0.032244 0.010615 0.00604613 0.0190861 
0.0185439 0.00457482 0.0634385 6.98403e-06 6.03128e-09 0.000176315 3.31942e-08 1.71342e-05 0.0201307 0.00204863 0.823486 0.00207875 6.15507e-05 0.0654053 3.12574e-05 
2.81131e-05 0.00297336 3.78092e-06 0.00042088 8.14945e-12 0.818372 2.75785e-06 0.177522 0.000221506 1.82175e-06 1.36974e-05 3.52622e-05 5.85616e-07 0.000402915 1.49734e-06 
0.0488144 0.57653 0.0200279 0.000382328 3.79711e-07 0.0123719 0.121842 0.086872 0.0263064 0.010609 0.00249794 0.0371753 0.00845807 0.046765 0.00134706 
0.142449 0.00920788 0.000312672 0.0137629 7.50705e-11 0.0075546 4.95072e-09 0.620086 3.2206e-06 0.200531 2.02175e-08 0.00593265 2.13036e-07 1.64691e-07 0.000159225 
0.0353556 0.0459278 0.0509981 0.00475084 4.5449e-06 0.0430587 0.000178662 0.637044 0.00652311 0.123816 3.20998e-05 0.0332814 0.00543383 0.0132863 0.000309686 
0.0016349 0.0579911 1.15198e-07 0.00206238 1.0212e-11 0.0115561 2.11378e-08 0.925921 3.21913e-08 0.000806413 2.78018e-05 1.16222e-07 1.34366e-07 1.6556e-11 8.88625e-08 
0.236598 0.00254866 0.021311 0.00119744 2.52055e-05 0.247725 0.000105325 0.00929506 0.0830583 0.371589 4.81103e-05 0.00338679 0.0207783 0.00230408 2.92842e-05 
0.0754813 0.815167 0.0143237 0.000131229 6.63635e-06 0.00982906 9.30765e-06 0.0129049 0.0187939 0.0231937 0.0135991 0.00326464 4.94754e-05 7.26725e-06 0.0132391 
0.0666554 0.00123601 0.255376 0.000289382 9.938e-09 0.148958 0.000448524 0.370038 0.00496422 0.0896363 4.9747e-05 0.0232212 0.0261536 0.0126894 0.000283825 
0.00956366 0.00535912 0.11589 0.00522978 1.17983e-05 0.0018286 1.95526e-05 0.0122088 0.564629 0.268887 2.31992e-05 0.0143366 0.00156083 2.65067e-05 0.000425337 
0.0732299 0.0325435 0.00705318 0.00760338 1.77535e-07 0.00275339 0.000443937 0.235193 0.251551 0.350547 0.00113695 0.0369318 1.77573e-07 1.7922e-05 0.00099462 
0.105488 0.0275039 0.00448702 0.0354389 8.31702e-07 0.00145868 3.17628e-06 0.0423326 0.0170282 0.725331 7.79525e-05 0.00616203 0.033837 1.15156e-06 0.000849265 
0.590153 0.00448983 0.127094 0.00261622 1.51983e-05 0.098048 5.04715e-05 0.00659726 0.0616963 0.0992118 0.000326266 0.00704083 0.00165383 0.000181068 0.000825843 
0.00451283 0.00311931 4.58589e-05 0.0242925 1.2058e-10 0.808916 1.65337e-06 0.132428 0.0129797 0.0130769 8.00806e-06 8.27063e-05 0.000324505 0.000208056 4.14501e-06 
0.222806 0.000940672 0.0211484 0.00530674 3.51055e-06 0.62403 2.01361e-05 0.0062953 0.013306 0.102484 4.24116e-05 0.000390859 0.00317884 5.25146e-06 4.20424e-05 
0.001504 0.122489 0.000787078 0.00207101 9.30337e-12 0.0140629 3.39284e-06 0.855737 7.62552e-05 0.0024038 6.74496e-05 0.000469709 0.000223589 1.5083e-11 0.000104448 
0.0466742 5.63621e-07 0.251669 8.65027e-06 6.17685e-11 0.00111979 3.82456e-07 0.699721 3.76285e-08 1.18553e-07 8.24161e-05 0.000723742 1.38931e-07 4.40702e-07 5.70832e-08 
0.2524 0.00288009 0.0457776 0.000668892 1.36177e-09 0.00561094 0.0789948 0.00197602 0.0312057 0.521963 1.6172e-07 0.0571217 6.45965e-05 2.20775e-09 0.00133661 
0.0477514 0.429485 0.352386 0.000173529 3.9994e-05 0.00451682 0.0204846 0.00154036 0.081351 0.000802266 0.0468703 0.012682 0.000472772 0.00103642 0.00040743 
0.236598 0.00254866 0.021311 0.00119744 2.52055e-05 0.247725 0.000105325 0.00929506 0.0830583 0.371589 4.81103e-05 0.00338679 0.0207783 0.00230408 2.92842e-05 
0.140719 0.125055 0.1474 0.0449562 0.000560707 0.0238482 0.0037008 0.124569 0.210494 0.0958959 0.00454961 0.0268118 0.00113517 0.000590861 0.0497133 
0.0201227 0.100061 0.00565296 0.000716517 4.97211e-09 6.18123e-06 6.05042e-09 0.0723006 0.090462 0.047655 2.58436e-06 0.0131726 5.95176e-06 8.06096e-09 0.649842 
0.0311819 0.00369985 0.378892 0.00909742 6.55032e-09 0.00742526 7.8139e-05 0.0145954 0.445374 0.0779719 0.01016 0.0183656 0.00021608 1.82404e-07 0.00294163 
7.37154e-07 0.910918 2.58042e-07 4.00272e-05 9.01962e-10 0.000721043 3.11856e-07 0.0582435 0.00118695 0.0248675 1.89504e-05 0.000342334 1.02962e-06 1.46229e-09 0.00365964 
0.0016349 0.0579911 1.15198e-07 0.00206238 1.0212e-11 0.0115561 2.11378e-08 0.925921 3.21913e-08 0.000806413 2.78018e-05 1.16222e-07 1.34366e-07 1.6556e-11 8.88625e-08 
0.555691 0.00783474 0.133573 0.0124804 0.000386606 0.0120463 0.0307432 0.0158585 0.0620553 0.0295171 0.0112505 0.111124 0.000856728 0.00807662 0.00850553 
0.0387529 0.139778 0.669737 0.00136912 3.98198e-08 0.00234898 0.000844063 0.0173898 0.0421787 0.0359669 0.000273388 0.00887476 0.0234385 1.31418e-07 0.019048 
0.0145429 0.3382 0.153795 0.00298449 1.17779e-07 0.0319995 5.31199e-05 0.0281668 0.0667161 0.0757291 0.226812 0.0160047 0.0449079 7.05022e-06 8.08984e-05 
0.0521573 0.572692 0.251534 0.00147533 0.000491017 0.0030043 0.0134025 0.0155712 0.0647742 0.00648505 0.00591102 0.00603167 0.00116449 0.00293295 0.00237275 
0.000416481 0.000258968 2.36216e-05 3.79116e-07 1.76441e-12 8.44325e-07 0.99914 1.14799e-06 7.8169e-05 7.04366e-08 7.2424e-05 7.40301e-06 7.03598e-10 1.87797e-07 1.49977e-07 
0.0016349 0.0579911 1.15198e-07 0.00206238 1.0212e-11 0.0115561 2.11378e-08 0.925921 3.21913e-08 0.000806413 2.78018e-05 1.16222e-07 1.34366e-07 1.6556e-11 8.88625e-08 
0.521858 0.00190359 0.00526126 0.000775162 3.97356e-09 0.0239357 5.87627e-06 0.00100228 0.348586 0.0744737 7.43445e-07 0.0214209 1.96406e-05 6.46553e-07 0.000756044 
0.00856947 7.65816e-07 0.0111494 0.00269903 2.6929e-11 0.00477967 3.27691e-11 0.0441128 0.0243014 0.211242 3.62453e-08 0.00179783 0.68695 0.00439684 1.91682e-07 
0.0227234 0.00847415 0.00583629 0.00630547 1.13513e-05 0.00361687 2.05985e-05 0.0100762 0.0222988 0.0366103 2.09668e-05 0.738994 0.000195817 1.28691e-05 0.144802 
0.0439431 0.0252006 0.757414 0.00218278 7.40676e-05 0.000921395 0.0339736 0.0140859 0.0369847 0.0483048 0.0103389 0.0247249 0.00124819 0.000448305 0.000154987 
0.00452489 0.112879 0.00941381 0.00217277 1.94163e-08 0.0300884 2.36272e-08 0.00871052 0.459846 0.319465 5.97574e-06 0.000466962 0.00267518 0.0497465 5.29253e-06 
0.133465 0.00154528 0.0709268 0.0122737 2.78353e-08 0.127855 6.54227e-06 0.199437 0.132924 0.130972 0.000128654 0.187516 0.000367032 3.73255e-07 0.00258174 
0.176509 0.00103477 0.0631803 0.00272142 8.62812e-05 0.0314043 0.000666208 0.0606493 0.119536 0.488472 0.000801382 0.0331508 0.0190989 0.00175091 0.00093849 
0.00451283 0.00311931 4.58589e-05 0.0242925 1.2058e-10 0.808916 1.65337e-06 0.132428 0.0129797 0.0130769 8.00806e-06 8.27063e-05 0.000324505 0.000208056 4.14501e-06 
0.0408214 0.0121569 0.390283 0.00441385 6.02961e-07 0.033312 8.38537e-07 0.106165 0.0716049 0.302774 2.49929e-05 0.00551721 0.0291003 1.35266e-06 0.00382327 
0.517328 0.00130933 0.0144849 0.0116706 3.99248e-08 0.0224923 5.17715e-06 0.107634 0.0367964 0.269115 4.75779e-06 0.0173491 3.9186e-05 4.51085e-07 0.00177031 
0.113207 0.000907019 2.89143e-09 0.0299785 7.92923e-13 0.144548 5.41786e-07 0.172875 0.0695256 0.468938 3.20705e-09 2.10379e-05 3.38325e-08 1.28552e-12 1.15362e-08 
0.302169 0.115931 0.00971549 0.0165497 1.42209e-09 0.0025841 0.00108222 0.317845 0.0029238 0.227012 7.81848e-05 0.00333135 0.00074466 3.86224e-07 3.32584e-05 
0.0596615 0.00137345 0.321536 0.00756731 2.92032e-05 0.00616104 6.27194e-05 0.0502188 0.0833519 0.227708 0.00582391 0.0540927 0.182092 0.000129257 0.00019159 
0.0584206 0.00154424 0.0208776 0.0112814 5.92658e-10 0.0965007 4.1759e-08 0.130758 0.239173 0.364198 2.73911e-06 0.0770548 4.59546e-07 9.60838e-10 0.000188176 
0.0348898 0.0163635 0.0801667 1.15387e-05 1.48252e-09 1.11147e-05 1.80404e-09 4.14207e-05 0.698458 7.41076e-05 2.21897e-06 2.41314e-05 4.87099e-05 2.40352e-09 0.169909 
0.236598 0.00254866 0.021311 0.00119744 2.52055e-05 0.247725 0.000105325 0.00929506 0.0830583 0.371589 4.81103e-05 0.00338679 0.0207783 0.00230408 2.92842e-05 
0.0016349 0.0579911 1.15198e-07 0.00206238 1.0212e-11 0.0115561 2.11378e-08 0.925921 3.21913e-08 0.000806413 2.78018e-05 1.16222e-07 1.34366e-07 1.6556e-11 8.88625e-08 
0.383647 5.99028e-06 0.0924064 5.69657e-07 4.07738e-10 0.00527991 4.96165e-10 0.0450366 0.30515 0.055289 2.48121e-07 0.055599 0.000685761 6.61038e-10 0.0568992 
0.0563548 0.0760616 0.044376 0.00196613 0.00184778 0.00643143 0.0050225 0.0718909 0.0242379 0.089706 0.018006 0.247699 0.0124591 0.310681 0.0332606 
0.0158423 0.104639 0.0813883 0.0258579 0.00039923 0.342987 0.0016397 0.308326 0.0287884 0.0425308 0.00163183 0.0284212 0.010961 0.00333434 0.00325262 
0.0445455 0.0493466 0.0177597 0.00226477 3.58617e-05 0.710049 8.92288e-05 0.0471115 0.00240602 0.110617 0.00401191 0.00165913 0.00649713 8.48493e-05 0.00352129 
0.0973211 0.0542938 0.105544 0.00182005 2.37202e-06 0.0893906 8.08252e-05 0.0599458 0.0526 0.256415 0.000314474 0.0993388 0.00151909 1.50783e-05 0.181399 
0.105509 0.0513781 0.153585 0.0129907 0.000359384 0.0691011 0.00636184 0.0482238 0.294164 0.202821 0.00460314 0.0176952 0.0233247 0.0052257 0.00465708 
0.0582119 0.0052155 0.828418 7.04043e-05 9.97481e-07 0.0170663 3.11279e-05 0.0110945 0.0115359 0.0373884 0.000699245 0.0150675 0.00223371 1.78836e-06 0.0129642 
0.031522 0.0438184 0.090929 0.00208165 1.17728e-05 0.00144045 0.0190848 0.00961272 0.021119 0.00307788 0.757289 0.0190452 1.53509e-05 0.000416615 0.000536697 
2.70453e-08 0.0037386 0.0122318 7.30174e-05 4.79035e-11 6.71586e-09 3.21057e-08 6.50379e-05 0.489772 0.148975 0.00017024 0.344853 0.000120736 7.76628e-11 9.5107e-08 
0.0564426 0.63153 0.0489401 0.0423415 3.72654e-07 0.00439744 5.05374e-05 0.0590428 0.0391545 0.0674028 4.57261e-06 0.00988271 0.00617983 1.56512e-06 0.0346286 
0.0888479 0.077525 0.00259651 0.00195351 2.94418e-06 0.0319617 0.000104729 0.0208718 0.546259 0.139154 0.000388198 0.051943 0.0373851 4.62697e-05 0.000959635 
0.0206753 0.0687896 0.0270202 0.00216488 1.48295e-05 0.0324097 1.58588e-05 0.535162 0.113261 0.175691 5.73073e-05 0.0184118 0.00510552 2.70566e-05 0.001194 
0.0031465 0.447481 0.00277703 0.000257312 8.52729e-07 0.0162339 6.20327e-05 0.0652742 0.0528489 0.287868 0.115675 0.00556949 0.00232818 3.37451e-05 0.000444913 
0.0743261 0.0191624 0.621686 0.0215714 0.000216828 0.00428324 0.00101598 0.0112901 0.118078 0.0344228 0.0265956 0.0545675 0.00799728 0.000594589 0.00419222 
0.0421299 0.635758 0.00598639 0.000192947 3.14373e-07 0.223473 0.0445363 0.012649 0.0187812 0.00692723 6.69634e-05 0.00163923 7.62617e-05 0.00139742 0.00638551 
0.00446922 0.00142927 0.626086 9.79962e-07 1.14846e-07 0.000353184 0.0489003 0.000870353 0.00248172 0.00639807 0.0219157 0.0629881 0.00117898 0.000173336 0.222754 
0.0479885 0.00332343 0.0421112 0.0332372 4.08538e-09 0.0362509 1.94303e-08 0.0319375 0.298666 0.501105 9.61362e-07 0.0047206 0.000288807 6.9328e-05 0.000300579 
0.0184709 0.000707989 0.0180599 0.00281801 1.18757e-10 0.000340611 1.09884e-09 0.0288415 0.551264 0.368795 4.48604e-07 0.0101144 0.000578246 8.98365e-06 9.25485e-10 
0.398025 0.17937 0.0466468 0.00621761 0.000150295 0.0596862 0.000869091 0.0885855 0.0574468 0.111173 0.00900242 0.00931913 0.00758272 0.00824766 0.0176781 
0.00451283 0.00311931 4.58589e-05 0.0242925 1.2058e-10 0.808916 1.65337e-06 0.132428 0.0129797 0.0130769 8.00806e-06 8.27063e-05 0.000324505 0.000208056 4.14501e-06 
0.0386243 0.533191 0.037514 0.00108574 3.68053e-08 0.000655057 7.29067e-05 0.129398 0.0126231 0.194554 6.96071e-07 0.0389354 0.000383284 2.73272e-06 0.0129602 
0.120549 0.343434 0.0604587 3.57879e-05 1.56496e-05 0.0107407 0.159483 0.068933 0.107959 0.0647417 0.00375481 0.0547313 0.000214578 3.31639e-05 0.00491553 
0.00120416 0.0623654 8.79204e-05 0.0111314 2.17664e-06 0.569805 1.66741e-05 0.292684 0.0247441 0.0246003 9.8024e-05 0.000266338 7.0184e-05 0.0129105 1.38861e-05 
0.11084 0.019663 0.0598895 0.0180425 6.01511e-05 0.206449 0.00501455 0.506106 0.0274209 0.0292919 0.00253542 0.00502979 0.00168726 0.00771061 0.000259214 
0.0274109 0.00858983 0.00691787 0.0173516 4.29311e-05 0.0113304 0.00014417 0.736185 0.0342453 0.0393317 0.0039609 0.00879755 0.103195 0.00204353 0.0004533 
0.0185439 0.00457482 0.0634385 6.98403e-06 6.03128e-09 0.000176315 3.31942e-08 1.71342e-05 0.0201307 0.00204863 0.823486 0.00207875 6.15507e-05 0.0654053 3.12574e-05 
0.0269716 0.0455201 0.319403 0.0323745 0.00042943 0.00274267 0.00613582 0.076912 0.178263 0.222883 0.00670078 0.0714186 0.00228966 0.00333839 0.00461799 
0.530401 0.0422815 0.0435115 0.00864467 1.43839e-05 0.0121218 0.0559077 0.0276777 0.110541 0.0954832 0.000974898 0.0698191 0.00031222 2.07608e-05 0.00228837 
0.0666554 0.00123601 0.255376 0.000289382 9.938e-09 0.148958 0.000448524 0.370038 0.00496422 0.0896363 4.9747e-05 0.0232212 0.0261536 0.0126894 0.000283825 
0.0179484 0.000645074 0.0488609 0.00162664 3.87298e-07 0.0797417 4.71292e-07 0.0166847 0.141479 0.690034 1.86282e-06 0.00268538 0.000192367 8.23428e-05 1.68643e-05 
0.414697 0.00594172 0.0141692 0.00043985 5.21285e-05 0.198137 0.000455033 0.00790625 0.0976757 0.213706 0.000282205 0.0341683 0.000262422 0.0119741 0.000132205 
0.100479 0.0115548 0.00023921 0.00999429 1.33769e-11 0.0481895 1.92049e-07 0.279399 0.0856276 0.46337 9.97466e-09 7.11154e-06 0.000601131 6.16518e-07 0.000538079 
0.00451283 0.00311931 4.58589e-05 0.0242925 1.2058e-10 0.808916 1.65337e-06 0.132428 0.0129797 0.0130769 8.00806e-06 8.27063e-05 0.000324505 0.000208056 4.14501e-06 
0.0698546 0.000692915 0.0311583 0.00784915 4.08287e-09 0.0036482 1.17963e-07 0.019276 0.0942153 0.747085 5.04882e-05 0.00484108 0.0206804 0.000307026 0.000341559 
0.371563 0.000832762 0.0249683 0.000299597 2.32261e-10 0.00677289 1.58255e-08 0.00331189 0.0717623 0.32287 8.87789e-05 0.0473026 0.141859 0.000170584 0.00819761 
0.316455 0.380202 0.013247 0.000123155 1.72177e-05 0.00124951 0.000263543 0.126487 0.00155098 0.0209166 0.00337033 0.0105153 0.120052 0.00110259 0.00444645 
0.0361231 0.771778 0.0275927 0.000517147 1.13606e-07 2.67315e-05 1.38244e-07 0.0535554 0.00027444 0.0433097 9.17006e-05 0.00113655 0.025467 1.84182e-07 0.0401271 
0.00451283 0.00311931 4.58589e-05 0.0242925 1.2058e-10 0.808916 1.65337e-06 0.132428 0.0129797 0.0130769 8.00806e-06 8.27063e-05 0.000324505 0.000208056 4.14501e-06 
0.00318796 0.555677 0.271757 0.00049049 1.55258e-06 0.0147448 0.00133145 0.0202037 0.0465811 0.0768857 0.000178305 0.00808213 0.000233525 6.44208e-06 0.000639226 
0.211254 0.181467 0.210191 0.000582926 5.73576e-09 0.0513485 1.20445e-05 0.0193087 0.0672073 0.158945 0.0542549 0.0181428 0.0270561 4.61678e-06 0.000225752 
0.297806 0.000957283 0.0376443 0.0128604 6.10968e-08 0.00023432 1.77948e-05 0.0477581 0.163778 0.10179 9.16956e-07 0.334402 4.12958e-05 2.67303e-07 0.00270903 
0.114154 0.258684 0.0913164 0.00203608 7.05745e-05 0.0710147 0.0100096 0.121928 0.0475058 0.21265 0.00490128 0.0176917 0.0308064 0.000163021 0.0170685 
0.0750553 0.550817 0.114562 0.000331278 1.2204e-08 0.021243 0.000439459 0.00190217 0.181276 0.0394668 0.00263307 0.00944375 0.00239977 0.000262712 0.000167426 
0.065659 0.0638615 0.0233188 0.0025439 2.01344e-05 0.0223462 0.000242328 0.0101327 0.174522 0.0488087 0.581159 0.00584704 0.000580767 0.00017319 0.000784377 
0.0339323 0.0199027 0.0253218 0.00373766 2.64391e-11 0.005813 4.63052e-05 0.200269 0.306651 0.334791 1.40317e-08 0.0209353 0.0471229 1.75509e-07 0.00147692 
0.215787 0.000670116 0.00246983 0.000196337 3.29468e-12 0.0118623 1.28278e-06 0.0587495 0.0553621 0.597811 1.81423e-05 0.00648439 0.0505598 2.87188e-06 2.53838e-05 
0.236598 0.00254866 0.021311 0.00119744 2.52055e-05 0.247725 0.000105325 0.00929506 0.0830583 0.371589 4.81103e-05 0.00338679 0.0207783 0.00230408 2.92842e-05 
0.0016349 0.0579911 1.15198e-07 0.00206238 1.0212e-11 0.0115561 2.11378e-08 0.925921 3.21913e-08 0.000806413 2.78018e-05 1.16222e-07 1.34366e-07 1.6556e-11 8.88625e-08 
0.0339323 0.0199027 0.0253218 0.00373766 2.64391e-11 0.005813 4.63052e-05 0.200269 0.306651 0.334791 1.40317e-08 0.0209353 0.0471229 1.75509e-07 0.00147692 
0.0016349 0.0579911 1.15198e-07 0.00206238 1.0212e-11 0.0115561 2.11378e-08 0.925921 3.21913e-08 0.000806413 2.78018e-05 1.16222e-07 1.34366e-07 1.6556e-11 8.88625e-08 
0.0650415 0.00227726 0.0042656 0.00729356 1.35926e-05 0.287718 0.000110272 0.0479598 0.259017 0.305636 0.00492373 0.0139288 0.000877659 0.000464586 0.0004738 
0.0615456 0.27868 0.0838892 0.0061418 1.38185e-05 0.0148708 0.000100784 0.0556779 0.174969 0.235147 0.0476971 0.0177448 0.00218435 1.73677e-05 0.0213208 
0.10186 0.27587 0.0134855 6.21043e-08 4.63074e-11 0.000495765 0.0190537 0.00952506 0.402813 0.154615 0.000104312 0.0181399 0.00223409 7.88125e-08 0.00180384 
0.0606369 0.122931 0.457409 0.00539948 9.77278e-10 0.00445197 1.07546e-06 0.173156 0.00272933 0.107382 0.00105098 0.0409471 0.00739027 0.0121151 0.0043995 
0.00174898 0.00153324 0.00914136 0.00122237 5.07388e-10 0.00586935 1.17425e-08 0.0836364 0.708324 0.179888 9.98588e-09 0.00550983 0.00311142 1.29999e-06 1.39144e-05 
0.0125313 0.104644 0.00131324 3.73861e-06 1.37758e-09 0.0144569 2.6764e-07 0.224373 0.00325822 0.406049 4.37943e-08 0.00781917 4.69325e-06 2.23337e-09 0.225546 
0.590153 0.00448983 0.127094 0.00261622 1.51983e-05 0.098048 5.04715e-05 0.00659726 0.0616963 0.0992118 0.000326266 0.00704083 0.00165383 0.000181068 0.000825843 
0.00432684 0.000533067 0.00912145 0.013397 4.37469e-13 0.00675424 3.54599e-10 0.0320441 0.673498 0.253736 4.55042e-07 0.00341207 0.00316782 8.90992e-06 2.9878e-10 
0.188367 0.0299871 0.0827455 0.0125864 1.66234e-05 0.0279419 2.07001e-05 0.0539029 0.421275 0.15052 2.36884e-05 0.0216524 0.00303057 6.22113e-05 0.00786792 
