0.229918 0.0263463 0.0289498 0.019453 0.000236022 0.0810693 0.000144467 0.0437743 0.0705291 0.167816 0.323589 0.00639314 0.0003964 2.00964e-08 0.00138517 
0.241038 0.119018 0.413246 0.0343456 0.000131485 0.00477314 0.000963527 0.0348128 0.0396572 0.0575075 0.000490229 0.0461319 0.000669249 7.66757e-08 0.00721532 
0.00296043 0.000560294 0.00581429 2.56618e-05 7.28139e-06 0.000838834 8.67361e-05 0.000313761 0.00234333 0.000519233 0.986103 0.000400352 2.46781e-05 1.00015e-08 2.60788e-06 
0.00296043 0.000560294 0.00581429 2.56618e-05 7.28139e-06 0.000838834 8.67361e-05 0.000313761 0.00234333 0.000519233 0.986103 0.000400352 2.46781e-05 1.00015e-08 2.60788e-06 
0.00296043 0.000560294 0.00581429 2.56618e-05 7.28139e-06 0.000838834 8.67361e-05 0.000313761 0.00234333 0.000519233 0.986103 0.000400352 2.46781e-05 1.00015e-08 2.60788e-06 
0.00296043 0.000560294 0.00581429 2.56618e-05 7.28139e-06 0.000838834 8.67361e-05 0.000313761 0.00234333 0.000519233 0.986103 0.000400352 2.46781e-05 1.00015e-08 2.60788e-06 
0.0900466 0.0108445 0.114488 0.0421789 5.26383e-08 0.012113 0.000184254 0.0214342 0.419826 0.244333 0.00119025 0.0392285 0.00337488 5.26117e-08 0.000758232 
0.00296043 0.000560294 0.00581429 2.56618e-05 7.28139e-06 0.000838834 8.67361e-05 0.000313761 0.00234333 0.000519233 0.986103 0.000400352 2.46781e-05 1.00015e-08 2.60788e-06 
0.0285605 0.670643 2.66896e-06 2.66878e-06 2.66713e-06 0.00694079 0.00773597 0.099559 0.0656608 0.0547183 2.66843e-06 2.66873e-06 0.0106734 2.66579e-06 0.0554926 
0.0558335 0.00410966 0.100696 0.000712378 3.30654e-06 0.666775 1.30467e-07 0.101945 0.020627 0.0245479 0.000141387 0.0209268 0.0012554 2.56377e-08 0.00242672 
0.00944562 0.00753162 0.0546807 0.00218913 1.71659e-05 0.00130368 8.59414e-07 0.00529771 0.614848 0.294975 3.48189e-05 0.00836627 0.00103368 3.99849e-05 0.000236483 
0.0218889 0.0243482 0.10884 0.241943 0.001912 0.00713109 0.00139161 0.0621806 0.430516 0.0716338 0.00222235 0.0192005 0.00296695 1.40507e-07 0.0038248 
0.15213 0.00783943 0.416066 0.0295114 6.7748e-05 0.00524336 0.000193397 0.00763901 0.274274 0.00845918 7.27827e-05 0.0806151 0.00079697 2.58998e-07 0.0170912 
0.0655815 0.000629349 0.050757 0.0203114 1.56469e-10 5.80696e-11 1.90403e-10 0.241683 5.73484e-07 0.0748649 6.3279e-11 1.64654e-05 0.546149 2.84139e-06 3.36561e-06 
0.308175 0.0177054 0.278602 0.0121596 7.98514e-11 0.00293758 0.00303235 0.0157436 0.102252 0.0688229 0.0217033 0.162646 0.00581569 1.58553e-08 0.000404856 
6.35882e-07 0.900526 0.00724487 2.27368e-07 2.10212e-10 1.09839e-07 0.000861088 0.075547 0.00633418 4.95832e-06 0.00149275 0.00170242 3.98007e-08 0.000108728 0.00617699 
0.0301933 0.584496 0.223676 0.00011094 6.06171e-05 0.00854404 0.0016236 0.0100844 0.016687 0.0321768 0.0841398 0.00741624 0.000775809 1.44303e-06 1.37771e-05 
0.00296043 0.000560294 0.00581429 2.56618e-05 7.28139e-06 0.000838834 8.67361e-05 0.000313761 0.00234333 0.000519233 0.986103 0.000400352 2.46781e-05 1.00015e-08 2.60788e-06 
0.134788 0.000661131 1.57423e-07 0.000168982 1.11351e-08 0.459227 4.62661e-12 0.000762965 0.0193466 0.282683 0.000976586 0.00690041 4.85002e-08 0.0944844 1.78505e-09 
0.0404785 0.00814131 0.159993 0.0018951 0.000111995 0.00838536 3.2764e-05 0.118273 0.0811915 0.124023 0.000135055 0.451578 0.00266478 1.02636e-05 0.00308498 
0.296189 0.0158286 0.00924616 0.0164014 9.91101e-06 0.274461 8.67586e-05 0.0608137 0.0746549 0.243027 8.22157e-06 0.00532126 0.000121825 2.01714e-07 0.00383021 
0.00296043 0.000560294 0.00581429 2.56618e-05 7.28139e-06 0.000838834 8.67361e-05 0.000313761 0.00234333 0.000519233 0.986103 0.000400352 2.46781e-05 1.00015e-08 2.60788e-06 
0.00101106 0.96986 0.000251918 0.00389722 1.56702e-06 0.0100189 0.000465202 0.00675308 0.00171239 0.00381832 0.00171275 0.000481751 5.15518e-06 2.28592e-09 1.04467e-05 
0.44597 0.132486 0.062084 0.0049922 1.16981e-05 0.0719695 4.58516e-05 0.0240829 0.0829023 0.0813658 6.88256e-05 0.0925926 0.000222021 4.14498e-06 0.00120191 
0.00268621 0.0463378 0.100262 0.000744346 2.03875e-06 0.100347 1.06096e-05 0.164732 0.0111744 0.0181401 8.4709e-06 0.554774 9.23067e-07 0.000193726 0.000586328 
0.616378 0.00101882 0.0720735 8.36272e-07 1.1269e-07 1.13175e-06 2.76773e-06 0.0312848 0.00260583 0.24491 4.65606e-06 0.0308981 0.000820659 4.13002e-07 5.97573e-07 
0.0905861 0.00552638 0.0123227 0.0256326 1.94165e-05 0.16264 1.04336e-05 0.0302533 0.0555027 0.602281 1.88205e-05 0.00899399 0.000538718 0.000845982 0.0048271 
0.476633 0.178962 8.57917e-08 7.58182e-07 7.23588e-07 0.221069 0.0390098 0.0256365 0.0541522 1.74314e-06 7.5632e-07 1.76083e-06 3.69619e-07 3.64606e-05 0.00449481 
0.033958 2.98211e-08 0.0846451 1.67709e-05 1.25396e-08 0.332415 8.45427e-06 0.0552782 0.15083 0.0942203 3.89976e-08 0.248514 0.000111 3.22965e-06 2.06151e-08 
0.0440643 0.330528 0.0790542 0.00449375 1.4403e-07 0.000425712 0.16757 0.0948409 0.0610078 0.100645 0.00158207 0.00920604 0.0280593 0.000219 0.0783031 
0.00296043 0.000560294 0.00581429 2.56618e-05 7.28139e-06 0.000838834 8.67361e-05 0.000313761 0.00234333 0.000519233 0.986103 0.000400352 2.46781e-05 1.00015e-08 2.60788e-06 
0.00101106 0.96986 0.000251918 0.00389722 1.56702e-06 0.0100189 0.000465202 0.00675308 0.00171239 0.00381832 0.00171275 0.000481751 5.15518e-06 2.28592e-09 1.04467e-05 
0.077188 0.0086152 0.0485152 0.000175338 0.000538118 0.000762867 0.000550654 0.656957 0.00545042 0.138543 0.0030071 0.0522008 0.00650848 2.10403e-05 0.000966704 
0.150553 0.288471 0.0300099 0.043136 0.000147483 0.178406 0.000404482 0.129654 0.0319047 0.106198 9.98546e-05 0.0052803 0.0333101 8.33707e-08 0.00242475 
0.0867172 0.00047286 0.165807 0.0199621 0.000180385 0.215855 0.000463235 0.0105395 0.0357364 0.115356 0.11342 0.23486 0.00053741 3.53837e-07 9.28143e-05 
0.364615 0.0138937 0.104697 0.0082501 0.000363214 0.0802095 0.000173726 0.0741154 0.0800581 0.18782 0.00709616 0.0757117 0.000638257 0.00139104 0.000967564 
0.122228 0.531751 0.00129924 3.29109e-08 1.01844e-07 0.000199106 0.000694499 0.00576558 0.309476 0.000179332 0.00116767 0.00106099 0.000623779 1.29115e-07 0.0255536 
0.0306763 0.0285818 0.214901 0.00992894 8.95652e-05 0.0392337 9.15766e-05 0.0490481 0.506169 0.0851764 4.30887e-05 0.0268048 0.00213028 0.00173227 0.00539298 
0.139388 0.591006 0.000968728 0.000739523 0.000701705 0.00157746 0.000394449 0.0297608 0.16822 0.0550967 0.000474052 0.00181715 0.00265634 0.00588933 0.00131081 
0.00296043 0.000560294 0.00581429 2.56618e-05 7.28139e-06 0.000838834 8.67361e-05 0.000313761 0.00234333 0.000519233 0.986103 0.000400352 2.46781e-05 1.00015e-08 2.60788e-06 
0.00296043 0.000560294 0.00581429 2.56618e-05 7.28139e-06 0.000838834 8.67361e-05 0.000313761 0.00234333 0.000519233 0.986103 0.000400352 2.46781e-05 1.00015e-08 2.60788e-06 
0.0196483 0.178059 0.0849908 0.0288937 0.00348967 0.00961176 1.59031e-07 0.0977854 0.0777183 0.204597 0.00106393 0.0558534 0.00807997 0.0130254 0.217183 
0.0238297 0.00932638 0.0161168 0.00666001 8.24922e-13 0.00953306 2.29605e-05 0.182964 0.398152 0.318899 0.020561 0.00694429 0.0061721 5.715e-08 0.000817743 
0.00828138 0.0222183 0.0178368 0.0182055 6.84506e-08 0.0231619 6.84384e-08 0.287661 0.326606 0.247148 6.84838e-08 0.0115204 0.0275847 0.00977672 6.84677e-08 
0.00296043 0.000560294 0.00581429 2.56618e-05 7.28139e-06 0.000838834 8.67361e-05 0.000313761 0.00234333 0.000519233 0.986103 0.000400352 2.46781e-05 1.00015e-08 2.60788e-06 
0.000416481 0.000258968 2.36216e-05 3.79116e-07 1.76441e-12 8.44325e-07 0.99914 1.14799e-06 7.8169e-05 7.04366e-08 7.2424e-05 7.40301e-06 7.03598e-10 1.87797e-07 1.49977e-07 
0.0410322 0.00156528 0.0314624 4.42278e-07 2.2921e-12 0.00332627 9.76496e-09 0.00312983 0.726201 0.148281 2.09504e-08 0.00244032 0.0425609 3.71603e-12 2.29768e-08 
0.0145315 0.203625 0.00126125 0.000150942 2.53373e-07 0.000144455 3.43826e-06 0.0186099 0.0166257 0.0527594 1.83687e-05 0.064576 0.000203339 4.10777e-07 0.62749 
0.00260212 0.00300394 0.00019142 8.26868e-05 5.6257e-05 8.24978e-05 0.000359154 0.00300626 0.986072 0.00355797 1.97271e-05 0.000567749 2.16383e-05 0.000178817 0.000197436 
0.169943 0.0901878 0.0504109 0.00469637 0.000179305 0.259591 0.000915638 0.0647005 0.156177 0.177346 0.0188681 0.0043725 0.000227304 1.10419e-10 0.00238554 
0.0627813 0.00341244 0.235114 0.0171007 4.20735e-05 0.00547109 0.000401192 0.0878615 0.0727846 0.483241 2.50848e-05 0.0140117 0.00748298 0.00100732 0.0092631 
0.00260212 0.00300394 0.00019142 8.26868e-05 5.6257e-05 8.24978e-05 0.000359154 0.00300626 0.986072 0.00355797 1.97271e-05 0.000567749 2.16383e-05 0.000178817 0.000197436 
0.149104 0.0297366 0.0506309 0.0153214 0.000902762 0.0550039 5.9038e-05 0.077821 0.249882 0.310934 0.00401902 0.037481 0.0107248 0.000978307 0.00740235 
0.0790375 0.0198744 0.383644 0.000432495 4.06722e-05 0.0161657 0.000138405 0.00869336 0.15573 0.233261 2.3044e-05 0.0639633 0.00350588 1.39581e-05 0.0354759 
0.00296043 0.000560294 0.00581429 2.56618e-05 7.28139e-06 0.000838834 8.67361e-05 0.000313761 0.00234333 0.000519233 0.986103 0.000400352 2.46781e-05 1.00015e-08 2.60788e-06 
0.122 0.000137849 5.44416e-05 0.0408168 3.10107e-07 0.587268 4.69855e-07 0.031236 0.0419569 0.163474 4.46473e-06 0.012811 8.066e-05 1.72794e-12 0.000159008 
0.0277701 0.00337259 0.289423 0.034964 8.51079e-05 0.00285961 0.00170909 0.00698097 0.603636 0.0221394 0.000424476 0.00571188 0.000881166 1.2061e-05 3.11161e-05 
0.00296043 0.000560294 0.00581429 2.56618e-05 7.28139e-06 0.000838834 8.67361e-05 0.000313761 0.00234333 0.000519233 0.986103 0.000400352 2.46781e-05 1.00015e-08 2.60788e-06 
0.00296043 0.000560294 0.00581429 2.56618e-05 7.28139e-06 0.000838834 8.67361e-05 0.000313761 0.00234333 0.000519233 0.986103 0.000400352 2.46781e-05 1.00015e-08 2.60788e-06 
0.0791222 0.0235816 0.509451 0.0184006 0.00110129 0.0123057 0.00298324 0.0341931 0.193433 0.0196976 0.00357718 0.0970489 0.00197574 6.16665e-05 0.00306752 
0.00101106 0.96986 0.000251918 0.00389722 1.56702e-06 0.0100189 0.000465202 0.00675308 0.00171239 0.00381832 0.00171275 0.000481751 5.15518e-06 2.28592e-09 1.04467e-05 
0.00296043 0.000560294 0.00581429 2.56618e-05 7.28139e-06 0.000838834 8.67361e-05 0.000313761 0.00234333 0.000519233 0.986103 0.000400352 2.46781e-05 1.00015e-08 2.60788e-06 
0.197258 0.0313486 0.0451862 0.0189576 0.00265843 0.0261033 0.000574094 0.106509 0.152081 0.346118 0.00182053 0.0502027 0.0039515 0.00511197 0.0121204 
0.120745 0.0223632 0.0855294 0.0385345 5.201e-05 0.0490496 2.51677e-05 0.0260625 0.339757 0.2992 0.000166355 0.00382212 0.00031854 5.59679e-07 0.014374 
0.0311006 0.0173209 0.766622 1.03281e-05 7.72304e-05 0.0707732 0.000229704 0.00532887 0.000354324 0.0700162 0.00347744 0.00418893 0.0265577 6.87131e-06 0.00393579 
0.00693514 0.0284963 0.0168142 0.00422855 1.61194e-07 0.00032145 5.18816e-05 0.914195 0.000786429 0.0241311 8.09869e-07 0.000769746 0.00315384 2.87701e-05 8.62864e-05 
0.0478815 0.0482612 0.0306607 0.000464419 5.96387e-05 0.083097 6.70557e-06 0.0405813 0.0190568 0.0281781 0.294325 0.000466376 0.371181 0.0349655 0.000814331 
0.00101106 0.96986 0.000251918 0.00389722 1.56702e-06 0.0100189 0.000465202 0.00675308 0.00171239 0.00381832 0.00171275 0.000481751 5.15518e-06 2.28592e-09 1.04467e-05 
0.066685 0.0666782 0.0666852 0.0666807 0.0666395 0.0666737 0.0666277 0.066688 0.0666871 0.0666877 0.0666719 0.0666794 0.0666538 0.0666059 0.0666562 
0.182772 0.00131917 0.0345161 0.00413621 6.44674e-05 0.000905518 8.37389e-05 0.0136195 0.722784 0.016714 1.51297e-05 0.0172526 0.000333655 4.91924e-09 0.0054839 
0.0518848 0.00667721 0.721099 8.87435e-05 5.43373e-06 0.0112489 3.50509e-06 0.0114758 0.0275449 0.0237855 0.0035538 0.13663 0.000151019 0.00465027 0.00120185 
0.0528659 0.104822 0.00871104 0.0985691 0.000305589 0.00129974 0.000304851 0.310288 0.368403 0.0248519 7.48438e-05 0.00261371 0.0195405 0.00117736 0.00617253 
0.00296043 0.000560294 0.00581429 2.56618e-05 7.28139e-06 0.000838834 8.67361e-05 0.000313761 0.00234333 0.000519233 0.986103 0.000400352 2.46781e-05 1.00015e-08 2.60788e-06 
0.212219 0.0640627 0.0687632 0.00947475 0.00115236 0.014925 0.000385875 0.0452429 0.442023 0.108449 0.00330895 0.0146869 0.00342874 0.000155304 0.0117218 
0.00101106 0.96986 0.000251918 0.00389722 1.56702e-06 0.0100189 0.000465202 0.00675308 0.00171239 0.00381832 0.00171275 0.000481751 5.15518e-06 2.28592e-09 1.04467e-05 
0.0774936 0.0666396 0.0463255 0.000276626 2.72996e-07 0.00155943 4.04779e-09 0.045543 0.373418 0.29579 0.000137536 0.0812296 0.000925737 1.1065e-07 0.0106606 
0.0627255 0.0270798 0.0531036 0.00392979 1.09394e-07 0.0169978 0.00147667 0.0230224 0.505642 0.243293 0.000952299 0.0563827 0.00287778 1.09339e-07 0.0025168 
0.0127702 0.760333 0.011326 0.00108286 2.88311e-06 0.0314109 3.4386e-06 0.0974971 0.0302845 0.0180872 0.000262154 0.0136188 0.000253762 6.74235e-05 0.0230002 
0.135512 0.0636314 0.0142783 0.0258765 6.71196e-05 0.331073 3.38597e-07 0.122723 0.0778534 0.208924 0.000161021 0.00607787 0.0123527 0.000122408 0.00134749 
0.00296043 0.000560294 0.00581429 2.56618e-05 7.28139e-06 0.000838834 8.67361e-05 0.000313761 0.00234333 0.000519233 0.986103 0.000400352 2.46781e-05 1.00015e-08 2.60788e-06 
0.0389478 0.0437053 0.18123 0.000412521 8.75365e-05 0.0830504 0.000212144 0.00131576 0.031802 0.027049 0.585513 0.00623914 0.0004003 1.25362e-07 3.47772e-05 
0.00496944 0.634881 0.0030111 0.0139893 5.03383e-06 0.0360563 0.00519939 0.123332 0.165042 0.0122446 0.000227757 0.000373141 2.3405e-05 0.000232274 0.000412888 
0.000886483 0.000987889 0.799246 2.05263e-05 2.85407e-05 0.000279802 5.41447e-05 0.028347 0.000322877 0.0546819 3.78668e-05 0.00986739 0.105191 4.88611e-06 4.42991e-05 
0.0363833 0.00309957 0.0756823 0.00381418 6.12783e-09 0.0464594 0.000247422 0.164686 0.0774652 0.474358 3.46606e-05 0.0868992 0.00462355 1.25954e-06 0.0262457 
0.165315 0.0778612 0.12091 0.0370296 0.000461231 0.425904 0.00103983 0.0397733 0.0641269 0.0226408 0.0314439 0.0104508 0.000361104 1.00859e-06 0.00268065 
0.0387118 0.00126207 0.139293 0.00115897 1.7955e-12 0.0162431 2.45761e-06 0.00413171 0.652551 0.115728 0.00349322 0.0258174 0.000739663 2.91092e-12 0.000867814 
0.00296043 0.000560294 0.00581429 2.56618e-05 7.28139e-06 0.000838834 8.67361e-05 0.000313761 0.00234333 0.000519233 0.986103 0.000400352 2.46781e-05 1.00015e-08 2.60788e-06 
0.428073 0.0374386 0.0143342 0.00166667 1.03238e-08 0.00223396 5.08789e-06 0.0294162 0.174461 0.306144 1.33577e-05 0.0043296 0.000915563 2.27084e-11 0.000968819 
0.61287 0.0555324 0.0158543 0.000916193 7.95704e-06 0.00647028 5.10632e-06 0.121535 0.0545451 0.124325 0.000395489 0.00307523 0.00274866 2.54282e-10 0.00171909 
5.99787e-06 1.50512e-05 0.121083 4.19591e-06 6.0884e-10 1.85631e-06 2.88854e-06 4.31227e-06 0.753934 0.118459 1.98988e-07 0.0064885 1.03653e-06 9.87073e-10 2.18383e-07 
0.00101106 0.96986 0.000251918 0.00389722 1.56702e-06 0.0100189 0.000465202 0.00675308 0.00171239 0.00381832 0.00171275 0.000481751 5.15518e-06 2.28592e-09 1.04467e-05 
0.00570798 0.000889477 0.000548475 0.639551 4.62069e-05 0.0761703 0.000521367 0.26575 0.00289582 0.00644891 2.16286e-05 0.00034444 0.00105397 5.06887e-07 5.07009e-05 
0.0133639 0.0617434 0.0658391 9.94461e-05 0.000280624 0.00166047 0.000538876 0.00241578 0.0865419 0.0160788 0.745641 0.00430753 0.00104159 2.93896e-05 0.000417863 
0.366704 0.0356411 0.0936295 0.00524773 0.00098973 0.0219907 0.0122605 0.200457 0.117432 0.0409566 1.02157e-05 0.00108425 0.0107143 5.56405e-06 0.0928767 
0.0941382 0.097749 0.0375978 0.00498674 1.1431e-07 0.0987307 0.00027168 0.275824 0.304285 0.0683386 9.85465e-05 0.00345857 0.00232136 1.52085e-05 0.0121843 
0.0457499 0.122381 0.106919 0.117109 3.34012e-06 0.00187239 1.96351e-07 0.110312 0.237813 0.241575 0.00039241 0.00858248 0.00178235 2.67335e-07 0.00550757 
0.00296043 0.000560294 0.00581429 2.56618e-05 7.28139e-06 0.000838834 8.67361e-05 0.000313761 0.00234333 0.000519233 0.986103 0.000400352 2.46781e-05 1.00015e-08 2.60788e-06 
0.00296043 0.000560294 0.00581429 2.56618e-05 7.28139e-06 0.000838834 8.67361e-05 0.000313761 0.00234333 0.000519233 0.986103 0.000400352 2.46781e-05 1.00015e-08 2.60788e-06 
0.143955 0.0154318 0.14063 0.0133207 0.000195749 0.0136218 6.64069e-05 0.107865 0.102364 0.392698 0.000899776 0.0544881 0.00808713 2.73008e-05 0.00634959 
0.0717054 0.011829 0.00356423 0.0139195 2.28995e-05 0.00126036 1.5796e-05 0.146472 0.0104476 0.0263823 0.000301803 0.711511 5.16424e-05 4.09064e-06 0.00251229 
0.0084503 0.965706 0.00101108 0.000124356 3.54467e-05 0.000165285 0.000123793 0.00114119 0.0125217 0.00966704 0.000158405 0.000113833 0.000206025 3.38164e-05 0.000541942 
0.00296043 0.000560294 0.00581429 2.56618e-05 7.28139e-06 0.000838834 8.67361e-05 0.000313761 0.00234333 0.000519233 0.986103 0.000400352 2.46781e-05 1.00015e-08 2.60788e-06 
0.0624296 0.109762 0.269003 0.000800236 3.366e-06 0.00133239 0.000137382 0.174797 0.09729 0.0948301 0.151021 0.015989 0.0111644 3.50305e-09 0.0114398 
0.00296043 0.000560294 0.00581429 2.56618e-05 7.28139e-06 0.000838834 8.67361e-05 0.000313761 0.00234333 0.000519233 0.986103 0.000400352 2.46781e-05 1.00015e-08 2.60788e-06 
0.0639286 0.00413644 0.740739 2.19948e-06 2.96101e-07 2.97659e-06 7.27928e-06 0.0286557 2.34446e-06 0.0316534 6.62322e-06 0.118695 0.0105393 2.96243e-06 0.00162859 
0.439133 0.0525555 2.50391e-05 0.0356988 1.08168e-05 0.203612 2.50979e-05 0.0444446 0.0685789 0.153721 4.9304e-05 0.0015816 0.000196522 5.54095e-09 0.000367557 
0.198968 0.0601705 0.0135918 0.00189433 0.000282912 0.197413 0.000129234 0.0388081 0.0662353 0.402049 0.000554042 0.010132 0.00634959 9.81761e-09 0.0034224 
0.16163 0.0112936 0.0605746 0.0121604 0.000563153 0.00453327 0.0896801 0.0905821 0.0281542 0.0939449 0.00374841 0.44114 0.000700133 0.000297411 0.000997399 
0.00296043 0.000560294 0.00581429 2.56618e-05 7.28139e-06 0.000838834 8.67361e-05 0.000313761 0.00234333 0.000519233 0.986103 0.000400352 2.46781e-05 1.00015e-08 2.60788e-06 
0.305009 0.017923 0.0670518 0.00870885 0.000412611 0.194547 0.000599459 0.0139735 0.0941148 0.0514728 0.007875 0.0703153 0.0451762 3.20856e-06 0.122817 
0.598114 0.00992383 0.0624959 0.00395515 5.41761e-05 0.00441279 7.26348e-06 0.0169143 0.133676 0.0318509 7.52882e-05 0.117242 0.00211218 0.000165513 0.019 
0.0270501 0.598732 0.00134674 0.00139692 3.89574e-06 0.00102214 9.08501e-09 0.161831 0.00983608 0.186332 2.84589e-05 5.59457e-06 0.000247311 1.41585e-06 0.0121657 
0.00296043 0.000560294 0.00581429 2.56618e-05 7.28139e-06 0.000838834 8.67361e-05 0.000313761 0.00234333 0.000519233 0.986103 0.000400352 2.46781e-05 1.00015e-08 2.60788e-06 
0.0124956 0.514338 0.0296228 0.000975834 4.63662e-05 0.00438193 0.0248479 0.115444 0.0768647 0.194438 0.00067215 0.00861221 0.00150435 0.00653247 0.00922446 
0.00296043 0.000560294 0.00581429 2.56618e-05 7.28139e-06 0.000838834 8.67361e-05 0.000313761 0.00234333 0.000519233 0.986103 0.000400352 2.46781e-05 1.00015e-08 2.60788e-06 
0.256528 0.000200988 0.00277758 0.000168802 1.0837e-05 0.274262 0.000236555 0.00726727 0.0125102 0.305792 0.0820382 0.00712207 0.000714204 0.0503677 2.21645e-06 
0.0353148 0.00137872 0.00506277 0.00281985 2.42802e-08 0.0143443 1.18927e-07 0.884643 0.00197647 0.0193571 3.8009e-08 0.00886552 0.0262092 6.6463e-11 2.81471e-05 
0.00296043 0.000560294 0.00581429 2.56618e-05 7.28139e-06 0.000838834 8.67361e-05 0.000313761 0.00234333 0.000519233 0.986103 0.000400352 2.46781e-05 1.00015e-08 2.60788e-06 
0.00416743 0.00137444 0.114443 0.0132751 3.99909e-06 0.00396791 8.22268e-06 0.0033161 0.18936 0.238126 1.88713e-06 0.43128 0.000107415 1.25787e-08 0.000567582 
0.00296043 0.000560294 0.00581429 2.56618e-05 7.28139e-06 0.000838834 8.67361e-05 0.000313761 0.00234333 0.000519233 0.986103 0.000400352 2.46781e-05 1.00015e-08 2.60788e-06 
0.095013 0.0083056 0.0436835 0.00673627 3.03078e-05 0.0123315 4.06398e-05 0.0559527 0.0667924 0.695955 7.21721e-05 0.00238674 0.0124839 5.22427e-07 0.000215993 
0.0313035 0.00130211 0.00233722 0.0036896 5.75795e-09 0.0756561 6.81224e-09 0.788996 0.0444386 0.0501511 3.93159e-06 0.000673559 0.00144491 2.67573e-10 3.4935e-06 
0.00296043 0.000560294 0.00581429 2.56618e-05 7.28139e-06 0.000838834 8.67361e-05 0.000313761 0.00234333 0.000519233 0.986103 0.000400352 2.46781e-05 1.00015e-08 2.60788e-06 
0.121766 0.000145218 5.44403e-05 0.0408168 3.09603e-07 0.64031 1.37586e-06 0.031236 0.0136442 0.149416 1.13936e-05 0.00235794 8.0656e-05 1.32414e-12 0.000159002 
0.00296043 0.000560294 0.00581429 2.56618e-05 7.28139e-06 0.000838834 8.67361e-05 0.000313761 0.00234333 0.000519233 0.986103 0.000400352 2.46781e-05 1.00015e-08 2.60788e-06 
0.00296043 0.000560294 0.00581429 2.56618e-05 7.28139e-06 0.000838834 8.67361e-05 0.000313761 0.00234333 0.000519233 0.986103 0.000400352 2.46781e-05 1.00015e-08 2.60788e-06 
0.0780612 0.0662113 0.137039 0.00686862 0.00146789 0.0322858 4.32755e-06 0.0892518 0.0394759 0.0716457 0.127187 0.341567 0.0016146 0.000268135 0.00705184 
0.11705 0.00507959 2.97319e-08 0.00312595 4.51312e-09 0.494197 6.46851e-08 0.0357676 0.087073 0.235266 7.40932e-09 0.0219285 0.00022045 1.28799e-10 0.000292211 
0.015422 0.0220103 0.597845 0.000553205 3.00164e-06 0.0324688 1.88704e-06 0.0331779 0.000822877 0.0621894 0.0024088 0.225312 0.00652185 3.10998e-08 0.001263 
0.000416481 0.000258968 2.36216e-05 3.79116e-07 1.76441e-12 8.44325e-07 0.99914 1.14799e-06 7.8169e-05 7.04366e-08 7.2424e-05 7.40301e-06 7.03598e-10 1.87797e-07 1.49977e-07 
0.00296043 0.000560294 0.00581429 2.56618e-05 7.28139e-06 0.000838834 8.67361e-05 0.000313761 0.00234333 0.000519233 0.986103 0.000400352 2.46781e-05 1.00015e-08 2.60788e-06 
0.31342 0.0301184 0.168284 0.00129341 0.000541093 0.0764843 0.00017122 0.0350215 0.113808 0.176145 0.0173154 0.0577056 0.00338902 7.39743e-06 0.00629589 
0.0191347 0.0163165 0.147271 0.0170875 0.000929587 0.02889 0.000789509 0.0896134 0.079674 0.521447 0.000146115 0.0419433 0.00379462 0.0205057 0.0124578 
0.0999397 0.0458755 0.31892 0.00204482 0.000766563 0.0586536 6.38803e-05 0.0751291 0.136381 0.0742544 0.00219617 0.135018 0.0297015 0.00118474 0.019871 
0.000411764 6.8967e-05 0.00642732 3.34553e-05 1.54988e-07 0.000312598 0.000198465 0.0131448 0.0600573 0.883449 6.22899e-09 0.0340804 0.00178262 7.43028e-08 3.34445e-05 
0.00581531 0.000314048 0.000941929 0.00247747 2.18076e-05 0.175741 6.55135e-09 0.686122 0.0115671 0.0193531 3.02605e-05 0.00673066 0.0881634 0.00249646 0.000225457 
0.00296043 0.000560294 0.00581429 2.56618e-05 7.28139e-06 0.000838834 8.67361e-05 0.000313761 0.00234333 0.000519233 0.986103 0.000400352 2.46781e-05 1.00015e-08 2.60788e-06 
0.0872112 7.98607e-06 0.00652674 0.0278916 1.0613e-09 0.00294101 2.3259e-11 0.68677 0.00640697 0.0758794 1.66703e-07 0.105969 1.66295e-07 3.45423e-06 0.00039175 
0.00296043 0.000560294 0.00581429 2.56618e-05 7.28139e-06 0.000838834 8.67361e-05 0.000313761 0.00234333 0.000519233 0.986103 0.000400352 2.46781e-05 1.00015e-08 2.60788e-06 
0.0301933 0.584496 0.223676 0.00011094 6.06171e-05 0.00854404 0.0016236 0.0100844 0.016687 0.0321768 0.0841398 0.00741624 0.000775809 1.44303e-06 1.37771e-05 
0.044686 0.00730981 0.16744 0.0118888 0.000180797 0.0040498 0.000488784 0.00175444 0.726504 0.0161053 0.00482051 0.0144448 4.56354e-05 1.08067e-09 0.000281394 
0.0596316 0.0493629 0.0597676 0.0150565 0.00289702 0.0534708 3.29962e-05 0.147351 0.0631228 0.494551 0.00017337 0.0205905 0.0122653 0.00327159 0.0184551 
0.0255492 0.310793 0.169893 0.0285602 0.00105758 0.0370603 2.26513e-05 0.0539608 0.0649127 0.124405 0.12094 0.0533583 0.00776404 0.000116537 0.00160684 
0.089907 0.253669 0.117826 0.00318139 2.18663e-08 0.000176611 1.13825e-05 0.134046 0.162032 0.087518 0.00014531 0.0321014 0.000429597 4.02774e-08 0.118956 
0.00296043 0.000560294 0.00581429 2.56618e-05 7.28139e-06 0.000838834 8.67361e-05 0.000313761 0.00234333 0.000519233 0.986103 0.000400352 2.46781e-05 1.00015e-08 2.60788e-06 
0.00101106 0.96986 0.000251918 0.00389722 1.56702e-06 0.0100189 0.000465202 0.00675308 0.00171239 0.00381832 0.00171275 0.000481751 5.15518e-06 2.28592e-09 1.04467e-05 
0.000931322 0.349604 0.0038834 0.00100446 3.26684e-07 0.00130639 9.00822e-10 0.100946 0.06924 0.279506 3.97935e-08 0.0102031 0.022192 0.123897 0.0372856 
0.0269452 0.0894952 0.0095294 0.0609392 1.48276e-08 5.79217e-05 9.07993e-08 0.651361 0.0641702 0.0739678 0.000777088 0.0063155 0.00621485 0.00634238 0.0038838 
0.100387 0.000174377 0.0263909 1.41536e-05 9.47393e-06 0.372584 3.44895e-07 0.0167453 0.0881681 0.344894 0.000287803 0.0500045 0.000177794 7.37282e-09 0.000162657 
0.0043263 0.00418087 0.000235903 0.0199543 6.01203e-07 0.835362 2.52647e-06 0.110878 0.0127307 0.0115973 3.43045e-05 0.000135477 0.000380301 0.000170234 1.17652e-05 
0.0418058 0.49897 0.0106842 3.40996e-06 9.87983e-06 0.0219869 3.40854e-05 0.189923 0.0620668 0.0547531 3.8596e-05 0.0259298 0.000143658 0.000268119 0.0933821 
0.00296043 0.000560294 0.00581429 2.56618e-05 7.28139e-06 0.000838834 8.67361e-05 0.000313761 0.00234333 0.000519233 0.986103 0.000400352 2.46781e-05 1.00015e-08 2.60788e-06 
0.0312634 0.123257 0.00778207 0.00154382 2.43015e-05 0.00148492 0.00350134 0.0498305 0.645871 0.134102 3.65965e-05 0.000902694 0.000103771 9.1163e-05 0.000205309 
0.00296043 0.000560294 0.00581429 2.56618e-05 7.28139e-06 0.000838834 8.67361e-05 0.000313761 0.00234333 0.000519233 0.986103 0.000400352 2.46781e-05 1.00015e-08 2.60788e-06 
0.00296043 0.000560294 0.00581429 2.56618e-05 7.28139e-06 0.000838834 8.67361e-05 0.000313761 0.00234333 0.000519233 0.986103 0.000400352 2.46781e-05 1.00015e-08 2.60788e-06 
0.00553737 0.0179227 0.0209214 0.00615716 0.00017501 0.393632 0.000233792 0.0222355 0.00714617 0.00123921 0.0115223 0.00134772 0.508803 1.53456e-10 0.0031265 
0.00919119 0.000557865 0.614031 3.60658e-05 4.84977e-07 0.00111112 1.24679e-08 0.000885291 0.250676 0.053341 8.02724e-06 0.0404085 0.00436847 9.71029e-10 0.0253851 
0.00123535 0.000151312 0.000788365 6.49524e-05 1.14403e-08 0.00184171 1.28265e-05 0.995235 0.000257754 0.000225585 3.94301e-05 0.000140413 1.06665e-06 2.35782e-11 6.15751e-06 
0.0669592 0.185406 0.274401 0.0409711 0.000126904 0.0101939 2.25802e-05 0.0343223 0.30135 0.0532401 0.00082177 0.0115017 0.00275989 2.80347e-08 0.0179239 
0.121766 0.000145218 5.44403e-05 0.0408168 3.09603e-07 0.64031 1.37586e-06 0.031236 0.0136442 0.149416 1.13936e-05 0.00235794 8.0656e-05 1.32414e-12 0.000159002 
0.00296043 0.000560294 0.00581429 2.56618e-05 7.28139e-06 0.000838834 8.67361e-05 0.000313761 0.00234333 0.000519233 0.986103 0.000400352 2.46781e-05 1.00015e-08 2.60788e-06 
0.00840753 0.142141 0.107934 0.000197179 5.34888e-05 0.702393 8.81349e-06 0.00535217 0.0261358 0.00452155 0.000581032 0.0020146 0.000193754 4.93487e-07 6.51105e-05 
0.0236827 0.681099 0.0364397 0.000982731 0.00229342 0.0249212 0.0480002 0.0464896 0.0217827 0.00713596 0.0484866 0.0198007 0.00721402 0.0301096 0.00156184 
0.00296043 0.000560294 0.00581429 2.56618e-05 7.28139e-06 0.000838834 8.67361e-05 0.000313761 0.00234333 0.000519233 0.986103 0.000400352 2.46781e-05 1.00015e-08 2.60788e-06 
0.0492971 6.4195e-05 0.135104 0.0133694 1.48233e-10 5.45539e-08 2.25173e-08 0.000711706 0.0238284 0.674872 2.54562e-08 0.102429 0.000265755 2.53008e-08 5.87318e-05 
0.173171 0.225138 0.00128829 0.000189515 7.10292e-05 0.072767 0.000179605 0.0586364 0.214573 0.235733 0.00028023 0.00765071 0.000186078 9.58594e-09 0.0101372 
0.179539 0.0247057 0.0214954 0.0188276 0.000704397 0.232165 0.00162139 0.166816 0.0568875 0.253902 0.0246299 0.0125871 0.00449762 4.42968e-06 0.0016168 
0.122404 0.0268037 0.0642606 0.04802 0.00485554 0.0178539 0.000600946 0.451595 0.101759 0.122683 0.012828 0.00872343 0.0117132 0.000163011 0.00573629 
0.08739 0.0036782 0.225512 0.00585031 1.46764e-05 0.0195781 0.000233827 0.0090244 0.0689762 0.0483691 5.91451e-05 0.530043 0.000988611 7.5978e-05 0.000206814 
0.0315453 0.0179088 0.0119629 0.322939 0.0010492 0.011686 4.47141e-06 0.409719 0.0916316 0.0789498 0.00371911 0.0139321 0.00252465 0.000295317 0.0021329 
0.121766 0.000145218 5.44403e-05 0.0408168 3.09603e-07 0.64031 1.37586e-06 0.031236 0.0136442 0.149416 1.13936e-05 0.00235794 8.0656e-05 1.32414e-12 0.000159002 
0.0451916 0.466069 0.0542247 0.000100114 3.5833e-09 0.00350896 0.000174048 0.0108456 0.0274932 0.0126197 0.371994 0.00729161 6.8632e-05 5.46321e-12 0.000418365 
0.121714 0.302294 0.29002 4.13304e-08 4.06669e-10 0.0292328 4.94864e-10 6.38024e-05 0.00226265 0.232132 9.3176e-07 0.0214286 0.000849124 6.59306e-10 1.67391e-06 
0.101731 0.00778387 0.329576 0.00534247 0.000158986 0.0618995 1.53531e-05 0.0230615 0.0613054 0.202138 0.000918483 0.154324 0.00880137 9.40293e-06 0.0429343 
0.15239 0.397053 0.0783828 0.00122448 0.000302646 0.0691804 0.00328474 0.10812 0.0219916 0.11224 0.00930408 0.0380704 2.9023e-05 6.48407e-06 0.00841929 
0.052972 0.00967323 0.274971 0.0185101 0.000465216 0.0024218 0.000201712 0.0201084 0.191165 0.264763 0.00368268 0.137828 0.00277481 0.00014223 0.0203212 
0.00296043 0.000560294 0.00581429 2.56618e-05 7.28139e-06 0.000838834 8.67361e-05 0.000313761 0.00234333 0.000519233 0.986103 0.000400352 2.46781e-05 1.00015e-08 2.60788e-06 
0.00123535 0.000151312 0.000788365 6.49524e-05 1.14403e-08 0.00184171 1.28265e-05 0.995235 0.000257754 0.000225585 3.94301e-05 0.000140413 1.06665e-06 2.35782e-11 6.15751e-06 
0.0250105 0.436315 0.123356 0.00248317 0.000826848 0.0353428 0.0791467 0.00834796 0.0469018 0.0148673 0.206634 0.00447024 0.0150391 0.00117602 8.25618e-05 
0.145891 0.0433553 0.632717 0.0135883 8.82343e-05 0.00153807 4.73859e-07 0.0167777 0.0399254 0.0438234 0.000620788 0.0579067 0.000227837 6.82148e-06 0.00353321 
0.0807537 0.435312 0.204535 1.2176e-07 3.96716e-05 6.68398e-07 0.0102669 0.0264002 0.0299731 0.0320442 5.89708e-05 0.144345 0.00804807 0.000346691 0.0278751 
0.0348859 0.283593 0.1416 0.0192193 0.000231401 0.0797929 5.91842e-06 0.0353679 0.139005 0.0144708 0.228966 0.0148818 0.00160508 3.43671e-08 0.00637591 
0.0157425 0.0125524 0.0911337 0.00364835 2.85801e-05 0.00217265 1.42207e-06 0.00626667 0.53453 0.318974 5.79901e-05 0.012709 0.00172259 6.61379e-05 0.000394008 
0.00296043 0.000560294 0.00581429 2.56618e-05 7.28139e-06 0.000838834 8.67361e-05 0.000313761 0.00234333 0.000519233 0.986103 0.000400352 2.46781e-05 1.00015e-08 2.60788e-06 
0.10559 0.0125113 0.0290469 0.0844745 0.000458849 0.653073 1.91762e-05 0.0417376 0.0193618 0.0176825 0.000698519 0.0335815 0.000805835 1.43756e-08 0.000958374 
0.00296043 0.000560294 0.00581429 2.56618e-05 7.28139e-06 0.000838834 8.67361e-05 0.000313761 0.00234333 0.000519233 0.986103 0.000400352 2.46781e-05 1.00015e-08 2.60788e-06 
0.00100848 0.505986 0.0227721 3.65845e-07 0.000152975 0.000161977 0.000609351 0.068123 0.0175027 0.0434271 0.000536754 0.00793747 0.00417825 1.52896e-07 0.327603 
0.0613296 0.00650857 0.338979 0.0022343 0.00106207 0.148642 0.000318592 0.0267909 0.0978132 0.0454236 0.00361759 0.245637 0.00442956 0.00359276 0.0136211 
0.0268971 0.0159388 0.0215187 0.338256 0.00304726 0.0133338 0.00255205 0.446541 0.0233238 0.0708228 8.21685e-05 0.011998 0.00733255 0.00857264 0.00978336 
0.66598 0.0147935 0.00259317 0.0462864 2.64069e-05 0.0219138 2.00944e-06 0.0426944 0.0481895 0.144919 5.50991e-05 0.0110168 0.000606289 1.85122e-11 0.000923233 
0.00296043 0.000560294 0.00581429 2.56618e-05 7.28139e-06 0.000838834 8.67361e-05 0.000313761 0.00234333 0.000519233 0.986103 0.000400352 2.46781e-05 1.00015e-08 2.60788e-06 
0.0591235 0.00681153 0.00869844 0.023598 0.000176566 0.0640214 0.000399721 0.794412 0.0221681 0.0103742 0.000476904 0.00867352 4.73055e-05 0.000929841 8.91212e-05 
0.00296043 0.000560294 0.00581429 2.56618e-05 7.28139e-06 0.000838834 8.67361e-05 0.000313761 0.00234333 0.000519233 0.986103 0.000400352 2.46781e-05 1.00015e-08 2.60788e-06 
0.0177282 0.00852689 0.107035 2.72961e-06 0.000448828 0.00865251 0.00197571 0.0638815 0.00184063 0.158393 0.000468478 0.0485182 0.172107 0.359402 0.0510186 
0.439133 0.0525555 2.50391e-05 0.0356988 1.08168e-05 0.203612 2.50979e-05 0.0444446 0.0685789 0.153721 4.9304e-05 0.0015816 0.000196522 5.54095e-09 0.000367557 
0.00296043 0.000560294 0.00581429 2.56618e-05 7.28139e-06 0.000838834 8.67361e-05 0.000313761 0.00234333 0.000519233 0.986103 0.000400352 2.46781e-05 1.00015e-08 2.60788e-06 
0.052713 0.0011295 0.000465805 0.395589 3.0345e-08 0.00567664 5.60081e-09 0.531569 0.000620049 0.00744572 6.15165e-05 0.0022928 0.00225695 4.90091e-08 0.00018016 
0.0244141 0.044794 0.33619 0.00104488 8.61861e-06 0.00430306 1.54116e-06 0.0320066 0.377752 0.0152138 4.56241e-05 0.0211233 0.143041 3.44378e-06 5.87375e-05 
0.122377 0.0366475 0.0551957 0.016434 0.00078732 0.0136747 0.000112628 0.0609222 0.287231 0.327285 0.000649771 0.0500831 0.0149084 0.00377779 0.0099136 
0.000117467 0.657863 0.000117467 0.000117459 0.000117387 0.000117447 0.000117366 0.000117472 0.00011747 0.000117471 0.000117444 0.000117457 0.34061 0.000117327 0.000117416 
0.338692 0.00328554 0.00433614 0.00290308 0.000253961 0.217516 2.73789e-07 0.0739148 0.103501 0.108493 4.45885e-05 0.12265 0.000404034 0.0217104 0.00229516 
0.00296043 0.000560294 0.00581429 2.56618e-05 7.28139e-06 0.000838834 8.67361e-05 0.000313761 0.00234333 0.000519233 0.986103 0.000400352 2.46781e-05 1.00015e-08 2.60788e-06 
0.00296043 0.000560294 0.00581429 2.56618e-05 7.28139e-06 0.000838834 8.67361e-05 0.000313761 0.00234333 0.000519233 0.986103 0.000400352 2.46781e-05 1.00015e-08 2.60788e-06 
0.244945 0.292377 0.0799874 0.000984495 1.45342e-06 0.0133371 0.00162472 0.00840127 0.192302 0.0775106 2.38062e-05 0.0134959 0.000881216 0.000282755 0.0738459 
0.0696958 0.0192893 0.0207437 0.000804645 0.000252788 0.0426256 2.13066e-05 0.171929 0.00774982 0.455074 4.27416e-05 0.00106432 0.193999 0.00537342 0.0113344 
0.00725949 0.0224257 0.377405 0.00449266 0.0044479 0.012652 6.94345e-05 0.0289029 0.0380775 0.0409915 0.00835262 0.262869 0.00254372 0.0366132 0.152898 
0.172888 0.0270225 0.0243723 0.00321485 4.99762e-08 5.02297e-07 1.22838e-06 0.244341 0.034618 0.168262 2.85023e-08 0.135413 0.169579 1.30575e-10 0.0202874 
0.00296043 0.000560294 0.00581429 2.56618e-05 7.28139e-06 0.000838834 8.67361e-05 0.000313761 0.00234333 0.000519233 0.986103 0.000400352 2.46781e-05 1.00015e-08 2.60788e-06 
0.00828138 0.0222183 0.0178368 0.0182055 6.84506e-08 0.0231619 6.84384e-08 0.287661 0.326606 0.247148 6.84838e-08 0.0115204 0.0275847 0.00977672 6.84677e-08 
0.00296043 0.000560294 0.00581429 2.56618e-05 7.28139e-06 0.000838834 8.67361e-05 0.000313761 0.00234333 0.000519233 0.986103 0.000400352 2.46781e-05 1.00015e-08 2.60788e-06 
0.0361231 0.771778 0.0275927 0.000517147 1.13606e-07 2.67315e-05 1.38244e-07 0.0535554 0.00027444 0.0433097 9.17006e-05 0.00113655 0.025467 1.84182e-07 0.0401271 
0.00296043 0.000560294 0.00581429 2.56618e-05 7.28139e-06 0.000838834 8.67361e-05 0.000313761 0.00234333 0.000519233 0.986103 0.000400352 2.46781e-05 1.00015e-08 2.60788e-06 
0.0323918 0.0959764 0.0307183 0.0739996 0.00124213 0.00420907 4.60562e-08 0.196224 0.0720406 0.0474415 0.000154361 0.00317217 0.00236229 0.435315 0.00475364 
0.0548264 0.00577412 0.0587352 0.0138196 0.000894124 0.00653911 2.61205e-05 0.0365717 0.163717 0.0649623 0.00010998 0.272929 0.00267777 0.00194341 0.316474 
0.181255 0.0139176 0.0190122 0.0107999 0.000343635 0.0697696 2.5139e-07 0.0409425 0.260375 0.355777 4.55357e-05 0.0415449 0.00309913 0.00201971 0.00109852 
0.00296043 0.000560294 0.00581429 2.56618e-05 7.28139e-06 0.000838834 8.67361e-05 0.000313761 0.00234333 0.000519233 0.986103 0.000400352 2.46781e-05 1.00015e-08 2.60788e-06 
0.0116785 0.0323769 0.312777 0.00725335 0.000280355 0.00200768 2.30342e-05 0.0160992 0.279726 0.312092 0.00118408 0.0104926 0.000407639 8.24802e-06 0.0135927 
0.0917004 0.000478369 0.0467001 0.000290015 4.86066e-08 0.00497836 6.6326e-09 0.0507206 0.0436654 0.736401 8.6925e-06 0.0220407 0.00301575 9.55435e-12 4.49358e-07 
0.0557185 0.000730159 0.0654222 0.000143799 1.94104e-08 0.230328 1.07292e-05 0.093102 0.226978 0.0996476 8.67021e-05 0.227309 0.000240513 1.70224e-11 0.000282924 
0.296716 0.0268697 0.00205909 0.000838619 7.16756e-08 0.0283983 9.03837e-05 0.0179941 0.15533 0.468397 9.10904e-06 0.00136326 0.000588868 3.29145e-10 0.00134582 
0.169313 0.429018 0.0704984 0.000961423 0.000217089 0.00652201 0.0554135 0.0860945 0.158647 0.0100272 0.000897016 0.00156247 0.00806888 0.000740008 0.00201982 
0.124715 0.0027038 0.0752608 2.21907e-05 3.54205e-07 0.0217215 4.31022e-07 0.0173077 0.112528 0.614049 6.91793e-06 0.0307891 3.75093e-05 0.0006266 0.000231092 
0.0345774 0.287057 0.423767 0.000379791 3.29971e-05 0.0146156 0.000672303 0.0505019 0.0182287 0.0365314 0.0359293 0.0314273 0.0537958 0.00999975 0.0024842 
0.0606369 0.122931 0.457409 0.00539948 9.77278e-10 0.00445197 1.07546e-06 0.173156 0.00272933 0.107382 0.00105098 0.0409471 0.00739027 0.0121151 0.0043995 
0.0533454 0.0118412 0.28967 0.00211446 0.000165302 0.00162598 4.78675e-05 0.0323287 0.295587 0.218631 0.0473788 0.0435415 0.00230416 2.203e-06 0.00141614 
0.0193635 0.119737 0.0235997 0.00024256 6.30981e-05 0.0129163 9.01772e-05 0.402727 0.137363 0.272297 0.000220712 0.00613373 0.00500463 6.41421e-10 0.000241589 
0.154256 0.0018236 0.00096426 0.00418893 8.77764e-06 0.489088 1.11354e-05 0.0177951 0.0953029 0.208815 0.000144854 0.0126804 0.000157413 0.0144914 0.000272277 
0.166139 0.0255312 0.0492537 0.000575324 0.000104027 0.565974 3.79115e-05 0.0209014 0.0344113 0.104856 0.000496922 0.0309604 0.000464644 1.14965e-07 0.000294526 
0.00296043 0.000560294 0.00581429 2.56618e-05 7.28139e-06 0.000838834 8.67361e-05 0.000313761 0.00234333 0.000519233 0.986103 0.000400352 2.46781e-05 1.00015e-08 2.60788e-06 
3.39924e-07 0.906227 0.000404787 1.36914e-06 3.23507e-08 0.0193421 1.23164e-06 0.00216034 0.00728573 0.0348984 0.0296695 3.19254e-07 5.19552e-08 5.22182e-10 9.07035e-06 
0.383654 0.00821523 0.0542118 0.0265402 0.000573375 0.0468017 0.00116002 0.034391 0.091196 0.26171 2.24894e-05 0.0704355 0.0197994 2.86612e-06 0.00128589 
0.0816832 0.00501522 0.423935 0.00110686 5.85421e-09 1.35258e-06 7.12382e-09 0.00729899 0.00798075 0.112232 8.43553e-08 0.360438 1.37982e-05 0.000294871 4.07505e-09 
0.124657 0.0191539 0.0128886 0.0071687 6.57922e-06 0.0687179 7.96846e-06 0.0443393 0.170845 0.529565 4.0122e-05 0.0202322 0.00228279 6.34889e-08 9.38974e-05 
0.00296043 0.000560294 0.00581429 2.56618e-05 7.28139e-06 0.000838834 8.67361e-05 0.000313761 0.00234333 0.000519233 0.986103 0.000400352 2.46781e-05 1.00015e-08 2.60788e-06 
0.0875604 0.0703725 0.0949765 0.000634025 2.69993e-06 0.0418668 3.94764e-08 0.138067 0.243142 0.247255 4.06888e-06 0.0729592 0.00244832 6.48399e-08 0.000711627 
0.00296043 0.000560294 0.00581429 2.56618e-05 7.28139e-06 0.000838834 8.67361e-05 0.000313761 0.00234333 0.000519233 0.986103 0.000400352 2.46781e-05 1.00015e-08 2.60788e-06 
0.00436231 0.848575 0.0197412 0.000239487 5.85847e-05 0.000822978 7.11807e-07 0.0776935 0.0378673 0.00328628 1.32896e-05 0.0017537 0.00333079 0.000533251 0.0017219 
0.133465 0.00154528 0.0709268 0.0122737 2.78353e-08 0.127855 6.54227e-06 0.199437 0.132924 0.130972 0.000128654 0.187516 0.000367032 3.73255e-07 0.00258174 
0.230148 0.00797738 0.248679 0.0188599 0.000101538 0.0201901 0.0002477 0.169965 0.0436166 0.196516 0.0211793 0.0162813 0.0257828 3.86258e-05 0.000416237 
0.00296043 0.000560294 0.00581429 2.56618e-05 7.28139e-06 0.000838834 8.67361e-05 0.000313761 0.00234333 0.000519233 0.986103 0.000400352 2.46781e-05 1.00015e-08 2.60788e-06 
0.188057 0.0134547 0.201209 0.00643514 0.00125486 0.00850395 0.000506284 0.185707 0.0989642 0.0746012 0.0138105 0.168782 0.00418813 0.00539629 0.0291305 
0.00296043 0.000560294 0.00581429 2.56618e-05 7.28139e-06 0.000838834 8.67361e-05 0.000313761 0.00234333 0.000519233 0.986103 0.000400352 2.46781e-05 1.00015e-08 2.60788e-06 
0.0716032 0.311779 0.00219029 0.0470672 3.20245e-06 0.0571564 3.71514e-05 0.0763745 0.21893 0.191529 0.000489303 0.0150208 0.00130963 1.6565e-08 0.00651058 
0.143693 0.0507893 0.284758 0.0051506 0.000707302 0.122409 8.79433e-05 0.0280915 0.122807 0.185317 0.00193356 0.0238053 0.00507385 2.01721e-06 0.0253742 
