0.00892749 0.320549 0.143322 0.039032 7.86755e-05 2.78999e-10 1.84137e-07 0.0429301 0.0103906 0.0189124 3.26383e-05 4.37308e-07 0.000788682 1.21197e-06 0.415034 
0.0484247 0.195056 0.0433907 0.0464778 0.0285391 0.0060717 2.65399e-08 0.440235 0.0406832 0.0928238 0.000180432 0.0189675 0.00906453 0.0228586 0.00722638 
0.143052 0.281175 0.057787 0.0131784 9.14414e-09 0.000543679 0.0114081 0.136558 0.0717424 0.0236011 0.00131392 0.010591 0.00599167 1.48248e-08 0.243057 
0.117201 0.166466 0.0190745 0.0157001 0.000832002 0.00519258 0.0502959 0.261699 0.0679491 0.228337 0.000362533 0.0348863 0.00917382 0.0151547 0.00767621 
0.0277394 0.0376532 0.430477 0.0106666 0.00384914 0.00212552 0.000784302 0.01675 0.298613 0.0917034 0.0424953 0.0138248 0.00429533 0.000803944 0.0182192 
0.0186444 0.0175281 0.00296628 0.000125158 0.000210777 3.64031e-07 2.78565e-05 0.0353843 0.549049 0.191183 0.000236532 0.0677663 0.116877 5.0854e-11 1.00008e-06 
0.00443012 0.000266508 0.685308 0.00457386 0.000201395 1.42809e-07 7.65874e-05 0.00204299 0.170214 0.109427 3.70932e-09 0.00862191 0.011676 1.95992e-08 0.00316168 
0.00207013 0.0125005 0.0844977 0.00976453 0.000103798 7.96072e-05 3.85226e-07 0.0387242 0.057691 0.0368365 3.12164e-06 0.00234376 0.00108159 0.000223776 0.754079 
0.003952 0.350897 0.0673865 0.0254144 2.71667e-05 5.72624e-05 0.00308709 0.234042 0.0121001 0.0872769 0.000343906 0.00108843 0.166998 3.69285e-09 0.0473287 
0.000430062 0.000893977 8.27707e-05 1.73907e-05 3.81072e-06 1.93251e-06 0.998311 2.60644e-05 7.62775e-05 4.92557e-06 0.000133024 1.07555e-05 1.44576e-10 1.58661e-06 6.51105e-06 
0.0313323 0.738114 0.00575048 0.00225803 0.095162 0.000229746 0.0228518 0.0208514 0.0628823 0.0038382 0.000170369 0.000334066 0.000355245 3.07482e-06 0.015867 
0.311953 0.0320871 0.0346366 0.0103482 0.00406036 0.00206027 5.20376e-05 0.0716126 0.225596 0.0356424 3.59502e-05 0.0147222 0.205254 0.0380906 0.0138483 
0.0769032 0.288759 0.0229722 0.000289552 0.0181988 0.00115509 0.22647 0.0351861 0.0748943 0.0824429 0.00129304 0.00306085 0.0293823 0.0586068 0.0803859 
0.055395 0.000222314 0.0402355 0.000356228 7.98099e-08 2.61894e-10 8.58715e-10 0.228213 0.000461115 0.289466 2.85388e-10 0.127737 0.257913 1.14406e-09 4.0351e-07 
0.00266128 0.014412 0.104949 0.0125533 0.000133344 0.000102234 4.82142e-07 0.0486938 0.074172 0.04736 3.98663e-06 0.00301306 0.00138987 0.000287278 0.690268 
0.00727934 0.135784 0.114555 0.0435524 0.129883 2.61791e-07 2.37082e-06 0.199901 0.072862 0.101027 2.92197e-05 0.079654 0.0024187 1.48808e-07 0.113051 
0.000430062 0.000893977 8.27707e-05 1.73907e-05 3.81072e-06 1.93251e-06 0.998311 2.60644e-05 7.62775e-05 4.92557e-06 0.000133024 1.07555e-05 1.44576e-10 1.58661e-06 6.51105e-06 
0.0170332 0.0419826 0.0515127 1.69379e-06 0.00408705 9.68789e-08 5.75951e-06 0.103014 0.0630943 0.00459139 0.000631274 0.0342866 1.32845e-05 9.77582e-05 0.679649 
0.00207013 0.0125005 0.0844977 0.00976453 0.000103798 7.96072e-05 3.85226e-07 0.0387242 0.057691 0.0368365 3.12164e-06 0.00234376 0.00108159 0.000223776 0.754079 
0.00959811 0.504843 0.0447163 0.00126015 0.0889342 0.000167049 0.000525715 0.0447141 0.0819497 0.0331252 0.000547734 0.00891449 0.00252862 7.34265e-06 0.178168 
0.0139376 0.00557809 0.842096 0.00133746 0.00934925 1.70249e-11 5.34184e-05 0.0570109 0.00872154 0.0570884 0.000127792 7.71675e-05 0.004622 7.43722e-11 3.09331e-07 
0.023147 0.272331 0.131089 0.00933267 0.00780831 0.00281934 0.000191092 0.251535 0.032124 0.174298 0.000443419 0.0232073 0.0312959 0.0170413 0.0233369 
0.0096763 0.0430793 0.202305 0.000100767 0.000178784 7.9691e-05 9.0057e-05 0.0633489 0.44772 0.126652 2.99551e-08 0.00379299 0.00021349 4.34282e-10 0.102762 
0.000179043 0.905537 0.0304348 0.0131058 3.56896e-05 2.88495e-05 0.0121 0.000426257 0.016034 1.37786e-10 0.0163086 0.00179266 6.52711e-05 1.439e-07 0.00395231 
0.000430062 0.000893977 8.27707e-05 1.73907e-05 3.81072e-06 1.93251e-06 0.998311 2.60644e-05 7.62775e-05 4.92557e-06 0.000133024 1.07555e-05 1.44576e-10 1.58661e-06 6.51105e-06 
0.180132 0.0253563 0.0525785 0.0117257 1.61813e-06 6.73674e-07 9.19777e-07 0.266326 0.14604 0.0617698 7.82746e-07 0.247693 0.00836878 1.01985e-06 6.09385e-06 
0.015102 0.374753 0.0346655 0.011274 0.00983672 0.000128312 0.000157792 0.0600183 0.0242859 0.0177154 6.37264e-05 0.000485847 0.00142506 0.000206999 0.449881 
0.0551608 0.182133 0.312278 0.000279852 0.0173863 6.11831e-05 3.31225e-07 0.0850647 0.0328496 0.0806585 0.00731081 0.00331578 0.0607616 0.161256 0.001483 
0.0278015 0.00182555 0.0138638 2.37744e-06 0.00125451 1.76407e-06 5.62484e-07 0.000961736 0.0115758 0.0490378 2.63378e-07 0.879397 2.41974e-05 0.00491101 0.00934213 
0.0817206 0.00282049 0.0548474 0.00185029 0.00128365 1.19122e-05 5.44612e-06 0.624694 0.010489 0.0609661 1.49614e-07 0.123798 0.0143544 0.000206379 0.0229519 
0.000430062 0.000893977 8.27707e-05 1.73907e-05 3.81072e-06 1.93251e-06 0.998311 2.60644e-05 7.62775e-05 4.92557e-06 0.000133024 1.07555e-05 1.44576e-10 1.58661e-06 6.51105e-06 
0.0100799 0.185963 0.37754 4.64461e-07 0.00631324 4.64412e-07 0.000325329 0.0588078 0.0447323 0.112319 0.00176518 0.00227628 0.0130465 4.6394e-07 0.18683 
0.244271 0.0231057 0.190646 0.00681571 0.0195018 0.000431803 3.03381e-05 0.0375049 0.20015 0.0181235 0.000225474 0.253996 0.00172597 0.00127728 0.00219482 
0.00573121 0.876408 0.0129585 0.00861576 3.2339e-05 7.65644e-06 0.00243905 0.0668279 0.00168703 0.0197232 8.31898e-05 0.000173457 1.73291e-06 8.00862e-09 0.00531141 
0.832673 0.0501518 0.000112539 2.41508e-07 1.47922e-06 1.3285e-06 7.03783e-07 0.00801102 0.1033 0.00513613 1.97501e-05 0.000567649 1.88288e-05 3.85293e-06 2.24694e-06 
0.56766 1.02161e-07 0.102558 1.85525e-11 7.69956e-11 2.8575e-11 9.36938e-11 1.80038e-06 0.00393494 0.227148 3.11385e-11 0.0843412 2.86224e-07 0.0143543 3.85942e-07 
0.000430062 0.000893977 8.27707e-05 1.73907e-05 3.81072e-06 1.93251e-06 0.998311 2.60644e-05 7.62775e-05 4.92557e-06 0.000133024 1.07555e-05 1.44576e-10 1.58661e-06 6.51105e-06 
0.0717007 0.00392472 0.0556184 0.0180006 0.000820418 0.000568142 0.00300408 0.684173 0.058183 0.0638994 6.27645e-06 0.0151398 0.0122012 0.000127442 0.0126328 
0.0223475 0.0566288 0.290142 3.1109e-06 6.26899e-06 4.04468e-06 6.48517e-06 0.150106 0.00180167 0.303737 0.161028 0.00036609 0.0111079 1.60484e-09 0.00271529 
0.0386193 0.0694349 0.256056 0.0329286 0.0111219 0.00377275 0.000231699 0.0370436 0.363366 0.152698 0.00461752 0.0131892 0.0110903 2.5122e-10 0.00583069 
0.0189911 0.00202756 0.649037 1.33366e-05 0.00469122 0.000143327 0.203636 0.00268893 0.00807002 0.0940571 1.9238e-07 0.0129555 0.0024668 0.000984653 0.000236684 
0.0466756 0.0605542 0.0100437 0.000735124 4.17074e-08 1.54787e-08 5.07526e-08 0.758694 0.00464867 0.0537092 1.68673e-08 0.000320986 0.00632635 0.0503695 0.00792282 
0.129179 0.217883 0.118957 0.00559684 0.0097639 0.00101496 9.51919e-06 0.144075 0.129896 0.105454 0.000272237 0.0609484 0.00121436 0.00362876 0.0721072 
0.000430062 0.000893977 8.27707e-05 1.73907e-05 3.81072e-06 1.93251e-06 0.998311 2.60644e-05 7.62775e-05 4.92557e-06 0.000133024 1.07555e-05 1.44576e-10 1.58661e-06 6.51105e-06 
0.173141 0.0903103 2.06654e-06 1.92042e-07 8.15974e-07 7.04089e-11 4.61954e-07 0.271415 8.18748e-07 0.41455 7.6802e-08 5.02118e-11 6.91154e-07 3.07576e-10 0.0505786 
7.89566e-05 0.996631 0.000396251 8.60599e-09 3.57161e-08 1.32552e-08 4.35054e-05 0.00019644 0.000350712 0.000856107 1.44443e-08 0.000129514 2.6549e-08 5.79042e-08 0.00131769 
0.0447444 0.878424 0.0171978 4.0736e-06 0.00364086 1.82994e-05 0.0184363 0.00788217 0.0191323 0.00137643 0.000269764 0.00821359 5.1837e-05 3.60817e-07 0.000607676 
0.000430062 0.000893977 8.27707e-05 1.73907e-05 3.81072e-06 1.93251e-06 0.998311 2.60644e-05 7.62775e-05 4.92557e-06 0.000133024 1.07555e-05 1.44576e-10 1.58661e-06 6.51105e-06 
0.0147071 0.28637 0.411918 0.00882396 6.83552e-07 6.83903e-07 0.0012992 0.103087 0.00889321 0.085643 0.00198395 0.034404 0.00485493 0.00280183 0.0352123 
0.0373191 0.0437345 0.0168313 0.457291 2.63976e-08 5.67901e-08 4.35949e-09 0.252857 7.08511e-07 0.0238963 6.05365e-06 3.90298e-05 0.000490552 0.164852 0.00268171 
0.034508 0.328496 0.29163 0.000106687 6.19034e-07 1.22073e-05 0.000268975 0.00956793 0.0101194 0.0380787 0.0453655 0.0108942 0.209178 2.21696e-06 0.0217716 
0.00485947 0.210484 0.0213088 0.000301669 3.01114e-05 7.17293e-05 9.51948e-05 0.100782 0.405567 0.225443 4.45458e-06 0.0110842 0.0015801 0.0107858 0.00760174 
0.0292462 0.0183388 0.00295183 0.000136526 0.000205088 0.00012756 2.60756e-05 0.0344884 0.531304 0.184136 0.000228321 0.0707286 0.125466 6.08965e-11 0.00261617 
1.70082e-06 1.96516e-05 0.0507158 0.00874036 4.2688e-05 3.91208e-06 3.36773e-05 0.0127067 0.0108571 0.0526909 3.14659e-05 0.859066 0.00429115 1.70896e-05 0.000781932 
8.54868e-06 0.979069 2.21068e-05 4.40065e-09 1.82633e-08 6.77799e-09 2.22241e-08 7.08827e-05 0.0205753 4.09577e-05 9.60924e-06 3.81909e-05 3.80256e-05 2.96091e-08 0.000127142 
0.00660861 0.0569936 0.589261 0.240987 0.000834218 0.00027371 9.63465e-05 0.00469738 0.0815881 3.82875e-08 0.000961594 0.00943101 0.000572371 0.000295288 0.00739937 
0.0016821 0.834593 0.0868077 4.46091e-06 2.11794e-07 7.86024e-08 2.57727e-07 0.0027053 0.0245113 0.0116306 7.79336e-05 0.0242176 0.00508223 7.05013e-05 0.00861682 
2.95194e-05 1.13216e-09 0.000960773 2.46047e-06 3.9259e-09 1.457e-09 4.77732e-09 1.28379e-05 0.998959 2.27738e-05 7.14629e-06 5.50802e-06 2.91826e-09 6.36481e-09 2.73278e-09 
0.00426583 0.872066 0.0160438 0.000805366 0.00445639 0.000795887 2.51169e-05 0.0206624 0.0143756 0.0526546 0.00115092 0.00234855 0.00130837 4.7222e-06 0.00903615 
7.39097e-05 0.0962481 0.461776 0.00484303 0.000897992 4.73388e-07 2.22991e-05 0.0596972 0.133059 0.045433 1.57897e-08 0.103901 0.00549979 3.23907e-09 0.0885475 
1.57077e-05 0.0419337 0.0136669 2.02728e-07 4.68564e-05 3.12246e-07 2.46247e-06 0.00301476 0.00218979 0.000922984 3.56161e-06 0.000651032 0.000111082 1.36402e-06 0.937439 
0.0140752 0.0756741 0.747744 0.00593848 0.0204502 0.000340057 8.79092e-05 0.0555375 0.0214755 0.0216914 5.11215e-05 0.0175789 0.00424352 0.00175641 0.0133556 
0.0175582 0.0144037 0.769651 0.000698837 0.000285457 0.000217588 0.0293124 0.00193458 0.144903 0.00200651 0.000297169 0.0159263 0.000343389 1.72992e-05 0.00244508 
0.0843372 0.00920684 0.41509 5.89912e-05 0.00114459 7.90491e-08 0.000486826 0.130934 0.0082453 0.0391985 0.12193 0.161203 0.0241029 0.000318532 0.00374354 
0.0029994 0.301257 0.162092 0.00161707 0.00585421 8.28684e-05 4.50388e-07 0.315449 0.00867417 0.089673 0.00355178 0.00163405 0.025976 3.65766e-09 0.0811396 
0.0240418 0.0839602 0.0541878 0.00305981 0.00979913 0.00094339 0.00548047 0.0408512 0.55232 0.198399 0.000223259 0.00934261 0.00245606 8.94093e-05 0.0148463 
0.00110712 0.652667 0.00244047 0.00284839 0.00193125 8.09919e-06 4.97032e-07 0.0262611 0.00608845 0.0737632 5.83184e-05 0.000112087 0.000484603 4.97963e-05 0.232179 
0.00340217 0.955009 0.00318523 0.00942026 0.000659542 0.000293723 7.29551e-08 0.00359305 0.00298249 0.0116158 0.000310375 0.00190888 0.00159993 0.000602722 0.00541694 
0.047843 0.489287 0.378948 5.18474e-07 1.20182e-08 4.46028e-09 1.46247e-08 0.0236735 0.00914086 0.019766 4.86041e-09 0.0311373 5.95247e-06 1.94844e-08 0.000198513 
0.0733394 0.339199 0.0226152 0.000600855 1.32297e-07 1.30248e-07 0.000288632 0.153448 0.393329 0.00396892 1.44133e-07 0.00446925 9.30692e-08 1.4764e-10 0.00874108 
0.069219 0.41863 0.0436854 0.0384978 0.00420424 0.000729364 0.00077489 0.185683 0.134238 0.0519642 0.000396304 0.00615632 0.0247611 0.00457772 0.0164822 
0.0196429 0.000428634 0.213265 9.53213e-06 1.13877e-08 8.85793e-06 1.392e-06 0.0110437 0.0135702 0.702036 5.56982e-05 0.0396357 2.55105e-05 2.33941e-05 0.000253683 
0.00207013 0.0125005 0.0844977 0.00976453 0.000103798 7.96072e-05 3.85226e-07 0.0387242 0.057691 0.0368365 3.12164e-06 0.00234376 0.00108159 0.000223776 0.754079 
0.0506398 0.0209965 0.050731 0.00125665 0.000543097 0.0004042 4.54008e-09 0.54315 0.00480268 0.0491125 6.36886e-05 0.255433 0.00988768 0.00064032 0.0123388 
0.0126829 0.11971 0.0523073 0.0186223 0.00612268 0.00574285 1.47987e-06 0.125675 0.0235363 0.0153888 0.00010595 0.397672 0.0076698 0.20663 0.00813286 
0.369117 0.0403027 0.0208998 0.0317215 0.00360797 0.00137891 1.30733e-05 0.0804823 0.10292 0.0111497 1.53711e-06 0.0275001 0.283225 0.0234927 0.00418775 
0.00446345 0.00162532 0.594413 1.35176e-05 5.66854e-05 1.20954e-05 0.000128857 0.0028288 0.357286 0.0121098 2.56015e-06 0.0253286 0.000241798 8.32727e-06 0.00148148 
0.000113697 0.990452 0.000874545 0.000119383 2.17306e-05 5.05232e-08 1.65659e-07 0.00309696 9.96232e-05 7.72248e-05 1.9159e-05 3.60304e-08 0.000206531 2.20707e-07 0.0049183 
0.00839671 6.37138e-05 0.000991172 2.20793e-12 9.16322e-12 3.40071e-12 1.11505e-11 0.000358013 0.952523 0.0375476 2.50728e-09 0.000119637 6.81134e-12 1.48557e-11 5.1435e-10 
0.0144547 0.809429 0.0417954 0.0471928 0.000362037 0.00031135 2.13451e-05 0.0114551 0.0627476 0.00595416 0.000952485 0.000847485 0.000398799 1.19326e-06 0.00407704 
0.000430062 0.000893977 8.27707e-05 1.73907e-05 3.81072e-06 1.93251e-06 0.998311 2.60644e-05 7.62775e-05 4.92557e-06 0.000133024 1.07555e-05 1.44576e-10 1.58661e-06 6.51105e-06 
0.666819 1.4462e-06 2.37555e-07 1.40763e-06 1.12628e-06 6.53013e-11 6.21146e-07 2.06755e-06 0.117643 0.215526 6.41147e-08 3.12019e-06 1.9751e-06 2.85264e-10 1.2248e-10 
0.0721906 0.0246104 0.398722 0.0194419 0.00108904 2.60555e-05 2.4693e-06 0.124549 0.0352257 0.217369 1.64097e-05 0.0313487 0.000787946 6.88185e-05 0.0745517 
0.50622 4.74055e-05 0.0697753 5.14415e-05 6.09247e-06 1.25638e-06 6.72762e-07 0.0772593 0.0764751 0.227628 2.31186e-06 0.00429118 1.64163e-05 2.28252e-09 0.0382249 
0.153214 0.154225 0.0226533 0.00773418 0.00568375 8.71575e-05 0.406097 0.0226371 0.198366 0.000634328 0.00252554 0.0251231 1.08692e-05 5.9168e-06 0.00100201 
0.05117 0.0149355 0.0547343 8.18841e-08 0.00326796 1.2612e-07 4.1353e-07 0.0533921 4.25084e-08 0.062339 1.37434e-07 0.755305 0.00456473 5.50945e-07 0.000289964 
1.27712e-06 0.247099 0.207152 0.0252867 0.0153163 1.27691e-06 0.00561579 0.0750997 0.0701176 0.0993653 0.00970549 0.0168579 0.0105964 1.27561e-06 0.217784 
0.000430062 0.000893977 8.27707e-05 1.73907e-05 3.81072e-06 1.93251e-06 0.998311 2.60644e-05 7.62775e-05 4.92557e-06 0.000133024 1.07555e-05 1.44576e-10 1.58661e-06 6.51105e-06 
0.00211288 0.196351 0.0315308 0.000488028 0.000602685 1.48936e-07 4.88342e-07 0.0602694 5.47519e-05 0.00247409 1.62297e-07 0.000138989 0.000208574 8.60371e-05 0.705682 
0.0432725 0.174669 0.0727175 0.000153292 0.0051372 0.000799319 0.000981158 0.0103015 0.0808881 0.0216548 0.57928 0.00339925 0.00108164 1.28023e-06 0.00566342 
0.0132655 0.110122 0.0166742 0.00566179 0.00143295 0.00118789 1.1841e-06 0.554986 0.036299 0.116012 8.29838e-05 0.0104277 0.0710209 0.0489937 0.0138328 
0.0015471 0.370694 0.0426312 0.00787693 6.31381e-06 6.84401e-07 1.07424e-09 0.450923 0.0256188 0.050708 0.000970668 0.028423 1.17153e-06 1.02992e-05 0.0205894 
0.259209 1.48237e-07 0.0187186 0.00014868 3.75875e-08 7.44919e-08 2.00549e-06 0.517391 0.000135458 0.10149 6.35023e-06 0.0751222 0.0249778 6.74267e-11 0.00279815 
0.00101605 0.709894 0.0182131 0.0268745 0.00233439 0.000985808 0.0117429 0.162121 0.00808482 0.03548 0.00337644 0.000143759 0.0156349 7.61518e-06 0.00409083 
0.0096763 0.0430793 0.202305 0.000100767 0.000178784 7.9691e-05 9.0057e-05 0.0633489 0.44772 0.126652 2.99551e-08 0.00379299 0.00021349 4.34282e-10 0.102762 
6.92763e-07 0.998787 4.12716e-07 9.15448e-11 6.08258e-07 1.41e-10 4.62319e-10 8.63561e-07 6.46366e-07 1.26102e-07 0.00085845 8.44747e-07 8.50055e-08 6.15946e-10 0.000350065 
0.02937 0.00729259 0.187611 0.00922469 0.00512731 0.00335642 1.60491e-05 0.0503524 0.20014 0.456144 0.0163506 0.0246787 0.00377638 0.000229906 0.00632958 
0.0369326 0.0500107 0.193558 0.0104136 0.000310047 1.3747e-12 4.20839e-06 0.108926 0.104411 0.34735 1.13536e-05 0.00119684 0.00823378 6.00527e-12 0.138642 
6.36026e-09 0.0230987 0.00630713 9.35333e-07 3.94188e-08 1.46293e-08 4.79676e-08 9.50915e-07 4.93078e-09 0.0140648 1.59417e-08 0.000122314 0.956405 6.39071e-08 2.7439e-08 
0.0241466 0.000466919 0.482943 0.000765389 5.26745e-08 2.62984e-06 4.32274e-06 0.00671167 0.0182935 0.0695833 1.34837e-05 0.385816 0.00512652 0.00194268 0.00418477 
0.079353 0.0192255 0.0471761 0.00258594 0.00617879 0.000664943 0.000234818 0.391758 0.019124 0.23313 0.0133638 0.0471872 0.0988051 4.70819e-05 0.0411662 
0.00240003 1.71302e-05 0.0602635 0.000138981 4.24808e-08 1.57657e-08 4.32087e-07 0.323213 0.401018 0.133249 2.07075e-05 0.0661358 0.0131872 6.88714e-08 0.000356593 
0.000258828 0.402706 0.143318 6.82414e-07 1.51775e-06 1.4157e-06 4.98474e-06 0.028972 0.015093 0.079748 0.000248933 0.0337284 2.3301e-06 0.000570921 0.295345 
0.00575953 0.0841116 0.680961 0.00517645 0.000376601 0.000285885 0.00156617 0.0910226 0.0863577 0.0116701 0.000145935 0.00625819 5.36314e-06 0.017198 0.00910516 
7.77078e-06 0.146373 0.00106712 1.14689e-05 0.00623446 2.69756e-06 2.84345e-05 0.773045 0.00322562 0.0547972 3.83161e-05 0.000287351 0.00110844 0.0135528 0.000221043 
0.000430062 0.000893977 8.27707e-05 1.73907e-05 3.81072e-06 1.93251e-06 0.998311 2.60644e-05 7.62775e-05 4.92557e-06 0.000133024 1.07555e-05 1.44576e-10 1.58661e-06 6.51105e-06 
0.0172724 0.124542 0.213783 2.61647e-06 2.61485e-06 2.6162e-06 0.00235556 0.0261702 0.145492 0.200445 0.00157229 2.61642e-06 0.00654112 2.61354e-06 0.261814 
0.000430062 0.000893977 8.27707e-05 1.73907e-05 3.81072e-06 1.93251e-06 0.998311 2.60644e-05 7.62775e-05 4.92557e-06 0.000133024 1.07555e-05 1.44576e-10 1.58661e-06 6.51105e-06 
0.0132812 0.00145893 0.527165 0.00023939 5.13989e-05 3.44088e-08 1.43673e-07 0.000241222 0.352973 0.0342376 7.66358e-06 0.0702339 6.16978e-06 1.59512e-08 0.000104973 
0.000430062 0.000893977 8.27707e-05 1.73907e-05 3.81072e-06 1.93251e-06 0.998311 2.60644e-05 7.62775e-05 4.92557e-06 0.000133024 1.07555e-05 1.44576e-10 1.58661e-06 6.51105e-06 
0.0103058 0.314988 0.110716 0.00749302 0.190888 0.000835216 5.60131e-09 0.148384 0.0255704 0.114957 7.31305e-05 0.00173757 0.00174929 0.0660786 0.00622395 
0.00564597 0.062495 0.151911 0.0771729 0.00196435 2.51778e-05 0.000470625 0.0691475 0.00156707 0.0667059 1.80709e-05 0.000572207 0.0378918 9.92333e-09 0.524412 
6.98723e-08 0.00246631 0.11645 0.249121 0.00137562 6.98605e-08 0.000733099 0.115106 0.10122 0.189738 0.00065674 0.20276 0.00277968 6.97894e-08 0.0175932 
0.0186444 0.0175281 0.00296628 0.000125158 0.000210777 3.64031e-07 2.78565e-05 0.0353843 0.549049 0.191183 0.000236532 0.0677663 0.116877 5.0854e-11 1.00008e-06 
0.0139042 0.00605943 0.745948 0.0090034 0.00292284 0.000463125 3.03937e-05 0.0211223 0.0388241 0.0263076 4.30401e-06 0.0322069 0.00218735 0.0949464 0.00606946 
0.0352822 0.0786901 0.0199739 0.0161597 9.63839e-06 1.25393e-10 8.10241e-05 0.313925 0.244906 0.22482 0.000433793 0.0626231 0.00012392 5.4777e-10 0.00297228 
0.200703 0.360549 0.0551472 0.000542076 0.065552 2.79604e-10 4.41826e-07 0.0495462 0.0852986 0.0119228 9.08242e-08 0.0261207 0.00908197 0.00362296 0.131913 
0.00775418 5.83676e-05 0.690922 5.10422e-06 3.4317e-08 8.86156e-09 4.24401e-07 0.00383908 0.254937 0.0369838 7.26717e-06 0.00546693 1.55073e-05 3.14793e-12 1.0905e-05 
0.00162988 0.000116707 0.722286 1.02028e-05 2.49648e-08 2.67596e-13 9.66163e-10 0.000378446 0.271454 0.00336827 1.45253e-05 0.000736537 8.04896e-09 1.16897e-12 5.23807e-06 
0.00578346 0.0834855 0.0273842 0.0237673 9.2711e-05 6.97885e-05 5.41666e-05 0.0659264 0.137937 0.0409303 0.000212852 0.196218 0.015954 0.00311253 0.399072 
0.0298287 0.377612 0.0243557 5.22543e-06 0.000626577 7.15858e-08 3.96917e-11 0.430708 0.0454509 0.0903833 8.15461e-05 0.000206478 0.000740418 5.28811e-11 1.02364e-06 
0.00577388 0.184983 0.0106532 0.00414393 0.0705754 5.23564e-05 0.209198 0.087856 0.212481 0.0525942 0.000162516 0.00214409 0.0140841 0.135382 0.00991635 
0.00843366 0.788799 0.00814521 7.892e-05 0.000961162 7.69273e-05 0.0485642 0.0385999 0.0551973 0.0202559 0.0015 0.00249377 0.0110398 2.2821e-06 0.0158516 
0.000485431 0.00073722 7.95148e-07 1.93919e-05 5.12452e-06 1.90184e-06 0.000128498 4.05588e-05 0.000881734 1.16712e-05 6.59243e-05 3.36462e-05 9.71649e-05 0.997487 3.56713e-06 
0.000430062 0.000893977 8.27707e-05 1.73907e-05 3.81072e-06 1.93251e-06 0.998311 2.60644e-05 7.62775e-05 4.92557e-06 0.000133024 1.07555e-05 1.44576e-10 1.58661e-06 6.51105e-06 
0.00173616 0.51165 0.312756 0.000360035 0.000906655 4.05577e-05 7.30548e-06 0.0329402 0.0232912 0.0364543 0.000272584 0.0412771 0.00224251 0.000125771 0.0359394 
0.00223756 0.00670753 0.0769537 5.02409e-05 1.79701e-06 1.59744e-09 5.2378e-09 0.00665426 0.0804505 0.543464 4.25602e-07 0.000479178 0.269058 2.53501e-06 0.0139402 
0.0270266 0.0879296 0.582407 0.00166147 0.0123005 0.000300754 4.76843e-05 0.0442788 0.0854459 0.0147783 0.000702147 0.0857935 0.000921934 4.72784e-05 0.0563584 
0.0200094 0.0153322 0.680757 1.02127e-05 6.34458e-05 3.41091e-07 3.72687e-08 0.0694154 0.0477398 0.0671995 2.91515e-05 0.0329747 0.0028121 7.14532e-10 0.0636565 
0.0423386 0.00479655 0.169695 0.00111362 3.55957e-05 8.99053e-05 0.000179485 0.079156 0.0113855 0.311828 8.45329e-05 0.0732071 0.30554 0.000230709 0.000319008 
0.0278596 0.0630995 0.0718769 3.86384e-05 0.704332 9.60349e-05 0.000101509 0.0274301 0.040151 0.033116 0.00217221 0.0164943 0.00109704 5.01325e-06 0.0121296 
0.0110461 0.798272 0.0840177 0.000260688 1.98144e-05 7.31802e-05 0.0105092 0.00318188 0.0737118 0.00147425 0.00809428 0.000101815 0.00168543 6.19822e-09 0.00755199 
0.000605818 0.000108464 0.000808175 3.80767e-09 1.58024e-08 5.86467e-09 1.92295e-08 0.000290217 0.00014331 0.000221483 6.39079e-09 0.000120456 0.000388818 2.56194e-08 0.997313 
0.00402009 0.955816 0.00373044 0.000132687 9.33365e-06 4.15338e-06 8.3667e-06 0.0128449 0.0049639 0.00513377 0.000661938 2.68967e-05 0.000452136 8.56108e-06 0.0121872 
0.215289 0.265018 0.0636438 5.08122e-05 5.48597e-10 2.03598e-10 6.67572e-10 0.191891 0.0909129 0.0397656 3.2591e-06 0.00258151 1.92181e-06 0.130841 7.4892e-07 
0.00179993 0.020369 0.0100378 0.0066256 5.98883e-06 9.5494e-09 5.21442e-06 0.298068 3.2186e-09 8.25239e-06 0.000270581 0.458413 5.21289e-06 0.00144131 0.20295 
0.402273 0.174124 0.00558765 0.00436001 0.00656259 0.000886601 0.243919 0.0148592 0.0761424 0.00133434 0.00115187 0.0334761 1.26363e-05 6.81679e-08 0.0353102 
0.0932626 0.446533 0.0166473 0.00315451 0.000587822 0.000833453 0.0028294 0.125951 0.112877 0.117628 0.000109805 0.0167107 0.003823 0.00106095 0.0579917 
0.0307575 0.0187934 0.244846 0.00307502 0.00281903 0.000566093 0.0012421 0.0141653 0.03946 0.0179339 6.23933e-06 0.0126917 0.000194084 0.612833 0.000616468 
0.0411508 0.0028789 0.830053 2.86872e-08 4.51475e-06 3.15599e-10 1.03481e-09 0.00236889 0.00717804 0.0323787 0.000193787 0.0649572 0.000203243 1.37867e-09 0.0186324 
0.0495835 0.00477316 0.00677312 0.000143172 0.000237851 3.29829e-05 0.000244356 0.00693772 0.734674 0.00431949 2.02924e-05 0.00623973 0.000171255 3.17051e-08 0.18585 
0.000430062 0.000893977 8.27707e-05 1.73907e-05 3.81072e-06 1.93251e-06 0.998311 2.60644e-05 7.62775e-05 4.92557e-06 0.000133024 1.07555e-05 1.44576e-10 1.58661e-06 6.51105e-06 
0.0872604 0.0176401 0.608332 0.000977554 0.000787549 9.54443e-05 7.11091e-05 0.0048763 0.154357 0.0433885 0.00602059 0.0301923 0.0328486 3.16911e-05 0.013121 
0.00592128 0.172319 0.06096 0.0174101 0.0049349 0.000289984 0.016452 0.586134 0.00544364 0.0674562 0.00121401 0.0188578 0.00788755 1.11455e-05 0.0347086 
0.00369478 0.716383 0.0075588 0.000210185 0.00106248 8.17657e-06 6.91417e-07 0.150638 0.0370782 0.0438609 0.000308192 0.0175287 0.000370726 0.00012124 0.0211765 
0.045185 0.00481363 0.0189847 0.00139352 1.39823e-06 1.37671e-06 1.46962e-06 0.583424 0.139633 0.151477 0.000154182 0.012094 3.99767e-07 1.01019e-10 0.0428367 
0.000430062 0.000893977 8.27707e-05 1.73907e-05 3.81072e-06 1.93251e-06 0.998311 2.60644e-05 7.62775e-05 4.92557e-06 0.000133024 1.07555e-05 1.44576e-10 1.58661e-06 6.51105e-06 
0.00497749 0.00558976 0.675916 5.38981e-06 0.000393427 4.08435e-12 1.2953e-08 0.00170762 0.270914 0.037701 1.2563e-05 0.00234174 0.000435163 1.78422e-11 5.29211e-06 
1.7921e-08 0.787354 0.000499803 2.67626e-08 0.000211141 4.12204e-08 1.35156e-07 0.000363199 7.78159e-05 0.000571861 4.49183e-08 0.00516492 0.000528472 0.202252 0.00297664 
0.0105681 0.0518432 0.780959 5.83233e-05 1.01297e-05 2.54146e-06 1.92588e-05 0.00144779 0.132939 0.00336525 0.0178714 0.000743976 4.46309e-05 2.21402e-10 0.00012732 
0.0049934 0.0771711 0.774737 2.91271e-06 2.34017e-06 4.7881e-10 0.000120212 0.00358306 0.137878 0.00105572 0.000137468 0.000315065 6.31701e-07 2.09165e-09 3.0009e-06 
0.0356546 0.18336 0.134332 0.0200522 0.00060498 0.0100504 8.97987e-06 0.354068 0.0225234 0.11894 0.0428767 0.0199257 0.0213959 0.0187172 0.0174895 
0.832673 0.0501518 0.000112539 2.41508e-07 1.47922e-06 1.3285e-06 7.03783e-07 0.00801102 0.1033 0.00513613 1.97501e-05 0.000567649 1.88288e-05 3.85293e-06 2.24694e-06 
0.441043 0.000757089 0.0149301 9.4311e-10 6.54528e-05 1.61149e-07 0.0136465 0.00371672 3.69433e-07 0.00626847 6.10234e-06 0.513107 2.3799e-07 6.34558e-09 0.00645932 
0.000430062 0.000893977 8.27707e-05 1.73907e-05 3.81072e-06 1.93251e-06 0.998311 2.60644e-05 7.62775e-05 4.92557e-06 0.000133024 1.07555e-05 1.44576e-10 1.58661e-06 6.51105e-06 
0.0171976 0.0278419 0.101619 0.00243261 0.000175288 4.28959e-05 2.1748e-07 0.0108282 0.399687 0.232946 3.24567e-05 0.039571 0.167399 5.06196e-05 0.000176985 
0.00365549 0.000777983 0.010311 0.0432713 9.27342e-05 2.5888e-06 3.93837e-05 0.0167218 0.0454447 0.86953 7.62978e-06 0.0066536 0.000485975 1.1309e-05 0.0029941 
0.849175 5.18282e-07 0.000221433 5.0446e-07 4.03631e-07 2.34023e-11 2.22603e-07 0.01645 5.77456e-06 0.130566 2.29771e-08 0.00357934 7.07826e-07 1.02231e-10 4.38938e-11 
7.98352e-05 0.20551 0.284288 8.65885e-05 3.30274e-06 1.22573e-06 4.01901e-06 0.238136 0.00243292 0.068262 1.33569e-06 0.0717388 0.12024 2.70859e-05 0.00918988 
0.000430062 0.000893977 8.27707e-05 1.73907e-05 3.81072e-06 1.93251e-06 0.998311 2.60644e-05 7.62775e-05 4.92557e-06 0.000133024 1.07555e-05 1.44576e-10 1.58661e-06 6.51105e-06 
0.000430062 0.000893977 8.27707e-05 1.73907e-05 3.81072e-06 1.93251e-06 0.998311 2.60644e-05 7.62775e-05 4.92557e-06 0.000133024 1.07555e-05 1.44576e-10 1.58661e-06 6.51105e-06 
0.000430062 0.000893977 8.27707e-05 1.73907e-05 3.81072e-06 1.93251e-06 0.998311 2.60644e-05 7.62775e-05 4.92557e-06 0.000133024 1.07555e-05 1.44576e-10 1.58661e-06 6.51105e-06 
0.00571397 0.0237257 0.227155 0.00983069 0.00405711 0.000192464 1.85303e-05 0.0145718 0.669417 0.0380863 0.000330206 0.00354681 0.000455276 3.15603e-05 0.00286814 
0.000430062 0.000893977 8.27707e-05 1.73907e-05 3.81072e-06 1.93251e-06 0.998311 2.60644e-05 7.62775e-05 4.92557e-06 0.000133024 1.07555e-05 1.44576e-10 1.58661e-06 6.51105e-06 
0.000430062 0.000893977 8.27707e-05 1.73907e-05 3.81072e-06 1.93251e-06 0.998311 2.60644e-05 7.62775e-05 4.92557e-06 0.000133024 1.07555e-05 1.44576e-10 1.58661e-06 6.51105e-06 
0.014505 0.00251909 0.00132998 0.00239507 1.6191e-06 9.77255e-08 9.20774e-10 0.931526 0.00568787 0.00566877 9.37211e-06 0.0358479 0.000361305 0.000122308 2.61298e-05 
0.0269844 0.204238 0.00911374 0.00322111 0.0132305 1.56947e-06 8.99849e-07 0.683399 0.00739338 0.0208209 4.57317e-05 0.0036281 0.00261543 7.21628e-07 0.0253059 
0.000946578 0.269858 0.128854 7.33452e-08 0.000695074 7.8993e-12 1.81565e-08 0.0385106 0.0932767 0.0555876 3.27188e-08 0.000753755 0.0102707 3.45075e-11 0.401247 
0.00223259 0.000350088 0.709858 1.60663e-05 2.12306e-08 1.47272e-13 8.21391e-10 0.000457146 0.278869 0.00631567 1.07074e-05 0.00187478 8.25955e-09 6.43348e-13 1.57049e-05 
0.0851485 0.0170475 0.25086 0.0131006 0.00228917 0.00151807 1.33993e-06 0.0854499 0.0469165 0.100676 0.000371784 0.355968 0.012613 0.00731116 0.0207287 
0.0983767 0.443088 0.0100241 0.00199019 0.0831582 0.000120131 0.111879 0.0082712 0.221801 0.00523947 0.00121702 0.00728351 5.32313e-05 9.58145e-05 0.00740308 
0.144708 0.12109 0.00869104 5.42726e-05 0.000600864 1.10351e-07 4.29162e-05 0.0398384 0.360325 0.317516 1.52077e-07 0.00702048 1.48068e-07 3.91341e-10 0.000112619 
0.0207828 0.270293 0.00630647 0.0383373 0.0159311 0.000414105 3.28151e-07 0.0266468 0.385268 0.131788 0.00233231 0.00602223 0.0499401 7.31027e-07 0.0459375 
0.083909 0.0620208 0.135718 0.00302391 0.00392633 1.06368e-05 8.57734e-07 0.0779277 0.0565121 0.0583412 5.05028e-07 0.0508704 0.0460438 1.10725e-05 0.421684 
0.000430062 0.000893977 8.27707e-05 1.73907e-05 3.81072e-06 1.93251e-06 0.998311 2.60644e-05 7.62775e-05 4.92557e-06 0.000133024 1.07555e-05 1.44576e-10 1.58661e-06 6.51105e-06 
0.0310734 0.0112891 0.00130429 0.000208558 8.09932e-08 1.22392e-11 7.29575e-06 0.00681836 0.641317 0.220345 1.53071e-05 0.0797298 0.00789018 5.34659e-11 1.36156e-06 
0.123943 0.037596 0.187615 1.88922e-06 0.0925167 1.88903e-06 0.00547628 0.225033 0.285113 1.88942e-06 1.88897e-06 0.0357075 0.00510072 1.8871e-06 0.00189041 
0.0302836 0.0110131 0.01232 2.1501e-06 0.00187105 8.22325e-06 0.00126141 0.26984 0.589414 0.082734 1.985e-06 2.0682e-05 0.00116771 3.23065e-05 3.02772e-05 
7.17766e-06 0.472077 0.0145569 3.52466e-06 0.00657661 1.17348e-06 3.74139e-06 0.0668294 0.039124 0.0609334 8.25495e-07 0.0114026 0.0245767 6.11697e-08 0.303907 
0.127861 0.311569 0.136395 7.15207e-06 5.00739e-07 2.23001e-07 5.53891e-11 0.0791126 0.0312505 0.246057 2.35643e-07 0.0611604 1.2147e-06 4.576e-07 0.00658433 
5.07897e-05 0.193775 0.000117929 3.24121e-09 5.65096e-05 4.99218e-09 1.63687e-08 0.36219 6.3604e-05 0.348365 5.44003e-09 1.99404e-05 0.0952715 2.1808e-08 8.98981e-05 
7.84722e-06 0.584512 0.275462 0.000125991 8.34775e-06 6.11481e-07 3.15478e-06 2.35926e-06 5.94637e-05 0.106824 6.66338e-07 0.00119821 0.0296799 2.67121e-06 0.00211234 
0.0184706 0.000495963 0.534058 0.0218133 1.85587e-05 0.000193797 1.60698e-05 0.0112741 0.22647 0.148624 0.000219124 0.0332261 0.000920706 0.000785873 0.00341388 
0.000430062 0.000893977 8.27707e-05 1.73907e-05 3.81072e-06 1.93251e-06 0.998311 2.60644e-05 7.62775e-05 4.92557e-06 0.000133024 1.07555e-05 1.44576e-10 1.58661e-06 6.51105e-06 
0.0161877 0.0183436 0.0454399 0.00131122 2.91004e-07 3.6824e-11 1.91811e-07 0.846009 0.00127188 0.0635222 4.01275e-11 0.000718511 0.00706968 3.90843e-07 0.000125606 
0.000430062 0.000893977 8.27707e-05 1.73907e-05 3.81072e-06 1.93251e-06 0.998311 2.60644e-05 7.62775e-05 4.92557e-06 0.000133024 1.07555e-05 1.44576e-10 1.58661e-06 6.51105e-06 
0.0186444 0.0175281 0.00296628 0.000125158 0.000210777 3.64031e-07 2.78565e-05 0.0353843 0.549049 0.191183 0.000236532 0.0677663 0.116877 5.0854e-11 1.00008e-06 
0.160286 0.175618 0.131475 2.43054e-09 0.0898238 8.05084e-07 1.072e-06 0.0254552 0.0483331 0.249416 1.42621e-05 0.0046171 0.0008773 1.63535e-08 0.114081 
0.000899107 0.000345144 0.641868 0.00393543 1.31765e-05 5.88669e-05 0.000111319 0.067454 0.0957738 0.0550163 0.0102213 0.12202 0.00161611 1.40881e-07 0.000667092 
0.0419639 0.210042 0.559108 0.000618164 0.0103277 0.000184985 1.1635e-06 0.0187984 0.0204149 0.0790236 0.000406657 0.0256862 0.0024004 0.0243443 0.00667966 
0.0650152 0.0283421 0.279445 0.00867252 0.00824706 0.00692387 0.000216177 0.0439762 0.397871 0.0728817 0.00816651 0.0507553 0.0179776 0.00032738 0.0111818 
0.00894041 0.492315 0.152834 0.00841383 0.000200724 1.47297e-07 2.60479e-05 0.0487367 0.00722173 0.0410369 6.37388e-05 0.194755 0.0311145 0.000386748 0.013955 
0.0182073 0.00414788 0.152771 0.00249211 0.000225389 6.05345e-07 6.357e-07 0.129327 0.153292 0.502701 0.00405767 0.0320133 0.00042271 8.75046e-10 0.000342003 
0.0373642 0.0706456 0.356454 0.00713219 0.000266316 1.72936e-07 1.78655e-05 0.0186398 0.100064 0.391458 2.30377e-05 0.0168633 0.000380496 9.08767e-08 0.000691146 
0.0049934 0.0771711 0.774737 2.91271e-06 2.34017e-06 4.7881e-10 0.000120212 0.00358306 0.137878 0.00105572 0.000137468 0.000315065 6.31701e-07 2.09165e-09 3.0009e-06 
0.00468773 0.34505 0.266552 0.0112285 0.000107307 2.15236e-07 3.66829e-05 0.0326717 0.226652 0.102174 0.000251154 0.000518704 0.00626714 4.3564e-11 0.00380314 
0.0544651 0.171666 0.0993082 0.00012334 1.65148e-07 1.86713e-05 2.41399e-10 0.00807633 0.0308761 0.544359 0.000619529 0.0450844 0.00690659 0.0339997 0.00449685 
0.00508821 0.0182525 0.118573 0.0266874 7.3447e-05 5.35255e-06 6.99609e-06 0.0188389 0.0348767 0.729919 1.63554e-06 0.0254086 0.000162863 5.77732e-06 0.0220995 
1.18346e-07 0.950977 2.53147e-06 9.71487e-06 7.33466e-07 2.72208e-07 8.92534e-07 0.0426999 1.4753e-05 0.00361528 5.0652e-06 1.67475e-05 1.77617e-05 1.18912e-06 0.00263804 
0.0464809 0.00518437 0.021145 1.8762e-11 7.7865e-11 2.88977e-11 9.47518e-11 0.00229327 0.68747 0.0241018 3.14901e-11 0.212986 0.000338908 2.52601e-07 5.4201e-11 
0.00215682 0.0592278 0.0761006 0.001117 0.00112878 0.000138298 1.3157e-10 0.134439 0.0295041 0.540647 5.55694e-06 0.133337 0.00711213 0.0009637 0.0141222 
0.0311386 0.188318 0.108088 2.60348e-05 0.00128758 6.32222e-05 0.460543 0.00352321 0.00804612 0.0368063 1.76242e-05 0.00198712 0.0148798 0.140227 0.00504738 
3.56464e-07 0.954856 1.77366e-07 1.83499e-10 7.61545e-10 2.82629e-10 9.26704e-10 0.0150769 4.28762e-07 1.70786e-06 4.00687e-07 1.59249e-06 0.00142862 1.23464e-09 0.0286336 
0.303923 0.271791 1.68438e-06 0.0900011 0.000180139 7.57346e-07 1.22481e-05 0.00682915 0.17353 0.103401 9.68184e-05 0.0174193 0.00126371 3.88889e-09 0.031551 
0.00206984 0.543003 0.0396396 1.38175e-05 0.142085 0.000286355 0.000301852 0.0244113 0.0928261 0.0138064 0.000387585 0.0151043 0.00145226 2.91371e-07 0.124613 
0.00952886 0.123422 0.0857178 0.00050727 2.72947e-07 1.25123e-06 1.00576e-05 0.0330714 0.000833037 0.0276475 4.07283e-05 0.000240399 0.00456835 5.47702e-10 0.714411 
0.0202492 0.00283681 1.33068e-05 0.00114763 1.18484e-06 4.39726e-07 1.4418e-06 0.0173948 0.000134215 0.0053165 4.79174e-07 0.355111 8.80735e-07 0.000635428 0.597157 
0.000430062 0.000893977 8.27707e-05 1.73907e-05 3.81072e-06 1.93251e-06 0.998311 2.60644e-05 7.62775e-05 4.92557e-06 0.000133024 1.07555e-05 1.44576e-10 1.58661e-06 6.51105e-06 
1.64942e-05 0.800714 2.09935e-05 7.24443e-10 3.00654e-09 1.1158e-09 3.65858e-09 0.0164052 0.0955742 2.51146e-06 1.58189e-06 0.0760514 2.23487e-09 4.87431e-09 0.0112135 
0.0689611 0.000541419 0.0193617 2.03468e-07 6.76088e-07 1.02501e-09 3.36089e-09 6.14368e-05 0.000464912 7.75919e-05 2.6912e-07 0.000237364 1.43863e-07 0.910066 0.000227371 
0.169734 0.229993 0.338478 9.77613e-05 0.0677758 5.18974e-09 0.0495812 0.0444014 0.097907 0.000989419 0.000172731 2.42261e-05 0.000167308 1.91576e-06 0.000676052 
0.00911496 0.0219109 0.758008 0.0467518 0.000794765 0.000517805 0.000142832 0.0681453 0.0282336 0.0270237 0.00335297 0.00362103 0.0176821 2.28075e-08 0.0147007 
0.00395018 0.222834 0.315109 9.80483e-09 0.000588034 7.3544e-07 6.51052e-06 0.113503 0.042737 0.0796661 0.000171518 0.000531082 0.0234124 5.15353e-12 0.197489 
0.00173616 0.51165 0.312756 0.000360035 0.000906655 4.05577e-05 7.30548e-06 0.0329402 0.0232912 0.0364543 0.000272584 0.0412771 0.00224251 0.000125771 0.0359394 
0.170618 0.149433 0.0673907 0.00567979 0.000203597 0.00379204 0.0590548 0.282894 0.146492 0.03624 0.000418806 0.0111947 0.0310495 0.0225565 0.0129827 
0.0099383 0.848519 0.0169211 0.000154427 0.00123507 2.72264e-06 4.62996e-05 0.0741698 0.00119319 0.0328352 0.000426241 0.00982078 8.68318e-05 5.42394e-06 0.00464539 
0.189928 0.263624 0.0398903 0.00472722 0.00784691 0.00323856 0.139116 0.0411054 0.228221 0.0224117 0.00241783 0.0290505 0.00407847 0.0010863 0.0232586 
0.00415808 0.295561 0.66285 1.9182e-06 3.41412e-06 1.53332e-09 5.02755e-09 0.0327028 5.16801e-10 0.0018233 1.19686e-06 0.00239838 2.51389e-05 6.69818e-09 0.000475009 
0.00188373 0.719235 0.147572 0.000233303 0.00224203 9.90697e-06 7.28653e-05 0.0503971 0.0147088 0.00883131 0.000492767 0.00379143 0.0444329 0.00110639 0.00499096 
0.0530645 0.00614882 0.460919 0.000272922 0.00272926 0.00257878 0.000131466 0.0088149 0.00563302 0.00759999 0.0233458 0.105185 0.312422 0.00512588 0.00602909 
0.00665282 0.0277855 0.00300356 1.44148e-05 0.000268182 3.57689e-06 0.888268 0.00941384 0.0231441 0.00869803 0.000187896 0.00937677 0.00174414 1.32728e-07 0.0214388 
0.00204875 0.0204656 0.839842 0.00219066 0.00579068 0.000403949 0.000227538 0.02823 0.0325941 0.0404998 6.51124e-05 0.0112429 0.00195139 0.00140042 0.0130471 
1.0011e-07 0.833138 0.022969 3.6245e-07 0.0062132 4.54992e-10 1.49186e-09 0.078597 0.0141783 0.0254414 0.00015338 0.0187055 5.66778e-07 2.51539e-06 0.000600495 
0.0720086 0.00265372 0.800389 0.000137897 1.29319e-07 0.00012511 8.37763e-06 0.00561441 0.0256771 0.039743 0.00227557 0.0429049 0.000257141 0.00793039 0.000274223 
0.00906194 0.296776 0.185319 2.76551e-05 0.0604924 0.000630919 1.6389e-09 0.0231925 0.0115973 0.144135 0.00169499 0.0258994 0.00104455 0.0210208 0.219109 
0.142617 0.655702 0.0378253 0.0164594 0.000575505 0.00021648 0.000979117 0.0159041 0.103428 0.0122828 0.000231964 0.0015372 0.0034639 0.000329043 0.00844734 
4.85085e-05 0.0599884 2.63772e-05 3.9607e-05 1.40479e-08 5.21354e-09 1.70945e-08 0.838757 1.75721e-09 0.100972 5.68125e-09 2.78888e-05 0.000139937 2.2775e-08 9.77861e-09 
0.0721906 0.0246104 0.398722 0.0194419 0.00108904 2.60555e-05 2.4693e-06 0.124549 0.0352257 0.217369 1.64097e-05 0.0313487 0.000787946 6.88185e-05 0.0745517 
0.000430062 0.000893977 8.27707e-05 1.73907e-05 3.81072e-06 1.93251e-06 0.998311 2.60644e-05 7.62775e-05 4.92557e-06 0.000133024 1.07555e-05 1.44576e-10 1.58661e-06 6.51105e-06 
3.29983e-05 0.0254399 1.00501e-07 0.0822613 0.000434011 2.06686e-12 6.77698e-12 0.868489 0.00230218 0.00292393 4.5068e-09 2.81544e-08 0.0181161 9.02894e-12 8.53247e-09 
0.0407115 0.248475 0.0273878 0.0113271 0.000188039 0.000131122 2.02057e-09 0.356758 0.0899011 0.0963246 7.65702e-05 0.0178006 0.000155156 0.104195 0.0065687 
0.0748178 0.11777 0.0588039 6.10505e-05 0.000219623 4.21432e-07 0.124048 0.0122576 0.0398264 0.0214392 0.000131903 0.0496596 2.04166e-05 0.106564 0.394381 
0.000430062 0.000893977 8.27707e-05 1.73907e-05 3.81072e-06 1.93251e-06 0.998311 2.60644e-05 7.62775e-05 4.92557e-06 0.000133024 1.07555e-05 1.44576e-10 1.58661e-06 6.51105e-06 
0.000838387 0.0110689 0.915726 8.62142e-06 3.32487e-05 4.0011e-08 9.02045e-06 0.00471186 0.0199202 0.00486587 1.76065e-06 0.00369967 0.0240929 5.61473e-09 0.0150236 
0.000430062 0.000893977 8.27707e-05 1.73907e-05 3.81072e-06 1.93251e-06 0.998311 2.60644e-05 7.62775e-05 4.92557e-06 0.000133024 1.07555e-05 1.44576e-10 1.58661e-06 6.51105e-06 
0.0293775 0.01715 0.231459 0.00505239 0.00476656 0.000551389 1.7966e-05 0.118573 0.0668294 0.455522 0.0347798 0.0139119 0.00714329 0.000478845 0.0143875 
0.186602 0.284887 0.0606663 0.0067131 8.78423e-06 0.000647517 0.0085991 0.157334 0.139084 0.0812939 0.000143049 0.0495162 0.00319977 0.0023032 0.0190021 
0.000430062 0.000893977 8.27707e-05 1.73907e-05 3.81072e-06 1.93251e-06 0.998311 2.60644e-05 7.62775e-05 4.92557e-06 0.000133024 1.07555e-05 1.44576e-10 1.58661e-06 6.51105e-06 
0.00566639 0.0149808 0.264634 1.45761e-08 3.90727e-08 6.55121e-09 7.91756e-05 0.0140586 0.618314 0.0628006 4.84359e-12 0.00646734 0.00051079 1.9417e-11 0.0124876 
0.00207013 0.0125005 0.0844977 0.00976453 0.000103798 7.96072e-05 3.85226e-07 0.0387242 0.057691 0.0368365 3.12164e-06 0.00234376 0.00108159 0.000223776 0.754079 
0.00391381 0.898668 0.0143602 4.07765e-05 1.46664e-07 5.35159e-09 8.42123e-08 0.0416037 0.0173469 0.00878204 0.000676572 0.00219145 0.000516444 1.32433e-07 0.0118999 
0.00727934 0.135784 0.114555 0.0435524 0.129883 2.61791e-07 2.37082e-06 0.199901 0.072862 0.101027 2.92197e-05 0.079654 0.0024187 1.48808e-07 0.113051 
0.000430062 0.000893977 8.27707e-05 1.73907e-05 3.81072e-06 1.93251e-06 0.998311 2.60644e-05 7.62775e-05 4.92557e-06 0.000133024 1.07555e-05 1.44576e-10 1.58661e-06 6.51105e-06 
0.12723 0.136313 0.0937614 0.000997624 3.96562e-05 2.05131e-05 3.67478e-05 0.623668 0.0143326 7.38491e-06 6.42676e-05 0.00247193 0.000558915 0.000142965 0.000354457 
