0.000353746 0.00158821 0.00819854 0.0280761 0.0452333 3.93051e-08 0.000116118 0.00937881 0.0324846 0.00492084 4.28312e-08 0.853002 0.00918723 1.71701e-07 0.00746066 
0.00222361 0.889703 0.0184791 2.61595e-06 6.97094e-05 1.21168e-06 0.00011786 0.00934337 0.000335192 0.0528689 3.57334e-05 0.0118794 0.0130785 1.71012e-05 0.00184451 
0.0112302 1.1143e-05 0.129821 8.31611e-08 1.30287e-07 2.31989e-10 7.60662e-10 2.91992e-07 0.856551 0.00234815 2.27261e-08 2.34401e-07 3.74841e-05 2.99026e-08 4.35123e-10 
0.00506906 0.572575 0.127543 0.000375452 0.0706501 2.99733e-06 3.94245e-05 0.0692288 0.0292891 0.0944474 0.000242517 0.0280772 0.000433458 1.83655e-05 0.00200811 
0.047684 0.922174 0.0230892 0.000240608 0.000308797 4.26328e-07 9.30708e-06 7.38854e-05 0.00183874 8.40221e-06 4.64574e-07 7.77195e-05 8.53901e-07 1.86238e-06 0.00449154 
0.055395 0.000222314 0.0402355 0.000356228 7.98099e-08 2.61894e-10 8.58715e-10 0.228213 0.000461115 0.289466 2.85388e-10 0.127737 0.257913 1.14406e-09 4.0351e-07 
0.000418354 0.0937789 0.0724627 0.0184807 0.000163954 5.91315e-06 3.35579e-05 0.00175609 0.49415 0.300733 2.25782e-05 0.0175762 6.27486e-05 1.17402e-05 0.000343215 
0.0700334 0.0915148 0.0218216 0.00802507 9.88423e-05 4.16056e-07 1.1693e-05 0.379539 0.161386 0.177236 1.06044e-05 0.049105 0.0322185 7.18441e-06 0.00899203 
0.0170332 0.0419826 0.0515127 1.69379e-06 0.00408705 9.68789e-08 5.75951e-06 0.103014 0.0630943 0.00459139 0.000631274 0.0342866 1.32845e-05 9.77582e-05 0.679649 
0.0655815 0.000629349 0.050757 0.0203114 1.56469e-10 5.80696e-11 1.90403e-10 0.241683 5.73484e-07 0.0748649 6.3279e-11 1.64654e-05 0.546149 2.84139e-06 3.36561e-06 
3.23835e-05 0.763322 0.00246796 0.0433325 2.34217e-08 8.69238e-09 2.83169e-06 4.13475e-05 0.145323 0.0351546 3.49766e-06 1.59857e-05 1.49773e-05 3.90769e-05 0.010249 
0.0139376 0.00557809 0.842096 0.00133746 0.00934925 1.70249e-11 5.34184e-05 0.0570109 0.00872154 0.0570884 0.000127792 7.71675e-05 0.004622 7.43722e-11 3.09331e-07 
0.000665781 0.0393164 0.67595 1.04102e-08 0.00170604 3.22986e-11 1.05903e-10 0.0378138 0.0626504 0.0218764 0.000527837 0.00304703 0.147244 0.00216177 0.00704015 
0.0434757 0.730592 0.00385013 0.000139861 3.16102e-05 5.5116e-07 0.000194921 0.0417374 0.0133211 0.0866538 6.00605e-07 0.00806961 0.00515557 7.43823e-05 0.0667028 
3.4232e-07 0.073286 0.00514529 0.000302672 2.5794e-05 7.12889e-11 2.33747e-10 0.00855179 1.4821e-06 6.11618e-05 7.76842e-11 4.93406e-09 8.76199e-07 8.15547e-07 0.912624 
0.000124742 0.000545322 0.994078 0.000731587 0.000413141 2.02982e-05 9.0582e-05 0.000533293 0.000168141 0.000281172 4.11609e-05 0.000183712 0.000499032 0.00188868 0.000400708 
0.180132 0.0253563 0.0525785 0.0117257 1.61813e-06 6.73674e-07 9.19777e-07 0.266326 0.14604 0.0617698 7.82746e-07 0.247693 0.00836878 1.01985e-06 6.09385e-06 
0.00446251 0.00246433 0.677069 0.000367489 1.04913e-08 3.89358e-09 1.27665e-08 0.00241899 3.36472e-05 0.0902906 4.24287e-09 0.195222 0.0276614 1.70088e-08 9.49154e-06 
0.106309 0.074455 0.202617 2.94655e-06 2.37278e-05 7.08925e-09 2.32447e-08 0.152999 2.66932e-05 0.00341595 7.72523e-09 0.447626 0.00936865 3.81715e-05 0.00311782 
0.00508965 0.536927 0.0951694 0.0225635 0.0504624 0.000134619 0.000287632 0.0742237 0.0485768 0.046374 0.000499263 0.0457775 0.000787977 0.0121047 0.0610222 
6.03209e-07 0.534258 0.0135596 1.95275e-06 0.00320529 1.95421e-07 9.2951e-06 0.0481958 0.00304302 0.0329489 2.65514e-07 8.76266e-05 0.000356829 0.252787 0.111546 
0.0635221 0.587277 0.100421 0.000373646 0.00274982 1.12639e-05 1.79975e-05 0.0326939 0.0689611 0.110909 1.9336e-05 0.0257009 2.50269e-05 0.000244828 0.00707269 
0.00107227 0.00978478 0.170748 1.18717e-06 9.61247e-07 6.73612e-10 5.52839e-06 0.0189535 0.0366623 0.729386 6.24719e-07 0.031277 0.00210489 5.03228e-07 2.14893e-06 
5.21306e-06 0.0353608 2.28887e-05 7.60395e-05 1.76068e-06 6.38891e-09 1.15173e-06 0.595607 0.163248 0.114227 3.434e-07 0.0609772 0.00637108 2.79095e-08 0.0241024 
0.00180711 0.00615554 0.0335535 0.000177265 8.77542e-06 2.53469e-07 0.000543974 0.00049268 0.000913934 0.00791059 6.30189e-05 5.26029e-06 0.00809715 0.00115392 0.939117 
0.0180518 0.757669 0.000251881 8.28125e-05 0.00445345 3.67071e-07 1.20358e-06 0.129789 0.0263557 0.0285628 4.00001e-07 0.0081859 0.0122197 1.60352e-06 0.0143737 
0.0137855 0.0404044 0.0670944 4.81037e-05 0.000294787 1.34508e-05 0.000169662 0.0838388 0.000840503 0.26976 4.2328e-05 0.0177351 0.0360414 0.41671 0.0532211 
0.0164276 0.670871 0.0831512 0.000261063 5.6486e-06 2.47483e-08 2.90404e-06 0.097039 0.00189692 0.0659654 3.53955e-05 0.00451936 0.00147924 0.000144351 0.0582013 
0.0294464 0.870598 9.47558e-06 0.000662305 1.01408e-10 3.7635e-11 0.000657069 0.0170413 0.0323729 0.00392355 0.000523603 0.00459148 0.00187398 0.0382968 3.63538e-06 
1.38696e-05 0.703667 1.13083e-05 0.00010401 6.14243e-06 9.90705e-10 3.24839e-09 2.51881e-06 1.53634e-06 0.296107 1.07958e-09 1.1093e-05 5.99277e-05 4.32782e-09 1.56105e-05 
0.0466756 0.0605542 0.0100437 0.000735124 4.17074e-08 1.54787e-08 5.07526e-08 0.758694 0.00464867 0.0537092 1.68673e-08 0.000320986 0.00632635 0.0503695 0.00792282 
5.69755e-06 9.05002e-06 0.931899 7.23429e-07 3.33747e-08 1.23862e-08 4.06128e-08 0.000182401 0.00406035 0.0292872 1.34974e-08 0.0309542 2.48086e-08 5.41082e-08 0.00360161 
0.666819 1.4462e-06 2.37555e-07 1.40763e-06 1.12628e-06 6.53013e-11 6.21146e-07 2.06755e-06 0.117643 0.215526 6.41147e-08 3.12019e-06 1.9751e-06 2.85264e-10 1.2248e-10 
0.00160291 0.0160654 0.0426748 4.24113e-05 6.38134e-05 2.41839e-07 7.92957e-07 0.00229228 0.000686242 0.00300576 2.22634e-06 0.00023537 5.38371e-06 1.05645e-06 0.933321 
0.00299691 0.00714688 0.704664 0.0107515 0.00143501 1.36423e-05 1.57932e-05 0.00520136 0.253613 0.00849354 0.000125822 0.00406234 0.000203274 4.86804e-05 0.00122904 
5.48599e-06 0.338426 1.69062e-05 5.33047e-06 2.05207e-06 1.52011e-09 4.98424e-09 0.594519 0.066967 1.79491e-05 1.65648e-09 1.96225e-05 3.04466e-09 6.64048e-09 2.08161e-05 
0.00812508 0.234374 0.0202343 1.09452e-05 1.26418e-10 4.6917e-11 1.53835e-10 0.531927 1.04817e-06 0.0963101 5.11259e-11 0.00504975 0.0517194 2.04953e-10 0.0522491 
0.010859 0.220246 0.00459616 0.027751 0.0195356 6.71947e-05 0.0194096 0.0967115 0.0254692 0.0136876 0.000426933 0.000162405 0.00952807 0.000198952 0.551351 
2.59454e-07 0.00595128 1.89188e-05 0.0517574 9.25079e-08 4.72993e-09 1.55088e-08 0.795744 1.36849e-06 0.0642918 1.18056e-07 0.0517073 0.0301756 2.06624e-08 0.000351695 
0.0294464 0.870598 9.47558e-06 0.000662305 1.01408e-10 3.7635e-11 0.000657069 0.0170413 0.0323729 0.00392355 0.000523603 0.00459148 0.00187398 0.0382968 3.63538e-06 
0.00172852 0.605421 0.142385 7.4468e-07 1.4375e-08 5.33493e-09 5.68829e-07 0.0908267 0.0100146 0.0157622 2.85485e-07 0.00136473 0.0648382 1.60837e-06 0.0676562 
0.166642 0.0772972 0.0547901 0.0106556 0.0128477 0.000581207 0.383611 0.178154 0.0877394 0.00288885 0.00472137 0.00306394 0.00355012 0.0125446 0.000912614 
0.00314124 0.588798 0.0797179 0.00458741 0.0192784 0.000204943 0.00034064 0.100813 0.0137524 0.0777605 0.000210721 0.0344001 0.000434667 0.059692 0.0168688 
0.017737 0.0210074 0.382356 4.78746e-08 5.2465e-07 1.89022e-11 6.82375e-08 0.00165158 0.471276 0.10597 2.05979e-11 9.36872e-07 2.27194e-07 8.25728e-11 1.17031e-07 
7.28662e-05 0.606934 0.0860778 2.08528e-06 9.34198e-05 5.32462e-08 1.74587e-07 0.0629321 0.00211211 0.0329518 5.80229e-08 2.07751e-05 0.165049 7.34622e-05 0.043681 
0.210661 0.231833 0.0653272 3.05534e-05 4.90103e-10 1.8189e-10 5.96393e-10 0.137927 0.0733688 0.02386 1.9885e-06 0.0015494 7.62793e-05 0.255364 6.20587e-07 
0.00226351 0.772548 0.0264593 0.00368772 0.00329658 0.000522917 0.00298625 0.0909518 0.0116348 0.0524349 0.00177879 0.00443546 0.000890797 0.000912493 0.0251964 
3.41958e-06 0.264321 0.139925 5.66485e-05 0.000607507 1.43789e-10 5.19084e-07 9.84493e-07 0.0107178 0.521568 1.25508e-07 0.0537134 0.00770769 6.28133e-10 0.00137832 
0.0393348 0.109442 0.00049248 0.000156039 1.90245e-06 7.06047e-07 2.31503e-06 0.00796441 8.82112e-05 0.735148 7.69386e-07 0.106454 1.41415e-06 3.08431e-06 0.000910501 
0.0121519 0.0942107 0.0131185 7.38678e-07 5.14889e-07 1.69425e-10 3.25211e-07 0.0993296 0.293898 0.354176 1.57383e-07 0.00244018 3.68088e-06 7.4012e-10 0.130669 
0.0016821 0.834593 0.0868077 4.46091e-06 2.11794e-07 7.86024e-08 2.57727e-07 0.0027053 0.0245113 0.0116306 7.79336e-05 0.0242176 0.00508223 7.05013e-05 0.00861682 
0.0112302 1.1143e-05 0.129821 8.31611e-08 1.30287e-07 2.31989e-10 7.60662e-10 2.91992e-07 0.856551 0.00234815 2.27261e-08 2.34401e-07 3.74841e-05 2.99026e-08 4.35123e-10 
0.0313338 0.0019022 0.0340696 0.000266578 1.20236e-06 1.26893e-10 1.22077e-06 0.178052 0.38963 0.289172 1.43454e-05 0.0713737 0.00113229 5.54323e-10 0.00305151 
0.00909174 0.721303 0.00374541 2.17498e-05 3.07839e-07 1.14247e-07 9.18275e-05 0.00718306 0.00150574 0.0105694 1.24496e-07 0.00147412 2.28827e-07 0.0540563 0.190957 
0.00172163 0.49483 0.142368 5.58681e-07 7.93534e-09 2.94501e-09 0.000163751 0.0598817 0.0100097 0.0440566 2.13286e-07 0.00136221 0.0431323 0.000289558 0.202184 
0.0132924 0.0405542 0.477712 0.012662 0.00361021 0.000133394 0.00571272 0.0165041 0.00670456 0.0447241 0.0144015 0.352968 0.00340064 0.00125414 0.00636548 
0.0119877 0.00685384 0.0320628 0.000182773 3.53392e-07 7.22791e-11 0.000100247 0.902076 0.00138653 0.0407906 7.87633e-11 0.000494869 0.00393092 6.89719e-05 6.44467e-05 
0.0240537 0.156666 0.0134319 1.63512e-05 1.18821e-07 8.99765e-12 2.00644e-07 0.578267 0.0556235 0.159781 9.80483e-12 0.00279459 0.00936597 3.93056e-11 3.25725e-07 
0.000474076 0.175907 0.00746472 3.42808e-07 5.3932e-09 2.00156e-09 6.56284e-09 0.0103989 3.81174e-06 0.0277473 1.72346e-07 0.0397451 0.738258 8.74365e-09 3.75415e-09 
0.0843372 0.00920684 0.41509 5.89912e-05 0.00114459 7.90491e-08 0.000486826 0.130934 0.0082453 0.0391985 0.12193 0.161203 0.0241029 0.000318532 0.00374354 
0.0929087 0.014915 0.220726 3.59677e-05 0.0107629 1.00042e-05 0.000213844 0.0340629 0.0196916 0.112161 8.30992e-05 0.0329703 0.0111248 0.359434 0.0908998 
0.655475 0.0170165 0.00104008 0.000229009 4.26475e-06 1.5713e-08 5.15207e-08 0.133355 0.0100089 0.084325 4.38918e-06 0.00220148 3.75618e-05 7.80721e-05 0.0962243 
0.029292 0.100372 0.14016 2.90993e-05 0.0096912 5.93448e-07 0.564861 0.0392859 0.0319701 0.0209251 0.000401374 0.00515837 0.000401423 0.00257712 0.0548759 
0.103074 1.06982e-06 4.04221e-07 3.65189e-07 0.0409555 8.81612e-10 2.53812e-07 0.597853 0.00505876 0.244534 9.60701e-10 0.00666619 0.00185549 3.85126e-09 1.70186e-07 
0.0161382 0.000759844 0.106547 0.00601463 9.11501e-11 3.38281e-11 2.39159e-08 0.446715 0.110046 0.245984 7.0437e-05 0.00786481 0.0578239 1.47776e-10 0.00203539 
0.0673743 0.0469156 9.51463e-05 0.00615722 0.000196104 2.3909e-07 7.83945e-07 0.231631 7.38655e-05 0.111805 0.000139962 0.0172899 4.78878e-07 1.04445e-06 0.518319 
2.89711e-06 0.734797 0.191166 2.59983e-06 4.11293e-08 1.52642e-08 0.0250979 1.34665e-05 0.000708424 0.00514611 9.93848e-07 1.11033e-05 0.00149113 5.60513e-06 0.0415571 
0.00237791 0.337871 0.0134266 0.0871552 1.58935e-05 8.97916e-07 1.12863e-06 0.372154 0.0880052 0.0905592 0.000216955 0.00191231 0.00209454 1.22012e-05 0.00419702 
0.047843 0.489287 0.378948 5.18474e-07 1.20182e-08 4.46028e-09 1.46247e-08 0.0236735 0.00914086 0.019766 4.86041e-09 0.0311373 5.95247e-06 1.94844e-08 0.000198513 
7.82003e-07 0.0234003 7.16889e-07 2.67926e-05 0.000136483 1.47433e-11 4.83414e-11 0.970061 0.00636974 2.51258e-06 1.60659e-11 2.0083e-07 1.6153e-06 6.4405e-11 2.76528e-11 
4.481e-06 0.157 0.119759 4.95324e-06 0.0768523 1.64994e-09 5.40994e-09 0.0910459 0.0140309 0.199138 1.79796e-09 8.56546e-06 3.3047e-09 6.03315e-06 0.34215 
2.89711e-06 0.734797 0.191166 2.59983e-06 4.11293e-08 1.52642e-08 0.0250979 1.34665e-05 0.000708424 0.00514611 9.93848e-07 1.11033e-05 0.00149113 5.60513e-06 0.0415571 
0.0382531 0.0139013 2.1911e-05 3.23139e-05 0.0115259 8.40598e-07 0.255838 0.000726253 0.0172119 8.57866e-06 3.52974e-06 0.661834 2.37289e-06 0.000195587 0.000445089 
0.0655815 0.000629349 0.050757 0.0203114 1.56469e-10 5.80696e-11 1.90403e-10 0.241683 5.73484e-07 0.0748649 6.3279e-11 1.64654e-05 0.546149 2.84139e-06 3.36561e-06 
0.000523666 0.573361 0.295269 0.001847 0.0103828 4.23103e-06 6.82664e-06 0.0204252 0.0053098 0.0486636 3.23036e-05 0.000194494 0.032286 3.42637e-05 0.0116602 
0.00574102 0.920308 0.00628761 0.0050687 6.76067e-06 2.50906e-06 8.22687e-06 0.000492076 0.0584258 0.000288754 4.41883e-05 0.000191692 0.000280651 1.09606e-05 0.00284309 
0.0222657 0.404018 0.000499987 0.000156526 1.93958e-05 1.91153e-05 0.000196513 0.0084621 0.00567609 0.254888 0.00258719 0.0131724 0.000355639 0.00511255 0.282571 
0.00294477 0.00045616 0.884973 5.21018e-06 0.00199679 7.94055e-07 5.47435e-05 0.00682702 0.101261 0.000522034 8.14604e-06 0.000866671 5.981e-05 3.46877e-06 2.09655e-05 
0.180948 0.153719 0.1198 0.0711313 0.000666508 3.03407e-06 0.00880501 0.225809 0.13634 0.00185745 9.21072e-05 0.0671523 4.98118e-06 1.19264e-05 0.0336599 
0.666819 1.4462e-06 2.37555e-07 1.40763e-06 1.12628e-06 6.53013e-11 6.21146e-07 2.06755e-06 0.117643 0.215526 6.41147e-08 3.12019e-06 1.9751e-06 2.85264e-10 1.2248e-10 
0.0689611 0.000541419 0.0193617 2.03468e-07 6.76088e-07 1.02501e-09 3.36089e-09 6.14368e-05 0.000464912 7.75919e-05 2.6912e-07 0.000237364 1.43863e-07 0.910066 0.000227371 
0.00126578 0.0138272 0.38171 0.000321163 0.000250807 6.2855e-09 2.91952e-07 0.0155922 0.000870947 0.0546885 7.73665e-06 0.00454867 0.423734 7.26524e-09 0.103182 
0.00577815 0.00268289 0.774084 0.0102559 0.000411007 1.42786e-07 1.23142e-05 0.106663 0.0373153 0.0228988 4.17377e-06 0.0351381 0.000372642 4.98471e-05 0.00433354 
0.000359075 0.0124976 0.976814 0.000321748 1.03503e-07 3.84128e-08 0.000239432 0.00167229 0.000168323 0.00148265 0.000121432 0.00137794 0.000546333 0.00068816 0.00371051 
0.0437577 0.322317 0.0199813 0.000507385 3.58865e-05 8.26383e-06 8.77214e-06 0.492682 0.00821455 0.0753931 1.66535e-05 0.0315682 0.00454059 0.000765328 0.000203617 
0.0310734 0.0112891 0.00130429 0.000208558 8.09932e-08 1.22392e-11 7.29575e-06 0.00681836 0.641317 0.220345 1.53071e-05 0.0797298 0.00789018 5.34659e-11 1.36156e-06 
5.47616e-07 0.578949 0.0452794 4.57823e-07 6.46457e-10 2.39917e-10 3.02188e-07 0.0233597 0.14276 5.93701e-06 1.93855e-07 0.0941632 1.19091e-07 1.04806e-09 0.115481 
0.00211288 0.196351 0.0315308 0.000488028 0.000602685 1.48936e-07 4.88342e-07 0.0602694 5.47519e-05 0.00247409 1.62297e-07 0.000138989 0.000208574 8.60371e-05 0.705682 
0.231465 0.235099 0.185273 0.0403446 0.00735361 0.00155128 0.00530226 0.108037 0.0887381 0.0419111 0.00912814 0.0304626 0.00787854 0.00298585 0.00447011 
0.0144328 0.120502 0.11357 5.84439e-06 7.12508e-05 3.57175e-08 4.65116e-06 0.0377757 0.0110219 0.0828585 2.17769e-06 0.617611 3.84892e-05 1.56029e-07 0.00210592 
0.0326874 0.41229 0.278273 6.44482e-05 3.76329e-08 1.39665e-08 4.57945e-08 0.00853258 0.102345 0.153796 2.27356e-05 0.00124559 0.00393223 6.10118e-08 0.00681064 
0.0107891 0.364216 0.0932941 0.00964416 0.00483668 1.06601e-07 5.03205e-06 0.205198 0.101866 0.141141 8.76877e-07 0.0610865 0.00144463 0.000116019 0.00636178 
0.0369326 0.0500107 0.193558 0.0104136 0.000310047 1.3747e-12 4.20839e-06 0.108926 0.104411 0.34735 1.13536e-05 0.00119684 0.00823378 6.00527e-12 0.138642 
0.215289 0.265018 0.0636438 5.08122e-05 5.48597e-10 2.03598e-10 6.67572e-10 0.191891 0.0909129 0.0397656 3.2591e-06 0.00258151 1.92181e-06 0.130841 7.4892e-07 
0.0772595 0.324904 0.0719738 0.00095265 0.0133195 1.05017e-05 0.000399272 0.048404 0.0464526 0.0328128 0.000195466 0.0516384 0.000171715 2.01994e-05 0.331485 
0.0998636 0.0803289 0.0263598 8.74845e-07 0.021499 7.61825e-09 2.49793e-08 0.226328 0.0162334 0.08667 8.30169e-09 0.00369275 0.103903 0.117768 0.217352 
0.000655582 0.444339 0.494555 0.00035247 8.78897e-12 3.26181e-12 3.86498e-05 0.0213999 0.000185825 0.0157627 2.99134e-05 0.0058856 0.000329427 0.000239642 0.0162267 
0.103344 0.00295047 0.0617421 0.00527704 0.0340066 7.03651e-10 0.000479273 0.106988 0.290028 0.382037 8.70796e-07 0.00690371 4.17612e-06 3.07385e-09 0.00623759 
0.00240003 1.71302e-05 0.0602635 0.000138981 4.24808e-08 1.57657e-08 4.32087e-07 0.323213 0.401018 0.133249 2.07075e-05 0.0661358 0.0131872 6.88714e-08 0.000356593 
0.0106917 0.0727601 0.0985062 0.00645797 1.15578e-05 5.70025e-07 1.41641e-05 0.731242 0.00312554 0.0355458 1.26148e-05 0.0293183 0.00360917 5.28171e-05 0.00865175 
0.00331923 0.656813 0.00933955 0.00406735 0.000125192 6.57526e-08 9.04683e-06 0.0841803 0.0112698 0.0523307 2.05369e-05 0.000718835 0.000853156 0.00101399 0.175939 
0.000671196 0.0549335 9.57816e-05 0.0257948 1.08881e-05 1.23269e-08 4.04184e-08 0.529519 0.000252903 0.383796 1.68075e-06 0.00491236 9.2997e-07 1.08274e-05 4.28562e-07 
7.77078e-06 0.146373 0.00106712 1.14689e-05 0.00623446 2.69756e-06 2.84345e-05 0.773045 0.00322562 0.0547972 3.83161e-05 0.000287351 0.00110844 0.0135528 0.000221043 
0.0179613 0.260203 0.0255663 0.560853 4.7816e-08 1.10842e-11 3.63435e-11 0.0896798 2.20421e-07 0.00891903 4.22869e-08 1.88137e-07 5.77439e-08 1.88888e-07 0.0368164 
0.0006476 0.36569 0.0757867 0.0256857 0.0188209 2.52981e-07 0.00010377 0.146432 0.236973 0.0451636 2.74045e-05 0.00438268 0.00985972 0.000210585 0.0702163 
0.0192059 0.124047 0.0214858 0.027114 0.00019337 7.40581e-09 8.04587e-05 0.411572 0.0360514 0.324765 9.26603e-07 0.0233981 0.00439237 5.16101e-05 0.00764178 
0.627053 0.0486644 0.148823 0.000840288 0.000100307 6.7267e-07 0.000782232 0.048164 0.0120472 0.000743861 2.72936e-05 0.068543 0.043944 2.93851e-06 0.000263803 
0.00233595 0.947152 2.41895e-05 8.04735e-07 2.58876e-10 9.60756e-11 5.98852e-07 0.0267731 0.00101082 3.70832e-06 3.03719e-07 3.44642e-06 0.0226844 1.72118e-06 9.2805e-06 
0.00510734 0.0015922 0.00741708 0.0260932 0.0176105 1.85492e-08 0.000194221 0.699085 0.171707 0.0202229 4.35229e-06 0.00365957 0.0459527 8.10308e-08 0.00135409 
2.63843e-06 0.126595 4.59142e-05 8.12359e-07 1.2199e-06 2.66159e-10 8.72702e-10 0.738716 0.134611 3.77529e-07 1.59523e-05 7.2889e-06 5.33096e-10 1.1627e-09 4.34366e-06 
0.00626135 0.245043 0.478493 0.00509874 0.000624584 8.90207e-07 6.75511e-06 0.0528058 0.0235742 0.054103 4.06448e-05 0.00978749 0.0437506 0.00107968 0.0793303 
0.015276 0.14272 0.016822 1.04909e-07 0.000855624 3.84631e-11 1.89186e-06 0.156541 0.0494909 0.0312761 5.03383e-08 0.0179113 0.0248329 1.68023e-10 0.544272 
0.000513134 0.00102811 8.35432e-07 0.0838179 0.0444948 3.51846e-11 1.41451e-05 0.25117 0.567575 0.00627945 2.86673e-08 0.0111418 0.0304624 1.53702e-10 0.00350225 
0.0411508 0.0028789 0.830053 2.86872e-08 4.51475e-06 3.15599e-10 1.03481e-09 0.00236889 0.00717804 0.0323787 0.000193787 0.0649572 0.000203243 1.37867e-09 0.0186324 
0.0689611 0.000541419 0.0193617 2.03468e-07 6.76088e-07 1.02501e-09 3.36089e-09 6.14368e-05 0.000464912 7.75919e-05 2.6912e-07 0.000237364 1.43863e-07 0.910066 0.000227371 
0.0382531 0.0139013 2.1911e-05 3.23139e-05 0.0115259 8.40598e-07 0.255838 0.000726253 0.0172119 8.57866e-06 3.52974e-06 0.661834 2.37289e-06 0.000195587 0.000445089 
0.0352822 0.0786901 0.0199739 0.0161597 9.63839e-06 1.25393e-10 8.10241e-05 0.313925 0.244906 0.22482 0.000433793 0.0626231 0.00012392 5.4777e-10 0.00297228 
0.200703 0.360549 0.0551472 0.000542076 0.065552 2.79604e-10 4.41826e-07 0.0495462 0.0852986 0.0119228 9.08242e-08 0.0261207 0.00908197 0.00362296 0.131913 
0.0310734 0.0112891 0.00130429 0.000208558 8.09932e-08 1.22392e-11 7.29575e-06 0.00681836 0.641317 0.220345 1.53071e-05 0.0797298 0.00789018 5.34659e-11 1.36156e-06 
0.0199143 0.109368 0.71023 1.28442e-05 0.0348762 1.0645e-06 1.33459e-06 2.24487e-05 0.12296 0.00213748 0.000113576 8.10927e-05 4.32687e-06 3.86369e-05 0.000239014 
0.00162988 0.000116707 0.722286 1.02028e-05 2.49648e-08 2.67596e-13 9.66163e-10 0.000378446 0.271454 0.00336827 1.45253e-05 0.000736537 8.04896e-09 1.16897e-12 5.23807e-06 
0.12179 0.367154 0.0322744 7.11188e-07 0.00122329 2.98463e-11 1.46891e-07 0.0803865 0.174201 0.0644564 0.000318939 2.56909e-06 0.00391842 1.30382e-10 0.154274 
0.0020567 0.232381 0.00568815 0.0214828 0.0116949 4.58324e-08 1.25489e-06 0.487101 0.0276271 0.202847 1.71758e-06 0.00201784 0.00522619 1.29629e-05 0.00186179 
0.00223756 0.00670753 0.0769537 5.02409e-05 1.79701e-06 1.59744e-09 5.2378e-09 0.00665426 0.0804505 0.543464 4.25602e-07 0.000479178 0.269058 2.53501e-06 0.0139402 
0.00162988 0.000116707 0.722286 1.02028e-05 2.49648e-08 2.67596e-13 9.66163e-10 0.000378446 0.271454 0.00336827 1.45253e-05 0.000736537 8.04896e-09 1.16897e-12 5.23807e-06 
9.99869e-05 0.00348004 0.00269307 8.95929e-05 2.88212e-08 1.06963e-08 6.66714e-05 0.00046566 4.68707e-05 0.991264 3.38137e-05 0.000383697 0.00015213 0.000191623 0.00103322 
0.000128205 0.336551 0.333973 4.97536e-06 6.76159e-07 2.5094e-07 3.42404e-05 1.39906e-05 0.000114693 0.329013 2.73452e-07 8.76869e-06 5.02613e-07 1.09621e-06 0.000155136 
1.1836e-05 0.203782 0.0596577 1.37647e-05 0.0215444 8.55806e-08 4.18924e-05 5.41601e-05 2.64204e-05 0.0322926 1.7162e-05 0.0236778 1.0629e-05 3.73852e-07 0.658869 
0.124331 0.447656 0.065752 2.89143e-06 0.00151987 6.81015e-10 5.68786e-06 0.178082 0.0180952 0.102634 1.51908e-07 0.0594848 0.0018655 0.000489145 8.2199e-05 
0.000322205 0.0282503 0.00307042 0.00255466 0.0015173 2.25513e-05 2.39552e-05 0.609341 0.000790301 0.0103211 0.000145329 8.75571e-05 0.32942 0.00604423 0.0080891 
0.00402009 0.955816 0.00373044 0.000132687 9.33365e-06 4.15338e-06 8.3667e-06 0.0128449 0.0049639 0.00513377 0.000661938 2.68967e-05 0.000452136 8.56108e-06 0.0121872 
0.215289 0.265018 0.0636438 5.08122e-05 5.48597e-10 2.03598e-10 6.67572e-10 0.191891 0.0909129 0.0397656 3.2591e-06 0.00258151 1.92181e-06 0.130841 7.4892e-07 
0.0411508 0.0028789 0.830053 2.86872e-08 4.51475e-06 3.15599e-10 1.03481e-09 0.00236889 0.00717804 0.0323787 0.000193787 0.0649572 0.000203243 1.37867e-09 0.0186324 
0.112442 0.0415673 0.523689 0.130835 1.13887e-07 1.90257e-11 8.74588e-05 0.0794695 0.0200083 0.0589572 6.44827e-08 0.00168684 0.00213125 0.00023214 0.0288944 
0.0411508 0.0028789 0.830053 2.86872e-08 4.51475e-06 3.15599e-10 1.03481e-09 0.00236889 0.00717804 0.0323787 0.000193787 0.0649572 0.000203243 1.37867e-09 0.0186324 
0.811386 2.49681e-05 0.0588164 6.87816e-05 6.96132e-06 1.11565e-07 1.953e-05 0.0681528 0.000114406 0.0319439 1.43185e-05 0.0259827 0.00133418 0.000488346 0.00164671 
0.10934 0.365236 0.00165907 0.00245243 0.00417311 0.000493265 0.0633663 0.0498317 0.100713 0.0124585 0.000679234 0.0150045 0.0128407 0.0116373 0.250115 
2.7205e-06 1.18924e-05 0.107101 0.0514641 9.01074e-06 4.43086e-07 1.97679e-06 0.513492 0.0112596 0.0390222 8.98088e-07 0.00913458 0.268449 4.11894e-05 8.73925e-06 
0.0468236 0.624967 0.0534097 0.00466773 1.70022e-05 1.1217e-09 3.67792e-09 0.0188961 1.04311e-06 0.246192 0.000858149 4.60108e-06 2.37534e-06 0.00415358 6.54545e-06 
0.0134474 0.00412403 0.572234 0.000628129 1.43395e-05 8.89162e-06 0.000107566 0.0467885 0.0212634 0.0281964 1.39369e-05 0.295572 0.0118714 0.0016654 0.00406551 
0.00497749 0.00558976 0.675916 5.38981e-06 0.000393427 4.08435e-12 1.2953e-08 0.00170762 0.270914 0.037701 1.2563e-05 0.00234174 0.000435163 1.78422e-11 5.29211e-06 
0.00320572 0.767358 0.00243617 7.85862e-06 8.41791e-07 5.18116e-09 4.37109e-07 0.0579248 0.0271427 0.138368 1.35534e-06 0.000449637 7.46279e-07 2.26335e-08 0.00310386 
0.0514519 0.368133 0.270386 4.15539e-06 0.00596122 2.45619e-06 2.03059e-05 0.0976989 0.0359518 0.0560644 7.21727e-06 0.000809644 0.102524 3.67287e-05 0.0109484 
0.000787785 0.000145385 0.992619 4.41756e-05 1.52766e-08 5.66955e-09 1.85897e-08 0.000114649 0.00436107 0.000717846 2.84258e-05 0.000758915 0.000317969 2.4767e-08 0.000104223 
0.0138288 0.572163 0.00536095 6.2043e-05 6.78969e-06 1.14604e-06 6.05931e-06 0.239635 1.26504e-05 0.153321 7.44693e-05 0.00336034 2.17842e-06 8.71832e-06 0.0121562 
0.0049934 0.0771711 0.774737 2.91271e-06 2.34017e-06 4.7881e-10 0.000120212 0.00358306 0.137878 0.00105572 0.000137468 0.000315065 6.31701e-07 2.09165e-09 3.0009e-06 
0.00107801 5.83621e-05 0.675976 5.1031e-06 2.56113e-08 4.84586e-13 9.91852e-10 0.00018923 0.294769 0.00745923 7.26535e-06 0.0204552 7.95306e-09 2.11688e-12 2.62131e-06 
5.139e-05 0.790298 0.0564071 0.00434786 0.103338 4.51367e-07 1.15329e-06 0.0292748 0.000267914 0.0084357 0.000400262 0.00573198 0.00027694 0.000506149 0.00066208 
1.24911e-06 0.0534364 0.000693604 0.00800689 6.23895e-11 2.31543e-11 7.59201e-11 0.0254616 8.59257e-05 0.00706196 2.52315e-11 3.1499e-07 0.00140075 1.01148e-10 0.903851 
5.12344e-07 0.00621302 1.18743e-05 0.0488373 6.55133e-05 5.69271e-11 1.68178e-07 0.903329 4.70487e-05 0.0306534 6.20341e-11 1.2232e-05 1.33062e-05 2.48682e-10 0.0108164 
0.303033 0.169297 0.240513 6.582e-06 3.17505e-05 3.43544e-09 1.82892e-06 0.0145269 0.220763 0.0293768 3.74363e-09 1.71007e-05 7.22398e-06 1.50075e-08 0.0224259 
0.0112302 1.1143e-05 0.129821 8.31611e-08 1.30287e-07 2.31989e-10 7.60662e-10 2.91992e-07 0.856551 0.00234815 2.27261e-08 2.34401e-07 3.74841e-05 2.99026e-08 4.35123e-10 
0.00365549 0.000777983 0.010311 0.0432713 9.27342e-05 2.5888e-06 3.93837e-05 0.0167218 0.0454447 0.86953 7.62978e-06 0.0066536 0.000485975 1.1309e-05 0.0029941 
0.849175 5.18282e-07 0.000221433 5.0446e-07 4.03631e-07 2.34023e-11 2.22603e-07 0.01645 5.77456e-06 0.130566 2.29771e-08 0.00357934 7.07826e-07 1.02231e-10 4.38938e-11 
7.98352e-05 0.20551 0.284288 8.65885e-05 3.30274e-06 1.22573e-06 4.01901e-06 0.238136 0.00243292 0.068262 1.33569e-06 0.0717388 0.12024 2.70859e-05 0.00918988 
0.0820019 0.156247 0.101544 0.000682403 0.000634827 0.000274175 0.0326079 0.0406125 0.0322574 0.0109943 0.00479898 0.0562202 0.000758066 0.0115195 0.468847 
0.000589415 0.00551219 0.00665927 2.07781e-06 3.02543e-07 1.12282e-07 3.68156e-07 0.801062 0.00646094 0.169286 1.06879e-06 0.000236694 0.0101855 4.90493e-07 3.51412e-06 
0.00223259 0.000350088 0.709858 1.60663e-05 2.12306e-08 1.47272e-13 8.21391e-10 0.000457146 0.278869 0.00631567 1.07074e-05 0.00187478 8.25955e-09 6.43348e-13 1.57049e-05 
2.7205e-06 1.18924e-05 0.107101 0.0514641 9.01074e-06 4.43086e-07 1.97679e-06 0.513492 0.0112596 0.0390222 8.98088e-07 0.00913458 0.268449 4.11894e-05 8.73925e-06 
0.000946578 0.269858 0.128854 7.33452e-08 0.000695074 7.8993e-12 1.81565e-08 0.0385106 0.0932767 0.0555876 3.27188e-08 0.000753755 0.0102707 3.45075e-11 0.401247 
0.00223259 0.000350088 0.709858 1.60663e-05 2.12306e-08 1.47272e-13 8.21391e-10 0.000457146 0.278869 0.00631567 1.07074e-05 0.00187478 8.25955e-09 6.43348e-13 1.57049e-05 
0.0973458 0.230417 0.0237778 0.0115494 0.000180717 8.939e-05 0.127617 0.00466816 0.462034 0.0190357 0.00258534 0.00346982 0.00097775 0.000191894 0.0160595 
0.0310734 0.0112891 0.00130429 0.000208558 8.09932e-08 1.22392e-11 7.29575e-06 0.00681836 0.641317 0.220345 1.53071e-05 0.0797298 0.00789018 5.34659e-11 1.36156e-06 
0.000241882 0.0354136 0.00142791 0.000641477 2.26117e-05 2.67077e-08 7.28899e-08 0.139705 0.00148004 0.00374852 1.59202e-07 0.00546308 0.811788 1.97909e-07 6.78486e-05 
7.84722e-06 0.584512 0.275462 0.000125991 8.34775e-06 6.11481e-07 3.15478e-06 2.35926e-06 5.94637e-05 0.106824 6.66338e-07 0.00119821 0.0296799 2.67121e-06 0.00211234 
0.000521593 0.588159 0.00918432 0.00214282 6.3916e-05 6.1433e-09 0.00016826 0.125905 0.201554 0.0572476 6.28704e-08 0.0108466 0.000839154 2.68365e-08 0.00336774 
0.0226183 0.805012 0.0175372 0.000208254 3.61365e-07 6.09266e-10 9.4659e-07 0.0635117 0.0229863 0.0132743 1.22653e-06 8.42801e-07 3.40376e-06 2.66153e-09 0.0548447 
0.118573 0.551789 0.140131 0.00969493 0.00569797 1.31798e-05 0.000597873 0.023297 0.0257946 0.109938 9.23353e-05 0.00186957 0.000115562 1.51015e-05 0.0123801 
0.00181333 0.00275402 0.985111 0.000735587 0.00287303 1.19133e-08 0.000175819 0.000410578 0.00147564 0.00227121 0.000479051 0.00014274 0.000620418 5.20424e-08 0.00113737 
0.0161877 0.0183436 0.0454399 0.00131122 2.91004e-07 3.6824e-11 1.91811e-07 0.846009 0.00127188 0.0635222 4.01275e-11 0.000718511 0.00706968 3.90843e-07 0.000125606 
0.015276 0.14272 0.016822 1.04909e-07 0.000855624 3.84631e-11 1.89186e-06 0.156541 0.0494909 0.0312761 5.03383e-08 0.0179113 0.0248329 1.68023e-10 0.544272 
0.00435322 0.32863 0.0489868 0.000273603 4.96225e-05 1.06744e-10 7.70668e-06 0.0107461 0.0199925 0.0253471 2.96252e-06 0.00499029 0.00920252 3.20377e-07 0.547417 
0.202946 0.516682 0.0555559 0.00363968 1.52054e-05 8.66602e-06 0.0119903 0.0430831 0.0714396 0.0648493 5.12124e-05 0.0125758 0.000130922 0.00184671 0.0151852 
1.42712e-07 0.984981 0.00999786 1.27877e-07 1.27565e-07 1.22288e-08 0.000161869 0.00166227 0.000113795 5.89273e-07 0.000130357 5.47655e-07 2.17137e-07 2.73506e-07 0.0029509 
0.0383775 0.00494822 0.0824517 1.16338e-05 0.000150324 1.649e-06 7.15049e-05 0.0302285 0.0297068 0.0798619 2.63288e-05 0.700251 0.000690548 0.002826 0.0303969 
0.00894041 0.492315 0.152834 0.00841383 0.000200724 1.47297e-07 2.60479e-05 0.0487367 0.00722173 0.0410369 6.37388e-05 0.194755 0.0311145 0.000386748 0.013955 
0.00107227 0.00978478 0.170748 1.18717e-06 9.61247e-07 6.73612e-10 5.52839e-06 0.0189535 0.0366623 0.729386 6.24719e-07 0.031277 0.00210489 5.03228e-07 2.14893e-06 
1.70927e-07 0.806926 0.000748494 1.67971e-07 5.48857e-11 2.03695e-11 2.40507e-07 0.110487 0.0287769 0.0480883 2.21968e-11 1.32205e-07 4.07985e-11 8.98724e-09 0.00497258 
0.00237253 2.0686e-05 0.895593 1.60838e-06 7.32673e-09 2.71914e-09 8.9157e-09 8.59899e-06 0.101909 3.90928e-05 2.96307e-09 7.37412e-06 3.29393e-05 1.18784e-08 1.53604e-05 
0.039842 0.00747788 6.98065e-07 0.00117889 1.30944e-06 1.41898e-07 0.000231679 0.0104037 0.464618 1.09603e-06 0.000762898 0.0120879 0.00308108 4.36041e-07 0.460312 
0.0216491 0.13291 0.0897623 0.000894563 0.000427636 2.48151e-07 8.13653e-07 0.0164656 0.00910558 0.0514027 6.29349e-05 3.53205e-05 0.000613709 1.08403e-06 0.676668 
0.107907 0.0834819 0.0476508 0.018869 0.00431615 0.00167746 0.116432 0.115532 0.376568 0.0954887 0.00179185 0.0146463 0.00297681 0.00722395 0.00543737 
0.0049934 0.0771711 0.774737 2.91271e-06 2.34017e-06 4.7881e-10 0.000120212 0.00358306 0.137878 0.00105572 0.000137468 0.000315065 6.31701e-07 2.09165e-09 3.0009e-06 
0.0898548 0.0522503 0.240445 0.000279142 0.000545633 2.24702e-05 0.000116449 0.121536 0.00270235 0.124457 3.12515e-05 0.0424695 0.000788622 0.278367 0.0461339 
0.000133617 0.0900641 0.0622199 0.0429713 1.27996e-05 3.76737e-08 1.72114e-05 0.0559711 0.050032 0.552404 0.0959129 0.0451374 0.00477911 1.64575e-07 0.000343921 
0.0268693 0.0253616 0.365685 0.00209886 7.84843e-05 3.82541e-07 2.00143e-05 0.0711614 0.0231025 0.378334 1.38066e-05 0.0995908 0.00692169 1.65238e-05 0.000746142 
1.60628e-05 0.0419225 1.30213e-05 5.83523e-07 1.58919e-09 5.89787e-10 1.28517e-07 0.00531621 0.003501 0.0106468 8.46931e-05 0.0327151 0.00310464 2.57644e-09 0.902679 
0.0235608 0.00124689 0.635481 0.000212786 5.69072e-06 7.96059e-08 0.0027776 0.00129123 0.041769 0.00350621 0.000139669 0.284841 0.000105636 1.40433e-06 0.00506087 
0.00340161 0.663463 0.113391 0.013009 0.000170922 1.11552e-08 9.6942e-07 0.071562 0.0111327 0.104975 5.6586e-06 0.0144154 0.00021287 2.73061e-06 0.00425755 
5.07207e-06 0.14324 0.112346 5.96438e-06 2.60622e-09 9.67235e-10 9.48658e-07 0.400281 2.51284e-05 0.0904613 1.05401e-09 0.241186 0.0124372 1.03147e-05 1.62435e-06 
4.25269e-07 0.0499874 0.414009 2.62306e-05 0.00292751 8.81152e-11 2.88918e-10 0.0586192 7.34161e-06 0.413894 1.73806e-06 0.05034 2.92986e-06 3.84925e-10 0.0101841 
0.00223259 0.000350088 0.709858 1.60663e-05 2.12306e-08 1.47272e-13 8.21391e-10 0.000457146 0.278869 0.00631567 1.07074e-05 0.00187478 8.25955e-09 6.43348e-13 1.57049e-05 
0.00343578 0.00103974 0.637281 5.11399e-06 1.07953e-07 2.7113e-12 4.18282e-09 0.000189276 0.352708 0.0030581 5.11021e-05 0.00222947 3.46824e-08 1.18441e-11 2.63629e-06 
0.0689611 0.000541419 0.0193617 2.03468e-07 6.76088e-07 1.02501e-09 3.36089e-09 6.14368e-05 0.000464912 7.75919e-05 2.6912e-07 0.000237364 1.43863e-07 0.910066 0.000227371 
0.0440412 0.380914 0.35359 0.000102869 0.00215706 7.52911e-05 0.00744162 0.0298244 0.152984 0.0138724 0.000478143 0.00586744 0.00131481 0.00632355 0.00101264 
9.89788e-05 0.00240027 0.050587 0.000676532 1.56985e-05 6.93566e-08 3.87985e-05 0.126547 0.000142699 0.195407 2.35429e-05 0.0467645 2.34336e-05 0.00507704 0.572198 
0.00719266 0.710971 0.00572524 0.000346879 5.20176e-05 2.62661e-08 0.000136492 0.0682097 0.0274523 0.00559066 2.86224e-08 0.000364535 0.000352075 1.14741e-07 0.173606 
0.0411508 0.0028789 0.830053 2.86872e-08 4.51475e-06 3.15599e-10 1.03481e-09 0.00236889 0.00717804 0.0323787 0.000193787 0.0649572 0.000203243 1.37867e-09 0.0186324 
0.000379346 0.00157212 0.505698 2.35131e-05 5.13322e-08 1.90507e-08 6.24648e-08 0.000490907 0.000425718 0.490937 2.07597e-08 0.000152176 0.000270952 8.32216e-08 5.00602e-05 
1.90286e-06 0.82906 4.41706e-06 4.01679e-07 8.40903e-09 3.12081e-09 1.02327e-08 0.00451801 0.0195895 0.00125489 3.78804e-06 6.25501e-06 4.87297e-06 0.000640656 0.144915 
0.0202492 0.00283681 1.33068e-05 0.00114763 1.18484e-06 4.39726e-07 1.4418e-06 0.0173948 0.000134215 0.0053165 4.79174e-07 0.355111 8.80735e-07 0.000635428 0.597157 
0.0153257 0.625719 0.00195396 3.28701e-05 0.00014151 1.02726e-06 0.000153378 0.137072 0.131149 0.0537051 0.00172748 0.00518809 0.00300118 1.27806e-06 0.0248287 
0.0689611 0.000541419 0.0193617 2.03468e-07 6.76088e-07 1.02501e-09 3.36089e-09 6.14368e-05 0.000464912 7.75919e-05 2.6912e-07 0.000237364 1.43863e-07 0.910066 0.000227371 
0.169734 0.229993 0.338478 9.77613e-05 0.0677758 5.18974e-09 0.0495812 0.0444014 0.097907 0.000989419 0.000172731 2.42261e-05 0.000167308 1.91576e-06 0.000676052 
0.82202 0.00100023 0.0769677 1.08734e-05 1.39771e-05 4.80653e-06 0.000395805 0.0390623 0.000196824 0.00900962 1.87807e-05 0.0430459 0.0017499 0.00180572 0.0046975 
0.0181944 0.565919 0.309874 0.00333648 0.000339467 4.64856e-09 1.5242e-08 0.038852 0.00501864 0.0154077 1.05041e-06 9.59522e-06 0.00170681 2.03069e-08 0.0413404 
0.0099383 0.848519 0.0169211 0.000154427 0.00123507 2.72264e-06 4.62996e-05 0.0741698 0.00119319 0.0328352 0.000426241 0.00982078 8.68318e-05 5.42394e-06 0.00464539 
0.00172852 0.605421 0.142385 7.4468e-07 1.4375e-08 5.33493e-09 5.68829e-07 0.0908267 0.0100146 0.0157622 2.85485e-07 0.00136473 0.0648382 1.60837e-06 0.0676562 
0.00278828 0.0618097 0.150657 0.000173567 0.000282178 1.91568e-07 7.80718e-07 0.0167648 0.049832 0.493204 0.117677 0.0851169 0.0144686 3.71599e-07 0.00722457 
0.215289 0.265018 0.0636438 5.08122e-05 5.48597e-10 2.03598e-10 6.67572e-10 0.191891 0.0909129 0.0397656 3.2591e-06 0.00258151 1.92181e-06 0.130841 7.4892e-07 
0.00461902 0.58253 0.00204146 5.44405e-06 4.95836e-06 2.80713e-09 9.20421e-09 0.139202 0.0174144 0.108323 3.05896e-09 1.51641e-05 0.0439109 1.63517e-05 0.101917 
0.00188373 0.719235 0.147572 0.000233303 0.00224203 9.90697e-06 7.28653e-05 0.0503971 0.0147088 0.00883131 0.000492767 0.00379143 0.0444329 0.00110639 0.00499096 
0.0295535 1.85333e-06 0.579261 6.3744e-08 0.00222019 1.68853e-10 0.00015358 0.000331019 0.029432 0.0894634 9.55189e-08 0.248739 4.4555e-05 7.37621e-10 0.0207995 
0.1353 0.0440609 4.06578e-06 1.18961e-07 1.01184e-06 9.15677e-11 3.00238e-10 0.00310358 0.330618 4.70301e-06 5.08989e-07 0.16514 3.66988e-07 4.00007e-10 0.321767 
0.000165158 0.317128 0.0172759 0.000241509 1.89321e-08 7.02619e-09 3.28123e-05 0.0441814 0.257465 0.360583 5.37074e-07 0.000279866 0.00193205 3.06934e-08 0.000714467 
0.0972446 0.843935 0.041208 0.000153408 7.25111e-07 2.69107e-07 8.82368e-07 0.000886419 0.00724427 0.00758269 4.88059e-05 4.00172e-06 5.39001e-07 1.17558e-06 0.00168921 
1.1836e-05 0.203782 0.0596577 1.37647e-05 0.0215444 8.55806e-08 4.18924e-05 5.41601e-05 2.64204e-05 0.0322926 1.7162e-05 0.0236778 1.0629e-05 3.73852e-07 0.658869 
0.0049934 0.0771711 0.774737 2.91271e-06 2.34017e-06 4.7881e-10 0.000120212 0.00358306 0.137878 0.00105572 0.000137468 0.000315065 6.31701e-07 2.09165e-09 3.0009e-06 
0.00153823 2.56802e-05 0.869315 2.46124e-05 0.000565712 1.75266e-10 1.90018e-07 0.0110679 0.00466411 0.00653423 3.41975e-07 0.034796 0.00883222 7.65637e-10 0.0626359 
1.0011e-07 0.833138 0.022969 3.6245e-07 0.0062132 4.54992e-10 1.49186e-09 0.078597 0.0141783 0.0254414 0.00015338 0.0187055 5.66778e-07 2.51539e-06 0.000600495 
0.142617 0.655702 0.0378253 0.0164594 0.000575505 0.00021648 0.000979117 0.0159041 0.103428 0.0122828 0.000231964 0.0015372 0.0034639 0.000329043 0.00844734 
3.29983e-05 0.0254399 1.00501e-07 0.0822613 0.000434011 2.06686e-12 6.77698e-12 0.868489 0.00230218 0.00292393 4.5068e-09 2.81544e-08 0.0181161 9.02894e-12 8.53247e-09 
0.0571177 0.000164192 0.0928363 2.88605e-05 2.27154e-08 8.43028e-09 4.29967e-06 0.0554412 0.779424 0.00526785 9.18656e-09 0.000589337 0.00904423 5.4967e-05 2.74398e-05 
0.0748178 0.11777 0.0588039 6.10505e-05 0.000219623 4.21432e-07 0.124048 0.0122576 0.0398264 0.0214392 0.000131903 0.0496596 2.04166e-05 0.106564 0.394381 
0.00278828 0.0618097 0.150657 0.000173567 0.000282178 1.91568e-07 7.80718e-07 0.0167648 0.049832 0.493204 0.117677 0.0851169 0.0144686 3.71599e-07 0.00722457 
0.0248534 0.253829 0.29768 0.0443763 0.000345145 1.55755e-09 1.5497e-07 0.0807984 0.0629466 0.115562 6.6546e-05 0.00419072 8.58161e-06 6.80405e-09 0.115344 
0.00137055 0.00692912 0.0112018 0.000296468 0.00458293 4.14738e-07 0.00244913 0.00179727 0.95159 0.00622686 4.51945e-07 0.00328333 8.30688e-07 1.81175e-06 0.0102689 
2.0263e-06 0.00497164 0.803717 0.0131906 2.85807e-05 3.52989e-07 4.84921e-06 0.051102 0.00234149 0.0431139 1.93604e-06 0.0773346 0.00293276 3.06242e-05 0.00122716 
0.00391381 0.898668 0.0143602 4.07765e-05 1.46664e-07 5.35159e-09 8.42123e-08 0.0416037 0.0173469 0.00878204 0.000676572 0.00219145 0.000516444 1.32433e-07 0.0118999 
0.0759585 0.493137 0.0455445 0.0091533 0.0199159 0.000412394 0.0137892 0.0739245 0.035719 0.160618 0.000655653 0.00190978 0.0333416 0.000985043 0.034936 
0.0991128 0.00179984 0.00427454 2.1011e-07 6.97669e-07 1.54191e-10 5.05573e-10 0.000203717 0.00154492 0.000257058 2.68289e-07 0.000783747 1.47158e-07 0.89127 0.000752007 
0.000273563 0.926859 0.0498419 4.81058e-05 5.48772e-06 5.96969e-09 0.000103071 0.0123662 0.000608775 0.00276377 0.000112176 0.000643621 0.000580069 5.14799e-05 0.00574295 
2.7205e-06 1.18924e-05 0.107101 0.0514641 9.01074e-06 4.43086e-07 1.97679e-06 0.513492 0.0112596 0.0390222 8.98088e-07 0.00913458 0.268449 4.11894e-05 8.73925e-06 
0.00162988 0.000116707 0.722286 1.02028e-05 2.49648e-08 2.67596e-13 9.66163e-10 0.000378446 0.271454 0.00336827 1.45253e-05 0.000736537 8.04896e-09 1.16897e-12 5.23807e-06 
0.000225865 0.0649803 0.0227593 0.000822086 0.00128216 1.89235e-07 6.20477e-07 0.277677 0.150127 0.475426 2.06211e-07 6.29585e-06 0.00551931 8.26659e-07 0.00117214 
0.00299691 0.00714688 0.704664 0.0107515 0.00143501 1.36423e-05 1.57932e-05 0.00520136 0.253613 0.00849354 0.000125822 0.00406234 0.000203274 4.86804e-05 0.00122904 
0.00179406 6.32609e-05 0.860013 6.05236e-06 7.94265e-06 1.89019e-10 3.07718e-07 0.000193262 0.135834 0.00169606 8.7925e-06 0.000377298 2.07052e-06 8.25715e-10 3.89497e-06 
0.104456 0.274103 0.0637311 0.148655 0.000117396 3.69616e-07 1.21192e-06 0.0891068 0.00497644 0.0581143 0.000771074 2.35934e-05 0.00985667 1.61464e-06 0.246086 
0.00440881 0.0248214 0.0064351 0.0309131 1.08836e-05 4.59181e-09 1.50559e-08 0.916797 0.00152436 0.0150876 5.00374e-09 1.75655e-07 1.39572e-06 2.0059e-08 8.61248e-09 
0.618659 0.000699926 0.0322028 1.30913e-07 1.2518e-10 4.64577e-11 3.62417e-07 0.152323 2.14155e-06 0.19161 1.46733e-08 0.00356844 0.000871488 2.02947e-10 6.29253e-05 
0.00745544 0.487657 0.177605 7.95821e-06 0.00146354 4.1303e-11 7.54513e-08 0.0437156 0.0421914 0.132332 6.132e-07 5.46187e-07 8.3232e-07 1.80429e-10 0.107571 
0.0655815 0.000629349 0.050757 0.0203114 1.56469e-10 5.80696e-11 1.90403e-10 0.241683 5.73484e-07 0.0748649 6.3279e-11 1.64654e-05 0.546149 2.84139e-06 3.36561e-06 
1.63062e-05 0.999154 0.000248646 9.12332e-05 1.26168e-07 4.68242e-08 1.5353e-07 0.00014069 1.42195e-05 7.36345e-05 5.10248e-08 0.000260494 9.37851e-08 2.04548e-07 8.78243e-08 
