0.0484247 0.195056 0.0433907 0.0464778 0.0285391 0.0060717 2.65399e-08 0.440235 0.0406832 0.0928238 0.000180432 0.0189675 0.00906453 0.0228586 0.00722638 
0.229603 0.00588048 0.0256453 0.00741924 0.00328875 0.0378005 5.36448e-05 0.129792 0.212837 0.304167 1.5877e-05 0.0140008 0.0246068 6.23116e-05 0.00482711 
0.106235 0.00314941 0.0633706 0.00540707 0.000156958 0.00230205 3.56581e-05 0.0632746 0.048396 0.628952 0.00116903 0.0321345 0.0439091 0.000701837 0.000805735 
0.0639615 0.303728 0.103477 9.63524e-05 1.6597e-05 0.113223 0.000738463 0.0764763 0.0300379 0.0295563 0.219404 0.00168299 0.0279576 0.0125298 0.0171137 
0.114834 0.038844 0.0793351 0.178095 0.00588349 0.160719 9.62363e-05 0.171044 0.166058 0.0518611 0.00021144 0.0131471 0.00746787 0.000183942 0.0122198 
0.000726545 0.0223416 0.000203401 0.000927304 3.34566e-08 0.00485777 3.73405e-05 0.969608 5.68403e-05 0.000546709 9.46785e-05 0.00020521 0.000237254 5.42411e-08 0.00015691 
0.0463857 0.0250792 0.0872997 0.00120521 0.00139424 0.152341 0.000330482 0.0414897 0.0837186 0.11512 0.162732 0.2148 0.00109171 6.5511e-07 0.0670124 
0.00432684 0.000533067 0.00912145 0.013397 4.37469e-13 0.00675424 3.54599e-10 0.0320441 0.673498 0.253736 4.55042e-07 0.00341207 0.00316782 8.90992e-06 2.9878e-10 
0.0130085 0.433883 0.0218561 0.00325611 0.0104227 0.0300966 1.6228e-05 0.146671 0.216946 0.108591 0.000472362 0.000727746 0.00794902 1.07962e-09 0.00610455 
0.274434 0.00107259 0.00519569 0.00413548 3.34579e-11 0.00463687 2.94455e-07 0.0658193 0.135116 0.474391 1.4294e-06 0.0349036 1.70223e-05 4.1732e-06 0.000272816 
0.00529002 0.0285732 0.140606 0.0168554 3.22937e-10 0.0308315 2.98374e-08 0.0322861 0.0859332 0.09208 9.52218e-05 0.191885 0.375419 2.27024e-05 0.000122388 
0.000708635 0.00587843 0.0611241 0.00436707 0.000992859 0.0494897 2.81078e-09 0.201288 0.336939 0.271427 3.97314e-13 0.047377 0.0200734 5.13759e-09 0.000334921 
0.223673 0.0724298 0.0159713 0.0309809 0.000140087 0.205879 2.95732e-06 0.0296311 0.0433564 0.104415 3.54018e-05 0.261274 0.00270987 0.000540374 0.00896109 
0.0852938 0.115751 0.0688835 0.000999672 0.0003008 0.0149442 0.00052714 0.0263368 0.188581 0.0383252 0.37716 0.0401115 0.00393252 1.08947e-05 0.0388417 
0.0131008 0.576752 0.238852 0.000370302 0.0429347 0.00660566 2.14388e-06 0.00686422 0.0720488 0.0129874 0.00211855 0.006559 0.000579561 2.63365e-05 0.0201986 
0.268929 0.0595598 0.0108805 0.00870345 4.81007e-05 0.0106179 5.93907e-05 0.0115858 0.600539 0.0198666 0.00040564 0.00328145 0.000140086 0.000285815 0.00509772 
0.110989 0.00813163 0.0109904 0.00264954 0.000179926 0.127316 8.69493e-05 0.0269814 0.0695471 0.0877315 0.535354 0.0188605 0.000420897 1.14141e-05 0.000749692 
0.0734701 0.21509 0.393555 0.000378914 0.00010822 0.0754079 1.20269e-05 0.0652592 0.0962637 0.0573159 0.00628939 0.0150075 0.000143241 2.00502e-06 0.00169688 
0.210282 0.00641879 0.0971571 0.00536935 0.000544813 0.0210574 7.52022e-06 0.0467631 0.199677 0.268056 1.23441e-05 0.132631 0.0011361 1.36739e-05 0.0108738 
0.210576 0.222258 0.0328549 0.0134069 0.00142814 0.0177296 0.000678995 0.130006 0.166914 0.0969712 0.000539229 0.0358193 0.013816 0.0349198 0.0220825 
2.08172e-08 0.00161851 0.0434152 0.00424297 0.887285 0.024551 2.51967e-09 0.0043773 0.0183031 0.00482869 0.000302252 0.0109621 0.000113999 2.98796e-12 1.2829e-12 
0.0489095 0.000423361 0.0152543 0.00181663 0.000190101 0.884648 2.07807e-06 0.0115967 0.00738546 0.019071 0.00114461 0.00918172 0.000112385 3.27884e-13 0.000264599 
0.423841 0.00998681 0.00162682 0.00282492 0.000181238 0.148933 3.38982e-05 0.0191826 0.0378544 0.342792 0.000107365 0.00845406 0.00382013 1.73292e-09 0.000361263 
0.177413 0.0078261 0.0259221 0.0432363 0.000352522 0.172278 6.52674e-06 0.0393626 0.156184 0.328221 0.000170792 0.0393929 0.00646614 0.000788181 0.00237984 
0.00111531 9.87278e-05 0.000124615 6.91317e-05 0.991271 0.00548099 4.97523e-08 0.000268896 7.23686e-05 0.000672753 7.95258e-05 4.50724e-06 0.000739349 4.9787e-09 3.08983e-06 
0.0248216 0.028232 0.428476 0.00748833 0.000216057 0.00531964 6.32815e-06 0.115894 0.0362619 0.238856 1.5098e-05 0.0246637 0.076006 2.03819e-05 0.0137232 
0.0570706 0.00366615 0.341999 0.00518505 0.00147108 0.0136439 0.000482897 0.0118901 0.391022 0.139574 0.00882444 0.0187182 0.00236158 7.45598e-07 0.004091 
0.0112015 0.473086 0.0598731 0.00367864 7.94264e-05 0.0152221 1.89578e-08 0.0639027 0.0771279 0.0289199 0.264679 0.00177774 0.000411663 7.64852e-08 4.0754e-05 
0.119441 0.124264 2.28611e-06 1.88525e-06 1.32346e-07 4.80541e-06 1.34095e-10 0.364442 6.83705e-07 0.391831 8.95768e-09 2.67449e-06 8.1913e-11 3.21757e-07 9.97956e-06 
0.104064 0.363416 0.041262 0.0166818 0.125398 0.0109525 0.000895392 0.0065791 0.0466996 0.0610165 0.000279679 0.0252321 0.0563034 1.40778e-06 0.141218 
0.0887515 0.0416251 0.412858 0.000517154 0.000219281 0.00577128 0.000304321 0.0059738 0.387591 0.033223 0.00600501 0.0154752 0.000676106 0.000122042 0.000887421 
0.0706205 0.0632584 0.301684 0.00611303 0.0016932 0.00361384 1.41063e-07 0.0483579 0.201815 0.238215 0.00897769 0.0181832 0.0212101 1.41017e-07 0.0162574 
0.00978993 0.308591 0.0207559 0.0706992 9.36435e-05 4.26363e-06 1.6716e-07 0.317019 0.176279 0.0736854 1.67458e-05 0.00016883 0.0210038 3.76294e-05 0.00185592 
0.0539774 0.492816 0.33835 0.000229408 0.000704839 0.00150295 4.53565e-05 0.0185481 0.0570542 0.0218642 0.0023572 0.00303558 0.00273771 3.3029e-07 0.00677697 
0.016172 0.224946 0.160376 0.00483453 0.000310866 0.00150757 0.000326883 0.00355678 0.0432742 0.00956116 0.52705 0.00622469 0.000592199 4.40522e-07 0.00126675 
0.0173351 0.154759 0.0226926 0.00310489 0.000179559 0.0173401 3.63213e-05 0.474472 0.0865982 0.187662 3.74018e-05 0.00453705 0.0239941 0.000139862 0.00711233 
0.310382 0.0895454 0.079292 0.00711329 0.00153689 0.0362532 2.63437e-05 0.0511477 0.242665 0.174067 0.00545051 0.00230987 0.00021035 1.24789e-10 4.80237e-07 
0.012175 0.0017448 0.0116618 0.00707587 0.000860867 0.0937105 2.62757e-09 0.0892548 0.0520031 0.0550871 2.92334e-06 0.0102492 0.665714 1.98536e-08 0.000460231 
0.0001772 0.0143536 1.50194e-05 0.000323951 0.936282 0.000387194 5.08089e-07 0.0458976 1.46538e-05 0.000302967 5.42394e-06 0.00049469 0.00174454 4.76133e-07 2.04431e-07 
0.053477 0.125117 0.113279 8.17771e-08 3.54089e-10 3.40974e-06 4.30882e-10 0.03581 0.293691 0.349931 0.000278612 0.0137725 6.63347e-07 7.2199e-07 0.0146388 
0.0222822 0.181484 0.086361 0.0114154 0.000523057 0.159922 0.000117686 0.143259 0.260897 0.0821624 0.00027962 0.0135563 0.00167438 2.07197e-10 0.0360655 
0.259275 0.000899796 0.0199136 0.0362727 0.000169355 0.31217 2.6065e-05 0.018282 0.0991942 0.206336 4.91427e-05 0.0432099 0.00333623 5.71887e-10 0.000866424 
0.0197126 0.001726 0.284047 0.0045293 8.24326e-05 0.00233448 4.74762e-07 0.00585152 0.154371 0.523485 4.7015e-06 0.00352046 0.000327951 2.7569e-08 6.60984e-06 
0.0671183 0.461424 0.0612408 0.0796949 0.00189669 0.0818722 5.30355e-05 0.108754 0.0682733 0.0415294 0.000312188 0.0182822 0.000210086 6.72557e-09 0.00933898 
0.223793 0.00139232 0.00207312 0.00215878 5.82108e-05 0.637532 6.04584e-07 0.0158116 0.0382974 0.0756798 1.82406e-05 0.00249761 0.000216594 3.88799e-12 0.00047044 
0.175945 0.0216196 0.144224 0.0067269 0.00773887 0.168826 1.74826e-05 0.0322448 0.262443 0.118003 0.00914382 0.049956 0.0012789 7.7929e-09 0.00183244 
0.0508756 0.0385006 0.57998 0.00202428 0.000649165 0.0223574 0.000518144 0.0421577 0.0843011 0.088356 0.0123595 0.0487824 0.0236655 0.000424607 0.00504765 
2.88957e-05 0.602403 0.00167425 1.4868e-05 6.41119e-05 0.0086229 3.91335e-07 0.271319 0.00418627 0.0163885 6.45103e-07 3.03509e-05 3.89311e-05 3.98182e-08 0.0952273 
0.00511351 0.00883927 0.0276534 0.00485466 8.01413e-06 0.000255267 2.22845e-06 0.00991033 0.309132 0.0700829 0.000655422 0.126161 0.000229271 0.427111 0.00999124 
0.00146392 0.124495 0.732698 0.00520319 0.00646422 0.000797339 6.54625e-05 0.0427734 0.0323636 0.0131268 0.000109991 0.0185699 0.0187401 5.57101e-06 0.00312374 
0.000578055 0.026617 0.0673556 0.0170522 0.716257 0.0057845 1.1975e-06 0.0741304 0.000943295 0.0747104 0.000105623 0.000585626 0.0157001 0.000133778 4.5468e-05 
0.00451795 0.359879 0.0196645 0.0338203 0.00440228 0.0318674 3.0324e-06 0.0345975 0.0123408 0.00947895 0.486484 0.00112128 0.00131921 3.04108e-07 0.000503001 
0.0231892 0.608616 0.042108 0.0006394 0.0301535 0.0184796 0.000182891 0.0885636 0.0156835 0.120244 0.000276742 0.0295615 0.00333342 0.000310557 0.018658 
0.0201227 0.100061 0.00565296 0.000716517 4.97211e-09 6.18123e-06 6.05042e-09 0.0723006 0.090462 0.047655 2.58436e-06 0.0131726 5.95176e-06 8.06096e-09 0.649842 
0.0307221 0.224788 0.359566 0.0110271 0.000583204 0.00937274 3.97214e-05 0.0107272 0.0575119 0.0205126 0.24233 0.0123724 0.0136553 9.3382e-05 0.006698 
0.000444328 0.00762244 0.41536 0.000527469 0.00023645 0.000812476 1.15549e-11 0.0082582 0.520085 0.0322861 5.81072e-05 0.00893119 0.0044224 1.53946e-11 0.000956167 
0.0142626 0.00404258 0.00619563 0.0411205 0.00295037 0.0238013 7.16241e-09 0.0641219 0.494811 0.343844 2.31822e-05 0.00257227 0.00147425 1.31526e-08 0.000780017 
0.121766 0.000145218 5.44403e-05 0.0408168 3.09603e-07 0.64031 1.37586e-06 0.031236 0.0136442 0.149416 1.13936e-05 0.00235794 8.0656e-05 1.32414e-12 0.000159002 
0.012175 0.0017448 0.0116618 0.00707587 0.000860867 0.0937105 2.62757e-09 0.0892548 0.0520031 0.0550871 2.92334e-06 0.0102492 0.665714 1.98536e-08 0.000460231 
0.0621627 0.0041151 0.000626313 0.000137724 0.000209601 0.107299 5.79239e-07 0.00364673 0.57942 0.219846 2.16322e-05 0.0054059 0.013021 0.00408218 5.64706e-06 
9.84475e-05 0.0341049 0.0242438 8.53872e-05 0.00224034 3.34604e-05 1.09706e-07 0.022469 0.909784 0.00281575 1.34223e-05 0.00191478 0.000962871 3.53636e-07 0.0012332 
0.170691 0.0402744 0.0142527 0.00241445 1.76994e-06 0.0158919 4.68409e-06 0.0959264 0.0911105 0.0365904 0.000197002 0.475207 0.00150313 8.57218e-05 0.055849 
0.147091 0.324604 0.0163711 0.00108222 0.00116755 0.0303132 0.000153877 0.0903201 0.0868933 0.266109 8.9208e-05 0.00415838 0.000812567 0.0243528 0.00648177 
0.0129061 0.213437 0.0114114 0.0490545 1.40212e-05 0.00102687 4.82761e-05 0.0345187 0.158136 0.0572248 1.65352e-06 0.000821175 0.452777 0.00436455 0.00425886 
0.466447 0.00773181 0.00158013 0.0181472 3.24504e-05 0.00545234 1.07736e-06 0.0147313 0.0839728 0.0420759 2.91639e-05 0.347103 1.40629e-05 5.38981e-09 0.0126811 
0.000848224 0.0113449 0.00174071 0.933354 6.48715e-08 0.00425071 3.46161e-12 0.0473782 6.90285e-07 0.000877479 0.000112114 3.00104e-05 6.29293e-05 4.61189e-12 1.55225e-08 
0.270839 0.00024253 0.00160237 0.0645252 0.00273317 0.0119167 2.88553e-07 0.0123182 0.0318151 0.0238353 1.76436e-05 0.578524 0.000146475 1.11096e-09 0.00148426 
0.00669014 0.000190311 0.0772292 0.010404 0.00046287 0.0418857 1.67556e-07 0.0171009 0.00334211 0.174259 0.000161646 0.659708 0.00500791 1.74301e-07 0.00355767 
0.270839 0.00024253 0.00160237 0.0645252 0.00273317 0.0119167 2.88553e-07 0.0123182 0.0318151 0.0238353 1.76436e-05 0.578524 0.000146475 1.11096e-09 0.00148426 
0.0334557 0.0345252 0.322435 0.0137012 0.403821 0.0167419 2.33642e-06 0.0601155 0.0129426 0.0483607 0.000373564 0.0390497 0.000621413 0.00304398 0.0108106 
0.0270733 0.386925 0.0281436 0.00569109 0.00166348 0.332832 0.00020921 0.0267262 0.0700767 0.0433766 1.08222e-07 0.0318784 0.00132941 1.94508e-07 0.0440746 
0.0215049 0.00778429 0.000162745 0.378108 4.67186e-06 0.0226489 8.3396e-07 0.0969173 0.126175 0.344577 1.53902e-05 0.000181739 0.00172247 1.40473e-10 0.000196515 
0.453899 0.0322147 0.000193507 6.44331e-05 3.39751e-05 0.000307669 4.21299e-06 0.00309574 0.123827 0.00356303 0.000200937 0.0914804 0.000425956 1.51886e-08 0.290689 
0.00331058 0.742799 0.108614 0.0370303 0.00445894 0.0609608 5.50711e-06 0.0198775 0.0117029 0.00138746 0.00565956 0.00125139 0.00213116 0.000184656 0.00062669 
0.342766 0.00771634 0.234231 0.00187703 0.00259144 0.0233598 0.000241288 0.0199394 0.214403 0.0602298 6.90721e-05 0.0859254 0.00028695 2.85136e-08 0.00636252 
0.154549 0.032716 0.00616992 0.000127068 2.45328e-07 0.0072541 2.45082e-11 0.24979 0.0369841 0.230769 9.03804e-06 0.00181763 0.279814 2.77658e-08 2.79791e-07 
0.0135043 0.0154483 0.0538897 0.00578341 0.00031553 0.0191023 2.3435e-05 0.0273334 0.171529 0.572556 7.37834e-05 0.120023 0.000308686 1.3537e-08 0.000108824 
0.0271991 0.00110995 0.00569269 0.010537 0.000154655 0.0123363 2.99804e-09 0.028871 0.66617 0.235712 3.75574e-06 0.0100069 0.000241857 2.14802e-09 0.00196431 
0.0356858 0.0241778 0.211251 5.80402e-05 4.16494e-05 0.0192366 1.97182e-05 0.0244713 0.194116 0.476884 1.73557e-05 0.00599457 0.00177285 1.6193e-07 0.00627285 
0.0184863 0.384553 0.020148 0.0144182 0.00586136 0.00211315 5.53499e-05 0.263198 0.0878509 0.19367 0.0002843 0.00105329 0.00606291 2.58295e-05 0.00222023 
0.14933 0.25102 0.0922001 0.0252228 0.00519875 0.0192526 3.95439e-05 0.0276789 0.252589 0.103591 0.0112765 0.0523902 0.000400939 1.8007e-05 0.00979238 
0.0161402 0.138476 0.00798284 0.0979985 1.61078e-05 0.00362967 1.28795e-11 0.144485 0.399599 0.184974 9.89479e-07 0.0011309 0.00248503 2.24497e-06 0.003079 
0.282838 0.00392127 0.0055374 0.00481435 8.88862e-05 0.00856605 2.10793e-05 0.0348571 0.232408 0.400654 9.58622e-07 0.0231495 0.000652803 9.86605e-11 0.00249069 
0.801344 0.0055587 0.0103981 0.000315611 4.96176e-05 0.0100893 1.95548e-05 0.000663918 0.0952852 0.0716164 5.23754e-06 0.00432987 4.40038e-05 8.85361e-08 0.000280247 
0.0662306 0.026347 0.15096 0.024377 0.00647071 0.0466382 0.00063483 0.0560256 0.41571 0.16185 0.0156072 0.0260924 0.00241216 1.1295e-06 0.00064415 
0.0525885 0.0175652 0.04902 0.11355 0.0022026 0.0128464 0.00030663 0.669291 0.0222182 0.035973 1.91378e-05 0.00784936 0.0150507 0.000510922 0.00100785 
0.0339142 0.0201749 0.352901 0.0207896 0.00177431 0.0163147 0.000443011 0.0324818 0.243977 0.196807 0.00356617 0.0626273 0.00353071 2.00158e-06 0.0106959 
0.0633212 0.00730825 0.124983 0.00677301 6.53163e-05 0.127343 1.97323e-05 0.0512823 0.102274 0.424712 0.000252565 0.0707509 0.00561932 1.23832e-05 0.015283 
0.0116837 0.621089 0.0271763 1.47801e-09 6.13394e-09 6.12425e-06 1.68045e-06 0.0228967 0.0174538 0.284889 2.99275e-05 3.46942e-06 3.1088e-06 2.35968e-05 0.0147441 
0.0448225 0.0942411 0.326353 0.00690939 0.0201523 0.000922559 5.17586e-05 0.08815 0.0699285 0.214956 3.71438e-05 0.119576 0.0118877 3.83458e-06 0.00200776 
0.14584 0.0747149 0.0224842 0.0959258 0.00035979 0.000384242 1.20019e-07 0.450839 0.0445291 0.130075 1.29624e-05 0.0032722 0.000891904 0.0248767 0.00579431 
5.26558e-05 0.0643488 0.0135164 0.00250818 0.00682417 0.00123938 9.89563e-06 0.72725 0.00327498 0.136032 0.000947691 0.00577004 0.00349849 0.00315006 0.031578 
0.0016349 0.0579911 1.15198e-07 0.00206238 1.0212e-11 0.0115561 2.11378e-08 0.925921 3.21913e-08 0.000806413 2.78018e-05 1.16222e-07 1.34366e-07 1.6556e-11 8.88625e-08 
0.00354463 0.00776496 0.0179805 0.03456 0.868431 0.0134922 1.72473e-07 0.0103097 0.0372064 0.00375544 0.00112032 0.000763849 0.00107043 1.27057e-09 1.65021e-08 
0.266593 0.0102754 0.0172188 0.00092192 9.11671e-06 0.0464009 6.17796e-06 0.0132825 0.197539 0.444107 1.05359e-06 0.00238109 8.24818e-05 1.46721e-06 0.00118009 
0.0189174 0.013706 0.0101835 0.343187 0.01155 0.0519095 1.04063e-05 0.498478 0.0121909 0.0321368 0.000271517 0.00260115 0.00464149 1.11544e-07 0.00021709 
0.0845407 0.37088 0.0996732 0.0051122 0.00206965 0.00222646 3.64237e-05 0.0307525 0.154936 0.0710566 0.000103741 0.086203 0.00357917 4.84408e-08 0.0888309 
0.00870315 0.00203654 0.00256708 0.00225573 0.000140764 0.00333361 1.09263e-09 0.95162 0.00874512 0.0178371 5.30691e-05 0.00141759 0.00116399 7.33625e-09 0.000126103 
0.000431106 0.00123445 0.00597413 0.00473598 0.979767 0.00314742 4.32883e-06 0.000248717 0.00193745 0.000915668 0.000480473 0.00094277 0.000105673 3.47218e-12 7.46199e-05 
0.265489 0.0260982 0.0519946 0.0399515 4.04282e-08 0.0425766 3.84826e-07 0.169909 0.177392 0.191148 0.000229548 0.029357 0.00355514 5.74121e-11 0.0022991 
0.00742875 0.133019 0.415699 0.0538007 0.0620457 0.00117518 4.71191e-06 0.00965725 0.0289713 0.172946 1.74134e-05 0.0580113 0.000235161 1.39376e-06 0.056987 
5.25198e-06 0.0178601 0.116599 5.25164e-06 0.00210461 5.25109e-06 5.24746e-06 0.0693345 5.25214e-06 0.194861 0.0173333 0.555093 0.0267777 5.24575e-06 5.24971e-06 
0.200999 0.0107633 0.0144839 0.00975134 0.00069729 0.315748 5.99727e-06 0.0472194 0.172555 0.168773 7.29416e-05 0.039979 0.0029572 5.09411e-05 0.0159434 
0.485356 0.051341 0.0568423 0.00984331 0.00180497 0.0528374 0.000495828 0.0347381 0.148274 0.102948 0.0114124 0.0423269 0.000376285 2.15796e-06 0.0014008 
0.00482682 0.102805 0.035013 0.0910191 0.132611 0.0120427 2.43129e-05 0.00551587 0.00384066 0.00605264 0.573272 0.0320431 7.45492e-08 4.59796e-06 0.000929661 
0.0124172 4.11895e-05 0.366177 0.0365489 6.33225e-05 0.0298184 4.30464e-06 0.000212036 0.0527264 0.283047 4.42015e-06 0.216561 0.00211043 1.02784e-08 0.000268956 
0.0836989 0.273513 0.0486438 0.0250246 0.000408194 0.00681664 3.15445e-07 0.228355 0.0852315 0.118296 0.000115458 0.0244496 0.00716486 1.34662e-06 0.0982805 
0.0998095 0.00972053 0.0103746 0.0101238 4.67735e-05 0.0731545 6.24407e-05 0.0360617 0.034759 0.0762526 0.00628987 0.00387505 0.638032 1.55901e-05 0.00142181 
0.270839 0.00024253 0.00160237 0.0645252 0.00273317 0.0119167 2.88553e-07 0.0123182 0.0318151 0.0238353 1.76436e-05 0.578524 0.000146475 1.11096e-09 0.00148426 
0.0721115 0.22135 0.214249 0.0166392 0.0014335 0.0314349 0.000100389 0.212827 0.0868269 0.0607792 0.00104687 0.00565148 0.0668172 8.20591e-06 0.00872554 
0.254563 0.034302 0.0676698 0.0332982 0.00116144 0.185982 0.00057129 0.0510571 0.0887512 0.250774 0.00659934 0.0150193 0.00220201 0.000593648 0.00745484 
0.328357 0.0050751 0.0372672 0.00856075 0.000121051 0.106868 1.34285e-05 0.109189 0.00957941 0.213127 0.000274772 0.0967993 0.00587044 0.0727389 0.00615913 
0.261107 0.0401389 0.0316441 0.0479334 0.00519936 0.00518208 7.09287e-06 0.280318 0.122873 0.0310186 4.23337e-05 0.167298 0.000372969 1.13469e-08 0.00686575 
0.0179866 0.0434531 0.457975 1.16757e-06 6.70886e-09 3.12568e-06 8.16383e-09 0.04304 0.0288693 0.213025 2.71319e-09 0.0286864 0.0103234 0.0532235 0.103414 
0.0625872 0.0278546 0.163233 0.000383027 2.69303e-05 0.0438636 0.000339203 0.0966854 0.085848 0.410727 6.85556e-05 0.0760577 0.0114101 0.0196396 0.00127589 
0.0999887 0.0649078 0.140171 0.0360103 0.136135 0.00744196 8.69282e-06 0.122815 0.142989 0.022338 6.26206e-05 0.185016 0.0110779 2.06912e-05 0.0310186 
0.111463 0.0657295 0.107602 0.0455753 0.000699518 0.00190411 8.63553e-06 0.0982012 0.217437 0.0992016 1.80904e-05 0.103401 0.0999571 0.0271771 0.0216255 
0.0477056 0.0549034 0.170292 0.00202427 0.261878 0.0276939 3.71136e-09 0.151093 0.0917667 0.0385549 0.000133382 0.113518 0.0146347 1.44431e-07 0.0258025 
0.10773 0.0018806 0.0241452 0.238152 3.13002e-05 0.00524355 1.1637e-05 0.045395 0.104629 0.3538 1.14834e-06 0.111409 0.00338463 6.53054e-06 0.004181 
0.111119 0.0198459 0.121268 0.0357764 0.000535386 0.0841773 6.38094e-05 0.04635 0.264337 0.229219 0.00384399 0.0749886 0.00325786 6.49571e-07 0.00521738 
0.148888 0.0399208 0.24888 0.0255009 0.000146278 0.320654 6.97654e-06 0.00634049 0.0689581 0.0976058 0.000946348 0.0337883 0.0013138 1.23363e-06 0.00704868 
0.104043 0.0161932 0.117488 0.0119833 0.00555681 0.0113963 8.37616e-05 0.0391869 0.452002 0.189369 0.000804221 0.0364796 0.00346072 0.0020151 0.00993825 
0.0126296 0.0314066 0.390942 0.00133853 0.00183199 0.00397133 4.71315e-05 0.0155958 0.425573 0.0759157 0.00833402 0.0299476 0.000194676 2.28262e-09 0.00227226 
0.268352 0.153968 0.109987 0.0143207 0.0566768 0.00848407 8.9111e-05 0.0161143 0.036725 0.0410308 0.00167004 0.278428 0.000540799 4.51944e-08 0.0136138 
0.0429068 0.00455994 0.0372671 0.00217179 0.00385165 0.588322 0.0003683 0.0247716 0.0197873 0.0158202 0.246361 0.0127371 0.00054385 0.000311666 0.000219473 
0.0100809 0.595265 0.215089 0.0109495 0.00226873 0.00136341 0.00020663 0.0271646 0.0903762 0.00933372 0.0259987 0.00717952 0.00211414 1.73641e-07 0.00260935 
0.0498895 0.00297833 0.0144358 0.00386811 2.21501e-05 0.726907 3.26741e-07 0.0325478 0.0291854 0.106589 0.00247039 0.0281169 0.0024247 4.00396e-07 0.000563965 
0.00550142 0.444061 0.0982262 0.0601955 0.00101853 0.0127862 2.57779e-07 0.193725 6.2477e-06 0.120486 0.00168275 0.00298101 0.0294913 0.0132074 0.0166302 
0.0425758 0.204824 0.17118 0.0183411 0.000654783 0.242028 3.6889e-06 0.134977 0.0326334 0.149293 0.000280781 0.00217241 0.000436372 8.33247e-11 0.000598953 
0.00841107 0.00792402 0.0286374 0.00451687 0.222191 0.0125679 0.000188934 0.0029976 0.0121601 0.00963709 0.683821 0.00584097 0.000907106 1.25138e-08 0.000198633 
0.0016349 0.0579911 1.15198e-07 0.00206238 1.0212e-11 0.0115561 2.11378e-08 0.925921 3.21913e-08 0.000806413 2.78018e-05 1.16222e-07 1.34366e-07 1.6556e-11 8.88625e-08 
0.453899 0.0322147 0.000193507 6.44331e-05 3.39751e-05 0.000307669 4.21299e-06 0.00309574 0.123827 0.00356303 0.000200937 0.0914804 0.000425956 1.51886e-08 0.290689 
0.00999264 0.0171852 0.411297 0.0109432 3.18756e-05 0.00090971 7.53929e-06 0.017601 0.0781121 0.242035 0.000707115 0.208992 0.00104443 1.08541e-06 0.00113941 
0.128999 0.110028 0.187231 3.11191e-08 0.0144898 1.05972e-06 4.16048e-07 0.117278 0.0773011 0.195136 1.86494e-05 0.0911563 0.0566113 2.14582e-05 0.021727 
0.000118549 0.823694 0.00668023 7.01929e-06 1.32887e-08 0.0210187 1.14992e-06 0.0488272 0.00133498 0.0847504 0.00100891 7.19222e-06 6.36754e-05 2.15441e-08 0.012488 
0.00758917 0.000621062 0.00101443 0.839731 0.000167218 0.00140449 1.44467e-10 0.050507 0.0552504 0.0304983 1.40585e-05 0.0129976 6.36218e-05 4.46245e-10 0.000141908 
0.00293227 0.0902196 0.0293028 0.000196205 4.38512e-05 0.268169 1.85977e-05 0.0664517 0.00493861 0.00353094 0.00907935 0.00116334 0.427443 0.0964404 7.12121e-05 
0.344378 0.00397148 0.0360943 0.00795032 0.00634704 0.0893248 2.5432e-06 0.152381 0.0759262 0.208903 3.80467e-05 0.0124602 0.0555342 2.45437e-06 0.0066867 
0.170174 0.131569 0.0117711 0.0160276 0.00610503 0.000661642 2.50701e-08 0.479128 0.055065 0.126651 0.000190653 0.000508008 0.000897478 0.000724255 0.000527329 
0.151729 0.0946322 0.147585 0.0907177 0.000976572 0.0928715 1.06419e-05 0.0616214 0.101244 0.203384 0.0399411 0.0101804 0.00228292 5.47267e-06 0.00281851 
0.0204452 2.84503e-05 0.0182825 4.95315e-05 5.26516e-05 0.930226 5.04721e-07 0.00444696 0.013327 0.0103073 0.000760776 0.00201414 5.59875e-05 4.08613e-12 3.34308e-06 
0.0434858 0.311072 0.0156915 0.00265266 1.83385e-09 0.0018203 1.01173e-06 0.130613 0.155395 0.323987 7.43989e-06 0.00263678 0.0101482 2.9731e-09 0.00248872 
0.00306529 0.00253518 0.000946098 0.413984 0.000461197 0.00782524 3.8722e-06 0.552128 0.00867261 0.0100594 7.41649e-05 4.82967e-06 0.000229411 6.15096e-09 1.10277e-05 
0.000431106 0.00123445 0.00597413 0.00473598 0.979767 0.00314742 4.32883e-06 0.000248717 0.00193745 0.000915668 0.000480473 0.00094277 0.000105673 3.47218e-12 7.46199e-05 
0.092023 0.177706 0.0362293 1.81077e-05 0.0870368 0.0409157 0.000261662 0.0995079 0.0385498 0.187473 0.0460028 0.080865 0.0644072 0.00600376 0.0430001 
0.222803 0.0772719 0.105883 0.00226189 0.000823004 0.0940127 0.000511485 0.0671971 0.0987742 0.121068 0.000766293 0.0790078 0.12188 0.00740953 0.000331357 
0.257401 0.0232143 0.0520864 0.022596 0.0365087 0.1336 0.000713102 0.073954 0.215782 0.114137 0.00388041 0.0407831 0.0117013 0.00182628 0.0118167 
0.0106823 0.0214702 0.000948722 0.00113388 2.95881e-06 0.0151076 2.89978e-10 0.078673 0.283021 0.581454 4.67332e-06 4.43339e-05 0.0043081 0.0021384 0.00101031 
0.211357 0.0333187 0.159483 0.0052368 0.0358121 0.00631075 0.000403007 0.0704328 0.0810737 0.245719 0.000100455 0.0711488 0.0532416 0.000543785 0.0258193 
0.267042 0.00329875 0.0857393 0.000966074 0.000117786 0.224003 3.44079e-05 0.0471866 0.157629 0.159535 0.000157843 0.0492247 0.00401825 2.93039e-10 0.00104735 
0.000431106 0.00123445 0.00597413 0.00473598 0.979767 0.00314742 4.32883e-06 0.000248717 0.00193745 0.000915668 0.000480473 0.00094277 0.000105673 3.47218e-12 7.46199e-05 
0.332523 0.134548 0.101293 0.00959731 4.31933e-05 0.0557198 1.90277e-05 0.0312531 0.185738 0.117017 0.00115379 0.0240578 0.00187457 4.07947e-08 0.00516169 
0.218397 0.000373657 2.17126e-07 1.33919e-07 1.2474e-09 0.20263 1.5029e-11 5.06871e-07 0.015251 0.542852 4.99478e-12 0.0177496 0.00274516 2.00231e-11 2.99185e-07 
0.0849913 0.00787236 0.0463391 0.00400495 0.00127506 0.0320829 1.68872e-05 0.0222276 0.0279609 0.0782889 0.000911702 0.448178 0.00401481 0.000165725 0.24167 
0.012175 0.0017448 0.0116618 0.00707587 0.000860867 0.0937105 2.62757e-09 0.0892548 0.0520031 0.0550871 2.92334e-06 0.0102492 0.665714 1.98536e-08 0.000460231 
0.000431106 0.00123445 0.00597413 0.00473598 0.979767 0.00314742 4.32883e-06 0.000248717 0.00193745 0.000915668 0.000480473 0.00094277 0.000105673 3.47218e-12 7.46199e-05 
0.0242218 0.00080619 0.0483935 8.74619e-05 4.85788e-06 0.00232972 3.49819e-06 0.0051302 0.103622 0.0659434 5.09786e-05 0.748948 0.000326395 5.96789e-06 0.000126376 
0.229922 0.0125341 0.0691375 0.0149209 0.147242 0.170069 0.00134862 0.0624476 0.17187 0.0846154 0.0160239 0.0112787 0.00550261 7.38036e-06 0.00308055 
0.00167639 0.0390093 0.028343 0.00380361 0.578337 0.000759282 5.73359e-05 0.0319393 0.0306126 0.0568467 5.16058e-05 0.185154 0.00567268 0.00305186 0.034685 
0.000431106 0.00123445 0.00597413 0.00473598 0.979767 0.00314742 4.32883e-06 0.000248717 0.00193745 0.000915668 0.000480473 0.00094277 0.000105673 3.47218e-12 7.46199e-05 
0.121414 0.0152771 0.0950337 0.00974364 4.56955e-05 0.252781 3.75314e-05 0.0435545 0.193009 0.241022 0.00843765 0.0158171 0.00172875 3.60715e-06 0.00209569 
0.0928503 0.0401623 0.173957 0.0234467 0.0084975 0.0429593 6.82479e-05 0.0355397 0.248512 0.213128 0.0170324 0.0804718 0.00321461 0.00140933 0.0187502 
0.0234494 0.00785784 0.0824153 0.0256671 8.00729e-05 0.0203887 5.78437e-06 0.656162 0.0634256 0.031614 0.0258763 0.00815896 0.0372616 0.00302239 0.0146147 
0.00807281 0.08794 0.09514 0.0419905 0.00238006 0.00847343 1.90509e-08 0.0237227 0.197878 0.0193623 0.511332 0.00072332 0.00117339 2.38865e-09 0.00181129 
0.588535 0.0477544 0.00138885 0.0683411 1.74129e-08 0.013996 6.27045e-08 0.0936397 0.0237968 0.155455 5.35905e-08 0.00267217 0.000392854 1.21132e-06 0.00402643 
0.00609633 0.00446723 0.108062 0.71189 3.04895e-05 0.00149242 2.4065e-05 0.00317607 0.105012 0.0353256 0.000128092 0.0230353 0.000194439 3.41498e-08 0.00106602 
0.00545135 0.0106593 0.0742836 0.0318922 0.000817387 2.20623e-05 4.49998e-06 0.0240621 0.00542316 0.0607521 1.46765e-05 0.766232 0.000425245 0.00532136 0.0146393 
0.185755 0.0175973 0.0316614 0.0363468 0.00229685 0.0131928 1.20788e-06 0.064054 0.273641 0.337528 5.46239e-05 0.0157066 0.000875593 1.74715e-05 0.0212718 
0.0249594 0.00700068 0.0660652 0.013579 5.28801e-05 0.000805216 5.76544e-06 0.133227 0.00422348 0.226741 2.42658e-05 0.00829389 0.513665 9.531e-08 0.00135652 
0.139388 0.591006 0.000968728 0.000739523 0.000701705 0.00157746 0.000394449 0.0297608 0.16822 0.0550967 0.000474052 0.00181715 0.00265634 0.00588933 0.00131081 
0.320358 0.000424691 0.000545386 0.0040247 3.61696e-05 0.352379 4.22008e-08 0.00393748 0.117153 0.197876 1.80686e-05 0.00304621 0.000116714 2.88642e-12 8.42757e-05 
0.0566896 0.348368 0.197598 0.0040765 0.000223932 0.000952489 9.66735e-08 0.147765 0.0976895 0.0205753 0.000387923 0.0175758 7.14999e-05 5.61786e-05 0.107969 
0.0297655 0.0017803 0.0178316 0.000852923 0.0185566 0.718491 2.98651e-05 0.137639 0.0163841 0.0235979 0.000860001 0.0287806 0.00219257 0.00312553 0.000112077 
1.08413e-05 0.795489 1.9547e-05 4.41678e-06 1.83302e-05 0.03198 9.29011e-09 8.2668e-08 2.08192e-05 7.42546e-06 4.81681e-05 2.02057e-09 5.67493e-09 1.23772e-08 0.172401 
0.0212435 0.170401 0.0212083 5.73232e-05 0.00130999 0.00137253 2.41574e-06 0.00566335 0.00432471 0.00938708 4.75324e-05 0.000308657 1.46172e-05 2.13907e-06 0.764656 
0.012175 0.0017448 0.0116618 0.00707587 0.000860867 0.0937105 2.62757e-09 0.0892548 0.0520031 0.0550871 2.92334e-06 0.0102492 0.665714 1.98536e-08 0.000460231 
0.3093 0.00251633 0.126218 0.050438 0.00643787 0.00368137 1.22308e-05 0.130571 0.219014 0.0431489 0.0063109 0.0315277 0.0525336 0.00601979 0.0122699 
0.029383 0.0538177 0.0411465 0.478157 0.000579239 0.0157056 2.67116e-05 0.0324343 0.214529 0.0764724 0.0189914 0.032873 0.00124544 6.47215e-06 0.00463234 
0.00870315 0.00203654 0.00256708 0.00225573 0.000140764 0.00333361 1.09263e-09 0.95162 0.00874512 0.0178371 5.30691e-05 0.00141759 0.00116399 7.33625e-09 0.000126103 
0.10637 0.0234243 0.00861268 0.000316228 0.00126522 0.00779563 7.10847e-06 0.0187991 0.141481 0.6895 3.61903e-05 0.00113202 0.000874512 8.94089e-06 0.00037704 
0.10559 0.0125113 0.0290469 0.0844745 0.000458849 0.653073 1.91762e-05 0.0417376 0.0193618 0.0176825 0.000698519 0.0335815 0.000805835 1.43756e-08 0.000958374 
0.0482966 0.34514 0.0418021 0.0189644 0.00151707 0.0034428 1.87102e-05 0.07324 0.25761 0.182605 0.000293602 0.0173196 0.000743322 4.20016e-08 0.00900692 
0.000185689 0.00149734 0.000644431 0.000183725 0.993418 0.00195735 1.35462e-07 0.000384552 0.000555363 0.000536699 5.02559e-05 8.27044e-05 0.000111197 2.71438e-12 0.000392444 
0.270839 0.00024253 0.00160237 0.0645252 0.00273317 0.0119167 2.88553e-07 0.0123182 0.0318151 0.0238353 1.76436e-05 0.578524 0.000146475 1.11096e-09 0.00148426 
0.0430455 0.0791905 0.274105 0.0797608 0.00532557 0.0133097 0.000241146 0.0224924 0.437807 0.0300258 0.00246289 0.00911037 0.000242392 8.8837e-08 0.00288173 
0.113197 0.326396 0.0497199 0.0226118 0.00787899 0.0329202 0.00013304 0.0248296 0.355445 0.0528448 0.000901545 0.00281437 0.000796637 3.35243e-08 0.00951059 
0.16557 0.0150019 0.00510021 0.0369201 0.00334041 0.0698651 3.06181e-07 0.0272061 0.288471 0.373524 5.08783e-05 0.00871059 0.0006018 4.88895e-08 0.00563809 
0.270839 0.00024253 0.00160237 0.0645252 0.00273317 0.0119167 2.88553e-07 0.0123182 0.0318151 0.0238353 1.76436e-05 0.578524 0.000146475 1.11096e-09 0.00148426 
0.191751 0.174964 0.074572 0.0182001 0.0160562 0.101218 0.00346835 0.0489271 0.12193 0.204981 0.0199767 0.00485134 0.0189761 7.75242e-11 0.000128341 
0.129336 0.00242203 0.0138508 0.0410187 4.52302e-09 0.0347715 7.14917e-07 0.0488006 0.204421 0.478051 4.80021e-05 0.0451976 0.00172414 1.0775e-06 0.000356314 
0.126479 0.00421187 0.0769407 0.00659975 0.000166245 0.0288283 8.57802e-05 0.133495 0.128467 0.299671 3.30863e-05 0.0600711 0.129382 0.000190634 0.00537803 
0.00758854 0.00796679 0.547282 5.2202e-05 2.11517e-05 0.00089324 1.06165e-05 0.020565 0.115946 0.151696 2.10817e-05 0.0746541 0.065357 0.00136618 0.0065806 
0.144625 0.0277231 0.0267988 0.0359452 0.00781651 0.0189174 1.56688e-05 0.175867 0.240796 0.122182 0.000261095 0.0790006 0.00140737 0.0529633 0.0656808 
0.0390632 0.454663 0.201322 7.36949e-06 7.73489e-05 0.0492933 3.41629e-06 0.0457772 0.0218801 0.132339 0.000681998 0.0538412 0.000243281 1.73561e-07 0.00080713 
0.00566187 0.00776377 0.157559 0.0299581 0.000188578 0.000410335 1.64767e-07 0.107108 0.026579 0.561497 1.22328e-05 0.0954011 0.00476313 3.23794e-07 0.00309778 
0.0262134 0.256341 0.0180399 0.000156973 4.31669e-05 0.0078154 6.36844e-05 0.0267615 0.064597 0.0520486 0.534094 0.00180437 0.00178657 0.000151304 0.0100833 
0.345734 0.0457678 0.0202505 0.0155323 0.001458 0.0428047 1.29482e-05 0.0775767 0.274509 0.131108 6.54826e-05 0.0337045 0.0012805 0.00024247 0.00995379 
0.270839 0.00024253 0.00160237 0.0645252 0.00273317 0.0119167 2.88553e-07 0.0123182 0.0318151 0.0238353 1.76436e-05 0.578524 0.000146475 1.11096e-09 0.00148426 
0.00451283 0.00311931 4.58589e-05 0.0242925 1.2058e-10 0.808916 1.65337e-06 0.132428 0.0129797 0.0130769 8.00806e-06 8.27063e-05 0.000324505 0.000208056 4.14501e-06 
0.0155188 0.128258 0.329247 0.00530062 9.55017e-05 0.026887 1.03654e-05 0.15958 0.139099 0.0370081 0.00208159 0.00569248 0.11678 0.00044792 0.0339934 
0.134361 0.00715765 0.0177972 0.00312091 0.00667576 0.0632213 1.41836e-05 0.0134156 0.34808 0.396232 1.84987e-05 0.00740049 0.000649958 9.08335e-12 0.00185601 
0.23055 0.00111036 0.00173805 0.00186729 3.88086e-05 0.550375 3.26727e-07 0.0140523 0.038565 0.154002 9.78019e-06 0.00585679 0.00127257 1.04258e-11 0.000561303 
0.000280397 0.0285569 0.71567 0.00010117 0.0528776 0.000733585 3.1415e-06 0.014048 0.00970176 0.047017 3.60556e-06 0.0466169 0.00613593 5.64147e-06 0.0782481 
0.00521253 0.0395561 0.244096 0.000129921 0.0103258 0.0404615 1.60103e-06 0.0775177 0.0365579 0.107541 0.000130521 0.026644 0.409933 0.00018691 0.00170524 
0.00576309 0.00104674 0.0492671 0.0797355 1.06771e-05 0.000726757 5.06123e-06 0.0173594 0.111306 0.718324 1.22913e-06 0.00749568 0.00729133 7.96336e-09 0.00166717 
0.0266245 0.078457 0.0453124 0.081735 0.0167161 0.00433813 0.000115602 0.590472 0.0265671 0.0509174 0.0108044 0.0223328 0.00325722 0.0398881 0.00246247 
0.000117777 0.145113 0.00238278 0.0170188 0.775478 0.0037453 2.06431e-06 0.0491153 0.000468621 0.00123311 0.00283194 0.000243018 0.000789156 1.31342e-08 0.0014605 
0.0252036 0.0339217 0.384543 0.000557835 0.00485908 0.0245487 9.67073e-06 0.0423866 0.0223389 0.0957815 0.00752943 0.00570255 0.0299448 0.00180487 0.320868 
0.431858 0.0103319 0.0687443 0.00430129 0.0141899 0.146412 3.46432e-06 0.0136764 0.211266 0.0816432 9.42279e-05 0.0127751 0.000327348 1.75339e-10 0.00437648 
0.0419639 0.210042 0.559108 0.000618164 0.0103277 0.000184985 1.1635e-06 0.0187984 0.0204149 0.0790236 0.000406657 0.0256862 0.0024004 0.0243443 0.00667966 
0.0295143 0.000113723 0.222835 6.97779e-05 1.08284e-06 0.000113809 7.74431e-07 0.023668 0.00113552 0.241648 3.31333e-06 0.431166 0.000614006 0.0466565 0.00246029 
0.00467814 0.686199 0.0108248 0.00067696 9.99674e-05 0.00163322 2.58753e-06 0.0857983 0.102267 0.0896446 0.000196825 6.2596e-05 0.00117211 0.00261079 0.0141329 
0.00451283 0.00311931 4.58589e-05 0.0242925 1.2058e-10 0.808916 1.65337e-06 0.132428 0.0129797 0.0130769 8.00806e-06 8.27063e-05 0.000324505 0.000208056 4.14501e-06 
0.071461 0.080808 0.280458 0.0168764 0.0186955 0.114898 0.000356392 0.0465277 0.174099 0.0627178 0.0683874 0.0540804 0.00597409 0.00227428 0.00238618 
0.0391415 0.019654 0.0298275 0.286998 0.00106628 0.0136084 1.07743e-06 0.514323 0.0551375 0.0386518 1.77927e-05 0.00100908 0.000433241 7.26897e-09 0.000130599 
0.0393272 0.127038 0.0375208 0.0689355 0.00247306 0.0102652 6.24755e-08 0.0345116 0.026254 0.0232155 0.620086 0.00849771 0.00146049 2.39273e-08 0.000415333 
0.0121615 0.0455194 0.0156954 0.15765 0.00541279 0.00377617 1.01238e-06 0.480946 0.152864 0.0356245 0.000119063 0.00138884 0.0822288 3.57399e-07 0.00661144 
0.0678221 0.000821949 0.0173454 0.000591985 2.48613e-05 0.00637873 4.86835e-09 0.777708 0.0108086 0.0549288 3.56869e-05 0.0628261 0.000645983 5.70907e-08 6.17757e-05 
0.0195738 0.0714534 0.447051 0.000276616 3.59306e-07 0.109049 0.000115717 0.00312031 0.0720209 0.0438964 0.21463 0.012632 0.000116806 2.65328e-11 0.00606404 
0.108429 0.436631 0.115413 0.00359746 0.00243408 0.00167526 8.12181e-05 0.0455737 0.180391 0.0742789 0.00017282 0.0262043 0.00114908 0.00266556 0.00130309 
0.634863 0.0055099 0.0453477 0.000312249 0.000580628 0.0525966 2.26251e-05 0.00761865 0.19386 0.037922 9.51048e-05 0.0107726 0.00612295 2.68535e-05 0.0043489 
0.0394453 0.0227876 0.0317977 0.0011152 0.00217932 0.013064 2.50143e-11 0.165882 0.131722 0.479119 1.47938e-08 0.00934353 0.0976814 3.33264e-11 0.00586234 
0.000630933 0.0365005 0.00389784 0.80119 0.00054877 0.000114484 2.5972e-06 0.119271 0.0247417 0.0100977 4.96613e-05 0.000419075 0.00222628 2.019e-08 0.000309442 
0.0139001 0.00287212 0.0505896 0.000857848 3.37018e-05 0.00130591 8.60379e-07 0.00179654 0.593303 0.326316 2.25995e-05 0.00829202 0.000577839 1.21474e-09 0.000131956 
0.0143339 0.272755 0.0749242 0.0120857 0.204997 0.0839519 5.31527e-06 0.0756072 0.169403 0.0848885 0.000822636 0.000677884 0.00246777 4.98786e-11 0.00308041 
0.0795505 1.13793e-06 0.0382396 1.13797e-06 1.13727e-06 0.196735 1.13707e-06 0.00523638 0.164909 0.453415 0.000797611 0.0611091 1.13751e-06 1.13669e-06 1.13755e-06 
0.0152229 0.0559011 0.0390235 0.0667489 1.07506e-06 0.0295327 4.35055e-05 0.729339 0.025475 0.0119399 0.000205909 0.000122373 0.00123959 5.02106e-09 0.0252045 
0.367243 0.00579729 0.0380423 0.018925 0.000432586 0.0363315 0.000181067 0.0599613 0.128179 0.265194 0.000165834 0.0697975 0.0033841 0.000492597 0.00587215 
0.101784 0.0158077 0.159566 0.0297032 0.00236365 0.0318173 1.94891e-05 0.0603471 0.41023 0.131756 0.0023878 0.0308764 0.0100996 0.000172939 0.0130681 
0.00646746 0.020501 0.0389947 0.00329785 0.00389092 0.565079 0.00011006 0.0304328 0.231896 0.0909722 6.86017e-05 0.00246869 0.00293214 0.000147554 0.00274133 
0.394102 0.00548678 0.0810317 0.0178551 0.000539256 0.0815018 3.00917e-05 0.019791 0.147492 0.188602 0.00179663 0.0401957 0.00518222 4.14885e-06 0.0163902 
0.0658832 0.00100869 0.00875714 0.00223292 5.85743e-05 0.00434559 5.04363e-07 0.328827 3.87626e-05 0.0135738 0.000102057 0.00105718 0.318133 0.0175797 0.238402 
0.304074 0.0152789 0.00715933 0.00568544 0.000370278 0.405282 3.10048e-05 0.0124116 0.115793 0.122393 0.00031237 0.00964009 5.46341e-05 1.5577e-06 0.00151267 
0.0248083 0.0152011 0.169242 0.00120132 0.000592661 0.00563313 3.71098e-06 0.0798809 0.0185343 0.179328 2.89221e-05 0.502087 0.000852202 5.59655e-06 0.00260077 
0.0863871 0.0136994 0.505196 0.00425955 0.0122156 0.159151 0.000649092 0.0564417 0.0997574 0.0156299 0.0365896 0.00742117 0.000953709 0.00158631 6.34084e-05 
0.0305246 0.0516698 0.00365188 0.231201 0.0668723 0.0834613 0.00025046 0.242251 0.010853 0.0834525 0.178019 0.00234403 0.0146666 8.13622e-08 0.000782722 
0.104453 0.0200252 0.00360293 0.0050483 2.41906e-05 0.00181893 2.14939e-05 0.00264415 0.828557 0.013496 0.000258694 0.0148773 0.000245716 4.93826e-10 0.00492712 
0.0123785 0.0103161 0.0458349 0.0020815 0.112147 0.0397019 9.89367e-05 0.0200106 0.0159659 0.00334198 0.729247 0.00281604 0.00590886 3.74532e-06 0.000147532 
0.258352 0.00731006 0.0796153 7.43876e-05 0.0009392 0.059648 9.55413e-05 0.00150118 0.429059 0.14471 0.000251518 0.0161598 0.00033867 2.9048e-11 0.00194531 
0.0460189 0.00317073 0.00261752 0.000164678 2.27533e-05 0.0495243 1.48728e-09 0.0432493 0.148195 0.69498 2.11773e-05 0.00863439 0.00311266 0.000163507 0.000125409 
0.00142568 0.49637 0.0250275 0.0233318 9.27623e-06 0.00627342 1.66695e-11 0.0480401 0.0508406 0.0100342 0.337328 0.000933261 0.00028195 2.72053e-05 7.72526e-05 
0.00346588 0.521151 0.0269386 0.0146434 0.00608267 0.0235249 1.12674e-06 0.0165362 0.0128228 0.00628772 0.364018 0.000978692 0.00156356 0.00142986 0.000556372 
0.430111 0.00762054 0.00617046 9.45598e-05 0.00103431 0.131106 2.82221e-05 0.00873345 0.238066 0.159615 0.000107613 0.0136858 0.000317624 0.000255298 0.00305327 
0.00299905 0.345261 0.186858 8.70233e-05 0.0210457 0.0176063 7.29463e-08 0.172157 0.0219904 0.0751512 8.81871e-05 0.102687 0.0017622 0.00188966 0.0504176 
0.158169 0.0141982 0.0825171 0.048048 0.0138558 0.0219459 2.51425e-06 0.028103 0.535212 0.0647026 0.000109631 0.0220941 0.0003731 6.47378e-13 0.0106693 
0.0727369 0.0210258 0.0901922 0.0249642 0.0147323 0.254916 0.000378799 0.277336 0.0651478 0.119982 0.014975 0.0299931 0.00105889 8.76472e-05 0.012473 
0.123596 0.022193 0.711015 4.5238e-05 2.71695e-05 0.0058532 3.56379e-05 0.00632411 0.00639687 0.0771327 0.0380996 0.00712479 0.000437757 8.6007e-05 0.00163238 
0.361349 0.00184385 0.0255852 0.0118063 0.000344845 0.0415344 1.87515e-05 0.0461472 0.200158 0.0764745 2.26942e-05 0.222276 0.00381863 4.8204e-06 0.00861571 
2.08172e-08 0.00161851 0.0434152 0.00424297 0.887285 0.024551 2.51967e-09 0.0043773 0.0183031 0.00482869 0.000302252 0.0109621 0.000113999 2.98796e-12 1.2829e-12 
0.0508049 0.0236855 0.0158354 0.117699 0.00204428 0.0426931 0.000450424 0.511502 0.0799518 0.0771852 0.000295815 0.0234406 0.0520982 0.000163653 0.00215002 
0.233406 0.00414612 0.0332623 0.00235578 0.000839535 0.0245309 0.000185234 0.00740629 0.614565 0.0664211 4.14098e-05 0.0107274 0.00163589 3.50521e-07 0.000476968 
