0.0462197 0.258166 0.0335331 5.69989e-05 0.00824908 0.000974544 9.42474e-07 0.289342 0.206381 0.0920469 7.95587e-05 0.0289933 0.00124927 0.000924095 0.0337843 
0.0408279 0.00243272 0.000224532 9.63024e-05 0.0005957 0.00206258 3.40592e-08 0.00386902 0.879151 0.0612013 5.9717e-06 7.37934e-06 0.000161159 7.34196e-07 0.00936341 
0.0005094 0.0380402 0.00591583 0.0102308 0.000715298 3.29848e-06 1.38083e-06 0.862218 0.0133663 0.0431555 1.36324e-05 0.000440706 0.0179488 0.00664457 0.000796749 
0.048085 0.33147 0.141368 0.00901534 0.00340437 0.0992044 0.000700648 0.0274816 0.194935 0.023677 0.106665 0.00315291 0.00893787 0.000946948 0.000955627 
0.0131008 0.576752 0.238852 0.000370302 0.0429347 0.00660566 2.14388e-06 0.00686422 0.0720488 0.0129874 0.00211855 0.006559 0.000579561 2.63365e-05 0.0201986 
0.00207013 0.0125005 0.0844977 0.00976453 0.000103798 7.96072e-05 3.85226e-07 0.0387242 0.057691 0.0368365 3.12164e-06 0.00234376 0.00108159 0.000223776 0.754079 
0.048085 0.33147 0.141368 0.00901534 0.00340437 0.0992044 0.000700648 0.0274816 0.194935 0.023677 0.106665 0.00315291 0.00893787 0.000946948 0.000955627 
0.0113837 0.000931583 0.00152164 0.770192 0.000250814 0.00208303 1.7626e-10 0.0651893 0.0828755 0.0457474 2.10861e-05 0.0194963 9.54283e-05 5.67567e-10 0.000212388 
0.0329449 0.11631 0.129929 0.00491 0.0134917 0.031646 1.15895e-07 0.274084 0.014647 0.151303 3.42174e-06 0.00135965 0.170233 6.90279e-06 0.0591311 
0.270648 0.132695 0.0246897 0.0421976 0.00141858 0.001633 1.21493e-06 0.0103085 0.41268 0.0623895 0.00585524 0.0334424 0.000399109 7.22814e-06 0.00163524 
0.204827 0.0216766 0.465998 0.00346305 0.000256042 0.00108194 0.000233402 0.0640021 0.0894936 0.0267038 0.00548824 0.0665587 0.000869148 0.000281607 0.0490672 
0.366226 0.0441508 0.105759 0.0141166 0.00749795 0.0492788 0.000663896 0.126645 0.124593 0.0901625 0.00104106 0.0315245 0.0129568 0.0125907 0.0127925 
0.0161278 0.0396577 0.0285811 0.0647193 0.00287806 0.00987334 0.000105824 0.700345 0.0368635 0.0614009 0.000166174 0.00492414 0.0315719 0.000267747 0.00251698 
0.0128023 0.000327213 0.0151559 0.0818625 0.00029783 0.0032936 1.08702e-09 0.789378 0.00741359 0.0429451 8.15008e-08 0.0152846 0.0288111 5.6587e-06 0.00242256 
0.210282 0.00641879 0.0971571 0.00536935 0.000544813 0.0210574 7.52022e-06 0.0467631 0.199677 0.268056 1.23441e-05 0.132631 0.0011361 1.36739e-05 0.0108738 
0.116303 0.0387305 0.181928 0.00720265 0.000251333 0.0190234 8.17296e-07 0.0229992 0.372253 0.173618 8.2866e-05 0.0480323 0.00195048 9.82064e-06 0.017614 
0.0400483 0.00582538 0.235444 0.0177364 0.000111153 0.0112761 3.18917e-05 0.052314 0.0262737 0.113885 0.00354962 0.451648 0.00393481 0.0341122 0.00380909 
0.116378 0.0701961 0.32667 0.0101036 0.00947132 0.00413279 8.64862e-06 0.038579 0.261559 0.0659289 0.000434935 0.0781988 0.000851773 0.000246112 0.0172412 
0.14441 0.0388846 0.311401 0.000888094 0.0120693 0.0104252 2.80566e-06 0.0744555 0.112847 0.060249 0.00156411 0.215846 0.00443133 0.00033564 0.0121898 
0.0105869 0.0504802 0.000587178 0.391399 5.42645e-06 0.0431724 3.59534e-09 0.432677 0.00577617 0.060483 6.14749e-05 0.00235847 0.00177531 2.75405e-07 0.000637424 
0.0344954 0.0208033 0.00119877 0.0657635 0.000288893 0.177515 5.42321e-06 0.634146 0.0140237 0.0443638 0.000184655 0.0014467 0.00241749 0.0018359 0.0015116 
0.00789291 0.00273422 0.594177 0.00182853 1.88666e-08 2.09847e-05 2.97065e-09 0.00178158 0.131417 0.238001 2.43123e-05 0.0104934 0.00446959 3.33356e-09 0.00715919 
0.012175 0.0017448 0.0116618 0.00707587 0.000860867 0.0937105 2.62757e-09 0.0892548 0.0520031 0.0550871 2.92334e-06 0.0102492 0.665714 1.98536e-08 0.000460231 
0.0314283 0.0454393 0.172548 0.0318807 0.125256 0.00486702 1.99323e-07 0.0683296 0.0504488 0.0387356 0.00037392 0.226605 0.0629665 0.00103923 0.140082 
0.00683951 0.592069 0.0092183 0.000138526 0.0359095 0.0263921 1.40913e-07 0.102218 0.0860341 0.0221816 0.000735875 0.0047945 0.112353 4.54846e-07 0.00111452 
0.0111214 0.016835 0.000908465 0.00150501 5.31903e-05 0.00133309 2.84228e-11 0.0507486 0.0128033 0.015097 2.61024e-06 0.000334384 0.00147774 0.887776 4.59777e-06 
0.00870315 0.00203654 0.00256708 0.00225573 0.000140764 0.00333361 1.09263e-09 0.95162 0.00874512 0.0178371 5.30691e-05 0.00141759 0.00116399 7.33625e-09 0.000126103 
0.0312233 0.018057 0.0323901 0.0573469 6.97459e-06 1.23848e-05 3.52326e-06 0.68005 0.0363057 0.0782389 5.57185e-06 0.0151236 0.0491157 4.82311e-06 0.00211604 
0.00160725 0.763414 0.0324978 0.00310065 0.00785506 0.00917137 6.50974e-12 0.00392441 0.0173588 0.00347208 0.14806 0.000498027 0.00138198 0.0068806 0.000778282 
0.0344265 0.151118 0.0360999 0.00623239 1.15319e-06 0.0399596 2.7452e-10 0.253708 0.131214 0.109533 0.000123863 0.000287863 0.237293 3.65743e-10 2.6795e-06 
0.364615 0.0138937 0.104697 0.0082501 0.000363214 0.0802095 0.000173726 0.0741154 0.0800581 0.18782 0.00709616 0.0757117 0.000638257 0.00139104 0.000967564 
0.181755 0.0421974 0.00919288 0.029769 0.00126163 0.0778717 2.10719e-05 0.084332 0.210988 0.189463 0.000140567 0.166449 0.000201687 0.00326776 0.00308977 
0.0648432 0.00364789 0.00529045 0.179843 3.56196e-05 0.0150129 1.53024e-05 0.619829 0.0168422 0.0495433 2.44607e-05 0.00742998 0.0354409 0.0009196 0.00128139 
0.0291678 0.00618843 0.00812451 0.000144254 0.00247511 0.0684096 1.37238e-11 0.0966828 0.000527792 0.0146422 0.463095 0.306557 0.000567071 3.46622e-06 0.00341419 
0.0822023 0.0221799 0.0791726 0.0414473 0.000685142 0.0969277 0.000202647 0.113882 0.031359 0.06772 0.0920694 0.267135 0.000403359 0.0013965 0.103217 
0.109799 0.0791863 0.0690591 0.00879996 0.000818261 0.0270357 3.74577e-05 0.0276075 0.0613019 0.543843 0.000231204 0.0509456 0.00174738 0.0179975 0.00159056 
0.111178 0.0145308 0.12033 0.0179886 0.00773458 0.0354152 6.16595e-05 0.0354007 0.249047 0.37205 0.00277434 0.0262126 0.00250724 0.000726379 0.00404308 
0.00715344 0.616894 0.0407509 1.19801e-05 0.00521089 0.00063169 7.01254e-09 0.249124 0.0536398 0.0155771 0.000302261 4.32925e-05 0.00576969 9.65082e-06 0.00488157 
0.0332498 0.0249416 0.0787851 1.30565e-07 0.0017031 0.0798725 1.77328e-10 0.162071 0.18619 0.330454 1.17713e-07 0.0545444 0.0473025 2.79424e-07 0.00088623 
0.0832345 0.0240587 0.0462659 0.00183957 0.000226058 0.0260526 2.96744e-07 0.0911852 0.378964 0.23851 0.000243976 0.0921603 0.00193789 0.00915632 0.00616557 
0.0833343 0.234571 0.0043755 0.00228618 0.000111335 0.00251641 4.93059e-05 0.0452781 0.139759 0.0126622 0.000139368 0.141138 0.000180027 7.12018e-05 0.333529 
0.0188174 0.19391 0.000106928 0.00852498 4.66696e-06 0.0255694 6.34221e-09 0.504389 0.0559347 0.184437 3.47871e-08 8.03509e-05 0.00815258 1.49198e-06 7.09173e-05 
0.000314204 0.529046 0.0160216 1.38888e-05 0.0296656 7.80537e-05 6.25663e-09 0.0382212 0.00909861 0.016328 8.24898e-05 0.00664198 0.00874981 1.44217e-06 0.345737 
0.0301404 0.00993465 0.101085 0.0118708 0.00502689 0.000250375 2.80465e-11 0.0347259 0.0420999 0.1398 6.52883e-06 0.621833 0.00142645 7.5304e-06 0.00179214 
0.012175 0.0017448 0.0116618 0.00707587 0.000860867 0.0937105 2.62757e-09 0.0892548 0.0520031 0.0550871 2.92334e-06 0.0102492 0.665714 1.98536e-08 0.000460231 
0.0385735 0.000937552 0.00159432 0.000984626 0.00106665 0.00550363 1.41159e-11 0.896258 6.34185e-05 0.0195834 7.00568e-05 7.11851e-05 0.0352547 8.88387e-07 3.81866e-05 
0.0466357 0.374985 0.256382 0.0462161 0.00719636 0.00275593 1.23889e-06 0.0237155 0.0819578 0.0064463 0.139415 0.00646641 0.000340119 1.62805e-05 0.00747015 
0.0930873 0.183384 0.050515 0.000389545 0.000297803 0.000118928 4.55225e-07 0.562757 0.00808832 0.0435628 0.00672141 0.00143273 0.00283755 6.06494e-07 0.0468068 
0.0727294 0.361362 0.10441 0.0204705 0.00572939 0.093365 0.000155301 0.054914 0.0946289 0.115486 0.0532684 0.0153314 0.00236364 0.000861386 0.00492494 
0.12459 0.0335803 0.0447762 0.0177105 3.6014e-05 0.0131479 3.39202e-07 0.113291 0.0435312 0.440394 8.22228e-06 0.129487 0.0127264 0.000261103 0.0264598 
0.000937581 0.0159878 0.0217026 0.000985101 1.8282e-05 0.00302148 3.12019e-08 0.0156502 0.875801 0.0272376 1.20587e-05 0.0037861 0.0123397 2.39913e-07 0.0225204 
0.012175 0.0017448 0.0116618 0.00707587 0.000860867 0.0937105 2.62757e-09 0.0892548 0.0520031 0.0550871 2.92334e-06 0.0102492 0.665714 1.98536e-08 0.000460231 
0.003151 0.0371536 0.118928 0.00374593 0.00110671 0.000130601 6.23668e-10 0.0133054 0.0518907 0.104317 0.000296912 0.657172 0.000592286 0.00142322 0.00678645 
0.000176423 0.00248875 0.000224409 0.967032 1.25087e-08 3.66066e-05 5.44293e-12 0.0288297 5.30842e-09 0.00113809 1.80491e-07 2.35907e-05 9.1523e-06 4.16047e-09 4.10713e-05 
0.108391 0.0011999 0.0627241 0.00475723 9.52776e-05 0.603453 4.91578e-07 0.0234847 0.0220115 0.152238 7.39413e-05 0.0126948 0.00856778 2.31536e-06 0.000306304 
0.179511 0.0507393 0.0712844 0.018327 0.00133694 0.0295965 0.000262545 0.0710309 0.231361 0.298958 0.00320108 0.0154814 0.0165805 0.000809885 0.0115203 
0.0683091 0.0798967 0.128732 0.00276231 0.019622 0.278227 2.64458e-05 0.0841126 0.136862 0.118753 0.000621181 0.0692215 0.00265089 0.00276292 0.00744126 
0.012175 0.0017448 0.0116618 0.00707587 0.000860867 0.0937105 2.62757e-09 0.0892548 0.0520031 0.0550871 2.92334e-06 0.0102492 0.665714 1.98536e-08 0.000460231 
0.207979 0.0156299 0.125142 0.00926718 0.00239291 0.0385066 9.45928e-05 0.0330641 0.0602391 0.0963725 0.0085258 0.38398 0.00088775 0.000910229 0.0170078 
0.00870315 0.00203654 0.00256708 0.00225573 0.000140764 0.00333361 1.09263e-09 0.95162 0.00874512 0.0178371 5.30691e-05 0.00141759 0.00116399 7.33625e-09 0.000126103 
0.344083 0.152603 0.0114734 6.5508e-07 8.13641e-06 0.000352942 1.19263e-08 0.000189412 2.85204e-05 0.458378 5.11638e-06 0.032608 4.08971e-05 1.58893e-08 0.000229753 
0.441946 0.0116935 0.0891051 0.0198385 0.128532 0.0272045 1.12617e-05 0.0194083 0.0780475 0.0179391 0.000620965 0.141279 0.00127209 0.000118733 0.0229829 
5.79795e-06 0.68914 0.156326 1.01874e-05 0.000850048 0.000503221 2.58453e-08 0.0950059 0.00773599 0.0353282 2.16641e-06 3.11404e-06 0.00619069 1.06418e-06 0.00889751 
0.0176732 0.00764108 0.00246656 0.0885793 0.000255739 0.0174758 2.51692e-09 0.083648 0.267859 0.377062 1.16501e-05 0.0484871 0.0874163 0.00136364 6.08908e-05 
0.0436267 0.0464728 0.0101462 0.000451716 0.00154039 0.10938 3.37865e-11 0.133288 0.00331005 0.0730371 0.323917 0.24399 0.00468446 0.000576604 0.00557985 
0.0250435 0.002467 0.0250803 0.00019405 6.58884e-05 0.00973719 4.18691e-08 0.0404181 0.00516443 0.0359914 1.90271e-07 0.822063 0.0115208 5.5782e-08 0.0222545 
0.00488779 0.000959369 0.00323839 0.00309579 1.88169e-05 0.593509 4.20512e-07 0.025765 0.0693252 0.27934 7.29524e-05 0.0129441 0.00655563 4.82403e-05 0.000238674 
0.298235 0.0053831 0.022427 0.00675456 3.78717e-05 0.0205667 1.42899e-05 0.208799 0.325523 0.0476835 4.68577e-05 0.0354325 0.000788643 0.000333877 0.0279743 
0.205791 0.00865678 0.0216155 0.00165899 0.000363382 0.29202 2.23544e-05 0.07539 0.103264 0.271467 0.00787107 0.00471384 0.00287632 0.00190869 0.00238175 
0.000694633 0.0661388 0.0420073 0.000732016 0.00133886 0.00205051 5.37844e-08 0.00283281 0.542717 0.195863 2.14724e-06 0.144881 0.00073514 6.45054e-06 9.36221e-08 
0.017476 0.209657 0.0114319 0.00241874 0.000153638 0.0178109 4.30561e-07 0.425097 0.0509219 0.141136 0.0983541 0.00134248 0.0237553 0.000199424 0.000246143 
0.00625865 0.0137898 0.538119 0.00270061 0.000462687 0.00285865 2.86988e-05 0.0528759 0.265181 0.0519458 3.51243e-05 0.0546364 0.0103303 0.000333544 0.000444112 
0.0641471 0.0173587 0.0807075 0.00644893 0.00240612 0.0198375 3.21933e-08 0.0263894 0.53715 0.213762 0.00027382 0.0136547 0.00236825 0.00823516 0.00726116 
0.0370752 0.0126596 0.0334126 0.0728184 0.00342427 0.0220111 0.000298724 0.646866 0.0294881 0.0584289 0.000989827 0.0195434 0.0482234 0.00231641 0.0124444 
0.153476 0.00502953 0.0856695 0.00916699 0.00598536 0.0103263 5.57314e-05 0.0335164 0.0728869 0.0265817 0.000210475 0.58257 0.00191254 0.00140153 0.0112103 
0.055254 0.0113498 0.0727214 0.00177887 1.87436e-08 0.0167426 2.99438e-09 0.0866843 0.15822 0.574258 2.26541e-05 0.0112497 0.0091452 8.73969e-08 0.00257383 
0.0143967 0.0110273 0.360182 1.10132e-06 0.116426 0.0140761 1.44322e-08 0.0636211 0.00244602 0.364972 4.9561e-06 0.00954271 0.0425803 3.64573e-07 0.000723784 
0.154549 0.032716 0.00616992 0.000127068 2.45328e-07 0.0072541 2.45082e-11 0.24979 0.0369841 0.230769 9.03804e-06 0.00181763 0.279814 2.77658e-08 2.79791e-07 
0.0271329 0.0111788 0.000759815 0.160387 7.70125e-08 0.0394245 3.22276e-08 0.428772 0.0711669 0.258064 1.4524e-07 0.000208474 0.00207543 1.85462e-07 0.0008293 
0.0997021 0.0963685 0.0304595 0.000238711 5.01535e-05 0.00720815 1.09177e-08 0.046691 0.617263 0.031159 7.8301e-05 0.0645275 0.000226383 6.17277e-08 0.00602784 
0.0212449 0.0326451 0.00497008 0.407547 0.00125112 0.0147863 1.57588e-06 0.451689 0.0195136 0.0400648 0.000229783 0.00395993 0.000995607 0.000202345 0.000898646 
0.214802 0.0678428 0.028548 0.00638959 0.00122562 0.0281858 0.00048988 0.419805 0.159165 0.0461606 0.00160619 0.0122212 0.00526572 0.00157648 0.00671665 
0.0148442 0.00114879 0.719714 0.000554958 0.000681368 6.25526e-05 2.66432e-07 0.0546297 0.00297433 0.059526 6.05682e-05 0.103069 0.0415856 1.78191e-05 0.00113083 
0.0721834 0.112235 0.070275 0.133829 0.00225631 0.00270893 2.05065e-07 0.114735 0.0816271 0.347569 0.00262677 0.0246887 0.00736489 0.00127119 0.026629 
0.010218 0.0127962 0.0174291 0.00169994 0.000457894 0.0110061 2.4979e-09 0.0130273 0.295901 0.597608 8.4187e-05 0.035277 0.000502696 0.00372913 0.000263337 
0.2063 0.0204237 0.0126674 0.0246781 0.00167642 0.0207527 1.66128e-06 0.145642 0.0293425 0.500904 2.56064e-05 0.00982257 0.00140784 0.0143205 0.0120353 
0.0644581 0.156904 0.0136714 0.000553663 0.000108765 9.63135e-05 5.11671e-07 0.0138075 0.0865176 0.15971 0.000376733 0.339444 0.000355299 7.11003e-07 0.163996 
0.11817 0.12824 0.105354 0.000138187 0.0076884 0.0197465 1.88536e-06 0.448659 0.0194204 0.0752574 0.0016232 0.0669416 0.00666584 1.98853e-06 0.00209171 
0.0460276 0.188888 0.426282 0.00247695 0.00249199 0.0563283 3.76707e-05 0.0247955 0.0818402 0.11684 0.0274784 0.0157205 0.00778816 0.000109896 0.00289607 
0.0742378 0.0160022 0.0232611 0.0858373 0.00440709 0.0303133 0.000157688 0.612873 0.0378443 0.0581892 0.00239984 0.021565 0.0277263 0.000486444 0.00469905 
0.0115851 0.0315913 0.0016711 0.000203235 0.000713087 0.000321859 3.1824e-10 0.116106 2.58299e-07 0.822405 4.00118e-08 0.00842733 0.000419875 4.2399e-10 0.00655577 
0.00160725 0.763414 0.0324978 0.00310065 0.00785506 0.00917137 6.50974e-12 0.00392441 0.0173588 0.00347208 0.14806 0.000498027 0.00138198 0.0068806 0.000778282 
0.00312037 0.294655 0.00379603 4.10669e-05 5.93467e-05 0.00443005 5.33955e-09 0.0780502 0.00759404 0.583661 1.8302e-05 0.000571118 0.02352 0.000398142 8.43929e-05 
0.000972768 0.621227 0.0429887 0.000535347 0.00120162 0.00966307 3.53905e-09 0.303662 0.000870647 0.000127032 4.72466e-06 0.0185365 7.77896e-05 0.000123156 9.11939e-06 
0.0285533 0.0479175 0.434291 0.00627215 0.00857299 0.00866327 2.97669e-05 0.0147805 0.330038 0.0809352 0.012644 0.0198766 0.00169633 0.000988978 0.00474019 
0.100755 0.0189917 0.610187 9.0786e-05 0.00300466 0.00082077 1.21333e-05 0.00146919 0.219519 0.0355328 0.000403405 0.00557959 2.01402e-05 0.00357709 3.68663e-05 
0.0567699 4.38307e-05 0.0168564 0.00090416 3.04254e-05 0.000729202 3.36229e-07 0.0445571 0.00555128 0.0480312 1.58087e-05 0.825283 0.000206524 4.47956e-07 0.00102011 
0.101832 0.0301926 0.192082 0.0293131 0.0363959 0.00512563 0.000106273 0.0561587 0.300913 0.218169 0.000194675 0.0156107 0.00226596 0.000106689 0.0115342 
0.115265 0.169726 0.0216367 0.00917918 0.000721741 0.0268127 6.4492e-05 0.103187 0.341777 0.126908 0.0111731 0.0240757 0.00941276 0.000897283 0.0391635 
0.092907 0.138026 0.00572589 0.00259354 6.80992e-05 0.0149603 1.7585e-08 0.0373514 0.360702 0.307321 2.43969e-05 0.0127333 0.000587763 9.04324e-06 0.02699 
0.0245923 0.249743 0.197022 0.0391456 0.00407194 0.10557 3.36933e-10 0.0482041 0.100729 0.0176174 0.199295 0.00986513 0.00107307 8.9943e-06 0.00306234 
0.0297655 0.0017803 0.0178316 0.000852923 0.0185566 0.718491 2.98651e-05 0.137639 0.0163841 0.0235979 0.000860001 0.0287806 0.00219257 0.00312553 0.000112077 
9.64616e-07 0.744821 0.0243072 0.000141735 0.00698442 0.00400511 1.18795e-10 0.0870113 0.00695783 0.0376029 0.00191495 0.0187463 0.0494692 0.00169573 0.0163415 
0.00116165 0.0407147 0.0188593 0.0180039 0.0144154 0.0814133 4.99182e-08 0.81469 0.00661783 0.00202346 4.33115e-05 0.000147895 0.00123063 7.80644e-06 0.000671083 
0.028073 0.0196653 0.0992589 0.00998075 0.000929856 0.00659078 4.13496e-05 0.0146627 0.312038 0.472876 6.7251e-05 0.0319209 0.00178398 0.000271428 0.00183933 
0.00703799 0.782218 0.0152257 6.91355e-05 0.00495192 0.0410061 6.60989e-05 0.0603385 0.0241779 0.0252028 0.000254712 0.00408235 7.56114e-05 0.00229596 0.0329968 
0.097206 0.0380455 0.600884 0.00146728 0.00185005 0.00593147 0.000184912 0.008926 0.101003 0.0697883 0.0272557 0.0380812 0.00223425 0.000443068 0.00669937 
0.0133698 0.0562965 0.165056 0.000445717 0.000774464 0.0108002 2.3453e-08 0.0818599 0.0291569 0.101034 7.04724e-05 0.537468 0.00125467 0.000116427 0.00229613 
0.0109415 0.0195234 0.14164 0.000244693 2.29507e-05 0.00842149 7.5116e-07 0.0719835 0.073966 0.189701 7.76463e-06 0.00337991 0.00108712 0.000124234 0.478956 
0.00555495 0.0222522 0.00859823 0.00151284 0.00133407 0.0073678 8.31334e-07 0.316521 0.0478428 0.54285 0.000219546 0.0124921 0.00224805 0.0244538 0.0067518 
0.598114 0.00992383 0.0624959 0.00395515 5.41761e-05 0.00441279 7.26348e-06 0.0169143 0.133676 0.0318509 7.52882e-05 0.117242 0.00211218 0.000165513 0.019 
0.0198462 0.120771 0.0104387 0.0373428 0.00443952 0.0144213 4.76594e-08 0.0222069 0.526944 0.203927 0.00133513 0.0229979 0.014561 4.93363e-07 0.00076804 
0.0732342 0.00410871 0.0960223 0.00813335 0.000307153 0.0209282 3.03404e-06 0.0315425 0.156599 0.570783 0.000559765 0.0321842 0.00125305 0.000463762 0.00387729 
0.014481 0.00578697 0.177522 0.0541831 4.17126e-06 0.000149323 3.25574e-08 0.290489 0.0263818 0.0936648 7.71213e-06 0.278997 0.0564474 6.04352e-06 0.00187988 
0.0297655 0.0017803 0.0178316 0.000852923 0.0185566 0.718491 2.98651e-05 0.137639 0.0163841 0.0235979 0.000860001 0.0287806 0.00219257 0.00312553 0.000112077 
0.0467643 0.12503 0.0533451 0.00784156 5.63167e-06 0.00103942 5.68521e-10 0.10991 0.103054 0.524543 7.64135e-06 0.0147214 0.01344 8.52034e-06 0.000289132 
0.0201648 0.000661577 0.00228353 0.0819374 0.000396476 0.00225842 2.98138e-11 0.862868 0.0183377 0.00901136 3.54009e-07 0.00120237 0.000464602 5.70606e-05 0.000356837 
0.0575244 0.0169758 0.0614204 0.013493 0.000406925 0.00870606 2.54294e-06 0.139668 0.0174791 0.6245 0.000148123 0.0134307 0.0179931 0.0241853 0.00406718 
0.0788257 0.0264524 0.336817 0.000110748 0.139782 0.0105806 1.49013e-06 0.0565431 0.0558724 0.0496756 0.00102538 0.0678255 0.00478709 0.0119394 0.159761 
0.031238 0.00177009 0.0010842 0.000456069 4.51653e-06 0.0987131 1.54302e-08 0.0488043 0.0466513 0.712137 4.97474e-06 0.00032979 0.0468333 0.0119734 5.82734e-08 
0.0222466 0.00347458 0.00102689 0.000824503 1.15298e-06 0.000493586 5.39917e-09 0.947575 0.000145477 0.0225614 1.58699e-08 0.000585158 0.000411618 4.56216e-07 0.000653437 
0.0115513 0.70705 0.0121386 0.000305678 6.44108e-05 5.61374e-05 3.75876e-08 0.00665153 0.255384 0.00471789 5.64408e-06 2.18833e-06 0.000971704 6.4492e-06 0.0010945 
0.117672 0.0118272 0.018729 0.0316937 0.00234341 0.0119193 5.95165e-07 0.0239893 0.621107 0.104007 0.0160781 0.0345668 0.000619668 0.000147377 0.0053001 
0.0575821 0.0226413 0.139884 0.0155389 0.0386435 0.0869117 3.81481e-05 0.0491427 0.391559 0.0944628 0.0697564 0.0265201 0.000947412 5.06903e-05 0.00632126 
0.0498895 0.00297833 0.0144358 0.00386811 2.21501e-05 0.726907 3.26741e-07 0.0325478 0.0291854 0.106589 0.00247039 0.0281169 0.0024247 4.00396e-07 0.000563965 
0.00656053 0.000182348 0.00913126 0.0414632 0.000230585 0.0013995 8.99278e-10 0.730229 0.0314645 0.127411 6.42779e-07 0.0127585 0.0387567 5.18818e-05 0.000360085 
0.00142568 0.49637 0.0250275 0.0233318 9.27623e-06 0.00627342 1.66695e-11 0.0480401 0.0508406 0.0100342 0.337328 0.000933261 0.00028195 2.72053e-05 7.72526e-05 
0.00673887 0.0538896 0.0516198 0.00647012 0.000312845 0.712353 2.6156e-05 0.083438 0.0477081 0.0253366 0.000283316 0.00822704 0.00254133 0.000184388 0.000870539 
9.84475e-05 0.0341049 0.0242438 8.53872e-05 0.00224034 3.34604e-05 1.09706e-07 0.022469 0.909784 0.00281575 1.34223e-05 0.00191478 0.000962871 3.53636e-07 0.0012332 
0.0111214 0.016835 0.000908465 0.00150501 5.31903e-05 0.00133309 2.84228e-11 0.0507486 0.0128033 0.015097 2.61024e-06 0.000334384 0.00147774 0.887776 4.59777e-06 
0.0717222 0.0293713 0.0170632 6.79204e-05 0.845196 0.00233445 1.14153e-07 0.00648857 0.0142336 0.0115939 5.31132e-05 0.000717746 4.85832e-05 3.24176e-07 0.00110945 
2.62171e-06 0.0936507 0.0227517 2.70277e-06 0.00613537 0.0632293 8.06702e-11 0.000819781 0.557671 0.245489 6.2146e-05 0.00901532 0.00110143 6.75706e-05 9.78336e-07 
0.012387 0.00984503 0.767781 1.86092e-06 0.000930421 9.41815e-05 8.9184e-07 0.0703282 0.0313639 0.0506812 2.1692e-05 0.0182455 0.0382377 9.67657e-06 7.12809e-05 
0.034452 0.0049725 0.000361145 0.000119417 0.000181125 0.205014 8.67352e-08 0.00624578 0.427047 0.306372 1.76274e-06 0.00112669 0.000313581 0.0137808 1.24641e-05 
0.287055 0.0117715 9.57389e-05 0.00513337 0.00242315 0.00307722 4.16478e-07 0.281913 0.00727753 0.108163 1.51728e-06 0.00157177 0.283221 2.63748e-05 0.00826899 
0.00173823 0.0219028 0.00212819 1.91282e-05 1.47434e-05 1.06235e-05 2.43865e-07 0.000235718 0.000284413 0.00453048 2.38488e-05 0.00236637 6.54717e-06 0.000690761 0.966048 
0.00870315 0.00203654 0.00256708 0.00225573 0.000140764 0.00333361 1.09263e-09 0.95162 0.00874512 0.0178371 5.30691e-05 0.00141759 0.00116399 7.33625e-09 0.000126103 
0.000817081 0.023969 0.00201829 0.00546623 0.000413875 0.000668422 2.61234e-07 0.0127654 0.00407104 0.00419492 4.9842e-05 0.00175508 0.000430907 3.48041e-07 0.943379 
0.0031622 0.000574303 0.00114921 0.886348 0.0279598 0.00386348 1.75538e-10 0.028193 0.0271515 0.0142504 4.8753e-05 0.00719001 5.01622e-05 4.08901e-10 5.92711e-05 
0.00870315 0.00203654 0.00256708 0.00225573 0.000140764 0.00333361 1.09263e-09 0.95162 0.00874512 0.0178371 5.30691e-05 0.00141759 0.00116399 7.33625e-09 0.000126103 
0.115944 0.282476 0.284708 0.000559743 0.00117129 0.03868 0.000192719 0.0185961 0.115086 0.0542803 0.0583148 0.0226817 0.00541838 0.000444832 0.00144482 
0.115948 0.0428841 0.131666 0.00515358 0.00641224 0.0664657 0.00029706 0.135835 0.279032 0.184346 0.00137362 0.0154088 0.000396368 0.0137249 0.00105596 
0.166539 0.000204514 0.0310089 2.42272e-05 0.000191785 0.0529532 9.22596e-07 0.00306248 0.0351956 0.566619 0.000172005 0.143567 0.000157668 0.000100427 0.000202514 
0.0188096 0.0216571 0.0172645 0.100826 0.00371654 0.125817 2.52553e-05 0.595276 0.015926 0.0458221 0.0103645 0.00682628 0.0217901 0.0134204 0.00245833 
0.0298634 0.158117 0.0507665 0.029084 0.0148173 0.00415165 2.43447e-06 0.562441 0.0208935 0.0430941 0.0406571 0.001883 0.0171454 0.000212152 0.0268709 
0.00965788 0.00194027 0.0321721 0.000694038 0.000122779 0.00324936 7.56357e-07 0.366925 0.0028331 0.0318868 2.86046e-06 0.00263772 0.54749 5.00763e-05 0.000336754 
0.036877 0.00668277 0.00979232 0.000109146 2.33273e-05 0.00126944 3.45603e-11 0.752672 0.00847448 0.11529 1.01322e-07 0.0687247 3.30459e-05 4.60445e-11 5.14135e-05 
0.02842 0.0155841 0.000434202 8.9477e-05 4.76594e-05 0.0194406 9.33039e-07 0.0089984 0.350515 0.57527 1.17201e-05 0.000812039 0.000240247 0.000116281 1.90652e-05 
0.000444328 0.00762244 0.41536 0.000527469 0.00023645 0.000812476 1.15549e-11 0.0082582 0.520085 0.0322861 5.81072e-05 0.00893119 0.0044224 1.53946e-11 0.000956167 
0.0687775 0.0728663 0.0153216 0.0485964 0.0002672 0.0154093 1.4109e-06 0.382124 0.231628 0.11946 0.000131713 0.019618 0.0059733 0.00373901 0.0160863 
0.598114 0.00992383 0.0624959 0.00395515 5.41761e-05 0.00441279 7.26348e-06 0.0169143 0.133676 0.0318509 7.52882e-05 0.117242 0.00211218 0.000165513 0.019 
0.000481993 0.0651395 0.00493801 0.379703 0.00397892 1.42436e-05 3.33742e-10 0.523572 0.00908503 0.00936508 3.84438e-05 0.000194887 0.000936877 1.97035e-05 0.00253252 
0.0970076 0.0297743 0.0329187 0.00256606 0.000190768 0.00988565 1.0079e-05 0.12233 0.0654249 0.101377 4.81189e-05 0.176259 0.00086332 0.000268858 0.361076 
0.0203107 0.355124 0.0790676 0.00116109 0.000139098 0.00664134 2.6403e-07 0.0848135 0.0305064 0.0180993 0.000555017 0.0438028 0.00618918 4.87165e-07 0.353589 
0.00827265 0.221465 0.10115 0.00104484 5.47502e-07 0.000524923 3.62067e-11 0.0865236 0.114231 0.393653 9.98864e-08 0.0251887 0.00484295 2.58078e-06 0.0431 
0.00369478 0.716383 0.0075588 0.000210185 0.00106248 8.17657e-06 6.91417e-07 0.150638 0.0370782 0.0438609 0.000308192 0.0175287 0.000370726 0.00012124 0.0211765 
0.00169516 0.0812491 0.460679 0.0108944 0.000643607 0.0436249 4.00955e-05 0.0317978 0.0674454 0.0493777 0.000143344 0.00587713 0.0383753 7.60942e-05 0.208081 
0.478549 0.0967445 0.0551786 0.000136999 0.0696949 0.0107735 2.36764e-05 0.0674219 0.125934 0.0490916 7.80363e-05 0.0393542 0.000894072 5.5878e-05 0.00606963 
0.146171 0.0349509 0.0885539 0.0211664 0.0012073 0.0737009 0.000168833 0.0106824 0.34748 0.198818 0.000442335 0.0469701 0.0101669 0.00188128 0.0176398 
0.0274517 0.0093646 0.0152541 0.217352 0.00690417 0.0167837 2.59524e-05 0.551416 0.00868327 0.101766 0.00750344 0.0224814 0.00874615 0.00168041 0.00458675 
0.0356546 0.18336 0.134332 0.0200522 0.00060498 0.0100504 8.97987e-06 0.354068 0.0225234 0.11894 0.0428767 0.0199257 0.0213959 0.0187172 0.0174895 
0.012175 0.0017448 0.0116618 0.00707587 0.000860867 0.0937105 2.62757e-09 0.0892548 0.0520031 0.0550871 2.92334e-06 0.0102492 0.665714 1.98536e-08 0.000460231 
0.0433617 0.000704508 0.0388475 0.000141807 0.000389004 0.061171 9.36371e-07 0.0344502 0.0977306 0.0690998 0.000106386 0.652274 4.50079e-05 0.000702982 0.000975087 
0.756853 0.0270025 0.0180488 1.75539e-05 1.65584e-05 0.006192 4.10474e-07 0.00713712 0.0708844 0.0507913 1.2512e-05 0.0359418 1.69113e-05 1.59004e-06 0.0270832 
0.0305327 0.0335626 0.102769 0.000218892 0.000277164 0.0009263 4.31696e-08 0.0509805 0.0635033 0.23989 0.000214325 0.0051431 0.471414 6.7463e-07 0.000566616 
0.139388 0.591006 0.000968728 0.000739523 0.000701705 0.00157746 0.000394449 0.0297608 0.16822 0.0550967 0.000474052 0.00181715 0.00265634 0.00588933 0.00131081 
0.0794104 0.0151718 0.128254 0.067616 0.0016113 0.00298682 2.46693e-06 0.0355272 0.198748 0.0408743 8.97347e-05 0.343733 0.00282434 2.88842e-05 0.0831218 
0.0209245 0.00936492 0.666656 0.0141987 0.00359425 0.000692862 8.70223e-05 0.0649314 0.0998813 0.0496554 0.00274463 0.0543903 0.00114639 0.00112972 0.0106031 
0.0557749 0.0146642 0.148185 0.0180415 0.000179827 0.0701488 2.74862e-07 0.177087 0.106759 0.318725 2.21292e-05 0.0862361 0.00169883 0.000524585 0.00195266 
0.012175 0.0017448 0.0116618 0.00707587 0.000860867 0.0937105 2.62757e-09 0.0892548 0.0520031 0.0550871 2.92334e-06 0.0102492 0.665714 1.98536e-08 0.000460231 
0.000384628 0.251922 0.0744511 0.0438011 0.352408 0.000159244 2.4172e-06 0.109884 0.0365201 0.120681 7.41796e-06 0.000333883 0.000558724 0.000450532 0.00843488 
0.00430914 0.743732 0.0268736 0.000814722 0.000136785 0.00169511 9.72273e-06 0.0230663 0.00536149 0.0738968 0.000120413 0.0111651 0.00716153 1.13028e-05 0.101646 
0.464688 0.0057988 0.072595 0.0149394 0.00202038 0.00150926 2.2849e-05 0.0157085 0.130087 0.0519595 0.000107889 0.146268 0.000522801 0.000518173 0.0932545 
0.0710611 0.299977 0.0214634 0.00625517 0.0016782 0.0110424 5.80188e-05 0.101845 0.227826 0.223551 0.000132349 0.00337535 0.00912345 0.000554782 0.0220572 
0.0166094 0.0204838 0.585697 0.000161282 3.37941e-05 0.000881575 9.43308e-08 0.147117 0.0227602 0.0801871 0.000138676 0.0803886 0.0153601 1.01257e-05 0.030172 
0.00541436 0.0103216 0.056259 0.00115811 1.26695e-08 0.0063604 1.40143e-12 0.281032 0.112854 0.448931 2.65528e-09 0.00985909 0.06781 2.66814e-07 8.49845e-09 
2.2021e-06 3.4259e-08 0.0596346 0.000406209 5.42565e-09 0.0223641 3.28474e-11 0.618997 2.29606e-07 0.0714245 8.63515e-07 0.227169 3.51158e-07 1.31725e-08 8.09855e-07 
0.0399378 0.250566 0.0660731 0.119749 0.00430937 0.0803309 9.61515e-07 0.367354 0.00558099 0.0285354 1.26719e-06 0.0065418 0.000286111 0.000140948 0.0305928 
0.0782249 0.0404035 0.134925 0.125072 0.000135081 0.0214209 7.64182e-05 0.0975488 0.269756 0.136455 0.0523082 0.0335023 0.00163909 0.00376033 0.00477232 
0.142401 0.052267 0.053163 0.00275839 0.0276724 0.0471091 1.10125e-06 0.0816339 0.27111 0.271686 0.000137431 0.0406978 0.007081 3.23369e-06 0.0022789 
0.117168 0.0286923 0.064372 0.00824638 0.0236377 0.0588225 3.37242e-05 0.0283176 0.498966 0.115986 8.78159e-05 0.0385613 0.00103946 0.000236478 0.0158332 
0.105419 0.00546306 0.183522 0.000257325 2.27782e-05 0.000504258 2.76037e-08 0.0266122 0.0479482 0.48627 0.000132965 0.0169927 0.125993 4.51994e-07 0.000863061 
0.0676484 0.0507091 0.102737 0.00069097 0.000315248 0.0113147 4.21778e-07 0.0290697 0.0801927 0.0954821 0.000340853 0.55585 0.00100901 0.000161239 0.00447911 
0.0185363 0.0566153 0.0298726 0.215769 0.00352515 0.00998913 2.38368e-05 0.570159 0.0238682 0.0396721 0.000553506 0.00787869 0.0129682 0.000647042 0.00992229 
0.0346022 0.00187596 0.0258932 0.000105187 0.00116309 0.00340832 4.06003e-06 0.0267424 0.198381 0.053544 2.99023e-05 0.643365 0.0056064 1.99402e-05 0.00526005 
0.122096 0.0849982 0.00662481 0.165936 7.76455e-06 0.05018 3.07778e-07 0.312434 0.111391 0.100751 0.000225541 0.0436505 7.26602e-05 1.77187e-06 0.00163074 
0.0164461 0.803019 0.0544629 0.000470014 0.00170149 0.0266598 1.75463e-07 0.012281 0.048389 0.029064 0.00269102 0.0009587 0.000410877 0.000978411 0.00246762 
0.235844 0.0147246 0.025275 0.00585644 0.00607377 0.000750703 1.10527e-07 0.0658449 0.0671453 0.0252576 0.000108532 0.0132097 5.03557e-05 0.0028783 0.536981 
0.066837 0.310362 0.106234 0.0111785 0.0354845 0.0047842 9.61134e-06 0.171541 0.0659457 0.0937148 2.86697e-05 0.0194282 0.00894601 0.00541417 0.100092 
0.127861 0.311569 0.136395 7.15207e-06 5.00739e-07 2.23001e-07 5.53891e-11 0.0791126 0.0312505 0.246057 2.35643e-07 0.0611604 1.2147e-06 4.576e-07 0.00658433 
0.0822854 0.00229112 0.0224484 0.00830719 0.00707514 0.0208618 1.16347e-05 0.0404653 0.00963383 0.131996 3.04446e-05 0.66253 0.00895435 7.71938e-05 0.00303247 
0.00576292 0.00451715 0.000485899 0.00249602 0.000183517 0.000221665 8.28713e-11 0.0542271 0.0291232 0.00107804 4.29685e-05 0.00950338 5.17511e-06 0.882364 0.00998864 
0.269465 0.00749099 0.0381935 0.0103104 0.00721138 0.18395 8.55208e-06 0.0476646 0.0747025 0.325885 0.000490293 0.0185952 0.000410087 0.0121036 0.00351825 
0.00200556 0.0357797 0.00048493 0.0140268 0.000161682 0.00569888 2.50417e-08 0.365313 0.00132618 0.00803565 5.17525e-07 0.000223667 0.564765 1.68946e-07 0.00217782 
0.0359533 0.0244567 0.0103734 0.159956 0.00175656 0.0209174 0.000123853 0.673028 0.010279 0.0419255 0.000489686 0.0138573 0.00387423 0.000219037 0.00278964 
0.0021776 0.000237157 0.00296925 0.000667171 0.906502 0.00964602 8.14622e-08 0.0241643 0.0219514 0.000615562 3.09046e-05 0.000597898 0.0301693 5.71707e-07 0.000270548 
0.00160725 0.763414 0.0324978 0.00310065 0.00785506 0.00917137 6.50974e-12 0.00392441 0.0173588 0.00347208 0.14806 0.000498027 0.00138198 0.0068806 0.000778282 
0.317058 0.040334 0.0471844 0.00229958 0.0147741 0.0741666 0.000330994 0.03808 0.264106 0.146935 0.0120172 0.0371017 0.00131358 0.00316835 0.00113049 
0.00160725 0.763414 0.0324978 0.00310065 0.00785506 0.00917137 6.50974e-12 0.00392441 0.0173588 0.00347208 0.14806 0.000498027 0.00138198 0.0068806 0.000778282 
0.106749 0.423822 0.0169918 1.99091e-07 1.66406e-05 0.0192666 3.92737e-11 0.183146 0.138893 0.0729949 0.000409357 2.1441e-07 0.0228227 5.23242e-11 0.0148881 
0.0696958 0.0192893 0.0207437 0.000804645 0.000252788 0.0426256 2.13066e-05 0.171929 0.00774982 0.455074 4.27416e-05 0.00106432 0.193999 0.00537342 0.0113344 
0.168005 0.00140996 0.0612532 0.0537489 0.000152261 0.000720707 3.38966e-05 0.042326 0.073003 0.534637 0.0233365 0.0340929 0.0066965 7.91438e-05 0.0005053 
0.110675 0.0119096 0.283447 0.000739264 0.000178797 0.305222 3.27071e-05 0.0562721 0.0468848 0.0823359 0.0560232 0.0257645 0.00571482 0.000746571 0.014054 
0.0024444 0.0358288 0.260871 0.000168651 0.0047563 0.00183615 3.75468e-05 0.00421616 0.358438 0.0498585 0.00031118 0.277894 0.00299321 0.000245258 0.000100233 
0.00160725 0.763414 0.0324978 0.00310065 0.00785506 0.00917137 6.50974e-12 0.00392441 0.0173588 0.00347208 0.14806 0.000498027 0.00138198 0.0068806 0.000778282 
0.423286 0.0617204 0.0047049 0.0148776 0.00126386 0.256167 1.05958e-05 0.0380403 0.032715 0.149576 2.06488e-05 0.00811542 0.00118547 1.13258e-05 0.00830528 
0.173775 0.00971246 0.0170822 0.00909257 0.000847669 0.106477 5.54519e-05 0.0578899 0.273489 0.306183 0.00398069 0.023024 0.0104492 0.000263635 0.00767728 
0.00292618 0.445854 0.0128833 0.000156134 0.000444064 0.00244531 1.98505e-05 0.0306011 0.00155239 0.00550629 0.000820641 0.0426117 0.0304227 0.17666 0.247097 
0.0261216 0.389181 0.0842108 0.00366983 0.00125008 0.0112567 4.07716e-08 0.317679 0.003165 0.0259644 3.97284e-05 0.00371985 0.0919503 1.17085e-07 0.0417912 
0.00542096 0.000973904 0.100217 0.446244 0.000119589 0.000992033 3.31064e-10 0.151455 0.06726 0.13595 1.0062e-05 0.0882076 0.00162021 1.4961e-09 0.00152941 
0.0302611 0.0449859 0.481148 0.000589989 0.000210953 0.00361668 7.60947e-05 0.0153612 0.244443 0.148094 0.00121038 0.0260615 0.00138273 0.000175939 0.00238236 
0.00251311 0.00117769 0.000123039 0.00921743 4.32999e-05 0.0426884 5.69012e-08 0.126374 0.0198253 0.0184661 1.08664e-05 0.000556689 0.00104797 0.777853 0.00010315 
0.0329003 0.0509079 0.0154518 0.000351858 8.72826e-09 0.392227 1.30331e-11 0.0416345 0.00354476 0.0244283 0.372343 0.0633377 2.93144e-05 1.95309e-08 0.00284334 
0.0380091 0.119321 0.0320733 0.0188547 2.85332e-06 0.0110159 4.20132e-09 0.33825 0.23468 0.153438 2.81553e-07 0.0207354 0.00198218 5.5974e-09 0.0316369 
0.012175 0.0017448 0.0116618 0.00707587 0.000860867 0.0937105 2.62757e-09 0.0892548 0.0520031 0.0550871 2.92334e-06 0.0102492 0.665714 1.98536e-08 0.000460231 
0.0354569 0.0498835 0.0487796 0.0106666 0.000563356 0.00947256 2.76298e-06 0.0757961 0.209032 0.553432 0.000121409 0.00488586 0.000468447 0.000297585 0.00114162 
0.0423345 0.00616865 0.0633334 0.014152 0.00216315 0.00098138 3.21713e-07 0.0371394 0.0550349 0.0724531 7.22689e-06 0.683992 0.00128446 0.000677149 0.0202782 
0.0800918 0.115181 0.0584265 0.01837 0.00688322 0.0153891 9.3954e-05 0.2215 0.196642 0.0589277 0.000745713 0.107235 0.0917704 0.000214796 0.0285291 
0.0638263 0.176866 0.0603085 0.0960106 0.0179525 0.138384 3.21485e-07 0.0385078 0.263703 0.092 0.00309178 0.00679845 0.00191594 0.0108161 0.0298195 
0.0118387 0.0105984 0.0517502 0.0192683 1.4137e-05 0.00368939 8.02432e-08 0.0540159 0.227094 0.455987 0.000116375 0.0233017 0.0787574 0.0624033 0.00116457 
0.0115358 0.0768271 0.632743 0.00330192 0.00224873 0.00408608 6.40632e-05 0.0531129 0.0606989 0.0895303 0.0132182 0.00575844 0.00389185 0.00405387 0.0389289 
0.0213159 0.347308 0.00466658 0.0259939 0.0224154 0.04955 5.45212e-07 0.185871 0.00790459 0.305504 3.1021e-05 0.0031948 0.0228208 3.54403e-05 0.00338876 
0.076348 0.017659 0.222158 0.00323836 0.000519254 0.00283469 2.44121e-05 0.0900269 0.027171 0.258298 0.0825347 0.0579659 0.144631 4.26788e-05 0.0165478 
0.00651315 0.130327 0.0323716 0.0198209 0.60219 0.00314191 5.66106e-10 0.149652 6.51065e-06 0.0466622 0.000142953 0.00267193 4.17408e-07 6.58364e-07 0.00649834 
0.057041 0.0167607 0.341946 0.00298726 0.0207004 0.00919277 0.000508502 0.0653899 0.369307 0.0568503 0.00795871 0.0420162 0.000905078 0.00250185 0.00593428 
0.0298195 0.518698 0.0208065 0.00344244 0.000315743 0.00327197 4.57939e-06 0.145 0.106541 0.127539 0.000258909 0.019394 0.00136596 0.000918967 0.0226232 
0.00897706 0.0296306 0.00202585 8.07599e-05 0.000366364 0.000145402 5.77742e-08 0.0138271 0.0511905 0.0471648 3.9263e-05 0.0189816 0.00249126 0.00010499 0.824975 
0.35319 0.044596 0.0308098 0.00429174 0.00374572 0.00835045 3.84103e-05 0.0921802 0.0906487 0.235139 0.000206915 0.0276551 0.0183916 0.00206229 0.0886936 
2.2021e-06 3.4259e-08 0.0596346 0.000406209 5.42565e-09 0.0223641 3.28474e-11 0.618997 2.29606e-07 0.0714245 8.63515e-07 0.227169 3.51158e-07 1.31725e-08 8.09855e-07 
0.0160542 0.0639904 0.0836276 0.060354 0.393183 0.0126512 6.59146e-08 0.0737959 0.207899 0.0640759 0.000309951 0.0105172 0.00266296 1.30181e-05 0.0108659 
0.0295519 0.0139729 0.0277375 0.00213695 0.0044782 0.0454737 4.04503e-06 0.0192876 0.540688 0.286532 8.1105e-05 0.0260363 0.000811261 0.000174937 0.00303367 
0.498466 0.00571962 0.0572397 9.17562e-05 2.28442e-05 0.00119492 6.54118e-06 0.104673 0.0370613 0.0954852 0.0135339 0.163648 0.00995389 0.0128183 8.46388e-05 
0.311018 0.0198035 0.00145354 0.000249864 0.000379764 0.0243016 6.70336e-07 0.0155682 0.410217 0.211627 3.12968e-05 0.000808731 0.00263966 2.89488e-05 0.0018724 
0.00636585 0.0109302 0.00182897 0.00214534 2.7168e-05 0.00236412 8.37355e-08 0.0287096 0.0160774 0.0645576 2.05397e-06 0.841359 6.21599e-06 2.11565e-05 0.0256052 
0.00155843 0.457098 0.00687032 0.0225484 0.000124661 0.000709877 6.70085e-10 0.145616 0.113751 0.00883238 0.000481905 0.000586475 3.52599e-06 0.160546 0.0812727 
4.51137e-06 0.113556 0.877705 4.76423e-06 0.000137077 4.92083e-06 5.73461e-08 5.45259e-05 0.00140747 9.78306e-06 4.76022e-06 0.00555227 0.00152077 8.82537e-06 2.94365e-05 
0.0424458 0.765163 0.00548374 0.000650274 8.55751e-05 1.94457e-05 9.45113e-08 0.0531712 0.0154092 0.0581429 2.97038e-05 0.00935815 0.000198071 1.25917e-07 0.0498426 
0.0122687 0.217125 0.13427 0.0430574 0.206021 0.0038573 1.92038e-06 0.0573313 0.029964 0.211776 0.000238304 0.056199 0.000519373 0.00542128 0.0219484 
0.098875 0.104583 0.00364601 0.0526437 1.05869e-05 0.133246 7.5826e-06 0.0826978 0.12445 0.391071 0.000226746 0.00455358 0.00183733 0.000850733 0.00130102 
0.0550341 0.00810052 0.0266155 0.123352 0.00268408 0.0403543 2.48217e-07 0.532216 0.0628761 0.112072 4.95311e-05 0.0291461 0.00443861 0.00015167 0.00290901 
0.00540646 0.551288 0.0333169 2.65429e-05 0.0203842 0.00618165 2.10246e-07 0.0454402 0.273234 0.0263921 0.00010711 0.00209456 0.000405278 1.62381e-06 0.0357215 
0.108235 0.0713927 0.192312 0.0189191 0.00935393 0.0276131 8.50494e-05 0.0678411 0.321213 0.142546 0.000472015 0.0188643 0.00420546 0.00131778 0.0156287 
0.0185853 0.00267599 0.149003 0.000109218 8.02208e-06 0.00188388 2.61451e-10 0.0235578 0.107848 0.635998 2.04261e-08 0.0399738 0.0187446 2.30481e-06 0.00160903 
0.13793 0.103236 0.065325 0.0861668 0.00383189 0.0212632 9.16771e-06 0.104624 0.174721 0.244047 0.000135761 0.0163706 0.0269536 2.99476e-05 0.0153552 
0.177105 0.0296029 0.0478815 0.0099966 0.00981515 0.0527538 8.31467e-05 0.12596 0.123307 0.308517 0.000879727 0.0299402 0.0301615 0.0143549 0.0396415 
1.55671e-07 0.188075 9.55902e-07 1.43459e-05 0.240815 1.36056e-06 8.38536e-11 0.563687 0.00187311 0.00385901 0.00167376 4.92607e-08 2.40797e-07 1.11718e-10 5.75648e-07 
0.598114 0.00992383 0.0624959 0.00395515 5.41761e-05 0.00441279 7.26348e-06 0.0169143 0.133676 0.0318509 7.52882e-05 0.117242 0.00211218 0.000165513 0.019 
0.111169 0.456513 0.0240622 0.000265444 0.00169886 0.00614332 0.000147798 0.109995 0.126946 0.0613276 0.0025422 0.0358034 0.00699738 0.00145962 0.0549284 
0.0253 0.0509131 0.0648314 0.0326507 0.00204556 0.000282543 8.76208e-06 0.0924912 0.249524 0.461416 1.43954e-05 0.0148801 0.00267313 1.03987e-05 0.00295843 
0.000740058 0.00116877 0.00210154 0.00019301 0.984064 0.00375807 2.27362e-07 0.00444943 0.000904527 0.000768894 3.77687e-05 0.000250026 0.000752161 1.4725e-06 0.000809764 
0.0988976 0.41762 0.0349308 0.000446583 4.92611e-08 0.00274469 1.8815e-08 0.030486 0.0113281 0.0584684 0.32062 0.000510003 0.0231639 5.30449e-07 0.000783775 
