0.0228235 0.00844076 0.00514652 0.0956822 0.00105623 0.078634 7.19927e-07 0.670325 0.0256234 0.0521783 0.000109473 0.0228764 0.00841823 0.00668466 0.00200108 
0.0086698 0.00420568 0.00412476 0.00242112 0.000138645 0.0497924 6.64575e-07 0.892725 0.00844069 0.0239057 0.000128054 0.00200731 0.00293047 3.98968e-05 0.000469517 
0.154549 0.032716 0.00616992 0.000127068 2.45328e-07 0.0072541 2.45082e-11 0.24979 0.0369841 0.230769 9.03804e-06 0.00181763 0.279814 2.77658e-08 2.79791e-07 
0.463564 0.00485308 0.0831819 0.047478 0.000316163 0.0123084 0.000280619 0.0400721 0.0920913 0.16215 0.00488561 0.0640483 0.0232983 0.00101242 0.000459554 
0.0131276 0.0152635 0.203415 0.042385 0.00050342 0.0141732 1.60466e-06 0.0296547 0.120233 0.493429 1.69387e-05 0.0518212 0.000369623 3.57685e-05 0.0155693 
0.012175 0.0017448 0.0116618 0.00707587 0.000860867 0.0937105 2.62757e-09 0.0892548 0.0520031 0.0550871 2.92334e-06 0.0102492 0.665714 1.98536e-08 0.000460231 
0.0832983 0.0220408 0.110748 0.0169201 0.0018695 0.0226082 0.000595712 0.0423792 0.455151 0.150529 0.00787901 0.0794416 0.00263114 0.000901346 0.00300625 
0.0395798 0.0942246 0.0507217 0.0225799 0.000153591 0.201778 0.000123074 0.0668812 0.184227 0.295158 0.00219725 0.0394781 0.00127921 0.000576487 0.00104115 
0.0339095 0.00281349 0.05096 0.00671871 0.00308653 0.00641412 4.8299e-06 0.0297816 0.106411 0.0476003 0.00015455 0.698386 6.33318e-05 8.02933e-05 0.0136161 
0.344083 0.152603 0.0114734 6.5508e-07 8.13641e-06 0.000352942 1.19263e-08 0.000189412 2.85204e-05 0.458378 5.11638e-06 0.032608 4.08971e-05 1.58893e-08 0.000229753 
0.0270415 0.0451868 0.111753 0.000967654 0.0232722 0.0173964 1.66675e-07 0.0403554 0.3177 0.231036 0.00230181 0.160116 0.00533586 0.00581523 0.0117224 
0.00224814 0.135682 0.00870394 0.0728102 0.074741 1.69139e-05 7.32677e-08 0.601426 0.00390847 0.0726058 0.000110621 0.000108086 0.0109275 2.6347e-05 0.0166843 
0.0513249 0.00156696 0.0024148 0.0313709 4.41229e-05 0.0083084 2.72084e-07 0.825491 0.0561344 0.00780617 3.42969e-05 0.00286242 0.0116059 7.82673e-05 0.000956715 
0.0348901 0.105826 0.0625643 0.0013846 0.000965047 0.0417911 1.18275e-05 0.0041736 0.54568 0.168522 0.000113815 0.00145197 0.000727084 0.00684095 0.0250586 
0.00266128 0.014412 0.104949 0.0125533 0.000133344 0.000102234 4.82142e-07 0.0486938 0.074172 0.04736 3.98663e-06 0.00301306 0.00138987 0.000287278 0.690268 
0.018207 0.0510738 0.00029053 0.0631312 0.000204382 0.0145241 4.60431e-07 0.700273 0.0254431 0.105347 0.000103738 0.00038651 0.00328316 0.017301 0.000431331 
0.00700088 1.8626e-08 0.00388484 0.0494452 1.95763e-09 1.0212e-05 4.27996e-10 0.934703 2.32635e-05 0.000527278 3.97299e-07 6.75608e-05 0.00375562 1.97616e-06 0.000580224 
0.134788 0.000661131 1.57423e-07 0.000168982 1.11351e-08 0.459227 4.62661e-12 0.000762965 0.0193466 0.282683 0.000976586 0.00690041 4.85002e-08 0.0944844 1.78505e-09 
0.0466349 0.0309898 0.0290228 0.116006 0.000651385 0.00545143 6.06226e-08 0.340977 0.13819 0.185658 0.000322669 0.053218 0.0523928 2.58152e-05 0.00045904 
0.0111214 0.016835 0.000908465 0.00150501 5.31903e-05 0.00133309 2.84228e-11 0.0507486 0.0128033 0.015097 2.61024e-06 0.000334384 0.00147774 0.887776 4.59777e-06 
0.0459321 0.25484 0.0345292 0.0190536 0.00432949 0.0306801 3.16012e-05 0.323677 0.069649 0.183832 0.000463722 0.0116563 0.00158022 0.00936497 0.0103805 
0.072005 0.305123 0.06712 0.00189166 0.00335247 0.00388581 2.18624e-09 0.299107 0.00272892 0.19842 1.96293e-05 0.0330497 0.010881 1.40759e-06 0.00241533 
9.84475e-05 0.0341049 0.0242438 8.53872e-05 0.00224034 3.34604e-05 1.09706e-07 0.022469 0.909784 0.00281575 1.34223e-05 0.00191478 0.000962871 3.53636e-07 0.0012332 
9.84475e-05 0.0341049 0.0242438 8.53872e-05 0.00224034 3.34604e-05 1.09706e-07 0.022469 0.909784 0.00281575 1.34223e-05 0.00191478 0.000962871 3.53636e-07 0.0012332 
0.0684866 0.0228865 0.176688 0.0135223 0.00203081 0.0180301 0.000233356 0.082093 0.149255 0.295611 0.00319083 0.114381 0.0114756 0.000655578 0.0414606 
0.0926849 0.00132457 0.00064803 0.00185112 0.137185 0.00629169 1.53166e-05 0.156311 0.000893395 0.192056 0.0142041 0.0017687 0.00170337 0.392615 0.000447578 
0.0453153 0.0230346 0.020819 0.0763405 0.00631453 0.0153817 2.76084e-08 0.569525 0.0714098 0.140303 9.3341e-05 0.0258811 0.000525658 2.79073e-08 0.00505652 
0.0142562 0.0065265 0.00323503 0.00090852 9.0659e-09 0.000815462 2.57796e-12 0.119703 0.683621 0.164005 1.02034e-08 0.006715 0.000212826 1.71864e-07 7.50691e-07 
0.012175 0.0017448 0.0116618 0.00707587 0.000860867 0.0937105 2.62757e-09 0.0892548 0.0520031 0.0550871 2.92334e-06 0.0102492 0.665714 1.98536e-08 0.000460231 
0.047134 0.0450984 0.251932 0.0196334 0.000718664 0.0169483 0.000226321 0.0387314 0.431926 0.112176 0.00294896 0.0257298 0.00249034 0.000509392 0.00379722 
0.012175 0.0017448 0.0116618 0.00707587 0.000860867 0.0937105 2.62757e-09 0.0892548 0.0520031 0.0550871 2.92334e-06 0.0102492 0.665714 1.98536e-08 0.000460231 
0.0892742 0.129033 0.285684 0.0160851 0.00605728 0.0104291 0.000308804 0.0338059 0.338032 0.0358445 0.00358996 0.0190391 0.0143733 0.00136718 0.0170753 
0.00683951 0.592069 0.0092183 0.000138526 0.0359095 0.0263921 1.40913e-07 0.102218 0.0860341 0.0221816 0.000735875 0.0047945 0.112353 4.54846e-07 0.00111452 
0.12532 0.00502124 0.0517091 0.0371725 0.000561374 0.0585281 3.74474e-06 0.0372153 0.223173 0.426363 3.62133e-05 0.0169253 0.0158539 0.000348783 0.00176826 
0.171661 0.0430656 0.0967112 0.00356744 0.00260908 0.0378921 1.72596e-05 0.00555392 0.603285 0.0197326 0.000621607 0.00563783 0.000381512 0.00245588 0.00680783 
0.20223 0.0636119 0.0335941 0.012636 0.0149143 0.0199058 0.000236692 0.0918133 0.0836205 0.128951 0.00104808 0.215265 0.0229049 0.0076164 0.101652 
0.0175152 0.400447 0.0104468 0.00295023 1.08721e-05 0.000499431 9.74684e-06 0.0771536 0.123044 0.343518 6.20362e-05 0.0120378 0.000600505 1.38766e-05 0.0116911 
0.105539 0.0363526 0.17064 0.0144398 0.000377371 0.0156686 4.65566e-05 0.0274202 0.390885 0.115337 0.000367087 0.114917 0.00250792 0.00095988 0.00454131 
0.0808208 0.0725578 0.0294978 0.0857157 0.00392324 0.0215098 0.000196688 0.473645 0.0773601 0.0800274 0.000335917 0.0427243 0.013075 0.00326411 0.0153459 
0.0342619 0.519144 0.0593506 0.0415045 0.00302072 0.00790493 6.50968e-06 0.190458 0.00750237 0.0664911 0.000457097 0.0138567 0.0497273 9.29586e-05 0.0062213 
0.0233658 0.141897 0.150787 0.0506152 0.0249004 9.84215e-05 5.04727e-06 0.287545 0.0776888 0.119685 0.000310238 0.0799126 0.00136184 0.000114326 0.0417135 
0.13208 0.0189208 0.113509 0.00113585 6.16355e-05 0.0152873 6.27527e-08 0.162647 0.103501 0.283495 2.30862e-05 0.00405888 0.10222 0.000474561 0.0625856 
0.152483 0.00876772 0.0875945 0.00125916 0.000220913 0.0476281 0.000113372 0.0347898 0.258527 0.0488732 0.000533648 0.254865 0.0156797 0.0300644 0.0585999 
0.090568 0.0513762 0.0298685 0.0122493 0.000820273 0.0108917 1.31064e-05 0.296032 0.334509 0.113835 1.60374e-05 0.0259883 0.00963017 0.0126378 0.0115647 
0.134788 0.000661131 1.57423e-07 0.000168982 1.11351e-08 0.459227 4.62661e-12 0.000762965 0.0193466 0.282683 0.000976586 0.00690041 4.85002e-08 0.0944844 1.78505e-09 
1.30539e-05 0.532555 1.30539e-05 0.00523426 1.30449e-05 0.110952 1.30426e-05 0.094005 0.0705058 0.0587576 0.060049 1.30528e-05 0.0522039 0.0156591 1.30482e-05 
0.0615246 0.0218223 0.0270501 0.0740157 9.2778e-05 0.00170106 1.03658e-08 0.746879 0.0122952 0.0220198 8.22601e-05 0.00260147 0.00684806 0.00612742 0.0169398 
0.012175 0.0017448 0.0116618 0.00707587 0.000860867 0.0937105 2.62757e-09 0.0892548 0.0520031 0.0550871 2.92334e-06 0.0102492 0.665714 1.98536e-08 0.000460231 
0.00882102 0.694724 0.0151228 0.00187085 1.71646e-05 0.000270591 2.64895e-06 0.0105483 0.0541656 0.0473802 0.000957271 0.00031592 0.000211932 1.25345e-05 0.165579 
0.277763 0.0125294 0.313882 0.000425511 0.000514158 0.0153761 1.93131e-05 0.0423305 0.00390566 0.315323 0.000170365 0.00780969 0.00423617 0.00101851 0.00469614 
0.0143701 0.00847234 0.0110673 0.207603 0.000892622 0.00441532 1.01432e-05 0.629955 0.0473876 0.0419488 2.30707e-05 0.00204716 0.028755 0.000531983 0.00252042 
0.012175 0.0017448 0.0116618 0.00707587 0.000860867 0.0937105 2.62757e-09 0.0892548 0.0520031 0.0550871 2.92334e-06 0.0102492 0.665714 1.98536e-08 0.000460231 
0.00651315 0.130327 0.0323716 0.0198209 0.60219 0.00314191 5.66106e-10 0.149652 6.51065e-06 0.0466622 0.000142953 0.00267193 4.17408e-07 6.58364e-07 0.00649834 
0.00234523 0.00109032 0.000119272 0.00889201 3.62569e-05 0.0380359 1.09465e-09 0.127619 0.0172602 0.0164309 9.81612e-06 0.000535261 0.00092215 0.786599 0.00010517 
0.799505 0.000322545 0.00422034 0.000757047 0.0011933 0.00474208 8.08513e-06 0.0373437 0.0623912 0.0343973 0.0204029 0.0292661 0.0014808 2.29014e-05 0.0039469 
0.00700088 1.8626e-08 0.00388484 0.0494452 1.95763e-09 1.0212e-05 4.27996e-10 0.934703 2.32635e-05 0.000527278 3.97299e-07 6.75608e-05 0.00375562 1.97616e-06 0.000580224 
0.000444328 0.00762244 0.41536 0.000527469 0.00023645 0.000812476 1.15549e-11 0.0082582 0.520085 0.0322861 5.81072e-05 0.00893119 0.0044224 1.53946e-11 0.000956167 
0.00207013 0.0125005 0.0844977 0.00976453 0.000103798 7.96072e-05 3.85226e-07 0.0387242 0.057691 0.0368365 3.12164e-06 0.00234376 0.00108159 0.000223776 0.754079 
0.0262437 0.139245 0.00848498 0.0119801 6.82877e-05 0.0140524 2.35212e-05 0.388031 0.208292 0.0812016 0.000206186 0.000369597 0.000849495 0.120229 0.000722727 
0.00870315 0.00203654 0.00256708 0.00225573 0.000140764 0.00333361 1.09263e-09 0.95162 0.00874512 0.0178371 5.30691e-05 0.00141759 0.00116399 7.33625e-09 0.000126103 
0.283583 0.0293074 0.215155 0.0151602 0.00123833 0.108837 0.000223639 0.174344 0.0337482 0.0764608 0.0153732 0.0424649 0.000583561 0.0011352 0.00238633 
0.00870315 0.00203654 0.00256708 0.00225573 0.000140764 0.00333361 1.09263e-09 0.95162 0.00874512 0.0178371 5.30691e-05 0.00141759 0.00116399 7.33625e-09 0.000126103 
0.0344184 0.591949 0.00706693 0.0020572 0.00181093 0.0177594 1.33661e-06 0.255105 0.0434186 0.0405082 7.38614e-05 0.000918124 3.84694e-05 4.15269e-05 0.00483327 
0.0445729 0.000267673 0.0172055 0.0332414 0.0174572 0.0325558 1.15694e-08 0.0442316 0.436433 0.371266 2.83235e-06 0.00155961 0.000263714 6.456e-08 0.000942572 
2.62171e-06 0.0936507 0.0227517 2.70277e-06 0.00613537 0.0632293 8.06702e-11 0.000819781 0.557671 0.245489 6.2146e-05 0.00901532 0.00110143 6.75706e-05 9.78336e-07 
0.0924745 0.0107794 0.00319765 0.000258582 3.52606e-05 0.0506734 5.87179e-06 0.022086 0.0741643 0.719195 1.18734e-05 0.00190116 0.0200755 0.00511117 3.07487e-05 
0.0928143 0.156753 0.18679 0.0175017 0.000306354 0.0243228 9.21458e-05 0.068496 0.222928 0.0638365 0.124074 0.0263669 0.00725043 0.000770692 0.00769729 
0.00171886 0.000342527 0.00851139 0.918642 4.8812e-10 0.000212155 6.74282e-12 0.0160213 0.0395059 0.0148266 5.25605e-09 0.000210545 8.26871e-06 8.98343e-12 9.71517e-08 
0.353313 0.00210757 0.0652241 0.0185023 0.00071493 0.147459 5.75252e-07 0.0427045 0.0235667 0.307032 0.00614716 0.0194655 0.0115232 0.000164363 0.00207476 
0.127861 0.000654756 0.10226 0.139249 0.000639937 0.00314952 5.38938e-12 0.0269873 0.363105 0.0832798 2.3309e-06 0.137093 0.00805479 7.18025e-12 0.0076642 
0.0341492 0.0101972 0.0129702 0.014468 3.69379e-05 0.000733058 6.62276e-06 0.158122 0.0162034 0.304555 1.67972e-05 0.0134833 0.432675 5.77365e-05 0.00232482 
0.0560868 0.018358 0.0201915 0.0528367 0.00385513 0.0174678 0.000264162 0.666772 0.0289324 0.073092 0.000937982 0.0242092 0.0256846 0.00978455 0.0015275 
0.022168 0.0154166 0.00896311 1.18431e-07 0.000732953 0.000272092 1.08907e-09 0.0555014 2.10573e-07 0.771967 1.48872e-07 0.10958 2.46781e-07 1.45096e-09 0.0153975 
0.561457 0.00183208 0.0342276 0.000157021 2.63592e-08 0.0388458 1.47865e-08 0.111465 0.0159038 0.154213 8.99004e-05 0.0109709 0.0707117 0.000123854 1.00071e-06 
0.143287 0.0260275 0.0236303 0.0216095 0.000169467 0.0409394 7.87618e-06 0.258469 0.220036 0.24096 2.14571e-05 0.00415944 0.0164714 1.37208e-05 0.00419698 
0.132568 0.0152238 0.0183136 0.0285681 0.00469229 0.26422 1.14886e-05 0.128811 0.164744 0.0531872 0.000237976 0.00770735 0.00302741 0.174002 0.00468551 
0.0237928 0.00102292 0.00533801 0.0508448 0.000172612 0.000104878 2.48205e-10 0.82372 0.00344778 0.0110221 4.1247e-06 3.31399e-05 0.0802637 3.30682e-10 0.000233215 
0.00379655 0.950807 0.0114279 0.000283709 8.05083e-08 9.88983e-05 1.01543e-09 0.00647336 0.00652908 0.0122792 0.00104096 2.63833e-07 1.25941e-05 1.35285e-09 0.00725006 
1.80877e-06 0.000602204 0.019879 0.00182201 4.48079e-09 0.015406 5.64763e-11 0.83535 0.00238712 0.0488245 7.09287e-07 0.0757259 4.32392e-07 1.0859e-08 6.65219e-07 
0.0193345 0.00708424 0.00734395 0.00826306 0.00195824 0.00088105 2.75859e-09 0.47722 0.000210193 0.0484668 5.24272e-07 0.0104603 0.418775 1.13862e-06 1.30274e-06 
0.00691017 0.00278297 0.00147111 0.0310801 5.59794e-05 0.00722213 4.88137e-08 0.9258 0.00810448 0.0151573 1.88207e-05 0.000628224 0.00069526 1.03495e-07 7.33132e-05 
0.000848224 0.0113449 0.00174071 0.933354 6.48715e-08 0.00425071 3.46161e-12 0.0473782 6.90285e-07 0.000877479 0.000112114 3.00104e-05 6.29293e-05 4.61189e-12 1.55225e-08 
0.0479374 0.0627596 0.00215716 0.00043431 0.00413352 0.000698127 6.29487e-06 0.153681 0.0130609 0.685186 3.23278e-05 0.0106889 0.00235241 0.00775569 0.00911582 
0.0641471 0.0173587 0.0807075 0.00644893 0.00240612 0.0198375 3.21933e-08 0.0263894 0.53715 0.213762 0.00027382 0.0136547 0.00236825 0.00823516 0.00726116 
0.302123 0.0215163 0.042005 0.361112 0.0177398 0.0133991 2.56011e-06 0.0863368 0.0619454 0.0250997 0.000186765 0.0590615 0.00210946 5.26321e-05 0.00730984 
0.0188496 0.0023197 5.19645e-05 0.0282243 6.86955e-05 0.000232042 3.12682e-07 0.8952 0.00404712 0.0132683 8.54201e-07 0.00472285 2.31081e-06 0.0326825 0.000329645 
0.0044138 0.000340601 0.00143335 0.000289228 0.964963 0.00280487 4.99742e-09 0.00739913 0.00727566 0.00304348 0.000114355 0.00187495 0.00384407 2.89528e-08 0.00220314 
0.0713958 0.012226 0.0291165 0.0483955 0.00105963 0.0525796 7.13362e-06 0.0483597 0.344033 0.364546 4.93137e-05 0.021448 0.0060327 0.000327575 0.000422994 
0.0252772 0.0316491 0.101183 0.0146256 0.00890281 0.0126651 4.77085e-06 0.416304 0.0950143 0.259189 0.000168534 0.00594796 0.0197147 0.00015111 0.00920269 
0.00912974 0.000859803 0.168353 0.00461324 0.0105585 0.000336078 6.1555e-08 0.000683837 0.122009 0.629729 2.28843e-07 0.0512245 1.54132e-06 0.000303286 0.00219857 
0.15239 0.00661954 0.0237687 0.0205444 0.000193568 0.285842 4.23001e-05 0.0322582 0.0922142 0.349042 0.00260782 0.0299929 0.00246002 0.000301125 0.00172276 
0.0125112 0.572872 0.0272542 0.0147877 0.00250221 0.00159114 2.01183e-05 0.184978 0.0277434 0.125873 0.000128945 0.00242964 0.00580573 0.000386352 0.0211168 
0.0030944 0.000941078 0.000198776 0.00670016 2.37438e-05 0.028351 1.66219e-09 0.0911644 0.0131956 0.0160447 6.42821e-06 0.000779348 0.000756174 0.838634 0.000109879 
0.00315702 0.00377287 0.00461493 0.803446 0.000725904 0.00485567 6.12545e-07 0.122257 0.0202743 0.0202455 1.51946e-05 0.00596718 0.00110101 0.00917442 0.000392114 
0.0144214 0.326922 0.0591322 0.0151121 0.160185 0.0685469 1.37433e-06 0.164958 0.080122 0.0860521 0.00256441 0.00126148 0.00255056 7.83817e-06 0.0181618 
0.0933498 0.10369 0.00439313 0.0021044 0.000542808 0.00299472 2.73572e-08 0.0516718 0.49782 0.193115 4.54935e-06 0.0256144 0.000319293 1.15943e-06 0.0243783 
0.00194369 0.0378998 0.0254079 0.00121999 4.48992e-07 0.643636 1.29656e-08 0.0134483 0.00070124 0.0476066 0.0201134 0.20761 0.000366104 1.8079e-07 4.66513e-05 
0.0115073 1.63081e-05 0.0010667 0.000318173 9.44807e-08 0.0013814 9.14441e-08 0.000682615 0.203824 0.764942 1.03846e-07 0.0162043 5.32863e-05 1.02626e-07 3.51244e-06 
0.111866 0.021655 0.0701958 0.00148422 0.00508788 9.79008e-07 1.09507e-08 0.0796248 0.109567 0.0131723 8.12274e-08 0.571285 0.000631074 0.00131655 0.0141128 
0.00715164 0.199389 0.0425864 0.0081657 0.00034783 0.0171394 9.55914e-07 0.483681 0.114742 0.0986504 0.000631006 0.0153853 0.00853608 0.000139022 0.00345494 
0.226807 0.0159804 0.114724 0.00480901 0.00110484 0.00168697 1.66791e-10 0.136104 0.0459837 0.401211 7.34013e-05 0.0455167 0.00121021 0.000314851 0.00447321 
0.00870315 0.00203654 0.00256708 0.00225573 0.000140764 0.00333361 1.09263e-09 0.95162 0.00874512 0.0178371 5.30691e-05 0.00141759 0.00116399 7.33625e-09 0.000126103 
0.0104744 0.115946 0.160112 0.0719898 0.208926 0.00583844 7.34173e-07 0.0935806 0.0642135 0.185736 0.000199915 0.0789604 0.000540987 9.84996e-07 0.00347993 
0.00148707 6.74405e-07 0.000304772 0.00390608 1.58415e-07 0.531698 1.47103e-08 0.455293 0.00247588 0.00440939 4.02894e-08 0.000421206 1.01858e-07 2.72065e-06 3.30308e-08 
0.0291678 0.00618843 0.00812451 0.000144254 0.00247511 0.0684096 1.37238e-11 0.0966828 0.000527792 0.0146422 0.463095 0.306557 0.000567071 3.46622e-06 0.00341419 
0.00856201 0.137934 0.377787 0.000387606 0.333911 0.00131315 6.12683e-06 0.0244645 0.0277996 0.0196926 0.00150859 0.0573152 0.00362412 0.000331769 0.00536291 
0.0102106 0.00526608 0.000976544 0.0128321 7.58809e-06 0.354212 4.4631e-06 0.472059 0.020793 0.0425827 4.67134e-05 0.00137211 0.079261 0.000252345 0.00012368 
0.00206368 0.148097 0.0638067 0.086408 0.000216791 0.000650177 7.53697e-07 0.664722 0.00612759 0.0177692 3.82153e-06 0.00411175 0.00261386 2.49936e-05 0.00338285 
0.00312037 0.294655 0.00379603 4.10669e-05 5.93467e-05 0.00443005 5.33955e-09 0.0780502 0.00759404 0.583661 1.8302e-05 0.000571118 0.02352 0.000398142 8.43929e-05 
0.0433574 0.180836 0.0341523 0.000630265 0.000175115 0.00213918 1.2865e-05 0.0185376 0.130463 0.0262749 1.48213e-05 0.00354745 1.84373e-05 4.07846e-05 0.559801 
0.00160725 0.763414 0.0324978 0.00310065 0.00785506 0.00917137 6.50974e-12 0.00392441 0.0173588 0.00347208 0.14806 0.000498027 0.00138198 0.0068806 0.000778282 
0.152134 0.0439097 0.456799 0.000310406 9.37179e-06 4.2292e-06 5.60659e-09 0.098528 0.101512 0.146752 3.68614e-07 1.79087e-05 1.77087e-06 7.46964e-09 2.138e-05 
0.097206 0.0380455 0.600884 0.00146728 0.00185005 0.00593147 0.000184912 0.008926 0.101003 0.0697883 0.0272557 0.0380812 0.00223425 0.000443068 0.00669937 
0.00322261 0.0418608 0.00850486 0.696107 0.00285186 0.00713524 1.81184e-10 0.159939 0.0438575 0.0337788 0.000652217 0.000708667 0.000986544 5.01183e-08 0.000395123 
0.0108418 0.701379 0.039123 0.00092663 0.000430948 5.32994e-07 1.65251e-07 0.11494 0.00138779 0.00450039 0.00240306 0.0473353 0.0661563 4.73527e-07 0.0105745 
0.598114 0.00992383 0.0624959 0.00395515 5.41761e-05 0.00441279 7.26348e-06 0.0169143 0.133676 0.0318509 7.52882e-05 0.117242 0.00211218 0.000165513 0.019 
0.00767681 0.368228 0.270907 0.00554577 0.00644921 0.0039347 3.04476e-06 0.0969643 0.0552401 0.0827118 0.000267241 0.0126708 0.0646284 0.00928068 0.0154922 
0.0228538 0.00389265 0.0232842 0.000132318 1.00596e-08 0.00752374 3.77887e-12 0.0182379 0.738169 0.153555 1.28918e-05 0.0275097 3.03922e-05 4.03212e-09 0.00479882 
0.353133 0.505185 0.0691636 0.00016291 3.22875e-05 3.66816e-06 3.45476e-10 0.00130566 0.0540878 0.0159051 6.02856e-05 0.000203175 2.13269e-05 2.02092e-06 0.000733855 
0.0372759 0.0396166 0.00437925 2.30984e-06 0.00115082 2.08339e-05 2.49691e-08 0.0179465 0.143781 0.724132 0.00182568 8.2284e-06 1.66252e-05 3.32663e-08 0.0298441 
0.0572723 0.0162555 0.257005 0.0170825 0.000489242 0.0121623 0.00033384 0.0343208 0.162276 0.387399 0.00077571 0.0251414 0.0209851 0.000491371 0.00801078 
0.00142533 3.49564e-05 0.0251189 7.28976e-07 1.51999e-05 2.35266e-05 4.70744e-08 0.93029 0.000169636 0.0261852 8.82851e-05 0.00149321 0.0151535 7.31909e-07 1.20515e-06 
0.0415855 0.0407798 0.0163138 0.0210822 0.00093202 0.0482142 2.47226e-08 0.0599281 0.345237 0.409263 6.80254e-05 0.0118767 0.000734031 7.3624e-06 0.00397836 
0.0201648 0.000661577 0.00228353 0.0819374 0.000396476 0.00225842 2.98138e-11 0.862868 0.0183377 0.00901136 3.54009e-07 0.00120237 0.000464602 5.70606e-05 0.000356837 
0.000227281 0.0404212 0.0297718 9.22127e-05 0.0035465 5.83478e-05 2.01486e-06 0.0302364 0.884438 0.00358335 2.72204e-05 0.00205171 0.00388485 1.53471e-05 0.00164377 
0.0301939 0.37942 0.348311 0.00199504 0.0672665 0.000438814 5.4706e-08 0.014722 0.0509349 0.0933049 0.000365702 0.00831001 0.0040591 2.86183e-06 0.000674644 
0.012175 0.0017448 0.0116618 0.00707587 0.000860867 0.0937105 2.62757e-09 0.0892548 0.0520031 0.0550871 2.92334e-06 0.0102492 0.665714 1.98536e-08 0.000460231 
0.0766604 0.00868719 0.0497646 0.00853341 7.18729e-05 0.532894 2.77626e-05 0.0291739 0.0752709 0.197191 3.64214e-05 0.0181509 0.00217723 0.00018727 0.00117298 
0.0940394 0.0181658 0.027752 0.0783051 6.06194e-06 0.0431015 1.45409e-06 0.433482 0.0226312 0.273101 0.000104115 0.00633392 0.00228049 9.14909e-06 0.00068707 
0.00183027 0.00139423 0.000853536 0.0363683 4.17394e-05 0.026216 3.51277e-07 0.192713 0.029416 0.0312539 1.01855e-05 0.00168521 0.00490862 0.673067 0.000241593 
0.0248304 0.0179233 0.0293484 0.0503061 0.000466711 0.0205946 1.58526e-08 0.017316 0.176636 0.658626 8.00482e-06 0.00144837 0.00170265 4.87542e-08 0.000793629 
0.534677 0.00362092 0.0123251 0.0213626 1.84624e-05 0.0231587 1.13437e-06 0.035633 0.13757 0.128537 2.10824e-05 0.0584214 0.000472434 0.00308954 0.0410918 
0.280582 0.00767971 0.0104637 0.0156844 0.00105552 0.212743 5.40823e-06 0.047818 0.122886 0.266693 9.61072e-05 0.0211707 0.00222896 1.11372e-05 0.0108827 
0.012175 0.0017448 0.0116618 0.00707587 0.000860867 0.0937105 2.62757e-09 0.0892548 0.0520031 0.0550871 2.92334e-06 0.0102492 0.665714 1.98536e-08 0.000460231 
0.00480763 0.000519371 0.000120788 0.898986 4.18299e-05 0.000736602 3.33623e-10 0.0824177 0.000357948 0.00606 2.73324e-07 2.52598e-05 0.00585958 9.29631e-06 5.79957e-05 
0.012175 0.0017448 0.0116618 0.00707587 0.000860867 0.0937105 2.62757e-09 0.0892548 0.0520031 0.0550871 2.92334e-06 0.0102492 0.665714 1.98536e-08 0.000460231 
0.0136252 0.231452 0.0233607 9.26396e-05 0.00256113 4.22954e-06 2.95237e-09 0.00611061 0.0207432 0.000543441 3.58052e-07 0.000217029 0.00313904 1.13692e-06 0.698149 
0.0843276 0.00459326 0.0271176 0.00883886 0.000909885 0.0189684 0.000595838 0.689065 0.0272838 0.0424513 0.00385358 0.0126915 0.0532048 0.00144017 0.0246583 
0.146306 0.429343 0.0899447 0.00490064 0.0100431 0.0107408 3.18133e-06 0.166097 0.0406795 0.0436217 5.43187e-06 0.0354488 0.00230141 0.00148668 0.0190783 
1.30539e-05 0.532555 1.30539e-05 0.00523426 1.30449e-05 0.110952 1.30426e-05 0.094005 0.0705058 0.0587576 0.060049 1.30528e-05 0.0522039 0.0156591 1.30482e-05 
0.091686 0.130697 0.0245224 0.0542775 0.0041487 0.304179 1.87091e-07 0.0119423 0.307025 0.0289406 0.00394434 0.000396641 0.00056806 0.0319034 0.00576896 
0.0557438 0.0600847 0.0297219 0.020159 0.00127359 0.0347311 0.000117403 0.690007 0.0469051 0.0483542 0.00299207 0.00461359 0.00434722 0.000120074 0.000828915 
9.1154e-05 0.643339 7.27342e-05 9.44398e-05 6.48479e-05 0.000455154 7.6274e-06 0.0641997 0.001279 0.160383 9.63295e-06 0.00231911 0.000193069 0.127453 3.8e-05 
0.065044 0.000853909 0.0567871 0.00343371 1.89969e-06 0.0117706 1.51112e-09 0.0610212 0.454676 0.337664 8.46729e-07 0.00629044 0.000270349 1.63801e-05 0.00217032 
0.0926849 0.00132457 0.00064803 0.00185112 0.137185 0.00629169 1.53166e-05 0.156311 0.000893395 0.192056 0.0142041 0.0017687 0.00170337 0.392615 0.000447578 
0.0419984 0.00702813 0.00400835 0.121225 0.00014814 0.043421 4.01406e-05 0.111258 0.117 0.539273 0.00279742 0.00657424 0.00487068 0.00015344 0.000204795 
0.129538 0.0245444 0.490629 0.00810467 0.00279946 0.0137074 0.000904389 0.0662417 0.137687 0.0907803 0.00296485 0.0228883 0.00334028 0.00239978 0.00347077 
0.000872244 0.0249492 0.0243452 8.7858e-05 0.0024215 0.000404016 5.72908e-07 0.0210598 0.0149631 0.0636973 0.000125309 0.0154132 0.827624 0.000591069 0.00344507 
0.0137695 0.048102 0.0411554 0.104164 0.0109352 0.00385537 1.46055e-06 0.576756 0.0280711 0.13249 2.83874e-05 0.0305106 0.00057549 0.000232341 0.00935356 
0.00822319 0.0067506 9.25603e-05 0.0244247 5.15528e-05 0.013688 9.64008e-10 0.523179 0.00121135 0.0294703 4.0671e-06 1.23667e-06 0.392844 1.16373e-06 5.77839e-05 
0.0356247 0.0054342 0.0115598 0.00352793 0.000525965 0.812163 1.49104e-06 0.00742004 0.0389554 0.0395642 0.0376678 0.00622163 0.000241199 4.60264e-06 0.00108811 
0.00373609 0.0115276 0.00899236 4.63419e-05 0.00166697 0.765399 1.95389e-06 0.0196246 0.00674327 0.0271521 0.138483 0.0104958 0.00524781 3.20034e-05 0.000850816 
0.299052 0.0100709 0.123045 0.00201295 0.00026841 0.0200451 1.4851e-05 0.0370673 0.370206 0.0705496 0.000249604 0.0613157 0.0048727 0.00031369 0.000916266 
6.31041e-06 0.584984 2.94106e-06 1.00041e-06 3.49634e-06 1.74356e-06 6.6468e-10 1.87278e-05 6.46361e-06 1.57113e-05 0.000212684 8.02356e-06 4.64901e-05 8.85551e-10 0.414693 
0.263272 0.0130918 0.0393002 0.0127514 0.000582454 0.00521628 3.24979e-06 0.0805676 0.177642 0.269898 5.33302e-06 0.118166 0.00113666 0.00272232 0.0156436 
0.0064616 0.0169712 0.00395866 0.265159 0.000199874 0.341062 1.27457e-05 0.331154 0.0139527 0.016077 5.60679e-05 0.000240903 0.00352925 0.00015425 0.00101081 
0.0419112 0.132493 0.0296382 0.00325368 0.00175612 0.00261291 3.94937e-07 0.418095 0.0543454 0.283037 6.11798e-06 0.0183209 0.0120815 0.000227911 0.00222091 
0.0290898 0.371171 0.00253211 0.00021827 0.000556098 0.00230461 7.31692e-05 0.014296 0.522799 0.0469096 0.000103907 0.00805892 0.000494092 0.000556486 0.000837085 
0.028241 0.0513439 0.0912569 0.0176577 0.000331453 0.0151292 0.00024735 0.0718069 0.164161 0.483451 0.00511968 0.0517951 0.0120141 0.00535651 0.00208822 
0.0297655 0.0017803 0.0178316 0.000852923 0.0185566 0.718491 2.98651e-05 0.137639 0.0163841 0.0235979 0.000860001 0.0287806 0.00219257 0.00312553 0.000112077 
0.284927 0.0392278 0.00937018 0.0262309 0.000705495 0.0143007 6.82619e-06 0.0239969 0.295015 0.117877 0.000289083 0.0566184 0.00121902 9.86693e-06 0.130206 
0.0454836 0.0149721 0.0728567 0.00434824 0.000100747 0.0141741 1.79941e-06 0.0432622 0.559464 0.219879 0.000339947 0.0106859 0.0123145 0.00107836 0.00103828 
0.0052376 0.208991 0.0273794 0.00803589 0.00145855 2.1509e-05 1.81657e-05 0.140523 0.422816 0.0729707 7.02652e-05 0.0516146 0.000804274 0.00011798 0.0599413 
0.0181064 0.0278861 0.0636507 0.00978217 2.03341e-05 0.0502884 4.38124e-07 0.133375 0.311615 0.376764 8.35139e-05 0.00437421 0.00226967 0.00017147 0.0016127 
0.000362652 0.0129582 0.000672225 0.00184365 0.244407 0.00108949 2.61765e-10 0.0305313 0.143856 0.0109219 0.000113139 0.000129021 2.89842e-05 0.553065 2.08971e-05 
0.0142404 0.209658 0.10574 0.000639977 0.00430427 0.00907603 8.9862e-07 0.0760853 0.09095 0.371109 1.07484e-06 0.00916163 0.108149 1.19723e-06 0.000883474 
0.0476523 0.056023 0.011867 0.0507765 3.03881e-08 0.0345681 7.48965e-09 0.353176 0.100137 0.267535 3.89714e-05 0.0515764 0.0127358 0.0112254 0.00268808 
0.0234494 0.00785784 0.0824153 0.0256671 8.00729e-05 0.0203887 5.78437e-06 0.656162 0.0634256 0.031614 0.0258763 0.00815896 0.0372616 0.00302239 0.0146147 
0.016402 0.00802098 0.0217377 0.296238 0.00613876 0.0178219 2.31403e-05 0.469496 0.0588387 0.0958452 9.69718e-05 0.0072242 0.00108395 3.6123e-05 0.000996557 
0.168822 0.0485687 0.164175 0.00822214 0.0530738 0.0162412 0.000609084 0.279258 0.117506 0.0520516 0.000648717 0.0317104 0.0100824 0.0132856 0.0357456 
0.012175 0.0017448 0.0116618 0.00707587 0.000860867 0.0937105 2.62757e-09 0.0892548 0.0520031 0.0550871 2.92334e-06 0.0102492 0.665714 1.98536e-08 0.000460231 
0.0905906 0.00875007 3.38204e-07 0.000720654 0.00593561 0.0142245 4.97915e-09 0.463669 0.0209053 0.322682 2.90583e-05 0.00250495 0.00388979 0.0650488 0.00104944 
0.0332029 0.00474731 0.000350769 8.43648e-05 0.000176859 0.200181 2.87244e-09 0.00533615 0.43654 0.307983 1.67473e-06 0.00115676 0.000264636 0.00996372 1.00285e-05 
0.0563431 0.0153868 0.222773 0.00697496 0.00362042 0.00354083 3.22155e-07 0.215347 0.08888 0.320524 5.47796e-05 0.014535 0.0409475 3.6931e-07 0.0110716 
0.066351 0.00580993 0.00869443 0.0154671 0.000250094 0.578962 3.31601e-06 0.0232845 0.153996 0.135307 0.000516718 0.00817645 0.00084357 1.8402e-05 0.00231954 
0.112736 0.134761 0.0244699 0.00709633 0.00456314 0.0461403 0.000116821 0.553867 0.03192 0.05378 0.000211796 0.00414209 0.00475967 0.00716721 0.0142694 
0.0513279 0.110093 0.00321417 0.000508427 0.00156881 0.00248961 1.48131e-10 0.267536 0.120689 0.418815 5.62237e-06 0.0028275 0.0204421 1.97354e-10 0.000482465 
0.0200277 0.0289148 0.0505424 0.017833 0.00374778 0.0472023 3.25876e-06 0.536276 0.056638 0.184771 0.000224789 0.0370212 0.0145462 3.72923e-05 0.00221388 
0.000384628 0.251922 0.0744511 0.0438011 0.352408 0.000159244 2.4172e-06 0.109884 0.0365201 0.120681 7.41796e-06 0.000333883 0.000558724 0.000450532 0.00843488 
0.0257363 0.237393 0.463903 0.000291893 0.0139475 0.00483017 4.55886e-05 0.015147 0.108252 0.0771332 0.000280281 0.0363291 0.00498246 0.00100418 0.0107245 
0.0342005 0.0298565 0.0180579 0.0489558 0.00441741 0.0103447 0.000384548 0.72372 0.0349924 0.0709413 0.000404027 0.00846904 0.0110567 0.00194231 0.00225662 
0.0166094 0.0204838 0.585697 0.000161282 3.37941e-05 0.000881575 9.43308e-08 0.147117 0.0227602 0.0801871 0.000138676 0.0803886 0.0153601 1.01257e-05 0.030172 
0.171596 0.0347035 0.223384 0.00875413 0.00453505 0.0190474 0.00194056 0.087231 0.0833962 0.247061 0.0303473 0.0333057 0.0349037 0.00433389 0.0154607 
0.00870315 0.00203654 0.00256708 0.00225573 0.000140764 0.00333361 1.09263e-09 0.95162 0.00874512 0.0178371 5.30691e-05 0.00141759 0.00116399 7.33625e-09 0.000126103 
0.0148206 0.0968677 0.2604 0.0345826 0.431147 0.0131992 1.54664e-07 0.0105324 0.0831325 0.0437467 0.00237154 0.00642677 0.00112288 1.06102e-06 0.00164901 
0.100577 0.0811179 0.00571433 0.000497452 0.00025083 0.00154919 1.39869e-07 0.157013 0.130275 0.401632 9.45301e-06 0.0255821 9.6796e-05 1.14917e-06 0.0956839 
0.00412049 0.0232297 0.0801242 7.68641e-05 0.000815435 0.00105498 7.63746e-06 0.0236992 0.0326489 0.156493 5.81973e-05 0.669377 0.00171617 0.000120144 0.00645864 
0.0383972 0.20854 0.00229142 0.0713563 0.00123369 0.00892382 2.20184e-05 0.333189 0.184772 0.0839937 0.000115024 0.0107217 0.000626482 0.047944 0.00787326 
0.172112 0.113363 0.0645966 0.00128146 6.97717e-05 0.0243965 4.64461e-07 0.334263 0.013475 0.146834 3.04804e-05 0.0608904 0.0477513 5.71081e-05 0.0208797 
0.0613296 0.00650857 0.338979 0.0022343 0.00106207 0.148642 0.000318592 0.0267909 0.0978132 0.0454236 0.00361759 0.245637 0.00442956 0.00359276 0.0136211 
0.00263998 0.000411613 0.0178875 0.000358103 2.79859e-08 0.00279913 3.84117e-10 0.0641332 0.00358201 0.467388 4.73358e-05 0.000674221 0.0264202 0.413129 0.000529329 
0.00865509 0.00684838 0.866685 0.00933233 0.000339892 0.0031499 2.61054e-06 0.00591634 0.0301661 0.0545582 0.00138691 0.010121 0.000220057 0.000314266 0.00230392 
0.0525233 0.0477078 0.467624 0.00715746 0.000488404 0.10156 0.000122495 0.0446379 0.0592072 0.145984 0.00661304 0.0493976 0.0025352 0.0101217 0.00432 
0.00514328 0.00125091 0.00154375 0.00135748 0.000102513 0.00202854 1.2082e-06 0.971091 0.00518715 0.010515 4.02534e-05 0.00086042 0.000759646 4.84436e-06 0.00011381 
0.068561 0.278719 0.220954 0.0127472 0.0584271 0.00435185 2.70536e-10 0.191951 0.0120396 0.100071 0.000382435 0.00494582 0.00920479 4.37413e-07 0.037645 
0.0144484 0.133221 0.105919 0.00450312 7.42456e-05 0.0314015 1.3962e-05 0.0638325 0.0768832 0.529354 0.000310486 0.022796 0.00340405 2.44417e-05 0.0138144 
0.0598411 0.0285057 0.000446213 0.224007 0.000905296 0.0410046 3.93124e-09 0.2166 0.000426534 0.00263133 1.24284e-05 0.420985 0.00102794 5.23758e-09 0.00360729 
0.0443682 0.099273 0.641161 0.000327402 0.00350791 0.00476144 1.06477e-07 0.0353944 0.0129396 0.116542 0.0019553 0.00654553 0.0187859 0.00472504 0.00971253 
0.0135196 8.18787e-05 0.000129439 0.013989 3.79117e-05 0.0220578 2.34719e-10 0.919395 0.00132129 0.0256245 4.75907e-06 0.0029029 0.00027281 0.000625937 3.75867e-05 
0.052713 0.0011295 0.000465805 0.395589 3.0345e-08 0.00567664 5.60081e-09 0.531569 0.000620049 0.00744572 6.15165e-05 0.0022928 0.00225695 4.90091e-08 0.00018016 
0.0557919 0.0510227 0.0815285 6.85879e-06 0.00291568 0.00415509 2.35378e-08 0.0746513 0.000317942 0.5408 0.000771513 0.128326 0.00492754 2.85824e-05 0.0547563 
0.0263043 0.00540937 0.00825938 0.0037857 0.000559871 0.00630279 3.24851e-10 0.911754 0.00278598 0.0318762 1.58185e-05 0.000833507 0.00207348 4.32798e-10 3.97029e-05 
0.0401392 0.30843 0.0503814 0.0104609 0.000212219 0.00434238 3.8692e-05 0.267743 0.150367 0.116728 0.00012868 0.0114588 0.00356155 0.00260174 0.0334073 
0.00619177 0.107939 0.0498721 0.0579831 0.0111184 0.0485751 1.16992e-06 0.621079 0.0235473 0.0561854 0.000187996 0.00737623 0.00464622 3.45999e-05 0.00526316 
0.0601615 0.556284 0.0316915 0.0115516 0.00384947 0.112009 9.58502e-05 0.0393716 0.0505487 0.0564831 0.0694076 0.00271421 0.00104715 0.00310676 0.00167822 
0.02842 0.0155841 0.000434202 8.9477e-05 4.76594e-05 0.0194406 9.33039e-07 0.0089984 0.350515 0.57527 1.17201e-05 0.000812039 0.000240247 0.000116281 1.90652e-05 
0.260645 0.00303058 0.11438 0.00473287 1.83e-06 0.409809 6.83287e-09 0.00892314 0.0192609 0.120674 0.000238729 0.0509052 0.000106065 1.46534e-07 0.00729174 
0.0864594 0.0418263 0.0671156 0.00550505 0.000198543 0.00777652 1.24979e-05 0.485705 0.0514942 0.093392 0.111295 0.00717329 0.000205316 0.00115771 0.0406834 
0.0111214 0.016835 0.000908465 0.00150501 5.31903e-05 0.00133309 2.84228e-11 0.0507486 0.0128033 0.015097 2.61024e-06 0.000334384 0.00147774 0.887776 4.59777e-06 
0.0113837 0.000931583 0.00152164 0.770192 0.000250814 0.00208303 1.7626e-10 0.0651893 0.0828755 0.0457474 2.10861e-05 0.0194963 9.54283e-05 5.67567e-10 0.000212388 
0.179422 0.0285967 0.0216684 0.0411406 0.000418365 0.142277 0.000148639 0.246785 0.0278207 0.263007 0.00138857 0.0283347 0.000911851 0.013599 0.00448184 
0.0131987 0.659434 0.000837071 0.000507941 0.00939045 0.000853015 6.20516e-09 0.0147964 0.0427392 0.0124331 0.000107388 0.193935 0.00200694 1.83659e-07 0.0497607 
0.151497 0.0152647 0.000870252 1.12812e-07 0.00311341 0.0258894 7.6455e-11 0.0013722 0.0497445 0.676639 0.000734948 0.0748735 1.14467e-07 1.01861e-10 7.21336e-07 
0.0200366 0.0454965 0.0165869 0.013831 0.00209958 0.0437525 8.16781e-08 0.0933611 0.366497 0.326622 0.00062942 0.00893444 0.00908623 0.0513342 0.00173239 
0.00318133 0.0858177 0.0229126 0.0140765 0.661351 0.00433526 2.5821e-10 0.146075 0.0177129 0.0395334 0.0008522 0.00377045 5.80053e-05 2.54977e-05 0.00029885 
0.00480763 0.000519371 0.000120788 0.898986 4.18299e-05 0.000736602 3.33623e-10 0.0824177 0.000357948 0.00606 2.73324e-07 2.52598e-05 0.00585958 9.29631e-06 5.79957e-05 
0.277763 0.0125294 0.313882 0.000425511 0.000514158 0.0153761 1.93131e-05 0.0423305 0.00390566 0.315323 0.000170365 0.00780969 0.00423617 0.00101851 0.00469614 
0.00467814 0.686199 0.0108248 0.00067696 9.99674e-05 0.00163322 2.58753e-06 0.0857983 0.102267 0.0896446 0.000196825 6.2596e-05 0.00117211 0.00261079 0.0141329 
1.30539e-05 0.532555 1.30539e-05 0.00523426 1.30449e-05 0.110952 1.30426e-05 0.094005 0.0705058 0.0587576 0.060049 1.30528e-05 0.0522039 0.0156591 1.30482e-05 
0.0465135 0.0194198 0.155109 0.00360582 0.00210901 0.0213782 9.7661e-05 0.0989536 0.298905 0.293164 0.00213053 0.00915596 0.0262239 0.000249485 0.0229841 
0.0274958 0.0755806 0.085868 0.0012372 3.36552e-05 0.000595578 1.95959e-06 0.159066 0.0127639 0.131828 4.91727e-05 0.00449808 0.451291 0.0440975 0.00559391 
0.00765207 0.370995 0.00154808 0.00012379 1.86377e-06 0.172737 1.30765e-08 0.400483 0.00280883 0.0337838 1.36574e-06 0.00650163 0.000323938 1.74217e-08 0.0030402 
0.122971 0.0233645 0.287216 0.0675206 0.00031219 0.00178794 1.93717e-05 0.107982 0.202319 0.035121 0.000337243 0.116595 0.000752606 0.028909 0.00479316 
0.0302853 0.152648 0.427048 0.000326752 0.0347404 0.0691498 5.56152e-06 0.138252 0.0657525 0.00528442 0.0063487 0.0133857 0.0521596 0.00443805 0.00017581 
0.0659626 0.00392139 0.758313 0.000662862 0.000925884 0.00728241 5.31697e-05 0.00193393 0.0331149 0.0207172 0.0639882 0.0284295 0.000721464 0.0117044 0.00226929 
0.012175 0.0017448 0.0116618 0.00707587 0.000860867 0.0937105 2.62757e-09 0.0892548 0.0520031 0.0550871 2.92334e-06 0.0102492 0.665714 1.98536e-08 0.000460231 
0.0594982 0.0713638 0.00937343 0.0624314 0.00133708 0.0924389 1.15519e-07 0.143951 0.195628 0.353591 0.000243078 0.00478848 0.00153397 1.91147e-07 0.00382079 
0.263617 0.134353 0.0420503 0.0795028 0.000284046 0.0181294 6.25991e-07 0.023635 0.12309 0.222389 0.000796241 0.0710476 0.000119591 1.19397e-06 0.0209844 
0.0354651 0.496693 0.00568604 0.157099 0.000883082 2.96486e-05 3.65797e-06 0.155199 0.057251 0.0442258 0.000232551 0.0148399 0.00264777 3.91416e-06 0.0297398 
0.0377751 0.0194244 0.0232229 0.228051 0.00209811 0.0144523 1.44306e-05 0.551049 0.0238435 0.0725231 7.89624e-05 0.0186722 0.00486572 0.00033375 0.00359634 
0.0332029 0.00474731 0.000350769 8.43648e-05 0.000176859 0.200181 2.87244e-09 0.00533615 0.43654 0.307983 1.67473e-06 0.00115676 0.000264636 0.00996372 1.00285e-05 
0.000964088 0.756689 0.115127 0.00500417 0.0047865 0.000352268 9.71297e-06 0.0414709 0.00416795 0.0137975 0.000509042 0.0126602 0.00839802 2.43596e-05 0.036039 
0.361345 0.000983189 0.203558 0.000372998 0.000622695 0.024071 2.00186e-08 0.0100948 0.02655 0.354966 5.45237e-08 0.0143607 8.14374e-05 3.59193e-06 0.00299086 
0.0111214 0.016835 0.000908465 0.00150501 5.31903e-05 0.00133309 2.84228e-11 0.0507486 0.0128033 0.015097 2.61024e-06 0.000334384 0.00147774 0.887776 4.59777e-06 
0.112182 0.00349852 0.0315962 0.00134442 3.1176e-05 0.00278138 7.17015e-10 0.113991 0.0236686 0.375832 1.96887e-07 0.00108875 0.333982 3.82799e-07 3.43274e-06 
0.13793 0.103236 0.065325 0.0861668 0.00383189 0.0212632 9.16771e-06 0.104624 0.174721 0.244047 0.000135761 0.0163706 0.0269536 2.99476e-05 0.0153552 
0.00436231 0.848575 0.0197412 0.000239487 5.85847e-05 0.000822978 7.11807e-07 0.0776935 0.0378673 0.00328628 1.32896e-05 0.0017537 0.00333079 0.000533251 0.0017219 
0.124364 0.00139763 0.0274839 0.0387031 0.000226487 0.406255 1.17642e-08 0.112821 0.0662684 0.210013 0.000748487 0.00884402 0.000209548 6.9354e-08 0.0026653 
0.0915125 0.00156483 0.0714462 0.00126582 0.000266473 0.000291387 1.10249e-10 0.17609 0.0480434 0.590093 0.000123331 0.0106308 0.00864562 1.46884e-10 2.60874e-05 
0.00293227 0.0902196 0.0293028 0.000196205 4.38512e-05 0.268169 1.85977e-05 0.0664517 0.00493861 0.00353094 0.00907935 0.00116334 0.427443 0.0964404 7.12121e-05 
0.361801 0.00249043 0.116575 0.0810441 8.42071e-06 0.00512742 7.53203e-06 0.117912 0.178702 0.0693384 0.00469467 0.0371426 0.00543986 1.07135e-05 0.0197051 
0.0362046 0.286911 0.0704766 0.00241507 0.112433 0.0153426 9.25551e-08 0.0561203 0.0975685 0.26892 0.000545459 0.0303848 0.0159628 4.56074e-07 0.00671419 
0.0388547 0.00589362 0.691002 0.00170869 0.000743431 6.34268e-06 1.10141e-06 0.00652132 0.0508573 0.111914 2.74007e-05 0.000324332 0.08525 1.71646e-05 0.00687865 
0.0030944 0.000941078 0.000198776 0.00670016 2.37438e-05 0.028351 1.66219e-09 0.0911644 0.0131956 0.0160447 6.42821e-06 0.000779348 0.000756174 0.838634 0.000109879 
9.84475e-05 0.0341049 0.0242438 8.53872e-05 0.00224034 3.34604e-05 1.09706e-07 0.022469 0.909784 0.00281575 1.34223e-05 0.00191478 0.000962871 3.53636e-07 0.0012332 
0.258007 0.0150235 0.0193216 0.0298935 0.000587881 0.0939521 3.30816e-05 0.0849758 0.209707 0.241293 0.000115256 0.0365629 0.00116936 0.00010276 0.00925508 
0.00851299 0.200835 0.190157 2.08303e-05 0.00496367 0.0170541 3.76102e-08 0.0664602 0.0348877 0.477066 8.98565e-07 2.26161e-06 1.85768e-05 5.0108e-08 2.09675e-05 
0.0253244 0.0265504 0.0125368 0.0221713 0.000569914 0.0131636 7.39436e-06 0.727357 0.0418598 0.0963888 0.000109016 0.0175229 0.014157 0.000982702 0.00129852 
0.0295545 0.0105277 0.00293913 0.0263291 0.00363178 0.00766687 1.75924e-11 0.531197 0.0542931 0.076717 2.98284e-05 0.00723381 0.249506 1.30067e-05 0.000362012 
0.0341984 0.0412806 0.22382 0.00354379 0.000928161 0.0211666 6.66678e-05 0.0528036 0.0534432 0.201462 0.00339874 0.35657 0.00181663 0.000274169 0.00522771 
