0.121329 0.0096079 0.0601772 0.0017847 0.106027 0.0023353 0.000475759 0.364203 0.180986 0.119787 0.000378594 0.0159388 0.0166595 2.60949e-09 0.000310743 
0.128703 0.0126054 0.0096017 0.099617 0.000970918 0.174027 1.01657e-06 0.406103 0.0363527 0.121281 0.000118176 0.00531683 0.00325561 1.47424e-07 0.00204625 
0.000501142 1.28724e-05 8.41558e-08 0.000713421 5.42362e-07 8.70021e-06 6.59986e-07 0.998054 6.78425e-08 0.000672827 2.39848e-06 1.07052e-06 2.79721e-05 8.79297e-07 3.31562e-06 
0.0297702 0.0753644 0.00649812 0.0839692 0.00412599 0.0815542 1.20762e-05 0.556462 0.0453184 0.105761 0.000282589 0.00780203 0.000279206 0.00118948 0.00161112 
0.0175144 0.0971127 0.0184499 0.0160312 2.77072e-05 0.00259691 3.37961e-08 0.50747 0.114663 0.19999 2.6298e-05 0.00557226 0.0197338 3.82502e-06 0.000807775 
0.0911136 0.0363191 0.0085636 0.0732943 0.000264721 0.00602482 4.8971e-07 0.386059 0.100728 0.229853 0.000255173 0.0131637 0.0018754 0.000378835 0.0521064 
0.241122 0.0194009 0.01218 0.0219304 0.00139976 0.0615459 0.000937657 0.284357 0.216496 0.0661153 0.0012217 0.031371 0.000976137 0.0342434 0.00670218 
0.0213303 0.217532 0.0368072 0.159225 0.000434646 0.0364163 6.86779e-06 0.388278 0.0254966 0.103485 0.00269352 2.74084e-05 0.00611341 0.000463007 0.00169098 
0.0513249 0.00156696 0.0024148 0.0313709 4.41229e-05 0.0083084 2.72084e-07 0.825491 0.0561344 0.00780617 3.42969e-05 0.00286242 0.0116059 7.82673e-05 0.000956715 
0.0398324 0.167735 0.00664655 0.00150396 0.039767 0.000629805 8.25495e-05 0.574502 0.00498715 0.104006 9.62981e-05 0.00353734 0.0235949 0.0315632 0.00151569 
0.00354571 0.0165733 0.000155416 0.00793624 0.000133653 0.0291985 5.75777e-09 0.755113 0.0146816 0.172366 1.73221e-10 4.06999e-07 8.98839e-08 6.94406e-10 0.000296103 
0.0495174 0.0327545 0.0389078 0.0343432 0.00409575 0.0309252 0.000282511 0.658303 0.0378223 0.0550204 0.000212349 0.00908234 0.0180228 0.000142954 0.030568 
0.00416356 0.00469303 0.000172867 0.00188986 2.47822e-08 0.00337007 2.90815e-11 0.955091 0.000606773 0.000594927 1.26257e-09 0.0284817 0.00036434 3.85566e-06 0.000567862 
0.0622837 0.315133 0.00995484 0.0138034 0.000697469 0.0261669 5.15021e-05 0.331874 0.0972894 0.104367 0.000932656 0.0259388 0.00144044 0.00995379 0.00011342 
0.249453 0.00534549 0.0101825 0.000113263 0.0209533 0.00621219 0.000352504 0.420539 0.0387636 0.0532062 3.648e-05 0.17477 0.000862706 0.00081037 0.0183998 
0.0453153 0.0230346 0.020819 0.0763405 0.00631453 0.0153817 2.76084e-08 0.569525 0.0714098 0.140303 9.3341e-05 0.0258811 0.000525658 2.79073e-08 0.00505652 
0.0288857 0.00597683 0.0277591 0.350686 0.0151499 0.0297635 0.00895037 0.436288 0.0336556 0.053339 6.91323e-05 0.00468801 0.00401757 2.02808e-11 0.000771339 
0.0806999 0.00978121 0.195338 0.107732 0.000268246 0.00342632 2.71063e-07 0.253464 0.180737 0.0428479 0.000138771 0.109425 0.000129113 1.9928e-05 0.0159918 
0.227367 0.0253351 0.162515 0.000355558 0.0028619 0.00206859 1.95904e-09 0.295468 0.0567706 1.84194e-10 5.66632e-06 0.0178828 0.20937 2.61002e-09 1.12063e-09 
0.120981 0.000532952 0.00170406 0.257552 1.92445e-05 0.00189351 1.90637e-08 0.49668 2.10699e-06 0.0661872 4.25367e-08 0.0542594 5.26818e-06 2.53985e-08 0.000183419 
0.0808208 0.0725578 0.0294978 0.0857157 0.00392324 0.0215098 0.000196688 0.473645 0.0773601 0.0800274 0.000335917 0.0427243 0.013075 0.00326411 0.0153459 
0.146945 0.136085 0.228668 0.000632529 2.12012e-07 0.000666721 0.000681814 0.246984 0.0461352 0.061466 3.74623e-07 0.00727468 0.121908 1.65833e-05 0.00253608 
0.023616 0.038024 0.019586 0.0129624 4.07426e-05 0.0026324 5.0726e-05 0.527314 0.145236 0.155955 0.000217185 0.0552612 0.01475 0.00272007 0.00163354 
0.00621403 0.0137618 0.000243722 0.129985 3.74085e-05 0.0562522 4.09417e-09 0.790591 6.76364e-07 8.54958e-07 5.76154e-09 7.67176e-09 0.00252573 1.60383e-12 0.000387402 
0.000463926 0.049046 0.0203049 0.0601574 0.0345773 0.0015126 7.42879e-05 0.390117 0.00321609 0.119475 3.11382e-05 0.00425751 0.311202 6.33987e-10 0.00556489 
0.0210746 0.000849798 0.00152224 0.0166719 3.09847e-05 0.0136229 4.6545e-07 0.573204 0.0254758 0.118502 6.38835e-07 0.00227582 0.226398 3.53328e-06 0.000367126 
0.0316117 0.14828 0.0123628 0.0570947 3.93494e-05 0.00795559 4.47442e-08 0.312916 0.196599 0.191406 3.71167e-06 0.0121573 0.0110792 0.0050981 0.0133965 
0.0248115 0.135126 0.0129914 0.00103693 0.00269251 0.000103965 6.87076e-07 0.558602 0.00277167 0.151099 8.3002e-07 0.10871 4.46066e-05 3.10602e-06 0.00200553 
0.0646723 0.0498806 0.0525783 1.09817e-07 0.000516909 0.111327 1.34073e-10 0.31431 0.132915 0.168291 9.90056e-08 0.0103467 0.0946021 1.78624e-10 0.000559585 
0.00611263 0.0576821 0.00862097 0.112187 0.000155038 0.0186228 1.57648e-06 0.512419 0.0429778 0.0231416 0.000193758 0.000986512 0.00362941 0.212878 0.000391706 
0.00306529 0.00253518 0.000946098 0.413984 0.000461197 0.00782524 3.8722e-06 0.552128 0.00867261 0.0100594 7.41649e-05 4.82967e-06 0.000229411 6.15096e-09 1.10277e-05 
0.0016349 0.0579911 1.15198e-07 0.00206238 1.0212e-11 0.0115561 2.11378e-08 0.925921 3.21913e-08 0.000806413 2.78018e-05 1.16222e-07 1.34366e-07 1.6556e-11 8.88625e-08 
0.0599127 0.0203361 0.0112034 0.133322 0.00333489 0.0501275 0.0597329 0.560461 0.0360463 0.0353454 0.000332478 0.00875942 0.0162822 0.000287618 0.00451554 
0.0149093 0.263702 0.0159816 0.170634 0.000848219 0.00265775 1.30591e-05 0.339474 0.06533 0.102434 2.84421e-05 0.0206168 0.00160003 8.20732e-08 0.00176994 
0.066685 0.0666782 0.0666852 0.0666807 0.0666395 0.0666737 0.0666277 0.066688 0.0666871 0.0666877 0.0666719 0.0666794 0.0666538 0.0666059 0.0666562 
0.00170995 0.172988 0.00326544 0.0196786 1.61163e-07 0.00557717 2.61714e-06 0.701148 0.0340688 0.0529751 6.87936e-05 0.000641116 0.0062457 3.73137e-07 0.00163052 
0.191291 0.00672492 0.0262345 0.0101619 0.000308495 0.0486406 3.43869e-05 0.316783 0.027997 0.0361724 0.00293409 0.0467982 0.00349582 0.000134011 0.28229 
0.0325188 0.104929 0.0315807 0.011424 0.000106244 0.00782132 8.86993e-06 0.429094 0.068927 0.199127 0.000347171 0.0331263 0.00269511 0.0108058 0.0674888 
0.032147 0.0334237 0.00975119 0.00863741 1.39199e-05 0.0540924 1.2274e-05 0.688554 0.0304622 0.111145 2.42974e-05 0.00337351 0.0188419 2.25337e-07 0.00952157 
0.162895 0.0140483 0.00868998 0.0708359 9.02057e-05 0.0199347 2.54106e-07 0.613227 0.0117412 0.0675605 0.000386742 0.0238389 0.000552453 1.6699e-06 0.00619716 
0.0166812 0.00214774 0.00264918 0.0941391 9.88242e-07 0.0113997 1.94506e-07 0.817541 0.00694253 0.0302176 6.76448e-09 0.00011027 0.018165 1.828e-08 5.45239e-06 
6.05688e-05 0.000352077 0.00333309 0.116134 6.2981e-05 0.00417909 6.75123e-06 0.845771 0.00405435 0.00345474 5.70859e-09 0.00471383 0.00115743 0.0165856 0.000133731 
0.0190176 0.1302 0.00225878 0.0483823 2.50428e-10 0.00403065 1.82696e-08 0.578841 0.0687744 0.078656 7.63368e-07 0.0661999 0.00167669 3.34871e-06 0.00195785 
2.59454e-07 0.00595128 1.89188e-05 0.0517574 9.25079e-08 4.72993e-09 1.55088e-08 0.795744 1.36849e-06 0.0642918 1.18056e-07 0.0517073 0.0301756 2.06624e-08 0.000351695 
0.0220953 0.0656929 0.0881077 0.0502606 0.00238071 0.17358 1.20286e-07 0.426686 0.000903681 0.11174 0.000120507 0.0520813 0.000183046 2.93374e-10 0.00616823 
0.00317465 0.0221969 0.00270483 4.15831e-07 1.72576e-06 0.00339515 2.10003e-06 0.956799 0.00403698 1.97451e-07 0.00167573 4.5675e-07 1.28282e-06 2.79786e-06 0.00600759 
0.00445483 0.00714329 0.000853023 0.348592 0.000193337 0.215838 2.19053e-05 0.408908 0.00535612 0.00602161 0.000168329 0.000269293 0.00192935 0.000229897 2.14288e-05 
0.00366501 0.00102283 0.00215234 0.270938 2.55568e-05 0.0560724 2.16047e-10 0.59278 0.0104801 0.0211197 5.83407e-06 0.0332848 0.00829069 2.35407e-05 0.000139753 
0.0176215 0.0360488 0.00239419 0.0584603 0.000588492 0.00755486 5.14136e-06 0.589232 0.0807272 0.129946 6.34781e-05 0.000846959 0.075999 0.000179504 0.000332329 
0.0120021 0.00800038 0.00686971 0.312136 0.000329461 0.00936437 3.62226e-05 0.609601 0.0118059 0.0272945 0.000224 0.00149078 0.000654227 5.27451e-05 0.000138329 
0.00568994 0.0444399 0.0031786 1.63854e-06 2.79781e-06 1.00305e-05 5.23698e-10 0.563814 2.44407e-06 0.321666 1.74048e-10 1.39646e-05 0.0610947 8.34482e-05 2.60658e-06 
0.224602 0.00220204 0.00678403 0.0470512 4.33057e-05 0.0102264 3.43415e-07 0.637478 0.0116835 0.0208402 0.000133507 0.0293452 9.63102e-05 4.33742e-06 0.00950988 
0.061845 0.175217 0.0340568 0.0400434 0.00171912 0.00942807 9.64029e-08 0.627859 0.00645451 0.0299133 4.3469e-06 2.65347e-08 0.0133915 6.96202e-08 6.74108e-05 
2.2021e-06 3.4259e-08 0.0596346 0.000406209 5.42565e-09 0.0223641 3.28474e-11 0.618997 2.29606e-07 0.0714245 8.63515e-07 0.227169 3.51158e-07 1.31725e-08 8.09855e-07 
0.0266795 0.0130279 0.0196601 0.0392516 0.00407031 0.0221788 0.000476104 0.705699 0.0337763 0.0587177 0.000104575 0.00336402 0.0689736 0.0024711 0.00154936 
0.0233898 0.00262025 0.0206899 0.00703719 0.139031 0.0352585 1.15986e-08 0.404448 0.152855 0.174436 4.50862e-11 5.94156e-08 5.98325e-05 5.05122e-07 0.0401746 
0.0200527 0.00574536 0.0771871 0.00849416 0.00152964 0.0194891 5.80233e-06 0.629136 0.10344 0.0434137 0.0610657 0.00455283 0.011841 0.0109931 0.003054 
0.0357621 0.138651 0.0384985 0.0683893 0.000526699 0.00759217 2.00885e-05 0.359389 0.0444861 0.254694 7.2995e-05 0.0190832 0.00469392 8.83747e-05 0.0280527 
0.0637886 0.11541 0.0626512 0.00288489 0.0108918 0.00621143 4.42603e-06 0.50639 0.0947904 0.11227 0.000168482 0.000282514 0.0201195 9.89467e-07 0.00413587 
0.030192 0.1323 0.0708788 0.000132557 3.05435e-05 0.155871 0.000279902 0.318147 0.116051 0.0775841 0.00190622 0.0943165 2.10428e-05 1.48297e-10 0.00229027 
0.0558494 0.0414104 0.0380949 0.0965946 0.00346147 0.0388201 0.00095021 0.501612 0.0743129 0.105211 0.00284696 0.0251318 0.00711512 0.0024842 0.00610469 
0.0144236 0.00767828 0.00128424 0.0124105 1.89314e-05 0.22436 1.10572e-05 0.675008 0.0232699 0.033668 4.11368e-05 0.00197687 0.00574806 5.38367e-05 4.71279e-05 
0.119172 0.038068 0.0422231 0.00961806 0.00010777 0.0216693 0.000617961 0.294852 0.255483 0.0630525 0.109018 0.0439545 0.00156416 0.000184667 0.000415311 
0.0208073 0.0254101 0.0091613 0.266255 0.00064826 0.0760425 1.94488e-05 0.487416 0.027261 0.0742532 5.48239e-05 0.00752757 0.00454836 0.000217032 0.000377722 
0.0212019 0.209247 0.0380146 0.110016 0.00104155 0.0046299 1.78309e-08 0.255822 0.147519 0.194913 1.56439e-05 0.00452644 0.0104547 3.69327e-11 0.00259925 
0.0248694 0.0284607 0.0877779 0.0126317 0.00118949 0.0115014 2.41151e-05 0.650089 0.0510706 0.0712906 0.0190779 0.00470558 0.0304974 0.00470673 0.00210707 
0.0361689 0.00780048 0.0208328 0.0370541 0.00110289 0.0334656 0.000259549 0.647712 0.0291641 0.0171095 0.00034831 0.0224525 0.0112629 0.000164572 0.135102 
2.88309e-07 0.0244432 0.0134868 0.0515777 0.000371428 0.00328892 1.42103e-08 0.717323 0.0188956 0.16518 1.53356e-05 0.00509378 0.000323705 1.51619e-11 1.25184e-07 
0.0486953 0.0252938 0.00928047 0.141588 0.0531019 0.0215462 0.000132032 0.527222 0.0272997 0.105873 5.48173e-05 0.0236501 0.00231583 8.61195e-05 0.0138599 
0.030192 0.1323 0.0708788 0.000132557 3.05435e-05 0.155871 0.000279902 0.318147 0.116051 0.0775841 0.00190622 0.0943165 2.10428e-05 1.48297e-10 0.00229027 
0.0257371 0.0758072 0.210892 0.0124496 0.0014184 0.0606313 0.0032833 0.370411 0.13496 0.0406791 0.00879487 0.0101462 0.0104567 3.13159e-06 0.034331 
0.0128295 0.102428 0.046323 0.0182518 2.38727e-05 0.00348471 7.84412e-05 0.656376 0.0629735 0.0740307 4.801e-05 0.00396724 0.00765411 4.07291e-05 0.01149 
0.0265795 0.152113 0.0160276 0.00943103 4.47147e-05 0.00281555 0.000445933 0.438266 0.0418021 0.200287 9.14922e-05 0.0169092 0.00503759 0.0622009 0.0279476 
0.0130647 0.00259775 0.00201934 0.10784 4.69151e-08 0.000524874 0.0403776 0.824777 6.81401e-05 0.00208435 6.36914e-11 0.00656621 1.05923e-06 2.55326e-10 7.88005e-05 
0.0325992 0.0213683 0.0346467 0.017202 0.00184205 0.0302007 2.25855e-06 0.614812 0.0647552 0.132897 0.0110758 0.0246516 0.0122311 5.85571e-05 0.00165788 
7.82003e-07 0.0234003 7.16889e-07 2.67926e-05 0.000136483 1.47433e-11 4.83414e-11 0.970061 0.00636974 2.51258e-06 1.60659e-11 2.0083e-07 1.6153e-06 6.4405e-11 2.76528e-11 
0.00576163 6.11268e-05 8.08141e-09 0.000527409 1.38268e-11 1.77462e-07 1.68255e-11 0.827927 0.0111442 0.00167064 5.59184e-12 0.0182507 0.134649 8.34026e-06 2.80166e-08 
0.00969086 0.0175082 0.020099 0.0511137 0.00341148 0.00623316 5.75635e-07 0.748122 0.0258256 0.0923394 0.000291449 0.00290133 0.0159212 2.71897e-06 0.00653977 
0.0937134 0.000611645 0.000573642 0.218321 5.67247e-05 0.0276081 5.924e-09 0.525059 0.00497016 0.116352 3.74759e-08 0.011329 0.000156589 1.0695e-10 0.00124853 
0.0247034 0.0351761 0.0347895 0.00531639 0.000993963 0.00768926 7.85557e-05 0.504591 0.038811 0.181743 0.00161008 0.0087143 0.00335895 0.150702 0.0017226 
1.00415e-05 0.000156732 1.07923e-05 4.40918e-09 1.82987e-08 0.203273 0.000149212 0.796037 6.56946e-05 2.09363e-09 3.47891e-05 3.10004e-05 1.36021e-08 2.96666e-08 0.000231836 
0.00264387 0.0160134 0.000796834 0.00095366 0.00947437 0.00221355 7.0766e-10 0.642105 0.0175622 0.0192848 2.68123e-05 2.61876e-06 0.288921 9.42813e-10 2.17831e-06 
0.0198726 0.0151475 0.0985045 0.0108797 0.000382127 0.00582018 1.98035e-05 0.539707 0.0333871 0.123603 9.74301e-05 0.0773647 0.0180468 9.74858e-07 0.0571669 
0.224166 0.0168836 0.070026 0.051452 0.00239452 0.0212372 6.34991e-08 0.260399 0.0869815 0.154012 0.00046405 0.0804019 0.00275391 2.9943e-05 0.028798 
0.0315396 0.221079 0.0167374 0.0030227 0.18187 0.00877776 0.024465 0.341757 0.0788806 0.0397357 0.00719656 0.0182475 0.00221186 0.0167007 0.00777822 
1.29628e-05 0.000161339 1.02116e-06 5.83592e-05 1.45458e-06 1.4729e-05 5.23965e-06 0.420593 0.183035 0.396103 4.47852e-06 3.49117e-06 4.45306e-06 8.64047e-07 8.12034e-07 
0.00579059 0.0233895 0.014766 0.232556 0.00113332 0.0161661 0.000815011 0.612178 0.0236077 0.0291727 7.05033e-05 0.00429465 0.00344899 3.9067e-07 0.0326107 
0.0539869 0.0996064 0.00621271 0.0117418 0.062369 7.28836e-05 1.68514e-05 0.423267 0.00947884 0.0288749 6.03126e-06 3.59427e-05 0.00201393 8.96891e-08 0.302317 
0.0327918 0.00491759 0.00756554 0.00602941 0.00042559 0.0253161 8.77535e-07 0.714503 0.00961855 0.0420167 0.000152929 0.0240146 0.131749 9.54984e-08 0.000898541 
0.00969421 0.0137046 0.000631429 0.101065 1.74973e-05 0.278948 7.79462e-07 0.548085 0.01245 0.0301217 6.76034e-05 0.000838346 0.00416929 7.92784e-05 0.0001271 
0.0355028 0.0178821 0.0192531 0.083989 0.00261153 0.0203134 4.37205e-05 0.567333 0.0320343 0.10167 0.000887533 0.0111825 0.0180259 0.0733099 0.015961 
0.034773 0.0341215 0.0318234 0.000346739 0.00025846 0.0701267 6.98569e-11 0.354437 0.188979 0.192416 5.06789e-08 0.00711816 0.0853203 5.37081e-07 0.000279797 
0.114966 0.0363027 0.0694464 0.148682 0.00407065 0.0069082 2.45656e-05 0.227582 0.167466 0.0270023 3.64865e-05 0.189202 0.00136129 5.96808e-06 0.00694214 
0.138966 0.233058 0.024577 0.0111286 0.00264323 0.0281304 0.000249694 0.289689 0.111321 0.118637 0.00168639 0.0167524 0.00289767 0.00170464 0.0185579 
0.00870315 0.00203654 0.00256708 0.00225573 0.000140764 0.00333361 1.09263e-09 0.95162 0.00874512 0.0178371 5.30691e-05 0.00141759 0.00116399 7.33625e-09 0.000126103 
0.021796 0.0190593 0.0486009 0.000659655 0.00109347 0.0153196 1.22628e-10 0.548571 0.00045338 0.322253 2.21495e-08 0.00720106 0.00524367 1.63376e-10 0.00974968 
0.00930798 0.00414177 0.00274668 0.0278551 0.00195154 5.79428e-05 1.8267e-08 0.92556 0.0128835 0.00505522 5.56044e-08 0.00136248 0.00896914 2.29732e-10 0.000108085 
0.0118938 0.0068748 0.010888 0.0147225 5.65741e-07 1.07919e-05 6.76956e-08 0.929514 8.21703e-06 3.25939e-06 1.10626e-07 0.00117377 3.85303e-10 0.0236275 0.00128232 
0.232612 0.123702 0.0134009 0.0469054 1.34106e-05 0.015139 0.000106343 0.449258 0.0948944 0.0227368 3.7121e-05 6.65528e-05 0.000512505 1.67832e-06 0.000614527 
0.00033978 0.07114 0.0495108 0.0104063 4.6035e-05 0.00548192 7.27752e-06 0.776457 0.0433613 0.0341693 0.000198815 0.00480335 0.00209077 2.59983e-07 0.00198677 
0.225352 0.00322985 0.0140717 0.0790103 0.00026553 0.016315 0.00011963 0.375632 0.0647132 0.12367 2.79165e-06 0.0323848 0.0644402 6.68163e-08 0.000792991 
0.0365975 0.0945839 0.135007 0.0907061 0.000837206 0.0426464 6.0873e-07 0.473679 0.0764586 0.0227345 4.25359e-05 0.00587644 0.0179217 1.10403e-07 0.00290857 
0.0163431 0.00490315 0.00755965 0.00432008 0.000668089 0.00345327 3.39416e-07 0.698642 0.0346083 0.209508 2.02603e-05 0.00323811 0.0151238 4.1482e-08 0.00161215 
0.00870315 0.00203654 0.00256708 0.00225573 0.000140764 0.00333361 1.09263e-09 0.95162 0.00874512 0.0178371 5.30691e-05 0.00141759 0.00116399 7.33625e-09 0.000126103 
0.0851681 7.54953e-07 0.0396401 7.54982e-07 7.54516e-07 7.54903e-07 0.00135864 0.823549 7.55055e-07 0.0275604 7.54882e-07 7.54967e-07 0.0227165 7.54135e-07 7.54704e-07 
0.0174708 0.0106587 0.0339317 0.0118766 6.00721e-09 0.0204506 1.47875e-07 0.35804 0.227094 0.257576 3.42759e-09 0.00105998 0.0618411 4.20448e-08 1.26327e-13 
0.0218096 0.367603 0.0119558 0.0636656 4.36076e-05 0.00363535 7.65902e-06 0.391403 0.0781609 0.0569354 6.33606e-05 0.000799411 0.000269156 8.33705e-07 0.00364652 
0.0212626 0.073574 0.0296804 0.028584 0.00324901 0.00421472 1.85921e-09 0.340826 0.244294 0.214652 0.000480979 0.0244857 0.0143657 8.01218e-09 0.000330284 
0.0209037 0.0706051 0.00122461 0.000360419 1.58035e-06 1.05147e-05 0.00011264 0.70881 0.103832 0.0696245 0.000149285 0.00263979 0.00171434 7.18364e-07 0.020011 
0.0661243 0.0660331 0.0535093 0.017129 0.00529078 0.286744 0.000935634 0.376361 0.0382713 0.0383858 0.0161518 0.0227667 0.00211494 0.000157287 0.0100256 
0.118504 0.00188857 0.00840143 0.040185 4.54301e-05 0.0745943 2.72214e-05 0.527506 0.0369011 0.165649 0.00171275 0.00463596 0.0196281 0.000278271 4.36817e-05 
0.06791 0.175652 0.0285805 0.0643338 0.00552481 0.030216 0.00455067 0.321205 0.0901272 0.0466488 0.0011809 0.0364089 0.00437674 0.089234 0.0340508 
0.0755475 0.0248428 0.0467837 0.00350924 0.000244135 0.0101007 0.000229471 0.473216 0.135509 0.173517 0.000125493 0.0193684 0.000892125 2.69423e-05 0.0360879 
0.073255 2.57457e-06 0.0163415 0.00177945 0.00631469 5.98193e-06 6.28162e-06 0.594989 0.169286 0.00918526 3.582e-10 0.128147 9.50776e-06 1.43595e-09 0.000677527 
5.47339e-06 0.105084 0.218395 5.47303e-06 0.022978 5.47246e-06 5.46868e-06 0.314194 5.47356e-06 0.165308 5.47231e-06 0.0667752 0.0935561 0.0136727 5.47102e-06 
0.116959 0.00294371 2.16607e-07 0.00758835 8.07748e-08 3.49045e-07 9.26963e-11 0.794089 0.0506837 0.004005 3.0807e-11 0.0167448 6.08424e-06 1.23499e-10 0.00698034 
0.00221434 0.00484751 0.000192843 0.100721 0.00047387 0.00923566 3.86126e-07 0.832448 0.00354199 0.0462548 8.11943e-06 3.99892e-07 5.93376e-05 1.293e-06 4.87375e-08 
0.0514314 0.0517096 0.0620538 0.0354657 0.00397517 0.0270008 8.80489e-05 0.430241 0.108753 0.166751 0.00069468 0.0336948 0.00487124 0.00433446 0.0189357 
0.00571003 0.0151314 0.00351725 0.0251345 0.00693431 0.0134032 2.55482e-06 0.871223 0.0388451 0.0145036 5.33038e-05 0.00138513 0.00176247 7.65858e-05 0.00231736 
0.185406 0.00340192 0.000629258 0.0166001 0.000215453 0.00350478 2.59956e-07 0.389354 0.0381242 0.228748 4.05469e-06 0.0766473 0.000404513 0.0562236 0.000736168 
0.124917 0.181966 0.00650066 0.0814328 1.91855e-05 0.185844 2.31027e-07 0.257742 0.0374123 0.108208 1.85733e-05 0.0068778 0.00383826 8.21694e-11 0.00522397 
0.169517 0.00802595 0.0480923 0.0672354 0.000812318 0.00260235 9.26923e-07 0.476808 0.112988 0.097781 1.13784e-08 0.0131198 0.00116068 1.76474e-10 0.00185655 
0.0122589 0.0317272 0.0828055 0.279988 0.000113384 0.00133868 9.14385e-07 0.357045 0.111018 0.086455 3.44789e-08 0.0212107 0.0136536 3.51417e-07 0.00238439 
0.0620418 0.00383205 0.00370226 0.059466 2.34766e-05 0.081853 0.00514613 0.671879 0.0162966 0.0856046 1.92438e-05 0.00606349 0.000360668 0.0004135 0.00329822 
0.036732 0.0160682 0.0150676 0.208921 0.00138733 0.0582356 6.49309e-06 0.384711 0.0701726 0.123821 9.35959e-05 0.0123741 0.0694645 3.3816e-05 0.00291155 
0.170174 0.131569 0.0117711 0.0160276 0.00610503 0.000661642 2.50701e-08 0.479128 0.055065 0.126651 0.000190653 0.000508008 0.000897478 0.000724255 0.000527329 
0.0597248 0.107045 0.0519576 0.0118359 0.000566735 0.0336224 0.00153507 0.280365 0.252831 0.17951 0.00144406 0.0125689 0.00152599 0.000747049 0.00471991 
0.0103515 0.173094 0.0188459 0.179485 0.000139152 0.000653581 8.8889e-06 0.468616 0.0820756 0.0442608 0.000164265 0.00553547 0.00312786 6.40313e-11 0.0136415 
0.0138009 0.0219849 0.00748216 9.20203e-05 4.35939e-07 3.34864e-07 1.66718e-08 0.827182 0.0509328 0.0644969 1.59661e-05 0.000692903 0.0131244 1.77749e-09 0.000194622 
0.108571 0.0109245 0.00130969 0.0745998 0.000121607 0.0839915 1.19934e-06 0.695572 0.00653667 0.0118701 8.57249e-06 0.000573192 0.000352878 1.41584e-06 0.00556619 
0.051956 0.0672734 0.160968 0.0454916 4.03361e-08 4.15068e-05 2.82488e-08 0.414275 0.0964586 0.0301852 0.000252811 0.0982464 0.00715674 0.0217368 0.0059574 
0.074493 0.00318546 0.0293228 0.0154528 0.000651628 0.0278301 2.08212e-05 0.615734 0.0257195 0.051696 2.35151e-05 0.0135165 0.137047 2.9563e-05 0.00527697 
0.038438 0.0163033 0.0136334 0.0923783 0.00194072 0.0841988 0.00824936 0.657556 0.0254132 0.0374645 0.000771484 0.0104448 0.00986257 0.0012004 0.00214504 
0.00276014 0.0830552 0.00885871 0.0548836 0.000709819 0.00902361 4.05993e-05 0.632023 0.0213635 0.0998184 2.07562e-05 0.000857517 0.0837129 1.36253e-06 0.00287064 
0.104428 0.00234804 0.0125176 0.0205253 1.32741e-05 0.0165185 1.35236e-05 0.721218 0.0240248 0.0935511 2.5319e-05 0.0020837 0.00211956 2.96904e-09 0.000612483 
0.21435 0.0228554 0.0308907 0.0436325 0.000200648 0.0587734 3.00889e-09 0.31083 0.127552 0.143676 5.39937e-05 0.0442226 0.00151972 3.31439e-06 0.00144021 
0.0697833 0.0139947 0.080024 0.0174273 1.40568e-07 0.0543996 0.000646637 0.311471 0.0621894 0.123817 0.00222219 0.250501 0.00552562 0.00392 0.00407761 
9.74494e-07 0.184746 0.0155929 9.7443e-07 0.0527825 0.0021445 0.00224038 0.391083 0.0568155 0.268094 9.74302e-07 0.0150069 0.00379971 0.00769035 9.74072e-07 
0.039618 0.0342094 0.00302567 0.0134024 0.000218929 0.000442063 3.96625e-06 0.670407 0.0177657 0.174313 1.88949e-05 0.00930657 0.036529 1.50937e-07 0.000739202 
0.0298634 0.158117 0.0507665 0.029084 0.0148173 0.00415165 2.43447e-06 0.562441 0.0208935 0.0430941 0.0406571 0.001883 0.0171454 0.000212152 0.0268709 
0.0212767 0.0221805 0.0922478 0.0231806 0.00180382 0.0319034 4.40203e-05 0.624185 0.0681466 0.0387149 0.0109325 0.0526836 9.46e-05 0.0108199 0.00178634 
0.0595878 0.220981 0.0445804 0.0417695 0.00948028 0.0405191 0.00444533 0.232263 0.224025 0.109349 0.00017625 0.00440764 0.00116128 0.00329178 0.00396299 
0.0302659 0.000927979 0.0854884 9.45951e-05 0.00243275 0.0143785 2.53078e-06 0.666808 0.00428214 0.134471 0.00237041 0.0271582 0.0157155 9.43051e-05 0.0155093 
0.0163471 0.0060133 0.00129817 0.0799109 0.00014862 0.100029 1.46963e-06 0.7858 0.00484262 0.00483314 1.04767e-05 0.000347641 0.000271137 5.16959e-11 0.000145566 
0.00416356 0.00469303 0.000172867 0.00188986 2.47822e-08 0.00337007 2.90815e-11 0.955091 0.000606773 0.000594927 1.26257e-09 0.0284817 0.00036434 3.85566e-06 0.000567862 
0.00873525 0.0471629 0.0113554 0.0415182 2.11954e-06 0.10191 1.19318e-08 0.491242 0.204461 0.0915199 7.44383e-05 0.00142878 0.00012928 4.64843e-10 0.000460012 
0.00172965 1.13294e-11 0.000240605 0.0149307 6.57464e-08 0.093265 4.78063e-11 0.792331 0.00010553 0.00118744 1.42608e-05 0.0961923 3.31418e-06 2.55885e-07 2.73467e-11 
0.089158 0.0120028 0.00365248 0.0430419 0.00857744 0.0224972 9.31852e-06 0.405333 0.027495 0.216348 1.6171e-05 0.16003 0.0067578 0.00278382 0.00229769 
0.00111827 0.0141877 0.000825066 0.00635447 0.000469609 0.0249855 3.82262e-05 0.685583 0.0367333 0.220577 8.10488e-08 0.00566052 0.00318498 8.08402e-05 0.000202108 
0.00592128 0.172319 0.06096 0.0174101 0.0049349 0.000289984 0.016452 0.586134 0.00544364 0.0674562 0.00121401 0.0188578 0.00788755 1.11455e-05 0.0347086 
0.101586 0.00983471 0.0122819 0.0562194 0.000141297 0.14879 0.000886496 0.629781 0.0136414 0.0163761 0.00440209 0.00195687 0.000442051 0.00148287 0.00217787 
0.00621403 0.0137618 0.000243722 0.129985 3.74085e-05 0.0562522 4.09417e-09 0.790591 6.76364e-07 8.54958e-07 5.76154e-09 7.67176e-09 0.00252573 1.60383e-12 0.000387402 
0.00975584 0.066559 1.29323e-06 0.0166996 6.18584e-10 0.0379944 7.52738e-10 0.712492 0.00117511 0.144953 2.50167e-10 0.00236352 4.59815e-10 1.00287e-09 0.00800604 
0.0567188 0.0495636 0.159551 0.004364 0.000589819 0.00124789 6.99902e-05 0.342677 0.131042 0.166363 0.0170968 0.0477757 0.00815556 0.0122326 0.00255221 
0.0201039 0.0115492 0.00575835 0.278734 9.1595e-05 0.0731141 2.47213e-06 0.555424 0.00481554 0.0133063 8.41097e-05 0.0186289 0.00998102 0.00392243 0.00448409 
0.000585723 0.00820787 8.32738e-07 0.0275105 5.92158e-08 0.074487 3.52851e-05 0.880805 0.008344 1.46525e-07 1.84163e-07 3.47165e-07 2.26743e-05 2.48459e-11 9.73523e-08 
0.0288349 0.0215946 0.0200567 0.0297048 0.00190734 0.0085663 0.000315729 0.758437 0.0358913 0.0584912 0.000339654 0.0120518 0.0065389 0.00101564 0.0162543 
0.0256054 0.0702015 0.0333054 0.0407411 0.0686467 0.158081 1.68386e-07 0.407888 0.0422418 0.0479147 0.00127377 0.0682796 0.0132208 1.49575e-09 0.0226002 
0.00250299 0.000183103 0.00103385 0.000114804 2.13211e-07 0.00557657 1.79707e-05 0.9898 0.000299043 0.000240122 5.19203e-05 0.000171294 1.12923e-06 2.35664e-11 6.51658e-06 
0.130708 0.0136228 0.0901047 0.000459069 4.93547e-05 0.0271853 0.000932782 0.370778 0.0885046 0.170692 6.25395e-05 0.0659374 0.0311285 0.00375445 0.00608006 
0.000769666 0.209217 0.00864092 0.0499488 6.22579e-06 8.56692e-06 5.53013e-06 0.566359 0.145522 0.00155142 2.92211e-06 0.00172908 0.000310898 4.37557e-05 0.0158836 
0.0342005 0.0298565 0.0180579 0.0489558 0.00441741 0.0103447 0.000384548 0.72372 0.0349924 0.0709413 0.000404027 0.00846904 0.0110567 0.00194231 0.00225662 
0.0976141 0.0328342 0.0636521 0.0162309 0.00243837 0.0212042 5.23956e-05 0.477024 0.0194861 0.230013 4.42879e-05 0.0345824 0.00196943 0.000898437 0.00195568 
0.0146147 0.0979372 0.0384423 0.0417364 0.000567641 0.025257 0.000196406 0.59765 0.049727 0.124405 5.15582e-05 0.00155838 0.00771458 1.30803e-06 0.000140422 
2.2021e-06 3.4259e-08 0.0596346 0.000406209 5.42565e-09 0.0223641 3.28474e-11 0.618997 2.29606e-07 0.0714245 8.63515e-07 0.227169 3.51158e-07 1.31725e-08 8.09855e-07 
0.00678243 0.051806 0.0498888 0.00462495 0.000528981 0.00547603 9.34088e-05 0.588131 0.00816382 0.14287 8.62177e-08 0.0446559 0.0470667 0.0277106 0.0222008 
0.172112 0.113363 0.0645966 0.00128146 6.97717e-05 0.0243965 4.64461e-07 0.334263 0.013475 0.146834 3.04804e-05 0.0608904 0.0477513 5.71081e-05 0.0208797 
0.0269844 0.204238 0.00911374 0.00322111 0.0132305 1.56947e-06 8.99849e-07 0.683399 0.00739338 0.0208209 4.57317e-05 0.0036281 0.00261543 7.21628e-07 0.0253059 
0.306005 0.00440387 0.00143795 0.00123776 0.00029048 0.0186436 7.12549e-05 0.434885 0.0221443 0.0126688 2.94299e-08 0.180041 0.00950532 4.33539e-08 0.00866558 
0.0078517 0.0684996 0.000378308 0.000750019 0.000150663 3.44077e-05 7.7981e-08 0.899731 0.00244289 0.0150506 5.12538e-06 0.000407395 0.00453784 1.05342e-06 0.000158916 
0.122096 0.0849982 0.00662481 0.165936 7.76455e-06 0.05018 3.07778e-07 0.312434 0.111391 0.100751 0.000225541 0.0436505 7.26602e-05 1.77187e-06 0.00163074 
0.0398199 0.103537 0.0134429 0.313132 0.0014314 0.0132745 2.35262e-05 0.340448 0.0411547 0.0540855 0.000122466 0.00447216 0.0177257 0.0530506 0.00427948 
0.00033128 0.0896746 0.0259794 0.00326466 0.000122481 5.34127e-05 0.00012147 0.856061 0.00668708 0.00718419 0.000114803 0.00391886 0.00644783 1.07713e-06 3.73382e-05 
0.191843 0.0263027 0.0483652 0.0540645 0.00488112 0.0836283 0.000959131 0.265147 0.183195 0.0644336 0.0243391 0.0501306 0.000632835 2.88311e-05 0.00204899 
0.00151309 0.0132729 0.00686295 0.000575549 0.000307055 0.0724371 0.00129112 0.684921 0.140703 0.0373669 0.000265966 0.00106401 0.0388551 0.000495496 6.88556e-05 
0.0120378 0.00253247 0.0829755 0.223389 0.000696967 0.0309878 2.93189e-07 0.475331 0.129337 0.0335346 0.000131925 0.00204431 3.8162e-07 1.70484e-10 0.00700136 
0.00594089 0.0845386 0.00772415 0.00541697 0.00163422 0.0269899 6.29363e-07 0.802441 0.0253206 0.00851394 0.000309416 0.0207537 0.00170367 2.8244e-08 0.00871241 
0.0481197 0.163362 0.104346 0.120923 3.4105e-05 0.0093988 1.96766e-05 0.319676 0.00547529 0.0632079 0.000516166 0.0114744 8.07379e-05 4.27503e-06 0.153362 
0.045553 0.077916 0.100887 0.00164296 0.00174456 0.0800025 0.000307914 0.337677 0.14326 0.11628 0.00450447 0.0165308 0.0452365 1.28202e-07 0.0284566 
0.0266245 0.078457 0.0453124 0.081735 0.0167161 0.00433813 0.000115602 0.590472 0.0265671 0.0509174 0.0108044 0.0223328 0.00325722 0.0398881 0.00246247 
0.0143721 0.0969403 0.00245312 0.000683789 0.112952 0.00448237 0.0693246 0.534823 0.0109484 0.000552893 0.00416357 0.12055 0.0215713 0.000889866 0.00529329 
0.050949 0.151887 0.133254 0.14056 0.00462751 0.0170042 0.0807503 0.187875 0.101434 0.102653 0.0096996 0.0124383 0.00146168 1.87666e-05 0.00538793 
0.11084 0.019663 0.0598895 0.0180425 6.01511e-05 0.206449 0.00501455 0.506106 0.0274209 0.0292919 0.00253542 0.00502979 0.00168726 0.00771061 0.000259214 
0.038622 0.126236 0.0429396 0.0303518 0.00907548 0.0187444 0.00017556 0.522287 0.0624344 0.0920438 0.000789682 0.0224772 0.00802748 0.00240549 0.0233894 
0.00707957 0.0107391 0.0319961 0.232328 0.00118636 0.00311882 0.101678 0.482653 0.015948 0.105533 7.47581e-08 0.00256917 0.00313097 3.15906e-07 0.00204061 
0.0278229 0.00259251 0.00213527 0.0158792 0.000123698 0.00504153 1.69819e-11 0.86816 0.000166856 0.0211186 6.83487e-05 0.00909791 0.0477617 2.26249e-11 3.14922e-05 
0.027531 0.00117207 0.0283973 0.0852078 8.5671e-05 0.0120646 8.32688e-08 0.442088 0.0517765 0.0742605 0.000394188 0.000373159 0.276558 2.1379e-07 9.0635e-05 
0.172888 0.0270225 0.0243723 0.00321485 4.99762e-08 5.02297e-07 1.22838e-06 0.244341 0.034618 0.168262 2.85023e-08 0.135413 0.169579 1.30575e-10 0.0202874 
0.0394228 0.247235 0.0731592 0.0118367 0.0345909 0.0492646 3.93922e-05 0.291648 0.0401119 0.158548 0.000330634 0.00693942 0.0188361 0.00084442 0.027193 
0.0282366 0.000994541 0.0176924 0.0720709 2.11793e-05 0.00278325 4.86647e-09 0.844431 0.00869071 0.0155255 9.24025e-06 0.00610592 0.00307169 1.45366e-05 0.000352201 
0.0181288 0.0101991 0.00618628 0.0256567 0.00056019 0.338217 4.57156e-09 0.560451 0.000625299 0.0389263 0.000187891 0.000109248 0.000253067 3.08947e-10 0.000498988 
0.01852 0.0246567 0.00988621 0.134044 0.00509224 0.131942 0.0016732 0.569455 0.0296616 0.0517226 0.00184149 0.00726416 0.0122529 0.000832402 0.00115556 
0.0285378 0.195187 0.0281648 0.0439895 1.67053e-08 0.0637337 5.53717e-11 0.532213 0.0703263 0.0355347 5.41689e-07 0.000906031 0.00140534 4.21714e-07 2.00293e-07 
0.00593172 0.0064526 0.00162075 0.0630114 1.59255e-05 0.205941 3.92481e-08 0.656227 0.0355005 0.0190664 5.72695e-05 0.00489238 0.000343563 1.18584e-08 0.000939964 
0.0214624 0.057199 0.0179583 0.0277872 0.000193325 0.221182 4.94665e-06 0.512523 0.0365448 0.0764246 0.000546946 0.00821701 0.0169963 0.00066793 0.00229141 
0.00483518 0.000142928 0.0609336 2.61787e-06 2.45967e-06 5.1619e-06 1.54931e-11 0.916442 0.00486347 0.00517046 5.14903e-12 0.00653642 0.000928797 2.06414e-11 0.000137008 
0.00961209 0.0431194 0.0064422 0.0457753 0.000610586 0.00801454 1.84665e-07 0.828618 0.0128994 0.0372822 7.40748e-06 0.000692821 0.000564223 1.51701e-09 0.00636199 
0.0323348 0.098149 0.0199506 0.0432283 0.0014033 0.197428 0.000967436 0.495401 0.0203676 0.0632254 0.000224644 0.0193173 0.000132799 0.000856868 0.00701251 
0.0294802 0.00340569 0.0306399 0.0213909 5.5216e-05 0.00481963 8.49117e-06 0.770484 0.0318479 0.0716662 3.45605e-05 0.0136717 0.0149594 0.00658326 0.000952716 
0.0404712 0.0996956 0.0469561 0.0214345 0.145655 0.0711491 2.29229e-05 0.337521 0.110683 0.0862394 0.000116369 0.0163058 0.0190801 3.06764e-05 0.00463961 
0.208949 0.000358031 0.00450608 0.00182113 0.000992073 0.000686901 8.96273e-11 0.32308 0.0324176 0.314437 2.58075e-06 0.0576989 0.000114641 0.0211724 0.0337633 
0.0179286 0.0209008 0.00573382 0.0587075 0.000971657 0.00239287 3.73444e-06 0.503241 0.000676351 0.351161 2.801e-06 0.010781 0.00345266 1.2699e-07 0.0240457 
0.00149225 0.0515815 0.0242431 0.0231415 0.0185017 0.104653 4.67845e-08 0.762593 0.00850563 0.00259819 5.50532e-05 0.000189534 0.00157499 9.78401e-06 0.000861193 
0.115639 0.0357403 0.036552 0.0881506 0.000135751 0.027874 4.36291e-07 0.511132 0.0566215 0.0924093 3.40471e-05 0.0101624 0.0227273 5.05904e-05 0.00277106 
0.0220777 0.000787927 0.00525546 0.141221 8.17896e-05 0.0245444 1.704e-05 0.778491 0.00824636 0.0123962 3.28732e-05 0.00578172 0.000496286 8.80929e-05 0.000482145 
0.0582261 0.182899 0.0649388 0.0134298 0.00200299 0.0654415 1.79295e-05 0.225672 0.111703 0.157577 7.96355e-05 0.0106027 0.0864558 0.0137052 0.00724974 
0.0761432 0.103673 0.01276 0.0274628 3.4864e-05 0.000915082 7.19717e-05 0.480044 0.0781079 0.194368 0.016913 0.00429543 0.00349383 5.37692e-05 0.00166364 
0.000282362 0.321373 0.0111068 6.60606e-05 2.95964e-07 1.0984e-07 3.6015e-07 0.664026 3.70212e-08 0.000792842 0.000338541 0.000486326 0.000398089 4.79827e-07 0.00112802 
2.3069e-05 0.000157213 0.00152967 0.0676956 2.86824e-05 0.00716372 7.09369e-06 0.912234 0.00267682 0.00279989 7.96943e-09 0.00483584 5.12508e-05 0.0007968 3.67291e-07 
0.170618 0.149433 0.0673907 0.00567979 0.000203597 0.00379204 0.0590548 0.282894 0.146492 0.03624 0.000418806 0.0111947 0.0310495 0.0225565 0.0129827 
0.00870315 0.00203654 0.00256708 0.00225573 0.000140764 0.00333361 1.09263e-09 0.95162 0.00874512 0.0178371 5.30691e-05 0.00141759 0.00116399 7.33625e-09 0.000126103 
0.0116429 0.140659 0.00922179 0.000233837 1.68834e-06 0.197151 8.30753e-06 0.576078 0.016128 0.042476 0.000159335 0.00116026 0.000345973 2.7372e-06 0.00473141 
0.00306529 0.00253518 0.000946098 0.413984 0.000461197 0.00782524 3.8722e-06 0.552128 0.00867261 0.0100594 7.41649e-05 4.82967e-06 0.000229411 6.15096e-09 1.10277e-05 
0.133465 0.00154528 0.0709268 0.0122737 2.78353e-08 0.127855 6.54227e-06 0.199437 0.132924 0.130972 0.000128654 0.187516 0.000367032 3.73255e-07 0.00258174 
0.00204245 0.0377586 0.0209443 0.000836641 2.19895e-06 0.0325494 6.15225e-07 0.662426 1.39896e-05 0.030751 8.56599e-06 2.21405e-06 1.1125e-06 0.0137312 0.198932 
0.0313035 0.00130211 0.00233722 0.0036896 5.75795e-09 0.0756561 6.81224e-09 0.788996 0.0444386 0.0501511 3.93159e-06 0.000673559 0.00144491 2.67573e-10 3.4935e-06 
2.3069e-05 0.000157213 0.00152967 0.0676956 2.86824e-05 0.00716372 7.09369e-06 0.912234 0.00267682 0.00279989 7.96943e-09 0.00483584 5.12508e-05 0.0007968 3.67291e-07 
0.0162235 0.00415435 0.038363 0.0128178 0.229485 0.0261521 3.05531e-06 0.62515 0.0267226 0.0122923 0.000502305 0.00523736 0.00212349 4.11704e-07 0.000772442 
0.000363661 0.00218434 0.00583237 0.000293283 0.00939793 0.00370975 5.86822e-09 0.899406 2.08892e-06 0.0100589 0.000204039 0.0127286 0.0374907 2.33623e-05 0.0183046 
0.0914085 0.0114614 0.01143 0.0612164 0.000860865 0.0603061 4.82811e-05 0.602851 0.0272561 0.0404013 0.00361942 0.0263851 0.00211221 0.0044879 0.0561555 
0.0969837 0.13509 0.050498 0.063996 0.00220532 0.0585098 0.00917835 0.236784 0.18889 0.141531 0.00292323 0.00978409 0.0024549 1.95908e-11 0.00117128 
0.0160543 0.270718 0.0146812 0.00188256 5.50666e-09 0.0030334 6.7009e-09 0.508128 0.0413122 0.0934455 2.227e-09 0.00845311 0.04229 8.92759e-09 1.72769e-06 
0.00151309 0.0132729 0.00686295 0.000575549 0.000307055 0.0724371 0.00129112 0.684921 0.140703 0.0373669 0.000265966 0.00106401 0.0388551 0.000495496 6.88556e-05 
0.0531046 0.0632318 0.245815 0.000728564 9.73773e-10 0.000656219 1.74383e-06 0.391263 0.0155491 0.0708673 8.87893e-05 0.010507 0.147664 3.15673e-06 0.000519924 
0.0786485 0.0216536 0.0104974 0.187062 0.0148808 0.0978855 0.0436466 0.410447 0.00480199 0.0881751 1.58442e-10 0.00505842 0.0340564 5.29525e-07 0.00318642 
0.0374942 0.0311203 0.027302 0.0420665 0.000462644 0.0162083 9.86439e-05 0.722545 0.0241706 0.0416098 0.00690432 0.0208828 0.0146477 5.63461e-05 0.0144305 
0.00338334 0.16261 0.0352627 0.00765167 6.44698e-05 0.00262978 3.93261e-07 0.422337 0.014835 0.067108 2.32956e-06 0.00989614 0.24205 0.0148657 0.0173029 
0.0089817 0.124421 0.180695 0.000263355 0.0305278 0.107277 0.000250385 0.27817 0.101539 0.133602 6.4943e-07 0.0312771 0.00190904 7.87463e-05 0.00100681 
0.0735775 0.00354627 0.0352733 0.0175522 0.000376644 0.0597314 0.000179073 0.622278 0.0140727 0.130203 0.0109525 0.018859 0.01191 0.000138833 0.00134995 
0.0237144 0.00943239 0.0178048 0.0171795 0.000179609 0.262247 5.02185e-05 0.484116 0.00845612 0.0337065 0.000636141 0.00206452 0.138273 0.00208949 5.08717e-05 
0.0191355 0.0237361 0.0370395 0.02535 0.006533 0.0175067 7.83217e-10 0.627965 0.0844271 0.154216 0.000283962 0.00309622 0.000449978 2.81927e-08 0.000260697 
0.018904 0.00180088 0.00369859 0.175174 3.11289e-07 0.00243998 7.81338e-05 0.502482 0.261177 0.0274064 5.4408e-05 0.00588387 0.000844896 1.0875e-08 5.63337e-05 
2.49466e-11 1.71035e-05 0.0190789 3.72543e-11 1.54611e-10 6.31237e-07 5.64613e-07 0.543333 0.0488002 0.384125 6.25276e-11 1.70232e-06 1.14928e-10 2.53167e-08 0.0046421 
0.0990792 0.00364358 0.00522181 0.00892757 0.0620415 0.0297807 9.44978e-06 0.387354 0.0194585 0.193869 0.0111282 0.00567115 0.00139892 0.168277 0.00413976 
0.017495 0.00449849 0.162246 0.0556341 0.00235975 0.00151822 8.50541e-05 0.274159 0.16754 0.198777 0.0266505 0.0760643 0.0078673 0.00063608 0.00447003 
0.00739595 0.0571154 0.0487057 0.0141333 0.00569762 0.00175817 4.49911e-06 0.561856 0.084563 0.204995 0.000162022 0.003773 0.00345633 2.79327e-05 0.00635571 
0.00700088 1.8626e-08 0.00388484 0.0494452 1.95763e-09 1.0212e-05 4.27996e-10 0.934703 2.32635e-05 0.000527278 3.97299e-07 6.75608e-05 0.00375562 1.97616e-06 0.000580224 
0.0120223 0.214616 0.0177105 0.0166252 0.00294014 1.35034e-09 4.4276e-09 0.412911 0.184736 0.0474092 1.36487e-06 0.0102475 0.0302454 5.89888e-09 0.0505356 
2.65971e-06 3.43859e-06 7.97091e-10 0.00226822 6.60813e-06 1.90649e-09 6.25113e-09 0.961048 2.55179e-07 4.03606e-05 3.37973e-07 2.70356e-07 0.0365456 8.32836e-09 8.3794e-05 
0.0230555 0.0129356 0.0429074 0.0308536 0.0123997 0.00522498 0.000120848 0.610564 0.0469547 0.0681907 1.98228e-05 0.0287134 0.107434 1.78008e-05 0.0106083 
0.0224557 0.0002972 0.00190197 0.234004 5.48562e-05 0.0429108 9.02721e-06 0.646561 0.00501853 0.0110543 0.00703801 0.0214563 0.00639068 0.000759497 8.89004e-05 
0.0543838 0.150601 0.0359014 0.00635666 0.000134184 0.0192455 8.75339e-05 0.372516 0.144692 0.16277 0.0123122 0.0334151 0.00133804 4.72341e-06 0.00624183 
0.000492518 0.00245737 0.0394552 0.00242404 0.000334963 0.000400102 9.68937e-09 0.67117 0.0492574 0.198353 8.03244e-08 0.0134216 0.0222151 7.00984e-10 1.7978e-05 
0.0784671 0.0538457 0.0112366 0.0320003 1.61995e-09 0.0876068 1.91604e-09 0.65592 0.0628285 0.0110761 2.71792e-05 0.00455097 0.00030444 6.27611e-09 0.00213674 
0.0407765 0.0520911 0.0329093 0.257069 0.000925831 0.0119937 0.000223693 0.450302 0.0496491 0.0662479 0.00205118 0.0107797 0.0176804 0.00135209 0.00594891 
1.10972e-05 1.10961e-05 1.10973e-05 1.10965e-05 1.10897e-05 1.10954e-05 0.0665373 0.652559 0.105438 0.127634 0.00444911 0.0321904 1.1092e-05 1.10841e-05 0.0111035 
0.0437041 0.00234932 0.00361808 0.0401222 4.45046e-05 0.00601647 3.96934e-07 0.838374 0.0523982 0.00493153 3.44238e-05 0.0018463 0.00554439 5.71313e-05 0.000958468 
0.0364334 0.020589 0.0384613 0.0156464 0.00235269 0.0333222 2.85468e-06 0.593599 0.0550297 0.14685 0.013705 0.027899 0.0139845 4.5396e-05 0.00207986 
0.0016349 0.0579911 1.15198e-07 0.00206238 1.0212e-11 0.0115561 2.11378e-08 0.925921 3.21913e-08 0.000806413 2.78018e-05 1.16222e-07 1.34366e-07 1.6556e-11 8.88625e-08 
0.036882 0.0303456 0.0339118 0.0565162 0.00108796 0.0128107 0.000120536 0.643802 0.0270434 0.0838384 0.00139216 0.0319054 0.0273539 0.000854183 0.0121361 
