9.91063e-07 0.984143 0.0006681 1.48002e-06 0.010448 2.27956e-06 7.47437e-06 6.5852e-07 7.68319e-07 7.02762e-07 2.48406e-06 1.62565e-06 4.56577e-06 9.95808e-06 0.00470741 
0.0332558 6.53093e-06 3.514e-06 5.45688e-06 2.26468e-05 8.40483e-06 2.75583e-05 2.42799e-06 2.83283e-06 0.916213 9.15882e-06 5.99386e-06 0.0235847 3.67159e-05 0.0268149 
0.00104768 0.000121279 0.836694 0.149942 0.000104783 9.23794e-05 0.000149432 5.78971e-05 0.00490295 0.00384471 6.73031e-05 0.00252363 0.000165997 0.000194475 9.14201e-05 
1.96999e-06 0.00157529 1.89447e-06 2.94191e-06 1.22093e-05 4.5312e-06 1.48572e-05 1.30898e-06 1.52723e-06 0.000166839 4.93769e-06 3.2314e-06 0.99818 1.97942e-05 8.49879e-06 
0.00571623 0.000192674 0.686965 6.11053e-07 3.46695e-13 0.00123443 1.36695e-08 3.71695e-14 0.294028 0.00164901 0.00518193 0.00503187 5.61833e-09 5.62074e-13 8.37438e-09 
0.00192105 0.00066524 0.427014 1.26612e-05 6.09821e-06 0.00216084 4.6826e-05 5.06993e-08 0.0252338 0.030513 0.0182777 0.165269 0.00114671 9.67356e-08 0.327734 
5.14346e-06 0.99977 4.94628e-06 7.68105e-06 3.18775e-05 1.18305e-05 3.87908e-05 3.41762e-06 3.98746e-06 3.64722e-06 1.28919e-05 8.43689e-06 2.36956e-05 5.16809e-05 2.21896e-05 
9.75279e-06 1.74311e-05 9.37889e-06 1.45644e-05 6.04445e-05 2.24325e-05 7.35533e-05 6.48032e-06 7.56082e-06 6.91569e-06 2.44449e-05 1.59976e-05 4.49305e-05 0.999644 4.20748e-05 
0.00990448 0.00184239 0.472413 1.41488e-05 1.67326e-12 0.00220558 1.45597e-08 1.79392e-13 0.374472 0.0160593 0.0134108 0.109643 3.56628e-05 2.71275e-12 8.91972e-09 
1.20283e-06 2.14981e-06 1.15672e-06 1.79626e-06 7.45475e-06 2.76665e-06 0.00363766 7.99231e-07 9.32492e-07 8.52926e-07 3.01484e-06 1.97302e-06 5.54138e-06 1.20859e-05 0.996321 
2.10214e-06 3.75714e-06 0.000596693 3.13925e-06 1.30283e-05 4.83516e-06 1.58538e-05 1.39678e-06 1.62968e-06 1.49062e-06 5.26892e-06 0.00425863 9.68443e-06 2.1122e-05 0.995061 
2.63113e-06 0.997898 2.53026e-06 3.92923e-06 1.63069e-05 6.0519e-06 0.00200419 1.74828e-06 2.03978e-06 1.86573e-06 6.59481e-06 4.31588e-06 1.21215e-05 2.64373e-05 1.1351e-05 
0.000312094 0.00181953 7.90976e-05 2.45171e-07 1.01749e-06 3.77618e-07 0.00062032 1.09086e-07 1.28547e-05 0.993576 4.11494e-07 0.00180456 7.56338e-07 1.64959e-06 0.00177137 
0.00457053 0.00543381 0.936722 2.8418e-06 4.01011e-09 0.000439218 1.70689e-06 4.29928e-10 0.0235588 2.34703e-06 0.0285515 0.000662646 3.74672e-05 6.50133e-09 1.76096e-05 
1.09694e-07 0.0010785 6.3399e-05 1.63813e-07 6.79849e-07 2.5231e-07 8.2729e-07 7.28874e-08 8.50403e-08 7.77842e-08 2.74944e-07 1.79933e-07 5.05356e-07 1.1022e-06 0.998854 
0.00852099 0.000620566 0.0408625 1.98369e-07 8.23259e-07 7.14175e-05 1.0018e-06 8.82624e-08 0.0237883 4.9291e-05 3.32942e-07 0.925437 0.000249864 1.3347e-06 0.000396093 
0.00104744 6.48606e-06 0.174967 5.41939e-06 2.24912e-05 8.34708e-06 2.7369e-05 2.41131e-06 2.81336e-06 2.57331e-06 9.09589e-06 0.000198642 1.67185e-05 3.64636e-05 0.823647 
0.000290692 0.996607 0.00121502 1.88661e-07 0.000157377 0.000639569 9.52775e-07 8.3943e-08 0.000959903 8.95826e-08 0.000126976 2.07226e-07 5.82009e-07 1.26938e-06 5.45017e-07 
6.07289e-09 0.999089 7.70948e-05 9.06902e-09 3.76377e-08 0.000149475 4.58003e-08 4.03518e-09 4.70799e-09 7.49334e-05 1.52214e-08 0.000262991 2.79775e-08 6.10196e-08 0.000345855 
4.86292e-08 8.69145e-08 0.000626696 7.2621e-08 3.01387e-07 0.000469892 3.6675e-07 3.2312e-08 0.000282784 0.993668 1.21887e-07 7.9767e-08 2.24032e-07 4.8862e-07 0.00495129 
0.648987 2.01559e-07 1.0845e-07 1.68411e-07 6.98931e-07 0.351008 8.5051e-07 7.49331e-08 8.74272e-08 7.99674e-08 2.82661e-07 1.84983e-07 5.1954e-07 1.13313e-06 4.86518e-07 
5.47139e-05 0.997551 5.26163e-05 8.17077e-05 0.000339098 0.000125848 0.00041264 3.63551e-05 4.24168e-05 3.87976e-05 0.000137138 8.97479e-05 0.000252064 0.000549758 0.000236043 
2.65475e-06 0.99876 1.27683e-06 1.04302e-09 4.32868e-09 1.60648e-09 5.26745e-09 4.64082e-10 5.41461e-10 3.96702e-07 0.00122875 1.14565e-09 1.9338e-06 7.0178e-09 4.82402e-06 
2.54972e-07 4.5571e-07 2.45197e-07 3.80766e-07 1.58023e-06 5.86465e-07 1.92294e-06 1.69418e-07 1.97667e-07 1.808e-07 6.39077e-07 4.18234e-07 1.17464e-06 2.56193e-06 0.999989 
2.0366e-05 9.15243e-06 0.0786872 3.05365e-09 0.00886277 5.24944e-05 0.000498677 1.3587e-09 1.58524e-09 0.00856123 0.00191244 0.664621 0.0863408 2.84715e-05 0.150406 
3.39402e-08 9.88026e-10 0.0211146 8.17366e-12 3.39219e-11 0.0154363 4.12786e-11 3.6368e-12 0.0010376 3.0079e-07 1.26582e-05 0.961408 2.79915e-07 0.00099038 1.29893e-07 
2.63489e-06 0.0853507 0.735103 0.000102238 8.72572e-12 0.0023617 3.44037e-07 9.35493e-13 0.139181 4.74313e-07 0.0378938 3.81445e-06 1.41404e-07 1.41464e-11 2.10769e-07 
2.49532e-10 0.742442 0.0490774 3.72641e-10 0.183775 5.73951e-10 1.88191e-09 1.65803e-10 0.0247058 1.76943e-10 6.25441e-10 4.0931e-10 1.14958e-09 2.50726e-09 1.07651e-09 
0.000534692 0.998742 3.02289e-07 4.69424e-07 1.94818e-06 7.23018e-07 2.37068e-06 2.08866e-07 2.43692e-07 2.22898e-07 0.00070988 5.15617e-07 1.44815e-06 3.15845e-06 1.35611e-06 
4.81972e-10 8.61424e-10 6.80878e-05 1.29629e-06 2.9871e-09 9.75669e-06 3.63492e-09 3.2025e-10 0.916872 0.0829412 1.20804e-09 0.000107916 2.22042e-09 4.84279e-09 2.07929e-09 
5.74658e-05 0.999712 2.76367e-05 3.13668e-05 6.8478e-08 2.54139e-08 8.3329e-08 7.3416e-09 1.88531e-05 2.89966e-05 2.76938e-08 1.81238e-08 0.000112035 1.12129e-05 4.76668e-08 
2.1583e-11 0.994001 0.000149557 5.48255e-08 1.33764e-10 0.00145428 5.37318e-07 1.4341e-11 1.67322e-11 1.53045e-11 0.00439413 3.54029e-11 9.94318e-11 2.16864e-10 5.3083e-07 
0.091425 0.0133285 0.000626475 1.49046e-07 0.26324 2.29565e-07 0.540368 6.63169e-08 7.73743e-08 0.000136394 0.000630187 1.63713e-07 0.0195617 0.000289315 0.0703941 
1.19783e-05 0.014239 0.729265 0.145449 3.96673e-11 4.29282e-06 1.564e-06 4.25277e-12 1.54319e-05 0.0856045 0.000191194 1.73405e-05 6.42825e-07 6.431e-11 0.0252005 
1.02977e-05 0.916293 7.8723e-06 4.31958e-10 1.79269e-09 6.65313e-10 2.18147e-09 1.92196e-10 2.24242e-10 0.0836461 7.24998e-10 2.75669e-05 6.39764e-06 2.90927e-06 5.86623e-06 
0.575098 0.097697 0.0929065 7.8424e-10 8.26729e-05 2.30723e-05 3.96056e-09 3.4894e-10 4.86106e-05 0.234131 1.31627e-09 1.32666e-05 2.41934e-09 5.27664e-09 2.26557e-09 
0.0174437 0.00118624 0.759033 3.69065e-05 6.09155e-09 0.005003 0.000132903 1.11056e-09 0.179465 0.00489301 0.0121299 0.0206257 1.91639e-05 1.59481e-09 3.04959e-05 
0.000633713 2.05081e-06 0.988987 1.71354e-06 7.11146e-06 2.63924e-06 0.000851291 7.62427e-07 8.89551e-07 8.13649e-07 2.87601e-06 1.88216e-06 0.00515256 1.15293e-05 0.00434306 
3.55782e-07 0.329859 7.99355e-05 5.31311e-07 2.20502e-06 8.18339e-07 2.68323e-06 2.36402e-07 2.75819e-07 0.000271268 8.91752e-07 5.83594e-07 1.63907e-06 3.57485e-06 0.669776 
0.0264135 0.00552702 0.520124 4.24332e-05 6.46971e-13 0.00661655 2.55087e-08 6.93625e-14 0.377086 0.00931605 0.0402301 0.0145374 0.000106951 1.04889e-12 1.56275e-08 
4.29621e-07 0.999981 4.1315e-07 6.41579e-07 2.66264e-06 9.88175e-07 3.2401e-06 2.85465e-07 3.33062e-07 3.04643e-07 1.07682e-06 7.04712e-07 1.97924e-06 4.31677e-06 1.85344e-06 
9.75279e-06 1.74311e-05 9.37889e-06 1.45644e-05 6.04445e-05 2.24325e-05 7.35533e-05 6.48032e-06 7.56082e-06 6.91569e-06 2.44449e-05 1.59976e-05 4.49305e-05 0.999644 4.20748e-05 
0.00990448 0.00184239 0.472413 1.41488e-05 1.67326e-12 0.00220558 1.45597e-08 1.79392e-13 0.374472 0.0160593 0.0134108 0.109643 3.56628e-05 2.71275e-12 8.91972e-09 
0.999586 0.000347864 1.45668e-06 2.26207e-06 9.38791e-06 3.48409e-06 1.14239e-05 1.00649e-06 1.17431e-06 1.07411e-06 3.79665e-06 2.48466e-06 6.97836e-06 1.522e-05 6.53483e-06 
0.000107647 0.00017865 0.0929446 8.13098e-06 0.00644375 0.630649 1.46962e-05 5.58475e-08 3.10533e-05 0.078322 9.30965e-05 0.000398508 3.87212e-07 8.44521e-07 0.190807 
7.01084e-07 0.987271 0.00748435 1.04697e-06 0.00521845 1.61257e-06 5.28741e-06 4.65841e-07 5.43513e-07 4.97137e-07 1.75724e-06 1.15e-06 3.22985e-06 7.0444e-06 3.02457e-06 
7.73827e-05 0.0756139 0.912424 1.00219e-05 4.08133e-05 0.0060943 0.000138395 6.173e-06 0.000253656 0.00366515 0.00136185 0.000244671 1.60694e-05 3.36333e-05 1.9755e-05 
0.00016544 0.046128 0.000546227 6.86953e-06 2.8481e-08 1.057e-08 3.46578e-08 3.05348e-09 3.56261e-09 0.943868 1.15183e-08 0.00024876 0.000201144 6.46903e-05 0.00877071 
0.0071376 0.000634809 0.305375 1.69167e-08 3.22315e-07 0.00176937 8.62977e-05 1.44779e-11 1.12183e-06 0.0180951 0.0394728 0.115348 0.00177061 0.000941943 0.509366 
3.9931e-06 7.13684e-06 3.84002e-06 5.96315e-06 0.999839 9.18459e-06 3.01151e-05 2.65325e-06 3.09564e-06 2.8315e-06 1.00085e-05 6.54994e-06 1.8396e-05 4.01222e-05 1.72268e-05 
0.241143 0.0794907 0.473618 7.27883e-08 6.16579e-10 0.0328505 6.92517e-07 6.61041e-11 0.0020302 0.0441598 0.00130713 0.125293 0.000106096 9.99619e-10 7.91853e-07 
3.56898e-06 0.904191 0.0836686 2.80083e-06 3.67381e-05 2.78365e-06 4.56133e-09 4.0187e-10 1.11128e-05 1.24376e-05 1.51593e-09 1.2898e-05 0.0120485 6.07705e-09 9.13487e-06 
2.75309e-05 0.999927 3.96473e-05 2.04545e-07 8.48891e-07 3.15045e-07 1.03299e-06 9.10105e-08 1.06185e-07 9.71249e-08 3.43308e-07 2.24673e-07 6.3101e-07 1.37625e-06 5.90904e-07 
0.00192105 0.00066524 0.427014 1.26612e-05 6.09821e-06 0.00216084 4.6826e-05 5.06993e-08 0.0252338 0.030513 0.0182777 0.165269 0.00114671 9.67356e-08 0.327734 
3.28154e-06 5.86508e-06 3.15574e-06 4.90053e-06 2.03379e-05 7.54792e-06 0.999872 2.18045e-06 2.54401e-06 2.32694e-06 8.22504e-06 5.38276e-06 1.51179e-05 3.29725e-05 1.4157e-05 
2.08645e-07 0.336666 0.000100284 3.11582e-07 1.29311e-06 0.165431 1.57355e-06 1.38636e-07 0.000303784 0.000122724 0.00023392 4.07744e-05 9.61215e-07 2.09644e-06 0.497095 
0.00120226 0.109871 0.0598779 7.68016e-06 1.11309e-06 0.00189158 3.33296e-06 2.21177e-07 0.000946233 0.00218116 0.823501 0.000347791 0.000134557 1.32768e-06 3.29979e-05 
6.93515e-06 1.23951e-05 6.66927e-06 0.942472 4.29817e-05 1.59516e-05 5.23033e-05 4.60811e-06 5.37645e-06 0.00738146 1.73826e-05 1.13758e-05 3.19498e-05 0.0140064 0.0359327 
4.35218e-07 0.997839 4.18532e-07 6.49937e-07 2.69733e-06 1.00105e-06 3.28231e-06 2.89184e-07 3.37401e-07 3.08612e-07 1.09085e-06 0.00214239 2.00502e-06 4.37301e-06 1.87759e-06 
8.7369e-07 1.56154e-06 8.48598e-05 1.30474e-06 5.41484e-06 0.00683459 6.58917e-06 5.80531e-07 6.77326e-07 0.00130164 2.18987e-06 0.00157787 4.02504e-06 8.77873e-06 0.990169 
0.989827 1.34118e-07 0.00398348 1.12062e-07 4.65072e-07 0.00208864 5.65934e-07 4.98609e-08 5.81745e-08 0.00311287 1.88084e-07 0.000984836 3.45705e-07 7.53992e-07 3.23732e-07 
0.0217669 0.00838893 0.202061 2.02586e-07 0.000162943 0.0468954 3.56311e-07 6.09135e-11 0.00744805 7.86279e-07 2.34921e-06 0.712857 4.22337e-10 2.27162e-06 0.000413455 
4.70428e-11 1.17795e-07 0.255157 7.02519e-11 6.70869e-07 1.08204e-10 3.54786e-10 3.1258e-11 0.0244541 0.720384 1.17911e-10 3.62683e-06 2.16723e-10 4.7268e-10 2.02949e-10 
0.0709754 0.884879 6.20133e-09 2.60106e-05 3.9966e-08 1.48324e-08 4.86335e-08 4.28479e-09 0.000135984 4.57266e-09 0.0437031 6.03032e-05 2.97081e-08 6.47942e-08 0.000219804 
2.83335e-08 0.998724 1.1044e-05 4.23122e-08 1.75602e-07 4.85607e-06 2.13685e-07 1.88265e-08 2.19655e-08 6.42686e-05 7.10168e-08 8.34768e-05 0.000100553 2.84692e-07 0.00101106 
8.78469e-05 0.99755 0.00132095 1.71484e-09 0.000213512 0.000119387 8.66029e-09 7.63004e-10 0.000611942 8.14265e-10 2.33162e-05 4.40779e-05 1.64048e-05 1.15381e-08 1.23898e-05 
9.46589e-05 1.69014e-07 9.0939e-08 7.07506e-05 0.794019 2.17509e-07 7.13182e-07 6.28341e-08 7.33108e-08 0.000207938 2.37021e-07 1.55115e-07 0.000523216 9.5017e-07 0.205082 
2.51313e-07 0.00278529 0.00210284 3.75301e-07 0.000313068 5.78047e-07 1.89534e-06 1.66987e-07 7.81264e-05 0.00397415 0.000504553 0.986797 0.0028956 2.52516e-06 0.00054318 
1.60225e-07 0.999969 1.54082e-07 2.41667e-05 9.93019e-07 3.68535e-07 1.20838e-06 1.06463e-07 1.24214e-07 1.13615e-07 4.01596e-07 2.62819e-07 7.38146e-07 1.60992e-06 6.91231e-07 
0.000798253 0.214507 0.769113 1.5479e-05 2.6435e-09 0.000286081 0.000104228 2.83412e-10 0.00102841 0.000143695 0.0127415 0.0011556 4.28389e-05 4.28573e-09 6.38534e-05 
0.00164372 0.230178 0.737187 5.41311e-08 1.16686e-06 0.00245241 3.55234e-10 3.12975e-11 0.012615 0.0133547 0.00220399 2.34538e-07 8.40962e-07 4.73278e-10 0.000363597 
6.72681e-06 1.20228e-05 6.46892e-06 1.00456e-05 4.16905e-05 1.54724e-05 5.0732e-05 4.46968e-06 5.21494e-06 4.76997e-06 1.68604e-05 0.999698 3.099e-05 6.75901e-05 2.90203e-05 
6.81234e-08 0.999145 6.55117e-08 1.01733e-07 4.22206e-07 1.56691e-07 5.13771e-07 4.52651e-08 5.28125e-08 4.83062e-08 1.70748e-07 1.11744e-07 3.13841e-07 6.84495e-07 0.000852581 
4.61553e-07 0.999979 4.43858e-07 6.89265e-07 2.86055e-06 1.06162e-06 3.48092e-06 3.06682e-07 3.57817e-07 3.27286e-07 1.15686e-06 7.5709e-07 2.12635e-06 4.63762e-06 1.9912e-06 
6.14666e-06 0.999725 5.91101e-06 9.17919e-06 3.8095e-05 1.4138e-05 4.63567e-05 4.0842e-06 4.76518e-06 4.35859e-06 1.54063e-05 1.00824e-05 2.83173e-05 6.17609e-05 2.65175e-05 
0.0106711 0.0322057 0.772736 1.30687e-05 2.30066e-13 0.002567 9.07104e-09 2.46657e-14 0.00768843 1.2506e-08 0.169996 0.00385207 0.000182318 3.72992e-13 8.78094e-05 
3.81807e-06 6.82401e-06 3.6717e-06 5.70176e-06 2.36631e-05 8.78199e-06 2.8795e-05 2.53695e-06 2.95995e-06 2.70739e-06 9.56983e-06 6.26283e-06 1.75896e-05 3.83635e-05 0.999839 
0.0071376 0.000634809 0.305375 1.69167e-08 3.22315e-07 0.00176937 8.62977e-05 1.44779e-11 1.12183e-06 0.0180951 0.0394728 0.115348 0.00177061 0.000941943 0.509366 
1.40985e-06 0.937765 1.3558e-06 0.047211 8.73776e-06 3.24281e-06 1.06327e-05 9.36785e-07 1.09298e-06 9.99721e-07 3.53372e-06 0.0148477 6.49508e-06 1.4166e-05 0.000123399 
0.00594139 0.976767 0.00678484 7.92131e-07 3.28746e-06 1.22006e-06 0.00840487 3.52452e-07 0.00135743 0.000639796 1.32951e-06 8.7878e-05 2.44368e-06 5.32974e-06 2.28836e-06 
4.67281e-08 0.997046 0.000161817 0.000118699 2.89605e-07 0.00131136 3.52412e-07 3.10489e-08 3.62258e-08 3.31348e-08 0.000210936 7.66487e-08 2.15274e-07 4.69518e-07 0.00114927 
0.00192105 0.00066524 0.427014 1.26612e-05 6.09821e-06 0.00216084 4.6826e-05 5.06993e-08 0.0252338 0.030513 0.0182777 0.165269 0.00114671 9.67356e-08 0.327734 
1.70561e-06 0.718817 1.64022e-06 2.5471e-06 1.05708e-05 3.9231e-06 1.28633e-05 1.13331e-06 1.32227e-06 0.000141616 4.27505e-06 2.79774e-06 7.85766e-06 1.71378e-05 0.280974 
9.75279e-06 1.74311e-05 9.37889e-06 1.45644e-05 6.04445e-05 2.24325e-05 7.35533e-05 6.48032e-06 7.56082e-06 6.91569e-06 2.44449e-05 1.59976e-05 4.49305e-05 0.999644 4.20748e-05 
9.75279e-06 1.74311e-05 9.37889e-06 1.45644e-05 6.04445e-05 2.24325e-05 7.35533e-05 6.48032e-06 7.56082e-06 6.91569e-06 2.44449e-05 1.59976e-05 4.49305e-05 0.999644 4.20748e-05 
0.0578424 1.18787e-10 0.0622205 9.92518e-11 4.11909e-10 0.164474 5.01241e-10 4.41612e-11 5.15245e-11 4.71281e-11 1.66584e-10 0.713524 3.06187e-10 6.67802e-10 0.00193974 
2.27013e-05 4.05739e-05 2.1831e-05 3.39013e-05 0.000140695 5.22156e-05 0.000171208 1.50841e-05 1.75991e-05 1.60975e-05 5.68998e-05 3.72372e-05 0.000104584 0.0002281 0.999041 
1.85956e-09 4.86677e-05 3.34875e-14 5.20027e-14 2.15819e-13 7.12932e-10 0.999828 2.31381e-14 1.05017e-09 2.46926e-14 0.000123249 5.71199e-14 1.60425e-13 3.49893e-13 1.51746e-09 
2.46317e-06 4.40241e-06 2.36874e-06 3.67841e-06 1.52659e-05 5.66558e-06 1.85767e-05 1.63668e-06 1.90957e-06 1.74663e-06 6.17383e-06 4.04037e-06 1.13477e-05 0.99991 1.06264e-05 
0.000104029 3.98784e-05 0.997825 2.01723e-06 3.44503e-10 3.72823e-05 1.3583e-05 3.69345e-11 0.000134023 1.87265e-05 0.00166049 0.000150599 5.58281e-06 5.5852e-10 8.32143e-06 
0.0531565 0.547039 0.0112052 8.69531e-09 1.04517e-07 4.24736e-07 0.301287 5.61137e-11 0.0859169 1.1537e-06 0.00135952 3.28813e-05 3.89058e-10 8.48545e-10 5.9449e-07 
5.01324e-05 0.00442267 6.87737e-08 1.06798e-07 4.43229e-07 0.000345601 5.39353e-07 4.7519e-08 0.000316076 5.07115e-08 0.000269055 0.000117425 3.29468e-07 0.000719295 0.993758 
2.27013e-05 4.05739e-05 2.1831e-05 3.39013e-05 0.000140695 5.22156e-05 0.000171208 1.50841e-05 1.75991e-05 1.60975e-05 5.68998e-05 3.72372e-05 0.000104584 0.0002281 0.999041 
0.000543139 1.40668e-07 7.56869e-08 1.17534e-07 4.87783e-07 0.998334 5.93569e-07 5.22957e-08 0.000201411 0.000362815 1.97269e-07 0.000555257 3.62586e-07 7.9081e-07 3.39541e-07 
0.0178771 6.63754e-07 0.15117 9.24174e-11 3.83545e-10 2.69043e-06 4.66726e-10 4.11203e-11 0.0439206 0.762829 1.55113e-10 0.0241987 2.85103e-10 6.21817e-10 1.06819e-06 
0.0422454 0.910876 0.000793615 8.92359e-07 3.70342e-06 1.37443e-06 4.50659e-06 3.97047e-07 4.6325e-07 0.0460602 1.49773e-06 9.8017e-07 2.75288e-06 6.00411e-06 2.57791e-06 
1.27902e-08 0.993366 4.55218e-05 1.91004e-08 7.92694e-08 2.94189e-08 9.64607e-08 8.49855e-09 0.00631026 3.63687e-06 2.56785e-05 2.09799e-08 5.89237e-08 1.28514e-07 0.000248358 
0.0373321 0.00180476 0.479024 2.42908e-05 2.69988e-09 0.00251858 1.97434e-05 2.89457e-10 0.0084267 0.00823712 0.0135108 0.400675 6.4846e-06 0.00492548 0.0434951 
4.12827e-07 0.000148306 0.000159198 6.165e-07 2.55856e-06 0.999497 3.11345e-06 2.74306e-07 3.20043e-07 2.92735e-07 1.03473e-06 6.77166e-07 1.90187e-06 4.14803e-06 0.000179879 
0.0156176 0.604668 0.0748629 0.000302841 5.17192e-08 0.00559708 0.00203918 5.54487e-09 0.0201204 0.00281135 0.249284 0.022609 0.00083813 8.38489e-08 0.00124927 
1.76622e-09 0.731962 1.69851e-09 2.63761e-09 1.09464e-08 4.06251e-09 1.33204e-08 1.17358e-09 1.36926e-09 1.25243e-09 4.42696e-09 0.011369 0.000987 1.77468e-08 0.255682 
2.17831e-05 0.998904 1.46191e-08 2.2702e-08 9.42165e-08 3.49662e-08 1.14649e-07 1.01011e-08 3.76595e-05 5.54603e-05 3.8103e-08 2.49359e-08 0.000980186 1.52747e-07 6.55831e-08 
0.0071376 0.000634809 0.305375 1.69167e-08 3.22315e-07 0.00176937 8.62977e-05 1.44779e-11 1.12183e-06 0.0180951 0.0394728 0.115348 0.00177061 0.000941943 0.509366 
0.00534049 0.000244265 0.943861 2.27645e-05 4.48713e-05 0.00067148 0.000398044 8.18058e-06 0.02813 0.00054349 0.00589845 0.0147458 2.74446e-05 1.17479e-05 5.17578e-05 
0.00728508 0.983188 6.12241e-09 9.50746e-09 0.000903935 1.46436e-08 4.80145e-08 4.23026e-09 9.19728e-06 9.61331e-07 7.24661e-06 1.0443e-08 2.933e-08 6.39696e-08 0.00860529 
0.000392099 4.07626e-06 0.997624 3.4059e-06 1.4135e-05 5.24585e-06 1.72004e-05 1.51542e-06 0.000537938 0.00134805 5.71645e-06 3.74105e-06 1.0507e-05 2.29161e-05 9.8392e-06 
2.51226e-07 0.00229041 0.000604228 3.75171e-07 1.55701e-06 5.77848e-07 1.89469e-06 1.66929e-07 0.000857147 1.78144e-07 6.29687e-07 4.12089e-07 1.15738e-06 2.52429e-06 0.996238 
2.17297e-09 0.794295 0.0368796 3.24503e-09 0.0539232 4.99808e-09 1.63881e-08 1.44385e-09 1.68459e-09 1.54085e-09 5.44646e-09 3.56435e-09 1.00108e-08 2.18337e-08 0.114902 
4.10213e-07 0.998944 3.94486e-07 6.12596e-07 2.54236e-06 0.00103883 3.09373e-06 2.72569e-07 3.18017e-07 2.90882e-07 1.02818e-06 6.72878e-07 1.88983e-06 4.12177e-06 1.76971e-06 
9.75279e-06 1.74311e-05 9.37889e-06 1.45644e-05 6.04445e-05 2.24325e-05 7.35533e-05 6.48032e-06 7.56082e-06 6.91569e-06 2.44449e-05 1.59976e-05 4.49305e-05 0.999644 4.20748e-05 
2.49532e-10 0.742442 0.0490774 3.72641e-10 0.183775 5.73951e-10 1.88191e-09 1.65803e-10 0.0247058 1.76943e-10 6.25441e-10 4.0931e-10 1.14958e-09 2.50726e-09 1.07651e-09 
2.0366e-05 9.15243e-06 0.0786872 3.05365e-09 0.00886277 5.24944e-05 0.000498677 1.3587e-09 1.58524e-09 0.00856123 0.00191244 0.664621 0.0863408 2.84715e-05 0.150406 
0.330577 0.228465 9.74212e-05 9.78031e-08 1.74232e-05 0.0002563 0.000117459 4.35166e-08 7.53271e-05 4.64402e-08 1.64153e-07 0.31403 3.01717e-07 6.58054e-07 0.126362 
0.0846024 1.64587e-09 0.124193 0.163083 1.14716e-06 2.11812e-09 6.94503e-09 6.11883e-10 5.00446e-07 0.614713 2.30813e-09 0.013362 3.39434e-05 9.25283e-09 1.11277e-05 
2.00361e-06 0.9968 1.13274e-09 1.75903e-09 7.30023e-09 2.7093e-09 8.88345e-09 7.82666e-10 9.13164e-10 2.9242e-06 0.00319475 1.93213e-09 5.42652e-09 1.18354e-08 5.08162e-09 
0.996905 0.00254197 8.54294e-07 1.32663e-06 5.50571e-06 2.04331e-06 6.69974e-06 5.90272e-07 6.95577e-05 6.29929e-07 0.000447549 1.45717e-06 4.09258e-06 8.92604e-06 3.83246e-06 
9.41979e-05 1.66692e-06 0.00914925 1.39279e-06 5.78027e-06 2.14521e-06 7.03386e-06 6.19709e-07 0.971324 6.61343e-07 0.000236103 0.0107104 4.29668e-06 9.37118e-06 0.00845353 
0.00177235 7.37353e-05 0.122118 1.51082e-05 3.81774e-06 0.000269435 4.6457e-06 4.09304e-07 0.875456 0.000153042 3.05812e-05 6.41528e-05 1.92163e-05 6.18946e-06 1.40284e-05 
3.2164e-09 5.74865e-09 0.467933 9.61132e-06 1.99342e-08 7.39809e-09 2.42574e-08 2.13717e-09 2.49351e-09 0.508095 8.87601e-06 0.0237653 0.000109666 3.2318e-08 7.77192e-05 
8.94733e-07 1.59915e-06 8.60431e-07 1.33616e-06 5.54525e-06 2.05799e-06 6.74787e-06 5.94513e-07 6.93639e-07 0.000254415 2.24261e-06 1.46764e-06 4.12198e-06 0.999714 3.85999e-06 
2.126e-05 3.79978e-05 2.04449e-05 3.17488e-05 0.000131762 4.89003e-05 0.000160338 1.41264e-05 1.64817e-05 1.50754e-05 5.32872e-05 3.4873e-05 0.999108 0.000213617 9.17183e-05 
0.00192105 0.00066524 0.427014 1.26612e-05 6.09821e-06 0.00216084 4.6826e-05 5.06993e-08 0.0252338 0.030513 0.0182777 0.165269 0.00114671 9.67356e-08 0.327734 
8.96877e-09 1.60298e-08 0.000390717 1.33936e-08 5.55854e-08 2.06292e-08 6.76404e-08 5.95937e-09 6.95301e-09 0.291011 2.24798e-08 1.47116e-08 4.13186e-08 9.0117e-08 0.708597 
0.000291034 0.999459 8.22925e-08 1.27792e-07 5.30354e-07 1.96828e-07 6.45373e-07 5.68598e-08 6.63404e-08 0.0001821 6.456e-05 1.40367e-07 3.94231e-07 8.59828e-07 3.69174e-07 
4.70428e-11 1.17795e-07 0.255157 7.02519e-11 6.70869e-07 1.08204e-10 3.54786e-10 3.1258e-11 0.0244541 0.720384 1.17911e-10 3.62683e-06 2.16723e-10 4.7268e-10 2.02949e-10 
2.00824e-07 3.58931e-07 0.00129413 2.99903e-07 0.998698 4.61917e-07 1.51457e-06 1.33439e-07 1.55688e-07 1.42404e-07 5.03356e-07 3.29414e-07 9.25183e-07 2.01785e-06 8.6638e-07 
0.00880796 0.00184447 0.188737 1.43546e-05 7.00779e-11 0.00220847 2.78687e-07 7.51313e-12 0.40216 0.0339167 0.0134434 0.348832 3.62392e-05 1.13613e-10 1.7073e-07 
0.992353 6.58385e-07 0.0060897 5.5011e-07 2.28303e-06 8.47293e-07 2.77816e-06 2.44766e-07 0.00110691 2.38008e-05 9.23303e-07 0.000410849 1.69706e-06 3.70133e-06 1.5892e-06 
9.46589e-05 1.69014e-07 9.0939e-08 7.07506e-05 0.794019 2.17509e-07 7.13182e-07 6.28341e-08 7.33108e-08 0.000207938 2.37021e-07 1.55115e-07 0.000523216 9.5017e-07 0.205082 
7.959e-06 5.39721e-06 1.3194e-09 2.0489e-09 8.50321e-09 3.15576e-09 1.03473e-08 9.11638e-10 1.06364e-09 9.72885e-10 3.43886e-09 2.25051e-09 6.32074e-09 1.37857e-08 0.999987 
0.000372768 0.998903 6.75658e-05 2.76174e-05 3.49614e-08 1.29751e-08 0.000272574 3.74825e-09 0.000221536 4.49226e-05 1.41391e-08 5.8309e-06 4.63368e-05 5.66807e-08 3.79098e-05 
0.0112126 0.000592306 0.543205 7.40849e-05 2.65842e-08 0.00480376 1.30913e-07 4.84667e-09 0.418627 0.00771402 1.6978e-05 0.0137149 3.98981e-05 6.9592e-09 8.89116e-09 
1.00682e-05 1.79948e-05 0.999541 1.50355e-05 6.23994e-05 2.3158e-05 7.59322e-05 6.68991e-06 7.80536e-06 7.13936e-06 2.52355e-05 1.6515e-05 4.63837e-05 0.000101164 4.34356e-05 
1.16567e-06 0.0235443 1.12098e-06 1.74076e-06 7.22441e-06 0.975141 8.79118e-06 7.74536e-07 0.00126605 8.26572e-07 2.92169e-06 1.91206e-06 5.37016e-06 1.17125e-05 5.02884e-06 
0.984959 0.00523504 4.68677e-06 7.27806e-06 3.0205e-05 1.12098e-05 3.67556e-05 3.23831e-06 3.77825e-06 3.45587e-06 1.22155e-05 0.0096011 2.24524e-05 4.89694e-05 2.10254e-05 
3.48505e-05 6.2288e-05 3.35144e-05 5.20444e-05 0.000215992 8.01601e-05 0.000262834 2.31567e-05 2.70178e-05 0.998403 8.73512e-05 5.71657e-05 0.000160554 0.000350173 0.00015035 
8.23913e-07 0.000688813 7.92326e-07 1.2304e-06 5.10633e-06 1.89509e-06 6.21376e-06 5.47455e-07 6.38736e-07 5.84235e-07 2.0651e-06 1.35147e-06 3.79572e-06 0.999283 3.55447e-06 
0.000351311 0.997259 0.000163665 1.31719e-06 5.46654e-06 0.000155989 6.65208e-06 5.86073e-07 0.000824846 9.83454e-05 2.21077e-06 0.000111243 4.06347e-06 8.86255e-06 0.001006 
1.62062e-06 2.89651e-06 0.999926 2.42017e-06 1.0044e-05 3.7276e-06 1.22223e-05 1.07683e-06 1.25638e-06 1.14918e-06 4.062e-06 2.65832e-06 7.46608e-06 1.62837e-05 6.99155e-06 
1.76622e-09 0.731962 1.69851e-09 2.63761e-09 1.09464e-08 4.06251e-09 1.33204e-08 1.17358e-09 1.36926e-09 1.25243e-09 4.42696e-09 0.011369 0.000987 1.77468e-08 0.255682 
2.59083e-08 0.000602019 0.00112618 5.80744e-05 1.60571e-07 0.000411244 1.95394e-07 1.7215e-08 2.00853e-08 0.000477677 6.49379e-08 0.000505764 1.19358e-07 2.60323e-07 0.996818 
0.00870955 0.0165847 0.750739 1.77589e-07 5.29647e-07 0.00189265 4.78993e-09 4.22011e-10 0.15835 0.0629562 3.63096e-07 0.000598162 0.000168322 6.3816e-09 1.44304e-07 
0.00253383 0.00174644 7.1492e-05 5.54821e-08 2.30258e-07 8.54548e-08 2.80195e-07 2.46863e-08 0.000489668 2.63448e-08 0.000298081 0.99098 1.71159e-07 3.73303e-07 0.00387893 
0.00624559 0.991733 5.56074e-07 8.63525e-07 3.58375e-06 1.33002e-06 4.36097e-06 3.84218e-07 4.48281e-07 4.10031e-07 1.44934e-06 9.48498e-07 2.66393e-06 5.8101e-06 0.00199818 
7.76178e-07 5.42375e-05 7.46421e-07 1.15911e-06 0.000921137 1.7853e-06 5.85375e-06 5.15738e-07 0.00016107 5.50387e-07 1.94546e-06 1.27317e-06 3.57581e-06 7.79894e-06 0.998838 
5.30665e-07 0.00474321 5.1032e-07 7.92475e-07 3.28888e-06 0.000611515 4.00215e-06 3.52605e-07 4.11396e-07 3.76294e-07 0.000134339 8.70456e-07 2.44474e-06 5.33205e-06 0.994492 
0.00138616 1.36629e-06 0.841769 6.62776e-05 2.80359e-07 5.0414e-06 1.61366e-06 2.74362e-11 0.135091 0.0194159 5.46281e-07 0.00226224 3.08262e-07 4.14888e-10 2.14059e-07 
0.030264 3.34439e-09 0.00124956 2.79438e-09 1.15971e-08 3.7692e-06 1.66432e-05 1.24334e-09 5.72042e-05 0.807572 3.07252e-06 0.160811 8.62052e-09 1.88016e-08 2.24496e-05 
1.37255e-05 0.993546 1.31993e-05 2.04971e-05 8.50659e-05 3.15701e-05 0.000103514 9.12001e-06 1.06406e-05 0.00584934 3.44023e-05 2.25141e-05 6.32325e-05 0.000137912 5.92135e-05 
8.13474e-05 3.27452e-09 3.98202e-05 2.73601e-09 1.14684e-06 4.21407e-09 1.38174e-08 1.21736e-09 1.42034e-09 0.999704 4.59211e-09 5.6802e-05 8.44044e-09 1.84088e-08 0.000116987 
0.00192105 0.00066524 0.427014 1.26612e-05 6.09821e-06 0.00216084 4.6826e-05 5.06993e-08 0.0252338 0.030513 0.0182777 0.165269 0.00114671 9.67356e-08 0.327734 
0.000352743 6.29825e-07 3.38881e-07 0.00026365 0.992847 8.10539e-07 2.65765e-06 2.34149e-07 2.7319e-07 0.000774875 8.83252e-07 5.78031e-07 0.00194975 3.54078e-06 0.00380215 
0.0106711 0.0322057 0.772736 1.30687e-05 2.30066e-13 0.002567 9.07104e-09 2.46657e-14 0.00768843 1.2506e-08 0.169996 0.00385207 0.000182318 3.72992e-13 8.78094e-05 
0.000137376 0.000245531 0.000132109 0.000205152 0.000851411 0.000315981 0.00103606 9.12807e-05 0.0001065 0.993703 0.000344327 0.00022534 0.000632884 0.00138034 0.000592659 
1.49985e-06 0.00750853 1.44235e-06 2.23982e-06 9.29555e-06 0.00138337 1.13115e-05 9.96586e-07 0.0101171 1.06354e-06 3.7593e-06 2.46022e-06 6.90971e-06 1.50703e-05 0.980935 
0.00192105 0.00066524 0.427014 1.26612e-05 6.09821e-06 0.00216084 4.6826e-05 5.06993e-08 0.0252338 0.030513 0.0182777 0.165269 0.00114671 9.67356e-08 0.327734 
4.88333e-08 0.251036 0.0170296 7.29258e-08 0.723271 1.12322e-07 3.68289e-07 3.24477e-08 0.00866237 3.46276e-08 1.22399e-07 8.01019e-08 2.24972e-07 4.90671e-07 2.10673e-07 
3.45016e-10 0.293349 0.680561 5.15234e-10 2.13829e-09 5.33372e-06 2.60203e-09 2.29249e-10 0.0195932 2.44651e-10 2.90654e-06 5.03924e-07 1.58947e-09 3.46668e-09 0.00648871 
0.00870955 0.0165847 0.750739 1.77589e-07 5.29647e-07 0.00189265 4.78993e-09 4.22011e-10 0.15835 0.0629562 3.63096e-07 0.000598162 0.000168322 6.3816e-09 1.44304e-07 
1.51176e-07 0.998831 0.000160064 2.2576e-07 9.36937e-07 6.98921e-05 1.14013e-06 1.0045e-07 1.17199e-07 0.000932733 3.78916e-07 2.47976e-07 6.96458e-07 1.519e-06 6.52192e-07 
9.09651e-09 0.905419 0.0164831 1.35844e-08 0.0618674 2.0923e-08 6.86038e-08 6.04425e-09 0.0162108 6.45032e-09 2.28e-08 1.49211e-08 4.19071e-08 9.14006e-08 1.94815e-05 
0.0539613 0.000214515 0.563775 8.44174e-07 3.40412e-11 0.0001467 7.13158e-06 3.64959e-12 0.0359517 0.00011889 0.34253 0.00328713 2.15269e-06 5.51888e-11 4.62082e-06 
3.25606e-06 5.81953e-06 0.00532622 4.86247e-06 2.018e-05 7.4893e-06 2.45564e-05 2.16351e-06 2.52425e-06 2.30887e-06 8.16117e-06 5.34096e-06 1.50005e-05 3.27165e-05 0.994539 
4.79763e-06 8.57476e-06 4.6137e-06 7.16459e-06 2.97341e-05 0.999788 3.61826e-05 3.18782e-06 3.71935e-06 3.40199e-06 1.2025e-05 7.86961e-06 2.21024e-05 4.82059e-05 2.06976e-05 
0.000585036 0.000860111 0.221577 4.49725e-07 0.000988279 6.92678e-07 0.0257662 2.00101e-07 0.747111 2.13545e-07 0.000268332 4.93979e-07 1.38738e-06 3.02591e-06 0.00283738 
0.00192105 0.00066524 0.427014 1.26612e-05 6.09821e-06 0.00216084 4.6826e-05 5.06993e-08 0.0252338 0.030513 0.0182777 0.165269 0.00114671 9.67356e-08 0.327734 
0.000209239 0.127318 0.392771 1.81708e-08 1.47727e-06 0.000709669 2.0468e-05 8.08495e-09 1.9123e-05 0.133202 4.60978e-05 0.164182 0.181522 1.2226e-07 5.24932e-08 
6.09269e-05 0.998314 0.0001501 2.00908e-07 0.000161257 3.09444e-07 1.01463e-06 8.93924e-08 1.04297e-07 7.16545e-05 0.000178752 0.000431007 6.19792e-07 0.000252064 0.000378244 
1.31841e-06 0.999814 0.000128055 1.96886e-06 8.17107e-06 3.03249e-06 9.94314e-06 8.76028e-07 1.02209e-06 9.34883e-07 3.30454e-06 2.16261e-06 6.07384e-06 1.32472e-05 5.68779e-06 
0.0709754 0.884879 6.20133e-09 2.60106e-05 3.9966e-08 1.48324e-08 4.86335e-08 4.28479e-09 0.000135984 4.57266e-09 0.0437031 6.03032e-05 2.97081e-08 6.47942e-08 0.000219804 
3.9931e-06 7.13684e-06 3.84002e-06 5.96315e-06 0.999839 9.18459e-06 3.01151e-05 2.65325e-06 3.09564e-06 2.8315e-06 1.00085e-05 6.54994e-06 1.8396e-05 4.01222e-05 1.72268e-05 
1.36212e-08 0.999597 1.3099e-08 2.03414e-08 8.44199e-08 3.13304e-08 1.02728e-07 9.05074e-09 1.05598e-08 9.65881e-09 2.7347e-05 1.11939e-05 6.27523e-08 1.36864e-07 0.000364393 
2.00824e-07 3.58931e-07 0.00129413 2.99903e-07 0.998698 4.61917e-07 1.51457e-06 1.33439e-07 1.55688e-07 1.42404e-07 5.03356e-07 3.29414e-07 9.25183e-07 2.01785e-06 8.6638e-07 
0.00192105 0.00066524 0.427014 1.26612e-05 6.09821e-06 0.00216084 4.6826e-05 5.06993e-08 0.0252338 0.030513 0.0182777 0.165269 0.00114671 9.67356e-08 0.327734 
1.58071e-05 2.8252e-05 1.52011e-05 2.36058e-05 0.999362 3.63582e-05 0.000119214 1.05032e-05 1.22544e-05 1.12088e-05 3.96199e-05 2.59287e-05 7.28226e-05 0.000158828 6.81941e-05 
1.18315e-06 0.169173 1.13779e-06 1.76687e-06 7.33275e-06 2.72137e-06 8.92303e-06 7.86152e-07 9.17232e-07 0.00067201 0.00148572 1.94073e-06 0.00327585 1.18881e-05 0.825355 
0.000475154 0.00084148 0.00112904 1.59349e-05 6.61321e-05 2.45433e-05 8.04743e-05 7.09009e-06 0.997106 7.56643e-06 2.67451e-05 1.75029e-05 4.91583e-05 0.000107216 4.60339e-05 
0.00126989 0.998698 1.06992e-09 1.66147e-09 1.10394e-05 2.55904e-09 8.39075e-09 7.39257e-10 8.62518e-10 2.28866e-06 1.72922e-05 1.82496e-09 5.12555e-09 1.1179e-08 1.92471e-06 
5.31955e-06 9.50759e-06 5.11561e-06 7.94401e-06 3.29688e-05 0.989867 4.01188e-05 3.53462e-06 0.00990162 3.77209e-06 1.33332e-05 8.72573e-06 2.45069e-05 5.34502e-05 2.29492e-05 
1.27902e-08 0.993366 4.55218e-05 1.91004e-08 7.92694e-08 2.94189e-08 9.64607e-08 8.49855e-09 0.00631026 3.63687e-06 2.56785e-05 2.09799e-08 5.89237e-08 1.28514e-07 0.000248358 
1.09694e-07 0.0010785 6.3399e-05 1.63813e-07 6.79849e-07 2.5231e-07 8.2729e-07 7.28874e-08 8.50403e-08 7.77842e-08 2.74944e-07 1.79933e-07 5.05356e-07 1.1022e-06 0.998854 
2.49532e-10 0.742442 0.0490774 3.72641e-10 0.183775 5.73951e-10 1.88191e-09 1.65803e-10 0.0247058 1.76943e-10 6.25441e-10 4.0931e-10 1.14958e-09 2.50726e-09 1.07651e-09 
0.00126989 0.998698 1.06992e-09 1.66147e-09 1.10394e-05 2.55904e-09 8.39075e-09 7.39257e-10 8.62518e-10 2.28866e-06 1.72922e-05 1.82496e-09 5.12555e-09 1.1179e-08 1.92471e-06 
5.31882e-07 9.50628e-07 5.11491e-07 7.94292e-07 3.29643e-06 1.93345e-05 4.01133e-06 3.53413e-07 4.1234e-07 9.97538e-07 2.32619e-05 0.018696 2.45035e-06 5.34428e-06 0.981242 
0.0234038 0.00646534 0.848753 3.48289e-09 5.94809e-13 0.00931448 0.000110248 6.377e-14 0.0276525 0.00323652 0.0647959 0.0159915 0.000141704 9.64324e-13 0.000135069 
7.19903e-06 0.124342 1.08143e-07 1.67935e-07 6.96954e-07 2.58657e-07 8.48104e-07 7.47211e-08 0.00876487 2.73013e-07 2.81862e-07 1.8446e-07 5.1807e-07 1.12993e-06 0.866881 
0.00189199 0.896415 0.0438938 5.59269e-07 0.00303313 8.614e-07 2.82442e-06 2.48842e-07 0.000116722 0.052587 9.38676e-07 0.000726373 0.00132486 3.76296e-06 1.61566e-06 
0.00148596 0.992936 2.57568e-05 5.61959e-06 2.11603e-05 2.31566e-07 5.33701e-05 6.6895e-08 9.18798e-05 0.000638696 0.000326782 9.3193e-06 4.63809e-07 1.01158e-06 0.00440373 
1.21595e-09 0.999818 1.54363e-05 1.81585e-09 7.53603e-09 2.99287e-05 9.17039e-09 8.07946e-10 9.4266e-10 1.50036e-05 3.04772e-09 5.26576e-05 5.6018e-09 1.22177e-08 6.9249e-05 
3.20239e-06 1.2276e-06 0.116681 6.20976e-08 1.0605e-11 1.14768e-06 4.18134e-07 1.13698e-12 0.860625 0.0161416 5.11157e-05 0.00649502 1.71859e-07 1.71932e-11 2.56164e-07 
2.46611e-07 0.98947 0.00371181 2.72249e-07 1.33512e-07 0.00662005 8.08294e-10 7.12137e-11 8.14341e-07 7.59981e-11 0.000194005 1.75802e-10 4.93752e-10 1.07689e-09 2.63596e-06 
0.00824606 0.00834783 7.01703e-07 1.08967e-06 4.52229e-06 0.949435 5.50305e-06 4.8484e-07 0.0036209 0.0303208 1.8289e-06 1.1969e-06 3.36158e-06 7.3317e-06 3.14792e-06 
0.0048213 0.73111 0.0045721 1.59849e-06 0.00291108 0.000483983 8.07267e-06 7.11232e-07 0.00508714 0.00256427 2.6829e-06 0.242929 4.93125e-06 1.07552e-05 0.00549222 
1.76622e-09 0.731962 1.69851e-09 2.63761e-09 1.09464e-08 4.06251e-09 1.33204e-08 1.17358e-09 1.36926e-09 1.25243e-09 4.42696e-09 0.011369 0.000987 1.77468e-08 0.255682 
8.03363e-10 0.0567767 0.943204 1.19971e-09 4.97897e-09 1.84782e-09 6.05877e-09 5.33801e-10 5.29445e-06 1.4356e-05 2.01359e-09 1.31777e-09 3.70104e-09 8.07208e-09 3.46581e-09 
0.989251 0.00603114 1.09568e-06 1.70147e-06 7.06135e-06 2.62065e-06 8.59276e-06 7.57055e-07 8.83283e-07 0.00224784 2.85575e-06 1.8689e-06 0.000947103 1.14481e-05 0.00148432 
2.89145e-08 0.443862 0.555922 4.31798e-08 0.000215222 6.65065e-08 2.18066e-07 1.92125e-08 2.24159e-08 2.05032e-08 7.24729e-08 4.74288e-08 1.33207e-07 2.90529e-07 1.24741e-07 
4.40275e-06 7.869e-06 4.23396e-06 6.5749e-06 2.72868e-05 1.01268e-05 3.32045e-05 2.92544e-06 3.41322e-06 3.12198e-06 0.999806 7.22188e-06 2.02832e-05 4.42382e-05 1.8994e-05 
1.51176e-07 0.998831 0.000160064 2.2576e-07 9.36937e-07 6.98921e-05 1.14013e-06 1.0045e-07 1.17199e-07 0.000932733 3.78916e-07 2.47976e-07 6.96458e-07 1.519e-06 6.52192e-07 
2.44229e-06 0.99697 4.40086e-06 9.9841e-07 2.1168e-08 3.00394e-06 7.20825e-06 2.26945e-09 4.6865e-06 1.67286e-06 0.00299957 5.60247e-09 1.57349e-08 3.43184e-08 5.63422e-06 
0.0106711 0.0322057 0.772736 1.30687e-05 2.30066e-13 0.002567 9.07104e-09 2.46657e-14 0.00768843 1.2506e-08 0.169996 0.00385207 0.000182318 3.72992e-13 8.78094e-05 
5.29944e-06 9.47165e-06 0.678916 7.91398e-06 3.28442e-05 1.21893e-05 3.99672e-05 3.52126e-06 4.10838e-06 0.00560943 1.32828e-05 8.69274e-06 0.0159579 0.299357 2.28625e-05 
0.00209029 0.00210462 0.000650049 9.73387e-07 4.0397e-06 0.00211163 4.9158e-06 4.331e-07 5.05314e-07 0.000379937 1.63373e-06 0.000242379 5.14124e-05 6.5493e-06 0.992351 
0.04333 1.11879e-07 0.00260645 9.348e-08 3.87956e-07 0.00681415 4.72092e-07 4.15931e-08 0.000185404 0.00816866 1.56897e-07 0.767088 0.00560533 0.0010373 0.165164 
5.17609e-07 0.999867 4.97765e-07 7.72978e-07 3.20797e-06 1.19056e-06 3.90369e-06 3.4393e-07 4.01275e-07 0.000110477 1.29736e-06 8.49041e-07 2.38459e-06 5.20087e-06 2.23303e-06 
0.000275305 2.29046e-05 0.492308 1.49868e-06 1.07674e-10 0.00119827 7.3724e-07 1.15439e-11 0.000588653 0.000316652 0.0279077 0.134491 2.19631e-07 0.000236875 0.342653 
3.39576e-07 6.06921e-07 3.26557e-07 5.0711e-07 0.999254 7.81063e-07 2.561e-06 2.25634e-07 2.63255e-07 2.40793e-07 8.51132e-07 5.5701e-07 1.56441e-06 3.41201e-06 0.00073395 
0.00575418 0.00044612 0.926394 5.99574e-06 9.55895e-08 0.000232608 6.69998e-05 1.74238e-08 0.0422116 0.000216928 0.000257307 0.0244029 1.38868e-06 4.46705e-06 4.92256e-06 
2.83335e-08 0.998724 1.1044e-05 4.23122e-08 1.75602e-07 4.85607e-06 2.13685e-07 1.88265e-08 2.19655e-08 6.42686e-05 7.10168e-08 8.34768e-05 0.000100553 2.84692e-07 0.00101106 
9.81272e-08 0.830613 0.000107808 1.46539e-07 6.0816e-07 2.25704e-07 0.000273136 6.52014e-08 5.6782e-06 0.168147 2.45952e-07 5.49828e-05 4.52066e-07 9.8597e-07 0.00079491 
6.9138e-06 0.999691 6.64874e-06 1.03248e-05 4.28494e-05 1.59025e-05 5.21423e-05 4.59393e-06 5.3599e-06 4.90257e-06 1.73291e-05 1.13408e-05 3.18515e-05 6.9469e-05 2.9827e-05 
