0.160087 0.0293662 0.00503844 0.00671625 2.16087e-06 0.0103767 1.88196e-07 0.661777 0.071488 0.0176003 2.84285e-12 0.0118224 0.0257253 1.02682e-08 1.37991e-07 
0.107651 0.0407603 0.0485174 6.85445e-07 1.41392e-05 3.29564e-06 9.09852e-05 0.361846 0.208243 0.0661519 1.46816e-07 0.162931 0.000437764 1.0389e-06 0.00335099 
0.136181 0.0458678 0.0661272 0.000649324 7.11836e-05 0.0104233 6.30775e-06 0.279073 0.0920797 0.238335 0.000229869 0.0237149 0.105376 0.000401881 0.00146322 
0.101728 0.0117796 0.00524594 0.0633595 5.21918e-05 0.0430057 6.08499e-05 0.608947 0.0230798 0.0615618 3.99245e-05 0.0440792 0.0111953 0.000272396 0.0255933 
0.00250299 0.000183103 0.00103385 0.000114804 2.13211e-07 0.00557657 1.79707e-05 0.9898 0.000299043 0.000240122 5.19203e-05 0.000171294 1.12923e-06 2.35664e-11 6.51658e-06 
0.0911136 0.0363191 0.0085636 0.0732943 0.000264721 0.00602482 4.8971e-07 0.386059 0.100728 0.229853 0.000255173 0.0131637 0.0018754 0.000378835 0.0521064 
0.00219626 0.0811973 0.0251898 0.0369485 0.00761898 0.00477708 1.51736e-07 0.433326 0.264529 0.134927 0.000394187 0.000986373 0.00678247 2.17878e-07 0.00112637 
0.0513249 0.00156696 0.0024148 0.0313709 4.41229e-05 0.0083084 2.72084e-07 0.825491 0.0561344 0.00780617 3.42969e-05 0.00286242 0.0116059 7.82673e-05 0.000956715 
0.00391172 0.118574 0.0372671 0.00349757 0.00521447 0.000254467 6.52657e-06 0.501632 0.0562799 0.186613 7.32628e-08 0.0041141 0.0699188 4.65959e-05 0.0126707 
0.0251306 0.115656 0.0537343 0.0754955 0.00368037 0.0225638 5.15373e-05 0.533525 0.0676099 0.0641301 0.00050759 0.00708818 0.0179199 0.00513537 0.00777245 
0.00700088 1.8626e-08 0.00388484 0.0494452 1.95763e-09 1.0212e-05 4.27996e-10 0.934703 2.32635e-05 0.000527278 3.97299e-07 6.75608e-05 0.00375562 1.97616e-06 0.000580224 
0.170754 0.00827141 0.0161053 0.103108 0.000719274 0.050271 8.66365e-05 0.519704 0.0528594 0.0696712 0.000271816 0.00673094 9.79297e-05 3.26006e-06 0.00134585 
0.227073 0.00129582 0.0389233 0.00372209 5.64154e-07 0.00539621 9.90396e-10 0.592265 0.00726303 0.0907937 7.92239e-09 0.00123635 0.0314475 0.000432112 0.000151799 
0.114133 0.0162601 0.00885937 0.11487 6.09959e-08 0.00549034 3.20754e-07 0.493864 0.000255101 0.10544 2.26543e-07 0.0812459 8.40379e-06 9.4668e-10 0.0595729 
0.00704184 0.178683 0.0799021 0.00175919 0.000686323 0.000237417 0.000147242 0.270325 0.0335198 0.248358 1.22192e-05 0.0302645 0.0963646 3.64597e-07 0.0526973 
0.157154 0.149522 0.0595496 0.00446848 0.000464124 0.0439981 6.6546e-05 0.285816 0.0825426 0.125587 0.000143903 0.00640848 0.0066462 0.0617972 0.015835 
0.0188579 0.0528319 0.00797758 0.0177005 0.000240444 0.202822 3.55838e-05 0.611443 0.0188263 0.0610802 0.000176834 0.00439717 0.00117185 0.000478045 0.00196062 
0.00663141 0.0479065 0.0128851 0.166499 0.00115533 0.027322 1.78402e-06 0.683138 0.0108908 0.0384877 0.00145038 0.00180255 0.000894871 3.21187e-06 0.00093133 
0.0480223 0.0191651 0.013009 0.0969355 0.00567351 0.0485384 0.00309221 0.666859 0.0269231 0.0454134 0.000543134 0.0159627 0.00689745 0.000863216 0.00210187 
0.0453153 0.0230346 0.020819 0.0763405 0.00631453 0.0153817 2.76084e-08 0.569525 0.0714098 0.140303 9.3341e-05 0.0258811 0.000525658 2.79073e-08 0.00505652 
0.00417155 0.0498454 0.0122 0.04183 0.000161735 0.0147246 1.79562e-05 0.6817 0.0086995 0.0428931 0.000170991 0.000111003 0.130524 2.23599e-08 0.0129498 
0.180132 0.0253563 0.0525785 0.0117257 1.61813e-06 6.73674e-07 9.19777e-07 0.266326 0.14604 0.0617698 7.82746e-07 0.247693 0.00836878 1.01985e-06 6.09385e-06 
0.0112973 0.0020133 0.00529475 0.00194083 1.65188e-08 0.0723315 7.07767e-13 0.416937 0.150794 0.316377 4.56352e-09 0.0135029 0.009511 1.34749e-07 4.45389e-09 
2.2021e-06 3.4259e-08 0.0596346 0.000406209 5.42565e-09 0.0223641 3.28474e-11 0.618997 2.29606e-07 0.0714245 8.63515e-07 0.227169 3.51158e-07 1.31725e-08 8.09855e-07 
0.0157746 0.000504962 0.000102868 0.00145123 4.49084e-08 0.00117972 5.07682e-09 0.813711 0.0144587 0.0151734 6.15808e-12 0.0175338 0.119998 5.89709e-06 0.0001056 
0.0932051 0.0460302 0.03852 0.0563149 1.23671e-07 0.022213 6.95529e-08 0.517038 0.0237143 0.0529861 1.80888e-08 0.0627821 0.00496676 0.010292 0.0719374 
0.230994 0.0834499 2.94323e-06 4.31332e-07 1.85014e-09 0.0189621 2.35959e-05 0.374506 0.0386168 0.152844 4.02047e-05 0.0999627 1.37527e-09 8.8836e-06 0.000587815 
0.00201787 0.0102774 0.0061587 0.000767719 0.000157244 0.0708004 0.00223981 0.728463 0.143212 0.0322744 0.000122689 0.000701427 0.00205153 0.000663979 9.21164e-05 
0.00906874 0.0477292 0.00646841 0.0397156 0.000668537 0.00129327 1.70455e-08 0.699098 0.0122009 0.132542 5.86514e-08 0.00134513 0.0442857 2.5248e-09 0.00558417 
0.0251528 0.00210448 0.00776439 0.000310423 1.35913e-09 0.077436 1.65389e-09 0.642505 0.0694571 0.174253 0.000145266 0.000868627 1.01029e-09 2.49801e-08 3.06187e-06 
0.188172 0.0422491 0.0453631 0.0492242 0.0127806 0.0200288 2.87679e-05 0.267085 0.156834 0.130913 0.0150924 0.0698376 0.000998414 5.03792e-10 0.00139324 
0.0840645 0.145127 0.175817 6.9985e-10 2.90448e-09 1.07793e-09 3.53438e-09 0.375835 3.63312e-10 0.184051 1.05834e-06 9.2323e-07 1.9649e-05 0.000129969 0.0349535 
0.14597 0.00453961 0.00261035 0.0253158 8.78056e-08 0.0340287 2.54811e-09 0.354659 0.124164 0.252304 2.61417e-12 0.0475626 0.000202214 0.00819119 0.000452584 
0.0349893 0.0172126 0.106887 0.0180585 0.00946893 0.00518262 0.000532635 0.379627 0.154591 0.200946 4.37425e-06 0.01778 0.0539946 9.92466e-09 0.000725429 
0.0595485 0.000224901 0.00329969 0.18695 2.8375e-05 0.0158551 1.00669e-07 0.659312 0.00141801 0.0541516 7.43247e-06 0.0178829 0.00103 2.10552e-10 0.000291851 
0.0466756 0.0605542 0.0100437 0.000735124 4.17074e-08 1.54787e-08 5.07526e-08 0.758694 0.00464867 0.0537092 1.68673e-08 0.000320986 0.00632635 0.0503695 0.00792282 
0.065056 0.00516211 0.0351459 0.0832275 0.0032556 0.00110855 5.18762e-07 0.429727 0.0357143 0.0853995 0.000168882 0.245834 0.00181496 6.55773e-07 0.00838483 
0.00054498 0.0193306 5.25495e-08 0.000687477 5.72209e-12 0.0038521 9.64362e-09 0.973482 2.33448e-05 0.00203182 9.27319e-06 5.30166e-08 3.80234e-05 9.27686e-12 4.05368e-08 
0.0648432 0.00364789 0.00529045 0.179843 3.56196e-05 0.0150129 1.53024e-05 0.619829 0.0168422 0.0495433 2.44607e-05 0.00742998 0.0354409 0.0009196 0.00128139 
0.0116893 0.00454847 0.0128406 0.0293049 9.31268e-06 0.0607118 1.18818e-05 0.725665 0.0409206 0.0823283 3.60755e-06 9.62065e-06 0.00766764 4.31876e-07 0.0242881 
0.00728057 0.0286728 0.0094844 0.00296412 0.00093636 0.00590102 1.19533e-05 0.714434 0.0104317 0.0865566 4.69859e-06 0.0634625 0.0558122 2.90246e-05 0.0140176 
0.00819829 0.105353 0.0135898 0.111521 0.0155377 1.03981e-06 1.12034e-09 0.247731 1.31496e-07 0.203503 0.000972221 0.135301 0.0684565 1.49263e-09 0.089835 
0.0488455 0.0302198 0.025674 0.0549908 0.00342763 0.0385468 0.000671237 0.627083 0.0279835 0.0933232 0.00208217 0.0152148 0.0267503 0.00108288 0.00410448 
0.0731741 0.102336 0.0797649 0.0251976 0.00164682 0.00807555 3.22785e-07 0.32799 0.0859378 0.229449 0.00142152 0.00717175 0.0425924 3.2268e-07 0.0152423 
0.0213632 0.266409 0.0254034 0.0110372 0.0248991 0.0135948 6.34614e-07 0.345172 0.0762283 0.104031 0.00110973 0.0698844 0.0165416 0.00132479 0.0229998 
0.0496427 0.0199441 0.048563 0.187039 0.00273646 0.0186601 0.000631996 0.510165 0.0442821 0.0704083 0.00116949 0.0319183 0.0065584 0.00300323 0.00527774 
0.00771358 0.101461 0.0501814 0.0584725 9.27764e-06 0.00289045 1.59341e-07 0.664809 0.0336454 0.0266012 0.000313675 0.045281 0.00413639 0.000402103 0.00408296 
0.0326232 0.0151578 0.00400755 0.0201958 0.000731 0.0183862 2.39778e-05 0.766767 0.0164966 0.109641 8.66405e-06 0.0079134 0.00541417 9.05031e-05 0.00254258 
0.00573995 0.0917649 0.0161982 0.0421706 0.000108116 0.00984477 1.26145e-05 0.585874 0.123309 0.0856756 3.85611e-06 0.0132046 0.0237634 0.00189341 0.000436777 
0.0146913 0.0249758 0.00194759 0.0269423 9.02735e-05 0.0162915 7.12248e-06 0.593192 0.0287695 0.0560415 6.32794e-07 0.000753078 0.180715 0.0526651 0.00291749 
0.0143701 0.00847234 0.0110673 0.207603 0.000892622 0.00441532 1.01432e-05 0.629955 0.0473876 0.0419488 2.30707e-05 0.00204716 0.028755 0.000531983 0.00252042 
0.0138161 0.0508752 0.00790004 0.232154 0.00122621 0.0429622 4.19466e-06 0.495913 0.0200348 0.0491768 0.0658937 0.00193976 0.013049 4.84462e-06 0.00505053 
0.0283806 0.0231894 0.0205075 0.06741 0.00284387 0.0115978 0.000244993 0.662025 0.0529772 0.0853476 0.00189559 0.0135651 0.0258814 0.00172914 0.00240486 
0.0277818 0.00290286 0.00281833 0.045205 5.18137e-05 0.0152207 4.0175e-06 0.841733 0.00679592 0.0379989 8.9289e-07 0.00118673 0.015812 7.9426e-09 0.00248851 
0.108277 0.117811 0.0433354 0.0318467 7.19305e-05 0.00518418 4.86558e-05 0.192507 0.113989 0.161831 0.000149912 0.169413 0.00330581 6.57343e-05 0.0521626 
0.0395428 0.124574 0.0270354 0.00862348 0.00953183 0.0118165 0.000134075 0.518984 0.0583905 0.0367797 3.53681e-05 0.0216649 0.0714822 0.00270385 0.0687013 
0.0161512 0.00658058 0.0847678 0.103664 9.56396e-06 0.000284748 5.64681e-08 0.636672 0.00369637 0.0400204 1.18388e-07 0.007478 0.0998479 2.23071e-09 0.000826593 
0.00870315 0.00203654 0.00256708 0.00225573 0.000140764 0.00333361 1.09263e-09 0.95162 0.00874512 0.0178371 5.30691e-05 0.00141759 0.00116399 7.33625e-09 0.000126103 
0.00568994 0.0444399 0.0031786 1.63854e-06 2.79781e-06 1.00305e-05 5.23698e-10 0.563814 2.44407e-06 0.321666 1.74048e-10 1.39646e-05 0.0610947 8.34482e-05 2.60658e-06 
0.00303971 0.00432223 0.0694462 0.00564852 9.70418e-05 0.00651879 6.26023e-05 0.822997 0.00713205 0.0175469 3.08377e-05 0.000311551 0.0628361 2.86477e-06 7.62776e-06 
0.224602 0.00220204 0.00678403 0.0470512 4.33057e-05 0.0102264 3.43415e-07 0.637478 0.0116835 0.0208402 0.000133507 0.0293452 9.63102e-05 4.33742e-06 0.00950988 
2.2021e-06 3.4259e-08 0.0596346 0.000406209 5.42565e-09 0.0223641 3.28474e-11 0.618997 2.29606e-07 0.0714245 8.63515e-07 0.227169 3.51158e-07 1.31725e-08 8.09855e-07 
0.0299619 0.0186426 0.0208617 0.0644199 8.90637e-07 0.036343 1.87552e-09 0.591148 0.0414558 0.195432 2.53208e-09 0.00085119 0.000746015 8.95037e-09 0.00013628 
0.0266795 0.0130279 0.0196601 0.0392516 0.00407031 0.0221788 0.000476104 0.705699 0.0337763 0.0587177 0.000104575 0.00336402 0.0689736 0.0024711 0.00154936 
0.0227557 0.0248869 0.00200825 0.130086 0.000116332 0.0102076 7.48038e-07 0.717759 0.028296 0.0570707 2.60736e-06 0.000359225 0.00609298 8.12291e-10 0.00035887 
0.0302792 0.00187742 0.0217317 0.21496 3.07247e-05 0.0240987 1.60697e-05 0.562511 0.070873 0.0588517 0.00743765 0.00241034 0.00173239 2.88281e-06 0.00318749 
0.00870315 0.00203654 0.00256708 0.00225573 0.000140764 0.00333361 1.09263e-09 0.95162 0.00874512 0.0178371 5.30691e-05 0.00141759 0.00116399 7.33625e-09 0.000126103 
0.0190343 0.0193962 0.0355187 0.0140252 0.00331711 0.217079 0.000118335 0.554565 0.0419314 0.0571056 0.00178581 0.00528935 0.0162202 0.000254347 0.0143597 
0.0014378 0.0852995 0.0020863 0.155704 0.000415649 0.0242412 3.11405e-08 0.703917 0.00558629 0.0105901 0.00518081 2.27223e-09 0.00537594 1.21134e-11 0.000165408 
0.0149286 0.0263063 0.0402674 0.0355252 0.00203045 0.00178126 8.20903e-06 0.625913 0.0554234 0.133973 4.81783e-07 0.0166578 0.00868363 0.0260766 0.012425 
0.0108906 0.109876 0.031213 0.102679 3.01496e-06 0.0109549 1.2724e-06 0.391509 0.124086 0.127118 8.65519e-05 0.000369644 0.0893558 2.29964e-11 0.00185742 
0.141166 0.0554838 0.00246582 0.0578002 0.0795864 0.0713447 4.79958e-08 0.290037 0.0501529 0.206824 0.00171999 0.0222931 0.015941 7.22852e-10 0.00518595 
0.0464708 0.00680581 0.0201866 0.274592 0.000353548 0.0267708 5.22847e-05 0.594456 0.0050554 0.00930694 0.000131294 0.00909062 0.00620775 2.26855e-08 0.000520136 
0.0333782 0.14911 0.0108987 0.00315299 0.000236078 0.00679244 1.01193e-05 0.478265 0.187577 0.110263 9.81705e-06 0.00243888 0.017103 4.37102e-05 0.000720269 
9.43159e-05 8.00877e-07 0.00286877 0.0988366 3.29021e-11 4.50457e-05 4.00377e-11 0.89384 0.00037435 0.00369097 1.33062e-11 0.000249435 1.75424e-07 5.3342e-11 2.29028e-11 
0.040203 0.0266592 0.0208165 0.0308802 0.000469839 0.0735085 3.03203e-06 0.72142 0.0413617 0.0113157 0.000101915 0.0216811 0.0104842 1.90224e-07 0.0010953 
0.0303026 0.0165321 0.0809512 0.0285088 0.0028115 0.00096048 9.47051e-05 0.668999 0.00604664 0.0936018 2.07742e-05 0.0274203 0.0075751 0.0327904 0.00338474 
0.0311524 0.000419021 0.0179237 0.333768 2.4174e-06 0.00355208 0.00442669 0.531138 0.000744171 0.0209963 1.99065e-06 0.0372152 0.0157404 7.55287e-10 0.00292001 
0.0113196 0.0436416 0.00323805 5.38739e-06 0.0350019 5.38683e-06 5.38311e-06 0.588372 5.38792e-06 0.210135 5.38668e-06 5.38729e-06 0.108248 5.38135e-06 5.38541e-06 
0.0265795 0.152113 0.0160276 0.00943103 4.47147e-05 0.00281555 0.000445933 0.438266 0.0418021 0.200287 9.14922e-05 0.0169092 0.00503759 0.0622009 0.0279476 
0.0314116 0.0116651 0.0137047 0.0210046 0.000181571 0.0650934 0.000532513 0.826261 0.00951846 0.00322665 0.00101933 0.0142961 7.84705e-05 0.00190296 0.0001038 
0.0325992 0.0213683 0.0346467 0.017202 0.00184205 0.0302007 2.25855e-06 0.614812 0.0647552 0.132897 0.0110758 0.0246516 0.0122311 5.85571e-05 0.00165788 
0.0568833 0.000659603 0.00480971 0.202268 0.000255936 0.0169201 1.77508e-06 0.668984 0.0206204 0.0252454 8.74227e-06 0.00277374 0.00042692 1.36156e-08 0.000142254 
0.113908 0.183048 0.0835295 0.0471529 0.00041881 0.0362888 0.00026043 0.273806 0.125169 0.02424 0.000265383 0.0803907 0.000776414 0.00011232 0.0306339 
0.0016349 0.0579911 1.15198e-07 0.00206238 1.0212e-11 0.0115561 2.11378e-08 0.925921 3.21913e-08 0.000806413 2.78018e-05 1.16222e-07 1.34366e-07 1.6556e-11 8.88625e-08 
0.0370752 0.0126596 0.0334126 0.0728184 0.00342427 0.0220111 0.000298724 0.646866 0.0294881 0.0584289 0.000989827 0.0195434 0.0482234 0.00231641 0.0124444 
0.138235 0.170838 0.0886898 0.0437962 0.0116607 0.00137984 0.000473422 0.272718 0.161734 0.0830801 8.60038e-05 0.0035319 0.00186323 1.51902e-05 0.0218984 
0.0158932 0.0107607 0.0437358 0.225947 3.91402e-07 0.00826705 5.28334e-08 0.253249 0.0255329 0.209228 1.83508e-11 0.198742 0.00139626 9.65537e-08 0.00724687 
0.0506398 0.0209965 0.050731 0.00125665 0.000543097 0.0004042 4.54008e-09 0.54315 0.00480268 0.0491125 6.36886e-05 0.255433 0.00988768 0.00064032 0.0123388 
0.086249 0.000237555 0.0109741 0.00387495 0.000397557 0.0246482 1.47591e-08 0.786795 3.50719e-07 0.0633318 4.34356e-05 0.0145358 0.0068069 3.70189e-10 0.00210534 
0.0198726 0.0151475 0.0985045 0.0108797 0.000382127 0.00582018 1.98035e-05 0.539707 0.0333871 0.123603 9.74301e-05 0.0773647 0.0180468 9.74858e-07 0.0571669 
0.144821 0.206659 0.0434938 0.0187138 0.0045125 0.00595236 0.0318508 0.445776 0.024789 0.0138504 0.000160285 0.0231398 0.00202446 1.53732e-05 0.0342419 
0.00609101 0.000488006 0.00545591 0.0535807 0.0335147 0.00396233 8.30803e-10 0.887382 0.00409818 0.00450429 5.58832e-06 0.000549312 0.000188794 2.06145e-11 0.000178997 
0.00266505 0.128529 0.00794509 0.0860619 0.0866955 0.00324362 7.42687e-06 0.527844 0.00443496 0.046727 0.00029833 0.0587316 0.00899911 0.000251883 0.0375657 
0.0328133 0.0721745 0.220157 0.130487 0.00396476 0.00989064 8.22691e-05 0.269273 0.117906 0.075073 0.00038251 0.0593758 0.000939719 6.04542e-06 0.0074753 
0.091854 0.165818 0.0176978 0.0738536 0.000361935 0.0103399 6.55687e-06 0.363903 0.134194 0.124374 1.46883e-05 0.00948329 0.000937266 0.000392742 0.00676945 
0.0183195 0.223589 0.00100143 0.000168482 6.76737e-07 0.00223806 0.00345583 0.521171 0.014766 0.0302862 6.26633e-05 0.15633 0.0043973 0.00125725 0.0229564 
0.00935001 0.320282 0.00841403 0.0805788 0.000808345 0.002641 1.98208e-07 0.526067 0.026395 0.0239067 3.2918e-05 0.000368771 0.000799919 1.89599e-09 0.000354787 
0.0431975 0.000766686 0.0189693 0.00110672 2.04339e-06 0.00432173 4.65068e-09 0.90559 0.00651464 0.014142 1.7286e-05 0.00416589 0.00113635 1.21914e-05 5.72409e-05 
0.034773 0.0341215 0.0318234 0.000346739 0.00025846 0.0701267 6.98569e-11 0.354437 0.188979 0.192416 5.06789e-08 0.00711816 0.0853203 5.37081e-07 0.000279797 
0.305509 0.0733227 6.6135e-06 8.66322e-06 3.22162e-10 1.87954e-05 0.00012592 0.505453 1.60387e-05 0.108432 1.12061e-06 1.83236e-05 1.95891e-05 5.223e-10 0.00706825 
0.0329581 0.0285135 0.0260944 0.0367062 0.00184994 0.0110492 0.000281465 0.714664 0.0393977 0.0707375 0.00057343 0.010969 0.0175629 0.00319171 0.00545074 
0.225352 0.00322985 0.0140717 0.0790103 0.00026553 0.016315 0.00011963 0.375632 0.0647132 0.12367 2.79165e-06 0.0323848 0.0644402 6.68163e-08 0.000792991 
0.0652441 0.0184914 0.0153629 0.0233919 0.00159338 0.0286394 0.000151209 0.712823 0.0920189 0.0135773 0.000484578 0.0187199 0.00523203 0.000875418 0.00339436 
0.00700088 1.8626e-08 0.00388484 0.0494452 1.95763e-09 1.0212e-05 4.27996e-10 0.934703 2.32635e-05 0.000527278 3.97299e-07 6.75608e-05 0.00375562 1.97616e-06 0.000580224 
0.00206368 0.148097 0.0638067 0.086408 0.000216791 0.000650177 7.53697e-07 0.664722 0.00612759 0.0177692 3.82153e-06 0.00411175 0.00261386 2.49936e-05 0.00338285 
0.121329 0.0096079 0.0601772 0.0017847 0.106027 0.0023353 0.000475759 0.364203 0.180986 0.119787 0.000378594 0.0159388 0.0166595 2.60949e-09 0.000310743 
0.0481695 0.00495207 0.00177474 0.000606241 2.66656e-05 0.0301133 7.82332e-08 0.599734 0.0450287 0.106226 1.00808e-05 0.00144833 0.127145 0.0347657 1.49615e-07 
0.0215639 0.00920907 0.019882 0.0339975 0.000318825 0.00452594 3.37542e-11 0.835905 0.00613871 0.0380001 1.40987e-05 0.00641606 0.000853374 0.0228307 0.000344591 
2.5053e-05 0.110247 2.50531e-05 2.50514e-05 0.0225573 2.50487e-05 2.50314e-05 0.611346 0.0977346 0.157865 2.5048e-05 2.50509e-05 2.50413e-05 2.50233e-05 2.50422e-05 
0.00818583 0.233338 0.00872228 0.00131801 0.00138831 0.0169127 1.58621e-05 0.467631 0.0415505 0.140417 1.81694e-05 0.0053398 0.0617645 0.00074191 0.0126563 
0.0481624 0.0335963 0.0076338 0.265363 0.00938083 0.000578455 1.51179e-06 0.364301 0.0833437 0.152453 2.49233e-05 0.0139686 0.000215302 2.52315e-10 0.0209763 
0.0220424 0.0256626 0.00876949 0.00979903 0.000186296 0.00821958 2.04113e-05 0.865726 0.0089266 0.0165575 0.000926559 0.00869653 0.0211325 2.04507e-05 0.00331363 
0.0315396 0.221079 0.0167374 0.0030227 0.18187 0.00877776 0.024465 0.341757 0.0788806 0.0397357 0.00719656 0.0182475 0.00221186 0.0167007 0.00777822 
0.0757892 0.0196174 0.0726021 0.0406448 9.34993e-05 0.0445584 5.02088e-05 0.454116 0.109083 0.113535 0.0131719 0.0399695 0.00275328 0.00451789 0.00949748 
0.0414183 0.252437 0.0633904 0.00258537 1.15021e-07 0.00766047 7.02564e-08 0.326761 0.190548 0.097662 4.50964e-08 0.000790404 0.00972523 0.00570332 0.00131761 
0.0242485 0.0349123 0.0705185 0.0215664 0.00237279 0.000540162 0.000326141 0.408825 0.0514131 0.188199 0.00295231 0.00989689 0.0269409 2.62222e-05 0.157262 
0.108466 0.0558889 0.0752193 0.0173345 0.00016568 0.00381663 3.7231e-07 0.305502 0.016586 0.122386 4.03352e-05 0.0810785 0.109223 0.00187671 0.102415 
0.0167642 7.37864e-05 0.0190116 0.0328631 1.37912e-05 0.0119496 3.51126e-06 0.829954 0.00209637 0.0384606 4.7244e-08 0.0112996 0.00343612 0.034072 2.1623e-06 
0.0851098 0.000356009 0.0229834 0.000725168 2.19988e-08 0.00158329 0.000210372 0.723857 0.00661418 0.0541312 0.0606917 0.032892 0.0105825 4.98624e-09 0.000263058 
0.0389484 0.00459154 0.00986312 0.000307888 2.61818e-08 3.11338e-07 7.04049e-08 0.833808 0.00265262 0.0220567 5.84239e-12 0.000321953 0.0873558 2.3421e-11 9.35944e-05 
0.0197925 0.0524984 0.0395261 0.0137577 7.3021e-05 0.0107666 6.74163e-07 0.775547 0.00765914 0.0259845 0.000157693 0.0058335 0.0397786 2.26281e-06 0.0086218 
0.00711241 0.23458 0.021005 0.1056 0.00374799 0.00524987 1.25728e-06 0.255335 0.00403102 0.183127 0.00014044 0.0196275 0.000752478 1.54181e-07 0.15969 
0.0766661 0.299889 0.0679246 6.72407e-06 6.71992e-06 0.0356405 6.71872e-06 0.344317 0.125759 6.72477e-06 0.0161423 6.72394e-06 6.72136e-06 6.71653e-06 0.0336146 
0.0163471 0.0060133 0.00129817 0.0799109 0.00014862 0.100029 1.46963e-06 0.7858 0.00484262 0.00483314 1.04767e-05 0.000347641 0.000271137 5.16959e-11 0.000145566 
0.0453828 0.0206077 0.00058518 0.0533195 6.61783e-05 0.00169383 9.66268e-07 0.503629 0.118148 0.0722168 5.06284e-06 0.118695 1.22423e-05 3.33964e-08 0.065637 
0.0211563 0.182409 0.00344347 0.0705526 0.00378876 0.0132614 3.99603e-07 0.554303 0.0386938 0.109444 0.000603341 0.000234447 0.000541553 6.66438e-11 0.00156745 
0.0133194 0.0312854 0.00697207 0.35463 0.0142068 0.0283807 3.59973e-06 0.514808 0.0106568 0.0193169 0.00145316 0.00127878 0.00311575 9.95453e-12 0.000573337 
0.0100644 0.0766471 0.0273317 0.164688 0.00635919 0.01363 4.1848e-06 0.486951 0.0728218 0.094095 6.33715e-05 0.0340661 0.0018995 0.0066269 0.00475141 
9.91394e-05 0.0958325 0.125227 0.117892 0.0726814 0.000900812 4.65089e-07 0.391061 0.11062 0.0285144 3.80733e-05 0.0163604 0.026848 8.09398e-09 0.0139251 
0.0177625 0.0102396 0.0413224 0.0485674 0.0134356 0.00152945 3.52108e-05 0.544058 0.0858658 0.1467 0.0048783 0.0408226 0.0424231 2.06628e-05 0.00233931 
0.231238 0.0173047 0.0381985 0.00169555 0.0691847 0.00219393 0.000346254 0.351179 0.162467 0.098829 0.000481204 0.0152296 0.0102969 1.43064e-09 0.00135505 
0.00870315 0.00203654 0.00256708 0.00225573 0.000140764 0.00333361 1.09263e-09 0.95162 0.00874512 0.0178371 5.30691e-05 0.00141759 0.00116399 7.33625e-09 0.000126103 
0.0174412 0.163246 0.0524863 0.0577441 0.0207949 0.0481819 1.30039e-09 0.21726 0.182448 0.196274 4.41332e-05 0.0210031 0.000376105 1.73251e-09 0.0227 
0.0100307 0.201135 0.01324 0.00462651 1.52444e-05 0.0071145 5.35498e-07 0.303483 0.182707 0.267911 2.7524e-08 0.00140222 0.00746813 9.69453e-07 0.000865442 
0.128032 0.0081536 0.0230971 0.000170152 5.57907e-08 0.0161239 5.73199e-10 0.658205 0.00626756 0.124237 1.45512e-07 0.0348666 0.000820048 7.63671e-10 2.6922e-05 
0.033667 0.216314 0.0622766 0.000597525 0.00265721 0.0160942 0.00198416 0.21846 0.109183 0.163943 0.00360028 0.0444252 0.108441 1.84097e-06 0.018355 
0.0851681 7.54953e-07 0.0396401 7.54982e-07 7.54516e-07 7.54903e-07 0.00135864 0.823549 7.55055e-07 0.0275604 7.54882e-07 7.54967e-07 0.0227165 7.54135e-07 7.54704e-07 
0.0352822 0.0786901 0.0199739 0.0161597 9.63839e-06 1.25393e-10 8.10241e-05 0.313925 0.244906 0.22482 0.000433793 0.0626231 0.00012392 5.4777e-10 0.00297228 
0.11084 0.019663 0.0598895 0.0180425 6.01511e-05 0.206449 0.00501455 0.506106 0.0274209 0.0292919 0.00253542 0.00502979 0.00168726 0.00771061 0.000259214 
0.00289469 0.34627 0.0365667 0.0338849 0.000585958 0.000902699 1.45745e-06 0.52653 0.0038473 0.0359775 1.19886e-05 0.0067903 0.00562356 2.9611e-07 0.00011342 
0.102173 0.00742286 0.0165395 0.00860371 0.0227893 0.016334 6.26639e-08 0.648176 0.138502 9.62718e-08 9.04162e-09 0.0285337 9.20097e-09 4.93959e-06 0.0109199 
0.133836 0.0182805 0.0283871 0.0293854 9.06871e-05 0.0886114 2.14642e-08 0.39394 0.0788256 0.180168 4.60731e-06 0.00864937 0.0392545 2.24267e-06 0.000564681 
0.0597058 0.00951933 0.182481 0.00307178 0.00206404 0.0199969 0.000875136 0.41935 0.0417886 0.21927 2.08442e-05 0.0351152 0.00516675 2.15243e-09 0.00157417 
0.213147 0.00252453 0.0047505 0.131777 0.000218045 0.0132304 9.11719e-05 0.550476 0.0139175 0.0339478 1.09589e-05 0.00563866 0.00120064 0.0109101 0.0181593 
0.114757 0.0353846 0.0642352 0.0182536 0.00128167 0.13997 1.82245e-08 0.401838 0.0115202 0.191205 8.62003e-05 0.0177068 0.00205435 6.01022e-11 0.00170597 
0.0597248 0.107045 0.0519576 0.0118359 0.000566735 0.0336224 0.00153507 0.280365 0.252831 0.17951 0.00144406 0.0125689 0.00152599 0.000747049 0.00471991 
0.041324 0.0210937 0.030254 0.0607228 0.0104279 0.053016 0.00615524 0.579232 0.0434943 0.105834 0.000196789 0.0180434 0.00951118 0.0180472 0.00264731 
0.0138009 0.0219849 0.00748216 9.20203e-05 4.35939e-07 3.34864e-07 1.66718e-08 0.827182 0.0509328 0.0644969 1.59661e-05 0.000692903 0.0131244 1.77749e-09 0.000194622 
0.108571 0.0109245 0.00130969 0.0745998 0.000121607 0.0839915 1.19934e-06 0.695572 0.00653667 0.0118701 8.57249e-06 0.000573192 0.000352878 1.41584e-06 0.00556619 
0.00276014 0.0830552 0.00885871 0.0548836 0.000709819 0.00902361 4.05993e-05 0.632023 0.0213635 0.0998184 2.07562e-05 0.000857517 0.0837129 1.36253e-06 0.00287064 
0.119219 0.0320577 0.159219 0.0561138 0.0169232 0.00474465 0.00692817 0.389047 0.00869432 0.114696 9.57475e-06 0.0905934 0.000700113 2.30896e-08 0.0010542 
1.12361e-06 0.0355034 0.120565 0.0137083 1.12284e-06 0.0102242 1.12264e-06 0.346537 0.285631 0.07596 1.12339e-06 0.00842749 0.103437 1.12228e-06 1.12312e-06 
0.0205133 0.0922974 0.0503243 0.0966101 0.00119194 0.0678152 3.33642e-08 0.527697 0.065663 0.047079 0.000120767 0.00435791 0.0228722 4.82013e-07 0.00345778 
0.0264519 0.0178873 0.0115257 0.123891 0.00142168 0.0246884 0.00017226 0.658395 0.0299119 0.0644231 0.000107957 0.00880093 0.0268212 0.00384492 0.00165675 
0.0239065 0.045323 0.050097 0.0463611 4.55195e-05 0.00705156 0.0115175 0.383361 0.0382797 0.0642057 0.00480483 0.00508014 0.319335 2.39362e-08 0.00063172 
0.029749 0.0150546 0.00899128 0.0146653 0.00156311 0.24439 0.0271936 0.622845 0.0269254 0.00645808 0.0011617 0.000706381 3.07298e-05 4.33028e-05 0.000222009 
9.43159e-05 8.00877e-07 0.00286877 0.0988366 3.29021e-11 4.50457e-05 4.00377e-11 0.89384 0.00037435 0.00369097 1.33062e-11 0.000249435 1.75424e-07 5.3342e-11 2.29028e-11 
0.00946811 0.160966 0.00554507 0.0924333 3.50093e-06 0.00181023 9.44225e-07 0.632071 0.0094338 0.0881169 1.49311e-05 2.93451e-05 0.000106562 3.96116e-10 1.46445e-07 
0.039618 0.0342094 0.00302567 0.0134024 0.000218929 0.000442063 3.96625e-06 0.670407 0.0177657 0.174313 1.88949e-05 0.00930657 0.036529 1.50937e-07 0.000739202 
0.0298634 0.158117 0.0507665 0.029084 0.0148173 0.00415165 2.43447e-06 0.562441 0.0208935 0.0430941 0.0406571 0.001883 0.0171454 0.000212152 0.0268709 
0.0298927 0.0791596 0.00692927 0.021738 0.000447506 0.289712 7.88676e-05 0.381715 0.0474192 0.136243 0.000106089 0.00422209 0.00111879 0.000190397 0.00102705 
0.0948532 0.10826 0.0606415 0.000563814 3.2497e-08 0.0339964 4.59429e-05 0.472424 0.121639 0.0709281 1.31424e-08 0.00045364 4.21765e-06 5.26853e-08 0.03619 
0.0146907 0.0206792 0.0168509 0.0359718 0.00261354 0.333826 8.60509e-06 0.426271 0.0306958 0.0535805 2.21244e-05 0.00229499 0.0085613 0.0527939 0.00114002 
0.00804827 0.00254413 0.0101373 0.00650575 0.00584224 5.42066e-08 6.48371e-11 0.907913 0.00244088 0.0531913 1.67833e-05 0.00155297 0.00162043 8.63822e-11 0.000186717 
0.00870315 0.00203654 0.00256708 0.00225573 0.000140764 0.00333361 1.09263e-09 0.95162 0.00874512 0.0178371 5.30691e-05 0.00141759 0.00116399 7.33625e-09 0.000126103 
0.00990148 0.136427 0.0121257 7.03501e-06 0.0192709 0.00145857 2.23052e-05 0.576335 0.0619681 0.141244 0.000142361 0.00528255 0.0199653 0.0044628 0.0113869 
0.00524075 0.043821 0.00540725 0.00227494 0.00170032 0.00280179 2.53858e-05 0.609144 0.013463 0.0422335 1.13683e-07 0.00093195 0.000179017 0.270645 0.00213232 
0.00136597 0.00909029 0.000202094 0.175258 6.51548e-06 5.2942e-07 1.19359e-09 0.789035 0.0116083 0.0116781 1.67657e-09 2.33202e-06 0.00152714 4.3287e-12 0.000225744 
0.000895069 0.00262473 0.092302 0.00137061 4.2301e-06 0.0683021 0.0141389 0.661697 0.0120071 0.142481 2.12047e-10 0.00417682 4.96808e-07 8.50051e-10 6.30036e-07 
0.014376 0.00290765 0.000439153 0.0199955 2.21581e-07 0.0202278 5.60653e-07 0.466328 0.0233835 0.150444 3.72915e-08 0.000236475 0.301661 1.28621e-10 5.03939e-07 
0.121329 0.0096079 0.0601772 0.0017847 0.106027 0.0023353 0.000475759 0.364203 0.180986 0.119787 0.000378594 0.0159388 0.0166595 2.60949e-09 0.000310743 
0.0843835 0.139212 0.0472601 0.0517914 0.00122085 0.0217762 0.00154824 0.298603 0.0981317 0.10865 0.00697202 0.0025682 0.0895221 0.0205092 0.0278517 
0.00282319 0.242015 0.00131394 0.0134445 0.000265578 0.0155183 2.93378e-08 0.616512 0.00683831 0.0102895 3.10451e-05 0.000174508 8.52898e-05 3.90866e-08 0.090688 
0.0356546 0.18336 0.134332 0.0200522 0.00060498 0.0100504 8.97987e-06 0.354068 0.0225234 0.11894 0.0428767 0.0199257 0.0213959 0.0187172 0.0174895 
0.0226546 0.0127667 7.04856e-05 0.0442449 9.67529e-08 0.00664468 0.000419759 0.787512 0.0306572 0.0944671 2.97768e-07 1.91555e-05 0.00053999 3.40189e-06 5.40199e-08 
0.00245595 0.0113505 0.000192565 0.00542862 0.000301778 0.0197335 2.43247e-07 0.834662 0.0100052 0.115563 2.48622e-08 2.82916e-05 2.92665e-06 9.96675e-08 0.000275697 
0.066685 0.0666782 0.0666852 0.0666807 0.0666395 0.0666737 0.0666277 0.066688 0.0666871 0.0666877 0.0666719 0.0666794 0.0666538 0.0666059 0.0666562 
0.00483518 0.000142928 0.0609336 2.61787e-06 2.45967e-06 5.1619e-06 1.54931e-11 0.916442 0.00486347 0.00517046 5.14903e-12 0.00653642 0.000928797 2.06414e-11 0.000137008 
0.0210732 0.0197311 0.0742594 0.137936 0.00314349 0.0143868 0.00776808 0.477494 0.0847272 0.12977 0.000109278 0.0077128 0.00823872 0.000406725 0.0132425 
0.0318722 0.00670072 0.015671 0.00310363 7.58397e-05 0.00384073 2.09753e-05 0.875578 0.0154709 0.0406367 4.8642e-05 0.00165927 0.00439745 1.27409e-08 0.000923939 
0.302169 0.115931 0.00971549 0.0165497 1.42209e-09 0.0025841 0.00108222 0.317845 0.0029238 0.227012 7.81848e-05 0.00333135 0.00074466 3.86224e-07 3.32584e-05 
0.0278711 0.0726901 0.00408341 0.0194955 0.0212179 0.000641192 3.20979e-05 0.596134 0.0837159 0.155171 4.9715e-05 0.00797686 0.00296939 0.0051503 0.00280116 
0.0647075 0.0349524 0.0432088 0.147431 0.0138447 0.0816989 5.57746e-05 0.259933 0.0865281 0.186701 0.000568279 0.0288565 0.0151335 0.000870116 0.0355108 
0.0264329 0.00496389 0.0283554 0.0184061 0.000830442 0.00082651 8.49918e-08 0.710259 0.0985699 0.0820396 0.000141829 0.00301601 0.0259914 1.68476e-06 0.000165691 
0.00870315 0.00203654 0.00256708 0.00225573 0.000140764 0.00333361 1.09263e-09 0.95162 0.00874512 0.0178371 5.30691e-05 0.00141759 0.00116399 7.33625e-09 0.000126103 
0.0256054 0.0702015 0.0333054 0.0407411 0.0686467 0.158081 1.68386e-07 0.407888 0.0422418 0.0479147 0.00127377 0.0682796 0.0132208 1.49575e-09 0.0226002 
0.0841829 0.0243339 0.0243997 0.0195609 0.00635857 0.00196006 8.92616e-05 0.523412 0.0104207 0.247847 0.00178658 0.0381704 0.0145332 1.53591e-07 0.00294519 
0.000214391 0.154027 0.000336224 0.010432 0.00210779 7.5979e-05 4.76911e-06 0.809392 0.000313161 0.0212796 1.34306e-07 0.000289534 3.28595e-05 0.000177952 0.00131627 
0.0253249 0.205084 0.0105765 0.0411425 0.000410187 0.0393445 0.000385862 0.546006 0.0167129 0.0989524 0.000370969 0.0155542 3.52941e-05 2.35949e-07 9.94906e-05 
0.0157375 0.000224464 0.00142911 5.96942e-05 1.80495e-05 4.50154e-06 7.81344e-10 0.635061 0.00487846 0.239639 1.48675e-05 0.00963916 0.0932175 3.99596e-08 7.65992e-05 
0.066685 0.0666782 0.0666852 0.0666807 0.0666395 0.0666737 0.0666277 0.066688 0.0666871 0.0666877 0.0666719 0.0666794 0.0666538 0.0666059 0.0666562 
0.00172052 0.0187391 0.00902772 0.00397295 0.000949395 0.000422971 6.16299e-07 0.697556 0.0373709 0.0635341 3.02272e-07 0.000545017 0.164717 7.95938e-06 0.00143511 
0.0549112 0.163139 0.240483 0.023493 0.00473985 0.0149058 0.000136063 0.285146 0.0879236 0.0446111 0.00272194 0.0508347 0.000528763 0.00519793 0.0212274 
0.0589903 0.0376993 0.0245836 0.0124104 0.0169806 0.057624 0.284135 0.356504 0.087449 0.0201141 0.000573905 0.0109077 0.00188939 0.000916977 0.0292221 
0.0140683 0.0636348 0.013411 0.32274 0.000564763 1.15293e-07 1.15214e-07 0.435568 0.0777581 0.0637475 1.1529e-07 0.00220241 0.00630476 1.15176e-07 1.15263e-07 
0.0850721 0.0909531 0.20703 0.000117909 6.30106e-05 0.0330275 5.86407e-05 0.355213 0.0139265 0.14725 2.50012e-05 0.0341195 0.0133479 1.01604e-05 0.0197859 
0.00405749 0.298969 0.0725729 0.0385185 0.0082559 0.00120078 1.57816e-06 0.317158 0.0985688 0.120807 0.000179394 0.00436355 0.00670458 0.00233736 0.0263059 
0.00483518 0.000142928 0.0609336 2.61787e-06 2.45967e-06 5.1619e-06 1.54931e-11 0.916442 0.00486347 0.00517046 5.14903e-12 0.00653642 0.000928797 2.06414e-11 0.000137008 
0.122096 0.0849982 0.00662481 0.165936 7.76455e-06 0.05018 3.07778e-07 0.312434 0.111391 0.100751 0.000225541 0.0436505 7.26602e-05 1.77187e-06 0.00163074 
0.0398199 0.103537 0.0134429 0.313132 0.0014314 0.0132745 2.35262e-05 0.340448 0.0411547 0.0540855 0.000122466 0.00447216 0.0177257 0.0530506 0.00427948 
0.0212019 0.209247 0.0380146 0.110016 0.00104155 0.0046299 1.78309e-08 0.255822 0.147519 0.194913 1.56439e-05 0.00452644 0.0104547 3.69327e-11 0.00259925 
0.000328559 0.00161195 0.109758 0.10194 0.000625685 1.16796e-05 1.26553e-05 0.678138 0.0150151 0.0215927 1.67641e-10 0.0425774 0.00345722 0.0172424 0.00768885 
5.07897e-05 0.193775 0.000117929 3.24121e-09 5.65096e-05 4.99218e-09 1.63687e-08 0.36219 6.3604e-05 0.348365 5.44003e-09 1.99404e-05 0.0952715 2.1808e-08 8.98981e-05 
0.0016349 0.0579911 1.15198e-07 0.00206238 1.0212e-11 0.0115561 2.11378e-08 0.925921 3.21913e-08 0.000806413 2.78018e-05 1.16222e-07 1.34366e-07 1.6556e-11 8.88625e-08 
0.00700088 1.8626e-08 0.00388484 0.0494452 1.95763e-09 1.0212e-05 4.27996e-10 0.934703 2.32635e-05 0.000527278 3.97299e-07 6.75608e-05 0.00375562 1.97616e-06 0.000580224 
0.0282409 0.229707 0.230253 0.000283877 0.0259196 0.0238382 1.01866e-06 0.23437 0.120666 0.0452054 0.000326845 0.000775418 0.0563255 3.78219e-10 0.00408736 
0.0235132 0.028448 0.0657493 0.00856665 5.57748e-05 0.17769 5.52847e-07 0.291223 0.17874 0.0662837 0.15362 0.00349163 0.000109416 3.83754e-06 0.00250541 
1.38325e-06 0.240612 0.00882112 0.0106597 3.33564e-10 1.58705e-05 7.7126e-06 0.3755 0.15852 0.0448746 1.75505e-07 0.0527087 1.56233e-06 2.10371e-05 0.108257 
0.0285378 0.195187 0.0281648 0.0439895 1.67053e-08 0.0637337 5.53717e-11 0.532213 0.0703263 0.0355347 5.41689e-07 0.000906031 0.00140534 4.21714e-07 2.00293e-07 
0.0124284 0.0292114 0.0141626 0.317466 0.0177384 0.0168316 0.00212508 0.43454 0.0493991 0.0927949 0.000170192 0.00841494 0.000870535 3.77213e-06 0.00384321 
0.0274109 0.00858983 0.00691787 0.0173516 4.29311e-05 0.0113304 0.00014417 0.736185 0.0342453 0.0393317 0.0039609 0.00879755 0.103195 0.00204353 0.0004533 
0.038622 0.126236 0.0429396 0.0303518 0.00907548 0.0187444 0.00017556 0.522287 0.0624344 0.0920438 0.000789682 0.0224772 0.00802748 0.00240549 0.0233894 
0.00707957 0.0107391 0.0319961 0.232328 0.00118636 0.00311882 0.101678 0.482653 0.015948 0.105533 7.47581e-08 0.00256917 0.00313097 3.15906e-07 0.00204061 
0.0884951 0.000368581 0.00340245 0.0360542 0.000107467 0.0413812 0.000151424 0.473887 6.45159e-05 0.0336203 2.67723e-05 0.0332003 0.000368135 1.22312e-09 0.288873 
0.00942031 0.0784908 6.46065e-05 0.00104993 2.2922e-05 4.81257e-05 9.21166e-08 0.885997 0.00341984 0.0210706 7.16453e-06 0.000142523 4.23881e-05 1.45889e-06 0.000222401 
0.00509722 0.0793916 0.0187741 0.00316846 0.00643266 0.000558049 7.11971e-10 0.661299 0.0282978 0.175069 4.57036e-06 0.00252431 0.00126397 8.13058e-08 0.0181194 
0.0207171 0.136773 0.0540184 0.0724109 0.00210777 0.000986911 2.02709e-05 0.45988 0.0751061 0.160948 0.000161105 0.00150892 0.00117195 2.38939e-08 0.0141892 
0.179016 0.221229 0.0296146 0.00310919 3.7354e-06 0.0269614 0.12817 0.27092 0.085712 0.0099699 0.000130332 0.0354694 0.00314352 4.01391e-05 0.00651096 
0.0372612 0.0214446 0.0204602 0.0138748 0.00224184 0.0621315 7.74937e-05 0.690159 0.0342267 0.0729032 0.000321201 0.0220404 0.0148065 4.13658e-08 0.00805171 
0.0228753 0.0137478 0.00887802 0.0477458 0.00133688 0.0112972 7.66243e-05 0.806317 0.0118815 0.0384847 0.000502684 0.00580669 0.0273392 0.00157834 0.00213192 
0.0213043 0.0530582 0.0340734 0.12676 0.000899995 0.10345 5.86249e-05 0.448012 0.0628199 0.0784221 0.00357907 0.0108025 0.054711 0.000516864 0.00153173 
0.00557389 0.0362387 0.0120679 0.208385 0.000810672 0.012103 0.000190745 0.639482 0.00450131 0.0598495 0.000120368 0.0119765 0.00620309 2.25069e-05 0.00247447 
0.184287 0.0236458 0.000255392 0.0603968 4.18804e-05 0.00267228 1.24708e-10 0.499849 0.000167602 0.225174 2.15974e-08 0.00285401 3.46761e-05 4.6165e-07 0.000621239 
0.0349249 0.034971 0.0793058 0.0600632 0.0121165 0.0201604 5.89905e-05 0.353816 0.0160214 0.153291 0.000266317 0.00612548 0.226599 4.054e-07 0.00228004 
0.0352976 0.00205682 0.00540393 0.0247896 0.00351985 0.110269 3.87678e-05 0.72617 0.0104868 0.0563622 0.00104996 0.00368621 0.0201283 0.000521167 0.000219829 
0.00483518 0.000142928 0.0609336 2.61787e-06 2.45967e-06 5.1619e-06 1.54931e-11 0.916442 0.00486347 0.00517046 5.14903e-12 0.00653642 0.000928797 2.06414e-11 0.000137008 
0.0121875 0.00189496 0.000184872 0.0244376 0.00432634 0.00651162 4.48664e-11 0.863533 0.000331632 0.000335112 4.77821e-07 0.0814703 0.00427692 0.000163529 0.000345895 
0.0603512 0.0126726 0.00351749 0.0279606 0.000651749 0.000885581 3.69124e-07 0.562112 0.0448835 0.0655071 8.97497e-09 0.0320491 0.165716 4.16462e-10 0.023693 
0.19952 0.0812593 0.083437 0.052688 0.00115591 0.0223096 5.37514e-05 0.352441 0.0233601 0.119266 0.00106983 0.051937 0.00533667 6.0926e-05 0.00610509 
0.0181327 0.0308624 0.17115 0.15359 0.00169698 0.0114852 0.00917197 0.418706 0.117163 0.0236256 0.0336774 0.00933478 0.000568783 1.01794e-11 0.000836003 
0.063371 0.00757162 0.0169575 0.0330153 0.0117481 0.0019235 1.6632e-07 0.754636 0.00884768 0.0822007 0.000124439 0.0184547 0.000630719 2.01993e-06 0.000516021 
0.0377751 0.0194244 0.0232229 0.228051 0.00209811 0.0144523 1.44306e-05 0.551049 0.0238435 0.0725231 7.89624e-05 0.0186722 0.00486572 0.00033375 0.00359634 
0.117438 0.0170607 0.112965 0.0201472 1.78709e-10 1.18513e-05 4.03646e-07 0.286 0.0147181 0.277147 0.113767 0.0307933 0.00994838 2.6553e-06 5.60035e-07 
0.00397361 0.0229274 0.0111461 0.0885014 0.0084281 0.00174217 8.9935e-10 0.692239 0.0791071 0.0518416 0.000170752 0.0106389 0.00131566 0.0257208 0.00224753 
0.0125352 0.00308197 0.0133474 0.0424091 0.000888743 0.210057 0.00894664 0.510459 0.0221646 0.165654 2.63123e-05 0.00815533 0.000740547 0.00124604 0.000287951 
0.129348 0.0385522 0.268874 1.65446e-06 1.21458e-05 1.84909e-06 8.75011e-07 0.276625 0.202124 3.74632e-06 1.00243e-10 0.0706785 0.00681836 4.01852e-10 0.00696039 
0.0603512 0.0126726 0.00351749 0.0279606 0.000651749 0.000885581 3.69124e-07 0.562112 0.0448835 0.0655071 8.97497e-09 0.0320491 0.165716 4.16462e-10 0.023693 
0.162074 0.0616427 0.107108 0.013994 0.000548686 0.0172037 0.00131528 0.261651 0.174359 0.166251 0.00193294 0.0226456 0.00354061 0.000948568 0.00478479 
0.0221528 0.0294236 0.13408 0.00857459 2.60998e-05 0.000362307 0.00140154 0.716354 0.0229744 0.0191192 1.01637e-06 0.0453774 6.12191e-05 5.26186e-05 3.94256e-05 
0.0016349 0.0579911 1.15198e-07 0.00206238 1.0212e-11 0.0115561 2.11378e-08 0.925921 3.21913e-08 0.000806413 2.78018e-05 1.16222e-07 1.34366e-07 1.6556e-11 8.88625e-08 
0.0016349 0.0579911 1.15198e-07 0.00206238 1.0212e-11 0.0115561 2.11378e-08 0.925921 3.21913e-08 0.000806413 2.78018e-05 1.16222e-07 1.34366e-07 1.6556e-11 8.88625e-08 
0.0776039 0.0596348 0.110342 0.014568 7.01498e-07 0.00596272 0.000113786 0.339956 0.069418 0.0647211 6.53336e-07 0.0234192 0.0001709 0.000286382 0.233802 
0.016925 0.0201342 0.00178448 0.177303 0.00635361 0.281324 1.82859e-05 0.4348 0.0272006 0.0231588 2.86082e-05 0.00322929 0.00719347 5.62345e-05 0.000490079 
0.0349545 0.0792766 0.140556 0.0327462 0.00267172 4.15987e-07 2.47066e-05 0.245768 0.0139781 0.232774 6.88926e-05 0.112331 0.0556616 1.56309e-09 0.0491888 
0.0016349 0.0579911 1.15198e-07 0.00206238 1.0212e-11 0.0115561 2.11378e-08 0.925921 3.21913e-08 0.000806413 2.78018e-05 1.16222e-07 1.34366e-07 1.6556e-11 8.88625e-08 
0.0573388 0.226329 0.0720789 0.00197388 1.06953e-06 0.00778988 2.60703e-08 0.349019 0.0207333 0.189622 0.000240289 0.0223795 0.0123427 4.22147e-10 0.0401515 
0.0133729 0.0114614 0.0191041 0.0601942 4.24235e-07 0.00530608 0.00483584 0.803959 0.0351097 0.036341 4.24441e-07 0.00568857 0.00131583 4.24021e-07 0.00331027 
0.136521 0.00956694 0.0759196 0.00636236 0.0646958 0.00541502 0.00210154 0.393467 0.143495 0.117902 0.00027756 0.0160513 0.02105 3.09885e-05 0.00714372 
0.0808312 0.0165522 0.00370482 0.19196 8.57246e-05 0.12147 8.32613e-05 0.254144 0.13393 0.185089 0.000352791 0.000717888 0.00924291 2.44734e-08 0.00183691 
