0.0859706 0.0492694 0.16936 0.0593158 0.000651972 0.0370294 0.000207157 0.0899105 0.409029 0.0663406 0.00986068 0.0208607 9.89322e-05 6.49207e-05 0.00203016 
0.00535872 0.0664469 0.241505 0.000151183 1.5698e-05 0.00236745 2.87199e-06 0.000257501 0.680249 2.35061e-08 8.37095e-05 0.0029474 0.000439639 9.10775e-07 0.00017384 
0.00682374 0.00452736 0.149197 0.00788495 0.00265235 0.00775546 2.00738e-05 0.00820887 0.706039 0.0411531 1.91368e-05 0.0645873 0.00051904 4.45464e-07 0.000612966 
0.0763216 0.0179268 0.04035 0.00443956 0.000957774 0.0223946 9.54003e-05 0.0182887 0.694817 0.108396 0.00181562 0.0101343 0.0022652 2.96751e-05 0.00176813 
0.0710317 0.00239355 0.260821 1.96852e-05 0.000112899 0.0161427 7.86234e-06 0.000961664 0.598496 0.0308525 0.00371865 0.0152598 0.00010845 1.56748e-11 7.39926e-05 
9.84475e-05 0.0341049 0.0242438 8.53872e-05 0.00224034 3.34604e-05 1.09706e-07 0.022469 0.909784 0.00281575 1.34223e-05 0.00191478 0.000962871 3.53636e-07 0.0012332 
0.0440526 0.0774053 0.0867765 0.0151299 0.00369503 0.139674 0.00152126 0.0845965 0.327869 0.0132638 0.0140522 0.0236507 0.000514235 4.06778e-11 0.167799 
0.0125873 0.0212767 0.0385161 0.0397704 0.00312843 0.00301228 1.69182e-07 0.0729308 0.658813 0.145972 2.44413e-05 0.00102273 0.00136558 2.41999e-08 0.00158071 
9.84475e-05 0.0341049 0.0242438 8.53872e-05 0.00224034 3.34604e-05 1.09706e-07 0.022469 0.909784 0.00281575 1.34223e-05 0.00191478 0.000962871 3.53636e-07 0.0012332 
0.0932676 0.035559 0.120194 0.0109758 0.00261824 0.00674514 8.37048e-05 0.0616102 0.54091 0.0485002 0.00120154 0.0594482 0.00151494 0.000622988 0.0167484 
0.0184709 0.000707989 0.0180599 0.00281801 1.18757e-10 0.000340611 1.09884e-09 0.0288415 0.551264 0.368795 4.48604e-07 0.0101144 0.000578246 8.98365e-06 9.25485e-10 
0.00828138 0.0222183 0.0178368 0.0182055 6.84506e-08 0.0231619 6.84384e-08 0.287661 0.326606 0.247148 6.84838e-08 0.0115204 0.0275847 0.00977672 6.84677e-08 
0.0142562 0.0065265 0.00323503 0.00090852 9.0659e-09 0.000815462 2.57796e-12 0.119703 0.683621 0.164005 1.02034e-08 0.006715 0.000212826 1.71864e-07 7.50691e-07 
0.00832715 0.00336525 0.02025 0.0129832 2.03639e-12 0.0051052 1.92067e-09 0.0419082 0.638298 0.266225 1.73665e-06 0.00267078 0.000798077 1.49149e-07 6.7516e-05 
0.0175734 0.0997744 0.048796 0.00129587 3.9492e-05 0.0677607 0.0855247 0.0143951 0.449173 0.00436063 0.00307266 0.0104208 4.37482e-05 6.80219e-06 0.197763 
0.235761 0.28198 0.00199828 0.0481431 0.000299938 0.000922558 0.000777045 0.0165696 0.377011 0.0316645 0.000806 0.000402418 0.00197748 6.38654e-05 0.00162357 
0.011753 0.0182588 0.159146 0.0222369 0.041529 0.0109782 1.07429e-07 0.0269003 0.525033 0.045936 0.134272 0.00326351 0.000357493 6.87009e-10 0.000335784 
0.241224 0.00776485 0.00377526 2.58958e-05 4.45102e-06 0.00570056 1.81146e-05 0.000989278 0.667215 0.0476749 3.38212e-06 0.00253714 1.19449e-05 2.2641e-09 0.0230554 
0.0213202 0.0342724 0.170271 0.000981265 0.000367773 0.00183263 0.00044232 0.0114768 0.706477 0.0381338 0.000138832 0.00174168 0.0065038 9.48965e-08 0.00604002 
0.00260212 0.00300394 0.00019142 8.26868e-05 5.6257e-05 8.24978e-05 0.000359154 0.00300626 0.986072 0.00355797 1.97271e-05 0.000567749 2.16383e-05 0.000178817 0.000197436 
0.0781449 0.00770547 0.00030518 9.61502e-05 0.00106918 0.0441249 2.85951e-06 0.0190191 0.79237 0.0466925 3.00409e-05 0.000266516 0.00858643 5.21053e-12 0.00158647 
0.150449 0.213858 0.0048877 0.000130504 5.18082e-05 0.0938737 0.00183663 0.00589213 0.250042 0.147865 0.126799 0.00372719 0.000338463 2.04261e-06 0.000246425 
0.0202167 0.111719 0.192059 0.00126678 0.000805798 0.00214432 0.00019615 0.0409034 0.503554 0.0855452 0.00967493 0.0294369 0.000394419 1.69643e-08 0.00208317 
0.205551 0.00610166 0.0600658 0.00293297 0.000176857 0.00528882 1.04963e-05 0.0271881 0.533557 0.142984 0.000241641 0.0157877 9.95026e-05 8.54878e-10 1.48584e-05 
0.0547506 0.291671 0.0492631 0.00715791 6.46596e-06 2.6499e-05 1.74618e-07 0.0611449 0.4023 0.0216497 0.000574616 0.0702628 0.00364972 5.10083e-09 0.0375421 
3.62398e-08 0.029371 0.00962913 0.000130853 2.55232e-06 0.00743121 6.09778e-06 0.0225964 0.730847 0.0679277 0.000896605 0.0261306 0.105015 2.46561e-10 1.64313e-05 
0.141534 0.0143449 0.0489769 0.0215972 0.000882854 0.0311797 6.15125e-05 0.0415144 0.372357 0.279271 0.00132082 0.0386593 0.00222936 0.00205888 0.00401245 
0.0913127 0.0194565 0.151905 0.0134689 0.00196839 0.0313332 0.000332883 0.0418265 0.320919 0.241921 0.00295465 0.068646 0.00626751 0.000713287 0.00697443 
0.00840844 0.0286954 0.0133702 0.0103214 4.52301e-06 0.0139474 2.05862e-06 0.291682 0.399086 0.143985 1.67042e-07 0.00551585 0.0823064 0.00150228 0.00117315 
0.0440526 0.0774053 0.0867765 0.0151299 0.00369503 0.139674 0.00152126 0.0845965 0.327869 0.0132638 0.0140522 0.0236507 0.000514235 4.06778e-11 0.167799 
0.100314 0.00980207 0.0587469 0.00892153 0.0152119 0.0315625 0.000581994 0.0366712 0.540662 0.141492 0.000478258 0.0392809 0.0035265 4.70094e-08 0.0127482 
0.00605808 0.000148393 8.29791e-06 0.0256093 3.68995e-06 0.000759751 6.16893e-06 0.0102589 0.887699 0.0690776 9.11234e-06 0.000204366 0.000118257 5.98228e-06 3.27341e-05 
0.139027 0.0233969 0.0820029 0.0291377 0.00108677 0.0415104 0.0025635 0.008496 0.547068 0.0701716 0.0277216 0.0271214 0.00018764 1.88322e-12 0.000508877 
0.02937 0.0285636 0.0628828 0.0216923 0.000569841 0.00137958 1.84628e-08 0.0426194 0.348444 0.331721 7.76167e-05 0.128857 0.000667422 3.11518e-10 0.00315573 
0.0309711 0.00395552 0.050916 0.0188879 0.00108418 0.0120603 2.55297e-05 0.0442417 0.518434 0.284982 0.000463775 0.0169426 0.00479602 2.69388e-08 0.0122392 
0.175945 0.0216196 0.144224 0.0067269 0.00773887 0.168826 1.74826e-05 0.0322448 0.262443 0.118003 0.00914382 0.049956 0.0012789 7.7929e-09 0.00183244 
0.00538659 0.000355141 0.250776 0.000788987 0.000139679 0.00113355 5.92363e-09 0.00108761 0.7329 0.00515633 6.61751e-06 0.00220107 2.66273e-05 1.22496e-09 4.18747e-05 
0.0741717 0.0258256 0.0860167 0.008986 0.000361294 0.0663726 6.43306e-05 0.0314558 0.477321 0.126228 0.000126117 0.0927597 0.000379657 0.00151831 0.00841324 
0.0837897 0.0182753 0.21657 0.0015011 9.2254e-06 0.0348808 5.8094e-06 0.00438396 0.556308 0.0637636 9.14197e-05 0.0180447 0.000640041 1.51587e-08 0.00173655 
0.099538 0.0175574 0.301519 0.000363804 0.000551983 0.00114977 0.000228196 0.00524359 0.358525 0.000819791 7.68629e-05 0.0970717 0.000518386 0.000717264 0.11612 
0.215266 0.00856243 0.00308221 0.00746463 0.000897677 0.0306807 2.65408e-05 0.0078373 0.428322 0.192168 8.29885e-06 0.0194297 9.90221e-08 6.18173e-07 0.0862537 
0.143593 0.200933 0.149007 0.0100989 0.000467865 0.00146408 2.22174e-06 0.081989 0.206682 0.167098 0.000160284 0.00943947 0.000621106 8.87509e-12 0.0284443 
0.104314 0.10987 0.0335128 0.0107285 0.00560167 0.261865 0.000270318 0.0479296 0.26675 0.138631 0.00183791 0.0138903 0.000475475 7.59394e-06 0.00431564 
0.0857114 0.0284702 0.134865 0.0128851 0.00218384 0.0193291 0.00104939 0.0271292 0.507005 0.145885 0.00338211 0.0239351 0.00219879 0.000141749 0.00582893 
0.0360158 0.238688 2.70971e-05 0.00219547 0.000304835 0.00319442 0.0828191 0.0372847 0.586475 0.008018 0.000337615 2.54498e-05 0.00360893 2.05492e-07 0.00100536 
0.00728994 0.00509997 0.00130542 0.0192661 4.39351e-09 0.0604954 3.23429e-13 0.0545078 0.531309 0.316362 1.95041e-06 0.000410342 0.00392898 1.74238e-07 2.30997e-05 
0.0112302 1.1143e-05 0.129821 8.31611e-08 1.30287e-07 2.31989e-10 7.60662e-10 2.91992e-07 0.856551 0.00234815 2.27261e-08 2.34401e-07 3.74841e-05 2.99026e-08 4.35123e-10 
0.349211 0.00125549 3.75311e-05 3.31095e-05 1.70936e-05 0.0365474 1.57744e-05 0.000707544 0.484753 0.108889 1.92785e-09 0.0019088 1.50448e-08 2.10944e-09 0.0166243 
0.0313462 0.0111358 0.0714436 0.00249309 0.00118039 0.0272523 2.20915e-07 0.0404908 0.600673 0.182137 0.00013845 0.0291464 0.000576785 4.02042e-05 0.00194634 
0.02609 0.171726 0.017744 0.0966486 0.000139709 0.00210616 3.1298e-05 0.13609 0.267858 0.244642 0.000135024 0.00153451 0.024618 2.13598e-06 0.0106348 
0.133291 0.00592015 0.0534874 0.00206889 0.000844861 0.0106863 0.000121033 0.0478313 0.367947 0.251138 0.00137722 0.0890377 0.0150952 5.43357e-05 0.0211 
0.138375 0.0310837 0.0760615 0.0174372 0.00454877 0.0205809 0.00037127 0.0302252 0.619783 0.0428778 0.00169297 0.00568081 0.00818171 6.02595e-07 0.0031001 
0.138401 0.141727 0.0940232 0.00720739 0.00082965 0.0661701 0.00124091 0.137139 0.227191 0.0115277 0.155449 0.0115139 0.00484482 2.84706e-05 0.00270734 
0.0659623 0.0277719 0.0501265 0.0275638 0.00137986 0.0418916 3.49328e-05 0.0681541 0.363969 0.274341 0.0288328 0.0389168 0.00450853 0.000176593 0.00637014 
0.147956 0.0351662 0.0921518 0.054934 0.0196002 0.0753384 0.000212269 0.0838883 0.312224 0.147412 0.000533388 0.0232882 0.00208735 2.51408e-06 0.00520481 
0.0683175 0.00429436 0.00328184 0.000631912 0.00101218 0.00307507 0.000158522 0.0294692 0.810714 0.0494326 1.186e-06 0.0186825 0.0010203 0.000364012 0.00954484 
0.0447288 0.382824 3.4016e-11 4.6421e-07 3.88941e-07 0.000471015 1.97553e-05 0.000216391 0.517459 0.000701523 0.000852772 6.73318e-05 0.00012505 3.54049e-07 0.0525333 
0.245045 0.00983073 0.0997149 0.00684873 0.00137829 0.00399263 7.16342e-05 0.0165888 0.353986 0.131247 0.0088005 0.0701699 0.00048219 0.000689114 0.0511543 
0.0290609 0.0107581 0.17013 0.000676904 0.000220155 0.00287883 0.000118415 0.0025592 0.68909 0.0744078 6.83837e-05 0.00242341 0.00140477 6.52808e-06 0.0161964 
0.031633 0.000172869 0.332522 2.87085e-05 1.30182e-06 0.0113172 2.06933e-05 0.000314413 0.516251 0.0801131 3.80508e-05 0.0273841 0.000152567 1.33189e-11 5.08428e-05 
0.185954 0.0195678 0.0564925 0.0186841 0.000150199 0.0155833 0.00230278 0.0303859 0.637091 0.0183571 0.00287602 0.0115847 0.000843549 1.772e-06 0.000125538 
0.120874 0.0222823 0.0818292 0.00793627 0.000752879 0.00374861 2.48975e-06 0.0129574 0.568558 0.0816078 0.000172206 0.0684745 0.00097587 3.9471e-07 0.0298281 
0.0501481 0.000125976 2.20545e-05 0.00127331 4.13571e-10 0.0133042 3.66135e-10 0.00592454 0.504999 0.423317 1.51928e-09 0.00035655 0.000484045 6.08989e-13 4.53655e-05 
0.0941382 0.097749 0.0375978 0.00498674 1.1431e-07 0.0987307 0.00027168 0.275824 0.304285 0.0683386 9.85465e-05 0.00345857 0.00232136 1.52085e-05 0.0121843 
0.204276 0.00373462 0.0857831 0.0102516 0.000101935 0.0132766 2.8784e-05 0.0419748 0.376089 0.119274 0.0071865 0.108357 0.00105301 0.000683141 0.0279297 
0.0253848 0.036771 0.100684 0.00240216 0.000403815 0.000524903 7.67578e-05 0.0514557 0.490771 0.186778 9.09228e-06 0.0943876 0.00711956 1.49914e-07 0.0032313 
0.0157405 0.000986313 0.115664 0.0451671 0.00423757 9.12678e-05 1.74242e-07 0.0463037 0.467803 0.259598 6.71423e-06 0.0405511 0.000846862 1.10897e-09 0.00300326 
0.339225 0.0459267 0.0175984 4.42553e-05 0.00160018 0.00102981 0.00122531 0.00150756 0.559527 0.0173581 1.78028e-05 0.00313756 0.000350718 9.99179e-05 0.0113515 
0.21101 0.000830788 0.00452183 3.82981e-05 0.000593312 0.0059119 4.43774e-05 0.000914374 0.632881 0.00748698 2.30481e-05 0.0919687 4.81891e-05 1.19354e-07 0.0437271 
0.141089 0.018952 0.0748432 0.0140387 0.000676409 0.0242976 0.00337289 0.00563173 0.594728 0.0588199 0.0354257 0.0278321 0.000147516 1.99699e-12 0.000145542 
0.0748804 0.160493 0.195668 0.00248361 0.00183146 0.0653261 4.82454e-06 0.0293509 0.203321 0.179397 0.000205429 0.069507 0.00168612 8.22144e-05 0.0157621 
0.0635038 0.0982678 0.144535 0.00507054 6.48926e-05 0.00683402 4.69798e-05 0.107314 0.259644 0.256213 0.00278466 0.0388123 0.00595182 4.50451e-07 0.0109578 
0.0125873 0.0212767 0.0385161 0.0397704 0.00312843 0.00301228 1.69182e-07 0.0729308 0.658813 0.145972 2.44413e-05 0.00102273 0.00136558 2.41999e-08 0.00158071 
0.0416341 0.00806677 0.30499 0.00746258 0.000114946 0.00638549 0.000400614 0.00198852 0.588563 0.0185668 0.00575606 0.0154738 5.51408e-05 1.14248e-07 0.00054176 
0.0751605 0.0501503 0.0411014 0.0701188 0.000127521 0.0201998 0.0107771 0.106923 0.342117 0.238337 0.00565472 0.0298453 0.00175407 0.00166107 0.00607304 
0.399055 0.0081582 0.0168932 0.00104182 0.000397976 0.00750023 9.57436e-05 0.0044423 0.530266 0.0131017 9.24608e-06 0.0170132 0.000367047 1.04555e-09 0.00165885 
0.168906 0.0359892 0.342392 0.000984708 0.00205619 1.65081e-06 1.4455e-06 0.0110432 0.414559 0.0130342 0.00992342 0.000849951 4.05046e-08 1.34871e-12 0.000258243 
0.0332029 0.00474731 0.000350769 8.43648e-05 0.000176859 0.200181 2.87244e-09 0.00533615 0.43654 0.307983 1.67473e-06 0.00115676 0.000264636 0.00996372 1.00285e-05 
0.0895382 0.0466268 0.145295 0.00283992 0.0030759 0.0311137 0.000760064 0.00879641 0.524561 0.136675 0.00649779 0.00405697 0.00010359 3.39318e-06 5.56236e-05 
0.154344 0.182872 0.0114268 0.00093422 0.000122496 0.00102081 0.0683883 0.0345953 0.418396 0.027621 1.51594e-05 0.055939 0.000210533 0.000398797 0.0437151 
9.84475e-05 0.0341049 0.0242438 8.53872e-05 0.00224034 3.34604e-05 1.09706e-07 0.022469 0.909784 0.00281575 1.34223e-05 0.00191478 0.000962871 3.53636e-07 0.0012332 
0.0945447 0.0135339 0.141402 0.0210793 0.00568303 0.0310186 0.000359793 0.0391153 0.307352 0.18836 0.00409538 0.142805 0.00275535 0.000740317 0.00715518 
0.204411 0.000122002 0.0196078 0.0586043 3.34338e-08 0.0185857 6.12087e-09 0.115895 0.281967 0.193146 3.16873e-05 0.107562 6.61366e-05 6.98515e-11 3.369e-07 
0.0686832 0.0426769 0.322549 0.00815792 0.00339322 0.00220745 0.00128936 0.011482 0.456659 0.0738912 0.000107871 0.0056227 0.00119212 4.88507e-07 0.00208765 
0.0180171 0.00500622 0.324984 3.69883e-09 1.27502e-06 6.22714e-07 6.20589e-11 6.45235e-08 0.631381 0.0120498 6.39576e-08 0.00855983 3.79091e-11 8.26808e-11 1.49133e-07 
0.169223 0.00503503 0.175048 0.0152921 0.000577337 0.0816408 0.000235907 0.0370987 0.280345 0.0743889 4.25679e-05 0.0929075 0.00648302 5.89824e-06 0.061676 
0.0405583 0.189036 0.159363 0.00159564 0.000125758 0.00359524 6.75191e-06 0.109655 0.225042 0.139049 8.8396e-05 0.0049107 0.0133181 0.0164197 0.0972364 
0.0105538 0.162175 0.133104 0.0463329 0.00210241 0.00685105 1.46074e-07 0.177285 0.192254 0.168872 0.000123643 0.0508695 0.004599 0.0317067 0.0131707 
9.84475e-05 0.0341049 0.0242438 8.53872e-05 0.00224034 3.34604e-05 1.09706e-07 0.022469 0.909784 0.00281575 1.34223e-05 0.00191478 0.000962871 3.53636e-07 0.0012332 
0.121852 0.0382173 0.0386772 0.00124664 0.000321696 0.00135677 2.46148e-05 0.00212063 0.560444 0.230308 3.53286e-05 0.00374945 0.000370896 9.75249e-13 0.00127545 
0.00728172 0.00263029 0.00731114 0.00883622 0.000473046 0.00313427 2.28707e-09 0.0172489 0.744307 0.206583 2.53431e-06 0.00162015 0.000255088 1.26006e-07 0.00031622 
0.208969 0.005726 0.101812 0.0020511 8.04859e-05 0.0344079 6.526e-07 0.0500433 0.241577 0.182378 0.000119594 0.162365 0.00936001 2.13304e-09 0.00110978 
9.84475e-05 0.0341049 0.0242438 8.53872e-05 0.00224034 3.34604e-05 1.09706e-07 0.022469 0.909784 0.00281575 1.34223e-05 0.00191478 0.000962871 3.53636e-07 0.0012332 
0.0236879 0.236468 0.0203351 0.0271165 0.000381272 0.0223284 1.23677e-05 0.154482 0.404168 0.104118 0.000188178 0.00293732 0.00166955 4.31336e-09 0.0021067 
2.62171e-06 0.0936507 0.0227517 2.70277e-06 0.00613537 0.0632293 8.06702e-11 0.000819781 0.557671 0.245489 6.2146e-05 0.00901532 0.00110143 6.75706e-05 9.78336e-07 
0.021648 0.00162841 0.0112961 0.000126953 3.13373e-07 0.000509214 2.72594e-06 0.00300643 0.880549 0.0191131 5.29147e-06 0.0187877 3.21461e-05 2.01114e-10 0.0432949 
0.191216 0.00776577 0.114352 0.0147126 0.000157894 0.0277727 2.21474e-06 0.0174093 0.405703 0.157563 8.44998e-05 0.0562887 0.00212841 1.31172e-05 0.00483018 
0.0586659 0.0217634 0.107767 0.00631253 0.0199813 0.0177873 0.000142358 0.0354263 0.63554 0.0742589 0.000971895 0.0127886 0.0028881 0.00374588 0.00196139 
0.234409 0.0380181 0.03723 0.013528 0.000384178 0.000683349 0.000242261 0.146604 0.369336 0.108852 1.3169e-05 0.0118436 0.00173877 1.48445e-07 0.0371165 
0.0096763 0.0430793 0.202305 0.000100767 0.000178784 7.9691e-05 9.0057e-05 0.0633489 0.44772 0.126652 2.99551e-08 0.00379299 0.00021349 4.34282e-10 0.102762 
0.091686 0.130697 0.0245224 0.0542775 0.0041487 0.304179 1.87091e-07 0.0119423 0.307025 0.0289406 0.00394434 0.000396641 0.00056806 0.0319034 0.00576896 
0.100292 0.147287 0.177186 0.00826725 0.0149322 0.0198869 0.0007505 0.0513183 0.351186 0.0973343 0.000375263 0.020414 0.00170717 3.83569e-05 0.00902397 
0.0768284 0.00635168 0.00837919 0.00725166 3.55118e-09 0.0640234 4.86589e-13 0.052101 0.56951 0.210535 5.97364e-06 0.00335728 0.00164377 5.42235e-08 1.30936e-05 
0.115948 0.0428841 0.131666 0.00515358 0.00641224 0.0664657 0.00029706 0.135835 0.279032 0.184346 0.00137362 0.0154088 0.000396368 0.0137249 0.00105596 
0.00607813 0.0452369 0.0279177 0.00121983 0.000177747 0.0593173 6.02624e-09 0.130699 0.438626 0.278293 0.000498156 0.00972261 0.000802463 1.42882e-06 0.00140929 
0.0188416 0.00418607 0.0846676 0.00158015 5.4993e-05 0.000775439 3.06645e-07 0.0124105 0.640558 0.215415 3.87856e-05 0.0203064 0.000241287 1.50967e-11 0.000924074 
0.0617069 0.0182465 0.12373 0.00620179 0.000270969 0.0230515 0.000705283 0.0341911 0.524863 0.181923 0.000559609 0.0110037 0.00652453 0.000761091 0.00626114 
0.0123145 0.0161691 0.392185 0.00817873 0.000551842 0.0186059 0.000451686 0.00821683 0.482491 0.0529016 0.00317916 0.00383815 0.000208422 0.000578731 0.000129168 
2.62171e-06 0.0936507 0.0227517 2.70277e-06 0.00613537 0.0632293 8.06702e-11 0.000819781 0.557671 0.245489 6.2146e-05 0.00901532 0.00110143 6.75706e-05 9.78336e-07 
0.00535872 0.0664469 0.241505 0.000151183 1.5698e-05 0.00236745 2.87199e-06 0.000257501 0.680249 2.35061e-08 8.37095e-05 0.0029474 0.000439639 9.10775e-07 0.00017384 
0.190579 0.00428779 0.00937679 0.0173812 0.000755031 0.00754148 3.35401e-06 0.0698643 0.447681 0.207673 1.12228e-05 0.0433202 0.000146103 8.98004e-06 0.00136979 
0.214798 0.0759625 0.031798 0.00284416 6.61019e-06 0.110737 4.83364e-07 0.0247895 0.281506 0.232699 0.000693655 0.0149751 0.000204777 2.49116e-07 0.00898518 
0.0561573 0.0266432 0.116149 0.0128329 0.00228101 0.0290246 0.000108907 0.0475859 0.360368 0.132684 0.000968335 0.194465 0.00184957 8.48333e-05 0.018797 
0.0340042 0.0173507 0.0535889 0.0234587 0.000935695 0.00300693 2.29888e-06 0.0400532 0.655216 0.150973 0.00015479 0.0151633 0.00116367 0.00160501 0.00332407 
0.0594737 0.117488 0.181314 0.0232986 0.00457576 0.00677065 4.07941e-05 0.113349 0.260187 0.13456 8.68792e-05 0.0758444 0.0092855 1.30757e-06 0.0137254 
0.0317102 0.0028659 0.0270354 0.0299244 2.70666e-06 0.0154078 8.84641e-06 0.0383862 0.697298 0.151298 3.87851e-05 0.00524874 0.000591021 2.67359e-12 0.000183641 
0.0488416 0.00580424 0.313607 0.0255972 0.000625386 0.00211366 0.00128316 0.0236167 0.534212 0.0272377 3.50884e-05 0.0122278 0.00127806 9.85069e-10 0.00352042 
0.0901475 0.203152 0.00186632 0.0124874 7.02886e-06 0.0495399 3.58284e-05 0.0238501 0.44567 0.154444 0.000106084 0.0124554 0.000412776 6.09986e-06 0.00581983 
0.0618511 0.031898 0.0944673 0.0248174 0.00101715 0.045202 0.000128894 0.0246969 0.541385 0.166023 0.000511641 0.00639662 0.000523204 9.69967e-06 0.00107238 
0.334553 0.144483 0.00162803 0.00327178 0.000402102 0.0124925 0.000173254 0.0104666 0.361616 0.0824971 0.000318339 0.00149779 0.00049939 2.09362e-09 0.046101 
0.0158428 0.0949378 0.0917825 0.0274446 0.0103051 0.00132009 1.70638e-05 0.058561 0.36632 0.278587 0.00025757 0.048715 0.0024292 3.22318e-05 0.00344786 
0.0270006 0.0212433 0.0853507 0.0168414 0.000564181 0.00433654 1.82983e-07 0.0572787 0.420297 0.359961 2.35477e-05 0.00303581 0.00243168 9.16288e-08 0.00163491 
0.0204021 0.0254942 0.114797 0.0127512 1.1298e-05 9.67344e-05 1.12652e-08 0.109325 0.520982 0.187232 3.24998e-05 0.00653949 0.00221683 8.65463e-12 0.000120948 
0.0257025 0.000910815 0.0951749 0.0113505 0.000320351 0.00719969 2.10235e-05 0.0130659 0.678837 0.145443 0.000833862 0.019048 0.00124973 1.16239e-07 0.000843154 
0.0565955 0.0707837 0.146901 0.0149648 0.0225117 0.0429076 0.000201292 0.0347528 0.355837 0.108217 0.1407 0.00297316 0.000600352 9.96475e-10 0.00205414 
0.0447465 0.0118266 0.0266632 0.0191175 0.000256335 0.00452455 6.49761e-05 0.0399989 0.70467 0.1374 0.00132085 0.00699004 0.00111817 4.12152e-05 0.00126075 
0.150685 0.0121036 0.269025 0.0221338 0.000851973 0.136756 0.00226704 0.0162972 0.319142 0.0355871 0.00892892 0.0223991 0.000817402 2.23252e-06 0.00300311 
0.00927532 0.013359 0.287212 0.0012835 0.0412464 0.00368526 2.5291e-05 0.0274142 0.560993 0.0453018 4.61237e-05 0.00394191 0.000117547 3.52237e-08 0.00609908 
0.00260212 0.00300394 0.00019142 8.26868e-05 5.6257e-05 8.24978e-05 0.000359154 0.00300626 0.986072 0.00355797 1.97271e-05 0.000567749 2.16383e-05 0.000178817 0.000197436 
0.00811249 0.144866 0.00783321 0.0603815 0.000399488 0.00364795 0.000270017 0.0976663 0.622304 0.0466865 0.000165258 0.00326266 0.000484354 3.60457e-06 0.00391725 
0.0305138 0.0156765 0.0556248 0.000119071 6.91435e-05 0.0028407 3.60836e-05 0.00794054 0.582147 0.262229 4.94629e-07 0.0221397 9.68127e-06 3.6762e-08 0.0206539 
0.056914 0.00149039 0.383108 0.000479439 0.000109931 0.0048103 2.7266e-05 0.00402445 0.399344 0.0840999 2.29124e-05 0.056874 0.000983252 1.49029e-06 0.00771115 
0.144708 0.12109 0.00869104 5.42726e-05 0.000600864 1.10351e-07 4.29162e-05 0.0398384 0.360325 0.317516 1.52077e-07 0.00702048 1.48068e-07 3.91341e-10 0.000112619 
1.16162e-09 1.09977e-06 0.186466 3.74442e-07 7.12806e-11 2.59276e-07 8.67394e-11 0.011286 0.438375 0.330296 1.78758e-07 0.032167 1.24521e-06 1.15563e-10 0.00140723 
0.080702 0.0413038 0.0177931 0.00241105 0.000389124 0.000184214 0.000142777 0.0423314 0.639311 0.0706163 4.28193e-06 0.0698569 0.032958 6.35496e-07 0.00199516 
0.150162 0.00746288 0.103902 0.0139836 0.00126077 0.0327308 6.89787e-05 0.0415881 0.275854 0.140363 0.000135836 0.217932 0.00194896 0.00136415 0.0112433 
0.016105 0.00100791 0.408437 0.000773136 0.000155267 0.00214632 8.4578e-05 0.00030625 0.536948 0.0118688 0.0022071 0.0198288 4.99405e-05 8.43666e-08 8.26353e-05 
0.0631001 0.191501 0.06101 0.00209306 0.000535842 0.18417 0.00161265 0.106505 0.204591 0.143359 0.0229102 0.00569447 0.00920411 8.21285e-10 0.00371533 
0.142931 0.0230709 0.0489699 0.0489587 0.00133298 0.0283359 2.73325e-05 0.039136 0.314435 0.296 0.000172154 0.0268291 0.00244988 0.00262672 0.0247247 
0.0244141 0.044794 0.33619 0.00104488 8.61861e-06 0.00430306 1.54116e-06 0.0320066 0.377752 0.0152138 4.56241e-05 0.0211233 0.143041 3.44378e-06 5.87375e-05 
0.1301 0.0165516 0.119717 0.0201495 0.00504691 0.0284329 7.18983e-05 0.030687 0.40772 0.159042 9.2224e-05 0.0709715 0.00118067 3.07066e-09 0.0102362 
0.108827 0.0204178 0.0647101 0.00386403 0.0117789 0.0404566 3.81897e-05 0.0851599 0.347646 0.281224 0.000181501 0.0232313 0.00469375 0.000826826 0.00694305 
0.0958058 0.02311 0.143573 0.00754905 0.000156823 0.0122376 0.000158478 0.0495061 0.312894 0.300709 3.96063e-05 0.036929 0.0142174 0.000184048 0.00292995 
0.0751296 0.0177811 0.0144302 0.00176957 7.58065e-05 0.0139389 4.81842e-05 0.0346849 0.523746 0.305908 0.00599905 0.00348749 0.000276315 5.01746e-09 0.00272524 
0.195627 0.0261542 0.0226984 0.0105301 0.00049536 0.0693596 0.000106217 0.0744821 0.295224 0.137945 0.000348875 0.0842446 0.00177711 0.0682354 0.0127723 
0.0898249 0.00855927 0.35787 0.00164456 0.0147506 0.020185 0.00219179 0.0217586 0.443323 0.0221493 0.000213858 0.0146051 5.63604e-05 1.78989e-06 0.00286568 
0.125827 0.0740788 0.0151683 0.0174302 0.0013113 0.22601 0.000117615 0.0711444 0.249068 0.204303 0.00168124 0.00680637 0.00580641 7.34476e-06 0.00123967 
0.00400036 0.126748 0.389808 0.000145266 0.00384261 7.03959e-05 3.10779e-05 0.0156787 0.424536 0.0170573 0.000295798 0.0128257 0.000319783 5.20772e-07 0.00464052 
0.141089 0.018952 0.0748432 0.0140387 0.000676409 0.0242976 0.00337289 0.00563173 0.594728 0.0588199 0.0354257 0.0278321 0.000147516 1.99699e-12 0.000145542 
0.0332029 0.00474731 0.000350769 8.43648e-05 0.000176859 0.200181 2.87244e-09 0.00533615 0.43654 0.307983 1.67473e-06 0.00115676 0.000264636 0.00996372 1.00285e-05 
0.285269 0.00109872 0.00716221 0.00196697 4.0312e-05 0.0127892 0.000117169 0.00658644 0.366903 0.293592 2.20274e-06 0.00583989 9.97347e-05 6.23779e-08 0.0185334 
0.194396 0.00628051 0.000123625 0.0277779 7.76765e-07 0.00424236 2.40672e-05 0.0639467 0.588892 0.108836 3.27624e-06 0.0012654 0.000841385 4.19917e-12 0.00336982 
0.121873 0.0517834 0.0269188 0.00815329 3.89106e-08 0.0732627 9.51666e-07 0.178369 0.40402 0.0264597 3.54025e-06 0.102717 0.000387562 1.97381e-06 0.00604871 
0.0715826 0.00623852 0.146792 7.30579e-06 3.3573e-05 0.0406411 0.00197052 0.0213752 0.426237 0.274441 1.69685e-05 0.00846728 0.00106554 6.60632e-08 0.00113043 
0.0198136 0.00678261 0.0142387 0.000480103 0.000202477 0.0168949 6.14292e-10 0.0210507 0.47223 0.358324 1.94068e-06 0.00295031 0.00325846 0.00101327 0.0827589 
0.200064 0.0435223 0.0584629 0.0185694 0.0560494 0.070965 0.0272487 0.228827 0.231907 0.0230673 0.000466842 0.0287084 0.00560425 0.00086383 0.00567396 
0.188815 0.0332653 0.0140408 1.5655e-06 0.191161 0.000390735 0.00146509 0.00282519 0.5632 0.000139071 6.37219e-05 0.000283251 0.00104708 8.00053e-09 0.00330092 
0.00157434 0.0264643 0.00513154 0.00935756 0.00467237 0.00494882 8.0795e-09 0.046418 0.68252 0.216032 9.00154e-06 0.00212869 0.00015464 1.86318e-05 0.000569725 
0.044686 0.00730981 0.16744 0.0118888 0.000180797 0.0040498 0.000488784 0.00175444 0.726504 0.0161053 0.00482051 0.0144448 4.56354e-05 1.08067e-09 0.000281394 
0.0312235 0.0106938 0.0134438 0.0351843 2.33503e-05 0.00107075 3.16144e-07 0.00531145 0.617433 0.282163 4.15839e-05 0.00285319 0.00042148 2.00726e-07 0.000136182 
0.216424 0.00146067 0.17971 3.93814e-06 7.15397e-06 2.64082e-05 2.31286e-05 0.0218712 0.389803 0.18051 6.89873e-05 0.0100417 4.98846e-05 8.75054e-09 4.25219e-07 
0.0689106 0.024195 0.219095 0.0360611 0.00101804 0.013188 9.85451e-05 0.140785 0.349407 0.103086 0.0159595 0.0136232 0.00794093 6.79446e-08 0.00663162 
0.133627 0.00278405 0.0229842 0.00740758 0.000233916 0.021043 1.471e-05 0.0148356 0.591484 0.174902 0.019292 0.00930077 0.00151936 7.45449e-10 0.000572172 
0.0175734 0.0997744 0.048796 0.00129587 3.9492e-05 0.0677607 0.0855247 0.0143951 0.449173 0.00436063 0.00307266 0.0104208 4.37482e-05 6.80219e-06 0.197763 
0.188367 0.0299871 0.0827455 0.0125864 1.66234e-05 0.0279419 2.07001e-05 0.0539029 0.421275 0.15052 2.36884e-05 0.0216524 0.00303057 6.22113e-05 0.00786792 
0.043568 0.00446844 0.420091 0.000807206 9.96676e-05 0.00274098 0.000663399 0.0111922 0.429407 0.079377 3.58246e-05 0.00532302 0.00220035 6.55658e-13 2.60291e-05 
0.0151471 0.0473163 0.269599 0.00307866 0.00023343 0.00167819 0.000557964 0.0914672 0.461869 0.0555689 0.0157626 0.017102 0.0045547 1.04659e-07 0.0160643 
0.258352 0.00731006 0.0796153 7.43876e-05 0.0009392 0.059648 9.55413e-05 0.00150118 0.429059 0.14471 0.000251518 0.0161598 0.00033867 2.9048e-11 0.00194531 
0.0238297 0.00932638 0.0161168 0.00666001 8.24922e-13 0.00953306 2.29605e-05 0.182964 0.398152 0.318899 0.020561 0.00694429 0.0061721 5.715e-08 0.000817743 
0.108235 0.0713927 0.192312 0.0189191 0.00935393 0.0276131 8.50494e-05 0.0678411 0.321213 0.142546 0.000472015 0.0188643 0.00420546 0.00131778 0.0156287 
0.205303 0.195024 0.0336148 0.011637 0.0187298 0.0394973 0.00032223 0.0840756 0.255694 0.0830325 0.00177701 0.0580759 0.0039545 0.000347645 0.00891477 
0.182055 0.129185 0.00505086 0.000210354 0.217252 0.00280524 0.000882364 0.00263853 0.410264 0.0161357 0.00541046 0.00629541 0.00249348 9.93423e-07 0.0193199 
0.0678281 0.296348 0.0253241 0.000337075 0.0232463 0.00112836 2.00384e-05 0.0241961 0.415006 0.130161 0.000441908 0.00876882 0.000929966 2.62789e-06 0.00626133 
0.00685689 0.0259772 0.106803 9.64041e-10 4.00091e-09 9.23974e-07 4.86859e-09 1.41244e-05 0.431506 0.125818 1.61804e-09 0.303024 2.97402e-09 6.48641e-09 2.42657e-07 
0.0096763 0.0430793 0.202305 0.000100767 0.000178784 7.9691e-05 9.0057e-05 0.0633489 0.44772 0.126652 2.99551e-08 0.00379299 0.00021349 4.34282e-10 0.102762 
0.0137973 0.0127329 0.22693 0.00192624 0.000479227 0.00937848 2.94614e-06 0.0628951 0.315342 0.299082 2.14145e-05 0.0331371 0.0199396 2.52952e-06 0.00433301 
0.00260212 0.00300394 0.00019142 8.26868e-05 5.6257e-05 8.24978e-05 0.000359154 0.00300626 0.986072 0.00355797 1.97271e-05 0.000567749 2.16383e-05 0.000178817 0.000197436 
0.134085 0.00030874 0.00023658 2.31607e-05 4.90906e-05 0.29761 2.95209e-09 4.25256e-05 0.387146 0.179442 2.39747e-09 0.000935938 0.000120988 2.18382e-12 7.78334e-09 
0.0134004 0.235835 0.133603 0.00150033 0.0734791 0.00388037 4.28194e-11 0.197683 0.266115 0.0613056 3.18999e-07 0.00316272 0.00982686 7.0064e-07 0.000208369 
0.0166305 0.00173618 0.0553766 0.00241365 3.68164e-07 0.000604147 5.61817e-10 0.00522313 0.844575 0.0531442 1.39967e-05 0.0163279 8.68705e-05 4.11964e-13 0.00386714 
0.0332029 0.00474731 0.000350769 8.43648e-05 0.000176859 0.200181 2.87244e-09 0.00533615 0.43654 0.307983 1.67473e-06 0.00115676 0.000264636 0.00996372 1.00285e-05 
0.0577052 0.0112567 0.302723 0.00771542 8.87224e-05 0.00452204 1.19322e-05 0.0105409 0.379699 0.0595472 0.00273364 0.151131 0.00010467 4.05314e-08 0.0122212 
0.158602 0.0848082 0.221239 0.0296231 0.000813229 0.00709417 0.00412174 0.0673058 0.34772 0.0319453 0.000135518 0.0169044 0.0084212 0.00392906 0.0173371 
0.0575612 0.00921036 0.337517 0.0175786 0.000125301 0.0116113 0.000175475 0.0377025 0.355149 0.0952234 0.0243603 0.0476874 0.00217322 0.0014542 0.00247088 
0.099198 0.0019987 0.130348 0.0133565 0.000273436 0.0463463 1.82672e-06 0.0254743 0.444649 0.148937 4.45824e-05 0.0816457 0.00348824 2.06121e-06 0.00423633 
0.306849 0.0118925 0.0797175 9.46538e-05 0.00411599 0.0023931 0.00188936 0.00987555 0.458702 0.0076163 3.58493e-05 0.0585238 0.000520662 2.72448e-05 0.0577473 
0.10168 0.0231594 0.278742 0.0151636 0.0050017 0.0158803 0.0012031 0.0238926 0.400121 0.0446433 0.00700802 0.0652418 0.00119444 9.42273e-05 0.016974 
0.0209194 0.000710031 0.0206747 3.82114e-05 1.07069e-06 0.00236653 1.4029e-10 9.75404e-08 0.918734 0.0184008 1.4239e-05 0.0178849 0.000254287 1.86907e-10 1.98158e-06 
0.300142 0.0110338 0.00446861 0.00258566 0.000732673 0.00408549 0.000107161 0.021598 0.411877 0.231058 1.50447e-05 0.00979231 3.10021e-05 6.56513e-07 0.0024732 
0.00429901 0.0193801 0.00673455 0.00535391 5.27972e-06 0.0204291 3.48088e-06 0.0531405 0.826024 0.055757 1.97818e-05 0.00202597 0.00104838 2.74264e-10 0.00577923 
0.145666 0.00109637 0.112122 0.00532083 0.000457914 0.0103604 1.16897e-06 0.0241456 0.371024 0.22452 8.44018e-05 0.103507 0.000866526 2.24017e-06 0.000826304 
0.0889435 0.014365 0.0812931 0.0158854 0.000595523 0.00718829 0.000139512 0.05243 0.443816 0.249365 0.00132608 0.0366048 0.00475329 4.6908e-05 0.00324707 
0.127792 0.00209968 0.0674066 0.0228325 0.00722977 0.000480097 2.30547e-08 0.116108 0.430876 0.132782 6.7393e-06 0.00270516 0.0874383 1.01066e-05 0.00223287 
0.0463093 0.00730237 0.000502513 0.000549511 1.66861e-05 0.00344197 0.000197676 0.177526 0.659706 0.0988332 0.000208249 7.57309e-06 0.00197079 3.67939e-07 0.00342851 
0.0768498 0.0121338 0.0208403 0.00423258 0.00112714 0.00608879 2.47629e-06 0.0138368 0.781119 0.0583259 0.000161075 0.0167096 0.000124137 0.00270352 0.00574504 
0.0434511 0.0198826 0.130477 0.00302587 0.000488487 0.0209115 7.9738e-05 0.0580009 0.576615 0.136896 0.000308744 0.00685257 0.00112402 1.17375e-05 0.00187462 
0.0251037 0.227569 0.130512 0.000205733 3.489e-07 1.979e-07 9.00478e-05 0.0139675 0.315804 0.152816 0.0730554 0.00272839 0.000585498 4.04152e-10 0.0575629 
0.0258063 0.169933 0.0453824 0.0366395 0.00531194 0.00161587 1.93354e-05 0.0707213 0.358032 0.0705771 4.74436e-08 0.00563202 0.155771 2.40504e-11 0.0545591 
0.216479 0.00209845 0.0306646 0.0826435 6.84118e-05 0.00412518 0.0626164 0.0260199 0.485472 0.0328156 0.000137878 0.0557901 0.000136313 8.36013e-05 0.000849116 
0.096255 0.203399 0.121785 0.000209084 0.00113095 0.0258922 3.46174e-05 0.087914 0.225947 0.105345 0.0963953 0.0312439 0.00405512 8.59045e-07 0.000392979 
0.0106039 0.0247855 0.0449511 0.0102723 1.1837e-05 0.00289115 1.04214e-05 0.00766415 0.769674 0.127937 3.15682e-05 0.000832274 0.000240882 8.19738e-05 1.129e-05 
0.00260212 0.00300394 0.00019142 8.26868e-05 5.6257e-05 8.24978e-05 0.000359154 0.00300626 0.986072 0.00355797 1.97271e-05 0.000567749 2.16383e-05 0.000178817 0.000197436 
0.0570016 0.00106441 0.00752643 0.0646896 1.57074e-08 0.00312048 8.20416e-08 0.0367856 0.468859 0.356321 9.54153e-06 0.00419456 0.000144098 5.16265e-13 0.000283713 
0.164188 0.0798092 0.176168 0.00714305 0.000607332 0.0182632 0.000139287 0.0562589 0.397659 0.0839707 0.000121231 0.012277 0.000606765 2.51588e-06 0.0027858 
0.228884 0.0660724 0.033643 0.0968196 0.0509586 0.105732 0.000889325 0.0606418 0.264183 0.0556398 0.00208224 0.0317074 0.00172742 1.52937e-08 0.00101876 
0.0203989 0.00599008 0.275825 5.86539e-05 0.00041285 0.000190884 0.000103126 0.00660874 0.66681 0.0144389 9.23989e-07 0.0070008 0.000351604 6.50898e-12 0.00180989 
0.0169076 0.118679 0.034868 0.00625447 0.000141358 0.0249006 6.3898e-05 0.108584 0.475546 0.208236 0.00011028 0.00437541 0.000312694 0.000129421 0.000891212 
0.0116188 0.0658663 0.137188 0.15765 0.0172231 0.015815 6.77187e-10 0.0532661 0.341492 0.155213 0.000737462 0.0380647 0.00135486 8.2409e-06 0.0045032 
0.0615162 0.00331951 0.00542778 0.000108763 2.24816e-05 0.00109208 3.89607e-05 0.0257885 0.790194 0.110925 1.52759e-05 0.000117244 0.00132611 1.89559e-09 0.000107764 
0.296079 0.00955911 0.0240864 5.33211e-05 0.000499276 0.00714348 6.18027e-05 0.000486803 0.610808 0.0102726 4.94647e-05 0.0201479 0.000250349 5.23775e-06 0.020497 
0.0821987 0.0564269 0.0705068 0.00148011 0.000173161 0.00548535 0.000753775 0.22926 0.281326 0.11426 8.35624e-05 0.0712939 5.21564e-05 5.61071e-09 0.0866996 
0.000937581 0.0159878 0.0217026 0.000985101 1.8282e-05 0.00302148 3.12019e-08 0.0156502 0.875801 0.0272376 1.20587e-05 0.0037861 0.0123397 2.39913e-07 0.0225204 
0.0493664 0.0222924 0.18852 0.00330265 5.25638e-05 0.0864463 2.07064e-05 0.011784 0.312612 0.206292 0.000118208 0.118447 0.000462387 3.89452e-09 0.000283386 
0.159162 0.0500818 0.117912 0.0229315 0.00486117 0.076015 3.31106e-05 0.0432023 0.225008 0.105052 0.00466932 0.182921 0.00382534 0.000100783 0.00422372 
0.0186444 0.0175281 0.00296628 0.000125158 0.000210777 3.64031e-07 2.78565e-05 0.0353843 0.549049 0.191183 0.000236532 0.0677663 0.116877 5.0854e-11 1.00008e-06 
0.0515584 0.0441253 0.152146 0.0173347 0.00492167 0.0469759 0.000318919 0.0807369 0.397268 0.0743103 0.0896663 0.02974 0.000737851 0.00513259 0.00502729 
0.268929 0.0595598 0.0108805 0.00870345 4.81007e-05 0.0106179 5.93907e-05 0.0115858 0.600539 0.0198666 0.00040564 0.00328145 0.000140086 0.000285815 0.00509772 
0.0872981 0.0280361 0.0702352 0.0185817 0.00621458 0.00794285 0.0194732 0.0356303 0.462231 0.229517 0.00296412 0.0247919 0.00114692 0.000398286 0.00553822 
0.162568 0.0689417 0.0547807 0.000935333 0.000146319 0.0327295 0.00117077 0.109043 0.405089 0.0739932 0.000313082 0.0219308 0.000625278 0.000817576 0.0669154 
0.0362777 0.0392235 0.189273 0.0605868 0.0122248 0.000187499 0.000149899 0.0806931 0.317353 0.0406507 0.00025722 0.0583047 0.0025952 0.00234695 0.159876 
0.111689 0.000727208 0.0415349 0.00837551 0.000671736 0.0411815 1.40334e-06 0.00570435 0.461236 0.261615 0.0505972 0.0153499 0.00015274 3.53511e-12 0.0011639 
0.00275161 0.0985524 0.0309382 0.0933753 0.0389978 0.0498439 2.58245e-05 0.0622038 0.284145 0.231848 3.43433e-05 0.0621993 0.000762204 3.63599e-05 0.0442858 
0.160806 0.00653692 0.0547738 0.0104535 0.00392149 0.0304261 7.24572e-05 0.0525839 0.318483 0.312478 0.00890198 0.0309793 0.00460699 9.65353e-08 0.00497662 
0.0041075 0.192945 0.260083 0.00358394 0.0661918 0.00124933 4.64748e-06 0.00630117 0.420781 0.0178383 0.0017865 0.00802078 0.0075589 3.71167e-06 0.00954427 
0.116906 0.0336512 0.074096 0.0157273 0.002007 0.0141085 3.22387e-05 0.0638544 0.403023 0.232603 0.00193193 0.0170237 0.00505339 0.000211163 0.0197715 
0.119619 0.0309469 0.0429705 0.164986 0.000472313 0.00566617 0.00102258 0.155713 0.24938 0.215768 0.000417935 0.00966747 0.00297875 9.44432e-07 0.000391915 
0.234727 0.00709932 0.0121432 5.68885e-05 0.000927831 0.286279 2.02771e-05 0.0021386 0.403021 0.0397271 0.000104384 0.0121562 0.000438216 1.24606e-07 0.00116083 
0.0221616 0.0192236 0.369764 0.0123329 0.000862283 0.00228672 0.0223195 0.023795 0.428736 0.0569371 0.0265038 0.0120907 0.00101543 1.03649e-07 0.00197052 
0.0697519 0.0457539 0.0657726 0.00177065 0.000747314 0.0057633 3.38712e-06 0.144121 0.437485 0.116728 1.11224e-05 0.0996927 0.0040038 0.00035288 0.00804308 
0.139027 0.0233969 0.0820029 0.0291377 0.00108677 0.0415104 0.0025635 0.008496 0.547068 0.0701716 0.0277216 0.0271214 0.00018764 1.88322e-12 0.000508877 
0.130154 0.0106928 0.161037 0.0110026 0.000181422 0.0233671 1.21617e-06 0.0213205 0.39075 0.194118 0.000126441 0.0482336 0.00297886 1.47181e-05 0.00602255 
4.26618e-08 0.125124 0.0667429 2.61698e-07 2.93456e-10 1.08909e-10 5.00296e-07 0.035183 0.666768 0.0423265 2.38545e-08 0.0049333 8.50947e-07 4.75761e-10 0.0589206 
0.0588692 0.012647 0.102784 0.0103398 0.000402412 0.0256188 0.00192948 0.00818703 0.520515 0.221656 0.00260363 0.0340659 0.000140751 3.36782e-12 0.000240859 
0.00309126 0.0453355 0.293645 0.000105594 0.0177003 0.00712873 9.23034e-07 0.0186992 0.403906 0.0731463 2.38765e-06 0.0827846 0.0453385 8.87212e-06 0.00910645 
0.00260212 0.00300394 0.00019142 8.26868e-05 5.6257e-05 8.24978e-05 0.000359154 0.00300626 0.986072 0.00355797 1.97271e-05 0.000567749 2.16383e-05 0.000178817 0.000197436 
0.208443 0.211083 0.105847 0.000283901 0.00634543 0.0108727 5.425e-06 0.00652197 0.40857 0.0211344 0.000561707 0.0169655 0.0020245 3.57567e-06 0.00133759 
0.0785801 0.187819 0.0481188 0.00829323 0.00495744 0.0400353 0.00223054 0.0985982 0.308842 0.167181 0.00339444 0.0248014 0.00822788 1.54837e-07 0.01892 
0.0123145 0.0161691 0.392185 0.00817873 0.000551842 0.0186059 0.000451686 0.00821683 0.482491 0.0529016 0.00317916 0.00383815 0.000208422 0.000578731 0.000129168 
0.02902 0.00503441 0.005996 0.00491523 1.03392e-05 0.00341844 6.96096e-06 0.0163262 0.801883 0.12725 9.03544e-06 0.00280098 0.000809633 1.56049e-07 0.00251966 
0.184541 0.0404243 0.207299 0.0119628 0.000112834 0.029151 0.000949304 0.0598063 0.286065 0.148436 0.00166666 0.0174964 0.00742555 0.00260792 0.00205577 
0.056714 0.0113043 0.0675291 0.0185947 0.00241386 0.0163572 7.75264e-06 0.0491728 0.364273 0.360065 9.78571e-05 0.0436289 0.00266304 0.00501871 0.00215984 
7.62756e-07 0.0873018 0.0143999 0.000364387 0.000557786 0.0244852 0.000398299 0.0415615 0.46363 0.0263217 0.000148516 0.337331 0.00144803 2.19264e-11 0.00205138 
0.142211 0.000835167 0.0459589 0.00272978 0.000204748 0.0026132 2.81005e-05 0.00444471 0.736296 0.034928 7.55945e-05 0.0277833 0.00022183 8.15826e-06 0.00166086 
0.283981 0.0463973 0.0656482 0.0194073 0.0110925 0.0189192 0.00139187 0.0473338 0.29592 0.0952803 0.00324604 0.0768313 0.0115316 3.13388e-05 0.0229877 
0.1753 0.00734579 0.0705505 0.00645027 0.000464735 0.0194743 1.99238e-05 0.0539771 0.335421 0.25384 0.00429917 0.0514121 0.00270204 7.15877e-05 0.018671 
0.212895 0.0139562 0.14119 0.00842203 0.00119908 0.0393641 0.00418224 0.0113775 0.509341 0.0466276 0.00209476 0.00686696 0.00206164 5.70172e-12 0.000422067 
0.206069 0.00234017 0.0138105 0.00266372 2.63412e-05 0.00651975 3.40356e-05 0.00990851 0.537505 0.0634955 6.25526e-06 0.150551 0.000134377 2.78255e-08 0.00693496 
0.235557 0.0504499 0.0271672 0.00743785 0.000541397 0.0726495 3.1944e-05 0.0333061 0.299906 0.245703 0.008329 0.0146613 0.000590036 4.17272e-06 0.00366581 
0.0973003 0.00725726 0.257873 0.0193194 0.00859688 0.0291017 0.000291322 0.028822 0.377536 0.0729156 0.0118875 0.0788489 0.00300452 8.803e-06 0.00723733 
0.0634186 0.00581897 0.318135 0.00343195 0.000993467 0.00282222 8.94276e-05 0.00294861 0.542237 0.02611 0.00350523 0.0285545 0.000285613 0.000317906 0.00133224 
0.179237 0.108432 0.184018 0.00150169 0.00183389 0.0126032 0.000105098 0.00936685 0.308024 0.0785248 0.00093606 0.079382 0.00464521 0.000899419 0.0304904 
