0.201982 0.0212684 0.0338777 0.0118364 0.0317677 0.194615 0.000730605 0.0050245 0.355699 0.116683 0.0111811 0.00372421 0.00123665 7.67929e-10 0.0103736 
0.0807593 0.0487046 0.0233148 0.0299893 0.00324043 0.0427598 1.34577e-05 0.125204 0.377441 0.203401 0.0279992 0.0317277 0.000929281 0.00231233 0.00220368 
0.0841065 0.0156619 0.115574 0.00509905 0.000139857 0.014996 5.15828e-05 0.028525 0.421051 0.274976 0.00338288 0.0281207 0.000637334 0.00186502 0.00581389 
0.0220685 0.000502751 0.00773718 0.00954999 0.000185516 0.00478089 3.4837e-07 0.00658546 0.855763 0.0922999 2.2929e-08 0.000386625 0.000134141 5.10965e-06 8.12525e-07 
0.0667465 0.182173 0.199147 0.000898316 0.0247062 0.00998156 0.000753843 0.0451665 0.210673 0.111196 0.019179 0.0197758 0.00220428 0.0138259 0.093573 
0.134085 0.00030874 0.00023658 2.31607e-05 4.90906e-05 0.29761 2.95209e-09 4.25256e-05 0.387146 0.179442 2.39747e-09 0.000935938 0.000120988 2.18382e-12 7.78334e-09 
0.249589 0.00814607 0.0112058 0.00141608 0.000263303 0.0193126 3.47352e-05 0.0125995 0.583141 0.0834358 3.07697e-05 0.0173813 0.00159263 7.8686e-05 0.0117727 
0.0900466 0.0108445 0.114488 0.0421789 5.26383e-08 0.012113 0.000184254 0.0214342 0.419826 0.244333 0.00119025 0.0392285 0.00337488 5.26117e-08 0.000758232 
0.17366 0.258654 0.154879 0.0134476 0.000766553 0.000211301 0.0010729 0.0289269 0.315496 0.0391104 0.000636093 0.00749306 0.00410943 1.26113e-08 0.00153712 
0.00641442 0.138259 0.044671 0.00105399 0.125761 0.0151627 1.1688e-07 0.106627 0.234254 0.219444 0.00094519 0.00122834 0.103585 8.13089e-08 0.00259399 
0.0125873 0.0212767 0.0385161 0.0397704 0.00312843 0.00301228 1.69182e-07 0.0729308 0.658813 0.145972 2.44413e-05 0.00102273 0.00136558 2.41999e-08 0.00158071 
0.203703 0.00154239 0.0238123 0.00163153 0.00162186 1.42278e-05 9.03629e-06 0.144005 0.448442 0.112909 1.16437e-06 0.056533 0.00236625 2.74659e-06 0.00340737 
0.126226 0.0298025 0.038459 0.0442556 1.00155e-11 0.00424043 5.42586e-05 0.147294 0.338517 0.260876 2.00416e-05 0.00559246 0.00189019 1.62375e-11 0.00277125 
0.157055 0.0193664 0.0443468 0.00013373 0.00844535 0.00194585 0.00200922 0.138643 0.537432 0.0566338 5.03236e-05 0.0258844 0.00658224 1.58833e-05 0.00145542 
0.00260212 0.00300394 0.00019142 8.26868e-05 5.6257e-05 8.24978e-05 0.000359154 0.00300626 0.986072 0.00355797 1.97271e-05 0.000567749 2.16383e-05 0.000178817 0.000197436 
0.00781684 0.00020479 0.174309 0.0187449 5.92338e-13 3.34166e-09 4.19307e-05 0.0014021 0.46676 0.272 0.0173391 0.0413474 5.50425e-09 1.53747e-09 3.36089e-05 
2.25573e-08 0.0343941 0.0144422 0.000196053 3.52068e-06 0.004551 9.0673e-06 0.025306 0.717774 0.0769714 0.00134421 0.0391925 0.085791 4.82261e-11 2.44955e-05 
0.102536 0.0186661 0.0205167 0.00131251 0.000625991 0.293272 6.85328e-06 0.0893334 0.348265 0.105814 0.000204471 0.0118065 0.00641214 8.07755e-05 0.00114675 
0.0335308 0.041688 0.144515 0.0483235 0.000590676 0.0407138 5.14577e-06 0.0887558 0.508773 0.0730643 0.0178513 0.00134109 0.00057168 4.44839e-06 0.000271247 
0.0618948 0.232307 0.0283686 0.00520768 0.151096 0.00616488 7.77843e-05 0.0435969 0.350514 0.10237 5.97192e-05 0.0115341 2.25303e-05 1.02747e-06 0.00678613 
0.0309125 0.00449559 0.12044 0.0573501 0.00131823 0.0212335 3.52489e-06 0.0663665 0.346578 0.301281 0.00015525 0.0432204 0.00527894 1.15888e-05 0.00135411 
0.116279 0.0467961 0.106256 0.0113204 0.00796619 0.0154593 0.000503153 0.0746188 0.205326 0.195428 0.00276709 0.183534 0.00697278 0.00630073 0.0204733 
0.0970487 0.0275144 0.0264127 0.0945958 0.00435931 0.0294858 1.32833e-05 0.10543 0.42111 0.183821 0.000234763 0.0066625 0.00201009 2.49546e-05 0.0012761 
0.00261527 0.000998005 0.0315953 0.00164237 5.86337e-11 0.00197773 4.39814e-05 0.0432657 0.654844 0.255095 4.79006e-08 0.00616089 0.00173232 2.8834e-06 2.69201e-05 
0.00656193 0.00188073 0.222456 0.000767038 0.000241016 0.00281477 4.48297e-06 0.0342547 0.649501 0.0745844 1.0111e-05 0.00611533 0.000767973 3.71742e-05 3.28383e-06 
0.165451 0.0387096 0.182105 0.0200467 0.014889 0.0783752 0.000555811 0.0334406 0.343077 0.10176 0.00584476 0.0130188 0.000611317 1.45598e-07 0.00211556 
0.0149713 0.0527851 0.149865 0.00206129 0.000138131 0.00333032 1.91543e-07 0.0166867 0.582607 0.15256 3.56664e-05 0.0167974 0.00411598 0.000934478 0.00311094 
0.255496 0.0774229 0.0533533 0.0236888 0.0012153 0.0916944 0.000101358 0.0331736 0.267446 0.147545 0.00169237 0.0435625 0.00102366 4.4697e-06 0.00258071 
0.0547506 0.291671 0.0492631 0.00715791 6.46596e-06 2.6499e-05 1.74618e-07 0.0611449 0.4023 0.0216497 0.000574616 0.0702628 0.00364972 5.10083e-09 0.0375421 
0.00149134 0.00366575 0.171094 0.00205941 6.25859e-08 3.92703e-08 0.000258335 0.0943512 0.304 0.267575 7.26288e-06 0.153736 3.42924e-08 1.54313e-08 0.00176117 
0.309264 0.084527 0.0637716 0.00570668 1.30611e-05 0.0209783 7.79739e-05 0.0615558 0.314979 0.0972758 0.000234429 0.00763223 0.00330013 2.65356e-07 0.0306841 
0.217677 0.195721 0.0174882 0.0123345 0.000712178 0.0198512 0.000816936 0.00261383 0.410299 0.0145592 0.00713546 0.0816339 0.00169797 9.06712e-11 0.0174598 
0.0691293 0.00254782 0.0718075 0.00810896 0.0068601 0.0961355 2.43288e-06 0.0636659 0.447454 0.114444 0.0786544 0.0303913 0.000681706 1.79259e-08 0.0101176 
0.0606636 0.00340418 0.093986 0.000951368 0.000125891 0.0445854 4.79542e-05 0.000959893 0.635736 0.153137 0.0010104 0.00532012 5.95213e-05 2.5236e-07 1.28177e-05 
0.121958 0.0260403 0.25015 0.0159771 0.0043118 0.0076231 0.0185853 0.100025 0.269905 0.110264 0.00380425 0.0627253 0.00269873 2.44016e-07 0.00593272 
0.0399702 0.0290202 0.278273 0.00471626 0.000525353 0.00175545 0.000183255 0.0126902 0.566547 0.0559249 0.000575571 0.00856132 0.00045262 3.50673e-08 0.00080437 
0.177304 0.178406 0.0393493 0.00355003 0.0570336 0.00963301 0.000843983 0.0424903 0.338976 0.0800518 0.000276815 0.0225406 0.000583017 8.69397e-11 0.048962 
0.000444328 0.00762244 0.41536 0.000527469 0.00023645 0.000812476 1.15549e-11 0.0082582 0.520085 0.0322861 5.81072e-05 0.00893119 0.0044224 1.53946e-11 0.000956167 
0.103912 0.0059375 0.0160534 0.00580848 0.000294134 0.00921329 4.34795e-05 0.0168311 0.646894 0.180879 0.00240117 0.00578973 0.00107117 0.000415578 0.00445555 
0.133643 0.0191249 0.120412 0.013971 0.000577889 0.0251604 8.81158e-05 0.0212732 0.489841 0.106092 0.000223296 0.0618389 0.000791338 0.00234836 0.00461457 
0.0339243 0.0514195 0.161648 0.0640314 0.00203477 0.00927952 0.000409796 0.0336631 0.497847 0.104034 0.019887 0.013758 0.00424863 5.00532e-06 0.00380997 
0.0290997 0.0333658 0.204894 0.000632021 0.00535453 0.00507091 1.70769e-10 0.0593894 0.589144 0.0526282 6.36379e-05 0.0157901 0.00218469 0.00188669 0.000496508 
0.19267 0.0260168 0.0136404 0.000670395 0.000339721 0.197355 4.90078e-09 0.0559256 0.294602 0.206913 8.44648e-06 0.0112364 0.000621469 8.9962e-07 1.30262e-08 
0.136366 0.0210083 0.0618495 0.00923422 0.000279236 0.0544936 0.000200985 0.0281339 0.400817 0.152017 0.000664723 0.119955 0.00600616 3.01609e-05 0.0089438 
0.243186 0.017626 0.00458255 0.0905698 0.0010892 0.0475786 3.23954e-05 0.212809 0.256877 0.101859 3.08074e-05 0.021858 0.000532415 1.81112e-11 0.00137024 
0.0723357 0.09724 0.0182389 0.0119678 0.00769553 0.0326044 0.000137547 0.0480405 0.366054 0.319524 0.0220079 0.00223037 0.0013688 3.10592e-05 0.000523476 
0.0875766 0.0062924 0.00130249 2.38446e-05 0.000122951 7.22019e-05 4.54455e-05 0.000541804 0.851843 0.00078836 0.000134771 0.0390269 0.000731323 2.53264e-09 0.0114977 
0.0837897 0.0182753 0.21657 0.0015011 9.2254e-06 0.0348808 5.8094e-06 0.00438396 0.556308 0.0637636 9.14197e-05 0.0180447 0.000640041 1.51587e-08 0.00173655 
0.240403 0.0167125 0.0189076 0.030678 0.000728615 0.0314265 1.60781e-05 0.0669473 0.288298 0.235291 0.00456619 0.019687 0.0180923 0.004825 0.0234208 
0.208273 0.0130609 0.0281355 0.00147246 0.000116563 0.00118571 0.000665671 0.0246857 0.643144 0.0553666 1.96307e-05 0.0214399 0.00135105 6.85803e-07 0.00108319 
0.182772 0.00131917 0.0345161 0.00413621 6.44674e-05 0.000905518 8.37389e-05 0.0136195 0.722784 0.016714 1.51297e-05 0.0172526 0.000333655 4.91924e-09 0.0054839 
0.0142626 0.00404258 0.00619563 0.0411205 0.00295037 0.0238013 7.16241e-09 0.0641219 0.494811 0.343844 2.31822e-05 0.00257227 0.00147425 1.31526e-08 0.000780017 
0.131956 0.00592779 0.100351 0.00379163 0.000560338 0.00239579 2.88266e-06 0.0170883 0.490625 0.0307981 1.38719e-05 0.187072 0.000703259 4.92036e-11 0.0287143 
0.192954 0.00216204 0.29909 0.00272878 0.00156856 0.00910967 0.000538813 0.04894 0.354197 0.0542088 1.74022e-05 0.0304733 0.00308318 1.1082e-09 0.000929137 
0.0523782 0.0974484 0.0323318 0.0300003 0.000425065 0.0132125 0.00161948 0.209742 0.299655 0.189052 0.000417862 0.0124036 0.0485614 0.00590009 0.0068523 
0.110649 0.0118699 0.166698 0.00968562 0.000233928 0.0585086 0.000149009 0.0283895 0.288707 0.189713 0.00205723 0.125253 0.0023989 3.65011e-05 0.00565155 
0.108807 0.0477735 0.0305477 0.0863094 0.0102515 0.0320096 2.68853e-05 0.121419 0.429685 0.124214 0.00045366 0.00522807 0.000799921 5.84976e-05 0.00241631 
0.18778 0.0663528 0.00438994 0.00295 0.0221156 0.00381258 0.00316833 0.052187 0.593528 0.0420687 6.86599e-05 0.005392 0.000395205 0.00129964 0.0144914 
0.0189978 0.0351383 0.00645051 0.00411657 1.70003e-05 0.00218099 1.29067e-08 0.0229284 0.679012 0.217359 4.74979e-06 0.0133656 0.000120021 6.91496e-07 0.000308932 
0.120745 0.0223632 0.0855294 0.0385345 5.201e-05 0.0490496 2.51677e-05 0.0260625 0.339757 0.2992 0.000166355 0.00382212 0.00031854 5.59679e-07 0.014374 
0.190952 0.0359908 0.162971 0.0112973 0.000764944 0.0795706 0.000309197 0.0777054 0.23699 0.159993 0.00281549 0.0382124 0.000642832 0.000218296 0.00156759 
0.0230722 0.00244255 0.0192829 0.00572516 0.000142788 0.011422 4.98267e-07 0.0141417 0.514942 0.405511 3.00055e-06 0.00305707 0.000253116 2.05935e-09 3.87297e-06 
0.0379077 0.000435844 0.0191363 0.00321601 7.3345e-13 0.0116476 3.02697e-07 0.0117906 0.664629 0.222713 4.25463e-06 0.0262289 0.00108511 1.1891e-12 0.00120504 
0.0635343 0.00834408 0.00349686 0.000532089 1.08289e-12 0.000848886 7.13409e-06 0.00092537 0.741962 0.170854 3.81052e-09 0.00916798 0.00016727 1.75561e-12 0.000159525 
0.0096763 0.0430793 0.202305 0.000100767 0.000178784 7.9691e-05 9.0057e-05 0.0633489 0.44772 0.126652 2.99551e-08 0.00379299 0.00021349 4.34282e-10 0.102762 
0.0615162 0.00331951 0.00542778 0.000108763 2.24816e-05 0.00109208 3.89607e-05 0.0257885 0.790194 0.110925 1.52759e-05 0.000117244 0.00132611 1.89559e-09 0.000107764 
0.00950364 0.0132893 0.247648 0.0032867 4.97146e-05 0.000108813 4.54604e-05 0.00807374 0.646592 0.0604318 4.14356e-05 0.00540953 0.00103239 4.13821e-12 0.00448789 
0.0701542 0.0130136 0.326307 0.000546877 0.00673834 0.00670338 0.000102722 0.0114091 0.41813 0.0317095 2.5174e-05 0.100271 0.00613834 0.000333438 0.00841697 
0.0775259 0.0196474 0.202071 0.0157234 0.000637971 0.0116922 0.000416722 0.0258119 0.398913 0.167902 0.00093077 0.0676624 0.00408819 0.00173243 0.00524509 
0.00674907 0.00530677 0.0510968 1.12696e-05 6.52515e-07 1.80934e-07 2.14758e-07 0.0039155 0.517819 0.0838384 2.61042e-08 0.330231 0.000115387 2.64529e-07 0.000914977 
0.0096763 0.0430793 0.202305 0.000100767 0.000178784 7.9691e-05 9.0057e-05 0.0633489 0.44772 0.126652 2.99551e-08 0.00379299 0.00021349 4.34282e-10 0.102762 
0.0707708 0.0356179 0.23322 0.0120341 0.00374603 0.0138104 0.000153419 0.0360772 0.273845 0.134055 0.00361788 0.167008 0.00349167 0.000623939 0.0119284 
0.140947 0.0801354 0.212246 0.0271309 0.000194501 0.0104662 8.34125e-05 0.145174 0.224201 0.138198 0.00183831 0.0174028 0.00030498 3.07998e-05 0.00164617 
0.00151525 0.00219933 0.000819546 2.91222e-08 0.00107578 0.00107656 1.47073e-07 0.000406884 0.985783 0.00308231 0.000263993 0.00135952 0.00031453 1.95944e-07 0.00210333 
0.0175734 0.0997744 0.048796 0.00129587 3.9492e-05 0.0677607 0.0855247 0.0143951 0.449173 0.00436063 0.00307266 0.0104208 4.37482e-05 6.80219e-06 0.197763 
0.00452489 0.112879 0.00941381 0.00217277 1.94163e-08 0.0300884 2.36272e-08 0.00871052 0.459846 0.319465 5.97574e-06 0.000466962 0.00267518 0.0497465 5.29253e-06 
0.0781877 0.0223916 0.176165 0.0229372 0.00240055 0.0180369 0.000164389 0.0479788 0.301205 0.285367 0.000163322 0.029653 0.00482471 7.54572e-05 0.0104494 
0.0554776 0.0366387 0.120224 0.00420391 0.000453096 0.276296 0.000163527 0.00133371 0.441722 0.0284076 0.0172234 0.0178346 1.422e-05 2.4136e-09 6.37028e-06 
0.0511848 0.000112748 0.0278219 0.00183671 0.00157043 0.0525852 3.04642e-07 0.106256 0.459906 0.291426 2.56803e-05 0.00621015 0.0010299 3.2772e-11 3.38522e-05 
0.00287505 0.176701 1.06362e-06 3.28306e-07 5.32207e-07 0.00904954 0.000782749 0.187054 0.475701 0.144868 4.56093e-07 1.1964e-10 3.36017e-10 7.32862e-10 0.00296579 
0.398246 0.00481728 8.98881e-09 5.0308e-05 1.42471e-08 0.00075588 1.38712e-05 0.000727855 0.545797 0.0217378 3.4915e-09 0.00173952 5.99517e-05 7.64807e-13 0.026054 
0.0331909 0.00102842 0.247982 1.62945e-05 3.44709e-08 0.000996947 1.17185e-10 0.000713342 0.664307 0.022043 1.03721e-05 0.0267229 2.26424e-08 1.56125e-10 0.0029881 
0.0270091 0.0313146 0.000425949 0.000844594 0.000485507 0.152857 3.27384e-07 0.0387801 0.626814 0.116505 2.63505e-06 0.00262223 0.00175181 2.90132e-05 0.00055735 
0.0722158 0.00452901 0.00679442 0.0279311 3.18785e-06 0.0143474 4.74608e-07 0.0348825 0.500634 0.33107 8.26931e-06 0.00437733 0.000574132 9.75462e-11 0.00263165 
0.0379077 0.000435844 0.0191363 0.00321601 7.3345e-13 0.0116476 3.02697e-07 0.0117906 0.664629 0.222713 4.25463e-06 0.0262289 0.00108511 1.1891e-12 0.00120504 
0.200394 0.0649456 0.116528 0.0163498 0.0110969 0.00880268 0.00250965 0.050911 0.44432 0.0344909 0.0197559 0.0102365 0.00214734 0.0042318 0.0132796 
0.0290609 0.0107581 0.17013 0.000676904 0.000220155 0.00287883 0.000118415 0.0025592 0.68909 0.0744078 6.83837e-05 0.00242341 0.00140477 6.52808e-06 0.0161964 
0.0408388 0.00213162 0.0179417 0.038298 2.02819e-13 0.00565773 8.64064e-10 0.00532821 0.700617 0.186198 1.03832e-05 0.00275469 0.000196188 3.28817e-13 2.84658e-05 
0.104725 0.0480726 0.048279 0.0504676 0.000802769 0.0352661 0.000387618 0.068622 0.468314 0.135864 0.025298 0.0113483 0.00081818 0.000712547 0.00102245 
0.0537266 0.0113416 0.210867 0.0073641 0.00105265 0.0220274 0.000555739 0.0253476 0.360812 0.258641 0.00243995 0.0380491 0.00336761 0.000646055 0.00376166 
0.26263 0.00866851 0.0235466 0.0308832 0.000771716 0.00466506 1.4872e-06 0.180644 0.346245 0.104369 0.000128035 0.0283936 0.00584591 0.000475826 0.00273092 
0.00674907 0.00530677 0.0510968 1.12696e-05 6.52515e-07 1.80934e-07 2.14758e-07 0.0039155 0.517819 0.0838384 2.61042e-08 0.330231 0.000115387 2.64529e-07 0.000914977 
5.99787e-06 1.50512e-05 0.121083 4.19591e-06 6.0884e-10 1.85631e-06 2.88854e-06 4.31227e-06 0.753934 0.118459 1.98988e-07 0.0064885 1.03653e-06 9.87073e-10 2.18383e-07 
0.0501481 0.000125976 2.20545e-05 0.00127331 4.13571e-10 0.0133042 3.66135e-10 0.00592454 0.504999 0.423317 1.51928e-09 0.00035655 0.000484045 6.08989e-13 4.53655e-05 
0.00452489 0.112879 0.00941381 0.00217277 1.94163e-08 0.0300884 2.36272e-08 0.00871052 0.459846 0.319465 5.97574e-06 0.000466962 0.00267518 0.0497465 5.29253e-06 
0.117942 0.0278019 0.162367 0.00439512 0.00607229 0.0142888 0.00422097 0.031134 0.418979 0.176632 0.00115627 0.0201597 0.00126622 0.000177153 0.0134086 
0.265971 0.0077933 0.0428512 0.00621291 5.84013e-05 0.0846273 6.76385e-05 0.0569847 0.317852 0.144253 7.766e-05 0.0625933 0.00230945 6.15999e-07 0.00834805 
0.144712 0.0291531 0.0454606 0.00151273 0.000751736 0.00546337 0.000267357 0.0962053 0.315797 0.199355 9.87709e-06 0.037936 0.00424768 0.0775284 0.0415998 
0.0469192 0.0796467 0.00749208 5.00803e-06 0.000241002 0.00394984 1.29118e-05 0.00645648 0.780813 0.0708134 4.11675e-06 0.00351359 2.8877e-07 3.13115e-10 0.000132713 
0.148449 0.0136739 0.133148 0.0102566 0.000143964 0.00875032 0.00012846 0.119922 0.338478 0.212475 1.91793e-05 0.00765463 0.00668807 1.55472e-12 0.000214025 
0.0181851 0.0945091 0.162858 0.00737817 1.02696e-07 0.0019851 5.98052e-05 0.0164053 0.355741 0.0852188 0.229337 0.00950278 0.000793744 4.23762e-08 0.0180258 
0.0825786 0.0252069 0.275903 0.00671385 0.000465341 0.0878952 0.00236587 0.0130533 0.38743 0.0713684 0.0306051 0.0141225 0.000827942 4.78934e-07 0.00146374 
0.00260212 0.00300394 0.00019142 8.26868e-05 5.6257e-05 8.24978e-05 0.000359154 0.00300626 0.986072 0.00355797 1.97271e-05 0.000567749 2.16383e-05 0.000178817 0.000197436 
0.115265 0.169726 0.0216367 0.00917918 0.000721741 0.0268127 6.4492e-05 0.103187 0.341777 0.126908 0.0111731 0.0240757 0.00941276 0.000897283 0.0391635 
0.0422957 0.00967064 0.0557175 0.013581 0.000379929 0.0399327 1.7937e-05 0.0413246 0.476862 0.243827 0.00219469 0.0682347 0.00273095 0.00214019 0.00109035 
0.130154 0.0106928 0.161037 0.0110026 0.000181422 0.0233671 1.21617e-06 0.0213205 0.39075 0.194118 0.000126441 0.0482336 0.00297886 1.47181e-05 0.00602255 
0.0590997 0.0114302 0.0508572 3.05268e-05 0.0178827 0.0046217 2.24633e-05 0.00191473 0.807069 0.0266365 0.000228148 0.0142006 1.20829e-05 4.53513e-10 0.00599501 
2.25573e-08 0.0343941 0.0144422 0.000196053 3.52068e-06 0.004551 9.0673e-06 0.025306 0.717774 0.0769714 0.00134421 0.0391925 0.085791 4.82261e-11 2.44955e-05 
0.0171567 0.0418369 0.25667 0.00299986 0.0495046 0.0194636 1.20812e-05 0.0768254 0.306162 0.158279 9.81187e-05 0.0330618 0.0295081 2.06995e-08 0.00842185 
0.0907539 0.00623662 0.000347398 0.000184841 1.83216e-06 0.000802259 0.000163245 0.0408387 0.810197 0.0498699 2.53192e-05 0.000201687 0.000207837 1.89242e-05 0.000150703 
0.209962 0.0186303 0.00895947 0.0142415 9.55387e-08 0.160386 8.04131e-05 0.00738312 0.372533 0.140024 0.000129593 0.0663832 0.00010251 8.71529e-06 0.00117569 
0.0122832 0.144224 0.0455957 0.000846254 0.0374064 0.141444 3.75892e-05 0.120703 0.387365 0.0878338 0.000993291 0.00741127 0.0125727 0.000227244 0.00105653 
0.167372 0.0840429 0.0491536 0.000344789 0.0116895 0.004633 2.52539e-05 0.0105555 0.396887 0.255833 0.000249104 0.0156915 0.000845321 1.03185e-06 0.0026769 
0.0041075 0.192945 0.260083 0.00358394 0.0661918 0.00124933 4.64748e-06 0.00630117 0.420781 0.0178383 0.0017865 0.00802078 0.0075589 3.71167e-06 0.00954427 
0.00188702 1.3773e-06 0.221582 0.000153321 2.46116e-06 0.00112274 5.77746e-07 0.0117236 0.48553 0.232514 9.84071e-08 0.0446463 0.00054818 9.97575e-07 0.000287817 
0.209962 0.0186303 0.00895947 0.0142415 9.55387e-08 0.160386 8.04131e-05 0.00738312 0.372533 0.140024 0.000129593 0.0663832 0.00010251 8.71529e-06 0.00117569 
0.0699649 0.0013294 0.1083 0.018164 3.28959e-05 0.0675279 1.59094e-05 0.00863249 0.616163 0.0570636 0.000350012 0.0468594 0.00100841 4.77323e-06 0.00458309 
0.014667 0.0599838 0.0661224 0.00970348 0.000510193 0.0926579 2.36486e-05 0.0378196 0.485961 0.0967199 5.18117e-05 0.0827052 0.00642397 3.63954e-07 0.0466497 
3.62398e-08 0.029371 0.00962913 0.000130853 2.55232e-06 0.00743121 6.09778e-06 0.0225964 0.730847 0.0679277 0.000896605 0.0261306 0.105015 2.46561e-10 1.64313e-05 
0.0332029 0.00474731 0.000350769 8.43648e-05 0.000176859 0.200181 2.87244e-09 0.00533615 0.43654 0.307983 1.67473e-06 0.00115676 0.000264636 0.00996372 1.00285e-05 
0.105984 0.0164717 0.2298 0.0239532 9.65814e-08 0.00549145 0.00101931 0.0775633 0.365589 0.150539 1.52681e-05 0.0207301 0.00107686 2.52898e-08 0.00176702 
0.0373078 0.00383919 0.123983 0.0138656 4.51356e-07 4.51587e-07 0.000406599 0.294138 0.364414 0.116624 4.51575e-07 0.00555545 0.035304 4.51128e-07 0.00456026 
0.207717 0.00381224 0.0959544 0.000666632 0.000913311 0.022706 0.0016302 0.0232099 0.302907 0.23263 0.0134975 0.0834463 0.00203344 1.37802e-07 0.00887642 
0.0180171 0.00500622 0.324984 3.69883e-09 1.27502e-06 6.22714e-07 6.20589e-11 6.45235e-08 0.631381 0.0120498 6.39576e-08 0.00855983 3.79091e-11 8.26808e-11 1.49133e-07 
0.121107 0.068044 0.230174 0.00532349 0.000275726 0.11696 0.143439 0.0112331 0.262165 0.00254717 0.0198341 0.00444737 0.000244627 2.75981e-05 0.0141777 
0.199206 0.000478559 0.0257135 0.00108611 0.000471379 0.160586 4.49038e-06 0.0178258 0.331034 0.122306 1.52523e-05 0.128401 0.000149591 5.52123e-06 0.0127177 
0.0437149 0.0173988 0.194834 0.0107162 0.0012549 0.0408779 0.000813802 0.0410715 0.52532 0.0885149 0.00563736 0.0155755 0.00889814 3.36955e-06 0.00536962 
0.130154 0.0106928 0.161037 0.0110026 0.000181422 0.0233671 1.21617e-06 0.0213205 0.39075 0.194118 0.000126441 0.0482336 0.00297886 1.47181e-05 0.00602255 
0.216699 0.00651218 0.0605845 0.000801641 2.55832e-06 0.00535835 1.41936e-05 0.0404593 0.473043 0.141063 4.49384e-06 0.0375085 0.000105324 1.61151e-07 0.0178439 
0.275672 2.60286e-05 0.15588 0.000160836 7.51858e-07 0.00445888 3.15862e-05 0.00879336 0.351901 0.00206433 3.72617e-08 0.103803 8.51809e-05 1.96981e-07 0.0971222 
0.0202891 0.311882 0.0820292 0.0237396 0.000595648 0.000941758 0.000185659 0.110049 0.384445 0.0293743 0.00439678 0.00708035 0.00188975 0.00202714 0.0210749 
0.055031 0.0128909 0.0176259 0.00165911 0.000637792 0.0238514 4.51735e-06 0.0157427 0.727783 0.132601 0.000104523 0.00340007 0.00715139 8.95166e-06 0.00150765 
0.00577388 0.184983 0.0106532 0.00414393 0.0705754 5.23564e-05 0.209198 0.087856 0.212481 0.0525942 0.000162516 0.00214409 0.0140841 0.135382 0.00991635 
0.0207229 0.000844403 0.288358 0.00874562 1.29083e-06 0.00456644 1.04648e-06 0.00971037 0.56033 0.0881453 8.61082e-06 0.0183111 0.000234425 1.69985e-10 2.00861e-05 
0.0781449 0.00770547 0.00030518 9.61502e-05 0.00106918 0.0441249 2.85951e-06 0.0190191 0.79237 0.0466925 3.00409e-05 0.000266516 0.00858643 5.21053e-12 0.00158647 
0.287869 0.00249815 0.0542604 0.0160119 0.000101241 0.0279063 2.44199e-06 0.00587965 0.439204 0.101258 1.0431e-05 0.0631492 0.000583354 1.56616e-07 0.00126559 
0.0697436 0.000554689 0.0518059 0.00118763 0.00148555 0.00406012 4.5028e-05 0.0302605 0.486071 0.333499 2.09628e-07 0.0199468 0.000300872 3.07565e-07 0.0010383 
0.00095238 0.0183532 0.0514601 0.00704692 8.81187e-05 0.00314787 1.46606e-05 0.0585309 0.642847 0.186168 0.0243904 0.00394603 0.00297184 7.7203e-08 8.28375e-05 
0.0494787 0.0344258 0.227293 0.0205645 0.002375 0.0166179 4.55774e-05 0.0577853 0.300017 0.256779 0.00259324 0.0264577 0.00129201 1.41222e-05 0.00426146 
0.000191179 0.0213316 0.00287509 2.92996e-06 0.000134738 0.000115735 0.000183024 0.403039 0.536617 0.0353051 3.16237e-05 2.24739e-08 2.03145e-06 1.37666e-07 0.000170272 
0.173326 0.0452132 0.195878 0.00973904 0.00364504 0.120711 9.5574e-05 0.0304239 0.354787 0.0532387 0.00133074 0.000610718 0.00851016 7.7213e-09 0.00249159 
2.62171e-06 0.0936507 0.0227517 2.70277e-06 0.00613537 0.0632293 8.06702e-11 0.000819781 0.557671 0.245489 6.2146e-05 0.00901532 0.00110143 6.75706e-05 9.78336e-07 
0.0970978 0.0665733 0.0712251 0.0326834 0.000968809 0.0931734 7.77791e-05 0.0543155 0.257028 0.181991 0.105156 0.0376714 0.000932946 6.5279e-10 0.00110603 
0.146843 0.0548868 0.26301 0.00534616 0.00120672 0.0771311 0.000115666 0.051385 0.289052 0.0458777 0.00410882 0.0534738 0.00141322 6.08667e-06 0.00614319 
0.101487 0.000105367 0.00120453 0.00422983 3.85726e-05 3.4375e-05 8.23456e-06 0.00340154 0.555059 0.325511 9.1595e-07 0.00886555 5.40567e-05 3.73167e-09 2.80071e-09 
0.135974 0.035033 0.184595 0.0110357 0.00224269 0.0361695 0.000725965 0.0241181 0.445523 0.0984838 0.00738025 0.0137999 0.000654256 1.55485e-08 0.00426501 
0.091686 0.130697 0.0245224 0.0542775 0.0041487 0.304179 1.87091e-07 0.0119423 0.307025 0.0289406 0.00394434 0.000396641 0.00056806 0.0319034 0.00576896 
5.99787e-06 1.50512e-05 0.121083 4.19591e-06 6.0884e-10 1.85631e-06 2.88854e-06 4.31227e-06 0.753934 0.118459 1.98988e-07 0.0064885 1.03653e-06 9.87073e-10 2.18383e-07 
0.0212845 0.0406551 0.148103 0.0136511 1.46679e-06 1.46755e-06 1.46653e-06 0.209172 0.254965 0.202125 1.46751e-06 1.46767e-06 0.110034 1.46606e-06 1.46716e-06 
0.140361 0.0399151 0.0464836 0.0180337 0.00547384 0.198005 8.28012e-05 0.0346062 0.258334 0.167626 0.0481068 0.0401154 0.00089951 7.90939e-08 0.0019564 
0.031366 0.101306 0.269904 0.00091483 1.09501e-08 0.00418745 7.60235e-05 0.0182125 0.476602 0.0615828 0.00465021 0.0310527 2.76512e-05 3.45539e-12 0.000117961 
0.081131 0.234122 0.0959814 0.0037653 0.00141108 0.00147836 0.000345055 0.0166438 0.538279 0.00820578 0.000347238 0.0102187 0.00131434 4.65704e-08 0.00675704 
0.0315367 0.249316 0.0519438 0.0850426 0.0108611 0.00482599 2.93135e-05 0.0928734 0.288968 0.092764 1.79504e-05 0.0424015 0.000695333 0.000392234 0.0483322 
0.0311819 0.00369985 0.378892 0.00909742 6.55032e-09 0.00742526 7.8139e-05 0.0145954 0.445374 0.0779719 0.01016 0.0183656 0.00021608 1.82404e-07 0.00294163 
0.0669592 0.185406 0.274401 0.0409711 0.000126904 0.0101939 2.25802e-05 0.0343223 0.30135 0.0532401 0.00082177 0.0115017 0.00275989 2.80347e-08 0.0179239 
0.000444328 0.00762244 0.41536 0.000527469 0.00023645 0.000812476 1.15549e-11 0.0082582 0.520085 0.0322861 5.81072e-05 0.00893119 0.0044224 1.53946e-11 0.000956167 
0.000351092 0.0346919 0.00147526 0.000617219 1.72769e-05 0.000410177 0.00123858 0.01043 0.878382 0.0709123 2.27828e-05 0.00104665 2.77516e-06 2.79062e-05 0.000374363 
0.0113607 0.00996998 0.0275633 5.50875e-05 3.48535e-05 0.00313134 1.6351e-06 0.0146009 0.598642 0.315278 3.25999e-06 0.0179883 1.16117e-05 0.000146156 0.00121317 
0.0427589 0.000483538 0.0176598 0.00424384 7.29224e-08 0.00262398 1.93413e-07 0.0302683 0.53892 0.273714 5.55092e-07 0.012301 0.00032604 2.89118e-06 0.076696 
0.189084 0.0318457 0.109079 0.0135105 0.00328896 0.0493361 0.000226052 0.072883 0.435196 0.0567294 0.00441946 0.02685 0.00259918 5.06537e-05 0.00490199 
0.157135 0.0214144 0.104947 0.0473988 0.004286 0.0218225 0.00334092 0.0882331 0.324145 0.113436 0.00113619 0.108078 0.00298431 5.16398e-06 0.0016378 
0.0956956 0.0664671 0.309845 0.00123666 0.000375642 0.0125751 0.000627869 0.0295446 0.456935 0.00948269 4.12234e-05 0.00629749 0.000837923 2.22472e-06 0.0100359 
0.208181 0.0696583 0.0984007 0.00264139 0.00110797 0.000421332 4.28548e-05 0.0255537 0.269756 0.146215 0.0412754 0.105585 9.09054e-06 1.09703e-05 0.031141 
0.234409 0.0380181 0.03723 0.013528 0.000384178 0.000683349 0.000242261 0.146604 0.369336 0.108852 1.3169e-05 0.0118436 0.00173877 1.48445e-07 0.0371165 
0.0594737 0.117488 0.181314 0.0232986 0.00457576 0.00677065 4.07941e-05 0.113349 0.260187 0.13456 8.68792e-05 0.0758444 0.0092855 1.30757e-06 0.0137254 
0.127264 0.0352109 0.139415 0.0177556 0.00151718 0.0183865 0.000106895 0.0322554 0.41714 0.147503 0.00546228 0.0476103 0.00217151 0.000127401 0.00807558 
0.0901475 0.203152 0.00186632 0.0124874 7.02886e-06 0.0495399 3.58284e-05 0.0238501 0.44567 0.154444 0.000106084 0.0124554 0.000412776 6.09986e-06 0.00581983 
0.0661738 0.00287267 0.0513807 1.31201e-05 9.87394e-07 0.246682 3.03647e-09 0.00124684 0.393154 0.20838 0.000325815 0.0297525 8.53121e-07 4.04548e-09 1.68234e-05 
0.192954 0.00216204 0.29909 0.00272878 0.00156856 0.00910967 0.000538813 0.04894 0.354197 0.0542088 1.74022e-05 0.0304733 0.00308318 1.1082e-09 0.000929137 
0.103867 0.0297618 0.221945 0.000212459 0.00031474 0.0260864 0.000567775 0.0213358 0.286207 0.058249 0.0488658 0.19858 0.00332421 1.79287e-06 0.000681398 
0.164416 0.017842 0.091702 0.00464165 0.013064 0.0165229 0.000572525 0.0323661 0.586781 0.0501448 0.00409827 0.0119411 0.00256847 7.65006e-08 0.00333956 
0.175277 0.0255556 0.0205174 0.0142133 0.000771286 0.0290347 9.1712e-05 0.0559543 0.341044 0.285236 0.00500026 0.013481 0.0172287 0.00129571 0.0153002 
0.0107764 0.0278192 0.179091 0.00502486 0.000608893 1.98522e-05 1.22036e-05 0.107929 0.308814 0.274665 2.28577e-08 0.0647648 0.0147472 3.50412e-08 0.00572852 
0.013049 0.020822 0.273176 0.0109237 0.000373023 0.0126786 0.000139719 0.0512165 0.442733 0.103142 3.14018e-05 0.0491058 0.00890285 0.0103026 0.00340289 
0.134847 0.0238176 0.00677015 0.00509661 0.000188951 0.00259269 9.15954e-05 0.0144982 0.718817 0.0107657 2.23842e-05 0.00347322 4.20827e-05 4.56384e-09 0.0789766 
0.0684352 0.26928 0.039136 0.0530084 0.000521277 0.000373167 4.3857e-05 0.081736 0.395947 0.0742912 0.000117247 0.00243326 0.000430176 1.75241e-09 0.0142475 
0.00965411 0.0235526 0.326009 0.0013119 0.000634652 0.000968152 8.14258e-07 0.00145985 0.619851 0.0131321 3.10258e-05 0.00285339 0.000130698 9.67663e-11 0.000411092 
0.134085 0.00030874 0.00023658 2.31607e-05 4.90906e-05 0.29761 2.95209e-09 4.25256e-05 0.387146 0.179442 2.39747e-09 0.000935938 0.000120988 2.18382e-12 7.78334e-09 
0.200522 0.00465296 0.151182 0.0183636 0.000923617 0.121868 2.28864e-11 0.0284479 0.307187 0.108465 8.98214e-05 0.0523095 0.00409598 3.05085e-08 0.00189156 
0.162546 0.0138087 0.0105667 8.76681e-05 0.00153984 0.0064291 0.000120848 0.00914643 0.573412 0.217525 4.31674e-05 0.00326082 0.00131019 5.01116e-09 0.000203781 
0.00120544 0.0111332 0.0221666 0.00131056 1.32856e-08 0.00254919 2.04463e-09 0.0450314 0.498294 0.408955 1.07064e-09 0.00348506 0.00586916 1.17925e-07 2.16135e-08 
0.0649684 0.0613342 0.0554581 0.0161886 0.000505469 0.00807392 0.000188871 0.0337094 0.549817 0.165619 0.0215386 0.00866596 0.00417515 0.000335037 0.00942241 
0.0447465 0.0118266 0.0266632 0.0191175 0.000256335 0.00452455 6.49761e-05 0.0399989 0.70467 0.1374 0.00132085 0.00699004 0.00111817 4.12152e-05 0.00126075 
0.148583 0.0162074 0.0456576 0.0353006 0.00260161 0.185126 0.000107995 0.0462461 0.325759 0.185811 0.00108788 0.00413371 0.000457344 3.19585e-08 0.00292088 
0.135935 0.00808949 0.0114781 0.00221466 2.1856e-08 0.0075329 2.84081e-06 0.00494531 0.643631 0.096158 1.37417e-05 0.00918804 0.000148324 6.52382e-09 0.0806628 
0.129755 0.162806 0.0233443 0.0326387 0.0047352 0.0358306 0.000711824 0.0633882 0.403568 0.0383424 0.00041836 0.00929148 0.00054228 7.72623e-05 0.0945507 
0.096467 0.00805437 0.0427974 0.0506467 0.000790897 0.0255668 1.47352e-06 0.0852054 0.339912 0.19937 0.00724511 0.141521 0.00145158 2.01117e-05 0.000949932 
0.00811249 0.144866 0.00783321 0.0603815 0.000399488 0.00364795 0.000270017 0.0976663 0.622304 0.0466865 0.000165258 0.00326266 0.000484354 3.60457e-06 0.00391725 
0.122894 0.236274 0.101124 0.0393139 0.000136909 0.18503 2.53051e-08 0.0148825 0.239934 0.0455877 0.000593712 0.00133162 0.00162283 3.81964e-10 0.0112751 
0.0133881 0.00223085 0.102108 0.00479375 6.85634e-05 0.0343853 1.5778e-05 0.019507 0.59944 0.208986 3.7363e-06 0.0121036 0.00250181 0.00043908 2.84396e-05 
0.165746 0.194745 0.00504014 0.000867049 0.000558163 0.026623 0.00014749 0.0204954 0.350686 0.109763 0.000127018 0.0148579 0.00165811 5.91113e-08 0.108686 
0.0288381 0.0636173 0.00640805 0.0408276 0.000444058 0.000970981 3.72343e-05 0.0209424 0.819224 0.010082 0.000117756 0.00111742 0.000629412 1.71928e-06 0.00674253 
0.0683175 0.00429436 0.00328184 0.000631912 0.00101218 0.00307507 0.000158522 0.0294692 0.810714 0.0494326 1.186e-06 0.0186825 0.0010203 0.000364012 0.00954484 
0.031366 0.101306 0.269904 0.00091483 1.09501e-08 0.00418745 7.60235e-05 0.0182125 0.476602 0.0615828 0.00465021 0.0310527 2.76512e-05 3.45539e-12 0.000117961 
0.000444328 0.00762244 0.41536 0.000527469 0.00023645 0.000812476 1.15549e-11 0.0082582 0.520085 0.0322861 5.81072e-05 0.00893119 0.0044224 1.53946e-11 0.000956167 
0.104862 0.045611 0.242865 0.0037244 0.00186274 0.00693495 0.000819702 0.0150833 0.252052 0.20268 0.0411188 0.0785165 0.00158935 4.48544e-08 0.00228054 
0.012069 0.0725096 0.00576326 0.0291362 1.08645e-06 1.08701e-06 0.0281352 0.0721944 0.693542 0.0591468 1.08698e-06 0.0171774 0.000218424 0.00553922 0.00456532 
0.207958 0.0788391 0.010452 6.86957e-05 0.00328871 0.066465 4.59822e-05 0.00425158 0.572345 0.0299173 0.00034064 0.00376333 0.00221992 0.00531916 0.0147249 
0.0176119 0.000597134 0.0253005 0.000833401 0.000139478 0.0420023 3.30153e-07 0.0130584 0.493871 0.345113 3.83892e-05 0.0573143 0.00269852 0.000533443 0.000887505 
0.0625788 0.0250145 0.16835 0.0478603 0.00083086 0.0326846 1.23103e-06 0.0954672 0.338182 0.167424 0.000197044 0.0476775 0.00693995 5.91849e-06 0.00678668 
0.0501695 0.00140323 1.62497e-07 1.76087e-08 0.000893541 9.85637e-08 5.03963e-08 0.000238358 0.91125 0.0219903 8.95693e-06 1.47703e-08 2.9715e-08 1.06817e-06 0.0140451 
0.0495266 0.0459342 0.145055 0.0210861 0.00460801 0.0134027 0.000226395 0.0475847 0.480439 0.174126 0.00169713 0.0140056 0.00112501 0.000290291 0.000893459 
0.0523766 0.00464842 0.000829511 0.249026 4.71916e-10 0.0810606 5.57859e-10 0.0902622 0.319332 0.201523 4.39706e-06 7.20244e-05 0.000767672 2.18534e-13 9.85285e-05 
0.1301 0.0165516 0.119717 0.0201495 0.00504691 0.0284329 7.18983e-05 0.030687 0.40772 0.159042 9.2224e-05 0.0709715 0.00118067 3.07066e-09 0.0102362 
0.108827 0.0204178 0.0647101 0.00386403 0.0117789 0.0404566 3.81897e-05 0.0851599 0.347646 0.281224 0.000181501 0.0232313 0.00469375 0.000826826 0.00694305 
0.185556 0.0741747 0.0799596 0.0119963 0.00996498 0.00713838 0.000503027 0.0188584 0.484716 0.0651604 0.0140162 0.0233613 0.00245814 1.73435e-06 0.0221344 
0.0394834 0.0164954 0.31152 0.000306633 3.99369e-05 2.18161e-07 0.000193726 0.0115952 0.56143 0.0543852 7.11255e-05 0.000933146 0.00338397 2.09188e-11 0.000162015 
0.0402702 0.0225646 0.226331 0.000703445 0.00014917 0.0120182 2.0019e-05 0.0345117 0.550681 0.0725894 0.00018174 0.032834 0.00424765 7.28444e-13 0.00289773 
0.149368 0.0282678 0.153297 0.0178855 0.000302371 0.0127689 0.00065612 0.0256868 0.22943 0.225513 0.00166548 0.142695 0.000846167 0.00193215 0.00968498 
0.195627 0.0261542 0.0226984 0.0105301 0.00049536 0.0693596 0.000106217 0.0744821 0.295224 0.137945 0.000348875 0.0842446 0.00177711 0.0682354 0.0127723 
0.10345 0.0219926 0.106182 0.0129271 0.000539105 0.0196556 5.64605e-05 0.0341881 0.45106 0.182335 0.00508789 0.0582548 0.00188748 1.87415e-05 0.00236399 
0.125827 0.0740788 0.0151683 0.0174302 0.0013113 0.22601 0.000117615 0.0711444 0.249068 0.204303 0.00168124 0.00680637 0.00580641 7.34476e-06 0.00123967 
0.170514 0.0166194 0.0545518 0.00657501 0.0312381 0.0750263 8.89534e-05 0.0504223 0.276362 0.168849 0.0124496 0.106016 0.023467 1.44156e-05 0.00780725 
0.0788071 0.218821 0.00908703 0.0201652 1.83027e-05 0.000992588 1.44951e-06 0.0848004 0.310055 0.246323 3.27522e-05 0.00986051 0.000422835 9.88257e-08 0.0206125 
0.285269 0.00109872 0.00716221 0.00196697 4.0312e-05 0.0127892 0.000117169 0.00658644 0.366903 0.293592 2.20274e-06 0.00583989 9.97347e-05 6.23779e-08 0.0185334 
0.163814 0.0296512 0.137726 0.0232608 0.00835826 0.0889641 3.0146e-05 0.0433749 0.342527 0.132526 0.000412976 0.0229588 0.000657686 8.39505e-06 0.00573024 
0.058003 0.0118237 0.0386178 0.00834806 6.8857e-05 0.0122493 2.29183e-06 0.0158767 0.744671 0.0619732 3.46624e-05 0.0261962 0.00803211 3.31086e-06 0.0141001 
0.00309126 0.0453355 0.293645 0.000105594 0.0177003 0.00712873 9.23034e-07 0.0186992 0.403906 0.0731463 2.38765e-06 0.0827846 0.0453385 8.87212e-06 0.00910645 
0.0781449 0.00770547 0.00030518 9.61502e-05 0.00106918 0.0441249 2.85951e-06 0.0190191 0.79237 0.0466925 3.00409e-05 0.000266516 0.00858643 5.21053e-12 0.00158647 
0.130154 0.0106928 0.161037 0.0110026 0.000181422 0.0233671 1.21617e-06 0.0213205 0.39075 0.194118 0.000126441 0.0482336 0.00297886 1.47181e-05 0.00602255 
0.136818 0.157211 0.0339413 0.030804 0.00737591 0.038536 0.00206799 0.223523 0.231599 0.0410484 0.00418788 0.0478398 0.000514623 0.00460433 0.0399284 
0.220782 0.00805875 0.0244239 0.0103885 0.00162358 0.143884 7.14938e-05 0.0363935 0.296281 0.174096 0.000355743 0.0754899 0.00349878 3.38237e-07 0.00465182 
0.10078 0.111644 0.021247 0.0155654 0.000654445 0.0530642 0.000192187 0.0476017 0.347494 0.133715 0.00127226 0.143684 0.00128771 0.00109461 0.0207046 
0.108877 0.00603012 0.160717 0.00020204 0.00183639 0.000547589 0.0001362 0.00268081 0.617142 0.0239071 1.21122e-06 0.0753038 0.000788851 2.94826e-12 0.00183004 
0.057041 0.0167607 0.341946 0.00298726 0.0207004 0.00919277 0.000508502 0.0653899 0.369307 0.0568503 0.00795871 0.0420162 0.000905078 0.00250185 0.00593428 
0.109718 0.0336311 0.0357688 0.0397575 0.000301362 0.176727 4.49072e-05 0.253764 0.290945 0.0323772 0.000249526 0.00342988 0.00137972 7.65688e-08 0.021906 
0.216424 0.00146067 0.17971 3.93814e-06 7.15397e-06 2.64082e-05 2.31286e-05 0.0218712 0.389803 0.18051 6.89873e-05 0.0100417 4.98846e-05 8.75054e-09 4.25219e-07 
0.0392595 0.0342729 0.0268385 0.0245664 2.13885e-05 0.00678764 2.69794e-05 0.301882 0.353385 0.0496258 7.80005e-05 0.0757736 0.000402688 3.06277e-07 0.0870797 
0.000788989 0.000622375 0.0113116 0.00153368 4.43611e-06 0.00184801 5.31585e-05 0.0176806 0.624454 0.334729 1.63549e-07 0.00214708 0.000505258 0.00427657 4.50169e-05 
0.300008 0.000984561 0.00135211 0.000120636 0.00100338 0.00521512 4.53553e-06 0.229229 0.319526 0.0110814 5.60624e-05 0.129836 4.23185e-05 1.11314e-08 0.00154105 
0.0175734 0.0997744 0.048796 0.00129587 3.9492e-05 0.0677607 0.0855247 0.0143951 0.449173 0.00436063 0.00307266 0.0104208 4.37482e-05 6.80219e-06 0.197763 
0.0152387 0.0118447 0.0209275 0.0507877 0.00438129 0.00883237 1.49876e-06 0.0655157 0.413923 0.401884 7.96356e-05 0.00557128 0.000312818 5.62574e-07 0.000699347 
0.043323 4.50539e-06 0.106483 4.61308e-07 1.62231e-10 8.63391e-06 1.97415e-10 0.119747 0.366584 0.278114 8.07062e-07 0.0857237 7.23671e-07 2.63015e-10 1.02314e-05 
0.399055 0.0081582 0.0168932 0.00104182 0.000397976 0.00750023 9.57436e-05 0.0044423 0.530266 0.0131017 9.24608e-06 0.0170132 0.000367047 1.04555e-09 0.00165885 
0.150926 0.00410508 0.0242927 0.0378501 2.17823e-05 0.0222937 0.000110622 0.0506098 0.41572 0.257774 7.58073e-06 0.0340773 0.000470651 3.84147e-08 0.00173996 
0.0874852 0.0609649 0.268007 0.00672798 0.000984904 0.00459185 0.000279998 0.0198994 0.330255 0.201488 0.00223618 0.0121319 0.00354692 1.06862e-06 0.001399 
0.0110945 0.00808347 0.0662802 0.014846 0.0010041 0.000844111 4.92961e-06 0.0156479 0.53374 0.221935 3.86826e-05 0.109183 0.00130925 0.000100066 0.0158881 
0.269787 0.0285806 0.0494749 0.00165531 0.00123496 0.0786079 0.00329128 0.165646 0.326127 0.0213476 0.00346347 0.0356382 0.00171661 1.09709e-05 0.013418 
0.297774 0.0016001 0.0147925 0.00104854 0.00220695 0.00463747 2.45411e-05 0.00669088 0.495801 0.0894235 3.01066e-05 0.084584 7.92955e-05 2.0089e-08 0.00130715 
0.0781449 0.00770547 0.00030518 9.61502e-05 0.00106918 0.0441249 2.85951e-06 0.0190191 0.79237 0.0466925 3.00409e-05 0.000266516 0.00858643 5.21053e-12 0.00158647 
0.080112 0.0021589 0.414126 0.00102411 7.03908e-05 0.00250979 5.33082e-06 0.00316109 0.440696 0.0189433 0.00178681 0.0333516 5.01213e-05 1.47118e-09 0.00200465 
0.191712 0.00639144 0.0619271 0.00523724 0.000196164 0.00639698 0.000677232 0.00209859 0.674615 0.0358898 0.00192333 0.0125992 0.000150977 2.60529e-08 0.000184838 
0.00535872 0.0664469 0.241505 0.000151183 1.5698e-05 0.00236745 2.87199e-06 0.000257501 0.680249 2.35061e-08 8.37095e-05 0.0029474 0.000439639 9.10775e-07 0.00017384 
0.0344927 0.000787009 0.303939 5.3116e-05 3.11636e-05 0.00418089 8.2616e-06 0.00448005 0.598569 0.0280581 0.00232519 0.0225225 0.000384749 1.0909e-08 0.000168117 
0.0129646 0.0661465 0.10819 0.0278247 0.000538907 0.0103983 1.26789e-05 0.189449 0.272638 0.222108 8.30458e-05 0.0103261 0.0644779 0.00329377 0.0115477 
0.0636916 0.0114972 0.0246636 0.000684702 0.000110909 0.000654155 2.66991e-05 0.00271739 0.805892 0.0464346 0.000178391 0.0345193 0.00151871 2.61649e-05 0.00738467 
0.0804081 0.0429319 0.0931344 0.0172118 0.00355423 0.0137961 0.000668764 0.0497804 0.320952 0.0508172 0.2721 0.0420659 0.00369816 0.000139434 0.00874177 
0.0656873 0.162888 0.0580376 0.00123211 1.76001e-06 6.01118e-05 0.000598666 0.0992766 0.434409 0.0321472 4.50927e-07 0.000515071 0.0158049 1.43393e-09 0.129341 
0.0728327 0.1933 0.136904 0.0173219 0.0136043 0.0143801 2.95673e-05 0.0520985 0.25699 0.132559 0.000410342 0.073217 0.00460544 0.00049432 0.031252 
0.150091 0.0208445 2.76426e-08 4.42961e-06 2.57813e-08 8.36404e-07 2.73461e-05 0.0117709 0.672015 0.138455 7.36147e-05 3.34653e-07 3.23445e-07 1.22898e-11 0.00671664 
0.0413199 0.0449992 0.0907585 0.000921906 0.000761513 0.00101066 0.00020136 0.0287491 0.448982 0.272195 0.0242 0.0428121 0.00032674 7.77448e-09 0.00276267 
