0.00745485 0.73323 0.034483 0.0331193 0.0039335 0.0179895 9.88871e-07 0.05031 4.6249e-07 0.000332422 0.111455 0.000576696 0.00708621 2.24604e-11 2.75819e-05 
0.000298183 0.369921 0.443364 2.41891e-07 0.00157544 3.72567e-07 1.2216e-06 0.000335263 1.25573e-07 0.115889 4.0599e-07 0.00103511 7.46221e-07 1.62753e-06 0.0675777 
0.00745485 0.73323 0.034483 0.0331193 0.0039335 0.0179895 9.88871e-07 0.05031 4.6249e-07 0.000332422 0.111455 0.000576696 0.00708621 2.24604e-11 2.75819e-05 
0.000501142 1.28724e-05 8.41558e-08 0.000713421 5.42362e-07 8.70021e-06 6.59986e-07 0.998054 6.78425e-08 0.000672827 2.39848e-06 1.07052e-06 2.79721e-05 8.79297e-07 3.31562e-06 
9.91063e-07 0.984143 0.0006681 1.48002e-06 0.010448 2.27956e-06 7.47437e-06 6.5852e-07 7.68319e-07 7.02762e-07 2.48406e-06 1.62565e-06 4.56577e-06 9.95808e-06 0.00470741 
2.70946e-08 0.000406826 0.000474242 4.0462e-08 0.997278 0.000243112 2.04341e-07 0.000185452 2.1005e-08 0.00021328 6.79113e-08 0.000711142 0.000486933 2.72243e-07 1.16889e-07 
0.00532902 0.986357 0.000223898 3.14312e-07 5.33022e-10 2.23942e-07 6.48619e-10 1.21761e-06 6.66741e-11 0.00446773 0.00190199 0.00158546 0.000132522 8.64153e-10 6.18206e-07 
1.9377e-06 0.000531416 0.00279314 2.89368e-06 1.20092e-05 4.45692e-06 1.46136e-05 6.78508e-05 1.50219e-06 0.000132515 5.6362e-05 3.17843e-06 0.00155912 1.94697e-05 0.9948 
0.00745485 0.73323 0.034483 0.0331193 0.0039335 0.0179895 9.88871e-07 0.05031 4.6249e-07 0.000332422 0.111455 0.000576696 0.00708621 2.24604e-11 2.75819e-05 
0.0332558 6.53093e-06 3.514e-06 5.45688e-06 2.26468e-05 8.40483e-06 2.75583e-05 2.42799e-06 2.83283e-06 0.916213 9.15882e-06 5.99386e-06 0.0235847 3.67159e-05 0.0268149 
0.00532902 0.986357 0.000223898 3.14312e-07 5.33022e-10 2.23942e-07 6.48619e-10 1.21761e-06 6.66741e-11 0.00446773 0.00190199 0.00158546 0.000132522 8.64153e-10 6.18206e-07 
4.96755e-12 6.36762e-06 4.7771e-12 0.683926 3.07872e-11 9.7937e-05 3.74641e-11 0.315969 3.85108e-12 1.06026e-09 1.24509e-11 8.14833e-12 3.22703e-07 4.99133e-11 2.14306e-11 
0.0257011 0.0717231 0.0898757 0.0891966 0.0223314 0.00369523 2.97038e-05 0.0989014 4.13336e-08 0.038871 1.33636e-07 8.30058e-05 0.559561 5.35719e-07 2.99754e-05 
0.333008 0.0686122 7.66377e-06 6.23602e-06 0.000792039 0.0409835 0.00125368 0.0248779 4.74861e-06 0.0123021 3.78774e-07 0.352512 0.0464904 1.30917e-08 0.119149 
0.000244928 0.00146072 0.000494628 1.92939e-06 0.000231707 2.9717e-06 9.7438e-06 0.000278377 1.0016e-06 0.00144334 3.23829e-06 0.000687215 0.000617637 0.000751273 0.993771 
1.96999e-06 0.00157529 1.89447e-06 2.94191e-06 1.22093e-05 4.5312e-06 1.48572e-05 1.30898e-06 1.52723e-06 0.000166839 4.93769e-06 3.2314e-06 0.99818 1.97942e-05 8.49879e-06 
3.89787e-07 5.33021e-12 6.31235e-09 1.45638e-07 1.97788e-07 1.48173e-07 2.24917e-11 0.2611 2.31201e-12 0.00678964 7.47496e-12 4.89188e-12 0.73211 2.99656e-11 1.2866e-11 
0.000277832 0.995542 0.000277965 0.00107636 1.92474e-05 2.00392e-05 2.34216e-05 0.00176418 2.4076e-06 0.00019436 7.78402e-06 0.000372962 1.43073e-05 3.12045e-05 0.000376216 
2.49583e-09 4.63965e-05 3.62447e-05 3.72718e-09 0.999589 5.74069e-09 1.8823e-08 2.27214e-05 1.93489e-09 1.76979e-09 6.25569e-09 4.09394e-09 0.00025182 2.50778e-08 5.38473e-05 
3.89787e-07 5.33021e-12 6.31235e-09 1.45638e-07 1.97788e-07 1.48173e-07 2.24917e-11 0.2611 2.31201e-12 0.00678964 7.47496e-12 4.89188e-12 0.73211 2.99656e-11 1.2866e-11 
0.0175243 0.719063 0.00226309 1.97832e-05 2.48371e-05 0.00237926 1.80856e-06 0.235777 1.10776e-05 1.67799e-05 0.0004174 0.00280535 0.0195653 4.3976e-08 0.00013089 
0.0155096 0.0027494 4.27344e-05 2.17411e-05 0.000283513 2.86107e-05 5.60232e-07 0.00361389 5.75884e-08 0.0020389 1.86189e-07 0.0185785 3.42222e-07 0.000611027 0.956521 
0.00532902 0.986357 0.000223898 3.14312e-07 5.33022e-10 2.23942e-07 6.48619e-10 1.21761e-06 6.66741e-11 0.00446773 0.00190199 0.00158546 0.000132522 8.64153e-10 6.18206e-07 
1.83724e-07 0.999388 1.76681e-07 2.74367e-07 1.13866e-06 0.000592043 1.38561e-06 1.23298e-05 1.42432e-07 1.30279e-07 4.60497e-07 3.01365e-07 8.46406e-07 1.84604e-06 7.9261e-07 
0.0902259 6.23529e-06 0.000219455 0.216743 6.71031e-08 0.0021466 8.16559e-08 0.354198 8.39373e-09 0.320955 2.71378e-08 0.0153583 0.000140668 1.0879e-07 5.97928e-06 
2.36749e-06 0.00554904 0.0224158 0.00766961 0.000346225 9.15084e-06 0.000536315 0.897172 1.7199e-06 0.0662393 1.36821e-09 7.40023e-06 4.20604e-05 5.48488e-09 9.03766e-06 
0.0459596 0.516349 0.109707 0.0121339 0.00680187 6.76078e-05 0.00114779 0.000891864 8.49194e-06 0.0527214 9.58844e-06 0.00575994 2.1364e-08 0.00053272 0.247909 
0.00183907 0.0631158 0.0026886 0.00641579 9.52129e-07 4.10168e-06 4.6706e-07 0.897752 4.2154e-07 0.00219592 0.000122172 0.01177 0.00521437 0.0065965 0.00228333 
0.12429 0.861133 0.00857949 2.96583e-06 3.96922e-09 1.47308e-09 4.83004e-09 5.77468e-05 4.96498e-10 0.00590717 1.60523e-09 1.05052e-09 2.95046e-09 6.49939e-07 2.95661e-05 
2.54225e-05 0.460856 8.64894e-05 8.25363e-06 1.15653e-05 2.10324e-08 6.89626e-08 0.0359719 7.08893e-09 0.497368 2.29193e-08 3.09095e-05 2.52292e-05 0.0056081 8.05044e-06 
0.00745485 0.73323 0.034483 0.0331193 0.0039335 0.0179895 9.88871e-07 0.05031 4.6249e-07 0.000332422 0.111455 0.000576696 0.00708621 2.24604e-11 2.75819e-05 
0.0840645 0.145127 0.175817 6.9985e-10 2.90448e-09 1.07793e-09 3.53438e-09 0.375835 3.63312e-10 0.184051 1.05834e-06 9.2323e-07 1.9649e-05 0.000129969 0.0349535 
0.00149224 0.0273008 5.73782e-07 8.91024e-07 0.00776924 1.37238e-06 4.49985e-06 0.00618507 4.62557e-07 0.957231 1.49549e-06 9.78704e-07 2.74876e-06 5.99513e-06 2.57406e-06 
0.00532902 0.986357 0.000223898 3.14312e-07 5.33022e-10 2.23942e-07 6.48619e-10 1.21761e-06 6.66741e-11 0.00446773 0.00190199 0.00158546 0.000132522 8.64153e-10 6.18206e-07 
0.0108004 0.207796 0.154479 0.0255857 0.170714 0.230028 0.0153802 0.057329 0.0043599 0.0219469 1.88951e-05 0.0156403 0.0660921 3.5202e-07 0.0198292 
0.000608302 0.00107807 0.000814381 0.0270167 5.2801e-08 1.95958e-08 6.42521e-08 0.00169203 6.60472e-09 0.000315355 2.13537e-08 0.964903 3.92488e-08 0.000333937 0.00323806 
0.00819829 0.105353 0.0135898 0.111521 0.0155377 1.03981e-06 1.12034e-09 0.247731 1.31496e-07 0.203503 0.000972221 0.135301 0.0684565 1.49263e-09 0.089835 
0.109517 0.0594272 0.0671609 9.53909e-07 0.041089 0.0544634 9.5315e-07 0.0920632 9.54001e-07 0.104846 0.0729653 0.228362 0.0519679 0.0156275 0.102508 
0.00532902 0.986357 0.000223898 3.14312e-07 5.33022e-10 2.23942e-07 6.48619e-10 1.21761e-06 6.66741e-11 0.00446773 0.00190199 0.00158546 0.000132522 8.64153e-10 6.18206e-07 
5.14346e-06 0.99977 4.94628e-06 7.68105e-06 3.18775e-05 1.18305e-05 3.87908e-05 3.41762e-06 3.98746e-06 3.64722e-06 1.28919e-05 8.43689e-06 2.36956e-05 5.16809e-05 2.21896e-05 
0.0042287 0.995545 1.0879e-08 1.6894e-08 9.12164e-05 2.60205e-08 8.53179e-08 4.43569e-05 8.77016e-09 8.02184e-09 2.83548e-08 1.85564e-08 3.13222e-05 1.13669e-07 5.86139e-05 
0.00012267 0.000374939 1.51068e-09 0.463351 8.12773e-08 0.000677881 2.96111e-12 0.535398 3.04384e-13 4.03725e-09 9.71063e-06 2.74216e-05 1.80882e-12 3.94508e-12 3.83032e-05 
0.000722854 0.333367 0.32983 5.46736e-08 0.000896184 8.42096e-08 7.83796e-05 0.000350884 2.83826e-08 0.332296 6.49318e-05 6.00536e-08 0.00190702 3.67863e-07 0.00048596 
0.0609905 0.00888584 0.00560146 0.00404057 0.0609641 0.00407 7.49455e-06 0.271583 0.00103651 0.430008 0.00550493 0.00737925 0.00533224 0.132845 0.00175078 
9.75279e-06 1.74311e-05 9.37889e-06 1.45644e-05 6.04445e-05 2.24325e-05 7.35533e-05 6.48032e-06 7.56082e-06 6.91569e-06 2.44449e-05 1.59976e-05 4.49305e-05 0.999644 4.20748e-05 
0.139728 3.35324e-05 0.00361237 0.0535143 1.93963e-05 0.105432 7.71758e-09 0.487967 1.8562e-07 0.165345 4.79024e-05 0.0368223 0.00651079 7.04495e-11 0.00096731 
1.20283e-06 2.14981e-06 1.15672e-06 1.79626e-06 7.45475e-06 2.76665e-06 0.00363766 7.99231e-07 9.32492e-07 8.52926e-07 3.01484e-06 1.97302e-06 5.54138e-06 1.20859e-05 0.996321 
2.15627e-05 1.17854e-05 8.57408e-05 5.12407e-06 1.79424e-08 6.21908e-08 8.94384e-06 0.0186377 2.24436e-09 0.0330943 7.25627e-09 0.94236 0.00267391 0.00309326 7.84543e-06 
0.00745485 0.73323 0.034483 0.0331193 0.0039335 0.0179895 9.88871e-07 0.05031 4.6249e-07 0.000332422 0.111455 0.000576696 0.00708621 2.24604e-11 2.75819e-05 
0.00745485 0.73323 0.034483 0.0331193 0.0039335 0.0179895 9.88871e-07 0.05031 4.6249e-07 0.000332422 0.111455 0.000576696 0.00708621 2.24604e-11 2.75819e-05 
0.00532902 0.986357 0.000223898 3.14312e-07 5.33022e-10 2.23942e-07 6.48619e-10 1.21761e-06 6.66741e-11 0.00446773 0.00190199 0.00158546 0.000132522 8.64153e-10 6.18206e-07 
2.10214e-06 3.75714e-06 0.000596693 3.13925e-06 1.30283e-05 4.83516e-06 1.58538e-05 1.39678e-06 1.62968e-06 1.49062e-06 5.26892e-06 0.00425863 9.68443e-06 2.1122e-05 0.995061 
0.0281263 0.008502 0.0305104 0.0355516 0.0015396 0.00845375 0.28861 0.390716 0.00107643 0.0714813 4.86204e-05 0.0180461 0.013485 0.103004 0.00084835 
2.63113e-06 0.997898 2.53026e-06 3.92923e-06 1.63069e-05 6.0519e-06 0.00200419 1.74828e-06 2.03978e-06 1.86573e-06 6.59481e-06 4.31588e-06 1.21215e-05 2.64373e-05 1.1351e-05 
0.00745485 0.73323 0.034483 0.0331193 0.0039335 0.0179895 9.88871e-07 0.05031 4.6249e-07 0.000332422 0.111455 0.000576696 0.00708621 2.24604e-11 2.75819e-05 
0.0639286 0.00413644 0.740739 2.19948e-06 2.96101e-07 2.97659e-06 7.27928e-06 0.0286557 2.34446e-06 0.0316534 6.62322e-06 0.118695 0.0105393 2.96243e-06 0.00162859 
0.000176423 0.00248875 0.000224409 0.967032 1.25087e-08 3.66066e-05 5.44293e-12 0.0288297 5.30842e-09 0.00113809 1.80491e-07 2.35907e-05 9.1523e-06 4.16047e-09 4.10713e-05 
0.000704912 0.115452 5.05446e-06 0.0055595 0.000700921 0.000487936 6.60102e-08 0.197471 9.87961e-07 0.674175 0.000124582 2.2378e-06 0.00154065 3.59583e-09 0.00377557 
0.0491868 0.0373733 0.0503111 2.4368e-10 6.30055e-05 3.15308e-06 1.97024e-06 1.07774e-05 1.26501e-10 0.797065 4.08991e-10 1.95418e-06 0.0141469 6.57463e-07 0.0518352 
1.28701e-07 3.23723e-07 0.000169108 0.00138571 4.41353e-08 0.618128 3.28982e-08 0.377442 3.93308e-08 2.8811e-07 0.000504668 0.00157835 0.000561443 4.73096e-07 0.000229163 
0.00745485 0.73323 0.034483 0.0331193 0.0039335 0.0179895 9.88871e-07 0.05031 4.6249e-07 0.000332422 0.111455 0.000576696 0.00708621 2.24604e-11 2.75819e-05 
0.00532902 0.986357 0.000223898 3.14312e-07 5.33022e-10 2.23942e-07 6.48619e-10 1.21761e-06 6.66741e-11 0.00446773 0.00190199 0.00158546 0.000132522 8.64153e-10 6.18206e-07 
1.09694e-07 0.0010785 6.3399e-05 1.63813e-07 6.79849e-07 2.5231e-07 8.2729e-07 7.28874e-08 8.50403e-08 7.77842e-08 2.74944e-07 1.79933e-07 5.05356e-07 1.1022e-06 0.998854 
0.00300702 0.000848473 0.0388399 3.33807e-08 4.87007e-06 3.88055e-05 2.2254e-06 0.00173512 2.15551e-08 0.033873 2.07828e-06 0.025509 0.00011023 0.894954 0.00107548 
0.00431719 6.00066e-08 0.103353 2.29577e-09 3.71168e-07 0.000777856 9.34684e-06 0.00172637 8.22144e-11 0.0153069 0.000259014 0.106652 0.00188632 8.74758e-05 0.765624 
9.78411e-06 0.00155743 6.83523e-05 0.0905265 0.00709606 0.00388743 1.42155e-11 0.88799 1.46127e-12 0.000775629 0.000294301 0.00454392 0.00281961 1.89393e-11 0.000431243 
0.000176423 0.00248875 0.000224409 0.967032 1.25087e-08 3.66066e-05 5.44293e-12 0.0288297 5.30842e-09 0.00113809 1.80491e-07 2.35907e-05 9.1523e-06 4.16047e-09 4.10713e-05 
0.00104744 6.48606e-06 0.174967 5.41939e-06 2.24912e-05 8.34708e-06 2.7369e-05 2.41131e-06 2.81336e-06 2.57331e-06 9.09589e-06 0.000198642 1.67185e-05 3.64636e-05 0.823647 
0.0750478 0.0727524 0.142003 7.17173e-07 0.000437822 0.000426635 9.52545e-07 0.0120521 9.49423e-05 0.284248 0.00063973 0.232914 0.0894968 0.000838426 0.0890465 
0.00532902 0.986357 0.000223898 3.14312e-07 5.33022e-10 2.23942e-07 6.48619e-10 1.21761e-06 6.66741e-11 0.00446773 0.00190199 0.00158546 0.000132522 8.64153e-10 6.18206e-07 
0.086249 0.000237555 0.0109741 0.00387495 0.000397557 0.0246482 1.47591e-08 0.786795 3.50719e-07 0.0633318 4.34356e-05 0.0145358 0.0068069 3.70189e-10 0.00210534 
1.26709e-07 0.999266 1.21851e-07 1.89222e-07 7.85297e-07 2.91444e-07 9.79446e-05 0.000119716 9.82305e-08 0.000249347 2.2835e-05 2.07842e-07 5.83739e-07 1.27315e-06 0.000240962 
5.52205e-10 0.998778 5.31035e-10 8.24642e-10 3.42238e-09 1.27013e-09 4.1646e-09 5.87436e-07 4.28095e-10 7.4437e-07 0.00122062 9.05789e-10 2.54398e-09 5.54848e-09 2.38228e-09 
0.00532902 0.986357 0.000223898 3.14312e-07 5.33022e-10 2.23942e-07 6.48619e-10 1.21761e-06 6.66741e-11 0.00446773 0.00190199 0.00158546 0.000132522 8.64153e-10 6.18206e-07 
0.0187486 0.00080803 0.000364153 0.00612014 4.12205e-06 0.00381784 6.81274e-08 0.362938 1.21419e-06 0.049418 9.69265e-05 0.549195 0.000226857 9.06668e-06 0.00825163 
6.07289e-09 0.999089 7.70948e-05 9.06902e-09 3.76377e-08 0.000149475 4.58003e-08 4.03518e-09 4.70799e-09 7.49334e-05 1.52214e-08 0.000262991 2.79775e-08 6.10196e-08 0.000345855 
0.144896 4.75812e-11 2.56013e-11 3.97562e-11 1.64994e-10 6.12335e-11 2.00777e-10 0.354916 2.06386e-11 0.0723023 6.67267e-11 0.401502 1.22646e-10 0.0263847 1.14851e-10 
0.0327348 1.11387e-06 0.764168 0.00624031 0.000257171 7.62016e-05 1.80626e-06 0.041018 3.26724e-10 0.119811 1.05633e-09 0.0261336 0.0036782 2.11581e-05 0.0058593 
0.00532902 0.986357 0.000223898 3.14312e-07 5.33022e-10 2.23942e-07 6.48619e-10 1.21761e-06 6.66741e-11 0.00446773 0.00190199 0.00158546 0.000132522 8.64153e-10 6.18206e-07 
0.05117 0.0149355 0.0547343 8.18841e-08 0.00326796 1.2612e-07 4.1353e-07 0.0533921 4.25084e-08 0.062339 1.37434e-07 0.755305 0.00456473 5.50945e-07 0.000289964 
0.0195928 0.000208496 0.760927 1.27864e-09 5.30654e-09 7.87479e-07 6.45738e-09 0.00267819 6.63779e-10 1.01435e-06 5.99407e-08 0.0230164 0.0059918 0.02047 0.167114 
0.0630435 0.623294 0.0508879 0.0357173 4.36528e-05 0.00553177 0.00193023 0.144135 0.00110157 0.0254577 0.00223049 0.0366008 0.00581147 1.90781e-07 0.0042148 
0.000255845 0.894455 0.0174956 2.21119e-07 9.17675e-07 0.000125319 1.11669e-06 0.0873667 1.14789e-07 3.36242e-05 3.71126e-07 2.42878e-07 6.8214e-07 1.48777e-06 0.000262627 
0.000230502 7.33906e-12 3.94882e-12 1.53922e-07 2.54491e-11 0.000797731 6.50644e-08 0.000199721 3.18335e-12 2.91173e-12 1.339e-08 6.73552e-12 1.32609e-08 4.1259e-11 0.998772 
6.28389e-09 0.999454 6.04298e-09 9.38412e-09 3.89454e-08 1.44536e-08 9.48306e-05 0.00016869 4.87157e-09 4.4559e-09 3.1658e-06 1.03075e-08 2.89495e-08 6.31397e-08 0.000279254 
0.0289225 0.00302703 0.00719014 0.0157208 0.000111421 0.0290286 1.25406e-05 0.237098 7.45914e-06 0.0424974 0.00023704 0.00129097 0.531975 3.94503e-05 0.102842 
0.0639286 0.00413644 0.740739 2.19948e-06 2.96101e-07 2.97659e-06 7.27928e-06 0.0286557 2.34446e-06 0.0316534 6.62322e-06 0.118695 0.0105393 2.96243e-06 0.00162859 
0.00346709 2.75525e-05 0.0164725 4.66402e-08 0.00015441 0.000127864 2.40441e-09 0.000589146 1.07738e-07 0.0142269 3.77404e-07 0.963844 1.40502e-06 6.20609e-07 0.00108758 
0.648987 2.01559e-07 1.0845e-07 1.68411e-07 6.98931e-07 0.351008 8.5051e-07 7.49331e-08 8.74272e-08 7.99674e-08 2.82661e-07 1.84983e-07 5.1954e-07 1.13313e-06 4.86518e-07 
0.00745485 0.73323 0.034483 0.0331193 0.0039335 0.0179895 9.88871e-07 0.05031 4.6249e-07 0.000332422 0.111455 0.000576696 0.00708621 2.24604e-11 2.75819e-05 
5.47139e-05 0.997551 5.26163e-05 8.17077e-05 0.000339098 0.000125848 0.00041264 3.63551e-05 4.24168e-05 3.87976e-05 0.000137138 8.97479e-05 0.000252064 0.000549758 0.000236043 
0.00809548 0.871471 7.28495e-05 6.06175e-07 1.48153e-09 5.59608e-07 2.98711e-07 0.0087229 1.34209e-07 0.0298031 0.000110487 2.48598e-06 4.76363e-06 2.40192e-09 0.0817149 
6.36026e-09 0.0230987 0.00630713 9.35333e-07 3.94188e-08 1.46293e-08 4.79676e-08 9.50915e-07 4.93078e-09 0.0140648 1.59417e-08 0.000122314 0.956405 6.39071e-08 2.7439e-08 
0.000146812 0.609736 0.151813 1.25206e-07 0.017337 0.00144658 0.000364229 0.0266618 0.000140167 0.134303 2.10146e-07 0.00075749 0.000952262 0.0275938 0.0287481 
0.0494054 0.0988169 0.0123772 0.0108022 0.000318237 0.00148448 9.32834e-05 0.202764 5.58596e-05 0.593713 1.49629e-07 0.00896381 0.000333623 7.29265e-05 0.0207993 
0.000176423 0.00248875 0.000224409 0.967032 1.25087e-08 3.66066e-05 5.44293e-12 0.0288297 5.30842e-09 0.00113809 1.80491e-07 2.35907e-05 9.1523e-06 4.16047e-09 4.10713e-05 
0.0639286 0.00413644 0.740739 2.19948e-06 2.96101e-07 2.97659e-06 7.27928e-06 0.0286557 2.34446e-06 0.0316534 6.62322e-06 0.118695 0.0105393 2.96243e-06 0.00162859 
0.000176423 0.00248875 0.000224409 0.967032 1.25087e-08 3.66066e-05 5.44293e-12 0.0288297 5.30842e-09 0.00113809 1.80491e-07 2.35907e-05 9.1523e-06 4.16047e-09 4.10713e-05 
0.00962163 0.000264609 0.238939 1.408e-07 9.77491e-05 0.00159204 5.70629e-05 1.95579e-07 7.14628e-07 0.0197918 0.0164501 0.181309 0.001571 0.000392755 0.529912 
2.65475e-06 0.99876 1.27683e-06 1.04302e-09 4.32868e-09 1.60648e-09 5.26745e-09 4.64082e-10 5.41461e-10 3.96702e-07 0.00122875 1.14565e-09 1.9338e-06 7.0178e-09 4.82402e-06 
0.0001955 0.912846 0.058416 4.71175e-05 1.32931e-05 1.0851e-05 1.48531e-05 0.00161468 5.29541e-07 0.0193346 0.000520099 4.49052e-07 0.00261213 1.57567e-06 0.00437263 
0.00532902 0.986357 0.000223898 3.14312e-07 5.33022e-10 2.23942e-07 6.48619e-10 1.21761e-06 6.66741e-11 0.00446773 0.00190199 0.00158546 0.000132522 8.64153e-10 6.18206e-07 
0.0258441 0.00031702 0.0128967 8.13994e-07 1.31809e-06 5.41118e-09 5.1729e-06 0.641691 1.82383e-09 0.18314 5.89662e-09 3.85896e-09 0.132483 2.36384e-08 0.00362142 
0.00745485 0.73323 0.034483 0.0331193 0.0039335 0.0179895 9.88871e-07 0.05031 4.6249e-07 0.000332422 0.111455 0.000576696 0.00708621 2.24604e-11 2.75819e-05 
0.00532902 0.986357 0.000223898 3.14312e-07 5.33022e-10 2.23942e-07 6.48619e-10 1.21761e-06 6.66741e-11 0.00446773 0.00190199 0.00158546 0.000132522 8.64153e-10 6.18206e-07 
5.52205e-10 0.998778 5.31035e-10 8.24642e-10 3.42238e-09 1.27013e-09 4.1646e-09 5.87436e-07 4.28095e-10 7.4437e-07 0.00122062 9.05789e-10 2.54398e-09 5.54848e-09 2.38228e-09 
2.54972e-07 4.5571e-07 2.45197e-07 3.80766e-07 1.58023e-06 5.86465e-07 1.92294e-06 1.69418e-07 1.97667e-07 1.808e-07 6.39077e-07 4.18234e-07 1.17464e-06 2.56193e-06 0.999989 
0.00279086 0.0250611 0.000568928 6.12665e-05 3.10676e-08 1.19017e-05 2.36005e-07 0.05842 1.25191e-07 0.0360316 9.22296e-06 2.91972e-05 0.87662 7.3729e-10 0.000395436 
1.77188e-08 0.0809244 4.3802e-05 3.56421e-05 1.09815e-07 3.56807e-06 4.2215e-06 3.24258e-05 1.37365e-08 2.2305e-05 4.44114e-08 2.90644e-08 8.16295e-08 1.78036e-07 0.918933 
0.00550142 0.444061 0.0982262 0.0601955 0.00101853 0.0127862 2.57779e-07 0.193725 6.2477e-06 0.120486 0.00168275 0.00298101 0.0294913 0.0132074 0.0166302 
5.0497e-06 0.931131 4.4411e-06 9.02337e-06 1.15038e-05 1.66773e-05 3.258e-06 0.0240939 1.20478e-06 0.0255973 1.08169e-09 1.62887e-06 1.07381e-05 4.33629e-09 0.0191142 
0.000105127 0.965297 0.00420025 0.000415562 0.000360982 0.000219196 0.000421174 0.0229879 0.000176404 0.000427923 0.00295182 0.000575607 0.00090153 5.67738e-09 0.000959243 
2.03776e-06 0.00271233 0.0251318 1.43307e-06 0.0124595 5.18384e-05 1.86227e-06 0.00181131 3.75526e-09 0.0260651 0.000374069 0.000297461 0.00334824 0.919462 0.00828115 
0.00532902 0.986357 0.000223898 3.14312e-07 5.33022e-10 2.23942e-07 6.48619e-10 1.21761e-06 6.66741e-11 0.00446773 0.00190199 0.00158546 0.000132522 8.64153e-10 6.18206e-07 
0.0221918 0.0458031 0.535822 6.59722e-07 0.0562295 0.00167766 0.000235801 0.0423826 2.8491e-07 0.00507958 1.0655e-09 0.220651 0.00997629 8.54893e-06 0.0599419 
0.109517 0.0594272 0.0671609 9.53909e-07 0.041089 0.0544634 9.5315e-07 0.0920632 9.54001e-07 0.104846 0.0729653 0.228362 0.0519679 0.0156275 0.102508 
0.444186 0.00295361 0.0148546 4.83149e-06 0.000176185 3.29403e-06 1.87835e-10 0.518446 9.40327e-07 7.27447e-06 4.5821e-06 1.3016e-05 3.72916e-06 2.50252e-10 0.0193461 
2.0366e-05 9.15243e-06 0.0786872 3.05365e-09 0.00886277 5.24944e-05 0.000498677 1.3587e-09 1.58524e-09 0.00856123 0.00191244 0.664621 0.0863408 2.84715e-05 0.150406 
0.0102914 0.00364444 0.0763313 1.1113e-06 9.84499e-05 0.00146508 1.38085e-07 0.00892751 7.07156e-07 0.0318974 0.000656307 0.0660904 0.00168922 0.000200471 0.798706 
1.37328e-05 4.94374e-06 2.34322e-08 3.63877e-08 0.999782 5.60453e-08 1.83765e-07 1.2102e-06 1.88899e-08 0.000111276 6.10731e-08 3.99684e-08 8.65384e-05 2.4483e-07 1.05119e-07 
7.17303e-05 1.14812e-12 6.17755e-13 4.07691e-06 4.88989e-09 1.33403e-05 4.8447e-12 0.0727024 4.98005e-13 0.000470012 1.6101e-12 1.05371e-12 0.926738 6.45457e-12 2.77132e-12 
3.71064e-05 0.573784 1.71902e-06 0.0779713 9.24798e-05 0.010857 9.29482e-06 0.326165 2.08537e-07 4.59377e-06 0.000107601 9.37519e-06 2.75359e-09 6.00566e-09 0.0109607 
0.00532902 0.986357 0.000223898 3.14312e-07 5.33022e-10 2.23942e-07 6.48619e-10 1.21761e-06 6.66741e-11 0.00446773 0.00190199 0.00158546 0.000132522 8.64153e-10 6.18206e-07 
0.0466742 5.63621e-07 0.251669 8.65027e-06 6.17685e-11 0.00111979 3.82456e-07 0.699721 3.76285e-08 1.18553e-07 8.24161e-05 0.000723742 1.38931e-07 4.40702e-07 5.70832e-08 
0.0007366 0.136673 0.0150446 0.0011196 0.00426661 0.0178757 9.01649e-08 0.0807049 9.2684e-09 0.0655015 0.000383836 0.0394064 0.624859 0.0112171 0.00221144 
0.00745485 0.73323 0.034483 0.0331193 0.0039335 0.0179895 9.88871e-07 0.05031 4.6249e-07 0.000332422 0.111455 0.000576696 0.00708621 2.24604e-11 2.75819e-05 
5.72958e-06 0.00086627 6.89668e-05 0.98456 5.23424e-06 0.00013619 1.74705e-12 0.0143571 1.79586e-13 3.46002e-07 5.32752e-08 6.49915e-10 8.25106e-09 2.32759e-12 9.99369e-13 
0.0788447 0.210101 0.0901871 1.73233e-10 0.320248 1.03795e-05 8.7486e-10 0.082584 8.99302e-11 0.216272 2.90754e-10 9.3256e-07 5.34414e-10 3.38132e-06 0.0017489 
2.55722e-08 0.999886 2.45919e-08 3.81886e-08 1.58488e-07 5.8819e-08 1.9286e-07 2.72038e-05 1.98248e-08 3.44713e-05 5.13406e-05 4.19465e-08 1.1781e-07 2.56947e-07 1.10322e-07 
0.00745485 0.73323 0.034483 0.0331193 0.0039335 0.0179895 9.88871e-07 0.05031 4.6249e-07 0.000332422 0.111455 0.000576696 0.00708621 2.24604e-11 2.75819e-05 
0.000133218 0.670835 0.000826978 0.0197217 0.00231205 0.000532047 4.46358e-07 0.265955 7.6946e-06 0.000243737 0.000204073 0.0191027 0.0050109 5.94682e-07 0.0151142 
0.00532902 0.986357 0.000223898 3.14312e-07 5.33022e-10 2.23942e-07 6.48619e-10 1.21761e-06 6.66741e-11 0.00446773 0.00190199 0.00158546 0.000132522 8.64153e-10 6.18206e-07 
0.0195928 0.000208496 0.760927 1.27864e-09 5.30654e-09 7.87479e-07 6.45738e-09 0.00267819 6.63779e-10 1.01435e-06 5.99407e-08 0.0230164 0.0059918 0.02047 0.167114 
0.0984981 0.426575 0.0144072 5.10341e-08 6.31781e-05 2.13957e-05 0.202819 0.14279 6.21135e-07 0.046781 1.6389e-06 6.64668e-05 2.87818e-05 3.43376e-07 0.0679471 
7.17303e-05 1.14812e-12 6.17755e-13 4.07691e-06 4.88989e-09 1.33403e-05 4.8447e-12 0.0727024 4.98005e-13 0.000470012 1.6101e-12 1.05371e-12 0.926738 6.45457e-12 2.77132e-12 
0.00431719 6.00066e-08 0.103353 2.29577e-09 3.71168e-07 0.000777856 9.34684e-06 0.00172637 8.22144e-11 0.0153069 0.000259014 0.106652 0.00188632 8.74758e-05 0.765624 
0.0108004 0.207796 0.154479 0.0255857 0.170714 0.230028 0.0153802 0.057329 0.0043599 0.0219469 1.88951e-05 0.0156403 0.0660921 3.5202e-07 0.0198292 
0.00179993 0.020369 0.0100378 0.0066256 5.98883e-06 9.5494e-09 5.21442e-06 0.298068 3.2186e-09 8.25239e-06 0.000270581 0.458413 5.21289e-06 0.00144131 0.20295 
0.0108004 0.207796 0.154479 0.0255857 0.170714 0.230028 0.0153802 0.057329 0.0043599 0.0219469 1.88951e-05 0.0156403 0.0660921 3.5202e-07 0.0198292 
1.13021e-05 5.7172e-06 2.43012e-06 4.44868e-05 7.2197e-08 2.67942e-08 8.78545e-08 1.67074e-05 9.03091e-09 1.36722e-06 1.1624e-05 0.999889 9.09859e-06 6.29163e-06 1.89254e-06 
0.00535846 0.0172163 0.489504 5.79552e-05 0.00290338 0.0342429 0.00198925 0.0313592 0.000254174 0.0498484 9.32344e-06 0.0249711 0.152983 0.000347454 0.188955 
0.0325169 0.287508 0.00100789 0.00665043 1.45706e-09 5.91623e-05 1.48413e-06 0.517191 7.27512e-07 0.102365 5.89264e-10 0.047409 2.84697e-06 0.000513931 0.00477401 
0.00959442 0.000174604 0.00384522 0.000731525 1.06327e-07 2.15671e-05 3.84519e-06 0.856135 1.33002e-08 1.39842e-05 4.30008e-08 0.126852 0.000535834 1.72382e-07 0.00209227 
0.0114626 0.00881446 0.000130752 0.000397231 4.40178e-08 1.66213e-05 0.000160804 0.315588 3.92262e-08 0.0411767 3.53785e-08 0.0135452 0.00706664 0.601641 9.91889e-08 
6.85729e-09 0.998999 2.11086e-05 1.02404e-08 4.24992e-08 6.4683e-05 5.22333e-06 5.78706e-05 5.31609e-09 8.2667e-05 8.42359e-05 1.12481e-08 0.000167464 6.89011e-08 0.000517733 
0.0221918 0.0458031 0.535822 6.59722e-07 0.0562295 0.00167766 0.000235801 0.0423826 2.8491e-07 0.00507958 1.0655e-09 0.220651 0.00997629 8.54893e-06 0.0599419 
0.00659782 0.875886 0.0110082 0.00221606 5.60825e-06 0.000656439 9.40624e-06 0.00148004 2.52736e-06 0.0690442 0.000127607 0.0323605 0.00031342 4.24421e-07 0.000291569 
0.000176423 0.00248875 0.000224409 0.967032 1.25087e-08 3.66066e-05 5.44293e-12 0.0288297 5.30842e-09 0.00113809 1.80491e-07 2.35907e-05 9.1523e-06 4.16047e-09 4.10713e-05 
0.154662 0.589454 0.0296377 0.0446843 0.0156353 0.0008989 7.85723e-06 0.0734749 2.13941e-06 0.0885461 2.14007e-07 0.00167647 0.000979286 0.000322777 1.86155e-05 
2.59049e-08 0.000222284 0.412814 3.86854e-08 1.6055e-07 5.95842e-08 1.95369e-07 2.75576e-05 2.00827e-08 0.000220448 6.49295e-08 0.586715 1.19342e-07 2.60289e-07 1.11757e-07 
5.72958e-06 0.00086627 6.89668e-05 0.98456 5.23424e-06 0.00013619 1.74705e-12 0.0143571 1.79586e-13 3.46002e-07 5.32752e-08 6.49915e-10 8.25106e-09 2.32759e-12 9.99369e-13 
0.00736744 0.773237 1.39722e-07 1.38639e-10 0.000160913 0.000363303 4.65273e-07 0.0393704 7.19715e-11 0.000516618 1.5463e-07 1.52281e-10 4.27694e-10 3.98828e-07 0.178983 
0.00623287 0.0153603 0.00387107 0.0126453 0.000534144 0.000105827 1.9659e-05 0.899673 6.88198e-05 0.0498867 6.27805e-05 0.00480773 0.00389077 0.00238316 0.0004574 
0.00532902 0.986357 0.000223898 3.14312e-07 5.33022e-10 2.23942e-07 6.48619e-10 1.21761e-06 6.66741e-11 0.00446773 0.00190199 0.00158546 0.000132522 8.64153e-10 6.18206e-07 
0.0468236 0.624967 0.0534097 0.00466773 1.70022e-05 1.1217e-09 3.67792e-09 0.0188961 1.04311e-06 0.246192 0.000858149 4.60108e-06 2.37534e-06 0.00415358 6.54545e-06 
0.00745485 0.73323 0.034483 0.0331193 0.0039335 0.0179895 9.88871e-07 0.05031 4.6249e-07 0.000332422 0.111455 0.000576696 0.00708621 2.24604e-11 2.75819e-05 
0.0458792 0.0382595 0.0366157 0.163381 0.0110395 0.0603119 0.0266354 0.451131 0.0040109 0.111181 2.49439e-08 0.010464 0.0209158 4.28761e-07 0.0201741 
0.00745485 0.73323 0.034483 0.0331193 0.0039335 0.0179895 9.88871e-07 0.05031 4.6249e-07 0.000332422 0.111455 0.000576696 0.00708621 2.24604e-11 2.75819e-05 
0.141124 0.0668277 0.075035 0.000137993 0.00152593 8.10078e-05 6.33214e-05 0.0124248 7.3892e-06 0.00460165 0.00182932 0.629196 3.11246e-07 6.78836e-07 0.067145 
0.000384136 0.202187 0.018569 3.1066e-08 0.0031847 0.00261117 0.0129402 0.154512 8.47493e-07 0.0979755 0.000202106 4.25025e-07 0.0434665 0.000419155 0.463547 
0.00532902 0.986357 0.000223898 3.14312e-07 5.33022e-10 2.23942e-07 6.48619e-10 1.21761e-06 6.66741e-11 0.00446773 0.00190199 0.00158546 0.000132522 8.64153e-10 6.18206e-07 
0.00745485 0.73323 0.034483 0.0331193 0.0039335 0.0179895 9.88871e-07 0.05031 4.6249e-07 0.000332422 0.111455 0.000576696 0.00708621 2.24604e-11 2.75819e-05 
5.72958e-06 0.00086627 6.89668e-05 0.98456 5.23424e-06 0.00013619 1.74705e-12 0.0143571 1.79586e-13 3.46002e-07 5.32752e-08 6.49915e-10 8.25106e-09 2.32759e-12 9.99369e-13 
0.00676846 0.469701 0.0407466 7.8243e-05 0.00312603 0.0033286 3.20152e-06 0.0214152 0.00202979 0.151694 0.011305 0.0465681 0.126378 0.0806081 0.0362498 
0.000534692 0.998742 3.02289e-07 4.69424e-07 1.94818e-06 7.23018e-07 2.37068e-06 2.08866e-07 2.43692e-07 2.22898e-07 0.00070988 5.15617e-07 1.44815e-06 3.15845e-06 1.35611e-06 
0.0291102 0.00274245 0.0771964 1.84073e-08 1.93047e-05 1.11526e-05 5.53464e-05 0.0223477 5.59317e-07 0.0192385 2.26006e-05 0.830673 0.00956652 2.40092e-05 0.00899224 
1.35251e-06 0.54362 0.0099156 4.12118e-10 1.72745e-07 6.34754e-10 2.08128e-09 0.315338 2.13942e-10 0.131113 5.5405e-07 4.07857e-07 3.56108e-06 2.77288e-09 8.216e-06 
0.00317007 0.00460594 0.195357 5.31885e-05 0.501992 0.00017865 1.33452e-06 0.246783 1.3718e-07 0.0141443 7.72665e-05 0.000167876 0.000561905 0.001054 0.031853 
0.00951394 0.108449 0.112789 7.84803e-06 7.18649e-05 4.21857e-05 0.56966 0.000152125 2.55772e-06 0.0135281 6.51086e-07 0.0871998 0.0965215 2.32989e-06 0.00205932 
0.00745485 0.73323 0.034483 0.0331193 0.0039335 0.0179895 9.88871e-07 0.05031 4.6249e-07 0.000332422 0.111455 0.000576696 0.00708621 2.24604e-11 2.75819e-05 
0.0677623 0.0417393 0.0012469 0.000450019 4.96477e-09 2.5522e-06 6.04149e-09 0.717376 6.21028e-10 0.0570345 2.00785e-09 0.0295948 0.0411846 1.68114e-05 0.0435922 
0.0206636 0.828616 5.52717e-06 1.56499e-08 6.49494e-08 4.96823e-05 7.90351e-08 0.150608 8.12432e-09 3.27324e-05 2.62668e-08 1.71899e-08 2.36964e-05 1.05298e-07 4.52106e-08 
0.354593 0.0319355 0.0939766 3.10976e-06 8.43972e-08 0.000337467 1.02701e-07 4.28997e-05 1.0557e-08 0.148262 3.41319e-08 0.370804 4.45391e-05 1.36828e-07 5.87481e-08 
2.1583e-11 0.994001 0.000149557 5.48255e-08 1.33764e-10 0.00145428 5.37318e-07 1.4341e-11 1.67322e-11 1.53045e-11 0.00439413 3.54029e-11 9.94318e-11 2.16864e-10 5.3083e-07 
0.0742266 0.452121 0.175315 0.0299869 0.00593716 0.0182194 0.00599993 0.161356 0.001304 0.014636 0.00192743 0.0198663 0.00479431 2.71233e-05 0.0342826 
0.091425 0.0133285 0.000626475 1.49046e-07 0.26324 2.29565e-07 0.540368 6.63169e-08 7.73743e-08 0.000136394 0.000630187 1.63713e-07 0.0195617 0.000289315 0.0703941 
0.00279086 0.0250611 0.000568928 6.12665e-05 3.10676e-08 1.19017e-05 2.36005e-07 0.05842 1.25191e-07 0.0360316 9.22296e-06 2.91972e-05 0.87662 7.3729e-10 0.000395436 
0.0201776 0.170633 0.0652899 6.13267e-06 0.718229 0.0013373 1.13678e-08 0.000729791 1.16854e-09 3.01843e-06 3.77801e-09 6.56458e-05 0.0235275 1.51453e-08 1.25108e-06 
1.02977e-05 0.916293 7.8723e-06 4.31958e-10 1.79269e-09 6.65313e-10 2.18147e-09 1.92196e-10 2.24242e-10 0.0836461 7.24998e-10 2.75669e-05 6.39764e-06 2.90927e-06 5.86623e-06 
0.000105127 0.965297 0.00420025 0.000415562 0.000360982 0.000219196 0.000421174 0.0229879 0.000176404 0.000427923 0.00295182 0.000575607 0.00090153 5.67738e-09 0.000959243 
2.58357e-05 1.14295e-09 0.682872 9.54982e-10 3.96331e-09 4.26705e-06 4.82284e-09 2.64299e-05 4.95759e-10 0.242305 1.60284e-09 0.0747572 2.94607e-09 9.00206e-06 2.75882e-09 
2.1817e-05 0.709525 0.000177866 9.7094e-08 0.001377 1.49546e-07 9.58723e-05 0.288648 5.04043e-08 0.000134801 1.62962e-07 1.79466e-05 2.9953e-07 6.53283e-07 2.80492e-07 
4.42266e-09 7.90459e-09 1.03126e-05 6.60464e-09 2.74102e-08 1.01726e-08 3.33547e-08 5.67443e-05 3.42866e-09 2.09999e-05 1.10852e-08 0.999883 1.56664e-05 4.44384e-08 1.28392e-05 
0.000633713 2.05081e-06 0.988987 1.71354e-06 7.11146e-06 2.63924e-06 0.000851291 7.62427e-07 8.89551e-07 8.13649e-07 2.87601e-06 1.88216e-06 0.00515256 1.15293e-05 0.00434306 
0.101385 0.000400447 0.0142097 1.58211e-05 0.00179376 0.000689574 0.000282106 0.0183951 1.03369e-07 0.0524006 6.50641e-05 0.690469 0.0118834 0.108008 2.05504e-06 
3.55782e-07 0.329859 7.99355e-05 5.31311e-07 2.20502e-06 8.18339e-07 2.68323e-06 2.36402e-07 2.75819e-07 0.000271268 8.91752e-07 5.83594e-07 1.63907e-06 3.57485e-06 0.669776 
1.34239e-05 0.965549 0.000145258 4.93564e-07 2.04836e-06 7.602e-07 2.4926e-06 0.0298872 2.56223e-07 0.00391481 5.5525e-05 5.42132e-07 0.000423764 3.32088e-06 1.42584e-06 
0.00745485 0.73323 0.034483 0.0331193 0.0039335 0.0179895 9.88871e-07 0.05031 4.6249e-07 0.000332422 0.111455 0.000576696 0.00708621 2.24604e-11 2.75819e-05 
8.59858e-08 0.059029 0.018344 4.1919e-05 5.32911e-07 1.97777e-07 5.44511e-06 0.00844587 6.66603e-08 2.62184e-05 2.1552e-07 1.41044e-07 3.96132e-07 8.63974e-07 0.914105 
0.00951394 0.108449 0.112789 7.84803e-06 7.18649e-05 4.21857e-05 0.56966 0.000152125 2.55772e-06 0.0135281 6.51086e-07 0.0871998 0.0965215 2.32989e-06 0.00205932 
0.0884951 0.000368581 0.00340245 0.0360542 0.000107467 0.0413812 0.000151424 0.473887 6.45159e-05 0.0336203 2.67723e-05 0.0332003 0.000368135 1.22312e-09 0.288873 
0.00279086 0.0250611 0.000568928 6.12665e-05 3.10676e-08 1.19017e-05 2.36005e-07 0.05842 1.25191e-07 0.0360316 9.22296e-06 2.91972e-05 0.87662 7.3729e-10 0.000395436 
0.00532902 0.986357 0.000223898 3.14312e-07 5.33022e-10 2.23942e-07 6.48619e-10 1.21761e-06 6.66741e-11 0.00446773 0.00190199 0.00158546 0.000132522 8.64153e-10 6.18206e-07 
4.29621e-07 0.999981 4.1315e-07 6.41579e-07 2.66264e-06 9.88175e-07 3.2401e-06 2.85465e-07 3.33062e-07 3.04643e-07 1.07682e-06 7.04712e-07 1.97924e-06 4.31677e-06 1.85344e-06 
0.00680707 0.00140889 0.00020762 0.68962 0.00309612 0.00241665 9.60276e-07 0.289542 2.62334e-05 0.00614376 5.95229e-05 0.000479159 3.46409e-05 9.30638e-09 0.000157425 
0.00532902 0.986357 0.000223898 3.14312e-07 5.33022e-10 2.23942e-07 6.48619e-10 1.21761e-06 6.66741e-11 0.00446773 0.00190199 0.00158546 0.000132522 8.64153e-10 6.18206e-07 
4.3727e-06 6.84281e-05 5.15101e-09 0.000225298 0.000592783 6.1554e-06 4.03964e-08 0.0126659 5.60378e-07 0.000158262 7.47441e-07 7.82748e-06 0.829736 0.156532 1.41284e-06 
9.75279e-06 1.74311e-05 9.37889e-06 1.45644e-05 6.04445e-05 2.24325e-05 7.35533e-05 6.48032e-06 7.56082e-06 6.91569e-06 2.44449e-05 1.59976e-05 4.49305e-05 0.999644 4.20748e-05 
0.150411 0.000963276 0.600697 7.60313e-06 1.46558e-09 0.000692983 1.78343e-09 0.000148728 1.83325e-10 0.232568 5.9271e-10 0.00569371 1.08942e-09 2.37605e-09 0.00881796 
0.00120836 2.06142e-07 1.51122e-07 0.000841614 7.21702e-08 2.9831e-05 4.06758e-08 0.997856 4.45619e-12 6.28662e-05 4.84573e-09 9.42867e-12 4.15082e-07 5.77561e-11 2.4798e-11 
0.0639286 0.00413644 0.740739 2.19948e-06 2.96101e-07 2.97659e-06 7.27928e-06 0.0286557 2.34446e-06 0.0316534 6.62322e-06 0.118695 0.0105393 2.96243e-06 0.00162859 
0.000176423 0.00248875 0.000224409 0.967032 1.25087e-08 3.66066e-05 5.44293e-12 0.0288297 5.30842e-09 0.00113809 1.80491e-07 2.35907e-05 9.1523e-06 4.16047e-09 4.10713e-05 
0.00532902 0.986357 0.000223898 3.14312e-07 5.33022e-10 2.23942e-07 6.48619e-10 1.21761e-06 6.66741e-11 0.00446773 0.00190199 0.00158546 0.000132522 8.64153e-10 6.18206e-07 
0.999586 0.000347864 1.45668e-06 2.26207e-06 9.38791e-06 3.48409e-06 1.14239e-05 1.00649e-06 1.17431e-06 1.07411e-06 3.79665e-06 2.48466e-06 6.97836e-06 1.522e-05 6.53483e-06 
0.00246497 0.858855 0.0269305 0.0181039 0.000219297 0.00416842 2.20183e-07 0.0631067 2.26334e-08 3.56687e-05 8.97347e-06 3.08174e-05 0.025152 7.69747e-05 0.000846376 
0.00532902 0.986357 0.000223898 3.14312e-07 5.33022e-10 2.23942e-07 6.48619e-10 1.21761e-06 6.66741e-11 0.00446773 0.00190199 0.00158546 0.000132522 8.64153e-10 6.18206e-07 
0.00595613 0.0686641 0.0244779 0.00763162 0.642603 0.0178747 0.0368858 0.134393 0.000978386 0.0422529 0.000790499 0.00253868 0.00536598 4.12403e-06 0.00958248 
4.3727e-06 6.84281e-05 5.15101e-09 0.000225298 0.000592783 6.1554e-06 4.03964e-08 0.0126659 5.60378e-07 0.000158262 7.47441e-07 7.82748e-06 0.829736 0.156532 1.41284e-06 
2.03956e-08 0.997022 6.27835e-05 3.04581e-08 1.26405e-07 0.000192387 1.55358e-05 0.000172125 1.58117e-08 0.000245877 0.000250543 3.34552e-08 0.000498088 2.04933e-07 0.00153989 
0.0658832 0.00100869 0.00875714 0.00223292 5.85743e-05 0.00434559 5.04363e-07 0.328827 3.87626e-05 0.0135738 0.000102057 0.00105718 0.318133 0.0175797 0.238402 
0.000282362 0.321373 0.0111068 6.60606e-05 2.95964e-07 1.0984e-07 3.6015e-07 0.664026 3.70212e-08 0.000792842 0.000338541 0.000486326 0.000398089 4.79827e-07 0.00112802 
7.17303e-05 1.14812e-12 6.17755e-13 4.07691e-06 4.88989e-09 1.33403e-05 4.8447e-12 0.0727024 4.98005e-13 0.000470012 1.6101e-12 1.05371e-12 0.926738 6.45457e-12 2.77132e-12 
5.72958e-06 0.00086627 6.89668e-05 0.98456 5.23424e-06 0.00013619 1.74705e-12 0.0143571 1.79586e-13 3.46002e-07 5.32752e-08 6.49915e-10 8.25106e-09 2.32759e-12 9.99369e-13 
0.00279086 0.0250611 0.000568928 6.12665e-05 3.10676e-08 1.19017e-05 2.36005e-07 0.05842 1.25191e-07 0.0360316 9.22296e-06 2.91972e-05 0.87662 7.3729e-10 0.000395436 
0.00279086 0.0250611 0.000568928 6.12665e-05 3.10676e-08 1.19017e-05 2.36005e-07 0.05842 1.25191e-07 0.0360316 9.22296e-06 2.91972e-05 0.87662 7.3729e-10 0.000395436 
0.0333536 0.168164 0.0437462 0.0233759 0.0543296 0.0299576 1.50745e-07 0.0675249 0.00093948 0.102524 0.0593514 0.357337 0.0538559 0.00521124 0.000328866 
0.000105127 0.965297 0.00420025 0.000415562 0.000360982 0.000219196 0.000421174 0.0229879 0.000176404 0.000427923 0.00295182 0.000575607 0.00090153 5.67738e-09 0.000959243 
0.00532902 0.986357 0.000223898 3.14312e-07 5.33022e-10 2.23942e-07 6.48619e-10 1.21761e-06 6.66741e-11 0.00446773 0.00190199 0.00158546 0.000132522 8.64153e-10 6.18206e-07 
0.0134314 0.124643 0.68216 0.000791766 0.000379114 1.10015e-09 3.60726e-09 0.0604202 3.70804e-10 0.107195 1.19885e-09 0.0100653 2.20352e-09 0.00064976 0.000263896 
0.00415808 0.295561 0.66285 1.9182e-06 3.41412e-06 1.53332e-09 5.02755e-09 0.0327028 5.16801e-10 0.0018233 1.19686e-06 0.00239838 2.51389e-05 6.69818e-09 0.000475009 
0.0810014 0.00377949 0.00312242 6.5514e-11 5.02914e-06 0.00665398 3.30858e-10 0.0136398 3.40102e-11 0.368738 3.60993e-06 0.129461 0.393584 3.10273e-06 8.73119e-06 
1.24069e-09 0.69018 6.802e-06 1.8528e-09 7.68938e-09 2.85372e-09 9.35699e-09 0.10889 9.61841e-10 1.13499e-05 3.10973e-09 2.03512e-09 5.71578e-09 1.24663e-08 0.200911 
0.00532902 0.986357 0.000223898 3.14312e-07 5.33022e-10 2.23942e-07 6.48619e-10 1.21761e-06 6.66741e-11 0.00446773 0.00190199 0.00158546 0.000132522 8.64153e-10 6.18206e-07 
0.0465204 0.190192 7.38237e-07 0.1968 9.8502e-11 2.37655e-07 1.19864e-10 0.541764 8.01007e-08 0.00883447 9.16626e-08 5.92577e-06 0.00690388 0.00301718 0.00596105 
0.0131004 0.0551378 0.00477391 0.0134361 0.036767 0.000291629 6.15027e-07 0.845571 2.21037e-06 0.0136668 0.000666464 3.47447e-06 0.00344529 1.10573e-06 0.0131367 
0.444186 0.00295361 0.0148546 4.83149e-06 0.000176185 3.29403e-06 1.87835e-10 0.518446 9.40327e-07 7.27447e-06 4.5821e-06 1.3016e-05 3.72916e-06 2.50252e-10 0.0193461 
7.01084e-07 0.987271 0.00748435 1.04697e-06 0.00521845 1.61257e-06 5.28741e-06 4.65841e-07 5.43513e-07 4.97137e-07 1.75724e-06 1.15e-06 3.22985e-06 7.0444e-06 3.02457e-06 
0.00532902 0.986357 0.000223898 3.14312e-07 5.33022e-10 2.23942e-07 6.48619e-10 1.21761e-06 6.66741e-11 0.00446773 0.00190199 0.00158546 0.000132522 8.64153e-10 6.18206e-07 
0.0300943 0.914303 2.70448e-06 4.19977e-06 1.74296e-05 6.46859e-06 2.12097e-05 0.00654215 2.18022e-06 0.0277212 7.04889e-06 0.0212246 1.29561e-05 2.82576e-05 1.21326e-05 
0.00016544 0.046128 0.000546227 6.86953e-06 2.8481e-08 1.057e-08 3.46578e-08 3.05348e-09 3.56261e-09 0.943868 1.15183e-08 0.00024876 0.000201144 6.46903e-05 0.00877071 
0.0026682 0.00483256 0.000657794 1.55378e-05 0.000230019 0.287323 1.22311e-08 0.0205702 5.50895e-06 0.000519997 0.631866 0.0500178 0.000419056 0.000119415 0.000755128 
0.000363661 0.00218434 0.00583237 0.000293283 0.00939793 0.00370975 5.86822e-09 0.899406 2.08892e-06 0.0100589 0.000204039 0.0127286 0.0374907 2.33623e-05 0.0183046 
0.0014561 0.973725 1.33347e-07 0.00658515 8.59385e-07 3.1894e-07 1.04576e-06 0.013673 1.07498e-07 0.00150448 3.47552e-07 2.2745e-07 6.38811e-07 1.39327e-06 0.00305145 
1.2508e-08 0.977324 1.20285e-08 1.8679e-08 7.75205e-08 2.87698e-08 9.43325e-08 0.0226336 9.6968e-09 1.68607e-05 2.5112e-05 2.05171e-08 5.76237e-08 1.25679e-07 5.39612e-08 
1.77188e-08 0.0809244 4.3802e-05 3.56421e-05 1.09815e-07 3.56807e-06 4.2215e-06 3.24258e-05 1.37365e-08 2.2305e-05 4.44114e-08 2.90644e-08 8.16295e-08 1.78036e-07 0.918933 
3.9931e-06 7.13684e-06 3.84002e-06 5.96315e-06 0.999839 9.18459e-06 3.01151e-05 2.65325e-06 3.09564e-06 2.8315e-06 1.00085e-05 6.54994e-06 1.8396e-05 4.01222e-05 1.72268e-05 
0.00201242 0.35104 0.0125867 0.0180547 0.445012 0.0137853 1.44353e-05 0.119128 0.000217517 0.0257742 0.00407567 0.000411586 0.00245009 4.54554e-09 0.00543763 
4.85085e-05 0.0599884 2.63772e-05 3.9607e-05 1.40479e-08 5.21354e-09 1.70945e-08 0.838757 1.75721e-09 0.100972 5.68125e-09 2.78888e-05 0.000139937 2.2775e-08 9.77861e-09 
