0.0134539 0.00302573 0.09621 0.0287728 0.00019736 0.0018279 4.75675e-06 0.0400174 0.019681 0.776857 0.00440961 0.0128435 0.00120193 6.30133e-06 0.00149088 
0.229603 0.00588048 0.0256453 0.00741924 0.00328875 0.0378005 5.36448e-05 0.129792 0.212837 0.304167 1.5877e-05 0.0140008 0.0246068 6.23116e-05 0.00482711 
0.0109551 0.00958953 5.51081e-06 0.00411417 2.28754e-06 0.00830903 6.7454e-08 0.0191607 0.184155 0.763493 3.07302e-07 0.00020479 9.0507e-06 2.6765e-09 1.3206e-06 
0.0917004 0.000478369 0.0467001 0.000290015 4.86066e-08 0.00497836 6.6326e-09 0.0507206 0.0436654 0.736401 8.6925e-06 0.0220407 0.00301575 9.55435e-12 4.49358e-07 
0.0363833 0.00309957 0.0756823 0.00381418 6.12783e-09 0.0464594 0.000247422 0.164686 0.0774652 0.474358 3.46606e-05 0.0868992 0.00462355 1.25954e-06 0.0262457 
0.0298774 0.00310807 0.0757983 0.00344277 0.000140566 0.0134213 1.18719e-07 0.0262611 0.0795784 0.548523 0.000144462 0.0588824 0.0402787 0.000683914 0.119859 
0.0682798 0.01941 0.0809361 0.051244 0.00215455 0.0199472 4.71526e-06 0.051319 0.294952 0.383645 0.011503 0.0152621 0.000922027 0.000139972 0.000279856 
0.0387246 0.000631891 0.0206419 0.000416158 9.05528e-09 0.0377993 1.27542e-07 0.0235755 0.298028 0.57216 2.54677e-11 0.00471562 0.00283261 7.93591e-07 0.000472779 
0.111807 0.0546633 0.0492605 0.117103 0.0233816 0.0389858 1.02211e-05 0.0793896 0.235692 0.265621 3.99346e-05 0.0182649 0.00139737 0.000331021 0.00405226 
0.0274399 0.302132 0.00842829 0.0212714 4.90271e-05 0.04855 1.73344e-06 0.101632 0.0952062 0.385593 1.79983e-05 0.00512858 0.00164515 2.14952e-08 0.00290516 
0.0332558 6.53093e-06 3.514e-06 5.45688e-06 2.26468e-05 8.40483e-06 2.75583e-05 2.42799e-06 2.83283e-06 0.916213 9.15882e-06 5.99386e-06 0.0235847 3.67159e-05 0.0268149 
0.0815814 0.00631196 0.00485139 0.000769477 7.30484e-12 0.000697345 1.02243e-08 0.219733 0.197803 0.480556 8.69416e-09 0.00581633 0.000220816 5.56238e-10 0.00165953 
0.00266353 0.0274708 0.0661861 0.0393322 0.00062518 0.00381817 0.000222482 0.250025 0.0690079 0.513891 2.36845e-05 0.00615838 0.000174756 0.00162555 0.018775 
0.0742397 0.20325 0.00204523 0.000422378 2.95919e-10 1.49554e-07 7.93937e-08 0.112094 0.141716 0.459665 6.73613e-08 0.00338194 2.79125e-06 4.6916e-09 0.00318251 
0.0997226 0.00579558 0.0204121 0.0325178 0.147389 0.118082 1.88413e-06 0.109462 0.118193 0.329422 0.00023949 0.0119079 0.00278746 0.00013448 0.00393141 
0.144545 0.00256611 0.0228228 0.00728246 0.000129585 0.0524427 3.55139e-06 0.141641 0.1721 0.38874 0.000142848 0.0427025 0.000405252 0.00516278 0.0193136 
0.0629748 0.00232969 0.0399885 0.00960594 7.11697e-05 0.0153047 0.000105983 0.133993 0.157217 0.568592 1.59686e-06 0.00598796 0.00332239 9.17241e-07 0.000504548 
0.0280413 0.120575 0.202496 0.0133037 0.00552988 0.0230464 0.00652766 0.189535 0.0719334 0.260231 0.0119141 0.0601039 0.00356033 3.18934e-05 0.0031706 
0.0376234 0.0640609 0.0480595 0.0545145 4.36194e-05 0.00134641 1.12339e-08 0.0189499 0.36089 0.404461 0.00017451 0.00463441 0.000832666 1.78447e-12 0.00440995 
9.45436e-08 0.0120651 0.017202 1.41188e-07 0.00234438 0.00224006 7.13026e-07 0.0028207 0.0160003 0.938475 0.000118722 0.000899624 4.35557e-07 9.49962e-07 0.00783157 
0.0458582 0.138467 0.23655 0.000803931 0.00282231 0.0715033 0.000119443 0.0317088 0.0976674 0.308385 0.000559462 0.0613546 0.0031416 2.69051e-08 0.00105742 
0.177413 0.0078261 0.0259221 0.0432363 0.000352522 0.172278 6.52674e-06 0.0393626 0.156184 0.328221 0.000170792 0.0393929 0.00646614 0.000788181 0.00237984 
0.0795184 0.0169086 0.0647113 0.00485142 0.00246502 0.0188742 1.51334e-07 0.0796165 0.157662 0.51998 0.000618086 0.0451809 0.00586941 1.62319e-07 0.00374397 
0.18807 0.0144703 0.0201996 0.0176972 0.0154245 0.104356 9.21727e-07 0.0233091 0.24477 0.347153 1.62573e-05 0.0202226 0.00168156 2.58427e-09 0.00262862 
0.177814 0.00207607 0.0139429 0.103647 9.00722e-05 0.0397949 1.37741e-06 0.0670121 0.247266 0.317357 0.000128686 0.0295248 0.00127643 1.20347e-12 6.76468e-05 
0.0303445 0.304201 0.0296883 0.00016192 0.000621459 0.0208229 5.05127e-05 0.094868 0.0149799 0.458342 0.00023816 0.00402141 0.00101871 0.00158712 0.0390543 
0.0146434 0.00652489 0.000969449 6.20903e-08 0.00101838 0.220064 6.13242e-10 0.00301668 0.0980811 0.639685 4.49273e-08 0.0159044 9.29856e-05 8.1702e-10 3.50794e-10 
0.0756509 0.00562389 0.00408367 0.00378986 5.5517e-05 0.0629972 3.92185e-06 0.0667452 0.0411879 0.683034 0.0042716 0.0017251 0.0433235 0.00740055 0.000107085 
0.17129 0.0051216 0.0829567 0.0747618 0.0519583 0.0638182 5.71414e-07 0.0851923 0.16909 0.219322 0.000207187 0.0368015 0.0204128 2.78972e-09 0.0190672 
0.128464 0.0237244 0.0444522 0.0274722 0.00202534 0.0235891 0.000119847 0.107869 0.23154 0.339536 0.000538453 0.0297016 0.0327581 0.000879621 0.00733036 
0.0795643 0.0203356 0.0580786 0.020424 0.000833799 0.0292775 0.000152445 0.12423 0.120113 0.438438 0.000138715 0.0261202 0.0768064 8.06704e-05 0.00540642 
0.155309 0.0151059 0.22386 0.000373722 0.00048416 0.0180677 5.10217e-05 0.115609 0.0257749 0.3658 0.00038199 0.0705678 0.00408199 7.97059e-05 0.00445297 
0.155481 0.00147732 0.016443 0.1057 9.57193e-05 0.0756319 0.000413313 0.202019 0.126782 0.25299 0.00439191 0.0074064 0.051089 6.65328e-05 1.20325e-05 
0.0165252 0.0850041 4.36733e-08 8.32864e-12 0.000689815 0.0338391 1.55031e-07 0.00027898 0.0193419 0.836493 5.80374e-08 2.72633e-07 0.00027473 5.60381e-11 0.00755287 
0.031238 0.00177009 0.0010842 0.000456069 4.51653e-06 0.0987131 1.54302e-08 0.0488043 0.0466513 0.712137 4.97474e-06 0.00032979 0.0468333 0.0119734 5.82734e-08 
0.114378 0.117338 0.0299099 0.0067277 0.000242548 0.13114 0.000397087 0.0851982 0.129436 0.367359 0.000152409 0.00419555 0.00224683 0.00175551 0.00952445 
0.0358944 0.0165246 0.00283096 0.00277057 2.48682e-09 0.0493445 1.52693e-06 0.0361146 0.0315656 0.819323 3.20248e-06 6.45145e-05 0.00491374 8.33049e-11 0.000648226 
0.0919205 0.0983819 0.0473318 0.0117953 0.00101135 0.000926759 2.79533e-09 0.0623045 0.214699 0.404418 0.00013844 0.0508363 0.00124173 0.000231081 0.014764 
0.188693 0.0487459 0.0344244 0.0177876 0.00123909 0.018463 6.1833e-07 0.0945373 0.195036 0.369833 2.48043e-05 0.0102684 0.00284453 8.15381e-06 0.018094 
0.0216171 0.234745 0.0297877 0.00153256 0.000298934 0.0452319 0.000107142 0.136935 0.0205514 0.355812 0.000358245 0.00693068 0.0160398 1.48019e-09 0.130053 
0.173141 0.0903103 2.06654e-06 1.92042e-07 8.15974e-07 7.04089e-11 4.61954e-07 0.271415 8.18748e-07 0.41455 7.6802e-08 5.02118e-11 6.91154e-07 3.07576e-10 0.0505786 
0.0979252 0.00437987 0.00231085 0.00237995 5.9531e-05 0.195824 7.41493e-07 0.0250214 0.139728 0.526866 4.27021e-05 0.00258268 0.000306953 2.32261e-11 0.00257216 
0.136535 0.102673 0.0493755 0.030798 0.00286357 0.0102194 0.00530439 0.159667 0.0841493 0.328295 0.000564325 0.0579354 0.0145213 0.000203937 0.0168949 
0.279429 0.000102985 0.00542393 7.73154e-06 1.64498e-05 0.211803 6.49502e-09 0.000591149 0.152392 0.346116 5.27318e-09 0.00316139 0.000741531 9.27577e-12 0.000215287 
0.138575 0.040409 0.0283988 0.0342684 0.00255229 0.0070584 7.40609e-07 0.159835 0.018917 0.525224 8.21273e-06 0.0280443 0.000421375 0.00685863 0.0094287 
0.257045 0.00178772 0.0187294 0.00676559 0.0396246 0.00458155 4.55129e-08 0.208364 0.0711563 0.305108 0.000230202 0.0278 0.0559017 0.00254073 0.000365132 
0.256528 0.000200988 0.00277758 0.000168802 1.0837e-05 0.274262 0.000236555 0.00726727 0.0125102 0.305792 0.0820382 0.00712207 0.000714204 0.0503677 2.21645e-06 
0.141383 0.0533517 0.179192 0.0601135 0.000104144 0.00623752 0.00383664 0.0244965 0.0951739 0.430117 4.52165e-08 0.00209772 0.00364324 4.2364e-11 0.000253002 
9.28851e-06 1.99954e-06 0.262355 6.49781e-06 2.3606e-08 2.87445e-06 1.43464e-07 0.00984402 0.198106 0.482535 3.07797e-07 0.0471371 1.60455e-06 5.45947e-11 3.37568e-07 
0.0795505 1.13793e-06 0.0382396 1.13797e-06 1.13727e-06 0.196735 1.13707e-06 0.00523638 0.164909 0.453415 0.000797611 0.0611091 1.13751e-06 1.13669e-06 1.13755e-06 
0.0602984 0.00124722 0.0363988 0.00272633 0.00035385 0.0301253 4.24817e-06 0.0485746 0.113967 0.690514 3.32332e-05 0.0109652 0.00371972 4.04861e-08 0.00107226 
0.296676 0.114939 0.0132388 5.54165e-05 0.00271698 0.114029 3.62738e-05 0.0800139 0.0485597 0.299278 0.000277458 0.0280054 0.000600084 3.55726e-05 0.00153857 
0.0648955 0.0112116 0.0747083 0.00100536 0.0446391 0.0034689 0.000424803 0.13759 0.20756 0.229402 2.87054e-05 0.0136713 0.203835 9.18487e-06 0.00754967 
0.0732599 0.292838 0.00193187 0.0292145 0.000129146 0.00182157 0.000193694 0.0867036 0.105173 0.407594 0.000206225 0.000871 3.17406e-05 4.85506e-11 3.19105e-05 
0.0734086 0.011801 0.00718946 0.00346575 0.000880548 0.0238819 9.55007e-07 0.0124929 0.258379 0.586693 0.000150735 0.0207216 0.00012636 6.02586e-05 0.000747444 
0.0517446 0.00256372 0.0760603 1.15553e-09 6.6422e-05 0.00191501 5.83567e-09 0.0692899 0.0189371 0.76701 1.02392e-05 0.00868892 0.000513551 7.36161e-05 0.00312686 
0.116497 0.0290128 0.0326837 0.0130819 5.96027e-06 0.000526107 0.000764953 0.0108195 0.314847 0.434375 0.00368762 0.0433235 0.000370583 1.98566e-06 2.95837e-06 
0.0152229 0.0243802 0.0447412 0.00214595 2.95235e-07 0.00403654 4.14414e-07 0.0383312 0.188663 0.667881 0.000124387 0.0134718 0.00037845 8.17016e-05 0.000540955 
0.0381119 6.12963e-05 0.172095 0.00132502 1.28575e-05 0.00356773 2.76096e-05 0.0216071 0.0141155 0.675253 4.67602e-06 0.0703275 0.00170109 1.89546e-10 0.00179022 
0.0491868 0.0373733 0.0503111 2.4368e-10 6.30055e-05 3.15308e-06 1.97024e-06 1.07774e-05 1.26501e-10 0.797065 4.08991e-10 1.95418e-06 0.0141469 6.57463e-07 0.0518352 
0.183931 0.00312323 0.070868 0.00217284 0.00130613 0.0290866 0.0182546 0.0408127 0.291092 0.294204 2.02042e-05 0.0627617 0.000541176 0.000204165 0.00162146 
0.0363833 0.00309957 0.0756823 0.00381418 6.12783e-09 0.0464594 0.000247422 0.164686 0.0774652 0.474358 3.46606e-05 0.0868992 0.00462355 1.25954e-06 0.0262457 
0.154369 0.00880046 0.0819341 0.00200837 0.000935415 0.0691037 1.11549e-05 0.013926 0.115658 0.456498 5.61734e-05 0.0913683 0.00456214 3.55822e-05 0.000733572 
0.0658954 0.00457435 0.0139859 0.0147698 0.00058464 0.0112683 2.69407e-05 0.0872641 0.280168 0.513467 2.54349e-05 0.00348537 0.000153483 0.00084271 0.00348905 
0.0442675 0.179967 0.000931169 0.0423903 5.27106e-05 0.142275 9.36779e-05 0.0939226 0.0868596 0.405549 2.48644e-05 0.000925218 0.00189664 2.33496e-11 0.000844301 
0.012306 0.0864841 0.109959 0.00173629 0.00026593 0.000313105 6.10282e-06 0.242659 0.0103045 0.390865 0.0246073 0.0339103 0.023976 2.71817e-05 0.0625805 
0.0309259 0.0704245 0.143959 0.00367633 0.0293312 0.00464357 2.67981e-09 0.0636234 0.239598 0.370937 0.000267497 0.0265554 0.00913831 3.32036e-07 0.00691902 
0.117777 0.00127741 0.0178183 0.00299338 2.66938e-08 0.100314 1.0161e-06 0.00745234 0.285607 0.462918 3.40103e-06 0.00366063 0.000163435 1.7278e-12 1.51222e-05 
0.125325 0.184386 0.0428901 0.00388354 6.98494e-07 0.00322418 5.73283e-06 0.166353 0.0449643 0.414757 8.55068e-05 0.000786252 0.00121428 1.76047e-05 0.0121064 
0.116555 0.0108084 0.154047 0.0115264 0.000852906 0.0457307 0.00234984 0.0572583 0.14624 0.372995 0.00518314 0.0645611 0.00753479 0.000144857 0.00421154 
0.0718582 0.0254639 0.152467 0.00482034 3.78506e-05 0.00114871 0.000945556 0.0208367 0.193693 0.448522 0.000247018 0.0225609 0.0486164 1.16845e-05 0.00877167 
0.256528 0.000200988 0.00277758 0.000168802 1.0837e-05 0.274262 0.000236555 0.00726727 0.0125102 0.305792 0.0820382 0.00712207 0.000714204 0.0503677 2.21645e-06 
0.032296 0.00418412 0.08995 0.00356818 3.89443e-05 0.000466151 7.23759e-06 0.00770239 0.140564 0.379967 0.00451285 0.332627 0.0017465 8.8332e-10 0.00236947 
0.139241 0.00759249 0.0222165 0.00971758 0.000599419 0.0925938 3.80925e-05 0.0638733 0.184255 0.460057 5.56966e-05 0.014945 0.00423973 1.10421e-06 0.000573504 
0.0835569 0.0142914 0.0134051 0.00102191 8.6138e-05 0.00928675 1.308e-05 0.0615786 0.316116 0.444108 5.90578e-05 0.0357426 0.0189611 6.07433e-06 0.00176744 
8.66943e-07 0.338856 0.0159435 8.93747e-07 5.63409e-07 0.0278766 2.66759e-11 0.0179854 1.22932e-05 0.576203 8.8824e-05 0.0173132 1.81204e-06 2.23441e-05 0.00569417 
0.110566 7.59467e-05 0.026465 0.095184 1.78679e-07 0.0166609 5.5797e-06 0.188128 0.0638592 0.373596 2.40126e-05 0.041828 0.0835806 1.66054e-08 2.6878e-05 
0.131234 0.00828077 0.0520097 0.0249693 0.000994086 0.0212567 0.000345784 0.0462122 0.140319 0.36253 0.00843757 0.183513 0.0031843 4.96838e-05 0.0166636 
0.0507046 0.000161247 0.0457762 0.000363305 6.80943e-07 0.0576434 5.28611e-07 0.0114631 0.0156825 0.799056 6.78418e-07 0.018123 0.00101369 4.94297e-12 1.13399e-05 
0.0342236 0.175873 0.00148198 9.45248e-07 2.35599e-08 0.00701409 0.000118899 0.0441863 0.0635169 0.668114 0.000239451 0.0045973 0.00046168 9.70313e-07 0.000170996 
0.0930235 0.160918 0.0627077 0.0239914 0.000722785 0.00713215 0.000254573 0.153689 0.158712 0.261299 8.4239e-06 0.0675276 0.00456197 0.000160781 0.00529108 
0.188336 0.0213973 0.037597 0.0164897 0.00204766 0.104878 0.0135989 0.0649591 0.239724 0.271857 0.00350463 0.0218873 0.00528316 0.00108713 0.00735286 
0.0563068 0.225124 0.017632 0.00375434 0.000316729 0.00356775 3.06204e-05 0.161018 0.120038 0.398875 4.31208e-05 0.0033 0.00224364 0.00268623 0.00506321 
0.02842 0.0155841 0.000434202 8.9477e-05 4.76594e-05 0.0194406 9.33039e-07 0.0089984 0.350515 0.57527 1.17201e-05 0.000812039 0.000240247 0.000116281 1.90652e-05 
0.0173962 0.0439491 0.0183089 0.000141535 1.42335e-07 0.0382002 5.85452e-05 0.0417152 0.0157602 0.774516 0.00433873 0.0425388 0.00251652 3.07117e-05 0.000529413 
0.0442926 0.107258 0.00648265 0.0272783 0.00218024 0.0134391 0.000261201 0.0240094 0.213882 0.545648 0.000183739 0.00688094 0.00373309 1.7788e-07 0.00447066 
0.0255454 0.1262 0.0183819 4.19357e-06 8.92889e-11 8.13659e-08 3.34436e-08 0.17897 0.115091 0.411673 3.79367e-08 0.0971668 1.34032e-07 1.57406e-06 0.0269667 
0.093402 0.02514 0.017076 0.0680782 0.00239209 0.032631 0.00079369 0.209434 0.0566528 0.449857 0.000252897 0.0285018 0.00315126 0.00549204 0.00714576 
0.203883 0.000570151 0.000660147 0.000181368 6.419e-06 0.267059 5.59153e-09 0.00537425 0.0938613 0.422646 3.73411e-05 0.00219972 0.00029315 0.00322508 2.61607e-06 
0.15239 0.00661954 0.0237687 0.0205444 0.000193568 0.285842 4.23001e-05 0.0322582 0.0922142 0.349042 0.00260782 0.0299929 0.00246002 0.000301125 0.00172276 
1.42628e-06 0.349545 0.0285726 7.65615e-08 7.61284e-06 0.000792815 1.48361e-06 0.112294 1.29883e-05 0.396728 0.000149894 0.0936852 0.0124122 0.00106129 0.00473477 
0.132953 0.0752632 0.0826631 0.0122454 0.00117744 0.0985692 0.000113803 0.0640849 0.1315 0.33527 0.0206577 0.0252161 0.0086647 0.000901895 0.0107183 
0.179274 0.005208 0.084646 0.00197908 6.99686e-06 0.0433389 6.21612e-06 0.0834397 0.0159292 0.507533 0.00024477 0.0626056 0.00422474 3.9839e-05 0.0115246 
0.0852952 0.000260671 0.260685 0.0102991 2.46235e-07 0.0123343 4.99094e-05 0.0665449 0.0846695 0.337762 0.131518 0.00800217 0.00246318 4.51718e-05 7.1962e-05 
0.043533 0.00247036 0.019774 0.00667127 0.00082148 0.0835158 1.68508e-07 0.142343 0.0078166 0.549287 0.00193017 0.137083 0.00186888 1.57632e-08 0.00288523 
0.0585245 0.034218 0.0741726 0.000567412 0.00384451 0.00444993 0.000102193 0.070229 0.0302118 0.622749 6.59613e-05 0.0816985 0.0112045 0.000331584 0.00763043 
0.266593 0.0102754 0.0172188 0.00092192 9.11671e-06 0.0464009 6.17796e-06 0.0132825 0.197539 0.444107 1.05359e-06 0.00238109 8.24818e-05 1.46721e-06 0.00118009 
0.0390101 0.0146931 0.00365615 0.0271459 0.000164528 0.062295 3.68994e-08 0.0941842 0.0473303 0.705087 6.27021e-05 0.00560288 0.000767725 6.94071e-10 2.27122e-07 
0.02543 0.0125416 0.147843 0.000136677 0.000317512 0.0396649 1.3514e-10 0.110489 0.0953279 0.315147 0.000274923 0.246789 0.000132821 0.0020646 0.00384021 
0.285944 0.0421185 0.029863 0.00577038 0.00491205 0.137832 0.000207672 0.0386868 0.114688 0.318019 0.00163911 0.0172807 0.0011389 5.46925e-09 0.00189948 
0.125461 0.0213737 0.0133375 0.0350601 2.65741e-05 0.16661 1.55145e-06 0.158026 0.154722 0.225795 0.00027284 0.00707721 0.0919228 5.70303e-07 0.00031298 
0.0589959 0.0463112 0.080793 0.000280506 9.75307e-05 0.0339586 8.12561e-09 0.092754 0.302221 0.315469 8.3365e-05 0.0245225 0.0390017 1.18744e-05 0.0055002 
0.331607 0.00215349 0.00472073 0.00194569 9.23268e-08 0.00729521 2.12328e-05 0.231943 0.0249881 0.340331 0.0045559 0.00952608 0.0401079 0.000778733 2.65767e-05 
0.236598 0.00254866 0.021311 0.00119744 2.52055e-05 0.247725 0.000105325 0.00929506 0.0830583 0.371589 4.81103e-05 0.00338679 0.0207783 0.00230408 2.92842e-05 
0.02842 0.0155841 0.000434202 8.9477e-05 4.76594e-05 0.0194406 9.33039e-07 0.0089984 0.350515 0.57527 1.17201e-05 0.000812039 0.000240247 0.000116281 1.90652e-05 
0.201956 0.112506 0.0463373 0.0089882 0.00972914 0.123012 4.50337e-05 0.0968127 0.0788546 0.259652 0.00126288 0.0206714 0.00190052 4.04834e-06 0.0382671 
0.0755096 0.00164431 0.154019 0.00438425 0.000317834 0.0338749 3.00774e-07 0.030684 0.181791 0.365428 6.92718e-05 0.146686 0.00159286 1.26778e-05 0.00398645 
0.165415 0.00713564 0.207306 0.00114412 0.000226071 0.107152 0.00126057 0.00748306 0.173807 0.229344 0.0610726 0.0192774 0.000895404 0.018247 0.0002339 
0.00555495 0.0222522 0.00859823 0.00151284 0.00133407 0.0073678 8.31334e-07 0.316521 0.0478428 0.54285 0.000219546 0.0124921 0.00224805 0.0244538 0.0067518 
0.00752866 0.0527781 0.0222984 0.000639639 0.00428976 0.0474553 2.67226e-07 0.0221336 0.339032 0.49678 1.26676e-05 0.00543801 0.0015827 2.71815e-05 3.91301e-06 
0.0631372 0.00903057 0.0126851 0.0475726 0.000385623 0.176677 8.71212e-07 0.101295 0.131034 0.44341 5.19037e-05 0.0118018 0.000915804 3.10365e-09 0.00200337 
0.00526283 1.51619e-12 0.021026 0.000300557 4.45297e-09 0.0118027 2.90746e-05 0.00519115 0.0649225 0.842278 2.17884e-09 0.0490023 0.000158305 8.52377e-12 2.6927e-05 
0.0921734 0.0315806 0.0609573 0.0225862 0.00197627 0.0247269 0.000268508 0.0985634 0.141488 0.43044 0.00409777 0.0621964 0.0237094 3.16827e-06 0.00523252 
0.201776 0.00470007 0.0192957 0.00766336 1.70188e-07 0.0551865 1.70158e-07 0.0651956 0.154232 0.436182 1.70271e-07 0.0481581 0.00168539 1.70102e-07 0.00592418 
0.117714 0.0213248 0.00904003 0.0692881 0.000429515 0.035434 5.80172e-06 0.156757 0.0788157 0.328408 8.99227e-05 0.0143881 0.162177 0.000163765 0.00596481 
0.0732342 0.00410871 0.0960223 0.00813335 0.000307153 0.0209282 3.03404e-06 0.0315425 0.156599 0.570783 0.000559765 0.0321842 0.00125305 0.000463762 0.00387729 
0.116392 0.0359485 0.00054968 1.77627e-06 4.28265e-05 0.0422478 3.894e-09 0.165936 0.239049 0.397146 5.47985e-09 0.00021526 0.00142562 1.52542e-12 0.00104634 
0.0439168 0.000113307 0.000498743 0.000698333 1.367e-08 0.0187192 1.15349e-07 0.0369371 0.258987 0.637248 7.02152e-06 0.00254078 0.000333573 1.23117e-12 5.15347e-09 
0.00585746 0.00308454 0.0918239 0.00909336 0.000103323 0.0028381 3.50692e-06 0.0723588 0.0622492 0.651272 0.0463572 0.0396616 0.00948142 0.000536258 0.00527982 
0.207957 0.025198 0.0877597 0.0049939 4.04578e-06 0.00118809 2.4603e-06 0.085757 0.00911591 0.417061 1.14649e-05 0.108071 0.000352555 2.93323e-06 0.0525247 
0.296345 0.0225071 0.0365786 0.0138999 0.00097633 0.021255 0.000908276 0.0650117 0.116855 0.360295 0.000338491 0.0541675 0.00520227 0.000136893 0.00552327 
0.031238 0.00177009 0.0010842 0.000456069 4.51653e-06 0.0987131 1.54302e-08 0.0488043 0.0466513 0.712137 4.97474e-06 0.00032979 0.0468333 0.0119734 5.82734e-08 
0.0976866 0.0819073 0.0684563 0.0129606 0.00231177 0.00783854 0.006765 0.0614126 0.0706853 0.518922 0.00306266 0.032244 0.010615 0.00604613 0.0190861 
0.0309091 0.0597388 0.00566416 0.000442591 1.63701e-06 0.214783 8.53873e-08 0.287328 0.00517526 0.330627 0.000159353 0.0114672 0.000102493 3.12421e-09 0.0536012 
1.42628e-06 0.349545 0.0285726 7.65615e-08 7.61284e-06 0.000792815 1.48361e-06 0.112294 1.29883e-05 0.396728 0.000149894 0.0936852 0.0124122 0.00106129 0.00473477 
0.0115851 0.0315913 0.0016711 0.000203235 0.000713087 0.000321859 3.1824e-10 0.116106 2.58299e-07 0.822405 4.00118e-08 0.00842733 0.000419875 4.2399e-10 0.00655577 
0.0451822 0.00421602 0.0462424 0.0308811 2.25407e-05 0.010571 5.11854e-06 0.0667348 0.20115 0.583505 4.58452e-06 0.00998651 0.000760002 4.93767e-08 0.000738329 
0.165289 0.00569627 0.0196568 0.00475953 0.00012413 0.0616341 1.32294e-05 0.0150069 0.293239 0.386444 2.77123e-05 0.010291 0.000694494 2.77154e-08 0.0371236 
0.0665102 0.00942739 0.00358493 0.0010265 0.000154196 0.0526923 1.30367e-08 0.0291646 0.367975 0.452883 3.53256e-05 0.0154126 0.00109932 3.5422e-05 1.04162e-08 
0.0804197 0.01171 0.2342 0.0215242 0.00064004 0.00798154 0.000175614 0.0912203 0.221942 0.292554 1.08823e-05 0.0185342 0.00527677 0.000322401 0.0134887 
0.30763 0.0243357 0.0769899 0.00212737 0.00209713 0.0225121 0.000121758 0.0326261 0.0905305 0.369643 0.000522582 0.0496023 0.0105586 0.000520932 0.0101823 
0.0585302 0.000579249 0.00534157 0.00895098 0.000410585 0.00397433 2.03307e-08 0.101821 0.0134988 0.786737 1.88883e-06 0.00478866 0.00735981 1.21839e-07 0.00800549 
0.193385 0.0065205 0.0228022 0.0135545 0.000155078 0.150333 5.75387e-05 0.0444259 0.167295 0.380955 0.000278754 0.0177321 0.000718635 7.46962e-06 0.00177913 
0.261444 0.000239771 0.0132067 0.00175487 9.21165e-06 0.0595068 2.48813e-10 0.00983386 0.0606983 0.583894 5.6486e-05 0.00896509 0.000212986 5.83688e-13 0.000178112 
0.0160435 0.0729585 0.153198 0.00268861 0.000970538 0.0457694 7.07573e-06 0.0651591 0.100877 0.529841 0.000337293 0.0118426 7.22196e-05 1.50698e-08 0.000235289 
0.207566 0.0189767 0.177533 0.0120583 3.52819e-05 0.0167366 0.00084436 0.133561 0.0567721 0.281382 0.0183665 0.0225426 0.00788287 0.000361873 0.0453808 
0.0274881 0.228652 0.0114833 4.71877e-06 1.19296e-06 0.0224904 3.23673e-08 0.0513783 0.0240994 0.286558 7.97584e-05 0.104661 0.00020111 0.000163869 0.242739 
0.0814022 0.00521386 0.00101665 0.0167966 2.85012e-05 0.138961 7.28784e-07 0.127708 0.104872 0.513674 3.1296e-05 0.00692793 0.00327304 1.54977e-06 9.30898e-05 
0.326138 0.0123184 0.0324105 0.00854532 0.000286359 0.0503059 0.000169891 0.0973433 0.0439859 0.356491 2.7502e-05 0.0453315 0.00240428 0.014407 0.00983521 
0.00800625 0.00728624 0.284084 0.0186761 0.0151217 0.000928216 9.30143e-06 0.0260463 0.169314 0.292228 0.0464193 0.131317 8.02042e-05 3.94589e-07 0.000483797 
0.0219977 0.00402973 0.233681 0.000232533 0.00432553 0.00243524 0.000518485 0.0162585 0.0473444 0.551974 0.0373758 0.00778904 0.0057361 2.05301e-07 0.0663023 
0.309225 0.00442196 0.0391266 0.00991555 2.13048e-06 0.229085 3.21446e-05 0.0246145 0.0372611 0.318757 6.22529e-05 0.00895422 0.0184659 6.77048e-06 6.94971e-05 
0.00331884 7.63016e-07 0.359558 1.26726e-05 2.47519e-08 0.00904277 5.81259e-07 0.00469668 0.00946502 0.534487 1.89065e-05 0.0766853 0.00257201 1.90447e-10 0.000141221 
0.0970134 0.00385232 0.200894 0.0177781 8.75143e-06 0.0103714 6.72442e-05 0.0238019 0.18489 0.375841 0.00765219 0.0734967 0.00429138 6.32227e-06 3.60147e-05 
0.256528 0.000200988 0.00277758 0.000168802 1.0837e-05 0.274262 0.000236555 0.00726727 0.0125102 0.305792 0.0820382 0.00712207 0.000714204 0.0503677 2.21645e-06 
0.190288 0.0970286 0.0259331 0.0399207 0.00390249 0.0121172 9.21768e-07 0.0762005 0.0615639 0.395087 0.000656215 0.0250219 0.00269446 2.14806e-05 0.069564 
0.117962 0.00467705 0.106361 0.0248589 0.000315232 0.000454785 1.7308e-05 0.0157993 0.0234587 0.69497 3.78565e-07 0.00964276 0.000139759 1.2742e-09 0.00134308 
0.130057 0.0231512 0.137009 0.0106728 0.00041087 0.0166939 4.26908e-05 0.0772534 0.231328 0.324668 0.000148078 0.027679 0.0137433 0.000356372 0.00678641 
0.00303798 0.00184335 0.0786036 0.00069914 0.000960491 0.0024708 2.59235e-10 0.017691 0.0994373 0.759628 3.33553e-05 0.0341385 0.0010039 3.45378e-10 0.000452127 
0.275405 0.0286192 0.0642301 0.014256 0.00179989 0.0374598 0.00171024 0.0822776 0.149316 0.28769 0.001484 0.034979 0.0128497 0.0012749 0.00664834 
0.071506 0.00101263 0.0799829 6.49577e-05 7.18915e-10 0.00555277 8.74828e-10 0.0223058 0.00523422 0.749867 2.90743e-10 0.0638034 2.52899e-07 1.16553e-09 0.000670401 
0.0665102 0.00942739 0.00358493 0.0010265 0.000154196 0.0526923 1.30367e-08 0.0291646 0.367975 0.452883 3.53256e-05 0.0154126 0.00109932 3.5422e-05 1.04162e-08 
0.147743 3.50815e-05 0.0194565 0.00131028 0.000196605 0.0618802 0.00014397 0.147527 0.0429336 0.532819 0.00163207 0.0424448 0.00173174 3.56527e-08 0.000146116 
0.125821 0.00452942 0.00767897 0.0709543 0.00314387 0.0698927 0.000103726 0.0855576 0.0851367 0.450281 0.000128146 0.0478767 0.0459001 0.00261538 0.000380469 
0.0181064 0.0278861 0.0636507 0.00978217 2.03341e-05 0.0502884 4.38124e-07 0.133375 0.311615 0.376764 8.35139e-05 0.00437421 0.00226967 0.00017147 0.0016127 
0.0635347 0.0196795 0.0146 0.0832874 1.40103e-05 0.0114159 2.13044e-06 0.16416 0.0139188 0.619173 2.50131e-06 0.00629842 0.00293336 8.1617e-11 0.000979754 
0.140968 0.231144 0.0421814 0.0167161 1.83123e-07 0.00377972 0.000523641 0.0654688 0.21913 0.26359 0.000209993 0.0128541 0.00111079 1.12757e-06 0.00232213 
0.176509 0.00103477 0.0631803 0.00272142 8.62812e-05 0.0314043 0.000666208 0.0606493 0.119536 0.488472 0.000801382 0.0331508 0.0190989 0.00175091 0.00093849 
0.159902 0.0127291 0.211173 0.000188764 1.47066e-07 0.0266491 3.59709e-06 0.0968323 0.143112 0.280819 2.19351e-05 0.0617368 0.00682938 2.96111e-07 2.66091e-06 
0.107782 0.00117986 0.0144396 0.00406034 0.00183958 0.0849474 2.39532e-09 0.0273968 0.110444 0.333827 0.000211805 0.303495 0.0010299 2.42074e-08 0.00934576 
0.295303 0.0256437 0.10492 0.00901131 0.00351486 0.0262788 0.0277108 0.0431277 0.0968565 0.329022 0.00069216 0.0262752 0.0103021 3.04035e-06 0.00133814 
0.218397 0.000373657 2.17126e-07 1.33919e-07 1.2474e-09 0.20263 1.5029e-11 5.06871e-07 0.015251 0.542852 4.99478e-12 0.0177496 0.00274516 2.00231e-11 2.99185e-07 
0.0420831 0.010271 0.0180398 0.00224946 1.21947e-07 0.0151344 0.000121965 0.0145681 0.419513 0.436749 5.41651e-06 0.0387958 0.000318883 1.85098e-07 0.00214982 
0.0513279 0.110093 0.00321417 0.000508427 0.00156881 0.00248961 1.48131e-10 0.267536 0.120689 0.418815 5.62237e-06 0.0028275 0.0204421 1.97354e-10 0.000482465 
0.209223 0.0927621 0.105766 0.00362646 6.87029e-08 6.91792e-05 2.62742e-07 0.106725 0.0801149 0.296478 2.3087e-06 0.019555 0.0809392 4.81406e-10 0.00473917 
0.0258697 0.000762239 0.0532421 0.00416571 6.19455e-05 0.00211357 1.0817e-07 0.0936886 0.0153322 0.767142 6.76874e-06 0.0350099 0.0022632 0.000156198 0.000186151 
0.104143 0.12786 0.0178337 3.67577e-06 2.14855e-10 0.0121895 2.35568e-07 0.127612 1.33305e-06 0.483857 9.56677e-08 5.21458e-06 1.5971e-10 3.48331e-10 0.126494 
0.0325917 0.0505437 0.0532265 0.012871 0.00689692 0.0086331 0.000123771 0.0319689 0.36365 0.427566 0.000123649 0.00740951 0.000290361 0.00208306 0.0020217 
0.20682 0.0326784 0.0431915 0.0138088 0.000388587 0.0150874 1.64269e-05 0.0638801 0.130466 0.452468 0.00450808 0.0233343 0.0123835 3.2517e-05 0.000937513 
0.0674811 0.00515315 0.151095 0.000153858 0.00124542 0.00168258 1.84607e-11 0.0229004 0.051875 0.522563 0.000126023 0.024836 0.0261178 0.0145173 0.110254 
0.0115004 0.194898 0.00232707 0.231948 0.000105423 0.00464718 1.6368e-08 0.0453014 0.186335 0.318011 9.65471e-05 0.00405594 0.000452112 7.29306e-13 0.000320891 
0.23433 0.135755 0.0101643 0.00572569 2.72635e-05 0.11682 5.99717e-05 0.122922 0.0577173 0.266406 0.000646923 0.0188811 0.0026116 0.00520961 0.0227242 
0.0422446 0.00283233 0.329805 4.53933e-06 0.000298554 0.000206782 3.13548e-07 6.62829e-06 0.00228982 0.537175 3.82768e-05 0.0479492 0.00401901 5.97513e-10 0.0331301 
0.0655555 0.0199791 0.195504 0.0249363 0.0123484 0.00979671 0.00015293 0.0667163 0.195258 0.339996 0.0100522 0.0448541 0.0112231 2.68498e-05 0.00360018 
0.147186 0.0872778 0.016382 0.00162243 0.00506288 0.0564478 3.09712e-05 0.0981032 0.0739551 0.460279 0.000242877 0.0332701 0.00558185 0.00183584 0.0127221 
0.145008 0.129661 0.0444155 0.0229723 0.00120041 0.120008 3.79065e-06 0.0610313 0.234462 0.236744 0.000294511 0.00159045 0.000919088 4.17096e-09 0.00168925 
0.201938 0.0267222 0.0748939 0.0108168 0.00222356 0.0422386 0.000312792 0.138618 0.0856578 0.218721 0.0160834 0.16907 0.00477105 0.00050616 0.00742683 
1.767e-05 7.35717e-07 1.62498e-06 1.00226e-06 9.24314e-11 0.0122408 1.01342e-07 0.000383138 0.430347 0.539011 3.73811e-11 0.0179944 6.80272e-07 1.49853e-10 2.23911e-06 
0.058811 0.0573204 0.0879673 0.058771 0.00770804 0.0130764 6.46712e-06 0.0284241 0.0591751 0.522307 7.29159e-05 0.0256161 0.000495045 8.7608e-06 0.0802399 
0.0582682 0.0434918 0.0598525 0.000239832 0.0583197 0.00845301 2.34325e-07 0.0408969 0.216505 0.417996 1.09503e-05 0.0205804 0.0533166 1.90237e-06 0.0220671 
0.108637 0.0157789 0.0536873 0.0306031 0.000621649 0.019643 2.8839e-06 0.0358711 0.313937 0.371798 1.18766e-05 0.0472159 0.00073863 1.20501e-07 0.00145374 
0.0201972 0.00412113 0.156405 0.000619143 3.30906e-05 0.000861796 3.58007e-06 0.0988886 0.293125 0.387305 4.82616e-09 0.00450816 0.0335049 7.46053e-08 0.00042759 
0.162707 2.42702e-05 0.0982695 0.0209429 1.84735e-05 0.00142753 4.97638e-09 0.002147 0.0397788 0.597351 1.19416e-05 0.0760396 0.00120335 6.53101e-05 1.36021e-05 
0.0363833 0.00309957 0.0756823 0.00381418 6.12783e-09 0.0464594 0.000247422 0.164686 0.0774652 0.474358 3.46606e-05 0.0868992 0.00462355 1.25954e-06 0.0262457 
0.00242783 0.0185108 0.390091 8.11588e-07 1.99958e-06 1.70749e-05 1.18625e-09 0.0200525 0.0811418 0.479575 3.64997e-07 6.96593e-06 1.43791e-06 9.42282e-06 0.00816373 
0.168005 0.00140996 0.0612532 0.0537489 0.000152261 0.000720707 3.38966e-05 0.042326 0.073003 0.534637 0.0233365 0.0340929 0.0066965 7.91438e-05 0.0005053 
0.0734086 0.011801 0.00718946 0.00346575 0.000880548 0.0238819 9.55007e-07 0.0124929 0.258379 0.586693 0.000150735 0.0207216 0.00012636 6.02586e-05 0.000747444 
0.14307 0.0155668 0.0209 0.0263157 1.94904e-06 0.0444867 8.12008e-07 0.31748 0.0187741 0.391347 0.000115625 0.00943935 0.00043986 0.0119602 0.000101946 
0.0276933 0.104783 0.09171 0.00299691 5.82686e-08 0.00764901 7.14499e-11 0.206381 0.0864036 0.420877 0.0097085 0.036088 0.00108472 9.51925e-11 0.00462469 
0.0965866 0.0155163 0.00283906 0.0599927 0.000354599 0.0523247 2.55547e-06 0.0486658 0.118461 0.593524 0.00015905 0.0105244 0.0010115 2.12901e-12 3.82493e-05 
0.236598 0.00254866 0.021311 0.00119744 2.52055e-05 0.247725 0.000105325 0.00929506 0.0830583 0.371589 4.81103e-05 0.00338679 0.0207783 0.00230408 2.92842e-05 
0.17445 0.0545034 0.0774204 0.0140436 0.00955968 0.0515709 0.0059574 0.0387343 0.207722 0.308401 0.00145717 0.0336479 0.00263929 0.00210503 0.0177867 
0.229876 0.144182 0.0343718 0.0208265 0.00999651 0.0917493 0.0514191 0.0445003 0.0847658 0.245799 0.00119646 0.0188957 0.0139255 1.55861e-07 0.00849638 
0.055547 0.142886 0.00174949 0.0114182 0.00399182 0.0155887 0.00106281 0.195135 0.0886978 0.46011 4.74869e-05 0.00366369 0.018657 0.000454989 0.000990495 
0.169738 0.0269456 0.041557 0.0220671 3.10608e-07 0.0365154 3.10552e-07 0.296847 0.0154174 0.321991 3.10758e-07 0.0285001 3.10674e-07 3.10451e-07 0.0404202 
0.183235 0.0118596 0.0123221 0.00789019 0.000884654 0.00207459 3.12501e-06 0.0881519 0.0521158 0.628424 5.62834e-06 0.0104464 1.34561e-05 2.60051e-08 0.00257364 
0.0707756 0.00771019 0.0060695 0.00298134 1.62611e-07 0.022703 3.82107e-07 0.0121919 0.260613 0.596168 4.27837e-08 0.0202215 9.38861e-05 5.41477e-08 0.000472184 
0.11673 0.0306221 0.0926445 0.00672682 0.000483609 0.0763488 0.000124469 0.0485917 0.121017 0.44922 0.00293618 0.034903 0.0121817 9.65608e-05 0.00737366 
0.0298507 0.0160766 0.0497965 0.00292257 4.8758e-05 0.00179649 2.00453e-05 0.00958248 0.0713905 0.79093 1.57769e-05 0.00949609 0.000994687 0.00465131 0.0124274 
0.000848105 0.0350148 8.86719e-07 8.30363e-07 0.00348022 9.28791e-08 1.11683e-08 0.0399028 1.73289e-07 0.920645 2.39065e-08 3.92518e-07 1.23765e-07 2.05196e-06 0.000104434 
0.06115 0.0360522 0.162295 0.00634862 0.0233655 0.0327031 9.95871e-06 0.0341927 0.219933 0.37954 0.000481482 0.020816 0.0176852 0.000129289 0.00529759 
0.079627 0.00723456 0.00131607 0.135798 5.59622e-08 0.0166462 4.48178e-05 0.128728 0.288858 0.327463 0.00055995 0.00934015 0.00321297 5.5934e-08 0.00116996 
0.168552 0.000146332 0.0317632 0.000104412 3.31148e-07 0.00479001 8.7902e-09 0.0474731 0.0154846 0.686299 2.16987e-07 0.00286842 0.0419565 1.17111e-08 0.000562275 
0.0344362 0.00174078 0.000805615 0.00120411 0.000223844 0.0119301 4.91727e-12 0.00803365 0.131021 0.810008 1.01714e-08 0.00037213 0.000224631 6.55126e-12 2.81283e-12 
0.0373254 0.00367718 0.121796 0.0374548 0.000266315 0.0297732 6.19087e-05 0.0956788 0.174174 0.371041 2.31207e-05 0.115861 0.00586959 0.000528289 0.00647019 
0.076348 0.017659 0.222158 0.00323836 0.000519254 0.00283469 2.44121e-05 0.0900269 0.027171 0.258298 0.0825347 0.0579659 0.144631 4.26788e-05 0.0165478 
0.236598 0.00254866 0.021311 0.00119744 2.52055e-05 0.247725 0.000105325 0.00929506 0.0830583 0.371589 4.81103e-05 0.00338679 0.0207783 0.00230408 2.92842e-05 
0.0733103 0.0529065 0.154564 0.0113439 0.000153417 0.0192428 0.000114942 0.0349938 0.0316881 0.546953 0.000430797 0.0710181 1.03101e-06 4.66908e-09 0.00327971 
0.163699 0.0577048 0.0310719 0.0140167 7.97958e-05 0.0134813 1.00994e-05 0.0917525 0.092634 0.487698 3.86584e-05 0.0382183 0.0012165 4.25247e-07 0.00837873 
0.296716 0.0268697 0.00205909 0.000838619 7.16756e-08 0.0283983 9.03837e-05 0.0179941 0.15533 0.468397 9.10904e-06 0.00136326 0.000588868 3.29145e-10 0.00134582 
0.29127 0.0201534 0.176958 0.00628404 0.000306512 0.0463801 0.00642178 0.0296047 0.0859101 0.302537 0.000159434 0.0277112 0.00255953 0.000176264 0.00356791 
8.03792e-06 0.0932383 0.107716 8.03739e-06 8.03243e-06 0.0474238 0.00643284 8.03827e-06 0.083605 0.434874 0.000811669 0.192098 0.0321446 8.02838e-06 0.00161492 
0.0868853 0.0362595 0.0182011 0.00244991 4.15155e-05 0.0719706 1.86811e-07 0.0172755 0.0630154 0.626185 2.25526e-06 0.0247602 0.0526171 0.000131675 0.00020476 
0.0110809 0.0185914 0.234423 0.00802961 0.000376302 0.00516066 0.000435491 0.062834 0.0371443 0.35994 0.0219428 0.0975626 0.00261218 7.94869e-08 0.139867 
0.0573227 0.00293634 0.334665 0.000348041 0.00217002 1.5909e-07 5.91226e-08 0.00753062 0.177007 0.383312 1.8672e-05 0.0200043 0.00372669 7.63813e-10 0.0109596 
0.0979252 0.00437987 0.00231085 0.00237995 5.9531e-05 0.195824 7.41493e-07 0.0250214 0.139728 0.526866 4.27021e-05 0.00258268 0.000306953 2.32261e-11 0.00257216 
0.138536 0.00407981 0.0446684 0.0021163 0.00419497 0.00129729 8.73364e-07 0.00399674 0.308532 0.386674 1.83199e-05 0.100546 0.000829323 8.50079e-11 0.0045091 
0.0876113 0.00285577 0.0063089 0.00033528 0.000101273 0.188239 1.91662e-06 0.0326494 0.246757 0.414551 4.94762e-05 0.0196432 0.00085331 1.05842e-06 4.18384e-05 
0.140372 0.0737329 0.0436059 0.00951952 4.94892e-09 0.0783487 0.0108615 0.0820987 0.131971 0.400833 6.45068e-05 0.0244796 0.00404077 1.20517e-07 7.20801e-05 
0.0445731 0.172704 0.127026 0.0337643 0.000312358 0.00833923 1.23133e-07 0.217887 0.0873962 0.281495 0.00010747 0.0115198 0.00251541 1.73216e-10 0.0123594 
0.0888146 0.00116465 0.0180632 0.0142478 2.1636e-05 0.107504 3.07802e-09 0.0622136 0.18326 0.519443 2.0172e-05 0.00264066 0.00258412 5.50023e-08 2.26401e-05 
0.0269431 0.00106991 0.0409206 0.0985768 0.000586967 0.00487156 0.000443426 0.342689 0.0364118 0.437494 1.30569e-06 0.00879779 0.000539061 4.44963e-05 0.000610159 
0.0336249 0.175404 0.0424484 0.0082618 1.13185e-05 0.034341 1.8881e-06 0.248733 0.0758228 0.314244 3.97657e-06 0.0133153 0.00694563 0.00109724 0.0457443 
0.0850367 0.0986754 0.0198593 0.000486566 1.17573e-05 0.00064318 1.72624e-05 0.066403 0.0311616 0.677419 5.81003e-05 0.00214818 0.00205382 1.61777e-05 0.0160097 
0.013061 0.133705 0.0999337 0.15942 2.82965e-05 0.085959 1.20946e-06 0.040841 0.0136297 0.390161 8.02528e-05 2.07292e-05 0.0536535 1.03657e-09 0.00950607 
0.154883 0.00606166 0.0814241 0.0136257 0.00913703 0.029264 4.80631e-05 0.0443559 0.222693 0.273375 0.00429291 0.116123 0.000980353 0.010217 0.0335188 
0.0226558 0.102378 0.275353 1.96898e-07 0.0034491 0.0087595 8.16503e-08 0.107057 0.0813859 0.305537 0.000141134 0.0736412 0.00971545 3.29544e-11 0.00992665 
0.308953 5.30327e-05 1.90457e-05 1.04505e-09 4.33712e-09 1.60962e-09 5.27772e-09 9.34673e-06 1.01456e-05 0.6355 1.58037e-06 6.66936e-05 1.54781e-05 7.03851e-06 0.0553643 
0.171136 0.0635208 0.0857278 0.0368295 1.02387e-05 0.193526 1.8619e-05 0.0791707 0.0404857 0.30444 0.00033576 0.00984391 0.00776595 4.08937e-09 0.00718852 
0.124147 0.0747139 0.0374502 0.0484997 0.00122821 0.16269 4.90357e-05 0.079957 0.0979065 0.28733 0.0125173 0.0579202 0.0143497 9.92563e-05 0.00114245 
0.12252 0.163195 0.106412 0.00077147 0.00131899 0.00960993 5.51615e-10 0.0964544 0.125175 0.300779 6.70077e-07 0.0131268 0.0578235 7.34915e-10 0.00281299 
0.256528 0.000200988 0.00277758 0.000168802 1.0837e-05 0.274262 0.000236555 0.00726727 0.0125102 0.305792 0.0820382 0.00712207 0.000714204 0.0503677 2.21645e-06 
0.033828 0.00430479 0.0137207 0.016946 0.000261134 0.0189217 1.66684e-05 0.0595862 0.300468 0.484015 8.56651e-05 0.0482986 0.0191885 0.000151458 0.000207978 
0.292594 0.0149103 0.00500517 0.00237476 4.04701e-08 0.0156406 5.21923e-05 0.0473932 0.167139 0.439925 6.69955e-06 0.0135068 0.000348159 1.47483e-06 0.00110279 
0.359446 6.79015e-05 0.00899915 0.000131983 9.81132e-06 0.185467 5.60352e-08 0.0244321 0.0213213 0.392692 3.10579e-05 0.00535135 0.00188155 2.56403e-11 0.000169346 
0.0956119 0.016603 0.174991 0.0141004 0.00582525 0.0396135 6.66659e-05 0.0719182 0.133574 0.353003 0.0101228 0.0665596 0.00970723 0.00222752 0.00607604 
0.228534 0.0295712 0.129783 0.00480041 2.76452e-05 0.0765121 8.90343e-06 0.031892 0.13645 0.263397 0.00451611 0.0890189 0.00211392 9.39185e-07 0.00337353 
0.0863359 0.0216718 0.064888 0.00221888 8.06652e-07 0.0115292 4.97996e-09 0.0518125 0.336633 0.381466 4.98736e-07 0.0405088 6.34563e-05 6.53039e-10 0.00287093 
0.0679026 0.00203215 0.329759 0.0122594 4.72033e-06 0.0142549 0.000452333 0.0395519 0.0242285 0.379237 0.000132329 0.11159 0.00285436 2.55779e-08 0.0157416 
0.21324 0.0719925 0.039098 0.00550091 0.00185972 0.0146352 1.46629e-05 0.122783 0.126669 0.314072 0.0127283 0.0709135 0.00167747 0.000840073 0.00397596 
0.129502 0.000564268 0.0244044 0.0209846 6.14854e-05 0.0999536 4.0424e-06 0.0158684 0.0495467 0.608674 1.49637e-05 0.0497895 0.00013639 3.64638e-06 0.000491115 
0.0253941 4.19291e-10 0.124704 6.9241e-05 0.000364382 0.254093 5.331e-07 0.000963978 0.0751775 0.371226 0.00092857 0.122459 0.0236856 1.66479e-06 0.000931584 
0.00992552 0.0272045 0.025417 0.0496801 0.000292397 0.000998423 4.99092e-05 0.103289 0.203606 0.549963 0.0126713 0.0110934 0.000822458 1.12167e-09 0.00498718 
0.0446593 0.00373269 0.0145096 0.0113357 7.25918e-05 0.0293558 6.39665e-07 0.181123 0.131281 0.534319 1.27012e-06 0.0142346 0.0335422 1.52105e-06 0.00182987 
0.215778 0.00738624 0.013914 0.0206224 8.41019e-05 0.0448136 3.99154e-07 0.048992 0.135377 0.496653 3.20344e-05 0.00883918 0.00103661 1.39272e-07 0.00647102 
0.0617754 0.0128844 0.102116 0.0998268 0.000134473 0.0157084 2.08477e-06 0.0480807 0.051899 0.55375 7.51872e-06 0.0495448 0.00172801 2.22967e-06 0.00254075 
0.106577 0.108503 0.10464 1.93729e-05 1.93609e-05 1.93709e-05 1.93575e-05 0.102707 0.176329 0.311955 1.93703e-05 0.0891331 1.93651e-05 1.93512e-05 1.93658e-05 
0.184405 0.00183078 0.00800356 0.0265907 0.00334885 0.315709 0.000198944 0.0876058 0.0305137 0.331425 0.00010479 0.00475433 0.00427128 3.7281e-12 0.00123915 
0.0614067 0.0923929 0.00862445 0.000919208 0.00242746 0.00422795 9.67769e-06 0.307061 0.000463472 0.502792 0.000326133 0.0142227 0.000297421 0.000270548 0.0045587 
0.110995 0.0289454 0.0979673 0.0108335 0.00174936 0.0567602 7.80274e-05 0.0327903 0.169066 0.305809 0.00134012 0.174079 0.00186627 1.34433e-05 0.0077077 
0.077252 0.0524317 0.058088 0.0146484 0.00126122 0.0134419 0.00103182 0.0789558 0.0737508 0.512949 0.000411098 0.0861427 0.0129448 5.89037e-05 0.0166319 
