0.0751251 0.095632 0.014659 6.49894e-08 7.61597e-10 0.0255682 9.26766e-10 0.0219909 0.0133042 0.749607 9.69237e-06 0.00177863 7.16555e-05 1.23473e-09 0.00225383 
0.251794 0.00627784 0.025463 0.00841761 3.47764e-05 0.0794682 4.24156e-06 0.0467728 0.104825 0.462197 3.7327e-05 0.00787316 0.00454578 0.000247795 0.002041 
0.0363833 0.00309957 0.0756823 0.00381418 6.12783e-09 0.0464594 0.000247422 0.164686 0.0774652 0.474358 3.46606e-05 0.0868992 0.00462355 1.25954e-06 0.0262457 
0.216804 0.00079041 0.0763076 0.000128733 8.60423e-07 2.81205e-06 0.0527085 0.00384294 0.127903 0.472588 3.13451e-05 0.0417016 4.74544e-06 2.54119e-06 0.0071841 
0.067379 0.00261427 0.232132 0.000392437 8.81323e-07 0.00517273 0.00170651 0.00587139 0.12113 0.43308 8.60023e-06 0.127292 1.29673e-07 2.3073e-07 0.00322089 
0.0867174 0.0796908 0.181406 0.00707386 0.000517521 0.00112907 0.00668102 0.181985 0.0575642 0.326226 8.50366e-07 0.0131023 0.0566907 1.58916e-07 0.00121478 
0.00087333 0.315423 0.0133664 0.00362071 0.000569846 0.0396381 2.92439e-06 0.0445125 0.00416027 0.54022 4.05965e-05 0.0374804 5.76675e-05 9.88717e-10 3.40811e-05 
0.210282 0.00641879 0.0971571 0.00536935 0.000544813 0.0210574 7.52022e-06 0.0467631 0.199677 0.268056 1.23441e-05 0.132631 0.0011361 1.36739e-05 0.0108738 
0.292594 0.0149103 0.00500517 0.00237476 4.04701e-08 0.0156406 5.21923e-05 0.0473932 0.167139 0.439925 6.69955e-06 0.0135068 0.000348159 1.47483e-06 0.00110279 
0.0753514 0.0624184 0.00727557 0.0141265 1.73624e-05 0.272643 6.99863e-08 0.0934828 0.0500923 0.420566 0.000490721 0.00353561 4.47705e-11 9.76457e-11 5.51937e-07 
0.0886646 0.00455308 0.0362596 0.0280228 0.000314476 0.0572185 1.17125e-06 0.0501314 0.287959 0.411871 0.0127052 0.00919068 0.000277547 4.27685e-07 0.0128305 
0.00234366 0.0744808 0.126307 0.125059 0.0090281 0.000127679 2.41028e-05 0.178437 0.200378 0.20814 5.03321e-05 0.0187302 0.00406652 3.18772e-09 0.0528273 
0.0164292 0.00237437 0.144528 0.000309286 0.000274119 0.000926063 4.45002e-06 0.0172458 0.0126183 0.6706 1.32201e-05 0.0777787 0.00166633 0.0392918 0.0159398 
0.02842 0.0155841 0.000434202 8.9477e-05 4.76594e-05 0.0194406 9.33039e-07 0.0089984 0.350515 0.57527 1.17201e-05 0.000812039 0.000240247 0.000116281 1.90652e-05 
0.0872592 0.00117518 0.0121317 0.0838296 0.00390071 0.0192671 9.15382e-06 0.128865 0.0446602 0.60203 7.17288e-06 0.013756 0.00193597 1.53844e-07 0.00117266 
0.0226128 0.0581227 0.0026271 0.103003 3.53624e-07 0.0508851 1.85816e-06 0.186329 0.200501 0.349829 1.11773e-05 0.00786049 0.00413233 0.013882 0.000201717 
0.170499 0.00607369 0.0415287 0.0586352 0.00268337 0.00596386 5.23732e-07 0.218533 0.161065 0.282041 0.000513607 0.0390046 0.00138436 0.00342505 0.00865047 
0.102968 0.0677258 0.101169 0.00602802 0.00460428 0.0127385 0.000666795 0.109089 0.0926295 0.308991 0.000707972 0.0436506 0.00776382 0.00290981 0.138359 
0.0358944 0.0165246 0.00283096 0.00277057 2.48682e-09 0.0493445 1.52693e-06 0.0361146 0.0315656 0.819323 3.20248e-06 6.45145e-05 0.00491374 8.33049e-11 0.000648226 
0.0226345 0.0367736 0.00950699 0.00236479 0.00117159 0.00327705 7.12597e-07 0.269606 0.00201963 0.608129 6.08299e-05 0.0221757 0.00997843 0.00719957 0.00510131 
0.101557 0.182938 0.199499 0.0181755 4.34377e-07 0.0539524 6.8717e-06 0.028522 0.188579 0.207766 0.00102263 0.00111041 0.0168451 3.45252e-08 2.60278e-05 
0.0965866 0.0155163 0.00283906 0.0599927 0.000354599 0.0523247 2.55547e-06 0.0486658 0.118461 0.593524 0.00015905 0.0105244 0.0010115 2.12901e-12 3.82493e-05 
2.44864e-07 1.39845e-07 0.275632 0.00140019 4.23601e-08 0.0016199 2.56452e-10 0.00304791 0.228304 0.489654 8.52301e-11 1.27061e-05 1.56656e-10 3.4167e-10 0.000329483 
0.0911495 1.80219e-05 0.00666732 2.93444e-05 2.62633e-06 0.00333608 7.77247e-11 0.0302491 0.0846724 0.764696 4.40928e-09 0.0110275 0.00803571 1.16558e-08 0.000116339 
0.188693 0.0487459 0.0344244 0.0177876 0.00123909 0.018463 6.1833e-07 0.0945373 0.195036 0.369833 2.48043e-05 0.0102684 0.00284453 8.15381e-06 0.018094 
0.3109 0.0136383 0.00418513 0.00237451 5.88007e-08 0.016286 6.9749e-05 0.0472367 0.154579 0.43744 2.01652e-06 0.01227 0.000349966 2.15927e-06 0.000666052 
0.0507744 0.0580326 0.0303243 0.00012681 2.53238e-06 0.00208568 0.000388756 0.0239981 0.129423 0.667079 0.0108886 0.00176336 0.00481423 1.95292e-06 0.020297 
0.174813 0.000467559 0.0185257 0.0158842 4.8055e-05 0.112308 8.92405e-09 0.0148548 0.008758 0.630732 5.91313e-07 0.0235666 4.03088e-05 9.66691e-11 7.45904e-07 
0.107367 0.00830696 1.22553e-05 0.000162043 6.6291e-09 0.0356538 2.74552e-06 0.00819773 0.189558 0.650391 4.76341e-06 0.000298636 4.48913e-05 6.60383e-10 5.10625e-09 
0.200298 0.0103673 0.0484932 0.0102132 0.000275645 0.0294224 0.0044858 0.0477009 0.19566 0.371349 0.00199007 0.0647627 0.0015052 3.16916e-05 0.0134441 
0.270899 0.0019196 0.00168418 0.00137533 2.23302e-12 0.00365312 1.08964e-09 0.00347341 0.299976 0.406012 9.03075e-13 0.0103794 0.000129848 3.62025e-12 0.000497716 
0.0261748 0.0581079 0.0189065 0.0470306 0.000146714 0.0302107 6.4872e-07 0.183699 0.149859 0.477282 8.29948e-06 0.0038532 0.00134593 1.58732e-05 0.00335859 
0.00819257 0.000278758 0.302838 0.000138231 0.00131464 0.00174416 2.97893e-05 0.0157479 0.0430323 0.576732 2.007e-05 0.0153781 0.00477831 6.63455e-08 0.0297754 
0.0627813 0.00341244 0.235114 0.0171007 4.20735e-05 0.00547109 0.000401192 0.0878615 0.0727846 0.483241 2.50848e-05 0.0140117 0.00748298 0.00100732 0.0092631 
0.219779 0.00853179 0.176116 0.0131007 0.000782581 0.0464664 0.000177854 0.051766 0.0618393 0.235522 0.00728679 0.169059 0.00464104 0.000688769 0.00424414 
0.00869219 0.00115477 0.129897 3.20629e-05 2.44464e-06 2.30566e-05 7.10825e-06 0.0369275 0.0134535 0.384902 0.0345414 0.353687 0.0347536 2.25092e-06 0.00192447 
0.0173135 0.00149741 0.00522108 0.000469989 0.000678646 0.0121804 0.153758 0.264757 0.0148966 0.478857 0.0382509 0.00852481 0.00253086 1.49257e-07 0.00106318 
0.0718582 0.0254639 0.152467 0.00482034 3.78506e-05 0.00114871 0.000945556 0.0208367 0.193693 0.448522 0.000247018 0.0225609 0.0486164 1.16845e-05 0.00877167 
0.0393348 0.109442 0.00049248 0.000156039 1.90245e-06 7.06047e-07 2.31503e-06 0.00796441 8.82112e-05 0.735148 7.69386e-07 0.106454 1.41415e-06 3.08431e-06 0.000910501 
0.0867535 0.047684 0.123883 0.0487416 1.75847e-06 0.035365 1.75815e-06 0.153803 0.0760217 0.232463 1.75932e-06 0.100295 0.0240979 1.75758e-06 0.0708855 
0.0160952 0.000396391 0.0657165 0.000145001 0.000499327 0.040276 3.46682e-08 0.0161254 0.0552728 0.606963 1.80488e-05 0.198122 0.00031861 2.05055e-11 5.14009e-05 
0.00979121 0.248254 8.08391e-05 0.0169707 7.98135e-05 0.0334287 2.14272e-05 0.0691637 0.0698499 0.549435 2.82237e-07 0.000908584 0.00155738 6.81383e-09 0.000459186 
0.0707756 0.00771019 0.0060695 0.00298134 1.62611e-07 0.022703 3.82107e-07 0.0121919 0.260613 0.596168 4.27837e-08 0.0202215 9.38861e-05 5.41477e-08 0.000472184 
0.0602731 0.0140858 0.249519 0.0088657 0.000288009 0.0474918 0.000339051 0.0313743 0.0361233 0.481012 7.29069e-05 0.0649033 0.00406702 3.50825e-07 0.00158418 
0.138536 0.00407981 0.0446684 0.0021163 0.00419497 0.00129729 8.73364e-07 0.00399674 0.308532 0.386674 1.83199e-05 0.100546 0.000829323 8.50079e-11 0.0045091 
0.168682 0.00082719 0.197467 3.14791e-05 2.45791e-05 0.00806966 4.84733e-11 0.0208528 0.108631 0.302456 0.000145134 0.191123 0.000938338 3.46894e-06 0.000747813 
0.117777 0.00127741 0.0178183 0.00299338 2.66938e-08 0.100314 1.0161e-06 0.00745234 0.285607 0.462918 3.40103e-06 0.00366063 0.000163435 1.7278e-12 1.51222e-05 
0.0105307 0.0718532 0.185936 0.0764494 0.00103846 0.00228242 5.5113e-05 0.12345 0.1416 0.304386 1.42167e-05 0.0152608 0.0610861 7.25084e-07 0.00605692 
0.11003 0.0446199 0.0170098 0.0265333 0.00711927 0.0368271 2.81921e-05 0.0653734 0.149096 0.470914 0.000240256 0.012671 0.00267097 0.0549355 0.00193216 
0.0156768 8.35195e-06 1.58932e-09 4.78546e-05 0.000889171 0.00480068 1.4024e-05 0.186758 0.264506 0.41818 6.26888e-06 5.1723e-06 1.11711e-06 0.108978 0.000127918 
0.0402913 0.012688 0.00534069 0.000447125 0.000108568 0.27328 5.60104e-10 0.260389 0.019833 0.379329 0.000336229 0.00775119 0.000203825 7.46224e-10 2.09767e-06 
0.159113 0.0215235 0.014443 4.07683e-05 0.00191124 0.0974773 3.22528e-05 0.0121428 0.148354 0.513554 0.000226911 0.00847846 0.00413993 4.59637e-11 0.0185628 
1.38856e-05 1.38842e-05 1.38856e-05 1.38847e-05 1.38761e-05 1.38832e-05 1.38736e-05 1.38862e-05 1.3886e-05 0.980374 1.38828e-05 1.38844e-05 1.38791e-05 1.38691e-05 0.0194452 
0.0489009 0.328983 0.0296912 0.0201869 0.00066386 0.00310653 3.20696e-05 0.19537 0.00701534 0.344218 1.52167e-05 0.00111415 0.0197925 3.82433e-07 0.000909971 
0.0479374 0.0627596 0.00215716 0.00043431 0.00413352 0.000698127 6.29487e-06 0.153681 0.0130609 0.685186 3.23278e-05 0.0106889 0.00235241 0.00775569 0.00911582 
0.18173 0.116193 0.00281602 0.00090145 0.000372409 0.30287 4.08388e-05 0.0181009 0.0500292 0.318404 0.0006934 0.00338581 0.00323974 7.31497e-08 0.0012229 
0.0166587 0.141005 0.00943223 5.30317e-12 0.0013557 0.0726655 6.3046e-05 0.00878852 0.109835 0.577342 0.000644845 0.00890346 0.00203866 3.56816e-11 0.0512673 
0.110566 7.59467e-05 0.026465 0.095184 1.78679e-07 0.0166609 5.5797e-06 0.188128 0.0638592 0.373596 2.40126e-05 0.041828 0.0835806 1.66054e-08 2.6878e-05 
0.080428 0.0294171 0.0675416 0.0326688 0.0137172 0.0159771 0.000639899 0.0790538 0.150535 0.450402 0.0013114 0.0585377 0.0135455 1.16252e-06 0.00622387 
0.0584326 0.0330113 0.197559 0.0202254 0.0031939 0.0373214 0.000143224 0.0764834 0.227812 0.239973 0.0107719 0.0887061 0.00258144 3.46514e-05 0.00375175 
0.212112 0.137501 0.00567536 0.0116127 0.00100237 0.00469161 6.92817e-05 0.0379088 0.186105 0.400916 0.000165149 0.000456343 0.000595305 1.19463e-07 0.00118964 
0.157649 1.20548e-05 0.0646555 3.26498e-05 0.000941535 0.134129 1.57046e-11 0.00256523 0.0263536 0.586407 0.000118105 0.0252258 0.00059534 2.09232e-11 0.00131537 
0.15239 0.00661954 0.0237687 0.0205444 0.000193568 0.285842 4.23001e-05 0.0322582 0.0922142 0.349042 0.00260782 0.0299929 0.00246002 0.000301125 0.00172276 
0.075181 0.0111949 0.027086 0.000242625 5.95359e-07 1.65082e-07 5.18962e-12 0.0549811 0.123029 0.540059 5.71511e-05 0.165663 1.01447e-07 2.41309e-07 0.00250456 
0.169248 0.177849 0.0704263 0.00928681 0.0186606 0.00418911 7.30794e-05 0.113826 0.165219 0.251521 0.000198288 0.00407295 0.000215711 0.00155461 0.01366 
0.146267 0.024869 0.0369957 0.0216523 0.00111218 0.029272 0.000245915 0.0630029 0.27636 0.307452 6.61399e-05 0.0897431 0.000668156 6.62314e-06 0.00228724 
0.0982555 0.00381751 0.00112737 0.000139305 1.4504e-07 0.000668522 4.75504e-08 0.00210153 0.246287 0.624865 3.28579e-07 0.0216634 0.000154155 4.15592e-08 0.000920374 
0.0154702 0.0356124 0.00388135 0.00102698 6.75767e-11 0.017392 6.95303e-07 0.0453376 0.282151 0.596944 3.83038e-05 0.00201183 2.24704e-05 1.09558e-10 0.000111523 
0.010218 0.0127962 0.0174291 0.00169994 0.000457894 0.0110061 2.4979e-09 0.0130273 0.295901 0.597608 8.4187e-05 0.035277 0.000502696 0.00372913 0.000263337 
0.153311 0.00350622 0.0288115 0.0530277 0.0079719 0.069834 4.40467e-05 0.0544129 0.0563615 0.341036 8.26489e-05 0.210934 0.0185298 0.00113425 0.0010027 
0.174631 0.0244536 0.0641685 0.0168676 0.00258893 0.0238428 0.000133548 0.0624192 0.122 0.385103 0.00453752 0.108166 0.00384172 0.000252863 0.00699339 
0.268632 0.00274795 0.0103463 0.00851338 0.00275447 0.102482 1.19732e-07 0.0784656 0.176652 0.274274 1.66413e-05 0.068316 0.00619439 3.81138e-05 0.000566435 
0.162359 0.0518487 0.173137 0.00185435 4.20435e-06 0.0517627 2.11527e-05 0.0589851 0.144234 0.290827 8.5872e-05 0.0593672 0.00243523 0.000424297 0.0026537 
0.0327464 0.12419 0.0803626 0.000173762 2.7382e-05 0.00425117 8.75558e-08 0.0695771 0.000199823 0.556901 1.43503e-07 0.0130514 0.00140041 5.48752e-06 0.117114 
0.00101912 0.00070941 0.140599 2.17942e-05 6.04384e-08 0.000472898 1.26946e-07 0.0255784 0.0539532 0.687583 2.5134e-06 0.0841355 0.00587149 1.047e-06 5.22116e-05 
0.011346 0.252568 0.0116527 0.000255616 0.00196059 0.00449651 5.4291e-06 0.198156 0.0294794 0.400049 2.69326e-06 0.0166558 0.0435728 5.74151e-05 0.0297423 
0.00455231 0.00472412 0.0916363 0.019344 0.000329122 0.0531428 3.04821e-05 0.158639 0.0228855 0.424221 3.1624e-06 0.00548799 0.000337621 2.12012e-05 0.214646 
0.125461 0.0213737 0.0133375 0.0350601 2.65741e-05 0.16661 1.55145e-06 0.158026 0.154722 0.225795 0.00027284 0.00707721 0.0919228 5.70303e-07 0.00031298 
0.126621 0.0130007 0.0430134 0.0496395 0.000157446 0.0907513 5.62772e-05 0.217109 0.0551105 0.301419 0.000135114 0.0762128 0.022274 3.67806e-05 0.0044634 
0.0707756 0.00771019 0.0060695 0.00298134 1.62611e-07 0.022703 3.82107e-07 0.0121919 0.260613 0.596168 4.27837e-08 0.0202215 9.38861e-05 5.41477e-08 0.000472184 
0.00781964 5.87139e-07 0.0118667 7.85725e-08 7.64503e-11 0.110036 9.30303e-11 0.0020442 0.28327 0.473371 1.9898e-06 0.111589 5.68282e-11 1.23944e-10 5.28015e-07 
0.256528 0.000200988 0.00277758 0.000168802 1.0837e-05 0.274262 0.000236555 0.00726727 0.0125102 0.305792 0.0820382 0.00712207 0.000714204 0.0503677 2.21645e-06 
0.212682 0.000602524 0.00418916 0.0021992 8.95487e-05 0.193003 1.9358e-08 0.0280465 0.0630134 0.493102 1.07521e-05 0.00220079 0.000739484 2.5264e-08 0.000122059 
0.0402076 0.0186701 0.0236345 0.0117076 1.32324e-05 0.0944638 1.5248e-05 0.0452676 0.107822 0.611654 0.000218589 0.0460062 0.000100694 7.22931e-07 0.000217746 
0.0243131 0.0774722 0.0553267 0.000649514 0.102718 0.00465927 4.70234e-08 0.109095 0.285556 0.290879 0.000429055 0.00638822 0.029193 2.42894e-06 0.0133173 
0.0755096 0.00164431 0.154019 0.00438425 0.000317834 0.0338749 3.00774e-07 0.030684 0.181791 0.365428 6.92718e-05 0.146686 0.00159286 1.26778e-05 0.00398645 
0.0943214 0.0392188 0.0271605 0.0148072 6.3335e-05 0.0177156 7.84467e-06 0.0975062 0.0475473 0.599699 2.3872e-05 0.0571895 0.0015525 8.0092e-05 0.00310654 
0.00185764 0.123212 0.00448272 1.26079e-06 0.00193943 0.000102845 6.17141e-07 0.133198 0.000220561 0.724992 1.56391e-06 0.00133359 0.00374156 5.43039e-07 0.00491548 
0.0494594 0.0062885 0.179882 0.0285808 5.98468e-05 0.0825305 2.22315e-05 0.0874056 0.191337 0.323516 3.61288e-05 0.0239974 0.0203803 4.63653e-05 0.00645857 
0.256528 0.000200988 0.00277758 0.000168802 1.0837e-05 0.274262 0.000236555 0.00726727 0.0125102 0.305792 0.0820382 0.00712207 0.000714204 0.0503677 2.21645e-06 
0.123201 0.00739573 0.00392929 0.0285742 0.000830839 0.0306249 0.000141428 0.0390396 0.0564148 0.70327 7.60744e-05 0.00501386 0.00140049 1.03554e-06 8.63492e-05 
0.147472 0.0160038 0.00282379 0.0237683 0.000652729 0.129751 1.82701e-06 0.0575546 0.222763 0.391724 3.80184e-06 0.00614453 0.00105351 1.45855e-09 0.000283437 
0.117714 0.0213248 0.00904003 0.0692881 0.000429515 0.035434 5.80172e-06 0.156757 0.0788157 0.328408 8.99227e-05 0.0143881 0.162177 0.000163765 0.00596481 
0.00207384 0.179077 1.51133e-06 1.41534e-06 0.000404887 1.58555e-07 1.81538e-06 0.126583 0.00069774 0.679013 1.81032e-06 6.69148e-07 0.0116119 1.28562e-09 0.000531301 
0.00807261 0.0131429 0.00144926 1.97818e-07 0.000371128 3.4315e-07 4.83989e-10 0.404157 2.48137e-07 0.537018 1.6085e-10 0.0147594 0.0210227 2.0402e-06 3.83025e-06 
0.178755 0.00325508 0.0262858 0.0173629 0.000354592 0.196662 0.000436285 0.0793847 0.0471449 0.409196 0.000694623 0.0342811 0.00579488 7.6506e-06 0.000383553 
0.0594982 0.0713638 0.00937343 0.0624314 0.00133708 0.0924389 1.15519e-07 0.143951 0.195628 0.353591 0.000243078 0.00478848 0.00153397 1.91147e-07 0.00382079 
0.0100882 0.00178822 0.0761584 0.00445604 0.000303058 0.000315098 1.63164e-08 0.0856162 0.0447613 0.649818 5.70311e-07 0.123807 0.00286868 4.3973e-10 1.96819e-05 
0.0115851 0.0315913 0.0016711 0.000203235 0.000713087 0.000321859 3.1824e-10 0.116106 2.58299e-07 0.822405 4.00118e-08 0.00842733 0.000419875 4.2399e-10 0.00655577 
0.0502039 0.201065 0.152181 0.00104046 0.00154949 0.0998634 0.00341449 0.074587 0.119671 0.263261 0.00528757 0.0125367 0.0102396 8.50212e-05 0.00501387 
0.117784 0.0696894 0.127171 0.0162855 0.0021397 0.00102688 2.39839e-05 0.0522579 0.0691367 0.51107 0.000297985 0.0273293 0.0023825 0.000491115 0.00291369 
0.279429 0.000102985 0.00542393 7.73154e-06 1.64498e-05 0.211803 6.49502e-09 0.000591149 0.152392 0.346116 5.27318e-09 0.00316139 0.000741531 9.27577e-12 0.000215287 
0.279292 0.000710375 0.076072 0.0011901 1.26106e-07 0.000556828 8.54573e-05 0.0945205 0.100161 0.292961 1.31632e-07 0.151428 4.77286e-05 0.000136554 0.00283767 
0.0357405 0.051556 0.194863 0.00159525 0.000985346 0.00516902 0.000730217 0.0462405 0.232051 0.378162 3.31198e-05 0.0149334 0.0210685 0.000471338 0.016401 
0.168026 0.0517703 0.0980136 0.0065178 0.000358839 0.0249975 9.31758e-05 0.246743 0.061957 0.293433 7.10262e-05 0.0401684 0.00513628 0.00012842 0.00258529 
0.0596316 0.0493629 0.0597676 0.0150565 0.00289702 0.0534708 3.29962e-05 0.147351 0.0631228 0.494551 0.00017337 0.0205905 0.0122653 0.00327159 0.0184551 
0.105488 0.0275039 0.00448702 0.0354389 8.31702e-07 0.00145868 3.17628e-06 0.0423326 0.0170282 0.725331 7.79525e-05 0.00616203 0.033837 1.15156e-06 0.000849265 
0.236794 1.42622e-06 0.00182865 0.00169986 2.28402e-07 0.0212222 6.12574e-11 0.179409 0.143074 0.360436 2.76894e-08 0.0063802 0.049068 9.05658e-06 7.74687e-05 
0.228377 0.000538156 0.00670952 0.0205997 4.44353e-06 0.213929 2.24783e-06 0.0266632 0.142395 0.339211 9.86136e-06 0.0169611 6.6138e-05 7.94541e-09 0.00453362 
0.0591143 0.000617212 0.0361613 0.203043 3.38709e-07 0.166205 4.15793e-06 0.0832613 0.0951021 0.334921 1.64159e-06 0.0211037 0.000455572 1.29351e-10 9.89097e-06 
0.0372656 1.94813e-05 0.0345442 0.00203689 3.57075e-08 0.00426813 7.62516e-09 0.00303652 0.254057 0.657873 1.37989e-05 0.00134884 0.00553363 2.16179e-10 3.10688e-06 
0.055472 0.00851333 0.219894 1.51243e-05 0.000169772 0.0257497 0.0495363 0.036393 0.0129248 0.400485 0.000170011 0.158167 0.0083426 4.20225e-09 0.0241673 
0.0390698 0.00316267 0.0210134 7.39545e-05 9.84206e-11 0.00199693 1.19765e-10 0.0235629 0.155237 0.649227 7.74901e-09 0.094088 0.00218428 1.19327e-08 0.0103842 
0.00496782 0.01304 0.00104228 0.033067 0.00116708 0.000363434 2.65132e-10 0.116295 0.00113699 0.432995 0.000352336 0.00014061 4.29914e-05 0.394977 0.000412019 
0.179579 0.019731 0.0221057 0.0245997 0.00199197 0.126951 6.62842e-05 0.175335 0.0826285 0.316571 0.00384725 0.0167585 0.0265771 0.000318198 0.00294017 
0.256528 0.000200988 0.00277758 0.000168802 1.0837e-05 0.274262 0.000236555 0.00726727 0.0125102 0.305792 0.0820382 0.00712207 0.000714204 0.0503677 2.21645e-06 
0.296716 0.0268697 0.00205909 0.000838619 7.16756e-08 0.0283983 9.03837e-05 0.0179941 0.15533 0.468397 9.10904e-06 0.00136326 0.000588868 3.29145e-10 0.00134582 
0.125742 0.0741591 0.0239418 0.00830687 0.000559039 0.202731 0.00053272 0.0380861 0.228283 0.269353 0.00318911 0.0153609 0.00473495 0.000846188 0.00417472 
0.047426 0.142276 0.128994 0.0141741 0.000191863 0.00241348 0.000109878 0.0464287 0.229689 0.258425 7.98271e-06 0.101972 0.0030965 0.000410977 0.0243848 
0.152547 0.0212204 0.0753398 0.0124818 0.000471499 0.135544 9.93973e-05 0.0477659 0.141723 0.325044 0.00515167 0.0637533 0.0054801 0.00247377 0.0109036 
0.109824 0.000268436 0.114239 2.53643e-07 1.01792e-06 2.45269e-06 0.00229157 0.0525323 0.03185 0.571768 0.063851 3.00596e-06 0.0287161 7.84698e-07 0.0246518 
0.079627 0.00723456 0.00131607 0.135798 5.59622e-08 0.0166462 4.48178e-05 0.128728 0.288858 0.327463 0.00055995 0.00934015 0.00321297 5.5934e-08 0.00116996 
0.173171 0.225138 0.00128829 0.000189515 7.10292e-05 0.072767 0.000179605 0.0586364 0.214573 0.235733 0.00028023 0.00765071 0.000186078 9.58594e-09 0.0101372 
0.0679002 0.0101428 0.0450588 0.0348246 0.00164292 0.0466455 1.13348e-09 0.187508 0.0858089 0.511125 5.34068e-06 0.00790096 0.00139351 1.65716e-11 4.3892e-05 
0.0774019 0.00518473 0.207496 0.0030764 0.00157672 0.000141305 3.50499e-06 0.0499915 0.113412 0.47232 1.40595e-05 0.0621152 0.00513972 0.00133392 0.000793579 
0.051793 0.027346 0.0253804 0.00100819 0.000220389 0.00431622 8.4854e-07 0.109456 0.21689 0.506583 2.12032e-05 0.0516542 0.0038772 3.2375e-08 0.00145333 
0.0112335 0.0323211 0.00196994 0.000514139 0.000345035 0.0155852 3.11741e-08 0.121553 0.259396 0.535711 4.8338e-07 0.011616 3.40799e-07 0.00975363 9.11849e-07 
0.02842 0.0155841 0.000434202 8.9477e-05 4.76594e-05 0.0194406 9.33039e-07 0.0089984 0.350515 0.57527 1.17201e-05 0.000812039 0.000240247 0.000116281 1.90652e-05 
0.218397 0.000373657 2.17126e-07 1.33919e-07 1.2474e-09 0.20263 1.5029e-11 5.06871e-07 0.015251 0.542852 4.99478e-12 0.0177496 0.00274516 2.00231e-11 2.99185e-07 
0.116159 0.0419669 0.215681 0.00335944 0.0337121 0.0743478 2.90945e-07 0.198992 0.00289141 0.237395 1.20205e-06 0.0299079 0.0228949 1.97592e-06 0.022689 
0.151842 0.00853384 0.00453341 0.00909421 7.58716e-06 0.197051 1.17074e-06 0.0217933 0.0490909 0.553072 1.91866e-05 0.00142667 0.00259066 4.85753e-11 0.000943452 
0.0166987 0.209068 0.0113578 0.030491 0.00162092 0.00167508 0.0250732 0.040908 0.263687 0.327287 0.00248585 0.015461 0.000591952 0.000119305 0.0534752 
0.06197 0.0200793 0.199783 0.00910274 0.0124885 0.00512713 3.96203e-09 0.0508696 0.153239 0.408009 0.000275423 0.00758388 0.000340416 6.25972e-11 0.0711321 
0.0053138 0.000391474 0.00110902 0.0124436 1.20367e-07 0.317245 1.40627e-08 0.0205047 0.175357 0.462294 6.41214e-12 0.00533771 7.40094e-07 5.72528e-07 2.46283e-06 
0.162477 0.0702193 0.00553367 0.00804771 6.38268e-07 0.00113902 1.54224e-05 0.294078 0.000955973 0.356793 3.85921e-05 0.000420088 0.0977691 5.5642e-10 0.0025119 
0.00189015 0.254799 0.122495 0.0233418 0.000297014 0.000853797 6.36544e-05 0.130501 0.0250549 0.272921 0.000710769 0.0179728 0.0101181 5.08834e-07 0.13898 
0.21816 0.0168054 7.70969e-08 0.027599 7.7044e-08 0.0957918 9.25133e-05 0.0871307 0.146912 0.405627 7.70814e-08 0.000632217 0.00124845 7.70052e-08 7.70633e-08 
0.295303 0.0256437 0.10492 0.00901131 0.00351486 0.0262788 0.0277108 0.0431277 0.0968565 0.329022 0.00069216 0.0262752 0.0103021 3.04035e-06 0.00133814 
0.105633 0.00612862 0.0246121 0.000218736 0.000174719 0.0542426 4.5464e-05 0.0618521 0.133337 0.534497 0.0127305 0.00739469 0.0162815 0.0423853 0.00046678 
0.34777 0.000287661 0.00987319 0.000339105 4.87065e-05 0.11352 2.17368e-06 0.0277355 0.0785407 0.40925 7.35067e-06 0.00860806 0.00278342 1.00168e-08 0.00123377 
0.108321 0.0351591 0.0512846 0.00135495 7.64289e-05 0.0159334 0.0264687 0.116657 0.206527 0.427077 3.31599e-05 0.00560119 0.00528143 2.9568e-06 0.000221577 
0.104006 0.0115413 0.0974654 0.0553041 0.00079344 0.015162 9.78264e-06 0.0399515 0.247702 0.368709 0.0252395 0.0265402 0.00152283 4.35021e-06 0.00604802 
0.231992 0.114375 0.00274499 1.44732e-07 2.17242e-05 0.0433718 1.32287e-06 0.0253675 0.000804287 0.578675 2.7121e-05 0.00160701 0.00100792 5.76483e-09 4.38078e-06 
0.0258697 0.000762239 0.0532421 0.00416571 6.19455e-05 0.00211357 1.0817e-07 0.0936886 0.0153322 0.767142 6.76874e-06 0.0350099 0.0022632 0.000156198 0.000186151 
0.202506 0.00260912 0.0307719 0.0136533 1.40646e-05 0.0488697 3.1024e-07 0.0328124 0.136887 0.502123 0.00873371 0.0194701 0.000161683 2.13206e-10 0.00138787 
0.104923 0.00683162 0.0305974 0.0154317 8.57495e-09 0.104149 1.99318e-07 0.0674773 0.152819 0.428295 1.87988e-07 0.0109821 0.0784239 1.83146e-08 6.86989e-05 
0.0811308 0.0225821 0.0601413 0.0231894 0.000648298 0.0458319 7.13313e-05 0.0412571 0.142703 0.537431 2.79414e-05 0.0362953 0.00435701 0.00117825 0.00315524 
0.289927 0.00330408 0.000914795 0.00210826 0.000683411 0.216394 1.95042e-08 0.00316453 0.09852 0.364764 0.000157476 0.01955 8.73526e-05 2.99387e-11 0.000424373 
0.0640116 0.111637 0.202651 6.71163e-05 2.42455e-05 0.000499221 0.000398258 0.0791052 0.154762 0.338235 2.36293e-06 0.00302928 0.0288704 2.53365e-10 0.0167071 
0.140044 0.152467 0.154128 0.00933805 0.00202609 0.0248834 0.000996396 0.126531 0.0670196 0.271481 0.0218235 0.0216378 0.00297391 0.00218527 0.00246493 
0.142401 0.052267 0.053163 0.00275839 0.0276724 0.0471091 1.10125e-06 0.0816339 0.27111 0.271686 0.000137431 0.0406978 0.007081 3.23369e-06 0.0022789 
0.231209 0.0109374 0.0230666 0.0576342 0.000212386 0.114274 9.46667e-10 0.0486923 0.203481 0.275719 2.50969e-05 0.0329156 0.00113936 9.78178e-06 0.000684786 
0.0942107 0.0320775 0.0621275 0.00691205 0.00136883 0.0634692 7.04326e-05 0.137661 0.0776497 0.331437 0.0102705 0.0110996 0.168893 0.000181553 0.00257173 
0.129467 0.0207043 0.0344752 0.043379 0.00366026 0.0215549 1.73307e-05 0.122527 0.261615 0.309645 0.00558452 0.0138527 0.0214793 0.000423885 0.0116143 
0.244638 0.00316776 0.00327722 0.000926129 1.02259e-08 0.0242788 1.47987e-06 0.10782 0.0847633 0.494792 3.68384e-05 0.0345443 7.26335e-05 1.51357e-10 0.00168155 
0.0173135 0.00149741 0.00522108 0.000469989 0.000678646 0.0121804 0.153758 0.264757 0.0148966 0.478857 0.0382509 0.00852481 0.00253086 1.49257e-07 0.00106318 
0.139639 0.00495896 0.00882139 0.0124783 1.24041e-05 0.116541 0.000250637 0.0666995 0.161321 0.486416 2.69308e-06 0.000130472 0.00255672 6.25138e-11 0.000172552 
0.0314357 0.0347361 0.245086 0.0279524 0.001215 0.00210987 7.94263e-05 0.118669 0.145811 0.352879 0.00390288 0.0228031 0.0106125 8.3396e-08 0.00270882 
0.149584 0.00851069 0.124273 0.00254626 0.000826215 0.0420934 0.000151755 0.0347857 0.189944 0.264017 0.00327852 0.171333 0.00177694 3.74416e-05 0.00684233 
0.0201972 0.00412113 0.156405 0.000619143 3.30906e-05 0.000861796 3.58007e-06 0.0988886 0.293125 0.387305 4.82616e-09 0.00450816 0.0335049 7.46053e-08 0.00042759 
0.00322024 9.40972e-05 0.0564297 0.00099125 8.1832e-06 0.000226914 1.9071e-07 0.0172449 0.022542 0.863431 2.88693e-06 0.0327045 0.00293327 1.57025e-09 0.000170671 
0.0415855 0.0407798 0.0163138 0.0210822 0.00093202 0.0482142 2.47226e-08 0.0599281 0.345237 0.409263 6.80254e-05 0.0118767 0.000734031 7.3624e-06 0.00397836 
0.104448 0.0247638 0.0313855 0.033993 0.000696256 0.0366166 1.4044e-05 0.0457473 0.138581 0.508441 0.000122389 0.0625796 0.00259423 4.27937e-05 0.00997372 
0.235516 0.00764735 0.0705906 0.00481665 1.61506e-05 0.0164182 0.000235668 0.0752023 0.019831 0.487421 4.05542e-05 0.0206856 0.0534308 5.21704e-05 0.00809601 
0.201144 0.00819363 0.0290835 0.0179116 0.000718056 0.111832 6.1993e-05 0.0802049 0.0663248 0.429702 0.00215724 0.0410529 0.00848975 0.000540586 0.00258331 
0.0638624 0.0542103 0.109104 0.00514259 0.0119915 0.0218442 3.35827e-07 0.235763 0.0464194 0.307189 0.00221826 0.106003 0.00712265 3.35718e-07 0.029129 
0.116759 0.0210248 0.0529886 0.0253337 0.00201543 0.0439414 0.00116095 0.0761213 0.22562 0.386845 0.00203857 0.036618 0.00264545 0.000345968 0.00654223 
0.0344692 0.0027944 0.00257471 0.00481309 5.02227e-05 0.00852624 2.47083e-10 0.0876088 0.245672 0.611653 2.57654e-06 0.000271707 0.00145848 3.98761e-06 0.000101771 
0.184639 0.00135087 0.0201694 0.00686083 0.000484513 0.0114653 5.52818e-06 0.144468 0.191306 0.40177 2.11003e-05 0.0359742 3.98668e-06 4.27017e-10 0.00148025 
0.0626797 0.0959938 0.18818 0.0291546 0.00350933 0.00485134 1.79538e-05 0.124477 0.0967622 0.260634 0.000224606 0.0910704 0.00490217 0.0166629 0.0208808 
0.0285787 0.0865852 0.0056338 0.00045781 1.68059e-05 0.0435793 1.04882e-05 0.221859 0.214355 0.369149 4.21734e-07 0.000652877 0.00988935 0.0190791 0.000153361 
0.218397 0.000373657 2.17126e-07 1.33919e-07 1.2474e-09 0.20263 1.5029e-11 5.06871e-07 0.015251 0.542852 4.99478e-12 0.0177496 0.00274516 2.00231e-11 2.99185e-07 
0.215787 0.000670116 0.00246983 0.000196337 3.29468e-12 0.0118623 1.28278e-06 0.0587495 0.0553621 0.597811 1.81423e-05 0.00648439 0.0505598 2.87188e-06 2.53838e-05 
0.0243499 0.000619302 0.0363986 0.00014221 0.0269365 0.00353155 6.91002e-07 0.00833606 0.0138197 0.853048 3.25082e-07 0.0316997 0.000593525 4.08462e-06 0.000519338 
0.119068 0.158663 0.0365433 0.0222108 0.00547054 0.0428655 1.06306e-05 0.0930105 0.12909 0.339132 8.92249e-05 0.0271999 0.00928765 0.00653528 0.0108243 
0.046622 0.0155457 0.179379 0.007148 0.000581224 0.00965516 0.000423736 0.0388313 0.0967659 0.526699 3.02164e-05 0.064776 0.00435251 7.3701e-05 0.00911681 
0.0561183 0.040504 0.0112702 0.156584 0.000865592 0.0237128 9.16196e-07 0.201598 0.0191784 0.414102 3.47523e-06 0.0241245 0.0227242 1.17518e-09 0.029213 
0.167886 0.00189633 0.056191 6.18347e-05 0.00200379 0.00138457 3.96215e-06 0.0289581 0.0643645 0.60678 1.28434e-06 0.0602103 0.000186095 1.97679e-05 0.0100528 
0.0733103 0.0529065 0.154564 0.0113439 0.000153417 0.0192428 0.000114942 0.0349938 0.0316881 0.546953 0.000430797 0.0710181 1.03101e-06 4.66908e-09 0.00327971 
0.00139412 0.0280812 0.151496 0.000879504 2.44627e-05 0.000458055 3.63564e-05 0.00208346 0.310239 0.485547 1.09399e-05 0.0172644 7.22007e-05 7.83191e-10 0.00241357 
0.163699 0.0577048 0.0310719 0.0140167 7.97958e-05 0.0134813 1.00994e-05 0.0917525 0.092634 0.487698 3.86584e-05 0.0382183 0.0012165 4.25247e-07 0.00837873 
0.176532 0.00174223 0.116591 0.00353223 0.000106463 0.103288 0.00140265 0.0273325 0.129733 0.369562 0.00151311 0.062803 0.000857502 3.87445e-05 0.00496473 
0.141173 0.00605571 0.000869281 0.00282082 1.39462e-08 0.019471 2.71846e-06 0.0609534 0.190864 0.57146 2.09501e-05 0.00596915 0.00015361 1.00821e-08 0.000186195 
0.0979252 0.00437987 0.00231085 0.00237995 5.9531e-05 0.195824 7.41493e-07 0.0250214 0.139728 0.526866 4.27021e-05 0.00258268 0.000306953 2.32261e-11 0.00257216 
0.00192357 7.00511e-05 0.272319 0.0210284 1.74038e-07 0.000652101 2.58498e-07 0.00584792 0.0182275 0.417795 4.64255e-07 0.261404 0.000604955 6.05009e-08 0.000126748 
0.024763 0.00233038 0.0154382 0.0820342 0.000443456 0.0484351 1.30782e-06 0.105289 0.276881 0.359337 2.34309e-05 0.0533824 0.00129992 0.0033516 0.0269896 
0.250376 0.0030059 0.0444583 0.000527872 0.00270142 0.0814116 0.000153252 0.0410899 0.0686175 0.325885 0.0571446 0.11297 0.0070048 6.59422e-08 0.00465357 
0.0707981 0.0745439 0.0804118 0.000993271 0.0001184 0.0503251 0.000121619 0.141604 0.0418502 0.455483 0.00251673 0.0185834 0.0278478 0.00018393 0.0346182 
0.10773 0.0018806 0.0241452 0.238152 3.13002e-05 0.00524355 1.1637e-05 0.045395 0.104629 0.3538 1.14834e-06 0.111409 0.00338463 6.53054e-06 0.004181 
0.0228326 0.00440807 0.0008069 0.0192626 1.23759e-05 0.00911369 4.84956e-10 0.0240863 0.359905 0.546159 3.17281e-06 0.000942989 0.000460185 0.0119726 3.45743e-05 
0.331176 0.000693329 0.0661667 0.000323609 9.23574e-08 0.027944 2.35758e-10 0.021945 0.0213602 0.475448 7.62324e-05 0.0513054 0.00355888 2.89643e-06 2.34171e-07 
0.0333235 0.00819095 0.0119585 0.000231356 2.10542e-05 0.0177976 5.20036e-06 0.083618 0.156386 0.683974 1.36808e-05 0.00430816 0.000172592 2.36902e-09 5.93919e-08 
0.184639 0.00135087 0.0201694 0.00686083 0.000484513 0.0114653 5.52818e-06 0.144468 0.191306 0.40177 2.11003e-05 0.0359742 3.98668e-06 4.27017e-10 0.00148025 
0.0237822 0.00966095 0.0276003 0.00386247 2.32471e-05 0.00185362 9.56333e-06 0.0155742 0.0505425 0.85129 7.52105e-06 0.00580786 0.000473742 0.00221568 0.00729562 
0.325528 9.55368e-07 0.148863 9.55404e-07 9.54814e-07 0.0522561 9.54644e-07 0.0273285 0.0209263 0.374462 9.55278e-07 0.0280894 0.00964659 9.54333e-07 0.0128941 
0.047794 0.0148713 0.0177566 0.0994475 9.56574e-05 0.116844 1.71931e-05 0.117142 0.107254 0.450069 8.08546e-05 0.0212572 0.00614241 0.000621203 0.000607173 
0.308953 5.30327e-05 1.90457e-05 1.04505e-09 4.33712e-09 1.60962e-09 5.27772e-09 9.34673e-06 1.01456e-05 0.6355 1.58037e-06 6.66936e-05 1.54781e-05 7.03851e-06 0.0553643 
0.255817 0.00011859 0.015375 1.36707e-05 6.41577e-05 0.148057 4.82852e-13 0.00783246 0.0293093 0.533411 5.06274e-05 0.00971176 0.000239692 6.43302e-13 1.42422e-08 
0.0606121 0.0441008 0.213497 0.0127251 0.000927466 0.00428625 0.000993621 0.0349696 0.192697 0.351467 0.00209354 0.0623196 0.00389381 0.00188125 0.013536 
0.0602984 0.00124722 0.0363988 0.00272633 0.00035385 0.0301253 4.24817e-06 0.0485746 0.113967 0.690514 3.32332e-05 0.0109652 0.00371972 4.04861e-08 0.00107226 
0.0224637 0.0247687 0.00804045 0.000110123 9.87558e-10 0.00777671 1.20173e-09 0.19354 0.116419 0.396766 9.64743e-05 0.220533 5.57777e-06 7.39109e-08 0.00948032 
0.0658719 0.00206212 0.252952 0.000211149 0.000103144 0.0283771 0.00138952 0.00783536 0.236068 0.368661 0.00137503 0.0341172 0.000827049 1.2873e-08 0.00014851 
0.0293775 0.01715 0.231459 0.00505239 0.00476656 0.000551389 1.7966e-05 0.118573 0.0668294 0.455522 0.0347798 0.0139119 0.00714329 0.000478845 0.0143875 
0.0107106 0.0161966 0.0533794 0.0636371 0.00130218 0.012388 5.49973e-05 0.149058 0.106055 0.566186 4.73388e-06 0.0206947 0.000258522 1.15827e-06 7.27815e-05 
0.0679026 0.00203215 0.329759 0.0122594 4.72033e-06 0.0142549 0.000452333 0.0395519 0.0242285 0.379237 0.000132329 0.11159 0.00285436 2.55779e-08 0.0157416 
0.23313 0.0129029 0.0731168 0.0110225 0.00145756 0.0474472 0.000558378 0.033628 0.210722 0.274004 0.00181601 0.0835114 0.00348819 3.72026e-05 0.013158 
0.00270152 0.00313418 0.0713172 0.000329306 4.34265e-05 0.000603341 3.73018e-09 0.103802 0.109551 0.629305 1.44479e-06 0.00647307 0.013213 0.0559728 0.00355156 
0.108848 0.0450065 0.0351453 0.00919809 0.000245615 0.180749 0.000139476 0.0197757 0.12518 0.43159 0.000386625 0.0430658 0.000454927 1.38401e-10 0.000214407 
0.00992552 0.0272045 0.025417 0.0496801 0.000292397 0.000998423 4.99092e-05 0.103289 0.203606 0.549963 0.0126713 0.0110934 0.000822458 1.12167e-09 0.00498718 
0.274989 0.0139692 0.018171 0.0171555 0.00141159 0.0287367 4.38794e-05 0.0248688 0.231235 0.317773 0.00511381 0.0412737 0.000374009 3.79592e-05 0.0248471 
0.0309198 0.118459 0.0982865 0.00369631 0.00282881 0.000370774 2.99585e-07 0.169419 0.0771935 0.393286 0.000317805 0.0105015 0.0348282 6.58484e-07 0.0598907 
0.02842 0.0155841 0.000434202 8.9477e-05 4.76594e-05 0.0194406 9.33039e-07 0.0089984 0.350515 0.57527 1.17201e-05 0.000812039 0.000240247 0.000116281 1.90652e-05 
0.106577 0.108503 0.10464 1.93729e-05 1.93609e-05 1.93709e-05 1.93575e-05 0.102707 0.176329 0.311955 1.93703e-05 0.0891331 1.93651e-05 1.93512e-05 1.93658e-05 
0.0370725 0.00387426 0.216587 0.0100762 2.07761e-05 0.000381368 0.00020036 0.0232411 0.0673618 0.608612 2.49686e-06 0.0248228 0.00117011 4.9498e-09 0.00657715 
0.115432 0.221837 0.169935 0.000484163 1.34977e-05 0.0429519 1.51942e-08 0.119609 0.000676024 0.287034 7.72326e-06 0.00361238 0.0382693 2.02431e-08 0.000136871 
0.0707756 0.00771019 0.0060695 0.00298134 1.62611e-07 0.022703 3.82107e-07 0.0121919 0.260613 0.596168 4.27837e-08 0.0202215 9.38861e-05 5.41477e-08 0.000472184 
0.0320139 0.0234508 0.0906676 0.0134054 0.000842844 0.0115446 1.77668e-05 0.0313338 0.218222 0.510326 7.38362e-05 0.0487817 0.0101551 0.00080358 0.00836076 
0.248709 0.00524937 0.0365789 0.00185302 0.000490148 0.0300684 2.32919e-06 0.244488 0.009226 0.333843 5.73313e-09 0.0749849 0.00614652 0.000822575 0.00753711 
0.292594 0.0149103 0.00500517 0.00237476 4.04701e-08 0.0156406 5.21923e-05 0.0473932 0.167139 0.439925 6.69955e-06 0.0135068 0.000348159 1.47483e-06 0.00110279 
0.0543175 0.0160037 0.0253694 0.0128942 5.21781e-05 0.189611 7.25161e-07 0.146808 0.133509 0.415842 0.000136668 0.000913774 0.00289076 1.11196e-09 0.00165053 
0.197974 0.0159922 0.113981 0.00184488 0.000474874 0.0315071 4.70306e-05 0.0385985 0.119089 0.413833 0.000309098 0.056486 0.00588622 6.86719e-07 0.00397562 
0.0237013 0.00854197 0.0438216 0.000292978 0.00101568 0.0372368 1.56393e-06 0.0270967 0.150077 0.660258 4.70596e-05 0.0454211 0.00133217 1.32257e-08 0.00115583 
0.170414 0.00177023 0.0145557 0.0211713 1.06377e-05 0.138507 1.18217e-05 0.0432878 0.197091 0.364188 3.82024e-05 0.041329 0.00114276 1.53074e-10 0.00648273 
0.0645136 0.014597 0.000903216 0.0015174 0.000367713 0.0917168 1.36661e-06 0.0249199 0.192098 0.606078 1.86896e-05 0.00242115 0.00064369 9.00555e-06 0.000195011 
0.0482946 4.55469e-06 0.0153679 0.00462344 1.96237e-06 0.0027276 1.45433e-07 3.14853e-06 0.0411734 0.840363 3.21954e-07 0.0474188 2.11841e-05 1.53535e-07 1.44881e-07 
0.0880232 0.00690963 0.0310466 0.00106666 4.42585e-08 0.017228 8.97424e-09 0.0988224 0.0324653 0.683573 4.65589e-05 0.0252303 0.00977525 0.00016355 0.00564954 
0.144003 0.00710999 0.0942157 0.0208977 0.000654559 0.0216932 6.94742e-07 0.0500296 0.0741959 0.293527 0.000100009 0.285599 0.00570157 3.63865e-08 0.00227189 
0.0125826 0.0598752 0.00584342 0.0708235 0.00128701 0.0313458 1.56786e-05 0.0376644 0.32315 0.444855 0.000173707 0.0100136 0.000522675 0.00149188 0.000355548 
0.241435 0.00726375 0.220595 0.0473711 0.000162037 0.12806 0.000771622 0.0326364 0.0179212 0.297132 0.002977 0.00282706 0.000404105 0.000271031 0.000171766 
0.218397 0.000373657 2.17126e-07 1.33919e-07 1.2474e-09 0.20263 1.5029e-11 5.06871e-07 0.015251 0.542852 4.99478e-12 0.0177496 0.00274516 2.00231e-11 2.99185e-07 
0.141002 0.209423 0.0474998 0.00151733 0.000817232 0.0254713 1.28998e-08 0.0786424 0.135965 0.356142 0.000257286 0.00196522 0.000532827 5.80205e-10 0.000764673 
0.0899203 0.0386272 0.00316836 0.00304203 0.00095084 0.00997515 7.61344e-06 0.28831 0.0724499 0.459379 2.24737e-05 0.017508 0.0152711 4.66162e-06 0.00136356 
0.200696 0.00239832 5.24849e-05 0.00957045 4.66392e-09 0.270971 5.23286e-08 0.0359089 0.0539406 0.423177 5.27854e-06 0.0022876 0.000991828 1.18891e-10 6.85249e-08 
0.119718 0.0345413 0.0617676 0.014447 0.000119149 0.222297 0.000173389 0.0880541 0.0793714 0.333213 0.000391545 0.0222504 0.0218232 8.47665e-05 0.0017485 
0.314258 0.00513942 0.0514968 0.00239701 0.000132828 0.0603822 7.64632e-05 0.102517 0.0491821 0.355631 0.0371165 0.0140236 0.00711829 5.09699e-07 0.000528231 
0.0178141 0.0412937 0.00500719 0.000362725 0.00154186 0.0116194 9.08155e-05 0.0361923 0.0154274 0.868358 3.12235e-06 0.0011809 0.000915096 2.13143e-06 0.000191398 
0.108847 0.0221531 0.0207467 0.00731118 3.08809e-05 0.0703408 3.83502e-05 0.185995 0.00547145 0.344331 1.19861e-05 0.130153 0.103682 2.05381e-06 0.000885624 
0.138634 0.0171079 0.146234 0.0232554 0.00205559 0.0384395 1.79878e-05 0.0561818 0.154409 0.304056 0.000106117 0.0870097 0.00882586 0.00156465 0.0221023 
0.131947 0.0206738 0.0656654 0.0208864 1.74582e-06 0.00395508 4.58508e-07 0.00526867 0.0721867 0.675135 1.5819e-05 0.00267612 0.00154896 9.04067e-08 3.85332e-05 
0.0363833 0.00309957 0.0756823 0.00381418 6.12783e-09 0.0464594 0.000247422 0.164686 0.0774652 0.474358 3.46606e-05 0.0868992 0.00462355 1.25954e-06 0.0262457 
0.000510932 0.224567 0.148906 0.000910482 0.00021967 0.000709711 3.12934e-06 0.099925 0.134864 0.353381 5.55872e-05 0.0128589 0.00815422 0.000289074 0.0146449 
0.180716 0.0658022 0.0181391 0.00454983 0.00229132 0.011846 1.8396e-06 0.043617 0.196378 0.446824 0.000302645 0.000136659 0.000804331 7.04392e-09 0.028591 
0.0118288 0.00774112 0.0310071 0.0187287 8.1407e-05 0.00517194 0.00821015 0.0299945 0.0359459 0.835881 0.0024874 0.0121585 0.000649403 2.50537e-07 0.000114264 
0.00905586 0.00205837 0.336266 0.000156024 4.99917e-06 4.1003e-05 1.18417e-06 0.0063247 0.107232 0.430097 1.53337e-06 0.0382627 0.00038819 0.0647466 0.00536307 
0.132926 0.0815732 0.0154501 0.103803 0.000143886 0.0155152 1.74125e-05 0.251808 0.0271876 0.282796 0.000424458 0.0579567 0.0132801 0.0123855 0.00473168 
0.0796877 0.00590349 0.112149 0.031916 1.11269e-05 0.000675449 4.39835e-05 0.0125323 0.088232 0.585349 2.44985e-06 0.0758719 0.00199548 1.4645e-09 0.00562986 
0.055308 0.000143492 0.032029 0.00078302 1.12325e-05 0.00884799 1.77126e-05 0.00460477 0.0204895 0.828696 1.29124e-05 0.0482133 4.48862e-05 2.95798e-10 0.000798642 
0.167346 0.0155092 0.257827 0.00422528 0.000374704 0.00022972 0.000253341 0.00792564 0.0186572 0.454474 1.04855e-06 0.0712499 3.26624e-08 7.12377e-08 0.00192693 
0.0416052 0.00736161 0.00159507 0.00224111 0.00214976 0.00966825 5.91481e-07 0.170833 0.00407937 0.679352 3.07471e-05 0.00444533 6.90671e-05 0.0723853 0.00418305 
0.02842 0.0155841 0.000434202 8.9477e-05 4.76594e-05 0.0194406 9.33039e-07 0.0089984 0.350515 0.57527 1.17201e-05 0.000812039 0.000240247 0.000116281 1.90652e-05 
0.112968 0.00240744 0.108101 4.56175e-05 5.66502e-11 7.65222e-08 1.0103e-08 0.025922 0.13396 0.600827 5.66332e-06 0.00579354 0.00996935 3.03215e-08 6.1228e-07 
