8.09571e-10 0.00671343 0.00748787 1.21609e-09 9.72603e-07 0.0496946 0.0214361 0.0166108 0.0392655 0.000268482 0.223789 1.52045e-05 0.125501 7.91374e-07 0.145975 4.53564e-06 6.09673e-09 2.85534e-09 0.00293427 0.0102883 0.00235155 0.000357946 0.0132648 0.0171399 0.00171859 2.31607e-09 0.0155498 0.104937 0.194694 5.72932e-09 
3.35416e-08 0.0189569 0.0001155 3.68402e-05 3.77871e-06 0.0647571 0.00739234 0.0198169 0.000522308 0.000176775 0.018851 4.71864e-05 0.055838 8.59585e-05 0.000943446 4.59083e-06 8.27092e-08 0.0269758 0.019269 0.517993 0.00729373 0.0325456 0.000532866 0.0157577 9.77996e-05 1.81436e-05 0.0113618 0.0356122 0.144994 1.71059e-07 
3.9353e-10 0.00322158 0.000148425 1.95023e-07 0.00110659 0.0418999 1.06317e-07 0.00129341 0.000283628 7.57953e-06 0.863182 2.09797e-09 0.00169835 0.000202663 1.63591e-07 3.64738e-09 0.000705601 4.11988e-05 0.00141431 3.22267e-07 0.00191024 0.00016936 0.000215265 0.0175701 1.51399e-07 1.43143e-05 0.0426619 0.0192153 0.00303668 2.72794e-07 
1.16634e-07 0.000108647 1.54197e-05 5.72485e-05 0.0130961 0.00335749 0.00217866 0.00116537 0.000138705 0.000201639 0.0221835 1.85044e-05 0.88186 0.00166104 0.00375542 4.41204e-08 4.90922e-06 2.08514e-05 0.000465552 0.015088 0.00103726 0.035647 0.000121891 0.00419284 0.000442503 0.000101201 0.0022201 0.00399458 0.00684806 1.72423e-05 
1.38055e-07 9.80638e-05 4.59854e-05 2.88961e-09 8.72742e-05 0.764117 0.00117208 0.00124775 0.00244412 0.000201666 0.00545837 3.95399e-06 0.0356609 8.46129e-06 0.00118827 0.146439 1.02155e-05 0.000419505 0.000261544 0.000783452 0.000263186 0.00090911 0.00155535 0.00245942 4.47831e-05 0.0019921 0.0123173 0.0114736 0.0093373 1.19086e-08 
9.4607e-05 0.00172689 0.000258767 0.184878 0.0936337 0.0697763 0.00932382 0.0395349 0.000911785 0.000115885 0.0747785 9.15059e-06 0.0216304 0.00013572 0.0508581 0.000255841 0.000175827 0.106281 0.0383245 0.0502586 0.0251125 0.0212567 0.00515505 0.0308948 0.000309467 0.00960882 0.00244177 0.0879625 0.074279 1.72348e-05 
2.17388e-07 9.93146e-05 4.30368e-06 6.43392e-05 0.0149212 0.0933396 0.0154326 0.117757 3.97892e-06 0.00172829 0.129725 0.000175271 0.0440345 1.41595e-05 0.0156069 1.18176e-07 0.00121437 0.146092 0.0585329 0.0214453 0.00360246 0.0819524 0.00241341 0.0524501 0.0425787 0.0145976 0.000971126 0.109195 0.032047 4.19393e-08 
1.3019e-05 8.73279e-05 0.00208193 3.7565e-06 0.00155297 0.0413629 0.0482499 0.414047 0.063525 0.000234835 0.00151871 0.000168571 0.00101913 0.00875444 0.0341828 6.96855e-05 0.00253808 0.00173519 0.00830638 0.000221649 0.0734373 0.00748418 0.0769579 0.0645553 0.00419069 0.00298987 0.0933896 0.0147048 0.0326125 4.72256e-06 
3.38989e-11 0.126458 0.00276436 2.05974e-05 0.0149776 5.63221e-06 0.12011 0.177696 3.57918e-07 0.00674658 6.33446e-07 0.00154905 0.0315373 2.88844e-05 0.00399853 0.0378705 8.24709e-07 0.00289115 0.00195024 3.30886e-10 0.203343 0.00314815 0.00112932 0.0377455 0.000674379 0.0153973 0.00235434 0.181509 0.0260927 2.39902e-10 
8.16886e-06 6.66244e-05 0.000330151 0.0105955 0.0330075 0.544373 0.0318995 0.0807054 1.85961e-05 0.00119597 0.0203657 5.51888e-06 0.00796253 7.62813e-05 0.0251325 1.0332e-05 0.00090705 0.135219 0.00652062 0.00197305 0.0155081 0.0022853 0.00688952 0.0456781 5.60612e-06 0.000252143 0.00197253 0.00710076 0.0196722 0.000262766 
3.38722e-05 0.00063289 0.000259234 0.00396108 0.00387265 0.751465 0.00181458 0.0262902 0.0101558 0.000313585 0.0171379 0.00433803 0.0403815 2.43763e-05 0.00143645 3.1486e-07 0.000155569 0.000474765 0.00357436 0.000800119 0.00943033 0.00983581 0.0422311 0.0158479 0.000115904 0.000305841 0.00741983 0.0136223 0.0330712 0.000997271 
2.58441e-05 0.000176967 0.000255371 0.000147378 0.0432229 0.0129396 0.00646976 0.0460524 0.00210599 0.000153607 0.00823505 0.000172257 0.0140341 0.00218537 0.033502 3.09896e-07 2.61708e-05 0.0319328 0.00544902 0.00421232 0.000983309 0.141481 0.0182629 0.614942 6.13948e-05 0.000390753 0.00322721 0.00541401 0.00272687 0.0012113 
1.4864e-06 0.0304412 4.86704e-06 2.23278e-06 0.000258739 0.000982954 0.00117886 1.82592e-06 0.00313582 0.00171886 0.000705856 7.92424e-06 0.00263827 7.98156e-06 3.7046e-06 1.37765e-05 1.11938e-05 5.24251e-06 0.000862978 1.45087e-05 0.000378585 0.000270833 9.83927e-05 0.00127696 0.000597263 0.0010974 0.936351 0.0176789 0.000242017 1.05192e-05 
2.66047e-06 0.000947812 0.000329984 1.3874e-05 0.0462398 0.00411636 0.00290704 0.00356857 0.000357807 0.000106068 0.000240863 2.8008e-06 7.94368e-06 0.000264857 0.000782657 2.4767e-07 6.75213e-06 4.77831e-05 0.0309641 1.89082e-05 0.632256 1.80185e-05 0.000214331 0.00848179 7.23076e-05 0.0366937 0.00345316 0.0211546 0.206723 6.164e-06 
1.08268e-07 0.00137382 0.000172955 7.19634e-05 0.000471484 0.0206519 0.00384173 0.00391827 1.76727e-06 0.000288929 0.200524 2.53856e-06 0.604722 3.2753e-05 0.00432418 5.53384e-08 9.61867e-06 0.0114282 0.00628023 0.0002192 0.00582849 0.0249535 0.000147321 0.0154526 0.00187779 0.0148975 0.00466873 0.0588876 0.0149486 1.50053e-06 
5.47588e-09 1.26574e-07 1.28331e-07 0.000118129 0.00597581 5.97862e-08 0.000313711 0.0549593 0.000330107 0.0178882 0.00471592 4.82084e-07 0.00150074 0.000591466 0.00122471 4.21845e-08 7.03884e-05 0.000695573 3.07713e-07 0.000371896 0.0106858 0.313179 5.58122e-07 0.57244 0.00213755 9.04951e-11 9.41352e-07 0.0067452 0.00560999 0.000443957 
2.25141e-05 0.000812824 0.000692006 0.00827436 0.00325326 0.0785924 0.00332374 0.00701946 0.00751489 0.000619589 0.572352 3.71313e-05 0.00750455 0.00146183 0.000551027 1.32363e-06 9.3697e-06 0.111161 0.00785645 2.8354e-05 0.0173565 0.0163786 0.000471265 0.00872799 0.000105675 0.0063519 0.00442197 0.0194726 0.115073 0.000552907 
7.15889e-10 4.95077e-06 2.34409e-09 1.77103e-06 1.22183e-09 0.00019814 0.00199742 2.80712e-06 3.26285e-06 2.62437e-09 0.0115393 0.00458078 0.238981 3.84412e-09 5.71141e-07 1.62246e-06 5.39123e-09 0.0102666 0.00764919 3.99227e-06 3.32108e-06 0.164058 2.19034e-09 0.53995 2.95336e-09 0.00360015 1.16358e-05 0.0171235 2.04467e-07 2.0937e-05 
5.32141e-08 3.48684e-05 1.74243e-07 0.000528989 4.34267e-06 0.281006 2.03225e-05 0.000103851 1.48023e-07 1.22597e-06 0.0677676 0.0338491 9.7827e-06 3.03934e-06 3.29962e-06 4.93208e-07 4.00746e-07 0.416366 0.00561584 1.03611e-06 5.29911e-08 0.0389268 0.000270813 0.00122949 1.29505e-05 2.73613e-06 0.0245199 0.129718 2.24567e-06 3.76595e-07 
1.38055e-07 9.80638e-05 4.59854e-05 2.88961e-09 8.72742e-05 0.764117 0.00117208 0.00124775 0.00244412 0.000201666 0.00545837 3.95399e-06 0.0356609 8.46129e-06 0.00118827 0.146439 1.02155e-05 0.000419505 0.000261544 0.000783452 0.000263186 0.00090911 0.00155535 0.00245942 4.47831e-05 0.0019921 0.0123173 0.0114736 0.0093373 1.19086e-08 
0.00191358 0.00693389 0.00651271 0.027043 0.0524066 0.00819673 0.0829003 0.0310561 0.0157626 0.0107994 0.00273452 0.00611569 0.0185194 0.0199619 0.00985205 5.8678e-07 0.000100068 0.169912 0.0397369 0.00483184 0.0293292 0.245656 0.023591 0.102893 0.0233642 0.0101421 0.00614863 0.0241846 0.00642408 0.0129774 
1.5934e-10 0.0238117 2.22312e-07 0.000106438 2.38433e-06 0.0516701 0.0482146 0.0467295 4.43228e-10 1.15372e-06 0.0590879 0.000280661 0.0058329 8.49533e-07 0.0151033 1.47683e-09 1.31844e-06 1.2747e-06 0.000908922 0.0980354 0.0103733 0.404204 0.000616041 0.148658 0.00161592 0.00757605 0.0022608 0.0354512 0.0394493 7.34809e-06 
2.61673e-08 0.00428203 1.06018e-05 0.000146466 0.0338199 0.126835 0.00182261 0.0606787 0.00135927 0.00243494 0.318383 0.00011961 0.00998794 0.000265267 0.000286242 0.0532528 2.75297e-05 0.144604 0.055908 0.00135691 0.017345 0.00258394 0.0185432 0.0319385 0.00116625 0.0173758 0.0436761 0.0193209 0.0324686 5.15075e-08 
8.59596e-11 7.04422e-08 2.81464e-10 1.29123e-10 0.00365838 0.172653 5.71824e-11 0.0758246 0.015709 4.09937e-07 0.0251596 1.04624e-06 1.78484e-10 5.10548e-07 8.5157e-05 7.96705e-10 6.47346e-10 0.413856 0.046169 8.3905e-10 0.00758224 0.00230705 2.85369e-06 0.00263209 9.11801e-05 0.0156117 0.00642531 0.00535271 0.206878 6.08335e-10 
9.87851e-08 0.000452353 0.000447513 8.317e-05 0.0389197 0.00304352 0.00290549 0.00365626 0.0330409 8.66462e-05 0.00554895 9.13524e-07 4.56542e-07 0.0107756 9.66227e-05 8.655e-10 1.51175e-06 0.0010059 0.0109964 2.45477e-05 0.000222197 0.016294 0.0029139 0.753784 3.69611e-08 0.00117926 0.0264285 0.0547676 0.0328787 0.000445425 
7.23083e-05 0.00452309 0.00788588 0.00191549 0.00518651 0.383366 0.106423 0.0126813 0.0389831 0.00194988 0.0150487 0.000339398 0.103594 0.00233029 0.0368451 0.000135935 0.00799241 0.0775653 0.06585 0.00284035 0.00420548 0.00271184 0.01159 0.0289876 0.000967365 0.00655612 0.0208318 0.0288954 0.0197198 6.09713e-06 
3.54983e-11 1.47799e-06 1.16235e-10 8.53706e-08 6.05862e-11 0.234592 4.60716e-06 0.0240329 2.16644e-05 1.13229e-06 1.24928e-06 1.89247e-10 5.75664e-06 0.000611575 8.40585e-07 0.000182174 2.67331e-10 1.25202e-10 0.112605 3.46498e-10 0.368411 7.95251e-11 0.0623263 1.81989e-06 1.46446e-10 2.61007e-06 1.00009e-05 0.0267918 0.170395 2.51221e-10 
1.1214e-06 0.000907245 0.00012107 0.00453721 0.00105395 0.419088 0.0366165 0.00152104 0.00107428 0.000356434 0.211015 6.51549e-05 0.049494 2.70655e-05 0.00158566 4.75606e-09 8.37442e-06 0.072137 0.0116612 3.47573e-05 0.0293393 0.00142679 0.0154052 0.0139784 0.000186592 0.00148217 0.00144698 0.0473381 0.0780905 1.5359e-07 
1.04926e-05 0.000223324 3.20736e-05 0.0002412 6.4966e-05 0.00517158 0.00272011 0.0208946 0.00138674 5.21329e-05 0.034565 0.000326097 0.00572985 0.000110521 0.00394506 0.000212192 4.202e-05 0.000184969 0.000345915 0.00167637 0.0369432 0.849798 0.0139666 0.00639375 0.00104757 0.000196156 0.000880597 0.0104241 0.00241202 2.63443e-06 
4.97856e-07 0.0010054 9.95311e-05 1.53839e-05 0.0102694 0.00892289 0.00474501 0.0961733 0.00181588 4.90306e-05 0.00964951 2.65415e-06 0.0911105 0.000129113 0.00283161 4.61431e-06 1.38206e-05 2.01176e-05 0.508643 0.00245048 2.06255e-05 0.0615775 0.00773139 0.00564337 4.48346e-05 9.48609e-06 2.639e-05 0.147215 0.0397767 3.52332e-06 
7.1999e-10 1.19904e-09 2.35752e-09 1.62337e-06 0.10089 0.0405619 0.374865 0.305345 7.21192e-06 0.0279431 5.24015e-06 3.83838e-09 0.0945823 1.04424e-05 1.99202e-05 6.67313e-09 5.42211e-09 2.53939e-09 1.65259e-06 0.000250197 7.16972e-10 0.0555058 2.20289e-09 4.41682e-06 2.97028e-09 2.05979e-09 1.88844e-07 4.26584e-10 5.89332e-06 5.09535e-09 
4.62901e-05 0.114891 0.00324644 6.95227e-05 0.0290298 0.0406512 0.483284 0.112628 0.00257392 0.00830935 0.00407972 8.68905e-06 0.00713753 0.00137056 0.0537805 0.00160261 0.000212147 0.00324555 0.00174401 0.00539464 0.0251592 0.00480686 0.00429623 0.00594511 8.22605e-05 7.28444e-05 0.00392756 0.00972686 0.0726782 2.39115e-08 
2.78947e-05 0.00334339 0.000485728 0.0244485 0.0179771 0.182843 0.0710837 0.0154043 0.0176791 0.000949723 0.0537133 4.84076e-06 0.0125785 0.000119421 0.00447325 0.0221238 0.000796147 0.000938778 0.0101453 0.00106051 0.0381046 0.00280974 0.279894 0.0620073 0.000707877 0.00844262 0.0606165 0.103342 0.0038795 7.69979e-09 
2.54283e-08 4.23472e-08 8.32618e-08 0.000717716 4.33994e-08 1.59042e-05 0.000149782 3.12365e-08 7.07324e-08 9.32174e-08 0.000113869 1.35562e-07 0.232692 1.36543e-07 0.000902921 2.35679e-07 1.91496e-07 8.9685e-08 1.46474e-05 0.11601 0.000460402 0.571893 0.000439454 0.000211246 0.000225612 7.27467e-08 3.31815e-08 1.50659e-08 0.0760428 0.000109798 
3.29608e-08 8.80753e-05 6.07304e-05 1.35702e-07 0.00247548 0.0340254 0.00285841 0.0106876 0.0144063 9.17448e-08 0.000540765 5.61924e-06 0.16008 6.19022e-08 0.00467086 4.28832e-10 0.000154014 2.20806e-05 6.97905e-07 0.000112895 0.130327 4.03603e-05 0.0143207 0.00382206 0.000606142 0.0409585 0.00172248 0.0148132 0.563201 8.01376e-09 
5.40403e-08 0.000162084 0.000725665 0.00013808 0.00197387 0.000998665 0.000765745 0.00355825 0.000811882 1.98106e-07 0.00234019 2.88097e-07 0.000897774 2.90181e-07 0.00231674 5.00865e-07 4.06967e-07 1.90599e-07 0.00577978 0.00321819 5.38137e-08 0.959873 1.65342e-07 0.010744 2.2294e-07 1.54601e-07 0.002172 0.00223169 0.00128914 3.82442e-07 
8.6539e-08 0.000611809 2.43741e-05 1.29994e-07 1.47699e-07 1.05903e-07 7.65866e-05 0.0546649 0.000168616 3.17243e-07 1.03235e-07 4.61353e-07 0.000738632 4.6469e-07 2.15683e-07 8.02075e-07 5.60585e-05 3.05221e-07 0.00108032 8.44705e-07 0.0548874 0.774794 0.0144928 0.0772501 0.00136675 2.77845e-05 1.12925e-07 0.0138298 0.00592501 6.12435e-07 
1.87154e-10 0.0167826 1.36051e-05 4.78203e-07 0.00494718 6.73375e-06 0.246022 0.0134953 5.20595e-10 6.03825e-06 1.8533e-06 6.78569e-06 3.88601e-10 1.00496e-09 0.717153 1.73461e-09 1.40942e-09 6.60087e-10 2.68317e-10 1.8268e-09 7.64301e-07 0.00154922 1.31759e-06 1.86283e-06 7.72093e-10 5.3542e-10 2.44218e-10 4.36903e-06 6.55668e-06 1.32448e-09 
1.56589e-08 2.60776e-08 5.1273e-08 2.35218e-08 2.67255e-08 1.91627e-08 2.39687e-05 0.00011928 4.35573e-08 5.74037e-08 1.86799e-08 8.34797e-08 3.25136e-08 8.40836e-08 0.0465359 1.45132e-07 1.17924e-07 5.52284e-08 2.24496e-08 1.52846e-07 1.55932e-08 0.953103 4.79099e-08 0.000161296 5.17446e-05 4.47977e-08 2.04333e-08 3.72033e-06 1.56288e-08 1.10817e-07 
6.37689e-06 0.000177893 3.75915e-05 1.13209e-06 0.000991041 0.0929392 0.00181645 0.00530209 0.000102494 1.80542e-05 0.563376 2.84855e-05 0.0929403 0.000238508 0.000220238 6.08597e-07 5.94608e-05 2.28718e-05 0.00011943 1.26739e-05 0.000958048 0.001139 0.000447623 0.030022 1.979e-05 0.000350834 0.0126292 0.180973 0.0150404 8.68657e-06 
2.46511e-07 0.000862492 8.07169e-07 3.70293e-07 4.20729e-07 0.00307056 0.00250458 0.00216813 6.85705e-07 9.03683e-07 0.00161429 1.31419e-06 0.0088741 0.00150171 0.00431095 2.28475e-06 1.85643e-06 8.69438e-07 0.000660126 0.0478894 2.45478e-07 0.895997 0.000684678 0.00976898 0.000170891 0.0132403 0.00280592 1.46054e-07 0.00386348 1.74455e-06 
1.66242e-07 0.00974537 0.00165064 0.000427664 0.000785306 0.00277647 0.0226961 0.00653139 0.00305721 0.139449 0.0034946 0.000557257 0.0442193 0.0293838 0.00530459 3.24596e-10 0.0012693 0.0157599 0.0324376 0.000364051 0.000264852 0.628767 0.00284547 0.00402277 7.64938e-07 0.000635989 0.00999984 0.0293836 0.00416951 2.19818e-07 
2.00513e-08 3.94292e-05 5.83902e-06 3.01198e-08 8.07838e-05 0.00401477 2.04324e-05 9.40621e-05 7.44417e-05 7.35059e-08 0.000112028 1.06896e-07 4.16339e-08 1.0767e-07 0.0672509 1.85843e-07 1.51003e-07 7.07204e-08 0.0367552 1.9572e-07 0.0284132 0.00152318 6.1349e-08 0.000120069 8.27205e-08 0.000140455 1.93912e-05 0.000880663 0.860454 1.41902e-07 
1.12134e-07 0.0226368 0.00162213 0.00132999 0.00586599 0.0237041 0.0179407 0.00315894 4.57758e-07 0.00025255 0.0855152 0.000264513 0.000676725 1.19591e-07 0.000275837 1.58787e-12 0.0102849 0.00119063 0.00182067 9.28836e-09 1.81946e-07 0.000143595 0.00012608 0.0347755 0.775629 0.00826024 0.00188495 0.00262497 1.37685e-05 1.42268e-06 
9.21976e-10 2.91879e-06 3.0189e-09 0.00029155 1.57357e-09 5.20811e-07 1.03925e-06 0.00617572 2.5646e-09 3.37987e-09 1.09985e-09 2.35432e-06 2.83859e-06 4.95075e-09 2.29786e-09 8.54521e-09 6.94323e-09 3.25179e-09 1.32181e-09 8.99938e-09 2.2034e-07 0.980053 0.00324714 0.0100939 2.1937e-06 2.63764e-09 9.2448e-05 3.43149e-05 9.20208e-10 6.5248e-09 
1.58207e-10 6.07205e-06 6.80785e-05 3.31792e-07 2.99514e-06 1.93607e-10 0.00679227 7.63482e-06 4.40074e-10 0.000454602 0.000356694 2.13318e-06 6.71116e-07 8.49526e-10 2.76097e-06 1.46632e-09 1.19143e-09 0.00623078 2.26816e-10 0.0137867 5.93608e-07 0.971801 4.84051e-10 0.000482511 6.52674e-10 4.52607e-10 4.17837e-07 2.09342e-06 1.57903e-10 2.10988e-06 
1.15027e-06 4.00878e-05 5.3314e-05 0.00813872 5.82214e-05 1.0262e-05 0.00309127 0.00735961 0.000200575 0.00133014 0.00859416 0.000848275 0.00231474 5.77307e-08 0.000325964 0.000385301 0.00288867 0.41976 0.000955684 7.1991e-08 0.000423391 0.360855 2.55527e-05 0.142441 6.28191e-05 3.09797e-05 0.00158247 0.00150534 0.00123025 0.0354875 
1.00288e-07 0.0284631 0.00031854 2.2511e-06 6.48475e-07 1.22729e-07 0.19778 0.229037 1.58374e-05 0.00288485 5.4083e-05 1.04926e-05 0.000225762 0.069376 0.000595138 9.29506e-07 7.5525e-07 1.07424e-05 1.4378e-07 9.78908e-07 5.46839e-05 0.470305 4.22341e-05 1.63976e-05 4.13733e-07 0.000192999 0.000109246 0.000340568 0.000160318 7.09736e-07 
5.43452e-09 0.00589666 0.0406966 4.63806e-05 0.0146615 0.00764328 0.0104453 0.190203 0.00145626 0.00175641 0.0161474 1.56023e-05 0.0502926 0.00230585 0.0476551 0.000186755 4.09264e-08 0.00415662 0.00895502 0.00372988 0.0150765 0.191714 1.64028e-06 0.194856 3.7743e-05 0.0072756 0.0764834 0.069918 0.0383872 3.846e-08 
3.99473e-05 0.000572855 8.35654e-06 0.589369 0.00178631 0.0780241 0.00193932 0.00220009 0.000525558 0.00444745 0.0648829 6.26459e-05 0.0128385 6.80361e-05 0.00202288 9.60788e-07 0.00184785 0.0965251 0.00680567 0.0160543 0.0204295 0.00619669 0.000505428 0.0506759 8.5328e-05 0.00103768 0.00137375 0.0326326 0.00679092 0.000250785 
1.19489e-11 1.98991e-11 1.96017e-08 1.79488e-11 2.56979e-07 0.16309 7.94866e-12 0.0175181 9.64219e-08 0.0470319 0.388593 1.91741e-08 5.85547e-07 6.4162e-11 4.19934e-07 1.10746e-10 9.00745e-08 4.21433e-11 0.0145774 1.16632e-10 0.00756929 2.67685e-11 5.63043e-07 0.0209009 3.35251e-07 3.4184e-11 8.7785e-07 0.25275 0.0879655 8.45618e-11 
4.41626e-08 0.00117863 1.44605e-07 6.63383e-08 0.000109057 0.00605961 0.0262738 0.0163353 2.72485e-05 1.61895e-07 4.93769e-05 2.35438e-07 0.0342776 8.01749e-06 0.17591 4.09315e-07 3.32581e-07 0.000971747 0.00155509 0.00130374 0.000103858 0.71925 1.3512e-07 5.1233e-06 0.00116141 1.05928e-05 6.46754e-05 0.00211735 0.0132262 3.12538e-07 
1.0385e-10 0.473699 2.89071e-06 1.55997e-10 1.77244e-10 1.27087e-10 0.235847 0.0637236 8.09132e-07 0.195323 2.85062e-07 5.59176e-08 2.1563e-10 5.57643e-10 4.03797e-06 9.62517e-10 7.82073e-10 3.66275e-10 1.56345e-06 1.01367e-09 1.03414e-10 0.0201036 0.0112916 1.09375e-06 4.28426e-10 2.97099e-10 1.35514e-10 1.2368e-06 1.03651e-10 7.34942e-10 
1.13343e-09 5.77889e-06 7.57611e-06 0.00214127 1.93447e-09 1.52175e-07 3.10403e-05 8.17493e-06 3.15281e-09 0.00285475 1.35211e-09 6.04251e-09 5.79283e-06 0.000543249 0.0302834 1.05051e-08 8.53569e-09 3.9976e-09 6.53517e-06 5.69546e-06 0.0277774 0.747864 0.176307 6.92811e-06 1.52965e-06 3.24259e-09 9.72904e-06 0.00983339 0.00230656 8.02129e-09 
7.09289e-06 7.08547e-05 6.22493e-05 0.76801 0.000350335 0.00199339 0.000267505 0.00150269 5.2991e-05 0.000185382 0.0140606 9.81517e-05 0.00254266 2.8641e-05 3.21491e-05 3.61975e-09 0.0042939 0.182478 0.000430361 6.03719e-08 0.000506138 0.00808455 0.000236449 0.00907405 6.4773e-05 0.000205119 0.00246092 0.00167663 0.000630901 0.000594049 
8.28364e-07 0.0205144 0.00447394 0.000288815 0.00145033 0.00383838 0.049691 0.0246843 0.0160912 0.0614484 0.00703248 2.24738e-05 0.00200931 0.000624321 0.639402 2.01102e-05 0.00303538 0.0193418 0.00309243 0.00366424 0.00630017 0.0547194 0.00017215 0.00824073 0.00190189 0.00156261 0.0300417 0.0308258 0.00549997 9.25141e-06 
3.27609e-10 0.0726395 1.07272e-09 2.95761e-07 6.37478e-06 1.61172e-05 2.65663e-05 0.710866 9.11291e-10 1.57341e-05 3.90815e-10 1.79911e-05 7.55136e-06 1.75917e-09 0.0477326 2.7358e-06 3.94993e-06 7.78801e-05 4.69683e-10 3.19779e-09 4.46976e-06 0.0607429 1.00236e-09 0.0145178 2.43412e-06 9.37243e-10 4.27499e-10 1.47909e-05 0.0933041 2.31848e-09 
3.97226e-09 0.0177353 1.30067e-08 6.49938e-06 1.45735e-05 0.0430567 0.0434302 0.63482 1.71888e-05 1.05791e-05 4.73863e-09 0.000104823 0.0149344 2.13299e-08 5.10788e-05 3.2997e-05 2.99143e-08 0.0943114 5.6949e-09 3.01776e-05 1.10731e-05 0.0793034 1.21535e-08 2.65655e-05 0.069791 1.13641e-08 5.18341e-09 0.00229853 1.36665e-05 2.81116e-08 
3.87012e-06 0.0173304 0.00265269 4.39932e-05 0.0468876 0.0190261 0.102731 0.0285913 2.35325e-05 0.00646145 0.00902971 2.89876e-05 0.0224615 0.00061314 0.0578893 4.30908e-07 8.29596e-05 0.00696684 0.0177004 0.00195567 0.0186361 0.516744 0.000806012 0.0238535 0.0046961 0.000135369 0.00498162 0.0226116 0.0670541 1.05896e-06 
3.64987e-05 0.00289954 0.000578092 0.000199389 0.00112358 0.0113422 0.011657 0.0278422 0.0391494 0.000483338 0.00105272 0.000354371 0.00140746 1.14263e-07 0.000428377 0.00825945 9.48183e-05 0.0329776 0.00154508 0.00013331 0.000162074 0.789998 9.10644e-05 0.0305518 0.000156106 0.000457744 0.00260819 0.000613885 0.000724226 0.0330719 
2.91047e-08 0.00281562 2.0711e-05 2.40522e-05 0.00279063 0.0233532 0.0201981 0.0126848 1.52681e-06 9.44983e-07 0.0304717 0.000207605 0.000299187 6.01664e-08 2.83451e-06 9.82303e-09 7.9815e-09 2.11482e-06 9.81203e-06 0.00650807 0.00650873 0.864463 0.000352741 0.0118971 0.00964612 0.000102936 2.1592e-06 2.24264e-06 0.00763108 3.3101e-06 
3.94085e-07 0.00039827 0.000184157 2.07842e-05 0.00587566 0.695898 1.48579e-05 0.00396882 0.00297334 0.00131952 0.0242902 1.04701e-06 0.113497 4.38315e-06 0.0135561 0.0288442 0.000307438 0.00732878 5.15703e-06 3.28375e-08 0.00381191 0.00395859 0.00747934 0.000698541 2.00738e-06 0.00588002 0.0766366 0.00293481 0.000109855 2.38081e-08 
7.85411e-11 2.64198e-06 2.57173e-10 0.000350217 4.61614e-06 0.0626307 0.0454202 0.327639 2.18473e-10 0.0033214 0.00847738 4.18715e-10 0.000962776 0.0566177 0.00306066 7.27948e-10 2.40481e-07 0.00424147 0.0457225 7.47001e-07 5.60028e-07 0.0779446 1.32631e-06 0.103292 1.89436e-07 0.00600596 0.0124832 0.225868 0.0159509 6.3177e-07 
8.43001e-07 0.000348343 1.24879e-05 0.000479074 0.000713525 0.0429973 0.00339877 0.0132587 8.37456e-06 0.000702851 0.0141922 8.47097e-06 0.000388976 5.27913e-06 9.97405e-05 2.68892e-06 2.44725e-05 0.0689884 8.36761e-06 0.0019269 2.06336e-05 0.799476 1.29041e-06 0.0388929 0.000446305 0.00267739 0.00274048 0.00638136 0.00179739 3.62601e-09 
9.01083e-08 0.0290068 0.00109026 1.18794e-05 0.00694417 0.0582179 0.00794753 0.00209531 0.0779489 0.00125021 0.000178223 8.95395e-09 0.0458743 0.0001227 0.01378 0.00166764 0.000840355 0.00134243 0.00647495 0.614412 0.000962967 0.00486128 0.0287598 0.00591593 0.00442495 1.37148e-05 0.0020634 0.0150798 0.0687084 4.10331e-06 
1.50636e-08 4.41119e-05 0.000188537 2.26276e-08 2.57095e-08 0.013025 0.0275938 0.636768 0.0346862 0.00065437 0.0095005 1.20474e-05 0.0099284 1.73294e-05 0.0512201 1.39615e-07 1.13441e-07 0.00017003 0.00673793 1.22821e-06 4.74443e-05 0.00385859 0.0237259 2.215e-05 6.21439e-08 0.00748188 0.0381694 0.12274 0.0133975 9.63822e-06 
3.00023e-11 0.00122093 0.00206132 7.36945e-05 0.000112871 0.554483 0.00224547 0.00373845 0.00528425 4.74899e-07 0.0257416 1.09151e-07 0.0543747 0.000324128 0.0021077 7.46469e-07 1.05998e-07 0.000515316 0.00223908 0.000717422 0.00249021 4.52299e-05 0.00513095 0.00155371 1.23773e-10 0.00539166 0.013695 0.0615379 0.254913 8.56243e-08 
1.49294e-08 0.000183961 5.62022e-06 6.71634e-06 0.00785577 0.0106467 9.52225e-05 0.00277057 0.185218 1.84132e-07 0.0175358 3.14378e-08 7.81144e-08 1.13881e-07 1.46935e-10 5.46417e-10 0.000997171 8.45127e-08 0.00659162 0.0129246 0.0326068 1.05954e-07 0.0338721 0.0572997 1.58383e-07 0.00277494 0.625395 0.00151264 0.00166608 4.06008e-05 
6.87092e-13 0.00174907 4.19014e-05 0.000233525 0.00365201 0.499599 8.65951e-09 0.000817054 0.0013889 4.58074e-07 0.366461 2.22061e-08 0.0218647 0.00181735 1.32783e-08 6.36822e-12 3.87186e-05 0.0330484 0.00188042 1.38741e-05 2.15224e-07 0.000223473 0.00157267 0.00323625 1.22315e-08 0.000392782 0.0465267 0.0126276 0.00281463 4.86253e-12 
9.47321e-05 0.0162531 0.000242814 2.98437e-05 0.0245692 0.00225954 0.0230343 0.11499 0.0840003 0.0100309 0.0290638 0.000780299 0.00682609 0.000752766 0.0239639 5.19468e-08 0.000287607 0.000136522 0.00249099 0.0116673 0.000637132 0.28983 0.00739247 0.312594 0.0141728 0.00122541 0.00668953 0.00655701 0.0090974 0.000330142 
0.000225917 0.0127847 0.000134821 0.00600933 0.0162908 0.0320612 0.151601 0.117809 0.000467026 0.00177933 0.011044 0.000375903 0.00499736 0.00447252 0.00857768 0.00200694 0.000311073 0.0687528 0.00305041 0.000464257 0.0447527 0.0265646 0.0120086 0.391534 0.00310597 0.000496422 0.0112562 0.0257575 0.041307 5.65625e-07 
3.13103e-10 7.08471e-06 1.78811e-06 4.70324e-10 5.34384e-10 0.355567 3.81238e-06 0.0318159 0.039779 5.5915e-06 0.0801213 1.6692e-09 0.0058556 7.41456e-06 0.0605053 2.90195e-09 2.35792e-09 0.00129949 0.0737251 6.58385e-06 4.54006e-06 0.095341 1.03148e-05 0.00772699 6.8553e-06 1.05713e-06 0.0179391 0.000407834 0.229861 2.21582e-09 
3.21898e-09 0.00128492 2.56385e-06 2.46675e-07 5.49395e-09 0.122456 0.00575255 0.518978 0.0345161 0.0352922 0.0165371 9.71718e-06 0.000384431 0.00921109 6.30117e-06 2.98347e-08 2.42416e-08 2.63066e-06 4.61495e-09 3.14204e-08 3.20549e-09 5.64907e-05 2.18232e-05 0.0193735 1.32797e-08 9.20905e-09 0.000634415 1.16842e-05 0.235467 1.07392e-06 
2.09522e-08 0.00132067 7.91805e-05 0.000123686 0.0016482 0.00437021 0.0200567 0.672322 1.58258e-05 0.00738354 0.0066855 0.000259632 0.00287114 1.12508e-07 0.00679981 1.94193e-07 1.57788e-07 0.0117833 0.0578411 0.000182264 0.00242099 0.0755219 0.00763518 0.0926852 0.000397658 0.00200095 4.46705e-05 0.00283487 0.0226078 0.000107244 
7.82956e-07 0.00245001 0.00903414 0.0461514 0.0113448 0.0642663 0.0153977 0.0216023 0.00152918 0.000305985 0.0246056 0.000981849 0.00138547 7.14512e-05 0.00632046 4.13515e-10 5.28169e-05 0.479811 0.0067303 2.73604e-07 0.00966444 0.0425113 0.00278539 0.194896 0.000234476 0.00921437 0.00239979 0.0399442 0.00629969 8.64374e-06 
5.92583e-08 0.00556593 0.000404146 8.90142e-08 0.000884743 0.00306903 0.0659244 0.125414 1.64835e-07 0.00617865 0.000185183 0.00021587 0.0723007 0.00151384 0.00710266 5.49228e-07 0.000637625 2.09003e-07 8.49568e-08 3.53145e-05 0.0215596 0.518367 0.00110674 0.034571 0.000216012 1.6953e-07 5.87005e-05 0.128851 0.00583711 4.1937e-07 
0.000112893 0.0460851 0.0333429 0.000419462 0.0165947 0.015156 0.04437 0.128497 0.00146378 0.00013989 0.00464015 0.00039279 0.000396764 0.0108815 0.00596369 1.50627e-05 0.00016862 0.0104965 0.0154472 0.00657226 0.417394 0.0795045 0.00260861 0.0236042 0.000373186 0.0185016 0.0163904 0.0573639 0.0431008 2.9225e-06 
4.00073e-06 0.000390133 1.44623e-05 0.00228135 0.000611984 0.845277 0.000657168 0.0139552 0.000836853 2.9433e-05 0.00294769 0.000116791 0.041399 4.66491e-05 0.0030648 4.13217e-08 7.09237e-05 0.000408881 0.0001621 0.00012406 0.0023634 0.00128996 0.00644876 0.00790235 4.26029e-05 0.000159479 0.00436089 0.00424322 0.0594452 0.00134535 
6.10411e-10 0.0444512 0.0214497 4.25985e-06 9.02514e-06 0.000475367 0.0803781 0.0233794 0.0305214 0.000445655 0.00363907 3.2542e-09 0.0387947 4.39996e-06 0.0730156 2.55728e-05 0.000809808 8.73958e-07 9.41403e-06 0.00664735 6.84654e-06 0.361563 0.0015382 0.218594 0.000202978 0.000660846 0.0118815 0.0132986 0.068193 4.31987e-09 
1.38244e-08 1.42784e-07 5.21389e-11 0.786534 0.0122307 0.035789 3.39477e-05 0.000919438 0.000181155 6.16101e-06 0.0336729 3.46311e-08 0.00278055 7.42624e-05 1.08235e-08 0.0767665 3.87995e-07 0.0209017 0.0013052 1.83643e-06 0.00558163 2.71297e-06 0.000759826 0.00370573 1.17083e-06 7.90089e-06 0.00223495 0.0119329 0.00457502 3.4769e-07 
1.52816e-09 4.47931e-05 5.00376e-09 2.2955e-09 2.60816e-09 0.000159521 0.000130121 0.000112634 4.25078e-09 5.60206e-09 8.38592e-05 8.14683e-09 0.000461042 7.7963e-05 0.000223953 1.41635e-08 1.15083e-08 5.38977e-09 2.19087e-09 0.997707 1.52175e-09 6.91572e-05 3.55389e-05 0.000507548 8.83235e-06 3.10443e-05 0.000145771 9.05412e-10 0.000200721 1.08147e-08 
2.34357e-08 0.0036375 2.41016e-08 3.10286e-05 0.00116073 0.0197112 0.0170759 0.508974 0.00881603 1.87442e-07 1.21147e-06 4.44033e-08 0.004135 0.000203518 1.37573e-07 8.97528e-12 3.06365e-08 4.47457e-08 0.0321819 6.93809e-07 0.130992 2.95693e-07 1.50691e-06 0.00245715 5.39727e-07 1.52374e-07 0.0680839 0.0913177 0.111218 6.85319e-12 
2.05034e-10 0.000360336 1.56511e-07 5.29654e-07 0.000907163 0.0181473 0.000475153 0.00336705 8.14044e-07 1.67362e-07 0.0343376 6.2084e-05 0.707054 1.38501e-05 0.00188233 1.90033e-09 7.38705e-06 0.0062739 0.00055594 0.0096114 0.00203955 0.110646 1.06109e-06 0.0116903 9.0474e-05 0.0819836 0.000616802 0.00813016 0.00172711 1.76209e-05 
1.11439e-10 0.00318937 3.64893e-10 1.11033e-07 0.0050352 0.00489743 0.00264933 0.0726439 3.09983e-10 0.0252819 0.0426481 0.000267112 0.00619298 8.93312e-07 3.27041e-06 1.03286e-09 8.39226e-10 0.000892023 0.0097023 0.00417595 0.000218467 0.815975 1.11875e-06 0.00355486 9.47592e-07 3.13839e-07 0.00266817 6.60261e-11 1.04311e-06 4.4397e-07 
8.23472e-10 0.0314062 2.69636e-09 1.23697e-09 5.06541e-07 0.00678249 0.0429275 0.707409 1.78051e-05 3.01876e-09 4.98886e-06 4.39006e-09 0.0153203 4.42181e-09 6.75846e-06 7.63224e-09 6.20142e-09 8.09284e-06 7.68709e-05 2.51234e-05 0.0882958 0.096034 2.19331e-05 9.52958e-10 9.51165e-07 2.35583e-09 0.000933568 1.6892e-05 0.0107112 5.8277e-09 
5.02903e-11 1.56015e-05 1.22197e-06 2.37237e-06 1.51826e-07 2.35453e-05 1.67473e-05 0.858015 0.00188155 1.84359e-10 0.0498469 7.70221e-08 3.85823e-05 0.000107479 1.2534e-10 4.66109e-10 1.92579e-07 0.00194128 0.00379447 1.25005e-07 0.06557 0.000282119 2.20756e-07 0.00305731 7.36333e-07 8.5357e-06 0.00455147 0.00696457 0.00387919 8.20605e-09 
1.43891e-11 0.0732534 0.000666549 0.000184034 0.00875181 0.0135998 0.0612158 0.33395 0.0203852 5.27489e-11 0.035966 0.000599471 0.00209062 1.53894e-07 2.49692e-07 1.33363e-10 0.000144056 0.0184331 0.00255288 0.00104931 0.101275 0.1455 0.0468636 0.00448742 0.000873521 0.000883465 0.0181256 0.0210472 0.0881023 2.58092e-07 
0.000119493 0.0170776 0.000558067 0.0017161 0.00236178 0.00747763 0.118003 0.538903 0.00224794 0.0344342 0.000423957 0.00291225 0.000775983 0.00154996 0.0130077 0.000153286 0.000122939 0.0222615 0.00128791 0.00452469 0.00340983 0.0810143 0.0492104 0.0122773 0.00089869 0.0182812 0.0436283 0.00581061 0.015459 9.1023e-05 
0.000145444 0.000615035 0.000353416 0.614609 0.00444517 0.0104083 0.00559114 0.0256205 0.00102208 0.00056893 0.0490399 6.08496e-05 0.0316491 0.000448986 0.00152109 1.45029e-06 0.000233753 0.0416719 0.00424282 0.00183592 0.0121375 0.073972 0.000430392 0.0839926 0.000154759 0.0011972 0.00423094 0.0257631 0.00334605 0.000690858 
8.00814e-07 0.00509674 3.10187e-06 2.90546e-05 0.00448655 0.0407313 0.0284374 0.0472648 2.49933e-06 0.0141657 0.0317716 6.02736e-05 0.110969 2.75441e-06 0.00564025 0.000160188 0.0747606 1.90905e-06 0.0254606 0.000257103 0.00453897 0.0321887 0.0107356 0.00604233 0.527369 0.00228811 0.022981 0.00323714 0.00131594 4.59701e-07 
5.47794e-09 0.000103096 1.79368e-08 8.22863e-09 9.3494e-09 6.70369e-09 0.000103495 6.72919e-09 7.3156e-05 2.00816e-08 6.53481e-09 0.000128525 1.13742e-08 2.06199e-05 1.36528e-08 5.07716e-08 4.12534e-08 1.93206e-08 7.85355e-09 5.34701e-08 5.45498e-09 0.999481 1.67603e-08 5.00869e-05 2.2599e-08 1.56716e-08 7.14819e-09 6.52367e-07 5.46744e-09 3.8806e-05 
1.12134e-07 0.0226368 0.00162213 0.00132999 0.00586599 0.0237041 0.0179407 0.00315894 4.57758e-07 0.00025255 0.0855152 0.000264513 0.000676725 1.19591e-07 0.000275837 1.58787e-12 0.0102849 0.00119063 0.00182067 9.28836e-09 1.81946e-07 0.000143595 0.00012608 0.0347755 0.775629 0.00826024 0.00188495 0.00262497 1.37685e-05 1.42268e-06 
0.000217141 0.0129991 0.0151128 0.000681742 0.00457411 0.0822368 0.0418692 0.0191914 0.000760039 0.000284751 0.0872066 0.0245385 0.191186 0.00170926 0.0133735 5.08814e-08 0.0065823 0.000154978 0.000538184 0.000388765 0.12602 0.000467117 0.0302175 0.0206302 0.000380467 0.00169301 0.041289 0.0504727 0.224981 0.00024405 
8.59596e-11 7.04422e-08 2.81464e-10 1.29123e-10 0.00365838 0.172653 5.71824e-11 0.0758246 0.015709 4.09937e-07 0.0251596 1.04624e-06 1.78484e-10 5.10548e-07 8.5157e-05 7.96705e-10 6.47346e-10 0.413856 0.046169 8.3905e-10 0.00758224 0.00230705 2.85369e-06 0.00263209 9.11801e-05 0.0156117 0.00642531 0.00535271 0.206878 6.08335e-10 
7.1511e-12 0.00155316 9.76825e-08 0.00013 0.0291523 0.0115199 7.09069e-05 0.0524347 1.98918e-11 0.000391451 0.176827 3.81236e-11 0.00468804 0.00117154 0.00558256 6.6279e-11 5.38537e-11 0.00113372 0.00848486 6.52185e-07 0.00654509 0.0822187 2.18796e-11 0.235475 6.48829e-08 0.00619146 0.00204511 0.361151 0.0132319 1.4358e-07 
3.02695e-10 0.000542093 2.97877e-07 8.605e-05 0.00131073 0.0308308 0.0653156 0.38851 5.58358e-07 3.44275e-06 1.49253e-05 0.00175791 0.0047945 1.04583e-06 0.0221203 2.80549e-09 3.79623e-07 0.0016013 0.00308196 0.000177127 4.5706e-06 0.290454 0.0746121 0.00043098 6.65049e-06 1.87804e-06 0.00313599 0.0170607 0.0941427 1.08935e-06 
1.988e-07 0.0035375 4.63001e-06 9.0851e-05 0.0169073 0.0144351 0.0155552 0.0462595 7.17606e-07 0.0165356 0.0018116 0.00292953 0.0203164 1.04926e-05 0.0106503 1.05029e-08 8.53393e-09 0.00704643 0.00207933 0.000369623 0.00573374 0.780734 0.00222663 0.0202079 0.000192841 0.000545554 0.000290422 0.00910112 0.022212 0.000215597 
8.96214e-11 0.00506195 6.05405e-07 0.000409951 0.000220441 0.00807331 0.000349246 0.0062416 0.00140461 0.00036911 1.06912e-10 1.64679e-07 5.55877e-06 4.81241e-10 2.23365e-10 8.30644e-10 3.6793e-07 0.00395358 0.00204425 8.74792e-10 0.000385525 0.932973 2.74206e-10 0.00246674 4.89477e-05 0.00762022 0.000350765 0.0280186 1.08115e-06 6.34249e-10 
1.42842e-08 0.0608097 0.001158 9.77497e-06 3.22738e-05 0.0133853 0.0338458 0.036791 0.00362595 9.13774e-05 0.0386174 5.0745e-06 0.0259165 0.000310721 0.0845988 1.32391e-07 8.3308e-07 0.00876095 0.000963275 0.000129039 0.369335 0.0242041 0.00436356 0.0268839 0.000163779 0.0490581 0.0860897 0.109512 0.0213353 1.80556e-06 
6.69763e-06 0.00654762 0.000197122 0.00306522 0.00271708 0.00812299 0.0182776 0.0638741 0.067217 0.00216534 0.0411179 0.000743504 0.00237419 0.00513344 0.00279823 1.88063e-06 1.90261e-06 0.0226657 0.00224486 0.0018984 0.0140958 0.28013 0.0861515 0.147308 7.57207e-05 0.00677968 0.111534 0.0445075 0.0166528 0.0415935 
2.67916e-09 0.0957383 0.00864922 4.22333e-06 0.00370852 0.00534641 0.066931 0.000324551 6.02561e-05 0.00387707 0.0569143 0.000356141 0.00627432 1.43863e-08 0.000100078 3.05366e-07 0.000459463 9.25435e-06 3.62289e-06 4.68137e-05 2.66793e-09 0.00184333 0.000856861 0.165669 0.3216 0.0269731 0.170584 0.0295712 0.0340904 8.41174e-06 
1.1163e-08 0.0201208 0.00101479 1.28323e-06 0.000553623 0.000932536 0.0195198 0.00019808 0.000134003 0.00141448 0.112665 3.04685e-08 0.00424202 1.46481e-07 0.00031254 4.76594e-12 0.000202264 1.1011e-08 0.0324522 4.83567e-08 1.15216e-08 0.000181185 0.000271523 0.0493207 0.753999 0.000457521 0.00132835 0.000649746 1.5845e-05 1.22895e-05 
8.96214e-11 0.00506195 6.05405e-07 0.000409951 0.000220441 0.00807331 0.000349246 0.0062416 0.00140461 0.00036911 1.06912e-10 1.64679e-07 5.55877e-06 4.81241e-10 2.23365e-10 8.30644e-10 3.6793e-07 0.00395358 0.00204425 8.74792e-10 0.000385525 0.932973 2.74206e-10 0.00246674 4.89477e-05 0.00762022 0.000350765 0.0280186 1.08115e-06 6.34249e-10 
5.07905e-09 5.0866e-05 1.04727e-07 0.000368302 0.00272439 0.885171 7.35224e-08 0.00794848 2.87267e-07 1.009e-10 1.42697e-06 0.000190838 0.00136043 9.58208e-08 0.000126909 2.55103e-10 1.00278e-07 9.30991e-05 1.08138e-07 6.24058e-06 0.00346609 1.57848e-07 0.0915377 0.00122368 5.32565e-05 3.46476e-05 0.00175413 0.00095836 0.00292911 4.25639e-07 
2.7304e-10 7.57353e-06 3.89403e-06 4.10144e-10 0.0438864 0.0810697 0.0112247 0.0134494 2.49905e-06 1.00094e-09 1.5003e-06 1.27828e-06 0.0364892 1.23972e-05 5.35709e-05 2.62985e-07 2.05621e-09 9.63005e-10 6.42379e-07 0.00451098 2.02227e-06 0.471175 0.000140838 0.115448 0.0605057 7.81128e-10 0.0963562 0.0561664 0.00949177 1.9323e-09 
8.96214e-11 0.00506195 6.05405e-07 0.000409951 0.000220441 0.00807331 0.000349246 0.0062416 0.00140461 0.00036911 1.06912e-10 1.64679e-07 5.55877e-06 4.81241e-10 2.23365e-10 8.30644e-10 3.6793e-07 0.00395358 0.00204425 8.74792e-10 0.000385525 0.932973 2.74206e-10 0.00246674 4.89477e-05 0.00762022 0.000350765 0.0280186 1.08115e-06 6.34249e-10 
2.06659e-09 0.00017074 4.70106e-05 6.18565e-07 0.0152959 0.000627658 0.00019037 0.00841324 5.74852e-09 6.96069e-05 4.51891e-05 2.37102e-05 0.0986741 1.1097e-08 0.000548898 0.00243092 8.78942e-05 7.28882e-09 0.000167567 0.00425567 0.0598039 0.672799 0.000608584 0.0113366 8.94129e-05 0.000120824 0.124099 9.25701e-05 2.06263e-09 1.46252e-08 
3.36591e-07 6.80681e-05 6.385e-05 5.05607e-07 3.32294e-05 0.00738806 0.00751816 0.0414963 9.36276e-07 0.000361303 0.0107165 1.32534e-05 0.688704 0.000379835 0.0571908 2.58627e-05 0.00578677 0.00486969 7.66369e-05 0.000579188 0.0012876 0.00112412 2.37231e-05 0.000448267 3.99074e-05 0.00873455 0.00474297 0.00829753 0.150026 2.38205e-06 
3.3698e-07 0.000252759 1.1034e-06 7.96733e-05 3.47397e-05 0.0434662 0.00118646 0.0365125 9.37356e-07 7.46037e-05 0.000622745 0.000171792 6.99695e-07 0.000370784 0.000481359 3.12325e-06 2.53773e-06 0.00559391 0.000620795 5.58296e-05 3.35567e-07 0.888707 1.03103e-06 0.0164767 8.12038e-05 0.00185606 0.00279192 0.000385186 0.000161472 6.45583e-06 
1.39661e-13 0.000261769 4.57304e-13 8.60353e-10 9.92889e-05 0.000271364 0.000297116 0.000104674 3.88488e-13 3.93091e-05 0.00625975 1.26649e-09 1.31078e-08 7.49942e-13 5.20734e-08 1.29443e-12 0.000111058 1.62601e-09 6.80795e-09 1.36323e-12 1.39076e-13 2.68704e-05 2.39725e-08 0.00103294 0.991496 8.35099e-09 1.65115e-08 1.91982e-09 2.80181e-11 7.91692e-10 
1.76674e-07 0.00296484 8.5624e-06 4.15003e-06 0.034939 2.16207e-07 0.0014714 0.0323695 7.27391e-06 6.47669e-07 0.00479167 0.00069089 3.66841e-07 3.75243e-05 4.40329e-07 0.889492 1.3305e-06 0.00773963 6.87904e-05 1.72451e-06 0.000162966 0.0247347 5.40554e-07 0.000189856 0.000281733 1.85323e-05 3.12303e-06 1.04677e-07 9.76332e-06 8.57094e-06 
8.96214e-11 0.00506195 6.05405e-07 0.000409951 0.000220441 0.00807331 0.000349246 0.0062416 0.00140461 0.00036911 1.06912e-10 1.64679e-07 5.55877e-06 4.81241e-10 2.23365e-10 8.30644e-10 3.6793e-07 0.00395358 0.00204425 8.74792e-10 0.000385525 0.932973 2.74206e-10 0.00246674 4.89477e-05 0.00762022 0.000350765 0.0280186 1.08115e-06 6.34249e-10 
1.38244e-08 1.42784e-07 5.21389e-11 0.786534 0.0122307 0.035789 3.39477e-05 0.000919438 0.000181155 6.16101e-06 0.0336729 3.46311e-08 0.00278055 7.42624e-05 1.08235e-08 0.0767665 3.87995e-07 0.0209017 0.0013052 1.83643e-06 0.00558163 2.71297e-06 0.000759826 0.00370573 1.17083e-06 7.90089e-06 0.00223495 0.0119329 0.00457502 3.4769e-07 
8.59596e-11 7.04422e-08 2.81464e-10 1.29123e-10 0.00365838 0.172653 5.71824e-11 0.0758246 0.015709 4.09937e-07 0.0251596 1.04624e-06 1.78484e-10 5.10548e-07 8.5157e-05 7.96705e-10 6.47346e-10 0.413856 0.046169 8.3905e-10 0.00758224 0.00230705 2.85369e-06 0.00263209 9.11801e-05 0.0156117 0.00642531 0.00535271 0.206878 6.08335e-10 
3.93305e-10 4.59151e-07 2.1906e-06 4.7323e-07 6.71268e-10 1.27553e-05 0.000550666 1.9761e-05 1.09403e-09 1.44182e-09 4.69186e-10 2.09677e-09 6.94233e-06 2.09103e-05 9.90045e-08 3.6453e-09 2.96191e-09 1.38718e-09 5.63869e-10 9.21754e-06 3.91657e-10 0.962904 1.13128e-05 0.0364402 1.62256e-09 7.0898e-06 5.13225e-10 3.33253e-06 8.91129e-06 1.95117e-06 
8.59596e-11 7.04422e-08 2.81464e-10 1.29123e-10 0.00365838 0.172653 5.71824e-11 0.0758246 0.015709 4.09937e-07 0.0251596 1.04624e-06 1.78484e-10 5.10548e-07 8.5157e-05 7.96705e-10 6.47346e-10 0.413856 0.046169 8.3905e-10 0.00758224 0.00230705 2.85369e-06 0.00263209 9.11801e-05 0.0156117 0.00642531 0.00535271 0.206878 6.08335e-10 
7.87635e-06 0.00570102 0.000325324 9.03529e-05 0.00843067 0.00948297 0.0676754 0.0319889 0.106411 0.0017274 0.00207947 0.000377146 0.0619445 0.0677292 0.00205933 2.42398e-05 0.000105989 0.00012753 0.00381108 0.0205896 0.319526 0.0405651 5.0872e-06 0.0856415 0.00245964 0.000347079 0.0329211 0.112541 0.0152908 1.34006e-05 
8.98271e-08 4.74857e-07 0.00267354 2.29794e-06 0.255998 0.0039116 0.00613726 0.0711299 0.387208 1.1847e-07 5.90299e-07 1.22091e-10 0.00111677 2.28169e-07 1.28506e-07 2.12259e-10 0.0202928 0.000333751 0.0372083 3.32717e-07 0.0878847 3.6575e-07 0.000651137 0.065367 1.62523e-07 0.000634032 0.0401707 0.0170437 0.00223325 2.39664e-07 
2.73271e-07 0.000214205 3.63573e-05 0.00373408 0.00055359 0.766226 1.92219e-06 0.000800874 0.00150282 3.41355e-05 0.117323 2.4425e-06 0.0759965 0.000274837 0.00101194 4.12148e-07 6.29669e-05 0.00707865 0.000467846 8.14195e-06 0.0127565 2.74226e-05 0.000491694 0.00231149 2.88055e-06 0.000117794 0.00527263 0.00298405 0.000701961 2.06695e-06 
