0.741527 0.179795 0.00430898 2.58374e-05 0.0029294 0.000331985 0.0136894 0.00119517 2.2821e-05 0.0005169 0.000772164 1.87853e-05 0.000642289 0.000613777 0.000463556 1.71458e-10 3.28778e-07 0.00232418 0.0107416 7.09051e-09 0.00354202 0.000199755 9.06396e-06 0.00477505 0.000314434 0.00020711 0.00610296 0.019935 0.00499522 1.19829e-07 
0.183851 0.010929 0.00799969 0.000187451 0.0584432 0.0121197 0.161984 0.0596815 0.00401844 0.00833606 0.169749 0.000455109 0.00741112 0.000560765 0.00912964 0.000421325 0.00151159 0.00481481 0.0208856 0.00391781 0.0318212 0.0485815 0.00893463 0.0347115 0.00106578 0.100876 0.0111314 0.018068 0.0183668 3.66745e-05 
0.741332 0.00695343 0.00424697 0.000150985 0.00177705 0.00514101 0.0323888 0.00493649 0.000227639 0.0213009 0.0576334 0.000249582 0.00497961 0.00452948 0.000892592 5.42983e-08 7.56786e-05 0.00619333 0.0251173 6.725e-05 0.00573956 0.000485197 0.00117033 0.0068562 0.00038033 0.000829135 0.00672389 0.048185 0.0114346 1.72848e-06 
0.695479 0.00325703 0.0328074 6.14796e-09 6.98535e-09 9.99725e-12 0.257029 1.21437e-07 2.2724e-11 2.87201e-06 9.74539e-12 4.35517e-11 1.69625e-11 4.38667e-11 0.0114249 7.57159e-11 6.15214e-11 6.3417e-08 1.99222e-08 7.97402e-11 7.89179e-08 1.07996e-07 2.49948e-11 9.45385e-12 3.37019e-11 6.07882e-08 1.06601e-11 4.84019e-12 8.15362e-12 5.78139e-11 
0.640761 0.0166657 0.00728731 5.32698e-05 0.00251103 0.0191091 0.0932433 0.0118398 0.000190138 0.104245 0.00735208 0.000798802 0.000678994 0.000714108 0.0103715 1.02674e-06 0.00114578 0.00459928 0.00690664 7.79171e-05 0.0192243 0.0062224 0.000367756 0.00925656 0.000602535 0.000159654 0.00299141 0.0265088 0.00588761 0.000227042 
0.796206 0.00511098 0.00276746 1.34503e-10 0.00485472 1.05271e-07 0.0270069 0.00242251 0.0060579 2.56409e-08 1.28499e-07 2.92138e-08 0.00308372 0.00541909 0.00282394 1.24279e-09 3.35482e-12 1.57119e-12 2.20347e-08 2.60032e-07 0.00836003 1.07584e-07 0.000434384 0.0105524 2.75688e-08 6.37351e-09 0.0376714 0.051435 0.0357931 3.15264e-12 
0.736035 0.00560562 0.0159892 3.59348e-06 0.00063617 0.000559163 0.0516045 0.00172453 1.02664e-05 0.00246123 0.00087857 2.63004e-05 0.00121324 0.00370933 0.00142621 2.42735e-10 8.96406e-09 0.000293305 0.060874 1.1783e-08 0.00752284 5.04216e-05 3.09502e-05 0.00948374 0.000270757 9.31442e-05 0.0306675 0.0629839 0.00584648 5.73441e-10 
0.492508 0.221945 0.0204885 4.79929e-07 0.00109612 0.00194091 0.18261 0.00807889 0.00850779 0.00477123 0.00115161 7.54713e-09 0.000692734 3.44536e-05 0.00693879 3.3901e-07 2.42858e-08 0.000601663 0.00259789 0.000314121 0.00433363 0.000190159 0.019015 0.000750369 1.28804e-05 0.000514328 0.00196464 0.00601507 0.0129251 2.48316e-09 
0.426224 0.00266957 0.0172624 1.72057e-06 0.000594621 0.00585746 0.137076 0.00549758 4.89998e-06 0.00231796 0.00148447 1.25604e-05 0.112963 0.00743442 0.00728046 4.96768e-10 4.95565e-09 0.000139878 0.0565843 7.4764e-05 0.00409491 0.000110183 3.9998e-05 0.00854376 0.000138021 0.000562026 0.0745784 0.0870679 0.0413842 1.13537e-09 
0.386392 0.0530994 0.113553 0.000680428 0.0150127 0.0171052 0.117081 0.02244 0.00439146 0.0709984 0.0124927 0.00762218 0.00724683 0.000662214 0.00856489 0.000210874 0.00725493 0.0034012 0.028101 0.000239096 0.0167744 0.0137973 0.00320153 0.0149382 0.00196845 0.00496482 0.0109319 0.039167 0.0175511 0.000156601 
0.521607 0.0119011 1.63638e-07 0.000949652 0.0236054 0.00812044 0.0135575 0.0196132 1.63656e-07 1.63623e-07 0.0470522 0.000327283 0.0337352 1.63558e-07 0.00541755 1.63411e-07 0.00338413 0.00106375 1.63707e-07 1.63392e-07 0.0497231 0.000818549 0.00880433 0.0131304 0.00229065 0.0349239 0.0623089 0.065119 0.0722517 0.000294453 
0.385031 0.0321541 0.181467 0.016446 0.0053102 0.0407176 0.0583019 0.0330401 0.00511289 0.00868467 0.0120379 0.00186114 0.00308193 0.0173559 0.0411719 2.60734e-05 0.00015098 0.0194879 0.00755567 0.000808291 0.0280383 0.0141547 0.00454591 0.0062217 0.00664512 0.0227791 0.0167843 0.024968 0.00601984 4.03956e-05 
0.653505 0.0162638 0.0102386 0.000114112 0.000562083 0.00270247 0.10607 0.00157948 1.1248e-05 0.0649836 0.00177105 0.000487612 0.00105127 0.0031302 0.00198432 4.29199e-08 8.6613e-07 0.0188094 0.0858116 0.000405249 0.0051495 0.000970257 0.000105346 0.00173675 0.00147924 0.000179615 0.000242307 0.0194823 0.00117316 4.50821e-07 
0.19206 0.0117501 0.0817813 0.000470517 0.0560069 0.0259255 0.104564 0.00578094 0.0189975 0.00517133 0.0109316 0.0493656 0.000926786 0.00266004 0.00342356 1.97854e-05 0.00667929 0.00194965 0.0534191 2.79045e-06 0.0907371 6.37457e-05 0.00460861 0.144838 0.000103022 0.0246761 0.0525996 0.041849 0.00863628 2.15476e-06 
0.781087 0.0508999 0.00842751 2.99658e-05 0.00756723 0.00255569 0.0545458 0.0104375 0.000544687 0.00690264 0.00105388 0.00354889 0.00510386 0.000644203 0.00104986 1.43174e-06 0.00264313 0.00100936 0.0109999 1.84034e-05 0.0265412 0.000527499 0.000174532 0.00566757 0.00016802 0.00117596 0.00568215 0.0094058 0.0015855 6.98423e-07 
0.471782 0.00667456 0.00436908 1.64807e-05 0.00093502 0.00575002 0.187564 0.0118736 6.39434e-08 0.0343085 0.000233557 1.34565e-05 0.000647827 9.86201e-06 0.00354741 2.04755e-11 9.09932e-05 0.000584586 0.172119 0.0116221 0.0387107 0.00589063 0.00182585 0.00182534 0.00313027 0.00027163 0.0026156 0.0200236 0.013564 6.88359e-07 
0.279966 0.0500689 0.0137138 0.000423288 0.00261668 0.00410942 0.0806094 0.0357614 1.55093e-08 0.0332256 0.00469481 0.00885788 0.0289455 0.000359819 0.0175888 1.23343e-11 3.31452e-08 9.70548e-05 0.0164496 0.00212558 0.00645978 0.193993 0.00147249 0.0335698 0.00113662 5.7683e-07 0.0110058 0.0939478 0.0787845 1.59915e-05 
0.68279 0.0302008 0.0288763 1.19361e-05 0.00681132 0.00180306 0.0985932 0.0131463 0.000642844 0.0246632 0.00173362 0.00591256 0.00161035 0.000440897 0.00277488 8.0112e-08 4.81253e-05 0.0126809 0.0270269 0.00108336 0.010357 0.00596467 0.000499049 0.00547648 0.00376253 0.000756582 0.00789553 0.0212019 0.00323382 1.54288e-06 
0.701422 0.00137388 0.000468626 5.02536e-05 0.0024924 0.00467931 0.00217693 0.00758978 0.000429984 0.00128413 0.149011 3.40227e-05 0.00718114 0.00259904 0.000196505 1.7341e-10 0.00021854 0.000259363 0.000345937 1.43241e-12 0.0031299 7.72686e-05 0.00237446 0.0100341 1.44349e-05 0.00132635 0.0166823 0.0593319 0.0252138 2.11368e-06 
0.373293 0.0441435 0.00265495 2.34422e-06 0.00175805 0.015575 0.26356 0.0415845 0.000645244 0.0315537 0.0102203 0.00014091 0.000992098 0.000422197 0.0862502 1.08426e-09 0.000382953 0.00102686 0.000426643 0.00582785 0.0291627 0.00842309 0.000335133 0.0162545 0.000285691 0.000284434 0.000595124 0.0486337 0.0155652 8.27904e-10 
0.841732 0.0163343 0.0101663 4.08527e-07 0.000421357 0.000691949 0.0586803 0.00193767 6.58365e-05 0.0395656 0.0012491 3.51455e-06 0.00164226 4.17792e-05 0.00225043 1.35405e-08 0.000466801 2.24036e-06 0.00593917 1.42602e-08 0.000106801 2.2575e-07 5.0576e-05 0.000268102 2.21797e-05 3.03144e-05 0.00106708 0.0129899 0.00427354 1.0339e-08 
0.914441 0.00497555 5.25636e-05 3.47626e-07 0.00147111 0.000290484 0.00283019 0.0026232 6.06276e-08 2.82925e-05 0.0071361 0.000113655 0.00149069 0.000148222 0.000242277 2.1505e-09 0.000142844 4.71377e-05 6.30356e-08 1.03715e-12 0.00397457 3.58107e-10 7.78395e-05 0.00255607 7.21513e-06 0.00192265 0.0486399 0.0034427 0.00334468 6.7593e-07 
0.815789 0.00473733 0.0111629 2.39611e-06 0.000424118 0.00037278 0.0406521 0.00114969 6.84491e-06 0.00203321 0.000585719 1.7535e-05 0.000808833 0.00247291 0.000950817 1.96092e-10 6.03125e-09 0.000214746 0.0405827 9.24479e-09 0.00501525 3.36165e-05 2.06348e-05 0.00632251 0.000180514 6.20982e-05 0.020445 0.0420588 0.00389766 4.69668e-10 
0.860593 0.00270814 1.07025e-07 5.66461e-06 6.54639e-05 0.00154356 0.0142128 0.0100962 0.000129516 0.00218708 0.000674361 5.26379e-06 0.0402539 2.32983e-07 0.00347949 9.38646e-12 0.00229136 7.12132e-06 2.0412e-09 1.02409e-07 8.28756e-08 0.000107739 0.0013789 0.000246854 0.000219243 0.00102019 0.0250092 0.0119869 0.0217774 3.49794e-09 
0.452598 0.0118596 0.059985 2.02928e-05 0.000439955 0.00169762 0.434595 1.12319e-07 1.09553e-08 0.00192461 6.36252e-06 0.00455255 3.0803e-06 8.09031e-09 0.000495179 8.57622e-07 4.50788e-06 0.00167697 0.0115476 1.97357e-09 0.0157647 4.13256e-05 3.71606e-08 1.3291e-06 1.81308e-05 2.30618e-08 2.73192e-05 0.00216774 0.000569971 1.31285e-06 
0.800515 0.0731956 0.00363984 2.38553e-05 0.00540089 0.000476033 0.044519 0.00122466 0.000510998 0.00124793 0.000106051 0.00629668 1.54284e-05 5.27763e-07 5.58017e-05 7.5352e-08 2.58956e-06 0.00126264 0.00610771 4.76124e-08 0.045501 8.84012e-06 3.02596e-05 0.00232147 1.78512e-05 0.00133226 0.00237601 0.00355507 0.000256291 2.59956e-08 
0.736035 0.00560562 0.0159892 3.59348e-06 0.00063617 0.000559163 0.0516045 0.00172453 1.02664e-05 0.00246123 0.00087857 2.63004e-05 0.00121324 0.00370933 0.00142621 2.42735e-10 8.96406e-09 0.000293305 0.060874 1.1783e-08 0.00752284 5.04216e-05 3.09502e-05 0.00948374 0.000270757 9.31442e-05 0.0306675 0.0629839 0.00584648 5.73441e-10 
0.279193 0.0711933 0.0613262 0.000287725 0.00366955 0.00366133 0.175787 0.0133879 0.000176668 0.0187982 0.001372 0.141743 0.0023878 0.00563603 0.0646384 5.33794e-08 3.02734e-07 0.0434281 0.0317111 0.000341558 0.0130413 0.00394422 0.000736153 0.00815652 0.000792608 0.00110898 0.00500503 0.0438061 0.00466552 4.93397e-06 
0.672939 0.0166838 0.103641 4.9508e-05 0.000470856 0.00209702 0.0768438 0.00740313 0.000340599 0.035793 0.00120944 0.000192136 0.00243056 0.00265739 0.00113305 1.5489e-08 6.69668e-06 0.00686697 0.0377053 0.000176831 0.00289553 0.000541487 0.000647311 0.0018348 0.000812217 0.000179173 0.0045662 0.0169199 0.00296298 1.85026e-07 
0.804262 0.00435067 0.00397114 2.20277e-05 0.000346527 0.00292157 0.107356 0.00189484 1.09268e-07 0.00972524 0.000536337 9.69182e-06 0.000468115 7.11096e-06 0.00058622 4.71215e-11 0.000295988 0.000111199 0.0230299 0.00830487 0.00365797 0.00405083 7.56339e-05 0.0019947 0.000749307 0.000170028 0.000138544 0.0161069 0.0048559 5.12572e-07 
0.461012 0.0159115 0.016122 0.00021178 0.000751542 0.00294096 0.109058 0.00170139 0.000384216 0.310948 0.000652199 0.000717259 0.000456844 0.000947794 0.00180959 3.20882e-08 1.58571e-05 0.0209287 0.0317766 0.000137607 0.00429353 0.0039225 3.19995e-05 0.0020922 0.000467793 9.44535e-05 0.000187487 0.0101997 0.00158511 0.000640796 
0.816762 0.00391534 0.00318594 1.67983e-05 0.00195544 0.00426082 0.0650403 0.00315435 5.95555e-07 0.0106364 0.00205348 0.000809971 0.000546208 0.000205852 0.00420603 2.34386e-09 5.65706e-06 0.00190978 0.0463547 0.000142482 0.00528196 0.00109397 2.45045e-09 0.00347516 0.000881681 0.000101657 0.000271302 0.0234129 0.000318877 2.36887e-07 
0.275953 0.0600442 0.0561972 6.48965e-06 0.00178999 0.00683135 0.199779 0.0461942 0.00633798 0.167427 0.000933302 0.00684535 4.84408e-05 3.67009e-06 0.00125577 2.45509e-08 7.37786e-06 0.000519098 0.0206126 5.57204e-07 0.0636429 0.000947966 1.90838e-05 0.00509456 6.84048e-05 0.00311473 0.00240553 0.0705823 0.00333855 2.00558e-07 
0.493085 0.0252827 3.93231e-05 7.15196e-05 0.00195002 0.0284066 0.0409275 0.0912328 0.000841455 0.0118777 0.0347701 0.000102631 0.0726457 0.000694971 0.00217033 5.28914e-07 4.34816e-06 0.000326317 0.0369698 0.00128285 0.0464208 0.0524257 0.00503083 0.0180037 0.00358332 0.000397969 0.00361704 0.00952302 0.0178295 0.000485502 
0.394142 0.0100809 0.123325 3.738e-05 0.00320717 0.0157723 0.20598 0.0150306 0.000165843 0.0113553 0.00191968 0.000888625 0.00534618 0.000720148 0.00276463 9.5228e-06 0.00111792 0.000489941 0.0652083 0.000490591 0.0337077 0.00239758 0.000997763 0.00806479 0.00281467 0.000332686 0.00271485 0.078955 0.0119624 1.00337e-06 
0.589967 0.0211298 0.00958145 3.63222e-06 0.000270933 0.00225153 0.157002 0.00267359 0.000175973 0.187279 0.000152337 0.00332286 1.82366e-05 9.88934e-06 0.000118063 2.30353e-08 1.85505e-06 0.000590781 0.00453197 1.24051e-06 0.00275817 0.0013663 2.53002e-11 0.00216906 5.99713e-05 0.000627332 2.99879e-05 0.0139069 8.72441e-08 4.28116e-09 
0.888037 0.0395418 0.00155433 2.91e-05 0.000992048 0.00105505 0.0313396 1.51048e-07 5.14597e-08 0.00249574 0.000240699 0.000288926 0.000146968 3.13309e-08 0.000431239 7.81416e-12 6.34923e-12 0.00851893 0.0215548 3.37873e-09 0.000411097 3.01636e-05 4.53042e-09 0.00072563 3.67772e-05 0.000914337 0.000121291 0.00149775 3.64706e-05 5.9666e-12 
0.653505 0.0162638 0.0102386 0.000114112 0.000562083 0.00270247 0.10607 0.00157948 1.1248e-05 0.0649836 0.00177105 0.000487612 0.00105127 0.0031302 0.00198432 4.29199e-08 8.6613e-07 0.0188094 0.0858116 0.000405249 0.0051495 0.000970257 0.000105346 0.00173675 0.00147924 0.000179615 0.000242307 0.0194823 0.00117316 4.50821e-07 
0.620733 0.336593 0.00423241 6.94264e-06 4.57436e-05 7.95754e-06 0.0273062 0.00213598 0.000427872 0.00134606 5.51473e-08 2.73327e-08 1.60236e-05 6.74078e-09 3.34806e-09 2.5182e-12 4.46086e-07 1.69075e-05 0.000458007 2.65204e-12 0.00405392 8.12473e-09 7.91224e-05 1.44964e-05 5.69393e-05 6.64165e-06 0.0024404 2.03232e-05 1.49702e-06 1.81922e-09 
0.296497 0.000620412 9.72772e-05 0.00046852 0.00886473 0.00209621 0.0315557 0.0232472 2.97982e-11 0.0802808 0.0361572 0.293973 4.97425e-07 8.7966e-07 0.00170706 9.92869e-11 8.06735e-11 0.000749756 0.0720529 0.00598179 0.00382946 0.0945763 4.61057e-06 0.00284401 5.25099e-06 0.00171085 0.00315764 0.0261987 0.0132757 4.61909e-05 
0.450833 0.010378 0.00867346 8.02754e-05 1.96975e-08 0.0389702 0.364523 1.50512e-07 2.6017e-08 0.044074 0.0176493 9.69046e-08 7.78305e-08 4.41555e-08 0.000362262 2.22843e-12 0.00249062 2.20736e-07 0.0115601 3.89603e-08 0.000924885 0.00465305 7.35632e-13 0.0135208 1.5939e-05 5.59226e-08 0.000149495 0.0311408 9.55117e-09 1.70154e-12 
0.815789 0.00473733 0.0111629 2.39611e-06 0.000424118 0.00037278 0.0406521 0.00114969 6.84491e-06 0.00203321 0.000585719 1.7535e-05 0.000808833 0.00247291 0.000950817 1.96092e-10 6.03125e-09 0.000214746 0.0405827 9.24479e-09 0.00501525 3.36165e-05 2.06348e-05 0.00632251 0.000180514 6.20982e-05 0.020445 0.0420588 0.00389766 4.69668e-10 
0.963714 0.00340028 0.00100589 1.33408e-06 2.2946e-06 0.000190264 0.0208318 0.00359855 3.22292e-12 0.00411133 1.38218e-12 2.08146e-06 3.45512e-05 0.00192795 0.000159989 4.01781e-09 8.72551e-12 2.48018e-05 0.000430414 8.06187e-09 6.58204e-09 3.52657e-05 3.71151e-09 0.000186636 4.88948e-06 6.515e-05 1.4316e-05 2.09918e-05 0.000237005 1.75047e-09 
0.547494 0.124595 0.0017285 0.000133222 0.00359533 0.0216236 0.028668 0.0133716 0.000346913 0.00988519 0.014478 0.00102969 0.0368873 0.00026503 0.00191069 1.77761e-05 0.000109519 0.00389893 0.0489087 0.00245257 0.0564015 0.0155629 0.00584647 0.0106283 0.00703348 0.00236173 0.00255672 0.0188735 0.0192097 0.000126127 
0.846243 0.0711946 0.000184473 3.85767e-05 0.00336859 0.00102168 0.00377679 0.00239936 0.000647441 0.000142731 0.0282502 0.000146499 0.00143633 0.000164478 0.00065148 1.90669e-07 5.81044e-05 0.000361831 0.000181361 2.03595e-05 0.00152997 0.000189506 0.000266479 0.00432247 2.61985e-05 0.000713478 0.0108163 0.00941243 0.0124342 1.02277e-06 
0.905829 0.00629858 0.000382509 5.01848e-09 0.000930957 8.27387e-08 0.00945026 0.00091906 0.000372816 0.00471916 0.00661542 8.13006e-12 0.00446658 5.02463e-08 6.54186e-05 1.41343e-11 2.82106e-05 1.20356e-05 0.0357696 1.55117e-07 0.0022268 1.05348e-05 1.90991e-08 0.00105393 6.29135e-12 0.000342999 1.15513e-07 0.0204976 8.30311e-06 1.07925e-11 
0.281066 0.249247 0.00698883 6.07527e-05 0.0550489 0.00345646 0.0655757 0.0293882 0.000642227 0.0274475 0.0049135 0.011752 0.00309101 0.00506243 0.00877313 4.41587e-09 4.08114e-06 0.00930716 0.00169608 2.5719e-07 0.0514585 0.000537199 0.000201991 0.0250256 5.06094e-05 0.000112567 0.0351717 0.0896134 0.0343071 1.55381e-08 
0.273893 0.00849362 0.00560498 0.00266281 0.00589138 0.0255356 0.0378395 0.0384681 0.00797675 0.0218551 0.0130447 5.01845e-05 0.0161695 0.00264094 0.00157318 1.84614e-07 0.00135039 0.00270481 0.166302 0.00246744 0.00910033 0.0652882 0.00155783 0.0952075 0.0158569 0.00298055 0.015324 0.118532 0.0416196 8.54836e-06 
0.830477 0.0304671 0.0038984 8.66686e-06 0.000146039 0.000478091 0.0533055 0.00701939 8.89144e-05 0.0041862 0.00199857 0.000118183 0.00323714 4.23378e-05 0.00579904 3.49337e-10 0.0117017 1.68595e-05 0.00283373 4.84497e-06 0.0010822 0.000393341 8.19172e-06 0.00383218 1.12629e-05 4.49656e-05 0.000428496 0.0360043 0.00236542 2.0283e-06 
0.765404 0.0133688 0.0133236 4.34648e-05 0.00566411 0.012774 0.025904 0.0215545 5.09642e-05 0.0107843 0.00682736 1.2684e-11 0.0660598 0.000406304 0.00232163 2.356e-07 2.43917e-05 0.00504143 0.00814119 0.000152258 2.53999e-08 0.00330876 0.000517982 0.0127153 0.000345652 1.59466e-05 0.0082374 0.0105228 0.00648964 1.99537e-09 
0.835727 0.00677568 0.0121721 8.8437e-07 0.000126993 0.00036995 0.101981 0.0055158 0.000902942 0.00504332 2.08979e-06 6.60155e-08 0.0014379 0.000476767 0.000249112 3.76877e-06 4.9547e-06 2.25243e-06 0.00100496 6.98247e-06 0.00104344 0.000162056 0.00741269 0.000173198 7.11295e-07 1.32982e-05 0.0133859 0.00159233 0.00441121 2.95705e-09 
0.735736 0.000839335 0.000241003 4.76416e-05 0.00136648 0.00508407 0.00142632 0.00498896 0.000659447 0.00125073 0.131161 2.31113e-05 0.0106027 0.00254269 7.11112e-05 3.81411e-07 0.000182081 0.000135849 9.22982e-05 1.35437e-12 0.00100595 5.02146e-05 0.00292451 0.00821005 1.50163e-05 0.000665773 0.0171077 0.0410569 0.0325108 1.67636e-06 
0.813685 0.00786983 0.00139208 0.000152795 0.00397224 0.00206159 0.0354689 0.00405289 2.47908e-05 0.0273976 0.00399973 0.0188414 0.000839124 7.35608e-06 0.00112937 2.32704e-08 8.24871e-05 0.00383832 0.00391453 1.30295e-05 0.00102189 0.00713524 3.46936e-06 0.00537017 0.0101259 0.000606083 0.00221571 0.0424744 0.00229659 7.56039e-06 
0.82907 0.00308078 0.000674699 2.8379e-05 0.00152721 0.00202057 0.0132964 0.00420002 0.000256541 0.000880416 0.0721806 0.000329866 0.00685259 0.00168038 0.000322408 1.11487e-07 0.000136663 0.000141588 3.53291e-05 2.55491e-11 0.000558817 0.000107269 0.00147727 0.00311761 7.77542e-06 0.00060277 0.0207237 0.0180522 0.0186375 9.68637e-07 
0.620733 0.336593 0.00423241 6.94264e-06 4.57436e-05 7.95754e-06 0.0273062 0.00213598 0.000427872 0.00134606 5.51473e-08 2.73327e-08 1.60236e-05 6.74078e-09 3.34806e-09 2.5182e-12 4.46086e-07 1.69075e-05 0.000458007 2.65204e-12 0.00405392 8.12473e-09 7.91224e-05 1.44964e-05 5.69393e-05 6.64165e-06 0.0024404 2.03232e-05 1.49702e-06 1.81922e-09 
0.251976 0.0394564 0.00063489 1.96432e-05 0.00832083 0.0423198 0.0526182 0.0739673 0.000294132 0.00346419 0.14397 0.000526354 0.0684356 0.00244111 0.0155263 0.00317249 0.00177205 0.000864598 0.00621003 5.19746e-06 0.00228283 0.0137731 0.00031993 0.0511401 0.000225636 0.00791856 0.0722338 0.114982 0.0211275 5.08635e-07 
0.653505 0.0162638 0.0102386 0.000114112 0.000562083 0.00270247 0.10607 0.00157948 1.1248e-05 0.0649836 0.00177105 0.000487612 0.00105127 0.0031302 0.00198432 4.29199e-08 8.6613e-07 0.0188094 0.0858116 0.000405249 0.0051495 0.000970257 0.000105346 0.00173675 0.00147924 0.000179615 0.000242307 0.0194823 0.00117316 4.50821e-07 
0.641085 0.02875 0.00395007 5.33917e-05 0.00625473 0.00972491 0.0906729 0.0177835 0.00605132 0.0251424 0.00984734 0.000808381 0.00251724 0.00387582 0.00540611 3.36184e-09 0.000983803 0.00113005 0.0220236 0.00154353 0.0195756 0.0084608 0.00820294 0.00904139 0.0104516 0.00637096 0.00707412 0.0429758 0.0102363 6.42934e-06 
0.963714 0.00340028 0.00100589 1.33408e-06 2.2946e-06 0.000190264 0.0208318 0.00359855 3.22292e-12 0.00411133 1.38218e-12 2.08146e-06 3.45512e-05 0.00192795 0.000159989 4.01781e-09 8.72551e-12 2.48018e-05 0.000430414 8.06187e-09 6.58204e-09 3.52657e-05 3.71151e-09 0.000186636 4.88948e-06 6.515e-05 1.4316e-05 2.09918e-05 0.000237005 1.75047e-09 
0.619245 0.0135183 0.0120404 0.000146714 0.000722673 0.0034746 0.118944 0.00181688 1.44597e-05 0.046797 0.0022755 0.000597299 0.00135163 0.00402453 0.00193965 5.50229e-08 2.74501e-08 0.0241835 0.109555 0.000521024 0.00662077 0.00123067 0.000135441 0.00223295 0.00190187 0.000230932 0.000311534 0.0246594 0.00150834 5.79427e-07 
0.370268 0.0505668 0.00310119 0.000135725 0.0211779 0.0175276 0.0484023 0.00887125 0.00654299 0.00444682 0.00765205 8.51956e-06 0.00753561 0.00279835 0.0053484 3.73559e-05 2.08178e-06 0.00182325 0.00417962 0.000247037 0.0531913 0.000505856 0.00112558 0.195237 0.0135882 0.00916454 0.118899 0.0160513 0.0315634 7.94397e-07 
0.416172 0.0410823 0.0821101 4.54394e-05 0.00178597 0.00730701 0.158823 0.036181 0.00334413 0.0973021 0.0151113 0.000522629 0.00206723 0.00244772 0.0103706 2.73261e-08 7.85566e-05 0.00221736 0.014449 0.00410851 0.0107835 0.00539144 0.000674411 0.0151399 0.000910358 0.000490519 0.0159389 0.043759 0.0112161 0.000170269 
0.570927 0.0219396 0.00285492 0.00314984 0.0164528 0.01134 0.0428295 0.0290562 0.00206726 0.00383933 0.0161989 0.00122319 0.00456636 0.000163963 0.00687625 1.53527e-08 0.0145334 0.00332953 0.0365185 0.000122474 0.00881773 0.00152414 3.07145e-05 0.0595281 0.00815974 0.00486941 0.0110879 0.11503 0.00294396 2.00244e-05 
0.736035 0.00560562 0.0159892 3.59348e-06 0.00063617 0.000559163 0.0516045 0.00172453 1.02664e-05 0.00246123 0.00087857 2.63004e-05 0.00121324 0.00370933 0.00142621 2.42735e-10 8.96406e-09 0.000293305 0.060874 1.1783e-08 0.00752284 5.04216e-05 3.09502e-05 0.00948374 0.000270757 9.31442e-05 0.0306675 0.0629839 0.00584648 5.73441e-10 
0.371895 0.0649868 0.11031 9.91423e-05 0.00215755 0.00247389 0.225961 0.00951092 0.00111255 0.0861722 0.000897605 0.00302783 0.00243264 0.00252149 0.000979807 2.25292e-07 8.0549e-05 0.00287935 0.0321602 0.00343528 0.0371326 0.00319163 0.00259816 0.00435049 0.000339253 0.00118446 0.00186635 0.0208197 0.00542274 4.02924e-07 
0.802583 0.0749792 0.00208886 4.35813e-05 0.00262665 0.0017797 0.0124274 0.00464761 0.000978353 0.00271318 0.0344975 5.96739e-05 0.00375213 0.000737162 4.28053e-05 9.25739e-08 6.99677e-05 0.000100783 0.000507355 2.89122e-12 0.00449967 7.95981e-05 0.00132544 0.00276794 5.85913e-05 0.00171694 0.0183723 0.0131021 0.0134415 9.51998e-07 
0.757824 0.00869774 0.096738 8.66843e-06 0.00129638 0.00297089 0.0563137 0.0105805 0.00019225 0.0102603 0.00118935 0.000251711 0.00169961 0.000493936 0.00199352 1.57173e-09 1.23023e-05 0.000669255 0.0184479 6.31734e-05 0.00274569 0.000487708 0.000302814 0.00260223 0.000491199 0.000120939 0.00485765 0.0168493 0.00183889 9.09565e-08 
0.425056 0.102553 0.00629641 0.000178811 0.00610922 0.00667398 0.286324 0.00567565 0.000242138 0.0174007 0.00131878 0.000524748 0.000552729 1.45157e-05 0.00255369 3.63348e-11 1.09964e-07 0.00483324 0.060467 4.14257e-05 0.0058375 0.00027267 1.3931e-05 0.0132117 0.000697104 0.0237299 0.00335048 0.0253346 0.000735126 3.97998e-09 
0.234861 0.192799 0.0068396 0.0421872 0.00327427 0.007493 0.204853 0.0122183 0.00200439 0.0480003 0.0106091 0.00174246 0.0408083 0.000372312 0.00851654 3.51976e-11 0.000311562 0.00154281 0.0431413 2.34885e-08 0.0117075 0.000459016 0.000526859 0.00594959 0.0185968 0.000206357 0.0196596 0.0575895 0.0232634 0.000466474 
0.628395 0.112661 0.00519084 6.60953e-06 0.0138277 0.000625012 0.0542749 0.00331971 0.00146253 0.00212116 0.000244685 0.0171005 2.60282e-05 1.8949e-06 2.724e-05 2.84014e-07 7.11573e-06 5.83228e-05 0.0111645 3.5055e-09 0.121555 2.86466e-05 6.70548e-05 0.00622016 1.45852e-05 0.00372398 0.00728964 0.00987059 0.000714544 9.45101e-08 
0.888037 0.0395418 0.00155433 2.91e-05 0.000992048 0.00105505 0.0313396 1.51048e-07 5.14597e-08 0.00249574 0.000240699 0.000288926 0.000146968 3.13309e-08 0.000431239 7.81416e-12 6.34923e-12 0.00851893 0.0215548 3.37873e-09 0.000411097 3.01636e-05 4.53042e-09 0.00072563 3.67772e-05 0.000914337 0.000121291 0.00149775 3.64706e-05 5.9666e-12 
0.736035 0.00560562 0.0159892 3.59348e-06 0.00063617 0.000559163 0.0516045 0.00172453 1.02664e-05 0.00246123 0.00087857 2.63004e-05 0.00121324 0.00370933 0.00142621 2.42735e-10 8.96406e-09 0.000293305 0.060874 1.1783e-08 0.00752284 5.04216e-05 3.09502e-05 0.00948374 0.000270757 9.31442e-05 0.0306675 0.0629839 0.00584648 5.73441e-10 
0.819414 0.0342813 0.00453095 2.16441e-05 0.000135487 0.000822538 0.0584319 0.00299577 8.30759e-05 0.0125874 0.00207786 6.43656e-05 0.000913985 0.000429134 0.0016802 3.87472e-08 0.0196659 0.00282821 0.0222985 0.000102963 0.00128319 0.000398865 3.54301e-05 0.00227613 0.000220874 0.000100198 0.000204452 0.0116748 0.000435055 5.53207e-06 
0.870037 0.0172681 0.0021896 2.6116e-05 0.00504184 0.00207383 0.0318515 0.0023454 8.12628e-05 0.00565833 0.000603943 0.000931467 0.000239109 4.63804e-05 0.000867735 6.42231e-08 2.41317e-06 0.00318974 0.0214916 2.53527e-05 0.0219356 0.000436276 1.30222e-05 0.00171995 0.000219635 0.000986721 0.00127053 0.00916619 0.000281333 1.47957e-07 
0.657919 0.128626 0.0615585 0.000209917 0.00788931 0.00553896 0.0481178 0.0096451 0.000324815 0.00425169 0.00511502 0.00173235 0.00451118 0.000792021 0.00189648 6.43606e-06 0.00185821 0.00437468 0.0112724 0.000169309 0.00677309 0.00104275 0.000736396 0.00607494 0.000701968 0.00364346 0.00298282 0.016974 0.00525979 1.03568e-06 
0.77822 0.0364923 0.00408006 1.34214e-05 0.00778807 0.00227893 0.0567497 0.00340875 0.000290852 0.00586204 0.00103327 0.00597216 0.000197416 5.87363e-05 0.00121112 1.57213e-07 7.03137e-06 0.000690534 0.0262804 2.9228e-05 0.0436558 0.000345423 1.66555e-05 0.00508006 0.000280459 0.00116994 0.00240107 0.0158335 0.000553248 1.93395e-07 
0.956525 0.00572949 0.00272422 2.54966e-07 5.13053e-06 4.29986e-05 0.0281187 3.88575e-05 4.9012e-09 0.00527833 1.96613e-08 6.18523e-09 0.00013403 0.000296112 0.000244732 9.70386e-12 7.88467e-12 5.0823e-07 0.000593608 9.4059e-09 1.0426e-12 5.9329e-06 4.3307e-09 0.000159648 5.77878e-09 1.08535e-08 1.3212e-05 7.91341e-06 8.11357e-05 7.40951e-12 
0.815789 0.00473733 0.0111629 2.39611e-06 0.000424118 0.00037278 0.0406521 0.00114969 6.84491e-06 0.00203321 0.000585719 1.7535e-05 0.000808833 0.00247291 0.000950817 1.96092e-10 6.03125e-09 0.000214746 0.0405827 9.24479e-09 0.00501525 3.36165e-05 2.06348e-05 0.00632251 0.000180514 6.20982e-05 0.020445 0.0420588 0.00389766 4.69668e-10 
0.619245 0.0135183 0.0120404 0.000146714 0.000722673 0.0034746 0.118944 0.00181688 1.44597e-05 0.046797 0.0022755 0.000597299 0.00135163 0.00402453 0.00193965 5.50229e-08 2.74501e-08 0.0241835 0.109555 0.000521024 0.00662077 0.00123067 0.000135441 0.00223295 0.00190187 0.000230932 0.000311534 0.0246594 0.00150834 5.79427e-07 
0.823442 0.112159 0.00187428 2.90932e-06 0.00177773 0.000142606 0.0162775 0.00262509 0.000559943 0.000691642 0.00167433 3.0808e-05 0.000474834 4.72392e-05 8.23347e-05 1.71058e-09 4.01471e-05 3.71254e-05 0.000868781 2.18738e-12 0.00781274 2.23267e-06 0.000112745 0.0011821 4.6994e-05 0.0021895 0.0232624 0.00118922 0.00139318 3.2192e-07 
0.269167 0.0453925 0.00145471 7.31841e-06 0.00474647 0.087413 0.00943799 0.0080323 0.113442 0.000715886 0.00399585 0.00025218 0.00797102 0.000498838 0.0056977 1.98831e-09 7.03307e-08 4.09467e-05 0.0765924 0.0189913 0.204129 0.000131706 0.00942811 0.0270768 0.000451909 0.0245297 0.0195159 0.0109985 0.0498894 2.86465e-07 
0.701422 0.00137388 0.000468626 5.02536e-05 0.0024924 0.00467931 0.00217693 0.00758978 0.000429984 0.00128413 0.149011 3.40227e-05 0.00718114 0.00259904 0.000196505 1.7341e-10 0.00021854 0.000259363 0.000345937 1.43241e-12 0.0031299 7.72686e-05 0.00237446 0.0100341 1.44349e-05 0.00132635 0.0166823 0.0593319 0.0252138 2.11368e-06 
0.619245 0.0135183 0.0120404 0.000146714 0.000722673 0.0034746 0.118944 0.00181688 1.44597e-05 0.046797 0.0022755 0.000597299 0.00135163 0.00402453 0.00193965 5.50229e-08 2.74501e-08 0.0241835 0.109555 0.000521024 0.00662077 0.00123067 0.000135441 0.00223295 0.00190187 0.000230932 0.000311534 0.0246594 0.00150834 5.79427e-07 
0.890929 0.0024798 0.00168115 1.38453e-05 0.000805546 0.00192046 0.0162028 0.00416281 7.40017e-05 0.00473307 0.0188969 0.000314975 0.00526612 0.000608048 0.000705169 1.74041e-07 4.47365e-05 0.000364337 0.00435948 9.1095e-06 0.00118712 0.000199207 0.000332837 0.00474795 0.000113474 0.000159814 0.00452826 0.0301456 0.00501345 3.97346e-07 
0.653505 0.0162638 0.0102386 0.000114112 0.000562083 0.00270247 0.10607 0.00157948 1.1248e-05 0.0649836 0.00177105 0.000487612 0.00105127 0.0031302 0.00198432 4.29199e-08 8.6613e-07 0.0188094 0.0858116 0.000405249 0.0051495 0.000970257 0.000105346 0.00173675 0.00147924 0.000179615 0.000242307 0.0194823 0.00117316 4.50821e-07 
0.768452 0.00469785 0.00675228 2.12159e-05 0.00088705 0.00109695 0.125144 0.00508862 2.73087e-05 0.00871521 0.000491594 0.00261374 0.000559467 0.00040457 0.00219501 3.84202e-08 5.22914e-05 0.00024365 0.0207924 0.000987764 0.0120434 0.00277976 8.07488e-05 0.00357778 0.00428283 6.01264e-05 0.00374033 0.0208688 0.00334128 1.33653e-06 
0.963714 0.00340028 0.00100589 1.33408e-06 2.2946e-06 0.000190264 0.0208318 0.00359855 3.22292e-12 0.00411133 1.38218e-12 2.08146e-06 3.45512e-05 0.00192795 0.000159989 4.01781e-09 8.72551e-12 2.48018e-05 0.000430414 8.06187e-09 6.58204e-09 3.52657e-05 3.71151e-09 0.000186636 4.88948e-06 6.515e-05 1.4316e-05 2.09918e-05 0.000237005 1.75047e-09 
0.588819 0.135355 0.00469279 5.14067e-05 0.00131458 0.0064876 0.151571 0.000277762 1.44204e-05 0.00247111 0.000418031 0.00516308 0.000195401 0.00064525 0.00763279 3.82886e-06 6.40912e-11 0.0212102 0.040486 0.00132982 0.000945496 0.00050275 0.00236741 0.00423227 3.80732e-05 0.00056045 0.000110659 0.0228401 0.000262928 6.02288e-11 
0.361873 0.297413 0.239558 1.62777e-08 0.0010935 7.09694e-05 0.071359 0.00417298 4.71016e-08 0.000257706 1.80009e-10 2.1782e-08 0.000134572 3.42575e-07 0.00501787 3.14338e-11 1.38256e-07 0.00130437 0.000571553 7.06235e-05 1.03745e-07 0.000379023 1.41324e-07 0.000496998 7.10298e-05 0.000629439 2.91798e-05 0.00678925 0.00870776 6.56046e-08 
0.619245 0.0135183 0.0120404 0.000146714 0.000722673 0.0034746 0.118944 0.00181688 1.44597e-05 0.046797 0.0022755 0.000597299 0.00135163 0.00402453 0.00193965 5.50229e-08 2.74501e-08 0.0241835 0.109555 0.000521024 0.00662077 0.00123067 0.000135441 0.00223295 0.00190187 0.000230932 0.000311534 0.0246594 0.00150834 5.79427e-07 
0.914441 0.00497555 5.25636e-05 3.47626e-07 0.00147111 0.000290484 0.00283019 0.0026232 6.06276e-08 2.82925e-05 0.0071361 0.000113655 0.00149069 0.000148222 0.000242277 2.1505e-09 0.000142844 4.71377e-05 6.30356e-08 1.03715e-12 0.00397457 3.58107e-10 7.78395e-05 0.00255607 7.21513e-06 0.00192265 0.0486399 0.0034427 0.00334468 6.7593e-07 
0.252438 0.020401 0.0719635 6.20636e-05 0.0122196 0.0101156 0.234697 0.0122862 0.000614091 0.0342866 0.0358634 0.000134655 0.0302548 0.0338137 0.00402673 3.29496e-09 0.0172755 0.00453951 0.045513 3.10165e-05 0.00858458 0.00107155 0.000203225 0.0158831 0.0119432 0.0361084 0.0418277 0.040124 0.0237031 1.52551e-05 
0.484933 0.102089 0.0121781 0.00138927 0.0144876 0.00576599 0.125762 0.0165895 0.00674501 0.051432 0.00894464 0.0017405 0.00140193 0.000467838 0.00335715 5.61693e-08 0.00460841 0.00765704 0.0293777 0.000126924 0.0347194 0.00481043 0.000468693 0.0199562 0.00190853 0.0103191 0.00745542 0.0318601 0.0094412 6.67566e-06 
0.36974 0.00782188 1.47218e-06 5.89977e-08 1.50804e-07 0.0063796 0.0440456 0.00616113 2.7306e-11 0.14004 5.60941e-07 9.21119e-07 0.00623177 3.32616e-06 0.0038841 9.09829e-11 7.39263e-11 1.90427e-06 0.00329102 0.00479045 9.77535e-12 0.22345 0.00170883 0.165643 8.50853e-08 2.80836e-11 1.87033e-07 8.08502e-08 0.0168038 1.39012e-07 
0.899031 0.0174508 0.00120659 7.57154e-06 0.00822828 0.00150013 0.0159138 0.00435109 0.000199569 0.00183867 0.000341599 3.03716e-05 0.000873395 0.000717251 0.000291252 2.17925e-09 2.66125e-05 0.000176314 0.0169709 1.01625e-05 0.0167904 0.000348087 0.000179751 0.00173909 0.000784131 0.00181827 0.00299495 0.00425635 0.00192251 6.56117e-07 
0.851171 0.00996975 0.00512909 8.79897e-06 0.000189149 0.0010319 0.0536994 0.00366725 3.03659e-05 0.00548683 0.000921035 1.18097e-05 0.00085284 0.00227699 0.00090806 1.96255e-08 0.00546169 0.000468636 0.0206086 0.000711035 0.00284726 0.000635886 2.50169e-05 0.00342571 0.00055875 0.000143564 0.00727792 0.0197082 0.00277196 1.43046e-06 
0.816762 0.00391534 0.00318594 1.67983e-05 0.00195544 0.00426082 0.0650403 0.00315435 5.95555e-07 0.0106364 0.00205348 0.000809971 0.000546208 0.000205852 0.00420603 2.34386e-09 5.65706e-06 0.00190978 0.0463547 0.000142482 0.00528196 0.00109397 2.45045e-09 0.00347516 0.000881681 0.000101657 0.000271302 0.0234129 0.000318877 2.36887e-07 
0.237369 0.010948 0.0178091 0.000419277 0.00257808 0.0303317 0.0811184 0.0296748 0.00261934 0.0109987 0.00818218 5.59147e-05 0.113667 0.0236292 0.0053158 6.97423e-08 0.00206528 0.000579701 0.000775616 6.97345e-08 6.98761e-08 0.00167662 0.0211834 0.0222268 0.000803065 2.80083e-05 0.123525 0.140562 0.111858 6.97778e-08 
0.2683 0.0603674 0.0185013 5.86219e-07 2.04308e-11 1.00495e-06 0.189779 0.187844 3.32981e-11 0.069519 1.13243e-06 0.00469386 8.73653e-05 2.76465e-07 2.65532e-06 1.10948e-10 9.01489e-11 0.00218974 1.8415e-06 3.28347e-06 0.0103159 0.168999 3.66255e-11 0.0193843 1.22972e-06 3.42463e-11 3.24922e-07 3.19089e-06 3.1578e-06 1.01744e-07 
0.585804 0.0388119 0.00396262 1.48205e-05 0.00876087 0.0110115 0.0978685 0.0535613 0.0200513 0.00682916 0.00760415 0.00164163 0.00257828 0.00871993 0.00823537 2.66997e-08 0.000355367 0.000125111 0.000710684 2.59334e-05 0.0333854 0.002097 0.0229841 0.017011 0.00125107 0.0235709 0.0224084 0.0127821 0.00783789 2.93598e-09 
0.815789 0.00473733 0.0111629 2.39611e-06 0.000424118 0.00037278 0.0406521 0.00114969 6.84491e-06 0.00203321 0.000585719 1.7535e-05 0.000808833 0.00247291 0.000950817 1.96092e-10 6.03125e-09 0.000214746 0.0405827 9.24479e-09 0.00501525 3.36165e-05 2.06348e-05 0.00632251 0.000180514 6.20982e-05 0.020445 0.0420588 0.00389766 4.69668e-10 
0.54651 0.141582 0.0158967 9.01478e-05 0.00984562 0.00274374 0.07793 0.0120974 0.000418256 0.0416194 0.00697289 0.0010104 0.00554266 0.00449253 0.00371179 2.449e-08 0.000195627 0.00449685 0.0244237 0.000509115 0.00580357 0.00377953 0.000832417 0.00350555 0.00193082 0.00249873 0.00525314 0.036189 0.0401104 8.18552e-06 
0.297068 0.0867516 0.134373 4.52022e-05 0.00022249 0.00390434 0.260033 0.00414341 2.58447e-05 0.07229 0.00411622 0.00543666 0.00041615 0.0116246 0.0053107 1.98618e-08 2.52546e-05 0.0161915 0.0578483 0.000197181 0.00742582 0.0017952 0.0148012 0.00475856 0.000585547 0.0001839 0.000595591 0.0093644 0.000464265 1.66069e-06 
0.275515 0.0468785 0.00734484 1.38204e-05 0.00248975 0.0651917 0.227541 0.0517027 0.000325945 0.0234088 0.0183904 0.000371583 0.00448258 9.84461e-06 0.0299077 1.88669e-07 0.000433828 2.0155e-05 0.00259956 0.000464786 0.00150204 0.0167705 0.0116214 0.0137356 0.00102214 0.000449398 0.00746243 0.168055 0.0222896 7.7008e-11 
0.284842 0.0840828 0.0103151 2.82852e-05 0.00689208 0.00139932 0.167183 0.0179588 0.0126057 0.0207559 0.000561457 0.00251666 0.000949438 5.70024e-05 0.000456899 4.80722e-07 9.3094e-06 0.00167038 0.0732796 0.000166644 0.076925 0.0011402 0.0251276 0.0522443 5.38012e-05 0.00346826 0.136539 0.0180783 0.000683646 9.10153e-06 
0.815789 0.00473733 0.0111629 2.39611e-06 0.000424118 0.00037278 0.0406521 0.00114969 6.84491e-06 0.00203321 0.000585719 1.7535e-05 0.000808833 0.00247291 0.000950817 1.96092e-10 6.03125e-09 0.000214746 0.0405827 9.24479e-09 0.00501525 3.36165e-05 2.06348e-05 0.00632251 0.000180514 6.20982e-05 0.020445 0.0420588 0.00389766 4.69668e-10 
0.521607 0.0119011 1.63638e-07 0.000949652 0.0236054 0.00812044 0.0135575 0.0196132 1.63656e-07 1.63623e-07 0.0470522 0.000327283 0.0337352 1.63558e-07 0.00541755 1.63411e-07 0.00338413 0.00106375 1.63707e-07 1.63392e-07 0.0497231 0.000818549 0.00880433 0.0131304 0.00229065 0.0349239 0.0623089 0.065119 0.0722517 0.000294453 
0.893584 0.00213525 0.0088567 8.23207e-07 2.33332e-05 0.000345095 0.0599821 0.00640799 4.23946e-05 0.00725614 2.69852e-06 0.000907856 2.65817e-05 1.42499e-05 0.00247345 4.5532e-08 1.41176e-05 3.88508e-06 0.000714931 2.73078e-07 0.0153782 0.000146291 2.06443e-05 0.00131438 8.11614e-05 2.78387e-06 1.6831e-05 7.71356e-08 0.000248205 5.0845e-10 
0.426224 0.00266957 0.0172624 1.72057e-06 0.000594621 0.00585746 0.137076 0.00549758 4.89998e-06 0.00231796 0.00148447 1.25604e-05 0.112963 0.00743442 0.00728046 4.96768e-10 4.95565e-09 0.000139878 0.0565843 7.4764e-05 0.00409491 0.000110183 3.9998e-05 0.00854376 0.000138021 0.000562026 0.0745784 0.0870679 0.0413842 1.13537e-09 
0.815789 0.00473733 0.0111629 2.39611e-06 0.000424118 0.00037278 0.0406521 0.00114969 6.84491e-06 0.00203321 0.000585719 1.7535e-05 0.000808833 0.00247291 0.000950817 1.96092e-10 6.03125e-09 0.000214746 0.0405827 9.24479e-09 0.00501525 3.36165e-05 2.06348e-05 0.00632251 0.000180514 6.20982e-05 0.020445 0.0420588 0.00389766 4.69668e-10 
0.793918 0.0156193 0.00380461 7.33853e-05 0.00248048 0.00240827 0.0529208 0.00418541 0.000195497 0.0263529 0.00272197 0.0169421 0.000673103 0.0014216 0.000994808 1.9073e-07 5.4286e-05 0.00533985 0.0170342 0.000115598 0.0113243 0.00416169 2.74587e-05 0.00448654 0.000518924 0.000350906 0.00350815 0.0260864 0.00227406 5.49877e-06 
0.521607 0.0119011 1.63638e-07 0.000949652 0.0236054 0.00812044 0.0135575 0.0196132 1.63656e-07 1.63623e-07 0.0470522 0.000327283 0.0337352 1.63558e-07 0.00541755 1.63411e-07 0.00338413 0.00106375 1.63707e-07 1.63392e-07 0.0497231 0.000818549 0.00880433 0.0131304 0.00229065 0.0349239 0.0623089 0.065119 0.0722517 0.000294453 
0.62268 0.0142566 0.00689507 1.28658e-06 0.000227237 0.00019973 0.258957 0.00520777 3.6736e-06 0.0215476 0.00031436 1.16783e-05 0.000433346 0.00132501 0.00169762 4.95647e-10 4.43283e-07 0.000104826 0.0239126 1.38676e-08 0.00268686 2.07683e-05 1.10643e-05 0.00338716 9.67597e-05 3.32803e-05 0.0109533 0.0229466 0.00208811 7.24024e-10 
0.376751 0.0382829 0.00271691 3.03812e-06 0.00536433 0.00480746 0.306532 0.0253776 0.00126285 0.00599868 0.00298341 5.71954e-08 0.00183098 2.04891e-05 0.0483744 4.34845e-07 2.44898e-07 3.50503e-05 0.00362961 0.00276479 0.0110791 0.00363964 0.000323972 0.015773 0.109716 0.000227046 0.00190547 0.0125933 0.0180053 3.65909e-09 
0.201828 0.1499 0.00834217 0.0214623 0.00203154 0.00361138 0.198107 0.0805154 0.00268699 0.017071 0.0108094 0.0119359 0.0224426 0.00186629 0.0265708 3.06919e-09 1.55653e-06 1.18156e-05 0.0447369 0.000495081 0.0194405 0.000595482 2.53261e-05 0.018845 0.000205713 0.000143024 0.00817765 0.126328 0.0218052 7.08657e-06 
0.899578 0.00996837 0.00556061 1.43951e-05 0.000203324 0.000327408 0.0319831 0.000383257 2.28394e-06 0.00113544 0.000223156 4.55131e-05 0.000298586 0.000824382 0.000512139 1.85152e-10 2.31301e-08 0.00452988 0.0173605 1.40058e-06 0.0018087 1.69604e-05 1.25008e-05 0.00224486 0.000127972 5.20128e-05 0.00714217 0.0143306 0.00131213 4.4442e-10 
0.815789 0.00473733 0.0111629 2.39611e-06 0.000424118 0.00037278 0.0406521 0.00114969 6.84491e-06 0.00203321 0.000585719 1.7535e-05 0.000808833 0.00247291 0.000950817 1.96092e-10 6.03125e-09 0.000214746 0.0405827 9.24479e-09 0.00501525 3.36165e-05 2.06348e-05 0.00632251 0.000180514 6.20982e-05 0.020445 0.0420588 0.00389766 4.69668e-10 
0.287589 0.117632 0.0110595 0.00385915 0.0561863 0.00949091 0.178368 0.0136927 0.00827156 0.00518114 0.00545634 0.000989899 0.000617967 0.000298219 0.00091161 1.1992e-08 0.00132172 0.00333586 0.0186092 5.08021e-07 0.067213 0.00140671 0.00431117 0.0222158 0.00382944 0.12597 0.0229625 0.0222335 0.00698606 3.25278e-07 
0.963714 0.00340028 0.00100589 1.33408e-06 2.2946e-06 0.000190264 0.0208318 0.00359855 3.22292e-12 0.00411133 1.38218e-12 2.08146e-06 3.45512e-05 0.00192795 0.000159989 4.01781e-09 8.72551e-12 2.48018e-05 0.000430414 8.06187e-09 6.58204e-09 3.52657e-05 3.71151e-09 0.000186636 4.88948e-06 6.515e-05 1.4316e-05 2.09918e-05 0.000237005 1.75047e-09 
0.768244 0.00105357 4.24655e-06 3.89327e-05 0.0015673 0.00313362 0.000431555 0.0040302 0.000497724 0.000205289 0.139485 0.000237176 0.00379616 0.000335584 5.06109e-05 3.82247e-07 0.000171565 0.000127926 7.87734e-05 1.67182e-12 0.00107986 1.80577e-05 0.00137993 0.00542719 8.37202e-06 0.00066589 0.0155937 0.0242825 0.0280528 1.67694e-06 
