8.09571e-10 0.00671343 0.00748787 1.21609e-09 9.72603e-07 0.0496946 0.0214361 0.0166108 0.0392655 0.000268482 0.223789 1.52045e-05 0.125501 7.91374e-07 0.145975 4.53564e-06 6.09673e-09 2.85534e-09 0.00293427 0.0102883 0.00235155 0.000357946 0.0132648 0.0171399 0.00171859 2.31607e-09 0.0155498 0.104937 0.194694 5.72932e-09 
5.95098e-08 0.00248797 0.00240097 8.9392e-08 0.0011107 0.00324516 0.0268011 0.00471628 0.00498843 2.18157e-07 2.42707e-05 3.17256e-07 0.000487525 3.19551e-07 0.00550737 5.51559e-07 0.000276527 2.0989e-07 0.0139803 0.311259 0.00160938 0.000246516 0.0115158 0.310439 2.45505e-07 0.00605793 0.00795311 0.282509 0.00238144 4.2115e-07 
3.35416e-08 0.0189569 0.0001155 3.68402e-05 3.77871e-06 0.0647571 0.00739234 0.0198169 0.000522308 0.000176775 0.018851 4.71864e-05 0.055838 8.59585e-05 0.000943446 4.59083e-06 8.27092e-08 0.0269758 0.019269 0.517993 0.00729373 0.0325456 0.000532866 0.0157577 9.77996e-05 1.81436e-05 0.0113618 0.0356122 0.144994 1.71059e-07 
6.34499e-10 0.00278403 4.76641e-07 5.33415e-06 0.000208271 0.0129885 0.00341555 0.055399 0.00401824 0.00876205 0.0188352 0.00033189 0.00197416 0.0211021 0.00804476 5.88077e-09 4.70872e-06 4.74088e-05 0.0383903 2.29722e-05 0.0267116 0.000618602 0.0199552 0.00757676 1.0356e-05 2.83935e-07 0.697308 0.0447941 0.0266897 4.49034e-09 
4.89375e-09 0.0415294 1.6024e-08 0.000782124 8.35234e-09 4.26213e-05 1.99153e-05 0.10893 1.36127e-08 1.794e-08 7.43964e-06 4.16992e-05 1.01612e-08 2.6278e-08 2.70972e-05 4.53571e-08 3.68539e-08 3.23384e-05 0.328949 3.16845e-05 1.36745e-05 0.284941 3.70255e-05 0.234578 2.27036e-05 1.40003e-08 6.38587e-09 1.47713e-05 1.95174e-07 3.4633e-08 
1.6446e-12 1.67098e-08 5.38505e-12 9.14302e-09 9.57183e-08 0.00214031 2.32154e-07 8.24285e-08 4.5747e-12 6.02894e-12 0.521093 8.76764e-12 7.2567e-05 3.18006e-08 4.09889e-12 1.52428e-11 4.70762e-08 4.87298e-08 0.00486675 1.60529e-11 0.00308434 2.58272e-09 5.03184e-12 0.0360741 1.62902e-08 2.20668e-07 0.000886931 0.426397 0.00538394 1.16388e-11 
3.9353e-10 0.00322158 0.000148425 1.95023e-07 0.00110659 0.0418999 1.06317e-07 0.00129341 0.000283628 7.57953e-06 0.863182 2.09797e-09 0.00169835 0.000202663 1.63591e-07 3.64738e-09 0.000705601 4.11988e-05 0.00141431 3.22267e-07 0.00191024 0.00016936 0.000215265 0.0175701 1.51399e-07 1.43143e-05 0.0426619 0.0192153 0.00303668 2.72794e-07 
9.93988e-10 0.00518036 3.25469e-09 0.000123958 0.00296868 6.18426e-06 0.000997896 0.108133 2.13845e-06 8.94678e-06 0.00632917 5.29911e-09 2.38857e-06 2.19971e-06 0.0387075 9.21265e-09 2.43219e-06 1.34535e-07 1.42505e-09 2.38221e-05 0.0107506 0.592402 3.04121e-09 0.0523098 4.10065e-09 2.84366e-09 4.05729e-06 8.44352e-07 0.181662 0.000382659 
6.3517e-08 0.00217459 8.45278e-05 9.54113e-08 6.52429e-06 0.000938545 0.000871306 0.0338482 1.4304e-05 0.00248996 7.57714e-08 3.38619e-07 0.000145228 0.000137933 1.54742e-05 0.000266206 4.71628e-06 6.89309e-05 8.57516e-07 6.29597e-05 0.00200124 0.891608 0.0313239 0.0011282 4.53008e-05 1.81713e-07 0.00015127 0.00496722 0.0271796 0.00046413 
3.46915e-06 5.77737e-06 1.13593e-05 5.21114e-06 5.92092e-06 0.711281 0.00754458 4.26155e-06 9.64991e-06 0.000826321 4.13845e-06 5.32944e-05 0.00349052 1.86283e-05 0.00148913 3.21533e-05 2.61255e-05 1.22356e-05 4.9736e-06 3.38622e-05 0.116704 0.0756728 0.000869409 0.000279742 1.43118e-05 9.92472e-06 0.000395156 0.0455843 0.0355825 2.45511e-05 
3.53455e-08 0.0232828 0.00245905 5.30938e-08 0.0614919 0.15338 0.106138 0.0524477 0.0170727 0.343665 0.0118976 9.32339e-07 0.000400334 0.000623098 9.12951e-05 3.27595e-07 2.22699e-05 0.0240773 0.00306076 0.0296336 0.00736467 0.120694 0.00466734 0.0286297 0.000277158 0.00146436 0.00423914 0.00176166 0.00115693 2.50139e-07 
2.38713e-10 0.00462279 0.00109009 0.000788847 3.17941e-06 0.212138 0.0149974 0.017611 6.64015e-10 0.0125439 0.00481259 0.000117096 0.40136 5.55176e-07 0.141212 5.89683e-05 1.79771e-09 0.00514426 5.36569e-06 0.0606423 0.0105731 0.0768243 0.00204362 0.000738616 0.00146651 6.82925e-10 0.010161 0.00769854 0.013347 1.68937e-09 
1.03759e-10 6.64511e-06 1.26574e-07 2.15277e-09 0.000113265 0.924435 0.00419325 0.00866081 0.00908684 3.33924e-07 0.0268603 7.16491e-06 0.00201072 1.5522e-05 2.02367e-07 9.61675e-10 0.000296183 3.61396e-07 0.000810344 6.36839e-07 0.00155555 5.73084e-05 0.000390408 0.00214975 1.15416e-07 2.77928e-07 0.0149501 0.000257346 0.00310699 0.00103426 
9.09933e-09 0.00051919 4.48014e-06 0.0134739 0.000890929 0.144436 0.0214006 0.056469 0.000156396 6.9957e-05 0.0256494 0.000368991 0.000616841 0.000838627 0.000778957 8.43359e-08 0.111037 0.00641025 0.0412457 0.000695677 0.00353919 0.31341 0.00202796 0.0609617 9.97103e-05 0.000796983 0.010328 0.0215433 0.0132817 0.148949 
5.02357e-11 0.573022 2.10565e-06 4.52841e-07 0.0616566 0.00206634 0.156321 0.0146768 1.39738e-10 1.73127e-06 0.0234672 2.67814e-10 1.04308e-10 2.69751e-10 1.25204e-10 4.65603e-10 3.78316e-10 1.89407e-05 7.20213e-11 1.2754e-06 4.10255e-07 0.053843 2.75142e-06 0.111068 2.07245e-10 1.5954e-06 6.55528e-11 6.28049e-07 0.00384991 2.13666e-07 
6.38517e-10 2.68467e-05 2.09074e-09 6.7857e-07 0.000866887 0.0810603 5.03867e-05 0.16098 2.07292e-06 2.34074e-09 7.61707e-10 7.65528e-06 0.00734923 8.14839e-06 1.06312e-05 5.91801e-09 4.80856e-09 0.000130566 0.0121116 1.01811e-05 1.56003e-05 5.88114e-06 0.0709109 4.36681e-06 2.63417e-09 1.8267e-09 0.380169 3.86045e-06 0.286275 4.51877e-09 
7.44981e-11 3.77158e-05 0.0031802 6.77451e-07 0.00133605 0.0386855 0.0105099 0.140345 0.0140027 2.73102e-10 2.12507e-07 0.000215624 0.195346 7.83762e-05 0.00160827 0.177218 5.61031e-10 3.51744e-05 0.0162651 7.27174e-10 0.282083 0.000313217 0.0585703 0.000750002 0.000200239 0.00114357 0.0245007 0.0228024 0.0107726 5.27221e-10 
1.4864e-06 0.0304412 4.86704e-06 2.23278e-06 0.000258739 0.000982954 0.00117886 1.82592e-06 0.00313582 0.00171886 0.000705856 7.92424e-06 0.00263827 7.98156e-06 3.7046e-06 1.37765e-05 1.11938e-05 5.24251e-06 0.000862978 1.45087e-05 0.000378585 0.000270833 9.83927e-05 0.00127696 0.000597263 0.0010974 0.936351 0.0176789 0.000242017 1.05192e-05 
9.78108e-08 0.000829516 0.000242426 1.55516e-06 0.0002277 0.0590605 0.0241981 0.118019 0.143197 0.00948739 0.0144154 5.76312e-06 0.0103978 0.00279541 0.000836373 9.40497e-05 4.35271e-06 0.000392644 0.0946246 0.286881 0.00114873 0.00424578 0.112905 0.00890132 0.00202334 0.00164022 0.0157045 0.0876558 6.45572e-05 6.92205e-07 
4.01946e-10 0.0161707 0.469751 6.03779e-10 6.86016e-10 0.0503896 0.0154804 0.0356395 0.00578683 0.0515035 0.0810907 4.83391e-06 5.34887e-05 2.15834e-09 0.0770877 3.72538e-09 3.02698e-09 0.00982226 0.02031 3.92339e-09 0.000239534 0.00403245 0.059025 0.0635245 0.00106081 0.0283969 5.24501e-10 0.00347168 0.00715843 2.84457e-09 
1.5934e-10 0.0238117 2.22312e-07 0.000106438 2.38433e-06 0.0516701 0.0482146 0.0467295 4.43228e-10 1.15372e-06 0.0590879 0.000280661 0.0058329 8.49533e-07 0.0151033 1.47683e-09 1.31844e-06 1.2747e-06 0.000908922 0.0980354 0.0103733 0.404204 0.000616041 0.148658 0.00161592 0.00757605 0.0022608 0.0354512 0.0394493 7.34809e-06 
2.61673e-08 0.00428203 1.06018e-05 0.000146466 0.0338199 0.126835 0.00182261 0.0606787 0.00135927 0.00243494 0.318383 0.00011961 0.00998794 0.000265267 0.000286242 0.0532528 2.75297e-05 0.144604 0.055908 0.00135691 0.017345 0.00258394 0.0185432 0.0319385 0.00116625 0.0173758 0.0436761 0.0193209 0.0324686 5.15075e-08 
8.93448e-09 3.61134e-06 6.53439e-05 2.32014e-07 6.18696e-06 0.026592 2.34326e-05 0.00175281 1.08675e-05 0.000134862 0.00176865 4.76311e-08 0.0129849 4.26519e-05 0.00213421 8.28081e-08 0.00150445 2.85438e-06 7.05279e-06 0.89572 0.000575613 0.0228551 0.00128013 0.00145606 1.00525e-06 0.000277305 0.00109333 0.00256328 0.0271438 6.32292e-08 
4.97856e-07 0.0010054 9.95311e-05 1.53839e-05 0.0102694 0.00892289 0.00474501 0.0961733 0.00181588 4.90306e-05 0.00964951 2.65415e-06 0.0911105 0.000129113 0.00283161 4.61431e-06 1.38206e-05 2.01176e-05 0.508643 0.00245048 2.06255e-05 0.0615775 0.00773139 0.00564337 4.48346e-05 9.48609e-06 2.639e-05 0.147215 0.0397767 3.52332e-06 
1.11447e-06 0.000275184 3.6492e-06 8.74743e-05 8.07214e-06 0.0215507 0.00419161 0.00114178 3.10006e-06 8.36011e-05 0.674163 5.94142e-06 0.000450638 0.000405874 0.000523558 1.03293e-05 8.39289e-06 0.00184609 0.00073463 0.00270958 0.00109452 0.0288141 0.211676 0.0296528 0.00149103 0.00862882 0.00277688 0.00245433 0.0051993 7.8871e-06 
3.49078e-12 2.71867e-08 1.14301e-11 8.36512e-10 5.95784e-12 0.000108237 2.80801e-06 0.00703369 7.96339e-08 1.27968e-11 0.299275 1.86099e-11 1.27452e-06 7.60077e-06 8.70015e-12 3.23538e-11 7.65951e-08 1.23119e-11 0.0217946 3.40734e-11 0.0083746 4.20368e-09 1.06804e-11 0.0727574 2.6506e-08 9.98661e-12 2.47938e-08 0.563921 0.0267231 2.47042e-11 
3.38989e-11 0.126458 0.00276436 2.05974e-05 0.0149776 5.63221e-06 0.12011 0.177696 3.57918e-07 0.00674658 6.33446e-07 0.00154905 0.0315373 2.88844e-05 0.00399853 0.0378705 8.24709e-07 0.00289115 0.00195024 3.30886e-10 0.203343 0.00314815 0.00112932 0.0377455 0.000674379 0.0153973 0.00235434 0.181509 0.0260927 2.39902e-10 
3.47855e-07 0.00131065 1.13901e-06 8.86463e-06 0.000163717 3.92725e-05 0.00315456 0.00741065 9.67607e-07 3.36093e-05 0.000107022 1.23038e-05 4.22754e-05 1.86788e-06 8.66966e-07 3.22404e-06 9.61633e-05 0.000421094 2.47378e-05 0.00676027 0.000126078 0.96646 1.0643e-06 0.0135147 1.43506e-06 7.108e-05 1.80135e-05 0.000109782 8.29981e-05 2.09568e-05 
4.33962e-11 6.01397e-07 5.81277e-07 0.00335524 0.00099565 0.00744212 2.20905e-07 0.0651625 1.20712e-10 0.006491 3.15633e-06 2.31352e-10 0.00991879 3.6082e-06 0.0186498 4.02211e-10 3.26809e-10 0.0110111 0.0300288 7.92331e-07 1.0206e-06 0.216743 0.00190363 0.0607128 0.440914 0.0483568 0.00661679 0.00538974 0.0662979 4.99871e-07 
1.73996e-10 0.0129039 2.2826e-05 2.61366e-10 1.73708e-06 7.30993e-07 0.00728224 0.0495922 4.83994e-10 4.35654e-06 2.07565e-10 9.27598e-10 1.15172e-06 9.34308e-10 4.14645e-06 1.61266e-09 1.14853e-06 6.13679e-10 4.31806e-07 1.96447e-06 0.000211539 0.920475 3.80383e-06 0.00171039 1.21928e-05 9.97627e-07 2.27048e-10 0.00776783 1.24694e-06 1.23136e-09 
4.19738e-12 0.000577653 0.00299712 0.000271513 0.612608 3.99527e-07 3.55667e-07 0.0391378 3.17526e-07 0.00090712 9.10502e-07 2.38865e-08 0.0180112 0.0118801 0.00196018 3.89028e-11 6.2387e-08 0.00118904 0.018415 0.00322608 0.00780377 0.170652 1.87301e-07 0.0145139 7.27309e-08 4.99259e-08 0.00365161 0.061528 0.0306677 6.35497e-08 
3.84075e-11 0.0632326 0.0037941 1.03364e-05 0.0244915 0.0139192 0.0600561 0.180642 0.000567153 0.012129 0.00873056 0.000774865 0.0613159 0.000168432 0.00319564 0.0192639 6.43912e-07 0.00144658 0.0057401 3.74894e-10 0.129495 0.00157442 0.00354229 0.0188734 0.00260377 0.00786724 0.0317715 0.244711 0.100083 2.71809e-10 
1.13005e-11 3.98991e-07 0.00181327 0.00107213 0.0496761 0.0690126 0.0151638 0.164329 1.93008e-06 4.80588e-07 0.110952 6.02449e-11 1.42195e-06 0.00102021 2.67592e-07 1.04737e-10 8.59532e-09 3.74692e-07 1.37388e-06 1.10304e-10 1.10394e-06 9.05254e-05 1.70114e-06 0.0509871 1.39906e-07 0.019029 0.0781723 0.43867 3.2393e-06 7.99736e-11 
4.79224e-09 5.34794e-05 1.56916e-08 7.19861e-09 0.000200396 0.000294993 8.86271e-05 0.000371468 1.33303e-08 0.000354888 8.80448e-05 2.55482e-08 9.95047e-09 0.000226476 1.19438e-08 4.44163e-08 0.000101087 1.69021e-08 0.000191007 0.000346196 4.62946e-05 0.99668 1.46624e-08 0.000179135 1.97701e-08 1.37099e-08 8.13007e-05 0.000291035 0.000405608 3.39146e-08 
1.05547e-10 0.0139018 0.00238403 0.000111202 0.0183621 0.0135536 0.025232 0.0484091 2.93595e-10 6.70457e-05 0.044386 5.62689e-10 0.0932511 0.00736544 1.29295e-06 3.46288e-07 1.80135e-05 2.27061e-06 0.115931 0.00017097 0.0387173 0.11986 0.0133934 0.125611 4.3543e-10 0.000608427 0.0025125 0.212907 0.103242 4.42238e-07 
5.88004e-05 0.00393752 0.000199809 0.00034202 0.0181184 0.0681806 0.0186671 0.407878 0.00248397 0.00558636 0.0568488 0.000182867 0.0130446 0.00081366 0.000382172 0.00137542 0.0232293 0.0172903 0.0106987 0.000974886 0.00956568 0.0595456 0.000634153 0.0503902 0.00892162 0.0415265 0.0352779 0.0749038 0.0682136 0.000728147 
2.00147e-09 0.000857365 6.55357e-09 3.00649e-09 0.00135629 0.0253143 0.000702818 0.0102655 3.79317e-05 4.31159e-05 0.000566081 1.06702e-08 0.00743635 0.000138161 0.0649314 1.85504e-08 1.50727e-08 7.05914e-09 2.84698e-07 1.95363e-08 0.0926726 3.56128e-06 0.0417501 0.00272611 8.92896e-06 5.72592e-09 2.61173e-09 0.0564002 0.694789 1.41644e-08 
2.00513e-08 3.94292e-05 5.83902e-06 3.01198e-08 8.07838e-05 0.00401477 2.04324e-05 9.40621e-05 7.44417e-05 7.35059e-08 0.000112028 1.06896e-07 4.16339e-08 1.0767e-07 0.0672509 1.85843e-07 1.51003e-07 7.07204e-08 0.0367552 1.9572e-07 0.0284132 0.00152318 6.1349e-08 0.000120069 8.27205e-08 0.000140455 1.93912e-05 0.000880663 0.860454 1.41902e-07 
5.15767e-10 0.000283625 8.93492e-07 7.88705e-05 0.0801519 0.00514984 0.0794916 0.0427307 0.0400684 0.0382352 0.0629787 1.78774e-05 1.07092e-09 5.2648e-05 0.00200169 0.00107263 3.88415e-09 1.49166e-05 0.120173 1.91594e-07 0.0464072 0.00705824 0.00373321 0.0834217 7.45468e-05 0.00178592 0.00402629 0.104369 0.276622 1.11765e-07 
1.15941e-07 0.262614 0.000126737 0.00158448 0.0338038 0.0320186 0.0490592 0.00892511 3.22506e-07 0.0746389 0.00625846 6.181e-07 0.0260646 0.059483 0.0171585 1.07458e-06 1.43806e-06 0.00234014 3.33985e-05 0.0538402 0.000539517 0.367602 0.000283278 0.000102919 9.45306e-06 3.31691e-07 7.48731e-05 0.00342039 1.38157e-05 8.20513e-07 
2.81895e-10 0.0895984 9.81459e-06 0.00109271 0.00072762 0.00145101 0.0291848 0.257287 7.84132e-10 0.000162678 0.00195735 4.43049e-06 8.75319e-07 4.48179e-06 0.00995342 2.61271e-09 1.23427e-07 0.00070804 0.0425322 6.95347e-06 0.0108838 0.448771 0.000138117 0.100054 0.000269363 0.00244635 0.00212433 0.000466584 0.00016462 1.73859e-07 
5.02903e-11 1.56015e-05 1.22197e-06 2.37237e-06 1.51826e-07 2.35453e-05 1.67473e-05 0.858015 0.00188155 1.84359e-10 0.0498469 7.70221e-08 3.85823e-05 0.000107479 1.2534e-10 4.66109e-10 1.92579e-07 0.00194128 0.00379447 1.25005e-07 0.06557 0.000282119 2.20756e-07 0.00305731 7.36333e-07 8.5357e-06 0.00455147 0.00696457 0.00387919 8.20605e-09 
1.00288e-07 0.0284631 0.00031854 2.2511e-06 6.48475e-07 1.22729e-07 0.19778 0.229037 1.58374e-05 0.00288485 5.4083e-05 1.04926e-05 0.000225762 0.069376 0.000595138 9.29506e-07 7.5525e-07 1.07424e-05 1.4378e-07 9.78908e-07 5.46839e-05 0.470305 4.22341e-05 1.63976e-05 4.13733e-07 0.000192999 0.000109246 0.000340568 0.000160318 7.09736e-07 
5.43452e-09 0.00589666 0.0406966 4.63806e-05 0.0146615 0.00764328 0.0104453 0.190203 0.00145626 0.00175641 0.0161474 1.56023e-05 0.0502926 0.00230585 0.0476551 0.000186755 4.09264e-08 0.00415662 0.00895502 0.00372988 0.0150765 0.191714 1.64028e-06 0.194856 3.7743e-05 0.0072756 0.0764834 0.069918 0.0383872 3.846e-08 
4.69692e-13 0.000160687 3.69262e-09 2.25148e-05 0.00109148 5.74791e-13 1.10298e-08 0.00130997 0.00037319 3.67451e-05 0.00102304 2.504e-12 9.75254e-13 3.93474e-08 0.000102116 4.35328e-12 3.53716e-12 0.000141735 0.0117637 1.65093e-08 0.00105744 0.000209507 8.48018e-09 0.914697 1.93769e-12 1.93598e-05 0.00050134 0.0671457 0.000343706 8.01417e-07 
1.9262e-08 0.01581 0.00401771 0.000536365 0.00782031 0.00223162 0.117691 0.0601079 5.35801e-08 0.000724424 0.00521692 1.18829e-05 2.03435e-06 0.000163565 0.0110669 1.78528e-07 1.45059e-07 0.00562542 3.84887e-05 0.065452 9.58387e-06 0.148949 0.000317671 0.500101 9.45539e-05 0.00381848 0.0406384 0.00929784 0.000243947 1.24571e-05 
1.28893e-06 0.00102323 0.000152202 7.5508e-05 0.0116214 0.136928 0.00575839 0.283411 0.0438774 0.000312154 0.0371814 5.34062e-05 0.00549957 0.00265308 0.00115458 0.0020609 3.43182e-06 0.0078209 0.00390631 0.00142893 5.94995e-06 0.0654085 0.0336382 0.156109 0.000685221 0.00366505 0.026102 0.0356235 0.133668 0.00017128 
4.41626e-08 0.00117863 1.44605e-07 6.63383e-08 0.000109057 0.00605961 0.0262738 0.0163353 2.72485e-05 1.61895e-07 4.93769e-05 2.35438e-07 0.0342776 8.01749e-06 0.17591 4.09315e-07 3.32581e-07 0.000971747 0.00155509 0.00130374 0.000103858 0.71925 1.3512e-07 5.1233e-06 0.00116141 1.05928e-05 6.46754e-05 0.00211735 0.0132262 3.12538e-07 
3.67274e-09 6.11643e-09 1.03175e-05 5.30813e-07 6.26839e-09 2.69132e-07 1.4807e-05 0.0494688 2.15834e-05 1.34639e-08 5.85639e-05 6.93675e-06 2.47035e-05 1.97216e-08 0.00704624 3.40403e-08 2.76587e-08 1.22162e-05 5.26549e-09 0.00464911 2.65306e-05 0.696782 5.26276e-05 0.229435 1.51517e-08 1.05072e-08 0.000490725 6.58585e-05 0.0118326 2.59919e-08 
1.13343e-09 5.77889e-06 7.57611e-06 0.00214127 1.93447e-09 1.52175e-07 3.10403e-05 8.17493e-06 3.15281e-09 0.00285475 1.35211e-09 6.04251e-09 5.79283e-06 0.000543249 0.0302834 1.05051e-08 8.53569e-09 3.9976e-09 6.53517e-06 5.69546e-06 0.0277774 0.747864 0.176307 6.92811e-06 1.52965e-06 3.24259e-09 9.72904e-06 0.00983339 0.00230656 8.02129e-09 
5.02903e-11 1.56015e-05 1.22197e-06 2.37237e-06 1.51826e-07 2.35453e-05 1.67473e-05 0.858015 0.00188155 1.84359e-10 0.0498469 7.70221e-08 3.85823e-05 0.000107479 1.2534e-10 4.66109e-10 1.92579e-07 0.00194128 0.00379447 1.25005e-07 0.06557 0.000282119 2.20756e-07 0.00305731 7.36333e-07 8.5357e-06 0.00455147 0.00696457 0.00387919 8.20605e-09 
8.28364e-07 0.0205144 0.00447394 0.000288815 0.00145033 0.00383838 0.049691 0.0246843 0.0160912 0.0614484 0.00703248 2.24738e-05 0.00200931 0.000624321 0.639402 2.01102e-05 0.00303538 0.0193418 0.00309243 0.00366424 0.00630017 0.0547194 0.00017215 0.00824073 0.00190189 0.00156261 0.0300417 0.0308258 0.00549997 9.25141e-06 
3.27609e-10 0.0726395 1.07272e-09 2.95761e-07 6.37478e-06 1.61172e-05 2.65663e-05 0.710866 9.11291e-10 1.57341e-05 3.90815e-10 1.79911e-05 7.55136e-06 1.75917e-09 0.0477326 2.7358e-06 3.94993e-06 7.78801e-05 4.69683e-10 3.19779e-09 4.46976e-06 0.0607429 1.00236e-09 0.0145178 2.43412e-06 9.37243e-10 4.27499e-10 1.47909e-05 0.0933041 2.31848e-09 
2.88581e-10 1.28322e-05 9.44923e-10 4.33922e-07 1.77361e-06 0.177201 6.68075e-06 0.457299 3.77363e-06 1.89376e-05 3.44257e-10 1.53847e-09 5.99201e-10 1.5496e-09 6.83349e-06 2.70143e-07 1.2607e-05 1.01782e-09 0.097422 1.29602e-05 0.067672 0.115727 8.82945e-10 6.34557e-06 6.41709e-05 7.1834e-06 0.00580216 0.0289087 0.0498133 2.04228e-09 
1.92499e-11 7.89658e-07 6.50829e-08 1.11064e-07 0.00810207 0.777948 0.000773971 0.00247971 0.00635079 7.0568e-11 0.00671126 1.02624e-10 6.91011e-07 1.60521e-06 0.000385753 1.91305e-07 2.57973e-07 0.000305673 0.0200514 0.000138373 0.0666499 0.000189267 0.000262774 0.00876784 2.91668e-07 0.00343875 0.0503421 0.00069674 0.0464014 1.05572e-08 
8.68022e-08 0.0195867 0.0002463 2.98825e-05 0.00109002 0.000522438 0.00340716 0.118651 0.344954 0.000177953 0.00980673 7.8361e-05 0.00128186 0.0446945 0.00235609 6.31766e-06 1.28245e-05 0.000153625 0.00380223 0.00349638 0.0118207 0.00870328 0.00491863 0.337899 2.89335e-05 0.000657857 0.0492402 0.014392 0.0179186 6.58845e-05 
1.92599e-11 0.00348828 0.000833805 0.000611171 0.000124076 0.119312 0.0298653 0.0144531 5.35742e-11 0.00173405 0.0486222 9.09854e-05 0.404791 0.00012749 0.255643 0.00586573 1.45043e-10 0.00593742 0.00477901 0.00753027 0.00677122 0.0269431 0.00150244 0.00227451 0.00324549 5.50999e-11 0.0140605 0.0270995 0.0142946 1.36302e-10 
2.82077e-10 4.6976e-10 9.23628e-10 1.56818e-06 1.94503e-05 3.08263e-05 5.08535e-06 3.46508e-10 7.84638e-10 1.03407e-09 0.99957 1.5038e-09 0.000190235 1.51468e-09 7.03028e-10 2.6144e-09 2.14551e-07 9.9488e-10 4.81283e-06 1.51462e-05 1.64045e-05 2.40195e-06 8.63046e-10 1.46571e-05 1.1637e-09 6.05318e-06 8.94483e-06 8.24772e-05 3.21799e-05 1.99626e-09 
4.33962e-11 6.01397e-07 5.81277e-07 0.00335524 0.00099565 0.00744212 2.20905e-07 0.0651625 1.20712e-10 0.006491 3.15633e-06 2.31352e-10 0.00991879 3.6082e-06 0.0186498 4.02211e-10 3.26809e-10 0.0110111 0.0300288 7.92331e-07 1.0206e-06 0.216743 0.00190363 0.0607128 0.440914 0.0483568 0.00661679 0.00538974 0.0662979 4.99871e-07 
1.16594e-06 0.000777484 8.97156e-05 1.0762e-05 0.000601177 0.870455 0.00176067 0.0017469 5.38341e-05 1.94666e-05 0.00562444 2.94358e-05 0.00508746 4.45692e-05 0.000636273 1.63634e-06 1.32957e-06 0.0213636 0.000297407 0.00379111 0.072434 3.27711e-05 0.00042785 0.000490166 1.39215e-05 3.91261e-05 0.000874874 0.00126348 0.0119295 0.000100417 
1.29538e-07 0.0743614 0.00241812 1.94584e-07 0.71011 0.00337671 0.0228873 0.0392569 3.60329e-07 0.00707609 0.00312167 0.00766621 0.000323031 0.00535667 0.0406795 1.20061e-06 9.75529e-07 0.00123403 0.0113474 1.26442e-06 0.0140864 0.000812848 3.96336e-07 0.0134019 0.00422233 0.00355802 0.00934779 0.00571794 0.0191738 0.000459286 
3.02719e-08 0.00127848 9.91215e-08 0.000119048 5.16661e-08 0.00307119 0.124168 0.468429 8.42055e-08 0.000112725 0.0102447 1.61384e-07 0.00338403 0.0249176 0.00170225 2.80571e-07 1.52754e-06 0.0167839 0.0178907 0.00733351 9.75646e-06 0.282763 0.000119716 0.00837086 1.24885e-07 0.0238869 4.76835e-06 0.00522522 0.000172101 9.74003e-06 
5.06779e-11 0.537597 0.0543756 7.87252e-08 4.24703e-07 0.00147736 0.137461 0.116965 7.80364e-07 0.000704399 0.00157924 0.000262099 0.000505008 1.09139e-06 0.0894672 0.000116439 1.15304e-06 0.000481091 6.13096e-07 1.54192e-06 0.00835074 0.00527048 3.43431e-07 0.0326792 0.00420012 1.29118e-06 0.000865195 0.00621964 0.00141562 3.61424e-07 
7.85411e-11 2.64198e-06 2.57173e-10 0.000350217 4.61614e-06 0.0626307 0.0454202 0.327639 2.18473e-10 0.0033214 0.00847738 4.18715e-10 0.000962776 0.0566177 0.00306066 7.27948e-10 2.40481e-07 0.00424147 0.0457225 7.47001e-07 5.60028e-07 0.0779446 1.32631e-06 0.103292 1.89436e-07 0.00600596 0.0124832 0.225868 0.0159509 6.3177e-07 
1.38468e-07 0.000219586 4.53396e-07 0.000130052 2.36328e-07 0.00076582 0.000189229 0.0022199 3.85168e-07 0.000575563 0.00233254 7.38193e-07 0.00411123 0.257513 0.00673837 1.28337e-06 0.000404016 4.88373e-07 0.000749649 0.00164863 0.709926 0.00960877 4.23657e-07 0.000852802 0.000445483 3.96137e-07 1.80687e-07 0.000368335 0.00119564 9.79934e-07 
5.28122e-09 0.00943157 1.12336e-05 3.71272e-06 9.01365e-09 0.0889468 0.0336744 0.0335371 1.78937e-05 0.0866004 0.000358318 2.8155e-08 0.0255431 3.48401e-05 0.0489622 1.47201e-06 7.63699e-05 0.0010776 7.57152e-09 0.0610413 0.00967354 0.471728 1.61585e-08 0.126352 2.0419e-05 0.000645853 4.48466e-05 0.00217147 4.49828e-05 3.73751e-08 
1.50636e-08 4.41119e-05 0.000188537 2.26276e-08 2.57095e-08 0.013025 0.0275938 0.636768 0.0346862 0.00065437 0.0095005 1.20474e-05 0.0099284 1.73294e-05 0.0512201 1.39615e-07 1.13441e-07 0.00017003 0.00673793 1.22821e-06 4.74443e-05 0.00385859 0.0237259 2.215e-05 6.21439e-08 0.00748188 0.0381694 0.12274 0.0133975 9.63822e-06 
6.13081e-07 1.021e-06 2.00746e-06 7.14575e-05 0.000463213 6.89157e-05 0.00056852 0.00881015 0.000841141 2.24749e-06 7.31363e-07 3.26843e-06 0.0031932 3.29207e-06 1.58162e-05 5.68226e-06 6.36727e-06 8.95349e-05 2.87819e-06 5.98426e-06 0.000212538 0.00152835 0.980483 0.00155009 2.52923e-06 4.89621e-05 0.00102071 4.02052e-05 0.000953641 4.33876e-06 
3.00023e-11 0.00122093 0.00206132 7.36945e-05 0.000112871 0.554483 0.00224547 0.00373845 0.00528425 4.74899e-07 0.0257416 1.09151e-07 0.0543747 0.000324128 0.0021077 7.46469e-07 1.05998e-07 0.000515316 0.00223908 0.000717422 0.00249021 4.52299e-05 0.00513095 0.00155371 1.23773e-10 0.00539166 0.013695 0.0615379 0.254913 8.56243e-08 
6.87092e-13 0.00174907 4.19014e-05 0.000233525 0.00365201 0.499599 8.65951e-09 0.000817054 0.0013889 4.58074e-07 0.366461 2.22061e-08 0.0218647 0.00181735 1.32783e-08 6.36822e-12 3.87186e-05 0.0330484 0.00188042 1.38741e-05 2.15224e-07 0.000223473 0.00157267 0.00323625 1.22315e-08 0.000392782 0.0465267 0.0126276 0.00281463 4.86253e-12 
4.33962e-11 6.01397e-07 5.81277e-07 0.00335524 0.00099565 0.00744212 2.20905e-07 0.0651625 1.20712e-10 0.006491 3.15633e-06 2.31352e-10 0.00991879 3.6082e-06 0.0186498 4.02211e-10 3.26809e-10 0.0110111 0.0300288 7.92331e-07 1.0206e-06 0.216743 0.00190363 0.0607128 0.440914 0.0483568 0.00661679 0.00538974 0.0662979 4.99871e-07 
5.2158e-09 0.0291529 0.00132444 7.83486e-09 0.000225279 0.0202907 0.013759 0.00535298 1.45085e-08 0.00160493 0.0640271 9.79381e-06 0.14918 3.2691e-05 0.01522 4.8342e-08 3.92793e-08 1.02069e-05 1.18428e-05 2.63033e-05 0.00022471 0.599721 0.0182825 0.014114 0.00975144 1.49217e-08 0.0410901 0.016464 0.000123755 3.69121e-08 
7.18131e-10 0.0328403 0.00183528 6.02434e-05 1.05403e-06 0.238632 0.0190164 0.0191446 2.2095e-06 0.000277077 8.28704e-07 2.65512e-06 0.0623414 3.85616e-09 0.00695391 6.6559e-09 1.64779e-07 2.53283e-09 0.00716484 0.000771739 1.11488e-05 0.033957 0.0386719 0.0303958 0.00477112 7.89878e-07 0.302878 0.106745 0.0935234 5.0822e-09 
5.59082e-10 0.000727536 0.00467878 3.11337e-07 1.67193e-05 0.0382142 0.0528386 0.00602036 1.55517e-09 0.00273532 0.00321418 2.98055e-09 0.0498634 9.4447e-07 0.627035 5.18178e-09 3.48869e-05 9.16704e-06 0.00107859 5.45719e-09 0.0395005 0.106983 1.09102e-06 0.000231315 0.0260979 2.13467e-06 1.28369e-07 0.0396323 0.00100501 7.88613e-05 
2.91653e-09 0.0230921 9.54983e-09 5.56824e-06 1.2635e-05 0.0451644 4.18716e-06 0.000182628 0.0251519 1.5678e-05 0.00143938 1.55485e-08 0.00591482 0.000928774 4.0137e-06 2.70315e-08 2.19639e-08 0.00859476 4.52426e-05 2.84682e-08 0.140268 8.68146e-05 0.0228473 0.63846 1.2032e-08 0.0327842 0.0548464 0.000103184 3.2465e-05 1.61295e-05 
4.71448e-10 0.00170011 4.65892e-06 2.46778e-06 0.348261 0.0511645 0.0115044 0.0215993 1.3114e-09 7.89176e-08 2.53026e-06 3.63555e-07 0.003068 2.53154e-09 0.00421135 4.36956e-09 9.59821e-07 9.12337e-08 0.0086609 2.10129e-07 0.160694 1.05616e-09 1.73161e-05 5.05064e-06 1.94494e-09 2.08411e-06 0.0103754 0.0528791 0.325846 3.33643e-09 
1.65618e-12 0.000290406 0.000332425 2.14372e-06 0.000583222 0.0542538 0.00183359 0.000293376 0.0135902 0.00509537 0.120955 6.33491e-06 0.0332472 0.000241994 0.0144069 0.302676 1.15129e-05 0.000123601 2.37441e-12 1.61659e-11 0.00047921 2.4801e-05 0.00669392 0.0172232 6.83248e-12 0.00102912 0.134634 0.258438 0.0335359 1.17207e-11 
3.5371e-08 4.33137e-05 9.11653e-05 5.10219e-06 0.000135135 0.00120414 7.27946e-05 0.000426082 7.65969e-05 1.29666e-07 4.21951e-08 0.000185898 0.000399157 0.945183 0.000349651 0.00709194 2.66372e-07 6.04776e-05 6.79538e-05 3.45255e-07 0.00147278 0.0410259 0.000177743 0.000162704 0.000157721 0.000315681 7.66037e-05 0.000643274 0.000573706 2.5032e-07 
2.59117e-08 0.00485357 0.00040072 0.000538932 0.00375169 0.076991 0.150113 0.0381058 0.000262466 0.00626529 0.0100783 0.000835198 0.0305165 0.000153888 0.0012579 0.000468556 0.000824652 0.00141985 0.591543 2.52923e-07 0.000694377 0.0186908 0.00534007 0.0298956 0.00221664 0.000539805 0.0111969 0.00721491 0.00583048 1.83376e-07 
1.53608e-11 0.000298045 2.51536e-07 7.80804e-05 7.31716e-06 1.8798e-11 6.23423e-08 0.0536236 4.27283e-11 0.000615464 1.83244e-11 2.12999e-07 1.9778e-07 4.12499e-07 7.0064e-07 1.4237e-10 1.1568e-10 4.3889e-07 0.0045867 1.67944e-06 1.0983e-06 0.668073 4.69981e-11 0.259771 6.33703e-11 1.27484e-07 8.82153e-08 0.0117879 8.05218e-05 0.00107255 
8.942e-07 0.000367437 9.53886e-07 9.19123e-05 0.00638418 0.113194 0.0480284 0.0406608 0.225481 1.05779e-05 0.00107311 0.000143503 0.0177245 0.064998 0.00301851 2.70004e-06 2.19387e-06 3.36864e-05 0.0052431 2.84355e-06 0.00602028 0.160325 0.00440092 0.0448028 8.18149e-06 0.000132495 0.126887 0.0715207 0.0594392 2.22897e-06 
3.59022e-08 2.71988e-07 1.17557e-07 9.68626e-07 9.33668e-07 0.0234204 0.00050434 0.0110304 0.000395251 1.31613e-07 0.000573964 1.914e-07 0.00933017 2.73414e-05 0.00531698 2.39254e-06 0.000838852 4.67282e-06 5.11962e-05 0.758821 5.84838e-06 0.0114646 0.001141 0.0104282 1.1933e-06 1.02711e-07 0.0177192 0.00327896 0.145638 3.02841e-06 
8.86398e-09 6.49663e-05 2.9024e-08 1.33149e-08 0.000134659 0.000385093 0.0301354 1.08887e-08 2.46564e-08 6.17718e-05 7.50869e-05 4.72553e-08 0.96377 0.000690205 3.97875e-05 8.21547e-08 6.67531e-08 3.12631e-08 0.00115263 0.00113351 0.000379562 8.9379e-05 0.000488194 0.000424683 3.65679e-08 2.53586e-08 0.000371301 0.000372358 0.000230915 6.27302e-08 
2.02412e-08 7.44296e-05 1.16154e-05 9.94106e-07 9.53677e-07 0.0158885 0.000306856 0.00192045 5.63037e-08 0.000214581 2.41463e-08 1.07909e-07 1.20884e-06 3.30637e-06 0.000103927 2.35774e-06 1.52433e-07 4.86114e-06 2.37395e-05 0.954626 7.4321e-06 0.000118389 0.0117566 0.000276543 1.18469e-06 5.79071e-08 0.00190392 2.15117e-06 0.0127492 1.43246e-07 
4.33107e-08 0.000143249 1.41815e-07 2.68538e-06 0.000907976 0.0536495 0.004982 0.122175 1.20475e-07 1.58772e-07 5.34289e-05 3.00484e-05 0.00289931 0.671409 0.000144821 4.01419e-07 3.26165e-07 9.48407e-05 0.000156546 6.36657e-05 5.39438e-07 0.110459 0.00410791 4.38845e-05 1.78676e-07 1.23906e-07 0.0285632 4.96351e-05 6.22237e-05 3.06509e-07 
5.92583e-08 0.00556593 0.000404146 8.90142e-08 0.000884743 0.00306903 0.0659244 0.125414 1.64835e-07 0.00617865 0.000185183 0.00021587 0.0723007 0.00151384 0.00710266 5.49228e-07 0.000637625 2.09003e-07 8.49568e-08 3.53145e-05 0.0215596 0.518367 0.00110674 0.034571 0.000216012 1.6953e-07 5.87005e-05 0.128851 0.00583711 4.1937e-07 
4.19738e-12 0.000577653 0.00299712 0.000271513 0.612608 3.99527e-07 3.55667e-07 0.0391378 3.17526e-07 0.00090712 9.10502e-07 2.38865e-08 0.0180112 0.0118801 0.00196018 3.89028e-11 6.2387e-08 0.00118904 0.018415 0.00322608 0.00780377 0.170652 1.87301e-07 0.0145139 7.27309e-08 4.99259e-08 0.00365161 0.061528 0.0306677 6.35497e-08 
1.10708e-09 1.78748e-05 1.14412e-05 1.17124e-05 7.34429e-05 1.66043e-05 0.0718631 4.98753e-05 3.07949e-09 2.15314e-05 0.239579 5.902e-09 0.0869355 3.04514e-05 9.7102e-07 1.02608e-08 0.000307099 0.00527528 1.58718e-09 1.08062e-08 3.15299e-06 0.074235 0.160868 0.194386 9.98984e-06 5.72097e-05 0.0948009 0.0714399 5.89493e-06 7.83477e-09 
6.62726e-06 0.0011386 0.000447743 0.576805 0.000270871 0.032521 0.0109774 0.021336 0.0059529 0.000835497 0.0260919 0.000416102 0.0545497 0.000406482 0.00307444 9.40002e-06 0.000179213 0.0854971 0.00802464 0.00233251 0.0293438 0.0493663 0.00113722 0.0308354 0.000823573 0.00259384 0.00592023 0.0392741 0.00981063 2.2131e-05 
7.1511e-12 0.00155316 9.76825e-08 0.00013 0.0291523 0.0115199 7.09069e-05 0.0524347 1.98918e-11 0.000391451 0.176827 3.81236e-11 0.00468804 0.00117154 0.00558256 6.6279e-11 5.38537e-11 0.00113372 0.00848486 6.52185e-07 0.00654509 0.0822187 2.18796e-11 0.235475 6.48829e-08 0.00619146 0.00204511 0.361151 0.0132319 1.4358e-07 
3.49078e-12 2.71867e-08 1.14301e-11 8.36512e-10 5.95784e-12 0.000108237 2.80801e-06 0.00703369 7.96339e-08 1.27968e-11 0.299275 1.86099e-11 1.27452e-06 7.60077e-06 8.70015e-12 3.23538e-11 7.65951e-08 1.23119e-11 0.0217946 3.40734e-11 0.0083746 4.20368e-09 1.06804e-11 0.0727574 2.6506e-08 9.98661e-12 2.47938e-08 0.563921 0.0267231 2.47042e-11 
5.21275e-08 0.000237905 0.000313858 4.24722e-05 0.00711136 0.0107611 0.0323072 0.0373763 0.0427009 0.00155673 0.0446601 2.0645e-05 0.102362 0.000720875 0.000853067 3.37476e-07 0.00638878 0.000137663 0.0547499 0.00125471 0.0469293 0.0914156 0.00130813 0.340391 0.000509243 0.00178117 0.0750707 0.0735041 0.0255347 8.79339e-08 
3.02695e-10 0.000542093 2.97877e-07 8.605e-05 0.00131073 0.0308308 0.0653156 0.38851 5.58358e-07 3.44275e-06 1.49253e-05 0.00175791 0.0047945 1.04583e-06 0.0221203 2.80549e-09 3.79623e-07 0.0016013 0.00308196 0.000177127 4.5706e-06 0.290454 0.0746121 0.00043098 6.65049e-06 1.87804e-06 0.00313599 0.0170607 0.0941427 1.08935e-06 
2.08057e-08 0.00474538 0.00103994 3.12531e-08 3.55098e-08 0.0312698 0.00736109 0.0818446 0.000789282 0.000495309 0.0018617 2.80374e-05 5.9061e-05 1.11721e-07 0.0034324 1.92835e-07 1.56684e-07 0.000198705 0.000194518 2.03084e-07 0.000103267 0.751173 6.28645e-05 0.0123865 8.58328e-08 8.59951e-05 2.71494e-08 0.0111232 0.0917414 3.17349e-06 
1.48549e-09 0.000881508 6.46259e-06 0.000127414 1.13213e-05 0.0180678 0.00232409 0.53584 4.13209e-09 0.000311037 0.0219997 7.91937e-09 7.38746e-06 7.97665e-09 6.50163e-06 1.3768e-08 8.754e-06 1.3361e-06 4.39317e-06 4.5476e-05 0.00650961 0.239409 4.54501e-09 0.156618 4.28754e-06 9.85268e-06 1.11496e-05 0.0159757 0.00181894 1.05128e-08 
8.23472e-10 0.0314062 2.69636e-09 1.23697e-09 5.06541e-07 0.00678249 0.0429275 0.707409 1.78051e-05 3.01876e-09 4.98886e-06 4.39006e-09 0.0153203 4.42181e-09 6.75846e-06 7.63224e-09 6.20142e-09 8.09284e-06 7.68709e-05 2.51234e-05 0.0882958 0.096034 2.19331e-05 9.52958e-10 9.51165e-07 2.35583e-09 0.000933568 1.6892e-05 0.0107112 5.8277e-09 
1.53056e-10 0.00506385 9.95102e-07 1.30932e-06 0.032408 0.141102 0.00330467 0.000283112 0.0126613 1.47328e-06 0.00477946 0.000151982 6.42128e-06 2.33281e-06 0.0111079 5.14393e-05 0.14456 5.39827e-10 3.54587e-06 1.49398e-09 0.0812187 0.0146306 0.126742 0.00434518 1.89243e-06 2.55694e-06 0.413693 0.00387579 9.46902e-07 1.08318e-09 
1.43891e-11 0.0732534 0.000666549 0.000184034 0.00875181 0.0135998 0.0612158 0.33395 0.0203852 5.27489e-11 0.035966 0.000599471 0.00209062 1.53894e-07 2.49692e-07 1.33363e-10 0.000144056 0.0184331 0.00255288 0.00104931 0.101275 0.1455 0.0468636 0.00448742 0.000873521 0.000883465 0.0181256 0.0210472 0.0881023 2.58092e-07 
8.96214e-11 0.00506195 6.05405e-07 0.000409951 0.000220441 0.00807331 0.000349246 0.0062416 0.00140461 0.00036911 1.06912e-10 1.64679e-07 5.55877e-06 4.81241e-10 2.23365e-10 8.30644e-10 3.6793e-07 0.00395358 0.00204425 8.74792e-10 0.000385525 0.932973 2.74206e-10 0.00246674 4.89477e-05 0.00762022 0.000350765 0.0280186 1.08115e-06 6.34249e-10 
1.08034e-10 0.00140554 1.56732e-06 8.13973e-08 0.00719177 0.0182647 0.142079 0.342123 7.88492e-07 0.00461882 0.0230368 5.75944e-10 0.0271145 3.21271e-06 1.28072e-06 1.00129e-09 0.0428101 3.81032e-10 0.0125701 0.00966906 0.00524895 0.172048 1.26771e-05 0.0965731 0.0200548 1.34631e-06 0.00270619 0.0175154 0.0549493 7.64552e-10 
4.19738e-12 0.000577653 0.00299712 0.000271513 0.612608 3.99527e-07 3.55667e-07 0.0391378 3.17526e-07 0.00090712 9.10502e-07 2.38865e-08 0.0180112 0.0118801 0.00196018 3.89028e-11 6.2387e-08 0.00118904 0.018415 0.00322608 0.00780377 0.170652 1.87301e-07 0.0145139 7.27309e-08 4.99259e-08 0.00365161 0.061528 0.0306677 6.35497e-08 
5.2379e-08 0.00731883 8.93697e-07 0.04501 0.00807898 0.0547989 0.0596287 0.0439062 2.55239e-07 0.00198433 0.222683 6.68611e-05 0.00116797 2.79352e-07 0.010308 9.78233e-08 0.199918 0.0112508 0.00389187 1.57358e-07 0.0953612 1.20563e-07 0.00189069 0.0671455 0.00481818 0.00848155 0.0417973 0.0664171 0.0439782 9.63362e-05 
3.02695e-10 0.000542093 2.97877e-07 8.605e-05 0.00131073 0.0308308 0.0653156 0.38851 5.58358e-07 3.44275e-06 1.49253e-05 0.00175791 0.0047945 1.04583e-06 0.0221203 2.80549e-09 3.79623e-07 0.0016013 0.00308196 0.000177127 4.5706e-06 0.290454 0.0746121 0.00043098 6.65049e-06 1.87804e-06 0.00313599 0.0170607 0.0941427 1.08935e-06 
6.38299e-10 1.99631e-06 2.09003e-09 1.08836e-07 0.000109701 0.961331 0.000808371 3.24255e-07 6.11729e-06 2.33994e-09 7.61447e-10 2.92189e-05 1.32535e-09 2.40057e-07 0.00428522 5.91599e-09 4.80691e-09 2.25127e-09 9.15109e-10 0.0303519 0.00135051 2.93397e-06 0.00116395 0.000196476 2.00147e-07 5.75699e-07 0.000360121 6.70693e-07 3.97254e-07 4.51723e-09 
3.45019e-09 0.00412211 0.0224596 0.000132219 0.0475974 0.0209527 0.0138715 0.295298 0.00305387 3.71701e-06 0.0717223 6.08253e-06 0.000568224 0.000319636 0.289659 3.19776e-08 1.3989e-07 0.0083326 0.00082429 4.96019e-05 0.0175808 0.00148301 8.11776e-05 0.0410951 5.7577e-05 0.00148054 0.0131345 0.106891 0.0392185 4.22012e-06 
6.56313e-08 0.001295 0.000676327 9.85873e-08 0.0189648 0.0715443 0.00201964 0.0352899 0.0114736 9.63955e-05 0.015713 0.00129035 0.00173153 3.52421e-07 0.0173724 6.08295e-07 4.94257e-07 2.3148e-07 0.00082433 6.40625e-07 0.0499273 0.00831602 0.00740446 0.000705737 2.70758e-07 0.000686264 0.00189742 0.00044761 0.75232 4.64471e-07 
3.36888e-08 0.0209497 1.1031e-07 0.00081218 5.74979e-08 0.00134762 0.123573 0.049772 0.000666864 0.00164917 0.000105064 1.796e-07 0.000376493 3.60559e-05 2.47923e-05 3.1224e-07 0.00105042 0.00244975 4.82986e-08 0.00352614 0.0279287 0.630924 0.0254184 0.0413939 0.0418083 4.23307e-05 0.0060293 0.0138941 0.00622116 2.38415e-07 
2.01301e-08 0.000128882 6.59136e-08 2.29134e-06 0.000145273 0.115367 0.0970998 0.000206524 3.52275e-05 0.0101641 0.000111235 1.07317e-07 0.000523869 2.11233e-05 0.000131606 1.86573e-07 1.51596e-07 7.09985e-08 0.000191087 0.000166714 0.0176681 0.00549694 0.000665401 0.122353 0.000200868 5.75894e-08 0.626683 5.61076e-05 0.00028517 0.00229614 
7.1511e-12 0.00155316 9.76825e-08 0.00013 0.0291523 0.0115199 7.09069e-05 0.0524347 1.98918e-11 0.000391451 0.176827 3.81236e-11 0.00468804 0.00117154 0.00558256 6.6279e-11 5.38537e-11 0.00113372 0.00848486 6.52185e-07 0.00654509 0.0822187 2.18796e-11 0.235475 6.48829e-08 0.00619146 0.00204511 0.361151 0.0132319 1.4358e-07 
5.53338e-09 0.00011116 0.000937609 0.00724495 2.17707e-05 0.00177212 0.0960297 0.211762 0.000305071 2.02848e-08 0.0301521 8.01712e-07 4.71176e-06 1.50391e-06 4.59129e-05 5.12854e-08 5.74402e-07 0.000657478 0.00184657 1.21212e-05 6.45782e-06 0.547661 2.62265e-05 0.0233686 0.0780023 2.66601e-06 7.38976e-06 9.59427e-06 9.50182e-06 3.91596e-08 
1.36388e-07 0.00100924 1.40342e-06 2.72068e-05 5.78847e-05 0.00143991 0.00493787 0.00929594 0.000182979 2.03605e-06 0.00390902 1.52957e-06 0.00042307 0.00127199 4.79999e-05 9.3229e-06 1.9518e-06 0.000147241 4.49647e-05 0.938474 0.00229229 0.00917077 0.000208402 0.00887322 0.000331981 3.51812e-06 0.00609577 0.00246886 0.00894053 0.000328775 
1.22393e-09 0.00226754 0.000255194 2.18394e-05 0.00237697 0.0125129 0.0123258 0.0891813 0.00286956 5.38592e-06 0.0227279 1.5168e-05 0.00200892 2.89508e-05 4.69819e-05 1.13438e-08 0.000104398 0.000458491 9.21195e-05 0.00126563 0.580337 0.00166887 0.169924 3.35633e-05 0.0010464 5.20367e-05 0.0152345 0.0198414 0.0632965 8.6617e-09 
4.29206e-10 0.0001228 1.36336e-05 1.58609e-05 5.73587e-05 0.51177 0.0207722 5.24613e-05 1.95812e-05 1.58916e-07 0.0007245 2.28816e-09 0.000134839 6.98351e-05 1.32656e-05 3.97804e-09 9.05359e-06 6.52462e-05 9.66703e-05 2.59789e-05 0.322757 0.00992408 6.30352e-05 8.55316e-05 1.22194e-05 8.10533e-06 0.132983 0.000138822 6.51147e-05 3.03748e-09 
8.76175e-12 0.0538945 0.0390521 5.52909e-08 2.42269e-07 0.0174571 0.123531 0.211935 5.48396e-07 0.00952149 7.50476e-07 3.27438e-08 2.98378e-07 0.0108145 8.4512e-07 8.12071e-11 6.59831e-11 0.0034431 4.3087e-07 8.55232e-11 3.49009e-07 0.118015 2.41295e-07 0.0538113 4.37404e-07 0.0972757 0.0567889 0.204455 4.11895e-07 1.22159e-06 
3.02695e-10 0.000542093 2.97877e-07 8.605e-05 0.00131073 0.0308308 0.0653156 0.38851 5.58358e-07 3.44275e-06 1.49253e-05 0.00175791 0.0047945 1.04583e-06 0.0221203 2.80549e-09 3.79623e-07 0.0016013 0.00308196 0.000177127 4.5706e-06 0.290454 0.0746121 0.00043098 6.65049e-06 1.87804e-06 0.00313599 0.0170607 0.0941427 1.08935e-06 
8.96214e-11 0.00506195 6.05405e-07 0.000409951 0.000220441 0.00807331 0.000349246 0.0062416 0.00140461 0.00036911 1.06912e-10 1.64679e-07 5.55877e-06 4.81241e-10 2.23365e-10 8.30644e-10 3.6793e-07 0.00395358 0.00204425 8.74792e-10 0.000385525 0.932973 2.74206e-10 0.00246674 4.89477e-05 0.00762022 0.000350765 0.0280186 1.08115e-06 6.34249e-10 
2.9849e-08 0.000105451 0.00180367 4.48373e-08 0.00225678 0.122283 0.000103224 0.000234046 8.30291e-08 0.00714004 3.56078e-08 1.5913e-07 0.0524913 0.00016954 0.00571861 2.76651e-07 2.24787e-07 1.05277e-07 0.000281532 2.91355e-07 0.000185292 0.784198 0.000852933 3.45425e-08 0.00192258 0.000200826 0.000277247 0.0194508 0.000262174 6.15273e-05 
1.42842e-08 0.0608097 0.001158 9.77497e-06 3.22738e-05 0.0133853 0.0338458 0.036791 0.00362595 9.13774e-05 0.0386174 5.0745e-06 0.0259165 0.000310721 0.0845988 1.32391e-07 8.3308e-07 0.00876095 0.000963275 0.000129039 0.369335 0.0242041 0.00436356 0.0268839 0.000163779 0.0490581 0.0860897 0.109512 0.0213353 1.80556e-06 
5.47563e-09 0.000373647 0.0001091 0.277188 0.0172097 0.186273 0.000700698 0.00434913 5.76156e-08 0.000295075 0.184931 5.64446e-05 0.0163476 3.38451e-05 7.05831e-05 2.71396e-08 2.90792e-05 0.223239 0.0080157 8.96027e-05 0.0017575 0.00226571 0.00149453 0.014409 9.56195e-05 7.71716e-05 0.00121634 0.0550317 0.0043259 1.54908e-05 
