0.741527 0.179795 0.00430898 2.58374e-05 0.0029294 0.000331985 0.0136894 0.00119517 2.2821e-05 0.0005169 0.000772164 1.87853e-05 0.000642289 0.000613777 0.000463556 1.71458e-10 3.28778e-07 0.00232418 0.0107416 7.09051e-09 0.00354202 0.000199755 9.06396e-06 0.00477505 0.000314434 0.00020711 0.00610296 0.019935 0.00499522 1.19829e-07 
0.888037 0.0395418 0.00155433 2.91e-05 0.000992048 0.00105505 0.0313396 1.51048e-07 5.14597e-08 0.00249574 0.000240699 0.000288926 0.000146968 3.13309e-08 0.000431239 7.81416e-12 6.34923e-12 0.00851893 0.0215548 3.37873e-09 0.000411097 3.01636e-05 4.53042e-09 0.00072563 3.67772e-05 0.000914337 0.000121291 0.00149775 3.64706e-05 5.9666e-12 
0.183851 0.010929 0.00799969 0.000187451 0.0584432 0.0121197 0.161984 0.0596815 0.00401844 0.00833606 0.169749 0.000455109 0.00741112 0.000560765 0.00912964 0.000421325 0.00151159 0.00481481 0.0208856 0.00391781 0.0318212 0.0485815 0.00893463 0.0347115 0.00106578 0.100876 0.0111314 0.018068 0.0183668 3.66745e-05 
0.741332 0.00695343 0.00424697 0.000150985 0.00177705 0.00514101 0.0323888 0.00493649 0.000227639 0.0213009 0.0576334 0.000249582 0.00497961 0.00452948 0.000892592 5.42983e-08 7.56786e-05 0.00619333 0.0251173 6.725e-05 0.00573956 0.000485197 0.00117033 0.0068562 0.00038033 0.000829135 0.00672389 0.048185 0.0114346 1.72848e-06 
0.640761 0.0166657 0.00728731 5.32698e-05 0.00251103 0.0191091 0.0932433 0.0118398 0.000190138 0.104245 0.00735208 0.000798802 0.000678994 0.000714108 0.0103715 1.02674e-06 0.00114578 0.00459928 0.00690664 7.79171e-05 0.0192243 0.0062224 0.000367756 0.00925656 0.000602535 0.000159654 0.00299141 0.0265088 0.00588761 0.000227042 
0.306974 0.0206149 0.0104706 3.25993e-05 0.00114109 0.0129427 0.297935 0.00553553 0.000100912 0.16996 0.00383781 0.000645611 0.000831 0.000745634 0.00928088 4.19955e-07 5.87883e-05 0.00362314 0.0477876 4.70141e-05 0.0267929 0.000770282 3.90454e-05 0.0255072 0.000140798 0.00284932 0.015639 0.0272758 0.00841512 6.00758e-06 
0.426224 0.00266957 0.0172624 1.72057e-06 0.000594621 0.00585746 0.137076 0.00549758 4.89998e-06 0.00231796 0.00148447 1.25604e-05 0.112963 0.00743442 0.00728046 4.96768e-10 4.95565e-09 0.000139878 0.0565843 7.4764e-05 0.00409491 0.000110183 3.9998e-05 0.00854376 0.000138021 0.000562026 0.0745784 0.0870679 0.0413842 1.13537e-09 
0.904054 0.00480303 7.01312e-05 4.00285e-07 0.00159311 0.000319002 0.00281887 0.00255288 0.000215133 3.4945e-05 0.00734911 0.000332574 0.00157669 0.000206568 0.000237079 8.31286e-08 0.000141829 4.66292e-05 0.000451164 1.02027e-12 0.00473916 7.66073e-08 8.70266e-05 0.00559413 8.07677e-06 0.00210833 0.053436 0.00347923 0.00374445 7.73797e-07 
0.815789 0.00473733 0.0111629 2.39611e-06 0.000424118 0.00037278 0.0406521 0.00114969 6.84491e-06 0.00203321 0.000585719 1.7535e-05 0.000808833 0.00247291 0.000950817 1.96092e-10 6.03125e-09 0.000214746 0.0405827 9.24479e-09 0.00501525 3.36165e-05 2.06348e-05 0.00632251 0.000180514 6.20982e-05 0.020445 0.0420588 0.00389766 4.69668e-10 
0.255969 0.0611415 0.0344995 6.51542e-05 0.019194 0.0146215 0.228795 0.0691713 0.00467093 0.0528993 0.00599203 0.00257144 0.00571459 0.00118971 0.00894349 6.428e-08 0.000238854 0.00259582 0.0459972 0.00109353 0.0380952 0.00530282 0.00982614 0.0337605 0.000573588 0.000791915 0.0119767 0.0675885 0.0167099 1.06616e-05 
0.816762 0.00391534 0.00318594 1.67983e-05 0.00195544 0.00426082 0.0650403 0.00315435 5.95555e-07 0.0106364 0.00205348 0.000809971 0.000546208 0.000205852 0.00420603 2.34386e-09 5.65706e-06 0.00190978 0.0463547 0.000142482 0.00528196 0.00109397 2.45045e-09 0.00347516 0.000881681 0.000101657 0.000271302 0.0234129 0.000318877 2.36887e-07 
0.653505 0.0162638 0.0102386 0.000114112 0.000562083 0.00270247 0.10607 0.00157948 1.1248e-05 0.0649836 0.00177105 0.000487612 0.00105127 0.0031302 0.00198432 4.29199e-08 8.6613e-07 0.0188094 0.0858116 0.000405249 0.0051495 0.000970257 0.000105346 0.00173675 0.00147924 0.000179615 0.000242307 0.0194823 0.00117316 4.50821e-07 
0.781087 0.0508999 0.00842751 2.99658e-05 0.00756723 0.00255569 0.0545458 0.0104375 0.000544687 0.00690264 0.00105388 0.00354889 0.00510386 0.000644203 0.00104986 1.43174e-06 0.00264313 0.00100936 0.0109999 1.84034e-05 0.0265412 0.000527499 0.000174532 0.00566757 0.00016802 0.00117596 0.00568215 0.0094058 0.0015855 6.98423e-07 
0.471782 0.00667456 0.00436908 1.64807e-05 0.00093502 0.00575002 0.187564 0.0118736 6.39434e-08 0.0343085 0.000233557 1.34565e-05 0.000647827 9.86201e-06 0.00354741 2.04755e-11 9.09932e-05 0.000584586 0.172119 0.0116221 0.0387107 0.00589063 0.00182585 0.00182534 0.00313027 0.00027163 0.0026156 0.0200236 0.013564 6.88359e-07 
0.691621 0.150775 0.00305447 1.93905e-05 0.00468623 0.00183196 0.0466067 0.0120121 0.00147479 0.00470243 0.0105094 0.00188697 0.000635114 0.00107706 0.00109482 8.92188e-08 1.74683e-05 0.000801846 0.0132581 4.79664e-05 0.0255012 0.000165546 0.00041158 0.00257051 0.000192292 0.00170993 0.00600474 0.007945 0.00938608 4.15865e-07 
0.68279 0.0302008 0.0288763 1.19361e-05 0.00681132 0.00180306 0.0985932 0.0131463 0.000642844 0.0246632 0.00173362 0.00591256 0.00161035 0.000440897 0.00277488 8.0112e-08 4.81253e-05 0.0126809 0.0270269 0.00108336 0.010357 0.00596467 0.000499049 0.00547648 0.00376253 0.000756582 0.00789553 0.0212019 0.00323382 1.54288e-06 
0.701422 0.00137388 0.000468626 5.02536e-05 0.0024924 0.00467931 0.00217693 0.00758978 0.000429984 0.00128413 0.149011 3.40227e-05 0.00718114 0.00259904 0.000196505 1.7341e-10 0.00021854 0.000259363 0.000345937 1.43241e-12 0.0031299 7.72686e-05 0.00237446 0.0100341 1.44349e-05 0.00132635 0.0166823 0.0593319 0.0252138 2.11368e-06 
0.517345 0.0204761 0.0132981 0.000116558 0.019034 0.00764822 0.168773 0.0253278 0.000421407 0.0421791 0.0180757 0.00775471 0.00284647 0.000878198 0.00791556 1.40397e-06 0.000561217 0.00128024 0.00715503 0.000204022 0.0249792 0.00587954 0.000813238 0.012104 0.000572584 0.0021807 0.0248655 0.0441326 0.023178 3.35233e-06 
0.252285 0.11288 0.00982987 0.0268269 0.00170286 0.00349141 0.196103 0.0621681 0.00335867 0.0190208 0.0116465 0.0127615 0.0277974 0.00161757 0.0187793 3.02666e-09 1.94075e-06 6.29583e-06 0.0451589 0.000618781 0.0145661 0.000648082 3.16477e-05 0.0162396 9.33684e-05 8.47444e-05 0.00676236 0.141064 0.0144529 2.45224e-06 
0.888037 0.0395418 0.00155433 2.91e-05 0.000992048 0.00105505 0.0313396 1.51048e-07 5.14597e-08 0.00249574 0.000240699 0.000288926 0.000146968 3.13309e-08 0.000431239 7.81416e-12 6.34923e-12 0.00851893 0.0215548 3.37873e-09 0.000411097 3.01636e-05 4.53042e-09 0.00072563 3.67772e-05 0.000914337 0.000121291 0.00149775 3.64706e-05 5.9666e-12 
0.841732 0.0163343 0.0101663 4.08527e-07 0.000421357 0.000691949 0.0586803 0.00193767 6.58365e-05 0.0395656 0.0012491 3.51455e-06 0.00164226 4.17792e-05 0.00225043 1.35405e-08 0.000466801 2.24036e-06 0.00593917 1.42602e-08 0.000106801 2.2575e-07 5.0576e-05 0.000268102 2.21797e-05 3.03144e-05 0.00106708 0.0129899 0.00427354 1.0339e-08 
0.455283 0.0154965 0.00992909 0.00143638 0.0129895 0.0110351 0.0808035 0.0181398 0.00126161 0.04832 0.0490988 0.000835865 0.00705704 0.000659856 0.0130084 8.66627e-07 0.0661448 0.00303039 0.0188957 0.00217684 0.0559792 0.00648796 0.00229989 0.0174088 0.000314678 0.0143599 0.0163161 0.0298143 0.0413978 1.8536e-05 
0.641328 0.0167708 0.00109652 0.00219338 0.00974429 0.0112305 0.0534026 0.0215651 0.0016596 0.0236984 0.0228957 0.0250034 0.00767919 0.000104558 0.00511802 2.72731e-06 0.00265911 0.00208184 0.00241123 0.000117201 0.00406158 0.0344003 0.000317465 0.0179432 0.00442309 0.00180897 0.0142385 0.0608005 0.0111903 5.37376e-05 
0.94351 0.010243 0.000395788 4.68223e-11 0.000477112 0.000609514 0.0271869 0.00195654 0.00138746 0.000432572 0.000154521 2.28282e-12 3.61011e-05 8.69186e-06 0.00579471 1.00494e-09 5.67601e-10 6.76068e-07 5.02457e-07 0.000332316 0.000578405 0.000245014 0.000131071 0.000230455 9.5137e-09 8.2399e-06 3.87768e-05 0.00140903 0.00483311 3.03038e-12 
0.736035 0.00560562 0.0159892 3.59348e-06 0.00063617 0.000559163 0.0516045 0.00172453 1.02664e-05 0.00246123 0.00087857 2.63004e-05 0.00121324 0.00370933 0.00142621 2.42735e-10 8.96406e-09 0.000293305 0.060874 1.1783e-08 0.00752284 5.04216e-05 3.09502e-05 0.00948374 0.000270757 9.31442e-05 0.0306675 0.0629839 0.00584648 5.73441e-10 
0.28093 0.0481603 0.00210069 0.0130996 0.039606 0.0217076 0.0215969 0.0326085 0.00339185 0.00156766 0.0289294 0.000227026 0.0060959 0.000118313 0.000942847 8.65122e-11 0.00401523 0.0489222 0.0424804 8.90784e-05 0.00624933 0.000263611 0.000213202 0.151598 0.00043884 0.0253016 0.0304732 0.18474 0.0041292 3.63542e-06 
0.312882 0.31172 0.018955 0.000110975 0.00834321 0.000747279 0.0521944 0.00485844 0.00111563 0.0360659 0.000899933 0.159897 0.00114179 0.000830389 0.00337954 5.78848e-08 2.04262e-05 0.000838328 0.0160913 3.26881e-05 0.0169862 0.00116616 0.0012044 0.00794046 9.58989e-05 0.000249503 0.00171631 0.0318224 0.00868969 4.98279e-06 
0.893584 0.00213525 0.0088567 8.23207e-07 2.33332e-05 0.000345095 0.0599821 0.00640799 4.23946e-05 0.00725614 2.69852e-06 0.000907856 2.65817e-05 1.42499e-05 0.00247345 4.5532e-08 1.41176e-05 3.88508e-06 0.000714931 2.73078e-07 0.0153782 0.000146291 2.06443e-05 0.00131438 8.11614e-05 2.78387e-06 1.6831e-05 7.71356e-08 0.000248205 5.0845e-10 
0.914441 0.00497555 5.25636e-05 3.47626e-07 0.00147111 0.000290484 0.00283019 0.0026232 6.06276e-08 2.82925e-05 0.0071361 0.000113655 0.00149069 0.000148222 0.000242277 2.1505e-09 0.000142844 4.71377e-05 6.30356e-08 1.03715e-12 0.00397457 3.58107e-10 7.78395e-05 0.00255607 7.21513e-06 0.00192265 0.0486399 0.0034427 0.00334468 6.7593e-07 
0.860593 0.00270814 1.07025e-07 5.66461e-06 6.54639e-05 0.00154356 0.0142128 0.0100962 0.000129516 0.00218708 0.000674361 5.26379e-06 0.0402539 2.32983e-07 0.00347949 9.38646e-12 0.00229136 7.12132e-06 2.0412e-09 1.02409e-07 8.28756e-08 0.000107739 0.0013789 0.000246854 0.000219243 0.00102019 0.0250092 0.0119869 0.0217774 3.49794e-09 
0.452598 0.0118596 0.059985 2.02928e-05 0.000439955 0.00169762 0.434595 1.12319e-07 1.09553e-08 0.00192461 6.36252e-06 0.00455255 3.0803e-06 8.09031e-09 0.000495179 8.57622e-07 4.50788e-06 0.00167697 0.0115476 1.97357e-09 0.0157647 4.13256e-05 3.71606e-08 1.3291e-06 1.81308e-05 2.30618e-08 2.73192e-05 0.00216774 0.000569971 1.31285e-06 
0.736035 0.00560562 0.0159892 3.59348e-06 0.00063617 0.000559163 0.0516045 0.00172453 1.02664e-05 0.00246123 0.00087857 2.63004e-05 0.00121324 0.00370933 0.00142621 2.42735e-10 8.96406e-09 0.000293305 0.060874 1.1783e-08 0.00752284 5.04216e-05 3.09502e-05 0.00948374 0.000270757 9.31442e-05 0.0306675 0.0629839 0.00584648 5.73441e-10 
0.808891 0.0088072 0.00463216 1.02711e-05 0.00749999 0.0035215 0.0622931 0.00613621 0.000401698 0.00912465 0.00105648 0.000395622 0.00235707 0.00025086 0.0016557 1.25116e-07 5.39685e-05 0.00052946 0.0361358 5.93885e-05 0.0135964 0.00105594 0.00187769 0.00311624 0.00155518 0.000868307 0.00675761 0.014582 0.00277811 5.43833e-07 
0.461012 0.0159115 0.016122 0.00021178 0.000751542 0.00294096 0.109058 0.00170139 0.000384216 0.310948 0.000652199 0.000717259 0.000456844 0.000947794 0.00180959 3.20882e-08 1.58571e-05 0.0209287 0.0317766 0.000137607 0.00429353 0.0039225 3.19995e-05 0.0020922 0.000467793 9.44535e-05 0.000187487 0.0101997 0.00158511 0.000640796 
0.816762 0.00391534 0.00318594 1.67983e-05 0.00195544 0.00426082 0.0650403 0.00315435 5.95555e-07 0.0106364 0.00205348 0.000809971 0.000546208 0.000205852 0.00420603 2.34386e-09 5.65706e-06 0.00190978 0.0463547 0.000142482 0.00528196 0.00109397 2.45045e-09 0.00347516 0.000881681 0.000101657 0.000271302 0.0234129 0.000318877 2.36887e-07 
0.270435 0.0858544 0.0808967 0.000672205 0.0212068 0.0160229 0.0843883 0.0375209 0.0376934 0.00275476 0.0490374 0.00311454 0.0246939 0.00399049 0.00144544 3.96797e-08 0.00525874 0.00104735 0.0236126 7.99151e-05 0.0121758 0.00721688 0.0119861 0.0289107 0.00051176 0.0159964 0.0439865 0.0974784 0.0320031 8.72305e-06 
0.493085 0.0252827 3.93231e-05 7.15196e-05 0.00195002 0.0284066 0.0409275 0.0912328 0.000841455 0.0118777 0.0347701 0.000102631 0.0726457 0.000694971 0.00217033 5.28914e-07 4.34816e-06 0.000326317 0.0369698 0.00128285 0.0464208 0.0524257 0.00503083 0.0180037 0.00358332 0.000397969 0.00361704 0.00952302 0.0178295 0.000485502 
0.816762 0.00391534 0.00318594 1.67983e-05 0.00195544 0.00426082 0.0650403 0.00315435 5.95555e-07 0.0106364 0.00205348 0.000809971 0.000546208 0.000205852 0.00420603 2.34386e-09 5.65706e-06 0.00190978 0.0463547 0.000142482 0.00528196 0.00109397 2.45045e-09 0.00347516 0.000881681 0.000101657 0.000271302 0.0234129 0.000318877 2.36887e-07 
0.394142 0.0100809 0.123325 3.738e-05 0.00320717 0.0157723 0.20598 0.0150306 0.000165843 0.0113553 0.00191968 0.000888625 0.00534618 0.000720148 0.00276463 9.5228e-06 0.00111792 0.000489941 0.0652083 0.000490591 0.0337077 0.00239758 0.000997763 0.00806479 0.00281467 0.000332686 0.00271485 0.078955 0.0119624 1.00337e-06 
0.55038 0.131166 0.00578562 0.00100449 0.0149372 0.0173987 0.0411222 0.0181772 0.00250733 0.00862517 0.00881423 0.00216938 0.00717816 0.000643354 0.00639246 5.76522e-06 0.000719197 0.00869599 0.021616 0.000381906 0.0278781 0.0043025 0.000545781 0.0113142 0.00148197 0.0312461 0.0136272 0.0534742 0.00840779 1.89222e-06 
0.589967 0.0211298 0.00958145 3.63222e-06 0.000270933 0.00225153 0.157002 0.00267359 0.000175973 0.187279 0.000152337 0.00332286 1.82366e-05 9.88934e-06 0.000118063 2.30353e-08 1.85505e-06 0.000590781 0.00453197 1.24051e-06 0.00275817 0.0013663 2.53002e-11 0.00216906 5.99713e-05 0.000627332 2.99879e-05 0.0139069 8.72441e-08 4.28116e-09 
0.452304 0.093096 0.00277514 4.3655e-05 0.0090482 0.0124257 0.08644 0.123968 0.00112383 0.0396854 0.00395288 0.000213431 0.000539337 0.00223164 0.0152223 6.47873e-06 0.00137344 0.00637104 0.00540025 0.000205159 0.0567549 0.00482217 0.00287951 0.0150567 0.000206903 0.00452062 0.0217955 0.0155353 0.0220033 7.87871e-08 
0.377846 0.010096 0.275112 1.48666e-05 3.46868e-06 0.0115188 0.0265264 0.279269 3.82375e-06 8.3166e-05 1.25294e-07 2.6662e-09 0.000681133 4.84235e-06 0.0031759 5.4024e-06 6.4065e-08 2.44308e-05 7.17002e-10 2.98973e-06 0.00146302 0.0105615 1.53016e-09 0.00298314 2.06321e-09 1.43076e-09 6.5966e-07 0.000517337 0.000105593 3.53932e-09 
0.803105 0.0619016 0.0329795 2.42923e-05 0.00250608 0.00127321 0.0395192 0.00395573 0.00046265 0.0090351 0.00112907 0.000482401 0.000600608 0.00061436 0.00296164 4.58926e-08 2.19344e-05 0.00185813 0.00706174 0.000330123 0.00450511 0.000932428 8.42294e-05 0.00254212 0.0029428 0.000314002 0.00253855 0.012205 0.00411346 2.23203e-07 
0.888037 0.0395418 0.00155433 2.91e-05 0.000992048 0.00105505 0.0313396 1.51048e-07 5.14597e-08 0.00249574 0.000240699 0.000288926 0.000146968 3.13309e-08 0.000431239 7.81416e-12 6.34923e-12 0.00851893 0.0215548 3.37873e-09 0.000411097 3.01636e-05 4.53042e-09 0.00072563 3.67772e-05 0.000914337 0.000121291 0.00149775 3.64706e-05 5.9666e-12 
0.94351 0.010243 0.000395788 4.68223e-11 0.000477112 0.000609514 0.0271869 0.00195654 0.00138746 0.000432572 0.000154521 2.28282e-12 3.61011e-05 8.69186e-06 0.00579471 1.00494e-09 5.67601e-10 6.76068e-07 5.02457e-07 0.000332316 0.000578405 0.000245014 0.000131071 0.000230455 9.5137e-09 8.2399e-06 3.87768e-05 0.00140903 0.00483311 3.03038e-12 
0.620733 0.336593 0.00423241 6.94264e-06 4.57436e-05 7.95754e-06 0.0273062 0.00213598 0.000427872 0.00134606 5.51473e-08 2.73327e-08 1.60236e-05 6.74078e-09 3.34806e-09 2.5182e-12 4.46086e-07 1.69075e-05 0.000458007 2.65204e-12 0.00405392 8.12473e-09 7.91224e-05 1.44964e-05 5.69393e-05 6.64165e-06 0.0024404 2.03232e-05 1.49702e-06 1.81922e-09 
0.296497 0.000620412 9.72772e-05 0.00046852 0.00886473 0.00209621 0.0315557 0.0232472 2.97982e-11 0.0802808 0.0361572 0.293973 4.97425e-07 8.7966e-07 0.00170706 9.92869e-11 8.06735e-11 0.000749756 0.0720529 0.00598179 0.00382946 0.0945763 4.61057e-06 0.00284401 5.25099e-06 0.00171085 0.00315764 0.0261987 0.0132757 4.61909e-05 
0.242144 0.139623 0.221574 2.61318e-06 0.00250075 0.00658355 0.229845 0.00514139 0.000205761 0.0191195 0.000208285 0.0651904 0.000566699 0.000148766 0.00391336 0.000543077 2.3258e-05 3.42824e-05 0.0029849 2.42164e-05 0.00558422 0.000345281 0.0234424 0.00271596 6.07417e-05 1.08867e-05 0.00208347 0.0212535 0.00412626 1.88545e-08 
0.94351 0.010243 0.000395788 4.68223e-11 0.000477112 0.000609514 0.0271869 0.00195654 0.00138746 0.000432572 0.000154521 2.28282e-12 3.61011e-05 8.69186e-06 0.00579471 1.00494e-09 5.67601e-10 6.76068e-07 5.02457e-07 0.000332316 0.000578405 0.000245014 0.000131071 0.000230455 9.5137e-09 8.2399e-06 3.87768e-05 0.00140903 0.00483311 3.03038e-12 
0.621661 0.0407258 0.00439341 9.226e-05 0.00103749 0.000895215 0.259548 0.000837583 1.82835e-05 0.0121972 0.000530992 2.05928e-05 0.000327626 2.87567e-05 0.00417346 4.35584e-10 3.92142e-05 0.0103991 0.0224073 0.000346907 0.00569772 9.12575e-05 0.00037132 0.00337758 8.24567e-05 9.85897e-05 0.000153907 0.00918758 0.00125916 8.75058e-08 
0.963714 0.00340028 0.00100589 1.33408e-06 2.2946e-06 0.000190264 0.0208318 0.00359855 3.22292e-12 0.00411133 1.38218e-12 2.08146e-06 3.45512e-05 0.00192795 0.000159989 4.01781e-09 8.72551e-12 2.48018e-05 0.000430414 8.06187e-09 6.58204e-09 3.52657e-05 3.71151e-09 0.000186636 4.88948e-06 6.515e-05 1.4316e-05 2.09918e-05 0.000237005 1.75047e-09 
0.694667 0.0517175 0.00300477 2.14472e-06 0.00175296 0.0155654 0.0757511 0.00808839 0.000636649 0.0318228 0.00947392 0.000139453 0.000990011 0.000411264 0.0179625 3.84147e-12 0.000582792 0.00115633 0.000424197 5.81301e-08 0.0291459 0.000814517 0.000330882 0.0165002 0.000283362 0.000281372 0.000591088 0.0223287 0.0155746 2.9332e-12 
0.620733 0.336593 0.00423241 6.94264e-06 4.57436e-05 7.95754e-06 0.0273062 0.00213598 0.000427872 0.00134606 5.51473e-08 2.73327e-08 1.60236e-05 6.74078e-09 3.34806e-09 2.5182e-12 4.46086e-07 1.69075e-05 0.000458007 2.65204e-12 0.00405392 8.12473e-09 7.91224e-05 1.44964e-05 5.69393e-05 6.64165e-06 0.0024404 2.03232e-05 1.49702e-06 1.81922e-09 
0.851787 0.0155879 0.00121997 2.27987e-06 0.00116067 0.00126723 0.0444609 0.00803183 0.00239617 0.00180963 0.00217532 5.62341e-07 0.00169232 7.14603e-06 0.0134449 2.35114e-08 6.78484e-07 1.09927e-05 5.47583e-05 0.000310237 0.00235682 0.000760006 0.000150912 0.00218488 2.28919e-05 3.42656e-05 0.000379744 0.0355737 0.0131161 4.63478e-10 
0.846243 0.0711946 0.000184473 3.85767e-05 0.00336859 0.00102168 0.00377679 0.00239936 0.000647441 0.000142731 0.0282502 0.000146499 0.00143633 0.000164478 0.00065148 1.90669e-07 5.81044e-05 0.000361831 0.000181361 2.03595e-05 0.00152997 0.000189506 0.000266479 0.00432247 2.61985e-05 0.000713478 0.0108163 0.00941243 0.0124342 1.02277e-06 
0.905829 0.00629858 0.000382509 5.01848e-09 0.000930957 8.27387e-08 0.00945026 0.00091906 0.000372816 0.00471916 0.00661542 8.13006e-12 0.00446658 5.02463e-08 6.54186e-05 1.41343e-11 2.82106e-05 1.20356e-05 0.0357696 1.55117e-07 0.0022268 1.05348e-05 1.90991e-08 0.00105393 6.29135e-12 0.000342999 1.15513e-07 0.0204976 8.30311e-06 1.07925e-11 
0.915255 0.00247844 0.000113959 8.85278e-06 0.00297367 0.00110577 0.00311817 0.00193658 0.000230645 0.000110025 0.00611705 6.57925e-05 0.00499862 0.00022159 0.000139396 3.41804e-07 7.90611e-05 5.22936e-05 0.000229198 1.84715e-12 0.00197231 4.17798e-07 0.000351102 0.00437433 0.00573288 0.00175868 0.0232595 0.0114477 0.0118682 2.48776e-07 
0.830477 0.0304671 0.0038984 8.66686e-06 0.000146039 0.000478091 0.0533055 0.00701939 8.89144e-05 0.0041862 0.00199857 0.000118183 0.00323714 4.23378e-05 0.00579904 3.49337e-10 0.0117017 1.68595e-05 0.00283373 4.84497e-06 0.0010822 0.000393341 8.19172e-06 0.00383218 1.12629e-05 4.49656e-05 0.000428496 0.0360043 0.00236542 2.0283e-06 
0.765404 0.0133688 0.0133236 4.34648e-05 0.00566411 0.012774 0.025904 0.0215545 5.09642e-05 0.0107843 0.00682736 1.2684e-11 0.0660598 0.000406304 0.00232163 2.356e-07 2.43917e-05 0.00504143 0.00814119 0.000152258 2.53999e-08 0.00330876 0.000517982 0.0127153 0.000345652 1.59466e-05 0.0082374 0.0105228 0.00648964 1.99537e-09 
0.835727 0.00677568 0.0121721 8.8437e-07 0.000126993 0.00036995 0.101981 0.0055158 0.000902942 0.00504332 2.08979e-06 6.60155e-08 0.0014379 0.000476767 0.000249112 3.76877e-06 4.9547e-06 2.25243e-06 0.00100496 6.98247e-06 0.00104344 0.000162056 0.00741269 0.000173198 7.11295e-07 1.32982e-05 0.0133859 0.00159233 0.00441121 2.95705e-09 
0.735736 0.000839335 0.000241003 4.76416e-05 0.00136648 0.00508407 0.00142632 0.00498896 0.000659447 0.00125073 0.131161 2.31113e-05 0.0106027 0.00254269 7.11112e-05 3.81411e-07 0.000182081 0.000135849 9.22982e-05 1.35437e-12 0.00100595 5.02146e-05 0.00292451 0.00821005 1.50163e-05 0.000665773 0.0171077 0.0410569 0.0325108 1.67636e-06 
0.813685 0.00786983 0.00139208 0.000152795 0.00397224 0.00206159 0.0354689 0.00405289 2.47908e-05 0.0273976 0.00399973 0.0188414 0.000839124 7.35608e-06 0.00112937 2.32704e-08 8.24871e-05 0.00383832 0.00391453 1.30295e-05 0.00102189 0.00713524 3.46936e-06 0.00537017 0.0101259 0.000606083 0.00221571 0.0424744 0.00229659 7.56039e-06 
0.397283 0.0428738 0.102709 6.56113e-06 0.0271296 0.00210583 0.201037 0.0385088 0.00250457 0.0111102 0.00815484 2.8136e-07 0.000944705 0.000187878 0.0173342 6.28831e-08 1.1612e-07 8.16359e-05 0.0091483 0.000328515 0.00350147 0.00122124 0.000946131 0.0144668 0.000800542 0.000271199 0.00426925 0.0793874 0.0336869 3.14606e-07 
0.888037 0.0395418 0.00155433 2.91e-05 0.000992048 0.00105505 0.0313396 1.51048e-07 5.14597e-08 0.00249574 0.000240699 0.000288926 0.000146968 3.13309e-08 0.000431239 7.81416e-12 6.34923e-12 0.00851893 0.0215548 3.37873e-09 0.000411097 3.01636e-05 4.53042e-09 0.00072563 3.67772e-05 0.000914337 0.000121291 0.00149775 3.64706e-05 5.9666e-12 
0.620733 0.336593 0.00423241 6.94264e-06 4.57436e-05 7.95754e-06 0.0273062 0.00213598 0.000427872 0.00134606 5.51473e-08 2.73327e-08 1.60236e-05 6.74078e-09 3.34806e-09 2.5182e-12 4.46086e-07 1.69075e-05 0.000458007 2.65204e-12 0.00405392 8.12473e-09 7.91224e-05 1.44964e-05 5.69393e-05 6.64165e-06 0.0024404 2.03232e-05 1.49702e-06 1.81922e-09 
0.888037 0.0395418 0.00155433 2.91e-05 0.000992048 0.00105505 0.0313396 1.51048e-07 5.14597e-08 0.00249574 0.000240699 0.000288926 0.000146968 3.13309e-08 0.000431239 7.81416e-12 6.34923e-12 0.00851893 0.0215548 3.37873e-09 0.000411097 3.01636e-05 4.53042e-09 0.00072563 3.67772e-05 0.000914337 0.000121291 0.00149775 3.64706e-05 5.9666e-12 
0.280752 0.0277106 0.00420224 0.0036455 0.0805655 0.0236001 0.0988806 0.0119355 0.0124727 0.00191137 0.0144558 0.00121074 0.0222556 0.0016511 0.00392464 4.69296e-09 0.00199053 0.00279258 0.146714 0.00325148 0.0992438 0.00189387 0.0102907 0.0355751 0.00696321 0.0161397 0.0399485 0.0143885 0.0316339 1.10827e-07 
0.653505 0.0162638 0.0102386 0.000114112 0.000562083 0.00270247 0.10607 0.00157948 1.1248e-05 0.0649836 0.00177105 0.000487612 0.00105127 0.0031302 0.00198432 4.29199e-08 8.6613e-07 0.0188094 0.0858116 0.000405249 0.0051495 0.000970257 0.000105346 0.00173675 0.00147924 0.000179615 0.000242307 0.0194823 0.00117316 4.50821e-07 
0.641085 0.02875 0.00395007 5.33917e-05 0.00625473 0.00972491 0.0906729 0.0177835 0.00605132 0.0251424 0.00984734 0.000808381 0.00251724 0.00387582 0.00540611 3.36184e-09 0.000983803 0.00113005 0.0220236 0.00154353 0.0195756 0.0084608 0.00820294 0.00904139 0.0104516 0.00637096 0.00707412 0.0429758 0.0102363 6.42934e-06 
0.963714 0.00340028 0.00100589 1.33408e-06 2.2946e-06 0.000190264 0.0208318 0.00359855 3.22292e-12 0.00411133 1.38218e-12 2.08146e-06 3.45512e-05 0.00192795 0.000159989 4.01781e-09 8.72551e-12 2.48018e-05 0.000430414 8.06187e-09 6.58204e-09 3.52657e-05 3.71151e-09 0.000186636 4.88948e-06 6.515e-05 1.4316e-05 2.09918e-05 0.000237005 1.75047e-09 
0.370268 0.0505668 0.00310119 0.000135725 0.0211779 0.0175276 0.0484023 0.00887125 0.00654299 0.00444682 0.00765205 8.51956e-06 0.00753561 0.00279835 0.0053484 3.73559e-05 2.08178e-06 0.00182325 0.00417962 0.000247037 0.0531913 0.000505856 0.00112558 0.195237 0.0135882 0.00916454 0.118899 0.0160513 0.0315634 7.94397e-07 
0.416172 0.0410823 0.0821101 4.54394e-05 0.00178597 0.00730701 0.158823 0.036181 0.00334413 0.0973021 0.0151113 0.000522629 0.00206723 0.00244772 0.0103706 2.73261e-08 7.85566e-05 0.00221736 0.014449 0.00410851 0.0107835 0.00539144 0.000674411 0.0151399 0.000910358 0.000490519 0.0159389 0.043759 0.0112161 0.000170269 
0.736035 0.00560562 0.0159892 3.59348e-06 0.00063617 0.000559163 0.0516045 0.00172453 1.02664e-05 0.00246123 0.00087857 2.63004e-05 0.00121324 0.00370933 0.00142621 2.42735e-10 8.96406e-09 0.000293305 0.060874 1.1783e-08 0.00752284 5.04216e-05 3.09502e-05 0.00948374 0.000270757 9.31442e-05 0.0306675 0.0629839 0.00584648 5.73441e-10 
0.187414 0.0160812 0.0245098 8.62567e-06 0.112369 0.00846868 0.0418392 0.0294675 0.00549692 0.0674934 0.00142529 3.86081e-05 0.00174425 0.000989101 0.00418635 5.45957e-10 2.96347e-05 1.56121e-05 0.0161779 3.21729e-05 0.179256 0.00583252 0.00225644 0.150983 4.33418e-05 0.00290783 0.0347912 0.0730458 0.033097 2.22838e-07 
0.270545 0.0196773 0.00347625 4.18543e-05 0.02659 0.0402122 0.0873073 0.0207622 0.0759405 0.0032678 0.0503541 2.08047e-07 0.011035 0.00162296 0.0426986 2.07857e-07 2.07942e-07 2.08134e-07 2.08235e-07 0.0124287 0.0337168 0.0224437 0.00587022 0.0207834 0.00312179 0.00104104 0.00408171 0.0915368 0.151444 2.07963e-07 
0.191125 0.00960027 0.0264866 0.00025184 0.0157664 0.0104254 0.0905463 0.0192273 0.00238939 0.000319937 0.0357309 0.117968 3.19427e-05 1.76498e-10 0.010164 1.78225e-08 2.55434e-06 0.00087008 0.157475 0.000171242 0.0116269 0.0839722 2.85043e-05 0.148896 8.01613e-08 0.0016564 0.00919597 0.0381027 0.0179139 5.6103e-05 
0.371895 0.0649868 0.11031 9.91423e-05 0.00215755 0.00247389 0.225961 0.00951092 0.00111255 0.0861722 0.000897605 0.00302783 0.00243264 0.00252149 0.000979807 2.25292e-07 8.0549e-05 0.00287935 0.0321602 0.00343528 0.0371326 0.00319163 0.00259816 0.00435049 0.000339253 0.00118446 0.00186635 0.0208197 0.00542274 4.02924e-07 
0.563176 0.292291 0.00306052 3.67461e-05 0.00809295 0.000375448 0.0254377 0.00135282 0.000792166 0.00197061 0.000771275 0.000479544 0.0014258 0.000511596 0.00129425 8.78103e-09 1.84084e-06 0.00312681 0.00076519 1.52226e-07 0.00315474 0.000650054 4.15532e-05 0.0711237 9.68715e-05 0.000111708 0.00905383 0.00607508 0.00472933 1.2747e-06 
0.653505 0.0162638 0.0102386 0.000114112 0.000562083 0.00270247 0.10607 0.00157948 1.1248e-05 0.0649836 0.00177105 0.000487612 0.00105127 0.0031302 0.00198432 4.29199e-08 8.6613e-07 0.0188094 0.0858116 0.000405249 0.0051495 0.000970257 0.000105346 0.00173675 0.00147924 0.000179615 0.000242307 0.0194823 0.00117316 4.50821e-07 
0.81611 0.0225388 0.0242212 2.64424e-06 0.000689046 2.20664e-07 0.0664933 0.000737427 7.52543e-08 0.0631703 2.56636e-11 0.00112019 2.63517e-07 0.000557231 0.000144351 5.80864e-09 1.11353e-06 2.12724e-08 0.000108794 2.09989e-10 0.000846115 8.84229e-09 3.05549e-05 0.000843962 0.000976093 3.50019e-09 8.70338e-06 0.000573239 0.0008262 1.52248e-10 
0.802583 0.0749792 0.00208886 4.35813e-05 0.00262665 0.0017797 0.0124274 0.00464761 0.000978353 0.00271318 0.0344975 5.96739e-05 0.00375213 0.000737162 4.28053e-05 9.25739e-08 6.99677e-05 0.000100783 0.000507355 2.89122e-12 0.00449967 7.95981e-05 0.00132544 0.00276794 5.85913e-05 0.00171694 0.0183723 0.0131021 0.0134415 9.51998e-07 
0.434853 0.11455 0.0221081 2.46965e-05 0.00149852 0.000390966 0.252834 0.0295348 0.00085866 0.0286471 0.000436911 0.00316485 4.15767e-05 0.00137242 0.00405261 4.55806e-09 1.78711e-09 7.61955e-06 0.0942634 3.97187e-06 0.00683384 0.000205098 4.25722e-08 0.00324054 4.12632e-05 7.52668e-05 0.000560733 1.8157e-05 0.000381514 8.42357e-10 
0.425056 0.102553 0.00629641 0.000178811 0.00610922 0.00667398 0.286324 0.00567565 0.000242138 0.0174007 0.00131878 0.000524748 0.000552729 1.45157e-05 0.00255369 3.63348e-11 1.09964e-07 0.00483324 0.060467 4.14257e-05 0.0058375 0.00027267 1.3931e-05 0.0132117 0.000697104 0.0237299 0.00335048 0.0253346 0.000735126 3.97998e-09 
0.234861 0.192799 0.0068396 0.0421872 0.00327427 0.007493 0.204853 0.0122183 0.00200439 0.0480003 0.0106091 0.00174246 0.0408083 0.000372312 0.00851654 3.51976e-11 0.000311562 0.00154281 0.0431413 2.34885e-08 0.0117075 0.000459016 0.000526859 0.00594959 0.0185968 0.000206357 0.0196596 0.0575895 0.0232634 0.000466474 
0.628395 0.112661 0.00519084 6.60953e-06 0.0138277 0.000625012 0.0542749 0.00331971 0.00146253 0.00212116 0.000244685 0.0171005 2.60282e-05 1.8949e-06 2.724e-05 2.84014e-07 7.11573e-06 5.83228e-05 0.0111645 3.5055e-09 0.121555 2.86466e-05 6.70548e-05 0.00622016 1.45852e-05 0.00372398 0.00728964 0.00987059 0.000714544 9.45101e-08 
0.888037 0.0395418 0.00155433 2.91e-05 0.000992048 0.00105505 0.0313396 1.51048e-07 5.14597e-08 0.00249574 0.000240699 0.000288926 0.000146968 3.13309e-08 0.000431239 7.81416e-12 6.34923e-12 0.00851893 0.0215548 3.37873e-09 0.000411097 3.01636e-05 4.53042e-09 0.00072563 3.67772e-05 0.000914337 0.000121291 0.00149775 3.64706e-05 5.9666e-12 
0.644919 0.0896734 0.0147958 0.00574391 0.0174637 0.00514712 0.0518039 0.00917083 0.00513894 0.0128188 0.00896329 0.00215255 0.00242317 0.000269655 0.00323679 4.56863e-08 9.92723e-05 0.00817216 0.0108219 0.000207309 0.0270554 0.00215093 0.00314095 0.0190692 0.000510847 0.00204796 0.0125512 0.0279606 0.0124133 7.81348e-05 
0.819414 0.0342813 0.00453095 2.16441e-05 0.000135487 0.000822538 0.0584319 0.00299577 8.30759e-05 0.0125874 0.00207786 6.43656e-05 0.000913985 0.000429134 0.0016802 3.87472e-08 0.0196659 0.00282821 0.0222985 0.000102963 0.00128319 0.000398865 3.54301e-05 0.00227613 0.000220874 0.000100198 0.000204452 0.0116748 0.000435055 5.53207e-06 
0.870037 0.0172681 0.0021896 2.6116e-05 0.00504184 0.00207383 0.0318515 0.0023454 8.12628e-05 0.00565833 0.000603943 0.000931467 0.000239109 4.63804e-05 0.000867735 6.42231e-08 2.41317e-06 0.00318974 0.0214916 2.53527e-05 0.0219356 0.000436276 1.30222e-05 0.00171995 0.000219635 0.000986721 0.00127053 0.00916619 0.000281333 1.47957e-07 
0.94351 0.010243 0.000395788 4.68223e-11 0.000477112 0.000609514 0.0271869 0.00195654 0.00138746 0.000432572 0.000154521 2.28282e-12 3.61011e-05 8.69186e-06 0.00579471 1.00494e-09 5.67601e-10 6.76068e-07 5.02457e-07 0.000332316 0.000578405 0.000245014 0.000131071 0.000230455 9.5137e-09 8.2399e-06 3.87768e-05 0.00140903 0.00483311 3.03038e-12 
0.657919 0.128626 0.0615585 0.000209917 0.00788931 0.00553896 0.0481178 0.0096451 0.000324815 0.00425169 0.00511502 0.00173235 0.00451118 0.000792021 0.00189648 6.43606e-06 0.00185821 0.00437468 0.0112724 0.000169309 0.00677309 0.00104275 0.000736396 0.00607494 0.000701968 0.00364346 0.00298282 0.016974 0.00525979 1.03568e-06 
0.77822 0.0364923 0.00408006 1.34214e-05 0.00778807 0.00227893 0.0567497 0.00340875 0.000290852 0.00586204 0.00103327 0.00597216 0.000197416 5.87363e-05 0.00121112 1.57213e-07 7.03137e-06 0.000690534 0.0262804 2.9228e-05 0.0436558 0.000345423 1.66555e-05 0.00508006 0.000280459 0.00116994 0.00240107 0.0158335 0.000553248 1.93395e-07 
0.956525 0.00572949 0.00272422 2.54966e-07 5.13053e-06 4.29986e-05 0.0281187 3.88575e-05 4.9012e-09 0.00527833 1.96613e-08 6.18523e-09 0.00013403 0.000296112 0.000244732 9.70386e-12 7.88467e-12 5.0823e-07 0.000593608 9.4059e-09 1.0426e-12 5.9329e-06 4.3307e-09 0.000159648 5.77878e-09 1.08535e-08 1.3212e-05 7.91341e-06 8.11357e-05 7.40951e-12 
0.815789 0.00473733 0.0111629 2.39611e-06 0.000424118 0.00037278 0.0406521 0.00114969 6.84491e-06 0.00203321 0.000585719 1.7535e-05 0.000808833 0.00247291 0.000950817 1.96092e-10 6.03125e-09 0.000214746 0.0405827 9.24479e-09 0.00501525 3.36165e-05 2.06348e-05 0.00632251 0.000180514 6.20982e-05 0.020445 0.0420588 0.00389766 4.69668e-10 
0.619245 0.0135183 0.0120404 0.000146714 0.000722673 0.0034746 0.118944 0.00181688 1.44597e-05 0.046797 0.0022755 0.000597299 0.00135163 0.00402453 0.00193965 5.50229e-08 2.74501e-08 0.0241835 0.109555 0.000521024 0.00662077 0.00123067 0.000135441 0.00223295 0.00190187 0.000230932 0.000311534 0.0246594 0.00150834 5.79427e-07 
0.823442 0.112159 0.00187428 2.90932e-06 0.00177773 0.000142606 0.0162775 0.00262509 0.000559943 0.000691642 0.00167433 3.0808e-05 0.000474834 4.72392e-05 8.23347e-05 1.71058e-09 4.01471e-05 3.71254e-05 0.000868781 2.18738e-12 0.00781274 2.23267e-06 0.000112745 0.0011821 4.6994e-05 0.0021895 0.0232624 0.00118922 0.00139318 3.2192e-07 
0.642305 0.112815 0.00502474 5.9669e-06 0.0130747 0.00062412 0.0541024 0.00320734 0.0013382 0.00204883 0.000235702 0.012529 2.44067e-05 1.37635e-06 2.04349e-05 1.93879e-07 5.91135e-06 5.56518e-05 0.0106169 3.51425e-10 0.118079 1.07121e-05 4.35198e-05 0.00567968 1.40851e-05 0.00263606 0.00594148 0.00890572 0.000653607 6.6553e-08 
0.907328 0.00085329 1.64352e-08 3.56554e-08 2.73427e-07 1.24495e-08 0.00295582 1.85206e-08 1.77361e-12 0.000147384 3.91441e-08 1.27964e-08 0.000217915 3.4238e-12 1.39133e-08 5.90964e-12 4.80175e-12 5.37857e-05 9.14126e-13 6.22373e-12 6.34941e-13 1.42842e-12 9.89774e-09 3.17551e-08 0.0884416 1.91328e-07 2.33496e-08 1.81804e-06 1.64814e-09 4.51238e-12 
0.701422 0.00137388 0.000468626 5.02536e-05 0.0024924 0.00467931 0.00217693 0.00758978 0.000429984 0.00128413 0.149011 3.40227e-05 0.00718114 0.00259904 0.000196505 1.7341e-10 0.00021854 0.000259363 0.000345937 1.43241e-12 0.0031299 7.72686e-05 0.00237446 0.0100341 1.44349e-05 0.00132635 0.0166823 0.0593319 0.0252138 2.11368e-06 
0.619245 0.0135183 0.0120404 0.000146714 0.000722673 0.0034746 0.118944 0.00181688 1.44597e-05 0.046797 0.0022755 0.000597299 0.00135163 0.00402453 0.00193965 5.50229e-08 2.74501e-08 0.0241835 0.109555 0.000521024 0.00662077 0.00123067 0.000135441 0.00223295 0.00190187 0.000230932 0.000311534 0.0246594 0.00150834 5.79427e-07 
0.890929 0.0024798 0.00168115 1.38453e-05 0.000805546 0.00192046 0.0162028 0.00416281 7.40017e-05 0.00473307 0.0188969 0.000314975 0.00526612 0.000608048 0.000705169 1.74041e-07 4.47365e-05 0.000364337 0.00435948 9.1095e-06 0.00118712 0.000199207 0.000332837 0.00474795 0.000113474 0.000159814 0.00452826 0.0301456 0.00501345 3.97346e-07 
0.653505 0.0162638 0.0102386 0.000114112 0.000562083 0.00270247 0.10607 0.00157948 1.1248e-05 0.0649836 0.00177105 0.000487612 0.00105127 0.0031302 0.00198432 4.29199e-08 8.6613e-07 0.0188094 0.0858116 0.000405249 0.0051495 0.000970257 0.000105346 0.00173675 0.00147924 0.000179615 0.000242307 0.0194823 0.00117316 4.50821e-07 
0.963714 0.00340028 0.00100589 1.33408e-06 2.2946e-06 0.000190264 0.0208318 0.00359855 3.22292e-12 0.00411133 1.38218e-12 2.08146e-06 3.45512e-05 0.00192795 0.000159989 4.01781e-09 8.72551e-12 2.48018e-05 0.000430414 8.06187e-09 6.58204e-09 3.52657e-05 3.71151e-09 0.000186636 4.88948e-06 6.515e-05 1.4316e-05 2.09918e-05 0.000237005 1.75047e-09 
0.588819 0.135355 0.00469279 5.14067e-05 0.00131458 0.0064876 0.151571 0.000277762 1.44204e-05 0.00247111 0.000418031 0.00516308 0.000195401 0.00064525 0.00763279 3.82886e-06 6.40912e-11 0.0212102 0.040486 0.00132982 0.000945496 0.00050275 0.00236741 0.00423227 3.80732e-05 0.00056045 0.000110659 0.0228401 0.000262928 6.02288e-11 
0.361873 0.297413 0.239558 1.62777e-08 0.0010935 7.09694e-05 0.071359 0.00417298 4.71016e-08 0.000257706 1.80009e-10 2.1782e-08 0.000134572 3.42575e-07 0.00501787 3.14338e-11 1.38256e-07 0.00130437 0.000571553 7.06235e-05 1.03745e-07 0.000379023 1.41324e-07 0.000496998 7.10298e-05 0.000629439 2.91798e-05 0.00678925 0.00870776 6.56046e-08 
0.963714 0.00340028 0.00100589 1.33408e-06 2.2946e-06 0.000190264 0.0208318 0.00359855 3.22292e-12 0.00411133 1.38218e-12 2.08146e-06 3.45512e-05 0.00192795 0.000159989 4.01781e-09 8.72551e-12 2.48018e-05 0.000430414 8.06187e-09 6.58204e-09 3.52657e-05 3.71151e-09 0.000186636 4.88948e-06 6.515e-05 1.4316e-05 2.09918e-05 0.000237005 1.75047e-09 
0.306527 0.127067 0.00497119 0.000118113 0.0254616 0.0106551 0.139133 0.0467538 0.00364436 0.00828304 0.0284604 0.00324033 0.0136618 0.000932107 0.0512526 1.62906e-05 1.44591e-05 0.00391917 0.0225648 0.0095256 0.0626878 0.00748647 0.000896017 0.0232698 0.00185454 0.00181147 0.0160388 0.0420344 0.037694 2.48692e-05 
0.252438 0.020401 0.0719635 6.20636e-05 0.0122196 0.0101156 0.234697 0.0122862 0.000614091 0.0342866 0.0358634 0.000134655 0.0302548 0.0338137 0.00402673 3.29496e-09 0.0172755 0.00453951 0.045513 3.10165e-05 0.00858458 0.00107155 0.000203225 0.0158831 0.0119432 0.0361084 0.0418277 0.040124 0.0237031 1.52551e-05 
0.94351 0.010243 0.000395788 4.68223e-11 0.000477112 0.000609514 0.0271869 0.00195654 0.00138746 0.000432572 0.000154521 2.28282e-12 3.61011e-05 8.69186e-06 0.00579471 1.00494e-09 5.67601e-10 6.76068e-07 5.02457e-07 0.000332316 0.000578405 0.000245014 0.000131071 0.000230455 9.5137e-09 8.2399e-06 3.87768e-05 0.00140903 0.00483311 3.03038e-12 
0.36974 0.00782188 1.47218e-06 5.89977e-08 1.50804e-07 0.0063796 0.0440456 0.00616113 2.7306e-11 0.14004 5.60941e-07 9.21119e-07 0.00623177 3.32616e-06 0.0038841 9.09829e-11 7.39263e-11 1.90427e-06 0.00329102 0.00479045 9.77535e-12 0.22345 0.00170883 0.165643 8.50853e-08 2.80836e-11 1.87033e-07 8.08502e-08 0.0168038 1.39012e-07 
0.899031 0.0174508 0.00120659 7.57154e-06 0.00822828 0.00150013 0.0159138 0.00435109 0.000199569 0.00183867 0.000341599 3.03716e-05 0.000873395 0.000717251 0.000291252 2.17925e-09 2.66125e-05 0.000176314 0.0169709 1.01625e-05 0.0167904 0.000348087 0.000179751 0.00173909 0.000784131 0.00181827 0.00299495 0.00425635 0.00192251 6.56117e-07 
0.640835 0.256792 0.00399141 4.3624e-05 0.0110029 0.00118554 0.0140929 0.00225659 0.00010212 0.000918049 0.00137782 0.00158814 0.00140331 0.000159013 0.00035425 7.02582e-10 1.76369e-05 0.00875412 0.0155515 3.66199e-06 0.0050436 0.000528072 3.95433e-05 0.00529826 0.000855012 0.00047466 0.00475416 0.0184275 0.00414873 3.75557e-07 
0.736035 0.00560562 0.0159892 3.59348e-06 0.00063617 0.000559163 0.0516045 0.00172453 1.02664e-05 0.00246123 0.00087857 2.63004e-05 0.00121324 0.00370933 0.00142621 2.42735e-10 8.96406e-09 0.000293305 0.060874 1.1783e-08 0.00752284 5.04216e-05 3.09502e-05 0.00948374 0.000270757 9.31442e-05 0.0306675 0.0629839 0.00584648 5.73441e-10 
0.851171 0.00996975 0.00512909 8.79897e-06 0.000189149 0.0010319 0.0536994 0.00366725 3.03659e-05 0.00548683 0.000921035 1.18097e-05 0.00085284 0.00227699 0.00090806 1.96255e-08 0.00546169 0.000468636 0.0206086 0.000711035 0.00284726 0.000635886 2.50169e-05 0.00342571 0.00055875 0.000143564 0.00727792 0.0197082 0.00277196 1.43046e-06 
0.821388 0.0545477 0.00149694 1.06565e-06 2.01308e-05 0.000241148 0.0330974 0.00564042 0.000186164 0.000703939 3.80066e-06 1.11539e-11 0.000692709 1.12346e-11 0.00145961 9.29687e-10 0.0699934 3.81908e-08 0.00520514 1.77909e-05 2.94586e-08 0.000198834 1.30665e-05 0.00164698 1.38134e-08 6.48306e-05 0.000189136 0.00301546 0.000165804 1.01309e-05 
0.816762 0.00391534 0.00318594 1.67983e-05 0.00195544 0.00426082 0.0650403 0.00315435 5.95555e-07 0.0106364 0.00205348 0.000809971 0.000546208 0.000205852 0.00420603 2.34386e-09 5.65706e-06 0.00190978 0.0463547 0.000142482 0.00528196 0.00109397 2.45045e-09 0.00347516 0.000881681 0.000101657 0.000271302 0.0234129 0.000318877 2.36887e-07 
0.957047 0.00197907 0.0013916 1.10848e-06 1.79211e-05 0.000268238 0.00658758 0.00286169 2.19201e-05 0.00214284 0.000848172 2.75904e-10 0.00498223 1.16719e-07 8.78566e-05 3.54739e-12 2.53213e-05 1.04723e-05 1.35262e-05 3.73593e-12 3.81137e-13 2.92223e-05 0.000121006 0.00183963 3.19357e-06 3.71995e-07 0.00145439 0.0171999 0.00106532 1.17425e-09 
0.2683 0.0603674 0.0185013 5.86219e-07 2.04308e-11 1.00495e-06 0.189779 0.187844 3.32981e-11 0.069519 1.13243e-06 0.00469386 8.73653e-05 2.76465e-07 2.65532e-06 1.10948e-10 9.01489e-11 0.00218974 1.8415e-06 3.28347e-06 0.0103159 0.168999 3.66255e-11 0.0193843 1.22972e-06 3.42463e-11 3.24922e-07 3.19089e-06 3.1578e-06 1.01744e-07 
0.585804 0.0388119 0.00396262 1.48205e-05 0.00876087 0.0110115 0.0978685 0.0535613 0.0200513 0.00682916 0.00760415 0.00164163 0.00257828 0.00871993 0.00823537 2.66997e-08 0.000355367 0.000125111 0.000710684 2.59334e-05 0.0333854 0.002097 0.0229841 0.017011 0.00125107 0.0235709 0.0224084 0.0127821 0.00783789 2.93598e-09 
