8.09571e-10 0.00671343 0.00748787 1.21609e-09 9.72603e-07 0.0496946 0.0214361 0.0166108 0.0392655 0.000268482 0.223789 1.52045e-05 0.125501 7.91374e-07 0.145975 4.53564e-06 6.09673e-09 2.85534e-09 0.00293427 0.0102883 0.00235155 0.000357946 0.0132648 0.0171399 0.00171859 2.31607e-09 0.0155498 0.104937 0.194694 5.72932e-09 
5.95098e-08 0.00248797 0.00240097 8.9392e-08 0.0011107 0.00324516 0.0268011 0.00471628 0.00498843 2.18157e-07 2.42707e-05 3.17256e-07 0.000487525 3.19551e-07 0.00550737 5.51559e-07 0.000276527 2.0989e-07 0.0139803 0.311259 0.00160938 0.000246516 0.0115158 0.310439 2.45505e-07 0.00605793 0.00795311 0.282509 0.00238144 4.2115e-07 
3.35416e-08 0.0189569 0.0001155 3.68402e-05 3.77871e-06 0.0647571 0.00739234 0.0198169 0.000522308 0.000176775 0.018851 4.71864e-05 0.055838 8.59585e-05 0.000943446 4.59083e-06 8.27092e-08 0.0269758 0.019269 0.517993 0.00729373 0.0325456 0.000532866 0.0157577 9.77996e-05 1.81436e-05 0.0113618 0.0356122 0.144994 1.71059e-07 
4.89375e-09 0.0415294 1.6024e-08 0.000782124 8.35234e-09 4.26213e-05 1.99153e-05 0.10893 1.36127e-08 1.794e-08 7.43964e-06 4.16992e-05 1.01612e-08 2.6278e-08 2.70972e-05 4.53571e-08 3.68539e-08 3.23384e-05 0.328949 3.16845e-05 1.36745e-05 0.284941 3.70255e-05 0.234578 2.27036e-05 1.40003e-08 6.38587e-09 1.47713e-05 1.95174e-07 3.4633e-08 
1.6446e-12 1.67098e-08 5.38505e-12 9.14302e-09 9.57183e-08 0.00214031 2.32154e-07 8.24285e-08 4.5747e-12 6.02894e-12 0.521093 8.76764e-12 7.2567e-05 3.18006e-08 4.09889e-12 1.52428e-11 4.70762e-08 4.87298e-08 0.00486675 1.60529e-11 0.00308434 2.58272e-09 5.03184e-12 0.0360741 1.62902e-08 2.20668e-07 0.000886931 0.426397 0.00538394 1.16388e-11 
1.48993e-06 0.000902264 0.00261972 2.23808e-06 0.000201505 8.554e-05 0.000535936 0.961736 4.14444e-06 0.00975737 1.77738e-06 7.94303e-06 0.000134991 8.00048e-06 0.000478673 1.38092e-05 0.000142643 5.25494e-06 2.13606e-06 0.000239395 0.000322633 0.00213951 0.000440257 0.016626 0.00140284 4.26247e-06 0.0015513 0.000477749 0.000144314 1.05442e-05 
3.9353e-10 0.00322158 0.000148425 1.95023e-07 0.00110659 0.0418999 1.06317e-07 0.00129341 0.000283628 7.57953e-06 0.863182 2.09797e-09 0.00169835 0.000202663 1.63591e-07 3.64738e-09 0.000705601 4.11988e-05 0.00141431 3.22267e-07 0.00191024 0.00016936 0.000215265 0.0175701 1.51399e-07 1.43143e-05 0.0426619 0.0192153 0.00303668 2.72794e-07 
9.93988e-10 0.00518036 3.25469e-09 0.000123958 0.00296868 6.18426e-06 0.000997896 0.108133 2.13845e-06 8.94678e-06 0.00632917 5.29911e-09 2.38857e-06 2.19971e-06 0.0387075 9.21265e-09 2.43219e-06 1.34535e-07 1.42505e-09 2.38221e-05 0.0107506 0.592402 3.04121e-09 0.0523098 4.10065e-09 2.84366e-09 4.05729e-06 8.44352e-07 0.181662 0.000382659 
6.3517e-08 0.00217459 8.45278e-05 9.54113e-08 6.52429e-06 0.000938545 0.000871306 0.0338482 1.4304e-05 0.00248996 7.57714e-08 3.38619e-07 0.000145228 0.000137933 1.54742e-05 0.000266206 4.71628e-06 6.89309e-05 8.57516e-07 6.29597e-05 0.00200124 0.891608 0.0313239 0.0011282 4.53008e-05 1.81713e-07 0.00015127 0.00496722 0.0271796 0.00046413 
3.46915e-06 5.77737e-06 1.13593e-05 5.21114e-06 5.92092e-06 0.711281 0.00754458 4.26155e-06 9.64991e-06 0.000826321 4.13845e-06 5.32944e-05 0.00349052 1.86283e-05 0.00148913 3.21533e-05 2.61255e-05 1.22356e-05 4.9736e-06 3.38622e-05 0.116704 0.0756728 0.000869409 0.000279742 1.43118e-05 9.92472e-06 0.000395156 0.0455843 0.0355825 2.45511e-05 
3.53455e-08 0.0232828 0.00245905 5.30938e-08 0.0614919 0.15338 0.106138 0.0524477 0.0170727 0.343665 0.0118976 9.32339e-07 0.000400334 0.000623098 9.12951e-05 3.27595e-07 2.22699e-05 0.0240773 0.00306076 0.0296336 0.00736467 0.120694 0.00466734 0.0286297 0.000277158 0.00146436 0.00423914 0.00176166 0.00115693 2.50139e-07 
1.03759e-10 6.64511e-06 1.26574e-07 2.15277e-09 0.000113265 0.924435 0.00419325 0.00866081 0.00908684 3.33924e-07 0.0268603 7.16491e-06 0.00201072 1.5522e-05 2.02367e-07 9.61675e-10 0.000296183 3.61396e-07 0.000810344 6.36839e-07 0.00155555 5.73084e-05 0.000390408 0.00214975 1.15416e-07 2.77928e-07 0.0149501 0.000257346 0.00310699 0.00103426 
9.09933e-09 0.00051919 4.48014e-06 0.0134739 0.000890929 0.144436 0.0214006 0.056469 0.000156396 6.9957e-05 0.0256494 0.000368991 0.000616841 0.000838627 0.000778957 8.43359e-08 0.111037 0.00641025 0.0412457 0.000695677 0.00353919 0.31341 0.00202796 0.0609617 9.97103e-05 0.000796983 0.010328 0.0215433 0.0132817 0.148949 
5.02357e-11 0.573022 2.10565e-06 4.52841e-07 0.0616566 0.00206634 0.156321 0.0146768 1.39738e-10 1.73127e-06 0.0234672 2.67814e-10 1.04308e-10 2.69751e-10 1.25204e-10 4.65603e-10 3.78316e-10 1.89407e-05 7.20213e-11 1.2754e-06 4.10255e-07 0.053843 2.75142e-06 0.111068 2.07245e-10 1.5954e-06 6.55528e-11 6.28049e-07 0.00384991 2.13666e-07 
3.38989e-11 0.126458 0.00276436 2.05974e-05 0.0149776 5.63221e-06 0.12011 0.177696 3.57918e-07 0.00674658 6.33446e-07 0.00154905 0.0315373 2.88844e-05 0.00399853 0.0378705 8.24709e-07 0.00289115 0.00195024 3.30886e-10 0.203343 0.00314815 0.00112932 0.0377455 0.000674379 0.0153973 0.00235434 0.181509 0.0260927 2.39902e-10 
6.38517e-10 2.68467e-05 2.09074e-09 6.7857e-07 0.000866887 0.0810603 5.03867e-05 0.16098 2.07292e-06 2.34074e-09 7.61707e-10 7.65528e-06 0.00734923 8.14839e-06 1.06312e-05 5.91801e-09 4.80856e-09 0.000130566 0.0121116 1.01811e-05 1.56003e-05 5.88114e-06 0.0709109 4.36681e-06 2.63417e-09 1.8267e-09 0.380169 3.86045e-06 0.286275 4.51877e-09 
7.44981e-11 3.77158e-05 0.0031802 6.77451e-07 0.00133605 0.0386855 0.0105099 0.140345 0.0140027 2.73102e-10 2.12507e-07 0.000215624 0.195346 7.83762e-05 0.00160827 0.177218 5.61031e-10 3.51744e-05 0.0162651 7.27174e-10 0.282083 0.000313217 0.0585703 0.000750002 0.000200239 0.00114357 0.0245007 0.0228024 0.0107726 5.27221e-10 
1.4864e-06 0.0304412 4.86704e-06 2.23278e-06 0.000258739 0.000982954 0.00117886 1.82592e-06 0.00313582 0.00171886 0.000705856 7.92424e-06 0.00263827 7.98156e-06 3.7046e-06 1.37765e-05 1.11938e-05 5.24251e-06 0.000862978 1.45087e-05 0.000378585 0.000270833 9.83927e-05 0.00127696 0.000597263 0.0010974 0.936351 0.0176789 0.000242017 1.05192e-05 
9.78108e-08 0.000829516 0.000242426 1.55516e-06 0.0002277 0.0590605 0.0241981 0.118019 0.143197 0.00948739 0.0144154 5.76312e-06 0.0103978 0.00279541 0.000836373 9.40497e-05 4.35271e-06 0.000392644 0.0946246 0.286881 0.00114873 0.00424578 0.112905 0.00890132 0.00202334 0.00164022 0.0157045 0.0876558 6.45572e-05 6.92205e-07 
7.15889e-10 4.95077e-06 2.34409e-09 1.77103e-06 1.22183e-09 0.00019814 0.00199742 2.80712e-06 3.26285e-06 2.62437e-09 0.0115393 0.00458078 0.238981 3.84412e-09 5.71141e-07 1.62246e-06 5.39123e-09 0.0102666 0.00764919 3.99227e-06 3.32108e-06 0.164058 2.19034e-09 0.53995 2.95336e-09 0.00360015 1.16358e-05 0.0171235 2.04467e-07 2.0937e-05 
4.77431e-11 1.41975e-06 0.000237827 7.17168e-11 0.772515 0.000940566 0.00363274 0.000136747 8.09305e-08 0.00128427 0.000269685 1.64531e-05 0.000284677 9.61304e-05 0.000268155 1.86693e-09 3.59545e-10 1.64744e-06 0.0162144 4.66019e-10 0.0150123 0.00250042 0.00581686 0.000945498 8.61235e-06 0.000434684 0.0042985 0.117028 0.0580556 3.623e-08 
1.5934e-10 0.0238117 2.22312e-07 0.000106438 2.38433e-06 0.0516701 0.0482146 0.0467295 4.43228e-10 1.15372e-06 0.0590879 0.000280661 0.0058329 8.49533e-07 0.0151033 1.47683e-09 1.31844e-06 1.2747e-06 0.000908922 0.0980354 0.0103733 0.404204 0.000616041 0.148658 0.00161592 0.00757605 0.0022608 0.0354512 0.0394493 7.34809e-06 
2.61673e-08 0.00428203 1.06018e-05 0.000146466 0.0338199 0.126835 0.00182261 0.0606787 0.00135927 0.00243494 0.318383 0.00011961 0.00998794 0.000265267 0.000286242 0.0532528 2.75297e-05 0.144604 0.055908 0.00135691 0.017345 0.00258394 0.0185432 0.0319385 0.00116625 0.0173758 0.0436761 0.0193209 0.0324686 5.15075e-08 
2.99873e-10 1.86598e-06 9.81897e-10 4.50451e-10 0.007286 0.0433743 3.68732e-06 3.7686e-06 1.29514e-06 7.03283e-07 0.152148 1.70127e-06 0.00147747 4.78794e-08 2.40602e-06 2.77933e-09 2.25829e-09 1.79413e-06 4.29918e-10 0.0100262 7.69406e-06 0.723282 1.6882e-06 0.00763519 0.0161266 0.00049852 1.83316e-06 1.90445e-06 0.0381128 2.80721e-06 
3.54983e-11 1.47799e-06 1.16235e-10 8.53706e-08 6.05862e-11 0.234592 4.60716e-06 0.0240329 2.16644e-05 1.13229e-06 1.24928e-06 1.89247e-10 5.75664e-06 0.000611575 8.40585e-07 0.000182174 2.67331e-10 1.25202e-10 0.112605 3.46498e-10 0.368411 7.95251e-11 0.0623263 1.81989e-06 1.46446e-10 2.61007e-06 1.00009e-05 0.0267918 0.170395 2.51221e-10 
1.30982e-10 1.61069e-07 9.03121e-05 2.44782e-07 7.77391e-07 0.0222259 1.76248e-07 0.0261473 3.09956e-06 0.0116765 0.0432938 0.0010234 0.0148418 7.03337e-10 0.00694582 1.21399e-09 9.86402e-10 1.21963e-05 3.20686e-06 0.205878 0.0313851 0.0138625 0.0190585 0.0563268 1.546e-06 3.74721e-10 9.77844e-07 0.0185766 0.528645 9.26958e-10 
4.97856e-07 0.0010054 9.95311e-05 1.53839e-05 0.0102694 0.00892289 0.00474501 0.0961733 0.00181588 4.90306e-05 0.00964951 2.65415e-06 0.0911105 0.000129113 0.00283161 4.61431e-06 1.38206e-05 2.01176e-05 0.508643 0.00245048 2.06255e-05 0.0615775 0.00773139 0.00564337 4.48346e-05 9.48609e-06 2.639e-05 0.147215 0.0397767 3.52332e-06 
1.11447e-06 0.000275184 3.6492e-06 8.74743e-05 8.07214e-06 0.0215507 0.00419161 0.00114178 3.10006e-06 8.36011e-05 0.674163 5.94142e-06 0.000450638 0.000405874 0.000523558 1.03293e-05 8.39289e-06 0.00184609 0.00073463 0.00270958 0.00109452 0.0288141 0.211676 0.0296528 0.00149103 0.00862882 0.00277688 0.00245433 0.0051993 7.8871e-06 
4.87256e-10 8.11456e-10 1.59546e-09 7.31925e-10 6.14209e-06 6.6976e-06 3.23313e-06 0.303367 0.0181244 1.78623e-09 5.70834e-06 4.11778e-06 2.91714e-05 5.29326e-05 1.2144e-09 4.51606e-09 0.561942 1.50656e-05 5.1122e-06 4.75609e-09 0.10082 1.09158e-09 1.27886e-06 9.07758e-07 2.01015e-09 3.72203e-06 0.00643958 0.00916366 8.70605e-06 3.4483e-09 
3.38989e-11 0.126458 0.00276436 2.05974e-05 0.0149776 5.63221e-06 0.12011 0.177696 3.57918e-07 0.00674658 6.33446e-07 0.00154905 0.0315373 2.88844e-05 0.00399853 0.0378705 8.24709e-07 0.00289115 0.00195024 3.30886e-10 0.203343 0.00314815 0.00112932 0.0377455 0.000674379 0.0153973 0.00235434 0.181509 0.0260927 2.39902e-10 
2.29421e-10 0.0001381 3.84239e-05 3.44623e-10 3.91562e-10 0.973818 0.000298218 0.0014791 6.38168e-10 8.41035e-10 0.000162314 1.21545e-05 0.00416739 1.99922e-05 0.00246329 2.12636e-09 1.72773e-09 3.48625e-05 0.000599014 0.000177534 0.000101832 0.00402975 0.000624662 0.00201856 9.53133e-07 6.56342e-10 0.00167809 0.000224299 0.00791028 3.49747e-06 
4.33962e-11 6.01397e-07 5.81277e-07 0.00335524 0.00099565 0.00744212 2.20905e-07 0.0651625 1.20712e-10 0.006491 3.15633e-06 2.31352e-10 0.00991879 3.6082e-06 0.0186498 4.02211e-10 3.26809e-10 0.0110111 0.0300288 7.92331e-07 1.0206e-06 0.216743 0.00190363 0.0607128 0.440914 0.0483568 0.00661679 0.00538974 0.0662979 4.99871e-07 
8.6539e-08 0.000611809 2.43741e-05 1.29994e-07 1.47699e-07 1.05903e-07 7.65866e-05 0.0546649 0.000168616 3.17243e-07 1.03235e-07 4.61353e-07 0.000738632 4.6469e-07 2.15683e-07 8.02075e-07 5.60585e-05 3.05221e-07 0.00108032 8.44705e-07 0.0548874 0.774794 0.0144928 0.0772501 0.00136675 2.77845e-05 1.12925e-07 0.0138298 0.00592501 6.12435e-07 
4.19738e-12 0.000577653 0.00299712 0.000271513 0.612608 3.99527e-07 3.55667e-07 0.0391378 3.17526e-07 0.00090712 9.10502e-07 2.38865e-08 0.0180112 0.0118801 0.00196018 3.89028e-11 6.2387e-08 0.00118904 0.018415 0.00322608 0.00780377 0.170652 1.87301e-07 0.0145139 7.27309e-08 4.99259e-08 0.00365161 0.061528 0.0306677 6.35497e-08 
7.33717e-08 0.101778 5.29397e-05 0.0091139 0.0507554 5.4248e-05 0.0144807 0.187476 2.04094e-07 0.000564523 0.00186273 1.23721e-05 0.000159133 0.000405708 0.00373518 6.80036e-07 5.52549e-07 0.000481565 1.05191e-07 1.11475e-05 0.00627022 0.619913 8.4204e-05 0.00209914 3.02691e-07 2.09906e-07 9.57431e-08 0.000519501 0.000166639 5.1925e-07 
3.84075e-11 0.0632326 0.0037941 1.03364e-05 0.0244915 0.0139192 0.0600561 0.180642 0.000567153 0.012129 0.00873056 0.000774865 0.0613159 0.000168432 0.00319564 0.0192639 6.43912e-07 0.00144658 0.0057401 3.74894e-10 0.129495 0.00157442 0.00354229 0.0188734 0.00260377 0.00786724 0.0317715 0.244711 0.100083 2.71809e-10 
9.67135e-08 1.00462e-05 0.00152227 0.000216283 0.000673424 0.00165353 0.150863 0.0559175 0.000250971 0.0416704 0.000979402 1.0422e-05 0.00219631 0.000188845 0.00017738 4.36213e-06 5.05367e-05 0.0364046 0.000339755 1.18939e-05 5.1853e-06 0.645704 0.00022527 0.0560091 0.000509894 2.56838e-05 0.000579367 0.00367077 0.000119212 9.94657e-06 
1.05547e-10 0.0139018 0.00238403 0.000111202 0.0183621 0.0135536 0.025232 0.0484091 2.93595e-10 6.70457e-05 0.044386 5.62689e-10 0.0932511 0.00736544 1.29295e-06 3.46288e-07 1.80135e-05 2.27061e-06 0.115931 0.00017097 0.0387173 0.11986 0.0133934 0.125611 4.3543e-10 0.000608427 0.0025125 0.212907 0.103242 4.42238e-07 
5.88004e-05 0.00393752 0.000199809 0.00034202 0.0181184 0.0681806 0.0186671 0.407878 0.00248397 0.00558636 0.0568488 0.000182867 0.0130446 0.00081366 0.000382172 0.00137542 0.0232293 0.0172903 0.0106987 0.000974886 0.00956568 0.0595456 0.000634153 0.0503902 0.00892162 0.0415265 0.0352779 0.0749038 0.0682136 0.000728147 
2.00147e-09 0.000857365 6.55357e-09 3.00649e-09 0.00135629 0.0253143 0.000702818 0.0102655 3.79317e-05 4.31159e-05 0.000566081 1.06702e-08 0.00743635 0.000138161 0.0649314 1.85504e-08 1.50727e-08 7.05914e-09 2.84698e-07 1.95363e-08 0.0926726 3.56128e-06 0.0417501 0.00272611 8.92896e-06 5.72592e-09 2.61173e-09 0.0564002 0.694789 1.41644e-08 
2.00513e-08 3.94292e-05 5.83902e-06 3.01198e-08 8.07838e-05 0.00401477 2.04324e-05 9.40621e-05 7.44417e-05 7.35059e-08 0.000112028 1.06896e-07 4.16339e-08 1.0767e-07 0.0672509 1.85843e-07 1.51003e-07 7.07204e-08 0.0367552 1.9572e-07 0.0284132 0.00152318 6.1349e-08 0.000120069 8.27205e-08 0.000140455 1.93912e-05 0.000880663 0.860454 1.41902e-07 
1.03759e-10 6.64511e-06 1.26574e-07 2.15277e-09 0.000113265 0.924435 0.00419325 0.00866081 0.00908684 3.33924e-07 0.0268603 7.16491e-06 0.00201072 1.5522e-05 2.02367e-07 9.61675e-10 0.000296183 3.61396e-07 0.000810344 6.36839e-07 0.00155555 5.73084e-05 0.000390408 0.00214975 1.15416e-07 2.77928e-07 0.0149501 0.000257346 0.00310699 0.00103426 
5.15767e-10 0.000283625 8.93492e-07 7.88705e-05 0.0801519 0.00514984 0.0794916 0.0427307 0.0400684 0.0382352 0.0629787 1.78774e-05 1.07092e-09 5.2648e-05 0.00200169 0.00107263 3.88415e-09 1.49166e-05 0.120173 1.91594e-07 0.0464072 0.00705824 0.00373321 0.0834217 7.45468e-05 0.00178592 0.00402629 0.104369 0.276622 1.11765e-07 
5.02903e-11 1.56015e-05 1.22197e-06 2.37237e-06 1.51826e-07 2.35453e-05 1.67473e-05 0.858015 0.00188155 1.84359e-10 0.0498469 7.70221e-08 3.85823e-05 0.000107479 1.2534e-10 4.66109e-10 1.92579e-07 0.00194128 0.00379447 1.25005e-07 0.06557 0.000282119 2.20756e-07 0.00305731 7.36333e-07 8.5357e-06 0.00455147 0.00696457 0.00387919 8.20605e-09 
5.43452e-09 0.00589666 0.0406966 4.63806e-05 0.0146615 0.00764328 0.0104453 0.190203 0.00145626 0.00175641 0.0161474 1.56023e-05 0.0502926 0.00230585 0.0476551 0.000186755 4.09264e-08 0.00415662 0.00895502 0.00372988 0.0150765 0.191714 1.64028e-06 0.194856 3.7743e-05 0.0072756 0.0764834 0.069918 0.0383872 3.846e-08 
4.69692e-13 0.000160687 3.69262e-09 2.25148e-05 0.00109148 5.74791e-13 1.10298e-08 0.00130997 0.00037319 3.67451e-05 0.00102304 2.504e-12 9.75254e-13 3.93474e-08 0.000102116 4.35328e-12 3.53716e-12 0.000141735 0.0117637 1.65093e-08 0.00105744 0.000209507 8.48018e-09 0.914697 1.93769e-12 1.93598e-05 0.00050134 0.0671457 0.000343706 8.01417e-07 
1.9262e-08 0.01581 0.00401771 0.000536365 0.00782031 0.00223162 0.117691 0.0601079 5.35801e-08 0.000724424 0.00521692 1.18829e-05 2.03435e-06 0.000163565 0.0110669 1.78528e-07 1.45059e-07 0.00562542 3.84887e-05 0.065452 9.58387e-06 0.148949 0.000317671 0.500101 9.45539e-05 0.00381848 0.0406384 0.00929784 0.000243947 1.24571e-05 
1.28893e-06 0.00102323 0.000152202 7.5508e-05 0.0116214 0.136928 0.00575839 0.283411 0.0438774 0.000312154 0.0371814 5.34062e-05 0.00549957 0.00265308 0.00115458 0.0020609 3.43182e-06 0.0078209 0.00390631 0.00142893 5.94995e-06 0.0654085 0.0336382 0.156109 0.000685221 0.00366505 0.026102 0.0356235 0.133668 0.00017128 
1.46647e-09 0.0010604 5.61269e-05 2.20285e-09 0.000118733 0.378366 0.0496281 0.0161732 0.00633737 7.18418e-05 1.25459e-05 0.000487604 0.00329219 3.06629e-07 0.00149024 1.35918e-08 1.10437e-08 7.40155e-07 0.16593 0.000311102 0.259309 0.00119788 0.00148807 0.00247121 1.16917e-06 8.8038e-05 0.00170394 0.0613802 0.0490232 1.03782e-08 
5.89873e-10 0.000805055 0.000132196 4.84976e-07 3.82458e-05 0.00957257 0.0425971 0.376667 0.0363869 0.00856053 0.0330922 2.56822e-05 0.0179411 2.46168e-05 0.0342535 1.82358e-06 0.00010929 0.00123663 0.0201801 1.08103e-05 0.0420674 0.0990656 0.00236963 0.245463 1.95574e-07 0.007723 0.000662067 0.0195122 0.00149839 3.1773e-06 
4.41626e-08 0.00117863 1.44605e-07 6.63383e-08 0.000109057 0.00605961 0.0262738 0.0163353 2.72485e-05 1.61895e-07 4.93769e-05 2.35438e-07 0.0342776 8.01749e-06 0.17591 4.09315e-07 3.32581e-07 0.000971747 0.00155509 0.00130374 0.000103858 0.71925 1.3512e-07 5.1233e-06 0.00116141 1.05928e-05 6.46754e-05 0.00211735 0.0132262 3.12538e-07 
2.77587e-11 3.60857e-05 0.00725722 4.16974e-11 6.72795e-07 8.18713e-07 6.79355e-06 0.00354531 7.72147e-11 1.25176e-06 2.12928e-06 4.11416e-06 5.76373e-11 1.49056e-10 6.91836e-11 2.57278e-10 6.27348e-07 9.79042e-11 3.97967e-11 2.70952e-10 1.07832e-07 0.00409534 8.49306e-11 0.0575493 0.926366 0.00101716 3.62224e-11 9.86965e-08 0.000114606 2.59331e-06 
3.67274e-09 6.11643e-09 1.03175e-05 5.30813e-07 6.26839e-09 2.69132e-07 1.4807e-05 0.0494688 2.15834e-05 1.34639e-08 5.85639e-05 6.93675e-06 2.47035e-05 1.97216e-08 0.00704624 3.40403e-08 2.76587e-08 1.22162e-05 5.26549e-09 0.00464911 2.65306e-05 0.696782 5.26276e-05 0.229435 1.51517e-08 1.05072e-08 0.000490725 6.58585e-05 0.0118326 2.59919e-08 
1.28651e-10 0.00120663 0.00778544 1.11142e-07 2.61785e-05 0.00225486 0.0880368 0.0100187 3.57862e-10 0.00454725 0.00533879 6.8586e-10 3.07957e-06 3.371e-07 0.783022 1.19239e-09 4.64218e-05 3.27536e-06 0.00179388 1.25576e-09 0.0658135 0.00973855 5.29391e-07 0.000382762 0.0119694 7.62568e-07 4.57765e-08 0.00633977 0.00167113 7.0916e-08 
1.13343e-09 5.77889e-06 7.57611e-06 0.00214127 1.93447e-09 1.52175e-07 3.10403e-05 8.17493e-06 3.15281e-09 0.00285475 1.35211e-09 6.04251e-09 5.79283e-06 0.000543249 0.0302834 1.05051e-08 8.53569e-09 3.9976e-09 6.53517e-06 5.69546e-06 0.0277774 0.747864 0.176307 6.92811e-06 1.52965e-06 3.24259e-09 9.72904e-06 0.00983339 0.00230656 8.02129e-09 
8.96214e-11 0.00506195 6.05405e-07 0.000409951 0.000220441 0.00807331 0.000349246 0.0062416 0.00140461 0.00036911 1.06912e-10 1.64679e-07 5.55877e-06 4.81241e-10 2.23365e-10 8.30644e-10 3.6793e-07 0.00395358 0.00204425 8.74792e-10 0.000385525 0.932973 2.74206e-10 0.00246674 4.89477e-05 0.00762022 0.000350765 0.0280186 1.08115e-06 6.34249e-10 
5.54947e-08 0.0110095 2.1485e-06 5.56793e-07 1.68284e-07 0.00332083 0.00399825 0.0247772 0.0519417 2.11978e-06 0.0123609 1.63858e-06 0.00723643 1.9218e-07 1.33361e-05 2.40393e-07 2.00776e-06 0.0118637 0.0187641 1.52167e-06 0.0313159 3.81688e-05 0.0203193 0.0115131 2.51907e-07 0.0071947 0.13609 0.0838328 0.564398 1.82873e-06 
3.27609e-10 0.0726395 1.07272e-09 2.95761e-07 6.37478e-06 1.61172e-05 2.65663e-05 0.710866 9.11291e-10 1.57341e-05 3.90815e-10 1.79911e-05 7.55136e-06 1.75917e-09 0.0477326 2.7358e-06 3.94993e-06 7.78801e-05 4.69683e-10 3.19779e-09 4.46976e-06 0.0607429 1.00236e-09 0.0145178 2.43412e-06 9.37243e-10 4.27499e-10 1.47909e-05 0.0933041 2.31848e-09 
2.88581e-10 1.28322e-05 9.44923e-10 4.33922e-07 1.77361e-06 0.177201 6.68075e-06 0.457299 3.77363e-06 1.89376e-05 3.44257e-10 1.53847e-09 5.99201e-10 1.5496e-09 6.83349e-06 2.70143e-07 1.2607e-05 1.01782e-09 0.097422 1.29602e-05 0.067672 0.115727 8.82945e-10 6.34557e-06 6.41709e-05 7.1834e-06 0.00580216 0.0289087 0.0498133 2.04228e-09 
1.92499e-11 7.89658e-07 6.50829e-08 1.11064e-07 0.00810207 0.777948 0.000773971 0.00247971 0.00635079 7.0568e-11 0.00671126 1.02624e-10 6.91011e-07 1.60521e-06 0.000385753 1.91305e-07 2.57973e-07 0.000305673 0.0200514 0.000138373 0.0666499 0.000189267 0.000262774 0.00876784 2.91668e-07 0.00343875 0.0503421 0.00069674 0.0464014 1.05572e-08 
8.68022e-08 0.0195867 0.0002463 2.98825e-05 0.00109002 0.000522438 0.00340716 0.118651 0.344954 0.000177953 0.00980673 7.8361e-05 0.00128186 0.0446945 0.00235609 6.31766e-06 1.28245e-05 0.000153625 0.00380223 0.00349638 0.0118207 0.00870328 0.00491863 0.337899 2.89335e-05 0.000657857 0.0492402 0.014392 0.0179186 6.58845e-05 
1.92599e-11 0.00348828 0.000833805 0.000611171 0.000124076 0.119312 0.0298653 0.0144531 5.35742e-11 0.00173405 0.0486222 9.09854e-05 0.404791 0.00012749 0.255643 0.00586573 1.45043e-10 0.00593742 0.00477901 0.00753027 0.00677122 0.0269431 0.00150244 0.00227451 0.00324549 5.50999e-11 0.0140605 0.0270995 0.0142946 1.36302e-10 
3.97226e-09 0.0177353 1.30067e-08 6.49938e-06 1.45735e-05 0.0430567 0.0434302 0.63482 1.71888e-05 1.05791e-05 4.73863e-09 0.000104823 0.0149344 2.13299e-08 5.10788e-05 3.2997e-05 2.99143e-08 0.0943114 5.6949e-09 3.01776e-05 1.10731e-05 0.0793034 1.21535e-08 2.65655e-05 0.069791 1.13641e-08 5.18341e-09 0.00229853 1.36665e-05 2.81116e-08 
2.82077e-10 4.6976e-10 9.23628e-10 1.56818e-06 1.94503e-05 3.08263e-05 5.08535e-06 3.46508e-10 7.84638e-10 1.03407e-09 0.99957 1.5038e-09 0.000190235 1.51468e-09 7.03028e-10 2.6144e-09 2.14551e-07 9.9488e-10 4.81283e-06 1.51462e-05 1.64045e-05 2.40195e-06 8.63046e-10 1.46571e-05 1.1637e-09 6.05318e-06 8.94483e-06 8.24772e-05 3.21799e-05 1.99626e-09 
4.33962e-11 6.01397e-07 5.81277e-07 0.00335524 0.00099565 0.00744212 2.20905e-07 0.0651625 1.20712e-10 0.006491 3.15633e-06 2.31352e-10 0.00991879 3.6082e-06 0.0186498 4.02211e-10 3.26809e-10 0.0110111 0.0300288 7.92331e-07 1.0206e-06 0.216743 0.00190363 0.0607128 0.440914 0.0483568 0.00661679 0.00538974 0.0662979 4.99871e-07 
1.16594e-06 0.000777484 8.97156e-05 1.0762e-05 0.000601177 0.870455 0.00176067 0.0017469 5.38341e-05 1.94666e-05 0.00562444 2.94358e-05 0.00508746 4.45692e-05 0.000636273 1.63634e-06 1.32957e-06 0.0213636 0.000297407 0.00379111 0.072434 3.27711e-05 0.00042785 0.000490166 1.39215e-05 3.91261e-05 0.000874874 0.00126348 0.0119295 0.000100417 
1.07557e-08 0.0077205 0.00239142 2.25112e-06 5.72324e-05 0.00668046 0.0156991 0.266946 1.27611e-05 0.000713735 0.000759668 2.74588e-05 2.82753e-05 3.5926e-05 0.000127046 9.9688e-08 8.09994e-08 4.32911e-05 0.0114675 1.04986e-07 4.72495e-06 0.675642 0.000289507 0.00263162 4.43722e-08 3.47213e-05 5.58637e-05 0.00159082 0.00702953 9.01027e-06 
1.29538e-07 0.0743614 0.00241812 1.94584e-07 0.71011 0.00337671 0.0228873 0.0392569 3.60329e-07 0.00707609 0.00312167 0.00766621 0.000323031 0.00535667 0.0406795 1.20061e-06 9.75529e-07 0.00123403 0.0113474 1.26442e-06 0.0140864 0.000812848 3.96336e-07 0.0134019 0.00422233 0.00355802 0.00934779 0.00571794 0.0191738 0.000459286 
3.02719e-08 0.00127848 9.91215e-08 0.000119048 5.16661e-08 0.00307119 0.124168 0.468429 8.42055e-08 0.000112725 0.0102447 1.61384e-07 0.00338403 0.0249176 0.00170225 2.80571e-07 1.52754e-06 0.0167839 0.0178907 0.00733351 9.75646e-06 0.282763 0.000119716 0.00837086 1.24885e-07 0.0238869 4.76835e-06 0.00522522 0.000172101 9.74003e-06 
5.06779e-11 0.537597 0.0543756 7.87252e-08 4.24703e-07 0.00147736 0.137461 0.116965 7.80364e-07 0.000704399 0.00157924 0.000262099 0.000505008 1.09139e-06 0.0894672 0.000116439 1.15304e-06 0.000481091 6.13096e-07 1.54192e-06 0.00835074 0.00527048 3.43431e-07 0.0326792 0.00420012 1.29118e-06 0.000865195 0.00621964 0.00141562 3.61424e-07 
7.85411e-11 2.64198e-06 2.57173e-10 0.000350217 4.61614e-06 0.0626307 0.0454202 0.327639 2.18473e-10 0.0033214 0.00847738 4.18715e-10 0.000962776 0.0566177 0.00306066 7.27948e-10 2.40481e-07 0.00424147 0.0457225 7.47001e-07 5.60028e-07 0.0779446 1.32631e-06 0.103292 1.89436e-07 0.00600596 0.0124832 0.225868 0.0159509 6.3177e-07 
1.04945e-06 1.74772e-06 3.43631e-06 1.57643e-06 0.000786411 0.000427296 0.000416949 0.000566017 1.63683e-05 0.00057989 0.00226222 5.5948e-06 0.952578 0.00027824 0.00172127 0.000211381 7.90325e-06 3.7014e-06 1.50457e-06 1.02437e-05 0.000147893 0.000511435 3.21092e-06 1.21447e-06 4.32947e-06 3.00234e-06 1.36944e-06 0.039197 0.000242331 7.42697e-06 
5.28122e-09 0.00943157 1.12336e-05 3.71272e-06 9.01365e-09 0.0889468 0.0336744 0.0335371 1.78937e-05 0.0866004 0.000358318 2.8155e-08 0.0255431 3.48401e-05 0.0489622 1.47201e-06 7.63699e-05 0.0010776 7.57152e-09 0.0610413 0.00967354 0.471728 1.61585e-08 0.126352 2.0419e-05 0.000645853 4.48466e-05 0.00217147 4.49828e-05 3.73751e-08 
8.8233e-09 1.4694e-08 3.27272e-06 1.32538e-08 4.51996e-06 0.000127534 0.101666 0.0551492 0.0486686 2.86683e-06 1.38751e-05 4.70384e-08 0.077495 0.000256958 0.00202312 5.23261e-06 9.16466e-06 2.75819e-06 0.00198523 7.73777e-05 0.109469 0.308745 0.000800821 0.162953 0.0585835 2.52422e-08 0.000332937 0.0714115 0.00021261 6.24423e-08 
3.13871e-08 0.00228779 3.85534e-05 6.66031e-05 1.75469e-05 0.00836036 0.0115922 0.0211654 1.22018e-06 0.00354297 0.00520842 1.6733e-07 0.0261037 0.00513013 0.0073559 2.90908e-07 2.36371e-07 2.15999e-05 0.00272203 0.0159981 0.00287022 0.833639 0.00126502 0.0355244 0.000522555 0.00800615 0.00144648 0.00425836 0.00284976 4.57803e-06 
1.50636e-08 4.41119e-05 0.000188537 2.26276e-08 2.57095e-08 0.013025 0.0275938 0.636768 0.0346862 0.00065437 0.0095005 1.20474e-05 0.0099284 1.73294e-05 0.0512201 1.39615e-07 1.13441e-07 0.00017003 0.00673793 1.22821e-06 4.74443e-05 0.00385859 0.0237259 2.215e-05 6.21439e-08 0.00748188 0.0381694 0.12274 0.0133975 9.63822e-06 
6.13081e-07 1.021e-06 2.00746e-06 7.14575e-05 0.000463213 6.89157e-05 0.00056852 0.00881015 0.000841141 2.24749e-06 7.31363e-07 3.26843e-06 0.0031932 3.29207e-06 1.58162e-05 5.68226e-06 6.36727e-06 8.95349e-05 2.87819e-06 5.98426e-06 0.000212538 0.00152835 0.980483 0.00155009 2.52923e-06 4.89621e-05 0.00102071 4.02052e-05 0.000953641 4.33876e-06 
3.00023e-11 0.00122093 0.00206132 7.36945e-05 0.000112871 0.554483 0.00224547 0.00373845 0.00528425 4.74899e-07 0.0257416 1.09151e-07 0.0543747 0.000324128 0.0021077 7.46469e-07 1.05998e-07 0.000515316 0.00223908 0.000717422 0.00249021 4.52299e-05 0.00513095 0.00155371 1.23773e-10 0.00539166 0.013695 0.0615379 0.254913 8.56243e-08 
9.33357e-08 6.4666e-05 5.16868e-05 0.00290078 0.00182521 0.0657507 0.000445876 0.0139445 0.00482954 0.00772435 0.00500063 6.42466e-05 0.056062 0.000445848 0.00261844 4.47019e-05 3.27054e-07 0.00151418 0.0127848 0.0681139 0.00491929 0.0952407 0.00346139 0.0213927 0.000523074 0.000919174 0.00140122 0.0505997 0.0137316 0.563625 
6.11071e-10 0.0808252 6.81298e-06 9.17913e-10 7.32155e-07 1.72319e-06 0.240216 4.22757e-06 9.45673e-07 0.146818 3.0287e-05 3.25771e-09 1.14928e-07 3.28128e-09 0.00675304 5.66363e-09 9.89151e-07 5.02501e-07 0.351398 0.0108703 0.101971 0.000153621 5.97639e-06 0.00471948 0.0365797 1.74819e-09 0.0196389 2.01101e-06 3.11005e-06 4.32454e-09 
4.33962e-11 6.01397e-07 5.81277e-07 0.00335524 0.00099565 0.00744212 2.20905e-07 0.0651625 1.20712e-10 0.006491 3.15633e-06 2.31352e-10 0.00991879 3.6082e-06 0.0186498 4.02211e-10 3.26809e-10 0.0110111 0.0300288 7.92331e-07 1.0206e-06 0.216743 0.00190363 0.0607128 0.440914 0.0483568 0.00661679 0.00538974 0.0662979 4.99871e-07 
5.2158e-09 0.0291529 0.00132444 7.83486e-09 0.000225279 0.0202907 0.013759 0.00535298 1.45085e-08 0.00160493 0.0640271 9.79381e-06 0.14918 3.2691e-05 0.01522 4.8342e-08 3.92793e-08 1.02069e-05 1.18428e-05 2.63033e-05 0.00022471 0.599721 0.0182825 0.014114 0.00975144 1.49217e-08 0.0410901 0.016464 0.000123755 3.69121e-08 
5.59082e-10 0.000727536 0.00467878 3.11337e-07 1.67193e-05 0.0382142 0.0528386 0.00602036 1.55517e-09 0.00273532 0.00321418 2.98055e-09 0.0498634 9.4447e-07 0.627035 5.18178e-09 3.48869e-05 9.16704e-06 0.00107859 5.45719e-09 0.0395005 0.106983 1.09102e-06 0.000231315 0.0260979 2.13467e-06 1.28369e-07 0.0396323 0.00100501 7.88613e-05 
2.91653e-09 0.0230921 9.54983e-09 5.56824e-06 1.2635e-05 0.0451644 4.18716e-06 0.000182628 0.0251519 1.5678e-05 0.00143938 1.55485e-08 0.00591482 0.000928774 4.0137e-06 2.70315e-08 2.19639e-08 0.00859476 4.52426e-05 2.84682e-08 0.140268 8.68146e-05 0.0228473 0.63846 1.2032e-08 0.0327842 0.0548464 0.000103184 3.2465e-05 1.61295e-05 
1.65618e-12 0.000290406 0.000332425 2.14372e-06 0.000583222 0.0542538 0.00183359 0.000293376 0.0135902 0.00509537 0.120955 6.33491e-06 0.0332472 0.000241994 0.0144069 0.302676 1.15129e-05 0.000123601 2.37441e-12 1.61659e-11 0.00047921 2.4801e-05 0.00669392 0.0172232 6.83248e-12 0.00102912 0.134634 0.258438 0.0335359 1.17207e-11 
1.07944e-07 0.0108041 3.53451e-07 0.000324456 0.00296634 0.0131703 0.0129397 0.00251954 0.00159169 3.95713e-07 1.2877e-07 0.000403403 2.26375e-05 5.79631e-07 0.00734487 1.00047e-06 8.1291e-07 0.00734822 1.54756e-07 0.0126448 0.00418154 0.886626 0.0210384 0.00438475 0.00102468 0.00330461 0.00221161 0.00211699 0.00302752 7.6392e-07 
3.5371e-08 4.33137e-05 9.11653e-05 5.10219e-06 0.000135135 0.00120414 7.27946e-05 0.000426082 7.65969e-05 1.29666e-07 4.21951e-08 0.000185898 0.000399157 0.945183 0.000349651 0.00709194 2.66372e-07 6.04776e-05 6.79538e-05 3.45255e-07 0.00147278 0.0410259 0.000177743 0.000162704 0.000157721 0.000315681 7.66037e-05 0.000643274 0.000573706 2.5032e-07 
2.59117e-08 0.00485357 0.00040072 0.000538932 0.00375169 0.076991 0.150113 0.0381058 0.000262466 0.00626529 0.0100783 0.000835198 0.0305165 0.000153888 0.0012579 0.000468556 0.000824652 0.00141985 0.591543 2.52923e-07 0.000694377 0.0186908 0.00534007 0.0298956 0.00221664 0.000539805 0.0111969 0.00721491 0.00583048 1.83376e-07 
2.88096e-08 4.79783e-08 9.43333e-08 0.000225078 0.00435162 0.00121637 0.000498303 0.00183678 8.01378e-08 0.000243015 0.000900469 1.53588e-07 0.000568344 0.00140791 0.000316005 2.67018e-07 2.1696e-07 0.000630089 0.00229238 2.81209e-07 0.000527902 0.00334328 8.81459e-08 0.00499098 0.000178398 0.000560537 0.0015489 0.973198 0.00116458 2.03885e-07 
3.13103e-10 7.08471e-06 1.78811e-06 4.70324e-10 5.34384e-10 0.355567 3.81238e-06 0.0318159 0.039779 5.5915e-06 0.0801213 1.6692e-09 0.0058556 7.41456e-06 0.0605053 2.90195e-09 2.35792e-09 0.00129949 0.0737251 6.58385e-06 4.54006e-06 0.095341 1.03148e-05 0.00772699 6.8553e-06 1.05713e-06 0.0179391 0.000407834 0.229861 2.21582e-09 
3.59022e-08 2.71988e-07 1.17557e-07 9.68626e-07 9.33668e-07 0.0234204 0.00050434 0.0110304 0.000395251 1.31613e-07 0.000573964 1.914e-07 0.00933017 2.73414e-05 0.00531698 2.39254e-06 0.000838852 4.67282e-06 5.11962e-05 0.758821 5.84838e-06 0.0114646 0.001141 0.0104282 1.1933e-06 1.02711e-07 0.0177192 0.00327896 0.145638 3.02841e-06 
2.02412e-08 7.44296e-05 1.16154e-05 9.94106e-07 9.53677e-07 0.0158885 0.000306856 0.00192045 5.63037e-08 0.000214581 2.41463e-08 1.07909e-07 1.20884e-06 3.30637e-06 0.000103927 2.35774e-06 1.52433e-07 4.86114e-06 2.37395e-05 0.954626 7.4321e-06 0.000118389 0.0117566 0.000276543 1.18469e-06 5.79071e-08 0.00190392 2.15117e-06 0.0127492 1.43246e-07 
1.05627e-10 0.000200639 2.48912e-07 1.58666e-10 0.00188015 0.935384 0.000546275 0.00355667 2.93816e-10 1.08475e-07 1.26005e-10 1.27931e-05 1.14628e-05 5.67185e-10 0.000140626 9.78987e-10 7.95456e-10 3.72543e-10 1.51434e-10 1.03102e-09 0.00293518 2.36631e-10 0.0524803 0.000288245 2.41579e-07 7.55531e-08 0.00152176 2.82106e-07 0.0010414 7.47518e-10 
4.33107e-08 0.000143249 1.41815e-07 2.68538e-06 0.000907976 0.0536495 0.004982 0.122175 1.20475e-07 1.58772e-07 5.34289e-05 3.00484e-05 0.00289931 0.671409 0.000144821 4.01419e-07 3.26165e-07 9.48407e-05 0.000156546 6.36657e-05 5.39438e-07 0.110459 0.00410791 4.38845e-05 1.78676e-07 1.23906e-07 0.0285632 4.96351e-05 6.22237e-05 3.06509e-07 
2.09522e-08 0.00132067 7.91805e-05 0.000123686 0.0016482 0.00437021 0.0200567 0.672322 1.58258e-05 0.00738354 0.0066855 0.000259632 0.00287114 1.12508e-07 0.00679981 1.94193e-07 1.57788e-07 0.0117833 0.0578411 0.000182264 0.00242099 0.0755219 0.00763518 0.0926852 0.000397658 0.00200095 4.46705e-05 0.00283487 0.0226078 0.000107244 
2.47654e-06 7.85218e-05 0.000824645 6.897e-06 0.0300056 0.00143672 0.0146693 0.0785371 1.55899e-05 0.000297569 0.00183325 2.50232e-06 0.000786382 3.56908e-05 1.01416e-05 3.60659e-05 0.000101803 7.0506e-06 0.0825583 4.80484e-06 0.000504082 0.535103 2.46897e-05 0.0395334 0.000727809 0.00133405 0.00539609 0.185808 0.0197892 0.000528953 
5.92583e-08 0.00556593 0.000404146 8.90142e-08 0.000884743 0.00306903 0.0659244 0.125414 1.64835e-07 0.00617865 0.000185183 0.00021587 0.0723007 0.00151384 0.00710266 5.49228e-07 0.000637625 2.09003e-07 8.49568e-08 3.53145e-05 0.0215596 0.518367 0.00110674 0.034571 0.000216012 1.6953e-07 5.87005e-05 0.128851 0.00583711 4.1937e-07 
4.19738e-12 0.000577653 0.00299712 0.000271513 0.612608 3.99527e-07 3.55667e-07 0.0391378 3.17526e-07 0.00090712 9.10502e-07 2.38865e-08 0.0180112 0.0118801 0.00196018 3.89028e-11 6.2387e-08 0.00118904 0.018415 0.00322608 0.00780377 0.170652 1.87301e-07 0.0145139 7.27309e-08 4.99259e-08 0.00365161 0.061528 0.0306677 6.35497e-08 
4.73281e-06 0.00435415 0.00077995 0.000116558 0.0227233 0.0142652 0.0290581 0.287285 0.00833588 0.00632565 0.131416 5.0964e-05 0.00407246 0.0021705 0.00109418 1.20893e-05 0.000343802 0.0457118 0.00465855 9.01423e-06 0.0486828 0.0326745 0.00181677 0.0662151 0.00520854 0.210964 0.0427438 0.0143206 0.0143383 0.000247329 
1.10708e-09 1.78748e-05 1.14412e-05 1.17124e-05 7.34429e-05 1.66043e-05 0.0718631 4.98753e-05 3.07949e-09 2.15314e-05 0.239579 5.902e-09 0.0869355 3.04514e-05 9.7102e-07 1.02608e-08 0.000307099 0.00527528 1.58718e-09 1.08062e-08 3.15299e-06 0.074235 0.160868 0.194386 9.98984e-06 5.72097e-05 0.0948009 0.0714399 5.89493e-06 7.83477e-09 
6.62726e-06 0.0011386 0.000447743 0.576805 0.000270871 0.032521 0.0109774 0.021336 0.0059529 0.000835497 0.0260919 0.000416102 0.0545497 0.000406482 0.00307444 9.40002e-06 0.000179213 0.0854971 0.00802464 0.00233251 0.0293438 0.0493663 0.00113722 0.0308354 0.000823573 0.00259384 0.00592023 0.0392741 0.00981063 2.2131e-05 
7.1511e-12 0.00155316 9.76825e-08 0.00013 0.0291523 0.0115199 7.09069e-05 0.0524347 1.98918e-11 0.000391451 0.176827 3.81236e-11 0.00468804 0.00117154 0.00558256 6.6279e-11 5.38537e-11 0.00113372 0.00848486 6.52185e-07 0.00654509 0.0822187 2.18796e-11 0.235475 6.48829e-08 0.00619146 0.00204511 0.361151 0.0132319 1.4358e-07 
3.49078e-12 2.71867e-08 1.14301e-11 8.36512e-10 5.95784e-12 0.000108237 2.80801e-06 0.00703369 7.96339e-08 1.27968e-11 0.299275 1.86099e-11 1.27452e-06 7.60077e-06 8.70015e-12 3.23538e-11 7.65951e-08 1.23119e-11 0.0217946 3.40734e-11 0.0083746 4.20368e-09 1.06804e-11 0.0727574 2.6506e-08 9.98661e-12 2.47938e-08 0.563921 0.0267231 2.47042e-11 
5.21275e-08 0.000237905 0.000313858 4.24722e-05 0.00711136 0.0107611 0.0323072 0.0373763 0.0427009 0.00155673 0.0446601 2.0645e-05 0.102362 0.000720875 0.000853067 3.37476e-07 0.00638878 0.000137663 0.0547499 0.00125471 0.0469293 0.0914156 0.00130813 0.340391 0.000509243 0.00178117 0.0750707 0.0735041 0.0255347 8.79339e-08 
2.05034e-10 0.000360336 1.56511e-07 5.29654e-07 0.000907163 0.0181473 0.000475153 0.00336705 8.14044e-07 1.67362e-07 0.0343376 6.2084e-05 0.707054 1.38501e-05 0.00188233 1.90033e-09 7.38705e-06 0.0062739 0.00055594 0.0096114 0.00203955 0.110646 1.06109e-06 0.0116903 9.0474e-05 0.0819836 0.000616802 0.00813016 0.00172711 1.76209e-05 
4.11752e-08 6.85715e-08 5.49546e-06 4.25509e-06 2.88082e-05 0.00469137 2.74061e-05 0.0282928 0.181775 5.32825e-05 7.36435e-05 2.19511e-07 0.00160912 2.29491e-05 8.3782e-05 8.89372e-06 1.53455e-05 0.000229859 0.000906765 4.0191e-07 0.000412703 0.735332 6.14561e-05 0.0184133 1.03758e-05 0.000843367 0.00719851 0.0194262 0.000470079 2.12911e-06 
3.02695e-10 0.000542093 2.97877e-07 8.605e-05 0.00131073 0.0308308 0.0653156 0.38851 5.58358e-07 3.44275e-06 1.49253e-05 0.00175791 0.0047945 1.04583e-06 0.0221203 2.80549e-09 3.79623e-07 0.0016013 0.00308196 0.000177127 4.5706e-06 0.290454 0.0746121 0.00043098 6.65049e-06 1.87804e-06 0.00313599 0.0170607 0.0941427 1.08935e-06 
2.08057e-08 0.00474538 0.00103994 3.12531e-08 3.55098e-08 0.0312698 0.00736109 0.0818446 0.000789282 0.000495309 0.0018617 2.80374e-05 5.9061e-05 1.11721e-07 0.0034324 1.92835e-07 1.56684e-07 0.000198705 0.000194518 2.03084e-07 0.000103267 0.751173 6.28645e-05 0.0123865 8.58328e-08 8.59951e-05 2.71494e-08 0.0111232 0.0917414 3.17349e-06 
1.48549e-09 0.000881508 6.46259e-06 0.000127414 1.13213e-05 0.0180678 0.00232409 0.53584 4.13209e-09 0.000311037 0.0219997 7.91937e-09 7.38746e-06 7.97665e-09 6.50163e-06 1.3768e-08 8.754e-06 1.3361e-06 4.39317e-06 4.5476e-05 0.00650961 0.239409 4.54501e-09 0.156618 4.28754e-06 9.85268e-06 1.11496e-05 0.0159757 0.00181894 1.05128e-08 
8.23472e-10 0.0314062 2.69636e-09 1.23697e-09 5.06541e-07 0.00678249 0.0429275 0.707409 1.78051e-05 3.01876e-09 4.98886e-06 4.39006e-09 0.0153203 4.42181e-09 6.75846e-06 7.63224e-09 6.20142e-09 8.09284e-06 7.68709e-05 2.51234e-05 0.0882958 0.096034 2.19331e-05 9.52958e-10 9.51165e-07 2.35583e-09 0.000933568 1.6892e-05 0.0107112 5.8277e-09 
1.53056e-10 0.00506385 9.95102e-07 1.30932e-06 0.032408 0.141102 0.00330467 0.000283112 0.0126613 1.47328e-06 0.00477946 0.000151982 6.42128e-06 2.33281e-06 0.0111079 5.14393e-05 0.14456 5.39827e-10 3.54587e-06 1.49398e-09 0.0812187 0.0146306 0.126742 0.00434518 1.89243e-06 2.55694e-06 0.413693 0.00387579 9.46902e-07 1.08318e-09 
5.02903e-11 1.56015e-05 1.22197e-06 2.37237e-06 1.51826e-07 2.35453e-05 1.67473e-05 0.858015 0.00188155 1.84359e-10 0.0498469 7.70221e-08 3.85823e-05 0.000107479 1.2534e-10 4.66109e-10 1.92579e-07 0.00194128 0.00379447 1.25005e-07 0.06557 0.000282119 2.20756e-07 0.00305731 7.36333e-07 8.5357e-06 0.00455147 0.00696457 0.00387919 8.20605e-09 
1.43891e-11 0.0732534 0.000666549 0.000184034 0.00875181 0.0135998 0.0612158 0.33395 0.0203852 5.27489e-11 0.035966 0.000599471 0.00209062 1.53894e-07 2.49692e-07 1.33363e-10 0.000144056 0.0184331 0.00255288 0.00104931 0.101275 0.1455 0.0468636 0.00448742 0.000873521 0.000883465 0.0181256 0.0210472 0.0881023 2.58092e-07 
1.57554e-07 0.024461 5.15891e-07 0.000572164 2.68903e-07 0.00146457 0.000705665 0.00335212 0.721011 0.000931083 8.24161e-06 0.00923159 0.00129911 8.46019e-07 0.00109409 1.46027e-06 1.18651e-06 0.0543904 2.2588e-07 0.00265611 0.000975103 0.143876 4.82053e-07 0.00233962 0.000786017 0.000135649 2.05593e-07 8.06593e-05 0.0306235 1.11501e-06 
6.89334e-08 0.000483643 3.37493e-05 2.23178e-05 1.17651e-07 0.0561731 0.00492986 0.0120293 0.00041108 0.00817995 8.22328e-08 7.31424e-05 0.00152837 3.70153e-07 0.0239213 6.389e-07 5.19125e-07 2.43126e-07 0.0093707 8.95033e-05 0.00394116 0.0141418 0.793006 9.35474e-05 0.00380222 1.97209e-07 0.000791041 0.00732133 0.0596542 4.8784e-07 
1.08034e-10 0.00140554 1.56732e-06 8.13973e-08 0.00719177 0.0182647 0.142079 0.342123 7.88492e-07 0.00461882 0.0230368 5.75944e-10 0.0271145 3.21271e-06 1.28072e-06 1.00129e-09 0.0428101 3.81032e-10 0.0125701 0.00966906 0.00524895 0.172048 1.26771e-05 0.0965731 0.0200548 1.34631e-06 0.00270619 0.0175154 0.0549493 7.64552e-10 
4.19738e-12 0.000577653 0.00299712 0.000271513 0.612608 3.99527e-07 3.55667e-07 0.0391378 3.17526e-07 0.00090712 9.10502e-07 2.38865e-08 0.0180112 0.0118801 0.00196018 3.89028e-11 6.2387e-08 0.00118904 0.018415 0.00322608 0.00780377 0.170652 1.87301e-07 0.0145139 7.27309e-08 4.99259e-08 0.00365161 0.061528 0.0306677 6.35497e-08 
2.73271e-07 0.000214205 3.63573e-05 0.00373408 0.00055359 0.766226 1.92219e-06 0.000800874 0.00150282 3.41355e-05 0.117323 2.4425e-06 0.0759965 0.000274837 0.00101194 4.12148e-07 6.29669e-05 0.00707865 0.000467846 8.14195e-06 0.0127565 2.74226e-05 0.000491694 0.00231149 2.88055e-06 0.000117794 0.00527263 0.00298405 0.000701961 2.06695e-06 
7.99618e-08 1.33165e-07 2.61825e-07 1.20114e-07 1.36474e-07 0.000486717 0.000792168 5.86372e-05 2.22425e-07 2.20213e-05 0.000425042 4.26289e-07 0.101662 4.29372e-07 0.000160922 7.41115e-07 6.02178e-07 3.12211e-05 1.30309e-05 0.00117328 0.00778094 0.886478 5.69952e-05 1.8475e-05 3.29878e-07 2.28759e-07 1.04342e-07 0.000294544 0.000541655 5.65888e-07 
