4.62022e-05 6.7141e-07 0.000683743 0.00113849 0.00461478 0.000635669 0.000411581 0.0421296 0.0558858 0.000252548 0.000923361 7.2777e-05 0.00141025 0.000103432 0.000475411 7.32763e-08 4.12051e-06 4.0371e-05 0.00523817 2.45678e-07 0.0866747 0.182787 0.00222251 0.538524 0.000261901 0.00188372 0.0433597 0.0256254 0.00451132 8.1699e-05 
1.56119e-06 2.90553e-10 5.85613e-05 9.36665e-05 0.0477616 4.02694e-06 9.5021e-08 0.0184391 0.113706 0.000279779 5.26864e-05 4.63891e-07 3.11312e-07 2.74049e-06 1.31842e-07 1.61704e-09 1.51164e-07 4.02297e-06 0.00817231 1.70299e-09 0.0436061 0.00314269 7.77668e-06 0.75896 9.27837e-05 0.000746459 4.94878e-07 0.00173213 0.00312947 5.1861e-06 
2.95876e-06 8.22057e-09 2.36605e-06 0.000461969 2.10261e-05 9.91865e-07 0.000159848 0.0500093 0.00890134 2.64493e-05 0.000825338 0.00084374 1.27303e-05 2.65061e-08 0.00042627 9.93766e-06 2.59623e-06 0.0023773 0.00238975 2.18689e-07 0.000175145 0.819532 1.51029e-08 0.108272 9.57419e-06 2.70752e-05 1.32256e-05 0.000526846 1.92095e-05 0.00495105 
5.54543e-06 2.88531e-07 5.673e-07 2.69627e-05 0.00151428 2.12022e-07 0.00214084 0.869228 4.81931e-07 4.56769e-05 0.0350008 0.00139737 3.5974e-07 9.30327e-07 7.88264e-05 1.60579e-06 1.30475e-06 6.11064e-07 0.00135266 1.69113e-06 0.0384126 0.0232637 0.000752849 0.0101246 0.0016639 0.000135261 0.00122047 0.0068084 0.00681767 1.22612e-06 
8.45646e-06 1.75902e-13 0.000342349 1.39638e-09 0.0198909 2.22207e-05 1.29292e-09 0.00106291 0.681853 6.03178e-05 0.000310729 6.30727e-09 4.91288e-09 3.73203e-08 1.79036e-09 9.78962e-13 3.98909e-07 2.17989e-05 0.00489438 1.03099e-12 0.0105957 0.000727497 4.1547e-05 0.269635 4.21043e-05 9.06553e-09 7.81505e-09 0.0103715 9.23618e-05 2.72187e-05 
1.56119e-06 2.90553e-10 5.85613e-05 9.36665e-05 0.0477616 4.02694e-06 9.5021e-08 0.0184391 0.113706 0.000279779 5.26864e-05 4.63891e-07 3.11312e-07 2.74049e-06 1.31842e-07 1.61704e-09 1.51164e-07 4.02297e-06 0.00817231 1.70299e-09 0.0436061 0.00314269 7.77668e-06 0.75896 9.27837e-05 0.000746459 4.94878e-07 0.00173213 0.00312947 5.1861e-06 
7.96313e-07 1.7447e-10 0.0609247 1.5737e-10 1.03708e-05 0.000315965 0.0236911 0.0419441 0.00684856 0.00866022 1.24976e-10 3.12774e-05 2.17529e-10 2.36328e-06 3.70797e-06 9.70992e-10 7.88959e-10 6.46663e-06 0.0683468 1.0226e-09 0.0323445 1.22067e-06 2.46846e-06 0.547014 4.32199e-10 0.0311885 0.0635096 0.0813437 0.0338093 7.41414e-10 
5.33859e-06 6.97078e-07 1.50871e-06 0.00771256 0.0181706 0.067076 0.0191154 0.00159968 1.34133e-05 0.00173229 0.0205519 1.88774e-06 0.748808 0.00151046 0.0186766 2.43069e-07 0.000971336 0.00741498 0.000900085 0.00189753 0.00369024 0.016694 0.00909715 0.00760647 6.16302e-06 1.52286e-05 0.0132178 0.0159846 0.0175265 1.54667e-06 
5.33859e-06 6.97078e-07 1.50871e-06 0.00771256 0.0181706 0.067076 0.0191154 0.00159968 1.34133e-05 0.00173229 0.0205519 1.88774e-06 0.748808 0.00151046 0.0186766 2.43069e-07 0.000971336 0.00741498 0.000900085 0.00189753 0.00369024 0.016694 0.00909715 0.00760647 6.16302e-06 1.52286e-05 0.0132178 0.0159846 0.0175265 1.54667e-06 
0.00127228 2.8119e-05 3.75988e-05 0.0181361 0.00638443 0.0169986 0.0276861 6.76401e-05 0.00907749 0.376783 0.00689817 0.00246961 0.108898 0.00270392 0.00358307 7.78056e-09 0.00223011 0.0038305 0.0826801 0.000901328 0.000265388 0.00102544 0.000245703 0.0409487 0.011661 0.24256 0.00993416 0.00824995 0.0144445 5.94094e-09 
8.45676e-07 1.80431e-10 8.00755e-06 7.87304e-07 6.01675e-06 1.30404e-05 4.76109e-07 0.00220505 0.0196513 7.34332e-06 0.00018427 3.85766e-06 0.0472356 4.47658e-06 2.59669e-05 1.67735e-06 2.96185e-06 4.07347e-05 0.0177072 3.80582e-06 0.0102154 0.278926 1.20785e-05 0.354182 0.00645112 1.84015e-06 0.253755 0.00867802 0.000674243 1.34929e-06 
1.12597e-05 1.04206e-08 2.04887e-08 9.39932e-09 1.80148e-05 0.21003 0.00294334 0.0813285 0.0158529 9.47042e-05 0.319147 3.33586e-08 0.00876809 0.00497976 0.0174774 5.79949e-08 4.21504e-06 0.0041916 0.0130797 6.10772e-08 0.00170502 1.40179e-08 0.099476 7.24121e-09 7.86887e-07 1.79012e-08 0.00485536 9.0488e-06 0.216027 4.42827e-08 
2.92481e-06 4.07452e-08 4.47501e-06 4.06911e-06 4.17576e-08 1.96095e-05 0.00112375 0.0451238 2.66076e-05 0.000582559 0.0183815 0.0147307 0.00449542 5.13636e-05 1.83527e-05 2.26763e-07 1.84251e-07 0.00806656 2.46565e-05 0.0174846 6.70164e-06 0.889304 2.56737e-05 8.83013e-06 0.000130225 0.000267983 3.71907e-05 4.56724e-05 1.1472e-05 2.07538e-05 
1.45035e-05 4.20452e-06 7.49679e-06 5.11294e-06 0.000486271 8.20879e-06 1.01982e-05 0.0531915 0.00378491 7.84987e-06 3.40197e-05 1.19812e-05 0.00623115 2.95196e-05 1.80442e-05 3.37331e-06 0.000256989 2.32672e-05 2.47751e-06 2.93328e-05 0.00465273 0.0112596 2.96209e-05 0.916999 0.000101365 5.83075e-06 0.00187367 0.000511547 0.00039993 6.08624e-06 
4.89152e-07 1.01176e-08 6.81276e-05 4.58823e-07 3.44766e-06 0.000536876 3.79755e-06 0.105296 7.92323e-06 4.64999e-07 0.000725551 2.23595e-06 0.00154082 7.68719e-06 5.7474e-07 5.63082e-08 4.57521e-08 0.00223257 4.37911e-07 4.03482e-06 0.764654 0.00103737 2.18261e-05 0.0462653 6.075e-07 0.000342281 0.006524 0.0707193 3.14683e-06 8.13411e-07 
1.65714e-09 1.3594e-13 2.67281e-13 0.00528663 0.00273603 0.0728121 1.14086e-10 1.05288e-08 9.42076e-08 2.9924e-13 0.74804 6.53195e-10 0.0378791 3.13841e-08 3.70289e-09 7.5656e-13 3.28269e-08 0.000899256 0.00141842 7.9677e-13 0.00162372 1.82868e-13 6.95807e-08 0.0084932 6.76872e-11 0.00293749 0.00631533 0.107039 0.00451935 4.04434e-09 
6.43715e-08 1.0614e-09 2.0869e-09 9.57376e-10 1.17491e-05 0.336561 0.0163314 3.66414e-05 1.77286e-09 2.33643e-09 7.67985e-06 3.39777e-09 0.0347401 3.42234e-09 1.58846e-09 5.90712e-09 4.79971e-09 1.82101e-05 1.46289e-06 6.53275e-05 0.137651 0.000102375 0.256713 0.065431 1.86708e-05 0.0618885 8.4007e-06 1.73741e-06 0.0904115 4.51046e-09 
0.00113704 1.12965e-05 0.00022731 0.0048366 0.0171171 0.652213 0.00700225 0.00785777 0.00410395 0.000470057 0.0847349 2.51589e-05 0.0227506 3.67895e-05 2.6142e-05 3.36982e-09 0.0174968 0.00890275 0.0224797 7.66964e-05 0.00120605 0.0268566 0.000199591 0.00789317 0.000443996 0.043802 0.00161041 0.0656201 0.000861759 4.61798e-07 
0.000217804 1.35859e-06 6.3467e-06 0.000631859 0.00704114 0.10512 0.000417415 0.0289057 0.00198361 0.148241 0.384577 0.0347181 0.0375275 3.1606e-06 4.03459e-07 8.99285e-06 0.0015583 8.0955e-06 0.000144519 1.75206e-06 0.000182815 0.000919043 0.063065 0.0578071 4.42836e-07 0.025381 0.0396209 0.0511168 0.0107802 1.28241e-05 
4.87256e-10 8.11456e-10 1.59546e-09 7.31925e-10 6.14209e-06 6.6976e-06 3.23313e-06 0.303367 0.0181244 1.78623e-09 5.70834e-06 4.11778e-06 2.91714e-05 5.29326e-05 1.2144e-09 4.51606e-09 0.561942 1.50656e-05 5.1122e-06 4.75609e-09 0.10082 1.09158e-09 1.27886e-06 9.07758e-07 2.01015e-09 3.72203e-06 0.00643958 0.00916366 8.70605e-06 3.4483e-09 
2.32967e-06 1.54386e-08 3.15491e-05 1.39255e-08 0.0012046 0.00417005 1.83015e-05 0.446495 0.0229562 0.0221192 0.0111375 4.94222e-08 0.000106317 4.97797e-08 4.13484e-05 8.59219e-08 6.98141e-08 6.46863e-05 3.48242e-05 9.04886e-08 0.0275022 0.0547876 0.00655595 0.301937 5.39318e-05 7.67399e-05 0.0578723 0.0235864 0.00188027 0.017365 
6.17882e-06 7.15811e-11 2.52185e-09 0.00114622 0.00190648 0.098205 7.93427e-06 0.000238164 0.00173243 2.49482e-09 0.659251 2.8856e-10 0.0377895 4.48259e-06 1.63109e-09 1.91236e-12 0.000201851 0.002879 0.0052331 6.24767e-09 0.00150659 3.32314e-07 0.00021382 0.00398832 5.19724e-08 0.00492846 0.00706904 0.168227 0.00546526 1.78224e-09 
0.00134685 3.90987e-06 6.25519e-06 0.000100214 0.00683661 0.0165419 0.0259104 5.35688e-06 0.00970174 0.38226 0.00580043 0.00155582 0.102924 0.00268107 0.000950364 7.19819e-09 7.7689e-05 0.00310929 0.0873339 0.000223701 9.73754e-06 0.001048 0.00018532 0.045705 0.0125954 0.263358 0.00831737 0.00884429 0.0125674 5.49627e-09 
4.81827e-07 3.50606e-08 6.8935e-08 1.14994e-05 9.03676e-06 0.00580654 0.000322836 0.00177811 2.25053e-05 7.71776e-08 2.51146e-08 4.72157e-06 0.000217386 7.13743e-06 0.000110832 0.000212046 1.58545e-07 0.000103497 1.48447e-06 0.97584 9.70187e-06 0.00816136 6.44135e-08 1.91352e-05 2.49533e-05 6.02292e-08 5.07297e-05 0.00531462 0.00197069 1.48991e-07 
0.000199264 3.52463e-08 1.9643e-10 0.00183829 0.00182107 0.19185 0.000411188 0.00535819 0.00206916 1.41552e-11 0.228013 0.000474054 0.106404 0.00207331 3.0962e-06 5.46591e-08 1.32666e-05 0.00298469 0.00146573 1.1907e-07 0.00207918 9.05035e-08 0.00330152 0.0295321 3.85793e-05 0.000494362 0.0371678 0.272565 0.109844 2.28281e-07 
1.08546e-05 2.03533e-09 7.44618e-05 0.000146223 0.00821765 2.76076e-06 1.19387e-05 0.000331528 0.000177636 0.000202722 0.00416952 4.95143e-05 4.67401e-05 6.56263e-09 1.25756e-05 1.13274e-08 9.27685e-07 6.17367e-05 9.64466e-06 4.52431e-05 0.0236214 0.885551 3.73932e-09 0.075644 1.30907e-05 2.36188e-05 0.000982972 0.000179329 7.05653e-05 0.000342377 
6.83631e-06 8.0056e-13 1.57404e-12 1.9441e-06 0.0014316 0.0652861 3.19782e-13 0.000708405 0.0058225 1.76224e-12 0.420581 8.90969e-10 0.0515228 4.27157e-08 2.45889e-07 4.45542e-12 4.46803e-08 0.00849919 0.0274759 4.69223e-12 0.00122838 1.07692e-12 0.00171475 0.00272794 9.36472e-11 0.00901324 0.113463 0.278448 0.0120687 5.50697e-09 
6.43715e-08 1.0614e-09 2.0869e-09 9.57376e-10 1.17491e-05 0.336561 0.0163314 3.66414e-05 1.77286e-09 2.33643e-09 7.67985e-06 3.39777e-09 0.0347401 3.42234e-09 1.58846e-09 5.90712e-09 4.79971e-09 1.82101e-05 1.46289e-06 6.53275e-05 0.137651 0.000102375 0.256713 0.065431 1.86708e-05 0.0618885 8.4007e-06 1.73741e-06 0.0904115 4.51046e-09 
3.79233e-06 3.74355e-07 0.000599323 0.00034021 3.99813e-06 0.000226887 0.016924 0.229823 0.0103432 0.0543218 0.0174694 0.0211235 2.86944e-07 0.000293364 8.34259e-07 8.61645e-10 1.67934e-05 0.000372056 0.0259192 0.000877782 0.17763 0.110693 0.00012606 0.259486 1.69318e-05 0.00200637 0.00142768 0.0282189 0.0413641 0.000371201 
3.67274e-09 6.11643e-09 1.03175e-05 5.30813e-07 6.26839e-09 2.69132e-07 1.4807e-05 0.0494688 2.15834e-05 1.34639e-08 5.85639e-05 6.93675e-06 2.47035e-05 1.97216e-08 0.00704624 3.40403e-08 2.76587e-08 1.22162e-05 5.26549e-09 0.00464911 2.65306e-05 0.696782 5.26276e-05 0.229435 1.51517e-08 1.05072e-08 0.000490725 6.58585e-05 0.0118326 2.59919e-08 
0.000119263 3.20866e-10 6.30876e-10 4.34417e-07 3.7162e-06 0.231611 2.29435e-06 0.45603 0.0356522 2.16138e-05 1.46642e-05 9.04003e-06 4.52468e-05 5.69127e-06 0.0378458 1.78753e-06 0.000148725 0.00277655 2.76226e-10 1.88065e-09 0.00793412 0.148758 5.89496e-10 3.07473e-05 5.88272e-06 5.51203e-10 0.0788527 8.17807e-05 4.55946e-05 3.00112e-06 
7.96313e-07 1.7447e-10 0.0609247 1.5737e-10 1.03708e-05 0.000315965 0.0236911 0.0419441 0.00684856 0.00866022 1.24976e-10 3.12774e-05 2.17529e-10 2.36328e-06 3.70797e-06 9.70992e-10 7.88959e-10 6.46663e-06 0.0683468 1.0226e-09 0.0323445 1.22067e-06 2.46846e-06 0.547014 4.32199e-10 0.0311885 0.0635096 0.0813437 0.0338093 7.41414e-10 
2.82077e-10 4.6976e-10 9.23628e-10 1.56818e-06 1.94503e-05 3.08263e-05 5.08535e-06 3.46508e-10 7.84638e-10 1.03407e-09 0.99957 1.5038e-09 0.000190235 1.51468e-09 7.03028e-10 2.6144e-09 2.14551e-07 9.9488e-10 4.81283e-06 1.51462e-05 1.64045e-05 2.40195e-06 8.63046e-10 1.46571e-05 1.1637e-09 6.05318e-06 8.94483e-06 8.24772e-05 3.21799e-05 1.99626e-09 
7.96313e-07 1.7447e-10 0.0609247 1.5737e-10 1.03708e-05 0.000315965 0.0236911 0.0419441 0.00684856 0.00866022 1.24976e-10 3.12774e-05 2.17529e-10 2.36328e-06 3.70797e-06 9.70992e-10 7.88959e-10 6.46663e-06 0.0683468 1.0226e-09 0.0323445 1.22067e-06 2.46846e-06 0.547014 4.32199e-10 0.0311885 0.0635096 0.0813437 0.0338093 7.41414e-10 
8.81773e-05 1.53721e-07 0.00113283 0.000228363 0.00967425 0.544742 0.00257083 0.0234287 0.000138482 0.000995865 0.0224645 7.24606e-06 0.0188612 7.05792e-05 0.0119005 1.12969e-06 4.98111e-05 0.241211 0.0131485 0.000177953 2.46973e-06 0.0759924 0.000603038 0.00387702 0.00952982 0.00783536 0.00838844 0.00237093 0.000507753 4.80215e-07 
8.8233e-09 1.4694e-08 3.27272e-06 1.32538e-08 4.51996e-06 0.000127534 0.101666 0.0551492 0.0486686 2.86683e-06 1.38751e-05 4.70384e-08 0.077495 0.000256958 0.00202312 5.23261e-06 9.16466e-06 2.75819e-06 0.00198523 7.73777e-05 0.109469 0.308745 0.000800821 0.162953 0.0585835 2.52422e-08 0.000332937 0.0714115 0.00021261 6.24423e-08 
6.13081e-07 1.021e-06 2.00746e-06 7.14575e-05 0.000463213 6.89157e-05 0.00056852 0.00881015 0.000841141 2.24749e-06 7.31363e-07 3.26843e-06 0.0031932 3.29207e-06 1.58162e-05 5.68226e-06 6.36727e-06 8.95349e-05 2.87819e-06 5.98426e-06 0.000212538 0.00152835 0.980483 0.00155009 2.52923e-06 4.89621e-05 0.00102071 4.02052e-05 0.000953641 4.33876e-06 
2.88096e-08 4.79783e-08 9.43333e-08 0.000225078 0.00435162 0.00121637 0.000498303 0.00183678 8.01378e-08 0.000243015 0.000900469 1.53588e-07 0.000568344 0.00140791 0.000316005 2.67018e-07 2.1696e-07 0.000630089 0.00229238 2.81209e-07 0.000527902 0.00334328 8.81459e-08 0.00499098 0.000178398 0.000560537 0.0015489 0.973198 0.00116458 2.03885e-07 
0.000626487 2.20394e-12 4.33331e-12 6.17973e-09 0.0232801 0.000433937 2.68769e-05 0.0110778 0.11228 4.85145e-12 0.00679216 7.05525e-12 2.13951e-09 2.12501e-07 0.000149435 1.22658e-11 1.04985e-07 3.86851e-08 0.0203935 4.14561e-09 0.790806 9.58087e-05 0.00116364 3.97336e-05 5.39164e-09 2.15142e-06 0.032752 1.11585e-07 7.37008e-05 5.28744e-06 
0.000367161 1.03643e-09 2.03779e-09 0.000121838 2.1762e-06 0.0238706 9.13443e-07 0.0115067 9.75483e-06 2.85048e-05 0.152924 3.31781e-09 0.0060266 1.34122e-05 1.17584e-06 5.76811e-09 4.68676e-09 8.19687e-05 1.90989e-06 0.00864321 2.19877e-06 0.364847 1.90413e-09 0.401313 2.56745e-09 1.78044e-09 2.29659e-06 0.0226759 0.00145378 0.00610532 
1.26393e-06 4.57487e-10 2.20386e-05 4.12649e-10 3.52114e-05 1.71484e-06 3.36264e-06 0.199784 0.00148748 1.76244e-05 1.08474e-05 1.6404e-05 5.70395e-10 0.126279 4.65638e-06 2.54609e-09 2.07084e-06 7.5583e-06 6.31726e-05 4.29294e-06 8.8523e-05 0.222687 2.85854e-06 0.000447323 5.21428e-06 7.859e-10 3.58467e-10 0.449012 8.60955e-06 7.77835e-06 
0.00134685 3.90987e-06 6.25519e-06 0.000100214 0.00683661 0.0165419 0.0259104 5.35688e-06 0.00970174 0.38226 0.00580043 0.00155582 0.102924 0.00268107 0.000950364 7.19819e-09 7.7689e-05 0.00310929 0.0873339 0.000223701 9.73754e-06 0.001048 0.00018532 0.045705 0.0125954 0.263358 0.00831737 0.00884429 0.0125674 5.49627e-09 
4.11752e-08 6.85715e-08 5.49546e-06 4.25509e-06 2.88082e-05 0.00469137 2.74061e-05 0.0282928 0.181775 5.32825e-05 7.36435e-05 2.19511e-07 0.00160912 2.29491e-05 8.3782e-05 8.89372e-06 1.53455e-05 0.000229859 0.000906765 4.0191e-07 0.000412703 0.735332 6.14561e-05 0.0184133 1.03758e-05 0.000843367 0.00719851 0.0194262 0.000470079 2.12911e-06 
3.23459e-05 1.89668e-09 2.57353e-05 3.01116e-05 0.000230148 8.22448e-06 7.57624e-10 0.000988006 0.000529378 2.96474e-05 0.0125076 0.000147548 0.000139288 6.11558e-09 3.74712e-05 1.05558e-08 8.66262e-07 0.000183977 2.87391e-05 1.11168e-08 0.00191781 0.976908 3.48459e-09 0.00520461 3.90022e-05 7.03809e-05 0.000144753 0.000534429 0.000210294 5.15919e-05 
3.91803e-05 1.11553e-07 2.19333e-07 0.00054937 1.14325e-07 0.0329663 8.51979e-05 0.000123393 0.000229197 2.8321e-05 0.000105798 3.57105e-07 0.0283831 3.59688e-07 9.90139e-05 6.20838e-07 0.000276521 3.78595e-05 5.77402e-05 0.000267636 0.00133541 0.922842 2.04946e-07 7.98431e-05 7.7007e-05 1.91633e-07 8.74084e-08 0.010594 6.68561e-08 0.00182031 
7.70645e-05 3.67094e-08 9.24142e-05 0.00013839 7.51656e-06 2.94196e-07 1.46635e-08 0.00188425 1.72641e-05 1.0441e-06 0.00972355 4.2427e-05 4.57206e-06 3.65644e-06 1.27253e-06 2.04302e-07 1.66001e-07 6.05621e-06 9.65468e-07 2.1516e-07 6.23438e-05 0.28455 6.74427e-08 0.700695 2.83489e-05 2.35008e-06 0.00259469 1.73801e-05 6.85576e-06 4.18038e-05 
4.14246e-06 1.70562e-06 1.13626e-05 4.86968e-06 0.0037161 8.15497e-05 0.000382805 0.0295622 0.0243441 6.07573e-06 0.0472898 1.50367e-07 0.0185531 9.85088e-06 0.000365394 2.13638e-09 1.83313e-06 2.28791e-05 0.000292832 0.000352641 0.0335753 0.00340155 0.00877769 0.744673 4.70621e-06 0.00045311 0.0312363 0.0213717 0.0314518 5.1841e-05 
2.06221e-05 8.36446e-07 1.64459e-06 1.85077e-05 8.57228e-07 0.000143009 4.41369e-05 0.00275725 0.0001192 0.00297684 5.49804e-05 2.67763e-06 0.000277118 2.697e-06 5.20986e-05 4.65514e-06 0.000145765 2.11248e-05 3.03722e-05 0.000142238 2.3478e-05 0.98936 0.000726781 4.16126e-05 4.15422e-05 0.00124467 0.000417524 4.78973e-05 0.00127591 3.55449e-06 
6.04649e-05 1.45848e-07 0.000581333 0.00169959 0.0107553 0.000136247 5.82584e-08 0.000401953 0.0231995 0.000106083 0.00056512 8.63086e-07 0.000150951 4.70265e-07 2.18271e-07 8.11698e-07 6.30481e-05 0.000120384 0.00144818 9.47749e-07 0.0012652 0.0315237 0.000377437 0.146874 0.000281195 0.00149586 0.000281495 0.000680908 9.03547e-05 0.777839 
1.00516e-07 1.71616e-08 2.60664e-05 0.000814234 0.00704145 0.0691077 0.0200852 0.0527179 0.183904 2.91832e-05 0.00511609 7.61097e-06 1.42455e-05 3.90344e-05 6.54589e-06 1.76107e-05 7.76053e-08 6.55335e-06 8.67407e-05 0.00484001 0.0385823 0.524686 0.0565685 0.0192329 8.97434e-06 5.04641e-05 7.12821e-05 0.00567967 0.0112589 7.29285e-08 
1.2759e-05 3.53448e-07 4.97806e-05 2.97145e-06 0.0449228 0.0079265 0.000610439 0.04164 0.172144 2.20575e-05 0.000731977 0.000241821 0.0079349 4.26311e-05 1.28127e-05 2.21891e-07 0.00244164 7.59769e-05 0.00186549 0.00136426 0.0243483 0.0247691 0.000102906 0.579155 8.72865e-05 0.000112338 0.0628767 0.0109373 0.0155643 2.89902e-06 
7.81491e-11 1.30146e-10 3.47693e-07 0.000438319 0.000592174 0.105309 0.0455398 0.10236 0.000863674 5.76552e-07 0.0278744 0.000179149 2.90963e-06 0.000678207 0.00655389 7.24315e-10 0.000246227 0.0623192 0.00260279 0.0876206 0.00476494 0.236072 7.53862e-07 0.0556699 0.00063977 3.09686e-05 0.000281895 0.110887 0.148471 8.41863e-07 
8.45646e-06 1.75902e-13 0.000342349 1.39638e-09 0.0198909 2.22207e-05 1.29292e-09 0.00106291 0.681853 6.03178e-05 0.000310729 6.30727e-09 4.91288e-09 3.73203e-08 1.79036e-09 9.78962e-13 3.98909e-07 2.17989e-05 0.00489438 1.03099e-12 0.0105957 0.000727497 4.1547e-05 0.269635 4.21043e-05 9.06553e-09 7.81505e-09 0.0103715 9.23618e-05 2.72187e-05 
5.81794e-07 3.42605e-09 0.000506071 5.42769e-07 0.00274561 0.000101407 0.0319476 0.0714941 9.49406e-06 0.0100944 0.0265605 0.00323492 0.0445734 5.74929e-05 0.000289617 1.90673e-08 1.54927e-08 0.00221019 0.000135422 0.00458082 0.029688 0.591823 0.000256678 0.053361 0.00461858 1.26731e-06 0.0525784 0.0664311 0.00263107 6.85518e-05 
4.89152e-07 1.01176e-08 6.81276e-05 4.58823e-07 3.44766e-06 0.000536876 3.79755e-06 0.105296 7.92323e-06 4.64999e-07 0.000725551 2.23595e-06 0.00154082 7.68719e-06 5.7474e-07 5.63082e-08 4.57521e-08 0.00223257 4.37911e-07 4.03482e-06 0.764654 0.00103737 2.18261e-05 0.0462653 6.075e-07 0.000342281 0.006524 0.0707193 3.14683e-06 8.13411e-07 
0.000297284 1.57319e-05 0.000369049 0.000109412 0.00136607 0.054585 0.0109133 0.0957855 2.78224e-05 0.00384133 0.000737311 0.0236561 0.00711478 0.00837015 0.00288178 0.00257871 1.53141e-08 0.011156 0.00754077 0.0126731 0.00053553 0.671582 6.45986e-05 0.0102399 5.73067e-05 0.00637581 0.00817733 0.0587395 0.000208603 1.43912e-08 
3.61265e-09 2.99322e-11 5.88516e-11 6.00527e-05 1.04608e-06 3.38947e-06 2.51202e-08 9.53828e-07 5.89997e-07 2.43135e-06 0.575685 9.58189e-11 0.141345 3.28237e-07 4.47955e-11 1.66584e-10 4.062e-07 5.32553e-07 1.03074e-06 8.78944e-08 9.46825e-07 3.3424e-07 5.49915e-11 0.226691 1.63875e-06 2.41161e-06 0.0361745 1.39939e-05 0.0200134 1.27197e-10 
5.11459e-05 9.72842e-08 0.000410018 0.00503355 0.0197548 0.487316 0.0121303 0.00816241 0.00406381 0.000105636 0.135171 3.0257e-06 0.0245482 0.000400117 3.12523e-05 6.59896e-09 0.000388814 5.66319e-05 0.000361419 3.77947e-06 0.00616256 1.80824e-08 0.00268116 0.00020459 5.8931e-05 0.00435133 0.16594 0.0160714 0.106535 3.34562e-06 
5.22109e-05 3.78894e-06 0.000643969 0.000197327 0.00394476 0.0654048 0.026537 0.100406 0.000571007 0.0215988 0.0541036 0.00123985 0.0119978 0.00429656 0.000102448 2.83015e-05 0.0652349 0.197699 0.0521656 1.15285e-05 1.62522e-05 0.336786 0.00295927 0.0261359 0.0106389 0.0018881 0.0089863 0.000461598 0.00587398 1.40403e-05 
1.11118e-05 1.20156e-09 2.38609e-07 1.08379e-09 1.23141e-09 8.82945e-10 0.00730012 0.317984 2.00696e-09 4.76355e-06 5.93971e-06 6.92743e-06 1.4981e-09 3.10328e-06 1.20498e-05 6.68714e-09 5.98227e-06 0.000135636 6.82803e-06 7.04255e-09 3.59956e-07 0.616851 2.20751e-09 0.0576263 9.82548e-06 2.97252e-05 1.88392e-06 2.56915e-07 4.03337e-06 5.10605e-09 
4.80616e-05 4.47903e-07 7.29828e-05 2.12694e-05 0.00140428 0.0441957 1.78914e-07 0.00579293 0.000370675 5.49744e-05 0.296966 1.43383e-06 0.290209 0.000166039 2.75967e-05 0.00014554 0.000156277 0.000521316 4.95581e-05 3.77768e-05 0.000979392 0.064048 0.000135405 0.0807552 0.0460601 2.20164e-05 0.000453159 0.152115 0.015188 1.90337e-06 
6.16481e-08 8.3291e-10 6.11242e-07 5.27123e-05 0.000891473 0.832618 8.02323e-07 0.00219435 0.0910944 1.83345e-09 0.0217787 2.67542e-08 0.000556431 0.000194655 0.000501504 8.65519e-07 6.33796e-05 3.95176e-06 0.00288631 1.87278e-06 0.00368348 2.17453e-07 0.00195987 0.00321269 3.57189e-07 2.31263e-06 0.00626028 0.0118277 0.0202128 1.52761e-07 
2.2617e-05 1.76117e-05 2.94001e-06 1.90189e-05 0.000575556 0.0320547 0.00108423 0.000913632 0.00202518 4.31543e-05 0.872446 0.000274768 0.034264 0.000670996 0.000164403 0.000270523 0.00178865 0.00129205 0.00615541 6.71155e-05 0.000555547 0.0250829 0.000624931 0.00713665 0.000300434 0.00015731 0.000400476 0.00532076 0.00626044 7.62331e-06 
3.50723e-06 5.75375e-07 4.71558e-05 2.22633e-06 0.00166028 0.000204551 1.16311e-06 0.00207785 0.820947 1.43926e-05 0.0018757 6.39457e-06 6.72473e-06 2.87956e-05 2.15332e-06 3.20218e-06 4.291e-05 0.000425491 0.00312954 3.37237e-06 0.000771326 0.0723629 1.9557e-05 0.0944948 1.68682e-05 1.20737e-05 1.00072e-05 0.000739883 0.000770856 0.000318378 
1.10817e-06 5.6436e-11 0.003653 0.0010187 0.412662 3.05646e-06 0.0568072 3.32202e-06 9.52168e-07 0.0225834 4.17203e-06 1.39129e-06 3.13832e-06 4.00516e-07 8.44603e-11 3.14088e-10 5.87227e-07 1.00411e-06 4.80019e-06 0.00236734 1.82262e-07 0.500107 2.11527e-06 2.51027e-07 5.17415e-07 1.37474e-05 0.000757008 1.30109e-06 1.33605e-06 6.4777e-07 
6.41937e-09 2.13384e-11 4.19549e-11 2.31157e-08 0.0231252 0.579243 2.04651e-08 2.20373e-07 3.56414e-11 4.74412e-09 0.00335399 6.83086e-11 0.0099441 0.000867719 2.68282e-07 2.73259e-07 9.64931e-11 4.51915e-11 1.83697e-11 1.25068e-10 1.36538e-07 2.87046e-11 0.0292725 1.48279e-11 5.28597e-11 0.00501327 0.349179 3.79587e-07 4.45052e-07 9.0678e-11 
3.15635e-05 1.64905e-05 2.64459e-05 0.0545234 0.000471692 0.0628689 0.0030711 0.0097716 0.000564459 6.51303e-05 0.0105311 7.45647e-06 0.00620349 9.3183e-05 0.00469796 0.0299443 0.0748018 0.688299 0.0017953 0.00963325 0.000202216 0.00138712 0.00283635 0.0082229 5.03462e-05 0.0191307 0.00102065 0.00680875 0.00290823 1.5431e-05 
7.96313e-07 1.7447e-10 0.0609247 1.5737e-10 1.03708e-05 0.000315965 0.0236911 0.0419441 0.00684856 0.00866022 1.24976e-10 3.12774e-05 2.17529e-10 2.36328e-06 3.70797e-06 9.70992e-10 7.88959e-10 6.46663e-06 0.0683468 1.0226e-09 0.0323445 1.22067e-06 2.46846e-06 0.547014 4.32199e-10 0.0311885 0.0635096 0.0813437 0.0338093 7.41414e-10 
4.89152e-07 1.01176e-08 6.81276e-05 4.58823e-07 3.44766e-06 0.000536876 3.79755e-06 0.105296 7.92323e-06 4.64999e-07 0.000725551 2.23595e-06 0.00154082 7.68719e-06 5.7474e-07 5.63082e-08 4.57521e-08 0.00223257 4.37911e-07 4.03482e-06 0.764654 0.00103737 2.18261e-05 0.0462653 6.075e-07 0.000342281 0.006524 0.0707193 3.14683e-06 8.13411e-07 
0.000123515 3.4927e-12 6.86722e-12 3.67006e-05 2.06142e-06 0.344782 1.39515e-12 0.00219145 2.42046e-06 7.76523e-10 0.404097 1.67825e-08 0.0180443 8.06348e-07 9.51379e-08 1.94382e-11 8.43419e-07 0.155389 9.11059e-07 2.04713e-11 7.88606e-07 6.9071e-08 1.78773e-06 0.0150461 1.73908e-09 1.60919e-06 2.78791e-06 0.0602743 1.73823e-06 1.03911e-07 
4.7331e-05 2.00027e-12 1.44679e-08 2.77579e-06 1.55914e-07 0.0730619 7.99003e-13 0.00460945 1.13526e-05 3.84636e-08 0.594673 1.27487e-09 0.0641769 0.000539942 9.67126e-06 1.11323e-11 1.4991e-05 2.08011e-07 0.000682491 1.17239e-11 0.00219507 2.69078e-12 0.00276382 0.00739725 9.54951e-05 0.00113148 0.0245338 0.199805 0.0242481 7.86649e-09 
4.86216e-08 2.85104e-12 8.90134e-05 4.52629e-08 0.00577776 1.23628e-08 1.13884e-12 0.0457441 7.95748e-07 4.45652e-08 0.000495844 0.000377265 2.09375e-07 9.19279e-12 5.63258e-08 1.58672e-11 1.28925e-11 2.7655e-07 0.000371563 1.67105e-11 0.18479 0.0147874 5.23795e-12 0.70177 5.86271e-08 1.05795e-07 2.1759e-07 0.0352675 0.0105267 7.75517e-08 
0.00134685 3.90987e-06 6.25519e-06 0.000100214 0.00683661 0.0165419 0.0259104 5.35688e-06 0.00970174 0.38226 0.00580043 0.00155582 0.102924 0.00268107 0.000950364 7.19819e-09 7.7689e-05 0.00310929 0.0873339 0.000223701 9.73754e-06 0.001048 0.00018532 0.045705 0.0125954 0.263358 0.00831737 0.00884429 0.0125674 5.49627e-09 
0.000345574 3.26933e-06 5.51831e-05 2.00206e-05 0.00951563 0.0839629 2.47816e-05 0.000980294 0.00946163 3.95685e-06 0.157709 0.000128272 0.0300372 4.3691e-05 0.000205957 3.99627e-06 0.000211438 6.4646e-06 0.000312159 2.19196e-08 0.00894486 5.34022e-05 0.00246879 0.00707796 1.37945e-05 6.21715e-05 0.0431702 0.60532 0.039857 1.6044e-07 
4.81802e-05 1.27768e-06 1.32122e-10 0.0205477 4.62086e-06 0.300902 0.00159761 0.000421487 5.42572e-06 2.49857e-06 0.533496 6.45527e-06 0.0583956 0.000402579 7.00848e-05 2.64947e-07 3.72266e-05 0.00218885 0.00339297 1.19817e-05 0.00362443 0.0299309 0.000284645 0.00587362 1.32515e-05 7.76149e-05 6.24931e-06 0.0242267 0.0144233 6.4821e-06 
4.89152e-07 1.01176e-08 6.81276e-05 4.58823e-07 3.44766e-06 0.000536876 3.79755e-06 0.105296 7.92323e-06 4.64999e-07 0.000725551 2.23595e-06 0.00154082 7.68719e-06 5.7474e-07 5.63082e-08 4.57521e-08 0.00223257 4.37911e-07 4.03482e-06 0.764654 0.00103737 2.18261e-05 0.0462653 6.075e-07 0.000342281 0.006524 0.0707193 3.14683e-06 8.13411e-07 
0.000271072 1.74917e-05 9.77921e-05 0.00408807 0.00311466 0.0109738 0.00413564 0.00813711 0.00129317 0.00630609 0.374546 0.000776498 0.170228 0.00253107 0.000358896 2.47339e-09 3.58576e-06 5.36554e-05 0.00496644 0.0656463 0.00213842 0.00315004 0.00677912 0.00266343 0.0710766 0.0145633 0.0567832 0.130589 0.0546308 8.07305e-05 
1.26393e-06 4.57487e-10 2.20386e-05 4.12649e-10 3.52114e-05 1.71484e-06 3.36264e-06 0.199784 0.00148748 1.76244e-05 1.08474e-05 1.6404e-05 5.70395e-10 0.126279 4.65638e-06 2.54609e-09 2.07084e-06 7.5583e-06 6.31726e-05 4.29294e-06 8.8523e-05 0.222687 2.85854e-06 0.000447323 5.21428e-06 7.859e-10 3.58467e-10 0.449012 8.60955e-06 7.77835e-06 
1.058e-05 6.19577e-09 1.21819e-08 5.58852e-09 6.3497e-09 0.0943116 0.0331618 4.76423e-05 2.94299e-05 9.24496e-06 0.182755 1.98339e-08 2.2772e-05 1.21896e-05 1.25615e-05 3.44818e-08 2.80175e-08 0.0143196 0.0042574 0.000137066 0.159817 0.0521933 0.000131324 0.212247 3.91773e-05 0.00675773 0.0713393 0.130751 0.037638 2.6329e-08 
4.15955e-10 6.92715e-10 1.36199e-09 2.14769e-07 7.09926e-10 0.00992522 2.52918e-06 0.0738957 0.0151938 8.43569e-07 0.068157 2.21752e-09 8.63677e-10 2.66248e-05 1.85652e-06 3.85523e-09 5.09913e-05 0.00442933 0.0039032 1.28159e-05 2.06322e-05 0.485027 1.27266e-09 0.223816 6.78579e-07 1.18999e-09 3.6384e-06 1.67242e-05 0.114216 0.00129886 
9.27492e-07 1.61379e-08 7.61877e-07 3.0299e-05 0.0011181 7.67792e-05 8.24088e-06 2.80471e-05 1.50483e-05 8.76667e-07 0.000332339 4.23824e-06 0.00403715 5.39088e-05 1.08734e-06 8.98138e-08 5.33153e-06 5.25452e-06 0.26723 1.86831e-05 0.0353807 0.171206 3.30474e-05 0.491254 1.14655e-06 2.02473e-06 0.000324256 0.0255351 0.00329418 1.5323e-06 
1.81421e-07 3.02131e-07 5.94041e-07 2.72519e-07 0.0208491 0.000519035 0.000331552 0.00928079 0.864597 6.6507e-07 0.000223044 9.67183e-07 0.00072309 0.000373556 5.30355e-05 1.68148e-06 1.36625e-06 0.000390471 7.72253e-05 0.00183605 0.000391224 3.92671e-05 0.000178664 0.031395 9.86247e-06 0.0004284 0.0219743 0.0323134 0.0140082 1.28391e-06 
0.00078747 2.21583e-08 0.00100297 7.69896e-06 0.0683274 0.00217291 0.00014314 0.00705304 0.308732 4.72104e-05 0.0125598 3.57386e-05 0.000419184 0.0002075 5.74505e-05 1.30582e-12 6.10464e-06 0.000190278 0.0339919 1.37522e-12 0.0470615 0.000770977 0.000626012 0.320972 3.33816e-05 0.000483915 0.00231698 0.186095 0.00588029 1.76967e-05 
4.75284e-10 7.91519e-10 1.55626e-09 0.000550336 0.00624572 0.10663 0.00145902 0.0804904 2.05046e-05 4.47244e-07 0.0872811 5.46681e-06 0.0267258 0.016663 0.00043636 2.23965e-06 2.30604e-07 0.000984218 0.00292727 2.25653e-05 0.00716538 0.396935 9.10869e-06 0.076211 3.28928e-07 0.000616566 0.0319243 0.152583 0.00410909 1.91015e-06 
7.96313e-07 1.7447e-10 0.0609247 1.5737e-10 1.03708e-05 0.000315965 0.0236911 0.0419441 0.00684856 0.00866022 1.24976e-10 3.12774e-05 2.17529e-10 2.36328e-06 3.70797e-06 9.70992e-10 7.88959e-10 6.46663e-06 0.0683468 1.0226e-09 0.0323445 1.22067e-06 2.46846e-06 0.547014 4.32199e-10 0.0311885 0.0635096 0.0813437 0.0338093 7.41414e-10 
1.19755e-07 2.98065e-08 5.79481e-05 2.68852e-08 0.00697631 1.60101e-07 2.56198e-05 0.000419355 0.969234 0.000148604 8.95685e-07 1.41755e-06 3.71628e-08 7.91978e-06 4.19882e-07 1.65885e-07 3.0154e-07 6.72286e-07 5.11768e-06 5.2378e-05 0.00186237 0.00637508 2.85106e-07 0.0132727 2.69193e-05 1.47907e-05 5.02256e-06 0.00144728 6.3387e-05 7.53483e-07 
2.76077e-05 1.18516e-05 3.96038e-05 2.97653e-05 0.000157949 1.39185e-05 4.73411e-06 0.000634664 0.000355166 4.48682e-05 4.79107e-05 0.00013141 0.000103017 3.82139e-05 4.14738e-05 6.5959e-05 5.35936e-05 0.000141651 2.84086e-05 6.94646e-05 0.00122206 0.000491645 2.17739e-05 0.995437 5.40648e-05 6.49452e-05 0.00010099 0.000342788 0.000140328 8.30433e-05 
9.27492e-07 1.61379e-08 7.61877e-07 3.0299e-05 0.0011181 7.67792e-05 8.24088e-06 2.80471e-05 1.50483e-05 8.76667e-07 0.000332339 4.23824e-06 0.00403715 5.39088e-05 1.08734e-06 8.98138e-08 5.33153e-06 5.25452e-06 0.26723 1.86831e-05 0.0353807 0.171206 3.30474e-05 0.491254 1.14655e-06 2.02473e-06 0.000324256 0.0255351 0.00329418 1.5323e-06 
0.226622 2.99509e-11 5.88884e-11 0.000314718 1.76773e-05 0.000104102 1.19638e-11 2.31975e-06 2.07562e-05 6.59297e-11 0.000103129 1.43914e-07 3.96654e-05 6.91466e-06 8.15835e-07 1.66688e-10 7.23256e-06 2.35838e-05 7.81259e-06 1.75547e-10 6.76252e-06 1.57539e-06 0.00154836 1.06623e-05 1.49131e-08 1.37993e-05 2.39071e-05 0.319461 0.451662 8.91065e-07 
4.21776e-06 3.58004e-06 0.000283463 0.000679961 4.50017e-05 0.0468009 0.071022 0.0392404 0.00318409 0.000159815 0.0627077 0.00305537 0.0126942 7.25567e-05 0.00044715 2.74637e-05 2.68882e-07 0.0114951 0.0421276 0.0243501 0.0778083 0.277717 0.0419258 0.0682187 0.000136486 0.0117942 0.0229824 0.0843933 0.0965431 7.96541e-05 
0.000212425 4.82502e-08 9.48681e-08 4.35212e-08 6.66703e-06 0.0342328 4.10505e-06 4.12585e-05 1.82153e-05 3.85969e-05 0.00473971 1.6252e-05 0.217861 5.19539e-05 0.1122 3.44876e-06 0.00026508 6.2742e-06 4.15375e-08 0.000119325 2.69402e-06 0.436632 8.86456e-08 0.00373692 1.05946e-05 8.28872e-08 8.81363e-06 0.00014566 0.18964 5.54731e-06 
9.27492e-07 1.61379e-08 7.61877e-07 3.0299e-05 0.0011181 7.67792e-05 8.24088e-06 2.80471e-05 1.50483e-05 8.76667e-07 0.000332339 4.23824e-06 0.00403715 5.39088e-05 1.08734e-06 8.98138e-08 5.33153e-06 5.25452e-06 0.26723 1.86831e-05 0.0353807 0.171206 3.30474e-05 0.491254 1.14655e-06 2.02473e-06 0.000324256 0.0255351 0.00329418 1.5323e-06 
2.04767e-05 7.64358e-11 2.70203e-09 0.00467027 0.00458883 0.374187 9.42474e-10 0.000983563 0.00203921 2.673e-09 0.419965 9.85105e-07 0.034422 1.49069e-05 1.68335e-09 5.19052e-13 0.000663604 0.0026095 0.00529569 5.46639e-13 0.00183479 3.47338e-10 0.000712623 0.00619494 1.60988e-07 0.0128496 0.0188152 0.104581 0.00555143 1.83865e-09 
1.62663e-08 1.53441e-11 1.29633e-08 6.23909e-07 1.15692e-07 3.42124e-05 2.96531e-08 0.00161095 2.661e-07 1.4933e-08 3.12867e-08 7.42064e-08 0.000650856 4.94748e-11 1.88553e-08 8.53956e-11 6.93865e-11 9.2501e-08 0.0011791 0.00813326 0.0062929 0.00269705 2.81902e-11 0.523877 0.000678951 3.53996e-08 7.27672e-08 0.451403 0.00344093 2.59923e-08 
5.27234e-07 3.13381e-09 6.16161e-09 1.80866e-06 2.483e-05 2.30283e-09 1.25179e-09 1.25732e-05 1.13306e-05 1.78491e-05 0.013114 1.0032e-08 0.00375437 1.01045e-08 4.68997e-09 1.74409e-08 1.41712e-08 0.329216 2.97532e-05 2.80355e-05 0.000115892 0.636099 6.62652e-06 0.0174584 7.76312e-09 8.21699e-06 2.28233e-06 5.99293e-06 4.65374e-05 4.59553e-05 
2.04993e-05 2.89885e-13 5.69962e-13 3.04606e-06 0.0042946 0.121615 1.15794e-13 0.0012304 0.0067301 6.38112e-13 0.578033 1.3929e-09 0.00810088 6.69248e-08 7.8962e-09 1.61332e-12 7.00016e-08 0.0254969 0.0258606 1.69907e-12 0.00368503 3.89955e-13 1.48377e-07 0.00818362 1.44339e-10 0.012568 0.006456 0.182415 0.015307 8.62433e-09 
2.79536e-09 4.65528e-09 0.0175975 0.000199347 0.00248937 0.046136 0.00980983 0.0368096 0.00642545 0.0309376 0.00125912 0.00389407 0.00905135 4.61825e-06 0.000289248 2.59084e-08 0.00024288 3.76359e-05 9.07109e-05 0.00402329 0.00244538 0.727622 8.32123e-06 0.0811235 0.000589262 0.00110198 0.0178068 9.07128e-07 1.6128e-06 2.42321e-06 
1.35612e-05 1.4952e-08 1.22472e-05 8.47956e-06 0.00702128 0.14457 0.00926542 0.021965 0.014162 0.00103549 0.0304305 7.44708e-06 0.00349647 0.000322822 0.000404536 5.1818e-08 2.34716e-11 0.0338036 0.0290109 5.22153e-08 0.102055 0.000613716 0.0016392 0.344564 0.000151609 0.0176068 0.148056 0.0731605 0.0166221 1.78573e-07 
9.54841e-08 4.14147e-10 3.91391e-05 8.90286e-08 0.000791657 3.62124e-06 8.63092e-08 0.00646163 0.0184026 1.94877e-06 0.000379994 3.94067e-05 0.000548435 0.000217569 7.36676e-06 3.05657e-07 5.37702e-07 1.12143e-05 0.00487425 2.42739e-09 0.0265166 0.00204068 2.18643e-06 0.914162 3.63723e-05 2.0793e-07 0.000884158 0.0217739 0.00280342 1.53643e-07 
1.55959e-07 8.46252e-12 7.30604e-05 7.63311e-12 8.67277e-12 0.00767904 0.00171385 0.00793829 0.0013587 0.00113905 0.0387983 5.54305e-07 0.000137204 4.51829e-08 1.39103e-07 4.70972e-11 3.45396e-08 2.79085e-07 0.178626 4.96003e-11 0.0188892 9.24939e-08 3.41512e-07 0.209329 0.000522134 1.45374e-11 1.18563e-06 0.496282 0.0375119 3.59616e-11 
1.56119e-06 2.90553e-10 5.85613e-05 9.36665e-05 0.0477616 4.02694e-06 9.5021e-08 0.0184391 0.113706 0.000279779 5.26864e-05 4.63891e-07 3.11312e-07 2.74049e-06 1.31842e-07 1.61704e-09 1.51164e-07 4.02297e-06 0.00817231 1.70299e-09 0.0436061 0.00314269 7.77668e-06 0.75896 9.27837e-05 0.000746459 4.94878e-07 0.00173213 0.00312947 5.1861e-06 
7.95043e-09 1.32403e-08 0.000231747 0.330383 0.0127357 0.0226394 7.31052e-08 0.0836554 0.00133583 0.073402 0.0203842 1.88748e-07 0.0118093 1.05524e-06 0.00570723 1.71958e-08 0.000704061 0.191449 2.65991e-09 1.81097e-08 5.02526e-07 0.174257 0.000715494 0.0231992 2.82124e-05 0.00241144 3.16906e-05 0.0206984 0.0242022 1.7385e-05 
1.30694e-05 8.90919e-08 3.9145e-05 6.05948e-06 0.369572 0.0245527 0.00341347 3.90847e-05 1.13316e-05 9.48961e-05 0.00772827 1.66248e-05 0.0644934 0.00171396 1.33332e-07 4.95831e-07 7.29728e-06 1.19813e-05 5.64578e-05 5.57302e-06 5.32729e-08 4.32788e-05 2.50078e-05 0.000197041 6.29646e-06 0.000161625 0.0780401 0.448876 0.00087401 3.78598e-07 
8.64591e-11 1.43985e-10 2.831e-10 5.58586e-07 4.19093e-06 0.00755107 7.82255e-07 0.0568453 2.40498e-10 0.018071 0.00200597 5.53573e-07 1.79521e-10 4.64261e-10 0.0330306 8.01334e-10 6.51108e-10 0.0364061 3.64437e-06 8.43925e-10 0.00996345 0.835741 3.70609e-07 7.19399e-06 0.000329112 2.12742e-06 7.64936e-06 2.62738e-05 2.99446e-06 2.45359e-07 
5.33859e-06 6.97078e-07 1.50871e-06 0.00771256 0.0181706 0.067076 0.0191154 0.00159968 1.34133e-05 0.00173229 0.0205519 1.88774e-06 0.748808 0.00151046 0.0186766 2.43069e-07 0.000971336 0.00741498 0.000900085 0.00189753 0.00369024 0.016694 0.00909715 0.00760647 6.16302e-06 1.52286e-05 0.0132178 0.0159846 0.0175265 1.54667e-06 
6.83631e-06 8.0056e-13 1.57404e-12 1.9441e-06 0.0014316 0.0652861 3.19782e-13 0.000708405 0.0058225 1.76224e-12 0.420581 8.90969e-10 0.0515228 4.27157e-08 2.45889e-07 4.45542e-12 4.46803e-08 0.00849919 0.0274759 4.69223e-12 0.00122838 1.07692e-12 0.00171475 0.00272794 9.36472e-11 0.00901324 0.113463 0.278448 0.0120687 5.50697e-09 
0.00161686 0.000289065 0.000691384 0.0986475 0.0598718 0.0395419 0.010431 0.00226565 0.026273 0.000188158 0.0171557 0.00126598 0.0164389 0.00019363 0.0232011 0.000832269 0.000757476 0.00726569 0.022728 0.0241031 0.0206494 0.00403586 0.00114995 0.549432 0.00523793 0.0103804 0.00144259 0.00448996 0.009639 0.039785 
1.22557e-05 9.67829e-08 3.18351e-07 0.381391 0.0173289 0.0381194 0.000853203 0.0230963 0.000338037 0.0213154 0.0751157 4.75311e-05 0.013454 0.0656137 0.000510211 7.80004e-10 9.54379e-05 0.0209555 0.0296229 3.18536e-06 0.00220845 0.135848 0.0040629 0.147012 2.0076e-05 0.000223627 0.00155265 0.0107548 0.00834756 0.00209639 
6.26248e-08 2.80024e-08 8.21365e-07 0.000241511 0.0116861 0.0260941 0.00141064 2.66548e-07 0.00718211 6.16406e-08 0.0618761 0.000285514 3.49134e-08 9.02897e-08 4.19075e-08 1.55844e-07 1.26628e-07 1.40755e-06 0.016842 3.23548e-05 6.72546e-05 0.100619 0.000129062 0.0909572 6.93678e-08 1.21809e-06 0.0397656 0.0463768 0.00395789 0.592473 
7.96313e-07 1.7447e-10 0.0609247 1.5737e-10 1.03708e-05 0.000315965 0.0236911 0.0419441 0.00684856 0.00866022 1.24976e-10 3.12774e-05 2.17529e-10 2.36328e-06 3.70797e-06 9.70992e-10 7.88959e-10 6.46663e-06 0.0683468 1.0226e-09 0.0323445 1.22067e-06 2.46846e-06 0.547014 4.32199e-10 0.0311885 0.0635096 0.0813437 0.0338093 7.41414e-10 
0.000262356 2.33261e-07 4.5863e-07 0.00096702 0.000150821 0.000481509 0.324415 0.000291768 0.00109448 0.000100624 1.67089e-07 7.46715e-07 0.000432106 7.52116e-07 0.325923 1.29819e-06 1.05481e-06 4.9401e-07 0.000100512 0.0015187 0.000830967 0.340557 0.000861677 0.00115878 5.77836e-07 4.00709e-07 1.82773e-07 0.000165617 0.000606068 7.53231e-05 
1.51875e-09 2.52926e-09 5.17e-06 4.11286e-06 2.5921e-09 1.73027e-06 0.0199847 0.0404636 4.22462e-09 1.12534e-05 4.84581e-06 5.18471e-06 8.76299e-06 8.15525e-09 0.00010576 1.40763e-08 1.14374e-08 5.35659e-09 0.17543 8.56871e-06 1.05635e-06 0.599352 4.64678e-09 0.164608 6.26552e-09 7.61957e-07 1.98182e-09 3.50506e-06 4.38844e-07 6.35458e-07 
3.80111e-09 6.33021e-09 3.35344e-06 1.75692e-06 1.63837e-05 0.31169 0.000832794 0.000655566 7.37142e-05 7.09636e-05 6.26905e-05 3.02943e-06 0.525015 4.68338e-06 2.45452e-05 0.000553168 4.8516e-06 0.00113211 5.44953e-09 2.11153e-05 1.88512e-05 0.0915316 0.0277607 0.0358229 3.72613e-05 0.00147698 0.000130757 0.00150834 0.00154667 2.69004e-08 
0.000166228 1.15014e-09 2.26137e-09 0.000342883 2.42247e-06 8.4516e-10 0.0296354 0.00146394 1.09246e-06 4.21842e-06 0.00351507 1.88386e-07 0.00551133 6.3037e-07 0.00073592 6.40097e-09 5.20097e-09 4.87099e-06 0.000896773 4.6229e-05 0.0401585 0.00870781 1.03425e-06 0.798462 3.94027e-07 1.97578e-09 0.0826193 4.08967e-06 5.80733e-06 0.0277135 
3.34373e-08 5.5685e-08 0.000212871 0.000321281 5.70686e-08 4.0939e-05 9.26008e-06 0.00128023 0.00262766 1.80241e-05 8.76032e-05 6.82418e-05 0.000123328 0.000195737 3.92579e-05 3.28406e-05 5.77128e-05 1.73411e-05 0.000186012 3.2638e-07 0.00013528 0.0341996 0.000234488 0.958697 0.000230899 9.56592e-08 0.000676094 0.000245948 8.09099e-05 0.000180942 
7.96313e-07 1.7447e-10 0.0609247 1.5737e-10 1.03708e-05 0.000315965 0.0236911 0.0419441 0.00684856 0.00866022 1.24976e-10 3.12774e-05 2.17529e-10 2.36328e-06 3.70797e-06 9.70992e-10 7.88959e-10 6.46663e-06 0.0683468 1.0226e-09 0.0323445 1.22067e-06 2.46846e-06 0.547014 4.32199e-10 0.0311885 0.0635096 0.0813437 0.0338093 7.41414e-10 
3.77015e-05 9.29091e-09 1.26279e-05 2.38502e-07 1.76847e-06 0.130722 0.0149516 0.0234291 0.0201735 9.24637e-06 0.000686048 0.000301419 0.00168773 4.55877e-05 1.73649e-05 5.17075e-08 0.012355 0.0105526 0.00054632 5.44557e-08 0.345263 0.000492028 7.08645e-06 0.393995 7.81207e-06 7.70623e-05 0.000917879 0.0380418 0.00565145 1.70825e-05 
3.80759e-06 8.20178e-10 1.2606e-05 6.48235e-07 3.82196e-06 0.0485886 0.0669218 0.0597034 1.36994e-09 0.058493 5.2953e-06 1.78182e-05 0.156379 1.01264e-05 1.63278e-06 4.56461e-09 0.00151366 1.24852e-06 7.42284e-07 0.510407 8.8886e-06 0.0740746 0.00247547 0.0176836 2.13596e-06 4.42121e-06 6.42656e-10 0.00368571 1.42022e-06 3.48536e-09 
