1.56119e-06 2.90553e-10 5.85613e-05 9.36665e-05 0.0477616 4.02694e-06 9.5021e-08 0.0184391 0.113706 0.000279779 5.26864e-05 4.63891e-07 3.11312e-07 2.74049e-06 1.31842e-07 1.61704e-09 1.51164e-07 4.02297e-06 0.00817231 1.70299e-09 0.0436061 0.00314269 7.77668e-06 0.75896 9.27837e-05 0.000746459 4.94878e-07 0.00173213 0.00312947 5.1861e-06 
2.95876e-06 8.22057e-09 2.36605e-06 0.000461969 2.10261e-05 9.91865e-07 0.000159848 0.0500093 0.00890134 2.64493e-05 0.000825338 0.00084374 1.27303e-05 2.65061e-08 0.00042627 9.93766e-06 2.59623e-06 0.0023773 0.00238975 2.18689e-07 0.000175145 0.819532 1.51029e-08 0.108272 9.57419e-06 2.70752e-05 1.32256e-05 0.000526846 1.92095e-05 0.00495105 
8.45646e-06 1.75902e-13 0.000342349 1.39638e-09 0.0198909 2.22207e-05 1.29292e-09 0.00106291 0.681853 6.03178e-05 0.000310729 6.30727e-09 4.91288e-09 3.73203e-08 1.79036e-09 9.78962e-13 3.98909e-07 2.17989e-05 0.00489438 1.03099e-12 0.0105957 0.000727497 4.1547e-05 0.269635 4.21043e-05 9.06553e-09 7.81505e-09 0.0103715 9.23618e-05 2.72187e-05 
1.56119e-06 2.90553e-10 5.85613e-05 9.36665e-05 0.0477616 4.02694e-06 9.5021e-08 0.0184391 0.113706 0.000279779 5.26864e-05 4.63891e-07 3.11312e-07 2.74049e-06 1.31842e-07 1.61704e-09 1.51164e-07 4.02297e-06 0.00817231 1.70299e-09 0.0436061 0.00314269 7.77668e-06 0.75896 9.27837e-05 0.000746459 4.94878e-07 0.00173213 0.00312947 5.1861e-06 
8.45676e-07 1.80431e-10 8.00755e-06 7.87304e-07 6.01675e-06 1.30404e-05 4.76109e-07 0.00220505 0.0196513 7.34332e-06 0.00018427 3.85766e-06 0.0472356 4.47658e-06 2.59669e-05 1.67735e-06 2.96185e-06 4.07347e-05 0.0177072 3.80582e-06 0.0102154 0.278926 1.20785e-05 0.354182 0.00645112 1.84015e-06 0.253755 0.00867802 0.000674243 1.34929e-06 
2.92481e-06 4.07452e-08 4.47501e-06 4.06911e-06 4.17576e-08 1.96095e-05 0.00112375 0.0451238 2.66076e-05 0.000582559 0.0183815 0.0147307 0.00449542 5.13636e-05 1.83527e-05 2.26763e-07 1.84251e-07 0.00806656 2.46565e-05 0.0174846 6.70164e-06 0.889304 2.56737e-05 8.83013e-06 0.000130225 0.000267983 3.71907e-05 4.56724e-05 1.1472e-05 2.07538e-05 
4.89152e-07 1.01176e-08 6.81276e-05 4.58823e-07 3.44766e-06 0.000536876 3.79755e-06 0.105296 7.92323e-06 4.64999e-07 0.000725551 2.23595e-06 0.00154082 7.68719e-06 5.7474e-07 5.63082e-08 4.57521e-08 0.00223257 4.37911e-07 4.03482e-06 0.764654 0.00103737 2.18261e-05 0.0462653 6.075e-07 0.000342281 0.006524 0.0707193 3.14683e-06 8.13411e-07 
1.65714e-09 1.3594e-13 2.67281e-13 0.00528663 0.00273603 0.0728121 1.14086e-10 1.05288e-08 9.42076e-08 2.9924e-13 0.74804 6.53195e-10 0.0378791 3.13841e-08 3.70289e-09 7.5656e-13 3.28269e-08 0.000899256 0.00141842 7.9677e-13 0.00162372 1.82868e-13 6.95807e-08 0.0084932 6.76872e-11 0.00293749 0.00631533 0.107039 0.00451935 4.04434e-09 
1.08546e-05 2.03533e-09 7.44618e-05 0.000146223 0.00821765 2.76076e-06 1.19387e-05 0.000331528 0.000177636 0.000202722 0.00416952 4.95143e-05 4.67401e-05 6.56263e-09 1.25756e-05 1.13274e-08 9.27685e-07 6.17367e-05 9.64466e-06 4.52431e-05 0.0236214 0.885551 3.73932e-09 0.075644 1.30907e-05 2.36188e-05 0.000982972 0.000179329 7.05653e-05 0.000342377 
8.81773e-05 1.53721e-07 0.00113283 0.000228363 0.00967425 0.544742 0.00257083 0.0234287 0.000138482 0.000995865 0.0224645 7.24606e-06 0.0188612 7.05792e-05 0.0119005 1.12969e-06 4.98111e-05 0.241211 0.0131485 0.000177953 2.46973e-06 0.0759924 0.000603038 0.00387702 0.00952982 0.00783536 0.00838844 0.00237093 0.000507753 4.80215e-07 
0.000626487 2.20394e-12 4.33331e-12 6.17973e-09 0.0232801 0.000433937 2.68769e-05 0.0110778 0.11228 4.85145e-12 0.00679216 7.05525e-12 2.13951e-09 2.12501e-07 0.000149435 1.22658e-11 1.04985e-07 3.86851e-08 0.0203935 4.14561e-09 0.790806 9.58087e-05 0.00116364 3.97336e-05 5.39164e-09 2.15142e-06 0.032752 1.11585e-07 7.37008e-05 5.28744e-06 
0.000367161 1.03643e-09 2.03779e-09 0.000121838 2.1762e-06 0.0238706 9.13443e-07 0.0115067 9.75483e-06 2.85048e-05 0.152924 3.31781e-09 0.0060266 1.34122e-05 1.17584e-06 5.76811e-09 4.68676e-09 8.19687e-05 1.90989e-06 0.00864321 2.19877e-06 0.364847 1.90413e-09 0.401313 2.56745e-09 1.78044e-09 2.29659e-06 0.0226759 0.00145378 0.00610532 
2.06221e-05 8.36446e-07 1.64459e-06 1.85077e-05 8.57228e-07 0.000143009 4.41369e-05 0.00275725 0.0001192 0.00297684 5.49804e-05 2.67763e-06 0.000277118 2.697e-06 5.20986e-05 4.65514e-06 0.000145765 2.11248e-05 3.03722e-05 0.000142238 2.3478e-05 0.98936 0.000726781 4.16126e-05 4.15422e-05 0.00124467 0.000417524 4.78973e-05 0.00127591 3.55449e-06 
1.00516e-07 1.71616e-08 2.60664e-05 0.000814234 0.00704145 0.0691077 0.0200852 0.0527179 0.183904 2.91832e-05 0.00511609 7.61097e-06 1.42455e-05 3.90344e-05 6.54589e-06 1.76107e-05 7.76053e-08 6.55335e-06 8.67407e-05 0.00484001 0.0385823 0.524686 0.0565685 0.0192329 8.97434e-06 5.04641e-05 7.12821e-05 0.00567967 0.0112589 7.29285e-08 
8.45646e-06 1.75902e-13 0.000342349 1.39638e-09 0.0198909 2.22207e-05 1.29292e-09 0.00106291 0.681853 6.03178e-05 0.000310729 6.30727e-09 4.91288e-09 3.73203e-08 1.79036e-09 9.78962e-13 3.98909e-07 2.17989e-05 0.00489438 1.03099e-12 0.0105957 0.000727497 4.1547e-05 0.269635 4.21043e-05 9.06553e-09 7.81505e-09 0.0103715 9.23618e-05 2.72187e-05 
5.81794e-07 3.42605e-09 0.000506071 5.42769e-07 0.00274561 0.000101407 0.0319476 0.0714941 9.49406e-06 0.0100944 0.0265605 0.00323492 0.0445734 5.74929e-05 0.000289617 1.90673e-08 1.54927e-08 0.00221019 0.000135422 0.00458082 0.029688 0.591823 0.000256678 0.053361 0.00461858 1.26731e-06 0.0525784 0.0664311 0.00263107 6.85518e-05 
4.89152e-07 1.01176e-08 6.81276e-05 4.58823e-07 3.44766e-06 0.000536876 3.79755e-06 0.105296 7.92323e-06 4.64999e-07 0.000725551 2.23595e-06 0.00154082 7.68719e-06 5.7474e-07 5.63082e-08 4.57521e-08 0.00223257 4.37911e-07 4.03482e-06 0.764654 0.00103737 2.18261e-05 0.0462653 6.075e-07 0.000342281 0.006524 0.0707193 3.14683e-06 8.13411e-07 
3.61265e-09 2.99322e-11 5.88516e-11 6.00527e-05 1.04608e-06 3.38947e-06 2.51202e-08 9.53828e-07 5.89997e-07 2.43135e-06 0.575685 9.58189e-11 0.141345 3.28237e-07 4.47955e-11 1.66584e-10 4.062e-07 5.32553e-07 1.03074e-06 8.78944e-08 9.46825e-07 3.3424e-07 5.49915e-11 0.226691 1.63875e-06 2.41161e-06 0.0361745 1.39939e-05 0.0200134 1.27197e-10 
5.22109e-05 3.78894e-06 0.000643969 0.000197327 0.00394476 0.0654048 0.026537 0.100406 0.000571007 0.0215988 0.0541036 0.00123985 0.0119978 0.00429656 0.000102448 2.83015e-05 0.0652349 0.197699 0.0521656 1.15285e-05 1.62522e-05 0.336786 0.00295927 0.0261359 0.0106389 0.0018881 0.0089863 0.000461598 0.00587398 1.40403e-05 
6.16481e-08 8.3291e-10 6.11242e-07 5.27123e-05 0.000891473 0.832618 8.02323e-07 0.00219435 0.0910944 1.83345e-09 0.0217787 2.67542e-08 0.000556431 0.000194655 0.000501504 8.65519e-07 6.33796e-05 3.95176e-06 0.00288631 1.87278e-06 0.00368348 2.17453e-07 0.00195987 0.00321269 3.57189e-07 2.31263e-06 0.00626028 0.0118277 0.0202128 1.52761e-07 
3.50723e-06 5.75375e-07 4.71558e-05 2.22633e-06 0.00166028 0.000204551 1.16311e-06 0.00207785 0.820947 1.43926e-05 0.0018757 6.39457e-06 6.72473e-06 2.87956e-05 2.15332e-06 3.20218e-06 4.291e-05 0.000425491 0.00312954 3.37237e-06 0.000771326 0.0723629 1.9557e-05 0.0944948 1.68682e-05 1.20737e-05 1.00072e-05 0.000739883 0.000770856 0.000318378 
1.10817e-06 5.6436e-11 0.003653 0.0010187 0.412662 3.05646e-06 0.0568072 3.32202e-06 9.52168e-07 0.0225834 4.17203e-06 1.39129e-06 3.13832e-06 4.00516e-07 8.44603e-11 3.14088e-10 5.87227e-07 1.00411e-06 4.80019e-06 0.00236734 1.82262e-07 0.500107 2.11527e-06 2.51027e-07 5.17415e-07 1.37474e-05 0.000757008 1.30109e-06 1.33605e-06 6.4777e-07 
4.89152e-07 1.01176e-08 6.81276e-05 4.58823e-07 3.44766e-06 0.000536876 3.79755e-06 0.105296 7.92323e-06 4.64999e-07 0.000725551 2.23595e-06 0.00154082 7.68719e-06 5.7474e-07 5.63082e-08 4.57521e-08 0.00223257 4.37911e-07 4.03482e-06 0.764654 0.00103737 2.18261e-05 0.0462653 6.075e-07 0.000342281 0.006524 0.0707193 3.14683e-06 8.13411e-07 
4.89152e-07 1.01176e-08 6.81276e-05 4.58823e-07 3.44766e-06 0.000536876 3.79755e-06 0.105296 7.92323e-06 4.64999e-07 0.000725551 2.23595e-06 0.00154082 7.68719e-06 5.7474e-07 5.63082e-08 4.57521e-08 0.00223257 4.37911e-07 4.03482e-06 0.764654 0.00103737 2.18261e-05 0.0462653 6.075e-07 0.000342281 0.006524 0.0707193 3.14683e-06 8.13411e-07 
9.27492e-07 1.61379e-08 7.61877e-07 3.0299e-05 0.0011181 7.67792e-05 8.24088e-06 2.80471e-05 1.50483e-05 8.76667e-07 0.000332339 4.23824e-06 0.00403715 5.39088e-05 1.08734e-06 8.98138e-08 5.33153e-06 5.25452e-06 0.26723 1.86831e-05 0.0353807 0.171206 3.30474e-05 0.491254 1.14655e-06 2.02473e-06 0.000324256 0.0255351 0.00329418 1.5323e-06 
9.27492e-07 1.61379e-08 7.61877e-07 3.0299e-05 0.0011181 7.67792e-05 8.24088e-06 2.80471e-05 1.50483e-05 8.76667e-07 0.000332339 4.23824e-06 0.00403715 5.39088e-05 1.08734e-06 8.98138e-08 5.33153e-06 5.25452e-06 0.26723 1.86831e-05 0.0353807 0.171206 3.30474e-05 0.491254 1.14655e-06 2.02473e-06 0.000324256 0.0255351 0.00329418 1.5323e-06 
9.27492e-07 1.61379e-08 7.61877e-07 3.0299e-05 0.0011181 7.67792e-05 8.24088e-06 2.80471e-05 1.50483e-05 8.76667e-07 0.000332339 4.23824e-06 0.00403715 5.39088e-05 1.08734e-06 8.98138e-08 5.33153e-06 5.25452e-06 0.26723 1.86831e-05 0.0353807 0.171206 3.30474e-05 0.491254 1.14655e-06 2.02473e-06 0.000324256 0.0255351 0.00329418 1.5323e-06 
1.62663e-08 1.53441e-11 1.29633e-08 6.23909e-07 1.15692e-07 3.42124e-05 2.96531e-08 0.00161095 2.661e-07 1.4933e-08 3.12867e-08 7.42064e-08 0.000650856 4.94748e-11 1.88553e-08 8.53956e-11 6.93865e-11 9.2501e-08 0.0011791 0.00813326 0.0062929 0.00269705 2.81902e-11 0.523877 0.000678951 3.53996e-08 7.27672e-08 0.451403 0.00344093 2.59923e-08 
9.54841e-08 4.14147e-10 3.91391e-05 8.90286e-08 0.000791657 3.62124e-06 8.63092e-08 0.00646163 0.0184026 1.94877e-06 0.000379994 3.94067e-05 0.000548435 0.000217569 7.36676e-06 3.05657e-07 5.37702e-07 1.12143e-05 0.00487425 2.42739e-09 0.0265166 0.00204068 2.18643e-06 0.914162 3.63723e-05 2.0793e-07 0.000884158 0.0217739 0.00280342 1.53643e-07 
1.56119e-06 2.90553e-10 5.85613e-05 9.36665e-05 0.0477616 4.02694e-06 9.5021e-08 0.0184391 0.113706 0.000279779 5.26864e-05 4.63891e-07 3.11312e-07 2.74049e-06 1.31842e-07 1.61704e-09 1.51164e-07 4.02297e-06 0.00817231 1.70299e-09 0.0436061 0.00314269 7.77668e-06 0.75896 9.27837e-05 0.000746459 4.94878e-07 0.00173213 0.00312947 5.1861e-06 
6.26248e-08 2.80024e-08 8.21365e-07 0.000241511 0.0116861 0.0260941 0.00141064 2.66548e-07 0.00718211 6.16406e-08 0.0618761 0.000285514 3.49134e-08 9.02897e-08 4.19075e-08 1.55844e-07 1.26628e-07 1.40755e-06 0.016842 3.23548e-05 6.72546e-05 0.100619 0.000129062 0.0909572 6.93678e-08 1.21809e-06 0.0397656 0.0463768 0.00395789 0.592473 
3.77015e-05 9.29091e-09 1.26279e-05 2.38502e-07 1.76847e-06 0.130722 0.0149516 0.0234291 0.0201735 9.24637e-06 0.000686048 0.000301419 0.00168773 4.55877e-05 1.73649e-05 5.17075e-08 0.012355 0.0105526 0.00054632 5.44557e-08 0.345263 0.000492028 7.08645e-06 0.393995 7.81207e-06 7.70623e-05 0.000917879 0.0380418 0.00565145 1.70825e-05 
6.80053e-06 3.73181e-06 1.71173e-05 0.000908541 4.53486e-05 0.000920702 4.98581e-06 0.00269154 0.000135488 1.78145e-05 0.932634 1.10096e-05 0.000453 1.70194e-05 5.14702e-06 1.91406e-05 0.000369833 1.17099e-05 2.62184e-05 2.01579e-05 1.93189e-05 0.0038179 7.9247e-05 2.86957e-05 3.06439e-05 0.0320516 0.000285302 0.0249601 3.7759e-05 0.000369793 
1.30056e-05 4.48557e-08 6.77374e-06 9.98306e-06 0.000966642 0.00185752 9.05781e-05 0.00480202 0.000695526 7.83962e-06 3.21236e-05 5.53667e-05 8.38936e-05 1.44631e-07 0.000409436 2.49639e-07 2.02839e-07 0.00174297 0.00313755 2.62907e-07 0.0985691 0.00161486 0.0045818 0.841997 1.06026e-05 2.51685e-05 0.0141531 0.0196254 0.00549706 1.34234e-05 
3.66275e-06 1.27756e-10 0.000122265 5.12393e-05 0.00673142 9.22849e-06 4.69391e-07 0.000362929 0.227619 0.00113676 0.0158615 2.28992e-06 1.78639e-06 1.35485e-05 6.50046e-07 7.11013e-10 5.66523e-07 9.33544e-06 0.00165135 7.48803e-10 0.00355612 0.045837 1.86853e-05 0.670773 1.80862e-05 3.29632e-06 2.84159e-06 0.00347584 0.0227244 1.26289e-05 
0.000249781 1.89664e-08 3.72912e-08 0.0517414 0.000516468 0.142252 0.000338219 0.00192329 0.0115385 0.000111551 0.057036 4.26243e-06 0.0634229 0.000202073 0.000606225 1.05555e-07 0.00286238 0.00231399 0.00229958 0.00106051 0.00215416 0.00662951 0.000447914 0.633088 0.000306857 0.000403183 0.00069847 0.0173308 0.00043549 2.61097e-05 
7.54256e-06 4.02829e-07 7.9203e-07 7.43393e-06 0.0161046 0.000567287 0.000702352 0.0233601 1.08268e-05 0.00340304 7.04964e-06 5.55741e-05 0.0371313 0.53737 0.0108515 2.2419e-06 1.82161e-06 8.53131e-07 8.05912e-06 0.00172944 0.0166402 0.316104 0.000219314 0.000248253 9.97894e-07 6.92005e-07 0.00020499 0.0323165 0.00294112 1.71183e-06 
3.49023e-06 3.79129e-08 5.14095e-05 0.000215931 2.47113e-05 9.094e-07 1.34563e-05 0.00199114 0.000882174 3.2613e-06 6.69792e-06 6.94061e-05 0.00033884 1.16944e-05 4.07347e-06 2.11e-07 0.000250795 1.98028e-05 3.11339e-06 3.50266e-05 0.000205618 0.20155 6.96537e-08 0.793915 0.000212329 7.60984e-06 1.55476e-05 5.73059e-05 2.25668e-05 8.80166e-05 
1.56119e-06 2.90553e-10 5.85613e-05 9.36665e-05 0.0477616 4.02694e-06 9.5021e-08 0.0184391 0.113706 0.000279779 5.26864e-05 4.63891e-07 3.11312e-07 2.74049e-06 1.31842e-07 1.61704e-09 1.51164e-07 4.02297e-06 0.00817231 1.70299e-09 0.0436061 0.00314269 7.77668e-06 0.75896 9.27837e-05 0.000746459 4.94878e-07 0.00173213 0.00312947 5.1861e-06 
1.88077e-05 3.26782e-07 6.42508e-07 0.0733203 0.0066936 0.0604747 5.94862e-06 0.000987793 0.0100366 7.19333e-07 0.0590294 5.08467e-06 0.0276155 0.000195222 0.653277 1.81867e-06 0.000204572 0.00193957 0.000219666 5.40578e-05 0.000923649 4.39589e-07 0.008537 0.0296995 8.73157e-06 0.00114995 0.0184257 0.000504065 0.0466429 2.64071e-05 
4.10488e-05 4.99543e-07 6.51626e-07 0.00030124 0.000181465 0.000994338 0.000286104 0.0037199 0.00018617 8.06045e-05 0.0950454 0.000111006 0.0175433 1.06861e-06 5.33796e-05 8.26375e-06 9.27678e-06 0.00269398 0.00830045 0.00173303 0.00104982 0.0636717 7.51445e-07 0.779957 0.000336964 0.00102585 0.000139551 0.016578 0.00122984 0.00471945 
0.0187138 3.64811e-12 7.17279e-12 4.01481e-08 0.00328721 1.96502e-07 0.00627105 0.00710608 0.00248941 2.45739e-07 0.00238435 0.000195388 0.0193948 0.000414191 0.00514513 2.03234e-08 1.69094e-06 0.00298345 7.31786e-08 2.13822e-11 0.00236709 0.0217761 1.24e-07 0.507806 0.000347863 6.26694e-12 0.0473336 0.351934 5.18392e-07 4.78042e-05 
1.5781e-08 1.50653e-11 3.68686e-08 0.000431165 9.13293e-05 4.20774e-05 9.0138e-09 0.000417011 0.00137532 9.03262e-10 0.00137223 3.97959e-06 1.87835e-11 4.85761e-11 2.75169e-05 2.09593e-06 6.81261e-11 0.00181229 1.80469e-05 4.35021e-08 3.81159e-05 0.0173015 6.13596e-10 0.178611 6.81135e-10 2.96813e-05 2.62606e-08 0.000412076 1.7636e-07 0.798014 
0.000749224 8.25087e-08 3.03403e-06 3.43487e-06 2.57704e-05 0.00134864 0.000118391 0.0289815 5.92194e-05 3.49e-06 0.00212857 0.00354698 0.00969116 2.66038e-07 4.30519e-06 4.59193e-07 3.73108e-07 0.00857418 3.27832e-06 4.83599e-07 0.000214089 0.0167056 1.51585e-07 0.918906 0.00123063 7.99634e-06 0.00760316 5.9675e-05 2.35195e-05 6.10771e-06 
3.51206e-06 5.34756e-08 0.000181098 3.28773e-06 2.48161e-05 0.000106677 1.34841e-05 0.0200901 0.0020501 0.000214401 0.000952848 1.60451e-05 0.000339016 0.00490523 5.4495e-05 2.97612e-07 0.000251267 1.99068e-05 3.13788e-06 3.51736e-05 0.000206368 0.185914 7.39711e-05 0.780489 0.000330821 7.66375e-06 0.00177331 0.000106958 0.00182808 5.77712e-06 
0.000696085 1.84261e-09 3.62289e-09 0.0277477 0.00972918 0.401334 1.07161e-06 0.000840888 0.000287292 3.17337e-06 0.00437502 6.46423e-08 0.00418436 5.20266e-05 0.0154579 2.84488e-05 0.000492663 0.39346 0.00148083 8.81457e-05 0.103684 0.00194238 0.0011704 0.0153538 7.25408e-06 0.00151839 0.0062394 0.00279249 0.00703339 3.94376e-07 
0.00474913 2.4023e-10 7.76824e-07 9.08667e-07 0.000616966 0.000151022 1.31177e-06 0.39482 0.00237286 0.00022528 0.000938235 0.00127043 0.156592 0.00454792 0.000274822 1.0223e-06 8.50309e-05 0.000226849 8.67252e-07 1.40803e-09 0.00355533 0.159612 6.17196e-07 0.167939 7.19956e-05 2.12379e-06 0.000670357 0.0895568 0.0116871 2.97992e-05 
9.27492e-07 1.61379e-08 7.61877e-07 3.0299e-05 0.0011181 7.67792e-05 8.24088e-06 2.80471e-05 1.50483e-05 8.76667e-07 0.000332339 4.23824e-06 0.00403715 5.39088e-05 1.08734e-06 8.98138e-08 5.33153e-06 5.25452e-06 0.26723 1.86831e-05 0.0353807 0.171206 3.30474e-05 0.491254 1.14655e-06 2.02473e-06 0.000324256 0.0255351 0.00329418 1.5323e-06 
1.39255e-06 1.65123e-09 8.4818e-07 1.34053e-06 1.00458e-05 0.0128521 0.0050991 0.0614297 2.75803e-09 0.0263264 1.34443e-06 1.13083e-06 0.000459545 5.90521e-07 2.75039e-06 9.18971e-09 7.46691e-09 3.49705e-09 0.00374412 0.0003333 0.0110551 0.714474 3.03364e-09 0.163981 4.09044e-09 2.34117e-06 2.69579e-06 1.99886e-06 5.49345e-06 0.000213731 
0.00266118 8.05922e-10 1.58458e-09 7.47972e-05 0.000494625 0.0339975 1.25981e-05 5.04493e-06 1.34613e-09 0.031627 0.0031347 2.57992e-09 2.46651e-06 1.11213e-06 1.11556e-06 4.48527e-09 3.64441e-09 5.70443e-07 0.0150038 9.05324e-05 3.52205e-08 0.13477 7.63966e-07 0.266796 0.4988 0.000936423 8.83196e-07 0.011582 6.78415e-06 3.42478e-09 
9.27492e-07 1.61379e-08 7.61877e-07 3.0299e-05 0.0011181 7.67792e-05 8.24088e-06 2.80471e-05 1.50483e-05 8.76667e-07 0.000332339 4.23824e-06 0.00403715 5.39088e-05 1.08734e-06 8.98138e-08 5.33153e-06 5.25452e-06 0.26723 1.86831e-05 0.0353807 0.171206 3.30474e-05 0.491254 1.14655e-06 2.02473e-06 0.000324256 0.0255351 0.00329418 1.5323e-06 
8.45646e-06 1.75902e-13 0.000342349 1.39638e-09 0.0198909 2.22207e-05 1.29292e-09 0.00106291 0.681853 6.03178e-05 0.000310729 6.30727e-09 4.91288e-09 3.73203e-08 1.79036e-09 9.78962e-13 3.98909e-07 2.17989e-05 0.00489438 1.03099e-12 0.0105957 0.000727497 4.1547e-05 0.269635 4.21043e-05 9.06553e-09 7.81505e-09 0.0103715 9.23618e-05 2.72187e-05 
2.95876e-06 8.22057e-09 2.36605e-06 0.000461969 2.10261e-05 9.91865e-07 0.000159848 0.0500093 0.00890134 2.64493e-05 0.000825338 0.00084374 1.27303e-05 2.65061e-08 0.00042627 9.93766e-06 2.59623e-06 0.0023773 0.00238975 2.18689e-07 0.000175145 0.819532 1.51029e-08 0.108272 9.57419e-06 2.70752e-05 1.32256e-05 0.000526846 1.92095e-05 0.00495105 
7.60946e-08 3.6368e-11 1.13937e-07 0.0012356 0.0283956 0.342382 0.000735402 0.00486366 0.0149345 8.00556e-11 0.00801863 1.16421e-10 3.6029e-07 0.129414 2.06531e-07 2.02402e-10 1.64458e-10 0.000332015 3.02247e-07 2.1316e-10 0.122335 4.89225e-11 0.012431 0.0135955 3.58777e-08 0.061494 0.0892948 0.137981 0.0325561 1.77894e-07 
5.9259e-05 7.23409e-10 2.20505e-06 0.113309 0.000273698 0.381279 2.64477e-06 0.00184821 0.000321368 1.55071e-06 0.0879418 1.26133e-05 0.00061414 0.00155975 0.000223236 4.02605e-09 0.000463079 0.0341071 0.00379709 0.000165758 0.000104704 0.332431 0.00246088 0.0349969 2.31543e-07 0.00310475 0.000370153 0.000277862 0.000230786 4.06138e-05 
9.27492e-07 1.61379e-08 7.61877e-07 3.0299e-05 0.0011181 7.67792e-05 8.24088e-06 2.80471e-05 1.50483e-05 8.76667e-07 0.000332339 4.23824e-06 0.00403715 5.39088e-05 1.08734e-06 8.98138e-08 5.33153e-06 5.25452e-06 0.26723 1.86831e-05 0.0353807 0.171206 3.30474e-05 0.491254 1.14655e-06 2.02473e-06 0.000324256 0.0255351 0.00329418 1.5323e-06 
2.00024e-05 4.98077e-08 0.000275149 6.8807e-06 0.000112454 0.0107478 0.0272746 2.50371e-05 8.31936e-08 3.46199e-05 9.06642e-05 8.33348e-07 0.0264356 1.60598e-07 0.169605 6.13519e-06 2.25232e-07 4.29059e-05 0.000118747 2.91932e-07 0.00400116 1.85649e-06 0.391116 0.000543776 0.00734414 0.000354487 0.062344 0.105532 0.193966 2.11659e-07 
2.9972e-05 1.38234e-08 2.7179e-08 0.01082 0.0327012 0.00226647 0.0171256 0.000953428 3.31354e-06 0.000736489 0.000229132 6.82009e-07 0.883659 0.00856442 0.00897223 7.69323e-08 6.25097e-08 3.93102e-05 0.00331378 0.000206248 0.00136494 0.00753812 0.000187818 3.4829e-06 0.000402844 9.07413e-05 0.000846915 0.00063061 0.0192979 1.49299e-05 
2.51969e-08 3.6679e-11 7.2117e-11 0.092278 1.21898e-06 0.219393 5.32346e-08 0.0013195 0.0415787 8.07401e-11 0.183053 1.40418e-05 0.0134971 4.76916e-07 0.0104076 5.66084e-07 4.98881e-07 0.02632 0.0019991 3.61221e-07 4.66334e-07 0.0381196 0.00612747 0.349404 1.11409e-09 0.00194149 1.64855e-06 0.01106 0.00281827 0.000662975 
1.80671e-08 1.4821e-12 2.91406e-12 0.171326 8.7475e-07 0.487846 3.61192e-09 1.14791e-07 1.02711e-06 3.26249e-12 0.276603 7.12152e-09 1.96282e-06 3.42168e-07 0.000270527 8.24846e-12 3.57899e-07 1.16703e-06 0.00305454 8.68686e-12 0.00729548 5.58446e-09 7.5861e-07 0.0068068 7.37966e-10 0.00560001 0.0106484 0.0235344 0.00700798 4.40938e-08 
0.000575228 1.43088e-09 2.81335e-09 0.0120926 0.00971502 0.424973 2.05667e-07 0.000823427 0.000277389 8.03733e-07 0.00232675 6.95447e-08 0.00385904 5.52738e-05 0.0138991 4.05615e-06 0.000504779 0.398025 0.00149889 7.53191e-06 0.0961777 0.00176078 0.000936022 0.0148633 2.34693e-06 0.00160182 0.00666136 0.00294802 0.00640964 4.08525e-07 
0.00503145 2.33191e-06 4.03719e-05 3.1206e-05 0.0120088 0.0206161 0.000192221 0.005673 0.573202 0.000783166 0.00185528 0.00017893 0.00230394 0.00038234 0.00023214 1.81859e-05 0.00170981 0.00049051 0.000503964 2.49279e-06 0.00194609 0.0257019 0.000316305 0.212803 0.000370613 0.000139488 0.000902825 0.0618923 0.00676655 0.0639033 
0.000575228 1.43088e-09 2.81335e-09 0.0120926 0.00971502 0.424973 2.05667e-07 0.000823427 0.000277389 8.03733e-07 0.00232675 6.95447e-08 0.00385904 5.52738e-05 0.0138991 4.05615e-06 0.000504779 0.398025 0.00149889 7.53191e-06 0.0961777 0.00176078 0.000936022 0.0148633 2.34693e-06 0.00160182 0.00666136 0.00294802 0.00640964 4.08525e-07 
0.00189608 4.54573e-10 0.000105346 1.18596e-06 0.153525 0.000261516 5.76652e-07 0.0670734 0.000297426 0.000426612 0.00627018 6.68818e-07 4.17197e-06 1.46571e-09 0.00532314 2.52987e-09 0.000213725 0.0199815 0.0134953 2.66433e-09 0.00436589 0.5382 0.0322332 0.0770559 0.00308973 0.00874235 0.00715163 0.0591754 0.00110465 5.7778e-06 
9.48914e-07 2.25723e-10 2.66729e-07 0.00345553 2.31331e-10 0.583817 4.41896e-07 0.0242897 3.77023e-10 0.00645341 2.27999e-06 1.66267e-06 2.25992e-05 7.2781e-10 1.3178e-06 1.25623e-09 1.02073e-09 6.21507e-06 6.02584e-07 0.000216841 6.74994e-07 0.35381 5.9721e-06 5.8037e-06 2.06946e-06 1.12489e-06 7.14557e-06 0.027887 1.1526e-05 9.59213e-10 
8.20336e-06 1.04432e-06 0.000113765 5.02713e-06 0.00411311 1.82869e-05 2.51908e-06 0.000229636 0.859882 3.34497e-05 8.67802e-05 1.35966e-05 1.56758e-05 6.40421e-05 0.00823438 5.81205e-06 7.24564e-06 1.8743e-05 0.000945387 6.12096e-06 0.00191769 0.0630209 0.0134793 0.04578 3.9635e-05 2.83176e-05 2.36836e-05 0.00184142 3.0006e-05 3.37363e-05 
0.00248225 6.74483e-06 0.00610539 0.000230068 0.0806856 0.0055005 0.0137344 0.129355 0.0162218 0.0143576 0.00130119 0.0114234 8.4764e-05 1.09995e-05 0.0404614 0.0430521 1.61151e-05 0.00140561 0.01134 0.000185901 0.00147544 0.495329 0.00452922 0.00357759 0.000139744 0.000371087 0.00479397 0.0885235 0.023288 1.17546e-05 
3.49472e-06 3.68741e-08 1.29111e-05 3.2659e-06 2.47467e-05 2.01166e-05 3.14259e-06 0.00121741 0.0106976 1.21478e-05 0.000125421 1.59583e-05 0.000217967 2.95289e-05 8.50148e-05 1.12199e-05 1.96226e-05 4.318e-05 0.000138771 2.16126e-07 0.00533087 0.0127941 7.94289e-05 0.95827 0.00427489 7.6192e-06 0.00170685 0.00446635 0.000382272 5.69482e-06 
1.94236e-07 3.47625e-11 1.0615e-05 0.00198746 0.01601 0.00851612 0.000900182 0.0231308 0.0968153 8.71189e-06 0.026496 8.86027e-07 0.0158082 0.268707 4.27306e-05 3.85769e-06 1.4186e-05 0.0793767 0.000898386 2.03749e-10 0.010743 0.000672299 0.000561279 0.360415 1.69994e-05 0.0197096 0.0138381 0.054169 0.000870658 0.000276441 
1.62663e-08 1.53441e-11 1.29633e-08 6.23909e-07 1.15692e-07 3.42124e-05 2.96531e-08 0.00161095 2.661e-07 1.4933e-08 3.12867e-08 7.42064e-08 0.000650856 4.94748e-11 1.88553e-08 8.53956e-11 6.93865e-11 9.2501e-08 0.0011791 0.00813326 0.0062929 0.00269705 2.81902e-11 0.523877 0.000678951 3.53996e-08 7.27672e-08 0.451403 0.00344093 2.59923e-08 
0.00020946 5.60486e-07 0.000475316 3.32032e-05 0.00761328 0.0438941 0.00326651 0.00399791 0.00343813 5.6549e-07 0.359112 1.24065e-05 0.0156327 0.000122368 9.72635e-07 1.77039e-05 0.00825461 0.000190668 0.0100238 1.75702e-05 0.126942 0.00211992 9.75721e-05 0.138145 0.000204259 0.00595807 0.0839799 0.184267 0.00195896 1.357e-05 
8.45646e-06 1.75902e-13 0.000342349 1.39638e-09 0.0198909 2.22207e-05 1.29292e-09 0.00106291 0.681853 6.03178e-05 0.000310729 6.30727e-09 4.91288e-09 3.73203e-08 1.79036e-09 9.78962e-13 3.98909e-07 2.17989e-05 0.00489438 1.03099e-12 0.0105957 0.000727497 4.1547e-05 0.269635 4.21043e-05 9.06553e-09 7.81505e-09 0.0103715 9.23618e-05 2.72187e-05 
8.45607e-07 8.616e-09 5.51298e-06 7.90134e-07 5.98886e-06 8.94876e-06 7.64607e-07 0.00111922 0.00998131 5.08697e-06 9.79035e-05 3.86124e-06 0.000175019 7.18473e-06 6.36701e-05 2.72837e-06 4.77354e-06 2.37363e-05 8.87653e-05 5.04999e-08 0.00514013 0.012366 1.93284e-05 0.961459 0.00318989 1.84347e-06 0.00152185 0.00435984 0.000344422 1.37695e-06 
1.02405e-08 1.54896e-11 3.04552e-11 1.41112e-09 1.58744e-11 0.014925 1.27464e-07 0.00255727 2.20693e-06 3.40967e-11 8.1997e-07 3.97179e-08 2.53012e-07 0.052547 1.92429e-07 1.89739e-07 7.00446e-11 5.90811e-08 7.38752e-07 9.07874e-11 4.98309e-07 1.04392e-08 8.25557e-08 0.0174906 3.8371e-11 2.6609e-11 0.795752 0.0842059 0.032517 6.58234e-11 
1.34352e-06 5.23095e-09 1.7614e-05 1.25248e-06 9.54273e-06 0.0550106 0.0247218 0.00504233 0.0217968 0.00989477 0.000908135 6.13093e-06 0.0188749 0.000177143 1.91853e-05 1.08501e-05 0.000155541 2.03716e-05 0.00170713 1.00193e-05 0.0302478 0.424389 0.00065786 0.257315 0.0783855 0.000777979 0.0587107 0.00183423 0.00929362 2.15989e-06 
1.28872e-05 6.3412e-10 0.000177215 0.000240932 0.0138705 0.000721933 7.67227e-06 0.000473435 0.141541 1.21445e-05 0.000926087 6.1018e-06 1.14639e-05 2.06386e-07 9.90198e-09 3.92724e-09 2.50922e-08 0.000331778 0.00173521 1.37057e-09 0.000847824 0.0179518 0.000152516 0.24815 2.64378e-05 0.000225061 0.000191591 0.000494138 0.000136549 0.571755 
0.000141574 1.09358e-10 0.001075 9.6569e-08 1.12075e-10 0.00327481 0.00223137 2.55178e-06 9.66661e-05 0.0223653 3.22146e-06 3.50078e-10 0.023646 3.19586e-06 0.00767826 1.19739e-06 2.11444e-06 6.33858e-07 0.0202786 5.67806e-07 4.97568e-06 0.631978 0.000332047 0.286846 1.04251e-06 1.87862e-10 2.48714e-05 9.04755e-06 2.97545e-06 4.6472e-10 
1.56119e-06 2.90553e-10 5.85613e-05 9.36665e-05 0.0477616 4.02694e-06 9.5021e-08 0.0184391 0.113706 0.000279779 5.26864e-05 4.63891e-07 3.11312e-07 2.74049e-06 1.31842e-07 1.61704e-09 1.51164e-07 4.02297e-06 0.00817231 1.70299e-09 0.0436061 0.00314269 7.77668e-06 0.75896 9.27837e-05 0.000746459 4.94878e-07 0.00173213 0.00312947 5.1861e-06 
4.92698e-07 3.5759e-10 3.07123e-06 3.44876e-07 1.68145e-06 0.29793 0.0378427 0.02009 6.68127e-06 3.14109e-06 0.0135268 1.14472e-09 4.69314e-06 8.69538e-06 6.72618e-06 1.99012e-09 5.50647e-07 4.52847e-07 0.00778967 2.0959e-09 0.0320438 4.81032e-10 0.0958149 0.00729054 8.85825e-10 6.1429e-10 0.0239756 0.424952 0.0387072 1.51959e-09 
7.13223e-07 2.83039e-09 1.08412e-06 1.09565e-06 2.9148e-05 0.0269007 0.0198971 0.309904 4.72758e-09 2.62433e-05 5.71213e-06 5.58383e-05 1.93103e-05 0.0109274 2.69591e-05 1.57522e-08 1.27991e-08 3.48511e-06 0.000103541 0.00152544 0.0390126 0.41688 0.00792539 0.106308 0.0266125 2.20258e-05 7.9364e-06 0.0337876 1.54476e-05 1.20278e-08 
2.97935e-06 6.24725e-07 1.03959e-05 2.98777e-06 1.91704e-05 1.47416e-05 2.59979e-06 0.000750349 0.00656278 1.001e-05 8.11743e-05 1.38791e-05 0.000140092 2.41128e-05 5.61709e-05 1.17531e-05 1.7444e-05 3.10286e-05 9.37767e-05 3.66163e-06 0.00323668 0.00776297 6.07791e-05 0.974292 0.00278413 6.73961e-06 0.00106157 0.00270123 0.000237255 6.80803e-06 
1.73983e-06 2.74934e-08 5.40566e-08 0.294401 8.34699e-05 0.181672 0.000249134 0.00253109 9.80207e-05 6.05202e-08 0.000486819 7.66876e-07 0.494164 3.27274e-05 3.89191e-06 1.53011e-07 3.42634e-05 0.00011138 3.69012e-05 0.00163549 3.19374e-05 0.000548309 7.24135e-05 0.00406903 1.38151e-07 0.00267885 0.00011287 0.0168699 7.0376e-05 4.32231e-06 
0.000907336 5.16089e-10 0.00261261 5.38225e-07 0.028179 0.11366 0.0265559 0.113193 1.00664e-06 0.00155441 4.40768e-06 1.47123e-06 0.138311 4.24579e-07 0.0172444 5.95617e-05 8.22165e-06 0.000850763 0.205388 0.00579633 0.0410319 0.0235849 0.00911646 0.000406825 6.2339e-06 0.00747921 0.000310447 0.190638 0.0730977 2.19313e-09 
9.27492e-07 1.61379e-08 7.61877e-07 3.0299e-05 0.0011181 7.67792e-05 8.24088e-06 2.80471e-05 1.50483e-05 8.76667e-07 0.000332339 4.23824e-06 0.00403715 5.39088e-05 1.08734e-06 8.98138e-08 5.33153e-06 5.25452e-06 0.26723 1.86831e-05 0.0353807 0.171206 3.30474e-05 0.491254 1.14655e-06 2.02473e-06 0.000324256 0.0255351 0.00329418 1.5323e-06 
1.91045e-06 7.94819e-09 1.56275e-08 0.0215919 0.0173319 0.730403 2.86236e-06 0.00109361 0.000595682 1.11782e-05 0.00435326 7.76142e-07 0.00672056 0.000168291 0.000658822 5.6479e-05 0.000204517 0.0365852 0.00268325 0.00010493 0.118409 0.000300726 0.0017308 0.0260728 0.000119907 0.00310513 0.0116204 0.00510357 0.0109652 4.68426e-06 
9.27492e-07 1.61379e-08 7.61877e-07 3.0299e-05 0.0011181 7.67792e-05 8.24088e-06 2.80471e-05 1.50483e-05 8.76667e-07 0.000332339 4.23824e-06 0.00403715 5.39088e-05 1.08734e-06 8.98138e-08 5.33153e-06 5.25452e-06 0.26723 1.86831e-05 0.0353807 0.171206 3.30474e-05 0.491254 1.14655e-06 2.02473e-06 0.000324256 0.0255351 0.00329418 1.5323e-06 
3.86747e-06 1.09721e-07 1.54267e-05 1.89697e-06 0.000183857 0.00117733 2.03467e-06 0.00231595 0.0364328 1.27346e-05 8.05462e-05 0.000116753 9.24837e-05 5.16531e-05 3.00757e-05 2.41062e-06 4.36577e-06 3.99642e-05 0.000230234 6.43096e-07 0.0169523 0.0515598 1.74773e-05 0.868818 0.00129558 4.78792e-06 0.00457801 0.00491661 0.0110561 5.87047e-06 
4.92698e-07 3.5759e-10 3.07123e-06 3.44876e-07 1.68145e-06 0.29793 0.0378427 0.02009 6.68127e-06 3.14109e-06 0.0135268 1.14472e-09 4.69314e-06 8.69538e-06 6.72618e-06 1.99012e-09 5.50647e-07 4.52847e-07 0.00778967 2.0959e-09 0.0320438 4.81032e-10 0.0958149 0.00729054 8.85825e-10 6.1429e-10 0.0239756 0.424952 0.0387072 1.51959e-09 
7.0141e-05 6.77668e-10 0.00153289 0.00137653 0.00489195 0.214841 0.0172215 0.365744 1.1319e-09 0.0197983 0.0940057 1.13596e-06 0.0642552 7.20549e-06 0.086736 3.77148e-09 3.06444e-09 5.37914e-05 5.47121e-06 1.83721e-05 8.61419e-06 0.000656023 0.0406692 0.0212096 0.000717571 4.13805e-05 2.46082e-06 0.0510118 0.0151239 2.87976e-09 
1.79356e-06 1.11671e-07 9.03733e-05 1.70794e-06 1.23993e-05 5.27777e-05 6.72098e-06 0.0119688 0.00120505 0.000107143 0.000532048 8.23299e-06 0.000195263 0.0884552 2.82519e-05 6.21493e-07 0.000124992 1.00567e-05 1.63009e-06 1.79422e-05 0.000102436 0.111119 0.00129839 0.778657 0.00018297 3.94847e-06 0.00468272 5.80664e-05 0.00107075 3.22801e-06 
1.47477e-05 8.01943e-10 4.57501e-05 0.000208242 0.0172653 1.60748e-05 3.53256e-07 0.0219467 0.0685721 0.00533641 0.00749985 0.000717232 3.23664e-06 1.01905e-05 4.89881e-07 0.000491082 5.22493e-07 0.00883692 0.00163609 1.612e-05 0.0237453 0.390942 1.25005e-05 0.302824 0.00602608 0.000152072 5.14779e-06 0.00105974 1.20769e-05 0.142604 
1.62663e-08 1.53441e-11 1.29633e-08 6.23909e-07 1.15692e-07 3.42124e-05 2.96531e-08 0.00161095 2.661e-07 1.4933e-08 3.12867e-08 7.42064e-08 0.000650856 4.94748e-11 1.88553e-08 8.53956e-11 6.93865e-11 9.2501e-08 0.0011791 0.00813326 0.0062929 0.00269705 2.81902e-11 0.523877 0.000678951 3.53996e-08 7.27672e-08 0.451403 0.00344093 2.59923e-08 
1.21269e-05 2.36187e-12 0.00015457 7.01041e-06 0.00435713 0.000294518 7.65543e-09 0.184599 0.0236672 0.00131784 0.00438476 0.00157444 0.00733325 7.61551e-12 0.000869907 1.31447e-11 1.06805e-11 0.000111095 6.69091e-06 4.79535e-08 0.265025 0.0116977 8.24376e-08 0.44613 0.000561744 2.00898e-05 0.00432343 0.00556974 0.0379786 4.40865e-06 
0.0800363 1.16388e-11 6.86745e-08 2.20565e-08 1.34798e-07 0.00363672 0.00145649 8.39632e-07 3.69384e-07 0.0709524 5.31916e-07 3.2791e-07 0.0228149 2.0644e-07 0.00749516 6.48392e-08 5.39473e-06 1.25735e-07 7.91646e-08 1.29681e-07 5.42908e-08 0.813593 2.15967e-09 1.1153e-06 2.13385e-07 1.99938e-11 1.78754e-07 2.96644e-06 1.65386e-06 1.0886e-07 
7.0141e-05 6.77668e-10 0.00153289 0.00137653 0.00489195 0.214841 0.0172215 0.365744 1.1319e-09 0.0197983 0.0940057 1.13596e-06 0.0642552 7.20549e-06 0.086736 3.77148e-09 3.06444e-09 5.37914e-05 5.47121e-06 1.83721e-05 8.61419e-06 0.000656023 0.0406692 0.0212096 0.000717571 4.13805e-05 2.46082e-06 0.0510118 0.0151239 2.87976e-09 
0.000412833 1.17679e-09 3.57609e-06 1.12243e-07 8.5103e-07 0.00772963 0.0224862 0.0556933 0.0225714 0.00359239 9.07467e-05 0.000614244 0.00115968 1.4426e-06 0.00269476 5.4541e-07 0.00038308 1.84857e-05 0.0102024 2.00248e-06 0.0732914 0.0200448 3.88469e-06 0.772741 0.000120476 2.61894e-07 0.00147411 0.00433173 0.000334406 1.95476e-07 
4.89152e-07 1.01176e-08 6.81276e-05 4.58823e-07 3.44766e-06 0.000536876 3.79755e-06 0.105296 7.92323e-06 4.64999e-07 0.000725551 2.23595e-06 0.00154082 7.68719e-06 5.7474e-07 5.63082e-08 4.57521e-08 0.00223257 4.37911e-07 4.03482e-06 0.764654 0.00103737 2.18261e-05 0.0462653 6.075e-07 0.000342281 0.006524 0.0707193 3.14683e-06 8.13411e-07 
2.12277e-07 3.71334e-10 7.30105e-10 1.56352e-07 1.83476e-05 0.00145358 5.78797e-07 9.2528e-07 6.20237e-10 8.17404e-10 4.96767e-07 1.18872e-09 0.000950175 1.19731e-09 3.94819e-06 2.06662e-09 1.67919e-09 7.86428e-10 1.8875e-07 2.17646e-09 0.0782777 4.99521e-10 0.000260086 1.33242e-06 7.86473e-07 4.20312e-06 0.0378531 5.98211e-06 0.881168 1.57799e-09 
0.000575228 1.43088e-09 2.81335e-09 0.0120926 0.00971502 0.424973 2.05667e-07 0.000823427 0.000277389 8.03733e-07 0.00232675 6.95447e-08 0.00385904 5.52738e-05 0.0138991 4.05615e-06 0.000504779 0.398025 0.00149889 7.53191e-06 0.0961777 0.00176078 0.000936022 0.0148633 2.34693e-06 0.00160182 0.00666136 0.00294802 0.00640964 4.08525e-07 
1.15676e-06 8.74419e-09 3.6201e-06 0.000140926 8.96144e-09 0.0071535 0.00372968 0.0238744 8.35261e-05 2.55204e-06 0.157247 2.61997e-06 1.09023e-08 0.0106708 0.000895568 4.86648e-08 2.93014e-06 4.00905e-05 5.36371e-06 0.000271057 0.000651749 0.720726 3.53924e-06 0.0736408 2.16612e-08 4.77345e-06 0.000114924 0.000528302 0.000202767 1.667e-06 
9.27492e-07 1.61379e-08 7.61877e-07 3.0299e-05 0.0011181 7.67792e-05 8.24088e-06 2.80471e-05 1.50483e-05 8.76667e-07 0.000332339 4.23824e-06 0.00403715 5.39088e-05 1.08734e-06 8.98138e-08 5.33153e-06 5.25452e-06 0.26723 1.86831e-05 0.0353807 0.171206 3.30474e-05 0.491254 1.14655e-06 2.02473e-06 0.000324256 0.0255351 0.00329418 1.5323e-06 
9.27492e-07 1.61379e-08 7.61877e-07 3.0299e-05 0.0011181 7.67792e-05 8.24088e-06 2.80471e-05 1.50483e-05 8.76667e-07 0.000332339 4.23824e-06 0.00403715 5.39088e-05 1.08734e-06 8.98138e-08 5.33153e-06 5.25452e-06 0.26723 1.86831e-05 0.0353807 0.171206 3.30474e-05 0.491254 1.14655e-06 2.02473e-06 0.000324256 0.0255351 0.00329418 1.5323e-06 
1.56119e-06 2.90553e-10 5.85613e-05 9.36665e-05 0.0477616 4.02694e-06 9.5021e-08 0.0184391 0.113706 0.000279779 5.26864e-05 4.63891e-07 3.11312e-07 2.74049e-06 1.31842e-07 1.61704e-09 1.51164e-07 4.02297e-06 0.00817231 1.70299e-09 0.0436061 0.00314269 7.77668e-06 0.75896 9.27837e-05 0.000746459 4.94878e-07 0.00173213 0.00312947 5.1861e-06 
1.82573e-06 3.41614e-08 2.49535e-05 8.49438e-07 0.000410127 0.000779736 4.96052e-05 0.00645802 0.162148 7.01346e-05 0.000162223 1.2525e-05 0.00216771 0.000131562 2.06782e-05 3.5713e-06 0.00098182 2.93814e-05 0.000542701 7.13315e-05 0.0112911 0.0229191 0.00160344 0.733027 0.0381481 2.17414e-06 0.0125907 0.00598445 0.000364948 2.5693e-06 
9.25036e-05 4.09562e-08 0.00170165 3.25287e-06 0.000914048 9.08376e-07 0.00595481 0.162723 0.000882191 3.25625e-06 6.67542e-06 1.58895e-05 0.00994141 0.000142247 4.06317e-06 2.27937e-07 0.00101756 1.97363e-05 4.39897e-05 0.00147071 0.000204859 0.0760379 0.000135035 0.725817 0.0127588 7.58716e-06 1.54925e-05 5.7095e-05 2.24852e-05 5.68354e-06 
6.69201e-09 8.07522e-13 6.51126e-09 8.88693e-09 6.43869e-08 1.29959e-08 0.00070573 0.000595095 0.0179513 5.68999e-09 0.000397908 4.91417e-09 0.00147661 0.000176682 0.000387174 1.03411e-08 1.82618e-08 0.000414415 0.00137688 4.73303e-12 0.00597786 0.000496743 0.00137791 0.757565 4.68287e-05 1.38721e-12 0.181476 0.0295775 2.56989e-08 4.80764e-09 
0.000447146 2.31033e-10 0.0683672 0.000476992 2.67921e-05 0.254799 7.65876e-06 0.250125 3.14587e-05 1.97695e-06 0.118669 2.18713e-07 6.01177e-05 1.04806e-05 0.000929947 1.28579e-09 1.09626e-05 3.57444e-05 0.0183663 1.35413e-09 0.0612416 3.10787e-10 0.00560805 0.151735 2.30624e-08 2.09147e-05 3.62341e-05 0.0278656 0.0357258 0.00540117 
9.27492e-07 1.61379e-08 7.61877e-07 3.0299e-05 0.0011181 7.67792e-05 8.24088e-06 2.80471e-05 1.50483e-05 8.76667e-07 0.000332339 4.23824e-06 0.00403715 5.39088e-05 1.08734e-06 8.98138e-08 5.33153e-06 5.25452e-06 0.26723 1.86831e-05 0.0353807 0.171206 3.30474e-05 0.491254 1.14655e-06 2.02473e-06 0.000324256 0.0255351 0.00329418 1.5323e-06 
8.96568e-07 3.94823e-10 0.0366625 9.67578e-06 1.60001e-06 0.0151622 0.0103435 0.0730266 5.92587e-07 0.0859843 0.242764 0.0048944 0.0896021 1.27305e-09 2.7649e-06 2.19734e-09 1.78541e-09 8.15116e-07 1.5765e-06 2.31413e-09 0.04805 0.00123295 7.25371e-10 0.00918263 1.2069e-07 3.68842e-06 0.001844 0.331667 0.0495625 1.67781e-09 
1.62663e-08 1.53441e-11 1.29633e-08 6.23909e-07 1.15692e-07 3.42124e-05 2.96531e-08 0.00161095 2.661e-07 1.4933e-08 3.12867e-08 7.42064e-08 0.000650856 4.94748e-11 1.88553e-08 8.53956e-11 6.93865e-11 9.2501e-08 0.0011791 0.00813326 0.0062929 0.00269705 2.81902e-11 0.523877 0.000678951 3.53996e-08 7.27672e-08 0.451403 0.00344093 2.59923e-08 
6.36422e-05 3.76561e-07 6.89385e-05 2.28939e-05 3.85917e-07 0.0157532 0.0156305 0.0475107 0.0115017 0.000358664 0.00206611 0.000273113 0.00351082 1.95759e-05 5.7122e-05 2.09571e-06 1.70283e-06 0.00359293 0.156943 0.00107074 0.0075487 0.703174 0.0178572 0.00066291 3.68413e-05 6.4688e-07 0.0116262 0.000297404 0.000346461 1.60021e-06 
3.783e-08 1.4315e-11 2.81457e-11 5.81169e-08 0.037803 0.0346218 0.00388862 0.0338045 2.74731e-06 3.15111e-11 0.0332979 1.37934e-08 0.0335603 0.223264 1.02854e-07 7.96685e-11 6.4733e-11 1.84964e-07 0.119435 1.18311e-06 0.0706915 0.0857586 0.00756727 0.200228 7.48268e-07 1.17056e-06 0.0668069 2.12067e-06 0.0492634 2.55555e-07 
9.27492e-07 1.61379e-08 7.61877e-07 3.0299e-05 0.0011181 7.67792e-05 8.24088e-06 2.80471e-05 1.50483e-05 8.76667e-07 0.000332339 4.23824e-06 0.00403715 5.39088e-05 1.08734e-06 8.98138e-08 5.33153e-06 5.25452e-06 0.26723 1.86831e-05 0.0353807 0.171206 3.30474e-05 0.491254 1.14655e-06 2.02473e-06 0.000324256 0.0255351 0.00329418 1.5323e-06 
3.57568e-05 8.36576e-11 1.36499e-07 0.000980318 0.000843082 0.86225 1.49719e-07 0.00109301 0.00320143 0.0028914 0.0379099 5.32298e-07 0.0136619 3.02933e-05 6.28881e-05 2.25718e-05 0.000214118 0.000360959 3.5077e-07 4.90332e-10 3.03612e-07 1.5789e-07 0.00185071 0.0134818 8.73342e-10 0.0072778 0.0321692 0.0176565 0.00400273 1.87758e-06 
1.73983e-06 2.74934e-08 5.40566e-08 0.294401 8.34699e-05 0.181672 0.000249134 0.00253109 9.80207e-05 6.05202e-08 0.000486819 7.66876e-07 0.494164 3.27274e-05 3.89191e-06 1.53011e-07 3.42634e-05 0.00011138 3.69012e-05 0.00163549 3.19374e-05 0.000548309 7.24135e-05 0.00406903 1.38151e-07 0.00267885 0.00011287 0.0168699 7.0376e-05 4.32231e-06 
2.20456e-05 2.85118e-09 0.000862301 0.000615322 2.99088e-05 0.0445541 0.0116681 0.0449302 2.92032e-06 0.00041618 0.012946 5.92681e-05 0.00279838 2.05521e-05 0.00078859 1.46059e-06 1.28932e-08 0.0653071 0.00114417 4.31725e-05 2.45672e-05 0.430605 5.23821e-09 0.356597 7.06298e-09 0.000420818 0.000437105 0.0256741 1.2912e-05 1.87275e-05 
4.29794e-07 1.78896e-10 3.55256e-08 5.16521e-07 7.18712e-06 0.101576 9.36188e-07 0.0374649 2.98808e-10 7.48606e-07 0.115054 5.72681e-10 0.0602285 3.09183e-05 2.67729e-10 9.95623e-10 8.08973e-10 3.86488e-06 0.0127335 4.92918e-06 5.57332e-06 0.149792 2.8926e-06 0.0230809 0.000224906 3.07318e-10 2.81766e-06 0.299549 0.198454 0.00178158 
