0.0379643 0.795093 0.000799249 4.09749e-05 0.00228378 0.00190963 0.000969858 0.0115646 8.52505e-05 4.00773e-05 0.00265265 0.000141021 0.00339412 0.000159965 0.000580131 1.88088e-07 1.6193e-06 0.00826698 1.77666e-06 1.98085e-07 0.0356516 0.000604896 7.18552e-06 0.0589105 0.000160287 0.000634232 0.000533291 0.0165755 0.0209729 2.22229e-07 
0.00540942 0.394656 0.0462383 0.00163116 0.00740196 0.00712284 0.191176 0.0049704 0.00634853 0.142265 0.038594 0.00237915 0.00207942 2.7611e-05 0.000881362 2.48865e-07 0.000335085 0.0220721 0.00801928 0.000221083 0.0193481 0.0004684 6.5997e-05 0.043589 0.00217798 0.0157781 0.0260551 0.0100125 0.000676497 8.19199e-09 
0.088809 0.683778 8.20781e-05 3.31207e-05 0.00381368 0.00844781 0.029723 0.00773616 8.73156e-05 0.000202891 0.0180934 4.74831e-06 0.00268219 1.22403e-06 0.072836 6.43205e-11 0.000316624 0.0168858 0.000234484 4.21173e-07 0.000606976 0.000832201 0.00115796 0.0173571 0.0359655 0.000572891 0.00774689 0.00101355 0.000916812 6.24588e-05 
0.200768 0.430306 0.034841 0.0562894 0.0128206 0.00225575 0.0968216 0.115092 9.05915e-05 0.00930296 0.00111826 1.25531e-07 0.00118199 1.55841e-07 0.0117517 1.77972e-07 0.000346156 0.00112412 0.00017365 0.000467987 0.00519429 0.012061 0.000147269 0.00502403 0.000337121 5.03567e-05 0.000164532 0.000895312 0.00137251 5.68267e-07 
0.0224113 0.744993 0.000717001 1.12406e-06 0.000851169 2.97477e-06 5.98379e-05 0.000590821 0.0130064 2.86844e-09 0.000940999 9.2054e-07 0.000898298 4.84511e-07 1.29286e-05 7.25218e-09 5.8926e-09 0.00401088 7.70654e-08 1.52597e-06 0.00322312 0.00317836 9.54246e-07 0.201471 4.42056e-06 1.43306e-05 2.32167e-05 2.81952e-05 0.00355653 2.90357e-07 
0.11834 0.523078 0.167053 1.65477e-09 0.000273805 3.31834e-05 0.0824091 0.0037738 0.000175795 2.73591e-07 1.80422e-12 0.000365781 2.92354e-05 6.28849e-08 0.00231674 1.40177e-11 0.0951085 1.52405e-05 4.64033e-05 1.47628e-11 0.00149854 1.76666e-05 0.000158831 0.00110259 2.73673e-05 4.22605e-08 0.00078269 0.00181758 0.00157534 1.07034e-11 
0.0711285 0.149911 0.00619837 3.02996e-05 0.00890656 0.0968574 0.108112 0.00482051 0.00672415 0.00159749 0.110767 4.0737e-07 0.0159992 0.00387353 0.022717 3.95717e-09 0.00302703 0.00280565 0.0472245 1.38363e-05 0.0275822 0.00108663 0.132976 0.0445226 0.0269682 0.00834948 0.0186857 0.0444806 0.0346344 5.69606e-08 
0.0208304 0.2466 0.00365429 2.83967e-05 0.0392687 0.00101994 0.0338463 0.131478 0.00120831 9.05116e-05 8.6517e-05 0.000459138 0.000247998 0.00188193 0.00582073 2.67356e-10 1.40876e-07 0.000201945 0.00438128 9.98001e-06 0.127802 0.00114519 0.000215052 0.173007 0.0023591 0.002854 0.00730253 0.178799 0.0154005 6.17685e-07 
0.0507188 0.570994 0.00653828 3.56811e-06 0.0134537 0.00977029 0.0716272 0.0104006 0.000388217 0.00238636 0.0250906 0.000107435 0.00305241 3.60473e-05 0.00112234 2.28094e-07 0.000216309 0.00300511 0.0257217 0.000143224 0.0368578 0.0125386 0.000548051 0.0365065 3.95388e-05 0.00449074 0.00267743 0.0679506 0.0435779 3.64615e-05 
0.00119388 0.308529 0.000428549 0.0010684 0.0559189 0.155683 0.0222976 0.000723255 0.00361538 0.00244006 0.039944 0.000532735 0.000423338 0.0498953 0.00025706 0.000904186 0.000240212 0.000483787 0.121926 0.00401469 0.00102553 0.000338672 0.00447029 0.00189489 1.16147e-06 5.21743e-05 0.104193 0.0465246 0.0708685 0.00011281 
0.0264959 0.48579 0.0108557 0.000392303 0.0070875 0.0121657 0.192556 0.07769 0.0402701 0.00858249 0.00736592 4.47039e-05 0.00544611 0.00308677 0.00830602 2.92071e-07 0.0120715 0.000325328 0.0112508 0.000699115 0.0425245 0.00347408 0.0123297 0.0077275 4.91354e-05 0.00296534 0.00775533 0.0019305 0.0107563 5.36366e-06 
0.0207766 0.957206 8.73242e-07 1.1243e-08 2.7925e-05 0.000773188 0.0151604 0.00127581 0.000289003 0.000125187 0.000100126 1.8347e-05 1.9527e-06 9.49117e-07 0.00289295 0.000423988 1.92186e-10 9.00083e-11 0.000595376 1.75979e-07 0.000124178 1.32704e-07 6.00217e-08 0.000115412 1.05281e-10 7.30089e-11 3.82976e-05 1.51202e-11 5.279e-05 1.80604e-10 
5.02357e-11 0.573022 2.10565e-06 4.52841e-07 0.0616566 0.00206634 0.156321 0.0146768 1.39738e-10 1.73127e-06 0.0234672 2.67814e-10 1.04308e-10 2.69751e-10 1.25204e-10 4.65603e-10 3.78316e-10 1.89407e-05 7.20213e-11 1.2754e-06 4.10255e-07 0.053843 2.75142e-06 0.111068 2.07245e-10 1.5954e-06 6.55528e-11 6.28049e-07 0.00384991 2.13666e-07 
0.0209162 0.431568 5.6727e-05 5.91026e-07 0.0052828 0.0733226 0.0467054 0.205127 0.0471174 2.86925e-05 0.0023005 1.04878e-08 0.00054915 0.0254337 0.00490264 3.91275e-10 2.83833e-05 0.00606283 0.00110527 2.50329e-07 0.0223819 2.31428e-05 0.0175085 0.00308806 1.72442e-08 0.00292853 0.0270451 0.00150773 0.0550083 2.98763e-10 
0.0396144 0.169572 0.0189847 1.05231e-06 0.0390717 0.0315645 0.0520519 0.0106542 0.0275992 0.000116592 0.0146059 0.00299916 0.00326058 0.000705637 0.0292456 1.66451e-08 0.000144599 0.000138775 0.0925486 0.000107587 0.0839288 0.00888476 0.152895 0.0261562 1.06191e-05 0.000200107 0.0300946 0.0446296 0.120213 6.94323e-07 
0.0209534 0.536649 6.51432e-06 1.56951e-07 0.00459177 0.00620311 0.0260401 0.186073 0.0434911 1.82715e-07 0.00292061 3.69083e-07 6.48303e-06 0.049953 0.0151126 7.36484e-10 6.43903e-07 8.97521e-05 0.00329853 0.000242431 0.031572 0.00238809 0.00896577 0.00738034 1.26785e-08 0.00339159 0.0150872 8.05923e-05 0.0355013 2.02075e-07 
0.0607633 0.742014 0.00848649 2.86295e-05 0.00401466 0.000192421 0.149786 0.0028202 0.000881883 0.0119911 0.000489981 0.000487895 8.55678e-05 1.415e-06 0.00170632 6.18301e-10 6.3581e-09 0.00288141 0.00132762 1.89733e-08 0.00247292 0.000219428 0.000573766 0.000727806 0.00123953 0.000444396 0.000731608 0.00161592 0.00401545 7.29411e-07 
0.0444605 0.909358 0.000959406 4.54677e-06 0.00347562 0.000868126 0.0136938 0.00239257 0.000871177 0.000210002 0.00122245 0.000421205 0.000351367 8.79381e-05 3.812e-05 4.16108e-12 7.78094e-06 0.00185838 0.000304056 9.05391e-09 0.002658 0.000160889 1.43678e-05 0.00365231 0.00397045 0.000500407 0.00120883 0.00267508 0.00457357 6.26753e-07 
0.0132571 0.264766 0.00115498 0.000211909 0.0190476 0.00740413 0.107318 0.13027 0.00425499 0.00364507 0.00821083 0.00121929 0.00327495 0.00148215 0.0131764 3.96979e-07 4.814e-06 0.0035223 0.0263587 0.000242135 0.0566962 0.0290243 0.0194747 0.045842 0.000576296 0.00153703 0.00364223 0.143714 0.0906703 1.33332e-06 
0.317632 0.453591 0.0221509 9.04481e-06 0.022521 0.00228585 0.0420717 0.0442617 0.00537776 0.00103161 7.35401e-05 1.08082e-05 0.000591075 6.30535e-05 1.01585e-06 6.80941e-11 9.76056e-06 1.76732e-05 0.000695093 1.16003e-06 0.0550741 0.00648732 0.00760151 0.0029755 0.000267226 0.000727006 0.00670798 0.00249959 0.0052645 8.64232e-09 
0.0207766 0.957206 8.73242e-07 1.1243e-08 2.7925e-05 0.000773188 0.0151604 0.00127581 0.000289003 0.000125187 0.000100126 1.8347e-05 1.9527e-06 9.49117e-07 0.00289295 0.000423988 1.92186e-10 9.00083e-11 0.000595376 1.75979e-07 0.000124178 1.32704e-07 6.00217e-08 0.000115412 1.05281e-10 7.30089e-11 3.82976e-05 1.51202e-11 5.279e-05 1.80604e-10 
0.0225393 0.214825 0.151042 3.10253e-08 0.00290112 0.00118192 0.14129 0.0518166 0.00489 0.0206504 0.0179373 0.00745562 0.0011446 0.000418951 0.000672388 9.82902e-08 4.93623e-06 7.45098e-06 0.00157307 0.000209359 0.0797843 0.0467737 0.00222703 0.0103014 0.134212 0.000253748 0.000361581 0.0716633 0.0138446 1.90127e-05 
0.0137297 0.256122 0.111905 7.36269e-05 0.0151611 0.00374055 0.193126 0.0446224 0.000146216 0.0536247 0.0106792 0.0389279 0.00107769 0.000509746 0.00136634 2.2211e-10 0.000267849 0.000891334 0.0558136 0.000718301 0.0243847 0.0109037 0.00217333 0.0231975 0.00197516 0.000576321 0.00155523 0.112647 0.0200414 4.22039e-05 
3.46704e-06 0.731008 0.00980759 1.63507e-09 1.20569e-06 0.00676959 0.0749768 0.0657558 3.0278e-09 0.073106 3.81142e-06 7.36752e-06 3.10868e-05 5.8449e-09 5.34203e-05 1.00886e-08 1.13042e-06 3.83909e-09 1.17367e-05 1.68311e-05 7.21771e-06 0.00112805 3.33036e-09 3.96182e-06 0.000276236 9.12582e-07 8.57445e-06 1.38218e-05 0.0337842 0.00322338 
0.317632 0.453591 0.0221509 9.04481e-06 0.022521 0.00228585 0.0420717 0.0442617 0.00537776 0.00103161 7.35401e-05 1.08082e-05 0.000591075 6.30535e-05 1.01585e-06 6.80941e-11 9.76056e-06 1.76732e-05 0.000695093 1.16003e-06 0.0550741 0.00648732 0.00760151 0.0029755 0.000267226 0.000727006 0.00670798 0.00249959 0.0052645 8.64232e-09 
0.0353272 0.753389 0.000325856 1.68216e-07 0.0455271 0.0164696 0.0166534 0.0172296 1.054e-05 2.54791e-07 0.000305136 7.75667e-05 7.97478e-05 4.26482e-06 0.00746075 8.01474e-11 5.5275e-08 0.000427918 0.000397022 8.44071e-11 0.0231681 3.7257e-05 0.0033328 0.021484 0.000736594 0.000873834 0.0031351 0.00273997 0.050807 2.12404e-07 
0.0180397 0.915896 0.000834661 6.47308e-06 0.00514097 0.0010935 0.0178535 0.00343183 0.00149341 0.000305877 0.00153153 0.000374635 0.000400115 0.000150735 6.53399e-05 4.26031e-12 1.33336e-05 0.00221655 0.000521225 1.14401e-08 0.00331145 0.000250495 2.4623e-05 0.00600263 0.00608622 0.00085596 0.00193011 0.00432809 0.00784036 1.06878e-06 
0.255128 0.664483 0.000932957 3.1641e-05 0.000900999 0.00554532 0.0320033 0.00101995 0.000131245 2.74652e-05 0.00288157 7.01035e-05 0.00104506 1.36261e-07 0.00129767 1.83086e-11 0.00231353 0.000290834 0.000375147 6.83273e-07 0.000934106 0.00976152 5.17796e-05 0.00464583 0.0002941 3.62185e-05 0.000151491 0.0083276 0.00731861 7.05218e-08 
0.00420301 0.861949 0.000456483 5.8324e-10 0.00103182 0.000994207 0.0177529 0.0626271 0.0149776 3.95452e-05 8.92576e-07 9.05347e-08 1.60641e-06 0.00173703 0.000204151 3.59866e-09 5.94427e-07 1.62746e-05 9.57329e-05 3.78992e-09 0.00184126 3.17036e-05 0.000154665 3.55168e-05 2.96752e-06 1.71828e-06 0.0243176 6.45185e-07 0.00752588 2.7478e-09 
0.0444605 0.909358 0.000959406 4.54677e-06 0.00347562 0.000868126 0.0136938 0.00239257 0.000871177 0.000210002 0.00122245 0.000421205 0.000351367 8.79381e-05 3.812e-05 4.16108e-12 7.78094e-06 0.00185838 0.000304056 9.05391e-09 0.002658 0.000160889 1.43678e-05 0.00365231 0.00397045 0.000500407 0.00120883 0.00267508 0.00457357 6.26753e-07 
0.0338682 0.213217 0.00184918 0.000259301 0.0305822 0.00548317 0.127254 0.140162 0.00773514 0.00316778 0.00804338 8.50281e-07 0.0125536 0.00496924 0.00581362 5.09207e-10 0.000134618 0.00486753 0.163468 0.00277041 0.0408694 0.0309321 0.0207495 0.0527083 2.50268e-05 0.0193783 0.0385088 0.00927011 0.0213492 9.63376e-06 
5.13134e-07 0.64316 0.212179 8.46374e-06 0.00288271 0.00067296 0.0767101 0.0127532 5.44825e-06 0.000702517 0.000153999 0.00163854 4.57879e-05 9.90275e-08 0.0230725 2.98804e-10 2.42787e-10 0.000107327 0.00874119 3.10633e-07 0.00453348 0.000301782 5.50226e-08 0.00789955 0.000147807 6.65272e-08 0.000384441 0.000712126 0.00318568 2.28156e-10 
1.05721e-06 0.273082 0.000636112 3.16573e-05 4.04539e-06 9.75913e-06 0.114327 0.0515587 0.00310795 0.00016227 0.00105164 0.00206225 3.514e-06 2.75344e-06 0.0170161 3.3886e-09 2.75333e-09 1.28949e-09 0.0260141 1.29566e-05 0.155872 3.68153e-06 0.142067 0.120934 1.95672e-06 0.000906845 3.07579e-05 0.03962 0.0514371 4.27109e-05 
0.0792013 0.902976 0.00177854 2.94422e-07 0.00518818 6.41343e-05 0.00300518 0.000189555 1.05357e-05 3.21697e-11 0.000557411 0.00324407 6.28802e-05 1.34909e-08 6.85714e-06 8.13337e-11 9.67012e-08 0.000181866 1.08175e-06 8.56565e-11 0.000479024 7.54436e-06 6.39038e-08 0.000428131 6.15138e-05 9.47065e-07 7.72277e-06 0.000721747 0.00182552 9.51177e-09 
0.0444605 0.909358 0.000959406 4.54677e-06 0.00347562 0.000868126 0.0136938 0.00239257 0.000871177 0.000210002 0.00122245 0.000421205 0.000351367 8.79381e-05 3.812e-05 4.16108e-12 7.78094e-06 0.00185838 0.000304056 9.05391e-09 0.002658 0.000160889 1.43678e-05 0.00365231 0.00397045 0.000500407 0.00120883 0.00267508 0.00457357 6.26753e-07 
0.0224113 0.744993 0.000717001 1.12406e-06 0.000851169 2.97477e-06 5.98379e-05 0.000590821 0.0130064 2.86844e-09 0.000940999 9.2054e-07 0.000898298 4.84511e-07 1.29286e-05 7.25218e-09 5.8926e-09 0.00401088 7.70654e-08 1.52597e-06 0.00322312 0.00317836 9.54246e-07 0.201471 4.42056e-06 1.43306e-05 2.32167e-05 2.81952e-05 0.00355653 2.90357e-07 
0.0225951 0.312146 0.00291288 0.000487743 0.00819389 0.0514966 0.0561934 0.0599252 0.000681621 0.029289 0.00544073 0.000964539 0.020485 3.81098e-05 0.0576892 2.06867e-05 5.88726e-06 0.0899067 0.00143172 0.0137293 0.0164694 0.154078 7.40537e-05 0.0337562 0.00317662 0.00390424 0.0063119 0.00398392 0.04457 4.22844e-05 
0.0221054 0.297333 0.0724116 8.51629e-08 0.000978021 0.00244956 0.272536 0.0125214 2.38829e-08 0.0598951 0.000886254 0.00104198 0.0056935 4.01754e-08 0.0715921 3.98751e-11 3.23996e-11 7.85596e-05 0.00983939 0.00311221 0.0221115 0.055277 0.00106658 0.0156219 0.000570715 3.92759e-08 0.00136166 0.0246733 0.0468431 1.47983e-08 
0.0590543 0.41212 0.0108731 8.69196e-06 3.47031e-06 0.00176721 0.113404 0.0591457 0.00089556 0.0406376 0.00590674 0.000386892 0.0330724 0.000434894 0.117801 2.79977e-08 1.84678e-05 0.000411847 0.00129701 2.94857e-08 0.0490332 0.0061669 9.15466e-05 0.0171379 2.19485e-05 2.18887e-05 0.0191236 0.0481453 0.00301035 8.06363e-06 
0.0444605 0.909358 0.000959406 4.54677e-06 0.00347562 0.000868126 0.0136938 0.00239257 0.000871177 0.000210002 0.00122245 0.000421205 0.000351367 8.79381e-05 3.812e-05 4.16108e-12 7.78094e-06 0.00185838 0.000304056 9.05391e-09 0.002658 0.000160889 1.43678e-05 0.00365231 0.00397045 0.000500407 0.00120883 0.00267508 0.00457357 6.26753e-07 
0.169719 0.212751 0.199687 4.82852e-05 0.00143091 0.00481127 0.058794 0.035124 6.52761e-07 0.0112496 0.0390781 0.00683288 0.0946219 0.00160381 4.03378e-07 2.40286e-10 9.43514e-05 8.56203e-07 0.0436559 1.70889e-06 1.17234e-06 0.000810607 0.000517801 0.107307 0.000748128 0.00633497 0.000862803 9.12448e-06 0.00390275 6.7855e-08 
0.00034503 0.676347 0.0138891 6.18759e-05 0.00022855 0.0257415 0.103297 0.0349285 0.00207938 0.000798835 1.05033e-05 5.52042e-05 0.00319761 7.61645e-05 0.000295246 0.000436668 0.00067082 3.7122e-05 0.00017479 0.00238903 0.0463133 0.00745088 0.00728113 0.018956 7.87572e-05 0.000127808 0.0486065 0.00121172 0.00348154 0.00143221 
0.0214689 0.944681 0.0108572 2.07865e-07 7.16457e-05 0.000131534 0.00798159 0.000383773 8.01111e-05 0.000158626 2.13318e-08 0.00630399 0.000201259 4.88526e-12 0.000350795 8.43217e-12 6.85139e-12 0.00313015 1.30432e-12 8.88033e-12 0.00125596 3.22789e-09 5.13017e-09 7.32511e-06 0.000162716 6.38193e-09 0.000918261 1.22252e-05 0.00184292 6.43849e-12 
0.0828249 0.65532 0.00214427 5.89648e-06 0.0225092 0.00224683 0.135111 0.0293258 0.00122229 0.00621864 0.000197468 6.43061e-05 0.00161927 0.000196918 0.00378102 1.58364e-10 1.19483e-06 3.05337e-06 0.0099385 2.18057e-06 0.0155042 1.25746e-08 0.00183315 0.000882648 1.7679e-05 0.00215414 0.0125804 0.00117105 0.0131238 2.39196e-07 
0.052522 0.488715 0.0233861 9.31488e-05 0.00825273 0.00120373 0.0527256 0.00564156 0.00138765 0.000766693 0.000902221 0.302895 0.000186711 4.38389e-05 0.000873417 4.50225e-08 2.80364e-06 0.00113977 0.00141975 2.38693e-06 0.0192093 0.000278154 0.000168378 0.00733297 0.00314418 0.000678022 0.0011721 0.019509 0.0063268 2.14304e-05 
0.0601519 0.271855 0.00135641 3.23003e-07 0.0107425 0.00716777 0.0020295 0.0995987 0.0197198 1.26338e-06 0.0192505 0.000131293 0.00963046 0.00467914 0.000924859 2.15906e-09 0.000212937 0.000241517 0.107691 3.54814e-06 0.0154905 4.75551e-05 0.00530689 0.0174478 4.35659e-05 7.73408e-05 0.186515 0.105075 0.0546055 2.55581e-06 
0.0470244 0.691497 0.0074112 1.47973e-05 0.00569846 0.00101023 0.0275068 0.11462 0.0013926 7.97948e-05 0.00013662 6.15886e-07 0.000100228 0.00094168 3.3186e-07 7.65784e-11 2.95112e-08 5.49458e-05 0.00263363 8.06485e-11 0.0616003 4.10825e-07 0.000509051 0.00467449 0.00035862 0.00669979 0.0136821 0.00541992 0.00693173 1.20908e-08 
0.0239009 0.492025 0.115333 2.08971e-06 0.00148254 0.00359276 0.0830453 0.0185711 0.00190823 0.00640814 6.46048e-05 0.0163131 0.00273545 0.000195174 0.120486 1.32425e-09 0.000258062 3.91009e-05 0.0216132 4.5219e-05 0.0202183 0.00100727 0.0166513 0.00296723 0.000912392 0.00130531 0.0293318 0.0183178 0.00125792 1.14433e-05 
0.013264 0.265118 0.043451 7.99634e-08 0.00168195 0.0014699 0.163523 0.0267693 7.61865e-08 0.0478246 0.000531851 0.000625875 0.00341651 3.77605e-08 0.0429563 1.12849e-10 9.16932e-11 4.71662e-05 0.0385787 0.00186773 0.0948825 0.0331673 0.000640119 0.00937365 0.000581359 6.38628e-08 0.000817132 0.0297584 0.179653 1.39503e-08 
0.0444605 0.909358 0.000959406 4.54677e-06 0.00347562 0.000868126 0.0136938 0.00239257 0.000871177 0.000210002 0.00122245 0.000421205 0.000351367 8.79381e-05 3.812e-05 4.16108e-12 7.78094e-06 0.00185838 0.000304056 9.05391e-09 0.002658 0.000160889 1.43678e-05 0.00365231 0.00397045 0.000500407 0.00120883 0.00267508 0.00457357 6.26753e-07 
0.0456428 0.909376 0.00107168 3.63788e-06 0.00295009 0.000694504 0.0113871 0.00208373 0.000708581 0.000408363 0.000977966 0.000336968 0.000311327 7.0353e-05 4.09114e-05 3.86558e-12 6.22556e-06 0.00713591 0.000243247 7.84738e-09 0.00234855 0.000128713 1.29593e-05 0.00292186 0.00352004 0.00040033 0.00114295 0.0021534 0.00392148 5.02303e-07 
0.0532883 0.424984 0.0081706 6.40137e-06 0.000586513 0.0248314 0.0762396 0.00612474 0.000498659 0.00111131 0.000193194 0.00350807 0.0159733 2.5757e-05 0.0284791 0.236541 2.05177e-06 3.30624e-06 0.00948763 3.84675e-05 0.0864791 0.000832704 0.00123539 0.00401574 0.000370852 0.000312721 0.000859886 0.0132022 0.00259835 6.02329e-09 
0.0456428 0.909376 0.00107168 3.63788e-06 0.00295009 0.000694504 0.0113871 0.00208373 0.000708581 0.000408363 0.000977966 0.000336968 0.000311327 7.0353e-05 4.09114e-05 3.86558e-12 6.22556e-06 0.00713591 0.000243247 7.84738e-09 0.00234855 0.000128713 1.29593e-05 0.00292186 0.00352004 0.00040033 0.00114295 0.0021534 0.00392148 5.02303e-07 
0.044808 0.304465 0.0435715 0.00143389 0.0243125 0.015411 0.178856 0.0260155 0.00330892 0.00675622 0.0059807 0.0472655 0.00725986 0.000365346 0.0237682 0.00141535 0.0200936 0.00747538 0.0440906 0.00156342 0.0631933 0.0132074 0.00861421 0.018656 0.00351756 0.0015174 0.00473035 0.0594015 0.0189379 7.41443e-06 
0.176163 0.736687 0.022997 1.8235e-09 7.40429e-10 1.06127e-09 0.0554537 0.000280202 2.41122e-08 0.00801832 5.17009e-13 2.3336e-10 8.09989e-09 2.3272e-12 1.08016e-12 4.01685e-12 3.26381e-12 3.06774e-05 6.21343e-13 4.23035e-12 0.000369799 2.81574e-08 1.32602e-12 5.01542e-13 6.56193e-08 1.25227e-10 5.76905e-09 7.72908e-11 4.32563e-13 3.06712e-12 
0.0532141 0.603628 0.0301071 1.17358e-05 0.00116676 0.00545352 0.0848032 0.016648 0.00523542 0.00201349 0.00836065 0.0143337 0.0017242 1.43064e-05 0.00452587 8.72464e-11 0.000197578 0.00834419 0.000629578 6.15263e-08 0.0806105 0.00153685 0.000628373 0.0102593 0.000283825 8.2623e-05 0.0109221 0.0339057 0.0213579 1.1741e-06 
0.0468757 0.598993 0.0912345 3.28893e-06 0.0117318 0.00385892 0.119871 0.0151254 0.000250897 0.00872361 0.0347256 0.0112357 0.00187162 0.000192463 0.00701501 2.55004e-08 5.83427e-05 0.00461034 0.00213503 5.35397e-05 0.00748353 0.00344446 0.0115329 0.00527059 3.09899e-05 0.000106012 0.00241542 0.00504586 0.00610423 2.36761e-07 
0.0935009 0.347993 0.0145353 7.98932e-05 0.0469484 0.00705085 0.070612 0.0188292 0.00524147 0.00395729 0.0357417 0.0105181 0.00705209 0.00188496 0.000561188 4.95964e-05 6.62757e-06 0.00991329 0.0579312 0.000209181 0.13408 0.00371977 0.000662975 0.0369527 0.0015577 0.00126142 0.0138022 0.0500841 0.0252628 1.32158e-07 
0.101957 0.86666 0.00248493 1.2238e-06 0.00573521 0.000168065 0.00117857 0.00115825 0.000129518 5.49746e-05 0.000834649 0.00268312 0.000359536 4.91891e-07 7.13939e-06 1.57542e-12 6.5734e-07 0.00853403 4.29312e-07 1.65915e-12 0.00182567 9.91862e-06 7.34591e-06 0.00202441 7.92223e-05 4.17202e-05 0.000966544 0.00144772 0.00164934 2.04444e-10 
0.105082 0.28259 0.00370834 8.20993e-06 0.0105018 0.000284323 0.281977 0.139375 0.00896768 0.00450353 0.000507529 4.77031e-06 0.00541402 0.000184319 0.0125674 2.29783e-10 4.27769e-07 8.74415e-11 0.05837 2.41996e-10 0.00788364 0.000223524 0.00119432 0.00165842 2.42793e-07 0.000662593 0.0371649 8.43893e-06 0.037158 1.75454e-10 
0.00405547 0.187657 0.0453481 0.000142182 0.0716528 0.0039341 0.103056 0.0527053 0.00428939 0.00301958 0.0033821 0.0308923 0.000518511 0.000258349 0.00616247 1.25078e-07 5.62298e-06 0.00218365 0.0359306 3.85708e-05 0.0645049 0.001243 0.00858463 0.0160114 0.000156266 0.140666 0.0201708 0.0140207 0.179295 0.000115621 
0.198827 0.323187 0.112323 0.000182388 0.00576004 0.000944572 0.149947 0.00201823 0.000232824 0.000606006 0.000525095 0.172535 0.000162764 1.53648e-06 0.000244928 5.69248e-08 4.56291e-05 0.00871342 0.00136221 2.68038e-08 0.00940494 6.46674e-05 0.000147171 0.00326603 8.11072e-05 0.000233373 0.000697079 0.00656631 0.00191399 6.35907e-06 
0.0002911 0.428652 0.00447607 2.76821e-08 0.00205342 0.00693378 0.116432 0.160584 0.0127137 0.0122114 0.0211118 1.69177e-07 0.00112206 0.000156941 0.00740965 2.50271e-09 0.00108405 2.52616e-06 0.0245556 6.10376e-06 0.0121387 5.62433e-06 6.62395e-05 0.014039 2.92994e-05 0.000111499 0.0264537 0.0743258 0.0730313 2.66609e-06 
0.0197091 0.400056 0.00757806 2.67273e-05 0.0307638 0.000401921 0.264583 0.0153995 0.00678212 0.0341203 0.0145279 9.4745e-09 3.26003e-05 0.002635 9.7941e-05 3.50734e-08 1.88473e-06 0.00152577 0.0225911 7.72492e-08 0.0818352 2.73748e-07 0.024223 0.022435 2.14716e-05 0.00615534 0.036851 0.00361195 0.00403386 3.91504e-07 
2.09066e-05 0.209496 7.07317e-06 7.69539e-08 1.77796e-06 0.0481992 1.83087e-06 0.168093 0.0199405 0.00360592 0.170675 0.00376938 0.0867992 3.22527e-10 5.3477e-07 5.56696e-10 1.62712e-07 9.10123e-06 1.09353e-06 5.86284e-10 0.00796181 0.00517438 0.0055019 0.0344185 1.11605e-06 0.00333859 0.144815 0.0156138 0.072554 5.06445e-07 
9.38842e-05 0.687729 1.25181e-05 1.07964e-08 0.000382935 0.00450974 0.0162052 0.0564579 0.0203282 0.00185287 0.000139891 0.000972328 8.47728e-07 0.000228806 0.156819 3.68856e-10 3.12571e-07 3.77091e-07 0.0111506 3.75267e-06 0.000318102 0.00240371 0.000184956 0.0132508 2.06572e-07 1.13854e-10 0.008215 0.0100128 0.00861407 0.000112276 
0.0149761 0.711747 0.0657299 0.00963879 0.0184376 0.00159136 0.0369263 0.0100024 0.000186111 0.00108397 0.00128605 4.13604e-05 0.000101194 5.66014e-06 0.0126737 9.49687e-07 0.00136034 0.00892372 0.0171308 0.000129954 0.0565474 0.000700654 0.00105471 0.01811 6.45876e-05 0.00104478 0.000531358 0.00390109 0.0060585 1.34452e-05 
3.32747e-07 0.442567 4.50022e-07 1.33691e-05 1.88103e-10 1.13544e-06 0.220125 0.0145554 0.0296283 2.61089e-05 1.31475e-10 5.65109e-05 0.00165868 5.91807e-10 1.34651e-06 1.02148e-09 8.29986e-10 2.22963e-07 0.0912067 1.07578e-09 0.0254524 1.59576e-06 1.95369e-06 0.0269903 4.54673e-10 0.000986565 0.146725 6.52991e-11 1.56568e-06 7.79968e-10 
1.0385e-10 0.473699 2.89071e-06 1.55997e-10 1.77244e-10 1.27087e-10 0.235847 0.0637236 8.09132e-07 0.195323 2.85062e-07 5.59176e-08 2.1563e-10 5.57643e-10 4.03797e-06 9.62517e-10 7.82073e-10 3.66275e-10 1.56345e-06 1.01367e-09 1.03414e-10 0.0201036 0.0112916 1.09375e-06 4.28426e-10 2.97099e-10 1.35514e-10 1.2368e-06 1.03651e-10 7.34942e-10 
0.05887 0.878817 0.000541897 2.12275e-08 0.0114072 0.000292567 0.0066586 0.00820963 1.71649e-05 1.55796e-08 0.000508002 0.000128614 0.000132406 6.77411e-06 0.00122348 2.96255e-12 6.96986e-09 0.000710721 0.00066088 3.12001e-12 0.00421687 6.15763e-05 3.42127e-08 0.00607249 0.00013252 0.00052008 0.000379592 0.00456528 0.0158659 3.10368e-07 
2.01241e-05 0.306556 0.00483343 0.0012516 7.0626e-07 0.00814555 0.132337 0.000493195 0.00124603 0.119857 2.08474e-06 0.199173 2.0158e-06 4.2818e-06 0.0376997 6.58954e-09 9.18572e-07 3.60903e-06 1.0193e-09 0.00355273 0.00199779 2.43265e-05 0.000742489 1.24485e-06 0.0238296 1.14593e-06 0.033716 0.0438641 0.0806389 5.10777e-06 
0.0552897 0.262584 0.0757267 0.000813777 0.00851066 0.00637549 0.230197 0.181332 0.00721981 0.0193575 0.00126992 1.88234e-05 0.000487923 0.000510535 0.00396256 8.35733e-10 0.000173992 0.0349961 0.0173725 4.57962e-05 0.0132226 0.0471635 0.000134402 0.00787164 0.00245649 0.00437083 0.00963952 0.00288157 0.00601588 5.31465e-08 
0.106135 0.768508 0.00200081 4.23563e-06 0.00112434 0.00752757 0.0238348 0.00157948 6.61031e-05 0.000772826 0.026441 0.000284815 0.0011862 1.4799e-05 8.67126e-05 4.05148e-08 1.6917e-05 0.00520633 0.009431 0.000269524 0.0219001 0.00217778 7.05694e-06 0.00436741 4.40327e-05 0.000135293 0.000665111 0.0124015 0.00381106 3.33888e-08 
0.192623 0.545719 0.0271896 8.12695e-07 0.000746649 0.00190688 0.0577096 0.00115223 0.000410235 0.00211986 0.000911579 8.21676e-07 0.00139492 2.71407e-05 0.00134286 7.68942e-11 0.0728541 0.000107098 0.0281245 0.00154038 0.0337009 0.000710718 0.00148135 0.00810857 0.00847172 3.12636e-05 0.000663199 0.00481828 0.00613344 2.47019e-09 
0.035322 0.914763 0.00079066 1.18741e-08 0.00913583 0.000913175 0.0116032 0.00261069 4.89987e-05 4.33455e-05 0.0012433 0.000114722 0.000473214 2.01906e-06 0.000137182 2.3623e-12 2.79821e-05 0.000880274 9.01004e-07 2.48786e-12 0.000804825 0.000133681 1.84561e-06 0.00352764 0.00551713 0.000103219 0.000299128 0.00194282 0.00955681 2.2245e-06 
0.307542 0.61699 1.02697e-05 6.67084e-09 5.30906e-08 0.000275676 0.0452476 0.0076246 0.00238503 0.000771902 4.20313e-07 3.25982e-11 6.1901e-08 3.2834e-11 0.000368373 5.6673e-11 4.60485e-11 2.61943e-07 0.00747617 5.96851e-11 0.0103017 1.36984e-11 3.98768e-08 1.35371e-08 5.90735e-09 7.33229e-08 0.000187033 3.62286e-12 0.000818788 4.32734e-11 
0.0472965 0.332675 0.0689178 0.000131157 0.0214516 0.0066154 0.258878 0.0329624 0.00417108 0.0296713 0.00371468 0.00333554 0.00798289 0.000587503 0.00811796 0.000114109 0.000115465 0.000859838 0.00693511 0.000106173 0.0170402 0.0167376 0.00511507 0.039673 0.000233285 0.0173753 0.0246495 0.0350644 0.00942645 4.5554e-05 
0.137528 0.471308 0.0590473 5.25489e-05 0.00950506 0.00540119 0.218778 0.00268279 0.00252984 0.00608103 0.00171019 2.51275e-06 0.00577009 0.000174192 0.00568034 2.21701e-08 0.000109194 0.00612293 0.00249122 2.60421e-06 0.0208039 0.000366529 0.00408668 0.014145 0.000167362 0.0148749 0.00514117 0.00215414 0.00327658 7.29645e-06 
5.06779e-11 0.537597 0.0543756 7.87252e-08 4.24703e-07 0.00147736 0.137461 0.116965 7.80364e-07 0.000704399 0.00157924 0.000262099 0.000505008 1.09139e-06 0.0894672 0.000116439 1.15304e-06 0.000481091 6.13096e-07 1.54192e-06 0.00835074 0.00527048 3.43431e-07 0.0326792 0.00420012 1.29118e-06 0.000865195 0.00621964 0.00141562 3.61424e-07 
0.0074476 0.27811 0.0118219 2.06787e-06 0.0137809 0.00509808 0.257931 0.0533148 0.00038972 0.0208644 0.0342049 3.66973e-07 0.000196469 0.0147468 0.000721996 1.63176e-06 3.8738e-05 0.000889778 0.0140781 9.9677e-06 0.0323838 0.000174953 0.107272 0.102886 4.72939e-05 0.00193327 0.0289214 0.000117507 0.0126144 6.36978e-08 
0.0207766 0.957206 8.73242e-07 1.1243e-08 2.7925e-05 0.000773188 0.0151604 0.00127581 0.000289003 0.000125187 0.000100126 1.8347e-05 1.9527e-06 9.49117e-07 0.00289295 0.000423988 1.92186e-10 9.00083e-11 0.000595376 1.75979e-07 0.000124178 1.32704e-07 6.00217e-08 0.000115412 1.05281e-10 7.30089e-11 3.82976e-05 1.51202e-11 5.279e-05 1.80604e-10 
0.06446 0.357703 0.0079572 4.49116e-05 0.0130523 0.0110587 0.248095 0.0217443 0.0224147 0.0059756 0.00262992 0.00185379 0.00130228 1.15414e-05 0.0064894 7.34344e-08 0.000440879 0.000202117 0.0321788 0.0146825 0.0344149 0.01639 0.0380185 0.00885117 0.0279499 0.000957304 0.0015771 0.0331906 0.0262922 6.06056e-05 
0.0606582 0.760717 0.00126929 7.74661e-07 0.00253273 0.00274091 0.0582263 0.0192884 0.00882397 0.00318301 0.00553236 5.34751e-08 0.00363221 0.00131847 2.70446e-05 7.12697e-10 0.0363702 0.000621258 0.012914 1.1437e-08 0.000996168 1.96676e-05 0.00214415 8.80627e-05 5.49115e-06 0.000536855 0.0108507 1.9659e-05 0.00748253 2.50516e-07 
0.132523 0.555502 0.00264818 4.12493e-06 0.00939016 0.00380212 0.163972 0.0105899 0.00597851 0.00856211 0.00616833 0.000144794 5.07659e-05 6.68548e-05 0.00182981 1.15424e-06 0.000173651 5.16011e-05 0.0359278 7.76394e-07 0.0326084 1.80589e-05 0.00105899 0.00972595 0.000580315 0.000622457 0.00123424 0.0141474 0.00261577 1.25072e-06 
0.0549568 0.712578 0.037286 3.96633e-05 0.000133803 3.05954e-05 0.146485 0.000219448 7.10291e-05 0.0358613 2.41628e-12 2.45176e-06 0.000100956 2.35336e-08 0.00260391 1.21659e-09 3.8964e-09 0.000307037 1.89018e-08 1.97708e-11 2.46738e-05 0.000722343 0.000472934 3.3371e-09 0.00794385 1.24546e-10 4.69761e-05 0.000113406 1.6949e-07 1.43344e-11 
0.111638 0.293124 0.0219106 0.000920754 0.0151773 0.0154941 0.260937 0.0384337 0.000979193 0.0347925 0.00572394 0.000232707 0.00259801 0.000925622 0.00693981 6.40685e-05 0.0167064 0.00168647 0.00552555 0.000106294 0.0266273 0.00294871 0.00158333 0.00896171 0.00147992 0.0998156 0.00648502 0.00964739 0.00853311 1.82174e-06 
1.26955e-06 0.262292 0.000281799 4.29829e-06 0.0402576 0.177437 0.116733 0.0756933 0.00012969 1.83949e-05 0.0740209 0.0017615 1.69002e-05 0.0626042 6.56779e-09 2.44241e-08 7.36567e-05 0.050389 0.00864102 2.57222e-08 1.16227e-05 0.0389245 8.0627e-09 0.0142762 1.08714e-08 0.00719162 0.0657249 1.56133e-09 0.00351288 1.7391e-06 
0.238263 0.539766 0.0166252 6.95812e-06 0.0169021 0.00172007 0.0315634 0.0460388 0.00405503 0.000776712 6.09423e-05 9.77309e-06 0.000445971 4.8823e-05 1.09289e-05 1.0318e-09 7.68255e-06 1.35299e-05 0.000523235 1.24803e-05 0.0786941 0.00487233 0.00571371 0.0022352 0.000202341 0.000550666 0.00503632 0.00188047 0.00396383 4.45076e-08 
0.454559 0.539351 0.000183321 5.70355e-06 0.00126088 3.59091e-05 0.000440924 0.000234839 6.86547e-06 9.10121e-07 0.000169746 3.40617e-06 0.000148858 1.84103e-07 2.43931e-05 1.74959e-12 7.95173e-07 0.000469212 1.21343e-05 1.84258e-12 0.000186602 0.000131954 1.37313e-08 0.000510221 4.31653e-05 5.05874e-05 3.58474e-09 0.000784884 0.00138412 9.28467e-08 
0.230521 0.760989 0.000182188 8.55384e-06 0.00189129 5.38625e-05 0.000411155 0.000352255 1.0297e-05 1.42587e-09 0.000254617 5.10835e-06 0.000223284 2.75993e-07 3.65885e-05 2.16875e-12 3.85653e-09 0.000610241 1.82005e-05 2.28401e-12 0.0002799 0.000197929 2.0374e-08 0.000675639 6.47461e-05 7.58762e-05 4.78719e-09 0.00107152 0.00206676 1.39133e-07 
0.05887 0.878817 0.000541897 2.12275e-08 0.0114072 0.000292567 0.0066586 0.00820963 1.71649e-05 1.55796e-08 0.000508002 0.000128614 0.000132406 6.77411e-06 0.00122348 2.96255e-12 6.96986e-09 0.000710721 0.00066088 3.12001e-12 0.00421687 6.15763e-05 3.42127e-08 0.00607249 0.00013252 0.00052008 0.000379592 0.00456528 0.0158659 3.10368e-07 
0.126207 0.757221 0.0039648 1.75942e-05 0.00970872 7.9067e-05 0.0578231 0.00566149 0.000497306 0.000276778 0.00125363 5.8798e-09 3.9776e-08 1.90742e-05 0.00145915 1.95721e-08 3.74952e-07 0.000724748 0.0015099 9.65379e-06 0.0233835 4.57251e-05 0.00331696 0.00210233 1.92472e-06 0.00236367 0.00123281 5.09674e-05 0.00106858 9.74661e-09 
2.78206e-07 0.574086 2.36829e-06 7.24827e-08 8.16655e-07 4.54342e-06 1.03381e-06 0.0379367 8.49091e-06 1.35965e-10 0.0412219 1.97728e-10 4.86717e-06 1.81435e-05 0.170251 2.26914e-06 2.79312e-10 2.09431e-07 5.31736e-11 3.62027e-10 4.69095e-07 1.41335e-07 0.00609804 3.94919e-07 1.5301e-10 1.07168e-08 0.0448215 2.19749e-11 0.12554 2.6248e-10 
0.00120017 0.540053 0.00478843 9.31754e-05 1.09337e-05 9.40131e-05 0.00250699 0.0145621 0.0361671 0.0143989 1.60863e-07 1.80119e-05 0.000242654 5.36659e-05 0.00577927 2.56364e-08 6.78003e-06 3.10584e-07 0.0710511 0.00690569 0.00568619 6.02427e-05 0.215753 0.00016778 4.29903e-07 1.53641e-05 0.0768375 9.95055e-05 0.00344733 1.36783e-07 
0.126207 0.757221 0.0039648 1.75942e-05 0.00970872 7.9067e-05 0.0578231 0.00566149 0.000497306 0.000276778 0.00125363 5.8798e-09 3.9776e-08 1.90742e-05 0.00145915 1.95721e-08 3.74952e-07 0.000724748 0.0015099 9.65379e-06 0.0233835 4.57251e-05 0.00331696 0.00210233 1.92472e-06 0.00236367 0.00123281 5.09674e-05 0.00106858 9.74661e-09 
0.00317229 0.317264 3.80649e-08 4.07991e-05 6.60278e-06 0.000463443 0.1575 0.0660396 0.193734 4.88355e-06 0.00307595 0.0344613 1.17397e-06 5.09874e-06 6.10186e-05 1.07746e-07 3.08164e-06 0.00243585 2.43427e-05 0.206211 1.15764e-08 0.0120271 8.12276e-06 0.00341835 4.79587e-08 2.00354e-05 1.26432e-07 1.31921e-05 1.16028e-08 8.91338e-06 
0.0204483 0.287782 0.0304135 0.00010932 0.00139096 0.000650278 0.226166 0.137858 8.12067e-06 0.0809805 0.00722752 7.96793e-05 0.0284389 0.0296731 0.00233346 4.50395e-08 0.000199063 0.0269708 0.000143366 9.87032e-05 0.00138267 0.0542164 4.83128e-05 0.0470062 0.0127766 9.36884e-06 0.0010537 0.00240529 0.000130568 3.43905e-08 
0.0646574 0.880759 0.000833379 1.23195e-06 0.00384168 0.000167555 0.0024082 0.00402527 0.000129548 5.50019e-05 0.00141115 8.77227e-06 0.000628563 4.95625e-07 0.000434158 4.85613e-12 6.60918e-07 0.0101528 4.34441e-07 5.11423e-12 0.0014941 6.92111e-05 7.85257e-05 0.00202447 9.86226e-05 4.17483e-05 0.00798093 0.00327565 0.0154215 4.89462e-10 
0.000239608 0.799065 0.0164889 3.08587e-06 1.7888e-08 0.000188004 0.0199814 0.0107164 7.93263e-05 0.00318668 0.00633679 5.58748e-08 0.0126964 9.40145e-05 0.0512512 9.71399e-08 0.000967783 0.0103379 1.5026e-08 0.000102718 0.000356877 0.0661221 1.71573e-05 0.00112886 5.80631e-05 3.41842e-06 0.000426421 0.000147348 4.52751e-06 7.41724e-08 
0.0974108 0.874989 0.00307315 1.7113e-06 0.0044832 8.05104e-05 0.0011442 0.000340939 9.36129e-06 3.60396e-05 0.000216242 0.00375612 0.000152783 3.06337e-10 9.99369e-06 1.28903e-12 2.13353e-09 0.0112124 5.9976e-07 1.35755e-12 0.000572743 1.38838e-05 2.68458e-07 0.000379437 7.56434e-05 2.08991e-08 5.68185e-05 0.00049376 0.00148986 2.15785e-10 
0.0593046 0.387393 0.06365 0.0013304 0.00405625 0.0153268 0.170927 0.0440863 0.0149698 0.0251625 0.0208328 0.00205858 0.00505557 0.00382033 0.0113239 8.1834e-06 0.00171136 0.0114915 0.00963109 1.49296e-06 0.0274145 0.0013158 0.00426612 0.0202437 0.00489371 0.00286435 0.0373729 0.0353033 0.0141791 5.65305e-06 
0.301918 0.646247 0.00289145 2.96325e-07 1.17565e-06 6.58745e-05 0.0331636 0.00548985 0.000509138 0.000188545 4.91062e-05 5.1869e-08 0.000101122 0.000711561 0.000530186 3.02213e-11 2.45557e-11 3.3744e-05 7.9325e-06 0.00046346 0.00216357 0.000150687 0.000431121 0.000458962 0.000160599 1.54833e-05 1.03402e-07 0.00195249 0.00229407 4.68541e-09 
0.0190521 0.446381 0.0132223 3.68815e-05 0.00210326 0.00337483 0.272251 0.0821958 0.00107682 0.0484874 0.00175829 0.000140606 0.000912541 0.000343015 0.0193414 1.87228e-06 2.95517e-07 0.00285732 0.00422739 8.65113e-06 0.00173904 0.0442406 0.00541067 0.00974444 0.000371006 0.00163892 0.00156693 0.0163025 0.00121145 2.51259e-06 
0.00260942 0.21065 0.00290538 8.03496e-05 0.00462107 0.112046 0.00444787 0.0149345 0.0212313 0.000222004 0.144396 0.000233589 0.00232517 5.46408e-05 0.002672 3.06022e-08 6.02154e-06 0.125024 0.00869637 0.000164846 0.0236357 0.0216001 0.0249916 0.0574486 0.000666949 0.0047876 0.0906504 0.0556508 0.0632478 2.06792e-08 
6.03106e-07 0.207859 0.0034365 6.03036e-07 0.0191762 0.0128461 0.160198 0.148779 6.02857e-07 0.00898135 0.0121828 0.00668837 0.000724148 0.00463981 0.0759656 6.01953e-07 6.02197e-07 0.00162803 0.0368467 6.01885e-07 0.0658597 0.00168882 6.02819e-07 0.0539163 0.00476172 0.00578794 0.03335 0.0449363 0.0894413 0.000301731 
0.021194 0.29577 0.00420974 0.00483939 0.0348838 0.0203537 0.117452 0.0891503 0.0131771 0.00435555 0.0051863 5.30557e-05 0.00865777 0.0022059 0.0374774 3.78208e-06 0.0022257 0.0029323 0.0278409 0.0102167 0.064847 0.0188689 0.00576881 0.0756804 0.00180743 0.0050571 0.0123004 0.0757983 0.0375476 0.000138149 
0.192167 0.349335 0.0399114 0.000278632 0.012226 0.00489341 0.221723 0.00778623 0.000693513 0.0361441 0.00337003 0.0079186 0.00276371 3.20347e-05 0.000827983 1.55596e-10 7.68758e-05 0.00350368 0.00272613 0.00463412 0.0491665 0.00422715 0.000148831 0.00572789 0.00935224 0.0102979 0.00374007 0.0186774 0.00764428 5.9903e-06 
0.0122268 0.244834 0.00349755 2.34122e-05 0.206716 0.00394392 0.0112236 0.012128 0.000224387 0.000600267 0.0234752 1.06178e-06 0.000710107 0.000486449 0.000419988 6.37431e-05 3.69314e-08 0.00124648 0.0530324 0.000139533 0.0485661 0.0335987 0.000690569 0.00681153 9.37268e-05 6.03346e-05 0.0233945 0.151105 0.160666 2.10424e-05 
0.0299608 0.348311 0.000989089 2.28075e-08 0.0157216 0.00700591 0.150052 0.111639 0.00531631 0.00384229 0.0165943 0.000260087 0.00369985 1.52122e-05 0.00277536 2.14328e-10 0.000440204 0.000144382 0.0108219 2.23728e-08 0.0322914 0.000163458 0.000163446 0.0814851 1.12149e-07 3.49872e-05 0.0646638 0.0319258 0.0816833 1.63653e-10 
0.454559 0.539351 0.000183321 5.70355e-06 0.00126088 3.59091e-05 0.000440924 0.000234839 6.86547e-06 9.10121e-07 0.000169746 3.40617e-06 0.000148858 1.84103e-07 2.43931e-05 1.74959e-12 7.95173e-07 0.000469212 1.21343e-05 1.84258e-12 0.000186602 0.000131954 1.37313e-08 0.000510221 4.31653e-05 5.05874e-05 3.58474e-09 0.000784884 0.00138412 9.28467e-08 
0.0111394 0.75281 0.020909 0.000166312 0.000701187 0.00941658 0.0541794 0.0497434 0.00365166 0.000402433 1.05629e-05 6.59849e-06 0.000267779 2.99465e-05 9.68156e-07 3.60035e-06 2.9262e-05 2.06525e-05 0.00407568 3.7917e-06 0.00859206 0.00511982 0.00109485 0.0170218 2.8427e-05 0.000985408 0.0525103 0.00628748 0.000780866 1.02619e-05 
0.209352 0.691668 0.0368874 5.65973e-06 0.00427657 0.000257968 0.0300346 0.00558837 0.000157001 0.000311219 0.000220786 0.00446457 0.000118685 4.19036e-05 0.00320798 6.70173e-12 0.00133228 0.000364607 0.00072213 7.05792e-12 0.0013588 0.00013931 3.75235e-06 0.00255116 0.000174258 0.00025452 0.000819917 0.00175355 0.00393195 3.20844e-07 
0.193296 0.627777 0.0122603 1.59899e-07 0.000374837 0.000654241 0.102387 0.042083 0.000511047 0.00378328 0.000227301 3.04333e-08 0.000368155 0.000381283 0.001257 3.67224e-11 6.14478e-08 1.80941e-05 4.25742e-06 0.000248343 0.00615477 8.07622e-05 0.00105223 0.00112771 8.60698e-05 0.000531819 0.000382497 0.002807 0.00214575 4.28901e-09 
0.0605651 0.520327 0.0128326 1.00032e-05 0.00598596 0.00421259 0.0496522 0.0116683 0.0116879 0.00347319 0.0364415 0.0001371 0.00714255 3.47372e-08 0.00126915 5.19477e-12 1.01569e-06 0.163584 0.00254934 1.80453e-08 0.0113246 4.28392e-05 0.000574698 0.022917 0.000394312 0.000700005 0.00748965 0.0574717 0.00754612 3.96653e-12 
0.0137635 0.24668 0.000440151 0.00414361 0.0338336 0.0786929 0.0372555 0.0194038 0.00359305 0.0168753 0.026884 4.60488e-05 0.00498037 0.000270263 0.00384805 4.98255e-09 0.0109701 0.245692 0.0145725 0.000198143 0.0121617 0.0168462 9.331e-05 0.146827 0.000198154 0.0228147 0.0104349 0.013546 0.014935 1.30111e-07 
0.0207766 0.957206 8.73242e-07 1.1243e-08 2.7925e-05 0.000773188 0.0151604 0.00127581 0.000289003 0.000125187 0.000100126 1.8347e-05 1.9527e-06 9.49117e-07 0.00289295 0.000423988 1.92186e-10 9.00083e-11 0.000595376 1.75979e-07 0.000124178 1.32704e-07 6.00217e-08 0.000115412 1.05281e-10 7.30089e-11 3.82976e-05 1.51202e-11 5.279e-05 1.80604e-10 
0.108877 0.401552 0.250668 1.59627e-05 0.00775454 0.00273719 0.0590233 0.0105133 0.000496568 0.0288974 0.00687742 0.0104554 0.0010164 0.000104276 0.000311503 8.09143e-07 0.00595425 0.00274063 0.00615934 0.000275863 0.0494821 0.0147391 0.00287959 0.00493837 0.000960245 0.00194892 0.00311523 0.0164769 0.00102726 3.28685e-07 
0.101957 0.86666 0.00248493 1.2238e-06 0.00573521 0.000168065 0.00117857 0.00115825 0.000129518 5.49746e-05 0.000834649 0.00268312 0.000359536 4.91891e-07 7.13939e-06 1.57542e-12 6.5734e-07 0.00853403 4.29312e-07 1.65915e-12 0.00182567 9.91862e-06 7.34591e-06 0.00202441 7.92223e-05 4.17202e-05 0.000966544 0.00144772 0.00164934 2.04444e-10 
0.052522 0.488715 0.0233861 9.31488e-05 0.00825273 0.00120373 0.0527256 0.00564156 0.00138765 0.000766693 0.000902221 0.302895 0.000186711 4.38389e-05 0.000873417 4.50225e-08 2.80364e-06 0.00113977 0.00141975 2.38693e-06 0.0192093 0.000278154 0.000168378 0.00733297 0.00314418 0.000678022 0.0011721 0.019509 0.0063268 2.14304e-05 
0.28973 0.350887 0.0055118 0.00722521 0.00484005 0.00705562 0.137585 0.040579 0.000252736 0.0114626 0.0140551 0.000214599 0.0167958 0.000270723 0.019302 9.18692e-08 9.18764e-06 0.00385298 0.00924517 0.000372816 0.0117751 0.0195915 0.00135466 0.0115023 0.00147366 0.00192668 0.00365868 0.0198563 0.00942054 0.000192885 
