0.0142896 0.00766854 0.0012297 0.0011618 0.0181345 0.0849357 0.0154706 0.0148674 0.0100673 0.0051456 0.343974 0.000271593 0.0180621 0.00549094 0.00243122 1.70672e-05 0.000710282 0.00542667 0.058613 0.00112837 0.0172452 0.0109108 0.00382273 0.0561886 0.00158091 0.0102808 0.0371398 0.209237 0.0444883 9.60781e-06 
8.09571e-10 0.00671343 0.00748787 1.21609e-09 9.72603e-07 0.0496946 0.0214361 0.0166108 0.0392655 0.000268482 0.223789 1.52045e-05 0.125501 7.91374e-07 0.145975 4.53564e-06 6.09673e-09 2.85534e-09 0.00293427 0.0102883 0.00235155 0.000357946 0.0132648 0.0171399 0.00171859 2.31607e-09 0.0155498 0.104937 0.194694 5.72932e-09 
4.15355e-05 0.00108911 0.000886019 3.68419e-06 0.000204876 2.10651e-05 0.000495699 0.0229385 8.37425e-05 2.80839e-05 0.959686 8.29985e-06 3.13238e-06 9.02418e-07 2.28188e-06 3.80986e-11 3.09562e-11 1.09559e-05 0.000869756 7.01917e-09 0.00303452 0.00128331 2.60571e-05 0.00232102 1.69581e-11 0.000111933 0.000654271 0.00287002 0.00310132 0.000223442 
0.0691656 2.34344e-05 1.52421e-05 7.24258e-05 0.0514021 0.0028506 6.04206e-06 0.00815359 0.0014602 0.00060806 0.795292 1.99781e-06 0.00106361 0.000300556 3.06939e-06 3.10497e-08 0.00361418 8.20245e-05 2.63005e-07 3.2782e-09 1.91714e-07 0.0530087 0.000307286 0.00160867 8.82768e-07 0.00356326 0.00026833 1.91335e-06 0.00712333 1.94481e-06 
0.0087713 0.00286978 0.00225732 0.000410612 0.0146365 0.0338461 0.0115702 0.0130941 0.00243049 0.00933954 0.421181 0.00140034 0.013573 0.00223529 0.0083396 7.37899e-07 0.000251247 0.0337189 0.034781 0.00253988 0.00392619 0.0504478 0.0041765 0.0963953 0.00392069 0.000945943 0.0102083 0.201733 0.0109824 1.68413e-05 
4.12176e-06 4.12113e-06 4.11959e-06 0.0119558 4.12109e-06 0.163218 4.12208e-06 0.0647123 4.12006e-06 0.00618296 0.219272 4.11764e-06 4.12073e-06 4.1176e-06 4.12034e-06 4.11388e-06 4.11555e-06 0.0214247 0.0882013 4.11342e-06 0.0572966 4.12058e-06 4.1198e-06 4.12162e-06 4.11879e-06 0.0531523 0.0902646 0.141806 0.0824394 4.11597e-06 
0.000120787 0.00086878 1.85777e-07 2.07213e-06 0.00112858 0.0170443 0.00147558 0.00320452 8.91626e-05 0.000107683 0.591948 3.59938e-08 0.0293284 1.52603e-06 0.00206107 3.03267e-10 0.00277658 0.000110913 0.0093627 1.14892e-11 0.0285476 2.9452e-05 0.000323993 0.0399427 0.000131573 0.000380274 0.000992162 0.248503 0.0215179 2.4639e-09 
1.00242e-05 9.51631e-05 6.56864e-07 0.0020873 0.00214738 0.0727711 0.00249649 0.000469479 0.000142732 0.000154528 0.607366 1.22442e-08 0.116841 0.000162367 0.000550029 1.24925e-08 5.70724e-06 0.000415507 0.0248484 1.80824e-05 0.00424874 2.13204e-05 0.0613178 0.00206196 0.000455633 0.000266449 0.000385308 0.0851468 0.015514 2.21629e-07 
0.0459506 0.0126865 0.00114718 0.000498775 0.00169852 0.093139 0.0426166 0.0818537 0.0301789 0.0221745 0.173401 0.00944277 0.000503602 0.00224841 0.00162361 9.22788e-06 0.00130993 0.141724 0.0707221 0.000343244 0.0128898 0.081167 2.99886e-05 0.105452 0.000472361 0.00309993 0.0195922 0.0199553 0.0240691 1.65838e-07 
2.0572e-06 2.62205e-08 8.89106e-12 2.42067e-06 0.000429615 0.0288623 6.30528e-09 0.00142335 0.00167503 9.95417e-12 0.753302 1.12066e-09 0.0212184 6.39373e-05 1.6359e-07 2.51668e-11 5.56488e-08 0.00255018 0.0131984 2.65044e-11 0.00205365 6.08306e-12 1.63325e-05 0.00264742 1.25336e-10 0.018958 0.00350048 0.146467 0.0036292 6.87189e-09 
0.00540375 0.00749373 0.00439293 0.000189057 0.00252688 0.0107013 0.0128381 0.0358069 0.0113064 0.00378586 0.70415 1.48805e-05 0.000749633 0.000400774 0.00305496 6.88053e-09 1.93306e-05 0.00425038 0.0778585 7.05395e-06 0.0219929 0.0192427 0.00144264 0.0114602 0.000838712 0.000161674 0.00796446 0.0472022 0.00366119 0.00108343 
0.0330607 0.0046094 0.000697292 0.00767244 0.0077642 0.0737045 0.0168468 0.00411995 0.049231 0.0106524 0.387714 0.00122965 0.0386529 0.0126169 0.00038946 4.93672e-06 0.000257728 0.0415512 0.087066 0.00222763 0.00364235 0.0270201 0.00101819 0.0505317 0.0125757 0.00583584 0.00357171 0.0398496 0.0758775 8.44704e-06 
8.97382e-06 0.00147448 4.81357e-05 0.000144487 0.00136457 0.167465 0.00308988 0.00487324 0.000209217 3.47901e-05 0.617636 9.47722e-06 0.11123 8.69901e-05 0.0069902 1.00428e-07 1.17333e-05 0.00290473 3.60187e-06 8.26048e-06 0.00351856 0.00169266 0.00444212 0.00459375 0.000332922 0.000521177 0.00774157 0.0408077 0.0187551 4.85665e-07 
0.00425836 0.000606997 3.78061e-05 0.0330157 0.0223395 0.0927688 0.00202721 0.0122517 0.0011277 0.000627004 0.515077 1.29461e-05 0.00763079 0.000390286 0.00023883 8.76966e-09 0.0470859 0.0567099 0.033382 3.40206e-05 0.00602763 0.0121469 0.000693778 0.0427561 0.000444761 0.0181522 0.00757027 0.0560377 0.026436 0.000112624 
0.000171565 0.0129539 0.00269016 2.50265e-05 0.00272337 0.0256547 0.00689466 0.0138215 0.0020236 0.00579509 0.405247 4.15737e-09 0.161036 6.37239e-09 0.00194229 2.45212e-07 5.48046e-05 0.000389798 0.0061845 0.00107856 0.0106607 0.000236371 0.060666 0.0145534 3.16207e-05 0.00834846 0.0125584 0.175032 0.0692222 2.9615e-06 
0.00426089 0.00215838 0.000265327 0.00760017 0.00421058 0.0500391 0.0113465 0.00880019 0.00566281 0.0014665 0.544312 3.01555e-05 0.0135043 0.00447527 3.89358e-05 6.41598e-09 0.00101169 0.0101115 0.0515125 0.00214028 0.00769725 0.0440417 0.00448558 0.0918547 0.00140282 0.00489392 0.0091288 0.0746301 0.0386655 0.000252247 
0.0449259 0.00132013 0.00030102 0.00256329 0.0128704 0.0259225 0.00284575 0.0191297 0.0404636 0.000262069 0.389199 7.73709e-06 0.00323779 0.00121801 0.00799678 9.04635e-09 0.00175205 0.00312091 0.0133375 2.04823e-05 0.103371 0.00032768 0.00387908 0.0494008 0.000117129 0.123154 0.0299742 0.0867454 0.0325316 3.75049e-06 
0.00157421 0.00446401 0.00114988 0.0200254 0.0124585 0.0824957 0.0144245 0.00157779 0.00283341 0.00159772 0.228076 5.95971e-05 0.116661 0.00601966 0.0116029 3.53445e-07 0.193865 0.00783177 0.0614776 2.28701e-05 0.0135377 0.000493096 0.00131763 0.0631547 0.0755142 0.0292756 0.0120718 0.0315484 0.00486944 2.21579e-07 
1.1106e-06 5.68381e-05 5.51612e-07 6.4849e-06 0.00319334 0.0245909 0.000147162 7.24151e-05 0.00316579 3.94834e-07 0.672356 4.07242e-07 0.0183646 1.46747e-06 7.77967e-06 2.17895e-08 5.62725e-06 5.95913e-06 0.00164269 0.00041556 0.00941834 9.07419e-06 0.00024629 0.0114624 6.30335e-05 0.120843 0.00380715 0.0478905 0.0822243 7.89522e-07 
0.00403588 0.00532738 0.000399481 2.74398e-05 0.00987062 0.045336 0.0109344 0.00663572 0.00156509 0.000289671 0.363569 0.000187878 0.0554509 0.00027385 0.0175917 6.38671e-08 0.0129075 0.000250577 0.00620007 7.74478e-05 0.0301357 2.48601e-06 0.00787996 0.0186315 0.000239511 0.000560133 0.00797057 0.130787 0.262863 2.74736e-09 
0.0598071 0.00316018 0.00214342 0.00561949 0.0346955 0.0396743 0.0107022 0.00590401 0.00668709 0.00402736 0.432825 2.88699e-05 0.00774926 0.0186854 0.000847622 3.44278e-05 0.00132754 0.0110397 0.247755 0.000473444 0.00169137 0.00380909 0.00373629 0.0157304 0.00161465 0.00890693 0.0107465 0.050924 0.00964898 5.22561e-06 
0.00223194 0.000584798 0.000371652 0.0419276 0.031695 0.0605522 0.010284 0.00225076 0.0228209 0.000166088 0.31804 1.19374e-05 0.0100195 0.0011869 0.000392552 1.38531e-08 0.00139438 0.00744111 0.101251 0.00129088 0.00357012 0.00218626 0.00107095 0.121042 0.00630942 0.0796654 0.009478 0.157127 0.00562314 1.36416e-05 
0.00229243 0.00781169 0.00196671 1.26437e-05 0.0317223 0.021076 0.0417872 0.0033223 0.0110906 0.00236307 0.335372 1.2327e-05 0.0537091 5.13756e-08 0.00768556 4.16024e-08 0.00298806 0.000290857 0.0075481 5.55018e-06 0.0627225 0.000237107 0.00276373 0.112673 0.00167112 0.00406599 0.0746009 0.148032 0.0621747 2.19886e-06 
0.000270474 0.00115405 0.000157074 3.70796e-06 0.00450876 0.0209663 0.00379933 0.00137975 0.000221443 0.000215691 0.579367 1.16247e-06 0.142438 1.05166e-08 0.00324621 1.16478e-10 0.00102121 0.00038466 0.000461416 8.99299e-06 0.0210044 0.000353629 0.000674287 0.0438151 6.64732e-05 0.000732463 0.00270007 0.149566 0.0214805 2.85779e-06 
0.0229688 0.00142444 0.000166968 0.00201299 0.00465605 0.00441223 0.0138177 0.0428757 0.0169016 0.00818969 0.271815 0.00619939 0.00401371 0.0612308 0.00109045 5.17565e-09 0.00301142 0.0079619 0.0531106 0.000296915 0.018526 0.165801 0.000865637 0.188294 0.000562635 0.003525 0.0013639 0.042911 0.0502656 0.00172825 
0.00229243 0.00781169 0.00196671 1.26437e-05 0.0317223 0.021076 0.0417872 0.0033223 0.0110906 0.00236307 0.335372 1.2327e-05 0.0537091 5.13756e-08 0.00768556 4.16024e-08 0.00298806 0.000290857 0.0075481 5.55018e-06 0.0627225 0.000237107 0.00276373 0.112673 0.00167112 0.00406599 0.0746009 0.148032 0.0621747 2.19886e-06 
0.00500942 0.00187337 0.00173307 0.00966106 0.117866 0.087994 0.0129674 0.0178875 0.0131451 0.00158304 0.206574 4.5177e-05 0.066357 0.000359558 0.00593583 3.60536e-09 0.00661644 0.0057597 0.0082311 0.000248174 0.0241248 0.000249679 0.00682871 0.0143598 0.118535 0.108187 0.0674536 0.0454454 0.0449668 2.12311e-06 
0.0768595 0.11238 0.00887139 5.05088e-05 0.0164223 0.0120845 0.12976 0.0162857 0.00456103 0.0251213 0.182722 0.000158806 0.0307693 0.00498192 0.00136068 2.52436e-07 3.1046e-06 0.00286687 0.0345115 3.26697e-05 0.0371275 0.00222014 0.0161764 0.0202082 0.000354811 0.0177775 0.133839 0.0947924 0.0177014 3.76736e-07 
0.00442666 0.000977312 0.000476103 1.19033e-05 0.000459229 0.0041841 0.00261338 0.0217063 0.00018974 0.00624759 0.829567 4.48744e-05 0.0123585 0.000998564 0.00219889 3.37732e-06 5.4363e-05 0.000168858 0.00118241 0.00275589 0.00248051 0.0150068 0.0119783 0.00249616 0.00968301 0.000147748 0.0033335 0.0460697 0.0181701 9.5177e-06 
0.0118236 0.00107777 8.71533e-05 0.0147431 0.00200354 0.157014 0.0155735 0.0533266 0.0048975 0.0020257 0.331184 4.66725e-06 0.0025918 0.000783923 0.0179938 1.52926e-08 0.000649608 0.0808157 0.00304915 0.0350023 0.0159099 0.0964172 0.0078343 0.0702473 0.000446279 0.0134263 0.00623446 0.0387795 0.0160194 3.77767e-05 
0.00280987 0.000802185 0.00385134 0.000294813 0.0767054 0.0838872 0.0339 0.00440048 0.0150612 0.000812158 0.382741 1.87385e-08 0.0384514 0.0406061 0.00425845 1.89904e-09 0.000100973 0.000275322 0.0116453 1.99997e-09 0.0142966 0.000262791 0.00291193 0.0120588 0.000744491 0.139348 0.0433709 0.0600868 0.0263142 1.31271e-06 
4.5039e-08 3.45001e-05 1.78314e-10 3.19556e-08 0.0110344 0.0673431 0.0301802 0.0436029 0.000100624 2.48245e-06 0.364102 0.000243473 0.0818725 0.00700332 4.45804e-05 5.04731e-10 4.10108e-10 1.35501e-07 0.0106661 8.13688e-05 0.000304079 2.93688e-06 2.28176e-05 0.00931508 0.00132665 0.000243552 0.0329079 0.269579 0.0699859 3.85394e-10 
0.000468179 0.00169756 0.000192983 0.0218479 0.00402302 0.0191469 0.0156662 0.00456048 0.000110826 0.00167169 0.329156 0.000139423 0.0261417 0.00660851 0.017826 5.39308e-10 1.82593e-05 0.0235598 0.00501569 0.00440653 0.00122006 0.137281 0.00050459 0.0565495 0.265374 5.58578e-05 0.00431953 0.0494301 0.00299929 8.51564e-06 
0.0182647 0.00309872 0.000975175 0.00314802 0.0461607 0.060195 0.0321979 0.0178343 0.00409563 0.00225494 0.174085 0.000138484 0.00232139 0.00342698 0.00198914 6.83629e-11 0.00124531 0.0140639 0.172189 4.21932e-05 0.0914288 0.00203652 0.00033795 0.127144 0.0134675 0.0202599 0.0253471 0.13485 0.0274011 1.35763e-06 
6.17882e-06 7.15811e-11 2.52185e-09 0.00114622 0.00190648 0.098205 7.93427e-06 0.000238164 0.00173243 2.49482e-09 0.659251 2.8856e-10 0.0377895 4.48259e-06 1.63109e-09 1.91236e-12 0.000201851 0.002879 0.0052331 6.24767e-09 0.00150659 3.32314e-07 0.00021382 0.00398832 5.19724e-08 0.00492846 0.00706904 0.168227 0.00546526 1.78224e-09 
0.0464627 0.0128095 0.0091307 0.000372108 0.044723 0.0246889 0.223388 0.00396826 0.00190844 0.010943 0.265806 4.54627e-05 0.0156013 0.00355312 0.000421099 8.66848e-08 1.84619e-06 0.0652861 0.187794 0.00178832 0.00619292 0.0234408 0.00227553 0.020636 0.000234599 0.000658074 0.0047679 0.0164089 0.00665731 3.65159e-05 
0.0357936 0.0226748 0.00825109 0.000171724 0.00359073 0.0100612 0.169296 0.0757445 0.00650464 0.0842503 0.216982 5.73973e-06 0.000518316 1.99263e-05 0.0010044 2.11491e-08 4.4055e-06 0.00725824 0.0099017 3.49221e-05 0.0133721 0.0923969 0.00112982 0.128724 0.000469349 0.00345222 0.00448252 0.0988661 0.00502088 1.81033e-05 
0.0393997 0.0325864 0.0047067 0.005729 0.00546808 0.0720075 0.0800678 0.0283203 0.00154581 0.0160696 0.243802 0.00110537 0.0191378 3.1027e-07 0.00127189 1.34848e-10 0.0292027 0.0496588 0.00510188 1.29992e-05 0.0155594 0.00410303 0.0742535 0.0932477 0.000285266 0.0196602 0.00352612 0.128128 0.0260429 1.347e-08 
4.00257e-05 5.36606e-05 4.69018e-05 3.74916e-06 0.000451349 0.00188219 8.2063e-06 0.00111486 0.000179611 8.09911e-05 0.848822 8.36858e-06 0.00015975 9.69222e-05 7.19691e-08 7.38005e-10 1.21559e-06 0.085536 0.00218741 4.49549e-07 0.00206058 0.000456677 0.000329839 0.0156199 9.16955e-07 0.00619494 0.000501894 0.0299529 0.0042082 4.95106e-07 
0.00427897 0.0325722 0.0385257 0.000253421 0.0101642 0.0861922 0.03604 0.0275766 0.00463966 0.00370147 0.270468 0.0370476 0.00101368 2.86939e-10 0.00125256 3.12372e-08 1.17946e-06 0.153281 0.0270903 0.0144112 0.0410881 0.109935 5.73147e-08 0.0777365 6.9163e-05 0.0102428 0.00336589 0.00588017 0.00317192 5.60951e-08 
0.000558251 0.00933005 0.000545751 0.141968 0.00945291 0.104839 0.0296639 0.0351313 0.00151914 0.000267338 0.337779 0.00103508 0.0144683 0.00218015 0.000445999 3.22496e-10 0.000416833 0.0418194 0.00418573 0.00135947 0.017252 0.0158406 0.0206208 0.0736181 0.000246953 0.00139003 0.0155421 0.0962042 0.0222943 2.55398e-05 
3.14332e-07 0.00695585 1.19905e-06 0.0267666 1.51948e-05 0.0106014 0.00270867 0.0886722 0.00410195 1.95188e-09 0.329481 0.000120868 0.154252 5.94603e-06 0.239278 4.93489e-09 6.22038e-06 0.0355326 0.00445978 1.22424e-05 0.00416846 0.0367119 0.00256606 0.0212439 8.22083e-06 0.0012653 0.0172404 1.54254e-05 0.0136973 0.000111054 
0.0325506 0.0215742 0.000231742 0.107735 0.00999445 0.103368 0.00849359 0.019897 0.00167443 0.00317602 0.261825 0.000542256 0.0017948 0.00536 2.58862e-05 8.45289e-06 6.86805e-06 0.188985 0.00502225 0.0300638 0.005782 0.0629036 0.00144276 0.0916546 0.000140838 0.000939592 0.00294009 0.0235585 0.00830448 4.1928e-06 
0.0091125 0.00874444 0.00450903 0.000939381 0.00922382 0.0514512 0.140963 0.014038 0.000542825 0.0580615 0.180364 0.0606855 0.0322556 0.000158683 0.00120783 2.31037e-07 0.000296412 0.151314 0.0246404 0.000799892 0.0072945 0.114302 0.00798969 0.0387696 0.0389349 0.00198844 0.00921669 0.0234825 0.00868588 2.83119e-05 
9.84836e-05 0.000480798 0.00025772 3.68349e-05 0.00263803 0.0819246 0.000860202 0.00256367 0.00419777 0.000172084 0.515434 6.18255e-09 0.0234153 0.000111162 8.12362e-05 4.66448e-11 0.000245431 6.15886e-05 0.000837054 1.38785e-07 0.000742303 0.00498001 0.00122069 0.00657006 9.93166e-05 0.000395569 0.0888569 0.254377 0.00933957 2.40605e-06 
0.00475021 0.00106153 0.000699351 0.0190086 0.0189321 0.0515696 0.0180076 0.0100919 0.000692483 0.000999442 0.292565 0.000242494 0.105318 0.000543177 0.00384089 1.55696e-08 0.00108111 0.00908779 0.0690698 0.000649061 0.010205 0.016712 0.000304472 0.0299529 0.000763727 0.0124471 0.00680461 0.285889 0.0287109 3.80589e-07 
0.112406 0.0258528 0.0315632 0.000496715 0.0110161 0.0538562 0.0419268 0.0509881 0.000283952 0.0653611 0.233655 0.00619776 0.0261303 0.00306629 0.0270994 2.96543e-07 6.94453e-05 0.0239403 0.034337 0.000206507 0.00316448 0.0941281 0.00188241 0.041611 0.013499 0.000380747 0.00547769 0.0701796 0.0212179 6.10364e-06 
0.000149723 6.93278e-05 6.30865e-09 0.000230582 0.000123388 0.0168833 0.00237959 0.000968939 2.43584e-06 0.00083871 0.472541 2.25931e-05 0.403382 1.03457e-08 0.000154599 7.97372e-08 3.24944e-06 6.94818e-05 0.000810818 0.000323883 0.000459008 0.0259103 5.26258e-05 0.0237419 0.000470806 0.000113609 0.000149446 0.0339148 0.00465383 0.0115802 
0.00167806 0.000170328 0.0631063 6.67104e-05 0.109147 0.0437675 0.0106503 0.040079 0.00326486 0.00830458 0.334408 0.00746526 0.00126666 0.0437386 3.70899e-05 6.91555e-08 0.00297938 0.0108919 0.00754396 0.000167472 0.0209009 0.00823399 0.0105481 0.0174186 1.7514e-06 0.003183 0.244946 0.00497648 0.00102808 3.0685e-05 
0.0189284 0.00091781 0.00626697 0.00506108 0.00758677 0.0823741 0.0424211 0.0314689 0.00224075 0.000600538 0.506214 0.00420774 0.0117772 0.000961714 0.00298514 9.00869e-08 0.00154663 0.0362189 0.0310182 0.000212069 0.0269431 0.00686094 0.00703452 0.0416586 0.00098456 0.00650006 0.00379287 0.0741839 0.0390287 4.8706e-06 
6.68297e-08 6.14947e-07 1.05414e-06 2.08513e-10 2.36913e-10 0.00156947 9.23401e-11 7.01145e-05 3.86122e-10 5.08865e-10 0.664009 7.40021e-10 0.00205223 7.45374e-10 1.49514e-07 1.28655e-09 1.04536e-09 2.25663e-05 0.01119 1.52568e-06 0.00950163 2.59769e-06 4.24706e-10 0.0523913 7.81487e-07 2.28546e-08 3.79523e-07 0.257836 0.00135095 9.82361e-10 
0.0204796 0.0279745 0.000301546 2.59073e-05 0.0178062 0.0828631 0.00973735 0.0226223 0.00144581 0.0010458 0.317639 0.000618215 0.0997591 0.000212937 0.00975091 4.17249e-08 0.00367626 0.000422723 0.0139663 0.00403406 0.0242094 0.00541769 0.00630352 0.0321225 0.00685569 0.00602462 0.0284359 0.234004 0.0222454 1.53757e-07 
0.00079412 0.00256513 0.000637529 0.00211744 0.0117963 0.0320911 0.00370374 0.00134675 0.00617274 0.00104355 0.637703 7.4508e-10 0.011496 0.00059324 0.000149207 9.64234e-09 0.000321017 0.000541495 0.0131472 6.16325e-12 0.00516217 1.59219e-08 0.000753814 0.111277 0.00058001 0.00971176 0.102716 0.0424675 0.00110631 6.18931e-06 
0.000617359 0.00013574 0.000627027 0.0858962 0.0178377 0.0761935 0.00532656 0.00207618 0.0086288 0.00487632 0.358571 0.000115587 0.0306553 0.00380999 0.000873828 8.76947e-05 0.00019105 0.00313811 0.0813305 6.24137e-05 0.00361679 0.000810529 0.00137262 0.0934359 0.00515881 0.00962426 0.0391301 0.157278 0.0085217 5.02346e-07 
2.82077e-10 4.6976e-10 9.23628e-10 1.56818e-06 1.94503e-05 3.08263e-05 5.08535e-06 3.46508e-10 7.84638e-10 1.03407e-09 0.99957 1.5038e-09 0.000190235 1.51468e-09 7.03028e-10 2.6144e-09 2.14551e-07 9.9488e-10 4.81283e-06 1.51462e-05 1.64045e-05 2.40195e-06 8.63046e-10 1.46571e-05 1.1637e-09 6.05318e-06 8.94483e-06 8.24772e-05 3.21799e-05 1.99626e-09 
5.08169e-05 0.0102738 2.33648e-05 0.00608936 0.00184014 0.0141979 0.00218628 0.0538741 0.000391986 0.0152272 0.325677 6.28443e-07 0.0111897 0.000215309 0.00124608 5.67226e-10 5.27253e-05 0.00671968 0.00854092 0.000221564 0.0188692 0.0901134 0.000383177 0.101755 3.13875e-07 4.07914e-05 0.00299869 0.292933 0.0346937 0.000194943 
0.000799339 0.000393634 2.74389e-07 7.80825e-07 0.00389187 0.0698935 0.00232446 0.000507557 0.000343215 4.49835e-05 0.484408 9.77676e-06 0.115756 5.70973e-11 0.00501132 5.33389e-10 0.0386133 0.00191886 0.0122216 0.000240537 0.011521 7.63009e-05 0.00529078 0.0217298 7.87567e-05 0.00403903 0.00163126 0.194263 0.0249914 3.72752e-09 
0.00700775 0.0127473 0.00206496 0.000856958 0.0363303 0.0632977 0.0352616 0.0144047 0.00886235 0.00131482 0.250351 0.00065029 0.201747 0.000110949 0.0133422 1.38346e-08 0.00215477 0.020261 0.0171794 0.000527514 0.0210225 0.0257124 0.00478925 0.0562834 0.000337625 0.00397402 0.0163039 0.131348 0.0517347 2.22336e-05 
0.00448852 0.00201212 0.000849989 5.21448e-05 0.00773143 0.11114 0.00699664 0.00184542 0.0151048 0.000297583 0.474463 3.59945e-05 0.0657408 1.27822e-07 0.0029651 0.000561433 0.0231517 0.00143507 0.0015677 3.44236e-06 0.0247896 0.000504279 0.00296648 0.041437 7.93724e-05 0.00236917 0.00612685 0.149761 0.0468827 0.00464105 
1.66833e-07 0.00298602 0.00126743 0.00136804 0.00507106 0.0730192 0.021273 0.104982 0.00280181 1.6673e-07 0.17495 0.00143349 0.022417 0.0027168 0.00950637 1.66514e-07 0.000699809 0.0021844 0.0324125 0.0122209 0.064181 0.022733 0.0848112 0.0146309 0.022523 0.00917206 0.0560354 0.160358 0.094244 1.66599e-07 
0.0135273 0.00346891 0.0502625 0.000196753 0.0379304 0.0845422 0.0370702 0.011777 0.0117949 0.00208851 0.194507 7.99443e-05 0.137769 0.0275394 0.00846966 4.96299e-08 1.94003e-05 0.00621003 0.0569038 0.0196585 0.000484125 0.0374713 0.000324232 0.0225276 0.00282056 0.0433181 0.0800285 0.0499731 0.0592335 3.97775e-06 
5.99794e-08 0.0130874 0.0186655 2.67084e-05 0.0126795 0.0112378 0.00366055 0.182451 1.84887e-10 1.23158e-07 0.306235 2.64924e-06 0.100965 0.00319754 1.96784e-05 6.16041e-10 6.91876e-05 2.19456e-05 0.00253175 0.00435475 0.000837723 0.0662105 0.00275084 0.136218 5.42494e-07 1.90153e-10 0.000537479 0.084698 0.0495281 1.28054e-05 
0.0182968 0.00879383 0.00208163 0.00983045 0.0416905 0.0516997 0.0244345 0.0224019 0.0269002 0.00216468 0.237797 6.31836e-05 0.0247959 0.00303936 0.00144739 2.85556e-06 0.00105265 0.00467539 0.071887 0.000544472 0.0533577 0.00499483 0.0059228 0.0872013 0.000241497 0.0140374 0.0726209 0.166519 0.0414705 3.46956e-05 
1.43394e-05 0.00995016 0.00032768 9.95863e-08 0.000178669 0.248449 0.010709 0.08902 0.000878369 0.00219699 0.265472 2.95089e-07 0.0471151 4.45965e-05 0.0120751 3.02405e-05 0.000611601 0.000205708 0.00754364 0.00025799 0.0083167 0.0777753 0.00547075 0.00611986 0.0146025 0.0119651 0.0351689 0.136082 0.00941865 3.65937e-10 
0.00331715 0.00987948 0.00170679 4.87717e-05 0.0463459 0.0225883 0.016501 0.0238656 0.0031355 0.00752624 0.274343 0.000544273 0.0248334 0.00028293 0.00460643 4.84604e-08 0.00191533 0.00318941 0.0527372 0.000453986 0.136016 0.0062002 0.00533908 0.039952 0.000761445 0.0134446 0.0212815 0.207915 0.0712678 2.08079e-06 
0.000571461 0.00033393 0.00075209 0.202238 0.016832 0.1098 0.0029396 0.00396785 0.00634434 0.000815977 0.355654 0.0339708 0.0021369 0.000306467 1.62719e-05 1.74473e-05 0.00614834 0.121654 0.00359014 1.59683e-08 0.00230826 0.00640604 0.0105527 0.063946 2.06595e-06 0.00898595 0.0165218 0.0177782 0.0047422 0.000667855 
0.00793681 0.0368628 0.00176434 1.02877e-05 0.00799909 0.0220787 0.0150829 0.082216 0.0236478 0.00332849 0.33831 0.000802615 0.0169753 0.000919599 0.00634714 3.03095e-10 0.000968573 5.11666e-05 0.00100319 0.00165997 0.0256742 0.00164025 0.0172578 0.0730513 0.000529076 0.00366698 0.127107 0.0186107 0.164445 5.33456e-05 
0.0136477 1.38407e-05 8.89586e-06 0.000107861 0.166862 0.0503955 0.000792791 0.0021048 0.00077624 0.000362989 0.737791 1.08448e-06 1.26222e-05 0.000178612 9.17516e-11 7.63573e-09 0.00285987 4.85665e-05 0.00267394 3.59337e-10 0.000216843 0.000117215 0.00240264 0.000963645 3.06437e-06 0.00578198 0.000160304 0.0048882 0.00682623 1.04433e-06 
1.10708e-09 1.78748e-05 1.14412e-05 1.17124e-05 7.34429e-05 1.66043e-05 0.0718631 4.98753e-05 3.07949e-09 2.15314e-05 0.239579 5.902e-09 0.0869355 3.04514e-05 9.7102e-07 1.02608e-08 0.000307099 0.00527528 1.58718e-09 1.08062e-08 3.15299e-06 0.074235 0.160868 0.194386 9.98984e-06 5.72097e-05 0.0948009 0.0714399 5.89493e-06 7.83477e-09 
4.53452e-07 0.074585 0.00565105 0.000150358 0.00375656 0.106335 0.0201755 0.0782703 0.0101058 0.00383533 0.15534 6.1029e-07 7.29549e-07 0.000453929 0.0714167 3.12444e-09 1.61193e-06 0.120764 0.00090621 0.0184688 0.0174274 0.138337 0.00296739 0.0546581 0.00133366 0.00141542 0.0169297 0.0920398 0.00467078 3.36084e-06 
7.05403e-09 3.04811e-05 1.54257e-08 7.75416e-08 0.00105919 0.172335 0.000682805 0.000276422 1.93268e-07 0.000115991 0.676335 6.64407e-13 0.0302128 8.83429e-09 4.64678e-08 1.15509e-12 0.008075 6.59379e-09 0.00117797 1.21648e-12 2.57145e-08 3.15251e-05 0.0060946 0.00963187 0.0510342 0.0047544 0.0381409 3.76504e-07 1.06884e-05 7.06469e-10 
0.0198753 0.00300374 0.00388951 0.0213514 0.00769445 0.0796279 0.0286847 0.0380668 0.00585284 0.00270367 0.281499 0.000769346 0.017266 0.000270248 0.0406848 3.46381e-08 0.00574693 0.015669 0.0541302 0.000147195 0.0470962 0.00590885 0.0741804 0.100481 0.00204148 0.0091545 0.0109975 0.079553 0.043652 2.1966e-06 
0.00331243 0.000500825 1.57903e-05 1.03337e-05 8.05951e-05 0.0314384 0.00124157 0.182331 0.00169865 0.0040917 0.227148 7.67174e-10 0.205951 7.86338e-08 0.000501948 1.33376e-09 0.00024756 0.000734107 0.00443305 2.122e-06 2.26795e-07 4.99312e-05 0.000945817 0.0202928 0.000122896 0.00209481 0.0760551 0.218303 0.0183952 4.19422e-07 
0.000253975 1.0342e-05 2.20692e-09 0.0048306 0.00231199 0.0301766 4.66776e-05 0.000170272 0.000490938 1.12353e-08 0.748566 1.05307e-06 0.0411019 0.000227522 2.6906e-06 9.54645e-13 1.22444e-05 0.000408391 0.00107068 1.46356e-06 0.000576816 2.85769e-06 0.000330434 0.0110475 3.73344e-09 0.000985409 0.00686577 0.144417 0.00608943 7.64767e-07 
0.0172107 0.0177188 0.270337 0.000524835 0.0439342 0.000670848 0.100436 0.041513 2.02405e-08 0.00963858 0.34182 0.0159976 4.55887e-05 0.000213037 0.000925745 6.7441e-08 0.000345895 0.000548695 0.0132136 0.000181327 0.00107536 0.0663062 0.000163993 0.0240477 0.000224361 0.00329804 0.000610163 0.0101227 0.0153853 0.0034911 
3.93876e-05 0.00103356 5.93041e-05 8.00859e-05 0.00128146 0.135759 0.000634903 0.000981435 0.00635885 0.000419659 0.629969 5.67598e-06 0.0133016 1.51478e-05 0.0005895 7.0622e-09 0.0385128 0.000279961 0.00243169 0.000519008 0.0151566 0.000398561 0.0126676 0.0509179 0.00214437 0.0099145 0.0301289 0.0362838 0.0100896 2.6723e-05 
3.72344e-05 0.000328488 9.10329e-07 3.36366e-06 0.000110538 0.00126063 0.00103947 7.66495e-05 1.26206e-05 3.45817e-05 0.929435 1.48215e-06 0.0263027 2.43472e-05 0.000352023 2.7205e-06 0.00011925 3.35807e-06 5.57346e-05 9.32221e-06 0.000355355 8.73357e-05 5.97877e-05 0.00829791 0.00100295 0.000173289 0.00102894 0.0283765 0.00139505 1.27812e-05 
0.00540375 0.00749373 0.00439293 0.000189057 0.00252688 0.0107013 0.0128381 0.0358069 0.0113064 0.00378586 0.70415 1.48805e-05 0.000749633 0.000400774 0.00305496 6.88053e-09 1.93306e-05 0.00425038 0.0778585 7.05395e-06 0.0219929 0.0192427 0.00144264 0.0114602 0.000838712 0.000161674 0.00796446 0.0472022 0.00366119 0.00108343 
0.000649344 1.07976e-06 5.70387e-05 4.54464e-09 0.000447441 0.0244532 0.00037687 0.00120828 0.001547 0.000233623 0.625849 7.16421e-12 0.0298622 1.2391e-05 1.69916e-07 1.24552e-11 0.000193887 0.000222273 0.0207652 5.47452e-08 0.0028746 5.93929e-06 0.00116238 0.00247521 0.000637157 0.00264279 0.00673671 0.243713 0.0338738 2.0079e-09 
0.00110579 0.00372508 0.00157557 0.000707967 0.0261068 0.0367643 0.0140959 0.0214556 0.00535226 0.000824351 0.426332 0.000902195 0.0539418 3.26597e-05 0.00507243 0.000124949 0.00127938 0.000576905 0.0143417 0.000959363 0.0324271 0.000311096 0.0068893 0.0402945 0.00707793 0.00176609 0.0309208 0.212213 0.052817 5.61493e-06 
0.00419905 0.0026864 0.000678108 0.00192419 0.0163517 0.177045 0.00784468 0.00175403 0.0129555 0.000173088 0.432116 2.14106e-05 0.0115891 0.000461378 0.0002049 4.97524e-07 0.00308019 0.000897542 0.0140613 4.0422e-08 0.00357461 0.000272556 0.000627031 0.124326 0.000117143 0.0281983 0.0850468 0.0620584 0.00772771 6.66362e-06 
8.55219e-06 6.87021e-06 3.62713e-06 0.000852486 0.00063 0.0857812 0.000173891 0.00158948 0.00345727 3.19103e-05 0.580331 6.56813e-10 0.0930408 0.0014011 2.31143e-05 3.86127e-10 0.000250872 4.75714e-05 0.00817849 8.00671e-08 0.00312085 0.000307352 0.00298075 0.0255138 6.12776e-05 0.00114348 0.0139385 0.0886198 0.0885055 3.99312e-07 
0.00219192 0.00103704 0.000178792 0.0104585 0.00630241 0.055793 0.00247043 0.0122392 0.222715 0.00215773 0.350253 9.0507e-06 0.0717922 0.0139085 0.00130591 4.1574e-06 0.000113181 0.000206175 0.00607697 9.62977e-05 0.00688907 0.00226294 0.0449892 0.00684376 0.000735274 0.00727039 0.0938222 0.0462812 0.0315935 3.40043e-06 
0.00206557 0.00275325 0.00297015 0.0263917 0.0436223 0.113517 0.0105332 0.025736 0.0111864 0.00296692 0.262284 0.00232954 0.0616742 0.00389922 0.010882 1.05602e-07 0.000648491 0.0502589 0.0241195 0.00527927 0.0467126 0.0105048 0.00367124 0.0713941 0.00111525 0.0218945 0.0222986 0.108387 0.050853 5.17143e-05 
0.0158603 0.0414531 0.00199284 3.92827e-05 0.012868 0.0185939 0.17887 0.0850841 0.0109727 0.00146263 0.331365 1.46364e-05 0.00275592 0.00108906 0.0017994 1.50508e-09 5.59812e-05 7.59277e-05 0.0100069 7.46436e-07 0.0400262 0.00121464 0.0262009 0.0444152 6.70616e-06 0.0128533 0.0306827 0.0888097 0.0414241 6.05433e-06 
0.00490254 0.00255093 0.00359087 0.0464004 0.0101326 0.210665 1.38754e-07 0.0283832 0.0015364 6.78214e-05 0.217525 3.59243e-07 0.00255251 0.000513079 0.00397927 3.61556e-06 4.66677e-05 0.0111453 0.00351628 1.46658e-10 0.00669753 0.103314 0.162419 0.0108514 7.32771e-05 0.00497366 0.00393878 0.147563 0.0126505 6.59871e-06 
0.00292345 0.00456716 0.00110899 0.00710807 0.00142693 0.0574328 0.0374748 0.103835 0.0180155 0.00243209 0.381065 0.000276646 0.0175341 0.0065895 0.000341516 4.82225e-07 2.07115e-05 0.00490602 0.0140584 0.0684287 0.0378173 0.00288341 0.0327571 0.0560026 0.000778618 0.00256772 0.0910269 0.00728897 0.0393294 2.65581e-06 
0.00316742 0.00856833 2.50814e-07 0.226997 1.00496e-06 0.0110261 0.0078388 0.112882 0.0104275 0.000327681 0.326584 0.00130467 0.00210868 0.00538101 0.00398112 4.87212e-11 4.92854e-05 0.00244918 0.00678994 3.15045e-07 0.000388115 2.31531e-07 0.00396981 0.0975291 1.97707e-08 0.00745224 0.00559094 0.15074 0.00437095 7.3545e-05 
0.00534801 0.00159203 0.000756729 0.00975962 0.0223183 0.0976566 0.0114923 0.0138313 0.00161688 0.00141654 0.338589 0.000482402 0.0456865 0.00111113 0.00198851 0.000516116 0.000283416 0.0238908 0.0705058 0.00370421 0.0101646 0.0162334 0.00309756 0.0563092 0.00545336 0.00219203 0.0199924 0.179601 0.054399 1.07307e-05 
4.15355e-05 0.00108911 0.000886019 3.68419e-06 0.000204876 2.10651e-05 0.000495699 0.0229385 8.37425e-05 2.80839e-05 0.959686 8.29985e-06 3.13238e-06 9.02418e-07 2.28188e-06 3.80986e-11 3.09562e-11 1.09559e-05 0.000869756 7.01917e-09 0.00303452 0.00128331 2.60571e-05 0.00232102 1.69581e-11 0.000111933 0.000654271 0.00287002 0.00310132 0.000223442 
0.00294977 0.00169295 0.00239236 0.00827636 0.00875471 0.0751512 0.00646028 0.0110907 0.00225987 0.000365906 0.408945 0.0002791 0.0595557 0.000307203 0.00095422 3.21745e-10 0.00195853 0.0132917 0.0597833 0.000398721 0.0138743 0.00252693 0.000197701 0.0392082 0.00129631 0.0124713 0.00469775 0.200243 0.0606159 4.88844e-07 
0.000244251 0.00173438 0.000812878 4.9897e-06 0.00100943 0.00976957 0.00332282 0.000184285 0.000474765 0.000169661 0.773551 6.50498e-05 0.0261691 6.02543e-05 0.0225777 0.000795463 0.0027582 0.000547886 6.08215e-05 5.11657e-06 0.0152911 1.24667e-05 0.000433607 0.006241 4.31685e-05 0.000376669 0.00194877 0.104973 0.0263593 3.70966e-06 
0.0234687 0.00316762 8.11388e-05 5.89051e-06 0.0196369 0.225082 0.00345209 0.00231303 0.00430058 0.000424263 0.46886 3.67728e-07 0.0638082 0.000282027 0.00450662 8.1802e-07 1.4633e-05 0.00123752 0.00118703 2.28406e-05 0.0321791 1.29752e-06 0.00132595 0.0130457 1.61123e-05 0.00697654 0.088253 0.00672626 0.0296209 2.88849e-06 
0.0100066 0.0139366 0.000615304 0.0123935 0.0066244 0.142427 0.00653382 0.00641459 0.00514466 0.00382133 0.373364 0.000107517 0.194555 0.000894109 0.00110838 0.000274503 0.0189608 0.00678927 0.0122373 0.00131818 0.0120259 0.0214834 0.000619751 0.0279 0.00193253 0.0131249 0.0201787 0.0780713 0.00713607 9.62317e-07 
1.24328e-06 0.00638033 2.20377e-08 3.59125e-12 0.00567719 0.022924 0.00139866 0.0902659 0.00188834 0.00375485 0.254436 1.46255e-08 0.0699905 2.15507e-05 0.00185565 2.92762e-08 0.0787343 4.66005e-06 0.000904552 4.58101e-07 0.108288 1.5711e-05 0.0450454 0.024568 0.000243328 0.000641158 0.0032458 0.108646 0.171068 3.15573e-07 
0.0557144 0.0726501 0.004379 0.000258201 0.00428653 0.00785797 0.102774 0.0586408 0.00439361 0.00527329 0.225089 0.00275965 0.0174025 0.00271934 0.00309533 3.34507e-06 0.00330799 0.00568233 0.0506058 4.92488e-05 0.0134684 0.218125 0.000940706 0.0409213 0.00018178 0.00366916 0.0158093 0.0685885 0.0113335 2.01666e-05 
0.00471791 0.000919657 2.92247e-05 0.0317384 0.00148554 0.0595526 0.00218383 0.00634189 0.000433203 0.000806646 0.579608 0.138158 0.00647472 0.00129921 0.000210665 7.03053e-10 3.82859e-05 0.0566965 0.00576361 0.000922848 0.00374705 0.023616 0.000627672 0.0514575 0.000322475 0.000389088 0.00436588 0.00722556 0.0101494 0.000718011 
0.00660048 0.00401502 0.000898242 3.04965e-05 0.00757043 0.0207996 0.117402 0.00314265 0.0017209 0.000725979 0.320953 2.36853e-05 0.214067 0.000496063 0.00510519 1.23502e-06 0.0012205 0.00122464 0.00709709 0.00016867 0.0601086 0.000310616 0.000716919 0.0634776 9.11985e-05 0.00347514 0.0357567 0.102503 0.0202946 2.75964e-06 
7.66606e-05 0.000119191 8.85337e-06 0.000482008 0.00184035 0.148076 0.000985703 0.000206459 0.00292776 6.37068e-05 0.641803 1.60135e-07 0.0404391 2.91328e-05 0.0049476 1.41691e-08 0.000452351 6.5224e-05 0.00174978 6.36688e-08 0.0133451 1.4891e-06 0.0262739 0.0425886 2.05203e-05 0.000998429 0.0073863 0.0541112 0.0110009 3.40758e-07 
0.000819942 0.00220796 6.18725e-05 0.0009361 0.00643018 0.0864205 0.0294262 0.049052 0.00134636 0.00169775 0.316568 0.000194947 0.033893 0.00223234 0.0140436 6.15032e-07 0.000461795 0.124965 0.0107408 8.43936e-06 0.0432593 0.000659707 0.0021771 0.0262311 0.000490513 0.0295331 0.00373289 0.186925 0.0254843 3.62821e-07 
0.00121133 0.00353577 3.12951e-05 1.84624e-06 5.87611e-05 0.000553639 0.00222465 0.000615123 0.0384482 0.00182303 0.935826 4.52653e-05 2.07498e-05 0.00700596 4.29034e-06 9.84916e-10 8.54952e-05 7.12817e-05 0.000257802 1.03726e-09 0.000515684 0.000967341 0.000477445 0.00322262 5.07101e-09 5.9857e-06 0.00272424 0.000202684 5.82372e-05 5.29495e-06 
0.00490254 0.00255093 0.00359087 0.0464004 0.0101326 0.210665 1.38754e-07 0.0283832 0.0015364 6.78214e-05 0.217525 3.59243e-07 0.00255251 0.000513079 0.00397927 3.61556e-06 4.66677e-05 0.0111453 0.00351628 1.46658e-10 0.00669753 0.103314 0.162419 0.0108514 7.32771e-05 0.00497366 0.00393878 0.147563 0.0126505 6.59871e-06 
0.00502776 0.00498968 0.00305799 0.0006579 0.00138457 0.140181 0.0284967 0.00410794 0.0104394 0.00240591 0.285563 0.000213938 0.0275396 0.00170549 0.00592349 5.49236e-07 0.000751098 0.000189056 0.00133291 0.133755 0.000302837 0.0153536 0.0846985 0.0368491 0.0667894 0.00378282 0.0560295 0.0676414 0.010829 1.19164e-06 
0.00549057 0.00402569 0.00011707 6.86219e-05 0.00499016 0.0227427 0.00402634 0.0464343 0.00214195 0.00107029 0.361212 3.19222e-05 0.0756393 0.000947023 0.00294106 1.0482e-06 0.00120144 0.00255 0.00831585 0.000288767 0.0280946 0.00951794 0.00298389 0.166212 0.00283426 0.00268595 0.00645673 0.20744 0.0289621 0.000576566 
0.000273253 3.73633e-05 0.000182082 8.89138e-05 0.00576638 0.0447235 0.000533482 0.00198407 0.0177836 0.00640659 0.741213 1.16407e-05 0.00584391 0.00150575 3.46769e-13 6.67447e-07 7.27557e-05 0.000658828 1.47117e-08 1.35809e-12 8.60382e-05 0.000515034 0.0362071 0.0325877 5.5664e-10 0.00315334 0.0768924 0.0214942 0.00197572 2.92919e-06 
0.099653 0.0144702 0.00257178 0.000448663 0.00563496 0.0855075 0.125854 0.0383021 0.000421984 0.0231924 0.417265 2.90303e-05 0.002466 0.000690908 0.0423083 1.28395e-08 4.09777e-05 0.00624091 0.0113589 4.58896e-05 0.00339283 0.0458316 0.0019201 0.0286815 0.0055788 0.000631709 0.0044317 0.0269193 0.00609426 1.56816e-05 
0.0259182 0.00740536 0.00252206 0.0884107 0.00413343 0.15428 0.0387658 0.00349594 0.00607793 0.00229839 0.245315 3.22348e-05 0.019294 0.00761345 0.000456687 1.49348e-11 0.00695199 0.0113368 0.140106 0.000203681 0.00447218 0.00526814 0.000649117 0.0301743 0.0159111 0.00769509 0.0162596 0.14103 0.0139232 1.62438e-07 
0.0265763 0.0547667 0.00392011 0.00756683 0.00770574 0.0664701 0.025209 0.0399676 0.00541981 0.00162511 0.316978 9.71823e-05 0.0110787 0.000844061 0.00125807 1.55867e-08 0.00357833 0.134608 0.00706214 2.43392e-07 0.0488126 0.0040809 0.000922242 0.140909 0.000224934 0.00299308 0.00559486 0.0617948 0.0199062 2.85207e-05 
8.38893e-10 3.26873e-05 4.90827e-13 4.8281e-06 0.000569842 0.00635085 0.000211105 2.47086e-09 1.38084e-08 7.11142e-09 0.722208 7.99136e-13 0.156315 8.04916e-13 6.45326e-05 1.76786e-10 6.80954e-06 1.6744e-06 0.000218048 6.42177e-09 0.00223502 7.52465e-05 0.000228605 0.00296789 2.0221e-08 0.000403394 0.000694276 0.0981478 0.00926429 1.47425e-09 
3.06849e-06 3.2478e-05 4.51361e-05 2.70978e-08 0.00220262 0.0478324 0.000591171 0.0105136 0.000477063 1.87638e-08 0.543335 1.01486e-08 0.0490808 3.33331e-05 4.77226e-06 1.0934e-10 6.47533e-07 3.44062e-05 0.00152248 6.34571e-06 0.000693768 2.78049e-06 0.0018978 0.0196111 4.04804e-08 0.000170769 0.0343543 0.251909 0.0356449 8.34879e-11 
0.000128594 0.000761368 0.00014274 0.0378935 0.00236822 0.0951526 0.00160349 0.00205338 0.0127098 6.95332e-05 0.431641 0.0788148 0.00105249 0.00124128 9.67296e-06 0.00124801 0.000276876 0.184068 0.0105364 2.17122e-06 0.00217871 0.00363301 0.000691436 0.063697 6.39345e-05 0.0123072 0.00523545 0.00859753 0.00650663 0.0353152 
0.00725397 0.000608429 3.5402e-05 0.000187036 0.0027403 0.00877104 0.000663416 0.0113633 0.000233785 0.000517635 0.825627 4.15762e-06 0.0155728 0.00216496 0.00047851 2.67785e-09 0.000973418 0.000457497 0.0031862 4.9308e-08 0.0105685 0.00338241 0.000257464 0.0168887 0.00101366 0.00169922 0.00362994 0.0377996 0.0439044 1.74852e-05 
0.0441862 0.00677003 0.000283137 9.57803e-05 0.0144726 0.0895599 0.0163356 0.0190824 0.0013104 0.00601196 0.438431 0.000275292 0.012083 0.00368606 0.00197088 1.24547e-05 3.44546e-06 0.00180125 0.00111021 0.000761347 0.00683301 0.0431287 0.00516357 0.0422057 0.00146261 0.0105543 0.0328543 0.135646 0.0638714 3.77934e-05 
2.62781e-05 0.00434663 0.00129842 0.000488891 0.00355604 0.0885782 0.0202087 0.00732465 0.0121804 0.184259 0.324427 3.8282e-06 0.148888 0.00150545 0.00104806 6.64447e-08 0.000140181 0.000223423 0.00283797 0.00617896 0.00800229 0.0758241 0.0135672 0.00411323 0.00158859 0.00100709 0.0516019 0.0230516 0.0137176 5.68162e-06 
9.58955e-11 4.27911e-06 3.13998e-10 7.32346e-06 0.000523028 0.0618582 0.00096307 0.0011348 9.48506e-06 6.81221e-07 0.541557 1.46195e-06 0.0232209 3.20145e-06 0.000532693 8.04413e-06 5.32317e-07 0.276359 0.00278401 0.000296723 0.00257207 4.00731e-05 1.18034e-06 0.0131777 1.65567e-05 0.0621965 0.00122839 0.0112768 0.000226226 6.78651e-10 
0.0109189 0.0141484 0.000889063 0.000104887 0.0129367 0.0349109 0.02787 0.132482 0.020355 0.00212563 0.178921 0.000400973 0.0184208 0.00398973 0.00344553 6.3405e-09 0.000889941 0.000749517 0.0270024 7.80964e-05 0.0154471 0.00271652 0.0215573 0.116172 0.00565378 0.00321223 0.141365 0.128316 0.0748369 8.41628e-05 
0.00873266 5.36673e-06 5.37231e-06 0.0272562 0.00227451 0.235924 1.27714e-05 0.00838216 0.00114989 4.71465e-05 0.268625 0.0234336 0.00863504 1.51589e-07 0.00238103 9.00119e-11 0.00041486 0.21472 0.00635513 9.4796e-11 0.0126556 0.00762948 3.36001e-07 0.0135193 0.000815288 0.00250198 0.00521559 0.142377 0.0069308 1.95942e-08 
8.01732e-05 0.00135243 0.000290351 5.26278e-05 0.00152472 0.0262071 0.000749513 0.00106858 2.20835e-08 5.25131e-05 0.612869 1.27374e-05 0.181988 2.50824e-07 7.8296e-05 2.14514e-09 4.45362e-06 0.000482157 0.00268829 0.000278762 0.00900014 0.000464084 0.000540798 0.00995014 0.00190381 0.00235136 0.000810674 0.131623 0.0135767 1.64976e-08 
0.00340209 0.000643994 0.000364872 0.00915921 0.00459873 0.00303916 0.0125612 0.0972777 0.00912083 0.00275856 0.301329 0.000162351 0.000174631 0.00346075 0.00212127 2.86448e-08 0.00145875 0.00141625 0.0295544 0.000582339 0.00575699 0.239689 7.77366e-05 0.0875121 9.02329e-06 5.90443e-05 0.00101386 0.00943319 0.00180082 0.171461 
0.00130677 0.00344755 0.000722887 0.00132671 0.0115024 0.0271265 0.0261322 0.00275959 0.0350942 0.000211385 0.482588 2.01661e-05 0.0869869 3.67841e-05 0.0013284 6.31964e-09 0.00997205 0.00456141 0.00364943 2.17585e-06 0.022731 0.000970076 0.00102906 0.0761834 0.000420018 0.0124848 0.0132717 0.161201 0.0129303 2.98982e-06 
0.00210835 0.00412991 0.00410258 0.00214251 0.0253811 0.0390912 0.0151032 0.00755499 0.0221062 0.00131586 0.465464 8.59651e-08 0.0103581 0.00618952 8.60215e-08 8.58867e-08 0.000919446 0.00368952 0.0129839 8.58771e-08 0.0150677 0.0129557 0.0570167 0.0663518 8.59892e-08 0.0060641 0.0595691 0.136774 0.0228466 0.000713308 
0.000760708 0.00622897 0.00229957 4.53915e-05 0.01493 0.0163688 0.0439294 0.0132518 0.00761271 0.00407502 0.496352 9.6153e-05 0.0460533 0.00217247 0.00360976 9.96838e-06 0.000232471 0.00188953 0.00158488 0.00117235 0.0108511 0.00968477 0.0311601 0.0652275 0.000407607 0.0142527 0.0289309 0.167236 0.00957292 1.12626e-06 
