0.0087713 0.00286978 0.00225732 0.000410612 0.0146365 0.0338461 0.0115702 0.0130941 0.00243049 0.00933954 0.421181 0.00140034 0.013573 0.00223529 0.0083396 7.37899e-07 0.000251247 0.0337189 0.034781 0.00253988 0.00392619 0.0504478 0.0041765 0.0963953 0.00392069 0.000945943 0.0102083 0.201733 0.0109824 1.68413e-05 
4.09757e-10 9.87307e-06 5.83785e-06 6.15512e-10 2.11003e-05 5.01445e-10 0.00829616 0.00200105 1.1398e-09 9.67793e-05 0.768495 2.12588e-06 2.38817e-06 2.20028e-09 1.02125e-09 3.79778e-09 3.08581e-09 0.00568763 0.0177245 3.99963e-09 4.0804e-10 0.00463271 0.066484 0.0382751 1.69043e-09 0.00274996 5.34694e-10 0.0671463 0.0183669 2.72649e-06 
0.000120787 0.00086878 1.85777e-07 2.07213e-06 0.00112858 0.0170443 0.00147558 0.00320452 8.91626e-05 0.000107683 0.591948 3.59938e-08 0.0293284 1.52603e-06 0.00206107 3.03267e-10 0.00277658 0.000110913 0.0093627 1.14892e-11 0.0285476 2.9452e-05 0.000323993 0.0399427 0.000131573 0.000380274 0.000992162 0.248503 0.0215179 2.4639e-09 
0.00426089 0.00215838 0.000265327 0.00760017 0.00421058 0.0500391 0.0113465 0.00880019 0.00566281 0.0014665 0.544312 3.01555e-05 0.0135043 0.00447527 3.89358e-05 6.41598e-09 0.00101169 0.0101115 0.0515125 0.00214028 0.00769725 0.0440417 0.00448558 0.0918547 0.00140282 0.00489392 0.0091288 0.0746301 0.0386655 0.000252247 
0.00411243 0.00662709 0.00372367 0.0104382 0.00351589 0.092541 0.0246841 0.0335198 0.00834806 0.00185744 0.298778 0.00135988 0.0274619 0.00178695 0.0147684 1.8929e-05 0.00948407 0.0270281 0.0191296 0.00318955 0.0208969 0.123821 0.0108596 0.180894 4.81368e-05 0.00144068 0.00765455 0.0402616 0.021097 0.000654476 
4.15355e-05 0.00108911 0.000886019 3.68419e-06 0.000204876 2.10651e-05 0.000495699 0.0229385 8.37425e-05 2.80839e-05 0.959686 8.29985e-06 3.13238e-06 9.02418e-07 2.28188e-06 3.80986e-11 3.09562e-11 1.09559e-05 0.000869756 7.01917e-09 0.00303452 0.00128331 2.60571e-05 0.00232102 1.69581e-11 0.000111933 0.000654271 0.00287002 0.00310132 0.000223442 
0.00140891 0.0202746 0.0016369 2.23464e-05 0.00319588 0.0198732 0.0572185 0.05731 0.0822635 0.00209027 0.346647 0.000739588 0.00119787 0.0388689 0.00234875 1.62256e-10 2.02051e-08 0.0069373 0.0154897 6.56718e-05 0.0488391 0.0174993 0.0154677 0.115787 1.82979e-05 0.000202003 0.0701988 0.0472911 0.027086 2.15677e-05 
0.00241768 0.0103523 0.00351263 0.00566082 0.0198181 0.105492 0.0412742 0.0185501 0.115658 0.00652767 0.374731 4.77893e-05 0.0299599 0.0106303 0.001038 8.33959e-06 0.000530758 0.000237245 0.0186715 0.0307978 0.0149825 0.0123915 0.0331081 0.0391727 0.0002491 0.00157236 0.0371633 0.0362207 0.0292114 1.25915e-05 
0.000667054 0.00193142 0.000438551 1.57098e-05 0.00110149 0.00333792 0.0102553 0.38738 3.79986e-05 0.00131582 0.460651 1.89139e-07 0.00129359 0.000265837 0.000404798 1.70697e-08 2.47517e-06 0.0608648 0.00466509 0.000275463 0.0300807 0.0027453 0.000106154 0.0117186 1.60884e-06 0.00354273 0.000245633 0.0162808 0.000115503 0.000258635 
0.00348014 0.00146971 0.00011282 0.000551965 0.00393747 0.0352741 0.00447268 0.00273232 0.00587974 0.000223268 0.5941 3.5536e-07 0.0358 0.000320516 0.00571594 2.49419e-07 5.28914e-05 0.000459856 0.00883573 0.000197254 0.00726357 0.00321685 0.00306996 0.0450906 0.00767365 0.00304138 0.0305567 0.165933 0.0305344 2.86048e-06 
0.00540375 0.00749373 0.00439293 0.000189057 0.00252688 0.0107013 0.0128381 0.0358069 0.0113064 0.00378586 0.70415 1.48805e-05 0.000749633 0.000400774 0.00305496 6.88053e-09 1.93306e-05 0.00425038 0.0778585 7.05395e-06 0.0219929 0.0192427 0.00144264 0.0114602 0.000838712 0.000161674 0.00796446 0.0472022 0.00366119 0.00108343 
0.00665412 0.0146806 0.00482271 9.44932e-05 0.0101044 0.00503183 0.00844103 0.0743913 0.00295288 0.00774123 0.615501 8.36814e-05 0.0154403 0.00011935 0.00264077 8.11592e-10 0.000138683 0.00912828 0.0374661 0.00092217 0.0384906 0.00694234 0.00209456 0.0248568 0.000490544 0.0067637 0.00327725 0.0749437 0.0257111 7.42519e-05 
0.00332584 0.00373012 0.000233809 3.77685e-05 0.0068136 0.0223951 0.00193828 0.00590155 0.00342285 0.000284112 0.490803 0.00752451 0.0880546 6.49903e-05 0.000307036 1.12568e-07 0.000181395 0.000421426 0.0045922 0.000483512 0.00483148 0.00288508 0.000924943 0.0245009 0.000204103 0.00134942 0.00667692 0.300978 0.0171329 7.25885e-07 
0.00426089 0.00215838 0.000265327 0.00760017 0.00421058 0.0500391 0.0113465 0.00880019 0.00566281 0.0014665 0.544312 3.01555e-05 0.0135043 0.00447527 3.89358e-05 6.41598e-09 0.00101169 0.0101115 0.0515125 0.00214028 0.00769725 0.0440417 0.00448558 0.0918547 0.00140282 0.00489392 0.0091288 0.0746301 0.0386655 0.000252247 
0.00957031 0.00750249 0.00151463 5.62787e-05 0.199819 0.0035484 0.00667399 0.042699 0.00496101 0.000485328 0.544467 6.49354e-06 0.00304552 0.000707602 0.00041794 4.48373e-10 4.68583e-05 0.000222615 0.0409414 0.000356589 0.0293208 0.00312867 0.00372242 0.0382602 0.00312949 0.0059753 0.00741952 0.0246583 0.0172179 0.000124807 
1.1106e-06 5.68381e-05 5.51612e-07 6.4849e-06 0.00319334 0.0245909 0.000147162 7.24151e-05 0.00316579 3.94834e-07 0.672356 4.07242e-07 0.0183646 1.46747e-06 7.77967e-06 2.17895e-08 5.62725e-06 5.95913e-06 0.00164269 0.00041556 0.00941834 9.07419e-06 0.00024629 0.0114624 6.30335e-05 0.120843 0.00380715 0.0478905 0.0822243 7.89522e-07 
0.0278875 0.0100493 8.08796e-08 0.0270166 0.0162767 0.168599 0.0127684 0.0042804 1.0551e-07 0.00169557 0.226135 7.31841e-10 0.0483725 0.00459413 0.00186959 1.34158e-12 0.000393316 0.020003 0.171998 0.00284263 0.0130585 0.00110912 0.00544612 0.0252249 0.0715061 0.00403835 0.0114504 0.100685 0.0226999 4.52991e-09 
0.00223194 0.000584798 0.000371652 0.0419276 0.031695 0.0605522 0.010284 0.00225076 0.0228209 0.000166088 0.31804 1.19374e-05 0.0100195 0.0011869 0.000392552 1.38531e-08 0.00139438 0.00744111 0.101251 0.00129088 0.00357012 0.00218626 0.00107095 0.121042 0.00630942 0.0796654 0.009478 0.157127 0.00562314 1.36416e-05 
5.35614e-07 3.37963e-08 1.17175e-06 2.84689e-07 0.000192504 0.0187757 1.19874e-05 1.77766e-06 1.46644e-05 0.000116067 0.913389 2.33149e-09 0.0248627 6.72551e-07 1.08998e-09 4.05336e-09 4.39455e-05 5.01777e-07 3.36743e-05 2.6851e-06 0.000193634 1.12815e-06 8.24348e-06 0.00108113 2.50221e-06 0.000157956 0.000782707 0.0391346 0.00119029 3.095e-09 
0.0081706 0.0104427 1.3313e-06 0.0927175 0.0166245 0.0989262 0.015576 0.0244994 0.000692708 0.00111169 0.144592 0.0564454 0.0340814 0.000948115 0.00107318 5.36154e-06 0.000129361 0.0725054 0.0434099 0.0148101 0.019058 0.113288 0.00940088 0.083709 0.0113352 0.000956265 0.00880509 0.0539547 0.0607373 0.00199208 
5.99794e-08 0.0130874 0.0186655 2.67084e-05 0.0126795 0.0112378 0.00366055 0.182451 1.84887e-10 1.23158e-07 0.306235 2.64924e-06 0.100965 0.00319754 1.96784e-05 6.16041e-10 6.91876e-05 2.19456e-05 0.00253175 0.00435475 0.000837723 0.0662105 0.00275084 0.136218 5.42494e-07 1.90153e-10 0.000537479 0.084698 0.0495281 1.28054e-05 
0.000270474 0.00115405 0.000157074 3.70796e-06 0.00450876 0.0209663 0.00379933 0.00137975 0.000221443 0.000215691 0.579367 1.16247e-06 0.142438 1.05166e-08 0.00324621 1.16478e-10 0.00102121 0.00038466 0.000461416 8.99299e-06 0.0210044 0.000353629 0.000674287 0.0438151 6.64732e-05 0.000732463 0.00270007 0.149566 0.0214805 2.85779e-06 
0.000418248 0.0013031 0.000747461 1.80521e-05 0.00591643 0.0149894 0.00139624 0.00895534 0.0153929 0.000418047 0.837052 9.05023e-06 0.00717238 0.00524301 0.000269334 8.41112e-07 0.000607119 0.0024894 0.00118474 0.000307088 0.00187416 0.00437711 0.00473019 0.0267559 3.20853e-06 0.0106317 0.0198903 0.0255001 0.00234561 1.05463e-06 
1.12597e-05 1.04206e-08 2.04887e-08 9.39932e-09 1.80148e-05 0.21003 0.00294334 0.0813285 0.0158529 9.47042e-05 0.319147 3.33586e-08 0.00876809 0.00497976 0.0174774 5.79949e-08 4.21504e-06 0.0041916 0.0130797 6.10772e-08 0.00170502 1.40179e-08 0.099476 7.24121e-09 7.86887e-07 1.79012e-08 0.00485536 9.0488e-06 0.216027 4.42827e-08 
0.00442666 0.000977312 0.000476103 1.19033e-05 0.000459229 0.0041841 0.00261338 0.0217063 0.00018974 0.00624759 0.829567 4.48744e-05 0.0123585 0.000998564 0.00219889 3.37732e-06 5.4363e-05 0.000168858 0.00118241 0.00275589 0.00248051 0.0150068 0.0119783 0.00249616 0.00968301 0.000147748 0.0033335 0.0460697 0.0181701 9.5177e-06 
0.215845 0.0133348 3.61578e-05 0.000931525 0.000555511 0.0581406 0.00290956 0.0108523 0.000213478 0.0173232 0.578156 3.37537e-06 0.0158458 0.000592155 1.80822e-07 0.000196608 0.00024874 0.00160155 0.000157386 1.17011e-07 0.000979573 0.00824055 0.00331629 0.0223947 0.00017998 0.00720225 0.00862827 0.0317327 0.000285775 9.56683e-05 
1.48255e-06 1.48233e-06 1.48177e-06 0.00563454 1.48231e-06 0.0767938 1.48267e-06 0.042252 1.48194e-06 1.48164e-06 0.146026 0.00651816 1.48218e-06 1.48106e-06 0.00993117 1.47972e-06 1.48032e-06 0.119573 0.077383 0.0192357 0.073388 0.0858169 0.0303794 0.133427 1.48148e-06 1.48192e-06 1.48245e-06 0.0941523 0.0794664 1.48047e-06 
0.0141974 0.002726 0.00925758 0.000836406 0.0597821 0.0483714 0.0285255 0.0257487 0.00660048 0.00615181 0.268144 0.0148376 0.0185348 0.0463206 0.000201128 3.91869e-07 6.31865e-05 0.00283085 0.0211732 0.00200446 0.00519002 0.173311 0.00884355 0.0804113 0.0180283 0.00211716 0.0524002 0.0512371 0.0319629 0.000190443 
0.0414525 0.0138131 0.00724145 0.00488482 0.00558581 0.0574722 0.154703 0.027858 0.00077213 0.0161338 0.223347 0.000778798 0.0772927 0.000219477 0.00679072 1.95072e-07 0.000163324 0.00105895 0.00701225 0.00086631 0.00653951 0.0339259 0.00655527 0.0434574 8.65997e-05 0.0090893 0.0423809 0.0657849 0.144707 2.59155e-05 
4.5039e-08 3.45001e-05 1.78314e-10 3.19556e-08 0.0110344 0.0673431 0.0301802 0.0436029 0.000100624 2.48245e-06 0.364102 0.000243473 0.0818725 0.00700332 4.45804e-05 5.04731e-10 4.10108e-10 1.35501e-07 0.0106661 8.13688e-05 0.000304079 2.93688e-06 2.28176e-05 0.00931508 0.00132665 0.000243552 0.0329079 0.269579 0.0699859 3.85394e-10 
1.11447e-06 0.000275184 3.6492e-06 8.74743e-05 8.07214e-06 0.0215507 0.00419161 0.00114178 3.10006e-06 8.36011e-05 0.674163 5.94142e-06 0.000450638 0.000405874 0.000523558 1.03293e-05 8.39289e-06 0.00184609 0.00073463 0.00270958 0.00109452 0.0288141 0.211676 0.0296528 0.00149103 0.00862882 0.00277688 0.00245433 0.0051993 7.8871e-06 
5.54449e-06 0.000506641 5.17658e-06 1.60977e-05 0.00533234 0.0376565 0.000978281 2.69897e-05 0.00211777 3.84449e-06 0.384108 4.9495e-06 0.133496 2.79138e-05 0.000430913 4.13016e-09 0.00178233 8.86328e-06 0.00246656 1.38407e-06 0.0127152 3.86411e-05 0.00338228 0.0027104 0.000130045 0.000358735 0.186591 0.0994577 0.125639 5.69544e-08 
0.0025842 0.00614764 0.00118909 1.444e-05 0.000743292 0.0558315 0.0330159 0.0049213 0.00109011 0.000518122 0.503849 5.18237e-05 0.0801469 7.41282e-05 0.000102824 3.33646e-10 0.00540869 0.000104942 0.004751 4.12228e-05 0.00202526 0.00859428 0.000536986 0.04445 0.000128525 0.000815541 0.00306623 0.216657 0.0231314 8.77851e-06 
0.0430365 0.00202573 0.00411788 0.000185331 0.00561773 0.0311277 0.00865284 0.00741943 0.0762408 0.00160368 0.24106 0.000768881 0.00940454 0.00121048 0.000807757 0.000412557 6.79077e-05 0.000630778 0.0503535 0.00110373 0.0585472 0.00180135 0.00285793 0.148637 0.000440838 0.00312301 0.0941798 0.167965 0.0353872 0.00121255 
0.0211968 0.00315303 0.000451679 0.0750684 0.0170001 0.0861755 0.0513637 0.00044391 0.00669691 0.0010182 0.247315 1.51921e-07 0.122683 0.000550916 0.00019349 1.54855e-11 0.00065236 0.00172392 0.100182 4.62298e-05 0.0291921 0.00012424 0.00208615 0.0254536 0.00346762 0.0165856 0.00550372 0.169197 0.0124753 6.50328e-09 
0.00160472 0.00753383 0.00139757 7.27293e-05 0.00329291 0.016403 0.0250465 0.0608746 0.005336 0.00269449 0.265535 0.00196791 0.00209939 0.0103976 0.0068805 7.55472e-07 5.47553e-06 0.000917114 0.0271179 0.000589222 0.0018449 0.162935 0.0018014 0.238386 0.00884369 0.00118401 0.00955692 0.0653361 0.0703389 4.95823e-06 
0.0321258 0.000507522 0.000852418 0.0975333 0.0193939 0.138873 0.0110421 0.0167009 0.00187731 0.00751758 0.210672 0.0102423 0.0371886 0.00131165 0.00138565 8.55458e-06 0.00010422 0.190339 0.056421 0.00142025 0.00583692 0.0266133 0.00371607 0.0087336 0.0226043 0.00407935 0.0378826 0.0459943 0.00854852 0.000474728 
0.0242702 0.00871093 2.67946e-05 0.000466502 0.011024 0.0217823 0.0118907 0.0110562 5.07726e-05 0.000863992 0.300673 2.72963e-05 0.0677346 4.73679e-05 0.00335527 5.25117e-07 0.0319439 0.00328242 0.0101978 0.000352259 0.014693 0.0079719 0.00168783 0.253216 0.00736694 0.000612957 0.00151234 0.187884 0.0172972 3.4051e-07 
0.00292203 0.000359044 0.000322111 0.00925052 0.00526094 0.129069 0.00656143 0.00362048 0.000889843 0.00168196 0.50609 2.00426e-07 0.128152 0.000209647 0.000314301 1.88026e-10 8.3172e-05 0.0013665 0.0182537 2.38503e-07 0.00204528 0.00777468 0.00603178 0.0154156 0.00438939 0.00589689 0.00484871 0.11575 0.0234246 1.54283e-05 
0.00267647 0.00153376 0.000612783 7.53817e-06 0.0235401 0.0814402 0.00970549 0.0206796 0.00269522 0.000521522 0.299502 5.53565e-05 0.019281 0.000249365 0.00419662 0.000179734 0.000124075 5.23576e-05 0.00352459 0.000158 0.00659853 0.00328276 0.0056763 0.0192004 0.0177635 0.00129317 0.0730487 0.146365 0.256035 1.50623e-06 
0.000116683 0.00346334 0.000408305 0.0011852 0.0134901 0.0756614 0.00880647 0.00953045 0.0347928 0.000380578 0.250503 4.4297e-05 0.0524744 0.129803 0.000409544 1.75323e-06 0.00133066 0.00126859 0.0464842 0.000222649 0.014967 0.000773584 0.035872 0.0332371 0.000749467 0.0299586 0.107152 0.0999144 0.0468814 0.000116875 
0.00426089 0.00215838 0.000265327 0.00760017 0.00421058 0.0500391 0.0113465 0.00880019 0.00566281 0.0014665 0.544312 3.01555e-05 0.0135043 0.00447527 3.89358e-05 6.41598e-09 0.00101169 0.0101115 0.0515125 0.00214028 0.00769725 0.0440417 0.00448558 0.0918547 0.00140282 0.00489392 0.0091288 0.0746301 0.0386655 0.000252247 
0.0365925 0.0031825 0.00174257 0.0049019 0.0175079 0.0649246 0.0172415 0.0134483 0.0154235 0.00235861 0.351459 0.0108961 0.0156696 0.0181286 0.00165403 2.26219e-07 0.0055176 0.010483 0.0348647 0.00499782 0.0395941 0.0530847 0.00729455 0.0585937 0.00021613 0.0157666 0.034352 0.127715 0.0322446 0.000143657 
4.94197e-05 0.00126097 0.00133292 4.79705e-06 0.000241627 4.64719e-05 0.000579366 0.0233594 0.000171213 3.10862e-05 0.955115 9.66733e-06 4.6979e-06 1.29277e-06 3.09269e-06 3.81607e-11 3.10067e-11 1.81113e-05 0.000988291 9.96322e-09 0.00332709 0.00167563 0.000103777 0.00323853 1.69857e-11 0.000134182 0.00108627 0.00353349 0.00341309 0.000270198 
3.14332e-07 0.00695585 1.19905e-06 0.0267666 1.51948e-05 0.0106014 0.00270867 0.0886722 0.00410195 1.95188e-09 0.329481 0.000120868 0.154252 5.94603e-06 0.239278 4.93489e-09 6.22038e-06 0.0355326 0.00445978 1.22424e-05 0.00416846 0.0367119 0.00256606 0.0212439 8.22083e-06 0.0012653 0.0172404 1.54254e-05 0.0136973 0.000111054 
6.04397e-05 0.00105372 3.4676e-05 0.000664693 0.00489745 0.280407 0.00658153 0.0422858 0.025712 0.00837255 0.312799 0.000932401 0.0021718 0.00483304 0.00112024 2.3666e-07 5.19929e-06 0.000591157 0.0560032 0.00518 0.0141403 0.0252304 0.000920207 0.141307 1.56265e-05 0.000709019 0.0366514 0.0055352 0.0217692 1.6118e-05 
0.00911126 0.0142006 0.000825674 0.00288721 0.01108 0.04823 0.0205772 0.0291823 0.00717595 0.00331281 0.266866 0.000139366 0.0141407 0.00147826 0.00248282 6.13296e-06 0.00484283 0.00368753 0.155093 0.0025759 0.0211095 0.0127859 0.0085177 0.128243 0.00217199 0.00813334 0.0358718 0.155315 0.0299351 1.97117e-05 
2.46112e-07 0.0170224 9.19121e-07 8.03047e-10 0.000262018 3.18795e-06 0.0380072 0.148537 4.24822e-07 0.00102479 0.343111 6.11358e-07 0.0334516 2.87066e-09 0.00481633 1.22315e-06 1.67109e-06 2.63692e-06 3.20417e-06 1.90805e-05 0.143601 3.27889e-06 5.67397e-06 0.23918 0.000476589 1.40062e-07 1.05684e-06 0.0081179 0.0221935 0.000154961 
0.00157344 0.00766934 0.000158789 1.75342e-05 0.0115478 0.144202 0.0514511 0.0543147 1.30875e-07 0.00992716 0.262382 5.78232e-05 0.165578 0.00017433 0.0272453 0.016908 0.000238154 0.000510263 0.00369644 8.90123e-11 0.000502256 0.00128416 0.00033649 0.0149241 0.000481331 0.00582296 0.0776614 0.131088 0.0102473 2.43522e-07 
9.84836e-05 0.000480798 0.00025772 3.68349e-05 0.00263803 0.0819246 0.000860202 0.00256367 0.00419777 0.000172084 0.515434 6.18255e-09 0.0234153 0.000111162 8.12362e-05 4.66448e-11 0.000245431 6.15886e-05 0.000837054 1.38785e-07 0.000742303 0.00498001 0.00122069 0.00657006 9.93166e-05 0.000395569 0.0888569 0.254377 0.00933957 2.40605e-06 
0.00475021 0.00106153 0.000699351 0.0190086 0.0189321 0.0515696 0.0180076 0.0100919 0.000692483 0.000999442 0.292565 0.000242494 0.105318 0.000543177 0.00384089 1.55696e-08 0.00108111 0.00908779 0.0690698 0.000649061 0.010205 0.016712 0.000304472 0.0299529 0.000763727 0.0124471 0.00680461 0.285889 0.0287109 3.80589e-07 
0.00105265 0.00502555 0.00082866 0.00141644 0.0652784 0.0871024 0.0150651 0.0431464 0.0018773 0.0044193 0.276558 0.000193244 0.0409198 0.00715934 0.0116957 3.48288e-05 0.00235695 0.00199202 0.0386332 3.83583e-05 0.00678991 0.00892347 0.00289949 0.0515786 0.0518762 0.159721 0.0304677 0.075266 0.0076721 1.14658e-05 
0.0181155 0.00323693 0.000322672 0.00080899 0.00456844 0.112387 0.00713097 0.00507076 0.0378825 0.00541481 0.268424 4.82182e-05 0.0259941 0.00450136 0.000285947 3.01137e-06 0.0100754 0.00167552 0.0173901 1.62518e-06 0.00284118 0.00055183 0.00398585 0.0641771 0.000237084 0.0100704 0.156004 0.225945 0.0128494 1.29378e-09 
4.15355e-05 0.00108911 0.000886019 3.68419e-06 0.000204876 2.10651e-05 0.000495699 0.0229385 8.37425e-05 2.80839e-05 0.959686 8.29985e-06 3.13238e-06 9.02418e-07 2.28188e-06 3.80986e-11 3.09562e-11 1.09559e-05 0.000869756 7.01917e-09 0.00303452 0.00128331 2.60571e-05 0.00232102 1.69581e-11 0.000111933 0.000654271 0.00287002 0.00310132 0.000223442 
0.00391037 0.00982102 0.000368656 0.00250857 0.00133916 0.0202504 0.108095 0.110511 1.05862e-06 0.0480607 0.203121 0.0044165 0.00088154 7.56468e-05 0.00195658 6.19239e-08 0.00331299 0.106672 0.00696524 7.23124e-11 0.00232677 0.16543 0.000712713 0.0964824 8.65712e-06 0.0176042 0.00462731 0.0793667 0.00098952 0.000184374 
0.0249934 0.000854886 0.000212603 0.000338473 0.00643966 0.0301546 0.00534446 0.00160003 0.000809895 0.00123397 0.648206 2.39197e-05 0.0227659 2.11206e-05 0.0014237 4.64424e-08 0.000929438 0.00136285 0.0419965 6.84914e-05 0.00320274 0.000429726 0.000432126 0.00884625 0.000104733 0.00769319 0.0101627 0.172082 0.0081897 7.70282e-05 
0.00151426 0.00164184 0.000180806 0.0378073 0.00596017 0.248001 0.00630687 0.00220969 0.00895753 0.000575803 0.423418 1.48326e-05 0.00681646 0.0116909 0.000951072 0.00405178 0.0034264 0.0011968 0.121604 8.61937e-05 0.0144544 0.000233539 0.00332156 0.0147705 0.000294916 0.00919195 0.028707 0.0250643 0.0175423 6.99474e-06 
0.018793 0.0213826 0.0160736 0.003688 0.00940399 0.041537 0.00437451 0.00307175 0.0437082 0.000603239 0.481131 0.000133134 0.0829247 0.00091905 0.00318057 5.30748e-08 0.00539371 0.00126206 0.00382951 1.3006e-05 0.0173234 0.0137197 0.0104974 0.0137385 0.00107095 0.00590208 0.0979906 0.0790956 0.01914 9.92245e-05 
0.000107466 0.00354622 9.49115e-05 7.22188e-13 0.00774374 0.00631398 0.000686607 0.00696919 0.00431822 6.34466e-05 0.288166 7.79902e-07 0.0817482 0.00096414 0.00020699 4.45599e-12 8.13516e-09 0.000409771 0.000919107 8.29563e-09 0.0168095 0.00587514 0.00545074 0.211449 1.66737e-08 0.00139513 0.118527 0.206489 0.0316742 7.13836e-05 
0.00167806 0.000170328 0.0631063 6.67104e-05 0.109147 0.0437675 0.0106503 0.040079 0.00326486 0.00830458 0.334408 0.00746526 0.00126666 0.0437386 3.70899e-05 6.91555e-08 0.00297938 0.0108919 0.00754396 0.000167472 0.0209009 0.00823399 0.0105481 0.0174186 1.7514e-06 0.003183 0.244946 0.00497648 0.00102808 3.0685e-05 
0.00105868 0.000367901 2.07261e-08 1.85848e-06 0.00303577 0.0987143 0.000270941 0.00439151 0.00442904 5.41403e-08 0.336365 8.52389e-10 0.00304305 0.00068447 6.16336e-05 5.40643e-12 8.88226e-05 0.00841885 0.156456 5.69378e-12 0.0139512 1.64756e-09 0.000930844 0.012268 2.36418e-06 0.0105624 0.0112136 0.322949 0.0107337 1.36227e-06 
0.000535867 4.23422e-05 8.07999e-05 4.06919e-07 0.000859087 0.0171545 0.00123498 0.00131891 9.17573e-05 8.80875e-08 0.566098 3.9932e-09 0.0178504 6.63239e-06 4.84654e-05 1.4185e-11 4.39684e-07 0.000429003 0.0605703 9.94616e-07 0.00202362 1.26659e-06 8.12568e-06 0.0355292 2.20052e-07 0.00168029 0.00559606 0.284509 0.00432847 3.832e-09 
0.0189284 0.00091781 0.00626697 0.00506108 0.00758677 0.0823741 0.0424211 0.0314689 0.00224075 0.000600538 0.506214 0.00420774 0.0117772 0.000961714 0.00298514 9.00869e-08 0.00154663 0.0362189 0.0310182 0.000212069 0.0269431 0.00686094 0.00703452 0.0416586 0.00098456 0.00650006 0.00379287 0.0741839 0.0390287 4.8706e-06 
5.49651e-05 5.48601e-05 6.51121e-05 5.12115e-06 0.000395108 0.000494642 1.1361e-05 0.00132595 0.000158369 0.00026721 0.872408 7.66376e-09 0.00022289 0.000134489 3.08747e-11 1.14816e-10 1.56633e-06 0.0388161 0.000403724 1.21321e-07 0.00215652 0.000380379 0.000459746 0.0260801 1.01816e-06 0.00196592 0.000427583 0.0531424 0.000566205 6.09974e-07 
3.42661e-06 3.54936e-08 1.01177e-11 3.47975e-06 0.000715983 0.0481036 8.53503e-09 0.00237221 0.00279163 1.13275e-11 0.672342 1.60663e-09 0.014305 0.000106538 2.71089e-07 2.8639e-11 7.999e-08 0.00425016 0.021997 3.01612e-11 0.00342268 6.92232e-12 1.69511e-07 0.00441231 1.76817e-10 0.0212193 0.00583407 0.192071 0.00604859 9.8727e-09 
0.0101745 0.000775355 0.000158685 1.00358e-05 0.00193951 0.0147125 0.00291291 0.00613772 6.15193e-05 0.000725623 0.40845 2.41967e-06 0.0911202 9.13477e-05 0.00088941 2.94881e-11 1.38555e-05 0.00134936 0.0237184 0.000384133 0.00262056 0.000259995 0.00110677 0.0506714 0.000678878 0.00217202 0.00448466 0.364529 0.00984922 4.37779e-08 
4.15355e-05 0.00108911 0.000886019 3.68419e-06 0.000204876 2.10651e-05 0.000495699 0.0229385 8.37425e-05 2.80839e-05 0.959686 8.29985e-06 3.13238e-06 9.02418e-07 2.28188e-06 3.80986e-11 3.09562e-11 1.09559e-05 0.000869756 7.01917e-09 0.00303452 0.00128331 2.60571e-05 0.00232102 1.69581e-11 0.000111933 0.000654271 0.00287002 0.00310132 0.000223442 
0.00461406 0.000502745 7.20753e-05 0.0272299 0.0130782 0.0153577 0.00691153 0.0262368 0.00471918 0.000700635 0.536232 0.0723497 0.000447864 0.00107289 0.000171378 1.18763e-07 7.36956e-05 0.0015591 0.0111154 4.58824e-08 0.064329 0.0412879 0.00324027 0.0769508 5.07686e-05 1.08346e-07 0.0115929 0.0461172 0.0335736 0.000412687 
0.0574754 0.00748519 0.0072172 0.000728009 0.00981813 0.0461629 0.140359 0.0268037 0.00421632 0.0942687 0.381704 0.00338997 0.000102044 0.000469627 0.000116692 1.76076e-07 0.00013449 0.00305363 0.00314674 1.02284e-06 0.0262371 0.0348251 0.00200826 0.0923057 0.000368859 0.0190138 0.00612856 0.0294509 0.00267961 0.000328882 
0.00440958 0.00236312 4.84535e-05 2.96256e-09 0.00104375 0.00544517 0.00427591 0.0192457 0.000150142 0.00172333 0.365861 3.62742e-10 0.199814 0.00013461 0.00129457 4.53374e-12 2.14771e-05 0.00025559 3.64384e-08 9.23607e-09 0.000539664 0.00147377 0.00315724 0.106165 0.000291908 0.000828687 0.00557213 0.267351 0.0085297 4.70504e-06 
0.000430815 0.00050738 0.000726524 0.00020358 0.00111449 0.197568 0.000716604 0.000787514 0.00673218 0.00029847 0.63109 6.3167e-06 0.00883065 0.000556426 1.1509e-05 1.37642e-07 9.85318e-05 0.000881757 0.000696885 4.42007e-06 0.00053369 0.0037949 0.00246492 0.0304386 0.0001533 0.000612271 0.0106015 0.0477654 0.00517046 0.0472025 
0.00448852 0.00201212 0.000849989 5.21448e-05 0.00773143 0.11114 0.00699664 0.00184542 0.0151048 0.000297583 0.474463 3.59945e-05 0.0657408 1.27822e-07 0.0029651 0.000561433 0.0231517 0.00143507 0.0015677 3.44236e-06 0.0247896 0.000504279 0.00296648 0.041437 7.93724e-05 0.00236917 0.00612685 0.149761 0.0468827 0.00464105 
0.00794561 0.00292354 0.000898659 0.00399146 0.0106573 0.172963 0.01535 0.00969159 0.00853272 0.00239778 0.302547 4.29001e-05 0.164721 0.00104557 0.00373205 2.68282e-06 0.00251004 0.0120467 0.0202096 0.0121964 0.0103325 0.00755281 0.00331362 0.0210769 0.0285775 0.0471254 0.0257156 0.0779257 0.023962 1.25281e-05 
1.66833e-07 0.00298602 0.00126743 0.00136804 0.00507106 0.0730192 0.021273 0.104982 0.00280181 1.6673e-07 0.17495 0.00143349 0.022417 0.0027168 0.00950637 1.66514e-07 0.000699809 0.0021844 0.0324125 0.0122209 0.064181 0.022733 0.0848112 0.0146309 0.022523 0.00917206 0.0560354 0.160358 0.094244 1.66599e-07 
0.0136721 0.00559854 0.00164936 0.00647821 0.0318884 0.0883888 0.0183369 0.0162008 0.00993826 0.00447886 0.209516 0.000242938 0.0410253 0.00339827 0.00343002 4.03698e-05 0.00130801 0.00413714 0.0315431 0.000735711 0.0287243 0.00500986 0.0100521 0.0654652 0.00381928 0.0234963 0.140809 0.199031 0.0315647 2.07646e-05 
0.00749364 0.00331356 0.00380169 0.00585584 0.00567702 0.166623 0.0115722 0.01018 0.0310403 0.026317 0.332728 3.92524e-06 0.00423154 0.00347032 0.00357698 4.3534e-07 2.54052e-05 0.00722263 0.0229831 0.0145038 0.0114835 0.000362526 0.0789945 0.0173266 1.52155e-07 0.00835362 0.0442014 0.0608217 0.117828 6.54711e-06 
0.000381423 0.0107922 0.000348693 0.00701949 0.00698874 0.165155 0.0201386 0.0119107 0.00500594 0.000240484 0.36975 2.13693e-05 0.0302391 0.00204942 0.00285082 1.47533e-09 0.00018444 0.00178004 0.00421996 0.00120443 0.0189717 0.00105891 0.00669834 0.0246651 0.000350458 0.00120737 0.093366 0.188273 0.025126 2.65556e-06 
0.00458953 0.00436299 0.000410377 0.00749155 0.00749111 0.020989 0.0138817 0.0471557 6.36898e-05 0.0017536 0.349956 3.8008e-06 0.0435787 9.40271e-05 0.011369 2.86567e-06 0.00474938 0.000335328 0.0226613 2.29389e-05 0.169429 0.00217388 0.00655013 0.0545109 0.000566298 0.000271631 0.00453073 0.183034 0.0379622 8.89104e-06 
0.014308 0.027437 0.000579247 0.00387594 0.00469521 0.103172 0.0163486 0.0198356 0.00362864 0.00416982 0.201658 2.06481e-05 0.156862 0.00574372 0.00532516 6.56646e-07 0.00132803 0.000865282 0.0305869 0.00158834 0.0133139 0.0204642 0.00158357 0.152452 0.00956832 0.00954108 0.0571543 0.0715959 0.0622771 2.03739e-05 
0.0102341 0.0100963 0.00714851 6.0696e-05 0.0732544 0.047413 0.0364372 0.0245908 0.0017937 0.0181607 0.221804 1.99221e-05 0.0503158 0.00130395 0.0014816 1.08625e-08 0.00262734 0.0147316 0.0344989 9.46563e-05 0.00122094 0.0511655 0.00358338 0.17125 0.0057069 0.00246716 0.0525207 0.153111 0.00289393 1.28386e-05 
0.0417036 0.00101344 0.0113962 0.00366262 0.00856119 0.0801259 0.00813184 0.000713678 0.000555117 0.000204627 0.333287 2.58097e-06 0.0903475 0.00042563 0.00101976 6.27404e-12 0.000300425 0.0138703 0.114666 0.000435379 0.00493879 0.000264851 9.06016e-06 0.0329967 0.00279937 0.0157174 0.00347212 0.221648 0.00773158 3.15797e-09 
0.0136477 1.38407e-05 8.89586e-06 0.000107861 0.166862 0.0503955 0.000792791 0.0021048 0.00077624 0.000362989 0.737791 1.08448e-06 1.26222e-05 0.000178612 9.17516e-11 7.63573e-09 0.00285987 4.85665e-05 0.00267394 3.59337e-10 0.000216843 0.000117215 0.00240264 0.000963645 3.06437e-06 0.00578198 0.000160304 0.0048882 0.00682623 1.04433e-06 
7.05403e-09 3.04811e-05 1.54257e-08 7.75416e-08 0.00105919 0.172335 0.000682805 0.000276422 1.93268e-07 0.000115991 0.676335 6.64407e-13 0.0302128 8.83429e-09 4.64678e-08 1.15509e-12 0.008075 6.59379e-09 0.00117797 1.21648e-12 2.57145e-08 3.15251e-05 0.0060946 0.00963187 0.0510342 0.0047544 0.0381409 3.76504e-07 1.06884e-05 7.06469e-10 
1.08112e-05 0.00032845 3.92403e-08 2.37651e-05 0.0254615 0.0101231 0.00166596 0.000610671 0.000143137 7.45771e-09 0.515498 5.97744e-09 0.0917306 8.54679e-13 0.000290603 1.85413e-10 6.33446e-06 7.55416e-06 0.0015236 3.14603e-09 0.0633505 0.00112766 0.00118304 0.0289018 0.000154674 0.00563244 0.0110755 0.218871 0.0222782 1.18291e-06 
1.56397e-05 1.63127e-07 1.55374e-08 0.00180712 0.0022119 0.184486 6.61904e-06 0.000483714 0.000728133 1.5371e-08 0.415038 2.03037e-06 0.0332232 9.51775e-06 2.70847e-06 1.39419e-11 0.000199679 0.00097926 0.01117 4.21099e-09 0.00279454 1.99944e-09 0.000243918 0.00750914 7.99487e-08 0.00453515 0.0131471 0.314931 0.00647528 1.21124e-08 
0.000253975 1.0342e-05 2.20692e-09 0.0048306 0.00231199 0.0301766 4.66776e-05 0.000170272 0.000490938 1.12353e-08 0.748566 1.05307e-06 0.0411019 0.000227522 2.6906e-06 9.54645e-13 1.22444e-05 0.000408391 0.00107068 1.46356e-06 0.000576816 2.85769e-06 0.000330434 0.0110475 3.73344e-09 0.000985409 0.00686577 0.144417 0.00608943 7.64767e-07 
0.0775573 0.149906 0.00256582 0.000361627 0.0223964 0.033949 0.141671 0.0911376 0.0034967 0.00882886 0.186054 0.000121991 0.0438057 0.00694207 0.00202072 1.12418e-05 0.000260707 0.00176755 0.0179639 0.0011941 0.00698593 0.026045 0.0232687 0.0300741 0.00228229 0.00418543 0.0313994 0.0553619 0.0282118 0.000173176 
4.6264e-07 7.70463e-07 1.51486e-06 0.000695644 7.89605e-07 5.66161e-07 3.07759e-07 0.00289897 1.2869e-06 1.69599e-06 0.953238 0.00518193 0.000289145 2.48425e-06 1.15305e-06 4.28792e-06 3.48406e-06 1.63172e-06 6.63273e-07 4.51582e-06 0.00211969 0.0309904 1.4155e-06 0.00455133 1.9086e-06 1.32355e-06 6.03701e-07 2.74108e-07 4.61753e-07 3.2741e-06 
0.00916906 0.00356775 0.0028713 0.000220558 0.0290993 0.0271289 0.0151651 0.0103181 0.00492348 0.0022845 0.226903 8.02752e-05 0.0032476 0.000181236 0.00480675 2.32976e-11 8.37549e-05 8.27863e-06 0.00722801 1.10454e-05 0.0897959 0.00582393 0.00793351 0.076812 0.00309433 0.0773205 0.0323067 0.160426 0.199181 8.8428e-06 
3.72344e-05 0.000328488 9.10329e-07 3.36366e-06 0.000110538 0.00126063 0.00103947 7.66495e-05 1.26206e-05 3.45817e-05 0.929435 1.48215e-06 0.0263027 2.43472e-05 0.000352023 2.7205e-06 0.00011925 3.35807e-06 5.57346e-05 9.32221e-06 0.000355355 8.73357e-05 5.97877e-05 0.00829791 0.00100295 0.000173289 0.00102894 0.0283765 0.00139505 1.27812e-05 
0.000649344 1.07976e-06 5.70387e-05 4.54464e-09 0.000447441 0.0244532 0.00037687 0.00120828 0.001547 0.000233623 0.625849 7.16421e-12 0.0298622 1.2391e-05 1.69916e-07 1.24552e-11 0.000193887 0.000222273 0.0207652 5.47452e-08 0.0028746 5.93929e-06 0.00116238 0.00247521 0.000637157 0.00264279 0.00673671 0.243713 0.0338738 2.0079e-09 
0.0136477 1.38407e-05 8.89586e-06 0.000107861 0.166862 0.0503955 0.000792791 0.0021048 0.00077624 0.000362989 0.737791 1.08448e-06 1.26222e-05 0.000178612 9.17516e-11 7.63573e-09 0.00285987 4.85665e-05 0.00267394 3.59337e-10 0.000216843 0.000117215 0.00240264 0.000963645 3.06437e-06 0.00578198 0.000160304 0.0048882 0.00682623 1.04433e-06 
0.00349412 0.00465449 0.000433 0.00340674 0.0857754 0.105025 0.0119653 0.0646124 0.00162419 0.000606011 0.25497 0.000773345 0.0230307 0.00102561 0.0311815 2.83129e-10 4.75499e-05 0.00163499 0.0851776 0.000430399 0.0222849 0.0161929 0.00145604 0.0972695 0.00555532 0.00646442 0.0279741 0.0883815 0.0545341 1.8928e-05 
4.15355e-05 0.00108911 0.000886019 3.68419e-06 0.000204876 2.10651e-05 0.000495699 0.0229385 8.37425e-05 2.80839e-05 0.959686 8.29985e-06 3.13238e-06 9.02418e-07 2.28188e-06 3.80986e-11 3.09562e-11 1.09559e-05 0.000869756 7.01917e-09 0.00303452 0.00128331 2.60571e-05 0.00232102 1.69581e-11 0.000111933 0.000654271 0.00287002 0.00310132 0.000223442 
0.00167131 0.0101596 0.00482009 0.0129595 0.00204463 0.0605431 0.0386709 0.0819877 0.00104306 0.0413785 0.275469 0.000145005 0.0309364 0.000495023 0.00776647 5.07899e-08 0.000211024 0.00523132 0.00474428 0.000180765 0.00759312 0.195557 0.000564 0.0629834 0.000903555 0.000269369 0.00483932 0.124315 0.0224526 6.52877e-05 
0.0362462 0.000507162 0.00336043 0.121637 0.00433711 0.142854 0.012019 0.00265249 0.00169552 0.000643753 0.278241 3.33848e-05 0.0198142 0.000501107 0.000225298 3.45427e-11 0.0014026 0.0940124 0.13067 1.88908e-05 0.00128365 0.000207973 0.000110085 0.0232272 0.0132602 0.0227966 0.0100019 0.0727819 0.00545883 2.55341e-09 
0.00041053 0.0056645 0.000233397 0.000608031 0.00878821 0.0850389 0.0326552 0.00397271 0.0145849 4.99944e-05 0.453279 6.13681e-06 0.0574891 0.000574561 0.0106847 3.46026e-09 0.00305755 0.00155357 0.00199763 4.58265e-06 0.0281735 0.00258096 0.00181843 0.0412609 0.000394751 0.00370652 0.0366374 0.1861 0.0186612 1.32266e-05 
0.00490254 0.00255093 0.00359087 0.0464004 0.0101326 0.210665 1.38754e-07 0.0283832 0.0015364 6.78214e-05 0.217525 3.59243e-07 0.00255251 0.000513079 0.00397927 3.61556e-06 4.66677e-05 0.0111453 0.00351628 1.46658e-10 0.00669753 0.103314 0.162419 0.0108514 7.32771e-05 0.00497366 0.00393878 0.147563 0.0126505 6.59871e-06 
0.000539875 0.00687598 0.00697555 0.160485 0.000895592 0.0958178 0.0949387 0.0641399 0.00284116 0.00833947 0.207822 3.34969e-05 0.0502966 0.00092718 0.004336 4.16725e-09 0.000433138 0.00424008 0.014956 0.000420071 0.0211464 0.0941008 0.00108155 0.0329713 5.36299e-06 0.00224921 0.00617202 0.0641063 0.0528479 6.53449e-06 
0.000328404 0.00799247 0.00538554 0.0651861 0.0259985 0.000511265 0.00490322 0.0483198 4.44927e-05 5.7469e-05 0.774392 0.0198483 6.71677e-05 4.93063e-07 4.68985e-05 4.9616e-08 5.46075e-08 0.00610236 0.000461701 5.5172e-06 0.0044929 0.000821694 0.0175875 0.00623514 1.54859e-06 0.000168755 0.000915898 0.00468417 0.00512184 0.000318315 
0.00824453 0.00754645 0.0106356 0.00407501 0.0164323 0.00709003 0.0253915 0.0307779 0.0177487 0.00420499 0.292332 0.00123243 0.00995844 0.000868806 0.00228579 0.000192241 0.000123087 0.00273583 0.116728 5.97016e-05 0.121023 0.00621908 0.0817395 0.0522743 0.00173726 0.00343091 0.0385838 0.108722 0.0254319 0.00217483 
0.0141568 0.00531797 0.000243536 0.131553 0.0407593 0.0426679 0.00338345 0.0720805 0.000461421 0.00477703 0.298936 4.13882e-06 0.00514956 0.00164654 0.000145386 1.51818e-09 0.00143548 0.00658787 0.007921 3.00953e-08 0.0148811 0.00548762 0.000717183 0.127275 6.74811e-05 0.00436498 0.0104333 0.180293 0.0191274 0.000127426 
0.00237051 0.00663138 0.00134748 0.000649367 0.00833568 0.126119 0.0291786 0.0105347 0.00794908 0.00776101 0.29765 0.000781546 0.0449631 0.000158316 0.0103385 1.57544e-07 0.0172269 0.00276341 0.00695429 9.35205e-06 0.00898988 0.00359282 0.000568249 0.0383229 0.00354147 0.0218284 0.071479 0.185772 0.0841826 7.62511e-07 
4.15355e-05 0.00108911 0.000886019 3.68419e-06 0.000204876 2.10651e-05 0.000495699 0.0229385 8.37425e-05 2.80839e-05 0.959686 8.29985e-06 3.13238e-06 9.02418e-07 2.28188e-06 3.80986e-11 3.09562e-11 1.09559e-05 0.000869756 7.01917e-09 0.00303452 0.00128331 2.60571e-05 0.00232102 1.69581e-11 0.000111933 0.000654271 0.00287002 0.00310132 0.000223442 
4.15355e-05 0.00108911 0.000886019 3.68419e-06 0.000204876 2.10651e-05 0.000495699 0.0229385 8.37425e-05 2.80839e-05 0.959686 8.29985e-06 3.13238e-06 9.02418e-07 2.28188e-06 3.80986e-11 3.09562e-11 1.09559e-05 0.000869756 7.01917e-09 0.00303452 0.00128331 2.60571e-05 0.00232102 1.69581e-11 0.000111933 0.000654271 0.00287002 0.00310132 0.000223442 
1.43394e-05 0.00995016 0.00032768 9.95863e-08 0.000178669 0.248449 0.010709 0.08902 0.000878369 0.00219699 0.265472 2.95089e-07 0.0471151 4.45965e-05 0.0120751 3.02405e-05 0.000611601 0.000205708 0.00754364 0.00025799 0.0083167 0.0777753 0.00547075 0.00611986 0.0146025 0.0119651 0.0351689 0.136082 0.00941865 3.65937e-10 
0.000128594 0.000761368 0.00014274 0.0378935 0.00236822 0.0951526 0.00160349 0.00205338 0.0127098 6.95332e-05 0.431641 0.0788148 0.00105249 0.00124128 9.67296e-06 0.00124801 0.000276876 0.184068 0.0105364 2.17122e-06 0.00217871 0.00363301 0.000691436 0.063697 6.39345e-05 0.0123072 0.00523545 0.00859753 0.00650663 0.0353152 
0.000733707 0.000194895 0.00474432 0.0991951 0.0103717 0.108635 0.011795 0.00880729 0.0578962 0.00761983 0.183322 1.96984e-05 0.0512274 0.000635344 0.000969899 5.70343e-09 0.0135276 0.00305877 0.128503 0.00570539 0.0805943 0.00207984 0.00257607 0.0589551 0.00108754 0.0135652 0.0276539 0.0765953 0.0399305 3.20122e-07 
0.050698 0.000235712 0.000470847 0.000325711 0.00131917 0.110637 0.00672686 0.0164928 0.000390466 0.0917725 0.595327 0.000649861 0.000580029 0.000324931 6.40198e-08 1.75117e-09 8.60431e-05 0.0244759 0.00545126 5.30425e-08 0.00117724 0.00165045 0.00105093 0.0327142 0.00272751 0.000689723 0.00369282 0.0474084 0.00292344 1.59569e-06 
0.0217669 0.0236583 0.000481725 0.0265312 0.0316824 0.19822 0.10478 0.00569402 0.00761138 0.00523853 0.217439 0.000207646 0.0268489 0.00156196 0.124912 3.2538e-08 0.00525299 0.00113458 0.00964959 0.00407151 0.0112422 0.0373901 0.00679364 0.034481 0.0182653 0.00124572 0.0135284 0.0344128 0.025896 1.20632e-06 
0.000181529 0.0131713 0.0232272 0.000277779 0.00255346 0.00938081 0.0274347 0.043884 0.00499801 0.0538487 0.433002 0.000664858 0.0322739 0.002157 0.00397057 4.28257e-10 0.000253302 0.0128901 0.00659096 0.0417203 0.00274781 0.0605758 0.0215778 0.0813161 0.0188647 0.00534437 0.0591598 0.0278148 0.0101165 1.75053e-06 
0.0138844 0.00646269 0.00313005 0.00884967 0.128308 0.0392613 0.0170983 0.0137048 0.0176859 0.00383699 0.155444 2.19846e-05 0.0199616 0.00855816 0.00202434 1.58316e-08 0.0571353 0.00573315 0.0362139 5.87342e-05 0.067593 0.00113221 0.0113755 0.0856276 0.00254292 0.0686248 0.0782018 0.0637768 0.0837439 8.66304e-06 
0.0111746 0.00591428 0.00859482 0.00981483 0.0365269 0.0664704 0.0304613 0.0292594 0.00280868 0.00610829 0.201458 0.00146895 0.181917 0.00183633 0.0144589 1.97206e-06 0.00102994 0.00358878 0.0307372 0.000591187 0.0144428 0.00724368 0.00519897 0.0618307 0.00175179 0.0742702 0.0268664 0.131237 0.0329338 2.62986e-06 
0.0100066 0.0139366 0.000615304 0.0123935 0.0066244 0.142427 0.00653382 0.00641459 0.00514466 0.00382133 0.373364 0.000107517 0.194555 0.000894109 0.00110838 0.000274503 0.0189608 0.00678927 0.0122373 0.00131818 0.0120259 0.0214834 0.000619751 0.0279 0.00193253 0.0131249 0.0201787 0.0780713 0.00713607 9.62317e-07 
0.00471791 0.000919657 2.92247e-05 0.0317384 0.00148554 0.0595526 0.00218383 0.00634189 0.000433203 0.000806646 0.579608 0.138158 0.00647472 0.00129921 0.000210665 7.03053e-10 3.82859e-05 0.0566965 0.00576361 0.000922848 0.00374705 0.023616 0.000627672 0.0514575 0.000322475 0.000389088 0.00436588 0.00722556 0.0101494 0.000718011 
0.000454386 0.00216146 0.000374449 0.00673853 0.0129292 0.0194608 0.0010622 0.0212755 0.002184 2.45571e-05 0.285859 0.000581751 0.0109668 4.84625e-05 0.000185478 9.5044e-07 0.000558481 0.00688244 0.0437282 9.96592e-08 0.0132427 0.0143684 0.000333363 0.274916 0.00159145 0.0140624 0.010681 0.19822 0.0570698 3.80702e-05 
0.00126258 0.000410352 0.00108561 0.026517 0.0160062 0.0586312 0.00603602 0.00374594 0.00595727 3.20414e-05 0.554423 5.56019e-05 0.00955435 0.000551741 2.724e-05 2.81112e-11 0.00457715 0.00130898 0.050401 1.41642e-07 0.00941677 0.00125051 0.00145787 0.0193557 3.94037e-05 0.013184 0.0285207 0.176271 0.00990457 1.54518e-05 
0.0132594 0.0201635 0.0215299 0.00232965 0.11906 0.0537675 0.0212487 0.0205608 0.00677424 0.00596807 0.180155 0.00268372 0.00514448 0.0026605 0.000581093 4.44227e-08 0.00220384 0.0109991 0.105696 0.000321221 0.0651982 0.0105084 0.00165673 0.167563 0.00580724 0.0320798 0.053742 0.0539871 0.0143373 1.29895e-05 
0.00948245 0.0195097 0.00265868 0.00694611 0.0108267 0.053626 0.0317695 0.0558523 0.014235 0.00398844 0.320878 0.000839585 0.038381 0.00118087 0.00708545 0.00209305 0.00307711 0.0070036 0.00808395 5.61213e-05 0.051423 0.0225705 0.00471692 0.0385438 0.00458856 0.0132415 0.162889 0.0896892 0.0147559 7.5373e-06 
0.00121133 0.00353577 3.12951e-05 1.84624e-06 5.87611e-05 0.000553639 0.00222465 0.000615123 0.0384482 0.00182303 0.935826 4.52653e-05 2.07498e-05 0.00700596 4.29034e-06 9.84916e-10 8.54952e-05 7.12817e-05 0.000257802 1.03726e-09 0.000515684 0.000967341 0.000477445 0.00322262 5.07101e-09 5.9857e-06 0.00272424 0.000202684 5.82372e-05 5.29495e-06 
0.0232228 0.00198005 0.00106867 0.0920067 0.0350092 0.0581252 0.0165633 0.0947253 0.000213687 0.00546035 0.163461 0.0027215 0.00221252 0.00279258 0.00072508 1.42722e-07 0.000308692 0.131731 0.00420798 0.000627397 0.0561743 0.0833942 0.00234255 0.121907 0.0228395 0.00264221 0.00472168 0.0637385 0.00504288 3.3951e-05 
0.00490254 0.00255093 0.00359087 0.0464004 0.0101326 0.210665 1.38754e-07 0.0283832 0.0015364 6.78214e-05 0.217525 3.59243e-07 0.00255251 0.000513079 0.00397927 3.61556e-06 4.66677e-05 0.0111453 0.00351628 1.46658e-10 0.00669753 0.103314 0.162419 0.0108514 7.32771e-05 0.00497366 0.00393878 0.147563 0.0126505 6.59871e-06 
