0.000637345 0.00113331 0.00253117 3.35486e-08 0.0513337 0.0231022 0.00614183 0.00202737 0.00869339 0.00196358 0.00647129 1.41707e-11 0.0130047 0.0176169 1.31239e-08 2.46361e-11 3.7298e-06 0.000278123 0.00262071 2.59455e-11 0.0144241 5.51511e-08 0.00292236 0.165343 0.00931719 0.00708504 0.576051 0.0321842 0.0551128 8.64273e-09 
0.000216973 6.17685e-06 0.000235508 0.000281621 0.0400027 0.0556225 0.000684497 0.110347 0.000248064 0.118412 0.0276348 2.95788e-09 0.00745207 0.00073853 0.0106338 5.14236e-09 3.28496e-05 0.00078065 0.028705 5.41567e-09 9.11767e-06 0.0101748 0.00114228 0.0185639 5.40285e-07 0.145881 0.198725 0.008544 0.214922 2.38578e-06 
0.00541409 0.0044444 0.00132051 5.52232e-05 0.0243922 0.0171546 0.423445 0.0690965 0.0168626 0.0961602 0.0402469 8.05616e-10 0.0578885 6.60142e-06 0.00222142 1.40059e-09 0.00172211 0.0055503 8.27378e-06 1.0358e-05 0.00508626 0.0050703 0.0357697 0.0156956 0.000732674 0.0307756 0.0667013 0.0188289 0.0553396 1.54997e-07 
0.00477783 0.0172068 0.00384451 0.000708277 0.059602 0.0530937 0.0437571 0.0360378 0.0558151 0.00155496 0.0264989 6.4751e-05 0.016165 0.00107021 0.00233097 0.00362326 0.00382524 0.0136806 0.0586621 0.000405526 0.0658304 0.0221542 0.00711349 0.250583 0.0129946 0.0087389 0.0338656 0.0586627 0.0500375 0.0872947 
7.45931e-05 0.00173817 0.000206094 5.73436e-05 0.378666 0.00417558 0.00434322 0.0447849 0.0643203 0.000250261 0.00645021 1.59701e-09 0.000193112 4.10399e-05 0.000975947 8.95796e-07 5.65237e-06 0.000610726 0.0513002 0.00323824 0.085167 0.000202158 0.000754421 0.170391 7.00818e-05 0.00580654 0.0260471 0.122152 0.0279519 2.54811e-05 
0.000313383 0.0351504 0.0169225 1.00789e-05 0.0165202 0.00891372 0.0307724 0.0992861 0.0117115 0.00390299 0.00258346 3.89218e-07 0.000259582 0.00347664 0.00417382 0.00184096 0.000145167 0.000152069 0.0111534 4.34484e-07 0.00193227 0.00598246 0.000311896 0.0224829 0.000135535 0.000221154 0.0042391 0.0342665 0.683137 1.97874e-06 
0.000891267 0.0694843 0.0138069 7.35141e-06 0.0026442 0.136628 0.14658 0.141414 0.00402669 6.04828e-05 0.00334243 9.20847e-09 0.0287614 0.000454547 0.138723 1.60092e-08 1.0561e-06 0.000739844 0.00883403 0.0436033 0.00652778 0.09934 0.00777392 0.0254565 0.0200818 0.017403 0.0357454 0.0206428 0.0270266 3.90928e-07 
0.000406856 0.00139661 0.00480249 0.0118583 0.010805 0.0125276 0.0177832 0.0205061 0.012627 0.00690852 0.216257 6.45714e-05 0.127628 0.0149323 0.00596794 0.00183063 0.00119188 0.100267 0.184761 0.0188879 0.0267586 0.016508 0.0101097 0.0636036 0.0196837 0.00348806 0.0113398 0.044714 0.0322931 9.23817e-05 
0.00135002 0.0116261 0.00368846 2.99571e-06 0.00461849 0.00423947 0.00421793 0.000704222 0.0308127 2.40241e-05 0.0835532 7.08895e-09 0.0051138 0.000161637 0.000259344 8.62539e-09 7.94514e-05 0.000407148 0.0697255 1.17404e-07 0.0215448 2.92662e-08 0.000129841 0.427069 4.6958e-05 0.00132483 0.0468998 0.269798 0.0126018 9.46381e-09 
0.00593838 0.00352445 0.000984476 0.00177748 0.00416648 0.0723451 0.013688 0.00619345 0.00784821 0.0122566 0.517983 1.6846e-06 0.0292815 0.000431392 0.00407035 0.000129547 0.00156476 0.00928832 0.00505011 0.00145437 0.0230626 0.00692447 0.0386721 0.00982911 0.0195789 0.125509 0.0191571 0.0428971 0.016296 9.52213e-05 
0.00267605 0.0150823 0.000643525 0.00268859 0.00947241 0.0660011 0.00280998 0.0255949 0.0637347 0.000742835 0.160089 6.99316e-07 0.0115223 0.362623 0.00517037 1.90866e-05 0.00018294 0.000416045 0.0100152 2.51546e-05 0.01398 0.00103952 0.0332311 0.0223309 3.27189e-05 0.00494355 0.130881 0.0250198 0.0290291 3.2051e-06 
0.00637191 0.00105684 0.00102336 0.000192341 0.0137427 0.0432792 0.00658829 0.295099 0.00177136 0.000831493 0.266351 2.91756e-06 0.00763972 0.012154 9.64598e-05 0.000567366 0.00613949 0.0266663 0.0183396 4.54956e-05 0.000116471 0.0476075 0.00316452 0.0269255 0.143452 0.0316712 0.00768676 0.0157087 0.0156943 1.34327e-05 
4.99535e-05 0.000473719 0.00111364 3.65216e-05 0.00143513 5.18929e-07 0.000359893 0.00378623 2.9872e-08 0.000455179 3.88303e-08 9.67916e-11 0.00171193 8.63399e-08 0.000398383 1.68275e-10 1.14282e-07 8.83103e-05 0.000312042 0.000102052 0.000655386 0.975034 0.00998921 0.00167812 2.9422e-08 3.8415e-05 2.30611e-07 0.00187649 0.00038452 1.93802e-05 
0.00328627 0.00148292 0.00939071 1.39206e-05 0.000255732 0.00165832 0.0474185 0.792154 9.66104e-07 0.00155118 0.0370072 4.37846e-10 0.000804591 2.19673e-07 0.0303748 7.61208e-10 4.08468e-07 1.27618e-06 5.30763e-08 9.49648e-07 0.000928226 6.49831e-05 0.00309182 0.0440372 0.000208034 4.85373e-07 9.6364e-07 0.0017331 0.0245014 3.18927e-05 
0.000359914 0.000109524 1.22911e-05 3.05198e-06 0.0311809 0.0926248 0.00169901 0.00750719 0.000140845 0.00708116 0.201178 2.2122e-08 0.282854 0.00674086 0.0193514 4.88625e-08 2.09655e-05 7.95832e-05 0.0235218 6.93057e-05 0.0310079 0.00661831 0.0768196 0.0144611 0.000510773 0.0559191 0.00962633 0.117528 0.0127939 0.000180303 
0.0190094 0.00162802 0.00056957 2.83802e-05 0.00315793 0.0176599 0.0144747 0.00490452 0.0087787 0.00134646 0.715053 1.25994e-06 0.00788778 0.000428302 0.00263812 1.3098e-06 5.98679e-05 0.000275498 0.0013208 0.000296398 0.00182544 0.0694966 0.00254573 0.0220704 6.31482e-05 0.00148343 0.00220071 0.0767876 0.0240036 2.88208e-06 
8.16886e-06 6.66244e-05 0.000330151 0.0105955 0.0330075 0.544373 0.0318995 0.0807054 1.85961e-05 0.00119597 0.0203657 5.51888e-06 0.00796253 7.62813e-05 0.0251325 1.0332e-05 0.00090705 0.135219 0.00652062 0.00197305 0.0155081 0.0022853 0.00688952 0.0456781 5.60612e-06 0.000252143 0.00197253 0.00710076 0.0196722 0.000262766 
0.0113562 0.0188354 0.00459833 0.000223881 0.0236563 0.0772933 0.0901057 0.0733298 0.0145043 0.00575493 0.00931064 1.49378e-05 0.00520554 0.000192107 0.0292208 0.0284397 4.37411e-05 0.00820842 0.0409381 0.000300467 0.0543939 0.0446312 0.0013664 0.366432 0.00200178 0.00819952 0.00867647 0.0466627 0.0254841 0.000619669 
0.000496279 0.00127487 0.000603955 0.00653424 0.000630489 0.0903517 0.0129652 0.0142692 0.00621879 0.00161374 0.062298 4.79405e-07 0.485733 0.00280663 0.00186592 7.98426e-07 2.40454e-05 0.000371989 0.0157012 0.000713326 0.0461881 0.00162171 0.000718127 0.111912 1.15446e-05 0.0020383 0.0228775 0.0616074 0.0485366 1.48684e-05 
7.36773e-05 0.00023131 0.000293813 5.82638e-07 0.0182146 0.00249284 0.000262478 0.00239843 0.0304251 0.000145967 0.00214786 1.30176e-08 4.23215e-05 0.000147569 2.18447e-05 8.99001e-07 2.68983e-06 0.000861287 0.00438913 1.52412e-06 0.35022 1.5078e-07 2.63484e-05 0.492891 0.00131149 0.00359389 0.0831101 0.00620161 0.000490576 5.91563e-07 
0.00881611 0.000524223 0.0022311 1.22022e-06 0.741962 0.00713385 0.00499477 0.00201773 0.00104984 6.46781e-05 0.0031384 6.83564e-12 0.000619301 0.000228068 1.8423e-06 1.1884e-11 1.71625e-05 3.15054e-05 0.125925 0.000307435 0.00840547 0.00312113 1.57208e-05 0.0637049 5.95313e-07 0.00199423 0.000726144 0.0112683 0.0116992 9.02748e-08 
0.000838526 0.00341942 0.000563052 1.26499e-05 0.000165865 0.126264 0.00437829 0.00599248 0.00257032 0.000160774 4.83207e-05 5.61205e-08 0.168315 0.00162323 0.0149103 0.00637361 3.75985e-06 2.07994e-05 0.00719098 0.0283461 0.0898708 7.65391e-05 0.000422697 0.0652605 1.83623e-05 0.0111439 0.0965943 0.0193974 0.346016 2.1124e-06 
0.0437365 0.0178292 0.00728273 0.0002948 0.0127607 0.0151882 0.155907 0.0451695 0.0130504 0.00873985 0.0101524 3.34654e-09 0.0155752 0.00527013 0.00427519 0.000859969 2.47245e-06 0.00143404 0.315974 0.00084024 0.107082 0.00209409 0.0271521 0.0182956 0.000805203 0.00526625 0.0290079 0.099423 0.0365296 1.0301e-06 
1.66629e-06 0.000553017 0.000499396 1.01609e-05 0.0103328 0.00654547 0.0089144 0.870429 0.0221211 0.000349692 0.000223445 1.16981e-09 0.00233513 7.00655e-06 0.000388654 2.03375e-09 1.03276e-05 0.00487662 0.00282898 6.2462e-07 0.0118556 0.000126589 0.0036441 0.000125324 4.7713e-07 0.00215155 0.0419424 0.00675332 0.00297336 2.3343e-07 
0.00598293 0.0102154 0.00147667 5.60315e-06 0.00081907 0.0380261 0.326954 0.0814236 7.36167e-05 0.414318 0.00126198 3.58177e-07 0.0012509 2.01289e-05 0.00510219 0.000504606 0.00205593 0.00160279 0.0506668 4.57376e-05 0.0067458 0.00350617 0.0130136 0.00227503 0.00503542 7.99915e-05 0.00736324 0.00470022 0.0154722 1.31598e-06 
0.0182665 0.00433277 0.00496973 0.000370586 0.0149223 0.0868381 0.00273239 0.0172933 0.0724458 1.79959e-05 0.0210316 3.00057e-11 0.00126848 0.000514383 0.00070139 1.73674e-08 0.000297042 0.000240195 0.0506932 1.03809e-07 0.0148854 0.000258523 0.00184468 0.158638 6.68983e-06 0.00247182 0.170727 0.210824 0.0649248 0.0784823 
2.19895e-05 8.06587e-05 0.000117162 1.06614e-05 0.959416 0.000764687 0.000780688 0.000622631 0.000986101 1.94556e-05 0.00151895 3.63318e-13 2.49918e-05 3.65946e-13 6.03858e-09 6.31639e-13 5.13226e-13 0.000119237 0.00575389 6.65211e-13 0.00514567 1.44617e-05 0.000235156 0.0103554 1.82052e-05 0.00221344 0.0024387 0.00575485 0.00358609 1.18518e-06 
0.000656586 0.018001 0.00283253 5.09959e-06 0.00998895 0.00533635 0.0310985 0.646287 0.0113218 0.00759402 0.00358264 7.92941e-08 0.00961522 0.00177179 0.00111026 3.88045e-05 9.30648e-05 0.00867943 0.0442515 0.00121937 0.0206851 0.031795 0.00327921 0.0454898 2.85053e-05 0.0091678 0.00980526 0.0702275 0.00585655 0.000180842 
0.94351 0.010243 0.000395788 4.68223e-11 0.000477112 0.000609514 0.0271869 0.00195654 0.00138746 0.000432572 0.000154521 2.28282e-12 3.61011e-05 8.69186e-06 0.00579471 1.00494e-09 5.67601e-10 6.76068e-07 5.02457e-07 0.000332316 0.000578405 0.000245014 0.000131071 0.000230455 9.5137e-09 8.2399e-06 3.87768e-05 0.00140903 0.00483311 3.03038e-12 
0.0167486 0.0389527 0.00318964 0.000318389 0.0469581 0.0093421 0.00338411 0.0258995 0.00074472 0.0823389 0.018229 8.35846e-06 0.00181147 0.000239594 0.000532462 0.000349233 0.00328728 0.535385 0.0273457 0.000117233 0.00229311 0.0323549 0.0279915 0.0626212 0.000468485 0.000283473 0.0147715 0.00732102 0.00340279 0.0333098 
0.0024696 0.00996612 0.000152926 1.87286e-05 0.000654785 0.0106648 0.0358178 0.808911 6.2216e-08 0.00732008 0.00535092 1.5125e-09 0.0456451 0.000606906 0.011732 2.62952e-09 2.50421e-07 9.62848e-07 0.00010815 0.000615859 7.91375e-07 0.0136572 0.000110376 0.00148288 0.00426598 2.77793e-08 0.000457009 0.0246808 0.015309 2.00781e-09 
0.0505363 0.0355555 0.00349407 0.00432666 0.0472776 0.0701427 0.0902881 0.02781 0.0567372 0.00783289 0.0448347 1.26896e-08 0.0209581 0.00102822 0.0109295 1.14936e-07 0.00252996 0.00412776 0.0323942 0.0014423 0.0217555 0.00510264 0.00473398 0.208862 0.00861673 0.0181614 0.0444434 0.151286 0.0247884 4.83392e-06 
4.99535e-05 0.000473719 0.00111364 3.65216e-05 0.00143513 5.18929e-07 0.000359893 0.00378623 2.9872e-08 0.000455179 3.88303e-08 9.67916e-11 0.00171193 8.63399e-08 0.000398383 1.68275e-10 1.14282e-07 8.83103e-05 0.000312042 0.000102052 0.000655386 0.975034 0.00998921 0.00167812 2.9422e-08 3.8415e-05 2.30611e-07 0.00187649 0.00038452 1.93802e-05 
0.00270593 0.0261089 0.157681 1.23516e-05 0.15363 0.00207463 0.0213902 0.0229514 0.0100249 9.42886e-05 0.0134356 8.86297e-11 0.101827 0.000167316 0.00987232 1.54085e-10 0.000460747 7.03429e-05 0.0205389 1.88177e-05 0.0169836 0.00547136 6.94902e-05 0.291581 0.000258874 0.00307233 0.0485567 0.0198928 0.0710424 5.85669e-06 
0.00690458 0.0105025 0.00285299 0.00137332 0.0502094 0.134919 0.0448112 0.00845406 0.082069 0.00221614 0.0244832 6.61504e-05 0.00839582 0.000418363 0.00378292 0.00103167 0.000367679 0.00540048 0.0928464 0.000747788 0.0575055 0.00281425 0.0159479 0.0252475 0.000786249 0.019305 0.0987998 0.0449873 0.250512 0.00224208 
0.000155707 0.00513545 0.000472572 7.796e-05 0.0182749 0.048516 0.0607361 0.0193181 0.00688508 1.15762e-07 0.00883033 3.43089e-09 0.000220637 0.000957173 0.0197536 2.21087e-07 1.40784e-06 0.00105272 0.0530717 0.000771062 0.317978 0.000832829 0.00111415 0.0801808 1.69478e-08 0.1883 0.0441733 0.0212424 0.101946 1.22282e-06 
3.00126e-05 0.000330415 0.000307143 1.76179e-05 0.678955 0.00302734 0.0019217 0.0075423 0.00719991 2.18369e-05 0.00306909 8.6943e-12 0.000236365 1.61602e-05 9.52108e-05 1.51153e-11 2.65143e-05 0.00134291 0.0245736 1.85192e-05 0.0220972 0.000604285 0.00563055 0.167909 9.46359e-05 0.00745581 0.0111487 0.0531307 0.00319171 5.44017e-06 
0.000478321 0.000696886 0.000138124 2.60332e-06 0.000884262 0.111793 0.000704253 0.0253547 0.00071294 6.81478e-05 0.092559 5.35513e-08 0.150992 0.00123148 8.5258e-05 5.61702e-08 2.67158e-05 0.00422598 2.49314e-05 1.2928e-06 0.00358173 8.93393e-05 0.00266527 0.00179804 2.95497e-05 3.27829e-05 0.362951 0.129292 0.109578 2.57353e-06 
4.97283e-05 0.000884623 1.14762e-05 0.000110506 0.00200035 0.122091 0.0341291 0.0321521 0.0131493 7.6188e-05 0.00493378 9.23729e-09 0.0702614 0.0147268 0.000146418 0.00713123 1.30486e-08 0.00101262 0.00974297 0.355311 0.0096386 0.000194948 0.221807 0.00221231 1.58464e-05 0.000257785 0.0365662 0.0038178 0.0575693 1.22623e-08 
0.000470237 0.0013674 0.00317655 0.0470466 0.03078 0.171063 0.0355004 0.0143004 0.0207413 0.000869255 0.0254012 4.59043e-07 0.0148587 0.000586747 0.00771302 0.000175972 0.00343975 0.000341835 0.00133937 0.039211 0.105523 0.000916808 0.0672124 0.245344 0.000258231 0.00669214 0.131153 0.00612407 0.0183533 4.10872e-05 
4.99535e-05 0.000473719 0.00111364 3.65216e-05 0.00143513 5.18929e-07 0.000359893 0.00378623 2.9872e-08 0.000455179 3.88303e-08 9.67916e-11 0.00171193 8.63399e-08 0.000398383 1.68275e-10 1.14282e-07 8.83103e-05 0.000312042 0.000102052 0.000655386 0.975034 0.00998921 0.00167812 2.9422e-08 3.8415e-05 2.30611e-07 0.00187649 0.00038452 1.93802e-05 
7.032e-07 0.00480499 0.00163985 9.23787e-05 0.00306967 0.0591345 9.38053e-05 0.00187655 0.00504569 7.5267e-06 0.6113 1.50434e-10 0.000864845 0.000821412 6.62482e-08 2.61534e-10 4.53655e-08 0.0303533 0.0573919 2.89214e-05 0.0293248 4.18466e-05 0.0034308 0.013445 0.00213995 0.000988531 0.162057 0.0120462 3.24888e-07 1.99698e-10 
9.40265e-05 0.0354923 0.000163635 1.47836e-05 0.000669945 0.00965514 0.600062 0.111846 0.00038126 0.000537018 0.00141016 4.22545e-10 0.00823602 0.000335155 0.161794 7.34607e-10 1.61232e-05 5.48166e-05 2.56705e-05 1.78698e-05 0.00783027 0.000151271 0.00324889 0.0191758 1.43079e-05 0.00173284 0.0231053 3.00383e-07 0.0139347 1.58097e-09 
0.0585634 0.00395826 0.000795125 4.10675e-06 1.77601e-06 0.00287525 0.0675629 0.0220288 0.028185 0.000276948 0.12874 3.48148e-10 0.000222154 0.0017321 0.0140357 6.05265e-10 4.74186e-07 4.06689e-07 0.0142484 0.304847 1.31373e-06 0.211209 7.03234e-07 0.102282 0.000237189 0.00188414 0.000697575 0.0126383 0.0229719 4.62158e-10 
0.000178573 0.000178821 0.000207921 3.80947e-06 0.00729999 0.000654666 5.61965e-05 0.00253884 0.0031349 5.54899e-05 0.00862641 6.49627e-10 0.000308511 4.43362e-05 9.38172e-05 1.1294e-09 6.2709e-06 7.26412e-05 0.00591648 3.89403e-06 0.00386593 9.26029e-05 0.000125853 0.86463 1.90222e-06 0.00017177 0.00328853 0.0473102 0.0511012 3.05202e-05 
2.96004e-05 0.00368949 0.00537702 2.39682e-05 0.0102233 0.0929691 0.0343529 0.00463074 0.0151157 0.000541886 0.00571223 4.8493e-12 0.000894158 7.21283e-07 0.000466724 0.0291777 1.33096e-06 0.000928598 0.0020643 8.87873e-12 0.0757377 4.91978e-07 0.0150181 0.000403317 0.00222592 0.239985 0.130465 0.311865 0.018093 6.53078e-06 
4.37465e-05 3.58918e-05 6.30946e-06 7.69511e-08 0.00304828 0.0315013 9.89257e-05 0.00706299 0.0326236 2.61719e-05 0.207818 2.56225e-10 0.00426789 0.000209818 1.50553e-07 4.45455e-10 0.00132684 6.76724e-06 0.0284767 4.69131e-10 0.00182461 4.04637e-06 0.00246137 0.0843816 1.27614e-07 0.00117558 0.0274451 0.552921 0.0132326 2.92224e-07 
2.48278e-06 0.0105233 0.00518521 0.0224769 0.00207584 0.0422804 0.0132269 0.00117512 0.00421253 0.00149067 0.0111249 1.46206e-08 0.0622584 0.0004052 0.0351988 2.54184e-08 3.15061e-05 0.000268271 0.00345936 0.000416437 0.00217894 0.000913953 0.121091 0.00165832 1.88359e-06 7.15469e-06 0.0694442 0.0461758 0.542697 1.8733e-05 
0.00135002 0.0116261 0.00368846 2.99571e-06 0.00461849 0.00423947 0.00421793 0.000704222 0.0308127 2.40241e-05 0.0835532 7.08895e-09 0.0051138 0.000161637 0.000259344 8.62539e-09 7.94514e-05 0.000407148 0.0697255 1.17404e-07 0.0215448 2.92662e-08 0.000129841 0.427069 4.6958e-05 0.00132483 0.0468998 0.269798 0.0126018 9.46381e-09 
7.36773e-05 0.00023131 0.000293813 5.82638e-07 0.0182146 0.00249284 0.000262478 0.00239843 0.0304251 0.000145967 0.00214786 1.30176e-08 4.23215e-05 0.000147569 2.18447e-05 8.99001e-07 2.68983e-06 0.000861287 0.00438913 1.52412e-06 0.35022 1.5078e-07 2.63484e-05 0.492891 0.00131149 0.00359389 0.0831101 0.00620161 0.000490576 5.91563e-07 
0.000149334 0.00226939 0.00211758 0.000374365 0.00473463 0.0306229 0.0387562 0.0864745 2.87595e-06 0.0583224 0.00175 1.57013e-10 0.00682002 1.58148e-10 0.145539 0.0008754 0.000751948 0.406842 0.00244579 2.87479e-10 2.50283e-08 0.143024 0.00473429 0.0177461 0.00375371 0.000399013 0.0140432 0.00913982 0.0183113 2.08431e-10 
0.0105717 0.00118478 0.000107769 0.000279165 0.707505 0.00638322 0.00404332 0.0041895 0.0129258 0.000505816 0.00296568 3.16485e-10 0.00336039 0.000136987 0.000540428 4.24235e-08 2.08267e-06 0.00593698 0.0754997 0.000454503 0.00223463 0.0057494 0.00104668 0.084632 0.000107613 0.00357348 0.00435715 0.0538417 0.00786027 4.35143e-06 
0.000701409 0.000761682 0.00109746 0.000109987 0.0621606 0.0863126 0.0150466 0.0695624 0.0490371 0.000794077 0.0124655 9.38571e-07 0.00626105 0.000149886 0.00118176 0.002601 0.00070432 0.00145217 0.00407647 4.25952e-05 0.0571358 0.0033082 0.00826671 0.450276 0.000291698 0.00132273 0.0345364 0.0757456 0.0327813 0.0218157 
0.0686749 0.00284227 0.01454 2.68219e-06 0.0194329 0.0989546 0.00667589 0.037591 0.0791932 0.0131326 0.0640628 2.31864e-09 0.0541401 0.0177645 0.000559737 0.000235919 0.000254436 0.00189577 0.0131388 0.00595098 0.00568466 0.0222502 0.00334278 0.0557236 0.0102813 0.000426104 0.361849 0.0194133 0.0219805 5.25375e-06 
0.0313679 0.002346 0.000274656 0.00169367 0.322094 0.0527936 0.00996666 0.0163774 0.0134453 0.00145962 0.0899808 6.86561e-06 0.0395543 0.0078542 0.00450414 1.85775e-05 0.00170873 0.00220625 0.0544095 0.00308014 0.0209738 0.0146593 0.00666817 0.137818 0.00405044 0.0124787 0.0459116 0.0681543 0.0341345 8.68915e-06 
0.00271316 0.015914 0.00242815 5.4755e-06 0.0187564 0.160063 0.0125653 0.13712 0.011207 0.00217724 0.0777175 1.32105e-06 0.0168373 0.00429404 0.00881656 0.0088407 0.000242594 0.00202285 0.0196589 2.64733e-05 0.0142923 0.00257689 0.000608276 0.0353141 0.00183688 0.00248578 0.0434702 0.120388 0.277101 0.00051899 
0.000128593 0.00374425 0.114095 0.000434216 0.0011412 0.00503335 0.0285679 0.00400958 8.3234e-05 0.000433802 0.00532958 4.51152e-11 4.22922e-06 0.00012077 0.120501 1.71095e-09 1.43334e-05 0.516543 0.000197917 3.17048e-08 0.00488386 0.000444674 0.000203168 0.000327461 0.00181344 0.180079 0.000189799 0.0104482 0.00122506 4.57069e-06 
5.16856e-05 0.0124965 3.28735e-06 3.12708e-06 0.211616 0.00137205 0.150882 0.0416292 0.00722226 0.000329509 3.22407e-07 7.16969e-09 0.00281692 7.22155e-09 0.00156815 1.24647e-08 9.29161e-07 0.000511548 0.00415303 1.72159e-05 0.00270971 0.550874 0.00162846 0.00138085 2.21829e-05 0.00220384 0.00168853 0.00337002 0.00144867 9.51759e-09 
0.00135002 0.0116261 0.00368846 2.99571e-06 0.00461849 0.00423947 0.00421793 0.000704222 0.0308127 2.40241e-05 0.0835532 7.08895e-09 0.0051138 0.000161637 0.000259344 8.62539e-09 7.94514e-05 0.000407148 0.0697255 1.17404e-07 0.0215448 2.92662e-08 0.000129841 0.427069 4.6958e-05 0.00132483 0.0468998 0.269798 0.0126018 9.46381e-09 
9.01083e-08 0.0290068 0.00109026 1.18794e-05 0.00694417 0.0582179 0.00794753 0.00209531 0.0779489 0.00125021 0.000178223 8.95395e-09 0.0458743 0.0001227 0.01378 0.00166764 0.000840355 0.00134243 0.00647495 0.614412 0.000962967 0.00486128 0.0287598 0.00591593 0.00442495 1.37148e-05 0.0020634 0.0150798 0.0687084 4.10331e-06 
0.0450523 0.00833458 0.00473565 0.000315642 0.00394205 0.433207 0.0657283 0.0380448 9.58617e-05 0.00621881 0.0125221 1.39324e-05 0.0108689 0.0303408 0.00315001 0.0201008 0.000320572 0.00702113 0.00600245 0.000147764 0.0175839 0.00167431 0.00214235 0.0117351 0.00415493 0.114356 0.00787284 0.120987 0.023307 2.40286e-05 
0.000128455 0.000153963 5.42657e-05 2.42174e-06 0.0633966 0.0049299 0.00066535 0.00460784 0.00495384 2.55168e-08 0.00220732 1.8784e-12 0.000197973 0.000284792 0.000321475 3.83557e-09 7.04502e-06 0.00317175 0.00462652 1.25187e-08 0.182442 0.000214314 0.000151135 0.659415 0.000168061 0.00592052 0.0452428 0.0154714 0.00125846 6.53415e-06 
1.54622e-05 0.000645353 0.000148109 0.0281139 0.00270513 0.0119172 0.0101179 0.0177204 0.00130573 0.000197496 0.00949959 3.99963e-10 0.519443 0.302742 0.00185158 6.95347e-10 2.00582e-05 5.8771e-06 0.0223182 0.00353117 0.00170448 0.000475432 0.00465056 0.00373905 0.000155144 0.000714439 0.0291958 0.00528759 0.0217788 5.68697e-07 
0.0187735 0.0156085 0.100861 7.72393e-07 0.00649949 0.0377889 0.718929 0.00195663 0.0022889 0.0045256 2.19193e-05 2.07754e-07 0.016546 1.2177e-05 0.000924092 3.61186e-07 4.03432e-06 9.02838e-05 0.0331412 5.37325e-06 0.00893476 0.00693526 0.0012762 0.00133003 0.000401226 1.43932e-05 0.00127844 0.0202319 0.00161841 7.11326e-07 
0.000296106 0.00588888 0.000175119 1.96767e-09 0.00327924 0.0154767 0.0527919 0.482295 0.0057422 0.0456622 0.0169489 8.32386e-11 0.0052546 0.00192343 0.0073904 1.44713e-10 9.883e-07 2.61046e-07 0.00490501 7.20571e-08 0.00680425 3.2587e-07 0.00140501 0.0182427 0.000326622 4.21387e-08 0.00879326 0.0849753 0.231422 4.18169e-08 
0.0112089 0.022218 4.8246e-07 0.00017141 1.05274e-06 0.0504097 0.0112245 0.0592472 0.00795056 0.000112258 0.040718 8.87741e-11 0.000172593 0.00105608 0.0024453 4.9472e-08 1.22846e-07 0.0591279 0.0256276 1.6144e-06 0.202727 1.29303e-06 0.000895164 0.309764 7.46133e-08 0.0183963 0.150369 0.005445 0.0194511 0.00125798 
0.000951475 0.00413771 3.77431e-05 1.05283e-08 0.0146636 0.0515355 0.00177389 0.597628 3.24798e-09 0.000969951 0.00565278 1.43497e-11 0.0101083 0.000271253 0.00272095 0.000969593 6.72301e-05 0.00121286 0.00713625 0.000906758 0.0624717 0.00382488 0.000553274 0.0235852 5.55892e-05 3.10441e-08 0.0086795 0.140334 0.0597445 7.36721e-06 
0.024635 0.0158443 0.0327758 7.90093e-08 0.000347375 0.111659 0.0602509 0.00461245 0.00298666 0.00631938 0.0306264 2.35828e-10 0.535564 3.1298e-08 0.0134694 4.27443e-06 0.000209699 0.000774647 0.00128216 0.0002666 0.00158627 0.00281491 0.00162643 0.00294616 0.000112493 0.00306557 0.00955556 0.125569 0.0109805 0.000114373 
0.00928405 0.00683837 0.000427803 7.31133e-05 0.0502336 0.0635545 0.0145625 0.0105043 0.00163602 0.000394255 0.00170435 1.01371e-07 0.0782967 0.000195525 0.00871428 1.89457e-06 4.26601e-06 0.000180783 0.0133713 7.96974e-07 0.00656141 0.00101833 0.53461 0.00173755 0.000736498 0.00564813 0.0617667 0.0496867 0.0782556 1.28749e-07 
0.047259 0.0148 0.00133524 5.64504e-05 0.006779 0.179898 0.0224856 0.0149444 0.0227963 0.00404693 0.0589304 4.46356e-06 0.00134112 0.00501057 0.0100886 0.00534879 0.000219564 1.45584e-05 0.0124614 0.00193771 0.073478 0.00304668 0.210248 0.0448435 0.000932891 0.00266778 0.168486 0.0480459 0.0384689 2.39503e-05 
0.00119547 0.112218 2.8249e-05 2.78009e-07 2.15495e-06 0.0304711 0.0767376 0.163505 6.32932e-06 0.0873074 7.7394e-07 5.70085e-09 0.0300129 2.82399e-07 0.0717648 9.9111e-09 8.02594e-05 1.23425e-06 0.000405696 1.63409e-06 3.81088e-06 1.21791e-05 0.217593 0.00717153 4.40969e-07 1.30539e-05 0.0117179 0.189742 7.30752e-06 1.74251e-07 
4.99535e-05 0.000473719 0.00111364 3.65216e-05 0.00143513 5.18929e-07 0.000359893 0.00378623 2.9872e-08 0.000455179 3.88303e-08 9.67916e-11 0.00171193 8.63399e-08 0.000398383 1.68275e-10 1.14282e-07 8.83103e-05 0.000312042 0.000102052 0.000655386 0.975034 0.00998921 0.00167812 2.9422e-08 3.8415e-05 2.30611e-07 0.00187649 0.00038452 1.93802e-05 
0.0242044 0.00653459 0.000804971 7.38076e-05 0.0271266 0.00376318 0.0172421 0.0264864 0.0164041 0.000309528 0.00506415 5.88309e-07 0.000333196 9.34375e-05 0.000846693 0.000103283 3.75887e-06 5.15024e-05 0.0249329 7.31245e-07 0.197214 0.000260382 0.000716844 0.0395162 0.000396912 0.0277597 0.555191 0.00682394 0.0177386 2.63355e-06 
0.000879191 0.0248067 0.0125484 6.08275e-05 0.000511035 0.0253209 0.25023 0.010652 0.010595 0.0345793 0.0200724 2.6096e-09 0.00753649 2.62848e-09 0.0204435 3.57079e-05 4.12168e-05 0.000130471 0.0121089 0.025102 0.0094274 0.00827596 0.511619 0.00466483 0.000436995 1.32444e-05 0.000168076 0.00696365 0.00277697 3.46418e-09 
7.05403e-09 3.04811e-05 1.54257e-08 7.75416e-08 0.00105919 0.172335 0.000682805 0.000276422 1.93268e-07 0.000115991 0.676335 6.64407e-13 0.0302128 8.83429e-09 4.64678e-08 1.15509e-12 0.008075 6.59379e-09 0.00117797 1.21648e-12 2.57145e-08 3.15251e-05 0.0060946 0.00963187 0.0510342 0.0047544 0.0381409 3.76504e-07 1.06884e-05 7.06469e-10 
4.99535e-05 0.000473719 0.00111364 3.65216e-05 0.00143513 5.18929e-07 0.000359893 0.00378623 2.9872e-08 0.000455179 3.88303e-08 9.67916e-11 0.00171193 8.63399e-08 0.000398383 1.68275e-10 1.14282e-07 8.83103e-05 0.000312042 0.000102052 0.000655386 0.975034 0.00998921 0.00167812 2.9422e-08 3.8415e-05 2.30611e-07 0.00187649 0.00038452 1.93802e-05 
0.00102866 9.42705e-05 5.12425e-05 6.02524e-06 0.484459 0.0151953 0.0169855 0.029855 9.31537e-07 0.00749199 0.000531492 1.8746e-08 0.0191051 1.24144e-07 0.000722887 1.20675e-07 1.73934e-06 0.002035 0.00602725 0.00155492 0.00039272 0.298137 0.000166789 0.0858381 6.05986e-05 7.68871e-05 0.0278948 0.000387227 0.00175592 0.000143826 
0.187998 0.0123136 0.424619 1.13772e-07 0.000860822 0.00879121 0.100098 0.0130883 0.00170471 0.0268111 0.0225753 1.11604e-08 0.00482968 0.000209917 0.0029248 1.94027e-08 1.38005e-05 8.46994e-06 0.000458173 5.78212e-05 5.93196e-07 0.00110187 0.00120774 0.00931225 0.011402 5.15426e-06 0.0049438 0.160484 0.00417923 9.94848e-07 
0.00313552 0.000181749 0.0109878 0.00014372 0.0295903 0.125022 0.0251534 0.0066693 0.00661797 0.00220325 0.0197102 2.2847e-07 0.437759 0.000102282 0.00432691 1.24684e-05 0.00299596 0.00107951 0.00681424 0.00844727 0.0255442 0.0205975 0.0176528 0.0118424 8.37046e-05 0.000618604 0.0685319 0.0102485 0.153927 2.51997e-07 
0.0632186 0.0466758 0.00126804 5.68241e-06 0.00297014 0.0123418 0.185771 0.131762 0.0923559 0.0120558 0.0056435 3.91233e-09 0.0169843 0.00442372 0.0314351 6.80169e-09 3.05824e-07 7.37548e-07 0.0146148 6.7789e-05 0.0117146 0.308101 4.9473e-05 0.026558 1.35709e-05 0.000257316 0.000602893 0.0300783 0.00102982 5.19352e-09 
0.00129894 0.0255599 0.00365453 0.000553774 0.0618616 0.0148992 0.143051 0.0397891 4.63351e-06 0.0257184 0.0437702 2.97207e-06 0.013949 0.00498084 0.00543152 0.015649 3.52641e-06 0.020987 0.0511442 0.00141269 0.0145217 0.168728 0.00897632 0.0884257 0.172251 0.00326838 0.00744151 0.0423261 0.0203258 1.36798e-05 
0.126207 0.757221 0.0039648 1.75942e-05 0.00970872 7.9067e-05 0.0578231 0.00566149 0.000497306 0.000276778 0.00125363 5.8798e-09 3.9776e-08 1.90742e-05 0.00145915 1.95721e-08 3.74952e-07 0.000724748 0.0015099 9.65379e-06 0.0233835 4.57251e-05 0.00331696 0.00210233 1.92472e-06 0.00236367 0.00123281 5.09674e-05 0.00106858 9.74661e-09 
0.0172988 0.00467479 0.000578161 5.34255e-05 0.0193918 0.0026916 0.0123205 0.018931 0.0117295 0.000224129 0.00362106 6.04282e-07 0.00023979 6.82668e-05 0.00060754 8.55487e-05 3.00523e-06 3.74687e-05 0.0178197 1.09225e-06 0.140893 0.000188697 0.000515814 0.0282361 0.000286813 0.0198541 0.682089 0.00487818 0.0126778 2.17049e-06 
0.000649344 1.07976e-06 5.70387e-05 4.54464e-09 0.000447441 0.0244532 0.00037687 0.00120828 0.001547 0.000233623 0.625849 7.16421e-12 0.0298622 1.2391e-05 1.69916e-07 1.24552e-11 0.000193887 0.000222273 0.0207652 5.47452e-08 0.0028746 5.93929e-06 0.00116238 0.00247521 0.000637157 0.00264279 0.00673671 0.243713 0.0338738 2.0079e-09 
2.41583e-05 0.00963069 0.000727887 0.0535674 0.00233801 0.0867115 0.131182 0.0228178 0.000200567 0.00069061 0.00937737 3.37265e-08 0.0436647 0.000112279 0.329034 5.86345e-08 2.64943e-05 0.00110387 0.000959091 1.25757e-05 0.00620139 0.00131267 0.00501741 0.00436898 0.000321482 0.000234013 0.0123332 0.0535296 0.223741 0.000758683 
0.00508985 0.00167607 0.000589276 1.87689e-05 0.00534547 0.00518491 0.00779982 0.00453009 0.00125355 0.0519033 0.000644981 3.7925e-08 0.0217419 0.00119374 0.0101904 0.000592056 1.02841e-05 0.0389231 0.0225968 0.00248576 0.0012272 0.794742 0.000416749 0.00516561 0.00585771 0.000999368 0.00125449 0.00596673 0.0025927 7.63638e-06 
0.017062 0.0647165 0.00562592 7.17851e-05 0.0135324 0.0435143 0.0355456 0.156987 0.0364428 0.00820873 0.0302415 5.1013e-05 0.00304749 0.00168054 0.0228317 5.56256e-05 0.00836319 0.00655065 0.0323389 0.000806468 0.0501871 0.0178967 0.0129451 0.169298 0.00024806 0.0120402 0.0171416 0.132 0.100488 8.06439e-05 
0.0461268 0.0885639 0.00548145 3.56651e-05 0.00818986 0.00288381 0.111041 0.141043 9.23862e-07 0.00128346 9.14252e-05 2.27908e-08 0.000125292 1.39892e-07 0.00123634 1.57703e-07 1.15645e-05 0.000212234 0.130082 0.00014296 0.261818 0.000446462 0.146849 0.00533514 0.0011951 0.00217991 0.0132472 0.00256551 0.0297892 2.15488e-05 
0.00207756 0.0427108 0.0350564 1.12802e-06 0.00762127 0.072351 0.0342392 0.0842482 0.0122605 0.00696901 0.0037267 1.36446e-08 0.00547908 0.000770722 0.0141831 2.37215e-08 0.000114446 0.00047097 0.00729236 1.42237e-06 0.0364908 0.000435314 0.393397 0.0865194 0.00214885 0.0211648 0.117649 0.0110108 0.00160882 1.02468e-06 
5.0163e-05 0.00733142 9.28046e-05 6.84491e-05 0.013219 0.0960266 0.0105247 0.0449605 0.00213767 0.0108529 0.00145677 2.4484e-08 0.052326 0.000852413 0.0327768 1.23922e-06 8.36797e-05 0.00217336 0.0052922 0.403947 0.0153615 0.00385302 0.206867 0.00370298 6.26163e-07 0.00207988 0.0264811 0.00323743 0.0542417 2.28318e-07 
2.34319e-06 4.08958e-06 9.19617e-05 2.80575e-07 1.17072e-05 0.0143826 0.00432262 0.000247405 0.163408 8.33287e-05 0.000495485 5.46255e-10 0.00145983 0.000225449 0.000825773 2.46343e-07 0.000369833 1.30283e-07 0.00207979 0.00106827 0.00490941 0.198621 1.76839e-06 0.412282 7.83061e-05 1.24645e-06 0.0303633 0.0526915 0.111972 1.19289e-07 
0.00740348 0.00171836 0.000150511 3.73303e-05 0.0021539 0.00183147 0.00792058 0.00379232 0.0456302 1.07782e-06 0.00334993 1.19884e-07 0.00075349 0.70523 0.000897289 1.14733e-05 9.777e-06 6.83721e-06 0.0150931 5.45953e-05 0.015111 0.00813873 0.000479169 0.03982 1.08873e-05 0.0041859 0.12953 0.00433367 0.00232084 2.31045e-05 
1.11511e-06 0.00141576 0.000660026 5.98052e-09 0.0428759 0.00284285 0.000985695 0.000593834 0.0124847 8.81469e-05 0.0713194 1.08494e-10 0.0037678 7.47401e-07 0.000712531 3.40766e-08 1.70971e-05 1.31446e-07 0.000897915 0.00436969 0.133629 0.000131018 0.0133695 0.311819 4.43132e-05 0.00118594 0.381354 0.00555398 0.00987026 8.82452e-06 
0.00254881 0.00154866 0.00228121 5.99563e-05 0.157618 0.0201135 0.0214588 0.0103726 0.0207313 0.00197636 0.0757342 2.64319e-06 0.00785076 0.000994424 0.000580353 3.52267e-05 1.68128e-05 0.0214374 0.180934 5.11361e-05 0.0130357 0.000656956 0.00395222 0.0397709 0.00837046 0.0141683 0.0320814 0.25037 0.111233 1.49168e-05 
2.35482e-06 0.00617524 0.0155199 8.52105e-08 0.00906336 0.181209 0.118247 0.18549 6.1488e-08 0.0994181 0.0173462 4.04395e-11 0.0654132 0.00200455 0.0199981 7.03052e-11 7.30354e-08 0.000217027 0.0165618 2.13947e-06 4.23647e-08 0.0827624 0.000654691 0.00659983 3.58278e-06 0.000104557 0.026384 0.0250695 0.121754 5.04803e-08 
0.0157191 0.000587209 0.000339978 0.853066 0.00975766 0.012031 0.0040802 0.00046438 0.000350587 0.00150296 0.00230723 5.32458e-06 0.00887955 0.000190414 8.54405e-06 1.40154e-05 8.45501e-05 0.0347828 0.00617208 0.000483026 0.000921514 0.00116094 0.00115825 0.00260352 0.0216781 0.00181469 0.0122753 0.00647523 0.000970721 0.000115477 
5.27828e-05 5.51077e-05 3.94129e-05 3.27175e-06 7.53687e-05 3.02198e-05 0.0925583 0.0685859 3.00453e-05 2.24964e-05 8.10133e-05 5.14866e-08 2.23751e-05 1.92775e-05 4.04594e-06 8.95109e-08 0.000695843 0.00313052 9.59521e-05 0.000187348 0.000591633 0.664776 1.16785e-05 0.0135295 9.39693e-05 0.000367115 0.0383005 0.116606 2.39925e-05 9.52563e-06 
7.5204e-05 0.00303093 3.7445e-07 0.0381351 0.00497371 0.19553 0.00344725 0.0342162 0.00945437 0.00122535 0.291631 8.17243e-09 0.00900579 0.000485125 0.00423102 0.038179 4.11714e-06 0.000581025 0.0166871 0.00144216 0.00191363 1.43697e-06 0.00883392 0.0290313 0.00223635 0.00115222 0.133368 0.0916898 0.0794393 9.81933e-08 
0.000128593 0.00374425 0.114095 0.000434216 0.0011412 0.00503335 0.0285679 0.00400958 8.3234e-05 0.000433802 0.00532958 4.51152e-11 4.22922e-06 0.00012077 0.120501 1.71095e-09 1.43334e-05 0.516543 0.000197917 3.17048e-08 0.00488386 0.000444674 0.000203168 0.000327461 0.00181344 0.180079 0.000189799 0.0104482 0.00122506 4.57069e-06 
4.99535e-05 0.000473719 0.00111364 3.65216e-05 0.00143513 5.18929e-07 0.000359893 0.00378623 2.9872e-08 0.000455179 3.88303e-08 9.67916e-11 0.00171193 8.63399e-08 0.000398383 1.68275e-10 1.14282e-07 8.83103e-05 0.000312042 0.000102052 0.000655386 0.975034 0.00998921 0.00167812 2.9422e-08 3.8415e-05 2.30611e-07 0.00187649 0.00038452 1.93802e-05 
0.00109311 0.00075168 8.47315e-05 5.9807e-06 0.051047 0.000997847 0.0021942 0.0294569 0.00240861 0.000516104 0.00967042 2.8908e-08 0.00365325 3.53347e-05 0.000410491 2.94591e-06 2.26375e-05 0.000166945 0.646342 0.000166158 0.00625116 0.00396295 0.00185677 0.00217285 3.85485e-06 3.13336e-05 0.00407928 0.134606 0.0980103 3.83747e-08 
0.0450523 0.00833458 0.00473565 0.000315642 0.00394205 0.433207 0.0657283 0.0380448 9.58617e-05 0.00621881 0.0125221 1.39324e-05 0.0108689 0.0303408 0.00315001 0.0201008 0.000320572 0.00702113 0.00600245 0.000147764 0.0175839 0.00167431 0.00214235 0.0117351 0.00415493 0.114356 0.00787284 0.120987 0.023307 2.40286e-05 
0.000255032 0.000188581 6.97438e-06 5.90882e-05 0.00421015 0.029146 0.000537542 0.00066796 0.000280375 7.53963e-05 0.00159847 4.2537e-07 0.831552 0.000440814 0.00182846 8.05751e-05 6.00881e-07 0.000466343 0.0476926 0.00179961 0.00018162 0.0153397 0.00256245 0.00221656 1.96183e-05 1.51437e-05 0.00265205 0.012912 0.0432133 5.64669e-07 
0.00266403 0.186303 0.00157324 7.9933e-06 0.0100746 0.00146509 0.488369 0.0383769 0.000433434 0.00495233 0.00558458 1.34434e-09 0.00101992 0.00105395 0.060373 2.33717e-09 9.7074e-06 0.000404833 0.108118 3.70895e-05 0.0146901 0.00217034 0.000215695 0.0052301 0.000123933 5.90366e-05 0.00166241 0.021777 0.0432507 1.78458e-09 
6.51145e-05 0.00792948 0.00545522 1.2882e-05 0.0106864 0.0329629 0.352859 0.0258195 0.0367518 0.00036082 0.0125147 1.87178e-08 0.0127584 1.78155e-05 0.00714935 2.7442e-06 0.000796633 0.00072179 0.0122455 0.000785757 0.241123 0.000536121 0.0151159 0.0217352 0.0001754 0.00819173 0.00770219 0.0697636 0.115761 1.24807e-07 
7.36773e-05 0.00023131 0.000293813 5.82638e-07 0.0182146 0.00249284 0.000262478 0.00239843 0.0304251 0.000145967 0.00214786 1.30176e-08 4.23215e-05 0.000147569 2.18447e-05 8.99001e-07 2.68983e-06 0.000861287 0.00438913 1.52412e-06 0.35022 1.5078e-07 2.63484e-05 0.492891 0.00131149 0.00359389 0.0831101 0.00620161 0.000490576 5.91563e-07 
0.00419559 0.00464931 0.00119177 0.000815254 0.00289255 0.0297144 0.00634072 0.00800171 0.0267211 0.000437266 0.163999 1.31237e-05 0.00661851 0.006402 0.000241839 2.53263e-05 7.22128e-05 0.000225037 0.0094216 0.000590591 0.0335831 0.00132056 0.562303 0.0242628 0.000234657 0.00826225 0.050419 0.026538 0.020445 6.30486e-05 
0.0191828 0.0079735 0.000494064 3.78237e-07 0.0357923 0.00834288 0.0246357 0.390036 2.23171e-07 0.0102345 0.00503311 7.81879e-10 0.0175569 0.000545758 2.28065e-06 1.35932e-09 0.000754911 0.000105157 0.0251167 0.000804486 0.0020369 0.00417661 0.012188 0.0183076 3.27797e-05 0.000764076 0.0909715 0.025701 0.299128 8.1278e-05 
0.0024696 0.00996612 0.000152926 1.87286e-05 0.000654785 0.0106648 0.0358178 0.808911 6.2216e-08 0.00732008 0.00535092 1.5125e-09 0.0456451 0.000606906 0.011732 2.62952e-09 2.50421e-07 9.62848e-07 0.00010815 0.000615859 7.91375e-07 0.0136572 0.000110376 0.00148288 0.00426598 2.77793e-08 0.000457009 0.0246808 0.015309 2.00781e-09 
0.00751406 0.0013559 0.000472691 0.000138837 0.00333386 0.109293 0.0575958 0.0071959 0.00979194 0.0029986 0.0879107 1.75397e-11 0.354389 2.88893e-08 0.00251807 3.04933e-11 0.000410885 0.000308224 0.00205257 0.00490094 0.0104815 0.0950391 0.00463081 0.00597074 0.00667409 0.000710668 0.00105184 0.12151 0.101748 1.85848e-06 
0.0687164 0.105313 0.0183313 3.37212e-05 0.0102226 0.0010311 0.184272 3.15352e-06 0.00132917 5.69594e-07 0.000161721 6.69118e-08 0.000146572 3.91828e-07 0.018465 0.000178777 0.0574195 2.71048e-07 0.00409668 9.45594e-07 0.0817976 0.00209726 0.00275436 0.00212152 0.00129927 1.37074e-05 0.40571 0.0328077 0.00167547 1.09745e-07 
1.2297e-07 4.71093e-07 5.70545e-07 6.46849e-07 3.67056e-05 2.36688e-06 4.37347e-07 2.73565e-06 1.22382e-05 4.29082e-06 2.51668e-06 6.936e-09 4.02638e-05 1.15498e-06 5.88061e-07 1.20584e-08 9.79783e-09 0.000973147 4.19574e-06 1.6499e-06 4.76458e-06 0.0225265 4.79942e-07 0.976355 1.43948e-06 7.41775e-06 6.72319e-06 9.14246e-06 3.80136e-06 1.19914e-07 
5.5556e-07 7.14615e-05 4.38882e-08 5.18677e-05 0.0228148 0.0468096 0.00848292 0.00578413 0.113731 6.60716e-08 0.0201111 3.21626e-08 0.00132096 0.00420531 2.16599e-07 1.33945e-05 5.48263e-08 0.00210388 0.109348 0.0336886 0.0692955 5.3948e-08 0.00106569 0.17114 1.50992e-06 0.000190763 0.0732418 0.29722 0.019306 6.59129e-08 
0.0266722 0.00520131 0.00762268 0.000427343 0.0354699 0.108267 0.0152079 0.0475833 0.0363747 0.00521605 0.0608932 4.6757e-05 0.0103762 0.023027 0.00103044 0.00273533 0.00011858 0.0116971 0.139265 0.00345397 0.0168225 0.0641558 0.00365077 0.21387 0.0154452 0.00205832 0.0272629 0.0710747 0.0299166 0.0150567 
0.00124285 0.0951746 6.39058e-06 3.05006e-05 0.00208299 0.0671349 0.121704 0.0541812 2.02057e-06 0.000212727 0.072062 3.01728e-09 0.000150699 8.48594e-07 0.000807224 5.24564e-09 0.000104766 0.335271 0.000511592 5.52444e-09 2.24749e-07 3.41647e-05 0.000151099 0.0810126 0.143757 0.00622182 0.0166797 7.75932e-06 0.00145222 3.33605e-06 
0.00629988 0.00183261 2.79786e-06 0.000486606 1.59479e-06 0.155843 0.0198921 0.153077 2.33209e-06 1.81971e-05 0.0183839 5.84476e-10 0.0519751 0.000528641 0.00136622 1.01613e-09 6.40466e-07 0.00135081 0.0180036 0.0073198 1.79012e-06 0.115137 0.00254464 0.00242889 0.174798 0.0127552 7.71361e-06 0.176794 0.0791477 4.42756e-07 
0.00214376 0.0005546 0.000234599 3.93156e-05 0.396903 0.0246002 0.00567141 0.00815982 0.00110257 0.000322975 0.00100685 4.04668e-09 0.00259826 2.69019e-08 7.58935e-05 0.0190623 3.77147e-07 0.0772638 0.0808818 8.16979e-05 2.82996e-08 0.0235234 6.81056e-05 0.298159 0.000231073 7.65222e-05 0.0021136 0.0490576 0.00606545 1.74309e-06 
0.821388 0.0545477 0.00149694 1.06565e-06 2.01308e-05 0.000241148 0.0330974 0.00564042 0.000186164 0.000703939 3.80066e-06 1.11539e-11 0.000692709 1.12346e-11 0.00145961 9.29687e-10 0.0699934 3.81908e-08 0.00520514 1.77909e-05 2.94586e-08 0.000198834 1.30665e-05 0.00164698 1.38134e-08 6.48306e-05 0.000189136 0.00301546 0.000165804 1.01309e-05 
0.000297763 9.61486e-05 0.000108978 2.34793e-05 0.0185495 0.00393088 0.00101391 0.00170246 0.0107683 1.92894e-08 0.00688032 4.26187e-09 0.00125401 6.33289e-06 0.000154808 1.2543e-08 1.15275e-05 0.000204665 0.0066752 3.54844e-06 0.0116214 3.0195e-05 0.0016482 0.615562 2.20249e-05 0.000795034 0.00761089 0.268389 0.0426177 2.14673e-05 
0.00414596 0.0298074 0.0485652 0.000195483 0.0199901 0.0424374 0.132675 0.0255818 0.0185293 0.0163785 0.00601439 5.82224e-05 0.00998005 0.00364526 0.339838 0.00104744 8.02728e-05 0.00053108 0.00514585 0.00062581 0.00792672 0.104581 0.00689316 0.0643142 0.025227 0.00169972 0.0137758 0.00861531 0.00969052 0.0520044 
0.00388262 0.00630895 0.000420061 0.0275311 0.00983478 0.0876183 0.0187845 0.0132436 0.00739804 0.000427414 0.0220954 4.55515e-07 0.0238598 0.00015221 0.0166539 0.0259702 0.000115995 0.000219518 0.0447176 0.0026737 0.0341999 0.00104133 0.332795 0.182512 0.00940057 0.00762998 0.0026087 0.0856733 0.032206 2.41876e-05 
