0.00230424 0.00197106 0.00249684 6.6199e-05 0.112848 0.000388523 0.000993339 0.000561184 0.0079696 3.09226e-08 0.000646213 3.49693e-12 0.140564 0.00830714 0.000615336 6.07951e-12 4.93978e-12 0.000254641 0.000997634 4.27219e-08 0.00581933 5.27343e-05 0.000166243 0.423659 0.000413908 0.00121018 0.196634 0.0744386 0.0166225 2.89304e-09 
0.0256145 0.00559073 0.0295214 0.00377893 0.0792063 0.00412986 0.0494739 0.0275015 0.000571386 0.0786169 0.000537108 2.72681e-06 0.0909786 0.00124071 0.0418179 3.94956e-06 0.00965087 6.67974e-05 0.271712 0.00100502 0.0713027 0.00698104 0.0559267 0.0435748 0.0185442 0.000274031 0.0516211 0.0235539 0.00718379 1.65496e-05 
0.000216973 6.17685e-06 0.000235508 0.000281621 0.0400027 0.0556225 0.000684497 0.110347 0.000248064 0.118412 0.0276348 2.95788e-09 0.00745207 0.00073853 0.0106338 5.14236e-09 3.28496e-05 0.00078065 0.028705 5.41567e-09 9.11767e-06 0.0101748 0.00114228 0.0185639 5.40285e-07 0.145881 0.198725 0.008544 0.214922 2.38578e-06 
3.25529e-05 0.0013694 0.000784734 1.57293e-06 0.118041 0.00110865 0.00208206 0.00433415 0.00887207 0.000492365 0.00862339 3.1104e-11 0.000715678 1.70696e-05 0.000738681 1.31986e-08 4.7003e-05 1.69173e-05 0.0703219 7.60779e-06 0.00226911 3.95313e-05 0.0031417 0.000929548 0.000364768 3.63689e-06 0.0145548 0.0529365 0.707994 0.000159612 
1.29692e-05 0.00123662 0.00234691 0.0242494 0.00258918 0.290739 0.0229239 0.0335638 0.00440589 0.00189289 0.0604313 8.54005e-09 0.141279 6.10538e-05 0.00216774 2.5364e-06 0.000379027 0.00573455 0.0235442 0.00069421 0.0253409 0.0393961 0.0166629 0.121317 3.21016e-07 0.0058035 0.048086 0.0613571 0.0637572 2.41106e-05 
0.000401365 0.0132404 0.00137744 0.00856972 0.0123274 0.0960258 0.143818 0.0824559 4.23508e-05 0.00316298 0.00624666 8.27374e-06 0.0524881 0.00391943 0.0100023 0.00298301 0.000344431 3.86759e-05 0.171713 0.000313596 0.220528 0.00276973 0.01441 0.00983551 0.000341721 0.00652018 0.0569437 0.0311234 0.0480221 2.70598e-05 
0.00477783 0.0172068 0.00384451 0.000708277 0.059602 0.0530937 0.0437571 0.0360378 0.0558151 0.00155496 0.0264989 6.4751e-05 0.016165 0.00107021 0.00233097 0.00362326 0.00382524 0.0136806 0.0586621 0.000405526 0.0658304 0.0221542 0.00711349 0.250583 0.0129946 0.0087389 0.0338656 0.0586627 0.0500375 0.0872947 
0.0671789 0.153721 0.0179876 1.06458e-08 0.0222253 0.00275006 0.176062 0.0103465 0.00223251 0.00569767 0.0080157 6.56005e-10 0.00720527 0.000107862 0.00697629 5.50396e-08 0.00211317 9.25891e-06 0.127265 0.000426284 0.0143566 0.00111824 0.00593118 0.00244907 0.000430099 0.000419681 0.00286184 0.0294996 0.332556 5.82388e-05 
1.54638e-06 2.0406e-06 1.661e-06 4.76402e-05 0.000338059 0.0143623 2.02113e-05 7.03528e-06 0.0169945 1.67705e-06 0.773214 4.23697e-07 0.15132 1.22894e-06 5.44506e-06 7.36609e-07 0.000293531 1.4642e-06 1.07733e-05 4.05858e-06 0.0075851 0.00643033 0.000257035 0.00281925 3.32065e-06 0.000465043 0.0010863 0.0199977 0.00472617 5.62447e-07 
0.00668869 0.00240301 0.000347988 9.59504e-05 0.00587119 0.0327125 0.208252 0.00437547 0.00226512 0.000882566 0.0135271 2.54597e-07 0.00134685 1.83897e-06 0.00151233 1.52866e-06 3.18297e-07 0.469336 0.165093 0.0108001 0.00020667 0.0594608 0.00215509 0.00214315 0.00188384 0.000612711 0.000161459 0.00368345 0.00416645 1.3257e-05 
5.25755e-05 0.000374862 0.000148506 4.8066e-05 0.191055 0.0084025 0.00342747 0.0123943 0.0197432 0.000254856 0.00842525 1.45205e-07 0.00113058 0.000210569 0.000218571 0.00317936 1.77579e-05 0.0296813 0.0370668 0.00451151 0.0116856 0.00475085 0.000213849 0.557109 0.000449655 0.00405854 0.00740224 0.086918 0.00705913 9.75681e-06 
0.00135002 0.0116261 0.00368846 2.99571e-06 0.00461849 0.00423947 0.00421793 0.000704222 0.0308127 2.40241e-05 0.0835532 7.08895e-09 0.0051138 0.000161637 0.000259344 8.62539e-09 7.94514e-05 0.000407148 0.0697255 1.17404e-07 0.0215448 2.92662e-08 0.000129841 0.427069 4.6958e-05 0.00132483 0.0468998 0.269798 0.0126018 9.46381e-09 
0.00593838 0.00352445 0.000984476 0.00177748 0.00416648 0.0723451 0.013688 0.00619345 0.00784821 0.0122566 0.517983 1.6846e-06 0.0292815 0.000431392 0.00407035 0.000129547 0.00156476 0.00928832 0.00505011 0.00145437 0.0230626 0.00692447 0.0386721 0.00982911 0.0195789 0.125509 0.0191571 0.0428971 0.016296 9.52213e-05 
0.000171565 0.0129539 0.00269016 2.50265e-05 0.00272337 0.0256547 0.00689466 0.0138215 0.0020236 0.00579509 0.405247 4.15737e-09 0.161036 6.37239e-09 0.00194229 2.45212e-07 5.48046e-05 0.000389798 0.0061845 0.00107856 0.0106607 0.000236371 0.060666 0.0145534 3.16207e-05 0.00834846 0.0125584 0.175032 0.0692222 2.9615e-06 
0.00637191 0.00105684 0.00102336 0.000192341 0.0137427 0.0432792 0.00658829 0.295099 0.00177136 0.000831493 0.266351 2.91756e-06 0.00763972 0.012154 9.64598e-05 0.000567366 0.00613949 0.0266663 0.0183396 4.54956e-05 0.000116471 0.0476075 0.00316452 0.0269255 0.143452 0.0316712 0.00768676 0.0157087 0.0156943 1.34327e-05 
4.99535e-05 0.000473719 0.00111364 3.65216e-05 0.00143513 5.18929e-07 0.000359893 0.00378623 2.9872e-08 0.000455179 3.88303e-08 9.67916e-11 0.00171193 8.63399e-08 0.000398383 1.68275e-10 1.14282e-07 8.83103e-05 0.000312042 0.000102052 0.000655386 0.975034 0.00998921 0.00167812 2.9422e-08 3.8415e-05 2.30611e-07 0.00187649 0.00038452 1.93802e-05 
0.000651007 0.000596167 1.08723e-08 7.61854e-06 0.00418314 0.00516658 0.00092987 0.00225494 0.0140565 5.23783e-05 0.482243 1.3988e-12 0.0828063 7.34102e-08 0.000256172 1.39221e-10 2.53124e-05 2.95689e-05 0.00968328 7.76503e-09 0.000670528 0.000134781 0.0014381 0.0351946 4.20885e-05 0.00112242 0.00814015 0.341036 0.00927882 6.36881e-07 
0.00279432 0.00473255 0.00112974 0.00414379 0.40827 0.056662 0.0131962 0.0208035 0.00328616 0.0471712 0.0834424 3.85096e-07 0.0307842 0.000587543 0.00617895 2.91906e-06 0.00335386 0.00324002 0.0301344 0.000823966 0.0438688 0.000547766 0.00528458 0.0292679 0.000259801 0.00314217 0.0134608 0.107751 0.0756658 1.36997e-05 
2.35482e-06 0.00617524 0.0155199 8.52105e-08 0.00906336 0.181209 0.118247 0.18549 6.1488e-08 0.0994181 0.0173462 4.04395e-11 0.0654132 0.00200455 0.0199981 7.03052e-11 7.30354e-08 0.000217027 0.0165618 2.13947e-06 4.23647e-08 0.0827624 0.000654691 0.00659983 3.58278e-06 0.000104557 0.026384 0.0250695 0.121754 5.04803e-08 
0.0190094 0.00162802 0.00056957 2.83802e-05 0.00315793 0.0176599 0.0144747 0.00490452 0.0087787 0.00134646 0.715053 1.25994e-06 0.00788778 0.000428302 0.00263812 1.3098e-06 5.98679e-05 0.000275498 0.0013208 0.000296398 0.00182544 0.0694966 0.00254573 0.0220704 6.31482e-05 0.00148343 0.00220071 0.0767876 0.0240036 2.88208e-06 
0.0113562 0.0188354 0.00459833 0.000223881 0.0236563 0.0772933 0.0901057 0.0733298 0.0145043 0.00575493 0.00931064 1.49378e-05 0.00520554 0.000192107 0.0292208 0.0284397 4.37411e-05 0.00820842 0.0409381 0.000300467 0.0543939 0.0446312 0.0013664 0.366432 0.00200178 0.00819952 0.00867647 0.0466627 0.0254841 0.000619669 
4.55361e-07 1.84272e-06 1.76212e-06 0.00416018 3.79727e-06 3.60178e-06 4.73151e-06 0.00358512 5.56879e-07 2.92562e-06 1.26089e-06 1.80893e-11 2.74073e-07 2.33235e-07 4.9473e-07 3.17633e-09 3.75654e-07 0.0472473 1.67003e-06 3.31202e-11 0.000191757 0.000162198 1.45354e-07 0.001239 1.06932e-05 0.943375 1.24286e-06 2.14005e-06 8.52417e-07 6.24581e-08 
0.00492698 0.00413429 8.41905e-07 0.000356514 0.0332327 0.0928747 0.170486 0.0601095 0.000487077 0.00165525 0.0106031 2.81253e-09 0.0930574 2.83288e-09 0.0055009 4.88967e-09 0.000163414 0.00359848 0.000638372 0.0165228 0.0257087 0.381608 0.00812045 0.0037965 0.0036191 0.00138533 0.00544853 0.0647495 0.00721513 1.85323e-07 
0.00881611 0.000524223 0.0022311 1.22022e-06 0.741962 0.00713385 0.00499477 0.00201773 0.00104984 6.46781e-05 0.0031384 6.83564e-12 0.000619301 0.000228068 1.8423e-06 1.1884e-11 1.71625e-05 3.15054e-05 0.125925 0.000307435 0.00840547 0.00312113 1.57208e-05 0.0637049 5.95313e-07 0.00199423 0.000726144 0.0112683 0.0116992 9.02748e-08 
0.00666667 3.55964e-05 0.00264997 0.0259669 0.0752996 0.309033 0.0170252 0.00189934 0.00511007 0.0349198 0.0593636 6.7623e-09 0.0317692 0.000278608 5.25484e-06 1.29458e-05 2.74791e-05 0.0703344 0.0132256 1.49265e-06 0.0577294 0.141852 0.00451552 0.0329298 2.0158e-05 0.00690752 0.0375568 0.0388558 0.025926 8.27512e-05 
0.0010937 0.00881545 0.00322776 0.0105947 0.00380056 0.0669599 0.0101341 0.00843507 0.0194912 0.000899194 0.0547736 9.96271e-07 0.215352 3.96984e-05 0.00105455 0.000177382 1.54835e-05 0.000202772 0.00328406 0.0127401 0.033136 0.000210061 0.052605 0.0135156 0.00183028 0.0431946 0.271844 0.108019 0.0543512 0.000200795 
0.00511854 0.00421117 6.7173e-05 0.00384215 0.00896069 0.202012 0.0252275 0.00995866 0.00650444 0.00181347 0.0201391 5.56989e-08 0.0632322 0.0002471 0.0127652 1.20497e-05 0.000210615 0.000574284 0.00677395 0.153498 0.0132074 0.023322 0.00519125 0.0952246 1.02983e-07 0.00189356 0.0177114 0.0650984 0.253182 1.48957e-06 
0.00752714 0.000574207 1.91145e-05 6.44244e-06 0.692404 0.00470935 0.00255839 0.0018112 0.0928095 0.000330985 0.0105372 1.04924e-12 0.00425862 0.00199064 0.000796231 1.82413e-12 8.23797e-05 0.00043211 0.0635498 0.00011856 0.000237099 0.000466306 0.00238366 0.0345485 0.000148178 0.00494377 0.0149207 0.0518909 0.00594103 3.70786e-06 
0.000130321 0.00108688 0.000243452 0.000894606 0.0236351 0.0542689 0.0181826 0.0029945 1.55512e-05 0.000390542 0.00216593 5.55189e-08 0.00620249 0.0708387 4.37706e-06 0.000414645 3.09278e-06 0.0532771 0.399 0.160826 0.00161214 0.00295366 0.000787448 0.00599967 0.00175214 0.0035579 0.00302756 0.0367934 0.14892 2.06501e-05 
0.000437337 0.00354478 0.0918552 1.68257e-05 0.0292778 0.244303 0.00637574 0.0055986 0.00312665 0.17777 0.000463776 2.0762e-09 0.00193682 0.00107057 0.000113253 9.29573e-07 9.73102e-06 3.04569e-05 1.18528e-06 7.26615e-07 1.69643e-06 1.11574e-06 0.252948 0.00615541 3.32373e-07 0.0654124 0.0804745 0.0160652 0.0130071 1.2905e-06 
0.0182665 0.00433277 0.00496973 0.000370586 0.0149223 0.0868381 0.00273239 0.0172933 0.0724458 1.79959e-05 0.0210316 3.00057e-11 0.00126848 0.000514383 0.00070139 1.73674e-08 0.000297042 0.000240195 0.0506932 1.03809e-07 0.0148854 0.000258523 0.00184468 0.158638 6.68983e-06 0.00247182 0.170727 0.210824 0.0649248 0.0784823 
0.000328531 0.0030288 0.948576 5.05044e-06 2.99607e-06 0.00014648 0.00303329 0.00247585 0.000710815 0.00594343 0.0130464 1.13755e-10 4.61167e-06 0.000117771 2.25402e-08 1.97766e-10 6.44007e-09 0.00037356 0.0069893 5.49733e-06 0.000214196 0.000423378 0.00516735 0.00438054 8.45855e-05 0.0020506 0.00124556 0.0010243 0.000620694 1.51007e-10 
0.00123492 0.00185511 0.000380091 0.000149326 0.0545287 0.0167563 0.0934476 0.0222341 0.147476 6.48402e-05 0.0316774 1.42418e-08 0.0588886 0.0130614 0.00344815 0.0294411 1.02832e-05 0.00167157 0.078059 0.000783184 0.0185294 0.0005899 0.0109397 0.267901 0.000501213 0.00293889 0.0831563 0.0463609 0.0138829 3.18394e-05 
4.55361e-07 1.84272e-06 1.76212e-06 0.00416018 3.79727e-06 3.60178e-06 4.73151e-06 0.00358512 5.56879e-07 2.92562e-06 1.26089e-06 1.80893e-11 2.74073e-07 2.33235e-07 4.9473e-07 3.17633e-09 3.75654e-07 0.0472473 1.67003e-06 3.31202e-11 0.000191757 0.000162198 1.45354e-07 0.001239 1.06932e-05 0.943375 1.24286e-06 2.14005e-06 8.52417e-07 6.24581e-08 
0.000615395 0.00532032 0.00385597 1.31745e-06 0.00820271 0.000958075 0.0107445 0.0250852 0.353741 8.83785e-05 0.0175327 1.06041e-12 0.00462429 0.000287136 2.77349e-05 1.84356e-12 3.65514e-08 0.00439884 0.0451069 0.000119637 6.63158e-08 0.000217082 0.00610301 0.20828 0.000246878 0.00163123 0.0340145 0.266219 0.00257787 2.15388e-08 
0.000656586 0.018001 0.00283253 5.09959e-06 0.00998895 0.00533635 0.0310985 0.646287 0.0113218 0.00759402 0.00358264 7.92941e-08 0.00961522 0.00177179 0.00111026 3.88045e-05 9.30648e-05 0.00867943 0.0442515 0.00121937 0.0206851 0.031795 0.00327921 0.0454898 2.85053e-05 0.0091678 0.00980526 0.0702275 0.00585655 0.000180842 
0.00820095 0.0330576 0.00644633 0.00124285 0.0510701 0.0935733 0.10956 0.00658606 0.00144686 0.00387392 0.0248671 3.08697e-06 0.225196 0.0323793 0.0452697 8.26553e-06 8.33087e-05 0.107643 0.0547286 0.00023392 0.00279183 0.018167 0.027224 0.0585071 0.000559186 0.00373341 0.0616735 0.0155464 0.0062805 4.59595e-05 
0.000432885 0.000426991 7.67465e-05 1.08448e-05 0.0809613 0.00443854 0.0004545 0.00547257 0.0566307 1.08316e-05 0.00451134 9.93467e-10 0.000393809 0.000553765 0.000104804 1.66329e-09 6.14575e-06 0.00209003 0.00719342 0.000218181 0.172205 0.000101618 0.000226666 0.481828 0.000152965 0.00675454 0.151019 0.0205427 0.00318043 1.02682e-06 
1.76042e-05 0.00405978 0.00566501 4.76911e-08 0.011036 0.102116 0.0368079 0.00508968 0.0155509 0.000440531 0.00585725 5.20016e-12 0.000958679 1.55141e-08 0.000511008 4.62885e-06 2.49865e-08 0.000976655 0.00216635 9.52114e-12 0.0627865 8.29229e-09 0.0152495 0.00027167 0.000336747 0.243942 0.135589 0.331165 0.019396 6.41268e-06 
8.42295e-05 0.0212016 0.00768605 3.31566e-05 0.0137962 0.016733 0.168858 0.131341 0.000346433 0.0225953 0.000329039 2.34184e-08 0.0239623 0.00133944 0.0067952 1.33856e-05 0.000121981 0.000301241 0.51552 0.00814983 0.0016585 0.00172493 0.015127 0.00406591 0.00176209 0.0184558 0.00372207 0.00846222 0.00581298 3.0974e-07 
0.000399288 0.00804088 0.599039 0.000453118 0.000507594 0.00270042 0.021867 0.0156178 0.000779122 0.005558 0.0271905 2.70557e-10 1.36325e-05 0.000378593 0.0262242 2.32091e-09 4.69306e-06 0.184946 0.00571965 3.31563e-06 0.00484927 0.00103326 0.00472948 0.00299955 0.00126294 0.0739211 0.00151931 0.00759485 0.00264601 1.06457e-06 
0.00138282 0.0119224 0.00957284 0.000905526 0.0169058 0.0786356 0.0169 0.050691 0.00385534 0.000260743 0.024696 6.7952e-10 0.0366289 0.00319139 0.0707496 5.55735e-06 1.28989e-07 0.000300528 0.0588908 0.0185692 0.0364195 0.00914246 0.0174581 0.0548796 4.92638e-09 0.00164309 0.0162325 0.164455 0.280798 0.0149076 
0.0505363 0.0355555 0.00349407 0.00432666 0.0472776 0.0701427 0.0902881 0.02781 0.0567372 0.00783289 0.0448347 1.26896e-08 0.0209581 0.00102822 0.0109295 1.14936e-07 0.00252996 0.00412776 0.0323942 0.0014423 0.0217555 0.00510264 0.00473398 0.208862 0.00861673 0.0181614 0.0444434 0.151286 0.0247884 4.83392e-06 
0.0187531 0.0114255 0.00622734 0.0102017 0.101565 0.0614454 0.0214112 0.0634077 0.0013259 0.00628879 0.0291627 2.3243e-06 0.00916676 0.000305426 0.00709298 0.0010034 4.59723e-05 0.00633837 0.0759139 0.00049088 0.15207 0.00517203 0.0142606 0.0507699 0.00127461 0.0320571 0.0202507 0.165807 0.126759 4.473e-06 
4.99535e-05 0.000473719 0.00111364 3.65216e-05 0.00143513 5.18929e-07 0.000359893 0.00378623 2.9872e-08 0.000455179 3.88303e-08 9.67916e-11 0.00171193 8.63399e-08 0.000398383 1.68275e-10 1.14282e-07 8.83103e-05 0.000312042 0.000102052 0.000655386 0.975034 0.00998921 0.00167812 2.9422e-08 3.8415e-05 2.30611e-07 0.00187649 0.00038452 1.93802e-05 
0.000328531 0.0030288 0.948576 5.05044e-06 2.99607e-06 0.00014648 0.00303329 0.00247585 0.000710815 0.00594343 0.0130464 1.13755e-10 4.61167e-06 0.000117771 2.25402e-08 1.97766e-10 6.44007e-09 0.00037356 0.0069893 5.49733e-06 0.000214196 0.000423378 0.00516735 0.00438054 8.45855e-05 0.0020506 0.00124556 0.0010243 0.000620694 1.51007e-10 
0.032782 0.0385458 0.0100924 9.67633e-06 0.00173014 0.00865141 0.0256476 0.0331538 5.77943e-08 0.00169767 0.0149451 2.86783e-11 0.00320072 0.00160868 0.0014549 4.98581e-11 0.00129679 0.00259418 0.523741 0.00284927 0.0332217 0.00110997 0.0146267 0.0326938 0.0714735 0.000535303 0.00809096 0.120254 0.0139927 3.80698e-11 
0.00292339 0.0018265 0.000572604 6.87667e-06 0.871476 0.00406323 0.0104302 0.00324483 0.000929263 0.00103432 0.00180986 3.75624e-08 0.00316286 0.00040304 0.00118181 4.30535e-08 0.000112819 0.000354434 0.0381878 0.000173592 0.00802342 0.000462214 0.00235778 0.0075805 0.000380353 0.000804943 0.00172435 0.019304 0.0174631 5.8905e-06 
6.93537e-06 1.99337e-06 0.000218824 1.12282e-05 0.0116282 0.0357227 0.207128 0.526922 2.8149e-05 0.0290204 0.0454418 2.71132e-09 0.0473402 0.000643336 0.00149825 4.7137e-09 4.98993e-05 0.000387474 2.0037e-05 0.000162621 1.61001e-05 1.87815e-05 0.00773716 0.00827979 0.00277308 0.00268929 0.00356851 0.0622226 0.00646195 6.28107e-08 
0.000149334 0.00226939 0.00211758 0.000374365 0.00473463 0.0306229 0.0387562 0.0864745 2.87595e-06 0.0583224 0.00175 1.57013e-10 0.00682002 1.58148e-10 0.145539 0.0008754 0.000751948 0.406842 0.00244579 2.87479e-10 2.50283e-08 0.143024 0.00473429 0.0177461 0.00375371 0.000399013 0.0140432 0.00913982 0.0183113 2.08431e-10 
0.000481691 0.00211872 0.000143602 4.61763e-06 0.00226411 0.0223908 0.00240134 0.0136418 0.00467769 9.79442e-05 0.0524462 7.38509e-07 0.000110323 0.00193656 0.000335337 1.59184e-05 3.74591e-05 0.00339165 0.00869921 4.40721e-05 0.585223 0.005821 0.00132618 0.179316 7.35031e-05 0.0168749 0.0468266 0.0418499 0.0074305 1.83703e-05 
0.00948226 0.00162855 0.00189084 0.00155791 0.0530406 0.137001 0.0232628 0.00597635 0.0760902 0.00180563 0.0557529 5.37776e-07 0.027033 0.000112651 0.00272221 0.000220195 0.00081877 0.00897113 0.0126593 8.97374e-05 0.0574769 0.00010114 0.0322114 0.0151186 0.00197435 0.0555729 0.0742099 0.174663 0.168554 1.06668e-06 
0.00249323 0.0213336 0.00677344 3.36067e-05 0.090022 0.0170958 0.515222 0.184344 0.00910979 0.00420482 0.0102077 5.67025e-10 0.0212457 6.17534e-05 0.0313657 1.25197e-07 1.1203e-06 0.000316496 0.0134135 0.00179014 0.014678 0.0264905 0.00428702 0.00532551 1.53327e-05 0.00319538 0.00102674 0.0117646 0.00418212 1.56462e-07 
0.000478321 0.000696886 0.000138124 2.60332e-06 0.000884262 0.111793 0.000704253 0.0253547 0.00071294 6.81478e-05 0.092559 5.35513e-08 0.150992 0.00123148 8.5258e-05 5.61702e-08 2.67158e-05 0.00422598 2.49314e-05 1.2928e-06 0.00358173 8.93393e-05 0.00266527 0.00179804 2.95497e-05 3.27829e-05 0.362951 0.129292 0.109578 2.57353e-06 
2.10413e-06 0.000474105 0.000387936 3.16667e-05 0.000589152 0.0757067 0.00623934 0.00937408 0.032209 3.24224e-05 0.0266749 1.00615e-08 0.117104 0.525092 0.00130892 1.74922e-08 2.36077e-05 6.756e-06 0.00138679 1.84219e-08 0.00439261 0.00818182 0.0300223 0.000378538 1.48116e-06 0.00112845 0.133946 0.00832867 0.0169768 1.33564e-08 
0.00133544 0.0024659 0.000754278 0.000539307 0.0126296 0.105343 0.0606696 0.0250819 6.02228e-05 0.0215 0.0217165 3.37537e-07 0.0955636 0.0541671 0.00706257 0.0028897 0.000647625 0.0450775 0.0452755 0.00215243 0.0171746 0.338241 0.00234318 0.011811 0.00235783 0.0701022 0.0109954 0.0360855 0.00595643 3.53861e-07 
0.00800878 0.0024715 0.00011479 0.000156675 0.0946367 0.0137776 0.0107348 0.0264633 0.000898658 0.000546586 0.0113393 3.11954e-10 0.0143082 0.000132236 0.00429623 5.28139e-07 0.000127139 0.00319726 0.187996 0.0858303 0.000468173 0.243677 0.00023481 0.16927 6.58819e-05 0.000295295 0.011038 0.0997785 0.0101364 3.77596e-07 
1.38645e-05 0.0379465 0.000193794 3.73607e-05 0.0290667 0.00673713 3.78786e-08 0.0387731 0.0816808 5.67461e-06 0.160177 3.94451e-11 0.010345 0.00415506 0.00474746 6.85764e-11 2.50229e-06 4.75641e-05 0.00382519 7.37231e-08 0.0147004 0.000345324 0.00833905 0.437928 3.60101e-08 2.59097e-05 0.107 0.0316696 0.0222142 2.29358e-05 
0.000371874 0.0077886 0.000473611 4.7224e-05 0.0164882 0.00227424 0.0278307 0.0807182 0.00185692 0.00120968 0.0129139 1.08585e-08 0.0258516 0.000170695 0.00464254 1.88778e-08 0.000108494 0.00175563 0.023341 0.00590602 0.000177095 0.750301 0.00399288 0.0131083 0.000514095 0.000930491 0.00199539 0.00599179 0.00912315 0.000116829 
2.96004e-05 0.00368949 0.00537702 2.39682e-05 0.0102233 0.0929691 0.0343529 0.00463074 0.0151157 0.000541886 0.00571223 4.8493e-12 0.000894158 7.21283e-07 0.000466724 0.0291777 1.33096e-06 0.000928598 0.0020643 8.87873e-12 0.0757377 4.91978e-07 0.0150181 0.000403317 0.00222592 0.239985 0.130465 0.311865 0.018093 6.53078e-06 
0.0197091 0.400056 0.00757806 2.67273e-05 0.0307638 0.000401921 0.264583 0.0153995 0.00678212 0.0341203 0.0145279 9.4745e-09 3.26003e-05 0.002635 9.7941e-05 3.50734e-08 1.88473e-06 0.00152577 0.0225911 7.72492e-08 0.0818352 2.73748e-07 0.024223 0.022435 2.14716e-05 0.00615534 0.036851 0.00361195 0.00403386 3.91504e-07 
0.00332353 0.00342587 0.000470309 0.00325498 0.00481511 0.0555517 0.131367 0.112881 0.00931124 0.000752916 0.00030061 3.97304e-07 0.000407912 1.19028e-05 0.196842 4.43198e-06 0.000285693 2.73432e-06 0.0255878 3.65905e-05 0.135628 1.39009e-05 0.113915 0.00285404 4.07278e-05 1.54797e-05 0.0202411 0.0097103 0.168946 1.73975e-06 
0.000124953 0.00189023 0.00477786 4.8512e-08 0.00508872 0.195139 0.00345895 0.00124716 0.000582918 0.000115281 0.676779 1.6573e-11 0.00866311 6.4703e-07 1.37465e-06 2.88127e-11 0.00122042 8.80084e-06 0.00523184 1.79226e-08 0.000334121 2.55971e-06 0.000627626 0.0346706 0.00197602 0.0040862 0.0229637 0.0296167 0.00139224 6.28976e-09 
6.48985e-07 0.113968 0.396826 4.79086e-09 0.0152571 0.00576031 0.155522 0.0106165 0.00837633 0.0591378 1.12112e-06 5.15085e-12 0.00305718 1.25039e-07 3.20293e-08 8.95491e-12 1.52078e-07 3.91919e-08 0.0194318 9.43086e-12 7.7741e-08 0.00074882 0.00174382 0.137733 0.0160767 0.00691584 0.0488264 7.45334e-08 1.04148e-07 8.212e-09 
1.91051e-05 8.896e-05 0.000105775 3.30718e-05 0.862071 0.00124705 0.000682316 0.00121433 0.00390717 9.72892e-06 0.00207416 3.50479e-13 9.80491e-05 4.18337e-09 3.45459e-05 6.09319e-13 4.95089e-13 0.000273967 0.0066277 5.96624e-09 0.00791371 8.2066e-05 0.00017931 0.0783622 5.23337e-05 0.00799888 0.00526246 0.0164333 0.0052272 1.27271e-06 
1.87133e-05 0.000500169 8.67686e-05 9.82832e-05 0.0436753 0.00207474 0.000719869 0.00119296 0.0107897 0.000194082 0.000382198 1.26984e-06 0.0010369 0.000175598 0.000156086 1.19449e-05 1.79378e-06 0.000711794 0.000637169 0.0296386 0.00179608 0.873032 0.000156966 0.0083216 0.0133123 0.00654497 0.00249612 0.00138828 0.000797148 5.08175e-05 
0.000701409 0.000761682 0.00109746 0.000109987 0.0621606 0.0863126 0.0150466 0.0695624 0.0490371 0.000794077 0.0124655 9.38571e-07 0.00626105 0.000149886 0.00118176 0.002601 0.00070432 0.00145217 0.00407647 4.25952e-05 0.0571358 0.0033082 0.00826671 0.450276 0.000291698 0.00132273 0.0345364 0.0757456 0.0327813 0.0218157 
0.000416854 0.000134603 0.000152556 3.28682e-05 0.0259692 0.00506883 0.000824928 0.00204372 0.0137533 2.40313e-08 0.00573711 5.59193e-09 0.00160133 8.86217e-06 0.000216722 1.64595e-08 1.61319e-05 0.000286517 0.00508679 4.96256e-06 0.0136265 4.22664e-05 0.00230745 0.683155 3.08284e-05 0.00111302 0.0106552 0.191922 0.035763 3.00479e-05 
4.99535e-05 0.000473719 0.00111364 3.65216e-05 0.00143513 5.18929e-07 0.000359893 0.00378623 2.9872e-08 0.000455179 3.88303e-08 9.67916e-11 0.00171193 8.63399e-08 0.000398383 1.68275e-10 1.14282e-07 8.83103e-05 0.000312042 0.000102052 0.000655386 0.975034 0.00998921 0.00167812 2.9422e-08 3.8415e-05 2.30611e-07 0.00187649 0.00038452 1.93802e-05 
0.00175789 0.0119792 0.0416116 0.000100417 0.12063 0.082275 0.0752409 0.0259902 0.00197575 0.000354827 0.00779362 1.44695e-06 0.011479 0.000726521 0.0140952 0.00011937 0.00111158 0.00629258 0.0342668 0.00486446 0.0206823 0.308659 0.0188107 0.020281 2.5415e-05 0.000386853 0.00532759 0.0276696 0.155454 3.70248e-05 
4.99535e-05 0.000473719 0.00111364 3.65216e-05 0.00143513 5.18929e-07 0.000359893 0.00378623 2.9872e-08 0.000455179 3.88303e-08 9.67916e-11 0.00171193 8.63399e-08 0.000398383 1.68275e-10 1.14282e-07 8.83103e-05 0.000312042 0.000102052 0.000655386 0.975034 0.00998921 0.00167812 2.9422e-08 3.8415e-05 2.30611e-07 0.00187649 0.00038452 1.93802e-05 
0.000128593 0.00374425 0.114095 0.000434216 0.0011412 0.00503335 0.0285679 0.00400958 8.3234e-05 0.000433802 0.00532958 4.51152e-11 4.22922e-06 0.00012077 0.120501 1.71095e-09 1.43334e-05 0.516543 0.000197917 3.17048e-08 0.00488386 0.000444674 0.000203168 0.000327461 0.00181344 0.180079 0.000189799 0.0104482 0.00122506 4.57069e-06 
0.00102866 9.42705e-05 5.12425e-05 6.02524e-06 0.484459 0.0151953 0.0169855 0.029855 9.31537e-07 0.00749199 0.000531492 1.8746e-08 0.0191051 1.24144e-07 0.000722887 1.20675e-07 1.73934e-06 0.002035 0.00602725 0.00155492 0.00039272 0.298137 0.000166789 0.0858381 6.05986e-05 7.68871e-05 0.0278948 0.000387227 0.00175592 0.000143826 
0.00135002 0.0116261 0.00368846 2.99571e-06 0.00461849 0.00423947 0.00421793 0.000704222 0.0308127 2.40241e-05 0.0835532 7.08895e-09 0.0051138 0.000161637 0.000259344 8.62539e-09 7.94514e-05 0.000407148 0.0697255 1.17404e-07 0.0215448 2.92662e-08 0.000129841 0.427069 4.6958e-05 0.00132483 0.0468998 0.269798 0.0126018 9.46381e-09 
9.01083e-08 0.0290068 0.00109026 1.18794e-05 0.00694417 0.0582179 0.00794753 0.00209531 0.0779489 0.00125021 0.000178223 8.95395e-09 0.0458743 0.0001227 0.01378 0.00166764 0.000840355 0.00134243 0.00647495 0.614412 0.000962967 0.00486128 0.0287598 0.00591593 0.00442495 1.37148e-05 0.0020634 0.0150798 0.0687084 4.10331e-06 
0.765404 0.0133688 0.0133236 4.34648e-05 0.00566411 0.012774 0.025904 0.0215545 5.09642e-05 0.0107843 0.00682736 1.2684e-11 0.0660598 0.000406304 0.00232163 2.356e-07 2.43917e-05 0.00504143 0.00814119 0.000152258 2.53999e-08 0.00330876 0.000517982 0.0127153 0.000345652 1.59466e-05 0.0082374 0.0105228 0.00648964 1.99537e-09 
0.0148125 0.0529898 0.0074406 4.39537e-07 0.0334768 0.0155688 0.203601 0.0239745 4.04723e-06 0.00814433 0.0115797 1.68543e-09 0.0743183 0.00177645 0.00162178 2.93017e-09 9.75003e-07 4.01685e-06 0.398944 6.79636e-05 5.04321e-06 8.33047e-06 0.00244122 0.0130788 0.104786 4.94827e-05 0.0263289 0.00497147 3.2331e-06 1.27704e-06 
0.0187735 0.0156085 0.100861 7.72393e-07 0.00649949 0.0377889 0.718929 0.00195663 0.0022889 0.0045256 2.19193e-05 2.07754e-07 0.016546 1.2177e-05 0.000924092 3.61186e-07 4.03432e-06 9.02838e-05 0.0331412 5.37325e-06 0.00893476 0.00693526 0.0012762 0.00133003 0.000401226 1.43932e-05 0.00127844 0.0202319 0.00161841 7.11326e-07 
0.000920326 0.00434092 0.00105821 0.00048552 0.0202718 0.00562265 0.00417818 0.244532 0.000362734 0.00239567 0.0235782 7.47888e-10 0.223215 1.68421e-06 0.00200956 1.30023e-09 0.000379082 0.000301597 4.85947e-07 0.0105649 0.0682115 0.00314896 0.00292938 0.0930633 1.11185e-07 0.000474085 0.059977 0.0985485 0.128431 0.000997223 
0.00645974 0.0351231 0.0233865 5.52963e-05 0.042431 0.00258229 0.116138 0.0306662 0.0616048 0.00240715 0.039766 1.82931e-07 0.000329908 1.03292e-06 0.00429273 1.56498e-05 1.909e-05 0.00152481 0.0982148 4.83064e-06 0.101596 0.000354185 0.0315124 0.188744 1.56865e-05 0.057149 0.0240795 0.123062 0.00846145 3.19775e-06 
4.55361e-07 1.84272e-06 1.76212e-06 0.00416018 3.79727e-06 3.60178e-06 4.73151e-06 0.00358512 5.56879e-07 2.92562e-06 1.26089e-06 1.80893e-11 2.74073e-07 2.33235e-07 4.9473e-07 3.17633e-09 3.75654e-07 0.0472473 1.67003e-06 3.31202e-11 0.000191757 0.000162198 1.45354e-07 0.001239 1.06932e-05 0.943375 1.24286e-06 2.14005e-06 8.52417e-07 6.24581e-08 
0.024635 0.0158443 0.0327758 7.90093e-08 0.000347375 0.111659 0.0602509 0.00461245 0.00298666 0.00631938 0.0306264 2.35828e-10 0.535564 3.1298e-08 0.0134694 4.27443e-06 0.000209699 0.000774647 0.00128216 0.0002666 0.00158627 0.00281491 0.00162643 0.00294616 0.000112493 0.00306557 0.00955556 0.125569 0.0109805 0.000114373 
0.00395632 0.00177148 0.00139522 0.000937296 0.268047 0.0429544 0.00975487 0.223032 0.0587313 0.000905285 0.0156742 1.06188e-06 0.00735456 0.00983799 0.00178081 1.12776e-06 0.00161025 0.0014074 0.0825391 0.000320301 0.0682298 0.00165459 0.00308651 0.0532289 0.000338751 0.0245561 0.0133917 0.0428769 0.0606173 6.83824e-06 
4.99535e-05 0.000473719 0.00111364 3.65216e-05 0.00143513 5.18929e-07 0.000359893 0.00378623 2.9872e-08 0.000455179 3.88303e-08 9.67916e-11 0.00171193 8.63399e-08 0.000398383 1.68275e-10 1.14282e-07 8.83103e-05 0.000312042 0.000102052 0.000655386 0.975034 0.00998921 0.00167812 2.9422e-08 3.8415e-05 2.30611e-07 0.00187649 0.00038452 1.93802e-05 
0.0242044 0.00653459 0.000804971 7.38076e-05 0.0271266 0.00376318 0.0172421 0.0264864 0.0164041 0.000309528 0.00506415 5.88309e-07 0.000333196 9.34375e-05 0.000846693 0.000103283 3.75887e-06 5.15024e-05 0.0249329 7.31245e-07 0.197214 0.000260382 0.000716844 0.0395162 0.000396912 0.0277597 0.555191 0.00682394 0.0177386 2.63355e-06 
0.00864178 0.00646455 0.000958186 6.62273e-05 0.0120249 0.00546252 0.0206403 0.0106548 0.00446591 0.000430452 0.0115562 8.62752e-07 0.00206458 0.00110691 0.00546261 5.28696e-06 9.38731e-07 0.000173513 0.0645687 0.000227058 0.120889 0.000361418 0.000664805 0.168283 1.44796e-05 0.200151 0.0167986 0.29368 0.0441801 1.5006e-06 
8.31546e-05 0.00155784 0.000289135 0.481861 0.145308 0.0113972 0.00431251 0.0230772 0.0204511 0.00027257 0.0136203 9.95855e-07 0.00242707 4.02336e-05 0.00118331 5.48274e-05 0.000112788 0.0188302 0.0266863 0.000612792 0.046284 6.56726e-05 0.0030389 0.0848918 9.58712e-05 0.00723813 0.0168294 0.070923 0.0180137 0.000441066 
0.000219834 0.00934719 0.00199903 1.46137e-05 0.135923 0.0398407 0.00628589 0.10751 1.43345e-06 0.000661451 0.0135356 6.27374e-12 0.0370441 0.00223266 0.000416952 1.09071e-11 2.16249e-07 0.00610413 0.00740386 1.76908e-07 0.00631714 0.0395942 7.10757e-07 0.386755 8.64215e-08 0.0148474 0.0221951 0.155053 0.00669645 1.2743e-07 
0.182401 0.397282 0.0815431 4.58849e-08 7.15103e-05 1.5963e-07 0.199399 0.0332291 0.000112622 0.046583 8.79693e-06 7.77152e-10 6.30787e-06 2.40296e-07 5.91474e-05 1.3511e-09 0.0464389 5.17338e-07 0.00331742 2.13903e-07 0.000964761 1.36544e-05 0.000142325 1.66106e-05 4.90582e-05 0.00480793 0.00317834 1.46658e-05 0.000359254 4.71341e-07 
0.00313552 0.000181749 0.0109878 0.00014372 0.0295903 0.125022 0.0251534 0.0066693 0.00661797 0.00220325 0.0197102 2.2847e-07 0.437759 0.000102282 0.00432691 1.24684e-05 0.00299596 0.00107951 0.00681424 0.00844727 0.0255442 0.0205975 0.0176528 0.0118424 8.37046e-05 0.000618604 0.0685319 0.0102485 0.153927 2.51997e-07 
0.126207 0.757221 0.0039648 1.75942e-05 0.00970872 7.9067e-05 0.0578231 0.00566149 0.000497306 0.000276778 0.00125363 5.8798e-09 3.9776e-08 1.90742e-05 0.00145915 1.95721e-08 3.74952e-07 0.000724748 0.0015099 9.65379e-06 0.0233835 4.57251e-05 0.00331696 0.00210233 1.92472e-06 0.00236367 0.00123281 5.09674e-05 0.00106858 9.74661e-09 
0.000328531 0.0030288 0.948576 5.05044e-06 2.99607e-06 0.00014648 0.00303329 0.00247585 0.000710815 0.00594343 0.0130464 1.13755e-10 4.61167e-06 0.000117771 2.25402e-08 1.97766e-10 6.44007e-09 0.00037356 0.0069893 5.49733e-06 0.000214196 0.000423378 0.00516735 0.00438054 8.45855e-05 0.0020506 0.00124556 0.0010243 0.000620694 1.51007e-10 
0.00138476 0.0405161 0.0155427 1.02265e-06 0.017168 0.00591832 0.167074 0.0395994 0.0117825 0.000440336 0.000891318 1.37879e-10 0.000789586 1.26837e-06 0.00210999 5.99444e-05 1.08886e-05 1.04466e-08 0.199644 0.0002507 0.195932 0.000840015 0.222994 0.002609 0.000191531 9.28556e-06 0.00191557 0.00962298 0.0627004 1.83031e-10 
0.00213135 0.00384114 0.000762302 0.00303548 0.0317696 0.00185253 0.00190496 0.0212871 0.00256708 7.1133e-05 0.0362396 6.79343e-06 0.000122869 0.000170626 6.95362e-05 7.66706e-05 0.000170988 0.0109776 0.0300111 0.000104177 0.0805903 0.0014687 0.000207402 0.582833 7.52788e-05 0.14101 0.0101415 0.0334725 0.00299368 3.53758e-05 
0.000625559 0.0196348 0.0024383 8.79165e-06 0.00768174 0.0057584 0.890829 0.000965229 0.0013596 0.00152339 4.29689e-05 3.43351e-11 0.00368085 1.131e-07 0.00253287 9.7435e-06 4.8502e-11 2.07093e-05 0.00477939 9.25113e-08 0.00914385 0.000167591 0.010443 0.0227766 1.36379e-08 0.0016783 0.00736284 0.000742397 0.00579326 5.87292e-09 
2.34319e-06 4.08958e-06 9.19617e-05 2.80575e-07 1.17072e-05 0.0143826 0.00432262 0.000247405 0.163408 8.33287e-05 0.000495485 5.46255e-10 0.00145983 0.000225449 0.000825773 2.46343e-07 0.000369833 1.30283e-07 0.00207979 0.00106827 0.00490941 0.198621 1.76839e-06 0.412282 7.83061e-05 1.24645e-06 0.0303633 0.0526915 0.111972 1.19289e-07 
0.00794518 0.00950424 0.00330835 0.000332429 0.0528951 0.0133505 0.0454415 0.00839808 0.00296955 0.00247623 0.0268549 4.72957e-13 0.000923101 0.00040047 0.000595375 3.49801e-09 0.000132435 0.00141671 0.0240849 5.63384e-11 0.0142632 1.54297e-09 3.5928e-05 0.0382624 0.00300968 0.620219 0.096415 0.0239116 0.00285034 4.05274e-06 
0.000693525 0.0217856 0.00161902 6.04299e-06 0.0332554 0.0204843 0.0558681 0.11944 0.0103279 0.00371452 0.018697 2.42686e-06 0.0177696 0.00698488 0.010953 0.0616478 0.000284448 0.00015052 0.0275677 0.000687704 0.0220487 0.0110391 0.0188547 0.288918 0.000250222 0.000349136 0.0357353 0.173384 0.037459 2.26341e-05 
0.0126714 0.00550039 0.055134 3.55241e-08 0.00190578 0.000571824 0.715482 0.00227969 0.00249554 0.157752 0.00725944 2.52552e-10 0.000164389 7.43114e-07 0.0186281 4.39069e-10 2.74345e-07 0.00118618 0.000576512 6.09876e-07 0.010491 0.000704392 0.000399442 0.00225533 0.00175237 3.34744e-05 0.000702971 3.97458e-06 0.00204758 2.25863e-08 
0.000984611 0.0229969 0.000622065 0.000527439 0.0110837 0.24225 0.0913522 0.0364861 0.0272967 0.000227917 0.164379 1.58813e-05 0.0278128 0.00588149 0.004073 2.86836e-05 0.000623251 0.00238241 0.0118445 0.000203597 0.0126856 0.0131689 0.0156514 0.019793 4.60228e-05 0.00181179 0.0741845 0.0446054 0.166694 0.000286986 
1.3382e-06 0.0254876 0.00131901 1.08971e-06 0.00164177 0.0172518 0.00567485 0.00465294 4.71483e-05 0.00044522 0.0215079 3.55443e-09 0.0318319 0.00823884 0.0158712 6.17948e-09 8.43267e-06 1.15974e-06 0.012333 2.06087e-07 0.0129743 4.16787e-05 0.0493176 0.00168457 5.2919e-08 8.96145e-08 0.0065873 0.200837 0.582242 4.71842e-09 
0.0191836 0.0080147 0.0152618 5.12696e-05 0.0271657 0.00194741 0.394407 0.0307585 0.0154033 0.00330364 0.000507561 9.56452e-09 5.16787e-06 1.91864e-06 0.000327035 1.66282e-08 7.47187e-05 0.000290127 0.0650905 1.7512e-08 0.0215218 0.0362247 2.2675e-05 0.0121219 0.000117724 0.228308 0.0380129 0.0295649 0.0523112 1.26967e-08 
4.99535e-05 0.000473719 0.00111364 3.65216e-05 0.00143513 5.18929e-07 0.000359893 0.00378623 2.9872e-08 0.000455179 3.88303e-08 9.67916e-11 0.00171193 8.63399e-08 0.000398383 1.68275e-10 1.14282e-07 8.83103e-05 0.000312042 0.000102052 0.000655386 0.975034 0.00998921 0.00167812 2.9422e-08 3.8415e-05 2.30611e-07 0.00187649 0.00038452 1.93802e-05 
0.000674765 0.00167239 0.000858242 2.79154e-05 0.00059809 0.601817 0.0027136 0.00244198 0.00125724 7.72537e-05 0.0186841 3.32406e-07 0.0818439 4.67145e-05 0.0344847 5.77897e-07 9.44945e-06 0.000522162 0.00110133 0.00108637 0.0443126 0.000146431 0.00372271 0.0176206 3.09177e-05 0.000595787 0.0420606 0.0625212 0.0790698 1.04364e-06 
0.000128593 0.00374425 0.114095 0.000434216 0.0011412 0.00503335 0.0285679 0.00400958 8.3234e-05 0.000433802 0.00532958 4.51152e-11 4.22922e-06 0.00012077 0.120501 1.71095e-09 1.43334e-05 0.516543 0.000197917 3.17048e-08 0.00488386 0.000444674 0.000203168 0.000327461 0.00181344 0.180079 0.000189799 0.0104482 0.00122506 4.57069e-06 
0.00109311 0.00075168 8.47315e-05 5.9807e-06 0.051047 0.000997847 0.0021942 0.0294569 0.00240861 0.000516104 0.00967042 2.8908e-08 0.00365325 3.53347e-05 0.000410491 2.94591e-06 2.26375e-05 0.000166945 0.646342 0.000166158 0.00625116 0.00396295 0.00185677 0.00217285 3.85485e-06 3.13336e-05 0.00407928 0.134606 0.0980103 3.83747e-08 
3.16389e-05 0.00160975 0.00192396 7.61268e-05 0.000235687 0.000142019 0.0930828 0.115331 1.69785e-05 0.000383996 0.000121306 2.93599e-08 0.000361682 9.04911e-07 0.00143215 9.91684e-07 4.14739e-08 0.00010379 0.00541169 0.00300031 7.67628e-06 0.763598 4.17768e-06 0.00905031 0.00219596 2.27443e-05 3.7588e-06 0.00023767 0.00158241 2.98394e-05 
0.0095553 0.320817 0.000391513 1.56181e-06 0.000607835 0.127944 0.0092743 0.0385222 0.0237504 0.0110329 0.0494568 3.92233e-07 0.000578509 0.0262492 0.00858704 6.81908e-07 0.010022 2.22364e-05 0.00910573 0.000558449 0.00117183 0.0015741 1.06479e-05 0.0135694 7.8458e-05 1.6379e-05 0.00749115 0.021205 0.308393 1.2249e-05 
7.36773e-05 0.00023131 0.000293813 5.82638e-07 0.0182146 0.00249284 0.000262478 0.00239843 0.0304251 0.000145967 0.00214786 1.30176e-08 4.23215e-05 0.000147569 2.18447e-05 8.99001e-07 2.68983e-06 0.000861287 0.00438913 1.52412e-06 0.35022 1.5078e-07 2.63484e-05 0.492891 0.00131149 0.00359389 0.0831101 0.00620161 0.000490576 5.91563e-07 
0.000124096 0.00319818 0.00590338 0.00207017 0.0811245 0.0280943 0.0529907 0.128047 7.30612e-06 1.37106e-05 0.00257882 3.38921e-10 0.00135761 8.69397e-06 0.000582406 6.70498e-08 3.42181e-05 0.0824863 0.0165301 0.00741234 0.158908 0.262446 0.014523 0.0840022 0.000742634 0.00178444 0.0461239 0.0127873 0.00611618 1.39857e-06 
0.000324333 0.00484951 0.00115615 7.61686e-05 0.00692481 0.150655 0.0748218 0.0101289 0.000760962 0.000431867 0.00178444 4.53606e-10 0.00281885 0.000102996 0.47313 7.88608e-10 1.46892e-06 0.00587344 0.00102321 8.30522e-10 0.00966839 4.41079e-05 0.000414882 0.00878681 0.0011537 0.0543641 0.0690221 0.043009 0.0786624 1.05164e-05 
9.43196e-06 0.00941699 0.00359016 1.36517e-07 0.00749206 0.218204 0.0013169 0.0135392 0.114482 0.000246618 0.0297284 1.40913e-08 0.00662464 0.00136716 5.24587e-05 1.12826e-07 0.00147593 0.00952795 0.00254562 8.83556e-07 0.104588 5.43201e-05 0.0131661 0.00131793 1.98582e-05 0.113446 0.162637 0.0584423 0.126256 0.000451274 
0.0191828 0.0079735 0.000494064 3.78237e-07 0.0357923 0.00834288 0.0246357 0.390036 2.23171e-07 0.0102345 0.00503311 7.81879e-10 0.0175569 0.000545758 2.28065e-06 1.35932e-09 0.000754911 0.000105157 0.0251167 0.000804486 0.0020369 0.00417661 0.012188 0.0183076 3.27797e-05 0.000764076 0.0909715 0.025701 0.299128 8.1278e-05 
0.0321661 0.00247723 0.225718 2.17457e-05 0.00122405 1.87643e-07 0.0503586 0.655748 7.57904e-09 0.0221865 0.00330724 2.99241e-12 2.94019e-07 3.01405e-12 0.00066301 5.20238e-12 4.25872e-09 0.000120752 6.89772e-05 4.80005e-05 2.23163e-08 0.000376594 0.000106785 0.000208884 0.000866481 1.9714e-08 0.00178748 0.00254525 4.00016e-08 1.65025e-09 
0.0024696 0.00996612 0.000152926 1.87286e-05 0.000654785 0.0106648 0.0358178 0.808911 6.2216e-08 0.00732008 0.00535092 1.5125e-09 0.0456451 0.000606906 0.011732 2.62952e-09 2.50421e-07 9.62848e-07 0.00010815 0.000615859 7.91375e-07 0.0136572 0.000110376 0.00148288 0.00426598 2.77793e-08 0.000457009 0.0246808 0.015309 2.00781e-09 
0.00751406 0.0013559 0.000472691 0.000138837 0.00333386 0.109293 0.0575958 0.0071959 0.00979194 0.0029986 0.0879107 1.75397e-11 0.354389 2.88893e-08 0.00251807 3.04933e-11 0.000410885 0.000308224 0.00205257 0.00490094 0.0104815 0.0950391 0.00463081 0.00597074 0.00667409 0.000710668 0.00105184 0.12151 0.101748 1.85848e-06 
0.0687164 0.105313 0.0183313 3.37212e-05 0.0102226 0.0010311 0.184272 3.15352e-06 0.00132917 5.69594e-07 0.000161721 6.69118e-08 0.000146572 3.91828e-07 0.018465 0.000178777 0.0574195 2.71048e-07 0.00409668 9.45594e-07 0.0817976 0.00209726 0.00275436 0.00212152 0.00129927 1.37074e-05 0.40571 0.0328077 0.00167547 1.09745e-07 
0.000951475 0.00413771 3.77431e-05 1.05283e-08 0.0146636 0.0515355 0.00177389 0.597628 3.24798e-09 0.000969951 0.00565278 1.43497e-11 0.0101083 0.000271253 0.00272095 0.000969593 6.72301e-05 0.00121286 0.00713625 0.000906758 0.0624717 0.00382488 0.000553274 0.0235852 5.55892e-05 3.10441e-08 0.0086795 0.140334 0.0597445 7.36721e-06 
0.225122 0.018797 0.047326 3.03636e-06 0.0682962 0.000286834 0.0658443 0.0257542 0.0400139 0.00578473 0.000117472 3.00878e-07 0.000264717 2.81739e-05 0.015002 5.23086e-07 0.00164905 1.29004e-05 0.353717 4.9214e-05 0.0165203 0.0151111 0.0145703 0.0445019 8.18906e-05 0.000267422 0.0280149 0.000869138 0.011994 3.99409e-07 
4.99535e-05 0.000473719 0.00111364 3.65216e-05 0.00143513 5.18929e-07 0.000359893 0.00378623 2.9872e-08 0.000455179 3.88303e-08 9.67916e-11 0.00171193 8.63399e-08 0.000398383 1.68275e-10 1.14282e-07 8.83103e-05 0.000312042 0.000102052 0.000655386 0.975034 0.00998921 0.00167812 2.9422e-08 3.8415e-05 2.30611e-07 0.00187649 0.00038452 1.93802e-05 
2.57566e-06 0.000228356 2.95028e-08 3.36237e-08 0.000107705 0.0191503 0.00204464 0.00615137 0.000142201 4.49147e-06 0.0683069 5.82244e-11 0.850026 8.85442e-05 0.0166874 1.01225e-10 0.00016023 2.04394e-05 5.44117e-05 0.00182045 0.000583364 0.00769923 0.00103734 0.000895518 6.57055e-06 0.000546932 0.0013202 0.0208841 0.00203034 6.60042e-08 
