0.0174466 0.00537498 0.00795097 1.63457e-05 0.0322218 0.0120352 0.105237 0.0150188 3.73524e-05 0.00728908 0.0206913 1.29749e-07 0.00534566 0.011019 0.00363489 3.40427e-07 0.000217724 0.00250211 0.313012 0.00127225 0.021252 0.00856469 0.000871312 0.0290558 0.00876742 0.000618548 0.00231956 0.315095 0.0531316 4.62465e-07 
0.00230424 0.00197106 0.00249684 6.6199e-05 0.112848 0.000388523 0.000993339 0.000561184 0.0079696 3.09226e-08 0.000646213 3.49693e-12 0.140564 0.00830714 0.000615336 6.07951e-12 4.93978e-12 0.000254641 0.000997634 4.27219e-08 0.00581933 5.27343e-05 0.000166243 0.423659 0.000413908 0.00121018 0.196634 0.0744386 0.0166225 2.89304e-09 
0.0166169 0.04404 0.00091373 0.00037735 0.00456708 0.116563 0.0779708 0.083125 0.0249066 0.0164311 0.0236027 9.66959e-08 0.0796855 0.0012251 0.024358 4.54976e-06 2.67626e-07 0.00498503 0.109057 0.000272255 0.0574326 0.0429535 0.00641099 0.0529194 0.0024497 0.0093763 0.0647981 0.0543865 0.080554 1.68372e-05 
0.0376788 0.0024985 0.000102812 0.000227738 0.00292674 0.140841 0.0192092 0.0371895 0.00419369 0.0189936 0.0409953 6.82411e-08 0.307895 0.0130912 0.0190839 1.25271e-05 1.48726e-05 0.00216442 0.00304188 0.00245589 0.000221964 0.012738 0.00390723 0.0141561 0.0664345 0.000677991 0.038892 0.0423565 0.167996 4.09771e-06 
2.19895e-05 8.06587e-05 0.000117162 1.06614e-05 0.959416 0.000764687 0.000780688 0.000622631 0.000986101 1.94556e-05 0.00151895 3.63318e-13 2.49918e-05 3.65946e-13 6.03858e-09 6.31639e-13 5.13226e-13 0.000119237 0.00575389 6.65211e-13 0.00514567 1.44617e-05 0.000235156 0.0103554 1.82052e-05 0.00221344 0.0024387 0.00575485 0.00358609 1.18518e-06 
1.54638e-06 2.0406e-06 1.661e-06 4.76402e-05 0.000338059 0.0143623 2.02113e-05 7.03528e-06 0.0169945 1.67705e-06 0.773214 4.23697e-07 0.15132 1.22894e-06 5.44506e-06 7.36609e-07 0.000293531 1.4642e-06 1.07733e-05 4.05858e-06 0.0075851 0.00643033 0.000257035 0.00281925 3.32065e-06 0.000465043 0.0010863 0.0199977 0.00472617 5.62447e-07 
4.2633e-05 0.00525884 0.000649881 6.97938e-05 0.00322426 0.0199354 0.0189727 0.0547358 0.00150198 0.000325725 0.00372537 7.19368e-12 0.00123416 0.000537263 0.0204137 1.25064e-11 7.53171e-10 0.00167982 0.0437571 0.000891827 0.16273 0.000918539 0.000709709 0.401949 4.64042e-08 0.0401318 0.00531489 0.171025 0.0402649 2.02298e-08 
0.00668869 0.00240301 0.000347988 9.59504e-05 0.00587119 0.0327125 0.208252 0.00437547 0.00226512 0.000882566 0.0135271 2.54597e-07 0.00134685 1.83897e-06 0.00151233 1.52866e-06 3.18297e-07 0.469336 0.165093 0.0108001 0.00020667 0.0594608 0.00215509 0.00214315 0.00188384 0.000612711 0.000161459 0.00368345 0.00416645 1.3257e-05 
0.0142343 0.0069944 0.00263705 0.000691934 0.0197748 0.640421 0.0444204 0.00889983 0.0321643 0.00858426 0.0471653 5.59004e-05 0.010477 0.00114545 0.00294379 0.0159092 0.00286576 0.00398892 0.0135538 0.000324972 0.0140413 0.00412913 0.0046056 0.022788 0.000424274 0.00463675 0.00623669 0.0285664 0.0338686 0.00345069 
0.000891267 0.0694843 0.0138069 7.35141e-06 0.0026442 0.136628 0.14658 0.141414 0.00402669 6.04828e-05 0.00334243 9.20847e-09 0.0287614 0.000454547 0.138723 1.60092e-08 1.0561e-06 0.000739844 0.00883403 0.0436033 0.00652778 0.09934 0.00777392 0.0254565 0.0200818 0.017403 0.0357454 0.0206428 0.0270266 3.90928e-07 
0.00135002 0.0116261 0.00368846 2.99571e-06 0.00461849 0.00423947 0.00421793 0.000704222 0.0308127 2.40241e-05 0.0835532 7.08895e-09 0.0051138 0.000161637 0.000259344 8.62539e-09 7.94514e-05 0.000407148 0.0697255 1.17404e-07 0.0215448 2.92662e-08 0.000129841 0.427069 4.6958e-05 0.00132483 0.0468998 0.269798 0.0126018 9.46381e-09 
0.00267605 0.0150823 0.000643525 0.00268859 0.00947241 0.0660011 0.00280998 0.0255949 0.0637347 0.000742835 0.160089 6.99316e-07 0.0115223 0.362623 0.00517037 1.90866e-05 0.00018294 0.000416045 0.0100152 2.51546e-05 0.01398 0.00103952 0.0332311 0.0223309 3.27189e-05 0.00494355 0.130881 0.0250198 0.0290291 3.2051e-06 
0.000149334 0.00226939 0.00211758 0.000374365 0.00473463 0.0306229 0.0387562 0.0864745 2.87595e-06 0.0583224 0.00175 1.57013e-10 0.00682002 1.58148e-10 0.145539 0.0008754 0.000751948 0.406842 0.00244579 2.87479e-10 2.50283e-08 0.143024 0.00473429 0.0177461 0.00375371 0.000399013 0.0140432 0.00913982 0.0183113 2.08431e-10 
0.00637191 0.00105684 0.00102336 0.000192341 0.0137427 0.0432792 0.00658829 0.295099 0.00177136 0.000831493 0.266351 2.91756e-06 0.00763972 0.012154 9.64598e-05 0.000567366 0.00613949 0.0266663 0.0183396 4.54956e-05 0.000116471 0.0476075 0.00316452 0.0269255 0.143452 0.0316712 0.00768676 0.0157087 0.0156943 1.34327e-05 
7.02091e-07 0.0310892 3.22845e-06 3.61321e-06 0.0647191 0.00356836 0.00642176 0.0101072 6.78157e-05 0.0128281 0.00573628 1.51802e-07 1.36742e-05 6.50872e-06 0.0149181 2.63913e-07 2.14437e-07 0.00787606 2.32601e-05 0.000412855 0.00127661 0.546449 0.0159195 0.146382 8.05739e-06 0.025943 0.000357165 0.0338219 0.0720449 8.14437e-07 
0.000651007 0.000596167 1.08723e-08 7.61854e-06 0.00418314 0.00516658 0.00092987 0.00225494 0.0140565 5.23783e-05 0.482243 1.3988e-12 0.0828063 7.34102e-08 0.000256172 1.39221e-10 2.53124e-05 2.95689e-05 0.00968328 7.76503e-09 0.000670528 0.000134781 0.0014381 0.0351946 4.20885e-05 0.00112242 0.00814015 0.341036 0.00927882 6.36881e-07 
0.000496279 0.00127487 0.000603955 0.00653424 0.000630489 0.0903517 0.0129652 0.0142692 0.00621879 0.00161374 0.062298 4.79405e-07 0.485733 0.00280663 0.00186592 7.98426e-07 2.40454e-05 0.000371989 0.0157012 0.000713326 0.0461881 0.00162171 0.000718127 0.111912 1.15446e-05 0.0020383 0.0228775 0.0616074 0.0485366 1.48684e-05 
7.36773e-05 0.00023131 0.000293813 5.82638e-07 0.0182146 0.00249284 0.000262478 0.00239843 0.0304251 0.000145967 0.00214786 1.30176e-08 4.23215e-05 0.000147569 2.18447e-05 8.99001e-07 2.68983e-06 0.000861287 0.00438913 1.52412e-06 0.35022 1.5078e-07 2.63484e-05 0.492891 0.00131149 0.00359389 0.0831101 0.00620161 0.000490576 5.91563e-07 
0.00241579 0.00588357 0.00571463 0.00222633 0.0378618 0.134363 0.0266837 0.0421592 0.0373507 0.00128004 0.108213 0.000179113 0.0191154 0.00314386 0.00904713 0.00168274 0.00189589 0.00389856 0.0542627 0.000333107 0.0684445 0.00201476 0.0141372 0.0462459 0.00121909 0.0852399 0.0643389 0.0994823 0.120784 0.000383357 
0.000558133 0.00755149 0.00373656 0.000275509 0.0553221 0.0397448 0.015174 0.00601564 0.0152403 0.000144731 0.0482624 1.39344e-06 0.00783876 0.000281996 0.00220894 0.000215423 1.27733e-05 0.000597971 0.0145828 7.5303e-05 0.092865 0.000268167 0.00266126 0.362507 0.000259152 0.0370767 0.148565 0.0879823 0.0499699 4.66851e-06 
0.000939894 0.000161977 0.000215396 1.56245e-05 0.0173997 0.0035491 0.000905694 0.00329905 0.0213394 7.11677e-06 0.0466849 2.16843e-07 0.00148435 6.13636e-05 0.00014543 3.01517e-07 2.63521e-05 0.000158174 0.0119814 2.79748e-06 0.0142497 0.000233298 0.00139569 0.479667 2.25392e-05 0.00071532 0.00788605 0.350067 0.0373673 1.82827e-05 
0.00511854 0.00421117 6.7173e-05 0.00384215 0.00896069 0.202012 0.0252275 0.00995866 0.00650444 0.00181347 0.0201391 5.56989e-08 0.0632322 0.0002471 0.0127652 1.20497e-05 0.000210615 0.000574284 0.00677395 0.153498 0.0132074 0.023322 0.00519125 0.0952246 1.02983e-07 0.00189356 0.0177114 0.0650984 0.253182 1.48957e-06 
9.26075e-07 0.00829835 0.000234901 4.00972e-07 0.000291449 0.029378 0.00187487 0.00271331 0.0114014 0.0016302 0.0858927 3.63918e-10 0.023356 1.33845e-06 0.000470923 6.32682e-10 0.57031 0.000107714 0.000333409 1.66624e-05 0.00307347 0.155069 0.0153725 0.00339058 0.000198755 0.00640795 0.040281 0.0261244 0.0137032 6.62557e-05 
0.0450523 0.00833458 0.00473565 0.000315642 0.00394205 0.433207 0.0657283 0.0380448 9.58617e-05 0.00621881 0.0125221 1.39324e-05 0.0108689 0.0303408 0.00315001 0.0201008 0.000320572 0.00702113 0.00600245 0.000147764 0.0175839 0.00167431 0.00214235 0.0117351 0.00415493 0.114356 0.00787284 0.120987 0.023307 2.40286e-05 
0.0172988 0.00467479 0.000578161 5.34255e-05 0.0193918 0.0026916 0.0123205 0.018931 0.0117295 0.000224129 0.00362106 6.04282e-07 0.00023979 6.82668e-05 0.00060754 8.55487e-05 3.00523e-06 3.74687e-05 0.0178197 1.09225e-06 0.140893 0.000188697 0.000515814 0.0282361 0.000286813 0.0198541 0.682089 0.00487818 0.0126778 2.17049e-06 
0.000328531 0.0030288 0.948576 5.05044e-06 2.99607e-06 0.00014648 0.00303329 0.00247585 0.000710815 0.00594343 0.0130464 1.13755e-10 4.61167e-06 0.000117771 2.25402e-08 1.97766e-10 6.44007e-09 0.00037356 0.0069893 5.49733e-06 0.000214196 0.000423378 0.00516735 0.00438054 8.45855e-05 0.0020506 0.00124556 0.0010243 0.000620694 1.51007e-10 
0.000128593 0.00374425 0.114095 0.000434216 0.0011412 0.00503335 0.0285679 0.00400958 8.3234e-05 0.000433802 0.00532958 4.51152e-11 4.22922e-06 0.00012077 0.120501 1.71095e-09 1.43334e-05 0.516543 0.000197917 3.17048e-08 0.00488386 0.000444674 0.000203168 0.000327461 0.00181344 0.180079 0.000189799 0.0104482 0.00122506 4.57069e-06 
0.00820095 0.0330576 0.00644633 0.00124285 0.0510701 0.0935733 0.10956 0.00658606 0.00144686 0.00387392 0.0248671 3.08697e-06 0.225196 0.0323793 0.0452697 8.26553e-06 8.33087e-05 0.107643 0.0547286 0.00023392 0.00279183 0.018167 0.027224 0.0585071 0.000559186 0.00373341 0.0616735 0.0155464 0.0062805 4.59595e-05 
0.000762966 0.0044774 0.0798047 2.72652e-05 0.00668405 0.188229 0.272716 0.0513091 0.0227447 0.010772 0.0474787 8.93127e-10 0.0363369 2.39918e-05 0.000399713 1.55273e-09 0.000267067 0.000821387 0.000731431 0.000154293 0.0765391 3.74708e-06 0.0452107 0.0277795 0.00899954 0.0160219 0.0217731 0.048285 0.0316449 1.58864e-06 
0.0187531 0.0114255 0.00622734 0.0102017 0.101565 0.0614454 0.0214112 0.0634077 0.0013259 0.00628879 0.0291627 2.3243e-06 0.00916676 0.000305426 0.00709298 0.0010034 4.59723e-05 0.00633837 0.0759139 0.00049088 0.15207 0.00517203 0.0142606 0.0507699 0.00127461 0.0320571 0.0202507 0.165807 0.126759 4.473e-06 
4.55361e-07 1.84272e-06 1.76212e-06 0.00416018 3.79727e-06 3.60178e-06 4.73151e-06 0.00358512 5.56879e-07 2.92562e-06 1.26089e-06 1.80893e-11 2.74073e-07 2.33235e-07 4.9473e-07 3.17633e-09 3.75654e-07 0.0472473 1.67003e-06 3.31202e-11 0.000191757 0.000162198 1.45354e-07 0.001239 1.06932e-05 0.943375 1.24286e-06 2.14005e-06 8.52417e-07 6.24581e-08 
6.93537e-06 1.99337e-06 0.000218824 1.12282e-05 0.0116282 0.0357227 0.207128 0.526922 2.8149e-05 0.0290204 0.0454418 2.71132e-09 0.0473402 0.000643336 0.00149825 4.7137e-09 4.98993e-05 0.000387474 2.0037e-05 0.000162621 1.61001e-05 1.87815e-05 0.00773716 0.00827979 0.00277308 0.00268929 0.00356851 0.0622226 0.00646195 6.28107e-08 
0.000155707 0.00513545 0.000472572 7.796e-05 0.0182749 0.048516 0.0607361 0.0193181 0.00688508 1.15762e-07 0.00883033 3.43089e-09 0.000220637 0.000957173 0.0197536 2.21087e-07 1.40784e-06 0.00105272 0.0530717 0.000771062 0.317978 0.000832829 0.00111415 0.0801808 1.69478e-08 0.1883 0.0441733 0.0212424 0.101946 1.22282e-06 
0.0334678 0.0118409 0.0245383 0.00897734 0.0321372 0.200074 0.0174696 0.00912747 0.00928957 0.00199544 0.0205123 9.65751e-07 0.0172917 0.000719821 0.00230341 6.76e-05 0.00018376 0.000135199 0.00813539 2.54215e-05 0.0246426 4.70803e-05 0.156911 0.0206483 3.00617e-06 0.0225456 0.293494 0.0616037 0.0218065 4.36421e-06 
0.000328531 0.0030288 0.948576 5.05044e-06 2.99607e-06 0.00014648 0.00303329 0.00247585 0.000710815 0.00594343 0.0130464 1.13755e-10 4.61167e-06 0.000117771 2.25402e-08 1.97766e-10 6.44007e-09 0.00037356 0.0069893 5.49733e-06 0.000214196 0.000423378 0.00516735 0.00438054 8.45855e-05 0.0020506 0.00124556 0.0010243 0.000620694 1.51007e-10 
9.21066e-05 1.61766e-05 5.9798e-06 1.64702e-06 1.2274e-05 0.0178014 0.00277499 0.21429 0.0303622 1.56145e-05 0.320897 7.23054e-09 0.000425682 1.86146e-05 1.13143e-05 1.25705e-08 2.10379e-05 1.9386e-05 0.0107628 1.32386e-08 3.1534e-05 0.272901 0.00601913 0.00825343 3.90013e-05 1.4356e-05 0.0120896 0.102113 0.00100971 6.86771e-07 
0.00948226 0.00162855 0.00189084 0.00155791 0.0530406 0.137001 0.0232628 0.00597635 0.0760902 0.00180563 0.0557529 5.37776e-07 0.027033 0.000112651 0.00272221 0.000220195 0.00081877 0.00897113 0.0126593 8.97374e-05 0.0574769 0.00010114 0.0322114 0.0151186 0.00197435 0.0555729 0.0742099 0.174663 0.168554 1.06668e-06 
4.55361e-07 1.84272e-06 1.76212e-06 0.00416018 3.79727e-06 3.60178e-06 4.73151e-06 0.00358512 5.56879e-07 2.92562e-06 1.26089e-06 1.80893e-11 2.74073e-07 2.33235e-07 4.9473e-07 3.17633e-09 3.75654e-07 0.0472473 1.67003e-06 3.31202e-11 0.000191757 0.000162198 1.45354e-07 0.001239 1.06932e-05 0.943375 1.24286e-06 2.14005e-06 8.52417e-07 6.24581e-08 
0.000235071 0.0891811 0.0189631 3.69943e-05 0.00276485 0.033857 0.0416468 0.122671 0.0478474 0.0834397 0.00143245 3.38683e-08 0.0519429 0.00355637 0.0266723 1.01164e-05 4.65158e-05 0.000685333 0.000515252 0.0249576 0.0363258 0.0327806 0.306764 0.00990672 2.47209e-05 0.00654714 0.0268096 0.0079458 0.0224047 2.93793e-05 
3.75537e-05 0.00243597 0.00339919 5.28851e-08 0.00662176 0.241013 0.022085 0.00430322 0.0093308 0.000264424 0.00526795 9.64764e-12 0.00120692 1.72073e-08 0.000306644 4.45658e-06 0.000123419 0.000586086 0.00129989 1.76642e-11 0.0376724 9.19684e-09 0.00915 0.000883091 0.000202412 0.163572 0.0991422 0.36361 0.0274643 1.6689e-05 
0.000246912 0.00754906 0.000990677 1.22431e-09 0.00430244 0.000608165 0.0526353 0.0256361 0.217086 0.000827585 0.00324204 3.19783e-12 0.000843505 0.000617033 0.000484711 5.55953e-12 4.7543e-09 2.60112e-06 0.312324 1.87962e-08 0.111249 1.23291e-05 0.0868085 0.00682953 6.81562e-06 0.000509493 0.00782587 0.131011 0.0283511 4.39015e-10 
0.000979922 0.00542338 0.000584284 6.98004e-05 0.0156591 0.0145483 0.00914116 0.0105218 0.00919003 4.271e-05 0.0148005 7.9839e-07 0.00443478 0.00161538 0.00808333 1.43938e-05 2.30867e-06 7.73507e-05 0.019203 0.000344969 0.193789 0.000286637 0.00128436 0.0190902 3.35132e-05 0.543374 0.0298813 0.0436247 0.0538976 1.25089e-06 
4.97283e-05 0.000884623 1.14762e-05 0.000110506 0.00200035 0.122091 0.0341291 0.0321521 0.0131493 7.6188e-05 0.00493378 9.23729e-09 0.0702614 0.0147268 0.000146418 0.00713123 1.30486e-08 0.00101262 0.00974297 0.355311 0.0096386 0.000194948 0.221807 0.00221231 1.58464e-05 0.000257785 0.0365662 0.0038178 0.0575693 1.22623e-08 
0.000470237 0.0013674 0.00317655 0.0470466 0.03078 0.171063 0.0355004 0.0143004 0.0207413 0.000869255 0.0254012 4.59043e-07 0.0148587 0.000586747 0.00771302 0.000175972 0.00343975 0.000341835 0.00133937 0.039211 0.105523 0.000916808 0.0672124 0.245344 0.000258231 0.00669214 0.131153 0.00612407 0.0183533 4.10872e-05 
0.0585634 0.00395826 0.000795125 4.10675e-06 1.77601e-06 0.00287525 0.0675629 0.0220288 0.028185 0.000276948 0.12874 3.48148e-10 0.000222154 0.0017321 0.0140357 6.05265e-10 4.74186e-07 4.06689e-07 0.0142484 0.304847 1.31373e-06 0.211209 7.03234e-07 0.102282 0.000237189 0.00188414 0.000697575 0.0126383 0.0229719 4.62158e-10 
0.0344648 0.0172856 0.00215546 0.000218535 0.0128618 0.0508184 0.080177 0.0836804 0.000756536 0.00458034 0.0120319 1.00342e-09 0.0459645 0.000187135 0.00911906 1.80711e-07 1.36777e-05 0.00440595 0.0711602 0.00400598 0.0205704 0.0471867 0.000149025 0.288472 0.145882 0.0165661 0.004841 0.0159916 0.0264531 3.2142e-07 
0.00412615 0.00396233 0.000158761 2.80243e-06 0.011457 0.0444256 0.00959586 0.0140521 0.195042 0.000171077 0.080158 4.31549e-11 0.0154569 0.00552377 0.00354369 7.5026e-11 1.11866e-05 0.000780388 0.119027 2.21485e-06 0.0025294 4.82111e-05 0.00448296 0.0516514 0.00096204 0.00272591 0.179305 0.239161 0.0116371 4.93262e-07 
0.000126012 0.000334953 0.00314078 0.000291593 0.00417916 0.0954288 0.0024749 0.00407661 0.393759 0.000286547 0.000725619 7.1694e-07 0.0772154 8.88922e-05 0.000343319 0.0025899 0.000423822 6.38811e-05 0.00715476 0.0213989 0.00558008 0.000733862 0.0268865 0.162634 5.14264e-05 0.0283106 0.0382328 0.118315 0.00510986 4.24278e-05 
0.000124953 0.00189023 0.00477786 4.8512e-08 0.00508872 0.195139 0.00345895 0.00124716 0.000582918 0.000115281 0.676779 1.6573e-11 0.00866311 6.4703e-07 1.37465e-06 2.88127e-11 0.00122042 8.80084e-06 0.00523184 1.79226e-08 0.000334121 2.55971e-06 0.000627626 0.0346706 0.00197602 0.0040862 0.0229637 0.0296167 0.00139224 6.28976e-09 
1.91051e-05 8.896e-05 0.000105775 3.30718e-05 0.862071 0.00124705 0.000682316 0.00121433 0.00390717 9.72892e-06 0.00207416 3.50479e-13 9.80491e-05 4.18337e-09 3.45459e-05 6.09319e-13 4.95089e-13 0.000273967 0.0066277 5.96624e-09 0.00791371 8.2066e-05 0.00017931 0.0783622 5.23337e-05 0.00799888 0.00526246 0.0164333 0.0052272 1.27271e-06 
0.000153472 0.0115247 0.000270378 6.92086e-06 0.00958312 0.0529367 0.0500789 0.0134601 0.0112831 0.00135243 0.0679664 1.66132e-07 0.0174281 0.00344338 0.00118211 7.32045e-07 0.00154597 0.000150956 0.0145206 0.00440379 0.00427006 0.00251254 0.447166 0.00720979 0.000858992 0.000641129 0.157129 0.0550824 0.0638346 2.68968e-06 
0.00103147 0.00395679 0.0155249 3.98275e-05 0.0018705 0.0509835 0.111851 0.0700454 0.000210539 0.00505932 1.69436e-06 1.86414e-10 0.00140898 5.1496e-05 0.0150153 5.15031e-06 0.000263156 0.000142743 0.00374413 0.0376946 0.0146112 0.593085 0.000823686 0.0506269 4.55618e-05 0.00203359 0.00263785 0.00958612 0.00764857 3.06665e-07 
2.9528e-05 0.00339663 0.00694501 1.15993e-05 0.00718089 0.0920977 0.037469 0.00311164 0.0101331 0.000553253 0.0062869 1.98888e-08 0.00097922 3.79036e-06 0.000712799 0.0168658 6.10073e-06 0.000622115 0.00139851 3.64151e-08 0.00420524 2.02375e-06 0.0113307 0.000421853 0.000520316 0.590104 0.0737831 0.116332 0.0154035 9.3502e-05 
0.00271316 0.015914 0.00242815 5.4755e-06 0.0187564 0.160063 0.0125653 0.13712 0.011207 0.00217724 0.0777175 1.32105e-06 0.0168373 0.00429404 0.00881656 0.0088407 0.000242594 0.00202285 0.0196589 2.64733e-05 0.0142923 0.00257689 0.000608276 0.0353141 0.00183688 0.00248578 0.0434702 0.120388 0.277101 0.00051899 
5.16856e-05 0.0124965 3.28735e-06 3.12708e-06 0.211616 0.00137205 0.150882 0.0416292 0.00722226 0.000329509 3.22407e-07 7.16969e-09 0.00281692 7.22155e-09 0.00156815 1.24647e-08 9.29161e-07 0.000511548 0.00415303 1.72159e-05 0.00270971 0.550874 0.00162846 0.00138085 2.21829e-05 0.00220384 0.00168853 0.00337002 0.00144867 9.51759e-09 
7.45931e-05 0.00173817 0.000206094 5.73436e-05 0.378666 0.00417558 0.00434322 0.0447849 0.0643203 0.000250261 0.00645021 1.59701e-09 0.000193112 4.10399e-05 0.000975947 8.95796e-07 5.65237e-06 0.000610726 0.0513002 0.00323824 0.085167 0.000202158 0.000754421 0.170391 7.00818e-05 0.00580654 0.0260471 0.122152 0.0279519 2.54811e-05 
4.55361e-07 1.84272e-06 1.76212e-06 0.00416018 3.79727e-06 3.60178e-06 4.73151e-06 0.00358512 5.56879e-07 2.92562e-06 1.26089e-06 1.80893e-11 2.74073e-07 2.33235e-07 4.9473e-07 3.17633e-09 3.75654e-07 0.0472473 1.67003e-06 3.31202e-11 0.000191757 0.000162198 1.45354e-07 0.001239 1.06932e-05 0.943375 1.24286e-06 2.14005e-06 8.52417e-07 6.24581e-08 
0.000328531 0.0030288 0.948576 5.05044e-06 2.99607e-06 0.00014648 0.00303329 0.00247585 0.000710815 0.00594343 0.0130464 1.13755e-10 4.61167e-06 0.000117771 2.25402e-08 1.97766e-10 6.44007e-09 0.00037356 0.0069893 5.49733e-06 0.000214196 0.000423378 0.00516735 0.00438054 8.45855e-05 0.0020506 0.00124556 0.0010243 0.000620694 1.51007e-10 
4.99535e-05 0.000473719 0.00111364 3.65216e-05 0.00143513 5.18929e-07 0.000359893 0.00378623 2.9872e-08 0.000455179 3.88303e-08 9.67916e-11 0.00171193 8.63399e-08 0.000398383 1.68275e-10 1.14282e-07 8.83103e-05 0.000312042 0.000102052 0.000655386 0.975034 0.00998921 0.00167812 2.9422e-08 3.8415e-05 2.30611e-07 0.00187649 0.00038452 1.93802e-05 
0.0187735 0.0156085 0.100861 7.72393e-07 0.00649949 0.0377889 0.718929 0.00195663 0.0022889 0.0045256 2.19193e-05 2.07754e-07 0.016546 1.2177e-05 0.000924092 3.61186e-07 4.03432e-06 9.02838e-05 0.0331412 5.37325e-06 0.00893476 0.00693526 0.0012762 0.00133003 0.000401226 1.43932e-05 0.00127844 0.0202319 0.00161841 7.11326e-07 
0.000920326 0.00434092 0.00105821 0.00048552 0.0202718 0.00562265 0.00417818 0.244532 0.000362734 0.00239567 0.0235782 7.47888e-10 0.223215 1.68421e-06 0.00200956 1.30023e-09 0.000379082 0.000301597 4.85947e-07 0.0105649 0.0682115 0.00314896 0.00292938 0.0930633 1.11185e-07 0.000474085 0.059977 0.0985485 0.128431 0.000997223 
0.00645974 0.0351231 0.0233865 5.52963e-05 0.042431 0.00258229 0.116138 0.0306662 0.0616048 0.00240715 0.039766 1.82931e-07 0.000329908 1.03292e-06 0.00429273 1.56498e-05 1.909e-05 0.00152481 0.0982148 4.83064e-06 0.101596 0.000354185 0.0315124 0.188744 1.56865e-05 0.057149 0.0240795 0.123062 0.00846145 3.19775e-06 
0.000159099 0.00112858 0.000253267 1.78559e-05 0.939306 0.00217295 0.00256595 0.00135292 0.000243303 0.000520217 0.0001499 1.97089e-08 0.00107479 1.27873e-05 0.000379848 3.42645e-08 2.13944e-06 0.000266834 0.00286066 5.96191e-06 0.00474819 2.76287e-06 0.00549877 0.00716748 2.9789e-05 0.000675472 0.00780031 0.00876981 0.0128337 9.36811e-07 
0.0118695 0.00688644 0.00215773 4.53904e-05 0.304833 0.0295761 0.0211107 0.0141614 0.0669314 0.0016396 0.0298679 3.29689e-11 0.0109737 0.00492145 0.00333426 1.14721e-05 1.9952e-05 0.000989623 0.0704307 0.00253479 0.0157168 0.0202186 0.00288485 0.209494 0.000164203 0.0355684 0.0562475 0.0439411 0.0334649 4.82708e-06 
0.000951475 0.00413771 3.77431e-05 1.05283e-08 0.0146636 0.0515355 0.00177389 0.597628 3.24798e-09 0.000969951 0.00565278 1.43497e-11 0.0101083 0.000271253 0.00272095 0.000969593 6.72301e-05 0.00121286 0.00713625 0.000906758 0.0624717 0.00382488 0.000553274 0.0235852 5.55892e-05 3.10441e-08 0.0086795 0.140334 0.0597445 7.36721e-06 
6.31377e-05 0.000477013 0.00120362 3.82531e-05 0.006184 0.000419687 0.000453038 0.00380672 6.36119e-07 0.000707119 2.44053e-06 9.95292e-11 0.014944 5.02906e-06 0.000420845 1.73034e-10 3.39953e-06 9.93452e-05 0.000350218 0.000143542 0.000802563 0.942089 0.0222371 0.00258365 6.29752e-07 4.81248e-05 7.78421e-05 0.00235554 0.000461407 2.1905e-05 
4.55361e-07 1.84272e-06 1.76212e-06 0.00416018 3.79727e-06 3.60178e-06 4.73151e-06 0.00358512 5.56879e-07 2.92562e-06 1.26089e-06 1.80893e-11 2.74073e-07 2.33235e-07 4.9473e-07 3.17633e-09 3.75654e-07 0.0472473 1.67003e-06 3.31202e-11 0.000191757 0.000162198 1.45354e-07 0.001239 1.06932e-05 0.943375 1.24286e-06 2.14005e-06 8.52417e-07 6.24581e-08 
0.00395632 0.00177148 0.00139522 0.000937296 0.268047 0.0429544 0.00975487 0.223032 0.0587313 0.000905285 0.0156742 1.06188e-06 0.00735456 0.00983799 0.00178081 1.12776e-06 0.00161025 0.0014074 0.0825391 0.000320301 0.0682298 0.00165459 0.00308651 0.0532289 0.000338751 0.0245561 0.0133917 0.0428769 0.0606173 6.83824e-06 
2.57566e-06 0.000228356 2.95028e-08 3.36237e-08 0.000107705 0.0191503 0.00204464 0.00615137 0.000142201 4.49147e-06 0.0683069 5.82244e-11 0.850026 8.85442e-05 0.0166874 1.01225e-10 0.00016023 2.04394e-05 5.44117e-05 0.00182045 0.000583364 0.00769923 0.00103734 0.000895518 6.57055e-06 0.000546932 0.0013202 0.0208841 0.00203034 6.60042e-08 
0.00445851 0.055649 0.000185541 7.67537e-05 0.0133202 0.0221112 0.151104 0.369748 0.00197881 0.00901695 0.029292 1.99268e-06 0.0168467 0.000353206 0.00721585 5.54176e-06 6.96148e-05 0.0108489 0.00382308 0.00118246 0.0131662 0.10606 0.00101948 0.0672014 6.63904e-05 0.000547913 0.0171681 0.0882447 0.0091594 7.8263e-05 
2.9697e-05 0.000157568 0.000793416 0.00142762 0.244843 0.00379897 0.000740777 0.303619 0.00870432 0.000312158 0.0133176 5.66052e-09 0.00317963 0.00191626 1.53631e-06 9.84098e-09 3.35568e-07 1.27086e-06 0.00381534 0.000204337 0.000751313 0.367125 0.00583649 0.0209568 0.000313776 9.49264e-07 0.014192 6.37458e-06 0.00394709 8.01406e-06 
0.0351524 0.00473248 0.00011278 7.21168e-06 0.0294189 0.0906601 0.00516405 0.00345492 0.00641225 0.000622529 0.47201 5.76316e-08 0.095642 0.000402592 0.00673461 3.39739e-07 1.85497e-05 0.00184422 0.001754 2.74913e-06 0.0482223 2.04514e-07 0.00197906 0.0195032 2.20982e-05 0.0104276 0.132253 0.0100598 0.0233833 2.97612e-06 
0.00864178 0.00646455 0.000958186 6.62273e-05 0.0120249 0.00546252 0.0206403 0.0106548 0.00446591 0.000430452 0.0115562 8.62752e-07 0.00206458 0.00110691 0.00546261 5.28696e-06 9.38731e-07 0.000173513 0.0645687 0.000227058 0.120889 0.000361418 0.000664805 0.168283 1.44796e-05 0.200151 0.0167986 0.29368 0.0441801 1.5006e-06 
1.09093e-05 1.39342e-06 7.32433e-07 5.12376e-05 0.00112647 0.000880567 7.99325e-07 0.198351 0.000544489 0.00366321 0.112298 4.73756e-09 0.0373934 4.77183e-09 3.6797e-07 8.23638e-09 0.00080816 0.00100162 0.000376495 6.68555e-06 1.55495e-06 0.000124872 4.06824e-07 0.363698 7.49432e-05 9.01374e-07 8.30693e-07 0.276324 0.00246816 0.000790426 
0.000879191 0.0248067 0.0125484 6.08275e-05 0.000511035 0.0253209 0.25023 0.010652 0.010595 0.0345793 0.0200724 2.6096e-09 0.00753649 2.62848e-09 0.0204435 3.57079e-05 4.12168e-05 0.000130471 0.0121089 0.025102 0.0094274 0.00827596 0.511619 0.00466483 0.000436995 1.32444e-05 0.000168076 0.00696365 0.00277697 3.46418e-09 
8.31546e-05 0.00155784 0.000289135 0.481861 0.145308 0.0113972 0.00431251 0.0230772 0.0204511 0.00027257 0.0136203 9.95855e-07 0.00242707 4.02336e-05 0.00118331 5.48274e-05 0.000112788 0.0188302 0.0266863 0.000612792 0.046284 6.56726e-05 0.0030389 0.0848918 9.58712e-05 0.00723813 0.0168294 0.070923 0.0180137 0.000441066 
0.00658125 0.00110492 0.00123326 2.35529e-05 0.00223227 0.000964815 0.0125858 0.00940721 0.00172852 0.00569097 0.0075388 3.62201e-12 0.00942714 0.00495552 0.00557401 6.29698e-12 6.27444e-10 0.0021149 0.754648 0.000741429 0.0591437 0.000726249 0.000920722 0.0196178 0.00159833 0.000257638 0.00450962 0.0741407 0.012533 7.88454e-09 
7.05403e-09 3.04811e-05 1.54257e-08 7.75416e-08 0.00105919 0.172335 0.000682805 0.000276422 1.93268e-07 0.000115991 0.676335 6.64407e-13 0.0302128 8.83429e-09 4.64678e-08 1.15509e-12 0.008075 6.59379e-09 0.00117797 1.21648e-12 2.57145e-08 3.15251e-05 0.0060946 0.00963187 0.0510342 0.0047544 0.0381409 3.76504e-07 1.06884e-05 7.06469e-10 
6.85862e-05 0.000547597 0.000406453 7.79742e-06 0.55662 0.104715 0.00326507 0.00198096 0.00849674 0.000239658 0.121061 2.66439e-12 0.00642634 3.41514e-09 0.000126736 4.63213e-12 3.65319e-05 0.000565755 0.0166985 1.92047e-06 0.00558228 1.21414e-05 0.00494052 0.0199752 0.000281075 0.0262671 0.0283434 0.0838873 0.00944608 2.40846e-07 
1.03977e-07 2.83118e-07 2.09133e-07 6.57368e-06 0.000442362 0.0013051 0.00102872 0.00148767 0.0533641 4.15984e-08 0.524869 1.30593e-10 0.0171501 0.000505923 1.57736e-05 2.2704e-10 1.59308e-09 0.000211583 0.0187771 1.69419e-05 0.00669065 4.17222e-05 0.00342214 0.0247689 6.41148e-05 0.00106868 0.0177635 0.320088 0.00691075 1.73359e-10 
4.99535e-05 0.000473719 0.00111364 3.65216e-05 0.00143513 5.18929e-07 0.000359893 0.00378623 2.9872e-08 0.000455179 3.88303e-08 9.67916e-11 0.00171193 8.63399e-08 0.000398383 1.68275e-10 1.14282e-07 8.83103e-05 0.000312042 0.000102052 0.000655386 0.975034 0.00998921 0.00167812 2.9422e-08 3.8415e-05 2.30611e-07 0.00187649 0.00038452 1.93802e-05 
3.97196e-05 0.0411741 0.00178697 6.60872e-06 0.00187431 0.0056288 0.11497 0.174137 1.08446e-07 0.00130446 0.001007 2.75277e-11 0.000251521 0.000129499 0.379901 4.78578e-11 7.31244e-10 0.000904707 0.0285589 0.000891845 0.117752 0.00472266 0.000286444 0.0424565 2.20959e-07 0.0163827 0.00504766 0.038097 0.0226879 3.65424e-11 
0.187998 0.0123136 0.424619 1.13772e-07 0.000860822 0.00879121 0.100098 0.0130883 0.00170471 0.0268111 0.0225753 1.11604e-08 0.00482968 0.000209917 0.0029248 1.94027e-08 1.38005e-05 8.46994e-06 0.000458173 5.78212e-05 5.93196e-07 0.00110187 0.00120774 0.00931225 0.011402 5.15426e-06 0.0049438 0.160484 0.00417923 9.94848e-07 
2.83197e-05 0.000269562 0.000176453 0.000130212 0.082045 0.0357937 0.00834029 0.00980232 0.000125688 0.00026552 0.141111 1.72724e-07 0.243626 2.57364e-05 0.257359 4.06345e-07 5.8342e-06 0.00076287 0.00438522 0.0204957 0.0578988 0.000998592 0.0108063 0.00305128 0.000122669 0.00942665 0.00423199 0.0658484 0.0428648 1.1201e-06 
9.28553e-05 0.000249332 8.46e-06 2.68686e-05 0.0334468 0.0522016 0.00195141 0.00339449 0.000827482 0.00105738 0.531326 8.21991e-09 0.124675 0.000176154 0.000734946 1.55041e-07 0.000699617 0.000501472 0.0103434 4.94535e-08 0.000563567 0.00484887 0.00264546 0.0146788 0.00218639 0.00208266 0.0074721 0.196411 0.00739333 4.06253e-06 
0.00213135 0.00384114 0.000762302 0.00303548 0.0317696 0.00185253 0.00190496 0.0212871 0.00256708 7.1133e-05 0.0362396 6.79343e-06 0.000122869 0.000170626 6.95362e-05 7.66706e-05 0.000170988 0.0109776 0.0300111 0.000104177 0.0805903 0.0014687 0.000207402 0.582833 7.52788e-05 0.14101 0.0101415 0.0334725 0.00299368 3.53758e-05 
0.000902072 0.000146129 0.000149598 0.0065032 0.00108427 0.538919 0.00168093 0.0663776 0.00182103 0.00715509 0.0988038 2.89682e-06 0.00638086 0.00105641 0.00197678 9.418e-06 0.000117825 0.0530697 0.0219762 1.56414e-05 0.037994 0.000625475 0.00610087 0.034282 0.000436959 0.00123567 0.0171611 0.049673 0.0443375 5.28333e-06 
2.34319e-06 4.08958e-06 9.19617e-05 2.80575e-07 1.17072e-05 0.0143826 0.00432262 0.000247405 0.163408 8.33287e-05 0.000495485 5.46255e-10 0.00145983 0.000225449 0.000825773 2.46343e-07 0.000369833 1.30283e-07 0.00207979 0.00106827 0.00490941 0.198621 1.76839e-06 0.412282 7.83061e-05 1.24645e-06 0.0303633 0.0526915 0.111972 1.19289e-07 
4.13248e-05 0.139544 7.85716e-06 4.78517e-07 0.0169978 0.0116826 0.00233313 0.0325226 0.0189226 8.48508e-06 0.00999999 2.41861e-09 0.137869 2.4361e-09 0.00781056 4.20482e-09 1.09601e-06 2.77758e-07 1.01975e-05 1.2294e-07 0.451758 4.80811e-07 0.0112959 0.00337673 3.72527e-07 0.00211185 0.0021727 0.111032 0.0404996 3.21065e-09 
0.000951475 0.00413771 3.77431e-05 1.05283e-08 0.0146636 0.0515355 0.00177389 0.597628 3.24798e-09 0.000969951 0.00565278 1.43497e-11 0.0101083 0.000271253 0.00272095 0.000969593 6.72301e-05 0.00121286 0.00713625 0.000906758 0.0624717 0.00382488 0.000553274 0.0235852 5.55892e-05 3.10441e-08 0.0086795 0.140334 0.0597445 7.36721e-06 
0.00794518 0.00950424 0.00330835 0.000332429 0.0528951 0.0133505 0.0454415 0.00839808 0.00296955 0.00247623 0.0268549 4.72957e-13 0.000923101 0.00040047 0.000595375 3.49801e-09 0.000132435 0.00141671 0.0240849 5.63384e-11 0.0142632 1.54297e-09 3.5928e-05 0.0382624 0.00300968 0.620219 0.096415 0.0239116 0.00285034 4.05274e-06 
0.000922474 0.00331766 0.000855953 9.09634e-07 0.0511395 0.00422824 0.00197021 0.00191004 0.00885884 3.61096e-05 0.0276622 2.30631e-12 0.0153846 0.000707371 0.00250367 5.9074e-09 7.7251e-06 1.76939e-05 1.7312e-07 1.61405e-08 0.105051 0.000167307 0.00287687 0.237201 0.000190195 1.55798e-07 0.510215 0.00765386 0.0171212 6.48275e-09 
1.11511e-06 0.00141576 0.000660026 5.98052e-09 0.0428759 0.00284285 0.000985695 0.000593834 0.0124847 8.81469e-05 0.0713194 1.08494e-10 0.0037678 7.47401e-07 0.000712531 3.40766e-08 1.70971e-05 1.31446e-07 0.000897915 0.00436969 0.133629 0.000131018 0.0133695 0.311819 4.43132e-05 0.00118594 0.381354 0.00555398 0.00987026 8.82452e-06 
0.00928405 0.00683837 0.000427803 7.31133e-05 0.0502336 0.0635545 0.0145625 0.0105043 0.00163602 0.000394255 0.00170435 1.01371e-07 0.0782967 0.000195525 0.00871428 1.89457e-06 4.26601e-06 0.000180783 0.0133713 7.96974e-07 0.00656141 0.00101833 0.53461 0.00173755 0.000736498 0.00564813 0.0617667 0.0496867 0.0782556 1.28749e-07 
0.94351 0.010243 0.000395788 4.68223e-11 0.000477112 0.000609514 0.0271869 0.00195654 0.00138746 0.000432572 0.000154521 2.28282e-12 3.61011e-05 8.69186e-06 0.00579471 1.00494e-09 5.67601e-10 6.76068e-07 5.02457e-07 0.000332316 0.000578405 0.000245014 0.000131071 0.000230455 9.5137e-09 8.2399e-06 3.87768e-05 0.00140903 0.00483311 3.03038e-12 
0.0095553 0.320817 0.000391513 1.56181e-06 0.000607835 0.127944 0.0092743 0.0385222 0.0237504 0.0110329 0.0494568 3.92233e-07 0.000578509 0.0262492 0.00858704 6.81908e-07 0.010022 2.22364e-05 0.00910573 0.000558449 0.00117183 0.0015741 1.06479e-05 0.0135694 7.8458e-05 1.6379e-05 0.00749115 0.021205 0.308393 1.2249e-05 
0.0450523 0.00833458 0.00473565 0.000315642 0.00394205 0.433207 0.0657283 0.0380448 9.58617e-05 0.00621881 0.0125221 1.39324e-05 0.0108689 0.0303408 0.00315001 0.0201008 0.000320572 0.00702113 0.00600245 0.000147764 0.0175839 0.00167431 0.00214235 0.0117351 0.00415493 0.114356 0.00787284 0.120987 0.023307 2.40286e-05 
3.72993e-07 0.00431706 3.57115e-05 2.62415e-06 4.90355e-05 0.00291507 0.0258325 0.933226 1.81876e-05 0.00180132 1.05147e-06 1.80396e-09 0.000185297 6.67397e-06 0.00502389 1.87991e-07 3.29927e-05 7.01093e-05 0.000935871 5.99829e-05 0.00183398 0.0186691 6.57255e-05 0.00116243 0.00135951 6.99601e-05 0.000186808 0.000849177 0.00128885 1.51276e-07 
0.00266403 0.186303 0.00157324 7.9933e-06 0.0100746 0.00146509 0.488369 0.0383769 0.000433434 0.00495233 0.00558458 1.34434e-09 0.00101992 0.00105395 0.060373 2.33717e-09 9.7074e-06 0.000404833 0.108118 3.70895e-05 0.0146901 0.00217034 0.000215695 0.0052301 0.000123933 5.90366e-05 0.00166241 0.021777 0.0432507 1.78458e-09 
7.36773e-05 0.00023131 0.000293813 5.82638e-07 0.0182146 0.00249284 0.000262478 0.00239843 0.0304251 0.000145967 0.00214786 1.30176e-08 4.23215e-05 0.000147569 2.18447e-05 8.99001e-07 2.68983e-06 0.000861287 0.00438913 1.52412e-06 0.35022 1.5078e-07 2.63484e-05 0.492891 0.00131149 0.00359389 0.0831101 0.00620161 0.000490576 5.91563e-07 
0.00105015 0.00175369 0.000346726 0.123425 0.00903546 0.0598184 0.00947436 0.119681 0.00505327 0.000920485 0.0428936 2.34123e-05 0.00114652 0.00256439 0.00350921 7.7401e-05 0.000903838 0.167276 0.0131174 6.37769e-05 0.0139714 0.00435988 0.0481382 0.043924 0.000949644 0.259366 0.00525061 0.0237004 0.0381773 2.89532e-05 
2.40931e-05 0.000207847 7.18222e-07 6.35702e-08 3.38e-05 0.00214295 0.00915659 0.000100589 0.000123923 9.58102e-07 0.000169829 1.40887e-08 0.134766 0.000229359 0.00140884 2.44936e-08 1.99018e-08 1.6584e-07 0.000472925 0.0133174 0.00139921 8.33305e-05 3.779e-05 5.79116e-05 3.28604e-06 1.09281e-06 0.00014558 0.00639809 0.828991 0.000726774 
0.0352194 0.0156865 0.00448406 0.000118555 0.00456548 0.0108188 0.110615 0.19884 0.161201 0.0115951 0.004207 1.45361e-10 0.00077654 0.100196 3.5653e-05 6.88633e-05 6.62032e-05 0.00876299 0.0211055 3.01845e-05 0.000347311 0.00243074 0.000165655 0.0589746 0.00303261 0.0668327 0.0256308 0.138846 0.015333 1.38145e-05 
0.000475764 0.00220619 0.00079938 1.3211e-06 0.00054307 0.750294 0.0010813 0.00293497 0.00265117 1.05621e-05 0.00304483 3.76514e-08 0.00774099 1.09433e-05 0.00527097 0.000162993 4.809e-05 1.49066e-07 0.0271503 0.00400172 0.00740404 0.000221451 0.00770271 0.00801969 7.90778e-05 2.13701e-07 0.0163213 0.01609 0.135733 1.23199e-07 
0.0321661 0.00247723 0.225718 2.17457e-05 0.00122405 1.87643e-07 0.0503586 0.655748 7.57904e-09 0.0221865 0.00330724 2.99241e-12 2.94019e-07 3.01405e-12 0.00066301 5.20238e-12 4.25872e-09 0.000120752 6.89772e-05 4.80005e-05 2.23163e-08 0.000376594 0.000106785 0.000208884 0.000866481 1.9714e-08 0.00178748 0.00254525 4.00016e-08 1.65025e-09 
0.000149334 0.00226939 0.00211758 0.000374365 0.00473463 0.0306229 0.0387562 0.0864745 2.87595e-06 0.0583224 0.00175 1.57013e-10 0.00682002 1.58148e-10 0.145539 0.0008754 0.000751948 0.406842 0.00244579 2.87479e-10 2.50283e-08 0.143024 0.00473429 0.0177461 0.00375371 0.000399013 0.0140432 0.00913982 0.0183113 2.08431e-10 
0.00751406 0.0013559 0.000472691 0.000138837 0.00333386 0.109293 0.0575958 0.0071959 0.00979194 0.0029986 0.0879107 1.75397e-11 0.354389 2.88893e-08 0.00251807 3.04933e-11 0.000410885 0.000308224 0.00205257 0.00490094 0.0104815 0.0950391 0.00463081 0.00597074 0.00667409 0.000710668 0.00105184 0.12151 0.101748 1.85848e-06 
0.000951475 0.00413771 3.77431e-05 1.05283e-08 0.0146636 0.0515355 0.00177389 0.597628 3.24798e-09 0.000969951 0.00565278 1.43497e-11 0.0101083 0.000271253 0.00272095 0.000969593 6.72301e-05 0.00121286 0.00713625 0.000906758 0.0624717 0.00382488 0.000553274 0.0235852 5.55892e-05 3.10441e-08 0.0086795 0.140334 0.0597445 7.36721e-06 
0.024635 0.0158443 0.0327758 7.90093e-08 0.000347375 0.111659 0.0602509 0.00461245 0.00298666 0.00631938 0.0306264 2.35828e-10 0.535564 3.1298e-08 0.0134694 4.27443e-06 0.000209699 0.000774647 0.00128216 0.0002666 0.00158627 0.00281491 0.00162643 0.00294616 0.000112493 0.00306557 0.00955556 0.125569 0.0109805 0.000114373 
0.000656228 0.000459858 0.0290664 0.0574008 0.0493572 0.116232 0.00308633 0.0884475 0.000996707 0.000162577 0.12572 1.10231e-05 0.0108092 0.000125144 0.000895565 3.2099e-05 0.00166417 0.00202425 0.0127639 2.46068e-05 0.195913 0.00169381 0.00440922 0.0203832 7.89163e-05 0.054463 0.0264308 0.150586 0.0459369 0.000170284 
0.000106689 0.0228539 0.10548 6.59175e-06 0.00215988 0.0264628 0.0219681 0.0335459 0.00228685 0.0161732 0.0484795 1.32463e-10 0.00661498 8.9364e-07 0.000655633 2.3029e-10 0.000396475 4.8041e-06 0.0018176 1.40778e-07 0.00282639 0.0018966 0.0446085 0.0143021 7.71139e-06 0.548904 0.0530939 0.00515418 0.0401906 1.50735e-06 
2.57566e-06 0.000228356 2.95028e-08 3.36237e-08 0.000107705 0.0191503 0.00204464 0.00615137 0.000142201 4.49147e-06 0.0683069 5.82244e-11 0.850026 8.85442e-05 0.0166874 1.01225e-10 0.00016023 2.04394e-05 5.44117e-05 0.00182045 0.000583364 0.00769923 0.00103734 0.000895518 6.57055e-06 0.000546932 0.0013202 0.0208841 0.00203034 6.60042e-08 
2.57566e-06 0.000228356 2.95028e-08 3.36237e-08 0.000107705 0.0191503 0.00204464 0.00615137 0.000142201 4.49147e-06 0.0683069 5.82244e-11 0.850026 8.85442e-05 0.0166874 1.01225e-10 0.00016023 2.04394e-05 5.44117e-05 0.00182045 0.000583364 0.00769923 0.00103734 0.000895518 6.57055e-06 0.000546932 0.0013202 0.0208841 0.00203034 6.60042e-08 
0.000864724 0.0019455 0.000827012 3.77146e-05 0.00127535 0.00120017 0.00348737 0.00219409 1.0613e-06 0.00143519 0.00450125 2.77917e-09 0.00254002 4.34655e-06 0.00531704 0.000147991 0.0886596 0.000199026 0.000265063 0.000523939 0.00178111 0.00328856 0.00103282 0.000639057 0.87042 3.06054e-05 0.000468218 0.00553658 0.00136426 1.19164e-05 
0.94351 0.010243 0.000395788 4.68223e-11 0.000477112 0.000609514 0.0271869 0.00195654 0.00138746 0.000432572 0.000154521 2.28282e-12 3.61011e-05 8.69186e-06 0.00579471 1.00494e-09 5.67601e-10 6.76068e-07 5.02457e-07 0.000332316 0.000578405 0.000245014 0.000131071 0.000230455 9.5137e-09 8.2399e-06 3.87768e-05 0.00140903 0.00483311 3.03038e-12 
0.0266722 0.00520131 0.00762268 0.000427343 0.0354699 0.108267 0.0152079 0.0475833 0.0363747 0.00521605 0.0608932 4.6757e-05 0.0103762 0.023027 0.00103044 0.00273533 0.00011858 0.0116971 0.139265 0.00345397 0.0168225 0.0641558 0.00365077 0.21387 0.0154452 0.00205832 0.0272629 0.0710747 0.0299166 0.0150567 
0.00333835 0.0192201 0.00129892 0.0030852 0.0117807 0.0288541 0.0206845 0.0547365 0.0126628 0.00136285 0.064451 0.000378755 0.00842995 0.00506237 0.0051519 0.00356606 0.000558176 0.00590622 0.01461 0.00198545 0.0256885 0.158419 0.00177373 0.413386 0.00163817 0.00731085 0.0125242 0.0407786 0.030247 0.0411105 
0.0212349 0.00458366 2.83212e-05 0.000598831 0.0192444 0.00443254 0.0090917 0.0046376 0.000517796 0.000460396 0.0159352 3.72791e-11 0.000789904 0.000186524 0.00572029 4.98129e-07 1.80005e-07 0.0131616 0.612183 0.0201326 0.00631259 0.0597236 0.00103404 0.0473558 0.000263277 0.00164823 0.0216006 0.0957652 0.0333563 2.10009e-08 
0.000256793 0.000307864 0.000108494 4.83968e-06 0.118624 0.0088389 0.000574556 0.00698235 0.00904378 2.75117e-08 0.00441451 9.07609e-13 0.000395912 0.000569493 0.000170858 4.1336e-09 1.02833e-08 0.00550546 0.0092529 1.69358e-08 0.214722 0.000211578 1.80504e-05 0.494919 0.000215418 0.0118409 0.090485 0.0200187 0.00251687 1.10642e-06 
7.84984e-08 1.28062e-06 1.71839e-07 4.48758e-08 0.000447204 0.0787828 0.00020674 0.000149803 0.000357896 1.70062e-07 0.755808 8.83924e-10 0.0918932 1.02834e-05 9.38478e-06 1.53673e-09 8.18634e-06 7.3803e-08 0.000163989 9.89905e-05 0.00909417 1.29992e-05 0.000143217 0.0110985 3.66663e-07 0.00294318 0.00266885 0.0234539 0.0226457 5.7647e-07 
0.00465691 0.00378293 0.00379071 0.00836216 0.0184387 0.504115 0.0161867 0.0277252 0.0226862 0.00872141 0.0589344 0.000434545 0.0381564 0.00247103 0.004838 0.00377484 0.00265632 0.00595055 0.0428703 0.000904466 0.022699 0.0160607 0.00819673 0.0347608 0.00614924 0.0158141 0.0274006 0.064532 0.0198963 0.00503326 
