1.53597e-06 0.00407725 0.00121139 0.000649567 1.61931e-06 0.000206384 0.0564865 0.058863 2.85406e-12 0.0663502 3.49328e-07 0.233254 2.13043e-12 5.50951e-12 0.0048986 9.50966e-12 7.72687e-12 0.00101798 1.06397e-06 0.00113683 7.19199e-07 0.523153 5.39986e-08 3.95514e-07 6.68833e-08 8.22185e-09 1.11262e-07 0.0427992 0.00589031 2.60685e-07 
0.00135588 0.00977731 0.000673865 0.000222367 0.022146 1.38283e-05 0.0316278 0.148367 0.000139683 0.126111 0.0037879 0.0487699 3.87111e-11 7.75279e-08 0.000919539 1.72796e-10 1.40402e-10 0.00051192 0.0191 0.00235935 0.00179751 0.533196 5.7715e-05 0.00316814 7.89765e-06 4.20392e-08 0.000276355 0.0289577 0.0166005 5.44896e-05 
0.000296138 2.92219e-05 4.96825e-05 0.0190809 0.000312205 0.0402705 0.377319 0.00012911 5.50267e-10 0.292702 6.73509e-05 0.00206283 4.10749e-10 1.06224e-09 6.51303e-05 1.83348e-09 1.48975e-09 2.39321e-05 0.000205135 2.25937e-05 0.000138663 0.000468916 1.0411e-05 7.62558e-05 1.28952e-05 5.65937e-10 0.220971 0.000253892 0.000147469 0.0452846 
2.45474e-06 0.000267181 0.000245449 0.000742944 0.022258 3.97417e-08 0.0150084 0.00319505 2.12407e-11 0.00244961 0.000692665 1.70991e-05 1.58552e-11 4.10033e-11 5.3989e-07 7.07736e-11 5.75056e-11 1.98398e-07 1.70041e-06 0.000557629 0.00335817 0.942955 8.63169e-08 0.00637165 0.000127773 2.18456e-11 0.000279103 2.10456e-06 1.2224e-06 0.00146546 
9.85558e-07 0.0013592 0.000403902 0.000216577 0.00549291 6.88191e-05 0.0240041 0.0279757 6.43034e-12 0.0221174 2.24148e-07 0.0847366 4.79996e-12 1.24132e-11 0.00163303 2.14258e-11 1.74091e-11 0.000873193 0.00160809 0.00290335 4.61475e-07 0.806166 3.46532e-08 0.00403663 4.29224e-08 5.96391e-05 7.13932e-08 0.0142668 0.00196369 0.000112706 
0.0363726 0.0148672 0.00050463 1.62742e-08 0.00129977 0.00165783 0.00443624 0.00307075 0.219444 2.27644e-05 0.00893988 7.07819e-11 2.7568e-11 3.81996e-09 1.87945e-07 1.23056e-10 9.9987e-11 8.25316e-08 0.148583 1.29597e-10 0.474215 1.09774e-08 0.000764684 0.0165461 4.75752e-08 0.00421864 0.0475494 0.0116491 0.00585751 4.7029e-08 
1.12358e-05 0.00136173 0.000406143 0.000217753 1.18454e-05 6.9329e-05 0.0188362 0.0196295 1.19665e-10 0.0221323 2.55539e-06 0.0778301 8.93246e-11 2.31003e-10 0.00527852 3.98721e-10 3.23973e-10 0.000341219 7.78304e-06 0.000383123 5.261e-06 0.835843 3.9511e-07 0.0013836 4.894e-07 2.87344e-07 8.13931e-07 0.0142763 0.00196905 1.90717e-06 
0.000106294 1.04887e-05 1.78327e-05 9.77003e-06 0.000112061 1.72056e-06 5.64067e-05 4.63417e-05 1.97509e-10 6.99935e-05 2.41745e-05 0.000740417 1.47432e-10 3.81274e-10 2.33774e-05 6.58095e-10 5.34722e-10 8.59003e-06 7.36298e-05 0.0137945 4.97706e-05 0.976365 3.73686e-06 2.73707e-05 0.00648454 2.03134e-10 7.69964e-06 9.11303e-05 5.29317e-05 0.00182205 
0.0112898 0.00423515 0.000991753 0.000534821 0.00735247 0.000241531 0.046283 0.0524162 5.26573e-12 0.0645626 0.000489705 0.261298 3.93063e-12 1.0165e-11 0.00411581 1.75453e-11 1.42561e-11 0.000985149 0.00377894 0.00187058 0.0024859 0.486199 4.59613e-06 0.000647074 5.23309e-06 2.70286e-05 4.54674e-05 0.0432911 0.00680289 4.61213e-05 
0.00441788 0.00240246 0.0146247 0.000215943 0.227035 0.0132742 0.0345411 0.0843532 1.11204e-06 0.00841065 0.0167578 0.231025 3.28759e-11 8.50207e-11 3.94619e-11 1.46749e-10 0.0030094 5.58439e-11 0.0147461 1.54549e-10 0.230916 0.0190935 0.0060573 2.19808e-07 1.81222e-05 2.32282e-07 0.00472703 0.0550923 0.0292812 6.31637e-07 
0.367349 0.0159999 0.0478492 7.12839e-05 0.061042 0.00458244 0.337359 0.0143626 0.00344759 0.065801 0.000320893 0.0339883 1.94591e-09 2.12501e-05 0.000592066 8.68604e-09 0.000195496 0.002128 0.00339015 9.1477e-09 0.0161789 0.00168674 0.0016045 0.00256073 6.01606e-06 6.12391e-05 0.000428496 0.0131033 0.00586879 1.45811e-06 
4.82939e-06 4.76547e-07 0.0021884 0.00146529 5.0914e-06 7.81724e-08 0.0246054 0.103593 8.97368e-12 0.0127236 1.09835e-06 0.00676172 6.69845e-12 1.73229e-11 0.00934786 2.99001e-11 2.42947e-11 0.00433251 3.34532e-06 3.68456e-07 2.26129e-06 0.743297 1.69781e-07 0.0395467 0.000357709 9.22923e-12 3.49828e-07 0.0517597 2.40491e-06 8.19641e-07 
0.0241295 0.00368607 0.00130673 0.00182313 0.00886484 0.00406472 0.160518 0.0739425 1.51081e-11 0.101092 0.0182284 0.326131 1.12775e-11 4.27425e-07 0.000877065 5.03399e-11 3.61209e-09 0.00899626 0.0410667 0.000468174 0.00248615 0.150185 4.61492e-06 0.0342579 5.25637e-06 0.0119698 0.004414 0.0140061 0.00596947 0.00150561 
0.00661495 0.024131 0.0017574 0.000278648 0.00174172 0.00956137 0.0276753 0.263124 5.28199e-11 0.0619602 7.18533e-06 5.19847e-07 3.94277e-11 1.62565e-07 0.00406669 1.75995e-10 0.00177584 6.69729e-11 0.0154817 4.69589e-05 0.00197614 0.260013 1.25953e-07 0.0164837 3.8182e-06 4.27421e-07 0.0013041 0.00389913 0.010424 0.287672 
0.000749297 0.00575305 0.00118928 0.000887043 0.0576045 1.40818e-05 0.0190199 0.0286594 9.32868e-07 0.00877776 0.00114938 0.0327515 3.6e-10 9.30998e-10 0.000328673 1.60694e-09 1.60011e-07 0.000943028 0.00992658 0.000691522 0.0020804 0.739569 0.000136637 0.00142422 0.000111291 1.71359e-05 0.000981889 0.0737431 0.0132859 0.000203927 
2.76996e-08 0.000461788 1.00358e-05 0.00145706 0.000644495 0.000210244 0.0014534 0.0105919 0.00751363 8.99999e-06 0.0202348 0.000516922 1.01953e-10 2.1241e-06 9.42484e-05 4.5509e-10 4.56373e-08 0.113972 0.00145155 5.31773e-07 0.00198862 0.167452 0.000235025 0.64303 1.14273e-07 6.29175e-08 0.00110252 0.0259829 0.00113825 0.00044733 
9.61576e-05 0.00244 0.000231788 0.000123272 0.000101384 4.50457e-05 0.282491 0.00994884 3.97274e-08 0.0113365 0.00178672 0.063923 2.96547e-08 7.66903e-08 0.00086986 1.32371e-07 1.07555e-07 0.00107786 6.6619e-05 0.000281554 4.50319e-05 0.609795 3.42351e-06 0.00180373 4.24517e-06 7.20215e-06 6.98292e-06 0.0124611 0.00103635 1.6418e-05 
1.53025e-06 0.0267008 1.06593e-05 2.79601e-07 0.00315694 0.00105698 0.102588 1.04085e-05 0.154421 4.95017e-06 0.00262403 3.31327e-08 1.29045e-08 3.33723e-08 0.566158 5.76021e-08 4.68034e-08 1.10598e-05 4.68231e-06 6.06636e-08 0.0364437 1.34168e-06 1.90152e-08 4.26417e-05 2.56393e-08 1.2703e-05 0.0925532 2.587e-07 0.014196 4.39828e-08 
0.000301013 9.94798e-05 0.000195889 1.62887e-06 0.489028 0.0577689 4.23726e-05 5.45378e-05 0.000728603 1.39672e-08 0.00180825 0.000558029 7.91108e-09 0.000339077 9.49588e-09 3.5313e-08 0.0018754 1.3438e-08 1.34316e-05 3.71898e-08 0.00823707 8.53548e-09 0.140853 0.00133249 1.57182e-08 0.112286 0.180901 5.8887e-06 0.0035653 4.4283e-06 
0.00147342 0.00387165 0.000591289 0.000431324 0.011129 3.44466e-05 0.0554776 0.0829402 6.17315e-08 0.0307299 2.57039e-07 0.0504228 1.36926e-11 6.81107e-08 0.00229784 6.11202e-11 4.96619e-11 0.000747328 7.82869e-07 0.00713791 0.00498484 0.716194 3.97496e-08 0.0115947 4.92362e-08 2.90654e-08 0.000353065 0.0158727 0.00340998 0.000304484 
8.2701e-07 1.31881e-06 1.99268e-06 1.81706e-07 2.31028e-06 7.6861e-07 1.13919e-06 0.0128378 0.0344142 8.00941e-07 0.00731146 2.07959e-10 8.09955e-11 4.2102e-08 2.10008e-06 3.61542e-10 2.93764e-10 9.21932e-07 0.348876 3.80758e-10 0.591127 1.22431e-07 4.8696e-06 1.10779e-05 5.31218e-07 1.11597e-10 3.59882e-06 0.00539481 5.22879e-06 5.24791e-07 
0.00225947 0.00913098 0.0045171 0.000112457 0.00734755 0.00117328 0.0567368 0.0506335 5.7432e-07 0.0131954 0.0288993 1.27942e-06 1.28769e-10 4.37204e-07 9.172e-06 5.74793e-10 1.04707e-07 1.94212e-06 0.00236441 8.11266e-07 4.68712e-07 0.599755 3.67229e-07 0.17325 0.0405083 0.00354819 3.9511e-07 0.00582729 0.000725434 2.29009e-07 
1.53597e-06 0.00407725 0.00121139 0.000649567 1.61931e-06 0.000206384 0.0564865 0.058863 2.85406e-12 0.0663502 3.49328e-07 0.233254 2.13043e-12 5.50951e-12 0.0048986 9.50966e-12 7.72687e-12 0.00101798 1.06397e-06 0.00113683 7.19199e-07 0.523153 5.39986e-08 3.95514e-07 6.68833e-08 8.22185e-09 1.11262e-07 0.0427992 0.00589031 2.60685e-07 
0.038452 0.00123065 0.00276977 0.00644674 0.000547067 0.00520896 0.0403573 0.006607 2.28391e-06 0.0348333 0.00769164 0.618131 1.7051e-08 1.0213e-07 0.00011606 1.85883e-07 1.95239e-08 0.019284 0.00411261 0.0875034 0.00120192 0.105906 1.95565e-06 0.0144686 0.000277613 0.000782252 0.000177795 0.00124394 0.000208631 0.00243778 
0.00146421 0.00133418 5.5745e-07 0.00104261 3.5028e-06 5.3795e-08 0.0304578 0.0189165 1.0865e-07 0.00195493 0.00330763 2.3144e-05 2.82303e-11 2.2637e-07 0.00174501 1.26013e-10 1.02389e-10 0.00029994 0.00867626 2.53602e-07 1.55574e-06 0.904925 1.16841e-07 0.0148069 1.44725e-07 0.00116824 6.07162e-05 0.0060863 0.00326268 0.000461127 
0.000115094 0.00222483 0.000195822 0.000191913 3.93166e-06 0.0278025 0.0140767 0.176217 0.0426421 0.000749126 0.0492945 0.00191307 6.36877e-09 5.82308e-05 0.00625304 5.44918e-06 2.3099e-08 0.00798966 0.0197037 0.00010494 3.63002e-06 0.39792 9.38461e-09 0.227442 0.00013602 0.000719642 0.00171812 0.0212298 0.000383874 0.000905177 
2.98255e-05 0.00068368 3.13376e-08 1.8543e-05 0.00146883 0.00645958 0.00852612 0.0705189 2.66218e-08 0.00201536 0.0107152 5.1022e-08 1.9872e-08 0.000163227 0.000310575 8.87033e-08 7.2074e-08 3.37551e-08 0.0168057 0.00139703 0.00138476 0.72381 2.92821e-08 0.0571394 0.00482992 2.73799e-08 0.000167306 0.0899056 0.00337167 0.000278674 
3.52558e-06 0.00128755 0.001361 0.000453999 3.71686e-06 5.70679e-08 0.391957 1.53707e-06 6.55102e-12 2.32156e-06 8.01825e-07 0.174389 4.89005e-12 1.26462e-11 7.75388e-07 2.18279e-11 1.77358e-11 0.00461592 2.44217e-06 0.000995503 0.0135382 0.361754 1.23945e-07 0.0464823 1.55055e-05 6.73758e-12 0.00199225 3.02263e-06 1.75565e-06 0.00113748 
0.000143407 0.0108608 0.0440718 0.000216062 1.17259e-05 0.0528316 0.0149208 0.0503695 0.0544157 0.00971208 0.00462327 1.81887e-05 3.75033e-10 9.69877e-10 0.000136242 0.000694921 6.38936e-07 0.00271334 0.0223378 1.76302e-09 0.0219096 0.35284 6.02871e-05 0.171148 5.8286e-07 0.00686039 0.00450724 0.0881166 2.15414e-05 0.0864581 
2.21746e-07 0.10508 3.23396e-05 5.60781e-06 1.07148e-05 0.0295358 0.0149398 0.132449 1.28522e-07 2.97968e-06 0.0542767 2.46319e-07 9.59362e-08 0.0181207 0.0142404 4.28234e-07 8.04551e-06 4.74151e-05 0.00963952 0.00172481 0.0283593 0.332574 0.0459951 0.173209 0.0279118 1.44399e-05 5.30021e-06 0.00811405 0.00370187 3.26983e-07 
0.00077939 7.69076e-05 0.000130757 7.16379e-05 0.000821675 1.26158e-05 0.000413597 0.000339797 1.44822e-09 0.000513221 0.000177257 0.00542905 1.08103e-09 2.79566e-09 0.000171413 4.82543e-09 3.9208e-09 6.29857e-05 0.000539884 5.94633e-05 0.000364939 0.988528 2.74002e-05 0.000200693 3.39382e-05 1.48946e-09 5.64569e-05 0.000668205 0.000388117 0.000132278 
0.00100265 9.89496e-05 0.000964442 0.000618025 0.00105705 1.62388e-05 0.00878143 0.0354255 2.29469e-08 0.00501154 0.00022804 0.00923496 1.71288e-08 4.4297e-08 0.00350237 7.64585e-08 6.21248e-08 0.00182183 0.00069454 7.657e-05 0.00046948 0.898116 3.52719e-05 0.0137189 0.000216015 2.36004e-08 7.26384e-05 0.0181676 0.000499297 0.000170221 
0.0063436 0.0069716 0.000561937 0.00016039 0.0117094 0.00273331 0.0194612 0.488304 4.55831e-08 0.0259819 0.0956373 0.00189501 3.40257e-08 0.00135381 0.000538344 0.000929344 1.40295e-05 0.000179852 0.0267712 0.00501153 0.0107945 0.186664 0.000414483 0.0426642 5.61646e-05 3.46048e-05 0.00132497 0.0457655 0.017644 7.94901e-05 
0.012578 0.00388522 0.000398878 0.000241803 1.14106e-05 3.55677e-05 0.0392003 0.0830011 1.86623e-06 0.0268748 2.46174e-06 0.173087 4.37936e-10 2.05911e-06 0.00230802 1.95483e-09 1.58836e-09 0.000755432 7.49743e-06 0.00271829 0.00293309 0.62053 3.81118e-07 0.00793873 4.72125e-07 7.89882e-07 0.000136075 0.0199317 0.00341775 1.83833e-06 
1.53597e-06 0.00407725 0.00121139 0.000649567 1.61931e-06 0.000206384 0.0564865 0.058863 2.85406e-12 0.0663502 3.49328e-07 0.233254 2.13043e-12 5.50951e-12 0.0048986 9.50966e-12 7.72687e-12 0.00101798 1.06397e-06 0.00113683 7.19199e-07 0.523153 5.39986e-08 3.95514e-07 6.68833e-08 8.22185e-09 1.11262e-07 0.0427992 0.00589031 2.60685e-07 
0.00786491 0.0176025 4.28823e-05 7.87075e-05 4.0152e-07 0.00359751 0.0249516 0.630228 0.00109159 0.000229392 5.81805e-06 8.59901e-05 5.5697e-11 1.64786e-07 0.0352675 3.57711e-08 4.55713e-07 0.00292898 0.0288395 0.000116844 0.127579 0.00691616 1.14781e-06 0.0992997 1.1079e-07 0.00190611 0.00197616 0.0093873 6.34548e-07 1.12921e-06 
0.0214341 0.00667488 0.100744 0.000565874 0.000768355 0.000196767 0.149024 0.0434737 1.61587e-10 0.0677942 0.000394012 0.0552576 1.20618e-10 1.44744e-07 0.00140484 5.38405e-10 4.3747e-10 0.000102406 0.00405564 0.00274826 3.81578e-05 0.523889 8.47661e-08 0.0108187 1.05011e-07 3.30997e-05 1.74374e-07 0.00972653 0.000590266 0.000265423 
1.31725e-06 0.00744807 2.20992e-07 1.21075e-07 0.113598 0.000919 0.0230682 0.196983 2.44763e-12 0.00980242 0.00689067 9.17563e-06 1.82705e-12 2.07945e-08 0.0046066 1.81541e-06 2.71755e-08 0.00137334 0.0793848 0.00328642 0.105902 2.08578e-06 4.6309e-08 0.0166207 5.73589e-08 2.51733e-12 0.0102861 0.245631 0.173894 0.000290855 
0.00294547 0.00774256 0.000788662 0.000478775 9.8324e-07 6.88217e-05 0.0783543 0.165877 3.98623e-08 0.053657 2.12113e-07 0.100836 5.43236e-12 4.39778e-08 0.00459499 2.42486e-11 1.97027e-11 0.0014942 6.46042e-07 0.00537009 0.00585025 0.517272 3.27938e-08 0.0158365 4.06195e-08 1.8714e-08 0.000268231 0.031744 0.00681915 1.58301e-07 
0.00589458 0.000437038 0.000571031 6.21989e-05 0.250799 0.000720597 0.00957569 0.0315595 3.93986e-07 0.000804709 0.00424209 2.86174e-06 1.75181e-12 7.72374e-10 0.00103644 7.81962e-12 6.35367e-12 0.000118164 0.196405 3.13496e-08 0.228666 0.000484244 0.00147276 0.0224053 3.13728e-05 2.41367e-12 0.00616943 0.220471 0.0180002 7.04229e-05 
6.92938e-05 0.0157335 0.0813889 6.36916e-06 7.30532e-05 0.00336605 0.246408 0.353494 1.28758e-10 4.56293e-05 1.57595e-05 0.000482684 9.61118e-11 2.48555e-10 0.00153923 4.29018e-10 3.48589e-10 5.59991e-06 4.79999e-05 5.28674e-06 3.24459e-05 0.000109722 2.43609e-06 1.78432e-05 3.01737e-06 1.32424e-10 5.01945e-06 0.297102 3.45066e-05 1.17605e-05 
7.72047e-05 7.61829e-06 1.29525e-05 0.00781301 8.13933e-05 0.000501129 4.097e-05 3.36595e-05 2.53934e-06 5.08385e-05 0.0948346 0.000537789 1.07084e-10 2.76932e-10 1.69798e-05 4.77996e-10 3.88386e-10 6.23922e-06 5.34798e-05 5.8903e-06 0.198861 0.574692 2.7142e-06 0.0338163 3.36184e-06 1.47543e-10 5.5925e-06 6.61909e-05 0.0884641 1.31031e-05 
8.2701e-07 1.31881e-06 1.99268e-06 1.81706e-07 2.31028e-06 7.6861e-07 1.13919e-06 0.0128378 0.0344142 8.00941e-07 0.00731146 2.07959e-10 8.09955e-11 4.2102e-08 2.10008e-06 3.61542e-10 2.93764e-10 9.21932e-07 0.348876 3.80758e-10 0.591127 1.22431e-07 4.8696e-06 1.10779e-05 5.31218e-07 1.11597e-10 3.59882e-06 0.00539481 5.22879e-06 5.24791e-07 
1.55448e-05 0.00102 0.00020536 0.000376261 1.63883e-05 3.52367e-05 0.00942522 0.0218849 3.83264e-10 0.0110824 0.000349808 0.0389889 2.86089e-10 7.39857e-10 0.000821901 1.27703e-09 1.03762e-09 0.000172583 1.0768e-05 0.000196154 7.27872e-06 0.878567 5.46878e-07 0.00229811 6.52399e-05 4.6842e-07 1.12618e-06 0.0331966 0.00098978 0.000271845 
2.67627e-05 0.00322323 0.0337058 3.72161e-07 0.0103732 0.00112102 0.0843442 0.204618 0.00161119 0.0565864 0.000360899 2.48775e-05 7.78639e-09 5.20674e-05 0.0176304 3.47564e-08 2.82406e-08 0.000304409 0.0294894 0.000187344 0.0657286 0.368431 6.31856e-06 0.0294049 5.21633e-07 1.41363e-05 0.00342369 0.0381171 0.0512137 1.06858e-06 
0.00123108 0.234145 3.23546e-06 1.76063e-06 0.103781 3.49447e-07 0.0473326 0.00263346 8.6807e-07 0.00270879 0.019443 0.430526 8.52897e-08 0.0198705 0.00269155 3.80711e-07 3.09338e-07 0.00153546 1.28627e-05 0.000939261 1.58378e-05 0.0966207 7.75457e-07 0.0319291 2.03016e-05 5.55137e-05 0.0027861 0.000869699 0.000841395 3.42768e-06 
0.00294547 0.00774256 0.000788662 0.000478775 9.8324e-07 6.88217e-05 0.0783543 0.165877 3.98623e-08 0.053657 2.12113e-07 0.100836 5.43236e-12 4.39778e-08 0.00459499 2.42486e-11 1.97027e-11 0.0014942 6.46042e-07 0.00537009 0.00585025 0.517272 3.27938e-08 0.0158365 4.06195e-08 1.8714e-08 0.000268231 0.031744 0.00681915 1.58301e-07 
8.18108e-07 0.000382618 2.80297e-05 8.04826e-06 2.22716e-05 5.34947e-05 0.0024023 3.71985e-05 0.00346758 0.000102211 0.000283423 6.68602e-05 6.52051e-09 0.00533676 0.000200223 3.97761e-07 2.36493e-08 3.22889e-05 0.00396116 3.4242e-05 1.75512e-05 0.00225502 0.00241285 0.138429 1.29553e-08 0.835724 0.00443295 0.000235582 2.2547e-05 4.98621e-05 
0.00294547 0.00774256 0.000788662 0.000478775 9.8324e-07 6.88217e-05 0.0783543 0.165877 3.98623e-08 0.053657 2.12113e-07 0.100836 5.43236e-12 4.39778e-08 0.00459499 2.42486e-11 1.97027e-11 0.0014942 6.46042e-07 0.00537009 0.00585025 0.517272 3.27938e-08 0.0158365 4.06195e-08 1.8714e-08 0.000268231 0.031744 0.00681915 1.58301e-07 
0.00883484 0.00607688 0.000804724 0.000580073 1.3304e-06 2.04268e-08 0.126501 0.201861 1.4775e-08 0.0346524 2.87004e-07 0.0641786 1.75033e-12 1.63001e-08 0.00499601 7.81303e-12 6.34831e-12 0.00128508 8.74147e-07 0.002176 0.0175499 0.421224 4.43646e-08 0.047508 5.49506e-08 2.41164e-12 0.000804512 0.047389 0.0135743 2.14176e-07 
0.000339707 0.000764276 0.000276454 0.000147367 0.00311542 5.1511e-05 0.0122411 0.0142753 5.49391e-09 0.0115569 7.72615e-05 0.0448705 4.10096e-09 1.06055e-08 0.000932426 1.83056e-08 1.48738e-08 0.000510286 0.00104327 0.00166307 0.000159064 0.897023 1.1948e-05 0.00212882 1.47995e-05 4.67614e-05 2.46096e-05 0.00744625 0.00115955 0.000119925 
0.00373987 2.30127e-06 3.91262e-06 0.000374048 0.00205142 3.77589e-07 0.00660946 0.00733161 3.81443e-06 0.0232128 5.30374e-06 0.102949 2.30552e-10 5.96231e-10 5.129e-06 1.02912e-09 8.36191e-10 1.8849e-06 0.015199 0.000340508 0.00247164 0.785934 8.2012e-07 0.0122699 4.06251e-05 3.17658e-10 0.0170388 0.017654 0.00275624 3.9585e-06 
0.00225277 0.00188385 0.000885599 0.00047021 0.002375 0.00017385 0.0203353 0.0213321 2.297e-08 0.646633 0.000512356 0.0942248 1.71461e-08 4.43417e-08 0.00237227 7.65357e-08 6.21875e-08 0.000716664 0.0015605 0.00119021 0.00105483 0.181205 7.92186e-05 0.000580096 9.81234e-05 5.41194e-05 0.000163193 0.0163274 0.00313691 0.000382386 
0.000123665 0.142778 0.0018723 8.86213e-05 0.0533625 7.57938e-05 0.0543243 0.058116 8.45744e-05 0.00111745 0.00333573 0.00215587 1.04113e-07 2.69248e-07 0.0199036 9.94357e-07 3.7761e-07 0.000130097 0.0791249 4.89434e-07 0.0468648 0.00578868 0.000767504 0.0120292 2.77885e-05 0.00386231 0.00292066 0.487227 0.0238978 1.88554e-05 
5.3053e-05 0.0049069 8.91021e-06 4.88075e-06 0.0492683 0.00814441 2.81539e-05 2.31324e-05 8.70171e-09 3.49442e-05 1.20689e-05 0.00036955 6.49543e-09 1.67979e-08 1.16751e-05 2.89939e-08 2.35584e-08 4.29809e-06 0.0500142 4.07761e-06 2.4843e-05 0.865152 0.00243347 1.3664e-05 2.32279e-06 8.94951e-09 3.84683e-06 0.0194455 2.64206e-05 9.0255e-06 
0.00438327 0.0308551 0.00912284 0.000131105 0.00081947 0.0121904 0.136356 0.0630714 0.000151641 0.00144898 0.000616936 0.00971398 2.89697e-07 1.28522e-05 0.00277912 9.04597e-07 3.55106e-07 0.00861825 0.00411939 2.65017e-05 5.93044e-05 0.598561 0.000229665 0.108116 0.00186132 0.000259582 3.42593e-05 0.00627438 0.000150629 3.54559e-05 
0.00294547 0.00774256 0.000788662 0.000478775 9.8324e-07 6.88217e-05 0.0783543 0.165877 3.98623e-08 0.053657 2.12113e-07 0.100836 5.43236e-12 4.39778e-08 0.00459499 2.42486e-11 1.97027e-11 0.0014942 6.46042e-07 0.00537009 0.00585025 0.517272 3.27938e-08 0.0158365 4.06195e-08 1.8714e-08 0.000268231 0.031744 0.00681915 1.58301e-07 
5.05314e-06 0.0049369 8.47755e-07 4.64461e-07 5.32729e-06 0.00275655 0.0933197 0.124255 7.32473e-08 0.015975 0.0128726 3.5199e-05 7.0088e-12 1.81255e-11 0.0215613 3.12854e-11 2.54203e-11 4.08365e-07 0.0311563 3.85527e-07 0.0241362 0.357668 0.00149242 0.089783 2.20037e-07 9.65684e-12 0.000110177 0.191491 0.0284371 8.57617e-07 
1.1534e-05 0.00510647 1.8312e-05 1.3787e-06 0.0069863 0.0005463 0.0337996 0.501287 0.133396 2.85872e-06 0.000358945 5.33158e-07 4.84583e-08 0.000204958 0.00152639 0.000103717 1.75754e-07 0.000988195 0.121561 2.27801e-07 0.0245432 0.000271177 2.19827e-06 0.134438 0.000223199 0.00182224 0.0165502 0.000799701 0.0153421 0.000108306 
0.017081 0.000668009 0.000445582 0.000562271 0.000179091 3.03752e-05 0.00670483 0.0137149 6.588e-09 0.0069122 0.000248896 0.029805 4.91765e-09 1.27176e-08 0.000552051 2.19511e-08 4.55414e-06 0.000425614 0.000117673 0.000352505 0.000844421 0.908224 5.97889e-06 0.0038489 0.000127556 3.72778e-05 1.2308e-05 0.00806661 0.000678835 0.000349544 
0.00194722 0.0342306 0.00704785 3.14006e-05 7.41938e-05 6.60786e-07 0.044878 0.000496229 0.000406965 0.00940644 1.70389e-07 9.24905e-05 3.40351e-09 4.6051e-06 4.16672e-06 1.51924e-08 1.23443e-08 0.00459795 0.000347649 0.000605622 0.00506342 0.72228 1.0193e-05 0.139983 9.27107e-06 4.37801e-06 0.0151941 0.00643341 2.98136e-06 0.00684697 
2.36054e-05 0.0505481 3.96023e-06 2.16969e-06 2.48861e-05 0.000306059 0.11651 0.142032 4.38621e-11 0.00778749 0.027922 0.000164429 3.27411e-11 8.4672e-11 0.0327122 1.46148e-10 1.18749e-10 1.90765e-06 1.63515e-05 1.80096e-06 1.10529e-05 0.336436 8.29869e-07 6.0784e-06 1.02788e-06 4.51112e-11 0.0107741 0.184185 0.0905243 4.00629e-06 
0.000445116 0.011181 0.0190429 0.00112413 0.000282187 0.0422064 0.0164355 0.0833274 0.000497434 0.195106 0.0458102 0.117139 4.80171e-08 0.00032687 5.84406e-07 7.22685e-08 3.84994e-05 0.0102964 0.0735202 3.13183e-06 0.0415887 0.204918 0.00160806 0.0521463 0.00908503 0.00633625 0.0106101 0.0501598 0.00675015 1.46814e-05 
1.33811e-05 0.00390237 6.46436e-05 0.000122001 3.20739e-06 0.000140213 0.0664135 0.112582 1.18402e-05 0.00611593 0.00130849 0.00221888 8.76111e-09 1.06304e-05 0.00104027 1.27627e-05 9.36139e-06 0.00604091 0.0144986 0.000596308 0.00178346 0.696452 0.000114628 0.0193862 3.44863e-07 1.80309e-06 0.000178683 0.0040051 0.0629617 1.07028e-05 
0.02822 0.0799288 0.00481384 0.000268531 0.00145391 0.0109498 0.257001 0.029412 1.552e-10 0.0375141 0.0201482 0.00166368 1.1585e-10 2.95989e-07 0.242653 1.86291e-05 1.53727e-07 0.00593641 0.00422948 4.55886e-05 0.000205386 0.256708 1.70709e-10 0.0123664 0.0040751 0.00190896 1.03739e-07 0.000463811 4.95823e-07 1.48744e-05 
0.000967152 0.0027435 8.22301e-06 0.00529532 0.000264482 0.00544874 4.24386e-06 0.0250708 0.00535521 2.04645e-10 0.00227632 0.213987 1.15912e-10 0.000156095 1.48599e-06 1.0144e-07 6.41707e-07 0.000469283 0.0408218 9.57124e-07 0.0879805 0.00653932 0.00235598 0.547493 0.000214696 7.32224e-07 0.0034425 0.0440476 0.00505163 3.20805e-06 
2.78594e-05 0.001366 0.000409836 0.00180218 0.0144449 7.01947e-05 0.0188477 0.0196431 3.13919e-10 0.0221574 6.33616e-06 0.0779528 2.34326e-10 6.05993e-10 0.00164229 1.04597e-09 8.49881e-10 0.00281227 1.92983e-05 0.000389952 1.30448e-05 0.822109 9.79706e-07 7.17388e-06 1.21351e-06 7.5799e-07 2.01817e-06 0.0142917 0.00197778 4.72893e-06 
0.010934 0.0737866 0.159971 5.17901e-06 1.12451e-07 0.00818076 0.387091 0.00107034 0.000164947 0.220118 0.00508537 0.000344087 3.74882e-11 0.000122492 0.00709954 1.67337e-10 1.35966e-10 2.31604e-08 0.0236779 2.16476e-08 0.00551163 0.00779071 0.000128471 0.0338781 1.4713e-05 0.000206857 5.33253e-05 0.0505761 0.00418828 1.74934e-07 
0.00854446 0.00267805 0.00176531 0.000347072 4.06293e-05 0.000332771 0.0827008 0.0420585 1.59528e-09 0.0377944 8.76528e-06 0.0645102 1.1908e-09 2.56982e-06 0.00235886 5.31543e-09 4.31894e-09 0.000177187 0.0240088 0.00111261 7.98356e-05 0.719995 1.3565e-06 0.00324273 1.68036e-06 5.83662e-05 2.79227e-06 0.00716897 0.00100196 6.54446e-06 
0.000369256 3.64369e-05 6.19494e-05 3.39403e-05 0.00038929 5.97708e-06 0.000195952 0.000160987 6.8613e-10 0.000243152 8.39801e-05 0.00257215 5.12165e-10 1.32451e-09 8.12112e-05 2.28617e-09 1.85758e-09 2.98411e-05 0.000255784 2.81722e-05 0.000172899 0.994565 1.29815e-05 9.50836e-05 1.60791e-05 7.05669e-10 2.67479e-05 0.000316579 0.00018388 6.267e-05 
0.00147637 0.00766695 0.000395496 0.000239992 4.23292e-06 3.47494e-05 0.236977 0.209598 2.22517e-07 0.0526566 0.00218016 0.0504462 8.90811e-11 2.45555e-07 0.00229979 3.97634e-10 3.2309e-10 0.000748698 2.78126e-06 0.0168336 0.0269676 0.341651 1.41275e-07 0.00792111 1.74998e-07 2.31123e-07 0.000134505 0.0383515 0.00341181 6.81712e-07 
5.12148e-08 8.09758e-05 9.58449e-08 4.63987e-06 0.517188 0.000168644 8.40852e-08 0.00916778 1.3709e-12 9.98666e-08 2.88869e-05 4.75778e-08 1.02332e-12 2.64641e-12 2.11658e-08 4.56783e-12 9.39366e-09 0.000151557 0.00525634 4.8106e-12 0.411144 2.33602e-08 7.681e-05 0.00772911 1.42574e-06 0.000180849 2.89156e-08 0.0437432 0.0050769 1.99786e-09 
0.00821165 0.0083797 0.00567028 0.000316371 0.0132062 9.73052e-05 0.0964971 0.404717 2.69856e-11 0.00425272 0.0092346 2.12195e-05 2.01435e-11 1.82479e-07 0.0150099 8.99153e-11 7.30588e-11 0.000825973 0.0781034 2.32488e-07 1.42638e-06 0.267565 1.07117e-07 0.0107418 0.00783089 7.48181e-07 0.00040694 0.0393583 0.0295504 5.17064e-07 
0.00145157 0.00824944 0.000181966 0.000238197 0.000504788 0.000884827 0.0189845 0.0431136 0.000157577 0.016904 2.11295e-05 0.032681 3.20953e-08 6.14615e-06 0.000964603 1.43265e-07 6.59163e-05 0.000329215 0.00311559 0.00248427 0.00185216 0.851319 3.31043e-06 0.00324416 1.37575e-05 2.51775e-06 0.00029236 0.0108057 0.00211301 1.58631e-05 
0.00850536 0.0686033 0.124438 4.06127e-06 1.3748e-07 0.00924517 0.38324 0.00684079 0.000128529 0.226684 0.00395629 0.00026808 1.20996e-10 0.00357594 0.0183549 3.28496e-07 4.38844e-10 5.14058e-08 0.0210438 0.00020174 0.00428783 0.0156161 0.000100118 0.0620919 1.15529e-05 0.000161087 4.16456e-05 0.0393407 0.00325886 2.14031e-07 
0.0363726 0.0148672 0.00050463 1.62742e-08 0.00129977 0.00165783 0.00443624 0.00307075 0.219444 2.27644e-05 0.00893988 7.07819e-11 2.7568e-11 3.81996e-09 1.87945e-07 1.23056e-10 9.9987e-11 8.25316e-08 0.148583 1.29597e-10 0.474215 1.09774e-08 0.000764684 0.0165461 4.75752e-08 0.00421864 0.0475494 0.0116491 0.00585751 4.7029e-08 
3.34851e-05 0.00514153 0.00883878 2.60895e-05 0.000515619 5.89122e-07 0.0137414 0.0474094 1.21203e-06 0.0300808 0.000147514 0.00202276 4.00692e-10 9.86439e-08 6.25093e-07 3.38739e-07 1.45327e-09 2.49538e-06 0.000324242 0.0019294 0.000432968 0.887364 9.82132e-07 1.16183e-06 1.76703e-07 3.65087e-07 0.00017 0.0016983 0.000115083 5.16659e-07 
0.000432362 0.000609541 0.000212301 0.000604911 8.66866e-07 0.000104505 0.00907485 0.0140476 1.29406e-11 0.00851694 0.00164178 0.0316236 9.65958e-12 3.91563e-08 0.00109801 4.47209e-09 1.26997e-08 0.00188049 0.000970434 0.00433956 3.85011e-07 0.911144 1.52145e-05 0.0082245 5.55618e-05 1.72074e-05 5.95669e-08 0.00428054 0.000589382 0.000515294 
8.38439e-07 0.00726415 0.00371365 7.70653e-08 0.161848 1.35716e-08 0.0384426 0.0628368 1.55794e-12 0.215873 0.0197172 0.0344639 1.16293e-12 3.00746e-12 1.84399e-07 5.19101e-12 4.21785e-12 0.000474372 0.0457666 6.39683e-08 3.92587e-07 0.106078 0.000857784 2.15898e-07 3.65094e-08 1.6023e-12 6.07342e-08 0.165907 0.135945 0.000811249 
1.12358e-05 0.00136173 0.000406143 0.000217753 1.18454e-05 6.9329e-05 0.0188362 0.0196295 1.19665e-10 0.0221323 2.55539e-06 0.0778301 8.93246e-11 2.31003e-10 0.00527852 3.98721e-10 3.23973e-10 0.000341219 7.78304e-06 0.000383123 5.261e-06 0.835843 3.9511e-07 0.0013836 4.894e-07 2.87344e-07 8.13931e-07 0.0142763 0.00196905 1.90717e-06 
0.00358139 0.000364528 2.73997e-05 0.000254842 0.00586187 0.00360154 0.0348928 0.0578782 0.000965992 0.0165257 0.026096 0.295275 3.51227e-08 0.0235178 0.000656477 1.56779e-07 1.27387e-07 0.0574391 0.00748318 0.000576755 0.0466491 0.352843 5.78151e-06 0.00473807 7.16669e-06 0.0144666 0.0140758 0.000139749 0.0311137 0.000961743 
0.00371787 0.000429306 0.000453847 0.000652177 0.00202831 2.94053e-08 0.163712 0.00731947 4.06371e-07 0.00805993 4.12999e-07 0.116135 2.28408e-11 5.90688e-11 3.99395e-07 1.01955e-10 8.28417e-11 0.00153925 0.0151799 0.00306891 0.00762848 0.631033 6.3869e-08 0.0154948 4.99677e-05 3.14704e-11 0.00273801 0.017634 0.00274479 0.000379402 
0.00373425 0.00112322 2.83165e-06 0.00112292 0.00204536 2.73423e-07 0.00660788 0.00733337 9.46736e-06 0.0080858 3.83789e-06 0.258927 5.16672e-10 1.33617e-09 3.71167e-06 2.30629e-09 1.87392e-09 1.36447e-06 0.0152015 0.000349449 0.0654401 0.569637 0.00971466 4.34527e-06 4.11657e-05 7.11879e-10 0.000664643 0.0176512 0.0300864 0.00220826 
0.0295691 0.0227435 0.00443832 2.80499e-07 0.0252666 0.000418345 0.761869 0.00675636 3.39754e-11 0.0199548 0.000203531 0.00676876 2.53611e-11 6.55865e-11 0.000203767 6.66241e-08 0.000264805 8.11009e-05 0.00741866 2.32916e-07 0.0431127 0.0043358 1.53874e-05 0.0095292 8.77634e-06 5.09144e-07 2.21059e-07 0.0461173 0.0109166 5.74635e-06 
4.34389e-07 6.92707e-07 1.04666e-06 9.54414e-08 0.0178393 0.00218046 0.0122072 3.96418e-06 1.12905e-05 4.20696e-07 8.7261e-07 1.09231e-10 4.25431e-11 2.21142e-08 1.10307e-06 1.89901e-10 1.543e-10 4.84247e-07 1.77893e-05 1.99994e-10 0.889878 6.43072e-08 0.0289053 0.0488829 5.60837e-05 5.86165e-11 1.89029e-06 7.06644e-06 2.74644e-06 2.75648e-07 
3.59643e-07 0.0183484 2.86514e-11 1.84147e-08 1.61292e-06 0.0985342 0.0188779 0.552092 1.18051e-06 6.44752e-09 1.28403e-07 0.000135967 1.81686e-11 1.73853e-06 1.0034e-07 8.11e-11 2.7024e-07 3.67286e-07 3.66563e-06 8.54104e-11 1.55798e-06 1.96026e-11 0.00204962 0.00741572 3.60985e-11 8.28617e-07 0.0178625 0.0776797 0.206992 6.19249e-11 
1.90001e-05 0.0120585 0.000995326 1.1744e-05 1.17125e-05 4.98296e-06 0.19547 0.182733 0.0044202 3.36162e-06 0.0234932 2.72488e-09 1.06128e-09 9.2775e-06 0.00314575 4.73729e-09 1.44558e-06 2.96808e-06 0.0143489 4.98907e-09 9.06056e-07 0.399706 4.32925e-06 0.0943583 0.00452346 1.86068e-06 8.00711e-06 0.0617406 1.34311e-05 0.00291469 
3.18156e-06 0.000855141 0.000729917 4.04818e-07 8.4447e-08 1.26839e-05 3.51755e-05 2.9136e-07 0.0036668 6.12117e-06 0.00109308 9.82311e-07 2.99768e-10 0.00623998 4.38748e-07 1.33808e-09 6.39821e-06 6.74027e-06 2.81052e-07 1.26783e-07 3.04966e-06 3.14998e-05 0.00186165 0.000725385 5.95595e-10 0.984179 0.000541488 1.28594e-07 8.16098e-08 1.02171e-09 
0.000172146 0.0602845 0.0394269 1.58195e-05 4.05572e-05 1.14373e-06 0.0719683 0.000337554 0.0009046 0.00153613 7.95304e-05 0.818192 4.41136e-12 3.53723e-09 0.00141994 7.80406e-10 1.59996e-11 1.22874e-05 0.000475299 7.23104e-09 0.00161638 4.75953e-12 0.00288106 6.18953e-08 1.19889e-05 2.34271e-06 0.000149058 0.000375176 9.76459e-05 2.4193e-08 
0.000497679 0.00106094 8.7582e-05 0.00139638 0.0163933 0.0153106 0.0106218 0.0218624 0.00011353 0.00659057 0.0159475 0.000483894 7.33209e-09 0.000116176 3.7983e-06 3.27285e-08 2.65929e-08 0.000240528 5.3709e-06 0.00768579 1.65516e-05 0.710166 0.000209238 0.0270818 6.03788e-05 0.000370727 0.00287077 0.158972 0.00182533 8.96905e-06 
0.0112766 0.147349 0.0694231 9.98134e-08 0.0299773 0.00472594 0.485074 0.101549 0.000205727 0.000807309 2.61675e-05 0.0102028 2.36595e-09 9.27428e-06 0.0295909 1.0561e-08 0.00691957 0.0227782 0.00270671 1.11223e-08 0.0430973 6.39324e-06 3.92182e-05 0.00660354 7.79917e-06 0.000381689 0.000390596 0.010603 0.0162487 8.06396e-09 
0.00419336 8.96874e-08 0.000115501 0.00057622 0.00364533 0.000361787 0.0144473 0.0170211 2.62947e-11 0.0171514 0.00833633 0.103434 1.96278e-11 0.00171679 0.000277963 8.76134e-11 3.9989e-08 0.00670233 0.0117564 0.0295507 4.2552e-07 0.770543 2.53642e-05 0.00889556 3.96077e-08 0.000562548 0.000601237 7.79119e-07 4.52545e-07 8.35432e-05 
0.00160145 0.00244915 6.29223e-05 9.43839e-05 4.81048e-05 7.50934e-07 0.0219506 0.0604787 2.2862e-06 0.00235986 0.00129584 0.0255449 2.14604e-08 2.54568e-06 0.000860787 9.57934e-08 7.78349e-08 0.0123982 0.000724709 0.000589454 0.00194175 0.504706 2.55394e-05 0.30981 0.000297034 6.8534e-06 0.00132063 0.0132772 0.0366944 0.0014556 
8.38439e-07 0.00726415 0.00371365 7.70653e-08 0.161848 1.35716e-08 0.0384426 0.0628368 1.55794e-12 0.215873 0.0197172 0.0344639 1.16293e-12 3.00746e-12 1.84399e-07 5.19101e-12 4.21785e-12 0.000474372 0.0457666 6.39683e-08 3.92587e-07 0.106078 0.000857784 2.15898e-07 3.65094e-08 1.6023e-12 6.07342e-08 0.165907 0.135945 0.000811249 
0.0016698 0.00119681 0.00258493 0.000163337 0.0248963 5.50788e-06 0.0225421 0.00911761 8.74891e-09 0.00203128 0.00120331 0.0417469 6.53067e-09 1.6889e-08 0.00169597 2.91512e-08 2.36862e-08 2.7491e-05 0.00292048 0.00072202 0.00514409 0.859338 1.19637e-05 0.0028985 1.48193e-05 8.99806e-09 0.000192764 0.018059 0.00175942 5.77336e-05 
0.0206133 0.00151349 0.00109187 0.000293217 7.94509e-08 1.27954e-07 0.337638 0.0773032 6.27578e-08 0.0825441 2.42194e-07 0.00202097 7.43467e-12 6.92358e-08 1.60641e-07 3.31864e-11 2.69649e-11 0.00997791 5.75974e-07 0.264698 1.05902e-07 0.202069 1.09553e-11 6.05804e-07 2.26021e-07 3.72877e-07 0.000234433 9.29222e-08 7.71961e-08 2.53399e-11 
0.00478768 0.0233347 0.00725895 0.000240137 0.0578533 0.00554709 0.0255196 0.0388595 3.22642e-05 0.0697615 0.0579073 0.055123 8.39477e-07 0.00010856 0.00376702 0.00382136 1.59008e-05 0.00398897 0.0222724 0.0105649 0.0375571 0.419888 0.0283108 0.0134861 0.0006393 0.00010539 0.00568259 0.0579725 0.0454593 0.000133809 
0.000133977 0.00062814 0.00108812 4.08006e-05 0.00115932 0.056983 0.00500365 0.051504 0.760797 0.00207453 0.0022537 0.000163863 4.84269e-07 0.0143588 0.00316778 2.16165e-06 1.7564e-06 0.000288223 0.00108137 2.27654e-06 0.00812631 2.62571e-05 0.00821416 0.000146657 9.62172e-07 0.000892844 0.00427425 0.000836749 0.0767477 1.65055e-06 
2.36972e-06 3.84951e-07 8.88164e-06 5.98159e-05 4.89963e-06 4.55919e-07 0.00203004 0.00450785 0.0141733 0.000108737 6.23742e-06 9.75245e-08 1.13348e-10 2.93131e-10 1.14315e-07 1.36401e-07 4.11105e-10 4.32787e-06 7.41287e-06 4.62146e-08 8.7334e-08 0.000300057 2.54957e-07 0.0724095 2.85923e-06 1.9808e-06 1.46474e-06 5.18166e-07 7.15389e-07 0.906367 
0.000293338 0.000813156 0.000151538 0.000677574 0.00109963 1.38144e-05 0.0131406 0.0101219 3.49679e-11 0.00442495 0.000169069 0.0178935 2.6102e-11 1.03582e-05 0.000892167 1.16512e-10 9.46697e-11 0.000174857 0.0020937 0.000581308 5.41903e-07 0.93328 4.07221e-08 0.00905068 4.80232e-05 0.00010484 1.21816e-05 0.00417409 0.000393242 0.000384719 
2.3795e-05 0.000744188 0.000235954 0.00736745 2.50876e-05 0.000317269 0.00788505 0.0229476 7.01386e-09 0.00695613 0.000885468 0.0157246 5.23553e-09 1.35396e-08 0.000687036 2.337e-08 1.89888e-08 0.000414615 0.00193416 8.51742e-05 0.00139912 0.918102 8.44113e-07 0.00565281 2.75829e-05 0.00148558 1.72673e-06 0.00525758 0.00164942 0.000189855 
0.00412581 0.0228907 0.00467284 0.0013945 0.00521501 0.0052394 0.0358112 0.0448035 6.88193e-07 1.09725e-06 0.0617499 0.458985 2.82203e-11 7.39386e-08 2.34667e-07 1.60629e-08 2.95019e-08 0.000341179 0.000470992 0.000344206 0.0139819 0.227879 0.000979267 0.0796985 0.000229065 0.00338222 4.38677e-07 0.0229397 0.00439135 0.000472086 
1.63906e-06 0.0020315 0.000404044 0.000748184 1.72798e-06 6.88512e-05 0.0188296 0.025461 1.35291e-11 0.0221184 0.000692472 0.0777596 1.00988e-11 2.61167e-11 0.00163325 4.50786e-11 3.66277e-11 0.000339525 1.13538e-06 0.000379385 7.67468e-07 0.829005 5.7634e-08 0.00362821 0.000127713 3.29431e-08 1.18734e-07 0.0142674 0.00196403 0.00053595 
0.0115053 0.0145366 0.440525 3.25549e-05 4.37227e-06 0.000949557 0.0357103 0.00936358 0.000145767 0.0506292 0.00313524 0.0109105 4.04565e-07 5.23943e-07 3.14461e-05 6.64343e-07 9.74963e-06 0.000378532 0.0488177 0.0480873 0.00418931 0.0313093 2.53089e-05 0.0254359 0.000265221 0.25163 1.28993e-05 0.0121725 2.49948e-06 0.000183413 
2.6619e-06 0.003126 4.46581e-07 0.000367249 0.0493938 4.30876e-08 0.0237328 0.0393431 4.94618e-12 0.0243661 0.00956588 1.85421e-05 3.6921e-12 2.57896e-08 0.0036303 1.64806e-11 1.33909e-11 2.15119e-07 0.0838993 0.00136089 0.0281698 0.211595 9.35814e-08 0.0392764 1.15911e-07 5.08704e-12 0.00121496 0.433612 0.0473238 4.51776e-07 
0.0363726 0.0148672 0.00050463 1.62742e-08 0.00129977 0.00165783 0.00443624 0.00307075 0.219444 2.27644e-05 0.00893988 7.07819e-11 2.7568e-11 3.81996e-09 1.87945e-07 1.23056e-10 9.9987e-11 8.25316e-08 0.148583 1.29597e-10 0.474215 1.09774e-08 0.000764684 0.0165461 4.75752e-08 0.00421864 0.0475494 0.0116491 0.00585751 4.7029e-08 
0.208019 0.018894 3.96533e-06 2.17249e-06 2.49181e-05 0.0136588 0.194425 0.0350463 4.39187e-11 0.0404818 0.174172 0.000164641 3.27833e-11 8.56289e-09 5.19827e-06 1.46336e-10 1.18902e-10 0.00477717 1.63726e-05 1.80328e-06 1.10671e-05 3.74258e-05 8.30939e-07 6.08623e-06 1.02921e-06 2.60179e-06 0.000172923 0.310059 1.177e-05 4.01146e-06 
3.05551e-08 0.000171144 0.000187104 2.32122e-06 0.432362 9.72879e-05 0.00026486 0.00624341 1.59472e-12 5.95816e-08 0.000388766 3.2467e-06 1.19039e-12 1.6678e-08 7.42589e-05 5.31357e-12 6.52787e-09 7.57861e-05 0.0226835 5.59598e-12 0.402701 1.39374e-08 3.84111e-05 0.00749425 5.01341e-06 9.0432e-05 0.000215697 0.118746 0.00815496 1.1939e-09 
2.03019e-07 0.00376485 2.92823e-06 3.51349e-06 0.00521397 0.0893865 0.00660527 0.0509442 0.00235932 5.06922e-06 0.00873184 8.87344e-07 7.22064e-08 1.5919e-05 0.00102381 3.2231e-07 2.61886e-07 0.000405762 0.000427283 3.39441e-07 7.77446e-05 0.809515 1.51161e-07 0.0171281 0.000451848 0.00315767 0.000113476 3.76382e-05 6.0993e-05 0.000564931 
0.000149998 1.48013e-05 2.51649e-05 1.37871e-05 0.000158136 2.42799e-06 7.95992e-05 6.53959e-05 2.78718e-10 9.87724e-05 3.41142e-05 0.00104485 2.0805e-10 5.3804e-10 3.29894e-05 9.28682e-10 7.54581e-10 1.2122e-05 0.000103904 1.14441e-05 7.02346e-05 0.997792 5.27332e-06 3.86246e-05 6.5316e-06 2.86655e-10 1.08655e-05 0.0001286 7.46953e-05 2.54576e-05 
0.0111172 0.00268491 0.00123222 3.2367e-08 0.0719949 0.000219602 0.0145603 0.0287908 1.90863e-08 0.00389409 0.00549326 0.0134957 8.39321e-13 2.17057e-12 0.0012544 3.74651e-12 3.04415e-12 0.000160555 0.0400622 2.68678e-08 0.101222 0.00548631 3.01306e-05 0.0160134 1.53343e-08 0.000812309 0.000227821 0.629416 0.0518213 1.04435e-05 
0.00677489 0.00395245 0.00134116 0.000936883 0.0367838 3.19326e-05 0.0427742 0.040621 3.13159e-11 0.0840315 0.0042382 0.131552 2.33759e-11 9.85536e-09 0.00245208 1.04344e-10 5.06642e-07 0.0090635 0.0207309 4.16454e-06 0.00525766 0.507728 0.000174885 0.0110788 3.63818e-05 3.22077e-11 2.73549e-05 0.0610719 0.0288746 0.000461376 
0.000104381 0.00171355 0.00932205 0.0004083 7.65104e-06 0.0341099 0.00947035 0.00987697 1.93179e-05 1.11781e-05 0.0243018 0.00380558 1.81587e-08 0.00145869 1.92032e-05 8.10557e-08 6.58601e-08 0.00744673 0.000430012 2.9057e-05 8.92914e-07 0.8812 2.71114e-06 0.0161211 3.60787e-08 1.21046e-06 0.000100524 7.68943e-06 2.93593e-05 1.73759e-06 
0.00294547 0.00774256 0.000788662 0.000478775 9.8324e-07 6.88217e-05 0.0783543 0.165877 3.98623e-08 0.053657 2.12113e-07 0.100836 5.43236e-12 4.39778e-08 0.00459499 2.42486e-11 1.97027e-11 0.0014942 6.46042e-07 0.00537009 0.00585025 0.517272 3.27938e-08 0.0158365 4.06195e-08 1.8714e-08 0.000268231 0.031744 0.00681915 1.58301e-07 
0.000138693 0.00148608 2.32694e-05 0.000202851 0.000146218 2.24547e-06 0.0036975 0.015964 1.3499e-09 9.13291e-05 0.00449049 0.0502495 1.00764e-09 2.60587e-09 3.05039e-05 4.49785e-09 3.65464e-09 0.00141243 0.00353816 1.05853e-05 0.00311884 0.908638 4.87706e-06 0.00621896 6.04092e-06 5.51134e-06 1.0047e-05 0.000118907 6.90658e-05 0.000326108 
0.000130752 1.29021e-05 2.1936e-05 1.20181e-05 0.000137846 2.11646e-06 6.93858e-05 5.70049e-05 7.31297e-08 8.60989e-05 2.9737e-05 0.274147 1.81355e-10 4.69004e-10 2.87565e-05 8.09522e-10 6.57761e-10 1.05666e-05 9.0572e-05 9.97566e-06 6.12228e-05 0.724839 4.5967e-06 3.36687e-05 5.69353e-06 2.49874e-10 9.47131e-06 0.000112099 6.51112e-05 2.21912e-05 
1.12358e-05 0.00136173 0.000406143 0.000217753 1.18454e-05 6.9329e-05 0.0188362 0.0196295 1.19665e-10 0.0221323 2.55539e-06 0.0778301 8.93246e-11 2.31003e-10 0.00527852 3.98721e-10 3.23973e-10 0.000341219 7.78304e-06 0.000383123 5.261e-06 0.835843 3.9511e-07 0.0013836 4.894e-07 2.87344e-07 8.13931e-07 0.0142763 0.00196905 1.90717e-06 
0.020284 3.03219e-07 5.15527e-07 0.00121478 0.00453864 0.000213931 0.0437034 0.037513 5.7098e-12 0.0926758 0.0241814 0.57367 4.26211e-12 1.73061e-07 6.7582e-07 1.90249e-11 1.54583e-11 0.00218555 0.0432121 0.00138344 1.43882e-06 0.149868 1.08029e-07 0.00174157 1.33806e-07 2.46699e-08 0.00360617 2.63449e-06 1.53021e-06 5.21524e-07 
7.77623e-06 0.00222559 0.00171617 7.14817e-07 0.013321 0.000234525 0.0553492 0.0237258 1.36959e-10 0.014637 0.00175223 5.41673e-05 1.02234e-10 0.000336857 1.71034e-06 4.56344e-10 3.70793e-10 0.00149712 5.38664e-06 0.00539648 3.64114e-06 0.778842 2.73514e-07 0.0189388 3.38792e-07 1.36668e-05 0.0038929 0.0681018 3.87239e-06 0.00994143 
