3.29005e-07 5.47911e-07 1.07729e-06 0.000494705 5.61524e-07 0.00499293 0.000744346 0.00448652 9.15173e-07 1.2061e-06 3.9248e-07 1.75397e-06 0.924629 1.76666e-06 8.19986e-07 3.04934e-06 0.00148908 1.16039e-06 0.000566492 0.0170236 3.27626e-07 0.0354531 0.00141029 0.00597797 0.00163011 9.41235e-07 4.2932e-07 1.94931e-07 0.00108396 2.32836e-06 
0.0339877 0.0174787 0.00441989 5.43272e-05 0.0508868 0.0601344 0.0530185 0.072786 0.00251544 0.00817374 0.0435194 0.00076467 0.198511 0.000619291 0.0182013 2.21254e-05 0.00505353 0.00112926 0.00955239 0.000691655 0.0275222 0.00639881 0.00461109 0.0264997 0.00431432 0.00490626 0.0577843 0.160054 0.126387 2.02175e-06 
6.32402e-05 0.000239779 8.78836e-06 2.68667e-09 0.00473553 0.0305972 0.00656543 0.0247944 7.60925e-07 0.00781409 0.0282858 5.56047e-06 0.785152 0.00161329 0.00427863 1.76879e-06 0.000468533 0.00180714 2.6395e-05 0.00458374 4.25313e-05 0.00232028 0.0131161 0.0054971 0.00457861 0.00337154 0.00986824 0.053493 0.00667023 1.26576e-08 
1.30384e-07 0.000589607 4.26926e-07 1.95855e-07 0.000400637 0.000423192 0.000284794 0.000364139 0.000669692 0.00057375 1.55539e-07 6.95096e-07 0.742306 0.00502426 0.000301185 1.20845e-06 9.81897e-07 0.000252043 0.000464314 4.62852e-05 2.76827e-05 0.159416 0.00456942 0.0658531 0.0004381 3.73009e-07 0.000744811 7.72507e-08 0.0172459 9.22724e-07 
0.00677444 0.00304547 0.00051059 6.23766e-05 0.0333105 0.0402869 0.00833716 0.0228756 0.21053 0.00140984 0.0544323 6.46143e-05 0.321336 0.00447459 0.0043136 0.00156398 0.000107667 0.000711798 0.0152247 7.50815e-05 0.0196176 0.0254571 0.00587652 0.0566433 0.000185398 0.00185627 0.0397271 0.050894 0.0687353 0.00156025 
0.0349654 0.00484874 0.000931332 0.0042041 0.0311702 0.177795 0.205236 0.00591854 0.00248717 0.0112626 0.00754341 0.000169009 0.210065 0.00226653 0.00203679 3.91895e-07 0.00021341 0.080054 0.0155812 0.0180462 0.0130729 0.0534617 0.00225476 0.0662468 0.00162482 0.00613512 0.00291864 0.00314401 0.0363456 2.99237e-07 
0.0376788 0.0024985 0.000102812 0.000227738 0.00292674 0.140841 0.0192092 0.0371895 0.00419369 0.0189936 0.0409953 6.82411e-08 0.307895 0.0130912 0.0190839 1.25271e-05 1.48726e-05 0.00216442 0.00304188 0.00245589 0.000221964 0.012738 0.00390723 0.0141561 0.0664345 0.000677991 0.038892 0.0423565 0.167996 4.09771e-06 
8.5525e-06 0.000487856 0.000563469 9.76849e-08 0.00583202 0.165407 4.26355e-06 1.3701e-05 0.000193342 5.60738e-05 0.0604345 3.3284e-07 0.591748 2.17639e-06 0.0022993 5.78652e-07 0.000155787 4.68113e-05 7.31038e-06 6.09407e-07 0.000110268 0.0185233 0.0684007 0.0407242 0.0013297 0.000232892 0.00370764 0.0147529 0.0249562 4.41837e-07 
0.00395065 0.0306858 3.04901e-05 1.3685e-05 0.00262648 0.0174722 0.0914452 0.0896222 0.0149749 6.59376e-05 0.00759919 1.24012e-06 0.386596 0.00143381 0.0226402 2.82688e-07 2.29692e-07 4.87872e-05 0.0325106 6.14988e-06 0.0443977 0.0019733 0.00157469 0.0106552 0.000178952 4.9386e-05 0.156927 0.0396327 0.0428819 4.67623e-06 
5.33859e-06 6.97078e-07 1.50871e-06 0.00771256 0.0181706 0.067076 0.0191154 0.00159968 1.34133e-05 0.00173229 0.0205519 1.88774e-06 0.748808 0.00151046 0.0186766 2.43069e-07 0.000971336 0.00741498 0.000900085 0.00189753 0.00369024 0.016694 0.00909715 0.00760647 6.16302e-06 1.52286e-05 0.0132178 0.0159846 0.0175265 1.54667e-06 
2.38713e-10 0.00462279 0.00109009 0.000788847 3.17941e-06 0.212138 0.0149974 0.017611 6.64015e-10 0.0125439 0.00481259 0.000117096 0.40136 5.55176e-07 0.141212 5.89683e-05 1.79771e-09 0.00514426 5.36569e-06 0.0606423 0.0105731 0.0768243 0.00204362 0.000738616 0.00146651 6.82925e-10 0.010161 0.00769854 0.013347 1.68937e-09 
0.00288975 0.00019267 0.000336481 0.000136424 0.00308592 0.101301 0.0802815 0.0268224 0.00914192 0.00163058 0.0137572 0.000542893 0.514985 0.0231303 0.0210465 1.59361e-07 0.000181971 0.00682492 0.00146685 0.00123291 0.00318177 0.0236759 0.0409749 0.033533 0.0001038 0.000510744 0.0146137 0.0419219 0.0324964 6.70177e-07 
0.000100206 0.00645738 0.00494466 7.1464e-05 0.000752092 0.00881341 0.0909127 0.195157 0.00129524 0.0262344 0.0323379 0.0185714 0.262615 0.000232 0.00931998 4.84747e-08 2.62836e-06 0.00449789 0.000693948 0.00442499 0.00195211 0.122636 0.033239 0.0174215 0.00385111 0.000974951 0.0462296 0.0168674 0.0893923 2.1819e-06 
5.33859e-06 6.97078e-07 1.50871e-06 0.00771256 0.0181706 0.067076 0.0191154 0.00159968 1.34133e-05 0.00173229 0.0205519 1.88774e-06 0.748808 0.00151046 0.0186766 2.43069e-07 0.000971336 0.00741498 0.000900085 0.00189753 0.00369024 0.016694 0.00909715 0.00760647 6.16302e-06 1.52286e-05 0.0132178 0.0159846 0.0175265 1.54667e-06 
0.000359914 0.000109524 1.22911e-05 3.05198e-06 0.0311809 0.0926248 0.00169901 0.00750719 0.000140845 0.00708116 0.201178 2.2122e-08 0.282854 0.00674086 0.0193514 4.88625e-08 2.09655e-05 7.95832e-05 0.0235218 6.93057e-05 0.0310079 0.00661831 0.0768196 0.0144611 0.000510773 0.0559191 0.00962633 0.117528 0.0127939 0.000180303 
0.0493148 0.0164193 0.000127038 3.69554e-05 0.00131464 0.00699795 0.00866314 0.0177815 0.000262443 0.000850577 0.0631376 1.91212e-08 0.556107 0.00165477 0.00168578 7.73812e-07 0.00170535 0.00016555 3.19658e-05 6.43946e-09 0.00348109 0.000998159 0.000307717 0.0102415 8.49171e-05 2.0362e-06 0.0508693 0.190749 0.0170081 8.39833e-07 
0.000115702 0.00286885 0.000866419 0.0535643 0.000435187 0.175211 0.0261677 0.0101383 0.000335724 0.00282056 0.0104911 0.00347273 0.365636 0.000435368 0.0154368 0.000181832 4.712e-05 0.0168102 0.00252366 0.00165631 0.0402408 0.00166984 0.0228692 0.0247959 1.28816e-06 0.00160519 0.00991393 0.0296551 0.180026 8.09379e-06 
0.000380933 0.000369684 1.98268e-06 0.000100247 1.46571e-07 0.127361 0.021664 0.00426484 4.95319e-09 0.000927262 0.00698363 1.57627e-07 0.741069 3.48997e-07 0.00470807 1.56375e-08 4.11214e-08 0.000620046 7.05664e-07 0.00158276 0.0043039 0.00230902 8.99976e-05 0.0172129 6.56422e-07 7.51634e-05 1.33113e-11 2.12283e-07 0.0659521 2.1076e-05 
2.41878e-05 0.0138253 0.000148971 1.67886e-05 0.0018004 0.106391 0.0254735 0.137414 0.00260423 6.26661e-05 0.0232484 1.19236e-07 0.350368 1.26785e-05 0.00400635 2.07295e-07 5.20112e-06 1.23876e-05 0.00255157 7.38925e-05 0.0317163 0.000256518 0.00799778 0.00424104 9.22693e-08 0.138304 0.0133839 0.0183588 0.1177 1.03696e-06 
0.00263602 6.04249e-05 8.6553e-05 4.77154e-05 0.00190408 0.015777 0.00085085 0.0379704 0.0790859 1.7396e-05 0.0126196 8.91228e-06 0.350815 0.00710706 0.0920827 6.31227e-07 5.1289e-07 0.00738111 0.0193749 0.000963611 0.01254 0.330259 2.84569e-05 0.00538048 2.80966e-07 4.14845e-05 0.00303882 0.00193992 0.0179805 4.81981e-07 
0.000335933 0.000855626 0.00257609 2.72865e-05 0.0291449 0.00737141 0.0212061 0.0149408 6.29749e-05 0.000262697 0.00209617 2.68766e-05 0.837543 0.00719967 0.00317574 3.13935e-09 2.38327e-06 7.42282e-05 0.000557635 0.000868264 0.0053121 0.0253282 6.75851e-05 0.00553799 1.39259e-06 0.000125446 0.0148067 0.00543479 0.0150575 5.9367e-07 
0.00110045 0.0176303 0.159975 4.63168e-05 0.0292525 0.0169886 0.00713803 0.0560478 0.00606753 0.000834536 0.0128968 0.000427563 0.440792 0.000110761 0.00181775 7.94533e-07 3.81143e-05 0.000793012 0.00243395 0.000441766 0.0243642 0.00297965 0.0503329 0.0346092 3.4861e-05 0.00020745 0.0268291 0.0886101 0.0171886 1.10145e-05 
0.00126929 0.000184391 2.49773e-07 2.24588e-05 0.000385204 0.0655207 0.000698245 0.00828345 2.26719e-07 0.000308336 0.0249756 2.8256e-05 0.388241 0.000666314 0.00382482 3.69501e-08 1.00799e-05 0.000132192 0.00453161 0.0280055 0.00830677 0.0022926 0.00161094 0.0168724 8.81504e-06 5.65862e-06 0.00271899 0.245146 0.19595 1.34796e-09 
0.000394311 0.00196849 0.000251822 0.000118538 0.000528206 0.0889201 0.0121161 0.0187484 0.0334639 0.0012058 0.00216242 0.000386501 0.302658 0.00353222 0.0371398 1.96497e-08 0.0123143 0.000262127 0.00734705 6.50581e-05 0.00879134 0.149161 0.0667724 0.0092331 1.68502e-05 0.0333937 0.0684015 0.109029 0.0316167 2.06353e-06 
0.00218369 0.00955629 0.0016772 0.0115279 0.00652548 0.0340889 0.00703557 0.014489 0.0134545 0.00296597 0.016607 1.03391e-06 0.316379 0.00404556 0.00421803 0.000403186 0.00024072 9.40827e-05 0.0247076 0.00183204 0.00604806 0.00339629 0.139089 0.00293003 0.0019248 0.00170774 0.154279 0.078672 0.139916 4.93968e-06 
2.27854e-08 0.0324609 0.000485294 0.00038867 0.00723428 0.0710217 0.0658713 0.0138394 0.000267562 0.00592488 0.0645685 0.000577665 0.21286 0.000844392 0.0244638 0.00372222 0.00595995 0.0400284 0.208972 7.14635e-07 0.0489459 0.0569697 0.0185106 0.0263965 0.00212337 0.00976007 0.0166697 0.0585654 0.00256697 5.97872e-11 
0.00891712 0.004637 0.000862611 0.000183977 0.016277 0.0872912 0.0274321 0.0193587 0.00116267 0.00349745 0.152209 0.000436739 0.203028 0.00231913 0.000709135 0.00048705 8.07067e-05 0.000963585 0.00777466 0.0107252 0.0412418 0.0309484 0.00801272 0.0175427 0.00219496 0.163455 0.0395651 0.100962 0.0477223 2.2017e-06 
1.39763e-06 1.86105e-05 3.51101e-05 2.09197e-07 0.00109748 0.00811802 1.93555e-05 0.000257793 3.49197e-05 0.000903879 0.251218 7.30576e-07 0.659059 2.3145e-06 4.27121e-05 1.27013e-06 9.53439e-05 1.66162e-06 6.3878e-06 0.000432636 0.003829 0.0169862 0.00705179 0.000261363 0.000379186 4.10432e-05 0.0409893 0.00260313 0.00651172 9.69823e-07 
4.06024e-06 0.00110831 1.25227e-06 2.71318e-06 0.00893131 0.0113528 0.00261807 0.0124505 0.000450925 0.000556823 0.0160495 1.60042e-06 0.726456 0.00112354 0.00164169 6.43404e-09 8.71466e-05 4.93997e-06 0.0148483 0.00267718 0.0134774 0.134065 5.87471e-06 0.0103288 0.00458188 0.000862991 5.57712e-05 0.0248903 0.0113634 1.65919e-06 
0.00376057 0.00345874 3.11461e-07 0.00707603 0.00503869 0.0358926 0.0151042 0.00588609 0.0083075 0.0193132 0.294077 1.13255e-05 0.385581 0.00395655 0.0049807 1.25434e-10 1.651e-05 0.000354053 0.00710959 0.00653373 0.000296032 0.0325722 0.0299038 0.00434665 0.0359761 0.00046931 0.0182507 0.0418569 0.0298637 6.59224e-06 
0.0234595 0.00713463 0.00283987 0.0061356 0.0202242 0.103794 0.0559918 0.0314826 0.00559618 0.049054 0.139105 0.000894172 0.159754 0.0108883 0.00763992 0.00136769 0.000455855 0.0141767 0.0245261 0.00854169 0.00825926 0.120818 0.00684649 0.0378415 0.0208 0.00790546 0.0279888 0.0675311 0.028725 0.000223014 
2.71248e-06 0.000152762 2.89516e-07 4.28643e-06 0.00595794 0.000251861 2.07618e-05 0.0041479 2.69312e-05 0.000667368 0.000143663 2.72465e-05 0.392284 2.02508e-08 0.000921458 8.6649e-06 5.76556e-06 0.30265 0.0141238 4.99424e-06 0.0495243 0.0023599 4.15534e-06 0.00833916 1.55583e-08 6.80585e-05 6.67572e-05 8.7585e-05 0.218148 2.66895e-08 
4.53789e-05 0.00522895 1.00061e-07 0.000775441 0.00688062 0.0793223 0.0178836 0.0308427 0.000305071 0.00441632 0.0667316 2.23212e-07 0.311066 0.000804376 0.0347081 9.02431e-10 7.33252e-10 0.0127793 0.0457806 0.000805925 3.28723e-05 0.203189 0.0127214 0.0593126 0.0472847 0.0190755 0.0026895 0.0257864 0.0115309 6.89063e-10 
0.00217112 0.0176767 6.58815e-08 7.44881e-05 0.00372565 0.0272122 0.0296707 0.0489107 0.00387003 0.00141479 0.0128788 0.000343094 0.449252 0.000817473 0.0121957 0.000191851 1.08935e-10 0.000491534 0.0129645 0.0533415 0.00239462 0.0414174 0.000338185 0.101908 2.9553e-05 8.91807e-05 0.00256925 0.0968295 0.0771108 0.00011038 
0.000126612 0.0131973 0.00219125 5.5906e-06 0.00118543 0.0389808 0.0159922 0.00785519 0.027529 0.00160407 0.00494392 7.55801e-09 0.44578 0.00414881 0.00960019 0.00025616 1.06765e-08 2.04192e-05 0.0353393 0.00212153 0.000932441 0.00841448 0.0534771 0.000537014 0.000797508 0.000422323 0.146766 0.0271671 0.150609 1.00331e-08 
7.1889e-06 0.012763 6.60898e-07 0.000590993 0.00935758 0.0696181 0.0130389 0.141983 0.0901193 2.71131e-06 0.0312385 8.38773e-07 0.189402 0.0132354 5.89923e-07 5.97044e-05 3.35349e-05 0.00464822 0.0130209 0.000983612 2.68639e-05 0.153795 0.000866151 0.127037 1.33418e-10 4.80048e-05 0.0027927 2.33135e-07 0.00410386 0.121225 
0.0470338 0.00129686 0.000278628 3.08379e-07 0.00166701 0.238993 0.0782826 0.0450862 9.49069e-07 0.00618648 0.0484697 7.47224e-07 0.258609 2.993e-05 0.00141082 8.31209e-10 2.59155e-06 0.00835217 0.00856025 0.124304 0.000778741 0.0727573 0.000329327 0.00926079 0.000620881 0.0213244 0.0208577 0.00340008 0.00210604 6.3468e-10 
0.00104815 0.00311409 0.000116686 7.79878e-06 0.00201942 0.153261 0.0088944 0.129956 0.0171426 0.00694131 0.167669 6.5558e-05 0.178777 2.14058e-07 0.00429824 7.80821e-07 3.23884e-06 0.000535617 0.00131833 0.000737781 0.0521496 0.0151558 0.0344929 0.0647398 3.47149e-05 0.00224042 0.0308627 0.0443932 0.0798834 0.000140563 
1.58788e-06 2.6444e-06 5.19933e-06 2.38522e-06 2.7101e-06 1.94319e-06 1.0563e-06 1.95058e-06 4.41692e-06 5.82101e-06 1.89423e-06 8.46525e-06 0.99674 8.52648e-06 3.95752e-06 1.47171e-05 1.19581e-05 5.60042e-06 2.2765e-06 1.54993e-05 1.58123e-06 0.00149117 4.8583e-06 1.83757e-06 6.55073e-06 4.5427e-06 0.00163326 9.40799e-07 1.58484e-06 1.12374e-05 
0.11412 0.00117986 0.000233491 4.38783e-07 0.00148011 0.0254895 0.0507986 0.0134048 1.07272e-10 0.143091 0.0648814 1.36206e-06 0.294985 0.000599218 0.00532312 3.57426e-10 3.41298e-07 0.00017494 4.15811e-06 0.000987386 0.000203339 0.0814281 0.00561674 0.00498273 0.0603139 0.00324784 0.00488531 0.0929971 0.029569 3.04708e-07 
0.000270218 0.00682776 0.000353094 0.000624241 0.00805157 0.0306961 0.0782664 0.045599 0.00199697 0.0154504 0.00682946 0.000183227 0.478455 5.28258e-05 0.00523697 0.000510222 7.21069e-05 0.000439032 0.00753449 9.36631e-05 0.00243114 0.0106182 0.106686 0.131252 0.000401243 0.0160245 0.0135053 0.0188518 0.0126805 5.36688e-06 
5.72133e-05 0.00384119 0.000252999 1.82569e-06 0.00122957 0.166896 0.0039695 0.0749173 0.00530756 9.03402e-05 0.0514049 4.49623e-07 0.221182 0.000933228 0.00205015 3.39418e-09 5.54856e-05 0.000346561 0.0479232 0.115118 0.00613152 0.0355161 0.0390487 0.036235 5.16394e-07 0.00732117 9.22468e-05 0.0904477 0.0896287 7.61791e-07 
5.46994e-05 0.000379562 2.07378e-07 1.52686e-09 1.27794e-05 0.0171869 0.000746194 1.9889e-07 0.000945928 3.72622e-09 0.00871431 6.63789e-06 0.929788 5.45808e-09 0.00111401 9.42089e-09 2.17465e-05 0.000519236 0.00049156 2.44302e-06 0.000116834 0.00495581 0.000292018 1.96844e-06 0.000236967 1.48817e-05 8.44687e-07 0.034393 3.28167e-06 7.19344e-09 
0.00124044 0.0103458 0.000251212 3.24238e-05 0.014152 0.0200524 0.00325729 0.0182496 0.00157975 0.000886321 0.0220795 1.01969e-05 0.652511 0.000107177 0.00152401 0.00165022 0.00400813 0.000640676 0.00107307 0.00129294 0.00148735 0.0780338 0.00591675 0.0147879 0.0260734 0.00406165 0.0730457 0.0282662 0.0133771 5.80711e-06 
0.00064577 0.00213591 0.00249164 1.42025e-05 0.0161227 0.0812295 0.0538786 0.0679609 0.00274554 0.00952699 0.0304846 5.76318e-05 0.218672 0.0908494 0.0372289 2.23272e-06 0.00478531 0.000704059 0.0384417 1.28352e-05 0.0266689 0.0092481 0.000481962 0.128842 0.000469848 0.00324773 0.0195323 0.0609546 0.0925603 3.88503e-06 
0.0104789 0.0066686 3.87111e-06 9.57998e-06 0.00125442 0.14195 0.0470423 0.0915128 0.00832506 0.00764503 0.00249378 7.5648e-07 0.367927 0.000397781 0.00567656 5.33482e-05 0.000179847 7.14612e-05 0.0214285 0.0172528 0.0575675 0.0645211 0.0162875 0.0333468 0.0007375 6.84214e-05 0.00492674 0.0711611 0.021011 5.90518e-09 
1.14222e-05 0.00407022 0.0691276 2.50545e-07 5.31056e-06 0.0164459 0.0254766 0.0176252 0.101276 1.14085e-05 8.25988e-06 1.80254e-08 0.586637 0.00323945 2.63493e-06 3.13376e-08 2.54627e-08 1.19252e-08 0.022191 0.00783712 0.0390084 0.0580236 0.0244232 0.0083643 3.99605e-05 0.00026208 0.00512397 0.00588147 0.0048836 2.34212e-05 
0.000486056 0.0117206 0.00156625 1.34651e-05 0.00686325 0.0221318 0.0422327 0.0230391 0.00123536 0.00192731 0.0153259 0.000278856 0.579237 3.00032e-05 0.0606626 1.4592e-06 6.36033e-09 0.00245833 0.0090266 0.0810968 0.00142839 0.0333863 0.00162332 0.0503086 0.00498175 0.000637643 0.00375755 0.0281568 0.016147 0.000239201 
3.81703e-08 7.62219e-05 1.06645e-06 6.71393e-10 0.00070073 0.0060113 0.000103723 0.00129604 6.22274e-07 0.0004376 0.0196611 2.3828e-09 0.86129 1.31531e-06 0.00255785 4.14257e-09 1.85994e-07 4.77363e-08 5.37538e-07 0.000717236 0.0246982 0.010957 0.0294223 0.00369882 7.08536e-05 2.1669e-06 0.00918964 0.00854805 0.0205569 3.16312e-09 
0.00372973 0.000392344 3.5178e-05 0.0221365 0.00549385 0.0290671 0.0187441 0.00242454 0.000479524 0.00111318 0.0267535 1.07137e-05 0.855538 0.00133358 0.00126392 9.36223e-09 0.00048008 0.0021605 5.31827e-05 8.73378e-05 0.00198129 0.0001821 0.000104358 0.0110992 7.29629e-06 9.39361e-05 0.00216868 0.00598227 0.00707181 1.17215e-05 
4.12397e-06 4.11314e-05 9.29306e-07 0.000113894 0.0026673 0.0180884 0.0639365 0.0158686 0.00203789 0.00403536 0.0084715 9.67292e-05 0.33067 0.000122834 0.00389735 4.9815e-05 2.58625e-07 0.00434429 0.0570768 0.0613473 0.0296776 0.194218 0.0346462 0.143335 0.00642681 7.50672e-05 0.005207 0.00356573 0.00980791 0.000170059 
0.0212815 0.00317838 3.45287e-06 1.18808e-05 0.165359 0.0812672 0.0141805 0.0119283 0.030251 0.00374853 0.0280658 4.80906e-07 0.281713 0.000798721 0.00985928 4.92352e-05 0.000286645 0.000380404 0.0428325 0.000945894 0.013576 0.0159761 0.0114544 0.0490834 0.0140071 0.00240602 0.0350491 0.135483 0.0268219 1.18479e-06 
0.0174721 0.0360465 0.00152325 6.71304e-05 0.00147544 0.0717586 0.0107351 0.0377651 0.00107584 0.00156042 0.0253083 0.000228704 0.505018 0.000300301 0.0233484 0.00013183 0.00264533 0.00282654 0.00412983 0.00538754 0.0208566 0.0245888 0.0117823 0.0563587 0.00184765 0.00292582 0.021117 0.0633463 0.0483694 3.38304e-06 
0.000494431 0.000460684 0.00112447 6.89517e-05 0.00291529 0.0377675 0.0146044 0.0302623 0.0002128 0.000307836 0.0171224 1.1808e-06 0.613193 0.0207739 0.0170387 2.0251e-10 8.88256e-08 0.0004176 0.025412 1.32503e-07 0.000866933 0.0384898 0.00158601 0.0837642 2.21366e-07 0.00174947 0.0568675 0.00126003 0.0332161 2.21268e-05 
8.86398e-09 6.49663e-05 2.9024e-08 1.33149e-08 0.000134659 0.000385093 0.0301354 1.08887e-08 2.46564e-08 6.17718e-05 7.50869e-05 4.72553e-08 0.96377 0.000690205 3.97875e-05 8.21547e-08 6.67531e-08 3.12631e-08 0.00115263 0.00113351 0.000379562 8.9379e-05 0.000488194 0.000424683 3.65679e-08 2.53586e-08 0.000371301 0.000372358 0.000230915 6.27302e-08 
0.000634832 0.135632 0.000938762 0.000340532 0.061617 0.0270349 0.0678614 0.0237392 0.000483186 0.00394462 0.0363617 0.00439926 0.327492 0.0028315 0.00289146 5.59743e-09 5.93318e-05 0.000243549 0.037991 0.000598895 0.00676178 0.0174295 0.0147666 0.00441967 0.0979979 0.0142257 0.0294643 0.0461279 0.0336319 7.94597e-05 
2.57566e-06 0.000228356 2.95028e-08 3.36237e-08 0.000107705 0.0191503 0.00204464 0.00615137 0.000142201 4.49147e-06 0.0683069 5.82244e-11 0.850026 8.85442e-05 0.0166874 1.01225e-10 0.00016023 2.04394e-05 5.44117e-05 0.00182045 0.000583364 0.00769923 0.00103734 0.000895518 6.57055e-06 0.000546932 0.0013202 0.0208841 0.00203034 6.60042e-08 
0.000583993 0.00462546 0.00416796 0.000638331 3.98964e-05 0.0105895 0.0969944 0.0359918 0.000107405 5.53586e-07 0.0831579 0.000276815 0.540631 1.49201e-05 0.0210712 5.87077e-08 7.34578e-06 0.00626158 0.00769172 0.00133628 0.00848809 0.0412902 0.0110677 0.0257513 0.00196262 0.0186861 0.00164157 0.0573913 0.0193846 0.00014879 
0.00990164 0.0389101 0.000320547 7.20406e-06 2.01557e-05 0.0125043 0.00138755 0.00883596 0.00129531 0.0754055 0.00601258 3.00267e-05 0.475509 0.0220626 0.00845651 4.78405e-07 0.00195524 0.00143864 0.00128186 3.54634e-05 0.0436476 0.0220268 9.65925e-06 0.0468958 3.20177e-05 0.00107037 0.184361 0.00579002 0.0307953 3.65293e-07 
0.000144004 0.0198819 6.00633e-06 2.33271e-05 0.00255979 0.0755073 0.0380353 0.0141866 8.61241e-07 0.00381779 0.0239596 9.53195e-05 0.648389 0.000600782 0.0104647 1.78849e-08 0.000264385 0.000669575 1.21104e-06 0.0032212 0.00495654 0.0779383 6.63189e-05 0.00238024 0.0410578 7.0865e-05 0.00369641 0.02153 0.00647115 4.1542e-06 
1.40356e-07 0.000208769 0.00186545 1.12874e-07 0.170991 0.0881711 0.0363839 0.0185463 6.49781e-06 3.79909e-06 0.0111241 5.93045e-06 0.251724 2.34952e-05 0.074575 3.94602e-08 3.20626e-08 8.22574e-05 3.47754e-05 0.00227751 0.15464 0.00495647 0.000690143 0.00214931 0.122214 0.00771836 0.0147747 4.61846e-05 0.0367872 3.01304e-08 
0.000419111 0.0181016 0.000596645 1.01037e-05 0.0892192 0.0254915 0.00691811 0.013795 0.00483413 0.000499019 0.0114731 3.14744e-06 0.425072 0.00165046 0.00430357 3.37929e-08 0.00224523 0.000286921 0.0200394 0.00203064 0.0207446 0.00145888 0.00241071 0.0111963 0.00805408 0.000671 0.00944656 0.0481205 0.270907 1.22352e-06 
3.34301e-05 0.0985797 0.000709809 1.64948e-05 0.000498054 0.0231378 0.11963 0.0132473 0.00694533 0.00114602 0.0122423 1.32674e-06 0.246235 0.000518826 0.0550358 2.30657e-06 8.5525e-06 3.17641e-05 0.000232595 0.00010599 0.0110086 0.135175 0.00444234 0.000375326 0.0010624 0.000871424 0.0272348 0.00149469 0.239971 5.94514e-06 
0.0104789 0.0066686 3.87111e-06 9.57998e-06 0.00125442 0.14195 0.0470423 0.0915128 0.00832506 0.00764503 0.00249378 7.5648e-07 0.367927 0.000397781 0.00567656 5.33482e-05 0.000179847 7.14612e-05 0.0214285 0.0172528 0.0575675 0.0645211 0.0162875 0.0333468 0.0007375 6.84214e-05 0.00492674 0.0711611 0.021011 5.90518e-09 
0.00760011 0.00295338 0.00178667 2.35707e-06 0.00150074 0.0443203 0.0273113 0.00123752 0.00136442 0.0380204 0.11689 2.27236e-07 0.623998 0.000423732 0.00337878 3.50037e-07 0.00015787 0.000113329 0.00229038 0.0122417 0.0106669 0.00487573 0.0239602 0.00111083 0.000113295 0.000122707 0.0262431 0.0247123 0.0225901 1.3025e-05 
0.0129054 0.0112512 0.000839516 0.0217915 0.0235097 0.221438 0.0206842 0.00324138 0.00125496 0.000654414 0.232946 0.000129488 0.249025 0.000500865 0.000496187 3.73848e-09 0.00148911 0.00121615 0.0886405 0.00139583 0.00645281 0.00270197 0.000705517 0.0204587 0.000919303 0.0102427 0.00709642 0.0414206 0.0165926 3.79603e-07 
0.0030755 0.00341728 0.00597342 0.00239036 0.0162056 0.037145 0.0114904 0.0101112 0.00466144 0.00300134 0.259517 0.00104851 0.302831 0.00153953 0.0010852 2.674e-06 0.00390239 0.00154263 0.0154039 0.0209266 0.0137235 0.0107472 0.00448505 0.0186831 0.000520006 0.00798597 0.0410777 0.146199 0.0512738 3.37171e-05 
3.28636e-08 1.33215e-07 1.22658e-05 1.22739e-06 2.46551e-09 0.00821805 0.00162506 7.51868e-05 6.88599e-06 2.70472e-05 0.00196075 7.70126e-09 0.850427 1.86965e-06 0.000333566 1.33889e-08 1.08788e-08 5.09499e-09 0.000249421 0.0260581 1.76418e-07 0.101587 8.80031e-06 0.00394312 0.00251999 1.60468e-06 1.14261e-05 0.00263569 0.000295025 1.02232e-08 
0.0361389 0.00569081 0.00817721 0.00774733 0.0373227 0.0548742 0.0385428 0.0264639 0.000799455 0.00653068 0.0155518 0.00130999 0.310934 0.00360632 0.0113983 2.52011e-08 0.000446116 0.00354625 0.0159272 0.00870069 0.0357548 0.0382566 0.000929752 0.151696 0.00157797 0.00649097 0.0164487 0.128879 0.0262525 5.5912e-06 
0.000500013 0.00129605 0.000139123 6.72697e-05 0.000891178 0.11041 0.0039405 0.0325248 0.00138345 0.00139584 0.0286494 7.46875e-07 0.648971 0.00402893 0.00131617 2.2927e-07 0.000510913 9.9785e-05 0.00790244 0.000599433 0.0106335 0.00751503 0.0107158 0.00123266 6.23458e-05 0.000276755 0.0218037 0.0530411 0.0500731 1.84318e-05 
0.000255032 0.000188581 6.97438e-06 5.90882e-05 0.00421015 0.029146 0.000537542 0.00066796 0.000280375 7.53963e-05 0.00159847 4.2537e-07 0.831552 0.000440814 0.00182846 8.05751e-05 6.00881e-07 0.000466343 0.0476926 0.00179961 0.00018162 0.0153397 0.00256245 0.00221656 1.96183e-05 1.51437e-05 0.00265205 0.012912 0.0432133 5.64669e-07 
0.000501359 0.0394649 0.00860317 0.00166238 0.0155587 0.146954 0.00841917 0.0899852 0.00589569 0.00291725 0.0919251 9.74051e-06 0.207973 0.00221653 0.00209964 5.20188e-06 0.000712929 0.000605475 0.00519594 0.00197134 0.0402151 0.0193499 0.175722 0.0192471 0.00013831 0.00664835 0.0378153 0.0396338 0.0284863 6.67969e-05 
0.00751406 0.0013559 0.000472691 0.000138837 0.00333386 0.109293 0.0575958 0.0071959 0.00979194 0.0029986 0.0879107 1.75397e-11 0.354389 2.88893e-08 0.00251807 3.04933e-11 0.000410885 0.000308224 0.00205257 0.00490094 0.0104815 0.0950391 0.00463081 0.00597074 0.00667409 0.000710668 0.00105184 0.12151 0.101748 1.85848e-06 
0.000977624 0.00143964 0.000181557 0.00517144 0.00691232 0.0549277 0.00728854 0.00505844 0.000430651 0.00183967 0.25261 2.21923e-08 0.301241 0.009238 0.00071454 8.89478e-10 0.105373 0.000154031 0.000550634 9.36753e-10 0.00633394 1.86018e-05 0.0204619 0.00234375 0.00171956 0.00323674 0.0764044 0.0926536 0.0426324 8.68929e-05 
0.024635 0.0158443 0.0327758 7.90093e-08 0.000347375 0.111659 0.0602509 0.00461245 0.00298666 0.00631938 0.0306264 2.35828e-10 0.535564 3.1298e-08 0.0134694 4.27443e-06 0.000209699 0.000774647 0.00128216 0.0002666 0.00158627 0.00281491 0.00162643 0.00294616 0.000112493 0.00306557 0.00955556 0.125569 0.0109805 0.000114373 
5.6348e-06 0.00494915 3.05961e-10 8.21696e-07 0.00490435 0.320213 0.00533961 0.000383722 0.00105138 8.66705e-05 0.115643 8.18399e-05 0.498888 0.00356006 0.0018992 8.66046e-10 2.15895e-07 0.00454243 0.0163662 0.00163985 9.30493e-11 5.39194e-07 0.000620618 0.000519978 0.00806202 0.00557215 0.0009606 2.89422e-06 0.00470656 6.6128e-10 
2.57566e-06 0.000228356 2.95028e-08 3.36237e-08 0.000107705 0.0191503 0.00204464 0.00615137 0.000142201 4.49147e-06 0.0683069 5.82244e-11 0.850026 8.85442e-05 0.0166874 1.01225e-10 0.00016023 2.04394e-05 5.44117e-05 0.00182045 0.000583364 0.00769923 0.00103734 0.000895518 6.57055e-06 0.000546932 0.0013202 0.0208841 0.00203034 6.60042e-08 
0.00320628 0.00146171 0.00048273 0.0676159 0.0223582 0.102145 0.0335555 0.0192243 0.0184772 0.000575353 0.0527372 0.000237156 0.266465 2.78287e-05 0.0685824 2.4191e-05 0.00163547 0.00341995 0.00967094 0.00156801 0.116128 0.00214315 0.000593304 0.0643636 0.00074411 0.0839826 0.00409757 0.00676591 0.0476965 1.56065e-05 
0.0399478 0.026462 0.00171188 0.000103801 0.0179683 0.0382465 0.0225271 0.011804 0.00372081 0.00257317 0.0242215 6.18416e-05 0.206633 0.0209493 0.00204859 0.000246782 5.93068e-06 0.00155897 0.177329 0.0010959 0.0042679 0.00417919 0.00730326 0.026466 0.000354082 0.000533465 0.0459384 0.190573 0.121169 4.54828e-10 
3.36591e-07 6.80681e-05 6.385e-05 5.05607e-07 3.32294e-05 0.00738806 0.00751816 0.0414963 9.36276e-07 0.000361303 0.0107165 1.32534e-05 0.688704 0.000379835 0.0571908 2.58627e-05 0.00578677 0.00486969 7.66369e-05 0.000579188 0.0012876 0.00112412 2.37231e-05 0.000448267 3.99074e-05 0.00873455 0.00474297 0.00829753 0.150026 2.38205e-06 
0.00592429 0.0271806 0.00296145 0.0141773 0.00773618 0.00954885 0.0354753 0.040955 0.000604808 0.00408324 0.00982319 3.38673e-05 0.404921 0.000188327 0.0199728 0.000638761 0.000101488 0.00014667 0.00261726 0.000524546 0.0133113 0.00143765 0.013686 0.00576758 0.000100181 0.00206506 0.0197053 0.220921 0.135386 4.28494e-06 
0.000117768 0.00135969 1.65817e-05 3.61683e-05 0.0109839 0.00269633 0.0165024 0.000534425 0.000139581 0.00396099 0.0221905 4.59043e-06 0.866565 0.000786364 0.00624209 6.99141e-08 5.12648e-06 5.99145e-06 3.87941e-05 0.0126994 0.00072891 0.039714 0.000122693 0.00419645 0.000443422 2.46456e-05 0.0015761 0.00300069 0.00528657 2.02299e-05 
0.00122764 0.0018179 0.00131911 3.80858e-05 0.00139624 0.0495351 0.0395937 0.00549925 0.000816536 0.00510262 0.0174907 2.94409e-07 0.670181 0.000351381 0.00657165 2.98266e-05 4.31216e-05 0.000945508 0.0188561 0.0209263 0.00476973 0.0962068 0.00301802 0.0140583 0.00475866 0.00121158 0.00468773 0.0213203 0.00822352 2.80507e-06 
2.84042e-08 0.000144868 5.55783e-10 0.000322197 2.21564e-07 0.158759 3.79167e-05 0.00457703 0.0189803 7.82143e-07 0.0487702 4.77515e-07 0.606974 7.667e-06 0.00264329 1.57319e-09 1.18053e-05 3.20505e-06 2.43347e-10 0.00451015 0.013462 0.00430715 0.0069762 0.0170154 4.31683e-06 0.000443874 0.0748992 0.00711432 0.0300343 1.20123e-09 
9.8365e-05 0.0245985 0.00138137 0.000130753 0.000239307 0.0673714 0.00763258 0.029045 1.25263e-05 0.00850949 0.00469895 1.05445e-06 0.718499 0.000297892 0.0235883 4.34436e-09 7.19913e-06 0.00107783 0.000532951 0.00910384 0.00545683 0.00488308 0.0191521 0.00757142 9.88917e-07 0.00977044 0.0175425 0.0223396 0.0164566 3.3332e-07 
0.00624741 0.0211627 0.000219125 4.12388e-05 0.0367191 0.0121788 0.032697 0.00897281 0.00545879 0.000934873 0.00391192 1.79817e-05 0.463323 0.00468669 0.00745483 5.40439e-07 0.000670758 0.000256954 0.0570252 0.000949297 0.100686 0.00624306 0.0645582 0.00894889 0.00660725 0.00026031 0.0330777 0.0210043 0.0956672 1.81535e-05 
8.86043e-05 2.66013e-05 8.89901e-05 2.23853e-06 0.000101224 0.00126018 7.84653e-05 0.00127115 0.0145986 1.06634e-05 0.0368044 7.26853e-06 0.405693 6.09081e-05 0.000102352 9.92003e-06 6.54375e-05 8.25998e-05 0.00690946 6.25586e-08 0.00723048 0.0013899 0.000788635 0.193552 1.35606e-05 4.11258e-05 0.105187 0.21522 0.00931271 1.66089e-06 
0.000220036 0.00394322 0.00312448 1.68622e-07 0.000473034 0.00424823 0.0673221 6.71072e-06 0.000344432 0.000985242 0.0157883 1.81514e-08 0.798768 9.50907e-05 0.016418 3.15568e-08 5.77741e-06 1.20086e-08 0.00193192 0.0115775 0.000239652 0.0212652 0.00909514 1.03375e-05 0.0104945 1.43303e-05 0.00151187 0.0109653 0.021147 4.94039e-06 
0.000433693 0.000770764 4.19577e-05 7.38931e-05 0.0452186 0.00233386 0.0475374 0.0581937 0.00222352 0.0131001 0.0535547 3.63347e-05 0.291705 3.08224e-05 0.0399324 1.25395e-06 6.36641e-08 5.80738e-05 0.0157373 0.00368809 0.0128247 0.0322012 0.00563321 0.10557 6.56681e-05 2.5888e-05 0.00883855 0.0578385 0.202258 7.17259e-05 
0.00165406 0.00354732 0.0011867 0.00378794 0.00349552 0.337385 0.00951087 0.0145338 0.00520094 0.00152629 0.0546401 0.000223078 0.393144 0.000969904 0.00303862 0.00126275 0.00140302 0.00596027 0.00982412 0.00265067 0.00856138 0.00681269 0.00960252 0.0237302 0.000948626 0.00814928 0.0153218 0.041928 0.0299012 0.000100067 
0.0174841 0.00195988 0.00436587 0.0376229 0.0149441 0.00728671 0.0760123 0.0155216 0.000255745 0.00831758 0.00358522 5.07588e-07 0.38452 0.00171942 0.0557318 6.89495e-08 8.70988e-06 7.34966e-05 5.27244e-05 0.000232472 0.00581222 2.78202e-05 0.00165624 0.00253111 0.258325 0.0156018 0.0534004 0.0132888 0.0196511 1.044e-05 
2.1354e-08 0.000417939 1.14551e-06 1.94886e-05 0.000454777 0.112499 0.038249 0.028571 0.000951939 5.73553e-05 0.0771178 5.03068e-05 0.512016 0.00520627 0.00838157 9.09464e-09 1.5197e-06 0.000164185 1.29615e-06 0.0393411 0.0174952 0.0076129 0.00731369 0.0230165 0.000114847 5.35392e-05 0.0188274 0.0557357 0.0463283 7.13393e-08 
0.0281023 0.0012661 0.000649169 0.000178667 0.0490638 0.0365722 0.0504213 0.0137958 0.00587473 0.00572532 0.0229265 0.000124774 0.373607 0.00120423 0.0163789 1.18966e-05 0.00118986 0.00366403 0.0743821 0.00427943 0.00774316 0.0286623 0.00726421 0.115007 0.000465822 0.0033316 0.00523313 0.071527 0.0713366 1.12173e-05 
0.000288189 0.0737243 0.0162079 9.98083e-07 0.00436827 0.00874179 0.137303 0.0519035 0.0403221 0.00740187 0.0629189 4.10545e-05 0.353311 0.0354354 0.0180375 1.21108e-09 0.00238425 0.00170008 0.0114552 0.0127165 0.0276238 0.0144919 0.00292089 0.0257053 8.51874e-05 0.000533872 0.00564569 0.0471739 0.037554 3.40156e-06 
0.00180362 0.00252647 3.29307e-05 1.90578e-05 0.0137934 0.074098 0.0177407 0.02385 0.000143844 0.00669906 0.259188 2.12571e-05 0.428407 0.000297855 0.00171068 0.00202461 0.000823312 0.00915513 0.00942209 0.000716562 0.000368826 0.00144648 0.000932537 0.0217088 0.00164126 0.00631413 0.0276686 0.0792568 0.00818787 1.25527e-06 
0.0122114 0.0129277 0.00903259 0.00341528 0.0508234 0.0560032 0.044662 0.0343531 0.0120895 0.00702015 0.0440055 7.04928e-05 0.246192 0.00296482 0.00740183 0.00208657 0.000630958 0.00630933 0.0193596 0.00481728 0.0258975 0.0123076 0.0137784 0.100628 0.00382261 0.00511299 0.0998136 0.122288 0.0399573 1.74948e-05 
0.000113069 2.27942e-06 0.000301034 0.0338447 0.0684869 0.00985991 0.0173062 0.0139274 6.73835e-07 0.000454856 0.0123183 1.81819e-05 0.28911 2.75163e-07 0.0101805 1.04536e-07 0.00275638 3.58671e-05 0.00562665 0.000237898 0.110125 0.0422299 0.000904346 0.0112077 0.00240894 4.34172e-11 0.00131161 0.133734 0.233496 3.36036e-07 
0.0222475 0.0159739 0.00349096 0.000135114 0.00202317 0.0683412 0.0562387 0.0601577 0.0190521 0.0416271 0.051846 0.000111639 0.235318 0.00770252 0.100144 0.000490284 0.000254838 0.00386315 0.009085 0.0249785 0.0408034 0.054713 0.0125042 0.024646 0.028224 0.00086994 0.0359117 0.0463342 0.0329099 1.91813e-06 
0.00113847 0.00325749 0.000229173 0.0154447 0.00423669 0.192348 0.000928433 0.00131582 0.000106403 0.000309255 0.0822491 5.90235e-05 0.59764 0.00287544 0.000558206 1.46291e-08 0.000501357 0.017659 0.0316566 0.00159478 0.00503864 0.00106414 0.000528172 0.0101653 0.00628054 0.00728559 0.00291735 0.00728109 0.00533085 3.31328e-07 
0.000492508 0.0367861 0.0799918 0.000138371 0.00250919 0.00502294 0.196215 0.0251426 2.31816e-05 0.00607619 7.51421e-06 0.0321584 0.315751 8.13969e-06 0.076045 2.81476e-08 2.28708e-08 0.000221767 0.00272622 9.71263e-06 1.87994e-06 3.5509e-05 7.77311e-06 0.119361 0.000404154 0.00222638 0.0365376 0.0417922 0.0203022 6.40278e-06 
0.0160277 0.0972258 0.00598086 8.13464e-05 0.00859122 0.00593258 0.0810666 0.0184664 0.00304468 0.0529895 0.0174557 0.000284196 0.52581 0.000307135 0.021416 2.50759e-07 0.00261202 0.00289491 0.00253233 0.00600308 0.00917063 0.0115466 0.0040979 0.00331474 0.0406136 0.00212439 0.00645413 0.0120107 0.0419289 1.65253e-05 
0.000334607 0.00138641 0.000662735 4.31709e-05 0.00729705 0.0290598 0.113669 0.0328299 1.04714e-05 0.00133837 0.00558065 0.000973184 0.683911 1.22572e-05 0.00152933 6.80998e-08 1.27012e-06 0.000206481 1.4146e-05 0.00407713 0.0266917 0.00817085 0.00078019 0.000676735 0.00147374 1.99828e-05 0.00275094 0.0145386 0.0619493 1.04066e-05 
0.0047377 0.000110315 2.11204e-09 9.6891e-10 0.00255485 0.107418 0.000889651 0.000881794 0.000149721 9.54841e-06 0.0802997 3.99578e-06 0.357277 0.000378647 0.00925289 0.162007 0.00039652 1.15223e-05 9.24745e-10 5.17307e-06 0.00181836 0.000161088 0.00988958 0.00707922 2.60059e-06 0.00450189 0.00400472 0.126273 0.119884 1.3295e-06 
0.0194191 0.00293225 0.00298739 0.00032028 0.229493 0.108109 0.0295571 0.0148577 1.31989e-06 0.000550316 0.0199491 0.00171077 0.296704 0.0010273 0.0178309 1.58212e-05 0.000321085 7.92158e-06 0.049038 0.00107734 0.0835778 0.0211945 0.00812335 0.00506545 0.000142248 6.50731e-06 0.00585982 0.0133484 0.0667677 4.93748e-06 
0.00817294 8.56716e-05 1.66083e-05 0.000103573 0.0036258 0.00694517 0.00278699 0.0109991 0.000396815 5.23341e-05 0.0397356 2.82773e-05 0.694632 0.00034988 0.00647443 1.10311e-06 2.8748e-05 0.000273118 0.00219525 0.00224906 0.0129065 0.00514147 0.0136727 0.0424534 0.0233858 0.0596932 0.0148961 0.0288041 0.0198877 6.04334e-06 
0.0185916 0.00378529 0.00157797 8.74408e-06 0.0298994 0.0195597 0.0225995 0.0175692 0.00175785 0.0114031 0.0963977 0.00158813 0.258957 0.00309631 0.00963489 1.6428e-07 8.38346e-07 0.00359819 0.135155 0.00133817 0.059712 0.00297628 0.0054249 0.0154761 0.000184188 0.0249748 0.0256053 0.136735 0.0923923 1.46141e-07 
0.00311923 0.00184164 0.000164829 6.47159e-07 0.000263701 0.0235064 0.00534759 0.0997151 0.000820545 3.74001e-05 0.000162979 5.088e-07 0.458588 0.000411119 0.025284 0.000317125 1.47074e-05 6.36995e-05 0.014435 4.27932e-07 0.00401422 0.000344206 0.00163133 0.0972314 3.24079e-06 4.52333e-05 0.0140287 0.0764861 0.172083 3.84946e-05 
0.0117041 0.00551063 0.00203299 0.0219033 0.000624647 0.0144108 0.00751512 0.00622205 0.0170253 0.00608851 0.00431033 6.50491e-05 0.706553 0.00731307 0.00157046 0.00478032 2.62392e-05 6.17026e-05 0.0493346 0.00222003 0.0174463 0.000670082 0.0024269 0.0066647 0.000228544 0.00122953 0.0409409 0.0131413 0.0479783 6.99927e-07 
0.00657498 0.0109833 0.00357373 0.00586311 0.0308648 0.0958209 0.0341497 0.0371921 0.0146275 0.00578628 0.0991027 0.0021365 0.173378 0.00363924 0.00741016 0.000198075 0.00264581 0.00534031 0.0426733 0.00290728 0.0428208 0.0101431 0.0109853 0.0578528 0.0148595 0.0149235 0.037862 0.121665 0.104008 1.23215e-05 
1.7906e-09 3.01181e-07 5.8631e-09 2.68973e-09 3.05608e-09 1.73132e-05 0.025325 2.1996e-09 4.98081e-09 5.91428e-06 2.13606e-09 9.55553e-06 0.855106 9.61502e-09 4.77559e-05 1.65959e-08 1.34847e-08 4.42711e-06 2.56713e-09 2.09911e-05 2.49811e-06 0.000484181 5.47854e-09 1.65794e-05 7.39442e-06 5.12265e-09 2.33656e-09 0.118921 3.10985e-05 1.2672e-08 
0.0166777 0.00256987 0.00330735 4.83917e-05 0.101409 0.0146051 0.0615222 0.00390408 0.00465819 0.00113716 0.0240061 2.88053e-08 0.586156 0.0281932 0.00350582 8.66323e-11 0.000103097 0.000208854 0.042358 0.00948978 0.00304084 0.00899423 0.0183652 0.00976731 0.000202603 0.000187366 0.0113809 0.00725483 0.0369453 2.44062e-06 
0.00270473 0.000464086 1.40731e-05 0.00252595 0.00234369 0.291627 0.00538108 0.000662212 0.000996043 0.00149862 0.152576 0.000120946 0.372976 0.00291975 0.000790388 2.31581e-06 4.66701e-06 0.0219595 0.0336956 0.00188171 0.00957636 0.00289774 0.00117506 0.00499621 0.000149588 0.000993204 0.00165337 0.0420815 0.0413322 1.51128e-06 
1.93683e-05 0.00270578 7.25225e-05 9.91407e-05 0.0110282 0.00993156 0.00596671 0.0863813 0.000798468 0.00152084 0.000203079 7.15807e-06 0.767338 0.00124423 6.2922e-05 1.24445e-05 1.01115e-05 0.000539602 0.0041887 1.31059e-05 0.0030953 0.00178947 4.1081e-06 0.0334809 5.53919e-06 0.00101279 0.000154132 0.0501587 0.0181459 9.50217e-06 
7.97584e-05 0.0136434 4.15214e-05 0.00139971 0.0250637 0.10353 0.0298207 0.011724 0.00020992 0.00612947 0.0386424 1.54645e-05 0.169723 0.000554093 0.0737934 1.35404e-07 2.1256e-07 5.11994e-05 0.0712236 0.00014321 0.0948471 0.00900346 0.0739018 0.0116715 0.0655866 0.0147962 0.015191 0.12214 0.047041 3.26491e-05 
2.57566e-06 0.000228356 2.95028e-08 3.36237e-08 0.000107705 0.0191503 0.00204464 0.00615137 0.000142201 4.49147e-06 0.0683069 5.82244e-11 0.850026 8.85442e-05 0.0166874 1.01225e-10 0.00016023 2.04394e-05 5.44117e-05 0.00182045 0.000583364 0.00769923 0.00103734 0.000895518 6.57055e-06 0.000546932 0.0013202 0.0208841 0.00203034 6.60042e-08 
0.0250328 0.0298052 0.000613506 0.00112698 0.0317714 0.0542551 0.0541052 0.0685428 0.0100704 0.00665494 0.0399339 0.000126696 0.131396 0.000323602 0.0523135 1.18797e-06 0.00385931 0.00169205 0.0311227 0.0015603 0.0915633 0.0592373 0.00447099 0.118203 0.00686916 0.00669354 0.0117448 0.104044 0.0527746 9.11614e-05 
0.0138007 0.0131259 0.000748203 0.000373928 0.00695115 0.0103523 0.0583683 0.0706583 0.00111562 0.00235373 0.00581405 3.98128e-05 0.48362 0.00255565 0.0158309 0.000403418 0.000992494 0.00311319 0.000327839 0.00018157 0.00491888 0.199694 0.0198585 0.0224512 0.00287819 0.000351852 0.0126329 0.0312833 0.0152029 1.13445e-06 
8.63067e-06 0.000138839 6.50525e-05 3.12257e-06 0.000996322 0.125754 0.0137326 0.000100612 7.08972e-05 8.89441e-05 0.099832 1.8644e-05 0.622015 1.33227e-05 0.00481813 0.00191163 0.000870857 2.10175e-05 0.00229287 6.21735e-06 0.00283283 0.00017795 0.000927816 0.00444614 0.000155074 0.00384734 0.0187536 0.0901942 0.0059069 9.83418e-09 
1.11259e-05 8.79895e-05 0.000232012 3.02403e-05 0.0361776 0.0115956 0.00710625 0.00125227 0.000358313 1.38092e-05 0.0100601 5.47052e-10 0.762263 0.00318395 0.00504539 9.51067e-10 0.00075311 3.80592e-05 0.0702531 0.0038632 0.000268599 0.00908535 0.00051783 0.0011815 3.82079e-05 0.000115543 0.00473562 0.0126725 0.0590592 3.30426e-07 
1.14851e-05 0.000439852 2.78714e-05 1.30431e-08 0.00745815 0.003733 5.09205e-05 0.000129453 0.000687033 3.18311e-08 0.037194 4.62906e-08 0.580612 0.000318396 0.000774438 8.04775e-08 3.75871e-06 5.79375e-05 0.000615502 2.36309e-05 0.0291366 5.54288e-05 0.00944902 0.0155252 0.000137082 0.000313798 0.104013 0.102864 0.106367 6.14496e-08 
4.58608e-05 0.000301171 0.0139344 8.00907e-05 0.0051766 0.142396 0.0125511 0.0522363 0.00447499 5.47777e-05 0.0506695 1.25708e-06 0.390124 0.000427021 0.0405238 3.31478e-09 6.53478e-07 6.57797e-05 0.00247783 0.00055906 0.012493 0.0146366 0.0624015 0.023874 1.89027e-06 0.000260653 0.00937398 0.0944859 0.0663482 2.42682e-05 
0.00639849 0.00102545 0.00704097 3.66391e-06 0.00354892 0.0264759 0.014631 0.00761833 0.000483763 0.000112298 0.0936301 2.3166e-06 0.50241 0.000181435 0.00597239 6.11055e-08 0.0123405 0.000387064 0.000767846 0.00198045 0.0399921 0.011383 0.000593233 0.00996967 0.0802702 0.00199201 0.0451418 0.103571 0.0220756 4.66579e-08 
