3.29005e-07 5.47911e-07 1.07729e-06 0.000494705 5.61524e-07 0.00499293 0.000744346 0.00448652 9.15173e-07 1.2061e-06 3.9248e-07 1.75397e-06 0.924629 1.76666e-06 8.19986e-07 3.04934e-06 0.00148908 1.16039e-06 0.000566492 0.0170236 3.27626e-07 0.0354531 0.00141029 0.00597797 0.00163011 9.41235e-07 4.2932e-07 1.94931e-07 0.00108396 2.32836e-06 
0.0339877 0.0174787 0.00441989 5.43272e-05 0.0508868 0.0601344 0.0530185 0.072786 0.00251544 0.00817374 0.0435194 0.00076467 0.198511 0.000619291 0.0182013 2.21254e-05 0.00505353 0.00112926 0.00955239 0.000691655 0.0275222 0.00639881 0.00461109 0.0264997 0.00431432 0.00490626 0.0577843 0.160054 0.126387 2.02175e-06 
6.32402e-05 0.000239779 8.78836e-06 2.68667e-09 0.00473553 0.0305972 0.00656543 0.0247944 7.60925e-07 0.00781409 0.0282858 5.56047e-06 0.785152 0.00161329 0.00427863 1.76879e-06 0.000468533 0.00180714 2.6395e-05 0.00458374 4.25313e-05 0.00232028 0.0131161 0.0054971 0.00457861 0.00337154 0.00986824 0.053493 0.00667023 1.26576e-08 
1.30384e-07 0.000589607 4.26926e-07 1.95855e-07 0.000400637 0.000423192 0.000284794 0.000364139 0.000669692 0.00057375 1.55539e-07 6.95096e-07 0.742306 0.00502426 0.000301185 1.20845e-06 9.81897e-07 0.000252043 0.000464314 4.62852e-05 2.76827e-05 0.159416 0.00456942 0.0658531 0.0004381 3.73009e-07 0.000744811 7.72507e-08 0.0172459 9.22724e-07 
0.000634832 0.135632 0.000938762 0.000340532 0.061617 0.0270349 0.0678614 0.0237392 0.000483186 0.00394462 0.0363617 0.00439926 0.327492 0.0028315 0.00289146 5.59743e-09 5.93318e-05 0.000243549 0.037991 0.000598895 0.00676178 0.0174295 0.0147666 0.00441967 0.0979979 0.0142257 0.0294643 0.0461279 0.0336319 7.94597e-05 
0.00124885 0.00819037 9.14108e-05 2.39838e-05 0.022217 0.0397126 0.00510144 0.0703402 0.014232 0.00175316 0.0274266 6.56972e-05 0.220819 0.0011346 0.000486173 1.21962e-06 5.00799e-06 0.000493899 0.0448028 1.92952e-05 0.0971895 0.00204484 0.00674913 0.0643444 5.78794e-05 0.000140162 0.0740138 0.0997725 0.197522 4.84704e-07 
0.0349654 0.00484874 0.000931332 0.0042041 0.0311702 0.177795 0.205236 0.00591854 0.00248717 0.0112626 0.00754341 0.000169009 0.210065 0.00226653 0.00203679 3.91895e-07 0.00021341 0.080054 0.0155812 0.0180462 0.0130729 0.0534617 0.00225476 0.0662468 0.00162482 0.00613512 0.00291864 0.00314401 0.0363456 2.99237e-07 
0.000234646 0.000256742 0.000177319 3.34687e-06 0.0029765 0.0399132 0.0391055 0.00349209 0.000356454 0.000183162 0.00535817 5.90292e-06 0.770414 0.00011409 0.049586 5.72655e-09 0.020239 0.000363534 0.00534435 0.00893026 0.00580551 0.00368978 9.35523e-05 0.0098374 1.30206e-05 0.00104092 0.000606807 0.0148625 0.016996 4.37258e-09 
0.00525502 0.00175377 0.000828987 2.92056e-05 0.00731388 0.0146391 0.0240644 0.00923779 0.00183965 0.00602902 0.0201468 0.000790283 0.620508 0.00076614 0.0050563 0.000348227 8.89097e-06 0.00261019 0.0269426 0.00609071 0.039003 0.00701307 0.0175061 0.00533025 0.00022616 0.000686698 0.0475739 0.105237 0.023162 2.90403e-06 
1.84646e-06 0.000234652 0.00525071 1.97318e-09 0.0011735 0.00934803 0.01235 1.91431e-05 0.000914932 1.10131e-06 0.0725686 7.00291e-09 0.576776 7.05356e-09 0.00313935 1.21748e-08 3.55608e-06 9.00946e-07 5.86245e-06 0.0333065 0.00637875 0.155555 0.00970919 0.00221612 0.000295328 0.000141222 0.00272447 0.0834839 0.0244014 9.2962e-09 
0.0364196 0.00451333 0.00106024 1.662e-05 0.0288822 0.0161363 0.0191784 0.0447956 0.000594532 0.00151644 0.0338832 0.00842956 0.304323 0.00104974 0.00203861 2.12551e-05 6.7496e-05 7.95705e-05 0.0655333 0.00573548 0.0205636 0.0157389 0.00189492 0.0115773 0.000419087 0.00024084 0.0428214 0.117545 0.214924 6.53304e-07 
0.00829619 0.00834012 0.00103553 1.31438e-08 0.00451064 0.00212942 0.0304676 0.0411335 0.000456487 0.000858662 0.239163 0.000221322 0.393046 0.00018799 0.00263536 8.10988e-08 3.15626e-05 5.55192e-05 0.0130423 8.54091e-08 0.0279326 0.00101773 0.000567137 0.0131077 4.74377e-05 0.000149211 0.00154187 0.157636 0.0523701 2.0078e-05 
0.00520232 0.00366144 0.000325766 9.49478e-05 0.00715857 0.0681103 0.00922038 0.0570785 7.96513e-05 0.00734892 0.093707 0.000399482 0.419942 0.000253568 0.00677887 0.0193265 0.000130585 0.00152153 0.00438182 0.00258903 0.00863409 0.00336386 0.0014097 0.0181091 9.48287e-05 0.00153631 0.0845052 0.144865 0.0301675 2.68259e-06 
0.000586951 0.00039786 0.00319308 0.0317329 0.0112054 0.0296231 0.020888 0.141792 0.00010714 0.000462288 0.0105536 1.69797e-05 0.413941 5.10401e-06 9.76223e-05 4.92168e-07 3.99901e-07 0.000479276 0.157012 0.0436519 0.0323565 0.0370829 0.0482526 0.00721307 0.000168722 0.00162765 0.000114684 0.00399981 0.00343614 3.75801e-07 
4.53789e-05 0.00522895 1.00061e-07 0.000775441 0.00688062 0.0793223 0.0178836 0.0308427 0.000305071 0.00441632 0.0667316 2.23212e-07 0.311066 0.000804376 0.0347081 9.02431e-10 7.33252e-10 0.0127793 0.0457806 0.000805925 3.28723e-05 0.203189 0.0127214 0.0593126 0.0472847 0.0190755 0.0026895 0.0257864 0.0115309 6.89063e-10 
0.0161764 0.000166829 7.40041e-05 1.08271e-05 0.000283928 0.00444397 0.00124159 0.000622483 0.0002776 0.00020863 0.0274818 1.16075e-05 0.731004 0.000186807 7.20646e-05 3.19248e-05 5.27614e-05 2.4502e-05 0.000729147 2.08467e-06 0.000485941 0.00588248 0.00122042 0.00338278 8.93441e-05 3.09429e-05 0.0092325 0.168032 0.0285351 5.75178e-06 
5.33859e-06 6.97078e-07 1.50871e-06 0.00771256 0.0181706 0.067076 0.0191154 0.00159968 1.34133e-05 0.00173229 0.0205519 1.88774e-06 0.748808 0.00151046 0.0186766 2.43069e-07 0.000971336 0.00741498 0.000900085 0.00189753 0.00369024 0.016694 0.00909715 0.00760647 6.16302e-06 1.52286e-05 0.0132178 0.0159846 0.0175265 1.54667e-06 
2.38713e-10 0.00462279 0.00109009 0.000788847 3.17941e-06 0.212138 0.0149974 0.017611 6.64015e-10 0.0125439 0.00481259 0.000117096 0.40136 5.55176e-07 0.141212 5.89683e-05 1.79771e-09 0.00514426 5.36569e-06 0.0606423 0.0105731 0.0768243 0.00204362 0.000738616 0.00146651 6.82925e-10 0.010161 0.00769854 0.013347 1.68937e-09 
0.000359914 0.000109524 1.22911e-05 3.05198e-06 0.0311809 0.0926248 0.00169901 0.00750719 0.000140845 0.00708116 0.201178 2.2122e-08 0.282854 0.00674086 0.0193514 4.88625e-08 2.09655e-05 7.95832e-05 0.0235218 6.93057e-05 0.0310079 0.00661831 0.0768196 0.0144611 0.000510773 0.0559191 0.00962633 0.117528 0.0127939 0.000180303 
0.000380933 0.000369684 1.98268e-06 0.000100247 1.46571e-07 0.127361 0.021664 0.00426484 4.95319e-09 0.000927262 0.00698363 1.57627e-07 0.741069 3.48997e-07 0.00470807 1.56375e-08 4.11214e-08 0.000620046 7.05664e-07 0.00158276 0.0043039 0.00230902 8.99976e-05 0.0172129 6.56422e-07 7.51634e-05 1.33113e-11 2.12283e-07 0.0659521 2.1076e-05 
2.41878e-05 0.0138253 0.000148971 1.67886e-05 0.0018004 0.106391 0.0254735 0.137414 0.00260423 6.26661e-05 0.0232484 1.19236e-07 0.350368 1.26785e-05 0.00400635 2.07295e-07 5.20112e-06 1.23876e-05 0.00255157 7.38925e-05 0.0317163 0.000256518 0.00799778 0.00424104 9.22693e-08 0.138304 0.0133839 0.0183588 0.1177 1.03696e-06 
0.000496279 0.00127487 0.000603955 0.00653424 0.000630489 0.0903517 0.0129652 0.0142692 0.00621879 0.00161374 0.062298 4.79405e-07 0.485733 0.00280663 0.00186592 7.98426e-07 2.40454e-05 0.000371989 0.0157012 0.000713326 0.0461881 0.00162171 0.000718127 0.111912 1.15446e-05 0.0020383 0.0228775 0.0616074 0.0485366 1.48684e-05 
0.0288594 0.00215343 0.000460012 2.339e-06 0.0142934 0.0723878 0.0166889 0.005777 0.000889273 0.00091319 0.107985 1.98465e-08 0.540474 0.00277845 2.6108e-05 1.74947e-08 0.0353177 1.21097e-05 0.000857513 6.75944e-07 0.027528 0.00154295 0.00337542 0.00234331 0.00358573 0.00170417 0.0523838 0.0529571 0.0247023 1.56675e-07 
0.0221602 0.00259518 0.000603848 0.00132675 0.100816 0.0309356 0.0169125 0.0131113 0.00986508 0.00355917 0.0250432 7.53995e-07 0.225651 0.0067488 0.0101764 5.74105e-08 0.000935458 0.00135115 0.03161 0.00259115 0.0180003 0.00254885 0.0181892 0.0221509 0.00138139 0.00810382 0.0774896 0.157529 0.188612 5.54673e-08 
0.00370353 0.00185609 0.000882316 0.000106077 0.000621485 0.0507917 0.0187423 0.00247013 0.000600976 0.00379781 0.0426585 4.17742e-06 0.64959 0.000395699 0.00621639 1.4301e-05 4.23091e-05 0.000592446 0.00825184 0.0193826 0.00303037 0.0933392 0.00266116 0.0296129 0.00746595 0.00259855 0.00482799 0.0383766 0.00736403 2.45935e-06 
0.000394311 0.00196849 0.000251822 0.000118538 0.000528206 0.0889201 0.0121161 0.0187484 0.0334639 0.0012058 0.00216242 0.000386501 0.302658 0.00353222 0.0371398 1.96497e-08 0.0123143 0.000262127 0.00734705 6.50581e-05 0.00879134 0.149161 0.0667724 0.0092331 1.68502e-05 0.0333937 0.0684015 0.109029 0.0316167 2.06353e-06 
0.0264476 0.00150675 0.000991019 0.00682824 0.0123888 0.0361981 0.0274272 0.0428692 0.00217301 0.00140027 0.016555 0.000554958 0.422059 0.00226516 0.00259905 7.6588e-08 0.00238476 0.00318905 0.0281735 7.34897e-05 0.0449474 0.0332848 0.00777804 0.103471 0.0200816 0.00419454 0.126123 0.0168926 0.00712037 2.24669e-05 
0.00218369 0.00955629 0.0016772 0.0115279 0.00652548 0.0340889 0.00703557 0.014489 0.0134545 0.00296597 0.016607 1.03391e-06 0.316379 0.00404556 0.00421803 0.000403186 0.00024072 9.40827e-05 0.0247076 0.00183204 0.00604806 0.00339629 0.139089 0.00293003 0.0019248 0.00170774 0.154279 0.078672 0.139916 4.93968e-06 
2.27854e-08 0.0324609 0.000485294 0.00038867 0.00723428 0.0710217 0.0658713 0.0138394 0.000267562 0.00592488 0.0645685 0.000577665 0.21286 0.000844392 0.0244638 0.00372222 0.00595995 0.0400284 0.208972 7.14635e-07 0.0489459 0.0569697 0.0185106 0.0263965 0.00212337 0.00976007 0.0166697 0.0585654 0.00256697 5.97872e-11 
0.00891712 0.004637 0.000862611 0.000183977 0.016277 0.0872912 0.0274321 0.0193587 0.00116267 0.00349745 0.152209 0.000436739 0.203028 0.00231913 0.000709135 0.00048705 8.07067e-05 0.000963585 0.00777466 0.0107252 0.0412418 0.0309484 0.00801272 0.0175427 0.00219496 0.163455 0.0395651 0.100962 0.0477223 2.2017e-06 
0.000152886 0.00106589 0.000896043 1.28176e-05 0.0628152 0.0433767 0.00738425 0.011632 0.00227501 0.00028815 0.021491 1.06703e-07 0.616662 0.00559255 0.0116322 2.27614e-09 0.00292312 4.87362e-05 0.0867476 0.0118277 0.0135779 0.0150155 0.00671445 0.00781628 0.00241895 0.000546215 0.00131697 0.0241211 0.0416471 1.1318e-06 
0.00455609 0.0152675 0.0184374 3.39837e-05 0.0119292 0.0161479 0.074622 0.0135263 0.000546776 0.00185691 0.0198626 2.87001e-05 0.471826 0.00235615 0.0794962 1.56169e-08 0.000216191 0.00202792 0.0227899 0.0329841 0.0491423 0.0179818 0.0130138 0.00760384 0.000434275 0.000279609 0.0115596 0.04175 0.0697228 2.0211e-08 
4.06024e-06 0.00110831 1.25227e-06 2.71318e-06 0.00893131 0.0113528 0.00261807 0.0124505 0.000450925 0.000556823 0.0160495 1.60042e-06 0.726456 0.00112354 0.00164169 6.43404e-09 8.71466e-05 4.93997e-06 0.0148483 0.00267718 0.0134774 0.134065 5.87471e-06 0.0103288 0.00458188 0.000862991 5.57712e-05 0.0248903 0.0113634 1.65919e-06 
0.00884428 0.00455932 0.00211563 0.000898258 0.00155613 0.22873 0.025213 0.0246259 0.00440203 0.00112737 0.0406771 1.25098e-05 0.334772 0.000476246 0.0046428 8.11844e-09 0.000751223 0.00223865 0.0056831 0.0064215 0.00663795 0.00521084 0.00123052 0.0349019 0.000105093 0.00304034 0.0213985 0.187623 0.0421024 2.19457e-06 
0.00376057 0.00345874 3.11461e-07 0.00707603 0.00503869 0.0358926 0.0151042 0.00588609 0.0083075 0.0193132 0.294077 1.13255e-05 0.385581 0.00395655 0.0049807 1.25434e-10 1.651e-05 0.000354053 0.00710959 0.00653373 0.000296032 0.0325722 0.0299038 0.00434665 0.0359761 0.00046931 0.0182507 0.0418569 0.0298637 6.59224e-06 
0.00820095 0.0330576 0.00644633 0.00124285 0.0510701 0.0935733 0.10956 0.00658606 0.00144686 0.00387392 0.0248671 3.08697e-06 0.225196 0.0323793 0.0452697 8.26553e-06 8.33087e-05 0.107643 0.0547286 0.00023392 0.00279183 0.018167 0.027224 0.0585071 0.000559186 0.00373341 0.0616735 0.0155464 0.0062805 4.59595e-05 
2.71248e-06 0.000152762 2.89516e-07 4.28643e-06 0.00595794 0.000251861 2.07618e-05 0.0041479 2.69312e-05 0.000667368 0.000143663 2.72465e-05 0.392284 2.02508e-08 0.000921458 8.6649e-06 5.76556e-06 0.30265 0.0141238 4.99424e-06 0.0495243 0.0023599 4.15534e-06 0.00833916 1.55583e-08 6.80585e-05 6.67572e-05 8.7585e-05 0.218148 2.66895e-08 
0.00790462 0.0168533 0.00290318 0.000138975 0.0184138 0.0347234 0.0557509 0.052931 0.00154015 0.0288846 0.0288433 1.872e-06 0.403131 0.00227738 0.00336833 5.10699e-06 0.0204838 0.00654348 0.00921119 0.00542712 0.00221628 0.0197143 0.0297384 0.0255642 0.00144934 0.0184436 0.0674251 0.119381 0.016663 6.89615e-05 
0.00217112 0.0176767 6.58815e-08 7.44881e-05 0.00372565 0.0272122 0.0296707 0.0489107 0.00387003 0.00141479 0.0128788 0.000343094 0.449252 0.000817473 0.0121957 0.000191851 1.08935e-10 0.000491534 0.0129645 0.0533415 0.00239462 0.0414174 0.000338185 0.101908 2.9553e-05 8.91807e-05 0.00256925 0.0968295 0.0771108 0.00011038 
0.000126612 0.0131973 0.00219125 5.5906e-06 0.00118543 0.0389808 0.0159922 0.00785519 0.027529 0.00160407 0.00494392 7.55801e-09 0.44578 0.00414881 0.00960019 0.00025616 1.06765e-08 2.04192e-05 0.0353393 0.00212153 0.000932441 0.00841448 0.0534771 0.000537014 0.000797508 0.000422323 0.146766 0.0271671 0.150609 1.00331e-08 
0.00644482 0.0219716 0.000182962 8.14527e-06 0.00301536 0.0124662 0.0241925 0.0135203 0.0243077 0.000527612 0.00961343 0.00144815 0.596082 0.0195462 0.00579525 6.55446e-06 0.0031187 5.38386e-05 0.0266374 0.000899274 0.10924 0.0136545 0.00302751 0.0132994 8.96966e-05 0.00199691 0.00636102 0.0450731 0.0374154 4.50538e-06 
6.16469e-08 1.29758e-06 1.49699e-08 6.86754e-09 2.79101e-06 0.0183633 4.96621e-07 0.000916775 0.00520354 1.67599e-08 0.00207359 1.08072e-06 0.919938 0.00057902 1.13945e-08 4.23735e-08 3.44297e-08 1.61248e-08 0.00244497 2.75058e-06 3.78819e-06 2.59283e-05 5.62818e-07 0.000476965 4.10605e-06 3.64055e-08 6.99466e-05 2.70876e-09 0.0498906 3.23548e-08 
0.0575915 0.00125548 0.000374424 7.59415e-05 0.0540339 0.0177037 0.0186371 0.0269592 0.00046931 0.00377793 0.0397165 0.00608005 0.140483 0.000274014 0.0196989 8.18697e-10 0.000112405 0.000896628 0.132139 0.00536368 0.108701 0.0259954 0.0120977 0.124143 0.0440446 0.000673553 0.00871691 0.11855 0.0314138 2.19486e-05 
7.1889e-06 0.012763 6.60898e-07 0.000590993 0.00935758 0.0696181 0.0130389 0.141983 0.0901193 2.71131e-06 0.0312385 8.38773e-07 0.189402 0.0132354 5.89923e-07 5.97044e-05 3.35349e-05 0.00464822 0.0130209 0.000983612 2.68639e-05 0.153795 0.000866151 0.127037 1.33418e-10 4.80048e-05 0.0027927 2.33135e-07 0.00410386 0.121225 
0.00437908 0.0194952 6.83764e-07 0.00403654 0.00773002 0.0784657 0.055419 0.0397461 0.00198383 0.0378777 0.00602071 6.83439e-07 0.340746 6.83433e-07 0.0158669 6.82816e-07 0.00280137 6.83724e-07 0.0203855 6.82739e-07 0.0235346 0.246215 0.0118988 0.0236705 6.83631e-07 0.000479366 0.0326994 0.00547418 0.0190193 0.00205017 
0.0018565 0.00887594 4.57954e-05 0.000134991 0.000743716 0.181738 0.0118546 0.00360474 0.0030682 0.00263041 0.039703 4.87889e-07 0.519575 0.00015422 0.0165616 0.0193788 0.000140267 0.035415 0.00898087 0.00300986 0.000499963 0.0531569 0.00613139 0.0334442 0.00168837 6.32188e-05 0.00751111 0.01805 0.0219825 2.89608e-07 
0.0470338 0.00129686 0.000278628 3.08379e-07 0.00166701 0.238993 0.0782826 0.0450862 9.49069e-07 0.00618648 0.0484697 7.47224e-07 0.258609 2.993e-05 0.00141082 8.31209e-10 2.59155e-06 0.00835217 0.00856025 0.124304 0.000778741 0.0727573 0.000329327 0.00926079 0.000620881 0.0213244 0.0208577 0.00340008 0.00210604 6.3468e-10 
0.00425375 9.41247e-05 0.000298402 5.18876e-06 2.44658e-05 0.000188701 0.00630694 0.0125007 4.0462e-05 0.000208225 5.07891e-05 8.65361e-06 0.861038 0.0359127 0.00490604 1.24337e-05 8.85948e-05 1.50395e-05 7.52686e-06 1.30945e-05 8.92668e-05 2.19376e-05 0.00229313 0.000131175 2.22399e-05 4.24083e-06 0.0312377 0.0268093 0.0134075 9.49389e-06 
0.000979851 0.0127802 0.00344042 1.09974e-05 0.00157613 0.00411003 0.0820836 0.0140835 0.0954291 0.000510897 0.1346 0.000478618 0.362666 3.56799e-05 0.0261227 2.415e-07 4.55476e-06 4.83525e-05 0.000108395 2.54335e-07 0.0090888 0.0669179 0.00139938 0.0279087 0.00030464 9.69184e-08 0.0149835 0.0426034 0.0977225 1.30187e-06 
3.7741e-05 0.00310782 2.82709e-05 6.51643e-07 0.00128933 0.0024977 0.110794 0.0785494 7.02227e-06 0.000155982 0.000198791 8.35429e-08 0.385283 0.0846477 2.86979e-05 1.45242e-07 1.49879e-05 5.52702e-08 1.48427e-05 5.42945e-05 1.5605e-08 0.00181822 9.25847e-06 0.0802082 0.0214945 4.48316e-08 0.132222 0.0802658 0.0172531 1.83591e-05 
0.000616107 0.00175828 0.0012295 1.15081e-05 0.0807769 0.0187821 0.0335544 0.0102221 0.000357354 0.0123034 0.0272219 3.51521e-06 0.316492 0.0190522 0.00939617 1.55225e-11 0.000193744 0.00154014 0.154555 0.00135635 0.00400107 0.0118131 0.00723217 0.0151847 0.000662093 0.000647231 0.0062439 0.227622 0.0371657 6.48713e-06 
0.11412 0.00117986 0.000233491 4.38783e-07 0.00148011 0.0254895 0.0507986 0.0134048 1.07272e-10 0.143091 0.0648814 1.36206e-06 0.294985 0.000599218 0.00532312 3.57426e-10 3.41298e-07 0.00017494 4.15811e-06 0.000987386 0.000203339 0.0814281 0.00561674 0.00498273 0.0603139 0.00324784 0.00488531 0.0929971 0.029569 3.04708e-07 
0.000270218 0.00682776 0.000353094 0.000624241 0.00805157 0.0306961 0.0782664 0.045599 0.00199697 0.0154504 0.00682946 0.000183227 0.478455 5.28258e-05 0.00523697 0.000510222 7.21069e-05 0.000439032 0.00753449 9.36631e-05 0.00243114 0.0106182 0.106686 0.131252 0.000401243 0.0160245 0.0135053 0.0188518 0.0126805 5.36688e-06 
5.46994e-05 0.000379562 2.07378e-07 1.52686e-09 1.27794e-05 0.0171869 0.000746194 1.9889e-07 0.000945928 3.72622e-09 0.00871431 6.63789e-06 0.929788 5.45808e-09 0.00111401 9.42089e-09 2.17465e-05 0.000519236 0.00049156 2.44302e-06 0.000116834 0.00495581 0.000292018 1.96844e-06 0.000236967 1.48817e-05 8.44687e-07 0.034393 3.28167e-06 7.19344e-09 
0.000105232 0.000692276 0.000298837 8.10341e-08 0.00187593 0.00495081 0.0126422 0.00290303 3.96107e-05 0.00606157 0.0148513 1.65325e-06 0.803036 0.0106984 0.00227199 3.80828e-10 4.01774e-06 0.000103525 0.0411162 0.000964879 0.000279524 0.00784907 0.00842938 0.00339751 2.75553e-05 0.000710981 0.00281338 0.0563378 0.0175341 3.09319e-06 
1.92599e-11 0.00348828 0.000833805 0.000611171 0.000124076 0.119312 0.0298653 0.0144531 5.35742e-11 0.00173405 0.0486222 9.09854e-05 0.404791 0.00012749 0.255643 0.00586573 1.45043e-10 0.00593742 0.00477901 0.00753027 0.00677122 0.0269431 0.00150244 0.00227451 0.00324549 5.50999e-11 0.0140605 0.0270995 0.0142946 1.36302e-10 
0.000684559 0.00211934 0.000191764 0.000184948 0.0120425 0.0955971 0.0196872 0.00877335 0.00307078 0.00140639 0.0261515 0.000251862 0.458175 0.00236248 0.0280199 1.89818e-06 0.000117539 0.0620764 0.0434722 0.0045375 0.0137236 0.0088966 0.00393297 0.0132705 0.000120221 0.000965578 0.00927489 0.0775831 0.103307 6.5427e-07 
0.00126934 0.000391388 9.34049e-11 0.00353369 4.07878e-06 0.15645 0.0197271 0.00535869 0.000181225 0.0101935 0.065428 0.0977759 0.265418 0.000550048 0.0388289 2.0266e-07 5.89795e-05 0.00433368 0.00629542 0.00782954 1.32234e-07 0.077217 0.00301867 0.00978047 0.0920046 0.0342758 0.040023 0.0579978 0.00194186 0.000112612 
0.00730326 0.00390183 0.00145389 4.75842e-10 0.000303008 0.0328458 0.0112033 0.0448846 0.000323125 0.0110575 0.0759761 4.08234e-06 0.551228 0.000617825 0.00772498 2.936e-09 0.001474 0.000239587 0.00459739 0.00190141 1.28716e-06 0.0493781 0.00608098 0.0257216 0.00109132 0.000676736 0.0557935 0.0816686 0.0225486 2.24182e-09 
0.0104789 0.0066686 3.87111e-06 9.57998e-06 0.00125442 0.14195 0.0470423 0.0915128 0.00832506 0.00764503 0.00249378 7.5648e-07 0.367927 0.000397781 0.00567656 5.33482e-05 0.000179847 7.14612e-05 0.0214285 0.0172528 0.0575675 0.0645211 0.0162875 0.0333468 0.0007375 6.84214e-05 0.00492674 0.0711611 0.021011 5.90518e-09 
9.31267e-05 0.0133946 0.00193092 0.137733 0.000776273 0.0180386 0.0938174 0.01556 0.128431 1.15892e-05 0.126075 0.00026592 0.252197 0.0101906 0.00400528 1.21725e-06 0.000182788 0.00113841 0.0077254 0.000697625 0.00529856 0.00420504 0.139805 0.00263778 0.00096339 3.95112e-07 0.00617983 0.00397888 0.0243369 0.000328439 
1.04945e-06 1.74772e-06 3.43631e-06 1.57643e-06 0.000786411 0.000427296 0.000416949 0.000566017 1.63683e-05 0.00057989 0.00226222 5.5948e-06 0.952578 0.00027824 0.00172127 0.000211381 7.90325e-06 3.7014e-06 1.50457e-06 1.02437e-05 0.000147893 0.000511435 3.21092e-06 1.21447e-06 4.32947e-06 3.00234e-06 1.36944e-06 0.039197 0.000242331 7.42697e-06 
1.14222e-05 0.00407022 0.0691276 2.50545e-07 5.31056e-06 0.0164459 0.0254766 0.0176252 0.101276 1.14085e-05 8.25988e-06 1.80254e-08 0.586637 0.00323945 2.63493e-06 3.13376e-08 2.54627e-08 1.19252e-08 0.022191 0.00783712 0.0390084 0.0580236 0.0244232 0.0083643 3.99605e-05 0.00026208 0.00512397 0.00588147 0.0048836 2.34212e-05 
0.000486056 0.0117206 0.00156625 1.34651e-05 0.00686325 0.0221318 0.0422327 0.0230391 0.00123536 0.00192731 0.0153259 0.000278856 0.579237 3.00032e-05 0.0606626 1.4592e-06 6.36033e-09 0.00245833 0.0090266 0.0810968 0.00142839 0.0333863 0.00162332 0.0503086 0.00498175 0.000637643 0.00375755 0.0281568 0.016147 0.000239201 
3.81703e-08 7.62219e-05 1.06645e-06 6.71393e-10 0.00070073 0.0060113 0.000103723 0.00129604 6.22274e-07 0.0004376 0.0196611 2.3828e-09 0.86129 1.31531e-06 0.00255785 4.14257e-09 1.85994e-07 4.77363e-08 5.37538e-07 0.000717236 0.0246982 0.010957 0.0294223 0.00369882 7.08536e-05 2.1669e-06 0.00918964 0.00854805 0.0205569 3.16312e-09 
0.00372973 0.000392344 3.5178e-05 0.0221365 0.00549385 0.0290671 0.0187441 0.00242454 0.000479524 0.00111318 0.0267535 1.07137e-05 0.855538 0.00133358 0.00126392 9.36223e-09 0.00048008 0.0021605 5.31827e-05 8.73378e-05 0.00198129 0.0001821 0.000104358 0.0110992 7.29629e-06 9.39361e-05 0.00216868 0.00598227 0.00707181 1.17215e-05 
0.032189 0.00553283 0.00019913 0.00379418 0.00776475 0.00124198 0.0067356 0.0224225 0.00355082 0.000649206 0.00535659 4.42996e-05 0.646838 0.000204045 7.91629e-05 1.04502e-06 0.00247026 0.00184253 0.02101 0.0279935 0.0359223 0.101122 0.0243644 0.0128014 0.0195083 0.0110583 0.000204735 0.0050101 8.78293e-05 7.97939e-07 
4.12397e-06 4.11314e-05 9.29306e-07 0.000113894 0.0026673 0.0180884 0.0639365 0.0158686 0.00203789 0.00403536 0.0084715 9.67292e-05 0.33067 0.000122834 0.00389735 4.9815e-05 2.58625e-07 0.00434429 0.0570768 0.0613473 0.0296776 0.194218 0.0346462 0.143335 0.00642681 7.50672e-05 0.005207 0.00356573 0.00980791 0.000170059 
0.0212815 0.00317838 3.45287e-06 1.18808e-05 0.165359 0.0812672 0.0141805 0.0119283 0.030251 0.00374853 0.0280658 4.80906e-07 0.281713 0.000798721 0.00985928 4.92352e-05 0.000286645 0.000380404 0.0428325 0.000945894 0.013576 0.0159761 0.0114544 0.0490834 0.0140071 0.00240602 0.0350491 0.135483 0.0268219 1.18479e-06 
0.0174721 0.0360465 0.00152325 6.71304e-05 0.00147544 0.0717586 0.0107351 0.0377651 0.00107584 0.00156042 0.0253083 0.000228704 0.505018 0.000300301 0.0233484 0.00013183 0.00264533 0.00282654 0.00412983 0.00538754 0.0208566 0.0245888 0.0117823 0.0563587 0.00184765 0.00292582 0.021117 0.0633463 0.0483694 3.38304e-06 
8.86398e-09 6.49663e-05 2.9024e-08 1.33149e-08 0.000134659 0.000385093 0.0301354 1.08887e-08 2.46564e-08 6.17718e-05 7.50869e-05 4.72553e-08 0.96377 0.000690205 3.97875e-05 8.21547e-08 6.67531e-08 3.12631e-08 0.00115263 0.00113351 0.000379562 8.9379e-05 0.000488194 0.000424683 3.65679e-08 2.53586e-08 0.000371301 0.000372358 0.000230915 6.27302e-08 
0.024635 0.0158443 0.0327758 7.90093e-08 0.000347375 0.111659 0.0602509 0.00461245 0.00298666 0.00631938 0.0306264 2.35828e-10 0.535564 3.1298e-08 0.0134694 4.27443e-06 0.000209699 0.000774647 0.00128216 0.0002666 0.00158627 0.00281491 0.00162643 0.00294616 0.000112493 0.00306557 0.00955556 0.125569 0.0109805 0.000114373 
0.000955711 0.000444976 0.000244466 7.26168e-07 0.00571119 0.0354219 0.00592548 0.0350016 0.000439148 0.00762739 0.092722 4.15653e-06 0.704109 0.00130889 0.00167276 1.23895e-06 0.000113503 0.000860075 0.00228927 0.00174517 0.0010953 0.00149561 0.00368872 0.0104836 0.00649606 0.00388137 0.0111798 0.0441754 0.020904 9.15772e-07 
0.000354015 0.0100896 0.00445203 0.000115589 0.00142912 0.0405316 0.0258759 0.0238915 0.00254167 0.0075849 0.0098579 8.83775e-05 0.472803 0.0103723 0.0260037 1.09974e-06 2.87237e-05 0.000901669 0.00866652 0.00214534 0.0326046 0.0593577 0.034953 0.0174944 0.0245755 0.00124471 0.0292638 0.0100876 0.142682 1.86525e-06 
2.57566e-06 0.000228356 2.95028e-08 3.36237e-08 0.000107705 0.0191503 0.00204464 0.00615137 0.000142201 4.49147e-06 0.0683069 5.82244e-11 0.850026 8.85442e-05 0.0166874 1.01225e-10 0.00016023 2.04394e-05 5.44117e-05 0.00182045 0.000583364 0.00769923 0.00103734 0.000895518 6.57055e-06 0.000546932 0.0013202 0.0208841 0.00203034 6.60042e-08 
0.000583993 0.00462546 0.00416796 0.000638331 3.98964e-05 0.0105895 0.0969944 0.0359918 0.000107405 5.53586e-07 0.0831579 0.000276815 0.540631 1.49201e-05 0.0210712 5.87077e-08 7.34578e-06 0.00626158 0.00769172 0.00133628 0.00848809 0.0412902 0.0110677 0.0257513 0.00196262 0.0186861 0.00164157 0.0573913 0.0193846 0.00014879 
0.000144004 0.0198819 6.00633e-06 2.33271e-05 0.00255979 0.0755073 0.0380353 0.0141866 8.61241e-07 0.00381779 0.0239596 9.53195e-05 0.648389 0.000600782 0.0104647 1.78849e-08 0.000264385 0.000669575 1.21104e-06 0.0032212 0.00495654 0.0779383 6.63189e-05 0.00238024 0.0410578 7.0865e-05 0.00369641 0.02153 0.00647115 4.1542e-06 
0.000486056 0.0117206 0.00156625 1.34651e-05 0.00686325 0.0221318 0.0422327 0.0230391 0.00123536 0.00192731 0.0153259 0.000278856 0.579237 3.00032e-05 0.0606626 1.4592e-06 6.36033e-09 0.00245833 0.0090266 0.0810968 0.00142839 0.0333863 0.00162332 0.0503086 0.00498175 0.000637643 0.00375755 0.0281568 0.016147 0.000239201 
0.0109059 0.0248386 0.0035109 0.00649165 0.0203629 0.105314 0.0501854 0.0421662 0.0432225 0.0060371 0.0295772 0.000313384 0.164095 0.138509 0.00678829 9.64811e-08 0.000594066 0.0011232 0.0400513 0.00460361 0.064541 0.00591102 0.0162126 0.0247706 0.000511126 0.00920819 0.071969 0.0266529 0.0815322 1.15428e-06 
0.00313552 0.000181749 0.0109878 0.00014372 0.0295903 0.125022 0.0251534 0.0066693 0.00661797 0.00220325 0.0197102 2.2847e-07 0.437759 0.000102282 0.00432691 1.24684e-05 0.00299596 0.00107951 0.00681424 0.00844727 0.0255442 0.0205975 0.0176528 0.0118424 8.37046e-05 0.000618604 0.0685319 0.0102485 0.153927 2.51997e-07 
0.00245802 0.00162464 5.02543e-10 0.0131296 0.0262002 0.216269 0.0119983 0.00667872 0.00052058 0.0011749 0.0933787 3.01393e-05 0.399092 0.000565027 0.00620248 5.84503e-08 0.000260347 0.0320504 0.0213752 0.00597901 0.0139182 0.0021132 0.000867451 0.106747 0.0079589 0.000865211 0.00177795 0.012097 0.0146293 3.88408e-05 
2.05034e-10 0.000360336 1.56511e-07 5.29654e-07 0.000907163 0.0181473 0.000475153 0.00336705 8.14044e-07 1.67362e-07 0.0343376 6.2084e-05 0.707054 1.38501e-05 0.00188233 1.90033e-09 7.38705e-06 0.0062739 0.00055594 0.0096114 0.00203955 0.110646 1.06109e-06 0.0116903 9.0474e-05 0.0819836 0.000616802 0.00813016 0.00172711 1.76209e-05 
0.00706379 0.00538631 0.00065583 0.000131555 0.0128277 0.0951331 0.0340943 0.105697 0.004418 0.00684797 0.0463183 0.00426096 0.203862 0.00491921 0.016631 1.69116e-05 0.00105308 0.000690731 0.0193537 0.00197004 0.0208255 0.00401163 0.00429183 0.0361428 0.0052021 0.00745012 0.0239937 0.162651 0.164097 2.37681e-06 
0.00474105 0.0174156 1.68273e-09 7.71961e-10 6.30148e-07 0.100162 0.0130976 0.00886072 0.00818402 1.37163e-06 0.00156639 0.000623381 0.689974 4.90306e-05 0.00532772 4.76309e-09 3.45769e-06 1.81254e-09 3.2858e-06 0.0027486 0.0191538 9.47475e-07 0.0126631 0.00245179 0.000637861 1.47022e-09 0.000554235 2.32536e-07 0.111779 3.63692e-09 
0.0104789 0.0066686 3.87111e-06 9.57998e-06 0.00125442 0.14195 0.0470423 0.0915128 0.00832506 0.00764503 0.00249378 7.5648e-07 0.367927 0.000397781 0.00567656 5.33482e-05 0.000179847 7.14612e-05 0.0214285 0.0172528 0.0575675 0.0645211 0.0162875 0.0333468 0.0007375 6.84214e-05 0.00492674 0.0711611 0.021011 5.90518e-09 
3.08672e-05 1.33693e-05 4.12739e-07 2.17305e-06 0.000246074 0.00200053 0.00687957 0.00143814 0.00171742 0.00383215 9.34519e-05 1.28396e-07 0.869888 0.0023549 0.0020853 5.07218e-09 7.40901e-06 4.98578e-05 0.013971 0.0420902 0.00390536 0.0431129 0.000485651 0.000171646 9.16768e-05 6.79374e-05 0.000943064 0.00358738 0.000933143 7.18787e-08 
0.00130387 0.00602476 0.0116231 1.63825e-05 0.000760681 0.145241 0.0481274 0.000439696 0.000331154 0.00296263 0.0177021 4.9027e-06 0.545498 0.00727107 0.0333239 2.83033e-07 1.11561e-06 3.31555e-07 0.0170663 0.00160201 0.0126671 0.000788667 0.0518158 0.00357071 0.00162262 0.000464278 0.00280584 0.0107347 0.0762288 2.16113e-07 
0.00760011 0.00295338 0.00178667 2.35707e-06 0.00150074 0.0443203 0.0273113 0.00123752 0.00136442 0.0380204 0.11689 2.27236e-07 0.623998 0.000423732 0.00337878 3.50037e-07 0.00015787 0.000113329 0.00229038 0.0122417 0.0106669 0.00487573 0.0239602 0.00111083 0.000113295 0.000122707 0.0262431 0.0247123 0.0225901 1.3025e-05 
3.28636e-08 1.33215e-07 1.22658e-05 1.22739e-06 2.46551e-09 0.00821805 0.00162506 7.51868e-05 6.88599e-06 2.70472e-05 0.00196075 7.70126e-09 0.850427 1.86965e-06 0.000333566 1.33889e-08 1.08788e-08 5.09499e-09 0.000249421 0.0260581 1.76418e-07 0.101587 8.80031e-06 0.00394312 0.00251999 1.60468e-06 1.14261e-05 0.00263569 0.000295025 1.02232e-08 
6.02544e-05 0.000446795 3.08226e-08 8.34403e-05 0.000181561 0.00132131 0.000507222 0.000671845 7.59609e-05 0.00191177 9.88299e-05 5.01836e-08 0.983499 5.05466e-08 0.000544317 8.72456e-08 0.000290719 3.32004e-08 0.000402179 9.18826e-08 0.000322469 0.00759174 0.000501165 0.000376924 3.88339e-08 1.88779e-05 0.000587159 4.46234e-05 0.000261195 0.000199919 
5.16208e-07 2.44838e-07 2.51469e-07 1.47518e-09 1.6208e-05 0.00315745 9.74972e-07 0.00329199 0.00551552 2.49098e-07 0.0163685 4.16336e-09 0.967909 1.46738e-07 4.95751e-07 7.23812e-09 2.64015e-05 2.69233e-07 5.6017e-07 7.62282e-09 3.83978e-05 6.67205e-07 5.30853e-05 5.34599e-05 5.35028e-07 0.000111686 0.00025745 0.00305744 0.000138539 5.52676e-09 
0.0785066 0.00956822 0.000103854 2.48731e-05 0.0105748 0.0430497 0.0308965 0.0428809 0.0739632 0.0111911 0.00961198 1.26846e-05 0.219187 0.026525 0.0306338 2.73708e-07 0.00238877 0.00052317 0.097757 0.00261053 0.00448225 0.0212062 0.0285375 0.0405639 0.00035278 1.80321e-05 0.0885565 0.0767035 0.0495619 7.40841e-06 
0.0278624 0.00944511 0.00465439 6.00832e-06 0.0180105 0.0241812 0.0549189 0.00206918 4.74085e-05 0.00517245 0.00348748 0.00251998 0.703512 0.000137692 0.0300674 4.63143e-08 0.000791298 0.000186452 0.030577 0.0011108 0.0006932 0.00589138 0.00544441 0.00138538 0.00125503 0.000786233 0.0231543 0.00284399 0.0397871 1.10531e-06 
0.0030755 0.00341728 0.00597342 0.00239036 0.0162056 0.037145 0.0114904 0.0101112 0.00466144 0.00300134 0.259517 0.00104851 0.302831 0.00153953 0.0010852 2.674e-06 0.00390239 0.00154263 0.0154039 0.0209266 0.0137235 0.0107472 0.00448505 0.0186831 0.000520006 0.00798597 0.0410777 0.146199 0.0512738 3.37171e-05 
2.71248e-06 0.000152762 2.89516e-07 4.28643e-06 0.00595794 0.000251861 2.07618e-05 0.0041479 2.69312e-05 0.000667368 0.000143663 2.72465e-05 0.392284 2.02508e-08 0.000921458 8.6649e-06 5.76556e-06 0.30265 0.0141238 4.99424e-06 0.0495243 0.0023599 4.15534e-06 0.00833916 1.55583e-08 6.80585e-05 6.67572e-05 8.7585e-05 0.218148 2.66895e-08 
0.0109004 0.00619172 0.00184389 2.38244e-05 0.00778907 0.0462469 0.0267438 0.0188866 0.00120431 0.0123508 0.0641397 0.000131879 0.259197 0.00128325 0.0204236 1.65793e-08 0.0041806 0.000908061 0.0155917 0.000183703 0.0158649 0.00286408 0.0162781 0.0162881 0.000678089 0.00144336 0.172321 0.213896 0.0621418 3.66831e-06 
1.27415e-07 0.00234652 3.92369e-05 1.84361e-06 0.0238265 0.0608191 0.0665291 0.0405715 0.00429315 0.00636895 0.00180382 1.31679e-07 0.35519 0.00788737 0.0180172 3.97498e-10 0.00309788 2.18926e-05 0.00474717 0.0159819 0.011066 0.00545001 0.109385 0.00336625 4.37523e-05 0.000249795 0.0258678 0.0268707 0.206157 3.38889e-07 
0.000255032 0.000188581 6.97438e-06 5.90882e-05 0.00421015 0.029146 0.000537542 0.00066796 0.000280375 7.53963e-05 0.00159847 4.2537e-07 0.831552 0.000440814 0.00182846 8.05751e-05 6.00881e-07 0.000466343 0.0476926 0.00179961 0.00018162 0.0153397 0.00256245 0.00221656 1.96183e-05 1.51437e-05 0.00265205 0.012912 0.0432133 5.64669e-07 
4.80094e-05 0.00158511 3.83671e-12 6.12902e-05 0.000255405 0.0188652 0.0051142 0.00485895 2.74301e-05 0.0131839 0.000108271 6.24671e-12 0.603872 6.29189e-12 0.00157198 1.08601e-11 0.000148407 4.13269e-12 0.0014919 1.14373e-11 0.00138086 0.3402 0.00108554 0.00162342 4.83394e-12 1.64725e-06 0.00349367 4.44422e-05 0.000903887 7.46809e-05 
0.000501359 0.0394649 0.00860317 0.00166238 0.0155587 0.146954 0.00841917 0.0899852 0.00589569 0.00291725 0.0919251 9.74051e-06 0.207973 0.00221653 0.00209964 5.20188e-06 0.000712929 0.000605475 0.00519594 0.00197134 0.0402151 0.0193499 0.175722 0.0192471 0.00013831 0.00664835 0.0378153 0.0396338 0.0284863 6.67969e-05 
0.00751406 0.0013559 0.000472691 0.000138837 0.00333386 0.109293 0.0575958 0.0071959 0.00979194 0.0029986 0.0879107 1.75397e-11 0.354389 2.88893e-08 0.00251807 3.04933e-11 0.000410885 0.000308224 0.00205257 0.00490094 0.0104815 0.0950391 0.00463081 0.00597074 0.00667409 0.000710668 0.00105184 0.12151 0.101748 1.85848e-06 
0.000807374 0.0109411 1.15114e-06 1.15161e-06 0.0230324 0.0147428 0.0104829 0.065532 0.01255 1.15104e-06 0.0299451 1.15059e-06 0.663357 0.00851544 1.15135e-06 1.14954e-06 1.15001e-06 1.15107e-06 0.0229186 0.00390917 0.0536725 0.0338529 0.00253379 0.0149733 1.15092e-06 0.000116277 1.15166e-06 1.15185e-06 0.0281037 1.15013e-06 
0.000977624 0.00143964 0.000181557 0.00517144 0.00691232 0.0549277 0.00728854 0.00505844 0.000430651 0.00183967 0.25261 2.21923e-08 0.301241 0.009238 0.00071454 8.89478e-10 0.105373 0.000154031 0.000550634 9.36753e-10 0.00633394 1.86018e-05 0.0204619 0.00234375 0.00171956 0.00323674 0.0764044 0.0926536 0.0426324 8.68929e-05 
0.000243233 0.000285889 1.51557e-05 2.2784e-06 0.000625711 0.0670985 0.0015017 0.0111489 0.000120785 0.000106293 0.187876 1.84636e-06 0.455881 4.25315e-06 0.000706876 1.46076e-08 0.00011409 6.31585e-05 0.00147676 0.000155018 0.00117616 0.0019658 0.0054105 0.0284932 0.000202848 0.000879984 0.0818318 0.136819 0.0157934 2.07924e-07 
0.024635 0.0158443 0.0327758 7.90093e-08 0.000347375 0.111659 0.0602509 0.00461245 0.00298666 0.00631938 0.0306264 2.35828e-10 0.535564 3.1298e-08 0.0134694 4.27443e-06 0.000209699 0.000774647 0.00128216 0.0002666 0.00158627 0.00281491 0.00162643 0.00294616 0.000112493 0.00306557 0.00955556 0.125569 0.0109805 0.000114373 
5.6348e-06 0.00494915 3.05961e-10 8.21696e-07 0.00490435 0.320213 0.00533961 0.000383722 0.00105138 8.66705e-05 0.115643 8.18399e-05 0.498888 0.00356006 0.0018992 8.66046e-10 2.15895e-07 0.00454243 0.0163662 0.00163985 9.30493e-11 5.39194e-07 0.000620618 0.000519978 0.00806202 0.00557215 0.0009606 2.89422e-06 0.00470656 6.6128e-10 
0.00954808 0.000224256 0.000106779 5.65888e-06 0.000974862 0.0346544 0.00134704 0.00501333 0.00295759 0.000192315 0.039745 1.10603e-05 0.685995 0.00317024 0.00194087 1.1709e-05 6.88495e-05 4.50889e-05 0.000621086 1.62e-05 0.000585793 0.0186835 0.00173263 0.00125194 4.01825e-06 0.000351506 0.0620038 0.0323316 0.096405 1.16263e-06 
2.57566e-06 0.000228356 2.95028e-08 3.36237e-08 0.000107705 0.0191503 0.00204464 0.00615137 0.000142201 4.49147e-06 0.0683069 5.82244e-11 0.850026 8.85442e-05 0.0166874 1.01225e-10 0.00016023 2.04394e-05 5.44117e-05 0.00182045 0.000583364 0.00769923 0.00103734 0.000895518 6.57055e-06 0.000546932 0.0013202 0.0208841 0.00203034 6.60042e-08 
2.57566e-06 0.000228356 2.95028e-08 3.36237e-08 0.000107705 0.0191503 0.00204464 0.00615137 0.000142201 4.49147e-06 0.0683069 5.82244e-11 0.850026 8.85442e-05 0.0166874 1.01225e-10 0.00016023 2.04394e-05 5.44117e-05 0.00182045 0.000583364 0.00769923 0.00103734 0.000895518 6.57055e-06 0.000546932 0.0013202 0.0208841 0.00203034 6.60042e-08 
2.18586e-06 0.010187 0.000426152 2.7822e-09 1.72736e-05 0.0125616 0.0474951 0.0807722 4.49016e-06 2.48049e-05 1.48369e-06 9.87416e-09 0.462761 0.0118365 0.0225624 0.0489049 1.39483e-08 0.000633515 2.65539e-09 2.56529e-06 0.0581484 0.0572443 0.0245263 0.00137272 5.96108e-06 5.29877e-09 0.00753579 0.0410149 0.111959 1.31077e-08 
0.00915789 0.00243505 0.00360289 0.000377189 0.00614263 0.038931 0.00858023 0.0111635 0.00542909 0.00529603 0.193639 6.20245e-05 0.450836 0.000752147 0.0016737 2.43791e-06 0.00050831 0.00301951 0.0178348 0.00178861 0.0112297 0.0102464 0.00174607 0.0912901 0.000353639 0.00593231 0.0340788 0.0708576 0.0129961 3.78025e-05 
0.00498329 0.00770372 0.0213924 5.29606e-05 0.00801626 0.00671469 0.0353996 0.225041 0.00186861 0.0298269 0.00130133 0.00884526 0.324148 0.00402042 0.0259284 1.92544e-06 8.70671e-06 0.000194108 0.00372915 0.00210765 0.0323232 0.0320182 0.000477969 0.0388644 0.000106567 0.0275929 0.0443664 0.0300883 0.0828784 7.21203e-08 
0.00128072 0.0154376 0.00829036 0.0819539 0.00539777 0.0609926 0.0538975 0.0441554 0.00908033 0.00349353 0.0262825 7.23401e-05 0.297078 0.000821415 0.0148475 0.000664468 0.00891418 0.00325372 0.00811543 0.000371987 0.0863997 0.00608839 0.0256322 0.0257522 0.000463176 0.0180283 0.0340027 0.0848536 0.0743764 2.21209e-06 
0.0399478 0.026462 0.00171188 0.000103801 0.0179683 0.0382465 0.0225271 0.011804 0.00372081 0.00257317 0.0242215 6.18416e-05 0.206633 0.0209493 0.00204859 0.000246782 5.93068e-06 0.00155897 0.177329 0.0010959 0.0042679 0.00417919 0.00730326 0.026466 0.000354082 0.000533465 0.0459384 0.190573 0.121169 4.54828e-10 
3.36591e-07 6.80681e-05 6.385e-05 5.05607e-07 3.32294e-05 0.00738806 0.00751816 0.0414963 9.36276e-07 0.000361303 0.0107165 1.32534e-05 0.688704 0.000379835 0.0571908 2.58627e-05 0.00578677 0.00486969 7.66369e-05 0.000579188 0.0012876 0.00112412 2.37231e-05 0.000448267 3.99074e-05 0.00873455 0.00474297 0.00829753 0.150026 2.38205e-06 
0.00122764 0.0018179 0.00131911 3.80858e-05 0.00139624 0.0495351 0.0395937 0.00549925 0.000816536 0.00510262 0.0174907 2.94409e-07 0.670181 0.000351381 0.00657165 2.98266e-05 4.31216e-05 0.000945508 0.0188561 0.0209263 0.00476973 0.0962068 0.00301802 0.0140583 0.00475866 0.00121158 0.00468773 0.0213203 0.00822352 2.80507e-06 
0.000125522 0.00301425 0.000695688 7.63329e-06 0.00233763 0.132338 0.0111644 0.00875696 0.0111924 0.00249631 0.13343 0.00919751 0.371185 0.00333946 0.00856504 5.71312e-06 0.017611 0.000118375 0.0122968 0.000179124 0.00550835 0.000325117 0.0426385 0.00908486 0.00225637 0.00104926 0.0306178 0.0471694 0.133294 3.31527e-07 
0.0159714 0.00237138 0.000838011 1.00953e-05 0.0132245 0.0674021 0.0170977 0.0635654 0.00649117 0.00930303 0.0573928 0.00015951 0.480631 0.0303431 0.000311493 3.82481e-08 0.000846022 0.00205795 0.0118831 0.00120411 0.00313602 0.0113056 0.00265942 0.023937 0.00223074 0.00144602 0.0992847 0.0637179 0.0111786 2.05139e-07 
9.8365e-05 0.0245985 0.00138137 0.000130753 0.000239307 0.0673714 0.00763258 0.029045 1.25263e-05 0.00850949 0.00469895 1.05445e-06 0.718499 0.000297892 0.0235883 4.34436e-09 7.19913e-06 0.00107783 0.000532951 0.00910384 0.00545683 0.00488308 0.0191521 0.00757142 9.88917e-07 0.00977044 0.0175425 0.0223396 0.0164566 3.3332e-07 
0.00624741 0.0211627 0.000219125 4.12388e-05 0.0367191 0.0121788 0.032697 0.00897281 0.00545879 0.000934873 0.00391192 1.79817e-05 0.463323 0.00468669 0.00745483 5.40439e-07 0.000670758 0.000256954 0.0570252 0.000949297 0.100686 0.00624306 0.0645582 0.00894889 0.00660725 0.00026031 0.0330777 0.0210043 0.0956672 1.81535e-05 
0.000581239 0.00459574 0.000546055 9.64129e-05 0.0194008 0.0252914 0.0227171 0.0220187 0.00287011 0.000580801 0.127894 2.49891e-06 0.29377 0.00249599 0.0195863 6.36526e-09 0.000581593 0.000930309 0.0514625 0.00122121 0.0213519 0.0113727 0.00405861 0.0205786 0.00133728 0.0596521 0.0103285 0.217644 0.0570315 1.49846e-06 
1.11259e-05 8.79895e-05 0.000232012 3.02403e-05 0.0361776 0.0115956 0.00710625 0.00125227 0.000358313 1.38092e-05 0.0100601 5.47052e-10 0.762263 0.00318395 0.00504539 9.51067e-10 0.00075311 3.80592e-05 0.0702531 0.0038632 0.000268599 0.00908535 0.00051783 0.0011815 3.82079e-05 0.000115543 0.00473562 0.0126725 0.0590592 3.30426e-07 
