0.000325241 0.0105705 0.00136391 3.39084e-05 0.0509854 0.0463482 0.0396026 0.00592517 0.00126772 0.012916 0.0148667 6.95273e-06 0.143246 0.00135622 0.496561 6.42038e-09 0.00965652 0.00047132 0.0119157 0.00904586 0.0034108 0.00107671 0.00737604 0.0158351 2.7985e-05 8.56796e-05 0.00344842 0.0444914 0.0677825 4.90236e-09 
0.000105933 0.0152482 0.00116105 0.000245176 0.00612487 0.0136899 0.0668683 0.0373325 4.79958e-05 0.000332228 0.00120436 0.00032679 0.00554493 0.000364679 0.650516 5.75229e-09 2.65941e-06 0.0339273 0.0158766 0.00840071 0.0422825 0.014143 0.0105336 0.00936843 0.00113526 0.0138169 0.00230095 0.00790999 0.0411862 3.0177e-06 
0.000676134 0.109735 0.00515853 1.80538e-06 0.000937097 0.0318699 0.0364609 0.000302769 0.000770458 4.40505e-05 0.00146425 0.00574579 0.0104968 0.0424449 0.573827 6.32235e-09 5.13709e-09 1.48127e-06 0.0757333 0.0044615 0.00869683 0.00113433 0.0011669 0.00600518 9.04293e-05 1.95151e-09 0.000836101 0.0747322 0.00720578 5.44719e-08 
8.14863e-05 0.0186274 0.000749988 3.14859e-05 0.00206538 0.0814681 0.00530808 0.0740072 0.070177 0.000825777 0.000333377 5.35558e-06 0.0110394 0.000462265 0.57853 9.84754e-07 0.00044834 0.00930702 0.0170014 0.000252564 0.000172563 0.0981737 0.00192831 0.0182308 5.35295e-05 0.00055414 0.000816735 0.00251245 0.00679029 4.47651e-05 
3.97196e-05 0.0411741 0.00178697 6.60872e-06 0.00187431 0.0056288 0.11497 0.174137 1.08446e-07 0.00130446 0.001007 2.75277e-11 0.000251521 0.000129499 0.379901 4.78578e-11 7.31244e-10 0.000904707 0.0285589 0.000891845 0.117752 0.00472266 0.000286444 0.0424565 2.20959e-07 0.0163827 0.00504766 0.038097 0.0226879 3.65424e-11 
0.000538674 0.0191387 0.012401 3.89381e-05 0.0175975 0.0222874 0.121477 0.0262896 0.000342522 0.000402655 0.0224166 3.67104e-05 0.000389491 3.70974e-07 0.584482 1.38741e-11 0.00161852 0.00238255 0.00163782 0.000815807 0.0764488 0.00162643 0.00448987 0.0209826 0.00010534 0.0049787 0.00204591 0.01308 0.0419479 1.3792e-08 
0.000547861 0.00876186 0.000798214 0.00460657 0.0340188 0.018943 0.0650768 0.135742 0.000309794 0.00476037 0.00298796 0.000406171 0.070034 0.00169582 0.447625 1.9692e-07 0.0031537 0.00200875 0.0268858 0.00203312 0.0255078 0.0472067 0.0171936 0.0161425 0.00894009 0.00119913 0.010004 0.00801042 0.0353973 2.84273e-06 
0.000125037 0.00679928 0.00153532 2.18985e-07 0.000140644 0.00193471 0.00948559 1.08523e-05 0.000717275 1.69729e-05 4.72907e-06 2.69153e-08 1.67356e-05 3.53972e-05 0.964381 4.6793e-08 3.80207e-08 1.78066e-08 0.00234576 0.00245192 0.00214109 2.28758e-06 7.9087e-05 0.00109142 0.000164721 1.44435e-08 2.08069e-06 0.00047412 0.0060437 1.52903e-07 
0.00126884 0.0335972 6.73814e-05 7.79206e-05 0.000303347 0.0215202 0.0720564 0.296384 0.000213684 0.00426774 0.0250817 5.14541e-06 0.00129759 0.00129493 0.433311 6.29234e-07 0.00330257 0.00193384 0.0213004 0.000565662 0.0130411 0.0470296 0.00226557 0.000321481 2.70947e-07 8.39783e-10 0.00338934 0.000369917 0.0157319 2.0774e-09 
0.014412 0.00285382 4.22351e-06 7.05898e-05 9.1644e-07 0.118554 0.0150529 0.0095128 2.31861e-06 0.0212584 0.0164932 1.28718e-07 0.0132399 2.14819e-05 0.36111 5.05761e-06 1.14588e-07 0.0137234 0.0103209 1.32687e-06 0.0787712 0.00920486 0.00614085 0.012894 1.50651e-05 5.11769e-06 0.13532 0.161002 1.01258e-05 1.42745e-08 
7.71077e-07 0.0063255 1.3786e-06 2.66958e-10 3.03318e-10 9.55205e-07 0.212723 0.0792811 8.3198e-07 6.51497e-10 0.000283087 9.47444e-10 0.0648102 9.54297e-10 0.215552 1.64716e-09 1.33836e-09 5.68992e-07 0.060532 1.98251e-06 0.0617961 3.98134e-10 0.190838 0.0094611 3.25254e-07 5.08427e-10 0.00362883 0.00456105 0.0902012 1.25771e-09 
7.40145e-07 0.00576968 1.9201e-06 0.0131962 0.0190343 0.203767 0.0680461 0.0207858 1.10879e-05 0.00840935 0.00864825 1.10507e-06 0.0292503 0.000777958 0.21152 0.0016341 0.000120193 0.0442 0.0219889 0.127972 0.000448314 0.0340052 0.0129995 0.0152198 3.47306e-05 0.000186094 0.003147 0.00395385 0.14487 4.77779e-07 
2.24578e-06 0.000785656 7.35353e-06 3.37347e-06 0.000766493 0.00165516 1.49395e-06 0.00432253 0.000375539 8.2328e-06 2.67906e-06 1.19726e-05 0.000744239 0.000238096 0.980805 2.08147e-05 1.69126e-05 7.92082e-06 0.00187871 0.000654054 2.23637e-06 0.0031533 0.002236 0.000306124 8.94157e-05 6.42486e-06 0.000548002 0.000333233 0.00100088 1.58934e-05 
1.18537e-08 1.45109e-06 4.62412e-07 2.97178e-09 4.07888e-07 4.02836e-12 0.122368 0.00227951 9.15657e-12 1.20673e-11 3.92688e-12 1.7549e-11 2.93973e-08 1.7676e-11 0.874987 3.05095e-11 2.47899e-11 1.16101e-11 2.04824e-07 3.21311e-11 0.000362297 7.37444e-12 1.00716e-11 3.8094e-12 1.24951e-07 9.41733e-12 1.1602e-08 1.08051e-07 2.83211e-07 2.32959e-11 
0.00662319 0.0150547 0.00263686 3.05322e-05 0.105719 0.012482 0.0367515 0.0214901 0.00162377 0.00391921 0.00166968 0.0156015 0.00532881 0.000287291 0.346915 7.35907e-07 0.000180732 0.00184556 0.0884418 0.000635763 0.0773605 0.0128422 0.000837065 0.00227058 9.87561e-05 7.88394e-05 0.0024987 0.169162 0.0675327 8.10463e-05 
0.0107807 0.0214522 0.0020547 5.48271e-05 0.00314583 0.0113302 0.0813587 0.0198868 0.000299135 0.00335144 0.000712077 0.000785297 0.00389874 0.00135669 0.710014 0.000730314 0.000666358 0.00271978 0.00712289 0.00039522 0.00518346 0.0215609 0.0109188 0.0110287 0.000216135 4.13863e-05 0.0146142 0.0293256 0.0249948 9.82367e-08 
0.0225738 0.00574395 0.00217166 0.00345941 0.0333408 0.0124523 0.047411 0.0410015 0.000379268 0.00440641 0.00580926 0.0011617 0.0285509 0.00179796 0.364858 9.24071e-07 9.09459e-05 0.00182476 0.0111084 0.000199129 0.160882 0.00332249 0.00145128 0.0443894 7.63598e-05 0.0152311 0.043858 0.0433452 0.0990934 8.71121e-06 
0.00634632 0.131256 0.0258798 5.60566e-06 0.00726679 0.0709294 0.155704 0.0380036 3.92374e-05 0.00372206 0.00544248 0.00661455 0.00830476 0.00187242 0.341102 1.62437e-06 0.000132746 0.00262284 0.0049754 0.00848803 0.0132023 0.0619595 0.001118 0.0265536 0.000348016 2.59421e-05 0.000397951 0.0712055 0.00647713 2.13577e-06 
0.00156644 0.0526891 0.0310633 8.96249e-05 0.00734874 0.00182537 0.13061 0.00509589 9.93316e-06 0.00178621 0.00302337 0.00942013 3.21466e-05 0.000589943 0.641283 0.000662412 5.6301e-09 0.000606586 0.0150028 0.0230484 0.00607702 0.0172976 0.0334159 0.00227681 4.11905e-05 7.46607e-05 0.000371015 0.00853699 0.00615001 4.82116e-06 
0.00628796 0.0229057 0.0164835 9.06438e-06 0.000776555 0.000141785 0.392841 0.00169581 5.47564e-08 0.000878595 2.75632e-08 0.0140775 1.40642e-06 4.04438e-08 0.502435 5.11589e-08 2.42879e-06 9.27049e-08 0.00509646 9.88433e-09 0.0270308 0.000715858 8.34073e-09 0.000332342 8.80111e-05 4.78355e-05 1.73252e-06 0.00765682 0.000493513 9.44473e-09 
4.33241e-08 0.180771 0.264951 5.80222e-09 3.98097e-05 0.000536531 0.169423 0.033306 0.00417105 0.00534852 5.59835e-08 8.73395e-05 5.79571e-09 0.000125723 0.292338 3.34891e-11 2.72108e-11 2.21347e-08 0.00525194 3.5269e-11 2.52617e-07 1.458e-08 3.18193e-08 0.0121182 9.14416e-05 6.38109e-08 0.0156705 0.0109376 0.00483226 8.24565e-09 
1.21223e-05 0.00343876 0.000227152 7.26841e-06 0.00596421 0.224035 0.0156853 0.0509657 0.00691533 0.00923867 0.00349594 0.000104024 0.0622744 0.000344862 0.231262 1.09202e-09 9.22586e-07 0.00230052 0.0353809 0.000178425 0.0537606 0.030907 0.0176326 0.0386074 0.00021613 0.000684381 0.0117402 0.0562636 0.138356 5.43955e-07 
0.00611611 0.00147716 0.00380726 0.000897267 0.0194698 0.158233 0.0572479 0.0259347 0.000651042 0.0121868 0.0171153 0.000281781 0.0617924 0.00083799 0.377706 2.29092e-05 0.000204253 0.0353977 0.0287089 0.000695874 0.0186532 0.0167557 0.00398584 0.00606406 0.0175563 0.0263053 0.00785818 0.0274458 0.066591 8.25317e-07 
0.0498471 0.0650576 0.00174835 0.000108274 0.00462769 0.0595264 0.155662 0.115818 0.00266698 0.0156554 0.0259448 5.75747e-06 0.0147405 0.00200934 0.275234 5.98367e-08 0.000195543 0.0219771 0.0139223 6.3017e-08 0.0391823 0.00584715 0.00663645 0.0360164 0.00318874 0.0319773 0.0164557 0.0198614 0.0160743 1.31247e-05 
0.0131733 0.0267945 0.00268187 4.85976e-06 0.00962747 0.0308671 0.0977682 0.0289928 0.00504506 0.0096517 0.0216697 0.0010143 0.0120171 0.000872186 0.587861 5.28784e-06 8.56813e-05 0.00371727 0.0154319 0.00122253 0.0109707 0.00415756 0.00356881 0.0160468 0.000159097 0.000287709 0.00285334 0.0437121 0.0497371 2.53866e-06 
3.20279e-05 3.2023e-05 3.2011e-05 3.20241e-05 0.285034 3.20262e-05 3.20304e-05 3.20261e-05 3.20146e-05 3.20081e-05 0.0993142 3.19958e-05 3.20199e-05 3.19955e-05 0.294588 3.19666e-05 3.19796e-05 3.20091e-05 0.0128419 3.1963e-05 0.140954 0.0928864 3.20126e-05 3.20267e-05 0.0704426 3.20143e-05 0.00323458 3.20309e-05 3.20279e-05 3.19829e-05 
0.0173032 0.196334 0.0580101 1.89327e-06 5.27555e-07 0.000128342 0.110083 0.00133941 2.91479e-05 0.00276013 0.000173024 0.00765447 0.000362423 9.91098e-05 0.551746 7.99128e-08 6.70521e-06 0.000717301 0.00286303 0.00116164 0.0109941 0.03139 6.2092e-08 0.00191493 0.00123076 1.79141e-07 0.000105958 0.00339582 0.000194712 1.50212e-08 
0.00341063 0.014498 0.0124781 1.50686e-06 0.00223808 0.00243715 0.27303 0.00405527 1.2293e-06 0.00885932 0.0007574 0.00595924 0.00101904 3.1962e-07 0.511853 3.02101e-08 2.6287e-05 8.77107e-05 0.00306068 5.93527e-05 0.087029 0.000276311 0.00210467 0.00296952 0.000112967 1.8889e-05 0.00134253 0.0338571 0.0284552 1.32786e-06 
0.000706443 0.00462414 0.000528832 9.12488e-06 0.0490783 0.0333577 0.230457 0.0147798 0.000467452 0.000585582 0.0334736 0.00146396 0.00148879 0.00100409 0.244768 6.37612e-07 0.0272079 0.00494696 0.10503 0.00108096 0.0570672 0.000400275 0.012863 0.0065289 0.0830571 0.00890232 0.00201436 0.0373361 0.0367709 3.44327e-07 
1.53025e-06 0.0267008 1.06593e-05 2.79601e-07 0.00315694 0.00105698 0.102588 1.04085e-05 0.154421 4.95017e-06 0.00262403 3.31327e-08 1.29045e-08 3.33723e-08 0.566158 5.76021e-08 4.68034e-08 1.10598e-05 4.68231e-06 6.06636e-08 0.0364437 1.34168e-06 1.90152e-08 4.26417e-05 2.56393e-08 1.2703e-05 0.0925532 2.587e-07 0.014196 4.39828e-08 
9.21327e-08 0.0176992 0.00060486 0.000661158 1.57246e-07 0.000399124 0.028716 0.0716555 2.96775e-05 0.00944731 0.000366019 0.0142596 1.91302e-07 4.94726e-07 0.626564 8.53919e-07 6.93835e-07 0.00113645 0.000879633 0.00372032 9.17465e-08 0.21006 0.00019445 0.000251028 3.80088e-07 0.00210072 0.000331365 0.0106188 0.000301995 6.52021e-07 
0.00194126 0.00180229 0.00118585 5.07853e-06 0.00590536 0.109679 0.00869895 0.00488497 0.00659724 6.48522e-05 0.0421349 2.95486e-05 0.00572218 3.08309e-05 0.504983 4.70539e-06 0.00228028 0.00103351 0.0129492 0.00235469 0.0710827 0.00354406 0.0198482 0.0365663 9.22265e-06 0.00459586 0.0164543 0.0530687 0.0825422 1.68007e-07 
0.000280214 0.0125907 0.0101443 6.22505e-07 0.0182249 0.00147363 0.333669 0.0209251 0.000366824 0.00516248 5.36595e-07 2.32026e-07 0.00077736 2.37075e-09 0.574475 4.09203e-09 3.32489e-09 0.000741195 0.00118264 8.70698e-08 0.00744042 0.00253708 1.73303e-05 0.000350339 0.000866163 4.67786e-06 0.00066125 0.00440556 0.00370206 3.12452e-09 
0.000524302 0.0186483 0.00100147 3.29187e-05 0.000832046 0.0241316 0.0631562 0.0391708 0.0227839 0.000532215 0.0233487 4.55256e-05 0.00420595 0.000262789 0.59548 4.62563e-05 0.000850886 0.0259746 0.00882622 2.95613e-05 0.00709758 0.00413837 0.00262703 0.0410697 0.00604543 0.000378314 0.0158385 0.0142604 0.0519789 0.026682 
0.000320443 0.0139634 0.0519544 2.29756e-05 0.0222099 0.00447903 0.145924 0.0260209 0.0769661 0.00249018 0.0080109 0.000498752 0.00306528 9.10866e-07 0.361989 1.57081e-08 0.000110688 0.00152799 0.000369767 0.000847779 0.116278 0.000427587 0.000228244 0.0687699 6.91145e-05 0.024347 0.00250082 0.0412005 0.0254049 4.64786e-07 
0.00740963 0.0194809 0.0708067 4.7209e-05 0.00703963 0.0132315 0.204753 0.0447144 0.00231375 0.0258383 0.0225102 0.00586249 0.00523967 0.0671119 0.233813 8.63717e-07 0.00227317 0.00379665 0.0077753 1.36081e-06 0.00470766 0.0563472 0.00041953 0.136849 0.00728676 0.00177916 0.0296707 0.0115922 0.0073252 2.87251e-06 
0.00155651 0.004228 0.00256512 8.80817e-07 0.022254 0.0782161 0.0439552 0.00632769 0.000231416 0.00101011 0.00369023 0.00197419 0.00834832 0.000128787 0.346452 1.03044e-07 0.0112769 0.000340704 0.000336121 5.90841e-05 0.115165 0.00159534 0.00191546 0.019183 2.67807e-05 0.000117559 0.00101142 0.104691 0.223342 8.36681e-10 
0.00149788 0.0307689 0.020258 1.21151e-07 3.51795e-05 0.000274784 0.208881 0.0408839 2.24346e-07 0.00791141 0.000101872 0.00460678 0.000103708 4.3308e-07 0.61717 7.47515e-07 0.000101026 0.000172227 6.78879e-06 7.87245e-07 0.00914175 0.0183702 0.000168948 0.00817209 2.59472e-06 8.27488e-07 7.13561e-06 0.0162151 0.0151457 5.70775e-07 
0.000584386 0.0268273 0.00898931 2.63285e-05 0.00831556 0.0225118 0.0702155 0.0213876 0.00298212 0.00217323 0.0771307 9.43576e-05 0.00268067 0.00495394 0.333735 4.30239e-09 0.0031429 0.000728723 0.0104074 4.53106e-09 0.0920628 0.00300484 0.00860594 0.0699999 0.0563133 0.00134452 0.0158811 0.14269 0.0132091 1.94262e-06 
0.00747665 0.0039925 0.00104258 2.28437e-08 0.00110887 0.00112364 0.311994 0.0430119 0.00010355 0.000979555 7.40698e-05 4.64525e-07 0.109513 1.23564e-07 0.352695 1.02263e-09 8.30916e-10 1.65736e-07 0.0028722 0.000710802 0.0947489 0.00181936 0.00827524 0.00583297 2.42689e-06 4.98239e-07 0.0023501 0.00729976 0.0429718 2.99195e-08 
0.0347356 0.0251359 0.00143385 0.00227305 0.0139346 0.0468742 0.0220606 0.0101428 0.000566356 0.125829 0.00562103 2.67838e-05 0.00945037 0.000135722 0.496384 1.33006e-06 5.05879e-05 0.000550545 0.000690605 0.00365351 0.0461006 0.0824291 0.026942 0.0163586 3.15908e-05 0.00159402 0.000814366 0.00183066 0.0243448 3.96172e-06 
0.00332353 0.00342587 0.000470309 0.00325498 0.00481511 0.0555517 0.131367 0.112881 0.00931124 0.000752916 0.00030061 3.97304e-07 0.000407912 1.19028e-05 0.196842 4.43198e-06 0.000285693 2.73432e-06 0.0255878 3.65905e-05 0.135628 1.39009e-05 0.113915 0.00285404 4.07278e-05 1.54797e-05 0.0202411 0.0097103 0.168946 1.73975e-06 
8.28364e-07 0.0205144 0.00447394 0.000288815 0.00145033 0.00383838 0.049691 0.0246843 0.0160912 0.0614484 0.00703248 2.24738e-05 0.00200931 0.000624321 0.639402 2.01102e-05 0.00303538 0.0193418 0.00309243 0.00366424 0.00630017 0.0547194 0.00017215 0.00824073 0.00190189 0.00156261 0.0300417 0.0308258 0.00549997 9.25141e-06 
0.000510447 0.0314029 0.0244633 3.30075e-05 0.00748313 0.011083 0.115998 0.11707 6.29372e-05 0.00149804 0.00520979 0.00276015 0.000338549 0.00116972 0.53106 3.85563e-08 0.000282913 0.000691329 0.00196358 0.000538882 0.00162808 0.0858253 0.000213721 0.00449393 9.95944e-05 0.000605306 0.00174687 0.0495456 0.00222171 2.94402e-08 
1.86491e-06 0.00209925 1.8837e-05 0.00021921 0.00120655 0.0422933 0.0221602 0.0562356 3.91825e-09 0.00140016 0.0316571 0.00015897 0.118809 3.68073e-05 0.406409 2.53123e-05 9.09452e-05 0.00177813 0.0050344 0.00224178 4.21439e-05 0.0607409 0.00131672 0.0208193 0.000119747 5.05754e-06 0.00480238 0.0815894 0.138689 9.9687e-09 
0.00114889 0.0571462 0.0433894 3.53802e-06 0.00418187 0.0298339 0.192037 0.170052 0.00506113 0.012416 0.000622488 0.000155665 0.0033755 6.55196e-05 0.241194 5.54611e-09 6.67875e-05 6.98217e-05 0.00987661 0.00548512 0.0900259 0.00500679 0.00164027 0.0261373 0.000185884 0.00753023 0.00492148 0.0175702 0.0708001 5.97556e-08 
5.75828e-07 0.0152228 0.00104765 0.000199169 0.00021378 0.0180021 0.0416272 0.0579162 0.000610705 8.26819e-06 0.0110906 4.8495e-07 0.000187367 0.000599402 0.44853 2.09506e-08 4.95621e-06 0.0126464 1.21638e-05 2.20641e-08 0.0609894 0.000733534 0.00264323 0.00309557 0.0001796 0.156989 0.0052624 0.0504188 0.111769 1.73499e-07 
0.00177055 0.00912081 0.0102418 0.00505634 0.11936 0.0401673 0.0343946 0.0158685 0.00316559 0.000421789 0.085814 0.000109489 0.0180547 0.000353942 0.389357 9.33409e-07 0.000181898 0.0227735 0.0222335 3.70217e-06 0.0380132 0.0192695 3.73143e-06 0.0554571 0.00936204 0.0191316 0.0192548 0.0374195 0.0236367 1.8964e-06 
0.0681197 0.0337316 0.0151218 4.03297e-09 0.000669236 0.00156377 0.283068 0.00254013 0.00135988 0.0325874 0.0109066 0.000108093 0.00129759 0.00112184 0.347524 9.41789e-11 0.0119705 0.000298897 0.0475539 2.31302e-05 0.00200038 0.00135338 0.000472307 0.00210618 0.000554138 7.16086e-09 0.000424687 0.128319 0.00520317 2.35899e-07 
0.00231006 0.0105684 0.0242852 0.00234024 0.0107655 0.0667789 0.0344951 0.000991125 0.0147287 0.00195097 0.220227 7.97681e-06 0.056364 2.81287e-05 0.302443 2.28787e-08 0.00673881 0.00824794 0.00796312 0.000231838 0.0730913 0.00588299 0.000562628 0.0136641 0.00194536 0.027644 0.0041957 0.0559954 0.0455522 6.27403e-07 
0.0296726 0.0777243 0.0140961 0.000570609 0.0283038 0.0617714 0.23782 0.0086262 0.0048179 0.0187721 0.000833516 6.89265e-05 0.00156498 5.43732e-08 0.354129 9.38505e-08 4.58963e-06 0.000120245 0.000403186 0.000104825 0.00790804 0.00131858 0.0413467 0.0212199 0.0563034 4.42607e-05 0.000911687 0.00147272 0.0300694 7.16608e-08 
0.000152155 0.0891916 0.00148619 2.77458e-07 8.23184e-06 0.164921 0.110528 1.86459e-05 0.00408473 5.43462e-05 2.20345e-07 0.000563554 1.02246e-05 9.91833e-07 0.408357 1.71195e-06 1.39101e-06 0.00272993 0.000123504 0.017169 5.02237e-05 0.00123183 0.0035333 0.0123175 0.106417 1.85251e-05 0.00167432 0.00058812 0.0746759 9.02123e-05 
0.00689351 0.0307409 0.0243639 2.12933e-05 0.00151367 0.00882254 0.213899 6.21357e-05 8.24715e-07 0.0530141 1.06411e-05 0.0013198 0.00124233 2.29093e-09 0.591405 3.95425e-09 3.21294e-09 9.97674e-07 2.48583e-05 4.16441e-09 0.0284876 0.00227944 0.0146205 0.00723287 0.00385589 1.09174e-06 0.000510862 0.000563833 0.00911253 3.01932e-09 
5.59082e-10 0.000727536 0.00467878 3.11337e-07 1.67193e-05 0.0382142 0.0528386 0.00602036 1.55517e-09 0.00273532 0.00321418 2.98055e-09 0.0498634 9.4447e-07 0.627035 5.18178e-09 3.48869e-05 9.16704e-06 0.00107859 5.45719e-09 0.0395005 0.106983 1.09102e-06 0.000231315 0.0260979 2.13467e-06 1.28369e-07 0.0396323 0.00100501 7.88613e-05 
0.000707635 0.00604556 0.000529033 9.15608e-06 0.0318645 0.0269778 0.139199 0.0277374 0.000206876 0.0013358 0.00941701 0.021324 0.00148989 0.00100779 0.352811 7.64461e-07 5.39356e-06 0.00761021 0.100662 0.00108184 0.102991 0.00228427 0.00327463 0.0167205 0.0831018 0.00676987 0.000987518 0.0283053 0.0255422 3.73817e-07 
0.00623229 0.0900594 0.0176059 0.00375739 0.0131205 0.0336902 0.0902054 0.00746492 0.00420135 0.011887 0.00706154 0.00329147 0.00390312 0.0023261 0.419513 6.06777e-09 6.92752e-05 3.46585e-05 0.0203154 8.24392e-06 0.017086 0.00587572 6.21862e-07 0.165997 0.000595739 6.8712e-05 0.0273429 0.026418 0.0218677 4.63312e-09 
3.15384e-05 0.0420836 0.000405667 0.000710335 0.00113655 0.0237776 0.0874214 0.178748 9.47121e-10 0.00182974 0.0134485 0.00021002 0.0319998 5.13724e-06 0.368134 0.00191279 0.00316302 1.83438e-05 0.00139616 5.27577e-05 0.00175592 0.197419 6.32164e-06 0.013004 0.0244126 3.6927e-06 0.000976056 0.00593182 5.93802e-06 2.40964e-09 
0.000183238 0.00720758 0.00853782 1.64181e-05 0.00543008 0.000229648 0.441679 0.0133994 3.35369e-07 0.000489966 0.0020157 3.12015e-05 8.67335e-05 1.04772e-06 0.48314 9.74658e-10 7.91938e-10 0.00070942 2.32782e-06 1.02646e-09 1.7218e-05 0.00722512 3.21747e-10 0.00462661 0.00905788 4.2948e-06 0.000546198 0.0141101 0.00125264 9.43103e-08 
0.00271435 0.00803915 0.000182292 3.12807e-05 0.00430738 0.133276 0.0222363 0.00279734 0.00543332 0.000211459 0.0387448 2.31962e-09 0.0534369 1.69783e-05 0.373147 6.13746e-06 1.62363e-06 0.000274868 3.32209e-06 0.00476013 0.0247853 0.00339812 0.00102462 0.0131141 0.000231331 0.0548076 0.00104638 0.0789086 0.173064 3.07925e-09 
0.000110648 0.00271331 0.000445568 2.86716e-10 0.0365452 0.00135806 0.0532369 0.00564033 7.66645e-07 0.0256704 0.000220945 0.000106525 0.0161506 1.64652e-05 0.786087 1.76907e-09 1.49426e-06 0.00779819 0.00110558 0.000825898 0.000613806 0.0370299 0.00203158 0.00133085 1.80082e-05 0.000409137 2.34669e-05 0.0142461 0.00626299 5.13446e-07 
1.38086e-05 0.00137119 0.00390515 1.34268e-05 0.265659 0.135211 0.0401478 0.0369144 0.00687418 6.93834e-05 0.000285458 2.36191e-05 0.00211434 0.00103887 0.344855 1.06724e-05 0.000166077 0.000387483 5.17116e-05 0.000315237 0.0507452 0.00232793 9.31811e-05 0.00187143 2.64807e-05 0.0119286 0.0221285 1.01283e-05 0.0708991 0.000541877 
3.97196e-05 0.0411741 0.00178697 6.60872e-06 0.00187431 0.0056288 0.11497 0.174137 1.08446e-07 0.00130446 0.001007 2.75277e-11 0.000251521 0.000129499 0.379901 4.78578e-11 7.31244e-10 0.000904707 0.0285589 0.000891845 0.117752 0.00472266 0.000286444 0.0424565 2.20959e-07 0.0163827 0.00504766 0.038097 0.0226879 3.65424e-11 
0.000552913 0.00445808 0.00186775 7.49543e-10 0.00386771 0.0350738 0.17391 0.185765 0.0102827 0.0125366 0.000403318 0.00269121 0.00812347 0.00875609 0.367493 0.00259086 0.0109258 0.00019342 0.0601525 0.000526547 0.0281958 0.0149405 0.0102035 0.0031206 0.000316113 0.00270904 0.00880018 0.0200325 0.0215107 1.7628e-07 
1.18429e-05 0.00145635 0.00282218 1.73326e-11 0.00949738 0.0011056 0.0193683 0.0177126 3.07042e-05 0.000489333 0.000454466 8.4052e-05 0.000342774 6.19592e-11 0.585462 1.06944e-10 8.68953e-11 1.20052e-07 0.000665743 1.12628e-10 0.23238 0.000134841 8.02436e-05 0.000529839 0.000348348 3.30104e-11 0.00753106 0.104526 0.0149643 1.24487e-06 
0.0399819 0.0136526 0.00102707 0.000225038 0.0174869 0.00542692 0.0341459 0.02134 0.000800101 0.0331176 0.00700228 0.000874369 0.00133147 0.000243614 0.667869 0.000103072 4.64474e-05 0.00651059 0.0331346 0.00165417 0.0235066 0.0431595 0.000727635 0.0090521 9.64681e-05 0.000103223 0.000438471 0.0295578 0.00733837 4.57156e-05 
2.83197e-05 0.000269562 0.000176453 0.000130212 0.082045 0.0357937 0.00834029 0.00980232 0.000125688 0.00026552 0.141111 1.72724e-07 0.243626 2.57364e-05 0.257359 4.06345e-07 5.8342e-06 0.00076287 0.00438522 0.0204957 0.0578988 0.000998592 0.0108063 0.00305128 0.000122669 0.00942665 0.00423199 0.0658484 0.0428648 1.1201e-06 
0.00385133 0.0312718 0.0089356 9.63285e-08 0.0151643 0.000411729 0.160411 0.0231674 1.05295e-11 0.000372191 9.81847e-05 0.00229834 4.66565e-07 6.67851e-08 0.550645 3.50842e-11 1.65665e-06 1.39986e-05 0.00517018 3.69489e-11 0.0770419 0.000365743 9.86908e-08 0.00447059 1.27247e-08 2.66174e-06 3.95052e-08 0.108892 0.00741409 1.63303e-08 
0.0112988 0.0201383 0.0350038 4.21621e-05 0.0838516 0.00707031 0.101084 0.017991 0.00181819 0.00118572 0.00214457 0.0055979 0.00581761 8.78772e-05 0.392123 1.74366e-09 8.66296e-05 0.00893552 0.0279619 0.0019706 0.098741 0.00212461 0.00462711 0.00991098 0.00282307 0.00188084 0.00231589 0.111851 0.0414433 7.28897e-05 
0.000755998 0.0230277 0.0273561 1.38866e-07 0.00221662 0.00152124 0.180857 0.00120093 0.000430055 0.0190958 0.000282632 0.00890172 0.00019473 0.000974973 0.666749 3.2185e-07 7.58879e-10 0.000533556 0.00324735 5.36637e-09 0.0108964 0.000347316 0.000866825 0.00117757 0.00015124 0.000140878 0.000379534 0.0362683 0.0124265 1.38168e-07 
0.00074661 0.0399574 0.0358755 3.58612e-05 0.0122111 0.00428284 0.0704157 0.0130349 6.92488e-05 0.000317716 0.00237233 1.60744e-05 4.56241e-06 2.50619e-06 0.657418 1.91356e-08 0.000127487 8.35851e-05 0.00498159 1.46255e-06 0.00111375 0.00010247 0.00304823 0.000923298 1.93694e-05 0.137663 1.07342e-05 0.00250905 0.0126555 1.46112e-08 
0.00394452 0.112899 0.0261627 1.31933e-05 0.000121227 0.00896616 0.0881749 0.0636461 2.78355e-07 0.0226037 9.87326e-07 0.000159894 0.0468102 0.000303218 0.486588 2.9456e-07 4.66394e-06 0.0481131 0.0119931 0.00148649 0.00872441 0.0600864 0.00102947 0.00193697 0.000750987 2.14408e-09 0.000111952 0.00476942 0.000598606 5.30388e-09 
0.0309931 0.0161283 0.000737684 8.47683e-05 0.0155148 0.114916 0.129747 0.0234383 3.25982e-06 0.00147209 0.00582485 2.8535e-05 0.03788 0.000307817 0.314384 6.41606e-09 2.1712e-06 0.00136247 0.0125114 0.000170998 0.0469607 0.0606244 0.00619733 0.0765328 0.00710678 0.000141587 0.000277398 0.0744418 0.0222066 3.82723e-06 
0.000324333 0.00484951 0.00115615 7.61686e-05 0.00692481 0.150655 0.0748218 0.0101289 0.000760962 0.000431867 0.00178444 4.53606e-10 0.00281885 0.000102996 0.47313 7.88608e-10 1.46892e-06 0.00587344 0.00102321 8.30522e-10 0.00966839 4.41079e-05 0.000414882 0.00878681 0.0011537 0.0543641 0.0690221 0.043009 0.0786624 1.05164e-05 
0.000228148 0.00681983 0.00650723 3.56538e-05 0.00832884 0.0222288 0.0654369 0.0634931 0.00724367 0.000213169 0.000643408 0.00361828 0.00551149 0.00653903 0.244872 1.25394e-05 2.94892e-05 0.000252461 0.0137849 8.54128e-05 0.124763 0.00517128 0.00844525 0.185365 0.0202221 0.00532371 0.08352 0.0533952 0.0578924 1.80343e-05 
0.000617696 0.00556365 0.0163819 0.0006553 0.00323142 0.123912 0.150579 0.040745 0.000821328 0.0370653 0.023812 4.94924e-05 0.131939 0.000150629 0.170128 0.000200033 1.42514e-05 0.0348674 0.0140601 0.0342905 0.00265877 0.0752181 0.00303596 0.0203598 0.068779 0.00276949 0.0296923 0.00559268 0.00275939 4.98142e-05 
0.000687862 0.00876706 0.00653385 0.000759427 0.10024 0.0785191 0.051697 0.0253002 0.00296664 0.00263466 0.0356947 0.00280385 0.0132288 0.00195836 0.168385 1.39916e-06 0.00018802 0.00452544 0.0121288 0.00293798 0.118623 0.000923883 0.000548543 0.00733893 0.00578106 0.125691 0.0457205 0.104536 0.0708769 2.96622e-06 
0.000828059 0.0449443 0.00337648 7.1792e-05 0.00920608 0.0712016 0.118183 0.013894 2.37265e-07 0.0317056 0.00086442 4.54731e-07 0.00503594 0.0184404 0.45041 7.90563e-07 6.42356e-07 0.000949692 0.00087282 0.000377211 0.00293512 0.00885134 6.23893e-05 0.0578793 9.74028e-05 0.000736617 0.000327468 0.0101478 0.148598 6.03645e-07 
0.0106033 0.00726386 0.00894262 0.00146622 0.0942457 0.0178263 0.0489556 0.038493 0.0175026 0.00168072 0.026816 0.0013517 0.00130018 0.00111974 0.204737 1.28543e-06 0.00131838 0.00783499 0.031256 0.00384037 0.178106 0.00569647 0.00171405 0.099178 0.000348408 0.0141835 0.0407504 0.0752763 0.0581377 5.31914e-05 
0.00218761 0.0547722 0.0334451 0.000158779 0.0104921 0.0261694 0.182773 0.0831775 0.000127306 0.00204404 0.000958171 0.00212429 0.0631865 0.000529422 0.290065 5.56752e-06 0.000623938 0.000530118 0.0399165 0.000824217 0.0424147 0.0166812 0.00625534 0.00350189 0.0153478 0.000271893 0.0170333 0.0530023 0.0513795 1.09002e-06 
0.00619719 0.0208652 0.0115723 2.46317e-05 0.0447937 0.00278006 0.103605 0.0211925 0.00686926 0.00407343 0.00127787 0.000955017 0.00960575 0.00492944 0.517633 1.17336e-05 0.00163465 0.00106032 0.00156533 0.00155546 0.0153866 0.0224102 0.000826696 0.102173 0.0301664 0.000655237 0.00708256 0.0444106 0.0146737 1.32432e-05 
0.00414596 0.0298074 0.0485652 0.000195483 0.0199901 0.0424374 0.132675 0.0255818 0.0185293 0.0163785 0.00601439 5.82224e-05 0.00998005 0.00364526 0.339838 0.00104744 8.02728e-05 0.00053108 0.00514585 0.00062581 0.00792672 0.104581 0.00689316 0.0643142 0.025227 0.00169972 0.0137758 0.00861531 0.00969052 0.0520044 
0.000757739 0.0161781 0.00767171 1.08483e-05 0.00950659 0.0238999 0.070295 0.0355688 9.92534e-05 0.000658872 0.00628137 0.00284136 0.000156436 7.05396e-07 0.703462 7.66901e-11 0.000968652 0.000952186 0.00109246 0.000226949 0.0457307 0.00519348 0.00124766 0.0129402 6.05635e-05 0.00140882 0.000852973 0.0278998 0.0240368 2.62624e-08 
0.000422104 0.0189876 0.0120722 2.77889e-06 0.00437093 0.0177268 0.0506742 0.033483 8.36308e-05 0.000373509 0.0133029 0.00131647 0.00486583 1.83771e-05 0.626118 3.24002e-09 0.00467844 0.00105492 0.00467481 0.00096617 0.0768719 0.00238857 0.000424 0.00785418 7.5007e-05 0.000219682 0.00051707 0.0547379 0.0617184 5.52747e-07 
0.000768293 0.00684021 0.00256911 1.26632e-09 0.0165216 0.0164028 0.0223207 0.0102727 1.13884e-07 0.000558083 0.000825838 0.00465977 0.000982145 6.26825e-07 0.392106 1.33999e-10 7.72546e-09 0.00204043 0.00309718 8.0316e-08 0.192617 0.000612838 0.000315113 0.00964655 0.000112897 6.09123e-05 0.0376757 0.111327 0.167666 2.58654e-08 
0.0343662 0.0155014 0.000795715 4.38705e-06 0.0240083 0.0362084 0.0453311 0.0129463 0.000703785 0.0024656 0.0138044 0.000834637 0.0925708 0.000271365 0.379094 3.84268e-11 0.00116414 0.000276017 0.00039007 9.70927e-08 0.0785781 0.000104163 0.00127919 0.0177449 2.112e-05 0.00419725 0.00551458 0.0942276 0.137596 1.47105e-08 
0.000248492 0.0142797 0.00101947 8.96026e-07 8.77863e-09 0.0062106 0.274648 0.0876137 5.02863e-05 0.00149043 0.0142523 4.99671e-06 0.0435058 2.76192e-08 0.420278 8.7958e-06 3.87349e-08 5.87154e-06 2.93001e-05 5.02057e-08 0.0173248 0.0246153 0.0531903 0.0095304 3.4884e-05 1.37672e-05 0.0161333 0.00885009 0.00666007 3.64006e-08 
0.000373748 0.000434038 0.000444866 1.51386e-05 0.00899068 0.0628995 0.0117548 0.0267338 0.00216373 8.85335e-05 0.00325793 5.34164e-06 0.00140043 0.000134639 0.488068 3.78339e-09 2.29445e-06 0.000437398 0.00474849 3.79758e-07 0.0783695 3.89014e-07 0.000921817 0.00192469 2.44282e-06 0.0942556 0.0822681 0.0187318 0.111572 2.88886e-09 
1.2062e-05 0.00318907 0.000191403 5.53106e-09 0.000681481 6.69392e-05 0.0225931 0.0393198 6.43443e-07 0.00329666 0.000115309 1.74016e-07 2.75902e-05 0.00159943 0.911973 1.13222e-09 0.000236354 2.97384e-05 1.75506e-05 0.000493856 0.00125439 0.00522851 3.03008e-07 3.31815e-07 2.66074e-08 3.49482e-10 0.000267439 0.000385956 0.00901865 2.94269e-08 
4.71599e-07 0.150231 0.00535992 0.000122559 0.00186175 0.0536566 0.0562067 0.113578 0.0123162 0.00333827 0.00416421 2.80395e-09 0.016905 0.00680002 0.187159 4.87475e-09 0.00111997 0.071255 6.95232e-06 1.74925e-06 0.0295383 0.0584412 0.0187697 0.0787626 0.00187172 0.0377572 0.00538777 0.0389513 0.0458663 0.00057109 
0.0145442 0.0428042 0.00371041 3.67805e-05 0.00347948 0.0214227 0.160973 0.0821317 0.00255906 0.0022753 0.00192894 0.0116679 0.0017643 0.00338891 0.396415 8.17766e-08 0.000483584 0.000537068 0.0517095 0.000205561 0.0205233 0.0600892 0.00442291 0.0150922 5.495e-05 1.27545e-05 0.00386446 0.0797243 0.0141767 2.18474e-06 
6.12576e-08 0.00624656 0.000373838 1.41973e-05 0.00135536 0.0152609 0.0747221 0.00795359 1.52743e-11 0.000750911 0.0170848 4.46013e-06 0.00128997 4.16259e-08 0.831363 5.08935e-11 1.45275e-05 0.00225568 0.000377499 3.82742e-08 0.00235489 0.000735831 4.85546e-07 0.00213307 0.0318729 0.000496352 0.00134605 0.00198507 6.52457e-06 1.76879e-06 
5.8303e-07 0.00184459 0.00566679 8.26145e-07 0.000536584 0.0192194 0.0121707 0.00111185 5.74573e-06 1.5951e-05 1.93628e-05 3.39394e-07 0.000438246 0.0300389 0.800184 5.90047e-07 7.72897e-06 8.73406e-06 1.57211e-05 3.55551e-05 0.0386242 9.42993e-06 0.0244132 0.000679294 2.62636e-07 0.0254413 0.000145628 0.0268795 0.012485 4.50538e-07 
6.70873e-05 0.00547316 0.000921573 6.53239e-05 0.0294327 0.211723 0.0556733 0.0222547 1.19326e-05 0.000281862 0.0170252 4.80831e-05 0.00964748 6.52522e-05 0.467066 8.07131e-09 1.97725e-06 0.00106383 0.00233662 0.000258624 0.0163976 0.0318579 0.0253315 0.00222819 0.00673324 0.000810059 0.00236452 0.0618057 0.029051 2.40586e-06 
0.00323829 0.0513207 0.00553602 0.000142956 0.00367233 0.0469135 0.14357 0.116719 0.000525853 0.00526342 0.0148718 0.000426508 0.0199625 8.15197e-07 0.241891 2.66892e-09 0.0112376 0.034907 0.00824103 1.60732e-06 0.106395 0.0147628 0.000512316 0.0224808 0.00193392 6.65423e-05 0.00459241 0.0473291 0.0934856 2.03789e-09 
0.0170022 0.0220072 0.00787223 3.74422e-07 0.0414391 0.00301765 0.107708 0.0511853 0.000106047 0.00534012 0.0043184 9.52542e-06 0.0283759 0.00105787 0.22596 2.19686e-07 1.61338e-05 0.00694303 0.0232086 2.57501e-05 0.0280661 0.00493083 0.00430085 0.0175346 0.00022187 0.000272214 0.0995015 0.100145 0.199428 4.95043e-06 
1.35494e-07 0.00379698 0.00349137 8.88562e-11 2.258e-05 2.33823e-10 0.0254054 8.74014e-09 2.33842e-12 3.08178e-12 1.00285e-12 4.4817e-12 1.74553e-12 4.51412e-12 0.967016 7.79157e-12 6.33088e-12 2.965e-12 2.30878e-05 8.20569e-12 0.000211847 1.8833e-12 2.5721e-12 9.72852e-13 3.69214e-09 2.40502e-12 3.43511e-10 1.94536e-05 1.35922e-05 5.94936e-12 
1.38162e-05 0.0202911 0.00200836 9.81809e-10 0.00283417 0.00130999 0.0313916 0.0107867 2.47338e-06 0.000605948 1.44849e-08 0.004082 2.75991e-05 4.84332e-10 0.814357 8.35978e-10 2.29131e-06 4.95012e-05 0.0010324 1.13616e-06 0.0420266 1.33644e-05 7.49605e-07 8.8013e-07 3.98319e-06 3.89712e-05 5.86207e-05 0.0512857 0.0177751 6.38322e-10 
0.0189112 0.0641473 0.0162784 0.00056957 0.0103377 0.0138241 0.204683 0.0551273 0.00360721 0.0319634 0.010249 0.000635828 0.0387494 0.00119212 0.37432 0.000926053 0.00131445 0.00237026 0.0250262 0.00217768 0.0142012 0.0159672 0.00600189 0.0150037 0.00156522 0.00151516 0.00631539 0.0339629 0.0290425 1.48862e-05 
0.000416115 0.00780566 0.0138603 4.533e-05 0.0117091 0.0243013 0.0279871 0.020009 1.17211e-05 9.58961e-08 5.48724e-06 3.39209e-06 3.67215e-05 1.40466e-07 0.660793 2.42451e-07 1.96999e-07 0.0359199 0.00937936 0.0139201 0.00135527 0.123035 0.00032535 4.63424e-06 0.00398204 0.00274168 0.0335213 0.000492869 0.0083243 1.31322e-05 
0.0015806 0.0042503 0.00306417 8.25506e-06 0.0420503 0.130071 0.0239846 0.00490363 0.0231456 0.00248246 0.0191446 1.16241e-05 0.175947 0.010844 0.206188 4.50537e-08 0.00156172 0.00138777 0.029687 0.0946933 0.0466229 0.00169991 0.00219779 0.00863715 0.00126773 0.00210256 0.0140369 0.0208778 0.127545 4.95973e-06 
0.00190891 0.0133095 0.00547214 1.12899e-06 0.0119952 0.000479037 0.0922496 0.0280664 5.21623e-08 0.000177373 4.67701e-05 0.00109556 1.49746e-05 1.90273e-08 0.535479 6.02171e-11 8.88625e-07 8.63895e-05 0.00289399 3.27178e-07 0.199496 0.000179188 1.90599e-05 0.00440317 3.65728e-06 0.000577508 0.000381184 0.0784217 0.0232406 3.08763e-08 
2.94306e-07 0.044338 0.193829 0.000125373 0.00073677 0.0348369 0.0562153 0.0153499 0.0110119 0.0107105 3.02384e-05 8.44829e-05 0.0264002 1.58034e-06 0.483151 2.72773e-06 0.0002421 0.000783263 0.00183635 0.00022602 0.00210161 0.0585772 0.00522136 0.00280904 0.00528259 0.00132223 0.0109293 0.00131263 0.0325308 2.0828e-06 
0.0324695 0.0468938 0.00176567 0.00376765 0.00663676 0.0439145 0.178724 0.0188046 0.00320803 0.063031 0.0207431 8.26242e-06 0.00233145 0.000395915 0.411888 2.03591e-06 0.046376 0.00963487 0.0191151 9.30674e-07 0.00646436 0.00208947 0.00060174 0.00888655 3.65316e-05 0.00418325 0.00273808 0.0533471 0.0119406 3.74152e-07 
0.00873032 0.0356835 0.0015974 6.38629e-06 0.00167664 0.0109112 0.199087 0.0390407 0.000946264 0.00709484 0.000249813 7.63681e-05 0.00358547 0.00185759 0.567764 1.64701e-09 4.90251e-06 1.20323e-05 5.29853e-06 1.73455e-09 0.00203109 0.0636647 0.00130361 0.0280163 2.69446e-07 1.21339e-06 0.00738591 0.0130209 0.00624629 3.76301e-07 
0.000501416 0.010593 0.00473226 0.000221061 0.0137407 0.0105396 0.183081 0.00618262 4.14499e-05 0.000195006 0.0520109 0.00101889 0.00428484 0.000218703 0.559641 8.33152e-09 0.000226184 0.00060281 2.0214e-05 0.0156677 0.0409082 0.00855452 0.00209729 0.0462426 1.61212e-05 0.00017937 0.00149588 0.000322748 0.0366646 6.36164e-09 
0.0167719 0.0411549 0.0330753 1.8313e-06 0.000323497 0.000193374 0.329253 0.0222141 1.04508e-08 0.00168461 8.61662e-06 0.0029291 8.06787e-07 2.52358e-07 0.505147 2.02892e-07 9.88984e-07 0.00103247 0.0170398 5.32682e-07 0.0180185 0.00215813 4.18989e-07 0.000998534 3.66233e-05 0.00214152 7.90088e-06 0.00560068 0.000205592 1.73319e-07 
2.2267e-06 6.89417e-06 0.00119214 1.32743e-06 0.000735898 0.0160464 0.099296 0.0241985 3.37108e-06 0.00127959 0.000227392 0.000146177 0.23614 5.39787e-05 0.245874 6.44286e-09 3.61469e-07 0.00660895 0.0715031 6.78529e-09 0.0676376 0.000427315 0.00159309 0.0372746 0.00104323 9.11409e-06 0.00907933 0.15596 0.023609 5.03312e-05 
4.98164e-08 0.000750335 0.000291863 7.48311e-08 8.50234e-08 0.00440796 0.0539118 0.000289393 0.000301043 1.82622e-07 5.94275e-08 0.000383089 0.000722386 0.000524191 0.853936 4.61716e-07 0.000383738 0.000441556 0.0011037 0.00289902 0.000214573 0.00962456 0.000747155 0.000239386 2.05515e-07 0.000540201 0.000235329 0.000339342 0.0677121 3.5255e-07 
0.0125575 0.272728 0.00701966 1.83493e-05 0.00754564 0.000731832 0.132249 0.00323484 0.00293938 0.00362903 0.0135383 0.0121738 4.35599e-06 6.9033e-05 0.385343 1.48336e-07 1.96257e-08 7.54324e-05 0.00662919 7.46496e-10 0.00516102 0.00229607 0.000501441 0.0598899 3.96715e-06 0.00121507 0.000183514 0.0666122 0.00364771 2.57737e-06 
0.00127304 0.0104599 0.0169708 0.00192331 0.0253168 0.0600218 0.0638406 0.0121195 0.000203259 0.00114525 0.190732 4.47676e-05 0.0740621 0.000453602 0.24234 5.28782e-07 0.00620748 0.011976 0.00535216 0.000543362 0.0565657 0.000232958 0.0123318 0.0135642 0.00151787 0.00324673 0.0121591 0.0393811 0.136012 2.63267e-06 
0.000287241 0.0717324 9.3013e-11 8.70449e-06 0.00448693 0.0247591 0.0360498 0.00603477 3.52395e-06 9.37007e-05 0.00340215 3.89969e-09 0.0800704 0.000510241 0.688156 6.7897e-05 5.58537e-07 1.00188e-10 0.00945646 0.00137282 0.00845137 0.00240685 0.00509506 0.00123922 0.015897 0.000391979 0.000476997 0.0106667 0.0288817 2.22738e-07 
0.000282449 0.0257759 0.0719016 6.14356e-07 0.00179215 0.013062 0.10051 0.000624473 0.000502494 0.00798317 0.00254919 0.00311007 0.0146566 0.000223009 0.714061 5.14513e-05 8.93406e-11 0.00159707 0.00217371 0.0063789 0.00743556 0.000212016 0.000236965 0.00169449 0.000401348 6.03862e-08 0.000435751 0.00469187 0.0176558 2.14009e-07 
0.0180524 0.29343 1.96294e-08 6.31758e-07 5.388e-10 0.0289105 0.0975116 0.00628449 8.78137e-10 0.0127508 4.67502e-06 1.68299e-09 0.10629 1.69517e-09 0.396074 3.8796e-05 1.11436e-06 1.5835e-06 0.00202144 6.32256e-06 0.00350881 1.00262e-05 1.53005e-06 2.8724e-06 1.47733e-06 6.35355e-06 0.00514088 0.0299493 3.15085e-10 1.0874e-06 
0.00557697 0.0119364 0.0132132 6.66602e-05 0.00182899 0.0670597 0.0657163 0.0994786 0.00501215 0.00674908 0.122579 0.000124811 0.00954282 0.000198254 0.188177 2.52516e-05 0.000409028 0.00217869 0.0546739 0.000675977 0.0855858 0.00866378 0.0252862 0.0367378 0.000209064 0.00230758 0.0133817 0.126291 0.0462888 2.59344e-05 
0.0144013 0.0174851 0.0161047 2.80004e-10 2.30342e-06 0.0289718 0.181834 0.180585 0.00270856 0.070421 3.7009e-07 2.59308e-06 1.18553e-06 1.00093e-09 0.389472 4.71421e-07 1.40377e-09 4.82653e-06 0.00023493 1.81948e-09 0.0862827 0.000204921 9.59982e-07 0.0104342 3.99201e-05 5.33273e-10 2.41615e-07 0.000799904 5.5141e-06 4.12735e-07 
9.09911e-05 0.005346 0.0586215 3.1574e-06 0.00401712 0.146831 0.0724829 0.0114075 0.0010605 0.000418337 0.000351918 2.23474e-05 0.00108281 0.000250698 0.364663 1.30214e-10 0.000497743 0.00119334 0.00137963 0.000535943 0.251875 3.73652e-05 0.00705782 0.00717988 5.95701e-05 0.00829052 0.00277949 0.0200737 0.0323903 5.95174e-09 
0.0361677 0.00382177 0.00133549 8.21074e-09 0.000295593 0.00250288 0.038738 0.00437055 1.22145e-05 0.000825292 1.5394e-06 0.000645872 0.00011212 0.000121673 0.855571 6.91847e-10 2.84521e-08 0.000505313 0.00332614 1.66434e-07 0.00254578 0.000274157 0.00435648 0.00021589 1.67764e-05 5.44495e-06 0.000774777 0.0369978 0.00645912 1.09341e-08 
1.94161e-05 0.00551238 0.000481914 1.62444e-07 0.000223846 0.107532 0.0914819 0.0744442 0.00022843 2.01344e-06 0.0022828 0.00996949 0.0802687 0.0527406 0.281254 3.56148e-10 5.605e-08 0.00839297 0.000259386 0.00174231 0.0137161 0.0434136 0.00061795 0.0249745 0.00273366 5.55096e-07 0.014459 0.12155 0.0616204 7.64821e-05 
0.013761 0.311826 0.0240842 3.02076e-08 0.00127814 0.000401325 0.0810607 0.00553244 9.544e-07 0.000180302 1.11405e-05 0.0027191 0.000150215 2.09455e-07 0.419935 1.82361e-10 2.60699e-05 6.14145e-05 7.84669e-05 6.2117e-07 0.0114197 0.00101291 6.01997e-11 0.00434928 4.84998e-06 8.42792e-06 0.0021362 0.0742163 0.0457448 1.39244e-10 
0.00151362 0.0605207 0.00300575 0.00605837 0.00912157 0.0389653 0.146161 0.0550879 0.00585563 0.00712022 0.00322499 0.000140809 0.00299909 0.0016242 0.457169 0.00026472 0.0184907 0.0272579 0.0137401 0.000644453 0.021676 0.0539228 0.00320328 0.0172609 0.000627917 0.00549101 0.00253651 0.0151355 0.021175 5.65065e-06 
0.00175783 0.00756665 0.00522839 1.25888e-07 0.00544702 0.0133201 0.129132 0.10574 0.00285384 0.00315336 0.00938819 0.000219798 0.00560364 1.5713e-10 0.362111 4.71266e-07 0.00635955 0.00612778 0.00208234 2.85628e-10 0.193986 0.000386806 0.00279643 0.0380309 0.000504267 8.03413e-05 0.00423329 0.0291431 0.0647456 3.78117e-07 
0.000212857 0.0981721 0.00970152 1.40145e-05 0.00671945 0.0079884 0.191099 0.0204711 0.000123133 0.000144252 0.00800855 1.3346e-05 0.000139574 2.27469e-06 0.56126 1.98692e-10 0.00224847 0.000852093 0.000964048 0.000292439 0.0524764 0.000582601 0.00160502 0.00749564 3.7853e-05 0.0055873 0.00299437 0.00525135 0.0155422 8.46525e-08 
