0.000325241 0.0105705 0.00136391 3.39084e-05 0.0509854 0.0463482 0.0396026 0.00592517 0.00126772 0.012916 0.0148667 6.95273e-06 0.143246 0.00135622 0.496561 6.42038e-09 0.00965652 0.00047132 0.0119157 0.00904586 0.0034108 0.00107671 0.00737604 0.0158351 2.7985e-05 8.56796e-05 0.00344842 0.0444914 0.0677825 4.90236e-09 
0.000105933 0.0152482 0.00116105 0.000245176 0.00612487 0.0136899 0.0668683 0.0373325 4.79958e-05 0.000332228 0.00120436 0.00032679 0.00554493 0.000364679 0.650516 5.75229e-09 2.65941e-06 0.0339273 0.0158766 0.00840071 0.0422825 0.014143 0.0105336 0.00936843 0.00113526 0.0138169 0.00230095 0.00790999 0.0411862 3.0177e-06 
0.0164835 0.00339037 0.00151626 0.000875402 0.00194548 0.014563 0.0354129 0.00394926 9.12224e-07 2.24124e-06 0.00107403 3.97526e-05 0.000792457 2.1824e-05 0.538679 2.98523e-09 2.45172e-06 0.193428 0.0182041 3.12559e-07 0.0609554 0.0019897 0.000222919 0.00240154 0.00029752 0.0365918 0.000982781 0.00991148 0.056264 1.49274e-06 
3.10091e-06 0.00696014 0.00577303 0.000220917 0.00440666 0.012615 0.070277 0.00459019 2.30652e-05 0.000161497 0.000282739 0.017267 6.92489e-05 0.000116694 0.807443 6.85588e-11 2.76112e-08 0.0255999 5.67156e-05 0.00338591 0.00017587 0.00160855 0.00484166 0.00154572 0.0210215 4.13811e-05 0.00066357 0.00517844 0.00567153 1.49272e-07 
0.00770672 0.0248937 0.0209637 8.7644e-05 0.182103 0.00747066 0.0340935 0.0197619 0.00363781 0.00104517 0.00419053 0.00361431 0.00910237 4.36506e-05 0.392675 1.16646e-06 3.91036e-05 0.00736985 0.0426149 0.000421993 0.059124 0.00488008 0.00138362 0.044664 0.000139226 0.00120944 0.00434117 0.0709604 0.0513727 8.85011e-05 
0.000128557 0.00683327 0.00155349 3.7141e-07 0.000146897 0.00195927 0.00950518 1.84066e-05 0.000733022 2.87885e-05 8.02126e-06 4.81402e-08 2.83298e-05 6.00378e-05 0.964034 8.36931e-08 6.80031e-08 3.18485e-08 0.00236328 0.00252188 0.00215468 3.88088e-06 8.45319e-05 0.00110355 0.000177058 2.58334e-08 3.52268e-06 0.000479967 0.00606965 2.62248e-07 
8.14863e-05 0.0186274 0.000749988 3.14859e-05 0.00206538 0.0814681 0.00530808 0.0740072 0.070177 0.000825777 0.000333377 5.35558e-06 0.0110394 0.000462265 0.57853 9.84754e-07 0.00044834 0.00930702 0.0170014 0.000252564 0.000172563 0.0981737 0.00192831 0.0182308 5.35295e-05 0.00055414 0.000816735 0.00251245 0.00679029 4.47651e-05 
3.97196e-05 0.0411741 0.00178697 6.60872e-06 0.00187431 0.0056288 0.11497 0.174137 1.08446e-07 0.00130446 0.001007 2.75277e-11 0.000251521 0.000129499 0.379901 4.78578e-11 7.31244e-10 0.000904707 0.0285589 0.000891845 0.117752 0.00472266 0.000286444 0.0424565 2.20959e-07 0.0163827 0.00504766 0.038097 0.0226879 3.65424e-11 
5.06144e-05 0.225893 0.00264426 1.22826e-06 0.00111086 0.0443876 0.1296 0.00758529 0.00361654 0.00231884 0.0027059 0.00067962 0.00785424 2.34285e-05 0.388473 5.60844e-10 0.000126751 0.000263022 0.00308163 0.0227382 0.0561885 0.00822863 0.00175191 0.0161813 0.000368017 1.1533e-05 0.00435297 0.0168313 0.0529319 2.08563e-07 
0.000125037 0.00679928 0.00153532 2.18985e-07 0.000140644 0.00193471 0.00948559 1.08523e-05 0.000717275 1.69729e-05 4.72907e-06 2.69153e-08 1.67356e-05 3.53972e-05 0.964381 4.6793e-08 3.80207e-08 1.78066e-08 0.00234576 0.00245192 0.00214109 2.28758e-06 7.9087e-05 0.00109142 0.000164721 1.44435e-08 2.08069e-06 0.00047412 0.0060437 1.52903e-07 
0.0002655 0.00747474 0.0469941 6.36512e-07 0.00272765 0.155043 0.0729963 0.00815677 0.000836075 0.00125742 0.000397382 6.10793e-05 0.000811746 0.000135006 0.422835 6.5338e-10 0.000373529 0.000465741 0.000396098 1.17343e-06 0.209173 0.000133335 0.00471247 0.00387104 7.66827e-05 0.00253536 0.00191802 0.0292381 0.0271126 1.80524e-07 
0.0215897 0.024096 0.00130481 8.57328e-07 0.00188478 0.00364585 0.145239 0.00529252 8.92722e-09 0.0295524 0.00213461 0.000166308 0.00115772 0.00056418 0.571185 2.97453e-08 1.70405e-06 0.000472316 0.00020404 0.00092792 0.0015434 0.0953072 0.0010422 0.00215446 0.000979182 9.18145e-09 6.27808e-05 0.0698988 0.0195915 2.27124e-08 
4.08011e-07 0.0164961 0.0445203 9.70108e-09 0.00119002 0.00854519 0.0786977 0.0122167 1.42239e-07 3.86099e-07 0.00250954 0.000105698 0.00184391 1.73811e-07 0.795047 1.85965e-10 5.11781e-06 1.11117e-06 1.3827e-07 8.20998e-07 0.0227085 0.000110281 0.00330713 0.00184645 1.49295e-05 2.45637e-07 1.66521e-07 0.00466767 0.00616452 1.41996e-10 
7.71077e-07 0.0063255 1.3786e-06 2.66958e-10 3.03318e-10 9.55205e-07 0.212723 0.0792811 8.3198e-07 6.51497e-10 0.000283087 9.47444e-10 0.0648102 9.54297e-10 0.215552 1.64716e-09 1.33836e-09 5.68992e-07 0.060532 1.98251e-06 0.0617961 3.98134e-10 0.190838 0.0094611 3.25254e-07 5.08427e-10 0.00362883 0.00456105 0.0902012 1.25771e-09 
0.00035913 0.015535 0.008427 2.97825e-05 0.0128463 0.0153811 0.0855458 0.0175265 0.000228371 0.000268453 0.0149445 2.44814e-05 0.000263211 0.000774447 0.710649 1.26797e-11 0.00107917 0.00158841 0.0017102 0.0005439 0.0518004 0.00108433 0.00299329 0.0139885 7.02332e-05 0.0033192 0.00136397 0.00968956 0.0279653 1.12369e-08 
0.00517538 0.00922168 0.00440058 7.4905e-06 0.0143394 0.0451408 0.0392472 0.00879691 0.000470199 0.00306481 0.00921582 0.00015134 0.00352701 0.000153487 0.717348 6.17227e-11 0.000195119 0.000591054 0.00200365 0.000129462 0.0348923 0.000644924 0.00423871 0.0218226 0.00140045 0.00943593 0.00717297 0.0202659 0.0369394 6.98602e-06 
2.24578e-06 0.000785656 7.35353e-06 3.37347e-06 0.000766493 0.00165516 1.49395e-06 0.00432253 0.000375539 8.2328e-06 2.67906e-06 1.19726e-05 0.000744239 0.000238096 0.980805 2.08147e-05 1.69126e-05 7.92082e-06 0.00187871 0.000654054 2.23637e-06 0.0031533 0.002236 0.000306124 8.94157e-05 6.42486e-06 0.000548002 0.000333233 0.00100088 1.58934e-05 
1.18537e-08 1.45109e-06 4.62412e-07 2.97178e-09 4.07888e-07 4.02836e-12 0.122368 0.00227951 9.15657e-12 1.20673e-11 3.92688e-12 1.7549e-11 2.93973e-08 1.7676e-11 0.874987 3.05095e-11 2.47899e-11 1.16101e-11 2.04824e-07 3.21311e-11 0.000362297 7.37444e-12 1.00716e-11 3.8094e-12 1.24951e-07 9.41733e-12 1.1602e-08 1.08051e-07 2.83211e-07 2.32959e-11 
1.18537e-08 1.45109e-06 4.62412e-07 2.97178e-09 4.07888e-07 4.02836e-12 0.122368 0.00227951 9.15657e-12 1.20673e-11 3.92688e-12 1.7549e-11 2.93973e-08 1.7676e-11 0.874987 3.05095e-11 2.47899e-11 1.16101e-11 2.04824e-07 3.21311e-11 0.000362297 7.37444e-12 1.00716e-11 3.8094e-12 1.24951e-07 9.41733e-12 1.1602e-08 1.08051e-07 2.83211e-07 2.32959e-11 
0.0541581 0.113309 0.014616 6.19522e-06 0.000204974 0.00540613 0.111762 0.0195821 2.03084e-05 0.00298772 3.22791e-06 6.21223e-05 0.00181769 4.67697e-05 0.614706 1.16628e-08 3.01049e-05 0.0045864 0.00692603 0.000994153 0.00256551 0.0340816 0.000228487 0.00227514 0.000762392 7.09702e-07 0.00446656 0.0039372 0.000457247 3.027e-07 
0.000110648 0.00271331 0.000445568 2.86716e-10 0.0365452 0.00135806 0.0532369 0.00564033 7.66645e-07 0.0256704 0.000220945 0.000106525 0.0161506 1.64652e-05 0.786087 1.76907e-09 1.49426e-06 0.00779819 0.00110558 0.000825898 0.000613806 0.0370299 0.00203158 0.00133085 1.80082e-05 0.000409137 2.34669e-05 0.0142461 0.00626299 5.13446e-07 
0.00160006 0.0184897 0.0183334 2.97781e-06 0.10552 0.0217173 0.0876924 0.00455345 0.000140588 0.00334451 0.00134281 0.00384787 0.00175991 5.35187e-08 0.39418 1.00504e-10 0.000647491 0.000492397 0.00161638 1.33404e-06 0.0689685 1.7993e-05 0.00345903 0.00498084 4.73161e-05 0.00228011 0.00175314 0.12098 0.13223 2.47452e-08 
0.0107807 0.0214522 0.0020547 5.48271e-05 0.00314583 0.0113302 0.0813587 0.0198868 0.000299135 0.00335144 0.000712077 0.000785297 0.00389874 0.00135669 0.710014 0.000730314 0.000666358 0.00271978 0.00712289 0.00039522 0.00518346 0.0215609 0.0109188 0.0110287 0.000216135 4.13863e-05 0.0146142 0.0293256 0.0249948 9.82367e-08 
0.0225738 0.00574395 0.00217166 0.00345941 0.0333408 0.0124523 0.047411 0.0410015 0.000379268 0.00440641 0.00580926 0.0011617 0.0285509 0.00179796 0.364858 9.24071e-07 9.09459e-05 0.00182476 0.0111084 0.000199129 0.160882 0.00332249 0.00145128 0.0443894 7.63598e-05 0.0152311 0.043858 0.0433452 0.0990934 8.71121e-06 
0.00156644 0.0526891 0.0310633 8.96249e-05 0.00734874 0.00182537 0.13061 0.00509589 9.93316e-06 0.00178621 0.00302337 0.00942013 3.21466e-05 0.000589943 0.641283 0.000662412 5.6301e-09 0.000606586 0.0150028 0.0230484 0.00607702 0.0172976 0.0334159 0.00227681 4.11905e-05 7.46607e-05 0.000371015 0.00853699 0.00615001 4.82116e-06 
0.000484364 0.0237605 0.00175358 3.27564e-05 0.0539883 0.00115071 0.0137855 0.0265686 0.00343423 0.00474653 0.00167174 8.04174e-08 0.0030349 0.000546261 0.5076 1.39808e-07 1.13598e-07 0.000129396 0.0450409 0.00026907 0.0420885 3.37929e-08 0.00492332 0.00147204 2.54537e-05 0.000458803 0.00472306 0.0322071 0.226104 1.06752e-07 
0.00628796 0.0229057 0.0164835 9.06438e-06 0.000776555 0.000141785 0.392841 0.00169581 5.47564e-08 0.000878595 2.75632e-08 0.0140775 1.40642e-06 4.04438e-08 0.502435 5.11589e-08 2.42879e-06 9.27049e-08 0.00509646 9.88433e-09 0.0270308 0.000715858 8.34073e-09 0.000332342 8.80111e-05 4.78355e-05 1.73252e-06 0.00765682 0.000493513 9.44473e-09 
0.0001324 0.00697853 0.00731381 2.88681e-05 0.275129 0.00733139 0.0608641 0.0134402 0.00072192 0.00270328 0.000759719 7.5597e-07 0.000843054 9.35037e-05 0.419067 3.90088e-11 1.40099e-10 0.000176654 0.0269558 4.23598e-05 0.0811918 0.00379407 0.0013551 0.0118455 0.000476483 0.0126463 0.00396801 0.0388294 0.0233093 1.83244e-06 
0.000467578 0.00173409 0.0129117 4.8822e-07 0.014276 0.000125418 0.0081089 0.0790338 0.001156 5.35792e-06 0.000210394 0.00282662 0.0122307 2.18384e-08 0.535136 1.84837e-06 1.52331e-07 2.66176e-05 0.000287496 0.000231386 0.00928034 0.0231695 1.43724e-05 0.257883 0.00503181 1.24728e-05 0.00019954 0.0232395 0.0123897 8.41616e-06 
4.33241e-08 0.180771 0.264951 5.80222e-09 3.98097e-05 0.000536531 0.169423 0.033306 0.00417105 0.00534852 5.59835e-08 8.73395e-05 5.79571e-09 0.000125723 0.292338 3.34891e-11 2.72108e-11 2.21347e-08 0.00525194 3.5269e-11 2.52617e-07 1.458e-08 3.18193e-08 0.0121182 9.14416e-05 6.38109e-08 0.0156705 0.0109376 0.00483226 8.24565e-09 
1.21223e-05 0.00343876 0.000227152 7.26841e-06 0.00596421 0.224035 0.0156853 0.0509657 0.00691533 0.00923867 0.00349594 0.000104024 0.0622744 0.000344862 0.231262 1.09202e-09 9.22586e-07 0.00230052 0.0353809 0.000178425 0.0537606 0.030907 0.0176326 0.0386074 0.00021613 0.000684381 0.0117402 0.0562636 0.138356 5.43955e-07 
0.000378642 0.033411 0.00419718 0.000138628 0.000512693 0.0156483 0.268655 0.0294665 0.00255876 0.005494 0.00145066 0.0016113 0.00548325 0.000326685 0.413332 0.000991044 2.60053e-06 0.0144229 0.0144956 0.00900777 0.0152655 0.0744672 0.0103493 0.0430385 0.00285795 0.000968655 0.000746801 0.021217 0.00950469 1.58909e-07 
6.7589e-05 0.00684601 0.00373262 1.33584e-07 0.0225961 0.049399 0.0686132 0.070544 0.00461943 0.00449643 0.00170755 0.000706197 0.00949151 0.000296754 0.319118 2.7975e-09 3.07085e-05 0.00283435 0.0351958 0.000485659 0.101003 0.041769 0.00137193 0.0368306 3.82473e-06 0.00230193 0.00529003 0.0478675 0.162726 5.48931e-05 
0.00166275 0.0253069 0.0284264 8.04948e-07 0.00442276 0.004545 0.181923 0.00164588 0.000516435 0.0181445 0.00179845 0.00755249 0.000651709 0.000758318 0.624049 2.50749e-07 8.61617e-06 0.00282077 0.00312215 4.23495e-09 0.0275747 0.000286026 0.000986809 0.00281013 0.000179873 0.000320615 0.000553815 0.0428683 0.0170632 1.07537e-07 
0.000435225 0.0109834 0.0369576 5.93513e-06 0.00121983 0.0943461 0.0459909 0.00199128 0.0242053 0.0131496 0.00605588 1.70237e-06 0.000730719 1.45514e-05 0.338924 9.35392e-06 3.66727e-08 0.000118163 0.00613476 0.00303705 0.0620328 0.0469381 0.000666303 0.183965 3.60752e-05 6.31135e-06 0.00382316 0.00135021 0.116865 5.0934e-06 
0.00611611 0.00147716 0.00380726 0.000897267 0.0194698 0.158233 0.0572479 0.0259347 0.000651042 0.0121868 0.0171153 0.000281781 0.0617924 0.00083799 0.377706 2.29092e-05 0.000204253 0.0353977 0.0287089 0.000695874 0.0186532 0.0167557 0.00398584 0.00606406 0.0175563 0.0263053 0.00785818 0.0274458 0.066591 8.25317e-07 
0.0498471 0.0650576 0.00174835 0.000108274 0.00462769 0.0595264 0.155662 0.115818 0.00266698 0.0156554 0.0259448 5.75747e-06 0.0147405 0.00200934 0.275234 5.98367e-08 0.000195543 0.0219771 0.0139223 6.3017e-08 0.0391823 0.00584715 0.00663645 0.0360164 0.00318874 0.0319773 0.0164557 0.0198614 0.0160743 1.31247e-05 
0.0155509 0.0312033 0.0449406 1.24938e-06 0.00151651 0.00193794 0.207832 0.00388899 0.000404893 0.020946 0.00013941 0.0170465 0.000213267 0.000971466 0.475735 3.02099e-06 2.25225e-08 1.03366e-05 0.0192485 1.19343e-07 0.082729 0.000607248 0.000228995 0.00341348 0.000160746 9.432e-05 0.000510088 0.0569659 0.0136994 5.65776e-07 
3.20279e-05 3.2023e-05 3.2011e-05 3.20241e-05 0.285034 3.20262e-05 3.20304e-05 3.20261e-05 3.20146e-05 3.20081e-05 0.0993142 3.19958e-05 3.20199e-05 3.19955e-05 0.294588 3.19666e-05 3.19796e-05 3.20091e-05 0.0128419 3.1963e-05 0.140954 0.0928864 3.20126e-05 3.20267e-05 0.0704426 3.20143e-05 0.00323458 3.20309e-05 3.20279e-05 3.19829e-05 
0.0173032 0.196334 0.0580101 1.89327e-06 5.27555e-07 0.000128342 0.110083 0.00133941 2.91479e-05 0.00276013 0.000173024 0.00765447 0.000362423 9.91098e-05 0.551746 7.99128e-08 6.70521e-06 0.000717301 0.00286303 0.00116164 0.0109941 0.03139 6.2092e-08 0.00191493 0.00123076 1.79141e-07 0.000105958 0.00339582 0.000194712 1.50212e-08 
0.00341063 0.014498 0.0124781 1.50686e-06 0.00223808 0.00243715 0.27303 0.00405527 1.2293e-06 0.00885932 0.0007574 0.00595924 0.00101904 3.1962e-07 0.511853 3.02101e-08 2.6287e-05 8.77107e-05 0.00306068 5.93527e-05 0.087029 0.000276311 0.00210467 0.00296952 0.000112967 1.8889e-05 0.00134253 0.0338571 0.0284552 1.32786e-06 
1.53025e-06 0.0267008 1.06593e-05 2.79601e-07 0.00315694 0.00105698 0.102588 1.04085e-05 0.154421 4.95017e-06 0.00262403 3.31327e-08 1.29045e-08 3.33723e-08 0.566158 5.76021e-08 4.68034e-08 1.10598e-05 4.68231e-06 6.06636e-08 0.0364437 1.34168e-06 1.90152e-08 4.26417e-05 2.56393e-08 1.2703e-05 0.0925532 2.587e-07 0.014196 4.39828e-08 
4.04051e-07 0.0045965 3.29229e-05 3.15026e-05 0.0201809 0.0146789 0.0239397 0.0670432 8.67952e-07 0.000473314 0.000700693 3.90791e-05 0.00115941 0.000274419 0.824015 1.61029e-10 3.08529e-07 0.00120755 1.3131e-06 0.000178019 0.0110941 0.000725963 4.89302e-07 0.00635695 1.69507e-07 2.80063e-06 0.000846441 2.56892e-07 0.0224187 9.67272e-08 
0.0028832 0.00659295 0.00541593 0.000255696 0.0345853 0.0394581 0.0381757 0.0450633 0.00420493 0.00199751 0.09102 0.00257788 0.00286275 0.00111468 0.369556 1.87681e-08 0.000830451 0.000912534 0.00858914 7.55131e-05 0.205231 0.00537048 0.00333702 0.0298764 0.000357059 0.00139341 0.0271709 0.048904 0.0221333 5.49789e-05 
1.87154e-10 0.0167826 1.36051e-05 4.78203e-07 0.00494718 6.73375e-06 0.246022 0.0134953 5.20595e-10 6.03825e-06 1.8533e-06 6.78569e-06 3.88601e-10 1.00496e-09 0.717153 1.73461e-09 1.40942e-09 6.60087e-10 2.68317e-10 1.8268e-09 7.64301e-07 0.00154922 1.31759e-06 1.86283e-06 7.72093e-10 5.3542e-10 2.44218e-10 4.36903e-06 6.55668e-06 1.32448e-09 
0.00194126 0.00180229 0.00118585 5.07853e-06 0.00590536 0.109679 0.00869895 0.00488497 0.00659724 6.48522e-05 0.0421349 2.95486e-05 0.00572218 3.08309e-05 0.504983 4.70539e-06 0.00228028 0.00103351 0.0129492 0.00235469 0.0710827 0.00354406 0.0198482 0.0365663 9.22265e-06 0.00459586 0.0164543 0.0530687 0.0825422 1.68007e-07 
0.00473448 0.000646616 0.00247653 1.71995e-05 0.0133609 0.0108331 0.0382945 0.0344858 0.000857898 0.00411896 0.00148821 6.01861e-05 0.0716394 0.00362697 0.318454 4.2326e-05 0.00457661 9.32539e-05 0.111464 0.0072496 0.00533838 0.0375994 0.00283483 0.0358792 0.00528597 0.00352487 0.0360225 0.0508378 0.194146 1.08597e-05 
0.000524302 0.0186483 0.00100147 3.29187e-05 0.000832046 0.0241316 0.0631562 0.0391708 0.0227839 0.000532215 0.0233487 4.55256e-05 0.00420595 0.000262789 0.59548 4.62563e-05 0.000850886 0.0259746 0.00882622 2.95613e-05 0.00709758 0.00413837 0.00262703 0.0410697 0.00604543 0.000378314 0.0158385 0.0142604 0.0519789 0.026682 
0.000320443 0.0139634 0.0519544 2.29756e-05 0.0222099 0.00447903 0.145924 0.0260209 0.0769661 0.00249018 0.0080109 0.000498752 0.00306528 9.10866e-07 0.361989 1.57081e-08 0.000110688 0.00152799 0.000369767 0.000847779 0.116278 0.000427587 0.000228244 0.0687699 6.91145e-05 0.024347 0.00250082 0.0412005 0.0254049 4.64786e-07 
0.00740963 0.0194809 0.0708067 4.7209e-05 0.00703963 0.0132315 0.204753 0.0447144 0.00231375 0.0258383 0.0225102 0.00586249 0.00523967 0.0671119 0.233813 8.63717e-07 0.00227317 0.00379665 0.0077753 1.36081e-06 0.00470766 0.0563472 0.00041953 0.136849 0.00728676 0.00177916 0.0296707 0.0115922 0.0073252 2.87251e-06 
0.00155651 0.004228 0.00256512 8.80817e-07 0.022254 0.0782161 0.0439552 0.00632769 0.000231416 0.00101011 0.00369023 0.00197419 0.00834832 0.000128787 0.346452 1.03044e-07 0.0112769 0.000340704 0.000336121 5.90841e-05 0.115165 0.00159534 0.00191546 0.019183 2.67807e-05 0.000117559 0.00101142 0.104691 0.223342 8.36681e-10 
0.00149788 0.0307689 0.020258 1.21151e-07 3.51795e-05 0.000274784 0.208881 0.0408839 2.24346e-07 0.00791141 0.000101872 0.00460678 0.000103708 4.3308e-07 0.61717 7.47515e-07 0.000101026 0.000172227 6.78879e-06 7.87245e-07 0.00914175 0.0183702 0.000168948 0.00817209 2.59472e-06 8.27488e-07 7.13561e-06 0.0162151 0.0151457 5.70775e-07 
0.000584386 0.0268273 0.00898931 2.63285e-05 0.00831556 0.0225118 0.0702155 0.0213876 0.00298212 0.00217323 0.0771307 9.43576e-05 0.00268067 0.00495394 0.333735 4.30239e-09 0.0031429 0.000728723 0.0104074 4.53106e-09 0.0920628 0.00300484 0.00860594 0.0699999 0.0563133 0.00134452 0.0158811 0.14269 0.0132091 1.94262e-06 
0.0347356 0.0251359 0.00143385 0.00227305 0.0139346 0.0468742 0.0220606 0.0101428 0.000566356 0.125829 0.00562103 2.67838e-05 0.00945037 0.000135722 0.496384 1.33006e-06 5.05879e-05 0.000550545 0.000690605 0.00365351 0.0461006 0.0824291 0.026942 0.0163586 3.15908e-05 0.00159402 0.000814366 0.00183066 0.0243448 3.96172e-06 
0.00332353 0.00342587 0.000470309 0.00325498 0.00481511 0.0555517 0.131367 0.112881 0.00931124 0.000752916 0.00030061 3.97304e-07 0.000407912 1.19028e-05 0.196842 4.43198e-06 0.000285693 2.73432e-06 0.0255878 3.65905e-05 0.135628 1.39009e-05 0.113915 0.00285404 4.07278e-05 1.54797e-05 0.0202411 0.0097103 0.168946 1.73975e-06 
0.000755998 0.0230277 0.0273561 1.38866e-07 0.00221662 0.00152124 0.180857 0.00120093 0.000430055 0.0190958 0.000282632 0.00890172 0.00019473 0.000974973 0.666749 3.2185e-07 7.58879e-10 0.000533556 0.00324735 5.36637e-09 0.0108964 0.000347316 0.000866825 0.00117757 0.00015124 0.000140878 0.000379534 0.0362683 0.0124265 1.38168e-07 
0.00395164 0.0352382 0.00496562 0.000112249 0.00891679 0.0865225 0.0847304 0.0512203 0.000849443 0.0169479 0.00795776 1.14254e-05 0.0677994 0.000369531 0.420885 2.05982e-08 0.000237481 0.0252201 0.0171792 0.000752931 0.00732379 0.0388666 0.00113926 0.0410075 0.000809589 0.00571771 0.0111277 0.0252075 0.0349325 1.5728e-08 
1.28651e-10 0.00120663 0.00778544 1.11142e-07 2.61785e-05 0.00225486 0.0880368 0.0100187 3.57862e-10 0.00454725 0.00533879 6.8586e-10 3.07957e-06 3.371e-07 0.783022 1.19239e-09 4.64218e-05 3.27536e-06 0.00179388 1.25576e-09 0.0658135 0.00973855 5.29391e-07 0.000382762 0.0119694 7.62568e-07 4.57765e-08 0.00633977 0.00167113 7.0916e-08 
0.000620449 0.00924278 0.000171746 4.83005e-08 0.000349566 0.00409084 0.139034 0.187136 8.94423e-08 0.0274028 0.00129503 2.42246e-07 0.00170615 0.000188312 0.497325 7.68586e-06 0.0026479 2.18025e-06 0.0245107 0.00431845 3.20197e-08 0.0101122 0.000157896 0.0152242 0.0701813 1.95902e-05 0.000969536 0.00328019 4.34146e-06 2.27557e-07 
8.28364e-07 0.0205144 0.00447394 0.000288815 0.00145033 0.00383838 0.049691 0.0246843 0.0160912 0.0614484 0.00703248 2.24738e-05 0.00200931 0.000624321 0.639402 2.01102e-05 0.00303538 0.0193418 0.00309243 0.00366424 0.00630017 0.0547194 0.00017215 0.00824073 0.00190189 0.00156261 0.0300417 0.0308258 0.00549997 9.25141e-06 
0.000510447 0.0314029 0.0244633 3.30075e-05 0.00748313 0.011083 0.115998 0.11707 6.29372e-05 0.00149804 0.00520979 0.00276015 0.000338549 0.00116972 0.53106 3.85563e-08 0.000282913 0.000691329 0.00196358 0.000538882 0.00162808 0.0858253 0.000213721 0.00449393 9.95944e-05 0.000605306 0.00174687 0.0495456 0.00222171 2.94402e-08 
1.86491e-06 0.00209925 1.8837e-05 0.00021921 0.00120655 0.0422933 0.0221602 0.0562356 3.91825e-09 0.00140016 0.0316571 0.00015897 0.118809 3.68073e-05 0.406409 2.53123e-05 9.09452e-05 0.00177813 0.0050344 0.00224178 4.21439e-05 0.0607409 0.00131672 0.0208193 0.000119747 5.05754e-06 0.00480238 0.0815894 0.138689 9.9687e-09 
0.00114889 0.0571462 0.0433894 3.53802e-06 0.00418187 0.0298339 0.192037 0.170052 0.00506113 0.012416 0.000622488 0.000155665 0.0033755 6.55196e-05 0.241194 5.54611e-09 6.67875e-05 6.98217e-05 0.00987661 0.00548512 0.0900259 0.00500679 0.00164027 0.0261373 0.000185884 0.00753023 0.00492148 0.0175702 0.0708001 5.97556e-08 
5.75828e-07 0.0152228 0.00104765 0.000199169 0.00021378 0.0180021 0.0416272 0.0579162 0.000610705 8.26819e-06 0.0110906 4.8495e-07 0.000187367 0.000599402 0.44853 2.09506e-08 4.95621e-06 0.0126464 1.21638e-05 2.20641e-08 0.0609894 0.000733534 0.00264323 0.00309557 0.0001796 0.156989 0.0052624 0.0504188 0.111769 1.73499e-07 
0.0159338 0.0200155 0.0052329 7.50811e-05 0.088353 0.0406988 0.0481866 0.0749079 0.00217347 0.00213125 0.0193987 0.00130449 0.0212126 0.00144581 0.21282 2.46589e-09 0.00176228 0.00365141 0.0143016 0.00133703 0.100642 0.0402785 0.00378127 0.0263216 0.00750905 0.008692 0.0173681 0.0824295 0.138016 2.06084e-05 
0.0681197 0.0337316 0.0151218 4.03297e-09 0.000669236 0.00156377 0.283068 0.00254013 0.00135988 0.0325874 0.0109066 0.000108093 0.00129759 0.00112184 0.347524 9.41789e-11 0.0119705 0.000298897 0.0475539 2.31302e-05 0.00200038 0.00135338 0.000472307 0.00210618 0.000554138 7.16086e-09 0.000424687 0.128319 0.00520317 2.35899e-07 
0.0047096 0.0102936 0.0180075 1.33919e-05 0.000695472 0.00424761 0.186869 0.000170395 2.40306e-07 0.0124886 5.90727e-06 5.79123e-07 0.000771163 2.49122e-10 0.733245 4.29995e-10 3.49383e-10 1.6363e-10 0.000137022 4.52849e-10 0.00729038 0.00141598 0.00909025 0.0022618 0.00018358 1.32726e-10 0.000323716 0.00068186 0.00709824 3.28328e-10 
0.0129135 0.0321321 0.00628297 3.73742e-06 0.00235274 0.0107845 0.0624621 0.0585693 0.00694012 0.00623365 0.000701747 0.000283308 0.00138568 0.00169027 0.594829 1.57142e-07 2.33824e-06 0.0013872 0.0942737 0.00270746 0.0244229 0.00341772 0.00313278 0.00231824 0.000171926 0.000602582 0.00582514 0.0343478 0.0298249 3.90339e-07 
0.0296726 0.0777243 0.0140961 0.000570609 0.0283038 0.0617714 0.23782 0.0086262 0.0048179 0.0187721 0.000833516 6.89265e-05 0.00156498 5.43732e-08 0.354129 9.38505e-08 4.58963e-06 0.000120245 0.000403186 0.000104825 0.00790804 0.00131858 0.0413467 0.0212199 0.0563034 4.42607e-05 0.000911687 0.00147272 0.0300694 7.16608e-08 
1.19092e-07 0.031903 2.80948e-06 2.02969e-06 0.00171897 0.0300721 0.0349582 0.281536 0.00207403 0.000850379 0.00364327 2.84593e-05 0.000610217 0.024043 0.418081 5.15528e-10 4.18882e-10 0.00201933 0.00577371 3.54169e-07 0.0715305 0.0179674 0.00114188 0.010564 4.1243e-07 0.00107074 0.0250814 0.0249056 0.0104215 3.93638e-10 
0.000152155 0.0891916 0.00148619 2.77458e-07 8.23184e-06 0.164921 0.110528 1.86459e-05 0.00408473 5.43462e-05 2.20345e-07 0.000563554 1.02246e-05 9.91833e-07 0.408357 1.71195e-06 1.39101e-06 0.00272993 0.000123504 0.017169 5.02237e-05 0.00123183 0.0035333 0.0123175 0.106417 1.85251e-05 0.00167432 0.00058812 0.0746759 9.02123e-05 
0.00689351 0.0307409 0.0243639 2.12933e-05 0.00151367 0.00882254 0.213899 6.21357e-05 8.24715e-07 0.0530141 1.06411e-05 0.0013198 0.00124233 2.29093e-09 0.591405 3.95425e-09 3.21294e-09 9.97674e-07 2.48583e-05 4.16441e-09 0.0284876 0.00227944 0.0146205 0.00723287 0.00385589 1.09174e-06 0.000510862 0.000563833 0.00911253 3.01932e-09 
5.59082e-10 0.000727536 0.00467878 3.11337e-07 1.67193e-05 0.0382142 0.0528386 0.00602036 1.55517e-09 0.00273532 0.00321418 2.98055e-09 0.0498634 9.4447e-07 0.627035 5.18178e-09 3.48869e-05 9.16704e-06 0.00107859 5.45719e-09 0.0395005 0.106983 1.09102e-06 0.000231315 0.0260979 2.13467e-06 1.28369e-07 0.0396323 0.00100501 7.88613e-05 
0.019314 0.012766 0.00945802 2.78695e-06 0.00318157 0.016757 0.0840961 0.214772 1.77426e-05 0.0746438 0.00339339 0.00103969 0.0065138 9.94717e-07 0.252772 2.60064e-07 0.000465113 0.000550396 0.00170566 0.00149646 0.0604892 0.162481 0.00339296 0.0267016 0.000243766 2.64363e-06 0.00111872 0.0285113 0.0141115 5.10195e-08 
0.000707635 0.00604556 0.000529033 9.15608e-06 0.0318645 0.0269778 0.139199 0.0277374 0.000206876 0.0013358 0.00941701 0.021324 0.00148989 0.00100779 0.352811 7.64461e-07 5.39356e-06 0.00761021 0.100662 0.00108184 0.102991 0.00228427 0.00327463 0.0167205 0.0831018 0.00676987 0.000987518 0.0283053 0.0255422 3.73817e-07 
3.15384e-05 0.0420836 0.000405667 0.000710335 0.00113655 0.0237776 0.0874214 0.178748 9.47121e-10 0.00182974 0.0134485 0.00021002 0.0319998 5.13724e-06 0.368134 0.00191279 0.00316302 1.83438e-05 0.00139616 5.27577e-05 0.00175592 0.197419 6.32164e-06 0.013004 0.0244126 3.6927e-06 0.000976056 0.00593182 5.93802e-06 2.40964e-09 
0.000278414 0.017586 0.000888675 4.18835e-07 0.00893154 0.00734082 0.0225669 0.159642 4.09319e-06 0.00221863 0.00155413 0.00128488 0.00700233 0.00157385 0.432418 8.33865e-08 0.194004 0.00343281 0.00334383 0.000407669 0.0130018 0.047791 9.2782e-05 0.0462113 0.000149065 1.63855e-05 0.000674504 0.0191956 0.00838286 4.72218e-06 
0.00860474 0.0173941 0.0316793 0.00330901 0.0662676 0.0280789 0.0674978 0.02566 0.00115197 0.0014115 0.0216204 0.00238548 0.00657086 0.000721639 0.424673 3.82052e-08 2.37007e-06 0.0111904 0.00331406 0.00155295 0.117052 0.0107898 0.00545757 0.00392555 0.0100102 0.0102576 0.00527139 0.0552594 0.0588891 5.6185e-07 
0.0012918 0.00640128 0.0171199 4.39414e-05 7.50152e-07 0.000329593 0.0201193 0.0645388 2.40556e-07 1.05596e-06 1.74465e-06 0.00016074 0.0430601 6.0659e-05 0.334827 8.5728e-10 6.96565e-10 0.015678 1.32608e-10 0.0102293 1.44969e-07 0.236933 0.206757 0.0352487 7.84788e-05 0.0010895 3.03264e-06 8.63162e-07 0.00602534 6.54587e-10 
0.00271435 0.00803915 0.000182292 3.12807e-05 0.00430738 0.133276 0.0222363 0.00279734 0.00543332 0.000211459 0.0387448 2.31962e-09 0.0534369 1.69783e-05 0.373147 6.13746e-06 1.62363e-06 0.000274868 3.32209e-06 0.00476013 0.0247853 0.00339812 0.00102462 0.0131141 0.000231331 0.0548076 0.00104638 0.0789086 0.173064 3.07925e-09 
0.000110648 0.00271331 0.000445568 2.86716e-10 0.0365452 0.00135806 0.0532369 0.00564033 7.66645e-07 0.0256704 0.000220945 0.000106525 0.0161506 1.64652e-05 0.786087 1.76907e-09 1.49426e-06 0.00779819 0.00110558 0.000825898 0.000613806 0.0370299 0.00203158 0.00133085 1.80082e-05 0.000409137 2.34669e-05 0.0142461 0.00626299 5.13446e-07 
1.38086e-05 0.00137119 0.00390515 1.34268e-05 0.265659 0.135211 0.0401478 0.0369144 0.00687418 6.93834e-05 0.000285458 2.36191e-05 0.00211434 0.00103887 0.344855 1.06724e-05 0.000166077 0.000387483 5.17116e-05 0.000315237 0.0507452 0.00232793 9.31811e-05 0.00187143 2.64807e-05 0.0119286 0.0221285 1.01283e-05 0.0708991 0.000541877 
3.97196e-05 0.0411741 0.00178697 6.60872e-06 0.00187431 0.0056288 0.11497 0.174137 1.08446e-07 0.00130446 0.001007 2.75277e-11 0.000251521 0.000129499 0.379901 4.78578e-11 7.31244e-10 0.000904707 0.0285589 0.000891845 0.117752 0.00472266 0.000286444 0.0424565 2.20959e-07 0.0163827 0.00504766 0.038097 0.0226879 3.65424e-11 
0.000552913 0.00445808 0.00186775 7.49543e-10 0.00386771 0.0350738 0.17391 0.185765 0.0102827 0.0125366 0.000403318 0.00269121 0.00812347 0.00875609 0.367493 0.00259086 0.0109258 0.00019342 0.0601525 0.000526547 0.0281958 0.0149405 0.0102035 0.0031206 0.000316113 0.00270904 0.00880018 0.0200325 0.0215107 1.7628e-07 
1.18429e-05 0.00145635 0.00282218 1.73326e-11 0.00949738 0.0011056 0.0193683 0.0177126 3.07042e-05 0.000489333 0.000454466 8.4052e-05 0.000342774 6.19592e-11 0.585462 1.06944e-10 8.68953e-11 1.20052e-07 0.000665743 1.12628e-10 0.23238 0.000134841 8.02436e-05 0.000529839 0.000348348 3.30104e-11 0.00753106 0.104526 0.0149643 1.24487e-06 
0.0399819 0.0136526 0.00102707 0.000225038 0.0174869 0.00542692 0.0341459 0.02134 0.000800101 0.0331176 0.00700228 0.000874369 0.00133147 0.000243614 0.667869 0.000103072 4.64474e-05 0.00651059 0.0331346 0.00165417 0.0235066 0.0431595 0.000727635 0.0090521 9.64681e-05 0.000103223 0.000438471 0.0295578 0.00733837 4.57156e-05 
5.17317e-09 0.018219 0.000953089 1.63782e-06 5.76851e-05 0.00146988 0.0466304 0.000307329 1.37593e-11 0.000106227 0.00161462 4.91238e-08 2.87795e-05 4.52533e-07 0.916924 8.63782e-10 0.00032711 3.23724e-07 0.000108155 4.82823e-11 9.52386e-05 9.88408e-05 3.5596e-07 0.00351548 0.00829552 0.000239492 0.000627748 0.000378255 4.18889e-10 1.17756e-08 
2.83197e-05 0.000269562 0.000176453 0.000130212 0.082045 0.0357937 0.00834029 0.00980232 0.000125688 0.00026552 0.141111 1.72724e-07 0.243626 2.57364e-05 0.257359 4.06345e-07 5.8342e-06 0.00076287 0.00438522 0.0204957 0.0578988 0.000998592 0.0108063 0.00305128 0.000122669 0.00942665 0.00423199 0.0658484 0.0428648 1.1201e-06 
2.41583e-05 0.00963069 0.000727887 0.0535674 0.00233801 0.0867115 0.131182 0.0228178 0.000200567 0.00069061 0.00937737 3.37265e-08 0.0436647 0.000112279 0.329034 5.86345e-08 2.64943e-05 0.00110387 0.000959091 1.25757e-05 0.00620139 0.00131267 0.00501741 0.00436898 0.000321482 0.000234013 0.0123332 0.0535296 0.223741 0.000758683 
0.000343401 0.00901612 0.00221682 7.98876e-06 0.00612285 0.0143873 0.152065 0.0455832 0.000622989 0.00270402 0.0200116 0.00154862 0.00374774 0.000790785 0.476616 7.69984e-09 0.00107796 0.000420516 0.00226478 2.26412e-05 0.140497 0.000833132 0.000157444 0.0143607 0.000164268 0.000677795 0.000678632 0.0235911 0.0794683 1.53869e-06 
0.00492311 0.0185947 0.0025664 0.000364189 0.00383063 0.0832451 0.203501 0.0665287 0.000438901 0.048647 0.0250445 0.0014638 0.00764954 0.00378243 0.205874 1.42591e-06 0.020727 0.0207538 0.0157257 0.00213517 0.0911378 0.00590996 0.0114123 0.0565171 0.0140652 0.010098 0.00187339 0.0495475 0.0236415 8.94086e-10 
0.00385133 0.0312718 0.0089356 9.63285e-08 0.0151643 0.000411729 0.160411 0.0231674 1.05295e-11 0.000372191 9.81847e-05 0.00229834 4.66565e-07 6.67851e-08 0.550645 3.50842e-11 1.65665e-06 1.39986e-05 0.00517018 3.69489e-11 0.0770419 0.000365743 9.86908e-08 0.00447059 1.27247e-08 2.66174e-06 3.95052e-08 0.108892 0.00741409 1.63303e-08 
0.0112988 0.0201383 0.0350038 4.21621e-05 0.0838516 0.00707031 0.101084 0.017991 0.00181819 0.00118572 0.00214457 0.0055979 0.00581761 8.78772e-05 0.392123 1.74366e-09 8.66296e-05 0.00893552 0.0279619 0.0019706 0.098741 0.00212461 0.00462711 0.00991098 0.00282307 0.00188084 0.00231589 0.111851 0.0414433 7.28897e-05 
0.017473 0.0187555 0.000369944 0.000642335 0.0470835 0.0106856 0.0418063 0.00239696 1.01752e-05 7.58413e-05 0.00199698 0.000403012 0.00560262 8.62666e-05 0.712168 4.07283e-07 6.34926e-05 6.11892e-06 0.0133263 4.80244e-05 2.5098e-05 6.40069e-05 0.0182087 0.000183372 5.75713e-05 4.3389e-05 0.0607374 0.0053335 0.0423386 8.43052e-06 
0.000766018 0.00503477 0.00144203 0.00032992 0.00201802 0.211109 0.0352695 0.0192015 0.000921239 0.000421191 0.0086434 6.37754e-05 0.0136893 0.000190161 0.547927 4.37629e-06 0.000171249 0.0108613 0.00615837 0.000404038 0.0141948 0.00485304 0.00577838 0.00497377 0.00132845 0.00555478 0.0056305 0.0451566 0.0478995 4.82606e-06 
0.00074661 0.0399574 0.0358755 3.58612e-05 0.0122111 0.00428284 0.0704157 0.0130349 6.92488e-05 0.000317716 0.00237233 1.60744e-05 4.56241e-06 2.50619e-06 0.657418 1.91356e-08 0.000127487 8.35851e-05 0.00498159 1.46255e-06 0.00111375 0.00010247 0.00304823 0.000923298 1.93694e-05 0.137663 1.07342e-05 0.00250905 0.0126555 1.46112e-08 
0.00394452 0.112899 0.0261627 1.31933e-05 0.000121227 0.00896616 0.0881749 0.0636461 2.78355e-07 0.0226037 9.87326e-07 0.000159894 0.0468102 0.000303218 0.486588 2.9456e-07 4.66394e-06 0.0481131 0.0119931 0.00148649 0.00872441 0.0600864 0.00102947 0.00193697 0.000750987 2.14408e-09 0.000111952 0.00476942 0.000598606 5.30388e-09 
0.0135059 0.0185951 0.0751284 6.43929e-05 0.0209085 0.0147202 0.159871 0.00727966 0.000992631 0.00392494 0.00608436 0.00171364 0.00165651 0.000242824 0.457197 2.86937e-11 0.000216297 0.0131009 0.0104108 0.00223969 0.0215504 0.00601356 0.00170057 0.00855184 0.000418353 0.00039188 0.000793611 0.105415 0.0473125 2.19094e-11 
0.0309931 0.0161283 0.000737684 8.47683e-05 0.0155148 0.114916 0.129747 0.0234383 3.25982e-06 0.00147209 0.00582485 2.8535e-05 0.03788 0.000307817 0.314384 6.41606e-09 2.1712e-06 0.00136247 0.0125114 0.000170998 0.0469607 0.0606244 0.00619733 0.0765328 0.00710678 0.000141587 0.000277398 0.0744418 0.0222066 3.82723e-06 
0.000617696 0.00556365 0.0163819 0.0006553 0.00323142 0.123912 0.150579 0.040745 0.000821328 0.0370653 0.023812 4.94924e-05 0.131939 0.000150629 0.170128 0.000200033 1.42514e-05 0.0348674 0.0140601 0.0342905 0.00265877 0.0752181 0.00303596 0.0203598 0.068779 0.00276949 0.0296923 0.00559268 0.00275939 4.98142e-05 
0.000687862 0.00876706 0.00653385 0.000759427 0.10024 0.0785191 0.051697 0.0253002 0.00296664 0.00263466 0.0356947 0.00280385 0.0132288 0.00195836 0.168385 1.39916e-06 0.00018802 0.00452544 0.0121288 0.00293798 0.118623 0.000923883 0.000548543 0.00733893 0.00578106 0.125691 0.0457205 0.104536 0.0708769 2.96622e-06 
0.000828059 0.0449443 0.00337648 7.1792e-05 0.00920608 0.0712016 0.118183 0.013894 2.37265e-07 0.0317056 0.00086442 4.54731e-07 0.00503594 0.0184404 0.45041 7.90563e-07 6.42356e-07 0.000949692 0.00087282 0.000377211 0.00293512 0.00885134 6.23893e-05 0.0578793 9.74028e-05 0.000736617 0.000327468 0.0101478 0.148598 6.03645e-07 
0.0106033 0.00726386 0.00894262 0.00146622 0.0942457 0.0178263 0.0489556 0.038493 0.0175026 0.00168072 0.026816 0.0013517 0.00130018 0.00111974 0.204737 1.28543e-06 0.00131838 0.00783499 0.031256 0.00384037 0.178106 0.00569647 0.00171405 0.099178 0.000348408 0.0141835 0.0407504 0.0752763 0.0581377 5.31914e-05 
0.009661 0.0399392 0.00696589 3.07217e-05 0.0080546 0.0171778 0.0671994 0.0340479 0.0051005 0.00355288 0.00862108 0.00104397 0.0142783 0.00225882 0.621597 0.00112967 0.000291213 0.00394589 0.0353765 0.00090458 0.016739 0.0116773 0.0047055 0.0103419 0.00310474 0.000776626 0.00662435 0.0482862 0.016565 2.21045e-06 
0.00218761 0.0547722 0.0334451 0.000158779 0.0104921 0.0261694 0.182773 0.0831775 0.000127306 0.00204404 0.000958171 0.00212429 0.0631865 0.000529422 0.290065 5.56752e-06 0.000623938 0.000530118 0.0399165 0.000824217 0.0424147 0.0166812 0.00625534 0.00350189 0.0153478 0.000271893 0.0170333 0.0530023 0.0513795 1.09002e-06 
0.000179895 0.0225457 0.000189672 0.022095 0.0029227 0.000635571 0.207496 0.0921939 2.1211e-05 0.0350145 0.00842451 0.000208123 0.0062631 5.97564e-06 0.367122 4.31761e-06 0.0459177 0.000926796 0.00287031 0.000177492 0.0955642 0.00347618 0.0128491 0.0422695 0.000751662 0.00208896 0.000986958 0.0140395 0.0127366 2.32178e-05 
0.00619719 0.0208652 0.0115723 2.46317e-05 0.0447937 0.00278006 0.103605 0.0211925 0.00686926 0.00407343 0.00127787 0.000955017 0.00960575 0.00492944 0.517633 1.17336e-05 0.00163465 0.00106032 0.00156533 0.00155546 0.0153866 0.0224102 0.000826696 0.102173 0.0301664 0.000655237 0.00708256 0.0444106 0.0146737 1.32432e-05 
0.00414596 0.0298074 0.0485652 0.000195483 0.0199901 0.0424374 0.132675 0.0255818 0.0185293 0.0163785 0.00601439 5.82224e-05 0.00998005 0.00364526 0.339838 0.00104744 8.02728e-05 0.00053108 0.00514585 0.00062581 0.00792672 0.104581 0.00689316 0.0643142 0.025227 0.00169972 0.0137758 0.00861531 0.00969052 0.0520044 
0.000757739 0.0161781 0.00767171 1.08483e-05 0.00950659 0.0238999 0.070295 0.0355688 9.92534e-05 0.000658872 0.00628137 0.00284136 0.000156436 7.05396e-07 0.703462 7.66901e-11 0.000968652 0.000952186 0.00109246 0.000226949 0.0457307 0.00519348 0.00124766 0.0129402 6.05635e-05 0.00140882 0.000852973 0.0278998 0.0240368 2.62624e-08 
0.000422104 0.0189876 0.0120722 2.77889e-06 0.00437093 0.0177268 0.0506742 0.033483 8.36308e-05 0.000373509 0.0133029 0.00131647 0.00486583 1.83771e-05 0.626118 3.24002e-09 0.00467844 0.00105492 0.00467481 0.00096617 0.0768719 0.00238857 0.000424 0.00785418 7.5007e-05 0.000219682 0.00051707 0.0547379 0.0617184 5.52747e-07 
0.000768293 0.00684021 0.00256911 1.26632e-09 0.0165216 0.0164028 0.0223207 0.0102727 1.13884e-07 0.000558083 0.000825838 0.00465977 0.000982145 6.26825e-07 0.392106 1.33999e-10 7.72546e-09 0.00204043 0.00309718 8.0316e-08 0.192617 0.000612838 0.000315113 0.00964655 0.000112897 6.09123e-05 0.0376757 0.111327 0.167666 2.58654e-08 
0.000248492 0.0142797 0.00101947 8.96026e-07 8.77863e-09 0.0062106 0.274648 0.0876137 5.02863e-05 0.00149043 0.0142523 4.99671e-06 0.0435058 2.76192e-08 0.420278 8.7958e-06 3.87349e-08 5.87154e-06 2.93001e-05 5.02057e-08 0.0173248 0.0246153 0.0531903 0.0095304 3.4884e-05 1.37672e-05 0.0161333 0.00885009 0.00666007 3.64006e-08 
0.000373748 0.000434038 0.000444866 1.51386e-05 0.00899068 0.0628995 0.0117548 0.0267338 0.00216373 8.85335e-05 0.00325793 5.34164e-06 0.00140043 0.000134639 0.488068 3.78339e-09 2.29445e-06 0.000437398 0.00474849 3.79758e-07 0.0783695 3.89014e-07 0.000921817 0.00192469 2.44282e-06 0.0942556 0.0822681 0.0187318 0.111572 2.88886e-09 
1.2062e-05 0.00318907 0.000191403 5.53106e-09 0.000681481 6.69392e-05 0.0225931 0.0393198 6.43443e-07 0.00329666 0.000115309 1.74016e-07 2.75902e-05 0.00159943 0.911973 1.13222e-09 0.000236354 2.97384e-05 1.75506e-05 0.000493856 0.00125439 0.00522851 3.03008e-07 3.31815e-07 2.66074e-08 3.49482e-10 0.000267439 0.000385956 0.00901865 2.94269e-08 
0.000644516 2.15992e-05 0.0019697 3.19754e-06 0.00877003 0.0665068 0.115525 0.0335548 0.00924669 0.000457342 0.000240183 0.00240385 0.0493775 0.00111855 0.401192 9.11301e-08 3.10245e-06 0.00278276 0.03846 0.000152532 0.0864078 0.00123946 0.00710302 0.0394905 0.000392681 0.00234013 0.011656 0.0313593 0.0875672 1.36317e-05 
4.71599e-07 0.150231 0.00535992 0.000122559 0.00186175 0.0536566 0.0562067 0.113578 0.0123162 0.00333827 0.00416421 2.80395e-09 0.016905 0.00680002 0.187159 4.87475e-09 0.00111997 0.071255 6.95232e-06 1.74925e-06 0.0295383 0.0584412 0.0187697 0.0787626 0.00187172 0.0377572 0.00538777 0.0389513 0.0458663 0.00057109 
6.12576e-08 0.00624656 0.000373838 1.41973e-05 0.00135536 0.0152609 0.0747221 0.00795359 1.52743e-11 0.000750911 0.0170848 4.46013e-06 0.00128997 4.16259e-08 0.831363 5.08935e-11 1.45275e-05 0.00225568 0.000377499 3.82742e-08 0.00235489 0.000735831 4.85546e-07 0.00213307 0.0318729 0.000496352 0.00134605 0.00198507 6.52457e-06 1.76879e-06 
5.07609e-05 0.00397595 0.001083 6.00199e-08 0.000233438 0.0015909 0.10954 0.00170231 8.01533e-06 7.60837e-05 0.000735234 1.07856e-07 0.0287545 0.000196296 0.643123 6.06539e-09 1.89521e-10 2.30822e-06 0.00142647 1.47808e-07 0.00471062 1.16213e-05 7.69982e-11 0.00110838 3.952e-07 0.000312516 0.000452292 0.139102 0.0618033 1.78099e-10 
0.000105207 0.0109906 0.00175024 1.294e-08 0.0276047 0.0437319 0.0147256 0.0559583 0.000775348 0.000815778 0.00242393 4.77536e-05 0.00562528 0.0197651 0.240504 1.4923e-09 2.25487e-07 0.00130798 0.0723997 0.00043725 0.124744 0.011948 0.0290105 0.0469108 7.46974e-05 0.000216747 0.0435984 0.0819353 0.162575 1.73623e-05 
5.8303e-07 0.00184459 0.00566679 8.26145e-07 0.000536584 0.0192194 0.0121707 0.00111185 5.74573e-06 1.5951e-05 1.93628e-05 3.39394e-07 0.000438246 0.0300389 0.800184 5.90047e-07 7.72897e-06 8.73406e-06 1.57211e-05 3.55551e-05 0.0386242 9.42993e-06 0.0244132 0.000679294 2.62636e-07 0.0254413 0.000145628 0.0268795 0.012485 4.50538e-07 
6.70873e-05 0.00547316 0.000921573 6.53239e-05 0.0294327 0.211723 0.0556733 0.0222547 1.19326e-05 0.000281862 0.0170252 4.80831e-05 0.00964748 6.52522e-05 0.467066 8.07131e-09 1.97725e-06 0.00106383 0.00233662 0.000258624 0.0163976 0.0318579 0.0253315 0.00222819 0.00673324 0.000810059 0.00236452 0.0618057 0.029051 2.40586e-06 
