0.0528837 0.0544939 0.0354172 9.98361e-08 1.13434e-07 0.0526011 0.0750823 0.0558687 0.00406446 0.0261538 7.92854e-08 0.000220651 0.000195592 3.56886e-07 0.0934173 6.16e-07 0.461461 2.34412e-07 0.00188823 6.4874e-07 1.31788e-05 0.0490773 7.02829e-05 3.90863e-05 0.0150355 3.48081e-05 8.67274e-08 0.0219792 6.63352e-08 4.70355e-07 
0.000630107 0.0415838 1.62229e-05 4.62863e-05 0.0177175 0.0314326 0.133897 0.0186957 0.00152332 0.0123126 0.0139586 0.000171605 0.0532392 0.00116675 0.0464754 0.00120198 0.19082 0.00134447 0.159577 0.00250164 0.0438305 0.013158 0.0906781 0.0093849 0.00856477 0.00242102 0.0380063 0.0236234 0.0420171 4.11961e-06 
0.0171452 0.0778176 0.00211439 0.0012779 0.0471473 0.00527014 0.0318139 0.0273799 2.66673e-05 0.0047226 0.0139252 0.0228644 0.00142274 0.000110419 0.0139535 1.15865e-08 0.424469 0.0427423 0.00300739 0.00287032 0.0159915 0.095916 0.00336166 0.0777516 0.00106057 0.00761663 0.0015859 0.0346309 0.0219881 1.58943e-05 
0.000336187 0.0162625 0.00105799 1.81586e-06 0.0113315 0.260339 0.039973 0.0249632 0.00122411 0.0169441 0.0388802 4.74254e-05 0.0156982 1.78309e-08 0.000989175 1.53386e-10 0.368087 0.00156859 2.67024e-05 1.13992e-07 0.0663141 0.000153313 0.014993 0.00854762 0.000583393 4.77054e-05 0.0433806 0.0353917 0.0328579 1.91158e-08 
9.26075e-07 0.00829835 0.000234901 4.00972e-07 0.000291449 0.029378 0.00187487 0.00271331 0.0114014 0.0016302 0.0858927 3.63918e-10 0.023356 1.33845e-06 0.000470923 6.32682e-10 0.57031 0.000107714 0.000333409 1.66624e-05 0.00307347 0.155069 0.0153725 0.00339058 0.000198755 0.00640795 0.040281 0.0261244 0.0137032 6.62557e-05 
0.000613068 0.00372777 0.000627346 4.58563e-09 0.000329335 0.0268611 0.00834577 0.000166269 0.000204193 0.00538648 0.0255974 9.02521e-09 0.00795899 2.25182e-06 3.25973e-06 1.56906e-08 0.891901 1.74855e-05 0.00306813 1.65245e-08 0.000551346 0.000239782 0.000702424 0.00555025 0.000235617 0.00323137 0.00466106 0.0090167 0.00100181 5.8738e-08 
4.23833e-05 0.00135802 0.000864151 0.00205947 0.00108797 0.0248119 0.00277638 0.00167876 0.00821798 0.000144082 0.0574403 9.74369e-06 0.00106996 4.52307e-05 0.00171247 6.25309e-08 0.597745 0.000274483 0.00560156 3.57541e-06 6.87662e-05 0.000287997 0.000790501 0.0198402 0.263588 0.00597955 0.00238454 7.34094e-05 2.20441e-05 2.18015e-05 
4.87256e-10 8.11456e-10 1.59546e-09 7.31925e-10 6.14209e-06 6.6976e-06 3.23313e-06 0.303367 0.0181244 1.78623e-09 5.70834e-06 4.11778e-06 2.91714e-05 5.29326e-05 1.2144e-09 4.51606e-09 0.561942 1.50656e-05 5.1122e-06 4.75609e-09 0.10082 1.09158e-09 1.27886e-06 9.07758e-07 2.01015e-09 3.72203e-06 0.00643958 0.00916366 8.70605e-06 3.4483e-09 
5.23115e-07 0.000421401 1.04539e-06 7.48837e-09 0.000126662 0.0470844 0.00086242 0.00254867 4.92618e-05 0.000503215 0.0168538 1.62381e-05 0.259634 0.000569071 0.00379484 7.32627e-05 0.535585 4.02502e-07 0.000858989 0.00124216 0.00770033 0.000678235 0.000756566 0.00438601 0.00075497 0.000310566 0.00938038 0.0152819 0.090526 7.36518e-08 
0.00147444 0.0111178 0.045979 0.000995541 0.00314058 0.02478 0.0399853 0.00981496 0.174427 0.00349181 0.0653003 0.000800122 0.0456002 0.000291833 0.0226166 1.52044e-09 0.216751 0.00168659 0.067642 9.7743e-05 0.010502 0.00357759 0.00290909 0.0398643 0.167267 0.0164044 0.0160164 0.00148849 0.0059741 3.16633e-06 
0.00431477 0.00750378 0.0022176 2.01883e-05 0.00578621 0.0520874 0.117975 0.13743 0.000143939 0.0123372 0.0361695 0.000126302 0.00381642 0.00303672 0.00868195 3.67953e-07 0.274785 0.000541507 0.0223355 8.51166e-06 0.0285097 0.00129295 0.0300437 0.0875436 0.00012536 0.00136005 0.0120349 0.108614 0.0411572 1.00169e-06 
0.0116564 0.0447064 0.00629617 6.48161e-05 0.00269651 0.005668 0.140932 0.028408 3.15924e-10 0.0368055 0.0014604 0.00577426 0.00110838 1.78714e-08 0.0245948 0.098933 0.519628 3.82568e-06 0.000479047 0.000166026 0.0136505 0.00487092 0.0287466 0.00451219 0.000750149 1.74598e-06 0.00309446 0.00387248 0.0111193 1.72688e-08 
0.000524082 0.0631739 0.0039514 6.26335e-08 0.00414653 0.153281 0.160197 0.0324422 0.00178539 0.0156056 0.00206376 2.16848e-07 0.00125096 4.23839e-05 0.0095729 9.99771e-05 0.215506 0.000598542 0.123151 0.00300514 0.00704061 0.00293599 0.00013317 0.00187114 0.00132826 0.00480229 0.0903115 0.100965 0.000182395 3.10695e-05 
4.77272e-05 0.000471043 0.000214806 2.55436e-05 0.000521705 0.00285362 0.00651946 0.14014 6.87624e-07 0.000694085 0.0268572 1.31787e-06 0.00102448 1.3274e-06 0.299347 2.29115e-06 0.391071 8.71872e-07 9.59254e-05 2.41292e-06 0.000364695 6.68769e-05 0.00381323 0.0019314 1.01981e-06 0.000363789 0.00118566 0.000958324 0.121421 1.74944e-06 
0.0180484 0.232786 0.000761799 1.03432e-05 0.00798336 0.00323694 0.0212652 0.00428385 0.0152262 0.00160002 0.0433633 4.28872e-06 0.0273148 0.00124866 0.00787938 7.51797e-05 0.44422 2.38222e-05 0.0227413 0.00268347 0.00383554 0.06531 0.0062033 0.0120296 0.0339649 8.21838e-05 0.0165903 0.00433248 0.0028942 5.00206e-07 
0.000157088 0.102818 0.00430487 1.80955e-05 1.71282e-05 0.020639 0.0740745 0.000374976 6.21451e-07 0.0456063 0.00511842 4.39857e-05 0.0171116 1.607e-09 0.0033213 9.88586e-05 0.701234 0.000528738 0.00242829 2.92118e-09 0.000625986 0.00881217 8.41282e-06 0.00104412 0.0010655 0.00517338 0.00500618 3.76462e-06 0.000365369 2.11794e-09 
0.251097 0.00208397 9.74796e-07 6.52939e-08 2.95789e-06 0.0251263 0.00267571 0.018213 0.0221954 0.0152701 0.0706431 2.11973e-07 1.39382e-06 2.09526e-07 0.0206878 9.67327e-08 0.254237 6.68531e-05 0.0140975 2.72364e-06 0.121042 0.0235034 0.00405657 5.46581e-06 0.00070487 1.20157e-06 0.117038 0.0338609 0.00337759 6.50729e-06 
0.00268385 0.00891019 0.00462142 0.000693445 0.00260987 0.0293066 0.00698118 0.00318016 0.0108985 0.00327108 0.300877 0.00261605 0.00377409 0.214185 0.0017762 5.47892e-07 0.300963 3.74358e-05 0.00527853 5.77012e-07 0.000145247 0.0166122 0.00199385 0.037796 0.000186323 0.00870289 0.00237699 0.0253536 0.00168652 0.00248064 
0.00217751 0.010039 0.000698986 0.116655 0.025664 0.062188 0.0257012 0.0190089 0.015702 0.00890517 0.102368 1.83741e-05 0.00538847 8.42473e-05 0.0193013 1.40388e-10 0.16137 0.00814388 0.00533866 1.21964e-05 0.0753346 0.0113396 0.000878481 0.0412143 0.00505557 0.00765629 0.100399 0.14298 0.0263548 2.30574e-05 
3.45415e-07 0.0601758 1.13102e-06 5.18861e-07 0.00120155 3.74452e-06 3.88933e-06 5.15923e-06 9.73404e-07 8.81228e-06 6.80735e-06 1.84146e-06 1.01954e-05 2.24347e-06 4.39008e-06 0.00025925 0.582817 1.21827e-06 2.49289e-06 0.000111235 0.00351085 0.000563148 0.349295 2.44154e-06 1.64493e-05 9.88182e-07 0.00183162 0.000147994 1.06805e-05 2.86071e-06 
0.000648753 0.00485389 0.0838364 1.1656e-05 5.15489e-05 0.0454313 0.00999554 0.00379782 0.000651532 0.0174538 0.0489765 3.07144e-05 6.0851e-05 1.07836e-06 5.00514e-07 1.86129e-06 0.329659 0.0109778 0.00139498 0.008561 0.000184278 0.326273 3.41741e-05 0.0918275 0.0130839 0.000230766 0.000221767 0.00125853 0.000129962 0.000360323 
5.78272e-06 1.73589e-06 2.17718e-06 1.45851e-07 0.00570349 0.0119871 0.00134308 0.256458 0.0683204 1.58709e-07 0.0212817 8.9845e-05 0.0119368 0.00128097 1.25078e-06 2.33475e-09 0.28992 0.00192397 0.000867818 2.45884e-09 0.149411 4.3262e-07 0.000247748 0.00230499 1.23969e-07 0.00084038 0.0168258 0.127052 0.0321926 1.07223e-07 
0.00125065 0.00153252 3.67468e-06 0.0157199 0.00608351 0.00752447 0.0337021 0.0490012 2.10862e-06 0.000119047 0.169338 0.000626824 0.0771914 2.10338e-05 0.0119518 9.15212e-09 0.226269 0.0200716 0.000600416 0.000285881 0.00403208 0.00552257 0.0696732 0.00658154 0.0293464 0.000187784 0.0362783 0.19594 0.0311411 1.44282e-06 
0.00137197 0.00507117 0.0234863 4.76277e-05 0.000388816 0.0143684 0.00301004 0.000395983 0.00140603 5.26581e-07 0.0228116 0.000754286 0.00666654 1.84883e-06 0.000330314 8.67399e-06 0.389424 0.0516454 0.0360557 1.03071e-08 0.188918 0.000820684 0.00177259 0.0800861 0.000591243 0.0104848 0.00314759 0.149518 0.00741622 3.13708e-07 
0.0068722 0.00383611 0.00102858 0.00514481 0.00316733 0.0117832 0.00788639 0.00386119 0.0013349 0.0012257 0.0110533 0.000270819 0.00182415 6.42388e-05 0.000681523 1.31097e-06 0.903259 0.00185474 0.00159179 1.95259e-05 0.0063222 0.000416905 0.00109759 0.00404963 0.00119592 0.00717604 0.00302177 0.00674655 0.00318989 2.27212e-05 
0.00555874 0.00457388 0.00166667 0.000105902 0.00619496 0.0531982 0.061839 0.0688178 0.00209271 0.0398242 0.0150357 0.000119355 0.0249895 0.000348139 0.0211851 2.08531e-05 0.307944 0.0099248 0.00511613 0.000451217 0.0833982 0.00475545 0.00651113 0.0197631 4.67914e-05 0.000497306 0.00747012 0.196085 0.0524659 2.10574e-07 
2.86151e-07 2.98953e-06 2.83349e-07 5.12767e-08 7.54457e-06 0.00410455 1.97141e-05 1.85264e-05 9.88849e-08 0.00116218 7.73399e-06 3.94654e-06 0.000607482 3.04725e-07 0.000103304 3.16383e-07 0.893897 1.20396e-07 6.73017e-07 3.33199e-07 3.47111e-05 0.0833522 1.95783e-05 0.00311131 2.04103e-05 1.31118e-06 0.00980111 1.11048e-05 0.00371066 3.71604e-07 
3.04818e-05 0.0268858 0.0134454 8.10503e-11 0.000583468 0.00218477 0.00781423 0.00011988 0.000496178 8.66004e-05 0.0326383 8.26176e-06 0.0710947 3.18536e-07 0.0205276 2.2797e-10 0.70558 0.0294653 2.20588e-05 2.40086e-10 0.0721137 0.000485224 0.000294691 0.00157398 0.00567597 0.000768974 0.00581234 0.00196885 0.000323063 1.81777e-08 
7.84243e-07 0.0181395 5.43722e-07 5.67545e-09 1.54135e-05 7.34284e-06 3.60509e-05 0.0926021 8.95222e-05 0.0227185 0.00242406 0.0491722 0.0565134 3.73015e-07 0.00809697 3.50182e-08 0.4996 1.55609e-05 0.197578 0.000311992 6.36529e-05 0.000306149 3.89928e-05 0.0160459 0.00511031 3.76897e-06 0.00884143 2.11727e-05 0.0221773 6.90417e-05 
0.010199 0.00325749 0.00192004 3.86343e-06 0.0270292 0.100685 0.0577053 0.0114943 0.00154616 0.0149342 0.0367844 0.000790496 0.115533 0.00055823 0.0192712 4.70456e-08 0.171353 0.0154242 0.165801 0.000181087 0.027032 0.0105691 0.00555695 0.024781 0.00747301 0.000451825 0.0189956 0.0748592 0.0758098 1.2545e-06 
0.000609792 0.00207175 0.000610633 3.10951e-07 0.00244257 0.00614558 0.00495364 0.000495536 7.94256e-05 0.000354974 0.0070608 1.56234e-05 0.00144599 7.44862e-07 0.00672719 5.80229e-11 0.92756 0.00127746 0.000143956 3.22185e-09 0.0205213 8.27617e-07 0.000433428 0.00457414 0.000173126 0.000100452 0.00177871 0.00532475 0.00509741 1.23975e-07 
2.86151e-07 2.98953e-06 2.83349e-07 5.12767e-08 7.54457e-06 0.00410455 1.97141e-05 1.85264e-05 9.88849e-08 0.00116218 7.73399e-06 3.94654e-06 0.000607482 3.04725e-07 0.000103304 3.16383e-07 0.893897 1.20396e-07 6.73017e-07 3.33199e-07 3.47111e-05 0.0833522 1.95783e-05 0.00311131 2.04103e-05 1.31118e-06 0.00980111 1.11048e-05 0.00371066 3.71604e-07 
0.0532136 0.064005 0.0106968 0.000152104 0.157553 0.00511031 0.154482 0.055697 0.0010441 0.0318618 0.00130396 6.49112e-11 0.000163373 1.51966e-06 0.00129774 1.1285e-10 0.17804 1.58284e-06 0.151229 1.48469e-08 0.0446584 3.8791e-08 0.00595171 0.0288812 0.0022729 0.00670775 0.0190877 0.0209987 0.00555932 2.91241e-05 
0.0855231 0.00599589 0.00453602 5.85565e-07 0.00883189 0.00909407 0.0526567 0.0593375 0.00402939 0.00970822 0.000527376 0.00268786 6.96069e-06 0.00174006 0.00254833 1.62843e-07 0.282467 2.12189e-06 0.1868 0.00102147 0.00223023 0.0151711 0.0187159 0.198598 7.24832e-08 0.000334684 0.015393 0.00350877 0.0284542 7.9683e-05 
0.000159972 8.08564e-05 0.000193641 1.00154e-06 0.0276059 0.00270951 0.0101288 0.0787154 1.55806e-08 0.00209176 0.000751921 1.96648e-05 0.0271415 0.000324605 0.258185 5.19144e-08 0.382189 0.000590562 0.00214735 7.60393e-06 0.00549466 0.0242056 9.90774e-06 0.101652 8.98004e-05 2.51413e-06 0.000952428 0.0669713 0.00756978 8.32469e-06 
0.00146983 0.00710203 0.000510766 1.2011e-05 0.00133537 0.0284032 0.0148821 0.0362212 0.00116469 0.0599008 0.00651884 0.00111389 0.00331838 1.62439e-05 0.00754251 4.39315e-06 0.659254 0.000616629 0.0106371 2.24811e-06 0.0671902 0.00504032 0.00172647 0.0150591 7.03586e-05 0.000887371 0.0069003 0.011894 0.0512043 1.09622e-06 
0.00337891 0.00871248 0.0015774 0.000252604 0.00021644 0.144423 0.0238486 0.0143441 0.0176148 0.0026517 0.0963595 5.39701e-05 0.00440465 0.00699514 7.78651e-05 1.46148e-06 0.526195 0.00230129 0.0331079 0.00907111 0.00521915 0.00889148 0.00795887 0.0280786 0.000144916 0.00860118 0.0228339 0.0163556 0.00631272 1.56103e-05 
0.0251661 0.0321169 0.00099025 6.03469e-09 1.28364e-05 5.84365e-06 0.0298645 0.00234714 1.84139e-08 0.12319 2.2385e-05 0.000219947 5.46057e-06 2.45161e-07 0.00478346 3.72347e-08 0.779886 1.41693e-08 0.000251503 3.92137e-08 5.85367e-05 2.12327e-05 3.32539e-05 1.24425e-05 3.48068e-05 2.18066e-06 1.3949e-05 0.00093678 2.45837e-05 2.67855e-07 
0.000757423 0.0121857 0.00384284 7.57606e-05 0.0148126 0.169987 0.0744301 0.0429246 0.0117642 0.00186825 0.0236304 4.35235e-08 0.00809663 0.00113072 0.0283174 0.000502722 0.211893 0.00227869 0.0339142 0.0011582 0.0267308 0.00757641 0.0117009 0.168995 0.000472951 0.0315839 0.066456 0.0299623 0.0129412 1.0393e-05 
0.00224723 0.00614436 0.00318289 2.80224e-05 0.00252185 0.0151553 0.0154368 0.000783564 0.0774671 6.61756e-05 0.0738278 8.87038e-05 0.0023118 2.21093e-06 0.0267419 1.36957e-08 0.495738 0.0436449 0.0453523 1.44236e-08 0.0454865 0.00564444 0.00121798 0.0307669 0.000492728 0.00269771 0.000981658 0.0912553 0.0107155 4.58713e-07 
0.010199 0.00325749 0.00192004 3.86343e-06 0.0270292 0.100685 0.0577053 0.0114943 0.00154616 0.0149342 0.0367844 0.000790496 0.115533 0.00055823 0.0192712 4.70456e-08 0.171353 0.0154242 0.165801 0.000181087 0.027032 0.0105691 0.00555695 0.024781 0.00747301 0.000451825 0.0189956 0.0748592 0.0758098 1.2545e-06 
0.00460178 0.0340803 0.0101058 6.05347e-07 6.05319e-07 0.00357238 0.0216157 6.05385e-07 6.05167e-07 0.00260229 6.0539e-07 0.00248034 6.05266e-07 6.04806e-07 6.05208e-07 6.0426e-07 0.89914 6.05063e-07 6.05357e-07 6.04192e-07 0.00339095 0.00326893 0.00187651 0.00653888 0.0066554 6.1121e-05 6.05374e-07 6.05474e-07 6.05418e-07 6.04567e-07 
7.12816e-05 5.62865e-06 1.05533e-05 2.60513e-06 0.00190615 0.0118225 0.0116681 0.00568053 2.18306e-08 3.45337e-05 0.000607321 0.000272217 0.010718 0.000628184 0.00104871 4.76365e-08 0.387958 2.83768e-05 1.20333e-06 5.01683e-08 0.000804799 3.01942e-05 0.00962957 0.0939984 2.62419e-05 0.000669926 0.380061 0.0592095 0.0231035 3.39388e-06 
9.01338e-06 1.50105e-05 2.95132e-05 1.35393e-05 1.53835e-05 1.10302e-05 5.99591e-06 1.10722e-05 0.0476618 3.30421e-05 1.07523e-05 4.80517e-05 1.87151e-05 4.83993e-05 2.24643e-05 8.35393e-05 0.692424 3.179e-05 0.0310261 8.79794e-05 8.9756e-06 0.228193 2.75774e-05 1.04307e-05 3.71842e-05 2.5786e-05 1.17616e-05 5.34031e-06 8.9961e-06 6.37875e-05 
2.27207e-07 1.06226e-05 1.23949e-07 1.61599e-08 0.00251811 4.11674e-06 0.000230855 0.0262584 5.88012e-05 3.27743e-05 1.20328e-05 0.00594069 8.93657e-06 1.15284e-07 8.73503e-06 9.97083e-08 0.954858 3.79429e-08 7.76594e-07 1.05008e-07 0.00958749 2.41004e-08 2.31972e-05 8.55901e-06 2.58592e-05 0.000352068 1.0464e-05 1.84563e-05 3.03087e-05 1.36728e-07 
0.000157088 0.102818 0.00430487 1.80955e-05 1.71282e-05 0.020639 0.0740745 0.000374976 6.21451e-07 0.0456063 0.00511842 4.39857e-05 0.0171116 1.607e-09 0.0033213 9.88586e-05 0.701234 0.000528738 0.00242829 2.92118e-09 0.000625986 0.00881217 8.41282e-06 0.00104412 0.0010655 0.00517338 0.00500618 3.76462e-06 0.000365369 2.11794e-09 
2.6989e-05 0.00906202 1.17436e-05 2.68732e-08 0.00152946 0.000285752 0.000790898 0.00812158 4.2765e-07 0.000237077 0.121236 0.00977367 0.0101949 6.61919e-08 0.000558831 2.47476e-06 0.795362 2.93457e-06 1.63175e-05 1.42949e-05 0.00450552 8.5506e-05 0.017438 0.000294248 0.0154498 0.00040865 0.00328335 0.000574188 0.00073232 6.96341e-08 
9.08478e-07 0.0065095 0.00453054 9.5077e-08 1.00054e-05 0.0421241 0.000219354 0.000354137 1.81668e-07 3.90035e-05 0.00817957 1.29626e-05 0.0459706 5.13008e-07 0.115262 5.88342e-05 0.550911 2.23238e-07 0.003767 8.37021e-06 0.025964 0.00101383 0.137096 0.00327405 2.61879e-05 4.25088e-06 0.0390351 0.0093067 0.00632087 6.33331e-07 
0.0342136 0.00241189 0.0118221 0.00128864 0.0269938 0.0158151 0.0152482 0.00848779 0.000645765 0.0115443 0.016271 0.00176145 0.0059561 0.000235809 0.00158004 2.27597e-06 0.687853 0.00944733 0.0325534 0.000472846 0.00983479 0.0178891 0.00111521 0.0291099 0.000122093 0.00398018 0.00244999 0.0295307 0.0213394 2.43107e-05 
0.0276188 0.0257544 0.0124736 0.00635253 0.0196896 0.0203707 0.0487325 0.0338021 0.00447862 0.0507257 0.0253861 0.00751992 0.010709 0.00102391 0.00202376 6.71714e-08 0.515197 0.00919743 0.0314724 0.000628358 0.0117518 0.0238235 0.00372776 0.0348413 0.00206908 0.0043885 0.0107198 0.032628 0.0228324 6.13939e-05 
0.00815217 0.082376 0.012314 0.00120113 0.00105519 0.0549222 0.141178 0.0153708 0.000885949 0.0368437 0.00685354 0.000165278 0.0419396 0.000200472 0.00534387 0.000175031 0.40209 0.000640964 0.044223 0.00045892 0.0138861 0.0105009 0.00568497 0.00718538 0.0495131 0.00938914 0.0377171 0.00204055 0.00769257 2.39144e-07 
0.0689244 0.00730696 5.69567e-05 8.07374e-10 1.07765e-05 5.30816e-06 0.00711915 0.000557334 0.000211481 0.0283719 2.64826e-05 4.85539e-05 0.000192461 2.42995e-08 0.000997082 4.98159e-09 0.875006 1.97724e-06 4.32652e-05 5.24636e-09 0.000359529 2.91314e-07 2.97022e-05 0.00939783 3.40786e-05 1.7639e-06 1.38372e-05 0.00123578 4.65508e-05 2.48738e-08 
0.000780467 0.00141702 0.00447426 0.0161363 0.00471798 0.0697913 0.0232125 0.0131045 0.00113281 0.00125349 0.0031252 2.24351e-06 0.00175666 0.000174547 0.00101339 0.000225752 0.536629 0.00147366 0.00381709 0.000132083 0.157782 0.0035396 0.00431867 0.0856482 0.000957057 0.0390864 0.00648304 0.00900689 0.00879928 8.19924e-06 
2.16625e-05 0.000298768 3.39006e-05 0.000294442 0.00373909 8.01016e-08 0.0204918 0.00832803 1.82073e-07 0.0119902 6.69957e-07 3.48952e-07 1.35909e-07 3.51476e-07 1.63136e-07 6.06663e-07 0.946767 2.30859e-07 0.00195366 6.38907e-07 0.00298763 1.46636e-07 2.5666e-06 0.000461157 0.000188892 0.000646018 0.00177841 3.87813e-08 6.53297e-08 1.27526e-05 
0.0227264 0.0419251 0.00444679 8.95572e-05 0.160538 0.00257296 0.0623125 0.0227612 0.00302952 0.16724 0.00950642 5.5212e-08 0.000161789 0.000289872 0.000762212 9.59877e-08 0.367381 0.000301907 0.0637025 1.18964e-06 0.0184595 5.02086e-05 0.00278934 0.012372 0.00153428 0.00298374 0.00808071 0.00942483 0.0145331 2.34899e-05 
0.0122512 8.22038e-07 1.61626e-06 7.4147e-07 4.92871e-05 6.04061e-07 3.28361e-07 6.06358e-07 1.37304e-06 1.80952e-06 5.88842e-07 2.63151e-06 1.02492e-06 2.65054e-06 1.23024e-06 4.57496e-06 0.933035 1.74095e-06 7.07673e-07 4.81811e-06 4.91541e-07 1.10581e-06 1.51025e-06 5.71227e-07 0.0546266 1.41215e-06 6.44113e-07 2.92457e-07 4.92663e-07 3.49327e-06 
0.122407 0.0543045 0.000288226 5.91908e-08 0.0518698 0.0723563 0.0371542 0.0830201 0.00841923 0.00134938 0.0117973 1.3806e-11 0.0315687 1.24447e-06 0.00210381 2.40022e-11 0.128861 4.12641e-05 0.0345805 2.52779e-11 0.0890744 5.60894e-05 0.00655816 0.00799794 0.000227806 0.00246458 0.113257 0.0921941 0.048048 1.84241e-08 
1.27273e-07 1.34155e-06 1.24162e-07 2.17265e-08 0.00381884 1.97422e-06 0.000324261 0.0383864 3.50921e-06 1.72275e-05 4.62432e-06 0.000577025 1.36021e-06 1.32215e-07 4.94927e-06 1.34055e-07 0.941881 5.10132e-08 3.01093e-07 1.4118e-07 0.0143813 3.24024e-08 1.19348e-05 4.47664e-06 1.22117e-05 0.000545511 4.96458e-06 6.93731e-06 8.80677e-06 1.60772e-07 
0.000195999 2.21293e-06 1.47438e-07 1.4407e-08 6.88348e-06 3.0261e-06 0.0385317 0.0197721 1.61531e-05 0.0230207 7.07438e-06 2.59705e-06 0.000103163 1.42465e-07 7.48442e-06 8.88927e-08 0.917366 1.72027e-06 4.81266e-07 9.36173e-08 0.000242829 2.14862e-08 1.81245e-05 0.000650259 1.86284e-05 8.48129e-07 7.55819e-06 1.05309e-05 1.34432e-05 1.65282e-07 
7.45379e-07 8.8094e-06 5.09345e-07 1.08955e-09 1.54486e-05 0.00365348 3.59813e-05 3.48625e-05 0.164088 0.00257319 1.60075e-05 1.11274e-05 8.8947e-06 3.68592e-07 1.72691e-05 6.72263e-09 0.770689 2.55823e-09 1.87543e-06 8.48929e-06 0.0167694 1.62493e-09 3.90749e-05 0.0196793 4.20621e-05 3.5878e-06 0.0116047 2.12864e-05 0.010676 3.95661e-07 
0.00158439 0.0492277 0.0179971 5.1658e-06 0.0143087 0.00053933 0.140279 0.129781 0.00194174 0.067247 0.040493 2.55452e-06 0.0395181 0.000416791 0.00278519 2.27164e-07 0.14521 0.000201638 0.000602384 1.39853e-05 0.00239895 0.118571 0.0063475 0.0153565 3.29355e-06 0.00203679 0.066786 0.030003 0.106339 1.97065e-06 
0.000138077 0.00550622 2.22972e-10 1.0229e-10 1.13349e-05 5.87203e-05 0.00711182 0.0820379 1.89419e-10 6.31215e-05 8.1234e-11 0.00969101 0.000479835 0.00074062 0.0421971 6.3114e-10 0.817488 0.00134406 2.13641e-05 0.000617038 3.63041e-08 0.0323186 3.13432e-08 8.14451e-05 5.91589e-06 2.42183e-05 2.1831e-05 4.13161e-05 6.79656e-11 4.81915e-10 
0.00955517 0.031435 0.00378306 0.00442654 0.0258368 0.0380758 0.0586514 0.0263095 0.00861302 0.034011 0.0279045 0.00213807 0.0426565 0.000855136 0.0211644 0.000625314 0.407909 0.0108859 0.0430837 0.00159873 0.0131516 0.0366179 0.021568 0.0203827 0.00437685 0.00802286 0.0324158 0.0264585 0.0374042 8.3636e-05 
1.13753e-06 1.11036e-05 1.40827e-06 3.67096e-07 1.72716e-05 8.54298e-06 3.76268e-05 3.70643e-05 6.94123e-07 5.99419e-05 1.78197e-05 1.46445e-05 1.13073e-05 1.75515e-06 1.95208e-05 2.26503e-06 0.999498 8.61931e-07 2.62662e-06 2.38541e-06 6.69551e-05 5.47479e-07 4.29552e-05 1.60537e-05 4.70055e-05 4.99991e-06 1.82789e-05 2.2773e-05 3.139e-05 2.20375e-06 
0.0524488 0.0219628 7.48391e-05 1.5904e-09 0.00157551 0.000412074 0.0461513 0.0247406 2.74822e-06 0.0179344 1.42592e-05 2.83698e-05 1.04612e-05 3.85372e-08 0.00903967 9.81293e-09 0.532674 0.000238154 2.38502e-05 6.64761e-06 0.03847 8.81915e-05 0.00576434 0.235991 0.00110039 1.37977e-06 1.09841e-05 0.0111865 3.46506e-05 1.40684e-05 
0.00603698 0.00116415 0.00272381 0.00712737 0.113353 0.0963506 0.0590925 0.00719286 0.0108605 0.000573663 0.183552 2.93301e-05 0.000402718 1.84005e-05 1.26898e-05 2.34216e-09 0.408909 0.00233782 0.0017237 2.90776e-06 0.0238306 9.31395e-05 0.0281119 0.00398937 0.00782402 0.002977 0.00880011 0.0191642 0.00374572 1.00606e-07 
7.25145e-05 0.00123872 0.000581166 4.45064e-06 0.00257857 0.145834 0.0106865 0.0253511 0.000558586 0.00157171 0.0131233 3.03191e-09 0.0119975 4.86711e-05 0.000988235 8.37048e-05 0.520468 2.03212e-05 0.00106389 5.45736e-05 0.198829 7.74516e-05 0.00753321 0.00304135 0.000667705 0.00114016 0.0188675 0.0216297 0.0118803 8.70427e-06 
0.000131169 0.000131149 0.0001311 0.000131154 0.000131148 0.000131162 0.419905 0.000131162 0.000131115 0.000131088 0.000131163 0.000131038 0.000131136 0.000131037 0.000131124 0.000130918 0.563307 0.000131092 0.000131156 0.000130904 0.000131169 0.000131132 0.000131107 0.000131164 0.000131075 0.000131113 0.00013116 0.000131181 0.0132481 0.000130985 
0.000157088 0.102818 0.00430487 1.80955e-05 1.71282e-05 0.020639 0.0740745 0.000374976 6.21451e-07 0.0456063 0.00511842 4.39857e-05 0.0171116 1.607e-09 0.0033213 9.88586e-05 0.701234 0.000528738 0.00242829 2.92118e-09 0.000625986 0.00881217 8.41282e-06 0.00104412 0.0010655 0.00517338 0.00500618 3.76462e-06 0.000365369 2.11794e-09 
4.08417e-07 0.000817235 5.90768e-07 5.0912e-05 4.64917e-06 2.40673e-06 0.00164984 0.0010615 3.3989e-07 0.00102293 4.7782e-06 5.23603e-05 0.00167777 7.86447e-07 0.000270068 1.11751e-06 0.802598 0.000123097 2.41763e-05 0.000168462 0.00314122 0.176296 0.00275546 0.000530895 1.26537e-05 1.73099e-06 0.000448743 0.00201942 0.0052617 1.00214e-06 
0.0147458 1.3378e-05 8.81164e-05 0.00106435 0.00256561 0.000119183 0.139008 0.151469 0.00374279 4.17181e-06 0.016058 4.9554e-06 0.21712 0.00352075 2.79425e-05 4.88774e-07 0.235575 0.000132338 0.107333 5.65253e-05 3.31601e-05 0.00631823 1.41488e-05 0.0273168 0.000267804 0.0194058 0.013717 0.0177633 0.0225144 3.7321e-07 
0.0930665 0.0885939 0.000151402 2.72009e-05 0.00171901 0.00988529 0.0348937 0.214367 0.0014303 0.000301313 0.0167219 2.13945e-05 0.0103549 2.84215e-07 0.0260402 1.02588e-08 0.351558 0.0215705 0.00646581 0.0001166 0.0273375 0.000472194 0.0132151 0.000898047 0.000265556 0.0165521 0.0227074 0.0229519 0.0183136 1.29624e-06 
0.000253755 0.0062558 0.00182392 4.66001e-06 0.00391479 0.0386629 0.0330057 0.00805085 0.0111007 0.0461904 0.0123409 4.07351e-06 0.00907669 0.00025403 0.0203207 6.50128e-09 0.566955 0.000124983 0.0038337 1.15133e-05 0.00650385 0.0017363 0.0173025 0.0127073 0.00126246 0.00179187 0.141198 0.0269698 0.0283427 1.86488e-08 
7.62484e-05 5.85956e-05 0.000136998 1.1948e-05 0.0105555 0.0947411 0.025692 0.0672378 0.0195009 5.5816e-06 0.0463462 0.000371258 0.00181307 4.77083e-07 0.000361608 2.83911e-08 0.353132 0.00066277 0.0130359 0.000334437 0.071971 0.00504478 0.00199524 0.180758 0.0017679 0.000802191 0.0263466 0.0365501 0.0400889 0.00060108 
0.0142022 0.0364799 0.00168389 0.00351852 0.0147253 0.0441758 0.0339102 0.0355279 0.00839019 0.0376822 0.029546 0.00290181 0.0346322 0.00260853 0.00675272 1.25201e-05 0.479175 0.0101887 0.0368559 0.000993767 0.0180246 0.0283607 0.0148763 0.0375799 0.00151622 0.00643603 0.0106966 0.0337039 0.0147707 7.17239e-05 
0.000574714 0.00862179 0.00207037 0.0277501 0.0214802 0.0905932 0.0227856 0.0104931 0.00762144 0.00225774 0.040969 0.000156832 0.0138433 8.57954e-05 0.0123911 0.000127714 0.220007 0.0013245 0.00595073 8.68891e-08 0.104462 9.81934e-06 0.0298976 0.00888906 0.000421905 0.00321489 0.191052 0.0460789 0.126817 5.2357e-05 
1.13447e-05 6.51299e-06 1.12563e-05 6.33822e-08 0.000354094 0.00632543 0.00239935 0.000264235 0.0153003 0.000146649 0.084923 4.51807e-06 0.00379153 5.35072e-06 8.77212e-06 3.35007e-07 0.873246 3.3279e-06 7.24024e-05 0.000669044 0.000493703 0.00120746 0.000757483 0.000284777 0.000226776 0.000524158 0.00296015 0.00524051 0.000761193 4.08863e-07 
0.0024006 0.0230689 0.00310127 0.000164536 8.44127e-05 0.0478004 0.0473511 0.0626164 0.0156079 4.00903e-05 0.0051567 3.84128e-05 0.0503406 0.00300343 0.00760404 6.45069e-05 0.256216 0.00252304 0.00541208 0.0121507 0.0161787 0.106209 0.0758894 0.0120152 0.0186452 0.0177841 0.0437184 0.0400038 0.0914373 0.0333748 
0.0292816 0.0092531 0.0278003 0.000257348 0.0394871 0.0194648 0.0270008 0.0694848 0.000152323 0.0621012 0.0135076 0.00155326 0.00952544 0.000565334 0.0105736 4.09019e-08 0.509883 0.0111639 0.0285976 0.00121371 0.00673747 0.025048 0.00124128 0.0348401 0.00126655 0.00244398 0.00260832 0.0322456 0.0226763 2.52902e-05 
8.29439e-05 6.85653e-06 0.000514357 7.01638e-09 8.73342e-05 0.136441 0.024294 0.0193053 0.0180207 0.000419186 0.00452757 1.43412e-05 0.0211382 1.4386e-05 0.0688021 2.87849e-05 0.665973 1.60168e-07 1.5258e-05 3.08059e-05 0.0159578 5.33431e-08 0.000459141 0.00186092 6.42013e-05 0.00011153 0.000813212 0.00131284 0.0197043 6.6365e-08 
2.17447e-07 0.0270899 2.17332e-07 2.17421e-07 0.0134797 0.0130463 0.0264437 0.0185257 2.1953e-05 0.00988793 0.0257664 2.17229e-07 0.0219351 0.00034778 0.00680395 2.17031e-07 0.619176 2.17319e-07 0.00669691 2.17006e-07 0.0535793 2.17384e-07 0.0167791 0.00848031 0.0174921 2.17354e-07 0.0194603 0.0449289 0.0497739 0.0002825 
0.000563947 0.00333797 0.000443478 6.25038e-07 0.00138295 0.0687122 0.0064745 0.00198391 0.000616851 0.00223252 0.0199216 0.000433724 0.00860997 0.000893426 0.00815585 1.68901e-06 0.713638 0.000395329 0.000680869 8.10269e-07 0.0125149 0.000234524 0.00356438 0.00556539 0.000110198 0.000172158 0.110953 0.0176752 0.0107307 2.6399e-07 
0.00540007 0.0227919 0.0718178 9.79667e-05 0.206663 0.00284257 0.0515195 0.0379193 0.0156242 0.00320345 0.0260694 0.000193467 0.00274275 0.000567407 0.00568171 2.13669e-07 0.232351 0.000427711 0.0134078 1.01919e-05 0.0513778 0.00218009 0.0028865 0.110425 0.00200639 0.00753878 0.0205427 0.0277941 0.0759142 3.24659e-06 
0.00590559 0.0389264 0.00287588 0.00926526 0.00447896 0.0478909 0.0635087 0.018617 0.00511771 0.134777 0.0255216 0.00102399 0.0152482 0.00183995 0.004892 0.00222655 0.421048 0.0043798 0.0104178 0.00188182 0.00829643 0.0658778 0.00338955 0.0277886 0.000596466 0.0087953 0.0281521 0.017562 0.019491 0.000207257 
0.000658441 0.0313279 0.00312077 1.15548e-05 0.0226066 0.0506173 0.0907101 0.0254378 0.000382198 0.000342342 0.0605445 0.0034245 0.00316694 4.58149e-08 0.0651885 7.35684e-11 0.276719 0.00241547 0.00242926 7.74785e-11 0.146155 0.0034896 0.000277721 0.105809 0.000119127 8.98282e-05 0.000252049 0.0206315 0.0840038 6.82522e-05 
0.00139189 0.00145932 0.000240087 0.00107394 0.0283335 0.045023 0.00336725 0.00229678 0.0442859 0.000100184 0.0309421 0.000140879 0.0020632 4.50907e-05 0.00145828 0.00305754 0.408357 8.60333e-05 0.11176 0.000937493 0.158362 0.00200666 0.0041824 0.0164479 0.000265434 0.00226393 0.0740668 0.0543475 0.0016289 9.66691e-06 
0.000198274 0.000884829 0.00194487 2.64764e-06 0.0677514 0.0115091 0.00651098 0.0959249 0.0559772 4.05848e-05 0.0110736 0.000225468 0.0841277 0.021911 0.000906483 6.21371e-11 0.270208 0.00536924 0.0179094 0.000171871 0.0708438 0.0206685 0.000180805 0.00682362 0.000132356 0.00138803 0.00993574 0.200003 0.0373765 6.74535e-08 
0.013814 0.00691253 0.00054729 0.00020597 0.0186772 0.0112513 0.0184875 0.024304 0.000514472 0.163011 0.0221601 0.000176245 0.00654523 0.000585407 0.0011642 1.05314e-06 0.549903 0.011725 0.0252143 0.00052559 0.00204859 0.025014 0.00113115 0.0418596 0.000270598 0.000760646 0.00448925 0.028102 0.0205534 4.57898e-05 
0.0213133 0.00170377 0.0146745 0.00196143 0.0370565 0.019868 0.0229623 0.00711995 0.00600375 0.000117229 0.149454 1.45426e-06 0.0333197 0.00054016 0.000298925 8.96332e-09 0.2869 0.00290094 0.031836 7.18496e-05 0.0146266 0.00322621 0.000244126 0.121518 0.000736253 0.146893 0.0108424 0.0614505 0.00234911 9.73702e-06 
0.0159809 0.046743 0.00231691 5.98558e-05 0.00233483 0.0863422 0.00823616 0.0815484 0.00455924 0.000922032 0.0313143 3.31653e-07 0.016832 0.00746406 0.000494668 2.40549e-08 0.344891 0.000133393 0.0270043 0.000227749 0.0949869 0.000340954 0.0154344 0.0185723 6.8578e-05 0.00767251 0.115174 0.0181532 0.0521906 1.9231e-06 
0.00509534 0.00897124 0.00412624 0.00358683 0.0305208 0.0327069 0.0487892 0.0662834 0.0218442 0.00770975 0.0877569 0.00143724 0.00681318 0.00143606 0.00548102 0.000507418 0.313519 0.00398197 0.00986129 0.000474196 0.0677369 0.00218709 0.0339338 0.0726061 0.000557708 0.00852512 0.0266916 0.0666921 0.0601198 4.72134e-05 
0.0104744 0.000597451 5.64373e-05 0.000126545 0.0257763 0.0105315 0.00460299 0.00652154 0.000244946 0.00802926 0.0123149 6.94201e-05 0.00534147 0.000101139 0.000436857 9.35748e-09 0.773159 0.00827295 0.0310809 0.000471386 0.000741391 0.022715 0.000868049 0.029848 4.92526e-05 0.000130087 0.00196311 0.0256753 0.0197705 3.00333e-05 
0.00287859 0.00326264 0.000705021 0.165568 0.0453549 0.109763 0.0199738 0.0156708 0.0019361 0.00120133 0.0549944 6.67367e-05 0.0213616 0.000246626 0.0162817 4.31988e-05 0.166701 0.00635661 0.0833264 0.0126882 0.017582 0.00459295 0.0783658 0.0620293 0.00189554 0.0191481 0.00783567 0.045454 0.0347159 1.75287e-07 
1.20386e-05 0.002025 0.00145048 2.89421e-07 0.0515906 0.0388405 0.00405899 0.000124029 4.29338e-06 0.000122543 0.000847676 4.24117e-06 0.137598 9.37956e-08 0.015978 2.54545e-08 0.488611 3.27873e-05 0.00746774 2.68074e-08 0.03894 3.99404e-07 0.000109455 0.000189065 5.32587e-05 7.87155e-05 9.89823e-05 0.000814632 0.210947 1.04083e-07 
0.000930291 0.00438885 0.000396966 6.37508e-10 0.00332515 0.00484519 0.0219125 0.0161919 0.000240214 0.00455061 0.0445095 0.0375479 0.0060115 2.97775e-07 0.0141495 3.2307e-09 0.472946 0.000108126 0.000628537 5.40161e-06 0.0252396 6.47527e-06 0.000653821 0.0267348 0.000288893 0.00255878 0.00211029 0.277391 0.0323282 1.93303e-08 
4.12781e-07 0.000124363 1.82731e-07 1.58448e-08 0.00104685 8.42991e-06 5.09798e-05 0.000966285 3.18629e-08 6.84739e-05 2.50897e-05 1.23368e-05 0.00432491 1.44496e-07 1.79778e-05 9.77645e-08 0.953289 3.72032e-08 1.46428e-06 1.02961e-07 0.00489427 2.36306e-08 4.82882e-05 1.78369e-05 0.00175407 2.73356e-06 0.00121425 3.89429e-05 0.032092 1.66591e-07 
0.00258842 0.0144232 0.0162581 0.0060619 0.00718261 0.0601618 0.0229846 0.0103334 0.0631953 0.00214266 0.102472 0.000612166 0.0481332 0.000940287 0.0187633 0.000273265 0.231376 0.00364062 0.0538728 0.000647038 0.0272351 0.00511766 0.00439823 0.0423058 0.19953 0.0144524 0.0210596 0.00887848 0.0109588 1.27144e-06 
3.36707e-06 0.0019495 0.0429049 0.000896159 0.00537953 0.00961317 0.00283854 0.00404643 0.00165771 0.000371269 0.24396 7.7419e-07 0.0009808 0.000306794 2.3551e-05 5.18217e-09 0.266141 2.18058e-05 0.0190324 2.84266e-07 0.00445559 8.6262e-05 5.38896e-05 0.119803 0.0802964 0.0161669 0.00447784 0.172775 0.00175632 1.0228e-06 
6.10646e-07 1.56934e-05 1.99948e-06 9.17275e-07 8.52653e-06 5.94057e-06 6.12752e-06 0.00172865 1.71827e-06 1.40359e-05 1.07268e-05 3.25545e-06 1.6086e-05 3.88666e-06 7.03944e-06 5.65969e-06 0.998048 2.15373e-06 3.99862e-06 5.9605e-06 1.79626e-05 1.368e-06 1.85745e-05 3.89881e-06 2.60081e-05 1.74697e-06 9.05713e-06 9.01951e-06 1.67682e-05 4.97223e-06 
0.00257821 0.0143936 0.0223348 0.0103345 0.00792486 0.0601026 0.0246666 0.0129354 0.0717516 0.00233904 0.0907183 0.000646303 0.0542416 0.000699376 0.0174593 3.20091e-06 0.222424 0.00411454 0.0603928 0.000131365 0.0232043 0.00202821 0.0038776 0.0360909 0.20027 0.019212 0.0186419 0.00616504 0.0103172 1.03383e-06 
0.0127774 0.00107581 0.000377509 1.34486e-06 0.000246013 0.00213777 0.0574519 0.00588653 6.38841e-06 0.00361474 0.000884298 7.77212e-05 0.0632181 0.000625486 0.000951377 1.57623e-08 0.685606 1.32681e-05 1.6654e-05 1.66e-08 0.000621438 0.0134383 0.00486081 0.0032591 0.000214898 0.000142219 0.0858983 0.0361648 0.0204311 9.11833e-07 
9.66209e-05 0.00214062 1.7433e-06 0.0219751 0.00851016 0.0105307 0.0471701 0.0685787 2.46634e-06 0.000160784 0.0194689 0.000873908 0.0345709 2.86299e-05 0.0167125 3.84748e-10 0.316615 0.00228467 0.000837556 0.000382134 0.00564185 0.00770453 0.0570917 0.00368129 0.0409648 0.000261514 0.0158303 0.274291 0.0435895 1.56192e-06 
0.000131605 0.0145069 0.000162883 2.00461e-09 0.0300993 0.0353968 0.0212265 0.0767106 0.000360858 0.0463796 1.56261e-05 7.11443e-09 0.00487058 1.7969e-07 0.0133093 1.23687e-08 0.317016 0.0030333 1.88624e-06 0.106295 0.0354331 0.184574 0.00213458 0.068756 2.69478e-05 7.66816e-07 1.02897e-05 0.0257176 0.0138297 1.92053e-07 
8.75895e-05 0.0118104 0.00317072 0.000138814 0.00539189 0.293496 0.116713 0.0330053 0.00192505 0.00199494 0.0203057 7.37494e-09 0.00347714 0.00127848 0.0501982 0.00108141 0.298002 0.00181507 0.0334604 0.00195446 0.00713575 0.00936529 0.00983132 0.0289534 0.000416054 0.0152113 0.0265376 0.0146622 0.00857883 9.33957e-07 
4.43236e-05 0.0103399 0.000673967 4.52839e-08 0.000928612 0.0130333 0.0676796 0.0383876 5.3298e-06 0.00709107 0.00556485 1.60715e-07 0.00132482 0.0048348 0.0019638 2.79407e-07 0.433657 1.06325e-07 0.00365311 5.14258e-05 0.00413536 0.210184 0.00554525 0.142463 0.000107702 9.12656e-05 0.00026678 0.0271556 0.0208164 2.13345e-07 
0.0532136 0.064005 0.0106968 0.000152104 0.157553 0.00511031 0.154482 0.055697 0.0010441 0.0318618 0.00130396 6.49112e-11 0.000163373 1.51966e-06 0.00129774 1.1285e-10 0.17804 1.58284e-06 0.151229 1.48469e-08 0.0446584 3.8791e-08 0.00595171 0.0288812 0.0022729 0.00670775 0.0190877 0.0209987 0.00555932 2.91241e-05 
4.40693e-05 6.95976e-05 7.99764e-05 1.13533e-06 0.00167222 0.00301537 0.0021703 0.000360135 5.28575e-05 4.18636e-05 0.00281503 7.77144e-05 4.74271e-05 3.29498e-07 0.000219465 5.68728e-07 0.976419 0.002563 2.56676e-05 5.98956e-07 0.00357066 1.57535e-06 6.92411e-05 0.000352542 1.04322e-05 0.000194677 0.000123033 0.0025578 0.0034428 4.3426e-07 
0.000441275 0.110768 2.90842e-05 1.00109e-07 7.29847e-06 0.00593774 0.0833252 0.0341181 0.000854953 0.147694 0.00502043 1.04943e-05 0.002052 1.39981e-07 0.0221147 2.57772e-09 0.462421 0.00010922 0.00757511 2.71472e-09 0.0236827 0.0160926 0.00470895 0.0397471 2.01945e-05 0.000189322 0.00127168 0.000852116 0.0309572 1.50265e-07 
0.00213929 0.0251499 0.000930398 1.12452e-05 0.00318171 0.0817162 0.0333817 0.0429695 0.000181641 0.00120916 0.015627 2.84063e-06 0.0585419 2.40614e-05 0.0217814 3.92432e-09 0.210222 0.075302 0.000255438 0.00058784 0.164205 0.00163091 0.0142903 0.0401247 4.77299e-05 0.00199205 0.0252207 0.0267902 0.152467 1.54562e-05 
8.15219e-07 0.000615389 1.16613e-06 3.53949e-07 1.0734e-05 0.021272 2.29228e-05 2.27149e-05 0.00757541 3.71572e-05 1.09853e-05 9.91398e-06 7.14419e-06 1.53818e-06 1.22744e-05 2.1839e-06 0.94671 8.31061e-07 1.74046e-06 2.29998e-06 4.06558e-05 0.000308999 0.0231027 9.98821e-06 2.91175e-05 3.46499e-06 1.12832e-05 0.000154806 1.91862e-05 1.95979e-06 
0.00387792 0.00483162 0.008554 0.00112603 0.107298 0.0292679 0.0404613 0.039664 0.0182258 0.000940853 0.0769794 0.0032757 0.00602292 5.64742e-05 0.00259188 3.08579e-07 0.185555 0.00761078 0.0265519 1.20812e-05 0.131412 0.00482414 0.00134248 0.159939 0.000306536 0.0354352 0.0157273 0.0632899 0.0248091 1.09241e-05 
8.75897e-08 0.000943149 2.86802e-07 1.31572e-07 4.23359e-06 0.00791935 0.00645928 4.14706e-06 2.54379e-07 0.000141714 0.00309128 4.66954e-07 0.101274 0.000628399 0.299904 8.11813e-07 0.501224 3.08927e-07 0.0022025 8.54961e-07 9.55735e-06 0.000979793 0.0455673 0.00271779 1.31789e-05 2.50581e-07 0.000823213 0.00271386 0.0233737 9.74953e-07 
3.11311e-06 0.00680961 6.86118e-06 2.99604e-05 0.000227579 0.059814 0.00841773 0.00244157 0.016218 4.57179e-05 0.0138048 2.11604e-05 0.170098 0.00057837 0.00793979 4.55812e-07 0.426763 3.03734e-06 7.68855e-05 0.000306585 0.0241724 0.00012332 0.000482643 0.00890603 0.00153936 9.89457e-05 0.0325575 0.139441 0.079071 5.27492e-07 
0.0154833 0.0142331 0.00306051 0.000649045 0.0111903 0.0389131 0.0431981 0.0521981 0.00730363 0.158567 0.0867748 9.30588e-05 0.0250138 0.0046227 0.0233833 3.29235e-07 0.270895 0.0118822 0.0136527 0.00127425 0.00358492 0.0314626 0.00210038 0.0847453 0.00432608 0.00117366 0.04878 0.0233936 0.0177944 0.000250759 
0.000366723 0.000825172 0.00812685 9.96662e-08 0.0124482 0.168532 0.0114633 0.000856135 0.00868449 0.00904147 0.0584257 5.14984e-05 0.00860998 7.73665e-07 0.00329679 9.48105e-11 0.602597 0.000564859 0.000185756 9.98496e-11 0.0561502 7.7068e-05 0.00100852 0.00191049 0.000273461 0.00107394 0.0116261 0.0181987 0.0156052 2.1168e-08 
0.000649596 0.000726585 0.000387156 0.00040347 0.00246498 0.00789264 0.052515 0.00860773 0.000361889 0.00685407 0.00771379 5.62033e-05 0.0362425 0.000375122 0.00066273 5.75055e-07 0.851096 0.00301945 0.000537569 1.85086e-06 0.00722436 5.05566e-06 0.000120508 0.00415525 0.000395038 0.0022469 0.000436842 0.00359304 0.00125314 5.50308e-07 
4.20854e-07 0.00122535 0.00010598 0.187499 0.00323349 0.00441564 0.00242045 0.00374178 0.000663354 0.000644318 0.00089196 3.80062e-07 0.0129299 1.89159e-06 0.00261159 1.30237e-05 0.671879 6.92318e-08 0.000476092 2.02661e-06 0.0370483 5.77474e-08 0.0181246 0.00350922 0.000386269 1.09861e-07 0.0325374 0.00770843 0.00779003 0.00014067 
0.0332933 0.0194982 0.00482149 0.000178643 0.0144849 0.0190435 0.0362616 0.033443 0.00103373 0.229141 0.10941 0.000548942 0.00910313 0.00106309 0.00140927 1.2648e-06 0.30846 0.0095236 0.0187155 0.00382515 0.00926875 0.0259902 0.00117925 0.0369442 0.000707808 0.000807762 0.00839659 0.0429542 0.0204733 1.93429e-05 
0.000766832 0.00474835 0.000432302 0.000141514 0.00051654 0.115798 0.00644437 0.0258293 0.0127477 0.000941824 0.262046 0.000115028 0.01255 0.00315153 0.000122142 3.06967e-07 0.403557 0.000729962 0.0063575 0.00456713 0.0115234 0.0153454 0.00168055 0.0244069 0.000352828 0.0032014 0.0134907 0.0578833 0.0101779 0.000374809 
0.000281538 0.000357124 0.00653202 2.5596e-07 0.00236317 0.0272802 0.00725965 0.000425736 0.00104609 0.000341906 0.077494 3.58014e-05 0.0125047 2.70296e-06 0.000711908 3.09848e-09 0.797038 7.10825e-05 0.000132368 3.26316e-09 0.0344056 0.0014071 0.000748762 0.00380985 0.000205962 0.00173419 0.00983569 0.0118527 0.0021223 5.9847e-08 
3.36707e-06 0.0019495 0.0429049 0.000896159 0.00537953 0.00961317 0.00283854 0.00404643 0.00165771 0.000371269 0.24396 7.7419e-07 0.0009808 0.000306794 2.3551e-05 5.18217e-09 0.266141 2.18058e-05 0.0190324 2.84266e-07 0.00445559 8.6262e-05 5.38896e-05 0.119803 0.0802964 0.0161669 0.00447784 0.172775 0.00175632 1.0228e-06 
