0.000200573 0.112129 0.0448436 3.48314e-05 0.00140435 0.00185673 0.67669 0.00777558 0.000916321 0.013854 3.88529e-06 8.63528e-06 9.0636e-06 1.57689e-06 0.0887202 2.13757e-07 1.20281e-09 0.00280505 0.00297633 0.000250302 0.0372131 0.000251329 8.25687e-05 0.000205346 0.000495785 0.00357769 4.29313e-05 0.000272521 0.00337776 4.47594e-07 
0.000229209 0.00761258 0.000492695 7.68178e-06 0.0601796 0.00470354 0.0155644 0.00699177 0.00300329 0.000863617 0.0103908 1.2266e-07 0.0159008 0.000349357 0.00496571 6.12417e-07 6.44122e-08 0.00078623 0.261712 0.000342065 0.0232046 0.000454063 0.0212566 0.0147193 0.00266773 9.32471e-05 0.00798201 0.425752 0.109768 6.41668e-06 
1.09515e-06 0.046589 0.00664209 0.000534703 0.000543259 0.0177349 0.0812156 0.529225 0.00744452 0.0095245 0.000822867 0.0142195 8.9076e-07 0.000109755 0.0235578 1.268e-07 5.34521e-09 0.000530832 0.0243453 6.32979e-05 0.020451 0.104165 0.000493366 0.0768446 4.70677e-05 0.00551116 0.0019466 0.0207846 0.00650821 0.000143939 
0.0145591 0.019665 0.0322723 1.62677e-05 0.0020406 0.000217958 0.0320813 0.00160583 0.000109004 0.000493451 4.83794e-05 0.854786 4.54485e-06 5.48963e-07 0.00060018 1.55461e-07 2.81444e-08 4.21334e-05 0.00106026 9.54525e-08 0.0198903 5.95784e-05 2.13133e-05 0.00199361 1.77559e-05 0.000140589 7.30231e-05 0.0172977 0.000901868 1.0244e-06 
0.000255164 0.00464171 0.00552753 0.00195241 0.0203448 0.0223749 0.0197641 0.113452 0.00156975 0.00810772 0.0474949 1.48923e-05 0.00855185 0.000253237 0.0261613 2.08672e-07 1.69552e-07 0.00136595 0.00494307 0.00192939 0.00211606 0.429837 0.0379627 0.122669 0.00361653 0.000482752 0.0217056 0.0810717 0.0116248 0.000208493 
2.65831e-07 0.000915404 8.64746e-07 1.42317e-06 0.0873782 0.008881 0.0060401 0.0147609 0.0111397 6.1548e-05 0.00360268 7.06778e-07 0.00079427 0.000167891 0.0930527 1.17439e-09 9.54224e-10 1.35715e-06 0.0124455 4.08116e-07 0.58836 8.00385e-08 0.00237564 0.00655975 2.76351e-07 2.10731e-05 0.000588813 0.0896416 0.0732082 1.17653e-07 
0.0028609 0.00827258 0.000597714 6.00995e-07 0.0141543 0.00271147 0.0232956 0.0636471 0.012364 0.00212529 0.0129458 2.3847e-05 0.00684853 0.000222096 0.000380681 5.35298e-12 4.34945e-12 0.00252865 0.0480435 6.54289e-09 0.0688043 0.00195446 0.000179965 0.0644556 4.86896e-05 0.000576528 0.00641622 0.592097 0.0644446 2.59297e-07 
0.00296632 0.000600615 8.2703e-05 0.00114999 0.00253677 1.74773e-08 0.00532458 0.0374931 0.00411555 0.00081847 0.00695113 4.52245e-05 5.21094e-08 0.000706129 0.00111895 7.8898e-11 6.41069e-11 0.00312532 0.0432683 0.000527698 0.00485976 0.172162 1.22573e-05 0.654186 0.000257841 0.00250787 0.00201413 0.0106306 0.00203553 0.0405039 
4.58575e-05 0.00224727 0.00873841 1.30016e-06 0.480011 0.000173312 0.00145583 0.00859337 6.46942e-06 0.000137075 0.00831877 1.86806e-05 4.19979e-05 4.78555e-06 0.000264758 4.98958e-12 4.05418e-12 9.87126e-05 0.0312367 2.42799e-08 0.0235964 0.00297118 0.000225935 0.00798454 3.84902e-05 3.36868e-05 0.00254915 0.384042 0.0371642 8.38393e-07 
2.81045e-05 0.00109213 2.80644e-05 1.37691e-05 0.267525 0.00307697 0.00122803 0.0554709 2.85318e-06 0.0135321 0.00517938 2.63426e-07 0.00471913 0.00023914 0.00318685 2.28831e-09 1.85932e-09 0.00165538 0.00214665 0.000432901 0.00779928 0.140293 3.04551e-06 0.259431 7.39077e-06 4.21403e-06 0.00114419 0.206504 0.0252172 3.87406e-05 
0.00182694 0.00296819 0.961328 3.64765e-06 0.0020612 0.000142139 0.00636263 0.00681706 3.0021e-05 0.000589653 0.000106402 0.000380194 2.79522e-05 1.30079e-05 0.000749242 1.47339e-12 1.19717e-12 0.000217842 0.000394261 4.14445e-06 0.00233869 0.000149626 1.04555e-05 0.00096192 2.83868e-05 0.00022329 0.000418007 0.0111974 0.000650117 5.96419e-10 
0.0145591 0.019665 0.0322723 1.62677e-05 0.0020406 0.000217958 0.0320813 0.00160583 0.000109004 0.000493451 4.83794e-05 0.854786 4.54485e-06 5.48963e-07 0.00060018 1.55461e-07 2.81444e-08 4.21334e-05 0.00106026 9.54525e-08 0.0198903 5.95784e-05 2.13133e-05 0.00199361 1.77559e-05 0.000140589 7.30231e-05 0.0172977 0.000901868 1.0244e-06 
0.0156135 0.0145968 0.0029343 0.0081139 0.0411191 0.0405176 0.0332237 0.07215 0.0091449 0.00250762 0.038462 0.00292477 0.00305605 0.00152862 0.0110265 0.0116 4.2263e-06 0.24888 0.0382385 5.06442e-05 0.188029 0.0173012 0.00472493 0.0229602 0.00158295 0.0066449 0.0189448 0.0935916 0.0505103 1.69344e-05 
1.55843e-05 1.37779e-07 1.83391e-07 2.40849e-05 0.000577792 1.45929e-06 0.000516709 0.000922481 0.000220728 8.65456e-07 0.0568201 6.41282e-08 0.000283485 0.00584832 4.90243e-07 1.16743e-10 9.48574e-11 0.0002856 0.0327388 1.22948e-10 0.00139451 6.60033e-05 0.0037538 0.679866 1.35724e-07 9.44816e-07 0.194796 0.0218605 6.59235e-07 4.06301e-06 
0.0155866 0.00432631 0.000159673 6.59919e-06 0.000588096 0.0127525 0.0297761 0.0228827 0.0230418 0.00164545 0.00822347 0.000577974 0.0880947 0.00233369 0.00548103 6.19567e-09 5.26891e-09 2.68763e-07 0.000418776 0.615983 0.000721735 0.0525026 0.000348402 0.0187969 0.000128633 0.000555084 0.00223727 0.066856 0.0259749 8.11344e-08 
0.0271215 0.00841084 0.000323057 1.57633e-06 0.0123536 0.00667238 0.162781 0.00282835 0.0320707 0.00017553 0.0110641 0.000545644 0.0191951 0.0075347 0.0193398 7.76219e-09 6.307e-09 0.0121457 0.000952428 0.00360686 0.0109248 0.569806 0.000626826 0.00282357 0.00527806 6.06933e-05 0.000351006 0.0691542 0.0138515 5.36401e-07 
0.000294675 0.000875459 0.00156206 0.000340226 0.0169554 0.0780857 0.153654 0.0441689 0.000267708 0.0240642 0.0349119 0.000199686 0.00729421 3.13135e-05 0.0814883 1.44981e-09 1.17801e-09 0.000577316 0.000278417 0.00035684 0.038956 0.037426 8.94156e-05 0.0869754 7.9822e-08 0.000149837 0.00772994 0.069921 0.313344 2.40644e-06 
0.00323403 0.00169848 0.00022864 4.87358e-05 0.0110709 0.038963 0.0139392 0.00480346 0.0095647 5.32709e-05 0.00639467 7.78271e-07 0.0060585 0.00345786 0.00444734 9.33681e-05 5.83292e-07 0.000310875 0.00394035 0.000738448 0.0439689 0.000645752 0.00136916 0.53737 2.57488e-05 0.00412427 0.244319 0.0176989 0.0414296 1.50735e-06 
0.00317964 0.00629614 0.0369773 0.000739364 0.0317388 0.00737599 0.019065 0.0749245 8.3781e-06 0.0131637 0.00405116 0.00220262 0.00323654 1.27331e-08 0.00488108 3.93501e-11 3.19731e-11 0.00464972 0.0327386 2.5487e-05 0.0073326 0.138707 0.0036949 0.0541864 0.00106917 0.00561251 0.0140179 0.45794 0.0719482 0.000237504 
0.00182694 0.00296819 0.961328 3.64765e-06 0.0020612 0.000142139 0.00636263 0.00681706 3.0021e-05 0.000589653 0.000106402 0.000380194 2.79522e-05 1.30079e-05 0.000749242 1.47339e-12 1.19717e-12 0.000217842 0.000394261 4.14445e-06 0.00233869 0.000149626 1.04555e-05 0.00096192 2.83868e-05 0.00022329 0.000418007 0.0111974 0.000650117 5.96419e-10 
0.00501917 0.00741775 0.000224314 0.000144145 0.881863 0.00135918 0.00050442 0.00213752 0.0026612 6.50599e-05 0.00256805 4.47708e-06 0.000106531 3.09332e-05 3.30942e-05 9.17831e-09 4.51129e-09 0.00118059 0.00148948 1.78624e-06 0.00767185 0.000239326 0.000127671 0.0543219 3.38628e-05 0.00250392 0.00342185 0.0193082 0.00555963 1.09634e-06 
0.00605944 0.00296521 0.000305509 5.15336e-05 0.0637225 0.0574009 0.0180398 0.0295379 0.00435033 0.000691977 0.121875 3.8858e-05 0.0294081 0.00971055 0.00113586 2.90345e-05 1.94073e-06 0.00126 0.0196058 0.000222219 0.0554527 0.0361717 0.00492131 0.082285 3.28484e-05 0.00335293 0.0962189 0.27555 0.0795987 2.71039e-06 
0.0121241 0.00336522 0.000196087 5.15615e-06 0.000457641 0.00991901 0.0231596 0.0177981 0.0179225 0.00128002 0.00639674 0.000449705 0.0721083 0.00181531 0.00426376 5.87216e-09 4.93489e-09 2.7667e-07 0.000325796 0.689697 0.000561526 0.0487865 0.00027108 0.0146204 0.000100139 0.000431911 0.00174026 0.052 0.0202036 7.11925e-08 
0.00912395 0.0183643 0.00235415 0.000335944 0.00133172 0.0393221 0.0962712 0.0350913 2.2073e-07 0.00526655 0.00903089 0.0236786 0.0116599 6.56871e-05 0.0176991 2.97541e-06 1.66576e-08 0.00756316 0.0130427 0.00210486 3.44033e-06 0.591684 0.0162302 0.0307563 0.0434465 1.1166e-05 2.86353e-05 0.0138858 0.0115936 5.03739e-05 
0.00436716 0.0447299 0.0217108 4.62612e-05 0.0010845 0.0050912 0.217475 0.464609 0.000561327 0.00390173 0.00361172 0.000922722 0.0470205 0.00247238 0.014572 2.30997e-07 2.10428e-07 0.000953217 0.0334385 0.022757 0.00498826 0.0517204 1.18687e-05 0.0111708 0.000333061 0.00132982 0.00802459 0.0269143 0.00618157 3.78161e-07 
4.80895e-09 8.10589e-05 0.000371744 1.7845e-09 0.750824 3.48573e-05 6.28226e-09 0.00109208 9.54858e-08 8.70887e-09 0.0056794 1.08257e-09 4.09067e-09 1.47787e-08 2.62083e-08 2.68484e-12 2.18151e-12 1.28743e-08 0.0635291 2.82754e-12 0.0202673 2.45311e-08 1.56884e-08 0.0145285 9.33012e-06 9.61403e-09 0.00244242 0.123322 0.0178175 1.23208e-09 
0.000398197 0.00864868 0.00496844 4.79165e-06 0.00404949 0.00498648 0.0153401 0.00441718 0.0161095 0.00108667 0.00693251 8.69222e-06 0.00906028 0.00992923 0.000731497 2.85581e-06 2.46576e-07 7.8241e-06 0.00463586 0.000101383 0.00741867 0.000129935 0.875923 0.00237241 0.000174417 0.00103637 0.010779 0.00389865 0.00684322 4.15998e-06 
0.0063313 0.139891 0.0110183 1.05197e-05 0.128403 0.0743948 0.0170874 0.0767885 0.00122794 0.032227 0.0185434 4.05785e-05 0.0158917 0.000147544 0.00339253 2.93412e-06 2.1046e-06 0.00102164 0.0172408 7.64754e-05 0.041683 0.00167491 0.00609004 0.0113771 9.30434e-05 0.005392 0.112727 0.106324 0.170895 4.66959e-06 
4.6287e-05 0.000861161 0.000625381 5.33513e-05 0.849285 0.00496902 0.031692 0.00378808 0.000913422 0.00014003 0.00903288 1.3553e-08 0.000775259 2.19181e-08 0.000343122 1.42196e-12 1.15539e-12 0.000840389 0.00479841 8.00325e-08 0.0281796 0.00218397 0.000432316 0.0192544 9.10667e-06 0.00437881 0.00512304 0.0244593 0.00781016 5.06885e-06 
6.12986e-05 0.0115499 0.00225179 0.000112198 0.000460649 0.00363498 0.131537 0.0401363 0.000622746 0.00213763 0.00747974 0.000377643 0.00124702 1.66814e-05 0.0330903 2.85517e-05 1.4668e-06 0.00276938 0.00169198 0.000911262 0.0104133 0.512642 0.00614489 0.0285343 0.000592899 0.000108135 0.00237189 0.0989448 0.100018 0.000110962 
0.00290944 0.0175253 0.0494319 0.0512829 0.00992297 0.0107237 0.0275292 0.0244502 0.00656193 0.0015901 0.0231791 0.000577788 0.00231376 0.00341155 0.10573 2.10776e-05 5.53722e-06 0.294727 0.00685513 0.00975336 0.0400937 0.115547 0.0482933 0.0928827 0.00399355 0.018201 0.00296131 0.0188227 0.00857338 0.0021291 
0.021339 0.0100285 0.00183924 5.65248e-10 0.0563254 0.000597343 0.0142132 0.0240423 1.07843e-08 0.00776545 0.00118815 0.000357269 2.04176e-08 6.56568e-09 0.000510928 9.68521e-13 7.86952e-13 0.000597727 0.0839698 1.02e-12 0.187976 0.000380703 6.71448e-09 0.0323032 2.80257e-09 0.00218346 1.39361e-08 0.526374 0.0280084 1.11003e-09 
0.00323403 0.00169848 0.00022864 4.87358e-05 0.0110709 0.038963 0.0139392 0.00480346 0.0095647 5.32709e-05 0.00639467 7.78271e-07 0.0060585 0.00345786 0.00444734 9.33681e-05 5.83292e-07 0.000310875 0.00394035 0.000738448 0.0439689 0.000645752 0.00136916 0.53737 2.57488e-05 0.00412427 0.244319 0.0176989 0.0414296 1.50735e-06 
0.0145591 0.019665 0.0322723 1.62677e-05 0.0020406 0.000217958 0.0320813 0.00160583 0.000109004 0.000493451 4.83794e-05 0.854786 4.54485e-06 5.48963e-07 0.00060018 1.55461e-07 2.81444e-08 4.21334e-05 0.00106026 9.54525e-08 0.0198903 5.95784e-05 2.13133e-05 0.00199361 1.77559e-05 0.000140589 7.30231e-05 0.0172977 0.000901868 1.0244e-06 
0.00944096 0.00868237 0.000374701 0.000334801 0.0185725 0.00378109 0.0383461 0.0518835 0.00223246 0.0120324 0.0106147 0.00907287 0.000410682 4.34001e-05 0.000616162 3.93424e-07 1.54371e-07 0.00746574 0.00837469 0.000211782 0.0159887 0.480422 3.53149e-06 0.267345 4.94476e-05 0.00351639 0.000364817 0.0475274 0.00225195 3.9843e-05 
0.00363125 0.00451275 0.0133297 4.31971e-06 0.0234332 0.011903 0.0355568 0.00893805 0.000954275 0.00117006 0.0370262 0.00424055 0.00717105 0.000431492 0.0203301 1.08391e-06 4.69596e-07 0.000421294 0.00745148 5.26847e-07 0.0531525 0.000779921 0.00047751 0.0222204 5.03013e-05 0.000496147 0.0149652 0.668101 0.0592464 3.44186e-06 
3.6614e-06 0.159111 0.0057545 2.47272e-05 0.00775418 1.89615e-06 0.189069 0.171255 1.64829e-06 0.00157153 0.000508501 0.0661718 0.0464448 0.0285712 0.0738642 3.41081e-08 2.77138e-08 0.00358421 0.014073 1.00116e-05 0.00924004 0.0491328 0.00529993 3.37162e-06 1.05842e-06 2.67847e-06 0.0180757 0.0055683 0.144899 1.02246e-06 
0.00801924 0.0199089 0.00151154 0.000315395 0.0541683 0.020238 0.0290913 0.0588012 0.00528398 0.00110348 0.00870764 0.0466603 0.00381832 0.000531153 0.0170131 0.000233243 1.85129e-06 0.000215915 0.0188573 3.08993e-05 0.344853 0.00487202 0.00276915 0.103831 0.000105476 0.0853587 0.0239112 0.0670525 0.0726989 3.66868e-05 
0.0185805 0.0221937 0.0740478 0.000213482 0.00689831 0.00625815 0.69472 0.0153764 2.15913e-05 0.00393519 0.0155629 0.00446951 0.00182427 0.000236241 0.00142916 1.25554e-06 3.78027e-07 0.00666661 0.00815291 0.00110371 0.0404187 0.00460974 0.000449233 0.0159077 0.000292332 0.00025061 0.00112971 0.0420106 0.013231 7.94791e-06 
0.095868 0.17681 0.0189404 4.03624e-05 0.00355828 0.00152895 0.131046 0.00691123 0.000348684 0.00167949 0.000252967 0.500784 0.00049912 8.07588e-06 0.00532331 1.94957e-07 3.53955e-08 3.45199e-05 0.00592335 2.14152e-05 0.0249496 7.44824e-05 0.00018638 0.00204046 1.41862e-05 4.39077e-05 0.000651781 0.0195919 0.00286795 5.40419e-07 
3.33415e-06 0.0143597 0.000809765 1.08013e-05 0.00277429 0.17038 0.0674123 0.192295 0.000919605 0.00866814 0.0194733 0.000392205 0.0398227 0.0126693 0.02228 1.34882e-06 7.88006e-08 0.00419462 0.00550774 0.000443733 0.0387852 0.203103 0.0491205 0.0181676 0.0275318 0.00189361 0.0209751 0.0324713 0.0453279 0.000206671 
0.0145591 0.019665 0.0322723 1.62677e-05 0.0020406 0.000217958 0.0320813 0.00160583 0.000109004 0.000493451 4.83794e-05 0.854786 4.54485e-06 5.48963e-07 0.00060018 1.55461e-07 2.81444e-08 4.21334e-05 0.00106026 9.54525e-08 0.0198903 5.95784e-05 2.13133e-05 0.00199361 1.77559e-05 0.000140589 7.30231e-05 0.0172977 0.000901868 1.0244e-06 
0.00142623 0.00850775 0.00558166 0.000118637 0.109174 0.00636176 0.0725289 0.0369268 0.00129898 0.00110929 0.0203651 0.0126216 0.00225533 0.000388712 0.00340066 4.70434e-05 1.09268e-05 0.00204681 0.0652496 8.17922e-05 0.0876764 0.00175193 0.00170488 0.025622 0.000140467 0.00015229 0.0124249 0.37866 0.14233 3.5776e-05 
0.0108372 0.00686174 0.00105579 0.0115722 0.0144127 0.0966303 0.0370906 0.0212189 0.00309389 0.00515552 0.0392755 0.000119315 0.00469662 0.000297409 0.00216868 0.00147766 6.87583e-05 0.512962 0.0578934 9.78431e-05 0.00668679 0.0265396 0.00565395 0.0558898 0.0032939 0.0164359 0.00412472 0.0287966 0.0164161 0.00917632 
0.0145591 0.019665 0.0322723 1.62677e-05 0.0020406 0.000217958 0.0320813 0.00160583 0.000109004 0.000493451 4.83794e-05 0.854786 4.54485e-06 5.48963e-07 0.00060018 1.55461e-07 2.81444e-08 4.21334e-05 0.00106026 9.54525e-08 0.0198903 5.95784e-05 2.13133e-05 0.00199361 1.77559e-05 0.000140589 7.30231e-05 0.0172977 0.000901868 1.0244e-06 
0.105866 0.00794284 0.0310464 0.000421895 0.0265913 0.00101339 0.0260494 0.0620572 2.33337e-10 0.0262319 0.00636733 0.0189105 0.000737821 1.15771e-05 0.00714362 2.03892e-12 1.65668e-12 0.000544354 0.0219529 0.000791798 0.0328893 0.142514 5.71797e-09 0.0243091 0.000445248 1.24868e-08 0.00114482 0.401013 0.0539798 2.45858e-05 
0.0197023 0.0140347 0.00210748 0.000776989 0.0076151 0.0187327 0.0405049 0.0611435 0.000700066 0.145167 0.0394327 0.162585 0.00111044 9.79972e-08 0.0222416 6.16839e-06 6.67515e-08 0.000945736 7.1008e-07 1.36094e-05 0.0147243 0.309239 0.000358159 0.0243947 0.000765498 8.35036e-08 0.000834522 0.0483062 0.0643074 0.000248552 
0.0296016 0.0160601 0.0225912 0.000269614 0.0417503 0.0175427 0.036163 0.0644225 0.0124266 0.00316482 0.00652213 0.0132573 0.00246694 0.00157165 0.000441905 8.1354e-06 2.50385e-06 0.00312665 0.0610634 0.000389836 0.176714 0.00337042 0.00549079 0.0764785 0.000257528 0.00547033 0.207675 0.172151 0.0195173 3.17267e-05 
0.00925583 0.00313512 0.000466212 7.85766e-05 0.0560656 0.0423393 0.0178834 0.0162455 0.00233122 0.000133154 0.123594 5.91771e-05 0.0233069 0.00130359 0.00141159 4.39695e-05 2.89387e-06 0.000837719 0.0184712 0.000338854 0.0801234 0.0107904 0.00144549 0.0691035 5.00324e-05 0.00512058 0.116686 0.295745 0.103628 4.06293e-06 
6.34973e-05 0.00076707 0.000329077 0.011706 8.08212e-05 0.0101381 0.00418359 0.0810018 0.012353 0.00141448 0.0235576 0.556148 0.000262002 0.00442464 0.000660154 5.85269e-09 1.57329e-09 0.153154 0.0056954 0.0021364 0.0177782 0.0151 0.00100772 0.0874117 1.31366e-05 0.00114812 0.00253337 0.00377811 0.00314732 6.81996e-06 
0.00323403 0.00169848 0.00022864 4.87358e-05 0.0110709 0.038963 0.0139392 0.00480346 0.0095647 5.32709e-05 0.00639467 7.78271e-07 0.0060585 0.00345786 0.00444734 9.33681e-05 5.83292e-07 0.000310875 0.00394035 0.000738448 0.0439689 0.000645752 0.00136916 0.53737 2.57488e-05 0.00412427 0.244319 0.0176989 0.0414296 1.50735e-06 
0.00182694 0.00296819 0.961328 3.64765e-06 0.0020612 0.000142139 0.00636263 0.00681706 3.0021e-05 0.000589653 0.000106402 0.000380194 2.79522e-05 1.30079e-05 0.000749242 1.47339e-12 1.19717e-12 0.000217842 0.000394261 4.14445e-06 0.00233869 0.000149626 1.04555e-05 0.00096192 2.83868e-05 0.00022329 0.000418007 0.0111974 0.000650117 5.96419e-10 
4.51386e-07 1.43023e-05 6.44705e-05 0.000223064 0.125291 0.00714651 0.000290708 0.000184795 0.0596233 0.000193341 0.0396938 0.000346366 0.00945702 6.11287e-07 0.0008676 0.100083 4.85231e-10 1.20846e-06 0.0368054 4.21366e-07 0.272928 0.0333463 1.47257e-06 0.089728 0.000101172 9.02439e-07 0.000413641 0.210129 0.0130644 1.15901e-07 
0.00480673 0.0181117 0.000936696 0.00041825 0.53255 0.0139354 0.00181228 0.0396588 0.00172528 0.0151793 0.0302544 6.33197e-05 0.0373113 0.000714923 0.000667414 6.59847e-06 3.18264e-06 0.00719002 0.0081661 0.000655482 0.0142179 0.0634289 0.000158893 0.117059 0.000670739 0.00105559 0.00417503 0.0226991 0.0623569 1.16485e-05 
0.00270357 0.0128586 0.00121111 0.0005619 0.0496841 0.00313679 0.070234 0.0213702 8.0967e-05 0.00340571 0.00275508 0.0126769 0.000734728 0.00313286 0.000407014 9.84905e-08 3.88123e-08 0.00553046 0.00153019 0.00121677 0.0055573 0.621535 2.89986e-05 0.140184 1.92401e-06 0.00104177 0.000204382 0.0360889 0.00178402 0.000342596 
0.0145354 0.0202714 0.00274925 0.000521509 8.06359e-05 3.64755e-06 0.0962922 0.0890463 1.57966e-07 0.000978057 0.00521189 0.0237543 1.36522e-07 4.52921e-07 0.000872847 3.53027e-10 2.86845e-10 0.00410445 0.00433881 1.8362e-07 1.12476e-06 0.706871 8.4558e-08 0.0198394 1.04747e-07 0.000584638 0.000903158 0.00304383 0.00576425 0.000230866 
0.000943255 0.00337426 0.00273621 7.97392e-07 0.00598019 0.000716325 0.0169302 0.0175971 0.00167511 0.00134607 0.00125177 0.000663849 9.95398e-05 2.54207e-08 1.33273e-07 3.21682e-08 1.26277e-08 0.000593216 0.00735444 4.2384e-05 0.844885 0.000533457 1.37583e-07 0.00123025 3.10522e-06 0.00370154 0.0172875 0.069718 0.00133363 2.13125e-06 
0.00255027 0.0122851 0.031176 9.19023e-05 0.278721 0.011872 0.0191346 0.00772179 0.00276738 0.00105904 0.0163067 9.25383e-07 6.05141e-05 0.00113832 0.00313735 4.46605e-07 3.54416e-08 0.000361409 0.0963587 0.000312607 0.256591 7.91387e-05 0.0039429 0.0454481 2.16755e-05 0.0093326 0.0582793 0.0243219 0.116926 2.20696e-06 
0.00151279 0.00533447 0.00029315 1.14731e-05 0.00988325 0.0199671 0.0600521 0.0180221 0.000813232 0.00121353 0.0979141 0.00166325 0.0744906 0.0011516 0.00984912 2.12752e-05 5.75215e-07 0.00113107 0.00176589 0.00565085 0.0194554 0.0102341 0.0019703 0.0368274 0.000567521 0.00149241 0.0322653 0.323419 0.263021 5.37449e-06 
8.73107e-05 0.0096846 0.065891 1.44454e-05 0.000155014 1.78646e-05 0.0129771 5.28803e-05 2.41402e-08 1.58891e-06 7.58299e-06 0.910723 4.36455e-09 6.83088e-08 9.15443e-06 5.65182e-10 5.00742e-12 9.89588e-06 8.45558e-07 5.30505e-09 8.13146e-05 1.35429e-05 3.40589e-05 0.000140711 2.08933e-06 8.26165e-06 4.16789e-06 8.20737e-05 9.98617e-09 1.16994e-06 
0.00145096 0.0454195 0.0148157 5.84702e-07 0.0151925 0.000816627 0.318905 0.0179077 0.00053861 0.00159564 0.000564602 0.000136372 0.0247519 9.3893e-06 0.304648 7.0515e-09 5.72955e-09 0.000131889 0.0375193 0.00417408 0.0106353 0.00919915 0.000478907 0.00226007 0.00243535 4.14235e-06 0.000178929 0.16809 0.0181397 1.06083e-07 
0.00921878 0.00350698 0.000771542 7.13348e-05 0.00531898 0.0368526 0.0125009 0.0331892 0.0855148 0.000225369 0.00335559 0.000269465 0.000260127 0.00487477 0.000552686 1.1354e-05 2.23561e-06 0.000666255 0.0253524 9.4703e-05 0.471748 0.000616671 0.00432797 0.141588 4.43382e-05 0.0152834 0.0445319 0.0340459 0.065181 2.30488e-05 
0.00204732 0.00429617 0.000728085 2.01304e-08 0.0976113 0.00306076 0.00584488 0.0303354 0.0021637 0.00138918 0.00376268 2.68792e-08 0.00011867 5.94019e-05 0.000388228 5.47882e-08 3.86367e-09 0.00248286 0.322524 8.99073e-08 0.114338 0.00226334 0.0013631 0.00879196 1.2218e-05 0.000222926 0.0202097 0.291336 0.0846478 1.36458e-06 
0.000138197 0.0424681 0.000977959 0.000118918 0.00468438 0.0132477 0.0601591 0.203977 0.00238121 0.00992084 0.0186518 0.000303032 0.00380787 0.00131308 0.0126682 0.000636372 2.4263e-05 0.0130576 0.0247833 0.000238279 0.012863 0.260833 0.00181694 0.202745 8.84676e-05 0.000343627 0.0236807 0.0736294 0.00982166 0.000620461 
4.80895e-09 8.10589e-05 0.000371744 1.7845e-09 0.750824 3.48573e-05 6.28226e-09 0.00109208 9.54858e-08 8.70887e-09 0.0056794 1.08257e-09 4.09067e-09 1.47787e-08 2.62083e-08 2.68484e-12 2.18151e-12 1.28743e-08 0.0635291 2.82754e-12 0.0202673 2.45311e-08 1.56884e-08 0.0145285 9.33012e-06 9.61403e-09 0.00244242 0.123322 0.0178175 1.23208e-09 
0.000200573 0.112129 0.0448436 3.48314e-05 0.00140435 0.00185673 0.67669 0.00777558 0.000916321 0.013854 3.88529e-06 8.63528e-06 9.0636e-06 1.57689e-06 0.0887202 2.13757e-07 1.20281e-09 0.00280505 0.00297633 0.000250302 0.0372131 0.000251329 8.25687e-05 0.000205346 0.000495785 0.00357769 4.29313e-05 0.000272521 0.00337776 4.47594e-07 
0.00501917 0.00741775 0.000224314 0.000144145 0.881863 0.00135918 0.00050442 0.00213752 0.0026612 6.50599e-05 0.00256805 4.47708e-06 0.000106531 3.09332e-05 3.30942e-05 9.17831e-09 4.51129e-09 0.00118059 0.00148948 1.78624e-06 0.00767185 0.000239326 0.000127671 0.0543219 3.38628e-05 0.00250392 0.00342185 0.0193082 0.00555963 1.09634e-06 
4.40566e-06 0.00320842 0.000303603 6.24717e-05 0.0233622 0.013613 0.0225105 0.584749 0.00994352 0.0008745 0.00757874 2.15486e-05 0.0123317 1.84571e-05 0.00718976 6.97894e-07 5.67059e-07 0.00223432 0.0101635 0.00755856 0.00101281 0.189927 0.0043446 0.0699562 2.38074e-06 4.56779e-05 0.0152794 0.00591911 0.00776805 1.49954e-05 
0.000233223 0.100835 0.137878 0.000178829 0.000477191 0.0103179 0.272969 0.0808787 0.0072434 0.0010081 0.00142632 0.117219 0.0227645 0.000475842 0.00538574 4.11985e-09 3.3475e-09 8.55262e-05 0.00681119 4.33882e-09 0.00065232 0.00208395 0.00398023 0.176786 0.00171397 0.00625112 0.00738518 0.0317252 0.00323445 2.06238e-07 
0.018075 0.00721541 0.00385067 1.04921e-05 0.00929778 0.00142166 0.192094 0.0695927 3.73055e-05 0.0319614 0.00778285 0.0863803 0.00593938 6.61321e-05 0.0054785 2.35687e-07 1.55164e-09 5.76401e-05 0.00424846 0.00144245 0.0123129 0.382738 0.000160495 0.0185328 2.34526e-05 7.86598e-06 0.00384852 0.067554 0.069864 4.91711e-06 
0.0132236 0.00262384 0.00177961 1.16403e-07 0.00723147 0.000693934 0.0233689 0.00281955 0.00064492 0.0019448 0.00215008 0.000126407 0.000896745 0.00669081 0.000905073 1.76936e-08 1.41004e-08 2.90674e-05 0.230372 1.27656e-05 0.0312657 0.00010436 2.45143e-05 0.0336117 0.000226809 0.000319396 0.00131037 0.588676 0.0489471 1.20944e-07 
0.0222713 0.0300863 0.00449824 0.000184109 0.0107658 0.00679426 0.0942662 0.06661 0.00217955 0.00373914 0.0205475 0.00453947 0.00245889 0.000572723 0.00301136 1.94272e-05 6.64894e-06 0.00753701 0.0857716 9.93749e-05 0.0825855 0.0177277 0.000867827 0.285533 6.40486e-05 0.000764823 0.0267088 0.217012 0.00273806 4.00171e-05 
6.3447e-05 0.00146675 2.19986e-05 0.0383868 2.30777e-06 2.4282e-06 0.003288 0.0382317 2.8192e-07 0.0556754 0.00329268 0.0720005 0.00349832 1.01083e-06 0.000338843 5.41261e-10 4.39791e-10 0.0518508 1.54046e-07 8.06156e-07 1.64033e-07 0.651867 2.12691e-07 0.0567173 2.32936e-07 0.0104172 3.97789e-07 0.00472945 5.55374e-07 0.00814478 
2.74325e-05 0.000182861 2.67586e-06 9.19268e-06 0.00376859 0.00574957 0.00249243 0.000262652 1.79463e-09 1.50785e-07 2.12143e-05 7.33026e-08 0.000443121 8.5196e-06 0.00804692 5.4489e-10 4.42739e-10 0.000243553 4.41307e-07 2.69383e-06 0.000213488 1.7e-06 8.60823e-07 0.0510621 0.926636 0.000144466 0.0004891 1.66812e-05 0.000173245 1.70152e-08 
0.000160627 8.77274e-06 4.54166e-08 4.31664e-05 0.00180629 6.35034e-05 0.00028428 0.000312758 1.47893e-11 1.78164e-05 0.000213774 1.55862e-07 0.000354185 8.11524e-05 2.43095e-05 3.79858e-12 3.08646e-12 6.12573e-05 4.66453e-05 4.00846e-05 2.25813e-05 0.00206756 2.43924e-06 0.000432618 0.992985 0.000501025 0.000118921 0.000276019 7.51047e-05 7.13757e-08 
0.000429237 0.000487001 2.83274e-05 3.61327e-06 0.0222512 0.0211278 0.005055 0.000901355 0.00166388 2.75173e-05 0.00013893 2.89689e-06 0.00181277 1.01673e-06 0.000120422 1.54991e-06 1.11578e-07 0.000230016 0.00292212 0.000395948 0.010427 0.0647541 1.4766e-05 0.857906 1.25813e-06 0.000312589 0.00609582 0.0028845 3.28755e-06 1.28558e-07 
0.0179819 0.0061724 0.00157785 0.000119602 0.0049348 0.0111455 0.0271006 0.0110425 0.000237933 0.0542569 0.0054481 0.000380441 0.0280817 0.000757969 0.0034156 0.000915874 1.80507e-06 0.0264689 0.0279192 0.00338823 0.00507171 0.709683 0.000534168 0.00805951 0.000718126 0.00392101 0.00362938 0.0249498 0.0119748 0.000110578 
0.00526378 0.000654717 0.000573381 0.000206214 0.223326 0.00456319 0.00995774 0.0190658 0.000507295 0.000785197 0.0179626 0.0218355 0.000189233 7.60015e-05 0.000846349 0.00147068 1.34747e-06 0.000773384 0.137954 0.00245297 0.109213 0.00354622 0.000770247 0.0101947 5.36528e-06 4.93689e-05 0.00881409 0.221997 0.196912 3.20062e-05 
0.0211931 0.00521508 0.00706788 0.0123662 0.111697 0.0148207 0.0395497 0.0162495 0.0100178 0.00391338 0.0082529 0.0070308 0.00100037 8.5031e-05 0.00156371 9.50051e-05 7.56922e-05 0.0123212 0.00638944 0.000199245 0.0389981 0.174258 0.00049773 0.18015 0.00226219 0.00609746 0.0102227 0.0159035 0.00507238 0.287434 
4.12397e-06 4.11314e-05 9.29306e-07 0.000113894 0.0026673 0.0180884 0.0639365 0.0158686 0.00203789 0.00403536 0.0084715 9.67292e-05 0.33067 0.000122834 0.00389735 4.9815e-05 2.58625e-07 0.00434429 0.0570768 0.0613473 0.0296776 0.194218 0.0346462 0.143335 0.00642681 7.50672e-05 0.005207 0.00356573 0.00980791 0.000170059 
0.0013114 0.00202918 0.967375 2.38943e-06 0.00217263 0.000216712 0.00429161 0.00631346 5.66051e-05 0.000385995 6.96568e-05 0.000249071 8.53721e-05 8.52229e-06 0.000630138 4.69992e-12 3.81882e-12 0.000193605 0.000258084 6.10448e-06 0.00259252 9.79628e-05 2.48537e-05 0.000999278 1.85894e-05 0.000146174 0.000487695 0.00869466 0.00128235 2.42622e-08 
0.0123257 0.00312912 5.83433e-05 0.0139427 0.00235076 0.0211546 0.0901522 0.0145672 7.80791e-06 0.00236969 0.0209096 0.000163468 0.108533 0.00303704 0.00222884 1.42452e-06 1.03665e-06 4.83259e-06 0.0247342 5.52709e-05 0.0008562 0.427832 2.87921e-05 0.178043 0.00114306 0.00528934 0.00687627 0.0601216 2.27736e-05 6.03703e-05 
0.0144891 0.0117852 0.000801319 0.08036 0.0491368 0.0363973 0.0328937 0.05462 0.0245488 0.00750331 0.0258118 0.00628757 0.0316675 0.00098782 0.00192839 5.50886e-06 2.31064e-06 0.161771 0.129938 0.00324593 0.0870622 0.0445172 0.00354737 0.0467273 0.00361459 0.00723368 0.0171916 0.0964826 0.0193944 4.7396e-05 
4.79048e-05 4.8551e-05 9.74579e-08 4.09588e-05 0.010311 0.000238337 9.04344e-05 0.00296705 3.02262e-08 3.48615e-05 2.12968e-05 1.57987e-07 0.00222398 5.64872e-05 2.90654e-06 1.0899e-11 8.85578e-12 5.43856e-06 5.5385e-08 1.75617e-05 0.000356545 0.000870992 6.00224e-05 0.000239688 0.978798 0.00128345 0.00039191 0.00110978 0.000782331 2.54818e-08 
0.0105478 0.0298575 0.0196694 0.000491163 0.00317713 0.0523788 0.02546 0.245131 0.00850444 0.00163167 0.0117958 0.0151693 0.00678305 0.00144517 0.00268725 9.01914e-06 2.20935e-08 0.00441888 0.00627492 0.000501665 0.158713 0.022174 3.35216e-07 0.180298 2.88559e-05 0.000743617 0.0331889 0.137547 0.0208546 0.000516537 
0.0125746 0.000690232 0.00042693 0.000368408 0.0299433 0.0116841 0.392139 0.0507688 0.000762579 0.000791067 0.0188624 0.000216463 0.0370119 0.00113414 0.0018998 3.08834e-05 1.71875e-05 0.00543984 0.0129961 0.000311413 0.0456303 0.125484 0.00239875 0.0909936 0.0136676 0.0464274 0.0127525 0.04903 0.0354868 6.01197e-05 
0.0145591 0.019665 0.0322723 1.62677e-05 0.0020406 0.000217958 0.0320813 0.00160583 0.000109004 0.000493451 4.83794e-05 0.854786 4.54485e-06 5.48963e-07 0.00060018 1.55461e-07 2.81444e-08 4.21334e-05 0.00106026 9.54525e-08 0.0198903 5.95784e-05 2.13133e-05 0.00199361 1.77559e-05 0.000140589 7.30231e-05 0.0172977 0.000901868 1.0244e-06 
0.0173485 0.102941 0.0179829 0.000694053 0.0113179 0.0180066 0.18703 0.0681439 0.000427904 0.0982782 0.0019506 0.0271071 0.0102447 0.00394652 0.0837382 0.000252438 2.27933e-06 0.0194104 0.00643074 0.00564419 0.0467359 0.0475152 0.00831066 0.0302191 0.00331097 7.19354e-05 0.030763 0.0833311 0.0688375 6.60945e-06 
0.00501917 0.00741775 0.000224314 0.000144145 0.881863 0.00135918 0.00050442 0.00213752 0.0026612 6.50599e-05 0.00256805 4.47708e-06 0.000106531 3.09332e-05 3.30942e-05 9.17831e-09 4.51129e-09 0.00118059 0.00148948 1.78624e-06 0.00767185 0.000239326 0.000127671 0.0543219 3.38628e-05 0.00250392 0.00342185 0.0193082 0.00555963 1.09634e-06 
0.000171502 0.00672027 0.0288168 1.83439e-05 0.00582548 0.00149113 0.025886 0.858176 0.00027933 0.000760988 0.000560546 3.04246e-06 0.00188681 0.000331 0.00155331 1.30778e-05 1.94041e-07 5.38809e-05 0.000234051 8.30965e-06 0.00569477 0.00512176 0.00122198 0.0288861 0.00198709 1.34054e-05 0.0103208 0.0103925 0.00356807 3.65525e-06 
0.0143439 0.021966 0.0140331 8.64017e-05 0.0180881 0.0392209 0.0527534 0.0695372 0.000307952 0.0507338 0.0259227 0.00530069 0.0305269 0.000183293 0.0260825 1.80902e-06 1.04473e-06 0.0140282 0.239924 0.0512092 0.0378955 0.0809196 0.00290245 0.040857 0.00754987 0.000806195 0.00472601 0.0632161 0.0867605 0.000115386 
0.00849195 0.0070015 1.00921e-06 1.83813e-07 8.59261e-07 0.00576847 0.0329691 0.266455 0.000196745 0.00324835 0.000225234 0.000353316 0.0154866 0.000253128 0.162919 5.99936e-05 1.09986e-08 0.00137594 0.0129605 0.00455119 0.0104347 0.101384 0.00474681 0.176193 0.000113135 0.0188517 0.0014694 0.146046 0.0184208 2.33463e-05 
0.00182694 0.00296819 0.961328 3.64765e-06 0.0020612 0.000142139 0.00636263 0.00681706 3.0021e-05 0.000589653 0.000106402 0.000380194 2.79522e-05 1.30079e-05 0.000749242 1.47339e-12 1.19717e-12 0.000217842 0.000394261 4.14445e-06 0.00233869 0.000149626 1.04555e-05 0.00096192 2.83868e-05 0.00022329 0.000418007 0.0111974 0.000650117 5.96419e-10 
0.00182694 0.00296819 0.961328 3.64765e-06 0.0020612 0.000142139 0.00636263 0.00681706 3.0021e-05 0.000589653 0.000106402 0.000380194 2.79522e-05 1.30079e-05 0.000749242 1.47339e-12 1.19717e-12 0.000217842 0.000394261 4.14445e-06 0.00233869 0.000149626 1.04555e-05 0.00096192 2.83868e-05 0.00022329 0.000418007 0.0111974 0.000650117 5.96419e-10 
4.80938e-05 1.60346e-08 3.75108e-09 4.38895e-09 0.0116739 8.45144e-05 7.76324e-09 0.0213854 0.186242 4.32129e-09 0.00319354 2.1506e-08 0.00129936 8.69998e-08 0.000160579 1.53857e-12 1.25013e-12 9.65636e-05 0.00291423 1.62034e-12 2.79533e-07 0.000788126 6.36915e-08 0.57252 5.68481e-09 0.000574483 0.014229 0.179855 0.00493188 3.01545e-06 
4.15681e-07 5.22973e-05 0.00330255 0.00111171 0.00613367 0.00988278 0.0347094 0.0208543 4.0118e-05 0.00477343 0.0122288 6.95899e-05 0.0491649 0.000271911 0.0308152 1.02095e-07 4.90492e-09 0.00793044 7.07941e-05 0.00312041 0.000856609 0.276851 0.000870356 0.0191626 0.508128 0.0061114 6.44795e-05 0.00197439 0.00142863 2.03247e-05 
0.0401379 0.00505948 0.00328692 0.0793554 0.125139 0.0234226 0.0252575 0.0172424 0.000888866 0.00127742 0.00770894 0.0016797 0.00246023 0.000249512 0.000898378 0.00924518 9.20226e-05 0.232244 0.15366 0.00045536 0.0114671 0.00805199 0.00157544 0.140994 0.00576797 0.000325235 0.00348842 0.0927622 0.00570333 0.000103175 
0.000281401 0.00193087 0.0026965 1.15599e-09 0.017302 0.00342266 0.00151712 0.0788803 1.97896e-10 0.00181218 0.00988597 9.46681e-09 0.0110759 5.83677e-05 0.00212844 1.09715e-12 8.91465e-13 0.00330614 4.76551e-08 1.82574e-08 0.0228123 0.00793517 4.70875e-09 0.0149168 0.000270854 1.06002e-08 0.00180183 0.767549 0.0504165 1.84387e-09 
5.45955e-05 0.000571575 6.78242e-08 2.73738e-05 0.0505923 0.000140724 0.0171416 0.0254084 0.0058301 0.116227 0.0274764 1.08742e-05 0.0394844 6.29679e-05 0.00159462 3.7105e-11 3.01489e-11 0.00116187 3.58979e-08 0.000887429 0.00267141 0.00168852 0.000241579 0.387525 2.30663e-08 5.89665e-06 0.105796 0.201362 0.0140372 1.06739e-08 
0.0160709 0.0443844 0.0420423 3.50331e-08 0.00398455 0.0324643 0.350881 0.17733 3.96234e-05 0.0128104 0.151313 0.00272499 0.000146468 0.000126557 0.000702414 1.51885e-09 1.23411e-09 3.6775e-07 0.0116773 5.7138e-08 0.0231571 0.00206834 0.000431359 0.0353129 3.85508e-07 5.91998e-07 0.0116275 0.0511085 0.0295577 3.63611e-05 
0.0160283 0.010887 0.00891552 0.00190661 0.04778 0.0226256 0.0943557 0.0445566 0.000121933 0.0416455 0.020767 0.0268916 0.0196495 0.00142277 0.0105937 2.4262e-08 1.95046e-08 0.00621862 0.0808421 0.289598 0.01502 0.125288 0.000179203 0.0351314 0.0014142 0.00188844 0.00212518 0.0708183 0.00332695 1.70665e-06 
4.58575e-05 0.00224727 0.00873841 1.30016e-06 0.480011 0.000173312 0.00145583 0.00859337 6.46942e-06 0.000137075 0.00831877 1.86806e-05 4.19979e-05 4.78555e-06 0.000264758 4.98958e-12 4.05418e-12 9.87126e-05 0.0312367 2.42799e-08 0.0235964 0.00297118 0.000225935 0.00798454 3.84902e-05 3.36868e-05 0.00254915 0.384042 0.0371642 8.38393e-07 
4.58575e-05 0.00224727 0.00873841 1.30016e-06 0.480011 0.000173312 0.00145583 0.00859337 6.46942e-06 0.000137075 0.00831877 1.86806e-05 4.19979e-05 4.78555e-06 0.000264758 4.98958e-12 4.05418e-12 9.87126e-05 0.0312367 2.42799e-08 0.0235964 0.00297118 0.000225935 0.00798454 3.84902e-05 3.36868e-05 0.00254915 0.384042 0.0371642 8.38393e-07 
0.0121241 0.00336522 0.000196087 5.15615e-06 0.000457641 0.00991901 0.0231596 0.0177981 0.0179225 0.00128002 0.00639674 0.000449705 0.0721083 0.00181531 0.00426376 5.87216e-09 4.93489e-09 2.7667e-07 0.000325796 0.689697 0.000561526 0.0487865 0.00027108 0.0146204 0.000100139 0.000431911 0.00174026 0.052 0.0202036 7.11925e-08 
0.00182694 0.00296819 0.961328 3.64765e-06 0.0020612 0.000142139 0.00636263 0.00681706 3.0021e-05 0.000589653 0.000106402 0.000380194 2.79522e-05 1.30079e-05 0.000749242 1.47339e-12 1.19717e-12 0.000217842 0.000394261 4.14445e-06 0.00233869 0.000149626 1.04555e-05 0.00096192 2.83868e-05 0.00022329 0.000418007 0.0111974 0.000650117 5.96419e-10 
0.000461812 0.0194626 0.00112143 6.68236e-07 0.0734997 0.176793 0.00268723 0.0324956 0.00104138 0.00797508 0.00295602 0.000501821 0.00622327 0.00252235 0.00026861 0.0490601 2.08839e-07 0.000686053 0.00757801 1.55638e-06 0.05128 0.000399907 0.0907405 0.0113635 8.39327e-06 0.00560598 0.376841 0.0681973 0.010214 1.33676e-05 
0.011822 0.0217585 0.00214363 0.000155771 0.00164844 0.00848014 0.0921877 0.0250432 1.79946e-06 0.0766719 0.00295275 5.67936e-07 0.0154678 0.000479804 0.00842628 1.00096e-06 3.7691e-07 0.0081831 0.0149403 0.0206825 0.000849649 0.467904 0.000685231 0.0303049 0.077517 0.000256628 0.026826 0.0758622 0.00867449 7.26045e-05 
0.0145591 0.019665 0.0322723 1.62677e-05 0.0020406 0.000217958 0.0320813 0.00160583 0.000109004 0.000493451 4.83794e-05 0.854786 4.54485e-06 5.48963e-07 0.00060018 1.55461e-07 2.81444e-08 4.21334e-05 0.00106026 9.54525e-08 0.0198903 5.95784e-05 2.13133e-05 0.00199361 1.77559e-05 0.000140589 7.30231e-05 0.0172977 0.000901868 1.0244e-06 
0.0379697 0.0300667 0.000791404 0.00945733 0.00569806 0.160972 0.0671449 0.0680103 0.00783625 0.0145847 0.0537224 0.000224116 0.0125558 0.000262744 0.015011 0.000317098 8.21125e-05 0.0105129 0.0334337 0.000972872 0.0186342 0.124668 0.0270036 0.230589 0.000104698 0.00934168 0.0191891 0.0270502 0.0103433 0.00345035 
0.00180346 0.0085881 0.01302 0.000358464 0.0553644 0.0157045 0.0138759 0.0460461 0.0241137 0.0011681 0.0155796 1.41516e-06 0.00376988 1.73604e-05 0.000533382 6.69384e-07 5.79562e-09 0.000246361 0.192976 0.000165912 0.247459 0.000502893 0.0334527 0.0700226 0.000183226 0.0130009 0.0802643 0.134939 0.0268391 2.81094e-06 
0.0145591 0.019665 0.0322723 1.62677e-05 0.0020406 0.000217958 0.0320813 0.00160583 0.000109004 0.000493451 4.83794e-05 0.854786 4.54485e-06 5.48963e-07 0.00060018 1.55461e-07 2.81444e-08 4.21334e-05 0.00106026 9.54525e-08 0.0198903 5.95784e-05 2.13133e-05 0.00199361 1.77559e-05 0.000140589 7.30231e-05 0.0172977 0.000901868 1.0244e-06 
8.01779e-05 0.0150799 0.00202807 0.000310378 0.0300141 0.0136208 0.00733544 0.0416013 0.225365 0.0352606 0.0294084 0.000300009 0.000189848 1.44379e-05 0.00944013 1.23698e-05 7.48721e-06 0.000597755 0.0438293 0.00165742 0.0181293 0.0345275 0.00173837 0.27966 2.32957e-05 0.00658577 0.015259 0.0345739 0.0130824 0.140267 
0.00501917 0.00741775 0.000224314 0.000144145 0.881863 0.00135918 0.00050442 0.00213752 0.0026612 6.50599e-05 0.00256805 4.47708e-06 0.000106531 3.09332e-05 3.30942e-05 9.17831e-09 4.51129e-09 0.00118059 0.00148948 1.78624e-06 0.00767185 0.000239326 0.000127671 0.0543219 3.38628e-05 0.00250392 0.00342185 0.0193082 0.00555963 1.09634e-06 
0.0109075 0.0246598 0.0166271 3.18931e-05 0.0194999 0.00383946 0.0223801 0.039391 0.000304013 0.09474 0.208027 0.00165086 0.00010133 7.00596e-05 3.1113e-07 5.67768e-10 4.61328e-10 0.0729845 0.0282887 3.64866e-05 0.0134576 0.106028 0.000703402 0.145576 2.51757e-05 0.00208418 0.00199456 0.161036 0.0254769 7.84586e-05 
0.00395598 0.0114841 0.000395165 4.51052e-05 0.00923669 0.0154102 0.0692858 0.0872541 0.0801266 0.00519922 0.0156224 5.2276e-08 0.0880047 0.000713274 0.0292318 1.337e-11 1.08635e-11 1.23165e-07 5.4041e-07 0.0246216 4.82599e-05 0.0974996 0.000476593 0.0440496 0.00047468 1.23971e-08 0.000182016 0.159765 0.256917 1.33169e-08 
0.0103703 0.000277518 2.2125e-07 0.00182043 0.0207884 0.0311962 0.0791924 0.0180665 0.000494564 0.0397249 0.0505442 0.00753982 0.0816836 0.00225731 0.00697721 4.1367e-10 3.36119e-10 0.00483826 0.114491 0.0535452 0.00225316 0.323944 0.00011115 0.0508468 0.0571873 0.000356697 0.00660515 0.027109 0.00777874 2.23988e-07 
1.16065e-08 2.70449e-05 0.000123989 4.30753e-09 0.548843 0.00431595 1.40637e-08 0.011918 0.00305894 4.8937e-05 0.00189333 2.42662e-09 0.000241694 3.30865e-08 0.000948821 1.15949e-11 9.42117e-12 3.10727e-08 0.0567126 1.22111e-11 0.201231 0.000301121 0.000215427 0.00484317 3.12792e-06 2.3204e-08 0.00677477 0.129576 0.0289236 2.9774e-09 
0.00323403 0.00169848 0.00022864 4.87358e-05 0.0110709 0.038963 0.0139392 0.00480346 0.0095647 5.32709e-05 0.00639467 7.78271e-07 0.0060585 0.00345786 0.00444734 9.33681e-05 5.83292e-07 0.000310875 0.00394035 0.000738448 0.0439689 0.000645752 0.00136916 0.53737 2.57488e-05 0.00412427 0.244319 0.0176989 0.0414296 1.50735e-06 
0.000190729 0.00234365 0.0015682 0.000205689 0.0634996 0.0197091 0.0858783 0.036969 0.0447815 0.00774805 0.0576755 0.00793346 0.00295364 0.000219161 0.00155553 1.80736e-05 3.20756e-07 0.00219301 0.000563634 0.000529134 0.0185252 0.136428 0.00253397 0.153414 0.0235401 0.0223814 0.203643 0.101111 0.00188231 5.3763e-06 
0.0294181 0.0702083 0.00283029 1.08439e-05 0.00277396 0.0204849 0.0203175 0.0116735 0.00993745 0.000801646 0.00722923 3.63984e-05 0.00182239 3.65669e-05 0.0168323 2.14022e-08 1.79412e-08 3.24238e-05 0.0646019 0.000137923 0.0390982 0.00129641 0.000483045 0.155856 0.00101918 0.000324866 0.0150474 0.432723 0.0949209 4.47598e-05 
0.00501917 0.00741775 0.000224314 0.000144145 0.881863 0.00135918 0.00050442 0.00213752 0.0026612 6.50599e-05 0.00256805 4.47708e-06 0.000106531 3.09332e-05 3.30942e-05 9.17831e-09 4.51129e-09 0.00118059 0.00148948 1.78624e-06 0.00767185 0.000239326 0.000127671 0.0543219 3.38628e-05 0.00250392 0.00342185 0.0193082 0.00555963 1.09634e-06 
