0.000229209 0.00761258 0.000492695 7.68178e-06 0.0601796 0.00470354 0.0155644 0.00699177 0.00300329 0.000863617 0.0103908 1.2266e-07 0.0159008 0.000349357 0.00496571 6.12417e-07 6.44122e-08 0.00078623 0.261712 0.000342065 0.0232046 0.000454063 0.0212566 0.0147193 0.00266773 9.32471e-05 0.00798201 0.425752 0.109768 6.41668e-06 
1.09515e-06 0.046589 0.00664209 0.000534703 0.000543259 0.0177349 0.0812156 0.529225 0.00744452 0.0095245 0.000822867 0.0142195 8.9076e-07 0.000109755 0.0235578 1.268e-07 5.34521e-09 0.000530832 0.0243453 6.32979e-05 0.020451 0.104165 0.000493366 0.0768446 4.70677e-05 0.00551116 0.0019466 0.0207846 0.00650821 0.000143939 
0.00323403 0.00169848 0.00022864 4.87358e-05 0.0110709 0.038963 0.0139392 0.00480346 0.0095647 5.32709e-05 0.00639467 7.78271e-07 0.0060585 0.00345786 0.00444734 9.33681e-05 5.83292e-07 0.000310875 0.00394035 0.000738448 0.0439689 0.000645752 0.00136916 0.53737 2.57488e-05 0.00412427 0.244319 0.0176989 0.0414296 1.50735e-06 
0.0145591 0.019665 0.0322723 1.62677e-05 0.0020406 0.000217958 0.0320813 0.00160583 0.000109004 0.000493451 4.83794e-05 0.854786 4.54485e-06 5.48963e-07 0.00060018 1.55461e-07 2.81444e-08 4.21334e-05 0.00106026 9.54525e-08 0.0198903 5.95784e-05 2.13133e-05 0.00199361 1.77559e-05 0.000140589 7.30231e-05 0.0172977 0.000901868 1.0244e-06 
0.00066517 0.00630607 0.00217097 0.000161915 0.569871 0.00593357 0.063753 0.00645455 0.00619581 0.000645593 0.068525 0.000113148 0.000465232 0.000143765 0.000824422 8.86602e-12 7.2039e-12 0.000504327 0.0153383 1.27531e-07 0.0169081 0.0218476 0.000726934 0.154537 5.48909e-06 0.0137522 0.00307401 0.0332779 0.00772898 7.01079e-05 
0.0264101 0.0274345 0.0133022 2.93252e-05 0.00346635 0.000330868 0.042551 0.00319952 0.000233569 0.000812837 6.61142e-05 0.798247 1.70544e-06 7.44375e-07 0.0012031 3.31926e-07 5.98039e-08 5.91487e-05 0.00226977 2.04012e-07 0.0409674 0.000127659 3.12496e-05 0.00349781 2.43047e-05 7.52451e-05 0.000138977 0.0335859 0.00193255 9.0146e-07 
5.01459e-07 0.000112941 6.28824e-06 3.82363e-05 0.00442281 0.00291324 0.0158411 0.00699422 3.07473e-05 0.000275354 0.00235921 0.00010698 0.0478312 0.000511223 0.000928509 5.11766e-06 1.40086e-08 0.000967566 2.0243e-06 0.00456691 0.0872754 0.799972 0.00807118 0.00569564 0.00310867 3.78572e-06 5.88136e-06 0.00587833 0.00207004 5.08906e-06 
0.003472 6.60166e-05 0.000343917 0.000161302 0.00114547 0.00398666 0.0119775 0.015553 0.00057992 0.00271924 0.00167496 0.00728473 2.35704e-06 0.000284109 0.000340375 1.08749e-06 7.97755e-07 0.00200472 0.00968235 0.000223525 0.000400735 0.80383 3.57825e-05 0.11405 0.00013004 6.34363e-05 0.000273669 0.00263996 0.000845893 0.0162265 
5.95933e-05 0.0268265 0.0552992 0.000144973 4.09414e-05 0.0141653 0.0151557 0.0569224 0.0249797 0.00415481 0.14021 2.57531e-05 0.000129613 0.183936 0.0287974 3.09356e-08 2.51361e-08 0.0450946 0.131321 3.25799e-08 2.86042e-06 0.0985878 0.0489472 0.0272392 3.5943e-06 0.0193359 0.0580812 0.0199992 0.000465914 7.33729e-05 
0.0145591 0.019665 0.0322723 1.62677e-05 0.0020406 0.000217958 0.0320813 0.00160583 0.000109004 0.000493451 4.83794e-05 0.854786 4.54485e-06 5.48963e-07 0.00060018 1.55461e-07 2.81444e-08 4.21334e-05 0.00106026 9.54525e-08 0.0198903 5.95784e-05 2.13133e-05 0.00199361 1.77559e-05 0.000140589 7.30231e-05 0.0172977 0.000901868 1.0244e-06 
0.0156135 0.0145968 0.0029343 0.0081139 0.0411191 0.0405176 0.0332237 0.07215 0.0091449 0.00250762 0.038462 0.00292477 0.00305605 0.00152862 0.0110265 0.0116 4.2263e-06 0.24888 0.0382385 5.06442e-05 0.188029 0.0173012 0.00472493 0.0229602 0.00158295 0.0066449 0.0189448 0.0935916 0.0505103 1.69344e-05 
1.55843e-05 1.37779e-07 1.83391e-07 2.40849e-05 0.000577792 1.45929e-06 0.000516709 0.000922481 0.000220728 8.65456e-07 0.0568201 6.41282e-08 0.000283485 0.00584832 4.90243e-07 1.16743e-10 9.48574e-11 0.0002856 0.0327388 1.22948e-10 0.00139451 6.60033e-05 0.0037538 0.679866 1.35724e-07 9.44816e-07 0.194796 0.0218605 6.59235e-07 4.06301e-06 
3.63864e-05 3.10699e-06 8.46299e-08 0.000126503 0.00324804 4.02558e-05 2.63079e-05 3.09791e-05 2.60744e-11 1.20127e-05 3.29588e-05 1.10695e-09 0.00013878 9.51628e-10 4.2938e-06 4.89419e-12 3.97667e-12 2.12703e-05 1.26673e-08 3.09723e-05 3.05713e-05 0.000147811 1.53642e-05 0.000202043 0.993457 0.00236868 2.45206e-05 4.91914e-07 1.57877e-06 4.50888e-08 
0.00317964 0.00629614 0.0369773 0.000739364 0.0317388 0.00737599 0.019065 0.0749245 8.3781e-06 0.0131637 0.00405116 0.00220262 0.00323654 1.27331e-08 0.00488108 3.93501e-11 3.19731e-11 0.00464972 0.0327386 2.5487e-05 0.0073326 0.138707 0.0036949 0.0541864 0.00106917 0.00561251 0.0140179 0.45794 0.0719482 0.000237504 
0.0134532 0.201138 0.000826022 2.67034e-06 0.000828518 0.0840873 0.0254714 0.0928597 0.0116754 0.00362054 0.0177162 0.000131496 0.000178745 0.000420161 0.048661 1.00132e-08 8.13604e-09 0.186076 0.00781942 0.000171887 0.0238633 0.0219866 0.000479735 0.222102 6.92161e-05 0.000672529 0.0222563 0.00924448 0.00414795 4.13061e-05 
0.00501917 0.00741775 0.000224314 0.000144145 0.881863 0.00135918 0.00050442 0.00213752 0.0026612 6.50599e-05 0.00256805 4.47708e-06 0.000106531 3.09332e-05 3.30942e-05 9.17831e-09 4.51129e-09 0.00118059 0.00148948 1.78624e-06 0.00767185 0.000239326 0.000127671 0.0543219 3.38628e-05 0.00250392 0.00342185 0.0193082 0.00555963 1.09634e-06 
0.0145591 0.019665 0.0322723 1.62677e-05 0.0020406 0.000217958 0.0320813 0.00160583 0.000109004 0.000493451 4.83794e-05 0.854786 4.54485e-06 5.48963e-07 0.00060018 1.55461e-07 2.81444e-08 4.21334e-05 0.00106026 9.54525e-08 0.0198903 5.95784e-05 2.13133e-05 0.00199361 1.77559e-05 0.000140589 7.30231e-05 0.0172977 0.000901868 1.0244e-06 
0.00182694 0.00296819 0.961328 3.64765e-06 0.0020612 0.000142139 0.00636263 0.00681706 3.0021e-05 0.000589653 0.000106402 0.000380194 2.79522e-05 1.30079e-05 0.000749242 1.47339e-12 1.19717e-12 0.000217842 0.000394261 4.14445e-06 0.00233869 0.000149626 1.04555e-05 0.00096192 2.83868e-05 0.00022329 0.000418007 0.0111974 0.000650117 5.96419e-10 
0.00436716 0.0447299 0.0217108 4.62612e-05 0.0010845 0.0050912 0.217475 0.464609 0.000561327 0.00390173 0.00361172 0.000922722 0.0470205 0.00247238 0.014572 2.30997e-07 2.10428e-07 0.000953217 0.0334385 0.022757 0.00498826 0.0517204 1.18687e-05 0.0111708 0.000333061 0.00132982 0.00802459 0.0269143 0.00618157 3.78161e-07 
0.00182694 0.00296819 0.961328 3.64765e-06 0.0020612 0.000142139 0.00636263 0.00681706 3.0021e-05 0.000589653 0.000106402 0.000380194 2.79522e-05 1.30079e-05 0.000749242 1.47339e-12 1.19717e-12 0.000217842 0.000394261 4.14445e-06 0.00233869 0.000149626 1.04555e-05 0.00096192 2.83868e-05 0.00022329 0.000418007 0.0111974 0.000650117 5.96419e-10 
0.0145591 0.019665 0.0322723 1.62677e-05 0.0020406 0.000217958 0.0320813 0.00160583 0.000109004 0.000493451 4.83794e-05 0.854786 4.54485e-06 5.48963e-07 0.00060018 1.55461e-07 2.81444e-08 4.21334e-05 0.00106026 9.54525e-08 0.0198903 5.95784e-05 2.13133e-05 0.00199361 1.77559e-05 0.000140589 7.30231e-05 0.0172977 0.000901868 1.0244e-06 
0.0421954 0.206134 0.01404 6.2818e-05 0.00981929 0.0202537 0.343788 0.0528652 0.0143906 0.00637335 0.00859167 7.5133e-05 0.00288943 0.000202316 0.00434305 3.0126e-08 6.51778e-09 0.00290073 0.0965942 0.000372978 0.0166327 0.00922094 0.0018609 0.0143277 0.00802941 0.00622233 0.0285177 0.0583678 0.0309289 1.19678e-07 
0.0187377 0.0679078 0.0346084 3.8196e-05 0.0144127 0.345542 0.113102 0.0212849 0.00330036 0.00586049 0.000808337 0.000113544 0.0511137 0.00035695 0.00913035 0.00836026 1.09079e-06 5.80203e-05 0.00742765 0.00104021 0.0197287 0.00891116 0.0147312 0.00513028 4.02193e-05 0.00207706 0.0483751 0.130771 0.0670295 1.69517e-06 
0.0145591 0.019665 0.0322723 1.62677e-05 0.0020406 0.000217958 0.0320813 0.00160583 0.000109004 0.000493451 4.83794e-05 0.854786 4.54485e-06 5.48963e-07 0.00060018 1.55461e-07 2.81444e-08 4.21334e-05 0.00106026 9.54525e-08 0.0198903 5.95784e-05 2.13133e-05 0.00199361 1.77559e-05 0.000140589 7.30231e-05 0.0172977 0.000901868 1.0244e-06 
0.00276278 0.0219567 0.0565188 2.79528e-07 0.183568 0.00110949 0.028484 0.0516348 0.000214537 0.00151876 0.00111802 3.12375e-07 0.000199161 3.55487e-07 0.00787191 7.6078e-07 4.1041e-11 0.00452207 0.265576 1.24844e-06 0.0473301 0.0407938 0.000705047 0.00446676 1.83822e-07 0.00115179 0.0100809 0.141975 0.126439 1.31322e-08 
0.00501917 0.00741775 0.000224314 0.000144145 0.881863 0.00135918 0.00050442 0.00213752 0.0026612 6.50599e-05 0.00256805 4.47708e-06 0.000106531 3.09332e-05 3.30942e-05 9.17831e-09 4.51129e-09 0.00118059 0.00148948 1.78624e-06 0.00767185 0.000239326 0.000127671 0.0543219 3.38628e-05 0.00250392 0.00342185 0.0193082 0.00555963 1.09634e-06 
4.33241e-08 0.180771 0.264951 5.80222e-09 3.98097e-05 0.000536531 0.169423 0.033306 0.00417105 0.00534852 5.59835e-08 8.73395e-05 5.79571e-09 0.000125723 0.292338 3.34891e-11 2.72108e-11 2.21347e-08 0.00525194 3.5269e-11 2.52617e-07 1.458e-08 3.18193e-08 0.0121182 9.14416e-05 6.38109e-08 0.0156705 0.0109376 0.00483226 8.24565e-09 
0.00316307 0.0293132 0.0174719 0.00444612 0.00518279 0.313003 0.0125176 0.032082 0.0487437 0.00862705 0.107371 0.000950777 0.0136132 0.00214095 0.00426321 0.00493202 3.4891e-05 0.0124037 0.0215668 0.0182498 0.0742833 0.0093362 0.0248055 0.117944 0.000356368 0.00109794 0.0228761 0.0481998 0.0340571 0.00696689 
0.00182694 0.00296819 0.961328 3.64765e-06 0.0020612 0.000142139 0.00636263 0.00681706 3.0021e-05 0.000589653 0.000106402 0.000380194 2.79522e-05 1.30079e-05 0.000749242 1.47339e-12 1.19717e-12 0.000217842 0.000394261 4.14445e-06 0.00233869 0.000149626 1.04555e-05 0.00096192 2.83868e-05 0.00022329 0.000418007 0.0111974 0.000650117 5.96419e-10 
0.00182694 0.00296819 0.961328 3.64765e-06 0.0020612 0.000142139 0.00636263 0.00681706 3.0021e-05 0.000589653 0.000106402 0.000380194 2.79522e-05 1.30079e-05 0.000749242 1.47339e-12 1.19717e-12 0.000217842 0.000394261 4.14445e-06 0.00233869 0.000149626 1.04555e-05 0.00096192 2.83868e-05 0.00022329 0.000418007 0.0111974 0.000650117 5.96419e-10 
0.00538201 0.00497228 0.00785083 4.4669e-08 0.0720906 0.0240965 0.00413367 0.0421485 8.48246e-07 0.0085016 0.000119248 0.000153487 0.0137373 5.16993e-07 0.00195566 1.50515e-09 1.22297e-09 0.000195948 0.0325238 2.5312e-06 0.268956 0.0016967 0.00218901 0.00901955 3.54918e-05 0.000223789 0.00219401 0.220404 0.277371 4.46893e-05 
0.00277871 0.00264652 0.000892071 1.94721e-05 0.0174977 0.371026 0.00374944 0.0400223 0.00734246 0.000486411 0.0467581 0.0111244 0.00755368 4.93612e-05 0.00391755 0.000784555 1.65941e-06 0.00916178 0.0343176 1.00705e-05 0.245919 0.00140606 0.0126919 0.0493737 1.21847e-05 0.00361092 0.0150916 0.0511678 0.0599119 0.000675235 
0.0247011 0.00545063 0.00516738 8.729e-06 0.00418293 0.053089 0.0157972 0.0676117 0.0415663 0.000422939 0.000506132 1.49213e-07 0.0100873 0.000182739 0.000849188 7.23466e-06 6.27899e-10 0.000144819 0.165006 9.90176e-07 0.0228426 0.00283273 0.36254 0.0118794 7.6458e-08 0.000115948 0.0541128 0.0722512 0.0786428 1.20149e-08 
0.0155509 0.0312033 0.0449406 1.24938e-06 0.00151651 0.00193794 0.207832 0.00388899 0.000404893 0.020946 0.00013941 0.0170465 0.000213267 0.000971466 0.475735 3.02099e-06 2.25225e-08 1.03366e-05 0.0192485 1.19343e-07 0.082729 0.000607248 0.000228995 0.00341348 0.000160746 9.432e-05 0.000510088 0.0569659 0.0136994 5.65776e-07 
0.00272605 0.0130828 0.00178922 0.000161589 0.029155 0.0249806 0.0198174 0.0366812 0.0179537 0.0189488 0.0330281 0.000108368 0.195046 0.000717833 0.00980368 5.37116e-06 1.1528e-06 0.00222544 0.000420574 0.314781 0.0398105 0.114038 0.00132632 0.00383693 0.0214731 9.15599e-05 0.0127659 0.0258245 0.0593409 5.85457e-05 
0.00950934 0.0393903 0.0409587 0.0750918 0.00227036 0.00901001 0.107166 0.107436 0.00115365 0.00510021 0.00298581 0.00347362 0.00952185 5.56141e-05 0.301125 4.81642e-05 3.05729e-05 0.00241528 0.00142082 0.000996703 0.0034755 0.15477 0.00337281 0.040558 0.000584605 8.49988e-05 0.0313598 0.0451875 0.00131981 0.000127019 
0.00323403 0.00169848 0.00022864 4.87358e-05 0.0110709 0.038963 0.0139392 0.00480346 0.0095647 5.32709e-05 0.00639467 7.78271e-07 0.0060585 0.00345786 0.00444734 9.33681e-05 5.83292e-07 0.000310875 0.00394035 0.000738448 0.0439689 0.000645752 0.00136916 0.53737 2.57488e-05 0.00412427 0.244319 0.0176989 0.0414296 1.50735e-06 
0.00323403 0.00169848 0.00022864 4.87358e-05 0.0110709 0.038963 0.0139392 0.00480346 0.0095647 5.32709e-05 0.00639467 7.78271e-07 0.0060585 0.00345786 0.00444734 9.33681e-05 5.83292e-07 0.000310875 0.00394035 0.000738448 0.0439689 0.000645752 0.00136916 0.53737 2.57488e-05 0.00412427 0.244319 0.0176989 0.0414296 1.50735e-06 
0.00501917 0.00741775 0.000224314 0.000144145 0.881863 0.00135918 0.00050442 0.00213752 0.0026612 6.50599e-05 0.00256805 4.47708e-06 0.000106531 3.09332e-05 3.30942e-05 9.17831e-09 4.51129e-09 0.00118059 0.00148948 1.78624e-06 0.00767185 0.000239326 0.000127671 0.0543219 3.38628e-05 0.00250392 0.00342185 0.0193082 0.00555963 1.09634e-06 
0.00136504 0.00755161 0.00682004 4.32001e-05 0.000324376 0.031972 0.00688685 0.0266818 0.100885 0.00314659 0.14029 0.000177223 0.157265 0.00693908 0.0090069 1.52569e-05 8.00125e-06 0.00259043 0.00512212 0.0128865 0.001963 0.0137518 0.00894957 0.00937489 0.0015636 0.02577 0.0387433 0.203416 0.176454 3.61307e-05 
0.00619975 0.00910214 0.00301933 4.8418e-05 0.206043 0.000884854 0.0134273 0.0631747 0.00858742 0.00201006 0.0726737 6.37254e-05 0.00394848 9.38175e-05 0.00232151 4.13508e-06 1.88708e-10 0.000373784 0.0232889 0.063348 0.0437589 0.15666 0.004218 0.222233 6.42772e-05 0.00314036 0.00116535 0.0533598 0.0367864 8.19408e-07 
6.34126e-05 0.12932 0.0214398 5.52423e-07 0.000500582 0.240039 0.0772968 0.0211017 5.75638e-08 0.000780968 0.00112056 0.00406099 0.0639848 0.000212959 0.0184218 0.298705 3.65499e-08 0.000875703 0.0030287 9.27524e-07 0.0393896 0.00833658 0.0131972 0.00741367 0.000831543 0.0018001 0.00899655 0.00417253 0.0349053 2.00314e-06 
4.6287e-05 0.000861161 0.000625381 5.33513e-05 0.849285 0.00496902 0.031692 0.00378808 0.000913422 0.00014003 0.00903288 1.3553e-08 0.000775259 2.19181e-08 0.000343122 1.42196e-12 1.15539e-12 0.000840389 0.00479841 8.00325e-08 0.0281796 0.00218397 0.000432316 0.0192544 9.10667e-06 0.00437881 0.00512304 0.0244593 0.00781016 5.06885e-06 
0.00049369 0.00783981 0.00131281 0.000201614 0.0874975 0.00472294 0.0385142 0.0550831 0.016339 0.0228953 0.00191353 1.53777e-08 0.00183652 3.57982e-06 0.00239569 1.07314e-10 8.71959e-11 0.00256452 0.131515 1.13018e-10 0.0326534 0.0032187 0.0304019 0.147502 0.000197859 0.00291583 0.0516572 0.293236 0.0630878 8.56667e-08 
0.00144573 0.0187039 0.00875959 9.29852e-05 0.0618942 0.0129264 0.176479 0.0233529 0.0287997 0.000735187 0.00570059 8.94736e-05 0.0144549 3.45398e-05 0.0450358 1.76884e-07 2.60319e-08 0.000524769 0.0136658 0.00801984 0.0160324 0.0168246 0.02331 0.0108362 0.00106413 0.000780183 0.0016122 0.490116 0.018708 8.4261e-07 
0.00200005 0.0525012 0.00248218 0.000356166 0.0169919 0.00296143 0.104407 0.103233 0.000314759 0.0137539 0.00550833 0.0126663 0.000920242 0.00408518 0.23878 1.94023e-10 1.57649e-10 0.0178531 0.0222938 0.00572418 0.107522 0.132104 0.000654524 0.0409299 0.00644991 9.97694e-05 0.0010862 0.0637426 0.0405066 7.21633e-05 
0.00991372 0.0531715 0.0347403 0.000255163 0.00166456 0.078081 0.135286 0.389787 0.000256025 0.0312093 0.009153 0.000411631 0.00150459 0.00698599 0.0348459 0.0110542 2.45826e-06 0.00151947 0.00739561 0.00450884 0.00668181 0.0306711 0.00119246 0.0402237 8.47305e-05 0.00637619 0.0218127 0.0469251 0.0342721 1.38011e-05 
0.000145595 0.00135427 0.00602944 3.35623e-05 0.00775773 0.00343687 0.0280539 0.606596 9.59799e-05 2.44991e-05 0.0156464 2.48964e-05 8.97451e-05 0.00286734 0.00482801 4.76302e-08 3.87009e-08 6.06973e-06 5.96599e-05 1.31345e-05 0.219862 0.000776559 0.000488219 0.0479608 2.32475e-05 0.000406973 0.00281053 0.0375552 0.0127553 0.000298389 
0.000160627 8.77274e-06 4.54166e-08 4.31664e-05 0.00180629 6.35034e-05 0.00028428 0.000312758 1.47893e-11 1.78164e-05 0.000213774 1.55862e-07 0.000354185 8.11524e-05 2.43095e-05 3.79858e-12 3.08646e-12 6.12573e-05 4.66453e-05 4.00846e-05 2.25813e-05 0.00206756 2.43924e-06 0.000432618 0.992985 0.000501025 0.000118921 0.000276019 7.51047e-05 7.13757e-08 
7.04717e-05 0.000522776 0.000444416 0.000369644 0.00120332 4.16711e-05 0.0210006 0.0179419 0.000666633 0.000108221 0.00923296 0.000188578 4.49819e-05 8.95808e-06 0.000440632 1.76157e-05 2.19454e-09 0.00367331 0.0831621 3.73746e-06 0.0159461 0.121643 4.29019e-07 0.7105 0.000373129 0.00163947 0.00270627 0.0016373 0.00616876 0.000243494 
0.00445628 0.0201026 0.0320059 1.8887e-05 0.0113367 0.0044435 0.626669 0.033381 0.00115171 0.0238021 0.000765625 0.0178006 0.00838721 0.00230583 0.00746736 3.47471e-06 8.40301e-07 0.000560703 0.0165048 0.00100511 0.103063 0.0159056 0.00150905 0.0149776 4.20348e-05 0.00112733 0.00300707 0.0413272 0.00685794 1.35819e-05 
0.00182694 0.00296819 0.961328 3.64765e-06 0.0020612 0.000142139 0.00636263 0.00681706 3.0021e-05 0.000589653 0.000106402 0.000380194 2.79522e-05 1.30079e-05 0.000749242 1.47339e-12 1.19717e-12 0.000217842 0.000394261 4.14445e-06 0.00233869 0.000149626 1.04555e-05 0.00096192 2.83868e-05 0.00022329 0.000418007 0.0111974 0.000650117 5.96419e-10 
0.000160627 8.77274e-06 4.54166e-08 4.31664e-05 0.00180629 6.35034e-05 0.00028428 0.000312758 1.47893e-11 1.78164e-05 0.000213774 1.55862e-07 0.000354185 8.11524e-05 2.43095e-05 3.79858e-12 3.08646e-12 6.12573e-05 4.66453e-05 4.00846e-05 2.25813e-05 0.00206756 2.43924e-06 0.000432618 0.992985 0.000501025 0.000118921 0.000276019 7.51047e-05 7.13757e-08 
0.00328073 0.00967697 0.0104961 1.19163e-05 0.195598 0.00627888 0.0753968 0.158982 0.00424191 0.00258082 0.00397148 0.0144675 0.00500955 1.03446e-07 0.00660203 6.13195e-08 8.46482e-10 0.000186806 0.011256 0.000122665 0.0955996 0.0136272 0.000284396 0.0195725 1.84419e-05 0.00170619 0.0206715 0.215857 0.124502 1.49775e-06 
0.000233223 0.100835 0.137878 0.000178829 0.000477191 0.0103179 0.272969 0.0808787 0.0072434 0.0010081 0.00142632 0.117219 0.0227645 0.000475842 0.00538574 4.11985e-09 3.3475e-09 8.55262e-05 0.00681119 4.33882e-09 0.00065232 0.00208395 0.00398023 0.176786 0.00171397 0.00625112 0.00738518 0.0317252 0.00323445 2.06238e-07 
0.0222148 0.0151958 0.00308887 4.27771e-05 0.0176742 0.0861517 0.185301 0.0451299 0.00563628 0.147116 0.0183982 0.000680083 0.00463431 0.00457764 0.0218378 0.000434783 6.16313e-06 0.000530266 0.0257464 0.000159708 0.0502345 0.0135348 0.127568 0.077061 0.0022816 0.00315275 0.0595074 0.048547 0.0135374 1.9091e-05 
0.00182694 0.00296819 0.961328 3.64765e-06 0.0020612 0.000142139 0.00636263 0.00681706 3.0021e-05 0.000589653 0.000106402 0.000380194 2.79522e-05 1.30079e-05 0.000749242 1.47339e-12 1.19717e-12 0.000217842 0.000394261 4.14445e-06 0.00233869 0.000149626 1.04555e-05 0.00096192 2.83868e-05 0.00022329 0.000418007 0.0111974 0.000650117 5.96419e-10 
0.000755998 0.0230277 0.0273561 1.38866e-07 0.00221662 0.00152124 0.180857 0.00120093 0.000430055 0.0190958 0.000282632 0.00890172 0.00019473 0.000974973 0.666749 3.2185e-07 7.58879e-10 0.000533556 0.00324735 5.36637e-09 0.0108964 0.000347316 0.000866825 0.00117757 0.00015124 0.000140878 0.000379534 0.0362683 0.0124265 1.38168e-07 
0.018075 0.00721541 0.00385067 1.04921e-05 0.00929778 0.00142166 0.192094 0.0695927 3.73055e-05 0.0319614 0.00778285 0.0863803 0.00593938 6.61321e-05 0.0054785 2.35687e-07 1.55164e-09 5.76401e-05 0.00424846 0.00144245 0.0123129 0.382738 0.000160495 0.0185328 2.34526e-05 7.86598e-06 0.00384852 0.067554 0.069864 4.91711e-06 
0.0121241 0.00336522 0.000196087 5.15615e-06 0.000457641 0.00991901 0.0231596 0.0177981 0.0179225 0.00128002 0.00639674 0.000449705 0.0721083 0.00181531 0.00426376 5.87216e-09 4.93489e-09 2.7667e-07 0.000325796 0.689697 0.000561526 0.0487865 0.00027108 0.0146204 0.000100139 0.000431911 0.00174026 0.052 0.0202036 7.11925e-08 
0.00172394 0.0119084 0.140503 5.07997e-06 0.0244715 0.0108663 0.690067 0.00292926 0.000342343 0.0113739 0.000935121 0.00172267 5.672e-05 1.37561e-06 0.00108842 0.0170007 2.01448e-07 8.37957e-05 0.0237976 8.54767e-05 0.0121291 8.88819e-05 0.00052544 0.00181245 1.39529e-05 0.000418198 0.0103226 0.0313267 0.00439629 3.46056e-06 
0.0145591 0.019665 0.0322723 1.62677e-05 0.0020406 0.000217958 0.0320813 0.00160583 0.000109004 0.000493451 4.83794e-05 0.854786 4.54485e-06 5.48963e-07 0.00060018 1.55461e-07 2.81444e-08 4.21334e-05 0.00106026 9.54525e-08 0.0198903 5.95784e-05 2.13133e-05 0.00199361 1.77559e-05 0.000140589 7.30231e-05 0.0172977 0.000901868 1.0244e-06 
0.0222713 0.0300863 0.00449824 0.000184109 0.0107658 0.00679426 0.0942662 0.06661 0.00217955 0.00373914 0.0205475 0.00453947 0.00245889 0.000572723 0.00301136 1.94272e-05 6.64894e-06 0.00753701 0.0857716 9.93749e-05 0.0825855 0.0177277 0.000867827 0.285533 6.40486e-05 0.000764823 0.0267088 0.217012 0.00273806 4.00171e-05 
0.0232129 0.0108403 0.0450311 0.000581503 0.0385047 0.0113425 0.0500522 0.0936466 0.000891549 0.00778409 0.00375439 0.000353484 0.0015482 3.87378e-05 0.00397426 6.07827e-06 3.7778e-07 0.00804518 0.0959599 0.000889075 0.344515 0.0235978 0.00227591 0.0220306 0.000452137 0.00861775 0.00953445 0.171465 0.021053 7.44134e-07 
0.00016709 0.000757457 0.0149988 5.38478e-06 0.0100953 0.0060797 0.00804563 0.11441 0.000183681 0.000148411 6.34732e-05 0.001031 0.000171504 4.13588e-06 0.0403475 4.71777e-06 3.8875e-07 0.000869959 0.00200259 0.00012586 0.586118 0.00188767 0.00187024 0.040861 0.000202999 0.000683352 0.00112728 0.155667 0.0120695 1.20135e-06 
0.000199306 0.00196893 0.000332194 9.91485e-05 0.0140041 0.0182144 0.0244917 0.0522101 1.31308e-05 0.00758502 0.025474 0.000383829 0.000759345 8.99336e-05 0.000954443 8.12616e-06 4.13313e-06 0.0293542 0.00126619 0.000142223 0.00280429 0.0195658 0.000122158 0.0104294 0.00113429 0.689745 0.00891182 0.0751224 0.0145794 3.04815e-05 
0.0202269 0.0788766 0.00194142 7.51411e-06 0.0295819 0.000814037 0.0152074 0.21676 2.06698e-05 0.00222445 0.000184548 0.00293945 0.00023055 2.80001e-05 0.00360453 3.33717e-06 1.35432e-06 0.017093 0.0184673 6.91776e-05 0.0659503 0.00450495 0.000396911 0.342389 2.03686e-05 7.30424e-06 0.002157 0.108987 0.0672806 2.4594e-05 
0.000231894 0.000659068 0.000889234 0.000665526 0.0015331 0.067417 0.000526046 0.0032447 0.374963 2.78054e-05 0.0154778 1.95376e-05 0.0498977 0.00713079 0.0118388 4.92018e-08 3.99779e-08 0.00103206 0.00714145 5.18168e-08 0.00727514 0.00226469 0.00321502 0.0659302 5.03024e-07 0.000181116 0.227945 0.0384912 0.00825142 0.103751 
0.000160627 8.77274e-06 4.54166e-08 4.31664e-05 0.00180629 6.35034e-05 0.00028428 0.000312758 1.47893e-11 1.78164e-05 0.000213774 1.55862e-07 0.000354185 8.11524e-05 2.43095e-05 3.79858e-12 3.08646e-12 6.12573e-05 4.66453e-05 4.00846e-05 2.25813e-05 0.00206756 2.43924e-06 0.000432618 0.992985 0.000501025 0.000118921 0.000276019 7.51047e-05 7.13757e-08 
0.0153147 0.00305248 0.000926228 0.000487424 0.0522232 0.0392647 0.0123928 0.00513157 0.00637125 0.000168895 0.0169275 0.000134915 0.00987473 0.00154075 0.00253469 5.42016e-05 7.83446e-07 0.000953779 0.00163179 0.000776875 0.0313019 0.00214045 0.00178819 0.324872 0.115592 0.0524543 0.276216 0.00859908 0.0172677 5.43906e-06 
0.00526378 0.000654717 0.000573381 0.000206214 0.223326 0.00456319 0.00995774 0.0190658 0.000507295 0.000785197 0.0179626 0.0218355 0.000189233 7.60015e-05 0.000846349 0.00147068 1.34747e-06 0.000773384 0.137954 0.00245297 0.109213 0.00354622 0.000770247 0.0101947 5.36528e-06 4.93689e-05 0.00881409 0.221997 0.196912 3.20062e-05 
3.35652e-05 0.000783208 6.9439e-06 6.72621e-05 0.0205402 0.0299468 0.00568243 0.0320637 0.00790379 3.73082e-05 0.0489144 1.9132e-05 0.0132593 5.35578e-05 2.92169e-08 2.70039e-10 2.19414e-10 0.00130827 0.0231021 1.39238e-07 0.0944593 0.000489632 5.79656e-05 0.414067 1.19565e-07 0.000800725 0.0579111 0.245536 0.0024542 0.000502161 
0.0080948 0.0933408 0.0928146 4.09115e-05 0.00146468 0.0075585 0.408819 0.0411937 0.0232687 0.013955 0.000523145 0.0319162 7.51459e-05 5.69823e-07 0.0842423 7.48038e-05 9.76333e-08 0.000288916 0.0109613 0.00422081 0.0203709 0.0168514 0.0573562 0.0140244 0.0156283 0.00137486 0.000728872 0.041248 0.00955491 8.44682e-06 
0.0013114 0.00202918 0.967375 2.38943e-06 0.00217263 0.000216712 0.00429161 0.00631346 5.66051e-05 0.000385995 6.96568e-05 0.000249071 8.53721e-05 8.52229e-06 0.000630138 4.69992e-12 3.81882e-12 0.000193605 0.000258084 6.10448e-06 0.00259252 9.79628e-05 2.48537e-05 0.000999278 1.85894e-05 0.000146174 0.000487695 0.00869466 0.00128235 2.42622e-08 
0.0123257 0.00312912 5.83433e-05 0.0139427 0.00235076 0.0211546 0.0901522 0.0145672 7.80791e-06 0.00236969 0.0209096 0.000163468 0.108533 0.00303704 0.00222884 1.42452e-06 1.03665e-06 4.83259e-06 0.0247342 5.52709e-05 0.0008562 0.427832 2.87921e-05 0.178043 0.00114306 0.00528934 0.00687627 0.0601216 2.27736e-05 6.03703e-05 
0.000691738 0.00465155 0.00162376 2.77644e-07 0.176314 0.00956893 0.0181793 0.0235132 0.00199215 0.00849982 0.00414704 0.000847683 0.00877513 0.000195385 0.00519671 8.37204e-10 1.17393e-10 4.69485e-05 0.0596679 1.55513e-06 0.0377518 0.0152944 0.000939708 0.103981 0.000107585 0.00133501 0.0159676 0.180202 0.320475 3.28959e-05 
0.000459617 0.0078448 0.00282109 0.000456771 0.00066173 0.0251931 0.0594539 0.0169288 0.0354242 3.90715e-05 0.00266291 2.1894e-06 0.000279104 0.000265595 0.00446243 0.0347098 2.66742e-10 0.558275 0.00211523 0.00112008 0.00362385 0.017912 0.0161369 0.0356271 2.45214e-05 0.00890735 0.00771726 0.00923734 0.0057807 0.141857 
0.049312 0.000542209 0.00377883 0.00173807 0.00631094 0.0691424 0.0235695 0.0349536 0.00714143 0.00413206 0.0294394 3.76983e-05 0.0633075 0.000427224 0.00158923 0.0416847 2.55027e-06 0.0124884 0.0877214 0.00682691 0.0026848 0.318118 0.00647175 0.117428 0.00160818 0.00100474 0.00294786 0.0186154 0.014548 0.0724281 
0.0173485 0.102941 0.0179829 0.000694053 0.0113179 0.0180066 0.18703 0.0681439 0.000427904 0.0982782 0.0019506 0.0271071 0.0102447 0.00394652 0.0837382 0.000252438 2.27933e-06 0.0194104 0.00643074 0.00564419 0.0467359 0.0475152 0.00831066 0.0302191 0.00331097 7.19354e-05 0.030763 0.0833311 0.0688375 6.60945e-06 
0.00501917 0.00741775 0.000224314 0.000144145 0.881863 0.00135918 0.00050442 0.00213752 0.0026612 6.50599e-05 0.00256805 4.47708e-06 0.000106531 3.09332e-05 3.30942e-05 9.17831e-09 4.51129e-09 0.00118059 0.00148948 1.78624e-06 0.00767185 0.000239326 0.000127671 0.0543219 3.38628e-05 0.00250392 0.00342185 0.0193082 0.00555963 1.09634e-06 
0.00849195 0.0070015 1.00921e-06 1.83813e-07 8.59261e-07 0.00576847 0.0329691 0.266455 0.000196745 0.00324835 0.000225234 0.000353316 0.0154866 0.000253128 0.162919 5.99936e-05 1.09986e-08 0.00137594 0.0129605 0.00455119 0.0104347 0.101384 0.00474681 0.176193 0.000113135 0.0188517 0.0014694 0.146046 0.0184208 2.33463e-05 
0.176039 0.013399 0.00582971 1.64146e-05 0.000725817 0.000910925 0.0603385 0.0128437 2.3532e-06 0.0121662 0.000147266 0.00543499 0.00017308 2.94723e-05 0.00232392 7.8428e-07 3.60392e-07 4.25067e-05 0.0524444 1.63156e-05 0.421829 0.0366559 3.71119e-06 0.0163449 6.16184e-05 4.4486e-05 0.000334158 0.170099 0.0117406 1.23618e-06 
0.0145591 0.019665 0.0322723 1.62677e-05 0.0020406 0.000217958 0.0320813 0.00160583 0.000109004 0.000493451 4.83794e-05 0.854786 4.54485e-06 5.48963e-07 0.00060018 1.55461e-07 2.81444e-08 4.21334e-05 0.00106026 9.54525e-08 0.0198903 5.95784e-05 2.13133e-05 0.00199361 1.77559e-05 0.000140589 7.30231e-05 0.0172977 0.000901868 1.0244e-06 
4.58575e-05 0.00224727 0.00873841 1.30016e-06 0.480011 0.000173312 0.00145583 0.00859337 6.46942e-06 0.000137075 0.00831877 1.86806e-05 4.19979e-05 4.78555e-06 0.000264758 4.98958e-12 4.05418e-12 9.87126e-05 0.0312367 2.42799e-08 0.0235964 0.00297118 0.000225935 0.00798454 3.84902e-05 3.36868e-05 0.00254915 0.384042 0.0371642 8.38393e-07 
3.61467e-05 7.55426e-07 0.000153054 3.76989e-05 0.0228526 0.00307462 4.97743e-07 0.333391 1.84501e-06 3.59875e-05 0.000831889 7.27532e-05 0.00272375 9.78368e-07 7.73425e-05 6.51644e-10 5.2948e-10 0.000847621 9.36453e-05 6.86279e-10 0.338805 0.00282131 3.55325e-07 0.0982629 3.71844e-05 2.4546e-07 0.000423254 0.187 0.00841252 4.81943e-06 
0.0145591 0.019665 0.0322723 1.62677e-05 0.0020406 0.000217958 0.0320813 0.00160583 0.000109004 0.000493451 4.83794e-05 0.854786 4.54485e-06 5.48963e-07 0.00060018 1.55461e-07 2.81444e-08 4.21334e-05 0.00106026 9.54525e-08 0.0198903 5.95784e-05 2.13133e-05 0.00199361 1.77559e-05 0.000140589 7.30231e-05 0.0172977 0.000901868 1.0244e-06 
0.00330602 0.0126115 0.0117564 0.0002274 0.0377199 0.0198673 0.0634576 0.0733789 0.00214783 0.00416507 0.0102087 0.00011786 0.0905914 0.00165945 0.000229724 6.55373e-06 4.33008e-08 0.000439009 0.00336193 0.000102217 0.00509409 0.161144 0.0014666 0.235856 0.0166333 0.0022622 0.0996816 0.123108 0.0193766 2.3378e-05 
0.00414751 0.00404447 0.0127847 6.94149e-08 0.0311325 0.0468697 0.190069 0.0685101 2.87875e-06 0.00920191 0.00246383 4.23694e-05 0.0075603 5.56488e-05 0.174486 5.77581e-08 7.43178e-09 0.00031256 0.100369 1.24897e-06 0.0470515 0.000530507 0.020557 0.00967906 3.97359e-05 1.7629e-06 0.0205516 0.17602 0.0735153 1.49746e-08 
0.040571 0.0428378 0.0189129 0.00033991 0.00879451 0.100818 0.173547 0.0403615 5.88449e-07 0.0656637 0.00316166 0.0560022 0.00974947 7.20876e-05 0.0103954 3.99002e-08 1.69481e-08 0.00279059 0.0351164 0.0133675 0.0204079 0.131434 0.00146595 0.0167067 0.00256813 0.00283112 0.00149754 0.136299 0.0642871 4.54781e-07 
0.0204514 0.00945942 0.00297843 2.84161e-05 0.0290931 0.0106419 0.0818744 0.0314716 0.00295225 0.0274924 0.00383844 0.00991924 0.0302781 0.000224437 0.123605 0.000115085 1.02464e-06 0.0186387 0.00976452 0.000358723 0.0669006 0.0949102 0.000545376 0.0644133 0.000629546 0.000431808 0.0163314 0.0487567 0.293864 3.01759e-05 
0.000943255 0.00337426 0.00273621 7.97392e-07 0.00598019 0.000716325 0.0169302 0.0175971 0.00167511 0.00134607 0.00125177 0.000663849 9.95398e-05 2.54207e-08 1.33273e-07 3.21682e-08 1.26277e-08 0.000593216 0.00735444 4.2384e-05 0.844885 0.000533457 1.37583e-07 0.00123025 3.10522e-06 0.00370154 0.0172875 0.069718 0.00133363 2.13125e-06 
0.0121241 0.00336522 0.000196087 5.15615e-06 0.000457641 0.00991901 0.0231596 0.0177981 0.0179225 0.00128002 0.00639674 0.000449705 0.0721083 0.00181531 0.00426376 5.87216e-09 4.93489e-09 2.7667e-07 0.000325796 0.689697 0.000561526 0.0487865 0.00027108 0.0146204 0.000100139 0.000431911 0.00174026 0.052 0.0202036 7.11925e-08 
0.00196167 0.00297366 0.951156 3.79312e-06 0.00229889 0.000143319 0.00642567 0.00745337 4.18673e-05 0.000621344 0.000124625 0.00435826 3.22707e-05 1.61952e-05 0.000838818 1.48135e-12 1.20364e-12 0.000261714 0.000410561 4.91036e-06 0.00288729 0.000202659 1.49099e-05 0.000979982 2.90026e-05 0.000237139 0.000428641 0.0153463 0.000747232 2.03766e-08 
0.301918 0.646247 0.00289145 2.96325e-07 1.17565e-06 6.58745e-05 0.0331636 0.00548985 0.000509138 0.000188545 4.91062e-05 5.1869e-08 0.000101122 0.000711561 0.000530186 3.02213e-11 2.45557e-11 3.3744e-05 7.9325e-06 0.00046346 0.00216357 0.000150687 0.000431121 0.000458962 0.000160599 1.54833e-05 1.03402e-07 0.00195249 0.00229407 4.68541e-09 
2.12985e-08 0.00408219 0.0116347 2.44181e-09 0.198657 9.38726e-06 0.00291164 0.0116961 4.19205e-10 1.28845e-07 0.0122821 3.73536e-05 4.75974e-08 9.5646e-06 0.000529485 6.66856e-12 5.4184e-12 6.03957e-08 0.0337323 3.85589e-08 0.0367242 0.00378148 8.83685e-08 0.00187518 3.0497e-05 2.23859e-08 0.0013556 0.634841 0.0458095 9.60107e-09 
0.00616341 0.00397491 0.00366818 0.000243584 0.0450205 0.0104375 0.0124841 0.0282858 0.101154 0.00141108 0.0451938 0.000449115 0.012455 0.00178746 0.00196742 0.000116295 2.96739e-05 0.00259231 0.062471 0.0022714 0.0271601 0.0129861 0.00192659 0.369914 0.00120078 0.000805375 0.0338368 0.179287 0.0269488 0.00375713 
0.0119137 0.016091 0.0358081 1.33489e-05 0.00167015 0.000197627 0.0262499 0.00131439 8.94234e-05 0.000404447 3.96584e-05 0.871392 3.74799e-06 4.70595e-07 0.000491684 1.53114e-07 3.38002e-08 3.45842e-05 0.000868359 8.83999e-08 0.016276 4.89335e-05 1.7502e-05 0.00163163 4.35481e-05 0.000115236 5.98373e-05 0.0141541 0.00106975 8.65836e-07 
0.00032137 0.0683924 0.000584028 2.7977e-05 0.0013544 0.00170653 0.0106304 0.0100313 0.326169 0.00343693 0.0302553 0.0309338 0.000653889 0.000560599 0.00290008 2.98042e-08 8.22626e-10 0.000544645 0.00691029 0.000588587 0.013489 0.00632729 0.0039904 0.139531 7.05468e-05 0.000169454 0.24461 0.0783568 0.0167008 0.000753065 
0.0145591 0.019665 0.0322723 1.62677e-05 0.0020406 0.000217958 0.0320813 0.00160583 0.000109004 0.000493451 4.83794e-05 0.854786 4.54485e-06 5.48963e-07 0.00060018 1.55461e-07 2.81444e-08 4.21334e-05 0.00106026 9.54525e-08 0.0198903 5.95784e-05 2.13133e-05 0.00199361 1.77559e-05 0.000140589 7.30231e-05 0.0172977 0.000901868 1.0244e-06 
0.000160627 8.77274e-06 4.54166e-08 4.31664e-05 0.00180629 6.35034e-05 0.00028428 0.000312758 1.47893e-11 1.78164e-05 0.000213774 1.55862e-07 0.000354185 8.11524e-05 2.43095e-05 3.79858e-12 3.08646e-12 6.12573e-05 4.66453e-05 4.00846e-05 2.25813e-05 0.00206756 2.43924e-06 0.000432618 0.992985 0.000501025 0.000118921 0.000276019 7.51047e-05 7.13757e-08 
3.47856e-07 0.00118821 3.94544e-05 0.000943049 0.00711969 0.0162814 0.0417125 0.0394372 0.00032358 8.39897e-06 0.0722666 0.000262027 0.00204642 6.97136e-05 0.017522 1.13285e-08 9.20473e-09 0.00255405 1.70346e-06 1.19306e-08 0.0246467 0.282815 0.000861043 0.309368 0.000876583 2.17742e-05 0.00488761 0.120971 0.0537761 4.54673e-07 
0.0121241 0.00336522 0.000196087 5.15615e-06 0.000457641 0.00991901 0.0231596 0.0177981 0.0179225 0.00128002 0.00639674 0.000449705 0.0721083 0.00181531 0.00426376 5.87216e-09 4.93489e-09 2.7667e-07 0.000325796 0.689697 0.000561526 0.0487865 0.00027108 0.0146204 0.000100139 0.000431911 0.00174026 0.052 0.0202036 7.11925e-08 
0.032924 0.0126644 0.0352004 0.00339451 0.0186877 0.045513 0.050567 0.113308 0.0196486 0.00816766 0.141206 0.0013834 0.0154423 0.00412189 0.00110293 0.00060629 6.29539e-05 0.013469 0.147803 0.00339369 0.044427 0.00641468 0.0128797 0.0615326 0.00226525 0.0172791 0.0518843 0.10615 0.0276617 0.000839008 
8.39278e-05 0.0136507 0.00293553 0.000196952 0.0445373 0.0329944 0.0250983 0.207896 0.00332177 0.00426737 0.0734272 5.27444e-05 0.0279629 0.00156188 0.00507231 9.44165e-07 6.60074e-09 0.00052802 0.015838 0.00185923 0.0154844 0.00523725 0.332648 0.0132118 0.0003156 0.00633745 0.0104081 0.0907545 0.0643175 1.94679e-08 
0.011822 0.0217585 0.00214363 0.000155771 0.00164844 0.00848014 0.0921877 0.0250432 1.79946e-06 0.0766719 0.00295275 5.67936e-07 0.0154678 0.000479804 0.00842628 1.00096e-06 3.7691e-07 0.0081831 0.0149403 0.0206825 0.000849649 0.467904 0.000685231 0.0303049 0.077517 0.000256628 0.026826 0.0758622 0.00867449 7.26045e-05 
0.0145591 0.019665 0.0322723 1.62677e-05 0.0020406 0.000217958 0.0320813 0.00160583 0.000109004 0.000493451 4.83794e-05 0.854786 4.54485e-06 5.48963e-07 0.00060018 1.55461e-07 2.81444e-08 4.21334e-05 0.00106026 9.54525e-08 0.0198903 5.95784e-05 2.13133e-05 0.00199361 1.77559e-05 0.000140589 7.30231e-05 0.0172977 0.000901868 1.0244e-06 
0.000755998 0.0230277 0.0273561 1.38866e-07 0.00221662 0.00152124 0.180857 0.00120093 0.000430055 0.0190958 0.000282632 0.00890172 0.00019473 0.000974973 0.666749 3.2185e-07 7.58879e-10 0.000533556 0.00324735 5.36637e-09 0.0108964 0.000347316 0.000866825 0.00117757 0.00015124 0.000140878 0.000379534 0.0362683 0.0124265 1.38168e-07 
0.000459617 0.0078448 0.00282109 0.000456771 0.00066173 0.0251931 0.0594539 0.0169288 0.0354242 3.90715e-05 0.00266291 2.1894e-06 0.000279104 0.000265595 0.00446243 0.0347098 2.66742e-10 0.558275 0.00211523 0.00112008 0.00362385 0.017912 0.0161369 0.0356271 2.45214e-05 0.00890735 0.00771726 0.00923734 0.0057807 0.141857 
8.01779e-05 0.0150799 0.00202807 0.000310378 0.0300141 0.0136208 0.00733544 0.0416013 0.225365 0.0352606 0.0294084 0.000300009 0.000189848 1.44379e-05 0.00944013 1.23698e-05 7.48721e-06 0.000597755 0.0438293 0.00165742 0.0181293 0.0345275 0.00173837 0.27966 2.32957e-05 0.00658577 0.015259 0.0345739 0.0130824 0.140267 
6.66498e-05 0.00533408 0.000190716 0.000336404 0.00646979 0.00310828 0.0266977 0.00344328 1.38346e-06 3.57975e-06 0.000802444 0.000220465 0.00997231 0.0150089 0.00170902 4.22535e-09 3.43322e-09 0.852156 0.00139675 0.000546746 0.00108433 0.0359574 3.73947e-05 0.000695201 5.89206e-07 0.000491604 5.88252e-06 0.0336263 0.000454354 0.000182101 
1.16065e-08 2.70449e-05 0.000123989 4.30753e-09 0.548843 0.00431595 1.40637e-08 0.011918 0.00305894 4.8937e-05 0.00189333 2.42662e-09 0.000241694 3.30865e-08 0.000948821 1.15949e-11 9.42117e-12 3.10727e-08 0.0567126 1.22111e-11 0.201231 0.000301121 0.000215427 0.00484317 3.12792e-06 2.3204e-08 0.00677477 0.129576 0.0289236 2.9774e-09 
0.000190729 0.00234365 0.0015682 0.000205689 0.0634996 0.0197091 0.0858783 0.036969 0.0447815 0.00774805 0.0576755 0.00793346 0.00295364 0.000219161 0.00155553 1.80736e-05 3.20756e-07 0.00219301 0.000563634 0.000529134 0.0185252 0.136428 0.00253397 0.153414 0.0235401 0.0223814 0.203643 0.101111 0.00188231 5.3763e-06 
2.9671e-05 0.000238836 2.81086e-06 0.000169236 0.00453085 0.00531278 0.00645065 0.0015002 1.63102e-07 0.000994393 1.24916e-05 3.39713e-07 0.00275785 0.000271664 0.011572 9.22229e-10 7.49338e-10 0.000131777 1.05289e-06 0.000197282 0.000923407 0.047024 0.000165854 0.00456917 0.904182 0.00227334 0.00260255 5.81371e-08 0.00408567 4.85013e-09 
0.619245 0.0135183 0.0120404 0.000146714 0.000722673 0.0034746 0.118944 0.00181688 1.44597e-05 0.046797 0.0022755 0.000597299 0.00135163 0.00402453 0.00193965 5.50229e-08 2.74501e-08 0.0241835 0.109555 0.000521024 0.00662077 0.00123067 0.000135441 0.00223295 0.00190187 0.000230932 0.000311534 0.0246594 0.00150834 5.79427e-07 
1.988e-07 0.0035375 4.63001e-06 9.0851e-05 0.0169073 0.0144351 0.0155552 0.0462595 7.17606e-07 0.0165356 0.0018116 0.00292953 0.0203164 1.04926e-05 0.0106503 1.05029e-08 8.53393e-09 0.00704643 0.00207933 0.000369623 0.00573374 0.780734 0.00222663 0.0202079 0.000192841 0.000545554 0.000290422 0.00910112 0.022212 0.000215597 
0.00066513 0.00966432 0.02361 1.4426e-05 0.000265654 2.74877e-05 0.00410064 5.28456e-05 3.01267e-09 1.5813e-06 1.00889e-05 0.961157 9.13842e-10 6.52322e-08 9.13636e-06 7.02837e-11 4.20182e-13 9.87775e-06 8.37495e-07 6.61815e-10 0.000131733 1.14902e-09 3.40168e-05 0.000140659 7.0443e-06 8.24056e-06 6.37935e-06 8.20476e-05 1.24626e-09 1.153e-06 
0.0145591 0.019665 0.0322723 1.62677e-05 0.0020406 0.000217958 0.0320813 0.00160583 0.000109004 0.000493451 4.83794e-05 0.854786 4.54485e-06 5.48963e-07 0.00060018 1.55461e-07 2.81444e-08 4.21334e-05 0.00106026 9.54525e-08 0.0198903 5.95784e-05 2.13133e-05 0.00199361 1.77559e-05 0.000140589 7.30231e-05 0.0172977 0.000901868 1.0244e-06 
0.0271215 0.00841084 0.000323057 1.57633e-06 0.0123536 0.00667238 0.162781 0.00282835 0.0320707 0.00017553 0.0110641 0.000545644 0.0191951 0.0075347 0.0193398 7.76219e-09 6.307e-09 0.0121457 0.000952428 0.00360686 0.0109248 0.569806 0.000626826 0.00282357 0.00527806 6.06933e-05 0.000351006 0.0691542 0.0138515 5.36401e-07 
0.0162061 0.00228363 0.00233399 1.24438e-05 0.0238601 0.000624038 0.0255255 0.00294689 8.97437e-05 0.00148921 0.0155 0.000264219 0.00172047 0.00205895 0.00057087 1.50928e-06 1.41472e-06 3.46646e-05 0.395389 5.11142e-05 0.0992919 0.000449639 9.39567e-05 0.0174466 0.000466038 0.000499753 0.00197635 0.379388 0.0094206 3.62294e-06 
1.16065e-08 2.70449e-05 0.000123989 4.30753e-09 0.548843 0.00431595 1.40637e-08 0.011918 0.00305894 4.8937e-05 0.00189333 2.42662e-09 0.000241694 3.30865e-08 0.000948821 1.15949e-11 9.42117e-12 3.10727e-08 0.0567126 1.22111e-11 0.201231 0.000301121 0.000215427 0.00484317 3.12792e-06 2.3204e-08 0.00677477 0.129576 0.0289236 2.9774e-09 
0.000173655 0.0327467 0.0012296 6.11118e-05 0.0132589 0.0138017 0.00501401 0.02889 0.0284114 0.00318677 0.00231302 0.0042975 0.00566882 0.0266859 0.00012616 2.16962e-05 5.62856e-07 0.000500546 0.00510279 0.0001173 0.00511766 0.00667455 0.38843 0.0059608 0.000122268 0.00103912 0.38998 0.0148752 0.0161806 1.17538e-05 
