0.00403058 0.00258105 0.00096736 3.55138e-05 0.0159682 0.000412075 0.032968 0.00527519 0.00824797 0.000742373 0.0039167 0.00294236 0.000933014 0.00191443 0.00622475 2.12935e-07 7.62968e-08 0.000346388 0.0364256 5.51188e-05 0.0245887 0.0013342 0.000261982 0.285034 0.00148372 0.000122447 0.0116341 0.542471 0.00908251 3.59934e-07 
0.00182694 0.00296819 0.961328 3.64765e-06 0.0020612 0.000142139 0.00636263 0.00681706 3.0021e-05 0.000589653 0.000106402 0.000380194 2.79522e-05 1.30079e-05 0.000749242 1.47339e-12 1.19717e-12 0.000217842 0.000394261 4.14445e-06 0.00233869 0.000149626 1.04555e-05 0.00096192 2.83868e-05 0.00022329 0.000418007 0.0111974 0.000650117 5.96419e-10 
2.65831e-07 0.000915404 8.64746e-07 1.42317e-06 0.0873782 0.008881 0.0060401 0.0147609 0.0111397 6.1548e-05 0.00360268 7.06778e-07 0.00079427 0.000167891 0.0930527 1.17439e-09 9.54224e-10 1.35715e-06 0.0124455 4.08116e-07 0.58836 8.00385e-08 0.00237564 0.00655975 2.76351e-07 2.10731e-05 0.000588813 0.0896416 0.0732082 1.17653e-07 
3.91022e-05 0.000234487 2.29878e-05 6.49916e-05 0.00546106 0.141512 0.000644579 0.0326003 0.0734665 9.85719e-05 0.00895738 0.000177819 0.0829057 4.15147e-07 0.0281148 4.95178e-05 8.73588e-08 0.000242622 0.00689443 0.0004221 3.14298e-06 0.147052 0.00181762 0.260814 0.000369185 0.0116286 0.0742325 0.0269152 0.0762733 0.018985 
6.66498e-05 0.00533408 0.000190716 0.000336404 0.00646979 0.00310828 0.0266977 0.00344328 1.38346e-06 3.57975e-06 0.000802444 0.000220465 0.00997231 0.0150089 0.00170902 4.22535e-09 3.43322e-09 0.852156 0.00139675 0.000546746 0.00108433 0.0359574 3.73947e-05 0.000695201 5.89206e-07 0.000491604 5.88252e-06 0.0336263 0.000454354 0.000182101 
4.00688e-05 0.000493822 0.000562915 6.52816e-05 0.216615 0.00541661 0.012937 0.00689726 0.00439909 0.000759597 0.00328947 0.000205322 4.25918e-06 8.38091e-06 3.22285e-05 8.23631e-06 1.48803e-08 0.000911102 0.0017146 0.000286394 0.00950369 0.592877 0.000242429 0.0291641 1.4308e-07 0.0082275 0.00308791 0.0119767 0.00316948 0.087105 
0.00066517 0.00630607 0.00217097 0.000161915 0.569871 0.00593357 0.063753 0.00645455 0.00619581 0.000645593 0.068525 0.000113148 0.000465232 0.000143765 0.000824422 8.86602e-12 7.2039e-12 0.000504327 0.0153383 1.27531e-07 0.0169081 0.0218476 0.000726934 0.154537 5.48909e-06 0.0137522 0.00307401 0.0332779 0.00772898 7.01079e-05 
4.58575e-05 0.00224727 0.00873841 1.30016e-06 0.480011 0.000173312 0.00145583 0.00859337 6.46942e-06 0.000137075 0.00831877 1.86806e-05 4.19979e-05 4.78555e-06 0.000264758 4.98958e-12 4.05418e-12 9.87126e-05 0.0312367 2.42799e-08 0.0235964 0.00297118 0.000225935 0.00798454 3.84902e-05 3.36868e-05 0.00254915 0.384042 0.0371642 8.38393e-07 
2.81045e-05 0.00109213 2.80644e-05 1.37691e-05 0.267525 0.00307697 0.00122803 0.0554709 2.85318e-06 0.0135321 0.00517938 2.63426e-07 0.00471913 0.00023914 0.00318685 2.28831e-09 1.85932e-09 0.00165538 0.00214665 0.000432901 0.00779928 0.140293 3.04551e-06 0.259431 7.39077e-06 4.21403e-06 0.00114419 0.206504 0.0252172 3.87406e-05 
0.0105291 0.00402519 0.00215164 0.0243672 0.0164871 0.0270128 0.0532 0.0247701 0.00122779 0.0340502 0.093011 0.00234865 0.0264145 0.000521543 0.00571574 7.70675e-06 6.5463e-06 0.147213 0.0066485 0.00164739 0.0197306 0.0105799 0.00202328 0.0521507 0.000546797 0.0029697 0.0178975 0.320552 0.0921767 1.73002e-05 
3.90399e-05 0.00285955 0.000105497 9.84512e-05 0.0056312 0.0130587 0.00488057 0.0771951 0.0169474 0.000269655 0.0431514 0.000104491 0.000545351 0.0195409 0.000292458 0.000158172 1.25565e-05 0.00100487 0.0444724 1.57911e-05 0.035073 0.00824437 0.00323037 0.463738 0.000191742 0.000480524 0.0352201 0.153471 0.0699479 1.94575e-05 
0.0119122 0.01609 0.0264992 1.33243e-05 0.00334062 0.000820584 0.0441847 0.0025594 0.00162611 0.000598948 4.14258e-05 0.829224 7.36302e-05 6.4565e-06 0.000491191 1.29812e-07 2.42017e-08 3.44988e-05 0.00340937 8.09338e-08 0.0379666 4.87688e-05 1.74665e-05 0.00320287 1.45479e-05 0.000115078 5.97681e-05 0.0169104 0.000737974 8.48686e-07 
0.0138183 0.00664605 0.000780865 6.85504e-06 0.0413572 0.000928853 0.0916533 0.453047 0.000152805 0.00609625 0.00667793 0.0330429 3.53413e-06 1.02927e-06 0.00111362 1.30674e-06 5.19693e-07 0.00622235 0.0170805 3.4676e-05 0.104258 0.086364 0.000364484 0.0338107 0.000288071 0.000116189 0.0146258 0.0670829 0.0143974 2.69137e-05 
5.95933e-05 0.0268265 0.0552992 0.000144973 4.09414e-05 0.0141653 0.0151557 0.0569224 0.0249797 0.00415481 0.14021 2.57531e-05 0.000129613 0.183936 0.0287974 3.09356e-08 2.51361e-08 0.0450946 0.131321 3.25799e-08 2.86042e-06 0.0985878 0.0489472 0.0272392 3.5943e-06 0.0193359 0.0580812 0.0199992 0.000465914 7.33729e-05 
0.0278264 0.0211432 0.00224762 0.000143857 0.590141 0.00219192 0.00646001 0.0109125 0.00373215 0.00395784 0.00134505 0.000242142 6.05733e-05 3.72486e-05 9.23447e-05 7.46958e-06 9.71955e-07 0.00183896 0.00977454 1.19505e-06 0.226349 0.000389678 0.000206396 0.026173 5.71958e-05 0.00549295 0.00841634 0.0458209 0.00493311 4.93864e-06 
0.00395065 0.0306858 3.04901e-05 1.3685e-05 0.00262648 0.0174722 0.0914452 0.0896222 0.0149749 6.59376e-05 0.00759919 1.24012e-06 0.386596 0.00143381 0.0226402 2.82688e-07 2.29692e-07 4.87872e-05 0.0325106 6.14988e-06 0.0443977 0.0019733 0.00157469 0.0106552 0.000178952 4.9386e-05 0.156927 0.0396327 0.0428819 4.67623e-06 
0.0156135 0.0145968 0.0029343 0.0081139 0.0411191 0.0405176 0.0332237 0.07215 0.0091449 0.00250762 0.038462 0.00292477 0.00305605 0.00152862 0.0110265 0.0116 4.2263e-06 0.24888 0.0382385 5.06442e-05 0.188029 0.0173012 0.00472493 0.0229602 0.00158295 0.0066449 0.0189448 0.0935916 0.0505103 1.69344e-05 
1.55843e-05 1.37779e-07 1.83391e-07 2.40849e-05 0.000577792 1.45929e-06 0.000516709 0.000922481 0.000220728 8.65456e-07 0.0568201 6.41282e-08 0.000283485 0.00584832 4.90243e-07 1.16743e-10 9.48574e-11 0.0002856 0.0327388 1.22948e-10 0.00139451 6.60033e-05 0.0037538 0.679866 1.35724e-07 9.44816e-07 0.194796 0.0218605 6.59235e-07 4.06301e-06 
0.0271215 0.00841084 0.000323057 1.57633e-06 0.0123536 0.00667238 0.162781 0.00282835 0.0320707 0.00017553 0.0110641 0.000545644 0.0191951 0.0075347 0.0193398 7.76219e-09 6.307e-09 0.0121457 0.000952428 0.00360686 0.0109248 0.569806 0.000626826 0.00282357 0.00527806 6.06933e-05 0.000351006 0.0691542 0.0138515 5.36401e-07 
0.00182694 0.00296819 0.961328 3.64765e-06 0.0020612 0.000142139 0.00636263 0.00681706 3.0021e-05 0.000589653 0.000106402 0.000380194 2.79522e-05 1.30079e-05 0.000749242 1.47339e-12 1.19717e-12 0.000217842 0.000394261 4.14445e-06 0.00233869 0.000149626 1.04555e-05 0.00096192 2.83868e-05 0.00022329 0.000418007 0.0111974 0.000650117 5.96419e-10 
0.000256438 0.000404653 0.000422099 0.0101981 0.0657511 0.0974456 0.00286998 0.0193134 0.000672266 0.00250339 0.0100767 0.00552674 0.0286448 0.000476195 0.00130791 4.22218e-05 2.20142e-05 0.00264991 0.000683959 0.00641192 0.0106361 0.537858 0.000101108 0.151395 3.2396e-05 0.000129268 0.000343467 0.0208952 0.0155891 0.00734109 
0.00248113 0.173745 0.0038874 5.18941e-05 0.0044839 0.0320873 0.0756054 0.00513012 0.0117954 0.0117135 0.000152707 2.19072e-06 0.00378478 6.34331e-05 0.00223812 1.6112e-08 1.30915e-08 0.000230521 0.0040701 0.00481901 0.00315666 0.0716653 4.13598e-06 0.554116 3.38923e-05 0.000112626 0.0170008 0.00420874 0.0132306 0.000128911 
0.00317964 0.00629614 0.0369773 0.000739364 0.0317388 0.00737599 0.019065 0.0749245 8.3781e-06 0.0131637 0.00405116 0.00220262 0.00323654 1.27331e-08 0.00488108 3.93501e-11 3.19731e-11 0.00464972 0.0327386 2.5487e-05 0.0073326 0.138707 0.0036949 0.0541864 0.00106917 0.00561251 0.0140179 0.45794 0.0719482 0.000237504 
0.00297328 0.0185457 0.00200517 0.000207807 0.0129626 0.00416715 0.0455756 0.0189172 0.000458275 0.000433637 0.00295141 0.00208528 0.00664516 0.00492839 0.000968766 8.6869e-07 3.43658e-07 0.473724 0.0202008 0.00266018 0.210525 0.0207048 8.94722e-05 0.00216719 4.55893e-05 0.00625768 0.00502973 0.132414 0.00187912 0.000476089 
0.00912395 0.0183643 0.00235415 0.000335944 0.00133172 0.0393221 0.0962712 0.0350913 2.2073e-07 0.00526655 0.00903089 0.0236786 0.0116599 6.56871e-05 0.0176991 2.97541e-06 1.66576e-08 0.00756316 0.0130427 0.00210486 3.44033e-06 0.591684 0.0162302 0.0307563 0.0434465 1.1166e-05 2.86353e-05 0.0138858 0.0115936 5.03739e-05 
0.0145591 0.019665 0.0322723 1.62677e-05 0.0020406 0.000217958 0.0320813 0.00160583 0.000109004 0.000493451 4.83794e-05 0.854786 4.54485e-06 5.48963e-07 0.00060018 1.55461e-07 2.81444e-08 4.21334e-05 0.00106026 9.54525e-08 0.0198903 5.95784e-05 2.13133e-05 0.00199361 1.77559e-05 0.000140589 7.30231e-05 0.0172977 0.000901868 1.0244e-06 
0.000414673 0.0189544 0.000632838 1.12326e-05 0.374264 0.00637274 0.225098 0.0211785 0.00108079 0.00462466 0.00448019 0.000113656 0.00211844 0.00942657 0.0148566 3.7767e-10 3.06868e-10 0.0047058 0.0297414 8.48266e-07 0.0738725 0.0387137 0.000803066 0.0133438 9.52282e-07 0.0240929 0.0187457 0.0318187 0.0805318 1.44749e-06 
0.0145591 0.019665 0.0322723 1.62677e-05 0.0020406 0.000217958 0.0320813 0.00160583 0.000109004 0.000493451 4.83794e-05 0.854786 4.54485e-06 5.48963e-07 0.00060018 1.55461e-07 2.81444e-08 4.21334e-05 0.00106026 9.54525e-08 0.0198903 5.95784e-05 2.13133e-05 0.00199361 1.77559e-05 0.000140589 7.30231e-05 0.0172977 0.000901868 1.0244e-06 
0.00182694 0.00296819 0.961328 3.64765e-06 0.0020612 0.000142139 0.00636263 0.00681706 3.0021e-05 0.000589653 0.000106402 0.000380194 2.79522e-05 1.30079e-05 0.000749242 1.47339e-12 1.19717e-12 0.000217842 0.000394261 4.14445e-06 0.00233869 0.000149626 1.04555e-05 0.00096192 2.83868e-05 0.00022329 0.000418007 0.0111974 0.000650117 5.96419e-10 
0.00802287 0.0131728 0.0674431 0.000378725 0.00867435 0.0817325 0.151116 0.0735169 0.00486936 0.0194146 0.0266338 0.00658835 0.0524666 0.000119243 0.0367005 1.10774e-06 6.52905e-07 0.0127806 0.0114161 9.15514e-05 0.0143569 0.197331 0.0269646 0.0154091 0.010179 0.00241921 0.0118682 0.0554652 0.0906839 0.000182864 
4.6287e-05 0.000861161 0.000625381 5.33513e-05 0.849285 0.00496902 0.031692 0.00378808 0.000913422 0.00014003 0.00903288 1.3553e-08 0.000775259 2.19181e-08 0.000343122 1.42196e-12 1.15539e-12 0.000840389 0.00479841 8.00325e-08 0.0281796 0.00218397 0.000432316 0.0192544 9.10667e-06 0.00437881 0.00512304 0.0244593 0.00781016 5.06885e-06 
0.00241088 0.0253779 0.00835155 0.00227354 0.00598468 0.0275423 0.0819277 0.163126 0.0192984 0.00057827 0.00945005 0.0108402 0.00175095 0.000700017 0.0115215 0.0105551 6.26817e-05 0.240887 0.0120658 0.000987764 0.0748466 0.0268753 0.0148083 0.0772758 0.000529322 0.00858231 0.0191569 0.0757089 0.0220139 0.0445114 
0.0063313 0.139891 0.0110183 1.05197e-05 0.128403 0.0743948 0.0170874 0.0767885 0.00122794 0.032227 0.0185434 4.05785e-05 0.0158917 0.000147544 0.00339253 2.93412e-06 2.1046e-06 0.00102164 0.0172408 7.64754e-05 0.041683 0.00167491 0.00609004 0.0113771 9.30434e-05 0.005392 0.112727 0.106324 0.170895 4.66959e-06 
0.000716751 0.0011181 0.000289117 0.0109516 0.018685 0.0302181 0.0012343 0.00619729 3.84357e-07 0.000540015 0.025362 6.31162e-07 0.00326122 6.15532e-05 0.000261768 0.00232638 2.58327e-08 0.692249 0.0635124 2.10659e-05 0.000398762 0.00612685 0.00407864 0.0170862 0.00223235 0.000368189 0.0248065 0.075801 0.0120429 5.19047e-05 
0.00156644 0.0526891 0.0310633 8.96249e-05 0.00734874 0.00182537 0.13061 0.00509589 9.93316e-06 0.00178621 0.00302337 0.00942013 3.21466e-05 0.000589943 0.641283 0.000662412 5.6301e-09 0.000606586 0.0150028 0.0230484 0.00607702 0.0172976 0.0334159 0.00227681 4.11905e-05 7.46607e-05 0.000371015 0.00853699 0.00615001 4.82116e-06 
0.0303456 0.029598 0.00621396 7.37677e-05 0.00634124 0.007336 0.215777 0.234114 0.000748161 0.134091 0.0121771 0.0016437 0.00597627 0.00176472 0.0181784 4.27899e-06 2.52014e-06 0.00333809 0.108049 0.00148486 0.00714411 0.0469126 0.000308685 0.0214358 0.00339323 0.000659604 0.00364329 0.0907639 0.00833545 0.000145809 
0.021339 0.0100285 0.00183924 5.65248e-10 0.0563254 0.000597343 0.0142132 0.0240423 1.07843e-08 0.00776545 0.00118815 0.000357269 2.04176e-08 6.56568e-09 0.000510928 9.68521e-13 7.86952e-13 0.000597727 0.0839698 1.02e-12 0.187976 0.000380703 6.71448e-09 0.0323032 2.80257e-09 0.00218346 1.39361e-08 0.526374 0.0280084 1.11003e-09 
0.00323403 0.00169848 0.00022864 4.87358e-05 0.0110709 0.038963 0.0139392 0.00480346 0.0095647 5.32709e-05 0.00639467 7.78271e-07 0.0060585 0.00345786 0.00444734 9.33681e-05 5.83292e-07 0.000310875 0.00394035 0.000738448 0.0439689 0.000645752 0.00136916 0.53737 2.57488e-05 0.00412427 0.244319 0.0176989 0.0414296 1.50735e-06 
0.0379706 0.00109847 0.000678078 0.000205722 0.067749 0.0295372 0.00243812 0.000934317 0.000148073 0.000393528 0.00248384 8.31314e-06 0.0914444 0.00533361 0.0087453 2.39498e-09 1.94599e-09 0.000357487 0.000539983 9.70983e-07 0.00377288 0.000337555 0.000178175 0.101891 0.560983 0.0133219 0.0252881 0.0384719 0.00568843 1.41344e-08 
0.0145591 0.019665 0.0322723 1.62677e-05 0.0020406 0.000217958 0.0320813 0.00160583 0.000109004 0.000493451 4.83794e-05 0.854786 4.54485e-06 5.48963e-07 0.00060018 1.55461e-07 2.81444e-08 4.21334e-05 0.00106026 9.54525e-08 0.0198903 5.95784e-05 2.13133e-05 0.00199361 1.77559e-05 0.000140589 7.30231e-05 0.0172977 0.000901868 1.0244e-06 
0.00944096 0.00868237 0.000374701 0.000334801 0.0185725 0.00378109 0.0383461 0.0518835 0.00223246 0.0120324 0.0106147 0.00907287 0.000410682 4.34001e-05 0.000616162 3.93424e-07 1.54371e-07 0.00746574 0.00837469 0.000211782 0.0159887 0.480422 3.53149e-06 0.267345 4.94476e-05 0.00351639 0.000364817 0.0475274 0.00225195 3.9843e-05 
4.33241e-08 0.180771 0.264951 5.80222e-09 3.98097e-05 0.000536531 0.169423 0.033306 0.00417105 0.00534852 5.59835e-08 8.73395e-05 5.79571e-09 0.000125723 0.292338 3.34891e-11 2.72108e-11 2.21347e-08 0.00525194 3.5269e-11 2.52617e-07 1.458e-08 3.18193e-08 0.0121182 9.14416e-05 6.38109e-08 0.0156705 0.0109376 0.00483226 8.24565e-09 
0.0185805 0.0221937 0.0740478 0.000213482 0.00689831 0.00625815 0.69472 0.0153764 2.15913e-05 0.00393519 0.0155629 0.00446951 0.00182427 0.000236241 0.00142916 1.25554e-06 3.78027e-07 0.00666661 0.00815291 0.00110371 0.0404187 0.00460974 0.000449233 0.0159077 0.000292332 0.00025061 0.00112971 0.0420106 0.013231 7.94791e-06 
0.00182694 0.00296819 0.961328 3.64765e-06 0.0020612 0.000142139 0.00636263 0.00681706 3.0021e-05 0.000589653 0.000106402 0.000380194 2.79522e-05 1.30079e-05 0.000749242 1.47339e-12 1.19717e-12 0.000217842 0.000394261 4.14445e-06 0.00233869 0.000149626 1.04555e-05 0.00096192 2.83868e-05 0.00022329 0.000418007 0.0111974 0.000650117 5.96419e-10 
7.66388e-06 0.00692507 0.0284664 9.17359e-07 0.134369 0.00823684 0.0344037 0.021358 0.000140359 0.00150899 0.000587748 5.76646e-08 2.06451e-06 7.52483e-06 0.00709813 2.59499e-06 7.90383e-10 1.33209e-06 0.0130654 1.02444e-09 0.0273941 0.0182257 2.47469e-06 0.308481 0.000258853 0.000291417 0.00684605 0.147312 0.235003 2.76932e-06 
0.00142623 0.00850775 0.00558166 0.000118637 0.109174 0.00636176 0.0725289 0.0369268 0.00129898 0.00110929 0.0203651 0.0126216 0.00225533 0.000388712 0.00340066 4.70434e-05 1.09268e-05 0.00204681 0.0652496 8.17922e-05 0.0876764 0.00175193 0.00170488 0.025622 0.000140467 0.00015229 0.0124249 0.37866 0.14233 3.5776e-05 
0.0729391 0.00772646 0.00381862 0.00106217 0.00299624 0.00110415 0.425561 0.00168495 5.45165e-05 0.00167805 0.000164946 0.00755342 0.00225827 6.51849e-05 0.00124805 1.68386e-08 6.60048e-09 0.28154 0.00823964 0.00111962 0.0288647 0.0145304 6.55091e-08 0.097399 0.000105977 3.79332e-08 0.00747377 0.0297359 0.00105866 1.7812e-05 
0.0247011 0.00545063 0.00516738 8.729e-06 0.00418293 0.053089 0.0157972 0.0676117 0.0415663 0.000422939 0.000506132 1.49213e-07 0.0100873 0.000182739 0.000849188 7.23466e-06 6.27899e-10 0.000144819 0.165006 9.90176e-07 0.0228426 0.00283273 0.36254 0.0118794 7.6458e-08 0.000115948 0.0541128 0.0722512 0.0786428 1.20149e-08 
9.43308e-06 0.0148823 0.00054998 8.92757e-05 0.00174192 0.131225 0.326232 0.0605248 0.00172299 0.00358654 0.00146999 4.23808e-07 0.00883417 2.78988e-07 0.0749399 1.42394e-10 1.15699e-10 0.00344656 0.0555164 0.0301596 0.0571347 0.00101967 0.00341519 0.00764505 1.32943e-06 3.35758e-07 0.00155796 0.0114748 0.202819 2.62708e-08 
0.0157493 0.0371616 0.214675 3.65096e-09 0.0652739 0.00705332 0.144766 0.0853188 0.00236007 0.00702319 0.00190251 1.48547e-07 0.000321439 0.00103841 6.21004e-05 1.68757e-11 1.3712e-11 0.000537362 0.0222711 5.25106e-08 0.0730564 0.000635213 0.00567973 0.0474311 8.33393e-08 0.000376441 0.0458256 0.11525 0.10623 6.23962e-09 
0.00257825 0.00310422 0.00200692 1.50441e-05 0.0524565 0.00431157 0.82611 0.00423097 3.03698e-05 0.00208754 0.00394703 0.000952207 0.00076138 4.41113e-05 0.000211807 1.15428e-07 3.42804e-08 0.00032829 0.0228246 0.00107924 0.0338779 0.0128257 2.34397e-05 0.00206446 1.96207e-07 0.000144843 0.00154047 0.0203188 0.00212352 6.50667e-07 
0.0138052 0.0074608 0.00654575 0.000419732 0.000828301 0.00947939 0.0772981 0.373232 0.000718909 0.00607016 0.0165727 0.000397673 0.000517365 0.00146254 0.000892748 1.95973e-06 9.93159e-07 6.02311e-05 0.0271308 0.00515522 0.2306 0.000244314 3.36637e-05 0.0450159 0.00100699 0.0277259 0.0140554 0.0327579 0.100507 3.23485e-06 
0.00182694 0.00296819 0.961328 3.64765e-06 0.0020612 0.000142139 0.00636263 0.00681706 3.0021e-05 0.000589653 0.000106402 0.000380194 2.79522e-05 1.30079e-05 0.000749242 1.47339e-12 1.19717e-12 0.000217842 0.000394261 4.14445e-06 0.00233869 0.000149626 1.04555e-05 0.00096192 2.83868e-05 0.00022329 0.000418007 0.0111974 0.000650117 5.96419e-10 
0.0145591 0.019665 0.0322723 1.62677e-05 0.0020406 0.000217958 0.0320813 0.00160583 0.000109004 0.000493451 4.83794e-05 0.854786 4.54485e-06 5.48963e-07 0.00060018 1.55461e-07 2.81444e-08 4.21334e-05 0.00106026 9.54525e-08 0.0198903 5.95784e-05 2.13133e-05 0.00199361 1.77559e-05 0.000140589 7.30231e-05 0.0172977 0.000901868 1.0244e-06 
0.0199387 0.00146396 0.000255813 0.00242587 0.0356074 0.0144679 0.0111262 0.0040783 0.000420112 0.0055346 0.00381478 6.15644e-07 0.0238547 4.36314e-05 0.0106976 5.82457e-07 1.54661e-08 0.00591132 0.0229962 0.00467979 0.000206695 0.0269188 0.00400047 0.00447263 0.781385 0.00164636 0.0074166 0.00182007 0.00481209 2.97546e-06 
0.00049369 0.00783981 0.00131281 0.000201614 0.0874975 0.00472294 0.0385142 0.0550831 0.016339 0.0228953 0.00191353 1.53777e-08 0.00183652 3.57982e-06 0.00239569 1.07314e-10 8.71959e-11 0.00256452 0.131515 1.13018e-10 0.0326534 0.0032187 0.0304019 0.147502 0.000197859 0.00291583 0.0516572 0.293236 0.0630878 8.56667e-08 
0.00182694 0.00296819 0.961328 3.64765e-06 0.0020612 0.000142139 0.00636263 0.00681706 3.0021e-05 0.000589653 0.000106402 0.000380194 2.79522e-05 1.30079e-05 0.000749242 1.47339e-12 1.19717e-12 0.000217842 0.000394261 4.14445e-06 0.00233869 0.000149626 1.04555e-05 0.00096192 2.83868e-05 0.00022329 0.000418007 0.0111974 0.000650117 5.96419e-10 
1.24023e-05 0.00541046 0.00299413 4.78804e-05 0.0349035 0.00644167 0.119868 0.0160042 6.10733e-06 0.00221529 0.114203 0.00502775 0.00969672 0.000304088 0.00266806 6.14471e-11 4.99276e-11 0.000227369 0.0075074 0.0650419 0.0321635 0.0468676 9.61534e-08 0.037355 1.0872e-07 1.54557e-07 0.00220085 0.448693 0.0401386 3.52399e-07 
0.00144573 0.0187039 0.00875959 9.29852e-05 0.0618942 0.0129264 0.176479 0.0233529 0.0287997 0.000735187 0.00570059 8.94736e-05 0.0144549 3.45398e-05 0.0450358 1.76884e-07 2.60319e-08 0.000524769 0.0136658 0.00801984 0.0160324 0.0168246 0.02331 0.0108362 0.00106413 0.000780183 0.0016122 0.490116 0.018708 8.4261e-07 
0.000160627 8.77274e-06 4.54166e-08 4.31664e-05 0.00180629 6.35034e-05 0.00028428 0.000312758 1.47893e-11 1.78164e-05 0.000213774 1.55862e-07 0.000354185 8.11524e-05 2.43095e-05 3.79858e-12 3.08646e-12 6.12573e-05 4.66453e-05 4.00846e-05 2.25813e-05 0.00206756 2.43924e-06 0.000432618 0.992985 0.000501025 0.000118921 0.000276019 7.51047e-05 7.13757e-08 
7.32192e-05 0.00876479 8.32213e-05 0.000242271 0.00739569 0.00720076 0.0354764 0.112439 3.48162e-06 3.95948e-06 0.0052488 1.14637e-07 0.129464 0.00426023 0.0277707 2.08649e-09 1.69533e-09 0.00593111 0.00783585 0.00778965 6.19196e-05 0.492684 0.00037 0.0496628 1.55067e-06 0.0446214 0.00149984 0.0401659 0.0109489 1.44743e-07 
0.0111272 0.00573486 0.000802859 1.90258e-06 0.00503663 0.0237083 0.051578 0.0029523 1.0211e-05 0.00351902 0.00262635 1.67589e-05 0.0169424 2.23207e-05 0.0185634 2.11825e-08 1.72114e-08 0.0134638 7.07255e-06 6.58342e-05 0.00503238 0.00162808 0.000134342 0.000298845 0.775266 2.05972e-05 0.00534286 0.00691361 0.0491845 2.86692e-08 
0.0222148 0.0151958 0.00308887 4.27771e-05 0.0176742 0.0861517 0.185301 0.0451299 0.00563628 0.147116 0.0183982 0.000680083 0.00463431 0.00457764 0.0218378 0.000434783 6.16313e-06 0.000530266 0.0257464 0.000159708 0.0502345 0.0135348 0.127568 0.077061 0.0022816 0.00315275 0.0595074 0.048547 0.0135374 1.9091e-05 
0.0021263 0.00420418 0.000746892 3.04342e-05 0.0956316 0.00329129 0.00574578 0.0309522 0.00256433 0.00139105 0.00392093 8.95811e-06 0.000748401 7.38416e-05 0.000442214 3.65625e-05 2.89172e-07 0.0054845 0.318933 9.34483e-05 0.125761 0.00411474 0.00134896 0.0085226 1.6084e-05 0.000287691 0.0206511 0.280862 0.0820065 2.98812e-06 
5.18876e-07 0.000121131 0.00138709 0.000155517 0.0102306 0.0175308 0.00291952 0.0160844 0.000706339 0.000252058 0.0153868 4.50982e-07 0.00157265 0.002621 2.81991e-07 4.42106e-09 3.59224e-09 0.000107064 0.035732 0.000114137 0.00686047 0.00143772 0.00160025 0.00638807 0.877691 0.000390194 0.000538928 0.000141117 3.01786e-05 8.10203e-08 
0.00172394 0.0119084 0.140503 5.07997e-06 0.0244715 0.0108663 0.690067 0.00292926 0.000342343 0.0113739 0.000935121 0.00172267 5.672e-05 1.37561e-06 0.00108842 0.0170007 2.01448e-07 8.37957e-05 0.0237976 8.54767e-05 0.0121291 8.88819e-05 0.00052544 0.00181245 1.39529e-05 0.000418198 0.0103226 0.0313267 0.00439629 3.46056e-06 
0.00323403 0.00169848 0.00022864 4.87358e-05 0.0110709 0.038963 0.0139392 0.00480346 0.0095647 5.32709e-05 0.00639467 7.78271e-07 0.0060585 0.00345786 0.00444734 9.33681e-05 5.83292e-07 0.000310875 0.00394035 0.000738448 0.0439689 0.000645752 0.00136916 0.53737 2.57488e-05 0.00412427 0.244319 0.0176989 0.0414296 1.50735e-06 
0.0222713 0.0300863 0.00449824 0.000184109 0.0107658 0.00679426 0.0942662 0.06661 0.00217955 0.00373914 0.0205475 0.00453947 0.00245889 0.000572723 0.00301136 1.94272e-05 6.64894e-06 0.00753701 0.0857716 9.93749e-05 0.0825855 0.0177277 0.000867827 0.285533 6.40486e-05 0.000764823 0.0267088 0.217012 0.00273806 4.00171e-05 
4.00688e-05 0.000493822 0.000562915 6.52816e-05 0.216615 0.00541661 0.012937 0.00689726 0.00439909 0.000759597 0.00328947 0.000205322 4.25918e-06 8.38091e-06 3.22285e-05 8.23631e-06 1.48803e-08 0.000911102 0.0017146 0.000286394 0.00950369 0.592877 0.000242429 0.0291641 1.4308e-07 0.0082275 0.00308791 0.0119767 0.00316948 0.087105 
0.00323403 0.00169848 0.00022864 4.87358e-05 0.0110709 0.038963 0.0139392 0.00480346 0.0095647 5.32709e-05 0.00639467 7.78271e-07 0.0060585 0.00345786 0.00444734 9.33681e-05 5.83292e-07 0.000310875 0.00394035 0.000738448 0.0439689 0.000645752 0.00136916 0.53737 2.57488e-05 0.00412427 0.244319 0.0176989 0.0414296 1.50735e-06 
0.0294123 0.06238 0.000615092 0.000293861 0.00144314 0.0616556 0.0235709 0.012969 0.0981889 0.00184823 0.0119019 3.17325e-06 0.00103668 0.000197215 0.000229053 1.17958e-05 2.64481e-07 0.00114417 0.00363578 0.00646208 0.000526952 0.183568 0.00083245 0.193481 0.00120219 0.00195611 0.00216619 0.0212377 0.00423455 0.273796 
0.0232129 0.0108403 0.0450311 0.000581503 0.0385047 0.0113425 0.0500522 0.0936466 0.000891549 0.00778409 0.00375439 0.000353484 0.0015482 3.87378e-05 0.00397426 6.07827e-06 3.7778e-07 0.00804518 0.0959599 0.000889075 0.344515 0.0235978 0.00227591 0.0220306 0.000452137 0.00861775 0.00953445 0.171465 0.021053 7.44134e-07 
0.0145591 0.019665 0.0322723 1.62677e-05 0.0020406 0.000217958 0.0320813 0.00160583 0.000109004 0.000493451 4.83794e-05 0.854786 4.54485e-06 5.48963e-07 0.00060018 1.55461e-07 2.81444e-08 4.21334e-05 0.00106026 9.54525e-08 0.0198903 5.95784e-05 2.13133e-05 0.00199361 1.77559e-05 0.000140589 7.30231e-05 0.0172977 0.000901868 1.0244e-06 
0.0202269 0.0788766 0.00194142 7.51411e-06 0.0295819 0.000814037 0.0152074 0.21676 2.06698e-05 0.00222445 0.000184548 0.00293945 0.00023055 2.80001e-05 0.00360453 3.33717e-06 1.35432e-06 0.017093 0.0184673 6.91776e-05 0.0659503 0.00450495 0.000396911 0.342389 2.03686e-05 7.30424e-06 0.002157 0.108987 0.0672806 2.4594e-05 
2.91047e-08 0.00281562 2.0711e-05 2.40522e-05 0.00279063 0.0233532 0.0201981 0.0126848 1.52681e-06 9.44983e-07 0.0304717 0.000207605 0.000299187 6.01664e-08 2.83451e-06 9.82303e-09 7.9815e-09 2.11482e-06 9.81203e-06 0.00650807 0.00650873 0.864463 0.000352741 0.0118971 0.00964612 0.000102936 2.1592e-06 2.24264e-06 0.00763108 3.3101e-06 
0.000732215 0.00590165 0.0562652 0.00016762 0.378106 0.117845 0.0304089 0.00229117 0.000177939 0.000684357 0.0557469 0.0130615 0.00273391 1.84357e-05 0.000208743 5.25437e-08 9.4051e-11 0.0270056 0.0117376 5.88877e-06 0.0415876 1.86445e-06 0.00652523 0.033022 1.74618e-05 0.0492576 0.0718973 0.0103317 0.0842592 1.17607e-06 
0.000486056 0.0117206 0.00156625 1.34651e-05 0.00686325 0.0221318 0.0422327 0.0230391 0.00123536 0.00192731 0.0153259 0.000278856 0.579237 3.00032e-05 0.0606626 1.4592e-06 6.36033e-09 0.00245833 0.0090266 0.0810968 0.00142839 0.0333863 0.00162332 0.0503086 0.00498175 0.000637643 0.00375755 0.0281568 0.016147 0.000239201 
0.00148868 0.00778047 0.000392252 6.47941e-05 0.0198295 0.00862748 0.0418501 0.0155684 0.0118944 0.00378035 0.0394028 0.000654103 0.000929365 0.000498535 0.00348885 4.30377e-07 2.07167e-08 0.000142679 0.0356759 2.3961e-05 0.0401929 0.0136665 0.0104545 0.489357 2.09863e-08 0.00260141 0.0199559 0.178671 0.0529077 0.000100131 
0.00323403 0.00169848 0.00022864 4.87358e-05 0.0110709 0.038963 0.0139392 0.00480346 0.0095647 5.32709e-05 0.00639467 7.78271e-07 0.0060585 0.00345786 0.00444734 9.33681e-05 5.83292e-07 0.000310875 0.00394035 0.000738448 0.0439689 0.000645752 0.00136916 0.53737 2.57488e-05 0.00412427 0.244319 0.0176989 0.0414296 1.50735e-06 
0.0144891 0.0117852 0.000801319 0.08036 0.0491368 0.0363973 0.0328937 0.05462 0.0245488 0.00750331 0.0258118 0.00628757 0.0316675 0.00098782 0.00192839 5.50886e-06 2.31064e-06 0.161771 0.129938 0.00324593 0.0870622 0.0445172 0.00354737 0.0467273 0.00361459 0.00723368 0.0171916 0.0964826 0.0193944 4.7396e-05 
0.000691738 0.00465155 0.00162376 2.77644e-07 0.176314 0.00956893 0.0181793 0.0235132 0.00199215 0.00849982 0.00414704 0.000847683 0.00877513 0.000195385 0.00519671 8.37204e-10 1.17393e-10 4.69485e-05 0.0596679 1.55513e-06 0.0377518 0.0152944 0.000939708 0.103981 0.000107585 0.00133501 0.0159676 0.180202 0.320475 3.28959e-05 
0.0105478 0.0298575 0.0196694 0.000491163 0.00317713 0.0523788 0.02546 0.245131 0.00850444 0.00163167 0.0117958 0.0151693 0.00678305 0.00144517 0.00268725 9.01914e-06 2.20935e-08 0.00441888 0.00627492 0.000501665 0.158713 0.022174 3.35216e-07 0.180298 2.88559e-05 0.000743617 0.0331889 0.137547 0.0208546 0.000516537 
0.000459617 0.0078448 0.00282109 0.000456771 0.00066173 0.0251931 0.0594539 0.0169288 0.0354242 3.90715e-05 0.00266291 2.1894e-06 0.000279104 0.000265595 0.00446243 0.0347098 2.66742e-10 0.558275 0.00211523 0.00112008 0.00362385 0.017912 0.0161369 0.0356271 2.45214e-05 0.00890735 0.00771726 0.00923734 0.0057807 0.141857 
0.0211515 0.22297 0.00663394 5.93007e-05 0.00270044 0.0388624 0.247065 0.0525239 0.00392585 0.0583394 0.0244443 0.000354904 0.00126646 1.97064e-05 0.0130817 1.98582e-05 8.76234e-06 0.000392132 0.0230672 0.000151368 0.00876934 0.183139 0.00104292 0.010616 4.52789e-05 0.00327625 0.000731852 0.0556056 0.0197251 1.06817e-05 
0.00348144 0.00103361 0.00248755 9.40617e-06 0.333307 0.000278156 0.00725996 0.0145308 8.48183e-05 0.000473229 0.0947175 0.000518726 2.18745e-06 0.000131374 0.00071262 1.85712e-07 1.3842e-07 3.7638e-05 0.0694318 7.5784e-06 0.0203214 0.00753718 0.000238436 0.0123357 0.000424279 5.28828e-05 0.00623304 0.125325 0.298141 0.000885451 
0.00849195 0.0070015 1.00921e-06 1.83813e-07 8.59261e-07 0.00576847 0.0329691 0.266455 0.000196745 0.00324835 0.000225234 0.000353316 0.0154866 0.000253128 0.162919 5.99936e-05 1.09986e-08 0.00137594 0.0129605 0.00455119 0.0104347 0.101384 0.00474681 0.176193 0.000113135 0.0188517 0.0014694 0.146046 0.0184208 2.33463e-05 
0.176039 0.013399 0.00582971 1.64146e-05 0.000725817 0.000910925 0.0603385 0.0128437 2.3532e-06 0.0121662 0.000147266 0.00543499 0.00017308 2.94723e-05 0.00232392 7.8428e-07 3.60392e-07 4.25067e-05 0.0524444 1.63156e-05 0.421829 0.0366559 3.71119e-06 0.0163449 6.16184e-05 4.4486e-05 0.000334158 0.170099 0.0117406 1.23618e-06 
0.00323403 0.00169848 0.00022864 4.87358e-05 0.0110709 0.038963 0.0139392 0.00480346 0.0095647 5.32709e-05 0.00639467 7.78271e-07 0.0060585 0.00345786 0.00444734 9.33681e-05 5.83292e-07 0.000310875 0.00394035 0.000738448 0.0439689 0.000645752 0.00136916 0.53737 2.57488e-05 0.00412427 0.244319 0.0176989 0.0414296 1.50735e-06 
0.0145591 0.019665 0.0322723 1.62677e-05 0.0020406 0.000217958 0.0320813 0.00160583 0.000109004 0.000493451 4.83794e-05 0.854786 4.54485e-06 5.48963e-07 0.00060018 1.55461e-07 2.81444e-08 4.21334e-05 0.00106026 9.54525e-08 0.0198903 5.95784e-05 2.13133e-05 0.00199361 1.77559e-05 0.000140589 7.30231e-05 0.0172977 0.000901868 1.0244e-06 
4.80938e-05 1.60346e-08 3.75108e-09 4.38895e-09 0.0116739 8.45144e-05 7.76324e-09 0.0213854 0.186242 4.32129e-09 0.00319354 2.1506e-08 0.00129936 8.69998e-08 0.000160579 1.53857e-12 1.25013e-12 9.65636e-05 0.00291423 1.62034e-12 2.79533e-07 0.000788126 6.36915e-08 0.57252 5.68481e-09 0.000574483 0.014229 0.179855 0.00493188 3.01545e-06 
4.15681e-07 5.22973e-05 0.00330255 0.00111171 0.00613367 0.00988278 0.0347094 0.0208543 4.0118e-05 0.00477343 0.0122288 6.95899e-05 0.0491649 0.000271911 0.0308152 1.02095e-07 4.90492e-09 0.00793044 7.07941e-05 0.00312041 0.000856609 0.276851 0.000870356 0.0191626 0.508128 0.0061114 6.44795e-05 0.00197439 0.00142863 2.03247e-05 
0.0145591 0.019665 0.0322723 1.62677e-05 0.0020406 0.000217958 0.0320813 0.00160583 0.000109004 0.000493451 4.83794e-05 0.854786 4.54485e-06 5.48963e-07 0.00060018 1.55461e-07 2.81444e-08 4.21334e-05 0.00106026 9.54525e-08 0.0198903 5.95784e-05 2.13133e-05 0.00199361 1.77559e-05 0.000140589 7.30231e-05 0.0172977 0.000901868 1.0244e-06 
0.000151818 0.00489435 0.00524235 0.00190792 0.000136727 0.0108732 0.0491244 0.0707456 0.00598197 0.00230893 0.00773075 0.00265923 0.0566449 0.00233505 0.0958405 4.5976e-07 3.73569e-07 0.00132094 0.00371654 0.0236354 0.00446182 0.421144 0.000121001 0.0896128 0.00380103 2.38068e-05 5.47681e-06 0.0102732 0.0166397 0.108665 
0.000943255 0.00337426 0.00273621 7.97392e-07 0.00598019 0.000716325 0.0169302 0.0175971 0.00167511 0.00134607 0.00125177 0.000663849 9.95398e-05 2.54207e-08 1.33273e-07 3.21682e-08 1.26277e-08 0.000593216 0.00735444 4.2384e-05 0.844885 0.000533457 1.37583e-07 0.00123025 3.10522e-06 0.00370154 0.0172875 0.069718 0.00133363 2.13125e-06 
0.0272249 0.168715 0.335433 1.6343e-05 0.0209808 0.0117308 0.200681 0.031082 0.00102941 0.0340462 0.0029689 8.42433e-06 0.00146935 9.99658e-06 0.0255285 0.000291964 1.6501e-08 0.00298531 0.00257525 4.08834e-05 0.0204482 0.00201742 0.00751089 0.030961 0.00628174 6.93999e-05 0.0095989 0.0514251 0.0048686 1.77698e-07 
0.00252149 0.0100457 0.00225389 0.00563927 0.00992262 0.0400275 0.0823814 0.0241066 9.22761e-08 0.00225031 0.0304548 0.249698 0.0025148 0.000641934 0.00715235 1.1337e-06 3.92219e-08 0.0170503 0.00801817 0.000964287 0.00392455 0.401685 0.0167216 0.0442269 1.40263e-05 5.50281e-05 0.00106876 0.00938716 0.0215989 0.00567322 
0.00196167 0.00297366 0.951156 3.79312e-06 0.00229889 0.000143319 0.00642567 0.00745337 4.18673e-05 0.000621344 0.000124625 0.00435826 3.22707e-05 1.61952e-05 0.000838818 1.48135e-12 1.20364e-12 0.000261714 0.000410561 4.91036e-06 0.00288729 0.000202659 1.49099e-05 0.000979982 2.90026e-05 0.000237139 0.000428641 0.0153463 0.000747232 2.03766e-08 
0.301918 0.646247 0.00289145 2.96325e-07 1.17565e-06 6.58745e-05 0.0331636 0.00548985 0.000509138 0.000188545 4.91062e-05 5.1869e-08 0.000101122 0.000711561 0.000530186 3.02213e-11 2.45557e-11 3.3744e-05 7.9325e-06 0.00046346 0.00216357 0.000150687 0.000431121 0.000458962 0.000160599 1.54833e-05 1.03402e-07 0.00195249 0.00229407 4.68541e-09 
2.12985e-08 0.00408219 0.0116347 2.44181e-09 0.198657 9.38726e-06 0.00291164 0.0116961 4.19205e-10 1.28845e-07 0.0122821 3.73536e-05 4.75974e-08 9.5646e-06 0.000529485 6.66856e-12 5.4184e-12 6.03957e-08 0.0337323 3.85589e-08 0.0367242 0.00378148 8.83685e-08 0.00187518 3.0497e-05 2.23859e-08 0.0013556 0.634841 0.0458095 9.60107e-09 
0.00032137 0.0683924 0.000584028 2.7977e-05 0.0013544 0.00170653 0.0106304 0.0100313 0.326169 0.00343693 0.0302553 0.0309338 0.000653889 0.000560599 0.00290008 2.98042e-08 8.22626e-10 0.000544645 0.00691029 0.000588587 0.013489 0.00632729 0.0039904 0.139531 7.05468e-05 0.000169454 0.24461 0.0783568 0.0167008 0.000753065 
0.0510173 0.00264088 0.000100941 8.55595e-06 0.00139259 0.00250304 0.0384491 0.0215318 0.0236474 0.000353122 0.00826513 1.57333e-05 0.00342421 0.0155259 0.00625975 6.8854e-07 5.59459e-07 3.99416e-06 0.000604868 0.000176779 0.0298266 0.554876 0.0269006 0.0406397 4.99329e-05 0.00332778 0.000296583 0.16789 0.000123874 0.0001466 
0.000834234 0.00537252 0.000449085 0.000891907 0.0246176 0.0163577 0.047638 0.0915702 1.09855e-05 0.00624334 0.00752713 0.000386731 0.000596684 7.20038e-05 4.36977e-05 4.28913e-06 1.1857e-07 0.000126476 0.169042 0.000939827 0.283281 0.00366593 0.00138366 0.07598 0.0002274 0.00378029 0.0159827 0.199271 0.0436909 1.24572e-05 
0.000461812 0.0194626 0.00112143 6.68236e-07 0.0734997 0.176793 0.00268723 0.0324956 0.00104138 0.00797508 0.00295602 0.000501821 0.00622327 0.00252235 0.00026861 0.0490601 2.08839e-07 0.000686053 0.00757801 1.55638e-06 0.05128 0.000399907 0.0907405 0.0113635 8.39327e-06 0.00560598 0.376841 0.0681973 0.010214 1.33676e-05 
0.0145591 0.019665 0.0322723 1.62677e-05 0.0020406 0.000217958 0.0320813 0.00160583 0.000109004 0.000493451 4.83794e-05 0.854786 4.54485e-06 5.48963e-07 0.00060018 1.55461e-07 2.81444e-08 4.21334e-05 0.00106026 9.54525e-08 0.0198903 5.95784e-05 2.13133e-05 0.00199361 1.77559e-05 0.000140589 7.30231e-05 0.0172977 0.000901868 1.0244e-06 
0.0145591 0.019665 0.0322723 1.62677e-05 0.0020406 0.000217958 0.0320813 0.00160583 0.000109004 0.000493451 4.83794e-05 0.854786 4.54485e-06 5.48963e-07 0.00060018 1.55461e-07 2.81444e-08 4.21334e-05 0.00106026 9.54525e-08 0.0198903 5.95784e-05 2.13133e-05 0.00199361 1.77559e-05 0.000140589 7.30231e-05 0.0172977 0.000901868 1.0244e-06 
0.0439594 0.0384933 0.0087863 9.32336e-05 0.00122129 0.0113405 0.367834 0.013186 0.00582147 0.0404827 0.00690515 0.00489805 4.56834e-06 1.14374e-07 0.000204581 4.99239e-05 6.05047e-08 0.00453109 0.102817 7.44293e-05 0.0304196 0.0680332 9.07611e-05 0.182878 8.97455e-05 0.0013815 0.000244412 0.0647502 0.000934428 0.000475212 
1.88803e-05 0.0649019 0.00475601 1.74554e-07 0.00273759 0.0247215 0.00906229 0.0362389 0.0186339 0.00252402 0.0148876 4.0526e-05 0.0132429 0.0684801 0.0157735 1.1494e-05 1.9108e-08 0.0237668 0.00853682 0.00288739 0.0743931 0.251326 0.000636291 0.160315 0.00488884 7.62122e-06 0.195832 1.02213e-06 0.00135009 2.7725e-05 
0.0145591 0.019665 0.0322723 1.62677e-05 0.0020406 0.000217958 0.0320813 0.00160583 0.000109004 0.000493451 4.83794e-05 0.854786 4.54485e-06 5.48963e-07 0.00060018 1.55461e-07 2.81444e-08 4.21334e-05 0.00106026 9.54525e-08 0.0198903 5.95784e-05 2.13133e-05 0.00199361 1.77559e-05 0.000140589 7.30231e-05 0.0172977 0.000901868 1.0244e-06 
0.619245 0.0135183 0.0120404 0.000146714 0.000722673 0.0034746 0.118944 0.00181688 1.44597e-05 0.046797 0.0022755 0.000597299 0.00135163 0.00402453 0.00193965 5.50229e-08 2.74501e-08 0.0241835 0.109555 0.000521024 0.00662077 0.00123067 0.000135441 0.00223295 0.00190187 0.000230932 0.000311534 0.0246594 0.00150834 5.79427e-07 
0.00300664 0.00754376 0.00483454 3.15601e-05 0.394877 0.00636854 0.0286319 0.0318111 0.00108054 0.00434159 0.0144429 0.000570353 0.00235325 0.000101916 0.00127719 1.10892e-08 4.34557e-09 0.000309854 0.0501076 7.10716e-05 0.176873 0.0145072 0.00072679 0.0323654 9.45792e-05 0.00669986 0.00675793 0.165233 0.0449802 1.36061e-06 
0.0103703 0.000277518 2.2125e-07 0.00182043 0.0207884 0.0311962 0.0791924 0.0180665 0.000494564 0.0397249 0.0505442 0.00753982 0.0816836 0.00225731 0.00697721 4.1367e-10 3.36119e-10 0.00483826 0.114491 0.0535452 0.00225316 0.323944 0.00011115 0.0508468 0.0571873 0.000356697 0.00660515 0.027109 0.00777874 2.23988e-07 
0.619245 0.0135183 0.0120404 0.000146714 0.000722673 0.0034746 0.118944 0.00181688 1.44597e-05 0.046797 0.0022755 0.000597299 0.00135163 0.00402453 0.00193965 5.50229e-08 2.74501e-08 0.0241835 0.109555 0.000521024 0.00662077 0.00123067 0.000135441 0.00223295 0.00190187 0.000230932 0.000311534 0.0246594 0.00150834 5.79427e-07 
0.0294181 0.0702083 0.00283029 1.08439e-05 0.00277396 0.0204849 0.0203175 0.0116735 0.00993745 0.000801646 0.00722923 3.63984e-05 0.00182239 3.65669e-05 0.0168323 2.14022e-08 1.79412e-08 3.24238e-05 0.0646019 0.000137923 0.0390982 0.00129641 0.000483045 0.155856 0.00101918 0.000324866 0.0150474 0.432723 0.0949209 4.47598e-05 
0.0271215 0.00841084 0.000323057 1.57633e-06 0.0123536 0.00667238 0.162781 0.00282835 0.0320707 0.00017553 0.0110641 0.000545644 0.0191951 0.0075347 0.0193398 7.76219e-09 6.307e-09 0.0121457 0.000952428 0.00360686 0.0109248 0.569806 0.000626826 0.00282357 0.00527806 6.06933e-05 0.000351006 0.0691542 0.0138515 5.36401e-07 
0.0145591 0.019665 0.0322723 1.62677e-05 0.0020406 0.000217958 0.0320813 0.00160583 0.000109004 0.000493451 4.83794e-05 0.854786 4.54485e-06 5.48963e-07 0.00060018 1.55461e-07 2.81444e-08 4.21334e-05 0.00106026 9.54525e-08 0.0198903 5.95784e-05 2.13133e-05 0.00199361 1.77559e-05 0.000140589 7.30231e-05 0.0172977 0.000901868 1.0244e-06 
0.619245 0.0135183 0.0120404 0.000146714 0.000722673 0.0034746 0.118944 0.00181688 1.44597e-05 0.046797 0.0022755 0.000597299 0.00135163 0.00402453 0.00193965 5.50229e-08 2.74501e-08 0.0241835 0.109555 0.000521024 0.00662077 0.00123067 0.000135441 0.00223295 0.00190187 0.000230932 0.000311534 0.0246594 0.00150834 5.79427e-07 
0.00764952 0.0495863 0.077124 1.64434e-05 0.00494006 0.00218428 0.1673 0.00321778 0.0023361 0.00780915 0.000265363 0.434798 0.000401704 0.000545101 0.147426 1.1062e-06 1.51623e-08 0.00114414 0.0057629 5.82893e-08 0.0391721 0.000233695 0.000528267 0.00357487 0.000164135 0.000440901 0.000259137 0.0374838 0.0056337 7.62993e-07 
4.79048e-05 4.8551e-05 9.74579e-08 4.09588e-05 0.010311 0.000238337 9.04344e-05 0.00296705 3.02262e-08 3.48615e-05 2.12968e-05 1.57987e-07 0.00222398 5.64872e-05 2.90654e-06 1.0899e-11 8.85578e-12 5.43856e-06 5.5385e-08 1.75617e-05 0.000356545 0.000870992 6.00224e-05 0.000239688 0.978798 0.00128345 0.00039191 0.00110978 0.000782331 2.54818e-08 
0.306527 0.127067 0.00497119 0.000118113 0.0254616 0.0106551 0.139133 0.0467538 0.00364436 0.00828304 0.0284604 0.00324033 0.0136618 0.000932107 0.0512526 1.62906e-05 1.44591e-05 0.00391917 0.0225648 0.0095256 0.0626878 0.00748647 0.000896017 0.0232698 0.00185454 0.00181147 0.0160388 0.0420344 0.037694 2.48692e-05 
0.000121799 0.00391148 0.000450389 2.70439e-05 0.017059 0.0310885 0.00629834 0.0515203 0.0112541 0.000294313 0.0340091 1.16239e-05 0.00668447 5.97191e-05 0.000613067 1.47746e-06 6.22285e-12 0.0440104 0.066213 2.29249e-08 0.0900152 0.0287913 0.00411403 0.203763 0.00151611 0.00063697 0.01744 0.271321 0.108756 1.88644e-05 
0.00188011 0.0343432 0.436258 7.76859e-07 0.0650821 0.000101375 0.0749606 0.334173 0.000199062 0.00394648 0.000296511 8.84138e-07 2.22057e-06 7.25906e-06 0.000744171 5.04885e-07 1.30666e-07 4.41126e-05 0.00919466 3.66275e-06 0.00211786 6.33893e-05 0.00131999 0.00245555 9.66047e-05 0.000262368 0.00188449 0.00812602 0.0224262 8.79254e-06 
