0.000135946 0.000512962 0.222536 0.000134451 1.32495e-05 1.15713e-05 0.119774 0.0374105 3.00244e-06 0.0316018 0.00176051 8.39265e-05 0.000129738 0.000276441 0.0350658 1.74603e-07 2.49129e-05 6.64432e-08 0.00222762 2.62152e-05 2.7855e-05 0.45545 4.13744e-06 0.0843223 0.00595192 6.6696e-05 0.000113502 0.00231502 8.82466e-06 1.06589e-05 
0.00432846 0.00827698 0.00721241 7.57097e-05 0.00307199 0.125781 0.0623952 0.0827055 0.0183712 0.00109041 0.00351854 0.0182762 0.00135069 2.77982e-05 0.00538793 0.000253863 0.000136696 1.18941e-05 0.0161768 0.000107341 0.34604 0.00122364 0.00151325 0.0411663 9.64838e-05 0.00300195 0.0174727 0.14038 0.0904723 7.63905e-05 
0.000452152 0.0617406 5.27387e-07 1.19172e-05 1.4906e-06 0.00779811 0.111121 0.0248825 0.0212136 0.0060194 0.00835583 0.000131016 0.000868209 6.01743e-07 0.00640623 9.86115e-10 1.63838e-07 3.75255e-10 0.0663265 1.03853e-09 0.00493182 0.000394774 0.016604 0.00170812 0.000111777 0.601443 0.000638088 0.0122132 0.0466245 4.21549e-07 
0.0208663 0.611638 0.00313953 1.13054e-05 0.00816521 0.0307856 0.0714278 0.0597906 3.51236e-06 0.0337381 1.79923e-05 1.89848e-05 0.0207575 1.12296e-06 0.0030755 3.52815e-09 2.86672e-09 1.3426e-09 0.0675932 0.0287006 0.00662838 0.00433399 0.00237783 3.73569e-06 9.79929e-06 1.7719e-05 0.00169274 0.0242408 0.000963809 2.69396e-09 
0.0348268 0.0203583 0.00573956 3.57695e-05 0.0141824 0.0147469 0.0916379 0.141604 0.00766904 0.0464717 0.0996527 4.98789e-07 0.0828979 0.00216428 0.00509686 3.85367e-10 1.71276e-07 1.46647e-10 0.000489151 0.0725671 0.000487955 0.095996 0.060562 0.0112144 0.124084 1.26022e-07 0.00780652 0.0176682 0.0420365 3.964e-06 
0.796206 0.00511098 0.00276746 1.34503e-10 0.00485472 1.05271e-07 0.0270069 0.00242251 0.0060579 2.56409e-08 1.28499e-07 2.92138e-08 0.00308372 0.00541909 0.00282394 1.24279e-09 3.35482e-12 1.57119e-12 2.20347e-08 2.60032e-07 0.00836003 1.07584e-07 0.000434384 0.0105524 2.75688e-08 6.37351e-09 0.0376714 0.051435 0.0357931 3.15264e-12 
0.0403931 0.0569235 0.273194 9.58808e-08 0.0249138 0.00550878 0.240906 0.115314 0.00178387 0.00943805 0.00129872 8.98397e-10 0.0465171 0.000131745 0.0239925 1.56189e-09 2.40544e-05 5.9436e-10 0.0145606 0.00110644 0.00791759 0.000182301 0.0168579 0.000354979 0.000241992 0.00565379 0.0127989 0.0223905 0.0775832 1.22655e-05 
0.00639456 0.000775048 0.00296102 0.000158134 0.0010732 0.00133315 0.00137275 0.0034075 0.00499538 0.000284226 0.0381776 1.36222e-06 0.0559915 0.000468893 0.0256172 0.0021446 0.00170628 9.01214e-07 0.00213253 0.00287555 0.00980721 0.0197525 0.000425465 0.000568763 0.000305642 0.802605 0.00262962 0.00846002 0.00357274 1.80831e-06 
1.05721e-06 0.273082 0.000636112 3.16573e-05 4.04539e-06 9.75913e-06 0.114327 0.0515587 0.00310795 0.00016227 0.00105164 0.00206225 3.514e-06 2.75344e-06 0.0170161 3.3886e-09 2.75333e-09 1.28949e-09 0.0260141 1.29566e-05 0.155872 3.68153e-06 0.142067 0.120934 1.95672e-06 0.000906845 3.07579e-05 0.03962 0.0514371 4.27109e-05 
0.105082 0.28259 0.00370834 8.20993e-06 0.0105018 0.000284323 0.281977 0.139375 0.00896768 0.00450353 0.000507529 4.77031e-06 0.00541402 0.000184319 0.0125674 2.29783e-10 4.27769e-07 8.74415e-11 0.05837 2.41996e-10 0.00788364 0.000223524 0.00119432 0.00165842 2.42793e-07 0.000662593 0.0371649 8.43893e-06 0.037158 1.75454e-10 
2.40012e-07 0.000645719 2.49233e-05 3.32595e-07 7.20694e-07 0.0392025 0.0121446 0.00377364 3.05512e-07 0.00453089 0.000945025 1.04879e-08 0.101698 5.46023e-07 0.0767759 1.17444e-06 1.16325e-06 6.93854e-09 0.0043568 5.2753e-06 0.000878294 0.738348 0.00787718 0.000953156 8.1159e-09 1.87998e-05 2.32255e-06 0.00466596 0.00314461 3.44297e-06 
0.000201765 0.0393693 0.000565174 0.0116318 0.00888747 0.00757074 0.00822104 0.0127217 0.115058 0.000686392 0.00202466 0.000475949 0.0011638 8.87876e-05 0.00111162 1.70441e-05 1.70734e-05 6.36325e-07 0.00477113 0.000175551 0.460953 4.7716e-05 0.0113862 0.181011 0.000162155 9.89384e-07 0.0526199 0.040033 0.0390243 2.07658e-06 
0.00663493 0.00371316 2.83894e-05 1.53641e-09 0.00496762 0.00572682 0.154576 0.00205332 0.00254435 0.000474488 0.00149945 9.61637e-10 0.00160278 0.000188971 0.0014031 1.67183e-09 6.00919e-06 6.36198e-10 0.000242545 0.000559251 0.00254135 0.000407851 0.00207147 0.00307834 2.70637e-05 4.63527e-05 0.0409842 0.146728 0.617894 1.27655e-09 
0.00135855 0.0100168 0.000676515 2.55246e-09 0.000656344 4.07736e-06 0.10375 0.00928385 0.0377564 0.00027828 0.00123254 1.99416e-11 2.02082e-07 2.00859e-11 6.17495e-05 3.46691e-11 2.81697e-11 1.3193e-11 0.245538 3.65118e-11 0.176758 3.64722e-08 0.38874 0.000220374 1.54316e-11 2.82933e-08 1.07992e-09 0.0215141 0.0021541 2.64721e-11 
1.48465e-07 0.000643624 0.00582525 2.05718e-07 1.69736e-05 0.0391882 0.0046938 0.00377014 1.88762e-07 0.00452336 0.000943084 5.71928e-09 0.101674 3.45677e-07 0.0434006 7.26811e-07 7.19163e-07 3.78375e-09 0.00435219 3.34711e-06 0.000876203 0.757814 0.0078675 0.000950894 4.42579e-09 1.75287e-05 1.43788e-06 0.00466247 0.0186625 0.000110317 
1.22898e-08 0.00248895 0.000724463 6.90284e-08 8.20008e-05 0.0143322 0.00339335 0.8708 0.0118437 0.00012132 0.000898235 7.32658e-10 0.00968595 0.00311352 0.000277945 1.27375e-09 2.10194e-05 4.84711e-10 0.000909508 0.00052633 0.00198242 0.000132033 0.0495397 0.00189037 2.82006e-05 0.00061758 0.0196436 0.00234469 0.00460289 9.72586e-10 
6.114e-05 0.00419446 0.00016888 8.59804e-05 0.106282 0.0321762 0.0123094 0.0211442 0.00452546 4.50645e-07 0.025017 4.27254e-11 0.0389241 1.06118e-07 0.00237365 7.42793e-11 3.23568e-07 2.82662e-11 5.41639e-07 6.37323e-09 0.0288737 0.00014079 0.161634 0.0101362 3.7784e-05 0.00276513 0.185025 0.113647 0.250477 5.31979e-09 
1.14222e-05 0.00407022 0.0691276 2.50545e-07 5.31056e-06 0.0164459 0.0254766 0.0176252 0.101276 1.14085e-05 8.25988e-06 1.80254e-08 0.586637 0.00323945 2.63493e-06 3.13376e-08 2.54627e-08 1.19252e-08 0.022191 0.00783712 0.0390084 0.0580236 0.0244232 0.0083643 3.99605e-05 0.00026208 0.00512397 0.00588147 0.0048836 2.34212e-05 
1.36513e-05 0.0073085 4.8909e-05 3.61301e-05 0.00418394 0.165944 0.0105638 0.0157989 0.00143271 0.00150411 0.023722 9.83175e-08 0.00607536 0.00927397 0.00448463 0.000253461 0.000606729 6.50447e-08 0.0799714 0.00112662 0.00214971 0.0194008 0.607933 6.28534e-06 7.60817e-08 0.0136218 0.00368039 0.0147812 0.0060778 1.30514e-07 
0.0688264 0.20306 0.206652 1.72857e-09 0.000223116 0.000169383 0.0866387 0.00890562 0.000879554 0.251475 0.000485036 1.28873e-10 0.000104314 1.29805e-10 0.000354379 2.24049e-10 0.165052 8.52595e-11 0.000649924 2.22287e-08 0.00236222 2.90165e-06 1.07646e-05 1.59515e-07 1.10093e-07 0.000290721 0.00345574 4.74052e-08 0.000401102 2.06339e-07 
0.000452152 0.0617406 5.27387e-07 1.19172e-05 1.4906e-06 0.00779811 0.111121 0.0248825 0.0212136 0.0060194 0.00835583 0.000131016 0.000868209 6.01743e-07 0.00640623 9.86115e-10 1.63838e-07 3.75255e-10 0.0663265 1.03853e-09 0.00493182 0.000394774 0.016604 0.00170812 0.000111777 0.601443 0.000638088 0.0122132 0.0466245 4.21549e-07 
5.32725e-06 8.02252e-05 1.21076e-08 5.48832e-06 0.0213835 0.00371914 0.00135302 0.00162582 0.000157394 1.39724e-08 0.000844688 7.3127e-12 0.00268758 8.77528e-05 0.00283139 1.27133e-11 5.08577e-08 4.83792e-12 2.84378e-07 1.3389e-11 0.0899425 7.9525e-09 0.0062933 0.00556834 1.06665e-05 1.09005e-07 0.0520986 0.0250253 0.786279 1.20939e-07 
6.5738e-07 0.00126567 3.20654e-07 7.18546e-06 0.0313965 0.0122762 0.000365115 0.00925881 9.37112e-05 3.80311e-06 0.0149647 3.43593e-07 0.00015345 0.000265571 3.54682e-07 1.2122e-09 2.40097e-07 4.61291e-10 0.166035 1.27663e-09 0.0187748 0.000457238 0.000483168 0.022589 2.93816e-07 6.58926e-07 0.0148093 0.65329 0.0535076 2.08559e-07 
0.0471602 0.110596 0.00082143 3.87777e-08 0.000324814 0.00459495 0.273033 0.212317 0.000756551 0.00208964 0.000186775 2.67291e-07 0.000707852 0.00211751 0.203294 4.20059e-07 1.9136e-10 8.96211e-11 0.004431 6.68091e-07 0.0130781 0.0053748 0.000867756 0.00871423 4.92102e-05 1.51973e-07 0.00519547 0.0655633 0.038724 4.25828e-08 
7.76474e-05 0.0464658 6.49115e-05 8.62212e-06 0.00254973 0.00727003 0.0106791 0.0247827 0.0270602 7.8914e-06 0.00391079 1.20835e-05 0.00334852 0.00319353 0.000284954 5.1715e-07 4.202e-07 1.96796e-07 0.00113963 0.000405193 0.00312414 6.96709e-05 0.0078731 0.00201816 1.80538e-05 0.000158477 0.816522 0.00871923 0.0302313 3.79214e-06 
4.63429e-05 0.000167274 0.000195574 2.02692e-05 8.89855e-05 0.0164044 0.0541584 0.00384741 5.86183e-06 0.000308764 4.55358e-05 1.97819e-07 0.0380514 0.000198443 0.000630432 1.27431e-05 2.7944e-07 1.30872e-07 7.32645e-05 0.000769858 0.000145376 0.854452 0.000131017 0.000228038 0.0130678 0.00308419 0.000127016 5.7091e-05 0.0136815 2.62599e-07 
2.07444e-05 0.00227754 0.0143156 1.60346e-06 4.0188e-05 0.0120035 0.117462 0.0052805 7.84963e-05 0.0782896 0.00442933 3.53523e-08 0.00233434 0.0280726 0.0830224 6.1461e-08 1.14626e-05 2.33883e-08 0.00389555 2.57821e-05 0.00889519 0.271157 0.0543483 0.073276 3.10715e-05 1.94564e-05 0.0292337 0.0792429 0.132235 6.48407e-07 
0.000820524 0.0415022 0.0260411 0.000511537 0.00761361 0.061712 0.747273 0.0130101 0.0134935 0.00274697 3.16348e-06 3.78134e-10 0.0135561 4.94933e-07 0.0037465 6.57397e-10 7.0004e-05 2.50165e-10 5.04537e-06 6.86441e-08 0.0106787 4.08625e-06 0.0417828 0.00557451 0.000122539 0.000934787 0.00426456 0.00453071 9.79776e-07 1.64726e-07 
0.000398866 0.0191349 2.71086e-06 3.50632e-05 0.00778426 0.00461599 0.0722114 0.373722 0.00996679 0.00500162 0.0670207 0.00131421 0.0198423 1.67544e-07 0.0266129 6.24154e-09 0.000287339 2.37515e-09 0.0200515 0.00637926 0.0283071 0.127783 0.00136462 0.0525615 0.0037113 0.000638647 0.00666921 0.134739 0.00984343 2.27697e-08 
0.000220036 0.00394322 0.00312448 1.68622e-07 0.000473034 0.00424823 0.0673221 6.71072e-06 0.000344432 0.000985242 0.0157883 1.81514e-08 0.798768 9.50907e-05 0.016418 3.15568e-08 5.77741e-06 1.20086e-08 0.00193192 0.0115775 0.000239652 0.0212652 0.00909514 1.03375e-05 0.0104945 1.43303e-05 0.00151187 0.0109653 0.021147 4.94039e-06 
0.000452152 0.0617406 5.27387e-07 1.19172e-05 1.4906e-06 0.00779811 0.111121 0.0248825 0.0212136 0.0060194 0.00835583 0.000131016 0.000868209 6.01743e-07 0.00640623 9.86115e-10 1.63838e-07 3.75255e-10 0.0663265 1.03853e-09 0.00493182 0.000394774 0.016604 0.00170812 0.000111777 0.601443 0.000638088 0.0122132 0.0466245 4.21549e-07 
0.0163066 0.212744 0.120453 7.06807e-05 4.32988e-07 8.20404e-07 0.278188 0.0431185 3.98729e-08 0.100763 0.00352608 0.0128008 5.53892e-06 1.5027e-06 0.0259005 1.44398e-07 7.88716e-08 4.26111e-11 0.163036 7.74456e-07 0.00567455 0.00374606 0.000810518 0.00759538 0.00108581 0.000820959 1.18322e-07 2.78257e-07 0.00334967 3.46552e-08 
0.0156601 0.000635715 7.8934e-05 1.40919e-05 0.00570886 0.00518513 0.00764793 0.0113154 0.000272491 8.21256e-07 1.48702e-06 4.27993e-05 0.382027 0.0208 0.00612621 5.02897e-08 5.23664e-07 1.83614e-09 0.0135469 0.171934 0.000658462 0.00123013 1.49227e-06 0.00655122 1.74708e-07 1.88104e-07 0.224538 0.0421335 0.083888 2.72316e-07 
0.00024636 0.00716958 0.000120026 1.62026e-05 0.0148354 1.23279e-06 0.00123211 0.681964 1.56092e-06 0.000412443 0.163718 7.40347e-07 4.03901e-06 2.07334e-06 1.98023e-06 3.64426e-09 2.25683e-06 1.38678e-09 0.000162235 3.83795e-09 0.000802714 0.0145344 0.00480356 0.00270684 1.28089e-06 0.000161405 2.26621e-06 0.0954988 0.0115968 1.52724e-06 
0.0612051 0.551757 0.00130924 7.80769e-08 0.000298851 0.0017909 0.128828 0.126704 0.0273383 0.00602366 4.79357e-08 1.27375e-09 5.15011e-05 2.57732e-07 2.80694e-06 2.21445e-09 5.08047e-07 8.42687e-10 0.0156096 4.33736e-08 0.0183528 4.52329e-07 0.00107037 0.000812418 9.85677e-10 0.010134 0.0339647 0.00749037 0.0072548 1.69088e-09 
7.29687e-06 0.0020167 5.84621e-09 9.42991e-09 0.0104528 0.00751556 0.0235202 0.0234599 0.00996805 0.00059968 0.00580205 3.97121e-07 0.00045196 0.000526047 0.00175873 3.16319e-10 1.61768e-05 1.20372e-10 0.134441 1.05531e-06 0.0167628 0.00158391 0.0535197 0.014798 3.72456e-08 0.000549388 0.016657 0.242914 0.432678 2.4153e-10 
0.00311782 0.0922654 3.91844e-06 2.34343e-05 7.87295e-07 6.88501e-06 0.0378165 0.655655 0.00316241 0.014831 0.000689596 5.84165e-07 0.032585 4.04811e-06 0.0394194 5.36293e-06 2.06502e-06 5.819e-07 0.00339374 2.70472e-06 0.00617179 0.00710672 1.38006e-06 0.00894718 0.045734 6.56322e-07 0.00270107 0.0346503 0.0116979 2.53407e-06 
0.0168584 0.29006 0.141376 3.24723e-06 0.0196153 0.0138492 0.433679 0.00879948 0.000228867 0.00125903 5.10197e-05 0.000133888 0.00139384 3.65965e-05 0.037569 3.17434e-08 3.71231e-08 2.40191e-11 0.00425583 1.99662e-06 0.00715818 3.55502e-08 0.0133453 0.000208606 1.20826e-08 2.17814e-07 0.00205471 0.000940837 0.0071205 6.05188e-09 
8.11372e-05 0.00226021 0.00240701 3.94397e-07 4.92263e-06 0.0777957 0.0337487 0.00936502 0.821741 0.000383282 0.000526267 1.54929e-07 0.000430093 2.44528e-05 0.0031257 1.79471e-06 7.65201e-05 5.75467e-09 0.00715569 0.000511079 0.0086097 6.90257e-07 0.00752056 0.000689362 6.73115e-09 0.000632248 0.00197695 5.68501e-05 0.0208722 2.40847e-06 
0.000528091 0.0773578 1.01953e-05 0.000113385 0.000128616 1.99054e-06 0.259443 0.585189 1.81131e-07 0.00700669 2.10252e-06 4.0596e-10 4.93339e-07 0.000528273 0.00766343 7.05773e-10 3.94587e-08 2.68574e-10 8.51424e-07 1.16172e-07 0.00610245 0.00180478 1.32396e-07 0.0393013 3.14147e-10 5.07837e-07 0.00305587 0.0117602 1.38038e-07 2.40395e-07 
3.15688e-06 0.000765465 0.000489813 3.05785e-06 0.000826149 0.00033211 0.0264832 0.0782894 4.39186e-06 0.00102161 0.00668647 2.34713e-05 0.00142926 0.0131824 0.00087351 8.04649e-09 8.57783e-06 3.06201e-09 3.33521e-06 2.55448e-05 0.00423163 0.260436 1.004e-05 0.478469 0.0287612 0.000423001 7.27078e-06 0.0737359 0.0234736 1.13664e-06 
0.000812278 0.00323006 1.15673e-05 7.16912e-05 0.0312489 0.0308454 0.00675112 0.0297531 1.04094e-05 0.0105262 0.000248584 2.56962e-06 0.0322374 5.30335e-07 0.0151234 8.48475e-08 3.65473e-06 3.22878e-08 4.229e-05 0.0302408 0.000744245 0.789868 7.89491e-06 0.00881092 5.57808e-05 0.000442177 0.00253582 0.00635945 8.88653e-06 6.40644e-06 
5.39189e-07 0.00189661 2.5839e-06 7.51418e-08 9.64076e-06 4.12923e-06 0.0304581 0.847742 1.77793e-06 1.63879e-05 0.01156 1.90352e-10 0.00802058 1.91729e-10 2.5096e-06 3.30932e-10 2.60852e-06 1.25933e-10 1.0755e-07 3.48521e-10 0.0760159 1.68786e-06 6.74053e-06 0.0242399 1.47301e-10 1.03886e-05 3.82527e-06 2.50689e-06 1.4077e-06 2.02402e-07 
0.0586856 0.0455572 0.000764613 7.27237e-07 0.0010167 0.000106693 0.243491 0.0559788 1.6063e-06 0.0328035 0.226389 1.1541e-08 0.0511965 0.000532531 0.00665952 2.00644e-08 4.78055e-07 7.63527e-09 0.00888356 0.0639155 0.00365036 0.0605608 0.00346707 0.00932569 0.00282001 2.66015e-06 5.47568e-05 0.0816538 0.0189609 0.0235205 
0.000641593 0.0128797 0.0239801 1.63839e-07 8.51455e-07 0.0508334 0.518174 0.110999 2.30952e-06 6.87874e-06 1.09955e-06 6.67717e-07 0.000198978 2.13167e-07 6.67037e-07 5.23292e-10 7.9651e-07 1.99133e-10 0.000339154 0.0115714 0.137938 2.07292e-05 0.000493153 0.00341412 1.08754e-06 2.94079e-06 0.00096425 0.0770917 0.0504426 6.78377e-07 
2.75141e-05 0.00472125 0.00223305 1.43032e-07 0.00195148 0.011893 0.0150096 0.000882699 0.0828943 0.000891061 7.65613e-08 5.34511e-07 0.000145138 3.8413e-07 0.844134 6.24438e-09 1.49858e-05 2.37623e-09 0.00527144 1.0168e-05 0.0078947 0.00065879 1.19093e-05 0.00422725 0.000307627 0.00498221 0.000140766 0.00351186 0.00818371 2.04064e-07 
0.0168584 0.29006 0.141376 3.24723e-06 0.0196153 0.0138492 0.433679 0.00879948 0.000228867 0.00125903 5.10197e-05 0.000133888 0.00139384 3.65965e-05 0.037569 3.17434e-08 3.71231e-08 2.40191e-11 0.00425583 1.99662e-06 0.00715818 3.55502e-08 0.0133453 0.000208606 1.20826e-08 2.17814e-07 0.00205471 0.000940837 0.0071205 6.05188e-09 
5.24109e-06 1.94224e-05 5.61951e-06 5.94397e-07 0.478378 0.193261 0.0113447 0.0819559 5.07008e-06 0.000265743 8.76762e-06 8.95886e-09 1.32042e-05 1.55297e-06 1.3381e-05 1.55752e-08 1.26553e-08 5.92699e-09 0.0668644 2.49635e-05 0.0795294 6.32585e-06 0.0158652 0.0387822 1.81017e-05 0.00853308 1.40652e-05 0.0250634 2.01432e-05 1.18927e-08 
4.0932e-05 0.0808893 0.0368303 7.30356e-06 0.0486389 0.00228523 0.0321097 0.0765555 4.59343e-05 0.00416082 4.13752e-05 1.80633e-07 6.64275e-05 6.24688e-05 0.00342469 4.32043e-05 2.55163e-07 1.19503e-07 0.0422649 3.30727e-07 6.8161e-05 0.667604 0.000313723 5.35917e-05 1.39781e-07 7.39159e-05 0.0042531 6.88866e-05 9.64333e-05 2.39786e-07 
0.00158188 0.0295564 0.000139212 1.97177e-06 0.0177648 0.0100352 0.029765 0.25982 0.000610996 0.000875058 0.0275829 3.08776e-07 0.272435 0.000355181 0.0163005 5.36816e-07 1.64433e-05 2.0428e-07 0.0116904 0.00386795 0.106772 7.20384e-06 0.0208984 0.0109591 0.0590868 0.00464955 0.00248384 0.0181259 0.0945919 2.40889e-05 
6.65857e-07 3.40584e-05 0.00331673 9.83751e-09 0.00186894 0.0175865 0.00685178 0.0289186 0.128355 0.000168658 1.88936e-06 5.18208e-10 2.21338e-06 0.00012356 8.88548e-07 9.00919e-10 7.32023e-10 3.42835e-10 0.0263441 9.48802e-10 0.599024 2.19718e-06 0.000847876 0.0662446 3.9965e-07 0.00692467 0.00824177 1.21126e-05 0.105129 6.87908e-10 
2.61575e-05 0.00355857 1.17686e-06 2.80573e-06 0.00128607 0.0171637 0.01341 0.00414347 2.6574e-05 0.000246552 3.93628e-05 0.000607326 0.00079459 1.1899e-05 0.00156452 0.0104244 0.000275504 1.37552e-09 0.00110439 0.002625 0.0222411 6.25057e-05 0.907721 0.000127907 9.47329e-07 0.00069931 0.00165079 4.13143e-07 0.0101838 2.76003e-09 
0.000710974 0.183891 0.309112 2.0119e-08 9.19318e-07 0.00338913 0.356905 0.0134472 1.45749e-07 0.00254313 7.81217e-08 0.0946997 0.00319534 1.12662e-10 0.014107 1.94459e-10 1.58004e-10 7.39992e-11 0.000293979 2.04794e-10 0.00373431 4.53249e-08 0.00805343 0.000551217 2.2609e-07 8.37538e-05 0.00322689 0.00205369 4.30836e-07 2.81332e-08 
0.000227703 0.000826131 1.42177e-05 1.09632e-07 0.00686675 0.00760828 0.0182976 0.000728794 0.000134003 0.000185971 0.000997719 7.74584e-10 0.00294846 1.31326e-05 0.00723058 1.34664e-09 3.61906e-07 5.12448e-10 4.11454e-08 0.000350341 0.00234192 6.00565e-05 0.000338543 0.00119744 6.15069e-06 1.28296e-07 0.0111311 0.0556807 0.882814 1.02824e-09 
5.43991e-06 0.000163723 1.86138e-06 2.12848e-06 8.74621e-05 0.902694 0.00265198 0.00396364 0.000135248 0.000129815 1.01169e-05 3.16489e-07 0.0130945 0.000121141 0.000278607 0.000806207 4.47074e-07 2.09382e-07 0.00420122 0.000120027 8.96848e-05 0.00378786 0.00795317 9.31082e-05 2.25014e-05 0.0103133 0.0215339 0.0103593 0.0173784 4.20132e-07 
0.0222705 0.000793558 9.16973e-05 1.86843e-07 1.08936e-06 0.00178431 0.0240128 0.350506 0.00358647 0.0237708 4.67591e-07 2.8085e-09 0.411247 0.000396487 0.010082 9.31874e-08 5.16996e-06 1.85804e-09 0.0402347 0.000626401 0.000576471 0.00549645 0.0101144 0.0338859 3.30382e-06 0.000125447 0.00495659 0.00496954 0.0504624 3.72822e-09 
0.000452152 0.0617406 5.27387e-07 1.19172e-05 1.4906e-06 0.00779811 0.111121 0.0248825 0.0212136 0.0060194 0.00835583 0.000131016 0.000868209 6.01743e-07 0.00640623 9.86115e-10 1.63838e-07 3.75255e-10 0.0663265 1.03853e-09 0.00493182 0.000394774 0.016604 0.00170812 0.000111777 0.601443 0.000638088 0.0122132 0.0466245 4.21549e-07 
1.59359e-07 3.3776e-07 1.54777e-07 7.51791e-08 2.47607e-06 0.063324 0.0124804 0.00131869 0.0443045 3.25211e-07 0.140408 0.000605921 0.054316 1.49356e-07 0.0145237 4.46909e-05 1.70062e-10 7.96466e-11 9.36807e-07 0.00038048 0.267712 0.00280219 4.63496e-07 0.0634632 2.16638e-07 5.4255e-07 0.0180756 0.220958 0.0952767 1.59813e-10 
0.000351628 3.40639e-05 5.52066e-11 5.06653e-09 0.000338834 0.000657934 0.00239963 0.000452141 6.65584e-06 1.16041e-07 0.00249209 1.04676e-11 0.97715 9.25196e-05 0.000349874 1.81982e-11 1.3385e-06 6.92513e-12 0.00405076 0.00107505 0.00187633 0.00224678 7.00093e-05 0.000465621 1.31011e-10 0.000125975 0.000240801 0.00293955 0.00258256 1.2144e-08 
0.00176643 0.246394 0.023647 3.73736e-05 0.00455745 0.00567456 0.19955 0.119263 0.000141135 0.00324711 6.42113e-05 0.000908625 1.86297e-05 0.00392844 0.116405 2.26019e-05 6.99363e-05 1.22456e-05 0.00483607 0.000105589 0.0772066 0.0121499 0.000222147 0.10595 0.00113647 1.9644e-05 0.000190503 0.0667206 0.0057207 3.46568e-05 
0.0767234 0.0492097 0.0163969 6.46305e-05 0.00130338 0.135797 0.195729 0.132992 0.00611588 0.0227037 0.00419471 0.000231819 0.0217867 0.00101994 0.00135624 1.86999e-05 0.000439681 6.57825e-07 0.168535 0.00456071 0.037224 5.66598e-05 0.00222231 0.0222924 0.000436262 0.00328389 0.0131249 0.0467983 0.0353777 3.82009e-06 
2.40012e-07 0.000645719 2.49233e-05 3.32595e-07 7.20694e-07 0.0392025 0.0121446 0.00377364 3.05512e-07 0.00453089 0.000945025 1.04879e-08 0.101698 5.46023e-07 0.0767759 1.17444e-06 1.16325e-06 6.93854e-09 0.0043568 5.2753e-06 0.000878294 0.738348 0.00787718 0.000953156 8.1159e-09 1.87998e-05 2.32255e-06 0.00466596 0.00314461 3.44297e-06 
1.43647e-05 0.00528528 3.45278e-05 3.55427e-09 0.0299361 0.0155543 0.0040827 0.000966343 0.0709917 0.00080642 0.000793838 8.24615e-10 0.0760891 0.00643662 0.00272258 1.43362e-09 1.16486e-09 5.45547e-10 7.40851e-06 0.00916403 0.0439288 0.041337 0.000212426 0.00154023 6.84885e-07 0.0115433 0.00672344 0.0206752 0.651154 1.09466e-09 
2.56623e-07 0.0296888 0.0126796 0.000106165 0.00723901 0.0793723 0.0219837 0.0164783 0.0357845 0.00106709 0.000787984 1.01099e-07 0.0378871 0.00274675 0.0532931 2.03721e-06 1.42812e-07 6.68847e-08 0.0058002 0.000606918 0.0251175 0.00698326 0.0494419 0.379173 1.02754e-05 9.70535e-07 0.0125868 0.128213 0.0929459 3.43772e-06 
0.000190514 0.000302871 1.0274e-05 3.4065e-05 0.00262917 0.00251222 0.03323 0.0113241 4.38931e-05 0.00109072 0.000306241 0.000862922 0.0511269 7.40252e-08 0.00869344 1.27771e-07 5.39428e-06 4.86217e-08 0.00235901 0.0745567 0.00077657 0.793202 9.16402e-06 0.00505818 0.000896549 3.8257e-07 0.00635039 0.000267604 0.00415663 3.73534e-06 
8.5428e-05 0.000385713 5.029e-05 2.34011e-08 0.000184866 0.00442284 0.0118673 0.0629543 0.00191816 0.000120604 0.0034832 1.00154e-07 0.278881 0.000385304 0.0380212 4.86755e-06 2.40389e-07 2.41233e-10 0.0633057 0.000107988 0.0509216 0.00410689 0.000299792 0.0100262 3.8195e-07 1.41759e-05 0.0480845 0.122782 0.297584 4.8404e-10 
3.4619e-06 0.000135071 7.26473e-07 2.45722e-05 0.000175689 0.10545 0.00114664 0.00108296 0.00168829 0.000520177 0.00261439 2.93683e-06 0.0384259 1.26931e-05 0.00379966 0.0276434 0.000258492 3.29132e-07 0.0395897 4.78916e-06 0.0283444 0.0100577 0.0360483 0.00771694 0.0002152 0.000264651 0.640417 0.0320966 0.0222534 6.23223e-06 
0.000452152 0.0617406 5.27387e-07 1.19172e-05 1.4906e-06 0.00779811 0.111121 0.0248825 0.0212136 0.0060194 0.00835583 0.000131016 0.000868209 6.01743e-07 0.00640623 9.86115e-10 1.63838e-07 3.75255e-10 0.0663265 1.03853e-09 0.00493182 0.000394774 0.016604 0.00170812 0.000111777 0.601443 0.000638088 0.0122132 0.0466245 4.21549e-07 
0.0348268 0.0203583 0.00573956 3.57695e-05 0.0141824 0.0147469 0.0916379 0.141604 0.00766904 0.0464717 0.0996527 4.98789e-07 0.0828979 0.00216428 0.00509686 3.85367e-10 1.71276e-07 1.46647e-10 0.000489151 0.0725671 0.000487955 0.095996 0.060562 0.0112144 0.124084 1.26022e-07 0.00780652 0.0176682 0.0420365 3.964e-06 
3.26083e-05 0.000996871 2.7346e-05 0.0209853 7.13698e-06 0.0116992 0.00139294 0.159976 0.0156657 0.00762133 0.0230513 0.000253319 0.411621 0.000138614 0.000498777 0.000159117 0.000423873 1.19752e-06 0.000410786 2.12192e-06 0.0237449 0.0549702 7.15178e-05 0.0528286 0.00408453 4.10548e-06 0.0173324 0.0913632 0.0997157 0.000920531 
0.000452152 0.0617406 5.27387e-07 1.19172e-05 1.4906e-06 0.00779811 0.111121 0.0248825 0.0212136 0.0060194 0.00835583 0.000131016 0.000868209 6.01743e-07 0.00640623 9.86115e-10 1.63838e-07 3.75255e-10 0.0663265 1.03853e-09 0.00493182 0.000394774 0.016604 0.00170812 0.000111777 0.601443 0.000638088 0.0122132 0.0466245 4.21549e-07 
6.18208e-05 0.0161336 0.0041297 7.24588e-07 0.00326729 0.355144 0.0322784 0.0273943 0.0873099 0.000368079 0.0158395 1.41223e-05 0.00772901 0.000653198 0.000211329 3.18225e-09 0.000104599 1.21097e-09 0.0305353 1.66733e-06 0.0147216 0.000420378 0.180151 0.0152814 1.67903e-05 0.000152775 0.192085 0.00404327 0.0119513 2.42985e-09 
0.0608139 0.121038 0.00994237 2.96829e-06 0.00163312 5.17788e-05 0.743035 0.016805 0.000219533 0.0137187 0.000356115 0.0016 0.000610971 2.60842e-05 0.0122605 5.31247e-09 1.9832e-05 2.0216e-09 0.00244535 5.59483e-09 0.00538123 1.07065e-05 0.000163965 0.000453687 5.10991e-06 0.00025541 0.00524264 8.97627e-05 0.00381801 4.05641e-09 
4.32746e-05 0.0016481 0.00336236 0.0175768 0.152189 0.0138843 0.0767521 0.00245854 0.00374562 0.00136955 0.000733601 5.40155e-07 0.000328289 0.000382965 0.262866 7.6701e-07 0.000550432 1.18848e-07 0.0014764 1.23256e-06 0.0614772 0.00330713 0.124401 0.00300331 0.000677598 3.44258e-05 0.248937 0.000137646 0.0186519 2.68469e-06 
0.0168584 0.29006 0.141376 3.24723e-06 0.0196153 0.0138492 0.433679 0.00879948 0.000228867 0.00125903 5.10197e-05 0.000133888 0.00139384 3.65965e-05 0.037569 3.17434e-08 3.71231e-08 2.40191e-11 0.00425583 1.99662e-06 0.00715818 3.55502e-08 0.0133453 0.000208606 1.20826e-08 2.17814e-07 0.00205471 0.000940837 0.0071205 6.05188e-09 
9.41717e-05 0.00584365 0.0079034 9.08154e-06 1.3623e-05 0.608961 0.00949592 0.00194398 0.0442731 0.000495011 0.0556761 3.16577e-09 0.0215542 0.000226876 0.0148094 5.61974e-07 0.00133267 2.09441e-09 0.00789792 2.00699e-05 0.0139256 8.92513e-08 0.0800071 0.018967 2.51015e-05 3.55056e-07 0.0574297 0.00685175 0.0422419 5.63696e-07 
1.1015e-05 0.0231214 0.0085322 4.37946e-07 0.00829032 0.00195411 0.0759292 0.0216933 2.77461e-06 0.00763712 2.43198e-07 3.06744e-08 5.28687e-07 7.37874e-07 0.836616 7.64865e-10 3.2969e-07 2.91061e-10 0.00406966 1.47377e-05 0.00518504 0.00108562 7.8587e-06 0.000757684 1.16552e-05 2.12101e-06 0.00206393 0.00130188 0.00170982 5.84022e-10 
1.82049e-05 0.00585519 6.99443e-06 2.48431e-07 0.00780492 0.0360694 0.0124642 0.147548 6.65145e-06 0.706511 0.00469902 2.58921e-08 0.00301466 5.51054e-07 0.00150575 4.50142e-08 2.98299e-05 1.71297e-08 0.000102044 4.43393e-05 0.00177239 0.0102134 0.0117382 0.00127796 2.00363e-08 0.000243938 0.000828849 0.00170879 0.0465355 3.43712e-08 
0.000324248 0.00315027 0.00372607 4.1202e-05 0.0015107 0.0750111 0.0513237 0.117141 0.0287095 0.00121802 0.0302092 0.000210339 0.0133866 0.012631 0.00918445 0.00067647 5.69103e-05 2.43534e-06 0.0226089 3.82509e-05 0.0168452 0.161165 0.0649592 0.134997 0.011732 0.00122109 0.0270209 0.0298619 0.0343739 0.146664 
0.000452152 0.0617406 5.27387e-07 1.19172e-05 1.4906e-06 0.00779811 0.111121 0.0248825 0.0212136 0.0060194 0.00835583 0.000131016 0.000868209 6.01743e-07 0.00640623 9.86115e-10 1.63838e-07 3.75255e-10 0.0663265 1.03853e-09 0.00493182 0.000394774 0.016604 0.00170812 0.000111777 0.601443 0.000638088 0.0122132 0.0466245 4.21549e-07 
4.04205e-07 0.00229498 1.85325e-05 1.66537e-06 0.0123733 0.300683 0.03384 0.0428894 1.35275e-06 0.0307928 0.00540821 0.000471609 0.0257934 0.00251249 0.00267472 1.14807e-05 0.280619 6.96767e-08 0.000137135 6.73365e-06 0.0257778 4.22653e-05 0.067501 0.00115145 0.00281274 1.90775e-06 0.111973 0.0032414 0.0469681 2.61918e-07 
2.24622e-06 0.0105763 1.14511e-05 2.88625e-05 0.00108069 0.00422797 0.676402 0.265539 2.65636e-05 0.00310481 2.62493e-05 9.86196e-09 6.87601e-05 3.52757e-05 0.00293355 1.71453e-08 0.00209984 6.52446e-09 0.000501334 7.48918e-05 0.00234936 0.00669517 3.15821e-05 0.00403909 0.0108819 0.00125555 0.00125253 0.00215941 0.004595 1.30915e-08 
0.00336633 0.00694927 0.000604899 1.8103e-06 0.000491381 0.0370068 0.00210246 0.0392409 0.187648 0.000315551 0.0131791 2.19922e-08 0.0662654 0.000771484 3.51786e-05 3.82341e-08 0.000827957 1.45496e-08 0.0164898 0.0029453 0.065765 0.0165025 0.0140061 0.00621225 0.000146144 0.00260246 0.0400677 0.0333615 0.442779 0.000315887 
0.000324248 0.00315027 0.00372607 4.1202e-05 0.0015107 0.0750111 0.0513237 0.117141 0.0287095 0.00121802 0.0302092 0.000210339 0.0133866 0.012631 0.00918445 0.00067647 5.69103e-05 2.43534e-06 0.0226089 3.82509e-05 0.0168452 0.161165 0.0649592 0.134997 0.011732 0.00122109 0.0270209 0.0298619 0.0343739 0.146664 
0.000220036 0.00394322 0.00312448 1.68622e-07 0.000473034 0.00424823 0.0673221 6.71072e-06 0.000344432 0.000985242 0.0157883 1.81514e-08 0.798768 9.50907e-05 0.016418 3.15568e-08 5.77741e-06 1.20086e-08 0.00193192 0.0115775 0.000239652 0.0212652 0.00909514 1.03375e-05 0.0104945 1.43303e-05 0.00151187 0.0109653 0.021147 4.94039e-06 
0.000380242 0.0135363 0.00117672 2.07227e-06 0.00342953 0.0110863 0.0391114 0.035321 0.000610595 0.016918 0.00355575 0.000111632 0.113279 0.000737576 0.383665 3.28002e-09 2.66511e-09 1.24818e-09 0.0077019 0.000860199 0.0160067 0.00697728 0.00100649 0.00579503 7.73294e-05 1.93627e-07 0.00203455 0.0465099 0.29011 2.5045e-09 
3.67795e-05 1.34377e-06 3.50849e-07 8.13367e-08 9.89327e-07 0.0552846 0.0034344 0.419663 0.0025016 5.70563e-07 0.066995 9.18841e-11 0.191338 0.00169397 0.00308707 1.59743e-10 0.000103522 6.07885e-11 7.03538e-08 1.68233e-10 0.00827529 0.00102666 0.00421651 0.000701187 0.00181217 0.000590579 0.0481027 0.0434038 0.14773 1.21974e-10 
0.000174435 0.00702644 1.6502e-08 0.0486865 3.67026e-08 0.0226119 0.00752207 0.0306784 0.00331006 0.000179635 0.0821543 5.7994e-08 0.0564488 9.04519e-05 0.00205962 8.52184e-12 3.68998e-08 3.24289e-12 0.00649218 3.41612e-07 0.00481216 1.11498e-09 0.000268071 0.0309938 8.78716e-09 0.000185568 0.0207455 0.603584 0.0719702 4.94462e-06 
0.00612034 0.214489 0.113135 8.46806e-06 0.000431037 0.00276392 0.265543 0.0995217 0.0001004 0.0084281 0.000181264 0.000926172 0.00191954 1.89506e-08 0.00851964 1.18963e-10 0.000639423 4.52701e-11 0.0437065 4.55282e-07 0.00281703 0.00333666 0.000297245 0.0102271 0.125254 1.76097e-05 0.0773666 0.012319 0.00193132 1.7077e-07 
0.000452152 0.0617406 5.27387e-07 1.19172e-05 1.4906e-06 0.00779811 0.111121 0.0248825 0.0212136 0.0060194 0.00835583 0.000131016 0.000868209 6.01743e-07 0.00640623 9.86115e-10 1.63838e-07 3.75255e-10 0.0663265 1.03853e-09 0.00493182 0.000394774 0.016604 0.00170812 0.000111777 0.601443 0.000638088 0.0122132 0.0466245 4.21549e-07 
4.34874e-05 0.00128535 9.46464e-08 0.0225165 1.52711e-06 0.0435705 0.00824116 0.0483911 3.96907e-08 7.14304e-07 0.00508826 1.58561e-07 0.0243626 0.00119335 0.00408155 1.63835e-10 0.000215124 6.23456e-11 0.00579958 1.72543e-10 0.016555 6.21662e-08 0.000121379 0.00260221 4.29754e-08 4.49171e-07 0.0203078 0.0560048 0.739614 3.23395e-06 
0.000856946 0.0344642 0.00717213 1.59062e-08 0.0117005 0.0200785 0.764414 0.0124466 6.2436e-07 0.0063189 0.00355063 0.000262054 2.46764e-07 1.64479e-06 0.00711507 2.56163e-10 2.0814e-10 9.748e-11 7.53633e-08 2.69778e-10 0.067415 4.11971e-07 0.00175723 0.0246814 2.2886e-07 0.000193802 0.00857617 0.0289913 1.85e-06 1.95596e-10 
0.000220036 0.00394322 0.00312448 1.68622e-07 0.000473034 0.00424823 0.0673221 6.71072e-06 0.000344432 0.000985242 0.0157883 1.81514e-08 0.798768 9.50907e-05 0.016418 3.15568e-08 5.77741e-06 1.20086e-08 0.00193192 0.0115775 0.000239652 0.0212652 0.00909514 1.03375e-05 0.0104945 1.43303e-05 0.00151187 0.0109653 0.021147 4.94039e-06 
8.24698e-05 0.189467 0.0660838 1.22858e-05 0.00051649 0.0013015 0.440803 0.0742776 1.3238e-07 0.0155951 0.00013924 1.54221e-07 0.00905478 5.7195e-11 0.0117208 9.87212e-11 2.82087e-07 3.75673e-11 0.0265685 0.00155061 2.234e-07 0.0791349 0.00153637 0.0127029 0.0644455 1.16387e-07 0.000730789 0.00176111 0.00251483 3.4615e-07 
7.82984e-06 0.00635615 3.29596e-07 1.81976e-09 0.0321849 0.071642 0.0467259 0.0465792 6.116e-06 0.00700792 0.0267752 3.21315e-11 6.63285e-07 0.002222 3.08093e-06 5.58616e-11 1.27135e-07 2.12575e-11 2.40226e-07 0.0260376 0.00942651 0.1687 5.20044e-07 0.0224846 3.72994e-07 8.62307e-08 0.00200421 0.16087 0.370964 4.26538e-11 
6.17577e-08 0.00145198 3.14833e-07 7.30154e-08 8.8748e-07 5.76922e-07 0.00432195 0.987324 7.30318e-07 0.000531381 7.21672e-07 2.85395e-10 1.89042e-06 9.69845e-07 0.00168954 4.96167e-10 1.05546e-06 1.88811e-10 6.31612e-08 4.02601e-07 0.000780203 2.30131e-07 0.00291889 0.000970267 5.99057e-07 4.24105e-07 1.06066e-06 4.45631e-07 1.06519e-06 3.78854e-10 
0.000665013 0.00185453 9.54402e-05 4.06448e-05 0.00531406 0.0449857 0.0300553 0.0175337 8.58841e-05 0.00156135 0.013919 4.7896e-07 0.00221588 0.000388429 0.00322898 8.32686e-07 3.0248e-05 3.1687e-07 0.0345216 0.00231726 0.00228249 0.693354 6.51519e-05 0.111196 0.00018256 0.00142388 0.00974156 0.0185275 0.00441179 6.35808e-07 
0.003351 0.0790852 0.00351754 1.09994e-07 0.00407419 0.029791 0.439709 0.134567 0.00417577 0.00921568 0.00351437 8.62213e-11 0.00619673 0.000963924 0.0283508 1.49898e-10 1.59091e-06 5.70422e-11 0.000840898 1.57865e-10 0.017733 3.46841e-07 0.0136047 0.0254787 9.02976e-07 0.00476799 0.0484135 0.0802428 0.0624028 1.14457e-10 
0.00261069 0.0241741 2.61774e-05 2.2901e-06 8.19402e-05 0.0260007 0.00868722 0.00131898 0.00224947 0.000915638 0.00625364 2.0395e-06 0.746614 0.00493097 0.00293036 2.74775e-05 5.7976e-06 5.33906e-08 0.000974304 0.000553545 0.0352708 0.0141547 0.0556565 0.00513927 6.10476e-05 0.000382287 0.0113882 0.000208952 0.049377 2.11003e-06 
0.0168584 0.29006 0.141376 3.24723e-06 0.0196153 0.0138492 0.433679 0.00879948 0.000228867 0.00125903 5.10197e-05 0.000133888 0.00139384 3.65965e-05 0.037569 3.17434e-08 3.71231e-08 2.40191e-11 0.00425583 1.99662e-06 0.00715818 3.55502e-08 0.0133453 0.000208606 1.20826e-08 2.17814e-07 0.00205471 0.000940837 0.0071205 6.05188e-09 
0.000109589 0.000342419 0.000183754 5.24601e-07 0.0464664 0.00222068 0.00813681 0.0102041 2.46296e-05 3.7971e-05 0.00107305 2.0085e-09 0.00511616 7.62593e-06 0.00293632 3.49184e-09 0.000440631 1.32878e-09 3.8527e-05 3.70771e-07 0.171841 8.04707e-07 0.000199295 0.000384668 1.95344e-05 2.07154e-06 0.0124539 0.0611886 0.67657 2.66624e-09 
0.00350644 0.102459 0.00122019 1.09064e-08 0.00474451 0.0159878 0.284048 0.0109287 0.0431837 8.38023e-05 0.000368029 5.79174e-07 0.00451997 1.91278e-06 0.00317625 1.66187e-07 2.06856e-10 9.68786e-11 0.0419628 2.68113e-10 0.103678 1.5562e-07 0.357342 0.000425341 1.13317e-10 2.68987e-05 8.30169e-06 0.01258 0.00974645 1.9439e-10 
0.0680194 0.0230914 0.0905279 3.05731e-05 0.00054144 0.0934408 0.145797 0.00429612 0.00400995 0.00644844 1.51037e-05 1.03199e-08 0.0625973 0.00227925 0.0039592 1.79414e-08 0.000923239 6.82741e-09 0.0289302 2.05367e-05 2.82502e-05 0.00116319 0.00134971 0.195451 0.000310183 0.00403295 0.240405 3.54788e-06 0.0220919 0.000236189 
0.0139654 0.0610203 0.00296985 9.60589e-05 0.00420403 0.0287319 0.029893 0.0135876 0.00460008 0.00123823 0.00880486 0.000156641 0.048828 0.000104506 0.00399896 1.5239e-07 2.51958e-05 6.08473e-10 0.0590326 0.000195656 0.0028995 0.000426572 0.148416 0.00045186 3.31591e-06 0.00131974 0.564952 7.65993e-05 1.60845e-06 7.73572e-09 
0.000143956 0.0100271 0.000119306 5.17449e-08 0.00509836 0.00771171 0.00542621 0.0176168 0.000343652 7.07121e-07 0.00209186 5.686e-09 0.23881 2.0335e-05 0.0205951 9.88527e-09 5.0003e-07 3.76173e-09 3.58443e-06 0.000277841 0.000275988 0.000486306 0.000952645 0.000303072 0.000109283 0.000715078 0.0290193 0.109971 0.549879 8.45317e-07 
0.00090529 7.7191e-07 2.33282e-06 4.74532e-08 0.0620986 0.0726326 0.0227505 0.0217307 0.0332396 2.16908e-06 0.00850274 0.00154475 2.04457e-07 0.0118988 2.29209e-07 8.609e-11 3.98788e-07 3.27606e-11 0.164285 9.06656e-11 0.0559984 0.000984551 1.05439e-06 0.270348 6.90136e-08 4.59743e-07 0.0902046 0.0435998 0.139268 1.18389e-07 
5.31495e-05 0.00159494 7.98645e-05 1.17019e-05 0.199107 0.00785597 0.0247112 0.00146456 0.000747488 5.58296e-06 0.000218394 4.70566e-09 0.00071935 0.000573551 0.00479944 8.18093e-09 5.83956e-06 3.11316e-09 0.00221055 2.06274e-06 0.366834 5.56401e-05 5.18005e-05 0.0113729 5.56255e-06 0.00224942 0.0546935 0.0187237 0.301852 4.08108e-07 
0.000155839 0.0100948 0.0013419 0.0193031 0.0157756 0.00303757 0.0510709 0.0848146 0.0529122 3.83786e-07 0.000710691 2.4714e-08 3.73626e-05 2.0793e-06 0.0030552 3.49974e-08 0.00125941 4.9788e-09 0.00404684 5.62642e-08 0.668897 2.75453e-05 0.0552951 0.00215256 1.29523e-07 1.82457e-07 0.0093839 0.00134142 0.0152836 1.12286e-07 
0.00010775 0.0954698 0.0010912 2.57117e-05 0.0170123 0.134583 0.0763758 0.104622 0.0594612 0.00062019 1.98728e-05 8.97711e-05 0.00721685 0.000492297 0.00397573 0.0172105 0.000324625 4.77619e-08 0.00579823 0.000924636 0.0189421 0.0209176 0.327594 0.00883574 0.00316563 1.41676e-05 0.0242849 0.00217585 0.0686481 9.58356e-08 
0.00801592 0.515767 0.130479 8.95648e-07 0.00490564 0.000242581 0.222955 0.0595392 2.31828e-06 2.53109e-06 2.76711e-07 0.0476138 1.96669e-06 6.28264e-10 7.33738e-06 1.08441e-09 3.02989e-06 4.12661e-10 2.64372e-06 1.68206e-07 0.000912794 1.56544e-07 5.00699e-05 0.00686028 8.57312e-05 1.20077e-06 0.00101885 0.00014649 0.00138511 8.28016e-10 
4.39988e-07 0.00737339 0.000214836 0.000121046 0.0143268 0.00871358 0.00343546 0.124932 1.88852e-05 0.000956775 0.00429408 1.05507e-06 0.0396456 0.0045774 2.53107e-06 3.94465e-08 3.20514e-08 1.50109e-08 0.00165414 0.031936 2.88899e-05 0.730671 4.20298e-06 0.0224986 6.90924e-05 1.90256e-07 4.46375e-06 8.43643e-06 0.00449594 1.47474e-05 
0.000843314 0.0288726 0.239163 7.37723e-09 0.000995191 0.00577687 0.0468865 0.0151273 0.000312061 0.00449291 9.33844e-05 0.00908356 0.000747957 9.10819e-11 0.61132 1.57211e-10 3.24529e-09 5.98251e-11 0.00126364 0.0024069 0.00975993 0.00171778 8.74952e-05 0.00593668 1.8846e-05 2.37348e-08 0.000114926 0.00851727 0.00644295 1.87485e-05 
0.0156601 0.000635715 7.8934e-05 1.40919e-05 0.00570886 0.00518513 0.00764793 0.0113154 0.000272491 8.21256e-07 1.48702e-06 4.27993e-05 0.382027 0.0208 0.00612621 5.02897e-08 5.23664e-07 1.83614e-09 0.0135469 0.171934 0.000658462 0.00123013 1.49227e-06 0.00655122 1.74708e-07 1.88104e-07 0.224538 0.0421335 0.083888 2.72316e-07 
0.00372452 0.0245769 0.0114804 1.58009e-05 0.0184776 0.0010686 0.0261439 0.0979957 0.0491762 0.00176158 0.0228963 2.9817e-05 0.00924878 5.58249e-05 0.0131423 1.2027e-10 8.06855e-05 4.57676e-11 0.0896395 0.000202345 0.0864696 0.00917694 0.0140757 0.119328 0.257592 0.00157313 0.00599731 0.083531 0.0525389 9.0503e-09 
0.000220036 0.00394322 0.00312448 1.68622e-07 0.000473034 0.00424823 0.0673221 6.71072e-06 0.000344432 0.000985242 0.0157883 1.81514e-08 0.798768 9.50907e-05 0.016418 3.15568e-08 5.77741e-06 1.20086e-08 0.00193192 0.0115775 0.000239652 0.0212652 0.00909514 1.03375e-05 0.0104945 1.43303e-05 0.00151187 0.0109653 0.021147 4.94039e-06 
0.000266625 0.0807579 0.0621534 3.98281e-05 0.00373777 0.00736557 0.168387 0.398871 0.00420184 1.60371e-06 0.00146016 0.00912992 0.00405467 0.000353261 0.00515854 1.47917e-07 1.33033e-05 2.1457e-08 0.00461594 8.39874e-05 0.128276 0.00269823 0.019614 0.00660529 1.48539e-05 5.55064e-05 0.0442594 0.00803891 0.0397041 8.15729e-05 
0.000707202 0.00110608 0.0553179 2.12881e-07 0.00326121 0.264391 0.0104807 0.215409 0.000589768 0.000267137 0.000778466 1.91282e-09 0.00279214 0.000274399 0.00260271 3.32549e-09 0.000370428 1.26548e-09 0.00197604 8.82714e-05 0.0304739 0.000729592 0.346365 0.00123947 0.01869 1.18169e-05 0.0333562 0.00439759 0.00430844 1.52398e-05 
0.00119679 0.0304073 0.000800409 0.0290852 0.00371997 0.138444 0.0581271 0.181564 0.0219488 0.00177539 0.00816961 1.01642e-09 0.00778083 0.000474495 0.00796361 1.76708e-09 4.59609e-06 6.72442e-10 0.0120038 1.861e-09 0.0212672 2.76362e-05 5.93855e-05 0.201656 7.86544e-10 0.000113902 0.0250095 0.150585 0.0977719 4.3186e-05 
5.43991e-06 0.000163723 1.86138e-06 2.12848e-06 8.74621e-05 0.902694 0.00265198 0.00396364 0.000135248 0.000129815 1.01169e-05 3.16489e-07 0.0130945 0.000121141 0.000278607 0.000806207 4.47074e-07 2.09382e-07 0.00420122 0.000120027 8.96848e-05 0.00378786 0.00795317 9.31082e-05 2.25014e-05 0.0103133 0.0215339 0.0103593 0.0173784 4.20132e-07 
0.0123816 0.53911 0.00138385 6.23226e-06 0.00498315 0.071656 0.142162 0.0187695 0.00382283 0.00745024 0.000147603 0.000153913 0.0511177 1.21603e-05 0.0822954 0.000468481 2.01363e-09 9.4306e-10 0.00055409 0.000163498 0.0137373 0.000401975 0.00040543 0.00151857 0.000484656 3.43228e-05 0.00599349 0.0115117 0.0292635 1.0486e-05 
