0.000128557 0.00683327 0.00155349 3.7141e-07 0.000146897 0.00195927 0.00950518 1.84066e-05 0.000733022 2.87885e-05 8.02126e-06 4.81402e-08 2.83298e-05 6.00378e-05 0.964034 8.36931e-08 6.80031e-08 3.18485e-08 0.00236328 0.00252188 0.00215468 3.88088e-06 8.45319e-05 0.00110355 0.000177058 2.58334e-08 3.52268e-06 0.000479967 0.00606965 2.62248e-07 
0.000102695 0.00532093 0.00305114 4.96263e-05 0.0572891 0.00217376 0.00676265 0.0315859 0.00724581 0.00128838 0.101846 4.42458e-05 0.0118027 0.00115327 0.0019975 3.82403e-09 4.87258e-05 8.44026e-06 0.00152727 0.000892442 0.00760695 0.231219 0.000170767 0.49629 1.28076e-05 0.00369597 0.00284097 0.0182634 0.00569947 1.05981e-05 
0.000135946 0.000512962 0.222536 0.000134451 1.32495e-05 1.15713e-05 0.119774 0.0374105 3.00244e-06 0.0316018 0.00176051 8.39265e-05 0.000129738 0.000276441 0.0350658 1.74603e-07 2.49129e-05 6.64432e-08 0.00222762 2.62152e-05 2.7855e-05 0.45545 4.13744e-06 0.0843223 0.00595192 6.6696e-05 0.000113502 0.00231502 8.82466e-06 1.06589e-05 
0.160683 0.00839237 0.0129248 1.58649e-07 0.00415656 0.00637826 0.0708348 0.0091865 0.0120539 0.0535014 0.185363 1.58508e-07 0.0266655 0.00488217 0.0268057 1.58364e-07 0.00128343 1.58574e-07 0.00223714 0.00220117 1.58667e-07 0.0103899 0.0155739 0.0150254 0.067623 1.586e-07 0.0132479 0.236992 0.053487 0.000111069 
0.000640502 0.0129504 0.0015983 0.000134034 0.0042983 0.0732817 0.239189 0.0213998 0.00931835 0.00386821 0.021352 0.000317247 0.0105202 0.00959599 0.012739 5.88551e-05 0.000823393 9.20841e-05 0.00636666 0.000187407 0.0124664 0.0163429 0.470803 0.00849688 0.000806735 0.00514642 0.0235403 0.0231261 0.0105299 9.57568e-06 
0.00432846 0.00827698 0.00721241 7.57097e-05 0.00307199 0.125781 0.0623952 0.0827055 0.0183712 0.00109041 0.00351854 0.0182762 0.00135069 2.77982e-05 0.00538793 0.000253863 0.000136696 1.18941e-05 0.0161768 0.000107341 0.34604 0.00122364 0.00151325 0.0411663 9.64838e-05 0.00300195 0.0174727 0.14038 0.0904723 7.63905e-05 
1.10788e-05 0.0225855 0.000998841 1.53959e-06 0.00116489 0.000986959 0.0170827 0.000183789 0.00014969 0.00212779 0.117578 2.41128e-05 0.00384426 0.000355096 0.000530542 4.17594e-12 0.000249019 3.06215e-06 0.0460881 2.13187e-05 1.18514e-05 0.000165879 0.000310433 0.0513666 0.707236 0.000829202 0.00209379 0.0235784 0.000403701 1.73846e-05 
1.79968e-05 0.00379355 8.09766e-05 6.52999e-06 0.00216907 0.00115893 0.000325758 0.00359045 1.60182e-07 5.78391e-06 9.62904e-06 4.00407e-05 5.9207e-05 0.000237078 2.50052e-11 9.29884e-11 2.20459e-06 1.06627e-08 3.53276e-07 2.36063e-05 0.00496616 0.00569566 0.000608659 0.00145428 0.931158 0.00101272 0.0367259 0.00300861 0.0038483 9.02016e-08 
0.0127087 0.00187382 0.00010407 7.30251e-06 0.00250772 0.00558514 0.00409034 0.0622814 0.000183626 0.000860015 0.230914 2.35813e-05 0.0592251 2.75277e-05 0.0023798 9.88979e-11 0.00263137 5.80067e-06 0.00907471 0.000752712 0.0205391 4.23305e-05 0.0167262 0.0321461 0.000266825 0.00223321 0.01309 0.435304 0.0844148 6.53247e-08 
0.00555599 0.0164623 0.00425178 2.78193e-05 0.00566459 0.0292751 0.0222708 0.00824879 0.0076899 0.000966115 0.00120234 5.50444e-06 0.00737605 0.000700819 0.013113 2.5259e-05 4.41717e-05 1.88277e-05 0.02657 0.000933723 0.0405675 0.00254744 0.0192787 0.00495781 0.0123448 0.0135058 0.65077 0.0121301 0.0934902 4.48805e-06 
0.000102695 0.00532093 0.00305114 4.96263e-05 0.0572891 0.00217376 0.00676265 0.0315859 0.00724581 0.00128838 0.101846 4.42458e-05 0.0118027 0.00115327 0.0019975 3.82403e-09 4.87258e-05 8.44026e-06 0.00152727 0.000892442 0.00760695 0.231219 0.000170767 0.49629 1.28076e-05 0.00369597 0.00284097 0.0182634 0.00569947 1.05981e-05 
7.93112e-09 0.00462445 0.00186626 4.49329e-05 0.087252 0.010807 0.0132901 0.0032628 0.000146828 0.000381774 0.382238 1.99936e-08 0.00500321 2.9911e-12 0.00292954 5.16278e-12 0.000303569 4.86646e-09 0.00314045 1.05231e-08 1.11537e-06 0.0017503 0.00320187 0.184041 0.233584 0.0137755 0.0483292 3.75696e-07 2.22824e-05 3.97052e-06 
0.00195412 0.0839937 0.0244681 1.21545e-05 0.000215658 0.043353 0.144102 0.231153 0.0105411 0.0138363 0.0021009 1.99133e-06 0.00816023 7.35073e-06 0.0437074 9.89443e-10 1.37361e-05 1.18753e-07 0.00971683 1.52027e-06 0.00143102 0.039854 0.00443 0.150909 7.75555e-05 3.37847e-06 0.0380386 0.110765 0.037152 7.55502e-10 
0.0208663 0.611638 0.00313953 1.13054e-05 0.00816521 0.0307856 0.0714278 0.0597906 3.51236e-06 0.0337381 1.79923e-05 1.89848e-05 0.0207575 1.12296e-06 0.0030755 3.52815e-09 2.86672e-09 1.3426e-09 0.0675932 0.0287006 0.00662838 0.00433399 0.00237783 3.73569e-06 9.79929e-06 1.7719e-05 0.00169274 0.0242408 0.000963809 2.69396e-09 
0.0348268 0.0203583 0.00573956 3.57695e-05 0.0141824 0.0147469 0.0916379 0.141604 0.00766904 0.0464717 0.0996527 4.98789e-07 0.0828979 0.00216428 0.00509686 3.85367e-10 1.71276e-07 1.46647e-10 0.000489151 0.0725671 0.000487955 0.095996 0.060562 0.0112144 0.124084 1.26022e-07 0.00780652 0.0176682 0.0420365 3.964e-06 
0.796206 0.00511098 0.00276746 1.34503e-10 0.00485472 1.05271e-07 0.0270069 0.00242251 0.0060579 2.56409e-08 1.28499e-07 2.92138e-08 0.00308372 0.00541909 0.00282394 1.24279e-09 3.35482e-12 1.57119e-12 2.20347e-08 2.60032e-07 0.00836003 1.07584e-07 0.000434384 0.0105524 2.75688e-08 6.37351e-09 0.0376714 0.051435 0.0357931 3.15264e-12 
2.11003e-06 1.09332e-05 6.46331e-06 1.55823e-06 0.0105189 0.00180604 0.000815159 0.00049694 0.00251431 5.56016e-05 3.69346e-05 4.02722e-08 0.00134978 0.000222175 0.000194316 7.00144e-08 2.29423e-05 2.66432e-08 0.000136887 2.81943e-05 0.0526969 1.69231e-08 0.0304681 0.00115803 7.81977e-06 5.2486e-05 0.0412989 0.00711362 0.848926 5.82592e-05 
0.0207766 0.957206 8.73242e-07 1.1243e-08 2.7925e-05 0.000773188 0.0151604 0.00127581 0.000289003 0.000125187 0.000100126 1.8347e-05 1.9527e-06 9.49117e-07 0.00289295 0.000423988 1.92186e-10 9.00083e-11 0.000595376 1.75979e-07 0.000124178 1.32704e-07 6.00217e-08 0.000115412 1.05281e-10 7.30089e-11 3.82976e-05 1.51202e-11 5.279e-05 1.80604e-10 
0.000560203 0.0261572 3.95649e-05 0.00036453 0.00532582 0.0149122 0.0144118 0.0428315 0.000547436 0.00140633 0.0288624 0.000172559 0.0540153 0.000129135 0.00642702 2.20639e-07 1.46975e-06 3.80875e-05 0.014714 0.010651 0.0155881 0.673504 0.00126917 0.00161003 0.0113034 0.0100937 0.0172484 0.0351506 0.0124193 0.000245606 
0.000445896 0.00016122 9.8957e-06 2.7101e-06 6.22023e-09 3.93417e-05 2.88892e-05 4.8989e-05 2.63779e-05 3.22394e-05 0.0281908 1.94295e-08 7.56736e-09 0.0101544 3.82847e-05 4.86904e-05 2.74462e-08 1.28541e-08 3.1361e-05 3.5574e-08 1.27462e-05 0.727411 3.25167e-06 0.0811613 1.50353e-08 1.06154e-05 8.43533e-06 0.152098 3.50464e-05 2.57922e-08 
0.00441788 0.00240246 0.0146247 0.000215943 0.227035 0.0132742 0.0345411 0.0843532 1.11204e-06 0.00841065 0.0167578 0.231025 3.28759e-11 8.50207e-11 3.94619e-11 1.46749e-10 0.0030094 5.58439e-11 0.0147461 1.54549e-10 0.230916 0.0190935 0.0060573 2.19808e-07 1.81222e-05 2.32282e-07 0.00472703 0.0550923 0.0292812 6.31637e-07 
0.00120907 0.000935744 0.000319389 3.8874e-07 0.00442094 0.00322278 0.00451318 0.032648 0.00454608 0.0110603 0.0134423 0.000106292 0.00819346 0.000400068 0.00120951 2.39857e-06 7.47615e-05 9.1275e-07 0.0006061 0.00227834 0.000147582 0.778059 0.00144524 0.00467658 0.0233259 7.40364e-07 0.00133784 0.101407 0.000401869 7.74469e-06 
0.0403931 0.0569235 0.273194 9.58808e-08 0.0249138 0.00550878 0.240906 0.115314 0.00178387 0.00943805 0.00129872 8.98397e-10 0.0465171 0.000131745 0.0239925 1.56189e-09 2.40544e-05 5.9436e-10 0.0145606 0.00110644 0.00791759 0.000182301 0.0168579 0.000354979 0.000241992 0.00565379 0.0127989 0.0223905 0.0775832 1.22655e-05 
0.00916929 0.0778962 0.112597 1.26649e-05 0.0293556 0.00483855 0.0799416 0.0315782 0.00642224 0.0514373 0.171395 1.58757e-08 0.00329714 9.69756e-08 0.0166097 2.41911e-10 0.0017647 6.71122e-08 0.0296488 5.14943e-07 0.231864 0.00132897 0.00208963 0.0336927 0.00144946 0.0207397 0.0557637 0.00707877 0.0200265 1.92709e-06 
0.00541409 0.000802556 0.000228032 0.00019318 0.00786888 0.0255501 0.00721143 0.0426847 0.00325998 0.00884614 0.0590213 0.000780507 0.0264906 0.00041888 0.00177228 2.50044e-07 0.00019375 3.68216e-05 0.102249 4.09597e-05 0.0290391 0.1113 0.000838143 0.0317721 0.000120261 0.0355368 0.00275503 0.447586 0.0479765 1.25962e-05 
0.00017904 0.00235139 0.000101292 2.23169e-05 0.000123136 0.0444252 0.0065813 0.0071017 0.000120994 0.00145389 0.0049809 2.38821e-06 0.0790964 0.00669427 0.00332455 0.0219188 3.08243e-05 2.18266e-05 0.00213278 0.00165306 0.0104472 0.00549269 0.0408813 0.00170945 0.000480104 0.00771947 0.0113141 0.0200935 0.719545 1.58989e-06 
1.22952e-07 0.00554117 0.000718269 7.82583e-13 0.00847734 0.00635403 0.0240017 0.0209898 0.00442809 1.66732e-07 0.00284761 2.77742e-12 1.45641e-05 3.58317e-05 0.0073899 4.82863e-12 2.13437e-07 1.83748e-12 0.0877348 5.08526e-12 0.068486 1.16713e-12 0.000935915 0.00683918 6.87982e-09 0.000151865 0.0208694 0.330053 0.404131 3.68696e-12 
0.00218369 0.00955629 0.0016772 0.0115279 0.00652548 0.0340889 0.00703557 0.014489 0.0134545 0.00296597 0.016607 1.03391e-06 0.316379 0.00404556 0.00421803 0.000403186 0.00024072 9.40827e-05 0.0247076 0.00183204 0.00604806 0.00339629 0.139089 0.00293003 0.0019248 0.00170774 0.154279 0.078672 0.139916 4.93968e-06 
5.7529e-08 0.0183083 1.00458e-05 4.19601e-09 0.00390453 0.172793 0.0569149 0.0230919 1.78842e-05 7.82668e-07 9.93201e-06 1.48918e-08 5.75379e-05 4.54075e-06 0.0213462 2.58898e-08 2.10362e-08 9.85209e-09 0.00217322 2.27339e-05 0.0018801 0.0902323 0.609175 3.10701e-06 1.17465e-05 7.99138e-09 2.40169e-06 3.04005e-05 8.52005e-06 1.97685e-08 
0.0207766 0.957206 8.73242e-07 1.1243e-08 2.7925e-05 0.000773188 0.0151604 0.00127581 0.000289003 0.000125187 0.000100126 1.8347e-05 1.9527e-06 9.49117e-07 0.00289295 0.000423988 1.92186e-10 9.00083e-11 0.000595376 1.75979e-07 0.000124178 1.32704e-07 6.00217e-08 0.000115412 1.05281e-10 7.30089e-11 3.82976e-05 1.51202e-11 5.279e-05 1.80604e-10 
0.00029596 0.0350222 0.000801696 0.16465 0.000135803 0.00529354 0.15922 0.0246944 8.49592e-12 0.00461036 0.128358 3.22761e-08 0.0162099 0.000319089 0.0354766 4.56786e-08 0.00334137 6.46311e-09 0.00397272 4.17188e-05 0.00746033 1.85221e-08 0.0033874 0.187926 0.00527681 5.57869e-05 0.0175595 0.176006 0.0196289 0.00025535 
2.74272e-06 0.00772995 0.00143802 9.04062e-08 3.12073e-06 0.00142695 0.0205397 2.18135e-06 1.19757e-06 0.000494122 2.85933e-06 6.29262e-05 1.92007e-05 8.49049e-10 0.000688004 0.000153814 0.00427935 5.57679e-10 1.06027e-05 1.54339e-09 0.00166716 5.7635e-06 0.0207786 0.00618647 5.65764e-06 0.928614 0.00588125 5.85731e-06 1.57815e-10 1.119e-09 
4.1947e-06 1.47152e-06 1.44177e-05 9.69373e-10 0.10506 0.0606528 0.0208122 0.00704565 2.25158e-05 1.34442e-05 2.53241e-05 3.44035e-09 1.02121e-05 0.165485 1.60837e-09 5.98114e-09 2.49839e-06 2.27606e-09 0.0731509 6.29904e-09 0.00016609 2.77623e-06 0.349222 0.035577 0.000128101 0.0179861 0.164411 1.73566e-05 5.71663e-06 0.000182433 
0.0232898 0.00211077 0.000494145 2.78876e-06 0.000296406 0.662408 0.186881 0.0394394 0.00104855 0.000517079 0.0128044 2.38378e-05 0.000228302 0.000116281 0.00845914 8.99145e-05 1.1168e-05 5.23041e-06 2.12609e-06 1.44752e-05 0.000614816 0.00122561 0.00382457 0.00425523 6.11792e-06 0.000316727 0.0511371 0.000171079 9.87908e-05 0.00010712 
0.00639456 0.000775048 0.00296102 0.000158134 0.0010732 0.00133315 0.00137275 0.0034075 0.00499538 0.000284226 0.0381776 1.36222e-06 0.0559915 0.000468893 0.0256172 0.0021446 0.00170628 9.01214e-07 0.00213253 0.00287555 0.00980721 0.0197525 0.000425465 0.000568763 0.000305642 0.802605 0.00262962 0.00846002 0.00357274 1.80831e-06 
0.0507901 0.084635 0.0692485 0.00356192 0.0178242 0.00406052 0.295733 0.0354539 0.00469933 0.0350821 0.0819526 0.00152296 0.00525542 0.00026113 0.0186002 7.7582e-09 0.000701998 2.09342e-05 0.0345145 0.000178565 0.124804 0.00399392 0.00249149 0.0309962 0.00389552 0.00825359 0.0262325 0.0383697 0.0168611 4.60345e-06 
8.10072e-06 7.61484e-05 3.38296e-06 3.58949e-08 0.00701993 0.0576544 0.00322192 0.000317658 0.0127158 3.82892e-05 4.67823e-07 8.58652e-07 0.0293765 0.000281941 0.000178839 2.70369e-09 1.82447e-05 1.02886e-09 0.000796842 0.00394076 0.0548024 6.53507e-10 0.0944937 0.000927911 1.7973e-07 6.6503e-07 0.0984385 0.00318753 0.632498 7.38946e-07 
0.00661495 0.024131 0.0017574 0.000278648 0.00174172 0.00956137 0.0276753 0.263124 5.28199e-11 0.0619602 7.18533e-06 5.19847e-07 3.94277e-11 1.62565e-07 0.00406669 1.75995e-10 0.00177584 6.69729e-11 0.0154817 4.69589e-05 0.00197614 0.260013 1.25953e-07 0.0164837 3.8182e-06 4.27421e-07 0.0013041 0.00389913 0.010424 0.287672 
3.11674e-06 1.77214e-05 0.000104934 4.76352e-09 9.27059e-05 1.31591e-05 0.0509855 0.0121421 7.416e-05 0.00452202 0.0178354 3.57507e-05 3.5956e-05 1.70282e-08 1.11091e-05 2.93915e-08 4.16308e-06 1.11846e-08 1.65524e-05 3.97087e-05 1.1544e-05 0.826103 4.84648e-06 4.23019e-05 1.30824e-08 9.07223e-09 0.00574246 0.0809602 0.00120166 2.24422e-08 
0.000155583 0.0153927 0.003167 0.00220714 0.00125586 0.043644 0.58592 0.0402498 0.00147028 0.0218278 0.00126751 0.000165876 0.0214364 8.55599e-05 0.0191539 2.26177e-07 0.00123929 8.20283e-06 0.00365686 5.5674e-05 0.0852362 0.00281233 0.0764534 0.00267588 0.000933248 7.50912e-07 0.0146449 0.0258042 0.0290196 5.97758e-05 
0.000712038 0.000441207 0.0015312 5.95018e-05 0.0527057 0.0175574 0.0886401 0.0499392 0.0236594 0.0327322 0.0677086 0.00282076 0.00649684 0.00145702 0.0328027 3.26976e-09 0.0576896 1.10269e-05 0.00445327 0.000169608 0.10373 0.0261815 0.35529 0.0361941 0.00165256 0.00494295 0.00682865 0.00524798 0.0183428 2.1527e-06 
1.10788e-05 0.0225855 0.000998841 1.53959e-06 0.00116489 0.000986959 0.0170827 0.000183789 0.00014969 0.00212779 0.117578 2.41128e-05 0.00384426 0.000355096 0.000530542 4.17594e-12 0.000249019 3.06215e-06 0.0460881 2.13187e-05 1.18514e-05 0.000165879 0.000310433 0.0513666 0.707236 0.000829202 0.00209379 0.0235784 0.000403701 1.73846e-05 
0.00034503 0.676347 0.0138891 6.18759e-05 0.00022855 0.0257415 0.103297 0.0349285 0.00207938 0.000798835 1.05033e-05 5.52042e-05 0.00319761 7.61645e-05 0.000295246 0.000436668 0.00067082 3.7122e-05 0.00017479 0.00238903 0.0463133 0.00745088 0.00728113 0.018956 7.87572e-05 0.000127808 0.0486065 0.00121172 0.00348154 0.00143221 
0.0207766 0.957206 8.73242e-07 1.1243e-08 2.7925e-05 0.000773188 0.0151604 0.00127581 0.000289003 0.000125187 0.000100126 1.8347e-05 1.9527e-06 9.49117e-07 0.00289295 0.000423988 1.92186e-10 9.00083e-11 0.000595376 1.75979e-07 0.000124178 1.32704e-07 6.00217e-08 0.000115412 1.05281e-10 7.30089e-11 3.82976e-05 1.51202e-11 5.279e-05 1.80604e-10 
0.0356956 0.0580562 0.418681 2.83778e-05 0.00279936 0.0150102 0.0683988 0.103444 0.00662647 0.0118659 0.00187092 6.0817e-05 0.0342365 0.000968056 0.0011802 2.12976e-11 2.32599e-05 2.0918e-05 0.0828211 0.000154866 0.0119446 0.00207875 0.0122726 0.0223128 0.00128409 0.00554527 0.0347433 0.051243 0.0166324 1.03616e-06 
0.000632296 0.312525 0.195298 1.88914e-06 1.50529e-05 7.9881e-09 0.0617554 0.00736415 1.81572e-08 0.413036 0.00244175 3.47991e-08 0.00106545 4.61395e-07 1.90133e-05 6.04992e-08 4.91574e-08 2.30223e-08 0.000103691 6.37147e-08 0.000221754 4.93437e-05 0.00270368 0.00203018 3.46549e-05 1.2188e-05 0.000630287 8.10832e-06 5.22437e-05 4.6195e-08 
0.00555599 0.0164623 0.00425178 2.78193e-05 0.00566459 0.0292751 0.0222708 0.00824879 0.0076899 0.000966115 0.00120234 5.50444e-06 0.00737605 0.000700819 0.013113 2.5259e-05 4.41717e-05 1.88277e-05 0.02657 0.000933723 0.0405675 0.00254744 0.0192787 0.00495781 0.0123448 0.0135058 0.65077 0.0121301 0.0934902 4.48805e-06 
0.0532883 0.424984 0.0081706 6.40137e-06 0.000586513 0.0248314 0.0762396 0.00612474 0.000498659 0.00111131 0.000193194 0.00350807 0.0159733 2.5757e-05 0.0284791 0.236541 2.05177e-06 3.30624e-06 0.00948763 3.84675e-05 0.0864791 0.000832704 0.00123539 0.00401574 0.000370852 0.000312721 0.000859886 0.0132022 0.00259835 6.02329e-09 
0.000246486 0.092635 0.0413723 3.67914e-05 1.84306e-07 1.2291e-07 0.58736 0.12981 2.26868e-07 5.06848e-06 4.41476e-08 1.32884e-07 6.11488e-07 4.0547e-11 9.31593e-07 6.99858e-11 4.83414e-07 2.66323e-11 0.0235101 4.57048e-07 1.92503e-07 0.0179686 1.31712e-07 0.0101153 0.0969354 2.16024e-11 1.02485e-07 2.97071e-07 1.39434e-07 5.93223e-07 
2.50203e-08 0.0125187 7.26931e-13 2.32631e-06 0.00114342 0.00666162 0.00359457 0.00036303 6.17541e-13 8.28997e-05 0.0417886 1.18355e-12 0.00532576 1.09437e-07 0.00266547 2.05763e-12 0.000345375 7.8301e-13 0.00505276 3.1725e-07 4.97865e-08 0.000434179 0.00292284 0.0117901 0.903278 0.000501798 0.00151972 5.80601e-08 8.73833e-06 1.25848e-09 
9.75908e-08 0.0080183 2.59811e-08 5.84458e-07 7.53718e-07 0.0406768 7.16502e-05 0.00939846 0.00234919 1.00535e-05 0.00305838 4.23009e-08 0.0209431 0.0894128 0.00248617 7.35413e-08 7.98466e-06 2.79853e-08 0.00690131 9.14442e-05 0.0091665 0.00458667 0.600838 0.000123878 3.2734e-08 0.000169179 0.194357 9.45386e-05 0.00723581 1.04306e-06 
0.00267647 0.00153376 0.000612783 7.53817e-06 0.0235401 0.0814402 0.00970549 0.0206796 0.00269522 0.000521522 0.299502 5.53565e-05 0.019281 0.000249365 0.00419662 0.000179734 0.000124075 5.23576e-05 0.00352459 0.000158 0.00659853 0.00328276 0.0056763 0.0192004 0.0177635 0.00129317 0.0730487 0.146365 0.256035 1.50623e-06 
0.160683 0.00839237 0.0129248 1.58649e-07 0.00415656 0.00637826 0.0708348 0.0091865 0.0120539 0.0535014 0.185363 1.58508e-07 0.0266655 0.00488217 0.0268057 1.58364e-07 0.00128343 1.58574e-07 0.00223714 0.00220117 1.58667e-07 0.0103899 0.0155739 0.0150254 0.067623 1.586e-07 0.0132479 0.236992 0.053487 0.000111069 
0.000201765 0.0393693 0.000565174 0.0116318 0.00888747 0.00757074 0.00822104 0.0127217 0.115058 0.000686392 0.00202466 0.000475949 0.0011638 8.87876e-05 0.00111162 1.70441e-05 1.70734e-05 6.36325e-07 0.00477113 0.000175551 0.460953 4.7716e-05 0.0113862 0.181011 0.000162155 9.89384e-07 0.0526199 0.040033 0.0390243 2.07658e-06 
0.000142371 9.82753e-05 0.00595608 5.94908e-06 0.000934429 0.0338501 0.0855934 0.00372544 0.0361416 7.3627e-05 0.000630949 0.000283625 0.000466404 0.000399637 0.0024965 0.000110716 8.88034e-05 1.75612e-05 0.000528499 7.26326e-05 0.00478983 0.000357898 0.00309206 0.766568 1.14815e-05 0.000578352 0.0101262 0.0218325 0.0210006 2.60248e-05 
0.00663493 0.00371316 2.83894e-05 1.53641e-09 0.00496762 0.00572682 0.154576 0.00205332 0.00254435 0.000474488 0.00149945 9.61637e-10 0.00160278 0.000188971 0.0014031 1.67183e-09 6.00919e-06 6.36198e-10 0.000242545 0.000559251 0.00254135 0.000407851 0.00207147 0.00307834 2.70637e-05 4.63527e-05 0.0409842 0.146728 0.617894 1.27655e-09 
0.0033862 0.00539389 0.000296795 0.000267041 1.22954e-05 0.000543707 0.0486872 0.0361382 0.000329695 0.000384353 0.0841796 0.00791312 0.00185769 6.80135e-09 0.0327202 1.17394e-08 9.23889e-05 4.46731e-09 0.0115458 0.00883502 0.101754 0.598396 3.63251e-06 0.0135069 1.60584e-05 3.6236e-09 0.00236646 0.034295 0.00707882 8.9638e-09 
0.0207766 0.957206 8.73242e-07 1.1243e-08 2.7925e-05 0.000773188 0.0151604 0.00127581 0.000289003 0.000125187 0.000100126 1.8347e-05 1.9527e-06 9.49117e-07 0.00289295 0.000423988 1.92186e-10 9.00083e-11 0.000595376 1.75979e-07 0.000124178 1.32704e-07 6.00217e-08 0.000115412 1.05281e-10 7.30089e-11 3.82976e-05 1.51202e-11 5.279e-05 1.80604e-10 
3.7741e-05 0.00310782 2.82709e-05 6.51643e-07 0.00128933 0.0024977 0.110794 0.0785494 7.02227e-06 0.000155982 0.000198791 8.35429e-08 0.385283 0.0846477 2.86979e-05 1.45242e-07 1.49879e-05 5.52702e-08 1.48427e-05 5.42945e-05 1.5605e-08 0.00181822 9.25847e-06 0.0802082 0.0214945 4.48316e-08 0.132222 0.0802658 0.0172531 1.83591e-05 
0.00596344 0.00577306 0.000956921 0.00010462 0.0130661 0.0104262 0.0169938 0.0255177 0.013158 0.00115155 0.04083 0.00188072 0.0097767 0.0005325 0.00260435 4.09714e-08 0.00128175 9.14987e-05 0.0102498 0.000136718 0.0370465 0.01535 0.00222477 0.101719 0.000423852 0.00277601 0.440058 0.168271 0.0716248 1.10595e-05 
3.40479e-05 0.00212952 0.000714037 6.49463e-07 0.0024373 0.00227687 0.0064214 0.00140882 0.00387689 0.000366564 0.000581073 1.56004e-05 0.000655945 0.000478252 0.00121653 5.21891e-07 0.00011268 4.96935e-07 0.0180194 0.00075925 0.00205417 5.66235e-05 0.671588 0.000683316 0.00285659 4.76126e-05 0.231941 0.0124635 0.0368027 1.67654e-10 
0.00332353 0.00342587 0.000470309 0.00325498 0.00481511 0.0555517 0.131367 0.112881 0.00931124 0.000752916 0.00030061 3.97304e-07 0.000407912 1.19028e-05 0.196842 4.43198e-06 0.000285693 2.73432e-06 0.0255878 3.65905e-05 0.135628 1.39009e-05 0.113915 0.00285404 4.07278e-05 1.54797e-05 0.0202411 0.0097103 0.168946 1.73975e-06 
0.00224784 0.00689763 0.0410474 6.58716e-05 0.0071373 0.00114223 0.00954736 0.0734767 0.0190233 0.00810429 0.023721 8.8884e-05 0.000199553 0.000149444 0.0024982 1.57924e-08 0.000106294 8.42361e-05 0.0130148 0.000505517 0.0190845 0.0528699 0.000591228 0.61896 0.000148019 0.00189059 0.0109808 0.0799539 0.00634549 0.00011761 
1.10788e-05 0.0225855 0.000998841 1.53959e-06 0.00116489 0.000986959 0.0170827 0.000183789 0.00014969 0.00212779 0.117578 2.41128e-05 0.00384426 0.000355096 0.000530542 4.17594e-12 0.000249019 3.06215e-06 0.0460881 2.13187e-05 1.18514e-05 0.000165879 0.000310433 0.0513666 0.707236 0.000829202 0.00209379 0.0235784 0.000403701 1.73846e-05 
1.18672e-05 0.00794249 0.00591322 0.00524433 0.0387178 0.0475986 0.0436859 0.0253046 0.000526191 0.00516565 0.300329 0.000793664 0.00999526 5.06291e-08 0.077628 3.91424e-08 0.00235678 6.19899e-06 0.00629169 1.26007e-05 0.22288 0.00187674 0.00402433 0.0815797 0.0312271 0.00195689 0.00811517 0.0493717 0.0214327 1.15457e-05 
1.48465e-07 0.000643624 0.00582525 2.05718e-07 1.69736e-05 0.0391882 0.0046938 0.00377014 1.88762e-07 0.00452336 0.000943084 5.71928e-09 0.101674 3.45677e-07 0.0434006 7.26811e-07 7.19163e-07 3.78375e-09 0.00435219 3.34711e-06 0.000876203 0.757814 0.0078675 0.000950894 4.42579e-09 1.75287e-05 1.43788e-06 0.00466247 0.0186625 0.000110317 
6.114e-05 0.00419446 0.00016888 8.59804e-05 0.106282 0.0321762 0.0123094 0.0211442 0.00452546 4.50645e-07 0.025017 4.27254e-11 0.0389241 1.06118e-07 0.00237365 7.42793e-11 3.23568e-07 2.82662e-11 5.41639e-07 6.37323e-09 0.0288737 0.00014079 0.161634 0.0101362 3.7784e-05 0.00276513 0.185025 0.113647 0.250477 5.31979e-09 
0.0117881 0.00810251 5.5546e-05 2.65575e-09 0.00225909 3.161e-08 0.011664 0.0405816 0.0069848 1.31569e-07 8.35887e-13 6.91126e-06 0.00175448 0.0126197 1.0917e-05 3.7972e-08 5.27684e-12 2.47135e-12 0.00364397 6.83951e-12 0.0410614 1.86401e-08 1.71534e-05 0.00532972 7.58259e-09 2.0046e-12 0.802554 0.031906 0.0196599 4.95884e-12 
7.8509e-06 0.0217808 0.00100776 1.45721e-06 0.000983312 0.000965535 0.0178819 0.00019024 0.000149102 0.00193618 0.117181 1.70886e-05 0.00404243 0.000251571 0.000465098 4.37578e-12 0.00023418 2.17236e-06 0.0429079 1.51154e-05 8.39825e-06 0.000172336 0.000297469 0.0514125 0.718314 0.000718073 0.00186263 0.016887 0.000290483 1.58254e-05 
6.93101e-05 0.0706437 0.00160506 3.98943e-06 0.000244933 0.000271064 0.0115165 0.054375 0.512998 0.0746981 1.70859e-05 1.53183e-07 6.04546e-05 3.3353e-06 4.00005e-05 2.66313e-07 2.16387e-07 1.01343e-07 0.00787301 2.80467e-07 0.0342445 0.00117192 0.007156 0.000716384 1.18539e-07 8.22025e-08 0.0846153 0.0186226 0.119053 2.03347e-07 
0.0207766 0.957206 8.73242e-07 1.1243e-08 2.7925e-05 0.000773188 0.0151604 0.00127581 0.000289003 0.000125187 0.000100126 1.8347e-05 1.9527e-06 9.49117e-07 0.00289295 0.000423988 1.92186e-10 9.00083e-11 0.000595376 1.75979e-07 0.000124178 1.32704e-07 6.00217e-08 0.000115412 1.05281e-10 7.30089e-11 3.82976e-05 1.51202e-11 5.279e-05 1.80604e-10 
0.00196519 0.0120445 0.000328322 0.00023127 0.00871848 0.0124582 0.0116384 0.140847 0.00485851 0.0133456 0.171722 0.000453966 0.0205971 0.000545148 0.00605883 4.0063e-05 0.0148199 9.83381e-05 0.211408 0.00696591 0.00673313 0.0306785 0.00274503 0.0819574 0.00842654 0.00044089 0.00279293 0.152165 0.074887 2.86534e-05 
1.36513e-05 0.0073085 4.8909e-05 3.61301e-05 0.00418394 0.165944 0.0105638 0.0157989 0.00143271 0.00150411 0.023722 9.83175e-08 0.00607536 0.00927397 0.00448463 0.000253461 0.000606729 6.50447e-08 0.0799714 0.00112662 0.00214971 0.0194008 0.607933 6.28534e-06 7.60817e-08 0.0136218 0.00368039 0.0147812 0.0060778 1.30514e-07 
0.0123257 0.00312912 5.83433e-05 0.0139427 0.00235076 0.0211546 0.0901522 0.0145672 7.80791e-06 0.00236969 0.0209096 0.000163468 0.108533 0.00303704 0.00222884 1.42452e-06 1.03665e-06 4.83259e-06 0.0247342 5.52709e-05 0.0008562 0.427832 2.87921e-05 0.178043 0.00114306 0.00528934 0.00687627 0.0601216 2.27736e-05 6.03703e-05 
7.18131e-10 0.0328403 0.00183528 6.02434e-05 1.05403e-06 0.238632 0.0190164 0.0191446 2.2095e-06 0.000277077 8.28704e-07 2.65512e-06 0.0623414 3.85616e-09 0.00695391 6.6559e-09 1.64779e-07 2.53283e-09 0.00716484 0.000771739 1.11488e-05 0.033957 0.0386719 0.0303958 0.00477112 7.89878e-07 0.302878 0.106745 0.0935234 5.0822e-09 
0.0333527 0.182373 0.551052 8.99329e-06 5.43873e-05 0.000156439 0.166227 0.00501442 0.000254632 0.00472904 2.48529e-05 0.00722478 7.04556e-06 2.03944e-06 1.28293e-07 5.36677e-06 5.61601e-05 6.85842e-09 0.000471144 5.79813e-11 0.000833573 4.52196e-05 0.000285673 0.000259422 0.0155526 0.000130199 0.0318793 1.30077e-08 1.81772e-08 2.21742e-08 
2.95156e-05 0.00184007 0.000144113 1.37237e-05 0.0166024 0.295747 0.0121526 0.0300624 0.0255463 0.000236935 0.0366256 3.42286e-07 0.0290378 0.000220528 0.0194915 8.37605e-10 3.23401e-05 1.32305e-05 0.0118487 0.000271414 0.0600538 0.00284104 0.0191765 0.010352 0.000147311 0.0031343 0.0552429 0.146068 0.222995 7.24841e-05 
0.0688264 0.20306 0.206652 1.72857e-09 0.000223116 0.000169383 0.0866387 0.00890562 0.000879554 0.251475 0.000485036 1.28873e-10 0.000104314 1.29805e-10 0.000354379 2.24049e-10 0.165052 8.52595e-11 0.000649924 2.22287e-08 0.00236222 2.90165e-06 1.07646e-05 1.59515e-07 1.10093e-07 0.000290721 0.00345574 4.74052e-08 0.000401102 2.06339e-07 
1.10788e-05 0.0225855 0.000998841 1.53959e-06 0.00116489 0.000986959 0.0170827 0.000183789 0.00014969 0.00212779 0.117578 2.41128e-05 0.00384426 0.000355096 0.000530542 4.17594e-12 0.000249019 3.06215e-06 0.0460881 2.13187e-05 1.18514e-05 0.000165879 0.000310433 0.0513666 0.707236 0.000829202 0.00209379 0.0235784 0.000403701 1.73846e-05 
1.48555e-08 0.0297184 1.16599e-08 3.88221e-07 0.000812772 0.00162725 0.00341374 0.000555089 5.58643e-13 9.03366e-05 0.0109641 6.7681e-06 0.000887681 6.49772e-08 0.000444268 1.86139e-12 0.000137846 1.23282e-09 0.000842193 1.88364e-07 2.95602e-08 0.000130718 0.000487169 0.00345829 0.945641 0.00011791 0.000253298 0.000401909 6.82879e-06 1.42328e-06 
0.047259 0.0148 0.00133524 5.64504e-05 0.006779 0.179898 0.0224856 0.0149444 0.0227963 0.00404693 0.0589304 4.46356e-06 0.00134112 0.00501057 0.0100886 0.00534879 0.000219564 1.45584e-05 0.0124614 0.00193771 0.073478 0.00304668 0.210248 0.0448435 0.000932891 0.00266778 0.168486 0.0480459 0.0384689 2.39503e-05 
1.06097e-05 0.0116355 0.00104834 9.68191e-11 0.0314035 0.0540931 0.00842059 0.0337157 0.027484 0.000183304 7.68894e-11 3.43615e-10 0.000343925 5.16363e-07 0.00385188 5.97385e-10 8.39359e-07 2.27328e-10 0.00355819 4.20722e-07 0.0288401 2.32033e-06 0.209281 0.00428298 2.65902e-10 0.0113967 0.566425 5.01027e-07 0.0040205 2.56135e-07 
5.32725e-06 8.02252e-05 1.21076e-08 5.48832e-06 0.0213835 0.00371914 0.00135302 0.00162582 0.000157394 1.39724e-08 0.000844688 7.3127e-12 0.00268758 8.77528e-05 0.00283139 1.27133e-11 5.08577e-08 4.83792e-12 2.84378e-07 1.3389e-11 0.0899425 7.9525e-09 0.0062933 0.00556834 1.06665e-05 1.09005e-07 0.0520986 0.0250253 0.786279 1.20939e-07 
0.0120459 0.0116472 0.00112822 7.30029e-05 0.0399581 0.00939837 0.0422834 0.18841 0.0179328 0.025024 0.0137817 0.000445465 0.00375942 0.000365281 0.00218226 1.35335e-08 0.00102897 3.32e-05 0.141008 0.000445689 0.0449495 0.0237719 0.00141631 0.123266 4.02399e-05 0.00118911 0.0218389 0.241916 0.0267688 0.00389082 
0.00793681 0.0368628 0.00176434 1.02877e-05 0.00799909 0.0220787 0.0150829 0.082216 0.0236478 0.00332849 0.33831 0.000802615 0.0169753 0.000919599 0.00634714 3.03095e-10 0.000968573 5.11666e-05 0.00100319 0.00165997 0.0256742 0.00164025 0.0172578 0.0730513 0.000529076 0.00366698 0.127107 0.0186107 0.164445 5.33456e-05 
6.40871e-06 0.0298588 0.00142895 0.000505355 0.00751517 0.00359552 0.0410074 0.0953278 0.0243792 0.00450146 0.0177103 0.0482764 6.45679e-05 0.0497359 0.00159434 1.08059e-07 1.5021e-05 9.27524e-06 0.00179797 0.00816654 0.0369526 0.155172 0.0175405 0.420554 0.00124565 0.00112634 0.0170655 0.00341435 0.010947 0.000485292 
1.10788e-05 0.0225855 0.000998841 1.53959e-06 0.00116489 0.000986959 0.0170827 0.000183789 0.00014969 0.00212779 0.117578 2.41128e-05 0.00384426 0.000355096 0.000530542 4.17594e-12 0.000249019 3.06215e-06 0.0460881 2.13187e-05 1.18514e-05 0.000165879 0.000310433 0.0513666 0.707236 0.000829202 0.00209379 0.0235784 0.000403701 1.73846e-05 
1.10788e-05 0.0225855 0.000998841 1.53959e-06 0.00116489 0.000986959 0.0170827 0.000183789 0.00014969 0.00212779 0.117578 2.41128e-05 0.00384426 0.000355096 0.000530542 4.17594e-12 0.000249019 3.06215e-06 0.0460881 2.13187e-05 1.18514e-05 0.000165879 0.000310433 0.0513666 0.707236 0.000829202 0.00209379 0.0235784 0.000403701 1.73846e-05 
0.000552913 0.00445808 0.00186775 7.49543e-10 0.00386771 0.0350738 0.17391 0.185765 0.0102827 0.0125366 0.000403318 0.00269121 0.00812347 0.00875609 0.367493 0.00259086 0.0109258 0.00019342 0.0601525 0.000526547 0.0281958 0.0149405 0.0102035 0.0031206 0.000316113 0.00270904 0.00880018 0.0200325 0.0215107 1.7628e-07 
0.00916906 0.00356775 0.0028713 0.000220558 0.0290993 0.0271289 0.0151651 0.0103181 0.00492348 0.0022845 0.226903 8.02752e-05 0.0032476 0.000181236 0.00480675 2.32976e-11 8.37549e-05 8.27863e-06 0.00722801 1.10454e-05 0.0897959 0.00582393 0.00793351 0.076812 0.00309433 0.0773205 0.0323067 0.160426 0.199181 8.8428e-06 
4.77272e-05 0.000471043 0.000214806 2.55436e-05 0.000521705 0.00285362 0.00651946 0.14014 6.87624e-07 0.000694085 0.0268572 1.31787e-06 0.00102448 1.3274e-06 0.299347 2.29115e-06 0.391071 8.71872e-07 9.59254e-05 2.41292e-06 0.000364695 6.68769e-05 0.00381323 0.0019314 1.01981e-06 0.000363789 0.00118566 0.000958324 0.121421 1.74944e-06 
0.00555599 0.0164623 0.00425178 2.78193e-05 0.00566459 0.0292751 0.0222708 0.00824879 0.0076899 0.000966115 0.00120234 5.50444e-06 0.00737605 0.000700819 0.013113 2.5259e-05 4.41717e-05 1.88277e-05 0.02657 0.000933723 0.0405675 0.00254744 0.0192787 0.00495781 0.0123448 0.0135058 0.65077 0.0121301 0.0934902 4.48805e-06 
0.00138476 0.0405161 0.0155427 1.02265e-06 0.017168 0.00591832 0.167074 0.0395994 0.0117825 0.000440336 0.000891318 1.37879e-10 0.000789586 1.26837e-06 0.00210999 5.99444e-05 1.08886e-05 1.04466e-08 0.199644 0.0002507 0.195932 0.000840015 0.222994 0.002609 0.000191531 9.28556e-06 0.00191557 0.00962298 0.0627004 1.83031e-10 
0.00109852 4.98785e-07 0.00447383 1.67297e-06 0.011363 0.00630099 0.0307788 0.0690882 0.00297258 3.31233e-05 0.000121977 5.36432e-10 0.00902023 5.40312e-10 4.89322e-05 9.32602e-10 7.57766e-10 3.54892e-10 0.0478793 9.82169e-10 0.450744 0.00290903 0.358747 7.74896e-06 0.000589666 2.87865e-10 1.31302e-10 0.00369642 0.000124689 7.121e-10 
0.083813 0.150132 0.194886 0.000638418 0.00701587 0.0020636 0.278401 0.00721617 0.0183996 0.00570453 0.00200354 0.0880183 8.65312e-05 0.00133954 0.00458746 0.00156575 0.000110591 3.9436e-05 0.0416114 1.79376e-06 0.0583016 0.000111717 0.0146512 0.00722869 0.00459724 0.00132363 0.0170811 0.0070609 0.00199152 1.80156e-05 
0.0177326 0.0378528 0.00475822 0.000309251 0.0449805 0.0356106 0.0310761 0.0361321 0.00209611 0.0554832 0.021091 0.019978 0.00391705 0.00023121 0.00227756 9.37406e-07 0.000131542 5.80329e-05 0.0376134 0.00918653 0.0207607 0.311729 0.0190613 0.0500913 0.0168931 0.00159892 0.0122256 0.0861799 0.108775 0.0121682 
6.5738e-07 0.00126567 3.20654e-07 7.18546e-06 0.0313965 0.0122762 0.000365115 0.00925881 9.37112e-05 3.80311e-06 0.0149647 3.43593e-07 0.00015345 0.000265571 3.54682e-07 1.2122e-09 2.40097e-07 4.61291e-10 0.166035 1.27663e-09 0.0187748 0.000457238 0.000483168 0.022589 2.93816e-07 6.58926e-07 0.0148093 0.65329 0.0535076 2.08559e-07 
0.0153798 0.128989 0.00763814 7.6382e-06 0.0339227 0.0100249 0.356624 0.0378578 0.0144366 0.00670669 0.00282154 0.000105193 0.00689486 0.000190897 0.0167365 8.57685e-05 7.21585e-05 2.01807e-05 0.00147013 0.000420576 0.104073 0.002789 0.192418 0.0053194 0.000234875 0.000616461 0.0207022 0.00857947 0.0248615 9.64339e-07 
0.00802683 0.00794902 0.00752292 2.338e-11 0.00543615 0.0087494 0.0441545 0.0034857 0.00287846 4.53347e-07 0.00112054 8.29768e-11 1.78539e-06 0.000157917 0.00193284 1.44258e-10 6.72943e-07 5.48957e-11 0.137561 2.94141e-07 0.164937 2.13485e-08 0.0102895 0.00171535 6.42106e-11 0.000571878 0.0630863 0.0173239 0.513097 1.52848e-08 
0.00130387 0.00602476 0.0116231 1.63825e-05 0.000760681 0.145241 0.0481274 0.000439696 0.000331154 0.00296263 0.0177021 4.9027e-06 0.545498 0.00727107 0.0333239 2.83033e-07 1.11561e-06 3.31555e-07 0.0170663 0.00160201 0.0126671 0.000788667 0.0518158 0.00357071 0.00162262 0.000464278 0.00280584 0.0107347 0.0762288 2.16113e-07 
2.34319e-06 4.08958e-06 9.19617e-05 2.80575e-07 1.17072e-05 0.0143826 0.00432262 0.000247405 0.163408 8.33287e-05 0.000495485 5.46255e-10 0.00145983 0.000225449 0.000825773 2.46343e-07 0.000369833 1.30283e-07 0.00207979 0.00106827 0.00490941 0.198621 1.76839e-06 0.412282 7.83061e-05 1.24645e-06 0.0303633 0.0526915 0.111972 1.19289e-07 
0.00740348 0.00171836 0.000150511 3.73303e-05 0.0021539 0.00183147 0.00792058 0.00379232 0.0456302 1.07782e-06 0.00334993 1.19884e-07 0.00075349 0.70523 0.000897289 1.14733e-05 9.777e-06 6.83721e-06 0.0150931 5.45953e-05 0.015111 0.00813873 0.000479169 0.03982 1.08873e-05 0.0041859 0.12953 0.00433367 0.00232084 2.31045e-05 
3.28636e-08 1.33215e-07 1.22658e-05 1.22739e-06 2.46551e-09 0.00821805 0.00162506 7.51868e-05 6.88599e-06 2.70472e-05 0.00196075 7.70126e-09 0.850427 1.86965e-06 0.000333566 1.33889e-08 1.08788e-08 5.09499e-09 0.000249421 0.0260581 1.76418e-07 0.101587 8.80031e-06 0.00394312 0.00251999 1.60468e-06 1.14261e-05 0.00263569 0.000295025 1.02232e-08 
0.0102685 0.0260188 1.7692e-06 0.018409 1.76984e-06 0.0274374 0.235624 0.143021 1.7694e-06 0.0306061 0.0277916 0.00672154 1.76969e-06 0.00459946 1.76952e-06 0.00106181 1.76747e-06 1.7691e-06 0.0164624 0.220997 0.0253147 0.119983 1.76929e-06 0.0440765 0.0102612 0.0146876 1.77001e-06 0.0143412 1.77013e-06 0.00229971 
6.02544e-05 0.000446795 3.08226e-08 8.34403e-05 0.000181561 0.00132131 0.000507222 0.000671845 7.59609e-05 0.00191177 9.88299e-05 5.01836e-08 0.983499 5.05466e-08 0.000544317 8.72456e-08 0.000290719 3.32004e-08 0.000402179 9.18826e-08 0.000322469 0.00759174 0.000501165 0.000376924 3.88339e-08 1.88779e-05 0.000587159 4.46234e-05 0.000261195 0.000199919 
8.74114e-06 0.129691 8.91711e-06 1.04626e-06 4.36742e-05 9.49516e-06 0.405507 0.0467895 5.88639e-06 1.02779e-05 4.19666e-06 4.75994e-10 2.35464e-06 8.58241e-06 3.24226e-05 8.2753e-10 6.79116e-08 3.14908e-10 9.98457e-06 8.71513e-10 0.0698384 0.0313284 2.73178e-10 0.316627 3.68342e-10 4.64912e-06 3.65489e-05 1.03474e-05 2.13341e-05 4.42941e-07 
0.0510173 0.00264088 0.000100941 8.55595e-06 0.00139259 0.00250304 0.0384491 0.0215318 0.0236474 0.000353122 0.00826513 1.57333e-05 0.00342421 0.0155259 0.00625975 6.8854e-07 5.59459e-07 3.99416e-06 0.000604868 0.000176779 0.0298266 0.554876 0.0269006 0.0406397 4.99329e-05 0.00332778 0.000296583 0.16789 0.000123874 0.0001466 
0.0117203 0.106685 0.00564341 1.38957e-05 0.00716185 0.0557723 0.263804 0.0237729 0.00864078 0.0211233 0.00894535 0.00272213 0.016659 0.000256179 0.0322889 3.25413e-08 0.000190971 6.10452e-05 0.0187153 0.00386592 0.077283 0.00228161 0.00444976 0.0147387 0.026577 0.000135214 0.00508556 0.127955 0.153364 8.67036e-05 
6.56313e-08 0.001295 0.000676327 9.85873e-08 0.0189648 0.0715443 0.00201964 0.0352899 0.0114736 9.63955e-05 0.015713 0.00129035 0.00173153 3.52421e-07 0.0173724 6.08295e-07 4.94257e-07 2.3148e-07 0.00082433 6.40625e-07 0.0499273 0.00831602 0.00740446 0.000705737 2.70758e-07 0.000686264 0.00189742 0.00044761 0.75232 4.64471e-07 
9.81995e-08 7.07163e-07 3.85835e-07 3.68681e-11 0.0140589 0.0378051 0.0067486 0.419262 0.0553553 3.23918e-06 0.0171012 0.00274921 0.0354037 1.31793e-10 0.0066361 2.2748e-10 7.41186e-08 8.65651e-11 2.04123e-07 8.38735e-07 0.0423205 0.00684405 0.00995047 0.0136206 1.17464e-06 7.0216e-11 0.00483063 1.1939e-06 0.327306 1.73695e-10 
0.0191324 0.000988999 2.19186e-05 2.37889e-05 0.00952749 0.518298 0.00418339 0.0747919 0.00996875 0.00026012 0.00638256 0.000189803 0.0262013 0.000150566 0.00107037 9.95963e-06 9.7451e-06 4.49615e-06 0.00423411 0.0175048 0.00204406 0.0656954 0.000656062 0.0168564 0.074606 5.92399e-06 0.0331305 0.0597371 0.054314 5.20507e-07 
2.16289e-07 0.0125372 0.00139298 7.83567e-10 0.000162414 0.000841628 0.0181183 0.000173541 4.51517e-08 0.00274336 0.0852117 2.40316e-08 0.00140895 3.5324e-08 0.00562715 2.33045e-12 0.000119206 8.86828e-13 6.13869e-05 2.89799e-08 2.50387e-13 0.000265181 0.00150529 0.00408609 0.864142 1.45005e-05 0.00088159 0.000660001 3.53554e-05 1.13272e-05 
0.0207766 0.957206 8.73242e-07 1.1243e-08 2.7925e-05 0.000773188 0.0151604 0.00127581 0.000289003 0.000125187 0.000100126 1.8347e-05 1.9527e-06 9.49117e-07 0.00289295 0.000423988 1.92186e-10 9.00083e-11 0.000595376 1.75979e-07 0.000124178 1.32704e-07 6.00217e-08 0.000115412 1.05281e-10 7.30089e-11 3.82976e-05 1.51202e-11 5.279e-05 1.80604e-10 
8.86599e-05 1.07406e-05 3.73214e-06 2.06141e-08 0.0218953 0.0329989 1.90315e-05 8.35852e-06 0.0729031 3.9282e-06 1.9686e-05 8.95103e-08 0.00758164 0.828696 0.00781825 6.83739e-10 2.31547e-08 2.6019e-10 1.05764e-10 3.98369e-05 1.1003e-05 1.64818e-05 0.00153865 7.88214e-06 4.22355e-06 0.000986353 0.0192077 0.00609042 4.95342e-05 5.22078e-10 
1.00036e-08 0.00021598 1.39908e-06 6.88413e-10 0.000444552 0.000363242 3.36623e-05 0.000441487 0.000279455 1.83604e-07 1.26447e-07 4.98352e-07 6.49883e-05 3.46448e-08 1.28987e-07 4.3339e-08 1.07834e-10 5.05028e-11 0.00722686 2.01886e-08 0.0125509 3.20782e-11 0.00265153 0.000440185 5.90723e-11 0.00029481 0.000618247 0.0184723 0.955899 4.14418e-08 
7.27639e-06 4.78113e-07 3.15832e-05 2.85428e-08 2.85153e-07 0.0316884 4.75476e-05 0.00102119 0.000327028 7.01997e-07 0.000143351 1.58547e-09 0.000182588 0.0101036 0.000244319 6.0962e-08 2.2135e-07 1.04891e-09 0.00189234 1.868e-07 0.000389247 4.86415e-07 0.873893 3.44162e-10 5.48406e-05 0.00032239 0.0687674 0.00011391 0.0107669 2.51554e-07 
7.31006e-07 0.00706428 1.27041e-09 3.4169e-07 1.39591e-06 0.0118114 0.306823 0.13437 4.5856e-06 0.0815892 4.39888e-06 2.06841e-09 3.66991e-06 0.00180703 0.00229195 3.59598e-09 0.0219243 1.36841e-09 0.0113624 0.00224377 0.0322885 0.0511745 9.87855e-06 0.00400973 0.0769911 0.00192915 0.00283013 0.013136 0.236328 2.74576e-09 
0.000217141 0.0129991 0.0151128 0.000681742 0.00457411 0.0822368 0.0418692 0.0191914 0.000760039 0.000284751 0.0872066 0.0245385 0.191186 0.00170926 0.0133735 5.08814e-08 0.0065823 0.000154978 0.000538184 0.000388765 0.12602 0.000467117 0.0302175 0.0206302 0.000380467 0.00169301 0.041289 0.0504727 0.224981 0.00024405 
0.0154498 0.0131638 0.00357794 0.00144009 0.0228491 0.0616355 0.0537758 0.0431939 0.0653086 0.00574264 0.014316 0.00162278 0.11503 0.00222435 0.00726761 8.71139e-05 0.0014501 0.000624007 0.0378632 0.00094372 0.080038 0.00686357 0.0204773 0.0440953 0.00250494 0.00840784 0.151129 0.102499 0.116409 1.01593e-05 
7.33305e-05 0.00175221 0.136573 0.00328919 0.027132 0.00497853 0.0130147 0.0901471 0.214197 0.0297154 0.00518201 0.099304 0.00102025 0.00460679 0.00114151 2.24859e-09 5.14624e-05 4.21452e-05 0.00221405 7.45304e-05 0.00574202 0.0952915 2.24458e-06 0.226196 0.00105645 0.00025036 0.000630558 0.0343709 0.000911652 0.00104018 
