0.000323096 0.000494454 0.000141844 1.21122e-09 0.041794 0.00129774 0.00264107 0.00230959 0.00229652 0.000122541 0.0072425 4.77306e-12 0.000530051 0.000115063 0.000681856 8.29811e-12 2.95088e-06 9.22397e-09 0.44373 3.44622e-08 0.025266 0.000287374 0.000675682 0.00580745 3.69357e-12 1.66277e-05 0.0217302 0.313896 0.128598 7.45285e-09 
0.0256145 0.00559073 0.0295214 0.00377893 0.0792063 0.00412986 0.0494739 0.0275015 0.000571386 0.0786169 0.000537108 2.72681e-06 0.0909786 0.00124071 0.0418179 3.94956e-06 0.00965087 6.67974e-05 0.271712 0.00100502 0.0713027 0.00698104 0.0559267 0.0435748 0.0185442 0.000274031 0.0516211 0.0235539 0.00718379 1.65496e-05 
0.0273583 0.0620863 0.0198487 5.33012e-05 0.00659005 0.0047245 0.176093 0.0965248 0.0447598 0.104014 0.00251542 0.000173794 0.0055632 0.000414938 0.0287342 7.50455e-07 4.90093e-05 0.000771293 0.209686 0.00140798 0.0404535 0.00396566 0.017232 0.0348563 9.30169e-05 0.00424893 0.0440271 0.0364757 0.0272739 4.53871e-06 
0.0144463 0.00140939 0.00208342 4.31187e-05 0.00508173 0.00837619 0.00725128 0.00609197 0.00471029 0.00338172 0.0701869 2.26941e-05 0.000986105 0.000530386 0.000446875 4.81381e-06 3.13517e-05 0.00357553 0.397895 3.74683e-05 0.0108024 0.00277184 0.00442253 0.220524 0.000594173 0.000524127 0.019326 0.200007 0.014431 4.45313e-06 
0.0200913 0.0065815 0.00259338 0.000117586 0.0143988 0.0559449 0.0289946 0.00347511 0.00222862 0.0259704 0.0369599 6.22088e-05 0.138944 0.00921816 0.00900017 9.81666e-08 4.71935e-05 0.00270792 0.430511 0.0546482 0.00111485 0.0754374 0.00140523 0.0175787 0.0389189 0.00526748 0.00363336 0.00925357 0.00480959 8.61601e-05 
0.031074 0.00608665 0.000638074 0.00662073 0.0583053 0.036201 0.0410978 0.0138824 0.00176028 0.00547688 0.0470679 1.9572e-06 0.00789341 0.000565314 0.00287425 5.21526e-08 2.03949e-05 0.00929957 0.352946 0.000283609 0.0548657 0.00244378 0.00176811 0.0123503 0.000273143 0.00111921 0.0139538 0.193119 0.0980096 2.28237e-06 
0.00464685 0.0168692 0.0073753 0.000226805 0.0118204 0.0480131 0.104616 0.0922091 0.0271635 0.0202228 0.0103813 0.000670117 0.00351389 0.00200362 0.00484482 1.20308e-05 0.00124628 0.00451904 0.208581 0.000103702 0.079002 0.021384 0.00699187 0.206849 0.000543872 0.00839147 0.0393215 0.0472879 0.0211887 1.87607e-07 
0.000992496 0.00076184 1.48576e-08 5.49051e-06 0.00630729 0.000338314 0.0120628 0.0583617 0.0203471 0.000116832 0.00188928 5.74831e-09 0.00331345 3.06296e-05 9.47551e-05 1.75011e-11 1.42201e-11 8.86467e-09 0.624288 5.06153e-08 0.109849 0.000388194 0.000990605 0.0262271 2.3858e-05 0.000103735 0.00449238 0.116372 0.0126438 3.06031e-09 
0.000356669 0.0204851 0.00144681 1.5487e-06 0.0236398 0.00295475 0.0901324 0.0127661 0.0080665 0.00138535 0.00633072 6.81574e-07 0.016006 0.000698531 0.000876015 8.47973e-11 1.37483e-05 1.44652e-05 0.309221 7.0022e-05 0.0636804 0.000828883 0.000576984 0.0535496 0.000104184 0.00180721 0.0164505 0.206048 0.162488 2.16759e-07 
0.00119782 0.0047448 0.00101065 0.000292389 0.0155829 0.00973467 0.300091 0.0172608 0.0020336 0.00171917 0.0200944 0.00249675 0.00996552 2.5603e-05 0.00122103 9.16528e-07 2.79662e-07 0.00427256 0.487616 1.50298e-06 0.00390518 0.00840197 0.00199605 0.000895753 0.00313182 0.0413518 0.0377062 0.0126709 0.010578 4.76385e-08 
0.00125196 0.00403806 1.65392e-06 4.31647e-07 0.00150217 0.0730642 0.0363231 0.16523 0.00440721 0.00113221 0.00346302 0.000227722 0.00181798 0.00571069 0.00535907 1.21764e-08 2.15649e-06 0.0004458 0.570959 0.00207058 0.00481292 0.0296864 0.0076334 0.021301 0.00116146 0.000196967 0.00206296 0.0185655 0.0375722 1.03069e-07 
0.00133016 0.00271939 0.000193635 3.9754e-12 0.00541758 0.0109754 0.00101713 0.0205019 7.90163e-08 0.00143274 0.00456779 1.41089e-11 0.000242713 0.00159525 0.00169988 4.20361e-09 0.000110704 0.00130154 0.606637 4.8439e-08 0.227777 0.00557212 0.000961886 0.0112119 0.000274917 0.000303295 0.0178007 0.0749669 0.0013871 7.26186e-07 
0.0103581 0.00837361 0.00122309 8.12494e-05 0.0496751 0.0176978 0.0544265 0.0287342 0.00037417 0.216057 0.00736506 0.000240594 0.00120351 0.000125868 0.00734299 6.6276e-07 1.56072e-05 0.00108306 0.426875 0.00083731 0.044814 0.00604896 0.00229998 0.00745835 6.70215e-05 0.0119372 0.00697634 0.0660545 0.0222522 2.71699e-07 
0.034824 0.00702657 0.00334171 2.51817e-06 0.0603033 0.00719992 0.0310907 0.00436597 0.00049086 0.00121735 0.00325475 0.000192984 0.00261147 0.00071422 0.000117627 8.29462e-09 4.41936e-05 2.17013e-05 0.448793 0.000651067 0.159897 0.000644708 0.00113209 0.0139758 2.45073e-06 0.0023905 0.0114804 0.184877 0.0193371 1.14297e-07 
0.0958529 0.00206926 0.000602039 0.000119869 0.0899025 0.0294583 0.0310059 0.0448593 0.000766134 0.00622473 0.0661034 0.00971499 0.0204353 0.000437395 0.00315307 2.08738e-12 0.000173083 0.00146991 0.220012 0.00885176 0.0238009 0.0431891 0.020074 0.0140124 0.00234659 0.00110958 0.0144868 0.197462 0.0522815 2.55598e-05 
0.0074187 0.00989645 0.00139683 0.0100836 0.0469154 0.0882021 0.0816107 0.0951695 0.0048975 0.0032116 0.0649695 8.00453e-05 0.0261364 0.00293898 0.00505409 1.08824e-07 0.00424244 0.0696998 0.168842 0.0034187 0.0230971 0.0600543 0.00248431 0.0251921 0.00374368 0.0202356 0.0246759 0.121336 0.0249958 5.50962e-07 
0.0437365 0.0178292 0.00728273 0.0002948 0.0127607 0.0151882 0.155907 0.0451695 0.0130504 0.00873985 0.0101524 3.34654e-09 0.0155752 0.00527013 0.00427519 0.000859969 2.47245e-06 0.00143404 0.315974 0.00084024 0.107082 0.00209409 0.0271521 0.0182956 0.000805203 0.00526625 0.0290079 0.099423 0.0365296 1.0301e-06 
0.0332737 0.0188727 0.00224151 0.0076142 0.0818075 0.0326552 0.0411949 0.0275247 0.00485953 0.00539003 0.0911707 0.00145765 0.00791461 0.000245761 0.00116485 1.99108e-09 0.000226699 0.0243007 0.190065 0.00107166 0.073955 0.00436644 0.00625486 0.0506388 0.0261391 0.0423063 0.0280532 0.0733337 0.121894 7.07822e-06 
0.00740103 0.00779792 0.00644372 1.56412e-06 0.0156314 0.0210499 0.0288162 0.00637234 0.00294534 0.000854882 0.0113464 7.40788e-06 0.000197386 0.00277382 0.0227402 1.01652e-08 0.000156367 0.000243416 0.45261 1.36713e-05 0.106522 0.00013825 0.00643272 0.0203404 0.00018665 0.00371633 0.0159779 0.084209 0.175074 4.0724e-08 
0.014734 0.000649334 0.0016916 0.103869 0.00560553 0.0462454 0.0190431 0.00172196 0.000635277 0.00309035 0.141995 2.17648e-05 0.0246159 0.0042361 0.000825099 2.09899e-12 1.07175e-05 0.0168119 0.288934 0.000217044 0.00101327 0.000870773 2.42157e-05 0.0448026 0.0349831 0.0108744 0.00634577 0.219392 0.00674155 1.60271e-12 
0.0276876 0.0403578 0.157508 3.4391e-05 0.022679 0.00682453 0.0615513 0.103203 7.81712e-05 0.0717515 0.00355128 0.00347295 3.91627e-07 3.21624e-10 0.0208659 5.55137e-10 1.12922e-06 0.00211292 0.170485 0.00145513 0.0347404 0.150918 0.00405209 0.00134485 0.000377134 1.40412e-07 0.00771648 0.0735101 0.033639 8.27266e-05 
0.0534094 0.0196429 0.00472941 1.79004e-05 0.00569262 0.0254955 0.00923849 0.0103352 0.0075238 0.00241814 0.0222071 3.50667e-05 0.00364917 0.00394883 0.000506274 1.59293e-06 3.25733e-05 0.00299047 0.301291 1.37286e-05 0.0225377 0.00321178 0.00358221 0.11205 0.000845642 0.00172949 0.274204 0.102721 0.00593871 3.76107e-08 
0.0698023 0.0154005 0.00934124 9.91822e-06 0.0186871 0.0146149 0.0554333 0.00862415 0.00496222 0.00204388 0.0163092 0.000109766 0.00151557 0.00035996 0.00351597 0.000136801 6.2651e-05 0.0217047 0.375348 8.53963e-05 0.0537537 0.00154554 0.00144861 0.0611335 0.00265852 0.00328195 0.00527642 0.224398 0.0284358 4.03867e-07 
0.0080121 0.00223251 0.000776839 0.000922605 0.0177987 0.0609202 0.0257126 0.166223 0.00213994 0.00325675 0.0228742 0.0133227 0.00639448 0.0113186 0.00318415 1.8787e-10 9.52393e-06 0.0180666 0.218465 0.000373303 0.0662946 0.0590899 0.00512221 0.0382789 0.0385371 1.16406e-05 0.00743547 0.14659 0.0565075 0.000129254 
0.0531079 0.00360002 0.0028955 0.00476769 0.0101617 0.0511895 0.0130183 0.0529271 0.00210916 0.00356143 0.129415 0.000169881 0.0129563 0.000471049 0.000824213 3.73999e-07 0.0106217 0.00693357 0.286283 0.000112933 0.0117178 0.0677934 0.000529749 0.0896879 0.00133921 0.08801 0.00539882 0.0484064 0.041979 1.13396e-05 
8.42295e-05 0.0212016 0.00768605 3.31566e-05 0.0137962 0.016733 0.168858 0.131341 0.000346433 0.0225953 0.000329039 2.34184e-08 0.0239623 0.00133944 0.0067952 1.33856e-05 0.000121981 0.000301241 0.51552 0.00814983 0.0016585 0.00172493 0.015127 0.00406591 0.00176209 0.0184558 0.00372207 0.00846222 0.00581298 3.0974e-07 
0.0025861 0.0025355 0.000416038 0.0219404 0.0232253 0.0410378 0.027171 0.0136301 0.0137106 0.000140742 0.0642493 1.56503e-05 0.00515167 0.000158762 0.000806001 2.1775e-11 0.000348106 0.00545159 0.275802 3.47859e-06 0.154804 0.000540832 0.0334292 0.0435071 0.000257135 0.018137 0.0156192 0.185125 0.0501878 1.21537e-05 
0.0957495 0.0439071 0.00261373 4.06974e-05 0.0292157 0.0164411 0.0228601 0.0186133 0.00395139 0.00889804 0.121105 1.81454e-06 0.0366528 0.0194249 0.00544242 8.2085e-11 1.09841e-05 0.00396122 0.222679 0.00217971 0.00734678 0.0288778 0.00196782 0.0217504 0.00103667 0.0116343 0.0158915 0.215313 0.0422374 0.000195305 
0.007116 0.0687539 0.0190769 6.21148e-05 0.0173835 0.0166347 0.0257999 0.0170105 0.000824347 0.0363822 0.00631295 1.86723e-05 0.0164321 0.00119212 0.0265447 2.07876e-09 1.96332e-05 0.00148963 0.318487 0.105093 0.0784057 0.0105977 0.000671259 0.0106141 0.0501339 4.93505e-05 0.00999089 0.0861143 0.0687438 4.49619e-05 
0.032782 0.0385458 0.0100924 9.67633e-06 0.00173014 0.00865141 0.0256476 0.0331538 5.77943e-08 0.00169767 0.0149451 2.86783e-11 0.00320072 0.00160868 0.0014549 4.98581e-11 0.00129679 0.00259418 0.523741 0.00284927 0.0332217 0.00110997 0.0146267 0.0326938 0.0714735 0.000535303 0.00809096 0.120254 0.0139927 3.80698e-11 
0.00247769 0.0223161 1.96401e-06 2.45248e-06 0.0628602 0.0362041 0.154646 0.0749297 6.02309e-11 0.00478831 7.20699e-07 1.50182e-07 0.0344831 0.00314085 5.01943e-07 2.00688e-10 0.00110154 3.37326e-05 0.427069 1.96581e-06 2.47752e-06 0.0646283 6.62497e-11 0.0368526 8.93284e-11 1.46199e-06 3.02358e-07 0.0313494 0.0431074 1.53238e-10 
0.00171787 0.000267744 0.000527938 3.39914e-07 0.00259126 0.0970474 0.00447601 0.0541374 0.0276794 0.000553372 0.0507349 1.015e-05 0.0371144 0.0294322 0.000526766 1.80734e-08 0.000120747 0.000740589 0.389046 0.00187268 0.0284671 0.00359524 0.00052592 0.041095 3.40041e-05 0.00112391 0.0136434 0.190209 0.0226955 1.35167e-05 
0.00578356 0.00256711 0.0022695 0.0656649 0.0556636 0.0344104 0.0352093 0.0108648 0.00158533 0.00175566 0.0148828 4.76097e-06 0.00840143 0.0170684 0.00166528 1.24523e-11 0.000160685 0.00286792 0.415829 9.12139e-05 0.000967837 0.00221634 0.00117277 0.0407162 0.00823423 0.0639281 0.030296 0.159109 0.0166127 9.92248e-07 
0.071155 0.0034269 0.00841982 0.0843341 0.0179225 0.0650482 0.0704822 0.00381799 0.00495806 0.0011618 0.0480646 5.45888e-06 0.0132269 0.000678162 0.0390712 1.34961e-11 1.26427e-05 0.0169204 0.284236 0.00102569 0.0315789 0.000472404 0.000507479 0.0722658 0.0264718 0.0729224 0.00737219 0.0289456 0.0254954 1.03051e-11 
0.00823819 0.0206603 0.00118801 2.64439e-05 0.0114071 0.0133463 0.0514568 0.0915978 0.0211639 0.0145168 0.0109567 3.65692e-05 0.00504873 0.00564811 0.00222354 2.68677e-06 1.66576e-05 0.0130594 0.432778 0.000110648 0.0683174 0.0052435 0.00144071 0.066929 0.000476261 0.00666053 0.0102484 0.0916892 0.0455112 8.01337e-07 
0.0171046 0.00206255 0.00235644 1.68369e-05 0.000379593 0.00695643 0.0115521 0.00554489 0.00139103 0.00547273 0.00590287 1.11041e-05 0.000637859 0.000254971 0.00060575 3.05615e-08 5.0999e-06 0.00540932 0.755644 3.99261e-05 0.00480004 0.00400074 0.00212064 0.066412 0.00106138 0.000143515 0.0171026 0.0800564 0.00295459 6.8108e-10 
0.000246912 0.00754906 0.000990677 1.22431e-09 0.00430244 0.000608165 0.0526353 0.0256361 0.217086 0.000827585 0.00324204 3.19783e-12 0.000843505 0.000617033 0.000484711 5.55953e-12 4.7543e-09 2.60112e-06 0.312324 1.87962e-08 0.111249 1.23291e-05 0.0868085 0.00682953 6.81562e-06 0.000509493 0.00782587 0.131011 0.0283511 4.39015e-10 
0.0379167 0.00726092 0.134117 1.14843e-05 0.0485488 0.00570242 0.0473141 0.054409 0.00677446 0.00738768 0.012679 6.26614e-07 0.00844797 0.00116693 0.00209337 2.03946e-07 0.000408457 0.000817643 0.393199 0.000254446 0.00496522 0.00552911 0.0171156 0.106063 0.000977365 0.000434111 0.00632908 0.0801642 0.00985339 5.88358e-05 
0.0226164 0.00443813 0.00144451 1.70825e-05 0.200032 0.00465772 0.0303592 0.140819 0.0011824 0.0173086 0.0132652 3.35485e-07 0.031278 4.35147e-08 0.00582307 1.15716e-10 4.67427e-07 0.00121282 0.256519 4.9116e-07 0.153197 0.0185181 0.000373112 0.0233581 3.23419e-05 0.00132263 0.0035211 0.0424077 0.0262868 8.74639e-06 
0.0160135 0.0244185 0.00233702 2.30808e-05 0.0045792 0.0186159 0.0884714 0.0532363 0.00358901 0.00511031 0.0115262 9.30048e-06 0.00147249 4.32484e-05 0.0205491 1.71095e-06 0.0203638 0.00173727 0.420886 6.42133e-05 0.174081 0.0134479 0.0432861 0.0179076 0.000142953 0.000115728 0.00493952 0.031876 0.0211551 2.26068e-10 
0.0150799 0.00782591 0.00115749 0.00462944 0.0758525 0.0484265 0.0137084 0.0353766 0.0068167 0.0050918 0.0780389 7.38887e-05 0.13171 0.00293886 0.00212796 0.000165808 0.000839657 0.0155863 0.14316 0.000491901 0.039228 0.0679593 0.00263733 0.0889564 0.00259863 0.0582055 0.0646161 0.0570947 0.0296023 3.41915e-06 
0.0171046 0.00206255 0.00235644 1.68369e-05 0.000379593 0.00695643 0.0115521 0.00554489 0.00139103 0.00547273 0.00590287 1.11041e-05 0.000637859 0.000254971 0.00060575 3.05615e-08 5.0999e-06 0.00540932 0.755644 3.99261e-05 0.00480004 0.00400074 0.00212064 0.066412 0.00106138 0.000143515 0.0171026 0.0800564 0.00295459 6.8108e-10 
0.0479447 0.012395 0.00306983 6.96459e-06 1.34914e-06 1.09626e-06 0.134968 0.121138 1.81398e-05 0.0154 1.09529e-07 1.2629e-05 9.53409e-05 1.6086e-07 8.43129e-07 2.03578e-07 7.99473e-08 0.00279723 0.564475 0.000475455 0.0175913 0.0764871 2.03605e-10 1.40163e-06 2.10628e-07 0.000413517 0.00199423 5.70026e-06 0.000699397 7.08928e-06 
0.0105838 0.00538152 0.00195058 0.000849639 0.0276986 0.0685073 0.0511312 0.0640321 0.105671 0.0193079 0.0283819 0.000279929 0.0135755 0.00266181 0.0140702 9.85458e-08 0.00788159 0.00234456 0.263044 0.00176845 0.100969 0.0103002 0.0269753 0.0469116 0.00892071 0.0280018 0.0306733 0.0358226 0.0222857 1.70235e-05 
0.0216825 0.00879239 0.00667919 0.00175268 0.0825926 0.0153129 0.0320683 0.0319143 0.0124015 0.00336796 0.0155537 0.00298185 0.00264098 0.000886657 0.0205126 0.00114679 4.92034e-05 0.0050182 0.216961 2.95385e-05 0.179759 0.00433479 0.00788817 0.0696423 0.000966324 0.00445897 0.035408 0.187577 0.0276162 5.12783e-06 
0.0173267 0.0287792 0.00148671 1.34734e-05 0.0101296 0.00614702 0.133564 0.0347632 0.000536251 0.00128401 0.00159732 3.01208e-05 0.00326599 0.000151152 0.00876126 9.68902e-06 0.000191748 0.308234 0.343652 0.000272545 0.0240567 0.0012141 0.00284699 0.00598313 0.0150526 0.000141826 0.00507486 0.0280532 0.0173806 2.03888e-07 
0.000703229 0.00241498 0.00164532 1.08704e-06 0.0486298 0.000350581 0.00591307 0.00254684 0.00187384 0.00101508 0.0097141 1.83836e-06 0.00150505 9.99555e-05 0.00076639 1.13527e-08 2.19066e-09 3.4818e-05 0.374051 5.17696e-05 0.0463545 2.82753e-05 0.000471566 0.00194348 0.000164591 2.25137e-05 0.00237186 0.223906 0.273418 4.20284e-07 
0.0213727 0.0132698 0.00640976 4.37889e-05 0.0185464 0.0340111 0.0461324 0.0499304 0.00453201 0.00555227 0.216802 0.000542057 0.0202221 0.00878523 0.0236656 6.95569e-06 0.000327093 0.00142949 0.245943 0.000903874 0.0124938 0.0146518 0.00559159 0.0429176 0.000520656 0.000492983 0.0194443 0.146565 0.0387782 0.00011564 
0.0153964 0.00217861 0.000840403 0.0439543 0.0353789 0.0741597 0.0135066 0.00605529 6.54345e-05 0.000929218 0.0291924 7.26967e-05 0.00499915 0.000320854 0.000464868 6.28136e-07 0.00016134 0.0575881 0.356877 0.000513966 0.0101292 0.0101208 1.48398e-05 0.0755117 0.0231195 0.187328 0.00232549 0.0379549 0.0108395 7.29971e-09 
0.000225061 0.00111099 4.78118e-05 3.87427e-05 0.00210482 0.093468 0.015127 0.0875941 0.00482083 0.000104813 0.00109695 6.57232e-07 0.00171888 0.0173695 0.00450493 1.99858e-05 3.74289e-06 0.00273897 0.462272 3.40036e-06 0.0240117 0.0587289 0.0090923 0.0104275 9.74694e-05 0.0600702 0.0522212 0.0460458 0.0448786 5.51734e-05 
0.00306871 0.000372088 0.0248899 3.78358e-08 0.0181743 0.0100003 0.00494639 0.00761577 0.169268 0.000888208 0.141126 2.68159e-06 0.000547198 0.00524877 0.000673549 1.12316e-10 0.000120121 0.0024632 0.184156 1.30504e-07 0.102667 0.000442622 0.0563302 0.0329665 0.000178706 0.0444092 0.0333405 0.134169 0.0219351 1.02267e-06 
0.00435165 0.0614696 0.00317264 3.44376e-05 0.00391983 0.131833 0.0769136 0.00150225 0.00192779 0.00368592 0.0215204 0.000914375 0.0578102 5.09126e-07 0.0252859 1.18283e-05 0.00697771 0.0438358 0.326071 1.38819e-06 0.0781464 0.0281984 0.0271283 0.00976363 0.000508464 0.0145518 0.0207842 0.0471586 0.00252012 1.60707e-08 
5.29285e-05 0.00602282 0.00470406 2.96015e-07 0.00319768 0.0051953 0.00191984 0.00588335 0.0860551 0.000785297 0.00399638 3.11336e-05 6.15582e-05 0.00059447 0.000115436 7.68259e-11 6.5963e-05 0.000414586 0.595704 0.00109343 0.186942 0.00017257 0.000398919 0.023714 0.00099131 3.3164e-05 0.00364713 0.0619756 0.00623072 5.42474e-07 
0.0511112 0.0179365 0.010372 1.34559e-05 0.0198392 0.0112066 0.04566 0.00597285 0.00925963 0.00178443 0.0171141 1.06319e-06 0.00165835 0.000536907 0.00123172 1.3613e-06 0.000110846 0.043579 0.518573 0.000197842 0.0151656 0.00145349 0.000591738 0.0738357 0.00589649 0.00522992 0.00372846 0.116389 0.0215492 3.10355e-07 
0.0115962 0.00182409 0.000744859 1.55285e-05 0.0242083 0.00290457 0.0151397 0.00388294 0.0068977 0.00188316 0.0244454 6.16687e-05 0.00650857 0.00221664 0.00162898 1.6827e-06 6.5683e-06 0.00135082 0.418634 0.000474591 0.035367 0.00116122 0.00124911 0.0163762 0.000927437 0.000214205 0.00631166 0.384842 0.0291253 2.48453e-07 
0.0919113 0.0185439 0.000913025 9.42205e-08 0.0124486 0.0080068 0.00397402 0.0208084 0.00134896 0.00394286 0.00643532 3.18961e-07 0.00103615 0.00699993 0.00100895 2.1188e-07 7.1113e-05 0.000768989 0.290334 2.49902e-06 0.24091 0.0066438 0.000947014 0.0270905 0.000535021 0.00169781 0.188554 0.0622099 0.00285646 8.32369e-07 
0.0136666 0.008086 0.00716138 6.19821e-06 0.0106718 0.00753693 0.0530058 0.0104311 0.00296861 0.0115852 0.00510637 0.000155126 0.000304761 0.000182108 0.00389932 7.74813e-12 4.41069e-06 0.00110158 0.585522 8.2908e-07 0.0127129 0.00107324 0.0104268 0.0648769 0.000822557 0.000624245 0.0183003 0.158767 0.011 6.37284e-10 
0.0182347 0.00754625 0.00591027 2.85837e-06 0.0533825 0.000178747 0.0267142 0.00163199 0.000261002 0.00247869 0.0129435 5.3806e-05 0.0101789 0.00205012 0.000227959 1.58424e-08 0.000923283 2.16308e-05 0.435665 0.000750389 0.0566244 0.00024931 5.7704e-05 0.00889948 0.00655457 1.3489e-05 0.00204417 0.320109 0.0262922 2.90117e-08 
0.000160611 0.065274 0.00103866 8.05524e-06 3.4024e-07 0.0052409 0.0865969 0.0329221 0.0444329 0.00158096 0.0856523 4.91458e-07 0.0229475 0.000808459 0.00123845 7.84894e-10 7.07653e-07 1.2276e-05 0.283548 3.31059e-05 0.0105743 0.00348512 0.00159038 0.0169582 1.97562e-06 6.73267e-08 0.0142982 0.2402 0.081392 4.10221e-06 
0.00204732 0.00429617 0.000728085 2.01304e-08 0.0976113 0.00306076 0.00584488 0.0303354 0.0021637 0.00138918 0.00376268 2.68792e-08 0.00011867 5.94019e-05 0.000388228 5.47882e-08 3.86367e-09 0.00248286 0.322524 8.99073e-08 0.114338 0.00226334 0.0013631 0.00879196 1.2218e-05 0.000222926 0.0202097 0.291336 0.0846478 1.36458e-06 
1.26968e-05 0.00348905 0.000152548 0.000807418 2.2496e-05 0.0208019 0.0464041 0.010856 0.00332478 0.00450697 0.000484585 1.64227e-07 0.000377855 1.33731e-06 0.0026745 4.87632e-09 0.000587164 0.0105498 0.776521 3.40866e-06 0.00461267 0.0274153 0.0352131 0.0332385 3.46375e-07 1.50517e-09 0.00973752 0.00209965 0.00610501 3.72338e-09 
0.00305892 0.0138391 0.00241106 0.00410211 0.0106869 0.0158541 0.0490074 0.0160788 0.0440623 0.00989045 0.209766 1.44994e-08 0.0337241 0.00192184 0.00101106 5.11196e-12 0.00824241 4.09851e-07 0.269302 2.83264e-05 0.0214932 0.00105335 0.00763702 0.161364 0.0227468 0.0365472 0.0135101 0.0364987 0.00616228 4.43358e-09 
0.107588 0.0137845 0.000641934 0.00516705 0.0381509 0.00875032 0.0139595 0.0654919 0.00494332 0.00192534 0.0096092 8.5869e-05 0.000644826 0.000106878 0.00104253 4.65966e-12 0.000175779 0.00330014 0.270669 1.42141e-05 0.0454606 0.00190795 9.81504e-05 0.0647148 0.000264525 0.244758 0.0108733 0.0830735 0.00279743 9.09477e-07 
0.00343561 0.000313103 1.69423e-08 6.87642e-06 0.107999 0.00130548 0.00323703 0.0330261 0.143612 0.000488485 0.0140361 1.32442e-06 0.00174053 0.000167092 0.00321833 1.60369e-11 8.11649e-08 5.44041e-05 0.426886 2.43202e-07 0.0170533 0.00161621 0.00696099 0.0303249 0.000417707 0.00155887 0.0116736 0.174908 0.0159561 3.17237e-06 
0.00196519 0.0120445 0.000328322 0.00023127 0.00871848 0.0124582 0.0116384 0.140847 0.00485851 0.0133456 0.171722 0.000453966 0.0205971 0.000545148 0.00605883 4.0063e-05 0.0148199 9.83381e-05 0.211408 0.00696591 0.00673313 0.0306785 0.00274503 0.0819574 0.00842654 0.00044089 0.00279293 0.152165 0.074887 2.86534e-05 
0.00155421 0.034169 0.000304598 2.67909e-08 0.0174537 0.00342856 0.0536762 0.0845177 0.0198052 0.00028737 0.131722 0.000303559 0.000275677 1.78746e-08 0.00216992 1.58679e-11 6.45157e-08 0.0185322 0.277402 1.67112e-11 0.0460172 0.0342863 0.00245811 0.230232 7.83261e-05 0.00400785 0.012661 0.0138795 0.0106174 0.000160166 
0.0265888 0.0217958 0.00292931 4.45799e-06 0.0259387 0.0118001 0.110078 0.00521034 0.00906856 0.0141678 0.0304202 1.33636e-07 0.0778418 0.00395978 0.0238724 2.18522e-08 0.000680444 0.000880066 0.440341 3.17873e-07 0.0631033 1.01722e-05 0.0029956 0.029352 2.64476e-05 0.00601044 0.0433115 0.013705 0.0359075 2.39753e-08 
0.0231173 0.00122007 0.00260675 0.00892369 0.0838826 0.011461 0.0222487 0.00486753 0.00139795 0.00255053 0.0220267 3.62761e-10 0.0022163 0.000447345 0.0017132 1.70676e-10 1.56135e-07 0.00378357 0.531641 5.97762e-05 0.0073722 0.000392487 0.00059319 0.0613546 0.00143105 0.0151304 0.00444662 0.153129 0.0319862 3.09207e-07 
0.0144601 0.00807596 0.0035326 4.27776e-05 0.130017 0.00822049 0.0413515 0.0119027 0.00153091 0.00364654 0.00637742 0.00123192 0.00390545 0.00018498 0.0024921 5.78881e-06 7.24652e-05 0.00365205 0.382407 0.000757911 0.0294449 0.0248384 0.00129878 0.0340302 4.91999e-05 0.000294188 0.0097331 0.224197 0.0522454 2.30187e-06 
0.0297985 0.00398615 0.00143046 1.93097e-05 0.216094 0.00899091 0.00770147 0.023658 0.00243185 0.00137818 0.0114784 7.36449e-06 0.00746911 0.000466148 0.000931379 2.36088e-11 4.82169e-05 0.000640929 0.218663 0.000202093 0.110653 0.00366284 0.012492 0.00973432 0.00045622 0.00835508 0.0698167 0.211845 0.0375899 8.59693e-07 
0.0231173 0.00122007 0.00260675 0.00892369 0.0838826 0.011461 0.0222487 0.00486753 0.00139795 0.00255053 0.0220267 3.62761e-10 0.0022163 0.000447345 0.0017132 1.70676e-10 1.56135e-07 0.00378357 0.531641 5.97762e-05 0.0073722 0.000392487 0.00059319 0.0613546 0.00143105 0.0151304 0.00444662 0.153129 0.0319862 3.09207e-07 
0.0361531 0.00787023 0.000669898 0.000279462 0.00705066 0.00420701 0.0460995 0.0227439 8.6192e-05 0.0194852 0.000905117 0.00594897 0.0311344 2.19425e-05 0.00603427 1.05504e-07 0.000337112 7.67888e-05 0.50083 5.68619e-05 0.0435915 0.142482 0.00113158 0.0177414 4.19595e-05 5.56105e-05 0.00555372 0.0801583 0.0187746 0.000478232 
0.00187853 0.00715848 0.00419067 5.32516e-08 3.53995e-06 0.000339894 0.00239109 0.0031312 0.0193804 0.000901639 0.000851435 8.45723e-05 0.000123342 2.50279e-05 1.20948e-07 4.65512e-11 8.71995e-08 0.000830111 0.455669 6.00528e-06 0.0437821 0.0108486 0.000861462 0.179793 0.00107469 0.00837237 0.21783 0.0401629 0.00030975 3.97101e-08 
0.0441248 0.00655296 0.00179359 7.23491e-05 0.0733105 0.0450413 0.0273382 0.0402898 0.0343017 0.00223785 0.0373507 0.00116957 0.0163871 0.00443487 0.00285361 2.77446e-05 0.000620965 0.00508857 0.257376 0.000283434 0.114911 0.00960805 0.0065107 0.0178499 0.0035885 0.0103168 0.0606078 0.14021 0.0357273 1.434e-05 
0.000678475 0.00134789 7.79457e-08 8.41344e-13 0.00180146 0.0116402 6.64331e-08 0.0873563 0.0144643 6.1805e-08 0.000801036 1.04539e-08 1.16297e-12 3.66953e-08 1.91259e-08 5.19119e-12 2.2797e-05 0.000357535 0.451594 5.4671e-12 0.195572 3.21232e-08 0.0021022 0.0269494 1.04003e-08 1.19698e-07 0.0100998 0.155002 0.0402096 3.9638e-12 
0.00363911 0.0265268 0.0102949 8.08378e-06 0.0188875 0.0273919 0.0648983 0.0970354 0.00810302 0.0184873 0.0235353 0.000165554 0.0553043 0.00735379 0.0125297 3.70996e-09 7.03098e-05 0.000993554 0.189654 0.00796835 0.0724615 0.0358418 0.0531039 0.0735984 0.0134529 0.0081642 0.0372831 0.0766628 0.0565816 2.56591e-06 
0.00250576 0.00561802 0.00131828 6.39183e-06 0.0356206 0.00224091 0.00944259 0.085069 0.0530288 0.000805091 0.00350123 1.45177e-09 0.00433165 0.000350287 0.000506611 3.29002e-12 2.86839e-05 0.000101376 0.40314 9.67733e-05 0.096331 0.00167517 0.0106678 0.124405 0.000164617 0.00320199 0.0210914 0.112788 0.0219597 3.54394e-06 
0.00118591 0.012466 2.74713e-05 1.62453e-05 0.00192188 0.00213459 0.0164826 0.0999571 0.0531157 0.0355192 0.045443 1.40561e-05 0.000209387 0.00835764 0.00346876 3.72742e-08 3.10845e-06 0.000223657 0.267563 0.000169569 0.0749993 0.0636118 0.00717271 0.0663614 0.000284079 5.62674e-06 0.0217556 0.177943 0.0395876 2.84612e-08 
0.00276045 0.00410066 0.00939664 2.25113e-05 0.0283745 0.0138169 0.0305659 0.0601148 0.0177965 0.00946794 0.013204 0.000468886 0.0184921 0.000222487 0.0134381 3.40518e-09 0.107844 5.19078e-05 0.25609 0.000840649 0.13965 0.00399155 0.00475449 0.0139025 0.00049787 0.0101028 0.0150953 0.0365907 0.188343 1.84357e-06 
0.0760834 0.00383464 0.00638184 6.4616e-05 0.0309065 0.137199 0.0134788 0.00374506 0.0008424 0.000974393 0.0681816 5.48545e-05 0.00902832 0.0212163 0.001719 1.40818e-07 4.63201e-05 0.00987212 0.195541 2.49742e-05 0.0219854 0.000215421 0.00220302 0.0122022 0.000695689 0.0146976 0.194564 0.122973 0.0512645 4.18338e-06 
0.0414503 0.0099066 0.00297423 3.77497e-05 0.0207148 0.0146919 0.0273544 0.0178436 0.0748045 0.00338562 0.00826383 0.0110221 0.00347545 8.26218e-05 0.000903796 2.02846e-05 2.40936e-09 0.00840314 0.23309 0.000343827 0.228248 0.003504 0.0025048 0.0127679 6.35883e-05 0.00837228 0.0300405 0.204093 0.0316369 1.21048e-07 
5.96844e-05 0.000306034 1.60807e-07 8.65148e-10 0.000769807 0.00215209 0.000305715 0.223597 0.0116809 1.31981e-11 0.000162885 2.77326e-05 0.000384295 0.00171845 0.000226307 3.33684e-11 8.89283e-06 0.000273321 0.354948 3.51419e-11 0.0487561 3.29529e-05 0.00172603 0.0371576 1.61047e-07 1.63716e-05 0.0210717 0.16425 0.130367 2.54789e-11 
0.032924 0.0126644 0.0352004 0.00339451 0.0186877 0.045513 0.050567 0.113308 0.0196486 0.00816766 0.141206 0.0013834 0.0154423 0.00412189 0.00110293 0.00060629 6.29539e-05 0.013469 0.147803 0.00339369 0.044427 0.00641468 0.0128797 0.0615326 0.00226525 0.0172791 0.0518843 0.10615 0.0276617 0.000839008 
2.47613e-06 2.47575e-06 0.00767445 0.00148798 2.47573e-06 2.476e-06 0.0170891 0.0675972 2.47511e-06 0.00321945 2.47602e-06 2.47365e-06 0.0203017 2.47363e-06 2.47527e-06 2.47139e-06 2.4724e-06 0.023017 0.626153 0.156177 2.47613e-06 0.0512437 2.47495e-06 2.47604e-06 2.47434e-06 0.0126253 0.0108966 2.47636e-06 2.47613e-06 0.00247512 
0.0922934 0.0363202 0.000586347 8.74633e-05 0.0974454 0.0171378 0.0156055 0.00963547 0.018547 0.000966051 0.00770031 6.6714e-06 0.00686601 0.00103808 0.00118373 0.0112857 3.29789e-05 0.105978 0.309065 0.00209921 0.00673346 0.00301923 0.00314303 0.069648 0.0386141 0.00126943 0.00314097 0.124859 0.0156922 1.05686e-07 
0.00522287 0.0308633 0.000690116 5.68332e-08 0.00390028 2.4024e-05 0.037526 0.0271095 0.184491 0.0213473 0.000644046 0.00049066 2.58594e-05 0.000657663 0.00304154 2.94547e-09 2.39328e-09 7.32098e-07 0.545103 6.11137e-07 0.0301697 1.32334e-07 0.0229351 0.000825295 1.31106e-09 2.92525e-07 0.0683193 0.0055818 0.0110302 2.24905e-09 
0.00962644 0.00749737 0.00147808 0.00110377 0.039299 0.0182319 0.022326 0.0422947 0.0163962 0.010756 0.0145427 0.00026752 0.00957557 0.0157372 0.00137771 2.17046e-06 0.00045789 0.00772977 0.422808 0.000239258 0.0716495 0.00423586 0.00106297 0.0596886 0.00205025 0.00407188 0.0216292 0.162086 0.031772 6.7935e-06 
0.0514269 0.00481969 0.13218 0.000601356 0.00604672 0.00435724 0.0188713 0.000439608 0.00103933 0.0631748 0.0183115 0.00589974 0.00453532 0.000560694 0.000242568 4.55149e-09 1.97276e-07 0.00133658 0.521387 0.0908209 0.00162182 0.00273048 0.000164542 0.00956161 0.0122989 0.0143014 0.00344379 0.0269258 0.00289752 1.96361e-06 
0.0162061 0.00228363 0.00233399 1.24438e-05 0.0238601 0.000624038 0.0255255 0.00294689 8.97437e-05 0.00148921 0.0155 0.000264219 0.00172047 0.00205895 0.00057087 1.50928e-06 1.41472e-06 3.46646e-05 0.395389 5.11142e-05 0.0992919 0.000449639 9.39567e-05 0.0174466 0.000466038 0.000499753 0.00197635 0.379388 0.0094206 3.62294e-06 
0.00331263 0.231469 7.33934e-05 6.34043e-07 0.000367044 0.000207176 0.0957324 0.0627306 0.0272224 0.0463817 0.00261725 2.69785e-08 0.00061144 6.87927e-05 9.68826e-06 4.69028e-08 1.65018e-06 0.000770085 0.377728 1.89969e-06 0.00163244 2.41255e-05 0.0014141 0.00608234 0.000166039 0.000939588 0.102329 0.0356499 0.00245571 2.23503e-07 
0.0108705 0.0131724 0.00850695 0.00773188 0.0312623 0.0940594 0.103663 0.00839997 0.0235199 0.00705568 0.129014 6.05944e-06 0.0127691 0.0196602 0.00502157 2.45895e-11 1.18839e-05 0.00027335 0.173311 1.0524e-07 0.0972566 0.000465127 0.00582979 0.0929412 2.64801e-10 0.00471901 0.0290398 0.106099 0.0153411 1.52605e-08 
0.0268298 1.13802e-07 4.20438e-08 7.22362e-13 8.63438e-08 0.00215705 1.3922e-07 0.00123967 6.00624e-08 1.09829e-07 0.031848 2.56369e-12 3.6746e-08 1.30922e-07 7.95838e-08 4.45706e-12 8.18936e-05 1.36367e-07 0.67922 4.69395e-12 0.00490337 3.34075e-09 8.22491e-08 0.0442441 2.74373e-07 1.00982e-07 0.00280715 0.205102 0.00156598 4.76794e-09 
0.0153964 0.00217861 0.000840403 0.0439543 0.0353789 0.0741597 0.0135066 0.00605529 6.54345e-05 0.000929218 0.0291924 7.26967e-05 0.00499915 0.000320854 0.000464868 6.28136e-07 0.00016134 0.0575881 0.356877 0.000513966 0.0101292 0.0101208 1.48398e-05 0.0755117 0.0231195 0.187328 0.00232549 0.0379549 0.0108395 7.29971e-09 
4.01741e-05 0.00753248 1.92221e-06 1.60073e-05 0.083624 0.0654353 0.000636613 0.00773439 0.0136991 5.5978e-05 0.0283627 6.0799e-07 0.0257083 0.00315342 0.00049612 1.19068e-09 7.01816e-06 6.25852e-06 0.285554 0.00014024 0.0406998 0.00208083 0.00721122 0.142062 0.000260773 0.00105873 0.0789373 0.163748 0.041737 6.71199e-09 
0.0223579 0.00137579 0.0019102 0.0093742 0.00464443 0.0162652 0.00850888 0.00748052 0.0030874 0.00201989 0.0116139 1.25938e-05 0.00122196 0.000265061 0.00132023 2.28004e-08 1.07694e-05 0.00399525 0.538738 6.9604e-05 0.0407696 0.00228133 0.00180075 0.078488 0.00100121 0.00959265 0.0392638 0.161375 0.0311552 3.76209e-08 
0.0259389 0.00702921 0.00377123 0.000342396 0.066099 0.0390798 0.0489482 0.112172 0.0450836 0.00353095 0.0158563 0.0046698 0.0377302 0.000904983 0.00109079 0.00150957 0.000570524 0.00205351 0.14885 0.00480396 0.0750875 0.00711349 0.00755627 0.0361988 0.00100559 0.0198534 0.038009 0.110153 0.13498 7.45051e-06 
0.0646818 0.0129323 0.000653418 6.04292e-08 0.0108492 0.00899595 0.00319698 0.0200696 0.000876567 0.00364286 0.00596321 2.03096e-07 0.000780678 0.00519038 0.00121139 1.52463e-07 8.57847e-05 0.000933423 0.382564 3.69659e-06 0.246384 0.00935855 0.000919056 0.02214 0.000663497 0.00123244 0.128628 0.065727 0.00231582 7.90976e-07 
0.00401282 0.00451709 2.4694e-05 0.00166177 0.0345836 0.0102902 0.0245556 0.0729574 0.00117267 0.002007 0.0232745 0.00062386 0.0181132 0.00107185 0.00212886 0.00923819 0.000383608 0.00332049 0.350559 0.0145955 0.00109703 0.0646269 0.000163305 0.312978 3.61932e-05 4.635e-05 0.00365576 0.0260128 0.0121513 0.000140589 
0.0339046 0.00132588 0.00116209 2.72223e-06 0.0194508 0.0222199 0.0110591 0.00540952 0.000476919 0.00224617 0.00454901 0.000270757 0.00192882 7.99205e-05 0.00849068 1.5832e-07 5.38006e-06 0.000520301 0.500869 7.06726e-05 0.0666331 0.00667224 0.000147684 0.00178715 0.000108719 8.81394e-05 0.00090465 0.140289 0.169326 1.10293e-07 
0.0211156 0.0197109 0.00717459 3.38905e-07 0.0376852 0.0276057 0.166685 0.111411 0.00705581 0.0161835 0.00886597 0.000510854 0.0163566 0.0007905 0.00346695 1.09102e-08 6.76803e-05 0.00129569 0.180288 0.00222783 0.108436 0.000620175 0.00316832 0.013753 0.000229696 0.00346705 0.0269146 0.140532 0.0743822 2.11615e-07 
0.0298185 0.00332606 0.00144748 0.00177631 0.00818527 0.00391797 0.014748 0.145314 0.0463509 0.000649319 0.051145 2.01977e-09 0.00142136 0.000486615 0.0706389 3.79542e-07 1.01114e-05 0.0728126 0.230288 5.6828e-05 0.00541959 0.167251 0.000843688 0.0542739 0.000459013 0.000297539 0.00494277 0.0807126 0.00340552 1.23215e-07 
0.0497546 0.00934114 0.000944151 6.90743e-07 0.0271447 0.0404244 0.0111739 0.00278547 0.00818202 0.00155742 0.00174967 0.000356594 0.00128789 1.18604e-05 0.00054984 8.14073e-07 4.04706e-07 0.000145913 0.481571 1.61321e-07 0.0803837 0.00218717 4.48068e-05 0.0600456 1.61058e-05 0.00676295 0.0468216 0.15196 0.0147956 2.99404e-07 
0.0066539 0.000981143 0.00179609 0.105251 0.0153977 0.0778591 0.0303881 0.0023915 0.00408385 0.00159591 0.151223 6.49983e-06 0.028698 0.00325606 0.024591 3.31049e-10 0.000168279 0.0123473 0.223623 0.000942473 0.0294417 0.000685356 0.0017697 0.0614986 0.0175127 0.0479342 0.00708986 0.115019 0.0277944 1.68482e-07 
0.0179757 0.00975161 0.000837197 2.07214e-05 0.0650577 0.00348803 0.172214 0.0144472 0.00588923 0.0358886 0.0204493 1.81003e-05 0.0214308 0.00794015 0.0352611 3.84475e-07 1.02147e-05 0.00076741 0.249908 0.00292021 0.0544111 0.00640025 0.00952184 0.0196454 0.000796885 0.00990484 0.0834865 0.0805694 0.07097 1.83113e-05 
0.00812411 0.00121452 0.000918648 0.00779953 0.00708575 0.0211033 0.00881804 0.00787817 0.005163 0.0012061 0.0331228 1.16222e-05 0.00229846 0.000250356 0.00108521 8.44759e-08 0.000152874 0.00220455 0.387239 5.34977e-05 0.0289443 0.00183717 0.00282622 0.116002 0.000637337 0.0097868 0.0224019 0.27636 0.0454722 2.82705e-06 
0.0205057 0.00658367 0.00240203 2.03257e-05 0.00925142 0.0432286 0.0330235 0.00586642 0.000997425 0.00641021 0.00279273 0.000165766 0.0109497 0.00700383 0.00088559 4.65506e-05 2.62291e-06 1.6972e-05 0.27809 0.00113669 0.191835 0.00168137 0.029666 0.0606279 3.20492e-05 0.0104491 0.0181236 0.180528 0.077676 2.43028e-07 
0.0441039 0.0174914 0.00342628 0.0113616 0.0204497 0.0266981 0.158505 0.0397627 0.00708245 0.00191345 0.0468141 0.000130985 0.00795171 0.00135984 0.0097038 3.74542e-09 5.60034e-06 0.00280595 0.260161 0.000782726 0.0243045 0.0103509 0.0138821 0.112615 0.0127026 0.00899691 0.023339 0.091083 0.0379808 0.00423452 
0.0214462 0.01813 0.00275307 0.00137038 0.0126765 0.0175993 0.0900529 0.00902003 8.69622e-05 0.023488 0.00119945 0.00710228 0.00680691 0.000201946 0.00573155 6.07867e-06 7.16599e-05 0.0349683 0.324551 0.0108139 0.0148133 0.246935 0.000115664 0.0172651 0.00176093 0.000208526 0.00250578 0.0201153 0.108189 1.56335e-05 
0.00204732 0.00429617 0.000728085 2.01304e-08 0.0976113 0.00306076 0.00584488 0.0303354 0.0021637 0.00138918 0.00376268 2.68792e-08 0.00011867 5.94019e-05 0.000388228 5.47882e-08 3.86367e-09 0.00248286 0.322524 8.99073e-08 0.114338 0.00226334 0.0013631 0.00879196 1.2218e-05 0.000222926 0.0202097 0.291336 0.0846478 1.36458e-06 
0.0021263 0.00420418 0.000746892 3.04342e-05 0.0956316 0.00329129 0.00574578 0.0309522 0.00256433 0.00139105 0.00392093 8.95811e-06 0.000748401 7.38416e-05 0.000442214 3.65625e-05 2.89172e-07 0.0054845 0.318933 9.34483e-05 0.125761 0.00411474 0.00134896 0.0085226 1.6084e-05 0.000287691 0.0206511 0.280862 0.0820065 2.98812e-06 
0.0280332 0.00246848 0.00108911 0.0603104 0.0358775 0.0687974 0.0289157 0.00995602 0.00399143 0.00265342 0.0934037 2.2488e-05 0.0177081 0.0289912 0.000963101 1.05298e-11 0.00165027 0.0305101 0.330673 0.000584488 0.00324426 0.00539116 0.00186435 0.0313019 0.01434 0.0878595 0.00786427 0.0941308 0.00740201 2.63413e-06 
0.0369244 0.00249137 0.0279876 0.000689793 0.0485052 0.0478511 0.0918835 0.0590775 0.00121023 0.0473751 0.0391376 1.42981e-05 0.0289821 0.00723966 0.00333784 3.4251e-09 2.49589e-07 0.119072 0.232965 0.0380124 0.0137735 0.0379656 0.00101267 0.0464078 0.000589291 0.00758017 0.0023334 0.0171288 0.0404519 4.19358e-08 
6.19685e-07 0.00205041 9.01012e-12 7.23396e-08 0.0573687 0.00178556 0.00313748 0.182213 0.0408974 0.000209176 1.45751e-07 2.20194e-08 3.42872e-08 1.47759e-11 0.00149082 2.55038e-11 9.11998e-08 3.39779e-08 0.528103 4.56877e-08 0.0912165 6.34337e-07 0.00756919 0.0369337 1.22613e-07 7.43933e-07 0.0398345 0.00718816 9.55782e-08 1.17037e-08 
0.0970145 0.0186578 0.00308818 8.78245e-06 0.0100211 0.00505693 0.0432556 0.132373 0.0307812 0.00243286 0.00232018 0.000558942 0.000405994 0.000190364 0.00194293 5.53102e-09 0.000704042 0.00102332 0.276965 8.02387e-06 0.180836 0.00171649 0.000188286 0.0449295 2.15971e-05 0.00115351 0.00245465 0.136101 0.00578951 2.00731e-08 
0.00569826 0.0206474 0.0180419 9.16994e-06 0.0136482 0.0123096 0.0307493 0.114379 0.0621624 0.0117944 0.0132586 0.000786794 0.0167983 0.0043742 0.00472419 0.000213044 1.97574e-05 0.000156139 0.250295 0.00047659 0.0863393 0.00814845 0.0230127 0.0796714 0.000301891 0.0011757 0.0420816 0.102393 0.0763299 2.98933e-06 
0.000480725 0.00303989 0.000618074 2.12781e-05 0.153634 0.0116721 0.00391525 0.102435 0.0316102 0.000104437 0.0102391 4.78954e-09 3.39618e-05 2.18563e-08 2.63534e-05 2.12175e-11 0.000125034 0.000202224 0.211838 2.23452e-11 0.186226 1.37722e-07 0.00522304 0.0620176 0.000987988 0.00612527 0.0573409 0.14824 0.0038433 2.55291e-09 
0.0257787 0.00296203 0.00102741 0.0251412 0.02199 0.0219686 0.0171623 0.0411996 0.00536862 0.000937522 0.016181 2.55693e-06 0.0027442 0.00113223 0.00117133 6.48456e-12 1.08385e-05 0.000826436 0.26545 5.7052e-05 0.119927 0.00124927 0.0123198 0.0464414 0.000525436 0.0686078 0.0505038 0.15012 0.0991752 1.9816e-05 
0.0310004 0.0121815 0.00117868 1.2418e-05 0.00705501 0.000558604 0.0197442 0.0143859 2.47253e-05 0.00206018 0.000174648 0.000565938 8.44803e-05 5.9064e-05 0.00261956 4.13153e-06 2.40124e-05 0.000294387 0.382129 8.45961e-07 0.135777 0.000303804 4.45534e-06 0.016291 3.95083e-05 0.00390099 0.000271458 0.365048 0.00420435 1.36885e-06 
0.00276045 0.00410066 0.00939664 2.25113e-05 0.0283745 0.0138169 0.0305659 0.0601148 0.0177965 0.00946794 0.013204 0.000468886 0.0184921 0.000222487 0.0134381 3.40518e-09 0.107844 5.19078e-05 0.25609 0.000840649 0.13965 0.00399155 0.00475449 0.0139025 0.00049787 0.0101028 0.0150953 0.0365907 0.188343 1.84357e-06 
0.0272378 0.00345769 0.00199269 7.87973e-07 0.0105324 0.00128566 0.0248848 0.003403 0.000135587 0.00228442 0.00543875 0.000504934 0.00224895 0.00302958 0.000532796 1.50641e-06 9.51434e-06 0.000217966 0.475568 0.000232148 0.035545 0.000633834 0.00095615 0.0110437 0.000384256 9.01441e-05 0.00220947 0.373355 0.0127792 4.39849e-06 
0.00518912 0.00196958 0.0035072 1.08273e-05 0.0594933 0.00235134 0.00362531 0.00808914 0.000687682 0.00155682 0.00927577 9.59195e-06 0.00385406 0.000222591 0.00117235 2.8117e-08 1.05458e-06 0.00163281 0.430117 0.000586015 0.0113364 0.00743703 0.00116816 0.00528077 2.5601e-05 1.05917e-05 0.0167299 0.377533 0.0471258 4.96489e-07 
0.0080121 0.00223251 0.000776839 0.000922605 0.0177987 0.0609202 0.0257126 0.166223 0.00213994 0.00325675 0.0228742 0.0133227 0.00639448 0.0113186 0.00318415 1.8787e-10 9.52393e-06 0.0180666 0.218465 0.000373303 0.0662946 0.0590899 0.00512221 0.0382789 0.0385371 1.16406e-05 0.00743547 0.14659 0.0565075 0.000129254 
4.11116e-06 1.62903e-05 1.50421e-05 8.6966e-08 0.00142612 0.00619746 3.56151e-05 0.00578903 0.00145001 2.11772e-06 0.038883 8.46021e-08 1.65941e-06 8.82203e-07 9.0054e-06 3.76578e-08 2.56558e-07 6.30608e-07 0.576581 3.96593e-08 0.147865 0.000256457 2.17591e-05 0.0172907 5.24058e-05 0.00015557 0.000288462 0.176053 0.0276046 2.87541e-08 
