0.000323096 0.000494454 0.000141844 1.21122e-09 0.041794 0.00129774 0.00264107 0.00230959 0.00229652 0.000122541 0.0072425 4.77306e-12 0.000530051 0.000115063 0.000681856 8.29811e-12 2.95088e-06 9.22397e-09 0.44373 3.44622e-08 0.025266 0.000287374 0.000675682 0.00580745 3.69357e-12 1.66277e-05 0.0217302 0.313896 0.128598 7.45285e-09 
0.0256145 0.00559073 0.0295214 0.00377893 0.0792063 0.00412986 0.0494739 0.0275015 0.000571386 0.0786169 0.000537108 2.72681e-06 0.0909786 0.00124071 0.0418179 3.94956e-06 0.00965087 6.67974e-05 0.271712 0.00100502 0.0713027 0.00698104 0.0559267 0.0435748 0.0185442 0.000274031 0.0516211 0.0235539 0.00718379 1.65496e-05 
0.00454846 0.0084628 0.00669155 0.000195499 0.133567 0.00327887 0.0550073 0.0401816 0.00027592 0.00561147 0.0340103 4.03314e-05 0.00632829 0.00041342 0.0150669 3.14225e-05 1.42789e-05 0.00672383 0.27324 0.000336003 0.0100477 0.0570883 0.00259253 0.022302 0.013864 0.000320183 0.00899053 0.235291 0.0554783 2.18077e-07 
0.0171046 0.00206255 0.00235644 1.68369e-05 0.000379593 0.00695643 0.0115521 0.00554489 0.00139103 0.00547273 0.00590287 1.11041e-05 0.000637859 0.000254971 0.00060575 3.05615e-08 5.0999e-06 0.00540932 0.755644 3.99261e-05 0.00480004 0.00400074 0.00212064 0.066412 0.00106138 0.000143515 0.0171026 0.0800564 0.00295459 6.8108e-10 
0.0235022 0.00226849 0.000579243 0.000727791 0.126604 0.0415976 0.00846144 0.0188806 0.0196621 0.00198763 0.0292155 1.41972e-05 0.0108835 0.00147337 0.000885166 9.39667e-09 0.00132261 0.0246952 0.447481 0.000884875 0.0161327 0.00913063 0.00358319 0.0804608 0.00145796 0.0134097 0.0175157 0.0339174 0.0632512 1.37561e-05 
0.0200913 0.0065815 0.00259338 0.000117586 0.0143988 0.0559449 0.0289946 0.00347511 0.00222862 0.0259704 0.0369599 6.22088e-05 0.138944 0.00921816 0.00900017 9.81666e-08 4.71935e-05 0.00270792 0.430511 0.0546482 0.00111485 0.0754374 0.00140523 0.0175787 0.0389189 0.00526748 0.00363336 0.00925357 0.00480959 8.61601e-05 
7.46003e-07 0.00360409 2.44269e-06 1.1206e-06 1.27323e-06 0.0101344 4.96258e-07 0.002017 0.00311474 0.00766007 8.8993e-07 3.97705e-06 0.00929544 4.00582e-06 0.0119013 6.91423e-06 5.61801e-06 2.63113e-06 0.713051 0.0320468 7.42876e-07 0.0101962 0.0278485 0.00673466 0.149882 0.00555105 9.73462e-07 4.41997e-07 0.00692526 5.27945e-06 
0.0143538 0.0251548 0.00361371 0.000257615 0.119562 0.0208656 0.040537 0.0555347 0.0268043 0.00395771 0.010379 0.0016006 0.00300174 0.00210915 0.00139382 0.00602664 8.17537e-05 0.00224489 0.157585 3.01058e-05 0.0468769 0.000875905 0.00105209 0.143282 0.000354695 0.0320932 0.0258018 0.155068 0.0994965 5.63565e-06 
0.00204732 0.00429617 0.000728085 2.01304e-08 0.0976113 0.00306076 0.00584488 0.0303354 0.0021637 0.00138918 0.00376268 2.68792e-08 0.00011867 5.94019e-05 0.000388228 5.47882e-08 3.86367e-09 0.00248286 0.322524 8.99073e-08 0.114338 0.00226334 0.0013631 0.00879196 1.2218e-05 0.000222926 0.0202097 0.291336 0.0846478 1.36458e-06 
0.00464685 0.0168692 0.0073753 0.000226805 0.0118204 0.0480131 0.104616 0.0922091 0.0271635 0.0202228 0.0103813 0.000670117 0.00351389 0.00200362 0.00484482 1.20308e-05 0.00124628 0.00451904 0.208581 0.000103702 0.079002 0.021384 0.00699187 0.206849 0.000543872 0.00839147 0.0393215 0.0472879 0.0211887 1.87607e-07 
0.000992496 0.00076184 1.48576e-08 5.49051e-06 0.00630729 0.000338314 0.0120628 0.0583617 0.0203471 0.000116832 0.00188928 5.74831e-09 0.00331345 3.06296e-05 9.47551e-05 1.75011e-11 1.42201e-11 8.86467e-09 0.624288 5.06153e-08 0.109849 0.000388194 0.000990605 0.0262271 2.3858e-05 0.000103735 0.00449238 0.116372 0.0126438 3.06031e-09 
0.00687224 0.00445119 0.000486359 0.00014612 0.0195685 0.0317035 0.0314656 0.0607808 0.0825306 0.00340421 0.145811 0.000155321 0.0131777 0.12025 0.00404679 0.000107424 6.10354e-05 0.00886294 0.160767 0.0104447 0.0254124 0.0212804 0.00163553 0.0621676 0.000342066 0.00493717 0.0384253 0.110358 0.0303378 1.12672e-05 
0.000356669 0.0204851 0.00144681 1.5487e-06 0.0236398 0.00295475 0.0901324 0.0127661 0.0080665 0.00138535 0.00633072 6.81574e-07 0.016006 0.000698531 0.000876015 8.47973e-11 1.37483e-05 1.44652e-05 0.309221 7.0022e-05 0.0636804 0.000828883 0.000576984 0.0535496 0.000104184 0.00180721 0.0164505 0.206048 0.162488 2.16759e-07 
0.00768626 0.00101192 0.000685346 0.000142023 0.0242368 0.0705666 0.0308775 0.00322859 0.0825391 0.00925843 0.103819 5.25618e-08 0.0730828 0.00142461 0.000415508 0.0002139 1.92753e-05 0.0226975 0.22832 0.00999096 0.00203773 0.0116268 0.00134933 0.156164 0.00988357 0.00290956 0.0281221 0.0834391 0.0342499 2.47694e-06 
0.00119782 0.0047448 0.00101065 0.000292389 0.0155829 0.00973467 0.300091 0.0172608 0.0020336 0.00171917 0.0200944 0.00249675 0.00996552 2.5603e-05 0.00122103 9.16528e-07 2.79662e-07 0.00427256 0.487616 1.50298e-06 0.00390518 0.00840197 0.00199605 0.000895753 0.00313182 0.0413518 0.0377062 0.0126709 0.010578 4.76385e-08 
0.0348467 0.00556139 0.00128617 0.0101619 0.0516976 0.0207588 0.0591738 0.0524206 0.00593798 0.00198546 0.0107012 0.000427173 0.0132988 0.0114379 0.00558841 6.14836e-05 0.000364603 0.00163109 0.222143 0.0162543 0.152339 0.00467797 0.00418324 0.0526113 0.000211864 0.00531515 0.0182108 0.0876389 0.149065 9.71689e-06 
6.13888e-05 0.00290923 6.19419e-05 6.58239e-06 0.0690227 0.0440554 0.0517079 0.017705 0.0685628 0.00244982 0.0262473 8.75456e-08 0.00319461 4.44592e-05 0.173595 1.52201e-07 1.16581e-06 0.000264017 0.201283 1.6029e-07 0.0669117 0.0486789 0.0348944 0.0359686 0.000403296 0.00302626 0.0174361 0.063956 0.0675369 1.51633e-05 
0.0103581 0.00837361 0.00122309 8.12494e-05 0.0496751 0.0176978 0.0544265 0.0287342 0.00037417 0.216057 0.00736506 0.000240594 0.00120351 0.000125868 0.00734299 6.6276e-07 1.56072e-05 0.00108306 0.426875 0.00083731 0.044814 0.00604896 0.00229998 0.00745835 6.70215e-05 0.0119372 0.00697634 0.0660545 0.0222522 2.71699e-07 
0.00886147 0.00836884 0.00263049 6.3906e-05 0.0174386 0.137988 0.0235362 0.0122243 0.000372019 0.000386623 0.0062326 1.10147e-06 0.0014669 0.00321801 0.0017242 0.000119611 1.8371e-05 0.00767602 0.541586 6.46365e-05 0.00734013 0.00187378 0.0173481 0.0182431 0.000842239 0.00856985 0.00619839 0.126794 0.0388114 8.72956e-07 
0.000678475 0.00134789 7.79457e-08 8.41344e-13 0.00180146 0.0116402 6.64331e-08 0.0873563 0.0144643 6.1805e-08 0.000801036 1.04539e-08 1.16297e-12 3.66953e-08 1.91259e-08 5.19119e-12 2.2797e-05 0.000357535 0.451594 5.4671e-12 0.195572 3.21232e-08 0.0021022 0.0269494 1.04003e-08 1.19698e-07 0.0100998 0.155002 0.0402096 3.9638e-12 
0.0294017 0.115994 5.85293e-06 4.05382e-08 2.87854e-06 0.00715423 0.0924157 0.31792 1.4455e-07 4.85322e-06 0.00197364 4.10204e-07 1.41283e-06 1.06235e-06 5.15475e-06 9.26049e-11 5.27461e-08 0.00150592 0.332775 9.75268e-11 2.36552e-05 0.0112617 7.61228e-07 0.0333889 2.67967e-07 0.00430147 2.79927e-06 3.39573e-05 0.0518248 1.13206e-07 
0.00740103 0.00779792 0.00644372 1.56412e-06 0.0156314 0.0210499 0.0288162 0.00637234 0.00294534 0.000854882 0.0113464 7.40788e-06 0.000197386 0.00277382 0.0227402 1.01652e-08 0.000156367 0.000243416 0.45261 1.36713e-05 0.106522 0.00013825 0.00643272 0.0203404 0.00018665 0.00371633 0.0159779 0.084209 0.175074 4.0724e-08 
0.014734 0.000649334 0.0016916 0.103869 0.00560553 0.0462454 0.0190431 0.00172196 0.000635277 0.00309035 0.141995 2.17648e-05 0.0246159 0.0042361 0.000825099 2.09899e-12 1.07175e-05 0.0168119 0.288934 0.000217044 0.00101327 0.000870773 2.42157e-05 0.0448026 0.0349831 0.0108744 0.00634577 0.219392 0.00674155 1.60271e-12 
0.0534094 0.0196429 0.00472941 1.79004e-05 0.00569262 0.0254955 0.00923849 0.0103352 0.0075238 0.00241814 0.0222071 3.50667e-05 0.00364917 0.00394883 0.000506274 1.59293e-06 3.25733e-05 0.00299047 0.301291 1.37286e-05 0.0225377 0.00321178 0.00358221 0.11205 0.000845642 0.00172949 0.274204 0.102721 0.00593871 3.76107e-08 
0.0361164 0.0670341 0.0121279 0.000246123 0.00171717 0.082748 0.131113 0.0299907 0.00305377 0.0578307 0.0520635 0.00213666 0.0387973 0.00657856 0.00517968 8.29462e-07 0.00385436 0.00123881 0.200059 0.00175437 0.00694049 0.0861778 0.037022 0.0186777 0.0172117 0.000120124 0.0230545 0.0550475 0.0220982 8.71759e-06 
0.0698023 0.0154005 0.00934124 9.91822e-06 0.0186871 0.0146149 0.0554333 0.00862415 0.00496222 0.00204388 0.0163092 0.000109766 0.00151557 0.00035996 0.00351597 0.000136801 6.2651e-05 0.0217047 0.375348 8.53963e-05 0.0537537 0.00154554 0.00144861 0.0611335 0.00265852 0.00328195 0.00527642 0.224398 0.0284358 4.03867e-07 
0.0080121 0.00223251 0.000776839 0.000922605 0.0177987 0.0609202 0.0257126 0.166223 0.00213994 0.00325675 0.0228742 0.0133227 0.00639448 0.0113186 0.00318415 1.8787e-10 9.52393e-06 0.0180666 0.218465 0.000373303 0.0662946 0.0590899 0.00512221 0.0382789 0.0385371 1.16406e-05 0.00743547 0.14659 0.0565075 0.000129254 
8.42295e-05 0.0212016 0.00768605 3.31566e-05 0.0137962 0.016733 0.168858 0.131341 0.000346433 0.0225953 0.000329039 2.34184e-08 0.0239623 0.00133944 0.0067952 1.33856e-05 0.000121981 0.000301241 0.51552 0.00814983 0.0016585 0.00172493 0.015127 0.00406591 0.00176209 0.0184558 0.00372207 0.00846222 0.00581298 3.0974e-07 
0.0025861 0.0025355 0.000416038 0.0219404 0.0232253 0.0410378 0.027171 0.0136301 0.0137106 0.000140742 0.0642493 1.56503e-05 0.00515167 0.000158762 0.000806001 2.1775e-11 0.000348106 0.00545159 0.275802 3.47859e-06 0.154804 0.000540832 0.0334292 0.0435071 0.000257135 0.018137 0.0156192 0.185125 0.0501878 1.21537e-05 
0.0957495 0.0439071 0.00261373 4.06974e-05 0.0292157 0.0164411 0.0228601 0.0186133 0.00395139 0.00889804 0.121105 1.81454e-06 0.0366528 0.0194249 0.00544242 8.2085e-11 1.09841e-05 0.00396122 0.222679 0.00217971 0.00734678 0.0288778 0.00196782 0.0217504 0.00103667 0.0116343 0.0158915 0.215313 0.0422374 0.000195305 
4.97856e-07 0.0010054 9.95311e-05 1.53839e-05 0.0102694 0.00892289 0.00474501 0.0961733 0.00181588 4.90306e-05 0.00964951 2.65415e-06 0.0911105 0.000129113 0.00283161 4.61431e-06 1.38206e-05 2.01176e-05 0.508643 0.00245048 2.06255e-05 0.0615775 0.00773139 0.00564337 4.48346e-05 9.48609e-06 2.639e-05 0.147215 0.0397767 3.52332e-06 
0.0103593 0.027472 0.0351527 1.9833e-07 0.0144299 0.00646479 0.0393808 0.0210272 0.0352562 0.0121125 0.00306243 0.00026464 2.13821e-05 0.000204417 0.000785737 0.00424155 0.000388193 0.000160413 0.390798 0.000381099 0.216775 0.000458678 0.0922493 0.00977931 0.000473727 8.06558e-05 0.00431731 0.0597496 0.0141516 1.47703e-06 
0.00277174 0.00555437 0.000199667 7.17806e-06 0.034244 0.0191506 0.031321 0.0383773 0.00171652 0.0106569 0.0032226 3.83672e-05 0.000190513 0.000242236 0.000174878 7.38039e-09 1.28022e-06 0.0103623 0.328164 6.19608e-06 0.129259 0.00303539 0.00227058 0.0422325 1.14577e-05 0.0248086 0.00544068 0.146394 0.160146 8.23535e-07 
0.00174662 0.0213407 0.0075363 8.33693e-05 0.0112325 0.00245601 0.0330192 0.0705525 0.0325948 0.135145 0.0316166 4.07748e-06 0.0482347 0.000125582 0.0061661 7.66431e-08 3.35994e-06 0.000897716 0.263901 3.75037e-06 0.0102787 0.00498062 0.00266363 0.11029 0.0454824 0.00203149 0.00310612 0.0625484 0.0919578 6.27716e-07 
0.032782 0.0385458 0.0100924 9.67633e-06 0.00173014 0.00865141 0.0256476 0.0331538 5.77943e-08 0.00169767 0.0149451 2.86783e-11 0.00320072 0.00160868 0.0014549 4.98581e-11 0.00129679 0.00259418 0.523741 0.00284927 0.0332217 0.00110997 0.0146267 0.0326938 0.0714735 0.000535303 0.00809096 0.120254 0.0139927 3.80698e-11 
0.00247769 0.0223161 1.96401e-06 2.45248e-06 0.0628602 0.0362041 0.154646 0.0749297 6.02309e-11 0.00478831 7.20699e-07 1.50182e-07 0.0344831 0.00314085 5.01943e-07 2.00688e-10 0.00110154 3.37326e-05 0.427069 1.96581e-06 2.47752e-06 0.0646283 6.62497e-11 0.0368526 8.93284e-11 1.46199e-06 3.02358e-07 0.0313494 0.0431074 1.53238e-10 
0.00578356 0.00256711 0.0022695 0.0656649 0.0556636 0.0344104 0.0352093 0.0108648 0.00158533 0.00175566 0.0148828 4.76097e-06 0.00840143 0.0170684 0.00166528 1.24523e-11 0.000160685 0.00286792 0.415829 9.12139e-05 0.000967837 0.00221634 0.00117277 0.0407162 0.00823423 0.0639281 0.030296 0.159109 0.0166127 9.92248e-07 
0.071155 0.0034269 0.00841982 0.0843341 0.0179225 0.0650482 0.0704822 0.00381799 0.00495806 0.0011618 0.0480646 5.45888e-06 0.0132269 0.000678162 0.0390712 1.34961e-11 1.26427e-05 0.0169204 0.284236 0.00102569 0.0315789 0.000472404 0.000507479 0.0722658 0.0264718 0.0729224 0.00737219 0.0289456 0.0254954 1.03051e-11 
0.0208901 0.0109562 0.0030638 0.00797004 0.0745916 0.0560585 0.00917642 0.0191589 0.0015968 0.00516402 0.0365293 1.84699e-08 0.00843904 0.00462678 0.00237387 1.34331e-08 0.00129113 0.00686889 0.371373 0.000609245 0.156353 0.00739207 0.0115954 0.0300853 0.0103578 0.00863439 0.0248526 0.101385 0.00860319 3.78902e-06 
0.0171046 0.00206255 0.00235644 1.68369e-05 0.000379593 0.00695643 0.0115521 0.00554489 0.00139103 0.00547273 0.00590287 1.11041e-05 0.000637859 0.000254971 0.00060575 3.05615e-08 5.0999e-06 0.00540932 0.755644 3.99261e-05 0.00480004 0.00400074 0.00212064 0.066412 0.00106138 0.000143515 0.0171026 0.0800564 0.00295459 6.8108e-10 
0.00659361 0.000320346 0.000235711 0.0371103 0.0133283 0.0236082 0.00366392 0.0092755 0.000427716 4.14053e-05 0.0181143 1.76656e-06 0.00176891 0.000246456 0.000347997 5.34676e-12 3.1051e-05 0.0014761 0.303857 2.08366e-05 0.077241 0.000317363 0.00173957 0.0668531 0.000710954 0.0423426 0.0161409 0.255273 0.118912 8.25873e-08 
0.00899749 0.0136354 0.00252501 7.08227e-05 0.019113 0.0168504 0.0890116 0.0487067 0.00104017 0.107732 0.0107494 0.00157911 0.00528889 0.00149987 0.0217186 6.74971e-07 0.000134704 0.00474234 0.275995 0.000450167 0.0775406 0.0137148 0.00162457 0.0378168 0.0122122 0.00816427 0.00361718 0.169822 0.0456428 3.31462e-06 
0.00139606 0.00715598 0.00335741 0.00467109 0.0101496 0.15491 0.0583609 0.0596603 0.0117075 0.00495653 0.0238562 0.000256156 0.00753285 0.000523435 0.00345959 9.28964e-05 0.00492548 0.0244874 0.273814 0.00382399 0.0279029 0.0826107 0.0150157 0.0838259 0.000250698 0.0148681 0.0187153 0.0666258 0.0310511 3.71563e-05 
0.000246912 0.00754906 0.000990677 1.22431e-09 0.00430244 0.000608165 0.0526353 0.0256361 0.217086 0.000827585 0.00324204 3.19783e-12 0.000843505 0.000617033 0.000484711 5.55953e-12 4.7543e-09 2.60112e-06 0.312324 1.87962e-08 0.111249 1.23291e-05 0.0868085 0.00682953 6.81562e-06 0.000509493 0.00782587 0.131011 0.0283511 4.39015e-10 
0.0379167 0.00726092 0.134117 1.14843e-05 0.0485488 0.00570242 0.0473141 0.054409 0.00677446 0.00738768 0.012679 6.26614e-07 0.00844797 0.00116693 0.00209337 2.03946e-07 0.000408457 0.000817643 0.393199 0.000254446 0.00496522 0.00552911 0.0171156 0.106063 0.000977365 0.000434111 0.00632908 0.0801642 0.00985339 5.88358e-05 
0.000992496 0.00076184 1.48576e-08 5.49051e-06 0.00630729 0.000338314 0.0120628 0.0583617 0.0203471 0.000116832 0.00188928 5.74831e-09 0.00331345 3.06296e-05 9.47551e-05 1.75011e-11 1.42201e-11 8.86467e-09 0.624288 5.06153e-08 0.109849 0.000388194 0.000990605 0.0262271 2.3858e-05 0.000103735 0.00449238 0.116372 0.0126438 3.06031e-09 
0.00109019 0.0101077 0.000126768 3.34199e-06 0.00236309 0.00363122 0.0288486 0.182728 0.00540684 7.03145e-05 0.00072694 1.24241e-06 0.000374574 0.00031211 0.00365054 8.50268e-11 4.04267e-08 0.00011667 0.549824 0.00212032 0.031001 0.000550332 0.0432493 0.0469303 1.44227e-05 0.000377644 0.00171938 0.0693581 0.0152972 8.77874e-09 
0.0143848 0.0180384 0.0161245 6.51198e-07 0.0471206 0.0104044 0.0788079 0.00846042 0.0271207 0.000619665 0.00452406 0.0043754 0.00234566 0.00499268 0.000209279 3.0356e-08 0.00038009 6.18394e-05 0.363167 3.01198e-05 0.0903414 0.000525272 0.024906 0.0608055 2.75021e-05 7.73588e-05 0.0677005 0.121362 0.0330684 1.78596e-05 
0.0150799 0.00782591 0.00115749 0.00462944 0.0758525 0.0484265 0.0137084 0.0353766 0.0068167 0.0050918 0.0780389 7.38887e-05 0.13171 0.00293886 0.00212796 0.000165808 0.000839657 0.0155863 0.14316 0.000491901 0.039228 0.0679593 0.00263733 0.0889564 0.00259863 0.0582055 0.0646161 0.0570947 0.0296023 3.41915e-06 
0.0152494 0.00175673 0.0044801 6.70613e-08 0.214218 0.000858591 0.144998 3.18089e-07 1.3557e-12 0.00927284 0.0134739 0.0259244 4.04889e-09 2.61706e-12 1.60462e-07 4.51716e-12 3.67032e-12 0.000176944 0.296111 0.000139217 0.0394921 1.15527e-06 2.56497e-08 0.00505394 3.17701e-08 1.39431e-12 5.28502e-08 0.198164 0.0306284 1.23827e-07 
0.0074187 0.00989645 0.00139683 0.0100836 0.0469154 0.0882021 0.0816107 0.0951695 0.0048975 0.0032116 0.0649695 8.00453e-05 0.0261364 0.00293898 0.00505409 1.08824e-07 0.00424244 0.0696998 0.168842 0.0034187 0.0230971 0.0600543 0.00248431 0.0251921 0.00374368 0.0202356 0.0246759 0.121336 0.0249958 5.50962e-07 
0.0171046 0.00206255 0.00235644 1.68369e-05 0.000379593 0.00695643 0.0115521 0.00554489 0.00139103 0.00547273 0.00590287 1.11041e-05 0.000637859 0.000254971 0.00060575 3.05615e-08 5.0999e-06 0.00540932 0.755644 3.99261e-05 0.00480004 0.00400074 0.00212064 0.066412 0.00106138 0.000143515 0.0171026 0.0800564 0.00295459 6.8108e-10 
0.0231173 0.00122007 0.00260675 0.00892369 0.0838826 0.011461 0.0222487 0.00486753 0.00139795 0.00255053 0.0220267 3.62761e-10 0.0022163 0.000447345 0.0017132 1.70676e-10 1.56135e-07 0.00378357 0.531641 5.97762e-05 0.0073722 0.000392487 0.00059319 0.0613546 0.00143105 0.0151304 0.00444662 0.153129 0.0319862 3.09207e-07 
0.0176782 0.00970084 0.000177472 0.000560671 0.00934956 0.00803546 0.018591 0.0221165 0.020268 0.00272965 0.0084403 6.76132e-05 0.0114571 0.00218368 0.002081 1.87236e-07 0.000277979 0.0017553 0.628781 0.00318129 0.0255157 0.0195557 0.00265038 0.0601574 0.00394451 0.039511 0.0265687 0.0250504 0.0295914 2.1876e-05 
0.0479447 0.012395 0.00306983 6.96459e-06 1.34914e-06 1.09626e-06 0.134968 0.121138 1.81398e-05 0.0154 1.09529e-07 1.2629e-05 9.53409e-05 1.6086e-07 8.43129e-07 2.03578e-07 7.99473e-08 0.00279723 0.564475 0.000475455 0.0175913 0.0764871 2.03605e-10 1.40163e-06 2.10628e-07 0.000413517 0.00199423 5.70026e-06 0.000699397 7.08928e-06 
0.0216825 0.00879239 0.00667919 0.00175268 0.0825926 0.0153129 0.0320683 0.0319143 0.0124015 0.00336796 0.0155537 0.00298185 0.00264098 0.000886657 0.0205126 0.00114679 4.92034e-05 0.0050182 0.216961 2.95385e-05 0.179759 0.00433479 0.00788817 0.0696423 0.000966324 0.00445897 0.035408 0.187577 0.0276162 5.12783e-06 
0.0021263 0.00420418 0.000746892 3.04342e-05 0.0956316 0.00329129 0.00574578 0.0309522 0.00256433 0.00139105 0.00392093 8.95811e-06 0.000748401 7.38416e-05 0.000442214 3.65625e-05 2.89172e-07 0.0054845 0.318933 9.34483e-05 0.125761 0.00411474 0.00134896 0.0085226 1.6084e-05 0.000287691 0.0206511 0.280862 0.0820065 2.98812e-06 
0.0173267 0.0287792 0.00148671 1.34734e-05 0.0101296 0.00614702 0.133564 0.0347632 0.000536251 0.00128401 0.00159732 3.01208e-05 0.00326599 0.000151152 0.00876126 9.68902e-06 0.000191748 0.308234 0.343652 0.000272545 0.0240567 0.0012141 0.00284699 0.00598313 0.0150526 0.000141826 0.00507486 0.0280532 0.0173806 2.03888e-07 
0.000703229 0.00241498 0.00164532 1.08704e-06 0.0486298 0.000350581 0.00591307 0.00254684 0.00187384 0.00101508 0.0097141 1.83836e-06 0.00150505 9.99555e-05 0.00076639 1.13527e-08 2.19066e-09 3.4818e-05 0.374051 5.17696e-05 0.0463545 2.82753e-05 0.000471566 0.00194348 0.000164591 2.25137e-05 0.00237186 0.223906 0.273418 4.20284e-07 
0.00306871 0.000372088 0.0248899 3.78358e-08 0.0181743 0.0100003 0.00494639 0.00761577 0.169268 0.000888208 0.141126 2.68159e-06 0.000547198 0.00524877 0.000673549 1.12316e-10 0.000120121 0.0024632 0.184156 1.30504e-07 0.102667 0.000442622 0.0563302 0.0329665 0.000178706 0.0444092 0.0333405 0.134169 0.0219351 1.02267e-06 
0.00435165 0.0614696 0.00317264 3.44376e-05 0.00391983 0.131833 0.0769136 0.00150225 0.00192779 0.00368592 0.0215204 0.000914375 0.0578102 5.09126e-07 0.0252859 1.18283e-05 0.00697771 0.0438358 0.326071 1.38819e-06 0.0781464 0.0281984 0.0271283 0.00976363 0.000508464 0.0145518 0.0207842 0.0471586 0.00252012 1.60707e-08 
5.29285e-05 0.00602282 0.00470406 2.96015e-07 0.00319768 0.0051953 0.00191984 0.00588335 0.0860551 0.000785297 0.00399638 3.11336e-05 6.15582e-05 0.00059447 0.000115436 7.68259e-11 6.5963e-05 0.000414586 0.595704 0.00109343 0.186942 0.00017257 0.000398919 0.023714 0.00099131 3.3164e-05 0.00364713 0.0619756 0.00623072 5.42474e-07 
0.0115962 0.00182409 0.000744859 1.55285e-05 0.0242083 0.00290457 0.0151397 0.00388294 0.0068977 0.00188316 0.0244454 6.16687e-05 0.00650857 0.00221664 0.00162898 1.6827e-06 6.5683e-06 0.00135082 0.418634 0.000474591 0.035367 0.00116122 0.00124911 0.0163762 0.000927437 0.000214205 0.00631166 0.384842 0.0291253 2.48453e-07 
0.0919113 0.0185439 0.000913025 9.42205e-08 0.0124486 0.0080068 0.00397402 0.0208084 0.00134896 0.00394286 0.00643532 3.18961e-07 0.00103615 0.00699993 0.00100895 2.1188e-07 7.1113e-05 0.000768989 0.290334 2.49902e-06 0.24091 0.0066438 0.000947014 0.0270905 0.000535021 0.00169781 0.188554 0.0622099 0.00285646 8.32369e-07 
0.000360712 0.00353138 1.49799e-07 3.58768e-08 0.0555609 0.00999682 0.00955537 0.00204919 0.225087 5.38065e-08 0.201419 2.73019e-11 0.00310449 1.09836e-05 0.000284794 4.74651e-11 0.000108602 0.000321284 0.245833 4.99879e-11 0.0105815 0.00605157 0.0417503 0.0750752 2.11272e-11 0.000732011 0.0148428 0.0890806 0.00466217 5.6366e-08 
0.0136666 0.008086 0.00716138 6.19821e-06 0.0106718 0.00753693 0.0530058 0.0104311 0.00296861 0.0115852 0.00510637 0.000155126 0.000304761 0.000182108 0.00389932 7.74813e-12 4.41069e-06 0.00110158 0.585522 8.2908e-07 0.0127129 0.00107324 0.0104268 0.0648769 0.000822557 0.000624245 0.0183003 0.158767 0.011 6.37284e-10 
0.0182347 0.00754625 0.00591027 2.85837e-06 0.0533825 0.000178747 0.0267142 0.00163199 0.000261002 0.00247869 0.0129435 5.3806e-05 0.0101789 0.00205012 0.000227959 1.58424e-08 0.000923283 2.16308e-05 0.435665 0.000750389 0.0566244 0.00024931 5.7704e-05 0.00889948 0.00655457 1.3489e-05 0.00204417 0.320109 0.0262922 2.90117e-08 
0.0268298 1.13802e-07 4.20438e-08 7.22362e-13 8.63438e-08 0.00215705 1.3922e-07 0.00123967 6.00624e-08 1.09829e-07 0.031848 2.56369e-12 3.6746e-08 1.30922e-07 7.95838e-08 4.45706e-12 8.18936e-05 1.36367e-07 0.67922 4.69395e-12 0.00490337 3.34075e-09 8.22491e-08 0.0442441 2.74373e-07 1.00982e-07 0.00280715 0.205102 0.00156598 4.76794e-09 
0.00204732 0.00429617 0.000728085 2.01304e-08 0.0976113 0.00306076 0.00584488 0.0303354 0.0021637 0.00138918 0.00376268 2.68792e-08 0.00011867 5.94019e-05 0.000388228 5.47882e-08 3.86367e-09 0.00248286 0.322524 8.99073e-08 0.114338 0.00226334 0.0013631 0.00879196 1.2218e-05 0.000222926 0.0202097 0.291336 0.0846478 1.36458e-06 
0.0302558 0.00100793 0.00158604 0.0445754 0.0640327 0.0233986 0.0343019 0.00270549 0.000551445 0.0045493 0.0526957 4.01748e-06 0.00719726 0.00234601 0.0020602 3.14994e-12 1.40955e-07 0.00891709 0.454257 0.000187925 0.00914912 0.000737209 0.000382313 0.0333929 0.0380604 0.0219377 0.00495879 0.146503 0.0102486 3.31302e-07 
0.0108705 0.0131724 0.00850695 0.00773188 0.0312623 0.0940594 0.103663 0.00839997 0.0235199 0.00705568 0.129014 6.05944e-06 0.0127691 0.0196602 0.00502157 2.45895e-11 1.18839e-05 0.00027335 0.173311 1.0524e-07 0.0972566 0.000465127 0.00582979 0.0929412 2.64801e-10 0.00471901 0.0290398 0.106099 0.0153411 1.52605e-08 
0.00838513 0.0034458 9.38924e-05 0.00678178 0.0270844 0.0407982 0.00486345 0.090477 0.0190876 0.000503929 0.0495552 1.31784e-05 0.0308821 0.000240416 0.000294155 2.84116e-05 0.00477459 0.0180626 0.420762 0.000488469 0.00508529 0.00293087 0.00632767 0.0759218 0.0192204 0.00956663 0.0984605 0.0375954 0.0182661 2.92161e-06 
0.00654784 0.00833226 0.000539045 3.95992e-05 0.0405063 0.0181253 0.0221552 0.0211775 0.000106587 0.00215047 0.0286247 6.49127e-06 0.00121136 0.000651186 0.00215954 6.74165e-06 6.99344e-07 0.00112537 0.528941 0.000556225 0.0484658 0.0326581 0.00161251 0.0144149 3.60668e-06 0.000991377 0.0143698 0.144337 0.0601174 6.58339e-05 
0.0148125 0.0529898 0.0074406 4.39537e-07 0.0334768 0.0155688 0.203601 0.0239745 4.04723e-06 0.00814433 0.0115797 1.68543e-09 0.0743183 0.00177645 0.00162178 2.93017e-09 9.75003e-07 4.01685e-06 0.398944 6.79636e-05 5.04321e-06 8.33047e-06 0.00244122 0.0130788 0.104786 4.94827e-05 0.0263289 0.00497147 3.2331e-06 1.27704e-06 
2.16962e-08 7.29504e-05 7.10415e-08 0.000164578 3.70297e-08 0.000512149 0.000612656 0.0155121 0.000303208 7.9536e-08 0.000442051 0.000184843 4.50493e-08 1.16502e-07 5.29847e-05 0.000150418 1.6339e-07 0.04151 0.671291 2.11776e-07 2.16052e-08 0.0538147 6.63818e-08 0.212972 8.95065e-08 0.000150356 9.73651e-05 0.000136438 7.32792e-05 0.00194611 
0.0231173 0.00122007 0.00260675 0.00892369 0.0838826 0.011461 0.0222487 0.00486753 0.00139795 0.00255053 0.0220267 3.62761e-10 0.0022163 0.000447345 0.0017132 1.70676e-10 1.56135e-07 0.00378357 0.531641 5.97762e-05 0.0073722 0.000392487 0.00059319 0.0613546 0.00143105 0.0151304 0.00444662 0.153129 0.0319862 3.09207e-07 
0.0361531 0.00787023 0.000669898 0.000279462 0.00705066 0.00420701 0.0460995 0.0227439 8.6192e-05 0.0194852 0.000905117 0.00594897 0.0311344 2.19425e-05 0.00603427 1.05504e-07 0.000337112 7.67888e-05 0.50083 5.68619e-05 0.0435915 0.142482 0.00113158 0.0177414 4.19595e-05 5.56105e-05 0.00555372 0.0801583 0.0187746 0.000478232 
0.00737521 0.00435285 0.00122048 1.78688e-06 0.018546 0.000108975 0.0193686 0.0378202 0.00304046 0.00134206 0.00683743 0.000115582 0.00313012 0.000176748 0.00153524 1.79609e-06 3.18778e-06 8.52948e-06 0.540396 1.77851e-05 0.0886185 0.000849109 0.00043169 0.0865779 3.45034e-05 0.00495736 0.000371486 0.125356 0.0473438 6.04927e-05 
0.00187853 0.00715848 0.00419067 5.32516e-08 3.53995e-06 0.000339894 0.00239109 0.0031312 0.0193804 0.000901639 0.000851435 8.45723e-05 0.000123342 2.50279e-05 1.20948e-07 4.65512e-11 8.71995e-08 0.000830111 0.455669 6.00528e-06 0.0437821 0.0108486 0.000861462 0.179793 0.00107469 0.00837237 0.21783 0.0401629 0.00030975 3.97101e-08 
0.000678475 0.00134789 7.79457e-08 8.41344e-13 0.00180146 0.0116402 6.64331e-08 0.0873563 0.0144643 6.1805e-08 0.000801036 1.04539e-08 1.16297e-12 3.66953e-08 1.91259e-08 5.19119e-12 2.2797e-05 0.000357535 0.451594 5.4671e-12 0.195572 3.21232e-08 0.0021022 0.0269494 1.04003e-08 1.19698e-07 0.0100998 0.155002 0.0402096 3.9638e-12 
0.0139382 0.00874685 0.000962212 2.74274e-05 0.0091535 0.0128308 0.0216297 0.0172056 0.0104019 0.0159506 0.00510823 7.61233e-05 0.00801633 0.0119372 0.00112642 5.25282e-06 3.58847e-05 0.00271327 0.650942 0.000243019 0.0662963 0.0037308 0.00071951 0.0190614 0.000639048 0.000555892 0.007766 0.0983162 0.0118632 1.4478e-06 
0.0319867 0.0165365 0.000797044 4.59645e-05 0.0121271 0.0419292 0.0245453 0.123704 0.0261902 0.00223211 0.0240471 9.36616e-05 0.00640658 0.00683303 0.00673706 0.00021884 0.000989392 0.000347531 0.292533 0.00303336 0.0217849 0.0266632 0.00906959 0.0369123 0.000342742 0.00440831 0.157966 0.0412849 0.0800523 0.000182118 
0.00273761 0.0119213 0.0021994 0.0369763 0.0102256 0.0179223 0.0419772 0.0146564 0.0384036 0.0093496 0.206416 1.79814e-06 0.0297271 0.00177898 0.000901017 4.494e-12 0.0107343 0.00215874 0.265964 3.60371e-05 0.0197096 0.000904698 0.00742629 0.147794 0.0272463 0.0402994 0.0122945 0.0331819 0.00705589 3.19363e-07 
0.0146936 0.0108433 0.000275199 0.00268258 0.126537 0.0628612 0.0341276 0.0089785 0.123686 0.000603958 0.0132382 6.18247e-05 0.00733984 0.00026584 0.000702651 1.84821e-06 0.000460783 0.00473607 0.181423 0.00321385 0.0477879 0.0110431 0.00307491 0.122779 0.00490816 0.0383596 0.0150474 0.102964 0.0572986 4.56899e-06 
0.00770275 0.0885993 0.0367369 0.000123524 0.0227212 0.0595112 0.116163 0.0541939 7.56924e-05 0.0150868 0.040124 9.92524e-05 0.0100572 0.000293552 0.0412655 2.51843e-05 0.000118823 0.00215578 0.269977 0.00552761 0.0401939 0.0243712 0.015984 0.0121627 0.00843874 0.00564776 0.0021997 0.0729029 0.0475401 9.9459e-09 
0.00363911 0.0265268 0.0102949 8.08378e-06 0.0188875 0.0273919 0.0648983 0.0970354 0.00810302 0.0184873 0.0235353 0.000165554 0.0553043 0.00735379 0.0125297 3.70996e-09 7.03098e-05 0.000993554 0.189654 0.00796835 0.0724615 0.0358418 0.0531039 0.0735984 0.0134529 0.0081642 0.0372831 0.0766628 0.0565816 2.56591e-06 
0.00855118 0.00266914 0.00228252 4.16486e-05 0.0319867 0.00646481 0.0100569 0.0138034 0.00195167 0.00895933 0.00818647 0.000123708 0.00327229 0.00528207 0.000732597 2.31923e-06 4.81661e-05 0.00077016 0.525823 0.0013718 0.146059 0.000511666 0.00033474 0.0170028 7.36061e-05 0.0201425 0.0035056 0.130659 0.0493312 5.53447e-07 
0.00250576 0.00561802 0.00131828 6.39183e-06 0.0356206 0.00224091 0.00944259 0.085069 0.0530288 0.000805091 0.00350123 1.45177e-09 0.00433165 0.000350287 0.000506611 3.29002e-12 2.86839e-05 0.000101376 0.40314 9.67733e-05 0.096331 0.00167517 0.0106678 0.124405 0.000164617 0.00320199 0.0210914 0.112788 0.0219597 3.54394e-06 
0.00118591 0.012466 2.74713e-05 1.62453e-05 0.00192188 0.00213459 0.0164826 0.0999571 0.0531157 0.0355192 0.045443 1.40561e-05 0.000209387 0.00835764 0.00346876 3.72742e-08 3.10845e-06 0.000223657 0.267563 0.000169569 0.0749993 0.0636118 0.00717271 0.0663614 0.000284079 5.62674e-06 0.0217556 0.177943 0.0395876 2.84612e-08 
0.00175209 0.0101716 0.000665276 1.34539e-05 0.0118481 0.0128657 0.0139283 0.0584593 0.000763857 0.0155521 0.00534438 0.000250686 0.00392706 0.00189424 0.00801166 4.06934e-05 0.00010315 0.000973614 0.413559 0.000576952 0.0424694 0.00904366 0.00640194 0.0201847 0.000349108 0.00248438 0.0264722 0.0868171 0.245076 1.39602e-07 
0.032924 0.0126644 0.0352004 0.00339451 0.0186877 0.045513 0.050567 0.113308 0.0196486 0.00816766 0.141206 0.0013834 0.0154423 0.00412189 0.00110293 0.00060629 6.29539e-05 0.013469 0.147803 0.00339369 0.044427 0.00641468 0.0128797 0.0615326 0.00226525 0.0172791 0.0518843 0.10615 0.0276617 0.000839008 
0.0922934 0.0363202 0.000586347 8.74633e-05 0.0974454 0.0171378 0.0156055 0.00963547 0.018547 0.000966051 0.00770031 6.6714e-06 0.00686601 0.00103808 0.00118373 0.0112857 3.29789e-05 0.105978 0.309065 0.00209921 0.00673346 0.00301923 0.00314303 0.069648 0.0386141 0.00126943 0.00314097 0.124859 0.0156922 1.05686e-07 
0.0223312 0.00535029 0.00687335 0.000164047 0.0056955 0.0898876 0.0329205 0.0160391 0.00530102 0.00572668 0.0161125 0.000241984 0.00407279 0.000987957 0.000285863 1.8483e-06 0.000284001 0.00484504 0.352023 0.0035019 0.0230532 0.000956121 0.130533 0.0372657 0.000840827 0.0142456 0.104467 0.0895856 0.0264037 2.53854e-06 
0.00109311 0.00075168 8.47315e-05 5.9807e-06 0.051047 0.000997847 0.0021942 0.0294569 0.00240861 0.000516104 0.00967042 2.8908e-08 0.00365325 3.53347e-05 0.000410491 2.94591e-06 2.26375e-05 0.000166945 0.646342 0.000166158 0.00625116 0.00396295 0.00185677 0.00217285 3.85485e-06 3.13336e-05 0.00407928 0.134606 0.0980103 3.83747e-08 
0.0114296 0.0056463 0.00328745 0.00751795 0.0413956 0.0525245 0.0124168 0.0128184 0.00385074 0.00272597 0.100757 1.41725e-05 0.0221717 0.00813412 0.00187055 7.92734e-07 0.000525566 0.00559568 0.275006 0.000606628 0.0126076 0.00145711 0.00551215 0.0324128 0.00080296 0.0709213 0.0319538 0.214653 0.061379 4.52676e-06 
0.00666517 0.00152837 0.00179667 0.0596964 0.0132939 0.079989 0.02759 0.00345183 0.0215897 0.00128834 0.081875 6.22012e-06 0.00966631 0.00832234 0.0226624 8.66958e-11 8.13459e-06 0.00931743 0.359978 0.00094349 0.0184227 0.000387516 0.000413956 0.127398 0.0168442 0.0390693 0.015668 0.0593386 0.0127891 6.61977e-11 
0.216174 0.0222627 0.00465777 3.98665e-05 0.000656369 0.00980908 0.201658 0.0667799 0.00474543 0.00335208 0.00350079 3.14703e-07 0.00364443 9.51949e-05 0.000409716 3.0733e-10 2.6924e-05 0.00161336 0.337023 0.00971776 0.0105287 0.014211 0.00291124 0.0240578 0.00905835 0.000514094 0.00504003 0.0414392 0.0060731 5.48558e-07 
0.0402478 0.0724081 0.00157079 5.24448e-05 0.0743735 0.00314467 0.017707 0.0277583 0.00157127 0.00615262 0.0117624 0.00151549 0.00259056 0.000192084 0.00603566 2.15703e-07 0.000151335 0.00202343 0.26894 0.000260489 0.0529509 0.0279602 0.00240572 0.0177504 5.33341e-05 2.72294e-05 0.0114254 0.177171 0.171783 1.49468e-05 
0.00659361 0.000320346 0.000235711 0.0371103 0.0133283 0.0236082 0.00366392 0.0092755 0.000427716 4.14053e-05 0.0181143 1.76656e-06 0.00176891 0.000246456 0.000347997 5.34676e-12 3.1051e-05 0.0014761 0.303857 2.08366e-05 0.077241 0.000317363 0.00173957 0.0668531 0.000710954 0.0423426 0.0161409 0.255273 0.118912 8.25873e-08 
0.0144601 0.00807596 0.0035326 4.27776e-05 0.130017 0.00822049 0.0413515 0.0119027 0.00153091 0.00364654 0.00637742 0.00123192 0.00390545 0.00018498 0.0024921 5.78881e-06 7.24652e-05 0.00365205 0.382407 0.000757911 0.0294449 0.0248384 0.00129878 0.0340302 4.91999e-05 0.000294188 0.0097331 0.224197 0.0522454 2.30187e-06 
0.0184236 0.00717202 0.00207038 0.000250087 0.00226625 0.00162521 0.261313 0.0228014 4.97536e-05 0.00112362 0.0943063 0.000200503 0.000122038 0.000100697 0.0265272 9.66117e-10 6.25035e-09 0.00837779 0.372956 0.000107326 0.0262821 0.0015432 0.00304849 0.0186967 0.00456851 4.42841e-05 0.00301163 0.0902987 0.032714 8.38119e-08 
0.0162061 0.00228363 0.00233399 1.24438e-05 0.0238601 0.000624038 0.0255255 0.00294689 8.97437e-05 0.00148921 0.0155 0.000264219 0.00172047 0.00205895 0.00057087 1.50928e-06 1.41472e-06 3.46646e-05 0.395389 5.11142e-05 0.0992919 0.000449639 9.39567e-05 0.0174466 0.000466038 0.000499753 0.00197635 0.379388 0.0094206 3.62294e-06 
0.0212349 0.00458366 2.83212e-05 0.000598831 0.0192444 0.00443254 0.0090917 0.0046376 0.000517796 0.000460396 0.0159352 3.72791e-11 0.000789904 0.000186524 0.00572029 4.98129e-07 1.80005e-07 0.0131616 0.612183 0.0201326 0.00631259 0.0597236 0.00103404 0.0473558 0.000263277 0.00164823 0.0216006 0.0957652 0.0333563 2.10009e-08 
0.061751 0.00194731 0.00236169 0.000110093 0.0116814 0.0165865 0.00252388 0.00725485 0.00880409 0.0141764 0.208619 2.083e-05 0.00210267 0.00225937 0.00125442 5.75829e-09 2.72757e-05 0.0234536 0.531727 0.000647203 0.00462588 0.00603323 0.000260942 0.0159462 0.000892931 0.00677001 0.0121406 0.0504002 0.00561778 3.35425e-06 
5.29285e-05 0.00602282 0.00470406 2.96015e-07 0.00319768 0.0051953 0.00191984 0.00588335 0.0860551 0.000785297 0.00399638 3.11336e-05 6.15582e-05 0.00059447 0.000115436 7.68259e-11 6.5963e-05 0.000414586 0.595704 0.00109343 0.186942 0.00017257 0.000398919 0.023714 0.00099131 3.3164e-05 0.00364713 0.0619756 0.00623072 5.42474e-07 
0.0144601 0.00807596 0.0035326 4.27776e-05 0.130017 0.00822049 0.0413515 0.0119027 0.00153091 0.00364654 0.00637742 0.00123192 0.00390545 0.00018498 0.0024921 5.78881e-06 7.24652e-05 0.00365205 0.382407 0.000757911 0.0294449 0.0248384 0.00129878 0.0340302 4.91999e-05 0.000294188 0.0097331 0.224197 0.0522454 2.30187e-06 
0.0268298 1.13802e-07 4.20438e-08 7.22362e-13 8.63438e-08 0.00215705 1.3922e-07 0.00123967 6.00624e-08 1.09829e-07 0.031848 2.56369e-12 3.6746e-08 1.30922e-07 7.95838e-08 4.45706e-12 8.18936e-05 1.36367e-07 0.67922 4.69395e-12 0.00490337 3.34075e-09 8.22491e-08 0.0442441 2.74373e-07 1.00982e-07 0.00280715 0.205102 0.00156598 4.76794e-09 
0.0153964 0.00217861 0.000840403 0.0439543 0.0353789 0.0741597 0.0135066 0.00605529 6.54345e-05 0.000929218 0.0291924 7.26967e-05 0.00499915 0.000320854 0.000464868 6.28136e-07 0.00016134 0.0575881 0.356877 0.000513966 0.0101292 0.0101208 1.48398e-05 0.0755117 0.0231195 0.187328 0.00232549 0.0379549 0.0108395 7.29971e-09 
0.0108877 0.00880099 0.00137268 0.0159094 0.0615822 0.00805868 0.0176167 0.0212611 0.000158806 0.00433081 0.0110058 0.0161042 0.0125689 0.000102809 0.00419109 1.23324e-05 0.00181391 0.0373182 0.252405 0.00215662 0.0536109 0.0120381 0.00438673 0.0126963 7.95408e-05 0.000126445 0.014557 0.210187 0.204637 2.31376e-05 
4.01741e-05 0.00753248 1.92221e-06 1.60073e-05 0.083624 0.0654353 0.000636613 0.00773439 0.0136991 5.5978e-05 0.0283627 6.0799e-07 0.0257083 0.00315342 0.00049612 1.19068e-09 7.01816e-06 6.25852e-06 0.285554 0.00014024 0.0406998 0.00208083 0.00721122 0.142062 0.000260773 0.00105873 0.0789373 0.163748 0.041737 6.71199e-09 
0.0223579 0.00137579 0.0019102 0.0093742 0.00464443 0.0162652 0.00850888 0.00748052 0.0030874 0.00201989 0.0116139 1.25938e-05 0.00122196 0.000265061 0.00132023 2.28004e-08 1.07694e-05 0.00399525 0.538738 6.9604e-05 0.0407696 0.00228133 0.00180075 0.078488 0.00100121 0.00959265 0.0392638 0.161375 0.0311552 3.76209e-08 
0.0646818 0.0129323 0.000653418 6.04292e-08 0.0108492 0.00899595 0.00319698 0.0200696 0.000876567 0.00364286 0.00596321 2.03096e-07 0.000780678 0.00519038 0.00121139 1.52463e-07 8.57847e-05 0.000933423 0.382564 3.69659e-06 0.246384 0.00935855 0.000919056 0.02214 0.000663497 0.00123244 0.128628 0.065727 0.00231582 7.90976e-07 
0.0105834 0.0403851 0.00085726 7.30176e-06 0.106748 0.0113696 0.0293865 0.0109146 0.000739925 0.0120694 0.01466 1.09126e-07 0.0130076 0.0041112 0.026154 1.2032e-10 5.22857e-07 0.00222411 0.282421 0.00534275 0.0795261 0.000749263 0.024272 0.00890504 0.0356753 0.000212129 0.00532399 0.105826 0.168525 2.80675e-06 
0.00193737 0.00695131 0.00809155 0.000285606 0.000716731 0.0080392 0.0195431 0.162981 0.0192229 0.00382865 0.0242026 0.00157055 0.00516744 0.00859972 0.00218188 2.53783e-10 2.06206e-10 0.00906829 0.312505 5.88404e-05 0.0479256 0.0110845 0.000854706 0.165179 0.0135822 2.11681e-07 0.0287521 0.0471825 0.090413 7.43566e-05 
4.74604e-05 0.00768537 4.05916e-05 2.27687e-08 0.135714 0.158743 0.0602657 0.0171742 0.0119791 0.00889828 0.00894427 3.88573e-07 0.00982737 0.0073961 0.000915763 1.36696e-06 1.43364e-09 2.97014e-05 0.326372 0.000564152 0.040499 0.00493371 0.0175631 0.0111439 1.9497e-05 0.000865007 0.0165253 0.0319403 0.12191 1.08099e-06 
0.00343561 0.000313103 1.69423e-08 6.87642e-06 0.107999 0.00130548 0.00323703 0.0330261 0.143612 0.000488485 0.0140361 1.32442e-06 0.00174053 0.000167092 0.00321833 1.60369e-11 8.11649e-08 5.44041e-05 0.426886 2.43202e-07 0.0170533 0.00161621 0.00696099 0.0303249 0.000417707 0.00155887 0.0116736 0.174908 0.0159561 3.17237e-06 
0.00305892 0.0138391 0.00241106 0.00410211 0.0106869 0.0158541 0.0490074 0.0160788 0.0440623 0.00989045 0.209766 1.44994e-08 0.0337241 0.00192184 0.00101106 5.11196e-12 0.00824241 4.09851e-07 0.269302 2.83264e-05 0.0214932 0.00105335 0.00763702 0.161364 0.0227468 0.0365472 0.0135101 0.0364987 0.00616228 4.43358e-09 
0.0701973 0.0209056 0.00429107 0.0399635 0.0383162 0.0533382 0.0400012 0.0475605 0.0271805 0.00444623 0.040406 0.00305375 0.0263722 0.000928351 0.00429053 4.68317e-08 7.63094e-05 0.0419704 0.190454 0.0039614 0.0788989 0.0275407 0.00268543 0.0217308 0.00346502 0.0781041 0.00796572 0.0816887 0.0401932 1.43661e-05 
0.000527811 0.0493866 0.00720442 8.73306e-08 0.000209171 0.00325138 0.223252 0.0429488 0.00501619 0.0262157 0.000128306 3.0994e-07 0.000289118 0.000118329 0.000868747 5.3884e-07 0.00473045 0.000582978 0.540126 0.000807228 7.0281e-05 0.0185554 0.00045717 0.0533564 9.09686e-06 0.000394086 0.0129198 0.00852843 4.49544e-05 4.11438e-07 
0.0139382 0.00874685 0.000962212 2.74274e-05 0.0091535 0.0128308 0.0216297 0.0172056 0.0104019 0.0159506 0.00510823 7.61233e-05 0.00801633 0.0119372 0.00112642 5.25282e-06 3.58847e-05 0.00271327 0.650942 0.000243019 0.0662963 0.0037308 0.00071951 0.0190614 0.000639048 0.000555892 0.007766 0.0983162 0.0118632 1.4478e-06 
0.0211156 0.0197109 0.00717459 3.38905e-07 0.0376852 0.0276057 0.166685 0.111411 0.00705581 0.0161835 0.00886597 0.000510854 0.0163566 0.0007905 0.00346695 1.09102e-08 6.76803e-05 0.00129569 0.180288 0.00222783 0.108436 0.000620175 0.00316832 0.013753 0.000229696 0.00346705 0.0269146 0.140532 0.0743822 2.11615e-07 
0.0298185 0.00332606 0.00144748 0.00177631 0.00818527 0.00391797 0.014748 0.145314 0.0463509 0.000649319 0.051145 2.01977e-09 0.00142136 0.000486615 0.0706389 3.79542e-07 1.01114e-05 0.0728126 0.230288 5.6828e-05 0.00541959 0.167251 0.000843688 0.0542739 0.000459013 0.000297539 0.00494277 0.0807126 0.00340552 1.23215e-07 
0.000544051 0.010578 0.0441616 0.00121038 0.00533844 0.0855837 0.0144872 0.0456169 0.0447244 0.0162957 0.0267119 1.61661e-05 0.00188065 0.000218217 0.0100666 1.74722e-07 0.000365873 0.00265513 0.438393 2.52375e-06 0.00939246 0.00571805 0.000128376 0.0286858 0.000182168 0.000362827 0.006311 0.137814 0.0625539 1.33411e-07 
