0.0016745 0.000290899 0.000598534 2.80459e-05 0.00967781 0.0587214 0.00668691 0.0086531 0.00836452 1.01163e-05 0.0136801 1.72693e-05 0.0020203 0.00039164 0.00577996 4.62694e-06 0.00370783 0.00133276 0.0338967 2.14241e-06 0.128873 9.93347e-06 0.00907008 0.00970667 1.67326e-05 0.0203609 0.0770165 0.0568785 0.542526 2.37557e-06 
3.05741e-06 0.000106832 0.000429865 1.99422e-05 0.0233828 0.123918 0.001015 0.00113329 0.0146767 0.00596204 0.476674 8.5884e-05 0.0633074 4.41894e-05 0.000395632 2.24654e-06 0.000970499 7.39134e-05 0.00164076 2.99689e-09 0.000661683 0.000323938 0.00590411 0.0583296 0.0006028 0.00464955 0.123668 0.0849568 0.00706148 4.59654e-09 
0.0212985 0.0652269 0.00428984 0.000117045 0.0763538 0.0190835 0.278759 0.0812135 0.000419949 0.0321759 0.019462 0.000955493 0.0017098 2.02307e-06 0.104109 3.05351e-07 0.0867497 0.00517756 0.0605133 3.32745e-08 0.0697027 3.86292e-05 0.00238692 0.0131024 0.00129643 0.00268916 0.00764198 0.0308347 0.0146758 1.50541e-05 
0.000122045 0.00265904 0.000677274 0.116123 0.00104957 0.560832 0.0264835 0.00431224 0.00727476 0.000170988 0.042053 2.05179e-07 0.0950628 0.00161048 0.0113976 6.87611e-05 0.00490824 0.000765211 0.00768457 7.23667e-08 0.00220511 0.000159714 0.00873567 0.000297023 4.8978e-05 0.00516299 0.0376597 0.0316482 0.0307994 2.75029e-05 
0.00743613 0.00117869 0.00176245 0.000495881 0.0580155 0.00399783 0.0136663 0.00614749 0.000296244 0.000604553 0.019494 5.14307e-09 0.00127009 0.0572753 0.000395617 5.75094e-09 0.000124381 0.00663326 0.00636957 5.46486e-11 0.0120052 0.000286038 1.64385e-05 0.0335031 0.00079777 0.71743 0.0419754 0.00821647 0.000593947 1.21302e-05 
0.0055484 0.00897137 1.40541e-05 8.79951e-05 0.000374388 0.00742397 0.00583896 0.00805441 4.70413e-05 0.000817207 0.453001 0.000157553 0.0576771 1.43445e-05 0.000334324 1.14733e-06 0.000285482 0.00074431 0.00902917 2.97479e-07 0.00665971 0.00437702 0.000382325 0.0535688 0.00062117 0.000158009 0.000955761 0.334323 0.0405315 8.64281e-07 
0.0401829 0.0583278 2.41924e-06 2.42023e-06 0.00726278 0.000728537 0.600335 2.42038e-06 0.017181 0.0106461 0.0547034 2.41809e-06 0.0183937 2.41806e-06 2.41967e-06 2.41588e-06 2.41686e-06 2.4191e-06 2.42027e-06 2.41561e-06 0.00605371 2.41982e-06 2.41936e-06 0.026143 2.41877e-06 2.41948e-06 0.0130722 0.0142848 0.132646 2.41711e-06 
0.00435348 0.00276494 0.00265466 0.0210672 0.0157432 0.556663 0.0153076 0.00502253 0.004848 0.00101907 0.0106109 0.00167663 0.00165976 0.000121253 0.000272326 5.63857e-05 0.000186008 0.00103459 0.0260962 6.52948e-06 0.0875545 0.000184729 0.00214845 0.0073479 0.000257699 0.112738 0.00985928 0.0436411 0.065097 7.154e-06 
0.00371489 0.00478919 0.00911576 1.16764e-05 0.0176848 0.000971961 0.0286331 0.0141039 0.00015274 0.00448318 6.79284e-05 0.00220608 1.38272e-09 3.41168e-09 1.79154e-08 4.31448e-09 1.68928e-09 0.000267081 0.00791023 8.30055e-10 0.868916 5.88151e-05 3.1915e-09 2.97867e-08 1.9594e-05 0.000495572 0.000542054 0.0355017 0.000349912 3.30413e-06 
5.4415e-05 0.00238181 9.27306e-05 0.0468255 0.00277465 0.220394 0.00920853 0.0201269 0.0147224 3.22997e-05 0.37388 0.0616261 0.000854642 0.000111376 2.27002e-06 1.09346e-05 0.000130312 0.09096 0.0177675 1.21918e-07 0.000168484 0.00993153 0.00716399 0.0738646 6.28573e-05 0.00605305 0.00493559 0.0114883 0.00838534 0.0159891 
0.040346 0.0100837 0.00290497 1.53437e-05 0.00942361 0.000895176 0.00283241 0.00234675 0.00122978 2.14306e-05 0.00121047 1.2857e-05 0.000330335 0.00387107 0.000176584 1.01434e-07 5.096e-06 3.55952e-05 0.00746366 2.00707e-12 0.0484007 1.22983e-05 0.000228481 0.0225886 0.00150156 0.00378188 0.825046 0.00758409 0.00765141 3.63632e-07 
0.0321711 0.00359596 0.00255097 1.18227e-06 0.00546881 0.0184794 0.0317232 0.0232612 3.2385e-05 0.000850332 4.61201e-06 0.00254183 0.000595229 6.49329e-05 0.00227037 0.00084398 8.57121e-08 0.000262385 0.0555003 3.42439e-09 0.357003 0.000699998 8.49552e-05 0.0142408 6.51004e-05 0.00162071 0.000391327 0.41972 0.0259558 8.91676e-08 
0.0457833 0.00181007 0.00306677 1.46935e-08 0.00175376 0.0802466 0.0142141 0.0345551 0.00905642 0.0087874 0.0127306 0.000229028 0.00899218 1.68379e-07 0.0111709 5.28899e-08 0.095099 0.00102897 2.0991e-07 6.20045e-11 0.0698772 0.00033476 3.18595e-07 0.0820711 0.000126904 0.00180646 0.00223962 0.206454 0.308425 0.000139954 
0.345798 0.0106674 0.0656561 2.50837e-05 0.000494699 0.00167498 0.532805 6.7915e-08 2.38678e-05 0.00189231 6.19073e-05 0.00289607 8.21126e-06 4.895e-09 0.000256608 3.45579e-07 0.000259976 0.00289062 0.0100039 1.19908e-09 0.0120039 0.000215618 2.36729e-08 0.000693307 7.48718e-06 1.39461e-08 7.32841e-05 0.0103763 0.00121453 5.2742e-07 
0.00182156 0.00436702 0.000488928 5.21274e-07 0.00368614 0.00234217 0.0168887 0.0134225 0.01058 0.000890779 0.0130391 1.55561e-05 0.000891002 4.85202e-06 0.00255347 9.83434e-09 1.01967e-07 1.37567e-05 0.0240056 5.63336e-12 0.00492819 1.11088e-05 0.00165723 0.0116637 4.80672e-07 1.17228e-10 0.00837628 0.687204 0.191148 3.61467e-10 
0.015337 0.0339087 0.0145553 6.84911e-08 0.0377095 0.00764417 0.199752 0.0216515 6.84708e-08 0.0221116 0.0109183 0.00574139 0.00386931 0.00140972 0.0577387 6.83681e-08 4.11058e-05 0.00381323 0.0262189 6.83604e-08 0.0231733 0.00609475 0.018534 0.027933 0.000362853 6.847e-08 0.00886321 0.395722 0.0568954 6.84029e-08 
0.0955381 0.027237 0.00165644 0.000290467 0.0576807 0.00219833 0.0287724 0.011671 0.00194659 0.00115848 0.0130179 4.62607e-06 0.00383318 0.0192818 0.00203555 3.17793e-09 0.000177664 0.00244264 0.00414333 7.39366e-11 0.0456638 0.000140333 0.000816683 0.0158117 0.000569092 0.56744 0.0818084 0.00762921 0.00702716 8.00306e-06 
0.0230023 0.00327204 0.00456659 3.26467e-05 0.00742808 0.00860206 0.0284035 0.00755939 0.000775615 0.00119135 0.0460425 0.000164577 0.00282356 6.39043e-05 0.000693425 6.04816e-09 7.60817e-07 0.000258163 0.0490244 1.16622e-09 0.0499424 0.00131537 0.000157798 0.060615 7.67254e-06 0.00114427 0.00582288 0.675168 0.0219157 6.54908e-06 
9.55493e-07 9.55346e-07 9.5499e-07 9.55381e-07 0.078052 0.114463 9.55567e-07 0.139113 0.0147095 0.00257919 9.55449e-07 9.54536e-07 0.0271302 9.54527e-07 0.0181491 9.53665e-07 9.54053e-07 9.54934e-07 0.0445225 9.53558e-07 0.326684 0.00563675 0.00630422 9.55458e-07 9.54804e-07 9.55087e-07 0.0355427 0.111613 0.075485 9.5415e-07 
0.0310306 0.00791687 0.00439795 2.4281e-05 0.0433667 0.000808199 0.0131937 0.0160723 0.000536887 0.00167899 4.49775e-05 0.000702146 3.90376e-06 2.88648e-06 1.1532e-08 2.77796e-09 6.74833e-07 0.000217668 0.00803559 5.35147e-10 0.837845 1.76555e-05 6.9544e-05 0.000369594 2.35842e-05 0.00372235 0.00733656 0.0218258 0.000750886 4.39087e-06 
0.0676212 0.0215606 0.00152082 0.000419127 0.0559603 0.002664 0.0222974 0.0091688 0.0016057 0.000930772 0.00992895 5.05293e-06 0.00251954 0.0133254 0.00146731 3.25396e-08 0.000164942 0.00222934 0.00585965 1.10828e-10 0.0510839 0.000130973 0.000628983 0.0131862 0.000983767 0.634585 0.0635252 0.00876869 0.00785355 5.17675e-06 
0.0208739 0.00894981 0.00386001 7.02751e-06 0.0247319 0.00746257 0.025197 0.00935066 0.0213066 7.04914e-05 0.013394 0.00198807 4.04121e-05 1.75492e-05 0.00102095 2.31689e-09 5.34409e-09 0.000266757 0.093671 1.75776e-12 0.247768 3.77917e-09 0.0004152 0.0457868 6.90009e-06 0.0029254 0.00915424 0.311572 0.150164 9.23458e-10 
0.00356737 0.0067986 0.00111507 2.23318e-06 0.0151105 0.00200129 0.0487034 0.0232901 0.0160422 0.00106737 0.0108263 0.000233668 0.000834543 1.64529e-05 0.000236839 7.67444e-08 1.03267e-06 6.5835e-05 0.121285 8.43136e-11 0.40127 0.000125057 0.0368823 0.014376 1.27103e-08 4.06539e-05 0.00640979 0.201129 0.0885688 3.06888e-07 
0.00733369 0.0588154 0.0500387 1.78416e-06 0.014536 0.00982099 0.137861 0.100941 0.00321925 0.0148016 0.043966 0.000474578 0.00358731 1.65199e-05 0.0264395 2.59019e-06 2.74821e-05 0.00203012 0.043084 1.05715e-07 0.0387079 0.0163511 0.0100224 0.126419 0.000393408 0.00108082 0.0179778 0.253594 0.018377 7.95633e-05 
0.0367989 0.00663083 0.00422764 0.00061628 0.0246269 0.0475001 0.0110153 0.029407 0.00916701 0.000273794 0.0989507 0.000563112 0.00953717 0.000552582 0.00319107 5.25744e-08 0.00051549 0.00337454 0.0625824 5.25685e-08 0.0685568 0.00122704 0.00508604 0.0671268 0.000189546 0.00596561 0.0331462 0.370895 0.0981813 9.47348e-05 
0.015467 0.00383059 0.00269918 2.33852e-05 0.0295705 0.00285945 0.00870476 0.00703315 0.00183454 0.00115919 0.00137623 0.00130638 0.000364321 1.21795e-06 0.000314836 1.5574e-07 1.72955e-05 0.000672061 0.00734951 6.37855e-09 0.833502 0.000149914 0.000138464 0.00249772 2.29798e-05 0.0445017 0.00316125 0.0212533 0.010183 5.95373e-06 
0.040346 0.0100837 0.00290497 1.53437e-05 0.00942361 0.000895176 0.00283241 0.00234675 0.00122978 2.14306e-05 0.00121047 1.2857e-05 0.000330335 0.00387107 0.000176584 1.01434e-07 5.096e-06 3.55952e-05 0.00746366 2.00707e-12 0.0484007 1.22983e-05 0.000228481 0.0225886 0.00150156 0.00378188 0.825046 0.00758409 0.00765141 3.63632e-07 
0.00159744 0.001491 0.00125933 7.02193e-09 0.00250979 0.00579821 0.00773491 0.0182677 0.000427762 3.46204e-05 0.00289452 2.85438e-06 0.0111301 0.0084209 0.00067256 3.35444e-09 1.51852e-05 1.28298e-05 0.00166489 1.74529e-10 0.0105344 0.000367512 0.00356722 0.0159171 6.60706e-05 6.27857e-05 0.509221 0.371087 0.0252419 3.8351e-08 
8.38681e-05 0.000431921 0.000302613 0.23527 0.108022 0.0349396 0.0179844 0.0146721 0.00598131 0.000117715 0.0254174 0.000975239 0.000377247 0.000102593 0.000222379 1.25283e-06 0.000554096 0.0638918 0.00708872 3.16101e-07 0.0353439 0.0390279 0.00805073 0.0348878 0.000522842 0.304118 0.0138182 0.0160284 0.0315329 0.000233199 
6.11595e-07 0.00221748 0.00225614 3.02835e-07 0.0399979 0.000476191 0.0160206 0.0106797 4.49644e-05 0.0007423 0.0825252 0.000612157 3.33145e-06 1.48715e-05 0.000412594 3.87286e-08 6.60815e-06 9.88976e-06 0.0642497 2.18602e-09 0.0853455 5.04763e-05 9.57882e-06 0.0388398 4.26327e-05 3.11543e-05 0.000439912 0.582917 0.0720533 1.72664e-07 
0.00711623 0.00145926 3.46242e-05 0.000168551 0.00307859 0.0110187 0.00441099 0.00919143 0.0118142 0.00185776 0.49311 5.20518e-06 0.000689103 0.0227636 0.000185085 4.78823e-09 5.11044e-06 0.00137864 0.0101346 3.13763e-10 0.00226336 0.000521203 0.0296343 0.231359 1.30217e-05 0.00181 0.133957 0.0214705 0.000538605 1.09731e-05 
0.0257631 0.00750991 0.0143663 4.89154e-05 0.0424349 0.0118006 0.047661 0.02623 0.000673726 0.00320542 2.99921e-05 0.000468169 0.00011015 2.46046e-05 0.000253026 2.42543e-05 4.68257e-05 0.000250981 0.00966842 2.92707e-06 0.750273 0.000509769 0.00163262 0.00286391 4.98944e-05 0.00483108 0.0185301 0.0265509 0.00417445 1.08525e-05 
0.0172784 0.00320717 0.00371643 0.0017215 0.0231651 0.00204989 0.00186004 0.0523027 0.012122 0.00045978 0.00711668 1.53205e-05 0.000512062 0.000117827 0.00164834 3.32995e-06 1.15786e-06 0.0569332 0.030095 3.65667e-10 0.0511235 0.0131229 0.00064005 0.136927 0.000521309 0.0202653 0.186539 0.000956052 0.00269974 0.372879 
0.0457833 0.00181007 0.00306677 1.46935e-08 0.00175376 0.0802466 0.0142141 0.0345551 0.00905642 0.0087874 0.0127306 0.000229028 0.00899218 1.68379e-07 0.0111709 5.28899e-08 0.095099 0.00102897 2.0991e-07 6.20045e-11 0.0698772 0.00033476 3.18595e-07 0.0820711 0.000126904 0.00180646 0.00223962 0.206454 0.308425 0.000139954 
0.00111466 0.00246269 0.0027349 3.50654e-06 0.0185734 0.00168708 0.00881939 0.0127084 0.0155294 0.00134509 2.03897e-05 0.000662054 2.52197e-06 3.77104e-09 1.97917e-08 4.76996e-09 1.86925e-09 0.000192786 0.0186982 9.21022e-10 0.8192 1.76704e-05 0.000289585 0.000370024 5.88624e-06 0.00455913 0.00760543 0.0800361 0.00336006 1.22933e-06 
0.0653708 0.0105776 0.0740886 2.10657e-06 0.0026214 0.00228765 0.105587 0.0072374 0.000963669 0.619521 0.000346563 0.00907335 0.000190675 8.84368e-07 0.0203149 1.67348e-07 9.1334e-07 4.5837e-06 0.00106754 1.00474e-08 0.0584599 0.000780154 2.35211e-05 0.0023632 2.3217e-05 2.29457e-05 0.000179486 0.0132584 0.00563289 2.02592e-07 
0.0203711 0.060865 2.34e-06 2.34096e-06 2.34086e-06 0.0334803 0.640614 0.0777272 0.00515093 0.0175508 2.34113e-06 2.33889e-06 2.34065e-06 2.33887e-06 0.0533642 2.33676e-06 2.33771e-06 2.33987e-06 0.0243488 2.3365e-06 2.34124e-06 0.00819434 0.0215315 2.34115e-06 2.33955e-06 2.34024e-06 0.00234341 2.34146e-06 0.0344185 2.33795e-06 
0.00025062 0.0125515 0.000127767 1.48611e-06 0.0144368 0.00685456 0.155452 0.0177461 0.000276131 0.000104976 0.00133501 0.0107013 0.000196297 7.63013e-06 0.00213892 4.70724e-06 1.87458e-06 0.000505477 0.000154531 9.7006e-07 0.000304438 0.705455 1.28348e-05 0.0202644 4.83377e-06 0.00115175 0.00046396 0.0474688 0.00196462 6.04259e-05 
0.040346 0.0100837 0.00290497 1.53437e-05 0.00942361 0.000895176 0.00283241 0.00234675 0.00122978 2.14306e-05 0.00121047 1.2857e-05 0.000330335 0.00387107 0.000176584 1.01434e-07 5.096e-06 3.55952e-05 0.00746366 2.00707e-12 0.0484007 1.22983e-05 0.000228481 0.0225886 0.00150156 0.00378188 0.825046 0.00758409 0.00765141 3.63632e-07 
0.040346 0.0100837 0.00290497 1.53437e-05 0.00942361 0.000895176 0.00283241 0.00234675 0.00122978 2.14306e-05 0.00121047 1.2857e-05 0.000330335 0.00387107 0.000176584 1.01434e-07 5.096e-06 3.55952e-05 0.00746366 2.00707e-12 0.0484007 1.22983e-05 0.000228481 0.0225886 0.00150156 0.00378188 0.825046 0.00758409 0.00765141 3.63632e-07 
0.00176749 0.0020796 0.00726557 1.9268e-05 0.000685552 0.528893 0.0595484 0.0162865 0.0023993 0.037862 0.070461 4.67889e-05 0.0885783 2.10561e-05 0.00553874 5.18314e-07 2.70354e-05 0.000329442 0.000857642 2.16162e-08 0.0128804 0.00237573 0.0203055 0.0141836 0.000290281 0.0133796 0.0367446 0.0516812 0.0254919 1.56752e-07 
0.000127709 0.000259254 0.000188444 0.000213566 0.00106656 0.0659686 0.000174524 0.00200906 0.0560627 0.000168295 0.250239 0.000336679 0.000370058 0.00789755 1.06487e-05 0.0118692 3.69303e-05 0.000519434 0.000258503 3.39375e-08 0.00102068 0.00177391 0.00307372 0.541328 2.57258e-05 0.000288913 0.0031382 0.0102602 0.00580353 0.0355102 
0.0600362 1.36394e-05 1.36343e-05 0.00410559 1.36392e-05 1.36407e-05 1.36425e-05 1.36407e-05 0.0763743 1.3633e-05 0.0423003 1.36278e-05 1.3638e-05 0.0599754 1.36367e-05 1.36154e-05 1.36209e-05 1.36335e-05 1.36401e-05 1.36138e-05 1.36415e-05 0.523696 0.0927312 1.3641e-05 1.36316e-05 1.36357e-05 0.0477553 1.36427e-05 0.0668567 0.025896 
0.00137684 0.0113901 0.0201926 3.81668e-06 0.0105424 0.0494958 0.0620077 0.00274545 0.0119517 1.49634e-05 0.00246527 0.00109294 0.00350227 4.56519e-05 0.0220603 2.03073e-05 1.01157e-05 0.000812166 0.00511973 1.37762e-07 0.112345 0.000139729 0.0646255 0.467508 0.0013101 0.000323044 0.0163019 0.081738 0.0508576 6.24271e-07 
0.00139714 0.0198449 0.00585951 2.26863e-07 0.00173058 0.00278681 0.0122133 0.134732 0.191877 0.000606919 0.00231089 2.29994e-05 0.0019241 0.011355 0.0123767 7.47431e-07 0.000102907 0.000215847 0.0679899 2.21046e-08 0.173358 2.24248e-05 0.0246103 0.00912739 9.6471e-06 0.000130095 0.0485798 0.0407011 0.236113 5.02283e-07 
0.00282334 0.00916946 0.00158494 1.04141e-06 0.0189376 0.00208407 0.0169708 0.259348 0.00102183 0.00396138 0.00180126 0.000326013 0.000185084 3.08554e-07 0.00157024 3.90516e-07 9.15814e-06 6.00721e-05 0.0137007 7.61371e-08 0.599728 4.32017e-05 0.000419403 0.00319974 3.5363e-06 0.00158534 0.00554493 0.0432182 0.0127012 7.3293e-07 
0.00245226 0.0105187 0.00483618 1.09458e-07 0.0445366 0.034219 0.00868183 0.0311429 1.09426e-07 1.09403e-07 0.0499932 0.00065628 0.00678562 0.000809374 0.00230915 1.09262e-07 0.00123526 0.00789929 0.041179 1.09249e-07 0.0447408 0.00281271 0.0228687 0.106599 1.09392e-07 0.0104501 0.0296864 0.481783 0.0532906 0.000513899 
0.262609 0.0100663 0.0788404 6.98385e-05 0.00134669 0.0159184 0.554008 0.00128442 9.3719e-05 0.00326782 4.4227e-05 0.00206869 8.5492e-05 4.10324e-06 0.00131714 2.28858e-05 0.00154507 0.00313167 0.0113726 2.13219e-06 0.0289508 0.000943065 0.000510354 0.00291577 3.30027e-05 3.69654e-05 0.00103485 0.0137642 0.00471047 2.45518e-06 
1.13804e-06 1.13786e-06 0.00216227 1.1379e-06 0.180805 0.0416511 1.13812e-06 0.0512099 0.0131969 1.13733e-06 1.13798e-06 1.1369e-06 1.13775e-06 1.13689e-06 1.13764e-06 1.13586e-06 0.00261467 0.00170719 0.00478041 1.13573e-06 0.255832 1.13771e-06 1.13749e-06 1.13799e-06 1.13722e-06 0.00932901 0.0481366 0.29478 0.0937753 1.13644e-06 
0.00176806 0.000753739 0.000199305 0.0284581 0.00700744 0.034041 0.059744 0.0101829 3.16463e-05 0.0217883 0.033248 0.000105646 0.00694595 3.97054e-06 2.0406e-05 7.88126e-06 1.80799e-05 0.113945 0.0342889 1.6199e-07 5.31368e-05 0.592902 0.00431821 0.0301443 0.00158821 0.000100385 0.00255681 0.0150513 0.000668389 5.91676e-05 
0.02559 0.0920477 0.116364 4.74686e-05 0.00830998 0.00696134 0.303743 0.00688567 0.00200763 0.0110978 0.000657135 0.0332983 0.000128398 4.46677e-06 0.110267 3.88727e-07 2.96517e-06 0.00279211 0.0338274 1.62374e-08 0.115484 0.000164667 0.0011303 0.00138169 0.011535 0.0195402 0.00836534 0.0758215 0.0125326 1.22775e-05 
0.0310306 0.00791687 0.00439795 2.4281e-05 0.0433667 0.000808199 0.0131937 0.0160723 0.000536887 0.00167899 4.49775e-05 0.000702146 3.90376e-06 2.88648e-06 1.1532e-08 2.77796e-09 6.74833e-07 0.000217668 0.00803559 5.35147e-10 0.837845 1.76555e-05 6.9544e-05 0.000369594 2.35842e-05 0.00372235 0.00733656 0.0218258 0.000750886 4.39087e-06 
0.0186876 0.000708058 0.000622288 1.38705e-05 0.0103158 0.0182844 0.00416911 0.0055562 0.0108174 4.50126e-07 0.00102161 5.92831e-06 0.00714991 0.00301356 0.0132605 9.08916e-07 8.12055e-07 4.09491e-08 0.0112822 3.04344e-10 0.0721557 1.91634e-05 0.000726981 0.0422533 1.22905e-05 0.000138366 0.540292 0.0936349 0.145829 2.7424e-05 
0.00140058 0.00254714 0.000641965 0.0150082 0.014179 0.189676 0.013188 0.0270454 0.012502 0.000495843 0.12046 0.0122668 0.0128097 0.000169277 0.00139735 0.000455337 0.000316674 0.117659 0.140642 0.000155917 0.0160203 0.138383 0.00134419 0.0468626 0.00736115 0.00337853 0.0109194 0.0667515 0.0196556 0.00630685 
0.009306 0.0147311 0.00182602 0.00163344 0.00349213 0.00688224 0.0138976 0.319876 0.0052357 0.00472008 0.0871297 0.00296163 0.0118652 0.00584157 0.000941282 0.000356614 1.63924e-05 0.00555381 0.0186729 4.80577e-06 0.0711861 0.0104739 0.00573637 0.0158008 0.0012372 0.00601866 0.0800974 0.259849 0.0346414 1.52749e-05 
0.015337 0.0339087 0.0145553 6.84911e-08 0.0377095 0.00764417 0.199752 0.0216515 6.84708e-08 0.0221116 0.0109183 0.00574139 0.00386931 0.00140972 0.0577387 6.83681e-08 4.11058e-05 0.00381323 0.0262189 6.83604e-08 0.0231733 0.00609475 0.018534 0.027933 0.000362853 6.847e-08 0.00886321 0.395722 0.0568954 6.84029e-08 
0.000136476 0.000136455 0.000136404 0.00013646 0.000136454 0.000136469 0.000136487 0.000136469 0.00013642 0.000136392 0.00013647 0.00013634 0.000136442 0.000136338 0.000136429 0.000136215 0.000136271 0.000136397 0.000136463 0.0001362 0.000136476 0.586817 0.000136411 0.273079 0.000136378 0.000136418 0.000136467 0.000136489 0.000136476 0.136421 
0.040346 0.0100837 0.00290497 1.53437e-05 0.00942361 0.000895176 0.00283241 0.00234675 0.00122978 2.14306e-05 0.00121047 1.2857e-05 0.000330335 0.00387107 0.000176584 1.01434e-07 5.096e-06 3.55952e-05 0.00746366 2.00707e-12 0.0484007 1.22983e-05 0.000228481 0.0225886 0.00150156 0.00378188 0.825046 0.00758409 0.00765141 3.63632e-07 
0.0310306 0.00791687 0.00439795 2.4281e-05 0.0433667 0.000808199 0.0131937 0.0160723 0.000536887 0.00167899 4.49775e-05 0.000702146 3.90376e-06 2.88648e-06 1.1532e-08 2.77796e-09 6.74833e-07 0.000217668 0.00803559 5.35147e-10 0.837845 1.76555e-05 6.9544e-05 0.000369594 2.35842e-05 0.00372235 0.00733656 0.0218258 0.000750886 4.39087e-06 
0.000144842 1.21842e-06 2.49219e-08 0.291466 2.22803e-07 0.000173105 0.0041226 0.0639554 5.1248e-07 0.00068778 0.02228 0.000512476 0.00321998 3.75898e-07 0.000786261 6.66531e-09 2.19845e-07 0.00172493 0.000280807 3.52779e-09 0.0238585 0.15056 6.03763e-08 0.336314 2.71292e-05 7.90371e-05 0.00399204 0.08326 0.00898129 0.0035718 
0.040346 0.0100837 0.00290497 1.53437e-05 0.00942361 0.000895176 0.00283241 0.00234675 0.00122978 2.14306e-05 0.00121047 1.2857e-05 0.000330335 0.00387107 0.000176584 1.01434e-07 5.096e-06 3.55952e-05 0.00746366 2.00707e-12 0.0484007 1.22983e-05 0.000228481 0.0225886 0.00150156 0.00378188 0.825046 0.00758409 0.00765141 3.63632e-07 
0.033349 0.0333439 0.0333315 0.0333451 0.0333436 0.0333473 0.0333516 0.0333472 0.0333353 0.0333285 0.0333475 0.0333156 0.0333407 0.0333153 0.0333375 0.0332853 0.0332988 0.0333295 0.0333457 0.0332815 0.0333491 0.0333395 0.0333332 0.0333478 0.033325 0.0333349 0.0333466 0.0333522 0.0333491 0.0333022 
0.915255 0.00247844 0.000113959 8.85278e-06 0.00297367 0.00110577 0.00311817 0.00193658 0.000230645 0.000110025 0.00611705 6.57925e-05 0.00499862 0.00022159 0.000139396 3.41804e-07 7.90611e-05 5.22936e-05 0.000229198 1.84715e-12 0.00197231 4.17798e-07 0.000351102 0.00437433 0.00573288 0.00175868 0.0232595 0.0114477 0.0118682 2.48776e-07 
0.0130325 0.00513869 0.00418194 2.96271e-09 0.144893 0.00201378 0.0328371 0.059372 0.00380146 0.00304804 0.000509801 3.33027e-05 8.23229e-05 2.20108e-06 0.00213182 2.39695e-08 0.000180747 2.33178e-05 0.0953261 1.81507e-09 0.202165 3.4399e-05 0.000621193 0.00360198 1.98604e-05 0.000177044 0.00710389 0.218028 0.20164 1.89293e-07 
0.000964587 0.000561695 0.00030688 0.000395306 0.00484356 0.0983289 0.00255011 0.00588402 0.45732 0.00358444 0.114279 4.39989e-06 0.00348309 0.00752494 0.000173356 0.00218183 0.00137526 0.00550428 0.0205776 4.84507e-08 0.00157261 0.00724237 0.0126911 0.169772 0.000629419 0.00504349 0.0226057 0.0356344 0.0149046 6.06471e-05 
1.13804e-06 1.13786e-06 0.00216227 1.1379e-06 0.180805 0.0416511 1.13812e-06 0.0512099 0.0131969 1.13733e-06 1.13798e-06 1.1369e-06 1.13775e-06 1.13689e-06 1.13764e-06 1.13586e-06 0.00261467 0.00170719 0.00478041 1.13573e-06 0.255832 1.13771e-06 1.13749e-06 1.13799e-06 1.13722e-06 0.00932901 0.0481366 0.29478 0.0937753 1.13644e-06 
0.00492679 0.0229643 0.0018242 0.0434624 0.0599486 0.168945 0.00839657 0.077114 0.0213378 0.000461199 0.0143383 0.000637405 0.000283725 0.000955334 0.00641759 2.30794e-05 0.00131729 0.0976374 0.0296501 1.44502e-06 0.242251 0.0040142 0.00314537 0.027224 0.000416737 0.102243 0.0162002 0.0248839 0.018944 3.53464e-05 
0.00010615 0.00169818 0.000619356 2.6667e-06 0.00798324 0.021484 0.028072 0.00149441 0.000205254 0.000717132 0.183403 0.00137061 0.0435386 4.37865e-06 0.00352613 7.02724e-08 8.99879e-05 0.000112343 0.00148666 1.18148e-11 0.0114082 0.000499341 0.00184844 0.00584452 0.000199666 0.000446302 0.00693638 0.653783 0.0231194 1.78363e-07 
1.51728e-05 1.51705e-05 1.51648e-05 1.51711e-05 1.51704e-05 1.51721e-05 0.10775 1.5172e-05 0.104665 0.0455056 0.0288422 1.51576e-05 0.0273194 1.51575e-05 1.51676e-05 1.51438e-05 1.515e-05 0.0212447 1.51713e-05 1.51421e-05 1.51728e-05 0.00608257 0.00153173 1.51723e-05 0.00456373 0.585436 0.0667707 1.51743e-05 1.51728e-05 1.51515e-05 
0.00731395 0.00497124 0.00164117 1.69126e-05 0.00816976 0.0113977 0.00113306 0.00486677 0.00306955 0.00024848 0.00178076 0.000171995 0.000154406 0.000220128 0.000142765 5.49612e-07 3.353e-05 0.000107139 0.00610128 1.82373e-11 0.0606349 0.00023784 0.00245842 0.00623673 5.76527e-05 0.799452 0.0548348 0.0201285 0.00441836 6.94886e-08 
0.000865499 0.00439486 0.000394819 0.000253997 0.0009995 0.0167833 0.000209735 0.162635 0.245512 3.60472e-06 0.0370593 1.60513e-05 0.0189203 8.87875e-06 1.49389e-06 0.00014507 3.194e-05 0.00101483 0.000323026 3.65931e-09 4.08651e-09 0.0976193 0.00149403 0.269655 1.1473e-06 0.002703 0.0205048 0.00645113 0.000837867 0.11116 
0.0107336 0.00474548 0.00109148 0.00242709 0.0301917 0.0230082 0.0100366 0.0485499 0.00302188 0.0013894 0.190232 0.0256239 0.00546147 0.000639257 0.00180116 0.000199268 0.000665489 0.00825262 0.00955603 4.88401e-05 0.461789 0.00592315 0.00143588 0.0305608 0.000461936 0.0125494 0.0097487 0.0624756 0.0373251 5.52635e-05 
0.0707558 0.0351326 0.0174334 0.00209884 0.00847224 0.0218851 0.289572 0.0687882 0.0103937 0.0144028 0.0321503 0.0115837 0.00352633 0.000853771 0.00840571 4.90926e-07 0.0064382 0.00383484 0.0340355 8.68426e-08 0.121841 0.00557042 0.000166009 0.0745975 0.000860659 0.0136577 0.0181124 0.112144 0.0132858 6.28338e-07 
1.19285e-06 1.37764e-05 5.39857e-06 0.0133896 0.00371109 0.59935 3.47968e-05 0.00496561 0.020644 1.43075e-05 0.0313888 1.58234e-05 0.0143005 6.27159e-05 0.000360899 9.38009e-06 1.18808e-05 0.106848 0.00103079 2.82437e-08 0.00127039 0.0012659 0.00095605 0.0161685 7.27099e-06 0.00860351 0.00205835 0.00268685 0.00582327 0.165001 
6.18262e-08 0.00160382 5.17417e-05 0.000998141 0.00981528 0.0178171 0.00342782 0.130194 0.00033809 0.00277578 0.0125823 2.04417e-05 0.000343385 0.000357288 0.000401924 1.79172e-07 3.14522e-07 0.0841321 0.00124423 1.00597e-09 0.0298284 0.254806 0.000124631 0.385059 0.000512967 0.00548695 0.00448433 0.0528015 0.000777761 1.42537e-05 
0.00230573 0.0224998 0.00140159 3.52011e-05 0.060837 0.0169355 0.116438 0.278563 0.00113395 0.00364341 0.00211372 0.0017385 0.00416601 0.000223327 0.00632329 0.00313291 0.000108331 0.00112994 0.0202508 1.94649e-05 0.0182581 0.0741089 0.000337757 0.0362936 0.000500805 0.000174326 0.00259915 0.247945 0.0767254 5.77795e-05 
0.00182156 0.00436702 0.000488928 5.21274e-07 0.00368614 0.00234217 0.0168887 0.0134225 0.01058 0.000890779 0.0130391 1.55561e-05 0.000891002 4.85202e-06 0.00255347 9.83434e-09 1.01967e-07 1.37567e-05 0.0240056 5.63336e-12 0.00492819 1.11088e-05 0.00165723 0.0116637 4.80672e-07 1.17228e-10 0.00837628 0.687204 0.191148 3.61467e-10 
0.0321711 0.00359596 0.00255097 1.18227e-06 0.00546881 0.0184794 0.0317232 0.0232612 3.2385e-05 0.000850332 4.61201e-06 0.00254183 0.000595229 6.49329e-05 0.00227037 0.00084398 8.57121e-08 0.000262385 0.0555003 3.42439e-09 0.357003 0.000699998 8.49552e-05 0.0142408 6.51004e-05 0.00162071 0.000391327 0.41972 0.0259558 8.91676e-08 
0.701422 0.00137388 0.000468626 5.02536e-05 0.0024924 0.00467931 0.00217693 0.00758978 0.000429984 0.00128413 0.149011 3.40227e-05 0.00718114 0.00259904 0.000196505 1.7341e-10 0.00021854 0.000259363 0.000345937 1.43241e-12 0.0031299 7.72686e-05 0.00237446 0.0100341 1.44349e-05 0.00132635 0.0166823 0.0593319 0.0252138 2.11368e-06 
0.00418472 0.000227009 2.37789e-10 1.95776e-07 0.00703046 0.043862 0.000127053 0.0439524 0.00254164 0.000804067 0.00368411 6.32756e-07 0.0482283 0.00136972 5.62189e-05 0.000316722 3.57939e-07 1.68407e-06 0.00805138 3.27577e-11 0.0051025 0.00106919 0.0108035 0.00536162 0.00950612 4.40609e-05 0.0124162 0.285136 0.506122 6.75575e-09 
0.0755429 0.133141 0.00723141 0.00211685 0.0298431 0.00567308 0.061025 0.148711 0.00733722 0.00353905 0.00964698 3.42115e-05 0.00183616 0.000252674 0.00323635 0.00211592 0.00030017 0.000168152 0.0979573 7.77532e-06 0.228767 0.00240926 0.0147049 0.0277986 0.000291702 0.0140066 0.0751017 0.01539 0.031804 9.86132e-06 
0.0120276 0.227728 0.0183578 2.51871e-05 0.00786168 0.0127564 0.474094 0.00464942 0.0024864 0.00432929 0.0254637 0.00788505 0.000634663 0.0286523 0.0127338 1.30247e-08 0.00410132 0.00513049 0.00130995 1.07897e-08 0.0289448 0.000122708 4.96437e-05 0.0580721 0.0181032 0.00837123 0.0133656 0.0149171 0.00772899 9.7019e-05 
0.040346 0.0100837 0.00290497 1.53437e-05 0.00942361 0.000895176 0.00283241 0.00234675 0.00122978 2.14306e-05 0.00121047 1.2857e-05 0.000330335 0.00387107 0.000176584 1.01434e-07 5.096e-06 3.55952e-05 0.00746366 2.00707e-12 0.0484007 1.22983e-05 0.000228481 0.0225886 0.00150156 0.00378188 0.825046 0.00758409 0.00765141 3.63632e-07 
0.003151 0.0132234 0.000918467 6.87252e-06 0.00412259 0.00124767 0.0053724 0.0158749 0.00403921 0.00550648 7.54782e-05 0.000632878 2.55641e-06 3.18316e-06 4.02475e-05 2.84141e-08 1.11624e-08 0.00075929 0.0208279 5.54269e-09 0.807439 0.000568502 9.26016e-05 0.000628323 2.93927e-08 0.000740646 0.000153255 0.1069 0.00767246 6.88726e-08 
0.131601 0.0654319 0.00377313 1.28198e-05 0.00467816 0.00174086 0.270117 0.00422555 0.0071267 0.00478116 0.00023831 0.00196655 9.04493e-05 1.16483e-06 0.000377239 2.7748e-06 1.98919e-05 0.00204775 0.00671992 1.03542e-06 0.0259635 2.53004e-05 1.10193e-05 0.00623799 0.439886 0.0103034 0.00296513 0.00739347 0.00225677 4.24472e-06 
0.628395 0.112661 0.00519084 6.60953e-06 0.0138277 0.000625012 0.0542749 0.00331971 0.00146253 0.00212116 0.000244685 0.0171005 2.60282e-05 1.8949e-06 2.724e-05 2.84014e-07 7.11573e-06 5.83228e-05 0.0111645 3.5055e-09 0.121555 2.86466e-05 6.70548e-05 0.00622016 1.45852e-05 0.00372398 0.00728964 0.00987059 0.000714544 9.45101e-08 
0.0743664 0.0118354 0.00158073 3.44518e-05 0.0167919 0.000778754 0.0132172 0.0392258 0.00321379 0.0020033 0.000756649 0.00221814 0.000433493 2.15162e-05 0.000136945 2.70179e-09 6.75355e-07 0.000240309 0.0493076 5.21342e-10 0.525464 0.00161875 2.78547e-08 0.119381 3.27938e-05 0.00804496 0.00580733 0.119384 0.00410209 2.62017e-06 
0.00383193 0.00592582 1.32043e-06 0.000483548 0.000927551 0.00234981 0.0445016 0.0509434 0.000163504 0.0119342 0.0036133 0.000532821 0.020059 2.39684e-07 0.00784023 7.89031e-06 6.23318e-06 0.00517616 0.0317392 4.06186e-09 0.0231927 0.472542 0.000377698 0.263389 3.82636e-05 0.000186699 0.0038135 0.0344389 0.00789561 0.00408712 
0.0459796 0.00876192 0.00452189 0.183532 0.0164464 0.0697977 0.00739191 0.0269735 0.00251328 0.00113893 0.135232 7.60348e-05 0.000872851 0.00196254 0.00245445 2.81443e-05 0.010074 0.13866 0.00280026 6.15039e-07 0.0118514 0.0215035 0.0013258 0.187057 0.000772492 0.00717496 0.00276213 0.0760426 0.0322843 7.9426e-06 
0.0015193 0.0425991 0.0323231 2.20011e-06 0.0178676 1.68111e-05 0.0143634 0.00178129 1.84143e-06 3.19538e-05 2.46341e-06 0.787316 0.000648493 0.00104932 0.00111508 1.48209e-07 2.91014e-08 5.66427e-06 3.93584e-05 3.91865e-10 0.00913846 3.54963e-05 0.00194675 0.00539628 0.000195508 2.80861e-06 0.0531542 0.0265125 0.00293509 5.44672e-08 
0.000611469 0.0228972 1.76617e-06 0.08793 0.0392573 0.00634059 0.0394322 0.00813382 0.000108922 0.0571068 0.011656 0.00237263 0.00170226 2.80768e-07 5.33164e-06 2.98731e-07 4.60047e-07 0.601221 0.00238754 2.46745e-10 0.00111689 0.00811244 0.00569439 0.0143841 0.000105287 1.49924e-05 0.000383327 0.0872632 0.00175909 1.10704e-07 
0.00490254 0.00255093 0.00359087 0.0464004 0.0101326 0.210665 1.38754e-07 0.0283832 0.0015364 6.78214e-05 0.217525 3.59243e-07 0.00255251 0.000513079 0.00397927 3.61556e-06 4.66677e-05 0.0111453 0.00351628 1.46658e-10 0.00669753 0.103314 0.162419 0.0108514 7.32771e-05 0.00497366 0.00393878 0.147563 0.0126505 6.59871e-06 
5.25268e-06 0.0126097 5.24991e-06 0.012085 5.25182e-06 0.110832 0.0325743 0.101902 0.00945617 5.24944e-06 5.25244e-06 5.24742e-06 0.0252119 5.24737e-06 0.0435876 5.24263e-06 5.24476e-06 0.00053021 5.25215e-06 5.24205e-06 5.25268e-06 5.25117e-06 0.490898 5.25249e-06 0.00997815 5.25045e-06 5.2523e-06 0.092461 0.0577848 5.2453e-06 
0.040346 0.0100837 0.00290497 1.53437e-05 0.00942361 0.000895176 0.00283241 0.00234675 0.00122978 2.14306e-05 0.00121047 1.2857e-05 0.000330335 0.00387107 0.000176584 1.01434e-07 5.096e-06 3.55952e-05 0.00746366 2.00707e-12 0.0484007 1.22983e-05 0.000228481 0.0225886 0.00150156 0.00378188 0.825046 0.00758409 0.00765141 3.63632e-07 
0.193018 0.0157696 0.00837981 5.40439e-10 0.00190536 0.000520979 0.0991952 0.0113163 1.81923e-09 0.00509896 2.75666e-05 0.000813742 3.70686e-05 2.65933e-05 0.00146004 1.69834e-09 4.66054e-07 2.74175e-05 0.104458 3.26495e-10 0.2654 0.000490065 1.01895e-09 0.0116732 1.14426e-05 0.000112989 0.000221451 0.273588 0.00644756 5.00212e-07 
0.0310306 0.00791687 0.00439795 2.4281e-05 0.0433667 0.000808199 0.0131937 0.0160723 0.000536887 0.00167899 4.49775e-05 0.000702146 3.90376e-06 2.88648e-06 1.1532e-08 2.77796e-09 6.74833e-07 0.000217668 0.00803559 5.35147e-10 0.837845 1.76555e-05 6.9544e-05 0.000369594 2.35842e-05 0.00372235 0.00733656 0.0218258 0.000750886 4.39087e-06 
0.0350888 0.0676377 2.50324e-05 2.50426e-05 2.50415e-05 2.50443e-05 0.373232 0.290538 2.50352e-05 2.50301e-05 0.0300784 2.50205e-05 2.50393e-05 2.50202e-05 0.0951654 2.49977e-05 0.00752734 2.50309e-05 2.5043e-05 2.49949e-05 2.50456e-05 0.0501019 2.50336e-05 2.50447e-05 0.0200471 2.50349e-05 2.50438e-05 0.0300826 2.50456e-05 2.50104e-05 
0.00561928 0.0027059 0.00124055 0.00103424 0.0435155 0.0054811 1.72379e-07 0.0211655 0.0629393 0.00108541 0.00837676 1.72193e-07 0.0104085 0.00642291 0.00413552 1.72036e-07 0.000619751 0.000913174 1.72348e-07 1.72017e-07 0.0569324 0.00222306 0.0116638 0.423195 0.00113697 1.72292e-07 0.267061 0.0212204 0.0409025 1.72123e-07 
0.00785366 0.00117833 0.00154563 0.0933381 0.0129401 0.24702 0.0131647 0.0141509 0.0514959 0.00152287 0.0912305 1.89489e-05 0.0151203 0.0786421 0.0016598 9.87048e-06 0.000279505 0.0862571 0.0222748 5.12907e-06 0.00297302 0.00208264 0.000483775 0.0533792 0.00222696 0.0413654 0.010771 0.0947253 0.037166 0.0151184 
0.040346 0.0100837 0.00290497 1.53437e-05 0.00942361 0.000895176 0.00283241 0.00234675 0.00122978 2.14306e-05 0.00121047 1.2857e-05 0.000330335 0.00387107 0.000176584 1.01434e-07 5.096e-06 3.55952e-05 0.00746366 2.00707e-12 0.0484007 1.22983e-05 0.000228481 0.0225886 0.00150156 0.00378188 0.825046 0.00758409 0.00765141 3.63632e-07 
0.00391625 0.00422124 0.000931203 5.18728e-06 0.00278415 0.0126099 0.00914644 0.132968 0.0147703 0.00168437 0.00467394 6.04476e-06 0.000646851 1.84757e-09 8.04232e-05 1.07967e-08 1.09374e-05 5.51964e-05 0.0392059 2.05397e-12 0.0825876 1.12264e-08 0.00165813 0.0161349 3.90223e-06 0.000228604 0.034759 0.468801 0.16811 5.48819e-07 
0.0230023 0.00327204 0.00456659 3.26467e-05 0.00742808 0.00860206 0.0284035 0.00755939 0.000775615 0.00119135 0.0460425 0.000164577 0.00282356 6.39043e-05 0.000693425 6.04816e-09 7.60817e-07 0.000258163 0.0490244 1.16622e-09 0.0499424 0.00131537 0.000157798 0.060615 7.67254e-06 0.00114427 0.00582288 0.675168 0.0219157 6.54908e-06 
0.00182174 0.00378314 0.00115633 2.15122e-05 0.223852 0.00721792 0.0200474 0.0465228 0.000724571 0.0017333 0.0117184 0.000483923 0.000323572 1.10279e-05 0.000247757 3.7576e-07 0.00173881 9.0136e-05 0.0189721 1.48881e-10 0.185085 0.00128893 0.000259721 0.0195124 6.61195e-05 0.00293934 0.01357 0.353525 0.08327 1.70889e-05 
0.000578202 0.000578113 0.000577897 0.000578134 0.000578107 0.000578172 0.000578246 0.00057817 0.000577963 0.000577845 0.000578175 0.000577622 0.000578057 0.000577617 0.000578002 0.000577096 0.00057733 0.000577863 0.000578144 0.000577031 0.000578202 0.98324 0.000577926 0.000578181 0.000577785 0.000577956 0.00057816 0.000578256 0.000578202 0.000577389 
0.000765368 0.00688816 0.00086619 3.60192e-07 0.00266158 0.0278324 0.015207 0.00661893 0.00204894 0.000334099 0.0054395 0.00025066 0.00333022 3.53212e-05 0.00371832 0.14383 0.0164731 8.93579e-06 0.0104477 4.21252e-09 0.02004 4.83917e-05 0.0501981 0.000835007 1.28093e-05 0.000159582 0.636379 0.0358621 0.00970765 6.21219e-09 
2.55895e-05 0.00995103 0.000233904 2.56154e-06 0.000389384 0.056687 0.00314843 0.0112285 0.042689 0.000628108 0.0067915 1.37824e-05 0.0038547 0.099817 0.000591211 0.000638965 0.000405373 0.00244797 0.00198498 4.82106e-08 0.00810128 0.00566023 0.0299357 0.0145831 1.68212e-07 0.018505 0.617775 0.0543014 0.00930717 0.000302081 
0.035118 0.0179536 0.189552 0.000248652 0.00520286 0.0550248 0.0487017 0.0264865 0.00663608 0.252814 0.00171544 0.00346341 0.0241489 0.00229158 0.0129843 0.0751037 0.000280828 0.000154958 0.0172475 5.71362e-08 0.0110097 0.0783156 0.00304567 0.0141265 9.01766e-05 0.00163232 0.052193 0.0605228 0.00229114 0.00164459 
0.914441 0.00497555 5.25636e-05 3.47626e-07 0.00147111 0.000290484 0.00283019 0.0026232 6.06276e-08 2.82925e-05 0.0071361 0.000113655 0.00149069 0.000148222 0.000242277 2.1505e-09 0.000142844 4.71377e-05 6.30356e-08 1.03715e-12 0.00397457 3.58107e-10 7.78395e-05 0.00255607 7.21513e-06 0.00192265 0.0486399 0.0034427 0.00334468 6.7593e-07 
0.00434184 0.00629051 0.0027329 9.72253e-06 0.0114805 0.00366961 0.000444848 0.00463746 0.0036361 0.000215716 0.000323426 7.90567e-05 5.61373e-05 9.99251e-05 5.60691e-05 6.9134e-09 1.20151e-05 6.05757e-05 0.00167567 9.16655e-12 0.0626524 2.28108e-08 0.00188321 0.00249225 4.43827e-05 0.834417 0.0545958 0.00247716 0.00161609 5.7844e-09 
6.72511e-06 6.72408e-06 0.0194993 0.0195073 6.72402e-06 6.72477e-06 0.141918 0.100878 6.72234e-06 0.178112 0.0995339 0.0181464 6.72343e-06 0.0194898 6.72279e-06 6.71225e-06 0.000678213 6.72118e-06 0.0302668 6.7115e-06 0.0322873 0.162036 6.72191e-06 0.150644 6.72027e-06 0.0268957 6.72463e-06 6.72575e-06 6.72512e-06 6.71567e-06 
0.174536 2.64368e-05 0.15066 2.64378e-05 2.64365e-05 0.119004 0.200992 2.64394e-05 2.64299e-05 0.248416 2.64396e-05 2.64144e-05 2.64342e-05 2.64141e-05 0.0555332 2.63903e-05 2.6401e-05 2.64254e-05 2.64382e-05 2.63873e-05 2.64409e-05 0.0502498 2.64283e-05 2.64399e-05 2.64218e-05 2.64296e-05 2.6439e-05 2.64433e-05 2.64409e-05 2.64037e-05 
0.000491915 0.000506378 0.00118744 0.000255282 0.0161079 0.0061474 0.00772291 0.000171471 7.19999e-07 0.000294645 0.101303 3.05932e-06 0.028247 1.56533e-07 2.39659e-05 1.88515e-09 8.18674e-06 7.06631e-05 0.00306954 1.49176e-11 0.00218827 0.00201337 0.000282406 0.00388652 0.811284 0.00915625 0.00433813 9.54976e-07 0.00123153 6.79779e-06 
0.040346 0.0100837 0.00290497 1.53437e-05 0.00942361 0.000895176 0.00283241 0.00234675 0.00122978 2.14306e-05 0.00121047 1.2857e-05 0.000330335 0.00387107 0.000176584 1.01434e-07 5.096e-06 3.55952e-05 0.00746366 2.00707e-12 0.0484007 1.22983e-05 0.000228481 0.0225886 0.00150156 0.00378188 0.825046 0.00758409 0.00765141 3.63632e-07 
0.00224137 0.00187971 0.000390166 0.00138067 0.00950334 0.0136618 0.00259323 0.00633393 0.0294829 0.00168112 0.239305 0.000216809 0.00352382 0.000645007 0.000185148 0.000705322 6.51534e-05 0.000855812 0.0106243 3.12197e-05 0.00192386 0.0263445 0.00298608 0.130125 0.000592522 0.000872396 0.00915601 0.010841 0.0213024 0.47055 
0.000192048 0.000180852 0.000199586 0.178935 0.0812765 0.0632819 0.000752884 0.00533848 0.0922306 0.000551038 0.107082 0.00027477 0.00134114 0.00174354 7.7412e-06 0.0176863 0.000544266 0.0432899 0.00369428 8.20549e-07 0.00579326 0.00224766 0.00971834 0.319162 0.00012702 0.00668025 0.0190891 0.0163528 0.0056923 0.0165335 
1.3054e-05 1.3052e-05 0.0208885 0.0261179 1.30519e-05 0.0104557 0.114897 0.14882 1.30486e-05 1.30459e-05 1.30534e-05 0.0117498 1.30507e-05 1.30408e-05 1.30495e-05 1.3029e-05 1.30343e-05 0.443589 0.0417817 1.30276e-05 1.3054e-05 0.0717895 1.30478e-05 1.30535e-05 1.30446e-05 0.049597 0.00392896 0.0561504 1.3054e-05 1.30356e-05 
2.36549e-06 0.0279109 0.013715 0.0141937 0.025782 0.0468367 2.36567e-06 0.15588 2.36451e-06 0.0269523 2.36538e-06 2.36312e-06 0.0248338 2.3631e-06 0.0163186 2.36097e-06 2.36193e-06 0.037828 0.0338256 2.3607e-06 2.36549e-06 0.231754 0.0250647 0.0428161 0.0340409 0.0437452 0.0425783 0.0802001 0.0756983 2.36217e-06 
0.815447 0.0368102 0.00139757 6.6748e-06 0.0135618 0.000738993 0.00854999 0.00410986 0.0006233 0.00346204 5.4657e-05 2.49768e-05 0.000116167 1.93056e-06 2.09313e-05 4.01216e-09 4.53728e-07 3.81723e-05 0.0154099 7.7498e-10 0.0846337 0.00028328 2.17943e-05 0.00129042 3.16467e-06 0.00334554 0.00425585 0.00537955 0.000411583 9.41228e-08 
0.000120787 0.00086878 1.85777e-07 2.07213e-06 0.00112858 0.0170443 0.00147558 0.00320452 8.91626e-05 0.000107683 0.591948 3.59938e-08 0.0293284 1.52603e-06 0.00206107 3.03267e-10 0.00277658 0.000110913 0.0093627 1.14892e-11 0.0285476 2.9452e-05 0.000323993 0.0399427 0.000131573 0.000380274 0.000992162 0.248503 0.0215179 2.4639e-09 
0.0483029 0.00800774 0.00444428 7.75758e-10 0.0050423 0.000487288 0.0544693 0.0195389 0.00022199 0.00230963 0.000246084 0.0326866 0.000156624 9.70662e-06 0.00479194 2.43805e-09 3.31602e-07 1.72673e-05 0.0825958 4.69085e-10 0.150683 0.000229267 2.21121e-05 0.0147861 6.39684e-06 2.30456e-05 0.00224248 0.541809 0.0268694 8.40472e-08 
5.4736e-06 5.47276e-06 0.157015 5.47296e-06 5.47271e-06 0.144501 0.123171 0.294469 0.00875964 0.0372028 0.0251829 5.46811e-06 0.0733333 5.46807e-06 0.0470622 0.0125707 5.46535e-06 5.4704e-06 5.47305e-06 5.46252e-06 5.4736e-06 5.47203e-06 5.47099e-06 5.4734e-06 0.0186023 5.47127e-06 5.4732e-06 0.0580311 5.4736e-06 5.46591e-06 
