0.0161743 0.00663594 0.000857618 0.326099 0.0379565 0.0322724 0.0260786 0.0859995 0.00397432 0.00147791 0.00558519 0.000312871 0.00337421 0.000265635 0.00116199 2.47431e-07 0.000251978 0.0301678 0.0448855 1.03157e-07 0.204249 0.00152682 0.00124919 0.0484997 0.000487454 0.0245458 0.0117992 0.0625121 0.0215899 1.00382e-05 
4.02528e-06 4.02466e-06 4.02316e-06 4.02481e-06 0.00523603 0.0410598 4.02559e-06 0.0712478 4.02362e-06 4.0228e-06 4.02509e-06 4.02125e-06 0.0563441 4.02121e-06 4.02389e-06 4.01758e-06 4.01921e-06 4.02292e-06 0.0342155 4.01713e-06 0.149744 4.02413e-06 4.02336e-06 4.02513e-06 4.02238e-06 4.02357e-06 0.0805038 0.31803 0.243534 4.01962e-06 
4.25016e-05 4.2495e-05 4.24792e-05 4.24966e-05 0.25501 4.24994e-05 4.25048e-05 4.24993e-05 4.2484e-05 4.24754e-05 4.24996e-05 4.2459e-05 4.24909e-05 0.00853417 4.24869e-05 4.24203e-05 4.24375e-05 4.24767e-05 4.24973e-05 4.24155e-05 4.25016e-05 4.24894e-05 4.24813e-05 4.25e-05 4.24709e-05 4.24835e-05 0.484526 0.250825 4.25016e-05 4.24419e-05 
0.117625 0.0245472 0.0100134 5.59946e-08 0.00945151 0.00318076 0.0874862 0.0339686 5.5978e-08 0.00741564 0.00168561 0.000430834 0.00381279 0.00110776 0.0115883 5.58941e-08 3.91976e-05 0.000498174 0.103233 5.58878e-08 0.133143 0.00228985 0.00139383 0.0557416 0.0003638 0.00165138 0.0120227 0.321264 0.0559565 8.9532e-05 
0.000122045 0.00265904 0.000677274 0.116123 0.00104957 0.560832 0.0264835 0.00431224 0.00727476 0.000170988 0.042053 2.05179e-07 0.0950628 0.00161048 0.0113976 6.87611e-05 0.00490824 0.000765211 0.00768457 7.23667e-08 0.00220511 0.000159714 0.00873567 0.000297023 4.8978e-05 0.00516299 0.0376597 0.0316482 0.0307994 2.75029e-05 
0.0033728 0.0184835 0.0229539 1.772e-06 0.000958554 0.0116615 0.155868 0.148062 1.17317e-05 0.0158448 0.000686037 0.0153973 0.00270345 3.31653e-05 0.0426625 3.90897e-05 2.53234e-06 0.00176228 0.00540221 8.24669e-08 0.0412044 0.306273 0.00284874 0.0293158 0.00370687 0.00119074 0.000591711 0.145999 0.0229554 6.68949e-06 
0.0367989 0.00663083 0.00422764 0.00061628 0.0246269 0.0475001 0.0110153 0.029407 0.00916701 0.000273794 0.0989507 0.000563112 0.00953717 0.000552582 0.00319107 5.25744e-08 0.00051549 0.00337454 0.0625824 5.25685e-08 0.0685568 0.00122704 0.00508604 0.0671268 0.000189546 0.00596561 0.0331462 0.370895 0.0981813 9.47348e-05 
0.230046 0.017624 0.00469622 0.00140672 0.00607631 0.0107893 0.0253235 0.0668594 0.00448581 0.00507536 0.129739 1.40534e-07 0.0314331 1.40533e-07 0.00309392 1.40406e-07 0.00217731 0.00463969 0.0181313 1.4039e-07 1.40675e-07 0.00303785 0.00278418 0.102197 0.00143399 0.00662309 0.0134055 0.294559 0.0141802 0.000182761 
0.0352245 0.00796969 0.00378536 2.7359e-06 0.00277073 0.00155651 0.0350456 0.0157258 0.000219219 0.00282774 0.0017843 0.000619059 0.000309505 2.31864e-05 0.0020136 8.60092e-06 0.000121855 2.06112e-05 0.0372967 1.65927e-06 0.047157 0.000204675 5.22109e-05 0.00750554 1.8686e-05 0.00043697 0.0015167 0.776624 0.0191552 2.45859e-06 
0.117625 0.0245472 0.0100134 5.59946e-08 0.00945151 0.00318076 0.0874862 0.0339686 5.5978e-08 0.00741564 0.00168561 0.000430834 0.00381279 0.00110776 0.0115883 5.58941e-08 3.91976e-05 0.000498174 0.103233 5.58878e-08 0.133143 0.00228985 0.00139383 0.0557416 0.0003638 0.00165138 0.0120227 0.321264 0.0559565 8.9532e-05 
9.55493e-07 9.55346e-07 9.5499e-07 9.55381e-07 0.078052 0.114463 9.55567e-07 0.139113 0.0147095 0.00257919 9.55449e-07 9.54536e-07 0.0271302 9.54527e-07 0.0181491 9.53665e-07 9.54053e-07 9.54934e-07 0.0445225 9.53558e-07 0.326684 0.00563675 0.00630422 9.55458e-07 9.54804e-07 9.55087e-07 0.0355427 0.111613 0.075485 9.5415e-07 
0.904054 0.00480303 7.01312e-05 4.00285e-07 0.00159311 0.000319002 0.00281887 0.00255288 0.000215133 3.4945e-05 0.00734911 0.000332574 0.00157669 0.000206568 0.000237079 8.31286e-08 0.000141829 4.66292e-05 0.000451164 1.02027e-12 0.00473916 7.66073e-08 8.70266e-05 0.00559413 8.07677e-06 0.00210833 0.053436 0.00347923 0.00374445 7.73797e-07 
0.040346 0.0100837 0.00290497 1.53437e-05 0.00942361 0.000895176 0.00283241 0.00234675 0.00122978 2.14306e-05 0.00121047 1.2857e-05 0.000330335 0.00387107 0.000176584 1.01434e-07 5.096e-06 3.55952e-05 0.00746366 2.00707e-12 0.0484007 1.22983e-05 0.000228481 0.0225886 0.00150156 0.00378188 0.825046 0.00758409 0.00765141 3.63632e-07 
0.0104644 0.00617307 0.000882062 0.00108235 0.0485568 0.138311 0.0288186 0.0274583 0.00213362 0.00175318 0.00567053 0.00233967 0.00145123 0.0302804 0.00728241 3.7445e-06 5.33366e-05 0.00540693 0.024612 6.78896e-08 0.198388 0.00569053 0.00564342 0.0324407 0.000189642 0.019683 0.039783 0.320043 0.0353056 9.89283e-05 
0.053116 0.0213303 0.0039654 1.43954e-05 0.0118068 0.00168889 0.0193809 0.0266399 0.02214 0.000448926 0.0057775 8.90501e-06 0.000475018 0.00103199 0.00497484 6.431e-08 3.76003e-06 0.000491735 0.0862416 3.93175e-11 0.335198 1.03048e-05 0.00871593 0.0329013 0.000234773 0.00716054 0.318733 0.0205705 0.0168627 7.65725e-05 
0.0696233 0.00784588 0.00419001 1.8472e-07 0.0041392 0.000490594 0.05125 0.0171805 0.000714911 0.00235721 0.000522488 0.0161829 0.000186022 1.77771e-05 0.00322546 2.96664e-07 2.84528e-07 1.52272e-05 0.110872 1.07364e-08 0.162033 0.000244686 4.35003e-05 0.0171247 5.84917e-06 3.79957e-05 0.00324236 0.505161 0.0232923 1.70265e-07 
0.345798 0.0106674 0.0656561 2.50837e-05 0.000494699 0.00167498 0.532805 6.7915e-08 2.38678e-05 0.00189231 6.19073e-05 0.00289607 8.21126e-06 4.895e-09 0.000256608 3.45579e-07 0.000259976 0.00289062 0.0100039 1.19908e-09 0.0120039 0.000215618 2.36729e-08 0.000693307 7.48718e-06 1.39461e-08 7.32841e-05 0.0103763 0.00121453 5.2742e-07 
0.040346 0.0100837 0.00290497 1.53437e-05 0.00942361 0.000895176 0.00283241 0.00234675 0.00122978 2.14306e-05 0.00121047 1.2857e-05 0.000330335 0.00387107 0.000176584 1.01434e-07 5.096e-06 3.55952e-05 0.00746366 2.00707e-12 0.0484007 1.22983e-05 0.000228481 0.0225886 0.00150156 0.00378188 0.825046 0.00758409 0.00765141 3.63632e-07 
0.00536814 0.0121494 5.8953e-07 5.89772e-07 5.89744e-07 0.0473624 0.0460116 0.0324401 5.89597e-07 0.0136764 0.0649981 0.00259328 0.084504 5.89244e-07 0.0327255 0.545325 5.88952e-07 0.00265332 5.89781e-07 5.88646e-07 5.89841e-07 0.00802015 5.8956e-07 0.0162796 0.00224037 0.00247686 0.0090245 0.0608189 0.0113255 5.89012e-07 
9.55493e-07 9.55346e-07 9.5499e-07 9.55381e-07 0.078052 0.114463 9.55567e-07 0.139113 0.0147095 0.00257919 9.55449e-07 9.54536e-07 0.0271302 9.54527e-07 0.0181491 9.53665e-07 9.54053e-07 9.54934e-07 0.0445225 9.53558e-07 0.326684 0.00563675 0.00630422 9.55458e-07 9.54804e-07 9.55087e-07 0.0355427 0.111613 0.075485 9.5415e-07 
0.00315592 0.0123849 0.00560198 0.00518045 0.118711 0.0185084 0.0163442 0.0146937 4.70768e-07 0.00466011 4.70941e-07 4.70491e-07 0.00824026 4.70486e-07 4.708e-07 4.70062e-07 4.74955e-05 0.00856697 4.70915e-07 4.70009e-07 0.130128 4.70828e-07 0.0137931 0.188661 4.70623e-07 0.00936862 0.19812 0.114738 0.129091 4.70301e-07 
0.040346 0.0100837 0.00290497 1.53437e-05 0.00942361 0.000895176 0.00283241 0.00234675 0.00122978 2.14306e-05 0.00121047 1.2857e-05 0.000330335 0.00387107 0.000176584 1.01434e-07 5.096e-06 3.55952e-05 0.00746366 2.00707e-12 0.0484007 1.22983e-05 0.000228481 0.0225886 0.00150156 0.00378188 0.825046 0.00758409 0.00765141 3.63632e-07 
0.00280762 0.00175266 0.00286371 3.76471e-05 0.0898712 0.00901658 0.0107921 0.018984 0.00345159 0.000480542 0.00089455 0.000919343 0.000376529 4.52398e-09 0.000874848 5.72608e-09 7.88238e-06 0.000901554 0.0233467 1.11762e-09 0.62489 0.00016032 0.00155113 0.0144797 6.98004e-05 0.0494437 0.0287022 0.0841661 0.0291581 4.47249e-08 
0.040346 0.0100837 0.00290497 1.53437e-05 0.00942361 0.000895176 0.00283241 0.00234675 0.00122978 2.14306e-05 0.00121047 1.2857e-05 0.000330335 0.00387107 0.000176584 1.01434e-07 5.096e-06 3.55952e-05 0.00746366 2.00707e-12 0.0484007 1.22983e-05 0.000228481 0.0225886 0.00150156 0.00378188 0.825046 0.00758409 0.00765141 3.63632e-07 
0.0410312 0.0113451 0.000487341 0.00014835 0.0960227 0.0220408 0.00223564 0.0238375 0.0217841 0.000285596 0.439163 0.000330837 0.00452649 0.00901677 0.000139976 1.86382e-07 0.000193271 0.000636872 0.00160919 1.48354e-08 0.0868648 0.00846726 0.00996745 0.0516797 5.65745e-06 0.0176826 0.104753 0.021152 0.0244685 0.000124528 
0.00010615 0.00169818 0.000619356 2.6667e-06 0.00798324 0.021484 0.028072 0.00149441 0.000205254 0.000717132 0.183403 0.00137061 0.0435386 4.37865e-06 0.00352613 7.02724e-08 8.99879e-05 0.000112343 0.00148666 1.18148e-11 0.0114082 0.000499341 0.00184844 0.00584452 0.000199666 0.000446302 0.00693638 0.653783 0.0231194 1.78363e-07 
0.0653708 0.0105776 0.0740886 2.10657e-06 0.0026214 0.00228765 0.105587 0.0072374 0.000963669 0.619521 0.000346563 0.00907335 0.000190675 8.84368e-07 0.0203149 1.67348e-07 9.1334e-07 4.5837e-06 0.00106754 1.00474e-08 0.0584599 0.000780154 2.35211e-05 0.0023632 2.3217e-05 2.29457e-05 0.000179486 0.0132584 0.00563289 2.02592e-07 
0.00710259 0.00926788 0.00235058 2.66225e-05 0.00725608 0.00170972 0.0106779 0.0137792 0.00794725 0.00357468 0.0002129 0.00187157 1.26875e-05 3.8979e-06 9.95278e-05 1.9916e-07 7.35872e-07 0.000630848 0.0236185 9.52312e-09 0.785166 0.000280219 0.000184022 0.000853104 9.25887e-06 0.0132067 0.0023927 0.0933465 0.0144184 1.17255e-07 
0.040346 0.0100837 0.00290497 1.53437e-05 0.00942361 0.000895176 0.00283241 0.00234675 0.00122978 2.14306e-05 0.00121047 1.2857e-05 0.000330335 0.00387107 0.000176584 1.01434e-07 5.096e-06 3.55952e-05 0.00746366 2.00707e-12 0.0484007 1.22983e-05 0.000228481 0.0225886 0.00150156 0.00378188 0.825046 0.00758409 0.00765141 3.63632e-07 
0.040346 0.0100837 0.00290497 1.53437e-05 0.00942361 0.000895176 0.00283241 0.00234675 0.00122978 2.14306e-05 0.00121047 1.2857e-05 0.000330335 0.00387107 0.000176584 1.01434e-07 5.096e-06 3.55952e-05 0.00746366 2.00707e-12 0.0484007 1.22983e-05 0.000228481 0.0225886 0.00150156 0.00378188 0.825046 0.00758409 0.00765141 3.63632e-07 
4.71274e-05 0.000394472 0.000362391 0.000319025 0.0111239 0.0801066 0.00043369 0.00601351 0.0170492 9.04756e-10 0.0325395 0.000366501 0.000620509 2.34711e-08 2.19179e-05 1.20653e-06 7.36557e-05 0.00448247 0.00502624 7.89339e-12 0.00531372 0.00964124 0.00741155 0.393247 8.62949e-09 0.00277028 0.00482496 0.0518136 0.00911676 0.356879 
1.69992e-06 0.0360345 0.011725 0.0261776 0.144472 0.0455573 0.0795642 0.136328 1.69922e-06 0.0197086 0.109642 1.69822e-06 1.6995e-06 0.0190216 1.69934e-06 1.69667e-06 0.000171434 0.0159716 1.69975e-06 1.69648e-06 1.69993e-06 0.00866885 1.69912e-06 0.0802353 1.6987e-06 0.0671201 0.0824422 0.117137 1.69993e-06 1.69754e-06 
0.452598 0.0118596 0.059985 2.02928e-05 0.000439955 0.00169762 0.434595 1.12319e-07 1.09553e-08 0.00192461 6.36252e-06 0.00455255 3.0803e-06 8.09031e-09 0.000495179 8.57622e-07 4.50788e-06 0.00167697 0.0115476 1.97357e-09 0.0157647 4.13256e-05 3.71606e-08 1.3291e-06 1.81308e-05 2.30618e-08 2.73192e-05 0.00216774 0.000569971 1.31285e-06 
0.000848799 0.0118606 0.0520412 0.00630198 0.0126758 0.0802381 0.0316328 0.0224824 0.00549799 0.0120326 0.398499 0.00877439 0.00106748 0.00141476 0.000561322 1.49157e-07 0.00463251 0.0232106 0.0233914 3.97026e-08 0.0408293 0.0166057 0.000265539 0.124973 0.00240214 0.017149 0.0691793 0.0202718 0.0111564 3.64569e-06 
0.0131792 0.00101131 0.000637099 3.19573e-06 0.0822448 0.00886595 0.00565545 0.0037832 0.00371023 4.00583e-05 0.0822749 3.37638e-06 0.00399249 0.000330188 0.00105233 3.63865e-07 2.7377e-06 0.000242804 0.0356043 1.58174e-09 0.0719919 5.92382e-08 0.000388789 0.125812 2.40114e-05 0.0140041 0.246586 0.236993 0.0615597 7.07583e-06 
0.0955381 0.027237 0.00165644 0.000290467 0.0576807 0.00219833 0.0287724 0.011671 0.00194659 0.00115848 0.0130179 4.62607e-06 0.00383318 0.0192818 0.00203555 3.17793e-09 0.000177664 0.00244264 0.00414333 7.39366e-11 0.0456638 0.000140333 0.000816683 0.0158117 0.000569092 0.56744 0.0818084 0.00762921 0.00702716 8.00306e-06 
0.00159744 0.001491 0.00125933 7.02193e-09 0.00250979 0.00579821 0.00773491 0.0182677 0.000427762 3.46204e-05 0.00289452 2.85438e-06 0.0111301 0.0084209 0.00067256 3.35444e-09 1.51852e-05 1.28298e-05 0.00166489 1.74529e-10 0.0105344 0.000367512 0.00356722 0.0159171 6.60706e-05 6.27857e-05 0.509221 0.371087 0.0252419 3.8351e-08 
7.27206e-06 0.0145492 7.26823e-06 0.00727848 0.0399971 7.27169e-06 0.196368 0.196343 7.26906e-06 7.26758e-06 7.27173e-06 7.26478e-06 0.00291537 7.26471e-06 7.26955e-06 7.25816e-06 7.26111e-06 7.26781e-06 0.00509721 7.25734e-06 7.27207e-06 0.332246 0.0472533 0.111266 7.26682e-06 7.26898e-06 7.27154e-06 7.27275e-06 0.0465485 7.26185e-06 
0.040346 0.0100837 0.00290497 1.53437e-05 0.00942361 0.000895176 0.00283241 0.00234675 0.00122978 2.14306e-05 0.00121047 1.2857e-05 0.000330335 0.00387107 0.000176584 1.01434e-07 5.096e-06 3.55952e-05 0.00746366 2.00707e-12 0.0484007 1.22983e-05 0.000228481 0.0225886 0.00150156 0.00378188 0.825046 0.00758409 0.00765141 3.63632e-07 
0.040346 0.0100837 0.00290497 1.53437e-05 0.00942361 0.000895176 0.00283241 0.00234675 0.00122978 2.14306e-05 0.00121047 1.2857e-05 0.000330335 0.00387107 0.000176584 1.01434e-07 5.096e-06 3.55952e-05 0.00746366 2.00707e-12 0.0484007 1.22983e-05 0.000228481 0.0225886 0.00150156 0.00378188 0.825046 0.00758409 0.00765141 3.63632e-07 
1.19285e-06 1.37764e-05 5.39857e-06 0.0133896 0.00371109 0.59935 3.47968e-05 0.00496561 0.020644 1.43075e-05 0.0313888 1.58234e-05 0.0143005 6.27159e-05 0.000360899 9.38009e-06 1.18808e-05 0.106848 0.00103079 2.82437e-08 0.00127039 0.0012659 0.00095605 0.0161685 7.27099e-06 0.00860351 0.00205835 0.00268685 0.00582327 0.165001 
0.00571446 0.00620943 0.0120145 0.00489498 0.03496 0.0165247 0.0112423 0.097868 0.000355842 0.00197177 0.00778002 2.57008e-05 0.0891624 0.000521509 0.00206042 0.000100791 1.44198e-05 0.00119304 0.00912174 8.42575e-08 0.108363 0.00527433 0.0168649 0.325474 0.00011302 0.0110678 0.0100167 0.0928166 0.128265 9.187e-06 
0.0203711 0.060865 2.34e-06 2.34096e-06 2.34086e-06 0.0334803 0.640614 0.0777272 0.00515093 0.0175508 2.34113e-06 2.33889e-06 2.34065e-06 2.33887e-06 0.0533642 2.33676e-06 2.33771e-06 2.33987e-06 0.0243488 2.3365e-06 2.34124e-06 0.00819434 0.0215315 2.34115e-06 2.33955e-06 2.34024e-06 0.00234341 2.34146e-06 0.0344185 2.33795e-06 
0.000839839 0.000706644 6.0829e-05 9.03896e-07 0.0275467 0.120057 0.00409284 0.0244377 3.87508e-05 0.000128435 0.0148483 0.000111971 0.0190263 5.11507e-06 0.00180315 2.01514e-07 6.10908e-08 0.000395536 0.0014739 5.66429e-10 0.0470553 0.000470025 8.53249e-05 0.0184168 7.79877e-05 1.63206e-06 0.00278228 0.28762 0.427917 5.14882e-07 
0.040346 0.0100837 0.00290497 1.53437e-05 0.00942361 0.000895176 0.00283241 0.00234675 0.00122978 2.14306e-05 0.00121047 1.2857e-05 0.000330335 0.00387107 0.000176584 1.01434e-07 5.096e-06 3.55952e-05 0.00746366 2.00707e-12 0.0484007 1.22983e-05 0.000228481 0.0225886 0.00150156 0.00378188 0.825046 0.00758409 0.00765141 3.63632e-07 
0.040346 0.0100837 0.00290497 1.53437e-05 0.00942361 0.000895176 0.00283241 0.00234675 0.00122978 2.14306e-05 0.00121047 1.2857e-05 0.000330335 0.00387107 0.000176584 1.01434e-07 5.096e-06 3.55952e-05 0.00746366 2.00707e-12 0.0484007 1.22983e-05 0.000228481 0.0225886 0.00150156 0.00378188 0.825046 0.00758409 0.00765141 3.63632e-07 
0.0600362 1.36394e-05 1.36343e-05 0.00410559 1.36392e-05 1.36407e-05 1.36425e-05 1.36407e-05 0.0763743 1.3633e-05 0.0423003 1.36278e-05 1.3638e-05 0.0599754 1.36367e-05 1.36154e-05 1.36209e-05 1.36335e-05 1.36401e-05 1.36138e-05 1.36415e-05 0.523696 0.0927312 1.3641e-05 1.36316e-05 1.36357e-05 0.0477553 1.36427e-05 0.0668567 0.025896 
8.67549e-05 0.000315888 0.000263661 0.0109038 0.0991736 0.110936 0.00296394 0.00639685 0.0122317 0.0487392 0.0398067 2.36302e-06 0.00848325 9.02902e-05 0.00106934 2.50216e-10 0.000511019 0.00182396 0.0244785 6.77398e-11 0.201332 0.000257932 0.00704495 0.043093 2.10619e-05 0.0342913 0.0175232 0.122917 0.205226 1.67375e-05 
0.00434184 0.00629051 0.0027329 9.72253e-06 0.0114805 0.00366961 0.000444848 0.00463746 0.0036361 0.000215716 0.000323426 7.90567e-05 5.61373e-05 9.99251e-05 5.60691e-05 6.9134e-09 1.20151e-05 6.05757e-05 0.00167567 9.16655e-12 0.0626524 2.28108e-08 0.00188321 0.00249225 4.43827e-05 0.834417 0.0545958 0.00247716 0.00161609 5.7844e-09 
0.0230023 0.00327204 0.00456659 3.26467e-05 0.00742808 0.00860206 0.0284035 0.00755939 0.000775615 0.00119135 0.0460425 0.000164577 0.00282356 6.39043e-05 0.000693425 6.04816e-09 7.60817e-07 0.000258163 0.0490244 1.16622e-09 0.0499424 0.00131537 0.000157798 0.060615 7.67254e-06 0.00114427 0.00582288 0.675168 0.0219157 6.54908e-06 
0.00245226 0.0105187 0.00483618 1.09458e-07 0.0445366 0.034219 0.00868183 0.0311429 1.09426e-07 1.09403e-07 0.0499932 0.00065628 0.00678562 0.000809374 0.00230915 1.09262e-07 0.00123526 0.00789929 0.041179 1.09249e-07 0.0447408 0.00281271 0.0228687 0.106599 1.09392e-07 0.0104501 0.0296864 0.481783 0.0532906 0.000513899 
0.00133754 0.00258244 0.00364448 1.5092e-05 0.0127108 0.0327593 0.011513 0.0187483 0.00609518 0.000371962 0.0635657 3.22629e-06 0.00134417 2.36768e-05 0.00139696 4.65172e-07 4.70497e-05 0.000302671 0.02245 3.03284e-07 0.0481613 0.00565233 0.00473229 0.534646 1.8336e-06 0.000780443 0.0185549 0.187599 0.0208114 0.000148934 
0.040346 0.0100837 0.00290497 1.53437e-05 0.00942361 0.000895176 0.00283241 0.00234675 0.00122978 2.14306e-05 0.00121047 1.2857e-05 0.000330335 0.00387107 0.000176584 1.01434e-07 5.096e-06 3.55952e-05 0.00746366 2.00707e-12 0.0484007 1.22983e-05 0.000228481 0.0225886 0.00150156 0.00378188 0.825046 0.00758409 0.00765141 3.63632e-07 
0.00617438 0.00234502 0.00106128 0.0345033 0.00378985 0.0358979 0.0163648 0.00657762 0.000271333 0.000655884 0.00829444 0.000171787 0.000330869 0.219952 0.000404245 0.000891214 0.000168868 0.591758 0.0113084 1.67687e-05 0.000310125 0.00212023 0.000851328 0.00513641 0.00241581 0.0398119 0.00109699 0.00544143 0.00185793 1.99959e-05 
0.00104761 0.00452163 0.00216181 0.000525942 0.0582033 0.0255429 0.0196254 0.0121053 0.00521477 0.00020053 0.0960125 0.0208211 0.00424475 7.85268e-05 0.0012543 1.8961e-07 8.18452e-06 0.00372146 0.0812164 2.84255e-09 0.143256 0.000620821 0.00269795 0.0335119 3.35676e-06 0.0304949 0.0312189 0.0559393 0.365579 0.000171607 
0.0172784 0.00320717 0.00371643 0.0017215 0.0231651 0.00204989 0.00186004 0.0523027 0.012122 0.00045978 0.00711668 1.53205e-05 0.000512062 0.000117827 0.00164834 3.32995e-06 1.15786e-06 0.0569332 0.030095 3.65667e-10 0.0511235 0.0131229 0.00064005 0.136927 0.000521309 0.0202653 0.186539 0.000956052 0.00269974 0.372879 
0.040346 0.0100837 0.00290497 1.53437e-05 0.00942361 0.000895176 0.00283241 0.00234675 0.00122978 2.14306e-05 0.00121047 1.2857e-05 0.000330335 0.00387107 0.000176584 1.01434e-07 5.096e-06 3.55952e-05 0.00746366 2.00707e-12 0.0484007 1.22983e-05 0.000228481 0.0225886 0.00150156 0.00378188 0.825046 0.00758409 0.00765141 3.63632e-07 
0.00105685 0.00463267 0.00208951 1.26989e-05 0.00585724 0.0021836 0.0100752 0.0143919 0.0111578 0.000897059 0.000671396 0.000521205 0.000230843 2.10713e-06 8.82338e-05 1.24956e-08 1.046e-06 0.000581753 0.0163483 2.4319e-09 0.82647 0.000333349 0.000170339 0.000505129 1.64005e-05 0.0255161 0.00207207 0.0582077 0.0159052 4.27998e-06 
0.0130325 0.00513869 0.00418194 2.96271e-09 0.144893 0.00201378 0.0328371 0.059372 0.00380146 0.00304804 0.000509801 3.33027e-05 8.23229e-05 2.20108e-06 0.00213182 2.39695e-08 0.000180747 2.33178e-05 0.0953261 1.81507e-09 0.202165 3.4399e-05 0.000621193 0.00360198 1.98604e-05 0.000177044 0.00710389 0.218028 0.20164 1.89293e-07 
0.0851589 0.0264936 0.00772714 0.00030252 0.032362 0.018498 0.053139 0.0239775 0.0262309 0.00469748 0.0708511 5.81143e-08 0.00936933 0.0106175 0.0053908 0.000278753 0.000853906 0.00284303 0.0529318 5.80548e-08 0.0945946 5.81559e-08 0.00152927 0.158392 0.000947588 0.0238639 0.227165 0.0521859 0.00919715 0.000400885 
0.000964587 0.000561695 0.00030688 0.000395306 0.00484356 0.0983289 0.00255011 0.00588402 0.45732 0.00358444 0.114279 4.39989e-06 0.00348309 0.00752494 0.000173356 0.00218183 0.00137526 0.00550428 0.0205776 4.84507e-08 0.00157261 0.00724237 0.0126911 0.169772 0.000629419 0.00504349 0.0226057 0.0356344 0.0149046 6.06471e-05 
0.00887188 0.0057431 0.0019387 1.53439e-05 0.0101134 0.010633 0.000893952 0.00484296 0.00324176 0.000240673 0.00182353 0.00021269 0.00011639 0.00021198 0.000121755 6.91654e-07 2.5369e-05 9.38846e-05 0.00458066 1.48227e-11 0.0640855 0.000175163 0.00226289 0.00481349 5.26919e-05 0.805503 0.0545672 0.0114226 0.00339602 8.66472e-08 
0.00079412 0.00256513 0.000637529 0.00211744 0.0117963 0.0320911 0.00370374 0.00134675 0.00617274 0.00104355 0.637703 7.4508e-10 0.011496 0.00059324 0.000149207 9.64234e-09 0.000321017 0.000541495 0.0131472 6.16325e-12 0.00516217 1.59219e-08 0.000753814 0.111277 0.00058001 0.00971176 0.102716 0.0424675 0.00110631 6.18931e-06 
0.132523 0.555502 0.00264818 4.12493e-06 0.00939016 0.00380212 0.163972 0.0105899 0.00597851 0.00856211 0.00616833 0.000144794 5.07659e-05 6.68548e-05 0.00182981 1.15424e-06 0.000173651 5.16011e-05 0.0359278 7.76394e-07 0.0326084 1.80589e-05 0.00105899 0.00972595 0.000580315 0.000622457 0.00123424 0.0141474 0.00261577 1.25072e-06 
0.0653708 0.0105776 0.0740886 2.10657e-06 0.0026214 0.00228765 0.105587 0.0072374 0.000963669 0.619521 0.000346563 0.00907335 0.000190675 8.84368e-07 0.0203149 1.67348e-07 9.1334e-07 4.5837e-06 0.00106754 1.00474e-08 0.0584599 0.000780154 2.35211e-05 0.0023632 2.3217e-05 2.29457e-05 0.000179486 0.0132584 0.00563289 2.02592e-07 
0.000865499 0.00439486 0.000394819 0.000253997 0.0009995 0.0167833 0.000209735 0.162635 0.245512 3.60472e-06 0.0370593 1.60513e-05 0.0189203 8.87875e-06 1.49389e-06 0.00014507 3.194e-05 0.00101483 0.000323026 3.65931e-09 4.08651e-09 0.0976193 0.00149403 0.269655 1.1473e-06 0.002703 0.0205048 0.00645113 0.000837867 0.11116 
0.0310306 0.00791687 0.00439795 2.4281e-05 0.0433667 0.000808199 0.0131937 0.0160723 0.000536887 0.00167899 4.49775e-05 0.000702146 3.90376e-06 2.88648e-06 1.1532e-08 2.77796e-09 6.74833e-07 0.000217668 0.00803559 5.35147e-10 0.837845 1.76555e-05 6.9544e-05 0.000369594 2.35842e-05 0.00372235 0.00733656 0.0218258 0.000750886 4.39087e-06 
0.0139413 0.0118721 0.00264309 0.00170617 0.0119037 0.111379 0.0430076 0.0241577 0.0445708 0.00118002 0.0201336 1.40218e-05 0.00353214 0.0278113 0.00357737 2.52637e-05 0.0389365 0.000691251 0.144762 6.24237e-08 0.0383895 0.000981486 0.0267561 0.0299529 3.76021e-05 0.0193973 0.19945 0.144308 0.0348805 2.06797e-06 
0.00687081 0.0206346 7.66644e-06 4.9452e-05 0.00183603 0.0200151 0.0450776 0.169108 0.00118723 0.000534646 0.339828 0.00361079 0.0846605 0.0880039 0.000741234 1.12737e-05 5.81406e-06 0.00072782 0.0037066 3.20899e-06 0.0332015 0.0829786 0.000824405 0.0140434 0.00235392 0.000534739 0.0370208 0.0396763 0.00274289 3.49464e-06 
0.084787 0.00880615 0.0472658 1.24818e-05 0.0585055 0.0220708 0.114055 0.0100048 0.000296725 0.00151026 0.00442135 6.10762e-10 0.000650413 8.88924e-06 0.14762 2.92433e-10 0.000180707 1.08604e-05 0.0302639 3.78796e-11 0.10066 6.44081e-06 0.00310666 0.0178514 2.17822e-06 0.00036383 0.0609395 0.0675483 0.219051 5.65133e-07 
0.064163 0.0060078 0.00209368 1.76289e-06 0.00367445 0.00233682 0.0334326 0.00688996 0.000171546 0.004929 0.00522523 0.000626633 0.00036157 2.22314e-05 0.000968546 1.09062e-08 1.14374e-06 0.000109126 0.0799176 2.09954e-09 0.0822314 0.000209914 2.03416e-05 0.0226101 6.80237e-06 0.00056108 0.00122961 0.658653 0.0235444 1.9194e-07 
0.040346 0.0100837 0.00290497 1.53437e-05 0.00942361 0.000895176 0.00283241 0.00234675 0.00122978 2.14306e-05 0.00121047 1.2857e-05 0.000330335 0.00387107 0.000176584 1.01434e-07 5.096e-06 3.55952e-05 0.00746366 2.00707e-12 0.0484007 1.22983e-05 0.000228481 0.0225886 0.00150156 0.00378188 0.825046 0.00758409 0.00765141 3.63632e-07 
0.00182156 0.00436702 0.000488928 5.21274e-07 0.00368614 0.00234217 0.0168887 0.0134225 0.01058 0.000890779 0.0130391 1.55561e-05 0.000891002 4.85202e-06 0.00255347 9.83434e-09 1.01967e-07 1.37567e-05 0.0240056 5.63336e-12 0.00492819 1.11088e-05 0.00165723 0.0116637 4.80672e-07 1.17228e-10 0.00837628 0.687204 0.191148 3.61467e-10 
3.6543e-06 0.0516363 2.76877e-06 8.41704e-06 4.12274e-05 3.16398e-06 0.0728321 0.0500611 0.0020508 7.63142e-07 0.0151443 0.000362407 0.00788551 0.00181598 0.00461878 3.03603e-07 9.17112e-08 0.00076147 1.04381e-06 1.75478e-10 0.0130418 0.2226 0.00397233 0.0219293 5.02402e-08 3.61947e-09 0.0419257 0.232471 0.256829 1.11602e-08 
0.040346 0.0100837 0.00290497 1.53437e-05 0.00942361 0.000895176 0.00283241 0.00234675 0.00122978 2.14306e-05 0.00121047 1.2857e-05 0.000330335 0.00387107 0.000176584 1.01434e-07 5.096e-06 3.55952e-05 0.00746366 2.00707e-12 0.0484007 1.22983e-05 0.000228481 0.0225886 0.00150156 0.00378188 0.825046 0.00758409 0.00765141 3.63632e-07 
0.00787369 0.00696678 0.00114906 1.08044e-06 0.00421805 0.00185312 0.0293958 0.0100582 0.00431329 0.00188009 0.00907349 0.00170457 0.000982392 1.28166e-06 0.00901894 2.9332e-09 9.46034e-07 4.3019e-05 0.0367336 1.07824e-12 0.00717657 5.11296e-05 0.000933316 0.0156125 1.2425e-06 6.06846e-07 0.00233758 0.750875 0.0977451 1.07396e-10 
0.0120276 0.227728 0.0183578 2.51871e-05 0.00786168 0.0127564 0.474094 0.00464942 0.0024864 0.00432929 0.0254637 0.00788505 0.000634663 0.0286523 0.0127338 1.30247e-08 0.00410132 0.00513049 0.00130995 1.07897e-08 0.0289448 0.000122708 4.96437e-05 0.0580721 0.0181032 0.00837123 0.0133656 0.0149171 0.00772899 9.7019e-05 
0.040346 0.0100837 0.00290497 1.53437e-05 0.00942361 0.000895176 0.00283241 0.00234675 0.00122978 2.14306e-05 0.00121047 1.2857e-05 0.000330335 0.00387107 0.000176584 1.01434e-07 5.096e-06 3.55952e-05 0.00746366 2.00707e-12 0.0484007 1.22983e-05 0.000228481 0.0225886 0.00150156 0.00378188 0.825046 0.00758409 0.00765141 3.63632e-07 
0.000319543 0.000319494 0.000319375 0.000319506 0.000319491 0.000319527 0.000319568 0.575468 0.000319411 0.000319346 0.000319528 0.000319223 0.000319463 0.00031922 0.287809 0.000318932 0.000319062 0.000319356 0.000319511 0.000318896 0.000319543 0.1281 0.000319391 0.000319532 0.000319313 0.000319407 0.00031952 0.000319573 0.000319543 0.000319094 
0.0095394 0.000655327 0.00710316 0.0972237 0.00309153 0.415417 0.044685 0.00428356 0.00299201 0.00037697 0.00184345 0.000944351 0.00556199 1.25204e-05 0.00364976 1.84395e-06 2.1646e-05 0.00025622 0.17484 1.10594e-06 0.0852772 0.000208102 0.000847587 0.00738977 2.04758e-06 0.000542566 0.000614742 0.129881 0.00273241 3.45636e-06 
0.040346 0.0100837 0.00290497 1.53437e-05 0.00942361 0.000895176 0.00283241 0.00234675 0.00122978 2.14306e-05 0.00121047 1.2857e-05 0.000330335 0.00387107 0.000176584 1.01434e-07 5.096e-06 3.55952e-05 0.00746366 2.00707e-12 0.0484007 1.22983e-05 0.000228481 0.0225886 0.00150156 0.00378188 0.825046 0.00758409 0.00765141 3.63632e-07 
0.00934375 0.0192855 0.000240688 0.000218599 0.00496381 0.00558755 0.00814278 0.178085 0.0145942 0.0014186 0.522715 1.15368e-05 0.000159945 0.00114254 0.000336724 2.61902e-09 2.68219e-06 0.0009248 0.00596698 9.2672e-11 0.0123523 0.00931242 0.00329956 0.0649834 1.93787e-07 0.0021367 0.0382942 0.0788939 0.0174832 0.000103854 
0.040346 0.0100837 0.00290497 1.53437e-05 0.00942361 0.000895176 0.00283241 0.00234675 0.00122978 2.14306e-05 0.00121047 1.2857e-05 0.000330335 0.00387107 0.000176584 1.01434e-07 5.096e-06 3.55952e-05 0.00746366 2.00707e-12 0.0484007 1.22983e-05 0.000228481 0.0225886 0.00150156 0.00378188 0.825046 0.00758409 0.00765141 3.63632e-07 
0.0083642 0.0598237 0.000510353 2.68453e-08 0.00424014 0.0325961 0.039674 0.013948 0.00113825 0.00377687 0.00321209 8.71918e-08 0.00136475 0.00299749 0.000457174 2.83599e-06 1.12891e-07 3.93683e-05 0.0132614 1.28289e-09 0.0295202 0.000923807 0.00700765 0.0175711 0.00399736 0.00144162 0.214749 0.363003 0.176374 4.34617e-06 
5.25268e-06 0.0126097 5.24991e-06 0.012085 5.25182e-06 0.110832 0.0325743 0.101902 0.00945617 5.24944e-06 5.25244e-06 5.24742e-06 0.0252119 5.24737e-06 0.0435876 5.24263e-06 5.24476e-06 0.00053021 5.25215e-06 5.24205e-06 5.25268e-06 5.25117e-06 0.490898 5.25249e-06 0.00997815 5.25045e-06 5.2523e-06 0.092461 0.0577848 5.2453e-06 
4.60147e-05 0.0164749 0.00266086 7.30011e-05 0.00103285 0.00178641 0.0109774 0.352058 0.00012634 0.00504423 0.0137722 1.77287e-05 0.000338517 1.21011e-05 0.0656425 0.000205607 8.15862e-06 0.00077705 0.00734473 6.66068e-08 0.000530643 0.181383 0.000148451 0.297759 7.34542e-06 1.83488e-05 0.000936537 0.0380691 0.0022999 0.000449481 
0.0115011 0.00717475 0.00814255 0.0131977 0.00831421 0.0251131 0.0865559 0.151148 0.0023467 0.00231314 0.0250338 0.000217719 0.0111742 0.00281296 0.00302169 0.00575962 0.139891 0.000297437 0.00219001 2.0913e-05 0.0642456 0.00323315 0.00649337 0.022539 0.000157608 0.00119934 0.344744 0.0345274 0.0165261 0.000107359 
0.823442 0.112159 0.00187428 2.90932e-06 0.00177773 0.000142606 0.0162775 0.00262509 0.000559943 0.000691642 0.00167433 3.0808e-05 0.000474834 4.72392e-05 8.23347e-05 1.71058e-09 4.01471e-05 3.71254e-05 0.000868781 2.18738e-12 0.00781274 2.23267e-06 0.000112745 0.0011821 4.6994e-05 0.0021895 0.0232624 0.00118922 0.00139318 3.2192e-07 
0.00754409 0.0414512 0.00519446 0.0127991 0.00557706 0.0285378 0.0356993 0.542579 0.0099891 0.000180734 0.00486322 1.79557e-05 0.000208731 1.57308e-05 0.0574566 2.14297e-06 0.0550201 0.00654719 0.00550687 1.25281e-06 0.041784 0.0518592 0.000130427 0.0511538 8.26955e-05 0.00704842 0.00214165 0.0157717 0.0108342 1.96359e-06 
0.701422 0.00137388 0.000468626 5.02536e-05 0.0024924 0.00467931 0.00217693 0.00758978 0.000429984 0.00128413 0.149011 3.40227e-05 0.00718114 0.00259904 0.000196505 1.7341e-10 0.00021854 0.000259363 0.000345937 1.43241e-12 0.0031299 7.72686e-05 0.00237446 0.0100341 1.44349e-05 0.00132635 0.0166823 0.0593319 0.0252138 2.11368e-06 
0.00561928 0.0027059 0.00124055 0.00103424 0.0435155 0.0054811 1.72379e-07 0.0211655 0.0629393 0.00108541 0.00837676 1.72193e-07 0.0104085 0.00642291 0.00413552 1.72036e-07 0.000619751 0.000913174 1.72348e-07 1.72017e-07 0.0569324 0.00222306 0.0116638 0.423195 0.00113697 1.72292e-07 0.267061 0.0212204 0.0409025 1.72123e-07 
0.0222288 0.0244106 0.00439699 1.61903e-05 0.0508684 0.0020056 0.0272261 0.094209 0.000746064 0.0068611 0.000227616 0.000468167 6.96948e-05 1.92676e-06 0.000120997 2.88703e-09 1.47768e-05 0.000145126 0.00535712 5.57616e-10 0.716335 1.17781e-05 0.000706356 0.00150906 1.57276e-05 0.00981101 0.00962168 0.0215566 0.00105551 2.93023e-06 
0.000923701 2.06863e-05 0.00574785 3.59698e-06 0.000453238 0.0018428 3.65178e-05 0.0607554 0.00973546 0.00496531 0.00105829 0.000917996 1.15292e-05 0.00366344 0.00067295 9.80094e-07 3.85119e-07 4.95264e-05 0.000365398 1.91372e-07 0.0630505 0.376573 4.25849e-07 0.405834 0.0104436 3.00669e-05 0.00160314 0.0465467 0.00469138 1.04163e-06 
0.344341 0.0108892 0.0655639 3.53436e-05 0.00050228 0.00170706 0.521304 0.000113838 5.29485e-05 0.00199982 0.000111344 0.00351532 8.67975e-06 1.39351e-07 0.000274124 4.51433e-07 0.000885236 0.00853067 0.0103927 5.47761e-09 0.0160736 0.000256407 5.13213e-06 0.000748187 9.56936e-06 2.07187e-06 7.79289e-05 0.0113645 0.00123352 7.17622e-07 
0.0396628 0.00815584 0.00205818 6.51645e-06 0.0219472 0.00560173 0.0366092 0.0696231 0.0218907 0.00172253 0.0328453 0.00057991 0.000835804 0.000468963 0.000751439 5.40181e-07 1.70388e-05 0.000493941 0.0588217 4.05503e-07 0.205117 0.00753885 0.00465302 0.194851 3.33555e-05 0.0110688 0.102006 0.128739 0.0436424 0.000257347 
7.55059e-07 0.0656053 0.0108679 7.54971e-07 7.54936e-07 0.0206883 0.675149 0.0229533 0.00211405 0.0292035 7.55024e-07 7.54302e-07 0.0165324 7.54296e-07 0.0489872 0.00150798 0.00686142 7.54617e-07 7.54983e-07 7.5353e-07 0.0197078 7.54842e-07 7.54699e-07 0.0498328 7.54514e-07 7.54738e-07 7.62554e-05 7.5513e-07 0.0299011 7.53998e-07 
0.0230023 0.00327204 0.00456659 3.26467e-05 0.00742808 0.00860206 0.0284035 0.00755939 0.000775615 0.00119135 0.0460425 0.000164577 0.00282356 6.39043e-05 0.000693425 6.04816e-09 7.60817e-07 0.000258163 0.0490244 1.16622e-09 0.0499424 0.00131537 0.000157798 0.060615 7.67254e-06 0.00114427 0.00582288 0.675168 0.0219157 6.54908e-06 
0.00119192 0.0292533 0.00234085 0.028878 0.00397053 0.1222 0.0301587 0.0277071 0.00750018 0.0131715 0.0690571 0.191918 0.00184237 0.000779722 0.000957849 0.00039739 0.0144763 0.0609874 0.0042994 0.000298075 0.0105524 0.333277 0.000491473 0.0296829 0.00246066 0.00294357 0.00290859 0.00232049 0.00259197 0.00138618 
0.040346 0.0100837 0.00290497 1.53437e-05 0.00942361 0.000895176 0.00283241 0.00234675 0.00122978 2.14306e-05 0.00121047 1.2857e-05 0.000330335 0.00387107 0.000176584 1.01434e-07 5.096e-06 3.55952e-05 0.00746366 2.00707e-12 0.0484007 1.22983e-05 0.000228481 0.0225886 0.00150156 0.00378188 0.825046 0.00758409 0.00765141 3.63632e-07 
0.000630647 0.00216792 0.000370707 0.00041389 0.0986709 0.015824 0.0122386 0.00399143 0.0159414 8.65901e-05 0.0178106 0.000129062 0.00376723 4.82892e-05 5.44874e-05 5.9062e-08 4.15016e-05 0.00047448 0.0219926 5.5078e-11 0.0751318 1.74957e-07 0.00554827 0.0110616 0.000233874 0.503552 0.165649 0.0161522 0.0280141 2.28456e-06 
0.0955381 0.027237 0.00165644 0.000290467 0.0576807 0.00219833 0.0287724 0.011671 0.00194659 0.00115848 0.0130179 4.62607e-06 0.00383318 0.0192818 0.00203555 3.17793e-09 0.000177664 0.00244264 0.00414333 7.39366e-11 0.0456638 0.000140333 0.000816683 0.0158117 0.000569092 0.56744 0.0818084 0.00762921 0.00702716 8.00306e-06 
0.040346 0.0100837 0.00290497 1.53437e-05 0.00942361 0.000895176 0.00283241 0.00234675 0.00122978 2.14306e-05 0.00121047 1.2857e-05 0.000330335 0.00387107 0.000176584 1.01434e-07 5.096e-06 3.55952e-05 0.00746366 2.00707e-12 0.0484007 1.22983e-05 0.000228481 0.0225886 0.00150156 0.00378188 0.825046 0.00758409 0.00765141 3.63632e-07 
0.00434184 0.00629051 0.0027329 9.72253e-06 0.0114805 0.00366961 0.000444848 0.00463746 0.0036361 0.000215716 0.000323426 7.90567e-05 5.61373e-05 9.99251e-05 5.60691e-05 6.9134e-09 1.20151e-05 6.05757e-05 0.00167567 9.16655e-12 0.0626524 2.28108e-08 0.00188321 0.00249225 4.43827e-05 0.834417 0.0545958 0.00247716 0.00161609 5.7844e-09 
0.253192 0.135603 0.00723088 0.00244743 0.0212201 0.0142105 0.117578 0.00890423 0.010885 0.00376097 0.00394358 0.00828817 0.00238088 1.89572e-05 0.00326298 0.00134329 0.00227699 0.000390794 0.0115044 1.44955e-07 0.308445 1.1502e-05 0.00204848 0.015507 6.99032e-05 0.00431096 0.024443 0.0206171 0.0161034 1.2798e-06 
0.00409386 0.035533 0.00394018 3.03191e-07 0.0901348 0.0183749 0.110869 0.0941473 0.0285223 0.0246072 0.0364465 0.00048498 0.0633286 0.000727311 0.00885148 3.02647e-07 3.0277e-07 0.00224287 3.03196e-07 3.02613e-07 3.03227e-07 0.00739692 0.00345545 0.109007 3.03008e-07 0.000848975 0.00918744 0.290488 0.0573102 3.02801e-07 
4.64316e-06 0.0111465 4.64072e-06 0.0190394 4.64241e-06 4.64292e-06 4.64352e-06 0.0301836 4.64124e-06 4.6403e-06 0.0125406 4.63851e-06 4.642e-06 4.63847e-06 4.64156e-06 4.63428e-06 4.63617e-06 4.64045e-06 4.6427e-06 4.63376e-06 4.64317e-06 0.84389 4.64095e-06 0.0580421 0.0120682 4.64119e-06 4.64283e-06 4.6436e-06 4.64317e-06 0.0129872 
0.0508251 0.207162 0.497423 1.02538e-06 0.00150146 0.000654143 0.0957308 0.00366214 0.000107009 0.0599884 0.00116734 0.00433109 7.87681e-06 1.81685e-06 4.54193e-08 1.09721e-08 0.0001368 0.00319239 0.00186465 2.14217e-09 0.0663433 0.000895045 6.47495e-06 0.000613029 0.000222683 0.00104888 0.000306393 0.00258793 0.000219648 3.38583e-08 
0.040346 0.0100837 0.00290497 1.53437e-05 0.00942361 0.000895176 0.00283241 0.00234675 0.00122978 2.14306e-05 0.00121047 1.2857e-05 0.000330335 0.00387107 0.000176584 1.01434e-07 5.096e-06 3.55952e-05 0.00746366 2.00707e-12 0.0484007 1.22983e-05 0.000228481 0.0225886 0.00150156 0.00378188 0.825046 0.00758409 0.00765141 3.63632e-07 
0.000192048 0.000180852 0.000199586 0.178935 0.0812765 0.0632819 0.000752884 0.00533848 0.0922306 0.000551038 0.107082 0.00027477 0.00134114 0.00174354 7.7412e-06 0.0176863 0.000544266 0.0432899 0.00369428 8.20549e-07 0.00579326 0.00224766 0.00971834 0.319162 0.00012702 0.00668025 0.0190891 0.0163528 0.0056923 0.0165335 
0.040346 0.0100837 0.00290497 1.53437e-05 0.00942361 0.000895176 0.00283241 0.00234675 0.00122978 2.14306e-05 0.00121047 1.2857e-05 0.000330335 0.00387107 0.000176584 1.01434e-07 5.096e-06 3.55952e-05 0.00746366 2.00707e-12 0.0484007 1.22983e-05 0.000228481 0.0225886 0.00150156 0.00378188 0.825046 0.00758409 0.00765141 3.63632e-07 
2.36549e-06 0.0279109 0.013715 0.0141937 0.025782 0.0468367 2.36567e-06 0.15588 2.36451e-06 0.0269523 2.36538e-06 2.36312e-06 0.0248338 2.3631e-06 0.0163186 2.36097e-06 2.36193e-06 0.037828 0.0338256 2.3607e-06 2.36549e-06 0.231754 0.0250647 0.0428161 0.0340409 0.0437452 0.0425783 0.0802001 0.0756983 2.36217e-06 
0.230046 0.017624 0.00469622 0.00140672 0.00607631 0.0107893 0.0253235 0.0668594 0.00448581 0.00507536 0.129739 1.40534e-07 0.0314331 1.40533e-07 0.00309392 1.40406e-07 0.00217731 0.00463969 0.0181313 1.4039e-07 1.40675e-07 0.00303785 0.00278418 0.102197 0.00143399 0.00662309 0.0134055 0.294559 0.0141802 0.000182761 
0.00120986 0.0113368 0.00237769 3.40138e-05 0.00553242 0.313928 0.0372084 0.0729772 0.00924609 0.00190313 0.0463121 1.45387e-06 0.00445124 0.00665243 0.0014886 2.34813e-08 0.000553776 0.00134586 0.0369697 4.61312e-09 0.0906796 1.1972e-05 0.00202729 0.0151029 2.4545e-05 0.00690606 0.018417 0.245224 0.0680767 1.22014e-06 
5.4736e-06 5.47276e-06 0.157015 5.47296e-06 5.47271e-06 0.144501 0.123171 0.294469 0.00875964 0.0372028 0.0251829 5.46811e-06 0.0733333 5.46807e-06 0.0470622 0.0125707 5.46535e-06 5.4704e-06 5.47305e-06 5.46252e-06 5.4736e-06 5.47203e-06 5.47099e-06 5.4734e-06 0.0186023 5.47127e-06 5.4732e-06 0.0580311 5.4736e-06 5.46591e-06 
0.040346 0.0100837 0.00290497 1.53437e-05 0.00942361 0.000895176 0.00283241 0.00234675 0.00122978 2.14306e-05 0.00121047 1.2857e-05 0.000330335 0.00387107 0.000176584 1.01434e-07 5.096e-06 3.55952e-05 0.00746366 2.00707e-12 0.0484007 1.22983e-05 0.000228481 0.0225886 0.00150156 0.00378188 0.825046 0.00758409 0.00765141 3.63632e-07 
0.0259548 0.0289439 0.0365268 3.26467e-05 0.0018779 0.000431107 0.111045 0.00272073 9.28202e-05 0.00144373 4.11552e-05 0.732329 4.19311e-06 8.64444e-07 0.00135524 3.31228e-07 1.52472e-06 4.25317e-05 0.0029332 1.35902e-07 0.0287878 0.000622414 2.12415e-05 0.0028365 9.86461e-05 0.000301312 5.99218e-05 0.0206341 0.000859058 1.04089e-06 
0.000985194 0.010141 0.0208299 0.000266266 0.00866529 0.134095 0.0447993 0.14746 0.0809581 0.00474642 0.00489395 0.00121462 0.000779191 0.00270061 0.0395222 0.0162556 2.29309e-05 0.00582051 0.0096148 1.52774e-06 0.01285 0.115757 0.000502117 0.131256 0.000337842 0.00139478 0.00397694 0.171329 0.0288184 5.30842e-06 
0.0145441 0.0702283 0.0716596 1.11092e-05 0.00196021 0.000148633 0.165896 0.0067188 7.43655e-05 0.00130273 3.30012e-05 0.627136 1.02674e-05 3.78106e-07 0.00239322 0.000851662 4.79968e-06 2.87504e-05 0.00179095 6.99393e-08 0.0183876 0.000138523 0.00258343 0.00135937 1.21231e-05 9.58864e-05 0.000168558 0.011794 0.00066758 7.15224e-07 
0.00409386 0.035533 0.00394018 3.03191e-07 0.0901348 0.0183749 0.110869 0.0941473 0.0285223 0.0246072 0.0364465 0.00048498 0.0633286 0.000727311 0.00885148 3.02647e-07 3.0277e-07 0.00224287 3.03196e-07 3.02613e-07 3.03227e-07 0.00739692 0.00345545 0.109007 3.03008e-07 0.000848975 0.00918744 0.290488 0.0573102 3.02801e-07 
0.00451009 0.01294 0.0033544 0.000179995 0.020477 0.146267 0.00571101 0.0193767 0.0516173 0.000632648 0.141882 0.0433725 0.00252307 0.00451728 1.50481e-05 0.00394782 0.00017346 0.000398525 0.00828999 8.87634e-08 0.0694643 0.00020535 0.0492054 0.0189665 4.53693e-06 0.0291136 0.31508 0.0219162 0.0258102 4.76659e-05 
0.0222288 0.0244106 0.00439699 1.61903e-05 0.0508684 0.0020056 0.0272261 0.094209 0.000746064 0.0068611 0.000227616 0.000468167 6.96948e-05 1.92676e-06 0.000120997 2.88703e-09 1.47768e-05 0.000145126 0.00535712 5.57616e-10 0.716335 1.17781e-05 0.000706356 0.00150906 1.57276e-05 0.00981101 0.00962168 0.0215566 0.00105551 2.93023e-06 
