0.00371489 0.00478919 0.00911576 1.16764e-05 0.0176848 0.000971961 0.0286331 0.0141039 0.00015274 0.00448318 6.79284e-05 0.00220608 1.38272e-09 3.41168e-09 1.79154e-08 4.31448e-09 1.68928e-09 0.000267081 0.00791023 8.30055e-10 0.868916 5.88151e-05 3.1915e-09 2.97867e-08 1.9594e-05 0.000495572 0.000542054 0.0355017 0.000349912 3.30413e-06 
0.040346 0.0100837 0.00290497 1.53437e-05 0.00942361 0.000895176 0.00283241 0.00234675 0.00122978 2.14306e-05 0.00121047 1.2857e-05 0.000330335 0.00387107 0.000176584 1.01434e-07 5.096e-06 3.55952e-05 0.00746366 2.00707e-12 0.0484007 1.22983e-05 0.000228481 0.0225886 0.00150156 0.00378188 0.825046 0.00758409 0.00765141 3.63632e-07 
3.43648e-06 0.0121534 0.00341667 0.281051 0.162995 0.0298789 0.149818 0.0723723 1.84181e-07 0.00513426 0.0227663 0.00240771 0.00268986 0.00115975 0.000751189 1.14041e-07 0.00297579 0.0425114 5.51393e-07 1.3508e-09 0.0230941 6.70791e-06 0.0151731 0.000401265 0.00457919 0.124651 1.27401e-06 0.0248574 0.0151425 7.22856e-06 
0.040346 0.0100837 0.00290497 1.53437e-05 0.00942361 0.000895176 0.00283241 0.00234675 0.00122978 2.14306e-05 0.00121047 1.2857e-05 0.000330335 0.00387107 0.000176584 1.01434e-07 5.096e-06 3.55952e-05 0.00746366 2.00707e-12 0.0484007 1.22983e-05 0.000228481 0.0225886 0.00150156 0.00378188 0.825046 0.00758409 0.00765141 3.63632e-07 
0.0110491 0.00252481 0.00132032 0.00133 0.00769843 0.0246234 0.0141121 0.00617788 0.00249106 0.000666487 0.209878 0.00458767 0.0261251 9.70059e-05 0.00188264 6.5341e-08 2.32123e-05 0.00040902 0.0361775 4.19199e-08 0.0572315 0.000646654 0.00161154 0.0270755 3.05561e-05 0.000752161 0.0116141 0.514378 0.0354836 2.0263e-06 
0.0462794 0.000672983 0.00115927 0.00583687 0.0784859 0.0431598 0.0338509 0.0142895 0.00905133 0.00519569 0.0155913 2.06272e-05 0.0281721 3.52505e-05 0.0356237 0.000671468 0.000647645 0.000265601 0.00839145 5.74815e-06 0.155231 0.000195394 0.0315069 0.272703 0.00030934 0.00630163 0.0795506 0.0658818 0.0608196 9.33756e-05 
0.0212985 0.0652269 0.00428984 0.000117045 0.0763538 0.0190835 0.278759 0.0812135 0.000419949 0.0321759 0.019462 0.000955493 0.0017098 2.02307e-06 0.104109 3.05351e-07 0.0867497 0.00517756 0.0605133 3.32745e-08 0.0697027 3.86292e-05 0.00238692 0.0131024 0.00129643 0.00268916 0.00764198 0.0308347 0.0146758 1.50541e-05 
0.00409386 0.035533 0.00394018 3.03191e-07 0.0901348 0.0183749 0.110869 0.0941473 0.0285223 0.0246072 0.0364465 0.00048498 0.0633286 0.000727311 0.00885148 3.02647e-07 3.0277e-07 0.00224287 3.03196e-07 3.02613e-07 3.03227e-07 0.00739692 0.00345545 0.109007 3.03008e-07 0.000848975 0.00918744 0.290488 0.0573102 3.02801e-07 
0.0673149 0.0421901 0.0153334 0.0027659 0.0563064 0.031485 0.0499834 0.0436735 0.0137598 0.00781078 0.0866078 3.21295e-07 0.0137299 0.00456266 0.00205796 3.21002e-07 0.00122062 0.0107682 0.0853488 3.20966e-07 0.0479212 0.0351751 0.00485444 0.0573105 0.0290214 0.163601 0.0672455 0.0275976 0.0306504 0.0017025 
0.0055484 0.00897137 1.40541e-05 8.79951e-05 0.000374388 0.00742397 0.00583896 0.00805441 4.70413e-05 0.000817207 0.453001 0.000157553 0.0576771 1.43445e-05 0.000334324 1.14733e-06 0.000285482 0.00074431 0.00902917 2.97479e-07 0.00665971 0.00437702 0.000382325 0.0535688 0.00062117 0.000158009 0.000955761 0.334323 0.0405315 8.64281e-07 
1.13804e-06 1.13786e-06 0.00216227 1.1379e-06 0.180805 0.0416511 1.13812e-06 0.0512099 0.0131969 1.13733e-06 1.13798e-06 1.1369e-06 1.13775e-06 1.13689e-06 1.13764e-06 1.13586e-06 0.00261467 0.00170719 0.00478041 1.13573e-06 0.255832 1.13771e-06 1.13749e-06 1.13799e-06 1.13722e-06 0.00932901 0.0481366 0.29478 0.0937753 1.13644e-06 
0.040346 0.0100837 0.00290497 1.53437e-05 0.00942361 0.000895176 0.00283241 0.00234675 0.00122978 2.14306e-05 0.00121047 1.2857e-05 0.000330335 0.00387107 0.000176584 1.01434e-07 5.096e-06 3.55952e-05 0.00746366 2.00707e-12 0.0484007 1.22983e-05 0.000228481 0.0225886 0.00150156 0.00378188 0.825046 0.00758409 0.00765141 3.63632e-07 
0.00403192 0.000425477 0.000228978 6.25287e-06 0.0119829 0.0413514 0.00322356 0.013242 0.00761694 8.45276e-05 0.00514938 8.79319e-06 0.000472708 0.000197419 0.00077148 1.16791e-05 2.10521e-05 0.00304187 0.0322198 1.00064e-08 0.551132 0.00019781 0.00143301 0.168886 3.96687e-05 0.000473038 0.0504819 0.0707465 0.0325197 1.94649e-06 
0.003151 0.0132234 0.000918467 6.87252e-06 0.00412259 0.00124767 0.0053724 0.0158749 0.00403921 0.00550648 7.54782e-05 0.000632878 2.55641e-06 3.18316e-06 4.02475e-05 2.84141e-08 1.11624e-08 0.00075929 0.0208279 5.54269e-09 0.807439 0.000568502 9.26016e-05 0.000628323 2.93927e-08 0.000740646 0.000153255 0.1069 0.00767246 6.88726e-08 
0.0154456 0.0506516 0.253006 5.76694e-07 0.00591268 0.000266216 0.553083 0.0111563 0.00248869 0.00148941 0.00671119 0.00672023 0.000414371 4.60453e-06 0.00579847 7.64008e-05 5.19795e-07 0.00178464 0.00251717 2.98431e-10 0.0209285 7.27453e-05 1.53018e-05 0.0157556 1.84699e-05 0.00548956 0.0132323 0.0258688 0.00108582 5.14235e-06 
0.040346 0.0100837 0.00290497 1.53437e-05 0.00942361 0.000895176 0.00283241 0.00234675 0.00122978 2.14306e-05 0.00121047 1.2857e-05 0.000330335 0.00387107 0.000176584 1.01434e-07 5.096e-06 3.55952e-05 0.00746366 2.00707e-12 0.0484007 1.22983e-05 0.000228481 0.0225886 0.00150156 0.00378188 0.825046 0.00758409 0.00765141 3.63632e-07 
0.117625 0.0245472 0.0100134 5.59946e-08 0.00945151 0.00318076 0.0874862 0.0339686 5.5978e-08 0.00741564 0.00168561 0.000430834 0.00381279 0.00110776 0.0115883 5.58941e-08 3.91976e-05 0.000498174 0.103233 5.58878e-08 0.133143 0.00228985 0.00139383 0.0557416 0.0003638 0.00165138 0.0120227 0.321264 0.0559565 8.9532e-05 
1.18271e-05 0.010535 8.47666e-05 4.57152e-06 0.00203381 0.00161857 0.0637051 0.0790524 1.20074e-05 0.00529144 0.00964011 0.00028546 0.00467599 1.3295e-06 0.000481912 4.01345e-06 7.02071e-06 0.0012454 0.00240905 4.98275e-08 0.000225522 0.7571 3.48117e-05 0.0115536 1.87927e-05 0.00270784 0.00230721 0.0353168 0.00963011 5.44968e-06 
0.00371489 0.00478919 0.00911576 1.16764e-05 0.0176848 0.000971961 0.0286331 0.0141039 0.00015274 0.00448318 6.79284e-05 0.00220608 1.38272e-09 3.41168e-09 1.79154e-08 4.31448e-09 1.68928e-09 0.000267081 0.00791023 8.30055e-10 0.868916 5.88151e-05 3.1915e-09 2.97867e-08 1.9594e-05 0.000495572 0.000542054 0.0355017 0.000349912 3.30413e-06 
0.116905 0.0327828 0.00471612 4.34509e-05 0.343907 0.024507 0.111699 0.0575484 0.0252486 0.0367643 0.00383414 1.52201e-05 0.00255589 6.93967e-05 0.00473121 3.46745e-07 1.67144e-05 0.000270893 0.033693 1.74901e-07 0.0286619 0.00361389 0.00656348 0.0494605 0.000179535 0.00924095 0.0188235 0.0394656 0.0446789 2.97187e-06 
0.00368569 0.00607914 0.00421044 1.7398e-05 0.0410085 0.217632 0.0228257 0.0844167 0.00543948 0.00110622 0.0403925 7.86495e-06 0.00731115 3.02342e-05 0.0192206 0.0227003 0.00018458 0.000554881 0.0802848 1.37081e-08 0.137149 2.35841e-05 0.00612903 0.0179465 6.8191e-05 0.000599094 0.0732333 0.154742 0.0530002 9.64514e-07 
0.0375575 0.0167763 0.0073554 0.0521234 0.345587 0.00928169 0.048479 0.0141204 0.0102204 0.000567334 0.00631625 0.000954153 0.00147558 2.38207e-05 0.000890832 0.00136291 0.000491435 0.00364231 0.0373922 2.07398e-07 0.208271 7.88716e-05 0.039171 0.0682007 0.000291506 0.0502865 0.0122216 0.0193664 0.00749082 3.25808e-06 
0.521607 0.0119011 1.63638e-07 0.000949652 0.0236054 0.00812044 0.0135575 0.0196132 1.63656e-07 1.63623e-07 0.0470522 0.000327283 0.0337352 1.63558e-07 0.00541755 1.63411e-07 0.00338413 0.00106375 1.63707e-07 1.63392e-07 0.0497231 0.000818549 0.00880433 0.0131304 0.00229065 0.0349239 0.0623089 0.065119 0.0722517 0.000294453 
0.0321711 0.00359596 0.00255097 1.18227e-06 0.00546881 0.0184794 0.0317232 0.0232612 3.2385e-05 0.000850332 4.61201e-06 0.00254183 0.000595229 6.49329e-05 0.00227037 0.00084398 8.57121e-08 0.000262385 0.0555003 3.42439e-09 0.357003 0.000699998 8.49552e-05 0.0142408 6.51004e-05 0.00162071 0.000391327 0.41972 0.0259558 8.91676e-08 
0.00201185 0.00518876 0.00139778 1.20739e-05 0.0134803 0.00228726 0.0343278 0.030276 0.0105681 0.000606036 0.0146474 0.00374257 0.000324558 0.000728831 0.00126635 6.50015e-08 4.43278e-06 0.000154361 0.0669196 2.23354e-10 0.467135 0.00577421 0.0125781 0.04218 1.3388e-07 1.40743e-05 0.00396826 0.225645 0.0546727 8.81183e-05 
0.904054 0.00480303 7.01312e-05 4.00285e-07 0.00159311 0.000319002 0.00281887 0.00255288 0.000215133 3.4945e-05 0.00734911 0.000332574 0.00157669 0.000206568 0.000237079 8.31286e-08 0.000141829 4.66292e-05 0.000451164 1.02027e-12 0.00473916 7.66073e-08 8.70266e-05 0.00559413 8.07677e-06 0.00210833 0.053436 0.00347923 0.00374445 7.73797e-07 
5.51579e-05 5.51494e-05 5.51288e-05 5.51515e-05 5.51489e-05 0.231707 0.584774 5.51549e-05 5.51351e-05 5.51239e-05 5.51554e-05 5.51026e-05 0.182031 5.51021e-05 5.51388e-05 5.50524e-05 5.50748e-05 5.51256e-05 5.51524e-05 5.50462e-05 5.51579e-05 5.51421e-05 5.51316e-05 5.51559e-05 5.51181e-05 5.51345e-05 5.51539e-05 5.51631e-05 5.51579e-05 5.50804e-05 
0.040346 0.0100837 0.00290497 1.53437e-05 0.00942361 0.000895176 0.00283241 0.00234675 0.00122978 2.14306e-05 0.00121047 1.2857e-05 0.000330335 0.00387107 0.000176584 1.01434e-07 5.096e-06 3.55952e-05 0.00746366 2.00707e-12 0.0484007 1.22983e-05 0.000228481 0.0225886 0.00150156 0.00378188 0.825046 0.00758409 0.00765141 3.63632e-07 
0.00079412 0.00256513 0.000637529 0.00211744 0.0117963 0.0320911 0.00370374 0.00134675 0.00617274 0.00104355 0.637703 7.4508e-10 0.011496 0.00059324 0.000149207 9.64234e-09 0.000321017 0.000541495 0.0131472 6.16325e-12 0.00516217 1.59219e-08 0.000753814 0.111277 0.00058001 0.00971176 0.102716 0.0424675 0.00110631 6.18931e-06 
0.040346 0.0100837 0.00290497 1.53437e-05 0.00942361 0.000895176 0.00283241 0.00234675 0.00122978 2.14306e-05 0.00121047 1.2857e-05 0.000330335 0.00387107 0.000176584 1.01434e-07 5.096e-06 3.55952e-05 0.00746366 2.00707e-12 0.0484007 1.22983e-05 0.000228481 0.0225886 0.00150156 0.00378188 0.825046 0.00758409 0.00765141 3.63632e-07 
0.053116 0.0213303 0.0039654 1.43954e-05 0.0118068 0.00168889 0.0193809 0.0266399 0.02214 0.000448926 0.0057775 8.90501e-06 0.000475018 0.00103199 0.00497484 6.431e-08 3.76003e-06 0.000491735 0.0862416 3.93175e-11 0.335198 1.03048e-05 0.00871593 0.0329013 0.000234773 0.00716054 0.318733 0.0205705 0.0168627 7.65725e-05 
0.00133754 0.00258244 0.00364448 1.5092e-05 0.0127108 0.0327593 0.011513 0.0187483 0.00609518 0.000371962 0.0635657 3.22629e-06 0.00134417 2.36768e-05 0.00139696 4.65172e-07 4.70497e-05 0.000302671 0.02245 3.03284e-07 0.0481613 0.00565233 0.00473229 0.534646 1.8336e-06 0.000780443 0.0185549 0.187599 0.0208114 0.000148934 
0.00827004 0.00544866 0.0018296 1.5871e-05 0.00936139 0.011072 0.000962154 0.00484791 0.00316191 0.000242399 0.00182541 0.000197525 0.000127535 0.000213707 0.000129316 6.36935e-07 2.79349e-05 9.80857e-05 0.00500527 1.59133e-11 0.0626358 0.000194334 0.00232677 0.00524775 5.33074e-05 0.805371 0.0544041 0.013257 0.00367195 8.00123e-08 
0.0321711 0.00359596 0.00255097 1.18227e-06 0.00546881 0.0184794 0.0317232 0.0232612 3.2385e-05 0.000850332 4.61201e-06 0.00254183 0.000595229 6.49329e-05 0.00227037 0.00084398 8.57121e-08 0.000262385 0.0555003 3.42439e-09 0.357003 0.000699998 8.49552e-05 0.0142408 6.51004e-05 0.00162071 0.000391327 0.41972 0.0259558 8.91676e-08 
0.000392505 7.5966e-06 7.79382e-05 1.27979e-06 0.00131737 0.0412941 0.000805695 0.000758844 0.0354947 4.68794e-05 0.217926 1.99969e-09 0.0396128 6.14e-05 6.00264e-05 3.06044e-09 0.00123568 1.22663e-05 0.00640328 2.65318e-12 0.00389171 7.58509e-10 0.00101189 0.0320736 2.04309e-05 0.00514895 0.530145 0.0771743 0.00502554 2.15946e-07 
0.215845 0.0133348 3.61578e-05 0.000931525 0.000555511 0.0581406 0.00290956 0.0108523 0.000213478 0.0173232 0.578156 3.37537e-06 0.0158458 0.000592155 1.80822e-07 0.000196608 0.00024874 0.00160155 0.000157386 1.17011e-07 0.000979573 0.00824055 0.00331629 0.0223947 0.00017998 0.00720225 0.00862827 0.0317327 0.000285775 9.56683e-05 
0.00409386 0.035533 0.00394018 3.03191e-07 0.0901348 0.0183749 0.110869 0.0941473 0.0285223 0.0246072 0.0364465 0.00048498 0.0633286 0.000727311 0.00885148 3.02647e-07 3.0277e-07 0.00224287 3.03196e-07 3.02613e-07 3.03227e-07 0.00739692 0.00345545 0.109007 3.03008e-07 0.000848975 0.00918744 0.290488 0.0573102 3.02801e-07 
0.00166275 0.0253069 0.0284264 8.04948e-07 0.00442276 0.004545 0.181923 0.00164588 0.000516435 0.0181445 0.00179845 0.00755249 0.000651709 0.000758318 0.624049 2.50749e-07 8.61617e-06 0.00282077 0.00312215 4.23495e-09 0.0275747 0.000286026 0.000986809 0.00281013 0.000179873 0.000320615 0.000553815 0.0428683 0.0170632 1.07537e-07 
3.5433e-05 3.54276e-05 3.54144e-05 3.54289e-05 0.0354627 3.54312e-05 3.54358e-05 3.54311e-05 3.54184e-05 0.0885632 3.54314e-05 3.53975e-05 3.54242e-05 3.53972e-05 0.0602508 3.53653e-05 3.53796e-05 0.0814837 3.54295e-05 3.53613e-05 3.54331e-05 0.474703 3.54162e-05 0.248058 3.54075e-05 3.5418e-05 0.0106646 3.54364e-05 3.54331e-05 3.53833e-05 
0.00010615 0.00169818 0.000619356 2.6667e-06 0.00798324 0.021484 0.028072 0.00149441 0.000205254 0.000717132 0.183403 0.00137061 0.0435386 4.37865e-06 0.00352613 7.02724e-08 8.99879e-05 0.000112343 0.00148666 1.18148e-11 0.0114082 0.000499341 0.00184844 0.00584452 0.000199666 0.000446302 0.00693638 0.653783 0.0231194 1.78363e-07 
0.0653708 0.0105776 0.0740886 2.10657e-06 0.0026214 0.00228765 0.105587 0.0072374 0.000963669 0.619521 0.000346563 0.00907335 0.000190675 8.84368e-07 0.0203149 1.67348e-07 9.1334e-07 4.5837e-06 0.00106754 1.00474e-08 0.0584599 0.000780154 2.35211e-05 0.0023632 2.3217e-05 2.29457e-05 0.000179486 0.0132584 0.00563289 2.02592e-07 
0.0284645 0.176118 0.0894435 7.22497e-05 0.0045841 0.0269694 0.280721 0.0462186 0.00241749 0.0233295 0.00503158 0.100822 0.00633972 0.000293247 0.0364746 0.00396909 0.00131174 0.010329 0.0267217 2.16831e-06 0.028844 0.00499371 0.0157079 0.0132063 0.00156592 0.000376915 0.00516372 0.0449342 0.0155712 2.83438e-06 
0.00603568 0.0393989 0.00120904 4.39889e-05 0.00855594 0.0516507 0.00951338 0.0747723 0.0102425 0.0129009 0.0200469 4.3577e-05 0.0137244 0.00324325 0.00178153 0.00102917 1.94407e-05 0.0255996 0.0173825 7.6073e-06 0.00596737 0.0197599 0.537383 0.0120055 0.000396716 0.00139889 0.0975716 0.00930665 0.0189721 3.72596e-05 
0.00710259 0.00926788 0.00235058 2.66225e-05 0.00725608 0.00170972 0.0106779 0.0137792 0.00794725 0.00357468 0.0002129 0.00187157 1.26875e-05 3.8979e-06 9.95278e-05 1.9916e-07 7.35872e-07 0.000630848 0.0236185 9.52312e-09 0.785166 0.000280219 0.000184022 0.000853104 9.25887e-06 0.0132067 0.0023927 0.0933465 0.0144184 1.17255e-07 
0.040346 0.0100837 0.00290497 1.53437e-05 0.00942361 0.000895176 0.00283241 0.00234675 0.00122978 2.14306e-05 0.00121047 1.2857e-05 0.000330335 0.00387107 0.000176584 1.01434e-07 5.096e-06 3.55952e-05 0.00746366 2.00707e-12 0.0484007 1.22983e-05 0.000228481 0.0225886 0.00150156 0.00378188 0.825046 0.00758409 0.00765141 3.63632e-07 
1.82672e-05 0.0171048 5.43169e-06 9.82177e-08 0.000938437 0.00340617 0.0536815 0.00225714 0.00366111 3.69789e-06 0.0342491 2.13815e-06 0.00147904 0.00397755 0.0103461 4.7836e-06 1.38512e-06 0.00391994 0.00725721 4.87026e-09 0.0235333 0.00306745 0.000623486 0.0454829 3.26766e-06 0.00527747 0.0682986 0.710728 0.000670861 6.12853e-07 
0.00215321 0.00151052 0.000809937 0.000998105 0.00837967 0.0755847 0.0227559 0.00827525 0.000299298 0.000755554 7.02538e-05 0.000328378 0.0170652 2.30721e-05 0.00125461 2.73865e-06 0.000423174 7.52865e-06 0.00186602 2.37494e-06 0.799012 0.0106594 0.000819452 0.00442116 2.06208e-05 4.19458e-05 0.00808398 0.00615084 0.0282192 5.49494e-06 
0.040346 0.0100837 0.00290497 1.53437e-05 0.00942361 0.000895176 0.00283241 0.00234675 0.00122978 2.14306e-05 0.00121047 1.2857e-05 0.000330335 0.00387107 0.000176584 1.01434e-07 5.096e-06 3.55952e-05 0.00746366 2.00707e-12 0.0484007 1.22983e-05 0.000228481 0.0225886 0.00150156 0.00378188 0.825046 0.00758409 0.00765141 3.63632e-07 
0.0413383 0.0214464 0.00638533 1.09241e-05 0.0168533 0.0235857 0.0866157 0.0131754 0.0352036 0.00431147 0.00908374 0.00103571 0.00106111 0.000977802 0.0338891 4.44298e-05 0.000179225 0.00042754 0.0584581 1.09638e-06 0.353991 0.000851815 0.00141339 0.0580625 4.79479e-05 0.016183 0.0526858 0.126743 0.0359354 2.34433e-06 
0.0337835 0.00448544 0.00185423 4.45804e-06 0.00282875 0.0293999 0.026871 0.0480087 0.00535996 0.000522061 0.00175888 0.000636011 0.000738474 0.00520678 0.000444866 5.40173e-07 6.80086e-07 0.000938843 0.106991 2.84917e-07 0.050006 0.000177329 0.00543074 0.178687 1.32322e-05 0.00033116 0.254844 0.199881 0.0407946 5.1165e-07 
0.033349 0.0333439 0.0333315 0.0333451 0.0333436 0.0333473 0.0333516 0.0333472 0.0333353 0.0333285 0.0333475 0.0333156 0.0333407 0.0333153 0.0333375 0.0332853 0.0332988 0.0333295 0.0333457 0.0332815 0.0333491 0.0333395 0.0333332 0.0333478 0.033325 0.0333349 0.0333466 0.0333522 0.0333491 0.0333022 
0.0107043 0.00821877 0.00132304 0.0336949 0.0261786 0.017933 0.038217 0.018719 0.0160786 0.0012976 0.00732385 0.00123889 0.00109438 3.68187e-05 0.00164456 2.85385e-07 1.6123e-05 0.000279849 0.0453028 1.07891e-07 0.238092 0.000237986 0.0022042 0.0339334 0.00148163 0.0776376 0.0330376 0.286202 0.0975383 0.0003329 
6.11595e-07 0.00221748 0.00225614 3.02835e-07 0.0399979 0.000476191 0.0160206 0.0106797 4.49644e-05 0.0007423 0.0825252 0.000612157 3.33145e-06 1.48715e-05 0.000412594 3.87286e-08 6.60815e-06 9.88976e-06 0.0642497 2.18602e-09 0.0853455 5.04763e-05 9.57882e-06 0.0388398 4.26327e-05 3.11543e-05 0.000439912 0.582917 0.0720533 1.72664e-07 
0.00711623 0.00145926 3.46242e-05 0.000168551 0.00307859 0.0110187 0.00441099 0.00919143 0.0118142 0.00185776 0.49311 5.20518e-06 0.000689103 0.0227636 0.000185085 4.78823e-09 5.11044e-06 0.00137864 0.0101346 3.13763e-10 0.00226336 0.000521203 0.0296343 0.231359 1.30217e-05 0.00181 0.133957 0.0214705 0.000538605 1.09731e-05 
2.28781e-06 0.0059497 0.0075481 0.00800871 0.0130407 2.2877e-06 0.0130438 0.0258532 0.00754896 2.2864e-06 0.0430113 2.28552e-06 2.28724e-06 2.2855e-06 2.28702e-06 0.118513 2.28437e-06 0.0105201 0.148009 2.28318e-06 2.28782e-06 0.0516922 2.28673e-06 0.507419 2.28616e-06 2.28684e-06 0.00686524 2.28803e-06 0.0297439 0.00320072 
0.0457833 0.00181007 0.00306677 1.46935e-08 0.00175376 0.0802466 0.0142141 0.0345551 0.00905642 0.0087874 0.0127306 0.000229028 0.00899218 1.68379e-07 0.0111709 5.28899e-08 0.095099 0.00102897 2.0991e-07 6.20045e-11 0.0698772 0.00033476 3.18595e-07 0.0820711 0.000126904 0.00180646 0.00223962 0.206454 0.308425 0.000139954 
0.00111466 0.00246269 0.0027349 3.50654e-06 0.0185734 0.00168708 0.00881939 0.0127084 0.0155294 0.00134509 2.03897e-05 0.000662054 2.52197e-06 3.77104e-09 1.97917e-08 4.76996e-09 1.86925e-09 0.000192786 0.0186982 9.21022e-10 0.8192 1.76704e-05 0.000289585 0.000370024 5.88624e-06 0.00455913 0.00760543 0.0800361 0.00336006 1.22933e-06 
0.000839839 0.000706644 6.0829e-05 9.03896e-07 0.0275467 0.120057 0.00409284 0.0244377 3.87508e-05 0.000128435 0.0148483 0.000111971 0.0190263 5.11507e-06 0.00180315 2.01514e-07 6.10908e-08 0.000395536 0.0014739 5.66429e-10 0.0470553 0.000470025 8.53249e-05 0.0184168 7.79877e-05 1.63206e-06 0.00278228 0.28762 0.427917 5.14882e-07 
0.040346 0.0100837 0.00290497 1.53437e-05 0.00942361 0.000895176 0.00283241 0.00234675 0.00122978 2.14306e-05 0.00121047 1.2857e-05 0.000330335 0.00387107 0.000176584 1.01434e-07 5.096e-06 3.55952e-05 0.00746366 2.00707e-12 0.0484007 1.22983e-05 0.000228481 0.0225886 0.00150156 0.00378188 0.825046 0.00758409 0.00765141 3.63632e-07 
0.040346 0.0100837 0.00290497 1.53437e-05 0.00942361 0.000895176 0.00283241 0.00234675 0.00122978 2.14306e-05 0.00121047 1.2857e-05 0.000330335 0.00387107 0.000176584 1.01434e-07 5.096e-06 3.55952e-05 0.00746366 2.00707e-12 0.0484007 1.22983e-05 0.000228481 0.0225886 0.00150156 0.00378188 0.825046 0.00758409 0.00765141 3.63632e-07 
0.0216431 0.00247519 0.00345326 2.48679e-05 0.00521978 0.0222262 0.0256998 0.0400483 0.00257511 0.00734252 0.0130913 0.000353072 0.0248348 0.0014968 0.00357442 6.70235e-07 2.29667e-06 0.00147636 0.0105804 8.18606e-08 0.0257672 0.00919138 0.00247986 0.0200078 0.000577637 0.00116707 0.132733 0.506883 0.115069 5.84866e-06 
0.0600362 1.36394e-05 1.36343e-05 0.00410559 1.36392e-05 1.36407e-05 1.36425e-05 1.36407e-05 0.0763743 1.3633e-05 0.0423003 1.36278e-05 1.3638e-05 0.0599754 1.36367e-05 1.36154e-05 1.36209e-05 1.36335e-05 1.36401e-05 1.36138e-05 1.36415e-05 0.523696 0.0927312 1.3641e-05 1.36316e-05 1.36357e-05 0.0477553 1.36427e-05 0.0668567 0.025896 
0.00139714 0.0198449 0.00585951 2.26863e-07 0.00173058 0.00278681 0.0122133 0.134732 0.191877 0.000606919 0.00231089 2.29994e-05 0.0019241 0.011355 0.0123767 7.47431e-07 0.000102907 0.000215847 0.0679899 2.21046e-08 0.173358 2.24248e-05 0.0246103 0.00912739 9.6471e-06 0.000130095 0.0485798 0.0407011 0.236113 5.02283e-07 
1.13804e-06 1.13786e-06 0.00216227 1.1379e-06 0.180805 0.0416511 1.13812e-06 0.0512099 0.0131969 1.13733e-06 1.13798e-06 1.1369e-06 1.13775e-06 1.13689e-06 1.13764e-06 1.13586e-06 0.00261467 0.00170719 0.00478041 1.13573e-06 0.255832 1.13771e-06 1.13749e-06 1.13799e-06 1.13722e-06 0.00932901 0.0481366 0.29478 0.0937753 1.13644e-06 
0.0910891 0.0537869 0.0232686 2.86238e-07 0.0377626 0.00731692 0.264202 0.0104544 8.74888e-05 0.0375255 0.0155849 0.00145256 9.23467e-05 0.000150577 0.00279088 9.77593e-09 0.000325736 3.33183e-05 0.0252757 1.97648e-09 0.35075 0.00168597 3.1711e-05 0.0135371 5.16414e-05 0.00093034 0.0013451 0.0391883 0.0212798 4.9399e-08 
0.040346 0.0100837 0.00290497 1.53437e-05 0.00942361 0.000895176 0.00283241 0.00234675 0.00122978 2.14306e-05 0.00121047 1.2857e-05 0.000330335 0.00387107 0.000176584 1.01434e-07 5.096e-06 3.55952e-05 0.00746366 2.00707e-12 0.0484007 1.22983e-05 0.000228481 0.0225886 0.00150156 0.00378188 0.825046 0.00758409 0.00765141 3.63632e-07 
0.262609 0.0100663 0.0788404 6.98385e-05 0.00134669 0.0159184 0.554008 0.00128442 9.3719e-05 0.00326782 4.4227e-05 0.00206869 8.5492e-05 4.10324e-06 0.00131714 2.28858e-05 0.00154507 0.00313167 0.0113726 2.13219e-06 0.0289508 0.000943065 0.000510354 0.00291577 3.30027e-05 3.69654e-05 0.00103485 0.0137642 0.00471047 2.45518e-06 
0.040346 0.0100837 0.00290497 1.53437e-05 0.00942361 0.000895176 0.00283241 0.00234675 0.00122978 2.14306e-05 0.00121047 1.2857e-05 0.000330335 0.00387107 0.000176584 1.01434e-07 5.096e-06 3.55952e-05 0.00746366 2.00707e-12 0.0484007 1.22983e-05 0.000228481 0.0225886 0.00150156 0.00378188 0.825046 0.00758409 0.00765141 3.63632e-07 
0.0310307 0.00876585 0.00439798 1.45672e-05 0.0257245 0.00121823 0.0131937 0.0114241 0.00155468 0.00167901 4.49794e-05 0.000702164 2.11108e-05 2.8874e-06 1.2557e-08 3.02522e-09 6.75411e-07 0.000205673 0.00931294 5.83102e-10 0.791961 1.76575e-05 0.000313917 0.000369598 1.81701e-05 0.0144684 0.0181804 0.0641529 0.00122176 2.25619e-06 
0.040346 0.0100837 0.00290497 1.53437e-05 0.00942361 0.000895176 0.00283241 0.00234675 0.00122978 2.14306e-05 0.00121047 1.2857e-05 0.000330335 0.00387107 0.000176584 1.01434e-07 5.096e-06 3.55952e-05 0.00746366 2.00707e-12 0.0484007 1.22983e-05 0.000228481 0.0225886 0.00150156 0.00378188 0.825046 0.00758409 0.00765141 3.63632e-07 
0.02559 0.0920477 0.116364 4.74686e-05 0.00830998 0.00696134 0.303743 0.00688567 0.00200763 0.0110978 0.000657135 0.0332983 0.000128398 4.46677e-06 0.110267 3.88727e-07 2.96517e-06 0.00279211 0.0338274 1.62374e-08 0.115484 0.000164667 0.0011303 0.00138169 0.011535 0.0195402 0.00836534 0.0758215 0.0125326 1.22775e-05 
0.040346 0.0100837 0.00290497 1.53437e-05 0.00942361 0.000895176 0.00283241 0.00234675 0.00122978 2.14306e-05 0.00121047 1.2857e-05 0.000330335 0.00387107 0.000176584 1.01434e-07 5.096e-06 3.55952e-05 0.00746366 2.00707e-12 0.0484007 1.22983e-05 0.000228481 0.0225886 0.00150156 0.00378188 0.825046 0.00758409 0.00765141 3.63632e-07 
0.00371489 0.00478919 0.00911576 1.16764e-05 0.0176848 0.000971961 0.0286331 0.0141039 0.00015274 0.00448318 6.79284e-05 0.00220608 1.38272e-09 3.41168e-09 1.79154e-08 4.31448e-09 1.68928e-09 0.000267081 0.00791023 8.30055e-10 0.868916 5.88151e-05 3.1915e-09 2.97867e-08 1.9594e-05 0.000495572 0.000542054 0.0355017 0.000349912 3.30413e-06 
0.00607977 0.00467857 0.00160876 1.67431e-05 0.00739124 0.0115493 0.00110537 0.00483945 0.00297992 0.000244541 0.00166707 0.000140209 0.00015237 0.000206349 0.00014346 4.08026e-07 3.37094e-05 0.000106291 0.00588501 1.83698e-11 0.058394 0.000229255 0.00246537 0.00621834 5.41356e-05 0.808156 0.0539478 0.0174508 0.00425539 5.24928e-08 
0.0310306 0.00791687 0.00439795 2.4281e-05 0.0433667 0.000808199 0.0131937 0.0160723 0.000536887 0.00167899 4.49775e-05 0.000702146 3.90376e-06 2.88648e-06 1.1532e-08 2.77796e-09 6.74833e-07 0.000217668 0.00803559 5.35147e-10 0.837845 1.76555e-05 6.9544e-05 0.000369594 2.35842e-05 0.00372235 0.00733656 0.0218258 0.000750886 4.39087e-06 
0.040346 0.0100837 0.00290497 1.53437e-05 0.00942361 0.000895176 0.00283241 0.00234675 0.00122978 2.14306e-05 0.00121047 1.2857e-05 0.000330335 0.00387107 0.000176584 1.01434e-07 5.096e-06 3.55952e-05 0.00746366 2.00707e-12 0.0484007 1.22983e-05 0.000228481 0.0225886 0.00150156 0.00378188 0.825046 0.00758409 0.00765141 3.63632e-07 
0.040346 0.0100837 0.00290497 1.53437e-05 0.00942361 0.000895176 0.00283241 0.00234675 0.00122978 2.14306e-05 0.00121047 1.2857e-05 0.000330335 0.00387107 0.000176584 1.01434e-07 5.096e-06 3.55952e-05 0.00746366 2.00707e-12 0.0484007 1.22983e-05 0.000228481 0.0225886 0.00150156 0.00378188 0.825046 0.00758409 0.00765141 3.63632e-07 
0.00010615 0.00169818 0.000619356 2.6667e-06 0.00798324 0.021484 0.028072 0.00149441 0.000205254 0.000717132 0.183403 0.00137061 0.0435386 4.37865e-06 0.00352613 7.02724e-08 8.99879e-05 0.000112343 0.00148666 1.18148e-11 0.0114082 0.000499341 0.00184844 0.00584452 0.000199666 0.000446302 0.00693638 0.653783 0.0231194 1.78363e-07 
1.51728e-05 1.51705e-05 1.51648e-05 1.51711e-05 1.51704e-05 1.51721e-05 0.10775 1.5172e-05 0.104665 0.0455056 0.0288422 1.51576e-05 0.0273194 1.51575e-05 1.51676e-05 1.51438e-05 1.515e-05 0.0212447 1.51713e-05 1.51421e-05 1.51728e-05 0.00608257 0.00153173 1.51723e-05 0.00456373 0.585436 0.0667707 1.51743e-05 1.51728e-05 1.51515e-05 
0.00731395 0.00497124 0.00164117 1.69126e-05 0.00816976 0.0113977 0.00113306 0.00486677 0.00306955 0.00024848 0.00178076 0.000171995 0.000154406 0.000220128 0.000142765 5.49612e-07 3.353e-05 0.000107139 0.00610128 1.82373e-11 0.0606349 0.00023784 0.00245842 0.00623673 5.76527e-05 0.799452 0.0548348 0.0201285 0.00441836 6.94886e-08 
0.00079412 0.00256513 0.000637529 0.00211744 0.0117963 0.0320911 0.00370374 0.00134675 0.00617274 0.00104355 0.637703 7.4508e-10 0.011496 0.00059324 0.000149207 9.64234e-09 0.000321017 0.000541495 0.0131472 6.16325e-12 0.00516217 1.59219e-08 0.000753814 0.111277 0.00058001 0.00971176 0.102716 0.0424675 0.00110631 6.18931e-06 
0.040346 0.0100837 0.00290497 1.53437e-05 0.00942361 0.000895176 0.00283241 0.00234675 0.00122978 2.14306e-05 0.00121047 1.2857e-05 0.000330335 0.00387107 0.000176584 1.01434e-07 5.096e-06 3.55952e-05 0.00746366 2.00707e-12 0.0484007 1.22983e-05 0.000228481 0.0225886 0.00150156 0.00378188 0.825046 0.00758409 0.00765141 3.63632e-07 
0.00499568 0.00909454 0.000912857 1.7903e-07 0.0255645 0.048234 0.0150057 0.103002 1.78976e-07 0.00531469 0.0600868 1.78871e-07 0.0879637 0.00364912 0.00916441 1.78708e-07 1.78781e-07 0.0206863 1.79032e-07 1.78688e-07 0.0465353 0.0169335 0.00232673 0.0585117 0.00418694 1.78974e-07 0.0131594 0.363399 0.100877 0.000393537 
0.0310306 0.00791687 0.00439795 2.4281e-05 0.0433667 0.000808199 0.0131937 0.0160723 0.000536887 0.00167899 4.49775e-05 0.000702146 3.90376e-06 2.88648e-06 1.1532e-08 2.77796e-09 6.74833e-07 0.000217668 0.00803559 5.35147e-10 0.837845 1.76555e-05 6.9544e-05 0.000369594 2.35842e-05 0.00372235 0.00733656 0.0218258 0.000750886 4.39087e-06 
0.00245226 0.0105187 0.00483618 1.09458e-07 0.0445366 0.034219 0.00868183 0.0311429 1.09426e-07 1.09403e-07 0.0499932 0.00065628 0.00678562 0.000809374 0.00230915 1.09262e-07 0.00123526 0.00789929 0.041179 1.09249e-07 0.0447408 0.00281271 0.0228687 0.106599 1.09392e-07 0.0104501 0.0296864 0.481783 0.0532906 0.000513899 
0.0903768 0.0029068 7.78432e-06 0.000501254 0.010663 0.063939 0.00378663 0.0184831 0.0165494 7.70656e-08 0.0779116 0.0004777 0.0331197 0.000238886 0.000624479 0.000808217 0.000300365 0.000963428 0.0180042 7.6957e-08 0.0300357 7.7091e-08 0.0119007 0.0551109 0.000300602 3.09092e-05 0.0483002 0.313092 0.201527 3.85794e-05 
1.55705e-05 1.55681e-05 1.55623e-05 1.55687e-05 0.0560603 0.0140283 1.55717e-05 0.11056 0.216357 1.55609e-05 1.55698e-05 1.55549e-05 0.0249222 1.55548e-05 1.55651e-05 1.55407e-05 1.5547e-05 1.55614e-05 1.5569e-05 1.5539e-05 0.203989 1.55661e-05 1.55631e-05 1.557e-05 1.55593e-05 1.55639e-05 1.55694e-05 0.177536 0.196204 1.55486e-05 
0.0203972 0.00781957 0.000774784 7.91347e-06 0.010736 0.0118966 0.0150277 0.0218195 0.000257741 0.00456524 0.00485381 0.000338195 0.000524925 0.000544705 0.000551875 2.86411e-08 6.16366e-05 0.000215641 0.173994 5.64286e-09 0.179288 0.000619204 0.000388502 0.0560588 0.000210955 0.00233477 0.00473294 0.44306 0.0389208 2.55097e-07 
2.70959e-07 0.00208633 2.70816e-07 2.70927e-07 0.0144671 0.0118677 0.0123027 0.290669 0.00836944 2.70792e-07 0.00913118 2.70687e-07 0.00292589 0.00162438 0.0031423 2.7044e-07 2.7055e-07 0.00384563 0.0616915 2.7041e-07 0.0871677 2.70881e-07 0.00178775 0.0640524 2.70763e-07 0.00408999 0.0166359 0.340546 0.0635945 2.70578e-07 
9.55493e-07 9.55346e-07 9.5499e-07 9.55381e-07 0.078052 0.114463 9.55567e-07 0.139113 0.0147095 0.00257919 9.55449e-07 9.54536e-07 0.0271302 9.54527e-07 0.0181491 9.53665e-07 9.54053e-07 9.54934e-07 0.0445225 9.53558e-07 0.326684 0.00563675 0.00630422 9.55458e-07 9.54804e-07 9.55087e-07 0.0355427 0.111613 0.075485 9.5415e-07 
2.23673e-05 0.0246226 2.23555e-05 2.23647e-05 2.23636e-05 2.23661e-05 0.156605 2.23661e-05 2.2358e-05 0.789099 2.23663e-05 2.23449e-05 2.23617e-05 2.23447e-05 2.23595e-05 2.23245e-05 2.23336e-05 2.23542e-05 2.2365e-05 2.2322e-05 2.23673e-05 0.0290916 2.23566e-05 2.23665e-05 2.23512e-05 2.23578e-05 2.23657e-05 2.23694e-05 2.23673e-05 2.23359e-05 
0.083813 0.150132 0.194886 0.000638418 0.00701587 0.0020636 0.278401 0.00721617 0.0183996 0.00570453 0.00200354 0.0880183 8.65312e-05 0.00133954 0.00458746 0.00156575 0.000110591 3.9436e-05 0.0416114 1.79376e-06 0.0583016 0.000111717 0.0146512 0.00722869 0.00459724 0.00132363 0.0170811 0.0070609 0.00199152 1.80156e-05 
0.0310306 0.00791687 0.00439795 2.4281e-05 0.0433667 0.000808199 0.0131937 0.0160723 0.000536887 0.00167899 4.49775e-05 0.000702146 3.90376e-06 2.88648e-06 1.1532e-08 2.77796e-09 6.74833e-07 0.000217668 0.00803559 5.35147e-10 0.837845 1.76555e-05 6.9544e-05 0.000369594 2.35842e-05 0.00372235 0.00733656 0.0218258 0.000750886 4.39087e-06 
0.0146849 0.000236163 5.2274e-05 7.36884e-06 0.00244175 0.000669716 7.68237e-05 0.00425715 0.00195532 2.4964e-05 0.0467605 3.72708e-06 0.00359086 2.18826e-06 0.000124548 1.0967e-05 2.10404e-05 0.000139061 0.00336355 1.0005e-08 0.00254082 2.32439e-05 0.000329624 0.62835 7.67587e-06 7.03635e-05 0.00393806 0.272309 0.0140027 5.25452e-06 
0.518853 0.151682 0.00629988 8.35281e-06 0.0183046 0.000873762 0.0636832 0.00449025 0.00187347 0.00234555 0.000329978 0.0175405 3.4168e-05 1.92605e-06 2.86062e-05 2.70925e-07 8.2748e-06 7.11797e-05 0.0148636 4.35e-10 0.16531 1.49948e-05 6.09237e-05 0.00795154 1.97172e-05 0.00369045 0.00831804 0.0124263 0.000915042 9.29563e-08 
0.00414514 0.0144858 0.0271362 0.00334622 0.00996137 0.0276053 0.087009 0.0133085 0.0396826 0.00611868 0.030001 3.79872e-07 0.011139 3.79869e-07 0.00840108 3.79526e-07 3.7968e-07 0.00361066 0.0446756 3.79483e-07 3.80253e-07 3.80144e-07 0.0120867 0.15183 3.79979e-07 0.0105289 0.0456275 0.362187 0.0828197 0.0042912 
0.00934375 0.0192855 0.000240688 0.000218599 0.00496381 0.00558755 0.00814278 0.178085 0.0145942 0.0014186 0.522715 1.15368e-05 0.000159945 0.00114254 0.000336724 2.61902e-09 2.68219e-06 0.0009248 0.00596698 9.2672e-11 0.0123523 0.00931242 0.00329956 0.0649834 1.93787e-07 0.0021367 0.0382942 0.0788939 0.0174832 0.000103854 
0.000984618 0.00493952 0.000311877 5.51972e-05 0.0127445 0.0121507 0.0118936 0.0606179 0.129359 0.000531957 0.00107701 2.15105e-05 0.00350619 0.000717775 0.000261786 3.19108e-06 8.15991e-07 7.57225e-05 0.00899958 1.98694e-08 0.576806 8.3005e-08 0.0016686 0.035433 3.18237e-05 0.0374694 0.0616888 0.016145 0.0225045 7.76482e-07 
0.0310306 0.00791687 0.00439795 2.4281e-05 0.0433667 0.000808199 0.0131937 0.0160723 0.000536887 0.00167899 4.49775e-05 0.000702146 3.90376e-06 2.88648e-06 1.1532e-08 2.77796e-09 6.74833e-07 0.000217668 0.00803559 5.35147e-10 0.837845 1.76555e-05 6.9544e-05 0.000369594 2.35842e-05 0.00372235 0.00733656 0.0218258 0.000750886 4.39087e-06 
4.60147e-05 0.0164749 0.00266086 7.30011e-05 0.00103285 0.00178641 0.0109774 0.352058 0.00012634 0.00504423 0.0137722 1.77287e-05 0.000338517 1.21011e-05 0.0656425 0.000205607 8.15862e-06 0.00077705 0.00734473 6.66068e-08 0.000530643 0.181383 0.000148451 0.297759 7.34542e-06 1.83488e-05 0.000936537 0.0380691 0.0022999 0.000449481 
0.0210172 0.0197344 0.0120057 7.70897e-08 0.0905686 0.00338454 0.051876 0.0585534 7.70669e-08 0.0111725 0.00336914 0.0036586 7.70795e-08 7.70208e-08 0.00348374 7.69513e-08 7.69825e-08 0.00375258 0.0404652 7.69427e-08 0.348009 0.00427783 0.00161838 0.0328352 7.70431e-08 0.00387648 7.70932e-08 0.203375 0.0828504 0.000115563 
0.00824453 0.00754645 0.0106356 0.00407501 0.0164323 0.00709003 0.0253915 0.0307779 0.0177487 0.00420499 0.292332 0.00123243 0.00995844 0.000868806 0.00228579 0.000192241 0.000123087 0.00273583 0.116728 5.97016e-05 0.121023 0.00621908 0.0817395 0.0522743 0.00173726 0.00343091 0.0385838 0.108722 0.0254319 0.00217483 
0.823442 0.112159 0.00187428 2.90932e-06 0.00177773 0.000142606 0.0162775 0.00262509 0.000559943 0.000691642 0.00167433 3.0808e-05 0.000474834 4.72392e-05 8.23347e-05 1.71058e-09 4.01471e-05 3.71254e-05 0.000868781 2.18738e-12 0.00781274 2.23267e-06 0.000112745 0.0011821 4.6994e-05 0.0021895 0.0232624 0.00118922 0.00139318 3.2192e-07 
0.193018 0.0157696 0.00837981 5.40439e-10 0.00190536 0.000520979 0.0991952 0.0113163 1.81923e-09 0.00509896 2.75666e-05 0.000813742 3.70686e-05 2.65933e-05 0.00146004 1.69834e-09 4.66054e-07 2.74175e-05 0.104458 3.26495e-10 0.2654 0.000490065 1.01895e-09 0.0116732 1.14426e-05 0.000112989 0.000221451 0.273588 0.00644756 5.00212e-07 
0.0310306 0.00791687 0.00439795 2.4281e-05 0.0433667 0.000808199 0.0131937 0.0160723 0.000536887 0.00167899 4.49775e-05 0.000702146 3.90376e-06 2.88648e-06 1.1532e-08 2.77796e-09 6.74833e-07 0.000217668 0.00803559 5.35147e-10 0.837845 1.76555e-05 6.9544e-05 0.000369594 2.35842e-05 0.00372235 0.00733656 0.0218258 0.000750886 4.39087e-06 
5.25268e-06 0.0126097 5.24991e-06 0.012085 5.25182e-06 0.110832 0.0325743 0.101902 0.00945617 5.24944e-06 5.25244e-06 5.24742e-06 0.0252119 5.24737e-06 0.0435876 5.24263e-06 5.24476e-06 0.00053021 5.25215e-06 5.24205e-06 5.25268e-06 5.25117e-06 0.490898 5.25249e-06 0.00997815 5.25045e-06 5.2523e-06 0.092461 0.0577848 5.2453e-06 
0.344341 0.0108892 0.0655639 3.53436e-05 0.00050228 0.00170706 0.521304 0.000113838 5.29485e-05 0.00199982 0.000111344 0.00351532 8.67975e-06 1.39351e-07 0.000274124 4.51433e-07 0.000885236 0.00853067 0.0103927 5.47761e-09 0.0160736 0.000256407 5.13213e-06 0.000748187 9.56936e-06 2.07187e-06 7.79289e-05 0.0113645 0.00123352 7.17622e-07 
0.00111466 0.00246269 0.0027349 3.50654e-06 0.0185734 0.00168708 0.00881939 0.0127084 0.0155294 0.00134509 2.03897e-05 0.000662054 2.52197e-06 3.77104e-09 1.97917e-08 4.76996e-09 1.86925e-09 0.000192786 0.0186982 9.21022e-10 0.8192 1.76704e-05 0.000289585 0.000370024 5.88624e-06 0.00455913 0.00760543 0.0800361 0.00336006 1.22933e-06 
0.00140055 0.000677381 0.000126131 1.43724e-06 0.0535334 0.108514 0.00547082 0.0372866 0.0476733 0.00994932 0.0883032 7.76362e-05 0.00148532 3.11052e-06 0.00057048 1.93162e-05 3.71923e-07 0.0643497 0.00273231 1.67152e-07 0.0722677 0.00221625 0.00700728 0.138343 1.15778e-06 0.00475198 0.221723 0.0226538 0.108856 5.19581e-06 
0.038481 0.0157682 0.00113197 0.00731012 0.0337978 0.0162034 0.172161 0.0104437 0.00557325 0.0018146 0.0357527 3.76232e-06 0.00534232 0.0178579 0.0115028 1.94686e-08 0.00500497 0.00691189 0.00896407 1.40892e-08 0.082893 0.00195527 0.00268523 0.114805 0.00243893 0.305883 0.0225204 0.0460378 0.0267532 3.06397e-06 
5.76382e-09 0.00130169 0.000228139 0.00331881 0.0265533 0.134069 0.00227506 0.0307144 4.66866e-06 3.73955e-07 0.179391 0.00158314 0.0127305 1.42248e-08 5.5897e-08 0.036365 0.000137318 0.008376 1.22804e-07 1.52014e-11 3.14836e-08 0.117292 0.00997035 0.423905 2.04959e-07 2.63764e-07 0.00934198 6.67128e-07 0.00241245 2.74005e-05 
0.040346 0.0100837 0.00290497 1.53437e-05 0.00942361 0.000895176 0.00283241 0.00234675 0.00122978 2.14306e-05 0.00121047 1.2857e-05 0.000330335 0.00387107 0.000176584 1.01434e-07 5.096e-06 3.55952e-05 0.00746366 2.00707e-12 0.0484007 1.22983e-05 0.000228481 0.0225886 0.00150156 0.00378188 0.825046 0.00758409 0.00765141 3.63632e-07 
0.000765368 0.00688816 0.00086619 3.60192e-07 0.00266158 0.0278324 0.015207 0.00661893 0.00204894 0.000334099 0.0054395 0.00025066 0.00333022 3.53212e-05 0.00371832 0.14383 0.0164731 8.93579e-06 0.0104477 4.21252e-09 0.02004 4.83917e-05 0.0501981 0.000835007 1.28093e-05 0.000159582 0.636379 0.0358621 0.00970765 6.21219e-09 
6.72511e-06 6.72408e-06 0.0194993 0.0195073 6.72402e-06 6.72477e-06 0.141918 0.100878 6.72234e-06 0.178112 0.0995339 0.0181464 6.72343e-06 0.0194898 6.72279e-06 6.71225e-06 0.000678213 6.72118e-06 0.0302668 6.7115e-06 0.0322873 0.162036 6.72191e-06 0.150644 6.72027e-06 0.0268957 6.72463e-06 6.72575e-06 6.72512e-06 6.71567e-06 
0.0413383 0.0214464 0.00638533 1.09241e-05 0.0168533 0.0235857 0.0866157 0.0131754 0.0352036 0.00431147 0.00908374 0.00103571 0.00106111 0.000977802 0.0338891 4.44298e-05 0.000179225 0.00042754 0.0584581 1.09638e-06 0.353991 0.000851815 0.00141339 0.0580625 4.79479e-05 0.016183 0.0526858 0.126743 0.0359354 2.34433e-06 
0.040346 0.0100837 0.00290497 1.53437e-05 0.00942361 0.000895176 0.00283241 0.00234675 0.00122978 2.14306e-05 0.00121047 1.2857e-05 0.000330335 0.00387107 0.000176584 1.01434e-07 5.096e-06 3.55952e-05 0.00746366 2.00707e-12 0.0484007 1.22983e-05 0.000228481 0.0225886 0.00150156 0.00378188 0.825046 0.00758409 0.00765141 3.63632e-07 
1.3054e-05 1.3052e-05 0.0208885 0.0261179 1.30519e-05 0.0104557 0.114897 0.14882 1.30486e-05 1.30459e-05 1.30534e-05 0.0117498 1.30507e-05 1.30408e-05 1.30495e-05 1.3029e-05 1.30343e-05 0.443589 0.0417817 1.30276e-05 1.3054e-05 0.0717895 1.30478e-05 1.30535e-05 1.30446e-05 0.049597 0.00392896 0.0561504 1.3054e-05 1.30356e-05 
0.00499259 0.0393469 0.0119153 0.00165227 1.77636e-07 0.00946925 0.114834 0.214644 0.0162499 0.0272372 0.00429948 0.000568138 0.00225597 1.77486e-07 0.00255767 1.77326e-07 0.000319493 0.00110106 0.0537919 1.77306e-07 0.0674774 0.00568385 0.00216667 0.0339687 1.77537e-07 0.00186487 0.0448752 0.279814 0.0584343 0.0004792 
1.53553e-05 0.124374 1.53472e-05 1.53535e-05 1.53528e-05 0.00615717 0.370107 1.53545e-05 1.5349e-05 1.53459e-05 0.0445437 1.534e-05 1.53515e-05 1.53398e-05 1.535e-05 1.5326e-05 1.53322e-05 1.53464e-05 1.53538e-05 1.53243e-05 1.53553e-05 0.334666 1.5348e-05 0.115176 1.53443e-05 1.53488e-05 1.53542e-05 0.00462239 1.53553e-05 1.53338e-05 
0.223771 0.0771773 0.00337494 0.000368509 0.051724 0.00787831 0.136913 0.0276247 0.0114551 0.0150931 0.00456341 0.0010837 0.00298716 2.0443e-07 2.04566e-07 2.04245e-07 2.06371e-05 0.00265893 0.058725 2.04222e-07 0.185708 2.04578e-07 0.00202515 0.0795601 2.04489e-07 0.00347754 0.0769381 0.0268715 2.04637e-07 2.04349e-07 
2.07983e-07 0.000451599 0.000898061 5.23373e-09 0.404339 0.00825635 0.00609914 0.0017975 8.06146e-05 0.00100463 0.00495578 1.22779e-05 0.00137909 7.48646e-05 0.000595828 1.7324e-10 2.19789e-08 3.55214e-05 0.0498555 9.28274e-12 0.0402712 0.00070939 0.00488308 0.00793526 9.64101e-06 0.00132955 0.0119849 0.327862 0.125179 3.77481e-07 
