0.00803925 0.000185208 0.000263542 0.00114113 0.00125426 0.000633275 0.0239718 0.00206698 1.1671e-11 0.00883109 0.00107199 0.000409219 0.00016601 0.000218122 0.000176918 4.8234e-09 9.81273e-09 0.00906994 0.000798032 0.887252 5.93123e-06 0.0513601 1.29541e-05 0.00169745 0.00082959 0.000367934 9.37451e-05 6.54481e-05 9.93803e-08 1.80674e-05 
5.95098e-08 0.00248797 0.00240097 8.9392e-08 0.0011107 0.00324516 0.0268011 0.00471628 0.00498843 2.18157e-07 2.42707e-05 3.17256e-07 0.000487525 3.19551e-07 0.00550737 5.51559e-07 0.000276527 2.0989e-07 0.0139803 0.311259 0.00160938 0.000246516 0.0115158 0.310439 2.45505e-07 0.00605793 0.00795311 0.282509 0.00238144 4.2115e-07 
3.35416e-08 0.0189569 0.0001155 3.68402e-05 3.77871e-06 0.0647571 0.00739234 0.0198169 0.000522308 0.000176775 0.018851 4.71864e-05 0.055838 8.59585e-05 0.000943446 4.59083e-06 8.27092e-08 0.0269758 0.019269 0.517993 0.00729373 0.0325456 0.000532866 0.0157577 9.77996e-05 1.81436e-05 0.0113618 0.0356122 0.144994 1.71059e-07 
0.0219529 0.0023898 0.000954338 4.74805e-05 0.00182359 0.0830485 0.00892913 0.00282041 1.67103e-05 0.0356369 0.0128227 3.37753e-06 0.0139063 6.90163e-07 0.00678997 7.77407e-10 6.31666e-10 0.00284469 5.31609e-07 0.446559 0.00158334 0.294761 0.000634536 0.0358844 0.000121869 2.35792e-07 4.21277e-07 0.00336189 0.0231048 5.10025e-07 
0.0161624 0.0151628 0.00370213 0.00199906 0.0206087 0.0243696 0.0722359 0.0937014 0.00315172 0.013664 0.0219182 0.00362291 0.0298284 0.00300275 0.020583 1.44775e-06 0.00148855 0.00382878 0.0379468 0.353502 0.00589512 0.16931 0.00295657 0.0179119 0.00327996 0.00517657 0.00204018 0.0388979 0.0137783 0.000272791 
8.85191e-07 1.47416e-06 2.89845e-06 6.75854e-05 1.51079e-06 0.000815645 0.00010195 1.08738e-06 2.46228e-06 3.24502e-06 0.000441128 4.71909e-06 0.00813619 0.000327724 0.00120145 8.20427e-06 6.66621e-06 3.12205e-06 1.26907e-06 0.986304 0.000112684 0.00206806 2.70834e-06 1.02438e-06 3.65181e-06 0.000369616 1.15509e-06 5.24464e-07 8.83493e-07 6.26448e-06 
0.0587128 0.000222019 8.61177e-06 9.90809e-05 0.00237276 0.000162932 0.0195405 0.00779858 6.65085e-05 0.0186878 0.000970541 4.70342e-05 2.69699e-08 6.97472e-08 1.02442e-05 1.20387e-07 9.78177e-08 0.000271602 0.0626577 0.40721 6.63341e-05 0.0403419 1.06293e-05 0.377018 0.000233734 0.00319231 0.000277584 1.9911e-05 1.29641e-08 1.17254e-06 
0.0121241 0.00336522 0.000196087 5.15615e-06 0.000457641 0.00991901 0.0231596 0.0177981 0.0179225 0.00128002 0.00639674 0.000449705 0.0721083 0.00181531 0.00426376 5.87216e-09 4.93489e-09 2.7667e-07 0.000325796 0.689697 0.000561526 0.0487865 0.00027108 0.0146204 0.000100139 0.000431911 0.00174026 0.052 0.0202036 7.11925e-08 
0.0044036 0.00815658 5.67924e-06 3.38179e-05 0.00284091 0.00967436 0.0220248 0.0159353 0.000220934 0.000974873 0.00267709 1.00277e-07 0.17922 0.000370281 0.00220551 0.00913982 0.000203596 0.00238491 0.0138617 0.48959 0.000132752 0.201678 0.000369203 0.00893225 2.88981e-05 0.000118904 0.00231023 0.00414609 0.0183575 1.82722e-06 
0.00803925 0.000185208 0.000263542 0.00114113 0.00125426 0.000633275 0.0239718 0.00206698 1.1671e-11 0.00883109 0.00107199 0.000409219 0.00016601 0.000218122 0.000176918 4.8234e-09 9.81273e-09 0.00906994 0.000798032 0.887252 5.93123e-06 0.0513601 1.29541e-05 0.00169745 0.00082959 0.000367934 9.37451e-05 6.54481e-05 9.93803e-08 1.80674e-05 
0.000424468 0.00796562 1.92688e-05 0.00126682 0.00765039 0.0776812 0.0126677 0.00179168 0.00187225 0.000726918 0.0592208 0.00114637 0.058286 0.0476604 0.00569014 2.08137e-06 3.58852e-06 0.0126709 0.00063639 0.386438 0.000967595 0.053136 0.0199968 0.0131703 0.142059 0.000322437 0.0241484 0.0156658 0.0467058 6.45603e-06 
0.0155866 0.00432631 0.000159673 6.59919e-06 0.000588096 0.0127525 0.0297761 0.0228827 0.0230418 0.00164545 0.00822347 0.000577974 0.0880947 0.00233369 0.00548103 6.19567e-09 5.26891e-09 2.68763e-07 0.000418776 0.615983 0.000721735 0.0525026 0.000348402 0.0187969 0.000128633 0.000555084 0.00223727 0.066856 0.0259749 8.11344e-08 
0.00284314 0.00508143 0.000579344 0.000179117 0.0022509 0.0165583 0.0247447 0.13845 2.29752e-05 0.00259701 0.0125142 0.000470026 0.137919 8.21324e-05 0.0128721 0.00160004 1.77302e-05 0.00431822 0.0247317 0.172085 0.0235951 0.146406 0.00752154 0.105832 0.00613986 0.000757738 0.00343701 0.0708228 0.0755666 3.61855e-06 
0.0121241 0.00336522 0.000196087 5.15615e-06 0.000457641 0.00991901 0.0231596 0.0177981 0.0179225 0.00128002 0.00639674 0.000449705 0.0721083 0.00181531 0.00426376 5.87216e-09 4.93489e-09 2.7667e-07 0.000325796 0.689697 0.000561526 0.0487865 0.00027108 0.0146204 0.000100139 0.000431911 0.00174026 0.052 0.0202036 7.11925e-08 
0.00803925 0.000185208 0.000263542 0.00114113 0.00125426 0.000633275 0.0239718 0.00206698 1.1671e-11 0.00883109 0.00107199 0.000409219 0.00016601 0.000218122 0.000176918 4.8234e-09 9.81273e-09 0.00906994 0.000798032 0.887252 5.93123e-06 0.0513601 1.29541e-05 0.00169745 0.00082959 0.000367934 9.37451e-05 6.54481e-05 9.93803e-08 1.80674e-05 
0.00803925 0.000185208 0.000263542 0.00114113 0.00125426 0.000633275 0.0239718 0.00206698 1.1671e-11 0.00883109 0.00107199 0.000409219 0.00016601 0.000218122 0.000176918 4.8234e-09 9.81273e-09 0.00906994 0.000798032 0.887252 5.93123e-06 0.0513601 1.29541e-05 0.00169745 0.00082959 0.000367934 9.37451e-05 6.54481e-05 9.93803e-08 1.80674e-05 
2.30325e-07 1.03684e-06 0.00020329 7.50196e-05 5.91374e-07 0.0538528 3.11417e-05 0.035172 2.69948e-05 0.000687849 0.000779873 1.2232e-05 0.0046687 1.01461e-06 0.0127283 4.3675e-06 2.01728e-05 0.0157265 0.00162857 0.590756 0.185375 0.00417725 0.000353229 0.0475361 5.23871e-05 0.000461614 2.72553e-06 0.00781453 0.0378501 8.27939e-09 
9.78108e-08 0.000829516 0.000242426 1.55516e-06 0.0002277 0.0590605 0.0241981 0.118019 0.143197 0.00948739 0.0144154 5.76312e-06 0.0103978 0.00279541 0.000836373 9.40497e-05 4.35271e-06 0.000392644 0.0946246 0.286881 0.00114873 0.00424578 0.112905 0.00890132 0.00202334 0.00164022 0.0157045 0.0876558 6.45572e-05 6.92205e-07 
1.82787e-05 0.000880272 7.55953e-05 9.98885e-08 1.13494e-07 8.13771e-08 1.17461e-05 0.0340451 0.0175141 2.43773e-07 1.36002e-05 3.54509e-07 1.38073e-07 0.0368559 7.19116e-06 5.76577e-06 5.00781e-07 2.34535e-07 9.53354e-08 0.847245 6.62188e-08 0.000136285 0.0631017 3.97394e-05 1.03092e-05 1.9024e-07 4.87174e-06 3.93989e-08 3.16425e-05 4.70602e-07 
7.41494e-06 0.00207763 0.00060465 4.6396e-08 0.000239915 0.0115382 0.000121174 0.000700304 0.19335 0.0136773 1.17417e-05 3.62366e-05 0.0827058 0.000631128 0.0216144 0.000101155 8.09118e-05 0.000135408 0.000154378 0.376742 0.0760357 0.198154 2.7843e-05 0.00136744 0.000190287 0.000847666 0.000193822 0.00708483 0.0115676 2.18584e-07 
7.60121e-05 1.08744e-06 1.17712e-06 9.20603e-07 8.67243e-08 4.36578e-07 1.72983e-06 2.33853e-06 5.17006e-10 2.27307e-06 5.70866e-07 9.08288e-07 1.09954e-06 9.98035e-10 2.16713e-08 1.72265e-09 1.39971e-09 6.55537e-10 2.66467e-10 0.982541 3.0336e-07 0.0137511 6.97511e-07 0.00314829 7.66771e-10 1.47157e-07 2.42534e-10 0.000466955 2.7869e-07 2.34993e-06 
0.0121241 0.00336522 0.000196087 5.15615e-06 0.000457641 0.00991901 0.0231596 0.0177981 0.0179225 0.00128002 0.00639674 0.000449705 0.0721083 0.00181531 0.00426376 5.87216e-09 4.93489e-09 2.7667e-07 0.000325796 0.689697 0.000561526 0.0487865 0.00027108 0.0146204 0.000100139 0.000431911 0.00174026 0.052 0.0202036 7.11925e-08 
0.00733404 0.0214749 0.000599957 0.0476691 0.0281373 0.036384 0.0124347 0.108018 0.000959241 0.0209634 0.0145166 0.00427144 0.017184 3.62915e-05 0.0493241 1.78723e-08 0.000440405 0.167301 0.0167341 0.228408 0.0172119 0.125433 0.000114234 0.0117344 0.00010569 0.00391436 0.00838575 0.0405321 0.0102593 0.000117547 
1.23463e-07 0.000818585 4.60694e-07 5.59245e-06 8.35501e-05 0.000620904 0.00808915 0.032011 0.00294058 0.0002093 0.0139925 3.09073e-07 0.00797049 2.9839e-06 0.00378447 2.14208e-05 8.38927e-07 0.000285876 0.000791031 0.894974 0.000171692 0.00260509 0.000850934 0.00169722 2.1133e-05 7.21811e-08 0.00115893 0.00594888 0.0209388 4.45553e-06 
6.04984e-05 3.47966e-07 6.84159e-07 3.13862e-07 3.56611e-07 7.64946e-05 0.000377714 0.0068569 5.84278e-06 7.65964e-07 0.000251973 1.18277e-05 6.30255e-05 1.12197e-06 1.22041e-05 1.93656e-06 1.57351e-06 0.000121233 2.99555e-07 0.980041 6.67784e-06 0.00274802 1.34721e-05 0.00895562 8.61985e-07 5.97757e-07 2.72651e-07 0.000384716 2.62999e-06 1.47869e-06 
0.00167086 0.0020547 0.000924123 7.2231e-05 0.0071212 0.00149229 0.0162326 0.00422932 5.57248e-05 0.00199945 0.000187635 3.02803e-05 0.0115002 0.000737086 0.00667609 1.83757e-07 9.05822e-06 0.000447022 0.0302566 0.483965 0.154752 0.166203 0.000973385 0.0177084 0.0338407 0.00523959 0.0029431 0.0238864 0.0247421 4.94269e-05 
8.93448e-09 3.61134e-06 6.53439e-05 2.32014e-07 6.18696e-06 0.026592 2.34326e-05 0.00175281 1.08675e-05 0.000134862 0.00176865 4.76311e-08 0.0129849 4.26519e-05 0.00213421 8.28081e-08 0.00150445 2.85438e-06 7.05279e-06 0.89572 0.000575613 0.0228551 0.00128013 0.00145606 1.00525e-06 0.000277305 0.00109333 0.00256328 0.0271438 6.32292e-08 
0.303184 0.000598085 0.00150857 0.00010036 0.00149093 0.0272531 0.0175084 0.00102454 1.71447e-05 0.00960598 0.0138317 0.04747 0.0441392 8.64842e-07 0.0031927 8.65972e-10 2.73176e-06 0.0016957 0.00361327 0.426965 6.43369e-05 0.0523555 0.00199565 0.00790304 0.00225222 0.00293832 0.00239821 0.0248705 0.00201058 9.74649e-06 
0.00272605 0.0130828 0.00178922 0.000161589 0.029155 0.0249806 0.0198174 0.0366812 0.0179537 0.0189488 0.0330281 0.000108368 0.195046 0.000717833 0.00980368 5.37116e-06 1.1528e-06 0.00222544 0.000420574 0.314781 0.0398105 0.114038 0.00132632 0.00383693 0.0214731 9.15599e-05 0.0127659 0.0258245 0.0593409 5.85457e-05 
0.000870133 0.000369575 7.33783e-05 0.00127531 0.175964 0.253555 0.000223747 0.000611127 0.0461016 0.00130626 0.0109068 0.000275353 0.0162489 0.000386484 4.72096e-05 2.99716e-07 1.69971e-05 0.0402914 0.00216884 0.331755 3.2202e-08 0.00648342 0.000624702 0.00299912 0.099477 0.00150171 0.00455958 5.39442e-05 0.00181511 3.74249e-05 
0.120703 0.000665671 0.00148329 0.000447433 0.0381983 0.00810151 0.0207214 0.0199054 0.000423539 0.0156381 0.00882672 0.00193307 0.0045718 0.00268009 0.000371134 1.70398e-07 3.89515e-07 0.0124482 0.103132 0.396975 0.0112701 0.050485 0.000719219 0.0571217 0.00316739 0.000255533 0.0101634 0.0388215 0.0707708 1.30109e-07 
1.17568e-05 4.67321e-05 0.00179642 5.806e-09 6.5968e-09 0.0611274 0.00922699 2.05852e-05 0.00173374 0.000878623 0.000363238 5.50192e-05 0.000894103 3.61504e-05 1.10774e-05 3.58237e-08 2.91078e-08 1.36323e-08 3.08737e-05 0.891461 2.74424e-05 5.56713e-06 0.0169053 4.47293e-09 8.48676e-07 1.10577e-08 5.83914e-05 0.0128303 0.00247846 2.73536e-08 
0.0119694 0.00394494 0.0024706 0.0024876 0.0434808 0.0205599 0.045197 0.0434511 6.25879e-08 0.017737 0.0377029 0.000496166 0.00320018 0.000584503 0.00749757 1.01475e-08 3.83137e-06 0.00851603 0.0515206 0.537733 0.00103436 0.0894744 0.000538821 0.0495966 0.00406375 0.00199584 0.000223481 0.012704 0.00180731 8.58001e-06 
4.81827e-07 3.50606e-08 6.8935e-08 1.14994e-05 9.03676e-06 0.00580654 0.000322836 0.00177811 2.25053e-05 7.71776e-08 2.51146e-08 4.72157e-06 0.000217386 7.13743e-06 0.000110832 0.000212046 1.58545e-07 0.000103497 1.48447e-06 0.97584 9.70187e-06 0.00816136 6.44135e-08 1.91352e-05 2.49533e-05 6.02292e-08 5.07297e-05 0.00531462 0.00197069 1.48991e-07 
4.97283e-05 0.000884623 1.14762e-05 0.000110506 0.00200035 0.122091 0.0341291 0.0321521 0.0131493 7.6188e-05 0.00493378 9.23729e-09 0.0702614 0.0147268 0.000146418 0.00713123 1.30486e-08 0.00101262 0.00974297 0.355311 0.0096386 0.000194948 0.221807 0.00221231 1.58464e-05 0.000257785 0.0365662 0.0038178 0.0575693 1.22623e-08 
1.59088e-07 8.92949e-05 5.20914e-07 2.38972e-07 0.000291232 9.16944e-05 0.000466768 0.000561318 0.000415168 0.000684329 0.000236153 8.48123e-07 0.000343205 8.54258e-07 3.96499e-07 1.47449e-06 1.19806e-06 0.000272914 2.28079e-07 0.959838 1.58421e-07 0.00673809 0.000373054 0.000512985 6.56309e-07 4.55128e-07 0.0201662 3.95111e-05 0.00887188 1.12586e-06 
8.41576e-07 1.40153e-06 2.75564e-06 1.26416e-06 1.43635e-06 1.02989e-06 5.59836e-07 1.03381e-06 2.34096e-06 3.08513e-06 1.00394e-06 4.48657e-06 1.74742e-06 4.51902e-06 2.09748e-06 7.80004e-06 6.33776e-06 2.96822e-06 1.20654e-06 0.996439 8.38048e-07 0.000944558 2.57489e-06 9.73908e-07 3.47188e-06 2.40763e-06 1.09818e-06 4.98623e-07 0.000168832 0.00238828 
1.85943e-08 3.09661e-08 6.08846e-08 2.79311e-08 3.17355e-08 0.0269051 2.83802e-05 0.268496 5.17225e-08 8.35689e-06 2.21817e-08 3.42004e-05 3.86086e-08 9.98459e-08 4.63429e-08 1.06504e-05 1.4003e-07 6.55815e-08 2.6658e-08 0.639651 1.85163e-08 0.0647607 5.68911e-08 0.000104889 7.67096e-08 5.31955e-08 2.42637e-08 1.10168e-08 1.85586e-08 1.31591e-07 
7.60121e-05 1.08744e-06 1.17712e-06 9.20603e-07 8.67243e-08 4.36578e-07 1.72983e-06 2.33853e-06 5.17006e-10 2.27307e-06 5.70866e-07 9.08288e-07 1.09954e-06 9.98035e-10 2.16713e-08 1.72265e-09 1.39971e-09 6.55537e-10 2.66467e-10 0.982541 3.0336e-07 0.0137511 6.97511e-07 0.00314829 7.66771e-10 1.47157e-07 2.42534e-10 0.000466955 2.7869e-07 2.34993e-06 
0.0056269 0.000897353 0.00108385 0.215813 0.0185371 0.0072593 0.017384 0.00869089 0.00930939 0.00486262 0.0227686 0.0191422 0.00589892 0.00138127 0.00169551 1.9446e-05 0.000227847 0.00746107 0.0223313 0.239417 0.00406909 0.156985 0.00103767 0.195304 0.000606932 0.00196733 0.00296812 0.0157542 0.00714942 0.00435084 
0.0585634 0.00395826 0.000795125 4.10675e-06 1.77601e-06 0.00287525 0.0675629 0.0220288 0.028185 0.000276948 0.12874 3.48148e-10 0.000222154 0.0017321 0.0140357 6.05265e-10 4.74186e-07 4.06689e-07 0.0142484 0.304847 1.31373e-06 0.211209 7.03234e-07 0.102282 0.000237189 0.00188414 0.000697575 0.0126383 0.0229719 4.62158e-10 
9.91446e-08 0.000826568 9.27814e-08 6.83689e-07 3.35548e-05 0.0183257 0.041222 0.034008 0.0398753 0.000664761 0.00307508 1.51061e-07 0.00436047 3.26613e-05 0.0880884 2.62625e-07 2.33186e-06 0.0265017 0.0293823 0.505282 0.000911035 0.142923 0.004917 0.00277937 5.27658e-05 0.000233822 0.0364891 0.000904589 0.0191069 2.00531e-07 
0.0121241 0.00336522 0.000196087 5.15615e-06 0.000457641 0.00991901 0.0231596 0.0177981 0.0179225 0.00128002 0.00639674 0.000449705 0.0721083 0.00181531 0.00426376 5.87216e-09 4.93489e-09 2.7667e-07 0.000325796 0.689697 0.000561526 0.0487865 0.00027108 0.0146204 0.000100139 0.000431911 0.00174026 0.052 0.0202036 7.11925e-08 
0.0248738 0.0338032 0.000344506 0.000129954 0.0341817 0.0243711 0.00891538 0.0121529 7.67376e-05 0.000204753 0.00607051 1.38596e-05 0.0940184 0.00104627 0.0122223 1.10261e-06 6.86362e-05 0.0283422 0.0698809 0.367076 0.0248825 0.0379727 0.000228375 0.0426887 0.0842129 0.00174577 0.0469785 0.0219009 0.0215956 3.10722e-07 
2.00501e-05 1.27149e-05 6.05066e-06 0.000193714 0.00487776 0.00203182 0.010031 0.0150117 3.45311e-08 0.000803752 0.00124311 5.895e-05 0.00551422 6.66593e-08 0.0162827 1.15057e-07 1.56343e-07 4.78204e-05 0.000860768 0.685358 0.00436094 0.229596 3.79817e-08 0.0212445 2.55257e-05 0.00187409 1.6199e-08 0.000181838 1.23901e-08 0.000362516 
9.77631e-08 1.62811e-07 3.20113e-07 1.46854e-07 1.66856e-07 1.19639e-07 6.50343e-08 1.20094e-07 2.71942e-07 3.58389e-07 1.16625e-07 5.2119e-07 0.000142298 5.2496e-07 2.43657e-07 9.06104e-07 7.36236e-07 3.44808e-07 1.4016e-07 0.997587 9.73533e-08 0.00223416 2.99117e-07 1.13136e-07 4.03316e-07 2.79686e-07 1.27571e-07 2.90196e-05 9.75756e-08 6.91868e-07 
0.000313044 0.00723555 0.00397083 0.000648812 0.126091 0.00037906 0.0156684 0.0638105 2.45502e-07 0.00305092 0.00485971 0.000690422 0.0374696 0.00751935 0.0904105 8.18009e-07 0.000117119 0.0803648 0.0250759 0.370682 8.78882e-08 0.0584688 0.000339507 0.0873978 0.00150661 2.52494e-07 8.06614e-05 0.0119986 0.00184845 6.24601e-07 
1.68152e-05 0.00303568 3.34227e-05 0.00036127 0.00171931 0.0897689 0.018107 0.0708619 7.36803e-05 0.00010592 0.00591572 1.07525e-05 0.0430867 0.00619409 0.00057004 0.00474503 7.77676e-08 0.04424 0.0294543 0.496718 0.00214205 0.10559 0.0128765 0.0184442 0.00463351 0.000132357 0.00329737 0.018387 0.0194785 4.43387e-08 
9.01083e-08 0.0290068 0.00109026 1.18794e-05 0.00694417 0.0582179 0.00794753 0.00209531 0.0779489 0.00125021 0.000178223 8.95395e-09 0.0458743 0.0001227 0.01378 0.00166764 0.000840355 0.00134243 0.00647495 0.614412 0.000962967 0.00486128 0.0287598 0.00591593 0.00442495 1.37148e-05 0.0020634 0.0150798 0.0687084 4.10331e-06 
0.0372794 0.00175143 0.0104928 0.00165743 0.012884 0.00598701 0.0634518 0.00731945 2.27579e-07 0.0485209 0.0085582 0.00120762 0.010938 0.000210496 0.00103607 8.99707e-10 9.77765e-09 0.00916251 0.0552523 0.534656 0.00273192 0.150336 9.31593e-06 0.021912 0.00175383 0.00331086 0.000184969 0.00585624 0.00336379 0.00017508 
0.00056384 0.00575642 0.00413594 2.033e-05 0.0128037 0.103423 0.0536502 0.0503255 0.00154177 0.0028218 0.000229616 0.00054029 0.00276342 0.00111968 0.0395892 0.000384957 0.000316722 0.000294313 0.0787358 0.471759 0.00335075 0.00607801 0.103248 0.002956 6.79914e-05 0.000112662 0.00924502 0.0178959 0.0262467 2.33756e-05 
0.038609 0.000141666 0.0012008 0.00107798 0.00495274 0.0096348 0.039616 0.00843014 6.07339e-07 0.075362 0.00440372 0.00221942 0.00359067 8.07109e-05 0.000425417 5.77512e-10 1.93568e-05 0.0218976 0.0021442 0.618834 6.11462e-05 0.136307 2.67969e-05 0.0264437 0.00136727 0.00187273 1.40171e-05 0.00125572 1.04785e-06 9.61472e-06 
0.000764851 0.00667531 0.000339079 0.000124586 0.015036 0.0591343 0.0674097 0.106738 0.0115668 0.0157734 0.01758 0.00707121 0.0115917 0.00875861 0.00626682 4.76392e-05 0.000315333 0.000463187 0.00728151 0.281818 0.0340495 0.115568 0.00164382 0.0157543 0.000458213 0.0220117 0.150361 0.0171338 0.0182435 2.07247e-05 
0.0119694 0.00394494 0.0024706 0.0024876 0.0434808 0.0205599 0.045197 0.0434511 6.25879e-08 0.017737 0.0377029 0.000496166 0.00320018 0.000584503 0.00749757 1.01475e-08 3.83137e-06 0.00851603 0.0515206 0.537733 0.00103436 0.0894744 0.000538821 0.0495966 0.00406375 0.00199584 0.000223481 0.012704 0.00180731 8.58001e-06 
3.59022e-08 2.71988e-07 1.17557e-07 9.68626e-07 9.33668e-07 0.0234204 0.00050434 0.0110304 0.000395251 1.31613e-07 0.000573964 1.914e-07 0.00933017 2.73414e-05 0.00531698 2.39254e-06 0.000838852 4.67282e-06 5.11962e-05 0.758821 5.84838e-06 0.0114646 0.001141 0.0104282 1.1933e-06 1.02711e-07 0.0177192 0.00327896 0.145638 3.02841e-06 
2.02412e-08 7.44296e-05 1.16154e-05 9.94106e-07 9.53677e-07 0.0158885 0.000306856 0.00192045 5.63037e-08 0.000214581 2.41463e-08 1.07909e-07 1.20884e-06 3.30637e-06 0.000103927 2.35774e-06 1.52433e-07 4.86114e-06 2.37395e-05 0.954626 7.4321e-06 0.000118389 0.0117566 0.000276543 1.18469e-06 5.79071e-08 0.00190392 2.15117e-06 0.0127492 1.43246e-07 
0.303184 0.000598085 0.00150857 0.00010036 0.00149093 0.0272531 0.0175084 0.00102454 1.71447e-05 0.00960598 0.0138317 0.04747 0.0441392 8.64842e-07 0.0031927 8.65972e-10 2.73176e-06 0.0016957 0.00361327 0.426965 6.43369e-05 0.0523555 0.00199565 0.00790304 0.00225222 0.00293832 0.00239821 0.0248705 0.00201058 9.74649e-06 
3.1782e-07 1.93557e-06 9.9739e-06 8.78093e-10 1.15877e-05 7.15364e-10 0.0290396 0.00109743 1.62604e-09 0.00646213 5.65207e-06 3.11639e-09 0.0577148 8.40688e-06 1.27463e-06 5.41793e-09 5.54302e-05 2.06173e-09 0.107118 0.528636 8.42998e-07 0.234162 0.00536886 1.86205e-06 0.00786425 1.67235e-09 5.35469e-06 0.00243687 0.0199978 4.13693e-09 
0.019348 0.00151592 0.000109115 2.77419e-06 0.00581425 0.00312309 0.0202786 0.00250866 1.82442e-05 0.00271627 0.00556287 3.00032e-05 0.100395 0.000874969 0.00170049 2.54893e-07 2.57565e-05 0.000292 0.103431 0.719423 0.000881055 0.00253962 0.000140644 0.00155025 0.000744493 2.83211e-05 0.000376142 0.00328646 0.00328228 8.75415e-08 
1.64286e-06 0.00136337 5.21042e-05 1.88222e-05 0.0445136 0.00107669 0.0611611 0.0161193 0.0628862 2.46689e-05 0.00674949 0.000391534 5.96705e-05 0.00127242 0.0174599 4.67869e-07 7.72755e-05 8.24935e-05 0.000327471 0.768446 0.000226812 0.00384469 0.00253444 0.00954948 2.08253e-07 0.000698436 0.000361687 6.40802e-05 0.000611198 2.44444e-05 
0.000241846 0.012043 1.57317e-05 0.00134442 0.00383087 0.00295559 0.0685174 0.00654747 5.43544e-05 0.0523603 0.0103356 0.00137795 0.000943985 8.98599e-05 0.0044937 4.31762e-08 1.31842e-08 0.0776802 0.00646618 0.585043 0.0016195 0.126289 0.000116506 0.0278417 0.00111498 0.00209704 0.00228981 0.000630547 0.00365507 4.77758e-06 
0.0121241 0.00336522 0.000196087 5.15615e-06 0.000457641 0.00991901 0.0231596 0.0177981 0.0179225 0.00128002 0.00639674 0.000449705 0.0721083 0.00181531 0.00426376 5.87216e-09 4.93489e-09 2.7667e-07 0.000325796 0.689697 0.000561526 0.0487865 0.00027108 0.0146204 0.000100139 0.000431911 0.00174026 0.052 0.0202036 7.11925e-08 
0.000823234 0.119584 0.0413529 9.34175e-06 0.000868369 0.00291671 0.0476206 0.248168 0.00588798 0.000358965 0.00285432 5.00485e-05 0.00755157 3.34498e-05 0.0603661 1.56563e-07 1.05481e-06 7.63521e-05 0.0111545 0.338676 0.0213517 0.0107648 0.0138221 0.0173228 5.78625e-05 0.000260387 0.0191897 0.00507853 0.0237973 1.65006e-06 
1.12234e-08 0.00182045 2.05907e-05 8.10271e-05 0.00107307 0.14304 0.000518929 0.00746716 0.0156918 0.000189304 0.00802637 2.06224e-09 0.000575445 0.000117194 0.00341332 1.11535e-06 2.91313e-09 0.00690119 0.00355458 0.739719 0.0101995 0.00131322 0.0409375 0.00108457 3.11454e-06 4.83713e-05 0.00278813 0.00353195 0.00787953 3.53844e-06 
0.0121241 0.00336522 0.000196087 5.15615e-06 0.000457641 0.00991901 0.0231596 0.0177981 0.0179225 0.00128002 0.00639674 0.000449705 0.0721083 0.00181531 0.00426376 5.87216e-09 4.93489e-09 2.7667e-07 0.000325796 0.689697 0.000561526 0.0487865 0.00027108 0.0146204 0.000100139 0.000431911 0.00174026 0.052 0.0202036 7.11925e-08 
1.52816e-09 4.47931e-05 5.00376e-09 2.2955e-09 2.60816e-09 0.000159521 0.000130121 0.000112634 4.25078e-09 5.60206e-09 8.38592e-05 8.14683e-09 0.000461042 7.7963e-05 0.000223953 1.41635e-08 1.15083e-08 5.38977e-09 2.19087e-09 0.997707 1.52175e-09 6.91572e-05 3.55389e-05 0.000507548 8.83235e-06 3.10443e-05 0.000145771 9.05412e-10 0.000200721 1.08147e-08 
1.11183e-06 0.00159909 3.56212e-07 0.000556595 0.000391402 0.0164581 0.00561048 0.0107077 0.00148173 0.00369936 0.0142329 0.000291008 0.350539 3.51733e-06 0.000901258 2.3593e-09 3.36053e-06 3.13015e-07 0.0583468 0.37294 0.00582508 0.0487865 0.00490207 0.0160152 0.0826303 3.17946e-06 1.69935e-05 0.00039956 0.00365696 2.22059e-07 
0.0160283 0.010887 0.00891552 0.00190661 0.04778 0.0226256 0.0943557 0.0445566 0.000121933 0.0416455 0.020767 0.0268916 0.0196495 0.00142277 0.0105937 2.4262e-08 1.95046e-08 0.00621862 0.0808421 0.289598 0.01502 0.125288 0.000179203 0.0351314 0.0014142 0.00188844 0.00212518 0.0708183 0.00332695 1.70665e-06 
5.0163e-05 0.00733142 9.28046e-05 6.84491e-05 0.013219 0.0960266 0.0105247 0.0449605 0.00213767 0.0108529 0.00145677 2.4484e-08 0.052326 0.000852413 0.0327768 1.23922e-06 8.36797e-05 0.00217336 0.0052922 0.403947 0.0153615 0.00385302 0.206867 0.00370298 6.26163e-07 0.00207988 0.0264811 0.00323743 0.0542417 2.28318e-07 
0.00803925 0.000185208 0.000263542 0.00114113 0.00125426 0.000633275 0.0239718 0.00206698 1.1671e-11 0.00883109 0.00107199 0.000409219 0.00016601 0.000218122 0.000176918 4.8234e-09 9.81273e-09 0.00906994 0.000798032 0.887252 5.93123e-06 0.0513601 1.29541e-05 0.00169745 0.00082959 0.000367934 9.37451e-05 6.54481e-05 9.93803e-08 1.80674e-05 
0.0121241 0.00336522 0.000196087 5.15615e-06 0.000457641 0.00991901 0.0231596 0.0177981 0.0179225 0.00128002 0.00639674 0.000449705 0.0721083 0.00181531 0.00426376 5.87216e-09 4.93489e-09 2.7667e-07 0.000325796 0.689697 0.000561526 0.0487865 0.00027108 0.0146204 0.000100139 0.000431911 0.00174026 0.052 0.0202036 7.11925e-08 
0.0170819 2.43955e-06 2.43864e-06 0.0258626 2.43952e-06 0.0683167 0.011959 0.0248883 2.43891e-06 0.014389 0.0344037 0.00560864 2.43931e-06 2.43745e-06 2.43908e-06 2.43525e-06 2.43624e-06 0.0317028 2.43968e-06 0.399096 0.0122021 0.232949 2.43876e-06 0.0902762 0.00902364 0.00707518 2.43975e-06 0.0151314 2.43992e-06 2.43649e-06 
0.000424468 0.00796562 1.92688e-05 0.00126682 0.00765039 0.0776812 0.0126677 0.00179168 0.00187225 0.000726918 0.0592208 0.00114637 0.058286 0.0476604 0.00569014 2.08137e-06 3.58852e-06 0.0126709 0.00063639 0.386438 0.000967595 0.053136 0.0199968 0.0131703 0.142059 0.000322437 0.0241484 0.0156658 0.0467058 6.45603e-06 
0.0376301 2.60159e-05 0.000911141 0.00142622 1.25627e-05 0.000393558 0.0370398 0.00413121 5.28739e-11 0.0448147 0.00316691 0.00302531 3.9468e-11 1.02068e-10 1.73157e-07 3.31892e-08 1.43147e-10 0.00895094 0.000781798 0.503522 1.3427e-08 0.345157 5.81575e-11 0.00709932 0.000399781 0.000765373 1.86114e-06 6.56611e-07 1.89717e-11 0.000744332 
0.00160927 0.0194722 0.0069382 5.75238e-06 0.00506284 0.0252175 0.0714168 0.0586214 0.0117335 0.00259227 0.0134327 0.000140923 0.00507471 0.003794 0.0220151 0.000238538 0.000171554 0.000493235 0.00851203 0.329344 0.0297353 0.219993 0.0301896 0.0506019 4.51169e-05 0.000311087 0.0510737 0.00592158 0.0261869 5.499e-05 
0.00803925 0.000185208 0.000263542 0.00114113 0.00125426 0.000633275 0.0239718 0.00206698 1.1671e-11 0.00883109 0.00107199 0.000409219 0.00016601 0.000218122 0.000176918 4.8234e-09 9.81273e-09 0.00906994 0.000798032 0.887252 5.93123e-06 0.0513601 1.29541e-05 0.00169745 0.00082959 0.000367934 9.37451e-05 6.54481e-05 9.93803e-08 1.80674e-05 
0.00803925 0.000185208 0.000263542 0.00114113 0.00125426 0.000633275 0.0239718 0.00206698 1.1671e-11 0.00883109 0.00107199 0.000409219 0.00016601 0.000218122 0.000176918 4.8234e-09 9.81273e-09 0.00906994 0.000798032 0.887252 5.93123e-06 0.0513601 1.29541e-05 0.00169745 0.00082959 0.000367934 9.37451e-05 6.54481e-05 9.93803e-08 1.80674e-05 
1.36388e-07 0.00100924 1.40342e-06 2.72068e-05 5.78847e-05 0.00143991 0.00493787 0.00929594 0.000182979 2.03605e-06 0.00390902 1.52957e-06 0.00042307 0.00127199 4.79999e-05 9.3229e-06 1.9518e-06 0.000147241 4.49647e-05 0.938474 0.00229229 0.00917077 0.000208402 0.00887322 0.000331981 3.51812e-06 0.00609577 0.00246886 0.00894053 0.000328775 
2.00685e-05 0.000154886 0.000112144 1.99376e-07 0.00252373 0.0506439 6.90133e-05 0.0127316 0.000197311 0.00050075 0.000119069 7.07594e-07 0.0142036 0.0028623 0.000724647 1.23017e-06 9.99552e-07 4.68129e-07 1.90288e-07 0.850916 8.38065e-05 0.0232034 0.000141515 0.000193902 0.0019744 6.46811e-05 0.000274317 7.86396e-08 0.0382806 9.39314e-07 
0.000564087 0.00144018 0.000242698 0.000645972 0.0114251 0.0027383 0.0110599 0.0350954 1.1511e-09 0.0034647 0.0426848 0.000178704 0.0108989 8.73876e-05 3.58596e-05 1.28227e-06 2.25375e-06 8.60198e-05 0.000419778 0.395248 0.000673293 0.213819 0.00146261 0.130612 2.53582e-05 0.000111142 0.00119467 0.132771 0.0028495 0.000161658 
1.38186e-08 0.00582812 0.000415892 0.00012036 0.000662892 0.00963702 0.00252122 0.0400499 0.0956637 0.00140006 0.000770529 7.3669e-08 0.0182061 0.000298971 0.000127888 0.000617373 1.01185e-05 0.000742197 0.000169537 0.593648 0.0471118 0.00474125 0.0129398 0.00851511 7.73554e-05 3.9533e-08 0.00668789 0.0259804 0.123011 4.55936e-05 
5.54739e-05 0.0012809 0.000987969 3.6745e-05 1.91166e-06 0.0046003 0.000718065 0.000335448 0.0276638 2.8887e-05 0.0543551 1.24567e-08 0.0100016 2.06301e-06 1.71828e-05 2.16563e-08 3.49469e-05 5.46096e-06 0.161927 0.63358 0.0101123 0.00322412 9.77798e-05 0.0572924 1.84219e-05 6.68461e-09 0.000925097 0.0023703 0.0292712 0.00105567 
0.000424468 0.00796562 1.92688e-05 0.00126682 0.00765039 0.0776812 0.0126677 0.00179168 0.00187225 0.000726918 0.0592208 0.00114637 0.058286 0.0476604 0.00569014 2.08137e-06 3.58852e-06 0.0126709 0.00063639 0.386438 0.000967595 0.053136 0.0199968 0.0131703 0.142059 0.000322437 0.0241484 0.0156658 0.0467058 6.45603e-06 
0.000696953 0.00876651 0.00103706 0.000344333 0.00374725 0.0278805 0.0425249 0.052851 0.000127342 0.00184216 0.00152919 0.000203892 0.0106472 0.0123646 0.0309874 6.88337e-08 0.000101991 0.00355277 0.0159239 0.524986 0.00752432 0.117063 0.00170174 0.0216903 0.0586425 0.00557788 0.00609983 0.00517291 0.0364033 9.14988e-06 
0.00803925 0.000185208 0.000263542 0.00114113 0.00125426 0.000633275 0.0239718 0.00206698 1.1671e-11 0.00883109 0.00107199 0.000409219 0.00016601 0.000218122 0.000176918 4.8234e-09 9.81273e-09 0.00906994 0.000798032 0.887252 5.93123e-06 0.0513601 1.29541e-05 0.00169745 0.00082959 0.000367934 9.37451e-05 6.54481e-05 9.93803e-08 1.80674e-05 
3.89691e-05 0.00372537 0.000196541 1.65991e-05 0.00152274 0.00503431 0.0445726 0.118297 0.00845876 0.000817347 0.0513858 9.17353e-05 0.0293352 1.68621e-05 0.000834253 1.4524e-05 3.71258e-07 1.29415e-05 0.000465356 0.356294 0.149271 0.15301 0.011462 0.0173215 0.0069858 0.00323 0.00483813 0.00908768 0.0236614 1.72835e-06 
0.0121241 0.00336522 0.000196087 5.15615e-06 0.000457641 0.00991901 0.0231596 0.0177981 0.0179225 0.00128002 0.00639674 0.000449705 0.0721083 0.00181531 0.00426376 5.87216e-09 4.93489e-09 2.7667e-07 0.000325796 0.689697 0.000561526 0.0487865 0.00027108 0.0146204 0.000100139 0.000431911 0.00174026 0.052 0.0202036 7.11925e-08 
0.0003413 0.000751188 4.54071e-06 0.00818425 0.000997239 0.0407473 0.0114741 0.00431151 0.0121703 0.00151098 0.0344585 1.54081e-06 0.233293 2.09612e-06 0.0022899 3.10825e-08 4.60603e-05 4.65881e-06 0.0184488 0.39783 1.02368e-05 0.0265336 0.00554128 0.00931538 1.53943e-05 0.000122709 0.0086671 0.115436 0.0674905 2.37335e-08 
0.000114347 0.0021663 2.62108e-05 0.000441793 0.000815833 0.00229933 0.000552302 0.0067083 1.57456e-05 5.66297e-05 0.0311764 0.000355056 0.0415735 0.00041823 0.00289682 1.77213e-06 1.32172e-05 0.000410159 0.0269264 0.851013 0.00106724 0.000315396 0.0041522 0.00989693 0.00675079 0.000625637 0.00247889 1.45817e-05 0.00669704 2.00362e-05 
0.000408482 0.0324875 0.0051818 1.9698e-06 0.00471296 0.119577 0.0344877 0.0615349 0.0386879 0.00894108 0.00522925 0.00354457 0.0255084 0.000154749 0.0111635 5.82603e-08 3.56351e-06 0.0131823 0.19019 0.297828 8.59116e-06 0.0499324 0.000125653 0.037802 4.90105e-05 0.0147625 0.000876397 0.0300234 0.0135934 1.4606e-06 
0.00190524 0.000908866 0.00133639 0.000153264 2.75542e-06 0.205955 0.012234 0.00489917 0.00334611 0.00526464 0.0670869 5.15581e-05 0.0163374 0.000122728 0.0124832 5.58645e-09 2.59252e-07 0.0339297 0.00902947 0.22767 0.00404719 0.202567 0.00130488 0.0384022 0.0153221 0.000367056 0.00311776 0.0505525 0.0816032 4.82304e-08 
4.25535e-05 0.0371394 0.00146419 0.00197106 0.134297 0.0787241 0.00677955 0.0198355 0.0250977 0.002457 0.0297793 8.63007e-05 0.0559519 0.00135473 0.00455018 3.25069e-06 0.00966566 0.000586733 0.00161125 0.296563 0.0273124 0.0419349 0.0275456 0.0101852 0.0719435 0.0021975 0.0260917 0.0537237 0.0311003 4.69887e-06 
0.000223041 0.00484663 0.000544615 0.00290251 0.0449105 0.146502 0.0201858 0.0167818 0.00201373 0.000780572 0.00483706 8.55297e-05 0.0557791 0.00464089 0.014673 3.74362e-07 4.5086e-06 4.79013e-05 0.00728702 0.365984 0.00843059 0.0983581 0.0397026 0.00642445 0.0590668 0.000863166 0.00205065 0.00527496 0.0867979 2.85849e-07 
0.00803925 0.000185208 0.000263542 0.00114113 0.00125426 0.000633275 0.0239718 0.00206698 1.1671e-11 0.00883109 0.00107199 0.000409219 0.00016601 0.000218122 0.000176918 4.8234e-09 9.81273e-09 0.00906994 0.000798032 0.887252 5.93123e-06 0.0513601 1.29541e-05 0.00169745 0.00082959 0.000367934 9.37451e-05 6.54481e-05 9.93803e-08 1.80674e-05 
4.13501e-05 1.52995e-08 0.00012938 0.000147673 1.56796e-08 0.000192258 0.000155234 0.000273117 2.55546e-08 9.09646e-05 0.000284953 9.31048e-05 1.90754e-08 0.0003207 0.000180907 8.51474e-08 0.000103846 0.00143868 0.000192308 0.982688 9.14837e-09 0.0122333 0.000126515 0.00107804 3.79e-08 0.000170861 1.1988e-08 5.4431e-09 9.16926e-09 5.85788e-05 
0.000424468 0.00796562 1.92688e-05 0.00126682 0.00765039 0.0776812 0.0126677 0.00179168 0.00187225 0.000726918 0.0592208 0.00114637 0.058286 0.0476604 0.00569014 2.08137e-06 3.58852e-06 0.0126709 0.00063639 0.386438 0.000967595 0.053136 0.0199968 0.0131703 0.142059 0.000322437 0.0241484 0.0156658 0.0467058 6.45603e-06 
0.00534142 0.0115221 0.000671821 4.40616e-08 0.0271681 0.00357206 0.078255 0.0332936 0.00121624 0.0515122 0.00310953 0.0937866 0.0343022 0.000233045 0.0297763 2.71865e-07 0.0171473 0.000304988 4.73614e-05 0.478132 0.00173036 0.0369366 0.0132285 0.00652724 0.000158072 2.87351e-05 0.00957182 0.0173426 0.0450842 2.07586e-07 
0.00343637 0.00818076 0.0019734 0.000458667 0.00653682 0.0309373 0.0356926 0.0378183 0.00144616 0.0064726 0.0126162 0.000353332 0.0459098 0.00376821 0.0123493 0.000153225 0.00048441 0.00513469 0.0296351 0.579995 0.00612467 0.0746047 0.00800518 0.0254214 0.00610093 0.00172611 0.00562056 0.027295 0.0217314 1.81176e-05 
6.81284e-06 1.36838e-07 0.00238336 0.000200808 0.000563252 0.00603306 0.000250456 0.00936549 0.00041079 0.000957593 1.72771e-05 1.01468e-05 0.000529486 1.03451e-06 0.00238955 1.72814e-06 2.63342e-08 0.000106201 5.01332e-09 0.963383 0.000331669 6.92009e-05 1.0699e-08 1.69925e-06 0.0109999 1.0004e-08 0.000288517 0.000413927 0.00128478 2.47471e-08 
1.93839e-08 0.0384528 0.000116742 2.51198e-05 0.0199729 0.00740596 0.00797995 0.00119337 5.39191e-08 0.00204045 0.00644973 1.03339e-07 0.00918519 0.000159967 4.8311e-08 1.79657e-07 8.34704e-06 0.00104968 2.77901e-08 0.776524 0.000120165 0.0366622 0.0316522 0.0563898 7.99674e-08 8.84587e-05 0.00446582 1.14847e-08 5.61459e-05 1.3718e-07 
2.20547e-07 0.00227756 0.0250594 3.31291e-07 3.76415e-07 0.0014847 1.46713e-07 2.70923e-07 0.00184106 8.085e-07 0.00920866 1.17577e-06 4.57936e-07 1.18427e-06 5.49673e-07 2.04411e-06 1.6609e-06 7.77862e-07 0.00509098 0.913411 2.19622e-07 0.0130936 6.74786e-07 0.0109494 9.09853e-07 0.00883393 2.87792e-07 0.00171192 2.20124e-07 0.0070252 
2.2082e-08 0.00763072 3.71347e-05 3.31702e-08 3.76881e-08 0.0056385 0.00189671 0.000962778 0.00325483 0.0252742 1.59217e-05 2.03761e-06 0.000145952 1.18574e-07 0.000514602 2.04664e-07 0.000251323 7.78825e-08 0.00203805 0.897184 0.00146174 0.01829 0.00379859 0.00061599 2.53476e-05 6.31733e-08 0.0144055 0.000321236 0.0162341 1.56274e-07 
0.0587128 0.000222019 8.61177e-06 9.90809e-05 0.00237276 0.000162932 0.0195405 0.00779858 6.65085e-05 0.0186878 0.000970541 4.70342e-05 2.69699e-08 6.97472e-08 1.02442e-05 1.20387e-07 9.78177e-08 0.000271602 0.0626577 0.40721 6.63341e-05 0.0403419 1.06293e-05 0.377018 0.000233734 0.00319231 0.000277584 1.9911e-05 1.29641e-08 1.17254e-06 
0.019348 0.00151592 0.000109115 2.77419e-06 0.00581425 0.00312309 0.0202786 0.00250866 1.82442e-05 0.00271627 0.00556287 3.00032e-05 0.100395 0.000874969 0.00170049 2.54893e-07 2.57565e-05 0.000292 0.103431 0.719423 0.000881055 0.00253962 0.000140644 0.00155025 0.000744493 2.83211e-05 0.000376142 0.00328646 0.00328228 8.75415e-08 
2.00948e-05 0.00079614 0.00691165 9.33962e-05 4.35962e-08 0.00165439 0.0695689 0.000246916 0.00160098 9.36401e-08 0.000380742 0.000112014 5.3038e-08 1.37162e-07 6.36629e-08 2.36747e-07 0.0104469 0.000153816 3.6621e-08 0.453348 0.0649109 0.00356764 7.81534e-08 0.233627 8.66808e-05 0.0091012 3.33319e-08 0.143024 0.000239816 0.000108711 
3.35075e-06 0.000300889 6.90677e-06 2.03987e-05 0.000595611 0.105409 0.0426735 0.0593024 0.000528462 7.99954e-05 0.0216403 6.66487e-07 0.00839796 5.75639e-05 0.00213013 0.000214189 0.000752997 0.000936867 0.00145776 0.702 0.0060386 0.00234394 0.0053198 0.000467086 2.47135e-05 5.68258e-06 0.00076823 0.00740877 0.0311142 4.67237e-08 
0.019348 0.00151592 0.000109115 2.77419e-06 0.00581425 0.00312309 0.0202786 0.00250866 1.82442e-05 0.00271627 0.00556287 3.00032e-05 0.100395 0.000874969 0.00170049 2.54893e-07 2.57565e-05 0.000292 0.103431 0.719423 0.000881055 0.00253962 0.000140644 0.00155025 0.000744493 2.83211e-05 0.000376142 0.00328646 0.00328228 8.75415e-08 
5.15561e-06 7.65486e-05 0.001989 2.47362e-07 4.7131e-05 0.0145426 0.00494872 0.00166168 0.00467528 0.000170408 0.000635235 2.4129e-05 0.000284886 8.45078e-05 0.00361372 5.84088e-07 3.46225e-08 1.25765e-05 1.25367e-05 0.936286 0.00888155 0.000315694 0.0108692 5.6856e-05 2.42201e-06 1.03988e-06 0.000764142 0.00645582 0.00358207 3.2536e-08 
7.60121e-05 1.08744e-06 1.17712e-06 9.20603e-07 8.67243e-08 4.36578e-07 1.72983e-06 2.33853e-06 5.17006e-10 2.27307e-06 5.70866e-07 9.08288e-07 1.09954e-06 9.98035e-10 2.16713e-08 1.72265e-09 1.39971e-09 6.55537e-10 2.66467e-10 0.982541 3.0336e-07 0.0137511 6.97511e-07 0.00314829 7.66771e-10 1.47157e-07 2.42534e-10 0.000466955 2.7869e-07 2.34993e-06 
6.46811e-09 0.00241964 9.23651e-05 0.000269886 1.10394e-08 0.0162683 0.00625754 0.0010888 1.7992e-08 0.0092686 7.71601e-09 0.000441534 0.00393518 3.47319e-08 0.0018854 5.99488e-08 4.87102e-08 3.00208e-05 9.27312e-09 0.876795 0.000394514 0.050259 1.97899e-08 0.018623 2.66838e-08 1.85043e-08 8.44026e-09 0.0104836 0.001452 3.48937e-05 
0.0140043 0.00413356 3.55178e-07 0.00541898 0.00189422 0.000335219 0.0722041 0.0185169 0.000595691 0.0163501 0.000965697 8.57753e-05 6.97582e-08 1.23413e-09 0.000100367 2.13017e-09 1.73082e-09 0.014239 0.0106991 0.484855 5.52646e-08 0.291061 7.03195e-10 0.055231 1.8584e-05 0.00236859 1.83962e-05 0.000209023 0.001568 0.00512711 
1.91825e-06 0.0179571 0.000302863 0.000436393 0.0010514 0.125076 0.00400854 0.0370784 0.0154115 0.00217971 0.0222332 1.32078e-05 0.0147824 1.32896e-05 0.00152895 6.60034e-08 0.000192184 0.000328687 0.000435964 0.707633 0.00574983 0.0104125 3.40221e-05 0.00614112 0.000144133 0.000744417 0.00966341 0.0163327 1.80463e-05 9.46717e-05 
0.000202146 2.01354e-05 3.42871e-05 1.87498e-05 0.000213192 3.41729e-06 0.258307 0.0523738 3.34812e-07 0.000133473 4.60903e-05 0.0014079 5.02124e-05 6.46326e-07 0.00538745 1.11559e-06 9.06447e-07 1.67506e-05 0.000140116 0.349957 9.47155e-05 0.330295 7.47026e-06 5.21609e-05 9.29312e-06 3.44347e-07 0.000917207 0.000173277 0.000100724 3.51386e-05 
1.52816e-09 4.47931e-05 5.00376e-09 2.2955e-09 2.60816e-09 0.000159521 0.000130121 0.000112634 4.25078e-09 5.60206e-09 8.38592e-05 8.14683e-09 0.000461042 7.7963e-05 0.000223953 1.41635e-08 1.15083e-08 5.38977e-09 2.19087e-09 0.997707 1.52175e-09 6.91572e-05 3.55389e-05 0.000507548 8.83235e-06 3.10443e-05 0.000145771 9.05412e-10 0.000200721 1.08147e-08 
0.000252222 0.00146214 0.00137579 6.22133e-05 0.00201778 0.0136282 0.0011444 0.0026188 0.00100587 0.0296801 0.0132766 4.11586e-05 0.0284341 1.27634e-05 0.0126421 1.78961e-09 0.0887099 0.000695588 0.000118151 0.457512 0.0251905 0.0712366 1.75949e-05 0.0660682 2.25046e-06 0.000407214 0.00913631 0.0101818 0.0417931 0.121276 
5.15561e-06 7.65486e-05 0.001989 2.47362e-07 4.7131e-05 0.0145426 0.00494872 0.00166168 0.00467528 0.000170408 0.000635235 2.4129e-05 0.000284886 8.45078e-05 0.00361372 5.84088e-07 3.46225e-08 1.25765e-05 1.25367e-05 0.936286 0.00888155 0.000315694 0.0108692 5.6856e-05 2.42201e-06 1.03988e-06 0.000764142 0.00645582 0.00358207 3.2536e-08 
0.0121241 0.00336522 0.000196087 5.15615e-06 0.000457641 0.00991901 0.0231596 0.0177981 0.0179225 0.00128002 0.00639674 0.000449705 0.0721083 0.00181531 0.00426376 5.87216e-09 4.93489e-09 2.7667e-07 0.000325796 0.689697 0.000561526 0.0487865 0.00027108 0.0146204 0.000100139 0.000431911 0.00174026 0.052 0.0202036 7.11925e-08 
0.00897728 0.000231241 0.00228105 0.000181716 0.00817577 0.0233039 0.035177 0.0011453 0.00322928 0.0995333 0.00627587 3.61346e-07 0.241925 0.000116785 0.00207974 6.28211e-07 1.99369e-05 0.000372906 0.00402588 0.42734 0.00275009 0.0683976 0.000380209 0.0138536 0.000696866 0.000752074 0.00467832 0.0191499 0.0249224 2.57384e-05 
6.15054e-05 0.00329122 0.000306524 9.12793e-06 8.80798e-07 0.0707386 0.00517039 0.31907 1.21881e-05 0.000583622 4.99611e-07 3.33763e-05 0.0233868 2.91643e-08 0.00325653 5.03388e-08 2.69935e-05 1.8887e-05 9.14186e-07 0.416423 5.66373e-06 0.0645925 0.0308561 0.0219081 2.70031e-05 1.5538e-08 0.00499429 0.0103118 0.0248917 2.21723e-05 
0.0121241 0.00336522 0.000196087 5.15615e-06 0.000457641 0.00991901 0.0231596 0.0177981 0.0179225 0.00128002 0.00639674 0.000449705 0.0721083 0.00181531 0.00426376 5.87216e-09 4.93489e-09 2.7667e-07 0.000325796 0.689697 0.000561526 0.0487865 0.00027108 0.0146204 0.000100139 0.000431911 0.00174026 0.052 0.0202036 7.11925e-08 
