7.89163e-05 0.000822495 7.16401e-05 0.00134424 0.0265635 0.0135996 0.00245252 0.0129859 0.00023011 0.00122446 0.102537 0.0016566 0.178441 0.000960322 0.000443 6.36852e-08 0.000192128 0.0417477 0.0413278 0.00136328 0.00126725 0.478105 0.000682465 0.0597889 0.0125464 0.00143443 0.00532268 0.0117326 0.00107369 3.87283e-06 
1.1353e-05 4.1448e-05 2.49427e-06 7.89039e-05 0.000431315 0.0056057 0.00907425 0.00446064 0.0172002 0.214351 0.332305 4.06537e-05 0.000137905 0.00890271 0.00112277 2.73493e-08 0.000585745 0.0149148 0.00803748 6.28612e-06 0.0772243 0.043499 0.00238577 0.0651298 1.21734e-08 0.137254 0.0558525 0.000697041 0.000641919 4.752e-06 
0.000264804 0.0019139 7.69027e-05 0.00435501 0.00692331 0.060577 0.00836881 0.0109619 0.0334132 0.000180476 0.0600097 9.16988e-05 0.0286557 0.00152151 0.00381286 0.000122994 0.000305567 0.00172849 0.0368837 0.00436553 0.00831884 0.00371305 0.0107984 0.0289439 3.96175e-05 0.00935354 0.0405114 0.0415571 0.592229 2.32381e-06 
0.0473396 0.00491015 4.95505e-06 1.7683e-05 0.0137922 0.0134575 0.0476337 0.216867 6.96996e-05 0.0153442 0.0543572 0.00752349 0.046531 0.00221294 0.00330398 1.74752e-06 0.000431283 0.000112642 0.0785369 0.0365542 0.0766603 0.163922 0.000434365 0.0463141 0.000262501 0.00542693 0.00899828 0.101491 0.00748749 3.66546e-08 
7.89163e-05 0.000822495 7.16401e-05 0.00134424 0.0265635 0.0135996 0.00245252 0.0129859 0.00023011 0.00122446 0.102537 0.0016566 0.178441 0.000960322 0.000443 6.36852e-08 0.000192128 0.0417477 0.0413278 0.00136328 0.00126725 0.478105 0.000682465 0.0597889 0.0125464 0.00143443 0.00532268 0.0117326 0.00107369 3.87283e-06 
5.33859e-06 6.97078e-07 1.50871e-06 0.00771256 0.0181706 0.067076 0.0191154 0.00159968 1.34133e-05 0.00173229 0.0205519 1.88774e-06 0.748808 0.00151046 0.0186766 2.43069e-07 0.000971336 0.00741498 0.000900085 0.00189753 0.00369024 0.016694 0.00909715 0.00760647 6.16302e-06 1.52286e-05 0.0132178 0.0159846 0.0175265 1.54667e-06 
0.00662273 0.000360799 1.40781e-05 6.07527e-05 0.00133944 0.62537 0.000186949 0.00166753 0.00338323 1.36911e-05 0.00681172 0.000206581 0.00504547 0.000114065 0.000123321 0.000584228 0.303231 0.000262159 0.00189596 3.64545e-05 0.00219424 8.36672e-06 0.00267938 0.00467535 0.000106273 1.71473e-05 0.00462117 0.0135868 0.0147348 4.64145e-05 
5.33859e-06 6.97078e-07 1.50871e-06 0.00771256 0.0181706 0.067076 0.0191154 0.00159968 1.34133e-05 0.00173229 0.0205519 1.88774e-06 0.748808 0.00151046 0.0186766 2.43069e-07 0.000971336 0.00741498 0.000900085 0.00189753 0.00369024 0.016694 0.00909715 0.00760647 6.16302e-06 1.52286e-05 0.0132178 0.0159846 0.0175265 1.54667e-06 
0.0088657 0.00291303 0.000869048 0.084174 0.00990151 0.293212 0.01588 0.010375 0.0931436 0.00129196 0.0817834 6.30888e-06 0.0174968 0.00467859 0.0012582 3.46781e-06 0.00241593 0.0128823 0.0764173 0.00184456 0.00980461 0.00507418 0.00212828 0.0674604 0.00128744 0.0245148 0.0224306 0.125796 0.0211105 0.000980902 
1.07818e-08 0.000423566 8.58946e-13 5.52056e-10 0.00258215 0.00336062 0.0011171 0.752349 0.00109361 1.93291e-10 1.05462e-08 2.02795e-08 5.88308e-09 0.000312771 3.48971e-05 2.43131e-12 8.10158e-09 0.000156366 0.0250227 2.56053e-12 0.0150257 5.87671e-13 4.55684e-05 0.00648758 1.0822e-12 0.000375126 0.00172139 0.150846 0.0390452 1.85646e-12 
0.108857 0.0188722 4.83831e-07 6.55097e-05 2.39953e-05 0.0159668 0.0797721 0.136849 0.00315785 0.0180543 0.0665923 5.78675e-07 0.0497539 2.31367e-05 0.0156812 3.0397e-09 4.12975e-06 0.000248699 0.00408753 0.00450704 0.000807233 0.112305 0.00106726 0.0357758 0.00427276 4.1287e-05 0.0180604 0.247818 0.0573006 3.30467e-05 
1.57555e-06 0.00928277 4.70194e-10 5.9025e-07 0.0051037 0.00677865 0.00490443 0.00361421 0.00482255 6.06571e-05 0.00975478 7.65543e-10 0.00664904 0.777353 0.000158326 6.80825e-08 2.85235e-05 5.06467e-10 0.00913412 1.99772e-05 0.00717311 0.00319239 0.00714945 0.00930869 3.673e-05 0.0377993 0.0543961 0.0319472 0.0113299 2.41432e-07 
0.00397448 0.0143512 4.53281e-05 0.0012631 0.00176249 0.0468238 0.0137737 0.0813326 0.0153543 0.00651312 0.233577 0.0399284 0.00191808 0.0663977 0.00118063 2.29925e-10 0.000849915 0.0149391 0.00632203 0.000377642 0.00732939 0.239929 0.00543574 0.0935915 0.0010459 0.0200749 0.0395577 0.0332365 0.00868162 0.000432404 
9.43498e-08 1.57103e-06 1.32045e-06 0.00114989 2.72874e-06 0.0445237 4.45056e-06 4.0541e-05 2.46364e-06 0.0144621 0.246035 0.000389434 0.00190961 4.61506e-06 0.00818854 4.40705e-08 0.0038937 0.0162962 0.00224495 3.76144e-05 0.000880279 0.33342 8.1611e-05 0.0810373 0.000786157 8.26421e-06 0.224012 0.0166419 0.00392736 1.68363e-05 
1.68241e-05 0.00143813 5.8814e-08 3.26773e-05 0.000292929 0.0805151 0.0105726 0.272918 0.00185837 4.62104e-06 0.0385822 1.39879e-07 0.000720332 0.000776487 4.45519e-07 2.10579e-09 5.18129e-07 7.76418e-07 0.0290245 2.21772e-09 0.0658096 0.000118258 0.00277311 0.0465062 1.44522e-06 0.0109027 0.185333 0.188659 0.0631266 1.54966e-05 
0.00281793 0.00100888 8.99908e-05 0.50642 0.00270665 0.0330919 0.00270146 0.00545035 0.00032178 0.000797176 0.267965 0.051784 0.00697415 0.000622424 0.000406375 4.6902e-08 0.000197172 0.0417845 0.0035798 0.000373332 0.00728662 0.00885791 0.00166554 0.0287703 0.000282618 0.000739657 0.00422773 0.0107781 0.00775572 0.000542106 
4.06024e-06 0.00110831 1.25227e-06 2.71318e-06 0.00893131 0.0113528 0.00261807 0.0124505 0.000450925 0.000556823 0.0160495 1.60042e-06 0.726456 0.00112354 0.00164169 6.43404e-09 8.71466e-05 4.93997e-06 0.0148483 0.00267718 0.0134774 0.134065 5.87471e-06 0.0103288 0.00458188 0.000862991 5.57712e-05 0.0248903 0.0113634 1.65919e-06 
2.6808e-08 8.65942e-10 5.06888e-12 0.490025 0.000595576 0.0141588 4.9644e-09 0.00189389 6.71321e-07 8.63363e-05 0.0893011 5.44058e-08 2.19193e-05 2.23646e-07 2.6389e-08 1.43478e-11 7.20047e-07 0.393118 2.52684e-07 1.51104e-11 1.56349e-05 6.33758e-09 7.81659e-05 0.000146214 1.19446e-07 0.00441913 8.78638e-07 0.00611401 2.28954e-05 5.79929e-07 
7.95836e-08 5.32117e-05 5.64469e-11 5.264e-08 0.00163876 0.0357878 0.0074888 0.0639756 0.00164718 6.31963e-11 0.0366167 1.3558e-08 0.0304279 9.61568e-08 0.000348357 1.59777e-10 1.23657e-06 0.000901461 0.0454717 0.103147 0.0543974 0.000495359 6.02627e-08 0.00545905 9.13334e-08 1.02511e-05 0.0161325 0.381435 0.214564 1.99078e-07 
5.02146e-05 0.000211968 1.4214e-12 0.000191514 0.0270661 0.00190069 0.0053773 0.000779487 1.2195e-10 0.000747925 0.0141451 8.25492e-05 0.0110646 2.33098e-12 0.000145327 1.98708e-09 5.48165e-09 0.000978269 6.22352e-13 8.7757e-09 1.98191e-08 1.58186e-08 1.40701e-06 1.35895e-08 0.912782 0.0026776 0.0217497 3.07793e-07 4.81654e-05 1.23183e-09 
0.00376057 0.00345874 3.11461e-07 0.00707603 0.00503869 0.0358926 0.0151042 0.00588609 0.0083075 0.0193132 0.294077 1.13255e-05 0.385581 0.00395655 0.0049807 1.25434e-10 1.651e-05 0.000354053 0.00710959 0.00653373 0.000296032 0.0325722 0.0299038 0.00434665 0.0359761 0.00046931 0.0182507 0.0418569 0.0298637 6.59224e-06 
1.65714e-09 1.3594e-13 2.67281e-13 0.00528663 0.00273603 0.0728121 1.14086e-10 1.05288e-08 9.42076e-08 2.9924e-13 0.74804 6.53195e-10 0.0378791 3.13841e-08 3.70289e-09 7.5656e-13 3.28269e-08 0.000899256 0.00141842 7.9677e-13 0.00162372 1.82868e-13 6.95807e-08 0.0084932 6.76872e-11 0.00293749 0.00631533 0.107039 0.00451935 4.04434e-09 
0.00317554 0.000339876 3.53743e-07 0.0100757 0.00475936 0.428476 0.00178987 0.0158273 0.0222187 0.000190418 0.0853106 1.50708e-05 0.184183 0.0460697 0.00358526 5.70622e-05 4.11196e-06 0.0113409 0.0297827 0.0354694 0.0142173 0.00259686 0.00226258 0.00721175 0.000201312 0.00119399 0.00210792 0.0258996 0.0616371 7.17175e-07 
3.50285e-06 0.000137311 1.33888e-08 4.59376e-06 0.000985653 0.492982 0.000225095 0.00667545 0.010649 7.15501e-05 0.0953662 9.08618e-07 0.0387847 0.00117985 0.000157459 6.64497e-08 0.00159463 1.75491e-05 7.42506e-05 2.89127e-11 0.0368853 1.72598e-09 0.00137132 0.022061 3.81167e-05 0.00178833 0.0199782 0.123858 0.145108 1.79317e-06 
0.00281793 0.00100888 8.99908e-05 0.50642 0.00270665 0.0330919 0.00270146 0.00545035 0.00032178 0.000797176 0.267965 0.051784 0.00697415 0.000622424 0.000406375 4.6902e-08 0.000197172 0.0417845 0.0035798 0.000373332 0.00728662 0.00885791 0.00166554 0.0287703 0.000282618 0.000739657 0.00422773 0.0107781 0.00775572 0.000542106 
0.00156842 0.00058478 6.14105e-10 0.032339 0.00212754 0.29686 0.00570039 0.0115507 0.00118218 0.00151171 0.217138 0.000154261 0.0933558 0.00146519 0.000174913 1.49869e-05 5.20621e-06 0.0577528 0.00477325 0.0050695 0.00236152 0.18799 0.00212039 0.0204729 0.00773286 0.00301198 0.00299271 0.0291415 0.010847 8.67144e-07 
2.02398e-06 0.00242586 1.03341e-06 7.10553e-05 0.000120779 0.812999 1.91309e-06 0.021269 0.0491063 0.00185434 0.0449862 5.95793e-06 0.00817955 0.000580564 2.19053e-05 1.39001e-07 0.000271857 0.00675393 0.000727782 0.00121933 2.13514e-05 0.0183167 0.00461659 0.00265977 0.000722546 3.15743e-06 0.00332102 4.0594e-06 0.0197357 3.07223e-07 
0.00139487 0.000842766 1.3149e-08 0.00371983 0.000226941 0.0156271 0.03689 0.0385476 5.09385e-06 0.00131246 0.010464 0.000361824 0.00521337 2.15633e-08 0.000648272 3.72192e-08 3.25473e-06 0.0025636 0.000163393 3.35388e-06 0.00475726 0.373723 1.137e-06 0.019869 0.482639 0.000268048 0.000514136 7.75944e-05 0.000163656 1.34962e-07 
1.38244e-08 1.42784e-07 5.21389e-11 0.786534 0.0122307 0.035789 3.39477e-05 0.000919438 0.000181155 6.16101e-06 0.0336729 3.46311e-08 0.00278055 7.42624e-05 1.08235e-08 0.0767665 3.87995e-07 0.0209017 0.0013052 1.83643e-06 0.00558163 2.71297e-06 0.000759826 0.00370573 1.17083e-06 7.90089e-06 0.00223495 0.0119329 0.00457502 3.4769e-07 
0.0103631 0.0362693 6.74755e-05 0.000607019 0.00921219 0.10035 0.0118384 0.08344 0.00613156 0.159262 0.0713315 0.299415 0.000483798 0.00023997 0.00131535 2.13612e-07 0.000461764 0.00311358 0.0424743 0.000279958 0.0074585 0.039208 0.00138545 0.0368152 0.000140291 0.0233696 0.00922791 0.0123996 0.033227 0.000111269 
0.000440851 0.00111242 4.65935e-08 0.000723248 0.0287 0.0442197 0.00497394 0.017696 0.00451273 0.000278923 0.0888361 9.58697e-05 0.00242045 0.00706191 0.00198841 3.30756e-11 0.000167301 0.0266329 0.0131068 0.000204723 4.74462e-05 0.00299094 0.00112374 0.0177059 0.0286889 0.676671 0.0203158 0.00305855 0.00622432 7.32035e-07 
0.493085 0.0252827 3.93231e-05 7.15196e-05 0.00195002 0.0284066 0.0409275 0.0912328 0.000841455 0.0118777 0.0347701 0.000102631 0.0726457 0.000694971 0.00217033 5.28914e-07 4.34816e-06 0.000326317 0.0369698 0.00128285 0.0464208 0.0524257 0.00503083 0.0180037 0.00358332 0.000397969 0.00361704 0.00952302 0.0178295 0.000485502 
3.37671e-07 0.000157335 6.44878e-09 1.42569e-06 0.00336306 0.0307757 0.00627118 0.00192191 0.0183735 7.21986e-09 0.237202 2.76469e-06 0.129103 9.35769e-06 4.99937e-06 1.82538e-08 3.99742e-05 0.00056813 0.0146711 0.000891864 0.00285342 0.472059 9.13477e-06 0.00509465 4.97974e-06 0.00371434 0.00208497 0.0337757 0.0370463 1.39379e-08 
3.66719e-05 0.00033668 1.9082e-06 7.67706e-05 0.00158926 0.000451821 0.00222194 0.0170911 0.000136426 0.00426473 0.0678987 3.10682e-06 0.0131809 5.5729e-05 0.000695321 5.4013e-06 4.38872e-06 0.000156616 0.00264736 0.000312662 0.000134064 0.814393 0.000384635 0.0211677 0.000357305 0.00136811 0.000611622 0.049582 0.000789417 4.42588e-05 
4.54918e-05 0.000513455 6.7478e-07 3.09559e-07 0.00201208 0.0027195 0.000719175 0.000896357 0.0134547 2.58817e-05 0.0290134 1.09864e-06 0.0475996 0.00403239 6.15697e-06 1.91001e-06 0.000477002 2.02187e-06 2.95449e-07 6.65245e-05 0.0131473 0.858096 0.0140504 0.00368076 0.000300942 8.11779e-06 0.00188614 0.00291616 0.0043248 1.45842e-06 
0.00345672 0.00272721 0.000586834 0.00467968 0.0118346 0.505188 0.0235125 0.0171752 0.0298076 0.00209833 0.0518894 5.26761e-05 0.0318416 0.00662101 0.00362527 0.004765 0.00551653 0.00883267 0.0217552 0.00622181 0.0885291 0.00373123 0.0076257 0.026698 0.00605268 0.00510822 0.0194204 0.0390139 0.0616302 3.08568e-06 
2.88668e-07 0.00367531 3.56798e-09 3.6226e-06 0.0133728 0.430139 0.0150839 0.0292856 0.28895 0.0009398 0.00194837 0.00318473 0.00339249 0.000115143 0.0113357 1.00994e-08 8.20608e-09 0.000701799 3.226e-06 0.00031885 0.00076613 0.133348 0.00315735 0.0268751 4.97677e-06 5.74799e-06 0.00101634 0.0133528 0.0185171 0.000506057 
5.40711e-07 0.000968625 9.77959e-11 0.00061578 0.00173636 0.0474994 0.0110771 0.25491 0.00489269 9.94237e-05 0.0301781 0.00104987 0.00454716 0.00197232 0.0116693 2.83686e-07 2.0061e-07 0.329844 0.0240409 0.0429239 0.00868086 0.0333069 0.000110552 0.0450854 2.43597e-05 0.0368713 0.00390329 0.00629224 0.0976989 6.29812e-08 
5.5074e-07 0.00175887 4.00842e-10 1.88811e-07 0.00563905 0.0430297 1.11537e-06 0.0623313 2.64273e-05 1.46855e-06 0.241156 6.52628e-10 1.98043e-06 2.25573e-06 0.00274108 1.13461e-09 9.21906e-10 1.86646e-06 0.0178705 1.2192e-05 0.111508 0.0223419 3.24126e-07 0.262571 1.1486e-06 0.0101911 0.0412038 0.145909 0.0317002 8.66348e-10 
0.000199264 3.52463e-08 1.9643e-10 0.00183829 0.00182107 0.19185 0.000411188 0.00535819 0.00206916 1.41552e-11 0.228013 0.000474054 0.106404 0.00207331 3.0962e-06 5.46591e-08 1.32666e-05 0.00298469 0.00146573 1.1907e-07 0.00207918 9.05035e-08 0.00330152 0.0295321 3.85793e-05 0.000494362 0.0371678 0.272565 0.109844 2.28281e-07 
0.00654572 0.0307334 2.14325e-07 0.00229218 0.023256 0.347172 0.0683997 0.0431561 0.00137235 0.000662267 0.0475844 8.01812e-09 0.0275313 0.0010092 0.00580396 6.99719e-10 5.59191e-05 0.01227 0.0309277 0.00809244 0.0642147 0.0876368 0.00417226 0.0452191 0.0133819 0.000359449 0.000784262 0.0489194 0.0784305 1.69086e-05 
0.000117613 0.00514844 3.93759e-07 0.00219747 0.000151142 0.0318661 0.0177595 0.00836193 0.0040089 0.00283822 0.0233976 6.41095e-07 0.0413942 0.000221706 0.00109538 0.00422793 7.51362e-05 4.24135e-07 0.0946528 2.57678e-05 0.0640393 0.000264579 3.91228e-05 0.150613 4.95728e-06 0.000390939 0.00470029 0.0789792 0.463396 3.1376e-05 
0.00506206 0.0061137 0.000202113 0.00210547 0.0505335 0.0189864 0.0460779 0.110586 1.16683e-07 0.0366597 0.0611621 0.0250699 0.0173019 0.00411067 0.0407028 0.00213349 0.00228582 0.0558869 0.0843665 0.00141496 0.00995278 0.249293 0.000569526 0.0474005 0.00790634 0.00169124 0.00453752 0.0827409 0.0250445 0.000102585 
0.000742071 0.00262223 3.21265e-07 0.004512 0.00493275 0.0492422 0.00384632 0.0187666 0.00843655 0.000234237 0.109514 0.000166204 0.0689749 0.00405005 0.00109766 8.87425e-07 0.000347166 0.00287535 0.00613576 0.00119702 0.0141576 0.00760929 0.000670587 0.159537 0.000850658 0.00864207 0.0640054 0.408301 0.0485316 1.41286e-09 
1.97107e-05 0.0172621 1.18584e-06 2.14494e-05 0.0136529 0.0476812 0.13098 0.0917453 9.56063e-05 0.000964011 0.00646021 0.000830382 0.00448514 0.000106443 0.00441395 2.57409e-05 3.21958e-05 0.00267644 0.000383361 0.0441013 0.0139814 0.478791 0.00298572 0.0269411 0.000510789 0.00615178 0.00302924 0.0719256 0.0297441 5.14534e-09 
8.45014e-05 6.91806e-07 6.64578e-13 8.84585e-05 0.00422129 1.34462e-05 6.33639e-06 2.00285e-06 1.02396e-07 1.5561e-09 5.08613e-05 7.27557e-07 5.15008e-05 3.52492e-07 8.20401e-10 1.88114e-12 1.52848e-12 1.24675e-05 2.90982e-13 7.83277e-06 2.32046e-07 8.42887e-05 6.16652e-06 0.000167552 0.994186 0.000772742 0.000239677 7.36136e-07 2.36367e-06 7.04526e-08 
3.99473e-05 0.000572855 8.35654e-06 0.589369 0.00178631 0.0780241 0.00193932 0.00220009 0.000525558 0.00444745 0.0648829 6.26459e-05 0.0128385 6.80361e-05 0.00202288 9.60788e-07 0.00184785 0.0965251 0.00680567 0.0160543 0.0204295 0.00619669 0.000505428 0.0506759 8.5328e-05 0.00103768 0.00137375 0.0326326 0.00679092 0.000250785 
3.76692e-05 0.0003142 3.90617e-09 0.0355476 0.00125123 0.243169 0.00117576 0.00160093 0.000776426 0.0124323 0.183537 0.000213481 0.0209775 0.000143982 0.00173397 1.11048e-06 0.000763642 0.15553 0.0135814 0.075471 0.0222491 0.0289404 0.000128671 0.131182 0.000111172 0.0010261 0.000731443 0.0578487 0.00948939 3.48132e-05 
0.00497673 0.00291535 0.000116962 0.619024 0.0244558 0.0107222 0.00464041 0.0200516 0.00152331 0.000906184 0.0217304 6.73315e-05 0.0273136 0.000141142 0.00463198 1.24271e-07 0.00257629 0.0162574 0.0133582 0.00031222 0.00441526 0.104024 0.000164758 0.0547618 0.000544728 0.00365502 0.0229979 0.0183814 0.00256768 0.0127664 
2.88668e-07 0.00367531 3.56798e-09 3.6226e-06 0.0133728 0.430139 0.0150839 0.0292856 0.28895 0.0009398 0.00194837 0.00318473 0.00339249 0.000115143 0.0113357 1.00994e-08 8.20608e-09 0.000701799 3.226e-06 0.00031885 0.00076613 0.133348 0.00315735 0.0268751 4.97677e-06 5.74799e-06 0.00101634 0.0133528 0.0185171 0.000506057 
0.000149723 6.93278e-05 6.30865e-09 0.000230582 0.000123388 0.0168833 0.00237959 0.000968939 2.43584e-06 0.00083871 0.472541 2.25931e-05 0.403382 1.03457e-08 0.000154599 7.97372e-08 3.24944e-06 6.94818e-05 0.000810818 0.000323883 0.000459008 0.0259103 5.26258e-05 0.0237419 0.000470806 0.000113609 0.000149446 0.0339148 0.00465383 0.0115802 
4.90013e-07 0.0351733 1.0365e-08 0.000406808 0.0299527 0.0156397 0.0698355 0.256788 0.00180638 0.00226436 0.0123055 3.74222e-07 0.00295233 1.2294e-06 0.00276984 2.93388e-08 2.38386e-08 9.43032e-06 0.0187346 3.08982e-08 0.0940395 0.00206514 0.044194 0.110431 0.000298285 0.0241236 0.128344 0.147746 2.38695e-05 9.55945e-05 
0.00029501 0.00155735 5.68839e-08 0.000182275 0.0206857 0.0243811 0.00696347 0.0198651 0.00424361 7.29413e-05 0.035571 5.25933e-05 0.000236555 0.00988642 0.00232251 2.48773e-11 0.000234181 0.0153055 0.00179344 9.25052e-05 6.64044e-05 0.000790058 0.00157316 0.00735451 3.45151e-07 0.823372 0.013159 0.00428192 0.00566016 1.02241e-06 
0.00780984 0.00251958 0.000435896 0.00112721 0.0367326 0.00972073 0.0237764 0.0799559 0.0137233 0.00887794 0.0131394 0.00639665 0.0106155 0.00199575 0.00838959 1.36664e-05 2.41567e-05 0.00382748 0.0314175 0.0121013 0.0552119 0.283186 0.000529314 0.289165 0.0047923 0.00545568 0.0165824 0.0427314 0.0233426 0.00640305 
5.0612e-07 0.0255432 4.80878e-08 2.20605e-08 0.00481531 0.00755356 0.00378877 0.0293198 2.13269e-05 0.000605307 2.17924e-05 1.49968e-05 0.916349 0.00230162 0.000823022 1.36116e-07 1.10598e-07 5.17975e-08 2.00505e-05 2.34425e-05 3.25929e-05 0.00692038 4.77053e-06 0.00153416 6.05867e-08 0.000105898 1.91639e-08 0.000182388 1.71118e-05 1.03933e-07 
3.5706e-07 5.93609e-06 3.45508e-09 0.00855384 0.000825152 0.17827 7.01935e-10 4.11631e-05 2.02426e-05 4.78987e-06 0.730562 9.54742e-06 0.00733039 8.29933e-05 7.98122e-07 9.77986e-09 7.06041e-06 0.018414 0.000290638 2.40907e-06 6.59529e-06 1.00842e-05 0.000133339 0.00516565 1.88228e-08 0.04445 0.000574598 0.00367251 0.00156564 8.76237e-07 
0.00126934 0.000391388 9.34049e-11 0.00353369 4.07878e-06 0.15645 0.0197271 0.00535869 0.000181225 0.0101935 0.065428 0.0977759 0.265418 0.000550048 0.0388289 2.0266e-07 5.89795e-05 0.00433368 0.00629542 0.00782954 1.32234e-07 0.077217 0.00301867 0.00978047 0.0920046 0.0342758 0.040023 0.0579978 0.00194186 0.000112612 
0.00343561 0.000313103 1.69423e-08 6.87642e-06 0.107999 0.00130548 0.00323703 0.0330261 0.143612 0.000488485 0.0140361 1.32442e-06 0.00174053 0.000167092 0.00321833 1.60369e-11 8.11649e-08 5.44041e-05 0.426886 2.43202e-07 0.0170533 0.00161621 0.00696099 0.0303249 0.000417707 0.00155887 0.0116736 0.174908 0.0159561 3.17237e-06 
2.40696e-07 0.00557814 1.0014e-09 0.00223328 0.000171313 0.00162358 0.000754257 0.0165825 2.39963e-06 3.56967e-06 0.0152845 0.000928831 0.00334925 1.64222e-09 0.000184753 2.83454e-09 9.70473e-07 0.0103937 0.000195377 0.00132682 0.00126905 0.849052 3.20192e-07 0.0699112 1.15691e-07 4.31397e-08 8.68484e-07 0.000221396 0.020879 5.2094e-05 
0.000251232 0.00194773 3.20729e-07 0.0365704 0.0083293 0.29218 0.0305963 0.0239328 0.00376583 0.00289696 0.0883948 5.22747e-06 0.155923 0.0123529 0.000489969 2.87375e-10 0.00225523 0.0624917 0.020367 2.56622e-07 0.0393536 0.0511481 0.00271049 0.0282921 0.000299521 0.0235774 0.0175218 0.0224141 0.0717659 0.000165957 
0.0212815 0.00317838 3.45287e-06 1.18808e-05 0.165359 0.0812672 0.0141805 0.0119283 0.030251 0.00374853 0.0280658 4.80906e-07 0.281713 0.000798721 0.00985928 4.92352e-05 0.000286645 0.000380404 0.0428325 0.000945894 0.013576 0.0159761 0.0114544 0.0490834 0.0140071 0.00240602 0.0350491 0.135483 0.0268219 1.18479e-06 
5.93203e-06 0.000980325 6.79634e-08 0.000213608 0.000647709 0.0480358 0.000355563 0.0321951 3.82474e-07 0.012445 0.197427 0.000257202 0.0127028 7.01213e-07 6.82612e-05 5.8723e-10 2.80781e-06 0.424615 0.0374328 0.00160067 0.00310987 0.101153 0.00208095 0.105476 0.0035501 0.00271297 0.000831483 0.00589105 0.00620791 4.48387e-10 
4.63271e-05 0.000368293 2.60032e-08 4.2538e-06 0.00455454 0.023023 0.000897694 0.000775478 0.000189873 2.85438e-06 0.392798 5.6498e-09 0.0547655 3.91819e-07 0.00068021 7.51727e-10 7.68677e-06 0.000297246 0.0160873 5.70766e-08 0.0557575 0.000500874 0.000303066 0.0517009 0.000200979 0.00178279 0.01406 0.301833 0.0793616 2.09873e-07 
1.84285e-06 0.00519014 2.93129e-10 0.0001394 0.0318547 0.00768324 0.0104249 0.0653228 0.00173362 4.44288e-07 0.00532757 0.000434138 0.00111949 2.10741e-08 0.00055292 8.29723e-10 0.00107398 0.0333563 0.15417 8.73822e-10 2.13255e-06 0.530342 0.000327905 0.140397 0.000593287 0.00365291 0.00269306 0.00358143 4.32625e-07 2.52539e-05 
0.000225917 0.0127847 0.000134821 0.00600933 0.0162908 0.0320612 0.151601 0.117809 0.000467026 0.00177933 0.011044 0.000375903 0.00499736 0.00447252 0.00857768 0.00200694 0.000311073 0.0687528 0.00305041 0.000464257 0.0447527 0.0265646 0.0120086 0.391534 0.00310597 0.000496422 0.0112562 0.0257575 0.041307 5.65625e-07 
3.59022e-08 2.71988e-07 1.17557e-07 9.68626e-07 9.33668e-07 0.0234204 0.00050434 0.0110304 0.000395251 1.31613e-07 0.000573964 1.914e-07 0.00933017 2.73414e-05 0.00531698 2.39254e-06 0.000838852 4.67282e-06 5.11962e-05 0.758821 5.84838e-06 0.0114646 0.001141 0.0104282 1.1933e-06 1.02711e-07 0.0177192 0.00327896 0.145638 3.02841e-06 
3.25823e-05 0.00029224 5.60883e-12 5.30734e-08 0.00118518 0.00179505 0.00167222 0.030153 0.00677281 1.28641e-07 0.0600495 0.00027713 0.00116661 4.42215e-05 0.000189913 1.58762e-11 9.31356e-08 1.27238e-07 0.0445735 1.672e-11 0.0236544 0.0224391 7.24221e-06 0.330863 6.05248e-10 4.90049e-12 0.00256467 0.462035 0.0100692 0.000162515 
1.8813e-05 0.0203215 5.30505e-10 1.3831e-05 0.0174605 0.0415334 0.00158607 0.0105884 4.38313e-05 0.0059099 0.0665828 6.19536e-06 0.010809 0.000181855 0.000430576 1.50163e-09 0.218157 1.80821e-05 0.0557569 1.58144e-09 0.177132 7.81855e-07 1.85238e-06 0.219665 0.000334669 4.95033e-05 0.0101874 0.113483 0.0297269 7.32777e-08 
4.00073e-06 0.000390133 1.44623e-05 0.00228135 0.000611984 0.845277 0.000657168 0.0139552 0.000836853 2.9433e-05 0.00294769 0.000116791 0.041399 4.66491e-05 0.0030648 4.13217e-08 7.09237e-05 0.000408881 0.0001621 0.00012406 0.0023634 0.00128996 0.00644876 0.00790235 4.26029e-05 0.000159479 0.00436089 0.00424322 0.0594452 0.00134535 
5.23835e-05 0.0385382 9.24511e-06 0.000154389 0.00448525 0.296582 0.101713 0.0118117 0.000613529 0.000577787 0.00998384 0.000214145 0.115746 0.000296702 0.0363228 1.40815e-07 0.0836078 0.00434271 0.00561905 0.000436781 0.0560761 0.0016814 0.101271 0.00552179 0.000227658 0.000875045 0.00157707 0.0187283 0.102934 1.07521e-07 
0.000253975 1.0342e-05 2.20692e-09 0.0048306 0.00231199 0.0301766 4.66776e-05 0.000170272 0.000490938 1.12353e-08 0.748566 1.05307e-06 0.0411019 0.000227522 2.6906e-06 9.54645e-13 1.22444e-05 0.000408391 0.00107068 1.46356e-06 0.000576816 2.85769e-06 0.000330434 0.0110475 3.73344e-09 0.000985409 0.00686577 0.144417 0.00608943 7.64767e-07 
4.44017e-05 0.000187318 1.21018e-07 0.00127948 1.84213e-05 0.000178723 0.0437981 0.0634728 0.00591901 0.00048524 0.00771216 0.000155156 0.0131721 0.000106989 9.2114e-08 4.28793e-05 2.78332e-07 0.000109369 0.000737319 0.00934065 0.00394286 0.0647971 0.0435268 0.740251 0.000183177 0.000181734 0.00022789 3.67309e-05 2.18849e-05 7.06338e-05 
4.70099e-09 4.06601e-08 2.42697e-11 0.00321055 0.00465274 0.00218991 3.3507e-07 0.00124698 0.00186038 6.57835e-05 0.00598518 2.87885e-07 1.26146e-05 8.81734e-07 6.43364e-07 2.98331e-08 5.58184e-11 0.00719596 8.80018e-07 0.000586397 7.38093e-12 0.193136 8.22729e-09 0.122387 3.05162e-07 4.46878e-07 3.50017e-08 4.41292e-07 0.00227765 0.655188 
0.00366299 0.00515652 0.000939096 0.00166009 0.0147229 0.320347 0.0188551 0.0366576 0.0230851 0.00158471 0.0530536 0.000174925 0.0255116 0.00328054 0.00484345 0.00116335 0.0171339 0.0160351 0.0401222 0.00453543 0.0305041 0.00421084 0.0117797 0.0856993 0.00136896 0.0104192 0.0718792 0.124307 0.0672971 9.46017e-06 
1.38244e-08 1.42784e-07 5.21389e-11 0.786534 0.0122307 0.035789 3.39477e-05 0.000919438 0.000181155 6.16101e-06 0.0336729 3.46311e-08 0.00278055 7.42624e-05 1.08235e-08 0.0767665 3.87995e-07 0.0209017 0.0013052 1.83643e-06 0.00558163 2.71297e-06 0.000759826 0.00370573 1.17083e-06 7.90089e-06 0.00223495 0.0119329 0.00457502 3.4769e-07 
0.00175217 0.0185553 3.258e-05 0.00587307 0.0985322 0.0315307 0.00807812 0.0198771 0.0172152 0.00205509 0.0975256 0.00262594 0.00427998 0.00311978 0.00394223 4.25119e-06 0.000168749 0.000530989 0.0088899 7.07271e-05 0.0389184 0.00498115 0.00231277 0.126886 0.00157571 0.000589025 0.0359277 0.422976 0.0411308 4.28745e-05 
0.000293523 1.44844e-05 4.61161e-07 0.0026204 0.000321843 0.928073 0.00189443 0.000206611 0.000209833 0.00389154 0.0265714 2.5861e-05 0.0142452 2.75765e-05 5.08901e-06 4.69639e-08 2.68742e-06 0.000437255 0.000227576 7.2977e-05 0.00207556 0.00598707 0.00176518 0.00323493 0.000352486 1.07477e-05 0.000791318 0.000595147 0.0033781 0.00266754 
6.85821e-05 0.00286136 4.44003e-07 0.0644605 0.00993818 0.0103235 0.00316628 0.0177575 0.000398692 0.000951187 0.0380976 2.1123e-06 0.00139216 0.00169404 0.000192516 4.10624e-05 0.000333294 0.000411378 0.0668662 7.82384e-07 0.0106387 0.0467248 3.15085e-05 0.518923 1.20186e-05 0.0033072 0.0806913 0.0927339 0.0260596 0.00192071 
0.00209091 0.00358169 0.000313137 0.00649051 0.0196362 0.0451182 0.0101066 0.04447 0.00481266 0.00404354 0.0343691 6.65304e-05 0.0981945 0.00457542 0.00746903 2.19102e-06 0.000473834 0.00236555 0.0517947 0.000596457 0.00183505 0.0535178 0.00236604 0.458199 0.0182669 0.00923501 0.0148637 0.0177579 0.0210547 0.0623333 
1.507e-06 0.00957634 5.67526e-07 2.61683e-06 0.00826762 0.033391 0.01584 0.184282 1.04492e-06 0.00488784 0.0066262 0.000144083 0.00100182 9.81179e-05 0.00212139 4.93974e-07 0.000235142 0.00366391 0.00909033 4.31089e-06 0.00731573 0.0447621 6.37874e-07 0.0115024 6.87374e-06 6.99492e-07 0.00205058 0.377635 0.277489 2.82952e-08 
0.000141836 0.0167512 1.954e-05 0.081443 0.0144059 0.0788174 0.0125916 0.0238295 0.000230828 0.000302029 0.0220992 3.32672e-05 0.503672 0.00174809 0.0050123 4.4879e-11 5.57405e-05 0.00100396 0.0140107 0.00151137 0.0211417 0.0127535 0.000284977 0.0191964 4.33975e-05 0.000775733 0.00943315 0.0670227 0.0916491 1.99835e-05 
0.013652 0.000110803 3.62373e-05 0.000409173 0.0104197 0.0132905 0.00381911 0.0169891 0.0475856 0.000955862 0.00179151 7.9377e-06 0.0134594 0.0310369 0.0212019 1.51081e-06 4.60535e-05 0.00333024 0.068439 0.0187586 0.0251286 0.541886 0.00149511 0.0566398 0.0480987 0.0065138 0.00379105 0.0205385 0.0293245 0.00124299 
0.00111164 0.00194251 0.000162925 0.490489 0.018384 0.0777504 0.00783184 0.00950224 0.00312544 0.000521796 0.0997129 0.0117263 0.0101907 9.62884e-05 0.0015772 0.00397991 0.000196686 0.147962 0.0243871 0.000154053 0.00133976 0.00377103 0.00446244 0.0267159 0.000264 0.00102634 0.00568402 0.019233 0.0173208 0.00937888 
7.55506e-05 0.00297413 7.40983e-07 3.10152e-05 0.0109697 0.587964 0.0304432 0.0243226 9.40233e-05 0.000362897 0.0175791 1.60834e-05 0.00173221 0.000111144 0.000263216 0.0662753 1.5146e-05 0.0682298 0.0212339 0.000259707 0.0141326 0.000228186 0.0037831 0.0268138 1.15886e-08 0.00452876 0.0448767 0.0180135 0.0546698 1.69571e-08 
0.00471791 0.000919657 2.92247e-05 0.0317384 0.00148554 0.0595526 0.00218383 0.00634189 0.000433203 0.000806646 0.579608 0.138158 0.00647472 0.00129921 0.000210665 7.03053e-10 3.82859e-05 0.0566965 0.00576361 0.000922848 0.00374705 0.023616 0.000627672 0.0514575 0.000322475 0.000389088 0.00436588 0.00722556 0.0101494 0.000718011 
1.47961e-05 0.00790157 5.09325e-07 3.65816e-05 0.0073575 0.0173822 0.0041837 0.0405283 1.38549e-05 0.000419227 0.00620782 7.11819e-05 0.0450643 0.000844736 0.00650364 1.45492e-05 7.22424e-05 0.00637428 0.000228941 0.000273009 0.0287725 0.626285 5.07415e-05 0.168849 0.000115302 0.000732907 0.00085019 0.0295434 0.00130687 1.62687e-06 
7.5204e-05 0.00303093 3.7445e-07 0.0381351 0.00497371 0.19553 0.00344725 0.0342162 0.00945437 0.00122535 0.291631 8.17243e-09 0.00900579 0.000485125 0.00423102 0.038179 4.11714e-06 0.000581025 0.0166871 0.00144216 0.00191363 1.43697e-06 0.00883392 0.0290313 0.00223635 0.00115222 0.133368 0.0916898 0.0794393 9.81933e-08 
0.0336884 0.00747263 0.000756622 0.0013648 0.0415597 0.0377755 0.0469701 0.0464259 0.00196711 0.0101046 0.0218852 0.00366021 0.142559 0.00189217 0.00900978 1.96423e-07 0.00292504 0.00447485 0.0334009 0.00122868 0.0985464 0.00532847 0.00221504 0.0256236 0.00264998 0.0109549 0.0162853 0.13609 0.253182 2.80282e-06 
7.31006e-07 0.00706428 1.27041e-09 3.4169e-07 1.39591e-06 0.0118114 0.306823 0.13437 4.5856e-06 0.0815892 4.39888e-06 2.06841e-09 3.66991e-06 0.00180703 0.00229195 3.59598e-09 0.0219243 1.36841e-09 0.0113624 0.00224377 0.0322885 0.0511745 9.87855e-06 0.00400973 0.0769911 0.00192915 0.00283013 0.013136 0.236328 2.74576e-09 
8.71001e-05 0.00199908 2.99592e-08 1.78252e-06 0.00112237 0.083325 0.00363522 0.295169 0.00218921 9.78722e-06 0.0981998 4.87779e-08 0.0912301 0.000232346 0.00424211 8.48017e-08 0.000151488 2.93677e-05 1.31175e-08 0.000150943 0.026093 0.134096 0.00115031 0.0205646 3.77461e-08 0.00109599 0.000301355 0.165925 0.0689988 6.47514e-08 
1.63568e-07 0.0223646 6.62441e-08 7.49189e-08 0.0156787 0.0538421 0.00864379 0.0508448 1.76559e-06 0.00202288 0.106391 3.9046e-07 1.56421e-07 0.0341784 0.000387131 0.147509 0.000215523 0.00387211 0.0170524 1.11319e-06 0.0298154 2.48458e-07 2.43286e-06 0.0249578 1.43875e-11 9.97725e-12 0.207126 4.49422e-07 0.274986 0.000105995 
8.11725e-06 0.00141822 8.42514e-07 3.75012e-05 0.000323692 0.31667 1.54835e-05 0.0181991 0.234796 0.000924556 0.109875 3.23651e-05 0.0668452 4.79078e-05 0.000117579 2.3848e-06 3.99896e-05 0.00300909 0.00154624 1.12418e-05 0.00490836 7.40144e-05 0.000344188 0.237943 1.0615e-06 0.000336838 0.000282394 0.000722067 0.0014659 1.82094e-06 
9.87826e-08 0.00290804 9.35511e-10 0.000197938 0.00125796 2.20445e-06 0.00243978 0.0491682 4.2671e-06 4.63686e-07 0.0143255 8.4515e-05 0.00263182 5.59275e-06 3.42284e-06 2.64803e-09 2.1516e-09 7.79828e-05 0.00221557 0.00145727 0.00344729 0.911293 9.48013e-07 0.00846003 1.17867e-09 4.53335e-06 3.7282e-10 1.62286e-07 3.42701e-06 9.93845e-06 
1.78731e-07 0.00643818 3.86045e-10 2.66472e-07 0.000597539 2.00421e-06 0.0841379 0.0276696 1.79659e-06 0.367365 0.0518543 6.28537e-10 0.0162635 6.33083e-10 4.28417e-07 0.233118 3.63032e-07 4.96806e-06 0.0147164 3.86486e-06 0.0239169 0.0451831 3.60724e-10 0.0443521 4.86385e-10 3.37291e-10 0.0643612 0.0142008 0.00581102 8.34367e-10 
3.02695e-10 0.000542093 2.97877e-07 8.605e-05 0.00131073 0.0308308 0.0653156 0.38851 5.58358e-07 3.44275e-06 1.49253e-05 0.00175791 0.0047945 1.04583e-06 0.0221203 2.80549e-09 3.79623e-07 0.0016013 0.00308196 0.000177127 4.5706e-06 0.290454 0.0746121 0.00043098 6.65049e-06 1.87804e-06 0.00313599 0.0170607 0.0941427 1.08935e-06 
0.00113528 4.29267e-05 1.29288e-08 0.000123254 1.68878e-06 0.0102364 0.151335 0.0154752 0.00150613 0.0092594 0.000425634 2.10499e-08 0.0196499 5.77665e-06 0.00787819 3.65958e-08 5.52676e-06 7.63213e-07 0.0433502 0.00381616 5.99269e-05 0.730621 7.84921e-06 0.000597333 0.000121144 1.1296e-08 9.54231e-07 1.84522e-06 0.00432968 1.27172e-05 
5.02146e-05 0.000211968 1.4214e-12 0.000191514 0.0270661 0.00190069 0.0053773 0.000779487 1.2195e-10 0.000747925 0.0141451 8.25492e-05 0.0110646 2.33098e-12 0.000145327 1.98708e-09 5.48165e-09 0.000978269 6.22352e-13 8.7757e-09 1.98191e-08 1.58186e-08 1.40701e-06 1.35895e-08 0.912782 0.0026776 0.0217497 3.07793e-07 4.81654e-05 1.23183e-09 
0.00203212 0.0127588 1.51593e-05 0.000125997 0.0394242 0.131042 0.00870975 0.019383 7.11602e-05 0.0403323 0.113825 0.000129121 0.067312 0.000297212 0.000632131 8.72389e-07 0.00308238 0.124408 0.0728728 0.0016225 0.0995937 0.0558598 0.00436265 0.0390601 9.23911e-05 0.00669695 0.0156127 0.0461806 0.0943734 9.1858e-05 
2.85604e-08 0.00246629 5.17596e-10 2.49096e-07 0.00248905 0.0001554 0.000851723 0.010872 2.59499e-05 0.000816222 0.000187099 0.00368514 0.411134 0.000146253 1.82448e-06 0.000365445 1.19043e-09 0.00020364 0.0129981 0.00520499 1.88301e-06 0.52012 0.0155379 0.00508539 8.65796e-07 8.49223e-06 2.06272e-10 0.00732567 0.000309882 6.09199e-06 
2.33329e-06 0.000333413 4.14964e-08 3.82478e-05 2.07158e-06 0.0227451 0.0622911 0.0148843 2.21946e-07 1.69582e-05 0.00295925 4.83734e-06 0.00954863 6.80508e-08 0.000401937 1.17459e-07 2.23783e-06 0.000954699 4.07692e-06 0.00279106 0.00680128 0.837208 2.06973e-06 0.0387991 0.000197848 3.56204e-07 1.59711e-07 6.15329e-06 1.5743e-06 3.25557e-06 
6.58015e-06 8.3848e-07 2.08694e-10 2.68015e-05 1.50759e-05 0.138445 4.23984e-11 0.000874953 0.000309864 2.33648e-10 0.00769923 1.25873e-08 0.0818026 0.00230759 0.0021529 5.90725e-10 3.31065e-05 1.70985e-05 2.6703e-05 0.000612118 0.0778388 0.00060706 0.0051117 9.08072e-07 0.00017931 0.00126048 0.0223439 0.0172761 0.641051 7.63232e-08 
2.44572e-06 3.84095e-07 4.37854e-08 0.00143913 6.53788e-08 0.00340836 0.00518481 0.0108947 0.000537028 0.00840722 0.00504451 0.0951846 0.000366268 2.16711e-07 0.00106178 2.59959e-07 0.000245039 0.00313544 0.000532562 0.00125773 1.02346e-07 0.856371 8.01551e-05 0.00495438 5.65319e-07 1.39049e-07 1.8869e-07 5.43281e-07 0.00188976 6.20225e-07 
0.00471791 0.000919657 2.92247e-05 0.0317384 0.00148554 0.0595526 0.00218383 0.00634189 0.000433203 0.000806646 0.579608 0.138158 0.00647472 0.00129921 0.000210665 7.03053e-10 3.82859e-05 0.0566965 0.00576361 0.000922848 0.00374705 0.023616 0.000627672 0.0514575 0.000322475 0.000389088 0.00436588 0.00722556 0.0101494 0.000718011 
5.93203e-06 0.000980325 6.79634e-08 0.000213608 0.000647709 0.0480358 0.000355563 0.0321951 3.82474e-07 0.012445 0.197427 0.000257202 0.0127028 7.01213e-07 6.82612e-05 5.8723e-10 2.80781e-06 0.424615 0.0374328 0.00160067 0.00310987 0.101153 0.00208095 0.105476 0.0035501 0.00271297 0.000831483 0.00589105 0.00620791 4.48387e-10 
0.00471791 0.000919657 2.92247e-05 0.0317384 0.00148554 0.0595526 0.00218383 0.00634189 0.000433203 0.000806646 0.579608 0.138158 0.00647472 0.00129921 0.000210665 7.03053e-10 3.82859e-05 0.0566965 0.00576361 0.000922848 0.00374705 0.023616 0.000627672 0.0514575 0.000322475 0.000389088 0.00436588 0.00722556 0.0101494 0.000718011 
0.00307756 0.0274939 1.69411e-06 0.0111686 0.0500467 0.260182 0.0283665 0.0123424 0.00513305 6.23911e-05 0.162674 0.000878253 0.196507 0.000125722 0.0154229 5.02442e-08 8.49316e-05 0.0645701 0.0155666 0.00400131 0.0597094 0.0138351 0.0107284 0.0008399 0.000282653 0.00404742 0.0055407 0.00253842 0.0447715 9.93217e-07 
1.6899e-05 2.79058e-05 4.9547e-07 2.34419e-06 0.000165203 0.742003 1.58423e-05 0.000265292 0.00600105 0.00190985 0.0212287 5.20699e-08 0.0496064 2.93643e-05 0.0073516 9.0525e-08 0.000598042 2.86331e-06 1.05499e-06 0.00781324 0.000417633 0.00344256 0.07724 0.00110925 2.53549e-05 6.86286e-06 0.0631116 0.0159523 0.00162198 3.34946e-05 
4.63955e-09 3.73521e-08 1.6945e-11 0.0439236 0.00185262 0.66942 0.000178188 0.000554661 0.00319276 3.01363e-08 0.150939 9.4109e-07 0.00640918 6.36296e-05 0.000380194 4.79641e-11 9.18461e-08 0.0509868 0.00721508 1.51455e-08 0.0167468 0.000133614 0.000207717 0.00884073 2.09712e-10 0.0016219 0.00594246 0.0153657 0.0160241 1.1346e-08 
7.74983e-05 7.40128e-05 7.92441e-10 2.72075e-06 0.00884487 0.0458975 0.000248798 0.001104 0.000754773 1.71286e-07 0.550326 7.27156e-08 0.0725746 2.92347e-05 2.33187e-05 3.69392e-07 2.7358e-05 3.04577e-06 0.000632685 2.07552e-07 0.00488485 9.31891e-05 0.0101049 0.0321692 7.46237e-05 8.24848e-05 0.0459755 0.165358 0.0606354 1.0388e-07 
4.29337e-06 1.45168e-06 1.85538e-10 0.00023164 0.0025991 0.00605815 0.00468182 0.0314433 1.07886e-05 1.75314e-06 0.0054855 7.60774e-08 0.00204251 0.00942571 0.00053307 2.15788e-07 1.85622e-07 0.000316334 0.00601735 0.000757459 0.00693909 0.859228 0.00225677 0.0452754 2.98954e-07 9.16542e-08 0.00630211 1.60195e-06 0.0101499 0.000236128 
4.08233e-05 0.000501299 5.74237e-07 0.00566285 0.00358909 0.592851 0.000739888 0.00297466 0.0321802 0.00372897 0.015211 3.52169e-07 0.0347815 0.00442321 0.00864048 6.64316e-07 2.09187e-05 0.0335445 0.127009 5.30867e-06 0.0779875 7.0779e-05 0.00242231 0.0210709 1.11254e-05 0.00135808 0.0192079 0.00363694 0.00832784 5.69503e-08 
0.00029501 0.00155735 5.68839e-08 0.000182275 0.0206857 0.0243811 0.00696347 0.0198651 0.00424361 7.29413e-05 0.035571 5.25933e-05 0.000236555 0.00988642 0.00232251 2.48773e-11 0.000234181 0.0153055 0.00179344 9.25052e-05 6.64044e-05 0.000790058 0.00157316 0.00735451 3.45151e-07 0.823372 0.013159 0.00428192 0.00566016 1.02241e-06 
0.00030161 0.00072074 1.04278e-06 0.184602 0.0242647 0.0438226 0.000773526 0.00979572 0.0031959 0.00100148 0.0327116 3.6618e-05 0.00240785 2.34985e-06 0.00233372 2.86159e-05 0.000264008 0.0985478 0.0190078 4.13213e-05 0.0410972 0.0203753 0.0074934 0.383884 2.13224e-05 0.0140304 0.0343166 0.018464 0.0507601 0.00569688 
0.0048186 0.00120633 0.000181569 0.418766 0.01639 0.0156075 0.00337854 0.00443937 0.0130527 0.0017883 0.0803353 8.35997e-05 0.00899153 0.00152766 0.000873539 2.86305e-07 0.000684989 0.010123 0.0286376 0.00945467 0.00647108 0.0684679 0.00198052 0.262601 0.000284786 0.00148066 0.00420898 0.0248439 0.00821041 0.00110882 
7.36457e-05 0.0045306 2.57149e-05 0.05738 0.00459734 0.145212 0.010584 0.0205234 0.00242455 0.000310146 0.121823 0.131822 0.00242796 5.84391e-05 0.00053651 2.27458e-06 0.00188067 0.402732 0.015551 5.08972e-07 0.00599752 0.00165953 0.000170215 0.0122102 0.000164461 0.00478936 0.00593747 0.0128401 0.0337053 3.12764e-05 
7.36457e-05 0.0045306 2.57149e-05 0.05738 0.00459734 0.145212 0.010584 0.0205234 0.00242455 0.000310146 0.121823 0.131822 0.00242796 5.84391e-05 0.00053651 2.27458e-06 0.00188067 0.402732 0.015551 5.08972e-07 0.00599752 0.00165953 0.000170215 0.0122102 0.000164461 0.00478936 0.00593747 0.0128401 0.0337053 3.12764e-05 
7.36457e-05 0.0045306 2.57149e-05 0.05738 0.00459734 0.145212 0.010584 0.0205234 0.00242455 0.000310146 0.121823 0.131822 0.00242796 5.84391e-05 0.00053651 2.27458e-06 0.00188067 0.402732 0.015551 5.08972e-07 0.00599752 0.00165953 0.000170215 0.0122102 0.000164461 0.00478936 0.00593747 0.0128401 0.0337053 3.12764e-05 
6.11918e-05 0.000976202 6.1213e-07 0.00983736 0.00187502 0.705862 0.00047918 0.0386091 0.0020007 0.0226086 0.0746648 7.96583e-06 0.0854521 4.99484e-05 0.0085934 1.73268e-06 1.61238e-05 0.0177287 0.000133775 0.000254123 1.3946e-05 0.00374422 8.11147e-05 0.0130209 8.01427e-07 0.00279866 0.000272037 0.00575794 0.00509455 3.13582e-06 
4.07356e-06 0.0027416 3.68443e-09 2.62691e-05 2.07609e-06 0.0144813 0.00264829 0.0442002 0.00262819 1.51102e-06 0.00339412 5.99878e-09 0.218687 0.0105038 0.0561358 1.19693e-05 8.47391e-09 3.21924e-06 0.0473281 0.00558243 0.0283714 0.0302274 3.44276e-09 0.0147925 3.16265e-06 3.21912e-09 1.44255e-05 0.0484931 0.469699 1.83716e-05 
0.00471791 0.000919657 2.92247e-05 0.0317384 0.00148554 0.0595526 0.00218383 0.00634189 0.000433203 0.000806646 0.579608 0.138158 0.00647472 0.00129921 0.000210665 7.03053e-10 3.82859e-05 0.0566965 0.00576361 0.000922848 0.00374705 0.023616 0.000627672 0.0514575 0.000322475 0.000389088 0.00436588 0.00722556 0.0101494 0.000718011 
0.00013679 0.00145117 7.39901e-11 1.51367e-07 3.85666e-11 0.0265382 0.0179219 0.0062462 1.74068e-06 0.00611569 0.100892 0.000682489 8.05526e-07 2.24662e-07 5.62097e-07 2.09434e-10 1.70172e-10 0.00811411 2.17349e-09 0.000743179 4.4915e-07 0.774968 2.86446e-08 0.033567 0.00042026 2.65673e-08 1.4224e-05 0.0221842 5.88799e-07 2.62403e-07 
