0.000187691 0.00943335 3.33603e-06 0.000253201 1.61759e-05 0.0598115 0.0311186 0.00864323 0.00178028 0.00373564 0.0764649 0.000707204 0.0374946 2.35378e-05 0.000960653 2.40943e-05 1.51812e-05 0.000246057 0.0195164 0.00558201 0.00467358 0.640413 0.000110018 0.0105862 0.0493432 0.000181113 0.0143813 0.0148448 0.00943692 1.27265e-05 
0.00180772 0.00418257 4.93678e-08 0.00218254 0.00546386 0.0989315 0.019766 0.0419069 0.000203749 0.00478533 0.158271 0.0616517 0.0216684 0.00668112 0.00155664 2.82262e-07 1.15091e-05 0.057388 0.0115268 0.0131797 0.0113407 0.34061 0.000272445 0.0978204 0.00142647 0.00126054 0.00626885 0.0239009 0.00590546 2.82416e-05 
8.2058e-05 0.00149662 1.17443e-07 9.62831e-06 0.000197801 0.00737457 0.0254334 0.0516236 0.0231329 3.2273e-05 0.0223411 0.000373751 0.0104253 9.63281e-06 0.000762188 3.32432e-07 0.000217375 4.62259e-06 0.00728085 3.501e-07 0.00495651 0.65902 0.000385034 0.171714 0.000160248 0.00160993 0.00132703 0.00703186 0.0029954 1.80038e-06 
1.38244e-08 1.42784e-07 5.21389e-11 0.786534 0.0122307 0.035789 3.39477e-05 0.000919438 0.000181155 6.16101e-06 0.0336729 3.46311e-08 0.00278055 7.42624e-05 1.08235e-08 0.0767665 3.87995e-07 0.0209017 0.0013052 1.83643e-06 0.00558163 2.71297e-06 0.000759826 0.00370573 1.17083e-06 7.90089e-06 0.00223495 0.0119329 0.00457502 3.4769e-07 
7.95836e-08 5.32117e-05 5.64469e-11 5.264e-08 0.00163876 0.0357878 0.0074888 0.0639756 0.00164718 6.31963e-11 0.0366167 1.3558e-08 0.0304279 9.61568e-08 0.000348357 1.59777e-10 1.23657e-06 0.000901461 0.0454717 0.103147 0.0543974 0.000495359 6.02627e-08 0.00545905 9.13334e-08 1.02511e-05 0.0161325 0.381435 0.214564 1.99078e-07 
1.57555e-06 0.00928277 4.70194e-10 5.9025e-07 0.0051037 0.00677865 0.00490443 0.00361421 0.00482255 6.06571e-05 0.00975478 7.65543e-10 0.00664904 0.777353 0.000158326 6.80825e-08 2.85235e-05 5.06467e-10 0.00913412 1.99772e-05 0.00717311 0.00319239 0.00714945 0.00930869 3.673e-05 0.0377993 0.0543961 0.0319472 0.0113299 2.41432e-07 
0.0081706 0.0104427 1.3313e-06 0.0927175 0.0166245 0.0989262 0.015576 0.0244994 0.000692708 0.00111169 0.144592 0.0564454 0.0340814 0.000948115 0.00107318 5.36154e-06 0.000129361 0.0725054 0.0434099 0.0148101 0.019058 0.113288 0.00940088 0.083709 0.0113352 0.000956265 0.00880509 0.0539547 0.0607373 0.00199208 
4.88239e-05 0.00148892 5.31784e-11 7.38868e-06 0.00129643 0.0490467 0.000574713 0.0579554 0.061973 0.000603887 0.0366559 1.27876e-07 5.12991e-08 0.00264349 0.000654341 1.50525e-10 1.22306e-10 0.000691997 0.199399 3.52955e-07 0.188869 1.38415e-07 0.00141144 0.00463255 4.46874e-05 0.228868 0.0343479 0.0839234 0.0448627 1.14936e-10 
5.00183e-05 0.000370772 9.49475e-08 6.92679e-05 0.285304 0.00109641 0.000420891 0.0007857 0.00505568 0.0197784 8.20311e-05 1.54588e-07 0.0670144 1.55706e-07 0.000451709 2.68756e-07 0.000241389 0.155685 0.0127613 2.8304e-07 0.00203384 0.231047 0.000415916 0.00947302 1.19626e-07 0.202015 0.000487233 3.70396e-05 0.00515687 0.000166036 
3.01646e-07 0.00868674 1.49534e-09 2.03656e-07 4.38248e-06 0.166836 0.0128466 0.0729366 6.56995e-07 0.00110508 0.000746255 1.23685e-05 0.00433279 1.30248e-06 0.00682217 1.88276e-06 0.000422379 5.35363e-05 1.02368e-06 4.45764e-09 0.000950892 0.000916255 2.3016e-06 0.00419208 1.67419e-06 0.00013101 0.0359924 0.0474883 0.635513 1.50782e-06 
2.6808e-08 8.65942e-10 5.06888e-12 0.490025 0.000595576 0.0141588 4.9644e-09 0.00189389 6.71321e-07 8.63363e-05 0.0893011 5.44058e-08 2.19193e-05 2.23646e-07 2.6389e-08 1.43478e-11 7.20047e-07 0.393118 2.52684e-07 1.51104e-11 1.56349e-05 6.33758e-09 7.81659e-05 0.000146214 1.19446e-07 0.00441913 8.78638e-07 0.00611401 2.28954e-05 5.79929e-07 
7.95836e-08 5.32117e-05 5.64469e-11 5.264e-08 0.00163876 0.0357878 0.0074888 0.0639756 0.00164718 6.31963e-11 0.0366167 1.3558e-08 0.0304279 9.61568e-08 0.000348357 1.59777e-10 1.23657e-06 0.000901461 0.0454717 0.103147 0.0543974 0.000495359 6.02627e-08 0.00545905 9.13334e-08 1.02511e-05 0.0161325 0.381435 0.214564 1.99078e-07 
0.0383989 0.000831035 2.89676e-11 0.00171248 0.048181 0.000946357 0.0119771 0.00783008 2.89692e-06 0.0142665 0.030112 0.00149407 0.00382549 4.75045e-11 0.00170834 8.19948e-11 2.515e-08 0.0221378 3.6876e-05 0.000246221 0.0213426 0.0335077 0.00349212 0.167938 0.588806 0.000246493 2.02046e-05 0.000407896 0.000447742 8.3972e-05 
1.38244e-08 1.42784e-07 5.21389e-11 0.786534 0.0122307 0.035789 3.39477e-05 0.000919438 0.000181155 6.16101e-06 0.0336729 3.46311e-08 0.00278055 7.42624e-05 1.08235e-08 0.0767665 3.87995e-07 0.0209017 0.0013052 1.83643e-06 0.00558163 2.71297e-06 0.000759826 0.00370573 1.17083e-06 7.90089e-06 0.00223495 0.0119329 0.00457502 3.4769e-07 
0.00010055 0.0405818 5.38928e-08 9.0284e-06 6.43654e-05 0.020626 0.0177185 0.069751 0.0142465 4.3652e-06 0.00663012 5.82193e-06 0.00358647 0.000147199 0.0379366 0.00059188 5.07644e-07 0.00270913 0.170597 0.000386819 0.0334585 0.245071 0.000326994 0.236786 0.00793305 0.00283319 0.000164956 0.0312994 0.0564267 7.07484e-06 
4.5039e-08 3.45001e-05 1.78314e-10 3.19556e-08 0.0110344 0.0673431 0.0301802 0.0436029 0.000100624 2.48245e-06 0.364102 0.000243473 0.0818725 0.00700332 4.45804e-05 5.04731e-10 4.10108e-10 1.35501e-07 0.0106661 8.13688e-05 0.000304079 2.93688e-06 2.28176e-05 0.00931508 0.00132665 0.000243552 0.0329079 0.269579 0.0699859 3.85394e-10 
3.76692e-05 0.0003142 3.90617e-09 0.0355476 0.00125123 0.243169 0.00117576 0.00160093 0.000776426 0.0124323 0.183537 0.000213481 0.0209775 0.000143982 0.00173397 1.11048e-06 0.000763642 0.15553 0.0135814 0.075471 0.0222491 0.0289404 0.000128671 0.131182 0.000111172 0.0010261 0.000731443 0.0578487 0.00948939 3.48132e-05 
0.00317554 0.000339876 3.53743e-07 0.0100757 0.00475936 0.428476 0.00178987 0.0158273 0.0222187 0.000190418 0.0853106 1.50708e-05 0.184183 0.0460697 0.00358526 5.70622e-05 4.11196e-06 0.0113409 0.0297827 0.0354694 0.0142173 0.00259686 0.00226258 0.00721175 0.000201312 0.00119399 0.00210792 0.0258996 0.0616371 7.17175e-07 
1.31403e-06 0.0122548 9.54532e-10 0.161049 5.8937e-06 0.166164 0.0516832 0.181362 6.92044e-06 0.0303867 0.0267374 4.95e-08 0.113141 1.19446e-05 0.0151848 2.70188e-09 6.8195e-06 7.86332e-06 3.91727e-05 7.22889e-06 4.23094e-05 0.00267553 1.05017e-05 0.000144078 0.00127945 1.20567e-05 0.000315842 0.13334 0.104127 3.90147e-06 
1.38244e-08 1.42784e-07 5.21389e-11 0.786534 0.0122307 0.035789 3.39477e-05 0.000919438 0.000181155 6.16101e-06 0.0336729 3.46311e-08 0.00278055 7.42624e-05 1.08235e-08 0.0767665 3.87995e-07 0.0209017 0.0013052 1.83643e-06 0.00558163 2.71297e-06 0.000759826 0.00370573 1.17083e-06 7.90089e-06 0.00223495 0.0119329 0.00457502 3.4769e-07 
1.38244e-08 1.42784e-07 5.21389e-11 0.786534 0.0122307 0.035789 3.39477e-05 0.000919438 0.000181155 6.16101e-06 0.0336729 3.46311e-08 0.00278055 7.42624e-05 1.08235e-08 0.0767665 3.87995e-07 0.0209017 0.0013052 1.83643e-06 0.00558163 2.71297e-06 0.000759826 0.00370573 1.17083e-06 7.90089e-06 0.00223495 0.0119329 0.00457502 3.4769e-07 
0.00156842 0.00058478 6.14105e-10 0.032339 0.00212754 0.29686 0.00570039 0.0115507 0.00118218 0.00151171 0.217138 0.000154261 0.0933558 0.00146519 0.000174913 1.49869e-05 5.20621e-06 0.0577528 0.00477325 0.0050695 0.00236152 0.18799 0.00212039 0.0204729 0.00773286 0.00301198 0.00299271 0.0291415 0.010847 8.67144e-07 
0.00139487 0.000842766 1.3149e-08 0.00371983 0.000226941 0.0156271 0.03689 0.0385476 5.09385e-06 0.00131246 0.010464 0.000361824 0.00521337 2.15633e-08 0.000648272 3.72192e-08 3.25473e-06 0.0025636 0.000163393 3.35388e-06 0.00475726 0.373723 1.137e-06 0.019869 0.482639 0.000268048 0.000514136 7.75944e-05 0.000163656 1.34962e-07 
1.38244e-08 1.42784e-07 5.21389e-11 0.786534 0.0122307 0.035789 3.39477e-05 0.000919438 0.000181155 6.16101e-06 0.0336729 3.46311e-08 0.00278055 7.42624e-05 1.08235e-08 0.0767665 3.87995e-07 0.0209017 0.0013052 1.83643e-06 0.00558163 2.71297e-06 0.000759826 0.00370573 1.17083e-06 7.90089e-06 0.00223495 0.0119329 0.00457502 3.4769e-07 
7.23297e-06 2.46847e-05 4.12291e-11 0.000627472 0.00136021 0.79856 8.18479e-08 0.00157662 0.000271236 4.61589e-11 0.035711 0.000476305 0.0199922 5.03465e-06 4.27633e-05 1.16702e-10 2.32933e-05 0.000303281 0.00027096 0.000725746 0.000603385 1.35668e-07 0.0477467 0.00699086 8.54415e-07 0.00130705 0.0185966 0.0303548 0.0344202 7.05038e-07 
3.51889e-08 1.0783e-07 8.98583e-11 0.000110601 0.0023149 0.000438928 0.00754969 0.0111599 0.0224972 1.00603e-10 4.34978e-08 2.59549e-08 0.0158115 8.77101e-08 0.000268965 2.54351e-10 4.11456e-07 0.0083328 6.84119e-05 2.67869e-10 0.0196613 0.00484171 0.252894 0.533745 5.47721e-08 2.38399e-06 0.105209 0.00890571 0.00618673 2.54385e-08 
9.09399e-06 6.56257e-05 1.3535e-11 5.50619e-05 0.00458451 0.000194766 0.000599953 0.000259686 0.0442733 1.51534e-11 0.0121716 4.23636e-06 0.00184241 0.000180491 0.000344456 2.54734e-09 3.11295e-11 0.000493237 0.00555485 3.50181e-06 5.8392e-08 0.000363846 0.000373534 0.601593 5.39288e-06 0.000166813 0.0691507 0.256819 0.000891081 7.30118e-08 
0.00513655 0.0019071 1.5203e-05 0.000289931 0.0028052 0.11079 0.000615106 0.0216777 0.000670531 0.00302641 0.181088 0.000142256 0.117613 0.0257281 0.0199149 3.05424e-05 3.22355e-05 9.2795e-05 0.00180696 0.018754 0.0118254 0.0637696 0.0338818 0.00723188 0.172234 0.000158041 0.00998615 0.0176691 0.170962 0.000145878 
3.53462e-08 4.57208e-07 1.28655e-09 3.01315e-05 0.000280727 0.385671 1.14007e-06 0.0015113 0.00361667 1.44038e-09 0.109772 2.96992e-05 0.00394554 0.203221 7.5548e-06 3.64167e-09 4.569e-05 0.192591 0.000457686 3.83522e-09 0.00118535 0.00591428 0.00391366 0.0138032 3.04161e-09 0.00377305 0.0611062 0.00395839 0.00514084 2.31571e-05 
3.37671e-07 0.000157335 6.44878e-09 1.42569e-06 0.00336306 0.0307757 0.00627118 0.00192191 0.0183735 7.21986e-09 0.237202 2.76469e-06 0.129103 9.35769e-06 4.99937e-06 1.82538e-08 3.99742e-05 0.00056813 0.0146711 0.000891864 0.00285342 0.472059 9.13477e-06 0.00509465 4.97974e-06 0.00371434 0.00208497 0.0337757 0.0370463 1.39379e-08 
3.66719e-05 0.00033668 1.9082e-06 7.67706e-05 0.00158926 0.000451821 0.00222194 0.0170911 0.000136426 0.00426473 0.0678987 3.10682e-06 0.0131809 5.5729e-05 0.000695321 5.4013e-06 4.38872e-06 0.000156616 0.00264736 0.000312662 0.000134064 0.814393 0.000384635 0.0211677 0.000357305 0.00136811 0.000611622 0.049582 0.000789417 4.42588e-05 
2.88668e-07 0.00367531 3.56798e-09 3.6226e-06 0.0133728 0.430139 0.0150839 0.0292856 0.28895 0.0009398 0.00194837 0.00318473 0.00339249 0.000115143 0.0113357 1.00994e-08 8.20608e-09 0.000701799 3.226e-06 0.00031885 0.00076613 0.133348 0.00315735 0.0268751 4.97677e-06 5.74799e-06 0.00101634 0.0133528 0.0185171 0.000506057 
9.75908e-08 0.0080183 2.59811e-08 5.84458e-07 7.53718e-07 0.0406768 7.16502e-05 0.00939846 0.00234919 1.00535e-05 0.00305838 4.23009e-08 0.0209431 0.0894128 0.00248617 7.35413e-08 7.98466e-06 2.79853e-08 0.00690131 9.14442e-05 0.0091665 0.00458667 0.600838 0.000123878 3.2734e-08 0.000169179 0.194357 9.45386e-05 0.00723581 1.04306e-06 
5.40711e-07 0.000968625 9.77959e-11 0.00061578 0.00173636 0.0474994 0.0110771 0.25491 0.00489269 9.94237e-05 0.0301781 0.00104987 0.00454716 0.00197232 0.0116693 2.83686e-07 2.0061e-07 0.329844 0.0240409 0.0429239 0.00868086 0.0333069 0.000110552 0.0450854 2.43597e-05 0.0368713 0.00390329 0.00629224 0.0976989 6.29812e-08 
1.11265e-06 9.26667e-05 4.28392e-11 0.158091 0.0337902 0.0100131 0.0214224 0.0249939 2.26796e-07 0.00318355 0.0386115 9.04826e-06 7.51444e-05 8.85499e-08 0.0287596 1.2126e-10 8.37761e-06 0.584372 0.00711121 5.16498e-07 0.000514103 0.00351925 2.8052e-06 0.0144261 6.40392e-08 0.0283774 0.000771725 0.0329177 0.00887942 5.53448e-05 
5.5074e-07 0.00175887 4.00842e-10 1.88811e-07 0.00563905 0.0430297 1.11537e-06 0.0623313 2.64273e-05 1.46855e-06 0.241156 6.52628e-10 1.98043e-06 2.25573e-06 0.00274108 1.13461e-09 9.21906e-10 1.86646e-06 0.0178705 1.2192e-05 0.111508 0.0223419 3.24126e-07 0.262571 1.1486e-06 0.0101911 0.0412038 0.145909 0.0317002 8.66348e-10 
3.91746e-07 0.00746201 1.00857e-08 0.000244912 0.00130245 0.0177613 0.0121558 0.0113076 6.36035e-05 6.52837e-05 0.00377241 2.42945e-05 0.0269344 0.00109671 0.0244455 2.85483e-08 7.49614e-07 0.00192409 2.95825e-05 0.00451077 0.0016103 0.849186 3.56186e-05 0.00162286 0.0265721 0.000249276 0.0019875 0.00267005 0.00296391 2.17985e-08 
3.91746e-07 0.00746201 1.00857e-08 0.000244912 0.00130245 0.0177613 0.0121558 0.0113076 6.36035e-05 6.52837e-05 0.00377241 2.42945e-05 0.0269344 0.00109671 0.0244455 2.85483e-08 7.49614e-07 0.00192409 2.95825e-05 0.00451077 0.0016103 0.849186 3.56186e-05 0.00162286 0.0265721 0.000249276 0.0019875 0.00267005 0.00296391 2.17985e-08 
0.000117613 0.00514844 3.93759e-07 0.00219747 0.000151142 0.0318661 0.0177595 0.00836193 0.0040089 0.00283822 0.0233976 6.41095e-07 0.0413942 0.000221706 0.00109538 0.00422793 7.51362e-05 4.24135e-07 0.0946528 2.57678e-05 0.0640393 0.000264579 3.91228e-05 0.150613 4.95728e-06 0.000390939 0.00470029 0.0789792 0.463396 3.1376e-05 
9.09399e-06 6.56257e-05 1.3535e-11 5.50619e-05 0.00458451 0.000194766 0.000599953 0.000259686 0.0442733 1.51534e-11 0.0121716 4.23636e-06 0.00184241 0.000180491 0.000344456 2.54734e-09 3.11295e-11 0.000493237 0.00555485 3.50181e-06 5.8392e-08 0.000363846 0.000373534 0.601593 5.39288e-06 0.000166813 0.0691507 0.256819 0.000891081 7.30118e-08 
3.76692e-05 0.0003142 3.90617e-09 0.0355476 0.00125123 0.243169 0.00117576 0.00160093 0.000776426 0.0124323 0.183537 0.000213481 0.0209775 0.000143982 0.00173397 1.11048e-06 0.000763642 0.15553 0.0135814 0.075471 0.0222491 0.0289404 0.000128671 0.131182 0.000111172 0.0010261 0.000731443 0.0578487 0.00948939 3.48132e-05 
9.91446e-08 0.000826568 9.27814e-08 6.83689e-07 3.35548e-05 0.0183257 0.041222 0.034008 0.0398753 0.000664761 0.00307508 1.51061e-07 0.00436047 3.26613e-05 0.0880884 2.62625e-07 2.33186e-06 0.0265017 0.0293823 0.505282 0.000911035 0.142923 0.004917 0.00277937 5.27658e-05 0.000233822 0.0364891 0.000904589 0.0191069 2.00531e-07 
0.000959009 0.00856722 3.96352e-07 7.98103e-05 0.00320355 0.035464 0.0153932 0.0545799 0.000643029 0.00339044 0.0434032 0.00010466 0.129242 0.000209283 0.0148872 2.46711e-06 3.33589e-05 2.95811e-05 0.000714722 3.89054e-05 0.0126263 0.00297472 0.000146967 0.00482776 0.636964 0.00395997 0.0016451 0.00411502 0.0217891 5.3176e-06 
3.8497e-06 0.000646526 1.08303e-07 5.52282e-05 4.00219e-06 0.00803112 0.0537391 0.00801882 0.637783 1.21252e-07 0.0122036 3.88224e-05 0.000257307 0.0116306 0.000151488 3.06559e-07 1.45688e-05 1.39156e-05 0.00104776 0.000160098 0.0137673 0.0595762 0.0511616 0.00730938 0.000128403 0.0080657 0.0949661 0.00294933 0.0282759 2.34077e-07 
2.88668e-07 0.00367531 3.56798e-09 3.6226e-06 0.0133728 0.430139 0.0150839 0.0292856 0.28895 0.0009398 0.00194837 0.00318473 0.00339249 0.000115143 0.0113357 1.00994e-08 8.20608e-09 0.000701799 3.226e-06 0.00031885 0.00076613 0.133348 0.00315735 0.0268751 4.97677e-06 5.74799e-06 0.00101634 0.0133528 0.0185171 0.000506057 
0.000149723 6.93278e-05 6.30865e-09 0.000230582 0.000123388 0.0168833 0.00237959 0.000968939 2.43584e-06 0.00083871 0.472541 2.25931e-05 0.403382 1.03457e-08 0.000154599 7.97372e-08 3.24944e-06 6.94818e-05 0.000810818 0.000323883 0.000459008 0.0259103 5.26258e-05 0.0237419 0.000470806 0.000113609 0.000149446 0.0339148 0.00465383 0.0115802 
4.90013e-07 0.0351733 1.0365e-08 0.000406808 0.0299527 0.0156397 0.0698355 0.256788 0.00180638 0.00226436 0.0123055 3.74222e-07 0.00295233 1.2294e-06 0.00276984 2.93388e-08 2.38386e-08 9.43032e-06 0.0187346 3.08982e-08 0.0940395 0.00206514 0.044194 0.110431 0.000298285 0.0241236 0.128344 0.147746 2.38695e-05 9.55945e-05 
0.00126934 0.000391388 9.34049e-11 0.00353369 4.07878e-06 0.15645 0.0197271 0.00535869 0.000181225 0.0101935 0.065428 0.0977759 0.265418 0.000550048 0.0388289 2.0266e-07 5.89795e-05 0.00433368 0.00629542 0.00782954 1.32234e-07 0.077217 0.00301867 0.00978047 0.0920046 0.0342758 0.040023 0.0579978 0.00194186 0.000112612 
3.53462e-08 4.57208e-07 1.28655e-09 3.01315e-05 0.000280727 0.385671 1.14007e-06 0.0015113 0.00361667 1.44038e-09 0.109772 2.96992e-05 0.00394554 0.203221 7.5548e-06 3.64167e-09 4.569e-05 0.192591 0.000457686 3.83522e-09 0.00118535 0.00591428 0.00391366 0.0138032 3.04161e-09 0.00377305 0.0611062 0.00395839 0.00514084 2.31571e-05 
3.53462e-08 4.57208e-07 1.28655e-09 3.01315e-05 0.000280727 0.385671 1.14007e-06 0.0015113 0.00361667 1.44038e-09 0.109772 2.96992e-05 0.00394554 0.203221 7.5548e-06 3.64167e-09 4.569e-05 0.192591 0.000457686 3.83522e-09 0.00118535 0.00591428 0.00391366 0.0138032 3.04161e-09 0.00377305 0.0611062 0.00395839 0.00514084 2.31571e-05 
8.59076e-06 0.017059 6.78302e-09 9.29821e-05 0.00023305 0.0231018 0.0732811 0.171344 5.0246e-06 0.000571038 0.00104414 8.42943e-06 2.23453e-06 1.68417e-06 0.02679 4.49829e-07 1.81607e-05 2.6489e-05 0.0515934 0.00302 0.0190594 0.58566 0.000910734 0.0102442 4.43386e-05 0.000111112 0.0105241 0.0028295 0.00241338 2.49804e-06 
2.38775e-07 4.97433e-05 3.14872e-11 9.66509e-10 0.028957 0.122054 0.00524914 0.0608183 0.271291 3.18349e-07 3.37803e-07 5.12657e-11 1.19901e-08 0.00117123 9.37215e-05 8.9127e-11 7.24183e-11 8.27835e-08 0.0200199 9.3864e-11 0.313251 2.15845e-07 0.0911878 0.0107665 3.92607e-08 0.00913287 0.0332193 0.00266335 0.0300742 6.8054e-11 
2.40696e-07 0.00557814 1.0014e-09 0.00223328 0.000171313 0.00162358 0.000754257 0.0165825 2.39963e-06 3.56967e-06 0.0152845 0.000928831 0.00334925 1.64222e-09 0.000184753 2.83454e-09 9.70473e-07 0.0103937 0.000195377 0.00132682 0.00126905 0.849052 3.20192e-07 0.0699112 1.15691e-07 4.31397e-08 8.68484e-07 0.000221396 0.020879 5.2094e-05 
1.84285e-06 0.00519014 2.93129e-10 0.0001394 0.0318547 0.00768324 0.0104249 0.0653228 0.00173362 4.44288e-07 0.00532757 0.000434138 0.00111949 2.10741e-08 0.00055292 8.29723e-10 0.00107398 0.0333563 0.15417 8.73822e-10 2.13255e-06 0.530342 0.000327905 0.140397 0.000593287 0.00365291 0.00269306 0.00358143 4.32625e-07 2.52539e-05 
7.75532e-06 0.00038954 7.43584e-07 0.0381102 0.0035432 0.0741097 0.00420957 0.0669579 0.00535791 0.000490791 0.058107 0.00706621 0.418576 0.00165672 0.000679 2.37533e-05 0.00137348 0.0004663 0.00794177 0.0107759 0.0512039 0.026517 0.085082 0.0111067 0.00102895 2.93044e-06 0.0603932 0.060559 0.00425578 7.13668e-06 
8.02322e-07 6.36375e-05 8.76184e-09 1.11136e-06 2.41426e-06 0.00324185 6.73418e-06 8.9207e-06 1.01534e-06 2.53848e-05 1.31484e-06 1.42655e-08 0.172472 0.000139799 0.00148597 2.4801e-08 3.87799e-06 9.04907e-06 0.00338376 5.50645e-05 4.28275e-06 0.809796 6.65989e-06 5.00596e-06 1.10392e-08 2.57869e-07 7.79683e-06 5.93808e-07 0.00145426 0.0078216 
1.8813e-05 0.0203215 5.30505e-10 1.3831e-05 0.0174605 0.0415334 0.00158607 0.0105884 4.38313e-05 0.0059099 0.0665828 6.19536e-06 0.010809 0.000181855 0.000430576 1.50163e-09 0.218157 1.80821e-05 0.0557569 1.58144e-09 0.177132 7.81855e-07 1.85238e-06 0.219665 0.000334669 4.95033e-05 0.0101874 0.113483 0.0297269 7.32777e-08 
0.00597821 8.19682e-06 4.36268e-09 1.85252e-06 3.82207e-05 1.18184e-06 0.00237508 0.0997486 1.83907e-05 0.00535897 3.73016e-06 5.70036e-07 0.0536707 2.33063e-05 2.82803e-06 1.23489e-08 1.00338e-08 8.73687e-07 0.000123381 0.00299496 1.83465e-05 0.718979 2.93328e-06 0.0975829 0.00050549 0.00778687 9.4724e-06 5.50628e-06 0.00475997 3.0834e-07 
1.55999e-05 0.00175112 1.35252e-08 1.34145e-07 3.14603e-06 0.424078 0.00400663 0.153909 0.000143314 3.71686e-06 0.00114181 4.54801e-07 0.0485309 7.44472e-06 0.00250995 1.32106e-06 0.000148124 2.06025e-05 0.0703721 6.27193e-06 0.0152964 0.000858846 0.00324963 0.00218039 2.25667e-07 0.000127383 0.110774 0.0188081 0.142055 6.69047e-08 
8.02322e-07 6.36375e-05 8.76184e-09 1.11136e-06 2.41426e-06 0.00324185 6.73418e-06 8.9207e-06 1.01534e-06 2.53848e-05 1.31484e-06 1.42655e-08 0.172472 0.000139799 0.00148597 2.4801e-08 3.87799e-06 9.04907e-06 0.00338376 5.50645e-05 4.28275e-06 0.809796 6.65989e-06 5.00596e-06 1.10392e-08 2.57869e-07 7.79683e-06 5.93808e-07 0.00145426 0.0078216 
0.00020906 0.0126382 4.65255e-07 3.50334e-05 0.00190914 0.748692 0.0347928 0.0277795 0.00895446 0.0540787 0.0127147 7.57502e-07 0.0785353 7.62981e-07 0.000255981 1.31694e-06 0.000205505 9.70995e-05 0.00384537 3.2065e-05 0.000129906 0.00305539 0.00108176 0.00492053 7.09733e-05 0.000349186 0.00330887 0.00210804 0.000115717 8.14306e-05 
0.00815067 0.0324905 2.39948e-07 3.26387e-06 0.00153533 0.0450127 0.00299103 0.264743 5.18635e-06 0.00122759 0.00241219 0.000464507 0.0124187 0.000391341 0.0010791 2.5537e-06 2.93194e-05 5.38703e-05 0.0032035 0.00175534 0.00110359 0.580058 0.000145322 0.0223432 0.000288433 0.000374515 0.00201863 0.0148544 0.00083195 1.1317e-05 
1.38244e-08 1.42784e-07 5.21389e-11 0.786534 0.0122307 0.035789 3.39477e-05 0.000919438 0.000181155 6.16101e-06 0.0336729 3.46311e-08 0.00278055 7.42624e-05 1.08235e-08 0.0767665 3.87995e-07 0.0209017 0.0013052 1.83643e-06 0.00558163 2.71297e-06 0.000759826 0.00370573 1.17083e-06 7.90089e-06 0.00223495 0.0119329 0.00457502 3.4769e-07 
1.38244e-08 1.42784e-07 5.21389e-11 0.786534 0.0122307 0.035789 3.39477e-05 0.000919438 0.000181155 6.16101e-06 0.0336729 3.46311e-08 0.00278055 7.42624e-05 1.08235e-08 0.0767665 3.87995e-07 0.0209017 0.0013052 1.83643e-06 0.00558163 2.71297e-06 0.000759826 0.00370573 1.17083e-06 7.90089e-06 0.00223495 0.0119329 0.00457502 3.4769e-07 
3.54321e-07 0.00335041 3.02517e-09 2.39036e-07 1.3607e-07 0.0118263 0.0108072 0.296171 4.02322e-05 1.49473e-06 0.0108581 0.00362798 0.0854264 6.45914e-06 0.00483794 8.55891e-06 6.95766e-09 0.00285029 0.0159405 0.0840019 2.9922e-06 0.381586 0.0186026 0.0128901 0.000332691 0.00117018 4.78429e-06 0.038154 0.0174195 8.16666e-05 
0.00245802 0.00162464 5.02543e-10 0.0131296 0.0262002 0.216269 0.0119983 0.00667872 0.00052058 0.0011749 0.0933787 3.01393e-05 0.399092 0.000565027 0.00620248 5.84503e-08 0.000260347 0.0320504 0.0213752 0.00597901 0.0139182 0.0021132 0.000867451 0.106747 0.0079589 0.000865211 0.00177795 0.012097 0.0146293 3.88408e-05 
3.72344e-05 0.000328488 9.10329e-07 3.36366e-06 0.000110538 0.00126063 0.00103947 7.66495e-05 1.26206e-05 3.45817e-05 0.929435 1.48215e-06 0.0263027 2.43472e-05 0.000352023 2.7205e-06 0.00011925 3.35807e-06 5.57346e-05 9.32221e-06 0.000355355 8.73357e-05 5.97877e-05 0.00829791 0.00100295 0.000173289 0.00102894 0.0283765 0.00139505 1.27812e-05 
6.85821e-05 0.00286136 4.44003e-07 0.0644605 0.00993818 0.0103235 0.00316628 0.0177575 0.000398692 0.000951187 0.0380976 2.1123e-06 0.00139216 0.00169404 0.000192516 4.10624e-05 0.000333294 0.000411378 0.0668662 7.82384e-07 0.0106387 0.0467248 3.15085e-05 0.518923 1.20186e-05 0.0033072 0.0806913 0.0927339 0.0260596 0.00192071 
1.8813e-05 0.0203215 5.30505e-10 1.3831e-05 0.0174605 0.0415334 0.00158607 0.0105884 4.38313e-05 0.0059099 0.0665828 6.19536e-06 0.010809 0.000181855 0.000430576 1.50163e-09 0.218157 1.80821e-05 0.0557569 1.58144e-09 0.177132 7.81855e-07 1.85238e-06 0.219665 0.000334669 4.95033e-05 0.0101874 0.113483 0.0297269 7.32777e-08 
0.00597821 8.19682e-06 4.36268e-09 1.85252e-06 3.82207e-05 1.18184e-06 0.00237508 0.0997486 1.83907e-05 0.00535897 3.73016e-06 5.70036e-07 0.0536707 2.33063e-05 2.82803e-06 1.23489e-08 1.00338e-08 8.73687e-07 0.000123381 0.00299496 1.83465e-05 0.718979 2.93328e-06 0.0975829 0.00050549 0.00778687 9.4724e-06 5.50628e-06 0.00475997 3.0834e-07 
1.47961e-05 0.00790157 5.09325e-07 3.65816e-05 0.0073575 0.0173822 0.0041837 0.0405283 1.38549e-05 0.000419227 0.00620782 7.11819e-05 0.0450643 0.000844736 0.00650364 1.45492e-05 7.22424e-05 0.00637428 0.000228941 0.000273009 0.0287725 0.626285 5.07415e-05 0.168849 0.000115302 0.000732907 0.00085019 0.0295434 0.00130687 1.62687e-06 
6.02544e-05 0.000446795 3.08226e-08 8.34403e-05 0.000181561 0.00132131 0.000507222 0.000671845 7.59609e-05 0.00191177 9.88299e-05 5.01836e-08 0.983499 5.05466e-08 0.000544317 8.72456e-08 0.000290719 3.32004e-08 0.000402179 9.18826e-08 0.000322469 0.00759174 0.000501165 0.000376924 3.88339e-08 1.88779e-05 0.000587159 4.46234e-05 0.000261195 0.000199919 
1.47961e-05 0.00790157 5.09325e-07 3.65816e-05 0.0073575 0.0173822 0.0041837 0.0405283 1.38549e-05 0.000419227 0.00620782 7.11819e-05 0.0450643 0.000844736 0.00650364 1.45492e-05 7.22424e-05 0.00637428 0.000228941 0.000273009 0.0287725 0.626285 5.07415e-05 0.168849 0.000115302 0.000732907 0.00085019 0.0295434 0.00130687 1.62687e-06 
1.70447e-08 0.000334679 4.50472e-10 0.00112033 1.84777e-07 0.00705012 0.00165608 0.0234215 0.00259015 5.04334e-10 0.00658964 5.91463e-05 0.0453947 7.38737e-10 0.000624348 1.18227e-06 1.04436e-05 0.0450808 0.00274661 0.0394328 8.7929e-07 0.819032 2.82228e-07 0.00219604 0.000124561 5.60331e-07 2.24476e-05 0.00157484 0.000935206 8.80933e-07 
1.47961e-05 0.00790157 5.09325e-07 3.65816e-05 0.0073575 0.0173822 0.0041837 0.0405283 1.38549e-05 0.000419227 0.00620782 7.11819e-05 0.0450643 0.000844736 0.00650364 1.45492e-05 7.22424e-05 0.00637428 0.000228941 0.000273009 0.0287725 0.626285 5.07415e-05 0.168849 0.000115302 0.000732907 0.00085019 0.0295434 0.00130687 1.62687e-06 
7.31006e-07 0.00706428 1.27041e-09 3.4169e-07 1.39591e-06 0.0118114 0.306823 0.13437 4.5856e-06 0.0815892 4.39888e-06 2.06841e-09 3.66991e-06 0.00180703 0.00229195 3.59598e-09 0.0219243 1.36841e-09 0.0113624 0.00224377 0.0322885 0.0511745 9.87855e-06 0.00400973 0.0769911 0.00192915 0.00283013 0.013136 0.236328 2.74576e-09 
8.11725e-06 0.00141822 8.42514e-07 3.75012e-05 0.000323692 0.31667 1.54835e-05 0.0181991 0.234796 0.000924556 0.109875 3.23651e-05 0.0668452 4.79078e-05 0.000117579 2.3848e-06 3.99896e-05 0.00300909 0.00154624 1.12418e-05 0.00490836 7.40144e-05 0.000344188 0.237943 1.0615e-06 0.000336838 0.000282394 0.000722067 0.0014659 1.82094e-06 
4.80094e-05 0.00158511 3.83671e-12 6.12902e-05 0.000255405 0.0188652 0.0051142 0.00485895 2.74301e-05 0.0131839 0.000108271 6.24671e-12 0.603872 6.29189e-12 0.00157198 1.08601e-11 0.000148407 4.13269e-12 0.0014919 1.14373e-11 0.00138086 0.3402 0.00108554 0.00162342 4.83394e-12 1.64725e-06 0.00349367 4.44422e-05 0.000903887 7.46809e-05 
3.21308e-06 0.00917657 4.11959e-09 8.16659e-06 0.04888 0.00558274 3.24225e-06 0.00643464 0.00127125 0.0236812 0.0212012 3.94126e-06 0.0049585 1.13864e-07 0.00603006 1.16608e-08 3.5781e-05 0.0027845 6.98759e-06 0.0835054 2.47281e-07 0.632943 0.00141085 0.056169 0.00269524 0.0168873 0.0096398 0.0145285 0.0521523 6.5024e-06 
3.36837e-06 6.24032e-05 3.58388e-11 3.5598e-08 0.0131988 0.259528 2.63317e-08 0.00661344 0.028875 4.0124e-11 0.0128684 1.5713e-08 0.000733857 2.06277e-07 0.00122738 1.01444e-10 8.24264e-11 2.57433e-06 0.00974432 1.06836e-10 0.164219 6.40716e-08 0.00881207 0.00292516 7.17858e-05 0.246042 0.154257 0.0728185 0.0179973 7.74591e-11 
2.33329e-06 0.000333413 4.14964e-08 3.82478e-05 2.07158e-06 0.0227451 0.0622911 0.0148843 2.21946e-07 1.69582e-05 0.00295925 4.83734e-06 0.00954863 6.80508e-08 0.000401937 1.17459e-07 2.23783e-06 0.000954699 4.07692e-06 0.00279106 0.00680128 0.837208 2.06973e-06 0.0387991 0.000197848 3.56204e-07 1.59711e-07 6.15329e-06 1.5743e-06 3.25557e-06 
1.38244e-08 1.42784e-07 5.21389e-11 0.786534 0.0122307 0.035789 3.39477e-05 0.000919438 0.000181155 6.16101e-06 0.0336729 3.46311e-08 0.00278055 7.42624e-05 1.08235e-08 0.0767665 3.87995e-07 0.0209017 0.0013052 1.83643e-06 0.00558163 2.71297e-06 0.000759826 0.00370573 1.17083e-06 7.90089e-06 0.00223495 0.0119329 0.00457502 3.4769e-07 
2.44572e-06 3.84095e-07 4.37854e-08 0.00143913 6.53788e-08 0.00340836 0.00518481 0.0108947 0.000537028 0.00840722 0.00504451 0.0951846 0.000366268 2.16711e-07 0.00106178 2.59959e-07 0.000245039 0.00313544 0.000532562 0.00125773 1.02346e-07 0.856371 8.01551e-05 0.00495438 5.65319e-07 1.39049e-07 1.8869e-07 5.43281e-07 0.00188976 6.20225e-07 
4.82551e-05 0.00255195 2.21243e-12 9.94767e-09 0.0724382 0.00416816 0.00532126 0.0310488 0.042648 3.59186e-08 0.0282108 3.60215e-12 0.00172408 0.000673174 0.00267369 6.26245e-12 5.08842e-12 7.29517e-05 0.0317426 4.02378e-08 1.74947e-08 0.000475256 2.59244e-07 0.0991408 2.78748e-12 0.00146149 0.0539918 0.604972 0.0166345 2.11115e-06 
0.00947566 0.00158741 2.90431e-08 0.00098545 5.85023e-05 0.0187544 0.00909094 0.0329844 0.000632937 0.00365444 0.00112902 4.72863e-08 0.0400431 4.76283e-08 0.000667107 8.22086e-08 0.000262698 0.000413072 9.10221e-05 0.00432517 0.00143848 0.182225 0.00025879 0.00819253 0.648198 0.00155249 0.0026192 0.0243791 0.00698064 6.27714e-08 
3.34003e-07 2.47668e-06 1.70856e-10 0.00013922 1.00643e-06 7.32429e-06 0.0165915 3.72418e-06 4.21067e-07 1.05974e-05 5.47835e-07 2.78178e-10 5.39774e-05 2.8019e-10 0.0615552 4.83621e-10 1.61152e-06 1.84037e-10 2.22937e-06 5.09325e-10 0.00304056 0.90061 2.77806e-06 0.0179706 2.15265e-10 1.04644e-07 3.25474e-06 2.47357e-07 1.44786e-06 1.10819e-06 
4.63955e-09 3.73521e-08 1.6945e-11 0.0439236 0.00185262 0.66942 0.000178188 0.000554661 0.00319276 3.01363e-08 0.150939 9.4109e-07 0.00640918 6.36296e-05 0.000380194 4.79641e-11 9.18461e-08 0.0509868 0.00721508 1.51455e-08 0.0167468 0.000133614 0.000207717 0.00884073 2.09712e-10 0.0016219 0.00594246 0.0153657 0.0160241 1.1346e-08 
7.74983e-05 7.40128e-05 7.92441e-10 2.72075e-06 0.00884487 0.0458975 0.000248798 0.001104 0.000754773 1.71286e-07 0.550326 7.27156e-08 0.0725746 2.92347e-05 2.33187e-05 3.69392e-07 2.7358e-05 3.04577e-06 0.000632685 2.07552e-07 0.00488485 9.31891e-05 0.0101049 0.0321692 7.46237e-05 8.24848e-05 0.0459755 0.165358 0.0606354 1.0388e-07 
4.29337e-06 1.45168e-06 1.85538e-10 0.00023164 0.0025991 0.00605815 0.00468182 0.0314433 1.07886e-05 1.75314e-06 0.0054855 7.60774e-08 0.00204251 0.00942571 0.00053307 2.15788e-07 1.85622e-07 0.000316334 0.00601735 0.000757459 0.00693909 0.859228 0.00225677 0.0452754 2.98954e-07 9.16542e-08 0.00630211 1.60195e-06 0.0101499 0.000236128 
2.32575e-06 3.35247e-05 1.41374e-12 0.00115388 0.00108276 0.0345479 5.81832e-05 0.000333977 0.00112232 5.53969e-09 0.654357 3.04906e-10 0.0503507 3.04238e-05 1.71675e-05 1.40605e-10 1.10383e-05 0.00141421 0.0105548 7.35619e-09 0.00398383 1.07598e-05 0.000250494 0.00388891 1.25627e-07 0.00409838 0.00241995 0.221107 0.00917035 2.83131e-07 
1.38244e-08 1.42784e-07 5.21389e-11 0.786534 0.0122307 0.035789 3.39477e-05 0.000919438 0.000181155 6.16101e-06 0.0336729 3.46311e-08 0.00278055 7.42624e-05 1.08235e-08 0.0767665 3.87995e-07 0.0209017 0.0013052 1.83643e-06 0.00558163 2.71297e-06 0.000759826 0.00370573 1.17083e-06 7.90089e-06 0.00223495 0.0119329 0.00457502 3.4769e-07 
0.00030161 0.00072074 1.04278e-06 0.184602 0.0242647 0.0438226 0.000773526 0.00979572 0.0031959 0.00100148 0.0327116 3.6618e-05 0.00240785 2.34985e-06 0.00233372 2.86159e-05 0.000264008 0.0985478 0.0190078 4.13213e-05 0.0410972 0.0203753 0.0074934 0.383884 2.13224e-05 0.0140304 0.0343166 0.018464 0.0507601 0.00569688 
0.00401282 0.00451709 2.4694e-05 0.00166177 0.0345836 0.0102902 0.0245556 0.0729574 0.00117267 0.002007 0.0232745 0.00062386 0.0181132 0.00107185 0.00212886 0.00923819 0.000383608 0.00332049 0.350559 0.0145955 0.00109703 0.0646269 0.000163305 0.312978 3.61932e-05 4.635e-05 0.00365576 0.0260128 0.0121513 0.000140589 
0.00368476 0.00322064 2.95415e-06 0.0014279 0.00222474 0.0114819 0.0868217 0.0277905 0.000325618 0.0409437 0.0133183 0.00854388 0.000240631 0.000755748 0.00343676 9.53871e-06 0.000490464 0.00274846 0.0131491 0.000566227 0.00102809 0.617952 1.18849e-05 0.10986 0.000219911 0.00426586 0.00170798 0.0407641 0.00294164 6.49181e-05 
7.62174e-09 8.09927e-05 2.85198e-11 3.84502e-08 0.0197978 0.157362 3.05393e-08 0.00991986 0.0240609 3.19299e-11 0.0193023 1.69574e-08 0.000574508 2.11556e-07 0.00184089 8.07274e-11 6.55934e-11 3.84296e-06 0.00608313 8.5018e-11 0.189905 6.12226e-08 0.0114222 0.00220957 7.79787e-05 0.297483 0.167953 0.0799868 0.0119365 6.16405e-11 
4.23181e-07 0.000781893 9.27575e-10 0.00163537 5.65351e-06 0.0593345 0.00979751 0.164023 0.000762843 0.0181897 0.234451 8.5725e-07 1.03006e-05 1.3671e-05 0.000179207 2.62557e-09 2.13335e-09 6.93618e-06 0.000639738 0.00137911 1.05938e-05 0.269525 3.29484e-06 0.173896 0.000101051 5.91758e-06 0.00679506 0.0539199 0.00453157 2.00479e-09 
8.38893e-10 3.26873e-05 4.90827e-13 4.8281e-06 0.000569842 0.00635085 0.000211105 2.47086e-09 1.38084e-08 7.11142e-09 0.722208 7.99136e-13 0.156315 8.04916e-13 6.45326e-05 1.76786e-10 6.80954e-06 1.6744e-06 0.000218048 6.42177e-09 0.00223502 7.52465e-05 0.000228605 0.00296789 2.0221e-08 0.000403394 0.000694276 0.0981478 0.00926429 1.47425e-09 
3.45924e-08 0.0107133 8.65505e-11 6.08905e-08 0.0097312 0.03612 8.29135e-07 0.0366739 2.69542e-05 1.13536e-06 0.0345146 1.40917e-10 0.0230471 1.41936e-10 4.62926e-08 2.44988e-10 1.9906e-10 9.32274e-11 9.07185e-07 2.58009e-10 0.0373605 1.70218e-07 0.0728256 0.0939245 1.70534e-07 0.0010857 0.190405 0.420483 0.0330853 1.81049e-08 
6.11918e-05 0.000976202 6.1213e-07 0.00983736 0.00187502 0.705862 0.00047918 0.0386091 0.0020007 0.0226086 0.0746648 7.96583e-06 0.0854521 4.99484e-05 0.0085934 1.73268e-06 1.61238e-05 0.0177287 0.000133775 0.000254123 1.3946e-05 0.00374422 8.11147e-05 0.0130209 8.01427e-07 0.00279866 0.000272037 0.00575794 0.00509455 3.13582e-06 
2.38775e-07 4.97433e-05 3.14872e-11 9.66509e-10 0.028957 0.122054 0.00524914 0.0608183 0.271291 3.18349e-07 3.37803e-07 5.12657e-11 1.19901e-08 0.00117123 9.37215e-05 8.9127e-11 7.24183e-11 8.27835e-08 0.0200199 9.3864e-11 0.313251 2.15845e-07 0.0911878 0.0107665 3.92607e-08 0.00913287 0.0332193 0.00266335 0.0300742 6.8054e-11 
8.38893e-10 3.26873e-05 4.90827e-13 4.8281e-06 0.000569842 0.00635085 0.000211105 2.47086e-09 1.38084e-08 7.11142e-09 0.722208 7.99136e-13 0.156315 8.04916e-13 6.45326e-05 1.76786e-10 6.80954e-06 1.6744e-06 0.000218048 6.42177e-09 0.00223502 7.52465e-05 0.000228605 0.00296789 2.0221e-08 0.000403394 0.000694276 0.0981478 0.00926429 1.47425e-09 
2.81661e-05 4.02791e-06 4.1094e-09 5.22788e-07 0.0762921 0.142814 0.0728946 0.0193614 0.00806591 0.0462978 0.0158739 6.6907e-09 0.0594323 1.24454e-06 0.0283227 1.1632e-08 1.33235e-05 8.69312e-06 4.54848e-05 1.40016e-05 0.00253386 9.29372e-06 0.0370438 1.48519e-05 3.11445e-06 6.52368e-06 0.299077 0.0418771 0.149963 5.9049e-07 
2.2617e-05 1.76117e-05 2.94001e-06 1.90189e-05 0.000575556 0.0320547 0.00108423 0.000913632 0.00202518 4.31543e-05 0.872446 0.000274768 0.034264 0.000670996 0.000164403 0.000270523 0.00178865 0.00129205 0.00615541 6.71155e-05 0.000555547 0.0250829 0.000624931 0.00713665 0.000300434 0.00015731 0.000400476 0.00532076 0.00626044 7.62331e-06 
0.0224544 0.000553163 3.81604e-08 0.000103305 0.000224785 0.00163587 0.000627975 0.16719 9.40447e-05 0.00236691 0.000122358 6.21307e-08 0.0120558 6.25801e-08 0.000673901 1.08016e-07 0.000359929 4.11043e-08 0.000497925 1.13757e-07 0.63918 0.00939909 0.000620476 0.140464 4.8079e-08 2.33721e-05 0.000726942 5.52467e-05 0.000323378 0.000247513 
6.34738e-07 0.00307703 2.9309e-09 0.0540157 0.000358506 0.0724783 0.0111566 0.0307514 2.40232e-05 0.000170325 0.450949 0.00349592 0.0189827 0.000119097 0.00628763 8.36384e-08 0.00139916 0.0026327 0.00490655 0.000403826 0.000269111 6.02966e-07 5.92091e-05 0.023322 0.00706676 0.00392591 0.0304988 0.267949 0.00569598 3.2778e-06 
0.000106819 0.00142297 6.57393e-10 0.102651 0.00874944 0.0210514 0.0017986 0.0157558 0.000141657 0.000547289 0.162197 0.000248253 1.25368e-05 0.0023448 0.00024018 1.12106e-07 2.28734e-06 0.246761 2.46948e-06 0.00894498 0.00200841 0.380248 4.84579e-06 0.0362551 7.15511e-06 0.000341361 7.55618e-06 0.00783059 0.000114456 0.000203794 
2.22184e-05 0.00320957 2.10373e-11 0.00370031 0.00943951 0.13192 0.00686254 0.0398433 0.00115788 0.00342862 0.250792 1.54533e-05 0.0741092 0.00086555 0.000491806 0.000880574 0.000489757 0.00124897 0.0258023 2.83928e-07 0.0191006 5.42126e-07 0.00142478 0.0321074 3.25412e-07 0.032551 0.0188941 0.297984 0.0436575 1.81808e-08 
1.38244e-08 1.42784e-07 5.21389e-11 0.786534 0.0122307 0.035789 3.39477e-05 0.000919438 0.000181155 6.16101e-06 0.0336729 3.46311e-08 0.00278055 7.42624e-05 1.08235e-08 0.0767665 3.87995e-07 0.0209017 0.0013052 1.83643e-06 0.00558163 2.71297e-06 0.000759826 0.00370573 1.17083e-06 7.90089e-06 0.00223495 0.0119329 0.00457502 3.4769e-07 
4.88239e-05 0.00148892 5.31784e-11 7.38868e-06 0.00129643 0.0490467 0.000574713 0.0579554 0.061973 0.000603887 0.0366559 1.27876e-07 5.12991e-08 0.00264349 0.000654341 1.50525e-10 1.22306e-10 0.000691997 0.199399 3.52955e-07 0.188869 1.38415e-07 0.00141144 0.00463255 4.46874e-05 0.228868 0.0343479 0.0839234 0.0448627 1.14936e-10 
0.000125686 3.08431e-05 9.28818e-06 0.000334724 7.96489e-05 0.000615333 0.000585879 0.00820658 0.00050855 0.000308446 0.00889637 0.000486398 0.0147717 0.000143097 0.000468456 9.46119e-06 0.00023169 0.00210866 0.000471101 0.000565802 0.0151666 0.758694 2.62974e-05 0.181859 0.00148321 3.69775e-05 5.01243e-05 0.000184536 0.00334815 0.000193777 
0.02537 0.000505716 5.1606e-09 5.45544e-07 0.000649096 0.115832 0.0423892 0.00623887 0.000486782 1.2309e-05 0.00235936 0.000374217 0.186747 1.31489e-06 0.00272477 4.54243e-07 6.32794e-06 0.000205885 0.00674113 0.000106411 0.142051 0.000439536 0.0318884 0.00425328 2.36975e-06 9.74179e-06 0.0575182 0.127819 0.245266 1.6446e-06 
0.0163655 0.000468259 1.01256e-05 0.133264 0.0157448 0.0669453 0.00355306 0.020348 0.0138677 0.00339847 0.277997 0.000537306 0.0176154 0.00582338 0.000141206 0.00975494 0.000225076 0.0924104 0.00872514 1.67481e-05 0.00842623 0.0161217 0.0148789 0.166032 0.000114104 0.00109316 0.0285481 0.0451303 0.0315289 0.000915015 
0.00587641 0.00664678 2.43327e-08 2.66078e-05 0.0169546 0.031357 0.0878033 0.0317012 4.98536e-06 9.6037e-06 0.0010081 1.0905e-05 2.89024e-05 0.00369579 4.58239e-06 6.88754e-08 0.0388863 0.00397223 0.0328727 0.0199616 1.03456e-06 0.659858 0.00296389 0.0442308 0.000439335 0.000291322 0.000838905 0.00453128 0.00602276 7.25152e-07 
1.72152e-06 0.000880429 4.82075e-11 1.80431e-05 0.0181929 0.0460952 0.0056952 0.00222552 0.0109306 0.000107152 0.00287808 7.84888e-11 0.508142 0.0202534 0.000641667 1.36455e-10 0.00173208 5.31127e-07 0.0527078 0.00769197 0.00018728 5.67917e-07 0.00353564 0.0116312 0.00115607 0.0012592 0.0430978 0.0263069 0.234631 3.56536e-08 
0.000287241 0.0717324 9.3013e-11 8.70449e-06 0.00448693 0.0247591 0.0360498 0.00603477 3.52395e-06 9.37007e-05 0.00340215 3.89969e-09 0.0800704 0.000510241 0.688156 6.7897e-05 5.58537e-07 1.00188e-10 0.00945646 0.00137282 0.00845137 0.00240685 0.00509506 0.00123922 0.015897 0.000391979 0.000476997 0.0106667 0.0288817 2.22738e-07 
1.2109e-05 0.00745073 4.2044e-07 0.000217633 0.00813489 0.053339 0.00342305 0.0361425 1.13369e-05 0.000466634 0.0225608 0.000264344 0.0531778 0.00145482 0.00532125 1.19209e-05 5.91263e-05 0.0328255 0.000445116 0.00025567 0.0235412 0.562986 0.000149875 0.160051 9.43406e-05 0.000740108 0.000845575 0.024172 0.00184396 1.33212e-06 
2.22184e-05 0.00320957 2.10373e-11 0.00370031 0.00943951 0.13192 0.00686254 0.0398433 0.00115788 0.00342862 0.250792 1.54533e-05 0.0741092 0.00086555 0.000491806 0.000880574 0.000489757 0.00124897 0.0258023 2.83928e-07 0.0191006 5.42126e-07 0.00142478 0.0321074 3.25412e-07 0.032551 0.0188941 0.297984 0.0436575 1.81808e-08 
6.19685e-07 0.00205041 9.01012e-12 7.23396e-08 0.0573687 0.00178556 0.00313748 0.182213 0.0408974 0.000209176 1.45751e-07 2.20194e-08 3.42872e-08 1.47759e-11 0.00149082 2.55038e-11 9.11998e-08 3.39779e-08 0.528103 4.56877e-08 0.0912165 6.34337e-07 0.00756919 0.0369337 1.22613e-07 7.43933e-07 0.0398345 0.00718816 9.55782e-08 1.17037e-08 
0.000428561 0.000107029 4.38985e-10 0.000176217 6.28904e-07 0.0731942 0.0522395 0.00482493 2.32406e-06 0.000882031 0.107483 0.00114931 0.0794376 0.00179771 0.00239238 5.81244e-05 0.000134424 0.00678741 0.0503096 0.0137593 5.36666e-06 0.53116 0.00310297 0.0331269 0.00262861 2.79108e-06 7.34446e-09 2.4155e-06 0.0347766 2.99501e-05 
2.0242e-05 0.000822784 9.26549e-13 2.64332e-05 0.000137132 0.00855509 0.0016081 0.000376922 0.000745138 0.000178861 0.454968 2.16879e-08 0.242836 1.62959e-09 0.0018572 3.2137e-10 6.3393e-06 1.67633e-06 0.00169076 1.27753e-07 0.00213001 3.7976e-05 0.000228627 0.0152884 3.67475e-08 0.000365308 0.00275074 0.243538 0.0218302 2.23392e-07 
