0.0453597 0.0225456 0.027878 6.02226e-06 0.0789201 0.0019594 0.0176795 0.0207296 0.00119461 0.00834263 0.00149566 0.0290478 0.000202812 1.23735e-11 0.000833192 3.12761e-06 2.47518e-07 0.000167753 0.130509 4.54916e-05 0.533309 0.0154187 0.00477845 0.00747382 2.3037e-08 2.7909e-08 0.011956 0.0323009 0.00784266 8.97717e-08 
0.0261743 0.00253558 0.00393299 0.00613375 0.0214781 0.0400485 0.0212137 0.0108045 0.017308 0.00504873 0.0158684 0.000669711 0.0692747 0.00136856 0.00210053 7.18212e-05 0.00797079 0.00205711 0.0376071 0.000876771 0.348548 0.000605822 0.0517483 0.0152521 0.000230987 0.0722893 0.0410494 0.0863053 0.091427 7.01917e-09 
0.00023167 0.00767237 2.29876e-07 0.0528867 4.54775e-07 0.0504546 0.0268728 0.205905 1.25965e-08 0.00547246 0.00738627 0.000150858 0.0481272 1.21574e-07 0.0161432 0.00112758 3.5062e-07 4.54477e-05 0.00316016 0.000869167 0.274211 1.55109e-07 0.0328163 0.049037 0.00154794 1.9709e-08 0.0408943 0.0497078 0.125279 8.07996e-08 
0.0111001 0.00525002 0.013436 0.000570937 0.0180876 0.020907 0.00873552 0.0597489 0.000479053 0.00109664 0.0235813 4.60858e-05 0.00204109 0.000482325 0.00164541 2.66826e-11 9.70067e-05 0.00800686 0.137482 0.000853948 0.308157 0.00222738 0.00534457 0.0099609 0.152161 0.0435176 0.0149778 0.103942 0.0460628 2.03738e-11 
0.000429775 0.000265331 0.000482298 2.9372e-06 0.0314071 0.00338319 0.000579087 0.0308111 0.148447 0.000160012 0.00397449 7.01809e-05 0.000440568 0.000515993 2.52504e-05 1.02545e-11 8.83879e-07 0.000215213 0.011607 1.07996e-11 0.503218 0.000319733 0.000229758 0.157549 1.02145e-05 0.000151213 0.000427128 0.0876292 0.0176467 2.98365e-06 
0.0581789 0.0103158 0.00658382 3.90308e-05 0.0157859 0.00339716 0.0240452 0.0255168 0.00669998 0.000837316 0.0048086 0.0327984 0.00103192 0.00109603 0.00168812 8.51995e-07 0.000136404 0.000505416 0.0152412 1.43762e-07 0.406108 0.000771305 0.0005837 0.140235 2.93023e-05 0.00149015 0.0853928 0.140981 0.0156914 1.04098e-05 
0.000401365 0.0132404 0.00137744 0.00856972 0.0123274 0.0960258 0.143818 0.0824559 4.23508e-05 0.00316298 0.00624666 8.27374e-06 0.0524881 0.00391943 0.0100023 0.00298301 0.000344431 3.86759e-05 0.171713 0.000313596 0.220528 0.00276973 0.01441 0.00983551 0.000341721 0.00652018 0.0569437 0.0311234 0.0480221 2.70598e-05 
2.73427e-07 0.0136349 0.0852164 3.13783e-08 0.00390902 0.0104739 4.90768e-07 0.0619386 5.44301e-09 1.65404e-06 7.98553e-07 0.000793293 6.11044e-07 7.77068e-08 1.12693e-06 2.91403e-10 2.36774e-10 0.00239667 1.29185e-06 4.95189e-07 0.562622 0.0159801 9.6196e-11 1.23735e-06 0.00178402 2.87426e-07 6.64559e-07 0.241239 2.42577e-06 2.22505e-10 
0.0312039 0.0164882 0.0227917 1.04489e-05 0.303867 0.00014506 0.0127979 0.00317312 0.00134653 0.00536773 0.0042406 0.0194722 7.50957e-06 1.28982e-08 0.000159007 2.07555e-06 1.6247e-07 0.000184345 0.161023 3.03129e-05 0.306943 0.0102649 0.0027657 0.0185131 5.95479e-06 2.05394e-05 0.00957118 0.0639965 0.00560678 1.67633e-06 
0.00364816 0.00167327 0.00134923 0.00517891 0.0935304 0.00466801 0.0166011 0.0791128 0.00752924 0.00223229 0.00346651 0.00445285 0.000559409 5.48574e-05 0.00443511 5.398e-09 0.00111192 0.000867131 0.00504844 3.52386e-06 0.635292 0.000354141 0.000776648 0.0324927 3.90541e-05 5.11479e-05 0.000649846 0.0589243 0.0358742 2.26834e-05 
0.00847643 0.0112565 0.00505911 0.000138935 0.0243075 0.0219861 0.037807 0.0518627 0.0511987 0.0172039 0.00854431 0.000696314 0.00676419 0.00260974 0.00612787 1.59002e-07 0.00398626 0.00465925 0.170826 9.4778e-05 0.262466 0.011796 0.0747743 0.0636402 0.00296965 0.0112388 0.0760385 0.044309 0.019056 0.000105439 
0.00329847 0.00252588 0.00077053 2.22764e-05 0.439412 0.000673691 0.00185268 0.0115594 4.95692e-05 8.58964e-05 0.00051909 1.49353e-05 4.51092e-05 6.75162e-09 1.13899e-05 2.2417e-12 3.44132e-06 8.31451e-05 0.00660541 1.57083e-09 0.457992 6.46946e-05 0.000419755 0.0109855 2.82853e-05 0.00723303 0.0108938 0.0376269 0.00722284 3.75772e-07 
0.00156865 0.0132341 0.00628224 7.65979e-08 0.144113 0.0556973 0.0251921 0.102379 0.000670882 0.0237636 0.0109397 3.93212e-07 0.00248878 5.08079e-05 0.0031711 6.0088e-10 4.64875e-07 8.68657e-08 0.00414648 0.0011093 0.292755 8.17285e-07 0.00600667 0.0152794 2.67458e-10 0.000463809 0.0478783 0.0520351 0.190772 4.5881e-10 
9.55493e-07 9.55346e-07 9.5499e-07 9.55381e-07 0.078052 0.114463 9.55567e-07 0.139113 0.0147095 0.00257919 9.55449e-07 9.54536e-07 0.0271302 9.54527e-07 0.0181491 9.53665e-07 9.54053e-07 9.54934e-07 0.0445225 9.53558e-07 0.326684 0.00563675 0.00630422 9.55458e-07 9.54804e-07 9.55087e-07 0.0355427 0.111613 0.075485 9.5415e-07 
0.00124197 0.00194297 0.00224916 2.71507e-05 0.0288217 0.00342678 0.0080386 0.00718647 0.00294811 0.000896769 0.000452004 0.000608095 2.07757e-05 9.90323e-06 0.000113188 4.67598e-09 3.95831e-06 0.00116007 0.012281 1.64064e-05 0.832561 0.000108409 0.000111615 0.0266922 0.000106672 0.0193237 0.00840462 0.0350362 0.00621009 5.01639e-07 
0.0125636 0.00546818 0.0247824 3.14068e-05 0.115728 0.0971056 0.0382931 0.0191028 0.0349964 0.00271821 0.00878038 0.000176027 0.00549377 0.000784108 0.000543885 0.00195497 0.000136814 0.00558645 0.0545092 0.000433281 0.322592 0.00409902 0.00727173 0.0539323 0.000148657 0.0340517 0.0631579 0.0458654 0.0396831 9.09774e-06 
0.000109892 2.76095e-08 0.138484 0.000621536 0.0467236 0.00386692 2.19913e-08 0.0625731 0.000274505 3.21532e-12 0.00198085 8.97316e-09 3.24905e-08 4.70972e-12 7.42511e-08 8.12918e-12 2.75584e-08 0.000853616 2.30624e-07 8.56124e-12 0.575032 6.551e-09 0.00203027 0.00215761 4.43397e-08 0.0900896 0.010059 0.0424299 0.0227124 6.20714e-12 
0.00606947 0.00515703 0.00633415 3.67131e-06 0.0340532 0.00194698 0.0211863 0.0598684 0.00336688 0.00140869 0.000791724 0.0054373 6.59428e-05 2.86943e-05 0.0153897 5.37063e-09 6.07755e-07 0.000213641 0.018568 1.84103e-07 0.480671 0.000126974 3.83224e-05 0.0139508 6.1307e-06 0.000257224 0.00108213 0.278575 0.045401 6.20287e-07 
0.00449429 0.0045224 8.79211e-05 1.24337e-05 0.061532 0.0183916 0.00115413 0.0188813 0.0332438 6.37597e-05 0.00541623 3.5055e-05 0.0190672 5.70294e-05 0.00068129 3.57011e-10 1.55701e-05 2.41242e-05 0.0517593 5.22788e-05 0.191611 0.00167472 0.0403426 0.0290692 0.00443021 0.0951092 0.0635863 0.183171 0.171514 5.64676e-08 
6.52897e-07 0.000540312 0.000213934 1.06743e-09 0.0471682 0.0133315 9.14655e-07 0.100209 6.54586e-06 2.09621e-06 8.47701e-10 0.000149192 1.03029e-05 3.81574e-09 0.00721052 6.58614e-09 5.35143e-09 0.0103501 1.01877e-09 2.96256e-06 0.420907 4.77033e-06 5.77468e-06 0.0220489 2.93156e-09 5.64621e-06 0.0173081 0.0105196 0.350005 1.69868e-07 
0.0195813 0.0102373 0.001616 0.00562077 0.127895 0.0371754 0.0192041 0.0276009 0.0252141 0.000862531 0.0216367 0.000124277 0.00600219 0.000970201 0.000995643 1.48787e-09 0.000313265 0.00503954 0.109824 4.35387e-05 0.170742 0.00391405 0.00140342 0.144863 0.00121296 0.0350064 0.0203817 0.149826 0.0526915 2.92342e-06 
0.000233709 0.00589116 0.00210065 7.40962e-06 0.0306899 0.0502206 0.0111216 0.0121789 0.00721271 0.00066225 0.00461542 6.13718e-05 0.0101433 0.00273701 0.0184995 1.43001e-06 3.51124e-06 7.62573e-05 0.084037 0.000278784 0.394297 0.00209139 0.0121434 0.0314022 0.00149912 0.00160746 0.0172913 0.243593 0.0552951 6.68521e-06 
0.00124197 0.00194297 0.00224916 2.71507e-05 0.0288217 0.00342678 0.0080386 0.00718647 0.00294811 0.000896769 0.000452004 0.000608095 2.07757e-05 9.90323e-06 0.000113188 4.67598e-09 3.95831e-06 0.00116007 0.012281 1.64064e-05 0.832561 0.000108409 0.000111615 0.0266922 0.000106672 0.0193237 0.00840462 0.0350362 0.00621009 5.01639e-07 
0.0441698 0.0210921 0.00272824 0.000219986 0.0278178 0.0096808 0.099848 0.0670184 0.00105525 0.0166794 0.00258293 0.000694069 0.00246661 8.28807e-05 0.00583097 1.29149e-05 6.22343e-09 0.0079771 0.166319 0.0019045 0.228463 0.0493545 0.00106561 0.0271175 0.000454856 0.000139012 0.006137 0.199272 0.00981384 1.58929e-06 
0.0229616 0.0113989 0.00253312 7.00635e-05 0.0727013 0.00820359 0.0272654 0.0368965 0.0118831 0.000614155 0.0117855 0.000386915 0.00175311 0.000204797 0.00297421 6.54313e-06 5.06075e-05 0.00284971 0.104487 4.41342e-05 0.431445 0.00085676 0.00603569 0.043233 0.000106626 0.0427059 0.0544896 0.0635633 0.0384849 9.09895e-06 
0.000144863 0.00926754 0.00254456 4.68559e-05 0.010966 0.029111 0.117933 0.0174875 0.00880814 5.83947e-07 0.00529894 1.34114e-08 0.000132486 0.000576057 0.0919686 1.24895e-06 8.84159e-07 0.000631918 0.0471515 0.000463074 0.379619 0.000500041 0.000668823 0.0481106 6.61948e-08 0.112985 0.0265056 0.0127461 0.0763299 7.5768e-07 
0.000195563 1.68483e-06 0.080338 0.000311326 0.0382871 0.0989644 4.11163e-05 0.0406057 0.00298091 3.10188e-08 0.0658027 4.74616e-09 0.00241766 1.79589e-08 3.9264e-08 6.41242e-12 0.000447165 0.000585686 0.00128777 6.75324e-12 0.314827 4.42589e-06 0.00495563 0.00323563 8.19196e-05 0.105133 0.0560944 0.160369 0.0230315 4.89629e-12 
0.0214862 0.0245057 0.00240101 0.00764825 0.0378584 0.0128073 0.0280651 0.0642884 0.0397092 0.00267605 0.00904965 0.0231677 0.00122333 0.000923255 0.00322042 9.96737e-09 0.000495838 0.00452459 0.0194166 1.77452e-08 0.468488 0.000297991 0.000438363 0.0744964 0.00127748 0.0647718 0.0193897 0.0432778 0.0240936 1.4377e-06 
0.000724033 0.0123266 0.00220024 7.96952e-06 0.068529 0.0130078 0.0488385 0.133281 3.03038e-06 0.000941019 0.00114716 0.000641178 0.0112973 8.89246e-05 0.0594336 3.39511e-08 3.04718e-05 0.000108346 0.0391628 0.000988768 0.245564 0.00987395 0.0375372 0.023051 0.000439839 0.00558074 0.00368815 0.222424 0.0590825 2.558e-07 
0.00686024 0.0145187 0.00456769 2.09926e-05 0.197027 0.0191434 0.0198328 0.0299705 0.0236812 0.0105901 0.00414025 3.53031e-05 0.00326045 0.000575444 0.00312952 2.06537e-07 0.000251932 0.00101617 0.0412325 7.93786e-05 0.244888 0.00324803 0.00455062 0.0361786 7.26454e-05 0.00829808 0.0527313 0.0515868 0.218511 1.12036e-06 
0.00945078 0.0255898 0.00784039 0.000460333 0.0264455 0.00735187 0.0783075 0.0223448 0.000739328 0.00161979 0.0374723 0.00578599 0.00152137 0.000295429 0.000973928 1.67886e-05 0.0154269 0.00187868 0.00651865 1.85121e-06 0.63697 0.00186555 0.00213096 0.0321684 0.00187785 0.00865023 0.0046627 0.0459822 0.0156499 2.17363e-07 
0.00109818 0.00342452 0.000834387 3.08749e-05 0.194125 0.00176249 0.0221616 0.0195693 6.60629e-06 0.000471177 0.000338242 4.18269e-05 0.00142381 0.000130302 0.00150745 1.7258e-10 5.37784e-05 0.000368378 0.11793 0.000803273 0.35633 0.00388041 0.000747705 0.0205654 8.00799e-05 0.0237 0.00167703 0.173744 0.0531943 1.81444e-07 
3.38989e-11 0.126458 0.00276436 2.05974e-05 0.0149776 5.63221e-06 0.12011 0.177696 3.57918e-07 0.00674658 6.33446e-07 0.00154905 0.0315373 2.88844e-05 0.00399853 0.0378705 8.24709e-07 0.00289115 0.00195024 3.30886e-10 0.203343 0.00314815 0.00112932 0.0377455 0.000674379 0.0153973 0.00235434 0.181509 0.0260927 2.39902e-10 
0.000155707 0.00513545 0.000472572 7.796e-05 0.0182749 0.048516 0.0607361 0.0193181 0.00688508 1.15762e-07 0.00883033 3.43089e-09 0.000220637 0.000957173 0.0197536 2.21087e-07 1.40784e-06 0.00105272 0.0530717 0.000771062 0.317978 0.000832829 0.00111415 0.0801808 1.69478e-08 0.1883 0.0441733 0.0212424 0.101946 1.22282e-06 
1.17893e-08 0.00379094 0.00011427 4.08701e-09 0.0470691 0.0317681 0.0356751 0.0192218 2.29375e-05 0.000124423 0.00328141 0.000206723 0.00542429 4.72851e-08 0.00524894 2.57673e-11 5.99997e-05 3.02329e-05 0.00127223 5.40961e-08 0.374315 7.86517e-08 0.00923298 0.00557424 1.1454e-05 0.000595115 0.0175482 0.249885 0.189528 1.6376e-09 
0.000481691 0.00211872 0.000143602 4.61763e-06 0.00226411 0.0223908 0.00240134 0.0136418 0.00467769 9.79442e-05 0.0524462 7.38509e-07 0.000110323 0.00193656 0.000335337 1.59184e-05 3.74591e-05 0.00339165 0.00869921 4.40721e-05 0.585223 0.005821 0.00132618 0.179316 7.35031e-05 0.0168749 0.0468266 0.0418499 0.0074305 1.83703e-05 
0.00679034 0.00193453 0.0249706 2.80184e-06 0.0992778 0.0222518 0.0041685 0.00291843 0.000591859 4.93402e-05 0.0492395 3.72751e-05 0.00951724 2.2789e-07 0.0785669 5.45802e-11 0.00121388 0.00170082 0.112525 5.74811e-11 0.369502 7.65669e-06 0.00048455 0.0209841 0.0015944 0.000664699 0.0024985 0.155113 0.033393 5.15226e-08 
0.000304813 0.0225535 0.00062621 0.000159194 0.0489328 0.0175352 0.0409476 0.00501987 0.00253252 0.0013234 0.0107127 6.79009e-05 0.00506188 0.000178945 0.00229461 5.06137e-08 0.000715957 0.000569969 0.00468468 0.00032176 0.363243 0.00614306 0.0231642 0.0877858 0.00368246 0.0273392 0.263329 0.0331794 0.0274984 9.16912e-05 
0.0256346 0.00163656 0.00454971 6.15093e-06 0.0605554 0.0166333 0.0670275 0.0569679 0.164245 0.000286838 0.00300096 3.95359e-06 9.36844e-05 0.000656091 3.25842e-05 4.31364e-09 1.09437e-05 0.000168813 0.0457241 4.54291e-09 0.219288 0.00854098 0.00059995 0.158566 0.000487158 0.016864 0.00588788 0.0859555 0.0565654 1.07601e-05 
0.0296215 0.00791027 0.00130227 0.000260762 0.0647232 0.00862034 0.0223164 0.0630377 0.0143091 0.00194905 0.00412022 0.00107363 0.00559488 0.00141059 0.00876471 7.56411e-06 8.46645e-06 0.000245292 0.0711086 0.000322809 0.347367 0.00464355 0.00353384 0.0621697 0.117487 0.0257912 0.0375003 0.068555 0.0262423 2.75378e-06 
0.0483281 0.134704 0.00454992 0.00038283 0.0279739 0.0718327 0.0194757 0.0537694 0.00247879 0.00272202 0.0847995 0.000286738 0.00519513 0.00147096 0.000943489 2.8302e-09 4.23052e-06 0.0544987 0.04552 8.48267e-09 0.153995 0.00152762 0.000247998 0.0791411 2.5631e-05 0.00123821 0.086195 0.086879 0.0318121 2.78682e-06 
0.00105728 0.00172041 0.00176168 1.45534e-05 0.0212081 0.00336103 0.00642893 0.0168598 0.00872843 0.000762749 0.000382165 0.000325908 7.52494e-05 5.31439e-06 0.000769729 4.64266e-09 3.94975e-06 0.000728796 0.0169482 8.96146e-06 0.816209 5.80967e-05 0.000173182 0.0189983 6.8358e-05 0.0133978 0.0134022 0.0377694 0.0187722 2.70853e-07 
0.0020277 0.0152458 0.00399135 7.61706e-06 0.0388988 0.00168029 0.0580394 0.0482786 0.0263723 0.000740629 0.00094244 0.0168117 0.000105801 3.04363e-11 0.00422705 8.02107e-09 4.26858e-11 0.000871994 0.00249412 5.53266e-11 0.365715 0.00127421 0.000283967 0.137408 0.000140382 0.00129356 0.000701971 0.141958 0.130489 8.82107e-07 
0.000220629 0.020018 0.00193657 0.000385828 0.00780458 0.110229 0.108598 0.102206 0.0125441 0.00379909 0.0195327 0.00518333 0.0212257 4.92115e-05 0.0479155 0.0844602 0.00087854 0.00131941 0.0288068 0.0010191 0.141784 0.08554 0.0439046 0.0249682 0.00299894 0.008533 0.0268798 0.0304324 0.0568204 5.93833e-06 
0.0547093 0.00792166 0.00493627 0.00463985 0.0475478 0.035086 0.0509771 0.0314123 0.0536192 0.00743381 0.0149452 0.0057683 0.000229048 0.000426184 0.00098958 3.57804e-09 0.000711507 0.0167359 0.0102714 4.41658e-05 0.377136 0.000470891 0.00026984 0.117346 0.000921113 0.0331351 0.0220452 0.0953531 0.00491801 3.32329e-09 
0.000112987 0.00461023 0.000579882 3.84888e-07 0.000231914 0.00448656 0.123455 0.0214198 0.0276327 0.00785678 0.000213739 2.35751e-06 0.00590052 0.000370748 3.74287e-05 3.29741e-08 5.29334e-06 1.70218e-06 0.0132775 0.000249621 0.332208 7.15818e-06 0.0086774 0.00304377 1.46771e-08 0.000413906 0.0170265 0.0989541 0.329219 4.30329e-06 
0.00199119 0.00130329 0.000480548 0.000147157 0.180831 0.144174 0.00431406 0.00460967 0.00151997 8.89673e-05 0.0171329 1.00796e-05 0.0102437 0.000361843 0.0039077 0.000261249 0.000121227 0.00358462 0.0135527 0.00070162 0.45038 3.52478e-05 0.00114406 0.0582065 1.81892e-05 0.00706445 0.0133852 0.0406762 0.0397534 5.60406e-08 
1.9993e-09 0.000157269 6.54646e-09 1.75046e-05 0.123996 0.0111027 1.29109e-06 0.01647 0.00463447 7.32922e-09 0.00232827 7.7062e-06 4.15129e-09 1.07357e-08 4.9829e-09 1.85302e-08 0.210874 7.05148e-09 2.86633e-09 1.95151e-08 0.54863 0.00736257 0.0127375 3.15687e-06 8.24801e-09 5.71971e-09 0.0616726 5.62143e-06 1.99547e-09 1.4149e-08 
0.00456544 0.0127657 0.00215554 0.00214146 0.0970618 0.00152247 0.0854989 0.0821297 0.00899801 0.004289 0.00017088 2.87268e-05 0.0158877 0.000754016 0.00376321 2.39246e-07 1.94386e-05 0.000225771 0.0222611 6.08358e-05 0.426236 0.00197085 0.0712457 0.0404152 2.24609e-05 0.00314194 0.0200141 0.0460872 0.0465642 2.35299e-06 
0.00201255 0.00238896 0.000269429 3.48263e-06 0.00945598 0.00146763 0.00115743 0.0395939 0.0216646 8.69104e-05 0.000244189 3.64764e-05 0.000220351 0.000206993 9.29354e-09 8.9236e-12 2.25844e-07 0.000121056 0.00381672 9.39788e-12 0.858359 1.02567e-08 0.000186761 0.0283585 5.12079e-06 0.000908843 0.000593543 0.0172151 0.0116266 1.12791e-07 
0.0133622 0.0116175 0.00344517 0.000455864 0.0664221 0.029502 0.0259479 0.0916369 0.00511471 0.00461691 0.0137943 0.000269664 0.0036097 0.000243276 0.00390894 5.22578e-07 8.45916e-05 0.00291057 0.118241 0.00332336 0.236275 0.00723323 0.0324354 0.0695432 0.00170758 0.00573264 0.0190859 0.144426 0.0850371 1.71599e-05 
6.94411e-05 0.000166842 0.000640695 5.60172e-07 0.000852391 0.0253169 0.00357926 0.0174873 0.0281954 1.36707e-06 0.000401048 1.46851e-05 0.00101772 0.0010379 9.29428e-07 0.00029042 0.000509737 0.00407534 5.34638e-07 0.00145765 0.66677 0.00363047 0.000895981 0.238734 0.000974253 0.00122751 0.000742569 0.000172129 0.000841344 0.000895952 
8.47776e-05 0.0155273 0.000415103 2.21805e-06 0.110508 0.0258473 0.0529712 0.0778458 1.4541e-05 0.0280942 0.00572352 0.000866601 0.013582 2.74293e-05 0.0193695 4.31894e-11 8.23909e-06 2.50412e-05 0.0061203 0.0014028 0.25711 0.000304563 0.0223893 0.0109159 7.65507e-06 0.00112212 0.019755 0.110679 0.219281 1.68287e-09 
0.0150179 0.00857896 0.0314261 4.10099e-06 0.00865321 0.0217199 0.101821 0.181605 0.0241387 0.0113317 0.00539849 0.000636519 0.00347342 5.71074e-05 0.0658571 1.85165e-05 0.00228875 0.00317489 0.136983 0.000116798 0.250059 0.00017687 0.000250928 0.00504288 0.00566274 0.000353646 0.00504641 0.0802168 0.0308894 4.62573e-08 
0.01123 0.0124358 0.00931832 0.0020418 0.0888117 0.0822131 0.0220206 0.0287887 0.0213671 0.00395508 0.0984542 0.000933603 0.0278375 0.00158368 0.00462293 0.000532104 0.0018249 0.00180097 0.0310396 0.00141466 0.117355 0.00522352 0.0300054 0.0322126 0.0267035 0.0356769 0.114397 0.105592 0.0805978 1.01983e-05 
0.0099578 0.0367366 0.00631908 3.93656e-05 0.0319424 0.0153399 0.0944775 0.0557663 0.0214638 0.00201882 0.0122168 0.00217985 0.0030564 0.000246538 0.0104214 9.06899e-07 0.0169866 0.00050129 0.0117879 5.1834e-05 0.31865 0.00238971 0.00470221 0.0418497 4.12093e-05 0.01003 0.113841 0.0973909 0.0795655 2.83275e-05 
0.0411524 0.0261867 0.00200693 3.55244e-05 0.0135357 0.0211219 0.106289 0.0596994 0.0402256 0.00432385 0.000767158 0.000283622 0.000904467 5.81973e-06 0.000508343 1.18143e-08 3.18688e-05 0.00102628 0.0106279 9.26406e-06 0.485725 1.68347e-05 0.0164093 0.0317128 3.79146e-05 0.00701934 0.0778516 0.0323215 0.0201624 1.66607e-06 
1.38468e-07 0.000219586 4.53396e-07 0.000130052 2.36328e-07 0.00076582 0.000189229 0.0022199 3.85168e-07 0.000575563 0.00233254 7.38193e-07 0.00411123 0.257513 0.00673837 1.28337e-06 0.000404016 4.88373e-07 0.000749649 0.00164863 0.709926 0.00960877 4.23657e-07 0.000852802 0.000445483 3.96137e-07 1.80687e-07 0.000368335 0.00119564 9.79934e-07 
0.0310306 0.00791687 0.00439795 2.4281e-05 0.0433667 0.000808199 0.0131937 0.0160723 0.000536887 0.00167899 4.49775e-05 0.000702146 3.90376e-06 2.88648e-06 1.1532e-08 2.77796e-09 6.74833e-07 0.000217668 0.00803559 5.35147e-10 0.837845 1.76555e-05 6.9544e-05 0.000369594 2.35842e-05 0.00372235 0.00733656 0.0218258 0.000750886 4.39087e-06 
0.0139612 0.0202816 0.0121635 6.65244e-05 0.0834279 0.00306649 0.0519993 0.0129233 0.0205082 0.00211174 0.0143491 0.0607109 0.00305269 1.91009e-05 0.00106581 0.00678558 1.58213e-06 0.000237988 0.112578 1.27333e-05 0.354707 0.014039 0.0185339 0.0272484 3.98084e-05 2.48817e-05 0.00609224 0.128615 0.0313749 2.04865e-06 
0.000605962 0.0443818 0.000616734 4.27367e-05 0.0741746 0.00924505 0.0146205 0.033794 0.0349062 0.000393612 0.00852529 5.74102e-05 0.00201572 0.000393361 0.000194427 1.65437e-11 3.74336e-05 0.00103268 0.0187587 0.00185686 0.417449 0.000118913 0.00249689 0.0571223 0.000217842 0.124201 0.0742691 0.0303171 0.0481541 3.32165e-07 
0.00733768 0.0518377 0.0108785 0.000121492 0.108113 0.0392286 0.0216691 0.0889762 0.0188321 0.00235095 0.0261625 0.00261036 0.00316301 0.00380341 0.00737414 0.00265511 2.83269e-05 0.0146295 0.0578321 3.92292e-05 0.190908 0.0108853 0.0108405 0.0594296 0.000522696 0.0141491 0.0338645 0.094565 0.117192 4.52373e-07 
0.176039 0.013399 0.00582971 1.64146e-05 0.000725817 0.000910925 0.0603385 0.0128437 2.3532e-06 0.0121662 0.000147266 0.00543499 0.00017308 2.94723e-05 0.00232392 7.8428e-07 3.60392e-07 4.25067e-05 0.0524444 1.63156e-05 0.421829 0.0366559 3.71119e-06 0.0163449 6.16184e-05 4.4486e-05 0.000334158 0.170099 0.0117406 1.23618e-06 
0.0161277 0.0163992 0.00347336 0.000156511 0.0135789 0.0248832 0.0558508 0.0610712 0.00317557 0.00247055 0.0205392 1.24423e-06 0.00261647 0.00184119 0.0352221 3.22986e-10 0.00119846 0.00279892 0.0305808 0.000142891 0.294086 0.0121666 0.00481992 0.0520213 0.000501757 0.0124694 0.106538 0.0473458 0.177867 5.58395e-05 
3.31996e-08 0.000292253 4.84296e-05 2.39333e-09 0.000896453 0.00120994 0.000523744 0.0415709 0.0238188 3.31867e-05 0.000291014 4.8536e-05 0.000183202 0.000196899 1.37228e-08 1.27324e-11 8.32321e-10 0.000114922 0.00157144 1.34091e-11 0.862808 1.51449e-08 2.10455e-05 0.0354012 7.21025e-09 2.21031e-05 1.10162e-08 0.0198179 0.0111305 1.30252e-09 
0.000112893 0.0460851 0.0333429 0.000419462 0.0165947 0.015156 0.04437 0.128497 0.00146378 0.00013989 0.00464015 0.00039279 0.000396764 0.0108815 0.00596369 1.50627e-05 0.00016862 0.0104965 0.0154472 0.00657226 0.417394 0.0795045 0.00260861 0.0236042 0.000373186 0.0185016 0.0163904 0.0573639 0.0431008 2.9225e-06 
0.014403 0.0045517 0.00258319 2.69521e-05 0.00876048 0.0414428 0.0351196 0.0422184 0.00654043 0.00114576 0.0100449 0.00112499 0.000409662 6.28356e-05 0.00329762 6.54157e-08 6.12455e-06 0.00113031 0.0172592 2.91799e-05 0.470454 0.00276046 0.000570983 0.052915 3.59448e-05 0.00493509 0.031111 0.176303 0.0707574 1.28742e-08 
0.0111492 0.00807402 0.00203953 0.0155721 0.189996 0.0159564 0.0270266 0.0240533 0.0251699 0.00331127 0.0428362 0.000233629 0.00215761 0.000203299 0.00428155 2.00107e-06 0.0019693 0.00163165 0.0557042 4.8766e-05 0.29124 0.0010854 0.0233766 0.0522478 0.000992252 0.0261995 0.0307958 0.0813971 0.0612352 1.41272e-05 
0.00791838 0.00397968 0.00128899 0.000164507 0.000706065 0.00751236 0.018887 0.0750783 0.00219988 0.00398541 0.00500535 0.00291393 0.00883388 0.000109503 0.000665847 6.80014e-06 1.94264e-05 0.000944204 0.0275991 0.000153401 0.445332 0.0107604 6.04929e-05 0.276352 0.000416667 0.000133254 0.00152909 0.069075 0.0283243 4.48825e-05 
3.83671e-05 0.000372047 0.0446345 3.32296e-05 0.124548 0.00110697 0.000989631 0.0156674 0.000188497 5.38848e-08 0.00247777 8.21285e-06 7.54886e-06 3.6225e-05 0.00111525 6.81035e-09 9.93891e-06 0.000172496 0.0977674 7.14612e-09 0.539019 3.59194e-05 0.00050638 0.00354496 7.09825e-05 0.0108242 0.00458739 0.107729 0.0445086 2.33145e-07 
0.00881072 0.0140957 0.00743297 0.0110046 0.0594483 0.0419093 0.0380357 0.0536181 0.00547021 0.00410968 0.0257147 0.00333692 0.0107558 0.00111079 0.0107854 0.000105233 0.000473757 0.087109 0.0351771 0.000691862 0.222529 0.00396568 0.0121428 0.0358121 0.00099025 0.0273525 0.019531 0.173267 0.0852018 1.22456e-05 
0.0743664 0.0118354 0.00158073 3.44518e-05 0.0167919 0.000778754 0.0132172 0.0392258 0.00321379 0.0020033 0.000756649 0.00221814 0.000433493 2.15162e-05 0.000136945 2.70179e-09 6.75355e-07 0.000240309 0.0493076 5.21342e-10 0.525464 0.00161875 2.78547e-08 0.119381 3.27938e-05 0.00804496 0.00580733 0.119384 0.00410209 2.62017e-06 
0.0112307 0.00780536 0.0025271 7.85532e-05 0.0162179 0.00171703 0.0177691 0.0463509 0.0158251 0.000382795 0.00339941 0.0290399 0.000156957 0.000130844 0.000379926 8.33478e-08 1.26625e-06 0.000200191 0.0274352 1.39394e-06 0.680665 0.000501862 0.00155533 0.0584835 1.50169e-05 0.00300643 0.012747 0.0440805 0.0182827 1.31045e-05 
0.00124197 0.00194297 0.00224916 2.71507e-05 0.0288217 0.00342678 0.0080386 0.00718647 0.00294811 0.000896769 0.000452004 0.000608095 2.07757e-05 9.90323e-06 0.000113188 4.67598e-09 3.95831e-06 0.00116007 0.012281 1.64064e-05 0.832561 0.000108409 0.000111615 0.0266922 0.000106672 0.0193237 0.00840462 0.0350362 0.00621009 5.01639e-07 
0.0310306 0.00791687 0.00439795 2.4281e-05 0.0433667 0.000808199 0.0131937 0.0160723 0.000536887 0.00167899 4.49775e-05 0.000702146 3.90376e-06 2.88648e-06 1.1532e-08 2.77796e-09 6.74833e-07 0.000217668 0.00803559 5.35147e-10 0.837845 1.76555e-05 6.9544e-05 0.000369594 2.35842e-05 0.00372235 0.00733656 0.0218258 0.000750886 4.39087e-06 
0.000951582 0.0211069 0.0430261 0.000431014 0.012816 0.0338671 0.0211618 0.0855427 0.00930575 0.0100905 0.0908186 0.00498444 0.0385973 0.0029833 0.0243115 4.78103e-06 0.000130913 0.00125787 0.00307315 0.0902893 0.145295 0.124996 0.0131104 0.0402935 0.00176954 0.000879419 0.0149579 0.0712612 0.0923239 0.000361596 
0.00034652 0.000649482 0.0371001 3.41814e-05 0.0491196 0.0177518 0.00187031 0.0187069 0.00033774 4.51757e-08 0.00627349 0.000145749 0.000971683 8.73319e-05 0.00610242 5.02711e-05 0.000917334 0.00104787 0.0435883 7.13633e-09 0.647858 0.000130616 0.000955163 0.00581361 0.000190244 0.014714 0.00389408 0.108213 0.0331299 7.11107e-10 
0.000170496 0.00304283 0.00730735 2.65686e-06 0.00440716 0.0100263 0.00360307 0.114847 0.00485157 0.000637901 0.00413801 0.000123773 0.00264092 0.00654287 8.58519e-05 3.33616e-10 3.66835e-07 0.000541483 0.0180229 5.49811e-06 0.435307 0.00239814 3.77642e-05 0.097803 0.000247257 0.000132256 0.0043722 0.266067 0.0126358 1.15543e-06 
0.00775753 0.00220414 0.0142671 0.00807148 0.0516638 0.0166332 0.0751305 0.0273335 0.00193796 0.00263022 0.0246631 3.02019e-05 0.00140272 0.000162897 0.00467122 6.02679e-08 0.000250231 0.00225338 0.0297001 7.01812e-05 0.246985 0.206723 0.000387399 0.161881 0.000316513 0.0109766 0.00559058 0.0722825 0.0240214 2.41738e-06 
0.0306334 0.118419 0.0852749 0.000142517 0.0279945 0.00758324 0.0976885 0.0760237 0.023387 0.0022996 0.0104461 9.5113e-06 0.000482008 3.03242e-10 0.0187918 5.23409e-10 0.000123677 0.00508905 0.108326 4.34127e-07 0.149202 0.000777817 0.00146171 0.0487513 9.66742e-05 0.00121106 0.0966544 0.0443931 0.00709028 0.0376461 
0.0330993 0.00843591 0.00168013 8.06726e-05 0.0251273 0.00208733 0.0132567 0.0413846 0.00474018 0.000926906 0.00664636 0.000114399 0.000568385 0.000761426 0.00078959 1.03379e-09 6.62851e-06 0.000531837 0.0137102 9.29865e-13 0.460712 0.00147453 0.00027052 0.197037 1.34845e-05 0.00634603 0.112811 0.0404879 0.0268917 6.82553e-06 
6.18281e-05 0.000110786 0.0888877 0.0301204 0.0441105 0.00325058 0.000475417 0.0671826 8.23813e-05 9.10215e-08 0.00338173 1.16734e-06 8.08641e-05 8.20653e-12 0.000530914 8.28313e-09 0.000913155 0.000264828 0.000412961 1.33264e-08 0.671181 1.0789e-06 0.00507837 0.00296175 3.88725e-05 0.0321372 0.007321 0.020641 0.0207721 2.66191e-08 
0.00665635 0.00582165 0.000947384 0.000515755 0.0226795 0.0217566 0.0390865 0.0745762 0.0104453 0.00521805 0.0117446 0.00436466 0.0218845 0.0010052 0.0667198 1.49809e-07 2.87681e-05 0.0360593 0.0199753 0.0363562 0.409612 0.0094846 0.000361842 0.0599941 0.000118265 0.00470703 0.0233104 0.0744327 0.0321288 8.16503e-06 
0.0137465 0.0083663 0.00164978 0.0069254 0.135402 0.0801077 0.00894092 0.0134112 0.00765981 0.000190447 0.0789022 0.000139869 0.00192115 8.31223e-05 6.58395e-05 3.30624e-09 0.000890687 0.05057 0.016863 6.00053e-06 0.24214 0.00121178 0.000517624 0.038082 0.00033351 0.131246 0.065624 0.0727977 0.0222051 2.52994e-07 
0.0265531 0.0155546 0.00257217 0.00571843 0.039939 0.00719342 0.0422358 0.0286764 0.00871884 0.00390801 0.0124764 0.000777378 0.00729152 0.00154162 0.00671724 1.66538e-05 0.00678334 0.00126124 0.0369578 4.82637e-05 0.376988 0.00164568 0.00952208 0.180769 0.00389461 0.0040509 0.0307125 0.113104 0.024351 2.13736e-05 
0.00105728 0.00172041 0.00176168 1.45534e-05 0.0212081 0.00336103 0.00642893 0.0168598 0.00872843 0.000762749 0.000382165 0.000325908 7.52494e-05 5.31439e-06 0.000769729 4.64266e-09 3.94975e-06 0.000728796 0.0169482 8.96146e-06 0.816209 5.80967e-05 0.000173182 0.0189983 6.8358e-05 0.0133978 0.0134022 0.0377694 0.0187722 2.70853e-07 
8.5606e-08 0.00113814 0.00145802 5.19367e-10 0.0163103 0.00543257 0.00503183 0.0332545 7.86268e-09 1.66927e-07 1.63713e-08 0.000906659 4.10147e-08 1.14683e-08 0.00162388 7.28813e-07 2.36493e-12 0.000302122 0.00366324 3.06528e-12 0.68319 0.000831717 0.000383407 0.00711995 1.61954e-08 0.00163142 7.86829e-09 0.174366 0.0633551 3.33585e-09 
0.000296419 0.00196907 0.00190908 5.34226e-05 0.0845048 0.00393017 0.00449122 0.0265424 0.0948524 0.000155826 0.00349351 5.72379e-07 0.000219821 0.000270915 0.00142131 7.35674e-09 1.64752e-07 6.23266e-05 0.0846949 4.92193e-07 0.305359 8.31776e-05 0.000290856 0.18049 4.21075e-05 0.0842989 0.0270059 0.0409729 0.0525889 1.18165e-07 
0.0038771 0.0044394 0.00248711 0.0071902 0.112823 0.0087205 0.0482533 0.0080886 8.63228e-05 0.00343898 0.0311408 0.00650735 0.00360174 3.2418e-07 0.107709 8.19509e-09 0.00132072 0.000358662 0.0147942 2.08591e-05 0.398351 0.00308646 0.00400386 0.0125802 0.000289435 0.00469005 0.0121563 0.0865439 0.113409 3.17958e-05 
0.00364816 0.00167327 0.00134923 0.00517891 0.0935304 0.00466801 0.0166011 0.0791128 0.00752924 0.00223229 0.00346651 0.00445285 0.000559409 5.48574e-05 0.00443511 5.398e-09 0.00111192 0.000867131 0.00504844 3.52386e-06 0.635292 0.000354141 0.000776648 0.0324927 3.90541e-05 5.11479e-05 0.000649846 0.0589243 0.0358742 2.26834e-05 
4.89152e-07 1.01176e-08 6.81276e-05 4.58823e-07 3.44766e-06 0.000536876 3.79755e-06 0.105296 7.92323e-06 4.64999e-07 0.000725551 2.23595e-06 0.00154082 7.68719e-06 5.7474e-07 5.63082e-08 4.57521e-08 0.00223257 4.37911e-07 4.03482e-06 0.764654 0.00103737 2.18261e-05 0.0462653 6.075e-07 0.000342281 0.006524 0.0707193 3.14683e-06 8.13411e-07 
0.00124197 0.00194297 0.00224916 2.71507e-05 0.0288217 0.00342678 0.0080386 0.00718647 0.00294811 0.000896769 0.000452004 0.000608095 2.07757e-05 9.90323e-06 0.000113188 4.67598e-09 3.95831e-06 0.00116007 0.012281 1.64064e-05 0.832561 0.000108409 0.000111615 0.0266922 0.000106672 0.0193237 0.00840462 0.0350362 0.00621009 5.01639e-07 
0.00623678 0.00689749 0.00156339 1.40234e-05 0.249645 0.00566486 0.00673618 0.0663425 0.00119165 0.0273799 0.0529106 0.000516878 0.0132824 1.98516e-06 0.00174641 2.7838e-06 0.000148157 0.000712176 0.00617939 0.000889246 0.415001 0.000574337 0.010686 0.0085509 2.11634e-05 0.0220914 0.00532844 0.0436066 0.0460759 2.39893e-06 
0.00034652 0.000649482 0.0371001 3.41814e-05 0.0491196 0.0177518 0.00187031 0.0187069 0.00033774 4.51757e-08 0.00627349 0.000145749 0.000971683 8.73319e-05 0.00610242 5.02711e-05 0.000917334 0.00104787 0.0435883 7.13633e-09 0.647858 0.000130616 0.000955163 0.00581361 0.000190244 0.014714 0.00389408 0.108213 0.0331299 7.11107e-10 
0.0141989 0.00807858 0.0104633 1.35834e-05 0.0847177 0.00966627 0.0174043 0.0673586 0.00241406 0.00210277 0.00218563 0.000827342 0.000768697 0.000156617 0.000679342 7.03999e-05 1.1118e-05 0.000625214 0.0415056 5.46293e-05 0.546412 0.0004487 0.0026576 0.0296527 0.000282079 0.0064586 0.0122944 0.129991 0.00846408 3.62201e-05 
0.00105728 0.00172041 0.00176168 1.45534e-05 0.0212081 0.00336103 0.00642893 0.0168598 0.00872843 0.000762749 0.000382165 0.000325908 7.52494e-05 5.31439e-06 0.000769729 4.64266e-09 3.94975e-06 0.000728796 0.0169482 8.96146e-06 0.816209 5.80967e-05 0.000173182 0.0189983 6.8358e-05 0.0133978 0.0134022 0.0377694 0.0187722 2.70853e-07 
0.00487395 0.0180433 0.0133329 3.24102e-05 0.119384 0.0135369 0.0447433 0.0387694 0.00998783 0.00458766 0.0140727 2.90907e-05 0.0044521 0.000128194 0.00677206 3.01471e-06 0.0250457 0.00243322 0.0819787 0.0234338 0.237893 0.00105907 0.00407044 0.0724149 4.73763e-05 0.00735897 0.0098185 0.158905 0.0827773 1.57313e-05 
0.0310306 0.00791687 0.00439795 2.4281e-05 0.0433667 0.000808199 0.0131937 0.0160723 0.000536887 0.00167899 4.49775e-05 0.000702146 3.90376e-06 2.88648e-06 1.1532e-08 2.77796e-09 6.74833e-07 0.000217668 0.00803559 5.35147e-10 0.837845 1.76555e-05 6.9544e-05 0.000369594 2.35842e-05 0.00372235 0.00733656 0.0218258 0.000750886 4.39087e-06 
0.00135097 0.136639 0.00197715 9.56722e-09 0.010176 0.0103165 0.0851051 0.0106444 0.0005434 0.013604 0.00511607 1.41476e-07 0.0295217 0.000331889 0.0460601 1.41394e-10 0.151923 1.0966e-06 0.0118882 3.06653e-07 0.319209 1.319e-08 0.00435835 0.00247628 0.0039086 0.00492831 0.0680539 0.00132682 0.0805389 5.24164e-08 
0.00219901 0.00203652 0.000751332 1.48524e-05 0.393804 0.000463394 0.00150261 0.00900678 3.30533e-05 5.72696e-05 0.00260923 1.16956e-05 3.00757e-05 9.74005e-06 5.59136e-05 2.84643e-12 2.29562e-06 5.54338e-05 0.0208149 1.29849e-09 0.447571 4.3133e-05 0.000279846 0.0103324 2.24367e-05 0.00482207 0.00860809 0.0860511 0.00881233 2.50948e-07 
0.02772 0.0170244 0.00675203 0.000104966 0.110619 0.0132961 0.0528264 0.0248801 0.00298338 0.00322442 0.00326925 0.00104423 0.00365681 0.00019876 0.00652072 0.0034616 2.2993e-05 0.00116087 0.089726 0.000115214 0.260473 0.00499544 0.00243038 0.0237943 0.000224921 0.00490982 0.0442399 0.192401 0.0979222 9.8616e-07 
0.00124197 0.00194297 0.00224916 2.71507e-05 0.0288217 0.00342678 0.0080386 0.00718647 0.00294811 0.000896769 0.000452004 0.000608095 2.07757e-05 9.90323e-06 0.000113188 4.67598e-09 3.95831e-06 0.00116007 0.012281 1.64064e-05 0.832561 0.000108409 0.000111615 0.0266922 0.000106672 0.0193237 0.00840462 0.0350362 0.00621009 5.01639e-07 
0.00377347 0.00134691 0.00139319 1.61661e-05 0.0186315 0.00531403 0.00419411 0.00237709 0.00324872 0.000668521 0.00401133 0.000909434 0.00123788 1.41167e-07 0.000747157 1.3291e-07 6.57261e-05 0.0011771 0.00600612 5.92711e-09 0.79629 0.000232749 0.000123106 0.00532597 1.8386e-05 0.0971614 0.000542844 0.0191394 0.0260394 7.79059e-06 
0.00776202 0.0436818 0.00241788 0.00762357 0.0110931 0.0330317 0.062723 0.0804041 0.0136353 0.0147902 0.00858113 0.000758286 0.00673895 0.000157277 0.000638205 2.29418e-08 5.95021e-05 0.000231247 0.0210258 0.00576329 0.517052 0.00464093 0.00289787 0.0405654 0.000599656 0.00940021 0.00322478 0.0444463 0.0560454 1.07279e-05 
0.000157599 0.000363123 0.000173962 2.48621e-08 0.0132568 0.0136471 0.0109012 0.0641456 0.056451 0.000140578 0.0286487 0.00144551 0.000526729 8.66817e-08 0.000326986 8.88017e-11 5.69749e-08 0.0135099 0.0454414 5.70193e-07 0.472491 0.00107544 0.00451303 0.0139374 4.82671e-05 0.0194187 0.0281719 0.160052 0.0511557 3.89547e-09 
0.00124197 0.00194297 0.00224916 2.71507e-05 0.0288217 0.00342678 0.0080386 0.00718647 0.00294811 0.000896769 0.000452004 0.000608095 2.07757e-05 9.90323e-06 0.000113188 4.67598e-09 3.95831e-06 0.00116007 0.012281 1.64064e-05 0.832561 0.000108409 0.000111615 0.0266922 0.000106672 0.0193237 0.00840462 0.0350362 0.00621009 5.01639e-07 
3.62596e-05 0.00879012 0.00232205 8.09264e-06 0.0621664 0.000229259 0.0910097 0.021345 0.000108436 0.000335591 0.00186516 0.0014112 0.000885072 4.0929e-10 0.011235 7.06452e-10 5.74013e-10 0.000485853 9.0716e-05 6.53387e-06 0.515372 0.043417 4.31234e-06 0.0419223 5.74647e-05 7.53723e-07 0.00174122 0.0757994 0.119354 1.71276e-06 
6.95162e-05 0.00241855 0.00819948 2.10256e-05 0.210856 0.00391404 0.00424224 0.0313814 0.0105249 0.00058076 0.00281666 1.90485e-05 0.000500832 0.000764441 0.000752533 1.3911e-09 5.92597e-07 0.00020954 0.0970416 1.72018e-06 0.324398 0.000352935 0.00366115 0.0241253 9.73476e-06 0.00376287 0.00198 0.249952 0.0174428 8.43832e-07 
0.000422025 0.00263617 0.00081194 6.89004e-06 0.00939396 0.0128758 0.0296038 0.00265891 0.00146038 0.000454884 0.000869001 7.77542e-05 0.00042741 3.89586e-06 0.000456462 5.1281e-08 1.10803e-06 0.00180219 0.0258152 6.08055e-07 0.419542 6.15747e-05 0.000816627 0.00221024 2.6776e-05 0.00686275 0.0056639 0.0832517 0.391786 1.07132e-07 
0.0275095 0.0154142 0.00136856 0.000208634 0.00768706 0.0246946 0.04654 0.0634619 0.00847134 0.00125565 0.000731957 0.0125894 0.00104103 4.44448e-05 0.000367602 1.43877e-06 7.46765e-06 0.000180241 0.047544 4.35963e-05 0.534553 0.0130038 0.00122226 0.103703 2.92282e-05 0.00527033 0.0247192 0.0222579 0.0360635 1.44936e-05 
6.18281e-05 0.000110786 0.0888877 0.0301204 0.0441105 0.00325058 0.000475417 0.0671826 8.23813e-05 9.10215e-08 0.00338173 1.16734e-06 8.08641e-05 8.20653e-12 0.000530914 8.28313e-09 0.000913155 0.000264828 0.000412961 1.33264e-08 0.671181 1.0789e-06 0.00507837 0.00296175 3.88725e-05 0.0321372 0.007321 0.020641 0.0207721 2.66191e-08 
0.0158705 0.0491156 0.00921681 0.00317113 0.0466633 0.0187093 0.0980405 0.113317 0.00707245 0.0142383 0.00830788 0.00531295 0.00440037 0.00117234 0.0325712 0.00062843 0.00031504 0.00156651 0.0585946 0.000189643 0.311716 0.00474508 0.0066391 0.0252788 0.00103072 0.00994616 0.0154738 0.09869 0.0380016 4.4088e-06 
0.0729509 0.0133806 0.000209448 0.000352918 0.0560508 0.0190053 0.0210038 0.277911 0.00451233 0.00665985 0.00122859 5.47625e-07 0.027396 4.98772e-06 0.0439474 7.52118e-11 4.35475e-07 0.000179077 0.00735152 6.44698e-08 0.278644 0.00508922 0.000906078 0.00292561 0.000155992 0.023834 0.0431498 0.0726174 0.0205322 7.96968e-07 
0.00219901 0.00203652 0.000751332 1.48524e-05 0.393804 0.000463394 0.00150261 0.00900678 3.30533e-05 5.72696e-05 0.00260923 1.16956e-05 3.00757e-05 9.74005e-06 5.59136e-05 2.84643e-12 2.29562e-06 5.54338e-05 0.0208149 1.29849e-09 0.447571 4.3133e-05 0.000279846 0.0103324 2.24367e-05 0.00482207 0.00860809 0.0860511 0.00881233 2.50948e-07 
0.000388131 0.00072894 0.000824834 7.0248e-06 0.00249384 0.00017248 0.00612879 0.0590294 0.000406386 0.000518877 0.000453205 0.0001598 0.000118619 3.64024e-07 0.000567717 3.73525e-11 1.78799e-08 0.000230936 0.00369459 3.93377e-11 0.746475 0.00221248 5.35924e-06 0.135762 1.25049e-05 0.000356429 0.00279014 0.0240322 0.0124269 2.58674e-06 
0.00121859 0.00239171 0.00592189 3.9835e-05 0.0150011 0.00490927 0.0160334 0.0317441 0.00412866 0.00134601 7.95163e-05 0.0016375 1.45497e-05 0.00144303 8.17002e-05 2.98301e-08 9.56891e-07 0.000114439 0.0298379 2.57318e-05 0.756895 1.81322e-05 0.00154445 0.00794265 9.87166e-05 0.000746456 0.0487615 0.0610289 0.00699366 7.71093e-07 
0.0155416 0.0132284 0.00559689 3.8229e-06 0.142129 0.0148396 0.0103897 0.0112712 0.00139749 0.00114117 0.0103681 2.85012e-05 0.00861504 0.000120136 0.004595 0.00822523 0.000612321 0.000104496 0.0375801 1.75406e-05 0.267674 0.0011473 0.00103642 0.0297801 0.000651958 0.0087182 0.141718 0.246857 0.0166081 3.9222e-06 
0.0310306 0.00791687 0.00439795 2.4281e-05 0.0433667 0.000808199 0.0131937 0.0160723 0.000536887 0.00167899 4.49775e-05 0.000702146 3.90376e-06 2.88648e-06 1.1532e-08 2.77796e-09 6.74833e-07 0.000217668 0.00803559 5.35147e-10 0.837845 1.76555e-05 6.9544e-05 0.000369594 2.35842e-05 0.00372235 0.00733656 0.0218258 0.000750886 4.39087e-06 
0.0755987 0.0375756 0.0464624 1.00055e-05 0.0710469 7.53848e-05 0.0294655 0.00376619 0.000526735 0.0126312 0.00249264 0.0484106 1.7094e-08 7.47241e-12 1.20787e-07 5.15889e-06 3.98316e-07 0.00027952 0.171725 7.5752e-05 0.438061 0.021803 0.00352143 0.0124561 2.39184e-08 2.74233e-08 0.00946725 0.0145433 2.73484e-07 9.32155e-08 
0.00153768 0.0021621 0.00138559 2.35232e-07 3.12342e-06 0.0233393 0.0233023 1.29065e-06 1.04523e-06 3.93567e-06 0.0011055 1.4869e-06 0.0108526 0.00345816 0.206485 2.51542e-06 1.54176e-08 4.82261e-05 0.0205946 2.3435e-06 0.496876 0.00289721 0.00127442 1.56857e-06 7.28904e-08 1.26114e-06 0.0009463 0.0615119 0.142204 4.06593e-07 
0.00561407 0.00241981 0.00126163 0.000121626 0.0185951 0.0254048 0.0161226 0.0913758 0.0348377 0.000421553 0.0727128 0.00422672 0.0105098 0.000481665 0.00165125 1.22219e-05 0.000835685 0.00411344 0.0972985 0.000121073 0.297804 0.0255725 0.00193056 0.10682 0.000205754 0.0131809 0.00262832 0.0855466 0.0781095 6.38182e-05 
0.00314045 0.00757174 0.0012772 0.000116988 0.00129477 0.00228293 0.0077211 0.0931444 0.0269133 0.000120849 0.0050105 0.0161245 0.000156734 0.000428824 0.000159932 2.05719e-09 7.54426e-06 0.000307666 0.0208641 1.75582e-05 0.636009 7.51987e-08 0.00461576 0.0884544 1.08049e-05 0.00486455 0.0376606 0.0190269 0.022386 0.000311101 
