4.09757e-10 9.87307e-06 5.83785e-06 6.15512e-10 2.11003e-05 5.01445e-10 0.00829616 0.00200105 1.1398e-09 9.67793e-05 0.768495 2.12588e-06 2.38817e-06 2.20028e-09 1.02125e-09 3.79778e-09 3.08581e-09 0.00568763 0.0177245 3.99963e-09 4.0804e-10 0.00463271 0.066484 0.0382751 1.69043e-09 0.00274996 5.34694e-10 0.0671463 0.0183669 2.72649e-06 
3.10332e-06 0.00921182 0.000377931 3.27904e-08 8.40845e-06 0.039791 0.132029 0.0512705 6.07209e-08 0.00255325 2.60407e-08 1.16375e-07 0.00446245 1.17216e-07 0.728603 2.02321e-07 1.64392e-07 0.00057681 0.00332971 0.000116482 2.17377e-08 0.0130698 9.97589e-05 0.00265325 9.00551e-08 2.6877e-05 0.00163443 0.00191733 0.00826397 1.54485e-07 
0.000467325 0.0645492 0.0111317 5.25221e-05 2.39001e-08 1.53104e-07 0.892441 0.00037015 6.34508e-08 0.00219078 2.69394e-12 0.0255756 4.68896e-12 4.86379e-06 3.27009e-07 2.09303e-11 7.82467e-08 3.44883e-07 4.90818e-07 3.96989e-08 2.24878e-12 0.000495696 6.90935e-12 0.00094684 9.31628e-12 0.00162517 0.000146793 1.36074e-07 1.96544e-07 2.55865e-08 
9.45084e-11 1.11906e-05 0.00200733 1.41965e-10 1.61301e-10 2.54558e-07 8.77031e-06 0.0506695 2.62888e-10 0.000447935 4.39808e-07 3.93045e-06 1.23647e-06 5.07483e-10 5.08804e-06 8.75938e-10 7.11726e-10 4.10028e-06 1.35494e-10 9.22494e-10 9.41122e-11 0.941666 2.89159e-10 0.00517005 3.89889e-10 2.70375e-10 1.23324e-10 3.8581e-06 9.43272e-11 6.68834e-10 
1.97337e-06 0.00115502 0.00586657 0.000123448 1.83808e-09 0.0868949 0.0619213 0.0852966 3.42151e-06 0.0711529 0.00464746 0.000629215 0.0182288 3.63303e-06 0.0224173 9.98165e-09 8.11038e-09 0.0718904 1.544e-09 0.0291584 1.07244e-09 0.46235 7.41352e-06 0.0242221 1.35941e-05 1.08862e-06 0.00345432 0.0505594 1.75869e-07 7.62162e-09 
4.32735e-06 1.26645e-05 9.87697e-06 1.96919e-09 2.2374e-09 1.60426e-09 0.160513 8.21445e-06 3.64652e-09 0.175663 1.56384e-09 1.04901e-05 4.08568e-06 7.0393e-09 5.23087e-06 1.21501e-08 9.87234e-09 4.20794e-05 1.87943e-09 8.95841e-05 1.30543e-09 0.633308 1.00313e-05 9.10387e-06 5.40815e-09 3.75037e-09 9.92338e-06 0.0303014 1.30841e-09 9.2774e-09 
0.000130768 7.33425e-06 2.99699e-05 1.44894e-05 7.91888e-06 0.0194723 6.68589e-05 0.000156305 5.16535e-07 6.21005e-05 1.0039e-05 2.59004e-06 9.356e-05 2.89783e-06 6.41766e-06 1.72108e-06 8.50683e-06 6.54939e-07 0.000147987 1.67845e-05 1.84916e-07 0.847343 2.91465e-06 0.131878 7.72791e-05 5.31245e-07 0.000443062 7.99201e-06 1.85338e-07 7.36795e-06 
0.00203835 0.0119441 0.0024781 2.00735e-05 3.87971e-06 0.0100215 0.0844368 0.0531996 9.92989e-06 0.0394847 0.00220178 8.70606e-06 0.00229689 4.9363e-05 0.00138273 1.70056e-07 1.38175e-07 9.04533e-06 0.000661933 0.00322295 1.82711e-08 0.773546 0.00111167 0.00638789 7.56937e-08 0.00383593 4.37187e-05 0.00158276 2.10145e-05 1.29848e-07 
0.00241703 0.00239763 0.0103809 0.000445708 0.00129899 2.43642e-05 0.00392018 0.321617 3.84156e-07 1.96797e-10 0.0511803 8.53361e-07 5.54872e-08 2.88264e-10 1.23998e-07 4.97556e-10 4.04279e-10 0.00194233 1.24775e-06 5.24001e-10 5.34583e-11 0.0360785 2.50213e-07 0.00363134 2.21468e-10 0.01275 4.62675e-07 0.00873571 0.00193439 0.541242 
1.38038e-13 0.00465038 1.25817e-08 5.20128e-10 8.05396e-05 0.000251101 0.00160574 7.64149e-05 3.83971e-13 5.05048e-05 0.00404157 1.35236e-05 7.92323e-09 7.41223e-13 3.14763e-08 1.27938e-12 5.84757e-05 1.16639e-09 4.1152e-09 1.34738e-12 1.37459e-13 1.47519e-05 1.44905e-08 0.0011976 0.987938 1.44966e-05 9.98061e-09 4.42382e-06 5.37193e-09 2.83884e-06 
0.000169178 6.1167e-05 3.7507e-06 1.02647e-06 3.42924e-10 0.0432984 1.09602e-05 1.85857e-05 1.00048e-05 1.22277e-05 0.0844852 1.07116e-09 4.17193e-10 6.04197e-05 1.45228e-05 1.86224e-09 1.51312e-09 7.08654e-10 1.18971e-05 1.96121e-09 2.00082e-10 0.139005 1.23011e-06 0.722881 8.28902e-10 4.02427e-06 0.00991991 1.87616e-05 1.32959e-05 1.42194e-09 
0.000144981 1.06434e-05 9.64169e-06 2.2289e-06 0.000980857 2.93844e-05 9.88451e-06 1.39632e-05 7.09818e-05 1.92529e-06 2.47506e-05 1.21681e-09 4.7392e-10 5.39391e-06 6.59933e-06 2.11545e-09 1.71887e-09 1.82746e-05 7.62769e-05 1.78454e-06 2.27288e-10 0.111229 6.91428e-06 0.780755 9.41611e-10 2.17446e-05 0.106306 0.000245865 2.68131e-05 1.13231e-06 
1.14251e-08 0.0139848 1.45462e-06 0.00146218 1.93745e-07 1.20488e-06 0.0267014 0.0695946 2.26819e-10 3.8779e-06 0.0096988 9.69241e-07 2.20596e-06 4.37855e-10 2.03228e-10 0.0303653 2.17308e-06 2.73684e-05 1.16903e-10 2.906e-06 8.11997e-11 0.7942 4.5144e-07 0.0481656 3.51317e-07 2.33278e-10 0.00416625 6.38143e-05 2.15723e-06 0.00155195 
0.000138936 0.00240318 3.83487e-07 0.00113536 7.34227e-08 0.00399321 0.00263427 0.0119504 1.66359e-06 2.01298e-06 0.00645709 0.000886946 2.23395e-11 4.11196e-06 1.21098e-07 9.97177e-11 5.09391e-06 0.0121678 5.72094e-07 1.09404e-07 1.07138e-11 0.00467972 5.5053e-07 0.0252135 4.43854e-11 0.913968 0.0143559 1.12037e-07 1.0304e-07 9.88454e-07 
3.83739e-08 1.61224e-05 1.25651e-07 1.90688e-05 6.54942e-08 0.0130389 5.054e-05 0.00202365 1.06742e-07 0.000177884 2.66466e-05 1.94821e-05 0.0982402 2.06057e-07 9.56403e-08 3.55664e-07 2.88987e-07 1.35344e-07 0.0316633 3.74567e-07 3.82131e-08 0.854388 1.17409e-07 0.000175798 1.5831e-07 1.09782e-07 8.99938e-05 5.47639e-05 3.83004e-08 1.30668e-05 
1.14619e-06 4.34743e-05 7.53733e-06 0.00302904 1.82705e-05 1.02931e-07 3.5382e-05 0.00711972 2.33964e-07 3.08338e-07 0.0064035 5.17779e-06 1.74643e-07 2.83344e-06 2.09629e-07 1.55452e-05 6.33417e-07 2.96654e-07 1.20586e-07 8.20995e-07 8.37574e-08 0.974407 4.25015e-05 0.00765301 9.72818e-05 0.000773298 8.18785e-05 8.69619e-05 8.39487e-08 0.000172931 
4.64519e-05 0.000441197 0.000840457 5.77114e-07 0.000165063 9.38745e-05 0.00722715 0.0138448 1.06869e-06 0.000261913 0.000156395 2.0482e-06 0.00441111 0.000336013 3.76913e-05 3.56086e-06 2.8933e-06 4.40555e-05 0.00158624 0.013419 3.82585e-07 0.836717 1.17549e-06 0.00740848 2.53412e-05 0.00127497 2.75561e-06 0.105003 0.00664246 2.71894e-06 
8.62752e-06 5.27566e-05 2.188e-05 1.8118e-05 4.00227e-05 0.0881831 7.59173e-05 0.00015677 3.21573e-06 5.44731e-05 0.0081323 5.52065e-06 4.8369e-05 2.76541e-05 0.0114864 2.57727e-06 2.14113e-05 6.56681e-06 2.24389e-05 1.78377e-05 2.76906e-07 0.0151114 0.000465051 0.0386256 1.82632e-05 2.4288e-05 0.000737498 8.47829e-05 0.836545 1.96791e-06 
0.0933744 0.00130475 0.0201556 1.01849e-05 0.0456727 0.0476031 0.0313259 0.0104758 0.0138426 0.0542922 0.209114 1.68822e-05 0.0578701 0.000154734 0.00346761 2.01219e-06 9.00877e-05 0.000250559 0.000897566 1.83486e-05 6.38315e-07 0.00656097 0.017713 0.0340811 0.00360874 0.0048125 0.132922 0.189008 0.0213502 3.62607e-06 
0.000138936 0.00240318 3.83487e-07 0.00113536 7.34227e-08 0.00399321 0.00263427 0.0119504 1.66359e-06 2.01298e-06 0.00645709 0.000886946 2.23395e-11 4.11196e-06 1.21098e-07 9.97177e-11 5.09391e-06 0.0121678 5.72094e-07 1.09404e-07 1.07138e-11 0.00467972 5.5053e-07 0.0252135 4.43854e-11 0.913968 0.0143559 1.12037e-07 1.0304e-07 9.88454e-07 
5.32141e-08 3.48684e-05 1.74243e-07 0.000528989 4.34267e-06 0.281006 2.03225e-05 0.000103851 1.48023e-07 1.22597e-06 0.0677676 0.0338491 9.7827e-06 3.03934e-06 3.29962e-06 4.93208e-07 4.00746e-07 0.416366 0.00561584 1.03611e-06 5.29911e-08 0.0389268 0.000270813 0.00122949 1.29505e-05 2.73613e-06 0.0245199 0.129718 2.24567e-06 3.76595e-07 
0.0976874 0.00261469 0.000688665 8.79241e-05 0.000294705 0.000374948 0.00465698 0.0354074 0.000354845 0.000529102 0.00628788 1.25468e-06 0.00732871 1.26375e-06 0.00021945 2.77511e-05 0.0004677 0.00046541 0.00073798 2.29723e-06 2.34362e-07 0.706998 0.000669184 0.0942197 0.000168935 0.00120044 0.000496689 0.0336007 0.00437091 3.83884e-05 
7.20564e-05 0.00173742 1.77217e-05 1.96425e-07 1.34179e-06 1.12722e-05 0.494681 0.141617 0.000397177 1.22594e-05 0.000137681 1.09118e-07 7.16671e-05 0.0664157 0.0115388 3.24346e-08 4.75447e-06 6.33262e-07 3.42559e-07 5.60505e-05 3.48482e-09 0.0337684 1.96938e-05 7.8121e-06 1.02073e-06 3.42838e-08 0.00637882 0.218758 0.0242936 2.47658e-08 
0.000138936 0.00240318 3.83487e-07 0.00113536 7.34227e-08 0.00399321 0.00263427 0.0119504 1.66359e-06 2.01298e-06 0.00645709 0.000886946 2.23395e-11 4.11196e-06 1.21098e-07 9.97177e-11 5.09391e-06 0.0121678 5.72094e-07 1.09404e-07 1.07138e-11 0.00467972 5.5053e-07 0.0252135 4.43854e-11 0.913968 0.0143559 1.12037e-07 1.0304e-07 9.88454e-07 
0.155547 0.0141842 0.00145632 0.000412691 0.00220541 0.0589293 0.0535216 0.0332578 0.000694593 0.141425 0.0626295 0.000640038 0.00357948 0.0334807 0.000217277 2.37054e-10 5.58036e-05 0.0846417 0.00058698 0.000122573 2.54695e-11 0.0396365 0.00144153 0.0437814 2.26206e-07 0.251804 0.0105557 0.00432177 0.000870251 1.81006e-10 
5.77265e-07 1.82225e-05 1.8388e-05 2.16242e-09 2.45695e-09 0.0127063 0.215279 0.345004 4.00434e-09 2.05866e-05 2.16397e-05 3.84492e-06 1.9133e-05 5.17989e-05 1.75841e-05 1.33424e-08 1.08411e-08 5.07729e-09 2.06385e-09 2.82435e-06 1.43353e-09 0.00013771 0.0110051 0.415655 5.93883e-09 4.11837e-09 1.40905e-05 4.09487e-06 2.01166e-05 1.01877e-08 
0.000138936 0.00240318 3.83487e-07 0.00113536 7.34227e-08 0.00399321 0.00263427 0.0119504 1.66359e-06 2.01298e-06 0.00645709 0.000886946 2.23395e-11 4.11196e-06 1.21098e-07 9.97177e-11 5.09391e-06 0.0121678 5.72094e-07 1.09404e-07 1.07138e-11 0.00467972 5.5053e-07 0.0252135 4.43854e-11 0.913968 0.0143559 1.12037e-07 1.0304e-07 9.88454e-07 
0.000138936 0.00240318 3.83487e-07 0.00113536 7.34227e-08 0.00399321 0.00263427 0.0119504 1.66359e-06 2.01298e-06 0.00645709 0.000886946 2.23395e-11 4.11196e-06 1.21098e-07 9.97177e-11 5.09391e-06 0.0121678 5.72094e-07 1.09404e-07 1.07138e-11 0.00467972 5.5053e-07 0.0252135 4.43854e-11 0.913968 0.0143559 1.12037e-07 1.0304e-07 9.88454e-07 
0.000870133 0.000369575 7.33783e-05 0.00127531 0.175964 0.253555 0.000223747 0.000611127 0.0461016 0.00130626 0.0109068 0.000275353 0.0162489 0.000386484 4.72096e-05 2.99716e-07 1.69971e-05 0.0402914 0.00216884 0.331755 3.2202e-08 0.00648342 0.000624702 0.00299912 0.099477 0.00150171 0.00455958 5.39442e-05 0.00181511 3.74249e-05 
0.000194389 0.00280905 0.000612942 1.61973e-07 0.00730244 0.0175351 0.178108 0.0453001 0.00376724 0.00428424 0.0338438 0.00012333 0.00624246 0.000186043 0.0126712 9.99393e-07 0.000603388 0.601058 1.5459e-07 1.05251e-06 1.07376e-07 0.00854534 0.000502289 0.0647394 4.4484e-07 0.000115587 0.000569149 0.00816767 0.00271483 7.631e-07 
1.83713e-06 0.000447294 7.32897e-07 0.00671184 3.7747e-09 0.00572355 0.0017617 0.0166804 8.35996e-06 0.000464789 0.00420506 0.000181673 0.00593148 3.38647e-06 2.47741e-05 1.31187e-07 4.01106e-06 0.000968186 7.88009e-05 3.15337e-05 2.20238e-09 0.945383 2.37997e-06 0.00651236 0.000107094 0.00041387 9.95062e-07 0.00427788 7.04523e-05 2.25538e-06 
0.000168424 0.03501 0.00371063 1.75124e-05 1.0442e-08 6.84882e-08 0.944206 0.00365065 2.77213e-08 0.00247417 1.48404e-12 0.00852533 2.58305e-12 2.17572e-06 0.00115205 1.15301e-11 3.50038e-08 1.54277e-07 1.08628e-05 1.77608e-08 1.23881e-12 0.000165244 3.80622e-12 0.000315631 5.13216e-12 0.000541764 4.89355e-05 6.08701e-08 8.79202e-08 1.14473e-08 
0.000328351 0.00372848 9.99782e-07 3.14523e-08 1.88471e-06 0.0773309 0.0907741 0.20784 1.16906e-07 0.00711354 0.0016471 0.000160165 0.0335518 0.0053502 0.0706261 1.0435e-06 0.000141701 2.66846e-07 0.00646735 0.0443893 1.93008e-10 0.131165 0.0430711 0.257169 8.16339e-07 0.000787173 1.28684e-06 4.03197e-06 0.0183487 1.48181e-07 
5.40403e-08 0.000162084 0.000725665 0.00013808 0.00197387 0.000998665 0.000765745 0.00355825 0.000811882 1.98106e-07 0.00234019 2.88097e-07 0.000897774 2.90181e-07 0.00231674 5.00865e-07 4.06967e-07 1.90599e-07 0.00577978 0.00321819 5.38137e-08 0.959873 1.65342e-07 0.010744 2.2294e-07 1.54601e-07 0.002172 0.00223169 0.00128914 3.82442e-07 
0.120517 0.127823 0.00144415 1.59788e-07 0.00356689 0.042284 0.130905 0.153749 0.010988 4.6974e-06 4.06919e-10 2.37122e-06 0.0205103 0.00387161 0.0762113 3.16152e-09 4.40421e-07 0.00205318 0.00160446 0.00768831 3.39679e-10 0.14516 0.00500115 0.0366378 0.0142621 5.99321e-07 0.0864001 0.000391084 0.00892245 2.41402e-09 
0.000467325 0.0645492 0.0111317 5.25221e-05 2.39001e-08 1.53104e-07 0.892441 0.00037015 6.34508e-08 0.00219078 2.69394e-12 0.0255756 4.68896e-12 4.86379e-06 3.27009e-07 2.09303e-11 7.82467e-08 3.44883e-07 4.90818e-07 3.96989e-08 2.24878e-12 0.000495696 6.90935e-12 0.00094684 9.31628e-12 0.00162517 0.000146793 1.36074e-07 1.96544e-07 2.55865e-08 
1.56589e-08 2.60776e-08 5.1273e-08 2.35218e-08 2.67255e-08 1.91627e-08 2.39687e-05 0.00011928 4.35573e-08 5.74037e-08 1.86799e-08 8.34797e-08 3.25136e-08 8.40836e-08 0.0465359 1.45132e-07 1.17924e-07 5.52284e-08 2.24496e-08 1.52846e-07 1.55932e-08 0.953103 4.79099e-08 0.000161296 5.17446e-05 4.47977e-08 2.04333e-08 3.72033e-06 1.56288e-08 1.10817e-07 
0.135111 0.0245485 0.00169785 9.71343e-08 0.00169924 0.0101172 0.405446 0.160673 6.59495e-08 0.0799391 0.0193132 0.000193958 1.29003e-06 0.000868416 8.65157e-07 9.27745e-11 5.21491e-07 0.00115825 0.0177242 0.0489779 9.96784e-12 0.0149377 1.25299e-05 0.0292851 0.0024282 0.00695112 0.00723687 0.0316746 2.79204e-06 7.08392e-11 
4.82527e-06 0.069462 0.123258 1.42094e-09 1.93898e-06 1.38925e-05 0.295341 0.250818 2.63128e-09 1.35276e-05 1.42196e-05 2.52653e-06 1.25724e-05 5.07946e-09 1.15546e-05 8.76736e-09 7.12374e-09 3.33633e-09 1.35617e-09 1.8559e-06 9.4198e-10 9.04901e-05 2.4025e-05 0.24609 3.90245e-09 2.70621e-09 0.0148236 2.69077e-06 1.32188e-05 6.69443e-09 
5.80351e-10 0.00263285 1.90029e-09 0.000296614 0.00161503 0.0669165 0.00468498 1.99694e-05 1.61433e-09 0.00186657 3.04097e-05 0.00033275 1.20502e-09 1.03905e-05 0.00139429 1.29338e-06 6.58345e-06 4.03883e-05 8.32031e-10 3.35571e-06 5.77918e-10 0.0329891 1.77565e-09 0.0140683 0.257491 0.00374186 0.384495 0.227358 4.88971e-06 4.10713e-09 
0.0592278 0.0136859 7.79005e-07 0.000339601 6.07845e-07 3.09949e-06 0.0057546 0.0073956 2.07774e-06 2.53938e-06 0.00796773 4.25841e-10 1.65856e-10 1.25471e-05 0.0101663 7.40337e-10 6.01545e-10 5.69914e-07 0.0194289 1.44142e-05 7.9543e-11 0.686129 2.55566e-07 0.171336 3.29532e-10 0.00129188 0.00186639 3.8961e-06 0.0153694 5.65293e-10 
3.7741e-05 0.00310782 2.82709e-05 6.51643e-07 0.00128933 0.0024977 0.110794 0.0785494 7.02227e-06 0.000155982 0.000198791 8.35429e-08 0.385283 0.0846477 2.86979e-05 1.45242e-07 1.49879e-05 5.52702e-08 1.48427e-05 5.42945e-05 1.5605e-08 0.00181822 9.25847e-06 0.0802082 0.0214945 4.48316e-08 0.132222 0.0802658 0.0172531 1.83591e-05 
4.50381e-09 6.30114e-05 1.47472e-08 1.15078e-05 7.68682e-09 5.51159e-09 7.28068e-05 0.000187006 1.2528e-08 7.76158e-05 2.41827e-05 3.84409e-05 3.92861e-05 0.000152385 2.91961e-05 4.1743e-08 3.39174e-08 3.81395e-05 1.35661e-05 4.39616e-08 4.48493e-09 0.694416 2.06836e-05 0.222153 1.85802e-08 1.28848e-08 1.64616e-05 0.082646 4.49518e-09 3.18734e-08 
2.57396e-07 0.00054165 8.42811e-07 3.86644e-07 4.39307e-07 0.0154543 0.00221011 0.00156393 7.15983e-07 9.43586e-07 3.07056e-07 1.37222e-06 0.00594248 0.00194038 0.037777 2.38564e-06 1.9384e-06 0.00328037 0.00155345 0.00114803 2.56317e-07 0.282414 0.000718239 0.627774 1.06187e-06 0.00260917 3.35877e-07 0.00182404 0.0132359 1.82159e-06 
4.3612e-08 0.0119462 1.27387e-07 2.50772e-05 4.03582e-05 0.0252898 0.0274186 0.00253273 7.49954e-12 0.00332853 0.101221 0.000916351 0.00146951 1.44772e-11 1.89987e-07 2.49883e-11 2.93781e-05 0.000222005 2.48408e-08 2.63164e-11 2.68478e-12 0.00528343 8.74664e-08 0.02063 0.797786 4.25488e-05 5.58546e-06 0.00153936 3.39702e-09 0.000273235 
0.000620449 0.00924278 0.000171746 4.83005e-08 0.000349566 0.00409084 0.139034 0.187136 8.94423e-08 0.0274028 0.00129503 2.42246e-07 0.00170615 0.000188312 0.497325 7.68586e-06 0.0026479 2.18025e-06 0.0245107 0.00431845 3.20197e-08 0.0101122 0.000157896 0.0152242 0.0701813 1.95902e-05 0.000969536 0.00328019 4.34146e-06 2.27557e-07 
0.00220837 0.0150438 0.00582454 2.87085e-05 0.000250176 0.0326272 0.017214 0.189265 0.000148015 0.00078961 0.00483464 0.000188039 0.0634928 1.24946e-05 0.000678431 7.13317e-07 0.000158207 0.0051978 0.00590255 0.00719244 7.664e-08 0.553902 8.20423e-05 0.0121429 8.65184e-05 0.000182179 0.0520741 0.0272956 0.00316269 1.47437e-05 
3.9929e-08 0.000646219 2.92407e-05 0.000122148 0.000109034 0.0754496 0.00136969 7.65836e-05 1.11068e-07 0.00730713 2.35616e-05 2.12868e-07 0.0297309 3.14861e-05 7.03085e-05 3.70077e-07 3.00698e-07 0.00236178 5.7245e-08 4.10564e-05 3.97616e-08 0.747832 0.00564023 0.116806 1.64725e-07 1.14231e-07 0.00932308 0.00296689 6.11875e-05 2.82577e-07 
0.000132528 1.77851e-07 3.49684e-07 1.6042e-07 1.82269e-07 0.00167858 0.000236654 0.000138586 2.97063e-07 3.91496e-07 1.27398e-07 5.69336e-07 0.000432296 0.000716601 2.66166e-07 9.89807e-07 8.04247e-07 0.300292 1.53107e-07 1.04241e-06 1.06346e-07 0.692965 3.26748e-07 0.000102606 4.40573e-07 3.05523e-07 0.000982013 0.000161463 0.00215453 7.5578e-07 
0.00438445 0.00299854 8.01893e-08 1.10168e-08 5.40606e-08 0.00140004 0.0028543 0.0208055 0.000328763 0.00145651 0.101764 2.25157e-08 0.0106219 8.35163e-08 0.000296796 2.31708e-11 8.55983e-08 0.00016541 0.00108082 2.44023e-11 2.48951e-12 0.00143054 0.000178921 0.125416 1.94514e-06 0.000150204 0.00238687 0.718346 0.00392897 2.94606e-06 
4.0415e-08 0.000444833 0.00055271 6.0709e-08 6.89778e-08 0.000676452 0.000416235 0.0956024 0.000178815 0.0014835 0.00285631 2.15459e-07 0.000157553 0.00114076 7.09693e-06 0.0156671 0.000155394 1.42543e-07 5.79418e-08 0.000207794 4.02456e-08 0.808405 1.73009e-05 0.0676412 1.56075e-05 1.15622e-07 0.0013644 9.94213e-05 0.00286089 4.88673e-05 
2.61981e-07 2.97318e-06 8.57824e-07 6.81566e-06 5.48537e-05 0.00186601 7.18628e-05 0.00447562 7.55793e-06 0.00294333 4.64163e-05 2.20542e-05 0.0249225 9.54054e-05 8.83486e-05 2.42814e-06 1.97293e-06 7.92605e-05 3.75594e-07 0.0035624 2.60883e-07 0.9522 9.17991e-05 0.00891709 2.49055e-05 7.4949e-07 0.000241825 0.000128214 0.000137719 6.10198e-06 
0.000313044 0.00723555 0.00397083 0.000648812 0.126091 0.00037906 0.0156684 0.0638105 2.45502e-07 0.00305092 0.00485971 0.000690422 0.0374696 0.00751935 0.0904105 8.18009e-07 0.000117119 0.0803648 0.0250759 0.370682 8.78882e-08 0.0584688 0.000339507 0.0873978 0.00150661 2.52494e-07 8.06614e-05 0.0119986 0.00184845 6.24601e-07 
0.00269074 3.5465e-05 1.53787e-05 2.52157e-06 0.0101369 0.11736 0.125463 0.108412 0.00327676 0.000186861 9.3986e-06 8.00893e-06 0.0243434 1.06638e-08 4.94954e-09 1.84062e-08 1.49556e-08 7.00428e-09 2.84714e-09 0.0110823 1.97759e-09 0.454961 0.0256611 0.0354936 8.19279e-09 0.00301716 0.0778308 8.64381e-06 4.21863e-06 3.25496e-07 
0.000467325 0.0645492 0.0111317 5.25221e-05 2.39001e-08 1.53104e-07 0.892441 0.00037015 6.34508e-08 0.00219078 2.69394e-12 0.0255756 4.68896e-12 4.86379e-06 3.27009e-07 2.09303e-11 7.82467e-08 3.44883e-07 4.90818e-07 3.96989e-08 2.24878e-12 0.000495696 6.90935e-12 0.00094684 9.31628e-12 0.00162517 0.000146793 1.36074e-07 1.96544e-07 2.55865e-08 
1.57259e-07 1.8805e-06 1.17002e-10 5.36753e-11 3.41583e-07 0.019078 0.0222975 0.0372965 1.26242e-06 3.17013e-06 0.0521822 0.00144889 1.75848e-06 0.00792685 0.00180285 1.35818e-06 9.95918e-07 1.51246e-06 9.68272e-07 3.48785e-10 3.55828e-11 0.698813 4.15555e-07 0.155616 1.48887e-08 1.02226e-10 5.31601e-07 7.6851e-06 0.00351576 1.77268e-07 
2.16962e-08 7.29504e-05 7.10415e-08 0.000164578 3.70297e-08 0.000512149 0.000612656 0.0155121 0.000303208 7.9536e-08 0.000442051 0.000184843 4.50493e-08 1.16502e-07 5.29847e-05 0.000150418 1.6339e-07 0.04151 0.671291 2.11776e-07 2.16052e-08 0.0538147 6.63818e-08 0.212972 8.95065e-08 0.000150356 9.73651e-05 0.000136438 7.32792e-05 0.00194611 
0.000467325 0.0645492 0.0111317 5.25221e-05 2.39001e-08 1.53104e-07 0.892441 0.00037015 6.34508e-08 0.00219078 2.69394e-12 0.0255756 4.68896e-12 4.86379e-06 3.27009e-07 2.09303e-11 7.82467e-08 3.44883e-07 4.90818e-07 3.96989e-08 2.24878e-12 0.000495696 6.90935e-12 0.00094684 9.31628e-12 0.00162517 0.000146793 1.36074e-07 1.96544e-07 2.55865e-08 
6.58351e-09 0.000163373 2.15569e-08 9.88935e-09 1.12363e-08 0.000199007 0.000132265 7.60287e-05 1.8313e-08 0.000364454 0.000362063 3.50977e-08 0.000505797 0.000183864 0.000290443 6.10184e-08 4.95792e-08 0.951043 0.000380384 6.42615e-08 6.55591e-09 0.000476399 2.0143e-08 0.044939 2.71599e-08 1.88345e-08 0.000170107 0.00046379 0.0002497 4.65914e-08 
0.000831611 0.00053362 5.3795e-06 8.4557e-05 0.000921902 0.00162515 0.000222999 0.00192643 0.000723458 0.000289829 0.00147963 0.000142288 0.000168888 8.82194e-06 0.000608487 1.52271e-05 0.000329604 0.322172 2.35538e-06 0.000316085 1.63602e-06 0.649281 0.00046135 0.000767383 6.77773e-06 0.0153619 0.000620168 0.000562872 0.000516393 1.16268e-05 
0.00385783 0.0697356 0.0571741 0.000269206 0.00256483 0.00204374 0.518614 0.037368 0.000257499 0.0426869 0.000371028 0.00294386 0.113921 1.84314e-06 0.00737414 1.5308e-10 0.00168542 0.00201871 1.76608e-07 8.30037e-06 1.64472e-11 0.0335808 5.05337e-11 0.0422845 0.0422711 3.76983e-07 3.7584e-08 0.0067845 0.0119942 0.000188682 
8.46165e-09 0.0137032 2.77066e-08 1.27106e-08 1.44418e-08 0.0076565 0.00637025 0.0961235 2.35373e-08 1.49261e-05 4.42525e-06 0.0515452 0.0134447 0.00355925 2.10892e-08 7.84257e-08 5.81995e-06 2.02036e-05 0.000969096 3.97849e-05 8.42618e-09 0.602229 0.000669958 0.0102091 0.0109821 2.42076e-08 4.03159e-05 0.0555096 0.126903 5.98829e-08 
3.72249e-06 0.00164476 1.30763e-07 7.86401e-06 4.5691e-06 0.0070845 0.00167113 0.691828 1.11085e-07 0.0134078 0.00037785 0.0024161 8.29201e-08 2.1444e-07 0.00289061 3.70133e-07 3.00744e-07 0.000104198 0.000230347 8.32701e-05 3.97677e-08 0.110803 0.0381578 0.127462 0.000105244 0.00121014 3.44377e-05 0.000206899 2.39293e-07 0.000263748 
0.000467325 0.0645492 0.0111317 5.25221e-05 2.39001e-08 1.53104e-07 0.892441 0.00037015 6.34508e-08 0.00219078 2.69394e-12 0.0255756 4.68896e-12 4.86379e-06 3.27009e-07 2.09303e-11 7.82467e-08 3.44883e-07 4.90818e-07 3.96989e-08 2.24878e-12 0.000495696 6.90935e-12 0.00094684 9.31628e-12 0.00162517 0.000146793 1.36074e-07 1.96544e-07 2.55865e-08 
2.18621e-08 0.0274557 0.0797677 8.80581e-07 0.0906693 0.000303163 0.137215 0.291651 6.08125e-08 0.0396997 0.0334722 0.000192399 0.0167173 3.01747e-05 0.0938916 1.95404e-05 1.6464e-07 0.00106239 0.0120973 0.000559816 2.17705e-08 0.0646492 1.71048e-05 4.77113e-06 9.0191e-08 3.29161e-06 7.66108e-06 2.6181e-05 0.110478 7.87404e-06 
0.00290358 0.00211587 0.00451665 5.45129e-07 6.19378e-07 4.44105e-07 0.00292131 0.0147117 1.00946e-06 1.33036e-06 0.00982767 1.93469e-06 7.53519e-07 0.0210477 9.04469e-07 3.36351e-06 2.73295e-06 1.27995e-06 0.00874124 3.54228e-06 3.61381e-07 0.0327644 1.11034e-06 0.017723 0.00149863 0.00456915 0.869631 0.0027309 0.00427439 2.56825e-06 
4.70099e-09 4.06601e-08 2.42697e-11 0.00321055 0.00465274 0.00218991 3.3507e-07 0.00124698 0.00186038 6.57835e-05 0.00598518 2.87885e-07 1.26146e-05 8.81734e-07 6.43364e-07 2.98331e-08 5.58184e-11 0.00719596 8.80018e-07 0.000586397 7.38093e-12 0.193136 8.22729e-09 0.122387 3.05162e-07 4.46878e-07 3.50017e-08 4.41292e-07 0.00227765 0.655188 
0.0053632 0.00194024 0.000121785 3.38665e-05 1.52331e-06 0.00499265 0.000347987 0.000590185 0.000319581 0.000390823 0.00927617 4.75821e-06 1.85322e-06 0.00191984 0.000462527 8.27228e-06 6.72147e-06 3.14793e-06 0.000378365 8.71194e-06 8.88787e-07 0.896306 4.17014e-05 0.0750108 3.68208e-06 0.00013009 0.00131095 0.000595198 0.000422316 6.31641e-06 
3.34984e-07 0.00887228 8.41517e-07 5.77697e-07 1.58585e-06 0.0184404 0.0401088 0.0320097 1.48836e-05 2.14383e-06 0.2811 1.63358e-07 0.0416371 0.00211514 0.00252023 2.56849e-09 7.76459e-07 2.24907e-07 0.00295306 0.0004367 2.75962e-10 0.0600242 0.039258 0.145409 6.87279e-07 9.42542e-07 0.00251501 0.237081 0.0854964 1.9612e-09 
0.00317229 0.317264 3.80649e-08 4.07991e-05 6.60278e-06 0.000463443 0.1575 0.0660396 0.193734 4.88355e-06 0.00307595 0.0344613 1.17397e-06 5.09874e-06 6.10186e-05 1.07746e-07 3.08164e-06 0.00243585 2.43427e-05 0.206211 1.15764e-08 0.0120271 8.12276e-06 0.00341835 4.79587e-08 2.00354e-05 1.26432e-07 1.31921e-05 1.16028e-08 8.91338e-06 
0.000467325 0.0645492 0.0111317 5.25221e-05 2.39001e-08 1.53104e-07 0.892441 0.00037015 6.34508e-08 0.00219078 2.69394e-12 0.0255756 4.68896e-12 4.86379e-06 3.27009e-07 2.09303e-11 7.82467e-08 3.44883e-07 4.90818e-07 3.96989e-08 2.24878e-12 0.000495696 6.90935e-12 0.00094684 9.31628e-12 0.00162517 0.000146793 1.36074e-07 1.96544e-07 2.55865e-08 
4.30894e-09 9.85853e-05 1.41091e-08 2.0357e-06 0.00299768 0.00230036 7.7494e-06 0.00567348 9.79343e-05 0.000262403 0.00261241 0.000181539 0.0231542 3.38783e-05 0.00110112 3.99368e-08 3.24498e-08 0.000623819 6.17759e-09 0.0114392 4.29088e-09 0.921386 1.7973e-05 0.0172742 0.000121568 2.88754e-05 1.9514e-05 0.00245335 0.00803079 8.12017e-05 
1.39241e-05 0.00081817 0.00168657 0.000118206 0.00141325 0.433043 0.00897455 0.00454856 0.00154956 0.00135728 0.0184825 0.000310929 0.0190253 7.34739e-05 1.75215e-05 0.00229547 1.07938e-06 0.00360098 0.0058588 0.00412894 2.02994e-08 0.151195 0.00822756 0.0166737 0.110703 0.000109367 0.156259 0.0153242 0.0341897 1.44263e-07 
0.00140785 0.00175975 0.000573721 0.000649357 0.00945615 0.0255003 0.111739 0.755553 3.1356e-07 0.0175862 0.00617771 0.000304076 0.00883821 0.00044043 0.00897036 0.00060982 3.88745e-06 0.0230148 0.00012938 0.00510682 1.12252e-07 0.00481469 0.000587453 0.000939743 0.00525416 3.22489e-07 0.00245884 0.00463546 0.00348675 1.97351e-06 
0.000467325 0.0645492 0.0111317 5.25221e-05 2.39001e-08 1.53104e-07 0.892441 0.00037015 6.34508e-08 0.00219078 2.69394e-12 0.0255756 4.68896e-12 4.86379e-06 3.27009e-07 2.09303e-11 7.82467e-08 3.44883e-07 4.90818e-07 3.96989e-08 2.24878e-12 0.000495696 6.90935e-12 0.00094684 9.31628e-12 0.00162517 0.000146793 1.36074e-07 1.96544e-07 2.55865e-08 
0.000271227 0.00010418 6.27375e-09 0.000115931 3.27013e-09 0.0530001 0.0058732 0.000751541 5.32966e-09 0.0038521 0.526551 0.0255206 0.00224778 1.02885e-08 4.77533e-09 1.77583e-08 1.44292e-08 0.000774188 2.74693e-09 0.135163 1.90798e-09 0.0413554 5.86225e-09 0.199257 0.0019637 3.21564e-06 9.91798e-08 0.00311209 1.91234e-09 8.31582e-05 
0.000138936 0.00240318 3.83487e-07 0.00113536 7.34227e-08 0.00399321 0.00263427 0.0119504 1.66359e-06 2.01298e-06 0.00645709 0.000886946 2.23395e-11 4.11196e-06 1.21098e-07 9.97177e-11 5.09391e-06 0.0121678 5.72094e-07 1.09404e-07 1.07138e-11 0.00467972 5.5053e-07 0.0252135 4.43854e-11 0.913968 0.0143559 1.12037e-07 1.0304e-07 9.88454e-07 
1.86648e-09 3.10836e-09 6.11155e-09 7.29244e-06 3.18558e-09 2.28412e-09 4.71941e-06 7.49774e-05 5.19187e-09 6.84231e-09 8.90854e-06 9.95048e-09 3.8755e-09 3.01676e-06 4.65187e-09 1.72992e-08 1.40561e-08 6.58302e-09 2.67591e-09 0.0379476 1.85865e-09 0.961942 5.71069e-09 2.18157e-07 7.77705e-07 5.33972e-09 2.43801e-06 3.76104e-06 4.47283e-06 1.3209e-08 
1.16046e-05 0.00674346 0.000121964 1.24571e-07 0.0454989 0.00462948 0.0267194 0.142363 0.0396294 0.00931573 0.0571151 0.000197347 0.00255743 1.37001e-05 0.00124576 7.03618e-10 5.7171e-10 0.000382574 1.68172e-06 5.18689e-07 7.55978e-11 0.00681949 0.00197974 0.192389 3.13188e-10 6.04251e-06 0.0157261 0.347177 0.0993547 1.76284e-07 
5.47794e-09 0.000103096 1.79368e-08 8.22863e-09 9.3494e-09 6.70369e-09 0.000103495 6.72919e-09 7.3156e-05 2.00816e-08 6.53481e-09 0.000128525 1.13742e-08 2.06199e-05 1.36528e-08 5.07716e-08 4.12534e-08 1.93206e-08 7.85355e-09 5.34701e-08 5.45498e-09 0.999481 1.67603e-08 5.00869e-05 2.2599e-08 1.56716e-08 7.14819e-09 6.52367e-07 5.46744e-09 3.8806e-05 
4.68103e-07 0.0171145 0.00531132 0.000256872 0.00192822 0.00765488 5.04552e-06 0.103121 1.75556e-10 0.00223341 8.99618e-07 3.36462e-10 1.00326e-06 4.62174e-07 0.0250649 5.84949e-10 4.75288e-10 0.00476725 0.0021306 6.16039e-10 6.28479e-11 0.694377 0.00209902 0.00722665 0.0881889 0.014448 0.00109143 0.02193 0.0010484 4.46645e-10 
3.95157e-06 1.54391e-05 5.3247e-05 2.48608e-06 1.02892e-05 3.53387e-06 4.25963e-05 0.0895324 4.69716e-10 1.13908e-05 7.59455e-06 9.00233e-10 1.75662e-07 3.89992e-06 8.1858e-05 1.56508e-09 1.27167e-09 1.73318e-05 8.66719e-06 1.64827e-09 1.68155e-10 0.446481 5.16654e-10 2.32351e-05 0.463673 1.59908e-05 3.5258e-06 6.50328e-06 1.90466e-06 1.19504e-09 
0.000138936 0.00240318 3.83487e-07 0.00113536 7.34227e-08 0.00399321 0.00263427 0.0119504 1.66359e-06 2.01298e-06 0.00645709 0.000886946 2.23395e-11 4.11196e-06 1.21098e-07 9.97177e-11 5.09391e-06 0.0121678 5.72094e-07 1.09404e-07 1.07138e-11 0.00467972 5.5053e-07 0.0252135 4.43854e-11 0.913968 0.0143559 1.12037e-07 1.0304e-07 9.88454e-07 
0.000117298 0.00228188 0.00169002 0.000942899 0.00466477 0.0199956 0.0160812 0.0154358 0.00436723 0.00428318 0.0343474 0.000186548 0.000307102 3.77181e-05 0.000526273 1.37572e-05 0.000109338 0.00358807 0.00737836 0.0121502 1.59957e-08 0.430749 0.00331414 0.271073 0.000725788 0.00432697 0.00694282 0.000142177 0.00227303 0.151948 
0.907328 0.00085329 1.64352e-08 3.56554e-08 2.73427e-07 1.24495e-08 0.00295582 1.85206e-08 1.77361e-12 0.000147384 3.91441e-08 1.27964e-08 0.000217915 3.4238e-12 1.39133e-08 5.90964e-12 4.80175e-12 5.37857e-05 9.14126e-13 6.22373e-12 6.34941e-13 1.42842e-12 9.89774e-09 3.17551e-08 0.0884416 1.91328e-07 2.33496e-08 1.81804e-06 1.64814e-09 4.51238e-12 
6.04946e-06 0.129361 0.00130656 4.73263e-10 5.37723e-10 0.0718034 0.640342 0.00287837 8.76382e-10 1.96357e-05 5.64143e-07 1.67963e-09 3.59865e-06 1.69178e-09 0.00735699 2.92009e-09 2.39638e-07 1.11121e-09 8.80845e-06 1.72247e-05 3.13739e-10 0.146856 9.63958e-10 1.772e-05 1.13093e-05 9.0134e-10 4.11122e-10 1.10137e-05 3.14455e-10 2.22967e-09 
0.000138936 0.00240318 3.83487e-07 0.00113536 7.34227e-08 0.00399321 0.00263427 0.0119504 1.66359e-06 2.01298e-06 0.00645709 0.000886946 2.23395e-11 4.11196e-06 1.21098e-07 9.97177e-11 5.09391e-06 0.0121678 5.72094e-07 1.09404e-07 1.07138e-11 0.00467972 5.5053e-07 0.0252135 4.43854e-11 0.913968 0.0143559 1.12037e-07 1.0304e-07 9.88454e-07 
0.000804506 0.00292554 0.000152094 4.20958e-09 1.54019e-05 0.0627028 0.0675518 0.134161 7.79525e-09 4.58014e-05 0.00160031 1.70772e-07 7.65311e-06 0.000610081 0.102126 0.22531 2.11043e-08 9.88398e-09 6.41569e-06 0.224928 2.79065e-09 0.0198184 0.00354486 0.0809222 0.0319843 2.34775e-06 0.00469381 0.0132674 0.0228188 1.98325e-08 
6.9217e-06 0.139875 0.0864883 4.17574e-06 8.08247e-06 0.148505 0.131958 0.000523569 0.000981437 0.13594 0.0263583 0.0100611 0.000134848 5.23567e-06 7.08549e-06 2.79129e-09 2.268e-09 0.000281197 0.0348821 9.85068e-07 2.99901e-10 0.252321 0.000413704 0.0292205 4.47084e-07 0.00122479 0.000793728 7.70333e-07 4.16793e-06 2.13132e-09 
0.254144 0.00495109 0.00521096 1.06458e-06 0.00385057 0.0306817 0.0499754 0.134623 0.000190163 0.112194 0.16098 4.66747e-12 0.0536641 0.000429762 0.0148123 8.11453e-12 6.26198e-05 0.00131927 0.00254776 0.000347417 8.71839e-13 0.00453028 0.00489301 0.0076119 0.016032 7.62106e-05 0.0133175 0.0859458 0.0376085 4.24279e-07 
0.000138936 0.00240318 3.83487e-07 0.00113536 7.34227e-08 0.00399321 0.00263427 0.0119504 1.66359e-06 2.01298e-06 0.00645709 0.000886946 2.23395e-11 4.11196e-06 1.21098e-07 9.97177e-11 5.09391e-06 0.0121678 5.72094e-07 1.09404e-07 1.07138e-11 0.00467972 5.5053e-07 0.0252135 4.43854e-11 0.913968 0.0143559 1.12037e-07 1.0304e-07 9.88454e-07 
4.11882e-05 1.83627e-07 3.61042e-07 0.000180446 1.88189e-07 0.100029 0.118572 0.00274396 0.000532002 4.04211e-07 1.31536e-07 5.87827e-07 0.0499651 0.00011088 2.7481e-07 1.02195e-06 8.30368e-07 0.00021922 1.5808e-07 0.280044 1.098e-07 0.00691 3.3736e-07 0.00136435 4.54883e-07 3.28007e-05 1.43882e-07 3.0488e-05 0.000164107 0.439055 
0.000138936 0.00240318 3.83487e-07 0.00113536 7.34227e-08 0.00399321 0.00263427 0.0119504 1.66359e-06 2.01298e-06 0.00645709 0.000886946 2.23395e-11 4.11196e-06 1.21098e-07 9.97177e-11 5.09391e-06 0.0121678 5.72094e-07 1.09404e-07 1.07138e-11 0.00467972 5.5053e-07 0.0252135 4.43854e-11 0.913968 0.0143559 1.12037e-07 1.0304e-07 9.88454e-07 
5.42805e-08 0.00295676 3.12553e-09 2.81794e-07 9.11765e-07 1.01078e-05 0.00271037 0.0284679 2.6552e-09 0.0334782 3.24547e-06 5.08882e-09 0.000423462 0.0352892 2.37903e-09 7.50217e-07 7.18849e-09 5.33397e-06 2.48424e-05 9.31727e-09 9.50542e-10 0.650498 0.000513217 0.147564 1.65389e-06 2.73081e-09 0.0747549 0.0140288 1.21715e-07 0.00926805 
0.000138936 0.00240318 3.83487e-07 0.00113536 7.34227e-08 0.00399321 0.00263427 0.0119504 1.66359e-06 2.01298e-06 0.00645709 0.000886946 2.23395e-11 4.11196e-06 1.21098e-07 9.97177e-11 5.09391e-06 0.0121678 5.72094e-07 1.09404e-07 1.07138e-11 0.00467972 5.5053e-07 0.0252135 4.43854e-11 0.913968 0.0143559 1.12037e-07 1.0304e-07 9.88454e-07 
1.74283e-06 0.000784092 3.93229e-06 3.3613e-07 0.451903 0.177893 0.0984553 0.0300396 2.06487e-09 0.0153613 0.059654 2.97642e-06 0.0142054 3.98606e-09 0.000801813 1.7358e-07 4.66115e-07 0.00160665 0.0203781 7.44595e-07 7.3921e-10 0.0234685 2.27121e-09 0.00553859 0.00343988 0.0010092 0.0102376 0.0692041 0.0160091 5.2534e-09 
2.67916e-09 0.0957383 0.00864922 4.22333e-06 0.00370852 0.00534641 0.066931 0.000324551 6.02561e-05 0.00387707 0.0569143 0.000356141 0.00627432 1.43863e-08 0.000100078 3.05366e-07 0.000459463 9.25435e-06 3.62289e-06 4.68137e-05 2.66793e-09 0.00184333 0.000856861 0.165669 0.3216 0.0269731 0.170584 0.0295712 0.0340904 8.41174e-06 
5.6348e-06 0.00494915 3.05961e-10 8.21696e-07 0.00490435 0.320213 0.00533961 0.000383722 0.00105138 8.66705e-05 0.115643 8.18399e-05 0.498888 0.00356006 0.0018992 8.66046e-10 2.15895e-07 0.00454243 0.0163662 0.00163985 9.30493e-11 5.39194e-07 0.000620618 0.000519978 0.00806202 0.00557215 0.0009606 2.89422e-06 0.00470656 6.6128e-10 
0.000138936 0.00240318 3.83487e-07 0.00113536 7.34227e-08 0.00399321 0.00263427 0.0119504 1.66359e-06 2.01298e-06 0.00645709 0.000886946 2.23395e-11 4.11196e-06 1.21098e-07 9.97177e-11 5.09391e-06 0.0121678 5.72094e-07 1.09404e-07 1.07138e-11 0.00467972 5.5053e-07 0.0252135 4.43854e-11 0.913968 0.0143559 1.12037e-07 1.0304e-07 9.88454e-07 
0.00124619 0.00580839 1.66661e-08 0.000662201 0.00497604 0.0407557 0.011147 0.0950711 0.0139376 0.00129221 0.198204 5.42213e-05 0.0238013 0.0820801 0.00226086 5.85241e-10 5.67491e-07 0.010064 0.0695732 0.00885859 6.28793e-11 0.0906529 0.000714353 0.227884 0.0286383 0.0523686 0.0204184 0.00795602 0.00157448 4.46868e-10 
2.88852e-06 0.00133935 1.79469e-06 0.000232216 4.8938e-10 0.00832012 0.0169377 0.0225433 7.97592e-10 0.0302975 4.19893e-05 0.00285457 1.21031e-05 1.53968e-09 4.21291e-06 2.65756e-09 2.15934e-09 0.00165503 4.11082e-10 1.10385e-05 2.85532e-10 0.890255 8.77294e-10 0.00164934 1.58643e-05 2.57585e-05 2.30782e-08 0.0237958 8.96044e-07 3.94228e-06 
0.36974 0.00782188 1.47218e-06 5.89977e-08 1.50804e-07 0.0063796 0.0440456 0.00616113 2.7306e-11 0.14004 5.60941e-07 9.21119e-07 0.00623177 3.32616e-06 0.0038841 9.09829e-11 7.39263e-11 1.90427e-06 0.00329102 0.00479045 9.77535e-12 0.22345 0.00170883 0.165643 8.50853e-08 2.80836e-11 1.87033e-07 8.08502e-08 0.0168038 1.39012e-07 
5.59888e-05 4.71611e-05 1.11846e-07 0.00049968 4.72835e-05 4.44378e-05 7.05813e-05 9.37035e-05 9.50148e-08 0.000830764 0.000175718 0.000288651 4.92251e-05 1.83418e-07 0.000109659 3.16587e-07 2.57236e-07 0.000596509 4.54485e-05 0.000306429 3.40146e-08 0.990632 7.44166e-05 0.00419777 2.67761e-05 9.77206e-08 4.45727e-08 2.53399e-05 0.001738 4.37572e-05 
0.0226208 0.0963332 0.0232532 3.49261e-08 1.13486e-06 0.0148346 0.269386 0.348716 8.95045e-11 0.0803573 0.0197848 0.0019462 0.0167963 1.14056e-06 0.00170202 2.98227e-10 3.56777e-05 6.10577e-07 4.61309e-11 3.14078e-10 3.2042e-11 0.0231524 1.98688e-07 0.0060151 0.000806421 9.20534e-11 0.00410587 0.069299 0.000848875 2.9407e-06 
0.000467325 0.0645492 0.0111317 5.25221e-05 2.39001e-08 1.53104e-07 0.892441 0.00037015 6.34508e-08 0.00219078 2.69394e-12 0.0255756 4.68896e-12 4.86379e-06 3.27009e-07 2.09303e-11 7.82467e-08 3.44883e-07 4.90818e-07 3.96989e-08 2.24878e-12 0.000495696 6.90935e-12 0.00094684 9.31628e-12 0.00162517 0.000146793 1.36074e-07 1.96544e-07 2.55865e-08 
0.000467325 0.0645492 0.0111317 5.25221e-05 2.39001e-08 1.53104e-07 0.892441 0.00037015 6.34508e-08 0.00219078 2.69394e-12 0.0255756 4.68896e-12 4.86379e-06 3.27009e-07 2.09303e-11 7.82467e-08 3.44883e-07 4.90818e-07 3.96989e-08 2.24878e-12 0.000495696 6.90935e-12 0.00094684 9.31628e-12 0.00162517 0.000146793 1.36074e-07 1.96544e-07 2.55865e-08 
0.000138936 0.00240318 3.83487e-07 0.00113536 7.34227e-08 0.00399321 0.00263427 0.0119504 1.66359e-06 2.01298e-06 0.00645709 0.000886946 2.23395e-11 4.11196e-06 1.21098e-07 9.97177e-11 5.09391e-06 0.0121678 5.72094e-07 1.09404e-07 1.07138e-11 0.00467972 5.5053e-07 0.0252135 4.43854e-11 0.913968 0.0143559 1.12037e-07 1.0304e-07 9.88454e-07 
0.00149788 0.00156697 0.00101993 1.71558e-05 0.0010276 0.00106115 0.00367314 0.0316811 0.0248641 5.59097e-05 0.0122058 2.24337e-08 0.000385763 2.09236e-07 8.85951e-05 5.10246e-11 5.32683e-08 0.821774 1.51013e-06 2.85782e-05 5.48216e-12 0.00208446 0.000549413 0.0446278 1.94046e-07 0.0212758 0.00395522 0.0250474 0.00151061 3.89605e-11 
3.3698e-07 0.000252759 1.1034e-06 7.96733e-05 3.47397e-05 0.0434662 0.00118646 0.0365125 9.37356e-07 7.46037e-05 0.000622745 0.000171792 6.99695e-07 0.000370784 0.000481359 3.12325e-06 2.53773e-06 0.00559391 0.000620795 5.58296e-05 3.35567e-07 0.888707 1.03103e-06 0.0164767 8.12038e-05 0.00185606 0.00279192 0.000385186 0.000161472 6.45583e-06 
2.48303e-07 6.76955e-05 8.13037e-07 3.72985e-07 0.000168499 0.0331913 9.25504e-05 0.000493496 0.000169263 9.10253e-07 2.96208e-07 0.000162862 0.00120169 6.91276e-05 6.18851e-07 2.30136e-06 1.86992e-06 8.75759e-07 0.000112579 2.42368e-06 2.47262e-07 0.963539 7.5971e-07 2.87347e-07 1.02436e-06 7.10359e-07 3.24012e-07 0.000411448 0.000161916 0.000144716 
1.39661e-13 0.000261769 4.57304e-13 8.60353e-10 9.92889e-05 0.000271364 0.000297116 0.000104674 3.88488e-13 3.93091e-05 0.00625975 1.26649e-09 1.31078e-08 7.49942e-13 5.20734e-08 1.29443e-12 0.000111058 1.62601e-09 6.80795e-09 1.36323e-12 1.39076e-13 2.68704e-05 2.39725e-08 0.00103294 0.991496 8.35099e-09 1.65115e-08 1.91982e-09 2.80181e-11 7.91692e-10 
2.19238e-05 0.000854788 0.00245446 2.27415e-08 0.00137395 0.570585 0.00709763 0.0212295 0.00319603 0.00152119 0.00117351 8.07106e-08 0.146238 0.000550513 0.0587489 1.40318e-07 1.12787e-06 0.0146554 0.0432918 0.00603802 1.5076e-08 0.00540139 0.0579721 2.0663e-05 6.24569e-08 0.000442173 0.0298422 0.00336355 0.0239256 1.07141e-07 
4.3612e-08 0.0119462 1.27387e-07 2.50772e-05 4.03582e-05 0.0252898 0.0274186 0.00253273 7.49954e-12 0.00332853 0.101221 0.000916351 0.00146951 1.44772e-11 1.89987e-07 2.49883e-11 2.93781e-05 0.000222005 2.48408e-08 2.63164e-11 2.68478e-12 0.00528343 8.74664e-08 0.02063 0.797786 4.25488e-05 5.58546e-06 0.00153936 3.39702e-09 0.000273235 
0.0104498 0.143837 0.235662 5.70702e-06 1.66467e-07 4.4411e-11 0.475448 0.00315538 5.29459e-05 0.0403393 3.73067e-05 1.9347e-10 5.52197e-07 6.62032e-08 0.0750268 3.36354e-10 4.36715e-07 1.27996e-10 0.00486884 1.12865e-06 3.61384e-11 2.42944e-07 1.11035e-10 0.00364247 0.00379093 1.03822e-10 0.000208448 0.00320242 0.00026962 5.35852e-07 
0.000467325 0.0645492 0.0111317 5.25221e-05 2.39001e-08 1.53104e-07 0.892441 0.00037015 6.34508e-08 0.00219078 2.69394e-12 0.0255756 4.68896e-12 4.86379e-06 3.27009e-07 2.09303e-11 7.82467e-08 3.44883e-07 4.90818e-07 3.96989e-08 2.24878e-12 0.000495696 6.90935e-12 0.00094684 9.31628e-12 0.00162517 0.000146793 1.36074e-07 1.96544e-07 2.55865e-08 
0.957047 0.00197907 0.0013916 1.10848e-06 1.79211e-05 0.000268238 0.00658758 0.00286169 2.19201e-05 0.00214284 0.000848172 2.75904e-10 0.00498223 1.16719e-07 8.78566e-05 3.54739e-12 2.53213e-05 1.04723e-05 1.35262e-05 3.73593e-12 3.81137e-13 2.92223e-05 0.000121006 0.00183963 3.19357e-06 3.71995e-07 0.00145439 0.0171999 0.00106532 1.17425e-09 
3.93305e-10 4.59151e-07 2.1906e-06 4.7323e-07 6.71268e-10 1.27553e-05 0.000550666 1.9761e-05 1.09403e-09 1.44182e-09 4.69186e-10 2.09677e-09 6.94233e-06 2.09103e-05 9.90045e-08 3.6453e-09 2.96191e-09 1.38718e-09 5.63869e-10 9.21754e-06 3.91657e-10 0.962904 1.13128e-05 0.0364402 1.62256e-09 7.0898e-06 5.13225e-10 3.33253e-06 8.91129e-06 1.95117e-06 
