0.0297213 0.00729307 0.0046673 0.00576976 0.025496 0.0429893 0.0259352 0.0656877 0.0104265 0.00587744 0.240054 0.00177517 0.00156559 0.000814748 0.00129739 4.87709e-09 0.00019712 0.0101838 0.0475942 0.000382128 0.270624 0.00652702 0.00455353 0.0357401 0.00534064 0.0212586 0.018316 0.0963732 0.0135395 1.20089e-08 
0.00457849 0.0286055 0.00245718 9.84277e-06 0.153 0.0103105 0.0691349 0.0757762 0.0141215 0.00284435 0.0228529 0.000722981 0.0104893 0.000571225 0.0470264 0.00178888 0.000324852 0.000386787 0.0857726 0.000462115 0.162116 0.00289045 0.00575136 0.077959 0.00234207 0.00227077 0.0176984 0.116969 0.0807478 1.86955e-05 
0.008536 0.000281916 0.000404088 0.000580687 0.0137193 0.0101014 0.00119548 0.00479621 0.00088859 1.88775e-13 0.00265413 6.70365e-07 0.000109721 2.76512e-13 0.00345474 4.77273e-13 4.47154e-06 0.000516169 0.0110132 5.02639e-13 0.392892 1.15361e-13 0.00108745 0.0291229 3.59857e-05 0.100151 0.141504 0.0240337 0.252916 1.21413e-09 
0.000203819 0.00328219 0.00050641 2.49069e-05 0.00683185 0.00482067 0.00778468 0.145541 7.49886e-05 0.000361374 0.0024668 0.000938053 0.00022795 0.000120335 0.000402186 3.80998e-06 4.41008e-05 0.00030555 0.0116098 0.000461098 0.673144 0.00195101 0.000990798 0.00586541 0.000782943 0.00103107 0.00098912 0.120602 0.00863164 7.25977e-07 
5.13868e-05 0.0103842 0.0937859 1.10826e-07 0.0151744 0.0919899 0.00317193 0.0419149 1.87091e-05 0.00011271 0.000820526 0.000239566 0.000320856 7.57569e-06 0.000121822 1.52165e-09 0.00046644 0.00176912 0.0024772 3.6417e-05 0.416333 0.0230372 3.94955e-06 0.0783316 0.00125693 6.56963e-05 0.00148059 0.215459 0.00116734 7.09137e-07 
0.0261743 0.00253558 0.00393299 0.00613375 0.0214781 0.0400485 0.0212137 0.0108045 0.017308 0.00504873 0.0158684 0.000669711 0.0692747 0.00136856 0.00210053 7.18212e-05 0.00797079 0.00205711 0.0376071 0.000876771 0.348548 0.000605822 0.0517483 0.0152521 0.000230987 0.0722893 0.0410494 0.0863053 0.091427 7.01917e-09 
0.0129015 0.00712 0.000765969 0.000195033 0.0276031 0.00689764 0.0147258 0.067283 0.00598119 0.00157638 0.0169961 1.27988e-05 0.00159381 0.000124387 0.00249268 1.15884e-11 2.21579e-06 0.000562388 0.0145478 0.000354319 0.383486 0.0059818 0.0014753 0.228996 0.000119186 0.0317679 0.101687 0.0253131 0.0391618 0.000275638 
0.000401365 0.0132404 0.00137744 0.00856972 0.0123274 0.0960258 0.143818 0.0824559 4.23508e-05 0.00316298 0.00624666 8.27374e-06 0.0524881 0.00391943 0.0100023 0.00298301 0.000344431 3.86759e-05 0.171713 0.000313596 0.220528 0.00276973 0.01441 0.00983551 0.000341721 0.00652018 0.0569437 0.0311234 0.0480221 2.70598e-05 
0.00124197 0.00194297 0.00224916 2.71507e-05 0.0288217 0.00342678 0.0080386 0.00718647 0.00294811 0.000896769 0.000452004 0.000608095 2.07757e-05 9.90323e-06 0.000113188 4.67598e-09 3.95831e-06 0.00116007 0.012281 1.64064e-05 0.832561 0.000108409 0.000111615 0.0266922 0.000106672 0.0193237 0.00840462 0.0350362 0.00621009 5.01639e-07 
0.0154942 0.00307491 0.00321146 8.01729e-06 0.0139922 0.00199653 0.00480925 0.00843487 0.00334544 6.65265e-05 0.00329768 0.000388893 2.38952e-05 1.87131e-05 0.000253478 1.05689e-08 1.59654e-06 4.77311e-05 0.12432 1.03051e-06 0.4844 0.00028342 0.00381867 0.0592127 5.63307e-05 0.000840841 0.0034064 0.228112 0.0370773 5.45221e-06 
4.71581e-05 0.00636411 4.28688e-08 7.83897e-08 0.0478 0.0185195 0.00502895 0.0547686 0.00493576 9.29362e-07 0.00847067 9.11115e-07 0.000768468 0.00427949 6.34407e-05 1.25607e-10 0.00138656 0.000677327 0.0116057 9.06607e-07 0.247296 3.25848e-06 0.000901785 0.0712845 8.67365e-05 0.0612733 0.114135 0.121105 0.219196 9.59089e-11 
3.31996e-08 0.000292253 4.84296e-05 2.39333e-09 0.000896453 0.00120994 0.000523744 0.0415709 0.0238188 3.31867e-05 0.000291014 4.8536e-05 0.000183202 0.000196899 1.37228e-08 1.27324e-11 8.32321e-10 0.000114922 0.00157144 1.34091e-11 0.862808 1.51449e-08 2.10455e-05 0.0354012 7.21025e-09 2.21031e-05 1.10162e-08 0.0198179 0.0111305 1.30252e-09 
4.30914e-06 0.00636375 0.00067773 2.89947e-06 5.15713e-05 0.00573481 0.00606268 0.160186 8.15544e-06 0.00165569 3.15477e-05 1.13584e-05 0.00749012 7.86724e-05 0.00268979 0.000104228 3.40781e-05 1.13122e-05 1.71276e-05 0.000848788 0.401606 0.0589895 0.00246752 0.002939 0.00391828 1.27576e-05 5.82972e-05 0.0577681 0.280175 1.45686e-08 
0.0177486 0.0605256 0.0114691 0.00168722 0.0735063 0.0572496 0.11885 0.116641 0.0150355 0.0143936 0.014335 0.0033453 0.0106339 0.00229273 0.0170947 0.000555666 0.00207814 0.00628303 0.0344326 0.000696739 0.179101 0.0144839 0.0165299 0.0264439 0.000293743 0.0135572 0.068336 0.0523618 0.0500186 1.9449e-05 
0.0312039 0.0164882 0.0227917 1.04489e-05 0.303867 0.00014506 0.0127979 0.00317312 0.00134653 0.00536773 0.0042406 0.0194722 7.50957e-06 1.28982e-08 0.000159007 2.07555e-06 1.6247e-07 0.000184345 0.161023 3.03129e-05 0.306943 0.0102649 0.0027657 0.0185131 5.95479e-06 2.05394e-05 0.00957118 0.0639965 0.00560678 1.67633e-06 
2.19538e-05 0.00138809 0.000262987 0.0789505 0.0112129 0.0151896 0.00449059 0.0237131 0.000508541 0.000609968 0.014998 3.89596e-06 0.0214642 9.14131e-05 0.00122626 9.50416e-08 1.66871e-05 0.000215984 0.0785339 9.65601e-07 0.386821 0.00015694 0.000633612 0.0139359 0.000218448 0.0271938 0.0118297 0.109504 0.196781 2.59071e-05 
0.00124197 0.00194297 0.00224916 2.71507e-05 0.0288217 0.00342678 0.0080386 0.00718647 0.00294811 0.000896769 0.000452004 0.000608095 2.07757e-05 9.90323e-06 0.000113188 4.67598e-09 3.95831e-06 0.00116007 0.012281 1.64064e-05 0.832561 0.000108409 0.000111615 0.0266922 0.000106672 0.0193237 0.00840462 0.0350362 0.00621009 5.01639e-07 
0.003151 0.0132234 0.000918467 6.87252e-06 0.00412259 0.00124767 0.0053724 0.0158749 0.00403921 0.00550648 7.54782e-05 0.000632878 2.55641e-06 3.18316e-06 4.02475e-05 2.84141e-08 1.11624e-08 0.00075929 0.0208279 5.54269e-09 0.807439 0.000568502 9.26016e-05 0.000628323 2.93927e-08 0.000740646 0.000153255 0.1069 0.00767246 6.88726e-08 
0.00634674 0.00858896 0.0220668 1.64761e-05 0.0107978 0.000633062 0.00176355 0.00039003 0.00148804 0.000833642 0.00394508 0.000259854 7.50509e-05 0.000158587 0.000249702 5.84229e-05 3.79548e-05 0.000195352 0.0494811 3.01397e-05 0.807889 8.82821e-05 0.00337201 0.0172365 1.34854e-05 0.000312224 0.059913 0.00257669 0.00117205 9.86534e-06 
3.38989e-11 0.126458 0.00276436 2.05974e-05 0.0149776 5.63221e-06 0.12011 0.177696 3.57918e-07 0.00674658 6.33446e-07 0.00154905 0.0315373 2.88844e-05 0.00399853 0.0378705 8.24709e-07 0.00289115 0.00195024 3.30886e-10 0.203343 0.00314815 0.00112932 0.0377455 0.000674379 0.0153973 0.00235434 0.181509 0.0260927 2.39902e-10 
0.000109892 2.76095e-08 0.138484 0.000621536 0.0467236 0.00386692 2.19913e-08 0.0625731 0.000274505 3.21532e-12 0.00198085 8.97316e-09 3.24905e-08 4.70972e-12 7.42511e-08 8.12918e-12 2.75584e-08 0.000853616 2.30624e-07 8.56124e-12 0.575032 6.551e-09 0.00203027 0.00215761 4.43397e-08 0.0900896 0.010059 0.0424299 0.0227124 6.20714e-12 
0.00329847 0.00252588 0.00077053 2.22764e-05 0.439412 0.000673691 0.00185268 0.0115594 4.95692e-05 8.58964e-05 0.00051909 1.49353e-05 4.51092e-05 6.75162e-09 1.13899e-05 2.2417e-12 3.44132e-06 8.31451e-05 0.00660541 1.57083e-09 0.457992 6.46946e-05 0.000419755 0.0109855 2.82853e-05 0.00723303 0.0108938 0.0376269 0.00722284 3.75772e-07 
0.0465332 0.0217361 0.00795051 3.8614e-06 0.035389 0.0298173 0.0595553 0.00671156 0.00628535 0.00241132 0.0987433 4.20476e-05 0.00546593 0.000749185 0.0294835 8.94208e-07 0.0424816 0.00710988 0.0126396 3.51184e-13 0.247032 8.6697e-07 0.000496335 0.153071 0.000120254 0.00827837 0.122343 0.0421322 0.0134151 1.41011e-06 
0.00156865 0.0132341 0.00628224 7.65979e-08 0.144113 0.0556973 0.0251921 0.102379 0.000670882 0.0237636 0.0109397 3.93212e-07 0.00248878 5.08079e-05 0.0031711 6.0088e-10 4.64875e-07 8.68657e-08 0.00414648 0.0011093 0.292755 8.17285e-07 0.00600667 0.0152794 2.67458e-10 0.000463809 0.0478783 0.0520351 0.190772 4.5881e-10 
0.0123724 0.0192932 0.00563141 0.000225221 0.0347777 0.000978301 0.0106324 0.0463575 0.00595499 0.000213832 0.000359554 0.0371686 0.000113794 1.86194e-05 0.000189351 5.34858e-10 3.51977e-09 0.000390607 0.00768688 5.06194e-09 0.584812 0.00050971 0.00139784 0.141647 3.61598e-05 0.00461447 0.0151428 0.0562704 0.0131149 9.00575e-05 
0.00557614 0.00637966 0.00301808 3.22351e-05 0.000942675 0.00507355 0.0769064 0.0563044 0.000491833 0.00268472 0.0208616 0.000410501 0.000443517 0.000846853 0.0326 3.09413e-08 6.90861e-05 0.00444345 0.0688892 7.56986e-06 0.449869 0.0070985 0.00198109 0.0319384 0.000582915 0.00306257 0.0151258 0.0266628 0.177267 0.000430353 
0.00201185 0.00518876 0.00139778 1.20739e-05 0.0134803 0.00228726 0.0343278 0.030276 0.0105681 0.000606036 0.0146474 0.00374257 0.000324558 0.000728831 0.00126635 6.50015e-08 4.43278e-06 0.000154361 0.0669196 2.23354e-10 0.467135 0.00577421 0.0125781 0.04218 1.3388e-07 1.40743e-05 0.00396826 0.225645 0.0546727 8.81183e-05 
0.0141811 0.00707213 0.00445439 0.0193472 0.116915 0.00956341 0.0351135 0.0336578 0.00102428 0.00259475 0.00802336 0.000641669 0.00385908 1.03216e-05 0.0132538 4.5186e-07 0.00659015 0.00297318 0.0135535 1.41192e-05 0.554118 0.000322357 0.00436661 0.0250678 9.67805e-05 0.0107161 0.00445006 0.0808636 0.0271425 1.36098e-05 
0.00419458 0.0162189 0.000626301 0.00166975 0.0317282 0.00768493 0.0159981 0.0286079 0.0762333 0.00033059 0.0121325 0.000697723 0.00126769 0.000941888 0.000441638 1.20531e-09 0.00056699 0.00372196 0.164558 0.000123602 0.27792 0.000368593 0.00397787 0.10744 0.000241777 0.0933672 0.0243088 0.0911121 0.0335176 4.89952e-07 
0.0365872 0.00734486 0.00257801 0.000135085 0.104927 0.0153932 0.0285304 0.0311511 0.006326 0.00148142 0.0175332 0.00846331 0.00229127 0.000346994 0.00936392 0.000859251 3.42885e-05 0.000568123 0.0563745 0.000135146 0.301192 0.00335895 0.0075575 0.0196134 0.000404981 0.0412972 0.039882 0.189052 0.0672094 7.86359e-06 
2.66047e-06 0.000947812 0.000329984 1.3874e-05 0.0462398 0.00411636 0.00290704 0.00356857 0.000357807 0.000106068 0.000240863 2.8008e-06 7.94368e-06 0.000264857 0.000782657 2.4767e-07 6.75213e-06 4.77831e-05 0.0309641 1.89082e-05 0.632256 1.80185e-05 0.000214331 0.00848179 7.23076e-05 0.0366937 0.00345316 0.0211546 0.206723 6.164e-06 
0.00409657 0.0105738 0.00550897 0.000276576 0.0285075 0.00290849 0.0167826 0.144614 0.00195489 0.000269878 0.00337406 0.0549899 0.000225821 7.56048e-05 0.000163928 4.67703e-09 9.1337e-07 0.00298539 0.00317674 2.84531e-05 0.449979 0.0427494 0.00135979 0.169741 0.000440552 0.00330248 0.0128672 0.032322 0.0064961 0.000229302 
0.00606947 0.00515703 0.00633415 3.67131e-06 0.0340532 0.00194698 0.0211863 0.0598684 0.00336688 0.00140869 0.000791724 0.0054373 6.59428e-05 2.86943e-05 0.0153897 5.37063e-09 6.07755e-07 0.000213641 0.018568 1.84103e-07 0.480671 0.000126974 3.83224e-05 0.0139508 6.1307e-06 0.000257224 0.00108213 0.278575 0.045401 6.20287e-07 
3.28268e-05 0.00132325 6.66005e-05 1.02317e-05 0.0359771 0.166844 0.0136795 0.0935708 0.0335038 0.00213383 0.00120348 1.18605e-08 0.00446487 6.42109e-05 0.00165335 2.04911e-11 3.20475e-09 4.43684e-06 0.046402 0.000141141 0.49573 0.00187738 0.00507061 0.00566291 2.11568e-05 0.0106261 0.0138984 0.0158487 0.0501899 1.3872e-08 
0.00161245 0.0153402 0.0033436 1.15437e-05 0.0689122 0.0048562 0.094861 0.0396659 0.00100969 0.000498016 0.00111267 3.54273e-07 0.000234638 7.12508e-05 0.105603 5.71811e-09 1.77756e-08 0.000422592 0.0352217 0.000133746 0.425522 0.000925916 0.00356792 0.0325434 0.000150786 0.0265738 0.00884497 0.104976 0.0239828 2.23829e-06 
0.0138442 0.0124107 0.00339769 0.00366565 0.0891289 0.0740478 0.0252044 0.0377253 0.0339719 0.0019986 0.0479233 0.00262375 0.00965437 0.00359538 0.0196916 0.000842948 0.00104919 0.00401294 0.0368889 0.000612754 0.161271 0.00417727 0.0143689 0.0422803 0.00201954 0.0225676 0.148283 0.0970656 0.0854949 0.000181341 
0.000144863 0.00926754 0.00254456 4.68559e-05 0.010966 0.029111 0.117933 0.0174875 0.00880814 5.83947e-07 0.00529894 1.34114e-08 0.000132486 0.000576057 0.0919686 1.24895e-06 8.84159e-07 0.000631918 0.0471515 0.000463074 0.379619 0.000500041 0.000668823 0.0481106 6.61948e-08 0.112985 0.0265056 0.0127461 0.0763299 7.5768e-07 
0.000724033 0.0123266 0.00220024 7.96952e-06 0.068529 0.0130078 0.0488385 0.133281 3.03038e-06 0.000941019 0.00114716 0.000641178 0.0112973 8.89246e-05 0.0594336 3.39511e-08 3.04718e-05 0.000108346 0.0391628 0.000988768 0.245564 0.00987395 0.0375372 0.023051 0.000439839 0.00558074 0.00368815 0.222424 0.0590825 2.558e-07 
0.000109892 2.76095e-08 0.138484 0.000621536 0.0467236 0.00386692 2.19913e-08 0.0625731 0.000274505 3.21532e-12 0.00198085 8.97316e-09 3.24905e-08 4.70972e-12 7.42511e-08 8.12918e-12 2.75584e-08 0.000853616 2.30624e-07 8.56124e-12 0.575032 6.551e-09 0.00203027 0.00215761 4.43397e-08 0.0900896 0.010059 0.0424299 0.0227124 6.20714e-12 
0.00686024 0.0145187 0.00456769 2.09926e-05 0.197027 0.0191434 0.0198328 0.0299705 0.0236812 0.0105901 0.00414025 3.53031e-05 0.00326045 0.000575444 0.00312952 2.06537e-07 0.000251932 0.00101617 0.0412325 7.93786e-05 0.244888 0.00324803 0.00455062 0.0361786 7.26454e-05 0.00829808 0.0527313 0.0515868 0.218511 1.12036e-06 
0.00124197 0.00194297 0.00224916 2.71507e-05 0.0288217 0.00342678 0.0080386 0.00718647 0.00294811 0.000896769 0.000452004 0.000608095 2.07757e-05 9.90323e-06 0.000113188 4.67598e-09 3.95831e-06 0.00116007 0.012281 1.64064e-05 0.832561 0.000108409 0.000111615 0.0266922 0.000106672 0.0193237 0.00840462 0.0350362 0.00621009 5.01639e-07 
0.000202746 0.00172394 0.0349222 1.98964e-06 0.00885838 0.000565253 0.0191793 0.0976751 1.61437e-06 0.000200129 5.14722e-06 0.000344136 0.000153303 3.85941e-06 0.0949192 1.60047e-07 2.6535e-08 0.00144576 0.00443739 0.000227709 0.525879 0.00120217 2.76833e-07 0.00384601 0.000389038 0.00088717 0.00168773 0.178318 0.0229234 3.84062e-09 
0.00710259 0.00926788 0.00235058 2.66225e-05 0.00725608 0.00170972 0.0106779 0.0137792 0.00794725 0.00357468 0.0002129 0.00187157 1.26875e-05 3.8979e-06 9.95278e-05 1.9916e-07 7.35872e-07 0.000630848 0.0236185 9.52312e-09 0.785166 0.000280219 0.000184022 0.000853104 9.25887e-06 0.0132067 0.0023927 0.0933465 0.0144184 1.17255e-07 
0.000155707 0.00513545 0.000472572 7.796e-05 0.0182749 0.048516 0.0607361 0.0193181 0.00688508 1.15762e-07 0.00883033 3.43089e-09 0.000220637 0.000957173 0.0197536 2.21087e-07 1.40784e-06 0.00105272 0.0530717 0.000771062 0.317978 0.000832829 0.00111415 0.0801808 1.69478e-08 0.1883 0.0441733 0.0212424 0.101946 1.22282e-06 
0.000109892 2.76095e-08 0.138484 0.000621536 0.0467236 0.00386692 2.19913e-08 0.0625731 0.000274505 3.21532e-12 0.00198085 8.97316e-09 3.24905e-08 4.70972e-12 7.42511e-08 8.12918e-12 2.75584e-08 0.000853616 2.30624e-07 8.56124e-12 0.575032 6.551e-09 0.00203027 0.00215761 4.43397e-08 0.0900896 0.010059 0.0424299 0.0227124 6.20714e-12 
0.0215469 0.00317566 1.99727e-08 4.73317e-06 0.00775564 0.0224316 0.0108304 0.0972859 0.00251359 0.000420425 0.0108566 0.00360705 0.00564636 0.000458618 0.000271866 1.17479e-10 4.36343e-05 0.000309103 0.00872034 1.23723e-10 0.196858 0.00238659 0.00104322 0.129614 3.02591e-08 0.000741539 0.177997 0.113271 0.182207 2.58911e-06 
0.000304813 0.0225535 0.00062621 0.000159194 0.0489328 0.0175352 0.0409476 0.00501987 0.00253252 0.0013234 0.0107127 6.79009e-05 0.00506188 0.000178945 0.00229461 5.06137e-08 0.000715957 0.000569969 0.00468468 0.00032176 0.363243 0.00614306 0.0231642 0.0877858 0.00368246 0.0273392 0.263329 0.0331794 0.0274984 9.16912e-05 
0.000198903 0.00519037 0.00506231 0.00313953 0.0394313 0.139506 0.035898 0.146333 0.00216488 0.000886992 0.0481386 0.00161457 0.00504225 5.11105e-05 0.0696842 3.09587e-08 0.00474076 0.000454614 0.00935701 4.97013e-08 0.349429 0.00135455 0.00334504 0.0143903 0.000168975 0.0023735 0.0149548 0.0597221 0.0373625 4.77654e-06 
0.00124197 0.00194297 0.00224916 2.71507e-05 0.0288217 0.00342678 0.0080386 0.00718647 0.00294811 0.000896769 0.000452004 0.000608095 2.07757e-05 9.90323e-06 0.000113188 4.67598e-09 3.95831e-06 0.00116007 0.012281 1.64064e-05 0.832561 0.000108409 0.000111615 0.0266922 0.000106672 0.0193237 0.00840462 0.0350362 0.00621009 5.01639e-07 
0.0036847 0.0176401 0.00194273 0.0309008 0.0176706 0.0410947 0.0867768 0.158861 0.000684867 0.00859679 0.0103524 4.19057e-05 0.0101806 7.38808e-05 0.00237728 5.93369e-05 0.000153276 0.0032887 0.00906256 0.122068 0.238461 0.0139355 0.00144975 0.0210332 0.00633786 0.148112 0.009426 0.0230797 0.0126457 9.21343e-06 
0.068856 0.115494 0.0574554 0.00320155 0.0630371 0.00318285 0.0276124 0.0645026 0.00277207 0.00187944 0.0017369 0.000546686 0.000371401 1.07463e-05 0.00145898 1.29523e-07 0.000718489 0.000813172 0.00553316 1.76702e-05 0.490998 0.00166327 0.00746906 0.0126712 0.000268773 0.0158911 0.00932378 0.0194745 0.0230395 4.93967e-07 
0.00549738 0.00400254 0.00128419 2.51479e-05 0.298984 0.000446442 0.00308778 0.0134143 8.25981e-05 0.000143143 0.000619958 2.48843e-05 7.51758e-05 8.77419e-09 1.89793e-05 1.78204e-12 5.79156e-09 2.92531e-05 0.00468926 2.10563e-09 0.587813 0.000107816 0.000291894 0.00833388 9.5634e-06 0.0094313 0.0134234 0.039008 0.0091561 6.25182e-07 
0.000193049 0.00293949 8.25526e-05 0.000267042 0.0112951 0.269562 0.0245859 0.0869066 0.00940234 0.00142625 0.0145107 0.000441308 0.0383306 0.000228917 0.0115409 6.22565e-05 6.64359e-05 0.000184805 0.0400939 0.000569802 0.318404 0.0166709 0.00850612 0.0216906 0.000795026 0.000149535 0.00457192 0.00837471 0.108147 2.32503e-08 
6.18281e-05 0.000110786 0.0888877 0.0301204 0.0441105 0.00325058 0.000475417 0.0671826 8.23813e-05 9.10215e-08 0.00338173 1.16734e-06 8.08641e-05 8.20653e-12 0.000530914 8.28313e-09 0.000913155 0.000264828 0.000412961 1.33264e-08 0.671181 1.0789e-06 0.00507837 0.00296175 3.88725e-05 0.0321372 0.007321 0.020641 0.0207721 2.66191e-08 
0.00998364 0.0160389 0.0029651 0.0129063 0.275747 0.00819083 0.0235886 0.0271073 0.0214272 0.00255138 0.0131605 0.00234416 0.020915 5.89405e-05 0.00196485 2.87245e-07 0.00266684 0.0035188 0.00432176 0.00259663 0.494286 0.00073529 0.00123366 0.0108743 0.000131403 0.0121628 0.00536873 0.0204161 0.00273668 1.84222e-06 
0.000170453 0.00402472 0.0043775 2.37038e-06 0.03889 0.00348313 0.00413198 0.0397703 0.0681409 5.77961e-08 0.00246783 1.98395e-05 2.55319e-07 5.15146e-05 0.000327701 1.88595e-07 0.000137293 0.000448043 0.0707596 0.000109559 0.54601 0.000390677 0.00529167 0.0672802 0.000167028 0.00104812 0.0860298 0.0489221 0.00729355 0.000253539 
4.41892e-05 0.000910896 5.69366e-05 2.32811e-06 0.0258987 0.0400425 0.00129174 0.00636502 0.0151688 1.89622e-07 0.000337024 6.43209e-06 0.00042325 2.05075e-07 0.000166746 5.63232e-11 2.69725e-08 0.000197104 0.00786921 5.88138e-08 0.58408 1.61512e-05 0.000101598 0.00257913 1.55605e-05 0.0788167 0.00154222 0.0379797 0.196088 4.08436e-08 
6.18281e-05 0.000110786 0.0888877 0.0301204 0.0441105 0.00325058 0.000475417 0.0671826 8.23813e-05 9.10215e-08 0.00338173 1.16734e-06 8.08641e-05 8.20653e-12 0.000530914 8.28313e-09 0.000913155 0.000264828 0.000412961 1.33264e-08 0.671181 1.0789e-06 0.00507837 0.00296175 3.88725e-05 0.0321372 0.007321 0.020641 0.0207721 2.66191e-08 
0.0129015 0.00712 0.000765969 0.000195033 0.0276031 0.00689764 0.0147258 0.067283 0.00598119 0.00157638 0.0169961 1.27988e-05 0.00159381 0.000124387 0.00249268 1.15884e-11 2.21579e-06 0.000562388 0.0145478 0.000354319 0.383486 0.0059818 0.0014753 0.228996 0.000119186 0.0317679 0.101687 0.0253131 0.0391618 0.000275638 
0.000767245 0.00503726 0.0135009 0.0129722 0.0109845 0.028333 0.0241581 0.168526 4.34413e-05 0.00056884 0.0132512 0.0458458 0.017413 9.47228e-05 0.0608419 6.63648e-06 0.0116297 0.163259 0.00886089 0.00717149 0.224606 0.0520357 0.00129081 0.0732106 0.000367711 0.00215343 0.00218624 0.0351981 0.015645 4.0352e-05 
0.0281936 0.00527953 0.00293383 1.6281e-05 0.0289157 0.000539191 0.0362064 0.112179 0.000358562 0.00112054 3.01168e-05 0.000469141 2.66595e-06 1.98678e-06 0.000900974 1.50702e-08 4.89431e-07 0.00189867 0.00535827 7.30128e-06 0.558578 0.000891442 0.00131995 0.00594496 7.3816e-05 0.00248387 0.031129 0.174663 0.000500974 3.02273e-06 
8.47776e-05 0.0155273 0.000415103 2.21805e-06 0.110508 0.0258473 0.0529712 0.0778458 1.4541e-05 0.0280942 0.00572352 0.000866601 0.013582 2.74293e-05 0.0193695 4.31894e-11 8.23909e-06 2.50412e-05 0.0061203 0.0014028 0.25711 0.000304563 0.0223893 0.0109159 7.65507e-06 0.00112212 0.019755 0.110679 0.219281 1.68287e-09 
0.0789469 0.0137083 0.0127428 0.00248449 0.00715775 0.0296532 0.0883743 0.0221321 0.0162751 0.000844979 0.00233065 0.0122963 8.37557e-05 0.000110463 0.000111113 3.72085e-08 0.000476587 0.0161505 0.108332 1.1833e-06 0.237787 0.00182877 4.79053e-08 0.102157 0.0192594 0.0571174 0.0186043 0.145921 0.00511222 6.8471e-09 
5.03364e-05 0.0224294 0.000829008 0.000114051 0.000586268 0.00166974 0.00742591 0.148294 0.0214667 4.70882e-05 0.00300786 0.00153863 0.000157651 0.000643982 6.31514e-11 2.34845e-10 1.86789e-07 0.00322901 0.00861179 2.47327e-10 0.682012 1.24766e-05 0.000813243 0.0680358 3.71042e-06 0.00513461 0.0137361 0.00447996 0.00564929 2.11543e-05 
0.00844795 0.008121 0.00312426 0.00387837 0.0800847 0.0199552 0.0282499 0.0181215 0.00617857 0.000723989 0.0154292 0.00115606 0.00180712 2.57029e-05 0.0108907 1.66795e-09 0.00682941 0.00737791 0.0201946 7.58289e-09 0.359977 0.000475146 0.000341082 0.0103782 0.00148427 0.313142 0.0077578 0.0423608 0.0234765 1.07986e-05 
1.38468e-07 0.000219586 4.53396e-07 0.000130052 2.36328e-07 0.00076582 0.000189229 0.0022199 3.85168e-07 0.000575563 0.00233254 7.38193e-07 0.00411123 0.257513 0.00673837 1.28337e-06 0.000404016 4.88373e-07 0.000749649 0.00164863 0.709926 0.00960877 4.23657e-07 0.000852802 0.000445483 3.96137e-07 1.80687e-07 0.000368335 0.00119564 9.79934e-07 
0.00596301 0.00961564 0.00156024 2.98069e-05 0.0217196 0.00547213 0.0128316 0.0428295 0.00340229 0.00359023 0.00193457 0.00155693 5.74054e-05 7.49821e-05 0.000365634 1.95571e-07 2.70905e-06 0.000578784 0.0304347 2.25244e-05 0.663524 0.00101246 0.00119749 0.00521286 0.000125089 0.00949072 0.00399348 0.124018 0.0493831 1.47345e-07 
0.000137571 0.00914851 0.00260746 0.0795368 0.138426 0.0150315 0.0676104 0.0499739 0.000652264 0.00311989 0.00883193 0.0143032 0.0366316 0.000172716 0.00910104 1.02031e-06 8.0339e-05 0.0164959 0.00394802 0.136968 0.253914 0.0039899 0.104501 0.0102875 0.000190387 0.000772443 0.00505477 0.00845876 0.0199977 5.4481e-05 
0.101628 0.0205393 0.00604646 4.25116e-05 0.170181 0.00260527 0.0796272 0.0423747 0.000543593 0.0159885 0.00381173 0.00139725 0.000229376 1.27758e-05 0.00264092 2.04322e-09 1.9334e-05 0.000938492 0.016542 1.25517e-07 0.303208 0.000977397 0.000276793 0.0263597 0.000129781 0.0276674 0.00977757 0.157396 0.00903781 6.97749e-07 
0.00123191 0.00816518 0.00356963 1.53998e-06 0.00667525 0.0355715 0.138703 0.0783929 0.0142574 0.0189859 0.0415486 0.00471081 0.00715288 7.86051e-09 0.0155023 1.35676e-08 2.30405e-05 0.00375999 0.0116265 4.05198e-06 0.246848 0.0147417 0.00015775 0.104217 4.30698e-07 0.0104434 0.00704069 0.206216 0.0204491 3.60289e-06 
0.00816965 0.0465907 0.0040229 0.000107033 0.0265183 0.0185364 0.0289343 0.0448772 0.0649628 0.01144 0.0278848 0.000694559 0.00116411 0.000765448 0.00898974 0.00151077 0.000116586 0.000711593 0.141905 8.62357e-05 0.279454 0.00112801 0.0275342 0.0574273 0.000175374 0.0049013 0.0712618 0.0630701 0.0570441 1.57945e-05 
0.00779126 0.00490803 0.0096658 7.43427e-05 0.0503025 0.00805563 0.00450711 0.0442728 0.00199553 0.00265763 0.096817 0.000242534 0.00465464 0.000241036 0.00565364 4.67975e-09 3.15167e-05 0.00448109 0.0706043 0.0007434 0.37124 0.00319051 0.00110345 0.0191816 5.89273e-05 0.0067507 0.0079509 0.217597 0.0552245 2.23416e-06 
0.034658 0.0114144 0.00282775 6.73431e-06 0.0212162 0.0109052 0.0645507 0.00772728 0.000838339 0.00219716 8.23674e-05 8.22537e-05 6.53554e-05 0.0011135 0.00492417 1.41409e-08 5.36006e-08 2.77608e-06 0.0687714 1.52025e-06 0.458734 0.000356286 2.30133e-05 0.0593596 1.80997e-05 0.00392745 0.0159187 0.0925015 0.137775 7.31213e-07 
0.00733768 0.0518377 0.0108785 0.000121492 0.108113 0.0392286 0.0216691 0.0889762 0.0188321 0.00235095 0.0261625 0.00261036 0.00316301 0.00380341 0.00737414 0.00265511 2.83269e-05 0.0146295 0.0578321 3.92292e-05 0.190908 0.0108853 0.0108405 0.0594296 0.000522696 0.0141491 0.0338645 0.094565 0.117192 4.52373e-07 
0.00866301 0.00742657 0.00227806 1.92256e-05 0.0107283 0.00334203 0.0539295 0.0340621 0.012848 0.000946756 0.0174219 0.00677277 0.000403514 0.000911081 0.00161008 8.63155e-07 7.04253e-06 0.000161103 0.0866653 1.86259e-09 0.390585 0.00767836 0.0147347 0.0491832 8.12612e-07 1.31273e-05 0.0048486 0.24436 0.040294 0.000105388 
0.00315008 0.00154844 0.000917889 4.00903e-09 0.0087326 0.00896645 0.0158333 0.014698 0.000476847 0.000701872 5.0464e-06 0.00232362 0.000501778 9.96804e-09 0.00101261 1.26133e-08 1.43448e-06 0.000218246 0.029498 0.00024242 0.544324 8.37095e-05 0.00178636 0.00346408 1.66652e-05 0.00336869 0.0207494 0.218314 0.119065 6.29385e-08 
0.000937848 0.001717 0.000558848 4.129e-05 0.106176 0.00219825 0.000582575 0.0124274 0.164631 6.38386e-05 0.000558782 1.21441e-05 7.42376e-05 0.000430749 5.96034e-05 9.72348e-12 6.51641e-06 0.00100689 0.0351408 8.81968e-10 0.407474 0.00045621 0.00100569 0.17972 0.000179246 0.0455532 0.00835761 0.0195022 0.0111223 6.20282e-06 
0.000519592 0.00334598 0.00235356 0.000918608 0.0233793 0.00424358 0.00609075 0.105947 0.00801012 0.000520611 0.000534352 0.0883807 0.000177682 5.16746e-05 0.000625629 0.000150312 1.76543e-06 0.000167999 0.0400909 0.00134232 0.601191 0.000167602 0.00017405 0.0250055 0.000297841 0.0137194 0.00425188 0.0581565 0.0101391 4.49405e-05 
0.0161277 0.0163992 0.00347336 0.000156511 0.0135789 0.0248832 0.0558508 0.0610712 0.00317557 0.00247055 0.0205392 1.24423e-06 0.00261647 0.00184119 0.0352221 3.22986e-10 0.00119846 0.00279892 0.0305808 0.000142891 0.294086 0.0121666 0.00481992 0.0520213 0.000501757 0.0124694 0.106538 0.0473458 0.177867 5.58395e-05 
0.0228368 0.00642283 0.00208379 0.013194 0.195081 0.00780461 0.0160927 0.0159513 0.0457971 0.00239675 0.0184505 0.00241715 0.00256445 0.000210609 0.00525418 1.21749e-05 0.00112845 0.00518383 0.0858664 5.54644e-05 0.235701 0.0118386 0.00441732 0.0859273 0.000173925 0.00174713 0.0134612 0.164252 0.0336183 6.04189e-05 
0.000239314 0.00265498 0.000737912 2.13032e-05 0.124715 0.00923064 0.0194379 0.0047258 0.00249266 0.000269955 0.000511235 0.000385817 7.97032e-06 0.000667161 0.00903633 3.5925e-11 1.75993e-08 0.000112108 0.0290805 5.64142e-06 0.456998 1.07601e-05 0.000707015 0.0128708 5.71557e-05 0.0931873 0.00523456 0.0407356 0.185866 2.07178e-07 
0.00124557 0.00308618 0.00321205 0.00119639 0.076383 0.0332093 0.0314704 0.0138039 0.00339011 0.00156843 0.0520774 0.000500579 0.00699418 1.8692e-05 0.00177027 7.32703e-09 2.57493e-06 0.00319429 0.0526456 7.00172e-06 0.367472 0.000306114 0.0014738 0.0112567 5.43703e-06 0.00668697 0.0235379 0.269664 0.0338068 1.41112e-05 
0.0111492 0.00807402 0.00203953 0.0155721 0.189996 0.0159564 0.0270266 0.0240533 0.0251699 0.00331127 0.0428362 0.000233629 0.00215761 0.000203299 0.00428155 2.00107e-06 0.0019693 0.00163165 0.0557042 4.8766e-05 0.29124 0.0010854 0.0233766 0.0522478 0.000992252 0.0261995 0.0307958 0.0813971 0.0612352 1.41272e-05 
0.0197571 0.00919868 0.00354585 8.68134e-05 0.0396388 0.00190986 0.0117039 0.0383437 0.00393193 0.000522775 0.000172101 0.0489993 3.92126e-05 7.44779e-06 0.000114726 1.22295e-07 6.71331e-06 0.000198479 0.00978345 2.18612e-07 0.637773 0.000745762 0.000399454 0.0632657 1.57724e-05 0.00266025 0.00915055 0.0867324 0.011269 2.70926e-05 
0.0250628 0.0196174 0.00254101 0.000660597 0.018486 0.0132245 0.0268948 0.0519439 0.0650521 0.00114399 0.00539466 0.00290706 0.000683103 0.000159981 0.00136671 5.53402e-05 0.000884019 0.00291694 0.083698 0.000140909 0.504168 0.000677487 0.000453754 0.0415402 0.000186967 0.0238236 0.00531988 0.0849852 0.0160107 7.49531e-08 
0.0215752 0.0262353 0.00930846 0.00188807 0.0518238 0.0265499 0.122907 0.00928696 0.00457326 0.00167439 0.0107439 0.0317803 0.000224536 2.21559e-05 0.000439605 2.79596e-07 9.60786e-05 0.00247186 0.021146 2.41706e-07 0.282047 0.000356483 3.5537e-06 0.0348989 0.00116974 0.00905935 0.00690732 0.198056 0.124754 3.26332e-08 
0.00109852 4.98785e-07 0.00447383 1.67297e-06 0.011363 0.00630099 0.0307788 0.0690882 0.00297258 3.31233e-05 0.000121977 5.36432e-10 0.00902023 5.40312e-10 4.89322e-05 9.32602e-10 7.57766e-10 3.54892e-10 0.0478793 9.82169e-10 0.450744 0.00290903 0.358747 7.74896e-06 0.000589666 2.87865e-10 1.31302e-10 0.00369642 0.000124689 7.121e-10 
7.34472e-08 3.3844e-07 3.30774e-07 3.57037e-12 8.88821e-07 0.00167722 2.81918e-07 0.0722125 1.34017e-06 2.62279e-07 1.25896e-07 1.26714e-11 4.14609e-08 1.2763e-11 0.00272718 2.20296e-11 4.83471e-08 7.29414e-08 0.0184181 2.32004e-11 0.799637 5.32476e-12 3.31622e-07 0.00302609 4.4135e-08 5.07956e-07 0.0259761 0.00480051 0.0715206 1.6821e-11 
0.134168 0.0290132 0.0364945 2.40641e-05 0.0247987 0.00287559 0.0869555 0.111576 0.014184 0.0174597 0.00563428 3.93338e-07 0.000672013 0.000196973 0.00279458 1.02578e-07 0.0462235 6.5163e-06 0.0615424 6.5862e-08 0.227313 5.22534e-05 0.00322841 0.0398185 4.35789e-05 0.0121269 0.101122 0.0107972 0.0301539 0.000724072 
0.00034652 0.000649482 0.0371001 3.41814e-05 0.0491196 0.0177518 0.00187031 0.0187069 0.00033774 4.51757e-08 0.00627349 0.000145749 0.000971683 8.73319e-05 0.00610242 5.02711e-05 0.000917334 0.00104787 0.0435883 7.13633e-09 0.647858 0.000130616 0.000955163 0.00581361 0.000190244 0.014714 0.00389408 0.108213 0.0331299 7.11107e-10 
0.0132153 0.0070169 0.00210767 0.000688113 0.0386917 0.0960346 0.0377466 0.0362503 0.0403579 0.000474296 0.018218 0.00363132 0.0035922 0.00194698 0.0607023 4.97149e-07 1.33448e-05 0.00230532 0.0320192 0.000360699 0.203998 0.000798847 0.00368051 0.0465825 0.000182074 0.0295051 0.157049 0.0967686 0.0660603 1.56007e-06 
0.003151 0.0132234 0.000918467 6.87252e-06 0.00412259 0.00124767 0.0053724 0.0158749 0.00403921 0.00550648 7.54782e-05 0.000632878 2.55641e-06 3.18316e-06 4.02475e-05 2.84141e-08 1.11624e-08 0.00075929 0.0208279 5.54269e-09 0.807439 0.000568502 9.26016e-05 0.000628323 2.93927e-08 0.000740646 0.000153255 0.1069 0.00767246 6.88726e-08 
0.00124197 0.00194297 0.00224916 2.71507e-05 0.0288217 0.00342678 0.0080386 0.00718647 0.00294811 0.000896769 0.000452004 0.000608095 2.07757e-05 9.90323e-06 0.000113188 4.67598e-09 3.95831e-06 0.00116007 0.012281 1.64064e-05 0.832561 0.000108409 0.000111615 0.0266922 0.000106672 0.0193237 0.00840462 0.0350362 0.00621009 5.01639e-07 
0.0306334 0.118419 0.0852749 0.000142517 0.0279945 0.00758324 0.0976885 0.0760237 0.023387 0.0022996 0.0104461 9.5113e-06 0.000482008 3.03242e-10 0.0187918 5.23409e-10 0.000123677 0.00508905 0.108326 4.34127e-07 0.149202 0.000777817 0.00146171 0.0487513 9.66742e-05 0.00121106 0.0966544 0.0443931 0.00709028 0.0376461 
0.0337875 0.00629549 0.00216762 0.00592156 0.0648244 0.0117171 0.0310425 0.0254119 0.00951695 0.00118756 0.0218463 0.00264152 0.00295098 0.00200498 0.00239098 5.9734e-07 0.000346164 0.0046032 0.0643548 5.94597e-05 0.37252 0.00280224 0.00232583 0.0260685 0.000334838 0.105087 0.0273986 0.108714 0.0616128 6.43485e-05 
0.0126639 0.00518574 0.00239082 0.000175653 0.157696 0.00366135 0.0294694 0.0614268 0.00856135 0.00338633 0.00100934 0.0167603 9.80283e-05 1.66282e-05 0.00385556 9.93154e-08 3.57156e-05 0.00129751 0.0314463 0.00112426 0.420394 0.0137012 0.000500678 0.0383394 0.000114463 0.028196 0.0200356 0.111002 0.0272892 0.000166 
0.000475417 0.0100997 0.00883159 1.19271e-05 0.0289061 0.0527069 0.00216108 0.0262631 0.186469 0.004438 0.00702393 0.000101928 0.000526883 0.000220445 0.000399528 5.88734e-09 3.61644e-05 0.00105697 0.0245357 6.60921e-06 0.31757 0.00329102 0.000412183 0.0685295 0.000434918 0.00147045 0.0344948 0.178831 0.0406913 3.01282e-06 
0.00178077 0.00327069 0.000790904 8.72064e-05 0.129657 0.175197 0.00920359 0.00482261 0.00118483 0.00106733 0.0182406 3.14042e-05 0.0131105 0.000947786 0.0214165 0.000162319 8.01318e-05 0.00682557 0.0167633 0.000418341 0.300602 0.000777465 0.0483056 0.0500591 1.91897e-05 0.00415415 0.011245 0.124853 0.0549259 7.01858e-07 
6.18281e-05 0.000110786 0.0888877 0.0301204 0.0441105 0.00325058 0.000475417 0.0671826 8.23813e-05 9.10215e-08 0.00338173 1.16734e-06 8.08641e-05 8.20653e-12 0.000530914 8.28313e-09 0.000913155 0.000264828 0.000412961 1.33264e-08 0.671181 1.0789e-06 0.00507837 0.00296175 3.88725e-05 0.0321372 0.007321 0.020641 0.0207721 2.66191e-08 
0.00105728 0.00172041 0.00176168 1.45534e-05 0.0212081 0.00336103 0.00642893 0.0168598 0.00872843 0.000762749 0.000382165 0.000325908 7.52494e-05 5.31439e-06 0.000769729 4.64266e-09 3.94975e-06 0.000728796 0.0169482 8.96146e-06 0.816209 5.80967e-05 0.000173182 0.0189983 6.8358e-05 0.0133978 0.0134022 0.0377694 0.0187722 2.70853e-07 
0.0755987 0.0375756 0.0464624 1.00055e-05 0.0710469 7.53848e-05 0.0294655 0.00376619 0.000526735 0.0126312 0.00249264 0.0484106 1.7094e-08 7.47241e-12 1.20787e-07 5.15889e-06 3.98316e-07 0.00027952 0.171725 7.5752e-05 0.438061 0.021803 0.00352143 0.0124561 2.39184e-08 2.74233e-08 0.00946725 0.0145433 2.73484e-07 9.32155e-08 
0.00332614 0.00666511 0.0116797 4.26632e-06 0.046857 0.00281864 0.0151262 0.0230592 0.010069 0.00209531 0.00108071 0.000662 0.000166432 1.45653e-05 9.2672e-05 3.8916e-09 9.19311e-06 0.000701505 0.0216455 2.87355e-06 0.646656 0.000572564 0.00145396 0.011129 6.40973e-05 0.00398072 0.022246 0.166393 0.00139557 3.27073e-05 
0.04838 0.0165107 0.00431605 0.000952537 0.180767 0.0158756 0.018159 0.0257597 0.0170114 0.00129218 0.00853544 0.00480021 0.000978591 0.000509001 0.000692758 4.19673e-08 0.000410333 0.00721447 0.0957081 0.00255334 0.337298 0.00122729 0.00115169 0.083964 0.0110651 0.0224612 0.0202824 0.0613549 0.0107678 2.18973e-06 
4.41329e-05 0.00065452 0.00051288 2.27726e-08 0.0185532 0.00022374 0.000808813 0.00279253 6.19245e-05 8.97343e-08 4.6676e-05 2.64517e-05 0.0032747 3.89063e-08 4.99479e-05 2.33273e-11 1.40142e-08 0.000149586 0.0100825 2.45671e-11 0.820684 2.0993e-08 0.000127247 0.000752391 2.25314e-08 0.0756028 0.000587166 0.0411182 0.0238449 1.217e-06 
0.00138808 0.000333556 0.000247658 0.0105375 0.0378085 0.0450449 0.0125715 0.0157048 0.0370495 0.00034979 0.00726943 0.000133139 0.00327578 0.000342677 0.00531152 0.000249796 0.000729349 0.00563199 0.0413748 0.000133168 0.304041 0.000418429 0.0152482 0.115464 0.000342891 0.0590794 0.0246061 0.146311 0.109 1.15662e-06 
6.18281e-05 0.000110786 0.0888877 0.0301204 0.0441105 0.00325058 0.000475417 0.0671826 8.23813e-05 9.10215e-08 0.00338173 1.16734e-06 8.08641e-05 8.20653e-12 0.000530914 8.28313e-09 0.000913155 0.000264828 0.000412961 1.33264e-08 0.671181 1.0789e-06 0.00507837 0.00296175 3.88725e-05 0.0321372 0.007321 0.020641 0.0207721 2.66191e-08 
0.0413383 0.0214464 0.00638533 1.09241e-05 0.0168533 0.0235857 0.0866157 0.0131754 0.0352036 0.00431147 0.00908374 0.00103571 0.00106111 0.000977802 0.0338891 4.44298e-05 0.000179225 0.00042754 0.0584581 1.09638e-06 0.353991 0.000851815 0.00141339 0.0580625 4.79479e-05 0.016183 0.0526858 0.126743 0.0359354 2.34433e-06 
0.000114561 0.00421353 0.00198804 0.000183712 0.150068 0.0456249 0.0490032 0.0365387 8.40951e-07 0.00016533 0.00571296 1.38476e-06 0.0001847 2.78989e-08 0.00918181 6.88961e-05 0.00058596 0.000277386 0.0267811 4.32261e-05 0.49046 0.00502945 0.0075904 0.00839389 0.000127433 0.00409415 0.0834305 0.0216274 0.0485089 4.9074e-07 
0.00105728 0.00172041 0.00176168 1.45534e-05 0.0212081 0.00336103 0.00642893 0.0168598 0.00872843 0.000762749 0.000382165 0.000325908 7.52494e-05 5.31439e-06 0.000769729 4.64266e-09 3.94975e-06 0.000728796 0.0169482 8.96146e-06 0.816209 5.80967e-05 0.000173182 0.0189983 6.8358e-05 0.0133978 0.0134022 0.0377694 0.0187722 2.70853e-07 
0.00660152 0.0157617 0.0129809 0.00313336 0.0161239 0.0137467 0.0219788 0.0441413 0.0111678 0.00103704 0.00930221 2.4835e-05 0.0760029 0.0027007 0.00388544 3.99246e-05 2.3437e-05 0.000207768 0.00949139 0.00090283 0.574949 0.00386992 0.00404996 0.0559126 0.000111913 0.00731833 0.0462273 0.012757 0.0454271 0.000121961 
0.0310306 0.00791687 0.00439795 2.4281e-05 0.0433667 0.000808199 0.0131937 0.0160723 0.000536887 0.00167899 4.49775e-05 0.000702146 3.90376e-06 2.88648e-06 1.1532e-08 2.77796e-09 6.74833e-07 0.000217668 0.00803559 5.35147e-10 0.837845 1.76555e-05 6.9544e-05 0.000369594 2.35842e-05 0.00372235 0.00733656 0.0218258 0.000750886 4.39087e-06 
0.00124197 0.00194297 0.00224916 2.71507e-05 0.0288217 0.00342678 0.0080386 0.00718647 0.00294811 0.000896769 0.000452004 0.000608095 2.07757e-05 9.90323e-06 0.000113188 4.67598e-09 3.95831e-06 0.00116007 0.012281 1.64064e-05 0.832561 0.000108409 0.000111615 0.0266922 0.000106672 0.0193237 0.00840462 0.0350362 0.00621009 5.01639e-07 
0.00364816 0.00167327 0.00134923 0.00517891 0.0935304 0.00466801 0.0166011 0.0791128 0.00752924 0.00223229 0.00346651 0.00445285 0.000559409 5.48574e-05 0.00443511 5.398e-09 0.00111192 0.000867131 0.00504844 3.52386e-06 0.635292 0.000354141 0.000776648 0.0324927 3.90541e-05 5.11479e-05 0.000649846 0.0589243 0.0358742 2.26834e-05 
0.0116837 0.00913686 0.000862542 2.52041e-05 0.0447406 0.00919055 0.0116578 0.0511016 0.00845166 0.000915341 0.00823137 6.79555e-05 0.000974635 7.30568e-06 0.00165337 3.71071e-11 5.35771e-05 5.99808e-05 0.198053 6.23616e-07 0.328307 0.00208901 0.0208285 0.00984017 0.00549271 0.0236997 0.130975 0.0963479 0.0255516 8.50911e-07 
0.0453597 0.0225456 0.027878 6.02226e-06 0.0789201 0.0019594 0.0176795 0.0207296 0.00119461 0.00834263 0.00149566 0.0290478 0.000202812 1.23735e-11 0.000833192 3.12761e-06 2.47518e-07 0.000167753 0.130509 4.54916e-05 0.533309 0.0154187 0.00477845 0.00747382 2.3037e-08 2.7909e-08 0.011956 0.0323009 0.00784266 8.97717e-08 
0.00866301 0.00742657 0.00227806 1.92256e-05 0.0107283 0.00334203 0.0539295 0.0340621 0.012848 0.000946756 0.0174219 0.00677277 0.000403514 0.000911081 0.00161008 8.63155e-07 7.04253e-06 0.000161103 0.0866653 1.86259e-09 0.390585 0.00767836 0.0147347 0.0491832 8.12612e-07 1.31273e-05 0.0048486 0.24436 0.040294 0.000105388 
0.000202746 0.00172394 0.0349222 1.98964e-06 0.00885838 0.000565253 0.0191793 0.0976751 1.61437e-06 0.000200129 5.14722e-06 0.000344136 0.000153303 3.85941e-06 0.0949192 1.60047e-07 2.6535e-08 0.00144576 0.00443739 0.000227709 0.525879 0.00120217 2.76833e-07 0.00384601 0.000389038 0.00088717 0.00168773 0.178318 0.0229234 3.84062e-09 
0.02131 0.00616446 0.00479125 0.000568524 0.0693943 0.0308109 0.0211344 0.022191 0.0307326 0.000835287 0.0100222 0.0015023 0.0016581 0.00046991 0.00120102 1.36174e-06 7.51718e-05 0.000529795 0.068376 1.71619e-05 0.48066 0.00062961 0.0168243 0.0239093 4.12187e-05 0.0159872 0.0635126 0.0386344 0.0680091 7.15293e-06 
0.00966122 0.0875544 0.000879342 0.000246749 0.00149838 0.0487818 0.0765114 0.0776007 0.133397 0.00255781 0.0345476 0.000538357 0.0196112 0.0218012 0.0144513 1.4943e-08 6.41792e-06 0.000369871 0.00809319 0.000368819 0.171913 0.0062861 0.0350792 0.1224 7.73345e-05 0.0134675 0.0511111 0.0398431 0.0211768 0.000168795 
2.29692e-05 0.0218777 0.0189076 0.00112424 0.116274 0.00148081 0.0317843 0.052396 2.0609e-05 0.00306942 0.0101332 3.11775e-05 0.00555605 1.24875e-05 0.055346 5.8865e-07 7.07656e-06 0.000697319 0.0316072 0.000157832 0.484298 0.00273192 0.00413531 0.00709963 6.15956e-05 0.0027057 0.00234101 0.106998 0.039098 2.41159e-05 
0.000886104 0.0058582 0.000503604 0.0119812 0.0265615 0.158162 0.0188965 0.0416755 0.0124457 0.00441781 0.0471344 0.00023674 0.0133091 0.000285094 0.00322824 1.31857e-06 0.000137817 0.023284 0.0408466 5.69214e-05 0.232286 0.0125785 0.0202583 0.0178555 0.000265234 0.0825578 0.0455495 0.101999 0.0766848 5.70042e-05 
0.0317877 0.0163965 0.00176626 0.000927028 0.0599455 0.0411798 0.0524325 0.0448134 0.0177521 0.00383631 0.0390577 0.00276157 0.0552567 0.00412152 0.00598046 2.6321e-05 0.000457848 0.00962222 0.0851305 0.00103628 0.177613 0.0175907 0.0197014 0.0568827 0.00439237 0.0320203 0.0517924 0.122385 0.0431909 0.000143436 
