1.53597e-06 0.00407725 0.00121139 0.000649567 1.61931e-06 0.000206384 0.0564865 0.058863 2.85406e-12 0.0663502 3.49328e-07 0.233254 2.13043e-12 5.50951e-12 0.0048986 9.50966e-12 7.72687e-12 0.00101798 1.06397e-06 0.00113683 7.19199e-07 0.523153 5.39986e-08 3.95514e-07 6.68833e-08 8.22185e-09 1.11262e-07 0.0427992 0.00589031 2.60685e-07 
0.00562709 0.000975865 1.0026e-10 9.03685e-07 1.39175e-06 0.00180865 0.0131045 0.035069 1.3686e-07 0.0170769 0.00736517 0.163939 4.72257e-07 1.64418e-10 0.0106518 2.83792e-10 2.14305e-07 0.0350704 4.38981e-11 0.000821341 0.000964828 0.676404 0.000302433 0.000797117 0.0112649 2.68238e-07 0.00467376 0.014078 5.46002e-07 1.19639e-06 
0.000653536 0.00429232 0.00241928 0.000952148 2.49012e-08 0.000589037 0.0434029 0.121973 5.24904e-07 0.0231703 0.00235918 0.00559812 4.34405e-07 1.31248e-06 0.00102086 9.84184e-11 1.89225e-05 0.00180344 5.24398e-07 0.00238004 0.00837854 0.670554 6.4877e-08 0.0978401 6.34149e-08 0.000285634 9.82685e-07 0.0111272 0.000853652 0.000323436 
8.76614e-07 1.45988e-06 2.87036e-06 1.3168e-06 1.49615e-06 1.07277e-06 5.83144e-07 0.00237014 2.43843e-06 3.21357e-06 1.04574e-06 4.67336e-06 0.000911909 4.70717e-06 2.18481e-06 8.12478e-06 6.60162e-06 3.0918e-06 1.25677e-06 8.55661e-06 8.72939e-07 0.991942 2.68209e-06 1.01446e-06 0.00470497 2.50787e-06 1.1439e-06 5.19382e-07 8.74933e-07 6.20378e-06 
7.89163e-05 0.000822495 7.16401e-05 0.00134424 0.0265635 0.0135996 0.00245252 0.0129859 0.00023011 0.00122446 0.102537 0.0016566 0.178441 0.000960322 0.000443 6.36852e-08 0.000192128 0.0417477 0.0413278 0.00136328 0.00126725 0.478105 0.000682465 0.0597889 0.0125464 0.00143443 0.00532268 0.0117326 0.00107369 3.87283e-06 
9.85558e-07 0.0013592 0.000403902 0.000216577 0.00549291 6.88191e-05 0.0240041 0.0279757 6.43034e-12 0.0221174 2.24148e-07 0.0847366 4.79996e-12 1.24132e-11 0.00163303 2.14258e-11 1.74091e-11 0.000873193 0.00160809 0.00290335 4.61475e-07 0.806166 3.46532e-08 0.00403663 4.29224e-08 5.96391e-05 7.13932e-08 0.0142668 0.00196369 0.000112706 
8.2058e-05 0.00149662 1.17443e-07 9.62831e-06 0.000197801 0.00737457 0.0254334 0.0516236 0.0231329 3.2273e-05 0.0223411 0.000373751 0.0104253 9.63281e-06 0.000762188 3.32432e-07 0.000217375 4.62259e-06 0.00728085 3.501e-07 0.00495651 0.65902 0.000385034 0.171714 0.000160248 0.00160993 0.00132703 0.00703186 0.0029954 1.80038e-06 
2.66918e-06 0.0152147 0.0117409 0.00587419 2.66875e-06 2.66904e-06 0.0469838 0.164682 2.66808e-06 2.66754e-06 0.0485794 0.00560234 2.66851e-06 2.66648e-06 0.0184137 2.66408e-06 2.66516e-06 0.0352152 0.0293607 0.00746123 2.66918e-06 0.487791 2.66791e-06 0.114239 2.66726e-06 2.66805e-06 2.66899e-06 2.66943e-06 2.66918e-06 0.0087986 
0.00455741 0.0265524 0.00695101 0.000264004 0.00326501 0.0167978 0.0448807 0.100393 0.00291446 0.00487002 0.034819 4.26153e-05 0.0344776 0.00168525 0.00209932 8.91319e-10 0.000155482 0.0022636 0.00449772 0.00182363 0.00331054 0.488051 0.00220105 0.0429913 0.00578652 0.000633308 0.0150166 0.113347 0.0353478 5.10473e-06 
0.00205992 0.00409421 0.00013446 1.6785e-06 0.00128422 0.0445683 0.0220755 0.0555134 0.00107059 0.00374015 0.00422536 1.7958e-06 0.00833582 0.00425242 0.0165163 3.16967e-07 3.63731e-06 0.0119234 0.0234787 3.1865e-06 0.0428231 0.371432 5.46863e-06 0.214695 4.70129e-07 0.00016322 0.145189 0.0171137 0.00529304 1.65262e-06 
0.00134098 0.079336 0.000640778 0.00055507 0.00412678 0.0256049 0.0407557 0.0939989 0.00042636 0.00453581 0.0374669 0.000106182 0.0349115 0.00939334 0.00666019 3.54947e-08 6.63108e-05 0.00771794 0.0128475 0.00503272 0.0265401 0.449487 0.000329616 0.090105 0.00142578 0.00869025 0.00348588 0.0463019 0.00809039 2.00278e-05 
0.000560203 0.0261572 3.95649e-05 0.00036453 0.00532582 0.0149122 0.0144118 0.0428315 0.000547436 0.00140633 0.0288624 0.000172559 0.0540153 0.000129135 0.00642702 2.20639e-07 1.46975e-06 3.80875e-05 0.014714 0.010651 0.0155881 0.673504 0.00126917 0.00161003 0.0113034 0.0100937 0.0172484 0.0351506 0.0124193 0.000245606 
0.000654759 0.000155382 0.000349777 0.000915262 0.00122717 0.000236035 0.00334703 0.000889545 0.00350161 2.38871e-05 0.000437127 2.76888e-05 0.00210853 0.000933824 1.64188e-05 4.97956e-07 0.0103868 0.000594266 0.000153435 0.00882894 0.0035872 0.492484 3.99425e-06 0.355072 0.0110077 0.0941193 0.000176381 0.00861791 0.000138105 4.92624e-06 
0.0794753 0.0119941 0.00295638 0.000378735 0.00438135 0.0190216 0.101487 0.034118 0.000305727 0.0128946 0.0149906 0.017138 0.0237631 0.000160521 0.0042111 2.30082e-09 0.000855549 0.000664547 0.0386321 0.0158092 0.0260953 0.332262 0.000760031 0.0792883 1.22271e-05 1.94284e-06 0.000315015 0.140963 0.0370423 2.32339e-05 
0.00264265 0.000118367 0.00343576 3.09321e-05 0.00235301 0.0238122 0.0554363 0.0110828 0.00849214 0.0162547 0.0198647 8.05141e-05 0.0101522 0.0329842 3.46549e-05 4.91155e-07 0.000529369 0.000259239 0.00114514 0.000156417 0.00289282 0.708249 0.0230451 0.0630779 2.32243e-05 0.000112144 0.00831368 0.00462144 0.000716694 8.25733e-05 
0.0698125 0.026501 0.0328039 0.000291129 0.0338799 0.00106629 0.0643433 0.21087 4.12615e-05 0.00678103 0.00229299 1.93355e-05 0.000351185 9.36076e-05 0.00321273 9.12357e-10 4.84883e-06 0.0101383 0.00413899 9.60848e-10 0.212092 0.221097 1.50867e-06 0.0480446 1.85746e-05 0.0348505 0.000425488 0.0166155 0.000212167 7.78206e-08 
9.43498e-08 1.57103e-06 1.32045e-06 0.00114989 2.72874e-06 0.0445237 4.45056e-06 4.0541e-05 2.46364e-06 0.0144621 0.246035 0.000389434 0.00190961 4.61506e-06 0.00818854 4.40705e-08 0.0038937 0.0162962 0.00224495 3.76144e-05 0.000880279 0.33342 8.1611e-05 0.0810373 0.000786157 8.26421e-06 0.224012 0.0166419 0.00392736 1.68363e-05 
0.0317619 0.00269088 0.00756888 0.0589219 0.00179236 0.109571 0.111721 0.0345501 5.08247e-05 0.0389301 0.0235638 0.0206225 0.00165634 2.4631e-05 0.0139517 1.89228e-09 0.00048298 0.0748237 0.0100832 0.0198014 0.00341974 0.2615 0.00227659 0.00932711 0.05391 0.0101552 0.000998452 0.0844126 0.0113929 3.86164e-05 
1.42502e-06 0.00343698 0.000111891 0.000303527 0.00407615 0.00549338 0.105011 0.0340591 2.83444e-07 0.00112372 0.0106336 0.0100837 0.00316051 1.43988e-06 0.00268221 0.00050672 0.000348095 0.000133309 0.0140114 3.76211e-06 0.0312437 0.357583 0.00540756 0.0167667 0.000501425 2.91516e-07 0.0025426 0.326476 0.0642964 7.21131e-07 
0.00981133 0.0042727 0.000320636 6.75181e-05 0.00248056 0.00745901 0.0374692 0.0346299 0.000239004 0.0132124 0.00890069 6.8701e-05 0.0221173 0.000310994 0.00236155 5.23388e-07 0.000184396 0.000375457 7.02708e-05 0.0265497 0.00346193 0.774793 0.000190765 0.0141634 0.00764145 8.43358e-06 0.000125325 0.00867577 0.0200004 3.75425e-05 
0.0256485 0.00243665 0.000183359 0.000141653 0.00227379 0.0785554 0.0377969 0.052246 1.18184e-05 0.0300014 0.0122451 0.00497176 0.018321 0.00147756 0.00264682 0.00152949 6.63942e-05 0.00177767 0.0173644 0.0117765 0.00158104 0.608156 0.00348535 0.0414822 0.00166545 2.9374e-05 0.0074764 0.023646 0.0107891 0.000216535 
0.00525839 0.00992382 0.0041811 0.00370811 0.00761033 0.0157936 0.0626324 0.0910602 0.00306664 0.00976356 0.178663 0.00141672 0.0256303 0.000280563 0.0101089 0.000638183 0.000773773 0.05827 0.0449562 0.000461476 0.084902 0.200878 0.0132886 0.0305813 0.000259891 0.0015105 0.0251702 0.0655099 0.0436352 6.61644e-05 
2.23491e-06 3.68954e-05 2.89578e-05 1.39823e-09 6.19742e-06 1.13911e-09 5.31286e-05 1.48659e-05 1.03595e-05 1.60412e-05 8.89439e-07 1.93582e-05 0.0187218 4.99827e-09 1.43858e-05 8.62723e-09 7.00988e-09 5.91268e-06 1.33449e-09 9.08576e-09 9.17747e-06 0.698415 4.84438e-06 0.282636 3.45991e-06 2.66296e-09 1.21464e-09 5.51502e-10 9.2904e-10 6.58743e-09 
4.49063e-05 0.0743614 0.0489584 0.000538639 3.81517e-05 0.0680611 0.102514 0.0437791 0.000232145 0.00173973 0.000656279 0.0087762 0.00510105 7.70665e-06 0.00309832 6.14719e-08 4.99477e-08 0.000105048 4.31931e-06 2.63905e-05 9.45137e-05 0.532599 2.43366e-06 0.00361282 0.000145826 0.00511677 0.0169489 0.0792569 0.00417982 4.69377e-08 
6.10562e-06 0.00747323 0.000781097 0.00369954 0.000302789 0.00360862 0.00489162 0.0227998 0.00521758 0.00222871 0.0541147 0.000139574 1.02492e-07 4.78135e-05 0.000529142 1.23025e-09 5.34858e-08 0.00166099 0.00464213 1.29564e-09 0.00182083 0.671095 0.00147222 0.0888543 5.47599e-10 0.004823 0.00147468 0.00563189 0.000568168 0.112116 
0.000127227 0.00634153 0.000133575 0.000436741 0.00421949 0.00440974 0.0163036 0.0685644 0.0490692 0.000802416 0.0258276 5.39879e-06 0.0210904 0.000252218 0.00304815 8.60584e-09 7.52432e-07 0.00092158 0.0242972 0.00102506 0.0213818 0.519324 0.0278874 0.088556 0.00448957 0.000683811 0.011575 0.0966562 0.00256404 5.58197e-06 
0.000749297 0.00575305 0.00118928 0.000887043 0.0576045 1.40818e-05 0.0190199 0.0286594 9.32868e-07 0.00877776 0.00114938 0.0327515 3.6e-10 9.30998e-10 0.000328673 1.60694e-09 1.60011e-07 0.000943028 0.00992658 0.000691522 0.0020804 0.739569 0.000136637 0.00142422 0.000111291 1.71359e-05 0.000981889 0.0737431 0.0132859 0.000203927 
1.89589e-05 0.00138337 0.00196113 0.00164281 0.00572209 0.0346342 0.0257999 0.00442915 0.0148482 0.000889234 0.0267431 0.000201649 0.243371 0.000880633 0.00452833 2.69539e-07 1.51718e-05 0.0066174 0.00141939 0.00746284 0.00700689 0.46939 0.000366216 0.0697335 0.000414797 0.000118839 0.0125981 0.0381918 0.0193852 0.000225325 
0.00116319 0.0713495 0.000423644 4.41505e-05 0.00883516 0.007422 0.136354 0.123607 3.71721e-07 0.0073522 0.0676086 0.0027066 0.108564 3.17125e-06 0.0120716 1.13877e-06 2.15459e-05 0.00350939 1.14693e-09 0.00729999 0.000125546 0.409504 0.000520021 0.00582489 0.00186709 0.000104061 0.000485816 0.0181771 0.00499925 5.50674e-05 
3.47855e-07 0.00131065 1.13901e-06 8.86463e-06 0.000163717 3.92725e-05 0.00315456 0.00741065 9.67607e-07 3.36093e-05 0.000107022 1.23038e-05 4.22754e-05 1.86788e-06 8.66966e-07 3.22404e-06 9.61633e-05 0.000421094 2.47378e-05 0.00676027 0.000126078 0.96646 1.0643e-06 0.0135147 1.43506e-06 7.108e-05 1.80135e-05 0.000109782 8.29981e-05 2.09568e-05 
1.39534e-07 8.1546e-05 0.00213773 0.000809421 7.51305e-08 2.21642e-05 0.0202562 0.189975 0.00332484 2.79226e-06 0.00128205 0.000477328 1.30953e-07 4.6002e-11 9.15319e-05 9.03787e-08 2.35308e-05 0.00576864 0.00962864 0.000152116 0.0049057 0.534129 1.85368e-07 0.168165 5.16061e-08 0.000975773 1.63667e-06 0.0553905 1.62997e-06 0.00239696 
0.0064195 0.00276688 0.00509675 0.00103445 0.0559002 0.00938779 0.0289286 0.0788167 0.000877969 0.0349855 0.0606312 0.00828975 0.00960543 7.67847e-07 0.00369828 3.86913e-09 2.4294e-05 0.000105084 0.0307484 0.000134886 0.00612371 0.456697 0.0029035 0.0173563 0.000148845 6.03044e-05 0.00257666 0.0956885 0.0385883 0.0424044 
0.000208728 0.000530975 0.00938428 1.25122e-05 0.00346282 0.0230671 0.00394965 0.0175198 0.0489181 0.000258213 0.0135503 0.000210731 0.00104372 0.000103514 0.000773216 0.00190574 1.91965e-05 0.00113517 0.0522227 0.000626114 0.0131735 0.58528 1.54153e-05 0.0157974 0.010442 0.00020558 0.00270499 0.135512 0.0579658 1.51234e-07 
7.27206e-06 0.0145492 7.26823e-06 0.00727848 0.0399971 7.27169e-06 0.196368 0.196343 7.26906e-06 7.26758e-06 7.27173e-06 7.26478e-06 0.00291537 7.26471e-06 7.26955e-06 7.25816e-06 7.26111e-06 7.26781e-06 0.00509721 7.25734e-06 7.27207e-06 0.332246 0.0472533 0.111266 7.26682e-06 7.26898e-06 7.27154e-06 7.27275e-06 0.0465485 7.26185e-06 
0.0731419 0.0174838 0.0178013 0.00126921 0.0072266 0.00379508 0.00837804 0.038882 0.000571204 0.0181834 0.00166281 0.000615849 0.000168783 0.000141385 0.00303492 4.41293e-10 7.02701e-07 0.000166964 0.0034291 9.02463e-07 0.0252711 0.338805 1.48628e-07 0.274466 1.27783e-05 0.000121284 0.00171187 0.139122 0.0108176 0.0137182 
0.000561074 0.00124217 0.000112959 2.12638e-06 7.59522e-06 0.033806 0.00357357 0.00588022 0.000214914 3.82438e-05 2.71639e-05 0.0231659 0.0114834 9.712e-06 0.243677 2.03548e-07 4.91204e-06 6.10673e-05 0.0105185 0.00615873 0.0376451 0.531552 1.45904e-05 0.0132984 0.000312023 9.12443e-05 0.00705992 0.0354131 0.0340524 1.5502e-05 
0.0456223 0.0146334 0.00332551 0.000838198 0.0242036 0.0356422 0.0644344 0.0243696 0.010668 0.0140251 0.0136634 0.0247547 0.0106008 0.00333974 0.00213401 4.68736e-05 0.000133748 0.0137036 0.0258793 0.00536649 0.0139098 0.415325 0.00209499 0.0913925 0.00259752 0.0218916 0.0152517 0.0560997 0.0146837 0.0293692 
0.00725608 0.011361 0.00490829 0.00217324 0.0633326 0.00704672 0.0538503 0.197556 0.00176603 0.0259856 0.00433801 0.0295148 0.00180479 0.000178866 0.0148495 3.61863e-06 0.000119814 0.00729167 0.00646387 0.00129166 0.0166025 0.424971 0.0013765 0.0426173 0.00353706 0.00977647 0.00789984 0.0246341 0.00565657 0.0218363 
2.40012e-07 0.000645719 2.49233e-05 3.32595e-07 7.20694e-07 0.0392025 0.0121446 0.00377364 3.05512e-07 0.00453089 0.000945025 1.04879e-08 0.101698 5.46023e-07 0.0767759 1.17444e-06 1.16325e-06 6.93854e-09 0.0043568 5.2753e-06 0.000878294 0.738348 0.00787718 0.000953156 8.1159e-09 1.87998e-05 2.32255e-06 0.00466596 0.00314461 3.44297e-06 
8.74971e-06 0.00411096 6.07896e-06 3.73214e-05 8.17399e-06 0.00181021 0.00420774 0.217674 0.00161239 0.00138762 0.001049 0.000133755 4.73915e-05 0.00018315 0.000140803 1.23482e-06 1.00333e-06 0.000564031 0.0674918 5.5424e-05 0.000642093 0.394222 8.77495e-05 0.0172123 5.49631e-07 7.37853e-05 0.275348 0.000163444 0.0117138 5.13657e-06 
2.81895e-10 0.0895984 9.81459e-06 0.00109271 0.00072762 0.00145101 0.0291848 0.257287 7.84132e-10 0.000162678 0.00195735 4.43049e-06 8.75319e-07 4.48179e-06 0.00995342 2.61271e-09 1.23427e-07 0.00070804 0.0425322 6.95347e-06 0.0108838 0.448771 0.000138117 0.100054 0.000269363 0.00244635 0.00212433 0.000466584 0.00016462 1.73859e-07 
7.32192e-05 0.00876479 8.32213e-05 0.000242271 0.00739569 0.00720076 0.0354764 0.112439 3.48162e-06 3.95948e-06 0.0052488 1.14637e-07 0.129464 0.00426023 0.0277707 2.08649e-09 1.69533e-09 0.00593111 0.00783585 0.00778965 6.19196e-05 0.492684 0.00037 0.0496628 1.55067e-06 0.0446214 0.00149984 0.0401659 0.0109489 1.44743e-07 
0.000371874 0.0077886 0.000473611 4.7224e-05 0.0164882 0.00227424 0.0278307 0.0807182 0.00185692 0.00120968 0.0129139 1.08585e-08 0.0258516 0.000170695 0.00464254 1.88778e-08 0.000108494 0.00175563 0.023341 0.00590602 0.000177095 0.750301 0.00399288 0.0131083 0.000514095 0.000930491 0.00199539 0.00599179 0.00912315 0.000116829 
0.00180347 9.0213e-05 0.000662096 0.000306861 0.00248971 0.00130623 0.0292763 0.030731 0.000695359 6.22847e-05 3.47145e-05 2.24034e-06 0.008078 3.65446e-06 0.00188842 2.52528e-07 2.4709e-05 0.00134276 3.00118e-05 0.000147896 2.40058e-05 0.894994 0.000306101 0.0165285 0.00104955 0.000552946 0.00585035 2.84946e-05 0.00165652 3.3117e-05 
0.000828805 0.00524274 0.00720216 6.61989e-05 0.00346917 0.00696635 0.0280896 0.249548 0.0103125 0.00125964 0.00586209 0.000214053 0.00500156 0.00990173 0.012179 0.000438984 2.55887e-06 0.013396 0.0172616 9.16928e-05 0.0146525 0.472455 0.0011264 0.089782 0.000713873 0.000828294 0.0244734 0.0148369 0.00362927 0.000167489 
0.00269839 0.00344789 0.00245656 0.000833518 0.029426 0.019855 0.0473034 0.0266039 0.00105703 0.0313591 0.0285223 0.00070989 0.00744374 0.000502348 0.0123915 9.58799e-09 0.000300147 0.00696769 0.0192232 0.0246922 0.000335691 0.606846 0.000888605 0.0328423 0.0205472 0.0604011 0.00344239 0.00707811 0.00181478 1.05264e-05 
0.000201279 1.20596e-05 0.00106259 2.65268e-05 0.00136068 0.000185783 7.33725e-06 0.0203291 0.0056343 0.000459501 0.000189724 1.98452e-06 0.203515 2.56034e-07 0.000173992 4.59422e-09 0.000336929 0.000303277 0.000251891 1.49184e-06 0.154211 0.284445 0.0340617 0.0622081 5.25886e-07 0.00151192 0.0120034 0.024575 0.192923 6.52172e-06 
3.10637e-05 0.00404921 8.81706e-05 0.000118399 0.00689482 0.00250874 0.00313539 0.0735724 0.00115455 0.00446454 0.00308487 0.00095715 0.00176538 7.76985e-05 0.000331006 4.72771e-08 4.54275e-06 0.0013498 0.00189761 0.00132737 0.00199691 0.813108 0.000159453 0.0444143 0.000938547 0.000683575 0.00285961 0.0212136 0.0055717 0.00224199 
0.00348006 0.00669603 0.000674872 0.000823782 0.0159341 0.0490205 0.0428534 0.0324696 5.39045e-05 0.00195367 0.0406413 0.0268096 0.00904412 3.2199e-05 0.00235966 5.67612e-08 0.000354407 0.0229522 0.144807 0.000464209 0.00805815 0.409896 2.65779e-08 0.0495946 0.0395442 0.00786269 0.0021084 0.0766954 0.00481479 9.00457e-07 
0.000509466 0.0018048 2.81034e-05 0.00110938 0.00482459 0.00178864 0.0102867 0.0254883 4.40873e-05 0.0128033 0.00298077 0.000387412 0.00786787 0.00038162 0.00230454 1.26137e-08 1.0249e-08 0.0136588 0.00462138 0.0294286 0.000384387 0.802264 7.22719e-05 0.027108 0.00463655 1.83824e-07 0.00199298 0.0109092 0.0322021 0.00011182 
0.00302907 0.0022264 4.74534e-06 0.0002121 1.229e-06 0.00107542 0.0652273 0.244781 3.51316e-07 0.0151284 0.00595947 0.122411 0.0010781 2.97369e-05 0.000203505 4.42938e-09 4.98386e-05 2.16504e-06 6.85154e-10 0.00455251 5.05565e-07 0.520361 1.301e-05 0.00176787 0.000171416 0.000509369 0.00077534 0.0101798 1.39754e-06 0.000247808 
1.26931e-05 0.0653957 0.0931761 3.67041e-05 0.000357606 0.00342616 0.116774 0.190716 0.0247041 0.00240207 0.00884575 0.000584986 0.000593573 0.0144234 0.000687706 4.4774e-07 4.77723e-06 0.00143779 0.00447312 4.71537e-07 4.81059e-08 0.466041 1.47805e-07 0.00529912 1.99294e-07 0.000533273 6.5495e-06 2.86221e-08 4.69244e-05 1.91211e-05 
0.0179819 0.0061724 0.00157785 0.000119602 0.0049348 0.0111455 0.0271006 0.0110425 0.000237933 0.0542569 0.0054481 0.000380441 0.0280817 0.000757969 0.0034156 0.000915874 1.80507e-06 0.0264689 0.0279192 0.00338823 0.00507171 0.709683 0.000534168 0.00805951 0.000718126 0.00392101 0.00362938 0.0249498 0.0119748 0.000110578 
9.9013e-08 0.00675875 0.000902923 0.000368795 0.00140366 0.0381414 0.0266863 0.138789 2.32779e-11 0.00935993 0.126242 0.000531574 0.0992202 4.10707e-05 0.00824856 1.42417e-07 8.44099e-05 0.00126715 0.00117293 0.00112678 1.26391e-05 0.215988 0.0154556 0.110602 6.73725e-07 2.68509e-07 0.00347087 0.147375 0.0467485 5.92231e-11 
0.0206132 0.00656757 0.00378193 0.000188135 0.0162391 0.024251 0.0441584 0.0809826 1.36466e-07 0.0334406 0.049069 0.0744566 0.0173467 2.26472e-06 0.00912358 1.95484e-09 8.03486e-05 0.000125717 0.00536666 0.0925622 5.10803e-05 0.293666 0.00474008 0.00816184 0.00554693 2.67e-07 0.00215219 0.163789 0.0430479 0.000488781 
7.36698e-11 1.23914e-08 1.08574e-06 0.00136439 1.25735e-10 9.01543e-11 2.40183e-07 0.0114949 2.04923e-10 2.70066e-10 8.7883e-11 0.00122686 1.52966e-10 3.95586e-10 1.83609e-10 6.82799e-10 4.4439e-07 1.40335e-06 1.05618e-10 9.35534e-07 0.000264583 0.980161 2.25401e-10 0.00548118 7.90498e-07 6.5356e-07 9.6132e-11 6.2858e-07 7.35286e-11 9.91106e-07 
1.53608e-11 0.000298045 2.51536e-07 7.80804e-05 7.31716e-06 1.8798e-11 6.23423e-08 0.0536236 4.27283e-11 0.000615464 1.83244e-11 2.12999e-07 1.9778e-07 4.12499e-07 7.0064e-07 1.4237e-10 1.1568e-10 4.3889e-07 0.0045867 1.67944e-06 1.0983e-06 0.668073 4.69981e-11 0.259771 6.33703e-11 1.27484e-07 8.82153e-08 0.0117879 8.05218e-05 0.00107255 
0.00774169 0.00261752 4.03327e-08 0.000218352 0.00184584 0.00358761 0.00208538 0.0144746 3.42634e-08 0.00316093 0.00161049 6.56675e-08 0.00201031 0.00150811 0.00356426 0.000388275 0.000334036 0.000569162 0.00733046 0.00247691 0.00503522 0.927267 0.00156406 0.00322582 0.0005387 3.52391e-08 0.00128107 0.00288857 0.0026752 8.7172e-08 
0.000113872 0.00488087 0.000206335 6.84601e-05 0.00231037 0.0504356 0.0800789 0.11997 7.70687e-05 0.00902053 0.00548711 0.000160051 0.000145066 6.17343e-05 0.0323707 1.02768e-07 5.26498e-06 0.000489758 0.000362355 0.000271239 0.032571 0.615366 0.00077317 0.0242819 4.21268e-05 1.87618e-05 0.0018173 0.0162425 0.0023698 1.51783e-06 
1.29872e-07 4.23646e-07 0.000370519 4.25727e-05 0.00320891 2.94583e-06 6.18626e-07 0.00150952 3.788e-06 2.97395e-07 0.294502 3.04096e-10 1.32473e-06 4.18249e-05 1.42165e-10 5.2868e-10 4.27385e-07 0.00512421 0.000846679 5.8409e-07 5.68995e-05 0.685984 1.07468e-05 0.00807955 2.35321e-10 1.06883e-06 0.000149784 4.98936e-06 5.59068e-05 3.11635e-07 
4.92551e-06 0.00116105 0.00179094 0.00120925 0.000329413 0.0406843 0.0915202 0.156378 2.60331e-10 0.00489703 0.0105712 1.03469e-06 0.0504455 0.00025702 0.00464946 8.67417e-10 3.5956e-05 0.000542531 0.00045063 0.0333395 0.00567327 0.559523 4.50814e-07 0.0102248 7.49418e-06 0.0033347 2.14269e-07 0.0194741 0.00344979 4.41709e-05 
0.000366244 0.0276189 0.00135972 0.00162803 0.00115047 0.00547074 0.0181172 0.0497839 0.00238206 0.0658499 0.0374645 1.25633e-05 0.00769137 0.00177556 0.00061399 1.65763e-07 0.00536021 0.000573589 0.21086 0.000887412 0.000461986 0.445972 0.000844522 0.0127183 0.0103876 8.62576e-05 0.00233981 0.00682094 0.0814015 1.26571e-07 
0.00235731 0.00432893 0.0229683 0.000908087 0.00135123 0.054169 0.0721053 0.131249 0.00259428 0.029653 0.000828765 0.000144597 0.0028728 1.71081e-05 0.0293263 6.67337e-07 6.18931e-06 0.00232773 0.000816827 0.0132502 0.168986 0.387446 0.000313253 0.057457 0.000214956 0.000864656 0.000134781 0.006219 0.00699013 9.80113e-05 
0.00801213 0.0134855 0.00772444 0.000641025 0.0240486 0.00208501 0.0643822 0.115058 0.0039152 0.0125072 0.0123945 0.0238125 0.00182332 0.000851176 0.00337097 0.00131042 2.28945e-05 0.00100233 0.0176801 0.00254467 0.0311796 0.390243 0.000624659 0.177001 6.95292e-05 0.000316904 0.00864046 0.0617744 0.012318 0.00116031 
3.13469e-05 0.00553829 0.00244295 1.10679e-05 0.0505892 0.0131353 0.113934 0.0612255 0.000966572 0.00669261 0.0841199 1.86594e-06 0.00163934 0.000281152 0.000164735 8.84901e-08 1.43656e-05 5.46565e-05 0.000115356 0.0100888 0.0343192 0.507071 0.00573381 0.0212023 0.0228576 0.0001867 0.0473195 0.00161638 0.00864628 4.29547e-07 
0.00611935 0.00334449 0.00176909 0.00187733 0.0181474 0.0281661 0.016441 0.0208967 5.91421e-05 0.099508 0.0134476 0.0386465 0.0537334 0.000774372 0.00127524 2.66221e-09 0.000450831 0.00289662 0.00425209 0.00945414 0.000865916 0.605708 0.000639909 0.0314433 0.00164121 0.000666727 0.0026699 0.0279996 0.00693781 0.000168083 
0.00178518 0.00264448 8.45705e-05 0.000124319 0.000779549 0.016208 0.0293763 0.0814906 0.00051798 0.00842061 0.0121596 0.0013465 0.0160534 4.86893e-05 0.013557 1.65441e-08 0.000192124 0.00997894 0.00137786 4.18509e-06 0.000259089 0.671112 0.00117676 0.0629147 0.0551973 0.000420262 0.000709889 0.0108697 0.00112556 6.4394e-05 
0.0258116 0.00123048 0.000175561 0.000500901 0.0320697 0.0695735 0.0170754 0.14966 7.95538e-05 0.0168728 0.0761233 0.00608366 0.0801381 0.000351444 0.0102248 0.00314658 3.72094e-05 0.00932935 0.00244713 7.42788e-05 0.00470548 0.22389 0.000115419 0.014807 0.00264112 0.00170831 0.022106 0.159623 0.0693931 5.73831e-06 
6.10411e-10 0.0444512 0.0214497 4.25985e-06 9.02514e-06 0.000475367 0.0803781 0.0233794 0.0305214 0.000445655 0.00363907 3.2542e-09 0.0387947 4.39996e-06 0.0730156 2.55728e-05 0.000809808 8.73958e-07 9.41403e-06 0.00664735 6.84654e-06 0.361563 0.0015382 0.218594 0.000202978 0.000660846 0.0118815 0.0132986 0.068193 4.31987e-09 
0.00810632 0.00291631 0.000908572 0.00442372 0.000519994 0.0171829 0.0218735 0.0579848 0.00407006 0.000776562 0.0122442 0.00474392 0.00218993 2.99002e-05 0.00456611 1.43997e-06 0.000233554 0.0115197 0.0053611 0.000117388 0.0289493 0.543181 9.92701e-05 0.214983 0.000167103 0.00220402 0.00237261 0.0375984 0.00443089 0.00624371 
0.00942438 0.0237769 0.0237535 0.0093157 0.0335914 0.0183981 0.0609254 0.133464 0.000438137 0.00487446 0.00439423 0.0266307 0.00647076 0.00322746 0.000643047 8.62814e-05 0.000130688 0.0116155 0.023394 0.0408337 0.0337666 0.227874 0.000501473 0.0900321 0.134325 0.0332888 0.0230895 0.0156815 0.00467056 0.00138198 
0.0676131 0.113709 0.000475711 0.000198447 0.00459659 0.00397693 0.154957 0.00234743 8.23216e-05 0.00246366 0.00938359 0.00017636 0.00474764 0.000180553 0.00273234 0.000457722 3.97618e-06 0.00399666 0.000518609 0.024545 0.00153772 0.446079 0.0797619 0.00224224 0.0396095 7.4589e-05 0.000285172 0.00347789 0.0297613 7.50647e-06 
3.54321e-07 0.00335041 3.02517e-09 2.39036e-07 1.3607e-07 0.0118263 0.0108072 0.296171 4.02322e-05 1.49473e-06 0.0108581 0.00362798 0.0854264 6.45914e-06 0.00483794 8.55891e-06 6.95766e-09 0.00285029 0.0159405 0.0840019 2.9922e-06 0.381586 0.0186026 0.0128901 0.000332691 0.00117018 4.78429e-06 0.038154 0.0174195 8.16666e-05 
0.000181071 0.00216212 5.87481e-05 0.00152319 0.000170577 0.00535929 0.00111306 0.104893 0.000867116 0.00173671 0.000460586 1.61262e-05 0.00022864 0.000614092 0.000860617 0.00121574 5.11057e-05 0.00283032 0.005853 0.0187267 0.112966 0.661671 3.93946e-06 0.0515571 0.000117546 7.72161e-06 0.0210792 0.00169499 0.00196005 2.0211e-05 
0.00627898 0.00197777 0.000174608 2.01147e-06 1.91471e-05 3.18333e-05 0.00208777 0.0553959 7.1371e-07 0.00139539 5.33675e-07 1.36786e-06 5.67243e-05 1.37776e-06 0.000507801 2.37807e-06 0.0113598 0.00709879 0.000640414 4.9061e-05 0.00116575 0.729572 0.0997019 0.0768898 0.000676578 0.0039765 0.000851689 2.14663e-05 6.02194e-05 1.8158e-06 
0.000536094 0.000947445 0.000137332 0.00381775 1.03983e-05 0.0242346 0.0223487 0.1483 2.23919e-06 0.000202732 0.0254052 0.00199733 0.0220948 0.000592196 0.00329019 3.93536e-09 2.7761e-07 0.129427 0.0109957 1.26767e-06 0.0144544 0.541391 2.62673e-05 0.0222018 0.00212993 0.021634 0.00262297 3.68685e-06 0.000972299 0.00022304 
2.08057e-08 0.00474538 0.00103994 3.12531e-08 3.55098e-08 0.0312698 0.00736109 0.0818446 0.000789282 0.000495309 0.0018617 2.80374e-05 5.9061e-05 1.11721e-07 0.0034324 1.92835e-07 1.56684e-07 0.000198705 0.000194518 2.03084e-07 0.000103267 0.751173 6.28645e-05 0.0123865 8.58328e-08 8.59951e-05 2.71494e-08 0.0111232 0.0917414 3.17349e-06 
0.0150339 0.0294263 0.0083113 0.00108702 0.0521812 0.0193665 0.0831419 0.0338333 0.0574997 0.103349 0.024633 0.000942734 0.0165104 0.00269463 0.00803367 0.000332924 0.00145523 0.0103529 0.045901 0.00293028 0.0167635 0.227409 0.00404679 0.136381 0.00174684 0.004274 0.0207947 0.0284098 0.0399558 0.00320154 
1.47961e-05 0.00790157 5.09325e-07 3.65816e-05 0.0073575 0.0173822 0.0041837 0.0405283 1.38549e-05 0.000419227 0.00620782 7.11819e-05 0.0450643 0.000844736 0.00650364 1.45492e-05 7.22424e-05 0.00637428 0.000228941 0.000273009 0.0287725 0.626285 5.07415e-05 0.168849 0.000115302 0.000732907 0.00085019 0.0295434 0.00130687 1.62687e-06 
2.42707e-08 9.7047e-05 7.94713e-08 0.000149514 4.14236e-08 2.97015e-08 1.61454e-08 0.000193824 6.75123e-08 8.89737e-08 7.82027e-05 1.29391e-07 5.03949e-08 1.30327e-07 6.04904e-08 2.24949e-07 1.82778e-07 8.56021e-08 3.47961e-08 2.36905e-07 2.41689e-08 0.998387 7.42587e-08 0.000351116 0.000260431 6.94349e-08 3.16709e-08 1.438e-08 2.42241e-08 0.000481109 
4.29445e-08 0.00345769 4.46168e-05 0.000157243 0.113586 0.0213252 0.0195947 0.031202 9.97968e-08 0.000339573 0.105324 3.33758e-08 0.076298 0.000414997 0.00171047 1.87219e-08 0.00310095 0.00172499 0.0579592 1.99737e-07 1.35464e-07 0.313518 0.00446642 0.0763465 0.0032777 1.31138e-07 0.00701831 0.154836 0.0042969 1.62007e-08 
1.86648e-09 3.10836e-09 6.11155e-09 7.29244e-06 3.18558e-09 2.28412e-09 4.71941e-06 7.49774e-05 5.19187e-09 6.84231e-09 8.90854e-06 9.95048e-09 3.8755e-09 3.01676e-06 4.65187e-09 1.72992e-08 1.40561e-08 6.58302e-09 2.67591e-09 0.0379476 1.85865e-09 0.961942 5.71069e-09 2.18157e-07 7.77705e-07 5.33972e-09 2.43801e-06 3.76104e-06 4.47283e-06 1.3209e-08 
0.00348006 0.00669603 0.000674872 0.000823782 0.0159341 0.0490205 0.0428534 0.0324696 5.39045e-05 0.00195367 0.0406413 0.0268096 0.00904412 3.2199e-05 0.00235966 5.67612e-08 0.000354407 0.0229522 0.144807 0.000464209 0.00805815 0.409896 2.65779e-08 0.0495946 0.0395442 0.00786269 0.0021084 0.0766954 0.00481479 9.00457e-07 
0.0337215 0.00708428 0.00322184 0.000662935 0.0473874 0.029762 0.0131603 0.058424 0.00183222 0.00645609 0.0425778 0.00634505 0.00730714 0.00036682 0.00715097 1.39017e-06 0.000224209 0.00311375 0.0467808 0.00635048 0.0532588 0.325985 0.00219876 0.0737123 0.0810082 0.00757001 0.0141457 0.10401 0.0161709 9.42717e-06 
1.04783e-09 1.39776e-06 6.52233e-06 1.36953e-05 2.41448e-05 1.2823e-09 2.16154e-06 1.017e-05 2.91469e-09 3.84124e-09 1.24999e-09 5.58615e-09 2.17569e-09 5.62656e-09 2.61154e-09 9.71169e-09 7.89103e-09 0.000231723 1.50224e-09 1.02279e-08 1.04344e-09 0.999656 3.20595e-09 3.46815e-05 1.98891e-05 2.9977e-09 1.36732e-09 6.20827e-10 1.04582e-09 7.41549e-09 
8.96746e-07 0.0017172 6.59319e-07 0.000409971 2.50888e-05 0.0017479 1.09997e-05 0.00425319 4.42831e-08 5.83602e-08 0.0112676 7.22523e-05 3.30553e-08 8.54846e-08 3.96772e-08 1.4755e-07 1.19889e-07 1.57529e-05 0.00141561 2.87046e-06 1.5853e-08 0.965339 4.87082e-08 0.012062 8.16823e-06 0.00131889 0.00023491 9.43225e-09 4.90116e-06 9.17046e-05 
0.00294547 0.00774256 0.000788662 0.000478775 9.8324e-07 6.88217e-05 0.0783543 0.165877 3.98623e-08 0.053657 2.12113e-07 0.100836 5.43236e-12 4.39778e-08 0.00459499 2.42486e-11 1.97027e-11 0.0014942 6.46042e-07 0.00537009 0.00585025 0.517272 3.27938e-08 0.0158365 4.06195e-08 1.8714e-08 0.000268231 0.031744 0.00681915 1.58301e-07 
0.000124096 0.00319818 0.00590338 0.00207017 0.0811245 0.0280943 0.0529907 0.128047 7.30612e-06 1.37106e-05 0.00257882 3.38921e-10 0.00135761 8.69397e-06 0.000582406 6.70498e-08 3.42181e-05 0.0824863 0.0165301 0.00741234 0.158908 0.262446 0.014523 0.0840022 0.000742634 0.00178444 0.0461239 0.0127873 0.00611618 1.39857e-06 
0.00194722 0.0342306 0.00704785 3.14006e-05 7.41938e-05 6.60786e-07 0.044878 0.000496229 0.000406965 0.00940644 1.70389e-07 9.24905e-05 3.40351e-09 4.6051e-06 4.16672e-06 1.51924e-08 1.23443e-08 0.00459795 0.000347649 0.000605622 0.00506342 0.72228 1.0193e-05 0.139983 9.27107e-06 4.37801e-06 0.0151941 0.00643341 2.98136e-06 0.00684697 
0.00018987 0.00900893 0.000927043 0.000488832 0.00198818 0.0104339 0.0339769 0.100683 0.000792342 0.00384097 0.0152387 0.0297058 0.00838274 0.000407954 0.00246635 0.00248634 1.79201e-05 0.00809568 0.000434924 0.000285347 0.000763365 0.697443 0.000166733 0.0348584 0.00344121 0.00616872 0.0151298 0.0110559 0.00103395 8.68495e-05 
0.000614941 0.00230847 0.000109126 0.000217731 0.0207254 0.0212985 0.00618714 0.0622075 5.20684e-05 0.00500427 0.009884 0.000357786 0.0155257 0.00574279 0.00983957 6.99464e-08 5.24549e-05 0.00732194 0.00297396 0.0249217 0.0100782 0.649171 0.00649986 0.0315219 0.000534946 0.0479286 0.00926942 0.0292503 0.0203909 9.53048e-06 
8.96214e-11 0.00506195 6.05405e-07 0.000409951 0.000220441 0.00807331 0.000349246 0.0062416 0.00140461 0.00036911 1.06912e-10 1.64679e-07 5.55877e-06 4.81241e-10 2.23365e-10 8.30644e-10 3.6793e-07 0.00395358 0.00204425 8.74792e-10 0.000385525 0.932973 2.74206e-10 0.00246674 4.89477e-05 0.00762022 0.000350765 0.0280186 1.08115e-06 6.34249e-10 
5.48402e-05 0.00204192 2.25815e-06 0.000148282 0.000943209 0.000250176 0.0195142 0.0702434 5.12347e-09 0.0315989 0.00568502 0.00212358 4.5556e-07 0.000934168 0.001006 1.70713e-08 2.65367e-05 0.0436499 0.0013692 0.000622037 0.000617969 0.650746 0.00597787 0.153035 0.00588171 0.000467114 0.000861777 0.00185102 0.000346883 4.12949e-07 
0.00683495 0.00134521 0.015652 1.5454e-05 0.00836364 0.0075639 0.00437174 0.00261626 0.000357608 0.00763176 0.030707 9.44547e-05 0.0428741 0.0134824 0.000180608 4.91387e-06 0.000179388 0.000531071 0.0541244 0.000586218 0.000337976 0.424091 0.000870523 0.0836097 0.000597212 0.000745818 0.184097 0.105626 0.0024474 6.046e-05 
0.000847168 0.00867264 0.00179917 2.78151e-06 0.0912659 0.0211636 0.102429 0.0501542 0.000295382 0.0271003 0.00493574 2.16052e-06 0.0522616 0.00524136 0.0200144 9.21097e-05 0.00857313 0.00265317 0.0236798 8.53703e-05 0.00572931 0.468363 0.00497828 0.0642485 0.0015056 7.08758e-06 0.00410055 0.0083006 0.0214872 1.12053e-05 
0.0267116 0.0447903 0.00356898 9.06984e-05 0.0895093 0.0147226 0.0855303 0.0137855 0.00273093 0.149013 0.000377159 0.00118993 0.00757486 2.2982e-05 0.0100851 5.96533e-08 4.84701e-08 0.0211025 0.00153363 0.0147768 0.00982662 0.420419 0.00282897 0.0186326 0.000196976 0.0106465 0.028734 0.0172466 0.00429854 5.41768e-05 
0.00369886 0.0384171 0.00869325 1.37212e-05 0.00104253 0.00119711 0.0797134 0.0471362 0.00182486 0.0208075 0.0326508 0.00411735 0.000528998 0.000327035 0.0165497 0.000229179 9.79166e-05 0.00491921 0.00522602 7.31684e-06 0.0675891 0.378246 0.00453946 0.0971801 2.471e-05 0.000360587 0.00401776 0.170846 0.00999297 5.04957e-06 
1.13569e-05 0.000548337 1.88389e-06 0.000119798 0.000117185 0.0105832 0.0118014 0.0116467 4.31697e-08 0.00238288 0.0420422 5.45153e-06 0.0157975 2.09413e-05 0.000322124 1.4384e-07 1.16875e-07 4.87513e-06 0.0137943 0.0040127 6.83725e-05 0.703942 4.74836e-08 0.00415227 7.82093e-05 0.00020429 0.00393481 0.147734 0.0265998 7.28864e-05 
4.29337e-06 1.45168e-06 1.85538e-10 0.00023164 0.0025991 0.00605815 0.00468182 0.0314433 1.07886e-05 1.75314e-06 0.0054855 7.60774e-08 0.00204251 0.00942571 0.00053307 2.15788e-07 1.85622e-07 0.000316334 0.00601735 0.000757459 0.00693909 0.859228 0.00225677 0.0452754 2.98954e-07 9.16542e-08 0.00630211 1.60195e-06 0.0101499 0.000236128 
0.0026324 0.00254361 0.0012196 0.000344407 0.0162586 0.00922671 0.0172743 0.0333433 3.03847e-05 0.00164447 0.000151639 6.01364e-05 0.0139833 0.000158743 0.0011446 5.46136e-08 7.25272e-05 2.15843e-05 0.0241122 0.00429464 0.031273 0.77162 0.00508037 0.035367 6.46787e-06 0.0143706 0.000368247 0.0125449 0.000849254 2.76259e-06 
2.8234e-05 2.673e-08 5.25557e-08 2.41102e-08 2.73942e-08 1.96421e-08 2.85586e-05 1.97168e-08 4.4647e-08 5.88398e-08 1.91473e-08 2.8292e-05 0.000115995 8.61872e-08 0.00119195 1.48763e-07 1.20874e-07 5.66101e-08 2.30112e-08 1.5667e-07 1.17242e-05 0.998574 4.91086e-08 1.85745e-08 6.62159e-08 5.09137e-06 2.09445e-08 9.50977e-09 1.46847e-05 1.1359e-07 
0.000270553 0.000667612 0.000925132 0.00569419 5.54934e-06 2.34777e-06 0.0564547 0.00452419 2.94732e-06 0.00416466 0.00211796 1.08174e-06 2.50737e-05 0.112105 0.00294072 6.20767e-09 7.73276e-07 0.00179088 4.18195e-07 8.25042e-07 0.000193755 0.797872 2.04923e-09 0.00582202 0.00267838 7.38664e-05 0.000468145 5.30258e-07 1.93181e-05 0.00117764 
1.65699e-09 0.0448504 0.000856835 9.00901e-08 0.0156616 2.02776e-09 0.107629 0.077829 4.60915e-09 0.0160467 1.97668e-09 8.83367e-09 5.80942e-07 1.21332e-06 0.00435147 1.53576e-08 1.24785e-08 1.28742e-06 0.0339611 4.92036e-06 0.000411728 0.630121 0.00039399 0.0554818 6.83582e-09 4.74041e-09 1.15249e-05 0.0123829 2.32988e-06 1.09113e-06 
3.57285e-05 0.00330105 0.00798384 0.000561315 1.22156e-09 6.28149e-06 0.0094133 0.0138037 1.03789e-06 0.00481859 0.000807411 0.189749 0.000191405 3.84327e-09 0.0112015 7.35138e-07 1.62675e-06 0.00207301 1.02612e-09 2.69905e-05 1.49569e-06 0.74855 5.1849e-07 0.00220349 9.81904e-05 2.03297e-06 2.75721e-06 0.00449263 4.13579e-06 0.000668003 
0.00618791 0.0172296 0.00296112 0.000233327 4.1423e-06 0.0229629 0.0196231 0.0255246 1.40663e-07 0.00705191 0.0137129 0.000875612 0.00441278 0.00139982 0.00882158 2.04651e-05 4.39077e-07 0.00215061 0.000966715 0.000254582 0.000929756 0.450247 0.00961917 0.0211135 5.45792e-05 0.000154542 0.316653 0.0504196 0.0164144 1.56275e-07 
0.00348006 0.00669603 0.000674872 0.000823782 0.0159341 0.0490205 0.0428534 0.0324696 5.39045e-05 0.00195367 0.0406413 0.0268096 0.00904412 3.2199e-05 0.00235966 5.67612e-08 0.000354407 0.0229522 0.144807 0.000464209 0.00805815 0.409896 2.65779e-08 0.0495946 0.0395442 0.00786269 0.0021084 0.0766954 0.00481479 9.00457e-07 
0.00139962 0.00368542 0.000247435 3.58821e-05 0.0201559 0.0174807 0.00775305 0.0522542 0.036334 0.0233653 0.0453752 8.25487e-06 0.102377 0.00604099 0.00182355 5.38296e-07 0.000410722 0.00218872 0.00492842 0.020838 0.003428 0.39674 0.00594853 0.169053 0.0024827 0.00261871 0.0231948 0.0411965 0.00861953 1.54826e-05 
5.13226e-07 0.000221184 0.00123266 1.14388e-06 0.0949417 0.0224969 0.0651021 0.072695 0.000315081 0.0076254 0.0114923 3.44631e-06 0.00702298 0.000590092 0.00336147 1.42822e-08 1.16047e-08 0.0280969 0.0035702 2.03183e-05 0.0148592 0.613875 2.41327e-06 0.0201293 0.00527356 0.00234397 0.0028458 0.00780615 0.0140741 6.96576e-07 
0.000412181 0.0147258 0.000216692 1.83515e-05 0.00653923 0.0210146 0.0994319 0.00851964 3.77794e-06 0.000213789 0.0256325 0.00163227 0.00255974 7.07759e-06 0.00211844 9.63507e-08 2.61574e-06 0.00813928 0.000117665 0.000699038 0.00331904 0.763926 0.010862 0.00418923 0.00304297 0.000814943 0.0132419 0.00460008 0.00399952 7.35698e-08 
0.0052612 0.0101636 0.00149242 0.000296288 6.43393e-07 0.000707262 0.0563199 0.16892 1.72399e-07 0.0414931 0.131914 0.0498274 0.00100133 4.31069e-07 0.00372933 2.78928e-11 2.11602e-08 0.00134151 0.00493608 0.000555396 0.0451547 0.396609 1.45561e-05 0.0229737 2.6585e-08 8.51757e-05 0.00106297 0.0479313 0.00818295 2.61144e-05 
0.00542484 0.0187925 0.00632972 6.20164e-05 0.0181877 0.0198218 0.0652678 0.0384978 3.56116e-05 0.0158653 7.16748e-05 0.000427556 0.00644505 0.00487963 0.00476086 7.04069e-06 4.02688e-05 9.12059e-05 0.0737256 0.00694186 0.0100681 0.605555 4.6966e-06 0.0612114 0.00019944 0.00137415 0.000181617 0.0302671 0.00545551 7.23622e-06 
2.97225e-06 0.039825 2.97068e-06 0.00772992 2.97177e-06 0.0300212 0.065992 0.162279 2.97102e-06 2.97042e-06 2.97211e-06 2.96927e-06 2.97151e-06 0.0677017 2.97122e-06 2.96657e-06 2.96777e-06 0.0380255 0.0499317 0.0249193 2.97225e-06 0.314674 2.97084e-06 0.134641 2.97011e-06 0.00713332 2.97204e-06 0.0570755 2.97225e-06 2.96807e-06 
0.0990038 0.00441293 0.000161606 5.56403e-05 0.00441492 0.0271919 0.0467257 0.0711135 6.96397e-06 0.0188507 0.0108213 1.1903e-06 0.0226487 0.000376149 0.0541294 0.000213482 0.000631971 0.00811252 0.0244032 0.00436626 0.0977013 0.452922 0.000246802 0.0100582 0.00211072 0.00336795 0.000436817 0.022684 0.0127719 5.81938e-05 
0.000987096 0.0329576 0.00265383 2.82128e-08 0.00679364 0.119367 0.104072 0.0500791 0.00350693 0.00202592 0.0279347 0.000658466 0.00651468 0.00781356 4.49357e-05 0.000125729 8.61934e-06 0.0366263 0.133602 0.00347933 0.0237137 0.221207 0.0198352 0.133835 0.00611407 0.00040568 0.0441411 0.00309475 0.00836964 3.17878e-05 
0.000894492 0.012723 0.00035855 0.000970342 0.0433537 0.00402806 0.0167412 0.0242686 9.4293e-11 0.00105717 0.0225315 0.0159964 0.0143036 3.50956e-07 0.00108523 3.14182e-10 0.000249909 0.00020063 0.00947726 0.000422946 0.010239 0.613654 0.00244518 0.0294134 0.000150313 2.1628e-07 0.000162699 0.126884 0.0478299 0.000558638 
2.83652e-08 3.66725e-05 5.5621e-06 4.26084e-08 4.84118e-08 3.47122e-08 2.8723e-05 0.17535 7.89017e-08 1.46181e-05 1.47291e-06 0.000484034 0.00761828 0.00021189 1.67225e-05 2.62899e-07 2.13613e-07 0.00614627 7.2957e-05 2.76872e-07 2.82463e-08 0.763759 0.000120733 0.0149653 8.17135e-05 8.11486e-08 2.58465e-05 0.0310476 1.13088e-05 2.0074e-07 
2.05947e-07 0.00128109 0.000136669 0.00119708 0.00135641 0.00545877 0.00450018 0.0239559 0.000733021 0.000313038 0.00893449 0.000290863 0.0013498 1.93158e-05 1.42139e-05 8.08525e-05 0.000321819 0.00649192 0.000213736 0.000190637 0.00107658 0.878197 0.000375967 0.0345781 0.000158466 0.000316973 0.000653203 0.00473402 0.00227422 0.0207959 
7.34336e-06 0.00086043 8.17778e-06 0.000273352 1.47063e-07 2.38394e-05 0.00415617 0.0271549 2.39684e-07 0.000867635 0.000210025 0.000396786 1.78914e-07 1.79316e-05 1.98024e-05 7.7568e-06 6.48904e-07 0.00123154 0.00334899 0.00152873 0.00023091 0.953052 2.63636e-07 0.00599283 0.000160807 0.000197736 1.12439e-07 0.000195909 8.60013e-08 5.50224e-05 
1.10817e-06 5.6436e-11 0.003653 0.0010187 0.412662 3.05646e-06 0.0568072 3.32202e-06 9.52168e-07 0.0225834 4.17203e-06 1.39129e-06 3.13832e-06 4.00516e-07 8.44603e-11 3.14088e-10 5.87227e-07 1.00411e-06 4.80019e-06 0.00236734 1.82262e-07 0.500107 2.11527e-06 2.51027e-07 5.17415e-07 1.37474e-05 0.000757008 1.30109e-06 1.33605e-06 6.4777e-07 
2.62171e-05 0.000100918 0.000372145 0.000500809 0.00136539 0.000116729 0.000814467 0.033399 7.24111e-06 0.000143034 0.00128992 7.18129e-05 0.00024983 0.000120878 0.00496031 1.15632e-06 8.7178e-05 0.0105084 0.000450365 1.21778e-06 0.00107207 0.85262 1.9349e-05 0.00491125 0.000290007 0.0838516 0.000130381 0.00241717 4.22153e-06 9.64115e-05 
