0.0134691 0.000355137 4.60384e-07 2.31199e-06 0.00363274 0.0154608 0.00119543 0.00124251 0.00223329 8.8944e-08 0.508463 8.54888e-07 0.0392644 4.63715e-05 4.28004e-05 3.57631e-06 3.75621e-06 5.28009e-05 0.0069373 1.48042e-06 0.00947385 2.90397e-09 0.000111937 0.0687032 2.01079e-06 0.000749686 0.0532636 0.248325 0.0269616 2.00505e-07 
3.81742e-08 1.75904e-07 1.7192e-07 1.8557e-12 0.0197264 0.00946893 1.46527e-07 0.0602186 0.0105883 1.36319e-07 0.00155085 6.65182e-10 1.79815e-07 6.63358e-12 4.21847e-08 1.14499e-11 2.51284e-08 7.62016e-06 0.0219485 1.20584e-11 0.0279168 2.76754e-12 0.00084474 1.52685e-07 4.61077e-06 2.6401e-07 0.0619585 0.499845 0.28592 8.74269e-12 
1.50615e-07 0.0444485 1.06891e-06 1.11445e-11 6.54016e-06 1.25302e-07 3.39009e-06 0.00363348 0.239945 0.64395 2.22155e-07 3.25124e-06 1.54048e-11 2.23134e-07 0.0064628 3.85141e-07 5.58718e-11 0.000136714 1.35829e-06 7.24175e-11 0.01155 1.66206e-11 0.0171897 9.14383e-07 1.2552e-07 2.12249e-11 0.0027223 0.0123188 0.0176249 2.63048e-08 
8.11668e-06 0.000177553 0.000205598 1.62928e-05 0.00456261 0.0733264 0.000908117 0.00427264 0.00639732 7.07345e-05 0.0032082 1.91943e-07 0.00524967 8.38837e-05 0.000239986 1.71244e-08 9.8925e-07 3.0745e-05 0.0143037 2.72867e-05 0.212291 6.16679e-10 0.00918224 0.000636541 0.000138745 0.0302102 0.0468597 0.0226752 0.564916 1.9481e-09 
0.000269846 0.0282865 0.00936933 1.89516e-05 0.192038 0.0219499 0.428101 0.0256509 0.00216331 0.00183127 0.0931889 5.46169e-08 0.00153214 5.24168e-05 0.00312953 9.49531e-08 0.00145355 1.18257e-05 0.0199554 5.68618e-07 0.0206931 2.29511e-08 0.00421202 0.0734436 0.00271006 0.0209764 0.0107679 0.0305876 0.00760624 7.25027e-08 
2.0572e-06 2.62205e-08 8.89106e-12 2.42067e-06 0.000429615 0.0288623 6.30528e-09 0.00142335 0.00167503 9.95417e-12 0.753302 1.12066e-09 0.0212184 6.39373e-05 1.6359e-07 2.51668e-11 5.56488e-08 0.00255018 0.0131984 2.65044e-11 0.00205365 6.08306e-12 1.63325e-05 0.00264742 1.25336e-10 0.018958 0.00350048 0.146467 0.0036292 6.87189e-09 
0.00115575 0.0318191 0.000480924 0.0269792 0.00525451 0.105448 0.0459489 0.0876868 0.00865084 0.0061654 0.14989 4.21226e-05 0.0395703 0.00245143 0.0152908 9.5453e-10 0.00220258 0.00495902 0.0328957 0.00176059 0.0257508 1.9199e-05 0.00234343 0.218936 0.000943301 0.00175707 0.0417292 0.0543242 0.0855442 3.35563e-07 
0.00115575 0.0318191 0.000480924 0.0269792 0.00525451 0.105448 0.0459489 0.0876868 0.00865084 0.0061654 0.14989 4.21226e-05 0.0395703 0.00245143 0.0152908 9.5453e-10 0.00220258 0.00495902 0.0328957 0.00176059 0.0257508 1.9199e-05 0.00234343 0.218936 0.000943301 0.00175707 0.0417292 0.0543242 0.0855442 3.35563e-07 
0.0128392 0.00210204 0.00112641 0.0120181 0.0303642 0.0922572 0.0137065 0.0147505 0.00750401 0.00106814 0.0278646 2.50345e-05 0.00570103 0.00425421 0.00931455 1.362e-05 0.000396189 0.00160866 0.0235257 0.000444827 0.0329072 0.000150585 0.0127178 0.00298332 0.00056503 0.0937128 0.450564 0.034779 0.11049 0.000245499 
0.00474274 0.00296932 0.00311458 0.0269119 0.00253454 0.320033 0.0169631 0.00808833 0.0621947 0.000834446 0.0181796 8.32892e-05 0.101397 0.00161923 0.00342304 7.51633e-05 0.00103935 0.000551046 0.00542358 2.76254e-06 0.00586745 5.51299e-05 0.0210733 0.00559997 0.000174214 0.209515 0.0341339 0.0266865 0.116713 5.35915e-07 
0.00662273 0.000360799 1.40781e-05 6.07527e-05 0.00133944 0.62537 0.000186949 0.00166753 0.00338323 1.36911e-05 0.00681172 0.000206581 0.00504547 0.000114065 0.000123321 0.000584228 0.303231 0.000262159 0.00189596 3.64545e-05 0.00219424 8.36672e-06 0.00267938 0.00467535 0.000106273 1.71473e-05 0.00462117 0.0135868 0.0147348 4.64145e-05 
0.00185903 0.00312063 0.00250885 0.594778 0.0269022 0.0163175 0.0120518 0.0163504 0.00567685 0.00115399 0.00497659 0.000452117 0.000957116 0.000461014 0.000496954 1.47391e-07 0.000132122 0.018396 0.0273124 4.58756e-05 0.15077 6.47526e-05 0.00450511 0.0179014 0.000163258 0.00281809 0.0195158 0.0619217 0.00831835 7.16218e-05 
0.00403588 0.00532738 0.000399481 2.74398e-05 0.00987062 0.045336 0.0109344 0.00663572 0.00156509 0.000289671 0.363569 0.000187878 0.0554509 0.00027385 0.0175917 6.38671e-08 0.0129075 0.000250577 0.00620007 7.74478e-05 0.0301357 2.48601e-06 0.00787996 0.0186315 0.000239511 0.000560133 0.00797057 0.130787 0.262863 2.74736e-09 
0.00954108 0.00502547 0.000460018 0.00758889 0.0295692 0.160829 0.00601505 0.0125911 0.00955108 0.000129307 0.189567 0.000345277 0.0131704 0.000388534 8.11788e-05 4.94098e-07 0.000101125 0.00115978 0.0296546 2.08071e-07 0.0455585 3.07012e-06 0.00161355 0.110587 5.33052e-05 0.00642473 0.0944903 0.224078 0.0414139 8.94798e-06 
0.0465332 0.0217361 0.00795051 3.8614e-06 0.035389 0.0298173 0.0595553 0.00671156 0.00628535 0.00241132 0.0987433 4.20476e-05 0.00546593 0.000749185 0.0294835 8.94208e-07 0.0424816 0.00710988 0.0126396 3.51184e-13 0.247032 8.6697e-07 0.000496335 0.153071 0.000120254 0.00827837 0.122343 0.0421322 0.0134151 1.41011e-06 
7.34472e-08 3.3844e-07 3.30774e-07 3.57037e-12 8.88821e-07 0.00167722 2.81918e-07 0.0722125 1.34017e-06 2.62279e-07 1.25896e-07 1.26714e-11 4.14609e-08 1.2763e-11 0.00272718 2.20296e-11 4.83471e-08 7.29414e-08 0.0184181 2.32004e-11 0.799637 5.32476e-12 3.31622e-07 0.00302609 4.4135e-08 5.07956e-07 0.0259761 0.00480051 0.0715206 1.6821e-11 
0.0642066 0.286009 0.048434 0.0035489 0.0377034 0.0163982 0.26879 0.0085311 0.00458167 0.000978123 0.0122051 0.00319935 0.00185385 0.000598882 0.00313856 0.000649177 0.0168075 0.0068277 0.0175394 8.86504e-05 0.0649405 0.000193751 0.00547735 0.0151503 0.00267337 0.0142145 0.0233882 0.0142223 0.0576065 4.31625e-05 
5.44125e-08 0.00503029 3.1639e-07 1.34171e-07 0.12418 0.000847369 0.0087653 0.00529952 8.18865e-07 5.32073e-05 0.00084931 1.18917e-10 0.000250974 1.48397e-06 5.55937e-11 2.0674e-10 6.28146e-09 5.21178e-07 2.0735e-06 2.17728e-10 0.065616 4.9971e-11 0.00272677 0.0120527 9.20221e-11 4.62226e-07 0.582661 0.0333073 0.158354 1.57859e-10 
1.07818e-08 0.000423566 8.58946e-13 5.52056e-10 0.00258215 0.00336062 0.0011171 0.752349 0.00109361 1.93291e-10 1.05462e-08 2.02795e-08 5.88308e-09 0.000312771 3.48971e-05 2.43131e-12 8.10158e-09 0.000156366 0.0250227 2.56053e-12 0.0150257 5.87671e-13 4.55684e-05 0.00648758 1.0822e-12 0.000375126 0.00172139 0.150846 0.0390452 1.85646e-12 
0.904054 0.00480303 7.01312e-05 4.00285e-07 0.00159311 0.000319002 0.00281887 0.00255288 0.000215133 3.4945e-05 0.00734911 0.000332574 0.00157669 0.000206568 0.000237079 8.31286e-08 0.000141829 4.66292e-05 0.000451164 1.02027e-12 0.00473916 7.66073e-08 8.70266e-05 0.00559413 8.07677e-06 0.00210833 0.053436 0.00347923 0.00374445 7.73797e-07 
0.141253 0.0239826 0.00251025 0.00111231 0.0115488 0.0597385 0.0137937 0.00682857 0.0629173 0.000654215 0.00874608 0.00308383 0.00429179 0.000287138 0.00542695 1.34547e-08 0.000199394 0.000975435 0.123602 0.00668985 0.315781 6.14229e-05 0.00534359 0.0241207 0.000555875 0.0585089 0.0151132 0.0309966 0.0718762 9.57992e-08 
0.00116742 0.0113661 0.0046938 0.000533665 0.0519671 0.00434646 0.00852728 0.00141115 0.000938674 6.78755e-05 0.000700379 1.01452e-07 0.000800722 2.50982e-06 1.78344e-05 2.86011e-10 1.77882e-05 0.000332828 0.00667167 7.19803e-10 0.071136 1.17916e-08 6.98114e-05 0.00388241 0.000618779 0.782751 0.0110068 0.0239093 0.013062 1.23191e-07 
0.000927787 0.0132012 0.25283 0.00063033 0.21817 0.00564323 0.0450499 0.010934 0.00151426 0.00105144 0.00364524 0.00996221 0.00425749 1.59051e-05 0.000629692 4.85093e-12 7.83125e-06 0.00332787 0.00290412 2.28652e-08 0.015507 4.59792e-08 0.0131173 0.00765956 0.0228216 0.32191 0.0107249 0.0258114 0.00772716 1.82845e-05 
7.36773e-05 0.00023131 0.000293813 5.82638e-07 0.0182146 0.00249284 0.000262478 0.00239843 0.0304251 0.000145967 0.00214786 1.30176e-08 4.23215e-05 0.000147569 2.18447e-05 8.99001e-07 2.68983e-06 0.000861287 0.00438913 1.52412e-06 0.35022 1.5078e-07 2.63484e-05 0.492891 0.00131149 0.00359389 0.0831101 0.00620161 0.000490576 5.91563e-07 
7.65149e-08 1.93997e-07 3.6907e-06 0.00010724 0.000282867 0.00935217 0.000611525 0.093195 0.126136 8.48199e-10 0.0307772 2.44641e-06 0.0066872 0.0171471 0.000932217 2.14447e-09 8.69351e-06 0.000164445 0.00922532 3.82328e-07 0.440511 5.1834e-10 0.00427018 0.108246 3.1872e-05 0.0191196 0.0404597 0.0143064 0.0784213 2.55994e-08 
0.00192515 0.0226801 0.00138687 0.00406857 0.0375691 0.0143349 0.0142923 0.0100785 0.0303447 0.000266769 0.00934958 0.00206671 0.000222048 8.75341e-05 0.000118264 1.62931e-09 0.00122396 0.0119214 0.0157046 0.000273402 0.409884 6.14084e-05 0.000709429 0.0686582 0.000479739 0.262041 0.0229303 0.0286734 0.0286474 4.30676e-07 
0.000484364 0.0237605 0.00175358 3.27564e-05 0.0539883 0.00115071 0.0137855 0.0265686 0.00343423 0.00474653 0.00167174 8.04174e-08 0.0030349 0.000546261 0.5076 1.39808e-07 1.13598e-07 0.000129396 0.0450409 0.00026907 0.0420885 3.37929e-08 0.00492332 0.00147204 2.54537e-05 0.000458803 0.00472306 0.0322071 0.226104 1.06752e-07 
0.000927787 0.0132012 0.25283 0.00063033 0.21817 0.00564323 0.0450499 0.010934 0.00151426 0.00105144 0.00364524 0.00996221 0.00425749 1.59051e-05 0.000629692 4.85093e-12 7.83125e-06 0.00332787 0.00290412 2.28652e-08 0.015507 4.59792e-08 0.0131173 0.00765956 0.0228216 0.32191 0.0107249 0.0258114 0.00772716 1.82845e-05 
2.32205e-06 5.09559e-06 0.000676817 3.90842e-05 0.00109455 0.508678 0.00047257 0.00123092 0.018632 6.69089e-10 0.0935491 1.88334e-08 0.00681058 8.59679e-07 1.86063e-05 1.69164e-09 8.99547e-07 0.00256801 0.00260621 2.92071e-06 0.0024371 4.08885e-10 0.00184351 0.00343982 1.08411e-05 0.00373928 0.0186225 0.323844 0.00967393 1.11935e-07 
0.0310313 0.0576564 0.00464942 0.0140992 0.139891 0.0383091 0.0203584 0.0187527 0.0831276 0.000129418 0.036553 0.00283584 0.00319028 8.45115e-05 0.000114827 1.57471e-09 0.000734583 0.018491 0.0271206 6.5696e-05 0.0900098 1.08481e-05 0.00109612 0.113067 0.000769197 0.0471412 0.0223854 0.190925 0.0374009 1.37791e-09 
3.50285e-06 0.000137311 1.33888e-08 4.59376e-06 0.000985653 0.492982 0.000225095 0.00667545 0.010649 7.15501e-05 0.0953662 9.08618e-07 0.0387847 0.00117985 0.000157459 6.64497e-08 0.00159463 1.75491e-05 7.42506e-05 2.89127e-11 0.0368853 1.72598e-09 0.00137132 0.022061 3.81167e-05 0.00178833 0.0199782 0.123858 0.145108 1.79317e-06 
3.60998e-07 0.0526618 5.93446e-07 7.6249e-07 2.92467e-06 0.0559698 0.613637 0.0228347 9.79573e-07 0.00607119 3.42761e-07 0.00691969 0.0117238 3.95594e-11 5.65547e-07 6.82813e-11 1.22113e-07 2.02699e-07 1.0562e-11 7.19104e-11 2.27424e-06 1.65042e-11 0.0733287 0.000912864 1.58072e-07 6.0215e-06 0.0816139 0.00129005 0.0730212 5.21371e-11 
0.000392505 7.5966e-06 7.79382e-05 1.27979e-06 0.00131737 0.0412941 0.000805695 0.000758844 0.0354947 4.68794e-05 0.217926 1.99969e-09 0.0396128 6.14e-05 6.00264e-05 3.06044e-09 0.00123568 1.22663e-05 0.00640328 2.65318e-12 0.00389171 7.58509e-10 0.00101189 0.0320736 2.04309e-05 0.00514895 0.530145 0.0771743 0.00502554 2.15946e-07 
8.10072e-06 7.61484e-05 3.38296e-06 3.58949e-08 0.00701993 0.0576544 0.00322192 0.000317658 0.0127158 3.82892e-05 4.67823e-07 8.58652e-07 0.0293765 0.000281941 0.000178839 2.70369e-09 1.82447e-05 1.02886e-09 0.000796842 0.00394076 0.0548024 6.53507e-10 0.0944937 0.000927911 1.7973e-07 6.6503e-07 0.0984385 0.00318753 0.632498 7.38946e-07 
0.0289529 1.68794e-05 8.10711e-05 2.66574e-05 0.03931 0.359687 0.000217501 0.00200349 0.0020224 2.36303e-05 0.121135 6.10581e-09 0.0273387 0.000265194 4.82224e-08 4.30619e-05 0.000364824 3.87611e-05 0.00314559 5.00187e-11 0.0206222 1.19059e-09 0.0101178 0.00367707 2.74141e-05 0.041633 0.27318 0.0585223 0.00754785 1.01225e-08 
0.139193 0.0330257 0.00303413 0.00426377 0.0291015 0.0240913 0.0157703 0.0137143 0.0423483 0.000357565 0.0488122 0.000957558 0.000213846 0.00105154 8.24869e-05 4.25872e-07 0.000303597 0.00243617 0.0261361 1.11819e-08 0.392245 2.55867e-08 0.000147015 0.0749693 0.000168296 0.0354246 0.0753743 0.0320054 0.00477079 2.47818e-06 
0.00103456 0.116498 0.296806 4.03626e-06 0.00176187 0.00119189 0.0461738 0.00298854 1.2969e-07 1.14222e-05 1.42522e-08 0.525804 0.000152583 2.68042e-11 0.000304643 4.62653e-11 3.75919e-11 2.43921e-07 7.13414e-07 4.87243e-11 0.00291843 1.11828e-11 2.80111e-06 0.000276484 2.00879e-05 0.00012096 0.000101873 0.0038272 4.98217e-12 7.09783e-09 
3.54983e-11 1.47799e-06 1.16235e-10 8.53706e-08 6.05862e-11 0.234592 4.60716e-06 0.0240329 2.16644e-05 1.13229e-06 1.24928e-06 1.89247e-10 5.75664e-06 0.000611575 8.40585e-07 0.000182174 2.67331e-10 1.25202e-10 0.112605 3.46498e-10 0.368411 7.95251e-11 0.0623263 1.81989e-06 1.46446e-10 2.61007e-06 1.00009e-05 0.0267918 0.170395 2.51221e-10 
1.65714e-09 1.3594e-13 2.67281e-13 0.00528663 0.00273603 0.0728121 1.14086e-10 1.05288e-08 9.42076e-08 2.9924e-13 0.74804 6.53195e-10 0.0378791 3.13841e-08 3.70289e-09 7.5656e-13 3.28269e-08 0.000899256 0.00141842 7.9677e-13 0.00162372 1.82868e-13 6.95807e-08 0.0084932 6.76872e-11 0.00293749 0.00631533 0.107039 0.00451935 4.04434e-09 
0.0171267 0.00601747 0.00124717 0.0695408 0.0400283 0.0661429 0.00806416 0.00766113 0.0204143 0.000374381 0.026687 0.000247332 0.133051 0.000111136 0.00174243 8.78178e-09 0.00327609 0.000398701 0.00562757 3.94528e-07 0.0336852 5.70581e-07 0.00436464 0.00243908 0.000105105 0.274485 0.141326 0.0338495 0.101984 2.67645e-06 
0.00308933 0.0465692 0.00216362 0.00262663 0.0271559 0.0117715 0.0312015 0.0195832 0.0594434 0.000457448 0.0276662 0.00336422 0.00186434 0.000355096 6.40093e-05 4.09869e-09 0.0019489 0.00745283 0.0155534 0.000468984 0.487742 2.69461e-05 0.00100758 0.0619641 0.000442928 0.122685 0.0148089 0.0291863 0.0193364 4.23194e-09 
3.60998e-07 0.0526618 5.93446e-07 7.6249e-07 2.92467e-06 0.0559698 0.613637 0.0228347 9.79573e-07 0.00607119 3.42761e-07 0.00691969 0.0117238 3.95594e-11 5.65547e-07 6.82813e-11 1.22113e-07 2.02699e-07 1.0562e-11 7.19104e-11 2.27424e-06 1.65042e-11 0.0733287 0.000912864 1.58072e-07 6.0215e-06 0.0816139 0.00129005 0.0730212 5.21371e-11 
0.0131792 0.00101131 0.000637099 3.19573e-06 0.0822448 0.00886595 0.00565545 0.0037832 0.00371023 4.00583e-05 0.0822749 3.37638e-06 0.00399249 0.000330188 0.00105233 3.63865e-07 2.7377e-06 0.000242804 0.0356043 1.58174e-09 0.0719919 5.92382e-08 0.000388789 0.125812 2.40114e-05 0.0140041 0.246586 0.236993 0.0615597 7.07583e-06 
1.09847e-06 1.95005e-05 0.00186002 0.418009 0.339451 0.00599352 0.000229634 0.00854484 1.44732e-07 2.61981e-08 0.000912653 0.0956173 1.75744e-05 2.7715e-11 8.27359e-08 2.83833e-08 2.13998e-05 0.0239499 2.70133e-08 1.83811e-07 0.00906792 1.13045e-08 0.0766249 0.000369889 1.37318e-05 0.000288676 0.000468273 0.0153786 0.00315993 9.23401e-08 
0.000301013 9.94798e-05 0.000195889 1.62887e-06 0.489028 0.0577689 4.23726e-05 5.45378e-05 0.000728603 1.39672e-08 0.00180825 0.000558029 7.91108e-09 0.000339077 9.49588e-09 3.5313e-08 0.0018754 1.3438e-08 1.34316e-05 3.71898e-08 0.00823707 8.53548e-09 0.140853 0.00133249 1.57182e-08 0.112286 0.180901 5.8887e-06 0.0035653 4.4283e-06 
4.9207e-05 0.00253669 0.000150494 0.000422369 0.0214889 0.101415 0.00350047 0.00767217 0.201428 1.91365e-05 0.235194 1.52554e-05 0.053204 0.00173997 1.50564e-05 4.01318e-08 0.00068613 0.000130456 0.00317496 3.42342e-05 0.0319193 1.48703e-05 0.0371254 0.0304316 0.000777808 0.002832 0.173676 0.0657666 0.0244814 9.85888e-05 
1.32887e-08 3.37273e-08 2.99232e-08 5.4759e-08 4.27142e-07 0.0193278 0.000459414 0.0136329 0.00204409 7.31448e-13 0.019423 1.09573e-08 0.000440599 5.86071e-08 9.07057e-08 1.8493e-12 3.36599e-08 7.68481e-08 0.0281177 1.94759e-12 0.439969 4.46993e-13 1.18128e-07 0.0480868 5.41634e-08 0.206707 0.0391588 0.0681603 0.114472 1.41205e-12 
3.75537e-05 0.00243597 0.00339919 5.28851e-08 0.00662176 0.241013 0.022085 0.00430322 0.0093308 0.000264424 0.00526795 9.64764e-12 0.00120692 1.72073e-08 0.000306644 4.45658e-06 0.000123419 0.000586086 0.00129989 1.76642e-11 0.0376724 9.19684e-09 0.00915 0.000883091 0.000202412 0.163572 0.0991422 0.36361 0.0274643 1.6689e-05 
0.0043246 0.0520922 0.00302844 0.00367424 0.0359633 0.0164787 0.0324539 0.0130049 0.0693337 0.000640122 0.01987 0.00470811 0.000401162 0.000158226 8.95353e-05 2.00921e-09 0.00272604 0.0104324 0.0217737 0.000655908 0.360971 3.76472e-05 0.000803385 0.0853422 0.000619641 0.171755 0.0207317 0.04086 0.0270702 2.06762e-09 
6.83631e-06 8.0056e-13 1.57404e-12 1.9441e-06 0.0014316 0.0652861 3.19782e-13 0.000708405 0.0058225 1.76224e-12 0.420581 8.90969e-10 0.0515228 4.27157e-08 2.45889e-07 4.45542e-12 4.46803e-08 0.00849919 0.0274759 4.69223e-12 0.00122838 1.07692e-12 0.00171475 0.00272794 9.36472e-11 0.00901324 0.113463 0.278448 0.0120687 5.50697e-09 
1.15192e-05 2.3837e-05 1.30411e-05 0.0190324 0.0456058 0.116966 7.82579e-05 0.00168254 0.132476 5.92654e-08 0.018993 3.62093e-07 0.00673115 0.000139337 9.51318e-05 1.18557e-10 0.000514052 0.00149403 0.00482006 0.000580875 0.0871147 8.64657e-08 0.000810434 0.135545 4.77114e-05 0.143903 0.0441059 0.0552146 0.184002 6.93194e-07 
0.0380739 0.0638974 0.000834843 0.00116782 0.0079479 0.249691 0.00931273 0.100545 0.018197 0.000100087 0.0455647 0.000286592 0.00228919 0.000508172 0.00066166 2.3841e-07 0.000542417 0.0030496 0.0227653 0.00145437 0.139175 9.82266e-06 0.000150339 0.115821 0.000627849 0.0681692 0.0320745 0.0463896 0.0306921 1.0627e-06 
0.000122351 0.0153094 0.052197 2.0198e-05 0.000187052 1.99345e-05 0.0073562 2.71956e-05 5.94652e-09 7.58167e-06 8.23869e-06 0.924175 1.58705e-09 9.15778e-08 3.31516e-05 1.38753e-10 8.49316e-13 6.83982e-06 5.14721e-08 1.30634e-09 0.000168352 2.52653e-13 4.76269e-05 0.000150501 2.92655e-05 1.15386e-05 5.8159e-06 0.000114869 2.45992e-09 1.6156e-06 
0.000927787 0.0132012 0.25283 0.00063033 0.21817 0.00564323 0.0450499 0.010934 0.00151426 0.00105144 0.00364524 0.00996221 0.00425749 1.59051e-05 0.000629692 4.85093e-12 7.83125e-06 0.00332787 0.00290412 2.28652e-08 0.015507 4.59792e-08 0.0131173 0.00765956 0.0228216 0.32191 0.0107249 0.0258114 0.00772716 1.82845e-05 
0.0274615 0.0059129 0.00897035 0.0238664 0.0377293 0.241359 0.00902708 0.0029048 0.00012018 8.34137e-05 0.00699985 2.80249e-07 0.0137689 0.000164774 0.000883404 0.000118566 0.000293967 3.57865e-07 0.000168872 1.42456e-07 0.0339114 1.5002e-10 0.136693 0.00193003 8.33391e-06 0.0306648 0.405817 0.00329235 0.00784713 1.43459e-06 
0.00964628 0.0104515 0.00317258 0.000128769 0.0244111 0.00886953 0.0101933 0.021371 0.0449914 2.3439e-05 0.0200595 0.0244899 0.000537457 9.31675e-05 0.00057021 9.2365e-10 3.71454e-06 0.000444205 0.0551539 0.000673388 0.161871 1.35973e-05 0.00149904 0.156583 5.76487e-05 0.00491575 0.0285766 0.391268 0.0198969 3.3747e-05 
1.49804e-05 5.58231e-07 3.09904e-10 3.42075e-05 0.00661588 0.028878 1.30469e-05 0.00142633 0.00168016 3.4696e-10 0.775797 1.61365e-08 0.00859186 6.54354e-05 2.53942e-07 8.77207e-10 7.86819e-07 0.00255866 0.0132119 9.2383e-10 0.00205759 2.12029e-10 1.66656e-06 0.00265096 2.00332e-09 0.0127443 0.00350501 0.115265 0.0248857 9.75076e-08 
0.0161509 0.000384652 0.000798524 3.36111e-05 0.0955112 0.545041 0.00016598 0.00125568 0.00124305 4.54454e-05 0.0110755 3.77595e-06 0.00762282 0.000186871 7.14373e-06 3.82762e-05 0.000249418 1.7996e-05 0.000678518 4.98021e-07 0.00553342 2.4291e-07 0.00832933 0.000318502 3.77647e-05 0.0212761 0.271829 0.00587118 0.00628783 6.17531e-06 
0.00308933 0.0465692 0.00216362 0.00262663 0.0271559 0.0117715 0.0312015 0.0195832 0.0594434 0.000457448 0.0276662 0.00336422 0.00186434 0.000355096 6.40093e-05 4.09869e-09 0.0019489 0.00745283 0.0155534 0.000468984 0.487742 2.69461e-05 0.00100758 0.0619641 0.000442928 0.122685 0.0148089 0.0291863 0.0193364 4.23194e-09 
3.42661e-06 3.54936e-08 1.01177e-11 3.47975e-06 0.000715983 0.0481036 8.53503e-09 0.00237221 0.00279163 1.13275e-11 0.672342 1.60663e-09 0.014305 0.000106538 2.71089e-07 2.8639e-11 7.999e-08 0.00425016 0.021997 3.01612e-11 0.00342268 6.92232e-12 1.69511e-07 0.00441231 1.76817e-10 0.0212193 0.00583407 0.192071 0.00604859 9.8727e-09 
2.9528e-05 0.00339663 0.00694501 1.15993e-05 0.00718089 0.0920977 0.037469 0.00311164 0.0101331 0.000553253 0.0062869 1.98888e-08 0.00097922 3.79036e-06 0.000712799 0.0168658 6.10073e-06 0.000622115 0.00139851 3.64151e-08 0.00420524 2.02375e-06 0.0113307 0.000421853 0.000520316 0.590104 0.0737831 0.116332 0.0154035 9.3502e-05 
0.012187 0.0517693 0.0021225 0.00920335 0.141626 0.024244 0.0205007 0.059556 0.0236526 0.00117853 0.00850295 0.00114387 0.000519168 1.70782e-05 0.000226592 4.44251e-09 0.00119488 0.0118804 0.0106849 0.000345869 0.20925 2.24549e-06 0.000964905 0.0615319 0.000313101 0.279778 0.0190006 0.0311379 0.0174645 5.58221e-07 
0.000927787 0.0132012 0.25283 0.00063033 0.21817 0.00564323 0.0450499 0.010934 0.00151426 0.00105144 0.00364524 0.00996221 0.00425749 1.59051e-05 0.000629692 4.85093e-12 7.83125e-06 0.00332787 0.00290412 2.28652e-08 0.015507 4.59792e-08 0.0131173 0.00765956 0.0228216 0.32191 0.0107249 0.0258114 0.00772716 1.82845e-05 
0.0230731 0.0135629 0.000677122 1.84827e-05 0.031584 0.0101009 0.0104935 0.0102592 0.0618724 0.000604548 0.0173996 9.9595e-07 0.00379906 4.19511e-05 0.0056656 9.49605e-11 0.0907848 2.70871e-05 0.00554154 0.00394975 0.240769 1.66367e-06 0.00460951 0.0863263 0.0025716 0.0601751 0.0205449 0.0618199 0.233724 1.82238e-06 
0.000122351 0.0153094 0.052197 2.0198e-05 0.000187052 1.99345e-05 0.0073562 2.71956e-05 5.94652e-09 7.58167e-06 8.23869e-06 0.924175 1.58705e-09 9.15778e-08 3.31516e-05 1.38753e-10 8.49316e-13 6.83982e-06 5.14721e-08 1.30634e-09 0.000168352 2.52653e-13 4.76269e-05 0.000150501 2.92655e-05 1.15386e-05 5.8159e-06 0.000114869 2.45992e-09 1.6156e-06 
0.00774846 0.000126996 0.000209185 3.67342e-05 0.0266066 0.0264939 0.00172723 0.00387207 0.000543267 2.86258e-09 0.00491472 8.56182e-09 0.00285584 8.46263e-09 0.00457287 6.93071e-12 2.68449e-06 0.000143541 0.0048127 1.46586e-08 0.103731 7.83261e-09 0.00355779 0.029237 7.75183e-06 0.000458025 0.0861833 0.151232 0.540926 2.2072e-08 
0.00924523 0.00723552 0.00472774 2.53914e-06 0.0655157 0.00626736 0.709556 0.00930807 0.000102489 0.00712544 0.00348198 0.000378465 0.000218918 9.02161e-07 0.000305578 3.76434e-08 1.25301e-05 5.18654e-05 0.0606981 0.00016503 0.0310629 2.64295e-07 5.78515e-05 0.00199851 1.84131e-06 0.000116293 0.00926855 0.0610721 0.0120224 7.03376e-09 
3.60998e-07 0.0526618 5.93446e-07 7.6249e-07 2.92467e-06 0.0559698 0.613637 0.0228347 9.79573e-07 0.00607119 3.42761e-07 0.00691969 0.0117238 3.95594e-11 5.65547e-07 6.82813e-11 1.22113e-07 2.02699e-07 1.0562e-11 7.19104e-11 2.27424e-06 1.65042e-11 0.0733287 0.000912864 1.58072e-07 6.0215e-06 0.0816139 0.00129005 0.0730212 5.21371e-11 
2.92975e-05 0.000911092 5.43059e-05 0.116423 0.029087 0.154539 0.000252002 0.00568627 0.0165246 6.89524e-07 0.0592325 8.12807e-07 0.00283776 0.000494164 0.000327049 7.56203e-06 4.58324e-05 0.000425164 0.0171257 4.55468e-08 0.0438569 1.04535e-08 0.00577975 0.0119487 0.000171839 0.0930316 0.163357 0.0654709 0.212376 3.65299e-06 
0.000122351 0.0153094 0.052197 2.0198e-05 0.000187052 1.99345e-05 0.0073562 2.71956e-05 5.94652e-09 7.58167e-06 8.23869e-06 0.924175 1.58705e-09 9.15778e-08 3.31516e-05 1.38753e-10 8.49316e-13 6.83982e-06 5.14721e-08 1.30634e-09 0.000168352 2.52653e-13 4.76269e-05 0.000150501 2.92655e-05 1.15386e-05 5.8159e-06 0.000114869 2.45992e-09 1.6156e-06 
0.00619865 0.0162992 1.82563e-08 6.29664e-13 0.00794882 0.0136803 0.00139449 0.00687534 0.00153055 9.37517e-09 0.221396 1.09523e-08 0.0622995 4.5062e-05 1.52541e-08 3.8851e-12 4.42261e-09 0.000347538 1.9333e-07 6.95979e-09 1.31154e-07 9.39065e-13 0.000191573 0.124929 1.24527e-08 0.000472584 0.15207 0.367225 0.0170954 2.96652e-12 
2.0572e-06 2.62205e-08 8.89106e-12 2.42067e-06 0.000429615 0.0288623 6.30528e-09 0.00142335 0.00167503 9.95417e-12 0.753302 1.12066e-09 0.0212184 6.39373e-05 1.6359e-07 2.51668e-11 5.56488e-08 0.00255018 0.0131984 2.65044e-11 0.00205365 6.08306e-12 1.63325e-05 0.00264742 1.25336e-10 0.018958 0.00350048 0.146467 0.0036292 6.87189e-09 
0.0903768 0.0029068 7.78432e-06 0.000501254 0.010663 0.063939 0.00378663 0.0184831 0.0165494 7.70656e-08 0.0779116 0.0004777 0.0331197 0.000238886 0.000624479 0.000808217 0.000300365 0.000963428 0.0180042 7.6957e-08 0.0300357 7.7091e-08 0.0119007 0.0551109 0.000300602 3.09092e-05 0.0483002 0.313092 0.201527 3.85794e-05 
1.1298e-05 3.90374e-05 2.6312e-06 0.979107 0.000624778 0.00486164 6.83932e-05 0.00012161 0.000251289 1.99478e-06 0.00465832 2.84444e-07 0.000558886 1.71857e-05 3.91776e-06 4.639e-14 0.000133245 0.00557362 0.000177479 1.02754e-10 0.000166483 2.32759e-07 4.58164e-05 0.000775394 3.87363e-06 0.000579968 0.000401833 0.00153814 0.000269111 6.69232e-06 
8.20265e-06 7.66534e-05 3.53443e-06 4.2508e-08 0.00702257 0.0353033 0.00322349 0.000318375 0.00326535 3.87595e-05 8.56394e-07 1.56665e-06 0.00853867 0.00023368 0.000179272 4.97777e-09 1.87821e-05 1.89424e-09 0.000798516 0.00146668 0.0548084 1.20317e-09 0.0621535 0.00527087 2.12184e-07 1.2174e-06 0.0335794 0.00318859 0.780498 1.35273e-06 
0.000106839 0.0052727 0.00142614 8.71356e-08 0.00683388 0.102354 0.00193672 0.0135496 0.0100429 5.85887e-05 0.00207345 2.16649e-08 1.4354e-07 0.000414208 2.72069e-10 1.01176e-09 8.64445e-08 4.44046e-05 0.00645333 1.06553e-09 0.711088 2.44552e-10 0.000928957 0.0013269 1.2536e-07 0.00365051 0.0890871 0.000865494 0.0424837 1.84141e-06 
0.00750834 0.00362771 0.00213478 0.000288304 0.0142406 0.158253 0.0240842 0.00706567 0.00260801 0.00124619 0.00343853 0.000226367 0.00297181 0.00784503 4.04763e-06 8.97235e-08 0.000720604 0.000538585 0.0174576 0.00441693 0.00675089 1.16226e-06 0.437122 0.00130832 8.02564e-05 0.0737011 0.175077 0.00432193 0.0429472 1.42612e-05 
0.135605 0.248961 0.000422725 2.02856e-06 0.00384043 0.0447237 0.0515405 0.102888 0.0120337 0.000852424 0.000260046 8.06975e-07 0.000229426 0.0019012 0.0109466 7.153e-09 1.03915e-07 4.25463e-06 0.00157113 7.53318e-09 0.320352 1.72895e-09 0.000366683 0.00126384 1.46301e-07 0.0463785 0.0114027 0.000727641 0.00372529 4.5545e-08 
0.000122351 0.0153094 0.052197 2.0198e-05 0.000187052 1.99345e-05 0.0073562 2.71956e-05 5.94652e-09 7.58167e-06 8.23869e-06 0.924175 1.58705e-09 9.15778e-08 3.31516e-05 1.38753e-10 8.49316e-13 6.83982e-06 5.14721e-08 1.30634e-09 0.000168352 2.52653e-13 4.76269e-05 0.000150501 2.92655e-05 1.15386e-05 5.8159e-06 0.000114869 2.45992e-09 1.6156e-06 
0.000927787 0.0132012 0.25283 0.00063033 0.21817 0.00564323 0.0450499 0.010934 0.00151426 0.00105144 0.00364524 0.00996221 0.00425749 1.59051e-05 0.000629692 4.85093e-12 7.83125e-06 0.00332787 0.00290412 2.28652e-08 0.015507 4.59792e-08 0.0131173 0.00765956 0.0228216 0.32191 0.0107249 0.0258114 0.00772716 1.82845e-05 
0.000280225 0.0277869 0.128655 1.44365e-05 0.000133632 1.42453e-05 0.010657 0.00103073 1.47191e-08 5.42031e-06 5.88873e-06 0.830734 2.34979e-09 6.69274e-08 2.36903e-05 3.44797e-10 2.63159e-10 4.89113e-06 4.03221e-08 3.23485e-09 0.00036497 9.53768e-13 3.40398e-05 0.000107524 2.09191e-05 2.41294e-05 4.16126e-06 8.20612e-05 6.08889e-09 1.59166e-05 
3.60998e-07 0.0526618 5.93446e-07 7.6249e-07 2.92467e-06 0.0559698 0.613637 0.0228347 9.79573e-07 0.00607119 3.42761e-07 0.00691969 0.0117238 3.95594e-11 5.65547e-07 6.82813e-11 1.22113e-07 2.02699e-07 1.0562e-11 7.19104e-11 2.27424e-06 1.65042e-11 0.0733287 0.000912864 1.58072e-07 6.0215e-06 0.0816139 0.00129005 0.0730212 5.21371e-11 
5.2379e-08 0.00731883 8.93697e-07 0.04501 0.00807898 0.0547989 0.0596287 0.0439062 2.55239e-07 0.00198433 0.222683 6.68611e-05 0.00116797 2.79352e-07 0.010308 9.78233e-08 0.199918 0.0112508 0.00389187 1.57358e-07 0.0953612 1.20563e-07 0.00189069 0.0671455 0.00481818 0.00848155 0.0417973 0.0664171 0.0439782 9.63362e-05 
5.77003e-05 0.0347428 0.0175035 1.07193e-05 1.58017e-05 6.11946e-07 0.797527 0.00136403 6.93691e-11 0.000364367 3.78374e-07 0.146808 4.67813e-07 1.33911e-10 0.00158866 2.31136e-10 1.87805e-10 9.05035e-07 7.67879e-07 2.43421e-10 3.21054e-06 5.58679e-11 7.63011e-11 1.11951e-06 1.00382e-06 2.37835e-06 1.44133e-07 5.82862e-06 2.48904e-11 1.87739e-07 
0.00103456 0.116498 0.296806 4.03626e-06 0.00176187 0.00119189 0.0461738 0.00298854 1.2969e-07 1.14222e-05 1.42522e-08 0.525804 0.000152583 2.68042e-11 0.000304643 4.62653e-11 3.75919e-11 2.43921e-07 7.13414e-07 4.87243e-11 0.00291843 1.11828e-11 2.80111e-06 0.000276484 2.00879e-05 0.00012096 0.000101873 0.0038272 4.98217e-12 7.09783e-09 
0.00445705 0.0120245 9.69461e-08 2.56103e-06 0.0027599 0.011103 0.0192612 0.107162 0.0569978 0.00196776 0.0312088 6.5114e-12 0.00135617 0.00620437 5.14717e-08 9.92198e-09 2.46705e-08 3.84253e-08 0.0492523 1.19219e-11 0.252985 2.73621e-12 1.79296e-08 0.120713 1.49852e-08 0.00806102 0.230389 0.0500508 0.0340425 1.08868e-08 
0.0720118 0.0058067 3.0555e-06 0.0213486 0.0177406 0.0401117 0.0212565 0.108804 8.53874e-08 0.00371145 0.0228936 1.42792e-05 0.0159436 3.52348e-05 0.010944 8.12983e-05 0.000429429 6.82709e-05 0.0201745 0.000159783 0.257226 1.24487e-07 0.0280598 0.0619211 0.000252635 1.64233e-10 0.0281727 0.126224 0.1366 5.26627e-06 
0.00316742 0.00856833 2.50814e-07 0.226997 1.00496e-06 0.0110261 0.0078388 0.112882 0.0104275 0.000327681 0.326584 0.00130467 0.00210868 0.00538101 0.00398112 4.87212e-11 4.92854e-05 0.00244918 0.00678994 3.15045e-07 0.000388115 2.31531e-07 0.00396981 0.0975291 1.97707e-08 0.00745224 0.00559094 0.15074 0.00437095 7.3545e-05 
1.00036e-08 0.00021598 1.39908e-06 6.88413e-10 0.000444552 0.000363242 3.36623e-05 0.000441487 0.000279455 1.83604e-07 1.26447e-07 4.98352e-07 6.49883e-05 3.46448e-08 1.28987e-07 4.3339e-08 1.07834e-10 5.05028e-11 0.00722686 2.01886e-08 0.0125509 3.20782e-11 0.00265153 0.000440185 5.90723e-11 0.00029481 0.000618247 0.0184723 0.955899 4.14418e-08 
8.94648e-05 7.75415e-06 4.13578e-08 6.58864e-05 0.00488616 3.61367e-06 6.57511e-05 7.74069e-05 1.45813e-11 1.32567e-09 6.6702e-05 6.42936e-10 7.93335e-05 4.74043e-13 6.98867e-10 8.1822e-13 6.64828e-13 2.53154e-05 1.26566e-13 8.61708e-13 7.48842e-05 1.97772e-13 5.80518e-06 1.74519e-05 0.992821 0.00163298 8.01137e-05 7.22826e-10 3.09511e-11 1.08477e-07 
0.000984618 0.00493952 0.000311877 5.51972e-05 0.0127445 0.0121507 0.0118936 0.0606179 0.129359 0.000531957 0.00107701 2.15105e-05 0.00350619 0.000717775 0.000261786 3.19108e-06 8.15991e-07 7.57225e-05 0.00899958 1.98694e-08 0.576806 8.3005e-08 0.0016686 0.035433 3.18237e-05 0.0374694 0.0616888 0.016145 0.0225045 7.76482e-07 
2.23003e-05 6.25515e-05 1.44623e-06 0.645059 0.000386544 0.294791 0.0130712 0.000123181 0.000434893 1.32883e-06 0.0132881 4.21249e-07 0.000442749 3.44296e-05 1.8602e-06 1.09548e-08 0.000242682 0.000618776 0.000322431 1.26179e-07 0.000303733 2.65763e-07 0.0118589 0.00224024 0.00234169 0.00165999 0.0102203 0.00218505 0.000284177 1.17443e-06 
0.0126213 0.000342694 0.000264345 5.83231e-05 0.00611897 0.0322242 0.00498699 0.00144602 0.000992323 1.60482e-05 0.00871306 5.24834e-07 6.20382e-05 5.31451e-05 0.000415447 8.21949e-06 6.00489e-06 0.000358249 0.00993869 1.11464e-08 0.0244409 2.55822e-09 0.00117277 0.137654 1.78941e-05 0.00824575 0.729279 0.00232783 0.0182331 2.78346e-06 
0.00092791 0.0133934 0.00750466 4.45111e-05 0.00101909 0.547709 0.102767 0.0189321 0.000569767 0.00110261 0.00297832 8.4827e-05 0.048957 0.00180344 0.0625597 0.0173853 0.00167443 8.47141e-05 0.00196135 0.000112728 0.0207478 4.85346e-05 0.0284911 0.0135649 8.58452e-05 0.000178294 0.0301077 0.0202698 0.0549342 2.58872e-09 
0.000243846 0.00355005 0.00568553 0.000527073 0.0716572 0.00750558 0.01455 0.003207 0.00164928 0.00141091 0.00262469 1.25851e-09 0.00176596 1.77428e-06 0.000362686 5.92682e-12 2.26682e-05 0.00093118 0.00867208 1.42693e-07 0.0154806 1.29097e-09 0.00508994 0.0037418 0.000687296 0.804658 0.00756915 0.0211227 0.0172826 5.08718e-07 
0.00079156 0.00223054 1.6796e-06 5.48383e-06 0.00369758 6.56987e-05 0.00222501 0.000310304 1.55683e-09 7.8763e-08 0.0200024 3.90918e-08 0.0648736 1.10189e-06 8.19571e-05 2.37608e-09 1.93064e-09 1.61188e-06 0.00653713 2.50237e-09 0.000679012 5.74322e-10 5.03645e-07 0.000114421 0.898287 8.65023e-05 6.44035e-06 1.51893e-10 2.07228e-09 1.04005e-08 
4.7556e-05 2.04807e-07 1.81991e-07 3.85498e-05 0.0016513 0.0283101 0.000180785 0.0043096 0.0187172 8.46628e-06 0.0017725 0.000105463 2.41033e-07 3.22055e-07 5.50492e-07 1.35696e-07 2.05326e-07 0.000577035 1.70886e-06 1.55589e-09 0.639554 3.57093e-10 0.0021068 0.000290912 8.15278e-06 0.0144224 0.0156758 0.0069734 0.265247 1.12806e-09 
0.000122351 0.0153094 0.052197 2.0198e-05 0.000187052 1.99345e-05 0.0073562 2.71956e-05 5.94652e-09 7.58167e-06 8.23869e-06 0.924175 1.58705e-09 9.15778e-08 3.31516e-05 1.38753e-10 8.49316e-13 6.83982e-06 5.14721e-08 1.30634e-09 0.000168352 2.52653e-13 4.76269e-05 0.000150501 2.92655e-05 1.15386e-05 5.8159e-06 0.000114869 2.45992e-09 1.6156e-06 
2.01602e-05 0.00058548 3.58704e-05 0.0310625 0.0186237 0.0371444 0.000232702 0.100254 0.0223168 4.45637e-06 0.00128136 1.67313e-05 0.00386265 8.12964e-09 0.000685149 4.18397e-07 2.98195e-05 4.73072e-05 0.00277274 6.65729e-07 0.160982 3.3917e-09 0.0431061 0.000627353 5.67138e-05 0.168749 0.0605629 0.00399234 0.342946 1.3119e-06 
0.000927787 0.0132012 0.25283 0.00063033 0.21817 0.00564323 0.0450499 0.010934 0.00151426 0.00105144 0.00364524 0.00996221 0.00425749 1.59051e-05 0.000629692 4.85093e-12 7.83125e-06 0.00332787 0.00290412 2.28652e-08 0.015507 4.59792e-08 0.0131173 0.00765956 0.0228216 0.32191 0.0107249 0.0258114 0.00772716 1.82845e-05 
5.88574e-05 0.000853506 2.89298e-05 0.00140388 0.00126564 0.335674 0.00346435 0.0125242 0.0624417 0.000102409 0.102097 6.08229e-07 0.0344568 0.00122832 0.000190245 5.30433e-08 0.00106313 0.00202345 0.00206915 2.03227e-08 0.0245903 5.31598e-07 0.00172154 0.0410109 0.000119044 0.00268541 0.0283301 0.228627 0.111968 1.19727e-06 
0.00277807 0.00337467 0.000663621 0.000465384 0.141166 0.00529244 0.00806439 0.00381967 0.00112216 0.000258076 0.00318888 2.15023e-07 0.000317142 4.77555e-06 0.000154457 1.33935e-12 1.8029e-05 0.000724407 0.0148867 3.28507e-11 0.0612581 1.01294e-09 0.000437261 0.00385949 0.000929418 0.709976 0.0106851 0.0149669 0.0115881 6.44389e-07 
0.000122351 0.0153094 0.052197 2.0198e-05 0.000187052 1.99345e-05 0.0073562 2.71956e-05 5.94652e-09 7.58167e-06 8.23869e-06 0.924175 1.58705e-09 9.15778e-08 3.31516e-05 1.38753e-10 8.49316e-13 6.83982e-06 5.14721e-08 1.30634e-09 0.000168352 2.52653e-13 4.76269e-05 0.000150501 2.92655e-05 1.15386e-05 5.8159e-06 0.000114869 2.45992e-09 1.6156e-06 
7.34472e-08 3.3844e-07 3.30774e-07 3.57037e-12 8.88821e-07 0.00167722 2.81918e-07 0.0722125 1.34017e-06 2.62279e-07 1.25896e-07 1.26714e-11 4.14609e-08 1.2763e-11 0.00272718 2.20296e-11 4.83471e-08 7.29414e-08 0.0184181 2.32004e-11 0.799637 5.32476e-12 3.31622e-07 0.00302609 4.4135e-08 5.07956e-07 0.0259761 0.00480051 0.0715206 1.6821e-11 
0.0234687 0.00316762 8.11388e-05 5.89051e-06 0.0196369 0.225082 0.00345209 0.00231303 0.00430058 0.000424263 0.46886 3.67728e-07 0.0638082 0.000282027 0.00450662 8.1802e-07 1.4633e-05 0.00123752 0.00118703 2.28406e-05 0.0321791 1.29752e-06 0.00132595 0.0130457 1.61123e-05 0.00697654 0.088253 0.00672626 0.0296209 2.88849e-06 
0.000630647 0.00216792 0.000370707 0.00041389 0.0986709 0.015824 0.0122386 0.00399143 0.0159414 8.65901e-05 0.0178106 0.000129062 0.00376723 4.82892e-05 5.44874e-05 5.9062e-08 4.15016e-05 0.00047448 0.0219926 5.5078e-11 0.0751318 1.74957e-07 0.00554827 0.0110616 0.000233874 0.503552 0.165649 0.0161522 0.0280141 2.28456e-06 
0.00132978 0.00763829 0.00221967 3.05486e-05 0.0333222 0.00195216 0.00831223 0.0182552 0.00123883 2.83035e-08 7.02064e-09 3.14932e-09 0.000152434 3.54064e-05 0.141625 3.82809e-12 3.04854e-07 0.000156449 0.0212557 2.52931e-07 0.620454 1.37941e-09 0.00101917 0.00451952 4.89453e-05 0.0755284 0.0277981 0.0136132 0.0194939 4.08486e-07 
6.94176e-05 0.00387047 0.00115935 7.42944e-06 0.000819736 0.00233697 0.00294126 0.0485635 0.03005 6.56837e-05 0.00108948 3.41565e-05 0.000220444 0.000900608 1.13293e-11 4.21309e-11 2.34018e-07 3.54638e-05 0.00444936 4.43701e-11 0.844739 1.01834e-11 0.00113764 0.0236834 5.1407e-06 0.00041453 0.019228 0.00627122 0.00790777 5.57197e-09 
0.00069755 0.0143311 0.0260167 1.24225e-06 0.0015006 0.0250521 0.0216827 0.0135113 0.561694 0.00261847 0.0320827 4.79917e-07 0.000253867 6.16339e-06 2.08927e-07 2.64268e-07 0.0369752 0.00156317 0.0296764 0.0017688 0.0123857 4.10412e-07 0.00231362 0.0146798 8.56993e-06 0.00141662 0.0514328 0.1132 0.034376 0.000753438 
1.1021e-07 1.05714e-06 8.31041e-07 2.67334e-07 0.00333186 0.000440691 0.000845731 0.00196396 0.00649029 3.73028e-10 1.58308e-06 5.42479e-10 7.35749e-07 5.46403e-10 2.5361e-10 9.43115e-10 7.66309e-10 9.99726e-05 0.000425545 9.93241e-10 0.944862 2.2796e-10 0.000125822 1.17757e-10 2.33366e-07 0.00216804 0.00830863 0.0307766 0.000155098 4.80249e-07 
0.000396267 9.47371e-06 7.93553e-05 1.42576e-06 0.0238812 0.0309873 0.000807648 0.000624528 0.0295597 4.79507e-05 0.13985 1.95963e-07 0.00934385 0.000590836 6.02201e-05 1.12832e-07 0.00124898 1.28388e-05 0.00303031 2.75741e-10 0.00389695 4.52628e-08 0.000380401 0.0320872 2.13354e-05 0.00355568 0.61781 0.0990031 0.00271217 3.52427e-07 
0.000122351 0.0153094 0.052197 2.0198e-05 0.000187052 1.99345e-05 0.0073562 2.71956e-05 5.94652e-09 7.58167e-06 8.23869e-06 0.924175 1.58705e-09 9.15778e-08 3.31516e-05 1.38753e-10 8.49316e-13 6.83982e-06 5.14721e-08 1.30634e-09 0.000168352 2.52653e-13 4.76269e-05 0.000150501 2.92655e-05 1.15386e-05 5.8159e-06 0.000114869 2.45992e-09 1.6156e-06 
9.70788e-07 0.00139203 5.23327e-06 1.63095e-09 6.23255e-06 0.0376624 7.22266e-10 3.20352e-05 0.0179052 5.17938e-06 0.159472 2.13446e-06 0.0072973 5.83017e-09 2.70604e-09 1.00631e-08 0.147465 1.563e-06 1.36381e-05 1.0598e-08 0.145426 2.43235e-09 0.00582708 0.382485 4.4792e-09 0.0368838 0.0221007 0.0103196 0.0256974 7.68383e-09 
7.2145e-05 0.00461129 0.000512832 2.93651e-05 0.414695 0.0020561 0.00293638 0.00308341 0.00306985 0.00046139 0.000178898 3.31549e-10 0.00526856 7.64781e-06 0.000215134 5.76407e-10 2.75199e-08 0.00082167 0.00218968 5.13829e-08 0.0276828 1.39323e-10 0.0124408 0.0461062 2.55127e-05 0.00191429 0.329773 0.0888177 0.0530305 4.40123e-10 
1.05384e-10 5.30911e-07 6.48559e-05 1.55038e-07 0.436521 4.24544e-07 2.43247e-07 2.67433e-07 2.9314e-10 5.9358e-07 0.0109367 5.61818e-10 1.43383e-08 5.65881e-10 2.62651e-10 9.76736e-10 7.93627e-10 3.71686e-10 0.00735619 1.02865e-09 0.38581 2.36086e-10 1.63561e-06 1.21955e-10 4.34756e-10 3.6204e-06 0.146097 1.33347e-07 0.013207 7.45799e-10 
0.000122351 0.0153094 0.052197 2.0198e-05 0.000187052 1.99345e-05 0.0073562 2.71956e-05 5.94652e-09 7.58167e-06 8.23869e-06 0.924175 1.58705e-09 9.15778e-08 3.31516e-05 1.38753e-10 8.49316e-13 6.83982e-06 5.14721e-08 1.30634e-09 0.000168352 2.52653e-13 4.76269e-05 0.000150501 2.92655e-05 1.15386e-05 5.8159e-06 0.000114869 2.45992e-09 1.6156e-06 
5.76913e-09 6.03082e-05 7.12812e-13 3.27006e-13 0.0022222 0.00550771 0.000494427 0.0165824 0.000273213 7.98043e-13 0.0191826 5.68792e-09 0.00480018 2.03503e-05 9.19031e-05 2.01767e-12 1.63941e-12 0.000246431 0.022862 3.61446e-09 6.97387e-08 4.8769e-13 2.50654e-05 0.0466615 8.98085e-13 0.000407233 0.00935949 0.843309 0.0278944 1.54062e-12 
0.0632125 0.588793 0.00297498 6.62042e-06 0.0034168 0.0027735 0.0327647 0.0155469 0.000403765 0.00447638 0.00526955 0.00034359 0.0031027 0.0020951 0.00378675 2.69658e-05 0.00389381 0.000437019 0.215731 9.02391e-06 0.000235715 6.80842e-06 0.00302416 0.00382632 0.00265341 0.000814866 0.0380779 0.00221225 8.29666e-05 8.46548e-07 
0.000385241 0.0313971 4.75909e-05 4.77758e-07 0.00694042 0.270696 0.0413918 0.0389516 0.00274018 1.37138e-05 0.0231738 2.26912e-07 0.0282788 4.53627e-06 0.000472392 2.15123e-07 0.00330028 4.34016e-05 0.0101645 2.26556e-07 0.066164 1.96068e-07 0.00735995 0.00121653 1.77586e-05 0.0318262 0.407747 0.0151906 0.00990889 0.00256737 
0.00221065 0.0341337 0.0342563 8.48519e-05 0.165606 0.00369165 0.034932 0.0338768 0.00292034 0.000226372 0.000492142 2.30291e-06 0.00637812 2.48686e-06 0.000161173 3.6034e-11 1.13365e-06 0.000121904 0.00434815 7.98629e-06 0.173522 7.15206e-10 0.00769175 0.00452651 0.0435988 0.0326474 0.0520176 0.173347 0.189189 5.29161e-06 
