0.008536 0.000281916 0.000404088 0.000580687 0.0137193 0.0101014 0.00119548 0.00479621 0.00088859 1.88775e-13 0.00265413 6.70365e-07 0.000109721 2.76512e-13 0.00345474 4.77273e-13 4.47154e-06 0.000516169 0.0110132 5.02639e-13 0.392892 1.15361e-13 0.00108745 0.0291229 3.59857e-05 0.100151 0.141504 0.0240337 0.252916 1.21413e-09 
0.0134691 0.000355137 4.60384e-07 2.31199e-06 0.00363274 0.0154608 0.00119543 0.00124251 0.00223329 8.8944e-08 0.508463 8.54888e-07 0.0392644 4.63715e-05 4.28004e-05 3.57631e-06 3.75621e-06 5.28009e-05 0.0069373 1.48042e-06 0.00947385 2.90397e-09 0.000111937 0.0687032 2.01079e-06 0.000749686 0.0532636 0.248325 0.0269616 2.00505e-07 
6.83844e-06 1.08852e-08 2.26765e-12 3.03335e-06 0.00143167 0.0962054 2.61747e-09 0.00191494 0.00558266 2.5388e-12 0.496218 1.38986e-09 0.00270057 0.000212899 5.31113e-07 6.41876e-12 6.97135e-08 0.00849933 0.0439925 6.75991e-12 0.00684492 1.55148e-12 1.47759e-07 0.00272799 1.45879e-10 0.0136622 0.00516563 0.302788 0.0120433 8.59203e-09 
8.11668e-06 0.000177553 0.000205598 1.62928e-05 0.00456261 0.0733264 0.000908117 0.00427264 0.00639732 7.07345e-05 0.0032082 1.91943e-07 0.00524967 8.38837e-05 0.000239986 1.71244e-08 9.8925e-07 3.0745e-05 0.0143037 2.72867e-05 0.212291 6.16679e-10 0.00918224 0.000636541 0.000138745 0.0302102 0.0468597 0.0226752 0.564916 1.9481e-09 
0.000269846 0.0282865 0.00936933 1.89516e-05 0.192038 0.0219499 0.428101 0.0256509 0.00216331 0.00183127 0.0931889 5.46169e-08 0.00153214 5.24168e-05 0.00312953 9.49531e-08 0.00145355 1.18257e-05 0.0199554 5.68618e-07 0.0206931 2.29511e-08 0.00421202 0.0734436 0.00271006 0.0209764 0.0107679 0.0305876 0.00760624 7.25027e-08 
2.0572e-06 2.62205e-08 8.89106e-12 2.42067e-06 0.000429615 0.0288623 6.30528e-09 0.00142335 0.00167503 9.95417e-12 0.753302 1.12066e-09 0.0212184 6.39373e-05 1.6359e-07 2.51668e-11 5.56488e-08 0.00255018 0.0131984 2.65044e-11 0.00205365 6.08306e-12 1.63325e-05 0.00264742 1.25336e-10 0.018958 0.00350048 0.146467 0.0036292 6.87189e-09 
7.34871e-05 0.00101187 0.000205022 9.25376e-05 0.00109007 0.163951 0.00306908 0.00497849 0.00980478 2.77333e-06 0.00171789 0.10226 0.00903814 9.74301e-06 0.000349032 5.7552e-08 5.90586e-05 5.03095e-05 0.0103472 0.0292773 0.0745353 2.34007e-09 0.00431327 0.0204639 7.35695e-05 0.361626 0.0299496 0.0120314 0.159616 2.5931e-06 
0.00662273 0.000360799 1.40781e-05 6.07527e-05 0.00133944 0.62537 0.000186949 0.00166753 0.00338323 1.36911e-05 0.00681172 0.000206581 0.00504547 0.000114065 0.000123321 0.000584228 0.303231 0.000262159 0.00189596 3.64545e-05 0.00219424 8.36672e-06 0.00267938 0.00467535 0.000106273 1.71473e-05 0.00462117 0.0135868 0.0147348 4.64145e-05 
2.11003e-06 1.09332e-05 6.46331e-06 1.55823e-06 0.0105189 0.00180604 0.000815159 0.00049694 0.00251431 5.56016e-05 3.69346e-05 4.02722e-08 0.00134978 0.000222175 0.000194316 7.00144e-08 2.29423e-05 2.66432e-08 0.000136887 2.81943e-05 0.0526969 1.69231e-08 0.0304681 0.00115803 7.81977e-06 5.2486e-05 0.0412989 0.00711362 0.848926 5.82592e-05 
0.000841372 0.0107978 0.0295571 2.01957e-05 0.000334865 3.25642e-05 0.00423855 2.71924e-05 3.48653e-09 2.2134e-06 1.14985e-05 0.953596 1.02598e-09 9.12168e-08 7.32348e-06 8.1233e-11 3.99859e-13 6.83819e-06 5.06351e-08 7.65806e-10 0.000184424 1.18949e-13 4.76219e-05 0.000150495 7.25305e-06 1.15354e-05 8.93051e-06 0.000114866 1.44229e-09 1.61357e-06 
5.44125e-08 0.00503029 3.1639e-07 1.34171e-07 0.12418 0.000847369 0.0087653 0.00529952 8.18865e-07 5.32073e-05 0.00084931 1.18917e-10 0.000250974 1.48397e-06 5.55937e-11 2.0674e-10 6.28146e-09 5.21178e-07 2.0735e-06 2.17728e-10 0.065616 4.9971e-11 0.00272677 0.0120527 9.20221e-11 4.62226e-07 0.582661 0.0333073 0.158354 1.57859e-10 
1.07818e-08 0.000423566 8.58946e-13 5.52056e-10 0.00258215 0.00336062 0.0011171 0.752349 0.00109361 1.93291e-10 1.05462e-08 2.02795e-08 5.88308e-09 0.000312771 3.48971e-05 2.43131e-12 8.10158e-09 0.000156366 0.0250227 2.56053e-12 0.0150257 5.87671e-13 4.55684e-05 0.00648758 1.0822e-12 0.000375126 0.00172139 0.150846 0.0390452 1.85646e-12 
0.00786018 0.00254999 4.96178e-11 0.0161983 3.54142e-08 0.0318956 0.0011389 0.0122992 8.96029e-08 7.64563e-09 0.0871474 4.95988e-09 0.030902 6.47078e-05 6.90695e-05 1.46023e-08 4.76067e-05 6.61508e-09 0.00489706 1.46447e-12 0.00723346 3.36112e-13 0.000517473 0.0345965 2.41454e-09 1.9279e-06 0.0337864 0.56179 0.166987 1.73423e-05 
7.65149e-08 1.93997e-07 3.6907e-06 0.00010724 0.000282867 0.00935217 0.000611525 0.093195 0.126136 8.48199e-10 0.0307772 2.44641e-06 0.0066872 0.0171471 0.000932217 2.14447e-09 8.69351e-06 0.000164445 0.00922532 3.82328e-07 0.440511 5.1834e-10 0.00427018 0.108246 3.1872e-05 0.0191196 0.0404597 0.0143064 0.0784213 2.55994e-08 
0.000484364 0.0237605 0.00175358 3.27564e-05 0.0539883 0.00115071 0.0137855 0.0265686 0.00343423 0.00474653 0.00167174 8.04174e-08 0.0030349 0.000546261 0.5076 1.39808e-07 1.13598e-07 0.000129396 0.0450409 0.00026907 0.0420885 3.37929e-08 0.00492332 0.00147204 2.54537e-05 0.000458803 0.00472306 0.0322071 0.226104 1.06752e-07 
2.32205e-06 5.09559e-06 0.000676817 3.90842e-05 0.00109455 0.508678 0.00047257 0.00123092 0.018632 6.69089e-10 0.0935491 1.88334e-08 0.00681058 8.59679e-07 1.86063e-05 1.69164e-09 8.99547e-07 0.00256801 0.00260621 2.92071e-06 0.0024371 4.08885e-10 0.00184351 0.00343982 1.08411e-05 0.00373928 0.0186225 0.323844 0.00967393 1.11935e-07 
8.10072e-06 7.61484e-05 3.38296e-06 3.58949e-08 0.00701993 0.0576544 0.00322192 0.000317658 0.0127158 3.82892e-05 4.67823e-07 8.58652e-07 0.0293765 0.000281941 0.000178839 2.70369e-09 1.82447e-05 1.02886e-09 0.000796842 0.00394076 0.0548024 6.53507e-10 0.0944937 0.000927911 1.7973e-07 6.6503e-07 0.0984385 0.00318753 0.632498 7.38946e-07 
0.000374302 0.000331474 0.00177519 9.50213e-05 0.0243085 0.0163708 0.00708208 0.0702166 0.0518359 3.2858e-11 0.00147229 1.67591e-08 0.00248049 4.81297e-11 0.000462576 8.30739e-11 0.000172371 0.000372214 0.0673552 8.74892e-11 0.302912 2.00798e-11 0.00424027 0.0250139 9.44392e-05 0.0869 0.107786 0.152713 0.0756362 6.34322e-11 
0.0339473 1.17195e-05 6.72311e-06 8.4611e-05 0.164332 0.0198465 0.0037643 7.82287e-06 1.9386e-05 4.57622e-06 0.0830796 8.23633e-11 5.16792e-06 1.51567e-05 3.56945e-06 6.87461e-07 1.71041e-06 2.6646e-06 2.01559e-05 1.50801e-10 2.5017e-05 3.46106e-11 1.24323e-06 0.535551 0.00135168 0.157827 7.87309e-05 8.21078e-06 2.43789e-06 7.54524e-07 
1.76861e-05 0.0186818 2.43205e-06 2.3808e-08 0.00486523 0.0073017 0.000287619 0.0297905 0.25576 1.02224e-06 0.000488907 3.15262e-11 0.00108236 0.0036381 2.10087e-07 5.48092e-11 2.29529e-08 0.000601752 0.0597101 1.3986e-07 0.235421 1.32479e-11 0.0252196 0.00604008 2.43961e-11 0.00728233 0.18978 0.0592026 0.0948244 2.44925e-07 
0.0117071 2.3063e-05 0.00175189 1.72624e-05 0.0353548 0.106198 0.000714916 0.000584148 0.00201433 9.15929e-07 0.00143145 2.63454e-08 0.00304689 0.00217432 4.35553e-07 1.87376e-05 4.25114e-06 1.07738e-07 1.54538e-06 2.27226e-09 0.00214165 5.21509e-10 0.060564 4.11481e-05 1.49696e-07 0.0225496 0.740534 0.00110458 0.00801993 4.33042e-08 
0.000503092 0.00425269 0.00277975 9.23019e-07 2.42516e-07 0.00153149 0.00378188 0.0398871 0.0244327 5.59659e-05 0.00719469 1.49316e-11 0.000178054 0.000527434 8.06392e-05 1.13871e-08 3.45935e-06 4.40541e-08 0.166099 2.73388e-11 0.251567 6.27455e-12 0.00763346 0.0369721 6.96196e-05 0.00373563 0.423573 0.0171514 0.00794692 4.14962e-05 
0.019168 0.00712038 0.00740452 0.0216264 0.0397963 0.177409 0.030814 0.0138262 0.000298078 0.000620226 0.0196475 6.67305e-05 0.0254014 0.000123363 0.00447849 5.69374e-05 0.000543888 7.58364e-06 0.00538167 2.99885e-06 0.128257 5.63777e-07 0.0911505 0.00801909 3.54164e-05 0.010418 0.23961 0.0732696 0.0754443 1.62316e-06 
1.32887e-08 3.37273e-08 2.99232e-08 5.4759e-08 4.27142e-07 0.0193278 0.000459414 0.0136329 0.00204409 7.31448e-13 0.019423 1.09573e-08 0.000440599 5.86071e-08 9.07057e-08 1.8493e-12 3.36599e-08 7.68481e-08 0.0281177 1.94759e-12 0.439969 4.46993e-13 1.18128e-07 0.0480868 5.41634e-08 0.206707 0.0391588 0.0681603 0.114472 1.41205e-12 
0.000376388 0.00266263 0.00180736 2.66158e-06 4.62122e-05 0.000981538 0.00233497 0.0242744 0.0150188 5.67704e-05 0.00445011 1.57283e-08 0.000134284 0.000400832 7.06727e-05 2.19206e-06 1.00978e-05 8.40243e-06 0.100384 2.87975e-08 0.151694 6.60934e-09 0.00487403 0.0224795 8.6793e-05 0.00238767 0.649806 0.010436 0.00511006 0.000103588 
2.38934e-05 9.42965e-09 1.2448e-08 0.00140179 0.00159791 0.090656 0.000129301 0.000661049 0.00355139 3.30891e-08 0.651219 2.02637e-06 0.015647 0.00111427 2.70406e-06 1.77477e-11 4.53711e-06 0.000942633 0.011828 4.36708e-09 0.002802 4.28979e-12 0.00225369 0.0163233 8.66447e-08 0.0032969 0.00490426 0.187628 0.00400993 6.92933e-09 
0.000122351 0.0153094 0.052197 2.0198e-05 0.000187052 1.99345e-05 0.0073562 2.71956e-05 5.94652e-09 7.58167e-06 8.23869e-06 0.924175 1.58705e-09 9.15778e-08 3.31516e-05 1.38753e-10 8.49316e-13 6.83982e-06 5.14721e-08 1.30634e-09 0.000168352 2.52653e-13 4.76269e-05 0.000150501 2.92655e-05 1.15386e-05 5.8159e-06 0.000114869 2.45992e-09 1.6156e-06 
0.0274615 0.0059129 0.00897035 0.0238664 0.0377293 0.241359 0.00902708 0.0029048 0.00012018 8.34137e-05 0.00699985 2.80249e-07 0.0137689 0.000164774 0.000883404 0.000118566 0.000293967 3.57865e-07 0.000168872 1.42456e-07 0.0339114 1.5002e-10 0.136693 0.00193003 8.33391e-06 0.0306648 0.405817 0.00329235 0.00784713 1.43459e-06 
1.49804e-05 5.58231e-07 3.09904e-10 3.42075e-05 0.00661588 0.028878 1.30469e-05 0.00142633 0.00168016 3.4696e-10 0.775797 1.61365e-08 0.00859186 6.54354e-05 2.53942e-07 8.77207e-10 7.86819e-07 0.00255866 0.0132119 9.2383e-10 0.00205759 2.12029e-10 1.66656e-06 0.00265096 2.00332e-09 0.0127443 0.00350501 0.115265 0.0248857 9.75076e-08 
0.0161509 0.000384652 0.000798524 3.36111e-05 0.0955112 0.545041 0.00016598 0.00125568 0.00124305 4.54454e-05 0.0110755 3.77595e-06 0.00762282 0.000186871 7.14373e-06 3.82762e-05 0.000249418 1.7996e-05 0.000678518 4.98021e-07 0.00553342 2.4291e-07 0.00832933 0.000318502 3.77647e-05 0.0212761 0.271829 0.00587118 0.00628783 6.17531e-06 
0.000122351 0.0153094 0.052197 2.0198e-05 0.000187052 1.99345e-05 0.0073562 2.71956e-05 5.94652e-09 7.58167e-06 8.23869e-06 0.924175 1.58705e-09 9.15778e-08 3.31516e-05 1.38753e-10 8.49316e-13 6.83982e-06 5.14721e-08 1.30634e-09 0.000168352 2.52653e-13 4.76269e-05 0.000150501 2.92655e-05 1.15386e-05 5.8159e-06 0.000114869 2.45992e-09 1.6156e-06 
3.42661e-06 3.54936e-08 1.01177e-11 3.47975e-06 0.000715983 0.0481036 8.53503e-09 0.00237221 0.00279163 1.13275e-11 0.672342 1.60663e-09 0.014305 0.000106538 2.71089e-07 2.8639e-11 7.999e-08 0.00425016 0.021997 3.01612e-11 0.00342268 6.92232e-12 1.69511e-07 0.00441231 1.76817e-10 0.0212193 0.00583407 0.192071 0.00604859 9.8727e-09 
3.48563e-06 0.0347369 4.34334e-06 7.03453e-08 0.0156644 0.0159958 0.228966 0.0673483 2.75742e-06 1.58039e-06 0.00610146 2.16635e-05 0.000111912 1.16655e-09 0.00554639 5.08734e-08 1.63604e-09 0.00351339 0.0298462 2.12054e-09 0.101118 4.86687e-10 0.000219086 0.117527 2.241e-07 1.6445e-06 0.0106067 0.136743 0.22592 1.53745e-09 
0.00243183 4.06013e-05 4.37345e-10 1.23064e-08 0.0822017 0.0218343 4.11343e-08 0.00214792 0.0124711 2.80223e-11 0.0193382 4.16619e-08 0.00164771 0.00155951 2.54399e-08 1.22615e-07 3.7041e-08 5.03663e-05 0.109637 7.46136e-11 0.00208805 1.71246e-11 0.0149307 0.05138 2.02914e-08 8.90101e-05 0.24968 0.273805 0.154667 4.50982e-09 
0.00961995 0.0822821 0.549728 5.42827e-06 0.000268796 0.0067374 0.200804 0.00132672 6.48078e-08 3.50153e-05 1.51813e-06 0.0625974 1.78752e-05 1.46079e-08 9.97687e-05 0.00276143 9.93769e-08 2.94133e-09 7.38986e-08 7.10568e-11 0.00122266 1.63083e-11 0.080258 0.000543958 9.72166e-06 2.69827e-05 0.00138699 0.000266084 9.59883e-08 5.15182e-11 
0.000122351 0.0153094 0.052197 2.0198e-05 0.000187052 1.99345e-05 0.0073562 2.71956e-05 5.94652e-09 7.58167e-06 8.23869e-06 0.924175 1.58705e-09 9.15778e-08 3.31516e-05 1.38753e-10 8.49316e-13 6.83982e-06 5.14721e-08 1.30634e-09 0.000168352 2.52653e-13 4.76269e-05 0.000150501 2.92655e-05 1.15386e-05 5.8159e-06 0.000114869 2.45992e-09 1.6156e-06 
2.92975e-05 0.000911092 5.43059e-05 0.116423 0.029087 0.154539 0.000252002 0.00568627 0.0165246 6.89524e-07 0.0592325 8.12807e-07 0.00283776 0.000494164 0.000327049 7.56203e-06 4.58324e-05 0.000425164 0.0171257 4.55468e-08 0.0438569 1.04535e-08 0.00577975 0.0119487 0.000171839 0.0930316 0.163357 0.0654709 0.212376 3.65299e-06 
0.000122351 0.0153094 0.052197 2.0198e-05 0.000187052 1.99345e-05 0.0073562 2.71956e-05 5.94652e-09 7.58167e-06 8.23869e-06 0.924175 1.58705e-09 9.15778e-08 3.31516e-05 1.38753e-10 8.49316e-13 6.83982e-06 5.14721e-08 1.30634e-09 0.000168352 2.52653e-13 4.76269e-05 0.000150501 2.92655e-05 1.15386e-05 5.8159e-06 0.000114869 2.45992e-09 1.6156e-06 
2.0572e-06 2.62205e-08 8.89106e-12 2.42067e-06 0.000429615 0.0288623 6.30528e-09 0.00142335 0.00167503 9.95417e-12 0.753302 1.12066e-09 0.0212184 6.39373e-05 1.6359e-07 2.51668e-11 5.56488e-08 0.00255018 0.0131984 2.65044e-11 0.00205365 6.08306e-12 1.63325e-05 0.00264742 1.25336e-10 0.018958 0.00350048 0.146467 0.0036292 6.87189e-09 
0.00268278 1.28822e-07 7.39027e-08 3.26659e-06 0.0121199 0.156004 0.00726913 0.00332559 0.0121009 5.03042e-08 0.0308392 3.95021e-10 0.00072054 1.66606e-07 0.000237672 2.59078e-06 1.88056e-08 0.00022528 0.0161414 7.68129e-12 0.0309955 1.76294e-12 0.0048215 0.175913 2.53094e-05 0.045331 0.452279 0.033515 0.0154475 8.29811e-09 
0.0178173 0.00853418 0.689287 1.7987e-08 0.00258981 0.0660262 0.0865946 0.0337174 6.14218e-05 0.000154814 0.00341343 4.58559e-07 9.11726e-08 1.09562e-05 1.21511e-05 1.13717e-07 1.31851e-07 8.02837e-08 0.00073919 2.09955e-10 0.0192906 4.8187e-11 0.0417899 0.00969463 8.87369e-11 1.23409e-06 0.00660077 0.00146683 0.0121954 1.32714e-06 
8.20265e-06 7.66534e-05 3.53443e-06 4.2508e-08 0.00702257 0.0353033 0.00322349 0.000318375 0.00326535 3.87595e-05 8.56394e-07 1.56665e-06 0.00853867 0.00023368 0.000179272 4.97777e-09 1.87821e-05 1.89424e-09 0.000798516 0.00146668 0.0548084 1.20317e-09 0.0621535 0.00527087 2.12184e-07 1.2174e-06 0.0335794 0.00318859 0.780498 1.35273e-06 
1.05553e-05 1.48332e-05 4.1019e-05 2.12163e-06 0.0492619 0.0343979 0.000312545 0.000221787 0.000304017 6.88164e-12 0.462852 5.48793e-07 0.0148402 0.000365623 5.75983e-05 1.73986e-11 4.87704e-08 0.000224274 0.0197602 2.99401e-09 0.0217875 4.20542e-12 0.000460451 0.0101956 2.83681e-08 0.000534363 0.0275907 0.306888 0.0498709 5.19224e-06 
0.000106839 0.0052727 0.00142614 8.71356e-08 0.00683388 0.102354 0.00193672 0.0135496 0.0100429 5.85887e-05 0.00207345 2.16649e-08 1.4354e-07 0.000414208 2.72069e-10 1.01176e-09 8.64445e-08 4.44046e-05 0.00645333 1.06553e-09 0.711088 2.44552e-10 0.000928957 0.0013269 1.2536e-07 0.00365051 0.0890871 0.000865494 0.0424837 1.84141e-06 
0.135605 0.248961 0.000422725 2.02856e-06 0.00384043 0.0447237 0.0515405 0.102888 0.0120337 0.000852424 0.000260046 8.06975e-07 0.000229426 0.0019012 0.0109466 7.153e-09 1.03915e-07 4.25463e-06 0.00157113 7.53318e-09 0.320352 1.72895e-09 0.000366683 0.00126384 1.46301e-07 0.0463785 0.0114027 0.000727641 0.00372529 4.5545e-08 
0.000122351 0.0153094 0.052197 2.0198e-05 0.000187052 1.99345e-05 0.0073562 2.71956e-05 5.94652e-09 7.58167e-06 8.23869e-06 0.924175 1.58705e-09 9.15778e-08 3.31516e-05 1.38753e-10 8.49316e-13 6.83982e-06 5.14721e-08 1.30634e-09 0.000168352 2.52653e-13 4.76269e-05 0.000150501 2.92655e-05 1.15386e-05 5.8159e-06 0.000114869 2.45992e-09 1.6156e-06 
0.00182758 0.0124344 0.000186801 1.13626e-05 0.00604946 0.00514552 0.00379068 0.813245 0.00263901 0.00130424 2.57879e-05 2.53656e-06 0.000125797 1.83074e-05 6.71849e-06 1.12151e-06 2.2681e-05 8.48235e-06 0.00981787 1.18111e-06 0.0412658 2.71079e-07 0.000456074 0.00513592 1.17056e-05 0.0630657 0.02998 0.00152354 0.00189232 3.99494e-06 
7.72704e-06 5.45475e-05 2.07721e-06 6.44224e-08 0.00616359 0.000120119 5.74254e-05 0.000785182 3.93755e-06 1.19474e-10 0.0130566 1.54616e-06 5.8811e-06 9.85144e-06 4.14745e-05 6.4192e-07 1.93883e-07 2.90782e-07 0.0902909 3.18118e-10 0.0197242 7.30116e-11 3.11467e-06 0.00516126 1.35861e-06 7.63787e-09 0.0016721 0.532148 0.330688 2.35599e-08 
0.000280225 0.0277869 0.128655 1.44365e-05 0.000133632 1.42453e-05 0.010657 0.00103073 1.47191e-08 5.42031e-06 5.88873e-06 0.830734 2.34979e-09 6.69274e-08 2.36903e-05 3.44797e-10 2.63159e-10 4.89113e-06 4.03221e-08 3.23485e-09 0.00036497 9.53768e-13 3.40398e-05 0.000107524 2.09191e-05 2.41294e-05 4.16126e-06 8.20612e-05 6.08889e-09 1.59166e-05 
0.000503092 0.00425269 0.00277975 9.23019e-07 2.42516e-07 0.00153149 0.00378188 0.0398871 0.0244327 5.59659e-05 0.00719469 1.49316e-11 0.000178054 0.000527434 8.06392e-05 1.13871e-08 3.45935e-06 4.40541e-08 0.166099 2.73388e-11 0.251567 6.27455e-12 0.00763346 0.0369721 6.96196e-05 0.00373563 0.423573 0.0171514 0.00794692 4.14962e-05 
0.00445705 0.0120245 9.69461e-08 2.56103e-06 0.0027599 0.011103 0.0192612 0.107162 0.0569978 0.00196776 0.0312088 6.5114e-12 0.00135617 0.00620437 5.14717e-08 9.92198e-09 2.46705e-08 3.84253e-08 0.0492523 1.19219e-11 0.252985 2.73621e-12 1.79296e-08 0.120713 1.49852e-08 0.00806102 0.230389 0.0500508 0.0340425 1.08868e-08 
1.00036e-08 0.00021598 1.39908e-06 6.88413e-10 0.000444552 0.000363242 3.36623e-05 0.000441487 0.000279455 1.83604e-07 1.26447e-07 4.98352e-07 6.49883e-05 3.46448e-08 1.28987e-07 4.3339e-08 1.07834e-10 5.05028e-11 0.00722686 2.01886e-08 0.0125509 3.20782e-11 0.00265153 0.000440185 5.90723e-11 0.00029481 0.000618247 0.0184723 0.955899 4.14418e-08 
0.0126213 0.000342694 0.000264345 5.83231e-05 0.00611897 0.0322242 0.00498699 0.00144602 0.000992323 1.60482e-05 0.00871306 5.24834e-07 6.20382e-05 5.31451e-05 0.000415447 8.21949e-06 6.00489e-06 0.000358249 0.00993869 1.11464e-08 0.0244409 2.55822e-09 0.00117277 0.137654 1.78941e-05 0.00824575 0.729279 0.00232783 0.0182331 2.78346e-06 
4.7556e-05 2.04807e-07 1.81991e-07 3.85498e-05 0.0016513 0.0283101 0.000180785 0.0043096 0.0187172 8.46628e-06 0.0017725 0.000105463 2.41033e-07 3.22055e-07 5.50492e-07 1.35696e-07 2.05326e-07 0.000577035 1.70886e-06 1.55589e-09 0.639554 3.57093e-10 0.0021068 0.000290912 8.15278e-06 0.0144224 0.0156758 0.0069734 0.265247 1.12806e-09 
0.000122351 0.0153094 0.052197 2.0198e-05 0.000187052 1.99345e-05 0.0073562 2.71956e-05 5.94652e-09 7.58167e-06 8.23869e-06 0.924175 1.58705e-09 9.15778e-08 3.31516e-05 1.38753e-10 8.49316e-13 6.83982e-06 5.14721e-08 1.30634e-09 0.000168352 2.52653e-13 4.76269e-05 0.000150501 2.92655e-05 1.15386e-05 5.8159e-06 0.000114869 2.45992e-09 1.6156e-06 
2.01602e-05 0.00058548 3.58704e-05 0.0310625 0.0186237 0.0371444 0.000232702 0.100254 0.0223168 4.45637e-06 0.00128136 1.67313e-05 0.00386265 8.12964e-09 0.000685149 4.18397e-07 2.98195e-05 4.73072e-05 0.00277274 6.65729e-07 0.160982 3.3917e-09 0.0431061 0.000627353 5.67138e-05 0.168749 0.0605629 0.00399234 0.342946 1.3119e-06 
0.000122351 0.0153094 0.052197 2.0198e-05 0.000187052 1.99345e-05 0.0073562 2.71956e-05 5.94652e-09 7.58167e-06 8.23869e-06 0.924175 1.58705e-09 9.15778e-08 3.31516e-05 1.38753e-10 8.49316e-13 6.83982e-06 5.14721e-08 1.30634e-09 0.000168352 2.52653e-13 4.76269e-05 0.000150501 2.92655e-05 1.15386e-05 5.8159e-06 0.000114869 2.45992e-09 1.6156e-06 
6.94176e-05 0.00387047 0.00115935 7.42944e-06 0.000819736 0.00233697 0.00294126 0.0485635 0.03005 6.56837e-05 0.00108948 3.41565e-05 0.000220444 0.000900608 1.13293e-11 4.21309e-11 2.34018e-07 3.54638e-05 0.00444936 4.43701e-11 0.844739 1.01834e-11 0.00113764 0.0236834 5.1407e-06 0.00041453 0.019228 0.00627122 0.00790777 5.57197e-09 
6.94176e-05 0.00387047 0.00115935 7.42944e-06 0.000819736 0.00233697 0.00294126 0.0485635 0.03005 6.56837e-05 0.00108948 3.41565e-05 0.000220444 0.000900608 1.13293e-11 4.21309e-11 2.34018e-07 3.54638e-05 0.00444936 4.43701e-11 0.844739 1.01834e-11 0.00113764 0.0236834 5.1407e-06 0.00041453 0.019228 0.00627122 0.00790777 5.57197e-09 
0.000122351 0.0153094 0.052197 2.0198e-05 0.000187052 1.99345e-05 0.0073562 2.71956e-05 5.94652e-09 7.58167e-06 8.23869e-06 0.924175 1.58705e-09 9.15778e-08 3.31516e-05 1.38753e-10 8.49316e-13 6.83982e-06 5.14721e-08 1.30634e-09 0.000168352 2.52653e-13 4.76269e-05 0.000150501 2.92655e-05 1.15386e-05 5.8159e-06 0.000114869 2.45992e-09 1.6156e-06 
0.0275917 0.23654 0.0195295 9.34358e-07 0.0192893 0.000316615 0.345968 0.00456361 0.009494 0.0512398 0.00492595 2.86711e-05 4.55042e-05 4.71832e-05 0.00814345 3.32967e-08 2.58868e-06 8.7663e-06 0.042331 8.03957e-11 0.127405 1.84517e-11 0.0333078 0.00380381 0.000250306 0.00435186 0.0515892 0.00745592 0.00176824 5.26397e-07 
7.2145e-05 0.00461129 0.000512832 2.93651e-05 0.414695 0.0020561 0.00293638 0.00308341 0.00306985 0.00046139 0.000178898 3.31549e-10 0.00526856 7.64781e-06 0.000215134 5.76407e-10 2.75199e-08 0.00082167 0.00218968 5.13829e-08 0.0276828 1.39323e-10 0.0124408 0.0461062 2.55127e-05 0.00191429 0.329773 0.0888177 0.0530305 4.40123e-10 
0.000122351 0.0153094 0.052197 2.0198e-05 0.000187052 1.99345e-05 0.0073562 2.71956e-05 5.94652e-09 7.58167e-06 8.23869e-06 0.924175 1.58705e-09 9.15778e-08 3.31516e-05 1.38753e-10 8.49316e-13 6.83982e-06 5.14721e-08 1.30634e-09 0.000168352 2.52653e-13 4.76269e-05 0.000150501 2.92655e-05 1.15386e-05 5.8159e-06 0.000114869 2.45992e-09 1.6156e-06 
0.000385241 0.0313971 4.75909e-05 4.77758e-07 0.00694042 0.270696 0.0413918 0.0389516 0.00274018 1.37138e-05 0.0231738 2.26912e-07 0.0282788 4.53627e-06 0.000472392 2.15123e-07 0.00330028 4.34016e-05 0.0101645 2.26556e-07 0.066164 1.96068e-07 0.00735995 0.00121653 1.77586e-05 0.0318262 0.407747 0.0151906 0.00990889 0.00256737 
0.0434816 0.0615552 0.00449962 3.49754e-05 0.0183742 0.0104835 0.0455765 0.0926361 0.00283005 0.000434288 0.110633 7.9291e-09 0.00327373 0.000104105 6.57347e-07 8.1784e-11 3.20773e-08 8.20508e-05 0.0329286 8.61307e-11 0.204926 1.9768e-11 0.00334212 0.0106651 4.67351e-08 0.0233189 0.145267 0.13713 0.0484233 1.31415e-08 
0.000122351 0.0153094 0.052197 2.0198e-05 0.000187052 1.99345e-05 0.0073562 2.71956e-05 5.94652e-09 7.58167e-06 8.23869e-06 0.924175 1.58705e-09 9.15778e-08 3.31516e-05 1.38753e-10 8.49316e-13 6.83982e-06 5.14721e-08 1.30634e-09 0.000168352 2.52653e-13 4.76269e-05 0.000150501 2.92655e-05 1.15386e-05 5.8159e-06 0.000114869 2.45992e-09 1.6156e-06 
0.0210706 0.138667 0.0014995 1.39129e-07 0.00121399 0.00598568 0.515387 0.0162581 0.0131363 0.00338485 0.000302252 0.000692154 0.00117255 2.86921e-11 0.00199021 4.95238e-11 2.23106e-08 3.69982e-08 0.0365998 5.21559e-11 0.0372142 1.19704e-11 0.16935 0.000263165 2.88581e-08 0.000469604 0.00819011 0.00754492 0.0196088 3.78145e-11 
5.14559e-08 0.000170844 1.15901e-07 0.000107351 0.000124018 0.0139995 3.5821e-05 0.00399691 0.019412 3.07453e-07 0.00095131 4.25792e-08 0.00432616 3.19085e-06 0.000156377 3.17585e-10 6.05873e-05 2.97491e-07 0.00541267 4.85257e-07 0.0398165 7.67633e-11 0.0099105 0.0143095 0.000451828 0.0206346 0.0487172 0.0369797 0.780422 8.81378e-08 
0.000360687 0.00286313 0.000579105 2.23299e-05 0.0129387 0.0123521 0.00762557 0.135731 0.00167532 0.000630954 0.0542396 1.57718e-07 0.00631549 0.000253865 0.00068305 3.08382e-10 1.84707e-06 0.00108032 0.0404073 8.23216e-05 0.0035762 7.45389e-11 0.00435213 0.000861908 0.000383438 0.00017774 0.00500393 0.0289552 0.678846 2.35469e-10 
6.97841e-07 4.00883e-07 3.90237e-05 1.43305e-06 0.000716243 0.000679362 0.00214136 0.0363882 0.0310814 1.72657e-07 0.000202654 4.59008e-05 0.000169397 1.23901e-07 3.44936e-12 1.28274e-11 2.44342e-08 0.000214801 0.00574351 1.35091e-11 0.840786 3.1005e-12 1.93345e-08 0.0759199 9.16605e-09 5.22948e-05 0.00115402 0.00466328 3.43985e-08 9.7945e-12 
0.0107089 3.52226e-05 2.05446e-07 3.21786e-06 0.000311817 0.00664164 2.11326e-05 0.000614721 0.00113391 1.28919e-07 0.839122 1.08269e-05 0.00314306 5.15683e-06 6.87593e-06 3.48158e-05 9.20795e-06 1.64154e-05 0.000683185 3.43266e-07 0.00124907 7.87833e-08 0.000681564 0.00469729 5.0442e-06 4.1877e-07 0.00409649 0.0745029 0.052263 1.23536e-06 
0.000280225 0.0277869 0.128655 1.44365e-05 0.000133632 1.42453e-05 0.010657 0.00103073 1.47191e-08 5.42031e-06 5.88873e-06 0.830734 2.34979e-09 6.69274e-08 2.36903e-05 3.44797e-10 2.63159e-10 4.89113e-06 4.03221e-08 3.23485e-09 0.00036497 9.53768e-13 3.40398e-05 0.000107524 2.09191e-05 2.41294e-05 4.16126e-06 8.20612e-05 6.08889e-09 1.59166e-05 
5.14559e-08 0.000170844 1.15901e-07 0.000107351 0.000124018 0.0139995 3.5821e-05 0.00399691 0.019412 3.07453e-07 0.00095131 4.25792e-08 0.00432616 3.19085e-06 0.000156377 3.17585e-10 6.05873e-05 2.97491e-07 0.00541267 4.85257e-07 0.0398165 7.67633e-11 0.0099105 0.0143095 0.000451828 0.0206346 0.0487172 0.0369797 0.780422 8.81378e-08 
1.42864e-05 0.00934904 1.6855e-05 0.00940986 0.000343144 0.0694451 0.00517025 0.0330109 0.568444 3.21989e-06 0.00826486 0.000195216 0.0137413 0.0108214 0.000497239 1.56152e-08 5.0476e-06 0.000788097 0.00219156 0.000126993 0.191946 3.77434e-09 0.00299192 0.0264956 5.95727e-07 0.000494521 0.0237954 0.0105572 0.0118796 3.86544e-07 
0.000677583 0.0443026 0.0172003 9.43481e-06 0.00101073 0.0602394 0.259639 0.0892858 0.0303642 0.000978176 0.167599 0.167913 4.79699e-05 7.62223e-05 0.000438903 1.61208e-07 1.30986e-07 1.30649e-05 0.0115462 0.0120114 0.00906923 3.89655e-08 4.73124e-06 0.0515207 1.92389e-06 4.97598e-08 0.00543091 0.0102233 0.0602572 0.000139001 
0.000360687 0.00286313 0.000579105 2.23299e-05 0.0129387 0.0123521 0.00762557 0.135731 0.00167532 0.000630954 0.0542396 1.57718e-07 0.00631549 0.000253865 0.00068305 3.08382e-10 1.84707e-06 0.00108032 0.0404073 8.23216e-05 0.0035762 7.45389e-11 0.00435213 0.000861908 0.000383438 0.00017774 0.00500393 0.0289552 0.678846 2.35469e-10 
0.00961995 0.0822821 0.549728 5.42827e-06 0.000268796 0.0067374 0.200804 0.00132672 6.48078e-08 3.50153e-05 1.51813e-06 0.0625974 1.78752e-05 1.46079e-08 9.97687e-05 0.00276143 9.93769e-08 2.94133e-09 7.38986e-08 7.10568e-11 0.00122266 1.63083e-11 0.080258 0.000543958 9.72166e-06 2.69827e-05 0.00138699 0.000266084 9.59883e-08 5.15182e-11 
0.0144762 1.44877e-07 4.83175e-06 2.25825e-08 9.38368e-06 0.0132938 0.000918711 0.0248381 1.37756e-06 7.59309e-07 2.78008e-06 7.64575e-08 0.102064 0.000135978 0.000287813 2.24844e-07 6.80547e-08 1.01831e-07 0.13088 4.07584e-10 0.0254087 9.35452e-11 0.000354872 0.00569729 3.7281e-08 4.71927e-06 0.0847909 0.17503 0.421798 8.45678e-09 
6.94176e-05 0.00387047 0.00115935 7.42944e-06 0.000819736 0.00233697 0.00294126 0.0485635 0.03005 6.56837e-05 0.00108948 3.41565e-05 0.000220444 0.000900608 1.13293e-11 4.21309e-11 2.34018e-07 3.54638e-05 0.00444936 4.43701e-11 0.844739 1.01834e-11 0.00113764 0.0236834 5.1407e-06 0.00041453 0.019228 0.00627122 0.00790777 5.57197e-09 
0.00961995 0.0822821 0.549728 5.42827e-06 0.000268796 0.0067374 0.200804 0.00132672 6.48078e-08 3.50153e-05 1.51813e-06 0.0625974 1.78752e-05 1.46079e-08 9.97687e-05 0.00276143 9.93769e-08 2.94133e-09 7.38986e-08 7.10568e-11 0.00122266 1.63083e-11 0.080258 0.000543958 9.72166e-06 2.69827e-05 0.00138699 0.000266084 9.59883e-08 5.15182e-11 
0.000426039 0.00293425 0.0051936 4.80798e-06 0.314356 0.00216281 0.111614 0.0549198 0.000214417 0.0140312 0.013846 1.66672e-07 0.000538043 0.0001836 0.00180293 7.22316e-08 0.000572214 8.10107e-06 0.0177547 2.83521e-08 0.155635 7.76229e-09 0.0123116 0.00453321 2.36998e-05 0.00129509 0.0299394 0.0391416 0.216489 6.86585e-05 
0.000431398 0.00244942 5.51514e-07 9.43842e-09 0.0107754 0.0030778 0.0144965 0.272372 0.00244867 0.000230919 2.09892e-07 3.28597e-07 3.6668e-06 0.00065173 0.00559459 4.02311e-06 0.00011172 0.000100277 0.169642 4.26921e-07 0.227543 8.23694e-10 5.55875e-05 0.00229889 7.49298e-08 0.000137791 0.0533772 0.191175 0.0430212 2.60206e-09 
0.0216607 0.00229025 0.00040222 5.36887e-06 0.00165827 0.0112469 0.00440641 0.00199471 0.0388685 5.5663e-08 0.139238 5.08205e-06 0.0129808 0.000546681 0.00482776 0.000369114 5.89407e-05 2.7257e-05 0.00633363 1.16775e-11 0.0192875 2.68011e-12 0.000591041 0.0952895 3.32625e-06 6.14985e-06 0.253628 0.2906 0.0936736 5.65053e-07 
8.75389e-07 0.153787 0.0164687 9.38829e-08 0.00157413 0.0050775 0.0507684 0.500957 0.000360083 2.56512e-10 0.000215495 3.73034e-10 0.000315831 0.00167377 0.0943818 6.48531e-10 4.34151e-06 0.00119465 0.00323545 1.00095e-06 0.138397 1.56756e-10 0.000796641 0.0222298 2.88668e-10 0.000306224 0.00115304 0.00709927 1.35751e-06 4.95194e-10 
1.09352e-05 0.0207219 0.000468064 1.03322e-05 0.033162 0.0662601 0.00823176 0.00873707 0.000141059 8.89123e-06 0.004084 7.9318e-07 0.00246335 3.09483e-05 0.0524096 8.11436e-07 7.11534e-07 9.4104e-05 0.0144053 5.21578e-05 0.708584 4.75742e-07 0.000108857 0.0012438 2.93537e-05 0.00975795 0.00348073 0.0372048 0.0282941 2.1165e-06 
0.00687205 0.121701 0.425287 3.9022e-06 0.000390399 0.00481405 0.329799 0.00374635 1.2162e-07 2.50858e-05 1.10415e-06 0.0447244 1.28677e-05 3.59712e-08 0.000583067 0.00198009 1.8625e-07 4.88324e-09 0.000189073 2.2478e-10 0.000873696 5.15896e-11 0.0573319 0.000388773 7.02857e-06 8.74039e-05 0.000991213 0.000190218 2.36191e-07 1.62972e-10 
0.00103561 0.000437423 3.50467e-08 6.2929e-10 0.00666147 0.0272845 0.00245284 0.0027022 0.01306 2.38553e-08 0.126835 2.38775e-09 0.0147814 7.60212e-05 0.000372622 3.58422e-09 8.91659e-09 0.000119949 0.0160668 1.51767e-09 0.0309952 3.25326e-13 0.000300049 0.0869273 7.24771e-06 0.0110016 0.304375 0.340844 0.0136639 3.93367e-09 
0.00167505 0.000182355 0.000391179 3.8577e-06 2.98487e-05 0.0117538 0.000110944 0.00150735 0.00869437 0.000164465 1.07231e-05 1.21094e-05 0.407202 3.93944e-06 3.38337e-05 1.87439e-07 3.83637e-06 1.71096e-05 0.168658 0.120081 5.27743e-05 4.53058e-08 0.229867 4.09966e-05 8.3431e-08 0.000180772 0.000543784 0.00531855 0.0434573 2.45116e-06 
8.9525e-05 0.000968506 2.76164e-07 3.77608e-09 0.000389596 0.00264273 3.08676e-06 0.0018195 0.00913012 2.41351e-07 0.000420525 1.70869e-11 0.0012775 0.0514636 2.34667e-05 2.9706e-11 3.42472e-05 5.05883e-06 0.0103317 3.12849e-11 0.00579407 7.18023e-12 0.173339 0.00788203 0.0013637 0.000989709 0.716923 0.0131825 0.00192562 2.26824e-11 
0.000122351 0.0153094 0.052197 2.0198e-05 0.000187052 1.99345e-05 0.0073562 2.71956e-05 5.94652e-09 7.58167e-06 8.23869e-06 0.924175 1.58705e-09 9.15778e-08 3.31516e-05 1.38753e-10 8.49316e-13 6.83982e-06 5.14721e-08 1.30634e-09 0.000168352 2.52653e-13 4.76269e-05 0.000150501 2.92655e-05 1.15386e-05 5.8159e-06 0.000114869 2.45992e-09 1.6156e-06 
0.892386 0.0718959 6.28931e-05 8.33488e-09 0.00218219 4.97064e-05 0.000116204 0.00103555 0.000522459 2.32394e-06 6.09189e-05 2.02393e-09 1.37341e-08 5.31164e-05 1.49822e-09 6.4513e-12 8.2098e-09 2.45356e-05 0.00089056 6.79419e-12 0.0262133 1.55934e-12 4.87463e-05 3.93727e-08 1.1972e-08 0.000912896 0.00253986 3.32819e-08 0.00100246 3.35715e-09 
4.17004e-05 3.55752e-05 2.12361e-07 0.000232439 0.287888 0.0438713 0.000565121 0.0245245 0.0166462 3.68837e-06 0.0294067 4.52466e-07 1.42922e-05 0.000769827 0.0012116 2.48042e-09 2.01542e-09 0.00762449 0.00473331 3.43679e-06 0.00234421 5.99542e-10 0.00281645 1.04951e-06 8.21675e-06 0.0376578 0.0952388 0.0243475 0.420012 3.96648e-07 
0.000196822 0.000811469 1.46263e-05 2.1209e-06 0.0113047 0.0520905 0.000127355 0.0206578 0.0658379 4.65701e-06 6.76402e-06 3.53546e-06 0.00917767 0.0104329 2.12996e-07 7.92081e-07 0.000316964 2.35852e-06 0.00226261 8.34179e-07 0.0602296 1.91454e-07 0.000474699 0.00207402 3.21426e-06 0.000105252 0.721192 0.00238371 0.0402834 1.40629e-06 
0.000122351 0.0153094 0.052197 2.0198e-05 0.000187052 1.99345e-05 0.0073562 2.71956e-05 5.94652e-09 7.58167e-06 8.23869e-06 0.924175 1.58705e-09 9.15778e-08 3.31516e-05 1.38753e-10 8.49316e-13 6.83982e-06 5.14721e-08 1.30634e-09 0.000168352 2.52653e-13 4.76269e-05 0.000150501 2.92655e-05 1.15386e-05 5.8159e-06 0.000114869 2.45992e-09 1.6156e-06 
0.00541777 0.00504913 0.0138823 6.0919e-08 0.00796224 0.0153373 0.0277826 0.100097 0.000964002 0.000259939 0.00359733 1.47968e-10 0.00301939 3.77051e-08 0.000486712 2.57246e-10 1.43286e-06 0.00017629 0.0741613 2.70919e-10 0.272594 6.21789e-11 0.00270222 0.0194504 0.000157726 9.8004e-05 0.276461 0.0813192 0.0890239 4.19755e-08 
0.000503092 0.00425269 0.00277975 9.23019e-07 2.42516e-07 0.00153149 0.00378188 0.0398871 0.0244327 5.59659e-05 0.00719469 1.49316e-11 0.000178054 0.000527434 8.06392e-05 1.13871e-08 3.45935e-06 4.40541e-08 0.166099 2.73388e-11 0.251567 6.27455e-12 0.00763346 0.0369721 6.96196e-05 0.00373563 0.423573 0.0171514 0.00794692 4.14962e-05 
1.6434e-06 1.5714e-05 9.03816e-11 6.06017e-07 0.0315737 0.00985738 0.00168791 0.0118996 0.00206448 2.76769e-06 0.00656517 5.53009e-06 0.000319811 3.22263e-05 0.000440016 9.15884e-07 0.112487 0.000100551 0.00355906 2.69429e-10 0.0713255 6.1837e-11 0.0108985 0.00562751 5.48063e-06 0.00264073 0.130669 0.155128 0.442986 0.000104858 
0.0181474 0.000728682 4.47506e-07 9.21865e-06 0.0166525 0.0734505 0.00263677 0.00519855 0.0040633 1.96978e-11 0.00359996 7.82532e-05 0.0102127 1.04975e-05 0.00125717 5.17506e-08 1.56436e-08 2.62777e-05 0.00113993 1.2849e-06 0.173693 1.20375e-11 0.00671852 0.0196322 7.13245e-06 5.65377e-07 0.0412084 0.0540357 0.567491 9.17519e-09 
0.00120889 0.00744756 0.0011462 0.0206765 0.162196 0.0450496 0.0205594 0.0627733 0.000137632 0.00684835 0.0155821 0.000127559 0.000875281 5.36065e-08 0.0209271 2.049e-08 0.125371 0.000270722 0.0019769 3.2946e-08 0.172561 4.54353e-09 0.0232868 0.0105225 0.00189708 0.239861 0.0144934 0.00974982 0.0344549 6.5762e-08 
0.000280225 0.0277869 0.128655 1.44365e-05 0.000133632 1.42453e-05 0.010657 0.00103073 1.47191e-08 5.42031e-06 5.88873e-06 0.830734 2.34979e-09 6.69274e-08 2.36903e-05 3.44797e-10 2.63159e-10 4.89113e-06 4.03221e-08 3.23485e-09 0.00036497 9.53768e-13 3.40398e-05 0.000107524 2.09191e-05 2.41294e-05 4.16126e-06 8.20612e-05 6.08889e-09 1.59166e-05 
6.94176e-05 0.00387047 0.00115935 7.42944e-06 0.000819736 0.00233697 0.00294126 0.0485635 0.03005 6.56837e-05 0.00108948 3.41565e-05 0.000220444 0.000900608 1.13293e-11 4.21309e-11 2.34018e-07 3.54638e-05 0.00444936 4.43701e-11 0.844739 1.01834e-11 0.00113764 0.0236834 5.1407e-06 0.00041453 0.019228 0.00627122 0.00790777 5.57197e-09 
6.83844e-06 1.08852e-08 2.26765e-12 3.03335e-06 0.00143167 0.0962054 2.61747e-09 0.00191494 0.00558266 2.5388e-12 0.496218 1.38986e-09 0.00270057 0.000212899 5.31113e-07 6.41876e-12 6.97135e-08 0.00849933 0.0439925 6.75991e-12 0.00684492 1.55148e-12 1.47759e-07 0.00272799 1.45879e-10 0.0136622 0.00516563 0.302788 0.0120433 8.59203e-09 
0.892386 0.0718959 6.28931e-05 8.33488e-09 0.00218219 4.97064e-05 0.000116204 0.00103555 0.000522459 2.32394e-06 6.09189e-05 2.02393e-09 1.37341e-08 5.31164e-05 1.49822e-09 6.4513e-12 8.2098e-09 2.45356e-05 0.00089056 6.79419e-12 0.0262133 1.55934e-12 4.87463e-05 3.93727e-08 1.1972e-08 0.000912896 0.00253986 3.32819e-08 0.00100246 3.35715e-09 
0.00445705 0.0120245 9.69461e-08 2.56103e-06 0.0027599 0.011103 0.0192612 0.107162 0.0569978 0.00196776 0.0312088 6.5114e-12 0.00135617 0.00620437 5.14717e-08 9.92198e-09 2.46705e-08 3.84253e-08 0.0492523 1.19219e-11 0.252985 2.73621e-12 1.79296e-08 0.120713 1.49852e-08 0.00806102 0.230389 0.0500508 0.0340425 1.08868e-08 
0.000719837 0.002568 0.00391121 0.0351487 0.0447342 0.0727852 0.0503552 0.0827447 0.143075 0.0093732 0.0146102 0.0219779 0.00522895 0.000329429 0.00401698 0.00344636 0.00039451 0.000368723 0.00904166 1.6511e-05 0.127882 5.51429e-08 0.0546621 0.0566409 2.94682e-05 0.00239733 0.163758 0.0673728 0.0222605 0.000150911 
4.25617e-05 0.00139079 0.000215274 6.65719e-08 0.0186227 0.143699 0.0411691 0.00738089 0.0010752 0.000312722 0.00232544 6.8617e-05 0.00557749 9.71482e-06 0.000495057 5.33005e-08 2.08754e-07 1.03977e-05 0.109458 6.09008e-05 0.0799126 1.28832e-08 0.0137344 0.00115467 0.000137149 9.13844e-07 3.6103e-05 0.0101197 0.56299 4.06983e-08 
0.0130914 0.000217123 5.46285e-07 3.27908e-06 0.00099575 0.0112228 0.052935 0.0579379 0.0916805 0.00115288 0.0600361 3.16599e-06 0.00363168 0.00316384 5.68631e-05 3.74639e-06 3.58119e-05 2.55047e-05 0.0280775 1.62506e-10 0.0790493 3.7297e-11 0.000441211 0.0529498 2.05069e-06 4.14236e-06 0.433135 0.0678372 0.0423092 3.68994e-07 
0.00290528 0.000406541 8.52226e-05 7.81409e-06 0.0056196 0.10378 0.00293829 0.00143838 0.0200394 4.15418e-05 0.244182 1.06199e-06 0.0171699 0.00020332 0.0001366 7.49468e-07 0.000336699 0.000173484 0.0115552 1.22309e-09 0.0133093 3.06107e-10 0.00128589 0.120339 1.78892e-05 0.0147409 0.271609 0.155524 0.0121518 3.96987e-07 
0.000122351 0.0153094 0.052197 2.0198e-05 0.000187052 1.99345e-05 0.0073562 2.71956e-05 5.94652e-09 7.58167e-06 8.23869e-06 0.924175 1.58705e-09 9.15778e-08 3.31516e-05 1.38753e-10 8.49316e-13 6.83982e-06 5.14721e-08 1.30634e-09 0.000168352 2.52653e-13 4.76269e-05 0.000150501 2.92655e-05 1.15386e-05 5.8159e-06 0.000114869 2.45992e-09 1.6156e-06 
0.000177742 5.57031e-06 4.26203e-05 1.11528e-07 3.89364e-06 0.000938354 7.53336e-06 0.00639411 0.000292027 5.95041e-06 0.000295285 2.17925e-07 0.000567629 2.00175e-07 0.000454834 8.7309e-10 0.00114691 1.21645e-06 0.00406411 9.19494e-10 0.00923533 2.11034e-10 0.000209966 0.000902072 2.45831e-07 2.45007e-05 0.368482 0.598107 0.00864049 7.93822e-08 
0.75426 0.125646 0.000764229 2.13513e-06 0.00466464 0.00846638 0.0282564 0.0229025 0.000666432 0.000336724 0.000222895 1.26018e-05 0.00224452 3.16558e-05 0.000598774 8.0401e-08 5.05051e-06 2.85962e-06 0.00535015 5.89481e-08 0.00500414 1.51684e-11 0.00156144 6.63902e-08 2.02083e-08 0.00244494 0.0324177 0.000137818 0.00399945 5.69989e-09 
0.0215686 0.00327885 0.000386477 1.14843e-05 0.0389155 0.00159032 0.0134265 0.00723278 0.0117734 8.48213e-05 0.0134913 1.37952e-08 0.000164244 0.000451427 0.000250526 2.99031e-07 4.41617e-06 6.31325e-05 0.0537046 1.21816e-09 0.522797 2.79581e-10 0.00120984 0.0332906 6.36531e-06 0.0072527 0.225666 0.0160608 0.0272934 2.49805e-05 
0.0624877 0.0837262 0.00143703 1.38458e-05 0.223254 0.00115284 0.00339897 0.00546027 9.67293e-08 2.13981e-08 9.80344e-05 9.7069e-05 0.000488899 1.46443e-08 0.00143982 7.7209e-12 9.66826e-09 2.80625e-05 0.00624164 8.13126e-12 0.154574 1.86622e-12 0.000983055 0.00362519 0.000232596 5.17216e-07 0.0203978 0.187828 0.243034 3.9536e-09 
0.000122351 0.0153094 0.052197 2.0198e-05 0.000187052 1.99345e-05 0.0073562 2.71956e-05 5.94652e-09 7.58167e-06 8.23869e-06 0.924175 1.58705e-09 9.15778e-08 3.31516e-05 1.38753e-10 8.49316e-13 6.83982e-06 5.14721e-08 1.30634e-09 0.000168352 2.52653e-13 4.76269e-05 0.000150501 2.92655e-05 1.15386e-05 5.8159e-06 0.000114869 2.45992e-09 1.6156e-06 
0.00222969 0.00601376 3.61197e-07 1.30424e-06 0.0549277 0.00555256 0.00963171 0.0535858 0.0285028 0.000984991 0.0495388 5.43287e-11 0.00067857 0.00310419 1.91775e-07 3.70172e-08 9.1954e-08 2.49357e-05 0.0292983 9.94721e-11 0.457052 2.283e-11 6.68149e-08 0.0603605 5.58515e-08 0.00403221 0.1152 0.0847591 0.03452 4.05993e-08 
0.000122351 0.0153094 0.052197 2.0198e-05 0.000187052 1.99345e-05 0.0073562 2.71956e-05 5.94652e-09 7.58167e-06 8.23869e-06 0.924175 1.58705e-09 9.15778e-08 3.31516e-05 1.38753e-10 8.49316e-13 6.83982e-06 5.14721e-08 1.30634e-09 0.000168352 2.52653e-13 4.76269e-05 0.000150501 2.92655e-05 1.15386e-05 5.8159e-06 0.000114869 2.45992e-09 1.6156e-06 
0.000280225 0.0277869 0.128655 1.44365e-05 0.000133632 1.42453e-05 0.010657 0.00103073 1.47191e-08 5.42031e-06 5.88873e-06 0.830734 2.34979e-09 6.69274e-08 2.36903e-05 3.44797e-10 2.63159e-10 4.89113e-06 4.03221e-08 3.23485e-09 0.00036497 9.53768e-13 3.40398e-05 0.000107524 2.09191e-05 2.41294e-05 4.16126e-06 8.20612e-05 6.08889e-09 1.59166e-05 
8.75389e-07 0.153787 0.0164687 9.38829e-08 0.00157413 0.0050775 0.0507684 0.500957 0.000360083 2.56512e-10 0.000215495 3.73034e-10 0.000315831 0.00167377 0.0943818 6.48531e-10 4.34151e-06 0.00119465 0.00323545 1.00095e-06 0.138397 1.56756e-10 0.000796641 0.0222298 2.88668e-10 0.000306224 0.00115304 0.00709927 1.35751e-06 4.95194e-10 
0.0114466 0.0687793 0.572302 4.60473e-06 5.68483e-07 0.0101059 0.204675 0.00199003 9.01173e-08 5.52565e-06 2.27558e-06 0.00130783 2.68005e-05 1.88785e-08 1.49586e-07 0.00414157 1.31535e-07 3.12237e-11 1.02761e-07 8.64123e-11 0.00157107 1.98326e-11 0.120386 0.000815912 7.23019e-08 4.04668e-05 0.00208043 0.000316965 1.2407e-07 6.26513e-11 
