1.71363e-08 5.80508e-05 5.61108e-08 0.000128654 0.00030441 9.15262e-05 1.13995e-08 0.000117225 4.03045e-05 6.282e-08 0.00116548 5.29564e-05 6.84827e-05 1.53113e-06 7.48543e-05 1.58826e-07 1.29051e-07 0.000216248 2.45678e-08 1.67267e-07 1.70645e-08 0.977362 5.25321e-05 0.0199463 7.0695e-08 8.43889e-05 5.70271e-05 5.92391e-05 3.02438e-05 8.73684e-05 
7.89163e-05 0.000822495 7.16401e-05 0.00134424 0.0265635 0.0135996 0.00245252 0.0129859 0.00023011 0.00122446 0.102537 0.0016566 0.178441 0.000960322 0.000443 6.36852e-08 0.000192128 0.0417477 0.0413278 0.00136328 0.00126725 0.478105 0.000682465 0.0597889 0.0125464 0.00143443 0.00532268 0.0117326 0.00107369 3.87283e-06 
1.68096e-05 0.000867105 9.60328e-05 7.71737e-05 0.0107399 0.0206021 0.00135982 0.0412986 0.0489209 0.000613646 0.00912542 0.000166769 0.00137211 8.92208e-08 0.000984597 5.11387e-05 3.58741e-05 0.00179643 0.000500645 0.00164046 0.000725384 0.563376 0.000474701 0.208966 1.26713e-06 0.00314048 0.00788636 0.0545238 0.00507224 0.0155679 
3.47624e-05 0.000513787 0.000423362 7.64764e-05 0.00215275 0.000769193 0.00322675 0.000630589 9.6149e-05 0.000243673 0.00101906 0.000231521 0.000937065 0.000369617 0.000426306 1.37075e-05 1.11377e-05 0.000594945 0.000136802 0.0013351 0.00150236 0.982393 0.000161194 0.000628925 6.10134e-06 0.000256083 0.000393587 0.000936467 0.000424289 5.50672e-05 
3.65255e-06 0.0142451 0.000443162 3.17043e-05 0.00840843 0.00386774 0.0306344 0.126669 5.97778e-08 0.00783077 2.31523e-05 0.00322106 0.0127164 1.15396e-07 0.00264518 1.99179e-07 1.61838e-07 1.55705e-05 4.01541e-05 0.00609356 0.0129968 0.726168 3.46005e-05 0.0347965 1.17396e-05 6.14802e-08 3.53781e-06 0.00847335 0.000616728 8.23202e-06 
0.0072885 0.00384057 0.00168276 0.00114459 0.00422255 0.17887 0.106011 0.112072 0.000481808 0.0995118 0.0465999 0.00238774 0.00509459 7.83882e-05 0.00943622 4.14637e-08 0.00144585 0.161354 0.0105751 0.00483324 0.00361713 0.211945 2.62744e-07 0.00470841 0.00107217 0.000244786 0.000811346 0.0145674 0.0059581 0.000145789 
9.85558e-07 0.0013592 0.000403902 0.000216577 0.00549291 6.88191e-05 0.0240041 0.0279757 6.43034e-12 0.0221174 2.24148e-07 0.0847366 4.79996e-12 1.24132e-11 0.00163303 2.14258e-11 1.74091e-11 0.000873193 0.00160809 0.00290335 4.61475e-07 0.806166 3.46532e-08 0.00403663 4.29224e-08 5.96391e-05 7.13932e-08 0.0142668 0.00196369 0.000112706 
0.000383994 0.00988901 0.00996945 0.00102498 0.000387154 0.00317693 0.0369744 0.00837929 7.81778e-08 0.00931788 0.0926821 0.00788992 0.00352704 0.0108407 0.0187042 2.60487e-07 2.11653e-07 0.0031486 0.000413569 0.00137485 0.001111 0.722117 7.53551e-05 0.0511324 4.55956e-05 0.000726103 0.00358276 0.00258827 0.000306121 0.000231014 
0.00952983 0.0142764 0.00550854 0.000474661 0.00271742 0.0252815 0.0502592 0.0299685 0.00407264 0.0113186 0.0780685 0.000749511 0.0226518 0.00183235 0.0232256 1.29812e-08 0.000883833 0.00372733 0.0148055 0.0100483 0.00279887 0.481464 0.018913 0.0881487 0.00256007 0.000237772 0.0116301 0.0578565 0.0269591 3.2259e-05 
5.62285e-05 0.00262525 1.43203e-05 9.23409e-05 0.000495175 0.00139314 0.0169976 0.0119064 2.06817e-09 0.00566058 0.00537341 5.83975e-05 3.05682e-06 0.00503432 0.0042376 6.89109e-09 5.4631e-08 0.00352522 0.180021 4.74825e-06 4.65983e-06 0.488596 6.33377e-05 0.0353729 0.006185 8.56106e-05 0.214642 0.0162788 0.00127318 5.26178e-09 
9.40295e-05 0.0124754 0.00155645 0.0186068 0.00790914 0.0592919 0.0485273 0.173303 0.00296323 0.0124434 0.0357142 5.66103e-06 0.0391379 4.09147e-05 0.00261818 7.32666e-10 0.00313637 0.0328204 0.0358582 3.65868e-06 0.00672965 0.268903 3.65133e-06 0.129716 0.000419549 0.035589 0.00696156 0.0624015 0.00276135 8.27363e-06 
2.81427e-06 0.00687969 0.0158172 3.83878e-07 6.86544e-11 2.64216e-07 0.0565797 0.362313 1.11893e-10 0.0322579 1.11345e-05 0.00281637 2.58374e-07 2.16e-10 0.0147519 3.72825e-10 3.02931e-10 0.00186681 0.039442 0.000917744 2.70265e-06 0.427613 1.23074e-10 0.0379767 4.70926e-07 2.44746e-06 0.000746327 2.38331e-11 6.58769e-07 1.31241e-07 
0.00014115 0.00364698 0.00051455 0.000287816 0.000148814 0.000147146 0.0217429 0.429433 2.52996e-08 0.0760265 0.000264025 0.0243747 0.000188682 4.88386e-08 0.000541765 8.42976e-08 6.84943e-08 0.000129929 9.77814e-05 0.000179219 6.60962e-05 0.43522 6.41624e-05 0.00123376 0.000125349 4.65398e-06 1.02356e-05 0.00441192 0.000663687 0.000334126 
0.00474072 0.00753949 0.00283856 0.00171817 0.00309335 0.0258085 0.0837958 0.0101528 0.00225846 0.00296911 0.00328089 0.00357078 0.0128631 0.0035373 0.0132924 9.9625e-05 1.1117e-06 0.114637 0.00985851 0.0117592 0.0171759 0.547049 7.22044e-05 0.024457 0.00454986 5.73028e-05 0.000469032 0.0449509 0.0433965 7.3851e-06 
0.0211659 0.0352089 0.0429714 0.000771778 0.00359403 0.0158272 0.136603 0.042211 0.00027339 0.0945835 0.00731318 0.0325507 0.000190939 5.69478e-05 0.000783597 1.50938e-06 1.56882e-05 0.00298251 0.0279224 0.00305504 0.0259205 0.282343 0.00580558 0.10839 0.00016205 0.000310074 0.00483525 0.101206 0.0029101 3.58663e-05 
0.000833184 0.00317144 9.73801e-05 0.0151695 0.00300709 0.0983077 0.0343093 0.00141816 0.00111502 0.000961357 0.0912404 0.000275634 0.0704927 9.96978e-05 0.0233228 1.17827e-07 0.0762367 0.00875701 0.155488 3.93678e-05 0.00166403 0.269639 1.08605e-05 0.0245657 0.104003 0.00988372 0.00138358 0.00423747 0.000256461 1.25901e-05 
0.00541977 0.042616 0.0152225 0.000226532 0.00917643 0.00902429 0.0751418 0.0999911 0.00105349 0.0137605 0.0422131 0.0032172 0.036784 0.0101306 0.0683301 5.54555e-10 1.05255e-05 0.00201044 0.0278077 0.0135593 0.0155347 0.418738 0.000447842 0.0346898 0.00447207 0.00337184 0.00197769 0.0345198 0.0105529 2.2125e-07 
0.0223705 0.00395108 0.00158345 0.000269158 0.00511515 0.0956577 0.0631896 0.0440964 2.54351e-05 0.00936034 0.041623 0.00676454 0.00553131 0.0160595 0.00987868 1.85167e-08 0.000164527 0.120376 0.00733851 2.76464e-06 0.0277592 0.208408 0.0210887 0.144646 0.000327382 0.123519 0.00194478 0.0123926 0.00653426 2.28021e-05 
1.11722e-05 1.11705e-05 1.11663e-05 1.11709e-05 1.11704e-05 0.0368777 0.164255 0.0893841 1.11676e-05 1.11653e-05 1.11717e-05 1.1161e-05 1.11694e-05 0.0156365 0.0268153 1.11509e-05 1.11554e-05 1.11657e-05 1.11711e-05 0.0468394 1.11722e-05 0.441188 0.0122948 0.0826826 1.11642e-05 1.11675e-05 1.11714e-05 1.11733e-05 0.083803 1.11565e-05 
0.0176245 3.72437e-05 0.00202216 8.83389e-06 0.0610896 0.0285653 0.210148 0.0149961 5.67362e-05 0.0288198 0.00891173 4.83872e-09 6.15459e-06 2.34657e-06 2.85818e-05 8.41226e-09 6.83521e-09 1.48304e-06 1.30124e-09 3.26435e-05 9.01468e-06 0.620354 0.0004608 6.45818e-06 0.00175689 8.02338e-07 0.00500589 1.45592e-05 4.05802e-05 6.42329e-09 
0.00463016 0.0224604 6.6016e-06 0.0165174 6.604e-06 6.60474e-06 0.18166 0.0369931 6.60235e-06 6.601e-06 0.00198804 6.59846e-06 6.60343e-06 0.0217813 0.0250973 6.59245e-06 6.59512e-06 6.60121e-06 0.0396331 6.59171e-06 6.60508e-06 0.548732 6.60194e-06 0.0409567 6.60032e-06 0.0257554 0.00264845 0.022466 6.60508e-06 0.00858113 
0.0014101 0.0166428 0.0366686 0.000276409 0.000499159 0.183974 0.107997 0.0887163 0.00524573 0.00359757 0.00816811 0.0531805 0.0617661 4.50722e-06 0.00355052 6.13617e-06 4.29502e-05 0.000180707 0.000634473 0.0495834 0.00360272 0.222303 0.00186771 0.0446196 6.02809e-05 8.97116e-06 0.00429877 0.047822 0.0532679 4.84611e-06 
4.64519e-05 0.000441197 0.000840457 5.77114e-07 0.000165063 9.38745e-05 0.00722715 0.0138448 1.06869e-06 0.000261913 0.000156395 2.0482e-06 0.00441111 0.000336013 3.76913e-05 3.56086e-06 2.8933e-06 4.40555e-05 0.00158624 0.013419 3.82585e-07 0.836717 1.17549e-06 0.00740848 2.53412e-05 0.00127497 2.75561e-06 0.105003 0.00664246 2.71894e-06 
0.0163987 0.0107955 0.00673087 0.00301947 0.0341086 0.00642546 0.0572071 0.0473526 5.08747e-06 0.0394577 0.00437452 0.0381725 0.00059178 0.000119707 0.00593978 3.19718e-10 1.30921e-05 0.00634582 0.018362 0.177986 0.00332123 0.435678 0.000171708 0.0322309 0.00352154 0.000330456 0.00113902 0.0468913 0.00308513 0.000224606 
0.00348006 0.00669603 0.000674872 0.000823782 0.0159341 0.0490205 0.0428534 0.0324696 5.39045e-05 0.00195367 0.0406413 0.0268096 0.00904412 3.2199e-05 0.00235966 5.67612e-08 0.000354407 0.0229522 0.144807 0.000464209 0.00805815 0.409896 2.65779e-08 0.0495946 0.0395442 0.00786269 0.0021084 0.0766954 0.00481479 9.00457e-07 
0.000540399 0.00355038 0.00182866 0.00303699 0.0285153 0.00785089 0.010963 0.0262675 0.00971955 0.000250883 0.0133999 0.000967481 0.00474851 0.00675211 0.0139388 1.61571e-06 0.00532904 0.00183833 0.00230444 0.00226619 0.00633278 0.750263 2.97244e-05 0.072482 0.00392167 0.00270349 0.00262951 0.0127435 0.00482214 2.62248e-06 
6.6969e-05 0.000365996 0.000137475 5.92756e-05 0.0221616 0.0078508 0.0236096 0.016173 9.61086e-08 0.00680879 0.000960511 0.000118415 0.0709752 0.0351508 0.00799901 3.20232e-07 2.60198e-07 0.013637 4.95347e-08 0.000226136 0.00159913 0.68637 0.00317735 0.0430587 0.00023174 9.88455e-08 0.000230143 0.00288467 0.0561089 3.75968e-05 
1.61983e-05 0.0811425 0.00242365 5.38957e-05 0.00495199 0.00313418 0.020045 0.0324227 0.0390613 0.0187466 0.0159336 5.30684e-06 0.00172206 5.40147e-05 0.00372152 4.10893e-09 5.66048e-05 0.000347779 0.0130723 0.000285156 7.22156e-05 0.599495 0.00334395 0.119245 2.2581e-05 0.00683996 0.0166038 0.00583073 0.000623331 0.0107263 
0.0283467 0.00042688 0.00275456 0.000231467 0.0345448 0.00765762 0.00694302 0.0210662 0.00112332 0.00696293 0.021652 0.0364833 0.00780147 0.000276721 0.00137936 6.84878e-05 0.000300276 0.00112764 0.0899807 0.00301645 0.00340466 0.58104 0.000534122 0.0484082 1.46639e-05 3.23222e-06 0.00155954 0.0510001 0.0417134 0.000178439 
0.000903804 0.00826479 0.000259624 5.18986e-06 0.0371459 0.0245625 0.0859147 0.0339177 3.9348e-05 0.0355165 0.00222246 3.40189e-06 0.0385117 0.00268699 0.00872931 0.00016381 0.00140204 0.00504994 0.0200451 0.00016151 0.00203935 0.558054 0.00648821 0.100958 0.00250575 1.33579e-05 0.00247494 0.0142343 0.00771935 6.26713e-06 
0.00835645 0.0453003 0.000197612 0.000411642 0.000347404 0.0694255 0.0281464 0.0931509 1.50894e-09 0.00261106 0.00257533 4.57291e-05 0.0480139 2.33012e-05 0.00395802 1.29552e-05 2.50998e-05 0.00139791 0.000315212 0.0010191 0.0022463 0.592899 0.00101357 0.0121031 0.00280303 0.00333049 0.00156369 0.0746128 0.00403311 6.11207e-05 
0.000505553 0.00428347 0.00505498 0.000322752 0.0166878 0.0163093 0.02764 0.0244635 0.015404 0.00878212 0.0141887 0.00235681 0.00012536 0.00223951 0.000165326 1.28794e-08 3.56196e-05 1.33636e-07 0.0914504 0.00816154 0.0187748 0.395923 0.00488941 0.202633 0.000325622 0.021735 0.0478675 0.0114377 0.0578831 0.000354378 
0.0067795 0.00800546 0.0091011 0.000792942 0.0019404 0.0790025 0.0596263 0.0587567 0.00270283 0.0106579 0.0618175 4.69216e-07 0.000222016 3.33e-05 0.0853653 1.88507e-09 0.000126901 0.0184988 0.115346 3.65542e-06 0.00369257 0.181442 0.000876321 0.113186 3.09186e-07 0.00219604 0.00761942 0.0290132 0.0297108 0.113485 
1.04926e-05 0.000223324 3.20736e-05 0.0002412 6.4966e-05 0.00517158 0.00272011 0.0208946 0.00138674 5.21329e-05 0.034565 0.000326097 0.00572985 0.000110521 0.00394506 0.000212192 4.202e-05 0.000184969 0.000345915 0.00167637 0.0369432 0.849798 0.0139666 0.00639375 0.00104757 0.000196156 0.000880597 0.0104241 0.00241202 2.63443e-06 
0.030555 0.0337365 0.00634686 0.00382449 0.0134092 0.0348985 0.131383 0.158468 0.0103143 0.0151298 0.011614 0.0158717 0.0040245 0.000586234 0.00705012 3.82716e-05 0.0028611 0.00946124 0.0162503 0.00396699 0.0963192 0.184476 0.0092078 0.0767582 0.000824474 0.016493 0.00613879 0.0897127 0.0102681 1.134e-05 
0.0039631 0.0341895 0.00035556 0.000274874 0.0428921 0.00394276 0.12155 0.0576936 1.06876e-05 0.00191793 0.00947184 0.0144247 0.0273213 0.00246095 0.00947633 1.02048e-07 6.95527e-05 0.000973415 0.00897937 0.0432402 0.011882 0.452147 0.0022936 0.0734291 0.000166307 0.000448833 0.0259226 0.0413017 0.00913986 6.1843e-05 
1.31477e-06 0.00922446 0.00119134 1.20848e-07 1.38611e-06 2.1282e-08 0.0973309 0.069474 2.44304e-12 0.0110826 0.00116648 0.0714447 1.14906e-08 4.71607e-12 0.00624619 8.14014e-12 6.61411e-12 0.00130701 9.10746e-07 1.0031e-07 6.15625e-07 0.647462 4.62221e-08 0.00639905 5.72512e-08 2.51261e-12 9.52387e-08 0.077666 6.54725e-07 2.23143e-07 
0.0197023 0.0140347 0.00210748 0.000776989 0.0076151 0.0187327 0.0405049 0.0611435 0.000700066 0.145167 0.0394327 0.162585 0.00111044 9.79972e-08 0.0222416 6.16839e-06 6.67515e-08 0.000945736 7.1008e-07 1.36094e-05 0.0147243 0.309239 0.000358159 0.0243947 0.000765498 8.35036e-08 0.000834522 0.0483062 0.0643074 0.000248552 
4.99535e-05 0.000473719 0.00111364 3.65216e-05 0.00143513 5.18929e-07 0.000359893 0.00378623 2.9872e-08 0.000455179 3.88303e-08 9.67916e-11 0.00171193 8.63399e-08 0.000398383 1.68275e-10 1.14282e-07 8.83103e-05 0.000312042 0.000102052 0.000655386 0.975034 0.00998921 0.00167812 2.9422e-08 3.8415e-05 2.30611e-07 0.00187649 0.00038452 1.93802e-05 
0.116563 0.0103144 1.94751e-05 0.000259077 0.0953364 0.0127893 0.0336798 0.0405673 4.93635e-07 0.0314554 0.0320007 0.0741924 0.0407234 2.8352e-05 0.00206179 1.4347e-08 0.00106661 0.00190597 0.0218954 0.00235675 0.00108479 0.334344 0.00259278 0.0550806 0.0126993 0.0022976 0.00895808 0.0603396 0.00519825 0.000189226 
1.13298e-05 0.000518384 7.31474e-05 0.00024907 7.20763e-05 0.00163117 0.0299006 0.0153499 0.0156432 0.000307224 0.00153038 2.08899e-05 0.00190926 0.00234004 7.96498e-05 2.08205e-06 6.80822e-05 0.00103887 0.0105268 0.0738812 0.0074016 0.775387 0.000348244 0.0397528 0.000273905 0.000399289 0.0127745 0.00402439 0.00447802 6.72852e-06 
7.33717e-08 0.101778 5.29397e-05 0.0091139 0.0507554 5.4248e-05 0.0144807 0.187476 2.04094e-07 0.000564523 0.00186273 1.23721e-05 0.000159133 0.000405708 0.00373518 6.80036e-07 5.52549e-07 0.000481565 1.05191e-07 1.11475e-05 0.00627022 0.619913 8.4204e-05 0.00209914 3.02691e-07 2.09906e-07 9.57431e-08 0.000519501 0.000166639 5.1925e-07 
4.11453e-06 6.85216e-06 1.34725e-05 6.18059e-06 7.02241e-06 5.0352e-06 2.73708e-06 5.05435e-06 1.14451e-05 1.50834e-05 5.68319e-05 2.19352e-05 8.54328e-06 2.20938e-05 1.02547e-05 3.81349e-05 3.09857e-05 1.45118e-05 5.89886e-06 4.01618e-05 4.09728e-06 0.999582 1.25888e-05 4.76151e-06 1.69743e-05 1.17711e-05 5.36906e-06 2.4378e-06 4.10664e-06 2.91184e-05 
7.27206e-06 0.0145492 7.26823e-06 0.00727848 0.0399971 7.27169e-06 0.196368 0.196343 7.26906e-06 7.26758e-06 7.27173e-06 7.26478e-06 0.00291537 7.26471e-06 7.26955e-06 7.25816e-06 7.26111e-06 7.26781e-06 0.00509721 7.25734e-06 7.27207e-06 0.332246 0.0472533 0.111266 7.26682e-06 7.26898e-06 7.27154e-06 7.27275e-06 0.0465485 7.26185e-06 
0.000561074 0.00124217 0.000112959 2.12638e-06 7.59522e-06 0.033806 0.00357357 0.00588022 0.000214914 3.82438e-05 2.71639e-05 0.0231659 0.0114834 9.712e-06 0.243677 2.03548e-07 4.91204e-06 6.10673e-05 0.0105185 0.00615873 0.0376451 0.531552 1.45904e-05 0.0132984 0.000312023 9.12443e-05 0.00705992 0.0354131 0.0340524 1.5502e-05 
0.000106827 0.00118912 0.000425731 0.0424405 0.0192047 0.0643626 0.0162072 0.0759651 0.0124845 0.014998 0.0293531 0.00187127 0.00745494 9.65029e-05 0.0466393 0.000603112 0.000827236 0.187705 0.00492159 0.0191157 0.00622843 0.2964 0.0259891 0.0845188 0.00908293 0.0153062 0.00286098 0.00785029 0.00579061 3.30601e-07 
1.29872e-07 4.23646e-07 0.000370519 4.25727e-05 0.00320891 2.94583e-06 6.18626e-07 0.00150952 3.788e-06 2.97395e-07 0.294502 3.04096e-10 1.32473e-06 4.18249e-05 1.42165e-10 5.2868e-10 4.27385e-07 0.00512421 0.000846679 5.8409e-07 5.68995e-05 0.685984 1.07468e-05 0.00807955 2.35321e-10 1.06883e-06 0.000149784 4.98936e-06 5.59068e-05 3.11635e-07 
4.8521e-05 1.39148e-05 2.65179e-06 0.000136045 0.00045191 0.00139221 0.00568351 0.00361314 0.000253553 6.85429e-07 0.00712974 1.50086e-05 0.00479251 4.07327e-05 0.000299783 6.36818e-06 1.40807e-06 0.000273253 0.000185302 1.82505e-06 0.000141609 0.577164 0.000243596 0.377227 0.000992999 7.2594e-06 0.0163521 0.00245306 1.89548e-05 0.00105692 
0.000189572 0.00420256 0.00503175 0.000634486 0.010671 0.00435779 0.0656492 0.0395855 0.0784507 0.00963887 0.202384 3.22601e-05 0.000597514 0.000185018 0.00123892 1.29951e-09 0.000173316 0.00180784 0.024797 0.000167083 0.00560275 0.209039 0.000171286 0.163283 0.000286328 0.000975458 0.00259936 0.0321016 0.0658352 0.0703113 
1.66242e-07 0.00974537 0.00165064 0.000427664 0.000785306 0.00277647 0.0226961 0.00653139 0.00305721 0.139449 0.0034946 0.000557257 0.0442193 0.0293838 0.00530459 3.24596e-10 0.0012693 0.0157599 0.0324376 0.000364051 0.000264852 0.628767 0.00284547 0.00402277 7.64938e-07 0.000635989 0.00999984 0.0293836 0.00416951 2.19818e-07 
2.8919e-06 0.0139915 5.5956e-05 7.34535e-06 0.00547751 0.000436403 0.00923416 0.145256 5.82524e-08 0.000584905 0.0137215 8.25581e-06 0.00560487 0.000547582 0.000238287 1.94096e-07 4.47717e-05 0.000111755 0.0102315 0.0188562 0.00218762 0.744437 6.40735e-08 0.00113371 3.49235e-05 0.000333492 1.56667e-05 0.00984935 0.0175966 1.48204e-07 
0.00167064 0.014139 0.00592005 0.00662703 0.000994638 0.0116063 0.177783 0.0582946 0.0123593 0.0210207 0.00111796 0.000526953 0.000708854 1.3516e-05 0.00127036 3.05311e-08 0.000163871 0.0291218 0.0541439 0.00779714 0.0507807 0.410062 0.023889 0.0451487 2.51417e-05 0.0142041 1.35788e-05 0.0173293 0.0332683 4.82009e-07 
0.0289493 0.00699129 0.00498225 9.58019e-05 0.000395538 0.00255697 0.0686211 0.0285966 0.00401261 0.00224445 0.000999734 2.25946e-06 0.00184395 4.23976e-07 0.0172161 7.31802e-07 0.00204893 0.00125971 0.000726427 0.0558227 1.72894e-06 0.733184 0.000122583 0.0218262 8.27136e-05 1.41141e-05 0.00135735 0.00721246 0.00011622 0.00871544 
0.00506206 0.0061137 0.000202113 0.00210547 0.0505335 0.0189864 0.0460779 0.110586 1.16683e-07 0.0366597 0.0611621 0.0250699 0.0173019 0.00411067 0.0407028 0.00213349 0.00228582 0.0558869 0.0843665 0.00141496 0.00995278 0.249293 0.000569526 0.0474005 0.00790634 0.00169124 0.00453752 0.0827409 0.0250445 0.000102585 
5.32677e-07 0.00253387 2.33067e-06 9.92078e-08 0.0350945 0.0280471 6.77306e-07 0.091518 0.000730838 5.87693e-07 0.0301562 0.000657998 0.00631954 0.000143671 0.00281497 5.20259e-10 4.22725e-10 0.0025776 8.04757e-11 8.74699e-07 3.52083e-07 0.691938 0.00112893 0.09018 2.31573e-10 0.00311685 0.00312102 0.0074188 0.0011475 0.00134958 
9.21976e-10 2.91879e-06 3.0189e-09 0.00029155 1.57357e-09 5.20811e-07 1.03925e-06 0.00617572 2.5646e-09 3.37987e-09 1.09985e-09 2.35432e-06 2.83859e-06 4.95075e-09 2.29786e-09 8.54521e-09 6.94323e-09 3.25179e-09 1.32181e-09 8.99938e-09 2.2034e-07 0.980053 0.00324714 0.0100939 2.1937e-06 2.63764e-09 9.2448e-05 3.43149e-05 9.20208e-10 6.5248e-09 
8.74971e-06 0.00411096 6.07896e-06 3.73214e-05 8.17399e-06 0.00181021 0.00420774 0.217674 0.00161239 0.00138762 0.001049 0.000133755 4.73915e-05 0.00018315 0.000140803 1.23482e-06 1.00333e-06 0.000564031 0.0674918 5.5424e-05 0.000642093 0.394222 8.77495e-05 0.0172123 5.49631e-07 7.37853e-05 0.275348 0.000163444 0.0117138 5.13657e-06 
4.87307e-05 0.00587898 0.00850119 5.72915e-06 0.000584339 6.13808e-05 0.00539939 0.0353395 1.24248e-06 0.00194811 0.000384051 0.000224695 0.000412251 1.43507e-05 0.00210177 9.66055e-07 7.84948e-07 0.000896338 0.000229911 8.90377e-05 0.00042329 0.878678 3.18907e-07 0.00202889 5.62323e-05 5.14041e-05 0.000118328 0.0560885 0.000431548 7.37643e-07 
0.000143407 0.0108608 0.0440718 0.000216062 1.17259e-05 0.0528316 0.0149208 0.0503695 0.0544157 0.00971208 0.00462327 1.81887e-05 3.75033e-10 9.69877e-10 0.000136242 0.000694921 6.38936e-07 0.00271334 0.0223378 1.76302e-09 0.0219096 0.35284 6.02871e-05 0.171148 5.8286e-07 0.00686039 0.00450724 0.0881166 2.15414e-05 0.0864581 
0.000371874 0.0077886 0.000473611 4.7224e-05 0.0164882 0.00227424 0.0278307 0.0807182 0.00185692 0.00120968 0.0129139 1.08585e-08 0.0258516 0.000170695 0.00464254 1.88778e-08 0.000108494 0.00175563 0.023341 0.00590602 0.000177095 0.750301 0.00399288 0.0131083 0.000514095 0.000930491 0.00199539 0.00599179 0.00912315 0.000116829 
0.00253176 0.071835 0.00196895 7.32196e-05 0.000248729 0.0482723 0.10511 0.0436969 0.00202748 0.0164872 0.0972416 7.91504e-07 0.0699191 0.00559143 0.129525 2.65129e-05 1.48712e-06 0.0207954 0.00378443 0.0228853 0.00185438 0.192253 0.0114602 0.0593808 4.2791e-05 0.0191216 0.0150885 0.0526484 0.00612622 1.39869e-06 
1.7119e-05 1.71164e-05 1.711e-05 1.7117e-05 1.71162e-05 1.71181e-05 1.71203e-05 0.0496595 1.71119e-05 1.71084e-05 1.71182e-05 0.0342208 1.71147e-05 1.71017e-05 0.266982 1.70863e-05 1.70932e-05 1.7109e-05 1.71173e-05 1.70844e-05 0.1558 0.474079 1.71109e-05 1.71184e-05 1.71067e-05 1.71117e-05 1.71178e-05 1.71206e-05 0.018848 1.7095e-05 
0.00176806 0.000753739 0.000199305 0.0284581 0.00700744 0.034041 0.059744 0.0101829 3.16463e-05 0.0217883 0.033248 0.000105646 0.00694595 3.97054e-06 2.0406e-05 7.88126e-06 1.80799e-05 0.113945 0.0342889 1.6199e-07 5.31368e-05 0.592902 0.00431821 0.0301443 0.00158821 0.000100385 0.00255681 0.0150513 0.000668389 5.91676e-05 
0.000262959 0.0183693 0.000595946 0.000257908 0.00241812 0.0734467 0.0360255 0.0241301 0.000148609 0.0013216 0.0241049 0.00249304 0.0749096 0.00211061 0.0582357 2.21988e-07 4.9566e-06 0.000520738 0.0119645 0.025393 0.0100125 0.522972 0.00918301 0.0478255 5.88913e-05 0.00014109 0.00086092 0.0128765 0.0393525 3.31723e-06 
4.27727e-06 0.0314488 0.000164796 1.90088e-06 1.93164e-05 0.000507122 0.0183984 0.139597 0.00265577 0.00196518 0.00583423 2.36948e-05 0.0011894 0.00163668 0.0047282 1.13571e-08 1.98104e-07 0.00029394 9.36117e-05 1.97863e-07 0.00390902 0.681077 0.000567214 0.0526659 1.76911e-06 0.000169089 0.0168894 0.0348598 0.00129798 8.67189e-09 
3.38307e-06 0.0011284 0.000823014 3.31203e-05 0.000236437 0.106228 0.000143245 0.0289057 4.50816e-05 0.0420254 0.00283561 3.82769e-05 0.0965508 0.000668183 2.63904e-07 9.81398e-07 7.97415e-07 0.00621714 0.00367475 1.70277e-05 2.17968e-05 0.559089 0.000503289 0.0104931 0.0559797 0.00456312 0.0519338 0.0278224 8.82448e-06 8.81635e-06 
0.035212 0.136708 0.0035057 0.000495771 0.00498913 0.000337404 0.00956622 0.0208176 0.00056825 0.01102 0.0662488 0.00961601 0.00203086 6.81397e-08 0.00415499 1.26701e-09 4.07015e-07 0.000386363 0.0311151 3.4944e-05 0.00264973 0.471859 0.00015214 0.00589766 0.0100539 2.50716e-07 1.41923e-05 0.0438665 0.128695 4.03236e-06 
2.77846e-05 0.000689347 1.75667e-09 2.40708e-05 9.15646e-10 0.00442117 0.00369998 0.00937992 0.00147057 0.000450339 0.0163018 0.00033426 0.00491755 6.81704e-05 0.00201058 4.97238e-09 4.04021e-09 0.000222043 6.36669e-09 0.0266622 0.00335375 0.905791 2.57293e-05 0.0121813 0.00122739 3.14198e-07 0.000188913 0.00650491 4.68219e-05 3.79673e-09 
0.0489143 0.000960584 3.96101e-05 1.11154e-05 0.00235185 0.174318 0.028911 0.0764984 1.71253e-06 0.0495864 0.078182 0.0526792 0.0502447 0.00161116 0.00324222 1.0924e-07 0.000651407 0.094975 0.00660483 0.0241953 0.000192227 0.209706 0.00176692 0.00937449 0.00180662 0.0224036 0.0100668 0.0370492 0.0136405 1.47738e-05 
0.0128578 0.116467 0.0128031 1.04035e-05 0.00371443 0.002328 0.00227984 0.0187577 0.000335133 0.00463163 0.0401894 1.29053e-05 0.00403781 3.94832e-05 0.00767317 2.87162e-10 3.30841e-05 5.77858e-05 0.0014529 0.00145291 0.0729896 0.615346 1.59128e-07 0.0101117 3.13435e-05 2.0699e-05 0.00130325 0.0484389 0.0226152 9.57812e-06 
0.00151542 0.0412024 0.000880729 0.000212005 0.00114675 0.0191512 0.0928866 0.0781397 1.89144e-05 0.0147638 0.00311213 0.0181159 0.0956333 1.85751e-07 0.00486915 1.57556e-05 0.000176454 0.00175492 0.0138248 0.0309445 0.0282316 0.426145 0.00848188 0.0616898 0.0012306 1.29523e-05 0.000329455 0.0435848 0.0118557 7.34452e-05 
0.000418507 0.0925184 0.000129936 0.0011294 0.0165513 0.0307594 0.157668 0.0406267 0.000365264 0.00481894 0.0039263 0.0953916 0.00434731 0.00064236 0.0432142 5.64313e-08 8.62549e-06 0.00311286 0.00290519 5.94306e-08 0.046529 0.189485 0.029375 0.0781077 1.71386e-05 0.0117507 0.0483334 0.0921177 0.00574955 8.78753e-07 
0.00449021 0.00378641 0.00314382 0.00065746 0.0844702 0.00401911 0.0298119 0.00529243 4.21239e-06 0.00739782 0.00729835 0.031183 0.0139662 0.000325912 0.00157767 1.99635e-08 4.23029e-05 0.0134752 0.00500136 6.06623e-06 0.00635941 0.738174 2.52913e-05 0.0106028 0.00380815 0.00317019 0.00419077 0.0176415 3.94625e-05 3.83232e-05 
0.00103749 0.0548202 0.0622579 0.000213626 3.28909e-05 0.00596885 0.0624212 0.207075 0.000296195 0.011197 0.0121639 0.0188977 2.55817e-05 0.00122819 9.2375e-05 6.70691e-07 1.06136e-05 0.000344048 0.0180791 3.61653e-06 0.0310923 0.388152 0.000178565 0.10903 0.00155947 0.00154771 0.000251589 0.0114953 0.00052569 1.49592e-06 
0.00390922 0.0152015 0.0244693 0.00101707 0.00489872 0.0293538 0.0450065 0.0129248 0.0030875 0.0143985 0.0335927 0.00291078 0.0127344 8.4561e-05 0.00431649 3.37759e-07 5.02074e-06 0.0197014 0.0938752 0.000539807 0.0471066 0.409585 0.000348964 0.111298 0.000594439 0.0417881 0.00303918 0.0530181 0.00358185 0.00761277 
4.0415e-08 0.000444833 0.00055271 6.0709e-08 6.89778e-08 0.000676452 0.000416235 0.0956024 0.000178815 0.0014835 0.00285631 2.15459e-07 0.000157553 0.00114076 7.09693e-06 0.0156671 0.000155394 1.42543e-07 5.79418e-08 0.000207794 4.02456e-08 0.808405 1.73009e-05 0.0676412 1.56075e-05 1.15622e-07 0.0013644 9.94213e-05 0.00286089 4.88673e-05 
0.00501698 0.0299446 0.0132709 5.99289e-05 0.0762834 0.000992928 0.106495 0.185356 3.45407e-05 0.0104675 0.00213955 0.0899359 0.000431734 5.40596e-06 0.0283188 1.2785e-07 2.25869e-05 0.00123682 0.00236549 0.000449553 0.0178838 0.273369 2.70146e-05 0.0246794 0.00111666 0.000149932 0.000395954 0.119933 0.00954145 7.66359e-05 
1.48465e-07 0.000643624 0.00582525 2.05718e-07 1.69736e-05 0.0391882 0.0046938 0.00377014 1.88762e-07 0.00452336 0.000943084 5.71928e-09 0.101674 3.45677e-07 0.0434006 7.26811e-07 7.19163e-07 3.78375e-09 0.00435219 3.34711e-06 0.000876203 0.757814 0.0078675 0.000950894 4.42579e-09 1.75287e-05 1.43788e-06 0.00466247 0.0186625 0.000110317 
0.000838452 0.00135783 0.000126358 2.09385e-05 1.13213e-07 0.00121202 0.012512 0.0382114 2.58035e-07 0.0568924 0.00562682 7.05986e-05 0.00178353 0.0016712 0.00116608 2.13975e-10 3.18048e-08 0.00370322 0.0125936 9.25969e-05 0.0394035 0.712339 1.5052e-05 0.043244 9.52426e-11 0.000701957 0.0027648 0.0593022 0.00434264 7.64337e-06 
0.00501654 0.0558822 0.0414917 0.0031065 0.0076775 0.0710779 0.143318 0.11248 1.45133e-09 0.010864 0.0129552 3.17091e-05 0.0146193 0.000848229 0.0569044 4.8358e-09 2.65746e-06 0.0220493 1.8163e-06 0.126319 0.0101648 0.240639 5.55121e-05 0.012481 0.00948736 0.000198934 4.00744e-06 0.0289349 0.0133885 3.97423e-07 
0.000111222 0.00189703 0.00344076 0.000282838 0.00510657 0.00471892 0.00817724 0.008041 0.00533597 0.00164241 0.0150414 3.27509e-05 0.0687179 0.000425638 0.000238981 1.74174e-08 1.91301e-05 0.0028381 0.00287265 0.000154942 0.000891642 0.817749 6.13732e-06 0.0272528 0.00401627 0.00635902 0.00032384 0.00149294 0.00117087 0.0116421 
0.00556655 0.125553 0.00831692 2.2133e-05 0.000598386 0.0400867 0.150757 0.0776726 7.71013e-06 0.027856 0.0121647 0.00339944 0.000412931 6.97184e-06 0.00152382 8.41883e-06 0.000153676 0.0179314 0.00243358 0.00852704 0.00331177 0.446672 0.0122981 0.0504609 7.17893e-05 3.32517e-06 0.000738282 0.00143946 0.00194746 5.76933e-05 
0.057527 0.0690727 0.00569924 0.0168615 0.0681747 0.0419951 0.111694 0.149238 0.00163122 0.0058638 0.0225149 0.000109716 0.00660956 0.00196049 0.00246477 1.49128e-05 0.0051477 0.00630681 0.00668355 0.000470089 0.00615066 0.208095 0.000746787 0.0885784 0.000573835 0.0233267 0.0190505 0.0422243 0.0311123 0.000101403 
3.45139e-05 0.0224224 0.0014601 0.00754676 0.00114835 0.000629305 0.0204188 0.0184645 0.0252597 0.000966985 0.00278348 2.59803e-05 0.000146869 0.00115489 0.00197285 2.2345e-08 4.21872e-07 0.000126142 0.00891234 2.28515e-05 0.00420894 0.544749 6.25643e-05 0.178994 6.04458e-05 0.00229086 0.00104944 0.0181871 0.0566211 0.0802795 
0.00557045 0.0372598 0.0010794 0.000290744 0.0029482 0.0491349 0.014982 0.0214034 0.000870248 0.0027116 0.139021 0.00043771 0.0931245 0.0558528 0.00125797 2.87202e-08 0.00718857 0.0029212 0.00690682 0.00721814 0.00668368 0.235439 0.00167645 0.153295 0.00809622 0.0404763 0.0365121 0.0532337 0.014271 0.000136671 
0.0657879 0.00667722 0.0068383 0.000288036 0.00717577 0.0264528 0.0357825 0.111112 0.0036017 0.144507 0.0790497 0.00203198 0.0109729 0.00473657 0.0208595 2.28666e-06 1.68858e-05 0.00575001 0.112143 0.00525208 0.0089959 0.194953 0.0108373 0.0360818 0.0264198 0.00525624 0.00283023 0.0601226 0.00545319 1.19818e-05 
0.0553048 0.00208267 0.00442437 4.68173e-05 0.00452569 0.0247799 0.146181 0.142095 0.00015724 0.0104108 0.0479592 0.000313029 0.00344152 0.00121596 0.00205536 0.00331813 4.01752e-05 0.00026218 0.0554371 0.00160937 0.0219337 0.192029 0.00557582 0.0929114 0.0287308 0.000446477 0.00271867 0.146495 0.00349811 7.67608e-08 
8.46165e-09 0.0137032 2.77066e-08 1.27106e-08 1.44418e-08 0.0076565 0.00637025 0.0961235 2.35373e-08 1.49261e-05 4.42525e-06 0.0515452 0.0134447 0.00355925 2.10892e-08 7.84257e-08 5.81995e-06 2.02036e-05 0.000969096 3.97849e-05 8.42618e-09 0.602229 0.000669958 0.0102091 0.0109821 2.42076e-08 4.03159e-05 0.0555096 0.126903 5.98829e-08 
2.34081e-05 2.34045e-05 0.0491547 2.34054e-05 2.34043e-05 0.269203 2.34099e-05 0.147487 0.177851 2.33937e-05 2.3407e-05 0.00703879 2.34023e-05 2.33845e-05 2.34e-05 2.33634e-05 2.33728e-05 2.33944e-05 2.34058e-05 2.33607e-05 2.34081e-05 0.348704 2.3397e-05 2.34073e-05 2.33912e-05 2.33982e-05 2.34064e-05 2.34103e-05 2.34081e-05 2.33752e-05 
3.89157e-07 0.0854234 1.59457e-06 0.000181263 0.00238804 0.00071827 0.0315374 0.266781 1.10749e-10 0.00857482 0.00353573 0.00860038 3.41909e-07 1.42811e-06 7.6209e-07 3.69013e-10 2.99834e-10 0.0898925 0.00203169 0.00390745 1.30109e-06 0.352894 0.00229764 0.123071 0.000275235 1.13903e-10 3.59552e-07 0.0150098 0.00287468 3.02895e-07 
0.000208701 0.00791978 0.00240067 0.000249384 0.00474365 0.0108771 0.0328674 0.04376 0.00135957 0.0106155 0.00135387 0.000150684 0.00567027 0.00372581 0.00526889 0.000109872 5.88484e-06 0.000964094 0.0305091 0.0190568 0.00422662 0.73403 0.00138576 0.017555 0.000246264 0.00596198 0.00628308 0.028618 0.0198702 5.95231e-06 
0.0468487 0.0102515 0.00762921 0.00231321 0.0078448 0.00757441 0.0878525 0.0656882 0.00013829 0.0120521 0.0213128 0.0047388 0.0155931 0.00165174 0.011241 2.18684e-06 9.72536e-06 0.00198558 0.0381124 0.00359255 0.0200583 0.335151 0.0158934 0.0330178 0.00239994 0.00058123 0.0114302 0.21097 0.0240629 2.03552e-06 
0.000121672 0.0252143 0.000208504 9.40483e-08 0.0137548 0.0129733 0.0329884 0.00494583 1.33354e-08 3.05969e-05 2.72796e-06 2.33204e-06 0.0598912 4.95695e-05 0.0115304 4.44331e-08 0.000106832 1.85214e-06 0.00023193 0.00143592 0.00154171 0.736726 0.00371043 0.00540117 0.00410942 0.000885844 0.0050429 0.0172542 0.0618381 3.39275e-08 
0.0053632 0.00194024 0.000121785 3.38665e-05 1.52331e-06 0.00499265 0.000347987 0.000590185 0.000319581 0.000390823 0.00927617 4.75821e-06 1.85322e-06 0.00191984 0.000462527 8.27228e-06 6.72147e-06 3.14793e-06 0.000378365 8.71194e-06 8.88787e-07 0.896306 4.17014e-05 0.0750108 3.68208e-06 0.00013009 0.00131095 0.000595198 0.000422316 6.31641e-06 
0.00499691 0.0317933 0.00317421 0.000169724 0.0108152 0.00460077 0.123989 0.118928 0.000154705 0.0215413 0.0101813 0.00743688 0.0204623 0.000532899 0.00328421 3.54493e-05 4.86376e-06 0.00558219 0.0163407 0.00277169 0.0202922 0.53008 0.000957995 0.00777584 0.00162059 0.000198275 0.000972394 0.0392186 0.0120767 1.21457e-05 
0.00446756 9.9242e-07 0.00426682 0.0106203 9.92411e-07 0.016973 0.0252143 0.02402 9.92162e-07 0.00267928 0.0258066 0.00188499 9.92324e-07 0.00644618 0.00783962 9.90674e-07 0.0014876 0.0440454 0.0144911 0.107477 9.92573e-07 0.589818 0.00446545 0.100644 9.91857e-07 0.00644995 9.92501e-07 9.92666e-07 9.92573e-07 0.000893051 
9.37603e-05 0.000154116 0.00137947 3.66711e-06 1.03905e-08 0.00118757 4.04983e-09 0.000154813 1.69344e-08 0.000428522 7.33511e-07 3.24557e-08 6.95372e-05 3.26905e-08 0.000192714 5.64252e-08 4.58471e-08 0.0219507 8.72807e-09 0.000184274 0.000386788 0.97217 0.00070597 2.12061e-06 6.78368e-05 1.74167e-08 7.94417e-09 0.00018324 0.000683585 4.30842e-08 
0.000760425 0.00106973 0.00862119 5.00638e-05 0.0321453 0.0812486 0.0673117 0.0418242 0.00577884 0.00713193 0.00130674 2.48343e-06 0.0716243 0.000592255 0.00334274 5.88395e-08 3.34703e-05 0.00493151 0.0120823 0.00548199 0.0230962 0.510977 0.00776001 0.0372624 0.000217122 0.00465387 0.0328646 0.0353504 0.0023999 7.90028e-05 
0.000598379 0.0076545 5.97152e-05 0.000379889 0.000101415 0.0022916 0.09694 0.00147561 0.000924964 0.00790023 0.0134459 0.000371042 0.00897018 0.00361881 0.0125376 6.14866e-08 0.000344129 6.30387e-05 9.18804e-05 0.00747808 0.00811025 0.824474 0.000371366 0.000168848 0.00035342 9.62685e-07 9.47617e-05 2.5959e-06 0.00117472 1.80298e-06 
0.000433389 0.00338417 0.000922439 0.0452906 0.0016588 0.0221497 0.0247015 0.120587 0.00690279 0.00285138 0.100809 0.000861323 0.028436 0.000607665 0.000388165 9.31607e-07 0.00980119 0.0649711 0.00377248 0.00260906 0.0101576 0.434922 0.000497999 0.0627601 0.00314409 0.00462868 0.0138883 0.0270351 0.00177735 5.01823e-05 
0.0431096 0.117935 0.00204754 0.000290805 0.0165902 0.0941741 0.0201292 0.0453936 0.00103712 0.00333406 0.0733537 7.73339e-05 0.114017 0.00241283 0.013491 2.02267e-08 0.000117183 0.00855303 0.0691211 0.00369845 0.00497247 0.178527 0.00624853 0.0378662 0.0522199 0.00595357 0.0157374 0.0337817 0.0358092 9.70311e-07 
0.00143575 0.0376585 0.000340176 9.48253e-06 0.00145689 0.00424819 0.236652 0.0372696 0.00240255 0.023543 0.00242124 0.00191822 0.00916044 3.57961e-07 0.0153187 0.000131633 4.61806e-05 3.14232e-05 0.0626657 2.6464e-05 0.00527671 0.399348 0.0698401 0.0275582 2.75015e-07 6.94585e-05 0.000944525 0.00858925 0.0516116 2.59951e-05 
1.86648e-09 3.10836e-09 6.11155e-09 7.29244e-06 3.18558e-09 2.28412e-09 4.71941e-06 7.49774e-05 5.19187e-09 6.84231e-09 8.90854e-06 9.95048e-09 3.8755e-09 3.01676e-06 4.65187e-09 1.72992e-08 1.40561e-08 6.58302e-09 2.67591e-09 0.0379476 1.85865e-09 0.961942 5.71069e-09 2.18157e-07 7.77705e-07 5.33972e-09 2.43801e-06 3.76104e-06 4.47283e-06 1.3209e-08 
0.000317493 0.006955 0.000552459 0.000200463 1.63679e-06 0.00301711 0.0325679 0.0132074 2.23023e-09 0.0333086 0.00116656 0.000441826 4.33882e-05 2.80224e-06 8.74587e-06 7.43109e-09 1.5191e-06 0.00959339 0.0017415 0.0130643 0.00152459 0.796084 6.12945e-06 0.0837686 3.30766e-09 0.000346987 1.24932e-07 0.00203969 1.97608e-05 1.8119e-05 
0.0101123 2.29736e-06 0.00643251 2.29744e-06 0.00482669 0.0418184 0.0140194 0.0999474 2.29676e-06 0.00505413 0.00390824 2.29541e-06 0.0305543 2.29539e-06 0.0137838 2.29332e-06 2.29425e-06 0.0505223 0.00597575 0.0499912 2.29771e-06 0.405433 2.29662e-06 0.081568 2.29605e-06 2.29673e-06 0.0167744 0.159248 2.29771e-06 2.29448e-06 
0.00133479 0.000703833 0.00419306 4.94877e-08 0.0379336 0.000562738 0.0726924 0.0393942 1.03563e-05 0.00903495 0.00017639 3.23109e-05 0.0041723 2.91586e-06 0.0473676 1.05492e-09 2.5717e-08 0.00439125 0.00786851 0.0740708 0.00110649 0.330956 0.0182702 0.000694659 2.88888e-06 4.52608e-07 0.00137683 0.271997 0.0716531 2.0816e-07 
0.134499 0.0048238 0.000361234 0.000433444 0.00832933 0.00445455 0.0597907 0.0981554 3.39193e-08 0.0168069 0.0243334 0.126517 0.0081845 4.70395e-05 0.00815664 5.61602e-11 3.94768e-08 0.0113245 0.0190781 0.0123021 0.0197075 0.239542 0.000323837 0.0287953 0.000353482 0.000198921 0.00411354 0.12939 0.039937 3.95223e-05 
0.0698125 0.026501 0.0328039 0.000291129 0.0338799 0.00106629 0.0643433 0.21087 4.12615e-05 0.00678103 0.00229299 1.93355e-05 0.000351185 9.36076e-05 0.00321273 9.12357e-10 4.84883e-06 0.0101383 0.00413899 9.60848e-10 0.212092 0.221097 1.50867e-06 0.0480446 1.85746e-05 0.0348505 0.000425488 0.0166155 0.000212167 7.78206e-08 
0.00520292 0.0327962 0.00744452 0.000547462 3.92883e-06 3.31436e-06 0.214663 0.0290102 1.05663e-06 0.0108142 0.0105679 1.2261e-06 0.0521302 1.2745e-06 0.00662627 2.72724e-06 1.29048e-09 0.0176299 1.84892e-05 4.47457e-06 0.000439525 0.549541 0.0114696 0.00807468 6.59251e-07 2.67004e-07 0.0135909 0.0130026 0.0164118 1.21271e-09 
1.70447e-08 0.000334679 4.50472e-10 0.00112033 1.84777e-07 0.00705012 0.00165608 0.0234215 0.00259015 5.04334e-10 0.00658964 5.91463e-05 0.0453947 7.38737e-10 0.000624348 1.18227e-06 1.04436e-05 0.0450808 0.00274661 0.0394328 8.7929e-07 0.819032 2.82228e-07 0.00219604 0.000124561 5.60331e-07 2.24476e-05 0.00157484 0.000935206 8.80933e-07 
1.47961e-05 0.00790157 5.09325e-07 3.65816e-05 0.0073575 0.0173822 0.0041837 0.0405283 1.38549e-05 0.000419227 0.00620782 7.11819e-05 0.0450643 0.000844736 0.00650364 1.45492e-05 7.22424e-05 0.00637428 0.000228941 0.000273009 0.0287725 0.626285 5.07415e-05 0.168849 0.000115302 0.000732907 0.00085019 0.0295434 0.00130687 1.62687e-06 
5.53338e-09 0.00011116 0.000937609 0.00724495 2.17707e-05 0.00177212 0.0960297 0.211762 0.000305071 2.02848e-08 0.0301521 8.01712e-07 4.71176e-06 1.50391e-06 4.59129e-05 5.12854e-08 5.74402e-07 0.000657478 0.00184657 1.21212e-05 6.45782e-06 0.547661 2.62265e-05 0.0233686 0.0780023 2.66601e-06 7.38976e-06 9.59427e-06 9.50182e-06 3.91596e-08 
0.000117298 0.00228188 0.00169002 0.000942899 0.00466477 0.0199956 0.0160812 0.0154358 0.00436723 0.00428318 0.0343474 0.000186548 0.000307102 3.77181e-05 0.000526273 1.37572e-05 0.000109338 0.00358807 0.00737836 0.0121502 1.59957e-08 0.430749 0.00331414 0.271073 0.000725788 0.00432697 0.00694282 0.000142177 0.00227303 0.151948 
0.0122383 0.000486069 0.00621986 4.09779e-06 0.000263165 0.000933814 0.0664032 0.0143398 4.68017e-06 0.0150658 3.90569e-05 0.00405676 0.000143556 0.00274916 0.000729838 4.39864e-06 0.000108111 7.91912e-06 0.000145387 5.94955e-06 0.000286431 0.87017 4.44735e-07 0.00141298 4.53445e-06 9.83988e-06 0.00023599 0.00306182 0.000866129 3.18235e-06 
1.19585e-08 0.0437262 0.00836275 4.08798e-05 2.041e-08 0.000215471 0.0402147 0.0876402 0.00012525 0.0042603 0.00148888 7.52994e-06 0.00127247 0.000175178 0.00271351 1.44087e-05 9.00575e-08 3.32072e-05 0.000974624 8.35715e-06 7.97039e-05 0.735212 0.00176003 0.0359825 0.000278801 0.00159429 0.000210178 0.0282494 0.00535863 8.46303e-08 
0.000124096 0.00319818 0.00590338 0.00207017 0.0811245 0.0280943 0.0529907 0.128047 7.30612e-06 1.37106e-05 0.00257882 3.38921e-10 0.00135761 8.69397e-06 0.000582406 6.70498e-08 3.42181e-05 0.0824863 0.0165301 0.00741234 0.158908 0.262446 0.014523 0.0840022 0.000742634 0.00178444 0.0461239 0.0127873 0.00611618 1.39857e-06 
0.0137547 0.01825 0.0026873 6.48035e-05 0.0182273 0.00796402 0.0675211 0.0263427 0.00994936 0.0157603 0.0246596 0.00124852 0.00362125 0.0023422 0.0083546 6.7465e-06 0.000309244 0.00924412 0.0302103 0.0049926 0.0506985 0.490597 0.000325144 0.129443 0.00299481 0.000875342 0.00626823 0.0209445 0.0304102 0.00193294 
0.00391105 0.00198207 2.04302e-07 0.000398723 0.0103265 0.00481068 0.101906 0.0569138 3.34653e-07 0.0238558 0.000725856 0.0267864 4.20803e-07 5.93646e-11 0.103631 1.02466e-10 8.32566e-11 0.000478336 0.0308339 0.00132224 0.0284022 0.502404 0.00517975 0.00601582 0.000122275 3.1628e-11 0.00385051 0.0632421 0.0229004 2.06717e-07 
0.017081 0.000668009 0.000445582 0.000562271 0.000179091 3.03752e-05 0.00670483 0.0137149 6.588e-09 0.0069122 0.000248896 0.029805 4.91765e-09 1.27176e-08 0.000552051 2.19511e-08 4.55414e-06 0.000425614 0.000117673 0.000352505 0.000844421 0.908224 5.97889e-06 0.0038489 0.000127556 3.72778e-05 1.2308e-05 0.00806661 0.000678835 0.000349544 
0.000125309 0.000685568 0.013556 3.10799e-05 0.00149682 0.00300265 0.000834909 0.0456639 4.745e-06 0.000756088 0.000364561 0.000121255 0.00189315 0.000630586 0.000515134 7.68544e-06 6.24464e-06 0.000355905 0.00058936 0.000737528 0.00108414 0.855357 0.000203016 0.00688248 0.00014627 0.000778271 0.000303643 0.046797 0.0170638 5.86831e-06 
6.69763e-06 0.00654762 0.000197122 0.00306522 0.00271708 0.00812299 0.0182776 0.0638741 0.067217 0.00216534 0.0411179 0.000743504 0.00237419 0.00513344 0.00279823 1.88063e-06 1.90261e-06 0.0226657 0.00224486 0.0018984 0.0140958 0.28013 0.0861515 0.147308 7.57207e-05 0.00677968 0.111534 0.0445075 0.0166528 0.0415935 
