0.00986627 0.00838601 0.000886114 8.90187e-05 0.0042881 0.00424893 0.00621164 0.00775436 0.00627202 0.000573436 1.81127e-05 4.84688e-08 0.000146467 0.00089161 0.000209265 4.34814e-10 1.47388e-05 2.05524e-07 0.0111997 7.65545e-07 0.0261629 5.80001e-06 0.824064 0.000853227 0.000290978 0.00143907 0.0803016 0.000546086 0.00527969 8.03432e-08 
0.00126008 0.00532684 0.0165758 3.08044e-06 0.00371256 2.60438e-05 0.0293186 0.00187717 2.43491e-05 0.0043605 0.000168347 0.000341593 0.000108638 1.00583e-07 0.00345232 0.00286675 1.01614e-06 0.000613814 0.00273681 7.57902e-05 0.00964702 0.0137425 0.883203 0.00490311 9.87057e-05 0.000110339 0.000788074 0.0131793 0.00147723 7.3226e-11 
0.00438713 0.00161003 0.00220549 0.00185706 9.18994e-06 2.04416e-05 0.00779914 0.00891945 1.42972e-05 0.0191813 0.133091 8.10625e-07 0.00208329 3.74263e-06 2.38456e-05 1.48898e-08 0.00119577 0.200363 9.66632e-06 3.05643e-07 0.0231854 0.0663785 0.301146 0.151047 0.0121967 0.0530236 0.00477076 6.06577e-06 0.00547023 1.13693e-08 
0.00138122 0.0264742 0.00218721 5.85815e-06 0.000285075 0.00796412 0.0710955 0.00146221 0.00363814 0.0117898 0.00755331 1.9742e-06 0.00200389 0.000298253 0.000887919 4.09686e-07 0.000241822 3.93212e-06 0.000291645 0.00038015 0.00166876 0.00287404 0.745876 0.00137027 0.000490774 0.000427973 0.00861161 0.0812868 0.0194457 1.85439e-06 
0.00111139 0.00269037 0.000968107 1.1412e-05 0.00257385 0.0438767 0.00151088 0.106172 0.00123028 0.00232533 0.000216955 3.61903e-06 0.00147719 7.56747e-08 2.51093e-05 1.30618e-07 5.55236e-06 0.000124617 0.00395806 1.16047e-05 0.0261069 0.0130929 0.739222 0.0193061 1.27688e-06 0.000154012 0.018636 0.0109788 0.00419067 1.78735e-05 
0.0146379 0.00523024 0.000422566 0.000123871 0.00436857 0.00428027 0.00265151 0.0091914 0.0028966 5.95277e-05 3.51625e-07 8.03098e-08 7.11175e-05 0.000696393 0.000172311 8.52399e-10 3.90882e-07 5.41058e-07 0.00659568 0.000187949 0.0225963 1.26567e-05 0.842527 0.000824891 1.72221e-05 0.00236332 0.0735146 0.000535001 0.00602114 1.36695e-07 
0.000398197 0.00864868 0.00496844 4.79165e-06 0.00404949 0.00498648 0.0153401 0.00441718 0.0161095 0.00108667 0.00693251 8.69222e-06 0.00906028 0.00992923 0.000731497 2.85581e-06 2.46576e-07 7.8241e-06 0.00463586 0.000101383 0.00741867 0.000129935 0.875923 0.00237241 0.000174417 0.00103637 0.010779 0.00389865 0.00684322 4.15998e-06 
5.7529e-08 0.0183083 1.00458e-05 4.19601e-09 0.00390453 0.172793 0.0569149 0.0230919 1.78842e-05 7.82668e-07 9.93201e-06 1.48918e-08 5.75379e-05 4.54075e-06 0.0213462 2.58898e-08 2.10362e-08 9.85209e-09 0.00217322 2.27339e-05 0.0018801 0.0902323 0.609175 3.10701e-06 1.17465e-05 7.99138e-09 2.40169e-06 3.04005e-05 8.52005e-06 1.97685e-08 
0.00033244 0.0137111 0.000448527 0.000708748 0.0294931 0.0207277 0.0125624 0.0196074 0.192694 0.000362191 0.0207269 6.14285e-08 0.0149536 0.00118187 5.3642e-05 3.05536e-10 4.0602e-06 0.0113501 0.020363 0.00514995 0.00578254 8.76203e-05 0.322057 0.0137421 0.00274181 0.00184734 0.0516165 0.173495 0.0642003 4.77926e-08 
4.1947e-06 1.47152e-06 1.44177e-05 9.69373e-10 0.10506 0.0606528 0.0208122 0.00704565 2.25158e-05 1.34442e-05 2.53241e-05 3.44035e-09 1.02121e-05 0.165485 1.60837e-09 5.98114e-09 2.49839e-06 2.27606e-09 0.0731509 6.29904e-09 0.00016609 2.77623e-06 0.349222 0.035577 0.000128101 0.0179861 0.164411 1.73566e-05 5.71663e-06 0.000182433 
0.00158787 1.05658e-05 0.00441362 0.043897 0.000461397 3.48287e-05 0.119918 0.02086 1.82839e-09 0.00163649 5.5474e-05 2.40496e-05 0.0466948 4.06306e-05 0.145178 5.73913e-06 2.91513e-05 0.000250123 1.99429e-05 0.0322094 2.68921e-05 0.141306 0.353757 0.000767821 0.0642459 0.00218507 4.40111e-05 0.0203365 6.56046e-10 4.32938e-06 
0.00906736 0.0835581 0.0259232 1.6293e-06 0.000945821 0.0236839 0.0321931 0.0430474 0.00473935 0.00040037 0.0232253 0.000209032 1.04231e-05 0.000768498 0.0121881 9.12595e-05 0.00133626 0.00241266 0.035367 0.000105907 0.0457914 0.00925249 0.615784 0.00125435 5.02733e-05 0.00710397 0.0166298 0.0014931 0.00336366 2.83528e-06 
0.00011521 0.00613381 6.23367e-05 0.399628 0.0382241 0.0064597 0.0348584 0.00424214 0.000455785 0.00040226 0.000808422 0.00032082 0.00122178 5.68593e-09 0.00166653 4.7212e-08 1.26074e-05 0.0227672 1.98888e-12 2.89819e-07 0.00787287 0.000140238 0.457736 0.00706426 0.000851784 0.00219745 0.000795282 0.00122151 0.00474122 4.23086e-07 
0.000437337 0.00354478 0.0918552 1.68257e-05 0.0292778 0.244303 0.00637574 0.0055986 0.00312665 0.17777 0.000463776 2.0762e-09 0.00193682 0.00107057 0.000113253 9.29573e-07 9.73102e-06 3.04569e-05 1.18528e-06 7.26615e-07 1.69643e-06 1.11574e-06 0.252948 0.00615541 3.32373e-07 0.0654124 0.0804745 0.0160652 0.0130071 1.2905e-06 
0.000153472 0.0115247 0.000270378 6.92086e-06 0.00958312 0.0529367 0.0500789 0.0134601 0.0112831 0.00135243 0.0679664 1.66132e-07 0.0174281 0.00344338 0.00118211 7.32045e-07 0.00154597 0.000150956 0.0145206 0.00440379 0.00427006 0.00251254 0.447166 0.00720979 0.000858992 0.000641129 0.157129 0.0550824 0.0638346 2.68968e-06 
0.0247011 0.00545063 0.00516738 8.729e-06 0.00418293 0.053089 0.0157972 0.0676117 0.0415663 0.000422939 0.000506132 1.49213e-07 0.0100873 0.000182739 0.000849188 7.23466e-06 6.27899e-10 0.000144819 0.165006 9.90176e-07 0.0228426 0.00283273 0.36254 0.0118794 7.6458e-08 0.000115948 0.0541128 0.0722512 0.0786428 1.20149e-08 
0.00011521 0.00613381 6.23367e-05 0.399628 0.0382241 0.0064597 0.0348584 0.00424214 0.000455785 0.00040226 0.000808422 0.00032082 0.00122178 5.68593e-09 0.00166653 4.7212e-08 1.26074e-05 0.0227672 1.98888e-12 2.89819e-07 0.00787287 0.000140238 0.457736 0.00706426 0.000851784 0.00219745 0.000795282 0.00122151 0.00474122 4.23086e-07 
0.0119008 0.00609686 0.0134034 2.28738e-05 0.0548118 0.0067033 0.0681288 0.244771 1.15471e-05 0.0232387 0.0059808 2.35541e-06 0.00284978 1.08362e-06 0.00203806 2.56643e-10 0.0072295 0.000651138 3.95822e-06 1.54546e-06 0.00516808 0.00778105 0.359848 0.0678676 0.00159083 0.0317417 0.0517232 0.0223886 0.00404337 4.23809e-07 
0.000112375 0.000445892 1.00135e-06 1.82951e-07 0.0053634 2.37353e-06 1.6062e-07 0.000220886 2.70826e-06 1.0503e-06 1.80564e-06 5.54917e-10 3.3185e-07 5.58931e-10 8.8483e-08 9.6474e-10 9.77204e-08 1.37369e-06 1.4923e-10 7.8145e-07 0.00266742 0.000246377 0.968043 0.0147812 4.9163e-07 0.000296257 0.00781019 8.20193e-07 1.0389e-10 5.45613e-08 
0.00010438 0.0069964 0.000276373 0.317775 0.0718246 0.0321345 0.0100076 0.00377254 0.000111673 0.000321573 0.00365418 0.000719462 0.00788257 1.00484e-05 0.00047939 1.28089e-10 3.15402e-06 0.0480735 0.000172158 0.00607191 0.00904027 0.0016804 0.449836 0.000833332 0.000474665 0.00302653 0.00629769 0.00133895 0.0170809 3.60488e-07 
0.00603568 0.0393989 0.00120904 4.39889e-05 0.00855594 0.0516507 0.00951338 0.0747723 0.0102425 0.0129009 0.0200469 4.3577e-05 0.0137244 0.00324325 0.00178153 0.00102917 1.94407e-05 0.0255996 0.0173825 7.6073e-06 0.00596737 0.0197599 0.537383 0.0120055 0.000396716 0.00139889 0.0975716 0.00930665 0.0189721 3.72596e-05 
0.000864839 0.00644137 0.00124641 8.82855e-05 0.00413693 0.012017 0.00690971 0.00497087 0.0352172 0.000532499 0.292228 5.95466e-05 0.000197389 0.00239549 0.000222609 9.09596e-08 2.23587e-05 0.000396895 0.0082534 0.000737784 0.0527769 0.00377713 0.382906 0.035353 0.0015684 0.0336209 0.0568872 0.0165363 0.0395045 0.000131634 
0.0213742 0.00301824 0.0013439 2.268e-05 0.0162642 0.0233223 0.0359628 0.0200128 0.0443104 0.0246943 0.0188148 0.000289085 0.0807638 0.0246588 0.00336326 7.0719e-05 0.000452162 0.000234516 0.00201638 0.0204477 0.0294335 0.00852272 0.363845 0.0694443 0.00153233 0.0107466 0.0599754 0.020157 0.0949026 3.55874e-06 
2.4582e-08 0.0131309 4.53484e-05 0.000274994 0.000906013 0.00770354 0.0109022 0.00203662 0.0017938 0.000813524 0.000217673 6.41163e-08 0.00463896 5.14864e-05 0.00144171 6.39135e-11 3.35791e-05 0.000317906 0.000747669 0.000804392 0.00238693 0.000903183 0.928137 9.90158e-06 0.000698269 9.59201e-05 0.00754304 0.00239095 0.0119746 2.72692e-08 
0.00011521 0.00613381 6.23367e-05 0.399628 0.0382241 0.0064597 0.0348584 0.00424214 0.000455785 0.00040226 0.000808422 0.00032082 0.00122178 5.68593e-09 0.00166653 4.7212e-08 1.26074e-05 0.0227672 1.98888e-12 2.89819e-07 0.00787287 0.000140238 0.457736 0.00706426 0.000851784 0.00219745 0.000795282 0.00122151 0.00474122 4.23086e-07 
2.78947e-05 0.00334339 0.000485728 0.0244485 0.0179771 0.182843 0.0710837 0.0154043 0.0176791 0.000949723 0.0537133 4.84076e-06 0.0125785 0.000119421 0.00447325 0.0221238 0.000796147 0.000938778 0.0101453 0.00106051 0.0381046 0.00280974 0.279894 0.0620073 0.000707877 0.00844262 0.0606165 0.103342 0.0038795 7.69979e-09 
9.54174e-07 9.54028e-07 9.53672e-07 0.0547641 0.104084 0.0950319 0.0268153 0.0584888 9.5378e-07 9.53586e-07 9.54131e-07 9.53219e-07 0.0332933 9.5321e-07 0.0614286 0.0100959 0.000953687 0.00619947 9.54079e-07 0.0588495 0.0316795 0.0239439 0.304429 0.0504749 0.037187 0.00934787 9.54106e-07 0.0166052 0.0163174 9.52834e-07 
0.000235071 0.0891811 0.0189631 3.69943e-05 0.00276485 0.033857 0.0416468 0.122671 0.0478474 0.0834397 0.00143245 3.38683e-08 0.0519429 0.00355637 0.0266723 1.01164e-05 4.65158e-05 0.000685333 0.000515252 0.0249576 0.0363258 0.0327806 0.306764 0.00990672 2.47209e-05 0.00654714 0.0268096 0.0079458 0.0224047 2.93793e-05 
0.000223851 0.00981921 0.000626296 0.164448 0.208238 0.025705 0.0281802 0.0220496 0.00361602 0.000797029 0.00675527 0.000437889 0.00123651 3.32467e-05 0.0038896 2.44997e-05 3.18077e-05 0.0113793 0.00691416 0.0001213 0.0314647 0.000672221 0.228811 0.0149583 0.0016058 0.166292 0.0126144 0.013385 0.0356679 2.20678e-06 
1.77679e-05 0.0186415 0.000540781 0.00363443 0.0120155 0.000571167 0.00198104 7.80043e-05 1.62016e-06 5.54376e-06 1.08446e-05 0.035707 4.45691e-05 1.36345e-06 3.5618e-05 4.00003e-07 8.53452e-07 0.000359693 2.00482e-06 4.21263e-07 6.87058e-06 0.00194232 0.847698 4.99442e-08 5.85727e-05 5.81842e-06 0.0294483 0.00117877 0.0460109 3.05427e-07 
4.04431e-05 0.0236616 0.00294644 1.67261e-05 0.0122494 0.0827227 0.0395019 0.00611597 0.000546892 0.000906367 0.00598835 2.62448e-05 0.22875 0.00221507 0.0153867 4.70896e-06 3.89652e-05 0.000939609 0.055241 0.00209945 0.0301743 0.00833269 0.270192 0.018095 0.00261514 0.00544587 0.0417541 0.0223533 0.121638 5.27576e-08 
0.0052299 0.00873567 0.00128019 2.94317e-06 0.00194374 0.0744425 0.0101222 0.00284139 0.00705855 0.00518377 0.002112 1.2544e-07 0.0332299 0.00133279 0.00458179 5.2019e-11 3.43431e-05 7.89063e-05 0.129428 0.000953152 0.00661677 0.00551299 0.368958 0.00775017 0.00325458 0.000422772 0.191205 0.0791137 0.0485747 9.67071e-09 
0.0012428 0.00211106 0.0247978 4.87098e-05 0.0157184 0.00286654 0.0108214 0.246699 0.00216145 0.0147135 0.000415974 1.67616e-08 0.0173441 0.000244239 0.00413201 5.21658e-09 7.31393e-05 2.5852e-05 0.000547536 0.000310888 0.0221794 0.000403417 0.472736 0.00168273 9.94837e-05 0.00235551 0.0158195 0.0602193 0.0802303 2.34894e-08 
0.00171417 0.0159205 0.0103296 0.00142943 0.00258126 0.0362829 0.0127177 0.005176 0.0291491 0.00215217 0.115205 0.000128582 0.0048724 0.0058915 0.000515604 0.00214879 3.1439e-05 0.000858068 0.00652627 0.00027575 0.0249279 0.0100195 0.579633 0.0163889 0.000433116 0.0115919 0.0480056 0.0303433 0.0247172 3.33518e-05 
0.00126008 0.00532684 0.0165758 3.08044e-06 0.00371256 2.60438e-05 0.0293186 0.00187717 2.43491e-05 0.0043605 0.000168347 0.000341593 0.000108638 1.00583e-07 0.00345232 0.00286675 1.01614e-06 0.000613814 0.00273681 7.57902e-05 0.00964702 0.0137425 0.883203 0.00490311 9.87057e-05 0.000110339 0.000788074 0.0131793 0.00147723 7.3226e-11 
0.0137902 0.0135908 8.87547e-05 0.000129576 0.0817301 0.0096465 0.0818283 0.0209932 0.000644905 0.00398809 0.0119555 1.22239e-09 0.0146708 0.000344243 0.0832731 1.76749e-06 3.96679e-06 0.00321196 0.129983 0.000530244 0.00137942 0.154443 0.246284 0.0672153 0.00420064 0.000360801 0.0207119 0.0217141 0.0132842 1.38122e-06 
0.00126008 0.00532684 0.0165758 3.08044e-06 0.00371256 2.60438e-05 0.0293186 0.00187717 2.43491e-05 0.0043605 0.000168347 0.000341593 0.000108638 1.00583e-07 0.00345232 0.00286675 1.01614e-06 0.000613814 0.00273681 7.57902e-05 0.00964702 0.0137425 0.883203 0.00490311 9.87057e-05 0.000110339 0.000788074 0.0131793 0.00147723 7.3226e-11 
0.000365689 0.0155495 0.00016456 0.259899 0.176288 0.00829821 0.0424023 0.0329421 0.000674484 0.0194122 0.00235053 0.000428772 0.00354023 4.37046e-06 0.00615655 7.63913e-08 7.86695e-06 0.0162088 4.80355e-08 0.00388762 0.0198736 0.000461851 0.352069 0.00948162 0.000530223 0.00317636 0.00350884 0.00291348 0.0194043 2.84981e-07 
7.78241e-06 1.29605e-05 2.54825e-05 1.16903e-05 1.32825e-05 9.52381e-06 5.17704e-06 9.56003e-06 2.16479e-05 2.85295e-05 9.28388e-06 0.00833934 1.61592e-05 4.17893e-05 1.93963e-05 7.21302e-05 5.86079e-05 2.74484e-05 0.00224264 7.59639e-05 7.74978e-06 0.0244258 0.964377 9.00614e-06 3.21059e-05 2.22643e-05 1.01553e-05 4.61097e-06 7.76748e-06 5.50759e-05 
0.00029869 7.93265e-06 0.000864429 8.62323e-07 0.000233747 0.0264153 0.0276885 0.0732153 0.036242 0.00865997 0.000409585 0.0399612 0.0525021 0.0127393 0.000559128 0.00242495 4.4584e-06 0.00235128 0.00305774 0.00163369 0.00403243 0.024614 0.509469 0.0106737 3.96559e-07 0.00724596 0.0706548 0.00443148 0.0796081 4.40929e-07 
0.000153472 0.0115247 0.000270378 6.92086e-06 0.00958312 0.0529367 0.0500789 0.0134601 0.0112831 0.00135243 0.0679664 1.66132e-07 0.0174281 0.00344338 0.00118211 7.32045e-07 0.00154597 0.000150956 0.0145206 0.00440379 0.00427006 0.00251254 0.447166 0.00720979 0.000858992 0.000641129 0.157129 0.0550824 0.0638346 2.68968e-06 
0.00377637 1.88695e-06 1.88625e-06 1.88702e-06 1.88694e-06 0.186641 1.88739e-06 0.0286864 1.88646e-06 1.88608e-06 1.88716e-06 1.88535e-06 0.0377375 0.00905147 1.88659e-06 1.88363e-06 1.8844e-06 0.111284 1.88705e-06 0.00527546 1.88724e-06 0.0599991 0.316908 1.88717e-06 1.88588e-06 0.0665932 0.0320829 0.0851246 0.0568079 1.88459e-06 
0.000194634 0.0172892 0.00510997 3.69564e-05 0.0262477 0.0225234 0.0673961 0.00539363 0.00871184 0.000526906 0.0161441 3.47646e-05 0.00065526 0.00179354 0.0438496 1.88728e-05 2.06755e-06 0.000372926 0.0259597 0.00741007 0.0800398 4.38155e-05 0.601986 0.0136384 9.5105e-07 0.0080822 0.00909253 0.00116838 0.0362746 2.32912e-06 
1.41267e-06 4.24519e-05 0.000145363 1.36344e-07 0.0499516 2.02165e-06 0.00453467 0.000219863 0.0145351 2.04788e-07 0.0632625 4.53862e-06 9.09429e-07 1.94757e-05 0.000121498 2.17481e-09 2.94742e-07 5.50956e-07 0.0042548 2.2904e-09 0.0833668 0.000395851 0.749126 0.0046589 9.68032e-10 7.33984e-07 0.0108994 0.0114555 0.00299965 2.15226e-07 
0.275007 0.0146251 0.0703368 3.31609e-05 0.00304228 0.000239396 0.0991572 0.00515024 7.28204e-05 0.0107994 0.000674915 0.000314007 0.001104 0.000414488 0.00441472 0.00118618 6.61212e-07 0.00365338 0.0209432 0.000352287 0.0199742 0.0111783 0.372538 0.0158162 0.00288997 0.000636798 0.0208322 0.0403355 0.00427744 1.36076e-08 
0.00011521 0.00613381 6.23367e-05 0.399628 0.0382241 0.0064597 0.0348584 0.00424214 0.000455785 0.00040226 0.000808422 0.00032082 0.00122178 5.68593e-09 0.00166653 4.7212e-08 1.26074e-05 0.0227672 1.98888e-12 2.89819e-07 0.00787287 0.000140238 0.457736 0.00706426 0.000851784 0.00219745 0.000795282 0.00122151 0.00474122 4.23086e-07 
0.00301291 0.00399911 0.0147398 0.000150278 0.00491122 3.78468e-05 0.0256074 0.0113745 0.0814101 0.00141561 0.00056764 0.000151922 0.00178064 2.03047e-05 0.00178753 0.000807687 1.41444e-06 0.00403678 0.00308392 6.97708e-05 0.0216682 0.0367648 0.482556 0.244973 0.000616197 0.000885999 0.0188045 0.0312228 0.00354194 7.74716e-07 
0.000363207 0.00573014 0.000236529 5.31322e-06 0.000746154 0.0757212 0.0107696 0.0251088 1.77626e-07 0.00080469 0.00681259 2.23353e-06 0.00776235 6.59317e-05 0.000801386 0.0012633 0.00929552 0.000575043 0.00161152 0.000394449 0.0152507 0.00220403 0.69373 0.00381828 0.00206016 0.00705927 0.0242586 0.0566799 0.0468687 4.32589e-08 
0.00126008 0.00532684 0.0165758 3.08044e-06 0.00371256 2.60438e-05 0.0293186 0.00187717 2.43491e-05 0.0043605 0.000168347 0.000341593 0.000108638 1.00583e-07 0.00345232 0.00286675 1.01614e-06 0.000613814 0.00273681 7.57902e-05 0.00964702 0.0137425 0.883203 0.00490311 9.87057e-05 0.000110339 0.000788074 0.0131793 0.00147723 7.3226e-11 
0.000365689 0.0155495 0.00016456 0.259899 0.176288 0.00829821 0.0424023 0.0329421 0.000674484 0.0194122 0.00235053 0.000428772 0.00354023 4.37046e-06 0.00615655 7.63913e-08 7.86695e-06 0.0162088 4.80355e-08 0.00388762 0.0198736 0.000461851 0.352069 0.00948162 0.000530223 0.00317636 0.00350884 0.00291348 0.0194043 2.84981e-07 
1.36513e-05 0.0073085 4.8909e-05 3.61301e-05 0.00418394 0.165944 0.0105638 0.0157989 0.00143271 0.00150411 0.023722 9.83175e-08 0.00607536 0.00927397 0.00448463 0.000253461 0.000606729 6.50447e-08 0.0799714 0.00112662 0.00214971 0.0194008 0.607933 6.28534e-06 7.60817e-08 0.0136218 0.00368039 0.0147812 0.0060778 1.30514e-07 
0.000202936 0.0888324 0.021519 0.000406985 0.0530024 0.0285968 0.0183905 0.0551197 0.00150016 0.0025967 0.000318049 0.0180326 0.00968433 0.000826462 0.00888964 3.77563e-07 2.40792e-05 0.000288222 0.0393938 0.0348795 0.0108079 0.00509448 0.50709 0.00493508 0.0128768 0.0149649 0.00257991 0.00941177 0.0497307 3.58734e-06 
0.00126008 0.00532684 0.0165758 3.08044e-06 0.00371256 2.60438e-05 0.0293186 0.00187717 2.43491e-05 0.0043605 0.000168347 0.000341593 0.000108638 1.00583e-07 0.00345232 0.00286675 1.01614e-06 0.000613814 0.00273681 7.57902e-05 0.00964702 0.0137425 0.883203 0.00490311 9.87057e-05 0.000110339 0.000788074 0.0131793 0.00147723 7.3226e-11 
0.000161729 0.0400613 0.00406151 0.00267361 0.0323255 0.0144515 0.0230173 0.0550895 0.0204283 0.0015745 0.00654422 0.00049732 0.00229659 0.000173649 0.00609661 6.51685e-08 1.80897e-05 0.000340964 0.0109249 0.00285642 0.00859856 0.00102861 0.643415 0.0053187 0.00369134 0.000201059 0.0167659 0.0403613 0.0570264 1.24582e-11 
0.00928405 0.00683837 0.000427803 7.31133e-05 0.0502336 0.0635545 0.0145625 0.0105043 0.00163602 0.000394255 0.00170435 1.01371e-07 0.0782967 0.000195525 0.00871428 1.89457e-06 4.26601e-06 0.000180783 0.0133713 7.96974e-07 0.00656141 0.00101833 0.53461 0.00173755 0.000736498 0.00564813 0.0617667 0.0496867 0.0782556 1.28749e-07 
0.000516726 0.033522 0.0125744 3.35662e-05 0.0566881 0.0544498 0.0243656 0.0516286 0.0290586 0.00595393 0.0414857 9.46263e-06 0.00244599 1.77095e-05 0.00622571 1.35871e-11 6.87949e-07 0.000691747 0.00981236 4.70185e-05 0.117138 0.0102957 0.137721 0.0460985 2.7989e-08 0.117686 0.129557 0.0755782 0.0363585 3.96078e-05 
0.047259 0.0148 0.00133524 5.64504e-05 0.006779 0.179898 0.0224856 0.0149444 0.0227963 0.00404693 0.0589304 4.46356e-06 0.00134112 0.00501057 0.0100886 0.00534879 0.000219564 1.45584e-05 0.0124614 0.00193771 0.073478 0.00304668 0.210248 0.0448435 0.000932891 0.00266778 0.168486 0.0480459 0.0384689 2.39503e-05 
1.21083e-05 0.0049135 0.00123708 5.8078e-05 1.40404e-09 0.0667509 0.00709838 0.00384885 0.0255477 0.000421824 0.00732694 4.38564e-09 0.00197297 8.38693e-06 0.00190047 7.62457e-09 0.00039592 0.000446131 0.00868487 1.59784e-06 0.000822093 0.0426868 0.634791 0.0149492 1.29677e-08 0.00358277 0.137779 0.021719 0.0129633 8.09702e-05 
0.000879191 0.0248067 0.0125484 6.08275e-05 0.000511035 0.0253209 0.25023 0.010652 0.010595 0.0345793 0.0200724 2.6096e-09 0.00753649 2.62848e-09 0.0204435 3.57079e-05 4.12168e-05 0.000130471 0.0121089 0.025102 0.0094274 0.00827596 0.511619 0.00466483 0.000436995 1.32444e-05 0.000168076 0.00696365 0.00277697 3.46418e-09 
0.00909748 0.0137027 0.000285048 6.09645e-06 0.0357794 0.0488254 0.0280961 0.0454367 0.00560569 0.0221496 0.0047577 6.47879e-07 0.00499071 0.00558129 0.000342464 3.27029e-05 2.40729e-05 1.2602e-05 0.00719935 0.000294527 0.00522595 0.00610397 0.370933 0.00305667 7.17345e-05 0.0118664 0.327809 0.0146609 0.0280512 1.5628e-07 
0.0337549 0.00571182 0.0167191 2.88777e-05 0.013364 0.0104336 0.0836699 0.0192333 8.71829e-05 0.168334 0.00339605 0.000929173 0.0126143 3.65589e-05 0.0461961 0.000775549 2.51323e-06 0.00427204 0.012943 0.0182752 0.022347 0.0539285 0.431148 0.0156004 0.00445538 0.000690102 0.00119677 0.0174146 0.00244176 2.06267e-09 
0.00702939 0.00273019 0.00402462 3.22843e-06 0.013097 0.0487437 0.0491959 0.0307676 0.000949962 0.00242987 0.000997157 2.4521e-05 0.00553219 7.41819e-05 0.00728416 0.00298766 0.000223535 0.00109612 0.174989 0.00127336 0.0131358 0.00312452 0.300802 0.00988217 7.74717e-05 0.000660871 0.0233378 0.27428 0.0212398 5.54479e-06 
0.00738907 0.0251763 0.0106259 0.00209961 0.0143547 0.0498143 0.0226772 0.0363034 0.103892 0.0094315 0.052714 0.00151838 0.026558 0.0313887 0.00982946 3.84458e-06 0.00402941 0.00590872 0.0367332 0.00198157 0.0780073 0.0304659 0.196578 0.0549611 0.00364996 0.0130097 0.0622655 0.0327785 0.075825 3.04834e-05 
0.00108645 0.0478003 0.00132101 0.00878186 0.274021 0.00272958 0.0142565 0.0411611 1.30169e-07 1.3556e-10 0.0126072 0.0975081 0.000235358 4.88247e-08 5.44463e-07 9.41607e-08 2.35867e-06 0.0598096 4.82375e-07 6.08787e-07 0.00343575 3.86191e-05 0.417953 0.00399844 4.13253e-05 0.00306689 6.22814e-05 0.0050178 0.00506374 2.61697e-10 
0.000301504 0.00172998 0.0193951 5.667e-08 3.81827e-05 0.25351 0.021998 0.0068241 0.0284225 0.0284994 0.00754044 7.09139e-09 0.00154011 1.11419e-06 8.13956e-05 1.23286e-08 2.49837e-05 1.01424e-06 0.0982379 1.29838e-08 0.00139629 0.00585433 0.410082 0.0686612 0.00223796 0.00222102 0.0112821 0.0270562 0.00306309 9.41365e-09 
1.22138e-05 0.00548455 1.42631e-06 0.00101372 0.0338484 0.018789 0.00669729 0.0295851 0.0102828 0.000142607 0.00503572 0.000165221 0.00120372 0.000644151 0.00165831 6.16354e-10 6.63446e-06 0.00398091 0.00290582 0.00316233 0.0124512 0.0106398 0.594472 0.0269394 0.00205582 0.00684406 0.113667 0.0911978 0.0171128 2.8795e-08 
0.00928405 0.00683837 0.000427803 7.31133e-05 0.0502336 0.0635545 0.0145625 0.0105043 0.00163602 0.000394255 0.00170435 1.01371e-07 0.0782967 0.000195525 0.00871428 1.89457e-06 4.26601e-06 0.000180783 0.0133713 7.96974e-07 0.00656141 0.00101833 0.53461 0.00173755 0.000736498 0.00564813 0.0617667 0.0496867 0.0782556 1.28749e-07 
0.00126008 0.00532684 0.0165758 3.08044e-06 0.00371256 2.60438e-05 0.0293186 0.00187717 2.43491e-05 0.0043605 0.000168347 0.000341593 0.000108638 1.00583e-07 0.00345232 0.00286675 1.01614e-06 0.000613814 0.00273681 7.57902e-05 0.00964702 0.0137425 0.883203 0.00490311 9.87057e-05 0.000110339 0.000788074 0.0131793 0.00147723 7.3226e-11 
7.27639e-06 4.78113e-07 3.15832e-05 2.85428e-08 2.85153e-07 0.0316884 4.75476e-05 0.00102119 0.000327028 7.01997e-07 0.000143351 1.58547e-09 0.000182588 0.0101036 0.000244319 6.0962e-08 2.2135e-07 1.04891e-09 0.00189234 1.868e-07 0.000389247 4.86415e-07 0.873893 3.44162e-10 5.48406e-05 0.00032239 0.0687674 0.00011391 0.0107669 2.51554e-07 
0.00126008 0.00532684 0.0165758 3.08044e-06 0.00371256 2.60438e-05 0.0293186 0.00187717 2.43491e-05 0.0043605 0.000168347 0.000341593 0.000108638 1.00583e-07 0.00345232 0.00286675 1.01614e-06 0.000613814 0.00273681 7.57902e-05 0.00964702 0.0137425 0.883203 0.00490311 9.87057e-05 0.000110339 0.000788074 0.0131793 0.00147723 7.3226e-11 
0.00433574 0.0250257 0.00155519 0.0166089 0.0108757 0.0140857 0.0627281 0.042905 4.13989e-09 0.00289432 0.00573443 4.82322e-07 0.0093245 0.000187699 0.0566698 5.67345e-05 0.0154814 0.00526381 0.0151906 0.00148492 0.188471 0.0784484 0.315438 0.00955009 0.00083743 1.80509e-06 0.0102713 0.0135696 0.0930018 2.17067e-06 
0.00126008 0.00532684 0.0165758 3.08044e-06 0.00371256 2.60438e-05 0.0293186 0.00187717 2.43491e-05 0.0043605 0.000168347 0.000341593 0.000108638 1.00583e-07 0.00345232 0.00286675 1.01614e-06 0.000613814 0.00273681 7.57902e-05 0.00964702 0.0137425 0.883203 0.00490311 9.87057e-05 0.000110339 0.000788074 0.0131793 0.00147723 7.3226e-11 
0.000128645 0.00334512 0.0194607 4.64955e-05 0.0288919 0.0198807 0.0229149 0.0045765 0.00405828 0.00441144 0.00462435 2.6798e-07 0.00468064 0.00404813 0.00734612 2.98359e-08 9.16395e-07 0.0281678 0.0297482 3.14216e-08 0.215179 2.4501e-05 0.356791 0.0012869 0.000124681 0.02881 0.0194689 0.000557232 0.191426 2.27816e-08 
0.00785993 0.0133113 0.0476601 2.74624e-07 3.12029e-07 0.0951449 0.0587194 0.0172633 0.00236092 1.59339e-06 0.00080614 9.74654e-07 3.79607e-07 2.35195e-05 7.86785e-05 4.96747e-06 1.3768e-06 6.4481e-07 0.0146019 0.000133755 0.0282121 4.09568e-07 0.668404 2.1157e-07 1.27368e-06 5.23028e-07 0.00249439 0.0212717 0.0216394 1.29383e-06 
0.00419559 0.00464931 0.00119177 0.000815254 0.00289255 0.0297144 0.00634072 0.00800171 0.0267211 0.000437266 0.163999 1.31237e-05 0.00661851 0.006402 0.000241839 2.53263e-05 7.22128e-05 0.000225037 0.0094216 0.000590591 0.0335831 0.00132056 0.562303 0.0242628 0.000234657 0.00826225 0.050419 0.026538 0.020445 6.30486e-05 
9.66964e-05 0.00638527 0.0186435 3.46746e-07 9.78957e-07 0.166562 0.015447 0.00392332 0.0007389 0.08704 0.042456 4.72236e-07 0.00905111 8.27006e-06 1.08892e-05 4.82247e-05 1.74622e-06 0.000111204 0.0614985 3.88809e-09 3.01713e-06 0.032451 0.300805 0.13312 0.000517404 0.00657885 0.0963293 0.0181708 2.82663e-07 2.81897e-09 
0.00126008 0.00532684 0.0165758 3.08044e-06 0.00371256 2.60438e-05 0.0293186 0.00187717 2.43491e-05 0.0043605 0.000168347 0.000341593 0.000108638 1.00583e-07 0.00345232 0.00286675 1.01614e-06 0.000613814 0.00273681 7.57902e-05 0.00964702 0.0137425 0.883203 0.00490311 9.87057e-05 0.000110339 0.000788074 0.0131793 0.00147723 7.3226e-11 
0.00126008 0.00532684 0.0165758 3.08044e-06 0.00371256 2.60438e-05 0.0293186 0.00187717 2.43491e-05 0.0043605 0.000168347 0.000341593 0.000108638 1.00583e-07 0.00345232 0.00286675 1.01614e-06 0.000613814 0.00273681 7.57902e-05 0.00964702 0.0137425 0.883203 0.00490311 9.87057e-05 0.000110339 0.000788074 0.0131793 0.00147723 7.3226e-11 
1.05305e-05 0.00328839 1.7673e-08 0.00122544 0.000838455 0.0153345 0.00673709 0.028112 7.84841e-05 0.000229087 0.00115003 2.06482e-05 0.00134534 5.57666e-05 0.00266476 9.40617e-11 2.84811e-06 0.00439563 1.93129e-05 0.000682492 0.00278451 0.0130595 0.876436 0.000934695 0.0015957 0.00127069 0.00301501 0.0263181 0.00839494 7.1822e-11 
0.00349269 0.0210952 0.0012449 0.0198016 0.00684296 0.00765943 0.12913 0.0323665 0.0598861 0.00106292 0.0052848 0.000464539 0.014548 0.00976761 0.0599653 0.050782 0.000370967 0.000146063 0.208373 0.000112594 0.0736956 0.000368705 0.220569 0.00448137 0.00815483 0.00103645 0.00800968 0.0187676 0.0325065 1.30053e-05 
0.000389571 0.0046375 0.0160033 2.18006e-06 0.00239627 0.143026 0.0100356 0.0329508 0.000220109 0.0098627 0.00459385 5.81184e-05 0.0403229 3.74793e-05 0.0018549 2.17967e-10 1.09888e-05 0.00313149 0.00376159 0.00505565 0.0153539 0.011307 0.543654 0.00199293 0.000927611 0.00630683 0.0435456 0.0565232 0.0420375 1.66432e-10 
0.0173325 0.144815 0.000274164 1.45691e-06 0.000646879 0.00974288 0.0813324 0.035908 0.0058751 0.0220152 0.0302176 0.000279318 0.00217991 0.0159318 0.00376113 2.64283e-08 0.0235999 2.35501e-07 0.101066 3.03894e-06 0.0073457 5.01683e-05 0.331749 0.0127901 0.00128399 0.00226675 0.121167 0.00872089 0.0196394 5.10014e-06 
0.00348554 0.0151567 0.0102776 8.14306e-05 0.0259468 0.0184684 0.0258944 0.0230081 0.00719856 0.00710541 0.125947 3.0747e-05 0.00304365 0.00251947 0.000937766 9.88022e-06 7.49679e-05 0.000204541 0.00271993 1.48459e-05 0.00395586 0.000187917 0.620658 0.0123447 5.61768e-06 0.00539564 0.0217426 0.0311235 0.0324499 9.63113e-06 
0.00568065 0.00141317 0.0105389 0.0133417 0.145202 0.0884923 0.0339507 0.0103042 0.070536 0.00165718 0.120385 0.00100062 0.000169297 0.00195218 0.000570766 1.01467e-07 0.000382424 0.00874487 0.00515068 3.54428e-05 0.136912 1.83856e-05 0.241828 0.0141085 0.00011952 0.0545782 0.001876 0.0190234 0.0120286 1.51413e-09 
0.000115826 0.00746918 0.000156015 0.00111087 0.00840558 0.0893582 0.0295434 0.0138329 0.0140339 0.000780327 0.157089 1.38394e-06 0.0169086 0.00264615 0.000723429 5.10436e-07 0.00123971 0.00181867 0.034848 0.00254083 0.00772793 0.0014496 0.273806 0.00664921 0.000497178 0.00293362 0.129752 0.136385 0.058175 2.61945e-06 
0.000399787 0.0163984 0.00183481 4.3879e-05 0.00643649 0.188648 0.0636048 0.0370726 0.0294458 0.00174106 0.0240602 0.000501339 0.0122705 0.0118715 0.00539054 0.00713859 0.00683919 0.000734173 0.0370221 7.74035e-05 0.0330102 0.0076845 0.385779 0.0199772 0.00151891 0.00187091 0.0450218 0.00850173 0.044786 0.000318484 
1.5906e-05 0.00808693 2.05714e-05 0.00746535 0.166727 0.0655503 0.00902611 0.0251431 0.0152543 0.000858783 0.00857562 0.000689365 0.00202856 0.00105831 0.00142544 1.97526e-07 0.000118368 0.00297175 0.00272356 1.21176e-06 0.148702 0.000484794 0.302425 0.0239383 0.00143554 0.0416102 0.0110386 0.0616367 0.0909867 5.86252e-09 
0.00735414 0.00493227 0.000245319 1.8099e-05 0.00360098 0.0577174 0.00637267 0.0137474 0.0480437 0.00993391 0.0996628 2.11059e-06 0.00476885 0.0187152 3.20006e-05 8.23658e-07 1.25715e-05 6.83941e-05 0.0702797 0.000108612 0.0172782 0.00524276 0.481072 0.00890253 4.6243e-05 0.000674918 0.123582 0.00603763 0.0115393 7.08803e-06 
0.00771951 0.0106129 0.00283883 2.6008e-05 0.0457972 0.0294834 0.00878755 0.00770505 0.00718514 0.000145307 0.00511474 1.94923e-07 0.00311695 0.00509366 0.00264768 8.8847e-06 0.000124618 0.00133416 0.0342935 0.000480329 0.00892168 0.00715352 0.630372 0.0194723 2.22726e-05 0.00546262 0.141395 0.0115633 0.00312112 1.38238e-06 
0.00587517 0.0119082 0.000194621 0.0723685 0.0262201 0.10833 0.0269997 0.0485479 0.0196474 0.00482974 0.0600713 0.000719509 0.00340031 0.00166362 0.00205978 1.44776e-06 8.33864e-05 0.0806067 0.024842 0.000128065 0.00915426 0.00659667 0.333068 0.0309201 0.0293799 0.0034789 0.015244 0.0331224 0.0405308 7.27417e-06 
0.00388262 0.00630895 0.000420061 0.0275311 0.00983478 0.0876183 0.0187845 0.0132436 0.00739804 0.000427414 0.0220954 4.55515e-07 0.0238598 0.00015221 0.0166539 0.0259702 0.000115995 0.000219518 0.0447176 0.0026737 0.0341999 0.00104133 0.332795 0.182512 0.00940057 0.00762998 0.0026087 0.0856733 0.032206 2.41876e-05 
0.00268164 0.0427925 0.0267543 2.07083e-10 8.30345e-06 0.0123649 0.254882 0.227526 2.55912e-06 0.00752937 0.0136543 2.58765e-06 1.09745e-05 4.26553e-07 0.00590544 1.27773e-09 0.000150934 4.86225e-10 0.00616785 1.34564e-09 0.0104609 0.00412113 0.313592 0.0706391 0.000667644 6.92324e-07 1.49837e-05 4.07114e-05 2.87661e-05 9.75624e-10 
6.80532e-05 0.00375172 0.000423323 5.03889e-06 0.00757371 0.0980566 0.0209831 0.0146962 0.00375561 0.00141658 0.0326383 0.000304868 0.0204538 0.00312937 0.00564983 0.00289456 0.000510965 5.19633e-05 0.00578151 8.97479e-05 0.0207879 0.00230522 0.560198 0.0100231 0.00046073 0.000321273 0.117091 0.0425226 0.0240553 7.85801e-07 
0.00011521 0.00613381 6.23367e-05 0.399628 0.0382241 0.0064597 0.0348584 0.00424214 0.000455785 0.00040226 0.000808422 0.00032082 0.00122178 5.68593e-09 0.00166653 4.7212e-08 1.26074e-05 0.0227672 1.98888e-12 2.89819e-07 0.00787287 0.000140238 0.457736 0.00706426 0.000851784 0.00219745 0.000795282 0.00122151 0.00474122 4.23086e-07 
3.42428e-05 0.000134953 1.20392e-06 2.1782e-07 0.00918802 0.0197012 1.9324e-07 6.70182e-05 3.2068e-06 1.26298e-06 2.13743e-06 5.491e-09 0.000242821 5.53072e-09 1.08377e-07 9.54626e-09 1.24016e-07 1.65071e-06 1.47665e-09 3.99833e-06 0.00310988 7.49372e-05 0.96055 0.00443952 5.93364e-07 9.02985e-05 0.00235013 9.70948e-07 9.79238e-07 7.09718e-08 
0.00126008 0.00532684 0.0165758 3.08044e-06 0.00371256 2.60438e-05 0.0293186 0.00187717 2.43491e-05 0.0043605 0.000168347 0.000341593 0.000108638 1.00583e-07 0.00345232 0.00286675 1.01614e-06 0.000613814 0.00273681 7.57902e-05 0.00964702 0.0137425 0.883203 0.00490311 9.87057e-05 0.000110339 0.000788074 0.0131793 0.00147723 7.3226e-11 
0.00951554 0.0203586 0.0142909 4.62508e-07 0.0289803 0.000685519 0.243123 0.0696457 0.00178232 0.00152113 0.000350928 0.000940609 0.00031732 8.16408e-08 0.00437717 0.00114495 3.30462e-06 2.5829e-05 0.19289 1.95869e-07 0.114235 0.00202754 0.279541 0.00183787 0.000303412 5.54739e-08 0.00226313 0.00686195 0.00297591 3.49941e-10 
0.000329423 0.00583553 0.00404635 6.95758e-05 0.000618632 0.028557 0.01994 0.031581 0.00161072 0.00425162 0.00189705 5.76877e-05 0.00324632 4.60658e-05 0.0001722 5.99642e-06 4.6744e-05 0.000213796 0.0116383 5.68392e-06 0.00313262 0.000280515 0.703516 0.0201153 7.11727e-06 0.00788702 0.0449034 0.0736917 0.032226 7.09632e-05 
0.000786028 0.184009 0.0110146 1.22649e-06 0.00171184 0.0196383 0.0513913 0.192998 0.00112287 0.00660813 0.0136181 3.20465e-06 0.00951432 0.000579521 0.00558274 1.03868e-06 0.000139505 0.000489383 0.0955941 0.002016 0.00440403 0.00825678 0.354758 0.00588951 0.0059233 0.000194232 0.00158324 0.0124585 0.00968513 2.84317e-05 
0.012836 0.0129947 0.00719993 0.0271866 0.0505324 0.0494185 0.052552 0.132199 0.00597713 0.0101584 0.0243656 0.00875938 0.0483536 0.0363842 0.0133524 0.00124958 0.00050181 0.0319407 0.0119977 0.000378312 0.0238608 0.0457392 0.152087 0.0253917 0.000348926 0.00549856 0.061601 0.100412 0.0467126 9.62999e-06 
0.000214126 0.0451291 0.000550787 0.000550831 0.122063 0.0416874 0.00931016 0.0408053 0.000739684 0.0678548 2.57705e-05 2.48826e-05 0.000520521 6.34873e-06 0.0399133 1.07043e-07 8.69752e-08 0.0134938 0.0230251 0.00420702 0.00156879 0.17329 0.189966 0.0695521 0.00102868 0.00690669 0.00551978 0.09988 0.042163 2.39396e-06 
5.2065e-05 0.00193883 0.000716357 4.41734e-05 0.0218146 0.19228 0.0221698 0.0230617 0.0263869 0.000277067 0.0372075 4.46923e-05 0.0155095 0.0043952 0.00101325 1.62428e-05 5.77848e-05 3.10644e-05 0.000213444 0.00451022 0.0247111 0.00154531 0.247322 0.0113984 3.27121e-06 0.0102946 0.23673 0.020905 0.0953505 4.95034e-08 
0.00126008 0.00532684 0.0165758 3.08044e-06 0.00371256 2.60438e-05 0.0293186 0.00187717 2.43491e-05 0.0043605 0.000168347 0.000341593 0.000108638 1.00583e-07 0.00345232 0.00286675 1.01614e-06 0.000613814 0.00273681 7.57902e-05 0.00964702 0.0137425 0.883203 0.00490311 9.87057e-05 0.000110339 0.000788074 0.0131793 0.00147723 7.3226e-11 
0.0401091 0.00402399 0.00139751 2.75947e-05 0.000733252 0.0616039 0.0368782 0.0168302 0.000325304 5.46204e-05 0.00149816 4.21888e-07 0.0160476 0.0003045 0.00673268 2.15155e-10 0.000394666 0.000831935 0.00633378 6.72657e-07 0.0176366 7.5216e-05 0.594415 0.00227018 0.000353547 0.0013821 0.059508 0.0688186 0.0614128 2.48577e-08 
0.00126008 0.00532684 0.0165758 3.08044e-06 0.00371256 2.60438e-05 0.0293186 0.00187717 2.43491e-05 0.0043605 0.000168347 0.000341593 0.000108638 1.00583e-07 0.00345232 0.00286675 1.01614e-06 0.000613814 0.00273681 7.57902e-05 0.00964702 0.0137425 0.883203 0.00490311 9.87057e-05 0.000110339 0.000788074 0.0131793 0.00147723 7.3226e-11 
3.37739e-05 0.00777923 0.00499936 0.000126834 0.00807452 0.00605449 0.0716328 0.00164079 0.0274109 0.0359663 0.0131381 9.10624e-05 8.09345e-05 0.000849482 0.0350076 4.91705e-07 5.09194e-05 2.58204e-05 0.00312761 0.00258581 0.0575136 0.0294932 0.566853 0.0719739 9.72669e-05 0.00201194 0.0244021 0.000381088 0.0283488 0.000248691 
0.000194647 0.0128632 0.00336944 9.46083e-05 0.0155834 0.136605 0.218184 0.0408365 4.04008e-07 0.00327103 0.00302379 0.000165315 0.00510789 6.09171e-08 0.0470024 0.000196403 0.000153572 7.56844e-05 0.000829028 0.000986785 0.00241345 0.0301691 0.377991 0.0207115 0.0014896 1.12085e-06 0.0113559 0.0562307 0.0110952 5.38353e-08 
0.00284323 0.0202542 0.00343479 0.00753587 0.00646897 0.0343531 0.00833935 0.0120367 0.0096979 0.00178876 0.0182184 7.88815e-05 0.00274917 0.111814 0.00304891 1.67e-06 0.000860478 0.00115895 0.0026117 9.41306e-05 0.00592403 0.000658813 0.593056 0.0145572 0.0013596 0.0552908 0.0465067 0.016509 0.0187484 2.29632e-07 
0.00292048 0.043198 0.0385862 0.000352441 0.0206729 0.0183292 0.177363 0.0302904 0.0124043 0.00386507 0.00905589 0.000117705 0.000540156 0.000530353 0.00196531 0.0528115 0.000717853 0.000374444 0.0355513 0.000344232 0.0174407 0.00216296 0.464611 0.0217746 0.000302363 0.00162549 0.0146986 0.0117664 0.0127589 0.00286788 
4.20256e-06 0.00242 3.53478e-08 1.6216e-08 6.34858e-05 0.113567 0.0110259 0.106357 6.50569e-05 0.00835703 0.0181897 2.92805e-05 2.00405e-05 2.60294e-05 3.64325e-06 1.00055e-07 8.12973e-08 0.136415 2.12419e-05 0.00214767 1.075e-08 0.14811 0.438854 0.00909086 0.000111783 0.00135245 1.84355e-05 0.00372852 2.12512e-05 7.6398e-08 
0.0032239 0.106288 0.00146084 0.00346389 0.106704 0.0780713 0.00559559 0.0100205 0.000551093 1.00333e-07 0.00392012 0.000710937 0.00184828 2.11276e-08 8.39943e-06 8.84901e-11 8.35451e-05 0.0197449 0.000163448 9.31933e-11 0.00952841 1.82115e-05 0.556458 0.0101784 0.000248233 0.0110545 0.0141876 0.0155814 0.0408861 6.75677e-11 
2.09275e-05 1.10117e-05 2.57512e-06 1.95398e-06 1.5449e-06 2.72056e-06 6.80763e-06 2.69687e-06 9.00919e-05 2.6944e-06 8.06983e-09 3.60637e-08 1.18919e-06 3.63246e-08 5.87609e-06 6.26978e-08 5.09438e-08 2.3859e-08 9.69835e-09 6.60302e-08 3.20696e-06 4.59021e-06 0.997219 1.48262e-06 2.79075e-08 1.6498e-06 0.0025865 3.2592e-05 6.75174e-09 5.52036e-07 
0.382994 0.0218351 0.0125103 1.23867e-05 0.00532742 0.00021233 0.0376622 0.00927559 0.000229152 0.00300241 0.00303939 0.0021378 0.00199105 4.47527e-05 0.00393673 0.00132309 0.000138523 0.00110693 0.00300524 2.88268e-05 0.0183915 0.00553226 0.41314 0.0159143 0.000388696 0.00295002 0.0233174 0.0217879 0.00876435 1.76298e-07 
0.000802633 0.0122462 0.00403677 4.4766e-05 0.000664995 0.0118178 0.153906 0.0295456 0.0058165 0.00284319 0.0038003 6.64307e-05 0.00349554 0.00248852 0.00532086 6.03797e-05 1.006e-06 0.000192906 0.0322268 0.00974579 0.0234997 0.00630185 0.658777 0.0020801 0.00270428 0.000380094 0.0107008 0.00850508 0.00789355 3.45204e-05 
7.77498e-05 0.00515224 0.000125857 8.05198e-08 0.00125145 0.0893198 0.0513702 0.0047338 0.00946511 0.00110179 0.00262766 1.13353e-06 0.00594428 8.38994e-05 0.0136667 3.24987e-08 0.00578294 0.000318267 0.0113695 1.04497e-05 0.135712 0.000386565 0.527709 0.0272271 8.98952e-06 0.000371212 0.0107059 0.00860882 0.0868674 8.01066e-08 
0.00126008 0.00532684 0.0165758 3.08044e-06 0.00371256 2.60438e-05 0.0293186 0.00187717 2.43491e-05 0.0043605 0.000168347 0.000341593 0.000108638 1.00583e-07 0.00345232 0.00286675 1.01614e-06 0.000613814 0.00273681 7.57902e-05 0.00964702 0.0137425 0.883203 0.00490311 9.87057e-05 0.000110339 0.000788074 0.0131793 0.00147723 7.3226e-11 
4.04513e-05 0.00462414 0.0164846 1.53644e-05 0.00484184 0.131557 0.012518 0.00579786 0.0534616 0.000905013 0.0242529 5.69765e-05 0.0219665 0.00219536 0.0113995 6.17737e-09 0.00246775 0.000137177 0.00670019 0.000175658 0.0252902 0.00384754 0.547747 0.0220303 0.000535948 0.00070232 0.0542127 0.0187958 0.0272398 9.16894e-07 
4.65107e-05 0.0022626 0.00120256 0.000543297 0.00239799 0.15398 0.00146004 0.165293 0.00159913 1.17719e-06 0.00880372 0.000201791 0.00970582 9.70698e-05 0.000794368 5.33182e-05 4.27446e-07 0.000126841 0.000644027 0.000736285 0.0400209 0.126816 0.207285 0.184952 0.000116604 0.00271705 0.000861024 0.0762806 0.0104684 0.000531452 
0.00643875 0.00794541 0.00268884 7.05574e-06 0.0023251 0.0077333 0.0389264 0.0180097 0.0215162 0.0125662 0.00851792 1.30155e-05 0.00331246 0.0103619 0.00372006 0.00937399 9.17341e-05 1.58053e-05 0.0215736 0.0003599 0.0172245 0.00172947 0.734324 0.00300874 1.51993e-05 0.00169607 0.0444995 0.00251631 0.0194834 5.50094e-06 
3.28019e-05 0.0011309 0.000512665 4.69305e-06 0.00300561 0.0282591 0.00264153 0.00325894 0.00222709 0.0001969 0.0138897 8.40745e-09 0.0112892 0.0010398 0.000427523 1.19464e-10 3.81278e-05 0.000405117 0.00503971 2.39637e-08 0.00953632 3.8108e-05 0.451674 0.0155125 3.09779e-08 0.00273316 0.24793 0.164356 0.0348201 1.01759e-06 
0.000136214 0.000159044 5.4753e-05 0.00458308 0.0081439 0.0970143 0.00713376 5.40901e-05 0.106418 0.000576762 7.51461e-05 2.04652e-05 0.0139776 9.85164e-06 7.71499e-08 2.86902e-07 2.33117e-07 0.0065073 9.70868e-06 2.27986e-05 0.0112739 0.0347281 0.604296 0.0108665 0.0476293 6.94637e-05 0.0444504 1.83404e-08 0.00174982 3.92451e-05 
