0.00964563 0.00259696 0.000107799 3.43946e-05 0.000934003 0.0483219 0.00548918 0.144284 0.000547505 0.00138471 0.0390159 0.00366476 0.0144473 0.000813611 0.0111803 0.00149913 0.000283667 0.000746627 0.00922997 2.3587e-07 0.019434 0.00536013 2.5795e-05 0.00920456 5.78376e-05 0.00151729 0.0162666 0.503062 0.150845 4.02626e-08 
0.00434451 0.0065136 0.00493585 5.63467e-06 0.0122998 0.00400888 0.0860323 0.0150578 5.35821e-05 0.0118816 0.000530159 0.00164446 4.11876e-05 6.5612e-06 3.44093e-05 8.30174e-06 3.25725e-06 0.000525783 0.0272458 1.61108e-06 0.785585 0.00119995 5.62377e-06 0.00401928 1.92622e-05 0.00167145 0.00194624 0.027918 0.00244175 1.87354e-05 
0.0126125 0.0091985 0.00046487 0.0139276 0.000163136 0.00152883 0.0145963 0.0201675 3.37689e-06 0.00669067 0.0136553 0.661173 0.000862494 6.39687e-06 0.00171477 1.77022e-08 0.000116992 0.0138023 0.00669407 0.000251908 0.0029435 0.193843 2.78452e-06 0.0140852 7.85937e-05 2.6767e-06 0.000321234 0.00725388 0.00355479 0.000283977 
0.0015879 0.00963428 0.00268762 0.00039272 0.000407488 0.00651364 0.0671161 0.0538179 3.07036e-07 0.0020716 0.035753 1.99846e-05 0.040662 0.000288788 0.0780142 6.0785e-08 0.000282172 0.00139139 0.000549698 0.000286745 0.00200898 0.601496 1.92597e-06 0.0108156 0.0504466 0.000339063 0.00965887 0.0134054 0.010336 1.40285e-05 
2.73427e-07 0.0136349 0.0852164 3.13783e-08 0.00390902 0.0104739 4.90768e-07 0.0619386 5.44301e-09 1.65404e-06 7.98553e-07 0.000793293 6.11044e-07 7.77068e-08 1.12693e-06 2.91403e-10 2.36774e-10 0.00239667 1.29185e-06 4.95189e-07 0.562622 0.0159801 9.6196e-11 1.23735e-06 0.00178402 2.87426e-07 6.64559e-07 0.241239 2.42577e-06 2.22505e-10 
0.0248767 0.0056919 0.00226045 0.00972845 0.00272162 0.595309 0.0116233 0.0125607 0.00250287 0.00173446 0.0148269 2.52231e-06 0.0199437 0.0634516 2.80512e-06 1.46895e-09 0.00167155 0.0462541 0.00427909 3.40301e-06 0.000118688 0.00435137 1.52172e-06 0.0068252 0.00022496 0.135727 0.00188644 0.0181423 0.0132773 8.74262e-08 
0.0418511 2.38375e-05 3.10463e-05 3.65679e-07 0.009466 0.0062666 0.000778194 0.0175601 0.000256894 0.00761708 4.49499e-05 0.000675424 0.0425414 0.00182455 0.0296277 3.06843e-06 0.000110988 0.000735713 0.0390963 4.00031e-05 0.0685796 0.657677 9.50921e-07 0.0469807 0.000338789 2.5518e-06 0.0043775 0.0221655 0.00101408 0.000311873 
0.0126455 0.0133809 0.000895444 0.0235219 0.0015149 0.0146875 0.0205193 0.0011495 4.7758e-07 0.000118544 0.00215416 5.02573e-05 0.002259 3.65332e-05 0.00160916 1.2925e-11 0.00264563 0.888153 0.00265621 0.000254734 0.00220121 0.00150407 1.35564e-08 0.00459049 0.00142001 0.00138757 1.05958e-05 0.000363763 0.000269688 3.12145e-09 
0.000122676 0.00134259 0.000300641 1.47271e-05 0.0197568 0.000379659 0.00774709 0.0121213 9.04159e-05 2.94448e-05 3.08581e-06 0.00170531 0.000217238 0.000359079 0.0162906 6.97413e-12 9.43188e-10 9.75694e-05 0.000425289 4.2694e-05 0.0279458 0.00150559 6.94226e-09 0.407685 0.000830293 7.05839e-05 0.000644036 0.496503 0.00376832 7.76976e-07 
0.0248767 0.0056919 0.00226045 0.00972845 0.00272162 0.595309 0.0116233 0.0125607 0.00250287 0.00173446 0.0148269 2.52231e-06 0.0199437 0.0634516 2.80512e-06 1.46895e-09 0.00167155 0.0462541 0.00427909 3.40301e-06 0.000118688 0.00435137 1.52172e-06 0.0068252 0.00022496 0.135727 0.00188644 0.0181423 0.0132773 8.74262e-08 
0.216572 0.0801832 0.00461889 3.83135e-05 0.0395388 0.0181189 0.478443 0.00273411 0.000910134 0.0370213 0.000285826 0.000373577 0.000362583 0.00016878 0.0121196 1.56569e-06 7.68999e-06 4.89829e-05 0.0528083 0.000260005 0.0214914 0.000931799 4.17825e-08 0.0123138 8.57992e-06 0.00020845 0.00375739 0.0130763 0.00359601 6.85842e-07 
0.000122676 0.00134259 0.000300641 1.47271e-05 0.0197568 0.000379659 0.00774709 0.0121213 9.04159e-05 2.94448e-05 3.08581e-06 0.00170531 0.000217238 0.000359079 0.0162906 6.97413e-12 9.43188e-10 9.75694e-05 0.000425289 4.2694e-05 0.0279458 0.00150559 6.94226e-09 0.407685 0.000830293 7.05839e-05 0.000644036 0.496503 0.00376832 7.76976e-07 
0.000833184 0.00317144 9.73801e-05 0.0151695 0.00300709 0.0983077 0.0343093 0.00141816 0.00111502 0.000961357 0.0912404 0.000275634 0.0704927 9.96978e-05 0.0233228 1.17827e-07 0.0762367 0.00875701 0.155488 3.93678e-05 0.00166403 0.269639 1.08605e-05 0.0245657 0.104003 0.00988372 0.00138358 0.00423747 0.000256461 1.25901e-05 
0.00217478 0.0080352 0.0267692 0.0122174 0.426172 2.75556e-06 0.0409892 0.0846546 1.92688e-06 0.00339385 0.0382737 0.0014473 0.00250672 0.00408078 0.000295747 2.58874e-11 6.11044e-06 0.00870264 1.30286e-06 0.000720198 0.0429588 0.0851585 5.46871e-08 0.0224 0.00212766 6.06101e-06 0.0132 0.155856 0.0178475 1.97667e-11 
0.00160162 0.0330288 0.0344375 0.0222046 0.00910709 0.0657132 0.0332591 0.018221 0.0100966 0.00862635 0.0241963 0.00015894 0.00117344 8.8963e-05 0.0204349 1.3826e-10 0.0234125 0.450317 0.0156376 0.00253756 0.0118595 0.00912154 1.3575e-05 0.0282782 0.000202415 0.11294 0.00277126 0.055317 0.00524263 2.10758e-08 
0.0175982 0.000299164 2.64883e-05 0.0126307 0.00134442 0.202026 0.00347644 0.00274138 0.00923295 1.26815e-07 0.0120875 0.000988596 0.00114476 6.91036e-07 7.34459e-06 0.000396903 0.00825385 0.0716598 0.00419739 2.23001e-06 0.127652 2.28324e-05 7.54988e-08 0.0217899 0.03423 0.431751 0.000769643 0.0355387 0.000131077 1.99271e-07 
0.000122676 0.00134259 0.000300641 1.47271e-05 0.0197568 0.000379659 0.00774709 0.0121213 9.04159e-05 2.94448e-05 3.08581e-06 0.00170531 0.000217238 0.000359079 0.0162906 6.97413e-12 9.43188e-10 9.75694e-05 0.000425289 4.2694e-05 0.0279458 0.00150559 6.94226e-09 0.407685 0.000830293 7.05839e-05 0.000644036 0.496503 0.00376832 7.76976e-07 
2.73427e-07 0.0136349 0.0852164 3.13783e-08 0.00390902 0.0104739 4.90768e-07 0.0619386 5.44301e-09 1.65404e-06 7.98553e-07 0.000793293 6.11044e-07 7.77068e-08 1.12693e-06 2.91403e-10 2.36774e-10 0.00239667 1.29185e-06 4.95189e-07 0.562622 0.0159801 9.6196e-11 1.23735e-06 0.00178402 2.87426e-07 6.64559e-07 0.241239 2.42577e-06 2.22505e-10 
0.0248767 0.0056919 0.00226045 0.00972845 0.00272162 0.595309 0.0116233 0.0125607 0.00250287 0.00173446 0.0148269 2.52231e-06 0.0199437 0.0634516 2.80512e-06 1.46895e-09 0.00167155 0.0462541 0.00427909 3.40301e-06 0.000118688 0.00435137 1.52172e-06 0.0068252 0.00022496 0.135727 0.00188644 0.0181423 0.0132773 8.74262e-08 
0.0165971 0.00370223 0.00034777 1.33561e-05 0.0197312 0.0514867 0.067886 0.116646 0.00214259 0.00152069 0.0162674 0.000158375 0.00504595 1.24056e-05 0.0130913 4.44324e-09 2.31033e-07 0.00478959 0.0187532 2.2832e-06 0.106295 0.105389 4.15354e-07 0.386242 0.000302877 0.00586171 0.00349554 0.0371336 0.0170599 2.65828e-05 
0.000637698 6.91157e-05 3.02341e-05 0.00031908 0.00113271 0.220835 0.008182 0.0303669 0.000755955 0.00350095 0.24652 0.00137296 0.00811578 0.000175381 2.49515e-05 4.96031e-09 0.000231103 0.295245 0.0642635 2.77839e-05 0.00674041 0.00307067 1.64853e-05 0.0266239 0.0113487 0.0286887 0.00286225 0.0186401 0.0202022 3.59784e-11 
0.00339593 0.177173 3.41647e-06 6.30634e-06 0.0919079 6.04029e-05 0.610504 6.81026e-05 7.07717e-10 9.79421e-06 1.30816e-05 1.35638e-09 7.03144e-05 2.51392e-05 3.8687e-06 2.3581e-09 1.91602e-09 3.47282e-05 0.0191556 1.98923e-06 0.00449132 0.0929085 7.78439e-10 4.96708e-05 1.04961e-09 6.5509e-05 9.89391e-06 2.79328e-05 1.38144e-05 1.80056e-09 
0.00589012 0.00376696 6.9243e-07 0.000576177 0.00323712 0.0322657 0.0122956 0.0287298 1.64927e-05 0.0014754 0.0518267 0.00100295 0.00260896 4.08594e-05 0.00394622 5.0323e-08 8.35125e-06 0.000164564 0.00121764 3.28439e-06 0.00527515 0.745174 6.083e-08 0.0609039 2.63851e-05 0.00336586 8.08091e-06 0.0293487 0.00636468 0.00045934 
0.00293393 0.0119514 1.58509e-05 1.58534e-05 0.00207924 0.00931634 0.0882096 0.0820448 0.0356136 0.0192912 0.01122 1.35414e-06 0.000234086 2.26192e-05 0.0191445 3.87361e-08 3.14742e-08 1.67547e-06 0.00173665 4.42426e-05 0.0272108 0.1421 1.27873e-08 0.489668 3.16361e-05 0.00159961 0.00117018 0.0209832 0.0333401 1.89105e-05 
7.15889e-10 4.95077e-06 2.34409e-09 1.77103e-06 1.22183e-09 0.00019814 0.00199742 2.80712e-06 3.26285e-06 2.62437e-09 0.0115393 0.00458078 0.238981 3.84412e-09 5.71141e-07 1.62246e-06 5.39123e-09 0.0102666 0.00764919 3.99227e-06 3.32108e-06 0.164058 2.19034e-09 0.53995 2.95336e-09 0.00360015 1.16358e-05 0.0171235 2.04467e-07 2.0937e-05 
3.46704e-06 0.731008 0.00980759 1.63507e-09 1.20569e-06 0.00676959 0.0749768 0.0657558 3.0278e-09 0.073106 3.81142e-06 7.36752e-06 3.10868e-05 5.8449e-09 5.34203e-05 1.00886e-08 1.13042e-06 3.83909e-09 1.17367e-05 1.68311e-05 7.21771e-06 0.00112805 3.33036e-09 3.96182e-06 0.000276236 9.12582e-07 8.57445e-06 1.38218e-05 0.0337842 0.00322338 
0.00245526 0.015175 0.000219631 3.88966e-05 0.00184171 0.0230571 0.159586 0.254557 0.00164107 0.0479146 0.0211536 0.000218548 0.106851 0.00708771 0.00278183 3.13027e-09 4.03367e-07 0.00364295 0.0760825 0.0183047 0.00249763 0.0391081 1.03334e-09 0.0197893 0.00030818 8.76072e-06 0.0122073 0.0322639 0.151156 5.08182e-05 
0.00016922 0.00181039 0.00113829 7.44594e-09 0.0300903 0.00134863 0.106124 0.0375796 1.05688e-08 0.000800755 0.00375387 0.021972 3.46927e-05 1.03e-07 0.00543215 2.91891e-11 4.57839e-09 1.85825e-05 4.23294e-08 4.80959e-08 0.207931 0.000698064 9.63571e-12 0.0030094 1.08975e-05 3.79395e-09 0.00178315 0.249991 0.326303 2.97105e-09 
8.18023e-08 0.00685259 1.2111e-10 2.03676e-05 0.00123328 0.00390637 0.0135697 0.293662 4.03295e-07 0.415795 0.00851196 1.97185e-10 2.84667e-06 1.98611e-10 0.00845523 3.42812e-10 1.15104e-06 1.57431e-07 8.23476e-07 0.0121165 0.0132515 0.113125 1.13167e-10 0.0708599 5.85856e-06 0.00215579 0.00836743 0.0115068 0.0165993 2.61758e-10 
0.0109241 0.000823506 0.000586903 0.0032399 0.00682275 0.171158 0.0226078 0.0590596 0.00380371 0.0280158 0.135688 9.96559e-05 0.00678415 0.00155153 0.00052356 2.18785e-10 0.00216501 0.165254 0.0276494 0.0148253 0.0185787 0.0102453 1.21736e-05 0.0451998 0.000990053 0.0130555 0.00469881 0.195998 0.0496357 1.87916e-06 
0.184418 0.0599292 9.04828e-07 0.000286205 1.37372e-07 0.0417796 0.2969 4.099e-07 0.0026857 0.0181183 0.0155499 7.68944e-08 5.26426e-07 1.80076e-11 0.00133244 3.10819e-11 2.73514e-06 1.18279e-11 0.221388 7.49641e-07 1.11208e-07 0.0201393 1.02605e-11 0.0718895 1.39732e-09 6.45685e-07 0.00057607 0.0650013 1.33219e-07 2.3733e-11 
0.000122676 0.00134259 0.000300641 1.47271e-05 0.0197568 0.000379659 0.00774709 0.0121213 9.04159e-05 2.94448e-05 3.08581e-06 0.00170531 0.000217238 0.000359079 0.0162906 6.97413e-12 9.43188e-10 9.75694e-05 0.000425289 4.2694e-05 0.0279458 0.00150559 6.94226e-09 0.407685 0.000830293 7.05839e-05 0.000644036 0.496503 0.00376832 7.76976e-07 
4.08731e-07 0.00421986 5.22658e-05 0.000186259 0.000864412 3.92765e-06 0.00236935 0.0232823 2.14166e-09 0.00105854 0.000333327 7.3563e-05 0.000860695 4.49512e-07 0.000456247 7.13598e-09 6.25202e-06 0.000957111 0.000627566 0.000194331 5.87892e-06 0.958872 2.35568e-09 0.00475176 9.65767e-06 1.27072e-05 1.96177e-06 0.000791905 2.234e-06 5.50381e-06 
0.290873 0.00178856 0.0016339 0.0423403 0.00134402 0.0171367 0.0134778 0.00250886 0.000128549 0.000688161 0.00342654 1.5454e-05 7.75874e-07 0.014937 0.000134017 1.93497e-10 0.000149611 0.0202169 0.00419502 1.94116e-06 0.000133846 2.24979e-05 1.16518e-07 0.0026629 0.00168396 0.567925 0.000194789 0.0119093 0.000466457 4.67533e-06 
0.000853832 0.0043773 3.60625e-07 0.000712837 0.000609802 0.00724374 0.0216362 0.0657425 1.12821e-05 0.00186446 0.00193046 0.000106471 0.0273227 0.000115649 0.00251125 5.11584e-09 4.15677e-09 0.00384779 7.91338e-10 0.000662898 0.00113665 0.77671 1.6888e-09 0.0216391 0.000129806 0.00551015 0.000824117 0.0462562 0.00823896 5.54812e-06 
0.0126455 0.0133809 0.000895444 0.0235219 0.0015149 0.0146875 0.0205193 0.0011495 4.7758e-07 0.000118544 0.00215416 5.02573e-05 0.002259 3.65332e-05 0.00160916 1.2925e-11 0.00264563 0.888153 0.00265621 0.000254734 0.00220121 0.00150407 1.35564e-08 0.00459049 0.00142001 0.00138757 1.05958e-05 0.000363763 0.000269688 3.12145e-09 
0.816762 0.00391534 0.00318594 1.67983e-05 0.00195544 0.00426082 0.0650403 0.00315435 5.95555e-07 0.0106364 0.00205348 0.000809971 0.000546208 0.000205852 0.00420603 2.34386e-09 5.65706e-06 0.00190978 0.0463547 0.000142482 0.00528196 0.00109397 2.45045e-09 0.00347516 0.000881681 0.000101657 0.000271302 0.0234129 0.000318877 2.36887e-07 
0.00123161 0.00485586 0.0015415 0.0354927 0.0191541 0.0337351 0.0125788 0.0362775 0.00101248 0.0720098 0.0207133 1.18426e-05 0.00980406 0.000485335 0.000836131 9.46762e-07 0.00230621 0.0451547 0.00531231 0.00716826 0.00369387 0.405597 0.000240159 0.0648635 0.0699188 0.0757066 0.00971427 0.0597 0.00026653 0.00061631 
1.53025e-06 0.0267008 1.06593e-05 2.79601e-07 0.00315694 0.00105698 0.102588 1.04085e-05 0.154421 4.95017e-06 0.00262403 3.31327e-08 1.29045e-08 3.33723e-08 0.566158 5.76021e-08 4.68034e-08 1.10598e-05 4.68231e-06 6.06636e-08 0.0364437 1.34168e-06 1.90152e-08 4.26417e-05 2.56393e-08 1.2703e-05 0.0925532 2.587e-07 0.014196 4.39828e-08 
0.00501883 0.00752655 0.002272 6.44949e-05 0.00273187 0.00478165 0.0455028 0.104363 0.000366862 0.0053402 0.00117653 0.00635191 0.00205883 2.73492e-05 0.00219414 7.28104e-09 4.79457e-07 0.000370582 0.00525413 2.17292e-05 0.445842 0.0222973 3.56212e-06 0.201102 1.26643e-05 0.000246279 0.000382254 0.108328 0.0263532 8.4261e-06 
0.0273713 0.00946609 0.00874696 0.000267523 0.000733329 0.00291319 0.0215558 0.015758 1.15557e-07 0.00767789 0.00119792 0.000593334 0.00041241 1.21434e-05 0.00221005 2.16734e-06 2.94792e-08 0.000119341 0.00261185 0.000530373 0.00506052 0.721688 1.19768e-08 0.027004 0.00237708 0.000380184 0.00322866 0.12637 0.0117106 1.19193e-06 
0.0116884 0.00904948 0.000673065 0.000157104 0.0105339 0.00146393 0.0224435 0.013926 2.43453e-06 0.00576375 0.01267 0.0331615 9.10396e-05 1.38064e-05 0.00753214 0.000137542 5.25611e-08 0.000251991 0.000982948 4.13544e-05 0.00688887 0.802401 8.3729e-07 0.0178288 0.000345279 1.99673e-08 0.000217538 0.0338763 0.00759748 0.000259658 
0.0145354 0.0202714 0.00274925 0.000521509 8.06359e-05 3.64755e-06 0.0962922 0.0890463 1.57966e-07 0.000978057 0.00521189 0.0237543 1.36522e-07 4.52921e-07 0.000872847 3.53027e-10 2.86845e-10 0.00410445 0.00433881 1.8362e-07 1.12476e-06 0.706871 8.4558e-08 0.0198394 1.04747e-07 0.000584638 0.000903158 0.00304383 0.00576425 0.000230866 
1.24023e-05 0.00541046 0.00299413 4.78804e-05 0.0349035 0.00644167 0.119868 0.0160042 6.10733e-06 0.00221529 0.114203 0.00502775 0.00969672 0.000304088 0.00266806 6.14471e-11 4.99276e-11 0.000227369 0.0075074 0.0650419 0.0321635 0.0468676 9.61534e-08 0.037355 1.0872e-07 1.54557e-07 0.00220085 0.448693 0.0401386 3.52399e-07 
0.000208728 0.000530975 0.00938428 1.25122e-05 0.00346282 0.0230671 0.00394965 0.0175198 0.0489181 0.000258213 0.0135503 0.000210731 0.00104372 0.000103514 0.000773216 0.00190574 1.91965e-05 0.00113517 0.0522227 0.000626114 0.0131735 0.58528 1.54153e-05 0.0157974 0.010442 0.00020558 0.00270499 0.135512 0.0579658 1.51234e-07 
0.00502062 0.0122647 0.0079379 9.54735e-05 0.00520731 0.0022812 0.0943682 0.285355 8.47624e-06 0.00088954 0.0024524 0.0395355 5.3802e-05 3.87357e-06 0.0877075 1.07912e-07 3.6042e-05 0.139905 0.011674 3.94143e-06 0.0726955 0.102344 1.0821e-10 0.0243603 1.53023e-05 0.00191662 8.75321e-05 0.0982306 0.00554997 2.00376e-08 
0.816762 0.00391534 0.00318594 1.67983e-05 0.00195544 0.00426082 0.0650403 0.00315435 5.95555e-07 0.0106364 0.00205348 0.000809971 0.000546208 0.000205852 0.00420603 2.34386e-09 5.65706e-06 0.00190978 0.0463547 0.000142482 0.00528196 0.00109397 2.45045e-09 0.00347516 0.000881681 0.000101657 0.000271302 0.0234129 0.000318877 2.36887e-07 
0.00915183 0.00916287 0.00491562 4.47045e-07 7.74938e-07 0.0232339 0.197429 0.0817356 2.48756e-05 0.245454 0.020378 0.00131091 0.00082476 1.74393e-06 0.00524001 4.07356e-08 9.29041e-07 0.00512295 0.00347723 1.56078e-06 0.005405 0.319648 1.34473e-08 0.0574398 0.000309981 2.1914e-06 0.00819137 0.00152762 6.97797e-06 1.41746e-06 
7.04717e-05 0.000522776 0.000444416 0.000369644 0.00120332 4.16711e-05 0.0210006 0.0179419 0.000666633 0.000108221 0.00923296 0.000188578 4.49819e-05 8.95808e-06 0.000440632 1.76157e-05 2.19454e-09 0.00367331 0.0831621 3.73746e-06 0.0159461 0.121643 4.29019e-07 0.7105 0.000373129 0.00163947 0.00270627 0.0016373 0.00616876 0.000243494 
0.0395381 0.00735368 0.00741747 0.00879571 0.0899749 0.0303715 0.0448363 0.0130345 0.0179426 0.000844119 0.0107382 0.00187258 0.000700547 0.000349357 0.000357821 2.66639e-09 0.00047139 0.00669674 0.0748306 2.08462e-05 0.155158 0.00155019 1.58027e-05 0.254383 0.00103849 0.0376292 0.00592307 0.182019 0.00613563 6.71924e-07 
0.00596347 0.0167798 0.00158994 0.00718891 0.0386374 0.0303763 0.0946621 0.116084 0.00126187 0.00468246 0.0270148 0.00226951 0.002066 0.00101593 0.00343689 0.000564751 0.000214943 0.030416 0.029331 0.014718 0.0809061 0.0607898 0.000535291 0.119269 0.0100711 0.0202606 0.0133714 0.22876 0.037715 4.74928e-05 
0.0126455 0.0133809 0.000895444 0.0235219 0.0015149 0.0146875 0.0205193 0.0011495 4.7758e-07 0.000118544 0.00215416 5.02573e-05 0.002259 3.65332e-05 0.00160916 1.2925e-11 0.00264563 0.888153 0.00265621 0.000254734 0.00220121 0.00150407 1.35564e-08 0.00459049 0.00142001 0.00138757 1.05958e-05 0.000363763 0.000269688 3.12145e-09 
0.0126455 0.0133809 0.000895444 0.0235219 0.0015149 0.0146875 0.0205193 0.0011495 4.7758e-07 0.000118544 0.00215416 5.02573e-05 0.002259 3.65332e-05 0.00160916 1.2925e-11 0.00264563 0.888153 0.00265621 0.000254734 0.00220121 0.00150407 1.35564e-08 0.00459049 0.00142001 0.00138757 1.05958e-05 0.000363763 0.000269688 3.12145e-09 
0.450833 0.010378 0.00867346 8.02754e-05 1.96975e-08 0.0389702 0.364523 1.50512e-07 2.6017e-08 0.044074 0.0176493 9.69046e-08 7.78305e-08 4.41555e-08 0.000362262 2.22843e-12 0.00249062 2.20736e-07 0.0115601 3.89603e-08 0.000924885 0.00465305 7.35632e-13 0.0135208 1.5939e-05 5.59226e-08 0.000149495 0.0311408 9.55117e-09 1.70154e-12 
0.0453901 0.0469459 0.0414188 1.72999e-05 0.00299271 0.00315493 0.395841 0.105204 0.00137744 0.02068 0.00141268 9.57877e-05 0.000205749 2.64309e-05 0.16183 4.14915e-07 0.000114495 0.00387415 0.017133 6.01176e-05 0.0317036 0.00398681 3.56916e-06 0.0107136 8.85542e-05 0.000521191 0.00110309 0.100301 0.0038023 7.58835e-07 
0.0120322 0.000628022 0.00552611 4.57143e-06 0.000255091 0.000790671 0.0587198 0.01299 6.04237e-06 0.0142704 6.37807e-05 0.00399455 0.000901119 0.00323534 0.000751918 5.49624e-06 0.000113125 1.03912e-05 0.000743367 1.49757e-05 0.00350977 0.875024 1.2262e-06 0.00145767 5.75735e-06 1.33573e-05 0.000448724 0.003511 0.000965949 5.33453e-06 
8.122e-08 1.05845e-06 1.21564e-06 2.81364e-08 0.0519296 2.35629e-07 0.0513619 0.0136865 4.03297e-06 4.66503e-07 9.45492e-07 3.71771e-06 0.00196553 9.39909e-12 1.04352e-06 1.62233e-11 1.31819e-11 2.96955e-07 2.50948e-12 1.70855e-11 0.0779617 5.4193e-07 5.3555e-12 6.89727e-07 0.000778408 5.00761e-12 0.00780104 0.355836 0.438665 1.11611e-08 
0.000290255 1.50665e-06 3.06573e-05 0.00209172 2.58635e-10 0.0338817 1.64481e-06 0.197561 4.21524e-10 0.000823076 0.0639828 0.00211714 5.81898e-06 3.08653e-06 0.000539723 1.40451e-09 1.1412e-09 0.000623984 1.28271e-06 0.000823599 3.67805e-06 0.536195 4.63646e-10 0.125331 1.15614e-05 0.00493062 9.07441e-07 0.0307462 1.48849e-07 9.29581e-07 
7.04717e-05 0.000522776 0.000444416 0.000369644 0.00120332 4.16711e-05 0.0210006 0.0179419 0.000666633 0.000108221 0.00923296 0.000188578 4.49819e-05 8.95808e-06 0.000440632 1.76157e-05 2.19454e-09 0.00367331 0.0831621 3.73746e-06 0.0159461 0.121643 4.29019e-07 0.7105 0.000373129 0.00163947 0.00270627 0.0016373 0.00616876 0.000243494 
0.00108955 0.00153908 0.00213324 5.84213e-07 1.66403e-06 0.0438785 0.0487239 0.00574262 1.39498e-08 0.231659 0.0400106 1.53233e-06 0.0214864 2.69288e-08 3.48103e-06 4.64803e-08 3.77666e-08 0.0524752 3.06716e-05 1.36534e-05 0.00137283 0.479908 1.53437e-08 0.0588349 0.0053483 2.35532e-05 1.23022e-08 0.00570381 1.76293e-05 1.03481e-06 
1.34294e-06 0.000777881 1.89935e-05 0.0207162 0.00204873 0.0253222 0.00146001 0.00169748 0.000598576 7.10797e-05 0.6329 0.0407275 0.00222059 6.36496e-06 6.72058e-06 3.02238e-09 1.58275e-05 0.109418 0.00328774 3.70884e-07 0.00091176 0.00116324 6.63817e-07 0.127524 6.6219e-06 0.000677249 0.00211016 0.0130581 0.0112641 0.00198854 
0.00730058 0.0444307 0.00907628 0.00010186 0.0067652 0.0264507 0.355129 0.0722452 0.00182508 0.017848 0.0067674 0.00905178 0.0107517 0.000109222 0.00285482 1.4608e-07 2.1848e-08 0.00499294 0.00152044 0.00278278 0.0156638 0.28328 4.65539e-06 0.0499761 0.0100248 0.00859617 0.00352872 0.0311819 0.0176926 4.7628e-05 
0.00325239 0.0166979 0.000218383 0.0353054 0.0211932 0.0856906 0.0108744 0.031986 0.00559752 0.00183021 0.0621391 0.00373778 0.00731382 0.00788368 0.00749227 5.77279e-06 0.000929214 0.338746 0.0147649 0.00195515 0.00329667 0.00843932 0.000464797 0.0496857 0.0103069 0.230654 0.00446823 0.0118899 0.0213646 0.0018162 
0.00348006 0.00669603 0.000674872 0.000823782 0.0159341 0.0490205 0.0428534 0.0324696 5.39045e-05 0.00195367 0.0406413 0.0268096 0.00904412 3.2199e-05 0.00235966 5.67612e-08 0.000354407 0.0229522 0.144807 0.000464209 0.00805815 0.409896 2.65779e-08 0.0495946 0.0395442 0.00786269 0.0021084 0.0766954 0.00481479 9.00457e-07 
2.58106e-05 0.000433426 0.000208482 5.15982e-05 0.174878 0.0124543 0.00279227 0.0223497 6.70837e-05 0.000156126 0.0041624 8.77953e-07 0.00347571 5.2116e-05 0.000173933 1.48736e-10 9.51161e-07 0.000805351 0.00112354 5.7725e-06 0.0203108 0.669226 4.20542e-07 0.0502766 2.12868e-06 0.00418183 0.00347356 0.024841 0.00446983 9.56205e-07 
0.103998 0.00667411 0.00503924 1.93533e-08 0.00690479 0.116905 0.137627 0.070117 1.56141e-08 0.167192 0.00691861 0.0219285 0.000301168 7.55914e-08 0.0177156 1.61312e-11 0.00109649 0.00290254 0.00279948 9.29936e-05 0.047703 0.00519912 5.32513e-12 0.0187843 0.000257139 3.06928e-05 0.00200092 0.242867 0.014946 1.23172e-11 
0.000637698 6.91157e-05 3.02341e-05 0.00031908 0.00113271 0.220835 0.008182 0.0303669 0.000755955 0.00350095 0.24652 0.00137296 0.00811578 0.000175381 2.49515e-05 4.96031e-09 0.000231103 0.295245 0.0642635 2.77839e-05 0.00674041 0.00307067 1.64853e-05 0.0266239 0.0113487 0.0286887 0.00286225 0.0186401 0.0202022 3.59784e-11 
0.00348006 0.00669603 0.000674872 0.000823782 0.0159341 0.0490205 0.0428534 0.0324696 5.39045e-05 0.00195367 0.0406413 0.0268096 0.00904412 3.2199e-05 0.00235966 5.67612e-08 0.000354407 0.0229522 0.144807 0.000464209 0.00805815 0.409896 2.65779e-08 0.0495946 0.0395442 0.00786269 0.0021084 0.0766954 0.00481479 9.00457e-07 
1.69696e-06 0.0257067 8.64958e-07 9.9798e-09 0.000562992 0.00359083 0.0948659 0.112855 3.35941e-08 0.0046908 0.000275672 1.95125e-06 5.83084e-05 0.000111627 0.00162821 3.13617e-08 1.22771e-08 0.000426662 0.0665449 1.08584e-05 0.326935 0.0186521 2.41878e-09 0.0594876 0.000354312 0.00125191 0.000792356 0.272149 0.00904408 5.76949e-09 
0.17297 0.032115 0.0417081 0.00034489 0.00270733 0.00315996 0.232436 0.0678165 1.59504e-08 0.0239016 0.00241091 0.00370265 3.88515e-05 0.000107183 0.0350613 1.48942e-08 5.83281e-09 0.00115252 0.0292176 1.89541e-05 0.029982 0.165504 2.10035e-12 0.0380048 0.0360553 0.000851768 0.000402054 0.0746498 0.0056807 7.75655e-07 
0.00813839 0.00839486 0.000495276 6.69067e-07 7.67275e-06 0.000273717 0.0877851 0.374137 2.55179e-10 0.011952 0.00840471 0.0272477 7.50963e-07 2.74874e-06 1.60083e-06 7.4696e-05 7.40122e-07 0.000194506 0.0179413 0.00268782 3.40779e-06 0.305477 2.56122e-07 0.0696101 3.17265e-07 2.62446e-10 0.000855847 0.0492434 0.0263288 0.00073963 
0.000115978 1.31553e-05 6.26518e-05 0.000282227 0.00185176 0.00349078 5.41186e-05 0.00986917 0.000229008 3.36134e-05 0.469456 3.68911e-05 0.00324244 1.53415e-05 0.000290408 4.69457e-08 0.000104466 0.00210433 0.00223944 1.81442e-05 0.0723721 0.0110295 4.29687e-06 0.30268 9.64969e-06 0.00041809 0.00468767 0.0464945 0.0663809 0.00241414 
0.000111222 0.00189703 0.00344076 0.000282838 0.00510657 0.00471892 0.00817724 0.008041 0.00533597 0.00164241 0.0150414 3.27509e-05 0.0687179 0.000425638 0.000238981 1.74174e-08 1.91301e-05 0.0028381 0.00287265 0.000154942 0.000891642 0.817749 6.13732e-06 0.0272528 0.00401627 0.00635902 0.00032384 0.00149294 0.00117087 0.0116421 
0.000122676 0.00134259 0.000300641 1.47271e-05 0.0197568 0.000379659 0.00774709 0.0121213 9.04159e-05 2.94448e-05 3.08581e-06 0.00170531 0.000217238 0.000359079 0.0162906 6.97413e-12 9.43188e-10 9.75694e-05 0.000425289 4.2694e-05 0.0279458 0.00150559 6.94226e-09 0.407685 0.000830293 7.05839e-05 0.000644036 0.496503 0.00376832 7.76976e-07 
0.0449668 0.00916539 0.0165404 7.28432e-05 0.0134477 0.00487755 0.264348 0.0400865 0.00167173 0.0173001 0.00471861 0.00328248 0.000974467 4.71997e-05 0.0130236 1.17448e-09 1.30307e-06 0.0024678 0.000433591 0.00111412 0.0386803 0.387661 2.25176e-07 0.0483523 0.000349452 0.000564995 0.00209184 0.063287 0.0204703 1.71751e-06 
0.0128578 0.116467 0.0128031 1.04035e-05 0.00371443 0.002328 0.00227984 0.0187577 0.000335133 0.00463163 0.0401894 1.29053e-05 0.00403781 3.94832e-05 0.00767317 2.87162e-10 3.30841e-05 5.77858e-05 0.0014529 0.00145291 0.0729896 0.615346 1.59128e-07 0.0101117 3.13435e-05 2.0699e-05 0.00130325 0.0484389 0.0226152 9.57812e-06 
0.0105478 0.0298575 0.0196694 0.000491163 0.00317713 0.0523788 0.02546 0.245131 0.00850444 0.00163167 0.0117958 0.0151693 0.00678305 0.00144517 0.00268725 9.01914e-06 2.20935e-08 0.00441888 0.00627492 0.000501665 0.158713 0.022174 3.35216e-07 0.180298 2.88559e-05 0.000743617 0.0331889 0.137547 0.0208546 0.000516537 
0.00174027 0.000502264 2.88395e-05 5.72421e-05 0.0011664 0.163856 0.000795243 0.00451602 0.000102691 0.000402411 0.387986 0.00016254 0.00021404 9.25519e-08 0.0041143 1.59749e-07 7.99828e-05 0.0471986 0.164323 0.00102385 4.2887e-05 0.0187278 5.27351e-08 0.00932754 2.60797e-05 0.188253 0.00530206 1.0212e-08 5.12399e-05 1.21978e-07 
0.0634311 0.0105274 0.00526782 0.000164021 0.0646715 0.00465888 0.0629907 0.0704325 0.000854056 0.0155746 0.0456977 0.0333023 0.0034906 0.00720328 0.00316924 3.68122e-09 0.000128485 0.0317644 0.0647714 0.00029893 0.0403558 0.264157 1.83106e-05 0.0796867 0.00763674 2.86294e-05 0.0117987 0.0869512 0.0209557 1.22998e-05 
0.000572129 0.011724 0.00658451 0.0101208 0.0102884 0.0379032 0.0237296 0.0490518 0.00183614 0.000883362 0.0119559 0.000343713 0.00148319 0.00193858 0.00484488 7.48526e-11 0.000322854 0.0113222 0.00690327 1.27583e-05 0.00282418 0.025559 4.57091e-05 0.0273341 0.00164768 0.655803 0.0228918 0.0713591 0.000657177 5.67191e-05 
5.70513e-07 0.00271753 3.72416e-06 1.02988e-06 4.53566e-06 0.00437378 0.0236476 0.910964 1.01937e-08 0.000271356 0.0423142 1.95368e-08 2.70274e-05 6.64108e-06 0.00149288 3.39653e-08 3.79349e-07 0.00781048 0.00181951 0.000263738 0.00149362 0.00100719 1.12124e-08 0.00101124 1.51183e-08 0.000565347 1.28473e-06 4.71231e-06 3.65762e-09 0.000197296 
3.26819e-07 0.00177254 7.44103e-07 1.97008e-07 3.5033e-06 8.34377e-07 0.168023 0.468667 3.01506e-10 2.2458e-07 0.27029 8.38913e-07 8.92589e-07 5.82032e-10 2.70147e-10 1.00461e-09 2.00969e-06 6.27606e-07 0.0100046 2.46019e-06 0.0489011 0.0220494 3.31635e-10 3.3015e-06 8.2134e-08 0.000993727 3.77238e-07 0.00489219 0.00438773 1.7319e-06 
5.34517e-05 0.000201435 0.00280155 6.12642e-06 0.000642122 6.73314e-05 9.59456e-05 0.000726655 0.000420569 0.000323359 0.000156117 5.01716e-05 0.000119453 1.51627e-05 0.000220311 5.8146e-09 4.72453e-09 0.000151571 0.000252559 9.67596e-05 0.000465174 0.933988 1.91947e-09 0.000241906 6.13415e-05 0.0562344 0.000129919 0.00200444 0.000474252 4.43981e-09 
0.0309812 0.00963336 0.00152084 0.000226728 0.00417031 0.0291346 0.0695824 0.0401356 0.000484864 0.0111015 0.0214679 0.00421318 0.00509161 0.000131424 0.0898723 5.16287e-08 2.28916e-05 0.00124153 0.0111189 0.00336934 0.214303 0.0193514 7.70796e-06 0.317847 0.000275941 0.000603227 0.0157822 0.0667949 0.0314971 3.67334e-05 
0.00148441 0.002856 0.000136528 0.000441428 1.25449e-05 0.000218937 0.0384992 0.205185 6.31527e-07 0.00578859 0.0124587 0.0107793 2.33178e-05 0.000288253 0.00370875 1.14054e-09 3.04481e-07 0.00309157 0.00166812 0.00266643 0.00942669 0.631471 4.18676e-07 0.0256377 5.18616e-07 3.02163e-06 0.000589243 0.0410122 0.00226898 0.000282389 
0.0680342 0.00832644 0.0255325 4.78334e-07 0.00364354 0.0012255 0.0442448 0.138185 2.07037e-05 0.156887 0.0129029 0.000839644 0.00611688 0.00199465 0.00444343 2.45082e-11 4.0916e-08 0.00289532 0.00709993 1.12429e-07 0.010772 0.01762 7.9408e-10 0.112863 7.48654e-05 0.00026155 0.00214705 0.360709 0.0131587 1.87136e-11 
0.0158022 0.00461409 0.0009942 0.000202821 0.0103135 0.00793761 0.0281221 0.096254 0.00183026 0.00445513 0.0354969 0.000253681 0.0962309 2.24674e-05 0.0125246 7.45075e-10 8.7348e-05 0.00437446 0.0429688 0.00931386 0.017284 0.244599 4.12173e-05 0.275459 6.5032e-05 0.000314977 0.00335312 0.0784967 0.00733441 0.00125313 
0.00126015 0.005291 0.0082925 6.70506e-05 0.066392 0.00624349 0.0527652 0.00369403 0.000354903 0.00236818 0.00154031 2.86418e-05 0.00185558 0.00051746 0.00584071 1.14967e-07 9.34139e-08 4.37494e-08 0.00206134 0.066921 0.00837428 0.528462 3.7952e-08 0.112222 6.90131e-05 0.00028031 0.00708838 0.0950495 0.0229342 2.67541e-05 
0.025711 0.00114974 0.000984428 0.00627993 0.0143513 0.219404 0.022819 0.0161772 0.00170769 0.0566779 0.188527 0.000781038 0.0297582 0.00541214 0.000206586 1.23252e-10 0.000656744 0.187645 0.10856 0.00121492 0.00353184 0.0244047 0.000190989 0.0349279 0.00189534 0.00913318 0.00603308 0.0285251 0.00333233 6.19502e-07 
0.0172978 0.000426064 0.0119543 0.00017607 0.000197867 0.00123547 0.0142025 0.910132 8.25045e-11 0.000277654 3.07719e-05 0.00017851 0.000114119 1.19829e-07 0.000138544 2.02781e-07 2.23367e-10 9.39944e-05 0.000155197 0.0338581 0.00267979 0.000190124 9.07491e-11 0.000283984 0.000400303 1.30849e-07 0.000877674 0.00194399 0.00315516 2.09906e-10 
0.00011951 0.0192658 0.000136935 0.0207216 0.00230922 0.0506641 0.0092329 0.262721 6.69295e-06 0.00165988 0.00110529 3.7704e-07 5.31051e-05 1.74985e-06 5.61185e-05 2.60463e-09 2.12241e-05 0.455447 0.0030111 1.1776e-05 0.000276552 0.10508 1.90763e-07 0.00102155 0.0511706 0.00677612 1.75858e-06 0.00898309 0.000144064 1.10402e-06 
0.00710743 0.00260419 0.00187503 6.38011e-05 0.00301326 0.0254195 0.0408845 0.23064 2.60229e-05 0.0113864 0.0323578 0.0058217 0.011385 0.0113237 0.0114003 1.83174e-08 7.92987e-07 0.112107 0.00698625 0.000262946 0.051781 0.169981 6.04679e-09 0.0971913 0.00176247 0.00221468 0.00525601 0.151395 0.0053657 0.000387767 
5.92289e-05 0.00478066 0.00126139 2.54663e-05 0.0224622 0.0454122 0.0297094 0.20546 1.6044e-06 0.000718704 0.0205573 3.25315e-05 0.0152598 0.00372214 0.00833808 5.75968e-05 0.00013076 0.00159687 0.00456403 0.0156387 0.00648189 0.3371 1.16514e-08 0.147783 7.19999e-08 2.2388e-05 0.00576546 0.0963296 0.00781195 0.0189171 
0.00268313 0.00761039 0.000583863 5.09217e-06 0.306156 0.00670891 0.0637164 0.0531295 0.000865479 0.00255056 0.00197727 0.00689829 0.00794077 0.000159143 0.00107178 1.95347e-05 0.00180706 0.000265701 0.00121535 0.000145868 0.117794 0.0210842 6.19485e-06 0.0289762 0.00563194 2.20174e-05 0.00197017 0.278031 0.0809399 3.36964e-05 
0.00862749 0.00657909 0.0045828 1.68433e-05 0.131214 0.0101351 0.293935 0.0240056 5.13078e-05 0.00213478 0.0042212 7.26008e-05 0.00126054 0.000213479 0.00105428 1.17223e-06 1.44802e-05 7.72884e-05 0.0866098 0.000709636 0.0560357 0.0071597 1.81092e-09 0.0260867 1.21169e-06 0.0015536 0.000271237 0.319772 0.013601 2.28581e-06 
0.0225694 0.01164 0.00100064 0.00314284 0.0602517 0.0147933 0.0347708 0.0195709 0.00563234 0.00553159 0.0326569 0.00318897 0.0175503 0.00151203 0.00530317 0.0012559 2.07268e-05 0.0200662 0.0505519 0.00393872 0.0114139 0.0464192 0.000811888 0.156654 0.00171725 0.00193154 0.0132624 0.134618 0.058521 0.259703 
0.012433 0.00443805 0.00231463 2.19326e-05 0.0103848 0.00682586 0.0171881 0.0723299 0.00869981 0.000904958 0.0015558 0.00958331 0.000414026 0.000170918 0.000199058 8.81796e-09 3.87059e-06 0.000832299 0.00619629 1.96656e-06 0.727139 0.00116844 8.50186e-08 0.0333746 5.56057e-05 0.00428575 0.00196216 0.0633756 0.0141396 2.10718e-07 
3.95157e-06 1.54391e-05 5.3247e-05 2.48608e-06 1.02892e-05 3.53387e-06 4.25963e-05 0.0895324 4.69716e-10 1.13908e-05 7.59455e-06 9.00233e-10 1.75662e-07 3.89992e-06 8.1858e-05 1.56508e-09 1.27167e-09 1.73318e-05 8.66719e-06 1.64827e-09 1.68155e-10 0.446481 5.16654e-10 2.32351e-05 0.463673 1.59908e-05 3.5258e-06 6.50328e-06 1.90466e-06 1.19504e-09 
0.00315252 0.00199855 0.00457265 1.17137e-05 0.0173248 0.00106597 0.0118748 0.239695 0.000529708 0.00114198 0.00277334 0.00139797 0.00208258 2.22552e-05 0.00137163 4.9171e-08 0.000339057 0.000752457 0.000395504 1.14658e-07 0.0959866 0.0130189 1.45125e-09 0.134949 0.000167173 0.00238517 0.00143277 0.388706 0.0728461 6.33359e-06 
0.0122383 0.000486069 0.00621986 4.09779e-06 0.000263165 0.000933814 0.0664032 0.0143398 4.68017e-06 0.0150658 3.90569e-05 0.00405676 0.000143556 0.00274916 0.000729838 4.39864e-06 0.000108111 7.91912e-06 0.000145387 5.94955e-06 0.000286431 0.87017 4.44735e-07 0.00141298 4.53445e-06 9.83988e-06 0.00023599 0.00306182 0.000866129 3.18235e-06 
0.0789469 0.0137083 0.0127428 0.00248449 0.00715775 0.0296532 0.0883743 0.0221321 0.0162751 0.000844979 0.00233065 0.0122963 8.37557e-05 0.000110463 0.000111113 3.72085e-08 0.000476587 0.0161505 0.108332 1.1833e-06 0.237787 0.00182877 4.79053e-08 0.102157 0.0192594 0.0571174 0.0186043 0.145921 0.00511222 6.8471e-09 
0.00501883 0.00752655 0.002272 6.44949e-05 0.00273187 0.00478165 0.0455028 0.104363 0.000366862 0.0053402 0.00117653 0.00635191 0.00205883 2.73492e-05 0.00219414 7.28104e-09 4.79457e-07 0.000370582 0.00525413 2.17292e-05 0.445842 0.0222973 3.56212e-06 0.201102 1.26643e-05 0.000246279 0.000382254 0.108328 0.0263532 8.4261e-06 
0.193018 0.0157696 0.00837981 5.40439e-10 0.00190536 0.000520979 0.0991952 0.0113163 1.81923e-09 0.00509896 2.75666e-05 0.000813742 3.70686e-05 2.65933e-05 0.00146004 1.69834e-09 4.66054e-07 2.74175e-05 0.104458 3.26495e-10 0.2654 0.000490065 1.01895e-09 0.0116732 1.14426e-05 0.000112989 0.000221451 0.273588 0.00644756 5.00212e-07 
0.085881 0.030139 0.00131087 0.0122199 0.0451813 0.023778 0.0421721 0.136868 0.00917398 0.0151404 0.0202629 0.000118378 0.00117083 0.000164053 0.000377492 2.70662e-11 1.8703e-05 0.00604082 0.0480958 0.000238981 0.0448697 0.0042183 3.01919e-05 0.301085 0.00122744 0.022769 0.0646325 0.063748 0.0190212 4.56882e-05 
1.78731e-07 0.00643818 3.86045e-10 2.66472e-07 0.000597539 2.00421e-06 0.0841379 0.0276696 1.79659e-06 0.367365 0.0518543 6.28537e-10 0.0162635 6.33083e-10 4.28417e-07 0.233118 3.63032e-07 4.96806e-06 0.0147164 3.86486e-06 0.0239169 0.0451831 3.60724e-10 0.0443521 4.86385e-10 3.37291e-10 0.0643612 0.0142008 0.00581102 8.34367e-10 
0.0101647 0.0167153 0.0119048 0.00737801 0.0124837 0.105016 0.0534861 0.0760669 0.00253725 0.0357715 0.0818705 0.000216192 0.00563164 0.00134244 0.0037124 1.12687e-07 0.00304554 0.00874143 0.0492148 0.0110508 0.00904893 0.115179 0.000129854 0.264406 0.00256995 0.00498881 0.0131566 0.0900937 0.00407716 1.46004e-10 
0.00467818 0.00550233 0.00238672 0.00534094 0.00235285 0.0436452 0.0320853 0.139131 0.000164594 0.000564224 0.0390208 0.0080178 0.000997791 0.000192722 0.00266599 1.53935e-07 0.000671775 0.0351026 0.0115093 0.00186306 0.102639 0.237388 1.60785e-07 0.160662 0.0589459 0.00670863 0.000520272 0.0945616 0.00267541 6.38423e-06 
3.49593e-05 0.000305127 0.000278723 4.33531e-07 0.00284186 0.00136483 0.000307524 0.0373581 0.0358448 2.58129e-05 0.0308853 6.14108e-05 0.0120575 9.93877e-05 0.000128856 1.90362e-08 3.66184e-06 0.000648469 0.00897302 0.000450441 0.0343643 0.00533231 2.3669e-07 0.742032 2.29876e-05 9.67904e-05 0.00635274 0.0754429 0.0044691 0.000216626 
0.0826038 0.0383443 0.0173641 2.80363e-05 2.16797e-07 0.00190274 0.748739 0.0083847 3.49412e-08 0.013157 1.75895e-08 0.0543927 1.04545e-08 2.5795e-08 0.00228957 3.26193e-08 3.44901e-05 5.91617e-08 0.0159983 6.27086e-09 2.14403e-06 0.0107242 3.93752e-10 0.00497798 0.000341475 0.000713621 1.98104e-08 9.16057e-07 1.23935e-07 6.00085e-09 
0.216572 0.0801832 0.00461889 3.83135e-05 0.0395388 0.0181189 0.478443 0.00273411 0.000910134 0.0370213 0.000285826 0.000373577 0.000362583 0.00016878 0.0121196 1.56569e-06 7.68999e-06 4.89829e-05 0.0528083 0.000260005 0.0214914 0.000931799 4.17825e-08 0.0123138 8.57992e-06 0.00020845 0.00375739 0.0130763 0.00359601 6.85842e-07 
0.00120505 0.00757157 0.00246702 0.00301017 0.00251216 0.0131588 0.0578458 0.320129 7.82134e-07 0.00639168 0.0186075 1.51371e-06 0.000791533 0.0595137 9.43251e-06 1.76913e-09 9.60839e-05 0.352128 2.28474e-06 9.73959e-07 0.000576046 0.117491 3.05291e-07 0.00649786 0.00164127 0.0268676 6.15218e-07 0.00144491 1.25408e-05 2.3491e-05 
1.25742e-06 4.73863e-06 6.59046e-05 0.000101028 1.51055e-05 0.0144153 2.25706e-06 0.188052 2.46724e-08 7.60681e-06 0.0165302 1.18026e-06 0.00815196 3.56692e-07 5.18268e-06 1.36785e-10 1.11142e-10 0.00570853 5.9413e-06 2.27621e-06 1.09429e-05 0.0606648 4.51544e-11 5.69069e-06 0.00303179 0.00528755 3.05627e-06 0.697914 1.11565e-05 1.04444e-10 
2.85458e-06 0.00923895 0.0321288 0.0697243 0.00128992 0.0395446 0.00376774 0.0646848 1.16493e-05 0.00433936 0.202629 0.000752359 0.00334359 7.11262e-05 0.000830518 3.48727e-05 0.00831588 0.189404 0.0738141 0.0002067 4.62996e-06 0.0186686 3.39294e-07 0.00779871 0.000149889 0.257513 0.00338471 0.00834415 1.31423e-06 2.07086e-08 
7.46245e-06 0.00366732 0.000361597 3.03166e-06 0.00110918 0.0143467 0.0388435 0.0354349 2.25631e-06 0.0150934 0.00118974 0.147196 0.0265012 3.83851e-05 0.0431651 2.11724e-07 7.03614e-06 0.0204834 1.83626e-05 6.89934e-05 0.00174667 0.627792 6.98927e-08 0.00715087 0.00160578 0.000106583 0.000500389 0.0134544 0.000105674 1.61664e-07 
0.00333665 0.00313784 0.00495223 0.000199407 0.000749433 0.0098575 0.822838 0.0213285 0.000133713 0.000502659 0.00555993 4.11217e-05 0.000592093 0.000159793 0.000545068 8.15302e-06 3.95092e-05 0.0306236 0.021081 0.000788405 0.0275832 0.00293781 1.12783e-06 0.0124168 0.000195713 0.00979961 5.31441e-05 0.0183212 0.00220923 7.27652e-06 
2.31289e-05 0.0100134 0.00706523 0.000625289 7.45723e-07 0.0153932 0.212706 0.173324 0.0308342 0.131531 0.00159255 3.80679e-06 0.0206214 7.56057e-10 2.44037e-06 1.30499e-09 5.68194e-07 2.6211e-05 3.97885e-06 6.18843e-07 2.13893e-06 0.00228319 4.30793e-10 0.331521 4.84339e-07 4.02809e-10 4.11172e-06 0.0231681 0.0392529 9.9644e-10 
1.69696e-06 0.0257067 8.64958e-07 9.9798e-09 0.000562992 0.00359083 0.0948659 0.112855 3.35941e-08 0.0046908 0.000275672 1.95125e-06 5.83084e-05 0.000111627 0.00162821 3.13617e-08 1.22771e-08 0.000426662 0.0665449 1.08584e-05 0.326935 0.0186521 2.41878e-09 0.0594876 0.000354312 0.00125191 0.000792356 0.272149 0.00904408 5.76949e-09 
0.0273713 0.00946609 0.00874696 0.000267523 0.000733329 0.00291319 0.0215558 0.015758 1.15557e-07 0.00767789 0.00119792 0.000593334 0.00041241 1.21434e-05 0.00221005 2.16734e-06 2.94792e-08 0.000119341 0.00261185 0.000530373 0.00506052 0.721688 1.19768e-08 0.027004 0.00237708 0.000380184 0.00322866 0.12637 0.0117106 1.19193e-06 
0.222925 0.215416 0.00597037 0.000201028 0.00597872 0.0353405 0.25682 0.00979508 0.000708194 0.0546857 0.00450933 0.00152901 0.0024668 0.000103918 0.0318988 1.52455e-09 0.000236077 0.000708193 0.0230917 0.0200887 0.0175757 0.00454421 8.67555e-05 0.0322628 0.000505618 0.0141736 0.00332224 0.0302559 0.00479985 9.53266e-08 
0.000527579 0.0175651 0.00818781 0.000157972 0.0049393 0.000947596 0.0307423 0.0378188 0.00196416 0.0650503 0.013009 0.00462714 0.00144563 1.16611e-05 0.0024025 1.55899e-08 1.26672e-08 0.00123485 0.0140078 0.00116649 0.0156429 0.6133 6.72738e-06 0.0284867 5.59716e-05 1.32092e-05 0.000883198 0.0329051 0.102876 2.46046e-05 
1.13569e-05 0.000548337 1.88389e-06 0.000119798 0.000117185 0.0105832 0.0118014 0.0116467 4.31697e-08 0.00238288 0.0420422 5.45153e-06 0.0157975 2.09413e-05 0.000322124 1.4384e-07 1.16875e-07 4.87513e-06 0.0137943 0.0040127 6.83725e-05 0.703942 4.74836e-08 0.00415227 7.82093e-05 0.00020429 0.00393481 0.147734 0.0265998 7.28864e-05 
