0.00375666 0.00499474 0.00523397 7.48633e-05 0.00545131 0.0385346 0.017764 0.0138714 0.0230291 0.00261113 0.0767194 4.10144e-05 0.0290656 0.024595 0.00163972 0.00705043 0.000150269 0.000146191 0.0221535 0.000297507 0.0182051 0.00564595 0.523965 0.0176984 0.000132335 0.0113668 0.0441932 0.0225635 0.0790359 1.38821e-05 
0.0153851 0.0479522 0.0310636 0.000323549 0.0107712 0.017125 0.129626 0.0824797 0.00637565 0.0126663 0.00115195 0.00203067 0.00251743 0.00151874 0.0425524 1.99266e-10 0.00400229 0.00584236 0.0648077 2.09857e-10 0.0859313 0.0819268 0.141779 0.0305237 0.00116226 0.000121786 0.0295729 0.10591 0.0423292 0.00255086 
0.00011521 0.00613381 6.23367e-05 0.399628 0.0382241 0.0064597 0.0348584 0.00424214 0.000455785 0.00040226 0.000808422 0.00032082 0.00122178 5.68593e-09 0.00166653 4.7212e-08 1.26074e-05 0.0227672 1.98888e-12 2.89819e-07 0.00787287 0.000140238 0.457736 0.00706426 0.000851784 0.00219745 0.000795282 0.00122151 0.00474122 4.23086e-07 
0.000795257 0.026791 0.00322438 6.31479e-05 0.054353 0.0178301 0.161453 0.0116659 0.0263133 0.00668298 0.00270139 7.97628e-05 0.00425579 0.000577619 0.00703655 1.92579e-05 0.000107409 0.000785254 0.0291526 0.00376169 0.0620289 0.0277613 0.360034 0.124551 0.0011177 0.00214713 0.0325738 0.018052 0.0140476 3.63699e-05 
0.000850588 0.00469789 0.0003889 0.124979 0.140265 0.0407689 0.0213573 0.0259977 0.00498003 0.000642261 0.0379265 0.00162044 0.00648636 0.0011914 0.00217865 1.61892e-07 0.00100921 0.0509434 0.00989116 0.000721211 0.0111865 0.00157876 0.219374 0.0201118 0.000921641 0.109914 0.0279901 0.0549923 0.0770227 1.25455e-05 
0.000640502 0.0129504 0.0015983 0.000134034 0.0042983 0.0732817 0.239189 0.0213998 0.00931835 0.00386821 0.021352 0.000317247 0.0105202 0.00959599 0.012739 5.88551e-05 0.000823393 9.20841e-05 0.00636666 0.000187407 0.0124664 0.0163429 0.470803 0.00849688 0.000806735 0.00514642 0.0235403 0.0231261 0.0105299 9.57568e-06 
0.00126008 0.00532684 0.0165758 3.08044e-06 0.00371256 2.60438e-05 0.0293186 0.00187717 2.43491e-05 0.0043605 0.000168347 0.000341593 0.000108638 1.00583e-07 0.00345232 0.00286675 1.01614e-06 0.000613814 0.00273681 7.57902e-05 0.00964702 0.0137425 0.883203 0.00490311 9.87057e-05 0.000110339 0.000788074 0.0131793 0.00147723 7.3226e-11 
1.12774e-06 1.87809e-06 3.69264e-06 1.69402e-06 1.92475e-06 1.38008e-06 7.50198e-07 1.38533e-06 0.00627707 4.13417e-06 1.34531e-06 6.01214e-06 2.3416e-06 6.05563e-06 0.00674847 1.04523e-05 8.49279e-06 3.97751e-06 0.0033969 1.10078e-05 0.00617767 2.52642e-06 0.976135 0.00117587 4.65242e-06 3.2263e-06 1.47159e-06 6.6817e-07 1.12558e-06 7.98098e-06 
0.00126008 0.00532684 0.0165758 3.08044e-06 0.00371256 2.60438e-05 0.0293186 0.00187717 2.43491e-05 0.0043605 0.000168347 0.000341593 0.000108638 1.00583e-07 0.00345232 0.00286675 1.01614e-06 0.000613814 0.00273681 7.57902e-05 0.00964702 0.0137425 0.883203 0.00490311 9.87057e-05 0.000110339 0.000788074 0.0131793 0.00147723 7.3226e-11 
0.00438713 0.00161003 0.00220549 0.00185706 9.18994e-06 2.04416e-05 0.00779914 0.00891945 1.42972e-05 0.0191813 0.133091 8.10625e-07 0.00208329 3.74263e-06 2.38456e-05 1.48898e-08 0.00119577 0.200363 9.66632e-06 3.05643e-07 0.0231854 0.0663785 0.301146 0.151047 0.0121967 0.0530236 0.00477076 6.06577e-06 0.00547023 1.13693e-08 
7.68601e-05 0.0327124 0.00295563 4.99588e-05 0.048465 0.00155738 0.17494 0.0109107 0.0258773 0.043925 0.0113972 0.000388827 0.000461456 4.19835e-05 0.019187 6.49262e-09 1.42833e-05 2.2157e-05 0.0107109 0.00482919 0.0416092 0.0484846 0.393905 0.0629615 1.0001e-05 0.0043861 0.0056484 0.0124667 0.0419954 9.27957e-06 
0.00111139 0.00269037 0.000968107 1.1412e-05 0.00257385 0.0438767 0.00151088 0.106172 0.00123028 0.00232533 0.000216955 3.61903e-06 0.00147719 7.56747e-08 2.51093e-05 1.30618e-07 5.55236e-06 0.000124617 0.00395806 1.16047e-05 0.0261069 0.0130929 0.739222 0.0193061 1.27688e-06 0.000154012 0.018636 0.0109788 0.00419067 1.78735e-05 
0.0146379 0.00523024 0.000422566 0.000123871 0.00436857 0.00428027 0.00265151 0.0091914 0.0028966 5.95277e-05 3.51625e-07 8.03098e-08 7.11175e-05 0.000696393 0.000172311 8.52399e-10 3.90882e-07 5.41058e-07 0.00659568 0.000187949 0.0225963 1.26567e-05 0.842527 0.000824891 1.72221e-05 0.00236332 0.0735146 0.000535001 0.00602114 1.36695e-07 
5.7529e-08 0.0183083 1.00458e-05 4.19601e-09 0.00390453 0.172793 0.0569149 0.0230919 1.78842e-05 7.82668e-07 9.93201e-06 1.48918e-08 5.75379e-05 4.54075e-06 0.0213462 2.58898e-08 2.10362e-08 9.85209e-09 0.00217322 2.27339e-05 0.0018801 0.0902323 0.609175 3.10701e-06 1.17465e-05 7.99138e-09 2.40169e-06 3.04005e-05 8.52005e-06 1.97685e-08 
0.00033244 0.0137111 0.000448527 0.000708748 0.0294931 0.0207277 0.0125624 0.0196074 0.192694 0.000362191 0.0207269 6.14285e-08 0.0149536 0.00118187 5.3642e-05 3.05536e-10 4.0602e-06 0.0113501 0.020363 0.00514995 0.00578254 8.76203e-05 0.322057 0.0137421 0.00274181 0.00184734 0.0516165 0.173495 0.0642003 4.77926e-08 
4.1947e-06 1.47152e-06 1.44177e-05 9.69373e-10 0.10506 0.0606528 0.0208122 0.00704565 2.25158e-05 1.34442e-05 2.53241e-05 3.44035e-09 1.02121e-05 0.165485 1.60837e-09 5.98114e-09 2.49839e-06 2.27606e-09 0.0731509 6.29904e-09 0.00016609 2.77623e-06 0.349222 0.035577 0.000128101 0.0179861 0.164411 1.73566e-05 5.71663e-06 0.000182433 
0.00158787 1.05658e-05 0.00441362 0.043897 0.000461397 3.48287e-05 0.119918 0.02086 1.82839e-09 0.00163649 5.5474e-05 2.40496e-05 0.0466948 4.06306e-05 0.145178 5.73913e-06 2.91513e-05 0.000250123 1.99429e-05 0.0322094 2.68921e-05 0.141306 0.353757 0.000767821 0.0642459 0.00218507 4.40111e-05 0.0203365 6.56046e-10 4.32938e-06 
0.00906736 0.0835581 0.0259232 1.6293e-06 0.000945821 0.0236839 0.0321931 0.0430474 0.00473935 0.00040037 0.0232253 0.000209032 1.04231e-05 0.000768498 0.0121881 9.12595e-05 0.00133626 0.00241266 0.035367 0.000105907 0.0457914 0.00925249 0.615784 0.00125435 5.02733e-05 0.00710397 0.0166298 0.0014931 0.00336366 2.83528e-06 
0.00011521 0.00613381 6.23367e-05 0.399628 0.0382241 0.0064597 0.0348584 0.00424214 0.000455785 0.00040226 0.000808422 0.00032082 0.00122178 5.68593e-09 0.00166653 4.7212e-08 1.26074e-05 0.0227672 1.98888e-12 2.89819e-07 0.00787287 0.000140238 0.457736 0.00706426 0.000851784 0.00219745 0.000795282 0.00122151 0.00474122 4.23086e-07 
0.000437337 0.00354478 0.0918552 1.68257e-05 0.0292778 0.244303 0.00637574 0.0055986 0.00312665 0.17777 0.000463776 2.0762e-09 0.00193682 0.00107057 0.000113253 9.29573e-07 9.73102e-06 3.04569e-05 1.18528e-06 7.26615e-07 1.69643e-06 1.11574e-06 0.252948 0.00615541 3.32373e-07 0.0654124 0.0804745 0.0160652 0.0130071 1.2905e-06 
0.000153472 0.0115247 0.000270378 6.92086e-06 0.00958312 0.0529367 0.0500789 0.0134601 0.0112831 0.00135243 0.0679664 1.66132e-07 0.0174281 0.00344338 0.00118211 7.32045e-07 0.00154597 0.000150956 0.0145206 0.00440379 0.00427006 0.00251254 0.447166 0.00720979 0.000858992 0.000641129 0.157129 0.0550824 0.0638346 2.68968e-06 
0.00126008 0.00532684 0.0165758 3.08044e-06 0.00371256 2.60438e-05 0.0293186 0.00187717 2.43491e-05 0.0043605 0.000168347 0.000341593 0.000108638 1.00583e-07 0.00345232 0.00286675 1.01614e-06 0.000613814 0.00273681 7.57902e-05 0.00964702 0.0137425 0.883203 0.00490311 9.87057e-05 0.000110339 0.000788074 0.0131793 0.00147723 7.3226e-11 
0.0247011 0.00545063 0.00516738 8.729e-06 0.00418293 0.053089 0.0157972 0.0676117 0.0415663 0.000422939 0.000506132 1.49213e-07 0.0100873 0.000182739 0.000849188 7.23466e-06 6.27899e-10 0.000144819 0.165006 9.90176e-07 0.0228426 0.00283273 0.36254 0.0118794 7.6458e-08 0.000115948 0.0541128 0.0722512 0.0786428 1.20149e-08 
0.00126008 0.00532684 0.0165758 3.08044e-06 0.00371256 2.60438e-05 0.0293186 0.00187717 2.43491e-05 0.0043605 0.000168347 0.000341593 0.000108638 1.00583e-07 0.00345232 0.00286675 1.01614e-06 0.000613814 0.00273681 7.57902e-05 0.00964702 0.0137425 0.883203 0.00490311 9.87057e-05 0.000110339 0.000788074 0.0131793 0.00147723 7.3226e-11 
0.00011521 0.00613381 6.23367e-05 0.399628 0.0382241 0.0064597 0.0348584 0.00424214 0.000455785 0.00040226 0.000808422 0.00032082 0.00122178 5.68593e-09 0.00166653 4.7212e-08 1.26074e-05 0.0227672 1.98888e-12 2.89819e-07 0.00787287 0.000140238 0.457736 0.00706426 0.000851784 0.00219745 0.000795282 0.00122151 0.00474122 4.23086e-07 
0.0119008 0.00609686 0.0134034 2.28738e-05 0.0548118 0.0067033 0.0681288 0.244771 1.15471e-05 0.0232387 0.0059808 2.35541e-06 0.00284978 1.08362e-06 0.00203806 2.56643e-10 0.0072295 0.000651138 3.95822e-06 1.54546e-06 0.00516808 0.00778105 0.359848 0.0678676 0.00159083 0.0317417 0.0517232 0.0223886 0.00404337 4.23809e-07 
0.000112375 0.000445892 1.00135e-06 1.82951e-07 0.0053634 2.37353e-06 1.6062e-07 0.000220886 2.70826e-06 1.0503e-06 1.80564e-06 5.54917e-10 3.3185e-07 5.58931e-10 8.8483e-08 9.6474e-10 9.77204e-08 1.37369e-06 1.4923e-10 7.8145e-07 0.00266742 0.000246377 0.968043 0.0147812 4.9163e-07 0.000296257 0.00781019 8.20193e-07 1.0389e-10 5.45613e-08 
0.00607261 0.0195584 0.00962365 0.000221364 0.0845223 0.0352621 0.0307305 0.0102128 0.013639 0.00123629 0.00516695 0.000193193 0.00371266 8.08042e-05 0.0207549 2.11564e-09 5.92139e-05 0.000224926 0.0029674 2.16646e-05 0.0543991 5.25375e-05 0.220703 0.186578 0.00439414 0.0337671 0.178809 0.0476548 0.0293806 7.91977e-07 
0.00794955 0.0298917 0.00609422 1.63885e-07 0.0220581 0.0815878 0.108399 0.121234 0.000835732 0.0138743 0.0822928 0.000720619 0.0219087 0.00463397 0.0122396 1.63591e-07 0.00243866 0.0015072 0.0146354 0.00147232 1.63905e-07 0.00798004 0.144381 0.0477439 0.00394742 0.00781507 0.0197001 0.135988 0.0986709 1.63674e-07 
0.00081481 0.011401 0.0148761 1.52366e-05 0.00857928 0.00973261 0.024622 0.00529223 0.0346093 0.00522542 0.038612 0.000101933 0.0073305 0.00609238 0.00137743 0.00229695 3.48871e-06 0.000124409 0.00956598 0.00069225 0.0194412 0.000658317 0.731333 0.00866276 0.000437208 0.00612392 0.0276066 0.0106421 0.0137053 2.46126e-05 
0.00603568 0.0393989 0.00120904 4.39889e-05 0.00855594 0.0516507 0.00951338 0.0747723 0.0102425 0.0129009 0.0200469 4.3577e-05 0.0137244 0.00324325 0.00178153 0.00102917 1.94407e-05 0.0255996 0.0173825 7.6073e-06 0.00596737 0.0197599 0.537383 0.0120055 0.000396716 0.00139889 0.0975716 0.00930665 0.0189721 3.72596e-05 
0.000864839 0.00644137 0.00124641 8.82855e-05 0.00413693 0.012017 0.00690971 0.00497087 0.0352172 0.000532499 0.292228 5.95466e-05 0.000197389 0.00239549 0.000222609 9.09596e-08 2.23587e-05 0.000396895 0.0082534 0.000737784 0.0527769 0.00377713 0.382906 0.035353 0.0015684 0.0336209 0.0568872 0.0165363 0.0395045 0.000131634 
2.4582e-08 0.0131309 4.53484e-05 0.000274994 0.000906013 0.00770354 0.0109022 0.00203662 0.0017938 0.000813524 0.000217673 6.41163e-08 0.00463896 5.14864e-05 0.00144171 6.39135e-11 3.35791e-05 0.000317906 0.000747669 0.000804392 0.00238693 0.000903183 0.928137 9.90158e-06 0.000698269 9.59201e-05 0.00754304 0.00239095 0.0119746 2.72692e-08 
0.00011521 0.00613381 6.23367e-05 0.399628 0.0382241 0.0064597 0.0348584 0.00424214 0.000455785 0.00040226 0.000808422 0.00032082 0.00122178 5.68593e-09 0.00166653 4.7212e-08 1.26074e-05 0.0227672 1.98888e-12 2.89819e-07 0.00787287 0.000140238 0.457736 0.00706426 0.000851784 0.00219745 0.000795282 0.00122151 0.00474122 4.23086e-07 
2.78947e-05 0.00334339 0.000485728 0.0244485 0.0179771 0.182843 0.0710837 0.0154043 0.0176791 0.000949723 0.0537133 4.84076e-06 0.0125785 0.000119421 0.00447325 0.0221238 0.000796147 0.000938778 0.0101453 0.00106051 0.0381046 0.00280974 0.279894 0.0620073 0.000707877 0.00844262 0.0606165 0.103342 0.0038795 7.69979e-09 
0.000235071 0.0891811 0.0189631 3.69943e-05 0.00276485 0.033857 0.0416468 0.122671 0.0478474 0.0834397 0.00143245 3.38683e-08 0.0519429 0.00355637 0.0266723 1.01164e-05 4.65158e-05 0.000685333 0.000515252 0.0249576 0.0363258 0.0327806 0.306764 0.00990672 2.47209e-05 0.00654714 0.0268096 0.0079458 0.0224047 2.93793e-05 
0.000223851 0.00981921 0.000626296 0.164448 0.208238 0.025705 0.0281802 0.0220496 0.00361602 0.000797029 0.00675527 0.000437889 0.00123651 3.32467e-05 0.0038896 2.44997e-05 3.18077e-05 0.0113793 0.00691416 0.0001213 0.0314647 0.000672221 0.228811 0.0149583 0.0016058 0.166292 0.0126144 0.013385 0.0356679 2.20678e-06 
1.77679e-05 0.0186415 0.000540781 0.00363443 0.0120155 0.000571167 0.00198104 7.80043e-05 1.62016e-06 5.54376e-06 1.08446e-05 0.035707 4.45691e-05 1.36345e-06 3.5618e-05 4.00003e-07 8.53452e-07 0.000359693 2.00482e-06 4.21263e-07 6.87058e-06 0.00194232 0.847698 4.99442e-08 5.85727e-05 5.81842e-06 0.0294483 0.00117877 0.0460109 3.05427e-07 
4.04431e-05 0.0236616 0.00294644 1.67261e-05 0.0122494 0.0827227 0.0395019 0.00611597 0.000546892 0.000906367 0.00598835 2.62448e-05 0.22875 0.00221507 0.0153867 4.70896e-06 3.89652e-05 0.000939609 0.055241 0.00209945 0.0301743 0.00833269 0.270192 0.018095 0.00261514 0.00544587 0.0417541 0.0223533 0.121638 5.27576e-08 
0.0052299 0.00873567 0.00128019 2.94317e-06 0.00194374 0.0744425 0.0101222 0.00284139 0.00705855 0.00518377 0.002112 1.2544e-07 0.0332299 0.00133279 0.00458179 5.2019e-11 3.43431e-05 7.89063e-05 0.129428 0.000953152 0.00661677 0.00551299 0.368958 0.00775017 0.00325458 0.000422772 0.191205 0.0791137 0.0485747 9.67071e-09 
0.0012428 0.00211106 0.0247978 4.87098e-05 0.0157184 0.00286654 0.0108214 0.246699 0.00216145 0.0147135 0.000415974 1.67616e-08 0.0173441 0.000244239 0.00413201 5.21658e-09 7.31393e-05 2.5852e-05 0.000547536 0.000310888 0.0221794 0.000403417 0.472736 0.00168273 9.94837e-05 0.00235551 0.0158195 0.0602193 0.0802303 2.34894e-08 
0.0010247 0.00800472 0.000921986 9.84462e-05 0.0615794 0.0413436 0.00723306 0.0362584 0.0267142 0.00460824 0.0252589 2.53762e-05 0.00780671 0.00927557 0.000340801 1.28196e-05 0.000162197 0.00456367 0.019687 0.000275886 0.00658425 0.0111905 0.520616 0.0281277 0.000855223 0.0183295 0.119624 0.0168745 0.0219844 0.000618111 
0.00107172 0.00412882 0.000582131 2.23752e-06 0.00794906 0.00100062 0.0331529 0.00536539 0.219223 0.000219469 0.0532472 8.00833e-06 0.00190203 0.000327236 0.000220248 3.77293e-08 3.24838e-07 7.02336e-05 0.104482 1.68749e-06 0.0343221 0.000329564 0.353065 0.0139671 4.19703e-06 0.000126861 0.0234506 0.112592 0.0291885 8.01674e-08 
9.75908e-08 0.0080183 2.59811e-08 5.84458e-07 7.53718e-07 0.0406768 7.16502e-05 0.00939846 0.00234919 1.00535e-05 0.00305838 4.23009e-08 0.0209431 0.0894128 0.00248617 7.35413e-08 7.98466e-06 2.79853e-08 0.00690131 9.14442e-05 0.0091665 0.00458667 0.600838 0.000123878 3.2734e-08 0.000169179 0.194357 9.45386e-05 0.00723581 1.04306e-06 
0.00171417 0.0159205 0.0103296 0.00142943 0.00258126 0.0362829 0.0127177 0.005176 0.0291491 0.00215217 0.115205 0.000128582 0.0048724 0.0058915 0.000515604 0.00214879 3.1439e-05 0.000858068 0.00652627 0.00027575 0.0249279 0.0100195 0.579633 0.0163889 0.000433116 0.0115919 0.0480056 0.0303433 0.0247172 3.33518e-05 
0.00126008 0.00532684 0.0165758 3.08044e-06 0.00371256 2.60438e-05 0.0293186 0.00187717 2.43491e-05 0.0043605 0.000168347 0.000341593 0.000108638 1.00583e-07 0.00345232 0.00286675 1.01614e-06 0.000613814 0.00273681 7.57902e-05 0.00964702 0.0137425 0.883203 0.00490311 9.87057e-05 0.000110339 0.000788074 0.0131793 0.00147723 7.3226e-11 
0.00880747 0.0169076 0.00154149 2.3314e-05 0.0240335 0.00385976 0.000924729 0.0564592 0.0118853 0.000739251 0.000343392 5.06371e-08 0.0225019 1.71128e-05 0.000749979 6.37776e-09 3.59793e-06 0.00545943 0.0115546 0.0102162 0.0575714 0.0193732 0.526161 0.0365128 0.00152782 0.0581534 0.090945 0.00420869 0.0295183 4.91286e-07 
0.0137902 0.0135908 8.87547e-05 0.000129576 0.0817301 0.0096465 0.0818283 0.0209932 0.000644905 0.00398809 0.0119555 1.22239e-09 0.0146708 0.000344243 0.0832731 1.76749e-06 3.96679e-06 0.00321196 0.129983 0.000530244 0.00137942 0.154443 0.246284 0.0672153 0.00420064 0.000360801 0.0207119 0.0217141 0.0132842 1.38122e-06 
0.00126008 0.00532684 0.0165758 3.08044e-06 0.00371256 2.60438e-05 0.0293186 0.00187717 2.43491e-05 0.0043605 0.000168347 0.000341593 0.000108638 1.00583e-07 0.00345232 0.00286675 1.01614e-06 0.000613814 0.00273681 7.57902e-05 0.00964702 0.0137425 0.883203 0.00490311 9.87057e-05 0.000110339 0.000788074 0.0131793 0.00147723 7.3226e-11 
3.65987e-07 1.68703e-05 0.000764115 2.62482e-09 1.51897e-06 8.65099e-06 2.66925e-05 0.0102575 4.86061e-09 5.11321e-06 2.08452e-09 6.03918e-06 5.36306e-06 9.57941e-06 0.00345839 0.000698415 8.1941e-06 2.85554e-07 0.00353456 1.70562e-08 3.83885e-06 0.000503743 0.978803 2.02216e-09 7.20877e-09 4.99903e-09 0.00174602 1.03531e-09 0.000141808 1.23662e-08 
0.00398244 0.00279686 6.27323e-05 0.000226311 0.000147112 0.0417509 0.00604445 0.017177 0.00490179 0.00224751 0.0280615 4.71065e-05 0.0322621 0.000464075 0.00281132 1.32369e-09 1.56693e-07 0.000125769 0.0835869 0.00585144 0.00047418 0.0462954 0.452381 0.00251134 0.00977202 2.49082e-06 0.151744 0.0954352 0.00883645 3.47733e-08 
0.000365689 0.0155495 0.00016456 0.259899 0.176288 0.00829821 0.0424023 0.0329421 0.000674484 0.0194122 0.00235053 0.000428772 0.00354023 4.37046e-06 0.00615655 7.63913e-08 7.86695e-06 0.0162088 4.80355e-08 0.00388762 0.0198736 0.000461851 0.352069 0.00948162 0.000530223 0.00317636 0.00350884 0.00291348 0.0194043 2.84981e-07 
0.00884681 0.0152025 0.00594878 0.000130144 0.00916439 0.0387693 0.0089187 0.024596 0.0064517 0.00358473 0.0110757 0.00022644 0.0447533 0.00132646 0.00483537 1.75374e-06 2.4012e-05 0.00121635 0.00819555 0.000463115 0.00825739 0.00155917 0.618486 0.00590195 6.753e-05 0.00536459 0.0793789 0.0575937 0.0296566 2.8369e-06 
0.000963784 0.00413503 6.11375e-05 0.00772554 0.00300595 0.244506 0.00571894 0.0100783 0.00168247 0.000608619 0.0324511 2.70787e-05 0.010363 0.00063629 0.004562 2.57409e-07 0.053108 0.00245173 0.00185648 0.000172554 0.0145137 0.00280783 0.453573 0.00485737 0.000134521 0.00264867 0.0191482 0.0194272 0.0987656 9.62205e-06 
0.00469754 0.00835101 0.00265879 0.000539707 0.039191 0.0555911 0.0106305 0.0269531 0.00118724 0.000351342 0.00255796 0.00747666 0.0657682 0.00101838 0.00100935 2.63281e-07 8.69646e-06 0.00214917 0.00151489 0.0178952 0.0129578 0.0105754 0.482443 0.00611488 0.00229044 0.0056125 0.0399519 0.0919255 0.098575 3.61497e-06 
3.40479e-05 0.00212952 0.000714037 6.49463e-07 0.0024373 0.00227687 0.0064214 0.00140882 0.00387689 0.000366564 0.000581073 1.56004e-05 0.000655945 0.000478252 0.00121653 5.21891e-07 0.00011268 4.96935e-07 0.0180194 0.00075925 0.00205417 5.66235e-05 0.671588 0.000683316 0.00285659 4.76126e-05 0.231941 0.0124635 0.0368027 1.67654e-10 
7.78241e-06 1.29605e-05 2.54825e-05 1.16903e-05 1.32825e-05 9.52381e-06 5.17704e-06 9.56003e-06 2.16479e-05 2.85295e-05 9.28388e-06 0.00833934 1.61592e-05 4.17893e-05 1.93963e-05 7.21302e-05 5.86079e-05 2.74484e-05 0.00224264 7.59639e-05 7.74978e-06 0.0244258 0.964377 9.00614e-06 3.21059e-05 2.22643e-05 1.01553e-05 4.61097e-06 7.76748e-06 5.50759e-05 
0.00011521 0.00613381 6.23367e-05 0.399628 0.0382241 0.0064597 0.0348584 0.00424214 0.000455785 0.00040226 0.000808422 0.00032082 0.00122178 5.68593e-09 0.00166653 4.7212e-08 1.26074e-05 0.0227672 1.98888e-12 2.89819e-07 0.00787287 0.000140238 0.457736 0.00706426 0.000851784 0.00219745 0.000795282 0.00122151 0.00474122 4.23086e-07 
0.00029869 7.93265e-06 0.000864429 8.62323e-07 0.000233747 0.0264153 0.0276885 0.0732153 0.036242 0.00865997 0.000409585 0.0399612 0.0525021 0.0127393 0.000559128 0.00242495 4.4584e-06 0.00235128 0.00305774 0.00163369 0.00403243 0.024614 0.509469 0.0106737 3.96559e-07 0.00724596 0.0706548 0.00443148 0.0796081 4.40929e-07 
0.000153472 0.0115247 0.000270378 6.92086e-06 0.00958312 0.0529367 0.0500789 0.0134601 0.0112831 0.00135243 0.0679664 1.66132e-07 0.0174281 0.00344338 0.00118211 7.32045e-07 0.00154597 0.000150956 0.0145206 0.00440379 0.00427006 0.00251254 0.447166 0.00720979 0.000858992 0.000641129 0.157129 0.0550824 0.0638346 2.68968e-06 
0.013353 0.00638485 0.000137076 0.00900493 0.00336958 0.347413 0.00753759 0.0234604 0.0151518 0.00189847 0.0171221 1.51905e-05 0.038206 0.00681961 0.00308671 0.00090333 8.5201e-05 0.00190689 0.00346286 0.000665847 0.000338368 0.014148 0.394566 0.00611935 0.00369008 0.000779092 0.0193764 0.00479852 0.0514437 0.00475605 
1.41267e-06 4.24519e-05 0.000145363 1.36344e-07 0.0499516 2.02165e-06 0.00453467 0.000219863 0.0145351 2.04788e-07 0.0632625 4.53862e-06 9.09429e-07 1.94757e-05 0.000121498 2.17481e-09 2.94742e-07 5.50956e-07 0.0042548 2.2904e-09 0.0833668 0.000395851 0.749126 0.0046589 9.68032e-10 7.33984e-07 0.0108994 0.0114555 0.00299965 2.15226e-07 
0.275007 0.0146251 0.0703368 3.31609e-05 0.00304228 0.000239396 0.0991572 0.00515024 7.28204e-05 0.0107994 0.000674915 0.000314007 0.001104 0.000414488 0.00441472 0.00118618 6.61212e-07 0.00365338 0.0209432 0.000352287 0.0199742 0.0111783 0.372538 0.0158162 0.00288997 0.000636798 0.0208322 0.0403355 0.00427744 1.36076e-08 
0.00011521 0.00613381 6.23367e-05 0.399628 0.0382241 0.0064597 0.0348584 0.00424214 0.000455785 0.00040226 0.000808422 0.00032082 0.00122178 5.68593e-09 0.00166653 4.7212e-08 1.26074e-05 0.0227672 1.98888e-12 2.89819e-07 0.00787287 0.000140238 0.457736 0.00706426 0.000851784 0.00219745 0.000795282 0.00122151 0.00474122 4.23086e-07 
0.00172224 0.0183427 0.0101513 6.12956e-05 0.00693629 0.0254495 0.0311699 0.080167 0.0448002 1.4146e-05 0.0304516 0.00135481 0.000360458 0.000912595 0.00101815 1.81866e-09 2.92836e-05 0.00606085 0.0296261 2.16645e-06 0.0460964 0.0231133 0.442756 0.0637013 3.10518e-05 0.00241702 0.0977814 0.0263471 0.00912385 2.43935e-06 
0.00010604 0.0107618 0.00135328 0.00133162 0.00295273 0.00260132 0.0244639 0.00129662 0.00152564 0.00200474 0.000222999 1.43514e-07 0.00158324 2.86919e-05 0.000475665 9.47156e-11 9.4354e-06 0.000224589 0.000574691 4.82679e-08 0.00458036 1.08014e-05 0.9229 0.00111441 0.0015712 0.000286933 0.00536197 0.0033993 0.00925788 2.05813e-08 
0.00301291 0.00399911 0.0147398 0.000150278 0.00491122 3.78468e-05 0.0256074 0.0113745 0.0814101 0.00141561 0.00056764 0.000151922 0.00178064 2.03047e-05 0.00178753 0.000807687 1.41444e-06 0.00403678 0.00308392 6.97708e-05 0.0216682 0.0367648 0.482556 0.244973 0.000616197 0.000885999 0.0188045 0.0312228 0.00354194 7.74716e-07 
0.000363207 0.00573014 0.000236529 5.31322e-06 0.000746154 0.0757212 0.0107696 0.0251088 1.77626e-07 0.00080469 0.00681259 2.23353e-06 0.00776235 6.59317e-05 0.000801386 0.0012633 0.00929552 0.000575043 0.00161152 0.000394449 0.0152507 0.00220403 0.69373 0.00381828 0.00206016 0.00705927 0.0242586 0.0566799 0.0468687 4.32589e-08 
0.000365689 0.0155495 0.00016456 0.259899 0.176288 0.00829821 0.0424023 0.0329421 0.000674484 0.0194122 0.00235053 0.000428772 0.00354023 4.37046e-06 0.00615655 7.63913e-08 7.86695e-06 0.0162088 4.80355e-08 0.00388762 0.0198736 0.000461851 0.352069 0.00948162 0.000530223 0.00317636 0.00350884 0.00291348 0.0194043 2.84981e-07 
6.13081e-07 1.021e-06 2.00746e-06 7.14575e-05 0.000463213 6.89157e-05 0.00056852 0.00881015 0.000841141 2.24749e-06 7.31363e-07 3.26843e-06 0.0031932 3.29207e-06 1.58162e-05 5.68226e-06 6.36727e-06 8.95349e-05 2.87819e-06 5.98426e-06 0.000212538 0.00152835 0.980483 0.00155009 2.52923e-06 4.89621e-05 0.00102071 4.02052e-05 0.000953641 4.33876e-06 
1.36513e-05 0.0073085 4.8909e-05 3.61301e-05 0.00418394 0.165944 0.0105638 0.0157989 0.00143271 0.00150411 0.023722 9.83175e-08 0.00607536 0.00927397 0.00448463 0.000253461 0.000606729 6.50447e-08 0.0799714 0.00112662 0.00214971 0.0194008 0.607933 6.28534e-06 7.60817e-08 0.0136218 0.00368039 0.0147812 0.0060778 1.30514e-07 
0.000202936 0.0888324 0.021519 0.000406985 0.0530024 0.0285968 0.0183905 0.0551197 0.00150016 0.0025967 0.000318049 0.0180326 0.00968433 0.000826462 0.00888964 3.77563e-07 2.40792e-05 0.000288222 0.0393938 0.0348795 0.0108079 0.00509448 0.50709 0.00493508 0.0128768 0.0149649 0.00257991 0.00941177 0.0497307 3.58734e-06 
0.00126008 0.00532684 0.0165758 3.08044e-06 0.00371256 2.60438e-05 0.0293186 0.00187717 2.43491e-05 0.0043605 0.000168347 0.000341593 0.000108638 1.00583e-07 0.00345232 0.00286675 1.01614e-06 0.000613814 0.00273681 7.57902e-05 0.00964702 0.0137425 0.883203 0.00490311 9.87057e-05 0.000110339 0.000788074 0.0131793 0.00147723 7.3226e-11 
0.0046695 0.0121382 0.000606171 0.00225838 0.0295846 0.119991 0.00844063 0.243227 0.00182874 0.00704736 0.014287 4.03072e-05 0.0116054 0.000173631 0.00734582 3.15423e-10 2.22434e-05 0.0202072 0.00884359 0.0113513 0.0279646 0.00353682 0.294563 0.0169274 0.0142613 0.000521871 0.00419454 0.0644673 0.069895 2.28504e-08 
0.000161729 0.0400613 0.00406151 0.00267361 0.0323255 0.0144515 0.0230173 0.0550895 0.0204283 0.0015745 0.00654422 0.00049732 0.00229659 0.000173649 0.00609661 6.51685e-08 1.80897e-05 0.000340964 0.0109249 0.00285642 0.00859856 0.00102861 0.643415 0.0053187 0.00369134 0.000201059 0.0167659 0.0403613 0.0570264 1.24582e-11 
0.00119547 0.112218 2.8249e-05 2.78009e-07 2.15495e-06 0.0304711 0.0767376 0.163505 6.32932e-06 0.0873074 7.7394e-07 5.70085e-09 0.0300129 2.82399e-07 0.0717648 9.9111e-09 8.02594e-05 1.23425e-06 0.000405696 1.63409e-06 3.81088e-06 1.21791e-05 0.217593 0.00717153 4.40969e-07 1.30539e-05 0.0117179 0.189742 7.30752e-06 1.74251e-07 
0.00126008 0.00532684 0.0165758 3.08044e-06 0.00371256 2.60438e-05 0.0293186 0.00187717 2.43491e-05 0.0043605 0.000168347 0.000341593 0.000108638 1.00583e-07 0.00345232 0.00286675 1.01614e-06 0.000613814 0.00273681 7.57902e-05 0.00964702 0.0137425 0.883203 0.00490311 9.87057e-05 0.000110339 0.000788074 0.0131793 0.00147723 7.3226e-11 
0.00840277 0.00652725 0.00759736 9.86951e-05 0.0133348 0.0125805 0.017269 0.00630805 0.0312892 0.00157425 0.143296 0.000132426 0.00612597 0.0105883 0.000679811 0.00179026 2.74007e-05 0.000333556 0.0068273 0.00152124 0.0394861 0.00252508 0.492594 0.0391728 0.0012368 0.0241527 0.0764672 0.0169688 0.0310314 6.04968e-05 
5.57678e-07 0.00048198 0.000357244 0.000397348 0.00928378 0.144937 0.00916705 0.0102454 2.16322e-07 5.05847e-06 0.00157961 5.62373e-06 0.0149024 1.45801e-05 0.0888903 1.90564e-06 2.09352e-05 0.0187829 0.0448938 0.00148353 0.0481162 0.0599548 0.318343 0.016346 0.000366328 0.0189753 0.0222948 0.000494046 0.169658 1.08747e-08 
0.000879191 0.0248067 0.0125484 6.08275e-05 0.000511035 0.0253209 0.25023 0.010652 0.010595 0.0345793 0.0200724 2.6096e-09 0.00753649 2.62848e-09 0.0204435 3.57079e-05 4.12168e-05 0.000130471 0.0121089 0.025102 0.0094274 0.00827596 0.511619 0.00466483 0.000436995 1.32444e-05 0.000168076 0.00696365 0.00277697 3.46418e-09 
0.00134636 0.0849479 0.0129065 0.00340547 0.118801 0.023294 0.00960872 0.10571 0.00130771 3.70047e-10 0.0203458 0.00163594 0.0246174 1.0663e-05 2.45412e-07 1.56924e-07 7.94343e-06 0.00278375 0.000964765 0.00936039 0.0128581 0.0148975 0.509823 0.00248185 0.000609095 0.00110889 0.0103746 0.0157936 0.0109995 7.14374e-10 
8.38367e-12 0.00305808 2.74513e-11 1.25934e-11 4.47876e-07 1.01581e-07 0.0172296 0.00372502 2.33204e-11 3.07337e-11 1.00011e-11 4.46947e-11 1.74076e-11 4.50179e-11 2.38222e-07 7.30487e-07 6.31359e-11 2.9569e-11 0.00724469 8.18328e-11 0.0123817 1.87815e-11 0.955109 9.70195e-12 3.45864e-11 2.39845e-11 4.26766e-08 4.96721e-12 0.00125083 5.93311e-11 
0.00126008 0.00532684 0.0165758 3.08044e-06 0.00371256 2.60438e-05 0.0293186 0.00187717 2.43491e-05 0.0043605 0.000168347 0.000341593 0.000108638 1.00583e-07 0.00345232 0.00286675 1.01614e-06 0.000613814 0.00273681 7.57902e-05 0.00964702 0.0137425 0.883203 0.00490311 9.87057e-05 0.000110339 0.000788074 0.0131793 0.00147723 7.3226e-11 
0.00138476 0.0405161 0.0155427 1.02265e-06 0.017168 0.00591832 0.167074 0.0395994 0.0117825 0.000440336 0.000891318 1.37879e-10 0.000789586 1.26837e-06 0.00210999 5.99444e-05 1.08886e-05 1.04466e-08 0.199644 0.0002507 0.195932 0.000840015 0.222994 0.002609 0.000191531 9.28556e-06 0.00191557 0.00962298 0.0627004 1.83031e-10 
0.00702939 0.00273019 0.00402462 3.22843e-06 0.013097 0.0487437 0.0491959 0.0307676 0.000949962 0.00242987 0.000997157 2.4521e-05 0.00553219 7.41819e-05 0.00728416 0.00298766 0.000223535 0.00109612 0.174989 0.00127336 0.0131358 0.00312452 0.300802 0.00988217 7.74717e-05 0.000660871 0.0233378 0.27428 0.0212398 5.54479e-06 
0.00738907 0.0251763 0.0106259 0.00209961 0.0143547 0.0498143 0.0226772 0.0363034 0.103892 0.0094315 0.052714 0.00151838 0.026558 0.0313887 0.00982946 3.84458e-06 0.00402941 0.00590872 0.0367332 0.00198157 0.0780073 0.0304659 0.196578 0.0549611 0.00364996 0.0130097 0.0622655 0.0327785 0.075825 3.04834e-05 
0.00108645 0.0478003 0.00132101 0.00878186 0.274021 0.00272958 0.0142565 0.0411611 1.30169e-07 1.3556e-10 0.0126072 0.0975081 0.000235358 4.88247e-08 5.44463e-07 9.41607e-08 2.35867e-06 0.0598096 4.82375e-07 6.08787e-07 0.00343575 3.86191e-05 0.417953 0.00399844 4.13253e-05 0.00306689 6.22814e-05 0.0050178 0.00506374 2.61697e-10 
0.00207756 0.0427108 0.0350564 1.12802e-06 0.00762127 0.072351 0.0342392 0.0842482 0.0122605 0.00696901 0.0037267 1.36446e-08 0.00547908 0.000770722 0.0141831 2.37215e-08 0.000114446 0.00047097 0.00729236 1.42237e-06 0.0364908 0.000435314 0.393397 0.0865194 0.00214885 0.0211648 0.117649 0.0110108 0.00160882 1.02468e-06 
1.22138e-05 0.00548455 1.42631e-06 0.00101372 0.0338484 0.018789 0.00669729 0.0295851 0.0102828 0.000142607 0.00503572 0.000165221 0.00120372 0.000644151 0.00165831 6.16354e-10 6.63446e-06 0.00398091 0.00290582 0.00316233 0.0124512 0.0106398 0.594472 0.0269394 0.00205582 0.00684406 0.113667 0.0911978 0.0171128 2.8795e-08 
0.00011521 0.00613381 6.23367e-05 0.399628 0.0382241 0.0064597 0.0348584 0.00424214 0.000455785 0.00040226 0.000808422 0.00032082 0.00122178 5.68593e-09 0.00166653 4.7212e-08 1.26074e-05 0.0227672 1.98888e-12 2.89819e-07 0.00787287 0.000140238 0.457736 0.00706426 0.000851784 0.00219745 0.000795282 0.00122151 0.00474122 4.23086e-07 
8.39278e-05 0.0136507 0.00293553 0.000196952 0.0445373 0.0329944 0.0250983 0.207896 0.00332177 0.00426737 0.0734272 5.27444e-05 0.0279629 0.00156188 0.00507231 9.44165e-07 6.60074e-09 0.00052802 0.015838 0.00185923 0.0154844 0.00523725 0.332648 0.0132118 0.0003156 0.00633745 0.0104081 0.0907545 0.0643175 1.94679e-08 
0.00928405 0.00683837 0.000427803 7.31133e-05 0.0502336 0.0635545 0.0145625 0.0105043 0.00163602 0.000394255 0.00170435 1.01371e-07 0.0782967 0.000195525 0.00871428 1.89457e-06 4.26601e-06 0.000180783 0.0133713 7.96974e-07 0.00656141 0.00101833 0.53461 0.00173755 0.000736498 0.00564813 0.0617667 0.0496867 0.0782556 1.28749e-07 
0.00126008 0.00532684 0.0165758 3.08044e-06 0.00371256 2.60438e-05 0.0293186 0.00187717 2.43491e-05 0.0043605 0.000168347 0.000341593 0.000108638 1.00583e-07 0.00345232 0.00286675 1.01614e-06 0.000613814 0.00273681 7.57902e-05 0.00964702 0.0137425 0.883203 0.00490311 9.87057e-05 0.000110339 0.000788074 0.0131793 0.00147723 7.3226e-11 
5.25268e-06 0.0126097 5.24991e-06 0.012085 5.25182e-06 0.110832 0.0325743 0.101902 0.00945617 5.24944e-06 5.25244e-06 5.24742e-06 0.0252119 5.24737e-06 0.0435876 5.24263e-06 5.24476e-06 0.00053021 5.25215e-06 5.24205e-06 5.25268e-06 5.25117e-06 0.490898 5.25249e-06 0.00997815 5.25045e-06 5.2523e-06 0.092461 0.0577848 5.2453e-06 
0.00126008 0.00532684 0.0165758 3.08044e-06 0.00371256 2.60438e-05 0.0293186 0.00187717 2.43491e-05 0.0043605 0.000168347 0.000341593 0.000108638 1.00583e-07 0.00345232 0.00286675 1.01614e-06 0.000613814 0.00273681 7.57902e-05 0.00964702 0.0137425 0.883203 0.00490311 9.87057e-05 0.000110339 0.000788074 0.0131793 0.00147723 7.3226e-11 
0.00126008 0.00532684 0.0165758 3.08044e-06 0.00371256 2.60438e-05 0.0293186 0.00187717 2.43491e-05 0.0043605 0.000168347 0.000341593 0.000108638 1.00583e-07 0.00345232 0.00286675 1.01614e-06 0.000613814 0.00273681 7.57902e-05 0.00964702 0.0137425 0.883203 0.00490311 9.87057e-05 0.000110339 0.000788074 0.0131793 0.00147723 7.3226e-11 
0.000116167 0.00836509 0.000403172 1.30595e-07 0.00411178 0.0592926 0.0161197 0.000481205 0.00480196 0.000373685 0.00485737 1.9208e-06 0.019603 1.14904e-06 0.00983528 7.61296e-09 0.0190296 0.000594521 0.00150479 2.41613e-05 0.0757599 7.40158e-05 0.571192 0.0155456 2.65792e-05 0.000130092 0.012334 0.023215 0.152205 8.35004e-08 
5.25268e-06 0.0126097 5.24991e-06 0.012085 5.25182e-06 0.110832 0.0325743 0.101902 0.00945617 5.24944e-06 5.25244e-06 5.24742e-06 0.0252119 5.24737e-06 0.0435876 5.24263e-06 5.24476e-06 0.00053021 5.25215e-06 5.24205e-06 5.25268e-06 5.25117e-06 0.490898 5.25249e-06 0.00997815 5.25045e-06 5.2523e-06 0.092461 0.0577848 5.2453e-06 
0.000128645 0.00334512 0.0194607 4.64955e-05 0.0288919 0.0198807 0.0229149 0.0045765 0.00405828 0.00441144 0.00462435 2.6798e-07 0.00468064 0.00404813 0.00734612 2.98359e-08 9.16395e-07 0.0281678 0.0297482 3.14216e-08 0.215179 2.4501e-05 0.356791 0.0012869 0.000124681 0.02881 0.0194689 0.000557232 0.191426 2.27816e-08 
0.00785993 0.0133113 0.0476601 2.74624e-07 3.12029e-07 0.0951449 0.0587194 0.0172633 0.00236092 1.59339e-06 0.00080614 9.74654e-07 3.79607e-07 2.35195e-05 7.86785e-05 4.96747e-06 1.3768e-06 6.4481e-07 0.0146019 0.000133755 0.0282121 4.09568e-07 0.668404 2.1157e-07 1.27368e-06 5.23028e-07 0.00249439 0.0212717 0.0216394 1.29383e-06 
0.00419559 0.00464931 0.00119177 0.000815254 0.00289255 0.0297144 0.00634072 0.00800171 0.0267211 0.000437266 0.163999 1.31237e-05 0.00661851 0.006402 0.000241839 2.53263e-05 7.22128e-05 0.000225037 0.0094216 0.000590591 0.0335831 0.00132056 0.562303 0.0242628 0.000234657 0.00826225 0.050419 0.026538 0.020445 6.30486e-05 
9.66964e-05 0.00638527 0.0186435 3.46746e-07 9.78957e-07 0.166562 0.015447 0.00392332 0.0007389 0.08704 0.042456 4.72236e-07 0.00905111 8.27006e-06 1.08892e-05 4.82247e-05 1.74622e-06 0.000111204 0.0614985 3.88809e-09 3.01713e-06 0.032451 0.300805 0.13312 0.000517404 0.00657885 0.0963293 0.0181708 2.82663e-07 2.81897e-09 
0.00232201 0.0206396 0.0102018 9.13577e-06 0.0255162 0.00822906 0.0787672 0.0526902 0.00480984 0.00709852 0.0128112 0.00010646 0.00713341 0.000397531 0.0238027 4.64727e-09 0.00911217 0.00684984 0.0199146 1.00282e-05 0.0478287 0.00168188 0.387471 0.0824956 0.000939235 0.00165896 0.018621 0.150582 0.0182929 7.22352e-06 
0.00126008 0.00532684 0.0165758 3.08044e-06 0.00371256 2.60438e-05 0.0293186 0.00187717 2.43491e-05 0.0043605 0.000168347 0.000341593 0.000108638 1.00583e-07 0.00345232 0.00286675 1.01614e-06 0.000613814 0.00273681 7.57902e-05 0.00964702 0.0137425 0.883203 0.00490311 9.87057e-05 0.000110339 0.000788074 0.0131793 0.00147723 7.3226e-11 
0.00126008 0.00532684 0.0165758 3.08044e-06 0.00371256 2.60438e-05 0.0293186 0.00187717 2.43491e-05 0.0043605 0.000168347 0.000341593 0.000108638 1.00583e-07 0.00345232 0.00286675 1.01614e-06 0.000613814 0.00273681 7.57902e-05 0.00964702 0.0137425 0.883203 0.00490311 9.87057e-05 0.000110339 0.000788074 0.0131793 0.00147723 7.3226e-11 
0.00780276 0.00864098 0.00102617 0.0458377 0.0014422 0.11775 0.0296824 0.00825192 0.000230056 0.000491216 0.00687687 2.53844e-07 0.0287136 0.000145133 0.0104442 0.0518712 0.0014151 5.46138e-05 0.0281228 0.00092289 0.00762537 0.00172253 0.533548 0.0129518 0.0190812 0.00184683 0.000237977 0.0510986 0.0221653 7.44485e-07 
1.05305e-05 0.00328839 1.7673e-08 0.00122544 0.000838455 0.0153345 0.00673709 0.028112 7.84841e-05 0.000229087 0.00115003 2.06482e-05 0.00134534 5.57666e-05 0.00266476 9.40617e-11 2.84811e-06 0.00439563 1.93129e-05 0.000682492 0.00278451 0.0130595 0.876436 0.000934695 0.0015957 0.00127069 0.00301501 0.0263181 0.00839494 7.1822e-11 
0.0173325 0.144815 0.000274164 1.45691e-06 0.000646879 0.00974288 0.0813324 0.035908 0.0058751 0.0220152 0.0302176 0.000279318 0.00217991 0.0159318 0.00376113 2.64283e-08 0.0235999 2.35501e-07 0.101066 3.03894e-06 0.0073457 5.01683e-05 0.331749 0.0127901 0.00128399 0.00226675 0.121167 0.00872089 0.0196394 5.10014e-06 
0.00348554 0.0151567 0.0102776 8.14306e-05 0.0259468 0.0184684 0.0258944 0.0230081 0.00719856 0.00710541 0.125947 3.0747e-05 0.00304365 0.00251947 0.000937766 9.88022e-06 7.49679e-05 0.000204541 0.00271993 1.48459e-05 0.00395586 0.000187917 0.620658 0.0123447 5.61768e-06 0.00539564 0.0217426 0.0311235 0.0324499 9.63113e-06 
0.00568065 0.00141317 0.0105389 0.0133417 0.145202 0.0884923 0.0339507 0.0103042 0.070536 0.00165718 0.120385 0.00100062 0.000169297 0.00195218 0.000570766 1.01467e-07 0.000382424 0.00874487 0.00515068 3.54428e-05 0.136912 1.83856e-05 0.241828 0.0141085 0.00011952 0.0545782 0.001876 0.0190234 0.0120286 1.51413e-09 
0.00181463 0.00461497 0.000834391 0.000709474 0.0504989 0.129588 0.0792349 0.0864477 0.0197372 0.0240472 0.017583 0.000294313 0.1308 0.00300316 0.00740832 4.9559e-08 0.0174049 0.00782211 0.00302624 0.0118963 0.011913 0.0632852 0.162233 0.00469408 5.9382e-06 0.0669177 0.0542651 0.0209042 0.0189967 1.90161e-05 
1.5906e-05 0.00808693 2.05714e-05 0.00746535 0.166727 0.0655503 0.00902611 0.0251431 0.0152543 0.000858783 0.00857562 0.000689365 0.00202856 0.00105831 0.00142544 1.97526e-07 0.000118368 0.00297175 0.00272356 1.21176e-06 0.148702 0.000484794 0.302425 0.0239383 0.00143554 0.0416102 0.0110386 0.0616367 0.0909867 5.86252e-09 
0.00735414 0.00493227 0.000245319 1.8099e-05 0.00360098 0.0577174 0.00637267 0.0137474 0.0480437 0.00993391 0.0996628 2.11059e-06 0.00476885 0.0187152 3.20006e-05 8.23658e-07 1.25715e-05 6.83941e-05 0.0702797 0.000108612 0.0172782 0.00524276 0.481072 0.00890253 4.6243e-05 0.000674918 0.123582 0.00603763 0.0115393 7.08803e-06 
0.00771951 0.0106129 0.00283883 2.6008e-05 0.0457972 0.0294834 0.00878755 0.00770505 0.00718514 0.000145307 0.00511474 1.94923e-07 0.00311695 0.00509366 0.00264768 8.8847e-06 0.000124618 0.00133416 0.0342935 0.000480329 0.00892168 0.00715352 0.630372 0.0194723 2.22726e-05 0.00546262 0.141395 0.0115633 0.00312112 1.38238e-06 
0.00011521 0.00613381 6.23367e-05 0.399628 0.0382241 0.0064597 0.0348584 0.00424214 0.000455785 0.00040226 0.000808422 0.00032082 0.00122178 5.68593e-09 0.00166653 4.7212e-08 1.26074e-05 0.0227672 1.98888e-12 2.89819e-07 0.00787287 0.000140238 0.457736 0.00706426 0.000851784 0.00219745 0.000795282 0.00122151 0.00474122 4.23086e-07 
0.00388262 0.00630895 0.000420061 0.0275311 0.00983478 0.0876183 0.0187845 0.0132436 0.00739804 0.000427414 0.0220954 4.55515e-07 0.0238598 0.00015221 0.0166539 0.0259702 0.000115995 0.000219518 0.0447176 0.0026737 0.0341999 0.00104133 0.332795 0.182512 0.00940057 0.00762998 0.0026087 0.0856733 0.032206 2.41876e-05 
0.00268164 0.0427925 0.0267543 2.07083e-10 8.30345e-06 0.0123649 0.254882 0.227526 2.55912e-06 0.00752937 0.0136543 2.58765e-06 1.09745e-05 4.26553e-07 0.00590544 1.27773e-09 0.000150934 4.86225e-10 0.00616785 1.34564e-09 0.0104609 0.00412113 0.313592 0.0706391 0.000667644 6.92324e-07 1.49837e-05 4.07114e-05 2.87661e-05 9.75624e-10 
6.91815e-05 0.0184346 0.0011477 1.08033e-11 0.00259368 0.00557835 0.123751 0.009802 0.0246808 0.0165174 0.00219063 0.000640025 0.000170061 2.14526e-05 0.00327112 6.66577e-11 8.12193e-05 6.83298e-06 0.0223583 3.66728e-06 0.0368049 3.93731e-05 0.710902 0.000449711 1.10229e-05 2.98719e-05 0.00056076 0.0107268 0.00915711 5.08973e-11 
6.80532e-05 0.00375172 0.000423323 5.03889e-06 0.00757371 0.0980566 0.0209831 0.0146962 0.00375561 0.00141658 0.0326383 0.000304868 0.0204538 0.00312937 0.00564983 0.00289456 0.000510965 5.19633e-05 0.00578151 8.97479e-05 0.0207879 0.00230522 0.560198 0.0100231 0.00046073 0.000321273 0.117091 0.0425226 0.0240553 7.85801e-07 
0.00011521 0.00613381 6.23367e-05 0.399628 0.0382241 0.0064597 0.0348584 0.00424214 0.000455785 0.00040226 0.000808422 0.00032082 0.00122178 5.68593e-09 0.00166653 4.7212e-08 1.26074e-05 0.0227672 1.98888e-12 2.89819e-07 0.00787287 0.000140238 0.457736 0.00706426 0.000851784 0.00219745 0.000795282 0.00122151 0.00474122 4.23086e-07 
3.42428e-05 0.000134953 1.20392e-06 2.1782e-07 0.00918802 0.0197012 1.9324e-07 6.70182e-05 3.2068e-06 1.26298e-06 2.13743e-06 5.491e-09 0.000242821 5.53072e-09 1.08377e-07 9.54626e-09 1.24016e-07 1.65071e-06 1.47665e-09 3.99833e-06 0.00310988 7.49372e-05 0.96055 0.00443952 5.93364e-07 9.02985e-05 0.00235013 9.70948e-07 9.79238e-07 7.09718e-08 
