0.0142011 0.00547631 0.0024493 0.000279854 0.00901892 0.00283455 0.0270259 0.117922 0.00267108 0.00336968 0.0706206 2.39044e-05 0.00708396 0.0161668 0.0149269 4.74271e-06 0.00031622 0.0026631 0.036745 0.000158275 0.00810516 0.106515 0.000415946 0.432848 4.56879e-06 0.000514112 0.00834435 0.076125 0.0137058 0.0194639 
0.00593785 0.00266915 0.000628186 1.11804e-05 0.00913054 0.00127043 0.00708504 0.0248488 0.241865 0.00137074 0.0306187 2.87545e-05 0.00431805 0.000767075 0.000173671 9.0598e-12 8.28845e-06 0.000692811 0.00797642 8.58172e-09 0.00105977 0.00790468 0.000292263 0.351796 0.000102118 0.000462586 0.00258014 0.295236 0.00113937 2.61409e-05 
0.00550532 0.012696 0.0310296 4.04955e-06 0.0325789 0.0324414 0.0547797 0.0497815 0.0250685 0.0453609 0.0110758 0.000154433 0.0139042 0.00234991 0.0249268 5.75636e-11 1.59969e-06 0.00980699 0.0361373 0.00170162 0.0121286 0.178032 0.00278047 0.260453 0.0340515 0.00421857 0.0142081 0.0910289 0.0137614 3.32513e-05 
0.000140314 2.55209e-05 0.000584323 2.84261e-05 0.00143231 0.000763729 0.000214172 0.0140088 0.000515529 0.000182613 4.32059e-06 1.04017e-05 0.0487576 2.0248e-05 0.000275947 0.000115635 9.27432e-05 0.000106464 0.000202353 7.56223e-05 0.267336 0.306588 0.000161322 0.331876 3.26081e-05 0.000176674 0.00214977 0.00781722 0.0162849 1.91248e-05 
0.00345558 0.0112873 0.00221415 0.000189901 0.049082 0.0214915 0.0212276 0.0604621 0.0233501 0.0103297 0.0434777 0.0012209 0.0207288 0.00103996 0.010861 0.000356021 0.000588119 0.00224817 0.0382814 0.00200511 0.0532394 0.0754008 0.00113882 0.410245 0.00234818 0.00600267 0.00855178 0.0981047 0.0210563 1.55483e-05 
0.00115575 0.0318191 0.000480924 0.0269792 0.00525451 0.105448 0.0459489 0.0876868 0.00865084 0.0061654 0.14989 4.21226e-05 0.0395703 0.00245143 0.0152908 9.5453e-10 0.00220258 0.00495902 0.0328957 0.00176059 0.0257508 1.9199e-05 0.00234343 0.218936 0.000943301 0.00175707 0.0417292 0.0543242 0.0855442 3.35563e-07 
0.00968844 0.0122695 0.0283953 7.53201e-05 0.0809478 0.0679161 0.0134419 0.0640116 0.0177731 0.00109399 0.0234424 0.000428513 0.00739415 0.00466356 0.000867626 1.9762e-09 0.000301649 0.00687455 0.0655533 0.00157636 0.0867171 0.00618607 0.00933776 0.284489 0.00377298 0.0185551 0.0882436 0.0606699 0.0352922 2.08073e-05 
0.0033957 0.00812844 0.010792 0.00954119 0.0214392 0.0177874 0.0122337 0.130685 0.0117885 0.00110832 0.0699248 5.31785e-05 0.0050529 0.000475901 0.00384153 0.000238177 0.000198063 0.00491538 0.00530034 0.000149261 0.151948 0.0770399 0.00366775 0.262539 0.00120963 0.0120946 0.0181496 0.135309 0.0203001 0.000693144 
0.0116834 0.0199711 0.00300059 0.000680139 0.0449322 0.0410287 0.0295696 0.0508323 0.0339111 0.00626652 0.0188046 0.000381073 0.0189088 0.00114766 0.00753398 7.47294e-07 0.00414856 0.00178875 0.0452536 0.00255125 0.107497 0.0032234 0.0219326 0.18837 0.000259419 0.0146333 0.0425309 0.175882 0.103267 9.73195e-06 
0.00015797 0.00156517 0.000187241 0.000236846 0.00193353 0.00996348 0.00619882 0.0468853 0.0147237 2.17669e-05 0.00138316 0.00179905 0.000109531 1.12695e-05 0.00140536 8.69256e-05 1.77239e-05 0.0048072 0.00178078 0.000112089 1.12253e-05 0.351018 0.00152794 0.35514 3.52616e-06 0.000100111 0.000516245 0.0030145 0.000365725 0.194916 
4.59235e-05 0.00663342 0.000641495 0.00328253 0.00556353 0.0133607 0.0126715 0.0557942 0.0216968 0.00111076 0.0195264 0.00120233 0.00118412 0.0014829 0.0429195 0.0600469 7.98498e-05 0.00271513 0.00719489 0.00030578 0.000162954 0.19856 0.00398994 0.320188 0.000453813 6.3236e-06 0.00149989 0.0155519 0.00102606 0.201103 
0.0016634 0.00232075 3.51184e-05 1.41526e-05 0.0207621 0.0248342 0.00326377 0.00940626 0.103514 8.10201e-05 0.0307259 1.5821e-08 0.000766955 0.00209168 0.00129818 2.55894e-09 1.34299e-06 0.000129207 0.00510951 2.67611e-05 0.000319762 0.0273494 0.000144257 0.730476 0.000280494 8.34308e-05 0.000629563 0.0333051 0.000906074 0.000461609 
7.74136e-08 7.44497e-08 6.15923e-08 0.000727939 5.50815e-07 0.000602341 2.73815e-08 0.123198 1.26696e-06 0.000149077 0.0121675 3.53126e-07 3.33359e-07 9.07604e-08 0.00082515 2.52631e-11 5.74962e-08 0.0161599 6.87815e-08 2.9293e-08 4.5899e-06 0.0636194 8.33969e-12 0.627805 0.0637166 0.00230783 0.00381117 0.0770002 0.00790227 1.23475e-07 
1.83145e-06 8.83502e-06 2.97651e-05 1.32417e-05 0.000364763 0.00511952 1.74652e-05 0.00115302 6.18617e-05 1.50553e-07 0.00646037 3.04253e-05 0.000868052 2.20527e-07 6.52416e-05 4.02169e-06 3.09281e-07 1.24304e-06 0.000549268 5.63356e-05 0.000251843 0.0163869 0.00126676 0.956509 4.38434e-06 0.000940387 8.72957e-05 0.00622632 0.0035098 1.15278e-05 
0.000144981 1.06434e-05 9.64169e-06 2.2289e-06 0.000980857 2.93844e-05 9.88451e-06 1.39632e-05 7.09818e-05 1.92529e-06 2.47506e-05 1.21681e-09 4.7392e-10 5.39391e-06 6.59933e-06 2.11545e-09 1.71887e-09 1.82746e-05 7.62769e-05 1.78454e-06 2.27288e-10 0.111229 6.91428e-06 0.780755 9.41611e-10 2.17446e-05 0.106306 0.000245865 2.68131e-05 1.13231e-06 
0.0198572 0.0128382 0.00257853 0.0783269 0.0361254 0.126826 0.0387849 0.00395153 0.00417945 0.0131048 0.0355166 0.000492565 0.0161944 0.000276314 0.00144319 0.000104485 0.00223838 0.144699 0.0170233 4.37696e-05 0.00728441 0.00598325 0.00704674 0.204964 0.00737762 0.0588262 0.0459945 0.072458 0.0354575 2.22545e-06 
7.36773e-05 0.00023131 0.000293813 5.82638e-07 0.0182146 0.00249284 0.000262478 0.00239843 0.0304251 0.000145967 0.00214786 1.30176e-08 4.23215e-05 0.000147569 2.18447e-05 8.99001e-07 2.68983e-06 0.000861287 0.00438913 1.52412e-06 0.35022 1.5078e-07 2.63484e-05 0.492891 0.00131149 0.00359389 0.0831101 0.00620161 0.000490576 5.91563e-07 
0.000558133 0.00755149 0.00373656 0.000275509 0.0553221 0.0397448 0.015174 0.00601564 0.0152403 0.000144731 0.0482624 1.39344e-06 0.00783876 0.000281996 0.00220894 0.000215423 1.27733e-05 0.000597971 0.0145828 7.5303e-05 0.092865 0.000268167 0.00266126 0.362507 0.000259152 0.0370767 0.148565 0.0879823 0.0499699 4.66851e-06 
5.47588e-09 1.26574e-07 1.28331e-07 0.000118129 0.00597581 5.97862e-08 0.000313711 0.0549593 0.000330107 0.0178882 0.00471592 4.82084e-07 0.00150074 0.000591466 0.00122471 4.21845e-08 7.03884e-05 0.000695573 3.07713e-07 0.000371896 0.0106858 0.313179 5.58122e-07 0.57244 0.00213755 9.04951e-11 9.41352e-07 0.0067452 0.00560999 0.000443957 
0.000615565 0.00361736 5.33828e-05 8.95182e-06 0.0189941 0.058235 0.0078215 0.23621 0.0273914 0.0149906 0.00680709 0.000450539 0.00719891 1.4574e-05 0.000880617 2.18542e-07 6.16039e-06 0.000456123 0.000596233 0.0193593 0.0804086 0.0424462 0.0191262 0.390621 6.18051e-05 0.000108677 0.0323719 0.0104154 0.02073 2.30268e-06 
0.00029596 0.0350222 0.000801696 0.16465 0.000135803 0.00529354 0.15922 0.0246944 8.49592e-12 0.00461036 0.128358 3.22761e-08 0.0162099 0.000319089 0.0354766 4.56786e-08 0.00334137 6.46311e-09 0.00397272 4.17188e-05 0.00746033 1.85221e-08 0.0033874 0.187926 0.00527681 5.57869e-05 0.0175595 0.176006 0.0196289 0.00025535 
0.00311293 0.00164361 0.00293802 0.00335106 0.00234673 0.0628728 0.0354585 0.0231507 4.87566e-07 0.00897371 0.0368346 5.487e-05 0.020149 0.000117179 0.00378375 3.15006e-05 0.000662797 0.00103552 0.00218885 0.000179171 0.060771 0.00247232 0.00312224 0.528149 0.000328896 0.000476308 0.0941774 0.0842261 0.0173894 1.10094e-06 
0.000247454 0.00331271 0.000171177 0.000165271 0.000579755 0.0603753 0.0411734 0.00804514 0.0718778 0.00221521 0.0772874 1.15247e-06 0.0511698 2.15191e-07 0.0261981 6.50619e-07 0.0125552 0.000129401 0.00577402 0.150289 0.0479176 0.0868639 0.0932113 0.234554 0.0011796 1.95706e-09 0.00113955 0.0196456 0.00383246 8.77913e-05 
0.00504211 0.00975197 0.0129725 0.000147697 0.0144691 0.0155868 0.0468888 0.106971 0.00363908 0.0113526 0.000503205 0.00657981 9.39118e-05 4.66426e-06 0.00978998 2.98658e-08 3.12459e-06 0.000532562 0.0176415 8.10429e-08 0.0632478 0.000574995 0.00105752 0.568216 1.95258e-05 0.00871897 0.00331031 0.0517555 0.0410927 3.64531e-05 
0.00123492 0.00185511 0.000380091 0.000149326 0.0545287 0.0167563 0.0934476 0.0222341 0.147476 6.48402e-05 0.0316774 1.42418e-08 0.0588886 0.0130614 0.00344815 0.0294411 1.02832e-05 0.00167157 0.078059 0.000783184 0.0185294 0.0005899 0.0109397 0.267901 0.000501213 0.00293889 0.0831563 0.0463609 0.0138829 3.18394e-05 
4.23021e-05 4.82755e-05 3.3364e-05 0.00019293 0.281857 0.00265353 0.000855432 0.00774574 0.00537402 3.3836e-09 0.0255162 6.77464e-08 0.000161024 6.97526e-09 1.7832e-05 3.10619e-12 3.10455e-08 0.00109199 0.0195765 9.94844e-09 0.0278892 0.00201715 4.87818e-05 0.589731 4.36946e-05 0.000619342 0.00301583 0.0274762 0.00373813 0.000253604 
0.0310064 0.0272249 0.00395714 4.59238e-05 0.0130361 0.010792 0.0250735 0.0141908 0.0926656 0.000500586 0.0256256 1.21989e-05 0.00206894 0.00019169 0.000402437 1.69852e-08 0.00048408 0.000215335 0.0768045 0.000983607 0.105006 0.00432664 0.0232424 0.294735 2.00018e-05 0.00480727 0.152387 0.0737073 0.0164767 9.94511e-06 
0.00146758 0.110895 0.00542168 6.57259e-05 0.0342414 0.00607121 0.0763931 0.119037 0.00557455 0.0016821 0.00254236 0.00466659 0.00315727 0.000329586 0.0337141 3.07778e-06 0.000275656 0.000324066 0.0023366 0.000463916 0.0718315 0.00921481 0.0147817 0.247303 0.000493518 0.000628562 0.0432485 0.158884 0.0449295 2.31022e-05 
0.000106411 0.00539295 0.000329167 5.32492e-05 0.00752275 0.000256865 0.00116031 0.0262778 0.000134325 0.00134292 0.00599522 2.80402e-06 0.0021594 0.000213997 0.000353691 4.63191e-08 5.36007e-08 0.0002418 0.0391925 0.000127834 0.00682401 0.033851 0.00186982 0.442267 2.33213e-08 0.00222121 0.00150568 0.392678 0.0279186 8.35234e-07 
6.49449e-05 0.000749553 0.194016 0.00225747 0.226973 0.0223005 0.00972285 0.0968862 0.00108712 6.79687e-05 0.0120744 0.000483265 0.00190273 9.351e-07 0.000346317 2.16598e-07 9.43621e-07 0.000414981 0.00158618 3.3312e-05 0.0856473 2.07701e-05 0.00619506 0.267843 2.98533e-05 0.0136944 0.0245612 0.0176053 0.00707909 0.00635569 
0.1024 0.0234758 0.000893043 0.000105163 0.0165225 0.00393488 0.017314 0.10618 0.000767706 0.00724218 0.0253598 0.00010992 0.0064527 3.12641e-05 0.000932547 0.0220723 0.000206112 0.000483925 0.00105386 0.0356287 0.0129914 0.0948053 0.000233665 0.356101 0.000679919 0.00300621 0.00662151 0.0300909 0.124241 6.27776e-05 
0.0505363 0.0355555 0.00349407 0.00432666 0.0472776 0.0701427 0.0902881 0.02781 0.0567372 0.00783289 0.0448347 1.26896e-08 0.0209581 0.00102822 0.0109295 1.14936e-07 0.00252996 0.00412776 0.0323942 0.0014423 0.0217555 0.00510264 0.00473398 0.208862 0.00861673 0.0181614 0.0444434 0.151286 0.0247884 4.83392e-06 
0.0339473 1.17195e-05 6.72311e-06 8.4611e-05 0.164332 0.0198465 0.0037643 7.82287e-06 1.9386e-05 4.57622e-06 0.0830796 8.23633e-11 5.16792e-06 1.51567e-05 3.56945e-06 6.87461e-07 1.71041e-06 2.6646e-06 2.01559e-05 1.50801e-10 2.5017e-05 3.46106e-11 1.24323e-06 0.535551 0.00135168 0.157827 7.87309e-05 8.21078e-06 2.43789e-06 7.54524e-07 
0.000378685 0.00888348 0.000770457 0.00260281 0.0388657 0.0278337 0.00939179 0.0597494 0.00841774 0.00191525 0.107179 7.81504e-05 0.00164454 0.000709267 0.000111618 8.91841e-09 0.00325921 0.00152117 0.0311575 5.74309e-06 0.00582154 0.000157433 0.000397067 0.576418 0.0119979 0.0237617 0.0158245 0.0518397 0.00930162 5.16879e-06 
0.00481796 0.000458805 0.000213515 6.84529e-05 0.0366587 0.00215697 0.000887669 0.00719531 0.049522 1.63444e-05 0.00505984 2.56262e-06 0.000491372 0.000289433 0.000421395 7.46842e-10 4.09547e-06 0.000309685 0.0064506 0.000145438 0.117361 0.000166467 0.000336547 0.52979 5.13513e-05 0.00303545 0.191021 0.0274788 0.0155873 2.71517e-06 
2.53909e-05 2.9072e-06 0.000247373 0.000671484 0.000464333 0.0343267 0.00585058 0.0393409 0.0334684 1.80279e-07 0.000990312 6.56888e-05 0.00107177 1.32217e-07 2.0454e-05 1.00552e-05 2.9267e-07 0.000443989 0.00184923 7.25479e-07 0.0415707 0.0364887 0.00116526 0.704527 0.00151591 5.26202e-05 0.056776 0.0271442 0.00440318 0.00750602 
0.00239759 0.0127668 0.00220559 0.0110347 0.0202315 0.03058 0.015262 0.0659368 0.0106192 0.000344554 0.0232377 3.87483e-07 0.00585028 0.0245327 0.0204379 8.56771e-10 0.0033211 0.00214975 0.0126785 0.01884 0.0713454 0.0839792 0.00252876 0.310156 0.000931747 0.0332645 0.144608 0.0341247 0.0366347 5.03926e-07 
0.00176 0.00735678 0.0226614 0.000160574 0.068359 0.00834484 0.0427104 0.0479004 0.015499 0.00513156 0.00264483 0.00805058 0.00239731 5.37226e-05 0.00219545 3.24986e-09 0.000310275 0.00764339 0.0210735 2.8073e-05 0.18832 0.00656327 0.00814791 0.332671 0.000248234 0.0242454 0.0604568 0.0754417 0.0395941 3.0266e-05 
2.03453e-05 2.94781e-05 0.000234116 7.89257e-07 0.00110242 0.000894609 0.00158473 0.368357 0.000570949 1.3921e-05 0.00105616 0.000381247 2.92712e-05 9.58374e-07 0.0226228 6.46673e-08 1.13762e-07 0.00037802 0.00703149 6.81043e-08 0.0104909 0.0165966 2.5859e-07 0.496375 0.000622748 0.00012279 0.00235484 0.0407374 0.028346 4.44019e-05 
0.00461219 0.00354629 0.00765762 5.46676e-07 0.0192479 0.0998304 0.00432689 0.0156562 0.17315 0.000218578 0.00960483 1.41934e-06 0.000381304 0.000229862 1.49442e-05 1.25533e-05 5.57792e-05 0.00592643 0.00391155 3.40141e-07 0.0820083 0.00248182 0.0700839 0.342739 0.000267409 0.00433665 0.102953 0.0097569 0.0369878 2.09156e-07 
0.00711761 0.0237059 0.00780922 0.007622 0.115175 0.0355009 0.0279932 0.033463 0.0123508 0.00353068 0.0296892 0.00540545 0.008455 0.00331077 0.00169434 4.6218e-06 0.00486796 0.005567 0.0471018 0.00027413 0.11595 0.00863353 0.00764416 0.137406 0.000688287 0.0761942 0.0777373 0.106572 0.0828767 0.00565878 
0.00228501 0.0066196 0.000596418 9.91271e-05 0.252634 0.0180325 0.015669 0.0157348 0.0332055 0.00516863 0.0136063 0.000134884 0.0241527 0.00234874 0.00446501 1.03529e-08 0.000108439 0.000419855 0.0852615 0.00300306 0.058786 0.0103779 0.0131013 0.275274 0.00022621 0.00368106 0.0462121 0.0905113 0.0182848 3.55158e-07 
0.00305193 0.00150292 1.4933e-05 0.000202435 0.0333094 0.00498647 0.00497278 0.0112643 0.0059909 0.00181717 0.00462875 2.0141e-06 0.00478333 0.000206538 0.000282739 1.67167e-06 4.80283e-05 0.000266572 0.262098 0.000318253 0.00284426 0.00574355 4.33716e-05 0.621099 1.23086e-05 0.00144572 0.00466787 0.0215183 0.00286611 1.03084e-05 
0.00150543 0.00521343 0.000906578 0.000151709 0.11712 0.00368448 0.0364909 0.014137 0.00532062 0.0004241 0.00273468 5.72116e-05 0.00185335 0.00022687 0.00668716 1.31573e-05 5.6712e-06 0.0010048 0.00563606 0.134315 0.0873478 0.0376665 0.000795906 0.251547 9.54285e-05 0.229666 0.0259009 0.0235998 0.00587289 1.93756e-05 
3.5881e-05 0.000535215 7.65752e-05 7.34239e-05 0.00923941 0.0828531 0.00333396 0.157335 0.00130064 0.0424569 0.0145798 2.56164e-07 0.0819177 0.000171699 0.011817 1.05445e-10 3.73408e-07 0.00364586 0.000651266 1.79256e-07 0.019769 0.0501582 0.000116945 0.231167 0.000140133 0.000425537 0.0171341 0.158676 0.112366 2.22392e-05 
0.00148868 0.00778047 0.000392252 6.47941e-05 0.0198295 0.00862748 0.0418501 0.0155684 0.0118944 0.00378035 0.0394028 0.000654103 0.000929365 0.000498535 0.00348885 4.30377e-07 2.07167e-08 0.000142679 0.0356759 2.3961e-05 0.0401929 0.0136665 0.0104545 0.489357 2.09863e-08 0.00260141 0.0199559 0.178671 0.0529077 0.000100131 
1.38645e-05 0.0379465 0.000193794 3.73607e-05 0.0290667 0.00673713 3.78786e-08 0.0387731 0.0816808 5.67461e-06 0.160177 3.94451e-11 0.010345 0.00415506 0.00474746 6.85764e-11 2.50229e-06 4.75641e-05 0.00382519 7.37231e-08 0.0147004 0.000345324 0.00833905 0.437928 3.60101e-08 2.59097e-05 0.107 0.0316696 0.0222142 2.29358e-05 
0.00343348 0.00872875 0.00106908 0.000265035 0.00943384 0.00131134 0.021739 0.107681 9.30281e-05 0.0122277 0.0136035 0.000664858 0.000174922 0.000160591 0.00291293 9.50521e-11 1.05473e-07 0.000517666 0.012611 0.00196647 0.0485347 0.23792 9.8139e-06 0.350603 8.12524e-08 0.000172603 0.000686624 0.139209 0.0242692 8.96169e-07 
0.000299238 0.0102818 7.09071e-05 0.000180213 0.00548416 0.038001 0.0161544 0.140264 0.0795969 0.000635481 0.0500008 9.15204e-05 0.00487402 0.00632142 0.00374561 1.13915e-10 0.000140522 0.00162017 0.00470675 3.09996e-05 0.0311075 0.026178 0.00453772 0.403614 3.16996e-05 0.00686842 0.00957466 0.129543 0.0253847 0.000659839 
0.00133754 0.00258244 0.00364448 1.5092e-05 0.0127108 0.0327593 0.011513 0.0187483 0.00609518 0.000371962 0.0635657 3.22629e-06 0.00134417 2.36768e-05 0.00139696 4.65172e-07 4.70497e-05 0.000302671 0.02245 3.03284e-07 0.0481613 0.00565233 0.00473229 0.534646 1.8336e-06 0.000780443 0.0185549 0.187599 0.0208114 0.000148934 
0.0124221 0.00591703 0.00236753 0.00416404 0.129516 0.0194437 0.020324 0.0313562 0.0122992 0.00140954 0.00582611 0.000626053 0.00371468 0.00135605 0.00833408 2.58572e-05 0.00420063 0.00191181 0.00714232 0.000286364 0.104527 0.00746354 0.00529037 0.474138 0.000406616 0.00843146 0.0176568 0.0455281 0.0638886 2.66556e-05 
7.04717e-05 0.000522776 0.000444416 0.000369644 0.00120332 4.16711e-05 0.0210006 0.0179419 0.000666633 0.000108221 0.00923296 0.000188578 4.49819e-05 8.95808e-06 0.000440632 1.76157e-05 2.19454e-09 0.00367331 0.0831621 3.73746e-06 0.0159461 0.121643 4.29019e-07 0.7105 0.000373129 0.00163947 0.00270627 0.0016373 0.00616876 0.000243494 
0.00691514 0.00566181 0.000670102 5.17145e-05 0.00131574 0.116475 0.0443993 0.132439 0.000406277 0.0263471 0.0402427 0.0006851 0.0135991 0.00166986 0.00195795 1.60132e-11 7.64574e-06 0.0213536 0.0359565 0.00114368 0.126494 0.0416374 0.000355069 0.204674 0.000129928 0.00726278 0.0134505 0.146785 0.00791325 1.67852e-06 
0.000432885 0.000426991 7.67465e-05 1.08448e-05 0.0809613 0.00443854 0.0004545 0.00547257 0.0566307 1.08316e-05 0.00451134 9.93467e-10 0.000393809 0.000553765 0.000104804 1.66329e-09 6.14575e-06 0.00209003 0.00719342 0.000218181 0.172205 0.000101618 0.000226666 0.481828 0.000152965 0.00675454 0.151019 0.0205427 0.00318043 1.02682e-06 
0.0104439 0.00191757 0.0285339 3.56404e-05 0.0343456 0.0155742 0.00923767 0.0620875 0.0310649 0.000919365 0.0219954 3.18041e-06 0.00342721 0.000850537 0.000923269 6.70668e-08 0.000987977 0.00188609 0.0330837 0.000601001 0.125543 0.00130619 0.0035986 0.391693 0.000548931 0.0147337 0.0584694 0.119068 0.0271113 9.10945e-06 
0.00191893 0.000199542 7.674e-06 2.6495e-06 0.00063478 0.00226426 0.0253445 0.0292304 0.0453138 3.18875e-06 0.000831181 5.88069e-06 0.000278232 2.37797e-05 1.22428e-05 4.63719e-08 0.000296893 1.78999e-05 9.78505e-07 0.000319425 0.00709599 0.295623 3.7514e-05 0.534819 0.0184425 0.000252403 0.00794405 0.000815856 0.0282628 1.27218e-06 
0.0145497 0.0777943 0.0202296 0.000402997 0.00266011 0.0435702 0.131037 0.0205896 0.0304373 0.0352972 0.00357719 0.00742458 0.00118738 8.78127e-08 0.000528093 0.000758782 7.34817e-05 0.0153718 0.00166961 1.31597e-05 0.00268903 0.00707531 0.000879858 0.252859 0.0724469 0.00383368 0.00439864 0.00470756 0.000174679 0.243763 
0.000701409 0.000761682 0.00109746 0.000109987 0.0621606 0.0863126 0.0150466 0.0695624 0.0490371 0.000794077 0.0124655 9.38571e-07 0.00626105 0.000149886 0.00118176 0.002601 0.00070432 0.00145217 0.00407647 4.25952e-05 0.0571358 0.0033082 0.00826671 0.450276 0.000291698 0.00132273 0.0345364 0.0757456 0.0327813 0.0218157 
0.000102728 0.00120843 0.00151229 9.79213e-05 0.0214733 0.00243741 0.0224816 0.030384 0.0727711 0.000369174 0.0686979 3.34333e-11 0.0109578 4.80696e-05 0.00759202 5.81248e-11 9.88196e-06 0.00361799 0.0845303 0.015667 2.91903e-07 0.0416006 0.00101794 0.490831 0.000386273 0.000272272 0.0175978 0.101538 0.00279661 9.4844e-08 
0.0298288 0.00739772 0.000591107 0.00336738 0.154201 0.0450731 0.0183463 0.0458923 0.00500354 0.00365382 0.0626133 0.000746944 0.00602416 0.00195339 0.00281831 3.72387e-11 0.00182592 0.00499769 0.0680653 0.000403604 0.00372288 0.0449245 0.00756695 0.34415 0.000719241 0.0164631 0.00741495 0.0940169 0.0182048 1.26523e-05 
0.0103602 0.00020253 0.000784343 1.81825e-07 0.0152487 0.00046181 0.149328 0.00636166 2.7731e-06 0.00669954 0.00130943 1.90743e-07 0.000845202 6.30796e-05 0.00413268 3.08262e-10 2.47226e-08 6.97562e-05 0.0775973 3.24646e-10 0.00697412 4.25431e-07 4.8316e-06 0.527125 2.79003e-05 0.000720637 0.0103103 0.177946 0.00342365 5.28008e-08 
0.00111726 0.00509746 0.000313914 0.0360234 0.00969839 0.0210484 0.0125482 0.00385626 0.0143865 0.000225675 0.124386 2.00881e-06 0.00124435 0.000543525 0.00279825 9.91088e-07 0.0084256 0.00531938 0.0062168 4.83184e-05 0.0558031 0.000244946 0.000443911 0.338912 0.274221 0.0192987 0.0404559 0.0170394 0.000272644 8.01368e-06 
0.00269844 0.00293645 0.000988865 0.015598 0.101955 0.0473254 0.00974607 0.0030048 0.00734257 0.00113554 0.040389 1.14528e-05 0.0169175 0.00206323 0.00108602 1.11047e-11 2.90772e-05 0.0104608 0.0370988 6.02044e-06 0.0402469 0.000717174 0.000569263 0.272287 0.0229626 0.0265619 0.23801 0.0580955 0.0397568 2.62577e-09 
0.0015074 6.71747e-06 0.000247471 8.51986e-08 0.0560516 0.00225669 0.000473047 0.0272203 1.98707e-05 0.00669515 0.00132483 0.000702208 0.0155039 0.000986909 0.000481095 2.46301e-07 4.34778e-07 6.57152e-05 0.00733083 1.00254e-06 0.0458365 0.0442696 0.000371773 0.364591 0.212445 2.26743e-06 0.071298 0.133777 0.00653274 1.67483e-07 
0.0153147 0.00305248 0.000926228 0.000487424 0.0522232 0.0392647 0.0123928 0.00513157 0.00637125 0.000168895 0.0169275 0.000134915 0.00987473 0.00154075 0.00253469 5.42016e-05 7.83446e-07 0.000953779 0.00163179 0.000776875 0.0313019 0.00214045 0.00178819 0.324872 0.115592 0.0524543 0.276216 0.00859908 0.0172677 5.43906e-06 
0.00148868 0.00778047 0.000392252 6.47941e-05 0.0198295 0.00862748 0.0418501 0.0155684 0.0118944 0.00378035 0.0394028 0.000654103 0.000929365 0.000498535 0.00348885 4.30377e-07 2.07167e-08 0.000142679 0.0356759 2.3961e-05 0.0401929 0.0136665 0.0104545 0.489357 2.09863e-08 0.00260141 0.0199559 0.178671 0.0529077 0.000100131 
0.00523207 0.00496133 0.0009537 4.20436e-05 0.000292568 0.0121522 0.0693389 0.176985 0.000525432 0.0243393 0.0829346 2.40528e-06 0.0098796 0.000314858 0.016912 1.0902e-08 8.85823e-09 0.000828812 0.0146115 0.103813 0.0707054 0.0320076 0.0150166 0.22222 1.46511e-07 0.000760167 0.0391039 0.0442469 0.0517822 3.66816e-05 
0.0063813 0.0104357 0.00251442 0.00163605 0.0221259 0.00377256 0.0462375 0.0236683 0.0411447 0.00997123 0.015494 0.000520709 0.00238209 0.000455843 0.00559392 2.02978e-06 0.00152581 0.00550645 0.00534531 0.0126744 0.0303835 0.0925059 0.00674185 0.551202 0.0285801 0.00543221 0.0209861 0.0393538 0.00727271 0.0001541 
0.00137624 0.000317962 0.000747233 0.0987378 0.0598494 0.0391921 0.0105695 0.00235078 0.026132 0.000171872 0.0160665 0.00124925 0.014615 0.00017607 0.0223221 0.000314221 0.000455063 0.00694886 0.0232195 0.0222315 0.0216237 0.00396901 0.0013399 0.556537 0.00507826 0.0105841 0.00155363 0.00445124 0.00977229 0.0380479 
0.016918 0.0069881 0.0011345 0.00215971 0.0124467 0.0337077 0.0171182 0.0181095 0.00584853 0.00266191 0.0553279 0.00120786 0.00936401 0.000342399 0.0130165 3.98315e-08 0.000773541 0.00120832 0.00421343 0.000812791 0.0238522 0.00538536 0.000688736 0.436328 0.0048611 0.00464497 0.00952593 0.295038 0.0163138 2.34489e-06 
0.00763062 0.00153691 0.00627283 0.000994905 0.00338844 0.0568685 0.0279124 0.0119198 0.00146956 0.0874083 0.0383072 6.05441e-05 0.000722613 8.82605e-05 0.00106909 5.77165e-09 0.000243472 0.0120738 0.0446168 0.00139088 0.000866071 0.286387 0.00943798 0.346728 0.00491478 0.00533616 0.00145692 0.0393969 0.00149998 9.57695e-07 
0.0152237 0.0552828 0.00423137 0.000129628 0.118592 0.0287513 0.122339 0.0124323 0.0149389 0.00489454 0.0188114 0.0001196 0.0401565 0.000563101 0.00354518 2.24325e-05 0.000231635 0.000492304 0.0282683 0.000556994 0.0397744 0.0354217 0.00866818 0.315341 0.00393413 0.0113496 0.0128238 0.0725627 0.0305314 9.53079e-06 
0.00207685 0.0143777 0.0231268 4.08116e-05 0.00106223 2.46353e-05 0.0113324 0.0321526 8.19019e-05 0.00137398 0.000886141 4.63973e-05 0.000114081 1.18837e-07 9.74246e-05 2.05118e-07 1.66664e-07 0.000196805 0.0290833 0.00979623 0.00766047 0.105812 0.000195974 0.69755 0.000336238 0.00162106 0.025637 0.0346803 0.000601947 3.44755e-05 
0.000865499 0.00439486 0.000394819 0.000253997 0.0009995 0.0167833 0.000209735 0.162635 0.245512 3.60472e-06 0.0370593 1.60513e-05 0.0189203 8.87875e-06 1.49389e-06 0.00014507 3.194e-05 0.00101483 0.000323026 3.65931e-09 4.08651e-09 0.0976193 0.00149403 0.269655 1.1473e-06 0.002703 0.0205048 0.00645113 0.000837867 0.11116 
2.37785e-05 0.000114284 9.52818e-07 0.0188687 6.11675e-05 3.94495e-06 0.104714 0.0568227 2.03956e-05 4.69415e-06 0.00762783 1.4912e-08 0.00179755 1.92804e-06 8.68447e-05 2.59249e-08 2.10647e-08 0.000380977 0.00166683 0.0063813 0.0304945 0.0665331 4.53873e-05 0.687022 0.0141731 1.23628e-05 0.000994093 1.52354e-05 0.00199426 0.000137361 
0.00134056 0.00338847 0.000928934 2.0637e-06 0.0231953 0.0124198 0.00463368 0.0400495 0.0292773 0.000364798 0.0229494 5.3331e-08 0.00875398 0.000292458 0.000333406 1.29061e-07 0.00426542 0.000523418 0.0184718 6.08857e-05 0.0512694 0.00188739 0.00585372 0.570892 2.0183e-05 0.018214 0.112447 0.0535081 0.0146233 3.37163e-05 
0.00300294 0.0852954 0.00430128 1.83224e-05 0.017305 0.0236117 0.0602362 0.12355 0.00612943 0.00395976 0.0454101 0.000248725 0.00169957 4.96462e-10 0.019322 1.62106e-07 6.96269e-10 0.000496824 0.0329584 1.91593e-06 0.00143239 0.0082865 0.000398016 0.247066 4.16255e-07 0.0777798 0.0347298 0.114111 0.088647 1.65232e-06 
6.18262e-08 0.00160382 5.17417e-05 0.000998141 0.00981528 0.0178171 0.00342782 0.130194 0.00033809 0.00277578 0.0125823 2.04417e-05 0.000343385 0.000357288 0.000401924 1.79172e-07 3.14522e-07 0.0841321 0.00124423 1.00597e-09 0.0298284 0.254806 0.000124631 0.385059 0.000512967 0.00548695 0.00448433 0.0528015 0.000777761 1.42537e-05 
4.44017e-05 0.000187318 1.21018e-07 0.00127948 1.84213e-05 0.000178723 0.0437981 0.0634728 0.00591901 0.00048524 0.00771216 0.000155156 0.0131721 0.000106989 9.2114e-08 4.28793e-05 2.78332e-07 0.000109369 0.000737319 0.00934065 0.00394286 0.0647971 0.0435268 0.740251 0.000183177 0.000181734 0.00022789 3.67309e-05 2.18849e-05 7.06338e-05 
0.00558868 0.0086162 0.00311911 4.57944e-05 0.000670062 0.0205928 0.0418679 0.0349334 0.00831661 0.00377976 0.0504791 0.000102192 0.00853266 4.53082e-05 0.000912528 2.55223e-10 5.87627e-06 0.00113485 0.010031 2.00592e-07 0.0378935 0.0683707 0.000181578 0.392474 0.000193314 0.000787931 0.000891812 0.246429 0.053981 2.2888e-05 
0.013863 0.00412073 0.0276591 0.0184182 0.0137831 0.0333825 0.0185532 0.053343 0.039931 0.00405475 0.171903 0.000186558 0.00779945 0.00112743 0.00354653 6.35663e-10 0.00779556 0.00631584 0.0742877 0.000302004 0.0306413 0.0132638 0.000934067 0.295722 0.00966839 0.00406631 0.0138202 0.122957 0.00843739 0.000116675 
0.00141385 0.00603173 0.00359009 7.89184e-05 0.0248991 0.0250532 0.157018 0.0659928 0.00106709 0.0142502 0.0148175 0.000116125 0.00305534 7.87789e-05 0.0059808 1.39548e-10 0.000266982 0.00403659 0.0226289 0.00590582 0.0539706 0.03914 0.00820324 0.418202 0.000422891 0.00357912 0.00596612 0.104434 0.00978423 1.61556e-05 
0.020629 0.00518843 0.0652033 0.000129476 0.00763835 0.00641433 0.105912 0.00589531 0.00113178 0.000791739 0.0201282 0.000124933 0.00720785 0.00166685 0.0108059 1.63017e-07 1.18342e-05 0.00452529 0.0855181 0.000264618 0.0731998 0.000280785 0.000507138 0.261749 0.000850115 0.00128985 0.0829325 0.161248 0.0687544 2.66996e-07 
0.00323403 0.00169848 0.00022864 4.87358e-05 0.0110709 0.038963 0.0139392 0.00480346 0.0095647 5.32709e-05 0.00639467 7.78271e-07 0.0060585 0.00345786 0.00444734 9.33681e-05 5.83292e-07 0.000310875 0.00394035 0.000738448 0.0439689 0.000645752 0.00136916 0.53737 2.57488e-05 0.00412427 0.244319 0.0176989 0.0414296 1.50735e-06 
0.00260392 0.011247 0.00727616 6.43537e-05 0.00738265 0.00109916 0.00810619 0.094667 0.0118475 0.0530703 0.0270704 0.00141471 0.0555145 4.05731e-07 0.0023518 1.76479e-08 5.50433e-08 0.00723177 6.74514e-05 0.00114447 0.0709252 0.247543 0.00298085 0.358109 0.00205658 0.000307735 0.0130933 0.000310479 0.0124663 4.78515e-05 
0.0051482 0.011365 0.0322425 4.07026e-05 0.0293409 0.0896666 0.0302224 0.0295584 0.00199576 0.00679206 0.0525202 0.0257212 0.0914988 0.0016481 0.00259035 1.04685e-10 4.43242e-06 0.0132172 0.00380502 0.000642067 0.0176718 0.0276625 0.00233311 0.306424 0.000197905 0.00411842 0.0984133 0.0751678 0.0398899 0.000101874 
0.000733592 0.0205341 6.4707e-05 0.00192903 0.0182744 0.0607335 0.0328576 0.146302 0.00367338 0.0022852 0.0227076 0.163461 0.006675 0.000149653 0.00420339 4.48492e-07 0.000470878 0.0581876 0.0178942 0.000568917 0.0253811 0.0178512 0.00676712 0.323477 1.86886e-05 0.00389073 0.0183905 0.0124536 0.0269555 0.00310802 
7.33414e-05 0.000275477 9.70561e-08 2.75384e-05 0.00165788 0.0014674 0.00153802 0.105466 0.00121014 6.25642e-05 0.00288249 0.000124513 0.0325736 0.00106326 0.00293 4.73118e-10 3.84422e-10 0.000605174 1.08281e-07 0.00186257 7.22133e-06 0.353804 1.56182e-10 0.353909 0.000151279 0.000196403 0.00128785 0.133299 0.00351639 8.61516e-06 
1.8813e-05 0.0203215 5.30505e-10 1.3831e-05 0.0174605 0.0415334 0.00158607 0.0105884 4.38313e-05 0.0059099 0.0665828 6.19536e-06 0.010809 0.000181855 0.000430576 1.50163e-09 0.218157 1.80821e-05 0.0557569 1.58144e-09 0.177132 7.81855e-07 1.85238e-06 0.219665 0.000334669 4.95033e-05 0.0101874 0.113483 0.0297269 7.32777e-08 
4.25463e-05 0.000374709 6.41561e-05 7.93614e-05 0.0107872 0.00885028 0.000376905 0.00534739 0.00887451 0.000195409 0.0674053 1.22178e-05 0.0195062 0.000109822 0.000806986 2.94642e-12 6.01965e-06 0.000343414 0.00991664 0.00660585 0.0315945 0.000368477 0.000377403 0.537136 7.47863e-09 0.00114587 0.0126872 0.263218 0.013763 4.5581e-06 
0.000164196 0.00814001 0.000751076 0.0713552 0.0407116 0.0119276 0.0558091 0.117115 4.96528e-05 0.0294984 0.035448 0.000100421 0.0474026 0.000105755 0.0183496 3.77949e-08 5.26584e-07 0.00108285 0.00541693 0.0039447 0.103978 0.105729 0.0335883 0.119799 0.091204 0.0232887 0.0122718 0.0508182 0.0119489 1.40367e-06 
0.00154526 6.28517e-06 8.4704e-05 4.94916e-05 0.00372658 1.08054e-05 9.9022e-07 0.107767 0.161597 0.00911342 0.00161243 0.00326302 0.000894325 2.85702e-05 1.37264e-06 9.26271e-09 0.000592761 0.00629412 0.000880524 9.75502e-09 0.00184157 0.280582 0.000463867 0.417771 2.24122e-05 1.37318e-05 1.18367e-05 0.00178457 2.23817e-05 1.71322e-05 
0.0459796 0.00876192 0.00452189 0.183532 0.0164464 0.0697977 0.00739191 0.0269735 0.00251328 0.00113893 0.135232 7.60348e-05 0.000872851 0.00196254 0.00245445 2.81443e-05 0.010074 0.13866 0.00280026 6.15039e-07 0.0118514 0.0215035 0.0013258 0.187057 0.000772492 0.00717496 0.00276213 0.0760426 0.0322843 7.9426e-06 
0.000226049 0.0038087 2.62121e-05 0.192704 0.000849768 0.00220833 0.00242595 0.00258139 0.0344164 0.000118358 0.0298902 6.25645e-05 0.000179212 0.000117772 0.000323758 9.8049e-09 6.16822e-06 3.61583e-07 0.00253733 0.0693858 0.00589885 0.00398587 7.21708e-05 0.521953 6.75626e-07 0.0502156 0.00652895 0.0272796 0.002228 0.0399693 
0.00137624 0.000317962 0.000747233 0.0987378 0.0598494 0.0391921 0.0105695 0.00235078 0.026132 0.000171872 0.0160665 0.00124925 0.014615 0.00017607 0.0223221 0.000314221 0.000455063 0.00694886 0.0232195 0.0222315 0.0216237 0.00396901 0.0013399 0.556537 0.00507826 0.0105841 0.00155363 0.00445124 0.00977229 0.0380479 
7.70645e-05 3.67094e-08 9.24142e-05 0.00013839 7.51656e-06 2.94196e-07 1.46635e-08 0.00188425 1.72641e-05 1.0441e-06 0.00972355 4.2427e-05 4.57206e-06 3.65644e-06 1.27253e-06 2.04302e-07 1.66001e-07 6.05621e-06 9.65468e-07 2.1516e-07 6.23438e-05 0.28455 6.74427e-08 0.700695 2.83489e-05 2.35008e-06 0.00259469 1.73801e-05 6.85576e-06 4.18038e-05 
0.00395118 0.0190658 0.000670964 0.00307564 0.0113759 0.00843486 0.0107276 0.0953695 0.00617076 0.0119361 0.0557534 0.0306482 0.00161465 0.00010409 0.0155006 4.73038e-08 6.93891e-05 0.219243 0.0352017 0.000288227 0.06506 0.00485962 0.00702285 0.285012 0.000288121 0.00790902 0.0169331 0.0495473 0.0340124 0.000152911 
0.00557798 0.00081302 0.000356197 1.32639e-06 0.0189048 0.00400815 0.00141337 0.0224346 0.0298875 0.0180229 0.0653377 1.6138e-07 0.00655868 0.000679358 0.00149368 5.03825e-10 9.5202e-05 0.000748011 0.000752028 1.43984e-07 0.0104592 0.0966193 0.00601827 0.451657 0.118375 7.69959e-08 0.0548255 0.0716281 0.0133303 2.19679e-06 
0.00456379 0.167406 0.000210733 0.000105337 0.0478101 0.00107744 0.00547734 0.00586212 0.0570168 2.54589e-08 0.000675536 3.72477e-05 0.0135378 2.20206e-07 0.0121686 2.04813e-10 0.0020876 0.000604658 3.2135e-07 2.31102e-07 0.00866723 1.28908e-05 0.000133959 0.296012 3.29836e-05 0.000222907 0.225584 0.0013241 0.149368 1.56387e-10 
1.20534e-06 1.20516e-06 1.20471e-06 1.2052e-06 1.20515e-06 0.011813 1.20544e-06 0.0685815 0.0240981 1.2046e-06 0.0935316 1.20414e-06 1.20504e-06 1.20413e-06 1.20493e-06 1.20304e-06 1.20353e-06 0.0165047 0.0291676 1.2029e-06 0.202499 0.0167507 0.00867554 0.411611 1.20447e-06 1.20483e-06 0.000603834 0.0333923 0.0420678 0.0406845 
0.000190193 0.000513841 0.000209723 1.88838e-05 0.0163049 0.000337808 0.000659391 0.0282447 8.68115e-05 1.36769e-05 0.00391549 1.67243e-07 0.000114078 1.52054e-06 7.80931e-05 7.24689e-08 6.12089e-06 2.62289e-05 0.00145959 1.06405e-07 0.0997916 9.38859e-05 6.87902e-06 0.645581 2.04129e-05 0.185053 0.0113392 0.0032095 0.0027167 6.20268e-06 
0.0138976 7.82244e-05 0.000122048 3.32424e-05 0.00259412 0.0560239 0.0074512 0.021438 0.00355014 0.000602664 0.00903413 1.92232e-05 0.141308 0.000134986 0.000294673 4.6352e-07 1.01096e-05 0.0159491 0.16507 1.87898e-05 0.00147895 0.00586652 0.000858026 0.493651 0.0155688 0.0002893 0.0206801 0.0121247 0.0118527 1.44574e-07 
0.00323403 0.00169848 0.00022864 4.87358e-05 0.0110709 0.038963 0.0139392 0.00480346 0.0095647 5.32709e-05 0.00639467 7.78271e-07 0.0060585 0.00345786 0.00444734 9.33681e-05 5.83292e-07 0.000310875 0.00394035 0.000738448 0.0439689 0.000645752 0.00136916 0.53737 2.57488e-05 0.00412427 0.244319 0.0176989 0.0414296 1.50735e-06 
1.2297e-07 4.71093e-07 5.70545e-07 6.46849e-07 3.67056e-05 2.36688e-06 4.37347e-07 2.73565e-06 1.22382e-05 4.29082e-06 2.51668e-06 6.936e-09 4.02638e-05 1.15498e-06 5.88061e-07 1.20584e-08 9.79783e-09 0.000973147 4.19574e-06 1.6499e-06 4.76458e-06 0.0225265 4.79942e-07 0.976355 1.43948e-06 7.41775e-06 6.72319e-06 9.14246e-06 3.80136e-06 1.19914e-07 
3.59528e-06 0.00216168 4.05787e-07 3.01918e-05 0.000194009 0.0199914 0.0107097 0.0421526 0.039285 6.38549e-06 0.0324515 0.000126892 3.055e-05 0.00254689 0.0454711 1.72201e-06 6.37049e-07 0.00126015 0.0160968 4.24618e-07 0.0161722 0.0811933 0.00629681 0.569671 1.79463e-07 5.58331e-10 0.0591095 0.0364001 0.018055 0.000580297 
5.76382e-09 0.00130169 0.000228139 0.00331881 0.0265533 0.134069 0.00227506 0.0307144 4.66866e-06 3.73955e-07 0.179391 0.00158314 0.0127305 1.42248e-08 5.5897e-08 0.036365 0.000137318 0.008376 1.22804e-07 1.52014e-11 3.14836e-08 0.117292 0.00997035 0.423905 2.04959e-07 2.63764e-07 0.00934198 6.67128e-07 0.00241245 2.74005e-05 
0.000429237 0.000487001 2.83274e-05 3.61327e-06 0.0222512 0.0211278 0.005055 0.000901355 0.00166388 2.75173e-05 0.00013893 2.89689e-06 0.00181277 1.01673e-06 0.000120422 1.54991e-06 1.11578e-07 0.000230016 0.00292212 0.000395948 0.010427 0.0647541 1.4766e-05 0.857906 1.25813e-06 0.000312589 0.00609582 0.0028845 3.28755e-06 1.28558e-07 
0.000207419 0.000135601 5.66079e-09 2.16415e-09 0.0115879 0.00440996 1.201e-08 0.00209333 0.00356195 5.54555e-09 0.0305083 6.2728e-09 0.0296038 0.0001395 0.000209687 2.22514e-12 6.51056e-09 0.000101448 1.10727e-07 3.98613e-09 7.89657e-08 6.93866e-09 0.00028351 0.534471 6.53787e-09 2.97404e-08 0.260481 0.0911013 0.0311034 1.69903e-12 
0.00323403 0.00169848 0.00022864 4.87358e-05 0.0110709 0.038963 0.0139392 0.00480346 0.0095647 5.32709e-05 0.00639467 7.78271e-07 0.0060585 0.00345786 0.00444734 9.33681e-05 5.83292e-07 0.000310875 0.00394035 0.000738448 0.0439689 0.000645752 0.00136916 0.53737 2.57488e-05 0.00412427 0.244319 0.0176989 0.0414296 1.50735e-06 
0.0266722 0.00520131 0.00762268 0.000427343 0.0354699 0.108267 0.0152079 0.0475833 0.0363747 0.00521605 0.0608932 4.6757e-05 0.0103762 0.023027 0.00103044 0.00273533 0.00011858 0.0116971 0.139265 0.00345397 0.0168225 0.0641558 0.00365077 0.21387 0.0154452 0.00205832 0.0272629 0.0710747 0.0299166 0.0150567 
1.5789e-06 0.000366981 0.000103987 0.000455404 0.0141927 0.0167173 0.000450466 0.0330962 0.176575 9.82997e-08 0.0240372 1.31506e-06 0.0245284 0.0392932 0.000160746 3.93044e-06 1.35139e-07 0.011318 0.000834833 5.96025e-06 0.035593 0.0406369 0.0690853 0.471527 1.3935e-05 0.00251327 0.0119585 0.0243393 0.00218904 2.17791e-07 
0.00396532 0.00238729 0.000523389 0.00464645 0.104642 0.0151302 0.0156519 0.00728274 0.00824795 0.000312552 0.00955046 2.78271e-05 0.0107939 0.000105161 0.00176113 1.14044e-09 0.000171801 0.00672847 0.0138631 1.8652e-06 0.0586607 0.000348516 0.0109026 0.387807 0.00037698 0.106115 0.0840851 0.113097 0.0328127 3.01232e-07 
0.00261755 0.00167938 0.00748961 0.000198578 0.214919 1.48605e-07 0.00296997 0.000103236 0.00714937 2.76242e-08 1.58019e-07 2.91086e-12 0.0788642 0.00248128 0.00116115 5.06061e-12 4.11189e-12 1.58491e-07 2.6349e-07 1.02866e-07 2.99264e-07 0.000158176 2.9905e-08 0.572226 0.000504669 4.65804e-07 0.0630488 0.0345188 0.0099083 6.95924e-09 
0.00219977 0.0138703 0.145458 1.81344e-06 0.000434201 0.129679 0.0624209 0.00156891 0.0190374 3.78917e-06 0.00109341 4.70608e-06 0.00707015 6.61298e-05 0.067801 4.113e-06 1.19477e-07 8.68915e-07 0.0349319 0.00293837 0.0699966 0.000732958 8.37652e-05 0.291033 0.000303223 3.07125e-06 0.00140521 0.0815527 0.0663037 2.76292e-08 
0.000282284 0.0177062 0.00183207 2.80786e-05 0.0541408 0.0453301 0.108679 0.0403557 0.0928161 0.00124073 0.0189361 2.94754e-05 0.0309727 0.000394228 0.000241644 4.38119e-07 0.000219921 2.26168e-05 0.0710865 4.49232e-06 0.0381775 0.0413538 0.00598009 0.340001 0.000108747 0.00645867 0.0119328 0.0409696 0.0306955 3.76119e-06 
0.000192048 0.000180852 0.000199586 0.178935 0.0812765 0.0632819 0.000752884 0.00533848 0.0922306 0.000551038 0.107082 0.00027477 0.00134114 0.00174354 7.7412e-06 0.0176863 0.000544266 0.0432899 0.00369428 8.20549e-07 0.00579326 0.00224766 0.00971834 0.319162 0.00012702 0.00668025 0.0190891 0.0163528 0.0056923 0.0165335 
0.00204414 0.000410883 0.0108695 0.00169897 0.0386733 0.105005 0.00907021 0.00853148 0.0196866 6.52968e-05 0.00348539 7.9369e-06 0.0298299 0.00662342 0.00110782 2.10009e-07 6.36157e-05 0.000238171 0.00862086 0.000738356 0.0446295 0.0432592 0.00499914 0.319979 0.0149841 0.0528972 0.218919 0.0176445 0.0359168 4.3797e-07 
0.000545312 0.00197242 0.00288294 4.64366e-05 0.112384 0.0108513 0.0567771 0.0288223 0.00335795 0.000496504 0.00515382 0.00257487 0.0010403 4.72357e-05 0.0109836 5.75612e-12 8.14992e-09 0.0013704 0.00140378 0.000216987 0.0849623 0.0198578 0.00020514 0.53381 0.000142602 0.00375957 0.00398269 0.101777 0.0105747 6.41944e-07 
0.0101167 0.017113 0.0151692 3.64155e-06 0.0165891 0.0028413 0.0874012 0.0597313 0.00823106 0.000516568 0.0113514 0.00223671 0.000891536 0.000540697 0.00477021 3.5802e-08 0.000371912 0.00308602 0.113542 4.69747e-05 0.0513403 0.0116756 0.00114377 0.309535 0.000138185 0.00217368 0.0720015 0.184704 0.0127258 1.21959e-05 
0.000967152 0.0027435 8.22301e-06 0.00529532 0.000264482 0.00544874 4.24386e-06 0.0250708 0.00535521 2.04645e-10 0.00227632 0.213987 1.15912e-10 0.000156095 1.48599e-06 1.0144e-07 6.41707e-07 0.000469283 0.0408218 9.57124e-07 0.0879805 0.00653932 0.00235598 0.547493 0.000214696 7.32224e-07 0.0034425 0.0440476 0.00505163 3.20805e-06 
0.00030161 0.00072074 1.04278e-06 0.184602 0.0242647 0.0438226 0.000773526 0.00979572 0.0031959 0.00100148 0.0327116 3.6618e-05 0.00240785 2.34985e-06 0.00233372 2.86159e-05 0.000264008 0.0985478 0.0190078 4.13213e-05 0.0410972 0.0203753 0.0074934 0.383884 2.13224e-05 0.0140304 0.0343166 0.018464 0.0507601 0.00569688 
0.0147636 0.0059166 0.00109207 3.45034e-05 0.0534078 0.00240414 0.0116556 0.00663633 0.0396647 0.000171601 0.00796644 0.000610984 0.000439646 0.00122785 0.000214285 1.74503e-07 4.24287e-06 0.000532318 0.0127038 6.06779e-05 0.127507 0.000118055 0.00072808 0.420788 0.00013137 0.013766 0.22109 0.0497381 0.00662489 1.3607e-06 
