0.00230424 0.00197106 0.00249684 6.6199e-05 0.112848 0.000388523 0.000993339 0.000561184 0.0079696 3.09226e-08 0.000646213 3.49693e-12 0.140564 0.00830714 0.000615336 6.07951e-12 4.93978e-12 0.000254641 0.000997634 4.27219e-08 0.00581933 5.27343e-05 0.000166243 0.423659 0.000413908 0.00121018 0.196634 0.0744386 0.0166225 2.89304e-09 
0.00996544 0.00856476 0.00598419 0.00048961 0.0144236 0.00730991 0.0128 0.0240346 0.00616571 0.00497179 0.0402792 0.0020551 0.00590129 0.000319393 0.00336308 0.00250119 0.000393297 0.0123847 0.0217987 0.00275708 0.00892799 0.162879 0.00139946 0.37692 0.00184578 0.00652929 0.00850942 0.192677 0.011982 0.0418674 
0.00323403 0.00169848 0.00022864 4.87358e-05 0.0110709 0.038963 0.0139392 0.00480346 0.0095647 5.32709e-05 0.00639467 7.78271e-07 0.0060585 0.00345786 0.00444734 9.33681e-05 5.83292e-07 0.000310875 0.00394035 0.000738448 0.0439689 0.000645752 0.00136916 0.53737 2.57488e-05 0.00412427 0.244319 0.0176989 0.0414296 1.50735e-06 
0.000203823 0.00108115 0.0013272 2.56113e-06 0.0139021 0.000801826 0.023243 0.0846495 0.0255729 0.000114187 0.000430291 6.08551e-05 0.00513384 0.000385853 0.000212079 2.845e-09 7.19687e-08 0.000233185 0.0035336 2.99621e-09 0.125623 0.0224818 0.000741206 0.591435 0.00035094 0.000802665 0.0207519 0.0634725 0.0134326 2.05257e-05 
0.00296632 0.000600615 8.2703e-05 0.00114999 0.00253677 1.74773e-08 0.00532458 0.0374931 0.00411555 0.00081847 0.00695113 4.52245e-05 5.21094e-08 0.000706129 0.00111895 7.8898e-11 6.41069e-11 0.00312532 0.0432683 0.000527698 0.00485976 0.172162 1.22573e-05 0.654186 0.000257841 0.00250787 0.00201413 0.0106306 0.00203553 0.0405039 
0.0033957 0.00812844 0.010792 0.00954119 0.0214392 0.0177874 0.0122337 0.130685 0.0117885 0.00110832 0.0699248 5.31785e-05 0.0050529 0.000475901 0.00384153 0.000238177 0.000198063 0.00491538 0.00530034 0.000149261 0.151948 0.0770399 0.00366775 0.262539 0.00120963 0.0120946 0.0181496 0.135309 0.0203001 0.000693144 
0.00115575 0.0318191 0.000480924 0.0269792 0.00525451 0.105448 0.0459489 0.0876868 0.00865084 0.0061654 0.14989 4.21226e-05 0.0395703 0.00245143 0.0152908 9.5453e-10 0.00220258 0.00495902 0.0328957 0.00176059 0.0257508 1.9199e-05 0.00234343 0.218936 0.000943301 0.00175707 0.0417292 0.0543242 0.0855442 3.35563e-07 
0.00015797 0.00156517 0.000187241 0.000236846 0.00193353 0.00996348 0.00619882 0.0468853 0.0147237 2.17669e-05 0.00138316 0.00179905 0.000109531 1.12695e-05 0.00140536 8.69256e-05 1.77239e-05 0.0048072 0.00178078 0.000112089 1.12253e-05 0.351018 0.00152794 0.35514 3.52616e-06 0.000100111 0.000516245 0.0030145 0.000365725 0.194916 
0.0065365 0.00262791 0.0020409 0.00172604 0.0729025 0.0273278 0.0131288 0.0201296 0.0182444 0.00124277 0.129298 0.000294544 0.0494522 0.000563041 0.00377075 2.27015e-05 0.00234641 0.00554579 0.0951431 0.00301466 0.0281728 0.00933945 0.0017297 0.286585 0.00446127 0.0137344 0.0295396 0.155783 0.0152438 5.29098e-05 
0.000111545 0.00496128 7.69385e-06 1.74636e-06 0.0379077 0.00866406 0.0129862 0.141297 0.0767312 0.00122487 0.070552 3.53082e-06 0.00628883 0.00047051 0.0055452 9.14189e-11 0.00124945 3.63464e-05 0.0455156 2.05077e-06 0.0199733 0.00119569 0.0115669 0.279386 0.00393131 0.0014114 0.0397559 0.198665 0.0305399 1.73745e-05 
0.00248113 0.173745 0.0038874 5.18941e-05 0.0044839 0.0320873 0.0756054 0.00513012 0.0117954 0.0117135 0.000152707 2.19072e-06 0.00378478 6.34331e-05 0.00223812 1.6112e-08 1.30915e-08 0.000230521 0.0040701 0.00481901 0.00315666 0.0716653 4.13598e-06 0.554116 3.38923e-05 0.000112626 0.0170008 0.00420874 0.0132306 0.000128911 
0.0016634 0.00232075 3.51184e-05 1.41526e-05 0.0207621 0.0248342 0.00326377 0.00940626 0.103514 8.10201e-05 0.0307259 1.5821e-08 0.000766955 0.00209168 0.00129818 2.55894e-09 1.34299e-06 0.000129207 0.00510951 2.67611e-05 0.000319762 0.0273494 0.000144257 0.730476 0.000280494 8.34308e-05 0.000629563 0.0333051 0.000906074 0.000461609 
0.000427903 0.00054976 0.00263784 0.00247734 0.0397847 0.023644 0.0288638 0.0523748 0.0844327 5.83273e-10 0.130253 4.60897e-08 0.0782582 1.65933e-07 0.0256896 1.2292e-06 7.83703e-08 0.000261951 0.0149252 0.00188091 0.0453458 4.1096e-06 0.000684012 0.371359 2.3053e-07 0.00150451 0.0297833 0.0537184 0.0109386 0.000198655 
0.000144981 1.06434e-05 9.64169e-06 2.2289e-06 0.000980857 2.93844e-05 9.88451e-06 1.39632e-05 7.09818e-05 1.92529e-06 2.47506e-05 1.21681e-09 4.7392e-10 5.39391e-06 6.59933e-06 2.11545e-09 1.71887e-09 1.82746e-05 7.62769e-05 1.78454e-06 2.27288e-10 0.111229 6.91428e-06 0.780755 9.41611e-10 2.17446e-05 0.106306 0.000245865 2.68131e-05 1.13231e-06 
0.00567041 0.0577181 0.0144142 3.12649e-05 0.0474408 0.0211633 0.0289395 0.0946696 0.04431 0.00780052 0.0710745 0.000489338 0.00567718 0.0114973 0.00537 2.37313e-07 0.00576913 0.00131714 0.0237746 0.00436954 0.0714061 0.00416119 0.00908729 0.214533 0.0110904 0.0112903 0.115086 0.0808252 0.0310187 5.97149e-06 
5.25209e-05 0.000368492 4.35275e-05 9.17203e-05 0.00124672 1.10536e-05 0.00309277 0.00771408 0.294457 3.141e-06 0.000346408 9.88859e-07 0.00316578 3.3329e-05 2.99043e-05 1.24832e-10 9.84877e-09 0.00215395 0.000453834 2.33993e-08 0.0059216 0.00442742 0.0232837 0.608446 1.41412e-05 0.000271375 0.0288039 0.0141349 0.00143109 2.64643e-07 
0.0137863 0.0147321 0.00383395 7.03275e-05 0.0267755 0.0162634 0.113914 0.0119285 0.000627463 0.281447 0.00158707 0.00945433 4.09447e-07 1.18895e-08 8.69279e-06 2.05218e-08 0.000362153 0.0522602 0.0562107 1.2178e-06 0.00985955 0.071708 7.77876e-05 0.29115 9.13448e-09 0.000121692 5.674e-06 0.0154581 0.00833569 1.98519e-05 
0.00133754 0.00258244 0.00364448 1.5092e-05 0.0127108 0.0327593 0.011513 0.0187483 0.00609518 0.000371962 0.0635657 3.22629e-06 0.00134417 2.36768e-05 0.00139696 4.65172e-07 4.70497e-05 0.000302671 0.02245 3.03284e-07 0.0481613 0.00565233 0.00473229 0.534646 1.8336e-06 0.000780443 0.0185549 0.187599 0.0208114 0.000148934 
1.85297e-07 0.00964638 5.84262e-07 2.06164e-11 6.96408e-06 1.01784e-06 0.0123537 0.128261 3.59252e-06 4.08549e-06 0.0143684 1.17143e-07 0.0369156 1.76948e-07 9.9886e-07 1.27205e-10 2.27491e-07 3.58257e-07 1.96766e-11 1.33966e-10 1.36671e-11 7.50251e-07 4.78753e-07 0.487629 5.66204e-11 1.09979e-07 5.42673e-07 0.310803 2.589e-06 9.71292e-11 
0.00146758 0.110895 0.00542168 6.57259e-05 0.0342414 0.00607121 0.0763931 0.119037 0.00557455 0.0016821 0.00254236 0.00466659 0.00315727 0.000329586 0.0337141 3.07778e-06 0.000275656 0.000324066 0.0023366 0.000463916 0.0718315 0.00921481 0.0147817 0.247303 0.000493518 0.000628562 0.0432485 0.158884 0.0449295 2.31022e-05 
0.1024 0.0234758 0.000893043 0.000105163 0.0165225 0.00393488 0.017314 0.10618 0.000767706 0.00724218 0.0253598 0.00010992 0.0064527 3.12641e-05 0.000932547 0.0220723 0.000206112 0.000483925 0.00105386 0.0356287 0.0129914 0.0948053 0.000233665 0.356101 0.000679919 0.00300621 0.00662151 0.0300909 0.124241 6.27776e-05 
1.57647e-05 0.000832435 0.0222763 0.000207898 0.0107623 0.00290812 0.0438256 0.0577074 0.0153495 0.0004184 0.0191206 1.58208e-05 0.00233762 1.45709e-05 0.00136186 8.12725e-08 0.000210192 0.00063567 0.0249466 1.98748e-05 0.000985651 0.179022 4.49017e-05 0.57468 1.53707e-05 0.00502702 0.00783599 0.00375059 0.00649181 0.0191796 
0.0106046 0.0420098 0.000571409 0.00314065 0.0241044 0.0092754 0.00583213 0.0590302 0.0379973 0.00554157 0.04622 0.00325743 0.0213817 0.000403159 0.00104979 1.11538e-08 0.000667554 0.00746051 0.0723534 0.00892127 0.020743 0.19842 0.00250699 0.327409 0.000104555 0.00287364 0.00135534 0.0546148 0.0321459 4.6611e-06 
0.00270593 0.0261089 0.157681 1.23516e-05 0.15363 0.00207463 0.0213902 0.0229514 0.0100249 9.42886e-05 0.0134356 8.86297e-11 0.101827 0.000167316 0.00987232 1.54085e-10 0.000460747 7.03429e-05 0.0205389 1.88177e-05 0.0169836 0.00547136 6.94902e-05 0.291581 0.000258874 0.00307233 0.0485567 0.0198928 0.0710424 5.85669e-06 
6.81598e-05 0.000909183 0.000805616 0.00192144 0.0214776 0.147477 0.00332666 0.0114014 0.0647401 8.74244e-05 0.0333412 2.1945e-05 0.000667072 0.00157471 6.56383e-06 0.00143033 0.0156252 0.0012693 0.00228503 9.27204e-07 0.0299156 0.00272323 0.00227864 0.581758 7.3855e-05 0.0167216 0.0129829 0.0287963 0.00426747 0.0120454 
0.00323403 0.00169848 0.00022864 4.87358e-05 0.0110709 0.038963 0.0139392 0.00480346 0.0095647 5.32709e-05 0.00639467 7.78271e-07 0.0060585 0.00345786 0.00444734 9.33681e-05 5.83292e-07 0.000310875 0.00394035 0.000738448 0.0439689 0.000645752 0.00136916 0.53737 2.57488e-05 0.00412427 0.244319 0.0176989 0.0414296 1.50735e-06 
8.7704e-05 0.00823435 0.00156519 5.30334e-05 0.000106334 0.0846812 0.00644893 0.0131369 0.0072431 1.71534e-09 0.0955946 0.000617931 0.000503843 1.97076e-05 0.0049239 4.33684e-09 8.39873e-06 0.0010171 0.0334413 0.217387 0.0185174 0.215287 0.0032958 0.241864 1.7698e-06 1.33865e-09 0.00307834 0.00804312 0.0347784 6.36575e-05 
0.000758798 0.0012685 1.01106e-05 0.000158438 0.00471767 0.00839081 0.000819107 0.018915 0.00580919 0.00051252 0.00438927 3.6935e-08 0.123118 0.000564768 0.00600999 3.17832e-10 4.66828e-05 1.46235e-05 0.216949 0.00803644 0.0257922 0.000856839 0.00283811 0.387798 1.86881e-07 0.00295174 0.00840571 0.113867 0.056998 3.6471e-06 
2.76996e-08 0.000461788 1.00358e-05 0.00145706 0.000644495 0.000210244 0.0014534 0.0105919 0.00751363 8.99999e-06 0.0202348 0.000516922 1.01953e-10 2.1241e-06 9.42484e-05 4.5509e-10 4.56373e-08 0.113972 0.00145155 5.31773e-07 0.00198862 0.167452 0.000235025 0.64303 1.14273e-07 6.29175e-08 0.00110252 0.0259829 0.00113825 0.00044733 
0.00159356 0.00307634 0.0122442 7.39389e-06 0.00511524 0.0172888 0.00270912 0.0223842 0.0298228 7.13789e-05 0.0237098 9.81814e-06 0.00169015 0.000256235 0.0141219 5.05331e-07 2.81805e-05 0.0025925 0.0166156 4.54351e-07 0.0375786 0.00592499 0.0246141 0.44372 0.00130737 0.000373777 0.0989097 0.227799 0.00586371 0.000570947 
0.0115473 0.000866147 0.00104545 0.0112058 0.0595304 0.00281818 0.00109847 0.0344204 0.00973538 0.00173242 0.178663 4.30364e-05 0.00300795 0.00411003 0.00154572 1.18059e-10 0.000151167 0.00221829 0.00297063 0.00127231 0.0166731 0.107609 3.66383e-05 0.329268 0.00013127 0.00417289 0.147031 0.0615807 0.00551441 9.32125e-07 
0.00108376 0.00348137 0.00252661 2.55628e-07 0.0213826 0.00504955 0.0107965 0.0328972 0.0111527 0.00091386 0.0207093 0.000677315 0.00174715 8.94431e-05 0.000862652 6.15412e-12 0.000331919 0.00315737 0.223633 5.87594e-05 0.0297345 0.026923 0.00848062 0.391933 8.30553e-05 0.000518265 0.0806013 0.116321 0.00475168 0.000102914 
9.09399e-06 6.56257e-05 1.3535e-11 5.50619e-05 0.00458451 0.000194766 0.000599953 0.000259686 0.0442733 1.51534e-11 0.0121716 4.23636e-06 0.00184241 0.000180491 0.000344456 2.54734e-09 3.11295e-11 0.000493237 0.00555485 3.50181e-06 5.8392e-08 0.000363846 0.000373534 0.601593 5.39288e-06 0.000166813 0.0691507 0.256819 0.000891081 7.30118e-08 
0.00171407 0.00373691 0.0106828 0.00015067 0.000953834 0.010485 0.0370617 0.0307099 0.0033547 0.00468128 0.000498978 0.00148738 0.00226915 0.025501 0.000999321 3.57793e-07 1.92309e-06 0.00306092 0.0182099 0.000134335 0.0130585 0.147853 0.0356966 0.53552 1.21654e-05 0.000105388 0.0633666 0.0469768 0.00170782 8.45537e-06 
0.0140348 0.0177005 0.0069497 0.000348972 0.02181 0.0378599 0.0351379 0.0300926 0.0498259 0.00612036 0.0492292 0.000132626 0.0281478 0.0254706 0.00413664 9.0068e-06 0.000204987 0.0106932 0.106476 0.00218927 0.05256 0.0359609 0.0248082 0.149888 0.0435597 0.00572878 0.140491 0.0559723 0.0432849 0.00117595 
2.03453e-05 2.94781e-05 0.000234116 7.89257e-07 0.00110242 0.000894609 0.00158473 0.368357 0.000570949 1.3921e-05 0.00105616 0.000381247 2.92712e-05 9.58374e-07 0.0226228 6.46673e-08 1.13762e-07 0.00037802 0.00703149 6.81043e-08 0.0104909 0.0165966 2.5859e-07 0.496375 0.000622748 0.00012279 0.00235484 0.0407374 0.028346 4.44019e-05 
4.99205e-05 0.00102767 0.00186393 6.85565e-06 0.0410252 0.0161293 0.0167225 0.135123 5.97632e-05 0.000413625 0.00292234 4.92321e-05 0.00195255 4.89097e-05 0.00640745 1.1237e-07 1.26835e-05 0.00099326 0.00697527 3.1404e-06 0.038338 0.0127697 0.000216211 0.556637 5.92949e-06 0.000156927 0.000999246 0.104391 0.0546697 2.98015e-05 
0.0271645 0.030404 0.00453526 0.000118137 0.00536294 0.0226057 0.105642 0.168871 0.00792871 0.0354476 0.128012 0.000356155 0.00425545 0.00287593 0.00917738 1.24907e-10 0.0114767 0.00382045 0.0144555 0.00280692 4.1708e-07 0.0415864 0.00512004 0.277262 0.00149698 0.00813591 0.0253232 0.0506156 0.00478107 0.000362397 
0.00745406 0.0045258 0.0014295 1.25261e-05 0.00372539 0.172617 0.00932551 0.0370247 0.00529076 0.000208599 0.0243674 8.7823e-06 0.117043 0.000320691 0.0113143 5.99193e-07 3.50264e-05 0.000152398 0.0145401 0.00316869 0.0215384 0.00243848 0.00681334 0.248116 6.8957e-05 0.00308551 0.016033 0.127317 0.162017 7.69687e-06 
0.00228501 0.0066196 0.000596418 9.91271e-05 0.252634 0.0180325 0.015669 0.0157348 0.0332055 0.00516863 0.0136063 0.000134884 0.0241527 0.00234874 0.00446501 1.03529e-08 0.000108439 0.000419855 0.0852615 0.00300306 0.058786 0.0103779 0.0131013 0.275274 0.00022621 0.00368106 0.0462121 0.0905113 0.0182848 3.55158e-07 
0.0292475 0.00638826 0.00086125 0.000104279 0.000289426 0.00474581 0.0136809 0.0622638 0.0213423 0.0010086 0.222366 1.13646e-07 0.0305431 0.0236663 0.00187671 1.76138e-11 7.61148e-08 0.000490731 0.157852 1.43754e-07 5.69071e-07 0.00470495 0.0153067 0.232946 7.97153e-05 0.000814153 0.0179757 0.133356 0.0180852 3.58177e-06 
0.00571446 0.00620943 0.0120145 0.00489498 0.03496 0.0165247 0.0112423 0.097868 0.000355842 0.00197177 0.00778002 2.57008e-05 0.0891624 0.000521509 0.00206042 0.000100791 1.44198e-05 0.00119304 0.00912174 8.42575e-08 0.108363 0.00527433 0.0168649 0.325474 0.00011302 0.0110678 0.0100167 0.0928166 0.128265 9.187e-06 
0.007052 0.00438673 0.00494357 0.000820965 0.0215462 0.0107293 0.00956008 0.0448282 0.0100107 0.00402682 0.0115935 6.46745e-06 0.00243516 0.00379208 0.00121208 1.70172e-07 0.00248827 0.0181474 0.00600959 5.28782e-06 0.0768394 9.75735e-05 0.0116356 0.577416 0.000112601 0.108304 0.0196013 0.00822389 0.0341626 1.28371e-05 
0.00343348 0.00872875 0.00106908 0.000265035 0.00943384 0.00131134 0.021739 0.107681 9.30281e-05 0.0122277 0.0136035 0.000664858 0.000174922 0.000160591 0.00291293 9.50521e-11 1.05473e-07 0.000517666 0.012611 0.00196647 0.0485347 0.23792 9.8139e-06 0.350603 8.12524e-08 0.000172603 0.000686624 0.139209 0.0242692 8.96169e-07 
2.18236e-10 0.0262337 7.14587e-10 3.27821e-10 3.72471e-10 2.27812e-05 1.85826e-05 0.131916 1.45754e-06 3.44093e-06 1.19759e-05 1.16345e-09 0.302937 1.11339e-05 0.0639978 2.02269e-09 5.75388e-06 7.69714e-10 3.12878e-10 0.000355319 2.17321e-10 9.87635e-06 5.07531e-06 0.347991 1.26135e-06 0.0146347 2.08175e-05 1.29302e-10 0.111822 1.54445e-09 
0.000396769 8.51257e-05 0.000424627 6.1562e-06 0.000178901 0.00186031 0.00640624 0.00862833 0.00789214 0.00546903 0.00119127 8.97848e-05 0.00272114 0.00133573 0.00027243 5.62771e-07 0.000325975 0.000331699 0.000868089 3.93335e-06 0.0280406 0.0468202 0.000117924 0.724999 0.136912 9.13867e-05 0.00797426 0.00568104 0.0108744 1.53596e-06 
0.0124221 0.00591703 0.00236753 0.00416404 0.129516 0.0194437 0.020324 0.0313562 0.0122992 0.00140954 0.00582611 0.000626053 0.00371468 0.00135605 0.00833408 2.58572e-05 0.00420063 0.00191181 0.00714232 0.000286364 0.104527 0.00746354 0.00529037 0.474138 0.000406616 0.00843146 0.0176568 0.0455281 0.0638886 2.66556e-05 
6.68031e-07 0.000216075 3.80295e-06 0.00130696 0.160407 0.0740548 2.44421e-10 0.0513551 0.000113138 1.34695e-09 0.104679 0.00130994 0.0150212 1.97298e-09 9.15749e-10 3.40545e-09 2.76703e-09 1.35234e-05 2.47892e-05 3.58645e-09 6.57362e-06 8.82683e-05 1.12418e-09 0.556326 4.16115e-06 0.0100227 7.16797e-06 4.00967e-05 0.0249908 8.42132e-06 
0.0195186 0.00882071 0.000206929 0.000491562 0.0055804 0.0678997 0.0397649 0.0642258 0.0178098 0.0653402 0.0278636 0.0019032 0.00795336 4.71752e-05 0.0160262 0.000498463 7.54955e-05 0.00467651 0.00703722 0.000587912 0.00790761 0.0503015 0.00583628 0.463313 0.000814949 0.00154397 0.0292238 0.0569662 0.0277604 4.45724e-06 
0.00854087 0.000567236 0.000858659 0.00197814 0.0293433 0.0257238 0.00771612 0.00651192 0.0108494 0.000746048 0.0572978 2.54616e-05 0.0049925 0.000192711 0.000286488 6.40034e-09 0.00109714 0.00367904 0.0136607 3.59566e-05 0.012826 0.000427595 0.000724413 0.514152 0.000785083 0.00844032 0.0112927 0.255761 0.0214784 8.94645e-06 
0.00224784 0.00689763 0.0410474 6.58716e-05 0.0071373 0.00114223 0.00954736 0.0734767 0.0190233 0.00810429 0.023721 8.8884e-05 0.000199553 0.000149444 0.0024982 1.57924e-08 0.000106294 8.42361e-05 0.0130148 0.000505517 0.0190845 0.0528699 0.000591228 0.61896 0.000148019 0.00189059 0.0109808 0.0799539 0.00634549 0.00011761 
0.000604271 0.000491418 0.000243673 1.24609e-05 0.0541418 0.000668065 0.00277352 0.00575713 0.00273562 4.48146e-08 0.00041734 3.78805e-09 0.000337231 6.47308e-05 0.00103827 1.28493e-12 6.06967e-07 0.000185752 0.0188084 1.23673e-05 0.073408 0.00030373 0.000285464 0.661006 8.14193e-05 0.00138088 0.00496512 0.160655 0.00961651 4.17176e-06 
0.0103602 0.00020253 0.000784343 1.81825e-07 0.0152487 0.00046181 0.149328 0.00636166 2.7731e-06 0.00669954 0.00130943 1.90743e-07 0.000845202 6.30796e-05 0.00413268 3.08262e-10 2.47226e-08 6.97562e-05 0.0775973 3.24646e-10 0.00697412 4.25431e-07 4.8316e-06 0.527125 2.79003e-05 0.000720637 0.0103103 0.177946 0.00342365 5.28008e-08 
0.00111726 0.00509746 0.000313914 0.0360234 0.00969839 0.0210484 0.0125482 0.00385626 0.0143865 0.000225675 0.124386 2.00881e-06 0.00124435 0.000543525 0.00279825 9.91088e-07 0.0084256 0.00531938 0.0062168 4.83184e-05 0.0558031 0.000244946 0.000443911 0.338912 0.274221 0.0192987 0.0404559 0.0170394 0.000272644 8.01368e-06 
0.00953971 0.00274131 0.000421109 5.11837e-05 0.0163207 0.00696067 0.0136759 0.0198137 0.00202883 0.000721081 0.0172794 2.03857e-05 0.00369659 0.00280602 0.000675795 4.45282e-12 1.19355e-05 0.00300259 0.0330352 4.68948e-12 0.10131 0.000546496 0.00187534 0.306764 0.000345037 0.0011245 0.197749 0.222337 0.0351434 2.48316e-06 
0.00269844 0.00293645 0.000988865 0.015598 0.101955 0.0473254 0.00974607 0.0030048 0.00734257 0.00113554 0.040389 1.14528e-05 0.0169175 0.00206323 0.00108602 1.11047e-11 2.90772e-05 0.0104608 0.0370988 6.02044e-06 0.0402469 0.000717174 0.000569263 0.272287 0.0229626 0.0265619 0.23801 0.0580955 0.0397568 2.62577e-09 
1.78726e-05 3.28811e-09 1.19672e-06 4.1137e-05 0.00444538 9.18203e-06 3.84419e-08 0.0205164 0.00199807 3.30992e-05 0.00124231 0.000222505 7.65289e-05 1.47184e-11 1.51303e-05 2.54047e-11 1.51931e-07 0.000289986 0.000206493 2.67549e-11 0.0659133 0.0138905 2.79265e-09 0.879058 2.71793e-05 1.0079e-05 9.2913e-05 0.0108231 0.000984061 8.58351e-05 
0.000144842 1.21842e-06 2.49219e-08 0.291466 2.22803e-07 0.000173105 0.0041226 0.0639554 5.1248e-07 0.00068778 0.02228 0.000512476 0.00321998 3.75898e-07 0.000786261 6.66531e-09 2.19845e-07 0.00172493 0.000280807 3.52779e-09 0.0238585 0.15056 6.03763e-08 0.336314 2.71292e-05 7.90371e-05 0.00399204 0.08326 0.00898129 0.0035718 
0.000571507 0.00252485 0.000615172 9.04908e-06 0.0337565 0.00493392 0.00207239 0.0097343 0.00522581 0.000176423 0.0929315 3.16417e-06 0.000562225 0.00113449 0.000198367 2.02719e-09 2.52393e-07 0.000139897 0.0133131 2.10071e-09 0.0882948 0.0015656 0.000385967 0.581313 2.17814e-06 0.00661287 0.0640929 0.0818819 0.00791664 3.145e-05 
0.0153147 0.00305248 0.000926228 0.000487424 0.0522232 0.0392647 0.0123928 0.00513157 0.00637125 0.000168895 0.0169275 0.000134915 0.00987473 0.00154075 0.00253469 5.42016e-05 7.83446e-07 0.000953779 0.00163179 0.000776875 0.0313019 0.00214045 0.00178819 0.324872 0.115592 0.0524543 0.276216 0.00859908 0.0172677 5.43906e-06 
0.00148868 0.00778047 0.000392252 6.47941e-05 0.0198295 0.00862748 0.0418501 0.0155684 0.0118944 0.00378035 0.0394028 0.000654103 0.000929365 0.000498535 0.00348885 4.30377e-07 2.07167e-08 0.000142679 0.0356759 2.3961e-05 0.0401929 0.0136665 0.0104545 0.489357 2.09863e-08 0.00260141 0.0199559 0.178671 0.0529077 0.000100131 
0.00323403 0.00169848 0.00022864 4.87358e-05 0.0110709 0.038963 0.0139392 0.00480346 0.0095647 5.32709e-05 0.00639467 7.78271e-07 0.0060585 0.00345786 0.00444734 9.33681e-05 5.83292e-07 0.000310875 0.00394035 0.000738448 0.0439689 0.000645752 0.00136916 0.53737 2.57488e-05 0.00412427 0.244319 0.0176989 0.0414296 1.50735e-06 
3.97936e-08 0.00032266 1.85016e-07 2.10385e-07 0.0307115 0.0101157 0.00473747 0.00237708 3.98768e-06 5.18164e-10 0.00297719 1.18401e-06 0.00129511 3.74892e-07 0.00037225 1.32126e-07 3.13509e-06 0.000248034 1.367e-06 0.00119185 0.0269622 0.00173462 0.00155584 0.791719 4.67964e-07 0.00301297 0.0191495 0.0740184 0.0274874 3.70798e-08 
2.91653e-09 0.0230921 9.54983e-09 5.56824e-06 1.2635e-05 0.0451644 4.18716e-06 0.000182628 0.0251519 1.5678e-05 0.00143938 1.55485e-08 0.00591482 0.000928774 4.0137e-06 2.70315e-08 2.19639e-08 0.00859476 4.52426e-05 2.84682e-08 0.140268 8.68146e-05 0.0228473 0.63846 1.2032e-08 0.0327842 0.0548464 0.000103184 3.2465e-05 1.61295e-05 
0.00249106 0.0037765 0.00114109 0.000120952 0.00776685 0.00207209 0.0284323 0.109895 0.00727318 0.0156834 0.0163494 4.17004e-06 0.00503339 0.000684049 0.00507853 2.42245e-07 5.70924e-05 0.00304235 0.0201558 0.000558184 0.00214363 0.263346 0.016516 0.389041 0.000590724 0.00131675 0.0088988 0.0802089 0.00256873 0.00575341 
0.00545305 0.0165586 0.00572339 0.0025142 0.0418985 0.0232387 0.0271332 0.0325471 0.0438069 0.0022875 0.0645353 0.000816857 0.00686509 0.000937098 0.00554404 3.17781e-05 0.00101675 0.0131334 0.0924162 0.000692869 0.0432908 0.00757935 0.00108157 0.298696 0.00037683 0.00581128 0.0214443 0.185646 0.0488627 6.08943e-05 
2.37785e-05 0.000114284 9.52818e-07 0.0188687 6.11675e-05 3.94495e-06 0.104714 0.0568227 2.03956e-05 4.69415e-06 0.00762783 1.4912e-08 0.00179755 1.92804e-06 8.68447e-05 2.59249e-08 2.10647e-08 0.000380977 0.00166683 0.0063813 0.0304945 0.0665331 4.53873e-05 0.687022 0.0141731 1.23628e-05 0.000994093 1.52354e-05 0.00199426 0.000137361 
0.00325046 0.0278912 0.0180764 1.09713e-06 0.00392978 0.00165293 0.0150758 0.0682671 0.0100496 0.000352011 0.0120105 2.04958e-06 0.000367361 0.000943122 0.00304027 1.63469e-08 8.43219e-05 0.00270631 0.0322131 1.55659e-06 0.0574715 0.00205199 3.83437e-05 0.445362 0.000155879 0.00421648 0.0324023 0.244126 0.0142611 1.79064e-08 
0.0290592 0.0565399 0.00194821 0.000414293 0.101229 0.0402846 0.0520201 0.0209316 0.00212316 0.0026434 0.0496325 4.73473e-05 0.00713717 0.0137902 0.00543344 2.24471e-06 0.000362456 0.0105105 0.131195 0.000976949 0.0335457 0.00441293 0.000408553 0.15909 0.0122253 0.0197529 0.0368828 0.153189 0.0541692 4.22016e-05 
0.0210492 0.00172527 1.8497e-06 1.19401e-05 0.0914524 0.00128914 2.90626e-06 0.00907853 0.00692673 2.27852e-08 0.00115478 7.53829e-08 0.000658361 4.16351e-07 5.20349e-05 2.52106e-09 2.04843e-09 0.000109785 0.192283 3.89415e-07 0.103593 0.00346312 3.0437e-05 0.54093 1.39873e-06 0.00332383 0.00667329 0.0117963 0.00439105 1.92499e-09 
0.0269155 0.0121508 0.00433841 4.05808e-05 0.0243569 0.0238064 0.0411455 0.032309 0.00997641 0.0232519 0.0428131 7.82059e-06 0.00536729 0.00179359 0.00341697 2.29124e-09 1.26695e-05 0.00320974 0.0281057 5.08003e-05 0.00957633 0.00135607 0.00540153 0.485868 0.000803296 0.00155475 0.0996205 0.0905729 0.0221775 8.84108e-08 
0.000367161 1.03643e-09 2.03779e-09 0.000121838 2.1762e-06 0.0238706 9.13443e-07 0.0115067 9.75483e-06 2.85048e-05 0.152924 3.31781e-09 0.0060266 1.34122e-05 1.17584e-06 5.76811e-09 4.68676e-09 8.19687e-05 1.90989e-06 0.00864321 2.19877e-06 0.364847 1.90413e-09 0.401313 2.56745e-09 1.78044e-09 2.29659e-06 0.0226759 0.00145378 0.00610532 
6.18262e-08 0.00160382 5.17417e-05 0.000998141 0.00981528 0.0178171 0.00342782 0.130194 0.00033809 0.00277578 0.0125823 2.04417e-05 0.000343385 0.000357288 0.000401924 1.79172e-07 3.14522e-07 0.0841321 0.00124423 1.00597e-09 0.0298284 0.254806 0.000124631 0.385059 0.000512967 0.00548695 0.00448433 0.0528015 0.000777761 1.42537e-05 
0.000432885 0.000426991 7.67465e-05 1.08448e-05 0.0809613 0.00443854 0.0004545 0.00547257 0.0566307 1.08316e-05 0.00451134 9.93467e-10 0.000393809 0.000553765 0.000104804 1.66329e-09 6.14575e-06 0.00209003 0.00719342 0.000218181 0.172205 0.000101618 0.000226666 0.481828 0.000152965 0.00675454 0.151019 0.0205427 0.00318043 1.02682e-06 
0.013863 0.00412073 0.0276591 0.0184182 0.0137831 0.0333825 0.0185532 0.053343 0.039931 0.00405475 0.171903 0.000186558 0.00779945 0.00112743 0.00354653 6.35663e-10 0.00779556 0.00631584 0.0742877 0.000302004 0.0306413 0.0132638 0.000934067 0.295722 0.00966839 0.00406631 0.0138202 0.122957 0.00843739 0.000116675 
0.017716 0.00891605 4.36905e-05 0.00204425 0.0323272 0.00908151 0.0102314 0.0583454 0.026928 2.31063e-07 0.0276565 0.000619196 1.67001e-05 0.0399854 0.000290188 6.82319e-05 1.79439e-05 0.0222992 0.0177892 0.00045776 0.00934555 0.296495 0.00163994 0.35594 3.32544e-05 0.0190897 0.00399837 0.00785914 0.0268414 0.00392385 
0.0158022 0.00461409 0.0009942 0.000202821 0.0103135 0.00793761 0.0281221 0.096254 0.00183026 0.00445513 0.0354969 0.000253681 0.0962309 2.24674e-05 0.0125246 7.45075e-10 8.7348e-05 0.00437446 0.0429688 0.00931386 0.017284 0.244599 4.12173e-05 0.275459 6.5032e-05 0.000314977 0.00335312 0.0784967 0.00733441 0.00125313 
0.000432885 0.000426991 7.67465e-05 1.08448e-05 0.0809613 0.00443854 0.0004545 0.00547257 0.0566307 1.08316e-05 0.00451134 9.93467e-10 0.000393809 0.000553765 0.000104804 1.66329e-09 6.14575e-06 0.00209003 0.00719342 0.000218181 0.172205 0.000101618 0.000226666 0.481828 0.000152965 0.00675454 0.151019 0.0205427 0.00318043 1.02682e-06 
0.020629 0.00518843 0.0652033 0.000129476 0.00763835 0.00641433 0.105912 0.00589531 0.00113178 0.000791739 0.0201282 0.000124933 0.00720785 0.00166685 0.0108059 1.63017e-07 1.18342e-05 0.00452529 0.0855181 0.000264618 0.0731998 0.000280785 0.000507138 0.261749 0.000850115 0.00128985 0.0829325 0.161248 0.0687544 2.66996e-07 
0.00506174 0.0011521 1.16437e-05 9.02169e-06 0.0109442 0.0730307 0.00247993 0.00419011 0.0073737 1.93852e-06 0.00693562 2.90762e-05 0.00228484 1.97722e-05 0.000310707 8.31849e-07 0.000275887 7.32694e-05 7.29042e-05 8.76061e-07 0.054985 0.0096713 0.0144053 0.49908 8.9813e-05 0.00121436 0.26175 0.0269665 0.0175703 8.73786e-06 
0.00209091 0.00358169 0.000313137 0.00649051 0.0196362 0.0451182 0.0101066 0.04447 0.00481266 0.00404354 0.0343691 6.65304e-05 0.0981945 0.00457542 0.00746903 2.19102e-06 0.000473834 0.00236555 0.0517947 0.000596457 0.00183505 0.0535178 0.00236604 0.458199 0.0182669 0.00923501 0.0148637 0.0177579 0.0210547 0.0623333 
0.00471543 0.0119963 0.146044 1.92578e-06 0.0841947 0.0197864 0.0647659 0.0208618 0.00887709 0.00164333 0.0458535 0.000133689 0.00780752 0.000427252 0.0235231 1.20228e-08 0.0980535 0.0068946 0.00511348 8.78503e-11 0.114795 0.0600305 0.000398775 0.172834 0.000497837 0.00564791 0.0247584 0.0515567 0.0187868 3.64398e-07 
2.34319e-06 4.08958e-06 9.19617e-05 2.80575e-07 1.17072e-05 0.0143826 0.00432262 0.000247405 0.163408 8.33287e-05 0.000495485 5.46255e-10 0.00145983 0.000225449 0.000825773 2.46343e-07 0.000369833 1.30283e-07 0.00207979 0.00106827 0.00490941 0.198621 1.76839e-06 0.412282 7.83061e-05 1.24645e-06 0.0303633 0.0526915 0.111972 1.19289e-07 
0.000943493 0.0103732 0.0174908 0.000710589 0.00689515 0.00251415 0.0197426 0.0216783 4.54221e-05 0.00327081 0.0308582 0.0197069 0.000938552 0.00796691 0.000569144 1.48968e-09 5.43474e-07 0.0134691 0.0799075 3.03869e-05 0.0128131 0.0573451 0.000218333 0.563975 0.00052875 0.000598421 0.00632769 0.108745 0.0123025 3.41834e-05 
3.54164e-05 1.12432e-05 6.10626e-06 2.20596e-06 6.49127e-10 0.0299246 0.0193171 0.0410136 0.0177307 2.69616e-05 4.26081e-06 4.10761e-06 0.017478 1.04191e-06 0.00858926 3.52506e-09 2.86422e-09 1.35148e-06 6.92851e-06 0.0238961 0.32159 0.0710645 2.24423e-06 0.404694 4.6278e-06 1.08808e-09 0.00461702 0.0399667 1.18805e-05 3.85151e-07 
0.00307896 0.0193082 0.058732 0.000197587 0.00417714 0.00564104 0.0669279 0.161049 0.00211968 0.0010901 0.0539314 0.179285 0.00888852 0.00152247 0.00434355 6.46409e-11 3.25238e-08 0.00220298 0.00422645 0.000576339 0.0107412 0.00267305 8.1253e-05 0.286245 4.5645e-08 0.00378713 0.00589074 0.111879 0.00129019 0.000113684 
0.00341861 1.20351e-07 0.000830237 0.00211838 0.0142496 0.000710264 1.20379e-07 0.0850005 0.0201056 0.000854219 0.0055128 0.00292218 0.00708813 1.20248e-07 0.00158845 1.20139e-07 1.20188e-07 0.00550982 0.00211842 1.20126e-07 0.203545 0.0354148 1.20312e-07 0.475312 0.000998471 0.00259899 0.0117233 0.0953417 0.0222685 0.000769403 
0.00285464 0.00138771 0.000441574 1.53557e-05 2.08668e-06 0.021916 0.034539 0.0842371 0.00138375 6.52231e-05 0.130669 5.94128e-05 0.0207215 0.000210651 0.000297554 7.56894e-11 9.83434e-06 0.000398535 0.00942579 4.27801e-07 0.0751388 0.00440576 9.55868e-05 0.447173 0.000106712 0.000240635 0.0174949 0.0920484 0.0546599 1.63883e-06 
0.00155413 0.00317487 0.000473819 0.249568 0.0977431 0.013633 0.0179893 0.0116364 0.00244566 0.00041425 0.0857194 0.000130177 0.00180037 0.000746168 0.00255841 6.28979e-07 0.00156077 0.063898 0.00147037 2.56875e-05 0.00746132 0.031251 0.00835005 0.315334 0.000685141 0.00538998 0.0153989 0.0561218 0.00345459 1.00831e-05 
6.11301e-06 0.148352 8.20938e-06 1.94122e-06 1.32065e-10 0.016257 0.280569 7.41037e-05 1.18815e-05 0.0625156 2.55971e-05 8.20954e-06 9.83301e-06 2.97089e-05 0.0930813 7.17175e-10 1.4574e-06 9.27932e-06 1.18702e-05 7.55293e-10 8.64243e-05 0.079255 1.46808e-06 0.319626 3.19222e-10 3.1658e-06 2.22442e-05 1.95716e-05 1.15383e-05 1.26005e-06 
7.36773e-05 0.00023131 0.000293813 5.82638e-07 0.0182146 0.00249284 0.000262478 0.00239843 0.0304251 0.000145967 0.00214786 1.30176e-08 4.23215e-05 0.000147569 2.18447e-05 8.99001e-07 2.68983e-06 0.000861287 0.00438913 1.52412e-06 0.35022 1.5078e-07 2.63484e-05 0.492891 0.00131149 0.00359389 0.0831101 0.00620161 0.000490576 5.91563e-07 
0.0138976 7.82244e-05 0.000122048 3.32424e-05 0.00259412 0.0560239 0.0074512 0.021438 0.00355014 0.000602664 0.00903413 1.92232e-05 0.141308 0.000134986 0.000294673 4.6352e-07 1.01096e-05 0.0159491 0.16507 1.87898e-05 0.00147895 0.00586652 0.000858026 0.493651 0.0155688 0.0002893 0.0206801 0.0121247 0.0118527 1.44574e-07 
2.99961e-06 0.0295276 0.000301806 0.00015193 0.00998076 0.00815823 0.116369 0.132634 2.07964e-06 8.2278e-08 0.0340431 0.000141099 1.61477e-06 2.42712e-07 6.48775e-07 1.08945e-09 3.1776e-07 9.71101e-07 0.0678294 1.14735e-09 0.0346906 0.00406054 1.26936e-06 0.294032 1.87467e-05 1.39204e-06 3.52595e-06 0.208843 0.0591871 1.59899e-05 
0.000602702 0.0109304 0.0125097 4.9665e-06 0.0082338 0.0412115 0.00972249 0.0150542 0.0159757 0.00151276 0.0569494 5.61134e-05 0.00207997 0.00915502 0.00311069 5.5557e-10 2.47921e-05 0.000307772 0.0142379 7.72375e-05 0.0597147 0.0364388 0.0501356 0.508914 0.000220547 0.000244246 0.0185589 0.09858 0.0253955 4.09065e-05 
0.000256793 0.000307864 0.000108494 4.83968e-06 0.118624 0.0088389 0.000574556 0.00698235 0.00904378 2.75117e-08 0.00441451 9.07609e-13 0.000395912 0.000569493 0.000170858 4.1336e-09 1.02833e-08 0.00550546 0.0092529 1.69358e-08 0.214722 0.000211578 1.80504e-05 0.494919 0.000215418 0.0118409 0.090485 0.0200187 0.00251687 1.10642e-06 
8.10225e-06 0.00256674 0.000428472 1.09521e-05 0.00200847 0.0291324 0.00412408 0.124748 0.0503523 0.000216847 0.0105818 2.72905e-06 0.000977654 3.13315e-05 0.00028088 9.15736e-06 1.61285e-08 0.000640391 0.00127756 4.43393e-05 0.0109925 0.0513606 0.000139078 0.491509 9.59801e-11 0.00146597 0.00411453 0.0343372 0.00327374 0.175364 
0.00108376 0.00348137 0.00252661 2.55628e-07 0.0213826 0.00504955 0.0107965 0.0328972 0.0111527 0.00091386 0.0207093 0.000677315 0.00174715 8.94431e-05 0.000862652 6.15412e-12 0.000331919 0.00315737 0.223633 5.87594e-05 0.0297345 0.026923 0.00848062 0.391933 8.30553e-05 0.000518265 0.0806013 0.116321 0.00475168 0.000102914 
0.000282284 0.0177062 0.00183207 2.80786e-05 0.0541408 0.0453301 0.108679 0.0403557 0.0928161 0.00124073 0.0189361 2.94754e-05 0.0309727 0.000394228 0.000241644 4.38119e-07 0.000219921 2.26168e-05 0.0710865 4.49232e-06 0.0381775 0.0413538 0.00598009 0.340001 0.000108747 0.00645867 0.0119328 0.0409696 0.0306955 3.76119e-06 
0.000192048 0.000180852 0.000199586 0.178935 0.0812765 0.0632819 0.000752884 0.00533848 0.0922306 0.000551038 0.107082 0.00027477 0.00134114 0.00174354 7.7412e-06 0.0176863 0.000544266 0.0432899 0.00369428 8.20549e-07 0.00579326 0.00224766 0.00971834 0.319162 0.00012702 0.00668025 0.0190891 0.0163528 0.0056923 0.0165335 
2.04086e-05 0.020926 0.00061697 7.58738e-06 0.00644836 0.000397694 0.0340374 0.00480043 0.00288966 0.000190338 0.00287271 0.00125709 0.000202218 6.88254e-05 0.000130863 2.16166e-11 3.04863e-05 0.000365909 3.95905e-05 2.27655e-11 0.00847352 0.00228113 0.000237293 0.719463 0.0787243 0.000102139 0.101875 0.0126051 0.000717673 0.000218022 
0.020629 0.00518843 0.0652033 0.000129476 0.00763835 0.00641433 0.105912 0.00589531 0.00113178 0.000791739 0.0201282 0.000124933 0.00720785 0.00166685 0.0108059 1.63017e-07 1.18342e-05 0.00452529 0.0855181 0.000264618 0.0731998 0.000280785 0.000507138 0.261749 0.000850115 0.00128985 0.0829325 0.161248 0.0687544 2.66996e-07 
0.0101167 0.017113 0.0151692 3.64155e-06 0.0165891 0.0028413 0.0874012 0.0597313 0.00823106 0.000516568 0.0113514 0.00223671 0.000891536 0.000540697 0.00477021 3.5802e-08 0.000371912 0.00308602 0.113542 4.69747e-05 0.0513403 0.0116756 0.00114377 0.309535 0.000138185 0.00217368 0.0720015 0.184704 0.0127258 1.21959e-05 
0.000967152 0.0027435 8.22301e-06 0.00529532 0.000264482 0.00544874 4.24386e-06 0.0250708 0.00535521 2.04645e-10 0.00227632 0.213987 1.15912e-10 0.000156095 1.48599e-06 1.0144e-07 6.41707e-07 0.000469283 0.0408218 9.57124e-07 0.0879805 0.00653932 0.00235598 0.547493 0.000214696 7.32224e-07 0.0034425 0.0440476 0.00505163 3.20805e-06 
0.00030161 0.00072074 1.04278e-06 0.184602 0.0242647 0.0438226 0.000773526 0.00979572 0.0031959 0.00100148 0.0327116 3.6618e-05 0.00240785 2.34985e-06 0.00233372 2.86159e-05 0.000264008 0.0985478 0.0190078 4.13213e-05 0.0410972 0.0203753 0.0074934 0.383884 2.13224e-05 0.0140304 0.0343166 0.018464 0.0507601 0.00569688 
0.00749173 0.00963732 0.00259279 0.00299653 0.0206076 0.0608453 0.0256608 0.0346579 0.0129759 0.00471462 0.0476461 0.00111325 0.0612061 0.0131041 0.00792887 0.000249132 0.00152952 0.00638463 0.0539575 0.000745815 0.12015 0.00518646 0.0061107 0.158681 0.000219021 0.00705506 0.114061 0.135095 0.0773794 1.71051e-05 
0.00639422 0.0533929 0.00408907 1.28724e-05 0.0358279 0.0588841 0.0685683 0.0469445 0.0168992 0.00118182 0.0345422 6.60142e-05 0.0200147 0.00238114 0.0320061 2.48415e-11 0.00613183 0.00602477 0.0060129 2.80378e-08 0.0635691 0.0026763 0.00278297 0.272756 0.000699409 0.00100876 0.106535 0.108858 0.0417033 3.67937e-05 
0.0622877 0.0175591 2.45931e-05 7.24428e-05 0.00900668 0.00102202 0.233941 0.0893699 0.00959254 0.00808449 0.0208487 0.000369822 0.00589019 5.29591e-06 0.00141457 2.72245e-08 1.45976e-05 0.000477319 0.0108487 1.95829e-08 0.146341 0.0184351 0.000990024 0.271354 1.4116e-05 0.00027158 0.0202678 0.0698925 0.00139714 0.000206609 
1.2297e-07 4.71093e-07 5.70545e-07 6.46849e-07 3.67056e-05 2.36688e-06 4.37347e-07 2.73565e-06 1.22382e-05 4.29082e-06 2.51668e-06 6.936e-09 4.02638e-05 1.15498e-06 5.88061e-07 1.20584e-08 9.79783e-09 0.000973147 4.19574e-06 1.6499e-06 4.76458e-06 0.0225265 4.79942e-07 0.976355 1.43948e-06 7.41775e-06 6.72319e-06 9.14246e-06 3.80136e-06 1.19914e-07 
0.0311354 0.00654097 0.00160216 0.00428738 0.0383165 0.0577263 0.0153783 0.0494223 0.00358792 0.00279304 0.0402866 2.30336e-05 0.070162 0.00268021 0.00677355 3.62884e-07 9.96272e-05 0.00691057 0.0683343 0.000418806 0.0129191 0.00743533 0.0163202 0.214094 0.00346541 0.00646941 0.0302482 0.213794 0.0887713 3.2325e-06 
0.00340166 0.00220665 0.000279689 7.23524e-05 0.0142804 0.0410646 0.0141415 0.00807229 0.00516144 0.00062132 0.0454671 1.01693e-05 0.0553118 0.00252593 0.00608772 4.90872e-05 3.42976e-06 0.0013414 0.00406078 0.0045539 0.0347626 0.00158155 0.00448557 0.43502 0.000192804 0.00578267 0.15609 0.104715 0.0486555 7.97601e-07 
0.000415823 0.0073218 0.108033 0.00863384 0.0988381 0.0354283 0.00927854 0.0292188 0.0113397 0.000388028 0.00997662 1.12305e-06 0.00221328 0.000495713 5.66891e-05 8.38912e-11 0.0013532 0.00871461 0.0155133 6.12885e-06 0.0494175 0.0202983 0.000131431 0.286807 0.000609084 0.214705 0.00506707 0.0502561 0.0254812 6.07763e-07 
0.0335916 0.0108892 0.00237936 0.00235727 0.100772 0.0160268 0.0506802 0.0378457 0.00453062 0.0207063 0.0504937 0.000542094 0.00593857 0.00251409 0.00484476 7.97078e-06 0.000274944 0.00522992 0.0430481 0.000105891 0.0216767 0.0324537 0.00373789 0.282182 0.0111083 0.00548939 0.0210871 0.201985 0.0274847 1.63376e-05 
0.0116637 0.00170647 0.00233946 0.000181705 0.0169839 0.035633 0.00412413 0.0375499 0.0930506 0.00012877 0.0316263 4.52839e-05 0.0100221 0.00527005 0.000113507 0.00368269 7.84782e-06 0.00213666 0.0125793 4.47095e-05 0.0533943 0.0244257 0.00097574 0.499172 0.000336705 0.00530918 0.0682046 0.0334833 0.00448403 0.0413245 
0.000144103 0.0081861 0.00226956 2.92689e-05 0.0155147 0.0360279 0.00398606 0.101261 0.000325001 0.000495141 1.17571e-05 0.00014042 0.00606799 0.000187412 0.00256973 2.27745e-06 9.0028e-07 0.000181244 0.0829532 0.00585368 0.129317 0.0627991 0.000115203 0.187974 0.150807 0.000599403 0.00226304 0.104894 0.0950239 4.30995e-07 
0.00603212 0.00101085 7.64062e-05 4.233e-05 0.123963 0.00617248 0.00308491 0.00850599 0.00174107 0.00151431 0.00887272 3.96578e-07 0.00106431 0.0010933 0.000271904 7.90948e-12 0.000174962 0.000519417 0.179013 0.000167385 0.00877146 0.00543551 4.52897e-05 0.460235 3.01296e-05 0.000573097 0.00480662 0.167123 0.00965661 1.90046e-06 
0.00137624 0.000317962 0.000747233 0.0987378 0.0598494 0.0391921 0.0105695 0.00235078 0.026132 0.000171872 0.0160665 0.00124925 0.014615 0.00017607 0.0223221 0.000314221 0.000455063 0.00694886 0.0232195 0.0222315 0.0216237 0.00396901 0.0013399 0.556537 0.00507826 0.0105841 0.00155363 0.00445124 0.00977229 0.0380479 
0.00154489 0.00627543 0.000880627 5.22713e-05 0.00177602 0.00811079 0.0219639 0.1115 0.0453757 0.00410309 0.0610828 8.87945e-06 0.00603174 0.0100269 0.00312379 9.47701e-05 6.80386e-05 0.0190325 0.0502932 0.00159166 0.0299114 0.0260362 0.00165474 0.51388 0.000125454 0.00217831 0.0150049 0.0382607 0.0199726 3.96914e-05 
1.01852e-08 3.90849e-08 6.88732e-08 6.22326e-05 0.0029106 9.03144e-13 1.18022e-07 0.00159359 0.00774198 8.14341e-10 0.000486005 5.24302e-06 5.77722e-08 9.89543e-05 0.000543513 6.84012e-12 5.5578e-12 1.97044e-07 0.0135893 1.44145e-08 0.0408091 0.000569707 0.000334245 0.820408 0.000270794 3.04053e-08 0.052964 0.0576117 3.55775e-07 7.31722e-09 
0.00644079 0.00511298 0.00277083 0.000900107 0.0308287 0.0361282 0.0152029 0.0211284 0.0324462 0.00464731 0.203754 0.0023913 0.0135674 0.00363358 0.00387107 0.000722567 0.00391787 0.00632595 0.037385 0.0038874 0.0589854 0.0245111 0.00370815 0.214258 0.000540042 0.00497818 0.116986 0.0924062 0.0298146 0.0187499 
0.00108261 0.00613172 0.00962289 2.88256e-05 0.0207739 0.00563854 0.013586 0.0987393 0.0331356 0.00747773 0.00849624 0.000631845 0.0001675 5.68487e-05 0.00267448 6.77159e-11 1.8197e-06 0.00024728 0.00468824 6.55808e-05 0.0519877 0.135985 0.000389739 0.372273 0.000337096 0.000523941 0.000329925 0.211838 0.0130605 2.78362e-05 
0.00747504 0.00422227 0.00466195 8.27238e-06 0.0256578 0.0586745 0.0136397 0.00780223 0.175648 0.0123208 0.121225 8.77134e-05 0.0080507 0.00569843 5.80033e-05 0.000536199 0.000171811 7.10297e-05 0.0330002 7.66213e-11 0.00761209 0.000528348 0.00277332 0.279398 0.0137217 0.00347017 0.167569 0.0325588 0.0133511 8.72349e-06 
0.00188542 0.0065051 0.000372059 0.000225921 0.00449781 0.0121176 0.0101456 0.112732 0.00704952 0.00330458 0.043846 0.000267484 0.0226954 0.000227994 0.000868948 8.27743e-06 3.55691e-06 0.0063673 0.0511237 0.000333378 0.0770051 0.0828479 0.00266493 0.436112 8.90721e-08 0.0150986 0.0117414 0.0728613 0.0166771 0.000413774 
