0.0152085 0.00332089 0.00375248 0.00234876 0.0101251 0.0671047 0.0028101 0.0126672 0.0164858 0.00165842 0.520327 0.00102516 0.00582477 0.00445019 0.000243766 0.00100731 0.00101931 0.0457535 0.0148807 0.00162275 0.00617384 0.123654 0.00758305 0.0730767 0.000388354 0.000718963 0.00908102 0.0142417 0.0167306 0.0167158 
8.78861e-07 0.00515223 0.000111151 0.111163 0.00621459 0.0136783 0.00230889 0.00404106 3.41827e-10 0.00099513 0.0243972 1.47831e-05 0.000455719 1.50486e-06 4.7011e-06 1.13896e-09 2.81418e-06 0.758625 1.34284e-06 0.000649143 0.000571511 0.0136999 0.00158638 0.011823 7.49901e-08 0.000810227 7.73601e-08 0.0384801 0.0052103 1.07048e-07 
0.0248906 0.00704884 0.00106499 0.000481348 1.08102e-09 0.00548856 0.0312306 0.272082 0.0211998 0.00168504 0.119408 1.20402e-06 0.00104158 5.73034e-05 0.0124038 5.87043e-09 4.76989e-09 0.000980328 0.000450039 0.00535825 0.00797203 0.356078 0.00504487 0.0795825 2.61299e-09 0.00127021 0.000931151 0.0118794 0.0224224 0.00994833 
1.29872e-07 4.23646e-07 0.000370519 4.25727e-05 0.00320891 2.94583e-06 6.18626e-07 0.00150952 3.788e-06 2.97395e-07 0.294502 3.04096e-10 1.32473e-06 4.18249e-05 1.42165e-10 5.2868e-10 4.27385e-07 0.00512421 0.000846679 5.8409e-07 5.68995e-05 0.685984 1.07468e-05 0.00807955 2.35321e-10 1.06883e-06 0.000149784 4.98936e-06 5.59068e-05 3.11635e-07 
0.000456419 0.00182231 0.0774948 0.000169408 0.625198 0.00616561 0.0100656 0.0163334 0.000281219 0.00190021 0.00913659 0.00157599 0.00124506 0.000734683 0.000307332 1.80804e-11 0.000106277 0.000528477 0.126216 0.000606925 0.0749666 0.00505915 0.000470202 0.00745114 4.67096e-06 0.00068657 0.00205374 0.0248561 0.00410805 1.18764e-07 
0.00415282 0.00253698 0.00345556 0.000858312 0.251791 0.0640792 0.0114811 0.164681 3.26199e-10 0.0419433 0.0137919 0.0184841 5.97121e-05 3.85136e-06 1.20343e-05 1.08689e-09 0.000640065 8.54204e-06 0.000635859 5.24106e-05 0.0658165 0.0625462 0.00163727 0.0602123 4.83785e-10 2.37355e-06 3.85959e-05 0.179403 0.0516762 2.49409e-07 
0.000476516 0.00270804 0.00075891 1.64703e-13 0.0655393 0.00209307 0.00317685 0.0162968 0.0618003 0.00021471 0.00922116 6.83405e-05 0.000330393 0.000315084 0.000276236 1.01624e-12 5.63287e-06 0.000461604 0.0459646 1.07025e-12 0.0982234 0.000151699 0.00407116 0.0626603 4.52338e-13 0.00133721 0.0101025 0.587404 0.0263393 2.66789e-06 
6.66498e-05 0.00533408 0.000190716 0.000336404 0.00646979 0.00310828 0.0266977 0.00344328 1.38346e-06 3.57975e-06 0.000802444 0.000220465 0.00997231 0.0150089 0.00170902 4.22535e-09 3.43322e-09 0.852156 0.00139675 0.000546746 0.00108433 0.0359574 3.73947e-05 0.000695201 5.89206e-07 0.000491604 5.88252e-06 0.0336263 0.000454354 0.000182101 
5.04463e-08 0.000209111 0.00623546 2.866e-05 1.46666e-10 0.00232916 0.000936367 0.00341108 8.40964e-08 1.71876e-05 6.12181e-08 0.956454 0.00131616 1.64736e-05 0.00100152 7.96465e-10 7.58917e-06 0.00356924 1.232e-10 8.38797e-10 3.23736e-05 0.00699482 7.80098e-09 0.0120611 3.54515e-10 3.02447e-05 6.48265e-05 0.000880135 0.00440428 6.08151e-10 
0.00640541 0.00259393 0.000988058 0.000946366 0.0369866 0.0471168 0.00886093 0.0183583 0.0295767 0.000714998 0.0623815 0.00343951 0.0140369 0.000443453 0.0018037 5.91147e-07 0.000354682 0.00131839 0.0626194 0.000267579 0.172646 0.00100013 0.0029866 0.0930176 0.000231491 0.00698015 0.0451334 0.299806 0.0789705 1.33009e-05 
1.1353e-05 4.1448e-05 2.49427e-06 7.89039e-05 0.000431315 0.0056057 0.00907425 0.00446064 0.0172002 0.214351 0.332305 4.06537e-05 0.000137905 0.00890271 0.00112277 2.73493e-08 0.000585745 0.0149148 0.00803748 6.28612e-06 0.0772243 0.043499 0.00238577 0.0651298 1.21734e-08 0.137254 0.0558525 0.000697041 0.000641919 4.752e-06 
0.0125108 0.00651498 0.00161199 0.000759213 0.0945533 0.0226191 0.0246196 0.0355055 0.0254159 0.00156964 0.0121478 0.00793141 0.00183142 0.00114267 0.00327707 1.08508e-07 0.000322977 0.00178534 0.0603945 0.000562596 0.222304 0.0189014 0.00134905 0.0311352 8.45656e-05 0.0186032 0.0247 0.128097 0.239736 1.35807e-05 
0.000105986 0.0172957 1.82392e-06 1.10882e-05 0.00128424 0.444031 0.00247455 0.0323154 0.00195455 0.00265857 0.00549523 0.00555717 0.0796147 0.00388812 0.000709039 2.87721e-08 2.33782e-08 0.00226176 0.0369371 3.2479e-05 0.0112671 0.000699244 0.0707402 0.00357694 1.28068e-08 0.00145401 0.272026 6.50158e-06 0.00358512 1.59536e-05 
0.0225507 0.111545 0.00330453 0.00881123 0.0220754 0.075052 0.087588 0.192807 0.0119802 0.00274231 0.00979523 7.20765e-06 0.0132372 0.001354 0.0545276 0.00175284 0.000996056 0.00859595 0.141798 0.000856778 0.0240069 0.00587595 0.0159449 0.0190375 0.000169725 0.00234855 0.0269262 0.0496863 0.0846262 2.69594e-07 
4.99535e-05 0.000473719 0.00111364 3.65216e-05 0.00143513 5.18929e-07 0.000359893 0.00378623 2.9872e-08 0.000455179 3.88303e-08 9.67916e-11 0.00171193 8.63399e-08 0.000398383 1.68275e-10 1.14282e-07 8.83103e-05 0.000312042 0.000102052 0.000655386 0.975034 0.00998921 0.00167812 2.9422e-08 3.8415e-05 2.30611e-07 0.00187649 0.00038452 1.93802e-05 
0.10735 0.000671444 0.000353356 0.000646332 0.0127717 0.0518414 0.0854102 0.00418917 0.000616965 0.00120472 0.513648 0.000925773 0.00422529 0.000936922 0.000244929 1.17986e-07 6.80526e-05 0.00709213 0.00199376 0.000454659 0.00273596 0.169208 0.000556037 0.0158603 1.29595e-05 0.000707481 0.0069116 0.0070288 0.00232562 8.62977e-06 
1.28757e-05 2.91227e-06 8.29007e-06 8.64167e-05 1.20254e-05 0.000181127 4.12762e-06 6.18094e-06 0.000252916 3.61285e-07 1.3498e-05 1.19568e-06 8.02093e-08 2.18525e-13 1.6713e-07 3.43926e-06 5.87283e-08 6.0091e-06 3.41976e-06 1.13748e-08 1.49531e-07 0.00055509 1.44607e-06 0.000565176 1.55337e-09 3.44379e-06 5.05724e-06 2.79262e-06 4.74896e-06 0.998267 
2.41878e-05 0.0138253 0.000148971 1.67886e-05 0.0018004 0.106391 0.0254735 0.137414 0.00260423 6.26661e-05 0.0232484 1.19236e-07 0.350368 1.26785e-05 0.00400635 2.07295e-07 5.20112e-06 1.23876e-05 0.00255157 7.38925e-05 0.0317163 0.000256518 0.00799778 0.00424104 9.22693e-08 0.138304 0.0133839 0.0183588 0.1177 1.03696e-06 
0.000967791 0.156089 0.0105778 2.03531e-06 0.00072782 0.00113249 0.010728 0.0423795 0.00572759 0.000593329 0.0124623 0.00307155 0.000812726 4.71289e-05 0.00296013 1.72494e-07 2.02239e-05 0.00289051 0.0119514 0.000467928 0.0597844 0.0248472 0.00610702 0.353995 2.67665e-06 0.000789195 0.00380672 0.0954959 0.191552 1.05878e-05 
2.29145e-08 0.02182 0.000361204 1.23446e-07 1.12373e-06 1.18238e-06 0.0319365 0.161574 1.38535e-11 0.00245421 0.000998938 2.07124e-07 0.00867269 4.92097e-07 0.00163584 4.61595e-11 3.7506e-11 0.00836225 7.49787e-08 4.86129e-11 7.98521e-08 0.706128 1.52379e-11 0.0183775 2.05461e-11 1.28233e-06 1.93672e-07 0.0376738 2.70415e-07 3.52457e-11 
0.000549103 0.0106793 0.00125851 0.000280796 0.0776918 0.129425 0.0181752 0.0092708 0.00185885 0.000353481 0.0716946 0.036549 0.0491061 7.78995e-05 0.00403873 2.59131e-07 6.12948e-05 0.0259199 0.0168926 2.34358e-05 0.0539122 0.0483708 0.0173952 0.0175807 1.31808e-06 0.00971129 0.0210373 0.17471 0.203251 0.000123228 
0.00117925 0.012068 0.00216977 2.03165e-05 0.0075712 0.0856822 0.154006 0.0304746 1.05089e-06 0.0697402 0.0678647 8.42114e-05 0.0362529 3.55973e-05 0.0236681 2.14905e-07 0.00150389 0.00243635 0.000730354 0.00147064 0.0105982 0.169886 0.00149692 0.20293 7.50339e-07 0.00150767 0.00409147 0.100769 0.0105789 0.00118229 
0.00110045 0.0176303 0.159975 4.63168e-05 0.0292525 0.0169886 0.00713803 0.0560478 0.00606753 0.000834536 0.0128968 0.000427563 0.440792 0.000110761 0.00181775 7.94533e-07 3.81143e-05 0.000793012 0.00243395 0.000441766 0.0243642 0.00297965 0.0503329 0.0346092 3.4861e-05 0.00020745 0.0268291 0.0886101 0.0171886 1.10145e-05 
0.00339593 0.177173 3.41647e-06 6.30634e-06 0.0919079 6.04029e-05 0.610504 6.81026e-05 7.07717e-10 9.79421e-06 1.30816e-05 1.35638e-09 7.03144e-05 2.51392e-05 3.8687e-06 2.3581e-09 1.91602e-09 3.47282e-05 0.0191556 1.98923e-06 0.00449132 0.0929085 7.78439e-10 4.96708e-05 1.04961e-09 6.5509e-05 9.89391e-06 2.79328e-05 1.38144e-05 1.80056e-09 
0.0139839 0.00495591 0.00221174 0.000509583 0.0134505 0.283054 0.0785806 0.0255934 0.0146656 0.00233101 0.0100948 0.00228466 0.00904358 0.00105179 0.0101622 8.71783e-05 0.000800326 0.00627107 0.0865089 0.000265877 0.114769 0.00453008 0.00850553 0.0141044 0.00013147 0.00549917 0.0455161 0.143652 0.0973716 1.37882e-05 
0.00276278 0.0219567 0.0565188 2.79528e-07 0.183568 0.00110949 0.028484 0.0516348 0.000214537 0.00151876 0.00111802 3.12375e-07 0.000199161 3.55487e-07 0.00787191 7.6078e-07 4.1041e-11 0.00452207 0.265576 1.24844e-06 0.0473301 0.0407938 0.000705047 0.00446676 1.83822e-07 0.00115179 0.0100809 0.141975 0.126439 1.31322e-08 
0.0363464 0.121319 0.0484349 1.72206e-05 0.0216382 0.121084 0.182357 0.000100118 0.000421598 4.29753e-05 0.155977 9.40726e-07 9.70773e-05 0.000377466 1.97604e-05 7.9003e-09 0.00107495 3.80729e-05 4.58096e-06 8.32019e-09 0.0145016 0.106028 0.00120338 0.12736 2.12257e-07 0.0118064 0.00109854 0.048421 0.000225636 3.99525e-06 
0.0107802 0.0426346 0.019202 0.000166226 0.00047076 0.0105982 0.0180264 0.015282 0.00160956 0.00579274 0.00837749 0.000410686 1.24587e-05 0.00527681 0.000423949 6.57009e-07 7.42324e-05 0.00220076 0.00162863 3.54612e-05 5.61058e-05 0.784627 0.000879408 0.0102565 8.27297e-07 0.0432449 0.0158612 0.00200827 5.39488e-05 8.30052e-06 
0.00315251 0.00177418 6.66934e-05 0.000258737 0.0199966 0.0161035 0.00132249 0.0160181 0.00180147 0.000108947 0.608111 4.34552e-05 0.0113103 0.00323658 0.00454265 6.2085e-11 4.48436e-05 0.0019206 0.0108603 6.53847e-11 0.00516747 0.0226391 0.00333271 0.0972393 4.24889e-05 0.00470883 0.0162367 0.0789223 0.0703387 0.000699776 
5.04463e-08 0.000209111 0.00623546 2.866e-05 1.46666e-10 0.00232916 0.000936367 0.00341108 8.40964e-08 1.71876e-05 6.12181e-08 0.956454 0.00131616 1.64736e-05 0.00100152 7.96465e-10 7.58917e-06 0.00356924 1.232e-10 8.38797e-10 3.23736e-05 0.00699482 7.80098e-09 0.0120611 3.54515e-10 3.02447e-05 6.48265e-05 0.000880135 0.00440428 6.08151e-10 
8.84879e-05 0.00013724 0.000268151 0.0401424 0.00538628 0.0354711 0.000200429 0.000549969 0.00616168 9.63044e-05 0.288307 1.66318e-05 0.00728199 0.00169919 9.42363e-05 3.51647e-08 0.00101054 0.00346496 0.00183448 3.70336e-08 0.0016436 0.000579215 0.0100859 0.559371 1.7296e-06 0.00240281 0.0121837 0.0172543 0.00405875 0.000207292 
0.0116851 0.0190526 0.00875266 0.00016636 0.0853489 0.0433537 0.0602023 0.161615 0.00907933 0.00383309 0.00950472 0.00253979 0.00370734 0.000379916 0.0135827 5.88771e-06 7.26105e-05 0.00634058 0.0870002 0.00032973 0.116558 0.0107989 0.0160103 0.0460834 6.71317e-05 0.00615159 0.0291191 0.0865848 0.162073 1.30149e-06 
0.455283 0.0154965 0.00992909 0.00143638 0.0129895 0.0110351 0.0808035 0.0181398 0.00126161 0.04832 0.0490988 0.000835865 0.00705704 0.000659856 0.0130084 8.66627e-07 0.0661448 0.00303039 0.0188957 0.00217684 0.0559792 0.00648796 0.00229989 0.0174088 0.000314678 0.0143599 0.0163161 0.0298143 0.0413978 1.8536e-05 
0.000138936 0.00240318 3.83487e-07 0.00113536 7.34227e-08 0.00399321 0.00263427 0.0119504 1.66359e-06 2.01298e-06 0.00645709 0.000886946 2.23395e-11 4.11196e-06 1.21098e-07 9.97177e-11 5.09391e-06 0.0121678 5.72094e-07 1.09404e-07 1.07138e-11 0.00467972 5.5053e-07 0.0252135 4.43854e-11 0.913968 0.0143559 1.12037e-07 1.0304e-07 9.88454e-07 
0.000423408 0.00123212 0.000172625 0.0051208 0.0178292 0.160931 0.00432753 0.00330503 0.0070808 0.000259058 0.356057 0.00170577 0.0301739 0.000174797 0.000575181 5.81869e-05 0.000365347 0.0083056 0.0141543 0.000175839 0.019087 0.000575704 0.00224143 0.153291 7.77995e-05 0.00339637 0.0161449 0.166901 0.0258166 4.06039e-05 
0.00961868 0.0203535 0.00245559 0.00143714 0.0354734 0.0260794 0.0260345 0.0251793 0.0148469 0.0020739 0.0155163 0.00362842 0.0158985 0.00320474 0.0151644 3.74422e-05 0.000325688 0.00281808 0.023797 0.000814561 0.360869 0.00297942 0.00685012 0.0210169 0.000170965 0.00769574 0.106889 0.0906543 0.158105 1.23865e-05 
3.9095e-05 0.00510137 0.00306404 4.70878e-09 3.42281e-05 5.00561e-06 0.0916296 0.122401 0.00284467 0.013945 0.00584575 8.5127e-05 2.92614e-05 8.86026e-07 0.000693943 2.90537e-08 2.3607e-08 0.00125866 1.32972e-05 3.05979e-08 4.04555e-07 0.0340018 0.111325 0.0278398 1.29321e-08 0.000111354 2.6708e-06 0.566127 0.0135983 3.04211e-06 
0.000323096 0.000494454 0.000141844 1.21122e-09 0.041794 0.00129774 0.00264107 0.00230959 0.00229652 0.000122541 0.0072425 4.77306e-12 0.000530051 0.000115063 0.000681856 8.29811e-12 2.95088e-06 9.22397e-09 0.44373 3.44622e-08 0.025266 0.000287374 0.000675682 0.00580745 3.69357e-12 1.66277e-05 0.0217302 0.313896 0.128598 7.45285e-09 
0.0374575 0.0130171 0.00876642 1.52272e-05 4.85573e-07 0.0185066 0.0862953 0.110474 0.00138221 0.00140488 0.0503009 0.00123721 0.00118987 0.000209111 0.00390915 2.26596e-11 0.00023666 0.000916776 0.00942181 2.3864e-11 0.149994 0.0100454 9.49234e-05 0.123738 9.04625e-09 0.000239833 0.00935083 0.299106 0.062689 1.55276e-06 
0.00479739 0.00994231 0.0113978 7.8856e-05 0.0350145 0.0243229 0.0272145 0.0814751 0.00383492 0.000728284 0.183139 0.000140704 0.00912577 0.00171558 0.0100362 1.65772e-09 0.0057756 0.00101047 0.021134 1.19642e-08 0.420549 0.000322919 0.0475559 0.0327763 2.03233e-05 0.00194163 0.0219117 0.0322559 0.0116672 0.000114978 
8.23117e-05 1.12505e-05 1.04557e-05 7.66455e-06 0.00147759 0.00708488 0.000464831 0.00500154 0.00827328 0.00282674 0.794894 2.40717e-06 0.00274077 0.000385722 0.000209686 4.99598e-11 8.38182e-06 2.1181e-05 0.00193328 5.26152e-11 0.00239427 0.00413159 0.00281573 0.0168915 1.8827e-09 5.55825e-05 0.0349051 0.10732 0.00604793 2.14224e-06 
0.000192338 0.00357595 0.00232842 6.5999e-09 0.160305 0.000827295 0.053649 0.0139358 8.18043e-09 0.000732313 0.0153318 0.000242231 8.30115e-08 0.000232588 0.0015917 1.95874e-12 1.59154e-12 0.000608813 0.0283555 1.17379e-07 0.396316 0.00264932 6.97552e-05 0.0127281 9.10407e-10 0.000268548 0.00101529 0.280922 0.0241196 1.42284e-06 
0.0192562 0.000297235 0.00360408 1.91846e-05 0.0168554 0.103824 0.0118093 0.00256666 0.256711 0.000317379 0.0486747 1.75456e-05 0.0136843 0.000135842 0.000458889 1.99717e-07 6.04841e-06 0.00073619 0.0472194 0.00113181 0.0155278 0.000143565 0.0217396 0.0269471 3.72745e-06 0.00347082 0.161095 0.182593 0.0611506 3.71116e-06 
0.0301773 0.00231568 0.000795277 5.66281e-05 0.0032382 0.00740657 0.00428418 0.00175792 0.0076061 7.72721e-05 0.0404048 7.42227e-05 0.000763006 0.0624904 0.000443182 2.35002e-05 4.13069e-06 0.000243473 0.00356953 1.80382e-12 0.028588 6.18495e-05 0.00278911 0.0399415 2.82142e-06 0.000167096 0.725547 0.00676264 0.0304052 3.15097e-06 
0.00122073 0.00143569 0.000317908 0.000279853 0.00601484 0.00522769 0.000181979 0.00614184 0.0179712 0.00321799 0.0130983 0.000269057 0.002243 0.00493381 0.000482334 7.22491e-06 2.44697e-07 0.00175381 0.00959452 0.000115655 0.00479465 0.0438261 0.000621602 0.401553 8.84326e-06 3.79573e-05 0.0100995 0.026917 0.00314345 0.434491 
0.000181728 0.0121272 0.000170522 1.47768e-05 0.0594557 0.0501967 0.0470732 0.0169109 0.030064 0.000197985 0.00337872 8.65642e-05 0.00236492 0.00170827 0.000379689 5.16636e-07 2.33389e-05 0.000118012 0.177692 0.00114479 0.213915 0.000599331 0.000843355 0.0989468 8.46802e-06 0.0311756 0.0451059 0.0358382 0.170278 8.04648e-08 
0.00270357 0.0128586 0.00121111 0.0005619 0.0496841 0.00313679 0.070234 0.0213702 8.0967e-05 0.00340571 0.00275508 0.0126769 0.000734728 0.00313286 0.000407014 9.84905e-08 3.88123e-08 0.00553046 0.00153019 0.00121677 0.0055573 0.621535 2.89986e-05 0.140184 1.92401e-06 0.00104177 0.000204382 0.0360889 0.00178402 0.000342596 
0.121102 0.0676171 0.280675 0.000555577 0.00813289 0.00911844 0.153907 0.0239099 0.0110253 0.0965684 0.00647148 0.00830408 0.000931335 0.000836255 0.022946 4.07989e-05 0.00192354 0.0035842 0.0163099 0.000341068 0.0376588 0.00979515 0.00351344 0.0324353 0.000464506 0.0100549 0.00801436 0.0230882 0.00635171 0.0343236 
0.00711761 0.0237059 0.00780922 0.007622 0.115175 0.0355009 0.0279932 0.033463 0.0123508 0.00353068 0.0296892 0.00540545 0.008455 0.00331077 0.00169434 4.6218e-06 0.00486796 0.005567 0.0471018 0.00027413 0.11595 0.00863353 0.00764416 0.137406 0.000688287 0.0761942 0.0777373 0.106572 0.0828767 0.00565878 
0.00677619 0.00245284 0.000836453 0.0141303 0.0229544 0.0743491 0.0171418 0.027868 0.0365402 0.00338392 0.141425 0.00159932 0.0129527 0.000904445 0.00196759 0.000193581 0.000777299 0.0741217 0.0430367 0.00366332 0.0328701 0.00768662 0.00266368 0.121857 0.000326225 0.00487215 0.0155175 0.299698 0.0273747 5.92832e-05 
0.0392652 0.0181597 4.804e-07 0.000609233 0.017259 0.0311923 0.0126684 0.151918 0.000500979 0.0422871 0.0122735 0.000116536 0.00776246 4.4448e-05 0.0067657 5.66741e-08 4.70592e-06 0.0556811 0.000719608 0.027544 0.0077186 0.426341 1.27686e-06 0.0849258 1.86187e-07 0.00209741 0.00143396 0.0246478 0.0279606 0.000100678 
0.00029501 0.00155735 5.68839e-08 0.000182275 0.0206857 0.0243811 0.00696347 0.0198651 0.00424361 7.29413e-05 0.035571 5.25933e-05 0.000236555 0.00988642 0.00232251 2.48773e-11 0.000234181 0.0153055 0.00179344 9.25052e-05 6.64044e-05 0.000790058 0.00157316 0.00735451 3.45151e-07 0.823372 0.013159 0.00428192 0.00566016 1.02241e-06 
0.0365925 0.0031825 0.00174257 0.0049019 0.0175079 0.0649246 0.0172415 0.0134483 0.0154235 0.00235861 0.351459 0.0108961 0.0156696 0.0181286 0.00165403 2.26219e-07 0.0055176 0.010483 0.0348647 0.00499782 0.0395941 0.0530847 0.00729455 0.0585937 0.00021613 0.0157666 0.034352 0.127715 0.0322446 0.000143657 
4.99535e-05 0.000473719 0.00111364 3.65216e-05 0.00143513 5.18929e-07 0.000359893 0.00378623 2.9872e-08 0.000455179 3.88303e-08 9.67916e-11 0.00171193 8.63399e-08 0.000398383 1.68275e-10 1.14282e-07 8.83103e-05 0.000312042 0.000102052 0.000655386 0.975034 0.00998921 0.00167812 2.9422e-08 3.8415e-05 2.30611e-07 0.00187649 0.00038452 1.93802e-05 
0.0078585 0.0104558 0.00349974 0.00157157 0.0394911 0.0207631 0.0298478 0.0359598 0.0487711 0.00219939 0.0266154 0.00179051 0.00450506 0.00280299 0.00452585 1.02929e-06 0.00364216 0.00186179 0.109588 5.1191e-05 0.124681 0.00282046 0.015593 0.0630747 0.00017928 0.011584 0.0506073 0.212103 0.162681 0.0008743 
0.00148868 0.00778047 0.000392252 6.47941e-05 0.0198295 0.00862748 0.0418501 0.0155684 0.0118944 0.00378035 0.0394028 0.000654103 0.000929365 0.000498535 0.00348885 4.30377e-07 2.07167e-08 0.000142679 0.0356759 2.3961e-05 0.0401929 0.0136665 0.0104545 0.489357 2.09863e-08 0.00260141 0.0199559 0.178671 0.0529077 0.000100131 
1.38645e-05 0.0379465 0.000193794 3.73607e-05 0.0290667 0.00673713 3.78786e-08 0.0387731 0.0816808 5.67461e-06 0.160177 3.94451e-11 0.010345 0.00415506 0.00474746 6.85764e-11 2.50229e-06 4.75641e-05 0.00382519 7.37231e-08 0.0147004 0.000345324 0.00833905 0.437928 3.60101e-08 2.59097e-05 0.107 0.0316696 0.0222142 2.29358e-05 
0.0022469 0.00359458 0.00311436 7.72271e-06 0.0099481 0.306089 0.0396013 0.0300767 0.0187908 0.00031133 0.0143228 0.000665416 0.00584492 0.000854402 0.00230449 0.000208727 7.67504e-05 0.000479459 0.144927 0.000679425 0.176837 0.000620129 0.00627249 0.0364453 1.71089e-05 0.00504364 0.0358154 0.0895619 0.0652338 8.33643e-06 
0.00533767 0.00115079 0.00296838 5.39145e-05 0.000979366 0.00801539 0.00264706 0.0192983 7.95756e-06 0.00498603 0.00374039 1.55448e-05 0.0109506 0.00518737 0.000199858 0.0398798 7.39321e-06 0.00235995 0.00278432 0.000128915 0.00307838 0.00576165 0.0148661 0.00450199 1.79042e-06 4.50741e-05 0.083149 0.765883 0.0120137 8.01357e-07 
0.00164897 0.0841452 0.0545071 9.2941e-05 0.0038001 0.0121848 0.451214 0.0158884 1.99003e-07 0.0178206 0.000394828 0.00323468 0.00123792 0.00976965 0.028804 5.67361e-12 3.82146e-05 0.00299333 0.00350097 8.26261e-05 0.00413128 0.00018436 0.042742 0.0119508 4.29423e-09 0.0185459 0.00621289 0.176638 0.0482297 7.54592e-06 
0.000112987 0.00461023 0.000579882 3.84888e-07 0.000231914 0.00448656 0.123455 0.0214198 0.0276327 0.00785678 0.000213739 2.35751e-06 0.00590052 0.000370748 3.74287e-05 3.29741e-08 5.29334e-06 1.70218e-06 0.0132775 0.000249621 0.332208 7.15818e-06 0.0086774 0.00304377 1.46771e-08 0.000413906 0.0170265 0.0989541 0.329219 4.30329e-06 
0.000299238 0.0102818 7.09071e-05 0.000180213 0.00548416 0.038001 0.0161544 0.140264 0.0795969 0.000635481 0.0500008 9.15204e-05 0.00487402 0.00632142 0.00374561 1.13915e-10 0.000140522 0.00162017 0.00470675 3.09996e-05 0.0311075 0.026178 0.00453772 0.403614 3.16996e-05 0.00686842 0.00957466 0.129543 0.0253847 0.000659839 
0.00343788 0.00660102 0.0433003 3.03633e-05 0.0124718 0.155341 0.105811 0.0914015 0.000466203 0.00138937 0.00816986 0.00108541 0.00501241 0.0015206 0.00806593 3.71413e-05 0.000249604 0.000158127 0.0216856 0.00440206 0.139931 0.00218348 0.0261013 0.0103335 8.6129e-06 0.00386779 0.0134864 0.115884 0.217499 6.73431e-05 
0.000504352 0.0270473 0.000932449 0.000145751 0.00902989 0.0433486 0.167696 0.178613 0.0178127 0.00838094 0.0460608 1.94736e-05 0.0111039 0.000286596 0.0309101 3.66569e-08 0.00114792 0.0164639 0.0254678 0.00104711 0.0271924 0.0204966 0.0214884 0.0690845 4.17738e-06 0.000523263 0.0413731 0.131728 0.102089 2.09506e-06 
0.00110045 0.0176303 0.159975 4.63168e-05 0.0292525 0.0169886 0.00713803 0.0560478 0.00606753 0.000834536 0.0128968 0.000427563 0.440792 0.000110761 0.00181775 7.94533e-07 3.81143e-05 0.000793012 0.00243395 0.000441766 0.0243642 0.00297965 0.0503329 0.0346092 3.4861e-05 0.00020745 0.0268291 0.0886101 0.0171886 1.10145e-05 
0.00229917 0.0354295 0.0104658 0.000129104 0.482817 0.02396 0.00839461 0.00378315 0.00765766 0.0951198 0.0220781 0.00832313 0.00132278 0.00466976 1.75755e-05 0.000211284 9.42438e-05 0.00743553 0.0310035 0.000128259 0.0103162 0.0866048 0.0379556 0.0527239 7.30779e-06 0.000147737 0.0489902 0.00362868 0.01427 1.56096e-05 
0.0306218 0.00463206 0.0979764 7.14567e-07 0.00305066 0.119512 0.137939 0.0295264 9.46718e-06 0.00184981 0.0324588 4.48035e-05 0.0912887 1.96472e-08 0.00869406 3.39119e-08 0.155739 0.00237357 0.0179919 3.57143e-08 0.00169434 1.16975e-05 6.49708e-07 0.0105731 1.50946e-08 0.167898 0.00950675 0.0373821 0.0392186 5.70692e-06 
0.00139636 0.00239373 0.00034944 2.30377e-07 0.000276891 0.296555 0.00611473 0.0572534 1.37043e-05 0.00284843 4.29621e-05 0.27505 0.0244346 0.00243683 4.45062e-06 1.37259e-09 1.11527e-09 0.000100181 0.0151144 1.44554e-09 0.00630729 3.15723e-06 0.013969 0.0065836 6.10952e-10 9.30658e-06 0.252467 0.022202 0.0140732 5.82246e-08 
0.00244893 0.0113251 0.00314978 0.00543292 0.00428881 0.175288 0.0117747 0.0229808 0.0030856 0.00703814 0.139208 9.94783e-05 0.207045 0.00139789 0.0101698 0.000893998 0.0110792 0.0052081 0.00817606 0.00206938 0.0254107 0.00928134 0.00597563 0.0544795 0.00080834 0.00515155 0.0287492 0.155043 0.0829402 1.51917e-06 
0.000138936 0.00240318 3.83487e-07 0.00113536 7.34227e-08 0.00399321 0.00263427 0.0119504 1.66359e-06 2.01298e-06 0.00645709 0.000886946 2.23395e-11 4.11196e-06 1.21098e-07 9.97177e-11 5.09391e-06 0.0121678 5.72094e-07 1.09404e-07 1.07138e-11 0.00467972 5.5053e-07 0.0252135 4.43854e-11 0.913968 0.0143559 1.12037e-07 1.0304e-07 9.88454e-07 
1.48465e-07 0.000643624 0.00582525 2.05718e-07 1.69736e-05 0.0391882 0.0046938 0.00377014 1.88762e-07 0.00452336 0.000943084 5.71928e-09 0.101674 3.45677e-07 0.0434006 7.26811e-07 7.19163e-07 3.78375e-09 0.00435219 3.34711e-06 0.000876203 0.757814 0.0078675 0.000950894 4.42579e-09 1.75287e-05 1.43788e-06 0.00466247 0.0186625 0.000110317 
0.00758512 0.0042592 0.00123051 0.0127844 0.0223465 0.0228184 0.0131567 0.0579139 0.00979059 0.0142054 0.227313 0.347697 0.000431466 0.00037824 0.00023659 2.51938e-05 5.21307e-05 0.0207835 0.0013359 0.000149533 0.00413438 0.0252692 0.00129602 0.0238951 2.37705e-05 0.0923072 0.00686908 0.0103971 0.00511044 0.0662049 
0.000838452 0.00135783 0.000126358 2.09385e-05 1.13213e-07 0.00121202 0.012512 0.0382114 2.58035e-07 0.0568924 0.00562682 7.05986e-05 0.00178353 0.0016712 0.00116608 2.13975e-10 3.18048e-08 0.00370322 0.0125936 9.25969e-05 0.0394035 0.712339 1.5052e-05 0.043244 9.52426e-11 0.000701957 0.0027648 0.0593022 0.00434264 7.64337e-06 
0.0718266 0.109865 0.00381888 2.28798e-05 0.0469435 0.0236648 0.0474442 0.252499 0.0549249 0.00628653 0.006156 2.1667e-05 0.00178223 0.0612167 0.000581752 1.4684e-10 1.58105e-05 0.00134056 0.0186532 2.39366e-07 0.0474151 0.00180056 0.0111439 0.00892668 6.29255e-07 0.0110586 0.0688914 0.0362897 0.107408 6.80593e-07 
1.14907e-05 0.00169783 4.54386e-05 2.70282e-05 0.060179 0.651222 0.00713899 0.107 0.00421967 0.000114984 0.0103188 9.38289e-08 0.000282716 0.000572853 0.00187064 1.63124e-07 1.32543e-07 0.00318207 0.000299502 9.40252e-05 0.00608623 0.000409392 0.0558007 0.0225844 7.26083e-08 8.0855e-05 0.00226055 0.0364285 0.0280617 9.68126e-06 
0.000365698 0.00112643 6.02723e-08 6.25556e-13 0.00248749 0.017365 2.19686e-08 0.0268233 5.30558e-08 1.52664e-12 0.00612609 4.66439e-05 5.36118e-08 0.000201926 2.1901e-08 3.85975e-12 7.09187e-05 0.0022059 0.231392 4.06489e-12 0.0468801 0.00061385 0.00716376 0.182699 1.71802e-12 1.13778e-07 0.0068089 0.446478 0.0211444 1.38546e-08 
0.000865499 0.00439486 0.000394819 0.000253997 0.0009995 0.0167833 0.000209735 0.162635 0.245512 3.60472e-06 0.0370593 1.60513e-05 0.0189203 8.87875e-06 1.49389e-06 0.00014507 3.194e-05 0.00101483 0.000323026 3.65931e-09 4.08651e-09 0.0976193 0.00149403 0.269655 1.1473e-06 0.002703 0.0205048 0.00645113 0.000837867 0.11116 
0.00372973 0.000392344 3.5178e-05 0.0221365 0.00549385 0.0290671 0.0187441 0.00242454 0.000479524 0.00111318 0.0267535 1.07137e-05 0.855538 0.00133358 0.00126392 9.36223e-09 0.00048008 0.0021605 5.31827e-05 8.73378e-05 0.00198129 0.0001821 0.000104358 0.0110992 7.29629e-06 9.39361e-05 0.00216868 0.00598227 0.00707181 1.17215e-05 
9.77301e-06 0.000213789 1.52937e-07 0.42035 0.0155365 0.0167815 0.00156003 0.0222242 0.00266472 9.69231e-05 0.0357437 6.48652e-05 0.000218136 3.38187e-05 0.00278016 1.06586e-10 8.63434e-06 0.0874161 0.042048 4.86721e-07 0.0894886 0.000251303 0.0304678 0.13144 8.34463e-08 0.00819466 0.000906781 0.041198 0.038809 0.0114921 
0.835727 0.00677568 0.0121721 8.8437e-07 0.000126993 0.00036995 0.101981 0.0055158 0.000902942 0.00504332 2.08979e-06 6.60155e-08 0.0014379 0.000476767 0.000249112 3.76877e-06 4.9547e-06 2.25243e-06 0.00100496 6.98247e-06 0.00104344 0.000162056 0.00741269 0.000173198 7.11295e-07 1.32982e-05 0.0133859 0.00159233 0.00441121 2.95705e-09 
0.00654784 0.00833226 0.000539045 3.95992e-05 0.0405063 0.0181253 0.0221552 0.0211775 0.000106587 0.00215047 0.0286247 6.49127e-06 0.00121136 0.000651186 0.00215954 6.74165e-06 6.99344e-07 0.00112537 0.528941 0.000556225 0.0484658 0.0326581 0.00161251 0.0144149 3.60668e-06 0.000991377 0.0143698 0.144337 0.0601174 6.58339e-05 
0.000595132 0.00685629 0.0270061 0.00585387 0.335744 0.0132365 0.0437956 0.0355577 0.00411711 0.0082811 0.00830812 0.000918219 0.00484767 0.000441068 0.00540364 1.0365e-08 0.000243117 0.000946791 0.0535681 0.00114676 0.277292 0.00190493 0.00243557 0.0240251 4.57139e-05 0.00964514 0.00574083 0.0910417 0.0310005 1.57043e-06 
0.00305355 0.000961853 0.000119137 0.00166252 0.00282789 0.0154055 0.00415061 0.0112758 0.00101658 0.00170759 0.00881738 2.78051e-06 0.0967472 0.000556345 0.0031142 1.00316e-09 2.27349e-05 0.000288694 0.00449355 2.13977e-05 0.0351054 0.000349432 0.0112846 0.0324589 1.16541e-05 0.000186891 0.0992509 0.190555 0.474531 2.10721e-05 
0.0112089 0.022218 4.8246e-07 0.00017141 1.05274e-06 0.0504097 0.0112245 0.0592472 0.00795056 0.000112258 0.040718 8.87741e-11 0.000172593 0.00105608 0.0024453 4.9472e-08 1.22846e-07 0.0591279 0.0256276 1.6144e-06 0.202727 1.29303e-06 0.000895164 0.309764 7.46133e-08 0.0183963 0.150369 0.005445 0.0194511 0.00125798 
0.00545305 0.0165586 0.00572339 0.0025142 0.0418985 0.0232387 0.0271332 0.0325471 0.0438069 0.0022875 0.0645353 0.000816857 0.00686509 0.000937098 0.00554404 3.17781e-05 0.00101675 0.0131334 0.0924162 0.000692869 0.0432908 0.00757935 0.00108157 0.298696 0.00037683 0.00581128 0.0214443 0.185646 0.0488627 6.08943e-05 
0.00866301 0.00742657 0.00227806 1.92256e-05 0.0107283 0.00334203 0.0539295 0.0340621 0.012848 0.000946756 0.0174219 0.00677277 0.000403514 0.000911081 0.00161008 8.63155e-07 7.04253e-06 0.000161103 0.0866653 1.86259e-09 0.390585 0.00767836 0.0147347 0.0491832 8.12612e-07 1.31273e-05 0.0048486 0.24436 0.040294 0.000105388 
0.0169235 0.0346173 0.093821 1.23117e-06 0.00123156 0.000138962 0.0280077 0.0672593 0.000382613 0.155939 4.72722e-05 9.23707e-05 1.35451e-05 2.65452e-06 0.000120986 1.49709e-06 0.0834074 2.69726e-06 0.00182529 8.12057e-06 0.00560689 0.00272384 0.00148903 0.000598094 1.54412e-06 0.503265 0.000454976 0.00161867 0.000395034 2.70005e-06 
1.28757e-05 2.91227e-06 8.29007e-06 8.64167e-05 1.20254e-05 0.000181127 4.12762e-06 6.18094e-06 0.000252916 3.61285e-07 1.3498e-05 1.19568e-06 8.02093e-08 2.18525e-13 1.6713e-07 3.43926e-06 5.87283e-08 6.0091e-06 3.41976e-06 1.13748e-08 1.49531e-07 0.00055509 1.44607e-06 0.000565176 1.55337e-09 3.44379e-06 5.05724e-06 2.79262e-06 4.74896e-06 0.998267 
0.00445851 0.055649 0.000185541 7.67537e-05 0.0133202 0.0221112 0.151104 0.369748 0.00197881 0.00901695 0.029292 1.99268e-06 0.0168467 0.000353206 0.00721585 5.54176e-06 6.96148e-05 0.0108489 0.00382308 0.00118246 0.0131662 0.10606 0.00101948 0.0672014 6.63904e-05 0.000547913 0.0171681 0.0882447 0.0091594 7.8263e-05 
1.28757e-05 2.91227e-06 8.29007e-06 8.64167e-05 1.20254e-05 0.000181127 4.12762e-06 6.18094e-06 0.000252916 3.61285e-07 1.3498e-05 1.19568e-06 8.02093e-08 2.18525e-13 1.6713e-07 3.43926e-06 5.87283e-08 6.0091e-06 3.41976e-06 1.13748e-08 1.49531e-07 0.00055509 1.44607e-06 0.000565176 1.55337e-09 3.44379e-06 5.05724e-06 2.79262e-06 4.74896e-06 0.998267 
0.000248299 0.000628934 0.00124508 8.96656e-07 0.0659956 0.00525846 0.014314 0.0019009 4.6518e-07 0.000171876 0.000181084 2.68677e-05 0.00450268 1.79095e-05 0.00134299 5.55812e-12 1.71928e-05 0.000709055 0.00088034 8.44037e-06 0.162579 7.09061e-05 0.00014206 0.0061331 3.68173e-07 0.00578182 0.00518369 0.0827382 0.639919 3.82579e-08 
0.00442911 0.00276827 0.000496399 0.000128706 0.0332645 0.00757465 0.0646292 0.462715 0.00153473 0.00418815 0.010669 0.0679096 0.00165575 0.000142342 0.00158418 3.02528e-09 9.19043e-05 0.00180684 0.0143472 4.79312e-05 0.0288512 0.0637039 3.24828e-05 0.0796706 6.35361e-06 0.000673824 0.00970201 0.1185 0.0188064 6.98663e-05 
1.28757e-05 2.91227e-06 8.29007e-06 8.64167e-05 1.20254e-05 0.000181127 4.12762e-06 6.18094e-06 0.000252916 3.61285e-07 1.3498e-05 1.19568e-06 8.02093e-08 2.18525e-13 1.6713e-07 3.43926e-06 5.87283e-08 6.0091e-06 3.41976e-06 1.13748e-08 1.49531e-07 0.00055509 1.44607e-06 0.000565176 1.55337e-09 3.44379e-06 5.05724e-06 2.79262e-06 4.74896e-06 0.998267 
0.00445851 0.055649 0.000185541 7.67537e-05 0.0133202 0.0221112 0.151104 0.369748 0.00197881 0.00901695 0.029292 1.99268e-06 0.0168467 0.000353206 0.00721585 5.54176e-06 6.96148e-05 0.0108489 0.00382308 0.00118246 0.0131662 0.10606 0.00101948 0.0672014 6.63904e-05 0.000547913 0.0171681 0.0882447 0.0091594 7.8263e-05 
0.000456419 0.00182231 0.0774948 0.000169408 0.625198 0.00616561 0.0100656 0.0163334 0.000281219 0.00190021 0.00913659 0.00157599 0.00124506 0.000734683 0.000307332 1.80804e-11 0.000106277 0.000528477 0.126216 0.000606925 0.0749666 0.00505915 0.000470202 0.00745114 4.67096e-06 0.00068657 0.00205374 0.0248561 0.00410805 1.18764e-07 
8.78861e-07 0.00515223 0.000111151 0.111163 0.00621459 0.0136783 0.00230889 0.00404106 3.41827e-10 0.00099513 0.0243972 1.47831e-05 0.000455719 1.50486e-06 4.7011e-06 1.13896e-09 2.81418e-06 0.758625 1.34284e-06 0.000649143 0.000571511 0.0136999 0.00158638 0.011823 7.49901e-08 0.000810227 7.73601e-08 0.0384801 0.0052103 1.07048e-07 
0.0399819 0.0136526 0.00102707 0.000225038 0.0174869 0.00542692 0.0341459 0.02134 0.000800101 0.0331176 0.00700228 0.000874369 0.00133147 0.000243614 0.667869 0.000103072 4.64474e-05 0.00651059 0.0331346 0.00165417 0.0235066 0.0431595 0.000727635 0.0090521 9.64681e-05 0.000103223 0.000438471 0.0295578 0.00733837 4.57156e-05 
0.0135955 0.0118856 0.00836448 0.00382163 0.0171733 0.046972 0.0136994 0.0343902 0.0204393 0.000370347 0.0471987 0.000147617 0.00265551 6.98091e-05 0.000457666 6.14962e-08 0.00478752 0.0291833 0.0421802 0.000291152 0.231037 0.00557184 0.00727119 0.041482 3.30259e-05 0.00501922 0.331907 0.0399753 0.0400121 8.11144e-06 
0.0249932 0.00813916 0.00215038 0.00296314 0.175442 0.0903049 0.0312664 0.0463232 0.000369914 0.00340043 0.0788346 0.0061005 0.00327878 0.000241353 0.0036739 6.53858e-06 0.00166628 0.159689 0.07635 0.000119044 0.041158 0.0177247 0.00820281 0.0223198 1.69951e-05 0.000383162 0.00646619 0.126016 0.0623778 2.21139e-05 
0.0119133 0.00486262 0.00261406 0.000814873 0.017701 0.008099 0.0455088 0.0848957 0.00633547 0.001693 0.015119 0.00237362 0.0375148 0.00578691 0.00197177 1.13183e-06 5.7595e-05 0.00485404 0.0108847 0.000215669 0.0285648 0.491586 0.000190639 0.0802607 0.000148993 0.000907751 0.0135403 0.0694882 0.0472921 0.00480335 
0.000217854 0.0604802 0.00200168 2.8437e-06 0.0853792 0.000723883 0.410704 4.59131e-06 0.000191567 0.000323389 0.000118385 0.0003086 0.000826027 0.331684 8.16253e-05 1.67171e-06 1.35831e-06 0.000335002 4.47471e-07 0.000558819 0.000595413 4.70379e-05 5.51853e-07 0.0467846 7.44095e-07 0.0036564 0.00146603 0.0124474 0.0410558 1.27646e-06 
4.25463e-05 0.000374709 6.41561e-05 7.93614e-05 0.0107872 0.00885028 0.000376905 0.00534739 0.00887451 0.000195409 0.0674053 1.22178e-05 0.0195062 0.000109822 0.000806986 2.94642e-12 6.01965e-06 0.000343414 0.00991664 0.00660585 0.0315945 0.000368477 0.000377403 0.537136 7.47863e-09 0.00114587 0.0126872 0.263218 0.013763 4.5581e-06 
0.0038581 0.0250419 0.022301 0.00124256 0.0510567 0.0691749 0.0247251 0.0260443 0.0446095 0.00101266 0.0352105 0.00196913 0.0112483 0.00256657 0.00135119 7.77459e-08 0.000825484 0.0082677 0.0650098 0.00134812 0.0837055 0.0121131 0.0806717 0.0726124 0.000134544 0.0131662 0.288668 0.0292473 0.0227469 7.10823e-05 
0.000138936 0.00240318 3.83487e-07 0.00113536 7.34227e-08 0.00399321 0.00263427 0.0119504 1.66359e-06 2.01298e-06 0.00645709 0.000886946 2.23395e-11 4.11196e-06 1.21098e-07 9.97177e-11 5.09391e-06 0.0121678 5.72094e-07 1.09404e-07 1.07138e-11 0.00467972 5.5053e-07 0.0252135 4.43854e-11 0.913968 0.0143559 1.12037e-07 1.0304e-07 9.88454e-07 
1.16046e-05 0.00674346 0.000121964 1.24571e-07 0.0454989 0.00462948 0.0267194 0.142363 0.0396294 0.00931573 0.0571151 0.000197347 0.00255743 1.37001e-05 0.00124576 7.03618e-10 5.7171e-10 0.000382574 1.68172e-06 5.18689e-07 7.55978e-11 0.00681949 0.00197974 0.192389 3.13188e-10 6.04251e-06 0.0157261 0.347177 0.0993547 1.76284e-07 
0.0279699 0.00119889 0.00162833 0.000382245 0.0992031 0.00766977 0.0103934 0.00538269 0.0663503 0.000408766 0.0166834 0.00052706 0.00179154 4.50218e-05 0.000236335 1.38504e-06 0.000257071 0.000812781 0.410333 9.67222e-05 0.0235814 0.0704348 0.000137509 0.111246 4.52706e-05 0.00214527 0.00384763 0.0205537 0.0058077 0.110829 
0.0030755 0.00341728 0.00597342 0.00239036 0.0162056 0.037145 0.0114904 0.0101112 0.00466144 0.00300134 0.259517 0.00104851 0.302831 0.00153953 0.0010852 2.674e-06 0.00390239 0.00154263 0.0154039 0.0209266 0.0137235 0.0107472 0.00448505 0.0186831 0.000520006 0.00798597 0.0410777 0.146199 0.0512738 3.37171e-05 
0.000294662 1.21206e-07 2.05717e-08 2.32657e-08 0.00149405 0.0468241 8.13399e-08 0.00252269 0.0183684 5.55876e-08 0.831834 1.21255e-07 0.001025 2.41171e-06 7.56062e-09 2.05787e-07 1.63203e-08 0.0104113 0.0208167 1.05714e-11 0.00303605 7.71573e-08 7.55513e-07 0.0125431 4.46797e-12 2.9156e-07 0.0166478 6.7389e-07 0.0341777 2.53007e-08 
0.0074861 0.0166005 0.00453506 0.00391234 0.0352508 0.0929373 0.023414 0.0636948 0.0621194 0.00478318 0.0699391 0.00148071 0.0499633 0.00328506 0.0100981 0.000149119 0.00414976 0.00247177 0.064841 0.00221192 0.099155 0.00872824 0.0157665 0.0722648 0.00135056 0.0296663 0.0600128 0.0854761 0.104232 2.46701e-05 
0.00245226 0.0105187 0.00483618 1.09458e-07 0.0445366 0.034219 0.00868183 0.0311429 1.09426e-07 1.09403e-07 0.0499932 0.00065628 0.00678562 0.000809374 0.00230915 1.09262e-07 0.00123526 0.00789929 0.041179 1.09249e-07 0.0447408 0.00281271 0.0228687 0.106599 1.09392e-07 0.0104501 0.0296864 0.481783 0.0532906 0.000513899 
4.99535e-05 0.000473719 0.00111364 3.65216e-05 0.00143513 5.18929e-07 0.000359893 0.00378623 2.9872e-08 0.000455179 3.88303e-08 9.67916e-11 0.00171193 8.63399e-08 0.000398383 1.68275e-10 1.14282e-07 8.83103e-05 0.000312042 0.000102052 0.000655386 0.975034 0.00998921 0.00167812 2.9422e-08 3.8415e-05 2.30611e-07 0.00187649 0.00038452 1.93802e-05 
0.00075544 0.0118724 0.00270277 0.0256722 0.00979475 0.289081 0.0157879 0.198722 0.0195001 0.00318602 0.132247 0.000299962 0.00375747 0.00316632 0.00224797 0.00730718 0.0023398 0.0835675 0.0166184 0.00020151 0.0137307 0.00242929 0.00392888 0.0434292 6.09625e-05 0.0101893 0.0295084 0.0277746 0.037519 0.00260264 
0.00299393 0.00368405 0.000291931 0.597442 0.0134807 0.0280908 0.00525249 0.0146666 0.00210979 0.000853527 0.0310906 0.000122182 0.00263679 0.00012584 0.00211292 1.57587e-07 0.000165094 0.117137 0.00876167 0.000272495 0.0311 0.0037026 0.00134947 0.0548948 4.82923e-05 0.00668524 0.0339304 0.022594 0.0141909 0.000214075 
4.15355e-05 0.00108911 0.000886019 3.68419e-06 0.000204876 2.10651e-05 0.000495699 0.0229385 8.37425e-05 2.80839e-05 0.959686 8.29985e-06 3.13238e-06 9.02418e-07 2.28188e-06 3.80986e-11 3.09562e-11 1.09559e-05 0.000869756 7.01917e-09 0.00303452 0.00128331 2.60571e-05 0.00232102 1.69581e-11 0.000111933 0.000654271 0.00287002 0.00310132 0.000223442 
1.87341e-05 0.00103841 0.000553662 1.06821e-08 0.445584 0.00101096 0.00801623 0.0218805 0.000601428 0.00343428 0.0522164 2.73962e-08 8.30924e-05 7.70242e-08 3.61381e-08 1.11971e-11 3.81489e-08 0.000195909 0.0131179 1.17922e-11 0.00485914 1.55872e-07 0.0042176 8.95736e-08 8.04266e-09 0.0049008 0.0206196 0.0704639 0.347087 0.000100438 
1.28757e-05 2.91227e-06 8.29007e-06 8.64167e-05 1.20254e-05 0.000181127 4.12762e-06 6.18094e-06 0.000252916 3.61285e-07 1.3498e-05 1.19568e-06 8.02093e-08 2.18525e-13 1.6713e-07 3.43926e-06 5.87283e-08 6.0091e-06 3.41976e-06 1.13748e-08 1.49531e-07 0.00055509 1.44607e-06 0.000565176 1.55337e-09 3.44379e-06 5.05724e-06 2.79262e-06 4.74896e-06 0.998267 
0.00050788 0.000819522 0.078781 0.000198655 0.683943 0.00578993 0.0132739 0.0159552 0.000592482 0.00206742 0.0118545 0.000825497 0.00140203 0.000407121 0.00050162 1.46968e-11 2.62679e-05 0.000639021 0.0892906 0.000606889 0.046241 0.0050591 0.000687419 0.00412432 7.88601e-06 0.00244582 0.00205927 0.0265316 0.00536037 2.64862e-07 
0.0303217 0.0168379 0.0036613 0.0061367 0.137835 0.0652011 0.0336362 0.111703 0.0415857 0.000782792 0.0184817 0.00396843 0.00436903 0.000318502 0.00412113 0.000482043 0.00233109 0.0126508 0.114061 0.000910834 0.192111 0.0126874 0.0039167 0.051804 0.000395584 0.0180511 0.0153673 0.0701095 0.0261557 5.04803e-06 
3.2914e-09 0.000102282 7.77479e-09 3.19674e-05 0.00229228 0.0221067 0.00075379 0.00856609 0.0110601 0.000161906 0.0407113 5.90793e-12 0.00080524 0.000729685 2.98355e-08 1.02711e-11 2.80319e-08 1.1038e-08 0.0138278 1.0817e-11 0.00738108 0.000527707 0.000610599 0.434874 4.57178e-12 0.000380312 0.0188924 0.379241 0.0568822 6.12867e-05 
0.0111624 0.0108645 0.00672121 0.0503001 0.0274992 0.028648 0.0251631 0.138671 0.0202235 0.00221913 0.0192591 0.00242837 0.017993 0.00201203 0.00863788 1.90476e-05 0.00115783 0.00459398 0.0377515 0.00171833 0.0747808 0.0167925 0.0536157 0.106498 0.000169994 0.0133744 0.0690744 0.131881 0.115499 0.00127067 
1.28757e-05 2.91227e-06 8.29007e-06 8.64167e-05 1.20254e-05 0.000181127 4.12762e-06 6.18094e-06 0.000252916 3.61285e-07 1.3498e-05 1.19568e-06 8.02093e-08 2.18525e-13 1.6713e-07 3.43926e-06 5.87283e-08 6.0091e-06 3.41976e-06 1.13748e-08 1.49531e-07 0.00055509 1.44607e-06 0.000565176 1.55337e-09 3.44379e-06 5.05724e-06 2.79262e-06 4.74896e-06 0.998267 
