0.000604816 0.0129876 0.00642032 1.35572e-06 0.0392406 0.000652837 0.305186 0.010221 1.47467e-06 0.00484302 0.00468722 0.0122412 0.00039405 1.24978e-05 0.0259835 4.03068e-13 1.50499e-08 0.000408982 0.00115183 4.2449e-13 0.0234394 0.00126457 0.00122926 0.00695341 8.9414e-05 1.24414e-13 0.00216571 0.498527 0.0412931 4.54561e-08 
0.000676134 0.109735 0.00515853 1.80538e-06 0.000937097 0.0318699 0.0364609 0.000302769 0.000770458 4.40505e-05 0.00146425 0.00574579 0.0104968 0.0424449 0.573827 6.32235e-09 5.13709e-09 1.48127e-06 0.0757333 0.0044615 0.00869683 0.00113433 0.0011669 0.00600518 9.04293e-05 1.95151e-09 0.000836101 0.0747322 0.00720578 5.44719e-08 
1.65802e-07 2.64404e-07 3.99553e-07 8.50474e-05 0.431191 0.00270285 0.0388046 0.029332 4.30807e-06 4.96103e-06 3.33018e-07 3.63352e-10 9.19378e-07 1.20399e-05 0.00941449 6.31698e-10 5.13273e-10 0.00159884 0.0721621 1.55211e-08 0.324654 2.46717e-08 0.0465959 0.00814895 0.000117482 1.94986e-10 0.00393092 2.69625e-06 0.0312359 1.05601e-07 
0.000128557 0.00683327 0.00155349 3.7141e-07 0.000146897 0.00195927 0.00950518 1.84066e-05 0.000733022 2.87885e-05 8.02126e-06 4.81402e-08 2.83298e-05 6.00378e-05 0.964034 8.36931e-08 6.80031e-08 3.18485e-08 0.00236328 0.00252188 0.00215468 3.88088e-06 8.45319e-05 0.00110355 0.000177058 2.58334e-08 3.52268e-06 0.000479967 0.00606965 2.62248e-07 
1.29397e-06 5.99637e-07 3.44766e-07 3.06792e-05 0.303012 1.39846e-05 0.0304727 0.0325338 0.00445787 2.9759e-06 1.36712e-06 4.16889e-10 0.00278027 1.17042e-06 0.00225851 7.24773e-10 5.88899e-10 5.2196e-06 0.140512 2.16772e-08 0.286628 2.21376e-07 0.174169 2.11958e-07 2.99953e-07 2.23715e-10 1.22033e-06 0.00554421 0.0175718 5.5341e-10 
0.000125037 0.00679928 0.00153532 2.18985e-07 0.000140644 0.00193471 0.00948559 1.08523e-05 0.000717275 1.69729e-05 4.72907e-06 2.69153e-08 1.67356e-05 3.53972e-05 0.964381 4.6793e-08 3.80207e-08 1.78066e-08 0.00234576 0.00245192 0.00214109 2.28758e-06 7.9087e-05 0.00109142 0.000164721 1.44435e-08 2.08069e-06 0.00047412 0.0060437 1.52903e-07 
0.00126884 0.0335972 6.73814e-05 7.79206e-05 0.000303347 0.0215202 0.0720564 0.296384 0.000213684 0.00426774 0.0250817 5.14541e-06 0.00129759 0.00129493 0.433311 6.29234e-07 0.00330257 0.00193384 0.0213004 0.000565662 0.0130411 0.0470296 0.00226557 0.000321481 2.70947e-07 8.39783e-10 0.00338934 0.000369917 0.0157319 2.0774e-09 
4.59235e-05 0.00663342 0.000641495 0.00328253 0.00556353 0.0133607 0.0126715 0.0557942 0.0216968 0.00111076 0.0195264 0.00120233 0.00118412 0.0014829 0.0429195 0.0600469 7.98498e-05 0.00271513 0.00719489 0.00030578 0.000162954 0.19856 0.00398994 0.320188 0.000453813 6.3236e-06 0.00149989 0.0155519 0.00102606 0.201103 
0.000420961 0.00533543 0.017951 0.00239728 0.00308951 0.000360095 0.129789 0.0230675 2.13715e-06 0.00457778 0.000327517 0.00206467 0.00118718 0.000387191 0.00040188 8.26195e-09 6.71308e-09 0.145879 0.0374 0.0225269 0.00308232 0.576589 0.0178434 0.0024422 1.45066e-05 2.55021e-09 2.11371e-05 0.00148463 0.00135703 5.62447e-07 
4.41351e-06 0.000178984 1.73625e-07 0.00378672 0.000435843 0.0125927 0.00214649 0.0342127 2.73737e-07 1.10922e-06 0.188067 2.82687e-07 0.172518 2.47144e-07 0.000897742 2.37888e-10 1.93291e-10 0.108081 2.67454e-07 2.50532e-10 0.000247641 0.0185963 0.000662509 0.00247673 0.000744972 7.34287e-11 0.162743 0.229917 0.0616869 1.91259e-07 
9.13135e-06 0.0041674 2.8407e-05 7.14991e-06 0.00045887 2.99458e-06 0.013423 0.000184673 0.00611858 2.35648e-05 4.03063e-05 0.00200893 2.70268e-05 0.000213573 0.000369386 7.50401e-06 8.51504e-06 0.000176104 0.000286409 7.90284e-06 0.00182727 0.0755366 3.13493e-05 0.890538 2.00732e-05 2.31625e-06 0.000357992 0.00408708 1.08699e-05 1.951e-05 
5.47588e-09 1.26574e-07 1.28331e-07 0.000118129 0.00597581 5.97862e-08 0.000313711 0.0549593 0.000330107 0.0178882 0.00471592 4.82084e-07 0.00150074 0.000591466 0.00122471 4.21845e-08 7.03884e-05 0.000695573 3.07713e-07 0.000371896 0.0106858 0.313179 5.58122e-07 0.57244 0.00213755 9.04951e-11 9.41352e-07 0.0067452 0.00560999 0.000443957 
0.000323161 0.00414606 0.000780343 1.04211e-05 0.00426144 0.060909 0.0464832 0.0514708 0.0112149 0.0193078 0.00190028 0.000354282 0.0569501 6.72775e-05 0.0135306 7.1789e-05 1.01367e-06 0.0436616 0.0123588 0.00278804 0.000538182 0.485284 0.00283774 0.00784478 0.0022695 4.02752e-07 0.00867081 0.0190434 0.142919 7.06345e-07 
3.16435e-05 0.0661598 5.32541e-06 0.000445582 0.010683 5.18677e-07 0.198801 0.113353 2.42368e-05 2.0853e-05 0.0117971 0.000220412 7.11279e-05 2.8882e-08 0.0116166 4.98517e-08 4.0506e-08 0.000944331 2.19234e-05 0.000978957 0.00808168 0.563722 0.000934848 0.0120332 1.39977e-06 1.53877e-08 2.29877e-06 2.71279e-05 1.57603e-05 5.40753e-06 
0.00263482 4.52243e-07 1.2818e-06 1.77403e-07 4.53405e-07 0.000584395 0.308974 0.038427 0.00479483 0.00767841 0.00311284 0.00853029 0.000850416 3.45361e-07 0.00717523 5.13292e-10 4.17065e-10 0.0134181 0.0313922 0.00730028 0.0473312 0.248889 0.0106036 0.246052 0.00214202 1.58437e-10 9.06018e-06 0.00888413 0.00121323 4.18093e-07 
9.18473e-05 0.00442704 4.73174e-05 5.16742e-05 0.00272829 0.0987005 0.0195118 0.0719142 0.0127907 0.0156646 0.0089077 3.19689e-05 0.0072558 0.00366767 0.000348792 9.61007e-05 3.72628e-05 0.00500431 0.00614966 0.000309641 3.75998e-06 0.35636 0.0152943 0.225994 0.00293726 9.7223e-07 0.0197526 0.0630737 0.0588446 2.44828e-06 
7.01994e-06 0.000144 0.00024837 8.98259e-06 0.00253779 0.00349159 0.000114714 0.00131952 0.000907436 6.79007e-06 0.00476336 3.27508e-06 0.00051598 0.000271003 7.49861e-05 5.69382e-06 9.95345e-06 3.35606e-05 0.000274849 7.58813e-05 0.000770567 0.000197943 0.00144584 0.0495689 7.88446e-06 1.75751e-06 0.915016 0.00737335 0.0107982 4.34759e-06 
0.003297 0.012982 0.00263066 0.000456171 0.0347335 0.0269877 0.0234213 0.0687574 0.010188 0.0074667 0.182939 0.0237213 0.014475 0.000129374 0.0554373 1.56384e-06 0.00742503 0.00325972 0.0521091 0.00648494 0.018058 0.285007 0.020669 0.0114669 0.00129076 1.19327e-06 0.045483 0.0683247 0.0127344 6.13407e-05 
0.000247454 0.00331271 0.000171177 0.000165271 0.000579755 0.0603753 0.0411734 0.00804514 0.0718778 0.00221521 0.0772874 1.15247e-06 0.0511698 2.15191e-07 0.0261981 6.50619e-07 0.0125552 0.000129401 0.00577402 0.150289 0.0479176 0.0868639 0.0932113 0.234554 0.0011796 1.95706e-09 0.00113955 0.0196456 0.00383246 8.77913e-05 
1.23463e-07 0.000818585 4.60694e-07 5.59245e-06 8.35501e-05 0.000620904 0.00808915 0.032011 0.00294058 0.0002093 0.0139925 3.09073e-07 0.00797049 2.9839e-06 0.00378447 2.14208e-05 8.38927e-07 0.000285876 0.000791031 0.894974 0.000171692 0.00260509 0.000850934 0.00169722 2.1133e-05 7.21811e-08 0.00115893 0.00594888 0.0209388 4.45553e-06 
0.0283467 0.00042688 0.00275456 0.000231467 0.0345448 0.00765762 0.00694302 0.0210662 0.00112332 0.00696293 0.021652 0.0364833 0.00780147 0.000276721 0.00137936 6.84878e-05 0.000300276 0.00112764 0.0899807 0.00301645 0.00340466 0.58104 0.000534122 0.0484082 1.46639e-05 3.23222e-06 0.00155954 0.0510001 0.0417134 0.000178439 
8.06444e-05 0.0107136 0.00544477 0.000177374 3.09895e-05 0.00426273 0.0134713 0.025636 0.0104812 0.00226819 0.006514 0.00159279 0.00118892 2.58596e-07 0.00288732 1.45929e-08 2.80862e-06 0.00159779 0.0487296 0.00464061 0.0127734 0.659904 1.77291e-06 0.160239 0.00129862 1.16849e-10 0.000534072 0.0171196 0.00827655 0.000131924 
3.69936e-05 0.0812084 0.000789602 1.9109e-06 0.00112495 0.000297876 0.0192635 0.0846719 0.00912725 0.544742 0.00282308 7.48818e-05 0.00541091 1.97099e-05 0.154643 2.72503e-06 0.000202514 0.00018001 9.03768e-05 0.0466006 5.55111e-05 0.00176025 0.0150552 0.00759568 1.75152e-05 8.41132e-07 0.000469633 0.000561157 0.0231703 2.08073e-06 
0.000432964 0.000241116 8.2421e-06 1.55433e-06 0.000382889 0.00939064 0.00457657 0.0779817 1.66926e-06 0.000291657 0.0406991 6.0941e-07 0.0956289 0.000122991 6.39426e-05 2.89583e-06 2.48245e-06 2.53746e-05 0.00375578 0.000591402 0.000787738 0.673793 0.00013436 0.0761216 0.000291867 5.74519e-08 0.00269033 0.0112199 0.000738153 2.04812e-05 
0.000299928 0.00285619 0.000110563 3.78573e-05 0.00289179 0.000874724 0.00956432 0.0426642 0.000850332 0.00169446 0.00349177 0.00124446 0.0118921 0.000727937 0.00288526 2.21759e-08 1.80185e-08 4.62306e-05 2.61351e-05 0.00578486 0.000190145 0.857444 7.32054e-09 0.0109925 0.000127817 6.845e-09 0.00205409 0.0392278 0.00201778 2.21968e-06 
0.00679781 0.0485329 0.0432209 2.55275e-07 0.000481288 1.55451e-05 0.222554 0.0185719 5.2345e-05 0.638399 0.000691732 0.000303559 7.22151e-05 4.52674e-05 0.00237385 4.64547e-08 0.000127975 0.000255952 0.000383761 6.7679e-10 0.000920176 0.00101459 0.00227941 0.000990854 0.000215469 1.98361e-10 2.78602e-05 0.0104337 0.00120418 3.40692e-05 
8.7704e-05 0.00823435 0.00156519 5.30334e-05 0.000106334 0.0846812 0.00644893 0.0131369 0.0072431 1.71534e-09 0.0955946 0.000617931 0.000503843 1.97076e-05 0.0049239 4.33684e-09 8.39873e-06 0.0010171 0.0334413 0.217387 0.0185174 0.215287 0.0032958 0.241864 1.7698e-06 1.33865e-09 0.00307834 0.00804312 0.0347784 6.36575e-05 
0.0960909 0.106309 0.0756416 9.34297e-08 0.00811257 0.0078726 0.0442596 0.0937851 0.000958965 0.00475044 1.53601e-05 0.0329137 0.0105583 1.05853e-07 0.0308211 3.33748e-08 0.0142685 0.0383842 0.000383601 2.17022e-07 0.0446454 0.0481907 2.01777e-06 0.0155313 4.57309e-05 4.04418e-09 0.00183297 0.226307 0.0983162 2.86306e-06 
0.0116884 0.00904948 0.000673065 0.000157104 0.0105339 0.00146393 0.0224435 0.013926 2.43453e-06 0.00576375 0.01267 0.0331615 9.10396e-05 1.38064e-05 0.00753214 0.000137542 5.25611e-08 0.000251991 0.000982948 4.13544e-05 0.00688887 0.802401 8.3729e-07 0.0178288 0.000345279 1.99673e-08 0.000217538 0.0338763 0.00759748 0.000259658 
0.000251379 0.0730294 0.00139794 1.67167e-06 0.00613935 0.0168206 0.0726051 0.0364511 2.21589e-05 2.10755e-08 0.00386523 0.000348882 0.00222661 0.00381648 0.00417633 7.15203e-08 4.32951e-08 0.000993087 0.000848838 1.43637e-05 7.86814e-05 0.0326531 0.000682457 0.0269573 0.00056869 1.64472e-08 0.704958 0.00789162 0.00320144 4.0686e-08 
0.000246486 0.092635 0.0413723 3.67914e-05 1.84306e-07 1.2291e-07 0.58736 0.12981 2.26868e-07 5.06848e-06 4.41476e-08 1.32884e-07 6.11488e-07 4.0547e-11 9.31593e-07 6.99858e-11 4.83414e-07 2.66323e-11 0.0235101 4.57048e-07 1.92503e-07 0.0179686 1.31712e-07 0.0101153 0.0969354 2.16024e-11 1.02485e-07 2.97071e-07 1.39434e-07 5.93223e-07 
0.000183892 0.00552307 0.000170956 6.34648e-06 0.0118566 0.0223113 0.0443968 0.0177336 3.56743e-06 0.00237865 0.0438653 1.03298e-05 1.78149e-05 1.93194e-05 6.67056e-05 9.77779e-07 9.16275e-06 0.000657461 1.59685e-05 3.92581e-05 3.93845e-06 0.829148 2.55308e-05 0.00821098 0.000267878 3.0181e-07 0.00184046 0.00481508 0.00641572 4.91137e-06 
1.88248e-05 0.000638498 0.00104414 1.03764e-06 0.00110525 9.22306e-05 0.000757938 0.00513437 0.00133319 6.64975e-07 0.000446365 9.76426e-05 0.0113912 0.000896494 0.0053686 1.68124e-06 1.36605e-06 5.17138e-05 0.000397537 0.00186148 6.96736e-05 0.0368981 0.000113703 0.0086081 0.918029 5.18945e-07 0.000970163 0.00442827 0.000240962 1.28373e-06 
9.55187e-08 0.00962085 0.00447152 6.3243e-09 0.00664947 0.00174023 0.710892 0.00674648 3.14457e-07 0.0540454 8.11225e-08 0.000111256 0.000637223 4.72004e-08 0.179274 1.70353e-09 0.000158561 0.000846492 2.34126e-07 2.02862e-11 0.00060237 0.00078099 3.53335e-07 0.00570505 2.74486e-05 5.94571e-12 0.00283052 1.46005e-06 0.0148585 1.47081e-11 
1.08943e-05 0.0138435 0.0179819 3.78848e-06 0.00296623 0.00455833 0.0653659 0.534331 0.000327824 0.00241265 0.0137101 0.000498161 0.00908046 1.89488e-05 0.0113529 0.00146107 1.45583e-05 3.98298e-05 9.1763e-05 0.000690243 0.00027488 0.0838448 0.00141133 0.0119374 4.1751e-05 3.64514e-08 0.00593459 0.167354 0.0504243 1.67283e-05 
0.00425375 9.41247e-05 0.000298402 5.18876e-06 2.44658e-05 0.000188701 0.00630694 0.0125007 4.0462e-05 0.000208225 5.07891e-05 8.65361e-06 0.861038 0.0359127 0.00490604 1.24337e-05 8.85948e-05 1.50395e-05 7.52686e-06 1.30945e-05 8.92668e-05 2.19376e-05 0.00229313 0.000131175 2.22399e-05 4.24083e-06 0.0312377 0.0268093 0.0134075 9.49389e-06 
0.000979851 0.0127802 0.00344042 1.09974e-05 0.00157613 0.00411003 0.0820836 0.0140835 0.0954291 0.000510897 0.1346 0.000478618 0.362666 3.56799e-05 0.0261227 2.415e-07 4.55476e-06 4.83525e-05 0.000108395 2.54335e-07 0.0090888 0.0669179 0.00139938 0.0279087 0.00030464 9.69184e-08 0.0149835 0.0426034 0.0977225 1.30187e-06 
0.0033862 0.00539389 0.000296795 0.000267041 1.22954e-05 0.000543707 0.0486872 0.0361382 0.000329695 0.000384353 0.0841796 0.00791312 0.00185769 6.80135e-09 0.0327202 1.17394e-08 9.23889e-05 4.46731e-09 0.0115458 0.00883502 0.101754 0.598396 3.63251e-06 0.0135069 1.60584e-05 3.6236e-09 0.00236646 0.034295 0.00707882 8.9638e-09 
0.0145298 0.00807991 0.00845506 0.000533257 0.0088364 0.000124131 0.0209535 0.0899429 7.79683e-06 0.0233876 0.00603846 0.102786 0.000192652 1.33025e-07 0.000220385 1.30779e-10 0.0434327 0.00294038 0.116574 8.91793e-06 0.142435 0.102487 0.00627601 0.028627 0.000184504 4.03674e-11 0.000244264 0.240634 0.0320214 4.69486e-05 
9.23474e-05 0.0168761 0.00799436 0.000828344 0.0345068 0.00997187 0.550649 0.0234533 1.35756e-08 0.00955185 0.00717481 0.0134213 0.00136416 3.57549e-07 0.153695 2.80772e-11 2.28136e-11 0.0119062 1.05045e-07 4.15046e-06 6.97153e-07 0.0088065 0.000474802 0.00835576 0.00341437 8.66656e-12 0.00384361 0.0759303 0.0576844 3.80991e-09 
9.38842e-05 0.687729 1.25181e-05 1.07964e-08 0.000382935 0.00450974 0.0162052 0.0564579 0.0203282 0.00185287 0.000139891 0.000972328 8.47728e-07 0.000228806 0.156819 3.68856e-10 3.12571e-07 3.77091e-07 0.0111506 3.75267e-06 0.000318102 0.00240371 0.000184956 0.0132508 2.06572e-07 1.13854e-10 0.008215 0.0100128 0.00861407 0.000112276 
1.39468e-07 0.00790833 3.42074e-10 2.10498e-07 0.000719197 0.000207812 0.0504838 0.024549 1.40183e-06 0.290296 0.0495853 5.56945e-10 0.0122021 5.60973e-10 3.38836e-07 0.377088 2.8335e-07 0.00044388 0.00883049 3.05658e-06 0.0157482 0.0376079 3.19637e-10 0.0421373 4.30985e-10 2.98873e-10 0.0701793 0.00852089 0.00348703 7.39331e-10 
0.00114433 0.00425265 0.000595308 7.99788e-05 0.00917211 0.081495 0.00527677 0.0878833 1.71087e-05 0.000978942 0.204638 0.000563684 0.144839 6.2866e-05 0.0266956 0.000210083 1.88756e-05 0.00111074 0.0151701 0.0177236 0.0696477 0.0134385 0.00118334 0.0130302 8.503e-06 5.55494e-06 0.000627232 0.267815 0.0323105 5.61541e-06 
7.49407e-07 0.0188479 7.62509e-07 1.10596e-07 3.23454e-06 0.00741 0.0518338 0.0513132 1.39506e-06 5.72818e-06 0.0055343 6.82871e-10 1.52096e-06 0.00892735 4.78829e-06 1.18719e-09 1.63195e-06 9.98008e-08 3.08298e-06 0.00162413 0.00859663 0.211045 5.62579e-07 0.140258 5.81565e-07 3.66449e-10 0.00342989 0.348262 0.142894 9.06495e-10 
1.26968e-05 0.00348905 0.000152548 0.000807418 2.2496e-05 0.0208019 0.0464041 0.010856 0.00332478 0.00450697 0.000484585 1.64227e-07 0.000377855 1.33731e-06 0.0026745 4.87632e-09 0.000587164 0.0105498 0.776521 3.40866e-06 0.00461267 0.0274153 0.0352131 0.0332385 3.46375e-07 1.50517e-09 0.00973752 0.00209965 0.00610501 3.72338e-09 
0.0047096 0.0102936 0.0180075 1.33919e-05 0.000695472 0.00424761 0.186869 0.000170395 2.40306e-07 0.0124886 5.90727e-06 5.79123e-07 0.000771163 2.49122e-10 0.733245 4.29995e-10 3.49383e-10 1.6363e-10 0.000137022 4.52849e-10 0.00729038 0.00141598 0.00909025 0.0022618 0.00018358 1.32726e-10 0.000323716 0.00068186 0.00709824 3.28328e-10 
9.31267e-05 0.0133946 0.00193092 0.137733 0.000776273 0.0180386 0.0938174 0.01556 0.128431 1.15892e-05 0.126075 0.00026592 0.252197 0.0101906 0.00400528 1.21725e-06 0.000182788 0.00113841 0.0077254 0.000697625 0.00529856 0.00420504 0.139805 0.00263778 0.00096339 3.95112e-07 0.00617983 0.00397888 0.0243369 0.000328439 
6.93101e-05 0.0706437 0.00160506 3.98943e-06 0.000244933 0.000271064 0.0115165 0.054375 0.512998 0.0746981 1.70859e-05 1.53183e-07 6.04546e-05 3.3353e-06 4.00005e-05 2.66313e-07 2.16387e-07 1.01343e-07 0.00787301 2.80467e-07 0.0342445 0.00117192 0.007156 0.000716384 1.18539e-07 8.22025e-08 0.0846153 0.0186226 0.119053 2.03347e-07 
0.00556655 0.125553 0.00831692 2.2133e-05 0.000598386 0.0400867 0.150757 0.0776726 7.71013e-06 0.027856 0.0121647 0.00339944 0.000412931 6.97184e-06 0.00152382 8.41883e-06 0.000153676 0.0179314 0.00243358 0.00852704 0.00331177 0.446672 0.0122981 0.0504609 7.17893e-05 3.32517e-06 0.000738282 0.00143946 0.00194746 5.76933e-05 
0.0193836 0.00307259 0.00236954 7.23595e-06 0.000451024 0.00147042 0.0110505 0.000178229 0.000256692 0.0238366 0.000484969 0.00101337 0.0031662 0.00037336 0.000177112 4.22378e-06 3.43194e-06 0.000241907 0.00316556 0.00883021 0.00451523 0.90355 0.000411095 0.00164295 7.96861e-05 1.30375e-06 0.000364522 0.00947188 0.000411875 1.49039e-05 
0.00328105 0.00257554 0.00531879 6.33774e-06 0.00440913 0.0168873 0.103861 0.0554778 9.65041e-07 0.00132435 0.00803911 0.0307601 0.0310429 3.94346e-07 0.0178121 0.0339425 1.224e-06 0.00132625 0.00129051 4.65859e-05 0.0272519 0.467541 0.0116057 0.0112762 5.77043e-05 5.16733e-09 0.000447564 0.111337 0.0530727 6.78033e-06 
2.88678e-05 0.0050571 0.000199312 0.000241987 0.00511342 0.000635028 0.925013 0.00190245 4.07455e-06 0.00197646 0.00116247 0.00135945 0.000980715 0.000102615 0.0143621 5.99255e-06 0.000100603 0.00301427 3.00547e-05 0.00244738 0.0167716 0.0040314 0.0014638 0.000781515 0.0022169 1.84971e-06 0.00114292 0.0050358 0.00480314 1.3346e-05 
0.00960739 0.00794698 0.000486364 9.78648e-05 4.38691e-05 0.0178663 0.0228495 0.152145 0.018502 0.127266 0.0177351 0.000679343 0.0219896 0.000170454 0.00390191 1.18615e-09 6.57523e-07 0.0231669 1.01843e-06 7.1608e-07 0.00393008 0.104474 0.000276574 0.0788465 5.27968e-10 3.66128e-10 0.0194025 0.19827 0.170342 9.25322e-07 
3.25823e-05 0.00029224 5.60883e-12 5.30734e-08 0.00118518 0.00179505 0.00167222 0.030153 0.00677281 1.28641e-07 0.0600495 0.00027713 0.00116661 4.42215e-05 0.000189913 1.58762e-11 9.31356e-08 1.27238e-07 0.0445735 1.672e-11 0.0236544 0.0224391 7.24221e-06 0.330863 6.05248e-10 4.90049e-12 0.00256467 0.462035 0.0100692 0.000162515 
0.00589672 0.0206993 0.00240284 9.07116e-05 0.00416661 0.149006 0.0875325 0.0531047 0.00106535 0.102686 0.0134245 0.00350938 0.0035556 0.000495408 0.0728898 9.05494e-06 9.43108e-05 0.00881614 0.125714 0.0132614 0.048421 0.0710089 0.00458872 0.0567925 0.00384124 9.44123e-07 0.00137646 0.0347977 0.11075 2.63887e-06 
0.00148191 0.0140648 0.00600005 3.14354e-05 0.139923 5.68859e-05 0.113515 0.0520321 4.99837e-09 0.0940938 0.020906 0.102579 3.41641e-08 2.17892e-12 0.00167999 3.76091e-12 3.05585e-12 0.000517126 0.0152556 2.37608e-08 0.0175978 0.0472388 0.000285947 0.0027998 5.99753e-05 1.16087e-12 0.00060771 0.23449 0.1345 0.000282488 
1.65927e-05 0.00595561 0.00159223 5.81522e-06 5.88031e-05 0.00169535 0.128623 0.0259964 0.000130136 1.01225e-05 8.37086e-06 0.00314473 0.00263295 0.00410706 0.000681295 1.15984e-08 9.42406e-09 0.00236824 0.00496199 6.35298e-06 0.0902803 0.44959 0.000100699 0.15719 0.000191347 3.58007e-09 0.0503052 0.0380861 0.032259 2.3696e-06 
0.000118791 0.0121528 7.38803e-05 0.00123519 0.016214 0.00514753 0.0312129 0.0398443 0.00330441 0.000483134 0.00794882 0.126736 0.00111733 6.70735e-05 0.0038081 3.37231e-05 1.70137e-07 0.000483802 0.0405036 0.0267983 0.000371856 5.25158e-05 0.0280606 0.0138522 3.62087e-05 6.46327e-08 0.0042375 0.00364465 0.632438 2.27096e-05 
2.57968e-07 0.00516164 1.01973e-05 3.27613e-05 0.00904674 0.0159891 0.00832695 0.0950562 0.000324572 0.0262388 0.018667 0.000232679 0.200686 0.000194374 0.0119356 4.79417e-08 1.78829e-05 0.00240899 0.0235029 3.72242e-05 2.61073e-06 0.554393 0.011806 0.00633491 0.00117646 1.47981e-08 0.000299926 0.00138776 0.00672947 3.66065e-08 
0.0193222 0.0175017 0.0136579 2.22798e-05 0.00217765 0.0837073 0.125824 0.0673673 0.0720703 0.0114019 0.263656 0.000713921 2.36204e-05 2.19347e-05 0.00115348 2.04491e-06 0.0276387 0.000168999 0.00134513 0.00355767 0.000558118 0.236841 0.0219799 0.00204196 1.04583e-06 2.5501e-07 0.0179948 0.00251061 0.00672085 1.68842e-05 
0.00839845 0.00264541 0.0141966 0.00183518 0.000515951 0.0269935 0.188876 0.00362079 0.00171389 0.00996539 0.148038 0.000233356 0.00506605 0.000105083 0.00231327 2.46753e-09 3.81045e-06 0.145312 0.0234155 0.00442662 0.0387761 0.0892965 3.52921e-06 0.213959 7.71764e-05 7.61648e-10 0.00323883 0.0551107 0.0118613 2.42832e-06 
8.04755e-08 0.0105235 0.0030005 1.25849e-07 0.0206715 0.0148538 0.1042 0.12136 0.00811833 0.0257637 0.00881399 3.88539e-05 0.0652102 0.0306143 0.00452437 6.0113e-08 5.5183e-08 1.89066e-06 0.00254317 3.5581e-07 0.00465864 0.243812 7.75088e-07 0.129155 0.00151838 1.32894e-10 0.127673 0.0718052 0.00113756 9.08822e-08 
2.31289e-05 0.0100134 0.00706523 0.000625289 7.45723e-07 0.0153932 0.212706 0.173324 0.0308342 0.131531 0.00159255 3.80679e-06 0.0206214 7.56057e-10 2.44037e-06 1.30499e-09 5.68194e-07 2.6211e-05 3.97885e-06 6.18843e-07 2.13893e-06 0.00228319 4.30793e-10 0.331521 4.84339e-07 4.02809e-10 4.11172e-06 0.0231681 0.0392529 9.9644e-10 
0.0720118 0.0058067 3.0555e-06 0.0213486 0.0177406 0.0401117 0.0212565 0.108804 8.53874e-08 0.00371145 0.0228936 1.42792e-05 0.0159436 3.52348e-05 0.010944 8.12983e-05 0.000429429 6.82709e-05 0.0201745 0.000159783 0.257226 1.24487e-07 0.0280598 0.0619211 0.000252635 1.64233e-10 0.0281727 0.126224 0.1366 5.26627e-06 
1.66018e-07 0.0616581 0.0205024 3.85308e-06 0.00459814 0.0236526 0.379706 0.0795295 0.119581 4.08734e-11 1.17758e-07 5.94404e-11 0.000825487 0.00137065 0.0151169 1.03339e-10 0.000361095 1.68715e-07 2.92525e-05 7.62554e-08 0.113235 0.000133504 0.116572 1.09403e-07 3.50278e-08 3.18975e-11 0.00870776 0.00308106 0.0513352 7.89057e-11 
0.0282876 0.00197379 0.00169315 1.33314e-06 0.0127814 0.0181357 0.0399472 0.0058199 0.0030384 0.00268758 0.143579 0.000167924 0.0150579 0.00196196 0.00314786 1.02249e-08 7.32847e-05 2.70193e-05 0.000104199 3.53464e-08 0.018819 0.000822147 0.00607424 0.0140594 0.0044838 1.21488e-10 0.0175968 0.472682 0.186977 2.31082e-07 
2.16336e-05 0.00264673 8.62669e-06 1.10757e-05 5.00264e-06 0.0178728 0.00022475 0.0530014 6.54552e-05 3.24674e-08 0.0513244 0.000489133 2.77329e-05 4.75575e-08 0.00117247 8.20863e-08 4.62061e-05 0.755382 0.0191329 0.000246004 0.00542386 0.00395538 0.000473497 0.0791369 9.51488e-06 2.53375e-08 6.63624e-05 0.00169417 0.00754822 1.32252e-05 
1.63568e-07 0.0223646 6.62441e-08 7.49189e-08 0.0156787 0.0538421 0.00864379 0.0508448 1.76559e-06 0.00202288 0.106391 3.9046e-07 1.56421e-07 0.0341784 0.000387131 0.147509 0.000215523 0.00387211 0.0170524 1.11319e-06 0.0298154 2.48458e-07 2.43286e-06 0.0249578 1.43875e-11 9.97725e-12 0.207126 4.49422e-07 0.274986 0.000105995 
0.00394452 0.112899 0.0261627 1.31933e-05 0.000121227 0.00896616 0.0881749 0.0636461 2.78355e-07 0.0226037 9.87326e-07 0.000159894 0.0468102 0.000303218 0.486588 2.9456e-07 4.66394e-06 0.0481131 0.0119931 0.00148649 0.00872441 0.0600864 0.00102947 0.00193697 0.000750987 2.14408e-09 0.000111952 0.00476942 0.000598606 5.30388e-09 
1.78731e-07 0.00643818 3.86045e-10 2.66472e-07 0.000597539 2.00421e-06 0.0841379 0.0276696 1.79659e-06 0.367365 0.0518543 6.28537e-10 0.0162635 6.33083e-10 4.28417e-07 0.233118 3.63032e-07 4.96806e-06 0.0147164 3.86486e-06 0.0239169 0.0451831 3.60724e-10 0.0443521 4.86385e-10 3.37291e-10 0.0643612 0.0142008 0.00581102 8.34367e-10 
0.000137913 0.00824599 0.0107861 7.71907e-06 0.00317844 0.0490845 0.139805 0.3278 0.0164214 0.00602319 0.017502 0.0056284 0.0182801 0.000225011 0.0725545 7.42712e-05 6.88408e-05 0.000183412 0.0059472 5.86231e-05 0.0772773 0.0019034 0.00210042 0.0263303 0.000391355 2.08772e-07 0.00382982 0.0738596 0.132294 6.79431e-07 
0.000239056 0.00137048 2.45346e-07 0.000173549 9.52978e-06 0.00840983 0.00623054 0.0683798 0.000142732 0.0187732 3.07035e-07 1.39029e-07 0.0308389 0.037141 0.000332105 2.30848e-10 0.00136583 0.000347734 0.000226546 0.00267161 0.00459302 0.791816 7.62059e-11 0.00315002 0.000565284 7.12556e-11 9.24338e-07 0.0232189 2.14045e-06 1.76267e-10 
0.00391105 0.00198207 2.04302e-07 0.000398723 0.0103265 0.00481068 0.101906 0.0569138 3.34653e-07 0.0238558 0.000725856 0.0267864 4.20803e-07 5.93646e-11 0.103631 1.02466e-10 8.32566e-11 0.000478336 0.0308339 0.00132224 0.0284022 0.502404 0.00517975 0.00601582 0.000122275 3.1628e-11 0.00385051 0.0632421 0.0229004 2.06717e-07 
0.000242288 0.0216194 0.00224517 0.0882493 1.16856e-06 2.96941e-07 0.180159 0.363181 1.74298e-08 0.029614 1.79726e-07 0.000332916 3.4256e-07 1.92289e-08 0.0212725 6.45276e-08 9.00932e-07 0.000114955 1.70231e-07 0.0023476 0.14314 4.69626e-07 2.40915e-06 0.122974 2.39593e-07 2.84497e-12 0.00518385 0.00707899 0.0122378 2.07618e-07 
0.00113528 4.29267e-05 1.29288e-08 0.000123254 1.68878e-06 0.0102364 0.151335 0.0154752 0.00150613 0.0092594 0.000425634 2.10499e-08 0.0196499 5.77665e-06 0.00787819 3.65958e-08 5.52676e-06 7.63213e-07 0.0433502 0.00381616 5.99269e-05 0.730621 7.84921e-06 0.000597333 0.000121144 1.1296e-08 9.54231e-07 1.84522e-06 0.00432968 1.27172e-05 
0.000269216 0.125539 0.0171053 2.02137e-05 0.00516566 0.00964578 0.236512 0.189339 8.66077e-05 0.019172 0.000528789 0.00965562 0.00232733 0.000166256 0.114016 7.1383e-06 8.5117e-07 0.00150138 0.00805989 0.00124689 0.00303636 0.153609 0.000954087 0.0265384 0.00199157 7.90061e-08 0.00420596 0.0589651 0.0103341 8.3852e-08 
0.00269759 0.0115259 0.00406688 6.56005e-05 0.000127283 0.0894063 0.0809835 0.456482 0.000148683 0.0143878 0.00808456 0.000466472 0.000362578 0.0101675 0.000832477 0.00071599 3.31243e-05 0.00919557 0.0767446 0.00928025 0.00459749 0.104867 3.92721e-05 0.0468889 0.0011652 4.30206e-06 0.000356882 0.0645388 0.00174734 1.98976e-05 
3.59528e-06 0.00216168 4.05787e-07 3.01918e-05 0.000194009 0.0199914 0.0107097 0.0421526 0.039285 6.38549e-06 0.0324515 0.000126892 3.055e-05 0.00254689 0.0454711 1.72201e-06 6.37049e-07 0.00126015 0.0160968 4.24618e-07 0.0161722 0.0811933 0.00629681 0.569671 1.79463e-07 5.58331e-10 0.0591095 0.0364001 0.018055 0.000580297 
5.54739e-05 0.0012809 0.000987969 3.6745e-05 1.91166e-06 0.0046003 0.000718065 0.000335448 0.0276638 2.8887e-05 0.0543551 1.24567e-08 0.0100016 2.06301e-06 1.71828e-05 2.16563e-08 3.49469e-05 5.46096e-06 0.161927 0.63358 0.0101123 0.00322412 9.77798e-05 0.0572924 1.84219e-05 6.68461e-09 0.000925097 0.0023703 0.0292712 0.00105567 
6.65286e-05 0.00198694 0.000500784 1.06746e-05 0.00146861 0.0440749 0.0562831 0.141323 0.111464 0.000244542 0.0153857 0.000694719 0.00561228 0.00252188 0.00148432 4.00763e-06 1.80507e-06 4.09108e-05 0.150391 1.0331e-05 0.000607148 0.329352 0.00545232 0.0702369 0.000655572 3.31836e-07 0.00293358 0.0335544 0.0236374 8.20873e-07 
1.78731e-07 0.00643818 3.86045e-10 2.66472e-07 0.000597539 2.00421e-06 0.0841379 0.0276696 1.79659e-06 0.367365 0.0518543 6.28537e-10 0.0162635 6.33083e-10 4.28417e-07 0.233118 3.63032e-07 4.96806e-06 0.0147164 3.86486e-06 0.0239169 0.0451831 3.60724e-10 0.0443521 4.86385e-10 3.37291e-10 0.0643612 0.0142008 0.00581102 8.34367e-10 
2.31289e-05 0.0100134 0.00706523 0.000625289 7.45723e-07 0.0153932 0.212706 0.173324 0.0308342 0.131531 0.00159255 3.80679e-06 0.0206214 7.56057e-10 2.44037e-06 1.30499e-09 5.68194e-07 2.6211e-05 3.97885e-06 6.18843e-07 2.13893e-06 0.00228319 4.30793e-10 0.331521 4.84339e-07 4.02809e-10 4.11172e-06 0.0231681 0.0392529 9.9644e-10 
0.00339188 0.00744309 0.00817766 0.000398171 0.021465 0.00572705 0.0157987 0.00014897 0.000132545 0.0384886 0.0206853 0.0335427 0.00158502 0.000199355 0.0372318 0.000204181 5.43594e-05 0.00311511 0.0164251 0.0137118 0.0452662 0.680847 0.0346951 0.00231971 0.000355512 3.61693e-08 0.000980533 0.0073808 0.000170149 5.80739e-05 
0.000755152 0.00838979 3.89766e-05 0.00439287 0.0508532 0.0226084 0.044501 0.0590534 8.35725e-07 0.00310016 0.000934921 4.51218e-06 0.00115341 2.27546e-06 0.00957817 4.03675e-06 0.00128778 1.95519e-05 0.0793496 0.000185554 0.617595 0.00433223 0.0164631 0.0201194 0.000324668 3.55312e-10 0.0328898 0.015114 0.00694153 6.31539e-06 
1.79693e-05 0.00321557 5.01403e-08 1.6445e-05 0.000114191 0.00578358 0.152648 0.0088408 5.04362e-05 7.70602e-06 0.000273923 4.66049e-06 0.00206108 1.84391e-05 0.00475575 1.41926e-07 1.15319e-07 0.000610219 1.87517e-05 0.0418465 0.0276224 0.437706 0.00136083 0.249432 0.000528893 4.38081e-08 0.0399896 0.0227946 0.000134281 0.000146687 
0.000119379 0.001947 0.000109096 7.00191e-07 0.000753533 4.84235e-07 0.0102436 0.966796 1.38532e-07 0.00212742 3.47855e-07 3.08661e-10 0.000222674 0.00237996 0.0119765 5.36616e-10 8.73388e-08 1.98595e-07 2.03766e-06 7.23528e-08 0.00128562 0.000701022 1.3854e-05 0.000111861 0.000281126 1.65637e-10 1.49898e-07 0.000889979 3.59975e-05 8.16445e-07 
0.000382689 0.00978696 0.00489626 0.0542496 0.0288323 0.00185749 0.0408998 0.0704768 5.43428e-06 0.00101216 0.00541245 0.0667593 1.88585e-05 2.33946e-08 0.0151845 0.000122936 0.00088134 0.000166556 2.22388e-05 0.11296 0.0469369 0.479401 0.0131134 0.0207321 1.2256e-05 1.24641e-08 0.000403755 0.0100996 0.0153654 7.34722e-06 
1.2062e-05 0.00318907 0.000191403 5.53106e-09 0.000681481 6.69392e-05 0.0225931 0.0393198 6.43443e-07 0.00329666 0.000115309 1.74016e-07 2.75902e-05 0.00159943 0.911973 1.13222e-09 0.000236354 2.97384e-05 1.75506e-05 0.000493856 0.00125439 0.00522851 3.03008e-07 3.31815e-07 2.66074e-08 3.49482e-10 0.000267439 0.000385956 0.00901865 2.94269e-08 
2.71074e-07 0.00505133 5.51468e-05 2.83537e-08 8.36168e-07 0.0163776 0.02085 0.0153786 0.0240857 0.00672564 0.010069 1.12179e-06 0.013342 0.000221031 0.00928353 0.00293579 0.000427801 0.000238238 0.00155757 0.010126 0.00407437 0.414864 0.0118973 0.298775 0.0407058 3.34781e-10 0.0249787 0.0569712 0.0110064 8.28157e-10 
0.015573 0.0028488 0.019627 0.00170021 0.000525438 0.0264075 0.171731 0.00420566 0.00460056 0.010236 0.149663 0.000228864 0.00466872 9.67348e-05 0.00233231 3.49202e-09 9.2003e-05 0.150222 0.0234843 0.00412983 0.0364148 0.0877987 9.67661e-06 0.211004 0.000102818 1.07788e-09 0.00870134 0.0520901 0.0115026 2.38e-06 
0.0295883 0.00890376 0.00112211 0.000765385 0.0120084 0.00129369 0.0273421 0.148603 1.80173e-06 0.159427 0.0161152 0.000617225 0.00369956 0.00116519 0.00183169 4.54828e-10 3.69561e-10 0.0440916 9.42468e-08 0.0277044 2.98615e-06 0.468977 1.54303e-07 0.0370227 0.000143298 1.40391e-10 4.26814e-06 0.00132968 0.00823976 9.06154e-08 
0.000100537 0.010108 0.000269466 0.0193719 0.0563061 0.00489916 0.0764823 0.0117175 4.84899e-06 0.0102191 0.00393012 0.000173581 0.0766279 0.00014045 0.0157217 1.09879e-05 0.101466 0.00828589 0.000244423 0.00650832 0.0338716 0.471971 0.00807172 0.0532695 0.00843896 4.95382e-08 0.00411164 0.00268094 0.0148695 0.000126472 
0.0104813 0.00260323 0.00593441 0.000206617 0.0355987 0.0305129 0.0376303 0.109237 0.0414795 0.000958045 5.74552e-06 1.13619e-06 0.00763601 0.00131023 0.00780292 2.12323e-07 1.72518e-07 0.00398699 0.000557061 0.00212909 0.0177612 0.551929 0.00323166 0.0814383 9.16595e-06 6.55374e-08 0.0185239 0.00514292 0.0238922 1.62122e-07 
0.000186919 0.00876357 2.75257e-07 0.000271155 0.00771541 0.00828912 0.0235702 0.0355972 3.51813e-06 5.53825e-06 0.0764892 1.92344e-06 0.00160641 1.0798e-05 0.0242573 1.89986e-10 1.54369e-10 3.97641e-06 0.0253686 2.04105e-06 1.17781e-06 0.251504 0.0139249 0.462755 0.0023632 5.86428e-11 2.40471e-06 0.0290891 0.0280713 0.000145429 
4.07356e-06 0.0027416 3.68443e-09 2.62691e-05 2.07609e-06 0.0144813 0.00264829 0.0442002 0.00262819 1.51102e-06 0.00339412 5.99878e-09 0.218687 0.0105038 0.0561358 1.19693e-05 8.47391e-09 3.21924e-06 0.0473281 0.00558243 0.0283714 0.0302274 3.44276e-09 0.0147925 3.16265e-06 3.21912e-09 1.44255e-05 0.0484931 0.469699 1.83716e-05 
0.101286 0.0149771 0.000619702 1.13233e-07 0.0614281 0.011314 0.0228437 0.109618 2.81574e-07 0.0965227 0.00328727 0.0309011 1.6768e-06 1.32194e-10 0.0212676 2.28172e-10 1.85396e-10 7.93149e-05 0.0558299 9.41924e-08 0.00549733 0.159687 0.0148313 0.00345331 5.37252e-08 7.04295e-11 1.79902e-05 0.15731 0.129058 0.000169256 
0.000466189 0.0102762 0.00261608 1.31157e-07 0.0699598 0.00338536 0.0690041 0.0106529 0.000785417 0.00965142 0.0198012 0.000360947 0.00796258 0.000998754 0.146848 1.19704e-11 9.72627e-12 0.00317839 0.0486894 0.00204407 0.0854334 0.00415183 0.000512654 0.00967406 0.00115646 3.69488e-12 0.00186514 0.267744 0.222781 9.2598e-09 
0.0138962 0.027132 0.00669978 4.52925e-05 0.00175141 0.005409 0.574319 0.0535939 0.000798245 0.0355797 0.000101389 0.00455191 0.00282817 0.00121915 0.156542 1.17779e-06 0.00016628 0.000243417 0.00103268 0.000938952 0.00259292 0.0789311 0.000192751 0.00618375 0.000144372 3.05688e-07 2.53629e-06 0.0189846 0.00611663 1.67841e-06 
2.40562e-08 0.00717538 0.00932073 1.22662e-05 0.0826911 0.00608923 0.0922826 0.0281424 4.4244e-09 0.00380148 0.0075459 3.16961e-08 0.0139539 4.26897e-08 0.0649772 7.18112e-05 0.00557424 1.64937e-05 0.0184358 0.00047661 0.117253 6.19586e-09 0.220216 5.84682e-07 0.00241506 1.97757e-12 0.055969 0.0216596 0.241919 1.44318e-07 
0.042696 0.132857 1.31322e-05 4.48221e-07 0.00105222 0.0131791 0.0956263 0.0169582 1.77821e-06 0.00259212 0.111292 8.51803e-05 0.00275522 0.00049808 0.00123197 5.67074e-09 0.00105207 0.00137595 0.00499086 5.97213e-09 0.0183286 0.21331 1.62575e-08 0.295279 0.00132411 1.75038e-09 0.00346927 0.0395632 0.000186519 0.000282641 
0.0206225 0.00533182 0.0189785 0.105615 0.00413041 0.0016781 0.539594 0.000980396 3.05298e-07 0.00194479 0.00433004 0.000332609 0.0022214 5.77662e-07 0.0217631 1.12634e-07 1.56438e-06 0.101537 0.00703274 0.0479469 0.0777797 1.45478e-05 0.0271249 0.00232063 0.00160244 1.97871e-10 0.000422798 0.00226275 0.00443009 3.60867e-07 
0.00334565 0.000875257 0.000792142 1.84138e-05 0.00124989 0.000644769 0.000751366 0.0490113 0.000709342 0.00178875 0.123283 0.000422896 0.00166596 0.00103027 0.000488795 1.42368e-06 1.15678e-06 0.000667478 0.00878424 0.00280846 0.000819498 0.793944 0.00113757 0.000575269 0.00021658 4.39447e-07 0.00101026 0.00278105 0.00114203 3.35009e-05 
9.47101e-06 0.000104724 8.01753e-05 0.0928537 0.0142667 0.00451848 0.00428011 0.00873104 5.37254e-07 2.21288e-05 0.000121468 8.07751e-05 0.00168733 1.6159e-05 0.00520711 2.45727e-06 0.000201627 4.5818e-07 0.000408076 0.00801328 0.0797313 0.0003092 0.00193014 0.00112571 4.78689e-05 1.43062e-07 0.00418019 0.00305052 0.769012 6.76963e-06 
6.15054e-05 0.00329122 0.000306524 9.12793e-06 8.80798e-07 0.0707386 0.00517039 0.31907 1.21881e-05 0.000583622 4.99611e-07 3.33763e-05 0.0233868 2.91643e-08 0.00325653 5.03388e-08 2.69935e-05 1.8887e-05 9.14186e-07 0.416423 5.66373e-06 0.0645925 0.0308561 0.0219081 2.70031e-05 1.5538e-08 0.00499429 0.0103118 0.0248917 2.21723e-05 
0.0807784 0.00840336 0.00249592 0.00240905 0.317501 0.00377704 0.0750369 0.0390779 3.71531e-05 0.0200612 0.00212128 0.000358905 0.00183328 0.000248622 0.0680427 1.34353e-05 0.000194336 0.000159192 0.0766798 0.00034013 0.103667 0.00162543 0.00583123 0.0104018 0.000118271 6.31088e-06 0.00603294 0.15786 0.0148699 1.70824e-05 
1.78731e-07 0.00643818 3.86045e-10 2.66472e-07 0.000597539 2.00421e-06 0.0841379 0.0276696 1.79659e-06 0.367365 0.0518543 6.28537e-10 0.0162635 6.33083e-10 4.28417e-07 0.233118 3.63032e-07 4.96806e-06 0.0147164 3.86486e-06 0.0239169 0.0451831 3.60724e-10 0.0443521 4.86385e-10 3.37291e-10 0.0643612 0.0142008 0.00581102 8.34367e-10 
0.0206272 0.00109212 0.000980482 0.000125882 0.282733 0.00949246 0.0098951 0.0134895 9.86151e-05 0.00501339 0.00726014 0.00581644 0.0182224 0.00125602 0.00814479 2.24949e-07 2.27541e-07 0.0021178 0.21539 0.000625372 0.0425429 0.0516845 0.00126253 0.00644026 0.000205506 2.20039e-08 0.00735998 0.200125 0.087647 0.000351529 
3.42285e-08 0.00853886 0.00225328 7.52204e-09 0.233427 3.50427e-05 0.00730516 0.0342684 8.89628e-07 0.00516435 0.0138863 0.000156945 2.70269e-10 1.74898e-09 0.00023604 2.61982e-11 2.12868e-11 0.000120785 0.0992352 2.75906e-11 0.0318316 0.00363845 0.0101862 0.00432499 3.04193e-05 8.08656e-12 0.00239744 0.386782 0.15605 0.000131054 
0.000113069 2.27942e-06 0.000301034 0.0338447 0.0684869 0.00985991 0.0173062 0.0139274 6.73835e-07 0.000454856 0.0123183 1.81819e-05 0.28911 2.75163e-07 0.0101805 1.04536e-07 0.00275638 3.58671e-05 0.00562665 0.000237898 0.110125 0.0422299 0.000904346 0.0112077 0.00240894 4.34172e-11 0.00131161 0.133734 0.233496 3.36036e-07 
0.0004438 0.060888 0.0453178 1.82297e-05 0.000560039 0.000362372 0.116248 0.403851 0.000827771 0.0260941 0.00318954 8.98438e-07 0.000349131 4.49519e-07 0.00308032 0.000139256 6.90897e-05 1.02287e-06 8.13235e-06 0.00068997 0.00845506 0.222984 0.000842037 0.0225852 0.00240524 3.41637e-09 0.000140857 0.0668355 0.0136128 4.40238e-07 
0.0234415 0.0845645 1.49793e-05 4.27649e-07 2.17194e-05 0.00696438 0.13496 0.26675 0.000634057 0.241761 2.9e-06 0.0022339 8.94741e-06 1.12744e-06 0.0248984 3.57089e-07 2.94102e-05 0.00247022 0.0198256 0.00036596 0.00604098 0.0303759 1.3193e-09 0.0613542 0.0056214 1.2336e-09 9.7492e-07 0.0714849 0.0161718 5.9619e-07 
0.00129513 0.00559057 0.00320445 0.000130546 0.0975298 0.000209008 0.193564 0.0236861 3.03339e-07 0.0102434 0.00266276 0.0342267 4.71775e-07 1.16543e-10 0.0091576 2.01158e-10 1.63447e-10 0.000687594 0.0228408 0.00139646 0.00996671 0.452713 0.00386945 0.00309964 3.30943e-05 6.20912e-11 0.0056327 0.0835569 0.0344645 0.000237763 
0.01416 0.0851847 0.0142072 9.29795e-06 0.00484784 0.00387728 0.385964 0.00772604 0.000258575 0.00661965 0.00304039 0.00872449 0.000819943 0.00034827 0.348777 5.06685e-06 9.3805e-07 5.42331e-05 0.000809539 6.78035e-05 0.0214421 0.0217243 0.00085246 0.00612842 0.00576111 1.34115e-07 0.000564127 0.0427411 0.0152784 5.67647e-06 
0.00125653 0.00604347 0.00149789 5.84885e-05 1.36723e-05 0.00257558 0.00838843 0.0365104 0.00018304 0.00128282 0.000243324 8.9503e-05 0.000883649 0.00326161 0.0104925 5.10633e-07 7.60949e-08 9.79254e-05 0.000660383 0.0188725 0.0165731 0.477611 0.00187182 0.103457 0.000238885 2.89074e-08 0.261043 0.0374011 0.00939004 1.93529e-06 
0.0159007 0.00391332 0.000441525 2.99746e-05 0.00690017 0.00256111 0.0268758 0.0911198 9.92602e-05 0.00300045 0.000327907 0.00389725 0.0163689 0.00559368 0.00240738 4.19678e-06 3.15088e-05 0.00390916 0.0151952 0.00819605 0.0761129 0.61225 0.00557625 0.00771307 0.000131892 1.15298e-06 0.000401122 0.0542296 0.0368094 1.75176e-06 
0.000303858 0.00651155 0.000686749 5.48576e-07 0.00187141 0.0373405 0.00796305 0.0330884 0.0035282 7.20879e-07 0.0838025 6.82272e-06 0.0227837 1.79199e-06 0.00676801 1.1158e-07 3.38135e-08 0.000185439 0.00408091 3.30861e-07 0.00314388 7.4644e-06 0.000728738 0.0104054 5.67727e-06 1.39287e-09 0.0131715 0.537711 0.225902 4.25502e-09 
0.000466189 0.0102762 0.00261608 1.31157e-07 0.0699598 0.00338536 0.0690041 0.0106529 0.000785417 0.00965142 0.0198012 0.000360947 0.00796258 0.000998754 0.146848 1.19704e-11 9.72627e-12 0.00317839 0.0486894 0.00204407 0.0854334 0.00415183 0.000512654 0.00967406 0.00115646 3.69488e-12 0.00186514 0.267744 0.222781 9.2598e-09 
4.73443e-07 0.0107141 0.000300742 0.000131518 4.35604e-06 0.00023734 0.023322 0.177811 3.38771e-06 0.00276379 0.025946 0.000111766 0.0313181 9.93809e-05 0.0023325 7.07689e-07 1.24434e-06 0.00117244 0.297077 0.000574397 0.00464724 0.231847 0.00484868 0.0584181 0.000293345 1.18167e-07 0.000882618 0.105086 0.0200522 3.40899e-06 
5.01785e-06 0.00718007 8.41835e-07 4.61217e-07 0.0730085 0.00338708 2.66281e-06 0.237584 3.82372e-08 3.30421e-06 1.14121e-06 3.49532e-05 7.65654e-08 2.34166e-08 0.0218522 3.1067e-11 2.52428e-11 4.05513e-07 0.140429 0.000766053 2.34954e-06 0.344841 0.00396935 0.0104673 0.000131319 9.5894e-12 0.00468925 0.0744292 0.0772143 8.51628e-07 
1.08375e-05 6.21346e-05 3.58797e-05 6.47469e-07 0.000210886 0.00133437 0.00841772 0.000362616 0.00145221 0.00125934 4.08065e-06 5.07261e-05 0.000188771 9.20562e-07 1.28772e-05 1.56096e-06 1.3171e-07 1.108e-05 8.3934e-05 0.912263 0.0659807 0.000325083 0.00444081 0.00012879 7.81972e-07 5.00348e-08 0.000738059 0.00252996 8.99546e-05 2.03957e-06 
0.011894 0.174351 0.0176394 1.95405e-07 0.00134599 0.0208899 0.24762 0.0038894 0.00131993 0.0512228 0.0317405 0.0325777 2.80071e-07 0.00111003 0.0388185 1.61484e-06 0.00220879 0.00296063 0.0402577 0.000224194 0.00876968 0.180766 3.09646e-05 0.040708 0.00022651 3.03604e-10 0.00160355 0.069502 0.0183198 3.61261e-07 
