0.00226746 0.00360797 0.00104873 0.000778124 0.0512384 0.00295685 0.00488288 0.0041687 0.000338045 0.000167527 0.00115377 2.87756e-06 0.000197464 2.42932e-05 9.72873e-05 3.62505e-13 6.37793e-05 0.000949155 0.00595309 1.28375e-11 0.0399499 1.08743e-05 0.000194252 0.00152947 0.00196015 0.850969 0.0121456 0.0070157 0.00632827 6.47977e-07 
0.00903623 0.00234965 0.000617707 0.00818107 0.0627977 0.0972094 0.00166354 0.00593984 0.00374884 8.70424e-05 0.0330199 8.51931e-06 0.00405458 8.97171e-05 0.000175105 6.66942e-12 0.00350236 0.00323505 0.0121114 5.09189e-07 0.0783152 9.69421e-06 0.00339437 0.0393214 0.000232739 0.450405 0.103839 0.0421046 0.0345498 3.75642e-07 
0.00985798 0.00166573 0.0198004 7.9794e-06 0.0076891 0.029812 0.00075745 0.0325713 0.031822 0.000249787 0.0411213 3.79284e-06 0.00108031 0.01584 0.000298086 8.64421e-11 0.000197047 0.000181973 0.0286388 3.86367e-08 0.122941 0.00013791 0.071461 0.00661101 8.94119e-05 0.331738 0.134621 0.057584 0.0532222 1.68135e-08 
0.0154135 0.00618234 0.00095211 0.048177 0.0542769 0.107454 0.0135794 0.019437 0.0105954 0.00139724 0.0977862 6.09729e-05 0.0228956 0.00224284 0.0026017 2.87303e-09 0.00401559 0.0128333 0.0772398 0.000398485 0.085943 0.00259829 0.0101871 0.0347982 0.00178089 0.192838 0.0693298 0.0673866 0.0375964 1.59562e-06 
0.00743613 0.00117869 0.00176245 0.000495881 0.0580155 0.00399783 0.0136663 0.00614749 0.000296244 0.000604553 0.019494 5.14307e-09 0.00127009 0.0572753 0.000395617 5.75094e-09 0.000124381 0.00663326 0.00636957 5.46486e-11 0.0120052 0.000286038 1.64385e-05 0.0335031 0.00079777 0.71743 0.0419754 0.00821647 0.000593947 1.21302e-05 
3.95622e-09 0.000646652 8.90851e-09 2.28396e-05 0.00687978 0.021591 0.000772611 0.0061582 0.00136461 2.17761e-13 2.61058e-08 3.26213e-09 1.18161e-08 1.29505e-08 0.000685936 5.50559e-13 1.0021e-08 2.28786e-08 0.0141752 3.71143e-09 0.3009 1.02481e-09 0.000545143 0.00626139 0.000154818 0.317689 0.0154176 0.0244253 0.282309 8.44977e-11 
7.34871e-05 0.00101187 0.000205022 9.25376e-05 0.00109007 0.163951 0.00306908 0.00497849 0.00980478 2.77333e-06 0.00171789 0.10226 0.00903814 9.74301e-06 0.000349032 5.7552e-08 5.90586e-05 5.03095e-05 0.0103472 0.0292773 0.0745353 2.34007e-09 0.00431327 0.0204639 7.35695e-05 0.361626 0.0299496 0.0120314 0.159616 2.5931e-06 
0.0411927 0.00138833 0.000326984 0.0107247 0.031366 0.0113834 0.00525226 0.00463491 0.00045044 5.69531e-05 0.016201 2.34336e-05 0.00256728 4.34851e-05 0.000397724 1.01608e-12 0.00198739 0.00489361 0.00568522 5.19427e-07 0.0213011 0.000106351 0.000280041 0.00659916 0.00315292 0.783761 0.0114077 0.0181193 0.0166937 1.99667e-06 
0.00783936 0.0419964 0.00314546 0.00681413 0.0301458 0.0140031 0.0573739 0.0379589 0.00386293 0.000991494 0.00316276 1.31172e-05 0.0052508 0.000901494 0.00449395 1.5831e-11 0.000491363 0.00729271 0.0136407 3.94947e-07 0.0390577 0.00442776 0.000526995 0.0146508 0.00891085 0.630143 0.0248825 0.0256606 0.0122964 6.43336e-05 
0.000572129 0.011724 0.00658451 0.0101208 0.0102884 0.0379032 0.0237296 0.0490518 0.00183614 0.000883362 0.0119559 0.000343713 0.00148319 0.00193858 0.00484488 7.48526e-11 0.000322854 0.0113222 0.00690327 1.27583e-05 0.00282418 0.025559 4.57091e-05 0.0273341 0.00164768 0.655803 0.0228918 0.0713591 0.000657177 5.67191e-05 
4.55361e-07 1.84272e-06 1.76212e-06 0.00416018 3.79727e-06 3.60178e-06 4.73151e-06 0.00358512 5.56879e-07 2.92562e-06 1.26089e-06 1.80893e-11 2.74073e-07 2.33235e-07 4.9473e-07 3.17633e-09 3.75654e-07 0.0472473 1.67003e-06 3.31202e-11 0.000191757 0.000162198 1.45354e-07 0.001239 1.06932e-05 0.943375 1.24286e-06 2.14005e-06 8.52417e-07 6.24581e-08 
4.52333e-05 0.000363895 0.000477121 0.000887686 0.0257728 0.00267924 0.00266201 0.00169152 5.27252e-05 4.28844e-05 0.00151932 2.02118e-06 0.000138343 7.58494e-06 0.00014593 3.80609e-13 6.26606e-05 0.00118417 0.00257298 1.58393e-11 0.00439728 1.63102e-05 2.54106e-05 0.000924566 0.00239053 0.938413 0.00257897 0.00633395 0.00461153 1.35228e-07 
4.55361e-07 1.84272e-06 1.76212e-06 0.00416018 3.79727e-06 3.60178e-06 4.73151e-06 0.00358512 5.56879e-07 2.92562e-06 1.26089e-06 1.80893e-11 2.74073e-07 2.33235e-07 4.9473e-07 3.17633e-09 3.75654e-07 0.0472473 1.67003e-06 3.31202e-11 0.000191757 0.000162198 1.45354e-07 0.001239 1.06932e-05 0.943375 1.24286e-06 2.14005e-06 8.52417e-07 6.24581e-08 
0.00391691 0.00334172 0.00122103 0.0397857 0.0959701 0.0156727 0.0158623 0.00948488 0.013284 0.000773621 0.00749919 1.20906e-05 0.0015223 0.000104004 0.000581928 5.2648e-07 0.0073967 0.00491079 0.0273366 4.38079e-05 0.108618 0.000356254 0.00290687 0.0322217 0.00100273 0.535818 0.0197943 0.025258 0.025274 2.95747e-05 
0.0955381 0.027237 0.00165644 0.000290467 0.0576807 0.00219833 0.0287724 0.011671 0.00194659 0.00115848 0.0130179 4.62607e-06 0.00383318 0.0192818 0.00203555 3.17793e-09 0.000177664 0.00244264 0.00414333 7.39366e-11 0.0456638 0.000140333 0.000816683 0.0158117 0.000569092 0.56744 0.0818084 0.00762921 0.00702716 8.00306e-06 
7.01821e-05 0.000381377 0.000324003 0.000768484 0.0318908 0.0039485 0.003172 0.00257776 6.07509e-05 7.14649e-05 0.00181832 3.36718e-06 0.000230566 1.03863e-05 0.00024321 2.57572e-13 4.75821e-05 0.00175492 0.00293039 1.50765e-11 0.00636543 2.71796e-05 4.23463e-05 0.00123058 0.00292166 0.92249 0.00297487 0.00820473 0.00543899 2.25006e-07 
0.000202188 0.00552341 2.41895e-07 2.09191e-05 0.00319369 0.00922906 0.00451625 0.0628614 0.00519937 0.000960225 0.00943543 0.000151427 0.00095431 0.0107265 0.000476604 2.09094e-10 0.000558552 0.00253353 0.000789202 0.012058 0.00133362 0.00622602 0.00676069 0.00359983 9.30701e-11 0.820768 0.0225928 0.00900106 0.000327205 1.59657e-10 
0.00116742 0.0113661 0.0046938 0.000533665 0.0519671 0.00434646 0.00852728 0.00141115 0.000938674 6.78755e-05 0.000700379 1.01452e-07 0.000800722 2.50982e-06 1.78344e-05 2.86011e-10 1.77882e-05 0.000332828 0.00667167 7.19803e-10 0.071136 1.17916e-08 6.98114e-05 0.00388241 0.000618779 0.782751 0.0110068 0.0239093 0.013062 1.23191e-07 
0.0169235 0.0346173 0.093821 1.23117e-06 0.00123156 0.000138962 0.0280077 0.0672593 0.000382613 0.155939 4.72722e-05 9.23707e-05 1.35451e-05 2.65452e-06 0.000120986 1.49709e-06 0.0834074 2.69726e-06 0.00182529 8.12057e-06 0.00560689 0.00272384 0.00148903 0.000598094 1.54412e-06 0.503265 0.000454976 0.00161867 0.000395034 2.70005e-06 
0.00226746 0.00360797 0.00104873 0.000778124 0.0512384 0.00295685 0.00488288 0.0041687 0.000338045 0.000167527 0.00115377 2.87756e-06 0.000197464 2.42932e-05 9.72873e-05 3.62505e-13 6.37793e-05 0.000949155 0.00595309 1.28375e-11 0.0399499 1.08743e-05 0.000194252 0.00152947 0.00196015 0.850969 0.0121456 0.0070157 0.00632827 6.47977e-07 
0.00758919 0.0613604 0.00287022 0.0180632 0.109125 0.010656 0.0124767 0.00212118 0.000282993 0.000128499 0.00951286 5.82971e-05 0.000990968 0.000127136 1.33925e-05 3.23804e-09 0.00406816 0.0298244 0.00162545 8.04762e-07 0.00130262 0.000632541 1.88453e-05 0.0167078 0.000913147 0.702205 0.000813979 0.00561225 0.000897241 1.6864e-06 
6.22016e-05 0.000299413 0.000301659 0.000551414 0.0826277 0.00290903 0.00392726 0.000870016 0.000365058 8.24092e-05 0.00257903 1.45359e-09 0.000202163 1.74837e-07 0.000110346 4.36355e-12 1.77326e-05 0.000755178 0.00691257 4.90126e-11 0.0101726 1.45396e-09 8.75387e-05 0.00191065 0.000916363 0.865167 0.00181547 0.0100942 0.00726238 1.18939e-07 
0.00344609 0.00983381 0.000614361 0.0473423 0.0490138 0.0567774 0.00402608 0.00569807 0.00135269 0.000175713 0.0251602 1.33713e-05 0.00244311 0.000231628 0.000120063 1.98489e-11 0.00145103 0.0114138 0.00769549 1.7031e-06 0.0185523 0.000155448 0.000209626 0.0096548 0.00205505 0.703171 0.00832234 0.010969 0.0200978 2.05722e-06 
0.00104443 0.0012303 0.000145444 0.00492881 0.0171237 0.0555584 0.000746232 0.015701 0.00496082 7.50054e-05 0.0531799 0.000774552 0.00297291 0.00276216 0.000427564 1.52772e-11 0.00412916 0.0303873 0.00803958 4.44767e-05 0.00209282 0.00114624 0.00673398 0.0443596 9.02605e-08 0.590896 0.0174286 0.129353 0.00375781 1.60959e-08 
0.00074239 0.00159911 0.00105806 0.00025078 0.0307824 0.00373073 0.0064622 0.00272584 0.000170295 0.000318882 0.0079651 4.28319e-09 0.000281836 1.48815e-05 1.42133e-05 6.5919e-12 5.94661e-05 0.00119019 0.00398919 6.94225e-12 0.00202671 6.12448e-05 1.06984e-05 0.00015006 0.00444557 0.916565 0.00651879 0.00450786 0.00435393 5.02637e-06 
0.0164694 0.00751721 0.00192744 0.0172737 0.036627 0.0406321 0.0083681 0.0161893 0.0131406 0.000415523 0.0333838 0.0140409 0.00185206 0.00153502 0.000430251 2.61436e-09 0.00422535 0.0197565 0.0174423 1.70287e-05 0.0635763 0.000427244 0.00378238 0.0427238 0.000249847 0.504358 0.023056 0.0993222 0.0112597 4.50083e-07 
0.012267 0.0258717 0.028214 0.00247665 0.0120392 0.0396674 0.0144502 0.0237128 0.0111608 0.009841 0.112294 0.000929676 0.000879323 0.00304473 0.000514126 4.98151e-11 0.00119401 0.0623569 0.00759829 4.39792e-05 0.00592234 0.0141659 0.00197707 0.0467115 0.000461781 0.396585 0.0199672 0.141223 0.0044298 7.3269e-08 
0.000146461 0.0760922 0.000282009 0.000228718 0.022061 0.00593839 0.0907125 0.0801064 0.00150817 0.00948097 0.0123002 3.37832e-07 0.0281548 3.30734e-06 0.00983412 1.75966e-05 6.3775e-05 3.64663e-05 0.0362714 3.02932e-10 0.0153228 0.00026302 0.0175266 0.0352055 0.000137661 0.478306 0.0232695 0.0172312 0.039499 7.62438e-08 
0.0676212 0.0215606 0.00152082 0.000419127 0.0559603 0.002664 0.0222974 0.0091688 0.0016057 0.000930772 0.00992895 5.05293e-06 0.00251954 0.0133254 0.00146731 3.25396e-08 0.000164942 0.00222934 0.00585965 1.10828e-10 0.0510839 0.000130973 0.000628983 0.0131862 0.000983767 0.634585 0.0635252 0.00876869 0.00785355 5.17675e-06 
0.00413012 0.0013657 0.000167492 0.000211558 0.339322 0.0191656 0.00691937 0.0154104 0.0117586 9.53316e-05 0.0273427 1.75408e-05 0.000317392 0.00371793 0.00146871 1.70612e-11 7.80875e-05 0.0111275 0.00733277 6.60349e-05 0.00389259 0.000850516 0.00158902 0.0732439 0.000571642 0.421948 0.02399 0.014057 0.00983986 2.90463e-06 
6.22016e-05 0.000299413 0.000301659 0.000551414 0.0826277 0.00290903 0.00392726 0.000870016 0.000365058 8.24092e-05 0.00257903 1.45359e-09 0.000202163 1.74837e-07 0.000110346 4.36355e-12 1.77326e-05 0.000755178 0.00691257 4.90126e-11 0.0101726 1.45396e-09 8.75387e-05 0.00191065 0.000916363 0.865167 0.00181547 0.0100942 0.00726238 1.18939e-07 
0.00029501 0.00155735 5.68839e-08 0.000182275 0.0206857 0.0243811 0.00696347 0.0198651 0.00424361 7.29413e-05 0.035571 5.25933e-05 0.000236555 0.00988642 0.00232251 2.48773e-11 0.000234181 0.0153055 0.00179344 9.25052e-05 6.64044e-05 0.000790058 0.00157316 0.00735451 3.45151e-07 0.823372 0.013159 0.00428192 0.00566016 1.02241e-06 
0.000507283 0.000497709 0.000471572 0.00346075 0.00223702 0.0236496 0.00207391 0.00612125 0.0138649 7.71983e-10 0.00892313 6.67479e-05 0.000679259 0.000782143 0.00129017 3.67926e-05 2.05577e-06 0.000450726 0.00765964 0.00015307 0.0913836 0.0332051 0.000350588 0.150986 2.48451e-06 0.52232 0.00868844 9.55985e-05 0.0450773 0.0749634 
0.000572129 0.011724 0.00658451 0.0101208 0.0102884 0.0379032 0.0237296 0.0490518 0.00183614 0.000883362 0.0119559 0.000343713 0.00148319 0.00193858 0.00484488 7.48526e-11 0.000322854 0.0113222 0.00690327 1.27583e-05 0.00282418 0.025559 4.57091e-05 0.0273341 0.00164768 0.655803 0.0228918 0.0713591 0.000657177 5.67191e-05 
0.0955381 0.027237 0.00165644 0.000290467 0.0576807 0.00219833 0.0287724 0.011671 0.00194659 0.00115848 0.0130179 4.62607e-06 0.00383318 0.0192818 0.00203555 3.17793e-09 0.000177664 0.00244264 0.00414333 7.39366e-11 0.0456638 0.000140333 0.000816683 0.0158117 0.000569092 0.56744 0.0818084 0.00762921 0.00702716 8.00306e-06 
2.49869e-05 6.51101e-05 2.91791e-05 0.000173148 0.0127957 0.1195 0.00138453 0.0024214 0.00270626 3.11777e-06 0.00503703 3.47521e-06 0.00047086 2.48812e-07 0.000159626 5.04415e-10 3.3542e-06 0.000233573 0.00161105 5.31224e-10 0.0732678 1.32966e-07 0.000306024 0.000680285 0.000435059 0.460277 0.0435347 0.161076 0.1138 6.69157e-08 
0.0228953 0.00303762 0.00138679 0.00462658 0.01762 0.0383308 0.0153759 0.018308 0.00133275 0.00531903 0.053083 9.36048e-05 0.0695224 0.00135969 0.001515 3.50205e-06 0.00141711 0.0046544 0.147967 0.002633 0.021683 0.00743397 0.00332163 0.0315581 0.00119798 0.18238 0.102129 0.152893 0.0869195 3.27049e-06 
8.38681e-05 0.000431921 0.000302613 0.23527 0.108022 0.0349396 0.0179844 0.0146721 0.00598131 0.000117715 0.0254174 0.000975239 0.000377247 0.000102593 0.000222379 1.25283e-06 0.000554096 0.0638918 0.00708872 3.16101e-07 0.0353439 0.0390279 0.00805073 0.0348878 0.000522842 0.304118 0.0138182 0.0160284 0.0315329 0.000233199 
0.00119191 0.00208249 0.00109502 0.000462528 0.172697 0.00278932 0.00617717 0.00392608 0.000382812 0.000113368 0.0109307 4.9123e-06 0.000255796 1.01429e-05 0.000139922 6.20864e-12 2.66092e-05 0.000602833 0.00523481 1.76832e-08 0.0616291 0.000178097 0.000279478 0.00484037 0.00104197 0.684728 0.0126518 0.0181625 0.00836404 7.10697e-07 
0.0164562 0.00203723 0.00330859 0.0240884 0.0711022 0.0128111 0.00984932 0.0108216 0.00258763 0.00077352 0.00862213 5.11809e-05 0.00490773 0.00462332 0.0123 1.02351e-11 0.00171162 0.0056086 0.00747607 5.03841e-05 0.0426219 0.000585164 0.000820051 0.0185227 0.238567 0.480925 0.0109246 0.00475934 0.00305729 2.94316e-05 
0.000899017 0.00114691 0.17347 0.000134517 0.0727992 0.0672285 0.00921863 0.00176436 9.57944e-07 0.000171436 0.191511 0.0166726 0.0824479 3.17556e-05 4.60176e-07 1.20589e-10 0.00095562 0.00211053 0.000231291 1.26998e-10 0.0012045 3.53622e-05 0.000106781 0.00493923 0.000713051 0.29863 0.0165675 0.0570027 2.63573e-07 6.04056e-06 
0.000607479 0.000303719 0.000240086 0.0286582 0.0138539 0.0102967 0.00231981 0.00186746 0.000731879 3.54958e-05 0.00593531 1.16626e-05 0.000877632 5.20342e-05 7.39948e-05 2.45633e-12 0.00181911 0.00640256 0.00564169 5.11905e-07 0.0112812 0.000148648 4.53049e-05 0.00531694 0.00187403 0.888995 0.00291304 0.00612582 0.00356825 2.39022e-06 
0.0044539 0.00322415 0.000496902 0.0334403 0.0217058 0.0400952 0.00699649 0.0119183 0.00184415 0.00039787 0.0713064 1.34498e-05 0.00137013 0.000647606 0.000620613 3.39723e-10 0.00141999 0.00504578 0.0118336 2.97927e-06 0.0216906 0.000460783 0.000547044 0.0185652 0.0122951 0.675147 0.012846 0.029095 0.0125178 1.56884e-06 
7.49411e-05 0.000467442 0.000531416 0.000660685 0.114326 0.00347962 0.00742968 0.000648105 0.000424655 0.000164019 0.00412205 1.29629e-12 0.000155861 3.6396e-07 8.1094e-05 2.25364e-12 2.03433e-05 0.00074496 0.00778613 5.08849e-11 0.00217893 1.57283e-09 2.11573e-05 0.00232785 0.00110708 0.838443 0.00179906 0.0106123 0.00239355 2.47244e-07 
0.00074239 0.00159911 0.00105806 0.00025078 0.0307824 0.00373073 0.0064622 0.00272584 0.000170295 0.000318882 0.0079651 4.28319e-09 0.000281836 1.48815e-05 1.42133e-05 6.5919e-12 5.94661e-05 0.00119019 0.00398919 6.94225e-12 0.00202671 6.12448e-05 1.06984e-05 0.00015006 0.00444557 0.916565 0.00651879 0.00450786 0.00435393 5.02637e-06 
0.00467343 0.00279586 0.000796084 0.00607898 0.0372269 0.00480653 0.00511417 0.00520987 0.00122077 0.000249439 0.00258003 1.92998e-05 0.00024891 6.44752e-05 0.000134515 1.06051e-10 0.000372422 0.00172523 0.00841674 1.85172e-06 0.0361634 0.000153033 0.000218516 0.00339041 0.00176387 0.85357 0.0107942 0.0065855 0.00562447 8.11563e-07 
0.000471164 0.00223841 0.00591388 0.000168683 0.171212 0.0328126 0.00443233 0.0160429 0.00849334 0.00171379 0.0313873 1.55354e-05 0.0102348 0.000540862 0.000403679 3.84907e-10 0.00015432 0.000833185 0.101294 2.27111e-06 0.0413486 0.000800591 0.0349313 0.0380881 0.000751053 0.220273 0.00811095 0.144195 0.123112 2.52148e-05 
0.000979922 0.00542338 0.000584284 6.98004e-05 0.0156591 0.0145483 0.00914116 0.0105218 0.00919003 4.271e-05 0.0148005 7.9839e-07 0.00443478 0.00161538 0.00808333 1.43938e-05 2.30867e-06 7.73507e-05 0.019203 0.000344969 0.193789 0.000286637 0.00128436 0.0190902 3.35132e-05 0.543374 0.0298813 0.0436247 0.0538976 1.25089e-06 
0.00139148 0.00103935 0.000236195 0.052728 0.0144023 0.148676 0.0419205 0.0112167 0.00191404 1.29286e-05 0.028769 1.45197e-05 0.00475749 8.74658e-05 0.000101013 1.55942e-08 0.00624421 0.028983 0.0328539 1.4602e-06 0.0176173 0.00187969 0.000272537 0.0534172 0.00132267 0.523217 0.0085328 0.0116707 0.00672054 1.34315e-07 
0.0017013 0.00100104 0.000350767 0.0105137 0.000721075 0.0300806 0.0137449 0.0108055 3.64278e-05 0.0362168 0.0447584 4.42583e-06 0.00189499 7.58008e-05 0.0620887 3.12321e-10 0.00156129 0.311661 0.00284597 4.56247e-05 0.000110224 0.0126023 2.46548e-08 0.030243 0.00389717 0.412944 0.000838501 0.00833002 0.000926414 2.23611e-08 
0.000194818 0.00454076 0.00252873 0.0126469 0.0273784 0.228818 0.0139965 0.0205252 0.00707962 0.000322425 0.144728 1.64718e-05 0.0207375 0.000235527 0.00641356 6.18847e-08 0.000739322 0.00229718 0.013335 0.000104538 0.0288067 0.00821783 0.00639295 0.0204787 0.0038423 0.286334 0.0650313 0.046283 0.0279668 7.65052e-06 
0.0122034 0.10071 0.00466217 0.0297662 0.180839 0.017612 0.0206871 0.00345286 0.000395246 0.00018729 0.0156971 6.99199e-05 0.00158406 0.000188356 1.74989e-05 2.60467e-12 0.00652676 0.0490223 0.00262299 3.22628e-09 0.00211189 0.00102172 1.933e-05 0.0275921 0.00145301 0.509612 0.0013095 0.00926579 0.00136951 8.90042e-07 
0.113322 0.0387907 0.000452478 7.06893e-05 0.0598518 0.00317132 0.00429065 0.0332172 0.110058 0.000280596 0.0140266 7.27119e-06 0.000114803 0.00370646 8.60215e-05 3.98326e-11 0.000888001 6.31188e-05 0.0340146 1.46453e-05 0.205227 0.000832794 0.00263225 0.00798314 1.50152e-05 0.221767 0.126981 0.0105274 0.00760744 1.07505e-06 
0.000478954 0.000746447 0.00242699 0.000454413 0.00299023 0.0933365 0.0106255 0.0129218 0.00893949 1.77692e-05 0.0559399 0.000109075 0.00131254 1.2577e-05 0.000275744 8.21629e-10 4.36304e-06 0.00239835 0.00912868 1.4012e-05 0.0150216 0.00403819 0.00121077 0.018746 0.00045262 0.582602 0.056006 0.0436767 0.0761113 1.01037e-06 
0.000580874 0.00703114 7.12274e-07 3.60476e-05 0.0124163 0.0157454 0.00237415 0.153714 0.00344432 0.000747081 0.0126287 1.60614e-05 0.00118543 4.36505e-06 0.000357084 2.06719e-10 0.000488335 0.00534338 3.19761e-11 8.35811e-06 3.32539e-06 0.0044553 0.00409635 0.00713566 9.20126e-11 0.749336 0.013729 0.00469137 0.000431021 1.57843e-10 
0.000192443 0.00126318 0.000667548 0.004762 0.00755729 0.0428102 0.00284699 0.00119436 0.00119234 4.89731e-05 0.0250003 2.21251e-05 0.00226056 1.58014e-05 0.000466715 2.60391e-09 0.000406838 0.00855054 0.00421078 1.36407e-07 0.0596463 0.000576457 7.03069e-05 0.00390352 0.00370677 0.804568 0.0023855 0.0171778 0.00449585 4.16688e-08 
0.000232449 0.0012412 0.000872082 0.0009236 0.113364 0.0225931 0.0153665 0.00929017 0.0008774 0.000169682 0.0102925 0.00011358 0.000843839 3.13749e-09 7.57457e-05 4.14414e-12 9.22197e-06 0.000367874 0.00112416 3.27369e-09 0.0952349 3.29935e-05 0.00331082 0.00423937 0.000840515 0.609055 0.0412772 0.0348221 0.0334302 1.77326e-07 
0.000232449 0.0012412 0.000872082 0.0009236 0.113364 0.0225931 0.0153665 0.00929017 0.0008774 0.000169682 0.0102925 0.00011358 0.000843839 3.13749e-09 7.57457e-05 4.14414e-12 9.22197e-06 0.000367874 0.00112416 3.27369e-09 0.0952349 3.29935e-05 0.00331082 0.00423937 0.000840515 0.609055 0.0412772 0.0348221 0.0334302 1.77326e-07 
0.00333696 0.00197654 0.000655046 0.00901426 0.0304639 0.00507868 0.00463644 0.00528902 0.00159397 0.000217662 0.00313406 2.99294e-05 0.000254863 8.37781e-05 0.000134365 1.87697e-10 0.000435083 0.00183694 0.00928768 4.09678e-06 0.0274778 0.000194091 0.000179416 0.00426096 0.00122509 0.870153 0.0089133 0.0059871 0.004145 8.17535e-07 
0.0263939 0.00967405 0.00126812 0.00376948 0.168024 0.00661287 0.0189068 0.00937339 0.00487027 0.000985866 0.00938972 6.8351e-05 0.00363827 0.00553214 0.00115607 6.38399e-07 0.000510772 0.00342087 0.0589216 0.000320169 0.0421981 0.0037684 0.00107735 0.0325376 0.00149055 0.504979 0.0313705 0.03558 0.0141574 4.2296e-06 
4.12111e-05 0.00330719 0.00466064 0.000599572 0.00925457 0.0661728 0.0333781 0.00657807 0.007474 0.000657647 0.00432376 1.14639e-10 0.000542058 1.36519e-06 0.000362957 0.00654602 2.51472e-06 0.0189878 0.00191728 2.09896e-10 0.0458897 2.25981e-05 0.00656579 0.00406343 0.00388659 0.522067 0.0659865 0.175755 0.0109504 5.53275e-06 
0.000979234 6.99524e-05 0.000215414 0.0147495 0.00345012 0.123315 0.00148007 0.130908 0.00129133 2.97688e-06 0.0230991 5.91899e-06 0.00340738 0.00180466 0.000393227 2.03778e-06 0.00280855 0.0096698 0.00249244 0.0112395 0.00219836 0.0643751 0.000120499 0.0210297 1.50573e-05 0.450527 0.000767258 0.00792326 7.84874e-05 0.121581 
0.0106871 0.00212471 0.000881423 0.0328672 0.0782119 0.0138146 0.00577842 0.00479085 0.00397988 0.000106667 0.0113916 1.20071e-05 0.00128444 0.00487979 0.000108786 1.03068e-12 0.00284235 0.0107526 0.0173548 8.1961e-07 0.0539635 0.000218883 0.000279089 0.0129323 0.000889628 0.703675 0.00821968 0.0113027 0.00664708 2.62503e-06 
0.00107874 0.00437156 5.4083e-05 0.000132457 0.0535963 0.0187432 0.0170628 0.154383 0.0214042 0.02254 0.00322976 1.50488e-06 0.000106611 0.000699879 0.00301966 6.13401e-11 0.00171591 7.9922e-06 0.0731799 0.000375416 0.154591 0.00771167 0.00362304 0.0394064 2.73378e-05 0.16395 0.109613 0.0704928 0.0748816 1.8698e-08 
0.000160054 0.00300788 0.00394276 0.0212943 0.0333602 0.0134149 0.014592 0.00122257 0.000207769 0.000187283 0.00929839 1.37082e-05 0.000526972 0.000197574 1.74964e-05 1.91808e-12 0.00670733 0.00856175 0.00204108 3.1079e-09 0.000847094 0.000869979 3.22251e-06 0.00795635 0.00145483 0.863344 0.00125734 0.00529168 0.000220481 8.89372e-07 
0.000232449 0.0012412 0.000872082 0.0009236 0.113364 0.0225931 0.0153665 0.00929017 0.0008774 0.000169682 0.0102925 0.00011358 0.000843839 3.13749e-09 7.57457e-05 4.14414e-12 9.22197e-06 0.000367874 0.00112416 3.27369e-09 0.0952349 3.29935e-05 0.00331082 0.00423937 0.000840515 0.609055 0.0412772 0.0348221 0.0334302 1.77326e-07 
6.22016e-05 0.000299413 0.000301659 0.000551414 0.0826277 0.00290903 0.00392726 0.000870016 0.000365058 8.24092e-05 0.00257903 1.45359e-09 0.000202163 1.74837e-07 0.000110346 4.36355e-12 1.77326e-05 0.000755178 0.00691257 4.90126e-11 0.0101726 1.45396e-09 8.75387e-05 0.00191065 0.000916363 0.865167 0.00181547 0.0100942 0.00726238 1.18939e-07 
0.000138936 0.00240318 3.83487e-07 0.00113536 7.34227e-08 0.00399321 0.00263427 0.0119504 1.66359e-06 2.01298e-06 0.00645709 0.000886946 2.23395e-11 4.11196e-06 1.21098e-07 9.97177e-11 5.09391e-06 0.0121678 5.72094e-07 1.09404e-07 1.07138e-11 0.00467972 5.5053e-07 0.0252135 4.43854e-11 0.913968 0.0143559 1.12037e-07 1.0304e-07 9.88454e-07 
0.0651344 0.0214775 0.00359415 0.00046934 0.0268607 0.0119957 0.131709 0.0712957 0.000525438 0.0169285 0.00862954 0.000149982 0.00347175 0.0309573 0.00717319 1.81138e-06 0.0038201 0.00200721 0.0132435 1.17302e-07 0.0867815 0.00386013 0.00753893 0.174244 0.000433297 0.209956 0.0429375 0.022727 0.0320697 6.59271e-06 
0.000927787 0.0132012 0.25283 0.00063033 0.21817 0.00564323 0.0450499 0.010934 0.00151426 0.00105144 0.00364524 0.00996221 0.00425749 1.59051e-05 0.000629692 4.85093e-12 7.83125e-06 0.00332787 0.00290412 2.28652e-08 0.015507 4.59792e-08 0.0131173 0.00765956 0.0228216 0.32191 0.0107249 0.0258114 0.00772716 1.82845e-05 
4.55361e-07 1.84272e-06 1.76212e-06 0.00416018 3.79727e-06 3.60178e-06 4.73151e-06 0.00358512 5.56879e-07 2.92562e-06 1.26089e-06 1.80893e-11 2.74073e-07 2.33235e-07 4.9473e-07 3.17633e-09 3.75654e-07 0.0472473 1.67003e-06 3.31202e-11 0.000191757 0.000162198 1.45354e-07 0.001239 1.06932e-05 0.943375 1.24286e-06 2.14005e-06 8.52417e-07 6.24581e-08 
1.44264e-05 0.000465548 0.00780466 0.000416827 0.0435173 1.95963e-05 0.0305249 0.00392584 8.91248e-08 0.00122455 0.00306171 1.70812e-07 0.00024409 0.211967 7.98549e-08 2.96962e-07 6.64297e-06 0.000129333 4.59352e-08 3.12745e-07 0.00317342 0.00288951 9.80309e-08 0.00649556 3.16942e-05 0.682563 0.000389652 4.43432e-06 0.00112431 4.63839e-06 
0.000441884 0.000230928 0.000149639 0.000913383 0.0485167 0.00249676 0.000291607 0.0029637 0.00330165 7.60291e-09 0.00330819 1.8597e-05 0.000345895 0.000232867 0.000221204 1.92222e-08 4.23509e-06 0.0023472 0.0148951 0.000418595 0.00181918 0.000654009 9.65494e-05 0.0929232 0.000347936 0.811745 0.00402956 0.00538699 0.00186887 3.08007e-05 
0.00074239 0.00159911 0.00105806 0.00025078 0.0307824 0.00373073 0.0064622 0.00272584 0.000170295 0.000318882 0.0079651 4.28319e-09 0.000281836 1.48815e-05 1.42133e-05 6.5919e-12 5.94661e-05 0.00119019 0.00398919 6.94225e-12 0.00202671 6.12448e-05 1.06984e-05 0.00015006 0.00444557 0.916565 0.00651879 0.00450786 0.00435393 5.02637e-06 
0.000442565 0.00794792 0.00396347 0.000304631 0.0508722 0.00507835 0.00638111 0.058202 0.00290115 0.00533442 0.0137631 5.88394e-06 0.000660303 7.72376e-07 0.0012085 5.63763e-11 1.05869e-05 0.0118464 0.00914048 0.00010532 0.168798 0.000724564 0.00879097 0.0595513 4.61588e-05 0.501203 0.020985 0.0265111 0.0351795 4.14008e-05 
6.22016e-05 0.000299413 0.000301659 0.000551414 0.0826277 0.00290903 0.00392726 0.000870016 0.000365058 8.24092e-05 0.00257903 1.45359e-09 0.000202163 1.74837e-07 0.000110346 4.36355e-12 1.77326e-05 0.000755178 0.00691257 4.90126e-11 0.0101726 1.45396e-09 8.75387e-05 0.00191065 0.000916363 0.865167 0.00181547 0.0100942 0.00726238 1.18939e-07 
0.0122101 0.00385113 0.0763004 0.00154549 0.0710423 0.0149142 0.13448 0.0721105 0.000378607 0.00212783 0.0547155 0.000246351 0.00123655 3.51617e-05 0.000778272 2.54933e-09 0.000727344 0.0499474 0.0285477 4.08113e-05 0.00714494 0.0398853 5.78424e-05 0.0338849 0.00141403 0.289544 0.0116261 0.0687099 0.0221186 0.000378874 
1.51728e-05 1.51705e-05 1.51648e-05 1.51711e-05 1.51704e-05 1.51721e-05 0.10775 1.5172e-05 0.104665 0.0455056 0.0288422 1.51576e-05 0.0273194 1.51575e-05 1.51676e-05 1.51438e-05 1.515e-05 0.0212447 1.51713e-05 1.51421e-05 1.51728e-05 0.00608257 0.00153173 1.51723e-05 0.00456373 0.585436 0.0667707 1.51743e-05 1.51728e-05 1.51515e-05 
0.000452152 0.0617406 5.27387e-07 1.19172e-05 1.4906e-06 0.00779811 0.111121 0.0248825 0.0212136 0.0060194 0.00835583 0.000131016 0.000868209 6.01743e-07 0.00640623 9.86115e-10 1.63838e-07 3.75255e-10 0.0663265 1.03853e-09 0.00493182 0.000394774 0.016604 0.00170812 0.000111777 0.601443 0.000638088 0.0122132 0.0466245 4.21549e-07 
0.00731395 0.00497124 0.00164117 1.69126e-05 0.00816976 0.0113977 0.00113306 0.00486677 0.00306955 0.00024848 0.00178076 0.000171995 0.000154406 0.000220128 0.000142765 5.49612e-07 3.353e-05 0.000107139 0.00610128 1.82373e-11 0.0606349 0.00023784 0.00245842 0.00623673 5.76527e-05 0.799452 0.0548348 0.0201285 0.00441836 6.94886e-08 
0.0122034 0.10071 0.00466217 0.0297662 0.180839 0.017612 0.0206871 0.00345286 0.000395246 0.00018729 0.0156971 6.99199e-05 0.00158406 0.000188356 1.74989e-05 2.60467e-12 0.00652676 0.0490223 0.00262299 3.22628e-09 0.00211189 0.00102172 1.933e-05 0.0275921 0.00145301 0.509612 0.0013095 0.00926579 0.00136951 8.90042e-07 
0.00104231 0.0326268 0.007333 6.4962e-09 5.59514e-06 0.0028017 0.0240055 2.21309e-05 0.000916884 0.0044875 1.45883e-05 0.000124432 6.7614e-06 3.70127e-06 0.00551051 2.4292e-10 0.00091101 7.90383e-07 3.11819e-06 2.13985e-06 3.42693e-08 2.65725e-06 6.56731e-05 8.2104e-06 2.42161e-06 0.920072 3.82018e-06 1.19714e-05 1.46339e-05 1.85484e-10 
0.00333696 0.00197654 0.000655046 0.00901426 0.0304639 0.00507868 0.00463644 0.00528902 0.00159397 0.000217662 0.00313406 2.99294e-05 0.000254863 8.37781e-05 0.000134365 1.87697e-10 0.000435083 0.00183694 0.00928768 4.09678e-06 0.0274778 0.000194091 0.000179416 0.00426096 0.00122509 0.870153 0.0089133 0.0059871 0.004145 8.17535e-07 
0.00734705 0.00705389 0.00226884 0.0275434 0.0369747 0.0150243 0.0114385 0.00852583 0.00437098 0.000498646 0.00812497 1.34079e-05 0.00168064 8.765e-05 0.00015316 1.43568e-12 0.00388394 0.00425977 0.0141949 4.23279e-06 0.0557846 0.000931363 0.000317617 0.0139821 0.000671743 0.747383 0.0130511 0.00922218 0.00520521 2.63401e-06 
0.000622869 0.00353339 0.00201317 0.00258248 0.0123868 0.07066 0.0487779 0.0301737 0.000478248 0.00274031 0.0309271 1.50828e-06 0.00469115 3.62161e-05 0.00173621 8.17736e-05 0.00732739 0.00624341 0.017326 0.00128134 0.00297004 0.0141077 0.00363407 0.00873094 0.00183742 0.68209 0.0122083 0.0175563 0.0132426 1.40179e-06 
5.35742e-05 0.00330169 0.0011861 0.00423473 0.442559 0.0105309 0.00562783 0.000222495 0.00160705 0.000121104 0.00386533 2.95e-06 0.000934842 5.4066e-05 1.22599e-06 6.75529e-08 0.00302546 0.000955406 3.50868e-05 1.12359e-06 0.000582995 0.00600301 1.4944e-06 0.00551394 0.000156976 0.505206 0.00266866 0.00069533 0.000849388 1.64158e-06 
5.3468e-05 0.000270651 0.000240889 0.000494842 0.0193605 0.00245436 0.00200781 0.00159616 4.89605e-05 0.000103602 0.00113759 7.81391e-06 0.000161354 2.05086e-05 0.000165914 1.62451e-09 4.67812e-05 0.00115797 0.00180627 3.80624e-08 0.236308 3.84824e-05 3.07354e-05 0.000761273 0.00199508 0.555046 0.166407 0.00498344 0.00329274 2.40299e-06 
0.000207427 0.00187746 0.0188387 0.000180533 0.233333 0.00590019 0.00570278 0.0221025 9.42265e-05 0.0002496 0.00374835 4.38271e-06 0.000608562 5.61561e-06 0.013673 3.47324e-12 4.64151e-06 0.00110542 0.027728 0.00034125 0.208411 3.70642e-05 0.000567813 0.0127225 0.000219752 0.233674 0.00802543 0.152108 0.0485284 2.65204e-12 
0.000572129 0.011724 0.00658451 0.0101208 0.0102884 0.0379032 0.0237296 0.0490518 0.00183614 0.000883362 0.0119559 0.000343713 0.00148319 0.00193858 0.00484488 7.48526e-11 0.000322854 0.0113222 0.00690327 1.27583e-05 0.00282418 0.025559 4.57091e-05 0.0273341 0.00164768 0.655803 0.0228918 0.0713591 0.000657177 5.67191e-05 
0.000150157 0.00171666 0.00207225 0.0136003 0.0309592 0.00996856 0.00740156 0.00166977 0.000396705 0.000104194 0.00674473 8.36448e-06 0.000375473 7.90328e-05 6.6804e-05 1.20953e-12 0.0031781 0.00450805 0.00393455 1.29569e-08 0.0100672 0.000347996 2.26075e-05 0.00720022 0.000926412 0.88198 0.00232556 0.00703245 0.00316294 3.56047e-07 
0.029179 0.138765 0.0623171 0.00280534 0.0774167 0.0401361 0.0421672 0.0136992 0.00683769 0.000579351 0.0168907 0.011892 0.00572795 0.000132079 0.0345451 5.74747e-10 0.00455549 0.00651504 0.0547322 0.00116307 0.0688724 0.00219484 0.000683922 0.0725069 0.000986386 0.155644 0.00684195 0.0895725 0.0526355 5.78218e-06 
0.00278481 0.0225415 0.00313886 0.00226966 0.0742569 0.0531882 0.0732404 0.0184691 0.0236273 0.000494281 0.0210318 0.000120128 0.0559313 0.00103683 0.0254705 0.00388001 0.000599507 0.0163892 0.0455133 0.000136261 0.0353078 0.00159029 0.0162405 0.0172871 0.00528361 0.257125 0.059455 0.0857184 0.0778506 2.19823e-05 
2.61088e-05 0.00324203 0.0086862 0.000474484 0.0469848 0.0575296 0.0133166 0.0212423 1.41102e-05 0.00042275 0.026493 0.000120824 0.00280212 1.21059e-05 0.000219497 7.68034e-11 2.31639e-05 0.00168353 0.0079312 6.71039e-10 0.00672104 1.81604e-07 0.000128306 0.0190603 0.00115032 0.734676 0.01795 0.0199199 0.00916999 9.5215e-09 
0.000607479 0.000303719 0.000240086 0.0286582 0.0138539 0.0102967 0.00231981 0.00186746 0.000731879 3.54958e-05 0.00593531 1.16626e-05 0.000877632 5.20342e-05 7.39948e-05 2.45633e-12 0.00181911 0.00640256 0.00564169 5.11905e-07 0.0112812 0.000148648 4.53049e-05 0.00531694 0.00187403 0.888995 0.00291304 0.00612582 0.00356825 2.39022e-06 
0.000487157 0.011331 0.00774719 0.0218683 0.0180843 0.0324058 0.0251818 0.0229297 0.00273532 0.00101229 0.0121545 0.000185738 0.00232154 0.00116922 0.00197142 8.29522e-11 0.00302571 0.0104212 0.00408619 6.19157e-06 0.00263783 0.0128493 3.17821e-05 0.0226583 0.00140328 0.731065 0.0106723 0.0370324 0.00247998 4.51202e-05 
3.07731e-05 0.00374212 0.00334413 0.000128086 0.00794315 0.0289601 0.015239 0.0107017 0.006132 0.00369538 0.0799293 6.86405e-07 0.00235723 0.000162398 0.000150291 6.17447e-10 0.000293877 2.06056e-06 1.82219e-06 6.50264e-10 0.00449666 0.000499531 0.0392253 0.0292828 0.00327349 0.624609 0.0710531 0.00140775 0.0633386 1.13727e-07 
0.000199306 0.00196893 0.000332194 9.91485e-05 0.0140041 0.0182144 0.0244917 0.0522101 1.31308e-05 0.00758502 0.025474 0.000383829 0.000759345 8.99336e-05 0.000954443 8.12616e-06 4.13313e-06 0.0293542 0.00126619 0.000142223 0.00280429 0.0195658 0.000122158 0.0104294 0.00113429 0.689745 0.00891182 0.0751224 0.0145794 3.04815e-05 
0.000126553 0.00609255 0.00375999 0.00635635 0.16242 0.0116915 0.0222813 0.011609 0.0027996 0.0116852 0.0568329 3.61311e-06 0.024303 7.15808e-05 0.000691747 1.1757e-10 0.00132725 0.00264913 0.0131922 2.07741e-05 0.0276208 0.0107233 0.000140859 0.0690226 0.000588269 0.451502 0.00684903 0.0769979 0.0186402 6.32008e-07 
0.000446664 0.024524 0.0090482 7.33314e-05 0.0603529 0.107445 0.0244382 0.129848 0.0116841 0.00898506 0.0383636 1.487e-08 0.0248908 3.68437e-05 0.00103544 3.64105e-12 0.00230147 0.00133407 0.00924926 1.59142e-08 0.0598411 2.06015e-05 0.0312934 0.00759603 0.000333386 0.238152 0.0594798 0.125997 0.0232297 7.77009e-07 
6.22016e-05 0.000299413 0.000301659 0.000551414 0.0826277 0.00290903 0.00392726 0.000870016 0.000365058 8.24092e-05 0.00257903 1.45359e-09 0.000202163 1.74837e-07 0.000110346 4.36355e-12 1.77326e-05 0.000755178 0.00691257 4.90126e-11 0.0101726 1.45396e-09 8.75387e-05 0.00191065 0.000916363 0.865167 0.00181547 0.0100942 0.00726238 1.18939e-07 
0.0134023 0.00440591 0.0072312 0.00114995 0.142774 0.00618654 0.0193221 0.0124395 0.00109627 0.00146106 0.015556 0.000488449 0.00202462 0.00808446 0.00204124 3.30981e-08 0.000179664 0.00340479 0.0273983 3.92619e-06 0.0458811 0.00174026 0.000705829 0.0199426 0.155469 0.426184 0.0292813 0.0355537 0.0165825 8.84789e-06 
0.00188925 0.000143021 0.000136038 0.0199592 0.129338 0.00967903 0.00087057 0.00322135 0.00012462 3.17004e-06 0.0154866 3.95744e-05 0.00154095 0.000281517 4.16375e-05 2.94274e-12 0.000803342 0.0114748 0.00490758 1.75828e-06 0.000727961 0.000181836 3.91084e-05 0.00582549 0.000669276 0.78605 0.000727464 0.00577653 6.03916e-05 4.03958e-07 
6.22016e-05 0.000299413 0.000301659 0.000551414 0.0826277 0.00290903 0.00392726 0.000870016 0.000365058 8.24092e-05 0.00257903 1.45359e-09 0.000202163 1.74837e-07 0.000110346 4.36355e-12 1.77326e-05 0.000755178 0.00691257 4.90126e-11 0.0101726 1.45396e-09 8.75387e-05 0.00191065 0.000916363 0.865167 0.00181547 0.0100942 0.00726238 1.18939e-07 
0.000150157 0.00171666 0.00207225 0.0136003 0.0309592 0.00996856 0.00740156 0.00166977 0.000396705 0.000104194 0.00674473 8.36448e-06 0.000375473 7.90328e-05 6.6804e-05 1.20953e-12 0.0031781 0.00450805 0.00393455 1.29569e-08 0.0100672 0.000347996 2.26075e-05 0.00720022 0.000926412 0.88198 0.00232556 0.00703245 0.00316294 3.56047e-07 
3.39344e-08 0.000361421 3.11451e-07 6.6924e-09 9.49306e-12 8.85552e-09 5.73544e-08 6.83258e-12 4.79781e-08 8.36197e-08 6.63522e-12 4.45084e-08 1.1549e-11 2.9867e-11 1.26428e-05 5.15517e-11 9.63824e-08 1.96174e-11 7.97422e-12 5.42916e-11 3.54538e-08 1.24605e-11 1.70179e-11 6.43672e-12 2.29462e-11 0.999625 7.25802e-12 3.29548e-12 5.55145e-12 3.9363e-11 
0.00078784 0.030622 0.00123526 0.00644421 0.0324568 0.163886 0.0218582 0.0127893 0.00455707 0.00157631 0.0440441 0.000214083 0.00827975 0.000323946 0.000241219 9.13321e-11 0.000630819 0.0450018 0.00602867 3.23499e-05 0.0473444 0.00234984 0.00258579 0.0724479 0.00299016 0.384964 0.0311156 0.0509714 0.0242217 4.42616e-09 
0.0109618 0.00286531 0.00107675 0.0337002 0.0324633 0.0153745 0.00626229 0.0113393 0.00551915 0.000289111 0.00882394 1.72355e-05 0.00183116 0.00529194 0.000175703 1.04766e-12 0.00287504 0.00967041 0.0167034 5.38568e-06 0.0686579 0.000881379 0.000408349 0.0134172 0.000976016 0.720036 0.0143289 0.0102985 0.00574574 3.62515e-06 
0.000421692 0.000309674 0.000552472 0.00715291 0.0222175 0.0136457 0.00605507 0.00243797 0.00336853 1.00154e-05 0.0264439 1.21229e-05 0.00768214 0.00220401 0.00766468 1.4231e-11 0.000388137 0.00434162 0.0232101 2.64169e-05 0.0276989 7.33851e-05 0.00108709 0.0164337 0.000381293 0.73435 0.046469 0.0294417 0.0159204 3.06697e-07 
0.000138936 0.00240318 3.83487e-07 0.00113536 7.34227e-08 0.00399321 0.00263427 0.0119504 1.66359e-06 2.01298e-06 0.00645709 0.000886946 2.23395e-11 4.11196e-06 1.21098e-07 9.97177e-11 5.09391e-06 0.0121678 5.72094e-07 1.09404e-07 1.07138e-11 0.00467972 5.5053e-07 0.0252135 4.43854e-11 0.913968 0.0143559 1.12037e-07 1.0304e-07 9.88454e-07 
0.00128152 0.00441072 0.00438078 0.0470787 0.0360824 0.180314 0.0169871 0.0661905 0.00877004 0.00134878 0.0966868 0.000262084 0.0113102 0.000778307 0.010658 3.37416e-10 0.00100186 0.014102 0.0228746 0.000147037 0.0297341 0.0136414 0.00382588 0.0900757 0.00064736 0.19925 0.0185563 0.0798683 0.0396913 4.40826e-05 
0.0106871 0.00212471 0.000881423 0.0328672 0.0782119 0.0138146 0.00577842 0.00479085 0.00397988 0.000106667 0.0113916 1.20071e-05 0.00128444 0.00487979 0.000108786 1.03068e-12 0.00284235 0.0107526 0.0173548 8.1961e-07 0.0539635 0.000218883 0.000279089 0.0129323 0.000889628 0.703675 0.00821968 0.0113027 0.00664708 2.62503e-06 
0.00892647 0.00763259 0.00196214 0.00766744 0.0558701 0.00726182 0.00940992 0.00469535 0.00120128 0.000332765 0.00336011 7.1771e-06 0.000348153 6.85872e-05 9.88676e-05 6.97005e-13 0.0012729 0.00265889 0.00733157 1.38384e-08 0.0601748 0.000189355 0.000270518 0.00464184 0.00199469 0.782571 0.0137587 0.00801201 0.00827971 1.21292e-06 
0.000927787 0.0132012 0.25283 0.00063033 0.21817 0.00564323 0.0450499 0.010934 0.00151426 0.00105144 0.00364524 0.00996221 0.00425749 1.59051e-05 0.000629692 4.85093e-12 7.83125e-06 0.00332787 0.00290412 2.28652e-08 0.015507 4.59792e-08 0.0131173 0.00765956 0.0228216 0.32191 0.0107249 0.0258114 0.00772716 1.82845e-05 
0.000437713 0.00183732 0.000419038 0.0309897 0.0175294 0.0492845 0.0219379 0.026838 0.00207518 0.0299399 0.0792384 0.00175891 0.00240932 9.49268e-05 0.00198903 1.29825e-09 0.0013163 0.129127 0.0243895 2.81412e-05 0.0154328 0.00260088 0.000355232 0.0243948 0.00117442 0.457349 0.00479898 0.0400944 0.0321469 1.31205e-05 
0.00277807 0.00337467 0.000663621 0.000465384 0.141166 0.00529244 0.00806439 0.00381967 0.00112216 0.000258076 0.00318888 2.15023e-07 0.000317142 4.77555e-06 0.000154457 1.33935e-12 1.8029e-05 0.000724407 0.0148867 3.28507e-11 0.0612581 1.01294e-09 0.000437261 0.00385949 0.000929418 0.709976 0.0106851 0.0149669 0.0115881 6.44389e-07 
0.0411927 0.00138833 0.000326984 0.0107247 0.031366 0.0113834 0.00525226 0.00463491 0.00045044 5.69531e-05 0.016201 2.34336e-05 0.00256728 4.34851e-05 0.000397724 1.01608e-12 0.00198739 0.00489361 0.00568522 5.19427e-07 0.0213011 0.000106351 0.000280041 0.00659916 0.00315292 0.783761 0.0114077 0.0181193 0.0166937 1.99667e-06 
0.000273689 0.00067766 0.000389055 0.000171249 0.0139897 0.00723957 0.0113601 0.00287099 6.62604e-05 0.00178092 0.0277702 3.65228e-05 0.000105488 8.38376e-06 0.000978675 8.89433e-09 0.000190419 0.0574007 0.0108901 9.36705e-09 0.00140431 0.000863407 5.7003e-06 0.00113452 0.00161738 0.845835 0.00299117 0.00330217 0.00664297 3.40755e-06 
6.22016e-05 0.000299413 0.000301659 0.000551414 0.0826277 0.00290903 0.00392726 0.000870016 0.000365058 8.24092e-05 0.00257903 1.45359e-09 0.000202163 1.74837e-07 0.000110346 4.36355e-12 1.77326e-05 0.000755178 0.00691257 4.90126e-11 0.0101726 1.45396e-09 8.75387e-05 0.00191065 0.000916363 0.865167 0.00181547 0.0100942 0.00726238 1.18939e-07 
0.000138936 0.00240318 3.83487e-07 0.00113536 7.34227e-08 0.00399321 0.00263427 0.0119504 1.66359e-06 2.01298e-06 0.00645709 0.000886946 2.23395e-11 4.11196e-06 1.21098e-07 9.97177e-11 5.09391e-06 0.0121678 5.72094e-07 1.09404e-07 1.07138e-11 0.00467972 5.5053e-07 0.0252135 4.43854e-11 0.913968 0.0143559 1.12037e-07 1.0304e-07 9.88454e-07 
0.00074239 0.00159911 0.00105806 0.00025078 0.0307824 0.00373073 0.0064622 0.00272584 0.000170295 0.000318882 0.0079651 4.28319e-09 0.000281836 1.48815e-05 1.42133e-05 6.5919e-12 5.94661e-05 0.00119019 0.00398919 6.94225e-12 0.00202671 6.12448e-05 1.06984e-05 0.00015006 0.00444557 0.916565 0.00651879 0.00450786 0.00435393 5.02637e-06 
0.000232449 0.0012412 0.000872082 0.0009236 0.113364 0.0225931 0.0153665 0.00929017 0.0008774 0.000169682 0.0102925 0.00011358 0.000843839 3.13749e-09 7.57457e-05 4.14414e-12 9.22197e-06 0.000367874 0.00112416 3.27369e-09 0.0952349 3.29935e-05 0.00331082 0.00423937 0.000840515 0.609055 0.0412772 0.0348221 0.0334302 1.77326e-07 
