4.89375e-09 0.0415294 1.6024e-08 0.000782124 8.35234e-09 4.26213e-05 1.99153e-05 0.10893 1.36127e-08 1.794e-08 7.43964e-06 4.16992e-05 1.01612e-08 2.6278e-08 2.70972e-05 4.53571e-08 3.68539e-08 3.23384e-05 0.328949 3.16845e-05 1.36745e-05 0.284941 3.70255e-05 0.234578 2.27036e-05 1.40003e-08 6.38587e-09 1.47713e-05 1.95174e-07 3.4633e-08 
0.000373937 0.00654822 0.000133685 4.16629e-06 7.18655e-06 4.93306e-06 0.152427 0.00295994 1.43778e-05 0.83631 3.87743e-07 1.73402e-05 3.95995e-08 1.02409e-07 0.000706896 1.76762e-07 1.43624e-07 1.96804e-06 0.000102671 1.86156e-07 0.000372125 1.18298e-06 5.83513e-08 2.20704e-08 7.86784e-08 5.45608e-08 2.48865e-08 1.12996e-08 1.31675e-05 1.34969e-07 
0.454559 0.539351 0.000183321 5.70355e-06 0.00126088 3.59091e-05 0.000440924 0.000234839 6.86547e-06 9.10121e-07 0.000169746 3.40617e-06 0.000148858 1.84103e-07 2.43931e-05 1.74959e-12 7.95173e-07 0.000469212 1.21343e-05 1.84258e-12 0.000186602 0.000131954 1.37313e-08 0.000510221 4.31653e-05 5.05874e-05 3.58474e-09 0.000784884 0.00138412 9.28467e-08 
4.72593e-05 0.000249246 0.00159834 5.10078e-05 0.00293447 0.0114852 0.0299765 0.0529629 0.00379927 0.00361224 0.00848763 0.000313504 0.00219667 0.000412778 0.000425103 0.00016749 0.000201683 0.00530363 0.00340591 1.58888e-07 0.00251184 0.707135 7.82953e-05 0.155566 0.00159617 2.31672e-05 4.19677e-05 0.00378104 0.00150862 0.000127377 
0.0275364 0.050342 0.0155335 0.000578746 2.65065e-07 0.0126063 0.539911 0.0268652 4.27338e-08 0.0118953 2.15112e-08 0.0181334 0.00031927 3.15653e-08 0.0709991 0.00148191 1.16153e-05 0.000647411 0.037698 5.96636e-05 0.0516721 0.0633555 8.96801e-05 0.00950046 0.0122975 0.000238085 2.4227e-08 0.0482268 1.51528e-07 7.37394e-09 
1.13064e-11 0.00121617 1.74039e-07 0.000320463 1.92971e-11 1.14856e-07 5.21232e-07 0.0079368 3.14504e-11 2.71903e-06 3.64305e-08 1.31408e-06 2.34763e-11 6.07123e-11 4.08629e-07 1.04792e-10 8.51467e-11 3.27035e-07 1.62097e-11 1.07062e-06 1.1259e-11 0.990519 3.45932e-11 1.63567e-07 1.21321e-07 9.06011e-08 1.47538e-11 2.17721e-07 8.69038e-08 2.24123e-07 
4.92551e-06 0.00116105 0.00179094 0.00120925 0.000329413 0.0406843 0.0915202 0.156378 2.60331e-10 0.00489703 0.0105712 1.03469e-06 0.0504455 0.00025702 0.00464946 8.67417e-10 3.5956e-05 0.000542531 0.00045063 0.0333395 0.00567327 0.559523 4.50814e-07 0.0102248 7.49418e-06 0.0033347 2.14269e-07 0.0194741 0.00344979 4.41709e-05 
3.3668e-05 5.31752e-05 0.000913907 4.71321e-06 7.05595e-05 0.698131 0.00358175 0.0016944 1.51603e-05 0.00558609 0.0100718 0.0145691 0.00992626 0.000115578 0.0196781 0.0381001 0.00042184 9.17656e-05 0.000516762 0.000140581 0.00233333 0.0122701 0.0856226 0.0688632 0.0025879 2.04805e-05 1.38247e-05 0.00988462 0.0146872 6.73404e-07 
0.0528837 0.0544939 0.0354172 9.98361e-08 1.13434e-07 0.0526011 0.0750823 0.0558687 0.00406446 0.0261538 7.92854e-08 0.000220651 0.000195592 3.56886e-07 0.0934173 6.16e-07 0.461461 2.34412e-07 0.00188823 6.4874e-07 1.31788e-05 0.0490773 7.02829e-05 3.90863e-05 0.0150355 3.48081e-05 8.67274e-08 0.0219792 6.63352e-08 4.70355e-07 
5.02357e-11 0.573022 2.10565e-06 4.52841e-07 0.0616566 0.00206634 0.156321 0.0146768 1.39738e-10 1.73127e-06 0.0234672 2.67814e-10 1.04308e-10 2.69751e-10 1.25204e-10 4.65603e-10 3.78316e-10 1.89407e-05 7.20213e-11 1.2754e-06 4.10255e-07 0.053843 2.75142e-06 0.111068 2.07245e-10 1.5954e-06 6.55528e-11 6.28049e-07 0.00384991 2.13666e-07 
4.92551e-06 0.00116105 0.00179094 0.00120925 0.000329413 0.0406843 0.0915202 0.156378 2.60331e-10 0.00489703 0.0105712 1.03469e-06 0.0504455 0.00025702 0.00464946 8.67417e-10 3.5956e-05 0.000542531 0.00045063 0.0333395 0.00567327 0.559523 4.50814e-07 0.0102248 7.49418e-06 0.0033347 2.14269e-07 0.0194741 0.00344979 4.41709e-05 
4.31431e-07 3.63211e-07 7.76149e-11 1.42461e-07 3.64144e-07 0.00383433 0.0109897 0.00700564 3.09962e-07 0.0435553 0.00826379 2.22421e-06 0.00519306 1.65594e-07 8.44865e-07 2.19695e-10 1.78508e-10 4.59821e-06 3.50062e-07 0.0110954 1.69975e-07 0.83038 0.0010893 0.0780679 0.000513841 6.78129e-11 3.09311e-11 1.95228e-07 8.11501e-07 3.3567e-07 
0.000380933 0.000369684 1.98268e-06 0.000100247 1.46571e-07 0.127361 0.021664 0.00426484 4.95319e-09 0.000927262 0.00698363 1.57627e-07 0.741069 3.48997e-07 0.00470807 1.56375e-08 4.11214e-08 0.000620046 7.05664e-07 0.00158276 0.0043039 0.00230902 8.99976e-05 0.0172129 6.56422e-07 7.51634e-05 1.33113e-11 2.12283e-07 0.0659521 2.1076e-05 
1.45234e-07 0.00333798 0.0007138 2.18161e-07 2.47875e-07 0.87602 0.00204829 0.00751111 4.03988e-07 5.32411e-07 0.0225232 0.00278812 0.00597118 0.0027303 3.61969e-07 1.34608e-06 1.09373e-06 0.00409839 0.00351908 0.00326193 1.44625e-07 0.0166913 0.00195562 0.00926087 0.00407484 0.00494475 1.89516e-07 0.0138712 0.0144667 0.000206591 
0.454559 0.539351 0.000183321 5.70355e-06 0.00126088 3.59091e-05 0.000440924 0.000234839 6.86547e-06 9.10121e-07 0.000169746 3.40617e-06 0.000148858 1.84103e-07 2.43931e-05 1.74959e-12 7.95173e-07 0.000469212 1.21343e-05 1.84258e-12 0.000186602 0.000131954 1.37313e-08 0.000510221 4.31653e-05 5.05874e-05 3.58474e-09 0.000784884 0.00138412 9.28467e-08 
4.01946e-10 0.0161707 0.469751 6.03779e-10 6.86016e-10 0.0503896 0.0154804 0.0356395 0.00578683 0.0515035 0.0810907 4.83391e-06 5.34887e-05 2.15834e-09 0.0770877 3.72538e-09 3.02698e-09 0.00982226 0.02031 3.92339e-09 0.000239534 0.00403245 0.059025 0.0635245 0.00106081 0.0283969 5.24501e-10 0.00347168 0.00715843 2.84457e-09 
7.60121e-05 1.08744e-06 1.17712e-06 9.20603e-07 8.67243e-08 4.36578e-07 1.72983e-06 2.33853e-06 5.17006e-10 2.27307e-06 5.70866e-07 9.08288e-07 1.09954e-06 9.98035e-10 2.16713e-08 1.72265e-09 1.39971e-09 6.55537e-10 2.66467e-10 0.982541 3.0336e-07 0.0137511 6.97511e-07 0.00314829 7.66771e-10 1.47157e-07 2.42534e-10 0.000466955 2.7869e-07 2.34993e-06 
2.27562e-06 0.00031775 0.0219128 4.02804e-07 0.000688707 0.000536872 0.00696499 0.0242118 4.73025e-07 0.000954196 1.4942e-06 3.21887e-05 0.0114399 4.03746e-06 0.00174727 8.45414e-09 8.29624e-07 0.000699566 1.30772e-09 0.033612 2.01142e-06 0.763374 0.122039 0.00375186 0.00147741 2.60953e-09 1.19027e-09 0.00504964 0.00117837 3.41616e-07 
0.000151933 0.650662 9.83932e-06 7.44489e-09 8.45892e-09 6.0652e-09 0.0435576 0.193434 0.0172299 7.35224e-05 5.9124e-09 2.64222e-08 0.000447131 6.93692e-06 0.00437375 4.59358e-08 3.53751e-05 1.74804e-08 2.00399e-06 4.83773e-08 0.041535 1.14265e-06 0.0274134 2.17268e-05 2.04465e-08 0.0051558 6.46736e-09 1.03824e-05 0.0158776 3.50749e-08 
0.00274714 0.216001 0.0137482 1.36836e-05 5.68761e-07 0.00831639 0.555971 0.0192294 0.000158993 0.0392693 2.69061e-10 3.23678e-05 6.46554e-06 1.21112e-09 0.0192523 5.58824e-06 2.85334e-06 4.75899e-05 0.00883102 3.89376e-06 0.000147961 0.0612991 0.0540117 0.000900781 1.7619e-06 4.61785e-07 2.94316e-10 2.20099e-09 2.25114e-10 1.59618e-09 
0.00544649 0.0151722 0.0020226 0.00103707 0.000309324 0.0140483 0.0478051 0.0429361 0.00575479 4.22862e-05 0.00496505 0.116864 3.16014e-05 2.02598e-05 0.00056498 1.75996e-05 1.52907e-06 0.0294119 0.00493137 0.00056854 2.4168e-05 0.563978 0.000583654 0.126494 0.000754791 0.000716558 5.66046e-06 0.00844498 0.0024434 0.00460384 
6.04984e-05 3.47966e-07 6.84159e-07 3.13862e-07 3.56611e-07 7.64946e-05 0.000377714 0.0068569 5.84278e-06 7.65964e-07 0.000251973 1.18277e-05 6.30255e-05 1.12197e-06 1.22041e-05 1.93656e-06 1.57351e-06 0.000121233 2.99555e-07 0.980041 6.67784e-06 0.00274802 1.34721e-05 0.00895562 8.61985e-07 5.97757e-07 2.72651e-07 0.000384716 2.62999e-06 1.47869e-06 
1.38773e-05 2.28108e-05 0.000204033 1.97207e-08 2.24068e-08 0.00017563 1.06845e-05 0.596557 3.65186e-08 0.0039399 1.56613e-08 6.99897e-08 1.03084e-05 7.0496e-08 0.0100581 1.21679e-07 9.88679e-08 0.00123002 1.88218e-08 2.73694e-05 0.144369 0.0855522 0.157686 1.51928e-08 1.0082e-05 3.75586e-08 1.71313e-08 2.71044e-05 0.000101099 4.22286e-06 
1.64257e-06 0.00040121 3.59803e-05 7.73948e-06 9.84404e-05 5.04484e-06 0.00754521 0.00183976 7.73232e-09 0.00881114 8.90774e-05 1.48194e-08 1.42441e-05 1.49266e-08 6.92808e-09 2.57639e-08 2.09339e-08 0.0003236 3.98526e-09 0.0101504 2.76812e-09 0.937021 4.70126e-05 0.0116782 2.74901e-06 2.72622e-05 3.62733e-09 1.64698e-09 0.0219006 1.96724e-08 
0.018684 3.65412e-06 9.97901e-07 5.53708e-11 0.00554658 0.00182811 0.115458 0.30702 6.73471e-05 0.0268852 0.000263311 7.42838e-07 1.12903e-06 4.39476e-06 0.0145392 1.35785e-05 4.47145e-06 0.00105099 0.00771581 0.000652189 4.00799e-06 0.0978526 0.0146006 0.347003 2.36183e-07 3.63051e-07 1.0253e-07 0.0369684 0.00367986 0.000151241 
1.73996e-10 0.0129039 2.2826e-05 2.61366e-10 1.73708e-06 7.30993e-07 0.00728224 0.0495922 4.83994e-10 4.35654e-06 2.07565e-10 9.27598e-10 1.15172e-06 9.34308e-10 4.14645e-06 1.61266e-09 1.14853e-06 6.13679e-10 4.31806e-07 1.96447e-06 0.000211539 0.920475 3.80383e-06 0.00171039 1.21928e-05 9.97627e-07 2.27048e-10 0.00776783 1.24694e-06 1.23136e-09 
0.0108889 0.0085228 0.121924 0.000491089 4.17626e-05 0.0169172 0.196621 0.0615391 0.000306529 0.0365105 3.29254e-05 2.91021e-05 0.088615 8.89597e-05 0.0427755 1.54453e-07 1.25498e-07 0.00134938 2.38914e-08 0.000400391 9.83609e-05 0.225173 0.165964 0.000125547 0.000912254 7.57781e-05 2.17456e-08 0.0113012 0.00928787 7.50425e-06 
1.87154e-10 0.0167826 1.36051e-05 4.78203e-07 0.00494718 6.73375e-06 0.246022 0.0134953 5.20595e-10 6.03825e-06 1.8533e-06 6.78569e-06 3.88601e-10 1.00496e-09 0.717153 1.73461e-09 1.40942e-09 6.60087e-10 2.68317e-10 1.8268e-09 7.64301e-07 0.00154922 1.31759e-06 1.86283e-06 7.72093e-10 5.3542e-10 2.44218e-10 4.36903e-06 6.55668e-06 1.32448e-09 
7.33717e-08 0.101778 5.29397e-05 0.0091139 0.0507554 5.4248e-05 0.0144807 0.187476 2.04094e-07 0.000564523 0.00186273 1.23721e-05 0.000159133 0.000405708 0.00373518 6.80036e-07 5.52549e-07 0.000481565 1.05191e-07 1.11475e-05 0.00627022 0.619913 8.4204e-05 0.00209914 3.02691e-07 2.09906e-07 9.57431e-08 0.000519501 0.000166639 5.1925e-07 
0.00042554 0.019891 0.0289381 0.000845348 0.0183372 0.0398745 0.0253346 0.0812869 6.50471e-10 0.0113851 0.0184994 7.3097e-06 1.71883e-06 6.5489e-05 0.00797383 2.14932e-05 0.000107468 0.00499683 0.00217755 0.00769616 2.29554e-07 0.667748 0.00574144 0.0164391 0.000758507 0.00190115 3.80104e-07 0.0253488 0.0141808 1.6272e-05 
0.0546093 0.0411113 0.119266 8.9788e-11 2.73809e-07 0.00703625 0.436166 0.121983 8.36583e-07 0.134333 0.0109553 0.0119059 4.68957e-06 3.20967e-10 0.00513269 5.54003e-10 2.71779e-06 2.1082e-10 6.45775e-07 7.54861e-05 0.0448501 0.000717316 0.00013073 0.0117139 4.55093e-07 2.1166e-07 7.79986e-11 4.56133e-06 5.96589e-11 1.453e-07 
0.238275 0.00614617 0.0240954 8.86161e-09 5.91087e-09 3.05133e-08 0.180698 0.000617156 1.27559e-08 0.545432 6.69558e-09 3.0177e-08 1.46295e-08 1.28244e-12 0.00260399 6.66283e-10 4.49824e-09 0.00168344 1.04779e-08 4.89785e-09 1.69573e-08 0.000177976 7.30723e-13 1.98999e-08 5.22297e-09 6.83256e-13 3.11649e-13 0.000270569 2.38371e-13 1.69019e-12 
2.00147e-09 0.000857365 6.55357e-09 3.00649e-09 0.00135629 0.0253143 0.000702818 0.0102655 3.79317e-05 4.31159e-05 0.000566081 1.06702e-08 0.00743635 0.000138161 0.0649314 1.85504e-08 1.50727e-08 7.05914e-09 2.84698e-07 1.95363e-08 0.0926726 3.56128e-06 0.0417501 0.00272611 8.92896e-06 5.72592e-09 2.61173e-09 0.0564002 0.694789 1.41644e-08 
0.00566245 0.000268702 1.28802e-05 0.416508 2.64313e-05 0.0056374 0.00438742 0.00589823 4.23676e-07 0.000855477 0.0172646 0.000213797 0.0127558 3.55194e-05 0.000589684 2.65491e-06 1.12539e-06 0.0524411 0.00260501 0.000452464 0.00260871 0.38222 0.000129893 0.0777548 0.00054326 3.74724e-05 2.13334e-07 0.00318145 0.00756464 0.000340903 
3.83488e-05 2.72976e-06 5.2e-06 0.00333999 2.96394e-06 0.113454 0.0332735 0.0305932 1.91673e-09 3.38119e-05 0.00255705 3.67351e-09 0.104036 1.32465e-06 0.00182691 6.3865e-09 1.19364e-06 1.68859e-06 0.004435 3.48467e-05 1.26762e-06 0.678842 3.50981e-06 0.00489508 5.83478e-05 0.0028408 8.99163e-10 0.0177843 8.77948e-06 0.00192796 
0.0568496 0.0989013 6.84582e-07 4.76059e-09 4.19308e-07 0.0712335 0.210108 0.263521 0.00556731 0.0176362 0.0154254 6.33319e-10 0.00553612 0.00100754 0.012811 1.10104e-09 8.9463e-10 0.01428 2.21985e-06 4.98847e-06 6.10683e-07 0.0590881 3.87688e-07 0.0370109 0.00474698 0.00391284 1.55017e-10 0.0798709 0.0424834 8.40716e-10 
7.60121e-05 1.08744e-06 1.17712e-06 9.20603e-07 8.67243e-08 4.36578e-07 1.72983e-06 2.33853e-06 5.17006e-10 2.27307e-06 5.70866e-07 9.08288e-07 1.09954e-06 9.98035e-10 2.16713e-08 1.72265e-09 1.39971e-09 6.55537e-10 2.66467e-10 0.982541 3.0336e-07 0.0137511 6.97511e-07 0.00314829 7.66771e-10 1.47157e-07 2.42534e-10 0.000466955 2.7869e-07 2.34993e-06 
0.0348883 0.131002 0.0247248 0.000384986 2.16602e-06 2.11127e-09 0.293634 0.173438 4.79897e-09 0.000899319 0.00171493 0.00396753 0.012657 6.72807e-07 0.0608449 1.59901e-08 1.29924e-08 0.00243179 0.000102324 1.68399e-08 8.55878e-06 0.116686 1.6485e-06 0.140394 7.11734e-09 8.53381e-07 2.25126e-09 0.00219381 2.52147e-06 2.0184e-05 
0.00120505 0.00757157 0.00246702 0.00301017 0.00251216 0.0131588 0.0578458 0.320129 7.82134e-07 0.00639168 0.0186075 1.51371e-06 0.000791533 0.0595137 9.43251e-06 1.76913e-09 9.60839e-05 0.352128 2.28474e-06 9.73959e-07 0.000576046 0.117491 3.05291e-07 0.00649786 0.00164127 0.0268676 6.15218e-07 0.00144491 1.25408e-05 2.3491e-05 
2.29253e-07 3.5854e-07 4.29028e-07 1.26327e-12 0.0394629 0.00337057 0.00150595 0.00415929 2.10562e-08 4.4703e-07 0.000438467 2.12966e-07 1.76366e-10 4.51583e-12 9.47414e-08 7.79453e-12 6.33328e-12 0.000606846 6.32868e-07 8.2088e-12 0.80517 1.04565e-07 5.40372e-08 4.14495e-07 3.46943e-12 1.2102e-07 1.0974e-12 0.0927864 0.0524964 8.93338e-09 
0.00108955 0.00153908 0.00213324 5.84213e-07 1.66403e-06 0.0438785 0.0487239 0.00574262 1.39498e-08 0.231659 0.0400106 1.53233e-06 0.0214864 2.69288e-08 3.48103e-06 4.64803e-08 3.77666e-08 0.0524752 3.06716e-05 1.36534e-05 0.00137283 0.479908 1.53437e-08 0.0588349 0.0053483 2.35532e-05 1.23022e-08 0.00570381 1.76293e-05 1.03481e-06 
2.77587e-11 3.60857e-05 0.00725722 4.16974e-11 6.72795e-07 8.18713e-07 6.79355e-06 0.00354531 7.72147e-11 1.25176e-06 2.12928e-06 4.11416e-06 5.76373e-11 1.49056e-10 6.91836e-11 2.57278e-10 6.27348e-07 9.79042e-11 3.97967e-11 2.70952e-10 1.07832e-07 0.00409534 8.49306e-11 0.0575493 0.926366 0.00101716 3.62224e-11 9.86965e-08 0.000114606 2.59331e-06 
0.0892966 0.0514036 0.00542421 4.7621e-05 0.00320584 0.00156479 0.221291 0.0177177 2.2806e-06 0.56158 0.000274315 0.000195339 5.46313e-05 6.40951e-06 0.010311 7.04845e-09 1.88035e-05 0.00803083 0.005843 2.84122e-06 0.0117661 0.000632929 1.03369e-05 0.00146885 2.36046e-05 4.2499e-05 1.79372e-06 0.00787303 0.00190919 3.03455e-07 
3.27609e-10 0.0726395 1.07272e-09 2.95761e-07 6.37478e-06 1.61172e-05 2.65663e-05 0.710866 9.11291e-10 1.57341e-05 3.90815e-10 1.79911e-05 7.55136e-06 1.75917e-09 0.0477326 2.7358e-06 3.94993e-06 7.78801e-05 4.69683e-10 3.19779e-09 4.46976e-06 0.0607429 1.00236e-09 0.0145178 2.43412e-06 9.37243e-10 4.27499e-10 1.47909e-05 0.0933041 2.31848e-09 
5.0612e-07 0.0255432 4.80878e-08 2.20605e-08 0.00481531 0.00755356 0.00378877 0.0293198 2.13269e-05 0.000605307 2.17924e-05 1.49968e-05 0.916349 0.00230162 0.000823022 1.36116e-07 1.10598e-07 5.17975e-08 2.00505e-05 2.34425e-05 3.25929e-05 0.00692038 4.77053e-06 0.00153416 6.05867e-08 0.000105898 1.91639e-08 0.000182388 1.71118e-05 1.03933e-07 
3.97226e-09 0.0177353 1.30067e-08 6.49938e-06 1.45735e-05 0.0430567 0.0434302 0.63482 1.71888e-05 1.05791e-05 4.73863e-09 0.000104823 0.0149344 2.13299e-08 5.10788e-05 3.2997e-05 2.99143e-08 0.0943114 5.6949e-09 3.01776e-05 1.10731e-05 0.0793034 1.21535e-08 2.65655e-05 0.069791 1.13641e-08 5.18341e-09 0.00229853 1.36665e-05 2.81116e-08 
2.00501e-05 1.27149e-05 6.05066e-06 0.000193714 0.00487776 0.00203182 0.010031 0.0150117 3.45311e-08 0.000803752 0.00124311 5.895e-05 0.00551422 6.66593e-08 0.0162827 1.15057e-07 1.56343e-07 4.78204e-05 0.000860768 0.685358 0.00436094 0.229596 3.79817e-08 0.0212445 2.55257e-05 0.00187409 1.6199e-08 0.000181838 1.23901e-08 0.000362516 
1.89669e-07 2.85057e-06 0.0170564 3.5925e-07 2.98467e-08 0.0114614 0.00498758 0.641569 4.60072e-09 8.27701e-06 0.00041778 9.64105e-07 3.43423e-09 8.88128e-09 0.157555 1.53295e-08 1.24557e-08 0.0702324 0.000384859 1.61442e-08 2.70305e-05 0.00728364 0.085149 1.99916e-06 6.82331e-09 0.000358886 2.15826e-09 0.00350188 1.65079e-09 1.1705e-08 
1.04945e-06 1.74772e-06 3.43631e-06 1.57643e-06 0.000786411 0.000427296 0.000416949 0.000566017 1.63683e-05 0.00057989 0.00226222 5.5948e-06 0.952578 0.00027824 0.00172127 0.000211381 7.90325e-06 3.7014e-06 1.50457e-06 1.02437e-05 0.000147893 0.000511435 3.21092e-06 1.21447e-06 4.32947e-06 3.00234e-06 1.36944e-06 0.039197 0.000242331 7.42697e-06 
1.38468e-07 0.000219586 4.53396e-07 0.000130052 2.36328e-07 0.00076582 0.000189229 0.0022199 3.85168e-07 0.000575563 0.00233254 7.38193e-07 0.00411123 0.257513 0.00673837 1.28337e-06 0.000404016 4.88373e-07 0.000749649 0.00164863 0.709926 0.00960877 4.23657e-07 0.000852802 0.000445483 3.96137e-07 1.80687e-07 0.000368335 0.00119564 9.79934e-07 
6.20809e-06 0.0023239 1.34426e-08 0.000107889 0.00239182 0.00187969 0.00962272 0.0217296 4.0722e-07 1.90331e-06 0.00193062 1.1294e-06 0.0369567 3.41446e-06 0.00747107 3.80502e-08 3.09169e-08 2.62411e-06 5.88575e-09 0.00502263 4.14243e-06 0.507112 1.25609e-08 0.00466689 0.396062 1.60227e-05 5.35713e-09 0.000876178 0.00181021 3.11009e-07 
1.09e-06 1.7047e-06 2.03985e-06 6.00632e-12 8.018e-06 2.14818e-07 0.00071762 3.73055e-06 1.11224e-11 2.12544e-06 2.08452e-07 0.00121609 8.30239e-12 2.14709e-11 4.50455e-07 3.70597e-11 3.01121e-11 6.86813e-07 0.00361383 3.90294e-11 0.891472 4.9716e-07 2.56924e-07 1.97075e-06 1.64957e-11 5.754e-07 5.21767e-12 0.0574937 0.0454631 4.24745e-08 
6.07381e-08 0.0043941 5.57369e-05 2.21945e-05 0.000215093 0.000207399 0.00398941 3.19679e-05 2.48422e-05 0.000169308 3.63998e-05 0.030249 0.000339006 3.26146e-07 0.00103255 5.62943e-07 4.57407e-07 0.000205873 0.00509124 5.92863e-07 4.68516e-06 0.875693 6.62484e-05 0.0779833 2.50572e-07 6.37398e-06 7.92573e-08 2.13812e-06 0.000168267 9.19425e-06 
1.09e-06 1.7047e-06 2.03985e-06 6.00632e-12 8.018e-06 2.14818e-07 0.00071762 3.73055e-06 1.11224e-11 2.12544e-06 2.08452e-07 0.00121609 8.30239e-12 2.14709e-11 4.50455e-07 3.70597e-11 3.01121e-11 6.86813e-07 0.00361383 3.90294e-11 0.891472 4.9716e-07 2.56924e-07 1.97075e-06 1.64957e-11 5.754e-07 5.21767e-12 0.0574937 0.0454631 4.24745e-08 
4.92551e-06 0.00116105 0.00179094 0.00120925 0.000329413 0.0406843 0.0915202 0.156378 2.60331e-10 0.00489703 0.0105712 1.03469e-06 0.0504455 0.00025702 0.00464946 8.67417e-10 3.5956e-05 0.000542531 0.00045063 0.0333395 0.00567327 0.559523 4.50814e-07 0.0102248 7.49418e-06 0.0033347 2.14269e-07 0.0194741 0.00344979 4.41709e-05 
0.238275 0.00614617 0.0240954 8.86161e-09 5.91087e-09 3.05133e-08 0.180698 0.000617156 1.27559e-08 0.545432 6.69558e-09 3.0177e-08 1.46295e-08 1.28244e-12 0.00260399 6.66283e-10 4.49824e-09 0.00168344 1.04779e-08 4.89785e-09 1.69573e-08 0.000177976 7.30723e-13 1.98999e-08 5.22297e-09 6.83256e-13 3.11649e-13 0.000270569 2.38371e-13 1.69019e-12 
2.14426e-08 0.00182206 0.000331003 2.34886e-10 0.00225309 0.00251136 0.000908667 0.0191537 9.22431e-07 1.90833e-06 0.100599 0.000188602 0.761542 0.0159097 3.50235e-06 1.44928e-09 1.17758e-09 5.51506e-10 0.000699331 0.000236906 0.00306024 0.00270627 0.00451066 1.29531e-05 1.57064e-06 9.14687e-09 2.04045e-10 0.0777789 0.00576754 1.10661e-09 
0.454559 0.539351 0.000183321 5.70355e-06 0.00126088 3.59091e-05 0.000440924 0.000234839 6.86547e-06 9.10121e-07 0.000169746 3.40617e-06 0.000148858 1.84103e-07 2.43931e-05 1.74959e-12 7.95173e-07 0.000469212 1.21343e-05 1.84258e-12 0.000186602 0.000131954 1.37313e-08 0.000510221 4.31653e-05 5.05874e-05 3.58474e-09 0.000784884 0.00138412 9.28467e-08 
0.00037539 2.01708e-05 0.0409665 1.04587e-07 0.00410005 1.96067e-07 0.00725667 0.00783272 0.000169992 2.01443e-06 1.23976e-06 0.602342 2.2e-10 0.00114974 5.32328e-07 9.82021e-10 2.37222e-07 0.000230637 7.21962e-06 1.03422e-09 0.0104778 1.15627e-05 0.000394582 0.261851 0.000215889 3.03119e-10 1.3826e-10 0.0612416 0.00135078 8.89456e-07 
1.26393e-06 4.57487e-10 2.20386e-05 4.12649e-10 3.52114e-05 1.71484e-06 3.36264e-06 0.199784 0.00148748 1.76244e-05 1.08474e-05 1.6404e-05 5.70395e-10 0.126279 4.65638e-06 2.54609e-09 2.07084e-06 7.5583e-06 6.31726e-05 4.29294e-06 8.8523e-05 0.222687 2.85854e-06 0.000447323 5.21428e-06 7.859e-10 3.58467e-10 0.449012 8.60955e-06 7.77835e-06 
0.000151818 0.00489435 0.00524235 0.00190792 0.000136727 0.0108732 0.0491244 0.0707456 0.00598197 0.00230893 0.00773075 0.00265923 0.0566449 0.00233505 0.0958405 4.5976e-07 3.73569e-07 0.00132094 0.00371654 0.0236354 0.00446182 0.421144 0.000121001 0.0896128 0.00380103 2.38068e-05 5.47681e-06 0.0102732 0.0166397 0.108665 
1.65205e-06 2.21821e-05 0.00801203 4.50991e-06 0.0331066 3.17868e-05 0.107975 0.449033 4.73167e-09 6.23582e-09 0.00676863 2.21046e-05 2.2984e-06 9.13408e-09 5.23415e-05 6.9685e-06 1.28102e-08 5.99951e-09 2.43872e-09 1.66038e-08 0.0323005 0.183226 5.2045e-09 0.114197 3.34019e-05 0.00701427 2.21969e-09 1.00784e-09 0.0581887 1.20382e-08 
1.04182e-06 7.18112e-07 3.35253e-06 1.6459e-06 6.43996e-07 7.47475e-07 0.0211504 0.129889 4.99566e-10 0.0433851 1.07143e-06 5.93711e-06 3.72904e-10 9.64369e-10 4.47607e-10 1.66454e-09 1.35249e-09 6.33424e-10 2.57478e-10 1.36753e-05 1.78841e-10 0.805518 5.49487e-10 1.04335e-05 1.21516e-05 5.13793e-10 2.34353e-10 3.5125e-07 1.7925e-10 5.72072e-06 
0.000778128 0.000655261 8.35311e-07 0.00025719 0.000656952 0.000617498 0.000981064 0.568405 7.09611e-07 0.0295602 0.00506138 0.00877677 0.000683864 1.36984e-06 0.00152391 2.36441e-06 1.92115e-06 0.0251803 0.000631502 0.00425779 0.000423233 0.338388 0.00103386 0.00756781 0.0012742 7.2982e-07 3.32888e-07 0.000352141 0.00146343 0.00146202 
0.00566245 0.000268702 1.28802e-05 0.416508 2.64313e-05 0.0056374 0.00438742 0.00589823 4.23676e-07 0.000855477 0.0172646 0.000213797 0.0127558 3.55194e-05 0.000589684 2.65491e-06 1.12539e-06 0.0524411 0.00260501 0.000452464 0.00260871 0.38222 0.000129893 0.0777548 0.00054326 3.74724e-05 2.13334e-07 0.00318145 0.00756464 0.000340903 
0.238275 0.00614617 0.0240954 8.86161e-09 5.91087e-09 3.05133e-08 0.180698 0.000617156 1.27559e-08 0.545432 6.69558e-09 3.0177e-08 1.46295e-08 1.28244e-12 0.00260399 6.66283e-10 4.49824e-09 0.00168344 1.04779e-08 4.89785e-09 1.69573e-08 0.000177976 7.30723e-13 1.98999e-08 5.22297e-09 6.83256e-13 3.11649e-13 0.000270569 2.38371e-13 1.69019e-12 
0.00109852 4.98785e-07 0.00447383 1.67297e-06 0.011363 0.00630099 0.0307788 0.0690882 0.00297258 3.31233e-05 0.000121977 5.36432e-10 0.00902023 5.40312e-10 4.89322e-05 9.32602e-10 7.57766e-10 3.54892e-10 0.0478793 9.82169e-10 0.450744 0.00290903 0.358747 7.74896e-06 0.000589666 2.87865e-10 1.31302e-10 0.00369642 0.000124689 7.121e-10 
2.08057e-08 0.00474538 0.00103994 3.12531e-08 3.55098e-08 0.0312698 0.00736109 0.0818446 0.000789282 0.000495309 0.0018617 2.80374e-05 5.9061e-05 1.11721e-07 0.0034324 1.92835e-07 1.56684e-07 0.000198705 0.000194518 2.03084e-07 0.000103267 0.751173 6.28645e-05 0.0123865 8.58328e-08 8.59951e-05 2.71494e-08 0.0111232 0.0917414 3.17349e-06 
9.37603e-05 0.000154116 0.00137947 3.66711e-06 1.03905e-08 0.00118757 4.04983e-09 0.000154813 1.69344e-08 0.000428522 7.33511e-07 3.24557e-08 6.95372e-05 3.26905e-08 0.000192714 5.64252e-08 4.58471e-08 0.0219507 8.72807e-09 0.000184274 0.000386788 0.97217 0.00070597 2.12061e-06 6.78368e-05 1.74167e-08 7.94417e-09 0.00018324 0.000683585 4.30842e-08 
3.91803e-05 1.11553e-07 2.19333e-07 0.00054937 1.14325e-07 0.0329663 8.51979e-05 0.000123393 0.000229197 2.8321e-05 0.000105798 3.57105e-07 0.0283831 3.59688e-07 9.90139e-05 6.20838e-07 0.000276521 3.78595e-05 5.77402e-05 0.000267636 0.00133541 0.922842 2.04946e-07 7.98431e-05 7.7007e-05 1.91633e-07 8.74084e-08 0.010594 6.68561e-08 0.00182031 
1.57554e-07 0.024461 5.15891e-07 0.000572164 2.68903e-07 0.00146457 0.000705665 0.00335212 0.721011 0.000931083 8.24161e-06 0.00923159 0.00129911 8.46019e-07 0.00109409 1.46027e-06 1.18651e-06 0.0543904 2.2588e-07 0.00265611 0.000975103 0.143876 4.82053e-07 0.00233962 0.000786017 0.000135649 2.05593e-07 8.06593e-05 0.0306235 1.11501e-06 
7.99618e-08 1.33165e-07 2.61825e-07 1.20114e-07 1.36474e-07 0.000486717 0.000792168 5.86372e-05 2.22425e-07 2.20213e-05 0.000425042 4.26289e-07 0.101662 4.29372e-07 0.000160922 7.41115e-07 6.02178e-07 3.12211e-05 1.30309e-05 0.00117328 0.00778094 0.886478 5.69952e-05 1.8475e-05 3.29878e-07 2.28759e-07 1.04342e-07 0.000294544 0.000541655 5.65888e-07 
0.454559 0.539351 0.000183321 5.70355e-06 0.00126088 3.59091e-05 0.000440924 0.000234839 6.86547e-06 9.10121e-07 0.000169746 3.40617e-06 0.000148858 1.84103e-07 2.43931e-05 1.74959e-12 7.95173e-07 0.000469212 1.21343e-05 1.84258e-12 0.000186602 0.000131954 1.37313e-08 0.000510221 4.31653e-05 5.05874e-05 3.58474e-09 0.000784884 0.00138412 9.28467e-08 
1.45311e-05 0.000212378 0.029784 1.82923e-07 0.00411339 0.0196642 0.0154085 0.00207379 0.00137117 0.00566664 0.00157312 6.49202e-07 0.0121813 1.13553e-05 1.2629e-05 1.12866e-06 9.17067e-07 0.00152336 1.43547e-05 0.00143636 0.00222971 0.901785 0.000264092 0.00054503 4.34379e-05 3.48381e-07 1.58905e-07 7.21502e-08 6.77155e-05 8.61801e-07 
0.0085501 0.140701 1.9091e-06 0.00243556 0.000296255 0.0269799 0.123745 0.235495 1.11346e-06 0.0140787 0.0030823 4.75771e-09 0.0571523 0.000316706 0.0103678 8.27142e-09 6.72077e-09 0.00130417 1.27946e-09 0.0108852 1.70194e-06 0.266753 5.46974e-05 0.0703817 0.00238405 1.64195e-06 1.16454e-09 0.0142452 0.0107771 7.83413e-06 
0.000584445 0.0217067 0.0919835 1.42169e-08 1.61533e-08 0.0437791 0.0643511 0.347425 9.27116e-06 0.0276413 8.82576e-05 2.98716e-05 1.96517e-08 5.08214e-08 0.000535533 8.77199e-08 3.51009e-06 1.23222e-06 3.782e-05 9.23822e-08 0.175694 0.125055 0.0326395 0.0684223 3.90451e-08 2.70764e-08 1.23502e-08 6.49483e-06 5.41867e-06 6.69797e-08 
0.000283006 0.0358791 0.00376485 9.34012e-07 1.03515e-05 0.00749622 0.201771 0.0810223 0.00117443 0.00144137 0.00667612 0.0609707 1.72455e-05 2.95062e-05 0.115247 1.01539e-07 2.12515e-05 0.000135005 0.0079702 1.06935e-07 1.16155e-05 0.408235 0.0511211 0.0151905 0.000121298 0.00136817 1.42958e-08 1.2504e-05 2.33783e-05 6.39556e-06 
0.00155737 0.0261816 0.0166381 0.00061189 0.00371339 0.104749 0.120361 0.0681935 0.000356913 0.0145072 0.0117979 0.00326265 0.00202602 2.88409e-05 0.0231968 0.000529464 0.000568551 0.00424357 0.00359589 0.00392898 0.00524041 0.421015 9.72644e-06 0.0862391 0.0016268 0.0266229 0.000287155 0.0320782 0.0114336 0.00539923 
9.87826e-08 0.00290804 9.35511e-10 0.000197938 0.00125796 2.20445e-06 0.00243978 0.0491682 4.2671e-06 4.63686e-07 0.0143255 8.4515e-05 0.00263182 5.59275e-06 3.42284e-06 2.64803e-09 2.1516e-09 7.79828e-05 0.00221557 0.00145727 0.00344729 0.911293 9.48013e-07 0.00846003 1.17867e-09 4.53335e-06 3.7282e-10 1.62286e-07 3.42701e-06 9.93845e-06 
2.33844e-08 8.04077e-06 1.71809e-05 3.14743e-07 1.98563e-10 0.0763183 0.0655335 0.629988 4.14262e-06 4.26492e-10 1.38786e-10 0.00143521 1.59436e-05 6.24715e-10 2.11699e-06 1.07829e-09 3.33021e-06 4.1033e-10 8.13971e-06 7.04184e-06 0.0937263 0.0609543 0.00933687 0.0424149 0.0202221 3.32833e-10 1.51813e-10 6.89302e-11 4.31968e-06 8.23339e-10 
6.04946e-06 0.129361 0.00130656 4.73263e-10 5.37723e-10 0.0718034 0.640342 0.00287837 8.76382e-10 1.96357e-05 5.64143e-07 1.67963e-09 3.59865e-06 1.69178e-09 0.00735699 2.92009e-09 2.39638e-07 1.11121e-09 8.80845e-06 1.72247e-05 3.13739e-10 0.146856 9.63958e-10 1.772e-05 1.13093e-05 9.0134e-10 4.11122e-10 1.10137e-05 3.14455e-10 2.22967e-09 
4.64654e-08 2.73727e-05 0.00940706 3.47251e-10 3.94548e-10 2.82898e-10 2.14525e-05 0.120498 6.43035e-10 1.08482e-05 1.07579e-06 9.61402e-06 3.02446e-06 1.24132e-09 1.24455e-05 2.14258e-09 1.74091e-09 0.0341101 6.66159e-08 2.25645e-09 4.60634e-07 0.789364 7.07292e-10 0.0465243 7.63903e-07 6.61347e-10 3.01656e-10 9.43706e-06 2.30728e-10 1.63599e-09 
0.454559 0.539351 0.000183321 5.70355e-06 0.00126088 3.59091e-05 0.000440924 0.000234839 6.86547e-06 9.10121e-07 0.000169746 3.40617e-06 0.000148858 1.84103e-07 2.43931e-05 1.74959e-12 7.95173e-07 0.000469212 1.21343e-05 1.84258e-12 0.000186602 0.000131954 1.37313e-08 0.000510221 4.31653e-05 5.05874e-05 3.58474e-09 0.000784884 0.00138412 9.28467e-08 
4.11882e-05 1.83627e-07 3.61042e-07 0.000180446 1.88189e-07 0.100029 0.118572 0.00274396 0.000532002 4.04211e-07 1.31536e-07 5.87827e-07 0.0499651 0.00011088 2.7481e-07 1.02195e-06 8.30368e-07 0.00021922 1.5808e-07 0.280044 1.098e-07 0.00691 3.3736e-07 0.00136435 4.54883e-07 3.28007e-05 1.43882e-07 3.0488e-05 0.000164107 0.439055 
0.00566245 0.000268702 1.28802e-05 0.416508 2.64313e-05 0.0056374 0.00438742 0.00589823 4.23676e-07 0.000855477 0.0172646 0.000213797 0.0127558 3.55194e-05 0.000589684 2.65491e-06 1.12539e-06 0.0524411 0.00260501 0.000452464 0.00260871 0.38222 0.000129893 0.0777548 0.00054326 3.74724e-05 2.13334e-07 0.00318145 0.00756464 0.000340903 
6.3056e-05 0.000169638 0.0811925 1.09941e-05 2.07366e-05 0.06509 0.0185536 1.06305e-08 2.40719e-08 0.0550357 0.0182983 4.6135e-08 0.00432125 4.64687e-08 9.05532e-05 8.0207e-08 6.51705e-08 6.21469e-05 0.00116035 7.27924e-06 0.00207299 5.54972e-05 0.000619304 0.000215591 3.5701e-08 2.47574e-08 1.12924e-08 0.614667 0.13829 2.41189e-06 
0.0338938 0.0152066 0.0720724 0.000281784 0.00502374 0.00685682 0.192009 0.0280702 0.0879975 0.0601146 0.0422614 0.00120011 0.00156672 3.58002e-05 0.00428528 3.13796e-11 8.67529e-05 0.00601877 0.0387274 3.27963e-05 0.0377801 0.0301821 0.00153504 0.0606416 3.95317e-08 0.000407572 8.37048e-08 0.265144 0.00856783 9.50386e-08 
0.00120505 0.00757157 0.00246702 0.00301017 0.00251216 0.0131588 0.0578458 0.320129 7.82134e-07 0.00639168 0.0186075 1.51371e-06 0.000791533 0.0595137 9.43251e-06 1.76913e-09 9.60839e-05 0.352128 2.28474e-06 9.73959e-07 0.000576046 0.117491 3.05291e-07 0.00649786 0.00164127 0.0268676 6.15218e-07 0.00144491 1.25408e-05 2.3491e-05 
2.85604e-08 0.00246629 5.17596e-10 2.49096e-07 0.00248905 0.0001554 0.000851723 0.010872 2.59499e-05 0.000816222 0.000187099 0.00368514 0.411134 0.000146253 1.82448e-06 0.000365445 1.19043e-09 0.00020364 0.0129981 0.00520499 1.88301e-06 0.52012 0.0155379 0.00508539 8.65796e-07 8.49223e-06 2.06272e-10 0.00732567 0.000309882 6.09199e-06 
1.10791e-05 0.0948764 0.124103 5.9438e-05 7.85763e-05 0.00208863 0.105155 0.41763 3.14059e-06 0.11604 1.25188e-06 0.000159282 0.0013466 2.30896e-06 0.0390754 1.7417e-07 1.35791e-05 2.35904e-05 0.00072375 2.68794e-05 0.000347017 0.0853208 0.000476942 0.000252753 0.00379356 5.3761e-08 2.45216e-08 0.00802723 0.00035533 8.03646e-06 
3.48869e-06 3.47925e-05 1.06245e-06 4.09421e-06 2.33558e-05 3.97078e-07 0.00139305 0.00446048 1.39155e-06 0.000164229 1.50664e-05 5.60853e-05 6.73726e-07 5.08273e-05 8.08692e-07 3.00734e-06 2.44355e-06 0.000423087 0.000101617 0.00523834 4.98166e-07 0.987887 9.9276e-07 3.94342e-05 8.29964e-05 9.28271e-07 4.23406e-07 7.17051e-06 3.23851e-07 2.29629e-06 
3.95544e-05 3.03163e-07 8.68254e-06 0.000106368 0.000144416 0.000536086 1.9133e-06 0.0008064 3.50244e-07 4.61583e-07 1.50205e-07 0.000113557 0.0574258 0.000408991 0.00110584 1.16701e-06 4.32972e-06 1.1134e-05 1.80517e-07 0.00197866 0.00546614 0.930673 3.85243e-07 0.000394142 6.5398e-06 5.33797e-06 1.64304e-07 0.000634193 0.000116779 8.43817e-06 
5.59888e-05 4.71611e-05 1.11846e-07 0.00049968 4.72835e-05 4.44378e-05 7.05813e-05 9.37035e-05 9.50148e-08 0.000830764 0.000175718 0.000288651 4.92251e-05 1.83418e-07 0.000109659 3.16587e-07 2.57236e-07 0.000596509 4.54485e-05 0.000306429 3.40146e-08 0.990632 7.44166e-05 0.00419777 2.67761e-05 9.77206e-08 4.45727e-08 2.53399e-05 0.001738 4.37572e-05 
1.70114e-06 2.83301e-06 5.57018e-06 3.68358e-05 0.00273912 0.882682 0.000831357 0.000702935 0.00072682 6.2362e-06 0.00483277 9.06904e-06 0.0162038 9.13464e-06 0.000309957 1.57668e-05 1.2811e-05 5.99988e-06 0.0724812 1.66048e-05 0.00360936 0.00091128 5.20482e-06 1.96863e-06 7.01797e-06 4.86672e-06 2.21983e-06 0.00114563 0.0126684 1.20389e-05 
2.94151e-06 0.000257212 4.13741e-08 1.50806e-05 0.000120333 1.05422e-05 0.00155803 0.0160489 0.0128718 4.63212e-08 0.0265399 0.000161837 2.71083e-06 6.78501e-08 6.34475e-06 1.17112e-07 0.000846168 0.00231963 0.00043624 0.00370176 7.89969e-05 0.825234 2.53119e-05 0.106592 5.21279e-08 2.09119e-06 1.64884e-08 7.1687e-05 0.00210009 0.000996112 
2.90993e-06 0.000447457 5.05939e-06 0.00118812 2.46115e-06 0.000804004 0.00957374 0.00457853 1.6755e-08 0.00272502 0.000904826 0.00222243 0.000152037 3.23442e-08 0.00162227 5.58274e-08 4.53614e-08 0.000157112 0.0014067 0.00621979 0.00109585 0.92862 3.87505e-06 0.0337557 1.40715e-06 1.59293e-06 7.86001e-09 0.00235337 0.00213731 1.8641e-05 
2.77587e-11 3.60857e-05 0.00725722 4.16974e-11 6.72795e-07 8.18713e-07 6.79355e-06 0.00354531 7.72147e-11 1.25176e-06 2.12928e-06 4.11416e-06 5.76373e-11 1.49056e-10 6.91836e-11 2.57278e-10 6.27348e-07 9.79042e-11 3.97967e-11 2.70952e-10 1.07832e-07 0.00409534 8.49306e-11 0.0575493 0.926366 0.00101716 3.62224e-11 9.86965e-08 0.000114606 2.59331e-06 
0.00848495 0.235218 0.000311905 0.000494423 0.00487513 0.0606799 0.117717 0.128376 2.34227e-06 1.90066e-05 0.0163247 8.96218e-05 0.00140199 0.000124758 0.00721207 3.70377e-06 5.94423e-06 0.19147 0.00146672 0.0573922 0.0087693 0.0419226 0.0354566 0.0133392 0.000982339 0.00499928 3.47892e-06 0.0048901 0.0579667 1.3516e-07 
0.000602233 4.51371e-11 2.66331e-07 8.55387e-08 4.62585e-11 0.00342507 0.00366059 8.52369e-07 7.53922e-11 8.99203e-06 2.8456e-07 1.44493e-10 7.82305e-07 1.45538e-10 9.59288e-07 2.51205e-10 2.04112e-10 9.55934e-11 0.000829243 5.02922e-07 2.69899e-11 0.991468 8.37555e-09 4.14054e-07 9.28172e-07 7.75392e-11 3.53675e-11 9.95785e-08 2.70515e-11 2.68727e-07 
3.496e-07 0.00241869 0.00374925 0.000250953 4.62502e-11 2.22221e-07 0.017578 0.10352 7.53787e-11 2.17566e-06 5.88379e-07 0.00154828 5.62668e-11 1.7476e-07 0.00270376 2.5116e-10 2.04075e-10 1.2617e-06 0.00632589 0.00185297 5.42399e-09 0.834543 8.29112e-11 0.0255037 1.11794e-10 1.6288e-07 3.53611e-11 1.60556e-11 2.70467e-11 6.33055e-07 
0.00996802 0.00225961 0.000687953 1.35775e-05 3.85894e-05 0.00350485 0.053579 0.0158399 0.0415028 0.00214769 0.000503672 0.00384125 0.00332842 9.29377e-05 0.000380921 6.13199e-06 2.54157e-06 2.39271e-05 0.000193447 0.000185264 0.0990345 0.639091 0.000235745 0.0768457 6.15695e-06 1.31763e-05 3.56775e-06 0.0379559 0.00870867 5.40913e-06 
0.454559 0.539351 0.000183321 5.70355e-06 0.00126088 3.59091e-05 0.000440924 0.000234839 6.86547e-06 9.10121e-07 0.000169746 3.40617e-06 0.000148858 1.84103e-07 2.43931e-05 1.74959e-12 7.95173e-07 0.000469212 1.21343e-05 1.84258e-12 0.000186602 0.000131954 1.37313e-08 0.000510221 4.31653e-05 5.05874e-05 3.58474e-09 0.000784884 0.00138412 9.28467e-08 
2.00948e-05 0.00079614 0.00691165 9.33962e-05 4.35962e-08 0.00165439 0.0695689 0.000246916 0.00160098 9.36401e-08 0.000380742 0.000112014 5.3038e-08 1.37162e-07 6.36629e-08 2.36747e-07 0.0104469 0.000153816 3.6621e-08 0.453348 0.0649109 0.00356764 7.81534e-08 0.233627 8.66808e-05 0.0091012 3.33319e-08 0.143024 0.000239816 0.000108711 
7.60121e-05 1.08744e-06 1.17712e-06 9.20603e-07 8.67243e-08 4.36578e-07 1.72983e-06 2.33853e-06 5.17006e-10 2.27307e-06 5.70866e-07 9.08288e-07 1.09954e-06 9.98035e-10 2.16713e-08 1.72265e-09 1.39971e-09 6.55537e-10 2.66467e-10 0.982541 3.0336e-07 0.0137511 6.97511e-07 0.00314829 7.66771e-10 1.47157e-07 2.42534e-10 0.000466955 2.7869e-07 2.34993e-06 
1.64257e-06 0.00040121 3.59803e-05 7.73948e-06 9.84404e-05 5.04484e-06 0.00754521 0.00183976 7.73232e-09 0.00881114 8.90774e-05 1.48194e-08 1.42441e-05 1.49266e-08 6.92808e-09 2.57639e-08 2.09339e-08 0.0003236 3.98526e-09 0.0101504 2.76812e-09 0.937021 4.70126e-05 0.0116782 2.74901e-06 2.72622e-05 3.62733e-09 1.64698e-09 0.0219006 1.96724e-08 
6.46811e-09 0.00241964 9.23651e-05 0.000269886 1.10394e-08 0.0162683 0.00625754 0.0010888 1.7992e-08 0.0092686 7.71601e-09 0.000441534 0.00393518 3.47319e-08 0.0018854 5.99488e-08 4.87102e-08 3.00208e-05 9.27312e-09 0.876795 0.000394514 0.050259 1.97899e-08 0.018623 2.66838e-08 1.85043e-08 8.44026e-09 0.0104836 0.001452 3.48937e-05 
0.454559 0.539351 0.000183321 5.70355e-06 0.00126088 3.59091e-05 0.000440924 0.000234839 6.86547e-06 9.10121e-07 0.000169746 3.40617e-06 0.000148858 1.84103e-07 2.43931e-05 1.74959e-12 7.95173e-07 0.000469212 1.21343e-05 1.84258e-12 0.000186602 0.000131954 1.37313e-08 0.000510221 4.31653e-05 5.05874e-05 3.58474e-09 0.000784884 0.00138412 9.28467e-08 
7.34336e-06 0.00086043 8.17778e-06 0.000273352 1.47063e-07 2.38394e-05 0.00415617 0.0271549 2.39684e-07 0.000867635 0.000210025 0.000396786 1.78914e-07 1.79316e-05 1.98024e-05 7.7568e-06 6.48904e-07 0.00123154 0.00334899 0.00152873 0.00023091 0.953052 2.63636e-07 0.00599283 0.000160807 0.000197736 1.12439e-07 0.000195909 8.60013e-08 5.50224e-05 
0.000453026 0.000708516 0.000847895 1.02434e-07 0.00333207 8.9351e-05 0.131838 0.709049 1.89685e-07 0.00369369 8.67034e-05 0.000421135 0.000856671 3.66171e-07 0.00696331 6.32028e-07 5.13541e-07 0.000285646 0.00125052 6.65619e-07 0.11787 0.00103846 0.000106971 0.0157837 0.000686491 0.000239303 8.89839e-08 0.00259672 0.00178222 1.81215e-05 
0.000159846 0.00777775 0.00542387 0.000520312 0.0744291 0.0516611 0.021462 0.129991 0.0105782 0.00542608 0.00680036 0.00409176 0.00242126 0.000777655 0.0288614 1.92006e-06 0.000485753 0.0157057 0.0121623 0.0223787 0.00326926 0.536329 0.00216727 0.0291314 0.00066148 0.00591155 0.000370599 0.0122981 0.00811619 0.000628438 
0.000656019 0.00102598 0.00122769 3.61492e-09 0.969958 0.000129289 0.00107707 0.00224524 6.69406e-09 0.0012792 0.000125457 0.000609414 4.99682e-09 1.29223e-08 0.000271108 2.23045e-08 1.8123e-08 0.00041336 0.00181099 2.34899e-08 0.010817 0.000299217 0.00015463 0.0011861 9.92796e-09 0.000346306 3.14027e-09 0.00376077 0.00258108 2.55634e-05 
0.0010471 0.00202139 2.21547e-05 0.000174809 0.00275407 0.0654537 0.00919399 0.00543904 0.000233749 0.00108839 0.0221038 0.0140161 0.0073022 1.37128e-05 0.00272161 6.22961e-06 3.34288e-06 0.00101555 0.00215033 0.0813903 0.000932844 0.745423 0.00261082 0.00901721 0.00911534 0.000271607 7.69181e-06 0.00357519 0.0108839 1.12469e-05 
0.000428561 0.000107029 4.38985e-10 0.000176217 6.28904e-07 0.0731942 0.0522395 0.00482493 2.32406e-06 0.000882031 0.107483 0.00114931 0.0794376 0.00179771 0.00239238 5.81244e-05 0.000134424 0.00678741 0.0503096 0.0137593 5.36666e-06 0.53116 0.00310297 0.0331269 0.00262861 2.79108e-06 7.34446e-09 2.4155e-06 0.0347766 2.99501e-05 
2.08667e-11 2.68972e-06 0.0211124 1.03468e-07 5.94787e-07 2.50277e-07 0.015353 0.287548 5.80435e-11 0.0059684 2.48925e-11 2.23599e-08 3.94319e-07 1.12048e-10 0.0124959 1.934e-10 3.93014e-07 8.16989e-07 2.99159e-11 6.72343e-07 9.6002e-07 0.620688 1.30248e-06 0.0119036 0.00710198 5.96965e-11 2.7229e-11 0.0178201 4.26968e-07 1.47673e-10 
3.39451e-10 0.927127 4.66838e-05 5.09902e-10 8.22736e-06 0.00501588 8.30758e-05 0.00832408 9.4423e-10 0.0520599 2.60381e-05 5.03105e-05 7.04825e-10 1.82275e-09 8.46021e-10 3.14615e-09 7.6716e-06 1.19723e-09 4.8666e-10 3.31337e-09 3.38028e-10 0.00529681 1.03859e-09 2.70662e-05 0.00188772 6.21612e-06 4.4295e-10 1.20692e-06 2.37498e-07 3.17126e-05 
1.44249e-09 2.88296e-05 0.000133673 2.60235e-06 2.46195e-09 1.69483e-05 0.417027 7.76145e-05 4.0125e-09 0.00043045 1.738e-07 2.46162e-05 2.99515e-09 7.74578e-09 2.52021e-06 1.33696e-08 1.08632e-08 2.79871e-05 2.06806e-09 2.53583e-05 1.93934e-05 0.488801 4.41346e-09 0.0933398 5.95093e-09 4.12676e-09 1.88231e-09 2.93155e-05 1.09434e-05 2.05191e-06 
6.32126e-06 0.000242161 4.30445e-08 0.00440294 2.24365e-08 1.60874e-08 0.00160232 0.00308059 3.6567e-08 1.36041e-05 0.00201834 0.000368053 7.72605e-05 7.05895e-08 1.25018e-05 1.21841e-07 9.8999e-08 0.00741566 2.02893e-05 0.000148753 1.30907e-08 0.942221 2.29734e-05 0.0282303 3.9189e-06 3.76084e-08 1.71541e-08 5.58564e-08 1.8684e-05 0.0100936 
