0.00324486 0.00697868 6.10294e-06 8.62212e-05 0.0112789 0.010014 0.00679329 0.036437 0.00446235 0.00711835 0.147491 0.000167092 0.0297451 0.00134715 0.000538561 8.74453e-05 0.000124177 0.000490959 0.0436662 0.00041106 0.0428643 0.00653634 0.00184894 0.0965786 0.000173335 0.000543254 0.00821121 0.439771 0.0929841 1.98575e-07 
2.66653e-05 0.00151316 4.32071e-05 5.05972e-05 0.000453327 0.0021022 0.0100123 0.0313756 4.91312e-08 1.72093e-06 0.0308562 6.10148e-06 0.023206 7.07277e-07 0.00149245 2.00008e-07 3.51387e-07 4.55098e-05 0.000597777 2.07176e-05 7.95311e-10 0.0424194 3.06199e-05 0.00610293 0.0017088 1.49399e-07 0.00111484 0.846491 0.000327013 5.80848e-10 
0.00931234 0.0114335 0.00826185 9.94668e-06 0.0271868 0.0302989 0.0786905 0.0265425 0.000713249 0.0174313 0.0258047 0.000808654 0.00564364 0.00334734 0.00850952 2.99834e-08 9.8319e-05 0.000703135 0.0777272 0.00179272 0.0502953 0.00902807 0.010425 0.0884832 7.7631e-05 0.00145344 0.0114117 0.397419 0.0970885 1.90511e-06 
0.00210863 0.00434662 0.000397716 2.66154e-09 0.00367317 0.0437712 0.0274929 0.0267119 6.85163e-06 0.00110854 0.00569387 3.09013e-06 0.069955 0.00130826 0.00532657 7.73137e-11 0.00014807 5.52654e-06 0.00702422 5.06528e-05 0.0853114 3.36315e-05 0.0695273 0.00902837 2.9716e-05 0.000497732 0.151011 0.2996 0.185828 5.90339e-11 
0.000117368 0.00171134 0.000354388 1.01097e-09 0.0122179 0.00170644 0.00286859 0.00893512 0.23672 2.32707e-09 0.0205643 2.97462e-09 0.00131253 0.000364008 7.37197e-05 1.08555e-12 7.91287e-09 0.00228616 0.0350526 2.98669e-09 3.78396e-08 3.93126e-05 0.00543053 0.0776051 5.33173e-09 0.0016846 0.0204483 0.563699 0.00680844 5.44207e-07 
0.000494854 1.65517e-06 9.8024e-06 6.06862e-11 8.66044e-06 2.35433e-05 3.72489e-06 0.0684305 1.12378e-10 2.14762e-06 0.0232357 3.33858e-06 1.11576e-06 2.16936e-10 1.03721e-06 3.74441e-10 2.95147e-06 1.42489e-10 5.792e-11 3.70721e-06 1.07822e-06 2.21017e-05 1.23608e-10 1.23432e-06 1.66668e-10 1.35238e-06 0.0227372 0.812525 0.0724885 3.43377e-07 
0.00841485 0.0316019 0.00289444 2.63871e-05 0.0195158 0.0226632 0.0274859 0.0622666 0.0109319 0.00404868 0.0181251 0.00113752 0.0057297 0.00903536 0.00916013 6.85289e-05 0.000229508 0.0011067 0.0384187 0.000970394 0.0248904 0.00279232 0.00443373 0.0673193 0.000155167 0.00147986 0.0373595 0.471563 0.116166 9.19292e-06 
0.00179317 0.000977107 0.000348733 4.38445e-06 0.00241111 0.00715775 0.00433253 0.00716939 0.0225983 4.48659e-06 0.110225 3.02276e-06 0.013451 3.32795e-05 3.77588e-05 7.51174e-13 2.88921e-09 0.00166352 0.0315069 2.78519e-06 5.07271e-08 9.76588e-06 0.000480832 0.0553687 7.1182e-06 0.000992665 0.0189762 0.700086 0.0203582 4.9916e-10 
0.0407182 0.0137949 0.00387856 0.000136246 0.00441487 0.000519282 0.157097 0.03767 0.000195023 0.00452598 0.00671226 3.91595e-06 0.00161207 0.00527645 0.00919985 1.16417e-09 1.75782e-08 0.00132667 0.101243 0.000756135 0.0640123 0.00421721 0.00109351 0.183405 0.000147247 0.00393209 0.00466177 0.339353 0.0100977 1.08052e-07 
0.00156985 0.00459473 8.36978e-08 2.58467e-11 0.0072033 3.13985e-07 0.0440697 0.0126798 4.78626e-11 0.00967181 0.191322 9.1731e-11 0.249866 2.09059e-07 0.0410427 1.59477e-10 1.2958e-10 0.0045669 2.46686e-11 3.58587e-07 4.70227e-08 3.59258e-07 2.18075e-06 0.0724038 0.000716175 0.00533078 4.25081e-07 0.34659 0.0083679 1.21771e-10 
0.00275643 0.00140379 0.00149374 1.29276e-05 0.220974 0.00145217 0.00883568 0.0230121 0.00629752 0.00228862 0.00442088 0.00743022 0.000965683 0.00010985 0.0093832 1.43857e-07 2.16326e-08 0.000187021 0.0114569 4.91964e-08 0.215817 0.00328928 0.00319101 0.0736298 0.000799431 0.0141433 0.00768926 0.263884 0.115067 9.91159e-06 
0.000108417 0.00304425 0.0166656 8.60366e-06 0.00629411 0.0118809 0.0286994 0.0137004 0.000918865 0.000163448 0.0274623 0.013315 0.00281213 1.20583e-05 0.0066892 3.17069e-09 1.36072e-07 0.00016393 0.00780808 1.54087e-05 0.0358373 0.000394502 5.00218e-06 0.0515548 1.03943e-05 1.11913e-07 0.000130805 0.704941 0.0673623 1.69125e-06 
0.0327608 0.0110872 0.00244727 1.39982e-05 0.0450467 0.013339 0.0326605 0.0342188 0.00208137 0.00324442 0.00471136 0.00142623 0.000344558 0.00031104 0.00623834 0.000212671 1.84754e-06 0.000159262 0.138976 6.2053e-06 0.158874 0.000168224 0.000490505 0.0381684 2.14389e-06 0.00203888 0.0745871 0.245403 0.150979 1.21818e-06 
5.88217e-05 0.010616 0.000570763 2.83064e-05 0.00321716 0.109528 0.0547532 0.0279264 0.0100408 0.00020603 0.02681 0.00253604 0.067347 0.000257569 0.00206454 7.39206e-09 1.52304e-07 0.00177758 0.00379748 0.0465979 0.0623398 0.00193431 0.000348127 0.0871582 7.4773e-05 0.0958976 0.034551 0.260497 0.0890585 6.94825e-06 
0.000161602 0.000343687 5.71452e-05 3.89605e-06 0.00193044 0.12505 0.000984233 0.0898706 0.00251962 0.00017536 0.0855518 0.000937002 0.0191295 0.000879527 0.00224838 8.77458e-11 5.25222e-05 0.00619416 0.00231735 9.24094e-11 0.0971636 0.00228488 0.000818613 0.0403953 4.90274e-05 0.00389534 0.0134606 0.425341 0.0781847 1.73963e-07 
0.00954108 0.00502547 0.000460018 0.00758889 0.0295692 0.160829 0.00601505 0.0125911 0.00955108 0.000129307 0.189567 0.000345277 0.0131704 0.000388534 8.11788e-05 4.94098e-07 0.000101125 0.00115978 0.0296546 2.08071e-07 0.0455585 3.07012e-06 0.00161355 0.110587 5.33052e-05 0.00642473 0.0944903 0.224078 0.0414139 8.94798e-06 
7.95836e-08 5.32117e-05 5.64469e-11 5.264e-08 0.00163876 0.0357878 0.0074888 0.0639756 0.00164718 6.31963e-11 0.0366167 1.3558e-08 0.0304279 9.61568e-08 0.000348357 1.59777e-10 1.23657e-06 0.000901461 0.0454717 0.103147 0.0543974 0.000495359 6.02627e-08 0.00545905 9.13334e-08 1.02511e-05 0.0161325 0.381435 0.214564 1.99078e-07 
0.00039671 0.00140831 0.000979469 0.0177373 0.0141622 0.0618824 0.0106182 0.0104214 0.00639347 0.118395 0.146291 9.80188e-07 0.0399262 0.00284502 0.0011459 1.01923e-08 0.000275857 0.00211955 0.0744866 7.19209e-08 0.000798799 0.00684342 0.00368731 0.0635666 0.000441168 0.00188095 0.0204445 0.365212 0.0276033 3.63217e-05 
0.000122676 0.00134259 0.000300641 1.47271e-05 0.0197568 0.000379659 0.00774709 0.0121213 9.04159e-05 2.94448e-05 3.08581e-06 0.00170531 0.000217238 0.000359079 0.0162906 6.97413e-12 9.43188e-10 9.75694e-05 0.000425289 4.2694e-05 0.0279458 0.00150559 6.94226e-09 0.407685 0.000830293 7.05839e-05 0.000644036 0.496503 0.00376832 7.76976e-07 
0.00126128 0.00521204 0.000780468 0.0223103 0.0243496 0.0636321 0.0325182 0.0276911 0.00270664 0.0101422 0.15704 0.000101839 0.0669563 0.0136686 0.00147458 1.5204e-08 0.00777778 0.0154998 0.139549 8.62591e-05 7.91735e-06 0.0269743 0.00232819 0.0975001 0.00754682 1.30557e-06 0.0173909 0.25079 0.0047021 4.21629e-12 
2.66653e-05 0.00151316 4.32071e-05 5.05972e-05 0.000453327 0.0021022 0.0100123 0.0313756 4.91312e-08 1.72093e-06 0.0308562 6.10148e-06 0.023206 7.07277e-07 0.00149245 2.00008e-07 3.51387e-07 4.55098e-05 0.000597777 2.07176e-05 7.95311e-10 0.0424194 3.06199e-05 0.00610293 0.0017088 1.49399e-07 0.00111484 0.846491 0.000327013 5.80848e-10 
0.00013758 0.00714154 9.78296e-06 7.25377e-05 0.0106634 0.0179406 0.000224263 0.198307 9.16845e-05 0.00248567 0.204717 9.45464e-08 0.001313 0.000699371 0.00879795 0.00870959 1.33557e-07 0.00344606 0.000348054 1.73108e-07 0.0133326 0.028816 6.12993e-05 0.0164511 0.000784222 4.61054e-05 0.000512636 0.465912 0.00889941 7.8564e-05 
1.15074e-05 0.0572303 0.00110914 2.7322e-07 0.00702781 0.0970551 0.169352 0.0139902 4.01103e-06 0.00150421 0.0057487 0.000429763 0.000148258 1.20405e-05 0.065953 2.82499e-09 0.000144342 0.000804688 0.00219902 2.97514e-09 0.107904 1.17905e-05 5.91863e-06 0.0159246 0.000203648 0.000620493 0.0511362 0.276594 0.124874 1.03245e-06 
0.00648404 0.00241869 0.00171071 0.000115916 0.103053 0.0116196 0.0352283 0.0288335 0.0105668 0.00235632 0.0165856 2.65374e-06 0.00517906 0.00139803 0.00353333 5.87848e-10 6.438e-06 0.010681 0.159314 9.62038e-05 0.0420794 0.00434835 0.000372132 0.121447 0.00113045 0.010491 0.00475502 0.361896 0.0542961 1.91582e-06 
3.82833e-08 0.00289621 0.000103336 2.61941e-09 0.0331219 0.000588676 0.0023317 0.214299 2.69345e-08 0.000306925 0.000228802 3.55647e-08 7.02764e-09 3.11639e-05 8.55769e-05 3.59909e-12 7.05379e-09 0.000850209 0.0167942 3.79038e-12 0.307439 0.000120269 2.97426e-05 0.0332324 6.12839e-09 0.000984974 0.00021254 0.356888 0.0294552 1.49355e-09 
0.00063967 0.0158834 0.00122153 5.70614e-09 0.00493445 0.000979651 0.0801759 0.0239704 1.75283e-06 0.00320443 0.00235476 7.83643e-08 0.002432 5.81073e-05 0.000189451 5.27656e-12 7.95896e-10 0.00121546 0.017368 1.6857e-08 0.00369276 4.93733e-05 0.00157752 0.047346 1.38865e-05 7.22346e-08 0.00657694 0.766235 0.0198798 4.02898e-12 
9.7605e-05 0.00188795 0.00584443 0.0914667 0.0208244 0.00934018 0.00959267 0.0603638 0.0553286 2.69697e-06 0.0255945 9.11368e-07 0.0356204 0.00112727 0.000972779 7.75711e-08 0.00045215 1.16783e-05 0.0215583 0.00276318 0.164039 0.00108937 0.00697851 0.103854 2.10028e-05 0.000728037 0.0243881 0.297568 0.0584753 8.91076e-06 
0.0127293 0.0121549 0.0107783 1.75083e-05 0.0191757 0.0491683 0.0278792 0.0367539 0.019688 0.00189043 0.0298689 0.00088547 0.0126884 0.0226905 0.00505521 0.00120223 0.000612578 0.00157659 0.0369603 0.000187808 0.0462511 0.0022538 0.0213445 0.07686 0.00342596 0.0110763 0.201974 0.266298 0.0685465 6.27011e-06 
0.0379841 0.00474473 0.0145296 0.00304179 0.0114096 0.172204 0.0549427 0.0231744 0.000492414 0.0180485 0.0509746 0.000152538 0.00270051 0.000346981 0.00119285 6.90134e-10 0.000248077 0.0539436 0.044332 1.90354e-05 0.0362207 0.00157592 6.88197e-08 0.0448054 0.000962063 0.0106631 0.00206844 0.402081 0.00714141 5.26961e-10 
0.000391442 0.00528054 0.00822923 3.31383e-05 0.0513334 0.00422242 0.0106946 0.0553292 1.22002e-06 0.00108678 0.000911137 0.00161779 0.000495 0.000137353 0.00245523 1.67064e-11 1.35826e-06 0.000889424 0.000683772 2.62739e-08 0.124104 0.000435678 0.000331659 0.068855 6.11183e-05 0.00140166 0.0190452 0.567376 0.0745969 1.27564e-11 
0.0581056 0.0142281 0.0260147 0.0163713 0.0566163 0.00181698 0.0317999 0.0112209 0.00104945 0.00663005 0.00254945 2.19788e-05 0.133707 0.00424029 0.00913697 1.59704e-08 2.2292e-07 0.000146291 0.0107574 2.57056e-08 0.129724 2.49521e-05 0.00796331 0.145119 0.000563249 0.00072486 0.136348 0.166135 0.0289838 5.1374e-08 
0.127434 0.0722238 0.0451006 1.05623e-05 0.0196707 0.0169035 0.127698 0.0214874 0.00818993 0.0101538 0.00256315 0.0201235 0.00201234 9.06217e-06 0.00334415 4.06469e-07 8.45254e-06 0.00054496 0.0197276 1.85188e-06 0.114364 0.00170638 0.0991511 0.0407023 4.27878e-06 0.0102348 0.0258679 0.196062 0.0146772 2.23752e-05 
0.00340822 0.00176288 0.00448684 0.0075986 0.0233895 0.122404 0.00796165 0.00233909 0.00391332 0.000222908 0.205967 2.52942e-06 0.0456635 0.00221808 0.000774072 1.22455e-09 0.00168407 0.00222436 0.0928123 0.000138462 0.0370008 0.00109792 0.00138342 0.0297296 0.00117954 0.00754675 0.0215741 0.298544 0.0729707 1.09502e-06 
7.95836e-08 5.32117e-05 5.64469e-11 5.264e-08 0.00163876 0.0357878 0.0074888 0.0639756 0.00164718 6.31963e-11 0.0366167 1.3558e-08 0.0304279 9.61568e-08 0.000348357 1.59777e-10 1.23657e-06 0.000901461 0.0454717 0.103147 0.0543974 0.000495359 6.02627e-08 0.00545905 9.13334e-08 1.02511e-05 0.0161325 0.381435 0.214564 1.99078e-07 
0.00596186 0.00231827 0.00184936 8.06132e-06 0.239655 0.00389937 0.0171314 0.0174539 0.00930517 0.00048338 0.00585352 1.88906e-05 0.000161362 1.8693e-05 0.000304205 1.29338e-08 1.37447e-05 0.000652907 0.171741 5.26742e-06 0.107697 0.000659574 0.00207563 0.0979834 5.14609e-05 0.00516013 0.0082677 0.281714 0.0195537 2.44897e-06 
0.0893869 0.0268562 0.00411469 0.000429641 0.0320696 0.0126957 0.0362659 0.0294243 0.00442527 0.0166715 0.0260238 0.0016094 0.0112259 0.00139481 0.00517707 1.19097e-07 1.19146e-07 0.00397133 0.127403 1.19084e-07 0.0477541 0.00349536 1.19269e-07 0.0748384 0.000775174 0.0173188 0.0121943 0.384658 0.0298196 1.19158e-07 
0.036157 0.0239405 0.0246801 0.000206257 0.0100906 0.00604104 0.128986 0.0231078 0.00040038 0.0252184 0.054685 0.00314567 0.0560594 0.0164362 0.103446 4.44949e-11 7.62976e-06 0.0129041 0.0987113 0.00512076 0.0210188 0.0220249 0.00029177 0.0142943 0.0111924 0.000205993 0.0153516 0.164969 0.121306 7.39389e-09 
0.0214235 0.00269704 0.00166809 0.00618476 0.00656197 0.0589316 0.0312556 0.0159526 0.00350669 0.0053435 0.13193 0.000138322 0.0757207 0.00149681 0.00957425 4.06719e-10 0.000723686 0.00945079 0.044904 0.00122838 0.00753414 0.0513758 0.00717222 0.0675236 0.00968293 0.00545815 0.0108794 0.305655 0.106026 3.49265e-07 
0.0367989 0.00663083 0.00422764 0.00061628 0.0246269 0.0475001 0.0110153 0.029407 0.00916701 0.000273794 0.0989507 0.000563112 0.00953717 0.000552582 0.00319107 5.25744e-08 0.00051549 0.00337454 0.0625824 5.25685e-08 0.0685568 0.00122704 0.00508604 0.0671268 0.000189546 0.00596561 0.0331462 0.370895 0.0981813 9.47348e-05 
0.0366249 0.0214106 0.00356272 0.00499781 0.0164818 0.031567 0.15464 0.0712681 0.00790332 0.0155699 0.0150589 8.62393e-05 0.00749374 0.00100366 0.0209448 1.38617e-05 0.00220253 0.00477332 0.0199985 0.000312373 0.0530665 0.00402102 0.00423889 0.151582 0.00725381 0.00301998 0.0723982 0.160203 0.108289 1.38483e-05 
0.00104356 0.00842432 0.00321853 0.0685431 0.0474754 0.0853574 0.00568979 0.0191406 0.00986141 0.00297478 0.158046 7.06232e-06 0.0054604 0.000421905 0.00494487 3.06021e-06 4.19913e-05 0.00297084 0.0378402 5.50139e-05 0.018663 0.0307547 0.0507597 0.0805655 0.000222778 0.00925405 0.0162578 0.277005 0.0549817 1.56782e-05 
0.021818 0.005757 0.00667159 3.03528e-05 0.028612 0.00961242 0.0413151 0.0423605 0.0102838 0.00636593 0.0352403 0.00422996 0.0324348 0.00552492 0.00332274 2.54034e-08 1.93006e-05 0.000946899 0.0721391 0.000141273 0.0470356 0.0114699 0.00115725 0.125571 0.00133432 0.00097738 0.0189338 0.408936 0.057746 1.2949e-05 
0.0459285 0.00549436 0.00173481 5.21919e-06 0.00224312 0.0137861 0.0256428 0.0412627 9.5042e-05 0.00228902 0.0100054 0.00115923 0.00127553 8.99646e-05 0.00131241 2.76867e-08 2.51407e-06 0.000120427 0.0993795 1.84087e-05 0.101782 0.00185096 0.0263812 0.0114429 0.000354296 0.00117435 0.0169549 0.569627 0.0185874 5.79819e-08 
0.00171531 0.00134931 9.10908e-05 7.66135e-06 0.00802069 0.0528327 0.00555693 0.00431083 0.0616645 0.000121739 0.219477 1.91815e-09 0.0377666 9.93997e-05 0.000551809 4.07042e-10 0.000280891 0.002103 0.0608048 3.80381e-05 0.0550316 0.000226834 0.00164232 0.0901113 0.00119047 0.00624427 0.0518015 0.307377 0.0295816 9.85374e-07 
0.00027082 5.37246e-08 0.000238984 0.0363355 0.0265323 0.121998 6.11595e-08 0.003606 0.00700222 0.0952197 0.271477 1.63847e-09 0.0145776 0.000378763 0.000173901 5.13528e-12 0.000501414 0.00186627 0.023417 5.40822e-12 0.00398673 0.000171993 0.00198074 0.0342225 4.27288e-07 0.0042509 0.0176602 0.295077 0.0390441 9.59823e-06 
0.00533767 0.00115079 0.00296838 5.39145e-05 0.000979366 0.00801539 0.00264706 0.0192983 7.95756e-06 0.00498603 0.00374039 1.55448e-05 0.0109506 0.00518737 0.000199858 0.0398798 7.39321e-06 0.00235995 0.00278432 0.000128915 0.00307838 0.00576165 0.0148661 0.00450199 1.79042e-06 4.50741e-05 0.083149 0.765883 0.0120137 8.01357e-07 
0.000130971 0.00149388 0.00042159 3.75361e-05 0.0309585 0.0187828 0.000688335 0.00562794 0.0002666 4.90254e-08 0.301419 5.13263e-06 0.00760946 3.612e-05 9.52868e-05 3.63111e-11 1.18555e-05 0.000274064 0.00764857 6.26602e-06 0.110416 0.00393877 0.000685714 0.0892059 1.59092e-05 0.00112194 0.0183875 0.378017 0.0226968 1.58736e-07 
2.96004e-05 0.00368949 0.00537702 2.39682e-05 0.0102233 0.0929691 0.0343529 0.00463074 0.0151157 0.000541886 0.00571223 4.8493e-12 0.000894158 7.21283e-07 0.000466724 0.0291777 1.33096e-06 0.000928598 0.0020643 8.87873e-12 0.0757377 4.91978e-07 0.0150181 0.000403317 0.00222592 0.239985 0.130465 0.311865 0.018093 6.53078e-06 
1.13804e-06 1.13786e-06 0.00216227 1.1379e-06 0.180805 0.0416511 1.13812e-06 0.0512099 0.0131969 1.13733e-06 1.13798e-06 1.1369e-06 1.13775e-06 1.13689e-06 1.13764e-06 1.13586e-06 0.00261467 0.00170719 0.00478041 1.13573e-06 0.255832 1.13771e-06 1.13749e-06 1.13799e-06 1.13722e-06 0.00932901 0.0481366 0.29478 0.0937753 1.13644e-06 
0.00554052 0.00181683 0.000377723 2.26147e-06 0.000838217 1.0294e-08 0.0122946 0.00265128 3.73746e-05 0.000488355 0.000746347 6.08701e-09 1.07748e-05 5.58047e-05 0.00027932 1.55557e-11 7.93174e-10 2.9978e-05 0.0723199 2.76915e-08 0.00889557 9.32755e-05 1.51267e-05 0.375858 3.97734e-09 2.025e-05 0.000697921 0.511762 0.0051679 3.85491e-07 
0.0303529 0.00698204 0.0081189 1.88407e-05 0.0345224 0.0230925 0.0175272 0.0488226 0.00144649 0.00112856 0.0244231 0.00058725 0.0112963 0.000138057 0.0232299 0.0004228 2.91223e-07 0.000959549 0.0338207 1.53639e-06 0.252813 0.00873946 0.00128579 0.0246965 5.24987e-05 0.0105627 0.0230748 0.27868 0.133199 4.49617e-06 
7.49407e-07 0.0188479 7.62509e-07 1.10596e-07 3.23454e-06 0.00741 0.0518338 0.0513132 1.39506e-06 5.72818e-06 0.0055343 6.82871e-10 1.52096e-06 0.00892735 4.78829e-06 1.18719e-09 1.63195e-06 9.98008e-08 3.08298e-06 0.00162413 0.00859663 0.211045 5.62579e-07 0.140258 5.81565e-07 3.66449e-10 0.00342989 0.348262 0.142894 9.06495e-10 
0.0583914 0.0119984 0.00495894 1.94228e-05 0.00127557 0.0224567 0.149421 0.0622154 6.02566e-05 0.0805923 0.0149132 0.0166017 0.00334333 4.64728e-06 0.0371972 6.05506e-11 1.70378e-05 0.00183251 0.00155474 0.00540616 0.0582173 0.129565 0.00148036 0.0471276 0.000160222 0.000346061 0.00118882 0.273788 0.0158671 1.25761e-08 
0.0207558 0.139168 0.0145609 1.97215e-07 0.00991791 0.000265212 0.0143225 0.0181572 0.00134889 0.00701156 0.000864196 4.08607e-05 0.00214423 0.000219971 0.00166808 5.4047e-09 1.89122e-08 0.0884279 0.00552742 5.22653e-07 0.0432114 0.000773675 0.000643329 0.0151948 0.000127899 0.000289851 0.0701772 0.520481 0.0246996 4.12683e-09 
0.000654824 0.0158875 0.00378638 0.00452629 0.0172884 0.0107408 0.0842847 0.0769934 0.000347122 0.0222562 0.00442566 7.49375e-05 0.0193341 0.000750344 0.00706937 2.31035e-07 0.00234343 0.000146548 0.240591 0.00542449 0.0341809 0.0368227 0.00613446 0.0203032 0.00244665 0.000479562 0.00787782 0.345079 0.0297404 9.72863e-06 
7.64687e-07 0.000263383 4.49725e-05 1.99803e-08 8.41008e-08 0.0335895 0.0018 0.0714538 0.0519344 4.1031e-07 0.133028 7.43666e-08 0.00184393 0.000317637 7.49855e-05 1.23636e-10 4.37952e-05 0.000255767 0.010539 1.16113e-06 6.20798e-07 0.00317786 0.0188314 1.64478e-07 9.03224e-07 2.55015e-07 0.219355 0.293144 0.160298 1.63642e-07 
0.00213615 0.00908621 0.00132322 0.00361707 0.0157641 0.028492 0.0799148 0.0711663 0.0187676 0.019374 0.0567927 0.00244229 0.0189497 0.00185222 0.0108125 1.87807e-07 0.00135952 0.00291775 0.0548028 0.152793 0.0210813 0.0144943 0.0102806 0.0803497 4.26923e-05 0.00521139 0.0281106 0.259006 0.029055 3.86407e-06 
0.00499568 0.00909454 0.000912857 1.7903e-07 0.0255645 0.048234 0.0150057 0.103002 1.78976e-07 0.00531469 0.0600868 1.78871e-07 0.0879637 0.00364912 0.00916441 1.78708e-07 1.78781e-07 0.0206863 1.79032e-07 1.78688e-07 0.0465353 0.0169335 0.00232673 0.0585117 0.00418694 1.78974e-07 0.0131594 0.363399 0.100877 0.000393537 
0.00538581 0.00562455 0.00332021 2.87414e-05 0.0545549 0.0227047 0.0116817 0.0307572 0.00175815 0.00348442 0.184166 0.000252491 0.0273402 0.00108291 0.00548353 2.01061e-07 0.00192407 0.000948333 0.104617 0.00104268 0.0206446 0.00664062 0.00194442 0.0284186 0.000194247 0.00170004 0.0151007 0.233812 0.225379 8.51496e-06 
0.00823109 0.0103354 0.00664598 9.51294e-07 0.021843 0.0030373 0.0239252 0.0451875 5.70169e-05 0.00395928 0.0420795 0.00054325 0.00841279 9.81684e-05 0.000241051 1.70203e-11 4.75708e-10 0.000514033 0.01867 3.97964e-06 0.134028 0.00198223 4.30594e-05 0.0696795 7.66805e-06 0.00198164 0.00238772 0.577664 0.0184071 3.30339e-05 
7.1511e-12 0.00155316 9.76825e-08 0.00013 0.0291523 0.0115199 7.09069e-05 0.0524347 1.98918e-11 0.000391451 0.176827 3.81236e-11 0.00468804 0.00117154 0.00558256 6.6279e-11 5.38537e-11 0.00113372 0.00848486 6.52185e-07 0.00654509 0.0822187 2.18796e-11 0.235475 6.48829e-08 0.00619146 0.00204511 0.361151 0.0132319 1.4358e-07 
8.61995e-05 0.00287505 0.000113108 8.46391e-06 0.0761328 0.0101051 0.00635926 0.0020752 0.000342997 0.117337 0.0261331 5.91189e-05 0.00866394 8.6375e-05 0.00183372 7.7525e-08 6.3734e-06 2.59137e-05 0.00810458 0.000158901 0.0411035 0.00240952 0.015829 0.0361429 2.69913e-06 0.00215561 2.81048e-05 0.368884 0.272928 8.37014e-06 
0.0173172 0.0359104 0.00579174 0.00808681 0.0556202 0.0269375 0.0507217 0.135763 0.00185227 0.00456502 0.0350565 0.000497614 0.0293662 0.00397505 0.0519391 8.91237e-08 0.000337351 0.0183341 0.0199292 0.000581806 0.133416 0.0129907 0.000957299 0.0535931 0.00193891 0.0159317 0.0352131 0.216876 0.0264882 1.28579e-05 
0.00438654 0.00274585 0.0135364 0.00675599 0.0151887 0.0236081 0.00670835 0.0560666 0.135514 0.000951394 0.149738 4.15554e-05 0.00849199 0.00644678 0.00126784 5.03935e-11 0.000129272 0.0014833 0.0732982 0.000446252 0.0554056 0.00318582 0.0298947 0.0899917 0.00103388 0.02383 0.0298306 0.213255 0.0467414 2.69024e-05 
0.00705665 0.000639182 0.00305418 0.00130471 0.012642 0.0848415 0.00553798 0.00500994 0.00399101 0.000292308 0.317775 4.76281e-06 0.0501309 0.00017488 0.000295297 1.46676e-11 0.00234634 0.00783153 0.100978 0.000510144 0.00869716 0.0031078 0.00019559 0.0211444 0.000273653 0.0206361 0.00436668 0.33234 0.00482333 1.11996e-11 
6.5738e-07 0.00126567 3.20654e-07 7.18546e-06 0.0313965 0.0122762 0.000365115 0.00925881 9.37112e-05 3.80311e-06 0.0149647 3.43593e-07 0.00015345 0.000265571 3.54682e-07 1.2122e-09 2.40097e-07 4.61291e-10 0.166035 1.27663e-09 0.0187748 0.000457238 0.000483168 0.022589 2.93816e-07 6.58926e-07 0.0148093 0.65329 0.0535076 2.08559e-07 
0.000899947 0.0127809 8.33075e-07 8.39798e-08 0.0940346 6.65355e-05 0.05214 0.109079 1.59337e-06 0.00308934 0.020723 9.08205e-06 0.000419785 5.55544e-05 0.00557722 7.06174e-11 7.55409e-09 4.48375e-05 3.75878e-06 3.49523e-07 3.36688e-06 0.00355493 5.57729e-05 0.0716699 0.000359239 0.00662011 0.00972873 0.584767 0.0243145 1.61567e-08 
0.000272803 0.000148229 3.03691e-05 6.63631e-09 0.00981023 0.059925 2.79349e-05 0.00390474 0.00559562 1.95323e-06 0.0765815 2.75251e-07 0.0433783 0.000205422 1.98258e-05 3.23046e-12 0.000126977 0.000126116 0.00533466 3.40216e-12 0.0102806 1.13621e-06 0.00210361 0.0243235 7.18689e-05 0.00176272 0.190387 0.484492 0.0810874 9.16022e-10 
0.0742326 0.0438866 0.000715662 6.19596e-05 0.00964598 0.0532423 0.0227304 0.0724057 0.00612863 0.077101 0.0167359 5.25986e-06 0.00195659 0.00116725 0.00986374 1.61989e-08 1.31621e-08 0.0436407 0.0824112 2.93443e-05 0.0305325 0.00825957 0.000581867 0.150324 2.15332e-05 0.000142508 0.0101717 0.256181 0.0278195 4.83757e-06 
0.000199313 0.00306602 0.00417562 2.94707e-06 0.00214167 0.0119494 0.00395332 0.0332208 0.0189414 7.31549e-08 0.00353821 2.18327e-07 0.000107685 2.15806e-07 0.000301644 9.58214e-10 9.43003e-06 8.6347e-07 0.0421 1.00914e-09 0.0352102 1.90741e-05 0.178081 0.0211637 2.50606e-05 0.00243129 0.113492 0.508378 0.0174918 4.93641e-08 
0.00174115 0.00498897 0.00137524 8.79122e-06 0.000476107 0.0228904 0.0273388 0.131367 0.0104914 0.00215559 0.11468 1.90127e-06 0.0345035 0.000265729 0.0111307 3.13731e-10 0.000628472 0.0011272 0.0132878 0.000489767 0.0273875 0.016874 0.0121662 0.033052 0.000217128 7.266e-05 0.0570365 0.412591 0.0616122 4.25982e-05 
1.16046e-05 0.00674346 0.000121964 1.24571e-07 0.0454989 0.00462948 0.0267194 0.142363 0.0396294 0.00931573 0.0571151 0.000197347 0.00255743 1.37001e-05 0.00124576 7.03618e-10 5.7171e-10 0.000382574 1.68172e-06 5.18689e-07 7.55978e-11 0.00681949 0.00197974 0.192389 3.13188e-10 6.04251e-06 0.0157261 0.347177 0.0993547 1.76284e-07 
0.0282876 0.00197379 0.00169315 1.33314e-06 0.0127814 0.0181357 0.0399472 0.0058199 0.0030384 0.00268758 0.143579 0.000167924 0.0150579 0.00196196 0.00314786 1.02249e-08 7.32847e-05 2.70193e-05 0.000104199 3.53464e-08 0.018819 0.000822147 0.00607424 0.0140594 0.0044838 1.21488e-10 0.0175968 0.472682 0.186977 2.31082e-07 
0.028485 0.00180665 0.000335029 0.023092 0.0684402 0.0327375 0.0044766 0.0665284 0.00710704 0.000454656 0.0578369 8.6971e-06 0.011105 0.000209844 0.000237995 3.11726e-12 0.0094619 0.00873247 0.0286319 4.9223e-05 0.00767903 0.00038013 0.000124229 0.275687 0.000549725 0.030117 0.0495395 0.279426 0.00675173 8.2956e-06 
0.00462235 0.00681707 0.00411465 0.00807056 0.111352 0.0525101 0.0273726 0.0061291 0.00365917 0.00111682 0.0198324 5.48631e-06 0.000576981 0.000346102 0.000572557 1.58619e-09 2.05852e-06 0.00382169 0.155293 0.000571848 0.0378695 0.00101638 0.00141162 0.0319216 0.000181769 0.0576402 0.0449006 0.319985 0.0982748 1.17056e-05 
0.00223036 0.0155813 0.0017227 6.61993e-05 0.00993041 0.00854204 0.038688 0.0194427 0.00598702 0.016256 0.0276512 2.59504e-05 0.0261872 0.00187415 0.00512682 1.12044e-07 0.000335446 0.000243542 0.0970627 0.00403362 0.049985 0.00343646 0.00525954 0.124236 0.0459319 0.000444614 0.20142 0.263653 0.0246448 1.47703e-06 
0.00306487 0.00172167 0.0114338 6.87271e-07 0.0110039 0.0434075 0.00433063 0.0155918 0.000833154 0.000803264 0.0718967 0.00130425 0.00850902 6.22811e-06 0.0035412 3.38485e-13 0.000181683 0.000182552 0.00550327 3.12873e-09 0.0258289 0.000405241 0.000257086 0.0107075 7.94776e-05 0.00119038 0.0143433 0.724815 0.0390568 1.80133e-10 
0.00216731 0.00138751 0.00061836 2.11519e-06 0.0108104 0.0090052 0.00558486 0.0170771 0.0454076 1.42499e-05 0.0212887 0.00046234 0.00186095 0.000123086 0.00340794 1.66142e-12 6.1437e-07 3.18049e-05 0.0260792 1.74972e-12 0.0180811 3.80293e-05 0.00228674 0.0333413 6.48713e-06 0.000544929 0.0183597 0.725727 0.0562855 5.63202e-08 
0.0337915 0.0162413 0.00453562 8.94964e-05 0.00930757 0.0251332 0.0275505 0.0211756 0.00952868 0.0386774 0.0512929 0.00785499 0.0118878 0.000574355 0.00638995 3.18866e-10 0.00049839 0.00492179 0.0801817 0.000287921 0.025902 0.00710163 0.00289126 0.0658506 0.000622821 0.00395645 0.00964454 0.457601 0.0764389 7.03336e-05 
0.00202723 0.00150662 0.00396902 2.54115e-05 0.00875492 0.0219656 0.00116221 0.0179172 3.59957e-06 0.000605642 0.0338582 8.7354e-05 0.0248766 5.00319e-05 0.0016656 3.92692e-09 3.00942e-05 0.00130287 0.00630788 0.000619456 0.0278813 0.00411806 0.00353698 0.0408472 3.80958e-06 0.00034849 0.00455363 0.682553 0.109422 1.94166e-07 
0.0236195 0.00875059 0.0115773 2.84342e-05 0.0682384 0.136222 0.0514155 0.0660157 0.0145086 0.00101499 0.0307251 0.00618558 0.0019448 4.38297e-06 0.0447667 5.72376e-11 5.79272e-05 0.000260507 8.42554e-05 0.00227269 0.0472488 0.00202308 0.00316977 0.0161837 9.88954e-05 0.00460425 0.0100335 0.32591 0.123035 3.05457e-08 
0.0238553 0.00292231 0.00151563 1.98178e-05 0.00510783 0.0140836 0.0595626 0.0113948 0.000218384 0.0156847 0.044743 0.00227207 0.00494155 0.00405244 0.00398943 2.15072e-12 6.60055e-06 0.00185377 0.118169 0.000260224 0.00569516 0.00387889 0.000110626 0.085837 0.00321923 0.00128149 0.00170272 0.571311 0.0123106 2.5096e-09 
0.0119018 0.00459477 0.000810491 0.00307541 0.00778628 0.164564 0.0835594 0.0233872 0.00160398 0.00717182 0.0556068 0.000252163 0.0050125 0.0158784 0.00199919 3.13366e-10 0.000201077 0.0426873 0.00668623 0.0159599 0.00747461 0.0438338 5.66592e-06 0.0725632 0.00823835 0.106378 0.00356624 0.253121 0.051334 0.000746016 
0.0184352 0.00773971 0.0201403 7.61028e-06 0.00626052 0.00343254 0.0964585 0.00353018 4.58954e-05 0.00358027 0.0249326 0.00333373 0.00607829 0.00191726 0.00422663 2.26759e-09 3.00751e-07 0.00024742 0.132856 4.43319e-05 0.0360078 0.000761212 8.13377e-05 0.0120726 0.000621938 1.00796e-05 0.000612158 0.589218 0.027347 6.89294e-07 
0.00739923 0.00518352 0.0029553 3.93089e-05 0.1439 0.0178668 0.0406162 0.0257101 0.000871643 0.00143979 0.198494 0.00136178 0.028787 0.000220792 0.0072891 3.28894e-08 0.000122144 0.00107495 0.0453312 9.80419e-05 0.0541791 0.00746254 0.000803738 0.0454862 0.000680252 0.0103384 0.0133672 0.282218 0.056695 8.58714e-06 
0.00776622 0.00211199 0.00213735 0.00344806 0.0416999 0.0453144 0.0141174 0.0165635 0.00599543 0.00265781 0.095784 1.04071e-05 0.0349776 0.00797671 0.000767978 8.30339e-07 0.000240816 0.00117326 0.086834 0.00050916 0.0341274 0.00864264 0.00716209 0.0257029 0.00595241 0.111062 0.15279 0.247601 0.0368717 1.48304e-06 
0.00443944 0.0156745 0.00202991 0.0116549 0.0452554 0.119232 0.0220371 0.0494579 0.00488869 0.152703 0.162185 1.44062e-06 0.0142687 0.000113658 0.00531949 5.21102e-12 0.00772331 0.00411478 0.0116832 5.48798e-12 0.0718421 7.704e-05 0.00535977 0.0384739 2.61485e-05 0.00956288 0.0168427 0.191118 0.0339117 2.88393e-06 
0.00449079 0.0204617 0.000315096 6.51663e-07 0.0130462 0.0363716 0.107059 0.100727 0.0039287 0.00465094 0.151711 8.00469e-06 0.00131084 0.00017265 0.000235005 3.74154e-10 2.56017e-05 0.00152509 0.0355781 3.84434e-05 0.022338 0.0116674 0.000441889 0.0521366 3.2384e-06 0.00198079 0.0180318 0.391759 0.0199841 2.05143e-07 
0.000338432 0.00157646 0.000226054 0.00594366 0.0110597 0.0790725 0.0109722 0.0155067 0.0013727 0.00124356 0.347495 0.000400491 0.0451398 0.000509569 0.000513641 1.02427e-11 0.000100082 0.00417309 0.00187528 3.19709e-07 0.00781284 0.0169242 0.0011714 0.0145515 0.00139613 0.00213554 0.0248349 0.381848 0.0218021 3.9884e-06 
0.0562552 0.00744739 0.00215012 1.96704e-05 0.042925 0.000512393 0.0771148 0.0134379 6.56558e-09 0.0167746 0.00519139 0.0259121 0.000264146 3.09744e-05 0.00915263 8.03413e-13 2.12981e-10 0.000471864 0.0671276 7.16795e-09 0.0198297 0.00776262 0.00032862 0.0203042 2.81924e-05 2.6427e-08 0.00117644 0.59915 0.0266327 1.5945e-08 
0.0250147 0.0143408 0.00162743 8.0583e-06 0.0188449 0.0117632 0.0200883 0.0357299 0.0640215 0.00260156 0.030054 0.000109821 0.00683499 0.000701224 0.00134986 8.80072e-09 0.000379413 0.000743966 0.179379 0.000135103 0.0596575 0.0015586 0.00978832 0.0297022 0.00061935 0.0042637 0.110436 0.295971 0.0742722 3.77567e-06 
0.000122676 0.00134259 0.000300641 1.47271e-05 0.0197568 0.000379659 0.00774709 0.0121213 9.04159e-05 2.94448e-05 3.08581e-06 0.00170531 0.000217238 0.000359079 0.0162906 6.97413e-12 9.43188e-10 9.75694e-05 0.000425289 4.2694e-05 0.0279458 0.00150559 6.94226e-09 0.407685 0.000830293 7.05839e-05 0.000644036 0.496503 0.00376832 7.76976e-07 
0.0294333 0.0196158 0.00609822 0.000175904 0.139174 0.0214116 0.00934809 0.175037 0.00308094 0.00100091 0.0483272 6.68099e-06 0.0149974 0.000258039 0.0023272 2.06723e-08 4.91313e-06 0.00270829 0.0259151 4.42056e-05 0.030322 0.0151536 0.00179398 0.109784 0.000612079 0.00742622 0.0337542 0.2859 0.0162892 8.5301e-08 
0.0256308 0.00555389 0.00246771 5.84942e-05 0.00476259 0.0142754 0.0357418 0.0226306 0.00653491 0.0126413 0.031478 0.00218638 0.00780701 0.000973474 0.00396071 3.61339e-08 1.3018e-05 0.00334863 0.259311 0.000519548 0.0168159 0.0068068 0.00335991 0.0594261 0.000305757 0.000259804 0.01558 0.422248 0.0352997 1.82619e-06 
0.00710881 0.0179578 0.00400357 6.12954e-05 0.0342246 0.0270238 0.044588 0.119838 0.0238884 0.00631486 0.011672 4.1862e-05 0.0248515 0.00169429 0.163066 3.38123e-05 0.000169695 0.00305667 0.0667111 0.0157905 0.043796 0.0111114 0.000982234 0.013657 0.0022676 0.0014677 0.0203106 0.187216 0.147093 1.81439e-06 
0.000388572 0.0149697 0.00038865 8.56408e-08 0.147798 0.00610726 0.0137248 0.0635642 0.00421677 7.19707e-05 0.0276752 0.000141646 0.00464406 0.00125994 0.000141616 5.42576e-08 0.00237583 0.000374263 0.00983178 0.00116733 0.0308842 0.000136866 0.0433368 0.123953 7.35652e-05 0.000234852 0.0296198 0.425794 0.0471239 1.64521e-06 
0.0180466 0.00455598 0.00215618 5.28961e-06 0.00479262 0.082206 0.0556967 0.0669532 0.00436455 0.0097324 0.0219591 0.00132553 0.126893 0.000156278 0.0123512 2.79901e-07 0.000936843 0.00127732 0.0441619 9.01492e-06 0.0607066 0.025892 0.00621931 0.0299228 0.000462328 0.00255419 0.0216692 0.266881 0.128006 0.000106435 
0.00696513 0.015759 0.111432 0.000531391 0.0490171 0.00716912 0.0187957 0.0770773 4.91111e-05 0.0114869 0.0170523 0.00122509 0.00749463 0.000367581 0.0115146 8.1593e-08 8.16261e-08 0.00559663 0.022953 0.00128911 0.0608706 0.02585 8.17104e-08 0.0272379 0.00193614 0.00255774 0.0129728 0.440882 0.0619171 8.16345e-08 
0.00499259 0.0393469 0.0119153 0.00165227 1.77636e-07 0.00946925 0.114834 0.214644 0.0162499 0.0272372 0.00429948 0.000568138 0.00225597 1.77486e-07 0.00255767 1.77326e-07 0.000319493 0.00110106 0.0537919 1.77306e-07 0.0674774 0.00568385 0.00216667 0.0339687 1.77537e-07 0.00186487 0.0448752 0.279814 0.0584343 0.0004792 
2.66653e-05 0.00151316 4.32071e-05 5.05972e-05 0.000453327 0.0021022 0.0100123 0.0313756 4.91312e-08 1.72093e-06 0.0308562 6.10148e-06 0.023206 7.07277e-07 0.00149245 2.00008e-07 3.51387e-07 4.55098e-05 0.000597777 2.07176e-05 7.95311e-10 0.0424194 3.06199e-05 0.00610293 0.0017088 1.49399e-07 0.00111484 0.846491 0.000327013 5.80848e-10 
0.0230023 0.00327204 0.00456659 3.26467e-05 0.00742808 0.00860206 0.0284035 0.00755939 0.000775615 0.00119135 0.0460425 0.000164577 0.00282356 6.39043e-05 0.000693425 6.04816e-09 7.60817e-07 0.000258163 0.0490244 1.16622e-09 0.0499424 0.00131537 0.000157798 0.060615 7.67254e-06 0.00114427 0.00582288 0.675168 0.0219157 6.54908e-06 
0.000589105 0.00643254 0.00115535 0.000136504 0.0400678 0.0388231 0.0394667 0.0523399 0.0343982 0.0120199 0.0300906 0.000339712 0.00920321 0.0136401 0.00645228 0.000189921 0.000309577 0.000812148 0.0476899 0.000251793 0.0112709 0.00508284 0.00558227 0.17592 0.00119547 0.00167429 0.043159 0.223299 0.193609 0.0047988 
0.00374994 0.0241106 0.00258726 0.0250208 0.00176087 0.00341709 0.113209 0.0682869 2.43185e-08 0.00577379 0.0187929 0.0090252 0.00408388 0.00127311 0.021358 1.94905e-12 2.38208e-05 0.000335289 0.00574242 2.05264e-12 0.0790923 0.00181809 0.000356807 0.0533938 1.09775e-06 4.80679e-05 0.0112806 0.5 0.0454104 4.79017e-05 
0.00967558 0.017454 0.003758 0.00344125 0.0566344 0.0928219 0.0353433 0.0500001 0.0254519 0.00245233 0.0371872 0.000473399 0.0266211 0.00317882 0.0142445 3.41163e-05 0.00255498 0.00209992 0.0969316 0.000737658 0.0921376 0.00344522 0.00683194 0.0341422 0.00182945 0.0180345 0.0379552 0.177838 0.145974 0.00071646 
2.66653e-05 0.00151316 4.32071e-05 5.05972e-05 0.000453327 0.0021022 0.0100123 0.0313756 4.91312e-08 1.72093e-06 0.0308562 6.10148e-06 0.023206 7.07277e-07 0.00149245 2.00008e-07 3.51387e-07 4.55098e-05 0.000597777 2.07176e-05 7.95311e-10 0.0424194 3.06199e-05 0.00610293 0.0017088 1.49399e-07 0.00111484 0.846491 0.000327013 5.80848e-10 
0.115213 0.00682563 0.00590004 0.00704904 0.0711559 0.00152386 0.0919161 0.0408882 7.6931e-08 0.0206826 0.0219643 0.150389 7.69436e-08 7.6885e-08 0.0101633 7.68156e-08 7.68468e-08 0.00263836 0.0556617 0.000898719 0.0541742 0.0814109 0.00132321 0.0256354 0.00121521 7.69301e-08 0.00639522 0.166732 0.0574837 0.00275916 
0.0221455 0.00860131 0.00262661 0.00164548 0.0241449 0.114348 0.060575 0.072319 0.00823182 0.0220003 0.0389952 0.0001496 0.0242507 0.000556912 0.00500985 0.000257589 0.00749504 0.00986078 0.0814675 0.00162153 0.0470063 0.00902445 0.00341085 0.0556322 0.000708668 0.0127146 0.0362018 0.224605 0.104385 7.48685e-06 
0.000232157 0.00296791 0.000786668 3.52702e-06 0.0683682 0.00242506 0.0240856 0.00577913 0.000825344 0.0013642 0.00375714 2.47344e-05 0.207865 3.40291e-05 0.00310426 1.32189e-08 2.60532e-07 0.000198206 0.0208341 3.49661e-06 0.0453322 1.10255e-05 0.00105038 0.197837 5.90143e-06 0.000202666 0.00547947 0.226698 0.180722 1.13297e-06 
0.000562701 0.0338048 0.00728755 3.91047e-06 0.0305443 0.00133891 0.0292436 0.110026 0.00163637 0.00480748 0.000355416 0.000515373 9.29507e-06 9.31749e-08 0.0127636 7.28278e-08 5.7072e-09 0.000279951 0.00328012 9.72434e-06 0.0262802 0.00913097 0.000549076 0.0186103 4.65834e-06 2.24454e-05 0.000135997 0.623659 0.085122 1.58495e-05 
2.70959e-07 0.00208633 2.70816e-07 2.70927e-07 0.0144671 0.0118677 0.0123027 0.290669 0.00836944 2.70792e-07 0.00913118 2.70687e-07 0.00292589 0.00162438 0.0031423 2.7044e-07 2.7055e-07 0.00384563 0.0616915 2.7041e-07 0.0871677 2.70881e-07 0.00178775 0.0640524 2.70763e-07 0.00408999 0.0166359 0.340546 0.0635945 2.70578e-07 
7.1511e-12 0.00155316 9.76825e-08 0.00013 0.0291523 0.0115199 7.09069e-05 0.0524347 1.98918e-11 0.000391451 0.176827 3.81236e-11 0.00468804 0.00117154 0.00558256 6.6279e-11 5.38537e-11 0.00113372 0.00848486 6.52185e-07 0.00654509 0.0822187 2.18796e-11 0.235475 6.48829e-08 0.00619146 0.00204511 0.361151 0.0132319 1.4358e-07 
0.000318289 0.0097327 0.0059855 0.0291744 0.00424747 0.0681331 0.012214 0.0162933 0.00512614 0.000263866 0.188727 0.00231868 0.0157361 0.000183688 0.00259498 1.74947e-09 0.00202253 0.00270749 0.0113778 1.64902e-08 0.0263238 0.000178781 0.00198445 0.0370045 0.000223708 0.00474532 0.0353968 0.491335 0.025517 0.000133449 
6.32354e-05 0.00226341 1.47003e-05 0.00725217 0.00262881 0.0276316 0.0102723 0.0234696 0.00177665 0.000105029 0.138914 2.77713e-09 0.0877317 4.24817e-05 0.000620494 6.75578e-10 0.000147564 0.000296813 0.0208836 0.0180643 0.0311789 0.00042458 0.000711624 0.00840153 6.60836e-05 0.000180039 0.0112508 0.345358 0.260177 7.25911e-05 
8.50704e-05 0.00518452 0.000375902 1.72037e-08 0.0996268 0.0152521 0.0213541 0.00757842 3.26369e-07 2.40192e-07 0.00589355 0.000125853 0.00224583 7.38607e-05 0.00153948 3.77738e-12 2.39156e-06 0.000495006 0.00501074 4.36776e-08 0.0461648 0.000388371 0.0213605 0.211383 2.37649e-05 0.00300394 0.0254247 0.445447 0.08196 2.95607e-09 
0.00230737 0.006978 0.00570408 0.000102018 0.0353055 0.0604076 0.0198654 0.0246809 0.00922836 0.00175121 0.148704 0.00299708 0.0128835 0.00520859 0.0950987 0.000189892 9.99147e-07 0.00171671 0.0376341 0.00159112 0.0583091 0.00139825 0.00221587 0.0139534 0.000145917 0.00379118 0.0361042 0.249917 0.161806 3.78214e-06 
0.0191227 0.0119583 0.00534929 0.0163411 0.0776759 0.0437325 0.0167424 0.0366069 0.00855743 0.00638302 0.0327141 0.000502694 0.0751353 0.00478077 0.00427582 2.3206e-07 0.0013605 0.00535917 0.0315068 0.00768476 0.0526947 0.0314764 0.00327644 0.060868 0.0063277 0.00398117 0.0953324 0.264503 0.0756891 6.13495e-05 
0.0102938 0.0467885 0.0180838 1.78301e-05 0.0306637 0.063518 0.22987 0.0424019 0.00152214 0.0196944 0.0258279 0.000542312 0.0157366 0.004321 0.0126138 3.98493e-06 0.000777401 0.00175739 0.00589099 0.00237447 0.0245692 0.0701509 0.0152223 0.0469023 0.000674677 0.00417299 0.00748626 0.234544 0.0635668 1.01862e-05 
9.10854e-09 0.00165558 7.12403e-08 5.16291e-13 0.00415238 0.129402 0.00417814 0.0066746 1.39594e-08 1.25998e-12 0.126265 6.37693e-05 0.176682 1.87446e-05 0.00346212 3.18558e-12 2.58837e-12 0.00409325 1.58521e-07 2.05497e-05 8.35123e-08 7.3926e-09 0.000146888 0.0139305 1.67331e-08 4.25773e-08 0.0546315 0.383108 0.091515 2.43239e-12 
0.133608 0.0740256 0.000697037 9.66036e-06 0.00986265 0.0909557 0.0195796 0.0174747 0.00403031 0.00474749 0.0697293 6.1354e-05 0.0155042 0.000113967 0.0120825 6.75138e-06 0.00102896 0.0127014 0.0869604 2.861e-05 0.0224546 0.00815185 0.00344705 0.0539351 0.00170787 0.0011474 0.0078845 0.297367 0.0506948 1.53467e-06 
0.000208691 0.00857401 0.00105724 2.38508e-05 0.0111331 0.0134126 0.0769092 0.174636 0.00367723 0.00296621 0.0076366 6.80908e-05 0.00361539 0.000241498 0.0129842 8.53584e-12 6.44591e-06 0.00127358 0.0116841 4.95419e-08 0.0953481 0.00994418 0.0127624 0.0280642 0.000181238 0.000223642 0.0420133 0.394417 0.0869364 1.19027e-06 
0.0494856 0.00816767 0.00213261 0.000276875 0.0347699 0.0353572 0.0528878 0.0206104 0.00480124 0.00455315 0.0796927 0.00274312 0.0199207 0.000864168 0.00339941 1.79841e-05 0.000745466 0.000493954 0.0636761 0.000145113 0.0965523 0.00394227 0.00199268 0.0418514 0.000362177 0.00615563 0.0159564 0.331523 0.116921 1.89383e-06 
0.000656274 0.0234777 0.00214131 1.23489e-05 0.0513369 0.0163302 0.0760726 0.0759264 0.00237008 0.00291027 0.0112429 0.000290165 0.00409567 4.53888e-05 0.0088208 1.59193e-11 0.0709892 0.00794862 0.0132737 6.16307e-05 0.100498 0.00201618 0.00237234 0.0511904 3.45625e-05 0.000843143 0.00476791 0.306376 0.1639 1.41045e-08 
0.00589362 0.00216091 0.000878511 0.00727666 0.00617602 0.0491801 0.0147759 0.00806508 0.00377663 0.000381346 0.0235921 0.000268199 0.00182208 0.00113529 0.000255346 0.000128719 0.00100524 0.00135448 0.0625938 1.24098e-05 0.0945714 0.000765967 0.00246755 0.087741 5.40227e-05 0.0220053 0.0210776 0.536919 0.0436663 2.05172e-09 
