3.12516e-05 0.00270601 0.000479051 5.05335e-08 0.00442904 0.000543896 0.023556 0.00328303 0.000179944 0.000843734 0.0198387 3.86177e-06 0.000104884 2.66791e-11 0.00570953 5.16297e-10 8.86948e-08 8.10781e-05 0.103437 5.51764e-08 0.0214274 0.000300144 6.21123e-05 0.309609 5.64566e-06 7.36054e-08 1.02561e-07 0.445234 0.0580818 5.25551e-05 
0.000399768 0.000733052 6.32829e-05 6.66941e-08 0.00347257 0.00984258 0.00228507 0.00580125 1.32022e-08 0.00129187 0.177957 1.06284e-05 0.322316 9.93938e-05 0.00285152 2.05267e-11 4.9813e-08 0.00246172 0.000646545 0.00262396 0.000472304 0.00140888 0.0036332 0.0470288 4.33156e-07 0.00175743 0.0022672 0.390675 0.0199002 1.56734e-11 
0.00595343 0.00636447 0.00096573 0.000121816 0.113787 0.0118618 0.0140139 0.0334754 0.0070443 0.00144717 0.00541794 4.84532e-08 0.0047664 8.27059e-06 0.00127494 1.61126e-09 0.00223605 0.000890833 0.185089 0.00010557 0.0490053 0.00193027 0.000469647 0.0942534 0.000128713 0.0730142 0.0137564 0.277982 0.0946331 3.21206e-06 
0.000122802 2.19071e-07 4.41242e-05 4.16169e-07 0.000545209 0.000230378 0.00112138 0.00725097 1.81039e-07 2.95646e-05 3.10322e-06 0.00159108 0.000686815 3.45414e-11 0.000282057 5.96199e-11 3.54493e-09 2.09443e-05 0.00105647 0.00542231 0.0244854 0.00230501 1.96813e-11 0.38396 0.000497957 1.72005e-06 9.00258e-05 0.559029 0.0112232 1.76848e-08 
0.00210863 0.00434662 0.000397716 2.66154e-09 0.00367317 0.0437712 0.0274929 0.0267119 6.85163e-06 0.00110854 0.00569387 3.09013e-06 0.069955 0.00130826 0.00532657 7.73137e-11 0.00014807 5.52654e-06 0.00702422 5.06528e-05 0.0853114 3.36315e-05 0.0695273 0.00902837 2.9716e-05 0.000497732 0.151011 0.2996 0.185828 5.90339e-11 
0.00306487 0.00172167 0.0114338 6.87271e-07 0.0110039 0.0434075 0.00433063 0.0155918 0.000833154 0.000803264 0.0718967 0.00130425 0.00850902 6.22811e-06 0.0035412 3.38485e-13 0.000181683 0.000182552 0.00550327 3.12873e-09 0.0258289 0.000405241 0.000257086 0.0107075 7.94776e-05 0.00119038 0.0143433 0.724815 0.0390568 1.80133e-10 
0.00027082 5.37246e-08 0.000238984 0.0363355 0.0265323 0.121998 6.11595e-08 0.003606 0.00700222 0.0952197 0.271477 1.63847e-09 0.0145776 0.000378763 0.000173901 5.13528e-12 0.000501414 0.00186627 0.023417 5.40822e-12 0.00398673 0.000171993 0.00198074 0.0342225 4.27288e-07 0.0042509 0.0176602 0.295077 0.0390441 9.59823e-06 
3.81742e-08 1.75904e-07 1.7192e-07 1.8557e-12 0.0197264 0.00946893 1.46527e-07 0.0602186 0.0105883 1.36319e-07 0.00155085 6.65182e-10 1.79815e-07 6.63358e-12 4.21847e-08 1.14499e-11 2.51284e-08 7.62016e-06 0.0219485 1.20584e-11 0.0279168 2.76754e-12 0.00084474 1.52685e-07 4.61077e-06 2.6401e-07 0.0619585 0.499845 0.28592 8.74269e-12 
0.000494854 1.65517e-06 9.8024e-06 6.06862e-11 8.66044e-06 2.35433e-05 3.72489e-06 0.0684305 1.12378e-10 2.14762e-06 0.0232357 3.33858e-06 1.11576e-06 2.16936e-10 1.03721e-06 3.74441e-10 2.95147e-06 1.42489e-10 5.792e-11 3.70721e-06 1.07822e-06 2.21017e-05 1.23608e-10 1.23432e-06 1.66668e-10 1.35238e-06 0.0227372 0.812525 0.0724885 3.43377e-07 
0.0252006 0.00680651 0.00202583 0.000194093 0.0658554 0.0199081 0.0389643 0.0902521 0.0114807 0.00604588 0.0253599 0.00901122 0.0132054 0.000655032 0.00674828 2.97552e-05 8.57376e-05 0.00238865 0.0876539 0.00031392 0.159237 0.0078428 0.00170338 0.106196 0.000927951 0.00910985 0.0216342 0.222888 0.058033 0.000241664 
0.00409386 0.035533 0.00394018 3.03191e-07 0.0901348 0.0183749 0.110869 0.0941473 0.0285223 0.0246072 0.0364465 0.00048498 0.0633286 0.000727311 0.00885148 3.02647e-07 3.0277e-07 0.00224287 3.03196e-07 3.02613e-07 3.03227e-07 0.00739692 0.00345545 0.109007 3.03008e-07 0.000848975 0.00918744 0.290488 0.0573102 3.02801e-07 
0.000108417 0.00304425 0.0166656 8.60366e-06 0.00629411 0.0118809 0.0286994 0.0137004 0.000918865 0.000163448 0.0274623 0.013315 0.00281213 1.20583e-05 0.0066892 3.17069e-09 1.36072e-07 0.00016393 0.00780808 1.54087e-05 0.0358373 0.000394502 5.00218e-06 0.0515548 1.03943e-05 1.11913e-07 0.000130805 0.704941 0.0673623 1.69125e-06 
0.110466 0.0116991 0.0100356 1.11912e-05 0.037071 0.000457285 0.00924481 0.00130884 0.00209886 0.00298487 0.00142921 3.82987e-08 0.177158 0.00848047 0.00172596 8.90941e-12 7.23915e-12 0.000253481 0.00778577 9.38293e-12 0.0104096 4.98982e-05 1.1187e-07 0.154659 0.000246149 0.00144968 0.154423 0.276049 0.0205026 6.80289e-12 
0.0263956 0.0297935 0.0302464 5.11698e-05 0.00554573 0.0189008 0.195956 0.0193094 1.34191e-05 0.0109072 0.00348886 0.0015021 0.00253656 1.00398e-05 0.106128 0.000296722 0.000102479 0.0305121 0.048749 1.20072e-05 0.115566 0.0227964 0.00136151 0.0345518 0.00246031 9.08036e-05 0.000442076 0.281091 0.0111834 3.73531e-08 
0.117625 0.0245472 0.0100134 5.59946e-08 0.00945151 0.00318076 0.0874862 0.0339686 5.5978e-08 0.00741564 0.00168561 0.000430834 0.00381279 0.00110776 0.0115883 5.58941e-08 3.91976e-05 0.000498174 0.103233 5.58878e-08 0.133143 0.00228985 0.00139383 0.0557416 0.0003638 0.00165138 0.0120227 0.321264 0.0559565 8.9532e-05 
0.0523653 0.00594005 0.000884102 3.53701e-05 0.085203 0.0317403 0.0159377 0.0655703 0.011236 0.00241785 0.0578067 3.27826e-05 0.0864784 0.000393478 0.0128217 2.21024e-05 0.00196968 0.000963934 0.0074951 1.16096e-05 0.167203 0.00207752 0.00137338 0.0277983 0.019348 0.0241344 0.0392476 0.175736 0.103754 1.59175e-06 
0.00459767 0.00498038 0.00420553 1.17324e-05 0.0648403 0.018523 0.00807509 0.0224527 0.00501151 0.00290132 0.0428552 0.0173405 0.00313993 0.0217488 0.00553348 5.85769e-09 2.25406e-05 0.000857856 0.0858974 7.66503e-05 0.0583523 0.0362682 0.000183233 0.0326178 0.00147567 0.00167254 0.00716966 0.497659 0.0515303 3.54544e-08 
0.0122563 0.00244773 0.00164022 1.03159e-06 0.00337974 0.0028047 0.0200898 0.00317297 0.00102866 0.00157295 0.0286304 0.00458593 0.0186695 0.000328896 0.00250546 3.97687e-09 2.67357e-06 4.41691e-05 0.113304 5.70923e-05 0.0405657 0.000393738 0.000487227 0.00690418 4.35002e-06 0.000281053 0.0650588 0.652691 0.0170922 9.58258e-08 
0.00648404 0.00241869 0.00171071 0.000115916 0.103053 0.0116196 0.0352283 0.0288335 0.0105668 0.00235632 0.0165856 2.65374e-06 0.00517906 0.00139803 0.00353333 5.87848e-10 6.438e-06 0.010681 0.159314 9.62038e-05 0.0420794 0.00434835 0.000372132 0.121447 0.00113045 0.010491 0.00475502 0.361896 0.0542961 1.91582e-06 
0.0120441 0.0199944 0.00365265 0.00116126 0.13393 0.0158307 0.0205782 0.0565241 0.00581374 0.00223362 0.0263389 0.00895322 0.00635819 0.0020613 0.0037657 1.66439e-08 0.000672914 0.00852116 0.0244145 0.000567034 0.074479 0.00531535 0.00165259 0.0879231 0.000452821 0.0697156 0.0110472 0.368958 0.0268751 0.000165428 
0.00162099 0.00387382 0.00156771 6.55635e-06 0.0138887 0.00873707 0.0107451 0.0539605 0.0254247 0.000336653 0.0269528 4.52277e-05 0.0129185 0.000273536 0.00930338 1.41895e-07 0.000115166 0.000409042 0.0682228 0.000975303 0.186641 0.000248782 0.00133427 0.0127771 6.90454e-05 0.000744992 0.0140646 0.420563 0.12418 6.31209e-08 
0.0861244 0.0534191 0.00353055 1.10283e-05 0.024648 0.00751395 0.0296449 0.00375383 0.00121179 0.00216393 0.0250196 0.00170958 0.0135632 0.000298627 0.00501715 4.45024e-08 4.23356e-06 0.00158233 0.180337 0.00617977 0.00961941 0.0040692 0.000216568 0.0445456 0.000731103 0.00809721 0.0140416 0.446565 0.0263245 5.71735e-05 
0.0127293 0.0121549 0.0107783 1.75083e-05 0.0191757 0.0491683 0.0278792 0.0367539 0.019688 0.00189043 0.0298689 0.00088547 0.0126884 0.0226905 0.00505521 0.00120223 0.000612578 0.00157659 0.0369603 0.000187808 0.0462511 0.0022538 0.0213445 0.07686 0.00342596 0.0110763 0.201974 0.266298 0.0685465 6.27011e-06 
0.0379841 0.00474473 0.0145296 0.00304179 0.0114096 0.172204 0.0549427 0.0231744 0.000492414 0.0180485 0.0509746 0.000152538 0.00270051 0.000346981 0.00119285 6.90134e-10 0.000248077 0.0539436 0.044332 1.90354e-05 0.0362207 0.00157592 6.88197e-08 0.0448054 0.000962063 0.0106631 0.00206844 0.402081 0.00714141 5.26961e-10 
0.00450226 0.00377309 0.00324549 4.49784e-09 0.0136548 0.00857718 0.00988261 0.0158837 0.0005807 0.00179882 0.0241471 0.00348266 0.0127768 2.16e-05 0.00714763 4.02394e-05 0.000445952 7.2564e-05 0.0141369 0.000129985 0.00790402 0.00107597 0.000162393 0.011286 1.70546e-05 2.87202e-05 0.00178432 0.707504 0.145937 4.72883e-07 
0.127434 0.0722238 0.0451006 1.05623e-05 0.0196707 0.0169035 0.127698 0.0214874 0.00818993 0.0101538 0.00256315 0.0201235 0.00201234 9.06217e-06 0.00334415 4.06469e-07 8.45254e-06 0.00054496 0.0197276 1.85188e-06 0.114364 0.00170638 0.0991511 0.0407023 4.27878e-06 0.0102348 0.0258679 0.196062 0.0146772 2.23752e-05 
0.00370215 0.00134832 0.000980645 0.0513672 0.00829004 0.083499 0.00836189 0.0250966 0.00485602 0.000125109 0.185381 1.72498e-05 0.00978083 0.000199736 0.000893849 1.65127e-12 0.00567001 0.00195641 0.0313333 2.95584e-05 0.0210606 0.00018052 0.00557156 0.0466328 0.00141452 0.00765874 0.0204931 0.398091 0.0760083 2.08833e-07 
3.17429e-05 1.00587e-05 5.70985e-05 2.72097e-09 0.0381279 0.00236494 0.000209766 0.036752 0.157556 1.00715e-05 0.0185995 1.6261e-05 0.00320541 0.000351216 5.60429e-05 4.02981e-12 6.86479e-08 0.000214892 0.0296838 2.37539e-09 0.0296606 0.000121328 0.000162173 0.307785 7.03734e-06 0.000435447 0.00421119 0.362066 0.00829976 4.55403e-06 
1.66364e-07 0.0303182 9.95925e-08 1.79225e-08 0.0233989 0.195992 0.0598983 0.0800679 8.79226e-08 6.4922e-07 2.38715e-06 2.22833e-08 0.000614479 6.53197e-07 0.0207733 5.52643e-11 4.49039e-11 0.0469228 8.54851e-12 6.98477e-07 0.0600323 0.0458727 0.0151089 0.0791535 0.00132454 1.82542e-07 0.00897929 0.237317 0.0942209 9.28774e-08 
0.0893869 0.0268562 0.00411469 0.000429641 0.0320696 0.0126957 0.0362659 0.0294243 0.00442527 0.0166715 0.0260238 0.0016094 0.0112259 0.00139481 0.00517707 1.19097e-07 1.19146e-07 0.00397133 0.127403 1.19084e-07 0.0477541 0.00349536 1.19269e-07 0.0748384 0.000775174 0.0173188 0.0121943 0.384658 0.0298196 1.19158e-07 
0.00135334 0.00118527 0.0283033 4.74488e-06 0.0052733 0.0163979 0.00680113 0.00840271 1.47933e-05 0.000268524 0.0238672 0.00348766 0.00865594 0.000270237 0.00590651 1.00895e-07 0.0106284 0.00036716 0.00166043 2.86817e-07 0.00406689 0.00272342 1.2235e-06 0.0310567 0.000207327 0.000374056 0.000960126 0.803773 0.0339793 8.5382e-06 
0.0040667 0.0110262 0.00263919 0.00862645 0.00612722 0.0753265 0.0238506 0.0369785 1.41142e-07 0.00729567 0.0778261 0.00320217 0.133599 0.00332909 0.0224291 1.4093e-07 0.00128312 0.0112472 0.0111397 0.0248997 0.0804417 0.0314082 0.0128009 0.0639332 1.41098e-07 0.00385325 0.000607257 0.215449 0.126614 1.41002e-07 
0.00394502 0.00175907 7.35275e-05 1.91423e-06 0.0127391 0.00493401 0.00405187 0.0408519 0.003361 0.00157179 0.113567 6.12993e-05 0.0233184 0.000533168 0.00666844 4.001e-07 1.2705e-05 0.000560396 0.0023196 0.00579026 0.000564036 0.0033046 0.00220867 0.113895 3.6138e-06 6.91062e-05 0.0864158 0.560789 0.00662918 5.49145e-07 
0.00134432 0.00406756 0.0682254 3.63292e-12 0.0212703 0.00153438 0.0408282 0.121271 6.7274e-12 0.032536 1.517e-05 0.0510084 0.000488796 1.56137e-07 0.165377 2.24155e-11 9.73034e-08 3.55965e-05 0.00681312 2.36069e-11 0.00499514 0.000113614 1.16898e-06 0.053402 2.25767e-06 1.01999e-08 0.000166402 0.407652 0.0188518 1.71157e-11 
0.105866 0.00794284 0.0310464 0.000421895 0.0265913 0.00101339 0.0260494 0.0620572 2.33337e-10 0.0262319 0.00636733 0.0189105 0.000737821 1.15771e-05 0.00714362 2.03892e-12 1.65668e-12 0.000544354 0.0219529 0.000791798 0.0328893 0.142514 5.71797e-09 0.0243091 0.000445248 1.24868e-08 0.00114482 0.401013 0.0539798 2.45858e-05 
0.0208739 0.00894981 0.00386001 7.02751e-06 0.0247319 0.00746257 0.025197 0.00935066 0.0213066 7.04914e-05 0.013394 0.00198807 4.04121e-05 1.75492e-05 0.00102095 2.31689e-09 5.34409e-09 0.000266757 0.093671 1.75776e-12 0.247768 3.77917e-09 0.0004152 0.0457868 6.90009e-06 0.0029254 0.00915424 0.311572 0.150164 9.23458e-10 
0.00925583 0.00313512 0.000466212 7.85766e-05 0.0560656 0.0423393 0.0178834 0.0162455 0.00233122 0.000133154 0.123594 5.91771e-05 0.0233069 0.00130359 0.00141159 4.39695e-05 2.89387e-06 0.000837719 0.0184712 0.000338854 0.0801234 0.0107904 0.00144549 0.0691035 5.00324e-05 0.00512058 0.116686 0.295745 0.103628 4.06293e-06 
3.49078e-12 2.71867e-08 1.14301e-11 8.36512e-10 5.95784e-12 0.000108237 2.80801e-06 0.00703369 7.96339e-08 1.27968e-11 0.299275 1.86099e-11 1.27452e-06 7.60077e-06 8.70015e-12 3.23538e-11 7.65951e-08 1.23119e-11 0.0217946 3.40734e-11 0.0083746 4.20368e-09 1.06804e-11 0.0727574 2.6506e-08 9.98661e-12 2.47938e-08 0.563921 0.0267231 2.47042e-11 
0.0010209 0.0208935 0.000801107 0.00492117 0.00590625 0.0272694 0.0487305 0.0726645 0.0121495 0.000331325 0.0881361 0.000664641 0.0519442 0.000955344 0.00040655 3.25375e-08 2.09324e-05 6.32361e-05 0.0222769 1.15842e-06 0.0428842 0.00664204 0.00361965 0.0560605 0.000438911 0.00279561 0.0577451 0.288369 0.182284 3.3979e-06 
0.00216731 0.00138751 0.00061836 2.11519e-06 0.0108104 0.0090052 0.00558486 0.0170771 0.0454076 1.42499e-05 0.0212887 0.00046234 0.00186095 0.000123086 0.00340794 1.66142e-12 6.1437e-07 3.18049e-05 0.0260792 1.74972e-12 0.0180811 3.80293e-05 0.00228674 0.0333413 6.48713e-06 0.000544929 0.0183597 0.725727 0.0562855 5.63202e-08 
6.11595e-07 0.00221748 0.00225614 3.02835e-07 0.0399979 0.000476191 0.0160206 0.0106797 4.49644e-05 0.0007423 0.0825252 0.000612157 3.33145e-06 1.48715e-05 0.000412594 3.87286e-08 6.60815e-06 9.88976e-06 0.0642497 2.18602e-09 0.0853455 5.04763e-05 9.57882e-06 0.0388398 4.26327e-05 3.11543e-05 0.000439912 0.582917 0.0720533 1.72664e-07 
0.00116777 0.0323471 0.00136057 0.0066022 0.0105577 0.0387489 0.029015 0.0216105 0.00343297 0.00336353 0.121654 0.000277466 0.0526259 0.0027198 0.00481201 1.68254e-06 0.0282778 0.00104007 0.0175994 0.00108871 0.0576885 0.00308163 0.0127335 0.190281 0.000913832 0.00121226 0.0359622 0.194203 0.125603 1.7182e-05 
0.00122297 0.00215441 0.00411659 0.000115555 0.0459998 0.0338245 0.0319947 0.00428853 0.00799317 0.0014295 0.0489929 1.13168e-05 0.0124829 0.000829778 0.00628719 1.78236e-10 1.68882e-05 0.0362843 0.0477917 0.00225926 0.00192528 0.00363518 0.00766178 0.0838009 0.000359775 0.000784957 0.184581 0.397623 0.0314534 7.87592e-05 
0.000824846 0.0314684 0.0202964 0.0391938 0.00305586 0.0258839 0.0422175 0.0370376 0.00491711 0.000906164 0.0510991 0.00651051 0.0127023 0.000199972 0.00894058 3.95803e-09 0.000800087 0.000828667 0.00375604 3.73666e-08 0.0392268 0.000524241 0.00153388 0.0590782 0.000670497 0.00136278 0.0551274 0.507272 0.0441336 0.000431365 
0.0152929 0.0116172 0.0052377 0.00411503 0.0604814 0.0238404 0.0258076 0.0329239 0.023024 0.00195856 0.095235 0.000100368 0.0154855 0.0026825 0.00445712 1.13555e-05 0.00046741 0.00528383 0.0666538 0.0122502 0.0663411 0.0036094 0.00519301 0.0765335 0.0104218 0.0381793 0.10053 0.203575 0.0886751 1.56301e-05 
0.0374575 0.0130171 0.00876642 1.52272e-05 4.85573e-07 0.0185066 0.0862953 0.110474 0.00138221 0.00140488 0.0503009 0.00123721 0.00118987 0.000209111 0.00390915 2.26596e-11 0.00023666 0.000916776 0.00942181 2.3864e-11 0.149994 0.0100454 9.49234e-05 0.123738 9.04625e-09 0.000239833 0.00935083 0.299106 0.062689 1.55276e-06 
6.57406e-06 1.97306e-06 2.47431e-06 1.65401e-07 7.51011e-06 0.200443 0.00785509 0.0296942 4.55729e-06 1.7942e-07 2.10889e-05 5.36846e-07 0.00248056 5.30623e-07 0.00213339 8.72183e-11 6.94571e-07 0.000214878 1.60304e-05 9.18539e-11 0.068311 4.91222e-07 0.015022 1.38783e-05 8.40183e-05 3.05024e-06 0.0278269 0.435762 0.210093 1.19941e-07 
0.00738447 0.00237979 0.00108762 0.0142769 0.0125653 0.031321 0.0165614 0.00853122 0.0115779 0.000437312 0.188868 3.56776e-05 0.0216594 0.000206698 0.00508207 2.58278e-10 0.001758 0.00260098 0.0209493 2.81596e-08 0.0265199 0.000668115 0.0019361 0.0644051 0.000168577 0.0196217 0.136282 0.327977 0.07511 2.82028e-05 
0.0167657 0.00533394 0.0010761 4.92646e-05 0.0884725 0.0631762 0.0248452 0.0200449 0.00175117 0.00129361 0.0987287 4.77443e-06 0.0833554 5.84655e-05 0.00545507 6.26818e-08 5.00524e-05 0.0041045 0.0420224 9.91217e-05 0.0163956 0.00263287 0.00478246 0.0723583 0.000547995 0.0109583 0.0325571 0.299871 0.103206 3.40746e-06 
0.000130971 0.00149388 0.00042159 3.75361e-05 0.0309585 0.0187828 0.000688335 0.00562794 0.0002666 4.90254e-08 0.301419 5.13263e-06 0.00760946 3.612e-05 9.52868e-05 3.63111e-11 1.18555e-05 0.000274064 0.00764857 6.26602e-06 0.110416 0.00393877 0.000685714 0.0892059 1.59092e-05 0.00112194 0.0183875 0.378017 0.0226968 1.58736e-07 
0.00118418 0.000801489 5.05288e-05 6.02703e-05 0.00463309 0.0311193 0.00117483 0.0582882 0.00334486 0.000429892 0.270668 1.12981e-05 0.0156312 4.41528e-05 0.00126958 9.00663e-09 0.000209306 0.0127873 0.0348813 0.00279306 0.0635368 0.000486205 0.040873 0.119251 5.16178e-07 0.0252466 0.013215 0.28334 0.0146678 1.27711e-06 
0.00554052 0.00181683 0.000377723 2.26147e-06 0.000838217 1.0294e-08 0.0122946 0.00265128 3.73746e-05 0.000488355 0.000746347 6.08701e-09 1.07748e-05 5.58047e-05 0.00027932 1.55557e-11 7.93174e-10 2.9978e-05 0.0723199 2.76915e-08 0.00889557 9.32755e-05 1.51267e-05 0.375858 3.97734e-09 2.025e-05 0.000697921 0.511762 0.0051679 3.85491e-07 
0.0107853 0.0154491 0.0139456 4.29498e-05 0.0279082 0.030829 0.0631026 0.0234493 0.00420088 0.0115594 0.0190457 0.000831841 0.024383 0.000542921 0.0351976 4.88039e-09 0.000227175 0.00599396 0.0215345 6.89496e-05 0.103099 0.00440285 0.00434889 0.0349233 0.000104837 0.0373538 0.0167261 0.324713 0.165229 8.23372e-07 
0.028365 0.0065779 0.00219031 1.05047e-05 0.0130453 0.00141385 0.0434361 0.00720348 0.000259971 0.00332044 0.00484793 0.00710564 0.00327688 0.00237031 0.00416463 9.49959e-06 3.81885e-07 0.000904524 0.294225 0.000165704 0.0427708 0.00209218 0.000192089 0.0107502 0.000467818 2.39051e-05 0.00194231 0.495046 0.0238215 1.82635e-08 
0.00491358 0.00421546 0.00176857 9.24906e-06 0.0552276 0.0232263 0.0171561 0.00808583 0.00280795 0.000961758 0.111062 0.000140433 0.0233227 0.00011112 0.00318965 8.05762e-08 0.000346864 0.00123074 0.0966051 0.000220833 0.0422766 0.0027161 0.00633831 0.0312538 0.000491839 0.00113285 0.0151728 0.490905 0.0550952 1.52989e-05 
0.00412615 0.00396233 0.000158761 2.80243e-06 0.011457 0.0444256 0.00959586 0.0140521 0.195042 0.000171077 0.080158 4.31549e-11 0.0154569 0.00552377 0.00354369 7.5026e-11 1.11866e-05 0.000780388 0.119027 2.21485e-06 0.0025294 4.82111e-05 0.00448296 0.0516514 0.00096204 0.00272591 0.179305 0.239161 0.0116371 4.93262e-07 
0.0106284 0.00400048 0.00332398 0.00286835 0.0254068 0.0314059 0.016558 0.0223434 0.0137729 0.00260178 0.125015 0.00165481 0.0239912 0.00180993 0.00417157 2.66547e-05 0.00179375 0.00550694 0.0520362 0.00201136 0.0329621 0.00856056 0.00279324 0.137761 0.00091838 0.00571284 0.0265557 0.375469 0.0583116 2.79951e-05 
0.00162402 0.0109568 0.000268476 4.06309e-05 0.0775472 0.0388786 0.0101426 0.0371079 0.0273635 0.00165161 0.00920896 8.15094e-06 0.00944492 0.000501168 0.013599 4.88587e-09 2.08042e-05 0.000665071 0.156045 0.00193844 0.122788 0.0113885 0.0100739 0.0941454 0.00333677 0.0118529 0.0291658 0.210432 0.109799 4.60775e-06 
0.00790942 0.00643491 0.00106831 0.00148231 0.0276638 0.0495435 0.0197229 0.0152884 0.0116479 0.00184216 0.0789525 0.000761542 0.0201273 0.0031734 0.00358493 4.06577e-05 0.00042884 0.00641201 0.0341849 0.000259394 0.0667931 0.00191536 0.00225487 0.0431854 0.000148937 0.0409631 0.182035 0.22801 0.144156 8.96399e-06 
0.00158628 0.00340552 0.000472024 5.11332e-10 0.0176464 0.00384772 0.00151547 0.00814695 9.75567e-09 4.84463e-08 0.0112324 4.08303e-05 0.00114517 4.39575e-05 0.000215764 8.7614e-13 8.04505e-09 0.000801629 0.0544416 9.22706e-13 0.0153967 0.000159478 6.04485e-08 0.0668147 2.53525e-09 0.00375008 0.00341896 0.79444 0.0114777 3.14491e-09 
0.0178854 0.00801126 0.00123363 1.27536e-05 0.0287945 0.0479096 0.0561607 0.0183939 0.00258246 0.00722063 0.0320771 0.00060617 0.0455009 0.000883951 0.00718234 0.00861076 0.00616733 0.0020259 0.0184286 0.000675785 0.0412765 0.0101228 0.010379 0.0242812 0.00886286 0.00256914 0.0117263 0.51772 0.0626978 1.01893e-06 
0.0381541 0.0283495 0.00624253 0.000118761 0.0479087 0.0336044 0.170828 0.00730971 0.000787836 0.01295 0.0742824 2.94771e-08 0.00160073 1.71796e-05 0.023061 2.83862e-11 0.00375712 0.0176721 0.0740952 6.48384e-08 0.0540819 0.000310293 0.000623247 0.0250008 0.0103885 0.0760285 0.0049326 0.21624 0.0716543 1.28421e-07 
2.66653e-05 0.00151316 4.32071e-05 5.05972e-05 0.000453327 0.0021022 0.0100123 0.0313756 4.91312e-08 1.72093e-06 0.0308562 6.10148e-06 0.023206 7.07277e-07 0.00149245 2.00008e-07 3.51387e-07 4.55098e-05 0.000597777 2.07176e-05 7.95311e-10 0.0424194 3.06199e-05 0.00610293 0.0017088 1.49399e-07 0.00111484 0.846491 0.000327013 5.80848e-10 
1.13804e-06 1.13786e-06 0.00216227 1.1379e-06 0.180805 0.0416511 1.13812e-06 0.0512099 0.0131969 1.13733e-06 1.13798e-06 1.1369e-06 1.13775e-06 1.13689e-06 1.13764e-06 1.13586e-06 0.00261467 0.00170719 0.00478041 1.13573e-06 0.255832 1.13771e-06 1.13749e-06 1.13799e-06 1.13722e-06 0.00932901 0.0481366 0.29478 0.0937753 1.13644e-06 
0.0150782 0.00895491 0.00340409 5.79202e-05 0.0148268 0.0123675 0.0519903 0.0326937 0.00694218 0.0157808 0.00319422 1.3399e-05 0.00168436 0.00158164 0.00595194 6.9545e-07 1.13959e-07 0.0291491 0.00560735 1.28505e-10 0.140339 7.90364e-07 0.000360062 0.110205 0.000208889 0.00305417 0.240137 0.284995 0.0114199 5.03171e-08 
0.0560353 0.0308394 0.000964106 1.40011e-06 0.0117757 0.074467 0.0760054 0.0682497 6.36205e-05 0.00277017 0.047756 0.00169658 0.024546 0.00116833 0.112423 2.55797e-08 0.00330756 0.00130439 0.0095257 0.00127919 0.0207499 0.0565178 0.00180247 0.0211035 0.00168285 0.000158245 0.00581233 0.254097 0.113897 1.81725e-08 
3.12516e-05 0.00270601 0.000479051 5.05335e-08 0.00442904 0.000543896 0.023556 0.00328303 0.000179944 0.000843734 0.0198387 3.86177e-06 0.000104884 2.66791e-11 0.00570953 5.16297e-10 8.86948e-08 8.10781e-05 0.103437 5.51764e-08 0.0214274 0.000300144 6.21123e-05 0.309609 5.64566e-06 7.36054e-08 1.02561e-07 0.445234 0.0580818 5.25551e-05 
0.00138013 0.00904683 0.000689371 0.00135874 0.0270094 0.014415 0.0232946 0.0577842 0.0443483 0.00139998 0.0269616 1.2823e-05 0.0185893 0.0017691 0.0214326 9.29083e-06 0.000347965 0.000283161 0.108957 0.00146373 0.074384 0.00270059 0.0170199 0.0758829 0.000672213 0.00753802 0.0727999 0.346851 0.0415918 7.0566e-06 
0.00010615 0.00169818 0.000619356 2.6667e-06 0.00798324 0.021484 0.028072 0.00149441 0.000205254 0.000717132 0.183403 0.00137061 0.0435386 4.37865e-06 0.00352613 7.02724e-08 8.99879e-05 0.000112343 0.00148666 1.18148e-11 0.0114082 0.000499341 0.00184844 0.00584452 0.000199666 0.000446302 0.00693638 0.653783 0.0231194 1.78363e-07 
0.00212579 5.18278e-07 5.18084e-07 5.18297e-07 5.18273e-07 0.0421408 5.18397e-07 0.0648954 5.23324e-05 5.18038e-07 0.102994 5.17838e-07 0.139093 5.17833e-07 0.00114051 5.17366e-07 5.17576e-07 5.18054e-07 5.18305e-07 5.17308e-07 0.0148256 5.18209e-07 0.0173572 0.00388806 0.00253864 0.00497462 0.0988446 0.348422 0.1567 5.17629e-07 
0.000336384 0.00881414 0.0168763 2.78845e-08 0.00218384 0.0105832 0.0344459 0.00968888 1.64209e-07 0.00206378 0.00983596 0.00358758 0.00363379 1.41733e-07 0.0538547 6.06498e-09 2.86496e-09 4.68131e-05 0.0021254 4.90409e-08 0.0181106 0.00302254 8.66733e-08 0.00870106 3.51441e-06 9.97919e-08 0.000180482 0.728409 0.0834917 3.82094e-06 
0.0151702 0.0223369 0.00334673 0.000129859 0.0260019 0.033606 0.0255253 0.0433328 0.00633885 0.00487962 0.0503615 0.000544301 0.0750809 0.00244536 0.0100841 6.6925e-07 0.00177562 0.00628577 0.0349407 0.00364637 0.0452842 0.00931878 0.0041283 0.0456065 0.00197692 0.0100224 0.0306377 0.315837 0.171305 4.98069e-05 
0.0120459 0.0116472 0.00112822 7.30029e-05 0.0399581 0.00939837 0.0422834 0.18841 0.0179328 0.025024 0.0137817 0.000445465 0.00375942 0.000365281 0.00218226 1.35335e-08 0.00102897 3.32e-05 0.141008 0.000445689 0.0449495 0.0237719 0.00141631 0.123266 4.02399e-05 0.00118911 0.0218389 0.241916 0.0267688 0.00389082 
0.0264842 0.00480212 0.00163073 0.00969515 0.0398368 0.0229059 0.027088 0.0388633 0.00570914 0.00501458 0.0293809 0.000290469 0.0049265 0.00653879 0.00199745 5.0775e-06 2.62521e-05 0.000528442 0.197699 0.00080704 0.191557 0.00567811 0.00752432 0.0366599 0.000183716 0.0273516 0.0347061 0.202596 0.0695041 9.37674e-06 
0.00538377 0.00278002 0.00037454 1.28493e-05 0.0137286 0.0324644 0.00164754 0.0292482 0.00186288 0.0421836 0.111668 2.27314e-05 0.0037505 0.00305699 0.000562616 1.15956e-10 0.00121911 0.00078604 0.0659146 0.000457569 0.0669802 0.014637 0.000842979 0.0549468 2.43303e-06 0.000716304 0.0122289 0.507397 0.025124 1.42406e-07 
0.00864178 0.00646455 0.000958186 6.62273e-05 0.0120249 0.00546252 0.0206403 0.0106548 0.00446591 0.000430452 0.0115562 8.62752e-07 0.00206458 0.00110691 0.00546261 5.28696e-06 9.38731e-07 0.000173513 0.0645687 0.000227058 0.120889 0.000361418 0.000664805 0.168283 1.44796e-05 0.200151 0.0167986 0.29368 0.0441801 1.5006e-06 
0.0128254 0.00309095 0.000704542 7.54369e-05 0.0620513 0.0259953 0.00893246 0.0413341 0.0220936 0.00717079 0.102548 0.00178906 0.0167815 0.000455925 0.0017376 1.95619e-05 0.000316503 0.00311291 0.0553463 0.00114165 0.0265138 0.00958188 0.00850966 0.177736 0.000236203 0.00466626 0.05144 0.321491 0.0322671 3.57759e-05 
0.0108252 0.00487268 0.000572747 0.000964388 0.0110767 0.0962744 0.0130628 0.0239613 0.0182335 0.00664749 0.0431941 9.48205e-05 0.0204054 0.00271392 0.00277332 0.00229306 0.00147966 0.00208118 0.0179699 0.000285951 0.0428573 0.00070672 0.00434375 0.0379921 0.000857117 0.00531653 0.0714494 0.321373 0.235319 2.81075e-06 
0.00135334 0.00118527 0.0283033 4.74488e-06 0.0052733 0.0163979 0.00680113 0.00840271 1.47933e-05 0.000268524 0.0238672 0.00348766 0.00865594 0.000270237 0.00590651 1.00895e-07 0.0106284 0.00036716 0.00166043 2.86817e-07 0.00406689 0.00272342 1.2235e-06 0.0310567 0.000207327 0.000374056 0.000960126 0.803773 0.0339793 8.5382e-06 
1.25738e-08 0.0026256 0.00110538 4.83504e-06 0.0206304 0.000843375 0.00091309 0.231868 2.91186e-06 0.000363716 0.000737945 1.18033e-08 0.00011509 4.79138e-05 0.000227981 3.66526e-12 7.41758e-09 0.00113527 0.00991194 2.27633e-08 0.0886407 0.000837634 1.00747e-06 0.0303087 4.12291e-05 0.00081709 0.00112702 0.585835 0.021858 2.79865e-12 
0.0131601 0.00743495 0.000352901 2.12741e-05 0.0388688 0.0650294 0.00505349 0.00727886 0.178248 0.00388277 0.0104331 2.73094e-07 0.0104881 0.00028208 0.00108457 2.49988e-10 4.83035e-07 0.000402463 0.0539677 0.000968735 0.0142442 0.00244328 0.0179573 0.00780032 5.48772e-06 0.122884 0.157947 0.237428 0.0423323 1.34323e-07 
0.00438654 0.00274585 0.0135364 0.00675599 0.0151887 0.0236081 0.00670835 0.0560666 0.135514 0.000951394 0.149738 4.15554e-05 0.00849199 0.00644678 0.00126784 5.03935e-11 0.000129272 0.0014833 0.0732982 0.000446252 0.0554056 0.00318582 0.0298947 0.0899917 0.00103388 0.02383 0.0298306 0.213255 0.0467414 2.69024e-05 
0.00116422 0.0022811 0.00981013 9.6421e-05 0.152574 0.00170821 0.00269989 0.0554727 0.000912257 0.000832418 0.0265924 8.62845e-06 0.00183927 0.00145032 0.00573532 2.02557e-11 2.64561e-05 0.002742 0.0680182 3.49941e-05 0.079515 0.00839888 0.000577048 0.196732 0.00301705 0.00843883 0.0129889 0.293756 0.0624986 7.99079e-05 
0.0249338 0.00351287 0.00165471 0.0049728 0.0157209 0.0284887 0.0182886 0.0105949 0.00391506 0.00917989 0.20351 0.00188819 0.018205 0.000324765 0.00780471 6.50172e-09 0.00116881 0.00478607 0.0238665 0.000478819 0.0151052 0.00462685 0.00203287 0.0315274 0.000878959 0.00217799 0.00769115 0.496502 0.0561555 6.4236e-06 
0.0187171 0.00285096 0.000691073 0.00337197 0.0437927 0.215589 0.0170623 0.0325931 0.00140825 0.0105685 0.044547 5.26141e-05 0.0894728 0.00339055 0.0111569 2.25693e-06 0.00232187 0.00283022 0.052238 0.0019985 0.0190034 0.00920678 0.00449577 0.0289815 0.00124009 0.00301553 0.0589037 0.279552 0.0409446 8.3786e-07 
0.00371398 0.00112333 0.000857069 2.01984e-05 0.00418481 0.113603 0.0202393 0.0181053 0.00559832 0.0006331 0.0163798 0.000828019 0.0143558 0.000372991 0.00139438 1.07623e-06 2.4056e-05 8.33174e-05 0.136965 1.08673e-05 0.0704772 0.00512635 0.000885991 0.0469899 3.14149e-05 0.00102104 0.0291014 0.374471 0.133401 4.6011e-07 
0.000272803 0.000148229 3.03691e-05 6.63631e-09 0.00981023 0.059925 2.79349e-05 0.00390474 0.00559562 1.95323e-06 0.0765815 2.75251e-07 0.0433783 0.000205422 1.98258e-05 3.23046e-12 0.000126977 0.000126116 0.00533466 3.40216e-12 0.0102806 1.13621e-06 0.00210361 0.0243235 7.18689e-05 0.00176272 0.190387 0.484492 0.0810874 9.16022e-10 
0.00856232 0.00704617 0.000472956 2.51375e-05 0.0108398 0.00879074 0.134804 0.0218035 0.000142874 0.00185277 0.189777 1.84543e-05 0.0510254 1.76894e-05 0.0111651 8.4108e-12 4.98375e-08 0.00205583 0.00227568 3.79653e-05 2.85957e-07 0.00164575 0.000125566 0.0716733 2.46405e-05 0.00165644 0.00587092 0.453983 0.0143038 1.97365e-06 
0.0158114 0.00600747 0.00208145 0.00284058 0.0505751 0.033741 0.0374707 0.0420957 0.0258265 0.0025536 0.100505 7.80364e-05 0.0308803 0.000500683 0.00204253 2.16263e-05 0.000726512 0.000641874 0.0732749 0.000130304 0.174183 0.00172373 0.0136485 0.0373849 0.00124881 0.0203934 0.0454953 0.219834 0.0582817 1.57225e-06 
0.138684 0.117093 0.168953 6.61556e-06 0.000667221 0.00142093 0.148555 0.0762616 0.000120796 0.0136407 0.00241807 0.00203844 0.000165981 0.000134042 0.00269832 7.80279e-09 7.33403e-08 4.47739e-05 0.0363777 5.14283e-07 0.0558691 0.00282848 9.64145e-05 0.021605 0.000195128 0.000729893 0.00611452 0.197648 0.00562906 3.874e-06 
0.0142586 0.0080752 0.0024 0.00038702 0.0729586 0.0106892 0.0300802 0.0472817 0.0622189 0.00747678 0.0355533 0.00284887 0.0133209 0.00117021 0.00260106 2.66689e-09 0.00691234 0.000888888 0.0805766 0.00271982 0.0468083 0.00262696 0.00546753 0.167331 0.000588388 0.00454344 0.0308053 0.280315 0.0590941 2.61966e-06 
0.00029918 0.000898025 3.51e-08 7.57396e-14 0.00530686 0.00325028 0.00735489 0.00113167 2.04784e-09 5.9703e-08 0.0210147 0.000110532 0.00581591 1.61808e-05 0.00154716 4.67322e-13 2.28207e-10 0.000223875 0.00890199 8.37163e-10 1.6986e-08 1.00532e-08 0.000238079 0.0186435 1.10266e-09 6.24605e-09 0.00456857 0.897814 0.0228644 3.5683e-13 
0.0101407 0.00190808 0.00071473 1.87528e-05 0.0135719 0.0183183 0.00816414 0.0231721 0.0135264 0.0021638 0.0148673 3.05038e-07 0.0419905 0.00280838 0.00202042 4.60884e-08 6.33054e-05 0.00232365 0.120499 0.000134991 0.00218426 0.00411688 0.00183836 0.0170969 0.000145739 0.000139758 0.125715 0.55114 0.0212152 6.04806e-07 
9.72753e-05 0.00875365 0.00117652 8.41722e-05 0.00550402 0.0641723 0.0584943 0.175306 0.00514918 0.00151771 0.0126587 9.49431e-05 0.0129026 0.00147012 0.00947224 0.00478966 7.96457e-06 0.000314331 0.0116982 0.000430945 0.0882514 0.02346 0.00269238 0.0535502 7.3671e-05 0.00154696 0.0177063 0.332454 0.106169 1.9925e-08 
2.49611e-05 0.00823963 0.00517313 5.96847e-06 0.051603 0.000355628 0.0107601 0.036519 5.91447e-08 0.0249138 0.0167334 0.00114415 0.000151908 3.22572e-05 0.00120399 6.39775e-11 2.17067e-08 0.000422228 0.064122 0.000535429 0.00567315 0.0362648 1.56644e-07 0.00927907 1.53217e-05 6.91273e-05 0.00030412 0.410498 0.315948 8.06455e-06 
0.0109492 0.001555 0.000446699 0.0297233 0.0280075 0.0248047 0.0017355 0.0688554 0.00779902 0.000151437 0.067428 1.15948e-05 0.00525123 0.000213206 9.33646e-05 3.05167e-12 0.0080011 0.00797493 0.0097653 3.58436e-06 0.00962677 0.000100995 4.09834e-05 0.309082 0.00042878 0.0337242 0.054323 0.314225 0.00567191 5.70571e-06 
0.0374575 0.0130171 0.00876642 1.52272e-05 4.85573e-07 0.0185066 0.0862953 0.110474 0.00138221 0.00140488 0.0503009 0.00123721 0.00118987 0.000209111 0.00390915 2.26596e-11 0.00023666 0.000916776 0.00942181 2.3864e-11 0.149994 0.0100454 9.49234e-05 0.123738 9.04625e-09 0.000239833 0.00935083 0.299106 0.062689 1.55276e-06 
0.0165947 0.00172735 0.000738627 8.48545e-05 0.010033 0.000704578 0.0437689 0.00629628 0.000311876 0.000625718 0.0178216 0.0023113 0.0015379 7.17846e-05 0.000446352 3.70119e-08 2.78639e-06 9.73768e-06 0.300604 1.84751e-06 0.04392 0.00971731 4.89653e-05 0.0588059 1.009e-05 0.000116026 0.000538896 0.457787 0.0253605 1.27017e-06 
0.0109492 0.001555 0.000446699 0.0297233 0.0280075 0.0248047 0.0017355 0.0688554 0.00779902 0.000151437 0.067428 1.15948e-05 0.00525123 0.000213206 9.33646e-05 3.05167e-12 0.0080011 0.00797493 0.0097653 3.58436e-06 0.00962677 0.000100995 4.09834e-05 0.309082 0.00042878 0.0337242 0.054323 0.314225 0.00567191 5.70571e-06 
4.23839e-05 0.00100302 0.000789152 7.2991e-05 0.0337202 0.0244114 0.00177522 0.0578235 0.000398374 0.000277349 0.00860958 7.92797e-05 0.0707548 0.000168465 0.00110179 5.11701e-07 6.16368e-06 0.00185245 0.0220235 0.00063016 0.0364317 0.00822714 0.00428375 0.0262432 0.000250959 0.000775896 0.0854829 0.560376 0.0523881 4.44684e-07 
0.0122149 0.00250831 0.0046467 3.54849e-05 0.0894026 0.0142416 0.0156371 0.011889 0.0123394 0.000469055 0.0117386 2.18621e-05 0.00288634 0.000148058 0.00056649 8.81298e-05 1.47092e-05 0.000391272 0.0765205 9.1119e-05 0.100597 0.00155666 0.00277317 0.261254 0.000498279 0.0301837 0.0344849 0.2709 0.0418717 2.87407e-05 
0.0131479 0.0446762 0.00645347 5.7272e-09 0.0355626 0.00589033 0.246028 0.0613848 0.00181418 0.0331146 0.00116656 0.00179278 0.001205 3.41721e-05 0.00218266 1.79978e-08 7.04555e-09 0.000241589 6.00442e-07 3.45997e-09 1.18298e-06 0.00309829 4.94395e-09 0.0446773 1.86526e-08 0.000113686 0.000331204 0.484159 0.0129241 3.31099e-09 
4.4467e-08 1.67576e-07 2.33063e-06 2.19206e-05 5.34187e-07 0.001378 0.0010856 0.0548298 8.72506e-10 0.00255581 0.000467682 4.17382e-08 9.93739e-08 1.2614e-08 0.00177799 4.83722e-12 3.93038e-12 0.0057878 0.00617735 8.04952e-08 0.00688867 0.0278479 1.59683e-12 0.0144696 2.04633e-05 0.000401969 0.00732802 0.855267 0.0136907 1.4811e-09 
0.000159788 0.00630301 4.73523e-07 6.325e-05 0.00327202 0.216257 0.00111851 0.219576 4.25093e-05 4.14308e-06 0.0363401 0.000195392 0.0140603 0.000332908 0.000131588 2.1942e-10 2.05469e-05 0.00168417 0.0190968 1.33363e-05 0.0197767 3.8542e-06 0.000170595 0.014708 9.7666e-11 0.0230554 0.00126006 0.363321 0.0590332 1.67541e-10 
0.00157649 0.00289043 0.000335943 0.00735434 0.0226182 0.06591 0.00435106 0.059247 0.00230708 0.0022677 0.172523 4.62513e-05 0.00275756 0.000145486 7.41623e-05 1.97553e-08 0.00297779 0.00724711 0.0272595 7.2475e-09 0.0479322 0.00227639 0.000359348 0.116758 0.00246997 0.0134562 0.00418281 0.407327 0.0233487 1.43737e-09 
0.000463477 0.0132042 0.00358023 2.80444e-09 0.0241256 0.00195061 0.0174561 0.00622281 0.00888806 0.000369303 0.0527062 1.66536e-05 0.00114109 0.00249899 0.00143934 3.25302e-10 0.00017719 0.000538932 0.0224521 5.51071e-07 0.0150487 0.000443478 0.018739 0.368365 0.000537187 0.00020779 0.0156982 0.418388 0.00533301 8.33426e-06 
0.0316423 0.00499009 0.00179796 0.00336099 0.0558515 0.0777448 0.0367881 0.0410851 0.00219041 0.00170553 0.0535402 0.00603251 0.00632741 0.00207132 0.00632117 1.1993e-06 0.000111647 0.00187045 0.0399036 2.50271e-06 0.0672526 0.00560808 0.00184999 0.0576041 0.000665458 0.0539254 0.099766 0.247842 0.0921314 1.62094e-05 
0.0147273 0.0180206 0.00203902 3.24649e-05 0.0335337 0.0300123 0.0351715 0.0222224 0.00779088 0.00333489 0.0579164 0.00147021 0.00488466 0.00223849 0.00760285 1.54104e-06 0.000104608 0.0271528 0.065496 0.000649254 0.0731939 0.00783542 0.0021706 0.093329 0.00067143 0.00233353 0.012895 0.396617 0.0765476 4.07981e-06 
0.00112721 0.00446357 0.00103213 5.43007e-05 0.0418706 0.0221584 0.0189548 0.0479577 0.0263275 0.0102243 0.00708319 3.37301e-08 0.00809987 2.10283e-05 0.00629346 1.99757e-07 1.11921e-05 0.00529974 0.144054 0.000283665 0.0733205 0.000327687 0.0119771 0.0102346 1.24837e-05 8.38724e-05 0.0292588 0.38556 0.143907 1.77013e-06 
0.0106647 0.00588228 0.0131261 8.94404e-06 0.00797335 0.00577375 0.0448819 0.0187993 5.74864e-06 0.0012971 0.103536 0.00775315 0.0249464 1.26238e-05 0.0101511 3.82215e-11 1.35159e-06 0.00180867 0.00223811 3.53337e-08 0.0134192 0.000999213 0.000155644 0.0315493 7.36408e-05 0.000251143 0.000986489 0.654354 0.0393484 1.92353e-06 
0.0483029 0.00800774 0.00444428 7.75758e-10 0.0050423 0.000487288 0.0544693 0.0195389 0.00022199 0.00230963 0.000246084 0.0326866 0.000156624 9.70662e-06 0.00479194 2.43805e-09 3.31602e-07 1.72673e-05 0.0825958 4.69085e-10 0.150683 0.000229267 2.21121e-05 0.0147861 6.39684e-06 2.30456e-05 0.00224248 0.541809 0.0268694 8.40472e-08 
0.0112314 0.00423357 0.00242222 0.000814159 0.00633621 0.0766532 0.0184457 0.0179474 0.013649 0.00103355 0.188217 0.000641165 0.0892241 0.000710906 0.00501046 7.60788e-06 0.0019201 0.0052442 0.0152303 0.000169793 0.008509 0.00884004 0.00334426 0.118288 0.000594281 0.00912342 0.0107655 0.356064 0.0240636 0.00126616 
0.0572829 0.0131538 0.00116517 2.83901e-05 0.0504397 0.0173563 0.0258495 0.0379784 0.000424575 0.000607968 0.012652 0.00399111 0.0295118 0.0106161 0.00388503 1.50341e-08 0.0158823 0.00407549 0.0709026 7.99724e-05 0.0305907 0.0026014 0.00285503 0.0346418 0.000190383 0.00203793 0.00976889 0.461806 0.0996244 5.69822e-07 
0.000985194 0.010141 0.0208299 0.000266266 0.00866529 0.134095 0.0447993 0.14746 0.0809581 0.00474642 0.00489395 0.00121462 0.000779191 0.00270061 0.0395222 0.0162556 2.29309e-05 0.00582051 0.0096148 1.52774e-06 0.01285 0.115757 0.000502117 0.131256 0.000337842 0.00139478 0.00397694 0.171329 0.0288184 5.30842e-06 
0.00124677 0.00222694 0.00190669 2.20718e-05 0.137307 0.0249276 0.0153893 0.0142192 0.142068 0.000481591 0.007697 6.71457e-05 0.0078757 0.00202586 0.000283078 0.000118162 3.70059e-06 0.000285039 0.0377784 0.000474517 0.109102 2.98162e-05 0.00683648 0.0190849 0.000474149 0.0419884 0.0850149 0.307809 0.0332541 3.75469e-06 
0.00225609 0.0115015 0.00134542 0.0050925 0.0129594 0.157921 0.0246769 0.168909 0.00466715 0.00019256 0.0342782 0.000176525 0.033733 0.000262667 0.0115784 1.18848e-11 1.09357e-06 0.0234651 0.0964737 0.000601417 0.0356457 0.00127637 0.000166522 0.0940722 0.000477999 0.0390628 0.0198428 0.191505 0.0278591 9.07482e-12 
0.00039981 0.00011347 2.04201e-05 1.9606e-05 2.04671e-07 0.00241451 0.00360655 0.0486836 1.90425e-06 7.09699e-08 0.00017759 2.1757e-08 0.00013777 3.25256e-06 0.00619342 7.2692e-11 4.46138e-05 0.000897919 0.02873 1.91153e-07 0.0213806 0.00215434 0.00418928 0.0545332 1.54971e-05 0.00158303 0.0640754 0.752448 0.00817311 2.18497e-06 
0.00151279 0.00533447 0.00029315 1.14731e-05 0.00988325 0.0199671 0.0600521 0.0180221 0.000813232 0.00121353 0.0979141 0.00166325 0.0744906 0.0011516 0.00984912 2.12752e-05 5.75215e-07 0.00113107 0.00176589 0.00565085 0.0194554 0.0102341 0.0019703 0.0368274 0.000567521 0.00149241 0.0322653 0.323419 0.263021 5.37449e-06 
0.000484374 2.43823e-07 1.36484e-07 0.00157471 0.016679 0.0134313 0.0034179 0.0079985 0.0333895 4.6105e-08 0.10889 1.37358e-08 0.0436796 6.52881e-07 1.12636e-05 2.77557e-10 6.82951e-07 0.00170451 0.210486 2.92309e-10 0.15409 9.00127e-08 0.137256 0.00205418 1.52431e-09 0.00180688 0.0227171 0.226384 0.0139442 8.43146e-08 
0.000122676 0.00134259 0.000300641 1.47271e-05 0.0197568 0.000379659 0.00774709 0.0121213 9.04159e-05 2.94448e-05 3.08581e-06 0.00170531 0.000217238 0.000359079 0.0162906 6.97413e-12 9.43188e-10 9.75694e-05 0.000425289 4.2694e-05 0.0279458 0.00150559 6.94226e-09 0.407685 0.000830293 7.05839e-05 0.000644036 0.496503 0.00376832 7.76976e-07 
0.000278767 0.000800685 0.000368994 0.00705819 0.0869192 0.0169078 0.00646153 0.00624343 0.00404022 0.000367537 0.115847 8.30085e-05 0.00029241 0.000225549 0.000772804 9.4937e-11 1.67905e-05 0.00150035 0.175714 1.33985e-08 0.0433613 0.000613116 0.000900487 0.00883205 2.47035e-06 0.00256836 0.0135204 0.360157 0.146119 2.76759e-05 
2.66653e-05 0.00151316 4.32071e-05 5.05972e-05 0.000453327 0.0021022 0.0100123 0.0313756 4.91312e-08 1.72093e-06 0.0308562 6.10148e-06 0.023206 7.07277e-07 0.00149245 2.00008e-07 3.51387e-07 4.55098e-05 0.000597777 2.07176e-05 7.95311e-10 0.0424194 3.06199e-05 0.00610293 0.0017088 1.49399e-07 0.00111484 0.846491 0.000327013 5.80848e-10 
0.00409319 0.0178951 0.000922464 0.0340643 0.0550239 0.0365644 0.0329035 0.102793 0.00335994 0.00226873 0.0878641 0.000369104 0.0200375 0.00189405 0.0105282 1.12417e-09 0.00581382 0.00171508 0.00876851 0.000180445 0.0465239 0.00264113 0.00804457 0.107379 0.00625043 0.00204535 0.0150004 0.237406 0.147441 0.000208903 
