0.00822752 0.0039213 0.0113235 0.000997995 0.0605834 0.0102559 0.041866 0.0142215 0.0105306 0.00224747 0.00612937 5.46066e-06 0.0207769 8.31493e-05 0.0606651 3.95887e-08 0.000226964 3.63338e-05 0.000415301 0.00212115 0.156768 0.00465054 0.0411919 0.0110893 0.000226677 2.33675e-05 0.00691655 0.114862 0.409635 2.03157e-06 
1.51157e-07 0.0193516 1.19649e-06 4.78333e-11 0.00188677 0.00447388 0.0285753 0.0808043 0.00235771 0.000661721 3.79871e-11 2.26323e-07 0.0029918 1.70991e-10 0.0128024 9.85889e-08 9.57883e-08 1.68201e-07 0.00178312 0.000811339 0.158569 0.000333736 0.0013356 0.00428705 3.63675e-06 1.23744e-07 0.0060293 0.0612894 0.611606 4.43106e-05 
8.11668e-06 0.000177553 0.000205598 1.62928e-05 0.00456261 0.0733264 0.000908117 0.00427264 0.00639732 7.07345e-05 0.0032082 1.91943e-07 0.00524967 8.38837e-05 0.000239986 1.71244e-08 9.8925e-07 3.0745e-05 0.0143037 2.72867e-05 0.212291 6.16679e-10 0.00918224 0.000636541 0.000138745 0.0302102 0.0468597 0.0226752 0.564916 1.9481e-09 
0.0048059 0.00192691 2.14458e-05 6.83832e-05 0.00934701 0.0123159 0.00175724 0.0122044 0.000158525 0.000616674 0.00431025 7.47614e-08 0.00838836 0.000108587 0.0010516 6.70547e-10 2.31195e-05 8.84217e-05 0.0558516 1.18519e-05 0.0583004 0.000823052 0.00125501 0.00197345 0.00347932 0.0116543 0.00850382 0.0844584 0.716493 2.94901e-06 
0.000313383 0.0351504 0.0169225 1.00789e-05 0.0165202 0.00891372 0.0307724 0.0992861 0.0117115 0.00390299 0.00258346 3.89218e-07 0.000259582 0.00347664 0.00417382 0.00184096 0.000145167 0.000152069 0.0111534 4.34484e-07 0.00193227 0.00598246 0.000311896 0.0224829 0.000135535 0.000221154 0.0042391 0.0342665 0.683137 1.97874e-06 
0.00857439 0.00808052 0.00298245 2.60624e-06 0.01617 0.00124105 0.0316829 0.0261074 0.00707264 0.00092274 0.00773883 4.64344e-08 0.00753455 0.000859511 0.00257107 1.39441e-08 1.64171e-05 9.08002e-05 0.0993383 3.90036e-05 0.0287304 4.76974e-05 0.0308128 0.0028464 0.000426093 0.000318315 0.151641 0.23367 0.330468 1.42627e-05 
0.000534219 0.0051079 0.0232126 2.62611e-10 0.032064 0.000178672 0.10694 0.00785687 0.00406415 0.000323812 0.00114184 3.95591e-08 3.82448e-08 9.06514e-05 0.0206829 3.97487e-07 1.22095e-05 1.13907e-05 0.287019 8.46446e-07 0.117161 3.24345e-06 0.0610823 0.00103877 6.05575e-07 3.13119e-06 0.00196863 0.0319815 0.297519 6.91026e-08 
0.00551089 0.00507708 0.0630967 8.95094e-05 0.0353282 0.00961605 0.0643851 0.0451886 0.0290064 0.0112658 0.0264364 0.00163355 0.00149708 0.0014914 0.00204361 6.34661e-07 9.66429e-05 0.000117762 0.108609 0.000139874 0.104014 0.000400737 0.0132533 0.0416905 4.0185e-05 0.0411393 0.0218743 0.125682 0.241206 6.89288e-05 
0.0143282 0.00779928 0.00855386 0.00131311 0.0566104 0.0215436 0.0433632 0.0297624 0.0156547 0.0204912 0.0144548 0.0051216 0.00994092 0.00143403 0.0110463 9.27574e-05 0.000432649 0.00268372 0.047697 0.00026337 0.205864 0.00659984 0.00244281 0.0482292 0.00199753 0.0116091 0.0399387 0.154351 0.216373 7.97155e-06 
0.0207926 0.00486734 0.000300564 3.91027e-07 0.00238479 0.036682 0.019237 0.0163282 0.00196355 0.00782478 0.0106272 0.000141242 0.0189923 2.0372e-05 0.00464015 5.38663e-06 2.94813e-07 5.07765e-06 0.0377257 0.000140577 0.091836 1.76873e-05 0.00721467 0.011634 5.45249e-05 0.00997749 0.00855203 0.25372 0.434314 4.84866e-08 
0.000402114 0.00141359 5.23944e-05 5.91902e-05 0.000865047 3.28867e-05 3.64685e-05 0.0942728 1.00816e-05 1.12587e-09 6.34565e-05 1.99768e-05 4.34917e-05 1.64915e-09 9.19304e-07 2.84651e-09 1.94304e-05 0.00051745 3.73828e-05 3.02778e-07 2.86263e-05 4.54168e-06 9.02177e-06 0.00016573 2.26808e-05 0.000190399 2.41264e-05 4.91308e-05 0.901659 2.17349e-09 
0.00049984 0.00823637 0.00616426 6.1289e-10 8.11469e-06 0.00348867 0.226726 0.0982956 1.32356e-06 0.0810658 0.114158 1.90304e-06 4.65306e-05 2.1909e-09 0.00480542 3.80922e-06 5.21067e-06 8.23279e-06 1.00074e-05 5.95917e-05 0.0105988 0.0489353 0.0034248 0.0271848 1.96297e-06 4.33918e-07 0.00965587 0.0207883 0.335673 0.000152547 
2.69145e-08 4.13423e-07 3.38395e-07 6.00429e-08 0.032411 0.12344 0.0358242 0.0228575 7.44239e-08 0.0104724 0.0956963 3.03976e-05 0.0357691 2.92445e-07 0.00877187 3.82936e-11 1.22491e-08 0.000232866 0.00152248 0.00127849 0.0590999 1.82072e-06 0.0107019 0.0168029 1.70449e-11 0.000974658 0.046407 0.185606 0.312099 3.60899e-08 
0.0457833 0.00181007 0.00306677 1.46935e-08 0.00175376 0.0802466 0.0142141 0.0345551 0.00905642 0.0087874 0.0127306 0.000229028 0.00899218 1.68379e-07 0.0111709 5.28899e-08 0.095099 0.00102897 2.0991e-07 6.20045e-11 0.0698772 0.00033476 3.18595e-07 0.0820711 0.000126904 0.00180646 0.00223962 0.206454 0.308425 0.000139954 
2.55631e-05 0.00318203 0.000507034 1.54551e-05 0.165724 0.00839262 0.00885226 0.013901 0.00398435 0.000190138 0.064192 5.54323e-08 0.00732806 0.00076083 0.0052311 1.94363e-10 9.66913e-08 0.000508334 0.0509413 0.000399771 0.00540068 8.47562e-05 0.011177 0.00730622 0.00131522 0.000205082 0.0190442 0.0227617 0.598563 7.06641e-06 
0.000173855 0.00406346 0.00110605 4.26689e-05 0.051384 0.0637884 0.0429489 0.0106166 0.00809569 0.0126508 0.0588842 0.0106219 0.0154184 1.29704e-05 0.00443479 3.61223e-08 0.000489156 0.0001578 0.0130477 0.0030534 0.111706 0.000159126 0.0735342 0.0353681 1.15061e-05 0.0740797 0.0154457 0.135379 0.253324 1.74716e-06 
1.41624e-05 0.0227385 0.0040129 1.04204e-06 0.0150987 0.0161891 0.0743276 0.00918523 0.00267162 8.97354e-05 0.000181137 2.59582e-05 0.000754744 1.11923e-08 0.123612 1.93184e-08 3.36741e-05 1.72046e-05 0.00427089 6.6071e-05 0.124934 0.000454922 0.0588249 0.0510074 0.00302021 7.01314e-06 0.0112769 0.0168768 0.460303 4.13307e-06 
2.59992e-05 0.00999746 2.94583e-06 2.85675e-10 2.61707e-06 1.97132e-06 0.100997 0.100189 0.0280199 0.0183133 0.011521 1.09996e-07 2.50614e-06 3.55649e-06 6.82274e-05 1.76265e-09 1.07907e-06 1.08821e-07 2.09788e-06 1.85633e-09 0.0114945 4.25908e-06 1.47098e-06 2.91003e-06 7.84572e-10 5.44074e-10 1.47165e-05 0.213527 0.505806 7.36816e-08 
2.80446e-06 0.000198722 8.18536e-06 1.5104e-05 0.000137478 0.160116 0.0115295 0.0311134 2.84701e-05 0.000463592 0.01608 9.19697e-09 0.0191566 0.0357641 9.26749e-06 1.59892e-08 2.62659e-05 0.147655 0.00067121 1.6839e-08 0.0608704 0.000277775 1.54882e-05 0.0209989 7.11696e-09 0.000156883 0.0110182 0.0124763 0.471205 5.58302e-06 
0.00705138 0.0126631 0.00180841 0.00317674 0.010133 0.0233595 0.0365397 0.0163276 0.0259322 0.00202339 0.0230701 0.000590256 0.121827 0.00536585 0.0127718 0.000762824 0.00263215 0.00228007 0.112167 0.0013008 0.0161602 0.0140192 0.00484803 0.0338381 0.00167168 0.00617172 0.0249763 0.0982618 0.378145 0.000125265 
0.00553186 0.00785409 0.00459851 0.00667449 0.00808522 0.0535825 0.047833 0.0410068 0.00481675 0.00227156 0.0741182 0.0004148 0.0288086 0.000673669 0.0266385 3.89808e-05 6.7037e-05 0.00617288 0.0415235 5.96773e-05 0.0438884 0.00654662 0.0174844 0.030314 0.000342552 0.00513744 0.0417258 0.153931 0.339837 2.19051e-05 
0.00746863 0.00537444 0.00264326 2.67026e-05 0.0853519 0.0321712 0.0399532 0.00930046 0.00666252 0.000287864 0.00937261 2.42127e-05 0.00508204 6.67489e-05 0.0816015 1.32681e-11 0.000943772 0.000649648 0.00359774 0.000539056 0.153397 0.000823542 0.00145616 0.0176608 0.000482498 0.076783 0.00957854 0.0610879 0.387613 2.77669e-07 
0.00614931 0.000909973 9.73834e-05 3.53363e-06 0.00325072 0.0203024 0.00727897 0.0207523 0.00268795 0.00014163 0.0795566 1.66577e-06 0.0180745 0.000714985 0.000359516 2.25609e-05 5.51857e-06 6.64681e-05 0.0110394 0.000139384 0.0234753 0.00129794 0.0357387 0.097664 9.28644e-06 0.00037849 0.0636963 0.0818444 0.524341 1.48546e-07 
0.00138282 0.0119224 0.00957284 0.000905526 0.0169058 0.0786356 0.0169 0.050691 0.00385534 0.000260743 0.024696 6.7952e-10 0.0366289 0.00319139 0.0707496 5.55735e-06 1.28989e-07 0.000300528 0.0588908 0.0185692 0.0364195 0.00914246 0.0174581 0.0548796 4.92638e-09 0.00164309 0.0162325 0.164455 0.280798 0.0149076 
0.00690458 0.0105025 0.00285299 0.00137332 0.0502094 0.134919 0.0448112 0.00845406 0.082069 0.00221614 0.0244832 6.61504e-05 0.00839582 0.000418363 0.00378292 0.00103167 0.000367679 0.00540048 0.0928464 0.000747788 0.0575055 0.00281425 0.0159479 0.0252475 0.000786249 0.019305 0.0987998 0.0449873 0.250512 0.00224208 
0.00027544 0.0138031 0.000472212 0.000662338 0.00288531 0.0604577 0.0182735 0.0877653 0.0045536 0.0854372 0.118111 4.87293e-06 0.00194692 0.00495089 0.00230262 5.95955e-09 1.33728e-07 0.000884987 0.00545324 0.00209457 0.0456081 0.0830959 0.0130703 0.139659 2.65266e-09 0.019085 0.0568162 0.0131113 0.21922 4.55049e-09 
0.0152146 0.00288743 0.00310437 0.0108243 0.0103857 0.179836 0.0082413 0.0119682 0.00553971 0.0248032 0.105336 0.00128651 0.0575428 0.00207357 0.00227294 8.30607e-09 0.00218073 0.00265261 0.035348 0.000893993 0.0288642 0.0035979 0.019166 0.0281854 0.000361101 0.00512496 0.128294 0.119627 0.184386 1.91884e-06 
0.00680501 0.00790284 0.00210024 5.32369e-05 0.0693491 0.016403 0.0410127 0.0359068 0.0185957 0.00263687 0.0130472 0.00266258 0.0115589 0.000918598 0.00904785 9.10994e-06 0.00548201 0.00254919 0.170047 0.00138838 0.0668443 0.00750413 0.0159806 0.0137596 0.000975417 0.00733685 0.0236133 0.137464 0.30902 2.60992e-05 
1.53079e-05 0.0474624 0.0306149 1.53061e-05 1.53054e-05 1.53071e-05 1.53091e-05 0.116349 1.53015e-05 1.52984e-05 1.53072e-05 1.52925e-05 1.5304e-05 1.52924e-05 1.53026e-05 1.52786e-05 1.52848e-05 1.52989e-05 0.0872614 0.0183475 1.53079e-05 1.53035e-05 1.53006e-05 1.53073e-05 1.52968e-05 1.53014e-05 1.53068e-05 0.13933 0.558754 0.00154392 
0.00179236 0.0155674 0.00394375 1.94649e-05 0.0145144 0.0359335 0.0559088 0.173978 0.0208652 0.00168543 0.0112996 3.30548e-06 0.0351292 0.00319009 0.00319142 3.03606e-07 0.00190001 1.90469e-05 0.0671855 0.000378202 0.0789815 0.00136238 0.0211497 0.0474464 0.000983231 0.00236906 0.0698503 0.142381 0.188971 7.55126e-08 
0.0071596 0.0042269 0.00403183 0.00496006 0.0261517 0.0172532 0.04863 0.00804579 0.000422896 0.000765654 0.0178198 1.07394e-05 0.0119048 0.00116559 0.0904478 5.40825e-07 0.000617221 0.00178123 0.037045 5.43313e-05 0.0606421 0.000150605 0.0161689 0.0150289 0.00104833 0.000767366 0.0265532 0.140314 0.456831 1.7588e-06 
0.011452 0.013212 0.000238801 4.87049e-08 0.0103875 0.0526126 0.0538273 0.158937 0.00234371 0.0145755 0.00734249 1.58553e-07 0.0100799 0.00104349 0.0129903 0.000128231 4.13639e-05 0.000557905 0.0109816 0.00141392 0.0399534 0.00252137 0.0203443 0.0146257 6.20901e-05 6.81396e-06 0.00741738 0.127906 0.42497 2.7847e-05 
4.47979e-09 0.0051684 0.00430495 1.99414e-12 0.233893 0.00155702 0.0213839 0.00870627 4.9888e-05 0.018649 0.0408362 9.65111e-07 0.000139339 0.000355012 0.00239796 1.12124e-07 5.55726e-08 0.000121477 0.0444405 5.34187e-08 0.00926159 0.000555333 0.0107871 7.68922e-08 4.70869e-05 0.000138004 0.0258352 0.0839305 0.487338 0.000103188 
0.00278956 0.0696747 0.0107792 9.0347e-08 0.011517 0.0022473 0.0654509 0.138413 0.0224496 0.0014712 0.00670513 1.33607e-06 0.012922 1.82823e-05 0.177567 1.30259e-09 4.76991e-05 1.03562e-05 0.0521197 3.06125e-06 0.0720253 1.333e-05 0.00804853 0.000857519 9.04662e-05 0.00293865 0.0182269 0.138591 0.185022 9.9461e-10 
0.000839839 0.000706644 6.0829e-05 9.03896e-07 0.0275467 0.120057 0.00409284 0.0244377 3.87508e-05 0.000128435 0.0148483 0.000111971 0.0190263 5.11507e-06 0.00180315 2.01514e-07 6.10908e-08 0.000395536 0.0014739 5.66429e-10 0.0470553 0.000470025 8.53249e-05 0.0184168 7.79877e-05 1.63206e-06 0.00278228 0.28762 0.427917 5.14882e-07 
5.15767e-10 0.000283625 8.93492e-07 7.88705e-05 0.0801519 0.00514984 0.0794916 0.0427307 0.0400684 0.0382352 0.0629787 1.78774e-05 1.07092e-09 5.2648e-05 0.00200169 0.00107263 3.88415e-09 1.49166e-05 0.120173 1.91594e-07 0.0464072 0.00705824 0.00373321 0.0834217 7.45468e-05 0.00178592 0.00402629 0.104369 0.276622 1.11765e-07 
0.00505465 0.00774974 0.0038442 0.00443718 0.0252715 0.08027 0.0204793 0.0215759 0.0310883 0.00172786 0.108157 0.000386383 0.0299758 0.00251105 0.010068 5.28164e-05 0.00068827 0.00242963 0.0359108 0.00164003 0.0726355 0.00281412 0.0185769 0.0305652 0.00784645 0.0214238 0.140167 0.150964 0.161685 4.21042e-06 
2.85809e-07 0.00138138 0.000424682 9.13053e-06 0.0113673 0.0073029 0.00851379 0.00514808 0.00165954 0.000658087 0.0225588 8.15191e-08 0.188136 0.0162693 0.0117997 2.86791e-08 6.70945e-05 7.28061e-05 0.130959 0.00090566 0.00785579 0.000129351 0.00321357 0.000895289 0.000883138 0.00109986 0.00722755 0.0301119 0.54135 4.45952e-08 
0.00447856 0.00116728 8.7934e-05 1.24351e-05 0.0554037 0.009707 0.000577848 0.0157725 0.0379553 5.91609e-08 0.00942293 3.50262e-05 0.0198806 0.000482206 0.000102294 3.45245e-10 1.5563e-05 2.41221e-05 0.0361637 9.36562e-06 0.180927 0.000402149 0.030589 0.0430794 0.0044301 0.0551118 0.0639069 0.139659 0.290597 5.71404e-08 
0.00452377 0.0218018 0.000560092 0.000293945 0.00606391 0.203766 0.0728957 0.028388 0.0112549 0.0191856 0.0163459 9.15489e-08 0.0525737 6.48429e-05 0.00600217 0.00201635 8.17076e-08 0.000322428 0.00346399 0.210674 0.0176692 0.0170828 0.0200399 0.0176928 0.00165281 0.00226988 0.0141038 0.0349014 0.21439 1.06387e-08 
1.14323e-07 0.000200293 1.23402e-09 9.41955e-05 0.00259989 0.046207 0.00249445 0.0132518 1.87691e-06 0.000405263 0.0254581 2.51479e-06 0.326019 2.17148e-06 0.00738563 3.49299e-09 5.54478e-07 3.98421e-06 5.4031e-10 9.55902e-06 0.0375006 7.55847e-05 0.0010103 0.00264218 1.23115e-06 2.00354e-06 0.00070817 0.12881 0.405113 2.66712e-09 
0.014938 0.0225856 0.00689611 2.79932e-05 0.0338319 0.0262442 0.0569407 0.0464958 0.0161558 0.00386795 0.0146685 0.0014469 0.0472378 0.00105008 0.00972261 0.000577559 0.000132744 0.00210593 0.045188 0.00488426 0.0763138 0.00828339 0.00494939 0.0574353 0.000653378 0.00495544 0.0171588 0.220919 0.254306 2.684e-05 
0.0134582 0.0140636 0.00993815 6.26677e-06 0.030461 0.0323032 0.0685189 0.0450874 0.00474409 0.00308109 0.013144 1.10678e-05 0.098954 3.43315e-05 0.0204246 1.15113e-10 0.00350856 0.000605787 0.000195548 0.00477833 0.0661605 0.00140023 0.00839788 0.0205508 7.38882e-05 0.00817355 0.0102244 0.160738 0.360963 7.20253e-09 
7.64169e-05 0.00377346 0.0013349 2.99713e-05 0.17158 0.00650169 0.0106886 0.0175209 0.00134041 0.00745083 0.0407829 1.32832e-05 0.00257711 0.00085494 0.00207235 3.42352e-11 8.17734e-06 0.000511039 0.0908927 0.000327362 0.00682284 0.000439545 0.0172464 0.00631536 0.000184971 0.000523284 0.0142916 0.0475072 0.548324 7.68977e-06 
0.00016922 0.00181039 0.00113829 7.44594e-09 0.0300903 0.00134863 0.106124 0.0375796 1.05688e-08 0.000800755 0.00375387 0.021972 3.46927e-05 1.03e-07 0.00543215 2.91891e-11 4.57839e-09 1.85825e-05 4.23294e-08 4.80959e-08 0.207931 0.000698064 9.63571e-12 0.0030094 1.08975e-05 3.79395e-09 0.00178315 0.249991 0.326303 2.97105e-09 
0.00343788 0.00660102 0.0433003 3.03633e-05 0.0124718 0.155341 0.105811 0.0914015 0.000466203 0.00138937 0.00816986 0.00108541 0.00501241 0.0015206 0.00806593 3.71413e-05 0.000249604 0.000158127 0.0216856 0.00440206 0.139931 0.00218348 0.0261013 0.0103335 8.6129e-06 0.00386779 0.0134864 0.115884 0.217499 6.73431e-05 
0.00714859 0.00401296 0.00287421 2.32548e-05 0.0476075 0.068141 0.0221746 0.0195469 0.00323792 0.0153927 0.132945 0.00121759 0.0160535 0.00121357 0.00761585 1.67095e-07 0.00150539 0.000818866 0.0102822 0.00103253 0.0834025 0.00243526 0.00911158 0.00496989 0.0010784 0.0329407 0.0281536 0.0447607 0.430302 1.69539e-06 
0.0070892 0.0217504 0.0018285 0.000381053 0.017652 0.0326831 0.0757107 0.084581 0.0137071 0.00456124 0.0165134 0.00227917 0.0156304 0.000814544 0.00331894 2.63225e-06 0.000310261 0.00282565 0.103089 0.000569295 0.130714 0.00599644 0.00826818 0.0236042 0.000872879 0.0228501 0.0289854 0.120073 0.25333 6.90115e-06 
0.00138208 0.00306145 0.00240162 5.57641e-05 0.144491 0.0395672 0.00988177 0.0209698 0.00820637 0.000659672 0.0534972 0.000495863 0.00443147 0.00107967 0.00686906 2.43151e-09 1.94458e-06 0.00185721 0.0448666 0.000150908 0.13037 0.0012384 0.0105447 0.0229708 0.00102753 0.0283778 0.0881394 0.0739801 0.299313 0.000111879 
0.0174571 0.00633072 0.000779244 0.0155989 0.0233805 0.123206 0.0345655 0.0261171 0.00735882 0.00868052 0.130865 4.96876e-06 0.118534 0.0131005 0.0122226 4.26708e-08 0.00122543 0.000895616 0.0731878 0.000794847 0.0215225 0.00315543 0.00932364 0.0216812 0.00730971 0.00312284 0.0511288 0.098224 0.170226 1.29246e-07 
0.00268326 0.0026091 0.00431609 1.05739e-05 0.0726428 0.114035 0.0348664 0.00467574 0.0243609 0.000434379 0.06655 0.00580023 0.0239272 0.000365506 0.0275036 3.62196e-07 0.000666942 0.0010166 0.0152483 0.000162319 0.122522 0.00178133 0.000377039 0.0836392 5.20063e-05 0.00492064 0.0345494 0.163446 0.186837 1.52952e-07 
0.0036876 0.0185023 0.000489279 2.44796e-06 0.0297513 0.000166011 0.0921245 0.00633475 6.39817e-05 7.78704e-07 0.0678757 0.000111252 0.000799166 1.60423e-09 0.00219357 2.76897e-09 1.75114e-06 2.79934e-05 1.17458e-06 2.91613e-09 0.129268 4.69564e-05 1.84763e-06 0.0550405 0.000441499 6.85008e-06 0.00322953 0.207672 0.382159 4.46823e-07 
0.00035617 0.000227254 6.41021e-05 1.89633e-06 0.00575275 0.0983859 0.00700309 0.00479808 0.000615988 1.19679e-06 0.0742475 1.40953e-08 0.151797 5.04537e-05 0.0205506 2.05759e-11 0.00104096 1.19827e-05 0.000605507 0.00021168 0.0198839 2.64014e-05 0.00371121 0.0029418 0.000162997 0.000856085 0.035433 0.225598 0.345665 3.16076e-09 
0.00323781 0.00740994 0.000844754 1.24073e-05 0.0426324 0.0267304 0.0569073 0.0377129 7.26759e-05 0.00437444 0.0194578 0.00377038 0.102968 0.00503482 0.0923357 3.1657e-07 1.04334e-05 0.00122469 0.0408185 0.0105425 0.0542885 0.00802532 0.0448356 0.0614617 7.98863e-05 0.00054158 0.0199143 0.102799 0.251953 2.90489e-06 
0.0106059 0.0172731 0.00450995 0.00270696 0.0586548 0.0342417 0.0421774 0.0323148 0.0291371 0.00189763 0.0193042 0.00241928 0.0107513 0.00139474 0.027765 8.08707e-07 0.00593011 0.00303618 0.127434 0.000994435 0.122198 0.00245802 0.0122724 0.0458607 0.00104088 0.020004 0.0478014 0.115886 0.19992 8.88877e-06 
0.00774846 0.000126996 0.000209185 3.67342e-05 0.0266066 0.0264939 0.00172723 0.00387207 0.000543267 2.86258e-09 0.00491472 8.56182e-09 0.00285584 8.46263e-09 0.00457287 6.93071e-12 2.68449e-06 0.000143541 0.0048127 1.46586e-08 0.103731 7.83261e-09 0.00355779 0.029237 7.75183e-06 0.000458025 0.0861833 0.151232 0.540926 2.2072e-08 
6.81451e-05 0.00209062 0.000801723 0.0307101 0.070091 0.0679697 0.0249835 0.00589257 6.88139e-06 0.000253879 0.0621776 1.68563e-06 0.0107472 0.000142215 0.00433281 4.84915e-06 0.00303114 0.000172921 0.0545439 0.000383511 0.0982444 0.00113947 0.0179929 5.11535e-07 0.000519072 0.00885939 0.0391454 0.0279346 0.467718 3.96262e-05 
0.0368952 0.00209498 0.000119173 0.000129322 0.000660513 0.00902002 0.00724852 0.021344 0.00742093 0.000220347 0.00273386 0.000305216 0.065599 8.25577e-05 0.000700167 5.37162e-08 1.70981e-05 7.83756e-05 0.012918 1.60101e-06 0.0249038 5.37557e-06 0.0266602 0.00222992 3.45789e-05 1.25152e-05 0.186828 0.0477624 0.543974 6.72735e-09 
0.00068556 0.00958573 0.000543271 4.18921e-05 0.0392268 0.00774062 0.0477416 0.037661 0.00469883 0.000999069 0.0120326 3.64982e-05 0.000409895 0.00132229 0.0219366 5.03117e-07 2.0362e-05 0.00096321 0.0339167 0.000137664 0.0244807 0.00303959 0.00165573 0.128359 5.02772e-05 0.0038201 0.0365532 0.14028 0.442054 6.16913e-06 
3.79282e-06 0.00529132 0.000615658 0.00219875 0.0031195 0.00481269 0.0309747 0.0105972 0.000964565 0.0019143 0.00102822 7.57775e-06 0.0401723 0.0048238 0.0126719 2.40097e-09 5.29789e-06 0.00026448 0.000833331 1.17347e-06 0.0127853 0.0661535 0.00188165 0.00274705 3.7143e-07 0.00263502 0.0949003 0.304179 0.394383 3.48837e-05 
0.000108057 0.00664809 0.0906751 3.90354e-06 0.0585153 0.0307966 0.0145846 0.010759 4.1465e-06 0.0224109 0.00286522 6.11513e-06 0.0115299 2.94975e-05 0.0431439 3.84905e-09 0.00059488 0.000256023 0.0105248 1.27108e-05 0.110449 0.000615207 0.002106 0.00541365 4.74925e-05 0.000791711 0.0291317 0.067147 0.480829 2.93899e-09 
0.084787 0.00880615 0.0472658 1.24818e-05 0.0585055 0.0220708 0.114055 0.0100048 0.000296725 0.00151026 0.00442135 6.10762e-10 0.000650413 8.88924e-06 0.14762 2.92433e-10 0.000180707 1.08604e-05 0.0302639 3.78796e-11 0.10066 6.44081e-06 0.00310666 0.0178514 2.17822e-06 0.00036383 0.0609395 0.0675483 0.219051 5.65133e-07 
0.000246086 0.00349767 0.00180292 2.43714e-06 0.0068402 0.135483 0.00475546 0.02079 0.00221121 0.000237321 0.15301 0.000148526 0.0065291 0.00695184 0.0013451 4.78509e-08 0.000870204 0.0229603 0.000138027 8.3148e-06 0.0506747 0.00215032 0.00301251 0.0392809 5.3209e-06 0.0750819 0.0627304 0.173164 0.226072 3.60987e-08 
0.027446 0.0155347 0.00232603 0.000812873 0.0217399 0.0289227 0.0497669 0.135056 0.00997918 0.00682831 0.0292863 0.000196793 0.0186614 0.00360516 0.0276481 1.40735e-07 0.00259659 0.00328193 0.116749 0.00026624 0.0471594 0.0143475 0.0233711 0.0540211 0.0149592 0.00749336 0.0161281 0.121588 0.200222 5.77232e-06 
0.00421616 0.0200249 0.00346391 0.00122639 0.0735416 0.0518104 0.0950414 0.176026 0.0131481 0.00465668 0.0752526 1.70045e-05 0.0159942 0.000521182 0.00194199 5.91449e-10 0.00115538 0.0054979 0.0260737 5.89612e-05 0.00865898 0.0171208 0.0110002 0.0257088 0.00196559 0.0235935 0.0294959 0.0713751 0.224653 0.0167597 
0.00369596 0.010008 0.000129105 0.000396635 0.066276 0.0253078 0.0148338 0.0334838 0.0113041 0.00433544 0.0196578 0.000131108 0.00307538 0.000240561 0.00335294 4.42e-11 2.82741e-08 0.000334323 0.121478 1.20992e-05 0.152389 0.00106161 0.00298454 0.00526179 0.00419268 0.018845 0.0101896 0.046824 0.440199 2.06542e-07 
0.00401163 0.0138411 0.00075809 7.88795e-05 0.0909948 0.0417881 0.0191613 0.0525065 0.00491237 0.00201093 0.0146579 0.000208484 0.044286 0.00992541 0.00910718 3.89878e-07 0.000100449 0.00020833 0.015445 0.00584659 0.00916222 0.00460112 0.0398104 0.0208206 0.00255868 0.00305662 0.126112 0.0233213 0.440702 6.01355e-06 
3.6543e-06 0.0516363 2.76877e-06 8.41704e-06 4.12274e-05 3.16398e-06 0.0728321 0.0500611 0.0020508 7.63142e-07 0.0151443 0.000362407 0.00788551 0.00181598 0.00461878 3.03603e-07 9.17112e-08 0.00076147 1.04381e-06 1.75478e-10 0.0130418 0.2226 0.00397233 0.0219293 5.02402e-08 3.61947e-09 0.0419257 0.232471 0.256829 1.11602e-08 
8.20265e-06 7.66534e-05 3.53443e-06 4.2508e-08 0.00702257 0.0353033 0.00322349 0.000318375 0.00326535 3.87595e-05 8.56394e-07 1.56665e-06 0.00853867 0.00023368 0.000179272 4.97777e-09 1.87821e-05 1.89424e-09 0.000798516 0.00146668 0.0548084 1.20317e-09 0.0621535 0.00527087 2.12184e-07 1.2174e-06 0.0335794 0.00318859 0.780498 1.35273e-06 
0.0036469 0.00246572 0.000253817 5.79781e-07 0.00634355 0.22043 0.0186343 0.0263831 0.00823375 0.00200572 0.0401582 0.000338938 0.0632678 0.00190331 0.0179223 0.000617478 0.000173168 0.000592046 0.00783931 0.000333606 0.0131547 0.00656041 0.0763505 0.00434486 0.000216809 0.0233079 0.114317 0.0946453 0.24556 8.52623e-09 
0.050017 0.0201568 0.00135897 2.56835e-05 0.0205518 0.0427582 0.0946294 0.146418 0.0124814 0.0154372 0.0138827 6.90318e-05 0.0191991 0.00279471 0.0184865 9.56706e-08 0.000119448 0.00198791 0.0340537 0.000670525 0.0184758 0.0654691 0.0366741 0.0345021 0.0184941 0.0123918 0.0294717 0.0762142 0.213187 2.23671e-05 
0.00441158 0.0044164 0.00045792 0.000346837 0.00877585 0.0458468 0.00872658 0.0267061 0.0052316 0.00404084 0.115122 7.20741e-05 0.0253957 0.000105477 0.0011408 5.64238e-08 2.16497e-05 0.000975612 0.0103417 0.00185025 0.0529949 0.00751796 0.00535233 0.0332114 0.000464281 0.0568662 0.0101016 0.0623516 0.507135 1.8723e-05 
0.000182805 0.00664988 0.000831793 4.04649e-06 0.00410755 0.113201 0.0926375 0.00875642 0.0482725 0.00053186 0.0333013 2.49446e-06 0.0136395 6.98449e-05 0.173456 4.22121e-06 0.000659042 0.000638036 0.0140242 1.219e-08 0.0428147 0.0040005 0.0460532 0.0628853 0.0101295 5.90075e-05 0.036136 0.0572644 0.229684 2.44868e-06 
0.000710697 0.0133496 0.00200655 2.07369e-05 0.172534 0.00894879 0.0516989 0.077757 0.0561636 0.0168663 0.00135612 0.0011097 0.00110018 0.0175257 0.0241317 0.00200195 2.49853e-05 0.000446414 0.0228288 0.000344546 0.0298793 0.000563025 0.000597766 0.0118481 4.1155e-05 0.00157775 0.00415006 0.219879 0.260535 2.19026e-06 
0.0089041 0.0133443 0.00171147 1.79503e-05 0.0792145 0.013123 0.0239038 0.107439 0.0153569 0.00247679 0.0212895 4.22835e-05 0.00336822 0.00426228 0.00943227 1.30174e-08 0.000301466 0.00163234 0.084619 5.45009e-05 0.1518 0.000514788 0.0115006 0.00570611 0.0337803 0.00232821 0.030721 0.0611408 0.312014 2.04874e-07 
0.0442331 0.00373764 0.000999551 0.00625377 0.0364364 0.196145 0.0260152 0.0189106 0.00209121 0.0136189 0.0325202 9.20346e-05 0.00630573 0.000399947 0.018782 3.51396e-08 0.000154171 0.0044581 0.00479907 1.25429e-06 0.0927425 0.00143956 0.00694343 0.0390928 2.16203e-05 0.0253034 0.0635278 0.150073 0.204901 5.63179e-07 
0.023242 0.00207028 0.000852725 0.00297598 0.010946 0.0336728 0.0181853 0.0319602 0.00562653 0.00540573 0.0657604 0.000165107 0.0114773 0.00116222 0.00233463 9.41823e-07 1.7248e-05 0.00156213 0.0691657 0.000101284 0.0767088 0.0015347 0.00671529 0.0383041 0.000177001 0.0129094 0.0282371 0.18619 0.362538 7.88292e-07 
0.0149107 0.015771 0.00380857 0.00404632 0.0577528 0.0228654 0.0379476 0.0756663 0.0296163 0.00465751 0.039025 5.14519e-05 0.00911338 0.00357371 0.00534598 0.000272752 0.00191216 0.0080634 0.139702 0.000335118 0.070974 0.00291045 0.00912232 0.0216474 0.00198134 0.00941925 0.0989323 0.101737 0.208823 1.55371e-05 
2.40931e-05 0.000207847 7.18222e-07 6.35702e-08 3.38e-05 0.00214295 0.00915659 0.000100589 0.000123923 9.58102e-07 0.000169829 1.40887e-08 0.134766 0.000229359 0.00140884 2.44936e-08 1.99018e-08 1.6584e-07 0.000472925 0.0133174 0.00139921 8.33305e-05 3.779e-05 5.79116e-05 3.28604e-06 1.09281e-06 0.00014558 0.00639809 0.828991 0.000726774 
0.0329146 0.00405933 0.000474447 0.014776 0.00892226 0.00752168 0.0741421 0.00317524 0.000527562 0.0320546 0.00394158 5.72597e-08 0.0542954 7.49602e-05 0.00643276 1.26008e-09 0.000651866 0.00137432 0.00017754 0.000423911 0.0513605 0.000108764 0.0289398 0.00273367 0.000133054 0.000669715 0.0146655 0.104523 0.550913 1.30485e-05 
6.56313e-08 0.001295 0.000676327 9.85873e-08 0.0189648 0.0715443 0.00201964 0.0352899 0.0114736 9.63955e-05 0.015713 0.00129035 0.00173153 3.52421e-07 0.0173724 6.08295e-07 4.94257e-07 2.3148e-07 0.00082433 6.40625e-07 0.0499273 0.00831602 0.00740446 0.000705737 2.70758e-07 0.000686264 0.00189742 0.00044761 0.75232 4.64471e-07 
1.3382e-06 0.0254876 0.00131901 1.08971e-06 0.00164177 0.0172518 0.00567485 0.00465294 4.71483e-05 0.00044522 0.0215079 3.55443e-09 0.0318319 0.00823884 0.0158712 6.17948e-09 8.43267e-06 1.15974e-06 0.012333 2.06087e-07 0.0129743 4.16787e-05 0.0493176 0.00168457 5.2919e-08 8.96145e-08 0.0065873 0.200837 0.582242 4.71842e-09 
0.000217141 0.0129991 0.0151128 0.000681742 0.00457411 0.0822368 0.0418692 0.0191914 0.000760039 0.000284751 0.0872066 0.0245385 0.191186 0.00170926 0.0133735 5.08814e-08 0.0065823 0.000154978 0.000538184 0.000388765 0.12602 0.000467117 0.0302175 0.0206302 0.000380467 0.00169301 0.041289 0.0504727 0.224981 0.00024405 
0.00731447 0.000170554 5.41918e-05 8.73855e-07 0.0091189 0.0122553 0.00418997 0.0100715 0.000540679 5.62656e-05 0.216284 9.27518e-09 0.00602179 0.000303835 0.000216199 2.72609e-08 1.748e-05 1.94007e-05 0.000704288 9.06189e-06 0.0122846 0.000976606 0.00956691 0.00781066 4.52627e-09 0.000607525 0.036156 0.0590051 0.606244 1.28613e-07 
2.64621e-05 0.000102651 0.000144703 3.90554e-05 0.00356618 0.0171477 0.00192371 0.00184995 7.35341e-05 0.000101233 0.0117678 5.05243e-06 0.0474016 0.000543354 0.00151552 1.02291e-06 1.29871e-06 0.000336815 0.0241104 0.00240533 0.0714256 0.0164768 0.000260318 0.00893651 0.000243418 0.0110894 0.000394647 0.0122818 0.765827 7.81055e-07 
2.67737e-07 0.00144713 0.000433025 5.62743e-07 0.00630944 0.0437264 0.011657 0.00253751 3.68431e-05 2.69531e-06 0.00281769 7.94858e-06 0.0307653 1.28871e-05 0.00832919 4.72718e-09 9.22458e-06 0.000510676 7.31219e-10 4.22457e-05 0.0140836 3.29e-05 0.0800287 0.00064047 4.37963e-05 2.42336e-05 0.0205434 0.0341708 0.741786 2.29682e-07 
1.63568e-07 0.0223646 6.62441e-08 7.49189e-08 0.0156787 0.0538421 0.00864379 0.0508448 1.76559e-06 0.00202288 0.106391 3.9046e-07 1.56421e-07 0.0341784 0.000387131 0.147509 0.000215523 0.00387211 0.0170524 1.11319e-06 0.0298154 2.48458e-07 2.43286e-06 0.0249578 1.43875e-11 9.97725e-12 0.207126 4.49422e-07 0.274986 0.000105995 
2.40931e-05 0.000207847 7.18222e-07 6.35702e-08 3.38e-05 0.00214295 0.00915659 0.000100589 0.000123923 9.58102e-07 0.000169829 1.40887e-08 0.134766 0.000229359 0.00140884 2.44936e-08 1.99018e-08 1.6584e-07 0.000472925 0.0133174 0.00139921 8.33305e-05 3.779e-05 5.79116e-05 3.28604e-06 1.09281e-06 0.00014558 0.00639809 0.828991 0.000726774 
2.45424e-05 0.00439737 0.00170755 0.00611745 0.00441559 0.0857458 0.0300357 0.00417589 0.0385458 9.33259e-05 0.0407323 0.000220805 0.0288804 0.0264872 0.00944117 5.11524e-08 7.48305e-05 0.00446601 0.0100539 1.64283e-05 0.0299775 0.000205575 0.00576487 0.00154064 8.68711e-06 0.00407316 0.144139 0.0444603 0.474191 6.65356e-06 
0.00731447 0.000170554 5.41918e-05 8.73855e-07 0.0091189 0.0122553 0.00418997 0.0100715 0.000540679 5.62656e-05 0.216284 9.27518e-09 0.00602179 0.000303835 0.000216199 2.72609e-08 1.748e-05 1.94007e-05 0.000704288 9.06189e-06 0.0122846 0.000976606 0.00956691 0.00781066 4.52627e-09 0.000607525 0.036156 0.0590051 0.606244 1.28613e-07 
0.00731447 0.000170554 5.41918e-05 8.73855e-07 0.0091189 0.0122553 0.00418997 0.0100715 0.000540679 5.62656e-05 0.216284 9.27518e-09 0.00602179 0.000303835 0.000216199 2.72609e-08 1.748e-05 1.94007e-05 0.000704288 9.06189e-06 0.0122846 0.000976606 0.00956691 0.00781066 4.52627e-09 0.000607525 0.036156 0.0590051 0.606244 1.28613e-07 
0.0091119 0.000236943 5.64939e-05 1.09446e-06 0.00889292 0.0123244 0.00485162 0.0123452 0.000613549 6.18219e-05 0.214485 1.10771e-07 0.00607588 0.000308341 0.000253161 5.34727e-07 1.98575e-05 2.00605e-05 0.000760378 1.21169e-05 0.0129071 0.00113835 0.00943422 0.00775998 3.54822e-08 0.00061907 0.0349759 0.0606242 0.60211 2.53735e-07 
4.72374e-05 0.000395457 4.26059e-05 3.96461e-05 0.00234019 0.119623 0.000803866 0.0339133 0.113547 0.00594971 0.0301541 1.42577e-06 0.00809831 0.00257262 0.00182286 6.5349e-06 1.39566e-06 0.00131526 0.0111638 4.4987e-07 0.00692018 0.000256199 0.0162588 0.0103081 0.000189966 0.00013105 0.00282421 0.0309564 0.600316 4.525e-07 
0.00748766 0.0113968 0.0001811 7.44503e-07 0.00404003 0.0447121 0.00901951 0.109635 0.00209737 0.00741689 0.0311016 1.59275e-05 0.011394 0.00251774 0.000219357 4.34167e-06 0.000148497 4.37703e-05 0.00890039 1.08878e-06 0.0218224 0.00164039 0.00696542 0.0361055 1.75488e-05 3.51799e-05 0.247816 0.111246 0.324017 1.72277e-08 
0.000392067 0.00538505 0.00192333 1.73831e-05 0.0361026 0.0910549 0.0643688 0.0504851 0.00110401 0.00110414 0.0138034 0.00271643 0.0101276 3.94414e-05 0.0168964 0.00303383 0.00136068 0.0150193 0.00667524 0.000738754 0.0554047 0.00239084 0.0695462 0.0117721 0.0010819 0.0103862 0.0178672 0.207247 0.301955 3.17735e-08 
6.32406e-05 0.00132011 0.000591126 2.09851e-12 0.0896175 0.000980655 0.00410317 0.041428 0.000280568 1.92886e-07 0.00928832 7.44769e-12 0.00103864 0.000109999 0.00115067 1.2948e-11 0.000689791 5.2775e-09 0.0077028 1.36362e-11 0.0179994 3.12966e-12 0.000651682 0.000534353 9.35307e-06 4.63081e-05 0.0274653 0.140007 0.654922 9.88663e-12 
0.00450524 0.0167404 0.00573396 0.00398311 0.0688133 0.104222 0.0294848 0.0217826 0.112594 0.000894836 0.0345735 0.00046628 0.00472855 0.00200045 0.00587494 6.8849e-06 0.00119144 0.00594958 0.0836997 0.000854984 0.130161 0.0047255 0.014949 0.0531064 0.00215476 0.00802536 0.0827303 0.0500141 0.146019 1.45651e-05 
0.000910014 0.00313967 0.000982933 4.19872e-06 0.0245224 0.0128596 0.0235754 0.00454477 0.00182205 0.000339898 0.0512448 2.70555e-06 0.0545552 0.000156252 0.0083929 3.88452e-08 0.00266478 0.000795012 0.0100565 0.00011966 0.0253356 0.000184308 0.00242346 0.0106574 1.75397e-05 0.00080931 0.0266774 0.236088 0.497118 1.39963e-07 
0.00875211 0.0113236 0.0108209 0.00126691 0.0540933 0.0898469 0.0568347 0.129283 0.00501953 0.00630614 0.0203564 0.000202943 0.0198733 0.00106071 0.0208999 5.55585e-07 0.00119065 0.00343004 0.069504 0.000716207 0.127915 0.00422441 0.00652417 0.0164058 0.00116554 0.0118383 0.052287 0.0494294 0.219415 1.41508e-05 
0.0017278 0.0102654 0.0104157 7.94705e-06 0.00357219 0.00550623 0.0362599 0.233945 0.00102197 0.0668123 0.0125913 0.0010614 0.0146632 0.000196124 0.0322176 1.75319e-09 3.09297e-05 0.000641988 0.0126156 0.000483656 0.0657443 0.0223623 0.0115237 0.0277305 4.48703e-07 0.00052831 0.00139114 0.125699 0.300973 1.08695e-05 
0.000228697 0.0418886 0.00125397 5.23451e-05 0.0841418 0.0899923 0.0133718 0.00376401 0.00166702 0.000980431 0.0585346 3.91602e-05 0.0160474 2.63204e-05 0.00299602 1.61137e-06 0.00148558 0.0418913 0.00562602 6.64775e-06 0.0173682 4.62898e-05 0.00235117 0.00420687 6.20679e-06 0.00163579 0.00785033 0.0294445 0.573095 1.04608e-07 
1.07341e-09 3.23412e-06 0.00244547 2.48492e-07 0.00659764 0.0779662 0.000203914 0.118714 0.0016459 0.000445263 6.20987e-06 1.27556e-07 0.00210922 1.64795e-05 0.000603623 9.94872e-09 0.00324187 1.90071e-06 0.00522229 6.15491e-06 0.0740174 0.117963 0.0547052 0.128602 4.42828e-09 0.000173561 0.157665 0.0443501 0.203294 7.59647e-09 
0.00221065 0.0341337 0.0342563 8.48519e-05 0.165606 0.00369165 0.034932 0.0338768 0.00292034 0.000226372 0.000492142 2.30291e-06 0.00637812 2.48686e-06 0.000161173 3.6034e-11 1.13365e-06 0.000121904 0.00434815 7.98629e-06 0.173522 7.15206e-10 0.00769175 0.00452651 0.0435988 0.0326474 0.0520176 0.173347 0.189189 5.29161e-06 
0.000785282 0.0213369 0.00512815 2.39266e-05 0.00277107 0.0319847 0.0941983 0.0595489 0.0126961 0.000417676 0.0186556 0.000660242 0.0682062 0.0375408 0.0109189 4.07376e-07 5.35369e-07 0.000128338 0.00469938 0.00278777 0.0166209 0.00130879 0.00141039 0.0197632 5.99565e-06 0.000409846 0.0423046 0.184225 0.361462 3.50957e-09 
6.0378e-07 0.0504337 0.000115826 1.52622e-08 0.0052125 0.0161702 0.0295561 0.0142864 0.000147365 0.000857742 0.00712622 2.62693e-06 0.00214377 0.000510637 0.00245529 4.55856e-10 5.9411e-05 0.000266352 1.47222e-06 4.94632e-08 0.009675 0.000442292 0.00090793 0.00382013 5.92167e-05 2.80259e-07 0.0749697 0.134448 0.646332 1.13568e-08 
1.34363e-05 0.00215761 0.0028522 4.43003e-07 0.225448 0.00355415 0.00252406 0.0291085 0.00991386 4.06377e-05 0.0205407 5.72047e-06 1.25672e-05 1.64594e-06 0.00210029 7.30056e-10 0.000244942 4.58424e-05 0.0196434 3.78475e-07 0.139654 0.00211933 6.72185e-05 0.00228614 1.15265e-05 5.09554e-05 0.0114443 0.236695 0.289464 5.16823e-07 
0.00557738 0.00774763 0.00402744 0.000533909 0.0402115 0.0397476 0.024587 0.028585 0.0610531 0.00368988 0.0257492 0.000915048 0.00676673 0.00528635 0.00713588 6.36794e-06 0.000147597 0.00203541 0.129072 0.000626578 0.123323 0.00213847 0.0136228 0.0336028 0.00158187 0.011779 0.0728333 0.0896104 0.257986 2.07028e-05 
0.00147114 0.00580617 0.00392567 0.000475779 0.0324726 0.0379258 0.0154172 0.0528281 0.0883777 0.00322793 0.0384878 0.000246999 0.00307848 0.00401851 0.0132362 1.70448e-06 9.10572e-05 0.00465618 0.059171 0.00294155 0.0784891 0.00771625 0.00607828 0.0348498 0.00276876 0.0338073 0.0382096 0.0822124 0.347952 5.88897e-05 
0.0125896 0.0153348 0.00459219 0.00107238 0.0593975 0.04467 0.0416038 0.0665342 0.0761579 0.00511776 0.0178548 0.000223631 0.0131669 0.00461373 0.00860043 0.000260698 0.000990152 0.00213052 0.0926975 0.00374005 0.112182 0.00667994 0.0402209 0.0634446 0.00144181 0.014331 0.0648342 0.100539 0.124929 4.8406e-05 
0.018793 0.0140557 0.00196185 6.24455e-06 0.0569413 0.00448016 0.0305474 0.0686526 0.00224709 0.00138079 0.0222434 8.63511e-05 0.00873535 0.000264779 0.0025096 4.14949e-07 0.000152416 0.000382713 0.0933341 0.000170168 0.0952414 0.000435411 0.0130449 0.00496623 0.00312198 0.00291702 0.048311 0.168793 0.336175 4.83565e-05 
0.0196471 0.00755418 0.00372782 0.00354419 0.0190367 0.0223851 0.0283929 0.0504979 0.0041421 0.00183898 0.0209995 0.00107046 0.0252355 0.0012147 0.00640941 2.85435e-05 8.46995e-05 0.00139547 0.135456 0.00137377 0.0325381 0.0043718 0.00580944 0.0282049 0.00118261 0.00417499 0.0121187 0.213873 0.343684 7.69703e-06 
0.00202905 0.00149187 0.00171515 6.67397e-06 0.0245481 0.140901 0.00510976 0.011513 0.00305308 5.1379e-05 0.00388018 1.43407e-06 0.00296324 0.000696244 0.000379676 1.42209e-05 3.58264e-05 0.000247861 0.00315877 3.34021e-06 0.0967252 0.000324927 0.00553953 0.00352502 2.07875e-05 0.02028 0.17732 0.0339511 0.460513 4.3172e-07 
0.000297629 0.0477261 0.00356979 0.000135979 0.000283973 0.0198201 0.0110757 0.0787948 0.00171793 6.31784e-05 0.0509893 8.68256e-06 0.0212868 0.00158706 0.214816 9.67394e-05 0.000141592 0.00154979 0.000993583 1.78105e-06 0.00301888 4.46347e-05 0.0134277 0.00284306 3.68933e-05 1.08396e-05 0.0344241 0.0194323 0.471794 1.15463e-05 
0.00287903 0.0167988 0.00417414 0.000114788 0.0717989 0.034052 0.0412169 0.125948 0.00811733 0.00383026 0.0133166 0.00298508 0.00660754 0.00719698 0.0972205 1.23625e-08 0.00023623 0.000468934 0.0262819 0.00215759 0.0934582 0.000899489 0.00568749 0.0411926 0.00164299 0.0154627 0.0233461 0.121698 0.231209 1.91762e-06 
0.00472612 0.0160552 0.00301542 0.000228193 0.25237 0.0240377 0.0148257 0.0130005 0.00223653 0.000460625 0.0232398 0.00895089 0.00217343 0.0144433 0.00119063 0.000321509 3.89703e-05 0.00946947 0.0819188 6.03672e-06 0.0370982 0.00300782 0.00155011 0.0649165 0.000524918 0.0123906 0.0357043 0.0864086 0.285614 7.56216e-05 
0.0207926 0.00486734 0.000300564 3.91027e-07 0.00238479 0.036682 0.019237 0.0163282 0.00196355 0.00782478 0.0106272 0.000141242 0.0189923 2.0372e-05 0.00464015 5.38663e-06 2.94813e-07 5.07765e-06 0.0377257 0.000140577 0.091836 1.76873e-05 0.00721467 0.011634 5.45249e-05 0.00997749 0.00855203 0.25372 0.434314 4.84866e-08 
0.000389459 0.0226617 0.0029756 0.000318544 0.0223347 0.0291339 0.0305248 0.0307922 0.000946773 0.000170374 0.0115273 2.61916e-05 0.0455019 2.76499e-05 0.138373 0.0335506 0.000635104 0.00950036 0.0350672 5.54776e-06 0.0205693 0.0136545 0.000121609 0.164965 0.00105773 0.0880504 0.0194258 0.0263267 0.251311 5.4982e-05 
0.000250622 0.0219665 0.00516067 6.44156e-05 0.0179578 0.00863885 0.0619881 0.0283812 0.0897259 0.00237527 0.00856227 7.67282e-06 0.00535992 0.0021617 0.0487021 6.07195e-08 0.000525642 0.00265519 0.0368292 3.08601e-05 0.11626 0.00813971 0.00564415 0.0751022 0.00108047 0.0225114 0.0665961 0.097856 0.265447 1.86899e-05 
5.57499e-05 0.000454276 9.79755e-05 0.0126884 0.0427407 0.128626 0.00162195 0.0119127 0.0905036 0.000969851 0.0387251 2.82675e-06 0.00830095 0.000265899 0.000483126 1.03622e-10 0.000815895 0.00116113 0.00534014 0.000758752 0.0580766 0.000119464 0.0118395 0.150147 0.000153793 0.108692 0.0394235 0.0733804 0.212642 4.62717e-07 
9.41497e-06 5.25827e-08 4.66912e-08 8.53459e-08 0.00681213 0.0476302 0.000215418 0.0236101 0.0319255 5.43422e-07 0.00538116 1.71878e-08 0.00056322 7.50454e-09 0.00281642 2.05645e-10 1.86196e-05 0.000134203 0.0202571 2.16575e-10 0.139106 1.15408e-07 0.025111 0.00151546 6.70256e-05 0.191134 0.070248 0.0273539 0.406091 1.57023e-10 
0.0207956 0.0138072 0.00425862 8.75689e-06 0.0121693 0.0225012 0.0443526 0.0383344 0.00583677 0.0015507 0.0122128 0.000421728 0.0578944 0.00508308 0.017097 5.03976e-07 8.95566e-05 0.00863802 0.0260438 0.00156789 0.0598445 0.0168146 0.00838955 0.128257 0.00042294 0.00186976 0.0450546 0.195598 0.251077 7.71493e-06 
2.6379e-09 0.000176222 6.4243e-08 2.79555e-12 0.0166904 2.16737e-08 0.00024462 0.0231699 0.00801528 6.82241e-12 0.0039943 9.92154e-12 0.000116254 5.22838e-07 4.70943e-08 1.72489e-11 0.000547679 1.91507e-06 0.0641868 1.81656e-11 0.00807005 4.16922e-12 0.00436854 4.64744e-08 7.67766e-12 3.14928e-05 0.0223767 0.0451417 0.802867 1.31706e-11 
0.014953 0.0217433 0.00121171 2.80665e-08 5.83692e-07 0.0239432 0.00257436 0.0139077 0.000976047 0.000873199 0.000603959 1.12408e-05 0.0220388 8.02159e-06 9.58374e-05 4.30207e-07 5.57802e-06 0.0017763 0.0678612 0.00151719 0.0659154 0.000234095 0.00121134 0.00613085 0.000268139 0.00738773 0.0154014 0.021357 0.707992 2.37858e-08 
