0.00111609 0.0202444 1.2097e-05 2.07823e-05 0.805559 1.04816e-06 0.00997542 0.0805007 0.00357648 4.61172e-10 1.50072e-10 2.56012e-06 1.65659e-07 2.94743e-07 3.13536e-10 1.16597e-09 9.47383e-10 1.04969e-07 8.29322e-07 1.22794e-09 2.46251e-06 1.34121e-07 0.0753423 7.40209e-07 5.18984e-10 0.00191867 0.00172503 3.63598e-07 1.2556e-10 8.9029e-10 
4.82121e-10 0.0264596 2.05382e-06 0.000653167 3.20995e-06 2.0656e-06 2.72642e-06 0.0375824 3.09805e-05 2.8457e-05 5.75137e-10 2.57026e-09 2.90408e-06 2.58885e-09 1.2016e-09 4.46847e-09 3.63076e-09 3.23251e-06 6.91201e-10 4.71067e-06 3.16913e-06 0.133792 6.63944e-06 0.801398 1.98896e-09 9.24252e-06 1.49737e-05 4.57326e-07 4.81196e-10 3.41196e-09 
9.57652e-08 1.29774e-06 4.61237e-06 1.27175e-07 9.21401e-07 9.93612e-08 0.192975 0.0104954 4.15008e-07 3.43665e-06 0.0152949 7.0394e-05 0.00309676 2.38504e-07 5.37869e-07 6.43132e-11 5.22564e-11 0.111348 0.00343095 6.77314e-11 0.0169176 0.024178 0.0023964 0.617065 0.00270988 1.15158e-07 7.64944e-06 1.55612e-06 6.9257e-12 6.87991e-08 
0.0587128 0.000222019 8.61177e-06 9.90809e-05 0.00237276 0.000162932 0.0195405 0.00779858 6.65085e-05 0.0186878 0.000970541 4.70342e-05 2.69699e-08 6.97472e-08 1.02442e-05 1.20387e-07 9.78177e-08 0.000271602 0.0626577 0.40721 6.63341e-05 0.0403419 1.06293e-05 0.377018 0.000233734 0.00319231 0.000277584 1.9911e-05 1.29641e-08 1.17254e-06 
0.000661098 0.00481917 6.89595e-08 3.16355e-08 3.59444e-08 7.41595e-05 0.0254227 2.58708e-08 5.85823e-08 0.0263668 2.51235e-08 4.13871e-05 0.0232998 3.58949e-05 0.0240466 0.00906222 1.58602e-07 0.000233229 0.00895991 0.00102761 2.96857e-05 0.743011 0.000889135 2.43719e-08 0.000936481 6.02506e-08 0.0914431 0.0396394 2.102e-08 1.49044e-07 
0.0528837 0.0544939 0.0354172 9.98361e-08 1.13434e-07 0.0526011 0.0750823 0.0558687 0.00406446 0.0261538 7.92854e-08 0.000220651 0.000195592 3.56886e-07 0.0934173 6.16e-07 0.461461 2.34412e-07 0.00188823 6.4874e-07 1.31788e-05 0.0490773 7.02829e-05 3.90863e-05 0.0150355 3.48081e-05 8.67274e-08 0.0219792 6.63352e-08 4.70355e-07 
0.00101798 0.184329 0.440281 8.40237e-12 9.54681e-12 0.000709257 0.289222 0.00232033 1.97939e-08 0.0217383 0.00153305 0.0107338 1.16144e-11 0.00123161 0.00485092 5.18436e-11 1.01264e-05 2.83991e-07 0.00267155 1.74054e-08 0.00239824 0.000506499 0.0334758 0.00295439 2.30761e-11 1.56959e-05 5.77711e-08 2.00205e-08 5.58288e-12 1.79738e-08 
7.36698e-11 1.23914e-08 1.08574e-06 0.00136439 1.25735e-10 9.01543e-11 2.40183e-07 0.0114949 2.04923e-10 2.70066e-10 8.7883e-11 0.00122686 1.52966e-10 3.95586e-10 1.83609e-10 6.82799e-10 4.4439e-07 1.40335e-06 1.05618e-10 9.35534e-07 0.000264583 0.980161 2.25401e-10 0.00548118 7.90498e-07 6.5356e-07 9.6132e-11 6.2858e-07 7.35286e-11 9.91106e-07 
8.43553e-05 1.36449e-07 2.71468e-07 5.91298e-11 1.06141e-07 6.59211e-07 0.000202377 1.58152e-06 1.09496e-10 0.00393089 6.00663e-08 2.09854e-10 0.0141585 2.11372e-10 4.42668e-07 3.64838e-10 2.96441e-10 2.29655e-06 1.10375e-07 0.000758366 7.8998e-08 0.980835 1.20438e-10 1.21589e-06 2.18543e-05 1.12614e-10 2.81972e-07 1.21519e-06 3.92883e-11 2.78576e-10 
0.000434648 0.00124494 1.15363e-06 3.87807e-05 5.95363e-09 0.989908 0.000333923 0.000192834 9.70324e-09 0.000396434 0.000287136 1.85967e-08 0.00147832 1.87313e-08 0.000599897 0.00238283 6.83278e-05 9.72076e-05 3.15119e-05 0.000388196 0.000168825 0.000615808 9.39319e-05 0.000176414 9.06769e-05 0.00039021 0.000187999 0.00032552 3.48163e-09 6.66789e-05 
2.74742e-08 0.00534576 0.0136975 3.94044e-05 3.7543e-06 0.00148026 0.314589 0.480352 7.64234e-08 0.0115484 0.048461 0.00254218 0.000134043 4.11883e-05 0.0412796 2.02402e-06 3.84214e-06 0.000399624 3.87923e-06 0.0135226 5.20223e-05 0.00838086 8.40603e-08 0.00111123 6.38389e-05 9.30644e-05 5.59995e-06 0.0568342 2.74215e-08 1.23286e-05 
0.00331815 0.04006 0.102727 0.00155264 0.0615358 5.16054e-07 0.186067 8.28399e-07 1.19938e-11 0.000657454 8.21958e-07 0.587069 9.28419e-07 6.01999e-07 0.0038451 3.9963e-11 4.31897e-07 0.00222734 2.95488e-07 4.2087e-11 0.00334745 1.22966e-06 9.49976e-08 5.18939e-07 0.00406072 3.23764e-05 6.5211e-07 0.00349356 4.30349e-12 6.41105e-08 
2.74272e-06 0.00772995 0.00143802 9.04062e-08 3.12073e-06 0.00142695 0.0205397 2.18135e-06 1.19757e-06 0.000494122 2.85933e-06 6.29262e-05 1.92007e-05 8.49049e-10 0.000688004 0.000153814 0.00427935 5.57679e-10 1.06027e-05 1.54339e-09 0.00166716 5.7635e-06 0.0207786 0.00618647 5.65764e-06 0.928614 0.00588125 5.85731e-06 1.57815e-10 1.119e-09 
0.00158787 1.05658e-05 0.00441362 0.043897 0.000461397 3.48287e-05 0.119918 0.02086 1.82839e-09 0.00163649 5.5474e-05 2.40496e-05 0.0466948 4.06306e-05 0.145178 5.73913e-06 2.91513e-05 0.000250123 1.99429e-05 0.0322094 2.68921e-05 0.141306 0.353757 0.000767821 0.0642459 0.00218507 4.40111e-05 0.0203365 6.56046e-10 4.32938e-06 
0.00274714 0.216001 0.0137482 1.36836e-05 5.68761e-07 0.00831639 0.555971 0.0192294 0.000158993 0.0392693 2.69061e-10 3.23678e-05 6.46554e-06 1.21112e-09 0.0192523 5.58824e-06 2.85334e-06 4.75899e-05 0.00883102 3.89376e-06 0.000147961 0.0612991 0.0540117 0.000900781 1.7619e-06 4.61785e-07 2.94316e-10 2.20099e-09 2.25114e-10 1.59618e-09 
0.00103456 0.116498 0.296806 4.03626e-06 0.00176187 0.00119189 0.0461738 0.00298854 1.2969e-07 1.14222e-05 1.42522e-08 0.525804 0.000152583 2.68042e-11 0.000304643 4.62653e-11 3.75919e-11 2.43921e-07 7.13414e-07 4.87243e-11 0.00291843 1.11828e-11 2.80111e-06 0.000276484 2.00879e-05 0.00012096 0.000101873 0.0038272 4.98217e-12 7.09783e-09 
0.000112375 0.000445892 1.00135e-06 1.82951e-07 0.0053634 2.37353e-06 1.6062e-07 0.000220886 2.70826e-06 1.0503e-06 1.80564e-06 5.54917e-10 3.3185e-07 5.58931e-10 8.8483e-08 9.6474e-10 9.77204e-08 1.37369e-06 1.4923e-10 7.8145e-07 0.00266742 0.000246377 0.968043 0.0147812 4.9163e-07 0.000296257 0.00781019 8.20193e-07 1.0389e-10 5.45613e-08 
0.00111609 0.0202444 1.2097e-05 2.07823e-05 0.805559 1.04816e-06 0.00997542 0.0805007 0.00357648 4.61172e-10 1.50072e-10 2.56012e-06 1.65659e-07 2.94743e-07 3.13536e-10 1.16597e-09 9.47383e-10 1.04969e-07 8.29322e-07 1.22794e-09 2.46251e-06 1.34121e-07 0.0753423 7.40209e-07 5.18984e-10 0.00191867 0.00172503 3.63598e-07 1.2556e-10 8.9029e-10 
7.53727e-07 0.00226066 0.00321086 1.1322e-06 1.28641e-06 9.22382e-07 0.00125399 0.0231481 2.0966e-06 2.76308e-06 8.99145e-07 4.01824e-06 1.56502e-06 4.0473e-06 0.00488607 6.98582e-06 5.67618e-06 2.65838e-06 1.08059e-06 7.35711e-06 0.00262774 0.0226282 2.30611e-06 0.933914 0.00311257 2.15631e-06 9.83542e-07 0.00290317 7.52282e-07 5.33411e-06 
0.00111609 0.0202444 1.2097e-05 2.07823e-05 0.805559 1.04816e-06 0.00997542 0.0805007 0.00357648 4.61172e-10 1.50072e-10 2.56012e-06 1.65659e-07 2.94743e-07 3.13536e-10 1.16597e-09 9.47383e-10 1.04969e-07 8.29322e-07 1.22794e-09 2.46251e-06 1.34121e-07 0.0753423 7.40209e-07 5.18984e-10 0.00191867 0.00172503 3.63598e-07 1.2556e-10 8.9029e-10 
2.30495e-08 0.06436 0.00103446 1.7533e-06 2.64818e-05 0.0551097 0.0929625 0.0546902 1.55301e-05 0.00724387 0.00268159 0.000228284 0.00016275 6.09493e-06 0.0117261 0.00238811 4.72923e-05 0.00708378 0.00283136 4.1112e-07 8.15641e-05 0.656195 0.00230454 0.00567698 0.000208153 0.00211801 0.0229822 0.00782581 2.30053e-08 7.31563e-06 
0.0546093 0.0411113 0.119266 8.9788e-11 2.73809e-07 0.00703625 0.436166 0.121983 8.36583e-07 0.134333 0.0109553 0.0119059 4.68957e-06 3.20967e-10 0.00513269 5.54003e-10 2.71779e-06 2.1082e-10 6.45775e-07 7.54861e-05 0.0448501 0.000717316 0.00013073 0.0117139 4.55093e-07 2.1166e-07 7.79986e-11 4.56133e-06 5.96589e-11 1.453e-07 
0.238275 0.00614617 0.0240954 8.86161e-09 5.91087e-09 3.05133e-08 0.180698 0.000617156 1.27559e-08 0.545432 6.69558e-09 3.0177e-08 1.46295e-08 1.28244e-12 0.00260399 6.66283e-10 4.49824e-09 0.00168344 1.04779e-08 4.89785e-09 1.69573e-08 0.000177976 7.30723e-13 1.98999e-08 5.22297e-09 6.83256e-13 3.11649e-13 0.000270569 2.38371e-13 1.69019e-12 
0.176163 0.736687 0.022997 1.8235e-09 7.40429e-10 1.06127e-09 0.0554537 0.000280202 2.41122e-08 0.00801832 5.17009e-13 2.3336e-10 8.09989e-09 2.3272e-12 1.08016e-12 4.01685e-12 3.26381e-12 3.06774e-05 6.21343e-13 4.23035e-12 0.000369799 2.81574e-08 1.32602e-12 5.01542e-13 6.56193e-08 1.25227e-10 5.76905e-09 7.72908e-11 4.32563e-13 3.06712e-12 
0.000775928 0.000650175 0.00167242 3.35966e-05 0.230812 2.23448e-05 0.0066204 0.102833 7.91663e-09 2.88453e-06 0.149483 1.54402e-05 4.01996e-05 0.00763101 2.21991e-05 2.6378e-08 1.87182e-05 0.000160457 0.00576575 2.778e-08 1.72531e-05 0.290624 4.12087e-06 0.0252485 0.00173512 0.164687 0.000253468 0.010868 2.84057e-09 2.79436e-06 
9.21976e-10 2.91879e-06 3.0189e-09 0.00029155 1.57357e-09 5.20811e-07 1.03925e-06 0.00617572 2.5646e-09 3.37987e-09 1.09985e-09 2.35432e-06 2.83859e-06 4.95075e-09 2.29786e-09 8.54521e-09 6.94323e-09 3.25179e-09 1.32181e-09 8.99938e-09 2.2034e-07 0.980053 0.00324714 0.0100939 2.1937e-06 2.63764e-09 9.2448e-05 3.43149e-05 9.20208e-10 6.5248e-09 
1.58207e-10 6.07205e-06 6.80785e-05 3.31792e-07 2.99514e-06 1.93607e-10 0.00679227 7.63482e-06 4.40074e-10 0.000454602 0.000356694 2.13318e-06 6.71116e-07 8.49526e-10 2.76097e-06 1.46632e-09 1.19143e-09 0.00623078 2.26816e-10 0.0137867 5.93608e-07 0.971801 4.84051e-10 0.000482511 6.52674e-10 4.52607e-10 4.17837e-07 2.09342e-06 1.57903e-10 2.10988e-06 
1.9993e-09 0.000157269 6.54646e-09 1.75046e-05 0.123996 0.0111027 1.29109e-06 0.01647 0.00463447 7.32922e-09 0.00232827 7.7062e-06 4.15129e-09 1.07357e-08 4.9829e-09 1.85302e-08 0.210874 7.05148e-09 2.86633e-09 1.95151e-08 0.54863 0.00736257 0.0127375 3.15687e-06 8.24801e-09 5.71971e-09 0.0616726 5.62143e-06 1.99547e-09 1.4149e-08 
0.00113653 0.0128677 0.00758043 3.97902e-08 2.06768e-07 0.000962486 0.154996 0.0169863 4.61596e-11 0.0808461 0.000174928 0.0019971 0.000655172 5.17799e-08 0.000587296 1.53803e-10 1.93442e-07 4.30305e-07 2.37908e-11 0.00305176 2.64239e-07 0.700528 6.38653e-08 0.00960299 6.84592e-11 4.74741e-11 4.92206e-08 0.00802513 1.65626e-11 1.64754e-07 
9.21527e-06 0.0160746 3.51099e-07 8.65412e-05 0.003109 0.0223602 0.0175528 0.0297723 0.0193899 3.9308e-07 0.0150544 1.08398e-05 0.194808 0.05568 2.67242e-07 9.93811e-07 3.49801e-05 3.74559e-05 1.53727e-07 1.50672e-05 8.25513e-05 0.00024406 0.141255 0.00240813 7.03056e-05 0.00420727 0.477657 6.42996e-05 1.07021e-07 1.40751e-05 
2.00501e-05 1.27149e-05 6.05066e-06 0.000193714 0.00487776 0.00203182 0.010031 0.0150117 3.45311e-08 0.000803752 0.00124311 5.895e-05 0.00551422 6.66593e-08 0.0162827 1.15057e-07 1.56343e-07 4.78204e-05 0.000860768 0.685358 0.00436094 0.229596 3.79817e-08 0.0212445 2.55257e-05 0.00187409 1.6199e-08 0.000181838 1.23901e-08 0.000362516 
2.32599e-08 5.07728e-05 4.99521e-05 3.49396e-08 0.00125157 0.0039032 0.0137555 0.97023 0.000209702 0.000117801 0.00356387 2.05204e-05 3.40405e-05 0.00150439 1.23705e-05 2.15582e-07 1.75166e-07 6.48523e-05 0.000475443 2.2704e-07 0.00166039 0.000562641 0.00216928 0.000312659 9.59576e-08 6.65433e-08 2.31883e-05 2.68445e-05 2.32153e-08 1.6461e-07 
0.00121813 0.00390843 0.000199376 4.55283e-06 6.53007e-05 0.00145043 0.0859298 0.650779 6.51749e-08 0.00111061 0.000786978 1.26273e-05 4.86662e-05 1.22375e-05 0.176491 2.17161e-07 0.004078 0.0546456 0.00269627 9.08973e-05 0.000201091 0.00676402 4.0582e-05 1.89025e-06 2.63126e-06 1.7366e-05 0.000728949 0.00871189 2.33854e-08 3.16737e-06 
0.00838054 0.000281726 0.00473985 0.0449787 0.0103302 0.00697588 0.0412317 0.0310718 1.82227e-09 0.0216557 0.0116157 0.00371449 0.00172318 0.000280478 0.000502455 6.07176e-09 0.000224538 0.0192927 0.000920751 0.00101097 0.00158824 0.657256 3.36901e-06 0.0538679 0.00481132 0.0550722 0.00105672 0.017139 6.5385e-10 0.000273614 
5.3126e-05 1.84532e-08 4.39377e-08 0.000393393 0.344031 0.00112545 5.59233e-08 0.00305655 1.4138e-12 7.82744e-09 0.00392418 4.2002e-08 0.00260479 0.000212958 6.04255e-08 4.71076e-12 5.09113e-08 0.00310218 3.48316e-08 4.96113e-12 4.69695e-08 1.4495e-07 5.82416e-05 0.000434379 1.70892e-07 0.637735 7.68694e-08 0.00326763 5.07288e-13 7.55722e-09 
1.89669e-07 2.85057e-06 0.0170564 3.5925e-07 2.98467e-08 0.0114614 0.00498758 0.641569 4.60072e-09 8.27701e-06 0.00041778 9.64105e-07 3.43423e-09 8.88128e-09 0.157555 1.53295e-08 1.24557e-08 0.0702324 0.000384859 1.61442e-08 2.70305e-05 0.00728364 0.085149 1.99916e-06 6.82331e-09 0.000358886 2.15826e-09 0.00350188 1.65079e-09 1.1705e-08 
7.18549e-06 5.62315e-06 1.41726e-09 5.65719e-06 7.38734e-10 0.045391 2.7728e-05 1.33463e-05 1.20399e-09 5.23635e-05 0.407485 1.47704e-05 3.01082e-05 2.3242e-09 1.07876e-09 4.01167e-09 3.2596e-09 2.27478e-05 6.20541e-10 4.22488e-09 8.66349e-08 0.40565 1.3243e-09 0.141225 3.94644e-05 9.91858e-07 5.70455e-08 1.90287e-05 4.32004e-10 9.80521e-06 
0.0333868 0.314102 0.0588347 2.35354e-06 0.000208431 0.0129659 0.375856 0.00207311 7.23402e-08 0.0261966 0.00164467 0.000145951 8.57448e-08 0.000209299 0.156345 5.76293e-10 4.68255e-10 3.6665e-07 0.00199974 6.06923e-10 0.0108236 7.21029e-05 6.43079e-07 0.00179461 0.000325087 1.77884e-10 7.39154e-05 0.0029391 6.20593e-11 4.40036e-10 
0.00111609 0.0202444 1.2097e-05 2.07823e-05 0.805559 1.04816e-06 0.00997542 0.0805007 0.00357648 4.61172e-10 1.50072e-10 2.56012e-06 1.65659e-07 2.94743e-07 3.13536e-10 1.16597e-09 9.47383e-10 1.04969e-07 8.29322e-07 1.22794e-09 2.46251e-06 1.34121e-07 0.0753423 7.40209e-07 5.18984e-10 0.00191867 0.00172503 3.63598e-07 1.2556e-10 8.9029e-10 
0.00155443 7.37844e-06 0.0940365 3.27928e-06 0.00138788 1.59168e-09 0.00469594 0.832233 6.48475e-07 0.010746 8.50874e-05 6.93395e-09 2.70063e-09 6.98411e-09 0.000149501 1.20549e-08 1.13501e-05 5.52891e-07 3.76178e-05 0.00199818 2.52078e-06 7.01666e-06 1.29741e-06 0.0343195 9.12511e-05 1.68128e-06 3.98061e-06 0.0186255 1.29815e-09 9.20466e-09 
2.74543e-08 2.31935e-08 6.5137e-12 0.00099172 0.00964174 1.2328e-06 0.0913349 0.00985119 1.18976e-07 7.29255e-12 0.0114913 2.01606e-08 0.00728809 0.000321432 1.54198e-07 1.84375e-11 1.85779e-07 0.155038 0.0157564 1.94175e-11 2.75553e-07 0.0196891 1.12606e-07 0.499601 0.000230532 1.29074e-06 0.0182038 0.160557 1.98548e-12 1.97236e-08 
7.36698e-11 1.23914e-08 1.08574e-06 0.00136439 1.25735e-10 9.01543e-11 2.40183e-07 0.0114949 2.04923e-10 2.70066e-10 8.7883e-11 0.00122686 1.52966e-10 3.95586e-10 1.83609e-10 6.82799e-10 4.4439e-07 1.40335e-06 1.05618e-10 9.35534e-07 0.000264583 0.980161 2.25401e-10 0.00548118 7.90498e-07 6.5356e-07 9.6132e-11 6.2858e-07 7.35286e-11 9.91106e-07 
0.238275 0.00614617 0.0240954 8.86161e-09 5.91087e-09 3.05133e-08 0.180698 0.000617156 1.27559e-08 0.545432 6.69558e-09 3.0177e-08 1.46295e-08 1.28244e-12 0.00260399 6.66283e-10 4.49824e-09 0.00168344 1.04779e-08 4.89785e-09 1.69573e-08 0.000177976 7.30723e-13 1.98999e-08 5.22297e-09 6.83256e-13 3.11649e-13 0.000270569 2.38371e-13 1.69019e-12 
5.70513e-07 0.00271753 3.72416e-06 1.02988e-06 4.53566e-06 0.00437378 0.0236476 0.910964 1.01937e-08 0.000271356 0.0423142 1.95368e-08 2.70274e-05 6.64108e-06 0.00149288 3.39653e-08 3.79349e-07 0.00781048 0.00181951 0.000263738 0.00149362 0.00100719 1.12124e-08 0.00101124 1.51183e-08 0.000565347 1.28473e-06 4.71231e-06 3.65762e-09 0.000197296 
4.56798e-05 0.00108591 0.000207427 0.00133456 0.00378632 0.00263001 0.00496648 0.0206706 8.7371e-07 3.79137e-05 0.000455537 0.000198975 0.000514765 0.00679436 0.000284638 2.91118e-06 0.000241514 0.0231706 0.00243576 0.000265082 0.000220959 0.859482 5.35593e-05 0.0108484 0.000804087 0.0523055 0.000361517 0.00675641 3.13497e-07 3.77076e-05 
5.70513e-07 0.00271753 3.72416e-06 1.02988e-06 4.53566e-06 0.00437378 0.0236476 0.910964 1.01937e-08 0.000271356 0.0423142 1.95368e-08 2.70274e-05 6.64108e-06 0.00149288 3.39653e-08 3.79349e-07 0.00781048 0.00181951 0.000263738 0.00149362 0.00100719 1.12124e-08 0.00101124 1.51183e-08 0.000565347 1.28473e-06 4.71231e-06 3.65762e-09 0.000197296 
0.238275 0.00614617 0.0240954 8.86161e-09 5.91087e-09 3.05133e-08 0.180698 0.000617156 1.27559e-08 0.545432 6.69558e-09 3.0177e-08 1.46295e-08 1.28244e-12 0.00260399 6.66283e-10 4.49824e-09 0.00168344 1.04779e-08 4.89785e-09 1.69573e-08 0.000177976 7.30723e-13 1.98999e-08 5.22297e-09 6.83256e-13 3.11649e-13 0.000270569 2.38371e-13 1.69019e-12 
1.911e-08 0.00221556 1.3169e-06 0.000323742 3.23231e-07 2.33141e-10 0.00145816 0.0192903 5.29935e-10 0.00186373 0.00112166 0.000161871 3.95572e-10 1.02299e-09 4.74816e-10 2.64795e-07 1.43471e-09 0.00243189 5.60465e-08 1.85958e-09 2.86998e-06 0.920326 7.53104e-07 0.0495334 0.00119122 5.45026e-10 1.45685e-06 1.07676e-07 1.90146e-10 7.5569e-05 
3.91803e-05 1.11553e-07 2.19333e-07 0.00054937 1.14325e-07 0.0329663 8.51979e-05 0.000123393 0.000229197 2.8321e-05 0.000105798 3.57105e-07 0.0283831 3.59688e-07 9.90139e-05 6.20838e-07 0.000276521 3.78595e-05 5.77402e-05 0.000267636 0.00133541 0.922842 2.04946e-07 7.98431e-05 7.7007e-05 1.91633e-07 8.74084e-08 0.010594 6.68561e-08 0.00182031 
7.36698e-11 1.23914e-08 1.08574e-06 0.00136439 1.25735e-10 9.01543e-11 2.40183e-07 0.0114949 2.04923e-10 2.70066e-10 8.7883e-11 0.00122686 1.52966e-10 3.95586e-10 1.83609e-10 6.82799e-10 4.4439e-07 1.40335e-06 1.05618e-10 9.35534e-07 0.000264583 0.980161 2.25401e-10 0.00548118 7.90498e-07 6.5356e-07 9.6132e-11 6.2858e-07 7.35286e-11 9.91106e-07 
5.77003e-05 0.0347428 0.0175035 1.07193e-05 1.58017e-05 6.11946e-07 0.797527 0.00136403 6.93691e-11 0.000364367 3.78374e-07 0.146808 4.67813e-07 1.33911e-10 0.00158866 2.31136e-10 1.87805e-10 9.05035e-07 7.67879e-07 2.43421e-10 3.21054e-06 5.58679e-11 7.63011e-11 1.11951e-06 1.00382e-06 2.37835e-06 1.44133e-07 5.82862e-06 2.48904e-11 1.87739e-07 
0.00103456 0.116498 0.296806 4.03626e-06 0.00176187 0.00119189 0.0461738 0.00298854 1.2969e-07 1.14222e-05 1.42522e-08 0.525804 0.000152583 2.68042e-11 0.000304643 4.62653e-11 3.75919e-11 2.43921e-07 7.13414e-07 4.87243e-11 0.00291843 1.11828e-11 2.80111e-06 0.000276484 2.00879e-05 0.00012096 0.000101873 0.0038272 4.98217e-12 7.09783e-09 
0.00101798 0.184329 0.440281 8.40237e-12 9.54681e-12 0.000709257 0.289222 0.00232033 1.97939e-08 0.0217383 0.00153305 0.0107338 1.16144e-11 0.00123161 0.00485092 5.18436e-11 1.01264e-05 2.83991e-07 0.00267155 1.74054e-08 0.00239824 0.000506499 0.0334758 0.00295439 2.30761e-11 1.56959e-05 5.77711e-08 2.00205e-08 5.58288e-12 1.79738e-08 
0.0376301 2.60159e-05 0.000911141 0.00142622 1.25627e-05 0.000393558 0.0370398 0.00413121 5.28739e-11 0.0448147 0.00316691 0.00302531 3.9468e-11 1.02068e-10 1.73157e-07 3.31892e-08 1.43147e-10 0.00895094 0.000781798 0.503522 1.3427e-08 0.345157 5.81575e-11 0.00709932 0.000399781 0.000765373 1.86114e-06 6.56611e-07 1.89717e-11 0.000744332 
0.00111609 0.0202444 1.2097e-05 2.07823e-05 0.805559 1.04816e-06 0.00997542 0.0805007 0.00357648 4.61172e-10 1.50072e-10 2.56012e-06 1.65659e-07 2.94743e-07 3.13536e-10 1.16597e-09 9.47383e-10 1.04969e-07 8.29322e-07 1.22794e-09 2.46251e-06 1.34121e-07 0.0753423 7.40209e-07 5.18984e-10 0.00191867 0.00172503 3.63598e-07 1.2556e-10 8.9029e-10 
4.64654e-08 2.73727e-05 0.00940706 3.47251e-10 3.94548e-10 2.82898e-10 2.14525e-05 0.120498 6.43035e-10 1.08482e-05 1.07579e-06 9.61402e-06 3.02446e-06 1.24132e-09 1.24455e-05 2.14258e-09 1.74091e-09 0.0341101 6.66159e-08 2.25645e-09 4.60634e-07 0.789364 7.07292e-10 0.0465243 7.63903e-07 6.61347e-10 3.01656e-10 9.43706e-06 2.30728e-10 1.63599e-09 
1.12405e-08 0.010769 0.00444302 5.42156e-05 0.010308 0.00325751 0.0304222 0.0283226 0.000337719 0.00855655 0.0793594 0.000130962 0.00159774 0.00132919 0.00127201 1.04181e-07 0.000726601 0.00103476 0.00347403 2.95343e-05 6.26362e-05 0.677642 0.000718117 0.121471 0.0050197 0.00185082 0.0030828 0.0046891 1.1219e-08 3.92796e-05 
0.00121133 0.0142889 0.00171086 0.00223891 4.72103e-06 9.98754e-05 0.0294853 0.0271683 1.82937e-06 1.272e-07 0.00266272 0.000188841 2.59053e-09 4.69006e-06 3.10949e-09 0.000498592 9.39565e-09 0.0608066 2.63686e-06 5.9876e-07 0.000521217 0.509775 0.000670725 0.0977795 5.14702e-09 2.54688e-06 3.58077e-05 0.000340084 1.24523e-09 0.250501 
7.78023e-10 0.00853477 0.0272423 4.43214e-07 1.32788e-09 9.52115e-10 0.00959292 0.176479 2.16418e-09 0.000499282 0.000153529 1.19429e-05 3.87943e-07 4.17776e-09 0.00883777 7.211e-09 5.85915e-09 0.000619423 1.11543e-09 7.59426e-09 1.68008e-06 0.753983 2.38044e-09 0.0104004 0.000144039 2.22581e-09 1.01525e-09 0.00349905 7.76531e-10 5.50605e-09 
3.48869e-06 3.47925e-05 1.06245e-06 4.09421e-06 2.33558e-05 3.97078e-07 0.00139305 0.00446048 1.39155e-06 0.000164229 1.50664e-05 5.60853e-05 6.73726e-07 5.08273e-05 8.08692e-07 3.00734e-06 2.44355e-06 0.000423087 0.000101617 0.00523834 4.98166e-07 0.987887 9.9276e-07 3.94342e-05 8.29964e-05 9.28271e-07 4.23406e-07 7.17051e-06 3.23851e-07 2.29629e-06 
2.06659e-09 0.00017074 4.70106e-05 6.18565e-07 0.0152959 0.000627658 0.00019037 0.00841324 5.74852e-09 6.96069e-05 4.51891e-05 2.37102e-05 0.0986741 1.1097e-08 0.000548898 0.00243092 8.78942e-05 7.28882e-09 0.000167567 0.00425567 0.0598039 0.672799 0.000608584 0.0113366 8.94129e-05 0.000120824 0.124099 9.25701e-05 2.06263e-09 1.46252e-08 
0.00712487 0.00450975 0.00189759 0.00060196 0.00933676 0.0227548 0.0245082 0.191334 0.0224179 0.000972574 0.0132701 0.00052591 0.00938388 1.39159e-08 0.00971472 2.40194e-08 1.11195e-06 0.0059193 0.121772 0.149624 0.0311573 0.292137 0.000297244 0.0637106 8.93952e-05 0.00200802 0.00799117 0.00689265 2.58658e-09 4.74108e-05 
2.78582e-08 0.00304878 1.63261e-05 7.32041e-06 0.00452642 0.072194 0.0375753 0.159458 0.000390326 0.00678209 9.1742e-06 0.000206022 0.0290526 1.4959e-07 0.0409243 2.582e-07 9.90156e-05 4.36507e-05 0.000598371 0.000275236 0.000123625 0.629287 2.11164e-05 0.00247388 5.22857e-06 0.00789372 0.00176672 0.00322119 2.78047e-08 1.97152e-07 
7.90246e-09 0.00526342 2.58756e-08 0.000499762 0.00232953 0.000226279 0.0013467 0.520102 2.80137e-05 0.00770088 0.000195728 7.49115e-06 1.64084e-08 0.00011902 8.27748e-05 7.32429e-08 8.94667e-06 0.150781 0.000354648 7.71357e-08 0.00269101 0.301313 2.41784e-08 0.00173173 3.26012e-08 0.00503716 3.48624e-06 0.000174846 7.8873e-09 2.48466e-06 
0.00077979 0.251603 4.51584e-05 5.67283e-08 0.00500314 0.0322349 0.112831 0.376309 2.14105e-06 2.5735e-05 1.17727e-06 0.00143195 3.011e-05 2.88088e-06 4.36858e-06 3.5002e-07 2.84402e-07 0.00258287 0.000621194 3.68624e-07 0.0040819 0.0269209 0.152652 0.0232362 2.83481e-06 2.01047e-06 8.72673e-06 0.00957777 3.76926e-08 8.03718e-06 
0.00072769 0.0459415 0.000411853 0.00118946 0.0120504 0.00111054 0.0704678 0.144243 0.000352216 2.46407e-06 0.0139479 0.0011613 0.00111834 8.08327e-05 0.00267223 3.3701e-10 7.13243e-09 0.0281126 0.0272383 3.54922e-10 0.0285459 0.361545 2.74744e-05 0.225153 0.000334856 0.000545197 0.0315541 0.00140309 3.62916e-11 6.30008e-05 
0.0587128 0.000222019 8.61177e-06 9.90809e-05 0.00237276 0.000162932 0.0195405 0.00779858 6.65085e-05 0.0186878 0.000970541 4.70342e-05 2.69699e-08 6.97472e-08 1.02442e-05 1.20387e-07 9.78177e-08 0.000271602 0.0626577 0.40721 6.63341e-05 0.0403419 1.06293e-05 0.377018 0.000233734 0.00319231 0.000277584 1.9911e-05 1.29641e-08 1.17254e-06 
0.0297328 0.326019 0.0154437 0.000105002 0.000342432 3.3326e-07 0.195621 6.91115e-05 2.5254e-05 0.0214087 7.43474e-10 2.45309e-07 8.48367e-06 3.34658e-09 1.5533e-09 5.77635e-09 4.69345e-09 1.33828e-05 8.93509e-10 3.13761e-06 0.00406613 0.404592 1.90685e-09 0.000573449 6.87263e-05 4.06478e-08 0.000486515 8.10499e-08 6.22038e-10 0.00142057 
0.204425 0.677521 0.00332417 9.61402e-08 0.00180883 3.03096e-05 0.0721547 0.00434769 0.000194129 0.00592876 0.000585966 0.000212231 7.50342e-06 2.29947e-10 8.41707e-06 3.96898e-10 5.87981e-09 1.01338e-05 0.00293409 4.17993e-10 0.0135867 9.92542e-05 5.13966e-06 0.00482891 8.19644e-07 5.01832e-05 0.00720246 0.000729532 4.27408e-11 4.47991e-06 
5.73233e-07 0.000160657 9.74944e-10 1.52089e-06 0.00564387 0.00206371 1.19242e-06 0.48055 1.57846e-06 0.00111488 0.00216985 0.000303169 0.0683541 0.000208662 7.42088e-10 2.75965e-09 2.2423e-09 1.05016e-09 4.94419e-06 0.0102711 0.0295498 0.112772 6.60318e-07 3.42644e-06 0.271419 8.51819e-10 8.79746e-06 0.0153961 2.97179e-10 2.10717e-09 
5.70513e-07 0.00271753 3.72416e-06 1.02988e-06 4.53566e-06 0.00437378 0.0236476 0.910964 1.01937e-08 0.000271356 0.0423142 1.95368e-08 2.70274e-05 6.64108e-06 0.00149288 3.39653e-08 3.79349e-07 0.00781048 0.00181951 0.000263738 0.00149362 0.00100719 1.12124e-08 0.00101124 1.51183e-08 0.000565347 1.28473e-06 4.71231e-06 3.65762e-09 0.000197296 
7.34336e-06 0.00086043 8.17778e-06 0.000273352 1.47063e-07 2.38394e-05 0.00415617 0.0271549 2.39684e-07 0.000867635 0.000210025 0.000396786 1.78914e-07 1.79316e-05 1.98024e-05 7.7568e-06 6.48904e-07 0.00123154 0.00334899 0.00152873 0.00023091 0.953052 2.63636e-07 0.00599283 0.000160807 0.000197736 1.12439e-07 0.000195909 8.60013e-08 5.50224e-05 
1.17317e-05 0.00352148 4.03798e-06 0.000595855 0.00113856 0.00380175 0.00363255 0.017172 3.68774e-06 0.0083912 0.00752337 0.000178876 0.0019462 0.000273949 0.00526861 0.001483 9.82082e-07 0.0176069 0.00304072 0.000296657 0.0019303 0.855054 1.55968e-05 0.0593637 0.000668425 1.82928e-06 0.000467372 0.00559749 6.66771e-10 0.00100929 
3.80233e-07 0.00822134 1.24503e-06 5.71163e-07 6.48958e-07 0.00174717 0.000369774 4.67085e-07 1.05767e-06 0.000874112 0.440897 2.02708e-06 0.00716681 0.295004 9.47665e-07 3.52414e-06 0.00219409 0.173267 5.45129e-07 3.71145e-06 2.36792e-05 0.00183552 1.16336e-06 0.0647707 1.56863e-06 0.00075783 0.00242787 0.000173518 3.79504e-07 0.000251079 
2.09275e-05 1.10117e-05 2.57512e-06 1.95398e-06 1.5449e-06 2.72056e-06 6.80763e-06 2.69687e-06 9.00919e-05 2.6944e-06 8.06983e-09 3.60637e-08 1.18919e-06 3.63246e-08 5.87609e-06 6.26978e-08 5.09438e-08 2.3859e-08 9.69835e-09 6.60302e-08 3.20696e-06 4.59021e-06 0.997219 1.48262e-06 2.79075e-08 1.6498e-06 0.0025865 3.2592e-05 6.75174e-09 5.52036e-07 
3.18754e-11 0.0124649 1.04372e-10 0.000262201 5.44029e-11 1.15809e-07 0.00515745 0.0597289 8.86658e-11 2.62738e-06 0.00121253 8.32414e-07 1.84589e-07 2.07828e-06 5.71662e-07 2.95433e-10 1.08183e-07 0.00422657 0.00222577 3.36094e-07 1.43214e-07 0.898489 9.75261e-11 0.0152505 2.29563e-07 1.92053e-07 2.39451e-07 2.25918e-07 3.18143e-11 0.000974263 
4.19987e-08 0.0104005 0.00195291 0.00011993 0.000702542 5.13963e-08 0.00177971 0.00495287 1.16825e-07 0.031116 5.01015e-08 0.000873438 8.72048e-08 2.25521e-07 1.04674e-07 3.89259e-07 3.16284e-07 0.00331822 6.02122e-08 0.00348497 0.00159348 0.000950383 1.28499e-07 0.000821434 0.936436 1.20152e-07 5.48042e-08 0.00149553 4.19181e-08 2.97224e-07 
4.57417e-08 0.00160385 1.49775e-07 2.74311e-05 0.000115164 7.0967e-05 0.0163982 0.0638597 0.000115553 9.62889e-05 6.08987e-05 0.00578764 9.49766e-08 0.00695855 1.14003e-07 4.23951e-07 3.44472e-07 0.0001042 0.0004005 4.46483e-07 0.000165412 0.900625 1.39952e-07 5.29342e-08 1.88705e-07 1.3086e-07 0.000581717 0.00292813 4.5654e-08 9.82113e-05 
0.00101798 0.184329 0.440281 8.40237e-12 9.54681e-12 0.000709257 0.289222 0.00232033 1.97939e-08 0.0217383 0.00153305 0.0107338 1.16144e-11 0.00123161 0.00485092 5.18436e-11 1.01264e-05 2.83991e-07 0.00267155 1.74054e-08 0.00239824 0.000506499 0.0334758 0.00295439 2.30761e-11 1.56959e-05 5.77711e-08 2.00205e-08 5.58288e-12 1.79738e-08 
0.0180524 0.29343 1.96294e-08 6.31758e-07 5.388e-10 0.0289105 0.0975116 0.00628449 8.78137e-10 0.0127508 4.67502e-06 1.68299e-09 0.10629 1.69517e-09 0.396074 3.8796e-05 1.11436e-06 1.5835e-06 0.00202144 6.32256e-06 0.00350881 1.00262e-05 1.53005e-06 2.8724e-06 1.47733e-06 6.35355e-06 0.00514088 0.0299493 3.15085e-10 1.0874e-06 
0.00018153 1.55099e-05 0.00269471 6.05964e-05 0.0140924 0.000131087 0.0015852 0.000668491 5.20055e-13 8.68677e-05 0.000489658 1.56991e-09 0.00110573 1.00392e-12 0.00029829 1.73281e-12 1.40796e-12 1.36857e-05 2.68038e-13 8.47168e-09 1.38381e-08 2.02058e-09 6.49164e-05 7.89523e-05 0.974279 0.00412117 3.23766e-05 2.02722e-11 1.86601e-13 2.27686e-09 
6.53575e-11 0.0104702 0.00144094 9.81761e-11 2.05548e-06 2.61589e-05 0.0284355 1.43675e-06 8.29254e-07 0.00571455 0.00180769 9.88057e-07 0.0115007 3.50951e-10 2.28764e-05 0.000101313 3.66301e-06 2.13521e-07 6.98364e-06 6.37953e-10 6.33823e-06 0.000770097 0.00873847 4.45867e-05 0.000567891 0.909745 0.0205876 3.85803e-06 6.52322e-11 4.62534e-10 
7.27827e-05 3.04388e-08 0.000112396 0.000804865 0.00298053 0.00043917 0.00157188 0.000485138 2.65701e-11 0.00336561 0.00866537 0.000159074 0.000812114 6.10529e-08 0.00349447 8.85311e-11 9.16094e-07 0.00100041 0.0016818 0.837265 9.27057e-09 0.102579 2.40926e-08 0.03423 0.0001236 0.000135986 1.24644e-11 3.13796e-07 9.53364e-12 1.99979e-05 
0.000136692 0.000666304 5.48328e-08 1.76124e-08 1.53025e-11 0.00115834 0.000223974 3.98815e-07 2.494e-11 0.148667 6.97982e-09 4.77988e-11 0.00213291 5.60225e-07 0.00191334 8.30997e-11 6.75209e-11 1.70755e-07 0.0120384 2.54951e-05 6.60712e-07 0.83303 4.47566e-06 3.87298e-07 3.69885e-11 2.56503e-11 4.3236e-07 5.54311e-07 8.94876e-12 6.34518e-11 
5.04968e-10 1.59865e-06 1.65346e-09 0.000615776 8.61847e-10 6.17961e-10 5.24033e-05 0.368497 1.40464e-09 0.22691 6.02392e-10 2.69206e-09 0.00897141 2.71154e-09 5.79057e-06 4.68023e-09 0.00011599 6.59151e-06 4.05488e-06 4.92898e-09 8.4484e-06 0.367597 0.0272056 2.2212e-06 2.08322e-09 1.44464e-09 6.58935e-10 6.25331e-06 5.04e-10 3.57365e-09 
2.06362e-10 1.26532e-06 1.24425e-06 3.09984e-10 0.00225433 0.0075031 0.0269342 0.94609 2.99549e-06 2.93581e-06 0.00668456 3.86106e-07 2.82962e-05 0.00249896 3.07508e-07 1.91264e-09 1.55407e-09 1.22334e-06 6.79208e-06 2.01429e-09 0.00310491 0.000889721 0.00397052 4.46656e-06 8.51335e-10 5.90372e-10 1.93957e-05 6.69103e-07 2.05966e-10 1.46042e-09 
7.27827e-05 3.04388e-08 0.000112396 0.000804865 0.00298053 0.00043917 0.00157188 0.000485138 2.65701e-11 0.00336561 0.00866537 0.000159074 0.000812114 6.10529e-08 0.00349447 8.85311e-11 9.16094e-07 0.00100041 0.0016818 0.837265 9.27057e-09 0.102579 2.40926e-08 0.03423 0.0001236 0.000135986 1.24644e-11 3.13796e-07 9.53364e-12 1.99979e-05 
0.0376301 2.60159e-05 0.000911141 0.00142622 1.25627e-05 0.000393558 0.0370398 0.00413121 5.28739e-11 0.0448147 0.00316691 0.00302531 3.9468e-11 1.02068e-10 1.73157e-07 3.31892e-08 1.43147e-10 0.00895094 0.000781798 0.503522 1.3427e-08 0.345157 5.81575e-11 0.00709932 0.000399781 0.000765373 1.86114e-06 6.56611e-07 1.89717e-11 0.000744332 
0.00111609 0.0202444 1.2097e-05 2.07823e-05 0.805559 1.04816e-06 0.00997542 0.0805007 0.00357648 4.61172e-10 1.50072e-10 2.56012e-06 1.65659e-07 2.94743e-07 3.13536e-10 1.16597e-09 9.47383e-10 1.04969e-07 8.29322e-07 1.22794e-09 2.46251e-06 1.34121e-07 0.0753423 7.40209e-07 5.18984e-10 0.00191867 0.00172503 3.63598e-07 1.2556e-10 8.9029e-10 
3.76752e-07 0.10269 0.00237777 5.65934e-07 0.00208122 0.00757511 0.137624 0.00157609 1.04799e-06 0.000165762 0.00172836 2.00853e-06 0.000306083 0.00044999 0.649155 3.49188e-06 2.83725e-06 0.0125509 0.000878202 3.67747e-06 0.0149605 0.0576704 1.15271e-06 0.00767442 1.55427e-06 0.000275543 4.91626e-07 0.000239948 3.7603e-07 2.66627e-06 
3.47472e-10 2.49612e-05 9.84324e-07 0.000455959 5.93043e-10 3.16562e-07 2.17731e-07 0.00383469 9.66542e-10 1.2738e-09 4.1451e-10 0.000411335 7.2148e-10 1.86583e-09 8.66013e-10 3.2205e-09 4.04617e-07 1.27206e-06 4.9816e-10 8.50093e-07 8.86143e-05 0.98049 1.87825e-06 0.014232 0.000454363 5.9276e-07 4.53417e-10 5.69498e-07 3.46806e-10 8.99673e-07 
2.62467e-08 0.0590086 8.59416e-08 3.94262e-08 0.000389976 0.000827263 5.36578e-05 0.000229979 7.30089e-08 9.62176e-08 5.99337e-05 3.59631e-05 0.000320867 1.40937e-07 0.000187792 2.43264e-07 0.000144781 1.36353e-05 0.000202166 0.232061 0.188324 5.63056e-05 0.000117562 0.0945738 8.02866e-06 7.5088e-08 0.423352 3.24344e-05 2.61964e-08 1.85747e-07 
0.0587128 0.000222019 8.61177e-06 9.90809e-05 0.00237276 0.000162932 0.0195405 0.00779858 6.65085e-05 0.0186878 0.000970541 4.70342e-05 2.69699e-08 6.97472e-08 1.02442e-05 1.20387e-07 9.78177e-08 0.000271602 0.0626577 0.40721 6.63341e-05 0.0403419 1.06293e-05 0.377018 0.000233734 0.00319231 0.000277584 1.9911e-05 1.29641e-08 1.17254e-06 
0.0180524 0.29343 1.96294e-08 6.31758e-07 5.388e-10 0.0289105 0.0975116 0.00628449 8.78137e-10 0.0127508 4.67502e-06 1.68299e-09 0.10629 1.69517e-09 0.396074 3.8796e-05 1.11436e-06 1.5835e-06 0.00202144 6.32256e-06 0.00350881 1.00262e-05 1.53005e-06 2.8724e-06 1.47733e-06 6.35355e-06 0.00514088 0.0299493 3.15085e-10 1.0874e-06 
0.238275 0.00614617 0.0240954 8.86161e-09 5.91087e-09 3.05133e-08 0.180698 0.000617156 1.27559e-08 0.545432 6.69558e-09 3.0177e-08 1.46295e-08 1.28244e-12 0.00260399 6.66283e-10 4.49824e-09 0.00168344 1.04779e-08 4.89785e-09 1.69573e-08 0.000177976 7.30723e-13 1.98999e-08 5.22297e-09 6.83256e-13 3.11649e-13 0.000270569 2.38371e-13 1.69019e-12 
0.000572608 9.49995e-10 1.86785e-09 8.56886e-10 5.73587e-07 1.61886e-06 1.25294e-06 7.00743e-10 1.58677e-09 0.0124255 0.00112183 1.26559e-06 1.18445e-09 3.06312e-09 0.00308505 5.28709e-09 4.29591e-09 2.01194e-09 8.17828e-10 0.968223 0.00128894 0.00388472 1.74534e-09 3.20401e-07 0.00323448 1.30021e-06 0.00615604 1.26982e-06 5.6935e-10 4.03702e-09 
0.0412667 0.0737548 0.000948288 4.55903e-08 7.26019e-06 7.92859e-07 0.81635 0.00330521 2.62129e-06 0.02418 4.47705e-07 4.75772e-07 5.1023e-07 3.34155e-10 1.55096e-10 5.76766e-10 8.65243e-06 4.93135e-05 0.0143493 6.07421e-10 1.52062e-05 3.35265e-06 5.09873e-07 0.0254671 2.56725e-10 0.000280171 8.25597e-06 1.30904e-06 6.21102e-11 4.40397e-10 
7.36698e-11 1.23914e-08 1.08574e-06 0.00136439 1.25735e-10 9.01543e-11 2.40183e-07 0.0114949 2.04923e-10 2.70066e-10 8.7883e-11 0.00122686 1.52966e-10 3.95586e-10 1.83609e-10 6.82799e-10 4.4439e-07 1.40335e-06 1.05618e-10 9.35534e-07 0.000264583 0.980161 2.25401e-10 0.00548118 7.90498e-07 6.5356e-07 9.6132e-11 6.2858e-07 7.35286e-11 9.91106e-07 
2.73959e-05 0.00434709 1.05522e-05 0.000533519 2.89144e-07 0.0506508 0.0856558 0.0680052 2.84049e-10 4.684e-06 9.3434e-06 0.00696315 2.69323e-06 0.000168699 1.07864e-06 9.46444e-10 7.69013e-10 2.03495e-06 0.0421448 4.32523e-06 1.82164e-06 0.593149 1.24645e-06 0.0756778 0.0412272 8.89003e-08 5.1853e-09 0.0314109 1.0192e-10 8.77498e-07 
0.0300479 0.00745466 1.80967e-07 1.40193e-08 1.59287e-08 7.60019e-06 0.419834 0.392279 2.59607e-08 0.0046561 6.59304e-08 4.9755e-08 1.93785e-08 0.000205717 0.000352803 8.65005e-08 7.02842e-08 0.000701917 0.000154115 1.13003e-05 8.34343e-06 0.137411 2.85549e-08 0.00670604 4.41343e-05 7.03321e-05 4.31842e-05 1.16159e-05 9.31497e-09 6.60485e-08 
8.78573e-05 4.5415e-05 1.27743e-09 1.02561e-05 0.000211807 0.0628022 0.275227 0.000197352 0.000101902 2.1168e-05 0.0392825 3.12185e-06 2.91701e-06 3.98237e-06 1.56555e-05 3.61586e-09 2.93799e-09 4.81729e-06 0.000683765 3.80804e-09 0.000101669 0.620639 1.62348e-05 0.000333505 1.73837e-05 0.000105473 5.24868e-05 3.05116e-05 3.89381e-10 1.65932e-06 
7.27827e-05 3.04388e-08 0.000112396 0.000804865 0.00298053 0.00043917 0.00157188 0.000485138 2.65701e-11 0.00336561 0.00866537 0.000159074 0.000812114 6.10529e-08 0.00349447 8.85311e-11 9.16094e-07 0.00100041 0.0016818 0.837265 9.27057e-09 0.102579 2.40926e-08 0.03423 0.0001236 0.000135986 1.24644e-11 3.13796e-07 9.53364e-12 1.99979e-05 
0.00273149 0.0314016 0.0251462 0.000475163 0.0237244 0.0116611 0.266599 0.0701911 5.43078e-06 6.82419e-06 1.15358e-10 5.15528e-10 0.071482 5.1907e-08 0.0321346 9.95851e-07 1.46245e-07 3.10808e-07 5.05124e-06 0.0558291 4.47704e-06 0.0557562 0.237193 1.03006e-06 0.00717511 4.10948e-07 5.88464e-07 0.108475 9.65155e-11 6.84351e-10 
0.00111609 0.0202444 1.2097e-05 2.07823e-05 0.805559 1.04816e-06 0.00997542 0.0805007 0.00357648 4.61172e-10 1.50072e-10 2.56012e-06 1.65659e-07 2.94743e-07 3.13536e-10 1.16597e-09 9.47383e-10 1.04969e-07 8.29322e-07 1.22794e-09 2.46251e-06 1.34121e-07 0.0753423 7.40209e-07 5.18984e-10 0.00191867 0.00172503 3.63598e-07 1.2556e-10 8.9029e-10 
2.06465e-10 2.88858e-06 6.76044e-10 5.27545e-07 3.52381e-10 2.52664e-10 3.33763e-06 0.0497308 5.74311e-10 0.0135242 0.00266172 0.00334998 4.28697e-10 6.98567e-06 1.33842e-06 1.91359e-09 1.55485e-09 0.00821922 6.219e-07 2.0153e-09 4.11404e-07 0.922489 9.48184e-07 5.08946e-06 7.67437e-07 5.90666e-10 7.54638e-07 8.80883e-07 2.06069e-10 7.32034e-07 
3.76265e-09 0.000213682 0.000105967 0.000105133 6.42185e-09 0.000243587 0.000224522 0.47355 1.04663e-08 0.000103465 4.48858e-09 2.00593e-08 0.161057 2.02044e-08 0.00192338 0.00177859 2.83358e-08 0.000163244 0.0810803 0.000389345 0.000101544 0.000667609 0.000127798 0.000101895 0.000757519 1.07644e-08 1.91535e-05 0.277285 3.75544e-09 2.66282e-08 
9.28023e-10 3.81334e-06 3.0387e-09 1.23957e-06 1.58389e-09 6.80173e-07 1.37849e-06 0.0123467 2.58143e-09 3.40203e-09 1.10707e-09 3.30071e-06 3.76509e-06 4.98322e-09 2.31293e-09 8.60126e-09 6.98877e-09 3.27312e-09 1.33048e-09 9.05841e-09 3.08731e-07 0.977084 0.00648942 0.00389477 2.86522e-06 2.65494e-09 0.000122642 4.55224e-05 9.26244e-10 6.5676e-09 
8.09891e-07 7.39499e-05 2.65189e-06 1.21657e-06 1.38227e-06 9.91113e-07 0.997635 0.000465118 2.25283e-06 0.000258672 9.45765e-05 4.31765e-06 1.68163e-06 4.34888e-06 2.01851e-06 7.50637e-06 6.09914e-06 2.85647e-06 1.16111e-06 0.000745487 0.000348104 0.000223185 2.47795e-06 9.37241e-07 3.34116e-06 2.31698e-06 1.05683e-06 0.000100353 8.08338e-07 5.73158e-06 
7.27827e-05 3.04388e-08 0.000112396 0.000804865 0.00298053 0.00043917 0.00157188 0.000485138 2.65701e-11 0.00336561 0.00866537 0.000159074 0.000812114 6.10529e-08 0.00349447 8.85311e-11 9.16094e-07 0.00100041 0.0016818 0.837265 9.27057e-09 0.102579 2.40926e-08 0.03423 0.0001236 0.000135986 1.24644e-11 3.13796e-07 9.53364e-12 1.99979e-05 
0.00143214 0.011058 7.65548e-06 1.92422e-05 0.801572 0.00086142 0.00997421 0.0914454 0.00357472 2.15886e-10 3.46944e-07 1.62006e-06 0.000160053 3.60658e-05 1.46774e-10 5.45819e-10 4.43494e-10 1.79996e-07 5.24804e-07 5.74829e-10 1.55837e-06 8.34231e-08 0.0657016 0.000233759 2.4295e-10 0.0115926 0.00172405 0.000602259 5.87776e-11 4.16767e-10 
2.57455e-10 2.39243e-06 8.43006e-10 5.95575e-07 6.59395e-06 0.204926 0.0227062 0.0253439 0.0867464 1.87624e-06 0.138196 1.37253e-09 0.0470743 1.38246e-09 6.41662e-10 2.38619e-09 1.1618e-06 9.08039e-10 3.69105e-10 0.290057 5.25291e-06 0.0318367 7.35725e-05 0.114199 1.06212e-09 0.00844986 2.32994e-05 0.030349 2.56962e-10 1.77078e-07 
1.38245e-05 0.000266972 5.878e-09 8.90136e-06 1.40968e-05 2.19684e-09 0.000200742 0.868861 4.99346e-09 3.42269e-05 0.00018931 9.57023e-09 3.7274e-09 6.65219e-05 8.85919e-05 1.66381e-08 1.3519e-08 6.33145e-09 2.57365e-09 1.75224e-08 1.69842e-05 2.65465e-05 5.49246e-09 0.129991 7.4058e-09 4.57124e-05 3.27973e-05 0.000120826 1.79171e-09 2.161e-05 
7.99806e-06 0.0014639 0.000456193 0.00248323 0.00066726 5.03698e-05 0.00438572 0.0583321 6.14055e-09 0.000124448 0.000986314 6.47691e-05 9.06187e-05 5.87655e-05 0.00671406 2.04602e-08 0.00865791 0.0384475 2.88426e-05 2.15476e-08 3.88918e-05 0.850973 9.27736e-06 0.0106579 0.00369807 0.00315999 0.000555388 0.00780223 2.2033e-09 8.56773e-05 
5.3126e-05 1.84532e-08 4.39377e-08 0.000393393 0.344031 0.00112545 5.59233e-08 0.00305655 1.4138e-12 7.82744e-09 0.00392418 4.2002e-08 0.00260479 0.000212958 6.04255e-08 4.71076e-12 5.09113e-08 0.00310218 3.48316e-08 4.96113e-12 4.69695e-08 1.4495e-07 5.82416e-05 0.000434379 1.70892e-07 0.637735 7.68694e-08 0.00326763 5.07288e-13 7.55722e-09 
1.30154e-08 0.00774315 6.17082e-06 7.9368e-06 2.22139e-08 1.59277e-08 0.079166 5.1617e-05 7.44584e-05 0.00442292 0.000117782 0.000874784 4.56076e-06 6.9889e-08 1.86906e-05 1.20632e-07 9.80166e-08 1.50814e-05 1.37575e-05 1.27043e-07 1.85819e-05 0.906781 3.9822e-08 0.00062887 5.36943e-08 3.94675e-05 1.69838e-08 1.41561e-05 1.29904e-08 9.21097e-08 
7.1292e-11 0.0599102 1.61095e-06 0.00544435 1.03426e-05 2.33823e-06 0.0244172 0.412299 1.98309e-10 3.0319e-06 0.0384046 4.33316e-06 1.48029e-10 4.28795e-06 1.77683e-10 6.6076e-10 5.42256e-08 0.0642985 8.17776e-07 6.95879e-10 7.45499e-07 0.205385 2.18126e-10 0.15032 2.94111e-10 0.0394846 4.51201e-06 2.91034e-06 7.11553e-11 1.4132e-06 
