0.00343788 0.00660102 0.0433003 3.03633e-05 0.0124718 0.155341 0.105811 0.0914015 0.000466203 0.00138937 0.00816986 0.00108541 0.00501241 0.0015206 0.00806593 3.71413e-05 0.000249604 0.000158127 0.0216856 0.00440206 0.139931 0.00218348 0.0261013 0.0103335 8.6129e-06 0.00386779 0.0134864 0.115884 0.217499 6.73431e-05 
0.000216973 6.17685e-06 0.000235508 0.000281621 0.0400027 0.0556225 0.000684497 0.110347 0.000248064 0.118412 0.0276348 2.95788e-09 0.00745207 0.00073853 0.0106338 5.14236e-09 3.28496e-05 0.00078065 0.028705 5.41567e-09 9.11767e-06 0.0101748 0.00114228 0.0185639 5.40285e-07 0.145881 0.198725 0.008544 0.214922 2.38578e-06 
2.0911e-05 0.00257155 0.00085217 4.51304e-05 0.00740851 0.0289947 0.0048672 0.0542272 0.0166744 0.000605139 0.03498 0.00387602 0.0119838 2.74736e-05 0.000535163 2.17208e-07 0.000262719 0.00409346 0.00408541 0.0218491 0.0615026 0.014949 0.0669286 0.0982076 5.55798e-05 0.00868014 0.00893592 0.0412182 0.501416 0.000146413 
0.0075425 0.025644 0.00115543 4.15742e-05 0.0320691 0.161269 0.151877 0.0170104 0.00486836 0.000975381 0.0119959 1.23335e-06 0.0253827 0.0005777 0.00350714 6.66194e-07 0.00155704 0.00177143 0.143688 0.0110998 0.0613101 0.0207868 0.00379716 0.0358429 6.30301e-05 0.000685465 0.034963 0.0432468 0.19724 3.00465e-05 
0.00343788 0.00660102 0.0433003 3.03633e-05 0.0124718 0.155341 0.105811 0.0914015 0.000466203 0.00138937 0.00816986 0.00108541 0.00501241 0.0015206 0.00806593 3.71413e-05 0.000249604 0.000158127 0.0216856 0.00440206 0.139931 0.00218348 0.0261013 0.0103335 8.6129e-06 0.00386779 0.0134864 0.115884 0.217499 6.73431e-05 
0.0016745 0.000290899 0.000598534 2.80459e-05 0.00967781 0.0587214 0.00668691 0.0086531 0.00836452 1.01163e-05 0.0136801 1.72693e-05 0.0020203 0.00039164 0.00577996 4.62694e-06 0.00370783 0.00133276 0.0338967 2.14241e-06 0.128873 9.93347e-06 0.00907008 0.00970667 1.67326e-05 0.0203609 0.0770165 0.0568785 0.542526 2.37557e-06 
0.00152319 0.0141175 0.00165253 0.00742352 0.00868903 0.002512 0.138734 0.0299816 0.0334551 0.000444842 0.00193804 1.4564e-07 0.0142894 0.000192653 0.0265373 2.04988e-07 0.0117491 1.59659e-05 0.0760655 0.0326638 0.0856808 0.000613899 0.186998 0.0328982 1.57119e-05 4.18752e-05 0.0215134 0.00769116 0.262559 2.78648e-06 
0.00924535 0.021737 0.00149703 0.00515771 0.0302259 0.0380976 0.0576441 0.0571205 0.0201573 0.00267244 0.0169676 0.00224919 0.00951033 0.00253212 0.00510408 7.56074e-07 0.000133589 0.00404002 0.102231 0.000204666 0.0445472 0.00742916 0.00579264 0.0331871 0.000325898 0.00235218 0.0426956 0.186744 0.290391 6.9209e-06 
0.00540727 0.0026539 0.00406896 1.40423e-05 0.000661066 0.0717588 0.0111165 0.047988 0.0129633 0.00227547 0.0086964 9.91302e-05 0.0559543 1.55847e-05 0.0175457 1.02832e-08 0.000681073 0.00933808 0.0161595 0.00057908 0.0421926 0.000259297 0.0207218 0.0283505 0.000906653 0.00161888 0.00523784 0.0250113 0.607725 2.79703e-07 
0.0183451 0.0866253 0.00400272 4.54746e-05 0.107323 0.003396 0.0111727 0.00764573 0.000452228 0.00156554 0.00667974 1.13981e-05 0.00342991 0.000106026 0.0148288 0.000384812 0.00994671 0.00545268 0.00558492 0.000689931 0.0435243 0.00161851 0.000624287 0.0101879 0.214309 0.010294 0.0825231 0.0217576 0.327387 8.5641e-05 
0.00049984 0.00823637 0.00616426 6.1289e-10 8.11469e-06 0.00348867 0.226726 0.0982956 1.32356e-06 0.0810658 0.114158 1.90304e-06 4.65306e-05 2.1909e-09 0.00480542 3.80922e-06 5.21067e-06 8.23279e-06 1.00074e-05 5.95917e-05 0.0105988 0.0489353 0.0034248 0.0271848 1.96297e-06 4.33918e-07 0.00965587 0.0207883 0.335673 0.000152547 
0.0038776 0.00826422 0.000934523 0.000213917 0.0178266 0.0340395 0.0120771 0.0125185 0.10869 0.00162925 0.0238974 0.00130734 0.0125532 0.00299006 0.00372455 5.26541e-06 0.00182209 0.00910371 0.0286417 0.00105962 0.0922185 0.00105268 0.0105798 0.011691 0.000211774 0.00969791 0.175629 0.0448861 0.368856 1.4519e-06 
0.00105666 0.0220751 0.0441104 1.08215e-06 0.0338692 0.0442709 0.0562527 0.0352329 0.00642608 0.0277693 0.0239271 6.18531e-05 0.0070955 0.00189003 0.0684462 6.6544e-10 1.7466e-06 3.19521e-07 0.114296 0.000237299 0.0821705 0.000453413 0.00225684 0.047557 0.000391985 0.0107723 0.00198035 0.083311 0.284086 2.1785e-07 
0.0296597 0.138295 0.00156378 4.21782e-06 0.089842 0.00703849 0.0641991 0.0305089 0.000758767 0.00134322 0.00138057 0.000306429 0.00174667 0.000115245 0.00183119 4.29205e-11 8.38823e-05 5.61421e-05 0.00735963 0.000712649 0.166331 0.00190474 0.00111064 0.00473198 0.00522423 0.00199438 0.0272606 0.131734 0.282901 9.63498e-07 
0.024286 0.0094541 0.00133284 6.7626e-05 0.174319 0.00237607 0.0255065 0.0324959 0.00117559 0.000583879 0.00159042 0.0200806 0.00170508 3.24205e-08 0.00329615 3.32407e-11 2.14112e-08 6.48087e-05 0.0288635 6.80624e-08 0.206935 0.00139904 0.00048832 0.00464359 0.000154849 1.14472e-06 0.0183988 0.155151 0.285623 6.58335e-06 
1.22952e-07 0.00554117 0.000718269 7.82583e-13 0.00847734 0.00635403 0.0240017 0.0209898 0.00442809 1.66732e-07 0.00284761 2.77742e-12 1.45641e-05 3.58317e-05 0.0073899 4.82863e-12 2.13437e-07 1.83748e-12 0.0877348 5.08526e-12 0.068486 1.16713e-12 0.000935915 0.00683918 6.87982e-09 0.000151865 0.0208694 0.330053 0.404131 3.68696e-12 
1.96169e-05 0.00440128 0.000869937 0.000144442 0.200448 0.00153348 0.0416128 0.0224629 0.000194656 0.00171501 0.0155106 0.0225914 3.47577e-08 3.78313e-07 0.167852 2.72085e-10 4.4877e-08 0.000300315 0.0652387 0.000154724 0.104758 0.00319369 0.00167141 0.0123381 1.10595e-05 0.00168419 0.00798306 0.0844545 0.238773 8.35168e-05 
1.41624e-05 0.0227385 0.0040129 1.04204e-06 0.0150987 0.0161891 0.0743276 0.00918523 0.00267162 8.97354e-05 0.000181137 2.59582e-05 0.000754744 1.11923e-08 0.123612 1.93184e-08 3.36741e-05 1.72046e-05 0.00427089 6.6071e-05 0.124934 0.000454922 0.0588249 0.0510074 0.00302021 7.01314e-06 0.0112769 0.0168768 0.460303 4.13307e-06 
0.00511854 0.00421117 6.7173e-05 0.00384215 0.00896069 0.202012 0.0252275 0.00995866 0.00650444 0.00181347 0.0201391 5.56989e-08 0.0632322 0.0002471 0.0127652 1.20497e-05 0.000210615 0.000574284 0.00677395 0.153498 0.0132074 0.023322 0.00519125 0.0952246 1.02983e-07 0.00189356 0.0177114 0.0650984 0.253182 1.48957e-06 
9.0843e-06 0.00180742 0.000300895 0.000188027 0.01239 0.00832178 0.024675 0.0224205 0.00331977 0.00156294 0.00318763 4.72368e-05 0.00263998 7.08797e-05 0.0088721 1.22774e-09 5.74825e-05 0.00343346 0.220559 0.00597748 0.0996425 0.00192318 0.00307691 0.000957267 8.1516e-06 6.70057e-05 0.00655615 0.0257499 0.542179 9.37458e-10 
0.0247057 0.00721678 0.00245261 1.57432e-05 0.00624212 0.00905006 0.0318178 0.118087 0.000590236 0.00540949 0.00830047 0.000477315 0.022513 0.000455653 0.006485 2.69315e-09 0.000149516 0.000165227 0.0301301 9.69793e-05 0.0433315 0.000952971 0.000357748 0.0134447 0.000139232 0.0072931 0.0243678 0.292073 0.343678 1.13771e-06 
0.000838526 0.00341942 0.000563052 1.26499e-05 0.000165865 0.126264 0.00437829 0.00599248 0.00257032 0.000160774 4.83207e-05 5.61205e-08 0.168315 0.00162323 0.0149103 0.00637361 3.75985e-06 2.07994e-05 0.00719098 0.0283461 0.0898708 7.65391e-05 0.000422697 0.0652605 1.83623e-05 0.0111439 0.0965943 0.0193974 0.346016 2.1124e-06 
7.35499e-05 0.000911203 0.000270942 1.24035e-05 0.00070469 0.000857524 1.65044e-05 0.00233162 0.000135522 0.00101803 0.0160277 0.000205807 0.00397738 4.4339e-05 0.000703591 0.000400419 0.000505413 0.000729709 0.00086354 0.00515222 0.000422147 0.000889952 0.00153339 0.00141432 0.000200993 6.0455e-05 0.000291577 0.00216636 0.958007 7.14526e-05 
8.10072e-06 7.61484e-05 3.38296e-06 3.58949e-08 0.00701993 0.0576544 0.00322192 0.000317658 0.0127158 3.82892e-05 4.67823e-07 8.58652e-07 0.0293765 0.000281941 0.000178839 2.70369e-09 1.82447e-05 1.02886e-09 0.000796842 0.00394076 0.0548024 6.53507e-10 0.0944937 0.000927911 1.7973e-07 6.6503e-07 0.0984385 0.00318753 0.632498 7.38946e-07 
0.000501593 0.000385906 0.000581756 1.33846e-05 0.0118221 0.0102646 0.0227482 0.0414761 0.002295 0.000816416 0.00519106 0.000555296 3.18109e-05 4.2359e-10 0.00943544 7.31136e-10 5.94069e-10 8.8448e-05 0.0106642 2.18457e-06 0.0685613 0.0020179 0.00157034 0.00479209 5.19622e-06 0.000287634 0.0103994 0.0644254 0.731067 3.0904e-08 
0.0116851 0.0190526 0.00875266 0.00016636 0.0853489 0.0433537 0.0602023 0.161615 0.00907933 0.00383309 0.00950472 0.00253979 0.00370734 0.000379916 0.0135827 5.88771e-06 7.26105e-05 0.00634058 0.0870002 0.00032973 0.116558 0.0107989 0.0160103 0.0460834 6.71317e-05 0.00615159 0.0291191 0.0865848 0.162073 1.30149e-06 
0.00746955 0.00350134 0.00397125 0.000138986 0.0543359 0.0409871 0.035455 0.0356051 0.00417055 0.000814643 0.0278271 0.00534719 0.00444429 2.6374e-05 0.0307364 7.51714e-09 0.000116017 0.000136 0.0128741 0.000949335 0.241045 0.00133832 0.00934023 0.0173571 0.00530294 0.00730415 0.0365915 0.0584941 0.35432 3.25217e-07 
0.000686569 0.00322238 0.00605843 1.18249e-05 0.104639 0.00233615 0.033931 0.0139573 0.00011098 0.00224712 0.00619879 0.000693914 0.156736 0.00061664 0.00285474 1.28288e-07 5.69325e-05 0.000653652 0.0094601 0.113263 0.0966028 0.00230802 0.000136539 0.00551809 0.00126776 0.000185363 0.0548435 0.157495 0.223857 5.09708e-05 
0.0163729 0.00916634 0.00370833 1.55836e-06 0.0175225 0.00512919 0.02065 0.0569071 0.000164316 0.00227199 0.00238227 0.000576033 0.00197891 0.000244681 0.00781244 3.06549e-05 8.79862e-07 0.000860774 0.0324263 0.264237 0.0218282 0.01148 0.000518075 0.0314879 9.86808e-07 0.000529783 0.00631013 0.172957 0.312428 1.55818e-05 
0.00690458 0.0105025 0.00285299 0.00137332 0.0502094 0.134919 0.0448112 0.00845406 0.082069 0.00221614 0.0244832 6.61504e-05 0.00839582 0.000418363 0.00378292 0.00103167 0.000367679 0.00540048 0.0928464 0.000747788 0.0575055 0.00281425 0.0159479 0.0252475 0.000786249 0.019305 0.0987998 0.0449873 0.250512 0.00224208 
0.0152146 0.00288743 0.00310437 0.0108243 0.0103857 0.179836 0.0082413 0.0119682 0.00553971 0.0248032 0.105336 0.00128651 0.0575428 0.00207357 0.00227294 8.30607e-09 0.00218073 0.00265261 0.035348 0.000893993 0.0288642 0.0035979 0.019166 0.0281854 0.000361101 0.00512496 0.128294 0.119627 0.184386 1.91884e-06 
0.0190776 0.0240219 0.00263389 5.77006e-06 0.0170024 0.0220694 0.0274641 0.0332881 0.0397888 0.00659566 0.0468445 0.00021573 0.0075009 0.00350944 0.00693981 0.00010066 0.000590013 0.000534214 0.026636 1.88219e-05 0.12883 0.00413128 0.00388796 0.0600561 3.07311e-05 0.0171647 0.0474871 0.220297 0.233268 9.13013e-06 
4.59781e-05 0.00333912 0.0131133 0.000113212 0.000517282 0.0287318 0.019937 0.100281 0.00248953 1.56855e-07 0.000924014 0.000715199 0.00351769 8.93788e-06 8.97882e-07 4.21085e-06 1.47336e-06 0.00257774 0.000833827 1.05669e-05 0.124983 0.0666413 0.00566411 0.0370691 8.07385e-06 2.7316e-06 0.0140847 0.0413639 0.532867 0.000153443 
0.00813297 0.0245165 0.0067431 0.000693492 0.0291541 0.0370888 0.0675734 0.112363 0.0138841 0.00685669 0.0104755 0.000749249 0.0180036 0.00337637 0.0525854 0.000581732 0.00139671 0.00319234 0.145385 0.00491905 0.0826206 0.00792779 0.0294349 0.0214761 0.00178307 0.0100336 0.02702 0.0584671 0.213547 1.89807e-05 
0.000259006 0.00401343 0.00634964 7.68824e-06 0.165729 0.00979403 0.0183457 0.0213686 0.0110917 0.00184863 0.00900992 0.000401199 0.00304284 4.68297e-05 0.00211234 8.07114e-10 1.79444e-06 0.0059267 0.0672608 1.45353e-06 0.0432879 0.000236135 0.0115945 0.0148175 0.000821592 0.00228724 0.0303916 0.0947755 0.475176 8.63137e-07 
0.000482215 0.00431061 0.00276162 1.03007e-05 0.0415578 0.00343702 0.055991 0.0274198 0.00190941 0.00148735 0.0142469 0.00280768 0.000694724 0.0029519 0.0104728 3.68952e-11 1.14187e-05 0.000151113 0.0311598 1.91206e-05 0.0753734 0.000281242 0.00385658 0.0119765 0.000206795 0.000810705 0.00742498 0.25061 0.44757 7.58414e-06 
0.0457833 0.00181007 0.00306677 1.46935e-08 0.00175376 0.0802466 0.0142141 0.0345551 0.00905642 0.0087874 0.0127306 0.000229028 0.00899218 1.68379e-07 0.0111709 5.28899e-08 0.095099 0.00102897 2.0991e-07 6.20045e-11 0.0698772 0.00033476 3.18595e-07 0.0820711 0.000126904 0.00180646 0.00223962 0.206454 0.308425 0.000139954 
0.000486159 0.00222043 0.000562647 8.6759e-06 0.00564603 0.119836 0.00846514 0.0538231 0.0452304 2.4222e-07 0.00796599 0.00137467 0.0417914 0.00223024 0.0110931 3.03054e-08 8.75325e-05 3.10107e-05 0.025717 0.000157888 0.0876614 0.000656709 0.107984 0.0157801 0.000172816 0.00086248 0.126367 0.124588 0.2092 2.29445e-08 
5.15767e-10 0.000283625 8.93492e-07 7.88705e-05 0.0801519 0.00514984 0.0794916 0.0427307 0.0400684 0.0382352 0.0629787 1.78774e-05 1.07092e-09 5.2648e-05 0.00200169 0.00107263 3.88415e-09 1.49166e-05 0.120173 1.91594e-07 0.0464072 0.00705824 0.00373321 0.0834217 7.45468e-05 0.00178592 0.00402629 0.104369 0.276622 1.11765e-07 
0.0049094 0.0102426 0.00817856 0.00160405 0.0863707 0.0240629 0.0832015 0.0127052 0.0701959 0.00139866 0.0410927 0.001322 0.00444937 0.0044515 0.00506662 5.31298e-06 0.00046463 0.00284491 0.0864906 7.04073e-06 0.0707782 0.000592216 0.0916972 0.01043 0.000103296 0.00125052 0.0207055 0.0946351 0.260734 9.68984e-06 
0.00035176 0.00195938 0.000370751 5.66761e-05 0.00982004 0.0392609 0.0225657 0.0106183 0.00720931 3.72579e-05 0.00335775 5.57951e-05 0.0587876 0.00423526 0.00365383 2.33075e-10 5.94366e-06 0.000115234 0.00276642 0.000312526 0.102895 0.00362788 0.0113904 0.0117158 3.12863e-05 0.0431562 0.113412 0.0782924 0.469939 1.9686e-08 
0.00649951 0.00298185 0.000261043 5.21925e-05 0.00670293 0.0692327 0.0153979 0.0743139 0.0157437 0.00301949 0.0730786 1.64747e-06 0.0804819 0.00598557 0.00674696 5.44764e-07 3.71216e-05 0.00037609 0.0322792 1.48691e-05 0.021095 0.00310317 0.012172 0.0251101 0.00128057 0.000756129 0.0225142 0.256547 0.264197 1.70112e-05 
8.67549e-05 0.000315888 0.000263661 0.0109038 0.0991736 0.110936 0.00296394 0.00639685 0.0122317 0.0487392 0.0398067 2.36302e-06 0.00848325 9.02902e-05 0.00106934 2.50216e-10 0.000511019 0.00182396 0.0244785 6.77398e-11 0.201332 0.000257932 0.00704495 0.043093 2.10619e-05 0.0342913 0.0175232 0.122917 0.205226 1.67375e-05 
0.00452377 0.0218018 0.000560092 0.000293945 0.00606391 0.203766 0.0728957 0.028388 0.0112549 0.0191856 0.0163459 9.15489e-08 0.0525737 6.48429e-05 0.00600217 0.00201635 8.17076e-08 0.000322428 0.00346399 0.210674 0.0176692 0.0170828 0.0200399 0.0176928 0.00165281 0.00226988 0.0141038 0.0349014 0.21439 1.06387e-08 
0.00663493 0.00371316 2.83894e-05 1.53641e-09 0.00496762 0.00572682 0.154576 0.00205332 0.00254435 0.000474488 0.00149945 9.61637e-10 0.00160278 0.000188971 0.0014031 1.67183e-09 6.00919e-06 6.36198e-10 0.000242545 0.000559251 0.00254135 0.000407851 0.00207147 0.00307834 2.70637e-05 4.63527e-05 0.0409842 0.146728 0.617894 1.27655e-09 
4.73607e-05 0.000421241 2.56104e-05 1.12845e-06 0.000325281 0.00723964 0.000694756 0.00688976 0.00337784 5.0579e-05 0.055163 5.34663e-06 0.0317446 6.77833e-05 0.000163713 1.46414e-06 7.57213e-06 1.43018e-05 0.00231153 5.9615e-05 0.00704162 0.0159016 0.00177433 0.005497 1.69303e-05 0.000563775 0.0296149 0.125558 0.705418 1.11796e-06 
0.0690395 0.0260979 0.000977246 0.00612031 0.102157 0.036077 0.00507249 0.027393 0.0174861 0.00154798 0.02046 6.03439e-05 0.00742847 0.000115875 0.000602043 1.40939e-06 0.0152763 0.0120979 0.0135407 2.32272e-05 0.0580229 0.000934494 0.000151184 0.0697308 0.000452176 0.0139201 0.00377462 0.23903 0.252396 1.22887e-05 
0.00111945 0.0102472 0.00180474 0.00665068 0.13757 0.025823 0.0492768 0.126984 0.00652648 0.0144237 0.0207433 3.99556e-05 0.0509934 0.00492287 0.00920326 0.00318092 0.00213131 0.00126334 0.00494412 0.00205282 0.0743535 0.00707866 0.0130006 0.121613 0.000847314 0.00267826 0.115565 0.0283931 0.156569 1.15805e-06 
4.42859e-05 0.00022738 0.000826367 2.09599e-08 0.185826 0.0075193 0.01321 0.0135615 0.000445115 0.000524567 0.0301087 5.702e-10 0.00160429 0.000175901 0.000243434 2.65714e-10 6.42892e-06 0.000271263 0.0276437 2.55512e-07 0.00942752 1.24367e-05 0.0543634 9.79573e-06 0.000103369 0.000534115 0.048949 0.0272842 0.577074 3.60611e-06 
5.54947e-08 0.0110095 2.1485e-06 5.56793e-07 1.68284e-07 0.00332083 0.00399825 0.0247772 0.0519417 2.11978e-06 0.0123609 1.63858e-06 0.00723643 1.9218e-07 1.33361e-05 2.40393e-07 2.00776e-06 0.0118637 0.0187641 1.52167e-06 0.0313159 3.81688e-05 0.0203193 0.0115131 2.51907e-07 0.0071947 0.13609 0.0838328 0.564398 1.82873e-06 
0.000378293 0.00234957 0.00242188 9.14194e-06 0.0805267 0.0268018 0.0344006 0.109761 4.15735e-06 0.0271262 0.0433868 0.00423453 0.0219187 2.68924e-05 0.00921158 4.81102e-06 3.08252e-06 0.00899088 0.163454 9.56484e-06 0.0114912 0.0497557 0.00136927 0.011216 0.000427045 0.000790352 0.0477065 0.140706 0.201426 9.20977e-05 
6.114e-05 0.00419446 0.00016888 8.59804e-05 0.106282 0.0321762 0.0123094 0.0211442 0.00452546 4.50645e-07 0.025017 4.27254e-11 0.0389241 1.06118e-07 0.00237365 7.42793e-11 3.23568e-07 2.82662e-11 5.41639e-07 6.37323e-09 0.0288737 0.00014079 0.161634 0.0101362 3.7784e-05 0.00276513 0.185025 0.113647 0.250477 5.31979e-09 
0.0036876 0.0185023 0.000489279 2.44796e-06 0.0297513 0.000166011 0.0921245 0.00633475 6.39817e-05 7.78704e-07 0.0678757 0.000111252 0.000799166 1.60423e-09 0.00219357 2.76897e-09 1.75114e-06 2.79934e-05 1.17458e-06 2.91613e-09 0.129268 4.69564e-05 1.84763e-06 0.0550405 0.000441499 6.85008e-06 0.00322953 0.207672 0.382159 4.46823e-07 
0.00035617 0.000227254 6.41021e-05 1.89633e-06 0.00575275 0.0983859 0.00700309 0.00479808 0.000615988 1.19679e-06 0.0742475 1.40953e-08 0.151797 5.04537e-05 0.0205506 2.05759e-11 0.00104096 1.19827e-05 0.000605507 0.00021168 0.0198839 2.64014e-05 0.00371121 0.0029418 0.000162997 0.000856085 0.035433 0.225598 0.345665 3.16076e-09 
7.97817e-05 0.00260367 1.54694e-05 2.0302e-05 0.0225106 0.129707 0.0435247 0.0107446 0.00210127 0.000110518 0.0143359 6.37986e-06 0.0225661 0.000288413 0.0137428 5.0449e-08 0.0010701 0.0303019 0.000695573 0.00151881 0.0180448 0.00363597 0.0342613 0.0185308 2.78516e-05 3.54259e-06 0.0327164 0.0824121 0.514423 1.88914e-09 
0.0106059 0.0172731 0.00450995 0.00270696 0.0586548 0.0342417 0.0421774 0.0323148 0.0291371 0.00189763 0.0193042 0.00241928 0.0107513 0.00139474 0.027765 8.08707e-07 0.00593011 0.00303618 0.127434 0.000994435 0.122198 0.00245802 0.0122724 0.0458607 0.00104088 0.020004 0.0478014 0.115886 0.19992 8.88877e-06 
6.30154e-07 0.000230908 1.19636e-05 4.42994e-05 2.53579e-05 0.0182846 0.00927119 0.00355146 0.00553665 2.29266e-07 0.00214442 7.36471e-08 0.0862241 0.000136169 0.0134102 3.85309e-09 1.50302e-07 1.63418e-07 0.0134813 0.00343785 0.0139626 0.000209621 0.0782899 0.0285811 4.5775e-05 0.00135853 0.0211298 0.0188873 0.681744 2.20574e-08 
0.0313881 0.0110717 0.00101356 0.00273566 0.0140663 0.0261827 0.0310355 0.130267 0.00253612 0.0026325 0.0129847 7.09665e-05 0.0494829 0.00130908 0.00395557 1.13618e-07 3.42324e-05 0.00024268 0.00815363 0.000157598 0.0672776 0.00409317 0.00230939 0.0323777 0.000721755 0.0136155 0.0394418 0.112999 0.397829 1.42172e-05 
3.79282e-06 0.00529132 0.000615658 0.00219875 0.0031195 0.00481269 0.0309747 0.0105972 0.000964565 0.0019143 0.00102822 7.57775e-06 0.0401723 0.0048238 0.0126719 2.40097e-09 5.29789e-06 0.00026448 0.000833331 1.17347e-06 0.0127853 0.0661535 0.00188165 0.00274705 3.7143e-07 0.00263502 0.0949003 0.304179 0.394383 3.48837e-05 
5.32725e-06 8.02252e-05 1.21076e-08 5.48832e-06 0.0213835 0.00371914 0.00135302 0.00162582 0.000157394 1.39724e-08 0.000844688 7.3127e-12 0.00268758 8.77528e-05 0.00283139 1.27133e-11 5.08577e-08 4.83792e-12 2.84378e-07 1.3389e-11 0.0899425 7.9525e-09 0.0062933 0.00556834 1.06665e-05 1.09005e-07 0.0520986 0.0250253 0.786279 1.20939e-07 
0.0207926 0.00486734 0.000300564 3.91027e-07 0.00238479 0.036682 0.019237 0.0163282 0.00196355 0.00782478 0.0106272 0.000141242 0.0189923 2.0372e-05 0.00464015 5.38663e-06 2.94813e-07 5.07765e-06 0.0377257 0.000140577 0.091836 1.76873e-05 0.00721467 0.011634 5.45249e-05 0.00997749 0.00855203 0.25372 0.434314 4.84866e-08 
1.49771e-05 0.000244845 0.00316339 7.44547e-12 0.004898 0.000955389 0.00273015 0.00208192 0.000588206 7.14314e-05 0.00281972 2.64243e-11 0.00105084 0.00189314 0.0199667 4.59394e-11 2.61227e-08 1.04942e-05 0.05496 1.82279e-05 0.0155212 4.56134e-08 0.00183408 0.00221816 2.04481e-11 8.70193e-09 0.00280945 0.00573491 0.876415 3.50776e-11 
0.00098384 7.15381e-05 9.3645e-05 8.55578e-05 0.0388865 0.0060859 0.00383532 0.000647483 5.53764e-05 1.90894e-12 0.000577953 2.77609e-12 0.00247126 9.89057e-09 0.00797771 4.82632e-12 3.01595e-08 3.36259e-08 7.8394e-08 5.08284e-12 0.0992981 4.71567e-09 0.000974982 0.00817332 1.86288e-05 2.05001e-08 0.0944892 0.028924 0.70635 2.1855e-10 
8.67084e-05 0.0262775 0.00643754 4.86878e-05 0.00165751 0.0123859 0.0259265 0.051018 0.161807 0.000612575 0.0210971 0.00942432 0.0005677 5.89154e-05 0.000818954 5.95108e-09 1.03511e-07 0.00100511 0.142545 5.18429e-05 0.158331 0.000684311 0.00346032 0.105289 5.56861e-05 0.00149765 0.0183554 0.0814211 0.169004 7.4448e-05 
0.00163107 0.00712924 0.000366211 5.17672e-05 0.0259062 0.028124 0.0226446 0.077092 0.0282368 0.00543988 0.02597 3.17871e-05 0.00316115 0.000161303 0.00386898 0.000107527 1.25644e-05 0.00216751 0.182814 0.00226414 0.0572715 0.0175206 0.0159938 0.0383575 0.000322119 0.00279184 0.0478684 0.12362 0.279065 8.38308e-06 
0.00562474 0.0039951 0.00190531 6.18596e-05 0.0879411 0.0833204 0.0321366 0.0311676 0.00721195 0.0473624 0.139164 8.25321e-05 0.141591 0.00372015 0.0272085 8.57181e-08 0.0019532 0.00114972 0.0108367 0.000596485 0.0134993 0.00472205 0.0199081 0.0177589 0.0010741 0.00289824 0.0160988 0.0826821 0.214326 2.28778e-06 
3.6543e-06 0.0516363 2.76877e-06 8.41704e-06 4.12274e-05 3.16398e-06 0.0728321 0.0500611 0.0020508 7.63142e-07 0.0151443 0.000362407 0.00788551 0.00181598 0.00461878 3.03603e-07 9.17112e-08 0.00076147 1.04381e-06 1.75478e-10 0.0130418 0.2226 0.00397233 0.0219293 5.02402e-08 3.61947e-09 0.0419257 0.232471 0.256829 1.11602e-08 
9.19497e-07 2.01969e-06 1.94847e-09 8.93869e-10 3.28068e-06 0.00444908 3.29088e-06 0.0100158 0.000715004 1.5073e-06 1.27303e-06 2.71639e-08 0.0586018 3.19533e-09 1.15013e-05 5.51528e-09 4.48132e-09 3.38432e-08 0.0060712 5.80841e-09 8.02757e-07 1.09632e-06 0.000205074 0.00270689 3.95858e-08 4.53226e-06 0.0228724 0.342495 0.551838 1.42574e-07 
8.20265e-06 7.66534e-05 3.53443e-06 4.2508e-08 0.00702257 0.0353033 0.00322349 0.000318375 0.00326535 3.87595e-05 8.56394e-07 1.56665e-06 0.00853867 0.00023368 0.000179272 4.97777e-09 1.87821e-05 1.89424e-09 0.000798516 0.00146668 0.0548084 1.20317e-09 0.0621535 0.00527087 2.12184e-07 1.2174e-06 0.0335794 0.00318859 0.780498 1.35273e-06 
0.00353792 0.00503134 0.0070372 1.73165e-05 0.014509 0.0449807 0.0759713 0.0560897 0.00151102 0.00538832 0.000131644 0.00127553 0.00474025 0.000139807 0.0531361 1.01072e-09 2.41591e-06 1.65507e-05 0.0239854 1.06443e-09 0.104844 0.00108896 0.000196152 0.035189 0.000769289 2.22678e-06 0.0863487 0.121225 0.352835 3.49011e-07 
0.00101735 0.000421662 0.0182402 2.2151e-05 0.0151494 0.0141818 0.00492133 0.0617934 0.0394532 0.000654264 0.00775004 2.08895e-05 0.0589847 0.00987477 0.000727296 1.3088e-05 0.000285654 0.00119646 0.0769846 0.010092 0.000508884 0.187937 0.000230735 0.0598376 0.000464055 1.72559e-05 0.0358693 0.0395735 0.353708 6.88758e-05 
0.0036469 0.00246572 0.000253817 5.79781e-07 0.00634355 0.22043 0.0186343 0.0263831 0.00823375 0.00200572 0.0401582 0.000338938 0.0632678 0.00190331 0.0179223 0.000617478 0.000173168 0.000592046 0.00783931 0.000333606 0.0131547 0.00656041 0.0763505 0.00434486 0.000216809 0.0233079 0.114317 0.0946453 0.24556 8.52623e-09 
0.0142561 0.0203663 0.00278466 1.92604e-05 0.000197668 0.0117433 0.0187866 0.0135748 0.00209047 0.0019807 0.00236593 0.00179287 0.0422343 0.00018092 0.0110156 1.14319e-06 2.17405e-06 0.000389329 0.000735317 0.000182896 0.00394078 1.32831e-05 0.0223473 0.0102293 3.61605e-05 1.46774e-06 0.107284 0.066177 0.645115 0.000155616 
0.050017 0.0201568 0.00135897 2.56835e-05 0.0205518 0.0427582 0.0946294 0.146418 0.0124814 0.0154372 0.0138827 6.90318e-05 0.0191991 0.00279471 0.0184865 9.56706e-08 0.000119448 0.00198791 0.0340537 0.000670525 0.0184758 0.0654691 0.0366741 0.0345021 0.0184941 0.0123918 0.0294717 0.0762142 0.213187 2.23671e-05 
0.00441158 0.0044164 0.00045792 0.000346837 0.00877585 0.0458468 0.00872658 0.0267061 0.0052316 0.00404084 0.115122 7.20741e-05 0.0253957 0.000105477 0.0011408 5.64238e-08 2.16497e-05 0.000975612 0.0103417 0.00185025 0.0529949 0.00751796 0.00535233 0.0332114 0.000464281 0.0568662 0.0101016 0.0623516 0.507135 1.8723e-05 
0.000710697 0.0133496 0.00200655 2.07369e-05 0.172534 0.00894879 0.0516989 0.077757 0.0561636 0.0168663 0.00135612 0.0011097 0.00110018 0.0175257 0.0241317 0.00200195 2.49853e-05 0.000446414 0.0228288 0.000344546 0.0298793 0.000563025 0.000597766 0.0118481 4.1155e-05 0.00157775 0.00415006 0.219879 0.260535 2.19026e-06 
0.0442331 0.00373764 0.000999551 0.00625377 0.0364364 0.196145 0.0260152 0.0189106 0.00209121 0.0136189 0.0325202 9.20346e-05 0.00630573 0.000399947 0.018782 3.51396e-08 0.000154171 0.0044581 0.00479907 1.25429e-06 0.0927425 0.00143956 0.00694343 0.0390928 2.16203e-05 0.0253034 0.0635278 0.150073 0.204901 5.63179e-07 
0.00215873 0.0659387 0.000407978 0.000366772 0.0477035 0.0538254 0.00665949 0.028891 0.00986542 9.93925e-05 0.0109953 2.6988e-05 0.0299813 0.00587757 0.00285386 2.22254e-08 5.45256e-06 0.000612892 0.00447914 0.00170953 0.0220678 0.00669265 0.0214311 0.0297266 0.000558612 0.144562 0.0305417 0.133741 0.338207 1.34708e-05 
0.00802683 0.00794902 0.00752292 2.338e-11 0.00543615 0.0087494 0.0441545 0.0034857 0.00287846 4.53347e-07 0.00112054 8.29768e-11 1.78539e-06 0.000157917 0.00193284 1.44258e-10 6.72943e-07 5.48957e-11 0.137561 2.94141e-07 0.164937 2.13485e-08 0.0102895 0.00171535 6.42106e-11 0.000571878 0.0630863 0.0173239 0.513097 1.52848e-08 
3.77708e-06 0.000152287 0.000201885 1.3941e-05 0.000559637 0.00955031 0.0290925 0.00933652 0.00123398 0.0607909 0.00204127 2.86515e-06 0.106415 0.00017535 0.126824 4.4935e-08 0.00135228 0.00253113 0.000629118 0.0267847 0.0106626 0.0076579 0.00241221 0.0385836 3.02981e-06 0.00319909 0.00178858 0.0588666 0.499134 7.57151e-07 
8.86314e-05 0.00472458 0.00117433 1.02828e-05 0.00635773 0.0327804 0.0447935 0.0296607 0.0379797 0.000294105 0.0304619 5.514e-09 0.00216711 0.000922378 0.00159813 4.30216e-05 4.10078e-05 0.00025292 0.147666 0.00145055 0.121396 0.00565436 0.0639819 0.1386 9.36726e-05 0.00290952 0.0224004 0.0372935 0.265202 1.89277e-08 
0.0187074 0.0037597 0.00797443 3.05045e-05 0.0603963 0.023215 0.0622878 0.00542618 0.00110187 0.000373078 0.00117959 0.000216445 0.00151015 2.48806e-05 0.0730859 4.35834e-05 0.000150034 9.18121e-05 0.0516263 0.00617477 0.185949 0.000406721 0.00514204 0.00762936 0.000312241 0.00325528 0.0156381 0.0712403 0.393044 6.56686e-06 
0.0149107 0.015771 0.00380857 0.00404632 0.0577528 0.0228654 0.0379476 0.0756663 0.0296163 0.00465751 0.039025 5.14519e-05 0.00911338 0.00357371 0.00534598 0.000272752 0.00191216 0.0080634 0.139702 0.000335118 0.070974 0.00291045 0.00912232 0.0216474 0.00198134 0.00941925 0.0989323 0.101737 0.208823 1.55371e-05 
0.00052365 0.000351917 0.000419832 5.52874e-05 0.0592285 0.0460909 0.0161789 0.0607293 0.00361761 0.000395855 0.0305407 2.71911e-05 0.0148003 0.000380463 0.0331554 4.06341e-09 5.16839e-06 0.000647213 0.0399703 1.19541e-05 0.0938843 0.00162908 0.0113977 0.0390135 7.18377e-05 0.00890846 0.0646937 0.113433 0.359613 0.000223933 
1.61815e-07 3.97077e-07 3.12299e-07 6.51997e-08 1.43388e-06 0.0679283 1.5344e-06 0.214074 0.000572533 0.00100324 0.0876412 0.0212745 0.0173058 2.27316e-07 0.00909999 4.96593e-11 1.49333e-07 1.45133e-06 0.00637922 1.49579e-06 1.20689e-06 0.065566 8.0343e-08 0.0408511 3.55895e-07 0.0208395 0.0223755 0.203101 0.221979 5.6915e-08 
0.0242858 0.0146149 0.00557771 0.000873392 0.0670281 0.0200875 0.0373373 0.0435445 0.0122128 0.00149146 0.0174616 0.00850693 0.00677989 0.000412529 0.0229483 2.83382e-05 0.00010789 0.0019262 0.0337404 0.000745601 0.183745 0.0112415 0.00930986 0.0490347 0.000105993 0.00771001 0.032339 0.192857 0.193942 3.81543e-06 
0.0329146 0.00405933 0.000474447 0.014776 0.00892226 0.00752168 0.0741421 0.00317524 0.000527562 0.0320546 0.00394158 5.72597e-08 0.0542954 7.49602e-05 0.00643276 1.26008e-09 0.000651866 0.00137432 0.00017754 0.000423911 0.0513605 0.000108764 0.0289398 0.00273367 0.000133054 0.000669715 0.0146655 0.104523 0.550913 1.30485e-05 
0.0074861 0.0166005 0.00453506 0.00391234 0.0352508 0.0929373 0.023414 0.0636948 0.0621194 0.00478318 0.0699391 0.00148071 0.0499633 0.00328506 0.0100981 0.000149119 0.00414976 0.00247177 0.064841 0.00221192 0.099155 0.00872824 0.0157665 0.0722648 0.00135056 0.0296663 0.0600128 0.0854761 0.104232 2.46701e-05 
0.0960879 0.0987243 0.0188247 8.42222e-06 0.0141416 0.00646524 0.152789 0.0334559 0.0024147 0.00462107 0.023952 8.36591e-05 0.00550636 0.000511555 0.00717516 3.32402e-08 0.00161156 0.00014742 0.0855328 0.000199037 0.0545495 0.00355037 0.00355606 0.0190688 0.000210272 0.000457184 0.00692302 0.0991859 0.260205 4.08097e-05 
8.885e-06 0.0134493 4.27731e-06 6.28601e-06 0.00465235 0.142593 0.0140476 0.0163974 0.00382183 0.000108286 0.0214592 5.83996e-05 0.00475 0.00100478 0.00227176 2.12017e-05 0.000136342 0.00581504 0.00800225 6.90701e-06 0.0234646 0.000561455 0.0054433 0.00418758 9.2388e-06 0.00046964 0.040463 0.0304387 0.656348 3.77135e-08 
1.63568e-07 0.0223646 6.62441e-08 7.49189e-08 0.0156787 0.0538421 0.00864379 0.0508448 1.76559e-06 0.00202288 0.106391 3.9046e-07 1.56421e-07 0.0341784 0.000387131 0.147509 0.000215523 0.00387211 0.0170524 1.11319e-06 0.0298154 2.48458e-07 2.43286e-06 0.0249578 1.43875e-11 9.97725e-12 0.207126 4.49422e-07 0.274986 0.000105995 
2.40931e-05 0.000207847 7.18222e-07 6.35702e-08 3.38e-05 0.00214295 0.00915659 0.000100589 0.000123923 9.58102e-07 0.000169829 1.40887e-08 0.134766 0.000229359 0.00140884 2.44936e-08 1.99018e-08 1.6584e-07 0.000472925 0.0133174 0.00139921 8.33305e-05 3.779e-05 5.79116e-05 3.28604e-06 1.09281e-06 0.00014558 0.00639809 0.828991 0.000726774 
2.01602e-05 0.00058548 3.58704e-05 0.0310625 0.0186237 0.0371444 0.000232702 0.100254 0.0223168 4.45637e-06 0.00128136 1.67313e-05 0.00386265 8.12964e-09 0.000685149 4.18397e-07 2.98195e-05 4.73072e-05 0.00277274 6.65729e-07 0.160982 3.3917e-09 0.0431061 0.000627353 5.67138e-05 0.168749 0.0605629 0.00399234 0.342946 1.3119e-06 
0.0091119 0.000236943 5.64939e-05 1.09446e-06 0.00889292 0.0123244 0.00485162 0.0123452 0.000613549 6.18219e-05 0.214485 1.10771e-07 0.00607588 0.000308341 0.000253161 5.34727e-07 1.98575e-05 2.00605e-05 0.000760378 1.21169e-05 0.0129071 0.00113835 0.00943422 0.00775998 3.54822e-08 0.00061907 0.0349759 0.0606242 0.60211 2.53735e-07 
0.00324821 0.00293859 0.00273704 2.45292e-06 0.0576954 0.00780326 0.0333192 0.0140982 0.00157735 0.0046719 0.00296001 5.67824e-06 0.0372042 0.000535318 0.00788669 9.59837e-09 2.44722e-05 0.000410749 0.135588 0.00172893 0.0221023 0.000819529 0.00695826 0.00452261 0.000375479 0.000528193 0.0194663 0.0263128 0.604474 4.78329e-06 
4.72374e-05 0.000395457 4.26059e-05 3.96461e-05 0.00234019 0.119623 0.000803866 0.0339133 0.113547 0.00594971 0.0301541 1.42577e-06 0.00809831 0.00257262 0.00182286 6.5349e-06 1.39566e-06 0.00131526 0.0111638 4.4987e-07 0.00692018 0.000256199 0.0162588 0.0103081 0.000189966 0.00013105 0.00282421 0.0309564 0.600316 4.525e-07 
0.000224197 0.0205214 0.000311838 4.7544e-05 0.0163327 0.0675797 0.00532552 0.0328808 0.000240615 8.22046e-06 0.0015227 2.66593e-05 0.0048989 9.57477e-05 0.241578 2.74571e-09 2.09367e-05 0.00237206 0.0167602 0.000172655 0.0474241 0.0130158 0.00548778 0.0679967 8.7144e-06 0.0154742 0.0201378 0.0344074 0.385128 6.10465e-08 
0.000539467 0.00389778 0.000428729 2.79189e-05 0.00897468 0.0715343 0.00438198 0.104793 0.000250626 0.0375062 0.204679 8.68417e-06 0.139601 0.000153731 0.00515555 1.0031e-06 0.000110146 0.00013306 0.00423174 0.00492722 0.0289644 0.00218494 0.0180113 0.0209956 4.81425e-05 0.0056754 0.00761789 0.0415499 0.283617 1.7434e-07 
0.0038585 0.00635465 0.00200808 0.0018735 0.141734 0.022675 0.0236087 0.0341285 0.00990736 0.000506038 0.0485114 1.19943e-06 0.023362 0.000644046 0.00142763 1.01694e-08 0.00010417 0.000990065 0.0700689 4.64604e-05 0.0861891 0.00287908 0.0424387 0.0376672 0.00164068 0.0479868 0.0750006 0.100437 0.213948 2.27009e-06 
4.38576e-05 0.018506 0.000219689 6.57706e-09 0.00455865 0.0014267 0.13929 0.00606156 0.000104123 0.0345055 1.75646e-05 2.6109e-05 0.156675 0.00114262 0.135996 4.05812e-08 1.80681e-05 0.00127763 0.00300165 0.00670603 0.00312714 0.116774 0.00506569 2.01485e-05 0.00140609 0.0104252 0.000988241 0.00627903 0.346339 3.09863e-08 
0.017193 0.0542361 0.0126041 5.36957e-05 0.00813078 0.0523018 0.170874 0.0283934 0.0101649 0.00424166 0.00518133 0.000306614 0.0190991 6.35639e-05 0.0547487 1.62185e-09 0.00884355 0.0152805 0.00481144 0.00348573 0.140468 0.00123821 0.000878455 0.0755339 0.000640801 8.99924e-05 0.0615061 0.0318035 0.217827 1.03538e-07 
6.58015e-06 8.3848e-07 2.08694e-10 2.68015e-05 1.50759e-05 0.138445 4.23984e-11 0.000874953 0.000309864 2.33648e-10 0.00769923 1.25873e-08 0.0818026 0.00230759 0.0021529 5.90725e-10 3.31065e-05 1.70985e-05 2.6703e-05 0.000612118 0.0778388 0.00060706 0.0051117 9.08072e-07 0.00017931 0.00126048 0.0223439 0.0172761 0.641051 7.63232e-08 
6.32406e-05 0.00132011 0.000591126 2.09851e-12 0.0896175 0.000980655 0.00410317 0.041428 0.000280568 1.92886e-07 0.00928832 7.44769e-12 0.00103864 0.000109999 0.00115067 1.2948e-11 0.000689791 5.2775e-09 0.0077028 1.36362e-11 0.0179994 3.12966e-12 0.000651682 0.000534353 9.35307e-06 4.63081e-05 0.0274653 0.140007 0.654922 9.88663e-12 
0.00465176 0.0308957 0.00108602 1.35818e-06 0.00794453 0.175576 0.0411399 0.062509 0.00347773 0.000470527 0.0164408 0.000219115 0.0799276 6.91027e-06 0.156437 1.20337e-09 0.00292905 0.00693225 0.0150637 0.0110954 0.0401193 8.83488e-05 0.000255427 0.0228681 7.05025e-06 0.00577814 0.0130302 0.0393722 0.261678 3.57139e-09 
0.00875211 0.0113236 0.0108209 0.00126691 0.0540933 0.0898469 0.0568347 0.129283 0.00501953 0.00630614 0.0203564 0.000202943 0.0198733 0.00106071 0.0208999 5.55585e-07 0.00119065 0.00343004 0.069504 0.000716207 0.127915 0.00422441 0.00652417 0.0164058 0.00116554 0.0118383 0.052287 0.0494294 0.219415 1.41508e-05 
2.51711e-08 0.000163133 5.66884e-08 1.037e-07 0.0503272 0.024786 0.00128136 3.57049e-07 0.000522676 2.39638e-07 1.66049e-07 2.0794e-08 0.00378221 4.69184e-08 0.000424972 8.36927e-11 0.000544781 1.45544e-07 5.33488e-07 0.00125231 0.177675 2.1063e-07 2.23704e-07 2.74845e-07 0.000638525 0.199172 0.00219559 0.0182119 0.51902 6.39046e-11 
0.00343788 0.00660102 0.0433003 3.03633e-05 0.0124718 0.155341 0.105811 0.0914015 0.000466203 0.00138937 0.00816986 0.00108541 0.00501241 0.0015206 0.00806593 3.71413e-05 0.000249604 0.000158127 0.0216856 0.00440206 0.139931 0.00218348 0.0261013 0.0103335 8.6129e-06 0.00386779 0.0134864 0.115884 0.217499 6.73431e-05 
8.54555e-07 0.016785 0.0123472 0.00298467 0.0134424 0.0886317 0.0858052 0.0607581 0.00432353 0.01076 0.0310318 4.51606e-05 0.00484815 0.000504405 0.120302 1.48071e-09 0.00736673 0.0460707 0.0605575 2.10343e-06 0.0146586 1.62759e-07 0.0133201 0.0514451 0.00110019 0.0106574 0.0400897 0.123273 0.178889 1.13061e-09 
4.42859e-05 0.00022738 0.000826367 2.09599e-08 0.185826 0.0075193 0.01321 0.0135615 0.000445115 0.000524567 0.0301087 5.702e-10 0.00160429 0.000175901 0.000243434 2.65714e-10 6.42892e-06 0.000271263 0.0276437 2.55512e-07 0.00942752 1.24367e-05 0.0543634 9.79573e-06 0.000103369 0.000534115 0.048949 0.0272842 0.577074 3.60611e-06 
0.0307819 0.00892632 0.00313394 4.84988e-06 0.0181225 0.00328827 0.0541582 0.00780495 0.00183436 0.00184172 0.0888639 1.65324e-05 0.0063727 0.00353983 0.00431995 6.00812e-07 5.43122e-06 0.000871879 0.186952 0.000287052 0.0435815 0.000192545 0.00909823 0.00783018 0.00231193 0.00012451 0.00440538 0.235228 0.276088 1.21175e-05 
4.12717e-06 2.255e-05 5.85051e-05 3.02385e-09 0.0148409 0.0031987 0.00820052 0.00139233 3.50174e-05 8.60158e-12 0.0019438 1.25089e-11 0.0762262 0.000560487 0.00143412 2.17471e-11 5.33132e-05 0.000610267 0.000403427 2.55517e-05 0.00236012 3.36417e-05 0.000162655 0.000507443 4.94051e-08 0.00172826 0.0250165 0.0287598 0.832422 1.66053e-11 
0.000671495 0.106258 9.83658e-05 5.36998e-05 0.0187814 0.00631457 0.207299 0.0276152 0.00601897 0.00109029 0.000454411 1.49695e-07 0.00199243 8.18318e-08 0.00756841 7.47644e-11 2.4076e-08 4.10941e-08 0.000373088 1.38384e-08 0.118832 9.83931e-05 0.00308462 0.0189113 0.000113521 5.48151e-05 0.0366968 0.0914527 0.346166 6.6903e-08 
3.2172e-05 0.0168748 0.0558929 0.00356013 0.133377 0.0813288 0.0194803 0.0446817 0.00328377 0.000840457 0.0128639 8.61782e-06 0.0211774 0.000213882 0.116458 8.2075e-08 0.0124993 0.00325293 0.00107442 0.104639 0.0140944 0.0115956 1.53495e-05 0.0778633 0.000125139 0.00907204 0.0144709 0.0659292 0.175294 5.3212e-07 
0.0457833 0.00181007 0.00306677 1.46935e-08 0.00175376 0.0802466 0.0142141 0.0345551 0.00905642 0.0087874 0.0127306 0.000229028 0.00899218 1.68379e-07 0.0111709 5.28899e-08 0.095099 0.00102897 2.0991e-07 6.20045e-11 0.0698772 0.00033476 3.18595e-07 0.0820711 0.000126904 0.00180646 0.00223962 0.206454 0.308425 0.000139954 
1.21961e-11 0.00228025 3.99346e-11 1.83202e-11 0.00198561 0.0190951 0.000266528 0.0183128 0.00338235 3.38194e-07 1.54502e-06 6.50192e-11 0.0540459 0.00187111 2.30752e-07 5.31557e-07 9.18465e-11 4.30153e-11 0.00217043 4.50892e-08 0.0239217 0.000362084 0.0091299 0.00259316 6.05476e-07 0.00254818 0.296366 0.180191 0.381468 6.72271e-06 
0.00221065 0.0341337 0.0342563 8.48519e-05 0.165606 0.00369165 0.034932 0.0338768 0.00292034 0.000226372 0.000492142 2.30291e-06 0.00637812 2.48686e-06 0.000161173 3.6034e-11 1.13365e-06 0.000121904 0.00434815 7.98629e-06 0.173522 7.15206e-10 0.00769175 0.00452651 0.0435988 0.0326474 0.0520176 0.173347 0.189189 5.29161e-06 
6.0378e-07 0.0504337 0.000115826 1.52622e-08 0.0052125 0.0161702 0.0295561 0.0142864 0.000147365 0.000857742 0.00712622 2.62693e-06 0.00214377 0.000510637 0.00245529 4.55856e-10 5.9411e-05 0.000266352 1.47222e-06 4.94632e-08 0.009675 0.000442292 0.00090793 0.00382013 5.92167e-05 2.80259e-07 0.0749697 0.134448 0.646332 1.13568e-08 
1.03503e-11 0.00341889 0.000311624 1.55476e-11 0.008767 0.000405508 0.00624233 0.00545662 8.31856e-06 6.4273e-05 0.00383867 5.51789e-11 0.000162448 0.000631375 0.00150782 3.43118e-08 3.39814e-05 0.000321978 0.0645096 1.48743e-07 0.00116211 2.06989e-08 0.000370414 5.9298e-08 1.38063e-07 1.54066e-08 0.00690308 0.030858 0.865025 1.53746e-07 
0.00535451 0.0267983 0.00612953 3.11255e-07 0.0208534 0.00737751 0.051803 0.0185523 0.0142204 0.00852442 0.0392523 3.10979e-07 0.0380616 0.00248813 0.00737537 3.10696e-07 3.10822e-07 0.00146252 0.0671703 0.00105656 0.0666166 3.11202e-07 0.00252057 0.0191751 3.11066e-07 3.11159e-07 3.11269e-07 0.161763 0.433442 3.10854e-07 
0.00557738 0.00774763 0.00402744 0.000533909 0.0402115 0.0397476 0.024587 0.028585 0.0610531 0.00368988 0.0257492 0.000915048 0.00676673 0.00528635 0.00713588 6.36794e-06 0.000147597 0.00203541 0.129072 0.000626578 0.123323 0.00213847 0.0136228 0.0336028 0.00158187 0.011779 0.0728333 0.0896104 0.257986 2.07028e-05 
0.00147114 0.00580617 0.00392567 0.000475779 0.0324726 0.0379258 0.0154172 0.0528281 0.0883777 0.00322793 0.0384878 0.000246999 0.00307848 0.00401851 0.0132362 1.70448e-06 9.10572e-05 0.00465618 0.059171 0.00294155 0.0784891 0.00771625 0.00607828 0.0348498 0.00276876 0.0338073 0.0382096 0.0822124 0.347952 5.88897e-05 
0.00508213 0.00427172 0.000259232 1.46969e-05 0.0350502 0.00375556 0.00254504 0.0225152 0.0375664 0.000184252 0.00577147 2.19222e-07 0.00216972 0.000683509 0.000102235 4.23184e-10 1.01051e-05 7.35053e-05 0.0529884 0.000906462 0.150771 9.787e-05 0.0050677 0.156867 0.000566256 0.0388069 0.119262 0.0910789 0.26353 3.14054e-06 
0.018793 0.0140557 0.00196185 6.24455e-06 0.0569413 0.00448016 0.0305474 0.0686526 0.00224709 0.00138079 0.0222434 8.63511e-05 0.00873535 0.000264779 0.0025096 4.14949e-07 0.000152416 0.000382713 0.0933341 0.000170168 0.0952414 0.000435411 0.0130449 0.00496623 0.00312198 0.00291702 0.048311 0.168793 0.336175 4.83565e-05 
