4.05034e-05 0.00486096 0.00617468 2.40307e-05 0.0380566 0.622665 0.0451654 0.0149097 0.00028479 0.00701328 0.0176389 1.53187e-06 0.0343221 0.000288624 0.00524853 0.0034901 0.000555033 0.000599297 0.0123048 0.000164993 0.011237 0.0197139 0.0142538 0.0478935 0.0297807 0.00498317 0.0343513 0.00773288 0.0162398 5.00245e-06 
0.761804 0.023507 0.00892691 3.92221e-05 0.000321384 0.0014375 0.0759601 0.00311435 7.81175e-05 0.0132698 0.00271398 0.000161369 0.00120301 0.00125037 0.00209629 5.29932e-08 0.00613315 0.00605182 0.0492127 0.000155505 0.00474898 0.000521266 5.45048e-05 0.00404996 0.000701492 0.000154186 0.00402561 0.0268815 0.00142311 2.42403e-06 
0.000203819 0.00328219 0.00050641 2.49069e-05 0.00683185 0.00482067 0.00778468 0.145541 7.49886e-05 0.000361374 0.0024668 0.000938053 0.00022795 0.000120335 0.000402186 3.80998e-06 4.41008e-05 0.00030555 0.0116098 0.000461098 0.673144 0.00195101 0.000990798 0.00586541 0.000782943 0.00103107 0.00098912 0.120602 0.00863164 7.25977e-07 
0.000121124 0.00296115 0.07629 0.0874624 0.00809183 0.00665884 0.0106554 0.00534717 3.3505e-05 2.2707e-05 0.00740526 8.46359e-06 0.00106474 0.000385859 0.175259 1.18639e-09 2.80269e-06 0.473906 0.000805281 0.00481932 0.041756 0.00107165 0.00117952 0.00643859 8.1027e-05 0.0460454 7.234e-05 0.030722 0.0113261 6.44897e-06 
0.000221401 0.00135425 2.82103e-05 7.45698e-06 0.00679852 0.213806 0.00565612 0.056442 0.0162712 0.000976022 0.0177875 8.15221e-08 0.00997922 0.0013667 0.000267534 8.06609e-09 4.50883e-06 0.000182896 0.111354 0.000352561 0.411097 0.00166109 0.00548773 0.0161607 0.00100188 0.00727379 0.0109793 0.017109 0.0863733 2.53431e-08 
0.000809691 0.0138742 0.00588982 2.12718e-05 0.00559221 0.000637696 0.933299 0.0020601 7.6789e-05 0.000842065 0.00143461 0.000595925 0.000466415 1.32364e-05 0.00140816 1.98664e-09 1.16536e-07 0.000137637 6.66748e-05 3.81991e-05 0.0155691 0.00109125 0.0025425 0.00225308 6.30193e-05 3.44519e-05 0.000609016 0.00802063 0.00255258 1.30126e-07 
0.040346 0.0100837 0.00290497 1.53437e-05 0.00942361 0.000895176 0.00283241 0.00234675 0.00122978 2.14306e-05 0.00121047 1.2857e-05 0.000330335 0.00387107 0.000176584 1.01434e-07 5.096e-06 3.55952e-05 0.00746366 2.00707e-12 0.0484007 1.22983e-05 0.000228481 0.0225886 0.00150156 0.00378188 0.825046 0.00758409 0.00765141 3.63632e-07 
0.00146211 0.0407825 0.00130206 8.34708e-08 0.000621187 0.0448997 0.0412339 0.226244 0.229865 0.0456407 0.0823084 7.15434e-07 0.000506728 0.00351804 0.000264578 1.09842e-10 0.000175476 1.62958e-06 0.076465 2.87716e-07 0.0785104 7.48378e-07 0.00515425 0.0197585 0.000157666 0.00966655 0.0496341 0.0199448 0.0218807 8.38716e-11 
0.0189729 0.0103452 0.0164339 5.73707e-06 0.000655532 0.0302802 0.0557842 0.00247788 1.29567e-05 0.00112663 6.63107e-05 0.010746 0.00225132 7.23875e-06 0.00563349 0.597339 8.10578e-06 1.36615e-05 0.0119986 9.4339e-07 0.164123 0.00107098 0.00355272 0.00397087 0.00159143 0.00136325 0.000522283 0.0580625 0.00158362 3.67041e-09 
0.0113807 0.00423474 0.0015131 0.000798042 0.0474102 0.0508845 0.0476518 0.0102196 0.0168283 0.0369333 0.0495332 0.000831154 0.018018 0.000267853 0.0255206 0.0186901 0.00341788 0.00240679 0.00854869 0.00895776 0.0821875 0.00221506 0.0307598 0.316394 0.0314907 0.0204162 0.00693563 0.0736947 0.0718546 5.45303e-06 
0.0189729 0.0103452 0.0164339 5.73707e-06 0.000655532 0.0302802 0.0557842 0.00247788 1.29567e-05 0.00112663 6.63107e-05 0.010746 0.00225132 7.23875e-06 0.00563349 0.597339 8.10578e-06 1.36615e-05 0.0119986 9.4339e-07 0.164123 0.00107098 0.00355272 0.00397087 0.00159143 0.00136325 0.000522283 0.0580625 0.00158362 3.67041e-09 
0.0352245 0.00796969 0.00378536 2.7359e-06 0.00277073 0.00155651 0.0350456 0.0157258 0.000219219 0.00282774 0.0017843 0.000619059 0.000309505 2.31864e-05 0.0020136 8.60092e-06 0.000121855 2.06112e-05 0.0372967 1.65927e-06 0.047157 0.000204675 5.22109e-05 0.00750554 1.8686e-05 0.00043697 0.0015167 0.776624 0.0191552 2.45859e-06 
0.0269128 0.0152057 0.0554464 8.47025e-09 0.0213121 0.226247 0.393248 0.0225519 0.0388291 0.0225563 0.00120466 5.23526e-05 0.0063061 5.10972e-05 0.016502 5.75831e-06 0.00221295 4.82343e-08 0.0127312 4.6695e-06 0.0710005 0.00105198 0.000139958 0.00274446 2.69562e-06 0.000192691 0.00368226 0.0388358 0.0209665 2.53729e-06 
0.130326 0.00503936 0.000348883 3.33132e-05 0.011422 0.00407641 0.0185585 0.0512815 0.00105077 0.00274753 0.171248 0.241731 0.0246119 0.0011704 0.00696713 9.17449e-08 9.27601e-05 0.000686657 0.000654833 0.00209189 0.00229662 0.00255638 0.000938901 0.0485017 9.04153e-05 0.000606431 0.00973959 0.23804 0.0230907 6.29022e-07 
0.00687224 0.00445119 0.000486359 0.00014612 0.0195685 0.0317035 0.0314656 0.0607808 0.0825306 0.00340421 0.145811 0.000155321 0.0131777 0.12025 0.00404679 0.000107424 6.10354e-05 0.00886294 0.160767 0.0104447 0.0254124 0.0212804 0.00163553 0.0621676 0.000342066 0.00493717 0.0384253 0.110358 0.0303378 1.12672e-05 
0.00182672 0.0690212 0.167496 2.78104e-07 0.0233128 0.00467778 0.0723046 0.190851 0.0392488 0.117396 0.0493132 1.31285e-05 0.000315104 8.59528e-06 2.7418e-06 5.95701e-10 2.08643e-06 0.000186682 0.0272205 2.6629e-07 0.121902 0.00303336 0.0131536 0.0211273 0.000214813 0.00119923 0.0260836 0.00142456 0.0486633 8.52042e-08 
0.00161559 0.024351 0.00509719 2.46389e-05 0.0123951 0.0166957 0.0108352 0.155635 0.0241835 0.0240964 0.0577371 1.26821e-05 0.0286013 0.00138251 0.00195988 2.60472e-07 0.0364433 7.09753e-05 0.0196858 0.00420613 0.0375746 0.012036 0.00688337 0.252443 0.00613549 0.00686183 0.00571018 0.149574 0.0977466 6.02913e-06 
0.0396144 0.169572 0.0189847 1.05231e-06 0.0390717 0.0315645 0.0520519 0.0106542 0.0275992 0.000116592 0.0146059 0.00299916 0.00326058 0.000705637 0.0292456 1.66451e-08 0.000144599 0.000138775 0.0925486 0.000107587 0.0839288 0.00888476 0.152895 0.0261562 1.06191e-05 0.000200107 0.0300946 0.0446296 0.120213 6.94323e-07 
0.00105728 0.00172041 0.00176168 1.45534e-05 0.0212081 0.00336103 0.00642893 0.0168598 0.00872843 0.000762749 0.000382165 0.000325908 7.52494e-05 5.31439e-06 0.000769729 4.64266e-09 3.94975e-06 0.000728796 0.0169482 8.96146e-06 0.816209 5.80967e-05 0.000173182 0.0189983 6.8358e-05 0.0133978 0.0134022 0.0377694 0.0187722 2.70853e-07 
7.68601e-05 0.0327124 0.00295563 4.99588e-05 0.048465 0.00155738 0.17494 0.0109107 0.0258773 0.043925 0.0113972 0.000388827 0.000461456 4.19835e-05 0.019187 6.49262e-09 1.42833e-05 2.2157e-05 0.0107109 0.00482919 0.0416092 0.0484846 0.393905 0.0629615 1.0001e-05 0.0043861 0.0056484 0.0124667 0.0419954 9.27957e-06 
0.000109892 2.76095e-08 0.138484 0.000621536 0.0467236 0.00386692 2.19913e-08 0.0625731 0.000274505 3.21532e-12 0.00198085 8.97316e-09 3.24905e-08 4.70972e-12 7.42511e-08 8.12918e-12 2.75584e-08 0.000853616 2.30624e-07 8.56124e-12 0.575032 6.551e-09 0.00203027 0.00215761 4.43397e-08 0.0900896 0.010059 0.0424299 0.0227124 6.20714e-12 
0.0063313 0.139891 0.0110183 1.05197e-05 0.128403 0.0743948 0.0170874 0.0767885 0.00122794 0.032227 0.0185434 4.05785e-05 0.0158917 0.000147544 0.00339253 2.93412e-06 2.1046e-06 0.00102164 0.0172408 7.64754e-05 0.041683 0.00167491 0.00609004 0.0113771 9.30434e-05 0.005392 0.112727 0.106324 0.170895 4.66959e-06 
0.00160006 0.0184897 0.0183334 2.97781e-06 0.10552 0.0217173 0.0876924 0.00455345 0.000140588 0.00334451 0.00134281 0.00384787 0.00175991 5.35187e-08 0.39418 1.00504e-10 0.000647491 0.000492397 0.00161638 1.33404e-06 0.0689685 1.7993e-05 0.00345903 0.00498084 4.73161e-05 0.00228011 0.00175314 0.12098 0.13223 2.47452e-08 
0.000812439 0.00268764 0.000180427 0.394458 0.00534427 0.032101 0.0162442 0.129289 3.46112e-08 0.00185592 0.0217744 1.24312e-05 0.0137049 0.000171517 0.0098844 8.21885e-06 0.000250562 0.000601166 0.0136126 0.00158882 0.158892 0.00872379 0.105663 0.0161415 0.00162569 1.16527e-07 0.0110063 0.0266509 0.0267095 5.45681e-06 
0.0149611 0.0041561 0.00167676 0.00160737 0.0808357 0.0359633 0.0363727 0.015672 0.00393199 0.0025246 0.240679 0.00675803 0.0385329 4.39581e-05 0.00205698 2.62077e-07 0.0015822 0.00138068 0.0194874 5.90809e-05 0.0546057 0.00590276 0.00358561 0.0249805 0.00142185 0.0348662 0.0147699 0.299415 0.0521583 1.18687e-05 
9.40265e-05 0.0354923 0.000163635 1.47836e-05 0.000669945 0.00965514 0.600062 0.111846 0.00038126 0.000537018 0.00141016 4.22545e-10 0.00823602 0.000335155 0.161794 7.34607e-10 1.61232e-05 5.48166e-05 2.56705e-05 1.78698e-05 0.00783027 0.000151271 0.00324889 0.0191758 1.43079e-05 0.00173284 0.0231053 3.00383e-07 0.0139347 1.58097e-09 
0.0264476 0.00150675 0.000991019 0.00682824 0.0123888 0.0361981 0.0274272 0.0428692 0.00217301 0.00140027 0.016555 0.000554958 0.422059 0.00226516 0.00259905 7.6588e-08 0.00238476 0.00318905 0.0281735 7.34897e-05 0.0449474 0.0332848 0.00777804 0.103471 0.0200816 0.00419454 0.126123 0.0168926 0.00712037 2.24669e-05 
0.0122621 0.00638862 0.000434547 0.00276722 0.0174329 0.0569438 0.0241433 0.0193134 0.0322928 0.0177083 0.434644 0.00248972 0.00626748 0.0016857 0.00302918 0.000236924 0.00128519 0.0383039 0.0427357 0.000700509 0.0197517 0.02509 0.00151358 0.0982184 0.00513118 0.00955673 0.0221706 0.0691696 0.0282503 8.29961e-05 
0.0303529 0.00698204 0.0081189 1.88407e-05 0.0345224 0.0230925 0.0175272 0.0488226 0.00144649 0.00112856 0.0244231 0.00058725 0.0112963 0.000138057 0.0232299 0.0004228 2.91223e-07 0.000959549 0.0338207 1.53639e-06 0.252813 0.00873946 0.00128579 0.0246965 5.24987e-05 0.0105627 0.0230748 0.27868 0.133199 4.49617e-06 
6.92422e-05 0.0229319 0.000106514 0.000100899 0.0032139 0.0990415 0.0227866 0.0344823 0.00117379 0.00251826 0.0214394 8.29268e-05 0.0319933 0.00020035 0.00075493 9.85854e-09 6.9513e-06 0.579444 0.0148565 0.00413656 0.0308994 0.0517479 0.000159408 0.0339351 7.78366e-05 0.0233044 0.00185706 0.0154138 0.00326428 9.14818e-07 
0.00158787 1.05658e-05 0.00441362 0.043897 0.000461397 3.48287e-05 0.119918 0.02086 1.82839e-09 0.00163649 5.5474e-05 2.40496e-05 0.0466948 4.06306e-05 0.145178 5.73913e-06 2.91513e-05 0.000250123 1.99429e-05 0.0322094 2.68921e-05 0.141306 0.353757 0.000767821 0.0642459 0.00218507 4.40111e-05 0.0203365 6.56046e-10 4.32938e-06 
1.12279e-07 4.23127e-07 5.88483e-06 1.28689e-08 0.0245498 0.00188121 0.00229775 0.03404 2.20307e-09 6.79235e-07 3.27934e-07 1.05389e-07 2.50918e-07 3.18502e-08 4.62777e-07 1.22139e-11 9.92418e-12 0.000987308 0.0187808 2.0325e-07 0.0602897 9.33794e-07 4.03198e-12 0.0104682 1.28852e-07 0.000554746 2.72904e-07 0.826515 0.0196261 9.32611e-12 
0.277938 0.210045 0.0115214 6.66031e-07 0.00183551 0.0323927 0.0735756 0.0286166 0.0637302 0.00120438 0.00422436 9.5836e-06 0.000789453 0.00113989 0.000662678 5.17345e-08 6.37118e-05 1.20389e-06 0.147912 1.60481e-06 0.0156253 2.82055e-06 0.0290972 0.00521006 0.00231658 0.000282753 0.0728244 0.00184842 0.0171272 8.0878e-08 
0.94351 0.010243 0.000395788 4.68223e-11 0.000477112 0.000609514 0.0271869 0.00195654 0.00138746 0.000432572 0.000154521 2.28282e-12 3.61011e-05 8.69186e-06 0.00579471 1.00494e-09 5.67601e-10 6.76068e-07 5.02457e-07 0.000332316 0.000578405 0.000245014 0.000131071 0.000230455 9.5137e-09 8.2399e-06 3.87768e-05 0.00140903 0.00483311 3.03038e-12 
0.000399288 0.00804088 0.599039 0.000453118 0.000507594 0.00270042 0.021867 0.0156178 0.000779122 0.005558 0.0271905 2.70557e-10 1.36325e-05 0.000378593 0.0262242 2.32091e-09 4.69306e-06 0.184946 0.00571965 3.31563e-06 0.00484927 0.00103326 0.00472948 0.00299955 0.00126294 0.0739211 0.00151931 0.00759485 0.00264601 1.06457e-06 
0.241454 0.0731309 0.0495512 3.54422e-05 0.00926118 0.00891295 0.380795 0.00786689 0.00446428 0.0163331 0.00103408 0.0079478 0.0007744 0.00116107 0.0586247 1.45548e-05 5.66161e-06 0.00129337 0.0114716 0.000117625 0.0300433 0.00111527 0.00107169 0.00660146 0.00150255 0.0106724 0.00848528 0.0578533 0.00840508 1.48969e-07 
0.0214689 0.944681 0.0108572 2.07865e-07 7.16457e-05 0.000131534 0.00798159 0.000383773 8.01111e-05 0.000158626 2.13318e-08 0.00630399 0.000201259 4.88526e-12 0.000350795 8.43217e-12 6.85139e-12 0.00313015 1.30432e-12 8.88033e-12 0.00125596 3.22789e-09 5.13017e-09 7.32511e-06 0.000162716 6.38193e-09 0.000918261 1.22252e-05 0.00184292 6.43849e-12 
0.0247571 0.00304322 0.00211386 0.000483378 0.0014747 0.00944514 0.0332704 0.0536529 1.80087e-05 0.0755952 0.0172694 0.000388056 0.0286329 0.000267254 0.0114614 1.52052e-07 2.07362e-06 0.0310194 0.00815719 0.0162917 0.00335911 0.589322 0.00797291 0.00611959 0.0444007 8.49504e-05 0.00585416 0.0125098 0.013033 2.50337e-08 
0.00156842 0.00058478 6.14105e-10 0.032339 0.00212754 0.29686 0.00570039 0.0115507 0.00118218 0.00151171 0.217138 0.000154261 0.0933558 0.00146519 0.000174913 1.49869e-05 5.20621e-06 0.0577528 0.00477325 0.0050695 0.00236152 0.18799 0.00212039 0.0204729 0.00773286 0.00301198 0.00299271 0.0291415 0.010847 8.67144e-07 
0.0367989 0.00663083 0.00422764 0.00061628 0.0246269 0.0475001 0.0110153 0.029407 0.00916701 0.000273794 0.0989507 0.000563112 0.00953717 0.000552582 0.00319107 5.25744e-08 0.00051549 0.00337454 0.0625824 5.25685e-08 0.0685568 0.00122704 0.00508604 0.0671268 0.000189546 0.00596561 0.0331462 0.370895 0.0981813 9.47348e-05 
0.0464627 0.0128095 0.0091307 0.000372108 0.044723 0.0246889 0.223388 0.00396826 0.00190844 0.010943 0.265806 4.54627e-05 0.0156013 0.00355312 0.000421099 8.66848e-08 1.84619e-06 0.0652861 0.187794 0.00178832 0.00619292 0.0234408 0.00227553 0.020636 0.000234599 0.000658074 0.0047679 0.0164089 0.00665731 3.65159e-05 
0.000187377 0.00340663 0.000764947 0.00197791 0.0279738 0.0732749 0.0157091 0.00407895 0.00187564 5.26481e-05 0.290753 6.75108e-05 0.00681445 5.57217e-05 0.000138976 3.33237e-11 0.000178178 0.000620385 0.00471208 3.50949e-11 0.0380957 0.000322041 0.00183682 0.0178252 0.000146471 0.000738133 0.0145811 0.438078 0.055733 1.4485e-06 
0.00680501 0.00790284 0.00210024 5.32369e-05 0.0693491 0.016403 0.0410127 0.0359068 0.0185957 0.00263687 0.0130472 0.00266258 0.0115589 0.000918598 0.00904785 9.10994e-06 0.00548201 0.00254919 0.170047 0.00138838 0.0668443 0.00750413 0.0159806 0.0137596 0.000975417 0.00733685 0.0236133 0.137464 0.30902 2.60992e-05 
0.00292576 0.00175961 0.000489323 0.0222753 0.000571273 0.475278 0.0053768 0.0149819 0.000236339 0.00299614 0.0682148 0.000219705 0.204323 0.00204256 0.00504651 1.21442e-08 0.00039735 0.00282582 0.00715987 0.00832696 0.00970064 0.0141107 0.0045537 0.036929 0.000445562 0.00883591 0.00553553 0.0259032 0.0685361 3.3108e-06 
0.0118009 0.0150004 0.0111492 0.000580204 0.00729834 0.0169621 0.144846 0.32434 0.00221505 0.00552959 0.000793107 0.00353534 0.00916734 1.5966e-05 0.036916 6.38528e-05 1.99176e-06 0.000634516 0.00104192 0.00706932 0.0059767 0.145364 0.074689 0.0260935 0.0159324 0.00292285 0.00117075 0.123458 0.00543152 7.61646e-07 
0.00105479 0.0069694 0.00148242 1.02786e-05 0.212765 0.00261167 0.0128329 0.0089518 0.192942 0.000617955 0.00426351 0.000156658 9.69436e-05 1.32847e-05 0.000346564 4.02005e-08 6.67313e-07 5.5918e-05 0.0118409 2.08373e-06 0.0756144 3.63607e-05 0.000554598 0.104765 3.07707e-05 0.000759183 0.12459 0.0525518 0.184082 8.76996e-08 
0.000863838 0.0027984 0.000288512 0.00848695 0.00564771 0.241901 0.00860333 0.099556 0.00557745 0.00122588 0.0487965 0.00106354 0.00360081 0.000736139 0.00324571 1.46105e-08 0.0927542 0.0426442 0.0448948 2.78108e-05 0.0122433 0.0172036 0.00138992 0.0488049 3.60541e-05 0.203383 0.00735823 0.0698123 0.0270555 1.96328e-07 
0.00219644 0.0192053 0.00402801 0.60637 0.0236005 0.0507197 0.0310358 0.0225321 0.000112279 0.0164467 0.0116012 0.000238013 0.0187977 1.15495e-05 0.00164646 1.57386e-06 0.00011777 0.0230956 0.0602227 0.00117258 0.0181394 0.0326234 0.00413726 0.015087 9.87198e-05 0.000441714 0.00396329 0.0250701 0.00727115 1.60561e-05 
0.0196359 0.127092 0.00608375 0.00314928 0.0253462 0.0733726 0.0231166 0.0632663 0.00792833 0.000117593 0.159195 3.39818e-06 0.00568579 0.0186213 0.00195256 5.86742e-07 0.000145855 0.000407991 0.0182196 1.31188e-06 0.127853 0.000621298 0.0059558 0.00962757 0.000485446 0.0028074 0.102993 0.0576215 0.13869 2.68544e-06 
0.0211195 0.00911996 0.00125607 0.0301058 0.0523509 0.277597 0.0581476 0.0283697 0.000337864 0.00562098 0.0265241 0.000664049 0.00465798 0.000589775 0.00828884 3.15949e-07 1.77865e-06 0.0241404 0.10046 0.000300363 0.0131387 0.0526585 0.0312532 0.0432423 0.000446379 0.0020499 0.00802628 0.158296 0.0412358 2.54678e-07 
6.90284e-06 0.00691232 0.0348179 0.000304403 0.0733476 0.258493 0.0634981 0.00147261 0.0298508 1.02014e-06 0.152572 9.88681e-07 0.0961635 0.0122145 0.00044532 6.65327e-10 2.50627e-07 0.00282587 0.0587222 3.18364e-07 5.64866e-06 0.00162412 0.0176337 0.0794679 5.51822e-05 0.000733368 0.0535602 0.0295125 0.0257577 5.08019e-10 
0.040346 0.0100837 0.00290497 1.53437e-05 0.00942361 0.000895176 0.00283241 0.00234675 0.00122978 2.14306e-05 0.00121047 1.2857e-05 0.000330335 0.00387107 0.000176584 1.01434e-07 5.096e-06 3.55952e-05 0.00746366 2.00707e-12 0.0484007 1.22983e-05 0.000228481 0.0225886 0.00150156 0.00378188 0.825046 0.00758409 0.00765141 3.63632e-07 
0.0295999 0.01504 0.0032932 1.52339e-05 0.073041 0.00424611 0.154941 0.0682348 0.000157333 0.0573999 0.00369008 0.00773473 0.03083 1.6726e-05 0.00548306 1.2924e-07 3.41732e-05 7.78423e-05 0.0239064 7.21449e-05 0.175058 0.0225527 0.000786232 0.0187456 0.000104443 0.000162583 0.00850932 0.238844 0.0574205 2.75933e-06 
0.040346 0.0100837 0.00290497 1.53437e-05 0.00942361 0.000895176 0.00283241 0.00234675 0.00122978 2.14306e-05 0.00121047 1.2857e-05 0.000330335 0.00387107 0.000176584 1.01434e-07 5.096e-06 3.55952e-05 0.00746366 2.00707e-12 0.0484007 1.22983e-05 0.000228481 0.0225886 0.00150156 0.00378188 0.825046 0.00758409 0.00765141 3.63632e-07 
0.00535671 0.00369943 0.000771497 0.0523787 0.0186366 0.0678292 0.0163755 0.00548522 0.00145673 0.00058727 0.0464375 5.49461e-05 0.00317787 0.000138173 0.00521967 0.000364416 0.00657806 0.480197 0.112967 2.00373e-05 0.0144528 0.00472949 0.000731184 0.0170763 0.00189559 0.0591523 0.00292327 0.063241 0.00806638 1.42197e-07 
0.040088 0.00555693 0.00111353 0.00334237 0.151319 0.0139686 0.0441538 0.0120558 0.107949 0.000538264 0.0329507 0.00374289 6.40349e-05 0.00189768 0.000910073 4.61789e-09 0.00106037 0.00153195 0.100465 5.56409e-07 0.247296 4.2089e-05 0.00169358 0.0384352 0.000184189 0.0314947 0.0409153 0.0533947 0.0638357 2.52239e-09 
0.0167335 0.0130875 0.000990126 0.000105403 0.012045 0.00861847 0.0322865 0.0668055 0.00348766 0.00175062 0.0053469 4.59068e-07 0.0703226 0.00165205 0.000497741 2.29808e-06 0.000295278 0.000291938 0.239843 0.00135849 0.0845274 0.0004289 0.0365489 0.0108324 0.00528494 0.00223897 0.0202786 0.295959 0.0683792 3.4183e-07 
0.00663493 0.00371316 2.83894e-05 1.53641e-09 0.00496762 0.00572682 0.154576 0.00205332 0.00254435 0.000474488 0.00149945 9.61637e-10 0.00160278 0.000188971 0.0014031 1.67183e-09 6.00919e-06 6.36198e-10 0.000242545 0.000559251 0.00254135 0.000407851 0.00207147 0.00307834 2.70637e-05 4.63527e-05 0.0409842 0.146728 0.617894 1.27655e-09 
5.43452e-09 0.00589666 0.0406966 4.63806e-05 0.0146615 0.00764328 0.0104453 0.190203 0.00145626 0.00175641 0.0161474 1.56023e-05 0.0502926 0.00230585 0.0476551 0.000186755 4.09264e-08 0.00415662 0.00895502 0.00372988 0.0150765 0.191714 1.64028e-06 0.194856 3.7743e-05 0.0072756 0.0764834 0.069918 0.0383872 3.846e-08 
0.00195664 0.0151689 0.00117131 0.000147477 0.076176 0.0465101 0.0258114 0.0454356 0.0066897 0.0067416 0.0186028 7.39459e-05 0.0198669 0.00197482 0.00333438 3.56406e-07 0.0002931 0.00143874 0.0150916 0.000995075 0.0642837 0.0072844 0.0100087 0.0321525 0.012391 0.0521918 0.295569 0.16986 0.068767 1.13656e-05 
0.00840653 0.0100762 0.000375197 0.169326 0.0175932 0.0167026 0.0145863 0.0228407 9.11643e-05 0.000582834 0.0219949 6.46874e-05 0.00759323 0.00113895 0.000733598 4.77212e-08 0.000193808 0.641264 0.0107321 0.00167022 0.00029776 0.00441739 0.00498207 0.00468089 0.000714353 0.00476735 0.0135921 0.00881028 0.0117665 5.02333e-06 
0.0112646 0.00408963 0.00172281 0.00881479 0.0394443 0.121292 0.03392 0.0157599 0.000541705 0.00122236 0.361081 7.33962e-05 0.0384597 0.00212863 0.0106513 0.000286829 0.00810828 0.0137011 0.018361 0.00048634 0.024133 0.00472026 0.00105718 0.0242242 0.1143 0.0216774 0.0107605 0.0872715 0.0204459 3.65167e-07 
0.0264486 0.00148441 0.00121403 0.000851473 0.00346092 0.0176312 0.00735514 0.00501009 2.67376e-05 0.00466174 0.0575542 0.000181426 0.0284565 0.000408487 0.00266429 6.17592e-09 1.05597e-07 0.00800915 0.0713378 0.000719673 0.00414382 0.0110554 0.000582457 0.00714519 0.679258 0.000968954 0.000300697 0.00301312 0.0560393 1.71181e-05 
0.000246086 0.00349767 0.00180292 2.43714e-06 0.0068402 0.135483 0.00475546 0.02079 0.00221121 0.000237321 0.15301 0.000148526 0.0065291 0.00695184 0.0013451 4.78509e-08 0.000870204 0.0229603 0.000138027 8.3148e-06 0.0506747 0.00215032 0.00301251 0.0392809 5.3209e-06 0.0750819 0.0627304 0.173164 0.226072 3.60987e-08 
0.0109492 0.001555 0.000446699 0.0297233 0.0280075 0.0248047 0.0017355 0.0688554 0.00779902 0.000151437 0.067428 1.15948e-05 0.00525123 0.000213206 9.33646e-05 3.05167e-12 0.0080011 0.00797493 0.0097653 3.58436e-06 0.00962677 0.000100995 4.09834e-05 0.309082 0.00042878 0.0337242 0.054323 0.314225 0.00567191 5.70571e-06 
0.0128875 0.00256827 0.00362045 0.00711774 0.00450383 0.0485143 0.0308668 0.00519173 0.00188789 0.000792565 0.0201924 9.01851e-05 0.00226724 0.000243704 0.000909023 1.06133e-11 0.0122232 0.804087 0.00367546 1.05587e-05 0.0146452 8.11134e-05 0.000194578 0.0108359 0.000219799 0.00192821 0.000549 0.00725401 0.00264212 3.4181e-10 
0.00114433 0.00425265 0.000595308 7.99788e-05 0.00917211 0.081495 0.00527677 0.0878833 1.71087e-05 0.000978942 0.204638 0.000563684 0.144839 6.2866e-05 0.0266956 0.000210083 1.88756e-05 0.00111074 0.0151701 0.0177236 0.0696477 0.0134385 0.00118334 0.0130302 8.503e-06 5.55494e-06 0.000627232 0.267815 0.0323105 5.61541e-06 
8.28364e-07 0.0205144 0.00447394 0.000288815 0.00145033 0.00383838 0.049691 0.0246843 0.0160912 0.0614484 0.00703248 2.24738e-05 0.00200931 0.000624321 0.639402 2.01102e-05 0.00303538 0.0193418 0.00309243 0.00366424 0.00630017 0.0547194 0.00017215 0.00824073 0.00190189 0.00156261 0.0300417 0.0308258 0.00549997 9.25141e-06 
0.00533727 0.0073984 0.00125462 0.00213873 0.0118008 0.0566082 0.0157879 0.0264607 0.0229407 0.0059141 0.112852 0.000398945 0.140769 0.00627844 0.00703104 0.000299479 0.000696045 0.00275399 0.0391889 0.00165167 0.0248446 0.00850489 0.0129993 0.0319793 0.0024857 0.0135406 0.224033 0.159254 0.0547679 2.89502e-05 
0.00134272 0.164711 0.0860101 1.36315e-05 0.00183547 0.0282907 0.213644 0.177712 4.80097e-09 0.0622804 0.00132503 0.0052856 0.00142807 6.15938e-05 0.0069811 0.02289 5.379e-07 0.000448888 0.0213606 0.00611416 0.0293788 0.0613907 0.000841207 0.0193143 0.00163935 2.09123e-07 0.00249655 0.0672193 0.0159842 1.61875e-07 
0.0189284 0.00091781 0.00626697 0.00506108 0.00758677 0.0823741 0.0424211 0.0314689 0.00224075 0.000600538 0.506214 0.00420774 0.0117772 0.000961714 0.00298514 9.00869e-08 0.00154663 0.0362189 0.0310182 0.000212069 0.0269431 0.00686094 0.00703452 0.0416586 0.00098456 0.00650006 0.00379287 0.0741839 0.0390287 4.8706e-06 
0.0151907 0.0159987 0.00818034 0.0012795 0.0345461 0.0319318 0.0501271 0.230256 0.0427803 0.00409258 0.0144888 0.000692949 0.0107083 0.00361291 0.0073596 0.000860169 0.00111033 0.00263846 0.0888121 0.000647691 0.112369 0.00614925 0.0132467 0.0713344 0.00148738 0.00921512 0.049891 0.120768 0.0502037 2.04031e-05 
0.040346 0.0100837 0.00290497 1.53437e-05 0.00942361 0.000895176 0.00283241 0.00234675 0.00122978 2.14306e-05 0.00121047 1.2857e-05 0.000330335 0.00387107 0.000176584 1.01434e-07 5.096e-06 3.55952e-05 0.00746366 2.00707e-12 0.0484007 1.22983e-05 0.000228481 0.0225886 0.00150156 0.00378188 0.825046 0.00758409 0.00765141 3.63632e-07 
0.0594223 0.0224964 0.00635016 0.000112632 0.00284089 0.0129567 0.283037 0.0459225 0.000665113 0.0624767 0.0132817 0.0240512 0.00350545 5.57641e-06 0.141348 1.75436e-08 1.35714e-05 0.0161609 0.00153284 0.000885694 0.041104 0.0315525 1.19391e-11 0.0276942 5.38791e-05 0.000832928 0.000543362 0.188861 0.0122926 3.24765e-09 
0.040346 0.0100837 0.00290497 1.53437e-05 0.00942361 0.000895176 0.00283241 0.00234675 0.00122978 2.14306e-05 0.00121047 1.2857e-05 0.000330335 0.00387107 0.000176584 1.01434e-07 5.096e-06 3.55952e-05 0.00746366 2.00707e-12 0.0484007 1.22983e-05 0.000228481 0.0225886 0.00150156 0.00378188 0.825046 0.00758409 0.00765141 3.63632e-07 
0.0280296 0.0071726 0.0134159 0.15772 0.0484931 0.057797 0.018303 0.0150912 0.00013677 0.0608176 0.181721 0.00997242 0.0142712 0.00345069 0.00101951 9.26489e-09 1.54104e-05 0.185198 0.0736936 0.00143666 0.0199974 0.0286163 0.00157877 0.0241137 0.00286466 0.00209252 0.014855 0.026816 0.00131049 3.37741e-08 
0.00132113 0.00971516 0.0141099 0.000145206 0.000120193 0.0100707 0.74684 0.104722 2.40813e-05 0.0549094 1.02812e-06 4.08988e-07 0.0110924 1.77304e-05 0.0142182 3.72495e-09 3.38267e-06 4.62774e-08 0.0118614 8.11568e-06 0.00291015 0.00917265 0.0016143 0.000828734 1.65801e-09 4.00227e-06 0.00447616 2.32683e-08 0.00181333 2.84423e-09 
0.0455783 0.00315056 0.00116122 0.427227 0.0117256 0.0166773 0.025688 0.00277495 0.00122819 0.000404512 0.00625872 3.20292e-05 0.00234871 9.21714e-05 0.00150029 2.52274e-08 3.45487e-06 0.350808 0.0225801 0.000358893 0.00932543 0.00107191 0.000769547 0.0203017 0.000231247 0.00114175 0.0125857 0.0132521 0.0217219 6.60559e-07 
0.0373289 0.166484 0.011087 4.30402e-05 0.00554989 0.0609381 0.108799 0.0201415 0.00341902 0.0349241 0.0137506 0.0297422 0.014782 0.0106747 0.0226379 7.29742e-06 6.89313e-06 0.147167 0.0604985 5.92349e-05 0.00461966 0.180509 0.00225451 0.0103271 0.00126994 0.00706539 0.0226554 0.0218324 0.00142433 2.43619e-06 
0.0211968 0.00315303 0.000451679 0.0750684 0.0170001 0.0861755 0.0513637 0.00044391 0.00669691 0.0010182 0.247315 1.51921e-07 0.122683 0.000550916 0.00019349 1.54855e-11 0.00065236 0.00172392 0.100182 4.62298e-05 0.0291921 0.00012424 0.00208615 0.0254536 0.00346762 0.0165856 0.00550372 0.169197 0.0124753 6.50328e-09 
0.00126008 0.00532684 0.0165758 3.08044e-06 0.00371256 2.60438e-05 0.0293186 0.00187717 2.43491e-05 0.0043605 0.000168347 0.000341593 0.000108638 1.00583e-07 0.00345232 0.00286675 1.01614e-06 0.000613814 0.00273681 7.57902e-05 0.00964702 0.0137425 0.883203 0.00490311 9.87057e-05 0.000110339 0.000788074 0.0131793 0.00147723 7.3226e-11 
0.00794561 0.00292354 0.000898659 0.00399146 0.0106573 0.172963 0.01535 0.00969159 0.00853272 0.00239778 0.302547 4.29001e-05 0.164721 0.00104557 0.00373205 2.68282e-06 0.00251004 0.0120467 0.0202096 0.0121964 0.0103325 0.00755281 0.00331362 0.0210769 0.0285775 0.0471254 0.0257156 0.0779257 0.023962 1.25281e-05 
0.00138013 0.00904683 0.000689371 0.00135874 0.0270094 0.014415 0.0232946 0.0577842 0.0443483 0.00139998 0.0269616 1.2823e-05 0.0185893 0.0017691 0.0214326 9.29083e-06 0.000347965 0.000283161 0.108957 0.00146373 0.074384 0.00270059 0.0170199 0.0758829 0.000672213 0.00753802 0.0727999 0.346851 0.0415918 7.0566e-06 
0.00659682 0.0152879 0.000993003 1.492e-05 0.0208819 0.0157937 0.0440537 0.0797533 0.00175278 0.00368701 0.0299101 0.000422102 0.00352332 0.0038178 0.0052505 1.98618e-07 2.89856e-06 0.00753728 0.199294 0.0133168 0.23826 0.0442596 0.0150558 0.0161734 1.40104e-05 0.0139604 0.0107519 0.0710978 0.138537 1.55204e-07 
0.0826038 0.0383443 0.0173641 2.80363e-05 2.16797e-07 0.00190274 0.748739 0.0083847 3.49412e-08 0.013157 1.75895e-08 0.0543927 1.04545e-08 2.5795e-08 0.00228957 3.26193e-08 3.44901e-05 5.91617e-08 0.0159983 6.27086e-09 2.14403e-06 0.0107242 3.93752e-10 0.00497798 0.000341475 0.000713621 1.98104e-08 9.16057e-07 1.23935e-07 6.00085e-09 
0.0145055 0.101915 0.00140065 0.00470595 0.0374078 0.00612454 0.465838 0.0229093 0.0023341 0.000980809 0.0181183 0.0576006 0.000182986 1.55095e-05 0.0039641 2.98436e-08 4.1372e-05 0.0502036 0.00672166 0.000233765 0.0232894 0.0136236 0.00603171 0.0199475 0.000248371 0.104403 0.000609753 0.0257857 0.0108418 1.50021e-05 
0.000326121 0.00909244 0.00227756 0.000448968 0.0501438 0.0587098 0.103302 0.0149907 0.00161979 0.00147491 0.00935811 5.80023e-05 0.0443549 0.000964889 0.0181822 2.28209e-08 4.59918e-05 0.000120187 0.0384491 0.00614702 0.235558 0.0166308 0.0142317 0.0433739 0.00285214 0.0553048 0.0502313 0.0936881 0.12805 1.27279e-05 
0.0312039 0.0164882 0.0227917 1.04489e-05 0.303867 0.00014506 0.0127979 0.00317312 0.00134653 0.00536773 0.0042406 0.0194722 7.50957e-06 1.28982e-08 0.000159007 2.07555e-06 1.6247e-07 0.000184345 0.161023 3.03129e-05 0.306943 0.0102649 0.0027657 0.0185131 5.95479e-06 2.05394e-05 0.00957118 0.0639965 0.00560678 1.67633e-06 
0.0395583 0.0196488 0.00462239 1.74834e-05 0.0491947 0.0148202 0.0183917 0.0294461 0.0161308 0.00205732 0.00660545 0.000366814 0.00160948 0.000834093 0.00139052 3.84715e-09 5.40052e-05 0.00921537 0.140585 0.00669021 0.380648 0.00277537 0.00167363 0.0995693 0.0149893 0.0111741 0.0231547 0.088349 0.0164239 3.46095e-06 
0.0172114 0.000638758 0.000501407 0.0419421 0.0275182 0.219201 0.00787513 0.014029 0.00834646 0.0012236 0.151318 1.44619e-05 0.0462833 0.00188349 0.000803895 2.87058e-08 0.000656226 0.0238357 0.0480013 3.39946e-05 0.0105516 0.00349713 0.0270101 0.139857 0.000111554 0.0385257 0.0579516 0.08654 0.0246366 9.38641e-07 
0.000208701 0.00791978 0.00240067 0.000249384 0.00474365 0.0108771 0.0328674 0.04376 0.00135957 0.0106155 0.00135387 0.000150684 0.00567027 0.00372581 0.00526889 0.000109872 5.88484e-06 0.000964094 0.0305091 0.0190568 0.00422662 0.73403 0.00138576 0.017555 0.000246264 0.00596198 0.00628308 0.028618 0.0198702 5.95231e-06 
0.000689467 0.00411346 0.00251919 0.0053888 0.202299 0.0122907 0.0386946 0.0297728 0.0114619 0.00321928 0.0208004 4.8621e-05 0.0113868 0.000604656 0.00333563 3.09365e-06 0.000275788 0.000347309 0.0320175 0.000853267 0.106317 0.0026061 0.00642925 0.327826 0.000113049 0.0191107 0.0225914 0.112904 0.0219217 5.90013e-05 
0.0448834 0.00699103 0.00671715 0.000216484 0.0667218 0.0140179 0.0495042 0.0560464 0.000543438 0.0230627 0.35955 1.07447e-05 0.0213679 0.00601922 0.00540046 7.89467e-08 0.000471324 0.00311739 0.0396295 0.00147346 0.00123404 0.071194 0.00126744 0.0953592 0.0206167 0.002661 0.0132645 0.075479 0.0131375 4.14929e-05 
0.757824 0.00869774 0.096738 8.66843e-06 0.00129638 0.00297089 0.0563137 0.0105805 0.00019225 0.0102603 0.00118935 0.000251711 0.00169961 0.000493936 0.00199352 1.57173e-09 1.23023e-05 0.000669255 0.0184479 6.31734e-05 0.00274569 0.000487708 0.000302814 0.00260223 0.000491199 0.000120939 0.00485765 0.0168493 0.00183889 9.09565e-08 
0.0249338 0.00351287 0.00165471 0.0049728 0.0157209 0.0284887 0.0182886 0.0105949 0.00391506 0.00917989 0.20351 0.00188819 0.018205 0.000324765 0.00780471 6.50172e-09 0.00116881 0.00478607 0.0238665 0.000478819 0.0151052 0.00462685 0.00203287 0.0315274 0.000878959 0.00217799 0.00769115 0.496502 0.0561555 6.4236e-06 
0.00371398 0.00112333 0.000857069 2.01984e-05 0.00418481 0.113603 0.0202393 0.0181053 0.00559832 0.0006331 0.0163798 0.000828019 0.0143558 0.000372991 0.00139438 1.07623e-06 2.4056e-05 8.33174e-05 0.136965 1.08673e-05 0.0704772 0.00512635 0.000885991 0.0469899 3.14149e-05 0.00102104 0.0291014 0.374471 0.133401 4.6011e-07 
0.00119141 0.00411283 0.00207653 1.76969e-05 0.00149494 0.00763283 0.0124237 0.170598 0.0112319 0.000856743 0.0201897 0.000164984 0.00212199 0.000411447 0.00267696 3.23478e-11 1.02902e-05 0.00096744 0.0237392 3.06537e-08 0.420131 0.00388212 0.000189931 0.129341 4.15752e-06 0.00133466 0.0060089 0.124973 0.052215 1.48779e-06 
0.00768057 0.00108728 0.000609389 0.15034 0.00238424 0.080098 0.00605203 0.040942 0.0057394 0.000277074 0.27973 0.00270035 0.00225336 3.41141e-05 0.000177523 1.31546e-05 0.000457105 0.0105992 0.0149494 8.3377e-07 0.0133222 0.157443 0.000179637 0.0987937 7.16705e-05 0.00857037 0.00442739 0.0756621 0.0353946 9.69972e-06 
0.00796297 0.00540162 0.000202502 9.821e-05 0.0164423 0.0660837 0.0150348 0.046329 0.131897 0.00132724 0.0179244 1.33386e-05 0.00542596 0.0490421 0.0145843 1.00464e-10 4.18167e-06 0.00219079 0.0396374 0.00314491 0.106122 0.000466082 0.00913108 0.09721 0.000804964 0.0214646 0.154044 0.0953126 0.0926977 7.84564e-08 
1.6004e-07 0.107663 0.004993 1.02997e-05 0.0178817 0.00387129 0.171229 0.107522 1.81163e-07 0.0217588 0.00117313 0.00176216 0.0175777 8.42069e-05 0.0134921 0.0189355 6.17057e-06 0.00290164 0.00369517 1.72419e-10 0.12197 0.00256977 0.00260773 0.0292467 0.00037476 0.00769866 0.00211196 0.307382 0.031481 1.25009e-10 
9.71865e-05 0.0215987 0.0208125 0.000802539 0.0400538 0.0661116 0.264368 0.0215661 0.158729 0.00260192 0.022056 7.29075e-05 0.0404586 0.000427014 0.00639138 4.0804e-08 1.74268e-05 0.00381166 0.00137611 0.00630356 0.0402132 0.145418 0.0675186 0.00613475 0.00425152 0.00170489 0.014165 0.0224293 0.0205084 4.04271e-07 
0.0299608 0.348311 0.000989089 2.28075e-08 0.0157216 0.00700591 0.150052 0.111639 0.00531631 0.00384229 0.0165943 0.000260087 0.00369985 1.52122e-05 0.00277536 2.14328e-10 0.000440204 0.000144382 0.0108219 2.23728e-08 0.0322914 0.000163458 0.000163446 0.0814851 1.12149e-07 3.49872e-05 0.0646638 0.0319258 0.0816833 1.63653e-10 
0.15845 0.00497671 0.00198257 0.00100398 0.159315 0.00696451 0.222504 0.00395547 7.45101e-07 0.00675869 0.00493135 2.95607e-05 0.0314815 0.00589431 0.00314441 1.92314e-06 3.52418e-07 0.167635 0.122289 0.00214912 0.000194644 0.0128964 0.000266245 0.00389275 0.00786342 3.12778e-05 0.00117387 0.0597437 0.0104698 2.48576e-07 
0.0107742 0.0159023 0.00371011 0.00112182 0.0185281 0.0908966 0.0782713 0.118476 0.0411525 0.0128245 0.0264002 0.00121334 0.0363318 0.00473402 0.0156967 6.88999e-06 0.000286698 0.000578351 0.0267318 0.000529849 0.0814976 0.00384431 0.0204921 0.0421959 0.000164278 0.00818515 0.0241736 0.137228 0.178044 7.28321e-06 
0.0626586 0.139042 0.0606226 0.000357889 0.0126659 0.0140603 0.429826 0.0284121 0.00322204 0.0302199 0.00777699 0.00999064 0.00385832 0.00323667 0.0204157 1.42076e-05 0.00181003 0.00326822 0.0320904 0.00123399 0.0260142 0.0094223 0.00609952 0.0157982 0.0058092 0.0145685 0.0133032 0.0319089 0.0122509 4.1994e-05 
0.031447 0.00431804 0.0200779 6.29693e-05 0.00411883 0.0188385 0.0188324 0.0328901 0.00135617 0.00399583 0.192572 3.71974e-05 0.025092 0.000584977 0.00296263 1.25516e-07 1.05031e-06 0.00895297 0.111417 0.00081366 0.00372297 0.0226584 0.0645448 0.0379788 0.00287523 0.00851616 0.0228706 0.330269 0.0281912 1.10896e-06 
0.00812716 0.00750045 0.00443716 0.00019827 0.00838782 0.00241768 0.00424738 0.0045911 0.00148495 0.0010808 0.00462384 3.17059e-06 0.000519194 0.000225541 0.00248541 3.15354e-11 4.62651e-08 0.000944131 0.025898 0.000287673 0.00510927 0.000483743 0.000762928 0.0055896 0.871801 0.00287449 0.0286044 0.00550841 0.00180605 9.73769e-08 
0.0126455 0.0133809 0.000895444 0.0235219 0.0015149 0.0146875 0.0205193 0.0011495 4.7758e-07 0.000118544 0.00215416 5.02573e-05 0.002259 3.65332e-05 0.00160916 1.2925e-11 0.00264563 0.888153 0.00265621 0.000254734 0.00220121 0.00150407 1.35564e-08 0.00459049 0.00142001 0.00138757 1.05958e-05 0.000363763 0.000269688 3.12145e-09 
0.0137148 0.00361778 0.000846551 0.0246485 0.00664868 0.046157 0.0289174 0.00852502 0.00056298 0.000997141 0.407338 6.54441e-05 0.04904 1.40055e-05 0.0110612 4.25004e-10 0.004903 0.00500445 0.00169219 6.86458e-08 0.0137627 0.00134995 0.000399624 0.0295366 0.000179197 0.00297058 0.0622538 0.252565 0.0232148 1.34225e-05 
0.110466 0.0116991 0.0100356 1.11912e-05 0.037071 0.000457285 0.00924481 0.00130884 0.00209886 0.00298487 0.00142921 3.82987e-08 0.177158 0.00848047 0.00172596 8.90941e-12 7.23915e-12 0.000253481 0.00778577 9.38293e-12 0.0104096 4.98982e-05 1.1187e-07 0.154659 0.000246149 0.00144968 0.154423 0.276049 0.0205026 6.80289e-12 
0.0819059 0.0563729 0.0282748 0.000231957 0.0104414 0.0220392 0.209282 0.174288 0.00485107 0.114583 0.00905169 0.00999038 0.00961642 0.001455 0.0723396 0.000609742 4.91171e-05 0.00313361 0.0203167 0.00258967 0.0141963 0.02084 0.0121631 0.0145203 0.00529564 0.00679481 0.0168408 0.043616 0.0342802 3.14877e-05 
0.000733707 0.000194895 0.00474432 0.0991951 0.0103717 0.108635 0.011795 0.00880729 0.0578962 0.00761983 0.183322 1.96984e-05 0.0512274 0.000635344 0.000969899 5.70343e-09 0.0135276 0.00305877 0.128503 0.00570539 0.0805943 0.00207984 0.00257607 0.0589551 0.00108754 0.0135652 0.0276539 0.0765953 0.0399305 3.20122e-07 
0.000149334 0.00226939 0.00211758 0.000374365 0.00473463 0.0306229 0.0387562 0.0864745 2.87595e-06 0.0583224 0.00175 1.57013e-10 0.00682002 1.58148e-10 0.145539 0.0008754 0.000751948 0.406842 0.00244579 2.87479e-10 2.50283e-08 0.143024 0.00473429 0.0177461 0.00375371 0.000399013 0.0140432 0.00913982 0.0183113 2.08431e-10 
0.000900882 0.0037772 0.00385588 1.9135e-05 0.0493867 0.0021143 0.0237926 0.0259777 0.00752965 0.00144323 0.00112099 0.000958208 3.45409e-05 0.000195282 0.00178008 1.25347e-08 4.48742e-07 0.000319235 0.269552 3.64836e-06 0.456355 7.30568e-06 0.000503605 0.00257522 8.19662e-05 0.00825794 0.00255681 0.0671276 0.0697732 4.20571e-08 
0.0133845 0.00244837 0.164511 3.16592e-05 0.0270619 0.00519315 0.280907 0.0119882 7.11014e-10 0.3346 0.00654811 0.104503 0.00657391 6.14929e-05 0.00566627 2.36908e-09 0.000265099 1.8898e-06 0.000135893 0.00102122 0.000611585 0.0127308 0.000124176 0.00378113 0.0093795 0.00348097 5.46561e-05 0.00441409 0.00052061 4.18766e-08 
0.000391762 0.00528892 0.00142951 0.0010794 0.0116836 0.0358401 0.0280192 0.0472024 0.00663034 0.00311468 0.12237 0.000441783 0.0104063 0.00165473 0.000348269 0.00513659 8.25169e-05 0.00960752 0.00350915 0.00018545 0.00719816 0.207356 0.0117273 0.0496671 0.000167457 0.373852 0.0244982 0.00738322 0.023706 2.25158e-05 
0.0513883 0.0303226 0.0173601 8.0793e-05 0.00757971 0.00664145 0.622474 0.0464887 0.000744894 0.0378437 0.00531137 0.00225736 0.00579025 0.000215653 0.0108024 1.98316e-05 0.00615288 0.00414843 0.0247279 0.000431769 0.0123563 0.0221124 0.00142172 0.0235764 0.000897335 0.00252857 0.00581749 0.0365697 0.0139159 2.16252e-05 
0.040346 0.0100837 0.00290497 1.53437e-05 0.00942361 0.000895176 0.00283241 0.00234675 0.00122978 2.14306e-05 0.00121047 1.2857e-05 0.000330335 0.00387107 0.000176584 1.01434e-07 5.096e-06 3.55952e-05 0.00746366 2.00707e-12 0.0484007 1.22983e-05 0.000228481 0.0225886 0.00150156 0.00378188 0.825046 0.00758409 0.00765141 3.63632e-07 
0.00498225 0.0110063 0.00108811 3.31006e-05 0.153186 0.030226 0.0348293 0.0620747 0.00482228 0.0312146 0.0240158 0.00198247 0.0171347 0.0029761 0.0250118 1.02047e-08 6.6224e-07 0.000309978 0.0150872 0.00491094 0.182749 0.00870583 0.00417423 0.0520734 0.0105503 0.00452803 0.0625543 0.178373 0.0713935 5.67543e-06 
0.0264486 0.00148441 0.00121403 0.000851473 0.00346092 0.0176312 0.00735514 0.00501009 2.67376e-05 0.00466174 0.0575542 0.000181426 0.0284565 0.000408487 0.00266429 6.17592e-09 1.05597e-07 0.00800915 0.0713378 0.000719673 0.00414382 0.0110554 0.000582457 0.00714519 0.679258 0.000968954 0.000300697 0.00301312 0.0560393 1.71181e-05 
0.252438 0.020401 0.0719635 6.20636e-05 0.0122196 0.0101156 0.234697 0.0122862 0.000614091 0.0342866 0.0358634 0.000134655 0.0302548 0.0338137 0.00402673 3.29496e-09 0.0172755 0.00453951 0.045513 3.10165e-05 0.00858458 0.00107155 0.000203225 0.0158831 0.0119432 0.0361084 0.0418277 0.040124 0.0237031 1.52551e-05 
0.0043438 0.014807 0.00246871 6.76898e-05 0.0329891 0.0174477 0.0384608 0.0242935 0.000230617 0.0021074 0.0210796 0.00217383 0.00175906 2.61762e-05 0.0301306 8.5837e-09 0.000127344 0.000535118 0.0142366 0.000155906 0.565298 0.00143045 0.000793068 0.00434747 5.40698e-05 2.42546e-05 0.00870069 0.15111 0.0607805 2.02114e-05 
0.0128875 0.00256827 0.00362045 0.00711774 0.00450383 0.0485143 0.0308668 0.00519173 0.00188789 0.000792565 0.0201924 9.01851e-05 0.00226724 0.000243704 0.000909023 1.06133e-11 0.0122232 0.804087 0.00367546 1.05587e-05 0.0146452 8.11134e-05 0.000194578 0.0108359 0.000219799 0.00192821 0.000549 0.00725401 0.00264212 3.4181e-10 
