0.00628594 0.0062293 0.00296413 4.25003e-05 0.0336168 0.0118042 0.0333011 0.0452854 0.00671442 0.00123148 0.00553677 0.00700832 0.0135755 0.00210965 0.0108769 0.000351524 3.56456e-05 0.000370759 0.0206385 8.38337e-06 0.404299 0.000700854 0.000403835 0.0803712 0.000104352 0.0217003 0.0165207 0.192598 0.075314 2.37375e-07 
0.0424489 0.00850154 0.00252429 0.0282776 0.0450183 0.160984 0.135595 0.0304847 0.00206413 0.00274623 0.0431963 0.000113641 0.021684 0.00018172 0.00345756 6.16622e-07 0.0168049 0.203177 0.0645595 0.000936441 0.00801146 0.00217938 0.000309051 0.020831 0.00292165 0.0655378 0.00360217 0.0740263 0.00982474 2.71754e-07 
0.000399768 0.000733052 6.32829e-05 6.66941e-08 0.00347257 0.00984258 0.00228507 0.00580125 1.32022e-08 0.00129187 0.177957 1.06284e-05 0.322316 9.93938e-05 0.00285152 2.05267e-11 4.9813e-08 0.00246172 0.000646545 0.00262396 0.000472304 0.00140888 0.0036332 0.0470288 4.33156e-07 0.00175743 0.0022672 0.390675 0.0199002 1.56734e-11 
0.00375666 0.00499474 0.00523397 7.48633e-05 0.00545131 0.0385346 0.017764 0.0138714 0.0230291 0.00261113 0.0767194 4.10144e-05 0.0290656 0.024595 0.00163972 0.00705043 0.000150269 0.000146191 0.0221535 0.000297507 0.0182051 0.00564595 0.523965 0.0176984 0.000132335 0.0113668 0.0441932 0.0225635 0.0790359 1.38821e-05 
0.0339877 0.0174787 0.00441989 5.43272e-05 0.0508868 0.0601344 0.0530185 0.072786 0.00251544 0.00817374 0.0435194 0.00076467 0.198511 0.000619291 0.0182013 2.21254e-05 0.00505353 0.00112926 0.00955239 0.000691655 0.0275222 0.00639881 0.00461109 0.0264997 0.00431432 0.00490626 0.0577843 0.160054 0.126387 2.02175e-06 
0.0330565 0.0186527 0.00948191 0.00573148 0.106272 0.029724 0.11229 0.0541788 0.00804459 0.00390707 0.0432494 0.000768073 0.00545401 0.00176954 0.00150367 9.91204e-07 0.00569551 0.00179126 0.121213 4.20949e-06 0.0935554 0.000382756 0.000201016 0.0590048 0.00161034 0.141384 0.0445143 0.0797272 0.0168319 2.64339e-07 
0.00210863 0.00434662 0.000397716 2.66154e-09 0.00367317 0.0437712 0.0274929 0.0267119 6.85163e-06 0.00110854 0.00569387 3.09013e-06 0.069955 0.00130826 0.00532657 7.73137e-11 0.00014807 5.52654e-06 0.00702422 5.06528e-05 0.0853114 3.36315e-05 0.0695273 0.00902837 2.9716e-05 0.000497732 0.151011 0.2996 0.185828 5.90339e-11 
0.00610416 0.0023277 0.00565921 1.5274e-05 0.101763 0.0116716 0.0422704 0.565166 0.00277055 0.00441205 0.00150882 0.000119476 0.000999446 1.43983e-05 0.000838575 4.88613e-06 4.27111e-05 0.000249792 0.0113319 0.000610477 0.142346 0.000641562 0.00148235 0.0292539 0.000643205 0.000482854 0.00873872 0.047664 0.0108639 3.15834e-06 
0.00535671 0.00369943 0.000771497 0.0523787 0.0186366 0.0678292 0.0163755 0.00548522 0.00145673 0.00058727 0.0464375 5.49461e-05 0.00317787 0.000138173 0.00521967 0.000364416 0.00657806 0.480197 0.112967 2.00373e-05 0.0144528 0.00472949 0.000731184 0.0170763 0.00189559 0.0591523 0.00292327 0.063241 0.00806638 1.42197e-07 
0.0210805 0.30091 0.030417 0.000986688 0.00623272 0.00374862 0.515729 0.00808624 0.00437045 0.0104133 0.00336648 0.000324876 0.000132029 7.50937e-05 1.09642e-07 4.09417e-10 0.00992254 0.00506152 0.0347575 0.000381399 0.0057495 0.000910637 0.00022793 0.0183106 0.000137898 0.0142022 0.000684134 0.00145118 0.0023301 3.12616e-10 
0.000256815 0.000785226 0.000257006 0.00046255 0.00893845 0.0832191 0.0100622 0.0131412 0.0004534 0.104044 0.0213049 8.08059e-05 0.25398 0.000346883 0.00419323 6.59257e-06 0.0004508 0.00189816 0.000189923 0.00138383 0.00105633 0.423833 0.00117385 0.00498632 0.000571444 0.000137764 0.030965 0.02439 0.00743069 2.82363e-07 
0.00616544 0.00780095 0.000535178 8.70909e-05 0.012572 0.0668401 0.0107057 0.0231621 0.0387297 0.000876467 0.0149881 6.16288e-06 0.0146753 0.00545522 0.000540743 8.33689e-06 0.00082111 0.000379133 0.0163054 4.65539e-05 0.00529383 0.000316138 0.413374 0.0281594 0.00195278 0.00177594 0.175799 0.131482 0.0211451 8.75499e-07 
0.0113807 0.00423474 0.0015131 0.000798042 0.0474102 0.0508845 0.0476518 0.0102196 0.0168283 0.0369333 0.0495332 0.000831154 0.018018 0.000267853 0.0255206 0.0186901 0.00341788 0.00240679 0.00854869 0.00895776 0.0821875 0.00221506 0.0307598 0.316394 0.0314907 0.0204162 0.00693563 0.0736947 0.0718546 5.45303e-06 
0.00601779 0.0349494 0.000623966 0.000332996 0.0268448 0.0413509 0.0316529 0.22826 0.0196354 0.00671913 0.0619746 8.55675e-05 0.0264502 0.0276384 0.00177622 0.000173897 0.00486411 0.00138706 0.0387076 0.00107915 0.0802236 0.0171191 0.00442012 0.0759486 0.000228798 0.00226413 0.152188 0.0805431 0.0265283 1.24088e-05 
0.00146536 0.0625298 0.00372979 7.03354e-05 0.000634136 0.0163947 0.237676 0.0867218 0.000233959 0.000848698 2.18417e-05 0.000304298 0.00263667 0.000206545 0.0569495 0.0544827 7.04494e-05 0.00137768 0.0045019 0.000313978 0.045073 0.331898 0.00798426 0.0221311 0.0380972 0.000990231 0.0018121 0.0126072 0.00822489 1.22147e-05 
0.00474274 0.00296932 0.00311458 0.0269119 0.00253454 0.320033 0.0169631 0.00808833 0.0621947 0.000834446 0.0181796 8.32892e-05 0.101397 0.00161923 0.00342304 7.51633e-05 0.00103935 0.000551046 0.00542358 2.76254e-06 0.00586745 5.51299e-05 0.0210733 0.00559997 0.000174214 0.209515 0.0341339 0.0266865 0.116713 5.35915e-07 
3.3668e-05 5.31752e-05 0.000913907 4.71321e-06 7.05595e-05 0.698131 0.00358175 0.0016944 1.51603e-05 0.00558609 0.0100718 0.0145691 0.00992626 0.000115578 0.0196781 0.0381001 0.00042184 9.17656e-05 0.000516762 0.000140581 0.00233333 0.0122701 0.0856226 0.0688632 0.0025879 2.04805e-05 1.38247e-05 0.00988462 0.0146872 6.73404e-07 
0.0839017 0.00499629 0.00489738 0.000129215 0.00582201 0.0360231 0.0381532 0.00605014 0.00229768 0.0200147 0.0209 0.000558055 0.00216393 0.00116625 0.00036841 7.26361e-06 6.01908e-05 0.00258904 0.0496678 8.66941e-06 0.0188299 0.00198353 0.00260953 0.00962504 0.625921 0.0288474 0.0202791 0.0106972 0.00143072 1.87644e-06 
0.000351128 0.00757719 0.0200483 0.00065293 0.060897 0.00436474 0.152692 0.295806 0.000116743 0.00284426 0.0102267 0.00613516 0.00192503 0.000108433 0.00172782 0.00196813 0.00112255 0.000193447 0.00100703 0.0183954 0.0624043 0.0027342 0.00506647 0.00385121 2.52554e-05 0.292169 0.00192365 0.016836 0.0268269 2.6795e-06 
0.00314436 0.00108145 0.00016118 0.00581663 0.00395997 0.155823 0.0118965 0.0484731 0.00909432 0.00390917 0.316536 1.6937e-05 0.106712 3.45473e-06 0.0218847 5.96728e-05 0.00564297 0.00315203 0.00716957 0.00223127 0.00690034 0.0458633 0.00087784 0.00740103 0.00270013 0.00540654 0.00710871 0.198943 0.0180316 9.22735e-09 
0.0148402 0.00980094 9.84918e-05 0.000231101 0.135634 0.0905684 0.00923419 0.0599834 0.00672276 0.00577983 0.106685 0.00312882 0.0219244 0.00186291 0.00494638 0.000584853 0.000377306 0.0178936 0.0114683 0.0013507 0.00489849 0.100378 0.00613026 0.0510474 0.0486119 0.00364867 0.0929182 0.135089 0.0541527 1.0634e-05 
0.00119782 0.0047448 0.00101065 0.000292389 0.0155829 0.00973467 0.300091 0.0172608 0.0020336 0.00171917 0.0200944 0.00249675 0.00996552 2.5603e-05 0.00122103 9.16528e-07 2.79662e-07 0.00427256 0.487616 1.50298e-06 0.00390518 0.00840197 0.00199605 0.000895753 0.00313182 0.0413518 0.0377062 0.0126709 0.010578 4.76385e-08 
0.00283324 0.0263726 0.00368743 0.00025415 0.0106117 0.0273543 0.270422 0.109737 0.00174768 0.00563638 0.0225849 0.00442337 0.00474522 8.19742e-05 0.0275415 0.0601924 1.66769e-05 0.00355146 0.0168005 0.0136817 0.070678 0.130878 0.0157379 0.0711193 0.00390074 0.00112501 0.00542095 0.0806983 0.00816553 1.15307e-08 
0.0189729 0.0103452 0.0164339 5.73707e-06 0.000655532 0.0302802 0.0557842 0.00247788 1.29567e-05 0.00112663 6.63107e-05 0.010746 0.00225132 7.23875e-06 0.00563349 0.597339 8.10578e-06 1.36615e-05 0.0119986 9.4339e-07 0.164123 0.00107098 0.00355272 0.00397087 0.00159143 0.00136325 0.000522283 0.0580625 0.00158362 3.67041e-09 
0.000630107 0.0415838 1.62229e-05 4.62863e-05 0.0177175 0.0314326 0.133897 0.0186957 0.00152332 0.0123126 0.0139586 0.000171605 0.0532392 0.00116675 0.0464754 0.00120198 0.19082 0.00134447 0.159577 0.00250164 0.0438305 0.013158 0.0906781 0.0093849 0.00856477 0.00242102 0.0380063 0.0236234 0.0420171 4.11961e-06 
0.0102108 0.00314118 0.000824127 8.60982e-05 0.0384285 0.0616359 0.0360947 0.0282391 0.217165 0.00236636 0.0228719 0.00335152 0.0214569 0.00550694 0.00219416 1.31955e-05 6.24801e-05 0.000405004 0.090864 0.00225067 0.0305915 0.20354 0.00951188 0.0859279 0.00149398 0.000924518 0.0219744 0.0655833 0.0332737 1.05899e-05 
0.0039674 0.0127727 0.000922912 0.010132 0.0160483 0.0543223 0.0141288 0.0374812 0.00375289 0.00875444 0.435454 0.000187731 0.0283061 0.00279484 0.00362434 2.20825e-05 0.00545493 0.0133924 0.0616793 0.000394591 0.0190525 0.0104776 0.00323234 0.0354594 0.000240131 0.0232403 0.0168336 0.118496 0.0593711 4.00882e-06 
0.0125636 0.00546818 0.0247824 3.14068e-05 0.115728 0.0971056 0.0382931 0.0191028 0.0349964 0.00271821 0.00878038 0.000176027 0.00549377 0.000784108 0.000543885 0.00195497 0.000136814 0.00558645 0.0545092 0.000433281 0.322592 0.00409902 0.00727173 0.0539323 0.000148657 0.0340517 0.0631579 0.0458654 0.0396831 9.09774e-06 
0.000117131 0.0183299 0.000374011 0.00253934 0.0092298 0.132563 0.0149266 0.0617027 0.00130468 0.00356313 0.0944719 0.00236873 0.0593891 0.000144166 0.00433404 0.0415279 2.04997e-06 0.141434 0.0170964 0.00158157 0.0156013 0.020483 0.0351197 0.173623 0.000412214 0.000781526 0.00268016 0.118108 0.0261915 4.68368e-09 
0.000637698 6.91157e-05 3.02341e-05 0.00031908 0.00113271 0.220835 0.008182 0.0303669 0.000755955 0.00350095 0.24652 0.00137296 0.00811578 0.000175381 2.49515e-05 4.96031e-09 0.000231103 0.295245 0.0642635 2.77839e-05 0.00674041 0.00307067 1.64853e-05 0.0266239 0.0113487 0.0286887 0.00286225 0.0186401 0.0202022 3.59784e-11 
0.03806 0.00959305 0.00566656 0.000156715 0.0445762 0.076229 0.146283 0.0759513 0.00152548 0.00459375 0.0041765 0.000275946 0.0432052 3.55407e-05 0.00669451 3.54016e-05 0.000218026 0.00464235 0.0480511 0.000725436 0.222244 0.00263461 0.0070038 0.0176847 0.00381753 0.0274643 0.00434899 0.0617701 0.142336 6.24121e-07 
0.00126929 0.000184391 2.49773e-07 2.24588e-05 0.000385204 0.0655207 0.000698245 0.00828345 2.26719e-07 0.000308336 0.0249756 2.8256e-05 0.388241 0.000666314 0.00382482 3.69501e-08 1.00799e-05 0.000132192 0.00453161 0.0280055 0.00830677 0.0022926 0.00161094 0.0168724 8.81504e-06 5.65862e-06 0.00271899 0.245146 0.19595 1.34796e-09 
0.000580655 0.00174736 0.000190336 1.12131e-05 0.0182103 0.00471691 0.0108136 0.0124327 0.000992965 0.000692145 0.0348199 0.0014692 0.0333588 3.40871e-05 0.00402827 4.71554e-07 0.00165192 0.000173409 0.0339458 5.14377e-06 5.05521e-05 0.0230468 0.00175928 0.0390248 0.000269106 0.000427306 0.236483 0.513234 0.0258296 4.17482e-07 
0.00942506 0.00215014 0.00569382 0.00624775 0.0526308 0.0394221 0.0326261 0.0358191 0.00538625 0.00177332 0.0384591 0.000639609 0.0101343 0.00112709 0.0120733 0.00119404 0.000395257 0.00358385 0.116134 0.00172754 0.0408552 0.0222638 0.000548983 0.126759 0.201595 0.0175304 0.0359762 0.0902117 0.0875443 7.31018e-05 
0.00370353 0.00185609 0.000882316 0.000106077 0.000621485 0.0507917 0.0187423 0.00247013 0.000600976 0.00379781 0.0426585 4.17742e-06 0.64959 0.000395699 0.00621639 1.4301e-05 4.23091e-05 0.000592446 0.00825184 0.0193826 0.00303037 0.0933392 0.00266116 0.0296129 0.00746595 0.00259855 0.00482799 0.0383766 0.00736403 2.45935e-06 
0.000968892 0.060189 0.0103832 0.000310295 0.00222101 0.00200935 0.0546162 0.0318014 0.00154592 0.0121785 0.00626511 0.000197482 0.00550339 0.012669 0.0101326 1.337e-05 0.000136119 0.0103105 0.0205829 0.00856828 0.0149693 0.31141 0.00257823 0.348023 0.00149589 0.000160841 0.0583048 0.0108299 0.00162487 9.31229e-07 
0.0145346 0.00328548 0.0015215 0.000530578 0.0129032 0.0298664 0.0200971 0.00865606 0.00092772 0.0022734 0.165024 0.000287202 0.211846 0.00400129 0.00372558 0.00078784 7.85677e-05 0.0026574 0.0442452 0.0213756 0.0213903 0.00462526 0.0144606 0.0409243 0.00209988 0.0221531 0.230167 0.0753049 0.0402495 1.18325e-06 
0.00891712 0.004637 0.000862611 0.000183977 0.016277 0.0872912 0.0274321 0.0193587 0.00116267 0.00349745 0.152209 0.000436739 0.203028 0.00231913 0.000709135 0.00048705 8.07067e-05 0.000963585 0.00777466 0.0107252 0.0412418 0.0309484 0.00801272 0.0175427 0.00219496 0.163455 0.0395651 0.100962 0.0477223 2.2017e-06 
6.44696e-06 0.151792 3.73271e-05 0.000188043 0.106647 0.0796784 0.0028515 0.259107 1.61807e-07 0.000487897 0.000135085 0.00024036 0.0132825 0.000114288 0.000117722 6.22923e-10 0.000322221 0.00364694 0.00621369 8.92744e-07 0.128697 0.0659491 6.13286e-07 0.0278891 0.0123825 0.010396 0.00235524 0.0933342 0.0341273 4.75641e-10 
0.00385629 0.0107908 0.00159356 1.56737e-07 0.00479684 0.00320202 0.0100145 0.0642234 0.0921196 0.00280976 0.00132161 7.70336e-05 0.000208343 0.00859849 0.00147016 1.50971e-07 2.47449e-06 0.000382064 0.39706 4.75842e-05 0.118626 0.00316786 0.000328466 0.0377487 0.00055607 0.00387203 0.00299537 0.148099 0.0820327 4.5021e-08 
0.00625762 0.0123554 0.00225436 2.88768e-05 0.0241689 0.418918 0.0734273 0.025618 0.0107397 0.0153431 0.0437652 0.00159588 0.0564319 5.66978e-05 0.00886227 1.64249e-05 0.000614267 0.000893008 0.0666824 0.00133741 0.0367015 0.0165919 0.0316492 0.0137154 0.003401 0.00572727 0.0195618 0.0381528 0.0651223 9.65576e-06 
0.0189729 0.0103452 0.0164339 5.73707e-06 0.000655532 0.0302802 0.0557842 0.00247788 1.29567e-05 0.00112663 6.63107e-05 0.010746 0.00225132 7.23875e-06 0.00563349 0.597339 8.10578e-06 1.36615e-05 0.0119986 9.4339e-07 0.164123 0.00107098 0.00355272 0.00397087 0.00159143 0.00136325 0.000522283 0.0580625 0.00158362 3.67041e-09 
0.00494894 0.00242169 0.000402453 0.00445925 0.0164635 0.250986 0.019467 0.00943014 0.00327653 0.0119616 0.201368 5.03076e-05 0.0638199 0.000447703 0.000869081 5.00454e-06 0.00438388 0.0051954 0.0277816 0.000203921 0.0242359 0.00978655 0.00267563 0.0244945 0.000324431 0.0173729 0.0364896 0.222914 0.0337635 1.03596e-06 
4.49063e-05 0.0743614 0.0489584 0.000538639 3.81517e-05 0.0680611 0.102514 0.0437791 0.000232145 0.00173973 0.000656279 0.0087762 0.00510105 7.70665e-06 0.00309832 6.14719e-08 4.99477e-08 0.000105048 4.31931e-06 2.63905e-05 9.45137e-05 0.532599 2.43366e-06 0.00361282 0.000145826 0.00511677 0.0169489 0.0792569 0.00417982 4.69377e-08 
0.0534094 0.0196429 0.00472941 1.79004e-05 0.00569262 0.0254955 0.00923849 0.0103352 0.0075238 0.00241814 0.0222071 3.50667e-05 0.00364917 0.00394883 0.000506274 1.59293e-06 3.25733e-05 0.00299047 0.301291 1.37286e-05 0.0225377 0.00321178 0.00358221 0.11205 0.000845642 0.00172949 0.274204 0.102721 0.00593871 3.76107e-08 
0.0033451 0.03028 0.0127705 0.000323727 0.0428761 0.0363935 0.0936167 0.103908 0.0127313 0.0217732 0.00836798 0.00854074 0.0192025 0.0253208 0.00757686 0.00248684 5.06899e-05 0.0150735 0.0162873 0.0219586 0.0279152 0.32478 0.0107489 0.0589474 0.000677313 0.00389206 0.0418455 0.02696 0.021323 2.67078e-05 
0.0234595 0.00713463 0.00283987 0.0061356 0.0202242 0.103794 0.0559918 0.0314826 0.00559618 0.049054 0.139105 0.000894172 0.159754 0.0108883 0.00763992 0.00136769 0.000455855 0.0141767 0.0245261 0.00854169 0.00825926 0.120818 0.00684649 0.0378415 0.0208 0.00790546 0.0279888 0.0675311 0.028725 0.000223014 
0.011136 0.00280566 0.00539154 0.000565227 0.0234803 0.029375 0.0233185 0.0201256 0.012793 0.000965978 0.115135 0.00086286 0.0142991 0.000172068 0.00426051 0.00098136 0.00291967 0.00449705 0.127531 0.00226388 0.0858556 0.00304625 0.00439024 0.0922063 0.000766484 0.00440544 0.0191408 0.336696 0.0506114 2.33203e-06 
0.11251 0.00441869 0.00136928 0.000439397 0.000143735 0.00298324 0.332321 0.0734431 1.41317e-07 0.0734396 0.00024549 0.0246077 0.000215719 1.9923e-05 0.0188106 7.60753e-08 0.000194392 0.0613981 0.000422707 0.000435633 0.0213589 0.126777 1.15185e-05 0.0254368 5.47277e-06 6.52126e-07 0.00339761 0.113127 0.00246704 5.80882e-08 
0.0193973 0.0401105 0.00192663 1.04341e-05 0.00537422 0.0130065 0.0328655 0.0143719 0.000573032 0.00323448 0.00812375 2.84377e-05 0.00769613 0.00124995 0.00713461 0.00161568 0.0018254 0.00150234 0.035366 0.00718011 0.00517975 0.716074 0.00643019 0.00790905 0.0175606 0.000456318 0.0124059 0.0280176 0.00337238 1.20777e-06 
0.00714085 0.0029618 0.00228715 0.00695959 0.0713215 0.0416928 0.0118788 0.012101 0.0778515 0.000129554 0.0178243 0.00173013 7.76074e-05 0.000639229 4.01861e-05 5.16705e-09 0.000194277 0.0166859 0.0135042 6.61062e-05 0.444994 4.75154e-05 0.000404724 0.134355 0.000692303 0.0483028 0.0297483 0.0513038 0.0050651 4.03788e-09 
0.0273972 0.00492587 0.00197787 4.50881e-06 0.0137595 0.0275149 0.0157489 0.00912723 0.0100344 0.00138275 0.0640851 0.000346094 0.010867 0.00205387 0.00116638 4.89018e-07 0.000213236 0.000229272 0.0478084 0.000100571 0.0178856 0.00164581 0.00169606 0.055646 2.0979e-05 0.000891304 0.236301 0.387856 0.0593133 3.38879e-07 
4.62901e-05 0.114891 0.00324644 6.95227e-05 0.0290298 0.0406512 0.483284 0.112628 0.00257392 0.00830935 0.00407972 8.68905e-06 0.00713753 0.00137056 0.0537805 0.00160261 0.000212147 0.00324555 0.00174401 0.00539464 0.0251592 0.00480686 0.00429623 0.00594511 8.22605e-05 7.28444e-05 0.00392756 0.00972686 0.0726782 2.39115e-08 
0.241454 0.0731309 0.0495512 3.54422e-05 0.00926118 0.00891295 0.380795 0.00786689 0.00446428 0.0163331 0.00103408 0.0079478 0.0007744 0.00116107 0.0586247 1.45548e-05 5.66161e-06 0.00129337 0.0114716 0.000117625 0.0300433 0.00111527 0.00107169 0.00660146 0.00150255 0.0106724 0.00848528 0.0578533 0.00840508 1.48969e-07 
0.0179592 0.0154622 0.0031978 0.000895287 0.125151 0.0263448 0.0369524 0.0345474 0.00580032 0.00112992 0.0158508 0.000921441 0.00158579 0.00765949 0.012506 7.10932e-05 0.000129511 0.0118953 0.149904 0.000566573 0.129413 0.00444223 0.00254428 0.0536902 0.000759912 0.00271963 0.0183319 0.17121 0.148333 2.56446e-05 
0.0189729 0.0103452 0.0164339 5.73707e-06 0.000655532 0.0302802 0.0557842 0.00247788 1.29567e-05 0.00112663 6.63107e-05 0.010746 0.00225132 7.23875e-06 0.00563349 0.597339 8.10578e-06 1.36615e-05 0.0119986 9.4339e-07 0.164123 0.00107098 0.00355272 0.00397087 0.00159143 0.00136325 0.000522283 0.0580625 0.00158362 3.67041e-09 
0.00901041 0.107237 0.406372 2.08911e-05 0.000337931 0.00052518 0.373812 0.041972 0.00294314 0.0337919 1.71101e-08 0.000521454 4.01905e-06 6.63617e-05 0.000990022 2.70828e-11 1.16067e-07 6.66644e-06 0.00388591 1.43973e-08 0.00309275 1.37167e-05 0.0032011 0.00164594 0.00225775 0.000187727 0.00741671 0.000391758 0.000295636 2.06794e-11 
0.000893945 0.0126962 0.00220726 0.0179997 0.0143033 0.050292 0.0122524 0.076284 0.0258599 0.000258792 0.0238457 9.31691e-05 0.000777934 0.000122645 0.0151351 0.00060221 3.61391e-05 0.452277 0.0297757 0.000196594 0.0927871 0.00530983 0.00458709 0.0478918 0.00153709 0.0433241 0.0120851 0.0291838 0.0273802 4.77821e-06 
0.00134685 3.90987e-06 6.25519e-06 0.000100214 0.00683661 0.0165419 0.0259104 5.35688e-06 0.00970174 0.38226 0.00580043 0.00155582 0.102924 0.00268107 0.000950364 7.19819e-09 7.7689e-05 0.00310929 0.0873339 0.000223701 9.73754e-06 0.001048 0.00018532 0.045705 0.0125954 0.263358 0.00831737 0.00884429 0.0125674 5.49627e-09 
0.0138561 0.03412 0.0188941 7.51684e-07 0.000652674 0.0092987 0.188769 0.0195904 0.011723 0.00410808 0.0128573 0.00127568 0.000777637 6.88297e-05 0.00139213 1.99247e-05 3.35885e-08 0.000332547 0.242653 1.36264e-06 0.148163 0.000546666 0.161717 0.0368289 1.3321e-05 0.0026049 0.0643688 0.018625 0.00674077 2.26895e-10 
4.27727e-06 0.0314488 0.000164796 1.90088e-06 1.93164e-05 0.000507122 0.0183984 0.139597 0.00265577 0.00196518 0.00583423 2.36948e-05 0.0011894 0.00163668 0.0047282 1.13571e-08 1.98104e-07 0.00029394 9.36117e-05 1.97863e-07 0.00390902 0.681077 0.000567214 0.0526659 1.76911e-06 0.000169089 0.0168894 0.0348598 0.00129798 8.67189e-09 
0.00935351 0.00464327 0.00626632 1.02181e-05 0.000238253 0.123461 0.627434 0.00516429 0.00952634 0.0128437 0.00935945 1.54078e-06 0.00384759 1.47436e-05 0.00511631 3.39658e-08 0.00679687 0.00342086 0.00393133 3.5771e-08 0.0239243 0.000128581 0.00216637 0.00870593 5.32633e-05 0.000276297 0.0224978 0.0269028 0.0839146 2.5935e-08 
0.000285435 0.0074901 0.000544576 6.10321e-05 0.0215003 0.0666598 0.0148899 0.246162 0.0042623 0.00337754 0.010411 0.000154092 0.0119128 0.000101981 0.0084933 9.57238e-06 0.00016432 0.000458703 0.0277024 8.6459e-05 0.361601 0.00321423 0.0137133 0.0278482 0.000210892 0.00192616 0.00660828 0.0681911 0.0919596 2.274e-07 
0.00126008 0.00532684 0.0165758 3.08044e-06 0.00371256 2.60438e-05 0.0293186 0.00187717 2.43491e-05 0.0043605 0.000168347 0.000341593 0.000108638 1.00583e-07 0.00345232 0.00286675 1.01614e-06 0.000613814 0.00273681 7.57902e-05 0.00964702 0.0137425 0.883203 0.00490311 9.87057e-05 0.000110339 0.000788074 0.0131793 0.00147723 7.3226e-11 
0.0187188 0.0245597 0.00945733 0.00739325 0.00531551 0.0518835 0.0214172 0.0403712 0.00723291 0.0050704 0.0279326 9.31027e-05 0.0136749 0.00100265 0.00224134 0.000516394 0.00148074 0.000766689 0.0221822 0.000126008 0.0416222 0.057096 0.0142972 0.0186671 0.000234214 0.0235301 0.54355 0.0323895 0.00716926 8.24216e-06 
0.0333179 0.0363212 0.00777061 3.9586e-06 0.00182419 0.0033071 0.769319 0.0205052 0.00744864 0.0163763 0.000652543 0.00781149 0.000100337 0.000544323 0.0267368 2.19289e-07 5.79519e-05 0.000116229 0.00457968 7.38693e-05 0.0412598 0.00149037 3.03173e-05 0.00322205 7.68589e-05 0.000155186 0.00149419 0.00753783 0.00786609 1.03093e-08 
0.888037 0.0395418 0.00155433 2.91e-05 0.000992048 0.00105505 0.0313396 1.51048e-07 5.14597e-08 0.00249574 0.000240699 0.000288926 0.000146968 3.13309e-08 0.000431239 7.81416e-12 6.34923e-12 0.00851893 0.0215548 3.37873e-09 0.000411097 3.01636e-05 4.53042e-09 0.00072563 3.67772e-05 0.000914337 0.000121291 0.00149775 3.64706e-05 5.9666e-12 
0.00156787 0.00530827 0.00237547 0.0108684 0.00531313 0.491914 0.0245245 0.0164243 0.00725971 0.00157024 0.0542121 3.80428e-05 0.0588582 0.0118264 0.0225812 0.0022198 0.00238229 0.00651708 0.0187517 0.000484995 0.0182644 0.00769216 0.00414357 0.0182958 0.00199597 0.0278515 0.0224651 0.100975 0.0533092 9.8222e-06 
0.014938 0.0225856 0.00689611 2.79932e-05 0.0338319 0.0262442 0.0569407 0.0464958 0.0161558 0.00386795 0.0146685 0.0014469 0.0472378 0.00105008 0.00972261 0.000577559 0.000132744 0.00210593 0.045188 0.00488426 0.0763138 0.00828339 0.00494939 0.0574353 0.000653378 0.00495544 0.0171588 0.220919 0.254306 2.684e-05 
0.0097185 0.0218207 0.00366593 0.00661205 0.0512751 0.138742 0.0271219 0.0205089 0.0427366 0.00334957 0.0424347 0.000867412 0.0106516 0.00441925 0.00638016 0.000543311 0.00157861 0.00331322 0.0507125 0.000604223 0.130977 0.00155605 0.0191769 0.0188788 0.000698136 0.0244268 0.133011 0.0609805 0.163226 1.20558e-05 
0.0240773 0.010157 0.00158785 0.00341608 0.019255 0.00856857 0.0154044 0.0657412 0.00194278 0.0105926 0.0124729 0.00182055 0.0159352 0.000156412 0.0138758 1.15554e-05 0.00209269 0.000763685 0.0811593 1.59531e-05 0.0379447 0.00819899 0.00136872 0.0274866 0.000199581 0.0106626 0.017232 0.458162 0.149691 6.18311e-06 
0.000818326 0.0581098 0.126908 0.0268674 0.0375361 0.0317817 0.0297904 0.0311933 0.0130953 0.0401704 0.0435531 0.00753831 0.0153403 5.97593e-06 0.0449596 1.20578e-06 0.0568371 0.0516971 0.00379482 8.00757e-05 0.0331636 0.186846 1.92108e-05 0.0288819 0.000102234 0.0395002 0.00634797 0.0035862 0.0814742 2.61879e-08 
0.00435165 0.0614696 0.00317264 3.44376e-05 0.00391983 0.131833 0.0769136 0.00150225 0.00192779 0.00368592 0.0215204 0.000914375 0.0578102 5.09126e-07 0.0252859 1.18283e-05 0.00697771 0.0438358 0.326071 1.38819e-06 0.0781464 0.0281984 0.0271283 0.00976363 0.000508464 0.0145518 0.0207842 0.0471586 0.00252012 1.60707e-08 
0.0383626 0.0947089 0.0559117 0.000694245 0.0153229 0.017069 0.378848 0.0686069 0.00488264 0.0268726 0.0113309 0.00252049 0.00855486 0.00119346 0.0423464 7.292e-05 0.000254453 0.00281522 0.0428624 0.00310875 0.0359138 0.0176059 0.0145428 0.0190486 0.0021354 0.00772396 0.0163156 0.0421945 0.0281517 2.83092e-05 
2.66653e-05 0.00151316 4.32071e-05 5.05972e-05 0.000453327 0.0021022 0.0100123 0.0313756 4.91312e-08 1.72093e-06 0.0308562 6.10148e-06 0.023206 7.07277e-07 0.00149245 2.00008e-07 3.51387e-07 4.55098e-05 0.000597777 2.07176e-05 7.95311e-10 0.0424194 3.06199e-05 0.00610293 0.0017088 1.49399e-07 0.00111484 0.846491 0.000327013 5.80848e-10 
3.14626e-05 0.00124921 0.0848418 0.501211 0.000100484 0.0931153 0.0449431 0.00472941 6.13776e-07 0.000832031 0.0480483 0.000174884 0.00547475 2.05417e-07 0.100082 0.00380213 3.04982e-07 0.0178324 0.00260648 0.000175928 0.00945264 0.0231348 0.00118158 0.012346 0.0287491 0.000224086 0.00029765 0.0151204 0.000241423 1.78179e-07 
0.106891 0.0250623 0.0452763 0.000286198 0.00100917 0.00110409 0.636905 0.000822794 1.05435e-05 0.0139469 4.89065e-05 0.0167581 0.000418324 1.39531e-05 0.0091861 1.07209e-05 4.2437e-09 0.108727 0.0135045 3.06008e-05 0.0058035 0.00128439 1.73362e-08 0.00085293 6.5787e-05 2.43731e-08 1.06833e-05 0.00991473 0.00205677 2.00074e-09 
0.106135 0.768508 0.00200081 4.23563e-06 0.00112434 0.00752757 0.0238348 0.00157948 6.61031e-05 0.000772826 0.026441 0.000284815 0.0011862 1.4799e-05 8.67126e-05 4.05148e-08 1.6917e-05 0.00520633 0.009431 0.000269524 0.0219001 0.00217778 7.05694e-06 0.00436741 4.40327e-05 0.000135293 0.000665111 0.0124015 0.00381106 3.33888e-08 
0.014403 0.0045517 0.00258319 2.69521e-05 0.00876048 0.0414428 0.0351196 0.0422184 0.00654043 0.00114576 0.0100449 0.00112499 0.000409662 6.28356e-05 0.00329762 6.54157e-08 6.12455e-06 0.00113031 0.0172592 2.91799e-05 0.470454 0.00276046 0.000570983 0.052915 3.59448e-05 0.00493509 0.031111 0.176303 0.0707574 1.28742e-08 
0.000567458 0.00459284 0.000203196 2.8338e-05 0.00413577 0.143537 0.0361834 0.0128435 0.00125754 0.00320389 0.129108 0.000201856 0.00149845 2.78524e-05 0.040111 1.66803e-06 0.000232568 0.402377 0.00676051 0.00129715 0.0643171 0.018977 6.23062e-05 0.0154268 4.24588e-05 0.000990948 0.00341751 0.0978841 0.0107119 1.95007e-10 
0.00554227 0.0778218 0.000759845 0.00101084 0.0155936 0.115758 0.0396847 0.0302635 0.0022936 0.000458747 0.0334219 0.000179169 0.0113874 0.000791593 0.0418411 6.06143e-06 0.000752809 0.00747223 0.0304079 0.000265368 0.101524 0.0265018 0.000565118 0.0309042 0.000762424 0.0512853 0.0307417 0.0818526 0.260149 9.27176e-07 
0.00963082 0.00222545 0.00335903 0.000873726 0.0372548 0.0320267 0.012255 0.0170437 0.0324561 0.00251331 0.027758 0.000945765 0.00280079 0.00443703 0.00102366 0.000225239 8.84328e-05 0.00302415 0.128399 0.000822344 0.0554247 0.00202969 0.0105443 0.332424 0.000512621 0.0459926 0.146194 0.0578795 0.0298333 2.5505e-06 
0.000805198 0.0130299 0.00303697 0.000278264 0.027467 0.101994 0.0627805 0.0445662 0.00495207 0.0044315 0.028065 0.000225095 0.0879962 0.00159217 0.0133369 0.0156648 0.000244609 0.000344373 0.0297519 0.000121174 0.0524277 0.00848771 0.00192113 0.0114745 0.00659045 0.0576008 0.0572321 0.173645 0.189936 9.01383e-07 
1.68152e-05 0.00303568 3.34227e-05 0.00036127 0.00171931 0.0897689 0.018107 0.0708619 7.36803e-05 0.00010592 0.00591572 1.07525e-05 0.0430867 0.00619409 0.00057004 0.00474503 7.77676e-08 0.04424 0.0294543 0.496718 0.00214205 0.10559 0.0128765 0.0184442 0.00463351 0.000132357 0.00329737 0.018387 0.0194785 4.43387e-08 
0.0271004 0.139131 0.0267933 0.000213984 0.00510935 0.0134171 0.429682 0.0118882 0.00274523 0.0152366 0.00406869 0.000127649 0.0014613 0.000378905 0.00948755 0.00174537 0.00163698 0.00233543 0.0293376 1.17202e-05 0.00800745 0.00451912 0.0109345 0.0142969 0.0020385 0.205995 0.0115527 0.0182611 0.00248366 2.75311e-06 
0.00126008 0.00532684 0.0165758 3.08044e-06 0.00371256 2.60438e-05 0.0293186 0.00187717 2.43491e-05 0.0043605 0.000168347 0.000341593 0.000108638 1.00583e-07 0.00345232 0.00286675 1.01614e-06 0.000613814 0.00273681 7.57902e-05 0.00964702 0.0137425 0.883203 0.00490311 9.87057e-05 0.000110339 0.000788074 0.0131793 0.00147723 7.3226e-11 
0.835727 0.00677568 0.0121721 8.8437e-07 0.000126993 0.00036995 0.101981 0.0055158 0.000902942 0.00504332 2.08979e-06 6.60155e-08 0.0014379 0.000476767 0.000249112 3.76877e-06 4.9547e-06 2.25243e-06 0.00100496 6.98247e-06 0.00104344 0.000162056 0.00741269 0.000173198 7.11295e-07 1.32982e-05 0.0133859 0.00159233 0.00441121 2.95705e-09 
0.0090248 0.00946063 0.00268459 0.00313222 0.0168518 0.0527437 0.0180299 0.0422017 0.0197225 0.00811865 0.133507 0.000363093 0.0435715 0.00711867 0.00615795 0.000152863 0.000949207 0.00316481 0.0445748 0.00149635 0.0225006 0.0122713 0.00609473 0.0628102 0.00234723 0.0160828 0.211943 0.182214 0.0606544 5.4693e-05 
0.015702 0.00970017 0.00241476 9.64576e-06 0.0245846 0.00317891 0.294209 0.0709231 0.0014955 0.00426404 0.00197816 0.000478958 0.029109 7.20739e-06 0.273922 9.81108e-07 3.24542e-07 1.40572e-05 0.0079167 0.000125125 0.104782 0.0221721 0.00186045 0.0311965 9.05257e-05 3.38799e-05 0.00431914 0.061905 0.0336057 1.21225e-07 
0.0152237 0.0552828 0.00423137 0.000129628 0.118592 0.0287513 0.122339 0.0124323 0.0149389 0.00489454 0.0188114 0.0001196 0.0401565 0.000563101 0.00354518 2.24325e-05 0.000231635 0.000492304 0.0282683 0.000556994 0.0397744 0.0354217 0.00866818 0.315341 0.00393413 0.0113496 0.0128238 0.0725627 0.0305314 9.53079e-06 
0.0205943 0.0139393 0.00246213 4.61885e-06 0.00879285 0.00592485 0.0428533 0.00533351 0.000578333 0.00156572 0.0263022 0.000373945 0.00826211 5.73558e-05 0.0183499 1.80023e-06 0.00291018 0.000436839 0.111812 1.20393e-05 0.0958576 0.000570582 0.00127005 0.0427377 0.000107719 0.000336666 0.00233721 0.536268 0.0499474 5.26543e-07 
0.0189729 0.0103452 0.0164339 5.73707e-06 0.000655532 0.0302802 0.0557842 0.00247788 1.29567e-05 0.00112663 6.63107e-05 0.010746 0.00225132 7.23875e-06 0.00563349 0.597339 8.10578e-06 1.36615e-05 0.0119986 9.4339e-07 0.164123 0.00107098 0.00355272 0.00397087 0.00159143 0.00136325 0.000522283 0.0580625 0.00158362 3.67041e-09 
0.888037 0.0395418 0.00155433 2.91e-05 0.000992048 0.00105505 0.0313396 1.51048e-07 5.14597e-08 0.00249574 0.000240699 0.000288926 0.000146968 3.13309e-08 0.000431239 7.81416e-12 6.34923e-12 0.00851893 0.0215548 3.37873e-09 0.000411097 3.01636e-05 4.53042e-09 0.00072563 3.67772e-05 0.000914337 0.000121291 0.00149775 3.64706e-05 5.9666e-12 
0.0112216 0.00455104 0.00820141 0.000102832 0.007823 0.00507937 0.0306103 0.00838801 0.000516144 0.00595713 0.00550856 0.0008119 0.00657552 0.000570948 0.00723544 0.000140313 3.68178e-05 0.00652253 0.00508766 0.000832866 0.0122309 0.00767346 0.00472871 0.00469554 0.822979 0.00209141 0.00823466 0.0137558 0.00782087 1.6509e-05 
0.0115692 0.0127697 0.00477495 3.4698e-05 0.0216039 0.0191455 0.0431808 0.0415333 0.113888 0.00986973 0.0173147 0.000140515 0.00758277 0.00217881 0.00981535 0.00313364 8.42786e-06 0.000774592 0.0569066 0.0014144 0.0452096 0.000746763 0.0168234 0.0413243 0.00177296 0.0150904 0.0752136 0.366069 0.0601062 4.13999e-06 
0.0300961 0.0692084 0.0359188 0.0031057 0.0113978 0.0183988 0.511454 0.0540414 0.00161646 0.0332405 0.00471433 0.00065817 0.00358535 0.00371613 0.0468203 0.0005839 0.00249003 0.000740516 0.0102928 0.000898444 0.0387244 0.0195536 0.00486927 0.0192666 0.00417857 0.00442233 0.00952806 0.028505 0.0279286 4.53633e-05 
0.000226351 0.0010101 0.000698506 0.0101825 0.0139103 0.318127 0.00815632 0.0260706 0.0215817 0.000985155 0.0388249 0.000246962 0.0129822 0.00466315 0.00868245 0.00109057 0.00193556 0.0310782 0.00705707 0.0022751 0.0300353 0.0130456 0.0372496 0.0142945 0.00445335 0.276064 0.0211448 0.0259355 0.0679747 1.75895e-05 
0.888037 0.0395418 0.00155433 2.91e-05 0.000992048 0.00105505 0.0313396 1.51048e-07 5.14597e-08 0.00249574 0.000240699 0.000288926 0.000146968 3.13309e-08 0.000431239 7.81416e-12 6.34923e-12 0.00851893 0.0215548 3.37873e-09 0.000411097 3.01636e-05 4.53042e-09 0.00072563 3.67772e-05 0.000914337 0.000121291 0.00149775 3.64706e-05 5.9666e-12 
0.00335152 0.0432891 0.050119 0.0012057 0.0355649 0.0277358 0.240477 0.0655507 0.0200634 0.0589935 0.0111007 3.10005e-05 0.000829237 0.000140627 0.0162238 5.17573e-06 0.00664733 0.00322066 0.027843 0.000201423 0.033296 0.014989 0.00224551 0.241194 0.00134184 0.00587788 0.0132148 0.0691998 0.00604642 8.76216e-07 
0.0414871 0.0328994 0.0207291 0.00341601 0.00645126 0.0277854 0.352398 0.028834 0.0362314 0.0839965 0.000803666 0.00390359 0.00503113 0.000711401 0.010581 0.00258228 4.79458e-05 0.0118286 0.031827 0.00707675 0.0289765 0.13714 0.0115391 0.059282 0.00810149 0.00512033 0.00919334 0.0206125 0.0113905 2.22841e-05 
0.0720595 0.0032534 9.16594e-05 0.000419865 0.0267164 0.694585 0.0225008 0.0327749 0.00414108 0.000581891 0.000867132 0.000217064 0.00863992 0.000178635 0.00462733 1.69688e-05 1.44937e-05 0.000604013 0.00410421 0.000847149 0.014081 0.0108073 0.0117614 0.0014159 2.1478e-05 0.000144157 0.00435508 0.0193315 0.0608385 1.67653e-06 
6.70904e-05 0.026592 8.42895e-05 3.89133e-05 0.00217409 0.539635 0.117315 0.0128571 0.00135311 0.00729254 0.00643266 0.000852711 0.0488949 0.0021249 0.00507779 9.66019e-08 0.000209595 0.000311924 0.00127007 1.01736e-07 0.00122905 0.000835464 0.063606 0.00382325 3.45512e-05 0.00938567 0.0997571 0.0282231 0.0205214 7.37616e-08 
0.0123938 0.010178 0.00600657 0.000429479 0.0768184 0.0678303 0.0790208 0.0704677 0.00035938 0.0219272 0.0475942 0.00712632 0.0302605 0.0012352 0.0490976 1.1034e-05 0.000762029 8.92145e-06 0.00757646 0.00561947 0.0374049 0.013253 0.0139838 0.0276018 0.0464786 0.00308701 0.0224811 0.251341 0.0896452 4.60984e-07 
0.0294359 0.049951 0.0442623 0.000159161 0.00198386 0.00211795 0.750836 0.0135803 0.00390812 0.0144324 0.00273864 0.00205454 0.00118093 6.09726e-05 0.00127617 0.000138087 2.09772e-05 0.000388115 0.00621301 6.63257e-06 0.0030695 0.00620813 0.00494386 0.00859708 0.00148902 0.00657633 0.00120495 0.0405915 0.00257351 1.05615e-06 
2.64621e-05 0.000102651 0.000144703 3.90554e-05 0.00356618 0.0171477 0.00192371 0.00184995 7.35341e-05 0.000101233 0.0117678 5.05243e-06 0.0474016 0.000543354 0.00151552 1.02291e-06 1.29871e-06 0.000336815 0.0241104 0.00240533 0.0714256 0.0164768 0.000260318 0.00893651 0.000243418 0.0110894 0.000394647 0.0122818 0.765827 7.81055e-07 
0.0245724 0.0170903 0.00720718 0.00986932 0.00868561 0.0468023 0.10993 0.174506 0.00362406 0.00706513 0.0193206 0.0126493 0.00369353 7.35526e-05 0.0145868 0.0394143 0.00782332 0.0178692 0.0178936 0.00533594 0.0148747 0.09067 0.0115779 0.132976 0.00621006 0.0135486 0.0253688 0.142113 0.0146024 4.66069e-05 
0.00214057 0.00324053 0.000376055 8.33469e-05 0.0360673 0.176707 0.0167913 0.0248248 0.00225659 0.000287788 0.0380712 3.77668e-05 0.0122105 0.000504636 0.000475194 6.74474e-05 0.000429132 0.0226959 0.105487 0.00011311 0.371632 0.00122254 0.00431388 0.02182 5.70015e-06 0.0454535 0.012087 0.0807927 0.0198044 3.49203e-08 
0.00273757 0.00469274 0.00074061 0.0255391 0.130774 0.0444909 0.018743 0.020874 0.0229357 0.000449307 0.0349314 2.743e-05 0.00220146 0.000101526 0.00508866 0.0038767 0.00318391 0.264881 0.112632 0.00072401 0.0493363 0.00370971 0.00153919 0.0764157 0.0012098 0.0531267 0.0103846 0.0891496 0.0154989 4.86955e-06 
0.00034652 0.000649482 0.0371001 3.41814e-05 0.0491196 0.0177518 0.00187031 0.0187069 0.00033774 4.51757e-08 0.00627349 0.000145749 0.000971683 8.73319e-05 0.00610242 5.02711e-05 0.000917334 0.00104787 0.0435883 7.13633e-09 0.647858 0.000130616 0.000955163 0.00581361 0.000190244 0.014714 0.00389408 0.108213 0.0331299 7.11107e-10 
1.25738e-08 0.0026256 0.00110538 4.83504e-06 0.0206304 0.000843375 0.00091309 0.231868 2.91186e-06 0.000363716 0.000737945 1.18033e-08 0.00011509 4.79138e-05 0.000227981 3.66526e-12 7.41758e-09 0.00113527 0.00991194 2.27633e-08 0.0886407 0.000837634 1.00747e-06 0.0303087 4.12291e-05 0.00081709 0.00112702 0.585835 0.021858 2.79865e-12 
0.00503988 0.0120707 0.00737602 0.000240783 0.109227 0.0465437 0.0235007 0.0413008 0.0107303 0.00120552 0.00368861 6.37062e-05 0.023466 0.000820948 0.00539739 0.000620203 0.000214863 0.0159148 0.07373 0.000184785 0.0694094 0.00942406 0.1254 0.0760425 0.0131428 0.0192883 0.0234727 0.211533 0.0709473 3.69293e-06 
0.0225647 0.114036 0.513252 2.42173e-06 0.000470428 0.00114967 0.245421 0.00313939 0.0044895 0.00664586 0.000153626 0.00196726 0.000115663 1.19443e-05 0.000193733 7.16589e-07 0.000301461 6.40766e-05 0.0225094 7.58018e-06 0.0224018 0.000209942 0.0120514 0.00618834 2.46936e-05 0.00137854 0.00108889 0.0154091 0.00475171 9.21398e-08 
0.0144601 0.00807596 0.0035326 4.27776e-05 0.130017 0.00822049 0.0413515 0.0119027 0.00153091 0.00364654 0.00637742 0.00123192 0.00390545 0.00018498 0.0024921 5.78881e-06 7.24652e-05 0.00365205 0.382407 0.000757911 0.0294449 0.0248384 0.00129878 0.0340302 4.91999e-05 0.000294188 0.0097331 0.224197 0.0522454 2.30187e-06 
0.00117457 0.000920893 0.000991666 0.0012351 0.0049707 0.146302 0.00310942 0.0620615 0.00479182 0.00021 0.0953249 1.27704e-07 0.00432049 0.00023014 0.0188708 5.54975e-09 7.04071e-06 0.470629 0.0510228 8.36035e-05 0.00410876 0.000976975 0.000175616 0.00922179 0.00462528 0.049368 0.0360472 0.0180808 0.0111388 4.23759e-09 
0.00166105 0.0178447 0.000111586 3.2621e-06 0.0416368 0.0120874 0.00157151 0.0251164 0.0045825 9.9306e-05 0.215591 5.08889e-06 0.0438833 2.76919e-05 0.00201472 2.13817e-06 8.87794e-05 0.00342473 0.00937209 0.000317414 0.0105586 0.00427828 0.00184138 0.247544 9.6979e-05 0.000291837 0.27583 0.0691646 0.0109509 1.98177e-06 
0.000207419 0.000135601 5.66079e-09 2.16415e-09 0.0115879 0.00440996 1.201e-08 0.00209333 0.00356195 5.54555e-09 0.0305083 6.2728e-09 0.0296038 0.0001395 0.000209687 2.22514e-12 6.51056e-09 0.000101448 1.10727e-07 3.98613e-09 7.89657e-08 6.93866e-09 0.00028351 0.534471 6.53787e-09 2.97404e-08 0.260481 0.0911013 0.0311034 1.69903e-12 
0.120683 0.00226421 0.000745572 1.68254e-05 0.000983367 0.039779 0.433541 0.00102968 2.85943e-07 0.162828 0.0102608 0.05324 0.044805 0.000912923 0.00946869 9.31166e-11 0.00189594 0.00456424 0.0631264 0.000886716 0.000210513 0.000968701 6.50193e-05 0.0073327 0.0016973 0.000628659 0.000173967 0.0370663 0.000825695 7.11004e-11 
0.0706785 0.00408623 0.00800123 2.84234e-07 0.102604 4.94898e-06 0.00534005 0.00169886 0.000423091 2.84175e-05 2.79443e-06 3.57243e-05 0.000394661 0.00508069 7.16893e-06 2.15366e-07 8.02496e-08 4.81656e-06 0.00158723 1.48818e-09 0.0210124 1.24208e-06 8.49679e-05 0.0126579 5.05601e-07 5.10885e-06 0.760582 0.00547208 0.000204329 1.07897e-09 
0.00787307 0.166668 0.00292101 0.000112748 0.0293367 0.0050348 0.517265 0.138769 0.00157268 0.00720947 0.00353002 9.80282e-06 0.0377833 4.25399e-05 0.000267513 1.91942e-06 3.40651e-05 0.00198764 0.0274381 0.000432292 0.00140136 0.0304405 0.0051188 0.00888426 6.7582e-06 0.000814509 0.00033753 0.00259982 0.00210606 1.29512e-06 
0.00501947 0.00182359 0.000223667 4.96305e-05 0.0246761 0.00621912 0.00330189 0.00698932 0.407472 0.000979159 0.0146408 8.97325e-06 0.00356819 0.00265247 0.000360755 0.000205159 0.000110229 0.00203319 0.098767 0.00019411 0.00217806 0.00536738 0.00525567 0.3451 0.000923117 0.000466346 0.00917444 0.0498908 0.00234457 5.65147e-06 
0.000127101 0.0207756 0.000871721 3.54412e-06 0.00728158 0.042922 0.241892 0.284305 0.00892059 0.000428825 0.00935182 0.000965461 0.00864206 0.00179913 0.0224815 0.00199759 5.47032e-08 0.00156222 0.00154087 0.0128948 0.0147733 0.011292 0.0551789 0.0206726 0.00326805 0.0149778 0.0968919 0.0320387 0.0821426 3.29508e-09 
0.000295718 0.0182897 0.00693533 8.5807e-08 0.00643528 0.00204139 0.446059 0.00868672 6.27882e-08 0.000715454 0.00318255 0.100198 0.000422838 3.8615e-05 0.0875218 7.92595e-11 9.33284e-07 0.00329231 0.00124469 1.96852e-06 0.00332842 0.00393609 1.27888e-06 0.0063748 1.58684e-05 1.60374e-06 0.000381799 0.285044 0.0155538 6.05196e-11 
0.0315856 0.0496829 0.0254194 2.03242e-05 0.0231495 0.0256177 0.384684 0.0398404 0.0021402 0.0397386 0.0130183 0.00356472 0.0126862 0.0014203 0.0902534 0.000199121 0.000152609 0.0038311 0.0325514 0.00328713 0.0485222 0.0173483 0.0051842 0.0203263 0.00103252 0.00257708 0.0111008 0.0733091 0.0377459 1.11582e-05 
