0.010944 0.0137391 0.00847821 0.00419534 0.0217265 0.0310055 0.0275554 0.114689 0.0276692 0.00491115 0.0730227 0.00198601 0.0158008 7.88196e-05 0.00698548 0.000438291 0.000209783 0.0050741 0.0528724 6.74051e-05 0.236304 0.00340945 0.00165987 0.04699 0.000457088 0.0297423 0.0138286 0.197108 0.0490392 1.27757e-05 
0.0106003 0.00723569 0.0026472 0.00222537 0.00827462 0.0309125 0.0445051 0.0939613 0.0119553 0.00209297 0.20412 2.27244e-05 0.0291517 0.00291358 0.0153888 1.17369e-05 0.000241394 0.00619636 0.101235 0.012765 0.0527594 0.0360627 0.0114477 0.216627 0.00247705 0.0044629 0.0096153 0.0475275 0.0325591 4.60094e-06 
0.00628594 0.0062293 0.00296413 4.25003e-05 0.0336168 0.0118042 0.0333011 0.0452854 0.00671442 0.00123148 0.00553677 0.00700832 0.0135755 0.00210965 0.0108769 0.000351524 3.56456e-05 0.000370759 0.0206385 8.38337e-06 0.404299 0.000700854 0.000403835 0.0803712 0.000104352 0.0217003 0.0165207 0.192598 0.075314 2.37375e-07 
0.00137943 0.0193681 0.00651149 5.63258e-06 0.00730771 0.0458279 0.0277876 0.583989 0.00010849 0.0160835 0.00717484 0.000397351 0.00291321 0.000826238 0.00495705 1.26543e-07 0.000348068 0.00346711 0.0127439 0.00524178 0.0486378 0.00428217 0.000937076 0.109879 6.2789e-06 0.000135417 0.00182151 0.0741408 0.0137216 1.43602e-08 
0.00375666 0.00499474 0.00523397 7.48633e-05 0.00545131 0.0385346 0.017764 0.0138714 0.0230291 0.00261113 0.0767194 4.10144e-05 0.0290656 0.024595 0.00163972 0.00705043 0.000150269 0.000146191 0.0221535 0.000297507 0.0182051 0.00564595 0.523965 0.0176984 0.000132335 0.0113668 0.0441932 0.0225635 0.0790359 1.38821e-05 
0.0339877 0.0174787 0.00441989 5.43272e-05 0.0508868 0.0601344 0.0530185 0.072786 0.00251544 0.00817374 0.0435194 0.00076467 0.198511 0.000619291 0.0182013 2.21254e-05 0.00505353 0.00112926 0.00955239 0.000691655 0.0275222 0.00639881 0.00461109 0.0264997 0.00431432 0.00490626 0.0577843 0.160054 0.126387 2.02175e-06 
0.0189729 0.0103452 0.0164339 5.73707e-06 0.000655532 0.0302802 0.0557842 0.00247788 1.29567e-05 0.00112663 6.63107e-05 0.010746 0.00225132 7.23875e-06 0.00563349 0.597339 8.10578e-06 1.36615e-05 0.0119986 9.4339e-07 0.164123 0.00107098 0.00355272 0.00397087 0.00159143 0.00136325 0.000522283 0.0580625 0.00158362 3.67041e-09 
0.000541929 0.0203687 0.00790874 0.000115751 0.0155737 0.0670639 0.193942 0.0889703 0.00730966 0.00170966 0.0107822 2.25272e-05 0.00495202 1.40764e-05 0.174091 0.00104023 4.55774e-05 0.00163531 0.0297983 0.000362482 0.0805463 0.0455862 0.0190699 0.0510172 8.91338e-05 0.0153508 0.0475306 0.0876708 0.0268896 1.50115e-06 
0.00674039 0.0055212 0.00501924 5.08611e-05 0.0635055 0.0189692 0.0296961 0.0320976 0.00734361 0.00250452 0.0133624 0.000463971 0.00511119 0.000530075 0.00145332 2.74446e-06 0.00126735 0.00136579 0.0630492 0.000486876 0.159054 0.00123559 0.00528646 0.0377958 0.000844461 0.0272747 0.0796113 0.380568 0.0497871 9.24949e-07 
4.4623e-06 3.77772e-05 4.79635e-05 0.000107646 0.00432419 0.11442 6.19824e-06 0.00418393 0.000266761 2.90142e-08 0.275725 3.1682e-05 0.00060552 8.13607e-08 0.000307066 4.09833e-11 0.000455236 0.0740646 0.0105561 4.31615e-11 0.0357184 1.05316e-05 0.000253634 0.00381903 3.5593e-06 0.414231 0.00205091 0.0312044 0.0275648 3.12933e-11 
0.0143538 0.0251548 0.00361371 0.000257615 0.119562 0.0208656 0.040537 0.0555347 0.0268043 0.00395771 0.010379 0.0016006 0.00300174 0.00210915 0.00139382 0.00602664 8.17537e-05 0.00224489 0.157585 3.01058e-05 0.0468769 0.000875905 0.00105209 0.143282 0.000354695 0.0320932 0.0258018 0.155068 0.0994965 5.63565e-06 
0.00773543 0.00849193 0.00482101 0.000913638 0.0227069 0.013323 0.0248818 0.0143517 0.012448 0.00104048 0.0410627 0.00548733 0.0273292 0.0021569 0.00159287 2.30134e-06 0.00012843 0.000428232 0.180362 5.73544e-05 0.0603069 0.00109484 0.0245715 0.030299 6.09277e-05 0.00469651 0.22054 0.268523 0.0205848 5.09119e-07 
0.00064891 0.0437469 0.00046685 1.08379e-07 0.00433204 0.169209 0.114636 0.149282 0.00253071 0.00535146 0.0349986 0.00048262 0.00415471 9.06881e-05 0.0698612 9.21675e-08 4.50947e-05 0.00849372 0.0135349 0.00108147 0.0878668 0.0195591 0.000873556 0.0251505 0.00024851 0.000859802 0.00917148 0.129162 0.104161 1.11851e-08 
0.0189729 0.0103452 0.0164339 5.73707e-06 0.000655532 0.0302802 0.0557842 0.00247788 1.29567e-05 0.00112663 6.63107e-05 0.010746 0.00225132 7.23875e-06 0.00563349 0.597339 8.10578e-06 1.36615e-05 0.0119986 9.4339e-07 0.164123 0.00107098 0.00355272 0.00397087 0.00159143 0.00136325 0.000522283 0.0580625 0.00158362 3.67041e-09 
0.0130072 0.00615556 0.00985723 0.0169887 0.00904762 0.0168228 0.0162327 0.0387086 0.00434689 0.0249776 0.0509008 0.000626068 0.0038128 0.00257518 0.00212457 3.70716e-05 0.000108277 0.386754 0.0187332 0.00028068 0.0442851 0.00637678 0.00398732 0.123832 0.00341716 0.0289884 0.0419314 0.101066 0.0240054 1.21481e-05 
0.0106155 0.288816 0.0125873 1.47377e-05 0.022324 0.00448774 0.478304 0.0463761 0.0226682 0.00693033 0.00127919 4.79043e-05 0.000848124 4.80968e-05 0.00580962 3.54957e-10 0.000481592 5.34699e-05 0.00563084 0.00132857 0.0431724 0.00750378 0.0105458 0.00241425 7.74041e-05 0.000383962 0.00373284 0.00821697 0.015302 2.71032e-10 
0.0762866 0.0310664 0.419506 1.40348e-08 0.00599367 0.00128778 0.188542 0.14652 2.61228e-08 0.0890586 0.000532348 0.00893433 0.000235606 3.38358e-06 0.00211227 3.63405e-10 0.00082879 0.000116247 0.00237218 6.55707e-05 0.000136948 0.00271418 2.02787e-05 0.00953043 0.00439108 5.09359e-07 5.19916e-05 0.00905013 0.000642443 2.77483e-10 
0.000587872 0.0107623 9.78997e-05 0.000281526 0.0531004 0.00913252 0.0545511 0.0128551 2.69815e-07 0.0058428 0.00220227 0.000966617 0.00106288 4.8748e-07 0.16544 1.39098e-07 2.00652e-07 0.0451796 0.000113687 0.00317952 0.00188532 0.0229414 0.000110621 0.00473846 0.210583 1.84091e-06 8.27705e-05 0.283076 0.111223 6.13608e-08 
0.00314436 0.00108145 0.00016118 0.00581663 0.00395997 0.155823 0.0118965 0.0484731 0.00909432 0.00390917 0.316536 1.6937e-05 0.106712 3.45473e-06 0.0218847 5.96728e-05 0.00564297 0.00315203 0.00716957 0.00223127 0.00690034 0.0458633 0.00087784 0.00740103 0.00270013 0.00540654 0.00710871 0.198943 0.0180316 9.22735e-09 
0.00424815 0.0465394 0.00528063 2.94131e-05 0.0108319 0.260461 0.0677253 0.0401815 0.00103497 0.00260343 0.0438817 0.0109582 0.0558267 0.000466522 0.0149205 1.99157e-05 0.00241017 0.00620507 0.0051456 0.00408786 0.0240413 0.108438 0.000133697 0.0233618 0.00110402 0.0326648 0.00656354 0.141946 0.0788849 4.56608e-06 
0.00132157 0.00327458 0.000790907 3.47609e-05 0.00918351 0.0524438 0.0590252 0.011962 0.0101174 0.00872395 0.00831109 0.000124851 0.0140505 0.000857761 0.00693807 5.3181e-05 3.92896e-05 0.00131535 0.0700734 5.17244e-05 0.00489772 0.0215796 0.0151441 0.0149262 0.000900129 0.000651791 0.0651293 0.574094 0.0439842 2.29746e-07 
0.0523653 0.00594005 0.000884102 3.53701e-05 0.085203 0.0317403 0.0159377 0.0655703 0.011236 0.00241785 0.0578067 3.27826e-05 0.0864784 0.000393478 0.0128217 2.21024e-05 0.00196968 0.000963934 0.0074951 1.16096e-05 0.167203 0.00207752 0.00137338 0.0277983 0.019348 0.0241344 0.0392476 0.175736 0.103754 1.59175e-06 
0.00535671 0.00369943 0.000771497 0.0523787 0.0186366 0.0678292 0.0163755 0.00548522 0.00145673 0.00058727 0.0464375 5.49461e-05 0.00317787 0.000138173 0.00521967 0.000364416 0.00657806 0.480197 0.112967 2.00373e-05 0.0144528 0.00472949 0.000731184 0.0170763 0.00189559 0.0591523 0.00292327 0.063241 0.00806638 1.42197e-07 
0.0189729 0.0103452 0.0164339 5.73707e-06 0.000655532 0.0302802 0.0557842 0.00247788 1.29567e-05 0.00112663 6.63107e-05 0.010746 0.00225132 7.23875e-06 0.00563349 0.597339 8.10578e-06 1.36615e-05 0.0119986 9.4339e-07 0.164123 0.00107098 0.00355272 0.00397087 0.00159143 0.00136325 0.000522283 0.0580625 0.00158362 3.67041e-09 
0.0186945 0.00196136 0.00579373 0.00457821 0.00938324 0.402778 0.0728493 0.108204 0.00114966 0.011845 0.0629674 3.77355e-06 0.00691979 0.000568074 0.00401396 2.28212e-08 0.000548436 0.0922826 0.0806326 0.000148748 0.00675407 0.00860362 0.000409819 0.0225515 0.00174655 0.0102073 0.00380533 0.0553347 0.00526477 2.93038e-09 
0.000630107 0.0415838 1.62229e-05 4.62863e-05 0.0177175 0.0314326 0.133897 0.0186957 0.00152332 0.0123126 0.0139586 0.000171605 0.0532392 0.00116675 0.0464754 0.00120198 0.19082 0.00134447 0.159577 0.00250164 0.0438305 0.013158 0.0906781 0.0093849 0.00856477 0.00242102 0.0380063 0.0236234 0.0420171 4.11961e-06 
1.25738e-08 0.0026256 0.00110538 4.83504e-06 0.0206304 0.000843375 0.00091309 0.231868 2.91186e-06 0.000363716 0.000737945 1.18033e-08 0.00011509 4.79138e-05 0.000227981 3.66526e-12 7.41758e-09 0.00113527 0.00991194 2.27633e-08 0.0886407 0.000837634 1.00747e-06 0.0303087 4.12291e-05 0.00081709 0.00112702 0.585835 0.021858 2.79865e-12 
0.03806 0.00959305 0.00566656 0.000156715 0.0445762 0.076229 0.146283 0.0759513 0.00152548 0.00459375 0.0041765 0.000275946 0.0432052 3.55407e-05 0.00669451 3.54016e-05 0.000218026 0.00464235 0.0480511 0.000725436 0.222244 0.00263461 0.0070038 0.0176847 0.00381753 0.0274643 0.00434899 0.0617701 0.142336 6.24121e-07 
0.00538031 0.0461619 0.00933631 0.00292956 0.015277 0.0651772 0.00421084 0.0406427 0.00740687 3.07106e-05 0.0400187 9.05218e-06 0.00732709 0.00228091 0.000649765 0.0082351 0.00241674 0.00299146 0.0881174 0.000399191 0.0288481 0.0416033 0.00072077 0.310647 0.00293477 0.00244216 0.0522769 0.177081 0.0344388 8.31633e-06 
0.000319465 0.00181717 0.000166917 0.000178647 0.000425656 0.0619378 0.0145466 0.171434 0.000175532 1.93623e-07 0.0227925 4.12168e-08 0.00494113 0.00110007 0.0310306 6.99377e-10 1.25954e-07 0.0121333 0.0227811 0.000374961 0.0162449 0.0779109 0.000398287 0.0836786 0.000599844 0.122617 0.0105799 0.0200429 0.321771 5.34019e-10 
0.0122621 0.00638862 0.000434547 0.00276722 0.0174329 0.0569438 0.0241433 0.0193134 0.0322928 0.0177083 0.434644 0.00248972 0.00626748 0.0016857 0.00302918 0.000236924 0.00128519 0.0383039 0.0427357 0.000700509 0.0197517 0.02509 0.00151358 0.0982184 0.00513118 0.00955673 0.0221706 0.0691696 0.0282503 8.29961e-05 
0.0120043 0.00509259 0.000545003 0.00588077 0.0116763 0.104616 0.0238868 0.0932721 0.00886443 0.00662162 0.212181 0.000527906 0.00624011 0.0110426 0.00569082 9.30499e-05 0.0395709 0.238063 0.00747785 0.000227811 0.0172243 0.0279149 0.0016113 0.0467468 0.00247324 0.0362139 0.0172317 0.0360493 0.0209136 4.62837e-05 
0.0238333 0.0200947 0.00357895 0.0100038 0.0581457 0.0489033 0.0515821 0.076382 0.00143449 0.00504424 0.0217795 0.00110619 0.00418628 0.000582408 0.0097702 0.00511471 0.00179488 0.315998 0.0286738 0.000317177 0.110821 0.0198759 0.00849179 0.0813114 0.0022871 0.00602601 0.0164868 0.0548102 0.0115373 2.67125e-05 
0.0120369 0.0146401 0.00128739 0.00214605 0.0105191 0.322927 0.0458889 0.0487595 0.0216985 0.00722015 0.0401643 2.74659e-05 0.0397226 0.00701029 0.0879202 0.00239114 0.000850746 0.0117588 0.0650089 0.00668054 0.0343546 0.0522771 0.0131246 0.0455924 0.00219486 0.0263157 0.026697 0.033513 0.0172681 4.03799e-06 
0.0783036 0.021363 0.00355912 0.00517673 0.0175551 0.0187065 0.577208 0.0116791 0.00892545 0.0577124 0.0102586 0.0121418 0.00633944 0.000187708 0.00324516 5.74207e-07 0.00541653 0.0031972 0.00854785 1.94089e-05 0.036281 0.00114073 4.15884e-05 0.0232943 0.000738355 0.0660999 0.00435581 0.0170356 0.001469 1.5278e-08 
0.00886147 0.00836884 0.00263049 6.3906e-05 0.0174386 0.137988 0.0235362 0.0122243 0.000372019 0.000386623 0.0062326 1.10147e-06 0.0014669 0.00321801 0.0017242 0.000119611 1.8371e-05 0.00767602 0.541586 6.46365e-05 0.00734013 0.00187378 0.0173481 0.0182431 0.000842239 0.00856985 0.00619839 0.126794 0.0388114 8.72956e-07 
0.00705138 0.0126631 0.00180841 0.00317674 0.010133 0.0233595 0.0365397 0.0163276 0.0259322 0.00202339 0.0230701 0.000590256 0.121827 0.00536585 0.0127718 0.000762824 0.00263215 0.00228007 0.112167 0.0013008 0.0161602 0.0140192 0.00484803 0.0338381 0.00167168 0.00617172 0.0249763 0.0982618 0.378145 0.000125265 
0.888037 0.0395418 0.00155433 2.91e-05 0.000992048 0.00105505 0.0313396 1.51048e-07 5.14597e-08 0.00249574 0.000240699 0.000288926 0.000146968 3.13309e-08 0.000431239 7.81416e-12 6.34923e-12 0.00851893 0.0215548 3.37873e-09 0.000411097 3.01636e-05 4.53042e-09 0.00072563 3.67772e-05 0.000914337 0.000121291 0.00149775 3.64706e-05 5.9666e-12 
0.014734 0.000649334 0.0016916 0.103869 0.00560553 0.0462454 0.0190431 0.00172196 0.000635277 0.00309035 0.141995 2.17648e-05 0.0246159 0.0042361 0.000825099 2.09899e-12 1.07175e-05 0.0168119 0.288934 0.000217044 0.00101327 0.000870773 2.42157e-05 0.0448026 0.0349831 0.0108744 0.00634577 0.219392 0.00674155 1.60271e-12 
0.00614931 0.000909973 9.73834e-05 3.53363e-06 0.00325072 0.0203024 0.00727897 0.0207523 0.00268795 0.00014163 0.0795566 1.66577e-06 0.0180745 0.000714985 0.000359516 2.25609e-05 5.51857e-06 6.64681e-05 0.0110394 0.000139384 0.0234753 0.00129794 0.0357387 0.097664 9.28644e-06 0.00037849 0.0636963 0.0818444 0.524341 1.48546e-07 
0.0680342 0.00832644 0.0255325 4.78334e-07 0.00364354 0.0012255 0.0442448 0.138185 2.07037e-05 0.156887 0.0129029 0.000839644 0.00611688 0.00199465 0.00444343 2.45082e-11 4.0916e-08 0.00289532 0.00709993 1.12429e-07 0.010772 0.01762 7.9408e-10 0.112863 7.48654e-05 0.00026155 0.00214705 0.360709 0.0131587 1.87136e-11 
2.34357e-08 0.0036375 2.41016e-08 3.10286e-05 0.00116073 0.0197112 0.0170759 0.508974 0.00881603 1.87442e-07 1.21147e-06 4.44033e-08 0.004135 0.000203518 1.37573e-07 8.97528e-12 3.06365e-08 4.47457e-08 0.0321819 6.93809e-07 0.130992 2.95693e-07 1.50691e-06 0.00245715 5.39727e-07 1.52374e-07 0.0680839 0.0913177 0.111218 6.85319e-12 
0.0244691 0.00474885 0.00123303 7.63637e-05 0.00341521 0.0137426 0.0383364 0.058203 0.000610191 0.0121704 0.0411743 0.00164648 0.0107849 0.0046458 0.00560177 0.0102633 5.39991e-07 0.00284406 0.124521 0.00258405 0.00933368 0.0490368 0.00090564 0.115777 0.00691974 0.000241711 0.00278628 0.426432 0.0274957 5.02643e-09 
0.0233593 0.0221786 0.00815916 1.2377e-06 0.000497791 0.00416401 0.321391 0.0078731 4.94131e-06 0.0437983 0.016461 4.66603e-05 0.0114763 0.00447499 0.0650258 1.78423e-08 7.04612e-09 0.00394172 0.17643 0.00401887 0.00364543 0.00684582 2.58002e-08 0.0260098 0.000240874 3.99531e-08 0.00315588 0.238884 0.00791528 3.36697e-09 
0.120703 0.000665671 0.00148329 0.000447433 0.0381983 0.00810151 0.0207214 0.0199054 0.000423539 0.0156381 0.00882672 0.00193307 0.0045718 0.00268009 0.000371134 1.70398e-07 3.89515e-07 0.0124482 0.103132 0.396975 0.0112701 0.050485 0.000719219 0.0571217 0.00316739 0.000255533 0.0101634 0.0388215 0.0707708 1.30109e-07 
4.53789e-05 0.00522895 1.00061e-07 0.000775441 0.00688062 0.0793223 0.0178836 0.0308427 0.000305071 0.00441632 0.0667316 2.23212e-07 0.311066 0.000804376 0.0347081 9.02431e-10 7.33252e-10 0.0127793 0.0457806 0.000805925 3.28723e-05 0.203189 0.0127214 0.0593126 0.0472847 0.0190755 0.0026895 0.0257864 0.0115309 6.89063e-10 
0.0179592 0.0154622 0.0031978 0.000895287 0.125151 0.0263448 0.0369524 0.0345474 0.00580032 0.00112992 0.0158508 0.000921441 0.00158579 0.00765949 0.012506 7.10932e-05 0.000129511 0.0118953 0.149904 0.000566573 0.129413 0.00444223 0.00254428 0.0536902 0.000759912 0.00271963 0.0183319 0.17121 0.148333 2.56446e-05 
0.000406204 0.119855 0.00730584 4.35907e-05 0.0671506 0.057282 0.042243 0.29701 3.80791e-09 0.0153165 0.00221966 0.000283751 0.00688995 5.73648e-05 0.0104942 5.6772e-10 1.03426e-06 0.0711776 0.0144764 0.000200504 0.00576666 0.170277 7.18377e-07 0.00953625 0.0104418 0.00318884 0.00147424 0.0761876 0.0107144 4.3349e-10 
0.0366249 0.0214106 0.00356272 0.00499781 0.0164818 0.031567 0.15464 0.0712681 0.00790332 0.0155699 0.0150589 8.62393e-05 0.00749374 0.00100366 0.0209448 1.38617e-05 0.00220253 0.00477332 0.0199985 0.000312373 0.0530665 0.00402102 0.00423889 0.151582 0.00725381 0.00301998 0.0723982 0.160203 0.108289 1.38483e-05 
0.00126008 0.00532684 0.0165758 3.08044e-06 0.00371256 2.60438e-05 0.0293186 0.00187717 2.43491e-05 0.0043605 0.000168347 0.000341593 0.000108638 1.00583e-07 0.00345232 0.00286675 1.01614e-06 0.000613814 0.00273681 7.57902e-05 0.00964702 0.0137425 0.883203 0.00490311 9.87057e-05 0.000110339 0.000788074 0.0131793 0.00147723 7.3226e-11 
0.00929196 0.0034413 0.00115907 0.00631966 0.0156814 0.0447687 0.0181119 0.0128255 0.0113355 0.00203211 0.0635605 0.000353775 0.0101708 0.000752881 0.00199293 0.000201808 0.000588257 0.00173101 0.147402 0.000713542 0.0533558 0.00512004 0.00422826 0.132744 0.000501081 0.0107157 0.0333424 0.297452 0.110101 5.92957e-06 
0.00901041 0.107237 0.406372 2.08911e-05 0.000337931 0.00052518 0.373812 0.041972 0.00294314 0.0337919 1.71101e-08 0.000521454 4.01905e-06 6.63617e-05 0.000990022 2.70828e-11 1.16067e-07 6.66644e-06 0.00388591 1.43973e-08 0.00309275 1.37167e-05 0.0032011 0.00164594 0.00225775 0.000187727 0.00741671 0.000391758 0.000295636 2.06794e-11 
2.66653e-05 0.00151316 4.32071e-05 5.05972e-05 0.000453327 0.0021022 0.0100123 0.0313756 4.91312e-08 1.72093e-06 0.0308562 6.10148e-06 0.023206 7.07277e-07 0.00149245 2.00008e-07 3.51387e-07 4.55098e-05 0.000597777 2.07176e-05 7.95311e-10 0.0424194 3.06199e-05 0.00610293 0.0017088 1.49399e-07 0.00111484 0.846491 0.000327013 5.80848e-10 
0.0228953 0.00303762 0.00138679 0.00462658 0.01762 0.0383308 0.0153759 0.018308 0.00133275 0.00531903 0.053083 9.36048e-05 0.0695224 0.00135969 0.001515 3.50205e-06 0.00141711 0.0046544 0.147967 0.002633 0.021683 0.00743397 0.00332163 0.0315581 0.00119798 0.18238 0.102129 0.152893 0.0869195 3.27049e-06 
0.00829052 0.0107558 0.0235812 4.69372e-07 0.0204451 0.0172889 0.00708413 0.0126328 0.000842262 0.00605226 0.072129 0.00762391 0.00274684 3.76751e-06 0.00412198 7.06402e-12 0.000739979 0.000466954 0.0430377 3.81654e-08 0.114685 0.000561629 3.15277e-08 0.0394613 1.72993e-05 0.00248147 0.00501583 0.556106 0.0438273 5.39382e-12 
0.000782207 0.0117335 0.0109319 9.67049e-05 0.0193641 0.0102745 0.0492204 0.0539473 0.00245002 0.00121202 0.00683889 0.00271237 0.0279727 0.00218344 0.00362227 0.00299217 3.1248e-06 0.00377664 0.138537 0.000742775 0.0309713 0.00823158 0.0400693 0.0794602 0.000211604 0.0100312 0.0971868 0.358303 0.0261407 3.18274e-07 
0.000208728 0.000530975 0.00938428 1.25122e-05 0.00346282 0.0230671 0.00394965 0.0175198 0.0489181 0.000258213 0.0135503 0.000210731 0.00104372 0.000103514 0.000773216 0.00190574 1.91965e-05 0.00113517 0.0522227 0.000626114 0.0131735 0.58528 1.54153e-05 0.0157974 0.010442 0.00020558 0.00270499 0.135512 0.0579658 1.51234e-07 
0.0122985 0.0168034 0.00619054 6.11126e-05 0.00613327 0.14543 0.0568513 0.187568 0.00365564 0.125061 0.0422861 0.20776 0.00045755 0.000119971 0.00766125 8.12488e-11 0.000841766 0.0704917 0.00403775 7.47725e-08 0.0272067 0.00433734 5.94463e-05 0.00951176 0.000762889 0.00135939 0.0018387 0.0229121 0.0383024 6.20386e-11 
0.0182972 0.00125402 0.000191752 2.36191e-07 0.00819425 0.106767 0.00108935 0.0445303 0.0112753 0.00199613 0.0224337 2.74773e-05 0.0156386 0.000286231 0.00117021 7.44718e-07 0.000141769 0.000241191 0.098767 1.40811e-05 0.0510654 0.000322866 0.0119155 0.026195 7.44589e-08 0.000470628 0.319358 0.23799 0.020366 4.02014e-08 
0.00267647 0.00153376 0.000612783 7.53817e-06 0.0235401 0.0814402 0.00970549 0.0206796 0.00269522 0.000521522 0.299502 5.53565e-05 0.019281 0.000249365 0.00419662 0.000179734 0.000124075 5.23576e-05 0.00352459 0.000158 0.00659853 0.00328276 0.0056763 0.0192004 0.0177635 0.00129317 0.0730487 0.146365 0.256035 1.50623e-06 
0.00862497 0.00862496 0.00588501 0.0043525 0.0862897 0.0417767 0.0104669 0.0799801 0.00144214 0.0021028 0.0430368 0.00793036 0.0167428 0.000116822 0.00294843 0.000841203 0.000377269 0.000533219 0.0122692 7.97889e-05 0.307558 0.0142058 0.00336047 0.0427002 0.00213662 0.00875752 0.0504779 0.207856 0.0285147 1.13789e-05 
6.90284e-06 0.00691232 0.0348179 0.000304403 0.0733476 0.258493 0.0634981 0.00147261 0.0298508 1.02014e-06 0.152572 9.88681e-07 0.0961635 0.0122145 0.00044532 6.65327e-10 2.50627e-07 0.00282587 0.0587222 3.18364e-07 5.64866e-06 0.00162412 0.0176337 0.0794679 5.51822e-05 0.000733368 0.0535602 0.0295125 0.0257577 5.08019e-10 
0.00137584 0.0207715 0.0146142 9.22792e-06 0.0162736 0.00394299 0.00665954 0.0111954 0.0287115 0.00133283 0.0166831 0.000288722 0.00601383 0.000440566 0.000697855 6.29248e-07 1.9335e-05 0.000334455 0.13342 3.02376e-06 0.439135 8.73862e-07 0.000139111 0.027091 5.44629e-08 0.00711299 0.0559209 0.0153958 0.192416 3.96074e-08 
1.97107e-05 0.0172621 1.18584e-06 2.14494e-05 0.0136529 0.0476812 0.13098 0.0917453 9.56063e-05 0.000964011 0.00646021 0.000830382 0.00448514 0.000106443 0.00441395 2.57409e-05 3.21958e-05 0.00267644 0.000383361 0.0441013 0.0139814 0.478791 0.00298572 0.0269411 0.000510789 0.00615178 0.00302924 0.0719256 0.0297441 5.14534e-09 
0.040088 0.00555693 0.00111353 0.00334237 0.151319 0.0139686 0.0441538 0.0120558 0.107949 0.000538264 0.0329507 0.00374289 6.40349e-05 0.00189768 0.000910073 4.61789e-09 0.00106037 0.00153195 0.100465 5.56409e-07 0.247296 4.2089e-05 0.00169358 0.0384352 0.000184189 0.0314947 0.0409153 0.0533947 0.0638357 2.52239e-09 
0.000901841 0.00253687 1.24411e-05 3.67359e-06 0.0146876 0.00197793 0.00734659 0.0736184 0.00223265 0.00317631 0.16378 0.000121935 0.0316978 0.000169973 0.0133403 8.29564e-08 1.13166e-07 0.000487386 0.000785093 0.0114541 1.05266e-07 0.00591664 0.000209545 0.136948 4.27098e-08 2.88798e-05 0.00551742 0.515184 0.00786392 3.79781e-09 
0.00155651 0.004228 0.00256512 8.80817e-07 0.022254 0.0782161 0.0439552 0.00632769 0.000231416 0.00101011 0.00369023 0.00197419 0.00834832 0.000128787 0.346452 1.03044e-07 0.0112769 0.000340704 0.000336121 5.90841e-05 0.115165 0.00159534 0.00191546 0.019183 2.67807e-05 0.000117559 0.00101142 0.104691 0.223342 8.36681e-10 
3.40479e-05 0.00212952 0.000714037 6.49463e-07 0.0024373 0.00227687 0.0064214 0.00140882 0.00387689 0.000366564 0.000581073 1.56004e-05 0.000655945 0.000478252 0.00121653 5.21891e-07 0.00011268 4.96935e-07 0.0180194 0.00075925 0.00205417 5.66235e-05 0.671588 0.000683316 0.00285659 4.76126e-05 0.231941 0.0124635 0.0368027 1.67654e-10 
0.00337406 0.00892046 0.02164 1.33357e-05 0.0292512 0.0163862 0.0485791 0.017419 0.0701615 0.00597286 0.00634914 0.00158343 0.0235166 0.000586021 0.00303947 0.000837319 0.000122247 0.000190261 0.133329 0.000112228 0.0635108 0.00555761 0.00827176 0.158957 0.000732827 0.00188257 0.0252825 0.281529 0.0628854 6.85805e-06 
0.00100342 0.0003041 0.000985406 4.03826e-06 0.00299912 0.00219084 0.00993515 0.000442919 0.000320682 0.0132822 0.00246345 2.45916e-06 0.800063 0.0167303 0.00622837 1.25048e-06 0.000124963 0.000103416 0.0145699 0.00164478 0.00299349 0.0020558 0.00102456 0.00838494 0.000179798 0.000448197 0.0104245 0.0144586 0.0866299 8.73776e-08 
0.0189729 0.0103452 0.0164339 5.73707e-06 0.000655532 0.0302802 0.0557842 0.00247788 1.29567e-05 0.00112663 6.63107e-05 0.010746 0.00225132 7.23875e-06 0.00563349 0.597339 8.10578e-06 1.36615e-05 0.0119986 9.4339e-07 0.164123 0.00107098 0.00355272 0.00397087 0.00159143 0.00136325 0.000522283 0.0580625 0.00158362 3.67041e-09 
1.20556e-05 0.00257116 2.74525e-05 0.0607377 0.00041129 0.547182 0.00257329 0.00545023 0.00213072 0.000379216 0.0474258 9.05989e-06 0.117778 0.00104292 0.0123515 0.00014295 5.8717e-05 0.00963755 0.00337578 0.000311114 0.0166519 0.00142283 0.019872 0.00242316 1.0158e-05 0.000206951 0.0238575 0.0376414 0.0843052 4.43742e-07 
1.03498e-05 0.00171504 0.00073427 0.0001084 0.0361854 0.178569 0.0115259 0.0123294 0.00214711 5.02204e-06 0.00298895 1.2941e-08 0.00173699 0.000341493 0.0248438 1.03762e-10 3.62512e-05 0.000110396 0.0162788 9.74454e-07 0.279827 2.06015e-05 0.000967289 0.0112948 6.37254e-08 0.103205 0.0112681 0.0368097 0.266939 7.92289e-11 
7.5503e-06 0.000230005 0.00238868 0.000215997 0.0302269 0.121983 0.000625835 0.0115712 0.0112106 0.0124394 0.121331 1.18602e-05 0.0393178 0.00138974 8.1699e-07 7.38404e-06 0.00119471 0.0145848 0.00199285 0.00013773 0.000384737 0.0381204 0.00431505 0.00519416 0.0181146 0.0141537 0.537907 0.00101295 0.00992913 9.40905e-08 
0.00182507 0.00733641 0.00578663 0.00720352 0.0103983 0.193588 0.114493 0.0429933 0.015218 0.000778169 0.0521592 9.56903e-05 0.00934888 0.00398938 0.00307995 0.00233102 0.00149905 0.124109 0.00618389 0.000234167 0.00640786 0.00536687 0.0110227 0.0125323 0.00346173 0.276915 0.0266406 0.0370295 0.0179712 1.95453e-06 
0.0236628 0.00290985 0.00155954 0.0105997 0.045419 0.11268 0.0187039 0.0138395 0.00922591 0.00144258 0.196434 0.0011813 0.0646913 0.00334152 0.00286658 0.00173014 0.00138485 0.00471805 0.0270874 0.00115642 0.0780932 0.0122827 0.00519907 0.105661 0.00503346 0.00317676 0.0187048 0.116014 0.110945 0.000255373 
0.00120531 0.00256846 0.00489891 1.1282e-06 0.00255267 0.140842 0.0227731 0.460762 0.00311663 0.00153702 0.046088 4.40029e-08 0.00909809 0.000116688 0.000172141 2.52443e-11 0.000991393 9.85852e-05 0.0122159 7.33714e-08 0.00873209 9.95239e-05 0.000403447 0.0116158 4.5342e-05 0.00255157 0.0929103 0.14595 0.0286535 1.92756e-11 
0.010145 0.00876452 0.0569603 0.00276712 0.0112655 0.0335467 0.0933475 0.428647 0.00200047 0.00883346 0.0130397 2.47311e-05 0.0101116 0.0010726 0.0015012 1.1825e-05 0.00620947 0.242917 0.00609647 0.000735535 0.013453 0.00188447 0.00133497 0.0128106 0.00472997 0.00205442 0.00228525 0.0121713 0.0112778 1.08589e-06 
0.00322812 0.00393358 0.000521122 0.000589496 0.307885 0.139723 0.0101229 0.00883041 0.00271473 0.00425499 0.101709 0.000103595 0.0120575 0.000839892 0.00224003 1.72498e-07 5.6309e-05 0.0626335 0.0180814 0.000138375 0.0706066 0.00540669 0.00217664 0.0204805 0.000143782 0.099983 0.0521492 0.0596343 0.00975644 4.35556e-08 
0.275007 0.0146251 0.0703368 3.31609e-05 0.00304228 0.000239396 0.0991572 0.00515024 7.28204e-05 0.0107994 0.000674915 0.000314007 0.001104 0.000414488 0.00441472 0.00118618 6.61212e-07 0.00365338 0.0209432 0.000352287 0.0199742 0.0111783 0.372538 0.0158162 0.00288997 0.000636798 0.0208322 0.0403355 0.00427744 1.36076e-08 
0.00546839 0.19848 0.00642686 3.04533e-06 0.00269871 0.0102641 0.0985165 0.186717 1.90136e-06 0.00132433 0.00493383 0.00575702 0.00124675 1.64389e-07 0.0515103 5.35262e-08 7.48547e-05 0.00243288 0.00109251 9.0765e-07 0.0116381 0.146388 2.37673e-06 0.0195032 0.000313877 3.04635e-05 0.00295392 0.235413 0.00680745 4.08706e-08 
0.0373289 0.166484 0.011087 4.30402e-05 0.00554989 0.0609381 0.108799 0.0201415 0.00341902 0.0349241 0.0137506 0.0297422 0.014782 0.0106747 0.0226379 7.29742e-06 6.89313e-06 0.147167 0.0604985 5.92349e-05 0.00461966 0.180509 0.00225451 0.0103271 0.00126994 0.00706539 0.0226554 0.0218324 0.00142433 2.43619e-06 
0.00596301 0.00961564 0.00156024 2.98069e-05 0.0217196 0.00547213 0.0128316 0.0428295 0.00340229 0.00359023 0.00193457 0.00155693 5.74054e-05 7.49821e-05 0.000365634 1.95571e-07 2.70905e-06 0.000578784 0.0304347 2.25244e-05 0.663524 0.00101246 0.00119749 0.00521286 0.000125089 0.00949072 0.00399348 0.124018 0.0493831 1.47345e-07 
0.00138013 0.00904683 0.000689371 0.00135874 0.0270094 0.014415 0.0232946 0.0577842 0.0443483 0.00139998 0.0269616 1.2823e-05 0.0185893 0.0017691 0.0214326 9.29083e-06 0.000347965 0.000283161 0.108957 0.00146373 0.074384 0.00270059 0.0170199 0.0758829 0.000672213 0.00753802 0.0727999 0.346851 0.0415918 7.0566e-06 
0.022258 0.00423367 0.00222822 0.000627192 0.0196567 0.017568 0.0417125 0.011079 0.037636 0.00169803 0.0261574 6.60497e-05 0.00214669 0.00984205 0.00522776 7.36207e-05 0.000784647 0.000656139 0.0284429 2.16986e-05 0.0589341 0.00327063 0.00815615 0.589021 0.000750489 0.00343522 0.0421517 0.0379563 0.0241983 9.65034e-06 
0.251976 0.0394564 0.00063489 1.96432e-05 0.00832083 0.0423198 0.0526182 0.0739673 0.000294132 0.00346419 0.14397 0.000526354 0.0684356 0.00244111 0.0155263 0.00317249 0.00177205 0.000864598 0.00621003 5.19746e-06 0.00228283 0.0137731 0.00031993 0.0511401 0.000225636 0.00791856 0.0722338 0.114982 0.0211275 5.08635e-07 
0.121598 0.155875 0.0236663 0.0007794 0.0265031 0.0175039 0.296743 0.0110742 0.00315745 0.0150423 0.00491372 0.0226353 0.00628798 0.000539879 0.022474 0.000108066 6.84321e-05 0.0171259 0.019027 0.000601347 0.0332225 0.0112753 0.0021741 0.0549492 0.00640516 0.00650683 0.0455257 0.0370445 0.0371658 5.64133e-06 
4.70708e-07 0.00124349 0.0419656 4.32145e-05 5.65467e-06 0.0157134 0.0035495 0.261729 9.23597e-09 2.84757e-06 1.3748e-06 4.41823e-07 0.00894245 0.00132204 1.94011e-06 5.12047e-11 4.16053e-11 1.33477e-06 2.2241e-06 0.00204586 4.09643e-06 0.275995 1.58909e-07 0.037069 5.40187e-07 0.00311722 1.1441e-06 0.252434 0.0948077 3.9098e-11 
0.0247076 0.00849695 0.515452 4.30315e-07 0.00160639 0.00101644 0.376189 0.0037704 4.78172e-05 0.00207422 0.000689329 0.000696042 0.0152776 0.000189051 0.00246341 6.53373e-08 1.13277e-06 0.00038553 9.26755e-06 1.20593e-07 0.0214072 2.24723e-06 0.00383959 0.00118847 1.50422e-05 2.51121e-05 0.00372997 0.0030771 0.0136422 1.39142e-08 
0.000461199 0.0149198 0.00259283 9.51231e-05 0.00115555 0.000316814 0.00135006 0.0135364 0.000325447 0.00349792 2.45845e-05 4.34522e-08 0.000122037 1.70963e-06 0.000228863 4.59451e-11 2.61137e-06 0.919631 0.000557294 1.20019e-06 0.00519865 0.0043949 1.32795e-05 0.00478368 1.93155e-05 2.7262e-05 0.000971317 0.0229557 0.00281571 3.50819e-11 
0.000108057 0.00664809 0.0906751 3.90354e-06 0.0585153 0.0307966 0.0145846 0.010759 4.1465e-06 0.0224109 0.00286522 6.11513e-06 0.0115299 2.94975e-05 0.0431439 3.84905e-09 0.00059488 0.000256023 0.0105248 1.27108e-05 0.110449 0.000615207 0.002106 0.00541365 4.74925e-05 0.000791711 0.0291317 0.067147 0.480829 2.93899e-09 
0.0114207 0.0201106 0.00111684 0.000501664 0.0122533 0.0602938 0.0673554 0.0301305 0.000133939 0.0205397 0.0641227 2.96556e-05 0.0181373 0.00050434 0.00338678 6.44796e-06 5.15899e-06 0.021392 0.0997675 0.000154241 0.00364509 0.0293659 0.000101376 0.0334081 0.0243383 0.0617617 0.03969 0.362517 0.013808 1.9395e-06 
0.0967263 0.0926627 0.0134324 0.000299908 0.00210235 0.0212546 0.296459 0.134203 0.000514369 0.0452015 0.000743589 0.000805835 0.00967724 0.000855549 0.0855215 0.000831571 0.00330378 0.00613367 0.0364208 0.00624043 0.0252848 0.0188889 0.0223997 0.0131898 0.000410359 3.87755e-05 0.00108686 0.0421995 0.0231108 1.2599e-07 
0.0680342 0.00832644 0.0255325 4.78334e-07 0.00364354 0.0012255 0.0442448 0.138185 2.07037e-05 0.156887 0.0129029 0.000839644 0.00611688 0.00199465 0.00444343 2.45082e-11 4.0916e-08 0.00289532 0.00709993 1.12429e-07 0.010772 0.01762 7.9408e-10 0.112863 7.48654e-05 0.00026155 0.00214705 0.360709 0.0131587 1.87136e-11 
0.000913652 0.0302952 0.00218388 1.26867e-05 0.0122095 0.0135152 0.0318267 0.0499202 3.05138e-07 0.000302706 2.95426e-05 4.49445e-06 0.00471217 0.000865936 0.0276227 1.11529e-07 4.96494e-07 0.000183718 0.027461 2.00328e-05 0.228886 1.67163e-06 0.00354549 0.063247 0.000266873 0.000208347 0.0394219 0.309725 0.152618 4.65325e-09 
0.00881072 0.0140957 0.00743297 0.0110046 0.0594483 0.0419093 0.0380357 0.0536181 0.00547021 0.00410968 0.0257147 0.00333692 0.0107558 0.00111079 0.0107854 0.000105233 0.000473757 0.087109 0.0351771 0.000691862 0.222529 0.00396568 0.0121428 0.0358121 0.00099025 0.0273525 0.019531 0.173267 0.0852018 1.22456e-05 
0.0153798 0.128989 0.00763814 7.6382e-06 0.0339227 0.0100249 0.356624 0.0378578 0.0144366 0.00670669 0.00282154 0.000105193 0.00689486 0.000190897 0.0167365 8.57685e-05 7.21585e-05 2.01807e-05 0.00147013 0.000420576 0.104073 0.002789 0.192418 0.0053194 0.000234875 0.000616461 0.0207022 0.00857947 0.0248615 9.64339e-07 
0.0414871 0.0328994 0.0207291 0.00341601 0.00645126 0.0277854 0.352398 0.028834 0.0362314 0.0839965 0.000803666 0.00390359 0.00503113 0.000711401 0.010581 0.00258228 4.79458e-05 0.0118286 0.031827 0.00707675 0.0289765 0.13714 0.0115391 0.059282 0.00810149 0.00512033 0.00919334 0.0206125 0.0113905 2.22841e-05 
0.0242858 0.0146149 0.00557771 0.000873392 0.0670281 0.0200875 0.0373373 0.0435445 0.0122128 0.00149146 0.0174616 0.00850693 0.00677989 0.000412529 0.0229483 2.83382e-05 0.00010789 0.0019262 0.0337404 0.000745601 0.183745 0.0112415 0.00930986 0.0490347 0.000105993 0.00771001 0.032339 0.192857 0.193942 3.81543e-06 
0.000166382 0.0439643 6.31158e-06 1.12769e-05 0.00136969 0.639057 8.93956e-05 0.0123561 0.0331047 1.88886e-05 0.00393077 1.64118e-05 0.00338723 1.49745e-05 0.00202123 7.31223e-06 9.98661e-06 0.0426769 0.00333147 0.000169953 0.0964805 0.0234262 0.000952325 0.0157718 2.75674e-06 0.000805584 0.00593386 0.0462584 0.0246566 1.34977e-06 
0.0922934 0.0363202 0.000586347 8.74633e-05 0.0974454 0.0171378 0.0156055 0.00963547 0.018547 0.000966051 0.00770031 6.6714e-06 0.00686601 0.00103808 0.00118373 0.0112857 3.29789e-05 0.105978 0.309065 0.00209921 0.00673346 0.00301923 0.00314303 0.069648 0.0386141 0.00126943 0.00314097 0.124859 0.0156922 1.05686e-07 
0.00126008 0.00532684 0.0165758 3.08044e-06 0.00371256 2.60438e-05 0.0293186 0.00187717 2.43491e-05 0.0043605 0.000168347 0.000341593 0.000108638 1.00583e-07 0.00345232 0.00286675 1.01614e-06 0.000613814 0.00273681 7.57902e-05 0.00964702 0.0137425 0.883203 0.00490311 9.87057e-05 0.000110339 0.000788074 0.0131793 0.00147723 7.3226e-11 
0.0074861 0.0166005 0.00453506 0.00391234 0.0352508 0.0929373 0.023414 0.0636948 0.0621194 0.00478318 0.0699391 0.00148071 0.0499633 0.00328506 0.0100981 0.000149119 0.00414976 0.00247177 0.064841 0.00221192 0.099155 0.00872824 0.0157665 0.0722648 0.00135056 0.0296663 0.0600128 0.0854761 0.104232 2.46701e-05 
6.60152e-07 0.00738237 0.0004672 0.00467033 0.00668603 0.351095 0.126489 0.0409489 0.00170694 0.00120304 0.0223134 7.80742e-06 0.00504981 8.74154e-05 0.00257256 2.1309e-07 0.000867103 0.10692 0.0232647 0.000693941 0.00794893 0.0349192 0.000676273 0.227904 5.87582e-05 0.0170654 0.000988561 0.00792016 9.14011e-05 8.92974e-10 
0.0166906 0.0862753 0.192168 5.63094e-05 0.027064 0.00610852 0.246019 0.0180016 0.00597733 0.0217017 0.00324133 0.210311 0.000484141 0.000618188 0.0125188 0.000817429 0.00232486 0.000764745 0.0100549 8.9246e-05 0.0332385 0.00447971 0.00563847 0.0271467 0.000487841 0.00170483 0.00421262 0.0360125 0.0257833 8.76892e-06 
0.940788 0.00732579 0.000285277 2.63418e-09 0.000343434 0.000438161 0.0372751 0.00140136 0.00100068 0.000313126 0.000112982 2.49208e-07 2.69089e-05 6.88082e-06 0.00414898 5.68383e-08 2.65458e-08 6.63527e-07 5.85879e-07 0.00024388 0.000415382 0.000177658 9.56821e-05 0.000166221 5.28238e-07 6.47853e-06 2.84807e-05 0.00193749 0.00346016 3.32649e-10 
0.0276739 0.00622059 0.00254528 2.30903e-05 0.0325544 0.013406 0.0284489 0.0411401 0.00172023 0.00648208 0.0131659 0.00101963 0.0311068 0.000264742 0.00541057 7.45565e-07 0.000113273 0.00252813 0.0149754 2.67063e-05 0.0262517 0.00296362 0.00114986 0.0353544 0.00017255 0.00157231 0.0673433 0.269902 0.366464 4.14852e-07 
0.0189729 0.0103452 0.0164339 5.73707e-06 0.000655532 0.0302802 0.0557842 0.00247788 1.29567e-05 0.00112663 6.63107e-05 0.010746 0.00225132 7.23875e-06 0.00563349 0.597339 8.10578e-06 1.36615e-05 0.0119986 9.4339e-07 0.164123 0.00107098 0.00355272 0.00397087 0.00159143 0.00136325 0.000522283 0.0580625 0.00158362 3.67041e-09 
0.00648334 0.00145465 0.00168441 4.25472e-06 4.24504e-05 0.00833261 0.0372081 0.00225736 0.00610224 0.00107838 0.000477598 2.6912e-05 0.105393 0.00831414 0.000404556 4.24086e-06 5.07834e-05 5.81703e-05 0.00123723 7.96183e-09 0.0022082 0.000176981 0.0354352 0.00195134 0.00292054 0.000669548 0.756303 0.0079036 0.0118172 5.77255e-09 
0.00034652 0.000649482 0.0371001 3.41814e-05 0.0491196 0.0177518 0.00187031 0.0187069 0.00033774 4.51757e-08 0.00627349 0.000145749 0.000971683 8.73319e-05 0.00610242 5.02711e-05 0.000917334 0.00104787 0.0435883 7.13633e-09 0.647858 0.000130616 0.000955163 0.00581361 0.000190244 0.014714 0.00389408 0.108213 0.0331299 7.11107e-10 
1.25738e-08 0.0026256 0.00110538 4.83504e-06 0.0206304 0.000843375 0.00091309 0.231868 2.91186e-06 0.000363716 0.000737945 1.18033e-08 0.00011509 4.79138e-05 0.000227981 3.66526e-12 7.41758e-09 0.00113527 0.00991194 2.27633e-08 0.0886407 0.000837634 1.00747e-06 0.0303087 4.12291e-05 0.00081709 0.00112702 0.585835 0.021858 2.79865e-12 
0.00138808 0.000333556 0.000247658 0.0105375 0.0378085 0.0450449 0.0125715 0.0157048 0.0370495 0.00034979 0.00726943 0.000133139 0.00327578 0.000342677 0.00531152 0.000249796 0.000729349 0.00563199 0.0413748 0.000133168 0.304041 0.000418429 0.0152482 0.115464 0.000342891 0.0590794 0.0246061 0.146311 0.109 1.15662e-06 
0.00975435 0.0267598 0.0043685 1.64249e-05 0.0225687 0.0189196 0.0388607 0.227807 0.0140476 0.017637 0.011919 0.00616565 0.00106127 0.00119558 0.00383025 0.00362282 6.06886e-05 0.00356257 0.0493035 0.000153026 0.0980806 0.00734088 0.0130338 0.0143574 0.000129193 0.00647875 0.0446178 0.0671093 0.287232 6.36766e-06 
0.0155576 0.00288577 0.000718408 0.0141418 0.0161216 0.0850974 0.0102882 0.00991836 0.00171858 0.00867092 0.504636 6.6844e-05 0.0328533 0.0106426 0.0036825 0.000326476 0.0245769 0.00506556 0.0359929 0.000207905 0.0310014 0.00432271 0.00425565 0.0356922 0.00042604 0.000745284 0.0139008 0.107453 0.0190325 1.09225e-06 
0.00105254 0.0037945 0.000832587 0.0220994 0.00559979 0.397918 0.00377647 0.0218663 0.0265273 0.00100536 0.201275 1.08634e-05 0.0105265 0.000341878 0.00143485 0.000120676 0.000458123 0.0472136 0.0253616 0.00570926 0.0219305 0.00320678 0.00447039 0.0168942 0.00203286 0.00570281 0.0474137 0.0564547 0.0649687 1.1199e-06 
0.00215376 0.00782772 6.2359e-05 6.55714e-06 0.00802076 0.0595666 0.00622701 0.0903535 0.0523065 3.35958e-05 0.000227137 2.90998e-05 0.00749081 0.00856916 0.00231636 0.000274367 2.15785e-05 2.64205e-05 0.00317124 4.12979e-06 0.484072 0.000427252 0.003284 0.045474 1.40499e-05 0.00267968 0.132541 0.0365331 0.0462868 6.18267e-08 
0.00468888 0.0370096 0.0036714 0.000452987 0.0469794 0.0351466 0.0727306 0.0807669 0.0353491 0.00188574 0.00219453 0.000154889 0.00614046 0.000128994 0.00970438 0.0781773 0.000127622 3.49243e-05 0.00984351 3.40015e-05 0.251575 0.00931198 0.0154041 0.0183867 0.000205759 0.0594074 0.132332 0.0215674 0.0665864 1.29509e-06 
0.000975456 0.0185874 0.00157302 0.00012358 0.043558 0.0720225 0.0415254 0.0151059 8.27355e-05 0.0225015 0.00288675 2.98495e-05 0.180747 0.000259404 0.0263902 0.00163187 0.000144474 0.00151249 0.00667788 0.00642729 0.00485525 0.373359 0.0819156 0.0282246 0.0036762 0.000435243 0.00302915 0.0494303 0.0123089 3.27827e-06 
0.00748766 0.0113968 0.0001811 7.44503e-07 0.00404003 0.0447121 0.00901951 0.109635 0.00209737 0.00741689 0.0311016 1.59275e-05 0.011394 0.00251774 0.000219357 4.34167e-06 0.000148497 4.37703e-05 0.00890039 1.08878e-06 0.0218224 0.00164039 0.00696542 0.0361055 1.75488e-05 3.51799e-05 0.247816 0.111246 0.324017 1.72277e-08 
1.96475e-08 0.00422573 0.000449363 6.53982e-08 0.00575719 0.0890063 0.0597959 0.13338 2.481e-07 1.81574e-06 0.160064 2.43422e-07 0.0200016 4.64681e-07 0.0230033 4.92031e-11 0.00201558 2.45299e-07 1.47881e-06 3.80351e-06 0.0719953 0.00762037 0.0859226 0.00242508 0.00769589 8.35323e-07 0.0649233 0.162035 0.0996747 3.75696e-11 
0.000566554 0.00030238 7.2144e-05 0.00647684 0.0036229 0.637949 0.0199118 0.00398978 0.00347314 0.00011689 0.0354847 2.2848e-05 0.0117276 0.000212856 0.00013189 0.00030081 0.00157994 0.146254 0.0363629 0.00567368 0.0146728 0.00535509 9.18042e-05 0.0299233 0.006938 0.000266553 0.000899826 0.00861524 0.0190042 6.82987e-07 
0.0361472 0.0454874 0.007103 2.99299e-05 0.00382184 0.00340093 0.129588 0.0486689 0.000239864 0.0013797 0.00343503 3.15099e-07 0.00127307 0.00235555 0.0999164 4.46725e-05 4.45312e-05 0.00192616 0.0609267 0.000580863 0.0405475 0.439804 0.00816165 0.0377633 4.34216e-05 0.00855654 0.000505065 0.0114594 0.00678851 1.00509e-07 
0.000548705 0.00481464 0.00127825 1.71426e-09 0.00840838 0.000414585 0.0510513 0.0115575 0.0214 0.00147932 0.00726958 0.000123499 0.000533534 5.10876e-05 0.00704404 2.82751e-12 9.43017e-09 0.000765198 0.0346218 5.06497e-09 0.00414125 0.000131725 0.00213047 0.0193641 8.70429e-06 0.00041189 0.00541782 0.797606 0.0194268 2.15898e-12 
