0.0142896 0.00766854 0.0012297 0.0011618 0.0181345 0.0849357 0.0154706 0.0148674 0.0100673 0.0051456 0.343974 0.000271593 0.0180621 0.00549094 0.00243122 1.70672e-05 0.000710282 0.00542667 0.058613 0.00112837 0.0172452 0.0109108 0.00382273 0.0561886 0.00158091 0.0102808 0.0371398 0.209237 0.0444883 9.60781e-06 
0.0488883 0.0919913 0.00505808 1.44807e-05 0.00438432 0.024714 0.502565 0.0524598 0.00299691 0.0106741 0.00550535 9.73004e-05 0.0345026 0.000724865 0.0279762 3.47461e-06 0.00022153 5.96981e-05 0.117105 0.00695965 0.00272588 0.0140024 0.00863395 0.0134217 1.46381e-05 0.000129489 0.00780399 0.00520923 0.0111569 1.14827e-08 
3.05238e-05 0.016185 0.0364548 7.99735e-05 0.0100795 0.0196145 0.082766 0.488751 0.0437242 0.023645 0.00649255 2.49595e-06 0.00284941 4.86419e-05 0.0055245 9.65852e-09 9.03784e-07 3.40223e-05 3.70294e-06 0.000271215 0.000696992 0.0484475 0.000354459 0.0575189 0.00559573 3.98046e-06 0.0174852 0.131585 0.0017549 7.37489e-09 
0.0058487 0.0128723 0.00774403 0.000833492 0.0102728 0.0249691 0.00964857 0.042676 0.0522257 0.000840701 0.0378348 0.000162902 0.0068117 0.00447793 0.00199686 5.21316e-06 3.88601e-05 0.00233761 0.07966 0.00115719 0.137858 0.00230478 0.046324 0.0279145 0.000218811 0.0185708 0.0700898 0.0674693 0.326831 4.1511e-06 
0.0275364 0.050342 0.0155335 0.000578746 2.65065e-07 0.0126063 0.539911 0.0268652 4.27338e-08 0.0118953 2.15112e-08 0.0181334 0.00031927 3.15653e-08 0.0709991 0.00148191 1.16153e-05 0.000647411 0.037698 5.96636e-05 0.0516721 0.0633555 8.96801e-05 0.00950046 0.0122975 0.000238085 2.4227e-08 0.0482268 1.51528e-07 7.37394e-09 
4.4623e-06 3.77772e-05 4.79635e-05 0.000107646 0.00432419 0.11442 6.19824e-06 0.00418393 0.000266761 2.90142e-08 0.275725 3.1682e-05 0.00060552 8.13607e-08 0.000307066 4.09833e-11 0.000455236 0.0740646 0.0105561 4.31615e-11 0.0357184 1.05316e-05 0.000253634 0.00381903 3.5593e-06 0.414231 0.00205091 0.0312044 0.0275648 3.12933e-11 
0.0459506 0.0126865 0.00114718 0.000498775 0.00169852 0.093139 0.0426166 0.0818537 0.0301789 0.0221745 0.173401 0.00944277 0.000503602 0.00224841 0.00162361 9.22788e-06 0.00130993 0.141724 0.0707221 0.000343244 0.0128898 0.081167 2.99886e-05 0.105452 0.000472361 0.00309993 0.0195922 0.0199553 0.0240691 1.65838e-07 
0.00520232 0.00366144 0.000325766 9.49478e-05 0.00715857 0.0681103 0.00922038 0.0570785 7.96513e-05 0.00734892 0.093707 0.000399482 0.419942 0.000253568 0.00677887 0.0193265 0.000130585 0.00152153 0.00438182 0.00258903 0.00863409 0.00336386 0.0014097 0.0181091 9.48287e-05 0.00153631 0.0845052 0.144865 0.0301675 2.68259e-06 
0.0189729 0.0103452 0.0164339 5.73707e-06 0.000655532 0.0302802 0.0557842 0.00247788 1.29567e-05 0.00112663 6.63107e-05 0.010746 0.00225132 7.23875e-06 0.00563349 0.597339 8.10578e-06 1.36615e-05 0.0119986 9.4339e-07 0.164123 0.00107098 0.00355272 0.00397087 0.00159143 0.00136325 0.000522283 0.0580625 0.00158362 3.67041e-09 
0.045278 0.0954184 0.0162915 0.000729356 0.0112467 0.014989 0.414399 0.0729009 0.00646325 0.0419074 0.00500111 0.00208172 0.00652294 0.000310699 0.0688563 0.000164444 0.000379366 0.00575279 0.0176348 0.00242187 0.0474252 0.0159767 0.00694168 0.0234611 0.00161879 0.00408929 0.0101165 0.0368567 0.0247437 2.09458e-05 
0.00555599 0.0164623 0.00425178 2.78193e-05 0.00566459 0.0292751 0.0222708 0.00824879 0.0076899 0.000966115 0.00120234 5.50444e-06 0.00737605 0.000700819 0.013113 2.5259e-05 4.41717e-05 1.88277e-05 0.02657 0.000933723 0.0405675 0.00254744 0.0192787 0.00495781 0.0123448 0.0135058 0.65077 0.0121301 0.0934902 4.48805e-06 
3.75523e-05 0.00205783 0.00024493 6.29341e-05 0.000771763 0.00224303 0.0129107 0.0328158 5.5807e-07 0.000321072 0.0384964 1.49046e-05 0.0239839 9.83632e-07 0.00413233 1.87381e-06 6.77875e-06 8.29502e-05 0.000748162 0.000185323 9.29953e-10 0.0459322 0.000152649 0.00796415 0.00237212 4.78533e-06 0.00143802 0.822454 0.000562784 6.34622e-10 
9.29739e-06 0.00543684 0.0125285 2.06017e-06 1.51507e-05 0.0278871 0.01301 0.000746355 0.0115075 0.00540246 5.48906e-06 4.36692e-06 0.00715639 2.40929e-06 0.00137461 0.167222 2.52955e-06 8.88752e-06 0.0017875 6.57776e-05 0.0100728 6.55512e-06 0.585438 0.00390883 5.21798e-06 9.11614e-05 6.45271e-05 0.139412 0.00682288 1.7966e-06 
0.0839017 0.00499629 0.00489738 0.000129215 0.00582201 0.0360231 0.0381532 0.00605014 0.00229768 0.0200147 0.0209 0.000558055 0.00216393 0.00116625 0.00036841 7.26361e-06 6.01908e-05 0.00258904 0.0496678 8.66941e-06 0.0188299 0.00198353 0.00260953 0.00962504 0.625921 0.0288474 0.0202791 0.0106972 0.00143072 1.87644e-06 
0.0106155 0.288816 0.0125873 1.47377e-05 0.022324 0.00448774 0.478304 0.0463761 0.0226682 0.00693033 0.00127919 4.79043e-05 0.000848124 4.80968e-05 0.00580962 3.54957e-10 0.000481592 5.34699e-05 0.00563084 0.00132857 0.0431724 0.00750378 0.0105458 0.00241425 7.74041e-05 0.000383962 0.00373284 0.00821697 0.015302 2.71032e-10 
2.27485e-05 0.00565519 0.00407921 3.30835e-05 0.00322303 0.0509594 0.277272 0.392452 2.21474e-05 0.0100243 0.00253999 2.19314e-06 9.29504e-07 0.00436473 0.0104673 2.41766e-05 6.07273e-05 1.76394e-05 0.0010541 0.000489986 0.0157207 0.128084 0.00220717 0.0617621 0.00157604 0.0132486 0.000397945 0.0024377 0.011801 2.59181e-07 
0.00126008 0.00532684 0.0165758 3.08044e-06 0.00371256 2.60438e-05 0.0293186 0.00187717 2.43491e-05 0.0043605 0.000168347 0.000341593 0.000108638 1.00583e-07 0.00345232 0.00286675 1.01614e-06 0.000613814 0.00273681 7.57902e-05 0.00964702 0.0137425 0.883203 0.00490311 9.87057e-05 0.000110339 0.000788074 0.0131793 0.00147723 7.3226e-11 
0.00438713 0.00161003 0.00220549 0.00185706 9.18994e-06 2.04416e-05 0.00779914 0.00891945 1.42972e-05 0.0191813 0.133091 8.10625e-07 0.00208329 3.74263e-06 2.38456e-05 1.48898e-08 0.00119577 0.200363 9.66632e-06 3.05643e-07 0.0231854 0.0663785 0.301146 0.151047 0.0121967 0.0530236 0.00477076 6.06577e-06 0.00547023 1.13693e-08 
2.66653e-05 0.00151316 4.32071e-05 5.05972e-05 0.000453327 0.0021022 0.0100123 0.0313756 4.91312e-08 1.72093e-06 0.0308562 6.10148e-06 0.023206 7.07277e-07 0.00149245 2.00008e-07 3.51387e-07 4.55098e-05 0.000597777 2.07176e-05 7.95311e-10 0.0424194 3.06199e-05 0.00610293 0.0017088 1.49399e-07 0.00111484 0.846491 0.000327013 5.80848e-10 
0.00017904 0.00235139 0.000101292 2.23169e-05 0.000123136 0.0444252 0.0065813 0.0071017 0.000120994 0.00145389 0.0049809 2.38821e-06 0.0790964 0.00669427 0.00332455 0.0219188 3.08243e-05 2.18266e-05 0.00213278 0.00165306 0.0104472 0.00549269 0.0408813 0.00170945 0.000480104 0.00771947 0.0113141 0.0200935 0.719545 1.58989e-06 
0.0776258 0.0192579 0.00557082 0.000101508 0.0926278 0.0252588 0.0265712 0.0651121 0.00226293 0.0800849 0.0313362 0.00012019 0.00393124 0.00291278 0.00397206 3.29485e-06 7.53509e-05 0.0638091 0.0499807 7.67277e-05 0.0108485 0.101539 0.000427062 0.131183 0.000966071 0.000214323 0.0110962 0.174 0.0190342 3.44066e-09 
0.000677069 0.0218708 0.07 3.05676e-08 1.48735e-05 0.404417 0.0030911 0.0326963 0.00835237 0.00277462 0.00115989 0.00317612 0.0118376 0.00413508 0.00138507 1.22123e-09 9.92284e-10 0.000219947 0.00136013 0.194318 0.0294525 0.0031116 0.084029 0.0134677 0.000297045 2.69158e-06 0.0101946 0.0106174 0.087342 9.32485e-10 
0.0156662 0.00308721 0.00256077 5.06015e-06 0.010721 0.000706886 0.0133063 0.0187139 0.0084337 0.000974954 0.107694 0.0104079 0.00191119 8.49121e-06 0.000164913 2.52511e-06 5.59726e-06 0.000297559 0.0789256 3.46509e-07 0.430941 0.00793987 9.73496e-06 0.125132 1.83277e-05 0.000237231 0.000631653 0.156856 0.00464009 3.16744e-07 
0.022926 0.030698 0.0160559 9.79148e-05 0.0270573 0.00452179 0.082937 0.0158604 0.0262346 0.00301843 0.0185901 0.0800627 0.00524227 5.42666e-06 0.00131988 0.0122296 2.82938e-06 0.00024642 0.132014 2.28699e-05 0.303245 0.0212738 0.0309278 0.0296993 3.88111e-05 1.3008e-05 0.00865499 0.107419 0.0195832 2.68673e-06 
0.014734 0.000649334 0.0016916 0.103869 0.00560553 0.0462454 0.0190431 0.00172196 0.000635277 0.00309035 0.141995 2.17648e-05 0.0246159 0.0042361 0.000825099 2.09899e-12 1.07175e-05 0.0168119 0.288934 0.000217044 0.00101327 0.000870773 2.42157e-05 0.0448026 0.0349831 0.0108744 0.00634577 0.219392 0.00674155 1.60271e-12 
0.00494894 0.00242169 0.000402453 0.00445925 0.0164635 0.250986 0.019467 0.00943014 0.00327653 0.0119616 0.201368 5.03076e-05 0.0638199 0.000447703 0.000869081 5.00454e-06 0.00438388 0.0051954 0.0277816 0.000203921 0.0242359 0.00978655 0.00267563 0.0244945 0.000324431 0.0173729 0.0364896 0.222914 0.0337635 1.03596e-06 
0.0237885 0.00360269 0.000108998 0.000848385 0.0162013 0.0479235 0.0396692 0.117714 0.000389877 0.0316701 0.0150778 0.000124766 0.0438538 0.0010726 0.00756772 0.000398026 2.37066e-06 0.0713585 0.00992471 0.0093945 0.00120916 0.181359 0.00480949 0.00689771 0.230363 0.00130381 0.0238673 0.0805682 0.02893 9.10409e-07 
0.00611611 0.00147716 0.00380726 0.000897267 0.0194698 0.158233 0.0572479 0.0259347 0.000651042 0.0121868 0.0171153 0.000281781 0.0617924 0.00083799 0.377706 2.29092e-05 0.000204253 0.0353977 0.0287089 0.000695874 0.0186532 0.0167557 0.00398584 0.00606406 0.0175563 0.0263053 0.00785818 0.0274458 0.066591 8.25317e-07 
0.00811356 0.252428 0.0450336 0.000492693 0.00977596 0.00440812 0.345107 0.0289312 0.016147 0.0123026 0.00139689 0.00574837 0.00109487 4.56202e-05 0.0890142 0.00149928 0.00995608 0.00303546 0.0153798 0.00282876 0.0464533 0.0117945 0.0121457 0.0165779 0.000985263 6.49605e-05 0.0153715 0.0255497 0.0183159 2.04286e-06 
0.0680342 0.00832644 0.0255325 4.78334e-07 0.00364354 0.0012255 0.0442448 0.138185 2.07037e-05 0.156887 0.0129029 0.000839644 0.00611688 0.00199465 0.00444343 2.45082e-11 4.0916e-08 0.00289532 0.00709993 1.12429e-07 0.010772 0.01762 7.9408e-10 0.112863 7.48654e-05 0.00026155 0.00214705 0.360709 0.0131587 1.87136e-11 
0.000117683 0.00187468 0.000833805 5.50726e-05 0.110509 0.0890271 0.0272117 0.0074143 0.00232324 0.000896886 0.151023 3.82679e-05 0.0200678 2.97829e-05 0.000276663 0.00762672 0.0185365 0.0531967 0.0564991 0.00042477 0.0169177 0.0310007 0.000449666 0.185729 9.27827e-05 0.000862886 0.00500056 0.200143 0.0118163 3.86548e-06 
0.00705714 0.0704541 0.029515 1.94846e-05 0.00158289 0.0112508 0.492371 0.102222 0.0376246 0.0222293 0.00205671 1.01753e-05 0.0223652 2.81763e-05 0.00715711 0.000111864 2.35744e-05 0.00299821 0.0103281 0.0115964 0.00362782 0.124142 0.00170967 0.0156946 1.5979e-05 2.53279e-05 0.000908839 0.021175 0.00169656 1.60611e-06 
0.0233593 0.0221786 0.00815916 1.2377e-06 0.000497791 0.00416401 0.321391 0.0078731 4.94131e-06 0.0437983 0.016461 4.66603e-05 0.0114763 0.00447499 0.0650258 1.78423e-08 7.04612e-09 0.00394172 0.17643 0.00401887 0.00364543 0.00684582 2.58002e-08 0.0260098 0.000240874 3.99531e-08 0.00315588 0.238884 0.00791528 3.36697e-09 
0.00690624 0.0101174 0.00293176 0.00631159 0.0262604 0.0331322 0.0458271 0.0218288 0.0134465 0.00138109 0.0620822 0.00584778 0.0114532 0.000473386 0.00104514 1.14013e-05 0.000602678 0.00409157 0.0431895 0.0003313 0.378861 0.00111387 0.135772 0.0267973 0.000266494 0.0284994 0.0139178 0.0706279 0.0468628 9.99684e-06 
0.0130239 0.0144813 0.00276607 0.00152123 0.0360398 0.0145614 0.014108 0.283218 0.000157331 0.00362901 0.00190231 0.000107752 0.00288656 5.74558e-05 0.00169739 0.000335273 0.000142493 0.000666195 0.00771323 0.000152046 0.462651 0.00251136 0.00205921 0.030306 7.64436e-05 0.00388563 0.0124253 0.0701007 0.0168029 1.4717e-05 
0.00823819 0.0206603 0.00118801 2.64439e-05 0.0114071 0.0133463 0.0514568 0.0915978 0.0211639 0.0145168 0.0109567 3.65692e-05 0.00504873 0.00564811 0.00222354 2.68677e-06 1.66576e-05 0.0130594 0.432778 0.000110648 0.0683174 0.0052435 0.00144071 0.066929 0.000476261 0.00666053 0.0102484 0.0916892 0.0455112 8.01337e-07 
0.0189729 0.0103452 0.0164339 5.73707e-06 0.000655532 0.0302802 0.0557842 0.00247788 1.29567e-05 0.00112663 6.63107e-05 0.010746 0.00225132 7.23875e-06 0.00563349 0.597339 8.10578e-06 1.36615e-05 0.0119986 9.4339e-07 0.164123 0.00107098 0.00355272 0.00397087 0.00159143 0.00136325 0.000522283 0.0580625 0.00158362 3.67041e-09 
0.0228953 0.00303762 0.00138679 0.00462658 0.01762 0.0383308 0.0153759 0.018308 0.00133275 0.00531903 0.053083 9.36048e-05 0.0695224 0.00135969 0.001515 3.50205e-06 0.00141711 0.0046544 0.147967 0.002633 0.021683 0.00743397 0.00332163 0.0315581 0.00119798 0.18238 0.102129 0.152893 0.0869195 3.27049e-06 
0.00555599 0.0164623 0.00425178 2.78193e-05 0.00566459 0.0292751 0.0222708 0.00824879 0.0076899 0.000966115 0.00120234 5.50444e-06 0.00737605 0.000700819 0.013113 2.5259e-05 4.41717e-05 1.88277e-05 0.02657 0.000933723 0.0405675 0.00254744 0.0192787 0.00495781 0.0123448 0.0135058 0.65077 0.0121301 0.0934902 4.48805e-06 
0.00829052 0.0107558 0.0235812 4.69372e-07 0.0204451 0.0172889 0.00708413 0.0126328 0.000842262 0.00605226 0.072129 0.00762391 0.00274684 3.76751e-06 0.00412198 7.06402e-12 0.000739979 0.000466954 0.0430377 3.81654e-08 0.114685 0.000561629 3.15277e-08 0.0394613 1.72993e-05 0.00248147 0.00501583 0.556106 0.0438273 5.39382e-12 
0.0109157 0.0195314 0.0328759 0.000472364 0.0141394 0.0575606 0.0872274 0.0313946 3.9058e-06 0.00115832 0.0208558 6.3322e-05 0.0361672 0.00395652 0.0607536 0.000368275 4.65941e-05 0.095039 0.103818 0.00325728 0.00560111 0.196861 0.000416904 0.0711625 0.0242895 0.013394 0.00968992 0.0930804 0.00589731 2.04481e-06 
0.00126128 0.00521204 0.000780468 0.0223103 0.0243496 0.0636321 0.0325182 0.0276911 0.00270664 0.0101422 0.15704 0.000101839 0.0669563 0.0136686 0.00147458 1.5204e-08 0.00777778 0.0154998 0.139549 8.62591e-05 7.91735e-06 0.0269743 0.00232819 0.0975001 0.00754682 1.30557e-06 0.0173909 0.25079 0.0047021 4.21629e-12 
0.000223851 0.00981921 0.000626296 0.164448 0.208238 0.025705 0.0281802 0.0220496 0.00361602 0.000797029 0.00675527 0.000437889 0.00123651 3.32467e-05 0.0038896 2.44997e-05 3.18077e-05 0.0113793 0.00691416 0.0001213 0.0314647 0.000672221 0.228811 0.0149583 0.0016058 0.166292 0.0126144 0.013385 0.0356679 2.20678e-06 
0.0182972 0.00125402 0.000191752 2.36191e-07 0.00819425 0.106767 0.00108935 0.0445303 0.0112753 0.00199613 0.0224337 2.74773e-05 0.0156386 0.000286231 0.00117021 7.44718e-07 0.000141769 0.000241191 0.098767 1.40811e-05 0.0510654 0.000322866 0.0119155 0.026195 7.44589e-08 0.000470628 0.319358 0.23799 0.020366 4.02014e-08 
0.011212 0.0111075 0.00154302 0.000268579 0.0513348 0.0421002 0.0119055 0.0156257 0.0110756 0.00101544 0.023671 3.20007e-06 0.0676765 0.00370116 0.00214844 0.000763953 6.73762e-05 0.00819591 0.0572919 0.000135368 0.0173313 0.00160615 0.00274037 0.243978 0.000330303 0.00805912 0.104547 0.236303 0.0642589 3.04686e-06 
0.0120709 0.0199037 0.00390528 0.00474928 0.0253791 0.0227609 0.0301574 0.0446459 0.0166217 0.0085356 0.00963067 0.000134738 0.00886145 0.00111368 0.0103334 1.7002e-06 0.0141518 0.00256737 0.0333513 0.000244552 0.585456 0.00115472 0.0103404 0.0350685 0.000291945 0.00378497 0.0162575 0.0620542 0.0164714 1.94852e-07 
0.127337 0.0309935 0.0648582 0.00183027 0.00689998 0.0098129 0.55473 0.0126039 0.00174288 0.043638 0.00577549 0.00884201 0.00138705 3.91358e-05 0.00377629 6.48678e-07 0.00232559 0.00635309 0.0222653 2.98493e-06 0.0312971 0.0018348 0.000189863 0.0116548 0.000513215 0.0127525 0.001288 0.0325595 0.00269464 5.54624e-07 
0.00137584 0.0207715 0.0146142 9.22792e-06 0.0162736 0.00394299 0.00665954 0.0111954 0.0287115 0.00133283 0.0166831 0.000288722 0.00601383 0.000440566 0.000697855 6.29248e-07 1.9335e-05 0.000334455 0.13342 3.02376e-06 0.439135 8.73862e-07 0.000139111 0.027091 5.44629e-08 0.00711299 0.0559209 0.0153958 0.192416 3.96074e-08 
0.103654 0.187564 0.0870366 4.83356e-05 0.00385086 0.00893599 0.423349 0.0291611 0.0051899 0.00987521 0.00158257 0.00322784 0.00654894 0.000506902 0.0221974 0.000193118 0.00248881 0.00229504 0.00718673 0.0005601 0.0254714 0.00232927 0.00323978 0.00703608 0.0023449 0.00134628 0.0142077 0.023825 0.0147446 2.23676e-06 
0.040088 0.00555693 0.00111353 0.00334237 0.151319 0.0139686 0.0441538 0.0120558 0.107949 0.000538264 0.0329507 0.00374289 6.40349e-05 0.00189768 0.000910073 4.61789e-09 0.00106037 0.00153195 0.100465 5.56409e-07 0.247296 4.2089e-05 0.00169358 0.0384352 0.000184189 0.0314947 0.0409153 0.0533947 0.0638357 2.52239e-09 
0.0534804 0.0352622 0.0550462 0.000545637 0.00299276 0.00166116 0.270621 0.00281344 0.000733822 0.00438935 0.000115134 0.479441 0.000690847 2.30899e-05 0.00509071 2.91431e-06 9.52364e-07 0.0167149 0.00830164 5.64591e-05 0.0355978 0.000883125 2.98813e-05 0.00311037 9.338e-05 0.000149741 6.27606e-05 0.0200436 0.00204515 6.15732e-07 
0.0022161 0.0407855 0.0159433 4.86375e-05 0.00738345 0.0206732 0.51506 0.0139857 0.00983343 0.0450546 0.0103785 0.000759369 0.00178963 0.000107006 0.00664711 1.93004e-08 0.000124572 0.00310083 0.0312067 3.94558e-05 0.00267153 0.00542846 0.0760415 0.05628 0.0157966 0.00367664 0.00616074 0.100539 0.00826846 1.41858e-10 
0.000770688 0.0453657 0.00201102 0.0127928 0.0216272 0.348991 0.0776919 0.111259 0.0202906 0.00109825 0.00881297 2.1051e-06 0.00933773 0.000476953 0.127499 4.19721e-05 0.000351099 0.00669678 0.0124529 0.00192188 0.0340494 0.00303367 0.0157523 0.0102014 0.0728372 0.0381155 0.00667375 0.00600627 0.00383813 8.7883e-07 
0.0189729 0.0103452 0.0164339 5.73707e-06 0.000655532 0.0302802 0.0557842 0.00247788 1.29567e-05 0.00112663 6.63107e-05 0.010746 0.00225132 7.23875e-06 0.00563349 0.597339 8.10578e-06 1.36615e-05 0.0119986 9.4339e-07 0.164123 0.00107098 0.00355272 0.00397087 0.00159143 0.00136325 0.000522283 0.0580625 0.00158362 3.67041e-09 
0.0112646 0.00408963 0.00172281 0.00881479 0.0394443 0.121292 0.03392 0.0157599 0.000541705 0.00122236 0.361081 7.33962e-05 0.0384597 0.00212863 0.0106513 0.000286829 0.00810828 0.0137011 0.018361 0.00048634 0.024133 0.00472026 0.00105718 0.0242242 0.1143 0.0216774 0.0107605 0.0872715 0.0204459 3.65167e-07 
0.000399768 0.000733052 6.32829e-05 6.66941e-08 0.00347257 0.00984258 0.00228507 0.00580125 1.32022e-08 0.00129187 0.177957 1.06284e-05 0.322316 9.93938e-05 0.00285152 2.05267e-11 4.9813e-08 0.00246172 0.000646545 0.00262396 0.000472304 0.00140888 0.0036332 0.0470288 4.33156e-07 0.00175743 0.0022672 0.390675 0.0199002 1.56734e-11 
0.0189729 0.0103452 0.0164339 5.73707e-06 0.000655532 0.0302802 0.0557842 0.00247788 1.29567e-05 0.00112663 6.63107e-05 0.010746 0.00225132 7.23875e-06 0.00563349 0.597339 8.10578e-06 1.36615e-05 0.0119986 9.4339e-07 0.164123 0.00107098 0.00355272 0.00397087 0.00159143 0.00136325 0.000522283 0.0580625 0.00158362 3.67041e-09 
0.00119962 0.004214 0.0109257 0.000276237 0.0272138 0.0936026 0.00794129 0.148955 0.0682375 0.00153339 0.0145627 0.000102771 0.00365951 0.00061375 0.0017507 8.68363e-05 0.00046947 0.00404446 0.170862 0.000166941 0.21366 0.000254341 0.00214628 0.0300057 0.000220035 0.010793 0.0127397 0.117725 0.0520326 4.09271e-06 
0.0142694 0.0149193 0.00373563 0.00109976 0.012382 0.0830736 0.0246437 0.00848786 0.0250523 0.00164315 0.0786115 0.00038328 0.00790789 0.00049248 0.00652409 0.000112863 0.000114865 0.00179763 0.0776845 0.00112204 0.0683471 0.00179652 0.0167356 0.022849 0.00117579 0.0157359 0.0805774 0.388568 0.0401508 5.71446e-06 
0.00111945 0.0102472 0.00180474 0.00665068 0.13757 0.025823 0.0492768 0.126984 0.00652648 0.0144237 0.0207433 3.99556e-05 0.0509934 0.00492287 0.00920326 0.00318092 0.00213131 0.00126334 0.00494412 0.00205282 0.0743535 0.00707866 0.0130006 0.121613 0.000847314 0.00267826 0.115565 0.0283931 0.156569 1.15805e-06 
0.0189729 0.0103452 0.0164339 5.73707e-06 0.000655532 0.0302802 0.0557842 0.00247788 1.29567e-05 0.00112663 6.63107e-05 0.010746 0.00225132 7.23875e-06 0.00563349 0.597339 8.10578e-06 1.36615e-05 0.0119986 9.4339e-07 0.164123 0.00107098 0.00355272 0.00397087 0.00159143 0.00136325 0.000522283 0.0580625 0.00158362 3.67041e-09 
0.0233593 0.0221786 0.00815916 1.2377e-06 0.000497791 0.00416401 0.321391 0.0078731 4.94131e-06 0.0437983 0.016461 4.66603e-05 0.0114763 0.00447499 0.0650258 1.78423e-08 7.04612e-09 0.00394172 0.17643 0.00401887 0.00364543 0.00684582 2.58002e-08 0.0260098 0.000240874 3.99531e-08 0.00315588 0.238884 0.00791528 3.36697e-09 
0.0235752 0.00940872 0.00614559 0.000200349 0.0389375 0.0145064 0.0232047 0.00642565 0.000422457 0.003142 0.0119684 0.000197558 0.00668002 0.000222466 0.0045042 1.38247e-05 0.00530631 0.0018182 0.0162134 0.000118688 0.0159442 0.00329897 0.00451309 0.0102737 0.747542 0.0203066 0.0166157 0.0058734 0.00261596 4.88717e-06 
0.0113816 0.0110341 0.00256377 0.000849521 0.0558319 0.0752411 0.0353314 0.0358903 0.0108401 0.00191173 0.0595905 0.00798965 0.0263421 0.000348452 0.00574255 0.000984387 0.00153993 0.00144944 0.0331195 0.000555853 0.11245 0.0057882 0.00618947 0.0483039 0.00172284 0.00479097 0.0344969 0.290987 0.116701 3.19919e-05 
0.00888377 0.00946228 0.0145705 0.00289319 0.0149179 0.0990007 0.0610142 0.0681981 0.0118673 0.00165902 0.118287 0.00291951 0.00972353 0.0146622 0.00185071 2.11555e-06 0.00128799 0.00356263 0.0159411 0.000105528 0.14549 0.00352187 0.00110903 0.0715916 0.000425136 0.0524042 0.0566405 0.142912 0.0650951 1.29311e-06 
0.0472965 0.332675 0.0689178 0.000131157 0.0214516 0.0066154 0.258878 0.0329624 0.00417108 0.0296713 0.00371468 0.00333554 0.00798289 0.000587503 0.00811796 0.000114109 0.000115465 0.000859838 0.00693511 0.000106173 0.0170402 0.0167376 0.00511507 0.039673 0.000233285 0.0173753 0.0246495 0.0350644 0.00942645 4.5554e-05 
0.0189729 0.0103452 0.0164339 5.73707e-06 0.000655532 0.0302802 0.0557842 0.00247788 1.29567e-05 0.00112663 6.63107e-05 0.010746 0.00225132 7.23875e-06 0.00563349 0.597339 8.10578e-06 1.36615e-05 0.0119986 9.4339e-07 0.164123 0.00107098 0.00355272 0.00397087 0.00159143 0.00136325 0.000522283 0.0580625 0.00158362 3.67041e-09 
0.0104789 0.0066686 3.87111e-06 9.57998e-06 0.00125442 0.14195 0.0470423 0.0915128 0.00832506 0.00764503 0.00249378 7.5648e-07 0.367927 0.000397781 0.00567656 5.33482e-05 0.000179847 7.14612e-05 0.0214285 0.0172528 0.0575675 0.0645211 0.0162875 0.0333468 0.0007375 6.84214e-05 0.00492674 0.0711611 0.021011 5.90518e-09 
0.0189729 0.0103452 0.0164339 5.73707e-06 0.000655532 0.0302802 0.0557842 0.00247788 1.29567e-05 0.00112663 6.63107e-05 0.010746 0.00225132 7.23875e-06 0.00563349 0.597339 8.10578e-06 1.36615e-05 0.0119986 9.4339e-07 0.164123 0.00107098 0.00355272 0.00397087 0.00159143 0.00136325 0.000522283 0.0580625 0.00158362 3.67041e-09 
0.00268326 0.0026091 0.00431609 1.05739e-05 0.0726428 0.114035 0.0348664 0.00467574 0.0243609 0.000434379 0.06655 0.00580023 0.0239272 0.000365506 0.0275036 3.62196e-07 0.000666942 0.0010166 0.0152483 0.000162319 0.122522 0.00178133 0.000377039 0.0836392 5.20063e-05 0.00492064 0.0345494 0.163446 0.186837 1.52952e-07 
0.00963082 0.00222545 0.00335903 0.000873726 0.0372548 0.0320267 0.012255 0.0170437 0.0324561 0.00251331 0.027758 0.000945765 0.00280079 0.00443703 0.00102366 0.000225239 8.84328e-05 0.00302415 0.128399 0.000822344 0.0554247 0.00202969 0.0105443 0.332424 0.000512621 0.0459926 0.146194 0.0578795 0.0298333 2.5505e-06 
9.59084e-05 0.00388606 0.0012266 0.000212279 0.209216 0.0206034 0.00573152 0.0267036 0.00543582 0.000487388 0.00538129 1.89522e-05 0.000189374 4.25116e-05 0.0022711 1.77672e-08 4.16798e-06 3.73224e-05 0.0345678 5.89572e-07 0.0370857 0.000221002 0.0100153 0.00683357 4.70189e-05 0.533129 0.0259737 0.0194582 0.0511247 7.90218e-09 
0.00596301 0.00961564 0.00156024 2.98069e-05 0.0217196 0.00547213 0.0128316 0.0428295 0.00340229 0.00359023 0.00193457 0.00155693 5.74054e-05 7.49821e-05 0.000365634 1.95571e-07 2.70905e-06 0.000578784 0.0304347 2.25244e-05 0.663524 0.00101246 0.00119749 0.00521286 0.000125089 0.00949072 0.00399348 0.124018 0.0493831 1.47345e-07 
1.19092e-07 0.031903 2.80948e-06 2.02969e-06 0.00171897 0.0300721 0.0349582 0.281536 0.00207403 0.000850379 0.00364327 2.84593e-05 0.000610217 0.024043 0.418081 5.15528e-10 4.18882e-10 0.00201933 0.00577371 3.54169e-07 0.0715305 0.0179674 0.00114188 0.010564 4.1243e-07 0.00107074 0.0250814 0.0249056 0.0104215 3.93638e-10 
0.0133395 0.0989053 0.435397 0.00154512 0.0048209 0.00825592 0.290409 0.0029863 0.00499683 0.00409419 0.00211056 0.036437 0.000488755 1.05772e-05 0.000213652 3.44629e-07 0.00759337 0.00267215 0.0074795 1.247e-05 0.0134311 0.000427388 0.00947484 0.00911859 5.98553e-05 0.0301426 0.00246753 0.0108277 0.00228213 2.69215e-07 
0.251976 0.0394564 0.00063489 1.96432e-05 0.00832083 0.0423198 0.0526182 0.0739673 0.000294132 0.00346419 0.14397 0.000526354 0.0684356 0.00244111 0.0155263 0.00317249 0.00177205 0.000864598 0.00621003 5.19746e-06 0.00228283 0.0137731 0.00031993 0.0511401 0.000225636 0.00791856 0.0722338 0.114982 0.0211275 5.08635e-07 
0.00126008 0.00532684 0.0165758 3.08044e-06 0.00371256 2.60438e-05 0.0293186 0.00187717 2.43491e-05 0.0043605 0.000168347 0.000341593 0.000108638 1.00583e-07 0.00345232 0.00286675 1.01614e-06 0.000613814 0.00273681 7.57902e-05 0.00964702 0.0137425 0.883203 0.00490311 9.87057e-05 0.000110339 0.000788074 0.0131793 0.00147723 7.3226e-11 
0.0368952 0.00209498 0.000119173 0.000129322 0.000660513 0.00902002 0.00724852 0.021344 0.00742093 0.000220347 0.00273386 0.000305216 0.065599 8.25577e-05 0.000700167 5.37162e-08 1.70981e-05 7.83756e-05 0.012918 1.60101e-06 0.0249038 5.37557e-06 0.0266602 0.00222992 3.45789e-05 1.25152e-05 0.186828 0.0477624 0.543974 6.72735e-09 
0.000622869 0.00353339 0.00201317 0.00258248 0.0123868 0.07066 0.0487779 0.0301737 0.000478248 0.00274031 0.0309271 1.50828e-06 0.00469115 3.62161e-05 0.00173621 8.17736e-05 0.00732739 0.00624341 0.017326 0.00128134 0.00297004 0.0141077 0.00363407 0.00873094 0.00183742 0.68209 0.0122083 0.0175563 0.0132426 1.40179e-06 
1.56314e-05 0.000793218 0.000566878 0.000157676 0.0217838 0.00427917 0.00363415 0.155122 0.00119085 0.000264504 0.0240786 7.59198e-06 0.116155 0.000629086 0.000302497 2.08388e-05 1.80855e-08 0.0271927 0.00161651 0.0279471 0.00158483 0.550082 6.13081e-05 0.0237934 1.05728e-05 7.60633e-06 0.00090268 0.0284509 0.00934822 1.69956e-08 
0.0361198 0.0650412 0.00887006 0.000225483 0.0152382 0.00857796 0.0723789 0.51499 0.013412 0.0069532 0.00741069 0.0117763 0.00349573 0.0018317 0.00538703 0.00103869 0.00193424 0.00263028 0.0224821 0.000346549 0.0408824 0.0061428 0.00713909 0.0274627 0.00103235 0.00825799 0.0215969 0.0429105 0.0444138 2.16167e-05 
0.0182109 0.069175 0.00294496 2.36129e-05 0.0278689 0.0118253 0.0330788 0.0373857 0.0152307 0.00955032 0.0058871 0.0005146 0.00203618 0.00197229 0.0521511 8.98858e-06 1.38298e-05 0.0074549 0.379354 0.000657562 0.0262299 0.006412 0.000919609 0.0430108 4.65036e-05 0.00137938 0.0191554 0.0885313 0.138969 1.11486e-06 
0.00371398 0.00112333 0.000857069 2.01984e-05 0.00418481 0.113603 0.0202393 0.0181053 0.00559832 0.0006331 0.0163798 0.000828019 0.0143558 0.000372991 0.00139438 1.07623e-06 2.4056e-05 8.33174e-05 0.136965 1.08673e-05 0.0704772 0.00512635 0.000885991 0.0469899 3.14149e-05 0.00102104 0.0291014 0.374471 0.133401 4.6011e-07 
0.0104789 0.0066686 3.87111e-06 9.57998e-06 0.00125442 0.14195 0.0470423 0.0915128 0.00832506 0.00764503 0.00249378 7.5648e-07 0.367927 0.000397781 0.00567656 5.33482e-05 0.000179847 7.14612e-05 0.0214285 0.0172528 0.0575675 0.0645211 0.0162875 0.0333468 0.0007375 6.84214e-05 0.00492674 0.0711611 0.021011 5.90518e-09 
0.000746503 0.0121942 0.00286518 7.38446e-05 0.011196 0.0359999 0.0460192 0.232666 0.014752 0.000393463 0.00902145 7.14263e-05 0.0210886 0.0100488 0.0453725 0.000210036 0.000534295 0.00133406 0.00843074 0.000276543 0.0526201 0.00766706 0.00297222 0.0227213 0.0027906 0.00266898 0.0585213 0.036467 0.36027 6.85051e-06 
6.70904e-05 0.026592 8.42895e-05 3.89133e-05 0.00217409 0.539635 0.117315 0.0128571 0.00135311 0.00729254 0.00643266 0.000852711 0.0488949 0.0021249 0.00507779 9.66019e-08 0.000209595 0.000311924 0.00127007 1.01736e-07 0.00122905 0.000835464 0.063606 0.00382325 3.45512e-05 0.00938567 0.0997571 0.0282231 0.0205214 7.37616e-08 
0.129002 0.0261864 2.05146e-07 0.00242192 0.0180185 0.0488482 0.0522413 0.196336 2.05169e-07 0.0143591 0.022495 2.05048e-07 0.0161291 0.00467526 0.0238219 0.000696733 0.000738003 0.00268746 0.0851925 0.00421987 0.0842568 0.0682687 0.0085142 0.0464474 0.00217433 2.05167e-07 0.0163578 0.0812471 0.0446634 2.04965e-07 
0.00219192 0.00103704 0.000178792 0.0104585 0.00630241 0.055793 0.00247043 0.0122392 0.222715 0.00215773 0.350253 9.0507e-06 0.0717922 0.0139085 0.00130591 4.1574e-06 0.000113181 0.000206175 0.00607697 9.62977e-05 0.00688907 0.00226294 0.0449892 0.00684376 0.000735274 0.00727039 0.0938222 0.0462812 0.0315935 3.40043e-06 
0.0922934 0.0363202 0.000586347 8.74633e-05 0.0974454 0.0171378 0.0156055 0.00963547 0.018547 0.000966051 0.00770031 6.6714e-06 0.00686601 0.00103808 0.00118373 0.0112857 3.29789e-05 0.105978 0.309065 0.00209921 0.00673346 0.00301923 0.00314303 0.069648 0.0386141 0.00126943 0.00314097 0.124859 0.0156922 1.05686e-07 
0.00520292 0.0327962 0.00744452 0.000547462 3.92883e-06 3.31436e-06 0.214663 0.0290102 1.05663e-06 0.0108142 0.0105679 1.2261e-06 0.0521302 1.2745e-06 0.00662627 2.72724e-06 1.29048e-09 0.0176299 1.84892e-05 4.47457e-06 0.000439525 0.549541 0.0114696 0.00807468 6.59251e-07 2.67004e-07 0.0135909 0.0130026 0.0164118 1.21271e-09 
0.108877 0.401552 0.250668 1.59627e-05 0.00775454 0.00273719 0.0590233 0.0105133 0.000496568 0.0288974 0.00687742 0.0104554 0.0010164 0.000104276 0.000311503 8.09143e-07 0.00595425 0.00274063 0.00615934 0.000275863 0.0494821 0.0147391 0.00287959 0.00493837 0.000960245 0.00194892 0.00311523 0.0164769 0.00102726 3.28685e-07 
6.60152e-07 0.00738237 0.0004672 0.00467033 0.00668603 0.351095 0.126489 0.0409489 0.00170694 0.00120304 0.0223134 7.80742e-06 0.00504981 8.74154e-05 0.00257256 2.1309e-07 0.000867103 0.10692 0.0232647 0.000693941 0.00794893 0.0349192 0.000676273 0.227904 5.87582e-05 0.0170654 0.000988561 0.00792016 9.14011e-05 8.92974e-10 
0.00126008 0.00532684 0.0165758 3.08044e-06 0.00371256 2.60438e-05 0.0293186 0.00187717 2.43491e-05 0.0043605 0.000168347 0.000341593 0.000108638 1.00583e-07 0.00345232 0.00286675 1.01614e-06 0.000613814 0.00273681 7.57902e-05 0.00964702 0.0137425 0.883203 0.00490311 9.87057e-05 0.000110339 0.000788074 0.0131793 0.00147723 7.3226e-11 
0.227459 0.132126 0.100734 0.00038023 0.00595638 0.00870842 0.241116 0.0153955 0.00143231 0.0841115 0.00691104 0.0390557 0.00340603 0.00159345 0.0118772 0.000429151 0.0011106 0.00257874 0.0242538 0.000600169 0.0156395 0.0040893 0.00099719 0.00972886 0.00255831 0.0186308 0.00381676 0.0266451 0.00865262 5.27675e-06 
1.25738e-08 0.0026256 0.00110538 4.83504e-06 0.0206304 0.000843375 0.00091309 0.231868 2.91186e-06 0.000363716 0.000737945 1.18033e-08 0.00011509 4.79138e-05 0.000227981 3.66526e-12 7.41758e-09 0.00113527 0.00991194 2.27633e-08 0.0886407 0.000837634 1.00747e-06 0.0303087 4.12291e-05 0.00081709 0.00112702 0.585835 0.021858 2.79865e-12 
1.43394e-05 0.00995016 0.00032768 9.95863e-08 0.000178669 0.248449 0.010709 0.08902 0.000878369 0.00219699 0.265472 2.95089e-07 0.0471151 4.45965e-05 0.0120751 3.02405e-05 0.000611601 0.000205708 0.00754364 0.00025799 0.0083167 0.0777753 0.00547075 0.00611986 0.0146025 0.0119651 0.0351689 0.136082 0.00941865 3.65937e-10 
0.00349269 0.0210952 0.0012449 0.0198016 0.00684296 0.00765943 0.12913 0.0323665 0.0598861 0.00106292 0.0052848 0.000464539 0.014548 0.00976761 0.0599653 0.050782 0.000370967 0.000146063 0.208373 0.000112594 0.0736956 0.000368705 0.220569 0.00448137 0.00815483 0.00103645 0.00800968 0.0187676 0.0325065 1.30053e-05 
0.000389571 0.0046375 0.0160033 2.18006e-06 0.00239627 0.143026 0.0100356 0.0329508 0.000220109 0.0098627 0.00459385 5.81184e-05 0.0403229 3.74793e-05 0.0018549 2.17967e-10 1.09888e-05 0.00313149 0.00376159 0.00505565 0.0153539 0.011307 0.543654 0.00199293 0.000927611 0.00630683 0.0435456 0.0565232 0.0420375 1.66432e-10 
0.000127101 0.0207756 0.000871721 3.54412e-06 0.00728158 0.042922 0.241892 0.284305 0.00892059 0.000428825 0.00935182 0.000965461 0.00864206 0.00179913 0.0224815 0.00199759 5.47032e-08 0.00156222 0.00154087 0.0128948 0.0147733 0.011292 0.0551789 0.0206726 0.00326805 0.0149778 0.0968919 0.0320387 0.0821426 3.29508e-09 
0.106135 0.768508 0.00200081 4.23563e-06 0.00112434 0.00752757 0.0238348 0.00157948 6.61031e-05 0.000772826 0.026441 0.000284815 0.0011862 1.4799e-05 8.67126e-05 4.05148e-08 1.6917e-05 0.00520633 0.009431 0.000269524 0.0219001 0.00217778 7.05694e-06 0.00436741 4.40327e-05 0.000135293 0.000665111 0.0124015 0.00381106 3.33888e-08 
0.0839017 0.00499629 0.00489738 0.000129215 0.00582201 0.0360231 0.0381532 0.00605014 0.00229768 0.0200147 0.0209 0.000558055 0.00216393 0.00116625 0.00036841 7.26361e-06 6.01908e-05 0.00258904 0.0496678 8.66941e-06 0.0188299 0.00198353 0.00260953 0.00962504 0.625921 0.0288474 0.0202791 0.0106972 0.00143072 1.87644e-06 
0.000120053 0.00545446 1.19022e-05 1.87349e-05 0.00211338 0.110468 0.00762338 0.00441172 0.0007906 0.000163613 0.0360308 8.22495e-05 0.022618 5.72333e-06 0.017666 1.24466e-06 0.0431309 0.0225588 0.000460223 7.15829e-07 0.093558 2.98419e-05 3.21109e-05 0.0604569 6.56847e-05 0.0010678 0.0826927 0.201338 0.287029 1.34477e-09 
0.00729816 0.0264208 0.00160111 0.000240399 0.0400959 0.0272986 0.0516706 0.2719 0.0103569 0.0163202 0.00842601 0.00714186 0.00336143 0.000169734 0.0153653 0.00362696 1.14821e-05 0.000162462 0.0363818 4.19127e-05 0.165143 0.058187 0.00199306 0.0207641 0.000305619 0.00144737 0.00861619 0.0983002 0.117347 5.51159e-06 
0.00257103 0.00767148 0.00931133 0.000167048 0.335863 0.0209254 0.0334162 0.0612674 0.00571209 0.00166871 0.00376849 0.000330264 0.00221754 0.000148032 0.00853889 1.76255e-06 0.000217014 0.00200772 0.00967167 0.0018875 0.245508 0.000609002 0.00956351 0.0258088 0.000187386 0.10103 0.0167539 0.039026 0.0541502 4.69735e-07 
2.66653e-05 0.00151316 4.32071e-05 5.05972e-05 0.000453327 0.0021022 0.0100123 0.0313756 4.91312e-08 1.72093e-06 0.0308562 6.10148e-06 0.023206 7.07277e-07 0.00149245 2.00008e-07 3.51387e-07 4.55098e-05 0.000597777 2.07176e-05 7.95311e-10 0.0424194 3.06199e-05 0.00610293 0.0017088 1.49399e-07 0.00111484 0.846491 0.000327013 5.80848e-10 
5.77034e-05 0.0024204 0.000758558 0.000131633 0.153864 0.0126246 0.00397727 0.0186098 0.00338177 0.000342969 0.00370653 3.44023e-05 0.000126758 2.85655e-05 0.00130044 1.39614e-06 2.87085e-06 0.000518245 0.0251443 0.000300697 0.0269583 0.000225805 0.0058592 0.00417776 3.13043e-05 0.672571 0.0156707 0.017148 0.0300253 1.43403e-07 
0.00759844 0.00118596 0.00640401 0.000102409 0.0157864 0.0335181 0.0117427 0.00409933 0.000418157 0.0178038 0.00912756 9.38306e-05 0.499111 0.00571454 0.012031 1.43164e-08 0.00012115 0.0356664 0.0458246 0.0306529 0.000157072 0.163447 0.00178103 0.0132988 0.00519511 0.00672378 0.0105073 0.0254945 0.0363928 1.09315e-08 
0.093852 0.0793911 0.160164 0.000188515 0.000658979 0.00390152 0.318186 0.00961268 0.00208269 0.183436 0.0038406 0.0131241 0.000654998 0.0019969 0.00128087 1.22848e-05 5.0709e-05 0.00224926 0.0304045 0.0024493 0.00146098 0.00312912 0.00648997 0.00360128 0.0233737 0.0107059 0.0395498 0.00297782 0.00117434 6.7736e-09 
0.0566373 0.00994967 0.000786676 9.71446e-05 0.00213021 0.0109095 0.0674897 0.323623 0.0191877 0.0220333 0.0485945 5.35235e-05 0.0507253 0.0141456 0.0083733 2.79668e-06 0.00268266 0.00298722 0.00535625 0.00101887 0.133009 0.00306502 0.00127084 0.0692536 5.53873e-05 0.00377012 0.048332 0.0495106 0.0449491 1.87984e-07 
0.00955106 0.126867 0.00204999 1.8387e-05 0.000863169 0.0012939 0.239523 0.459606 0.0240597 0.0128126 0.000428411 1.59942e-07 0.00132541 3.61095e-06 0.00542542 3.43594e-10 0.000341868 0.000284631 0.000163985 0.000262339 0.0474355 0.00687191 0.0233826 0.00413737 4.45996e-06 8.83352e-05 0.00037368 0.00313389 0.0296914 2.62356e-10 
0.0813199 0.0273324 0.069909 0.00765972 0.00639103 0.0106783 0.371766 0.0259895 0.000431686 0.0393305 0.0154631 0.0151117 0.00522051 0.000148167 0.00700425 0.000398785 6.27501e-05 0.0027734 0.0184707 0.00107355 0.0186988 0.041742 0.157436 0.00985917 0.0181855 0.00168451 0.00194904 0.0365805 0.00732484 5.45406e-06 
0.0079919 0.0142838 0.00139234 2.3457e-07 5.35108e-06 0.00600787 0.263352 0.105746 0.000526453 0.218795 0.0205893 0.00489249 0.000423292 0.00993663 0.0351426 1.20673e-05 0.00212711 0.0848901 0.0240713 0.00766025 0.0142698 0.114467 6.28076e-05 0.00295484 0.00243704 5.26691e-05 0.000186495 0.0557839 0.00193989 5.10256e-10 
5.2065e-05 0.00193883 0.000716357 4.41734e-05 0.0218146 0.19228 0.0221698 0.0230617 0.0263869 0.000277067 0.0372075 4.46923e-05 0.0155095 0.0043952 0.00101325 1.62428e-05 5.77848e-05 3.10644e-05 0.000213444 0.00451022 0.0247111 0.00154531 0.247322 0.0113984 3.27121e-06 0.0102946 0.23673 0.020905 0.0953505 4.95034e-08 
0.02772 0.0170244 0.00675203 0.000104966 0.110619 0.0132961 0.0528264 0.0248801 0.00298338 0.00322442 0.00326925 0.00104423 0.00365681 0.00019876 0.00652072 0.0034616 2.2993e-05 0.00116087 0.089726 0.000115214 0.260473 0.00499544 0.00243038 0.0237943 0.000224921 0.00490982 0.0442399 0.192401 0.0979222 9.8616e-07 
0.0189729 0.0103452 0.0164339 5.73707e-06 0.000655532 0.0302802 0.0557842 0.00247788 1.29567e-05 0.00112663 6.63107e-05 0.010746 0.00225132 7.23875e-06 0.00563349 0.597339 8.10578e-06 1.36615e-05 0.0119986 9.4339e-07 0.164123 0.00107098 0.00355272 0.00397087 0.00159143 0.00136325 0.000522283 0.0580625 0.00158362 3.67041e-09 
0.00657076 0.013173 0.00915557 0.000111024 0.00722286 0.0790572 0.183516 0.212861 0.00398218 0.00167726 0.0108538 0.00158714 0.0113987 0.00409075 0.0172519 1.19862e-05 0.00101861 0.00295867 0.0016198 0.000284666 0.169595 0.00699743 0.0142296 0.0787303 8.23199e-05 0.0103126 0.0127091 0.0773965 0.0615373 7.22369e-06 
0.0593968 0.0920313 0.0302639 0.000745135 0.0101363 0.0221093 0.417667 0.0595526 0.00831167 0.0328242 0.0127492 0.00379039 0.00864309 0.00384647 0.0158365 0.000516167 0.00321551 0.00284358 0.0152479 0.00200762 0.0202177 0.0228859 0.0210314 0.0257085 0.0103237 0.00635178 0.0217719 0.0469063 0.0230551 1.32114e-05 
0.0189729 0.0103452 0.0164339 5.73707e-06 0.000655532 0.0302802 0.0557842 0.00247788 1.29567e-05 0.00112663 6.63107e-05 0.010746 0.00225132 7.23875e-06 0.00563349 0.597339 8.10578e-06 1.36615e-05 0.0119986 9.4339e-07 0.164123 0.00107098 0.00355272 0.00397087 0.00159143 0.00136325 0.000522283 0.0580625 0.00158362 3.67041e-09 
0.0189729 0.0103452 0.0164339 5.73707e-06 0.000655532 0.0302802 0.0557842 0.00247788 1.29567e-05 0.00112663 6.63107e-05 0.010746 0.00225132 7.23875e-06 0.00563349 0.597339 8.10578e-06 1.36615e-05 0.0119986 9.4339e-07 0.164123 0.00107098 0.00355272 0.00397087 0.00159143 0.00136325 0.000522283 0.0580625 0.00158362 3.67041e-09 
3.42444e-05 0.00570823 0.0261628 6.51885e-05 0.0204487 0.115283 0.00695574 0.0371184 0.00585164 0.000849075 0.00919282 0.000199118 0.0501194 2.31201e-05 0.00101352 0.000140277 2.60897e-05 0.000751351 0.000196273 0.00178776 0.181957 0.0135432 0.0368819 0.0100286 2.92637e-05 0.0438242 0.370875 0.0236322 0.0372998 2.32587e-06 
0.0189112 0.0641473 0.0162784 0.00056957 0.0103377 0.0138241 0.204683 0.0551273 0.00360721 0.0319634 0.010249 0.000635828 0.0387494 0.00119212 0.37432 0.000926053 0.00131445 0.00237026 0.0250262 0.00217768 0.0142012 0.0159672 0.00600189 0.0150037 0.00156522 0.00151516 0.00631539 0.0339629 0.0290425 1.48862e-05 
0.000194647 0.0128632 0.00336944 9.46083e-05 0.0155834 0.136605 0.218184 0.0408365 4.04008e-07 0.00327103 0.00302379 0.000165315 0.00510789 6.09171e-08 0.0470024 0.000196403 0.000153572 7.56844e-05 0.000829028 0.000986785 0.00241345 0.0301691 0.377991 0.0207115 0.0014896 1.12085e-06 0.0113559 0.0562307 0.0110952 5.38353e-08 
0.0141563 0.00531151 0.000364596 0.00440502 0.0211971 0.0781341 0.0484747 0.0469912 0.0504354 0.00221223 0.00934948 2.50854e-05 0.0593378 0.0515045 0.0173325 0.000813499 0.00033859 8.96633e-05 0.065557 0.000633379 0.137008 0.0128396 0.00988403 0.0590048 0.000980348 0.0036358 0.0884622 0.1218 0.0897168 4.17542e-06 
