0.00202332 0.348947 0.0677012 2.67111e-12 5.34453e-07 3.02045e-07 0.196956 0.100895 8.38408e-07 0.00710843 0.0757395 0.00242062 5.79715e-08 3.62937e-08 0.0102763 1.64811e-11 1.33913e-11 3.02928e-07 0.0199998 1.7357e-11 0.0510123 0.0178687 0.00360659 0.0923724 7.33589e-12 0.00268544 1.19616e-06 5.63552e-07 5.44864e-07 0.000383051 
1.07735e-05 0.000566908 0.00506966 5.23488e-12 0.0380776 0.000616939 0.00520148 0.00572283 0.000545303 0.000219179 0.00342987 3.90256e-10 0.000790674 0.00101422 0.0148574 1.93843e-10 8.42922e-06 1.24215e-05 0.0543468 9.7729e-06 0.0176247 1.03252e-05 0.00192654 0.00269459 8.42716e-09 2.33267e-05 0.0044874 0.0219688 0.820764 4.09514e-09 
0.00457849 0.0286055 0.00245718 9.84277e-06 0.153 0.0103105 0.0691349 0.0757762 0.0141215 0.00284435 0.0228529 0.000722981 0.0104893 0.000571225 0.0470264 0.00178888 0.000324852 0.000386787 0.0857726 0.000462115 0.162116 0.00289045 0.00575136 0.077959 0.00234207 0.00227077 0.0176984 0.116969 0.0807478 1.86955e-05 
0.0428994 4.78369e-05 0.0134336 5.03163e-08 3.63095e-05 9.15129e-05 0.0150193 0.820017 0.0159808 0.0692413 0.000100504 1.78575e-07 1.54975e-05 5.51485e-05 0.000380883 3.10458e-07 1.74343e-05 0.000206762 0.000587441 3.26958e-07 0.0025587 1.47725e-06 0.00182778 0.0167985 0.000115337 4.24939e-05 7.14707e-05 0.000186053 3.14909e-05 0.000234827 
6.32402e-05 0.000239779 8.78836e-06 2.68667e-09 0.00473553 0.0305972 0.00656543 0.0247944 7.60925e-07 0.00781409 0.0282858 5.56047e-06 0.785152 0.00161329 0.00427863 1.76879e-06 0.000468533 0.00180714 2.6395e-05 0.00458374 4.25313e-05 0.00232028 0.0131161 0.0054971 0.00457861 0.00337154 0.00986824 0.053493 0.00667023 1.26576e-08 
1.09004e-05 0.009647 0.000781656 3.45759e-07 0.00110052 0.166871 0.000333643 0.106961 0.0193375 0.00327802 0.00250438 8.16858e-05 0.0068633 0.00370683 0.00372848 9.00271e-07 4.96258e-05 0.000381153 0.0531011 0.162107 0.0387509 0.33428 0.000161006 0.0116623 1.99405e-05 0.000156739 0.00176279 0.00870443 0.0636269 2.9499e-05 
0.00677444 0.00304547 0.00051059 6.23766e-05 0.0333105 0.0402869 0.00833716 0.0228756 0.21053 0.00140984 0.0544323 6.46143e-05 0.321336 0.00447459 0.0043136 0.00156398 0.000107667 0.000711798 0.0152247 7.50815e-05 0.0196176 0.0254571 0.00587652 0.0566433 0.000185398 0.00185627 0.0397271 0.050894 0.0687353 0.00156025 
8.5525e-06 0.000487856 0.000563469 9.76849e-08 0.00583202 0.165407 4.26355e-06 1.3701e-05 0.000193342 5.60738e-05 0.0604345 3.3284e-07 0.591748 2.17639e-06 0.0022993 5.78652e-07 0.000155787 4.68113e-05 7.31038e-06 6.09407e-07 0.000110268 0.0185233 0.0684007 0.0407242 0.0013297 0.000232892 0.00370764 0.0147529 0.0249562 4.41837e-07 
3.81742e-08 1.75904e-07 1.7192e-07 1.8557e-12 0.0197264 0.00946893 1.46527e-07 0.0602186 0.0105883 1.36319e-07 0.00155085 6.65182e-10 1.79815e-07 6.63358e-12 4.21847e-08 1.14499e-11 2.51284e-08 7.62016e-06 0.0219485 1.20584e-11 0.0279168 2.76754e-12 0.00084474 1.52685e-07 4.61077e-06 2.6401e-07 0.0619585 0.499845 0.28592 8.74269e-12 
0.0418511 2.38375e-05 3.10463e-05 3.65679e-07 0.009466 0.0062666 0.000778194 0.0175601 0.000256894 0.00761708 4.49499e-05 0.000675424 0.0425414 0.00182455 0.0296277 3.06843e-06 0.000110988 0.000735713 0.0390963 4.00031e-05 0.0685796 0.657677 9.50921e-07 0.0469807 0.000338789 2.5518e-06 0.0043775 0.0221655 0.00101408 0.000311873 
1.38055e-07 9.80638e-05 4.59854e-05 2.88961e-09 8.72742e-05 0.764117 0.00117208 0.00124775 0.00244412 0.000201666 0.00545837 3.95399e-06 0.0356609 8.46129e-06 0.00118827 0.146439 1.02155e-05 0.000419505 0.000261544 0.000783452 0.000263186 0.00090911 0.00155535 0.00245942 4.47831e-05 0.0019921 0.0123173 0.0114736 0.0093373 1.19086e-08 
0.000387161 0.00545704 0.00273868 1.47839e-07 0.017534 0.0574341 0.0195812 0.0207428 0.0905734 0.0163428 0.0295252 0.00261815 0.0225645 0.000830416 0.00720557 2.22393e-05 1.11836e-05 0.00048569 0.0314691 0.000156029 0.219594 0.00138655 0.00904539 0.0112094 0.000481198 0.00231675 0.199109 0.078213 0.152965 2.95073e-07 
0.00360312 0.0161613 0.00236908 3.74119e-13 0.00676957 0.00622491 0.0960881 0.0702096 2.0454e-09 0.0114508 0.0290435 0.0495849 0.0211529 0.000147753 0.0522638 2.30836e-12 9.80553e-06 0.000155023 0.000573039 1.26642e-08 0.00852709 0.00129458 0.0480064 0.0228757 0.00110118 0.000466141 0.00316265 0.469435 0.0793243 1.76258e-12 
0.0163998 0.0281981 0.017083 9.30919e-08 0.0128796 0.031529 0.19917 0.00656656 0.0400231 0.00224745 0.000966035 0.00138576 0.00952941 0.00285764 0.0203006 2.88101e-07 1.15562e-05 3.84327e-05 0.10093 0.0208494 0.264034 0.025673 0.0312219 0.042118 0.000216856 3.29713e-05 0.0401332 0.0591577 0.02644 6.95445e-06 
7.71077e-07 0.0063255 1.3786e-06 2.66958e-10 3.03318e-10 9.55205e-07 0.212723 0.0792811 8.3198e-07 6.51497e-10 0.000283087 9.47444e-10 0.0648102 9.54297e-10 0.215552 1.64716e-09 1.33836e-09 5.68992e-07 0.060532 1.98251e-06 0.0617961 3.98134e-10 0.190838 0.0094611 3.25254e-07 5.08427e-10 0.00362883 0.00456105 0.0902012 1.25771e-09 
0.00507946 0.0238922 0.0304409 3.6304e-08 0.000229466 0.025855 0.282745 0.19419 0.000143633 0.00381448 0.0234277 0.002368 0.00223176 1.79054e-06 0.111417 1.02532e-06 4.33068e-05 0.00426643 4.76069e-05 0.0467643 0.00541971 0.0756034 0.00792649 0.0116951 3.16348e-05 1.567e-07 0.000562912 0.134832 0.00696785 1.42178e-06 
0.0269128 0.0152057 0.0554464 8.47025e-09 0.0213121 0.226247 0.393248 0.0225519 0.0388291 0.0225563 0.00120466 5.23526e-05 0.0063061 5.10972e-05 0.016502 5.75831e-06 0.00221295 4.82343e-08 0.0127312 4.6695e-06 0.0710005 0.00105198 0.000139958 0.00274446 2.69562e-06 0.000192691 0.00368226 0.0388358 0.0209665 2.53729e-06 
0.000429004 0.015025 0.0034039 7.13127e-09 0.00312628 0.000322201 0.0520279 0.697268 0.0186557 0.00359413 0.0017848 4.76071e-05 0.000228203 0.00405889 0.0729926 8.56082e-07 0.00103425 9.18982e-07 0.00355641 3.55117e-06 0.0102513 0.0848752 0.000177265 0.00615366 0.00309829 0.000678734 0.00244813 0.00712931 0.00762743 2.34749e-07 
3.91355e-08 0.000251581 8.77019e-06 4.07616e-10 3.4421e-07 0.0946996 0.0108899 0.0326541 0.0133539 4.02815e-05 0.00426879 6.18295e-06 0.818357 4.98435e-08 0.000261841 1.8775e-09 0.0015462 3.71054e-08 0.000407116 3.06303e-06 0.00183249 1.46734e-07 0.00143426 0.000809334 0.000648386 3.04385e-05 0.00618119 0.00298262 0.00933218 1.43359e-09 
0.00230925 0.00260761 0.0200733 3.04754e-10 0.00268023 0.00906753 0.423397 0.00102726 0.0124473 0.084558 0.00207389 0.0108076 0.0071175 2.44463e-07 0.0251781 1.88037e-09 1.52785e-09 3.9503e-05 0.0063949 1.05878e-05 0.261784 6.69469e-07 0.0253366 0.0983334 8.36971e-10 5.8041e-10 3.25754e-07 0.00106142 0.00369337 1.43578e-09 
0.0135989 0.0381342 0.0154024 9.24665e-05 0.00561787 0.0165438 0.634588 0.0452533 0.00300536 0.0218236 0.011696 0.000512454 0.0128563 0.00280978 0.00798767 0.000119125 0.000139796 0.0072207 0.0180545 0.00368947 0.0055119 0.0408521 0.00174595 0.0152447 0.00214415 0.00553363 0.00449407 0.0501662 0.0106266 0.00453518 
2.83987e-07 1.04579e-06 8.82952e-07 1.90525e-12 0.0216941 0.00230405 0.0280495 0.0109835 3.52812e-12 1.50185e-06 2.41184e-07 5.67324e-07 1.488e-07 1.40308e-07 2.6655e-06 1.17556e-11 5.74061e-09 0.000772696 0.0246422 1.23804e-11 0.026364 2.52892e-07 1.05051e-06 0.0123312 2.77378e-08 1.7058e-08 2.1417e-07 0.852135 0.0207152 8.97615e-12 
0.00049984 0.00823637 0.00616426 6.1289e-10 8.11469e-06 0.00348867 0.226726 0.0982956 1.32356e-06 0.0810658 0.114158 1.90304e-06 4.65306e-05 2.1909e-09 0.00480542 3.80922e-06 5.21067e-06 8.23279e-06 1.00074e-05 5.95917e-05 0.0105988 0.0489353 0.0034248 0.0271848 1.96297e-06 4.33918e-07 0.00965587 0.0207883 0.335673 0.000152547 
0.0114204 0.0207038 0.00112923 2.39824e-05 0.0222274 0.0935419 0.0180402 0.0348359 0.00576836 0.00740769 0.0633246 0.000187257 0.268826 0.000897382 0.00572589 0.0228265 0.00022997 0.00619399 0.0162469 0.000179407 0.0114866 0.0179423 0.0171689 0.0426051 0.00320506 0.00281579 0.0397277 0.226771 0.0384312 0.000109719 
6.22074e-05 0.00154238 0.000525862 3.8638e-07 0.011336 0.00293307 0.14795 0.0354212 0.000107151 0.0149341 2.49647e-05 2.07988e-05 0.00019152 0.00699042 0.0140884 2.38401e-06 0.000333527 2.01863e-05 5.38639e-05 0.00261683 0.0103962 0.611706 3.58434e-05 0.0700161 1.06115e-06 7.3587e-07 0.00443734 0.0221659 0.0420708 1.47151e-05 
0.0040384 0.0085053 0.000522854 2.44106e-09 0.0141287 0.0261948 0.213488 0.444873 0.00375209 0.0018238 0.000411115 0.000272113 0.000188542 8.7261e-09 0.0747378 0.000496138 4.04834e-07 0.000353849 0.00104618 0.00260213 0.0256845 0.000771165 0.000102237 0.016992 5.61102e-05 0.000244425 0.00155997 0.121372 0.0357825 1.15005e-08 
1.22952e-07 0.00554117 0.000718269 7.82583e-13 0.00847734 0.00635403 0.0240017 0.0209898 0.00442809 1.66732e-07 0.00284761 2.77742e-12 1.45641e-05 3.58317e-05 0.0073899 4.82863e-12 2.13437e-07 1.83748e-12 0.0877348 5.08526e-12 0.068486 1.16713e-12 0.000935915 0.00683918 6.87982e-09 0.000151865 0.0208694 0.330053 0.404131 3.68696e-12 
7.41494e-06 0.00207763 0.00060465 4.6396e-08 0.000239915 0.0115382 0.000121174 0.000700304 0.19335 0.0136773 1.17417e-05 3.62366e-05 0.0827058 0.000631128 0.0216144 0.000101155 8.09118e-05 0.000135408 0.000154378 0.376742 0.0760357 0.198154 2.7843e-05 0.00136744 0.000190287 0.000847666 0.000193822 0.00708483 0.0115676 2.18584e-07 
1.59478e-08 0.00609076 0.00715389 8.78786e-14 0.299766 0.000132009 0.0282283 0.0123792 3.0758e-09 0.00374414 0.000350737 5.94077e-06 1.21472e-13 3.14141e-13 0.00119291 5.47644e-11 4.4057e-13 0.000141698 0.0477188 5.71039e-13 0.265512 0.000100388 0.000113527 0.0102938 2.82401e-09 0.000426834 1.18251e-08 0.183442 0.133204 2.05139e-06 
0.00450226 0.00377309 0.00324549 4.49784e-09 0.0136548 0.00857718 0.00988261 0.0158837 0.0005807 0.00179882 0.0241471 0.00348266 0.0127768 2.16e-05 0.00714763 4.02394e-05 0.000445952 7.2564e-05 0.0141369 0.000129985 0.00790402 0.00107597 0.000162393 0.011286 1.70546e-05 2.87202e-05 0.00178432 0.707504 0.145937 4.72883e-07 
1.39763e-06 1.86105e-05 3.51101e-05 2.09197e-07 0.00109748 0.00811802 1.93555e-05 0.000257793 3.49197e-05 0.000903879 0.251218 7.30576e-07 0.659059 2.3145e-06 4.27121e-05 1.27013e-06 9.53439e-05 1.66162e-06 6.3878e-06 0.000432636 0.003829 0.0169862 0.00705179 0.000261363 0.000379186 4.10432e-05 0.0409893 0.00260313 0.00651172 9.69823e-07 
3.46704e-06 0.731008 0.00980759 1.63507e-09 1.20569e-06 0.00676959 0.0749768 0.0657558 3.0278e-09 0.073106 3.81142e-06 7.36752e-06 3.10868e-05 5.8449e-09 5.34203e-05 1.00886e-08 1.13042e-06 3.83909e-09 1.17367e-05 1.68311e-05 7.21771e-06 0.00112805 3.33036e-09 3.96182e-06 0.000276236 9.12582e-07 8.57445e-06 1.38218e-05 0.0337842 0.00322338 
0.00144065 0.057404 0.000478832 2.10362e-07 0.00296335 0.0635776 0.105989 0.485529 0.0192642 0.00672485 0.0151711 1.70173e-06 0.00187363 0.000673406 0.0413602 4.31949e-06 0.000144753 0.000934591 0.00539441 1.71456e-05 0.0370579 0.0381867 0.0275419 0.019276 0.000879461 0.00577902 0.0149462 0.0116171 0.035761 7.14408e-06 
4.1947e-06 1.47152e-06 1.44177e-05 9.69373e-10 0.10506 0.0606528 0.0208122 0.00704565 2.25158e-05 1.34442e-05 2.53241e-05 3.44035e-09 1.02121e-05 0.165485 1.60837e-09 5.98114e-09 2.49839e-06 2.27606e-09 0.0731509 6.29904e-09 0.00016609 2.77623e-06 0.349222 0.035577 0.000128101 0.0179861 0.164411 1.73566e-05 5.71663e-06 0.000182433 
7.35499e-05 0.000911203 0.000270942 1.24035e-05 0.00070469 0.000857524 1.65044e-05 0.00233162 0.000135522 0.00101803 0.0160277 0.000205807 0.00397738 4.4339e-05 0.000703591 0.000400419 0.000505413 0.000729709 0.00086354 0.00515222 0.000422147 0.000889952 0.00153339 0.00141432 0.000200993 6.0455e-05 0.000291577 0.00216636 0.958007 7.14526e-05 
0.000232925 0.00477384 0.000476373 1.42876e-05 0.00755432 0.0214908 0.0217428 0.0719675 0.328136 0.00532469 0.0725241 2.27829e-05 0.00117736 9.20206e-05 0.000169517 0.00215561 0.000156365 0.000225252 0.062975 0.00547941 0.00592408 0.00935987 0.0157286 0.0484695 0.0048541 0.000326454 0.0265572 0.258584 0.0176988 0.00580636 
0.00906736 0.0835581 0.0259232 1.6293e-06 0.000945821 0.0236839 0.0321931 0.0430474 0.00473935 0.00040037 0.0232253 0.000209032 1.04231e-05 0.000768498 0.0121881 9.12595e-05 0.00133626 0.00241266 0.035367 0.000105907 0.0457914 0.00925249 0.615784 0.00125435 5.02733e-05 0.00710397 0.0166298 0.0014931 0.00336366 2.83528e-06 
1.20952e-07 0.000363458 0.00671284 3.46641e-11 0.0061312 0.00733757 0.00779982 0.0092117 0.00111101 0.270005 0.0772278 1.19522e-08 0.00694142 0.0174184 6.36543e-08 2.13881e-10 9.2891e-06 1.99642e-07 0.0466565 0.000151911 0.000291517 0.0281885 0.0120979 0.24256 2.33871e-07 1.77578e-07 0.0293725 0.126868 0.103542 4.79101e-07 
0.00420301 0.861949 0.000456483 5.8324e-10 0.00103182 0.000994207 0.0177529 0.0626271 0.0149776 3.95452e-05 8.92576e-07 9.05347e-08 1.60641e-06 0.00173703 0.000204151 3.59866e-09 5.94427e-07 1.62746e-05 9.57329e-05 3.78992e-09 0.00184126 3.17036e-05 0.000154665 3.55168e-05 2.96752e-06 1.71828e-06 0.0243176 6.45185e-07 0.00752588 2.7478e-09 
0.000613068 0.00372777 0.000627346 4.58563e-09 0.000329335 0.0268611 0.00834577 0.000166269 0.000204193 0.00538648 0.0255974 9.02521e-09 0.00795899 2.25182e-06 3.25973e-06 1.56906e-08 0.891901 1.74855e-05 0.00306813 1.65245e-08 0.000551346 0.000239782 0.000702424 0.00555025 0.000235617 0.00323137 0.00466106 0.0090167 0.00100181 5.8738e-08 
0.060796 0.0914913 0.0310614 7.89195e-09 9.57146e-07 0.0143188 0.30823 0.164773 1.26474e-06 0.0247903 0.00526221 7.59442e-07 0.00808135 9.8886e-07 0.013911 0.00114239 1.11673e-07 0.000134096 0.0212813 0.0209764 0.0437102 0.0163833 0.00308089 0.0710967 7.23796e-05 0.0200833 0.0588428 0.0188636 0.00160284 1.07808e-05 
4.95248e-06 0.0201065 5.20287e-07 5.37944e-12 0.0168478 0.0467506 0.0314954 0.00755574 0.000183727 2.92592e-07 0.139164 6.77019e-05 0.0202717 7.95053e-09 0.0104165 6.47577e-10 1.71976e-07 0.000703874 0.052125 0.000313763 0.0112438 0.00159925 0.000985396 0.0337318 0.000171668 0.0014641 0.0104109 0.479812 0.114573 1.55063e-08 
0.00150115 0.00101165 0.00101321 7.95244e-09 0.00638289 0.0042911 0.0189719 0.53415 0.000477606 0.00153653 0.000593978 0.000302129 0.000103133 3.54818e-06 0.00440139 2.50265e-08 9.82775e-09 0.00183329 0.0341835 1.02068e-05 0.308352 0.000723317 4.00543e-06 0.00273433 2.58939e-08 0.00011267 6.84831e-05 0.0724568 0.00477958 1.54158e-06 
0.000363359 0.00271791 4.2096e-07 5.65463e-11 0.00853333 0.00144971 0.100418 0.0336376 0.00148495 4.38633e-07 6.92608e-05 2.09098e-07 0.00854911 1.06731e-06 0.00464728 3.48897e-10 2.83489e-10 0.000654466 0.000924067 3.67441e-10 0.261225 0.000496427 0.00197652 0.200812 1.32749e-07 0.00340079 0.155672 0.202801 0.0101616 3.22743e-06 
0.0218401 0.0264102 0.0471911 9.9519e-06 0.0225965 0.0174798 0.0618384 0.552755 0.000851705 0.00784586 0.0207691 0.00227839 0.0147438 1.77934e-05 0.0459218 0.000526715 1.35945e-05 0.00510813 0.0275441 0.000351253 0.0143435 0.0769253 0.00337641 0.00271984 0.000124101 7.81376e-05 0.000803593 0.0114889 0.0140131 3.41741e-05 
0.0183442 0.0180073 0.0280517 1.05297e-06 0.00393013 0.01085 0.493525 0.0173639 0.00325691 0.00870884 0.0182324 2.29912e-05 0.0609948 0.000348955 0.0254217 3.08932e-05 0.00774321 0.00126904 0.0168075 8.81773e-05 0.0449165 0.00777096 0.00215253 0.057567 0.0793644 0.000338478 0.0183228 0.0158471 0.0406806 4.1345e-05 
3.11674e-06 1.77214e-05 0.000104934 4.76352e-09 9.27059e-05 1.31591e-05 0.0509855 0.0121421 7.416e-05 0.00452202 0.0178354 3.57507e-05 3.5956e-05 1.70282e-08 1.11091e-05 2.93915e-08 4.16308e-06 1.11846e-08 1.65524e-05 3.97087e-05 1.1544e-05 0.826103 4.84648e-06 4.23019e-05 1.30824e-08 9.07223e-09 0.00574246 0.0809602 0.00120166 2.24422e-08 
0.00024058 0.165836 0.131885 1.88455e-07 0.00724774 0.0640335 0.0575051 0.00406253 0.0240011 7.43936e-07 0.0352008 0.00123806 0.0212865 2.66835e-07 0.0186053 2.59785e-05 0.0389911 0.0136809 0.0917303 7.8795e-07 0.174189 0.0430375 0.0227174 0.00174001 9.55605e-07 0.0131904 0.0568137 0.00802043 0.00467606 4.25085e-05 
7.99816e-07 0.0672763 1.85401e-05 2.2527e-09 0.000124396 0.00492188 0.234066 0.497851 1.15816e-05 3.54266e-06 0.00022594 6.65791e-06 9.38062e-07 8.05277e-09 0.000473104 1.38994e-08 8.53937e-05 0.0104685 0.000138806 8.00143e-05 0.101439 0.0319802 0.00433841 0.00160571 0.0040799 0.00108334 0.0182903 0.0172908 0.00413891 1.06131e-08 
5.23115e-07 0.000421401 1.04539e-06 7.48837e-09 0.000126662 0.0470844 0.00086242 0.00254867 4.92618e-05 0.000503215 0.0168538 1.62381e-05 0.259634 0.000569071 0.00379484 7.32627e-05 0.535585 4.02502e-07 0.000858989 0.00124216 0.00770033 0.000678235 0.000756566 0.00438601 0.00075497 0.000310566 0.00938038 0.0152819 0.090526 7.36518e-08 
0.00150115 0.00101165 0.00101321 7.95244e-09 0.00638289 0.0042911 0.0189719 0.53415 0.000477606 0.00153653 0.000593978 0.000302129 0.000103133 3.54818e-06 0.00440139 2.50265e-08 9.82775e-09 0.00183329 0.0341835 1.02068e-05 0.308352 0.000723317 4.00543e-06 0.00273433 2.58939e-08 0.00011267 6.84831e-05 0.0724568 0.00477958 1.54158e-06 
0.00214137 0.078803 0.628119 9.00847e-09 0.000156958 0.0166874 0.0402392 0.0917285 0.0216479 0.00491083 0.000158897 3.19715e-08 0.000120296 8.77538e-05 0.0255586 5.55833e-08 4.51631e-08 0.000885353 0.00199952 5.85375e-08 0.000327568 0.0516413 0.00204016 0.0169012 2.47407e-08 0.000166904 0.000568271 0.00157466 0.0134839 5.16465e-05 
7.88051e-05 5.80446e-06 0.000493804 1.08362e-06 0.000691869 0.0151677 6.00536e-05 0.000260462 0.022512 0.810172 0.0557477 3.10903e-06 0.00741331 0.000101089 0.00016447 5.40514e-06 0.0442183 7.51716e-05 0.00038502 0.00303827 0.000285732 2.32885e-05 0.0263294 0.000435211 0.000367867 0.00252415 0.00466904 0.00417546 0.00059026 4.12717e-06 
1.63234e-05 0.000113263 0.000137556 3.70423e-07 0.000420744 3.1633e-05 0.0002293 0.000702701 0.973772 1.02963e-05 0.000394852 1.03385e-06 0.000101862 4.83359e-05 5.70691e-06 4.04199e-07 1.19157e-05 0.000110839 0.00133562 1.22255e-05 0.00036105 0.000108605 0.000157308 0.0141742 1.22007e-05 4.11005e-05 0.000662389 0.00694445 7.34621e-05 8.47126e-06 
0.018684 3.65412e-06 9.97901e-07 5.53708e-11 0.00554658 0.00182811 0.115458 0.30702 6.73471e-05 0.0268852 0.000263311 7.42838e-07 1.12903e-06 4.39476e-06 0.0145392 1.35785e-05 4.47145e-06 0.00105099 0.00771581 0.000652189 4.00799e-06 0.0978526 0.0146006 0.347003 2.36183e-07 3.63051e-07 1.0253e-07 0.0369684 0.00367986 0.000151241 
0.00194234 0.0226021 0.00253863 2.90477e-05 0.00683728 0.0887413 0.0207225 0.128223 0.0130543 0.00459115 0.122578 8.07911e-05 0.0217193 0.000917575 0.00245209 0.0019456 0.000587604 0.00309829 0.0350508 8.56829e-05 0.0170961 0.00424519 0.00784331 0.0172246 0.000578032 0.00103554 0.0213213 0.236769 0.215713 0.000376419 
0.000176322 0.0117161 0.00420434 5.9875e-11 0.0160573 0.0639928 0.157848 0.102876 0.00456213 0.0274527 0.0172275 0.0011849 0.000485461 1.84908e-06 0.00347555 3.69436e-10 1.71403e-06 0.00351812 0.241645 2.36637e-07 0.0814849 0.0586648 0.0822788 0.0183653 2.84957e-06 0.00158695 0.0166041 0.0251019 0.0594826 2.36775e-06 
0.011452 0.013212 0.000238801 4.87049e-08 0.0103875 0.0526126 0.0538273 0.158937 0.00234371 0.0145755 0.00734249 1.58553e-07 0.0100799 0.00104349 0.0129903 0.000128231 4.13639e-05 0.000557905 0.0109816 0.00141392 0.0399534 0.00252137 0.0203443 0.0146257 6.20901e-05 6.81396e-06 0.00741738 0.127906 0.42497 2.7847e-05 
0.0190776 0.0240219 0.00263389 5.77006e-06 0.0170024 0.0220694 0.0274641 0.0332881 0.0397888 0.00659566 0.0468445 0.00021573 0.0075009 0.00350944 0.00693981 0.00010066 0.000590013 0.000534214 0.026636 1.88219e-05 0.12883 0.00413128 0.00388796 0.0600561 3.07311e-05 0.0171647 0.0474871 0.220297 0.233268 9.13013e-06 
4.47979e-09 0.0051684 0.00430495 1.99414e-12 0.233893 0.00155702 0.0213839 0.00870627 4.9888e-05 0.018649 0.0408362 9.65111e-07 0.000139339 0.000355012 0.00239796 1.12124e-07 5.55726e-08 0.000121477 0.0444405 5.34187e-08 0.00926159 0.000555333 0.0107871 7.68922e-08 4.70869e-05 0.000138004 0.0258352 0.0839305 0.487338 0.000103188 
0.0103766 0.000725564 0.00279844 6.04182e-05 0.0204451 0.0247164 0.0184694 0.0124259 0.00125889 0.00259466 0.0126814 0.0197987 0.0018664 0.000143249 0.00104232 0.0242369 0.000226806 0.0124409 0.700139 0.000759522 0.0316163 0.00690434 0.00265738 0.00933888 6.58513e-05 8.27769e-05 0.00565962 0.0458278 0.0305739 6.65756e-05 
0.0168388 0.0388094 0.379042 8.6859e-09 0.0142353 0.0172119 0.322501 0.0109855 0.000497718 0.0196078 0.00198779 1.79677e-05 0.00110483 2.62614e-06 0.0262527 1.87141e-05 7.97422e-06 0.000108964 0.00242664 4.64189e-05 0.00768484 0.000238953 0.0482178 0.00277363 0.000888116 0.00204613 0.0129871 0.0396586 0.0337986 2.19384e-06 
0.0276642 0.0885584 0.309502 2.84948e-07 0.000275955 0.000518971 0.148829 0.215496 0.00208158 0.00830235 0.00320982 5.48535e-06 0.000764367 3.45508e-05 0.00346704 4.56772e-07 1.04182e-06 7.85995e-05 0.0516007 7.31847e-05 0.0111109 0.000912351 0.00491122 0.0351333 6.55043e-05 9.9254e-05 0.00085431 0.0577503 0.0286951 3.12399e-06 
0.00897691 0.00947702 0.00114296 2.75626e-10 0.00761579 0.00288811 0.0838453 0.429261 0.0147657 0.0156177 0.00424149 2.25648e-05 0.0271934 0.00357458 0.0377853 5.98531e-07 0.00264236 7.02192e-05 1.12042e-08 3.72638e-06 5.00353e-07 0.121196 1.56674e-06 0.0146728 1.96661e-06 0.000425639 0.000331871 0.144434 0.0698104 1.00388e-06 
0.000128861 0.0194302 0.00993698 5.69927e-11 0.0102879 0.00117251 0.254063 0.225623 0.000682844 0.0024606 2.92953e-07 2.23032e-05 0.0471203 0.000454193 0.00835251 1.57579e-05 0.000711776 1.45687e-06 0.00197271 0.00736577 0.285556 0.0129044 0.00189404 0.0177356 0.0124687 7.8327e-07 4.92117e-05 0.0608224 0.0187655 3.36283e-07 
0.00073755 0.0147432 0.00317024 4.12862e-06 0.00184686 0.474101 0.0216949 0.040127 9.9116e-05 0.0053731 0.0155618 5.01041e-06 0.0568767 3.23679e-05 0.0114324 0.0418295 0.000351009 8.95238e-05 0.000327409 0.000169207 0.00130575 0.00102608 0.113836 0.00582014 9.91146e-05 0.0050606 0.00847638 0.0408579 0.134923 2.24081e-05 
0.0193636 0.00159331 0.000636173 1.16985e-06 0.00030063 4.01983e-05 0.00721125 0.00215658 2.16631e-06 0.000432809 1.71424e-05 1.87934e-05 8.82187e-05 4.75518e-05 0.000621371 7.21809e-06 7.5889e-06 1.41024e-05 0.0214926 7.60173e-06 0.0246042 4.73078e-05 3.51051e-05 0.00522981 1.2641e-05 4.01208e-05 0.000346532 0.911071 0.00454379 9.25769e-06 
0.00288798 0.101804 0.0257532 9.19398e-11 0.0023103 0.00996016 0.394711 0.0729073 1.70253e-10 0.00243309 0.000528753 0.0018711 0.00147991 4.78219e-07 0.0469348 2.06258e-05 3.83858e-06 8.00177e-06 0.0001563 0.000270784 0.0332938 0.0102702 0.0332347 0.00171844 0.00116643 1.05033e-08 0.000200802 0.21294 0.0431346 4.33153e-10 
5.70656e-06 0.00798139 4.32276e-06 6.37931e-11 8.8785e-07 0.00492453 0.292968 0.0889077 1.18131e-10 0.39503 1.14842e-06 1.9761e-07 0.0283467 5.36814e-06 0.0431025 1.26047e-08 3.1982e-10 0.00194605 0.00183955 4.14531e-10 9.73218e-07 0.0971488 0.000150675 4.35135e-06 9.61986e-08 1.21495e-10 0.00517657 0.0135965 0.0188581 3.00547e-10 
0.00171866 0.00791947 0.00774008 8.35463e-08 0.0207983 0.0106043 0.00659687 0.0470674 0.0313599 0.619868 0.00294595 2.96509e-07 1.15484e-07 2.98654e-07 0.00189922 5.1549e-07 0.00113132 0.00170682 0.0435291 5.42888e-07 0.0702116 1.24599e-07 0.00775993 0.00687412 0.00103275 0.0118861 0.0217077 0.0374314 0.0382087 3.93609e-07 
2.27222e-07 0.000372457 0.00253551 3.52063e-11 1.46573e-06 0.00183614 0.00146249 0.00307179 0.000537933 0.417154 0.0960627 2.23493e-08 0.000153204 0.0196856 1.19543e-07 2.17227e-10 1.76503e-10 3.75013e-07 2.65354e-06 5.69905e-07 4.27605e-07 0.0304329 0.000464505 0.308144 2.6153e-07 1.98579e-07 0.0273528 0.0705448 0.0201815 8.99985e-07 
0.0022469 0.00359458 0.00311436 7.72271e-06 0.0099481 0.306089 0.0396013 0.0300767 0.0187908 0.00031133 0.0143228 0.000665416 0.00584492 0.000854402 0.00230449 0.000208727 7.67504e-05 0.000479459 0.144927 0.000679425 0.176837 0.000620129 0.00627249 0.0364453 1.71089e-05 0.00504364 0.0358154 0.0895619 0.0652338 8.33643e-06 
3.58375e-07 0.00628644 6.58391e-08 3.0204e-08 0.00159865 5.08447e-05 0.0247708 0.148983 0.220567 7.37115e-08 0.0138429 9.61063e-06 8.67494e-05 0.00137069 0.0938582 1.86362e-07 1.51425e-07 4.91998e-07 0.0251652 3.73133e-05 2.38618e-05 0.000573698 0.000154405 0.242287 8.94433e-05 0.000167713 0.00472732 0.214262 0.00108685 2.36178e-07 
0.00149788 0.0307689 0.020258 1.21151e-07 3.51795e-05 0.000274784 0.208881 0.0408839 2.24346e-07 0.00791141 0.000101872 0.00460678 0.000103708 4.3308e-07 0.61717 7.47515e-07 0.000101026 0.000172227 6.78879e-06 7.87245e-07 0.00914175 0.0183702 0.000168948 0.00817209 2.59472e-06 8.27488e-07 7.13561e-06 0.0162151 0.0151457 5.70775e-07 
0.000363359 0.00271791 4.2096e-07 5.65463e-11 0.00853333 0.00144971 0.100418 0.0336376 0.00148495 4.38633e-07 6.92608e-05 2.09098e-07 0.00854911 1.06731e-06 0.00464728 3.48897e-10 2.83489e-10 0.000654466 0.000924067 3.67441e-10 0.261225 0.000496427 0.00197652 0.200812 1.32749e-07 0.00340079 0.155672 0.202801 0.0101616 3.22743e-06 
0.00171571 0.0080677 1.32673e-05 2.90477e-07 0.00401412 0.0731396 0.00113457 0.00479827 0.000820937 0.000232023 0.310678 8.01679e-06 0.264959 0.00066466 0.0056099 0.0316737 0.000206938 0.00290922 0.000197258 1.9538e-05 0.00581275 0.00401113 0.00537654 0.0260771 1.86195e-05 0.00380745 0.0123097 0.136579 0.0951258 1.86492e-05 
1.80026e-09 0.000556756 0.000327119 5.47406e-13 0.354104 6.80906e-05 0.0049287 0.00203633 4.60337e-05 3.86613e-08 0.00388881 5.89538e-07 1.93401e-07 1.00639e-08 0.000700247 8.45595e-11 4.91106e-09 1.70133e-06 0.15965 3.55707e-12 0.036346 2.70872e-09 0.000591813 0.00197418 6.5933e-06 1.27056e-08 0.0040315 0.277184 0.153556 2.04816e-09 
0.00287393 0.000195892 0.00663876 4.84005e-11 0.0257153 1.00096e-06 0.388131 0.00190474 0.00054005 0.000977388 0.000293964 0.00788624 0.0200572 0.00232809 8.03054e-11 2.98637e-10 2.42651e-10 0.000325031 0.229481 0.00839959 0.0467136 0.00350594 1.80886e-07 0.0427716 0.074142 9.21799e-11 2.87705e-07 0.13041 0.00670707 2.28028e-10 
0.00167574 0.223091 0.0340168 1.5448e-12 0.00922498 0.00373028 0.249936 0.0303326 2.86064e-12 0.00485797 0.018543 0.0332495 7.82546e-05 4.7288e-06 0.0370717 9.53159e-12 8.80915e-05 0.000114977 0.00934798 1.00382e-11 0.0196257 0.000490939 0.00188571 0.0589768 0.00541924 0.00116283 0.00048708 0.246219 0.0101805 0.00018892 
0.000107466 0.00354622 9.49115e-05 7.22188e-13 0.00774374 0.00631398 0.000686607 0.00696919 0.00431822 6.34466e-05 0.288166 7.79902e-07 0.0817482 0.00096414 0.00020699 4.45599e-12 8.13516e-09 0.000409771 0.000919107 8.29563e-09 0.0168095 0.00587514 0.00545074 0.211449 1.66737e-08 0.00139513 0.118527 0.206489 0.0316742 7.13836e-05 
0.000524082 0.0631739 0.0039514 6.26335e-08 0.00414653 0.153281 0.160197 0.0324422 0.00178539 0.0156056 0.00206376 2.16848e-07 0.00125096 4.23839e-05 0.0095729 9.99771e-05 0.215506 0.000598542 0.123151 0.00300514 0.00704061 0.00293599 0.00013317 0.00187114 0.00132826 0.00480229 0.0903115 0.100965 0.000182395 3.10695e-05 
0.0919113 0.0185439 0.000913025 9.42205e-08 0.0124486 0.0080068 0.00397402 0.0208084 0.00134896 0.00394286 0.00643532 3.18961e-07 0.00103615 0.00699993 0.00100895 2.1188e-07 7.1113e-05 0.000768989 0.290334 2.49902e-06 0.24091 0.0066438 0.000947014 0.0270905 0.000535021 0.00169781 0.188554 0.0622099 0.00285646 8.32369e-07 
0.00015393 0.00247843 0.000224251 2.14019e-06 0.00781935 0.143252 0.0276614 0.00792788 0.00195558 0.00114431 0.34557 0.000383536 0.0722116 0.000672847 0.0058464 6.90551e-05 0.000892752 0.000642482 0.00639557 3.51741e-05 0.0283308 0.000391505 0.00291892 0.0417188 9.13874e-05 0.0172574 0.0298589 0.167047 0.0870442 2.80102e-06 
0.0268298 1.13802e-07 4.20438e-08 7.22362e-13 8.63438e-08 0.00215705 1.3922e-07 0.00123967 6.00624e-08 1.09829e-07 0.031848 2.56369e-12 3.6746e-08 1.30922e-07 7.95838e-08 4.45706e-12 8.18936e-05 1.36367e-07 0.67922 4.69395e-12 0.00490337 3.34075e-09 8.22491e-08 0.0442441 2.74373e-07 1.00982e-07 0.00280715 0.205102 0.00156598 4.76794e-09 
7.80451e-05 0.000374873 0.00116614 5.10489e-08 0.000151361 0.337508 5.63369e-05 0.000740832 0.00156981 0.000872086 0.0761411 3.49607e-05 0.0212718 7.55834e-06 0.000106856 2.66922e-07 0.00557741 0.00946564 0.000327041 0.000581223 0.00678613 0.00703841 0.000153295 0.000534557 0.481574 0.000273549 0.0357874 0.0100527 0.00176788 2.03812e-07 
0.0492017 0.00431376 0.0869411 7.3062e-08 8.30134e-08 0.0586103 0.00604412 0.00515902 0.00611172 0.0330909 7.72818e-05 2.593e-07 7.46349e-05 0.000306625 2.51354e-05 5.27866e-05 3.66289e-07 7.72132e-06 0.0255719 0.000802085 0.00246676 0.692081 0.000440171 0.0173468 2.00656e-07 0.0109229 0.00023159 1.43843e-05 4.51711e-05 5.92461e-05 
0.00315008 0.00154844 0.000917889 4.00903e-09 0.0087326 0.00896645 0.0158333 0.014698 0.000476847 0.000701872 5.0464e-06 0.00232362 0.000501778 9.96804e-09 0.00101261 1.26133e-08 1.43448e-06 0.000218246 0.029498 0.00024242 0.544324 8.37095e-05 0.00178636 0.00346408 1.66652e-05 0.00336869 0.0207494 0.218314 0.119065 6.29385e-08 
8.37859e-05 0.0125891 0.000762572 3.62369e-08 1.64818e-07 0.00510634 0.903584 0.0163606 0.000445232 0.00135076 0.00540889 3.7076e-07 0.00212181 0.000321645 0.00766775 1.83063e-05 0.00132703 0.000172544 0.00118382 0.000833458 0.00369524 0.000354249 6.24594e-05 0.00206402 6.65563e-05 1.66935e-07 7.27755e-05 0.000948248 0.0333982 9.75021e-08 
0.000207365 0.00188167 0.000587691 8.39067e-14 0.0106239 0.00550145 0.00546863 0.00289019 1.49301e-09 4.25159e-08 0.0324889 9.12377e-05 0.00460299 2.33304e-05 0.00137798 5.17714e-13 9.78656e-07 0.000460363 0.0103724 6.10514e-10 0.00262963 9.78754e-05 0.0034582 0.0326083 7.85314e-10 0.000236048 0.00618634 0.857573 0.0206317 1.2993e-09 
0.000365698 0.00112643 6.02723e-08 6.25556e-13 0.00248749 0.017365 2.19686e-08 0.0268233 5.30558e-08 1.52664e-12 0.00612609 4.66439e-05 5.36118e-08 0.000201926 2.1901e-08 3.85975e-12 7.09187e-05 0.0022059 0.231392 4.06489e-12 0.0468801 0.00061385 0.00716376 0.182699 1.71802e-12 1.13778e-07 0.0068089 0.446478 0.0211444 1.38546e-08 
2.02219e-07 2.40812e-05 0.000855202 5.26564e-11 0.0886762 0.0508301 0.00466212 0.0430106 0.0405941 9.01286e-08 0.0462979 2.85525e-06 0.0104923 2.63866e-05 5.90116e-07 3.24896e-10 0.000119162 5.02036e-08 0.0553453 2.91332e-07 0.11639 2.31942e-07 0.037377 0.0289143 1.44615e-10 0.00422599 0.113259 0.278475 0.0804209 1.53553e-07 
1.38055e-07 9.80638e-05 4.59854e-05 2.88961e-09 8.72742e-05 0.764117 0.00117208 0.00124775 0.00244412 0.000201666 0.00545837 3.95399e-06 0.0356609 8.46129e-06 0.00118827 0.146439 1.02155e-05 0.000419505 0.000261544 0.000783452 0.000263186 0.00090911 0.00155535 0.00245942 4.47831e-05 0.0019921 0.0123173 0.0114736 0.0093373 1.19086e-08 
0.000363359 0.00271791 4.2096e-07 5.65463e-11 0.00853333 0.00144971 0.100418 0.0336376 0.00148495 4.38633e-07 6.92608e-05 2.09098e-07 0.00854911 1.06731e-06 0.00464728 3.48897e-10 2.83489e-10 0.000654466 0.000924067 3.67441e-10 0.261225 0.000496427 0.00197652 0.200812 1.32749e-07 0.00340079 0.155672 0.202801 0.0101616 3.22743e-06 
0.00737521 0.00435285 0.00122048 1.78688e-06 0.018546 0.000108975 0.0193686 0.0378202 0.00304046 0.00134206 0.00683743 0.000115582 0.00313012 0.000176748 0.00153524 1.79609e-06 3.18778e-06 8.52948e-06 0.540396 1.77851e-05 0.0886185 0.000849109 0.00043169 0.0865779 3.45034e-05 0.00495736 0.000371486 0.125356 0.0473438 6.04927e-05 
0.0645461 0.0387457 0.00122378 1.62329e-05 0.0171519 0.0100733 0.0973958 0.105311 0.000635558 0.0100027 0.025247 0.00165666 0.000518103 3.95892e-05 0.00613157 0.000236475 1.9846e-05 0.00122925 0.0210176 0.000592096 0.00993445 0.45805 0.00040052 0.0432817 0.000258009 0.00202841 0.00183727 0.0669419 0.0153046 0.000173365 
0.000522253 0.00314163 0.00461702 6.05483e-12 0.0154128 0.0354918 0.00913669 0.0177666 0.00114712 0.000373171 0.00758227 6.58656e-07 0.0157289 0.000194853 0.000290326 3.7359e-11 7.82832e-05 0.000540416 0.010779 1.45861e-05 0.013981 4.97839e-06 0.00364807 0.0303574 5.39423e-09 0.00369307 0.00756409 0.483668 0.334251 1.43495e-05 
0.00315008 0.00154844 0.000917889 4.00903e-09 0.0087326 0.00896645 0.0158333 0.014698 0.000476847 0.000701872 5.0464e-06 0.00232362 0.000501778 9.96804e-09 0.00101261 1.26133e-08 1.43448e-06 0.000218246 0.029498 0.00024242 0.544324 8.37095e-05 0.00178636 0.00346408 1.66652e-05 0.00336869 0.0207494 0.218314 0.119065 6.29385e-08 
0.00619865 0.0162992 1.82563e-08 6.29664e-13 0.00794882 0.0136803 0.00139449 0.00687534 0.00153055 9.37517e-09 0.221396 1.09523e-08 0.0622995 4.5062e-05 1.52541e-08 3.8851e-12 4.42261e-09 0.000347538 1.9333e-07 6.95979e-09 1.31154e-07 9.39065e-13 0.000191573 0.124929 1.24527e-08 0.000472584 0.15207 0.367225 0.0170954 2.96652e-12 
0.000122819 0.00304423 0.000104899 1.35178e-08 0.00241993 0.123108 0.0120399 0.0212467 0.000327453 0.000526265 0.0170085 2.90542e-06 0.0148436 2.704e-06 0.00252832 0.000737288 0.00201382 7.93974e-07 0.00400076 4.73673e-06 0.03881 1.15228e-05 0.000242875 0.0038608 6.9795e-05 0.000340162 0.0457425 0.690217 0.0166219 5.34213e-08 
0.0179874 0.11259 0.0144995 3.11762e-11 1.12005e-05 0.000293067 0.423101 0.00472512 1.43127e-07 0.306669 0.000290934 0.00117095 8.76974e-05 1.31853e-06 0.0205979 1.92361e-10 1.32515e-06 0.000262865 0.000408581 2.02584e-10 0.00212573 0.000369041 9.8717e-06 0.00201918 1.32601e-05 1.39591e-07 9.81763e-05 0.0913603 0.00130655 1.46879e-10 
0.000267897 0.0367675 0.2998 9.95266e-11 0.0038973 0.00160613 0.120457 0.0578282 0.000651216 0.140265 0.00379371 8.97446e-05 0.0356145 1.31633e-07 0.103621 6.1409e-10 4.98966e-10 3.19502e-05 0.000164365 4.47287e-08 0.000440161 0.000379669 0.00544833 6.9728e-05 0.000994744 1.89551e-10 0.0094814 0.139598 0.0387288 3.40872e-06 
1.89987e-06 0.0120316 0.00032685 1.43333e-06 0.00313758 0.0834864 0.0208481 0.0102631 0.027318 0.000139637 0.0269698 2.13736e-05 0.0025293 0.000195511 0.0021311 6.77638e-06 2.668e-05 3.83261e-05 0.158178 0.00141801 0.0219516 0.00712762 0.0204149 0.0654649 0.000570482 0.00269698 0.450513 0.0723091 0.00988012 1.49842e-06 
0.000110648 0.00271331 0.000445568 2.86716e-10 0.0365452 0.00135806 0.0532369 0.00564033 7.66645e-07 0.0256704 0.000220945 0.000106525 0.0161506 1.64652e-05 0.786087 1.76907e-09 1.49426e-06 0.00779819 0.00110558 0.000825898 0.000613806 0.0370299 0.00203158 0.00133085 1.80082e-05 0.000409137 2.34669e-05 0.0142461 0.00626299 5.13446e-07 
0.00772526 0.197466 0.000408783 7.9668e-09 0.00475221 0.00959846 0.0172108 0.00869541 0.00153395 0.0132498 0.0297055 1.07161e-05 0.00221908 0.000113739 0.0068657 0.0233984 2.51295e-07 0.215284 0.00594976 2.04835e-07 0.0261433 0.0379392 0.000738727 0.102256 5.43877e-05 0.000135479 0.264215 0.0158623 0.00846093 7.26957e-06 
0.0319867 0.0165365 0.000797044 4.59645e-05 0.0121271 0.0419292 0.0245453 0.123704 0.0261902 0.00223211 0.0240471 9.36616e-05 0.00640658 0.00683303 0.00673706 0.00021884 0.000989392 0.000347531 0.292533 0.00303336 0.0217849 0.0266632 0.00906959 0.0369123 0.000342742 0.00440831 0.157966 0.0412849 0.0800523 0.000182118 
0.0447484 0.062909 0.097315 5.37241e-06 0.0105086 0.00688931 0.646947 0.00967595 0.000132044 0.0170609 0.00810499 0.00224977 0.0239676 7.02065e-06 0.00320259 7.87674e-06 0.00024213 2.84523e-05 0.01306 0.000372037 0.00858283 0.00085848 3.0658e-05 0.0090071 0.000219544 8.23942e-05 0.000120739 0.0298931 0.00374277 2.85502e-05 
0.000552913 0.00445808 0.00186775 7.49543e-10 0.00386771 0.0350738 0.17391 0.185765 0.0102827 0.0125366 0.000403318 0.00269121 0.00812347 0.00875609 0.367493 0.00259086 0.0109258 0.00019342 0.0601525 0.000526547 0.0281958 0.0149405 0.0102035 0.0031206 0.000316113 0.00270904 0.00880018 0.0200325 0.0215107 1.7628e-07 
0.00424406 0.114386 0.0174552 4.13622e-08 0.000469911 0.000841085 0.646334 0.0776594 0.00209464 0.00304034 0.00331376 0.000415958 2.09464e-07 0.00191939 0.00333039 2.935e-05 0.00770526 0.00358919 0.00210649 2.71989e-07 0.0858289 0.00100254 0.0014224 0.011804 2.77511e-07 0.00355836 0.00268543 0.00111997 0.00238495 0.00125808 
0.0124703 0.0176546 0.00288938 0.000166449 0.00512389 0.071567 0.0499858 0.0979865 0.0136111 0.00824058 0.0365296 0.00124817 0.0159741 0.00399266 0.0032456 0.00236875 0.00113198 0.00143703 0.0544544 0.00895749 0.0285073 0.143469 0.0200293 0.118617 0.00537176 0.000827834 0.00826043 0.0765112 0.188113 0.00125705 
0.00588903 0.0241057 0.00516657 9.37313e-05 0.00193534 0.0723752 0.0452818 0.204626 0.0429163 0.0174838 0.0238913 0.00343929 0.00110654 0.00358239 0.00302745 0.00633433 0.000323687 0.0019717 0.0366453 0.000603649 0.0273021 0.160953 0.0193927 0.212095 0.000183827 0.0031609 0.0161703 0.0286696 0.0251127 0.00616162 
0.00802683 0.00794902 0.00752292 2.338e-11 0.00543615 0.0087494 0.0441545 0.0034857 0.00287846 4.53347e-07 0.00112054 8.29768e-11 1.78539e-06 0.000157917 0.00193284 1.44258e-10 6.72943e-07 5.48957e-11 0.137561 2.94141e-07 0.164937 2.13485e-08 0.0102895 0.00171535 6.42106e-11 0.000571878 0.0630863 0.0173239 0.513097 1.52848e-08 
7.34472e-08 3.3844e-07 3.30774e-07 3.57037e-12 8.88821e-07 0.00167722 2.81918e-07 0.0722125 1.34017e-06 2.62279e-07 1.25896e-07 1.26714e-11 4.14609e-08 1.2763e-11 0.00272718 2.20296e-11 4.83471e-08 7.29414e-08 0.0184181 2.32004e-11 0.799637 5.32476e-12 3.31622e-07 0.00302609 4.4135e-08 5.07956e-07 0.0259761 0.00480051 0.0715206 1.6821e-11 
0.000167884 7.20435e-06 0.00204143 4.32351e-08 7.7088e-05 0.00370649 0.000152165 0.0296207 0.0987164 0.0150178 0.39894 1.44355e-06 0.0698976 1.54553e-07 0.0232971 2.84949e-06 0.0345936 0.00383043 6.83286e-06 4.07228e-05 0.153604 0.118206 0.00105038 0.00821407 1.44985e-06 5.04332e-06 0.00921767 0.0165619 0.0128515 0.000170189 
1.85825e-07 0.00103354 0.00104693 1.32896e-13 0.0124639 1.29205e-05 0.00299716 0.00328973 2.46095e-13 4.29735e-08 0.000646176 2.54617e-06 1.25101e-08 8.93736e-05 0.0016569 8.19982e-13 4.67047e-10 2.77742e-09 0.172386 8.63563e-13 0.199948 8.10649e-09 6.74039e-09 0.011934 3.08694e-06 7.46677e-09 0.000949347 0.572614 0.0189256 1.0024e-09 
5.16208e-07 2.44838e-07 2.51469e-07 1.47518e-09 1.6208e-05 0.00315745 9.74972e-07 0.00329199 0.00551552 2.49098e-07 0.0163685 4.16336e-09 0.967909 1.46738e-07 4.95751e-07 7.23812e-09 2.64015e-05 2.69233e-07 5.6017e-07 7.62282e-09 3.83978e-05 6.67205e-07 5.30853e-05 5.34599e-05 5.35028e-07 0.000111686 0.00025745 0.00305744 0.000138539 5.52676e-09 
0.000197762 0.000128059 0.000745994 6.32516e-07 0.000351346 0.842279 0.00242579 0.00249701 0.00808973 8.26084e-05 0.0109665 1.71176e-05 0.0158319 1.44194e-05 0.00100161 0.0504905 0.000131123 0.000702254 0.00201905 0.000280544 0.00340236 0.000384838 0.000963064 0.00537776 2.46003e-05 0.00115714 0.00793862 0.0283629 0.0141342 1.90129e-06 
0.00029918 0.000898025 3.51e-08 7.57396e-14 0.00530686 0.00325028 0.00735489 0.00113167 2.04784e-09 5.9703e-08 0.0210147 0.000110532 0.00581591 1.61808e-05 0.00154716 4.67322e-13 2.28207e-10 0.000223875 0.00890199 8.37163e-10 1.6986e-08 1.00532e-08 0.000238079 0.0186435 1.10266e-09 6.24605e-09 0.00456857 0.897814 0.0228644 3.5683e-13 
0.00898864 0.0282303 0.00188904 1.63622e-05 0.00319838 0.012168 0.0404574 0.0171434 0.00208869 0.00155675 0.00657242 5.21454e-05 0.00771376 0.00105102 0.00446215 0.00202961 0.0010253 0.000943989 0.0200575 0.0069693 0.00556235 0.71935 0.00488995 0.0542891 0.00803916 0.000708696 0.0109564 0.0239758 0.00559022 2.39133e-05 
1.80397e-05 0.00197743 0.000109344 1.42978e-07 0.014869 0.0103243 0.020581 0.0192402 0.000146519 0.0386079 0.201091 0.000246219 0.0897928 6.82524e-05 0.000202124 9.2568e-07 0.000348734 0.000218033 0.00721754 0.00542003 0.00332503 0.431666 0.00611059 0.066325 0.00204117 0.000133234 0.0388181 0.0151336 0.0259666 5.45786e-07 
9.81995e-08 7.07163e-07 3.85835e-07 3.68681e-11 0.0140589 0.0378051 0.0067486 0.419262 0.0553553 3.23918e-06 0.0171012 0.00274921 0.0354037 1.31793e-10 0.0066361 2.2748e-10 7.41186e-08 8.65651e-11 2.04123e-07 8.38735e-07 0.0423205 0.00684405 0.00995047 0.0136206 1.17464e-06 7.0216e-11 0.00483063 1.1939e-06 0.327306 1.73695e-10 
0.00208823 0.015995 0.0111666 2.24071e-05 0.0239883 0.0501777 0.0537756 0.342738 0.00640502 0.00369778 0.0216749 0.00057758 0.00463814 0.0106601 0.0451375 9.08957e-05 0.0224655 0.0179627 0.0147393 0.000590155 0.0313791 0.0177289 0.0304355 0.0469697 5.30608e-05 0.0013551 0.0436409 0.03979 0.140013 4.36951e-05 
