0.0189729 0.0103452 0.0164339 5.73707e-06 0.000655532 0.0302802 0.0557842 0.00247788 1.29567e-05 0.00112663 6.63107e-05 0.010746 0.00225132 7.23875e-06 0.00563349 0.597339 8.10578e-06 1.36615e-05 0.0119986 9.4339e-07 0.164123 0.00107098 0.00355272 0.00397087 0.00159143 0.00136325 0.000522283 0.0580625 0.00158362 3.67041e-09 
0.00560871 0.0120227 0.00133104 6.5884e-06 0.0183065 0.0111443 0.0623128 0.290215 0.000113935 0.0877165 0.00488499 0.000131823 0.00258342 2.02576e-05 0.076772 6.78736e-09 0.00896877 0.00363184 0.0305163 0.00108484 0.00923245 0.0777789 0.00236069 0.196359 1.43131e-05 3.39701e-05 0.00430114 0.0750271 0.0175103 1.04513e-05 
0.0428994 4.78369e-05 0.0134336 5.03163e-08 3.63095e-05 9.15129e-05 0.0150193 0.820017 0.0159808 0.0692413 0.000100504 1.78575e-07 1.54975e-05 5.51485e-05 0.000380883 3.10458e-07 1.74343e-05 0.000206762 0.000587441 3.26958e-07 0.0025587 1.47725e-06 0.00182778 0.0167985 0.000115337 4.24939e-05 7.14707e-05 0.000186053 3.14909e-05 0.000234827 
0.183851 0.010929 0.00799969 0.000187451 0.0584432 0.0121197 0.161984 0.0596815 0.00401844 0.00833606 0.169749 0.000455109 0.00741112 0.000560765 0.00912964 0.000421325 0.00151159 0.00481481 0.0208856 0.00391781 0.0318212 0.0485815 0.00893463 0.0347115 0.00106578 0.100876 0.0111314 0.018068 0.0183668 3.66745e-05 
0.000234646 0.000256742 0.000177319 3.34687e-06 0.0029765 0.0399132 0.0391055 0.00349209 0.000356454 0.000183162 0.00535817 5.90292e-06 0.770414 0.00011409 0.049586 5.72655e-09 0.020239 0.000363534 0.00534435 0.00893026 0.00580551 0.00368978 9.35523e-05 0.0098374 1.30206e-05 0.00104092 0.000606807 0.0148625 0.016996 4.37258e-09 
0.00525502 0.00175377 0.000828987 2.92056e-05 0.00731388 0.0146391 0.0240644 0.00923779 0.00183965 0.00602902 0.0201468 0.000790283 0.620508 0.00076614 0.0050563 0.000348227 8.89097e-06 0.00261019 0.0269426 0.00609071 0.039003 0.00701307 0.0175061 0.00533025 0.00022616 0.000686698 0.0475739 0.105237 0.023162 2.90403e-06 
6.3517e-08 0.00217459 8.45278e-05 9.54113e-08 6.52429e-06 0.000938545 0.000871306 0.0338482 1.4304e-05 0.00248996 7.57714e-08 3.38619e-07 0.000145228 0.000137933 1.54742e-05 0.000266206 4.71628e-06 6.89309e-05 8.57516e-07 6.29597e-05 0.00200124 0.891608 0.0313239 0.0011282 4.53008e-05 1.81713e-07 0.00015127 0.00496722 0.0271796 0.00046413 
0.0252006 0.00680651 0.00202583 0.000194093 0.0658554 0.0199081 0.0389643 0.0902521 0.0114807 0.00604588 0.0253599 0.00901122 0.0132054 0.000655032 0.00674828 2.97552e-05 8.57376e-05 0.00238865 0.0876539 0.00031392 0.159237 0.0078428 0.00170338 0.106196 0.000927951 0.00910985 0.0216342 0.222888 0.058033 0.000241664 
0.00012387 2.42667e-05 7.39269e-07 2.10676e-08 0.0028667 0.139154 0.00260604 0.217882 0.00399814 2.033e-06 5.57294e-05 3.31007e-07 3.20325e-05 0.00719469 0.00037836 9.45452e-11 0.000946072 3.38798e-05 0.0412131 9.95702e-11 0.0207135 9.50215e-08 0.0336119 0.0157918 1.57944e-06 0.00321494 0.147599 0.123741 0.238815 2.16169e-08 
0.0189729 0.0103452 0.0164339 5.73707e-06 0.000655532 0.0302802 0.0557842 0.00247788 1.29567e-05 0.00112663 6.63107e-05 0.010746 0.00225132 7.23875e-06 0.00563349 0.597339 8.10578e-06 1.36615e-05 0.0119986 9.4339e-07 0.164123 0.00107098 0.00355272 0.00397087 0.00159143 0.00136325 0.000522283 0.0580625 0.00158362 3.67041e-09 
4.08011e-07 0.0164961 0.0445203 9.70108e-09 0.00119002 0.00854519 0.0786977 0.0122167 1.42239e-07 3.86099e-07 0.00250954 0.000105698 0.00184391 1.73811e-07 0.795047 1.85965e-10 5.11781e-06 1.11117e-06 1.3827e-07 8.20998e-07 0.0227085 0.000110281 0.00330713 0.00184645 1.49295e-05 2.45637e-07 1.66521e-07 0.00466767 0.00616452 1.41996e-10 
0.0212959 0.015325 0.0158187 5.68356e-06 0.00618172 0.037823 0.100391 0.0629573 9.7706e-05 0.0436894 0.0131158 0.0239312 0.00606408 2.57281e-05 0.0347894 6.02607e-11 1.06369e-05 0.000848402 0.00981437 0.000117498 0.0274986 0.015572 0.019386 0.0269411 4.35916e-05 0.0038191 0.0069729 0.427697 0.0797533 1.36243e-05 
0.00437516 0.0466785 0.0121413 5.57633e-07 0.0111082 0.0100208 0.175583 0.246274 0.000885935 0.0192106 0.00706167 0.00144581 0.00233597 0.000259857 0.0179957 1.16295e-10 5.60992e-05 0.000149406 0.00890732 2.93505e-06 0.0817292 0.00390283 0.0293179 0.0351708 0.0124081 0.000233666 0.00901792 0.224949 0.0387303 4.71868e-05 
0.0113807 0.00423474 0.0015131 0.000798042 0.0474102 0.0508845 0.0476518 0.0102196 0.0168283 0.0369333 0.0495332 0.000831154 0.018018 0.000267853 0.0255206 0.0186901 0.00341788 0.00240679 0.00854869 0.00895776 0.0821875 0.00221506 0.0307598 0.316394 0.0314907 0.0204162 0.00693563 0.0736947 0.0718546 5.45303e-06 
0.0188645 0.0369794 0.00465817 2.19246e-05 0.0149917 0.0344277 0.233241 0.21434 0.00857011 0.0015867 0.00321526 0.000509926 0.0229332 0.000294037 0.0472365 0.029218 0.000130085 0.00267302 0.000595725 8.6859e-05 0.0135035 0.0357243 0.0370142 0.0257117 6.50442e-05 3.28199e-05 0.0916935 0.0706792 0.0510026 3.74932e-10 
0.0159697 0.0139063 0.00294246 0.000126574 0.0320874 0.231554 0.0959794 0.0826343 0.0215332 0.00544252 0.0192835 0.00160069 0.00953926 0.00524774 0.0117745 9.02917e-06 0.0002461 0.00563427 0.0997147 0.00016714 0.11031 0.00472159 0.0153695 0.0312964 0.00216244 0.00633012 0.0212608 0.0948031 0.0583419 1.21052e-05 
0.00128645 0.0002463 0.000356851 4.22873e-06 0.000119746 0.00363716 0.0694918 0.0404393 9.47951e-05 0.00231229 0.000210642 0.000558981 0.00597725 1.01659e-06 0.0408744 0.00216996 4.50258e-06 0.00103753 0.000194352 0.000171815 0.00040634 0.776882 0.000731134 0.0470146 7.47117e-05 4.96333e-05 3.90646e-05 0.00289896 0.00258768 0.000126203 
9.13135e-06 0.0041674 2.8407e-05 7.14991e-06 0.00045887 2.99458e-06 0.013423 0.000184673 0.00611858 2.35648e-05 4.03063e-05 0.00200893 2.70268e-05 0.000213573 0.000369386 7.50401e-06 8.51504e-06 0.000176104 0.000286409 7.90284e-06 0.00182727 0.0755366 3.13493e-05 0.890538 2.00732e-05 2.31625e-06 0.000357992 0.00408708 1.08699e-05 1.951e-05 
0.000773508 0.00954678 0.00197067 0.000129666 0.00528093 0.0497329 0.0438628 0.103501 0.000686045 0.00838878 0.0484178 0.000583339 0.00256867 0.00028954 0.0302868 2.65757e-08 0.00757368 0.298196 0.00549908 0.00465253 0.0668002 0.153722 0.00159658 0.0756152 0.000372218 0.00316944 0.00170841 0.0384607 0.0366064 8.74644e-06 
0.0123969 0.0139043 0.000969884 2.91176e-05 0.0280305 0.00570309 0.0197076 0.158095 0.0201163 0.00261801 0.00147779 0.00198397 0.00169688 0.000211397 0.00140989 2.951e-09 4.75822e-05 0.000198289 0.0938737 7.54462e-05 0.483749 0.00206349 0.00561325 0.0367795 5.12711e-05 0.0146822 0.0173744 0.0534156 0.0237246 8.84311e-07 
0.000444296 7.24082e-05 0.000157224 4.14477e-07 0.0780274 0.00209004 0.000282051 0.000582475 0.594181 9.42047e-06 0.000311851 5.76173e-07 0.0266691 4.83068e-05 0.000569389 2.77284e-08 7.90401e-06 4.21155e-05 0.00228732 0.00195368 0.000908093 0.0432843 0.00456998 0.234245 3.97492e-06 4.33577e-05 0.00261255 0.0026889 0.00390065 6.13382e-06 
0.00191561 0.0132753 0.00842721 6.58544e-05 0.00305131 0.0536673 0.0904306 0.324543 0.00542678 0.00713225 0.184427 0.000108037 0.0102724 9.36696e-05 0.0318902 4.09744e-06 0.000185885 0.0194152 0.0182807 0.000175718 0.047234 0.027712 0.00505452 0.057718 0.000581084 0.00490393 0.00564695 0.0595146 0.0188152 3.07935e-05 
0.0103481 0.0107821 0.00188777 1.71161e-05 0.0199752 0.0184137 0.0379339 0.0199608 0.071191 0.00462361 0.0173704 0.000607684 0.00180077 0.00171217 0.00250402 1.58076e-08 0.0159306 0.000825024 0.164114 2.61151e-05 0.267589 0.00123675 0.0276681 0.023414 0.00396775 0.0132818 0.0650696 0.0724884 0.125258 2.48538e-06 
0.00567041 0.0577181 0.0144142 3.12649e-05 0.0474408 0.0211633 0.0289395 0.0946696 0.04431 0.00780052 0.0710745 0.000489338 0.00567718 0.0114973 0.00537 2.37313e-07 0.00576913 0.00131714 0.0237746 0.00436954 0.0714061 0.00416119 0.00908729 0.214533 0.0110904 0.0112903 0.115086 0.0808252 0.0310187 5.97149e-06 
0.00870039 0.0010454 0.00215994 4.35972e-05 0.012233 0.044933 0.0115671 0.0491804 0.000940475 0.00393712 0.0227171 0.000102458 0.0235712 0.0390898 0.000843386 4.99605e-05 0.000147611 0.00298642 0.00812252 0.00949016 0.00647122 0.0367045 0.000305381 0.0237532 0.000544572 0.00136334 0.376919 0.290845 0.0212116 2.0451e-05 
0.0363805 0.000343106 0.000162943 3.74924e-06 0.000833177 0.0232187 0.00197315 0.0735985 0.00212279 0.000135328 0.0301807 0.000427827 0.132769 0.00010605 0.00682159 2.98944e-06 2.78317e-05 0.000705507 0.000667196 0.000187657 0.0071624 0.00408176 0.016024 0.00703726 1.80295e-05 0.000274262 0.0874503 0.0797122 0.487571 1.0477e-08 
0.0202925 0.0128633 0.00218702 1.41291e-05 0.00182097 0.0338712 0.0384873 0.0661602 0.0204768 0.0165624 0.0124101 0.000687749 0.00141318 0.00251021 0.008979 4.04424e-11 9.20681e-05 0.00252779 0.229958 0.00148496 0.0208806 0.029031 0.000109849 0.0313897 0.00142591 0.000929016 0.0026332 0.265978 0.174823 8.11209e-07 
0.0169235 0.0346173 0.093821 1.23117e-06 0.00123156 0.000138962 0.0280077 0.0672593 0.000382613 0.155939 4.72722e-05 9.23707e-05 1.35451e-05 2.65452e-06 0.000120986 1.49709e-06 0.0834074 2.69726e-06 0.00182529 8.12057e-06 0.00560689 0.00272384 0.00148903 0.000598094 1.54412e-06 0.503265 0.000454976 0.00161867 0.000395034 2.70005e-06 
0.0312385 0.067104 0.00143618 5.02956e-05 0.038818 0.0118992 0.0163863 0.045981 0.261116 0.00115502 0.0229432 8.69091e-05 0.00523712 0.00864695 0.000707745 1.94984e-07 0.000215044 0.00042622 0.0339876 7.35227e-05 0.0394848 0.00219582 0.0202659 0.0304892 0.00012857 0.0451022 0.101286 0.1843 0.0292297 8.55903e-06 
0.00892169 0.0338392 0.202541 2.39472e-05 3.70258e-07 0.00314274 0.0944335 0.0678189 0.000116187 0.0682493 0.0136238 0.00844858 3.23233e-05 4.48476e-08 0.00148788 0.0288809 0.000602898 0.000286714 0.051116 0.0760088 0.00322879 0.0801001 0.00074624 0.0739021 0.00115875 0.15503 0.000133021 0.0253908 0.00039667 0.00033923 
0.000110648 0.00271331 0.000445568 2.86716e-10 0.0365452 0.00135806 0.0532369 0.00564033 7.66645e-07 0.0256704 0.000220945 0.000106525 0.0161506 1.64652e-05 0.786087 1.76907e-09 1.49426e-06 0.00779819 0.00110558 0.000825898 0.000613806 0.0370299 0.00203158 0.00133085 1.80082e-05 0.000409137 2.34669e-05 0.0142461 0.00626299 5.13446e-07 
1.41624e-05 0.0227385 0.0040129 1.04204e-06 0.0150987 0.0161891 0.0743276 0.00918523 0.00267162 8.97354e-05 0.000181137 2.59582e-05 0.000754744 1.11923e-08 0.123612 1.93184e-08 3.36741e-05 1.72046e-05 0.00427089 6.6071e-05 0.124934 0.000454922 0.0588249 0.0510074 0.00302021 7.01314e-06 0.0112769 0.0168768 0.460303 4.13307e-06 
5.7529e-08 0.0183083 1.00458e-05 4.19601e-09 0.00390453 0.172793 0.0569149 0.0230919 1.78842e-05 7.82668e-07 9.93201e-06 1.48918e-08 5.75379e-05 4.54075e-06 0.0213462 2.58898e-08 2.10362e-08 9.85209e-09 0.00217322 2.27339e-05 0.0018801 0.0902323 0.609175 3.10701e-06 1.17465e-05 7.99138e-09 2.40169e-06 3.04005e-05 8.52005e-06 1.97685e-08 
0.0189729 0.0103452 0.0164339 5.73707e-06 0.000655532 0.0302802 0.0557842 0.00247788 1.29567e-05 0.00112663 6.63107e-05 0.010746 0.00225132 7.23875e-06 0.00563349 0.597339 8.10578e-06 1.36615e-05 0.0119986 9.4339e-07 0.164123 0.00107098 0.00355272 0.00397087 0.00159143 0.00136325 0.000522283 0.0580625 0.00158362 3.67041e-09 
0.000467578 0.00173409 0.0129117 4.8822e-07 0.014276 0.000125418 0.0081089 0.0790338 0.001156 5.35792e-06 0.000210394 0.00282662 0.0122307 2.18384e-08 0.535136 1.84837e-06 1.52331e-07 2.66176e-05 0.000287496 0.000231386 0.00928034 0.0231695 1.43724e-05 0.257883 0.00503181 1.24728e-05 0.00019954 0.0232395 0.0123897 8.41616e-06 
0.0105988 0.196612 0.00327194 1.32722e-05 0.00286819 0.0029113 0.126929 0.238157 0.00308878 0.00678681 0.013647 0.00971296 0.0057308 0.0018048 0.00941065 0.0378043 0.00242416 0.000458462 0.00517866 2.36949e-05 0.0160714 0.047771 0.0473517 0.0134099 2.35264e-05 0.00081901 0.0704842 0.0532822 0.0733542 3.76506e-07 
0.00146758 0.110895 0.00542168 6.57259e-05 0.0342414 0.00607121 0.0763931 0.119037 0.00557455 0.0016821 0.00254236 0.00466659 0.00315727 0.000329586 0.0337141 3.07778e-06 0.000275656 0.000324066 0.0023366 0.000463916 0.0718315 0.00921481 0.0147817 0.247303 0.000493518 0.000628562 0.0432485 0.158884 0.0449295 2.31022e-05 
0.0104551 0.0327434 0.00650407 9.6e-06 0.0611501 0.0188439 0.131352 0.066832 0.0352682 0.00762457 0.00758189 0.000501587 0.00572066 0.00089234 0.00354125 1.11701e-07 0.000237666 0.000578696 0.0698017 0.00468581 0.158713 0.00843176 0.00717935 0.060142 0.000100352 0.0100423 0.0272456 0.206725 0.0570956 8.18908e-07 
0.00579138 0.0179491 0.00577113 8.35165e-05 0.0103893 0.0225188 0.039111 0.257899 0.00342663 0.00529372 0.0306248 0.000119548 0.0242154 0.00160449 0.0131599 1.20335e-06 0.000158293 0.00165134 0.0191632 0.000242188 0.0320939 0.013337 0.00589495 0.0571436 0.000211542 0.000646302 0.0193806 0.233107 0.178991 2.11032e-05 
0.000158818 0.0161488 0.00670911 4.62147e-05 0.0235324 0.0999086 0.0510306 0.222521 0.000597721 0.000636345 0.0103104 0.00116254 0.0448919 0.000658819 0.100337 1.76407e-06 0.000419455 0.0758321 0.00290543 0.0677708 0.031604 0.0240425 0.0241336 0.0301873 0.00278349 0.00782826 0.00706035 0.107371 0.039409 4.04176e-07 
0.0218401 0.0264102 0.0471911 9.9519e-06 0.0225965 0.0174798 0.0618384 0.552755 0.000851705 0.00784586 0.0207691 0.00227839 0.0147438 1.77934e-05 0.0459218 0.000526715 1.35945e-05 0.00510813 0.0275441 0.000351253 0.0143435 0.0769253 0.00337641 0.00271984 0.000124101 7.81376e-05 0.000803593 0.0114889 0.0140131 3.41741e-05 
2.11936e-07 3.39101e-06 3.2999e-06 7.76291e-11 8.82025e-11 5.14171e-06 5.87899e-07 0.337806 5.66386e-05 1.8945e-10 0.194785 2.75509e-10 0.138273 2.77502e-10 2.83491e-07 4.7898e-10 3.89186e-10 1.82271e-10 7.40906e-11 5.04438e-10 0.00927429 2.20087e-07 5.2971e-06 0.00179484 1.04489e-06 1.41947e-06 0.0565976 0.261376 1.55927e-05 3.65732e-10 
0.0189729 0.0103452 0.0164339 5.73707e-06 0.000655532 0.0302802 0.0557842 0.00247788 1.29567e-05 0.00112663 6.63107e-05 0.010746 0.00225132 7.23875e-06 0.00563349 0.597339 8.10578e-06 1.36615e-05 0.0119986 9.4339e-07 0.164123 0.00107098 0.00355272 0.00397087 0.00159143 0.00136325 0.000522283 0.0580625 0.00158362 3.67041e-09 
5.23115e-07 0.000421401 1.04539e-06 7.48837e-09 0.000126662 0.0470844 0.00086242 0.00254867 4.92618e-05 0.000503215 0.0168538 1.62381e-05 0.259634 0.000569071 0.00379484 7.32627e-05 0.535585 4.02502e-07 0.000858989 0.00124216 0.00770033 0.000678235 0.000756566 0.00438601 0.00075497 0.000310566 0.00938038 0.0152819 0.090526 7.36518e-08 
0.0036317 0.0452 0.014374 2.42291e-05 0.00829533 0.0342842 0.336814 0.0647663 0.00502451 0.0370891 0.00581671 1.16872e-06 0.0389731 0.000358168 0.103931 1.13719e-06 0.000635529 0.0478228 0.0112702 0.00691307 0.0963807 0.0538739 0.00427061 0.00766577 7.74323e-05 0.000181869 0.0198311 0.0253809 0.0267696 0.000342057 
8.05208e-06 0.000433097 0.00475923 2.39471e-11 0.0301307 0.000532615 0.016137 0.00802094 0.00696296 9.28016e-05 0.00526172 1.18835e-08 0.000488641 0.000321884 0.0140553 4.72929e-10 7.74328e-08 1.01722e-05 0.248574 9.94604e-06 0.104052 1.03975e-05 0.00577451 0.00440905 3.37006e-07 5.09333e-08 0.00316611 0.0608306 0.485957 8.30637e-09 
0.0322589 0.112567 0.409751 0.000108851 0.0263522 0.0100571 0.121409 0.0415983 0.00078301 0.0242715 0.00959602 0.0516718 0.00121433 0.000192308 0.00505357 5.84663e-06 0.000378438 0.0023674 0.0256911 5.30276e-05 0.0626948 0.00860816 0.00145203 0.00991026 0.000276459 0.00107318 0.00397859 0.0146199 0.0100601 0.0119457 
0.0467934 0.00339742 0.0111545 6.86926e-11 0.0678258 3.49506e-07 0.226002 0.0281064 1.27204e-10 1.57773e-06 0.0654964 2.43793e-10 0.150631 2.32831e-07 0.0171593 4.23841e-10 3.44383e-10 0.00924702 6.55614e-11 9.90073e-07 0.000521605 3.99923e-07 2.42731e-06 0.0161491 1.35857e-06 0.00991952 0.0145724 0.318593 0.0144241 3.23629e-10 
0.018684 3.65412e-06 9.97901e-07 5.53708e-11 0.00554658 0.00182811 0.115458 0.30702 6.73471e-05 0.0268852 0.000263311 7.42838e-07 1.12903e-06 4.39476e-06 0.0145392 1.35785e-05 4.47145e-06 0.00105099 0.00771581 0.000652189 4.00799e-06 0.0978526 0.0146006 0.347003 2.36183e-07 3.63051e-07 1.0253e-07 0.0369684 0.00367986 0.000151241 
0.808891 0.0088072 0.00463216 1.02711e-05 0.00749999 0.0035215 0.0622931 0.00613621 0.000401698 0.00912465 0.00105648 0.000395622 0.00235707 0.00025086 0.0016557 1.25116e-07 5.39685e-05 0.00052946 0.0361358 5.93885e-05 0.0135964 0.00105594 0.00187769 0.00311624 0.00155518 0.000868307 0.00675761 0.014582 0.00277811 5.43833e-07 
0.00194234 0.0226021 0.00253863 2.90477e-05 0.00683728 0.0887413 0.0207225 0.128223 0.0130543 0.00459115 0.122578 8.07911e-05 0.0217193 0.000917575 0.00245209 0.0019456 0.000587604 0.00309829 0.0350508 8.56829e-05 0.0170961 0.00424519 0.00784331 0.0172246 0.000578032 0.00103554 0.0213213 0.236769 0.215713 0.000376419 
0.0157889 0.000121449 3.72024e-06 2.61996e-07 0.011975 0.00884883 0.0157715 0.00914874 0.000231348 3.07715e-11 0.00238901 0.000300269 0.07232 0.000327169 0.00587504 2.13764e-06 3.51003e-05 0.000874695 0.00285587 1.07069e-05 0.00476213 1.43481e-05 0.00575896 0.000779984 2.3896e-05 0.000377153 0.096402 0.0389333 0.706068 8.34271e-10 
0.000176322 0.0117161 0.00420434 5.9875e-11 0.0160573 0.0639928 0.157848 0.102876 0.00456213 0.0274527 0.0172275 0.0011849 0.000485461 1.84908e-06 0.00347555 3.69436e-10 1.71403e-06 0.00351812 0.241645 2.36637e-07 0.0814849 0.0586648 0.0822788 0.0183653 2.84957e-06 0.00158695 0.0166041 0.0251019 0.0594826 2.36775e-06 
0.0613839 0.0463168 0.00455746 2.17813e-06 0.0106192 0.030596 0.350837 0.0587565 0.00401114 0.0285019 0.00660375 1.6343e-05 0.00947551 0.0287863 0.00671168 4.85379e-07 2.88372e-05 0.00424875 0.0233927 0.00015967 0.0303684 0.00251289 0.00108137 0.0287855 0.00056514 0.00124028 0.0258605 0.143137 0.0914139 2.85397e-05 
0.0601519 0.271855 0.00135641 3.23003e-07 0.0107425 0.00716777 0.0020295 0.0995987 0.0197198 1.26338e-06 0.0192505 0.000131293 0.00963046 0.00467914 0.000924859 2.15906e-09 0.000212937 0.000241517 0.107691 3.54814e-06 0.0154905 4.75551e-05 0.00530689 0.0174478 4.35659e-05 7.73408e-05 0.186515 0.105075 0.0546055 2.55581e-06 
0.0788836 0.270329 0.0950116 5.76896e-05 0.00635557 0.0128352 0.345072 0.0176936 0.00352959 0.0123497 0.00542924 0.0173252 0.00357215 0.00029998 0.0125305 0.00116892 0.0033727 0.00872696 0.00757129 0.000209867 0.0275357 0.00220109 0.00362462 0.0122415 0.000556752 0.00825496 0.00382478 0.0246968 0.0147308 8.12283e-06 
0.00634175 0.00357001 0.000628712 3.92763e-06 0.192437 0.020761 0.0163932 0.0109067 0.0309512 0.0018842 0.074416 0.000604227 0.0224419 0.00312233 0.00457286 1.05703e-07 0.000459921 0.000257284 0.0172625 2.22708e-05 0.0126677 0.000323375 0.000924523 0.0702495 0.000375165 0.0016626 0.216176 0.260454 0.0301225 7.77856e-06 
0.00194126 0.00180229 0.00118585 5.07853e-06 0.00590536 0.109679 0.00869895 0.00488497 0.00659724 6.48522e-05 0.0421349 2.95486e-05 0.00572218 3.08309e-05 0.504983 4.70539e-06 0.00228028 0.00103351 0.0129492 0.00235469 0.0710827 0.00354406 0.0198482 0.0365663 9.22265e-06 0.00459586 0.0164543 0.0530687 0.0825422 1.68007e-07 
0.00513851 0.00247504 0.00165452 6.15661e-05 0.0248284 0.0160542 0.00807431 0.0587204 0.0348804 0.000196984 0.00295458 0.00127366 0.000674359 2.17229e-05 0.000464218 0.00026467 3.0486e-05 0.000608895 0.0546547 0.000199523 0.334506 0.00723463 0.0307762 0.0969827 9.19311e-05 0.0264215 0.0496783 0.172515 0.0526019 0.0159607 
0.394142 0.0100809 0.123325 3.738e-05 0.00320717 0.0157723 0.20598 0.0150306 0.000165843 0.0113553 0.00191968 0.000888625 0.00534618 0.000720148 0.00276463 9.5228e-06 0.00111792 0.000489941 0.0652083 0.000490591 0.0337077 0.00239758 0.000997763 0.00806479 0.00281467 0.000332686 0.00271485 0.078955 0.0119624 1.00337e-06 
0.0183816 0.00230085 0.00812314 4.00788e-05 0.0024206 0.034653 0.133763 0.0277961 8.8974e-05 0.00401321 0.00430397 0.000124047 0.00798785 0.00224626 0.0452488 9.97795e-08 0.000210196 0.0405985 0.000124844 0.146733 4.20307e-05 0.377262 0.00124794 0.0102417 0.0394026 0.000150174 0.0221803 0.0594041 0.0109041 6.90722e-06 
2.00147e-09 0.000857365 6.55357e-09 3.00649e-09 0.00135629 0.0253143 0.000702818 0.0102655 3.79317e-05 4.31159e-05 0.000566081 1.06702e-08 0.00743635 0.000138161 0.0649314 1.85504e-08 1.50727e-08 7.05914e-09 2.84698e-07 1.95363e-08 0.0926726 3.56128e-06 0.0417501 0.00272611 8.92896e-06 5.72592e-09 2.61173e-09 0.0564002 0.694789 1.41644e-08 
8.59596e-11 7.04422e-08 2.81464e-10 1.29123e-10 0.00365838 0.172653 5.71824e-11 0.0758246 0.015709 4.09937e-07 0.0251596 1.04624e-06 1.78484e-10 5.10548e-07 8.5157e-05 7.96705e-10 6.47346e-10 0.413856 0.046169 8.3905e-10 0.00758224 0.00230705 2.85369e-06 0.00263209 9.11801e-05 0.0156117 0.00642531 0.00535271 0.206878 6.08335e-10 
0.0870823 0.175739 0.0099601 3.48058e-05 0.0166613 0.0238787 0.196529 0.0440156 0.000776179 0.0400503 0.0173531 0.000401112 0.00751588 0.000437492 0.113873 8.82606e-05 0.000446506 0.00539004 0.0419162 0.00764868 0.0210811 0.015565 0.00400759 0.0184407 0.00974234 0.00252432 0.00696408 0.0820956 0.0497732 7.75945e-06 
0.00278956 0.0696747 0.0107792 9.0347e-08 0.011517 0.0022473 0.0654509 0.138413 0.0224496 0.0014712 0.00670513 1.33607e-06 0.012922 1.82823e-05 0.177567 1.30259e-09 4.76991e-05 1.03562e-05 0.0521197 3.06125e-06 0.0720253 1.333e-05 0.00804853 0.000857519 9.04662e-05 0.00293865 0.0182269 0.138591 0.185022 9.9461e-10 
0.0189729 0.0103452 0.0164339 5.73707e-06 0.000655532 0.0302802 0.0557842 0.00247788 1.29567e-05 0.00112663 6.63107e-05 0.010746 0.00225132 7.23875e-06 0.00563349 0.597339 8.10578e-06 1.36615e-05 0.0119986 9.4339e-07 0.164123 0.00107098 0.00355272 0.00397087 0.00159143 0.00136325 0.000522283 0.0580625 0.00158362 3.67041e-09 
0.000285435 0.0074901 0.000544576 6.10321e-05 0.0215003 0.0666598 0.0148899 0.246162 0.0042623 0.00337754 0.010411 0.000154092 0.0119128 0.000101981 0.0084933 9.57238e-06 0.00016432 0.000458703 0.0277024 8.6459e-05 0.361601 0.00321423 0.0137133 0.0278482 0.000210892 0.00192616 0.00660828 0.0681911 0.0919596 2.274e-07 
0.0082181 0.060253 0.0502365 6.73872e-05 0.00687008 0.0432503 0.425564 0.0413532 0.016818 0.0970614 0.00897535 0.00398597 0.00650819 0.00051855 0.0224754 0.000400521 0.000287229 0.00583664 0.00790738 0.00368295 0.0236202 0.0100689 0.015018 0.016794 0.00541552 0.00726192 0.019155 0.0355146 0.056876 5.73602e-06 
0.0213793 0.0108008 0.00025523 2.18264e-05 0.0306956 0.026301 0.0327777 0.0526823 0.000460005 0.00849516 0.063943 0.000374051 0.044888 0.00378831 0.00348082 2.71984e-07 2.48031e-05 0.00405708 0.0241833 0.000840259 0.0285501 0.00939387 0.00190659 0.0224001 0.00261455 0.00228612 0.0278147 0.510616 0.0649471 2.22211e-05 
0.0220236 0.0204504 0.053709 5.67572e-09 0.00842867 0.0979045 0.0308191 0.0170779 0.0297993 0.00676979 0.0283205 1.44694e-08 0.0137044 0.00107818 0.00254774 4.34783e-08 3.07535e-05 0.000850687 0.0317249 9.83283e-05 0.00273075 0.000363881 0.153661 0.0696264 1.00713e-11 0.00593622 0.0789695 0.268732 0.0546407 1.68678e-06 
0.0189729 0.0103452 0.0164339 5.73707e-06 0.000655532 0.0302802 0.0557842 0.00247788 1.29567e-05 0.00112663 6.63107e-05 0.010746 0.00225132 7.23875e-06 0.00563349 0.597339 8.10578e-06 1.36615e-05 0.0119986 9.4339e-07 0.164123 0.00107098 0.00355272 0.00397087 0.00159143 0.00136325 0.000522283 0.0580625 0.00158362 3.67041e-09 
0.242144 0.139623 0.221574 2.61318e-06 0.00250075 0.00658355 0.229845 0.00514139 0.000205761 0.0191195 0.000208285 0.0651904 0.000566699 0.000148766 0.00391336 0.000543077 2.3258e-05 3.42824e-05 0.0029849 2.42164e-05 0.00558422 0.000345281 0.0234424 0.00271596 6.07417e-05 1.08867e-05 0.00208347 0.0212535 0.00412626 1.88545e-08 
2.29253e-07 3.5854e-07 4.29028e-07 1.26327e-12 0.0394629 0.00337057 0.00150595 0.00415929 2.10562e-08 4.4703e-07 0.000438467 2.12966e-07 1.76366e-10 4.51583e-12 9.47414e-08 7.79453e-12 6.33328e-12 0.000606846 6.32868e-07 8.2088e-12 0.80517 1.04565e-07 5.40372e-08 4.14495e-07 3.46943e-12 1.2102e-07 1.0974e-12 0.0927864 0.0524964 8.93338e-09 
0.00990098 0.147782 0.134963 3.94464e-05 0.0214224 0.00288064 0.191687 0.0270593 0.00510651 0.00591666 0.00280041 0.232142 0.00786519 0.000809812 0.0965286 3.24743e-07 0.00138008 0.00154702 0.0217536 0.000444759 0.0195721 0.00483489 0.00112898 0.00585502 0.00523373 0.00063409 0.00698406 0.026349 0.0173663 1.21239e-05 
0.0169238 0.131313 0.0252922 9.43661e-08 0.00976783 0.0170572 0.301397 0.0340682 0.0459387 0.0233009 0.00182157 0.00758515 0.0184336 0.000764497 0.021732 1.37378e-10 1.11624e-10 4.93997e-05 0.0268436 0.000988495 0.104747 0.016617 0.019264 0.0188105 0.000240083 1.97447e-05 0.00721755 0.0390461 0.110761 2.62991e-07 
7.96313e-07 1.7447e-10 0.0609247 1.5737e-10 1.03708e-05 0.000315965 0.0236911 0.0419441 0.00684856 0.00866022 1.24976e-10 3.12774e-05 2.17529e-10 2.36328e-06 3.70797e-06 9.70992e-10 7.88959e-10 6.46663e-06 0.0683468 1.0226e-09 0.0323445 1.22067e-06 2.46846e-06 0.547014 4.32199e-10 0.0311885 0.0635096 0.0813437 0.0338093 7.41414e-10 
0.0132236 0.00262384 0.00177961 1.16403e-07 0.00723147 0.000693934 0.0233689 0.00281955 0.00064492 0.0019448 0.00215008 0.000126407 0.000896745 0.00669081 0.000905073 1.76936e-08 1.41004e-08 2.90674e-05 0.230372 1.27656e-05 0.0312657 0.00010436 2.45143e-05 0.0336117 0.000226809 0.000319396 0.00131037 0.588676 0.0489471 1.20944e-07 
0.00224784 0.00689763 0.0410474 6.58716e-05 0.0071373 0.00114223 0.00954736 0.0734767 0.0190233 0.00810429 0.023721 8.8884e-05 0.000199553 0.000149444 0.0024982 1.57924e-08 0.000106294 8.42361e-05 0.0130148 0.000505517 0.0190845 0.0528699 0.000591228 0.61896 0.000148019 0.00189059 0.0109808 0.0799539 0.00634549 0.00011761 
0.00271316 0.015914 0.00242815 5.4755e-06 0.0187564 0.160063 0.0125653 0.13712 0.011207 0.00217724 0.0777175 1.32105e-06 0.0168373 0.00429404 0.00881656 0.0088407 0.000242594 0.00202285 0.0196589 2.64733e-05 0.0142923 0.00257689 0.000608276 0.0353141 0.00183688 0.00248578 0.0434702 0.120388 0.277101 0.00051899 
0.00343788 0.00660102 0.0433003 3.03633e-05 0.0124718 0.155341 0.105811 0.0914015 0.000466203 0.00138937 0.00816986 0.00108541 0.00501241 0.0015206 0.00806593 3.71413e-05 0.000249604 0.000158127 0.0216856 0.00440206 0.139931 0.00218348 0.0261013 0.0103335 8.6129e-06 0.00386779 0.0134864 0.115884 0.217499 6.73431e-05 
0.0560353 0.0308394 0.000964106 1.40011e-06 0.0117757 0.074467 0.0760054 0.0682497 6.36205e-05 0.00277017 0.047756 0.00169658 0.024546 0.00116833 0.112423 2.55797e-08 0.00330756 0.00130439 0.0095257 0.00127919 0.0207499 0.0565178 0.00180247 0.0211035 0.00168285 0.000158245 0.00581233 0.254097 0.113897 1.81725e-08 
0.00835742 0.00615735 0.00061877 2.92637e-09 0.000333845 0.00501389 0.0594145 0.0116394 0.131483 0.00137933 0.0350791 4.56373e-12 0.00718366 0.000512375 0.0037993 1.18875e-08 4.80369e-05 0.00203097 0.115034 1.64798e-05 0.00562822 2.26044e-05 0.00277647 0.272338 0.000858613 0.000483911 0.0228152 0.297354 0.00962133 1.25536e-07 
0.0276035 9.5719e-07 1.06307e-05 1.16757e-09 2.88916e-05 0.032438 0.638819 0.00139703 2.17374e-05 0.0033259 2.6816e-06 4.67783e-07 1.34809e-05 3.18926e-05 0.0445065 6.09408e-08 0.00128204 8.83361e-07 1.11435e-09 0.00960359 6.24316e-07 0.00966339 2.37815e-09 9.63299e-06 0.00224398 2.22367e-09 0.228633 2.21945e-06 0.000359874 5.50075e-09 
0.000296106 0.00588888 0.000175119 1.96767e-09 0.00327924 0.0154767 0.0527919 0.482295 0.0057422 0.0456622 0.0169489 8.32386e-11 0.0052546 0.00192343 0.0073904 1.44713e-10 9.883e-07 2.61046e-07 0.00490501 7.20571e-08 0.00680425 3.2587e-07 0.00140501 0.0182427 0.000326622 4.21387e-08 0.00879326 0.0849753 0.231422 4.18169e-08 
0.00631801 0.00493588 8.74969e-05 1.08513e-06 0.000527797 0.0420613 0.000635001 0.0612821 0.171355 0.000172677 0.0137866 0.00292874 0.000978497 0.000860402 0.00217785 9.20426e-06 5.27038e-05 0.00250257 0.0141792 0.000172231 0.0905566 4.5945e-05 0.0224589 0.171167 1.81964e-05 0.00160782 0.0855055 0.0907676 0.212813 3.60477e-05 
2.46004e-05 5.56805e-06 0.00892374 1.47889e-11 1.68032e-11 7.98812e-07 0.736743 4.57521e-06 1.58866e-07 0.239733 5.54363e-07 4.24621e-06 4.66107e-07 5.28662e-11 7.47908e-06 9.12494e-11 8.9431e-05 1.42719e-06 3.21833e-07 9.60992e-11 1.92159e-06 0.000505025 3.01226e-11 1.51305e-06 0.000858577 1.5494e-07 2.27407e-07 0.0130927 4.78554e-07 6.96747e-11 
0.0151702 0.0223369 0.00334673 0.000129859 0.0260019 0.033606 0.0255253 0.0433328 0.00633885 0.00487962 0.0503615 0.000544301 0.0750809 0.00244536 0.0100841 6.6925e-07 0.00177562 0.00628577 0.0349407 0.00364637 0.0452842 0.00931878 0.0041283 0.0456065 0.00197692 0.0100224 0.0306377 0.315837 0.171305 4.98069e-05 
0.00148053 0.00303121 0.00894879 0.000136364 0.0815607 0.0298727 0.0175109 0.0307945 0.00941574 0.00289561 0.0946577 0.00292415 0.0136884 0.00377752 0.00434287 0.00201917 2.02295e-06 0.000994168 0.00840842 0.000418495 0.0317386 0.00292377 0.00125418 0.109014 0.00330036 0.00147604 0.0232369 0.445224 0.064952 3.80514e-08 
0.0112216 0.00455104 0.00820141 0.000102832 0.007823 0.00507937 0.0306103 0.00838801 0.000516144 0.00595713 0.00550856 0.0008119 0.00657552 0.000570948 0.00723544 0.000140313 3.68178e-05 0.00652253 0.00508766 0.000832866 0.0122309 0.00767346 0.00472871 0.00469554 0.822979 0.00209141 0.00823466 0.0137558 0.00782087 1.6509e-05 
0.0183224 0.00563718 0.004662 0.000221097 0.403794 0.0167973 0.0230316 0.0122797 0.0387084 0.000305804 0.0120755 0.000439266 0.020108 0.00770568 0.0490605 8.43641e-05 0.000226262 0.00344663 0.0842764 0.000859859 0.0444607 0.0115881 0.00184893 0.0655787 0.048636 0.015334 0.0220634 0.0434941 0.044935 1.89555e-05 
0.416172 0.0410823 0.0821101 4.54394e-05 0.00178597 0.00730701 0.158823 0.036181 0.00334413 0.0973021 0.0151113 0.000522629 0.00206723 0.00244772 0.0103706 2.73261e-08 7.85566e-05 0.00221736 0.014449 0.00410851 0.0107835 0.00539144 0.000674411 0.0151399 0.000910358 0.000490519 0.0159389 0.043759 0.0112161 0.000170269 
0.000278414 0.017586 0.000888675 4.18835e-07 0.00893154 0.00734082 0.0225669 0.159642 4.09319e-06 0.00221863 0.00155413 0.00128488 0.00700233 0.00157385 0.432418 8.33865e-08 0.194004 0.00343281 0.00334383 0.000407669 0.0130018 0.047791 9.2782e-05 0.0462113 0.000149065 1.63855e-05 0.000674504 0.0191956 0.00838286 4.72218e-06 
1.26393e-06 4.57487e-10 2.20386e-05 4.12649e-10 3.52114e-05 1.71484e-06 3.36264e-06 0.199784 0.00148748 1.76244e-05 1.08474e-05 1.6404e-05 5.70395e-10 0.126279 4.65638e-06 2.54609e-09 2.07084e-06 7.5583e-06 6.31726e-05 4.29294e-06 8.8523e-05 0.222687 2.85854e-06 0.000447323 5.21428e-06 7.859e-10 3.58467e-10 0.449012 8.60955e-06 7.77835e-06 
0.000552913 0.00445808 0.00186775 7.49543e-10 0.00386771 0.0350738 0.17391 0.185765 0.0102827 0.0125366 0.000403318 0.00269121 0.00812347 0.00875609 0.367493 0.00259086 0.0109258 0.00019342 0.0601525 0.000526547 0.0281958 0.0149405 0.0102035 0.0031206 0.000316113 0.00270904 0.00880018 0.0200325 0.0215107 1.7628e-07 
5.49055e-05 0.00230623 0.000317869 1.39014e-05 0.00172156 0.41454 0.0240611 0.0626668 0.0445901 0.000860189 0.0786562 0.00202669 0.00339474 0.00293366 4.62726e-05 7.74475e-10 0.000216949 0.000215479 0.00729306 0.000101993 0.00854545 0.0012353 0.0465982 0.00419095 0.000216782 0.00128202 0.143238 0.0767018 0.0711837 0.000790249 
0.00363911 0.0265268 0.0102949 8.08378e-06 0.0188875 0.0273919 0.0648983 0.0970354 0.00810302 0.0184873 0.0235353 0.000165554 0.0553043 0.00735379 0.0125297 3.70996e-09 7.03098e-05 0.000993554 0.189654 0.00796835 0.0724615 0.0358418 0.0531039 0.0735984 0.0134529 0.0081642 0.0372831 0.0766628 0.0565816 2.56591e-06 
0.0268469 0.0180765 0.00469098 7.9907e-07 0.0863444 0.0101307 0.131071 0.0161983 0.00101194 0.0509917 0.0387309 7.59722e-07 0.000442918 0.000345163 0.00119565 3.32106e-09 0.0027068 9.49402e-05 0.0195508 6.4586e-06 0.00542696 0.00274948 0.00119126 0.00155204 9.91696e-05 9.21363e-05 0.00581179 0.0827836 0.491825 3.04639e-05 
0.050017 0.0201568 0.00135897 2.56835e-05 0.0205518 0.0427582 0.0946294 0.146418 0.0124814 0.0154372 0.0138827 6.90318e-05 0.0191991 0.00279471 0.0184865 9.56706e-08 0.000119448 0.00198791 0.0340537 0.000670525 0.0184758 0.0654691 0.0366741 0.0345021 0.0184941 0.0123918 0.0294717 0.0762142 0.213187 2.23671e-05 
0.046713 0.123149 0.0175428 1.78782e-05 0.0117414 0.0630557 0.0720725 0.100227 0.0210037 0.00639223 0.0205374 2.37787e-05 0.00655719 0.000512336 0.0119572 0.00436542 5.03694e-05 0.00120049 0.0232027 2.92959e-05 0.0371379 0.024391 0.0367347 0.0179524 0.000441407 0.0207981 0.168012 0.0222831 0.141897 1.74844e-06 
0.0153798 0.128989 0.00763814 7.6382e-06 0.0339227 0.0100249 0.356624 0.0378578 0.0144366 0.00670669 0.00282154 0.000105193 0.00689486 0.000190897 0.0167365 8.57685e-05 7.21585e-05 2.01807e-05 0.00147013 0.000420576 0.104073 0.002789 0.192418 0.0053194 0.000234875 0.000616461 0.0207022 0.00857947 0.0248615 9.64339e-07 
2.85991e-05 0.00162973 0.00246022 8.60208e-08 0.00585827 0.14322 0.0150851 0.00270605 0.0119921 0.000261539 0.050588 3.63472e-12 0.017616 2.49389e-06 0.000205519 2.36917e-06 0.000170467 0.000426348 0.00365887 6.65491e-12 0.0282896 7.19123e-07 0.0117625 0.000300291 0.000690186 0.137344 0.2429 0.310141 0.0126566 2.56851e-06 
0.0155075 0.0152029 0.00537267 3.98056e-05 0.0354849 0.0105777 0.0358719 0.157196 0.00514244 0.00147896 0.051647 0.000451188 0.00841842 0.00219615 0.00292839 2.29114e-06 0.000156553 0.00255284 0.0184417 3.62382e-05 0.10904 0.00772042 0.0015787 0.128151 0.00110931 0.00373155 0.123715 0.18911 0.0670897 4.80432e-05 
0.00347396 0.00888792 0.00167051 1.31823e-07 9.00815e-05 0.0103395 0.0552306 0.504657 5.7977e-06 0.00233728 0.000485585 0.000603775 0.00215881 0.000956954 0.330248 0.000235176 0.00162392 0.00676736 5.02449e-05 0.000178277 7.02324e-05 0.0352288 0.00688734 0.0189624 0.000191391 5.36725e-05 6.15169e-05 0.00203944 0.00650364 6.21055e-07 
0.819414 0.0342813 0.00453095 2.16441e-05 0.000135487 0.000822538 0.0584319 0.00299577 8.30759e-05 0.0125874 0.00207786 6.43656e-05 0.000913985 0.000429134 0.0016802 3.87472e-08 0.0196659 0.00282821 0.0222985 0.000102963 0.00128319 0.000398865 3.54301e-05 0.00227613 0.000220874 0.000100198 0.000204452 0.0116748 0.000435055 5.53207e-06 
0.00029918 0.000898025 3.51e-08 7.57396e-14 0.00530686 0.00325028 0.00735489 0.00113167 2.04784e-09 5.9703e-08 0.0210147 0.000110532 0.00581591 1.61808e-05 0.00154716 4.67322e-13 2.28207e-10 0.000223875 0.00890199 8.37163e-10 1.6986e-08 1.00532e-08 0.000238079 0.0186435 1.10266e-09 6.24605e-09 0.00456857 0.897814 0.0228644 3.5683e-13 
6.56313e-08 0.001295 0.000676327 9.85873e-08 0.0189648 0.0715443 0.00201964 0.0352899 0.0114736 9.63955e-05 0.015713 0.00129035 0.00173153 3.52421e-07 0.0173724 6.08295e-07 4.94257e-07 2.3148e-07 0.00082433 6.40625e-07 0.0499273 0.00831602 0.00740446 0.000705737 2.70758e-07 0.000686264 0.00189742 0.00044761 0.75232 4.64471e-07 
0.94351 0.010243 0.000395788 4.68223e-11 0.000477112 0.000609514 0.0271869 0.00195654 0.00138746 0.000432572 0.000154521 2.28282e-12 3.61011e-05 8.69186e-06 0.00579471 1.00494e-09 5.67601e-10 6.76068e-07 5.02457e-07 0.000332316 0.000578405 0.000245014 0.000131071 0.000230455 9.5137e-09 8.2399e-06 3.87768e-05 0.00140903 0.00483311 3.03038e-12 
0.000209608 0.000894938 0.000676222 3.90058e-07 0.00236424 0.00248629 0.00439353 0.0205653 0.0135098 1.24104e-05 0.00658667 6.22869e-06 0.00180073 0.855214 2.31914e-05 9.38814e-08 7.72757e-05 0.00011331 0.00847184 5.17382e-05 0.00493042 0.0168165 0.00600767 0.0289484 0.000241624 0.00516388 0.0149218 0.000878585 0.0046335 1.02413e-07 
1.88803e-05 0.0649019 0.00475601 1.74554e-07 0.00273759 0.0247215 0.00906229 0.0362389 0.0186339 0.00252402 0.0148876 4.0526e-05 0.0132429 0.0684801 0.0157735 1.1494e-05 1.9108e-08 0.0237668 0.00853682 0.00288739 0.0743931 0.251326 0.000636291 0.160315 0.00488884 7.62122e-06 0.195832 1.02213e-06 0.00135009 2.7725e-05 
5.78516e-08 0.0166696 0.00178756 9.77029e-12 0.00202621 0.000804706 0.216166 0.00227784 0.0570865 3.47853e-06 1.71288e-06 1.24875e-06 1.35052e-11 2.11638e-09 0.00375058 6.02838e-11 7.01088e-08 2.91683e-08 0.0366703 6.34878e-11 0.0562561 1.45712e-11 0.599096 7.527e-12 2.68329e-11 1.86077e-11 0.000329421 0.00308954 0.00398316 4.60305e-11 
0.00679472 0.00670897 0.00171973 0.000152528 0.0122558 0.0394744 0.0654017 0.0418517 0.00190022 0.00951246 0.0166026 0.000128622 0.0166427 0.000508027 0.023185 0.0019579 0.000268203 0.0159733 0.0935457 0.0162001 0.127485 0.0168139 0.00693071 0.0332279 0.000449974 0.00900685 0.00966397 0.29125 0.134352 3.44687e-05 
0.0135059 0.0185951 0.0751284 6.43929e-05 0.0209085 0.0147202 0.159871 0.00727966 0.000992631 0.00392494 0.00608436 0.00171364 0.00165651 0.000242824 0.457197 2.86937e-11 0.000216297 0.0131009 0.0104108 0.00223969 0.0215504 0.00601356 0.00170057 0.00855184 0.000418353 0.00039188 0.000793611 0.105415 0.0473125 2.19094e-11 
0.0330837 0.00892739 0.00193493 3.69862e-05 0.0636026 0.0124484 0.024812 0.0351013 0.00586002 0.00231083 0.0185749 0.000874252 0.00600087 0.00171915 0.00191864 2.56165e-06 0.000364885 0.00498078 0.249167 0.000547151 0.065891 0.016279 0.00395624 0.132856 0.00027284 0.00117686 0.0244999 0.265685 0.0170936 2.16229e-05 
0.000463477 0.0132042 0.00358023 2.80444e-09 0.0241256 0.00195061 0.0174561 0.00622281 0.00888806 0.000369303 0.0527062 1.66536e-05 0.00114109 0.00249899 0.00143934 3.25302e-10 0.00017719 0.000538932 0.0224521 5.51071e-07 0.0150487 0.000443478 0.018739 0.368365 0.000537187 0.00020779 0.0156982 0.418388 0.00533301 8.33426e-06 
0.0254404 0.0160202 0.00507375 0.000140672 0.0995306 0.0193555 0.017728 0.0200926 0.0035877 0.0135016 0.0194146 0.000255819 0.00491358 0.0002666 0.0061858 8.17221e-07 0.0668452 0.00240232 0.0304037 4.09483e-05 0.0618911 0.00431475 0.00544886 0.208408 0.000247503 0.00351592 0.00898567 0.120657 0.218185 0.0171453 
0.361873 0.297413 0.239558 1.62777e-08 0.0010935 7.09694e-05 0.071359 0.00417298 4.71016e-08 0.000257706 1.80009e-10 2.1782e-08 0.000134572 3.42575e-07 0.00501787 3.14338e-11 1.38256e-07 0.00130437 0.000571553 7.06235e-05 1.03745e-07 0.000379023 1.41324e-07 0.000496998 7.10298e-05 0.000629439 2.91798e-05 0.00678925 0.00870776 6.56046e-08 
0.0737742 0.0478012 0.0548186 4.26919e-08 0.0341466 0.0147445 0.59091 0.0107846 0.00286381 0.0350961 0.00299502 2.41882e-06 0.000502975 0.000512023 0.0141152 9.21996e-10 0.000474285 0.00182681 0.00389214 7.45372e-08 0.0102506 0.000173691 0.00173773 0.0176236 0.000229593 0.00683782 0.00198288 0.0533009 0.0185927 9.59178e-06 
0.0189729 0.0103452 0.0164339 5.73707e-06 0.000655532 0.0302802 0.0557842 0.00247788 1.29567e-05 0.00112663 6.63107e-05 0.010746 0.00225132 7.23875e-06 0.00563349 0.597339 8.10578e-06 1.36615e-05 0.0119986 9.4339e-07 0.164123 0.00107098 0.00355272 0.00397087 0.00159143 0.00136325 0.000522283 0.0580625 0.00158362 3.67041e-09 
2.93008e-05 0.000426116 2.12842e-05 2.95487e-09 0.00115652 0.0204357 0.00149566 0.00589137 0.912366 5.13479e-07 5.256e-06 1.0487e-08 0.00129881 3.9302e-05 3.77725e-06 1.82319e-08 1.58813e-05 2.61181e-06 0.000868211 3.84131e-05 0.00267563 0.00205637 0.0284613 0.000965161 1.09232e-05 0.000474958 0.0145848 0.00645355 0.000220809 1.37929e-06 
0.000244251 0.00173438 0.000812878 4.9897e-06 0.00100943 0.00976957 0.00332282 0.000184285 0.000474765 0.000169661 0.773551 6.50498e-05 0.0261691 6.02543e-05 0.0225777 0.000795463 0.0027582 0.000547886 6.08215e-05 5.11657e-06 0.0152911 1.24667e-05 0.000433607 0.006241 4.31685e-05 0.000376669 0.00194877 0.104973 0.0263593 3.70966e-06 
0.0105877 0.0192927 0.00906995 0.000360131 0.00344041 0.00863999 0.0145088 0.0225431 0.017519 0.00930558 0.00986507 0.00697742 0.00117729 0.0013978 0.0106398 7.91936e-05 2.76071e-05 0.00491438 0.00858721 0.0110204 0.00704139 0.606533 0.0260435 0.14058 0.00520792 0.00238759 0.00819205 0.00445021 0.00239396 0.0272169 
0.0169112 0.0150219 0.0012672 2.84331e-05 0.0153677 0.0273013 0.0178685 0.011323 0.00960368 0.00102633 0.223526 0.00245745 0.0424726 0.000131743 0.00156897 2.82117e-06 0.000134932 0.000200518 0.0376229 0.000130085 0.0418601 0.00107425 0.00251207 0.0501493 5.52382e-05 0.00140609 0.0246924 0.397019 0.057247 1.70774e-05 
