0.00202332 0.348947 0.0677012 2.67111e-12 5.34453e-07 3.02045e-07 0.196956 0.100895 8.38408e-07 0.00710843 0.0757395 0.00242062 5.79715e-08 3.62937e-08 0.0102763 1.64811e-11 1.33913e-11 3.02928e-07 0.0199998 1.7357e-11 0.0510123 0.0178687 0.00360659 0.0923724 7.33589e-12 0.00268544 1.19616e-06 5.63552e-07 5.44864e-07 0.000383051 
6.32402e-05 0.000239779 8.78836e-06 2.68667e-09 0.00473553 0.0305972 0.00656543 0.0247944 7.60925e-07 0.00781409 0.0282858 5.56047e-06 0.785152 0.00161329 0.00427863 1.76879e-06 0.000468533 0.00180714 2.6395e-05 0.00458374 4.25313e-05 0.00232028 0.0131161 0.0054971 0.00457861 0.00337154 0.00986824 0.053493 0.00667023 1.26576e-08 
0.00677444 0.00304547 0.00051059 6.23766e-05 0.0333105 0.0402869 0.00833716 0.0228756 0.21053 0.00140984 0.0544323 6.46143e-05 0.321336 0.00447459 0.0043136 0.00156398 0.000107667 0.000711798 0.0152247 7.50815e-05 0.0196176 0.0254571 0.00587652 0.0566433 0.000185398 0.00185627 0.0397271 0.050894 0.0687353 0.00156025 
5.97664e-05 0.0267184 0.00566626 8.4612e-10 8.45719e-08 0.00103395 0.00133779 0.0821128 0.000169634 0.0204684 0.0345338 0.00218251 0.00226401 0.00111362 0.0027672 2.96542e-07 6.59455e-08 0.536664 0.00407929 0.000138666 0.0331488 0.025065 3.59681e-06 0.209027 1.54851e-05 0.00049201 0.00184229 0.0054066 0.00368816 3.9863e-09 
0.000476516 0.00270804 0.00075891 1.64703e-13 0.0655393 0.00209307 0.00317685 0.0162968 0.0618003 0.00021471 0.00922116 6.83405e-05 0.000330393 0.000315084 0.000276236 1.01624e-12 5.63287e-06 0.000461604 0.0459646 1.07025e-12 0.0982234 0.000151699 0.00407116 0.0626603 4.52338e-13 0.00133721 0.0101025 0.587404 0.0263393 2.66789e-06 
1.38055e-07 9.80638e-05 4.59854e-05 2.88961e-09 8.72742e-05 0.764117 0.00117208 0.00124775 0.00244412 0.000201666 0.00545837 3.95399e-06 0.0356609 8.46129e-06 0.00118827 0.146439 1.02155e-05 0.000419505 0.000261544 0.000783452 0.000263186 0.00090911 0.00155535 0.00245942 4.47831e-05 0.0019921 0.0123173 0.0114736 0.0093373 1.19086e-08 
1.84646e-06 0.000234652 0.00525071 1.97318e-09 0.0011735 0.00934803 0.01235 1.91431e-05 0.000914932 1.10131e-06 0.0725686 7.00291e-09 0.576776 7.05356e-09 0.00313935 1.21748e-08 3.55608e-06 9.00946e-07 5.86245e-06 0.0333065 0.00637875 0.155555 0.00970919 0.00221612 0.000295328 0.000141222 0.00272447 0.0834839 0.0244014 9.2962e-09 
0.000387161 0.00545704 0.00273868 1.47839e-07 0.017534 0.0574341 0.0195812 0.0207428 0.0905734 0.0163428 0.0295252 0.00261815 0.0225645 0.000830416 0.00720557 2.22393e-05 1.11836e-05 0.00048569 0.0314691 0.000156029 0.219594 0.00138655 0.00904539 0.0112094 0.000481198 0.00231675 0.199109 0.078213 0.152965 2.95073e-07 
0.000159361 0.00136488 0.000312956 4.25338e-11 0.127443 0.00256535 0.00765444 0.156088 9.15386e-06 1.75561e-06 0.00445017 3.23311e-06 0.0203022 3.24756e-05 0.00651575 2.62438e-10 1.09745e-06 5.59513e-05 0.0838049 2.76387e-10 0.0669101 1.55452e-05 0.00244012 0.0413438 2.85792e-07 0.00216797 0.00746609 0.453778 0.0151136 3.25874e-08 
0.00829619 0.00834012 0.00103553 1.31438e-08 0.00451064 0.00212942 0.0304676 0.0411335 0.000456487 0.000858662 0.239163 0.000221322 0.393046 0.00018799 0.00263536 8.10988e-08 3.15626e-05 5.55192e-05 0.0130423 8.54091e-08 0.0279326 0.00101773 0.000567137 0.0131077 4.74377e-05 0.000149211 0.00154187 0.157636 0.0523701 2.0078e-05 
0.00301843 0.13192 0.000844926 2.02902e-06 0.00953226 0.0140946 0.0306262 0.0113925 0.0178277 0.014364 0.0544045 8.77362e-06 0.00608147 0.000137023 0.024135 0.0431946 3.68256e-06 0.127611 0.0116855 3.35757e-06 0.0242404 0.0291561 0.00117156 0.13613 2.0388e-05 0.000785557 0.184712 0.0947969 0.0280547 4.60238e-05 
0.0163998 0.0281981 0.017083 9.30919e-08 0.0128796 0.031529 0.19917 0.00656656 0.0400231 0.00224745 0.000966035 0.00138576 0.00952941 0.00285764 0.0203006 2.88101e-07 1.15562e-05 3.84327e-05 0.10093 0.0208494 0.264034 0.025673 0.0312219 0.042118 0.000216856 3.29713e-05 0.0401332 0.0591577 0.02644 6.95445e-06 
0.000534219 0.0051079 0.0232126 2.62611e-10 0.032064 0.000178672 0.10694 0.00785687 0.00406415 0.000323812 0.00114184 3.95591e-08 3.82448e-08 9.06514e-05 0.0206829 3.97487e-07 1.22095e-05 1.13907e-05 0.287019 8.46446e-07 0.117161 3.24345e-06 0.0610823 0.00103877 6.05575e-07 3.13119e-06 0.00196863 0.0319815 0.297519 6.91026e-08 
0.000429004 0.015025 0.0034039 7.13127e-09 0.00312628 0.000322201 0.0520279 0.697268 0.0186557 0.00359413 0.0017848 4.76071e-05 0.000228203 0.00405889 0.0729926 8.56082e-07 0.00103425 9.18982e-07 0.00355641 3.55117e-06 0.0102513 0.0848752 0.000177265 0.00615366 0.00309829 0.000678734 0.00244813 0.00712931 0.00762743 2.34749e-07 
1.3019e-05 8.73279e-05 0.00208193 3.7565e-06 0.00155297 0.0413629 0.0482499 0.414047 0.063525 0.000234835 0.00151871 0.000168571 0.00101913 0.00875444 0.0341828 6.96855e-05 0.00253808 0.00173519 0.00830638 0.000221649 0.0734373 0.00748418 0.0769579 0.0645553 0.00419069 0.00298987 0.0933896 0.0147048 0.0326125 4.72256e-06 
3.91355e-08 0.000251581 8.77019e-06 4.07616e-10 3.4421e-07 0.0946996 0.0108899 0.0326541 0.0133539 4.02815e-05 0.00426879 6.18295e-06 0.818357 4.98435e-08 0.000261841 1.8775e-09 0.0015462 3.71054e-08 0.000407116 3.06303e-06 0.00183249 1.46734e-07 0.00143426 0.000809334 0.000648386 3.04385e-05 0.00618119 0.00298262 0.00933218 1.43359e-09 
0.0114204 0.0207038 0.00112923 2.39824e-05 0.0222274 0.0935419 0.0180402 0.0348359 0.00576836 0.00740769 0.0633246 0.000187257 0.268826 0.000897382 0.00572589 0.0228265 0.00022997 0.00619399 0.0162469 0.000179407 0.0114866 0.0179423 0.0171689 0.0426051 0.00320506 0.00281579 0.0397277 0.226771 0.0384312 0.000109719 
0.00929332 0.000113285 0.0079655 1.58508e-06 0.198356 0.00530947 0.000468847 0.00446437 0.00150173 0.00105084 0.00364642 2.73335e-05 0.00657656 0.00243789 0.00125181 0.00163502 0.000995527 0.000304822 0.00272011 9.86413e-05 0.000142052 0.601742 2.70861e-05 0.00339999 0.000514597 0.000470215 0.0017726 0.135548 0.00814162 2.30594e-05 
0.00133016 0.00271939 0.000193635 3.9754e-12 0.00541758 0.0109754 0.00101713 0.0205019 7.90163e-08 0.00143274 0.00456779 1.41089e-11 0.000242713 0.00159525 0.00169988 4.20361e-09 0.000110704 0.00130154 0.606637 4.8439e-08 0.227777 0.00557212 0.000961886 0.0112119 0.000274917 0.000303295 0.0178007 0.0749669 0.0013871 7.26186e-07 
0.0171125 0.0355 0.0141083 2.42682e-05 0.00923993 0.12337 0.0805662 0.0402586 0.03944 0.00351722 0.0206411 0.000892557 0.000864659 6.34868e-05 0.00469491 0.000496706 0.000347329 0.162726 0.0532746 4.80791e-05 0.06257 0.0171967 0.00097958 0.141307 0.0127753 0.0120468 0.0379286 0.0722863 0.0232368 0.0124859 
0.0040384 0.0085053 0.000522854 2.44106e-09 0.0141287 0.0261948 0.213488 0.444873 0.00375209 0.0018238 0.000411115 0.000272113 0.000188542 8.7261e-09 0.0747378 0.000496138 4.04834e-07 0.000353849 0.00104618 0.00260213 0.0256845 0.000771165 0.000102237 0.016992 5.61102e-05 0.000244425 0.00155997 0.121372 0.0357825 1.15005e-08 
1.61313e-05 6.57661e-05 0.000309001 3.11485e-07 0.0223379 0.00217483 4.93041e-05 0.161341 0.449672 3.89082e-05 0.000237253 6.10533e-06 0.00406972 0.0215532 2.63346e-05 5.04091e-07 6.05169e-05 6.18292e-05 0.0044344 4.65204e-05 0.00198629 0.000553371 0.000221228 0.170865 3.03405e-05 4.30436e-05 0.129569 0.0300948 9.15147e-05 4.37074e-05 
0.000110648 0.00271331 0.000445568 2.86716e-10 0.0365452 0.00135806 0.0532369 0.00564033 7.66645e-07 0.0256704 0.000220945 0.000106525 0.0161506 1.64652e-05 0.786087 1.76907e-09 1.49426e-06 0.00779819 0.00110558 0.000825898 0.000613806 0.0370299 0.00203158 0.00133085 1.80082e-05 0.000409137 2.34669e-05 0.0142461 0.00626299 5.13446e-07 
5.7529e-08 0.0183083 1.00458e-05 4.19601e-09 0.00390453 0.172793 0.0569149 0.0230919 1.78842e-05 7.82668e-07 9.93201e-06 1.48918e-08 5.75379e-05 4.54075e-06 0.0213462 2.58898e-08 2.10362e-08 9.85209e-09 0.00217322 2.27339e-05 0.0018801 0.0902323 0.609175 3.10701e-06 1.17465e-05 7.99138e-09 2.40169e-06 3.04005e-05 8.52005e-06 1.97685e-08 
7.41494e-06 0.00207763 0.00060465 4.6396e-08 0.000239915 0.0115382 0.000121174 0.000700304 0.19335 0.0136773 1.17417e-05 3.62366e-05 0.0827058 0.000631128 0.0216144 0.000101155 8.09118e-05 0.000135408 0.000154378 0.376742 0.0760357 0.198154 2.7843e-05 0.00136744 0.000190287 0.000847666 0.000193822 0.00708483 0.0115676 2.18584e-07 
6.78273e-06 0.0473347 5.18954e-05 3.34441e-07 0.000933809 0.627294 0.0580404 0.0371279 0.0171572 0.000136785 0.0101952 0.00186441 0.0302847 0.000619115 0.017993 3.55641e-07 0.0175941 0.00201419 0.0738379 3.74543e-07 0.00366689 5.78283e-06 0.00198976 0.00790766 0.00264232 0.00181776 0.0178898 0.0102362 0.011349 7.80843e-06 
0.00450226 0.00377309 0.00324549 4.49784e-09 0.0136548 0.00857718 0.00988261 0.0158837 0.0005807 0.00179882 0.0241471 0.00348266 0.0127768 2.16e-05 0.00714763 4.02394e-05 0.000445952 7.2564e-05 0.0141369 0.000129985 0.00790402 0.00107597 0.000162393 0.011286 1.70546e-05 2.87202e-05 0.00178432 0.707504 0.145937 4.72883e-07 
1.39763e-06 1.86105e-05 3.51101e-05 2.09197e-07 0.00109748 0.00811802 1.93555e-05 0.000257793 3.49197e-05 0.000903879 0.251218 7.30576e-07 0.659059 2.3145e-06 4.27121e-05 1.27013e-06 9.53439e-05 1.66162e-06 6.3878e-06 0.000432636 0.003829 0.0169862 0.00705179 0.000261363 0.000379186 4.10432e-05 0.0409893 0.00260313 0.00651172 9.69823e-07 
3.46704e-06 0.731008 0.00980759 1.63507e-09 1.20569e-06 0.00676959 0.0749768 0.0657558 3.0278e-09 0.073106 3.81142e-06 7.36752e-06 3.10868e-05 5.8449e-09 5.34203e-05 1.00886e-08 1.13042e-06 3.83909e-09 1.17367e-05 1.68311e-05 7.21771e-06 0.00112805 3.33036e-09 3.96182e-06 0.000276236 9.12582e-07 8.57445e-06 1.38218e-05 0.0337842 0.00322338 
0.00144065 0.057404 0.000478832 2.10362e-07 0.00296335 0.0635776 0.105989 0.485529 0.0192642 0.00672485 0.0151711 1.70173e-06 0.00187363 0.000673406 0.0413602 4.31949e-06 0.000144753 0.000934591 0.00539441 1.71456e-05 0.0370579 0.0381867 0.0275419 0.019276 0.000879461 0.00577902 0.0149462 0.0116171 0.035761 7.14408e-06 
0.0233896 0.0108381 0.0111351 2.90713e-07 0.106816 0.107381 0.0126557 0.0217987 0.00495342 0.000522473 0.0923167 5.63018e-05 0.0829558 9.87493e-05 0.0434888 8.95478e-06 0.00622079 0.000164384 0.0225924 1.70451e-06 0.055496 0.00255171 0.0345265 0.00748008 0.00576394 0.00247324 0.266082 0.0597632 0.018455 1.2408e-05 
0.000232925 0.00477384 0.000476373 1.42876e-05 0.00755432 0.0214908 0.0217428 0.0719675 0.328136 0.00532469 0.0725241 2.27829e-05 0.00117736 9.20206e-05 0.000169517 0.00215561 0.000156365 0.000225252 0.062975 0.00547941 0.00592408 0.00935987 0.0157286 0.0484695 0.0048541 0.000326454 0.0265572 0.258584 0.0176988 0.00580636 
1.20952e-07 0.000363458 0.00671284 3.46641e-11 0.0061312 0.00733757 0.00779982 0.0092117 0.00111101 0.270005 0.0772278 1.19522e-08 0.00694142 0.0174184 6.36543e-08 2.13881e-10 9.2891e-06 1.99642e-07 0.0466565 0.000151911 0.000291517 0.0281885 0.0120979 0.24256 2.33871e-07 1.77578e-07 0.0293725 0.126868 0.103542 4.79101e-07 
1.76778e-06 6.15538e-05 8.47097e-06 7.41173e-10 3.16019e-05 1.35356e-05 0.0671065 0.547548 5.82889e-06 0.0507301 0.0039417 2.63046e-09 7.51021e-06 2.64948e-09 8.22713e-06 3.662e-07 0.00112055 1.74025e-09 1.37592e-06 8.76423e-06 3.95451e-05 0.323024 2.20958e-05 0.00625958 2.03554e-09 3.40537e-05 1.25393e-05 8.21753e-06 4.61465e-06 3.49187e-09 
0.000613068 0.00372777 0.000627346 4.58563e-09 0.000329335 0.0268611 0.00834577 0.000166269 0.000204193 0.00538648 0.0255974 9.02521e-09 0.00795899 2.25182e-06 3.25973e-06 1.56906e-08 0.891901 1.74855e-05 0.00306813 1.65245e-08 0.000551346 0.000239782 0.000702424 0.00555025 0.000235617 0.00323137 0.00466106 0.0090167 0.00100181 5.8738e-08 
0.060796 0.0914913 0.0310614 7.89195e-09 9.57146e-07 0.0143188 0.30823 0.164773 1.26474e-06 0.0247903 0.00526221 7.59442e-07 0.00808135 9.8886e-07 0.013911 0.00114239 1.11673e-07 0.000134096 0.0212813 0.0209764 0.0437102 0.0163833 0.00308089 0.0710967 7.23796e-05 0.0200833 0.0588428 0.0188636 0.00160284 1.07808e-05 
4.95248e-06 0.0201065 5.20287e-07 5.37944e-12 0.0168478 0.0467506 0.0314954 0.00755574 0.000183727 2.92592e-07 0.139164 6.77019e-05 0.0202717 7.95053e-09 0.0104165 6.47577e-10 1.71976e-07 0.000703874 0.052125 0.000313763 0.0112438 0.00159925 0.000985396 0.0337318 0.000171668 0.0014641 0.0104109 0.479812 0.114573 1.55063e-08 
0.0216928 0.00523007 0.0155586 2.39218e-05 0.0239403 0.0156164 0.0377195 0.392636 0.00166732 0.00777106 0.0102264 0.00277604 0.00417728 0.000321874 0.00159105 0.000148665 0.0002441 0.00138331 0.0108945 0.00015747 0.0825182 0.0262898 0.000304849 0.105913 0.000663021 0.000528225 0.00487712 0.142146 0.0829584 2.49901e-05 
0.000363359 0.00271791 4.2096e-07 5.65463e-11 0.00853333 0.00144971 0.100418 0.0336376 0.00148495 4.38633e-07 6.92608e-05 2.09098e-07 0.00854911 1.06731e-06 0.00464728 3.48897e-10 2.83489e-10 0.000654466 0.000924067 3.67441e-10 0.261225 0.000496427 0.00197652 0.200812 1.32749e-07 0.00340079 0.155672 0.202801 0.0101616 3.22743e-06 
0.00116819 0.00429462 0.00177615 1.91583e-11 0.011252 0.00565595 0.0240398 0.0101752 4.41691e-07 0.00189973 0.00489919 2.68776e-05 0.00450137 0.000549453 0.0059439 1.18209e-10 0.000139097 0.00013682 0.00771212 1.24492e-10 0.00486542 4.9638e-05 0.00268617 0.00883747 1.42847e-06 4.82129e-05 0.00423784 0.793098 0.102005 1.13768e-07 
0.00242639 0.00274069 0.00149473 7.53197e-08 0.000331019 0.00172562 0.0725083 0.894787 0.00748171 0.000125779 0.000373148 2.67313e-07 0.000589464 0.000370515 8.63997e-05 4.64731e-07 3.77608e-07 1.00476e-06 0.00251892 6.86161e-05 0.00258891 1.1233e-07 0.000149048 0.00162949 7.51777e-06 6.50622e-05 7.45725e-05 0.00307713 0.00477768 3.54851e-07 
0.00024058 0.165836 0.131885 1.88455e-07 0.00724774 0.0640335 0.0575051 0.00406253 0.0240011 7.43936e-07 0.0352008 0.00123806 0.0212865 2.66835e-07 0.0186053 2.59785e-05 0.0389911 0.0136809 0.0917303 7.8795e-07 0.174189 0.0430375 0.0227174 0.00174001 9.55605e-07 0.0131904 0.0568137 0.00802043 0.00467606 4.25085e-05 
0.0171726 0.0499081 0.00703017 3.72732e-08 0.00186168 0.0135822 0.115352 0.0324267 0.000416787 0.0861092 0.039055 0.00639644 0.0883106 7.53744e-06 0.00706309 2.2998e-07 0.000202085 0.00204881 0.0081585 2.42203e-07 0.00595843 0.0120502 0.000193699 0.0451395 0.000324534 0.00301194 0.375476 0.0814245 0.00127538 4.35744e-05 
0.0178401 0.0099142 0.0118219 3.98565e-06 0.0107797 0.0555176 0.0671359 0.023048 0.00319734 0.00511032 0.0948797 0.000332885 0.0111372 0.00864234 0.00355409 2.22299e-05 3.23988e-05 0.0030397 0.0265034 0.12458 0.0210189 0.128975 0.0623763 0.268013 0.00180509 0.000733949 0.0131827 0.0150276 0.0117013 7.40075e-05 
5.23115e-07 0.000421401 1.04539e-06 7.48837e-09 0.000126662 0.0470844 0.00086242 0.00254867 4.92618e-05 0.000503215 0.0168538 1.62381e-05 0.259634 0.000569071 0.00379484 7.32627e-05 0.535585 4.02502e-07 0.000858989 0.00124216 0.00770033 0.000678235 0.000756566 0.00438601 0.00075497 0.000310566 0.00938038 0.0152819 0.090526 7.36518e-08 
7.88051e-05 5.80446e-06 0.000493804 1.08362e-06 0.000691869 0.0151677 6.00536e-05 0.000260462 0.022512 0.810172 0.0557477 3.10903e-06 0.00741331 0.000101089 0.00016447 5.40514e-06 0.0442183 7.51716e-05 0.00038502 0.00303827 0.000285732 2.32885e-05 0.0263294 0.000435211 0.000367867 0.00252415 0.00466904 0.00417546 0.00059026 4.12717e-06 
8.05208e-06 0.000433097 0.00475923 2.39471e-11 0.0301307 0.000532615 0.016137 0.00802094 0.00696296 9.28016e-05 0.00526172 1.18835e-08 0.000488641 0.000321884 0.0140553 4.72929e-10 7.74328e-08 1.01722e-05 0.248574 9.94604e-06 0.104052 1.03975e-05 0.00577451 0.00440905 3.37006e-07 5.09333e-08 0.00316611 0.0608306 0.485957 8.30637e-09 
1.63234e-05 0.000113263 0.000137556 3.70423e-07 0.000420744 3.1633e-05 0.0002293 0.000702701 0.973772 1.02963e-05 0.000394852 1.03385e-06 0.000101862 4.83359e-05 5.70691e-06 4.04199e-07 1.19157e-05 0.000110839 0.00133562 1.22255e-05 0.00036105 0.000108605 0.000157308 0.0141742 1.22007e-05 4.11005e-05 0.000662389 0.00694445 7.34621e-05 8.47126e-06 
0.00194234 0.0226021 0.00253863 2.90477e-05 0.00683728 0.0887413 0.0207225 0.128223 0.0130543 0.00459115 0.122578 8.07911e-05 0.0217193 0.000917575 0.00245209 0.0019456 0.000587604 0.00309829 0.0350508 8.56829e-05 0.0170961 0.00424519 0.00784331 0.0172246 0.000578032 0.00103554 0.0213213 0.236769 0.215713 0.000376419 
4.47979e-09 0.0051684 0.00430495 1.99414e-12 0.233893 0.00155702 0.0213839 0.00870627 4.9888e-05 0.018649 0.0408362 9.65111e-07 0.000139339 0.000355012 0.00239796 1.12124e-07 5.55726e-08 0.000121477 0.0444405 5.34187e-08 0.00926159 0.000555333 0.0107871 7.68922e-08 4.70869e-05 0.000138004 0.0258352 0.0839305 0.487338 0.000103188 
0.0276642 0.0885584 0.309502 2.84948e-07 0.000275955 0.000518971 0.148829 0.215496 0.00208158 0.00830235 0.00320982 5.48535e-06 0.000764367 3.45508e-05 0.00346704 4.56772e-07 1.04182e-06 7.85995e-05 0.0516007 7.31847e-05 0.0111109 0.000912351 0.00491122 0.0351333 6.55043e-05 9.9254e-05 0.00085431 0.0577503 0.0286951 3.12399e-06 
0.000128861 0.0194302 0.00993698 5.69927e-11 0.0102879 0.00117251 0.254063 0.225623 0.000682844 0.0024606 2.92953e-07 2.23032e-05 0.0471203 0.000454193 0.00835251 1.57579e-05 0.000711776 1.45687e-06 0.00197271 0.00736577 0.285556 0.0129044 0.00189404 0.0177356 0.0124687 7.8327e-07 4.92117e-05 0.0608224 0.0187655 3.36283e-07 
0.00073755 0.0147432 0.00317024 4.12862e-06 0.00184686 0.474101 0.0216949 0.040127 9.9116e-05 0.0053731 0.0155618 5.01041e-06 0.0568767 3.23679e-05 0.0114324 0.0418295 0.000351009 8.95238e-05 0.000327409 0.000169207 0.00130575 0.00102608 0.113836 0.00582014 9.91146e-05 0.0050606 0.00847638 0.0408579 0.134923 2.24081e-05 
1.70421e-05 0.00144159 5.94787e-05 3.45861e-12 0.000150433 0.0125061 0.881745 0.000134812 0.0012053 0.000116901 0.000261267 1.22747e-11 0.068152 3.88826e-05 0.0023202 2.134e-11 1.73394e-11 6.67033e-07 1.06413e-07 0.000334802 0.000613753 0.000173356 0.000303258 0.00278589 4.41456e-07 0.000518101 0.00862971 0.00827803 0.0102129 7.26166e-09 
0.00288798 0.101804 0.0257532 9.19398e-11 0.0023103 0.00996016 0.394711 0.0729073 1.70253e-10 0.00243309 0.000528753 0.0018711 0.00147991 4.78219e-07 0.0469348 2.06258e-05 3.83858e-06 8.00177e-06 0.0001563 0.000270784 0.0332938 0.0102702 0.0332347 0.00171844 0.00116643 1.05033e-08 0.000200802 0.21294 0.0431346 4.33153e-10 
5.70656e-06 0.00798139 4.32276e-06 6.37931e-11 8.8785e-07 0.00492453 0.292968 0.0889077 1.18131e-10 0.39503 1.14842e-06 1.9761e-07 0.0283467 5.36814e-06 0.0431025 1.26047e-08 3.1982e-10 0.00194605 0.00183955 4.14531e-10 9.73218e-07 0.0971488 0.000150675 4.35135e-06 9.61986e-08 1.21495e-10 0.00517657 0.0135965 0.0188581 3.00547e-10 
0.000142371 9.82753e-05 0.00595608 5.94908e-06 0.000934429 0.0338501 0.0855934 0.00372544 0.0361416 7.3627e-05 0.000630949 0.000283625 0.000466404 0.000399637 0.0024965 0.000110716 8.88034e-05 1.75612e-05 0.000528499 7.26326e-05 0.00478983 0.000357898 0.00309206 0.766568 1.14815e-05 0.000578352 0.0101262 0.0218325 0.0210006 2.60248e-05 
2.27222e-07 0.000372457 0.00253551 3.52063e-11 1.46573e-06 0.00183614 0.00146249 0.00307179 0.000537933 0.417154 0.0960627 2.23493e-08 0.000153204 0.0196856 1.19543e-07 2.17227e-10 1.76503e-10 3.75013e-07 2.65354e-06 5.69905e-07 4.27605e-07 0.0304329 0.000464505 0.308144 2.6153e-07 1.98579e-07 0.0273528 0.0705448 0.0201815 8.99985e-07 
0.00171571 0.0080677 1.32673e-05 2.90477e-07 0.00401412 0.0731396 0.00113457 0.00479827 0.000820937 0.000232023 0.310678 8.01679e-06 0.264959 0.00066466 0.0056099 0.0316737 0.000206938 0.00290922 0.000197258 1.9538e-05 0.00581275 0.00401113 0.00537654 0.0260771 1.86195e-05 0.00380745 0.0123097 0.136579 0.0951258 1.86492e-05 
0.0136249 0.0957276 0.0327333 1.53264e-08 0.000346085 0.019747 0.183371 0.00986533 1.06293e-05 0.000472747 0.00111347 0.00341636 8.90435e-05 5.47876e-08 0.593217 9.45659e-08 2.18378e-06 0.000344131 0.00026196 9.9592e-08 0.0220507 0.0104742 3.12174e-08 0.00402683 0.000406178 6.28549e-05 0.000386964 0.00624413 0.0019959 9.08137e-06 
0.0566499 0.147082 0.115721 5.32522e-09 0.000690706 0.00258253 0.47653 0.0159412 0.00026414 0.085778 0.00387673 2.88476e-05 0.00204538 0.00245266 0.00147704 6.47323e-09 0.00731362 4.29555e-07 1.50562e-06 6.23898e-08 0.000740811 9.46645e-08 6.57323e-05 0.000276573 2.80818e-07 5.39804e-05 0.0439658 0.000488657 0.0359714 7.866e-07 
0.00287393 0.000195892 0.00663876 4.84005e-11 0.0257153 1.00096e-06 0.388131 0.00190474 0.00054005 0.000977388 0.000293964 0.00788624 0.0200572 0.00232809 8.03054e-11 2.98637e-10 2.42651e-10 0.000325031 0.229481 0.00839959 0.0467136 0.00350594 1.80886e-07 0.0427716 0.074142 9.21799e-11 2.87705e-07 0.13041 0.00670707 2.28028e-10 
0.000154403 0.01179 0.00441985 3.06175e-10 0.00108885 0.0260313 0.00123297 0.414681 2.88728e-06 7.14781e-07 0.215972 1.08663e-09 5.25428e-06 9.19897e-05 0.00146926 3.5564e-05 0.00060825 7.84966e-07 0.0177318 0.00793696 2.94738e-06 0.0741836 7.52133e-06 0.0803739 1.49208e-06 5.83117e-10 0.0130597 0.0303913 0.0977025 0.00102294 
0.000107466 0.00354622 9.49115e-05 7.22188e-13 0.00774374 0.00631398 0.000686607 0.00696919 0.00431822 6.34466e-05 0.288166 7.79902e-07 0.0817482 0.00096414 0.00020699 4.45599e-12 8.13516e-09 0.000409771 0.000919107 8.29563e-09 0.0168095 0.00587514 0.00545074 0.211449 1.66737e-08 0.00139513 0.118527 0.206489 0.0316742 7.13836e-05 
0.0919113 0.0185439 0.000913025 9.42205e-08 0.0124486 0.0080068 0.00397402 0.0208084 0.00134896 0.00394286 0.00643532 3.18961e-07 0.00103615 0.00699993 0.00100895 2.1188e-07 7.1113e-05 0.000768989 0.290334 2.49902e-06 0.24091 0.0066438 0.000947014 0.0270905 0.000535021 0.00169781 0.188554 0.0622099 0.00285646 8.32369e-07 
0.00015393 0.00247843 0.000224251 2.14019e-06 0.00781935 0.143252 0.0276614 0.00792788 0.00195558 0.00114431 0.34557 0.000383536 0.0722116 0.000672847 0.0058464 6.90551e-05 0.000892752 0.000642482 0.00639557 3.51741e-05 0.0283308 0.000391505 0.00291892 0.0417188 9.13874e-05 0.0172574 0.0298589 0.167047 0.0870442 2.80102e-06 
7.34472e-08 3.3844e-07 3.30774e-07 3.57037e-12 8.88821e-07 0.00167722 2.81918e-07 0.0722125 1.34017e-06 2.62279e-07 1.25896e-07 1.26714e-11 4.14609e-08 1.2763e-11 0.00272718 2.20296e-11 4.83471e-08 7.29414e-08 0.0184181 2.32004e-11 0.799637 5.32476e-12 3.31622e-07 0.00302609 4.4135e-08 5.07956e-07 0.0259761 0.00480051 0.0715206 1.6821e-11 
0.0268298 1.13802e-07 4.20438e-08 7.22362e-13 8.63438e-08 0.00215705 1.3922e-07 0.00123967 6.00624e-08 1.09829e-07 0.031848 2.56369e-12 3.6746e-08 1.30922e-07 7.95838e-08 4.45706e-12 8.18936e-05 1.36367e-07 0.67922 4.69395e-12 0.00490337 3.34075e-09 8.22491e-08 0.0442441 2.74373e-07 1.00982e-07 0.00280715 0.205102 0.00156598 4.76794e-09 
7.80451e-05 0.000374873 0.00116614 5.10489e-08 0.000151361 0.337508 5.63369e-05 0.000740832 0.00156981 0.000872086 0.0761411 3.49607e-05 0.0212718 7.55834e-06 0.000106856 2.66922e-07 0.00557741 0.00946564 0.000327041 0.000581223 0.00678613 0.00703841 0.000153295 0.000534557 0.481574 0.000273549 0.0357874 0.0100527 0.00176788 2.03812e-07 
5.54524e-07 0.00206323 0.000101364 3.70123e-07 0.00355705 0.0327203 0.0304135 0.62622 0.000213778 0.000249399 0.0214628 1.83857e-05 0.0111423 1.74183e-06 0.00229126 1.13688e-06 4.75201e-05 0.0171295 0.00977984 7.41594e-05 0.00954961 0.0929475 0.0162358 0.0265635 0.0121093 1.56033e-06 0.00269078 0.0716396 0.0107732 1.23052e-06 
0.00730326 0.00390183 0.00145389 4.75842e-10 0.000303008 0.0328458 0.0112033 0.0448846 0.000323125 0.0110575 0.0759761 4.08234e-06 0.551228 0.000617825 0.00772498 2.936e-09 0.001474 0.000239587 0.00459739 0.00190141 1.28716e-06 0.0493781 0.00608098 0.0257216 0.00109132 0.000676736 0.0557935 0.0816686 0.0225486 2.24182e-09 
8.37859e-05 0.0125891 0.000762572 3.62369e-08 1.64818e-07 0.00510634 0.903584 0.0163606 0.000445232 0.00135076 0.00540889 3.7076e-07 0.00212181 0.000321645 0.00766775 1.83063e-05 0.00132703 0.000172544 0.00118382 0.000833458 0.00369524 0.000354249 6.24594e-05 0.00206402 6.65563e-05 1.66935e-07 7.27755e-05 0.000948248 0.0333982 9.75021e-08 
0.000207365 0.00188167 0.000587691 8.39067e-14 0.0106239 0.00550145 0.00546863 0.00289019 1.49301e-09 4.25159e-08 0.0324889 9.12377e-05 0.00460299 2.33304e-05 0.00137798 5.17714e-13 9.78656e-07 0.000460363 0.0103724 6.10514e-10 0.00262963 9.78754e-05 0.0034582 0.0326083 7.85314e-10 0.000236048 0.00618634 0.857573 0.0206317 1.2993e-09 
1.49687e-05 0.0613264 3.39154e-06 8.99869e-12 1.02243e-11 0.00845788 0.116916 0.177894 0.000425427 0.422672 0.00593709 2.58371e-06 0.00241101 3.21677e-11 0.0828299 5.55229e-11 0.00316779 0.00199821 0.00552252 5.84739e-11 0.0397551 0.0263622 1.63145e-07 0.0362745 4.34988e-07 9.4277e-08 0.00188199 2.9495e-06 0.00614434 4.23952e-11 
3.81703e-08 7.62219e-05 1.06645e-06 6.71393e-10 0.00070073 0.0060113 0.000103723 0.00129604 6.22274e-07 0.0004376 0.0196611 2.3828e-09 0.86129 1.31531e-06 0.00255785 4.14257e-09 1.85994e-07 4.77363e-08 5.37538e-07 0.000717236 0.0246982 0.010957 0.0294223 0.00369882 7.08536e-05 2.1669e-06 0.00918964 0.00854805 0.0205569 3.16312e-09 
0.0158821 0.125622 0.0768812 9.19431e-07 0.0186566 0.0132825 0.434757 0.0057753 0.000193199 0.00624659 0.00295474 8.28565e-05 0.00961903 2.25126e-05 0.238604 0.00365754 0.000225709 0.00315672 0.00911556 8.41768e-05 0.00668778 0.00558056 0.000382384 0.00298754 0.00052385 0.000170155 0.00196017 0.00568161 0.0112057 1.24659e-06 
0.00056384 0.00575642 0.00413594 2.033e-05 0.0128037 0.103423 0.0536502 0.0503255 0.00154177 0.0028218 0.000229616 0.00054029 0.00276342 0.00111968 0.0395892 0.000384957 0.000316722 0.000294313 0.0787358 0.471759 0.00335075 0.00607801 0.103248 0.002956 6.79914e-05 0.000112662 0.00924502 0.0178959 0.0262467 2.33756e-05 
2.02219e-07 2.40812e-05 0.000855202 5.26564e-11 0.0886762 0.0508301 0.00466212 0.0430106 0.0405941 9.01286e-08 0.0462979 2.85525e-06 0.0104923 2.63866e-05 5.90116e-07 3.24896e-10 0.000119162 5.02036e-08 0.0553453 2.91332e-07 0.11639 2.31942e-07 0.037377 0.0289143 1.44615e-10 0.00422599 0.113259 0.278475 0.0804209 1.53553e-07 
1.38055e-07 9.80638e-05 4.59854e-05 2.88961e-09 8.72742e-05 0.764117 0.00117208 0.00124775 0.00244412 0.000201666 0.00545837 3.95399e-06 0.0356609 8.46129e-06 0.00118827 0.146439 1.02155e-05 0.000419505 0.000261544 0.000783452 0.000263186 0.00090911 0.00155535 0.00245942 4.47831e-05 0.0019921 0.0123173 0.0114736 0.0093373 1.19086e-08 
0.00108467 0.0132623 0.000382151 1.72474e-05 0.00794359 0.0860513 0.0512655 0.223693 0.00520833 0.00176459 0.0223091 0.00576799 0.0037521 0.00140594 0.148335 2.50234e-05 0.000592924 0.00127922 0.0213438 0.000191878 0.0458919 0.00896736 0.0370607 0.0901729 0.000617575 0.00426371 0.0210394 0.0482506 0.145976 0.00208368 
0.000955711 0.000444976 0.000244466 7.26168e-07 0.00571119 0.0354219 0.00592548 0.0350016 0.000439148 0.00762739 0.092722 4.15653e-06 0.704109 0.00130889 0.00167276 1.23895e-06 0.000113503 0.000860075 0.00228927 0.00174517 0.0010953 0.00149561 0.00368872 0.0104836 0.00649606 0.00388137 0.0111798 0.0441754 0.020904 9.15772e-07 
0.0169235 0.0346173 0.093821 1.23117e-06 0.00123156 0.000138962 0.0280077 0.0672593 0.000382613 0.155939 4.72722e-05 9.23707e-05 1.35451e-05 2.65452e-06 0.000120986 1.49709e-06 0.0834074 2.69726e-06 0.00182529 8.12057e-06 0.00560689 0.00272384 0.00148903 0.000598094 1.54412e-06 0.503265 0.000454976 0.00161867 0.000395034 2.70005e-06 
2.46004e-05 5.56805e-06 0.00892374 1.47889e-11 1.68032e-11 7.98812e-07 0.736743 4.57521e-06 1.58866e-07 0.239733 5.54363e-07 4.24621e-06 4.66107e-07 5.28662e-11 7.47908e-06 9.12494e-11 8.9431e-05 1.42719e-06 3.21833e-07 9.60992e-11 1.92159e-06 0.000505025 3.01226e-11 1.51305e-06 0.000858577 1.5494e-07 2.27407e-07 0.0130927 4.78554e-07 6.96747e-11 
0.00619865 0.0162992 1.82563e-08 6.29664e-13 0.00794882 0.0136803 0.00139449 0.00687534 0.00153055 9.37517e-09 0.221396 1.09523e-08 0.0622995 4.5062e-05 1.52541e-08 3.8851e-12 4.42261e-09 0.000347538 1.9333e-07 6.95979e-09 1.31154e-07 9.39065e-13 0.000191573 0.124929 1.24527e-08 0.000472584 0.15207 0.367225 0.0170954 2.96652e-12 
0.000122819 0.00304423 0.000104899 1.35178e-08 0.00241993 0.123108 0.0120399 0.0212467 0.000327453 0.000526265 0.0170085 2.90542e-06 0.0148436 2.704e-06 0.00252832 0.000737288 0.00201382 7.93974e-07 0.00400076 4.73673e-06 0.03881 1.15228e-05 0.000242875 0.0038608 6.9795e-05 0.000340162 0.0457425 0.690217 0.0166219 5.34213e-08 
3.43828e-05 7.88655e-05 0.000118723 2.24251e-10 0.000556681 0.0787414 0.000193655 0.00029195 0.000728572 0.000965697 0.130824 3.10755e-10 0.552452 1.27609e-05 2.67265e-06 5.40257e-10 0.000779183 1.31248e-05 0.000328415 1.54372e-06 1.87814e-07 0.000115106 0.0007409 0.000603862 0.000236494 0.0012894 0.221188 0.00873965 0.000962843 4.1252e-10 
1.89987e-06 0.0120316 0.00032685 1.43333e-06 0.00313758 0.0834864 0.0208481 0.0102631 0.027318 0.000139637 0.0269698 2.13736e-05 0.0025293 0.000195511 0.0021311 6.77638e-06 2.668e-05 3.83261e-05 0.158178 0.00141801 0.0219516 0.00712762 0.0204149 0.0654649 0.000570482 0.00269698 0.450513 0.0723091 0.00988012 1.49842e-06 
0.000678475 0.00134789 7.79457e-08 8.41344e-13 0.00180146 0.0116402 6.64331e-08 0.0873563 0.0144643 6.1805e-08 0.000801036 1.04539e-08 1.16297e-12 3.66953e-08 1.91259e-08 5.19119e-12 2.2797e-05 0.000357535 0.451594 5.4671e-12 0.195572 3.21232e-08 0.0021022 0.0269494 1.04003e-08 1.19698e-07 0.0100998 0.155002 0.0402096 3.9638e-12 
0.000186963 0.0287877 0.124708 6.97094e-09 0.000510976 0.0316142 0.0409585 0.149489 0.000466983 0.00425725 4.82536e-06 0.00582576 0.00646425 2.49191e-08 0.0259384 4.30115e-08 8.29254e-06 5.60685e-05 3.79574e-05 0.00445226 0.00280876 0.472199 0.00366082 0.00594787 0.00128589 3.40706e-06 0.00315973 0.039928 0.0472291 1.0192e-05 
0.00772526 0.197466 0.000408783 7.9668e-09 0.00475221 0.00959846 0.0172108 0.00869541 0.00153395 0.0132498 0.0297055 1.07161e-05 0.00221908 0.000113739 0.0068657 0.0233984 2.51295e-07 0.215284 0.00594976 2.04835e-07 0.0261433 0.0379392 0.000738727 0.102256 5.43877e-05 0.000135479 0.264215 0.0158623 0.00846093 7.26957e-06 
3.94737e-07 0.0123744 5.81383e-07 2.49758e-11 0.00967794 0.00242398 0.0183998 0.0215121 4.62499e-11 0.000739522 0.00209491 5.97619e-06 0.00252661 8.92814e-11 1.94779e-06 1.54104e-10 8.7476e-09 4.17025e-08 0.00445069 1.62294e-10 0.0394702 6.65094e-06 1.61146e-07 0.0182155 2.72283e-08 7.21277e-09 0.00658882 0.786942 0.0745674 9.87521e-08 
0.00424406 0.114386 0.0174552 4.13622e-08 0.000469911 0.000841085 0.646334 0.0776594 0.00209464 0.00304034 0.00331376 0.000415958 2.09464e-07 0.00191939 0.00333039 2.935e-05 0.00770526 0.00358919 0.00210649 2.71989e-07 0.0858289 0.00100254 0.0014224 0.011804 2.77511e-07 0.00355836 0.00268543 0.00111997 0.00238495 0.00125808 
0.00802683 0.00794902 0.00752292 2.338e-11 0.00543615 0.0087494 0.0441545 0.0034857 0.00287846 4.53347e-07 0.00112054 8.29768e-11 1.78539e-06 0.000157917 0.00193284 1.44258e-10 6.72943e-07 5.48957e-11 0.137561 2.94141e-07 0.164937 2.13485e-08 0.0102895 0.00171535 6.42106e-11 0.000571878 0.0630863 0.0173239 0.513097 1.52848e-08 
7.34472e-08 3.3844e-07 3.30774e-07 3.57037e-12 8.88821e-07 0.00167722 2.81918e-07 0.0722125 1.34017e-06 2.62279e-07 1.25896e-07 1.26714e-11 4.14609e-08 1.2763e-11 0.00272718 2.20296e-11 4.83471e-08 7.29414e-08 0.0184181 2.32004e-11 0.799637 5.32476e-12 3.31622e-07 0.00302609 4.4135e-08 5.07956e-07 0.0259761 0.00480051 0.0715206 1.6821e-11 
0.00268313 0.00761039 0.000583863 5.09217e-06 0.306156 0.00670891 0.0637164 0.0531295 0.000865479 0.00255056 0.00197727 0.00689829 0.00794077 0.000159143 0.00107178 1.95347e-05 0.00180706 0.000265701 0.00121535 0.000145868 0.117794 0.0210842 6.19485e-06 0.0289762 0.00563194 2.20174e-05 0.00197017 0.278031 0.0809399 3.36964e-05 
2.23473e-07 0.0123308 0.0042733 2.92372e-12 0.00941767 0.0487 0.0332207 0.031982 5.4141e-12 2.14318e-07 0.00318141 0.00493001 0.00146048 2.92814e-06 0.079478 1.80397e-11 4.89623e-09 0.0101952 0.00201952 5.7097e-08 0.179253 0.000567794 1.21766e-07 0.0374162 0.000255453 3.00427e-05 0.0388204 0.288478 0.213987 1.37744e-11 
7.34472e-08 3.3844e-07 3.30774e-07 3.57037e-12 8.88821e-07 0.00167722 2.81918e-07 0.0722125 1.34017e-06 2.62279e-07 1.25896e-07 1.26714e-11 4.14609e-08 1.2763e-11 0.00272718 2.20296e-11 4.83471e-08 7.29414e-08 0.0184181 2.32004e-11 0.799637 5.32476e-12 3.31622e-07 0.00302609 4.4135e-08 5.07956e-07 0.0259761 0.00480051 0.0715206 1.6821e-11 
0.000197762 0.000128059 0.000745994 6.32516e-07 0.000351346 0.842279 0.00242579 0.00249701 0.00808973 8.26084e-05 0.0109665 1.71176e-05 0.0158319 1.44194e-05 0.00100161 0.0504905 0.000131123 0.000702254 0.00201905 0.000280544 0.00340236 0.000384838 0.000963064 0.00537776 2.46003e-05 0.00115714 0.00793862 0.0283629 0.0141342 1.90129e-06 
7.34472e-08 3.3844e-07 3.30774e-07 3.57037e-12 8.88821e-07 0.00167722 2.81918e-07 0.0722125 1.34017e-06 2.62279e-07 1.25896e-07 1.26714e-11 4.14609e-08 1.2763e-11 0.00272718 2.20296e-11 4.83471e-08 7.29414e-08 0.0184181 2.32004e-11 0.799637 5.32476e-12 3.31622e-07 0.00302609 4.4135e-08 5.07956e-07 0.0259761 0.00480051 0.0715206 1.6821e-11 
0.00029918 0.000898025 3.51e-08 7.57396e-14 0.00530686 0.00325028 0.00735489 0.00113167 2.04784e-09 5.9703e-08 0.0210147 0.000110532 0.00581591 1.61808e-05 0.00154716 4.67322e-13 2.28207e-10 0.000223875 0.00890199 8.37163e-10 1.6986e-08 1.00532e-08 0.000238079 0.0186435 1.10266e-09 6.24605e-09 0.00456857 0.897814 0.0228644 3.5683e-13 
0.00898864 0.0282303 0.00188904 1.63622e-05 0.00319838 0.012168 0.0404574 0.0171434 0.00208869 0.00155675 0.00657242 5.21454e-05 0.00771376 0.00105102 0.00446215 0.00202961 0.0010253 0.000943989 0.0200575 0.0069693 0.00556235 0.71935 0.00488995 0.0542891 0.00803916 0.000708696 0.0109564 0.0239758 0.00559022 2.39133e-05 
9.81995e-08 7.07163e-07 3.85835e-07 3.68681e-11 0.0140589 0.0378051 0.0067486 0.419262 0.0553553 3.23918e-06 0.0171012 0.00274921 0.0354037 1.31793e-10 0.0066361 2.2748e-10 7.41186e-08 8.65651e-11 2.04123e-07 8.38735e-07 0.0423205 0.00684405 0.00995047 0.0136206 1.17464e-06 7.0216e-11 0.00483063 1.1939e-06 0.327306 1.73695e-10 
0.00160927 0.0194722 0.0069382 5.75238e-06 0.00506284 0.0252175 0.0714168 0.0586214 0.0117335 0.00259227 0.0134327 0.000140923 0.00507471 0.003794 0.0220151 0.000238538 0.000171554 0.000493235 0.00851203 0.329344 0.0297353 0.219993 0.0301896 0.0506019 4.51169e-05 0.000311087 0.0510737 0.00592158 0.0261869 5.499e-05 
0.00362092 0.00453884 0.00167108 4.04304e-11 0.0352648 0.0104735 0.0294211 0.00622565 0.00422637 0.000894142 0.00560542 3.65519e-06 0.000481358 0.000322717 0.00028627 2.4946e-10 1.72075e-05 1.77454e-05 0.746091 0.000197434 0.0253378 3.7522e-05 0.000319955 0.00717181 1.49435e-05 0.00214683 0.00336882 0.0851786 0.0270643 1.19823e-09 
5.46665e-07 0.000280632 1.44056e-07 8.10867e-13 0.00263361 0.000584274 0.00426413 0.00779802 0.0129641 6.67675e-07 0.0953965 2.8778e-12 0.00459752 0.00013401 2.2737e-07 5.00314e-12 3.29322e-08 1.90389e-12 0.00600098 7.3245e-08 1.61533e-07 7.92109e-08 0.00241678 0.0112225 9.49797e-07 1.54431e-12 0.0129459 0.789103 0.0496554 2.67797e-09 
4.63561e-05 0.00174524 0.00211063 7.16167e-06 3.89119e-05 0.000123639 0.000263769 5.19429e-05 0.00221126 3.98667e-05 0.000379687 2.54171e-05 3.88851e-05 6.30808e-05 1.18825e-05 4.41883e-05 0.000443276 9.99006e-05 0.00300763 4.93757e-05 0.00100505 0.000114925 0.000271746 0.986036 0.000236832 1.36396e-05 5.21411e-05 0.000676217 0.000757427 3.37406e-05 
0.00122915 0.00161272 0.0017708 3.79169e-06 0.00265792 0.129629 0.018542 0.369903 0.000281832 0.00843176 0.00359343 3.48265e-05 0.0568655 0.000205832 0.00381757 0.00301295 4.99241e-05 0.00057487 0.0109126 5.23702e-05 0.0854868 0.0183869 0.0199562 0.0820748 0.000112456 0.000380239 0.00537012 0.118731 0.0560946 0.000224609 
0.00742684 0.0159051 0.000743446 1.03845e-05 0.041717 0.0208267 0.5573 0.0537347 0.00334608 0.0160014 0.00989751 0.000359545 0.0195612 0.000233494 0.0311081 0.000335034 0.0002063 0.00160982 0.0156537 0.00110215 0.00492137 0.0885638 0.00261 0.0388785 0.000551339 0.00130419 0.0173271 0.0258821 0.022843 4.03991e-05 
0.251097 0.00208397 9.74796e-07 6.52939e-08 2.95789e-06 0.0251263 0.00267571 0.018213 0.0221954 0.0152701 0.0706431 2.11973e-07 1.39382e-06 2.09526e-07 0.0206878 9.67327e-08 0.254237 6.68531e-05 0.0140975 2.72364e-06 0.121042 0.0235034 0.00405657 5.46581e-06 0.00070487 1.20157e-06 0.117038 0.0338609 0.00337759 6.50729e-06 
2.93008e-05 0.000426116 2.12842e-05 2.95487e-09 0.00115652 0.0204357 0.00149566 0.00589137 0.912366 5.13479e-07 5.256e-06 1.0487e-08 0.00129881 3.9302e-05 3.77725e-06 1.82319e-08 1.58813e-05 2.61181e-06 0.000868211 3.84131e-05 0.00267563 0.00205637 0.0284613 0.000965161 1.09232e-05 0.000474958 0.0145848 0.00645355 0.000220809 1.37929e-06 
0.000484105 0.0146203 3.41899e-06 3.4061e-09 3.3194e-05 0.0194661 0.08714 0.0408295 0.000457075 0.00818833 0.00539085 6.79052e-07 0.00721364 8.00998e-05 0.00262448 2.1016e-08 1.70761e-08 0.0396608 0.00296377 2.57442e-05 0.00606429 0.620607 8.67333e-07 0.06563 0.00228935 4.45638e-06 0.000582778 0.0650173 0.0106221 1.60471e-08 
0.0100676 0.0623952 0.000730931 1.00595e-07 0.000583244 0.190965 0.181594 0.0378917 0.0087591 0.00165195 0.0115926 0.00492256 0.00984762 0.000244286 0.153706 0.00183156 3.48659e-05 0.00639241 0.026768 0.00028609 0.0623696 0.0534265 0.00244936 0.0509509 0.000151347 0.00285083 0.0417521 0.0203758 0.0554088 1.69685e-07 
4.38576e-05 0.018506 0.000219689 6.57706e-09 0.00455865 0.0014267 0.13929 0.00606156 0.000104123 0.0345055 1.75646e-05 2.6109e-05 0.156675 0.00114262 0.135996 4.05812e-08 1.80681e-05 0.00127763 0.00300165 0.00670603 0.00312714 0.116774 0.00506569 2.01485e-05 0.00140609 0.0104252 0.000988241 0.00627903 0.346339 3.09863e-08 
1.24328e-06 0.00638033 2.20377e-08 3.59125e-12 0.00567719 0.022924 0.00139866 0.0902659 0.00188834 0.00375485 0.254436 1.46255e-08 0.0699905 2.15507e-05 0.00185565 2.92762e-08 0.0787343 4.66005e-06 0.000904552 4.58101e-07 0.108288 1.5711e-05 0.0450454 0.024568 0.000243328 0.000641158 0.0032458 0.108646 0.171068 3.15573e-07 
2.35876e-07 0.00490187 0.00272796 3.05968e-13 0.145131 5.67287e-05 0.0337236 0.00719306 5.82645e-09 0.00113623 0.00184683 3.23839e-07 1.58798e-08 6.81517e-05 0.00306219 1.04596e-10 1.17893e-06 8.60742e-06 0.200887 1.9882e-12 0.0942034 2.45782e-05 0.000313218 0.0104353 6.10337e-06 8.31502e-05 0.00240482 0.32659 0.165194 7.29781e-07 
0.0173332 0.00655384 0.00487315 0.00015806 0.0888548 0.020321 0.0279534 0.0296632 0.00387948 0.00237777 0.0276247 0.000415906 0.0135303 0.000932333 0.00355206 0.000526432 0.000230496 0.00207651 0.111535 0.000260854 0.0672865 0.0104158 0.0100564 0.0399772 0.000779867 0.0138921 0.115648 0.335599 0.0415278 0.00216475 
5.23316e-05 0.00492888 0.000205135 3.96867e-12 6.57934e-05 0.00560871 0.939637 5.61905e-05 0.000895544 0.000625086 0.000169087 1.4085e-11 0.0313794 1.62263e-05 0.00106547 2.44871e-11 1.98965e-11 2.80013e-07 3.78984e-05 0.000139558 0.000306061 9.01938e-05 0.000126387 0.00139543 1.86892e-07 0.000274096 0.00439525 0.00344928 0.00508013 5.32253e-09 
0.00723941 0.00267557 0.0001574 6.35885e-09 0.00124346 0.00056003 0.0929714 0.00991777 4.2227e-05 0.767941 0.0211726 2.25678e-08 0.00710236 0.00024278 0.0527281 3.92348e-08 0.000802627 2.73517e-06 0.000132882 2.71346e-05 0.000221877 0.000494363 6.00103e-05 0.0108631 0.00204878 3.1464e-06 0.000648431 0.0061128 0.0145829 5.33787e-06 
5.76913e-09 6.03082e-05 7.12812e-13 3.27006e-13 0.0022222 0.00550771 0.000494427 0.0165824 0.000273213 7.98043e-13 0.0191826 5.68792e-09 0.00480018 2.03503e-05 9.19031e-05 2.01767e-12 1.63941e-12 0.000246431 0.022862 3.61446e-09 6.97387e-08 4.8769e-13 2.50654e-05 0.0466615 8.98085e-13 0.000407233 0.00935949 0.843309 0.0278944 1.54062e-12 
0.00268164 0.0427925 0.0267543 2.07083e-10 8.30345e-06 0.0123649 0.254882 0.227526 2.55912e-06 0.00752937 0.0136543 2.58765e-06 1.09745e-05 4.26553e-07 0.00590544 1.27773e-09 0.000150934 4.86225e-10 0.00616785 1.34564e-09 0.0104609 0.00412113 0.313592 0.0706391 0.000667644 6.92324e-07 1.49837e-05 4.07114e-05 2.87661e-05 9.75624e-10 
