0.00202332 0.348947 0.0677012 2.67111e-12 5.34453e-07 3.02045e-07 0.196956 0.100895 8.38408e-07 0.00710843 0.0757395 0.00242062 5.79715e-08 3.62937e-08 0.0102763 1.64811e-11 1.33913e-11 3.02928e-07 0.0199998 1.7357e-11 0.0510123 0.0178687 0.00360659 0.0923724 7.33589e-12 0.00268544 1.19616e-06 5.63552e-07 5.44864e-07 0.000383051 
1.07735e-05 0.000566908 0.00506966 5.23488e-12 0.0380776 0.000616939 0.00520148 0.00572283 0.000545303 0.000219179 0.00342987 3.90256e-10 0.000790674 0.00101422 0.0148574 1.93843e-10 8.42922e-06 1.24215e-05 0.0543468 9.7729e-06 0.0176247 1.03252e-05 0.00192654 0.00269459 8.42716e-09 2.33267e-05 0.0044874 0.0219688 0.820764 4.09514e-09 
6.32402e-05 0.000239779 8.78836e-06 2.68667e-09 0.00473553 0.0305972 0.00656543 0.0247944 7.60925e-07 0.00781409 0.0282858 5.56047e-06 0.785152 0.00161329 0.00427863 1.76879e-06 0.000468533 0.00180714 2.6395e-05 0.00458374 4.25313e-05 0.00232028 0.0131161 0.0054971 0.00457861 0.00337154 0.00986824 0.053493 0.00667023 1.26576e-08 
0.00677444 0.00304547 0.00051059 6.23766e-05 0.0333105 0.0402869 0.00833716 0.0228756 0.21053 0.00140984 0.0544323 6.46143e-05 0.321336 0.00447459 0.0043136 0.00156398 0.000107667 0.000711798 0.0152247 7.50815e-05 0.0196176 0.0254571 0.00587652 0.0566433 0.000185398 0.00185627 0.0397271 0.050894 0.0687353 0.00156025 
5.35399e-08 0.000644834 1.00196e-07 2.95026e-13 0.0210314 0.000462175 0.00399088 0.196582 1.6882e-08 1.044e-07 0.000345065 4.97364e-08 4.40471e-09 6.32887e-09 0.000256684 1.82034e-12 1.47908e-12 0.00047908 0.0336544 1.91709e-12 0.284002 2.44201e-08 8.33042e-05 0.0228839 8.10254e-13 0.000426801 1.57364e-08 0.385718 0.0494402 2.08631e-09 
5.97664e-05 0.0267184 0.00566626 8.4612e-10 8.45719e-08 0.00103395 0.00133779 0.0821128 0.000169634 0.0204684 0.0345338 0.00218251 0.00226401 0.00111362 0.0027672 2.96542e-07 6.59455e-08 0.536664 0.00407929 0.000138666 0.0331488 0.025065 3.59681e-06 0.209027 1.54851e-05 0.00049201 0.00184229 0.0054066 0.00368816 3.9863e-09 
1.50615e-07 0.0444485 1.06891e-06 1.11445e-11 6.54016e-06 1.25302e-07 3.39009e-06 0.00363348 0.239945 0.64395 2.22155e-07 3.25124e-06 1.54048e-11 2.23134e-07 0.0064628 3.85141e-07 5.58718e-11 0.000136714 1.35829e-06 7.24175e-11 0.01155 1.66206e-11 0.0171897 9.14383e-07 1.2552e-07 2.12249e-11 0.0027223 0.0123188 0.0176249 2.63048e-08 
0.000476516 0.00270804 0.00075891 1.64703e-13 0.0655393 0.00209307 0.00317685 0.0162968 0.0618003 0.00021471 0.00922116 6.83405e-05 0.000330393 0.000315084 0.000276236 1.01624e-12 5.63287e-06 0.000461604 0.0459646 1.07025e-12 0.0982234 0.000151699 0.00407116 0.0626603 4.52338e-13 0.00133721 0.0101025 0.587404 0.0263393 2.66789e-06 
1.84646e-06 0.000234652 0.00525071 1.97318e-09 0.0011735 0.00934803 0.01235 1.91431e-05 0.000914932 1.10131e-06 0.0725686 7.00291e-09 0.576776 7.05356e-09 0.00313935 1.21748e-08 3.55608e-06 9.00946e-07 5.86245e-06 0.0333065 0.00637875 0.155555 0.00970919 0.00221612 0.000295328 0.000141222 0.00272447 0.0834839 0.0244014 9.2962e-09 
0.000159361 0.00136488 0.000312956 4.25338e-11 0.127443 0.00256535 0.00765444 0.156088 9.15386e-06 1.75561e-06 0.00445017 3.23311e-06 0.0203022 3.24756e-05 0.00651575 2.62438e-10 1.09745e-06 5.59513e-05 0.0838049 2.76387e-10 0.0669101 1.55452e-05 0.00244012 0.0413438 2.85792e-07 0.00216797 0.00746609 0.453778 0.0151136 3.25874e-08 
0.00829619 0.00834012 0.00103553 1.31438e-08 0.00451064 0.00212942 0.0304676 0.0411335 0.000456487 0.000858662 0.239163 0.000221322 0.393046 0.00018799 0.00263536 8.10988e-08 3.15626e-05 5.55192e-05 0.0130423 8.54091e-08 0.0279326 0.00101773 0.000567137 0.0131077 4.74377e-05 0.000149211 0.00154187 0.157636 0.0523701 2.0078e-05 
0.00301843 0.13192 0.000844926 2.02902e-06 0.00953226 0.0140946 0.0306262 0.0113925 0.0178277 0.014364 0.0544045 8.77362e-06 0.00608147 0.000137023 0.024135 0.0431946 3.68256e-06 0.127611 0.0116855 3.35757e-06 0.0242404 0.0291561 0.00117156 0.13613 2.0388e-05 0.000785557 0.184712 0.0947969 0.0280547 4.60238e-05 
0.000152801 0.00327463 5.12163e-07 1.66429e-09 0.0661776 0.200481 0.00597745 0.0739658 3.51381e-07 0.023704 0.0150259 5.90664e-09 3.10738e-05 0.00141159 0.0103234 1.02689e-08 8.34375e-09 0.109866 2.33528e-06 4.89963e-06 7.88249e-06 0.202498 0.000539595 0.201434 2.94431e-06 0.000297305 0.0190645 0.0657395 1.71251e-05 4.81966e-07 
0.0163998 0.0281981 0.017083 9.30919e-08 0.0128796 0.031529 0.19917 0.00656656 0.0400231 0.00224745 0.000966035 0.00138576 0.00952941 0.00285764 0.0203006 2.88101e-07 1.15562e-05 3.84327e-05 0.10093 0.0208494 0.264034 0.025673 0.0312219 0.042118 0.000216856 3.29713e-05 0.0401332 0.0591577 0.02644 6.95445e-06 
3.29306e-05 0.00344921 0.000143596 3.69664e-12 8.4833e-05 0.00943186 0.924798 9.55569e-05 0.00109227 0.000400759 0.000204041 1.31195e-11 0.04093 2.09958e-05 0.00126549 2.28087e-11 1.85327e-11 5.40159e-07 0.000148667 0.000168038 0.00037002 0.000114814 0.000158838 0.0018757 8.19147e-07 0.000313861 0.00473713 0.00428774 0.00587385 2.31414e-07 
7.34472e-08 3.3844e-07 3.30774e-07 3.57037e-12 8.88821e-07 0.00167722 2.81918e-07 0.0722125 1.34017e-06 2.62279e-07 1.25896e-07 1.26714e-11 4.14609e-08 1.2763e-11 0.00272718 2.20296e-11 4.83471e-08 7.29414e-08 0.0184181 2.32004e-11 0.799637 5.32476e-12 3.31622e-07 0.00302609 4.4135e-08 5.07956e-07 0.0259761 0.00480051 0.0715206 1.6821e-11 
0.00120907 0.000935744 0.000319389 3.8874e-07 0.00442094 0.00322278 0.00451318 0.032648 0.00454608 0.0110603 0.0134423 0.000106292 0.00819346 0.000400068 0.00120951 2.39857e-06 7.47615e-05 9.1275e-07 0.0006061 0.00227834 0.000147582 0.778059 0.00144524 0.00467658 0.0233259 7.40364e-07 0.00133784 0.101407 0.000401869 7.74469e-06 
0.000865058 0.000300995 0.00923207 7.97185e-11 0.046065 0.0087143 0.0099125 0.0392986 0.00068554 0.00488807 0.0401897 0.00140208 0.0220468 0.00161265 0.00108972 4.91872e-10 3.99661e-10 0.00515776 0.00683621 5.79593e-05 0.00434354 0.00812563 8.52877e-07 0.437531 5.00192e-09 0.00881573 0.0186362 0.31592 0.00826233 9.80206e-06 
0.00049984 0.00823637 0.00616426 6.1289e-10 8.11469e-06 0.00348867 0.226726 0.0982956 1.32356e-06 0.0810658 0.114158 1.90304e-06 4.65306e-05 2.1909e-09 0.00480542 3.80922e-06 5.21067e-06 8.23279e-06 1.00074e-05 5.95917e-05 0.0105988 0.0489353 0.0034248 0.0271848 1.96297e-06 4.33918e-07 0.00965587 0.0207883 0.335673 0.000152547 
0.0114204 0.0207038 0.00112923 2.39824e-05 0.0222274 0.0935419 0.0180402 0.0348359 0.00576836 0.00740769 0.0633246 0.000187257 0.268826 0.000897382 0.00572589 0.0228265 0.00022997 0.00619399 0.0162469 0.000179407 0.0114866 0.0179423 0.0171689 0.0426051 0.00320506 0.00281579 0.0397277 0.226771 0.0384312 0.000109719 
0.00133016 0.00271939 0.000193635 3.9754e-12 0.00541758 0.0109754 0.00101713 0.0205019 7.90163e-08 0.00143274 0.00456779 1.41089e-11 0.000242713 0.00159525 0.00169988 4.20361e-09 0.000110704 0.00130154 0.606637 4.8439e-08 0.227777 0.00557212 0.000961886 0.0112119 0.000274917 0.000303295 0.0178007 0.0749669 0.0013871 7.26186e-07 
0.0171125 0.0355 0.0141083 2.42682e-05 0.00923993 0.12337 0.0805662 0.0402586 0.03944 0.00351722 0.0206411 0.000892557 0.000864659 6.34868e-05 0.00469491 0.000496706 0.000347329 0.162726 0.0532746 4.80791e-05 0.06257 0.0171967 0.00097958 0.141307 0.0127753 0.0120468 0.0379286 0.0722863 0.0232368 0.0124859 
0.0040384 0.0085053 0.000522854 2.44106e-09 0.0141287 0.0261948 0.213488 0.444873 0.00375209 0.0018238 0.000411115 0.000272113 0.000188542 8.7261e-09 0.0747378 0.000496138 4.04834e-07 0.000353849 0.00104618 0.00260213 0.0256845 0.000771165 0.000102237 0.016992 5.61102e-05 0.000244425 0.00155997 0.121372 0.0357825 1.15005e-08 
0.000363359 0.00271791 4.2096e-07 5.65463e-11 0.00853333 0.00144971 0.100418 0.0336376 0.00148495 4.38633e-07 6.92608e-05 2.09098e-07 0.00854911 1.06731e-06 0.00464728 3.48897e-10 2.83489e-10 0.000654466 0.000924067 3.67441e-10 0.261225 0.000496427 0.00197652 0.200812 1.32749e-07 0.00340079 0.155672 0.202801 0.0101616 3.22743e-06 
1.61313e-05 6.57661e-05 0.000309001 3.11485e-07 0.0223379 0.00217483 4.93041e-05 0.161341 0.449672 3.89082e-05 0.000237253 6.10533e-06 0.00406972 0.0215532 2.63346e-05 5.04091e-07 6.05169e-05 6.18292e-05 0.0044344 4.65204e-05 0.00198629 0.000553371 0.000221228 0.170865 3.03405e-05 4.30436e-05 0.129569 0.0300948 9.15147e-05 4.37074e-05 
1.22952e-07 0.00554117 0.000718269 7.82583e-13 0.00847734 0.00635403 0.0240017 0.0209898 0.00442809 1.66732e-07 0.00284761 2.77742e-12 1.45641e-05 3.58317e-05 0.0073899 4.82863e-12 2.13437e-07 1.83748e-12 0.0877348 5.08526e-12 0.068486 1.16713e-12 0.000935915 0.00683918 6.87982e-09 0.000151865 0.0208694 0.330053 0.404131 3.68696e-12 
1.74379e-05 0.0240105 0.00480219 3.71559e-07 0.000900969 0.0502562 0.128459 0.0077215 0.0083744 0.67643 0.000345355 0.0015641 0.00142844 0.00124681 0.00211455 2.29256e-06 1.86277e-06 5.74119e-06 0.0324412 0.00123372 0.00488084 5.54134e-07 0.0116046 0.000959371 0.000230448 0.00203796 0.00670574 0.00211676 0.0301052 1.75052e-06 
0.000110648 0.00271331 0.000445568 2.86716e-10 0.0365452 0.00135806 0.0532369 0.00564033 7.66645e-07 0.0256704 0.000220945 0.000106525 0.0161506 1.64652e-05 0.786087 1.76907e-09 1.49426e-06 0.00779819 0.00110558 0.000825898 0.000613806 0.0370299 0.00203158 0.00133085 1.80082e-05 0.000409137 2.34669e-05 0.0142461 0.00626299 5.13446e-07 
5.7529e-08 0.0183083 1.00458e-05 4.19601e-09 0.00390453 0.172793 0.0569149 0.0230919 1.78842e-05 7.82668e-07 9.93201e-06 1.48918e-08 5.75379e-05 4.54075e-06 0.0213462 2.58898e-08 2.10362e-08 9.85209e-09 0.00217322 2.27339e-05 0.0018801 0.0902323 0.609175 3.10701e-06 1.17465e-05 7.99138e-09 2.40169e-06 3.04005e-05 8.52005e-06 1.97685e-08 
7.41494e-06 0.00207763 0.00060465 4.6396e-08 0.000239915 0.0115382 0.000121174 0.000700304 0.19335 0.0136773 1.17417e-05 3.62366e-05 0.0827058 0.000631128 0.0216144 0.000101155 8.09118e-05 0.000135408 0.000154378 0.376742 0.0760357 0.198154 2.7843e-05 0.00136744 0.000190287 0.000847666 0.000193822 0.00708483 0.0115676 2.18584e-07 
1.59478e-08 0.00609076 0.00715389 8.78786e-14 0.299766 0.000132009 0.0282283 0.0123792 3.0758e-09 0.00374414 0.000350737 5.94077e-06 1.21472e-13 3.14141e-13 0.00119291 5.47644e-11 4.4057e-13 0.000141698 0.0477188 5.71039e-13 0.265512 0.000100388 0.000113527 0.0102938 2.82401e-09 0.000426834 1.18251e-08 0.183442 0.133204 2.05139e-06 
2.59992e-05 0.00999746 2.94583e-06 2.85675e-10 2.61707e-06 1.97132e-06 0.100997 0.100189 0.0280199 0.0183133 0.011521 1.09996e-07 2.50614e-06 3.55649e-06 6.82274e-05 1.76265e-09 1.07907e-06 1.08821e-07 2.09788e-06 1.85633e-09 0.0114945 4.25908e-06 1.47098e-06 2.91003e-06 7.84572e-10 5.44074e-10 1.47165e-05 0.213527 0.505806 7.36816e-08 
3.46704e-06 0.731008 0.00980759 1.63507e-09 1.20569e-06 0.00676959 0.0749768 0.0657558 3.0278e-09 0.073106 3.81142e-06 7.36752e-06 3.10868e-05 5.8449e-09 5.34203e-05 1.00886e-08 1.13042e-06 3.83909e-09 1.17367e-05 1.68311e-05 7.21771e-06 0.00112805 3.33036e-09 3.96182e-06 0.000276236 9.12582e-07 8.57445e-06 1.38218e-05 0.0337842 0.00322338 
1.94587e-06 0.0177862 8.59327e-05 3.05113e-09 0.048075 0.0562655 0.0162026 0.153496 0.00172041 0.00922899 0.0449557 1.23902e-06 0.165683 0.000146265 0.00724937 1.88258e-08 6.29386e-05 9.68083e-05 0.00225849 1.12459e-05 0.00505385 0.406616 0.00248343 0.0240758 8.37956e-09 1.15921e-06 0.000799932 0.0266813 0.0109599 1.43747e-08 
4.1947e-06 1.47152e-06 1.44177e-05 9.69373e-10 0.10506 0.0606528 0.0208122 0.00704565 2.25158e-05 1.34442e-05 2.53241e-05 3.44035e-09 1.02121e-05 0.165485 1.60837e-09 5.98114e-09 2.49839e-06 2.27606e-09 0.0731509 6.29904e-09 0.00016609 2.77623e-06 0.349222 0.035577 0.000128101 0.0179861 0.164411 1.73566e-05 5.71663e-06 0.000182433 
0.00906736 0.0835581 0.0259232 1.6293e-06 0.000945821 0.0236839 0.0321931 0.0430474 0.00473935 0.00040037 0.0232253 0.000209032 1.04231e-05 0.000768498 0.0121881 9.12595e-05 0.00133626 0.00241266 0.035367 0.000105907 0.0457914 0.00925249 0.615784 0.00125435 5.02733e-05 0.00710397 0.0166298 0.0014931 0.00336366 2.83528e-06 
0.000678475 0.00134789 7.79457e-08 8.41344e-13 0.00180146 0.0116402 6.64331e-08 0.0873563 0.0144643 6.1805e-08 0.000801036 1.04539e-08 1.16297e-12 3.66953e-08 1.91259e-08 5.19119e-12 2.2797e-05 0.000357535 0.451594 5.4671e-12 0.195572 3.21232e-08 0.0021022 0.0269494 1.04003e-08 1.19698e-07 0.0100998 0.155002 0.0402096 3.9638e-12 
4.95248e-06 0.0201065 5.20287e-07 5.37944e-12 0.0168478 0.0467506 0.0314954 0.00755574 0.000183727 2.92592e-07 0.139164 6.77019e-05 0.0202717 7.95053e-09 0.0104165 6.47577e-10 1.71976e-07 0.000703874 0.052125 0.000313763 0.0112438 0.00159925 0.000985396 0.0337318 0.000171668 0.0014641 0.0104109 0.479812 0.114573 1.55063e-08 
0.00150115 0.00101165 0.00101321 7.95244e-09 0.00638289 0.0042911 0.0189719 0.53415 0.000477606 0.00153653 0.000593978 0.000302129 0.000103133 3.54818e-06 0.00440139 2.50265e-08 9.82775e-09 0.00183329 0.0341835 1.02068e-05 0.308352 0.000723317 4.00543e-06 0.00273433 2.58939e-08 0.00011267 6.84831e-05 0.0724568 0.00477958 1.54158e-06 
5.68833e-06 5.25681e-05 7.43293e-05 2.65768e-11 0.00221755 0.0802793 0.000372037 0.0117968 0.296445 5.27774e-05 0.0638075 6.66522e-08 0.0126757 0.000221471 0.000287577 4.1443e-08 0.000576352 1.33743e-05 0.0362506 4.45301e-09 0.0118256 0.000158257 0.00152157 0.16386 5.20886e-05 0.000478797 0.0697463 0.232229 0.0150005 3.16213e-08 
0.0216928 0.00523007 0.0155586 2.39218e-05 0.0239403 0.0156164 0.0377195 0.392636 0.00166732 0.00777106 0.0102264 0.00277604 0.00417728 0.000321874 0.00159105 0.000148665 0.0002441 0.00138331 0.0108945 0.00015747 0.0825182 0.0262898 0.000304849 0.105913 0.000663021 0.000528225 0.00487712 0.142146 0.0829584 2.49901e-05 
0.00116819 0.00429462 0.00177615 1.91583e-11 0.011252 0.00565595 0.0240398 0.0101752 4.41691e-07 0.00189973 0.00489919 2.68776e-05 0.00450137 0.000549453 0.0059439 1.18209e-10 0.000139097 0.00013682 0.00771212 1.24492e-10 0.00486542 4.9638e-05 0.00268617 0.00883747 1.42847e-06 4.82129e-05 0.00423784 0.793098 0.102005 1.13768e-07 
0.0183442 0.0180073 0.0280517 1.05297e-06 0.00393013 0.01085 0.493525 0.0173639 0.00325691 0.00870884 0.0182324 2.29912e-05 0.0609948 0.000348955 0.0254217 3.08932e-05 0.00774321 0.00126904 0.0168075 8.81773e-05 0.0449165 0.00777096 0.00215253 0.057567 0.0793644 0.000338478 0.0183228 0.0158471 0.0406806 4.1345e-05 
0.00024058 0.165836 0.131885 1.88455e-07 0.00724774 0.0640335 0.0575051 0.00406253 0.0240011 7.43936e-07 0.0352008 0.00123806 0.0212865 2.66835e-07 0.0186053 2.59785e-05 0.0389911 0.0136809 0.0917303 7.8795e-07 0.174189 0.0430375 0.0227174 0.00174001 9.55605e-07 0.0131904 0.0568137 0.00802043 0.00467606 4.25085e-05 
0.00134432 0.00406756 0.0682254 3.63292e-12 0.0212703 0.00153438 0.0408282 0.121271 6.7274e-12 0.032536 1.517e-05 0.0510084 0.000488796 1.56137e-07 0.165377 2.24155e-11 9.73034e-08 3.55965e-05 0.00681312 2.36069e-11 0.00499514 0.000113614 1.16898e-06 0.053402 2.25767e-06 1.01999e-08 0.000166402 0.407652 0.0188518 1.71157e-11 
0.0103593 0.027472 0.0351527 1.9833e-07 0.0144299 0.00646479 0.0393808 0.0210272 0.0352562 0.0121125 0.00306243 0.00026464 2.13821e-05 0.000204417 0.000785737 0.00424155 0.000388193 0.000160413 0.390798 0.000381099 0.216775 0.000458678 0.0922493 0.00977931 0.000473727 8.06558e-05 0.00431731 0.0597496 0.0141516 1.47703e-06 
0.0003397 0.00625814 0.00120959 5.58354e-12 0.00710534 0.00239736 0.02845 0.0120206 3.52233e-07 0.00286099 0.00211398 4.62702e-07 0.0123569 7.82281e-05 0.0043921 3.44511e-11 4.70203e-09 8.16277e-05 0.0219088 9.19909e-08 0.0394803 2.06255e-07 0.000592208 0.00256285 2.2633e-08 1.0634e-11 0.00319598 0.477839 0.374755 2.63056e-11 
0.00150115 0.00101165 0.00101321 7.95244e-09 0.00638289 0.0042911 0.0189719 0.53415 0.000477606 0.00153653 0.000593978 0.000302129 0.000103133 3.54818e-06 0.00440139 2.50265e-08 9.82775e-09 0.00183329 0.0341835 1.02068e-05 0.308352 0.000723317 4.00543e-06 0.00273433 2.58939e-08 0.00011267 6.84831e-05 0.0724568 0.00477958 1.54158e-06 
0.00214137 0.078803 0.628119 9.00847e-09 0.000156958 0.0166874 0.0402392 0.0917285 0.0216479 0.00491083 0.000158897 3.19715e-08 0.000120296 8.77538e-05 0.0255586 5.55833e-08 4.51631e-08 0.000885353 0.00199952 5.85375e-08 0.000327568 0.0516413 0.00204016 0.0169012 2.47407e-08 0.000166904 0.000568271 0.00157466 0.0134839 5.16465e-05 
7.88051e-05 5.80446e-06 0.000493804 1.08362e-06 0.000691869 0.0151677 6.00536e-05 0.000260462 0.022512 0.810172 0.0557477 3.10903e-06 0.00741331 0.000101089 0.00016447 5.40514e-06 0.0442183 7.51716e-05 0.00038502 0.00303827 0.000285732 2.32885e-05 0.0263294 0.000435211 0.000367867 0.00252415 0.00466904 0.00417546 0.00059026 4.12717e-06 
8.05208e-06 0.000433097 0.00475923 2.39471e-11 0.0301307 0.000532615 0.016137 0.00802094 0.00696296 9.28016e-05 0.00526172 1.18835e-08 0.000488641 0.000321884 0.0140553 4.72929e-10 7.74328e-08 1.01722e-05 0.248574 9.94604e-06 0.104052 1.03975e-05 0.00577451 0.00440905 3.37006e-07 5.09333e-08 0.00316611 0.0608306 0.485957 8.30637e-09 
0.000332921 0.0174389 0.000988651 2.36471e-05 0.00668921 0.0829694 0.0512622 0.0113577 0.0591169 0.00186767 0.038174 0.000104182 0.00846206 0.417992 0.000759697 0.00118919 0.00021068 0.00897284 0.00258086 0.00111234 0.0154977 0.0264048 0.00393849 0.0206993 0.000583788 0.00955773 0.189959 0.0111418 0.0105864 2.50514e-05 
1.63234e-05 0.000113263 0.000137556 3.70423e-07 0.000420744 3.1633e-05 0.0002293 0.000702701 0.973772 1.02963e-05 0.000394852 1.03385e-06 0.000101862 4.83359e-05 5.70691e-06 4.04199e-07 1.19157e-05 0.000110839 0.00133562 1.22255e-05 0.00036105 0.000108605 0.000157308 0.0141742 1.22007e-05 4.11005e-05 0.000662389 0.00694445 7.34621e-05 8.47126e-06 
0.018684 3.65412e-06 9.97901e-07 5.53708e-11 0.00554658 0.00182811 0.115458 0.30702 6.73471e-05 0.0268852 0.000263311 7.42838e-07 1.12903e-06 4.39476e-06 0.0145392 1.35785e-05 4.47145e-06 0.00105099 0.00771581 0.000652189 4.00799e-06 0.0978526 0.0146006 0.347003 2.36183e-07 3.63051e-07 1.0253e-07 0.0369684 0.00367986 0.000151241 
0.000176322 0.0117161 0.00420434 5.9875e-11 0.0160573 0.0639928 0.157848 0.102876 0.00456213 0.0274527 0.0172275 0.0011849 0.000485461 1.84908e-06 0.00347555 3.69436e-10 1.71403e-06 0.00351812 0.241645 2.36637e-07 0.0814849 0.0586648 0.0822788 0.0183653 2.84957e-06 0.00158695 0.0166041 0.0251019 0.0594826 2.36775e-06 
0.0190776 0.0240219 0.00263389 5.77006e-06 0.0170024 0.0220694 0.0274641 0.0332881 0.0397888 0.00659566 0.0468445 0.00021573 0.0075009 0.00350944 0.00693981 0.00010066 0.000590013 0.000534214 0.026636 1.88219e-05 0.12883 0.00413128 0.00388796 0.0600561 3.07311e-05 0.0171647 0.0474871 0.220297 0.233268 9.13013e-06 
4.47979e-09 0.0051684 0.00430495 1.99414e-12 0.233893 0.00155702 0.0213839 0.00870627 4.9888e-05 0.018649 0.0408362 9.65111e-07 0.000139339 0.000355012 0.00239796 1.12124e-07 5.55726e-08 0.000121477 0.0444405 5.34187e-08 0.00926159 0.000555333 0.0107871 7.68922e-08 4.70869e-05 0.000138004 0.0258352 0.0839305 0.487338 0.000103188 
0.00897691 0.00947702 0.00114296 2.75626e-10 0.00761579 0.00288811 0.0838453 0.429261 0.0147657 0.0156177 0.00424149 2.25648e-05 0.0271934 0.00357458 0.0377853 5.98531e-07 0.00264236 7.02192e-05 1.12042e-08 3.72638e-06 5.00353e-07 0.121196 1.56674e-06 0.0146728 1.96661e-06 0.000425639 0.000331871 0.144434 0.0698104 1.00388e-06 
0.000128861 0.0194302 0.00993698 5.69927e-11 0.0102879 0.00117251 0.254063 0.225623 0.000682844 0.0024606 2.92953e-07 2.23032e-05 0.0471203 0.000454193 0.00835251 1.57579e-05 0.000711776 1.45687e-06 0.00197271 0.00736577 0.285556 0.0129044 0.00189404 0.0177356 0.0124687 7.8327e-07 4.92117e-05 0.0608224 0.0187655 3.36283e-07 
1.70421e-05 0.00144159 5.94787e-05 3.45861e-12 0.000150433 0.0125061 0.881745 0.000134812 0.0012053 0.000116901 0.000261267 1.22747e-11 0.068152 3.88826e-05 0.0023202 2.134e-11 1.73394e-11 6.67033e-07 1.06413e-07 0.000334802 0.000613753 0.000173356 0.000303258 0.00278589 4.41456e-07 0.000518101 0.00862971 0.00827803 0.0102129 7.26166e-09 
0.0193636 0.00159331 0.000636173 1.16985e-06 0.00030063 4.01983e-05 0.00721125 0.00215658 2.16631e-06 0.000432809 1.71424e-05 1.87934e-05 8.82187e-05 4.75518e-05 0.000621371 7.21809e-06 7.5889e-06 1.41024e-05 0.0214926 7.60173e-06 0.0246042 4.73078e-05 3.51051e-05 0.00522981 1.2641e-05 4.01208e-05 0.000346532 0.911071 0.00454379 9.25769e-06 
0.00288798 0.101804 0.0257532 9.19398e-11 0.0023103 0.00996016 0.394711 0.0729073 1.70253e-10 0.00243309 0.000528753 0.0018711 0.00147991 4.78219e-07 0.0469348 2.06258e-05 3.83858e-06 8.00177e-06 0.0001563 0.000270784 0.0332938 0.0102702 0.0332347 0.00171844 0.00116643 1.05033e-08 0.000200802 0.21294 0.0431346 4.33153e-10 
5.70656e-06 0.00798139 4.32276e-06 6.37931e-11 8.8785e-07 0.00492453 0.292968 0.0889077 1.18131e-10 0.39503 1.14842e-06 1.9761e-07 0.0283467 5.36814e-06 0.0431025 1.26047e-08 3.1982e-10 0.00194605 0.00183955 4.14531e-10 9.73218e-07 0.0971488 0.000150675 4.35135e-06 9.61986e-08 1.21495e-10 0.00517657 0.0135965 0.0188581 3.00547e-10 
2.46112e-07 0.0170224 9.19121e-07 8.03047e-10 0.000262018 3.18795e-06 0.0380072 0.148537 4.24822e-07 0.00102479 0.343111 6.11358e-07 0.0334516 2.87066e-09 0.00481633 1.22315e-06 1.67109e-06 2.63692e-06 3.20417e-06 1.90805e-05 0.143601 3.27889e-06 5.67397e-06 0.23918 0.000476589 1.40062e-07 1.05684e-06 0.0081179 0.0221935 0.000154961 
0.00149788 0.0307689 0.020258 1.21151e-07 3.51795e-05 0.000274784 0.208881 0.0408839 2.24346e-07 0.00791141 0.000101872 0.00460678 0.000103708 4.3308e-07 0.61717 7.47515e-07 0.000101026 0.000172227 6.78879e-06 7.87245e-07 0.00914175 0.0183702 0.000168948 0.00817209 2.59472e-06 8.27488e-07 7.13561e-06 0.0162151 0.0151457 5.70775e-07 
0.000363359 0.00271791 4.2096e-07 5.65463e-11 0.00853333 0.00144971 0.100418 0.0336376 0.00148495 4.38633e-07 6.92608e-05 2.09098e-07 0.00854911 1.06731e-06 0.00464728 3.48897e-10 2.83489e-10 0.000654466 0.000924067 3.67441e-10 0.261225 0.000496427 0.00197652 0.200812 1.32749e-07 0.00340079 0.155672 0.202801 0.0101616 3.22743e-06 
0.0136249 0.0957276 0.0327333 1.53264e-08 0.000346085 0.019747 0.183371 0.00986533 1.06293e-05 0.000472747 0.00111347 0.00341636 8.90435e-05 5.47876e-08 0.593217 9.45659e-08 2.18378e-06 0.000344131 0.00026196 9.9592e-08 0.0220507 0.0104742 3.12174e-08 0.00402683 0.000406178 6.28549e-05 0.000386964 0.00624413 0.0019959 9.08137e-06 
1.80026e-09 0.000556756 0.000327119 5.47406e-13 0.354104 6.80906e-05 0.0049287 0.00203633 4.60337e-05 3.86613e-08 0.00388881 5.89538e-07 1.93401e-07 1.00639e-08 0.000700247 8.45595e-11 4.91106e-09 1.70133e-06 0.15965 3.55707e-12 0.036346 2.70872e-09 0.000591813 0.00197418 6.5933e-06 1.27056e-08 0.0040315 0.277184 0.153556 2.04816e-09 
0.000648636 0.0082791 0.00286794 5.33856e-07 0.666637 0.0436217 0.0320839 0.0143059 0.00113474 0.000659606 0.00811307 0.000179389 0.00287583 0.000371433 0.00628859 0.0154844 0.000172109 0.000187319 0.0143742 8.4995e-05 0.00692826 0.0141845 0.0247088 0.0100075 0.000204237 0.0210402 0.0251744 0.0289564 0.050416 9.55955e-06 
0.0566499 0.147082 0.115721 5.32522e-09 0.000690706 0.00258253 0.47653 0.0159412 0.00026414 0.085778 0.00387673 2.88476e-05 0.00204538 0.00245266 0.00147704 6.47323e-09 0.00731362 4.29555e-07 1.50562e-06 6.23898e-08 0.000740811 9.46645e-08 6.57323e-05 0.000276573 2.80818e-07 5.39804e-05 0.0439658 0.000488657 0.0359714 7.866e-07 
0.0444505 0.00827026 0.00453412 1.51747e-11 1.38573e-06 0.000145163 0.0839549 0.0118238 0.00247488 0.217737 1.35267e-05 0.0218019 5.18086e-05 5.42453e-11 0.0267558 9.36298e-11 2.71039e-06 7.83659e-05 8.28126e-05 9.86062e-11 0.389778 0.000216518 1.26351e-07 0.0268597 2.21873e-05 1.92125e-06 0.00024901 0.0949928 0.0657014 7.14922e-11 
0.00287393 0.000195892 0.00663876 4.84005e-11 0.0257153 1.00096e-06 0.388131 0.00190474 0.00054005 0.000977388 0.000293964 0.00788624 0.0200572 0.00232809 8.03054e-11 2.98637e-10 2.42651e-10 0.000325031 0.229481 0.00839959 0.0467136 0.00350594 1.80886e-07 0.0427716 0.074142 9.21799e-11 2.87705e-07 0.13041 0.00670707 2.28028e-10 
0.00167574 0.223091 0.0340168 1.5448e-12 0.00922498 0.00373028 0.249936 0.0303326 2.86064e-12 0.00485797 0.018543 0.0332495 7.82546e-05 4.7288e-06 0.0370717 9.53159e-12 8.80915e-05 0.000114977 0.00934798 1.00382e-11 0.0196257 0.000490939 0.00188571 0.0589768 0.00541924 0.00116283 0.00048708 0.246219 0.0101805 0.00018892 
0.000107466 0.00354622 9.49115e-05 7.22188e-13 0.00774374 0.00631398 0.000686607 0.00696919 0.00431822 6.34466e-05 0.288166 7.79902e-07 0.0817482 0.00096414 0.00020699 4.45599e-12 8.13516e-09 0.000409771 0.000919107 8.29563e-09 0.0168095 0.00587514 0.00545074 0.211449 1.66737e-08 0.00139513 0.118527 0.206489 0.0316742 7.13836e-05 
7.34472e-08 3.3844e-07 3.30774e-07 3.57037e-12 8.88821e-07 0.00167722 2.81918e-07 0.0722125 1.34017e-06 2.62279e-07 1.25896e-07 1.26714e-11 4.14609e-08 1.2763e-11 0.00272718 2.20296e-11 4.83471e-08 7.29414e-08 0.0184181 2.32004e-11 0.799637 5.32476e-12 3.31622e-07 0.00302609 4.4135e-08 5.07956e-07 0.0259761 0.00480051 0.0715206 1.6821e-11 
0.0268298 1.13802e-07 4.20438e-08 7.22362e-13 8.63438e-08 0.00215705 1.3922e-07 0.00123967 6.00624e-08 1.09829e-07 0.031848 2.56369e-12 3.6746e-08 1.30922e-07 7.95838e-08 4.45706e-12 8.18936e-05 1.36367e-07 0.67922 4.69395e-12 0.00490337 3.34075e-09 8.22491e-08 0.0442441 2.74373e-07 1.00982e-07 0.00280715 0.205102 0.00156598 4.76794e-09 
0.00315008 0.00154844 0.000917889 4.00903e-09 0.0087326 0.00896645 0.0158333 0.014698 0.000476847 0.000701872 5.0464e-06 0.00232362 0.000501778 9.96804e-09 0.00101261 1.26133e-08 1.43448e-06 0.000218246 0.029498 0.00024242 0.544324 8.37095e-05 0.00178636 0.00346408 1.66652e-05 0.00336869 0.0207494 0.218314 0.119065 6.29385e-08 
0.0015074 6.71747e-06 0.000247471 8.51986e-08 0.0560516 0.00225669 0.000473047 0.0272203 1.98707e-05 0.00669515 0.00132483 0.000702208 0.0155039 0.000986909 0.000481095 2.46301e-07 4.34778e-07 6.57152e-05 0.00733083 1.00254e-06 0.0458365 0.0442696 0.000371773 0.364591 0.212445 2.26743e-06 0.071298 0.133777 0.00653274 1.67483e-07 
3.81703e-08 7.62219e-05 1.06645e-06 6.71393e-10 0.00070073 0.0060113 0.000103723 0.00129604 6.22274e-07 0.0004376 0.0196611 2.3828e-09 0.86129 1.31531e-06 0.00255785 4.14257e-09 1.85994e-07 4.77363e-08 5.37538e-07 0.000717236 0.0246982 0.010957 0.0294223 0.00369882 7.08536e-05 2.1669e-06 0.00918964 0.00854805 0.0205569 3.16312e-09 
1.38055e-07 9.80638e-05 4.59854e-05 2.88961e-09 8.72742e-05 0.764117 0.00117208 0.00124775 0.00244412 0.000201666 0.00545837 3.95399e-06 0.0356609 8.46129e-06 0.00118827 0.146439 1.02155e-05 0.000419505 0.000261544 0.000783452 0.000263186 0.00090911 0.00155535 0.00245942 4.47831e-05 0.0019921 0.0123173 0.0114736 0.0093373 1.19086e-08 
0.000363359 0.00271791 4.2096e-07 5.65463e-11 0.00853333 0.00144971 0.100418 0.0336376 0.00148495 4.38633e-07 6.92608e-05 2.09098e-07 0.00854911 1.06731e-06 0.00464728 3.48897e-10 2.83489e-10 0.000654466 0.000924067 3.67441e-10 0.261225 0.000496427 0.00197652 0.200812 1.32749e-07 0.00340079 0.155672 0.202801 0.0101616 3.22743e-06 
0.0371889 0.000938118 0.00175272 8.09133e-11 0.001278 0.361112 0.00982084 0.0171695 0.0146175 0.00299557 0.0617242 1.65765e-10 0.0187853 0.000222524 0.000963995 1.50791e-05 0.000346959 0.000265734 0.198215 5.56705e-07 0.00411598 0.000311297 0.0112296 0.0111926 0.000249231 0.00224689 0.0216495 0.158768 0.0628242 1.76025e-08 
0.00737521 0.00435285 0.00122048 1.78688e-06 0.018546 0.000108975 0.0193686 0.0378202 0.00304046 0.00134206 0.00683743 0.000115582 0.00313012 0.000176748 0.00153524 1.79609e-06 3.18778e-06 8.52948e-06 0.540396 1.77851e-05 0.0886185 0.000849109 0.00043169 0.0865779 3.45034e-05 0.00495736 0.000371486 0.125356 0.0473438 6.04927e-05 
0.000955711 0.000444976 0.000244466 7.26168e-07 0.00571119 0.0354219 0.00592548 0.0350016 0.000439148 0.00762739 0.092722 4.15653e-06 0.704109 0.00130889 0.00167276 1.23895e-06 0.000113503 0.000860075 0.00228927 0.00174517 0.0010953 0.00149561 0.00368872 0.0104836 0.00649606 0.00388137 0.0111798 0.0441754 0.020904 9.15772e-07 
0.00631801 0.00493588 8.74969e-05 1.08513e-06 0.000527797 0.0420613 0.000635001 0.0612821 0.171355 0.000172677 0.0137866 0.00292874 0.000978497 0.000860402 0.00217785 9.20426e-06 5.27038e-05 0.00250257 0.0141792 0.000172231 0.0905566 4.5945e-05 0.0224589 0.171167 1.81964e-05 0.00160782 0.0855055 0.0907676 0.212813 3.60477e-05 
0.00315008 0.00154844 0.000917889 4.00903e-09 0.0087326 0.00896645 0.0158333 0.014698 0.000476847 0.000701872 5.0464e-06 0.00232362 0.000501778 9.96804e-09 0.00101261 1.26133e-08 1.43448e-06 0.000218246 0.029498 0.00024242 0.544324 8.37095e-05 0.00178636 0.00346408 1.66652e-05 0.00336869 0.0207494 0.218314 0.119065 6.29385e-08 
0.00619865 0.0162992 1.82563e-08 6.29664e-13 0.00794882 0.0136803 0.00139449 0.00687534 0.00153055 9.37517e-09 0.221396 1.09523e-08 0.0622995 4.5062e-05 1.52541e-08 3.8851e-12 4.42261e-09 0.000347538 1.9333e-07 6.95979e-09 1.31154e-07 9.39065e-13 0.000191573 0.124929 1.24527e-08 0.000472584 0.15207 0.367225 0.0170954 2.96652e-12 
0.000122819 0.00304423 0.000104899 1.35178e-08 0.00241993 0.123108 0.0120399 0.0212467 0.000327453 0.000526265 0.0170085 2.90542e-06 0.0148436 2.704e-06 0.00252832 0.000737288 0.00201382 7.93974e-07 0.00400076 4.73673e-06 0.03881 1.15228e-05 0.000242875 0.0038608 6.9795e-05 0.000340162 0.0457425 0.690217 0.0166219 5.34213e-08 
0.0179874 0.11259 0.0144995 3.11762e-11 1.12005e-05 0.000293067 0.423101 0.00472512 1.43127e-07 0.306669 0.000290934 0.00117095 8.76974e-05 1.31853e-06 0.0205979 1.92361e-10 1.32515e-06 0.000262865 0.000408581 2.02584e-10 0.00212573 0.000369041 9.8717e-06 0.00201918 1.32601e-05 1.39591e-07 9.81763e-05 0.0913603 0.00130655 1.46879e-10 
1.26547e-05 0.00199558 0.0112543 4.59831e-09 0.0218761 0.00175084 0.00314376 0.00966367 0.128019 0.000194338 0.0250522 4.92447e-07 0.000690065 0.122119 6.41101e-06 7.7809e-09 0.00364195 5.29679e-05 0.0289909 6.60822e-05 0.0039534 0.0291638 0.0630708 0.481049 3.3716e-06 0.00642818 0.00597913 0.0321962 0.0195578 6.78958e-05 
0.000267897 0.0367675 0.2998 9.95266e-11 0.0038973 0.00160613 0.120457 0.0578282 0.000651216 0.140265 0.00379371 8.97446e-05 0.0356145 1.31633e-07 0.103621 6.1409e-10 4.98966e-10 3.19502e-05 0.000164365 4.47287e-08 0.000440161 0.000379669 0.00544833 6.9728e-05 0.000994744 1.89551e-10 0.0094814 0.139598 0.0387288 3.40872e-06 
9.1331e-06 0.00157004 6.46325e-05 3.41848e-12 8.45806e-05 0.00721108 0.929316 7.22337e-05 0.00115137 0.000123076 0.000139983 1.21323e-11 0.0403442 2.08468e-05 0.00136983 2.10924e-11 1.71382e-11 3.58761e-07 7.91386e-08 0.000179397 0.000328815 0.000115949 0.00016248 0.00179408 2.38498e-07 0.00035238 0.00462314 0.00443473 0.00653145 5.4756e-09 
0.000186963 0.0287877 0.124708 6.97094e-09 0.000510976 0.0316142 0.0409585 0.149489 0.000466983 0.00425725 4.82536e-06 0.00582576 0.00646425 2.49191e-08 0.0259384 4.30115e-08 8.29254e-06 5.60685e-05 3.79574e-05 0.00445226 0.00280876 0.472199 0.00366082 0.00594787 0.00128589 3.40706e-06 0.00315973 0.039928 0.0472291 1.0192e-05 
0.000110648 0.00271331 0.000445568 2.86716e-10 0.0365452 0.00135806 0.0532369 0.00564033 7.66645e-07 0.0256704 0.000220945 0.000106525 0.0161506 1.64652e-05 0.786087 1.76907e-09 1.49426e-06 0.00779819 0.00110558 0.000825898 0.000613806 0.0370299 0.00203158 0.00133085 1.80082e-05 0.000409137 2.34669e-05 0.0142461 0.00626299 5.13446e-07 
0.0319867 0.0165365 0.000797044 4.59645e-05 0.0121271 0.0419292 0.0245453 0.123704 0.0261902 0.00223211 0.0240471 9.36616e-05 0.00640658 0.00683303 0.00673706 0.00021884 0.000989392 0.000347531 0.292533 0.00303336 0.0217849 0.0266632 0.00906959 0.0369123 0.000342742 0.00440831 0.157966 0.0412849 0.0800523 0.000182118 
9.19497e-07 2.01969e-06 1.94847e-09 8.93869e-10 3.28068e-06 0.00444908 3.29088e-06 0.0100158 0.000715004 1.5073e-06 1.27303e-06 2.71639e-08 0.0586018 3.19533e-09 1.15013e-05 5.51528e-09 4.48132e-09 3.38432e-08 0.0060712 5.80841e-09 8.02757e-07 1.09632e-06 0.000205074 0.00270689 3.95858e-08 4.53226e-06 0.0228724 0.342495 0.551838 1.42574e-07 
0.000348618 0.00728759 0.00653082 1.23696e-08 0.0990127 0.000569088 0.0174098 0.0664899 0.0775223 0.0068495 0.131399 0.00289561 0.00577267 0.00245077 0.0199696 3.2602e-08 5.40618e-05 0.000239748 0.0348073 0.000185725 0.0538063 0.0521753 0.00445396 0.139351 0.000522683 8.50558e-06 0.00333701 0.19999 0.0665571 2.8155e-06 
0.0124703 0.0176546 0.00288938 0.000166449 0.00512389 0.071567 0.0499858 0.0979865 0.0136111 0.00824058 0.0365296 0.00124817 0.0159741 0.00399266 0.0032456 0.00236875 0.00113198 0.00143703 0.0544544 0.00895749 0.0285073 0.143469 0.0200293 0.118617 0.00537176 0.000827834 0.00826043 0.0765112 0.188113 0.00125705 
0.00588903 0.0241057 0.00516657 9.37313e-05 0.00193534 0.0723752 0.0452818 0.204626 0.0429163 0.0174838 0.0238913 0.00343929 0.00110654 0.00358239 0.00302745 0.00633433 0.000323687 0.0019717 0.0366453 0.000603649 0.0273021 0.160953 0.0193927 0.212095 0.000183827 0.0031609 0.0161703 0.0286696 0.0251127 0.00616162 
0.00474105 0.0174156 1.68273e-09 7.71961e-10 6.30148e-07 0.100162 0.0130976 0.00886072 0.00818402 1.37163e-06 0.00156639 0.000623381 0.689974 4.90306e-05 0.00532772 4.76309e-09 3.45769e-06 1.81254e-09 3.2858e-06 0.0027486 0.0191538 9.47475e-07 0.0126631 0.00245179 0.000637861 1.47022e-09 0.000554235 2.32536e-07 0.111779 3.63692e-09 
0.00802683 0.00794902 0.00752292 2.338e-11 0.00543615 0.0087494 0.0441545 0.0034857 0.00287846 4.53347e-07 0.00112054 8.29768e-11 1.78539e-06 0.000157917 0.00193284 1.44258e-10 6.72943e-07 5.48957e-11 0.137561 2.94141e-07 0.164937 2.13485e-08 0.0102895 0.00171535 6.42106e-11 0.000571878 0.0630863 0.0173239 0.513097 1.52848e-08 
7.34472e-08 3.3844e-07 3.30774e-07 3.57037e-12 8.88821e-07 0.00167722 2.81918e-07 0.0722125 1.34017e-06 2.62279e-07 1.25896e-07 1.26714e-11 4.14609e-08 1.2763e-11 0.00272718 2.20296e-11 4.83471e-08 7.29414e-08 0.0184181 2.32004e-11 0.799637 5.32476e-12 3.31622e-07 0.00302609 4.4135e-08 5.07956e-07 0.0259761 0.00480051 0.0715206 1.6821e-11 
0.00268313 0.00761039 0.000583863 5.09217e-06 0.306156 0.00670891 0.0637164 0.0531295 0.000865479 0.00255056 0.00197727 0.00689829 0.00794077 0.000159143 0.00107178 1.95347e-05 0.00180706 0.000265701 0.00121535 0.000145868 0.117794 0.0210842 6.19485e-06 0.0289762 0.00563194 2.20174e-05 0.00197017 0.278031 0.0809399 3.36964e-05 
0.00347396 0.00888792 0.00167051 1.31823e-07 9.00815e-05 0.0103395 0.0552306 0.504657 5.7977e-06 0.00233728 0.000485585 0.000603775 0.00215881 0.000956954 0.330248 0.000235176 0.00162392 0.00676736 5.02449e-05 0.000178277 7.02324e-05 0.0352288 0.00688734 0.0189624 0.000191391 5.36725e-05 6.15169e-05 0.00203944 0.00650364 6.21055e-07 
0.0959499 0.517611 0.00672299 9.41029e-11 0.00265273 0.000404318 0.210318 0.0222516 0.000725048 0.00158749 0.044079 0.000175206 0.00724374 8.6269e-05 0.000170899 4.76284e-08 5.22465e-06 6.74041e-05 0.00115501 4.62338e-05 0.00577204 0.00456848 0.00909432 0.00807794 0.000147287 3.86866e-05 0.035736 0.00406786 0.0212446 3.41288e-07 
7.34472e-08 3.3844e-07 3.30774e-07 3.57037e-12 8.88821e-07 0.00167722 2.81918e-07 0.0722125 1.34017e-06 2.62279e-07 1.25896e-07 1.26714e-11 4.14609e-08 1.2763e-11 0.00272718 2.20296e-11 4.83471e-08 7.29414e-08 0.0184181 2.32004e-11 0.799637 5.32476e-12 3.31622e-07 0.00302609 4.4135e-08 5.07956e-07 0.0259761 0.00480051 0.0715206 1.6821e-11 
0.00286061 0.00325588 0.000268584 5.46118e-09 5.61782e-06 0.00828284 0.308986 0.395744 1.94031e-05 0.0149386 0.015836 1.48864e-05 0.00112258 5.83919e-05 0.0625237 3.36961e-08 1.37026e-05 0.0561977 0.0101122 0.00209736 0.00743379 0.00285687 2.78911e-06 2.89741e-05 2.82428e-06 1.04009e-08 0.0010759 0.104444 0.00181228 3.92697e-06 
0.00372111 0.00591244 0.00814274 1.60642e-05 0.0219925 0.0473051 0.0337684 0.0165249 0.0818089 0.00788988 0.00661699 3.66776e-05 0.00905392 0.00171174 0.0023907 3.93275e-05 0.000272585 0.000132411 0.0709505 0.00245241 0.0383626 0.00606058 0.0115897 0.0683409 5.41965e-05 0.00208264 0.170886 0.273038 0.108457 0.000389 
1.80397e-05 0.00197743 0.000109344 1.42978e-07 0.014869 0.0103243 0.020581 0.0192402 0.000146519 0.0386079 0.201091 0.000246219 0.0897928 6.82524e-05 0.000202124 9.2568e-07 0.000348734 0.000218033 0.00721754 0.00542003 0.00332503 0.431666 0.00611059 0.066325 0.00204117 0.000133234 0.0388181 0.0151336 0.0259666 5.45786e-07 
9.81995e-08 7.07163e-07 3.85835e-07 3.68681e-11 0.0140589 0.0378051 0.0067486 0.419262 0.0553553 3.23918e-06 0.0171012 0.00274921 0.0354037 1.31793e-10 0.0066361 2.2748e-10 7.41186e-08 8.65651e-11 2.04123e-07 8.38735e-07 0.0423205 0.00684405 0.00995047 0.0136206 1.17464e-06 7.0216e-11 0.00483063 1.1939e-06 0.327306 1.73695e-10 
0.00208823 0.015995 0.0111666 2.24071e-05 0.0239883 0.0501777 0.0537756 0.342738 0.00640502 0.00369778 0.0216749 0.00057758 0.00463814 0.0106601 0.0451375 9.08957e-05 0.0224655 0.0179627 0.0147393 0.000590155 0.0313791 0.0177289 0.0304355 0.0469697 5.30608e-05 0.0013551 0.0436409 0.03979 0.140013 4.36951e-05 
4.63561e-05 0.00174524 0.00211063 7.16167e-06 3.89119e-05 0.000123639 0.000263769 5.19429e-05 0.00221126 3.98667e-05 0.000379687 2.54171e-05 3.88851e-05 6.30808e-05 1.18825e-05 4.41883e-05 0.000443276 9.99006e-05 0.00300763 4.93757e-05 0.00100505 0.000114925 0.000271746 0.986036 0.000236832 1.36396e-05 5.21411e-05 0.000676217 0.000757427 3.37406e-05 
0.00122915 0.00161272 0.0017708 3.79169e-06 0.00265792 0.129629 0.018542 0.369903 0.000281832 0.00843176 0.00359343 3.48265e-05 0.0568655 0.000205832 0.00381757 0.00301295 4.99241e-05 0.00057487 0.0109126 5.23702e-05 0.0854868 0.0183869 0.0199562 0.0820748 0.000112456 0.000380239 0.00537012 0.118731 0.0560946 0.000224609 
0.00742684 0.0159051 0.000743446 1.03845e-05 0.041717 0.0208267 0.5573 0.0537347 0.00334608 0.0160014 0.00989751 0.000359545 0.0195612 0.000233494 0.0311081 0.000335034 0.0002063 0.00160982 0.0156537 0.00110215 0.00492137 0.0885638 0.00261 0.0388785 0.000551339 0.00130419 0.0173271 0.0258821 0.022843 4.03991e-05 
0.251097 0.00208397 9.74796e-07 6.52939e-08 2.95789e-06 0.0251263 0.00267571 0.018213 0.0221954 0.0152701 0.0706431 2.11973e-07 1.39382e-06 2.09526e-07 0.0206878 9.67327e-08 0.254237 6.68531e-05 0.0140975 2.72364e-06 0.121042 0.0235034 0.00405657 5.46581e-06 0.00070487 1.20157e-06 0.117038 0.0338609 0.00337759 6.50729e-06 
2.93008e-05 0.000426116 2.12842e-05 2.95487e-09 0.00115652 0.0204357 0.00149566 0.00589137 0.912366 5.13479e-07 5.256e-06 1.0487e-08 0.00129881 3.9302e-05 3.77725e-06 1.82319e-08 1.58813e-05 2.61181e-06 0.000868211 3.84131e-05 0.00267563 0.00205637 0.0284613 0.000965161 1.09232e-05 0.000474958 0.0145848 0.00645355 0.000220809 1.37929e-06 
0.00401011 0.0326857 0.00503682 3.02628e-12 0.00680895 0.00340679 0.411741 0.0134134 5.60402e-12 0.0198297 0.000592151 0.000494103 0.000600186 3.00602e-05 0.0506051 1.86725e-11 3.88107e-08 0.000144119 0.010607 0.000409379 0.00149984 0.00668791 0.00295072 0.021432 0.000545525 5.76361e-12 0.000287622 0.397121 0.00906103 1.42576e-11 
7.34472e-08 3.3844e-07 3.30774e-07 3.57037e-12 8.88821e-07 0.00167722 2.81918e-07 0.0722125 1.34017e-06 2.62279e-07 1.25896e-07 1.26714e-11 4.14609e-08 1.2763e-11 0.00272718 2.20296e-11 4.83471e-08 7.29414e-08 0.0184181 2.32004e-11 0.799637 5.32476e-12 3.31622e-07 0.00302609 4.4135e-08 5.07956e-07 0.0259761 0.00480051 0.0715206 1.6821e-11 
0.000484105 0.0146203 3.41899e-06 3.4061e-09 3.3194e-05 0.0194661 0.08714 0.0408295 0.000457075 0.00818833 0.00539085 6.79052e-07 0.00721364 8.00998e-05 0.00262448 2.1016e-08 1.70761e-08 0.0396608 0.00296377 2.57442e-05 0.00606429 0.620607 8.67333e-07 0.06563 0.00228935 4.45638e-06 0.000582778 0.0650173 0.0106221 1.60471e-08 
6.32406e-05 0.00132011 0.000591126 2.09851e-12 0.0896175 0.000980655 0.00410317 0.041428 0.000280568 1.92886e-07 0.00928832 7.44769e-12 0.00103864 0.000109999 0.00115067 1.2948e-11 0.000689791 5.2775e-09 0.0077028 1.36362e-11 0.0179994 3.12966e-12 0.000651682 0.000534353 9.35307e-06 4.63081e-05 0.0274653 0.140007 0.654922 9.88663e-12 
