0.0151132 0.0297586 0.000599073 0.000233437 0.37987 0.00907059 0.00367034 0.0237977 0.00363849 0.00162012 0.00862093 4.60158e-05 0.000736839 4.5921e-05 0.000529907 4.52643e-11 8.5775e-08 0.0320939 0.148371 9.59189e-08 0.120971 0.00349202 0.00030117 0.00947762 0.00134286 0.00346078 0.00863371 0.103592 0.090912 4.16124e-07 
0.0119524 0.0126703 0.0011448 5.7418e-05 0.336604 0.00854913 0.0356007 0.033606 0.0300237 0.0104243 0.0588053 1.98292e-06 0.0411945 0.00014756 0.00315078 4.15898e-08 0.00168964 0.000837612 0.0646329 0.00820417 0.00552549 0.0102764 0.00135662 0.157775 0.062351 0.00346992 0.011669 0.0709964 0.0172075 7.52282e-05 
0.0134701 0.0366888 0.00995414 0.000445149 0.211331 0.0194493 0.022414 0.0319094 0.0100641 0.00166678 0.00361579 0.00294401 0.000851949 0.0164072 0.00825135 2.89075e-07 1.37478e-05 0.00219308 0.118914 2.91475e-06 0.132942 0.00657047 0.0149937 0.059769 5.96302e-06 0.00230893 0.0271028 0.181542 0.0641212 5.73834e-05 
0.00236991 0.00212162 0.000637006 8.22479e-06 0.834211 0.00524346 0.0133319 0.00441798 0.00120732 0.00136053 0.00214552 6.658e-11 0.00347885 8.4527e-05 0.00153763 2.98209e-11 9.71243e-05 0.000432936 0.0512565 0.000170469 0.010066 0.000534521 0.00268565 0.0104168 0.000368782 0.0010738 0.00239322 0.0262574 0.0220867 4.72482e-06 
0.00431274 0.00806841 0.00347971 0.00231558 0.304442 0.0282816 0.0611171 0.0200872 0.00407333 0.0232836 0.0528887 0.000657903 0.0639221 0.00045326 0.221551 1.14007e-07 0.000882088 0.00402561 0.0138223 0.00161319 0.0177412 0.00114815 0.00127068 0.00862578 0.0628444 0.00984162 0.00326641 0.0528265 0.0231564 1.56696e-06 
0.00203615 0.00614752 0.0129707 0.000180514 0.260425 0.0208488 0.0678843 0.00824478 0.000318268 0.0025002 0.0023663 0.0018925 0.00297884 2.20084e-08 0.102615 2.72376e-10 0.000133346 0.00125139 0.00515292 0.000286131 0.17183 0.00106871 0.00683088 0.0135071 4.3353e-05 0.138788 0.0122749 0.0494929 0.107914 1.83107e-05 
0.0115619 0.00214495 0.00280135 7.57647e-05 0.386721 0.00460885 0.0155742 0.0110401 0.00118253 0.00214572 0.00491593 0.0011275 0.00231803 0.000102958 0.00167423 4.96386e-08 4.20191e-05 0.00144913 0.0234701 4.67833e-06 0.330599 0.000721817 0.000662731 0.00307639 6.72224e-05 0.0991065 0.00343538 0.0751783 0.0141865 5.03275e-06 
0.00602162 0.00217262 0.00531388 0.000131165 0.677867 0.00177542 0.0220109 0.00393697 0.00369416 0.00107768 0.00325324 1.89171e-06 0.00128541 6.65012e-12 0.00477156 1.4727e-10 9.86391e-10 0.000156427 0.00642939 7.31633e-07 0.00715118 0.000527608 0.00144381 0.0233098 0.211745 0.00606659 0.00256257 0.00321373 0.0040731 6.40883e-06 
0.0067873 0.00685805 0.000698737 8.11497e-05 0.656784 0.0034993 0.0127766 0.0105235 0.00204784 0.000954012 0.00207359 8.77443e-06 0.00180368 0.000264846 0.00114297 1.03231e-08 5.18765e-05 0.000840417 0.0543745 0.000369754 0.0847388 0.00195649 0.00149534 0.0334165 0.000216736 0.0183726 0.00484755 0.065682 0.0273303 2.60273e-06 
0.0208694 0.0411089 0.00421434 0.000128254 0.220034 0.00616667 0.0809871 0.0246116 0.00355647 0.00231164 0.0108054 0.000326488 0.00353542 0.000195977 0.00647084 1.1864e-06 2.83908e-05 0.00080598 0.0696629 0.000312881 0.103512 0.00546776 0.00678434 0.0286392 0.136503 0.00714678 0.00923595 0.117959 0.0886169 1.22487e-06 
0.0287694 0.00294055 0.000844461 8.99753e-05 0.484358 0.0113487 0.0046463 0.00853523 0.010047 0.00151647 0.0373574 0.00136353 0.0245014 0.000325439 0.00281296 6.21091e-08 0.000146787 0.00154388 0.0950665 0.000142178 0.0531288 0.0136592 0.00206714 0.0420658 0.000138897 0.00224333 0.0142655 0.112953 0.0430039 0.000118017 
0.00501917 0.00741775 0.000224314 0.000144145 0.881863 0.00135918 0.00050442 0.00213752 0.0026612 6.50599e-05 0.00256805 4.47708e-06 0.000106531 3.09332e-05 3.30942e-05 9.17831e-09 4.51129e-09 0.00118059 0.00148948 1.78624e-06 0.00767185 0.000239326 0.000127671 0.0543219 3.38628e-05 0.00250392 0.00342185 0.0193082 0.00555963 1.09634e-06 
0.000499727 0.00438792 0.000675845 0.00100048 0.690406 0.0450875 0.0550108 0.0169108 2.31792e-05 0.00197697 0.0383494 0.000540817 0.00307966 0.00221304 0.00010631 1.15188e-07 1.79502e-05 0.000148346 3.3887e-05 0.00101363 0.00395158 0.0478291 0.000195274 0.0057011 0.000205474 0.00890633 0.00261297 0.0589094 0.0101493 5.75836e-05 
3.68206e-05 0.0105561 0.000956384 0.197711 0.317916 0.00742209 0.00807862 0.0100775 0.0141537 3.14259e-08 0.0204523 0.0652915 0.000138678 0.000110784 9.38153e-08 4.48385e-08 4.14722e-06 0.0240448 0.00488473 0.00441979 0.00966241 0.000132553 0.0502065 0.093018 0.000472369 0.00127568 0.128288 0.0258423 0.0048394 7.7136e-06 
4.80895e-09 8.10589e-05 0.000371744 1.7845e-09 0.750824 3.48573e-05 6.28226e-09 0.00109208 9.54858e-08 8.70887e-09 0.0056794 1.08257e-09 4.09067e-09 1.47787e-08 2.62083e-08 2.68484e-12 2.18151e-12 1.28743e-08 0.0635291 2.82754e-12 0.0202673 2.45311e-08 1.56884e-08 0.0145285 9.33012e-06 9.61403e-09 0.00244242 0.123322 0.0178175 1.23208e-09 
4.6287e-05 0.000861161 0.000625381 5.33513e-05 0.849285 0.00496902 0.031692 0.00378808 0.000913422 0.00014003 0.00903288 1.3553e-08 0.000775259 2.19181e-08 0.000343122 1.42196e-12 1.15539e-12 0.000840389 0.00479841 8.00325e-08 0.0281796 0.00218397 0.000432316 0.0192544 9.10667e-06 0.00437881 0.00512304 0.0244593 0.00781016 5.06885e-06 
0.0100087 0.0214283 0.000454811 0.00162077 0.562786 0.0176399 0.00861356 0.0370457 0.00964754 0.000286119 0.0127984 3.46769e-06 0.00630359 0.00396978 0.000313767 8.1698e-07 0.00727749 0.00305202 0.0530139 0.00206793 0.00720066 0.007892 0.00111543 0.187089 0.000124357 0.00582987 0.0190586 0.0105162 0.00283309 8.02412e-06 
0.00271064 0.0122789 0.00200004 1.51772e-05 0.471606 0.00296761 0.0558421 0.00998471 0.00101822 0.0051522 0.0030226 4.33796e-05 0.00046169 9.30388e-06 0.00667221 1.93848e-12 5.09646e-07 0.000492894 0.0530772 3.82699e-10 0.0410034 4.19526e-05 0.00661337 0.0246777 4.26148e-05 0.0118003 0.00334125 0.25935 0.0257739 6.93535e-10 
0.0274453 0.0616056 0.0013366 0.000310115 0.5254 0.0329606 0.00856903 0.0423858 0.00885952 0.00554938 0.0111233 3.83279e-06 0.00174239 0.000149583 0.000681193 0.000469168 5.23196e-05 0.0118727 0.0244872 7.55038e-05 0.0247959 0.0115487 0.00221236 0.0890346 0.000329479 0.0082951 0.0309535 0.0498274 0.0178938 3.03488e-05 
5.00183e-05 0.000370772 9.49475e-08 6.92679e-05 0.285304 0.00109641 0.000420891 0.0007857 0.00505568 0.0197784 8.20311e-05 1.54588e-07 0.0670144 1.55706e-07 0.000451709 2.68756e-07 0.000241389 0.155685 0.0127613 2.8304e-07 0.00203384 0.231047 0.000415916 0.00947302 1.19626e-07 0.202015 0.000487233 3.70396e-05 0.00515687 0.000166036 
0.0017287 0.00154521 0.00047938 7.39085e-06 0.880661 0.00378201 0.0095672 0.00318679 0.000886861 0.00100358 0.00155693 3.93987e-08 0.00253171 9.02152e-05 0.00112623 1.81148e-08 8.72538e-05 0.000327872 0.0367333 0.00014571 0.007235 0.000399612 0.00196242 0.00748588 0.00028487 0.000790809 0.00173201 0.018809 0.015847 6.51218e-06 
0.000203036 0.00508717 0.000489819 0.032722 0.271617 0.0698519 0.0255595 0.0255602 0.000968769 0.015675 0.0301955 7.63581e-05 0.00747485 0.00152041 0.000947076 1.09086e-09 0.000215988 0.00470529 0.0162225 1.95294e-05 0.0525995 0.0131267 0.0024995 0.0244971 0.00118257 0.245879 0.0272841 0.0909856 0.0328292 5.09617e-06 
0.00501917 0.00741775 0.000224314 0.000144145 0.881863 0.00135918 0.00050442 0.00213752 0.0026612 6.50599e-05 0.00256805 4.47708e-06 0.000106531 3.09332e-05 3.30942e-05 9.17831e-09 4.51129e-09 0.00118059 0.00148948 1.78624e-06 0.00767185 0.000239326 0.000127671 0.0543219 3.38628e-05 0.00250392 0.00342185 0.0193082 0.00555963 1.09634e-06 
0.0107005 0.00351572 0.000351576 7.63181e-05 0.881667 0.000863848 0.000284135 0.00126984 0.0110739 6.70185e-06 0.00151346 3.58707e-09 0.000121435 6.27669e-13 1.15736e-09 1.08338e-12 6.06181e-07 0.00134841 0.00493408 1.14097e-12 0.00238076 6.314e-05 0.000140276 0.0706281 6.59244e-05 0.00103804 0.00156815 0.00368339 0.00270167 3.41186e-06 
0.00254321 0.00171514 0.00100338 1.03111e-05 0.586102 0.000600127 0.0198361 0.00345935 9.1224e-05 0.000901331 0.00964953 0.00154851 0.000308712 5.05248e-06 0.00741718 2.9649e-07 0.000658623 0.000294405 0.0536524 5.35392e-06 0.118829 0.000239548 0.0014752 0.00445669 2.247e-05 5.99749e-05 0.00150215 0.137104 0.0464956 1.3874e-05 
2.19895e-05 8.06587e-05 0.000117162 1.06614e-05 0.959416 0.000764687 0.000780688 0.000622631 0.000986101 1.94556e-05 0.00151895 3.63318e-13 2.49918e-05 3.65946e-13 6.03858e-09 6.31639e-13 5.13226e-13 0.000119237 0.00575389 6.65211e-13 0.00514567 1.44617e-05 0.000235156 0.0103554 1.82052e-05 0.00221344 0.0024387 0.00575485 0.00358609 1.18518e-06 
0.014648 0.0102352 0.0135344 0.000110324 0.18347 0.0283006 0.0102783 0.0197196 0.00309147 0.00120728 0.03953 1.24143e-05 0.0766805 0.000909234 0.0018289 4.41266e-11 5.86933e-08 0.000422177 0.0248229 6.23017e-08 0.0662236 5.96029e-05 0.00276686 0.178228 0.000724828 0.0383081 0.0661509 0.165296 0.0534412 2.65625e-09 
0.00111609 0.0202444 1.2097e-05 2.07823e-05 0.805559 1.04816e-06 0.00997542 0.0805007 0.00357648 4.61172e-10 1.50072e-10 2.56012e-06 1.65659e-07 2.94743e-07 3.13536e-10 1.16597e-09 9.47383e-10 1.04969e-07 8.29322e-07 1.22794e-09 2.46251e-06 1.34121e-07 0.0753423 7.40209e-07 5.18984e-10 0.00191867 0.00172503 3.63598e-07 1.2556e-10 8.9029e-10 
0.00379117 0.00887421 0.0196527 0.001688 0.47039 0.00377755 0.0107128 0.145279 0.00569662 0.00283227 0.000523062 4.65177e-05 0.00287125 1.48616e-06 0.00867377 3.85443e-08 9.97418e-07 0.000106974 0.0217639 2.23885e-05 0.0518847 0.159206 0.00179677 0.0510558 1.88852e-06 0.00189102 0.00362456 0.00837186 0.0154585 4.23771e-06 
0.0478489 0.00834227 0.00291414 0.00259559 0.467957 0.0114743 0.0129776 0.0143137 0.0109019 0.000206167 0.00806196 0.0145748 8.05552e-05 3.4081e-05 3.78548e-05 1.37203e-08 0.00019954 0.00192444 0.0269099 6.17843e-08 0.237937 1.62517e-05 0.000263792 0.0478144 0.00189038 0.0411681 0.0118654 0.0247814 0.00290782 1.551e-07 
3.00126e-05 0.000330415 0.000307143 1.76179e-05 0.678955 0.00302734 0.0019217 0.0075423 0.00719991 2.18369e-05 0.00306909 8.6943e-12 0.000236365 1.61602e-05 9.52108e-05 1.51153e-11 2.65143e-05 0.00134291 0.0245736 1.85192e-05 0.0220972 0.000604285 0.00563055 0.167909 9.46359e-05 0.00745581 0.0111487 0.0531307 0.00319171 5.44017e-06 
0.00252439 0.00107956 0.00063253 2.73393e-05 0.437166 0.00572886 0.00858872 0.0044845 0.0283621 0.000634361 0.00570706 5.99865e-05 0.00533557 0.000432653 0.00541631 1.53781e-10 0.000566004 0.00017319 0.102489 0.00106668 0.079052 0.00593805 0.00431203 0.0545272 0.00104284 0.0226236 0.0182982 0.0963959 0.107318 1.74038e-05 
0.00480673 0.0181117 0.000936696 0.00041825 0.53255 0.0139354 0.00181228 0.0396588 0.00172528 0.0151793 0.0302544 6.33197e-05 0.0373113 0.000714923 0.000667414 6.59847e-06 3.18264e-06 0.00719002 0.0081661 0.000655482 0.0142179 0.0634289 0.000158893 0.117059 0.000670739 0.00105559 0.00417503 0.0226991 0.0623569 1.16485e-05 
0.0111114 0.0057835 0.0016354 0.000111517 0.477415 0.0123788 0.0149792 0.0144638 0.000441192 0.00378091 0.00666154 7.42734e-05 0.00113177 0.00013342 0.000546265 5.23068e-11 7.91088e-05 0.000832192 0.0272035 1.38344e-05 0.184421 0.00174789 0.00207534 0.012818 0.00101973 0.0751504 0.0125889 0.101844 0.0295553 2.5882e-06 
0.00428037 0.00280002 0.000592014 2.34364e-05 0.664985 0.00488768 0.0124204 0.00832151 0.0676798 0.0013951 0.00667101 2.94012e-08 0.003202 0.00100278 0.00197434 2.40247e-11 4.14899e-05 0.000240309 0.0610909 0.000104426 0.0108055 0.000959014 0.00502899 0.0261876 0.000174903 0.0156676 0.0208029 0.0593316 0.0193235 5.5918e-06 
0.00105479 0.0069694 0.00148242 1.02786e-05 0.212765 0.00261167 0.0128329 0.0089518 0.192942 0.000617955 0.00426351 0.000156658 9.69436e-05 1.32847e-05 0.000346564 4.02005e-08 6.67313e-07 5.5918e-05 0.0118409 2.08373e-06 0.0756144 3.63607e-05 0.000554598 0.104765 3.07707e-05 0.000759183 0.12459 0.0525518 0.184082 8.76996e-08 
7.87189e-05 0.000881062 0.00410345 6.93503e-05 0.556666 0.00081614 0.00228135 0.00911418 0.00257245 0.000128411 0.02778 0.000122371 9.32097e-05 1.02911e-06 0.000279487 5.38238e-12 3.31784e-08 0.00057155 0.0351297 1.03241e-08 0.0370326 0.0065574 0.000416041 0.103585 3.31959e-05 0.000689763 0.00226026 0.184629 0.023926 0.000181525 
0.00266042 0.00217233 0.000292146 6.92581e-05 0.612919 0.00628063 0.00774367 0.0119203 0.0233618 0.000269455 0.00628865 1.19724e-06 0.00474072 8.60459e-05 0.000483012 3.05642e-12 0.000239641 0.000252399 0.0856919 0.0013387 0.0358843 0.00504406 0.00184546 0.129385 0.00048937 0.00727084 0.015466 0.0313518 0.00644922 2.82483e-06 
0.00392188 0.00409948 0.00224308 0.000751285 0.487557 0.00853578 0.0168029 0.00904766 0.000425459 0.00159988 0.0374365 0.000170774 0.00320682 7.93739e-05 0.00486309 2.89178e-08 0.00346173 0.000823592 0.0231001 0.00331571 0.207308 0.00227757 0.00388551 0.0190963 0.000628998 0.00260797 0.0240024 0.0672344 0.0615121 4.70678e-06 
0.00122658 0.0047519 0.00598929 9.27569e-06 0.463734 0.00582852 0.0485584 0.00982576 0.000175916 0.0054503 0.00225314 0.00302855 0.000797119 6.39108e-05 0.00136786 2.19271e-08 2.38577e-07 0.000500091 0.0508078 6.68878e-08 0.0600013 0.0132941 0.00112762 0.0493604 4.12328e-05 0.00247864 0.0073357 0.197129 0.0648595 3.3406e-06 
0.0214311 0.0422801 0.00126243 0.102096 0.192736 0.0442652 0.0269534 0.00739803 0.00369732 0.00178955 0.0558354 0.00478108 0.00351433 0.000205893 0.00101247 6.45276e-09 5.69002e-05 0.0115716 0.0976174 3.86757e-07 0.0108475 0.00184113 0.00403041 0.0951374 1.14705e-05 0.00387077 0.0238861 0.0858394 0.155925 0.000107162 
0.0207295 0.0178057 0.00227789 0.0137053 0.346848 0.0287081 0.016704 0.0216238 0.012302 0.00288373 0.0307156 6.11793e-05 0.010333 0.000456811 0.00184871 1.4912e-05 0.00150721 0.0046182 0.05169 0.000255165 0.058777 0.00237955 0.00718773 0.129423 0.000675881 0.0114807 0.0211482 0.123312 0.0604832 4.3455e-05 
0.0024236 0.00168413 0.000513809 3.62049e-05 0.46308 0.00117765 0.00181473 0.014505 3.31114e-05 9.52406e-05 0.000346168 9.98662e-06 7.03442e-05 1.37695e-08 7.60877e-06 1.21862e-11 2.30571e-06 9.14035e-05 0.00675503 3.47831e-09 0.449094 4.31643e-05 0.000329465 0.00732388 1.88798e-05 0.00482245 0.0115805 0.029325 0.00481542 2.54784e-07 
4.80895e-09 8.10589e-05 0.000371744 1.7845e-09 0.750824 3.48573e-05 6.28226e-09 0.00109208 9.54858e-08 8.70887e-09 0.0056794 1.08257e-09 4.09067e-09 1.47787e-08 2.62083e-08 2.68484e-12 2.18151e-12 1.28743e-08 0.0635291 2.82754e-12 0.0202673 2.45311e-08 1.56884e-08 0.0145285 9.33012e-06 9.61403e-09 0.00244242 0.123322 0.0178175 1.23208e-09 
0.00570617 0.0140924 0.0447405 3.14172e-05 0.326989 0.0121276 0.0159856 0.0150156 0.0528223 0.00179375 0.0171258 8.38141e-09 0.104356 0.0110939 0.00425596 3.37004e-11 2.42921e-08 0.000261785 0.0522038 4.96902e-08 0.00185685 0.0144448 0.00184457 0.083853 0.000289777 0.00194679 0.0828024 0.116853 0.0175066 6.22356e-07 
0.00347301 0.000846571 4.87895e-05 2.18e-05 0.6651 0.0194632 0.0124863 0.0106425 0.000226086 0.000774453 0.00503702 1.52862e-08 0.016346 0.000220505 0.00111672 3.94795e-11 0.00517788 0.00352681 0.106876 0.000986778 6.36826e-05 0.0524167 0.000231214 0.0589568 0.000152561 0.000783352 0.00243078 0.027073 0.0055044 1.77017e-05 
0.00486245 0.00753986 0.000907353 0.00279417 0.662868 0.00174406 0.0270692 0.040315 7.25136e-05 0.00241187 0.000696955 9.32204e-06 0.00606558 3.27572e-05 0.0042259 5.13007e-08 0.000101977 1.36506e-06 0.0267061 5.39257e-05 0.0705225 1.4822e-05 0.0248871 0.00439963 3.15713e-06 1.03249e-06 0.00425349 0.0982007 0.00923471 4.85167e-06 
0.000162995 0.0696073 0.000833258 5.18933e-05 0.56817 0.00347369 0.00168395 0.00519352 0.00051265 0.000825296 0.00188929 2.27363e-05 0.00165671 0.000102681 0.000426017 3.18751e-08 0.000127483 0.00251006 0.000330315 1.48094e-05 0.0543763 0.000351121 0.000312876 0.193515 0.000113851 0.000977157 0.0157034 0.0432798 0.0337758 8.83325e-08 
0.00539351 0.00239448 0.00648549 0.000115551 0.43038 0.0266651 0.0175614 0.0155216 0.00025924 0.00195676 0.00723886 0.000721313 0.0096044 0.000126871 0.0123337 8.86447e-07 7.00911e-06 0.000947694 0.00596396 3.34671e-06 0.277792 0.000636911 0.00324703 0.00221623 0.000174623 0.0918038 0.0118587 0.0387539 0.0298337 2.11386e-06 
0.00236991 0.00212162 0.000637006 8.22479e-06 0.834211 0.00524346 0.0133319 0.00441798 0.00120732 0.00136053 0.00214552 6.658e-11 0.00347885 8.4527e-05 0.00153763 2.98209e-11 9.71243e-05 0.000432936 0.0512565 0.000170469 0.010066 0.000534521 0.00268565 0.0104168 0.000368782 0.0010738 0.00239322 0.0262574 0.0220867 4.72482e-06 
0.00458124 0.00179792 0.00229098 0.000265281 0.414698 0.0256518 0.0643763 0.0234157 0.0188849 0.00330415 0.0225371 0.00591935 0.00616433 0.000558737 2.00759e-05 1.3107e-08 2.45413e-05 0.000227112 0.0355083 1.06002e-06 0.165076 0.000394732 0.00746708 0.058103 7.48705e-05 0.0454343 0.0655762 0.0211245 0.00652033 1.81875e-06 
0.00050788 0.000819522 0.078781 0.000198655 0.683943 0.00578993 0.0132739 0.0159552 0.000592482 0.00206742 0.0118545 0.000825497 0.00140203 0.000407121 0.00050162 1.46968e-11 2.62679e-05 0.000639021 0.0892906 0.000606889 0.046241 0.0050591 0.000687419 0.00412432 7.88601e-06 0.00244582 0.00205927 0.0265316 0.00536037 2.64862e-07 
0.00501917 0.00741775 0.000224314 0.000144145 0.881863 0.00135918 0.00050442 0.00213752 0.0026612 6.50599e-05 0.00256805 4.47708e-06 0.000106531 3.09332e-05 3.30942e-05 9.17831e-09 4.51129e-09 0.00118059 0.00148948 1.78624e-06 0.00767185 0.000239326 0.000127671 0.0543219 3.38628e-05 0.00250392 0.00342185 0.0193082 0.00555963 1.09634e-06 
0.000732215 0.00590165 0.0562652 0.00016762 0.378106 0.117845 0.0304089 0.00229117 0.000177939 0.000684357 0.0557469 0.0130615 0.00273391 1.84357e-05 0.000208743 5.25437e-08 9.4051e-11 0.0270056 0.0117376 5.88877e-06 0.0415876 1.86445e-06 0.00652523 0.033022 1.74618e-05 0.0492576 0.0718973 0.0103317 0.0842592 1.17607e-06 
0.00932983 0.0281813 0.000646911 0.000870278 0.643479 0.00501226 0.00144622 0.00251216 0.0557547 4.43168e-05 0.00845761 5.24868e-08 0.00643483 0.000148612 0.000122911 1.25541e-10 0.000419427 0.0030472 0.0440726 0.00224841 0.00515269 0.00343811 0.000468779 0.137787 0.00165516 0.00366505 0.00789281 0.0249868 0.00271703 7.49962e-06 
0.00874984 0.0144556 0.0050654 0.000124283 0.244684 0.0188468 0.0627934 0.0676025 0.000704792 0.00630468 0.0165652 0.0106832 0.022149 0.000215766 0.0134415 4.78345e-09 8.28113e-06 0.00119644 0.0128651 0.000285075 0.155081 0.0155605 0.0240815 0.0238322 0.00307722 0.0408661 0.00978298 0.165614 0.0553621 2.06306e-06 
0.00646454 0.00912835 0.00078919 0.00601907 0.494654 0.0631652 0.00383565 0.0178005 0.00593292 0.00036795 0.0230016 8.22548e-06 0.00907491 0.000316342 0.00223866 6.22588e-11 1.96858e-05 0.139318 0.012075 2.73319e-05 0.0474045 0.000644188 0.00150193 0.05063 0.000255832 0.00425359 0.0164624 0.047048 0.0375576 4.81454e-06 
0.00185128 0.00470332 0.00146743 4.61856e-05 0.52264 0.0156722 0.016522 0.0168001 0.0166535 0.0027655 0.0112701 6.46456e-06 0.00873368 0.000123393 0.00424425 3.1489e-08 0.00384632 0.00107669 0.0498842 7.45905e-05 0.0736168 0.00603673 0.00307414 0.0952773 0.00155604 0.0106955 0.0136077 0.0605062 0.0572455 3.19513e-06 
0.0239746 0.00194688 0.00168302 0.00315295 0.276991 0.00660419 0.00839666 0.00591152 0.00096666 0.000990415 0.0408797 4.96001e-07 0.00930806 0.000527765 0.00269093 1.24962e-08 2.00107e-05 0.000773862 0.01561 0.000513922 0.00241374 0.00480095 0.00338008 0.0345952 0.203313 0.00553509 0.0376205 0.014381 0.265854 0.0271643 
0.0223558 0.198892 9.09995e-07 0.00236548 0.425203 0.0076544 0.00228084 0.0694988 1.75099e-07 1.95544e-11 0.0175249 3.46961e-07 7.55371e-07 2.86428e-11 1.59666e-08 4.94387e-11 3.37471e-07 8.98715e-06 6.4927e-07 5.20663e-11 0.00696111 0.00102553 1.56692e-07 0.18048 0.00181245 3.30689e-06 4.19031e-07 0.0273922 0.0365378 3.77495e-11 
0.0142531 0.00450135 0.00108083 0.00802245 0.405851 0.024163 0.0319661 0.0144336 0.0145299 0.0038079 0.115047 3.43934e-05 0.0188044 0.000314825 0.00342725 1.61832e-10 0.00163047 0.0037576 0.0207642 0.000346583 0.0294015 0.00226312 0.00199864 0.0361968 0.00121136 0.0615065 0.0346544 0.124514 0.021505 1.29814e-05 
0.0150854 0.00482324 0.00225396 0.049617 0.281308 0.0709527 0.0195491 0.0467881 0.00665809 0.00103076 0.014284 0.00256964 0.00957303 0.000405059 0.00234428 7.40769e-05 0.000340955 0.00192894 0.0284917 5.32635e-05 0.188372 0.00107003 0.0029246 0.0843484 0.000439636 0.00903494 0.0136619 0.0949805 0.0470352 1.67885e-06 
0.0183224 0.00563718 0.004662 0.000221097 0.403794 0.0167973 0.0230316 0.0122797 0.0387084 0.000305804 0.0120755 0.000439266 0.020108 0.00770568 0.0490605 8.43641e-05 0.000226262 0.00344663 0.0842764 0.000859859 0.0444607 0.0115881 0.00184893 0.0655787 0.048636 0.015334 0.0220634 0.0434941 0.044935 1.89555e-05 
0.00248232 0.00446806 0.000368457 0.000203238 0.838977 0.00223224 0.0155559 0.00698404 0.00191104 0.000619146 0.00600794 6.68067e-05 0.00649752 0.00032848 0.00104514 8.43108e-11 2.08243e-06 0.00102101 0.00505409 0.0014866 0.0276598 0.00169817 0.00166375 0.0149398 2.10939e-05 0.0163942 0.00213565 0.0365643 0.00361108 1.50998e-06 
0.000510209 0.000425956 0.000112134 4.32186e-05 0.655465 0.00279299 0.000897899 0.00841183 0.00315336 3.70702e-06 0.00272042 1.26264e-08 0.000972458 0.000108589 0.000162995 2.60469e-11 7.98806e-05 0.000262074 0.120286 6.98143e-05 0.014717 0.00765213 0.000349953 0.149022 0.00224368 0.00321033 0.00409711 0.0192064 0.0030216 1.11396e-06 
0.00162655 0.00202258 9.3664e-05 0.00039113 0.444262 0.0380114 0.000156802 0.0117223 0.00529403 7.13331e-07 0.0693499 2.15177e-05 0.00190011 6.29136e-12 2.9201e-12 1.08592e-11 1.97622e-08 0.00987026 0.0180098 1.14363e-11 0.00845444 0.0005739 2.64877e-05 0.269751 1.75681e-05 0.013428 0.00471645 0.0823111 0.0178939 9.47381e-05 
0.0209088 0.000889604 0.00194798 0.000312367 0.541737 0.00126049 0.00083144 0.00267472 0.00668163 3.1911e-05 0.00141717 1.39908e-06 0.000381992 7.44253e-06 2.9441e-06 9.51031e-12 9.95832e-08 0.000234542 0.00243275 1.46135e-06 0.0139605 0.000497638 0.000543259 0.0324864 0.323904 0.0262083 0.0165181 0.00183385 0.00228167 1.07911e-05 
0.00519527 0.0104091 0.16266 3.35048e-06 0.3252 0.00337844 0.0844829 0.161438 2.42627e-05 0.00223299 0.00636825 0.000793373 0.000672947 1.46156e-05 0.000166345 2.28833e-10 0.000922204 0.00101913 0.0297823 0.000122912 0.0138128 0.00251224 0.000872695 0.0287957 0.000123432 1.99135e-05 0.00368652 0.143739 0.0115469 5.22745e-06 
0.0298285 0.0210853 0.00617576 0.000154835 0.208653 0.0399212 0.0621776 0.0282563 0.00587086 0.0079911 0.0595216 0.000514767 0.00327444 0.00103841 0.00248327 1.24724e-08 0.000593366 0.000229761 0.0683052 6.16213e-07 0.0400808 0.00215151 0.00188354 0.145065 5.04612e-05 0.0066971 0.0219638 0.19981 0.0362138 7.36765e-06 
0.0109488 0.00789778 0.00145179 0.00126202 0.18953 0.0161477 0.0368463 0.0312665 0.0111733 0.00241845 0.025343 0.00195243 0.0131897 0.00303947 0.00280796 1.09133e-06 0.000640331 0.000916797 0.0728136 0.000253241 0.0947359 0.0020718 0.00260786 0.111518 0.00158872 0.019935 0.10855 0.156818 0.0722644 9.98585e-06 
0.000697818 0.011357 0.211877 8.30161e-06 0.365176 0.00960102 0.00452596 0.0503843 0.0103372 4.26047e-08 0.000197096 1.76012e-07 0.00253418 8.2064e-08 0.000274679 2.7045e-11 4.41146e-05 0.00081995 0.0116794 9.84444e-05 0.0912807 1.31581e-07 0.0528285 0.0913902 5.63043e-05 0.000614135 0.0330218 0.041966 0.00922468 5.5343e-06 
0.00778166 0.0607833 0.00195734 0.000118664 0.272093 0.00961189 0.00765807 0.00689833 0.00384606 0.000224802 0.203779 5.70745e-05 0.00114737 1.50987e-05 0.000983218 5.81087e-09 0.0402201 0.0109955 0.00547064 1.43452e-05 0.0386569 0.00125366 0.00150234 0.141826 0.000137995 0.128875 0.0119399 0.0269647 0.0151621 2.63805e-05 
0.000467445 2.82562e-05 0.000185731 6.71288e-06 0.891875 0.000691132 6.42972e-05 0.000777757 0.0170573 1.11678e-05 0.000901724 5.48652e-13 2.81858e-05 5.5262e-13 1.37513e-09 9.53847e-13 2.35818e-10 7.20143e-05 0.00597537 1.00454e-12 0.00241297 7.92538e-05 0.000166563 0.0734868 3.47896e-05 0.000203212 0.00178095 0.00269457 0.000992679 5.68382e-06 
0.00276995 0.000937636 0.000571606 0.0318279 0.227759 0.0371664 0.0068343 0.011768 0.000883636 0.00418054 0.0674719 0.00136852 0.00120422 0.000169912 0.000471825 4.29859e-08 0.00206218 0.0392151 0.0034728 0.210071 0.0294941 0.108391 0.000522212 0.157068 0.00189351 0.0219588 0.00306885 0.0216187 0.00571525 6.29985e-05 
0.00745846 0.0229254 6.51243e-05 1.97256e-05 0.916312 0.000659588 3.36979e-06 0.000344518 0.00129507 4.56739e-07 0.00252732 1.84742e-06 0.00032225 1.78021e-09 2.01368e-06 3.07273e-09 1.7976e-06 0.00174799 0.0109105 3.23604e-09 0.000126714 0.000508093 1.09735e-05 0.0291494 1.04135e-05 0.000994575 0.001632 0.00108975 0.00188082 6.66915e-08 
0.00178668 0.0121658 0.0637429 0.0214785 0.197191 0.1614 0.058533 0.0056078 0.00013996 0.00149808 0.0446553 0.0131615 0.00548966 1.79051e-05 0.00560355 1.25321e-06 0.00141291 0.0330461 0.0062683 1.83439e-05 0.126112 3.62171e-06 0.0134607 0.0541742 7.54468e-05 0.0268055 0.017232 0.0320469 0.0968604 9.86446e-06 
3.47563e-07 0.00367924 0.00164828 1.68609e-05 0.597362 8.82549e-07 7.1266e-07 0.0240223 7.61605e-05 0.00235058 9.37587e-07 0.000162787 0.00253849 0.000374863 0.0133957 2.9991e-11 4.35966e-06 0.0040592 0.000873535 0.000142611 0.125233 0.0363459 1.78748e-07 0.0337954 0.000124964 2.09214e-07 0.00152103 0.101036 0.0512342 4.68483e-08 
1.74283e-06 0.000784092 3.93229e-06 3.3613e-07 0.451903 0.177893 0.0984553 0.0300396 2.06487e-09 0.0153613 0.059654 2.97642e-06 0.0142054 3.98606e-09 0.000801813 1.7358e-07 4.66115e-07 0.00160665 0.0203781 7.44595e-07 7.3921e-10 0.0234685 2.27121e-09 0.00553859 0.00343988 0.0010092 0.0102376 0.0692041 0.0160091 5.2534e-09 
0.0357526 0.0118292 0.00081 0.00065856 0.486151 0.014986 0.0215422 0.0199178 0.00858261 0.00221678 0.0177702 4.25737e-05 0.00995567 0.00017547 0.00192767 8.2561e-12 9.38382e-05 0.00753317 0.0435231 0.00664772 0.0266566 0.0118789 0.0068068 0.0763572 0.104029 0.00952274 0.0293821 0.0305874 0.0146522 1.01541e-05 
0.00593101 0.00545557 0.00140988 0.00445777 0.288491 0.0225076 0.0118343 0.0157374 0.0136811 0.0202321 0.0469008 7.47668e-06 0.0224777 0.00384131 0.00138401 3.8696e-07 0.000266064 0.000688456 0.0755418 0.000512213 0.0532207 0.00681577 0.00389101 0.111557 0.0008423 0.00822781 0.131181 0.120208 0.0226842 1.45307e-05 
1.16065e-08 2.70449e-05 0.000123989 4.30753e-09 0.548843 0.00431595 1.40637e-08 0.011918 0.00305894 4.8937e-05 0.00189333 2.42662e-09 0.000241694 3.30865e-08 0.000948821 1.15949e-11 9.42117e-12 3.10727e-08 0.0567126 1.22111e-11 0.201231 0.000301121 0.000215427 0.00484317 3.12792e-06 2.3204e-08 0.00677477 0.129576 0.0289236 2.9774e-09 
0.0169022 0.00328725 0.000742618 3.93727e-05 0.497149 0.0172371 0.00189495 0.0287748 0.0126826 2.87537e-05 0.0256665 4.91903e-06 0.000828806 0.000120509 9.02475e-05 6.79269e-12 4.72996e-06 0.000152135 0.0328251 1.21251e-05 0.160856 0.00105994 0.0136201 0.0488543 0.00111016 0.0257843 0.0544068 0.0398263 0.0160346 4.06281e-06 
0.00050788 0.000819522 0.078781 0.000198655 0.683943 0.00578993 0.0132739 0.0159552 0.000592482 0.00206742 0.0118545 0.000825497 0.00140203 0.000407121 0.00050162 1.46968e-11 2.62679e-05 0.000639021 0.0892906 0.000606889 0.046241 0.0050591 0.000687419 0.00412432 7.88601e-06 0.00244582 0.00205927 0.0265316 0.00536037 2.64862e-07 
0.00485002 0.00040537 0.000830799 0.00971042 0.748074 0.0227886 0.057615 0.00468841 1.38106e-05 0.00384506 0.00839274 0.00247618 0.0010911 3.61123e-06 3.49664e-05 6.342e-09 4.37949e-05 0.000813569 0.0542599 0.00483932 0.0068394 0.0102832 5.89393e-06 0.0244663 8.86402e-05 4.34376e-05 0.000235917 0.024994 0.00826492 1.55853e-06 
2.19895e-05 8.06587e-05 0.000117162 1.06614e-05 0.959416 0.000764687 0.000780688 0.000622631 0.000986101 1.94556e-05 0.00151895 3.63318e-13 2.49918e-05 3.65946e-13 6.03858e-09 6.31639e-13 5.13226e-13 0.000119237 0.00575389 6.65211e-13 0.00514567 1.44617e-05 0.000235156 0.0103554 1.82052e-05 0.00221344 0.0024387 0.00575485 0.00358609 1.18518e-06 
0.00491762 0.00435832 0.000256706 5.75714e-05 0.913048 0.00342229 0.00340952 0.00353891 0.00125529 0.00019591 0.00149337 1.68973e-07 0.000588137 5.72317e-05 0.000291044 3.92685e-10 1.54609e-05 0.000835373 0.0133773 0.000544517 0.00472451 0.000196345 0.000643223 0.0181801 8.7622e-05 0.00332605 0.00161667 0.0121186 0.00744196 2.03511e-06 
0.00481219 0.00146995 0.000479651 1.17e-05 0.862706 0.00394577 0.0102679 0.00289812 0.00148649 0.000817719 0.00238067 4.6333e-11 0.00195601 4.52909e-05 0.00106479 2.09092e-11 5.20356e-05 0.000403663 0.0377978 9.13294e-05 0.00891312 0.000334019 0.00188302 0.0140581 0.000217477 0.00326562 0.00223927 0.0193308 0.0170677 3.61497e-06 
0.00335186 0.000812347 0.00537356 0.000441711 0.690567 0.0195154 0.0284918 0.086511 0.000205721 0.00819926 0.0190977 0.00193068 0.00457068 1.49148e-07 0.000283746 5.94943e-11 0.0031238 0.00178919 0.00159882 0.000422065 0.00527496 0.00216921 0.0194779 0.00261225 3.56265e-05 5.83212e-07 0.00368597 0.0297711 0.0606856 6.00763e-07 
0.0137399 0.00180093 0.000546328 5.81627e-05 0.708698 0.00209852 0.00245034 0.00481551 0.00422092 2.11619e-05 0.00423559 4.78803e-07 0.000219467 1.14914e-05 4.43806e-05 5.7143e-13 1.84029e-09 0.000204329 0.0101546 1.65364e-06 0.0817025 0.000111631 0.00056697 0.0859251 5.82205e-05 0.0297152 0.0243318 0.018253 0.00601185 2.03417e-06 
0.00050788 0.000819522 0.078781 0.000198655 0.683943 0.00578993 0.0132739 0.0159552 0.000592482 0.00206742 0.0118545 0.000825497 0.00140203 0.000407121 0.00050162 1.46968e-11 2.62679e-05 0.000639021 0.0892906 0.000606889 0.046241 0.0050591 0.000687419 0.00412432 7.88601e-06 0.00244582 0.00205927 0.0265316 0.00536037 2.64862e-07 
0.00290844 0.005056 0.000715925 1.36157e-05 0.564217 0.0249542 0.0150219 0.00997905 0.0592725 0.00107003 0.0211035 8.79574e-07 0.00202567 0.000617238 0.00280078 6.17597e-10 2.45333e-05 0.000476252 0.0423798 6.10654e-05 0.0450537 0.00335594 0.0200004 0.0363184 0.000101633 0.0327833 0.0307427 0.0580742 0.0208533 1.85512e-05 
0.01078 0.0198293 0.00200498 0.000211445 0.275571 0.02348 0.0214033 0.0374014 0.0240335 0.00103404 0.0257184 0.00349089 0.00947475 0.00106124 0.00196724 0.00149137 9.8413e-05 0.00169596 0.0410295 0.000218445 0.0390141 0.0106794 0.00426521 0.118386 0.00173332 0.0451099 0.0431182 0.139437 0.0880234 0.00823778 
0.000249629 0.000362765 0.000241072 0.00457466 0.567848 0.0240211 0.0423753 0.0231653 0.00203011 0.00112168 0.0241911 0.000104804 0.00641214 0.00320304 0.00431384 3.06716e-09 0.00197461 0.00316921 0.0166031 0.0133235 0.0292723 0.111242 0.000393377 0.0801243 0.000161568 0.00160501 0.000845878 0.0331244 0.00391635 2.9158e-05 
0.00050788 0.000819522 0.078781 0.000198655 0.683943 0.00578993 0.0132739 0.0159552 0.000592482 0.00206742 0.0118545 0.000825497 0.00140203 0.000407121 0.00050162 1.46968e-11 2.62679e-05 0.000639021 0.0892906 0.000606889 0.046241 0.0050591 0.000687419 0.00412432 7.88601e-06 0.00244582 0.00205927 0.0265316 0.00536037 2.64862e-07 
1.16065e-08 2.70449e-05 0.000123989 4.30753e-09 0.548843 0.00431595 1.40637e-08 0.011918 0.00305894 4.8937e-05 0.00189333 2.42662e-09 0.000241694 3.30865e-08 0.000948821 1.15949e-11 9.42117e-12 3.10727e-08 0.0567126 1.22111e-11 0.201231 0.000301121 0.000215427 0.00484317 3.12792e-06 2.3204e-08 0.00677477 0.129576 0.0289236 2.9774e-09 
0.00396996 0.0113576 0.000505244 0.000809314 0.318329 0.0101767 0.0359939 0.120716 0.00187691 0.00261599 0.00833295 0.000618718 0.0104193 0.00350569 0.00154313 1.79594e-05 0.0147697 0.00395737 0.00218256 0.000353867 0.0151574 0.178595 0.00127609 0.116983 0.000171039 0.00192945 0.0209816 0.0982441 0.0145869 2.3331e-05 
0.0397404 0.0242711 0.17193 5.25751e-05 0.218326 0.00143993 0.00409486 0.0156533 0.0204293 0.000301673 0.0119368 0.000109698 0.000117475 0.000141169 3.39461e-05 3.35364e-05 0.00285878 3.25707e-05 0.022527 8.18265e-08 0.153248 0.00199171 0.0595481 0.0126457 4.96436e-06 0.0423779 0.161438 0.0133508 0.0212288 0.000135489 
0.000226318 0.000196337 5.51656e-06 0.0540128 0.611165 0.0288754 0.00619117 0.00198799 0.0021989 1.79944e-05 0.0901734 1.17645e-08 0.000539595 0.00083207 4.58393e-05 7.66963e-10 3.99931e-05 0.000739059 0.052317 8.07727e-10 0.0188703 1.68728e-06 0.000988421 0.0339923 2.40069e-05 0.00185384 0.0102661 0.0381924 0.0462437 2.34275e-06 
0.000251841 0.00340025 0.000239735 0.000322005 0.905966 0.000351938 0.000133721 0.00324524 1.59644e-06 0.000205291 5.78304e-05 0.00175333 0.0198642 3.08178e-06 0.0321297 5.31929e-06 4.32208e-06 2.23295e-05 0.00649871 2.47707e-05 0.00454652 0.0138588 0.00262147 0.001859 1.33083e-05 1.6419e-06 0.00223023 0.000215762 0.000125698 4.67054e-05 
0.016627 0.0079001 0.00310935 3.03238e-05 0.317551 0.0381935 0.0295076 0.0265674 0.000225412 0.013809 0.00899263 0.00172565 0.000958547 0.00011166 0.000622649 4.40578e-09 0.000528942 0.000920605 0.0356863 3.4194e-05 0.21869 0.00816683 0.00110691 0.0358696 0.000153579 0.003853 0.0103345 0.191841 0.0268815 1.72006e-06 
0.00346602 0.0339236 0.00969688 0.000179038 0.282936 0.0237147 0.00393443 0.00729 0.000459156 0.000750801 0.266236 1.17077e-05 0.00946554 3.37655e-07 0.00322167 5.30961e-09 0.00218594 0.023465 0.00634146 1.25326e-05 0.0247801 0.0111344 9.33527e-05 0.160589 0.00118423 0.00142917 0.00124043 0.0937994 0.0284557 4.15031e-06 
0.00501917 0.00741775 0.000224314 0.000144145 0.881863 0.00135918 0.00050442 0.00213752 0.0026612 6.50599e-05 0.00256805 4.47708e-06 0.000106531 3.09332e-05 3.30942e-05 9.17831e-09 4.51129e-09 0.00118059 0.00148948 1.78624e-06 0.00767185 0.000239326 0.000127671 0.0543219 3.38628e-05 0.00250392 0.00342185 0.0193082 0.00555963 1.09634e-06 
5.12148e-08 8.09758e-05 9.58449e-08 4.63987e-06 0.517188 0.000168644 8.40852e-08 0.00916778 1.3709e-12 9.98666e-08 2.88869e-05 4.75778e-08 1.02332e-12 2.64641e-12 2.11658e-08 4.56783e-12 9.39366e-09 0.000151557 0.00525634 4.8106e-12 0.411144 2.33602e-08 7.681e-05 0.00772911 1.42574e-06 0.000180849 2.89156e-08 0.0437432 0.0050769 1.99786e-09 
0.00980857 0.0156543 0.00087512 7.72784e-05 0.355537 0.0325111 0.0197506 0.1707 0.00773417 0.00534538 0.0107993 0.000236868 0.00223181 0.00203262 0.00142376 3.66217e-05 2.51601e-05 0.00119195 0.0152104 0.000331948 0.122531 0.00161688 0.000788128 0.0433939 4.54347e-05 0.00977767 0.0207436 0.101857 0.0477209 1.10375e-05 
0.000213282 0.000987161 0.00129166 4.13277e-09 0.341896 0.00428684 0.00479971 0.0482396 0.00118325 0.000532076 0.0027981 1.34062e-07 8.83734e-08 1.32592e-08 0.000722281 1.45557e-10 1.99561e-06 6.66202e-05 0.032093 1.64396e-11 0.123347 3.81597e-06 0.000245714 0.00501752 1.73913e-05 0.000494168 0.00799629 0.215413 0.208353 2.28003e-07 
0.0046295 0.00331035 0.00232372 1.39335e-05 0.395277 0.00349014 0.0149218 0.0143144 0.00360512 0.000857624 0.00115662 0.000759752 3.14279e-05 5.58604e-06 4.01013e-05 4.09126e-09 6.02789e-06 0.000308428 0.0398199 2.41541e-05 0.350885 0.00018674 0.000308553 0.0537236 0.000108727 0.00165039 0.00720079 0.0948778 0.00616046 2.4147e-06 
0.0204085 0.00249003 0.00135523 0.00471365 0.484845 0.0183265 0.0137711 0.00627888 0.00323491 0.000691542 0.0623557 0.00145224 0.014505 0.000254729 0.0182308 4.18301e-09 4.25941e-05 0.000490019 0.0226563 4.20887e-05 0.10295 0.00278679 0.00518973 0.0381678 0.00011897 0.0211818 0.0322186 0.0619004 0.0593092 3.16349e-05 
7.14219e-05 0.00817543 0.00226956 2.85769e-05 0.377086 0.00239323 0.014788 0.00531507 0.00334888 0.00136672 0.000550432 2.72156e-10 0.00217893 1.27105e-07 0.00115932 1.21634e-10 2.35132e-10 0.000243203 0.012302 1.27093e-09 0.0616923 3.90948e-09 0.0133509 0.0696849 5.89936e-05 0.00251778 0.150375 0.127626 0.143417 2.95586e-09 
0.000249629 0.000362765 0.000241072 0.00457466 0.567848 0.0240211 0.0423753 0.0231653 0.00203011 0.00112168 0.0241911 0.000104804 0.00641214 0.00320304 0.00431384 3.06716e-09 0.00197461 0.00316921 0.0166031 0.0133235 0.0292723 0.111242 0.000393377 0.0801243 0.000161568 0.00160501 0.000845878 0.0331244 0.00391635 2.9158e-05 
0.00402205 0.00248722 0.000783599 7.68825e-06 0.839477 0.00511104 0.0143703 0.00381959 0.00127533 0.00141842 0.00243108 1.43037e-08 0.0043496 0.000548473 0.0016227 6.33634e-09 0.000137668 0.000416501 0.0491132 0.000233509 0.00676187 0.000632981 0.00301622 0.00834678 0.000466622 0.000980917 0.00207784 0.0229271 0.0231572 7.32696e-06 
0.000933406 0.0100152 0.000208787 3.45211e-05 0.304542 0.0120161 0.0192244 0.195988 0.00629182 0.000220047 0.00970802 0.000191702 0.00502778 0.00230786 0.00202284 6.54882e-08 0.000274732 0.00371684 0.0412532 6.52213e-05 0.0126627 0.0193542 0.00262466 0.0496219 2.37852e-05 0.000276325 0.0436788 0.240845 0.0168599 1.02748e-05 
0.0204319 0.00674726 0.0175054 0.00336342 0.222021 0.0251972 0.0477175 0.0228074 0.0335476 0.00658249 0.0391285 0.00742471 0.00422984 0.00326468 0.0116415 1.93686e-08 0.00174314 0.0039909 0.0434481 0.00159917 0.0603124 0.0172006 0.00516673 0.157409 0.0141289 0.0326672 0.0421595 0.100043 0.0484668 5.43214e-05 
0.0111501 0.0219975 0.00153508 0.0451905 0.403741 0.0270119 0.0167775 0.00470717 0.0129661 0.00153521 0.0432494 0.00208269 0.00405702 0.000825134 0.00124595 3.31492e-08 5.315e-05 0.00642282 0.105718 8.57576e-06 0.00774422 0.00173164 0.00332536 0.0620075 0.000371493 0.00271967 0.0233785 0.0789827 0.109366 9.78659e-05 
0.00914187 0.00553632 0.00154276 0.00025233 0.555875 0.0102628 0.0206157 0.00863494 0.00139719 0.00156664 0.00438299 9.24693e-07 0.00290549 0.000279969 0.00128948 1.95212e-11 0.000195553 0.00193447 0.0403911 4.703e-05 0.0463973 0.000584895 0.0021093 0.010096 0.00361636 0.197265 0.0108096 0.0318996 0.0309649 4.87146e-06 
2.1708e-05 0.000846352 9.83816e-05 0.00187065 0.259474 0.187949 0.0333516 0.246959 8.63587e-07 3.52106e-05 0.000704301 3.44501e-08 0.00142001 0.00549835 8.37603e-07 8.81396e-10 0.000159983 0.000259513 0.0052839 0.000507804 0.000537703 0.0225587 1.07821e-06 0.211995 8.30429e-06 8.15591e-05 0.00438663 0.0153327 0.000650624 7.62788e-06 
0.0011385 0.00522505 0.00110762 3.02846e-05 0.322465 0.0143894 0.0394335 0.0252241 0.0142889 0.000969517 0.00563668 1.69667e-08 0.00132796 6.51735e-05 0.00351894 1.20886e-08 3.00335e-08 0.000378811 0.0114234 1.59168e-09 0.0626289 1.20721e-07 0.00768948 0.0878476 2.54654e-05 0.00793382 0.221265 0.136987 0.0289978 7.35937e-07 
0.00112543 0.00248322 0.0290178 0.000221653 0.266121 0.0139799 0.0197088 0.0170798 0.0111607 0.00103355 0.06044 0.000745673 0.00390544 0.00139799 0.000814908 1.87469e-11 8.3943e-05 0.000939726 0.12356 0.000412859 0.0742457 0.00658753 0.00384669 0.0554006 2.17529e-05 0.00794834 0.0630286 0.184779 0.0498996 1.06313e-05 
0.00226934 0.00376329 0.0017407 2.38716e-05 0.337673 0.00402149 0.0224125 0.0217171 0.0261305 0.00019351 0.00658091 2.04039e-07 0.000548016 0.000608447 0.0122675 0.000120282 2.27666e-05 0.000408345 0.051675 0.0021731 0.0913263 0.000111695 0.00332732 0.0702718 0.000146283 0.00974706 0.0264926 0.0957667 0.208452 7.81294e-06 
0.0058975 0.000305299 0.00153959 0.000553471 0.621727 0.00563416 0.00353563 0.00513758 0.0159828 0.000285352 0.00758452 2.96778e-05 0.0071901 0.000152399 0.00020889 1.05277e-11 0.000153543 0.00158919 0.0147448 0.000571217 0.00772488 0.00453106 0.000854029 0.0396041 0.132302 0.0963425 0.0123098 0.0121351 0.0013636 9.8316e-06 
0.000510209 0.000425956 0.000112134 4.32186e-05 0.655465 0.00279299 0.000897899 0.00841183 0.00315336 3.70702e-06 0.00272042 1.26264e-08 0.000972458 0.000108589 0.000162995 2.60469e-11 7.98806e-05 0.000262074 0.120286 6.98143e-05 0.014717 0.00765213 0.000349953 0.149022 0.00224368 0.00321033 0.00409711 0.0192064 0.0030216 1.11396e-06 
1.47888e-08 0.330631 4.84242e-08 7.86042e-07 0.422071 0.00809596 0.000786239 0.0659644 0.0600424 5.42142e-08 0.0264556 7.88415e-08 3.07071e-08 4.01596e-05 3.68585e-08 1.37068e-07 0.000579426 0.00324959 0.000176459 1.44353e-07 0.00212262 0.00103175 0.0279456 0.0264149 7.27929e-06 1.65656e-05 0.0239047 0.000418672 2.74907e-05 1.77375e-05 
0.0151546 0.0159295 0.00176167 3.51642e-05 0.667469 0.00429337 0.0171572 0.0360437 0.0482101 0.000173032 0.00148305 3.39049e-05 0.00237328 0.000132085 4.69233e-05 2.57068e-10 0.00016134 0.000261254 0.0308067 0.000857967 0.0243036 0.00166893 0.0212174 0.0754042 9.27023e-05 0.00430262 0.0166803 0.0129081 0.00103583 2.84603e-06 
