0.00981682 0.00128792 0.00204733 4.1687e-05 0.743994 0.00442616 0.00654882 0.0102782 0.00301666 1.52784e-05 0.00302652 3.83117e-07 0.00114144 8.35969e-06 3.18543e-05 3.17992e-11 5.26857e-08 0.000146341 0.00725509 1.30137e-06 0.0583643 0.000322053 0.000405676 0.0613806 4.18249e-05 0.0301116 0.0211419 0.0308512 0.00429532 1.50739e-06 
0.00129869 0.00266508 0.00055777 0.000251912 0.29911 0.0493847 0.0102865 0.0334744 0.0016536 0.000262552 0.040927 1.19868e-08 0.0103332 0.000184532 0.000673811 4.40092e-12 1.55087e-08 0.00347994 0.0265573 4.63482e-12 0.034613 0.00188908 0.00067157 0.0746104 3.70283e-06 0.0718851 0.0108127 0.271631 0.0527814 7.87708e-07 
0.000249629 0.000362765 0.000241072 0.00457466 0.567848 0.0240211 0.0423753 0.0231653 0.00203011 0.00112168 0.0241911 0.000104804 0.00641214 0.00320304 0.00431384 3.06716e-09 0.00197461 0.00316921 0.0166031 0.0133235 0.0292723 0.111242 0.000393377 0.0801243 0.000161568 0.00160501 0.000845878 0.0331244 0.00391635 2.9158e-05 
0.0478489 0.00834227 0.00291414 0.00259559 0.467957 0.0114743 0.0129776 0.0143137 0.0109019 0.000206167 0.00806196 0.0145748 8.05552e-05 3.4081e-05 3.78548e-05 1.37203e-08 0.00019954 0.00192444 0.0269099 6.17843e-08 0.237937 1.62517e-05 0.000263792 0.0478144 0.00189038 0.0411681 0.0118654 0.0247814 0.00290782 1.551e-07 
0.0134701 0.0366888 0.00995414 0.000445149 0.211331 0.0194493 0.022414 0.0319094 0.0100641 0.00166678 0.00361579 0.00294401 0.000851949 0.0164072 0.00825135 2.89075e-07 1.37478e-05 0.00219308 0.118914 2.91475e-06 0.132942 0.00657047 0.0149937 0.059769 5.96302e-06 0.00230893 0.0271028 0.181542 0.0641212 5.73834e-05 
0.00501917 0.00741775 0.000224314 0.000144145 0.881863 0.00135918 0.00050442 0.00213752 0.0026612 6.50599e-05 0.00256805 4.47708e-06 0.000106531 3.09332e-05 3.30942e-05 9.17831e-09 4.51129e-09 0.00118059 0.00148948 1.78624e-06 0.00767185 0.000239326 0.000127671 0.0543219 3.38628e-05 0.00250392 0.00342185 0.0193082 0.00555963 1.09634e-06 
0.0127369 0.0382801 0.0049867 0.00212561 0.224252 0.0497202 0.018439 0.0121581 0.0752108 0.00784016 0.0221151 0.00078715 0.0103619 0.000444176 0.00519316 5.29071e-06 0.00207248 0.00189017 0.0332531 0.0125124 0.074107 0.0101851 0.00617599 0.188176 0.00141744 0.00836399 0.0479558 0.0841693 0.0392047 0.00585982 
0.000630663 0.00754381 0.00454702 3.43842e-06 0.33991 0.00335298 0.0104621 0.0197645 0.155382 0.000615033 0.00270807 5.59758e-05 0.000312874 4.17544e-05 0.000427587 3.66585e-11 1.70337e-06 0.00333296 0.0404889 5.06804e-05 0.0452781 0.00240544 0.000786728 0.242576 0.00187445 0.0118476 0.0321444 0.0677312 0.00570575 1.85645e-05 
0.00135207 0.00433305 8.87901e-05 5.66618e-05 0.219781 0.0160063 0.011441 0.216512 0.000422418 0.116633 0.0988484 3.83424e-08 0.0306612 0.000685881 0.00605523 2.15122e-08 0.000582566 0.000760034 0.0158509 0.00119058 0.000640327 0.0139989 0.05716 0.0362645 0.00252925 0.00214327 0.0107415 0.0959079 0.0393529 3.7545e-08 
0.00186182 0.00176952 0.000566 1.26166e-05 0.844064 0.00440752 0.0129999 0.00351595 0.00127768 0.00107413 0.0026038 5.32055e-11 0.002608 6.03813e-05 0.00134425 2.3914e-11 6.93773e-05 0.000439209 0.0440381 0.000121768 0.0118841 0.000381804 0.00240757 0.00963368 0.000289964 0.0039249 0.0023374 0.025537 0.0207657 4.31854e-06 
0.0278264 0.0211432 0.00224762 0.000143857 0.590141 0.00219192 0.00646001 0.0109125 0.00373215 0.00395784 0.00134505 0.000242142 6.05733e-05 3.72486e-05 9.23447e-05 7.46958e-06 9.71955e-07 0.00183896 0.00977454 1.19505e-06 0.226349 0.000389678 0.000206396 0.026173 5.71958e-05 0.00549295 0.00841634 0.0458209 0.00493311 4.93864e-06 
0.00146854 0.00607145 0.0042432 4.74833e-05 0.221697 0.159247 0.0146345 0.0187326 0.0408994 0.00479905 0.017317 0.000857445 0.00205332 0.00147667 0.0011207 1.64841e-05 7.95766e-05 0.00128412 0.0439401 0.000313929 0.0466171 0.00211752 0.0681676 0.0527148 0.00106793 0.0304293 0.123608 0.0570826 0.0778463 4.90411e-05 
0.00602162 0.00217262 0.00531388 0.000131165 0.677867 0.00177542 0.0220109 0.00393697 0.00369416 0.00107768 0.00325324 1.89171e-06 0.00128541 6.65012e-12 0.00477156 1.4727e-10 9.86391e-10 0.000156427 0.00642939 7.31633e-07 0.00715118 0.000527608 0.00144381 0.0233098 0.211745 0.00606659 0.00256257 0.00321373 0.0040731 6.40883e-06 
0.0136069 0.00586126 0.00277887 0.0374722 0.280496 0.032304 0.0207648 0.0129516 0.00519885 0.0065618 0.199688 6.48774e-05 0.010844 0.000781978 0.00145311 1.71715e-08 0.000192392 0.00891836 0.011961 7.2252e-05 0.0321079 0.00561934 0.0238462 0.0186887 0.11956 0.0534068 0.0194151 0.0356567 0.0397013 2.60595e-05 
0.00163407 0.00572422 0.00164835 6.45819e-05 0.522701 0.0068854 0.016111 0.00997075 0.111456 0.00105182 0.00233775 0.00220422 0.000168047 3.54965e-05 0.000258465 3.81008e-06 0.000211681 0.00190702 0.0212396 0.0012932 0.0383286 0.000281045 0.000147183 0.164939 7.28598e-05 0.00467386 0.0112156 0.0623345 0.0110812 2.01151e-05 
0.0287694 0.00294055 0.000844461 8.99753e-05 0.484358 0.0113487 0.0046463 0.00853523 0.010047 0.00151647 0.0373574 0.00136353 0.0245014 0.000325439 0.00281296 6.21091e-08 0.000146787 0.00154388 0.0950665 0.000142178 0.0531288 0.0136592 0.00206714 0.0420658 0.000138897 0.00224333 0.0142655 0.112953 0.0430039 0.000118017 
0.00116581 0.000419319 9.82424e-05 5.33077e-05 0.566224 0.00701368 0.0020233 0.00351435 0.0780246 6.13989e-05 0.00472739 2.07686e-09 0.00900386 0.000206486 0.000171232 2.84231e-12 0.000584221 0.000480406 0.0616906 0.00313742 0.00720617 0.00480729 0.000654513 0.192879 0.000898428 0.00512597 0.0110428 0.0349751 0.00380139 1.01542e-05 
4.80895e-09 8.10589e-05 0.000371744 1.7845e-09 0.750824 3.48573e-05 6.28226e-09 0.00109208 9.54858e-08 8.70887e-09 0.0056794 1.08257e-09 4.09067e-09 1.47787e-08 2.62083e-08 2.68484e-12 2.18151e-12 1.28743e-08 0.0635291 2.82754e-12 0.0202673 2.45311e-08 1.56884e-08 0.0145285 9.33012e-06 9.61403e-09 0.00244242 0.123322 0.0178175 1.23208e-09 
0.000131709 0.00128128 0.000478571 8.88405e-05 0.560586 0.00209598 0.0018708 0.116784 0.000361731 5.90764e-05 0.00467006 6.90912e-07 0.104143 0.000431846 0.000560412 7.13501e-05 9.75986e-07 3.16124e-05 0.00554286 1.2323e-05 0.00017879 0.0159933 0.00171371 0.0824607 8.02859e-06 0.00959238 0.0273055 0.0218732 0.0416698 1.86306e-06 
0.0024236 0.00168413 0.000513809 3.62049e-05 0.46308 0.00117765 0.00181473 0.014505 3.31114e-05 9.52406e-05 0.000346168 9.98662e-06 7.03442e-05 1.37695e-08 7.60877e-06 1.21862e-11 2.30571e-06 9.14035e-05 0.00675503 3.47831e-09 0.449094 4.31643e-05 0.000329465 0.00732388 1.88798e-05 0.00482245 0.0115805 0.029325 0.00481542 2.54784e-07 
0.00752714 0.000574207 1.91145e-05 6.44244e-06 0.692404 0.00470935 0.00255839 0.0018112 0.0928095 0.000330985 0.0105372 1.04924e-12 0.00425862 0.00199064 0.000796231 1.82413e-12 8.23797e-05 0.00043211 0.0635498 0.00011856 0.000237099 0.000466306 0.00238366 0.0345485 0.000148178 0.00494377 0.0149207 0.0518909 0.00594103 3.70786e-06 
5.00183e-05 0.000370772 9.49475e-08 6.92679e-05 0.285304 0.00109641 0.000420891 0.0007857 0.00505568 0.0197784 8.20311e-05 1.54588e-07 0.0670144 1.55706e-07 0.000451709 2.68756e-07 0.000241389 0.155685 0.0127613 2.8304e-07 0.00203384 0.231047 0.000415916 0.00947302 1.19626e-07 0.202015 0.000487233 3.70396e-05 0.00515687 0.000166036 
0.000203036 0.00508717 0.000489819 0.032722 0.271617 0.0698519 0.0255595 0.0255602 0.000968769 0.015675 0.0301955 7.63581e-05 0.00747485 0.00152041 0.000947076 1.09086e-09 0.000215988 0.00470529 0.0162225 1.95294e-05 0.0525995 0.0131267 0.0024995 0.0244971 0.00118257 0.245879 0.0272841 0.0909856 0.0328292 5.09617e-06 
0.0125115 0.00976676 0.00060082 0.000124027 0.228198 0.0195857 0.00753797 0.00313294 0.0474012 2.76813e-05 0.00918166 0.000177502 0.00102133 0.000488099 0.00797725 3.1156e-10 2.18451e-05 0.00431675 0.125217 0.000552409 0.146083 0.000288236 0.000627534 0.117543 9.46456e-05 0.142726 0.00819268 0.0539291 0.0526747 3.02557e-07 
0.00102866 9.42705e-05 5.12425e-05 6.02524e-06 0.484459 0.0151953 0.0169855 0.029855 9.31537e-07 0.00749199 0.000531492 1.8746e-08 0.0191051 1.24144e-07 0.000722887 1.20675e-07 1.73934e-06 0.002035 0.00602725 0.00155492 0.00039272 0.298137 0.000166789 0.0858381 6.05986e-05 7.68871e-05 0.0278948 0.000387227 0.00175592 0.000143826 
0.0364268 0.00717224 0.00199837 0.000101289 0.261473 0.00115113 0.0382575 0.0132524 4.75923e-05 0.000874825 0.0023849 0.0301113 0.000296654 9.50576e-09 0.00333463 3.08305e-12 6.27494e-09 9.69787e-05 0.0131983 1.24566e-08 0.170763 0.00209651 0.000732101 0.00696449 0.000205103 3.3577e-07 0.0216369 0.232723 0.154692 9.66124e-06 
0.00501917 0.00741775 0.000224314 0.000144145 0.881863 0.00135918 0.00050442 0.00213752 0.0026612 6.50599e-05 0.00256805 4.47708e-06 0.000106531 3.09332e-05 3.30942e-05 9.17831e-09 4.51129e-09 0.00118059 0.00148948 1.78624e-06 0.00767185 0.000239326 0.000127671 0.0543219 3.38628e-05 0.00250392 0.00342185 0.0193082 0.00555963 1.09634e-06 
0.00183274 0.0039707 0.000855207 0.0532847 0.815777 0.0026004 0.00565608 0.0100242 0.00192555 0.000298832 0.00481549 0.0149367 0.00250879 0.000221177 0.000285729 1.93559e-08 2.22629e-06 0.00343308 0.000886311 0.00406035 0.0109499 0.000571093 0.00896376 0.0150985 2.63501e-05 0.0149986 0.00142485 0.0179659 0.0026216 4.28214e-06 
0.0174948 0.0130893 0.0225535 0.000111961 0.231956 0.0152263 0.0273538 0.0504201 0.0292543 0.00337568 0.0352773 0.00145777 0.0082321 0.00171671 0.00503815 3.40395e-05 0.000112876 0.00159335 0.0615456 0.000914751 0.131008 0.0159528 0.00513395 0.094085 0.000390901 0.00200955 0.0165998 0.168231 0.0397967 3.41824e-05 
0.000301013 9.94798e-05 0.000195889 1.62887e-06 0.489028 0.0577689 4.23726e-05 5.45378e-05 0.000728603 1.39672e-08 0.00180825 0.000558029 7.91108e-09 0.000339077 9.49588e-09 3.5313e-08 0.0018754 1.3438e-08 1.34316e-05 3.71898e-08 0.00823707 8.53548e-09 0.140853 0.00133249 1.57182e-08 0.112286 0.180901 5.8887e-06 0.0035653 4.4283e-06 
0.00501917 0.00741775 0.000224314 0.000144145 0.881863 0.00135918 0.00050442 0.00213752 0.0026612 6.50599e-05 0.00256805 4.47708e-06 0.000106531 3.09332e-05 3.30942e-05 9.17831e-09 4.51129e-09 0.00118059 0.00148948 1.78624e-06 0.00767185 0.000239326 0.000127671 0.0543219 3.38628e-05 0.00250392 0.00342185 0.0193082 0.00555963 1.09634e-06 
0.0202733 0.0174408 0.00517562 0.000322624 0.386438 0.0129433 0.0194579 0.0135549 0.00340275 0.0021923 0.0300663 0.00815595 0.0181973 0.000279933 0.00136246 3.32841e-09 0.000163494 0.00135846 0.0120984 0.00021364 0.0294727 0.000700626 0.00361398 0.012892 0.193506 0.0936766 0.0229717 0.0666002 0.0234638 4.7818e-06 
0.0206409 0.00125709 0.000685091 2.564e-05 0.815777 0.0012473 0.00061839 0.00363767 0.0234694 4.7578e-05 0.000692506 7.90697e-10 8.4694e-05 4.86326e-09 9.74336e-10 7.86974e-13 4.81314e-07 9.19055e-05 0.0133778 8.28801e-13 0.0337275 4.75533e-05 0.000712529 0.0570583 6.90703e-05 0.00465029 0.0145503 0.00459111 0.00293202 8.15747e-06 
7.87189e-05 0.000881062 0.00410345 6.93503e-05 0.556666 0.00081614 0.00228135 0.00911418 0.00257245 0.000128411 0.02778 0.000122371 9.32097e-05 1.02911e-06 0.000279487 5.38238e-12 3.31784e-08 0.00057155 0.0351297 1.03241e-08 0.0370326 0.0065574 0.000416041 0.103585 3.31959e-05 0.000689763 0.00226026 0.184629 0.023926 0.000181525 
0.0103219 0.0194567 0.00110618 8.55456e-05 0.583505 0.00938335 0.0059955 0.00449825 0.0160568 0.000918188 0.0130953 0.000436944 0.000918936 0.000857046 0.000245936 2.09316e-06 1.42727e-05 0.000846561 0.0177418 8.43137e-07 0.0615663 0.000173358 0.00132803 0.0701573 0.000107023 0.00287052 0.0122849 0.0911867 0.0748383 5.16017e-07 
0.00122658 0.0047519 0.00598929 9.27569e-06 0.463734 0.00582852 0.0485584 0.00982576 0.000175916 0.0054503 0.00225314 0.00302855 0.000797119 6.39108e-05 0.00136786 2.19271e-08 2.38577e-07 0.000500091 0.0508078 6.68878e-08 0.0600013 0.0132941 0.00112762 0.0493604 4.12328e-05 0.00247864 0.0073357 0.197129 0.0648595 3.3406e-06 
0.000989723 0.000419316 0.000112836 5.60358e-05 0.626609 0.00588778 0.00314846 0.00289116 0.0613262 7.79705e-05 0.00503129 1.59151e-09 0.00662394 0.000147493 0.000236125 2.38433e-12 0.000417308 0.000488386 0.0536059 0.00224103 0.0132313 0.00343379 0.000713864 0.150535 0.000673537 0.0115279 0.00997625 0.0345959 0.00499451 8.55452e-06 
0.0214311 0.0422801 0.00126243 0.102096 0.192736 0.0442652 0.0269534 0.00739803 0.00369732 0.00178955 0.0558354 0.00478108 0.00351433 0.000205893 0.00101247 6.45276e-09 5.69002e-05 0.0115716 0.0976174 3.86757e-07 0.0108475 0.00184113 0.00403041 0.0951374 1.14705e-05 0.00387077 0.0238861 0.0858394 0.155925 0.000107162 
0.0207295 0.0178057 0.00227789 0.0137053 0.346848 0.0287081 0.016704 0.0216238 0.012302 0.00288373 0.0307156 6.11793e-05 0.010333 0.000456811 0.00184871 1.4912e-05 0.00150721 0.0046182 0.05169 0.000255165 0.058777 0.00237955 0.00718773 0.129423 0.000675881 0.0114807 0.0211482 0.123312 0.0604832 4.3455e-05 
0.00899344 0.00653296 0.00069964 0.000284559 0.791035 0.00205324 0.00181144 0.00468524 0.00443237 0.000139949 0.00482498 2.2856e-05 0.000802905 6.299e-05 6.02424e-05 4.28989e-12 7.71268e-06 0.00237716 0.00521013 2.27644e-06 0.0194151 0.000590259 0.000536977 0.0323717 0.00012276 0.0896698 0.00564535 0.0150881 0.00251767 2.86179e-06 
0.00138922 0.0545926 0.000889616 2.21571e-05 0.612042 0.000340403 0.0509164 0.0215241 2.9517e-06 0.00148285 0.0012801 0.000279051 0.00122559 0.000258038 0.00287469 6.66748e-10 1.01335e-07 0.000860307 0.00254754 1.71278e-07 0.0430033 0.00221356 4.70205e-08 0.00898898 8.63836e-05 9.87999e-07 0.00518258 0.117941 0.0700549 2.29259e-07 
0.00693597 0.0219597 0.00995785 0.000315881 0.42746 0.00320865 0.0374007 0.0626809 0.019468 0.000107158 0.00825196 1.33607e-08 0.000515144 5.16854e-05 0.000196033 8.98195e-11 3.4408e-06 0.0039948 0.0195776 7.03266e-08 0.0412757 0.0156743 0.000658668 0.249611 0.00105231 0.0358886 0.0227074 0.00809074 0.00292572 2.99195e-05 
4.58575e-05 0.00224727 0.00873841 1.30016e-06 0.480011 0.000173312 0.00145583 0.00859337 6.46942e-06 0.000137075 0.00831877 1.86806e-05 4.19979e-05 4.78555e-06 0.000264758 4.98958e-12 4.05418e-12 9.87126e-05 0.0312367 2.42799e-08 0.0235964 0.00297118 0.000225935 0.00798454 3.84902e-05 3.36868e-05 0.00254915 0.384042 0.0371642 8.38393e-07 
0.00108039 0.0400804 0.00161721 1.1707e-05 0.204787 0.0540326 0.0483045 0.0314378 0.0374517 0.000591148 1.23578e-05 2.99355e-07 0.000102839 1.94964e-05 5.39572e-06 4.43073e-08 2.42373e-06 1.18324e-06 0.0831464 1.3329e-07 0.0668122 1.85795e-06 0.186785 0.0234777 0.000733361 0.00402815 0.194018 0.0122566 0.00920191 4.88273e-07 
1.91051e-05 8.896e-05 0.000105775 3.30718e-05 0.862071 0.00124705 0.000682316 0.00121433 0.00390717 9.72892e-06 0.00207416 3.50479e-13 9.80491e-05 4.18337e-09 3.45459e-05 6.09319e-13 4.95089e-13 0.000273967 0.0066277 5.96624e-09 0.00791371 8.2066e-05 0.00017931 0.0783622 5.23337e-05 0.00799888 0.00526246 0.0164333 0.0052272 1.27271e-06 
0.0105717 0.00118478 0.000107769 0.000279165 0.707505 0.00638322 0.00404332 0.0041895 0.0129258 0.000505816 0.00296568 3.16485e-10 0.00336039 0.000136987 0.000540428 4.24235e-08 2.08267e-06 0.00593698 0.0754997 0.000454503 0.00223463 0.0057494 0.00104668 0.084632 0.000107613 0.00357348 0.00435715 0.0538417 0.00786027 4.35143e-06 
7.45931e-05 0.00173817 0.000206094 5.73436e-05 0.378666 0.00417558 0.00434322 0.0447849 0.0643203 0.000250261 0.00645021 1.59701e-09 0.000193112 4.10399e-05 0.000975947 8.95796e-07 5.65237e-06 0.000610726 0.0513002 0.00323824 0.085167 0.000202158 0.000754421 0.170391 7.00818e-05 0.00580654 0.0260471 0.122152 0.0279519 2.54811e-05 
0.00680777 0.00109348 0.0141733 0.00683499 0.147702 0.07533 0.00429231 0.0657763 0.014074 0.000500554 0.0351935 0.00117687 0.0656284 0.0017329 0.00268443 9.66578e-06 0.00657954 0.000937061 0.0143669 3.01447e-05 0.117531 0.00186085 0.0597851 0.00756714 0.000706077 0.12391 0.141066 0.0526373 0.0300114 9.52098e-07 
0.00932983 0.0281813 0.000646911 0.000870278 0.643479 0.00501226 0.00144622 0.00251216 0.0557547 4.43168e-05 0.00845761 5.24868e-08 0.00643483 0.000148612 0.000122911 1.25541e-10 0.000419427 0.0030472 0.0440726 0.00224841 0.00515269 0.00343811 0.000468779 0.137787 0.00165516 0.00366505 0.00789281 0.0249868 0.00271703 7.49962e-06 
9.54693e-05 0.0266055 0.0242348 6.80673e-05 0.295043 0.0116478 0.0639056 0.112853 0.00557937 0.000801235 0.00312902 1.9968e-06 0.00027477 6.36228e-05 0.00104269 2.27093e-10 5.99867e-08 0.000287438 0.0162317 1.11751e-06 0.0404476 0.00716019 0.00915085 0.0473125 1.22113e-05 0.00523214 0.0162715 0.282774 0.0297723 7.28983e-07 
0.0118695 0.00688644 0.00215773 4.53904e-05 0.304833 0.0295761 0.0211107 0.0141614 0.0669314 0.0016396 0.0298679 3.29689e-11 0.0109737 0.00492145 0.00333426 1.14721e-05 1.9952e-05 0.000989623 0.0704307 0.00253479 0.0157168 0.0202186 0.00288485 0.209494 0.000164203 0.0355684 0.0562475 0.0439411 0.0334649 4.82708e-06 
0.00236991 0.00212162 0.000637006 8.22479e-06 0.834211 0.00524346 0.0133319 0.00441798 0.00120732 0.00136053 0.00214552 6.658e-11 0.00347885 8.4527e-05 0.00153763 2.98209e-11 9.71243e-05 0.000432936 0.0512565 0.000170469 0.010066 0.000534521 0.00268565 0.0104168 0.000368782 0.0010738 0.00239322 0.0262574 0.0220867 4.72482e-06 
0.00185128 0.00470332 0.00146743 4.61856e-05 0.52264 0.0156722 0.016522 0.0168001 0.0166535 0.0027655 0.0112701 6.46456e-06 0.00873368 0.000123393 0.00424425 3.1489e-08 0.00384632 0.00107669 0.0498842 7.45905e-05 0.0736168 0.00603673 0.00307414 0.0952773 0.00155604 0.0106955 0.0136077 0.0605062 0.0572455 3.19513e-06 
0.00116581 0.000419319 9.82424e-05 5.33077e-05 0.566224 0.00701368 0.0020233 0.00351435 0.0780246 6.13989e-05 0.00472739 2.07686e-09 0.00900386 0.000206486 0.000171232 2.84231e-12 0.000584221 0.000480406 0.0616906 0.00313742 0.00720617 0.00480729 0.000654513 0.192879 0.000898428 0.00512597 0.0110428 0.0349751 0.00380139 1.01542e-05 
0.0124114 0.00889834 0.0144181 0.0054697 0.116948 0.0193073 0.0300889 0.0981447 0.0255782 0.0024639 0.0233752 0.00223829 0.00959467 0.00170911 0.00472601 7.90099e-05 0.000595243 0.0825885 0.103864 0.000830712 0.07787 0.00842405 0.00402001 0.0770092 0.00478391 0.0377409 0.0300595 0.115654 0.0810973 1.10846e-05 
0.0223558 0.198892 9.09995e-07 0.00236548 0.425203 0.0076544 0.00228084 0.0694988 1.75099e-07 1.95544e-11 0.0175249 3.46961e-07 7.55371e-07 2.86428e-11 1.59666e-08 4.94387e-11 3.37471e-07 8.98715e-06 6.4927e-07 5.20663e-11 0.00696111 0.00102553 1.56692e-07 0.18048 0.00181245 3.30689e-06 4.19031e-07 0.0273922 0.0365378 3.77495e-11 
0.00102866 9.42705e-05 5.12425e-05 6.02524e-06 0.484459 0.0151953 0.0169855 0.029855 9.31537e-07 0.00749199 0.000531492 1.8746e-08 0.0191051 1.24144e-07 0.000722887 1.20675e-07 1.73934e-06 0.002035 0.00602725 0.00155492 0.00039272 0.298137 0.000166789 0.0858381 6.05986e-05 7.68871e-05 0.0278948 0.000387227 0.00175592 0.000143826 
0.00395632 0.00177148 0.00139522 0.000937296 0.268047 0.0429544 0.00975487 0.223032 0.0587313 0.000905285 0.0156742 1.06188e-06 0.00735456 0.00983799 0.00178081 1.12776e-06 0.00161025 0.0014074 0.0825391 0.000320301 0.0682298 0.00165459 0.00308651 0.0532289 0.000338751 0.0245561 0.0133917 0.0428769 0.0606173 6.83824e-06 
1.16065e-08 2.70449e-05 0.000123989 4.30753e-09 0.548843 0.00431595 1.40637e-08 0.011918 0.00305894 4.8937e-05 0.00189333 2.42662e-09 0.000241694 3.30865e-08 0.000948821 1.15949e-11 9.42117e-12 3.10727e-08 0.0567126 1.22111e-11 0.201231 0.000301121 0.000215427 0.00484317 3.12792e-06 2.3204e-08 0.00677477 0.129576 0.0289236 2.9774e-09 
0.0317079 0.00558327 0.000127622 5.7174e-05 0.520699 0.00664413 0.0195525 0.0110669 0.00531467 0.000711472 0.00408206 1.18528e-06 0.004793 7.97266e-05 0.000347119 2.2562e-12 0.000356278 0.000686534 0.14862 0.000193504 0.0352731 0.00644439 0.000598929 0.14579 0.000199919 0.0106881 0.0152424 0.0215469 0.00358914 3.4298e-06 
4.58575e-05 0.00224727 0.00873841 1.30016e-06 0.480011 0.000173312 0.00145583 0.00859337 6.46942e-06 0.000137075 0.00831877 1.86806e-05 4.19979e-05 4.78555e-06 0.000264758 4.98958e-12 4.05418e-12 9.87126e-05 0.0312367 2.42799e-08 0.0235964 0.00297118 0.000225935 0.00798454 3.84902e-05 3.36868e-05 0.00254915 0.384042 0.0371642 8.38393e-07 
0.0150854 0.00482324 0.00225396 0.049617 0.281308 0.0709527 0.0195491 0.0467881 0.00665809 0.00103076 0.014284 0.00256964 0.00957303 0.000405059 0.00234428 7.40769e-05 0.000340955 0.00192894 0.0284917 5.32635e-05 0.188372 0.00107003 0.0029246 0.0843484 0.000439636 0.00903494 0.0136619 0.0949805 0.0470352 1.67885e-06 
0.00248232 0.00446806 0.000368457 0.000203238 0.838977 0.00223224 0.0155559 0.00698404 0.00191104 0.000619146 0.00600794 6.68067e-05 0.00649752 0.00032848 0.00104514 8.43108e-11 2.08243e-06 0.00102101 0.00505409 0.0014866 0.0276598 0.00169817 0.00166375 0.0149398 2.10939e-05 0.0163942 0.00213565 0.0365643 0.00361108 1.50998e-06 
0.00806523 0.0157743 0.00084845 8.12934e-05 0.316373 0.0154903 0.0308802 0.0778237 0.0541032 0.00114275 0.00992885 3.35108e-05 0.00839605 0.000603145 0.0551517 1.6909e-07 9.70609e-05 0.0101627 0.0751726 0.00124476 0.0450034 0.0190758 0.00216608 0.124518 0.00035165 0.0286697 0.0164397 0.0439563 0.0383191 0.000127638 
0.00264243 0.00362849 0.0008955 3.90456e-06 0.275567 0.122873 0.036006 0.0144495 0.00770345 0.000836799 0.00650667 1.56188e-07 0.00242113 2.60623e-05 0.00423619 9.6077e-08 0.00171928 0.00208381 0.0579381 4.83009e-05 0.270507 0.000307733 0.00293868 0.0229816 0.00018615 0.000808432 0.0416101 0.0415297 0.079543 1.556e-06 
0.000510209 0.000425956 0.000112134 4.32186e-05 0.655465 0.00279299 0.000897899 0.00841183 0.00315336 3.70702e-06 0.00272042 1.26264e-08 0.000972458 0.000108589 0.000162995 2.60469e-11 7.98806e-05 0.000262074 0.120286 6.98143e-05 0.014717 0.00765213 0.000349953 0.149022 0.00224368 0.00321033 0.00409711 0.0192064 0.0030216 1.11396e-06 
0.00162655 0.00202258 9.3664e-05 0.00039113 0.444262 0.0380114 0.000156802 0.0117223 0.00529403 7.13331e-07 0.0693499 2.15177e-05 0.00190011 6.29136e-12 2.9201e-12 1.08592e-11 1.97622e-08 0.00987026 0.0180098 1.14363e-11 0.00845444 0.0005739 2.64877e-05 0.269751 1.75681e-05 0.013428 0.00471645 0.0823111 0.0178939 9.47381e-05 
0.0249932 0.00813916 0.00215038 0.00296314 0.175442 0.0903049 0.0312664 0.0463232 0.000369914 0.00340043 0.0788346 0.0061005 0.00327878 0.000241353 0.0036739 6.53858e-06 0.00166628 0.159689 0.07635 0.000119044 0.041158 0.0177247 0.00820281 0.0223198 1.69951e-05 0.000383162 0.00646619 0.126016 0.0623778 2.21139e-05 
0.006786 0.00516366 0.00227212 6.64169e-05 0.587725 0.00570815 0.0312819 0.0450098 0.0134808 0.00153439 0.00130578 2.92534e-09 0.00140269 7.02839e-05 0.00108193 5.59765e-12 7.90794e-10 5.06902e-05 0.0520333 1.1598e-08 0.0338558 0.000393736 0.0138037 0.0231107 3.94015e-05 0.0525065 0.0558774 0.0259271 0.0395096 3.08168e-06 
0.00845966 0.00026066 0.00165763 0.000652178 0.51742 0.0160922 0.00606528 0.00713644 0.000855857 0.00545265 0.0655158 2.9222e-05 0.00334693 0.000125984 0.00087102 7.77735e-11 1.11096e-05 0.0240209 0.0393994 2.34039e-05 0.0287371 0.000917405 0.000583248 0.00725654 0.0949075 0.107006 0.0286724 0.0279215 0.00660087 2.27361e-07 
0.0237228 0.0215294 0.00973538 0.00478484 0.247078 0.0129765 0.0945221 0.0187887 0.027156 0.0029243 0.0108644 0.00564861 0.000549237 4.07727e-05 0.00311908 1.07431e-08 0.000633779 0.00180542 0.135893 2.99981e-05 0.127805 4.58196e-05 0.00307426 0.0672361 0.000214321 0.0282177 0.0242303 0.0954376 0.0319345 2.15902e-06 
0.00102866 9.42705e-05 5.12425e-05 6.02524e-06 0.484459 0.0151953 0.0169855 0.029855 9.31537e-07 0.00749199 0.000531492 1.8746e-08 0.0191051 1.24144e-07 0.000722887 1.20675e-07 1.73934e-06 0.002035 0.00602725 0.00155492 0.00039272 0.298137 0.000166789 0.0858381 6.05986e-05 7.68871e-05 0.0278948 0.000387227 0.00175592 0.000143826 
0.00236991 0.00212162 0.000637006 8.22479e-06 0.834211 0.00524346 0.0133319 0.00441798 0.00120732 0.00136053 0.00214552 6.658e-11 0.00347885 8.4527e-05 0.00153763 2.98209e-11 9.71243e-05 0.000432936 0.0512565 0.000170469 0.010066 0.000534521 0.00268565 0.0104168 0.000368782 0.0010738 0.00239322 0.0262574 0.0220867 4.72482e-06 
0.00138922 0.0545926 0.000889616 2.21571e-05 0.612042 0.000340403 0.0509164 0.0215241 2.9517e-06 0.00148285 0.0012801 0.000279051 0.00122559 0.000258038 0.00287469 6.66748e-10 1.01335e-07 0.000860307 0.00254754 1.71278e-07 0.0430033 0.00221356 4.70205e-08 0.00898898 8.63836e-05 9.87999e-07 0.00518258 0.117941 0.0700549 2.29259e-07 
0.012585 0.0113355 0.000747801 3.86895e-05 0.348698 0.0851624 0.00894835 0.0285934 0.00357026 0.0136393 0.000667219 0.0646095 0.000399661 1.21062e-07 9.0755e-05 2.08959e-07 1.69785e-07 0.000435677 0.0199942 1.18914e-05 0.0170324 0.0833171 2.13812e-05 0.217482 0.00100106 0.000262042 0.029202 0.0421485 0.00972767 0.000277836 
0.00834129 0.0135789 0.000442395 8.88994e-05 0.624747 0.00292273 0.00292207 0.086052 0.00280328 0.000116596 0.0127594 1.86821e-06 0.000545557 0.000127143 0.000115163 1.39218e-07 1.24686e-05 0.000845367 0.00300256 1.94924e-05 0.059391 0.000941329 0.00138583 0.085601 1.98677e-05 0.00447603 0.0237014 0.0464445 0.0185808 1.3837e-05 
0.00107602 0.0314616 0.0210081 0.0105602 0.408981 0.0115251 0.0898113 0.0228399 0.00138698 0.014678 0.0588883 0.000760566 0.00278243 0.000304365 0.0043995 3.75305e-07 0.000591281 0.00760832 0.0393039 8.06579e-05 0.0436935 0.066879 0.00675282 0.0914232 0.000335937 0.00583576 0.00653896 0.0306877 0.01979 1.53498e-05 
0.00412569 0.000117095 0.00146833 0.000265909 0.523509 0.00128794 0.124287 0.00424529 1.39017e-06 2.13877e-06 0.0038689 7.59049e-07 0.000464473 0.0034694 0.0450026 9.8835e-10 8.03064e-10 0.03472 0.000506541 0.0104429 0.000388739 0.00109353 5.65096e-05 0.129097 0.00308974 0.000180525 0.090436 0.0132797 0.00459251 1.33312e-08 
0.0127539 0.00346359 0.000436589 0.000119169 0.32706 0.00366694 0.00298139 0.0164471 0.028002 0.00020866 0.00180955 9.62725e-06 0.0024706 0.00103025 0.000423282 1.59733e-11 1.16158e-05 0.00042794 0.121519 3.67387e-05 0.10243 0.00581385 0.00058784 0.209757 0.000107361 0.0518442 0.0277362 0.0728392 0.0059993 5.94259e-06 
0.00745846 0.0229254 6.51243e-05 1.97256e-05 0.916312 0.000659588 3.36979e-06 0.000344518 0.00129507 4.56739e-07 0.00252732 1.84742e-06 0.00032225 1.78021e-09 2.01368e-06 3.07273e-09 1.7976e-06 0.00174799 0.0109105 3.23604e-09 0.000126714 0.000508093 1.09735e-05 0.0291494 1.04135e-05 0.000994575 0.001632 0.00108975 0.00188082 6.66915e-08 
0.00416462 0.00560877 0.000615535 2.22665e-05 0.658575 0.00505876 0.0135567 0.0256143 0.0503934 0.0182109 0.00666498 2.43398e-06 0.00471251 0.000762425 0.00416235 4.15598e-11 2.83146e-05 0.000185981 0.0443063 0.000721481 0.0157836 0.000997551 0.006483 0.0233731 0.000119285 0.0126748 0.021207 0.04716 0.0288308 3.81907e-06 
0.0024236 0.00168413 0.000513809 3.62049e-05 0.46308 0.00117765 0.00181473 0.014505 3.31114e-05 9.52406e-05 0.000346168 9.98662e-06 7.03442e-05 1.37695e-08 7.60877e-06 1.21862e-11 2.30571e-06 9.14035e-05 0.00675503 3.47831e-09 0.449094 4.31643e-05 0.000329465 0.00732388 1.88798e-05 0.00482245 0.0115805 0.029325 0.00481542 2.54784e-07 
0.00162567 0.015112 0.00394725 7.87201e-05 0.435351 0.0149971 0.0153015 0.107485 0.0203286 0.00247307 0.00715633 5.37149e-05 0.00510602 0.000369664 0.00334886 3.39952e-08 2.52691e-05 0.000645506 0.00227292 0.0103145 0.0254369 0.0589776 0.00125756 0.0530871 0.00170009 0.0121683 0.0184301 0.0212349 0.161652 6.24935e-05 
0.0402511 0.0243844 0.0133144 0.000151832 0.298336 0.00162461 0.0239705 0.0210692 0.00185281 0.00169162 0.0200997 2.11682e-05 0.00219485 0.0116453 0.00279436 2.61228e-09 6.7879e-05 0.00263686 0.0192136 1.36097e-07 0.0719354 0.00274008 0.0018766 0.0195362 0.000527237 0.225354 0.0479747 0.116624 0.0280936 1.75177e-05 
0.0589747 0.00704921 0.00520973 5.41848e-06 0.284127 0.00646794 0.0163893 0.112426 0.00159881 0.00528233 0.00185823 1.49616e-05 0.0428042 7.58588e-05 0.0351357 3.33437e-08 4.69854e-06 0.000524151 0.0658064 0.000425166 0.0183183 0.015013 0.00362227 0.00790981 0.00127356 0.00556406 0.00260704 0.135353 0.166158 7.22545e-07 
3.47563e-07 0.00367924 0.00164828 1.68609e-05 0.597362 8.82549e-07 7.1266e-07 0.0240223 7.61605e-05 0.00235058 9.37587e-07 0.000162787 0.00253849 0.000374863 0.0133957 2.9991e-11 4.35966e-06 0.0040592 0.000873535 0.000142611 0.125233 0.0363459 1.78748e-07 0.0337954 0.000124964 2.09214e-07 0.00152103 0.101036 0.0512342 4.68483e-08 
0.00116581 0.000419319 9.82424e-05 5.33077e-05 0.566224 0.00701368 0.0020233 0.00351435 0.0780246 6.13989e-05 0.00472739 2.07686e-09 0.00900386 0.000206486 0.000171232 2.84231e-12 0.000584221 0.000480406 0.0616906 0.00313742 0.00720617 0.00480729 0.000654513 0.192879 0.000898428 0.00512597 0.0110428 0.0349751 0.00380139 1.01542e-05 
1.16065e-08 2.70449e-05 0.000123989 4.30753e-09 0.548843 0.00431595 1.40637e-08 0.011918 0.00305894 4.8937e-05 0.00189333 2.42662e-09 0.000241694 3.30865e-08 0.000948821 1.15949e-11 9.42117e-12 3.10727e-08 0.0567126 1.22111e-11 0.201231 0.000301121 0.000215427 0.00484317 3.12792e-06 2.3204e-08 0.00677477 0.129576 0.0289236 2.9774e-09 
0.00501917 0.00741775 0.000224314 0.000144145 0.881863 0.00135918 0.00050442 0.00213752 0.0026612 6.50599e-05 0.00256805 4.47708e-06 0.000106531 3.09332e-05 3.30942e-05 9.17831e-09 4.51129e-09 0.00118059 0.00148948 1.78624e-06 0.00767185 0.000239326 0.000127671 0.0543219 3.38628e-05 0.00250392 0.00342185 0.0193082 0.00555963 1.09634e-06 
0.00416462 0.00560877 0.000615535 2.22665e-05 0.658575 0.00505876 0.0135567 0.0256143 0.0503934 0.0182109 0.00666498 2.43398e-06 0.00471251 0.000762425 0.00416235 4.15598e-11 2.83146e-05 0.000185981 0.0443063 0.000721481 0.0157836 0.000997551 0.006483 0.0233731 0.000119285 0.0126748 0.021207 0.04716 0.0288308 3.81907e-06 
1.74283e-06 0.000784092 3.93229e-06 3.3613e-07 0.451903 0.177893 0.0984553 0.0300396 2.06487e-09 0.0153613 0.059654 2.97642e-06 0.0142054 3.98606e-09 0.000801813 1.7358e-07 4.66115e-07 0.00160665 0.0203781 7.44595e-07 7.3921e-10 0.0234685 2.27121e-09 0.00553859 0.00343988 0.0010092 0.0102376 0.0692041 0.0160091 5.2534e-09 
0.00236991 0.00212162 0.000637006 8.22479e-06 0.834211 0.00524346 0.0133319 0.00441798 0.00120732 0.00136053 0.00214552 6.658e-11 0.00347885 8.4527e-05 0.00153763 2.98209e-11 9.71243e-05 0.000432936 0.0512565 0.000170469 0.010066 0.000534521 0.00268565 0.0104168 0.000368782 0.0010738 0.00239322 0.0262574 0.0220867 4.72482e-06 
1.16065e-08 2.70449e-05 0.000123989 4.30753e-09 0.548843 0.00431595 1.40637e-08 0.011918 0.00305894 4.8937e-05 0.00189333 2.42662e-09 0.000241694 3.30865e-08 0.000948821 1.15949e-11 9.42117e-12 3.10727e-08 0.0567126 1.22111e-11 0.201231 0.000301121 0.000215427 0.00484317 3.12792e-06 2.3204e-08 0.00677477 0.129576 0.0289236 2.9774e-09 
1.16065e-08 2.70449e-05 0.000123989 4.30753e-09 0.548843 0.00431595 1.40637e-08 0.011918 0.00305894 4.8937e-05 0.00189333 2.42662e-09 0.000241694 3.30865e-08 0.000948821 1.15949e-11 9.42117e-12 3.10727e-08 0.0567126 1.22111e-11 0.201231 0.000301121 0.000215427 0.00484317 3.12792e-06 2.3204e-08 0.00677477 0.129576 0.0289236 2.9774e-09 
0.0127539 0.00346359 0.000436589 0.000119169 0.32706 0.00366694 0.00298139 0.0164471 0.028002 0.00020866 0.00180955 9.62725e-06 0.0024706 0.00103025 0.000423282 1.59733e-11 1.16158e-05 0.00042794 0.121519 3.67387e-05 0.10243 0.00581385 0.00058784 0.209757 0.000107361 0.0518442 0.0277362 0.0728392 0.0059993 5.94259e-06 
6.75449e-05 0.00703416 0.000672238 0.00026699 0.204448 0.00894717 0.014915 0.0226353 0.0856031 4.35432e-05 0.0037311 2.53788e-05 0.000759046 4.95671e-05 0.000398791 3.73403e-11 0.000655461 0.00172087 0.0249061 9.32362e-05 0.141299 0.000227061 0.00500695 0.0518047 0.00168819 0.183681 0.0913724 0.0410129 0.106933 2.03564e-06 
0.00197293 0.00286677 0.0783161 0.000156063 0.559189 0.00845698 0.025748 0.0334225 0.000736709 0.00444878 0.0167715 0.00206836 0.00552095 0.000521504 0.00221583 1.43527e-11 0.000370465 0.000539495 0.0956414 0.000652144 0.0455434 0.00577912 0.000893004 0.00557174 1.41676e-05 0.00233077 0.00624339 0.0756571 0.0183517 2.49834e-07 
0.00236991 0.00212162 0.000637006 8.22479e-06 0.834211 0.00524346 0.0133319 0.00441798 0.00120732 0.00136053 0.00214552 6.658e-11 0.00347885 8.4527e-05 0.00153763 2.98209e-11 9.71243e-05 0.000432936 0.0512565 0.000170469 0.010066 0.000534521 0.00268565 0.0104168 0.000368782 0.0010738 0.00239322 0.0262574 0.0220867 4.72482e-06 
7.2145e-05 0.00461129 0.000512832 2.93651e-05 0.414695 0.0020561 0.00293638 0.00308341 0.00306985 0.00046139 0.000178898 3.31549e-10 0.00526856 7.64781e-06 0.000215134 5.76407e-10 2.75199e-08 0.00082167 0.00218968 5.13829e-08 0.0276828 1.39323e-10 0.0124408 0.0461062 2.55127e-05 0.00191429 0.329773 0.0888177 0.0530305 4.40123e-10 
0.0117233 0.0176169 0.00234807 1.5961e-05 0.351633 0.00443022 0.0144057 0.00763261 0.00357875 0.000485577 0.015305 4.85315e-07 0.00429757 0.000159823 0.00186506 4.69102e-09 2.48215e-06 1.17438e-05 0.0102348 4.24344e-06 0.22256 0.000129747 0.00551016 0.0312611 0.000200593 0.0127842 0.244124 0.0152098 0.0224684 8.12976e-07 
0.00481219 0.00146995 0.000479651 1.17e-05 0.862706 0.00394577 0.0102679 0.00289812 0.00148649 0.000817719 0.00238067 4.6333e-11 0.00195601 4.52909e-05 0.00106479 2.09092e-11 5.20356e-05 0.000403663 0.0377978 9.13294e-05 0.00891312 0.000334019 0.00188302 0.0140581 0.000217477 0.00326562 0.00223927 0.0193308 0.0170677 3.61497e-06 
0.000163642 0.0111984 0.00216019 0.236141 0.404583 0.00405661 0.0401939 0.0308558 0.000920553 0.00262048 0.011573 0.062502 0.00399855 0.000427173 0.00113205 2.02935e-08 5.87908e-08 0.0209821 9.57338e-09 0.000401601 0.000162289 0.0011137 0.052481 0.0310814 6.74248e-06 2.76612e-05 0.000272916 0.0748956 0.00604194 7.28301e-06 
0.00750404 0.00798891 0.00101753 8.67806e-06 0.541559 0.0127077 0.0216702 0.0185043 0.0674399 0.0153773 0.0330677 1.10886e-05 0.0111556 0.000601761 0.00853704 6.11712e-11 0.00127584 0.000966149 0.0329162 0.000846953 0.0318199 0.00065472 0.00504968 0.0342005 0.000112099 0.00592756 0.016508 0.0547675 0.0678027 1.4939e-06 
0.00050788 0.000819522 0.078781 0.000198655 0.683943 0.00578993 0.0132739 0.0159552 0.000592482 0.00206742 0.0118545 0.000825497 0.00140203 0.000407121 0.00050162 1.46968e-11 2.62679e-05 0.000639021 0.0892906 0.000606889 0.046241 0.0050591 0.000687419 0.00412432 7.88601e-06 0.00244582 0.00205927 0.0265316 0.00536037 2.64862e-07 
0.0014312 0.0211778 0.00204684 0.00418276 0.268263 0.0343028 0.0752475 0.0132768 0.00195276 0.0125084 0.00572536 0.00197638 0.00673986 0.001133 0.0132434 1.57085e-06 0.000126206 0.00242785 0.00326775 0.00352217 0.0929202 0.0288171 0.0376953 0.00609657 0.00083951 0.00210791 0.0345849 0.0708456 0.253539 9.81997e-07 
4.11714e-05 0.00573504 0.000110305 0.0192232 0.58412 0.00537793 0.00606352 0.00540489 0.000359047 4.61346e-05 0.00316462 1.59248e-05 0.0277185 0.00058377 0.00245256 4.22002e-06 0.000233647 0.000197682 0.0323714 0.0122385 0.139099 0.000190236 0.0041971 0.127329 9.16751e-05 0.000806972 0.0113242 0.00633707 0.00514773 1.51691e-05 
4.80895e-09 8.10589e-05 0.000371744 1.7845e-09 0.750824 3.48573e-05 6.28226e-09 0.00109208 9.54858e-08 8.70887e-09 0.0056794 1.08257e-09 4.09067e-09 1.47787e-08 2.62083e-08 2.68484e-12 2.18151e-12 1.28743e-08 0.0635291 2.82754e-12 0.0202673 2.45311e-08 1.56884e-08 0.0145285 9.33012e-06 9.61403e-09 0.00244242 0.123322 0.0178175 1.23208e-09 
0.00501917 0.00741775 0.000224314 0.000144145 0.881863 0.00135918 0.00050442 0.00213752 0.0026612 6.50599e-05 0.00256805 4.47708e-06 0.000106531 3.09332e-05 3.30942e-05 9.17831e-09 4.51129e-09 0.00118059 0.00148948 1.78624e-06 0.00767185 0.000239326 0.000127671 0.0543219 3.38628e-05 0.00250392 0.00342185 0.0193082 0.00555963 1.09634e-06 
0.00290844 0.005056 0.000715925 1.36157e-05 0.564217 0.0249542 0.0150219 0.00997905 0.0592725 0.00107003 0.0211035 8.79574e-07 0.00202567 0.000617238 0.00280078 6.17597e-10 2.45333e-05 0.000476252 0.0423798 6.10654e-05 0.0450537 0.00335594 0.0200004 0.0363184 0.000101633 0.0327833 0.0307427 0.0580742 0.0208533 1.85512e-05 
0.000960336 0.00945848 0.0180768 0.0230083 0.204379 0.00393955 0.0665022 0.121138 0.000500959 0.00983966 0.00553734 0.00137537 0.00159342 0.000302912 0.0141756 1.0001e-07 0.00415535 0.00371949 0.0142009 0.00321468 0.143022 0.150088 0.00129995 0.157638 3.27063e-05 0.000449909 0.00206283 0.0272961 0.0120039 2.82908e-05 
0.00050788 0.000819522 0.078781 0.000198655 0.683943 0.00578993 0.0132739 0.0159552 0.000592482 0.00206742 0.0118545 0.000825497 0.00140203 0.000407121 0.00050162 1.46968e-11 2.62679e-05 0.000639021 0.0892906 0.000606889 0.046241 0.0050591 0.000687419 0.00412432 7.88601e-06 0.00244582 0.00205927 0.0265316 0.00536037 2.64862e-07 
0.000226318 0.000196337 5.51656e-06 0.0540128 0.611165 0.0288754 0.00619117 0.00198799 0.0021989 1.79944e-05 0.0901734 1.17645e-08 0.000539595 0.00083207 4.58393e-05 7.66963e-10 3.99931e-05 0.000739059 0.052317 8.07727e-10 0.0188703 1.68728e-06 0.000988421 0.0339923 2.40069e-05 0.00185384 0.0102661 0.0381924 0.0462437 2.34275e-06 
0.000534165 0.00188722 0.000124102 1.21196e-08 0.250286 0.00934507 0.000682688 0.019511 0.0258974 0.00125421 0.0229498 4.25304e-09 2.77806e-08 0.000927703 0.00461506 2.78601e-11 2.26372e-11 0.000340952 0.199522 2.21537e-07 0.0639989 1.66585e-07 0.00113477 0.0237766 3.16192e-06 0.00126658 0.0495958 0.154178 0.168168 8.37401e-09 
1.6499e-05 8.44313e-05 6.64713e-05 4.23494e-05 0.506858 0.00749298 0.000259749 0.0052548 0.000185828 3.69802e-07 0.000878802 1.45138e-06 7.41974e-05 2.31476e-06 4.48536e-05 1.88556e-09 4.45696e-06 0.00223927 0.00616332 1.98578e-09 0.395168 3.5139e-05 0.000313634 0.0314611 0.000169414 0.0212668 0.00815241 0.00576578 0.00799754 5.71408e-07 
0.00869847 0.0111243 0.00257622 0.000200704 0.5401 0.0186688 0.0260814 0.0169356 0.032218 0.00378063 0.0250654 1.8737e-05 0.00673073 0.00253666 0.00190825 1.00407e-06 3.04249e-05 0.00445213 0.028495 0.000100759 0.0108923 0.0159724 0.00129576 0.0727565 0.0083787 0.0407959 0.0361257 0.070559 0.0134976 2.52057e-06 
0.0169735 0.005506 0.000180111 7.34738e-05 0.516561 0.00160564 0.0165465 0.0129294 0.00724987 0.000524095 0.00235522 2.48603e-06 0.000155874 6.25168e-09 0.000103632 2.63428e-12 1.32952e-10 0.000370518 0.0870145 8.9164e-09 0.0722479 0.00030508 0.00037179 0.204395 7.88321e-05 0.0149322 0.0211808 0.0168333 0.0015013 1.42089e-06 
0.0151132 0.0297586 0.000599073 0.000233437 0.37987 0.00907059 0.00367034 0.0237977 0.00363849 0.00162012 0.00862093 4.60158e-05 0.000736839 4.5921e-05 0.000529907 4.52643e-11 8.5775e-08 0.0320939 0.148371 9.59189e-08 0.120971 0.00349202 0.00030117 0.00947762 0.00134286 0.00346078 0.00863371 0.103592 0.090912 4.16124e-07 
0.012593 0.0376058 0.00258996 0.00347648 0.242618 0.015781 0.0240719 0.0131915 0.00813937 0.00044641 0.0612799 1.96395e-05 0.000569958 0.000327333 0.000684931 1.91099e-11 0.000191993 0.00161518 0.029814 5.38828e-07 0.226784 0.00278593 0.00160107 0.112461 0.000133734 0.0512525 0.0681806 0.0465477 0.0352247 1.23095e-05 
0.000249629 0.000362765 0.000241072 0.00457466 0.567848 0.0240211 0.0423753 0.0231653 0.00203011 0.00112168 0.0241911 0.000104804 0.00641214 0.00320304 0.00431384 3.06716e-09 0.00197461 0.00316921 0.0166031 0.0133235 0.0292723 0.111242 0.000393377 0.0801243 0.000161568 0.00160501 0.000845878 0.0331244 0.00391635 2.9158e-05 
0.00465879 0.0147873 0.00403572 0.0777966 0.65904 0.00356967 0.019579 0.0151901 0.00475406 0.00125383 0.00788572 0.0204996 0.00128945 0.000474916 0.000897266 8.36142e-09 2.67756e-06 0.013909 0.00147593 0.000164475 0.0148597 0.000828528 0.0223149 0.0494945 3.56469e-05 0.0031837 0.00536891 0.0433922 0.00924897 9.02672e-06 
0.00295578 0.00145625 0.0251908 0.0511345 0.325453 0.00875118 0.0665806 0.0274062 0.00417939 0.00119139 0.0134741 0.00033003 0.00425893 0.000291222 0.0010716 7.34457e-08 7.49767e-05 0.261694 0.0532092 0.00106163 0.0105 0.0247049 0.00131617 0.0190165 0.0278515 0.0207622 0.00317789 0.0386672 0.00423646 2.88037e-06 
0.0115377 0.00425289 0.00332856 0.0038632 0.248005 0.164896 0.0141675 0.0159125 0.0244134 0.0023524 0.0324677 0.000472399 0.0770204 0.000512467 0.00328361 0.000127228 0.00299055 0.00363814 0.0339746 0.00238016 0.0743591 0.00894383 0.016125 0.0596795 0.00210736 0.0432399 0.0499939 0.0591395 0.0368112 4.35236e-06 
