1.94909e-06 0.0275551 8.61456e-08 3.73375e-07 1.21058e-11 0.00136759 0.0267174 0.0407824 5.6532e-08 0.0189223 0.00170407 0.16872 0.000368933 3.80872e-11 0.000948688 6.57402e-11 0.000117825 0.0012893 9.69446e-09 6.19773e-07 8.15635e-08 0.680947 4.1475e-05 0.00418663 0.00353289 1.10814e-07 1.50374e-07 0.02071 0.00208486 4.94283e-07 
4.89375e-09 0.0415294 1.6024e-08 0.000782124 8.35234e-09 4.26213e-05 1.99153e-05 0.10893 1.36127e-08 1.794e-08 7.43964e-06 4.16992e-05 1.01612e-08 2.6278e-08 2.70972e-05 4.53571e-08 3.68539e-08 3.23384e-05 0.328949 3.16845e-05 1.36745e-05 0.284941 3.70255e-05 0.234578 2.27036e-05 1.40003e-08 6.38587e-09 1.47713e-05 1.95174e-07 3.4633e-08 
0.0248906 0.00704884 0.00106499 0.000481348 1.08102e-09 0.00548856 0.0312306 0.272082 0.0211998 0.00168504 0.119408 1.20402e-06 0.00104158 5.73034e-05 0.0124038 5.87043e-09 4.76989e-09 0.000980328 0.000450039 0.00535825 0.00797203 0.356078 0.00504487 0.0795825 2.61299e-09 0.00127021 0.000931151 0.0118794 0.0224224 0.00994833 
5.04463e-08 0.000209111 0.00623546 2.866e-05 1.46666e-10 0.00232916 0.000936367 0.00341108 8.40964e-08 1.71876e-05 6.12181e-08 0.956454 0.00131616 1.64736e-05 0.00100152 7.96465e-10 7.58917e-06 0.00356924 1.232e-10 8.38797e-10 3.23736e-05 0.00699482 7.80098e-09 0.0120611 3.54515e-10 3.02447e-05 6.48265e-05 0.000880135 0.00440428 6.08151e-10 
1.97337e-06 0.00115502 0.00586657 0.000123448 1.83808e-09 0.0868949 0.0619213 0.0852966 3.42151e-06 0.0711529 0.00464746 0.000629215 0.0182288 3.63303e-06 0.0224173 9.98165e-09 8.11038e-09 0.0718904 1.544e-09 0.0291584 1.07244e-09 0.46235 7.41352e-06 0.0242221 1.35941e-05 1.08862e-06 0.00345432 0.0505594 1.75869e-07 7.62162e-09 
6.68297e-08 6.14947e-07 1.05414e-06 2.08513e-10 2.36913e-10 0.00156947 9.23401e-11 7.01145e-05 3.86122e-10 5.08865e-10 0.664009 7.40021e-10 0.00205223 7.45374e-10 1.49514e-07 1.28655e-09 1.04536e-09 2.25663e-05 0.01119 1.52568e-06 0.00950163 2.59769e-06 4.24706e-10 0.0523913 7.81487e-07 2.28546e-08 3.79523e-07 0.257836 0.00135095 9.82361e-10 
2.81427e-06 0.00687969 0.0158172 3.83878e-07 6.86544e-11 2.64216e-07 0.0565797 0.362313 1.11893e-10 0.0322579 1.11345e-05 0.00281637 2.58374e-07 2.16e-10 0.0147519 3.72825e-10 3.02931e-10 0.00186681 0.039442 0.000917744 2.70265e-06 0.427613 1.23074e-10 0.0379767 4.70926e-07 2.44746e-06 0.000746327 2.38331e-11 6.58769e-07 1.31241e-07 
5.74728e-09 2.63103e-07 8.96693e-10 1.62846e-05 8.90161e-12 6.54019e-09 1.39706e-05 3.39275e-08 5.77168e-07 0.000161923 4.41093e-10 2.7805e-11 5.51897e-09 2.80061e-11 1.00559e-08 4.83398e-11 1.39249e-08 0.999804 8.76949e-10 4.4354e-10 2.05473e-10 1.58514e-07 3.07359e-08 2.51281e-06 2.51506e-09 1.4921e-11 3.19439e-07 7.00067e-08 2.23622e-07 3.69105e-11 
5.04463e-08 0.000209111 0.00623546 2.866e-05 1.46666e-10 0.00232916 0.000936367 0.00341108 8.40964e-08 1.71876e-05 6.12181e-08 0.956454 0.00131616 1.64736e-05 0.00100152 7.96465e-10 7.58917e-06 0.00356924 1.232e-10 8.38797e-10 3.23736e-05 0.00699482 7.80098e-09 0.0120611 3.54515e-10 3.02447e-05 6.48265e-05 0.000880135 0.00440428 6.08151e-10 
7.71077e-07 0.0063255 1.3786e-06 2.66958e-10 3.03318e-10 9.55205e-07 0.212723 0.0792811 8.3198e-07 6.51497e-10 0.000283087 9.47444e-10 0.0648102 9.54297e-10 0.215552 1.64716e-09 1.33836e-09 5.68992e-07 0.060532 1.98251e-06 0.0617961 3.98134e-10 0.190838 0.0094611 3.25254e-07 5.08427e-10 0.00362883 0.00456105 0.0902012 1.25771e-09 
0.0339159 0.00270128 1.62752e-05 3.85855e-05 2.37044e-06 0.0428163 0.0213277 0.0420791 0.0103536 0.034355 0.00141887 0.000794327 0.0164283 8.97206e-06 0.00199945 2.41258e-05 8.61101e-08 0.000486943 0.00273499 0.0664878 0.000645729 0.690622 0.000429563 0.0143975 0.00196255 0.00159918 0.00225545 0.00943867 0.00065958 8.09208e-08 
4.37231e-05 0.0196684 6.92153e-05 6.90095e-08 9.65817e-11 0.00403316 0.0274379 0.579679 0.00364272 0.00495324 0.000593738 8.44707e-08 1.30222e-07 1.17912e-07 0.00127946 5.24483e-10 6.73059e-08 0.000102085 0.0235283 5.52359e-10 0.0281216 0.0382519 0.000576501 0.117478 2.33453e-10 1.48368e-07 0.00018297 0.143553 0.00680408 9.46746e-08 
3.29089e-07 0.000417271 1.87742e-06 4.70948e-06 2.21184e-10 0.139189 0.000262086 0.000899183 2.50089e-06 0.00012705 0.00135548 0.630755 0.0116513 5.64686e-07 0.0033992 3.63449e-07 0.000248986 0.000146416 0.003523 8.21434e-07 0.000443246 0.00062203 0.000450552 0.00330145 1.75212e-07 0.100581 0.0978453 0.00175905 0.00301285 9.1714e-10 
0.000169178 6.1167e-05 3.7507e-06 1.02647e-06 3.42924e-10 0.0432984 1.09602e-05 1.85857e-05 1.00048e-05 1.22277e-05 0.0844852 1.07116e-09 4.17193e-10 6.04197e-05 1.45228e-05 1.86224e-09 1.51312e-09 7.08654e-10 1.18971e-05 1.96121e-09 2.00082e-10 0.139005 1.23011e-06 0.722881 8.28902e-10 4.02427e-06 0.00991991 1.87616e-05 1.32959e-05 1.42194e-09 
0.00101798 0.184329 0.440281 8.40237e-12 9.54681e-12 0.000709257 0.289222 0.00232033 1.97939e-08 0.0217383 0.00153305 0.0107338 1.16144e-11 0.00123161 0.00485092 5.18436e-11 1.01264e-05 2.83991e-07 0.00267155 1.74054e-08 0.00239824 0.000506499 0.0334758 0.00295439 2.30761e-11 1.56959e-05 5.77711e-08 2.00205e-08 5.58288e-12 1.79738e-08 
0.000445896 0.00016122 9.8957e-06 2.7101e-06 6.22023e-09 3.93417e-05 2.88892e-05 4.8989e-05 2.63779e-05 3.22394e-05 0.0281908 1.94295e-08 7.56736e-09 0.0101544 3.82847e-05 4.86904e-05 2.74462e-08 1.28541e-08 3.1361e-05 3.5574e-08 1.27462e-05 0.727411 3.25167e-06 0.0811613 1.50353e-08 1.06154e-05 8.43533e-06 0.152098 3.50464e-05 2.57922e-08 
2.30325e-07 1.03684e-06 0.00020329 7.50196e-05 5.91374e-07 0.0538528 3.11417e-05 0.035172 2.69948e-05 0.000687849 0.000779873 1.2232e-05 0.0046687 1.01461e-06 0.0127283 4.3675e-06 2.01728e-05 0.0157265 0.00162857 0.590756 0.185375 0.00417725 0.000353229 0.0475361 5.23871e-05 0.000461614 2.72553e-06 0.00781453 0.0378501 8.27939e-09 
0.000434648 0.00124494 1.15363e-06 3.87807e-05 5.95363e-09 0.989908 0.000333923 0.000192834 9.70324e-09 0.000396434 0.000287136 1.85967e-08 0.00147832 1.87313e-08 0.000599897 0.00238283 6.83278e-05 9.72076e-05 3.15119e-05 0.000388196 0.000168825 0.000615808 9.39319e-05 0.000176414 9.06769e-05 0.00039021 0.000187999 0.00032552 3.48163e-09 6.66789e-05 
0.00892169 0.0338392 0.202541 2.39472e-05 3.70258e-07 0.00314274 0.0944335 0.0678189 0.000116187 0.0682493 0.0136238 0.00844858 3.23233e-05 4.48476e-08 0.00148788 0.0288809 0.000602898 0.000286714 0.051116 0.0760088 0.00322879 0.0801001 0.00074624 0.0739021 0.00115875 0.15503 0.000133021 0.0253908 0.00039667 0.00033923 
0.000393175 0.00140672 0.00089979 3.55449e-06 5.58574e-07 0.752422 0.016782 0.00920871 0.00408848 0.00915585 0.00428287 4.89884e-08 0.0765588 0.00828853 0.0358018 4.0035e-10 0.000238011 0.0214163 0.00417286 0.00503439 0.000888297 0.00347008 0.00504089 0.00566495 0.000321437 0.00360306 0.00934367 0.00318992 0.0183221 6.58751e-07 
7.15889e-10 4.95077e-06 2.34409e-09 1.77103e-06 1.22183e-09 0.00019814 0.00199742 2.80712e-06 3.26285e-06 2.62437e-09 0.0115393 0.00458078 0.238981 3.84412e-09 5.71141e-07 1.62246e-06 5.39123e-09 0.0102666 0.00764919 3.99227e-06 3.32108e-06 0.164058 2.19034e-09 0.53995 2.95336e-09 0.00360015 1.16358e-05 0.0171235 2.04467e-07 2.0937e-05 
0.000869837 0.0676097 0.0011572 0.000268207 5.27298e-06 0.138738 0.00762046 0.00697272 0.0393577 7.67736e-06 0.000265307 1.25202e-06 0.00235396 1.94024e-05 6.80781e-05 8.89736e-05 6.84717e-05 0.000770484 0.0588878 3.61337e-06 0.0119769 0.37571 0.0070928 0.146768 0.00138926 5.33822e-06 0.0253783 0.000637556 0.00655794 0.0993489 
0.00525045 0.0026461 0.000821123 1.81399e-05 2.85096e-06 0.00096694 0.065573 0.176619 0.00173944 0.00114298 0.00142259 0.0023549 0.0001683 3.32881e-05 0.0773637 4.2463e-09 1.40647e-05 0.428931 0.062387 3.77444e-05 0.0037572 0.0461754 0.000557836 0.090778 0.000991873 0.0190988 0.00347301 0.00760719 6.69707e-05 6.0504e-07 
5.04463e-08 0.000209111 0.00623546 2.866e-05 1.46666e-10 0.00232916 0.000936367 0.00341108 8.40964e-08 1.71876e-05 6.12181e-08 0.956454 0.00131616 1.64736e-05 0.00100152 7.96465e-10 7.58917e-06 0.00356924 1.232e-10 8.38797e-10 3.23736e-05 0.00699482 7.80098e-09 0.0120611 3.54515e-10 3.02447e-05 6.48265e-05 0.000880135 0.00440428 6.08151e-10 
2.92481e-06 4.07452e-08 4.47501e-06 4.06911e-06 4.17576e-08 1.96095e-05 0.00112375 0.0451238 2.66076e-05 0.000582559 0.0183815 0.0147307 0.00449542 5.13636e-05 1.83527e-05 2.26763e-07 1.84251e-07 0.00806656 2.46565e-05 0.0174846 6.70164e-06 0.889304 2.56737e-05 8.83013e-06 0.000130225 0.000267983 3.71907e-05 4.56724e-05 1.1472e-05 2.07538e-05 
3.54983e-11 1.47799e-06 1.16235e-10 8.53706e-08 6.05862e-11 0.234592 4.60716e-06 0.0240329 2.16644e-05 1.13229e-06 1.24928e-06 1.89247e-10 5.75664e-06 0.000611575 8.40585e-07 0.000182174 2.67331e-10 1.25202e-10 0.112605 3.46498e-10 0.368411 7.95251e-11 0.0623263 1.81989e-06 1.46446e-10 2.61007e-06 1.00009e-05 0.0267918 0.170395 2.51221e-10 
0.0590543 0.41212 0.0108731 8.69196e-06 3.47031e-06 0.00176721 0.113404 0.0591457 0.00089556 0.0406376 0.00590674 0.000386892 0.0330724 0.000434894 0.117801 2.79977e-08 1.84678e-05 0.000411847 0.00129701 2.94857e-08 0.0490332 0.0061669 9.15466e-05 0.0171379 2.19485e-05 2.18887e-05 0.0191236 0.0481453 0.00301035 8.06363e-06 
0.000914682 0.0528459 7.3862e-06 0.000458006 6.96541e-06 0.0624609 0.056046 0.0421573 4.64096e-05 6.1979e-06 0.0241327 1.69272e-09 0.0141107 0.115597 0.00275535 3.72501e-05 9.04262e-05 0.00580085 0.00602362 0.00410661 0.00345134 0.555531 0.00284194 0.0184741 0.00166174 0.0102244 0.00972832 0.0103956 3.12116e-05 5.53916e-05 
2.11936e-07 3.39101e-06 3.2999e-06 7.76291e-11 8.82025e-11 5.14171e-06 5.87899e-07 0.337806 5.66386e-05 1.8945e-10 0.194785 2.75509e-10 0.138273 2.77502e-10 2.83491e-07 4.7898e-10 3.89186e-10 1.82271e-10 7.40906e-11 5.04438e-10 0.00927429 2.20087e-07 5.2971e-06 0.00179484 1.04489e-06 1.41947e-06 0.0565976 0.261376 1.55927e-05 3.65732e-10 
1.83713e-06 0.000447294 7.32897e-07 0.00671184 3.7747e-09 0.00572355 0.0017617 0.0166804 8.35996e-06 0.000464789 0.00420506 0.000181673 0.00593148 3.38647e-06 2.47741e-05 1.31187e-07 4.01106e-06 0.000968186 7.88009e-05 3.15337e-05 2.20238e-09 0.945383 2.37997e-06 0.00651236 0.000107094 0.00041387 9.95062e-07 0.00427788 7.04523e-05 2.25538e-06 
3.49078e-12 2.71867e-08 1.14301e-11 8.36512e-10 5.95784e-12 0.000108237 2.80801e-06 0.00703369 7.96339e-08 1.27968e-11 0.299275 1.86099e-11 1.27452e-06 7.60077e-06 8.70015e-12 3.23538e-11 7.65951e-08 1.23119e-11 0.0217946 3.40734e-11 0.0083746 4.20368e-09 1.06804e-11 0.0727574 2.6506e-08 9.98661e-12 2.47938e-08 0.563921 0.0267231 2.47042e-11 
2.29421e-10 0.0001381 3.84239e-05 3.44623e-10 3.91562e-10 0.973818 0.000298218 0.0014791 6.38168e-10 8.41035e-10 0.000162314 1.21545e-05 0.00416739 1.99922e-05 0.00246329 2.12636e-09 1.72773e-09 3.48625e-05 0.000599014 0.000177534 0.000101832 0.00402975 0.000624662 0.00201856 9.53133e-07 6.56342e-10 0.00167809 0.000224299 0.00791028 3.49747e-06 
5.04463e-08 0.000209111 0.00623546 2.866e-05 1.46666e-10 0.00232916 0.000936367 0.00341108 8.40964e-08 1.71876e-05 6.12181e-08 0.956454 0.00131616 1.64736e-05 0.00100152 7.96465e-10 7.58917e-06 0.00356924 1.232e-10 8.38797e-10 3.23736e-05 0.00699482 7.80098e-09 0.0120611 3.54515e-10 3.02447e-05 6.48265e-05 0.000880135 0.00440428 6.08151e-10 
1.17568e-05 4.67321e-05 0.00179642 5.806e-09 6.5968e-09 0.0611274 0.00922699 2.05852e-05 0.00173374 0.000878623 0.000363238 5.50192e-05 0.000894103 3.61504e-05 1.10774e-05 3.58237e-08 2.91078e-08 1.36323e-08 3.08737e-05 0.891461 2.74424e-05 5.56713e-06 0.0169053 4.47293e-09 8.48676e-07 1.10577e-08 5.83914e-05 0.0128303 0.00247846 2.73536e-08 
1.39534e-07 8.1546e-05 0.00213773 0.000809421 7.51305e-08 2.21642e-05 0.0202562 0.189975 0.00332484 2.79226e-06 0.00128205 0.000477328 1.30953e-07 4.6002e-11 9.15319e-05 9.03787e-08 2.35308e-05 0.00576864 0.00962864 0.000152116 0.0049057 0.534129 1.85368e-07 0.168165 5.16061e-08 0.000975773 1.63667e-06 0.0553905 1.62997e-06 0.00239696 
2.85394e-07 1.26704e-06 4.4478e-10 0.00228263 2.31837e-10 4.08947e-06 0.00688365 1.51347e-05 1.66291e-06 0.0335958 0.00326829 7.24165e-10 2.82047e-10 7.29403e-10 3.28426e-06 1.25898e-09 1.02296e-09 2.19908e-05 5.72569e-06 4.24421e-06 2.40789e-06 0.582059 4.15606e-10 0.195545 2.24715e-07 0.0581612 1.2018e-05 4.12789e-05 0.118091 3.85485e-07 
7.00842e-07 0.00234852 8.74725e-05 6.80324e-09 7.72987e-09 2.59572e-06 0.00894694 0.0503861 1.25982e-08 0.102038 0.0031259 2.02573e-06 0.00483255 7.53784e-06 0.000257695 4.19768e-08 3.41074e-08 7.40941e-05 6.49314e-09 4.06045e-06 4.81409e-07 0.821702 9.04998e-06 0.00143739 1.62961e-06 1.29569e-08 9.85382e-07 0.00473159 2.75286e-06 3.20519e-08 
5.04463e-08 0.000209111 0.00623546 2.866e-05 1.46666e-10 0.00232916 0.000936367 0.00341108 8.40964e-08 1.71876e-05 6.12181e-08 0.956454 0.00131616 1.64736e-05 0.00100152 7.96465e-10 7.58917e-06 0.00356924 1.232e-10 8.38797e-10 3.23736e-05 0.00699482 7.80098e-09 0.0120611 3.54515e-10 3.02447e-05 6.48265e-05 0.000880135 0.00440428 6.08151e-10 
9.21327e-08 0.0176992 0.00060486 0.000661158 1.57246e-07 0.000399124 0.028716 0.0716555 2.96775e-05 0.00944731 0.000366019 0.0142596 1.91302e-07 4.94726e-07 0.626564 8.53919e-07 6.93835e-07 0.00113645 0.000879633 0.00372032 9.17465e-08 0.21006 0.00019445 0.000251028 3.80088e-07 0.00210072 0.000331365 0.0106188 0.000301995 6.52021e-07 
0.000394795 0.00472273 6.4805e-06 0.0382624 3.52005e-06 0.00368766 0.0916265 0.0483095 0.063292 0.000366569 0.0444075 0.000272911 0.0538661 0.000774939 0.000265712 8.0093e-09 4.74353e-06 4.72746e-07 0.0677266 0.0804697 0.00484645 0.230532 2.0402e-05 0.10442 0.00483861 0.000428838 0.00505159 0.0941644 0.0572225 1.34433e-05 
0.00212726 2.24347e-06 1.21829e-06 0.00132074 1.53382e-11 7.54459e-07 0.0129677 0.0261376 2.49982e-11 5.37994e-06 0.00663214 0.00213105 0.00337748 2.07554e-07 1.99346e-06 8.32936e-11 6.76785e-11 0.000889458 1.38249e-06 2.46503e-06 1.17325e-06 0.887167 2.74963e-11 0.0413239 9.32433e-05 2.57101e-11 2.43933e-07 0.0158129 2.37069e-06 7.63835e-08 
0.000109929 0.0123597 0.0900162 1.8193e-07 4.67723e-09 3.50514e-05 0.765503 0.0385948 8.20393e-05 0.00191988 3.26917e-09 1.46098e-08 5.80276e-06 1.47155e-08 0.0588782 2.53995e-08 2.06379e-08 9.66551e-09 1.16367e-05 1.32131e-05 6.62232e-06 0.00923735 0.00826063 3.17137e-09 1.13056e-08 7.84004e-09 0.013916 0.000991783 5.8161e-05 2.47864e-07 
0.00207173 0.000517165 1.35988e-09 1.7032e-06 7.08825e-10 0.162898 0.00834666 0.00887444 1.15524e-09 0.00602053 0.11776 0.000546811 9.06293e-06 3.12378e-06 3.33339e-06 3.84925e-09 3.12763e-09 6.84791e-06 2.93732e-06 4.05383e-09 6.3103e-06 0.279283 1.27069e-09 0.362513 0.0102415 2.99357e-07 1.00451e-05 0.0408608 1.98726e-05 2.95331e-06 
0.012482 0.00374276 0.000233212 3.06238e-05 1.04854e-07 0.01019 0.0772816 0.00816524 4.88226e-06 0.00074858 9.29223e-05 2.68158e-07 0.000429367 2.15811e-06 0.000233082 3.84588e-07 4.47136e-05 0.600719 0.272474 0.00210452 0.000384031 0.00453165 0.00216065 0.000840587 0.00279706 1.69876e-07 0.000300958 2.784e-06 2.98268e-06 6.8321e-10 
2.39086e-06 0.105408 0.00111498 7.93498e-07 1.00913e-09 0.00190776 0.0891135 0.252817 1.97936e-05 1.89626e-06 0.000132455 1.68168e-06 0.00372588 1.01518e-05 0.0173808 5.48003e-09 4.45269e-09 1.75322e-06 1.13971e-05 5.77129e-09 1.08501e-05 0.492279 0.0246909 0.00277242 5.0683e-05 1.66996e-05 1.87151e-05 0.00849136 1.99182e-05 4.18435e-09 
1.48252e-06 0.0190252 3.27974e-10 1.5046e-10 1.70953e-10 0.0177852 0.338764 0.384499 2.7862e-10 0.0426609 1.19489e-10 5.33989e-10 2.05918e-06 5.37851e-10 0.106606 0.000103513 7.54316e-10 1.20149e-06 5.11237e-06 0.00941157 2.64331e-06 0.00223163 2.13301e-05 3.57026e-06 0.010686 1.77953e-05 6.61376e-06 0.0272316 0.0409338 7.08857e-10 
0.000290255 1.50665e-06 3.06573e-05 0.00209172 2.58635e-10 0.0338817 1.64481e-06 0.197561 4.21524e-10 0.000823076 0.0639828 0.00211714 5.81898e-06 3.08653e-06 0.000539723 1.40451e-09 1.1412e-09 0.000623984 1.28271e-06 0.000823599 3.67805e-06 0.536195 4.63646e-10 0.125331 1.15614e-05 0.00493062 9.07441e-07 0.0307462 1.48849e-07 9.29581e-07 
3.32747e-07 0.442567 4.50022e-07 1.33691e-05 1.88103e-10 1.13544e-06 0.220125 0.0145554 0.0296283 2.61089e-05 1.31475e-10 5.65109e-05 0.00165868 5.91807e-10 1.34651e-06 1.02148e-09 8.29986e-10 2.22963e-07 0.0912067 1.07578e-09 0.0254524 1.59576e-06 1.95369e-06 0.0269903 4.54673e-10 0.000986565 0.146725 6.52991e-11 1.56568e-06 7.79968e-10 
1.13343e-09 5.77889e-06 7.57611e-06 0.00214127 1.93447e-09 1.52175e-07 3.10403e-05 8.17493e-06 3.15281e-09 0.00285475 1.35211e-09 6.04251e-09 5.79283e-06 0.000543249 0.0302834 1.05051e-08 8.53569e-09 3.9976e-09 6.53517e-06 5.69546e-06 0.0277774 0.747864 0.176307 6.92811e-06 1.52965e-06 3.24259e-09 9.72904e-06 0.00983339 0.00230656 8.02129e-09 
5.74728e-09 2.63103e-07 8.96693e-10 1.62846e-05 8.90161e-12 6.54019e-09 1.39706e-05 3.39275e-08 5.77168e-07 0.000161923 4.41093e-10 2.7805e-11 5.51897e-09 2.80061e-11 1.00559e-08 4.83398e-11 1.39249e-08 0.999804 8.76949e-10 4.4354e-10 2.05473e-10 1.58514e-07 3.07359e-08 2.51281e-06 2.51506e-09 1.4921e-11 3.19439e-07 7.00067e-08 2.23622e-07 3.69105e-11 
5.54947e-08 0.0110095 2.1485e-06 5.56793e-07 1.68284e-07 0.00332083 0.00399825 0.0247772 0.0519417 2.11978e-06 0.0123609 1.63858e-06 0.00723643 1.9218e-07 1.33361e-05 2.40393e-07 2.00776e-06 0.0118637 0.0187641 1.52167e-06 0.0313159 3.81688e-05 0.0203193 0.0115131 2.51907e-07 0.0071947 0.13609 0.0838328 0.564398 1.82873e-06 
2.01241e-05 0.306556 0.00483343 0.0012516 7.0626e-07 0.00814555 0.132337 0.000493195 0.00124603 0.119857 2.08474e-06 0.199173 2.0158e-06 4.2818e-06 0.0376997 6.58954e-09 9.18572e-07 3.60903e-06 1.0193e-09 0.00355273 0.00199779 2.43265e-05 0.000742489 1.24485e-06 0.0238296 1.14593e-06 0.033716 0.0438641 0.0806389 5.10777e-06 
1.9443e-05 1.87028e-05 1.44218e-07 0.000676578 7.51722e-08 4.08863e-05 0.00280983 0.0118505 3.46577e-05 1.61462e-07 0.00445145 2.88002e-05 0.00411339 2.36506e-07 1.09773e-07 4.0822e-07 3.3169e-07 4.52459e-05 5.45395e-06 4.29916e-07 4.95836e-06 0.975047 0.000182943 2.10465e-05 1.81703e-07 0.000452246 6.89111e-05 2.60957e-08 7.43933e-05 5.13407e-05 
6.68297e-08 6.14947e-07 1.05414e-06 2.08513e-10 2.36913e-10 0.00156947 9.23401e-11 7.01145e-05 3.86122e-10 5.08865e-10 0.664009 7.40021e-10 0.00205223 7.45374e-10 1.49514e-07 1.28655e-09 1.04536e-09 2.25663e-05 0.01119 1.52568e-06 0.00950163 2.59769e-06 4.24706e-10 0.0523913 7.81487e-07 2.28546e-08 3.79523e-07 0.257836 0.00135095 9.82361e-10 
0.000160611 0.065274 0.00103866 8.05524e-06 3.4024e-07 0.0052409 0.0865969 0.0329221 0.0444329 0.00158096 0.0856523 4.91458e-07 0.0229475 0.000808459 0.00123845 7.84894e-10 7.07653e-07 1.2276e-05 0.283548 3.31059e-05 0.0105743 0.00348512 0.00159038 0.0169582 1.97562e-06 6.73267e-08 0.0142982 0.2402 0.081392 4.10221e-06 
0.0339031 0.015349 0.000142805 0.000151639 3.23581e-06 0.0427195 0.0301 0.463316 1.28932e-05 0.00864083 0.00690034 0.000903743 0.00499592 0.01175 0.0140287 6.98229e-07 0.00024307 0.0022697 0.0292085 0.00130603 8.81965e-06 0.0389652 0.00165887 0.0703257 9.38862e-06 0.00331016 0.00485282 0.211992 0.00292818 3.16184e-06 
0.0492017 0.00431376 0.0869411 7.3062e-08 8.30134e-08 0.0586103 0.00604412 0.00515902 0.00611172 0.0330909 7.72818e-05 2.593e-07 7.46349e-05 0.000306625 2.51354e-05 5.27866e-05 3.66289e-07 7.72132e-06 0.0255719 0.000802085 0.00246676 0.692081 0.000440171 0.0173468 2.00656e-07 0.0109229 0.00023159 1.43843e-05 4.51711e-05 5.92461e-05 
5.74728e-09 2.63103e-07 8.96693e-10 1.62846e-05 8.90161e-12 6.54019e-09 1.39706e-05 3.39275e-08 5.77168e-07 0.000161923 4.41093e-10 2.7805e-11 5.51897e-09 2.80061e-11 1.00559e-08 4.83398e-11 1.39249e-08 0.999804 8.76949e-10 4.4354e-10 2.05473e-10 1.58514e-07 3.07359e-08 2.51281e-06 2.51506e-09 1.4921e-11 3.19439e-07 7.00067e-08 2.23622e-07 3.69105e-11 
3.02719e-08 0.00127848 9.91215e-08 0.000119048 5.16661e-08 0.00307119 0.124168 0.468429 8.42055e-08 0.000112725 0.0102447 1.61384e-07 0.00338403 0.0249176 0.00170225 2.80571e-07 1.52754e-06 0.0167839 0.0178907 0.00733351 9.75646e-06 0.282763 0.000119716 0.00837086 1.24885e-07 0.0238869 4.76835e-06 0.00522522 0.000172101 9.74003e-06 
8.37859e-05 0.0125891 0.000762572 3.62369e-08 1.64818e-07 0.00510634 0.903584 0.0163606 0.000445232 0.00135076 0.00540889 3.7076e-07 0.00212181 0.000321645 0.00766775 1.83063e-05 0.00132703 0.000172544 0.00118382 0.000833458 0.00369524 0.000354249 6.24594e-05 0.00206402 6.65563e-05 1.66935e-07 7.27755e-05 0.000948248 0.0333982 9.75021e-08 
3.68823e-08 4.31866e-06 2.75782e-07 2.56048e-07 5.95447e-09 0.0109277 1.64047e-05 1.90412e-05 0.00245477 1.49389e-07 0.000700295 1.02741e-06 3.81756e-06 3.35356e-06 1.03027e-06 4.70364e-06 2.59677e-06 1.23049e-08 0.000458506 8.33895e-06 0.000192538 9.467e-08 0.861155 4.0374e-09 4.0278e-07 9.98097e-09 0.119972 1.1133e-06 0.00407199 2.46902e-08 
1.49687e-05 0.0613264 3.39154e-06 8.99869e-12 1.02243e-11 0.00845788 0.116916 0.177894 0.000425427 0.422672 0.00593709 2.58371e-06 0.00241101 3.21677e-11 0.0828299 5.55229e-11 0.00316779 0.00199821 0.00552252 5.84739e-11 0.0397551 0.0263622 1.63145e-07 0.0362745 4.34988e-07 9.4277e-08 0.00188199 2.9495e-06 0.00614434 4.23952e-11 
0.185756 0.0118126 0.0036556 9.98583e-05 2.34144e-11 0.00313461 0.544137 0.0170053 9.93716e-05 0.18398 0.000784272 0.0186157 4.24374e-05 7.3666e-11 0.000593231 1.27151e-10 0.000472522 0.000136295 0.00124473 1.47079e-06 0.000396488 0.0127933 6.68847e-08 0.00195237 7.77195e-05 3.67795e-05 4.69105e-05 0.0100094 0.00311421 1.17299e-06 
1.38468e-07 0.000219586 4.53396e-07 0.000130052 2.36328e-07 0.00076582 0.000189229 0.0022199 3.85168e-07 0.000575563 0.00233254 7.38193e-07 0.00411123 0.257513 0.00673837 1.28337e-06 0.000404016 4.88373e-07 0.000749649 0.00164863 0.709926 0.00960877 4.23657e-07 0.000852802 0.000445483 3.96137e-07 1.80687e-07 0.000368335 0.00119564 9.79934e-07 
7.18549e-06 5.62315e-06 1.41726e-09 5.65719e-06 7.38734e-10 0.045391 2.7728e-05 1.33463e-05 1.20399e-09 5.23635e-05 0.407485 1.47704e-05 3.01082e-05 2.3242e-09 1.07876e-09 4.01167e-09 3.2596e-09 2.27478e-05 6.20541e-10 4.22488e-09 8.66349e-08 0.40565 1.3243e-09 0.141225 3.94644e-05 9.91858e-07 5.70455e-08 1.90287e-05 4.32004e-10 9.80521e-06 
5.28122e-09 0.00943157 1.12336e-05 3.71272e-06 9.01365e-09 0.0889468 0.0336744 0.0335371 1.78937e-05 0.0866004 0.000358318 2.8155e-08 0.0255431 3.48401e-05 0.0489622 1.47201e-06 7.63699e-05 0.0010776 7.57152e-09 0.0610413 0.00967354 0.471728 1.61585e-08 0.126352 2.0419e-05 0.000645853 4.48466e-05 0.00217147 4.49828e-05 3.73751e-08 
0.000496852 0.00235386 5.67297e-05 0.000116872 1.83332e-08 0.248886 0.026726 0.0827169 1.80274e-05 0.0127819 0.00509488 1.1899e-05 0.0586305 0.00118891 0.0792241 9.95576e-08 1.03942e-06 0.00128732 0.0450844 0.0398616 0.0103288 0.116502 0.000958058 0.0137031 0.000546453 0.00944655 0.0561568 0.0704187 0.1174 2.12484e-06 
1.50636e-08 4.41119e-05 0.000188537 2.26276e-08 2.57095e-08 0.013025 0.0275938 0.636768 0.0346862 0.00065437 0.0095005 1.20474e-05 0.0099284 1.73294e-05 0.0512201 1.39615e-07 1.13441e-07 0.00017003 0.00673793 1.22821e-06 4.74443e-05 0.00385859 0.0237259 2.215e-05 6.21439e-08 0.00748188 0.0381694 0.12274 0.0133975 9.63822e-06 
2.16962e-08 7.29504e-05 7.10415e-08 0.000164578 3.70297e-08 0.000512149 0.000612656 0.0155121 0.000303208 7.9536e-08 0.000442051 0.000184843 4.50493e-08 1.16502e-07 5.29847e-05 0.000150418 1.6339e-07 0.04151 0.671291 2.11776e-07 2.16052e-08 0.0538147 6.63818e-08 0.212972 8.95065e-08 0.000150356 9.73651e-05 0.000136438 7.32792e-05 0.00194611 
5.74728e-09 2.63103e-07 8.96693e-10 1.62846e-05 8.90161e-12 6.54019e-09 1.39706e-05 3.39275e-08 5.77168e-07 0.000161923 4.41093e-10 2.7805e-11 5.51897e-09 2.80061e-11 1.00559e-08 4.83398e-11 1.39249e-08 0.999804 8.76949e-10 4.4354e-10 2.05473e-10 1.58514e-07 3.07359e-08 2.51281e-06 2.51506e-09 1.4921e-11 3.19439e-07 7.00067e-08 2.23622e-07 3.69105e-11 
3.13103e-10 7.08471e-06 1.78811e-06 4.70324e-10 5.34384e-10 0.355567 3.81238e-06 0.0318159 0.039779 5.5915e-06 0.0801213 1.6692e-09 0.0058556 7.41456e-06 0.0605053 2.90195e-09 2.35792e-09 0.00129949 0.0737251 6.58385e-06 4.54006e-06 0.095341 1.03148e-05 0.00772699 6.8553e-06 1.05713e-06 0.0179391 0.000407834 0.229861 2.21582e-09 
0.0118407 0.0438312 0.000746997 0.000283086 2.90542e-07 8.24775e-05 0.695838 0.0619957 0.00295288 0.000553888 2.03075e-07 0.00304485 5.15453e-05 9.14099e-07 4.24274e-07 1.57778e-06 1.28199e-06 0.000137477 0.0129541 0.000307558 0.000977897 0.0510595 0.0436309 0.0138713 0.000109135 4.8701e-07 0.0351247 1.0086e-07 0.0205997 1.20473e-06 
0.000464381 0.0197084 0.00379818 0.000135103 1.15094e-07 0.0130423 0.179817 0.168797 0.00147558 0.00529636 0.014055 0.00134768 0.000860058 4.35693e-07 0.0271827 1.0102e-10 2.52034e-09 0.00202969 0.024863 0.00101536 0.0606736 0.0473301 0.00793994 0.338986 1.64694e-05 0.00253827 0.00438911 0.0178246 0.0562749 0.000139166 
0.00849195 0.0070015 1.00921e-06 1.83813e-07 8.59261e-07 0.00576847 0.0329691 0.266455 0.000196745 0.00324835 0.000225234 0.000353316 0.0154866 0.000253128 0.162919 5.99936e-05 1.09986e-08 0.00137594 0.0129605 0.00455119 0.0104347 0.101384 0.00474681 0.176193 0.000113135 0.0188517 0.0014694 0.146046 0.0184208 2.33463e-05 
2.46004e-05 5.56805e-06 0.00892374 1.47889e-11 1.68032e-11 7.98812e-07 0.736743 4.57521e-06 1.58866e-07 0.239733 5.54363e-07 4.24621e-06 4.66107e-07 5.28662e-11 7.47908e-06 9.12494e-11 8.9431e-05 1.42719e-06 3.21833e-07 9.60992e-11 1.92159e-06 0.000505025 3.01226e-11 1.51305e-06 0.000858577 1.5494e-07 2.27407e-07 0.0130927 4.78554e-07 6.96747e-11 
3.76622e-08 0.00181774 0.000384444 9.80826e-05 2.47359e-08 0.0199181 0.0239535 0.287309 0.00122987 1.13249e-07 0.165384 0.00043503 0.00814219 0.00298368 0.00257369 4.41852e-12 3.77208e-05 0.000748982 0.0142097 3.41561e-07 0.204838 0.0229419 0.00460023 0.0352382 2.65707e-07 0.00107276 0.0460341 0.11589 0.0401573 7.76316e-09 
1.21083e-05 0.0049135 0.00123708 5.8078e-05 1.40404e-09 0.0667509 0.00709838 0.00384885 0.0255477 0.000421824 0.00732694 4.38564e-09 0.00197297 8.38693e-06 0.00190047 7.62457e-09 0.00039592 0.000446131 0.00868487 1.59784e-06 0.000822093 0.0426868 0.634791 0.0149492 1.29677e-08 0.00358277 0.137779 0.021719 0.0129633 8.09702e-05 
0.012482 0.00374276 0.000233212 3.06238e-05 1.04854e-07 0.01019 0.0772816 0.00816524 4.88226e-06 0.00074858 9.29223e-05 2.68158e-07 0.000429367 2.15811e-06 0.000233082 3.84588e-07 4.47136e-05 0.600719 0.272474 0.00210452 0.000384031 0.00453165 0.00216065 0.000840587 0.00279706 1.69876e-07 0.000300958 2.784e-06 2.98268e-06 6.8321e-10 
0.00147577 5.70832e-07 2.10223e-06 7.93949e-05 1.91679e-10 8.89208e-07 0.0164995 0.0400683 6.97102e-05 0.00598465 0.000433334 5.14233e-07 1.84546e-06 4.53413e-07 3.23055e-05 4.56895e-08 8.45765e-10 0.0013491 1.26339e-06 2.48139e-05 0.000604621 0.922839 0.00675809 0.00365614 0.000115877 3.21295e-10 5.11157e-07 4.94487e-07 1.07598e-07 9.04233e-07 
2.29419e-07 0.00436421 0.000118333 6.97214e-05 2.0297e-10 8.95593e-07 0.0675301 0.306055 5.7438e-07 0.0225574 1.41867e-10 0.00170262 2.45259e-08 6.33867e-07 0.00130128 1.10222e-09 8.95585e-10 0.000730369 2.34864e-07 0.00428076 9.68928e-07 0.393105 3.63857e-10 0.089012 4.87292e-08 0.00435117 0.000565846 0.10392 0.000332268 8.41613e-10 
0.0053632 0.00194024 0.000121785 3.38665e-05 1.52331e-06 0.00499265 0.000347987 0.000590185 0.000319581 0.000390823 0.00927617 4.75821e-06 1.85322e-06 0.00191984 0.000462527 8.27228e-06 6.72147e-06 3.14793e-06 0.000378365 8.71194e-06 8.88787e-07 0.896306 4.17014e-05 0.0750108 3.68208e-06 0.00013009 0.00131095 0.000595198 0.000422316 6.31641e-06 
3.54321e-07 0.00335041 3.02517e-09 2.39036e-07 1.3607e-07 0.0118263 0.0108072 0.296171 4.02322e-05 1.49473e-06 0.0108581 0.00362798 0.0854264 6.45914e-06 0.00483794 8.55891e-06 6.95766e-09 0.00285029 0.0159405 0.0840019 2.9922e-06 0.381586 0.0186026 0.0128901 0.000332691 0.00117018 4.78429e-06 0.038154 0.0174195 8.16666e-05 
0.000239608 0.799065 0.0164889 3.08587e-06 1.7888e-08 0.000188004 0.0199814 0.0107164 7.93263e-05 0.00318668 0.00633679 5.58748e-08 0.0126964 9.40145e-05 0.0512512 9.71399e-08 0.000967783 0.0103379 1.5026e-08 0.000102718 0.000356877 0.0661221 1.71573e-05 0.00112886 5.80631e-05 3.41842e-06 0.000426421 0.000147348 4.52751e-06 7.41724e-08 
3.54164e-05 1.12432e-05 6.10626e-06 2.20596e-06 6.49127e-10 0.0299246 0.0193171 0.0410136 0.0177307 2.69616e-05 4.26081e-06 4.10761e-06 0.017478 1.04191e-06 0.00858926 3.52506e-09 2.86422e-09 1.35148e-06 6.92851e-06 0.0238961 0.32159 0.0710645 2.24423e-06 0.404694 4.6278e-06 1.08808e-09 0.00461702 0.0399667 1.18805e-05 3.85151e-07 
3.28636e-08 1.33215e-07 1.22658e-05 1.22739e-06 2.46551e-09 0.00821805 0.00162506 7.51868e-05 6.88599e-06 2.70472e-05 0.00196075 7.70126e-09 0.850427 1.86965e-06 0.000333566 1.33889e-08 1.08788e-08 5.09499e-09 0.000249421 0.0260581 1.76418e-07 0.101587 8.80031e-06 0.00394312 0.00251999 1.60468e-06 1.14261e-05 0.00263569 0.000295025 1.02232e-08 
6.89334e-08 0.000483643 3.37493e-05 2.23178e-05 1.17651e-07 0.0561731 0.00492986 0.0120293 0.00041108 0.00817995 8.22328e-08 7.31424e-05 0.00152837 3.70153e-07 0.0239213 6.389e-07 5.19125e-07 2.43126e-07 0.0093707 8.95033e-05 0.00394116 0.0141418 0.793006 9.35474e-05 0.00380222 1.97209e-07 0.000791041 0.00732133 0.0596542 4.8784e-07 
3.28636e-08 1.33215e-07 1.22658e-05 1.22739e-06 2.46551e-09 0.00821805 0.00162506 7.51868e-05 6.88599e-06 2.70472e-05 0.00196075 7.70126e-09 0.850427 1.86965e-06 0.000333566 1.33889e-08 1.08788e-08 5.09499e-09 0.000249421 0.0260581 1.76418e-07 0.101587 8.80031e-06 0.00394312 0.00251999 1.60468e-06 1.14261e-05 0.00263569 0.000295025 1.02232e-08 
3.36888e-08 0.0209497 1.1031e-07 0.00081218 5.74979e-08 0.00134762 0.123573 0.049772 0.000666864 0.00164917 0.000105064 1.796e-07 0.000376493 3.60559e-05 2.47923e-05 3.1224e-07 0.00105042 0.00244975 4.82986e-08 0.00352614 0.0279287 0.630924 0.0254184 0.0413939 0.0418083 4.23307e-05 0.0060293 0.0138941 0.00622116 2.38415e-07 
0.00101798 0.184329 0.440281 8.40237e-12 9.54681e-12 0.000709257 0.289222 0.00232033 1.97939e-08 0.0217383 0.00153305 0.0107338 1.16144e-11 0.00123161 0.00485092 5.18436e-11 1.01264e-05 2.83991e-07 0.00267155 1.74054e-08 0.00239824 0.000506499 0.0334758 0.00295439 2.30761e-11 1.56959e-05 5.77711e-08 2.00205e-08 5.58288e-12 1.79738e-08 
0.000584445 0.0217067 0.0919835 1.42169e-08 1.61533e-08 0.0437791 0.0643511 0.347425 9.27116e-06 0.0276413 8.82576e-05 2.98716e-05 1.96517e-08 5.08214e-08 0.000535533 8.77199e-08 3.51009e-06 1.23222e-06 3.782e-05 9.23822e-08 0.175694 0.125055 0.0326395 0.0684223 3.90451e-08 2.70764e-08 1.23502e-08 6.49483e-06 5.41867e-06 6.69797e-08 
0.00214791 0.0221998 0.00146291 0.00026781 4.75814e-07 0.02973 0.0796415 0.076791 0.0030935 0.0155883 0.0436775 0.000174396 0.0243133 0.0475222 0.00466062 1.64006e-10 5.81883e-08 0.00250009 0.0267552 2.33734e-06 3.44408e-06 0.205919 0.0126668 0.173316 1.81486e-06 0.00109583 0.0598552 0.144498 0.0220791 3.63549e-05 
6.11301e-06 0.148352 8.20938e-06 1.94122e-06 1.32065e-10 0.016257 0.280569 7.41037e-05 1.18815e-05 0.0625156 2.55971e-05 8.20954e-06 9.83301e-06 2.97089e-05 0.0930813 7.17175e-10 1.4574e-06 9.27932e-06 1.18702e-05 7.55293e-10 8.64243e-05 0.079255 1.46808e-06 0.319626 3.19222e-10 3.1658e-06 2.22442e-05 1.95716e-05 1.15383e-05 1.26005e-06 
1.19585e-08 0.0437262 0.00836275 4.08798e-05 2.041e-08 0.000215471 0.0402147 0.0876402 0.00012525 0.0042603 0.00148888 7.52994e-06 0.00127247 0.000175178 0.00271351 1.44087e-05 9.00575e-08 3.32072e-05 0.000974624 8.35715e-06 7.97039e-05 0.735212 0.00176003 0.0359825 0.000278801 0.00159429 0.000210178 0.0282494 0.00535863 8.46303e-08 
0.0006474 0.00398802 0.000118183 0.000118053 3.0627e-06 0.0784662 0.0141988 0.0773354 0.054383 0.00130579 0.0183312 6.90353e-05 0.000442257 0.00553988 0.00257802 3.98243e-07 0.000164973 0.000364563 0.00861964 0.218807 4.05836e-05 0.403688 0.00294504 0.0594674 5.39198e-07 3.09769e-06 0.0221645 0.0185309 0.0074413 0.000237827 
2.06221e-05 8.36446e-07 1.64459e-06 1.85077e-05 8.57228e-07 0.000143009 4.41369e-05 0.00275725 0.0001192 0.00297684 5.49804e-05 2.67763e-06 0.000277118 2.697e-06 5.20986e-05 4.65514e-06 0.000145765 2.11248e-05 3.03722e-05 0.000142238 2.3478e-05 0.98936 0.000726781 4.16126e-05 4.15422e-05 0.00124467 0.000417524 4.78973e-05 0.00127591 3.55449e-06 
5.08601e-08 0.0294271 2.40015e-06 0.0012776 1.29079e-09 0.000347435 0.151483 0.148583 2.10372e-09 0.00802849 0.00980942 1.30648e-06 0.00150657 0.00647009 2.15986e-06 7.21407e-07 4.13228e-07 0.00030103 0.0566413 1.27511e-06 2.68721e-06 0.574549 4.27339e-07 0.00649187 1.72238e-06 1.66935e-05 9.04866e-07 8.53317e-07 0.0050515 1.07768e-06 
1.56797e-05 0.000182018 2.78744e-05 1.68246e-05 3.82247e-09 2.74078e-09 0.000281436 0.00100942 3.92544e-05 0.000342376 2.67173e-09 8.7173e-05 4.65032e-09 0.965774 0.00010048 2.07578e-08 1.68663e-08 0.0299606 4.49847e-06 0.000494079 6.62405e-05 0.00105767 2.19346e-05 0.000378925 9.2395e-09 7.05439e-06 2.5721e-05 5.8122e-05 4.82854e-05 1.58499e-08 
1.06318e-08 5.63569e-05 4.59763e-05 2.6378e-05 1.81456e-08 0.00197558 0.00286479 0.561479 0.0110118 0.00010809 0.000413254 0.000280843 0.00280274 9.44317e-06 0.00043322 9.8539e-08 1.58132e-05 0.000230015 0.00121823 0.00125714 0.165079 0.000351735 4.34858e-05 0.0664404 9.77373e-06 8.91232e-05 0.00543591 0.0423151 0.135995 1.11185e-05 
0.00785993 0.0133113 0.0476601 2.74624e-07 3.12029e-07 0.0951449 0.0587194 0.0172633 0.00236092 1.59339e-06 0.00080614 9.74654e-07 3.79607e-07 2.35195e-05 7.86785e-05 4.96747e-06 1.3768e-06 6.4481e-07 0.0146019 0.000133755 0.0282121 4.09568e-07 0.668404 2.1157e-07 1.27368e-06 5.23028e-07 0.00249439 0.0212717 0.0216394 1.29383e-06 
0.0448236 0.0109181 0.00361026 7.27955e-08 8.27106e-08 0.0113673 0.0839681 0.751448 1.34802e-07 6.14215e-05 5.78109e-08 4.60846e-05 0.00609818 0.000107469 0.00137831 4.49157e-07 0.000322164 0.000299945 1.03668e-05 1.56065e-05 0.00299837 0.0171282 7.11849e-06 0.0374954 0.000294007 1.38641e-07 0.0189459 4.67913e-05 0.00860828 3.42959e-07 
0.000658018 0.000687459 4.51684e-05 2.71195e-05 6.30176e-08 0.00159728 0.0474003 0.196029 0.000567049 0.0633142 0.00027307 2.89796e-05 0.0143432 2.75952e-05 0.00208808 2.58764e-05 2.10958e-05 0.00261488 0.0255519 0.00239594 0.00023204 0.636386 5.22203e-05 0.00336425 3.25181e-05 1.05631e-07 0.000227272 0.00153187 0.00047696 2.61303e-07 
4.37231e-05 0.0196684 6.92153e-05 6.90095e-08 9.65817e-11 0.00403316 0.0274379 0.579679 0.00364272 0.00495324 0.000593738 8.44707e-08 1.30222e-07 1.17912e-07 0.00127946 5.24483e-10 6.73059e-08 0.000102085 0.0235283 5.52359e-10 0.0281216 0.0382519 0.000576501 0.117478 2.33453e-10 1.48368e-07 0.00018297 0.143553 0.00680408 9.46746e-08 
0.0205442 0.00974694 0.0129096 1.40543e-07 6.47502e-09 1.02364e-06 0.152495 0.72673 1.0553e-08 0.000459745 5.14112e-07 0.00195298 0.000325891 2.03716e-08 1.88417e-06 3.51623e-08 1.0081e-05 9.8875e-05 0.0624454 3.70312e-08 1.56659e-06 0.000212796 0.0118947 0.000158019 5.02153e-06 1.08535e-08 5.75304e-06 2.24778e-09 1.21188e-07 2.68487e-08 
0.012482 0.00374276 0.000233212 3.06238e-05 1.04854e-07 0.01019 0.0772816 0.00816524 4.88226e-06 0.00074858 9.29223e-05 2.68158e-07 0.000429367 2.15811e-06 0.000233082 3.84588e-07 4.47136e-05 0.600719 0.272474 0.00210452 0.000384031 0.00453165 0.00216065 0.000840587 0.00279706 1.69876e-07 0.000300958 2.784e-06 2.98268e-06 6.8321e-10 
2.24039e-07 0.00015675 1.27801e-06 1.44076e-06 2.25363e-10 0.113669 7.33159e-05 0.000251078 1.70236e-06 3.61612e-05 0.000378824 0.789877 0.00367928 3.55315e-07 0.000945239 2.47788e-07 6.99043e-05 4.13605e-05 0.000979595 5.16965e-07 0.000124187 0.000173481 0.000318482 0.000918575 1.19439e-07 0.0279594 0.0587689 0.000735627 0.000837853 5.28306e-08 
2.44572e-06 3.84095e-07 4.37854e-08 0.00143913 6.53788e-08 0.00340836 0.00518481 0.0108947 0.000537028 0.00840722 0.00504451 0.0951846 0.000366268 2.16711e-07 0.00106178 2.59959e-07 0.000245039 0.00313544 0.000532562 0.00125773 1.02346e-07 0.856371 8.01551e-05 0.00495438 5.65319e-07 1.39049e-07 1.8869e-07 5.43281e-07 0.00188976 6.20225e-07 
1.1935e-05 0.00102329 0.00022475 0.00197213 1.75325e-08 0.00351665 0.00555632 0.00890088 2.85745e-08 0.0109832 0.000217809 0.000667532 0.00176867 5.51605e-08 0.00755258 9.52095e-08 7.73605e-08 0.0240438 1.47274e-08 0.000147932 3.58899e-05 0.913247 3.14299e-08 0.0144601 0.00027246 0.000107491 2.37434e-05 0.00280837 0.00236208 9.47906e-05 
0.00404644 0.00730809 0.0281379 0.000248723 5.73235e-05 0.00233745 0.0402481 0.0727915 7.67148e-05 0.0393134 0.0604765 0.0124163 0.0031835 0.0939462 0.001294 7.50163e-08 1.53506e-06 0.00961792 0.00185197 0.00135938 0.00495233 0.582193 0.0016737 0.0111154 0.000153171 0.00138488 0.00399533 0.0154109 0.000308967 9.95579e-05 
3.91319e-05 0.00773208 2.18601e-05 0.000457017 2.37531e-09 0.0672713 0.0214371 0.016866 0.000454432 0.000184224 0.0263131 0.00101724 0.00843163 0.000353114 0.013189 3.88189e-06 4.47296e-06 0.00584896 0.00570629 0.00943268 0.00337968 0.698966 0.000159793 0.0941625 0.000184754 3.76709e-05 0.000784362 0.0024823 0.0148959 0.00018347 
6.59186e-05 0.0389174 0.000369358 4.84087e-05 7.92633e-06 0.097906 0.0245065 0.0345367 9.54531e-06 6.01307e-05 0.0337233 1.36037e-05 0.116056 1.76293e-08 0.0100798 0.00077248 0.000158903 0.0374598 0.0004027 0.0558801 0.00105115 0.354479 0.0021491 0.00701985 0.00018077 5.91846e-05 0.00507535 0.08416 0.0948259 2.45657e-05 
3.23158e-07 0.0187885 0.0424986 6.9389e-08 5.62744e-11 4.03498e-11 0.0553178 0.0423876 0.119525 0.0071602 0.0254835 1.75778e-10 0.0288914 1.7705e-10 0.0220831 3.05596e-10 1.61423e-06 0.000289868 0.00331928 0.0055061 5.35222e-07 0.567819 6.70873e-06 0.0249601 1.36024e-10 4.06561e-06 4.77584e-06 0.00693989 0.0290105 1.47029e-06 
0.00029265 0.00132817 0.00019657 1.89725e-06 1.54855e-08 1.10008e-05 0.00198259 0.0613982 4.42021e-06 3.83713e-05 0.0684707 9.80859e-06 1.01743e-05 4.89678e-06 0.000677829 8.40934e-08 6.83283e-08 0.0954397 0.00160437 0.00156392 0.00261922 0.238513 2.77603e-08 0.515478 0.000247059 0.000226894 0.000745275 0.00795505 0.00118011 6.42106e-08 
0.000100784 0.0750277 0.0170876 1.48527e-07 1.25883e-07 0.000460285 0.018913 0.0339238 0.0189305 9.21416e-08 0.0142358 5.03225e-07 0.00421161 0.00121045 0.00393748 2.1425e-09 1.66285e-06 0.00075583 0.0212111 0.000325757 0.0072921 0.343661 1.0493e-06 0.295237 9.95698e-05 0.00607669 0.00625341 0.126012 0.00503171 1.04881e-06 
0.00228006 0.00135497 1.79665e-07 5.71374e-06 9.36487e-08 0.0144167 0.0491139 0.417914 0.000243717 0.00862971 0.000251853 5.71108e-05 0.0940482 0.0156871 0.106409 5.08556e-07 4.13216e-07 0.0895296 0.000159519 0.000141283 0.000557311 0.0431324 1.81924e-05 0.113974 2.26363e-07 5.14837e-05 0.0151686 0.0153759 0.0114787 3.88314e-07 
0.2683 0.0603674 0.0185013 5.86219e-07 2.04308e-11 1.00495e-06 0.189779 0.187844 3.32981e-11 0.069519 1.13243e-06 0.00469386 8.73653e-05 2.76465e-07 2.65532e-06 1.10948e-10 9.01489e-11 0.00218974 1.8415e-06 3.28347e-06 0.0103159 0.168999 3.66255e-11 0.0193843 1.22972e-06 3.42463e-11 3.24922e-07 3.19089e-06 3.1578e-06 1.01744e-07 
0.00181087 0.00793754 0.00888796 0.0183177 0.000445445 0.00359568 0.0668513 0.0488619 0.00103014 0.0151328 0.059376 0.00115101 0.0137285 0.00211101 0.0157078 2.09218e-06 0.00078491 0.0023853 0.000801438 0.0135411 0.0167849 0.684136 0.000573394 0.0113358 0.00101659 0.000583161 0.000854198 0.000733835 0.00150109 2.09056e-05 
3.57285e-05 0.00330105 0.00798384 0.000561315 1.22156e-09 6.28149e-06 0.0094133 0.0138037 1.03789e-06 0.00481859 0.000807411 0.189749 0.000191405 3.84327e-09 0.0112015 7.35138e-07 1.62675e-06 0.00207301 1.02612e-09 2.69905e-05 1.49569e-06 0.74855 5.1849e-07 0.00220349 9.81904e-05 2.03297e-06 2.75721e-06 0.00449263 4.13579e-06 0.000668003 
0.00068441 7.15173e-07 1.57658e-07 0.0017361 4.73588e-10 0.00857241 0.00263615 0.0249854 0.00396499 0.000284536 0.00955458 0.000267411 0.00887595 0.00126098 3.58723e-05 5.59656e-08 2.08966e-09 0.00144124 1.1101e-06 2.9852e-05 2.76318e-10 0.915008 0.00167949 0.00975327 0.000146948 0.000609654 0.000294858 0.00640759 0.00140863 0.000359509 
