0.0125008 0.0111287 0.0102133 0.0642672 0.0487997 0.336514 0.0899842 0.0086695 0.00103463 0.00364445 0.0820746 3.38356e-08 0.00981516 0.000486392 0.00036524 8.88859e-11 0.0200249 0.00798806 0.0875642 0.000217776 0.00932794 0.00268342 0.00226296 0.0258045 0.00360299 0.0608228 0.0114619 0.0487827 0.0399558 1.91647e-06 
3.46396e-05 0.00136193 3.9235e-05 0.00036421 0.00579861 0.62606 0.00380245 0.00640366 9.75825e-06 0.000231631 0.0921874 1.02128e-05 0.00288739 3.36811e-05 1.653e-07 9.49618e-11 1.66326e-05 0.0375739 0.0595422 1.48351e-08 4.64788e-05 3.39787e-05 1.67987e-05 0.010616 3.57236e-06 0.108006 0.0186275 0.0225121 0.00377949 2.09302e-08 
1.0165e-05 0.0144431 0.000474396 0.0614537 0.0158953 0.221672 0.0252959 0.0317354 0.0205259 3.16235e-05 0.204467 0.0733697 0.00396987 6.25224e-05 6.49429e-09 5.8551e-11 0.000107565 0.178854 0.00111531 1.22649e-05 0.00456262 0.00118575 0.00329549 0.00307137 1.68879e-07 0.000199944 0.0450219 0.0154408 0.0736317 9.43155e-05 
3.51155e-05 0.00071327 0.000147022 0.0160026 0.00559196 0.440376 0.0334751 0.0345273 0.000121172 0.000542681 0.0473371 0.000147934 0.00813105 0.00126004 0.025173 4.26623e-05 0.000398351 0.112876 0.0130701 0.000233541 0.0417465 0.0974988 0.00100423 0.0299647 0.000108546 0.019182 0.00794827 0.0369282 0.0253946 2.28033e-05 
1.75627e-06 0.000407784 0.000533472 7.40635e-05 0.321075 0.351462 0.0542922 0.0665358 1.65831e-08 0.00957908 5.1783e-06 3.17823e-08 0.000139045 8.11676e-06 0.000549889 4.56293e-06 4.48958e-08 0.00225457 0.0509256 5.81911e-08 3.03751e-06 0.00150551 1.45748e-05 2.86699e-05 1.04845e-06 0.00523704 8.90288e-06 0.11827 0.0170819 1.18948e-06 
0.000122045 0.00265904 0.000677274 0.116123 0.00104957 0.560832 0.0264835 0.00431224 0.00727476 0.000170988 0.042053 2.05179e-07 0.0950628 0.00161048 0.0113976 6.87611e-05 0.00490824 0.000765211 0.00768457 7.23667e-08 0.00220511 0.000159714 0.00873567 0.000297023 4.8978e-05 0.00516299 0.0376597 0.0316482 0.0307994 2.75029e-05 
0.0248767 0.0056919 0.00226045 0.00972845 0.00272162 0.595309 0.0116233 0.0125607 0.00250287 0.00173446 0.0148269 2.52231e-06 0.0199437 0.0634516 2.80512e-06 1.46895e-09 0.00167155 0.0462541 0.00427909 3.40301e-06 0.000118688 0.00435137 1.52172e-06 0.0068252 0.00022496 0.135727 0.00188644 0.0181423 0.0132773 8.74262e-08 
6.12286e-05 0.00136841 3.86441e-05 0.00209107 0.00292927 0.535203 0.00585405 0.0101138 0.000578834 0.000299454 0.0637789 0.000209801 0.0447669 0.0135719 0.00754939 3.50849e-05 0.00276334 0.0229014 0.0433517 0.000561901 0.00301543 0.0121513 0.00312575 0.0487646 0.0794216 0.0204541 0.00554773 0.0512278 0.0182635 2.37896e-09 
0.000452762 1.09467e-05 0.00031507 1.34921e-05 0.00614802 0.418788 0.000508406 0.00109236 0.0182051 5.20966e-05 0.30265 1.83251e-09 0.0159459 0.00011262 7.60304e-10 6.76393e-14 0.0582282 0.000777173 0.00428124 6.62549e-10 0.00268932 1.07969e-05 0.000264007 0.00847058 0.00101802 0.0655328 0.0222084 0.0706523 0.0015725 5.16468e-14 
0.0143958 0.00299208 0.000326405 0.00791371 0.0149869 0.311048 0.0204688 0.00471176 0.0130211 0.00557425 0.171698 7.34611e-05 0.03482 0.00288416 0.00281594 1.74016e-05 0.00113509 0.0102471 0.0252692 0.00085131 0.0480093 0.00903035 0.00352048 0.0659451 0.000738104 0.0101707 0.0360815 0.114782 0.0663786 9.27671e-05 
6.39882e-05 0.00772599 0.00453012 0.000623209 0.0117336 0.123003 0.0617245 0.0709083 0.0437368 0.00664647 0.0489049 0.000379825 0.0893952 0.110413 0.0089932 1.92981e-07 0.000476006 0.0171422 0.0211872 0.0084909 0.00267727 0.117572 0.0238088 0.0178069 0.00195506 0.00239899 0.110161 0.0147042 0.0728356 1.49726e-06 
2.87995e-08 1.53743e-07 2.18364e-07 2.47815e-05 0.0137822 0.909287 2.48955e-07 0.00139447 1.63451e-06 1.90146e-10 0.0493981 1.1601e-08 3.12342e-06 0.000590001 2.84373e-06 4.8074e-10 5.69882e-07 1.8572e-06 0.00234759 5.06291e-10 0.000665769 1.803e-06 1.20728e-06 8.39623e-07 1.38242e-09 0.000619821 0.0208116 1.41314e-06 0.00106284 7.05208e-08 
0.0507627 0.00971053 0.00200647 0.00894344 0.0148664 0.272116 0.0862832 0.0195821 0.00407346 0.00998298 0.0680105 0.0011711 0.00915505 4.58932e-05 0.00800649 1.29958e-06 0.00537199 0.00153115 0.0198122 4.71894e-05 0.11565 0.00096049 0.0265021 0.0306331 0.0159391 0.0496466 0.0763014 0.0665201 0.0263652 2.1475e-06 
0.0201509 0.00786591 0.000165709 0.0365965 0.00230774 0.373553 0.00917838 0.107866 0.0040778 9.65211e-05 0.0608432 3.09182e-05 0.00331652 1.42773e-05 3.62933e-07 3.06005e-07 0.105559 0.00639172 0.0319975 5.51759e-06 0.0196918 4.80122e-05 0.00173751 0.0111443 6.45432e-07 0.00656331 0.0344805 0.06108 0.0952353 2.6082e-08 
0.00803558 0.00528181 0.000789168 0.00333657 0.104396 0.135787 0.0676677 0.0255909 0.00270764 0.0016064 0.0710437 0.00304125 0.0304292 0.00308761 0.0111566 1.03456e-06 0.00129332 0.00404562 0.0769443 0.00231388 0.0678964 0.0277372 0.0105119 0.0786895 0.113314 0.0176576 0.0163291 0.0654223 0.04388 7.37009e-06 
0.000195722 0.00873594 0.013191 0.00522511 0.105232 0.210502 0.0463654 0.0355542 0.00590449 0.00443821 0.18832 2.62801e-06 0.0230095 0.0131674 0.000334493 8.56844e-09 0.000121725 0.0108236 0.0237885 1.92207e-05 0.0128493 0.081422 0.00827033 0.0188531 0.000150657 0.0858111 0.00149274 0.0923237 0.00389612 5.67701e-07 
0.00424815 0.0465394 0.00528063 2.94131e-05 0.0108319 0.260461 0.0677253 0.0401815 0.00103497 0.00260343 0.0438817 0.0109582 0.0558267 0.000466522 0.0149205 1.99157e-05 0.00241017 0.00620507 0.0051456 0.00408786 0.0240413 0.108438 0.000133697 0.0233618 0.00110402 0.0326648 0.00656354 0.141946 0.0788849 4.56608e-06 
0.00368569 0.00607914 0.00421044 1.7398e-05 0.0410085 0.217632 0.0228257 0.0844167 0.00543948 0.00110622 0.0403925 7.86495e-06 0.00731115 3.02342e-05 0.0192206 0.0227003 0.00018458 0.000554881 0.0802848 1.37081e-08 0.137149 2.35841e-05 0.00612903 0.0179465 6.8191e-05 0.000599094 0.0732333 0.154742 0.0530002 9.64514e-07 
1.70506e-07 7.24354e-05 2.52503e-06 0.00314833 0.00247184 0.881001 0.000174074 0.00461551 9.47172e-05 5.62935e-07 0.00649725 9.33634e-06 0.00242772 1.16218e-06 8.46193e-05 3.24412e-10 3.1474e-05 6.2824e-05 1.34517e-05 0.00257737 0.00207989 8.72611e-06 0.0875752 0.00115602 8.95834e-05 0.000122501 0.00218906 0.00142986 0.00206303 1.41231e-08 
0.00524435 0.00169455 0.000110583 0.0211787 0.0204136 0.204849 0.0109742 0.0222163 0.00127711 0.00198185 0.202013 5.26605e-09 0.00714225 3.04237e-06 0.000635805 3.56197e-10 2.42224e-06 0.00481211 0.161155 2.04991e-05 0.048051 0.00679854 0.0414591 0.0281216 5.69359e-10 0.0124046 0.10782 0.0549717 0.0285989 0.0060489 
0.00093334 0.00488636 0.00449429 0.00655721 0.0137209 0.173832 0.108859 0.130465 0.0155009 0.00358357 0.0374333 0.0076321 0.0326928 0.000282805 0.00150945 9.52313e-10 0.000546461 0.0831324 0.0470476 0.000893986 0.0326026 0.0145354 0.0490684 0.0622092 0.000202686 0.0730455 0.0100712 0.0433001 0.0408122 0.000149067 
3.38722e-05 0.00063289 0.000259234 0.00396108 0.00387265 0.751465 0.00181458 0.0262902 0.0101558 0.000313585 0.0171379 0.00433803 0.0403815 2.43763e-05 0.00143645 3.1486e-07 0.000155569 0.000474765 0.00357436 0.000800119 0.00943033 0.00983581 0.0422311 0.0158479 0.000115904 0.000305841 0.00741983 0.0136223 0.0330712 0.000997271 
0.0248767 0.0056919 0.00226045 0.00972845 0.00272162 0.595309 0.0116233 0.0125607 0.00250287 0.00173446 0.0148269 2.52231e-06 0.0199437 0.0634516 2.80512e-06 1.46895e-09 0.00167155 0.0462541 0.00427909 3.40301e-06 0.000118688 0.00435137 1.52172e-06 0.0068252 0.00022496 0.135727 0.00188644 0.0181423 0.0132773 8.74262e-08 
0.0186945 0.00196136 0.00579373 0.00457821 0.00938324 0.402778 0.0728493 0.108204 0.00114966 0.011845 0.0629674 3.77355e-06 0.00691979 0.000568074 0.00401396 2.28212e-08 0.000548436 0.0922826 0.0806326 0.000148748 0.00675407 0.00860362 0.000409819 0.0225515 0.00174655 0.0102073 0.00380533 0.0553347 0.00526477 2.93038e-09 
0.00241579 0.00588357 0.00571463 0.00222633 0.0378618 0.134363 0.0266837 0.0421592 0.0373507 0.00128004 0.108213 0.000179113 0.0191154 0.00314386 0.00904713 0.00168274 0.00189589 0.00389856 0.0542627 0.000333107 0.0684445 0.00201476 0.0141372 0.0462459 0.00121909 0.0852399 0.0643389 0.0994823 0.120784 0.000383357 
0.000434648 0.00124494 1.15363e-06 3.87807e-05 5.95363e-09 0.989908 0.000333923 0.000192834 9.70324e-09 0.000396434 0.000287136 1.85967e-08 0.00147832 1.87313e-08 0.000599897 0.00238283 6.83278e-05 9.72076e-05 3.15119e-05 0.000388196 0.000168825 0.000615808 9.39319e-05 0.000176414 9.06769e-05 0.00039021 0.000187999 0.00032552 3.48163e-09 6.66789e-05 
0.00101653 0.0257741 0.00403787 0.0010494 0.0623555 0.31881 0.21187 0.00338782 0.00878995 0.0219733 0.0224539 1.1093e-05 0.00340056 0.0010098 0.109074 2.01617e-08 0.0125274 0.0039431 0.00399612 7.70718e-05 0.0778768 0.000223849 0.0023886 0.0120551 0.000144206 0.0390064 0.00207497 0.0262017 0.0244702 1.53947e-08 
0.00472355 0.000209426 8.40695e-05 0.00033358 0.00506411 0.700227 0.00212816 0.021267 0.000114938 0.0119647 0.00430532 5.05696e-05 0.010344 0.000337712 0.0100137 1.47458e-06 4.36858e-05 0.0035447 0.130668 0.00316616 0.00902247 0.00686541 0.005762 0.00775499 0.00301899 0.0118244 0.00232777 0.0156873 0.0291357 9.21658e-06 
3.78419e-06 0.00475404 1.15998e-05 0.0897058 0.00192195 0.244774 0.00238665 0.0206219 0.00103964 4.49825e-05 0.229068 9.10502e-08 0.00147385 0.00163286 0.00189796 1.71353e-10 0.00105124 0.0131901 0.00252194 1.53779e-06 0.000412588 0.0018419 0.000389387 0.094401 0.0876468 0.160285 0.0113773 0.0232075 0.00433618 1.15494e-08 
0.0139839 0.00495591 0.00221174 0.000509583 0.0134505 0.283054 0.0785806 0.0255934 0.0146656 0.00233101 0.0100948 0.00228466 0.00904358 0.00105179 0.0101622 8.71783e-05 0.000800326 0.00627107 0.0865089 0.000265877 0.114769 0.00453008 0.00850553 0.0141044 0.00013147 0.00549917 0.0455161 0.143652 0.0973716 1.37882e-05 
8.18659e-05 0.0266532 0.000822649 0.100835 0.013122 0.454862 0.0468147 0.021859 0.00124238 0.00170617 0.0674673 1.62057e-05 0.0397016 0.00221898 0.00427401 2.96607e-10 0.00223804 0.00633562 0.00154267 2.89556e-05 0.0114864 0.00577808 0.00340001 0.041645 3.62557e-05 0.0837544 0.00837472 0.0411784 0.012522 2.68039e-06 
2.32205e-06 5.09559e-06 0.000676817 3.90842e-05 0.00109455 0.508678 0.00047257 0.00123092 0.018632 6.69089e-10 0.0935491 1.88334e-08 0.00681058 8.59679e-07 1.86063e-05 1.69164e-09 8.99547e-07 0.00256801 0.00260621 2.92071e-06 0.0024371 4.08885e-10 0.00184351 0.00343982 1.08411e-05 0.00373928 0.0186225 0.323844 0.00967393 1.11935e-07 
3.50285e-06 0.000137311 1.33888e-08 4.59376e-06 0.000985653 0.492982 0.000225095 0.00667545 0.010649 7.15501e-05 0.0953662 9.08618e-07 0.0387847 0.00117985 0.000157459 6.64497e-08 0.00159463 1.75491e-05 7.42506e-05 2.89127e-11 0.0368853 1.72598e-09 0.00137132 0.022061 3.81167e-05 0.00178833 0.0199782 0.123858 0.145108 1.79317e-06 
0.0161539 0.00605045 0.00405608 0.0021554 0.0173581 0.630662 0.0262661 0.0252014 0.00178018 0.00176879 0.0133996 2.20059e-06 0.010366 0.000209917 0.0048312 0.0107394 0.00053222 0.000570441 0.016393 0.000556907 0.0212237 0.000767004 0.0172791 0.00957759 0.00016726 0.00520442 0.0455765 0.017815 0.0933359 2.4388e-07 
0.0172066 0.0043651 0.00101995 0.251701 0.0251271 0.28359 0.022703 0.0108289 0.00848392 0.000820309 0.0975109 5.36101e-05 0.00380176 0.000179692 0.00949244 5.12504e-07 0.00944403 0.053125 0.0172504 2.52379e-07 0.0308347 0.000612525 0.00637868 0.0362967 0.000737119 0.00778169 0.0547152 0.0293745 0.0165469 1.71818e-05 
0.0120369 0.0146401 0.00128739 0.00214605 0.0105191 0.322927 0.0458889 0.0487595 0.0216985 0.00722015 0.0401643 2.74659e-05 0.0397226 0.00701029 0.0879202 0.00239114 0.000850746 0.0117588 0.0650089 0.00668054 0.0343546 0.0522771 0.0131246 0.0455924 0.00219486 0.0263157 0.026697 0.033513 0.0172681 4.03799e-06 
0.0361583 0.00269068 0.00110768 0.000248818 0.00401198 0.347651 0.0254826 0.0546426 0.000149764 0.124083 0.18023 0.000249808 0.0169753 0.000759256 0.000677997 1.21171e-10 3.24639e-05 0.0936188 0.0131651 5.01951e-05 0.00944915 0.00403314 0.000490004 0.0068145 0.00261564 0.000525241 0.0425023 0.0293087 0.0022758 5.2914e-09 
0.0141344 0.0200741 0.00138069 1.31976e-08 0.00191962 0.242914 0.040252 0.0727439 0.0125574 0.000451146 0.00372603 3.42487e-05 0.0868948 0.00057598 0.0296904 2.1163e-09 0.000966737 0.000145218 0.067769 2.22878e-09 0.111509 0.000430178 0.00409864 0.0085725 0.000773027 0.000115098 0.0170961 0.0765301 0.184647 1.03925e-07 
0.00277871 0.00264652 0.000892071 1.94721e-05 0.0174977 0.371026 0.00374944 0.0400223 0.00734246 0.000486411 0.0467581 0.0111244 0.00755368 4.93612e-05 0.00391755 0.000784555 1.65941e-06 0.00916178 0.0343176 1.00705e-05 0.245919 0.00140606 0.0126919 0.0493737 1.21847e-05 0.00361092 0.0150916 0.0511678 0.0599119 0.000675235 
0.000563367 0.00943625 0.000904284 0.000872472 0.0116728 0.461172 0.0133573 0.0448416 0.00191623 0.00326699 0.105809 4.82848e-06 0.0583539 0.0163817 0.000821847 0.00217192 0.000713903 0.00486688 0.021468 0.000420102 0.0299936 0.0159127 0.0495719 0.0199355 0.00593224 0.00409262 0.032505 0.0614317 0.0215494 5.98906e-05 
5.70474e-05 5.49337e-05 1.84951e-07 0.0105153 0.00341788 0.608001 0.000328087 0.00255045 0.00638292 1.03441e-05 0.095521 6.13382e-06 0.00770876 2.53332e-05 0.000147347 1.22268e-05 3.77715e-06 0.097808 0.0182171 7.04207e-06 0.0321011 2.73623e-05 0.00176451 0.0126001 1.19084e-08 0.000141014 0.00759617 0.0400926 0.0549025 6.35811e-08 
3.50285e-06 0.000137311 1.33888e-08 4.59376e-06 0.000985653 0.492982 0.000225095 0.00667545 0.010649 7.15501e-05 0.0953662 9.08618e-07 0.0387847 0.00117985 0.000157459 6.64497e-08 0.00159463 1.75491e-05 7.42506e-05 2.89127e-11 0.0368853 1.72598e-09 0.00137132 0.022061 3.81167e-05 0.00178833 0.0199782 0.123858 0.145108 1.79317e-06 
6.43715e-08 1.0614e-09 2.0869e-09 9.57376e-10 1.17491e-05 0.336561 0.0163314 3.66414e-05 1.77286e-09 2.33643e-09 7.67985e-06 3.39777e-09 0.0347401 3.42234e-09 1.58846e-09 5.90712e-09 4.79971e-09 1.82101e-05 1.46289e-06 6.53275e-05 0.137651 0.000102375 0.256713 0.065431 1.86708e-05 0.0618885 8.4007e-06 1.73741e-06 0.0904115 4.51046e-09 
7.48192e-06 0.00116208 0.00571037 5.53268e-08 0.00444003 0.536137 0.0531446 0.0158549 0.00579793 1.24957e-07 0.0239006 3.3004e-10 0.00122078 0.000110889 0.10111 5.73784e-10 3.15465e-09 0.00224425 0.0156378 2.64192e-06 0.0895359 6.69872e-06 0.00196106 0.00180759 2.55397e-10 0.00410367 0.0177142 0.0510358 0.0673536 4.3812e-10 
0.000225747 0.0274758 0.00265412 0.0293847 0.0298101 0.204287 0.0430437 0.0258014 0.00187917 0.0145579 0.0639794 1.87647e-05 0.00724772 0.000163581 0.0220789 2.27012e-07 0.00233693 0.0662954 0.0319647 4.848e-05 0.0289173 0.0078798 0.00124324 0.0674491 0.000874799 0.0997294 0.0168857 0.139978 0.0637859 3.18304e-06 
0.00156842 0.00058478 6.14105e-10 0.032339 0.00212754 0.29686 0.00570039 0.0115507 0.00118218 0.00151171 0.217138 0.000154261 0.0933558 0.00146519 0.000174913 1.49869e-05 5.20621e-06 0.0577528 0.00477325 0.0050695 0.00236152 0.18799 0.00212039 0.0204729 0.00773286 0.00301198 0.00299271 0.0291415 0.010847 8.67144e-07 
0.000210867 0.00291531 0.0150435 0.0100139 0.00550597 0.542453 0.0199881 0.00700886 0.0225633 0.000837748 0.0289392 1.50697e-05 0.0142853 0.000336969 0.00382345 0.0033562 0.00159302 0.0022987 0.017548 3.24966e-05 0.0213075 8.41163e-05 0.0662001 0.00880376 8.76796e-05 0.0147756 0.0914231 0.0194388 0.0791099 2.52014e-09 
0.000128232 0.00172168 0.000148924 0.000239262 0.00623788 0.477841 0.051278 0.00818751 0.000537568 0.000315416 0.0905398 3.7641e-07 0.00342463 2.24044e-05 3.77374e-05 5.35992e-09 1.10228e-05 0.050117 0.0881411 6.6889e-09 0.00151369 7.06098e-05 0.000487253 0.0381761 0.000163304 0.122354 0.0237539 0.0192606 0.0152908 5.16906e-09 
4.92042e-05 4.91966e-05 4.91783e-05 4.91984e-05 0.0590844 0.305099 4.9208e-05 0.137813 4.91838e-05 4.91738e-05 4.92019e-05 4.91549e-05 4.91919e-05 4.91544e-05 4.91872e-05 4.91101e-05 4.913e-05 4.91754e-05 4.91992e-05 0.073706 4.92042e-05 0.305028 4.91808e-05 4.92024e-05 4.91687e-05 0.118089 4.92006e-05 4.92088e-05 4.92042e-05 4.91351e-05 
0.00861128 0.00470669 0.000699108 0.0150277 0.0126201 0.303332 0.0253178 0.0547364 0.00232149 0.0134293 0.17826 0.000207559 0.110089 0.00188064 0.00801024 7.31395e-06 0.0156549 0.0129351 0.0170148 8.41262e-05 0.020687 0.0115367 0.0017931 0.0453386 0.00125984 0.00575948 0.0278943 0.0818811 0.0189031 1.59525e-06 
0.0322605 0.00123198 0.00188421 0.0341778 0.0705629 0.388267 0.0432916 0.009901 1.74125e-05 0.00428304 0.018811 5.7271e-06 0.0319315 0.000476101 0.187297 3.85452e-07 1.72777e-05 0.0824969 0.0273329 0.00224147 0.000816384 0.00903818 0.0013729 0.00111427 0.000123725 0.00284469 0.00246893 0.0168931 0.0288289 1.13519e-05 
0.00345672 0.00272721 0.000586834 0.00467968 0.0118346 0.505188 0.0235125 0.0171752 0.0298076 0.00209833 0.0518894 5.26761e-05 0.0318416 0.00662101 0.00362527 0.004765 0.00551653 0.00883267 0.0217552 0.00622181 0.0885291 0.00373123 0.0076257 0.026698 0.00605268 0.00510822 0.0194204 0.0390139 0.0616302 3.08568e-06 
0.0236586 0.0185172 0.00195775 0.00777479 0.0597293 0.156742 0.0526163 0.0420463 0.00323044 0.00141514 0.0326572 0.000313561 0.018841 0.00979914 0.00475262 1.32841e-06 0.000754442 0.00527793 0.124674 0.000446268 0.0610211 0.0688211 0.00627184 0.0496222 0.0018482 0.0233432 0.0643849 0.145172 0.0143084 1.89278e-06 
0.0211195 0.00911996 0.00125607 0.0301058 0.0523509 0.277597 0.0581476 0.0283697 0.000337864 0.00562098 0.0265241 0.000664049 0.00465798 0.000589775 0.00828884 3.15949e-07 1.77865e-06 0.0241404 0.10046 0.000300363 0.0131387 0.0526585 0.0312532 0.0432423 0.000446379 0.0020499 0.00802628 0.158296 0.0412358 2.54678e-07 
0.00240755 0.0035926 0.000579648 0.00941387 0.00695036 0.640603 0.0204199 0.0247197 0.00426912 0.00186259 0.0669183 2.51652e-05 0.0389314 0.000371939 0.00327867 0.000262862 0.00210019 0.00606582 0.0226989 0.000768918 0.0173831 0.00660027 0.00378052 0.0146696 0.00051839 0.0127362 0.0124107 0.0618314 0.0138268 2.91651e-06 
0.0029474 0.199631 0.00503866 0.000171764 0.0826603 0.202449 0.00781549 0.012982 2.08844e-08 0.000104891 0.134921 0.000571247 0.0172298 6.55083e-08 2.54112e-08 2.23732e-11 3.86557e-08 0.099592 0.000767252 4.63468e-06 0.101339 0.00147366 0.00397921 0.0394557 8.98131e-05 0.00435923 0.0268961 0.0326814 0.0228389 3.96493e-09 
6.90284e-06 0.00691232 0.0348179 0.000304403 0.0733476 0.258493 0.0634981 0.00147261 0.0298508 1.02014e-06 0.152572 9.88681e-07 0.0961635 0.0122145 0.00044532 6.65327e-10 2.50627e-07 0.00282587 0.0587222 3.18364e-07 5.64866e-06 0.00162412 0.0176337 0.0794679 5.51822e-05 0.000733368 0.0535602 0.0295125 0.0257577 5.08019e-10 
0.00654572 0.0307334 2.14325e-07 0.00229218 0.023256 0.347172 0.0683997 0.0431561 0.00137235 0.000662267 0.0475844 8.01812e-09 0.0275313 0.0010092 0.00580396 6.99719e-10 5.59191e-05 0.01227 0.0309277 0.00809244 0.0642147 0.0876368 0.00417226 0.0452191 0.0133819 0.000359449 0.000784262 0.0489194 0.0784305 1.69086e-05 
6.43715e-08 1.0614e-09 2.0869e-09 9.57376e-10 1.17491e-05 0.336561 0.0163314 3.66414e-05 1.77286e-09 2.33643e-09 7.67985e-06 3.39777e-09 0.0347401 3.42234e-09 1.58846e-09 5.90712e-09 4.79971e-09 1.82101e-05 1.46289e-06 6.53275e-05 0.137651 0.000102375 0.256713 0.065431 1.86708e-05 0.0618885 8.4007e-06 1.73741e-06 0.0904115 4.51046e-09 
8.18659e-05 0.0266532 0.000822649 0.100835 0.013122 0.454862 0.0468147 0.021859 0.00124238 0.00170617 0.0674673 1.62057e-05 0.0397016 0.00221898 0.00427401 2.96607e-10 0.00223804 0.00633562 0.00154267 2.89556e-05 0.0114864 0.00577808 0.00340001 0.041645 3.62557e-05 0.0837544 0.00837472 0.0411784 0.012522 2.68039e-06 
0.0380739 0.0638974 0.000834843 0.00116782 0.0079479 0.249691 0.00931273 0.100545 0.018197 0.000100087 0.0455647 0.000286592 0.00228919 0.000508172 0.00066166 2.3841e-07 0.000542417 0.0030496 0.0227653 0.00145437 0.139175 9.82266e-06 0.000150339 0.115821 0.000627849 0.0681692 0.0320745 0.0463896 0.0306921 1.0627e-06 
0.000362099 0.012747 6.10484e-05 0.00624018 0.00438667 0.532156 0.0250344 0.00762314 0.00482373 0.000137695 0.0160258 3.38242e-05 0.0564405 0.000197938 0.00744215 5.06565e-07 5.67097e-06 0.000450328 0.138895 0.000216362 0.00340507 0.0413762 0.0340906 0.00851978 1.69069e-05 1.01911e-05 0.0810272 0.00743667 0.0108332 3.87626e-06 
0.000194354 0.00124694 0.000777328 0.00804618 0.211174 0.21426 0.0277021 0.0182191 0.023398 7.41122e-05 0.182906 0.000268009 0.00880077 0.00041945 0.000788983 4.9806e-11 0.000442231 0.0173441 0.00572642 0.000399243 0.0142665 0.00111603 0.00130927 0.0242776 0.0175825 0.0898442 0.0174884 0.096429 0.0154992 2.95496e-08 
3.76692e-05 0.0003142 3.90617e-09 0.0355476 0.00125123 0.243169 0.00117576 0.00160093 0.000776426 0.0124323 0.183537 0.000213481 0.0209775 0.000143982 0.00173397 1.11048e-06 0.000763642 0.15553 0.0135814 0.075471 0.0222491 0.0289404 0.000128671 0.131182 0.000111172 0.0010261 0.000731443 0.0578487 0.00948939 3.48132e-05 
0.000210779 0.0028442 5.98932e-05 0.0353148 0.00485196 0.314904 0.00145115 0.00898348 0.0653293 7.20049e-05 0.0058582 2.80462e-05 3.47366e-05 0.16173 0.000842785 6.63693e-06 0.00655164 5.90598e-05 0.00050037 4.76913e-05 0.0221127 8.77879e-05 0.0226583 0.0165226 2.43237e-05 0.0243478 0.302606 0.000825909 0.0011135 2.11144e-05 
0.0161509 0.000384652 0.000798524 3.36111e-05 0.0955112 0.545041 0.00016598 0.00125568 0.00124305 4.54454e-05 0.0110755 3.77595e-06 0.00762282 0.000186871 7.14373e-06 3.82762e-05 0.000249418 1.7996e-05 0.000678518 4.98021e-07 0.00553342 2.4291e-07 0.00832933 0.000318502 3.77647e-05 0.0212761 0.271829 0.00587118 0.00628783 6.17531e-06 
1.92499e-11 7.89658e-07 6.50829e-08 1.11064e-07 0.00810207 0.777948 0.000773971 0.00247971 0.00635079 7.0568e-11 0.00671126 1.02624e-10 6.91011e-07 1.60521e-06 0.000385753 1.91305e-07 2.57973e-07 0.000305673 0.0200514 0.000138373 0.0666499 0.000189267 0.000262774 0.00876784 2.91668e-07 0.00343875 0.0503421 0.00069674 0.0464014 1.05572e-08 
8.92002e-05 0.00455745 4.89914e-05 9.22468e-05 0.0151897 0.411134 0.044319 0.0437031 0.000133682 0.00104017 0.0337275 2.49648e-06 0.00439748 0.000200062 0.000209937 3.21874e-08 0.000504014 0.00738702 0.0915097 5.5736e-07 0.00584362 0.00731925 0.000189317 0.135846 1.58346e-05 0.0378364 0.0143618 0.127439 0.0129027 1.95655e-07 
0.0149156 0.0175227 0.00668588 0.0056737 0.0353884 0.137843 0.0615273 0.0468941 0.0383362 0.00789525 0.0571548 0.00126889 0.0132777 0.00296029 0.0129691 0.000416009 0.00276583 0.00752768 0.0264606 0.00198329 0.128725 0.0100513 0.0536219 0.0589542 0.00341021 0.0142321 0.0780221 0.0731363 0.08032 6.13957e-05 
0.00017483 0.000816877 0.000144998 0.206793 0.138763 0.289741 0.00229305 0.0172106 0.00107024 6.9548e-05 0.0858486 2.64498e-07 0.0316365 0.00718837 3.84395e-05 3.8248e-11 0.000439023 0.013245 0.00180096 1.6413e-08 0.00165771 0.00131228 2.06382e-05 0.0299056 6.43388e-07 0.0803774 0.0113367 0.067976 0.0101384 1.42027e-08 
0.000244822 0.0329998 0.00122374 0.00217524 0.0210846 0.285917 0.102217 0.0168054 0.156731 0.000222816 0.0570064 4.98799e-06 0.01172 0.000146132 0.0357745 5.30687e-05 0.00986764 0.0426947 0.0086607 2.19476e-09 0.0552135 0.000207092 0.00157099 0.01536 2.03939e-05 0.0194268 0.035437 0.0191872 0.0680284 4.60537e-08 
3.564e-07 0.00289359 0.00040762 7.52771e-07 2.88733e-06 0.546575 0.00358058 0.0243562 9.67098e-07 3.54683e-07 1.73885e-05 1.05088e-06 0.00187588 0.000177183 5.23315e-11 1.94609e-10 1.20656e-07 3.04605e-05 3.01028e-11 2.04952e-10 0.0830904 1.51483e-07 8.72087e-06 0.0106903 1.56109e-07 0.112148 0.0611754 0.0116225 0.141344 1.48596e-10 
3.53462e-08 4.57208e-07 1.28655e-09 3.01315e-05 0.000280727 0.385671 1.14007e-06 0.0015113 0.00361667 1.44038e-09 0.109772 2.96992e-05 0.00394554 0.203221 7.5548e-06 3.64167e-09 4.569e-05 0.192591 0.000457686 3.83522e-09 0.00118535 0.00591428 0.00391366 0.0138032 3.04161e-09 0.00377305 0.0611062 0.00395839 0.00514084 2.31571e-05 
6.61018e-09 0.000126755 4.10446e-08 0.00360906 0.0151695 0.765736 0.00148611 0.00254537 0.00109416 1.92868e-05 0.0361713 0.000147949 0.00420256 0.000146289 5.0291e-05 0.00350901 9.72452e-06 0.000130179 0.00247321 0.000267519 0.0172619 1.03226e-05 0.00144552 0.00191877 7.50261e-07 3.56115e-05 0.108871 0.0109989 0.022563 3.58199e-07 
3.94085e-07 0.00039827 0.000184157 2.07842e-05 0.00587566 0.695898 1.48579e-05 0.00396882 0.00297334 0.00131952 0.0242902 1.04701e-06 0.113497 4.38315e-06 0.0135561 0.0288442 0.000307438 0.00732878 5.15703e-06 3.28375e-08 0.00381191 0.00395859 0.00747934 0.000698541 2.00738e-06 0.00588002 0.0766366 0.00293481 0.000109855 2.38081e-08 
3.53462e-08 4.57208e-07 1.28655e-09 3.01315e-05 0.000280727 0.385671 1.14007e-06 0.0015113 0.00361667 1.44038e-09 0.109772 2.96992e-05 0.00394554 0.203221 7.5548e-06 3.64167e-09 4.569e-05 0.192591 0.000457686 3.83522e-09 0.00118535 0.00591428 0.00391366 0.0138032 3.04161e-09 0.00377305 0.0611062 0.00395839 0.00514084 2.31571e-05 
1.14907e-05 0.00169783 4.54386e-05 2.70282e-05 0.060179 0.651222 0.00713899 0.107 0.00421967 0.000114984 0.0103188 9.38289e-08 0.000282716 0.000572853 0.00187064 1.63124e-07 1.32543e-07 0.00318207 0.000299502 9.40252e-05 0.00608623 0.000409392 0.0558007 0.0225844 7.26083e-08 8.0855e-05 0.00226055 0.0364285 0.0280617 9.68126e-06 
0.000302305 0.017222 0.002727 0.00334114 0.010224 0.317706 0.0138569 0.024608 0.00131864 0.0208962 0.0790037 0.000545159 0.000618589 0.00117078 0.0176433 3.38407e-09 0.000623692 0.0688929 0.12765 0.000140682 0.00758922 0.00122859 0.000813393 0.0732311 0.000188604 0.0550015 0.0248428 0.116243 0.0123698 2.58395e-09 
1.55907e-05 0.0031827 4.26329e-05 0.00199255 0.00525001 0.671097 0.00460132 0.00540434 0.024333 0.00119343 0.048942 2.9263e-06 0.00807099 0.00249221 7.26369e-05 0.00492443 2.58956e-05 0.00951812 0.00891919 2.02299e-06 0.00713881 5.09181e-05 0.00192835 0.00273575 0.000367541 0.0123165 0.136225 0.0195206 0.0196324 3.61518e-07 
7.78774e-05 0.000397639 5.49046e-05 1.0865e-06 0.00352013 0.818053 0.0278645 0.0027188 0.000182935 0.000122186 0.0233767 1.7547e-06 0.028568 6.01561e-06 0.00842168 3.35051e-08 0.00626444 0.000159084 1.99693e-05 4.14962e-05 0.0257198 0.00528407 0.00307998 0.00137295 3.73972e-05 0.00216071 0.0183552 0.018924 0.00521358 2.55685e-07 
3.00023e-11 0.00122093 0.00206132 7.36945e-05 0.000112871 0.554483 0.00224547 0.00373845 0.00528425 4.74899e-07 0.0257416 1.09151e-07 0.0543747 0.000324128 0.0021077 7.46469e-07 1.05998e-07 0.000515316 0.00223908 0.000717422 0.00249021 4.52299e-05 0.00513095 0.00155371 1.23773e-10 0.00539166 0.013695 0.0615379 0.254913 8.56243e-08 
0.0371889 0.000938118 0.00175272 8.09133e-11 0.001278 0.361112 0.00982084 0.0171695 0.0146175 0.00299557 0.0617242 1.65765e-10 0.0187853 0.000222524 0.000963995 1.50791e-05 0.000346959 0.000265734 0.198215 5.56705e-07 0.00411598 0.000311297 0.0112296 0.0111926 0.000249231 0.00224689 0.0216495 0.158768 0.0628242 1.76025e-08 
4.73806e-05 0.000398096 0.000610845 0.000182583 0.0381161 0.412985 0.0230707 0.0124457 0.00708101 0.000309713 0.00343845 9.2592e-07 0.131916 0.0408197 0.0128641 3.04083e-08 1.0378e-06 0.00372584 0.00975397 0.0599143 0.019121 0.129964 0.00638788 0.0124591 0.000218484 0.0056272 0.00654865 0.00518392 0.0568048 4.65434e-06 
0.0056529 0.00249674 0.000920416 8.62581e-05 0.00738594 0.445408 0.0240803 0.0300127 0.00397071 0.000336545 0.105488 1.32769e-05 0.0220983 9.58298e-05 0.0729868 1.10223e-09 0.00287078 0.0748039 0.00966562 0.00147976 0.0275382 0.00358533 0.0100592 0.00821117 0.000184122 0.00761396 0.0155509 0.0261122 0.0912917 8.41619e-10 
0.00268812 0.0271373 0.00146685 0.000103486 0.000233194 0.362357 0.0582916 0.276386 0.0245928 0.0233283 0.0228705 5.7499e-06 0.00365965 0.00735623 0.00658781 2.40036e-08 1.23393e-06 0.000509839 0.000385013 1.58385e-05 0.00569703 0.0212379 0.000477973 0.0141629 1.48774e-05 2.3245e-06 0.00775284 0.106769 0.0259077 1.67929e-07 
0.00589672 0.0206993 0.00240284 9.07116e-05 0.00416661 0.149006 0.0875325 0.0531047 0.00106535 0.102686 0.0134245 0.00350938 0.0035556 0.000495408 0.0728898 9.05494e-06 9.43108e-05 0.00881614 0.125714 0.0132614 0.048421 0.0710089 0.00458872 0.0567925 0.00384124 9.44123e-07 0.00137646 0.0347977 0.11075 2.63887e-06 
0.0269877 0.000676391 0.000254936 1.66994e-06 0.0561929 0.276851 0.00522058 0.00368928 0.00186209 0.0012843 0.00527891 5.24219e-08 0.0737146 0.0291977 0.00110528 1.17489e-09 0.000141541 0.000588082 0.00493306 9.08086e-06 1.95304e-05 0.00363989 0.00702201 0.0215948 0.00117825 0.00057972 0.121472 0.0924265 0.264076 2.05096e-06 
2.52263e-05 0.000134292 0.00162314 0.00568774 0.00829478 0.787697 0.000608049 0.000606486 0.029262 2.77551e-05 0.0561223 9.64589e-06 0.00423312 0.000106003 3.38639e-05 6.69477e-05 0.00236655 0.0190656 0.00137446 1.76336e-08 0.00426844 0.000686872 0.000461314 0.0240334 0.000174757 0.0278824 0.0023424 0.0149675 0.00291057 0.00492689 
0.000974778 0.0119935 0.00433135 2.27956e-05 0.00462602 0.487028 0.0803269 0.120853 0.00329106 0.0126877 0.0383517 0.0053732 0.0198973 0.0294603 0.00515892 1.67938e-08 1.65008e-05 0.000706281 0.000977847 0.000237593 0.000747419 0.00996328 0.000226343 0.0437546 0.00294331 0.00426666 0.0656852 0.0308324 0.0152595 6.98791e-06 
0.00054819 0.00077939 0.0018127 1.7994e-05 0.0376276 0.585275 0.0752063 0.00592781 0.000609956 0.0172528 0.0719709 0.0190647 0.0261834 1.54989e-05 0.00195943 5.17876e-09 6.07436e-07 0.000309793 0.02322 0.000677665 0.0250963 0.0056264 1.18639e-05 0.0325375 1.75047e-05 0.000337177 0.0156433 0.0143621 0.037908 6.94443e-07 
4.00073e-06 0.000390133 1.44623e-05 0.00228135 0.000611984 0.845277 0.000657168 0.0139552 0.000836853 2.9433e-05 0.00294769 0.000116791 0.041399 4.66491e-05 0.0030648 4.13217e-08 7.09237e-05 0.000408881 0.0001621 0.00012406 0.0023634 0.00128996 0.00644876 0.00790235 4.26029e-05 0.000159479 0.00436089 0.00424322 0.0594452 0.00134535 
0.00774677 0.00279467 0.00131046 6.7219e-05 0.0053264 0.730715 0.0213096 0.0332562 0.000738186 0.00235206 0.0601016 9.24571e-05 0.0374253 6.01422e-06 0.0296282 4.84091e-06 0.00107556 0.000528549 0.00102904 5.0982e-06 0.00148409 0.000217756 0.000404586 0.00499823 0.000215139 0.00115637 0.00531346 0.040676 0.00997678 4.43759e-05 
0.00020906 0.0126382 4.65255e-07 3.50334e-05 0.00190914 0.748692 0.0347928 0.0277795 0.00895446 0.0540787 0.0127147 7.57502e-07 0.0785353 7.62981e-07 0.000255981 1.31694e-06 0.000205505 9.70995e-05 0.00384537 3.2065e-05 0.000129906 0.00305539 0.00108176 0.00492053 7.09733e-05 0.000349186 0.00330887 0.00210804 0.000115717 8.14306e-05 
0.000226351 0.0010101 0.000698506 0.0101825 0.0139103 0.318127 0.00815632 0.0260706 0.0215817 0.000985155 0.0388249 0.000246962 0.0129822 0.00466315 0.00868245 0.00109057 0.00193556 0.0310782 0.00705707 0.0022751 0.0300353 0.0130456 0.0372496 0.0142945 0.00445335 0.276064 0.0211448 0.0259355 0.0679747 1.75895e-05 
2.94422e-05 0.00356365 0.000222416 5.7334e-06 0.0153505 0.448714 0.00963549 0.0154254 0.12697 0.000221568 0.0455649 5.72e-05 0.00394655 3.5272e-05 0.0281811 0.0386087 9.5504e-05 0.0025719 0.00950435 0.0290416 0.0310808 0.000849199 0.00451644 0.00919152 1.39485e-05 0.00439064 0.0418201 0.0498915 0.080501 3.02831e-08 
0.00302934 0.000330401 0.000361911 0.0751318 0.0461348 0.194778 0.00120976 0.00923716 0.0596043 0.0746458 0.15745 6.8566e-07 0.0121633 0.000158315 0.00182126 2.45697e-10 0.00201659 0.00605505 0.0462423 6.01587e-07 0.0481735 0.00290127 0.0102341 0.017507 9.18023e-06 0.00309148 0.017171 0.157138 0.0533992 4.06156e-06 
5.49055e-05 0.00230623 0.000317869 1.39014e-05 0.00172156 0.41454 0.0240611 0.0626668 0.0445901 0.000860189 0.0786562 0.00202669 0.00339474 0.00293366 4.62726e-05 7.74475e-10 0.000216949 0.000215479 0.00729306 0.000101993 0.00854545 0.0012353 0.0465982 0.00419095 0.000216782 0.00128202 0.143238 0.0767018 0.0711837 0.000790249 
0.025711 0.00114974 0.000984428 0.00627993 0.0143513 0.219404 0.022819 0.0161772 0.00170769 0.0566779 0.188527 0.000781038 0.0297582 0.00541214 0.000206586 1.23252e-10 0.000656744 0.187645 0.10856 0.00121492 0.00353184 0.0244047 0.000190989 0.0349279 0.00189534 0.00913318 0.00603308 0.0285251 0.00333233 6.19502e-07 
0.00186711 0.00651564 0.000639404 0.0317437 0.00086329 0.319626 0.00711825 0.191045 0.000198658 0.000317957 0.0871985 2.40143e-05 0.114184 0.0039538 0.00374601 1.59507e-08 0.00619546 0.0192104 0.00723897 0.000506143 0.0346283 0.0149487 0.000198772 0.0195444 3.31825e-05 0.00234924 0.0410603 0.0678967 0.0171187 2.94368e-05 
0.00465467 0.00186667 0.00090048 0.0480256 0.02588 0.252589 0.0127278 0.00633709 0.0100694 0.00512107 0.21467 2.65695e-06 0.0257156 0.00455143 0.000380221 8.90423e-07 0.00442254 0.0230923 0.103931 0.000101737 0.00679857 0.00939297 0.00529562 0.0351788 0.0017479 0.0197847 0.0533697 0.104976 0.0184164 3.96876e-09 
0.00146736 3.05589e-07 0.00158878 3.056e-07 0.00241444 0.199081 0.0145191 0.0956896 3.0551e-07 0.0152727 0.144498 0.00158803 0.0314119 0.010015 3.0553e-07 3.05051e-07 3.05175e-07 0.113905 0.0285133 3.05017e-07 0.0646426 0.00565296 3.0549e-07 0.0687661 3.05415e-07 3.05506e-07 0.0140891 0.152986 0.0338953 3.05207e-07 
0.0056529 0.00249674 0.000920416 8.62581e-05 0.00738594 0.445408 0.0240803 0.0300127 0.00397071 0.000336545 0.105488 1.32769e-05 0.0220983 9.58298e-05 0.0729868 1.10223e-09 0.00287078 0.0748039 0.00966562 0.00147976 0.0275382 0.00358533 0.0100592 0.00821117 0.000184122 0.00761396 0.0155509 0.0261122 0.0912917 8.41619e-10 
0.00496431 0.0179961 0.00283537 0.0132443 0.00627002 0.571331 0.00920513 0.092049 0.00258754 0.0154436 0.0224064 3.26318e-05 0.0219658 0.00750767 0.0338553 1.66169e-07 1.4401e-05 7.9568e-06 0.000719191 0.00170942 0.00510463 0.0592956 0.00727087 0.0732401 0.00250314 0.00524258 0.000811432 0.0100253 0.0123115 4.98551e-05 
6.70904e-05 0.026592 8.42895e-05 3.89133e-05 0.00217409 0.539635 0.117315 0.0128571 0.00135311 0.00729254 0.00643266 0.000852711 0.0488949 0.0021249 0.00507779 9.66019e-08 0.000209595 0.000311924 0.00127007 1.01736e-07 0.00122905 0.000835464 0.063606 0.00382325 3.45512e-05 0.00938567 0.0997571 0.0282231 0.0205214 7.37616e-08 
3.09379e-07 3.50062e-05 0.000336857 1.01503e-05 0.0100817 0.739238 0.000875817 0.0884849 0.00730742 1.25446e-09 6.11567e-06 0.0242277 0.00988351 1.8375e-09 0.000206677 1.72265e-06 0.000123109 2.82515e-06 3.17827e-06 1.11545e-05 0.00400641 0.00316014 0.106462 0.00186632 0.000674484 7.32654e-07 0.000151787 6.75009e-05 0.0027749 6.75276e-08 
0.000197762 0.000128059 0.000745994 6.32516e-07 0.000351346 0.842279 0.00242579 0.00249701 0.00808973 8.26084e-05 0.0109665 1.71176e-05 0.0158319 1.44194e-05 0.00100161 0.0504905 0.000131123 0.000702254 0.00201905 0.000280544 0.00340236 0.000384838 0.000963064 0.00537776 2.46003e-05 0.00115714 0.00793862 0.0283629 0.0141342 1.90129e-06 
0.00130458 0.00629527 0.00258792 9.48253e-05 0.0712534 0.259137 0.0348467 0.0882633 0.00207211 0.00141296 0.00636314 0.00232393 0.019177 0.000286744 0.0079367 6.59812e-05 0.000184551 0.00474027 0.0611493 0.00201008 0.122597 0.00345469 0.00709395 0.0627748 9.17176e-06 0.00443598 0.0188398 0.165904 0.0433852 3.19537e-08 
7.55506e-05 0.00297413 7.40983e-07 3.10152e-05 0.0109697 0.587964 0.0304432 0.0243226 9.40233e-05 0.000362897 0.0175791 1.60834e-05 0.00173221 0.000111144 0.000263216 0.0662753 1.5146e-05 0.0682298 0.0212339 0.000259707 0.0141326 0.000228186 0.0037831 0.0268138 1.15886e-08 0.00452876 0.0448767 0.0180135 0.0546698 1.69571e-08 
0.000674765 0.00167239 0.000858242 2.79154e-05 0.00059809 0.601817 0.0027136 0.00244198 0.00125724 7.72537e-05 0.0186841 3.32406e-07 0.0818439 4.67145e-05 0.0344847 5.77897e-07 9.44945e-06 0.000522162 0.00110133 0.00108637 0.0443126 0.000146431 0.00372271 0.0176206 3.09177e-05 0.000595787 0.0420606 0.0625212 0.0790698 1.04364e-06 
0.000201621 0.0314483 0.00290916 1.17594e-05 0.0103285 0.319359 0.0346146 0.084647 0.00233692 0.000144211 0.140926 3.24951e-05 0.011357 0.000112248 0.128397 3.50369e-09 0.00284523 0.00375073 0.0108114 9.35304e-07 0.0611483 0.00262315 0.00357939 0.0280921 0.00075092 0.0156113 0.0285251 0.0363959 0.0390361 3.1808e-06 
0.000108783 0.000527612 6.99696e-05 0.00927746 0.0175094 0.351778 0.00220549 0.0223506 0.0279859 0.000172734 0.0605257 6.62617e-05 0.00674712 0.00300773 0.00237457 5.06813e-06 0.000116142 0.113495 0.00267206 2.01335e-05 0.00175816 0.00426223 0.00247432 0.0276213 0.000596597 0.258497 0.0109493 0.00749629 0.0102415 0.0550873 
0.00075544 0.0118724 0.00270277 0.0256722 0.00979475 0.289081 0.0157879 0.198722 0.0195001 0.00318602 0.132247 0.000299962 0.00375747 0.00316632 0.00224797 0.00730718 0.0023398 0.0835675 0.0166184 0.00020151 0.0137307 0.00242929 0.00392888 0.0434292 6.09625e-05 0.0101893 0.0295084 0.0277746 0.037519 0.00260264 
6.60152e-07 0.00738237 0.0004672 0.00467033 0.00668603 0.351095 0.126489 0.0409489 0.00170694 0.00120304 0.0223134 7.80742e-06 0.00504981 8.74154e-05 0.00257256 2.1309e-07 0.000867103 0.10692 0.0232647 0.000693941 0.00794893 0.0349192 0.000676273 0.227904 5.87582e-05 0.0170654 0.000988561 0.00792016 9.14011e-05 8.92974e-10 
6.97954e-05 9.21402e-05 0.000111382 0.0526503 0.0252437 0.362125 0.00904219 0.0054743 0.00462494 1.28199e-06 0.164631 1.70729e-05 0.0040849 0.00137368 0.00108371 4.97352e-10 0.000547112 0.0626069 0.0291098 0.000711067 0.00343311 0.00604894 0.000583108 0.225904 1.32634e-07 0.000497862 0.012286 0.0233529 0.00427695 1.60285e-05 
4.96207e-05 3.06742e-06 0.00010851 1.33006e-07 0.000438255 0.971734 3.78493e-05 0.00016477 0.00135952 0.000107344 0.00818015 4.67369e-09 0.00470184 6.21437e-05 2.18496e-09 8.12535e-09 0.00371235 4.63832e-05 0.000243707 8.5572e-09 0.000180886 1.39462e-05 0.000764186 0.000275647 0.000231833 0.00160013 0.00296131 0.00264847 0.000374061 6.20421e-09 
0.000475764 0.00220619 0.00079938 1.3211e-06 0.00054307 0.750294 0.0010813 0.00293497 0.00265117 1.05621e-05 0.00304483 3.76514e-08 0.00774099 1.09433e-05 0.00527097 0.000162993 4.809e-05 1.49066e-07 0.0271503 0.00400172 0.00740404 0.000221451 0.00770271 0.00801969 7.90778e-05 2.13701e-07 0.0163213 0.01609 0.135733 1.23199e-07 
0.000428912 0.00657814 0.00164391 5.57347e-05 0.0215232 0.232706 0.0322488 0.131366 0.00281698 0.026302 0.0507285 0.00484278 0.00243078 0.000476195 0.00035923 6.08242e-06 0.040607 0.000534216 0.0106721 0.00272519 0.0564927 0.00446959 0.130552 0.0162947 0.000641983 0.00927523 0.106781 0.0301785 0.0762595 1.98348e-06 
0.00490644 0.00330258 0.0163804 1.9515e-05 0.112376 0.19462 0.0115265 0.0134839 0.00265576 0.0397124 0.0804009 9.14125e-06 0.0182296 3.12918e-05 0.000751442 1.21951e-09 0.000106029 0.000670406 0.103723 0.000169558 0.00376203 0.127467 0.0106364 0.0562064 0.000133358 0.0206115 0.101935 0.0588731 0.0172943 5.98999e-06 
0.000116171 0.000787343 0.000145559 0.00219866 0.024907 0.402677 0.00141693 0.00595452 0.000409168 6.10836e-05 0.217308 2.57427e-05 0.00483247 0.000142346 7.73366e-06 6.98237e-11 0.000645035 0.14242 0.00811975 3.90364e-06 0.00209308 0.000841285 0.014287 0.0426839 0.00021609 0.029567 0.0082728 0.0876709 0.00218984 3.03223e-08 
0.000141271 0.00229597 3.01631e-06 0.121363 0.0863546 0.201532 0.0403632 0.0654742 1.28586e-06 2.01634e-06 0.09217 6.14611e-06 0.161244 4.28405e-07 0.0117882 3.75134e-08 3.07199e-05 0.0159207 4.83999e-07 1.65644e-07 0.00716227 2.98566e-07 0.00346699 0.0194125 6.36032e-06 0.00052264 0.0420042 0.0534649 0.0752627 5.36242e-06 
0.0120908 0.0290932 0.00355506 0.000698159 0.00503168 0.236846 0.124539 0.0140907 0.00241783 0.0184801 0.015624 0.0795191 0.0252501 0.000469283 0.112085 7.64432e-07 6.07507e-07 0.0522231 0.0166258 0.00470719 0.0526944 0.0102285 0.00625508 0.0870423 0.00127988 0.000677283 0.00403303 0.0624431 0.021668 0.000330195 
2.08158e-06 0.00475627 0.000490532 1.0207e-05 0.000897644 0.830678 0.0182847 0.00266985 0.00241178 1.96965e-06 0.0196649 9.02748e-05 0.00978462 2.72546e-10 0.0209426 4.70427e-10 2.61101e-05 5.66886e-06 7.05367e-07 0.000154154 0.0395648 0.000113932 0.00183277 0.00757934 6.62782e-05 1.25307e-06 0.0101898 3.14713e-06 0.029777 3.592e-10 
0.00105254 0.0037945 0.000832587 0.0220994 0.00559979 0.397918 0.00377647 0.0218663 0.0265273 0.00100536 0.201275 1.08634e-05 0.0105265 0.000341878 0.00143485 0.000120676 0.000458123 0.0472136 0.0253616 0.00570926 0.0219305 0.00320678 0.00447039 0.0168942 0.00203286 0.00570281 0.0474137 0.0564547 0.0649687 1.1199e-06 
