5.54543e-06 2.88531e-07 5.673e-07 2.69627e-05 0.00151428 2.12022e-07 0.00214084 0.869228 4.81931e-07 4.56769e-05 0.0350008 0.00139737 3.5974e-07 9.30327e-07 7.88264e-05 1.60579e-06 1.30475e-06 6.11064e-07 0.00135266 1.69113e-06 0.0384126 0.0232637 0.000752849 0.0101246 0.0016639 0.000135261 0.00122047 0.0068084 0.00681767 1.22612e-06 
0.000632296 0.312525 0.195298 1.88914e-06 1.50529e-05 7.9881e-09 0.0617554 0.00736415 1.81572e-08 0.413036 0.00244175 3.47991e-08 0.00106545 4.61395e-07 1.90133e-05 6.04992e-08 4.91574e-08 2.30223e-08 0.000103691 6.37147e-08 0.000221754 4.93437e-05 0.00270368 0.00203018 3.46549e-05 1.2188e-05 0.000630287 8.10832e-06 5.22437e-05 4.6195e-08 
0.0348883 0.131002 0.0247248 0.000384986 2.16602e-06 2.11127e-09 0.293634 0.173438 4.79897e-09 0.000899319 0.00171493 0.00396753 0.012657 6.72807e-07 0.0608449 1.59901e-08 1.29924e-08 0.00243179 0.000102324 1.68399e-08 8.55878e-06 0.116686 1.6485e-06 0.140394 7.11734e-09 8.53381e-07 2.25126e-09 0.00219381 2.52147e-06 2.0184e-05 
0.000743719 0.00377592 7.84026e-07 0.000106441 0.00106321 1.77358e-09 0.00569403 0.0901392 4.06873e-07 0.000134323 0.132556 4.47877e-05 3.00925e-09 0.00108139 1.50906e-07 1.34325e-08 1.09143e-08 4.85294e-05 7.78372e-07 0.000714373 1.45658e-07 0.153564 1.70593e-07 0.261246 6.57797e-06 4.14619e-09 2.41583e-07 5.7498e-06 9.22895e-07 0.349073 
3.1782e-07 1.93557e-06 9.9739e-06 8.78093e-10 1.15877e-05 7.15364e-10 0.0290396 0.00109743 1.62604e-09 0.00646213 5.65207e-06 3.11639e-09 0.0577148 8.40688e-06 1.27463e-06 5.41793e-09 5.54302e-05 2.06173e-09 0.107118 0.528636 8.42998e-07 0.234162 0.00536886 1.86205e-06 0.00786425 1.67235e-09 5.35469e-06 0.00243687 0.0199978 4.13693e-09 
5.70534e-09 4.54668e-05 2.01178e-08 0.000104002 0.00232709 3.4048e-12 2.56498e-08 0.00181884 0.00311715 0.00134614 0.007554 9.77795e-05 0.000246592 0.000708152 0.000531391 2.60045e-08 1.67268e-09 9.81291e-12 0.000283912 1.54412e-07 9.11887e-08 0.271836 1.63893e-05 0.704384 2.68091e-06 7.9596e-12 0.00116784 0.00230927 0.00160892 0.000494203 
4.15862e-05 0.0237402 2.0594e-05 4.54416e-08 0.000299513 3.70203e-08 0.83201 0.0308827 0.000370069 0.0205675 0.00020505 0.00160878 6.28128e-08 0.000644801 3.84752e-05 2.8038e-07 2.27817e-07 0.000773653 3.73184e-05 0.0445526 4.22884e-05 0.0416805 4.83845e-05 0.00213406 0.00020209 8.65445e-08 3.80915e-06 9.16641e-05 3.13314e-06 2.14088e-07 
0.00298749 0.0305012 0.000527119 4.90104e-05 1.03275e-06 4.67156e-09 0.087456 0.00248113 0.000631788 0.130642 0.000251387 0.0169046 7.92628e-09 1.60117e-05 0.00117552 6.88552e-05 2.8748e-08 7.89109e-06 0.0290809 0.00100601 1.64042e-06 0.688304 3.6361e-05 0.00163567 0.00196488 1.0921e-08 0.000232047 0.00293414 0.000837468 0.000265668 
0.00018311 0.000409577 2.9671e-06 1.36118e-06 1.54657e-06 1.10892e-06 1.31414e-05 1.11314e-06 2.52061e-06 0.000786423 8.29329e-05 4.83087e-06 1.88152e-06 0.000262772 0.000184668 8.39861e-06 6.82412e-06 3.196e-06 1.29913e-06 0.0314834 9.47506e-05 0.932288 2.77249e-06 0.0335695 3.73831e-06 0.000297034 3.39767e-05 0.000211932 4.8842e-05 6.41287e-06 
3.23158e-07 0.0187885 0.0424986 6.9389e-08 5.62744e-11 4.03498e-11 0.0553178 0.0423876 0.119525 0.0071602 0.0254835 1.75778e-10 0.0288914 1.7705e-10 0.0220831 3.05596e-10 1.61423e-06 0.000289868 0.00331928 0.0055061 5.35222e-07 0.567819 6.70873e-06 0.0249601 1.36024e-10 4.06561e-06 4.77584e-06 0.00693989 0.0290105 1.47029e-06 
1.11118e-05 1.20156e-09 2.38609e-07 1.08379e-09 1.23141e-09 8.82945e-10 0.00730012 0.317984 2.00696e-09 4.76355e-06 5.93971e-06 6.92743e-06 1.4981e-09 3.10328e-06 1.20498e-05 6.68714e-09 5.98227e-06 0.000135636 6.82803e-06 7.04255e-09 3.59956e-07 0.616851 2.20751e-09 0.0576263 9.82548e-06 2.97252e-05 1.88392e-06 2.56915e-07 4.03337e-06 5.10605e-09 
8.31993e-07 0.00698595 0.00708044 7.33049e-06 0.00841437 1.0363e-08 0.0113014 0.198931 2.35554e-08 6.29128e-05 0.672467 2.79422e-05 0.000110228 4.54717e-08 2.11054e-08 7.84862e-08 6.37723e-08 8.11862e-07 1.21406e-08 8.26576e-08 3.42612e-06 0.0130001 0.000279943 1.3326e-05 3.4935e-08 0.000112771 1.41271e-05 0.0755349 0.0055122 0.000139526 
3.12276e-07 0.0101374 2.91652e-07 0.000376004 8.4595e-11 6.06562e-11 0.0154351 0.0724502 3.20978e-07 0.00644431 0.000153644 6.85779e-07 2.15751e-07 2.66152e-10 0.00407776 4.5939e-10 3.73268e-10 0.00329082 6.21407e-07 4.83806e-10 1.02561e-06 0.843749 1.71249e-07 0.0294729 2.04479e-10 9.48826e-07 1.03442e-07 0.0144075 1.90718e-07 3.50773e-10 
1.01852e-08 3.90849e-08 6.88732e-08 6.22326e-05 0.0029106 9.03144e-13 1.18022e-07 0.00159359 0.00774198 8.14341e-10 0.000486005 5.24302e-06 5.77722e-08 9.89543e-05 0.000543513 6.84012e-12 5.5578e-12 1.97044e-07 0.0135893 1.44145e-08 0.0408091 0.000569707 0.000334245 0.820408 0.000270794 3.04053e-08 0.052964 0.0576117 3.55775e-07 7.31722e-09 
9.15012e-07 5.78473e-10 1.13737e-09 5.21777e-10 0.000116817 4.25081e-10 1.64744e-06 0.000598058 9.66219e-10 6.45958e-05 6.21154e-06 0.000918537 0.395436 1.8652e-09 1.4255e-06 3.21942e-09 2.61587e-09 1.22512e-09 4.97993e-10 0.00683026 3.23e-06 0.00236061 1.06277e-09 0.0329716 0.0021298 9.93735e-10 0.549716 0.00560326 0.00324042 2.45823e-09 
2.92982e-05 1.91018e-05 0.00511044 3.96246e-06 0.00111936 1.58854e-07 7.50986e-06 0.00297175 8.71082e-06 0.440541 0.0741578 3.08178e-05 2.6953e-07 6.97033e-07 3.23524e-07 1.20311e-06 0.000304515 1.71182e-05 0.000136485 0.00078812 0.00403561 0.194055 0.000146563 2.36094e-05 0.00251137 2.87699e-06 1.50653e-05 0.00825634 0.0517742 0.213931 
3.23158e-07 0.0187885 0.0424986 6.9389e-08 5.62744e-11 4.03498e-11 0.0553178 0.0423876 0.119525 0.0071602 0.0254835 1.75778e-10 0.0288914 1.7705e-10 0.0220831 3.05596e-10 1.61423e-06 0.000289868 0.00331928 0.0055061 5.35222e-07 0.567819 6.70873e-06 0.0249601 1.36024e-10 4.06561e-06 4.77584e-06 0.00693989 0.0290105 1.47029e-06 
0.000479604 0.312852 0.000882605 5.71404e-06 0.00013653 4.95235e-11 0.486381 0.136154 1.12568e-10 0.00428208 0.000648039 4.43906e-07 1.3966e-07 0.000556225 0.0220227 3.92066e-08 5.98407e-09 2.18573e-05 1.97195e-07 7.23707e-08 0.00367361 0.0214293 0.000425718 0.00459208 0.000105717 2.46655e-07 3.88996e-05 0.00531058 1.02604e-07 1.1678e-07 
0.000158911 0.000230353 0.000228392 7.73592e-07 8.78959e-07 6.3023e-07 0.0534165 0.659417 0.00043155 0.00279382 0.000223229 3.33565e-05 0.015061 2.76537e-06 0.00119333 0.000646481 3.87833e-06 1.81637e-06 0.0876022 0.000342933 0.000975715 0.00018124 0.0633019 0.000666735 2.12458e-06 1.47332e-06 0.0773986 0.0354017 0.000276928 3.6446e-06 
0.000166228 1.15014e-09 2.26137e-09 0.000342883 2.42247e-06 8.4516e-10 0.0296354 0.00146394 1.09246e-06 4.21842e-06 0.00351507 1.88386e-07 0.00551133 6.3037e-07 0.00073592 6.40097e-09 5.20097e-09 4.87099e-06 0.000896773 4.6229e-05 0.0401585 0.00870781 1.03425e-06 0.798462 3.94027e-07 1.97578e-09 0.0826193 4.08967e-06 5.80733e-06 0.0277135 
0.00517775 4.13734e-06 0.00147603 1.68051e-06 0.00321924 2.28361e-08 0.00578312 0.114422 0.000369647 1.94574e-06 2.18792e-05 9.94824e-08 0.00900965 0.00010775 8.12997e-06 1.72953e-07 0.000941668 6.15334e-06 0.000381211 0.00131286 2.3609e-05 0.0600567 0.000102286 0.776574 0.0120512 1.78975e-06 7.15237e-06 6.64031e-05 0.00887079 1.20589e-06 
5.87304e-05 5.67625e-05 1.92934e-06 3.17665e-05 0.000238987 2.2541e-08 0.000644667 0.139876 0.000821294 0.00608865 0.0022635 0.000103615 0.000404556 2.74368e-08 0.0064487 6.84031e-08 2.62098e-08 0.00108596 6.26168e-05 8.68968e-06 0.00896803 0.196089 9.56828e-07 0.6243 5.64058e-06 0.000223492 7.63799e-05 0.0111052 0.000364445 0.000669807 
3.28054e-06 0.000943992 1.39171e-06 1.0919e-06 9.05567e-10 6.49308e-10 0.00640836 0.0110146 1.47589e-09 0.00053873 6.38709e-06 0.000237868 1.50188e-06 6.88596e-06 1.32239e-09 4.91765e-09 0.000155599 0.000369986 1.49729e-05 0.00855927 5.64154e-07 0.95693 2.6226e-06 0.011093 0.000732579 8.38124e-07 0.000202501 0.00251526 9.12556e-06 0.000250074 
3.23158e-07 0.0187885 0.0424986 6.9389e-08 5.62744e-11 4.03498e-11 0.0553178 0.0423876 0.119525 0.0071602 0.0254835 1.75778e-10 0.0288914 1.7705e-10 0.0220831 3.05596e-10 1.61423e-06 0.000289868 0.00331928 0.0055061 5.35222e-07 0.567819 6.70873e-06 0.0249601 1.36024e-10 4.06561e-06 4.77584e-06 0.00693989 0.0290105 1.47029e-06 
0.000610975 1.15972e-07 1.7851e-06 1.20815e-05 6.59897e-06 8.52201e-08 0.0117631 0.0093362 5.05359e-05 8.88704e-05 3.92254e-05 8.13364e-05 1.44594e-07 3.47565e-05 7.95809e-05 6.45429e-07 5.2443e-07 0.00089419 0.0194742 0.00318163 1.04037e-05 0.950667 0.00288007 3.3099e-05 0.000185501 0.000196101 2.35419e-05 2.41114e-05 0.00032291 4.92826e-07 
4.67866e-07 0.00471265 1.01749e-05 6.87456e-07 0.0642678 5.43193e-10 0.00219364 0.0373284 2.98405e-06 1.62719e-09 0.0129372 1.99664e-06 9.21643e-10 2.38347e-09 1.10627e-09 4.11397e-09 0.0307192 1.16527e-06 0.54063 4.33262e-09 0.00150424 9.94386e-10 1.06853e-05 4.61425e-06 1.83117e-09 1.26985e-09 0.0461723 0.196875 0.062626 3.14127e-09 
3.23158e-07 0.0187885 0.0424986 6.9389e-08 5.62744e-11 4.03498e-11 0.0553178 0.0423876 0.119525 0.0071602 0.0254835 1.75778e-10 0.0288914 1.7705e-10 0.0220831 3.05596e-10 1.61423e-06 0.000289868 0.00331928 0.0055061 5.35222e-07 0.567819 6.70873e-06 0.0249601 1.36024e-10 4.06561e-06 4.77584e-06 0.00693989 0.0290105 1.47029e-06 
3.70115e-06 0.0123893 0.000113284 3.97275e-06 6.28898e-09 4.50931e-09 0.0293544 0.0773081 9.26678e-06 0.00464085 1.02831e-05 0.000434169 4.08846e-05 0.000348521 0.00138215 3.41521e-08 2.77495e-08 0.001214 5.28278e-09 0.000116557 1.56257e-05 0.860968 1.1274e-08 0.00825816 1.21212e-05 1.05417e-08 1.02827e-05 0.00335515 1.13911e-05 2.60772e-08 
0.000508782 0.0199986 0.00985425 1.5373e-06 5.97618e-11 4.28503e-11 0.000863678 0.00228409 0.0192936 0.00306254 0.00383307 1.86672e-10 0.00101451 1.88022e-10 0.000120953 3.24534e-10 0.000164278 0.000592547 0.0443425 0.000182817 0.000136349 0.838064 0.00696644 0.00526725 0.000145169 0.0053341 0.0338506 0.00110556 0.0028674 0.000145039 
0.000300284 0.000131039 0.000139542 5.18789e-10 0.0712445 4.22646e-10 0.0467939 0.00014258 3.64102e-05 1.26608e-09 2.88794e-07 2.458e-05 0.000268791 0.0105584 2.296e-05 1.35203e-06 2.60089e-09 1.2181e-09 4.42179e-05 3.37111e-09 0.546555 6.83589e-06 3.38419e-05 0.00120102 2.78104e-06 9.88044e-10 0.319533 0.00251795 0.000441148 2.44415e-09 
3.23158e-07 0.0187885 0.0424986 6.9389e-08 5.62744e-11 4.03498e-11 0.0553178 0.0423876 0.119525 0.0071602 0.0254835 1.75778e-10 0.0288914 1.7705e-10 0.0220831 3.05596e-10 1.61423e-06 0.000289868 0.00331928 0.0055061 5.35222e-07 0.567819 6.70873e-06 0.0249601 1.36024e-10 4.06561e-06 4.77584e-06 0.00693989 0.0290105 1.47029e-06 
3.23158e-07 0.0187885 0.0424986 6.9389e-08 5.62744e-11 4.03498e-11 0.0553178 0.0423876 0.119525 0.0071602 0.0254835 1.75778e-10 0.0288914 1.7705e-10 0.0220831 3.05596e-10 1.61423e-06 0.000289868 0.00331928 0.0055061 5.35222e-07 0.567819 6.70873e-06 0.0249601 1.36024e-10 4.06561e-06 4.77584e-06 0.00693989 0.0290105 1.47029e-06 
6.23994e-07 0.00377751 1.87158e-07 9.12168e-05 1.07836e-05 6.99481e-08 0.00634929 0.0123552 1.58994e-07 3.43921e-05 5.05708e-06 0.000267514 2.46137e-07 1.4656e-05 7.81163e-06 5.29764e-07 2.52646e-05 6.6571e-05 0.000587034 5.57921e-07 0.000516479 0.958377 1.74882e-07 0.00731345 2.35804e-07 0.000206091 0.00336329 1.6651e-06 0.00645323 0.000173244 
0.000131996 0.00382185 0.00234759 2.59922e-05 0.000643515 7.905e-09 0.0304854 0.0869511 6.06418e-05 0.0044777 9.38309e-05 0.00141394 1.34125e-08 6.69084e-05 0.0010222 5.98698e-08 4.8646e-08 0.000153759 9.26091e-09 0.0045835 0.00153744 0.855266 1.97638e-08 0.000585301 2.66487e-08 1.848e-08 0.000310533 0.00527615 0.000744078 4.57144e-08 
0.000116999 0.00880013 0.0114148 3.77628e-05 1.10433e-05 4.13253e-11 1.91041e-06 0.0326674 2.28291e-06 0.0033134 0.000160871 0.000793261 0.000648592 6.22613e-07 0.00647296 3.12984e-10 2.54309e-10 0.00157166 0.000127596 2.53477e-06 0.0183753 0.70658 1.34239e-08 0.193074 1.24413e-07 6.85133e-07 1.63377e-07 2.34058e-06 1.20324e-06 0.0158226 
0.00337412 0.206594 6.64384e-06 8.64641e-09 9.82409e-09 7.04405e-09 3.01911e-05 0.00011268 2.11882e-05 2.05065e-05 0.217033 2.51991e-05 1.19517e-08 0.000108037 1.6343e-05 5.33493e-08 4.33479e-08 0.00370642 0.00015068 5.61848e-08 0.0116156 0.000146569 0.0641944 5.48629e-05 2.37463e-08 1.64673e-08 7.51111e-09 0.034371 0.458416 2.7681e-06 
5.9707e-06 2.05162e-06 8.03799e-07 1.2769e-07 8.94251e-07 5.77601e-11 5.02396e-07 0.130498 1.18292e-07 0.0510213 4.07817e-05 2.51624e-10 0.0370832 2.53444e-10 0.00575992 4.37456e-10 4.86996e-06 3.99692e-07 4.06072e-07 0.00365148 9.40066e-07 0.770027 1.4441e-10 1.6059e-06 1.73317e-06 1.35029e-10 6.15899e-11 7.99818e-07 0.00189059 6.44702e-06 
1.4964e-06 1.52663e-07 1.28921e-11 1.00717e-05 0.00126662 4.81829e-12 1.23909e-09 1.23346e-08 4.36102e-10 1.44336e-11 5.0653e-07 2.09902e-11 0.000223169 5.73462e-09 9.81297e-12 3.64921e-11 1.99807e-08 9.15703e-09 5.64475e-12 1.01259e-07 3.16843e-10 4.83486e-08 1.20465e-11 0.000100717 0.998217 0.000169134 5.32554e-07 8.17104e-06 2.12e-06 2.7864e-11 
3.58174e-05 0.00589985 7.17636e-08 2.46798e-05 3.37358e-07 4.73896e-11 0.00956085 0.173328 0.000197731 0.00328123 0.000536018 0.00962278 0.000529773 1.11503e-07 0.00913448 3.58913e-10 2.91628e-10 0.00949154 0.0116438 0.00408368 0.000320643 0.731286 8.33727e-08 0.0199881 0.00130529 1.67394e-08 0.00619853 0.00149277 0.00171298 0.000325288 
3.23158e-07 0.0187885 0.0424986 6.9389e-08 5.62744e-11 4.03498e-11 0.0553178 0.0423876 0.119525 0.0071602 0.0254835 1.75778e-10 0.0288914 1.7705e-10 0.0220831 3.05596e-10 1.61423e-06 0.000289868 0.00331928 0.0055061 5.35222e-07 0.567819 6.70873e-06 0.0249601 1.36024e-10 4.06561e-06 4.77584e-06 0.00693989 0.0290105 1.47029e-06 
3.45498e-05 0.0348866 9.63613e-06 1.31949e-09 0.0128485 1.07496e-09 0.0763294 0.0368394 0.00602284 2.52414e-06 5.72042e-08 0.000752004 1.93966e-07 0.00238644 0.424826 8.1414e-09 1.36162e-05 0.00317159 2.44812e-06 8.57411e-09 0.0234504 0.285372 7.59811e-06 0.0487889 0.0226572 2.513e-09 9.93596e-05 0.0214951 2.76896e-06 6.21647e-09 
4.4913e-05 0.00279837 2.09017e-06 9.60971e-07 6.72724e-06 8.14754e-10 0.00558552 0.292387 0.000661054 0.0240754 5.87707e-08 3.54937e-09 1.18702e-05 3.57504e-09 0.0236427 6.17068e-09 3.6635e-05 2.34818e-09 3.05499e-06 1.24824e-05 0.00238544 0.592307 2.03702e-09 0.0411794 0.0120191 1.9047e-09 6.42871e-08 1.88946e-06 0.00278993 4.84978e-05 
0.0028085 0.00868567 0.00119876 5.65721e-07 1.75872e-05 4.60881e-07 0.00639886 0.554059 1.04759e-06 0.00278168 3.32988e-06 2.77544e-05 0.00456844 0.00026492 0.043823 1.96855e-05 1.60301e-05 0.0432979 5.39934e-07 0.00131788 0.00403283 0.233558 0.00435821 0.00606725 8.78146e-06 1.07743e-06 0.0176242 2.54987e-05 0.0650298 2.66526e-06 
0.0416547 0.0232053 0.00430367 0.000189405 0.0387322 8.63821e-11 0.63939 0.0639873 4.49695e-07 0.0163188 4.75356e-07 3.76312e-10 2.65577e-05 3.21001e-06 0.090519 9.23799e-07 1.39603e-06 2.4896e-10 0.000206972 6.89002e-10 3.32157e-06 0.0135162 2.1597e-10 0.0226524 4.01715e-07 2.0194e-10 0.0183147 0.0263766 0.000596318 4.99545e-10 
1.25663e-06 0.241092 0.00909815 2.93892e-10 3.33922e-10 2.39428e-10 0.449023 0.0682511 5.44226e-10 0.0423335 0.000302089 1.2363e-06 3.88994e-07 1.05058e-09 0.00516391 2.79253e-07 0.00136704 0.00043716 4.18454e-06 1.90973e-09 1.04349e-06 0.170603 5.9861e-10 0.00454235 1.02331e-06 5.59725e-10 2.55304e-10 0.00777629 7.62047e-07 1.38461e-09 
3.94556e-09 5.35835e-05 5.46673e-05 0.000462313 0.000363891 1.24098e-12 1.68712e-08 0.00140106 0.00306281 1.22676e-05 0.0010842 1.64629e-08 2.10559e-12 6.01868e-08 3.40585e-05 9.39881e-12 7.63681e-12 0.000193495 0.00569611 2.52553e-08 0.00116388 0.0287989 4.0711e-06 0.928091 4.18351e-12 0.000225194 0.000534388 0.0223822 0.000114591 0.0062675 
7.88466e-08 1.17178e-05 0.000774228 5.43647e-07 3.39537e-09 2.43455e-09 0.00417251 0.148259 5.53378e-09 4.6496e-06 0.0049893 4.12458e-06 1.2983e-06 1.06825e-08 5.33101e-06 1.84384e-08 1.49818e-08 1.57939e-05 2.85213e-09 2.10989e-05 1.04015e-05 0.829115 3.42021e-07 0.0125776 8.20715e-09 5.69137e-09 1.23444e-05 4.03989e-06 2.00618e-05 1.40789e-08 
5.17435e-05 0.000166135 1.32636e-07 2.50933e-05 0.000216306 5.20811e-10 0.131216 1.95343e-05 0.0283917 1.94237e-06 1.16823e-07 1.10975e-06 0.00091736 1.13324e-05 0.000880197 3.94445e-09 3.20498e-09 0.000265245 0.000583895 4.1541e-09 0.00677999 0.000435711 0.00839425 0.430725 1.19007e-05 1.15175e-06 0.37597 0.0114193 0.00351485 7.05676e-08 
3.23158e-07 0.0187885 0.0424986 6.9389e-08 5.62744e-11 4.03498e-11 0.0553178 0.0423876 0.119525 0.0071602 0.0254835 1.75778e-10 0.0288914 1.7705e-10 0.0220831 3.05596e-10 1.61423e-06 0.000289868 0.00331928 0.0055061 5.35222e-07 0.567819 6.70873e-06 0.0249601 1.36024e-10 4.06561e-06 4.77584e-06 0.00693989 0.0290105 1.47029e-06 
3.23158e-07 0.0187885 0.0424986 6.9389e-08 5.62744e-11 4.03498e-11 0.0553178 0.0423876 0.119525 0.0071602 0.0254835 1.75778e-10 0.0288914 1.7705e-10 0.0220831 3.05596e-10 1.61423e-06 0.000289868 0.00331928 0.0055061 5.35222e-07 0.567819 6.70873e-06 0.0249601 1.36024e-10 4.06561e-06 4.77584e-06 0.00693989 0.0290105 1.47029e-06 
2.46508e-05 7.12549e-08 1.40099e-07 0.000107832 0.000136286 5.23605e-08 7.36272e-05 0.0124012 1.19017e-07 4.13319e-06 0.123206 0.0051837 7.23926e-05 2.29751e-07 1.06638e-07 3.96561e-07 3.22217e-07 1.50907e-07 6.13416e-08 4.17638e-07 0.20117 0.642227 0.000162748 0.00248208 0.000205168 1.22406e-07 0.000310462 0.0105596 0.00167039 3.02799e-07 
3.23158e-07 0.0187885 0.0424986 6.9389e-08 5.62744e-11 4.03498e-11 0.0553178 0.0423876 0.119525 0.0071602 0.0254835 1.75778e-10 0.0288914 1.7705e-10 0.0220831 3.05596e-10 1.61423e-06 0.000289868 0.00331928 0.0055061 5.35222e-07 0.567819 6.70873e-06 0.0249601 1.36024e-10 4.06561e-06 4.77584e-06 0.00693989 0.0290105 1.47029e-06 
1.83625e-05 0.0168062 0.00194946 6.29532e-06 0.627775 8.63886e-08 0.0352246 0.115896 1.96363e-07 0.0306919 0.00299789 0.000374657 3.81481e-05 0.000116149 0.00176002 6.54279e-07 5.31621e-07 2.69478e-05 1.01206e-07 0.000481035 0.017123 0.0973426 2.15986e-07 3.75621e-05 2.51955e-05 2.01955e-07 0.000863691 0.0171884 0.0332547 4.99583e-07 
3.58174e-05 0.00589985 7.17636e-08 2.46798e-05 3.37358e-07 4.73896e-11 0.00956085 0.173328 0.000197731 0.00328123 0.000536018 0.00962278 0.000529773 1.11503e-07 0.00913448 3.58913e-10 2.91628e-10 0.00949154 0.0116438 0.00408368 0.000320643 0.731286 8.33727e-08 0.0199881 0.00130529 1.67394e-08 0.00619853 0.00149277 0.00171298 0.000325288 
3.23158e-07 0.0187885 0.0424986 6.9389e-08 5.62744e-11 4.03498e-11 0.0553178 0.0423876 0.119525 0.0071602 0.0254835 1.75778e-10 0.0288914 1.7705e-10 0.0220831 3.05596e-10 1.61423e-06 0.000289868 0.00331928 0.0055061 5.35222e-07 0.567819 6.70873e-06 0.0249601 1.36024e-10 4.06561e-06 4.77584e-06 0.00693989 0.0290105 1.47029e-06 
5.17435e-05 0.000166135 1.32636e-07 2.50933e-05 0.000216306 5.20811e-10 0.131216 1.95343e-05 0.0283917 1.94237e-06 1.16823e-07 1.10975e-06 0.00091736 1.13324e-05 0.000880197 3.94445e-09 3.20498e-09 0.000265245 0.000583895 4.1541e-09 0.00677999 0.000435711 0.00839425 0.430725 1.19007e-05 1.15175e-06 0.37597 0.0114193 0.00351485 7.05676e-08 
0.000273553 9.26426e-05 0.000266999 4.90354e-06 1.88746e-05 1.58908e-09 8.34779e-05 0.39656 3.61202e-09 3.91074e-06 0.561685 6.92261e-09 2.69621e-09 1.57412e-05 1.41529e-05 1.20352e-08 9.77892e-09 4.57985e-09 0.0353649 4.49391e-07 7.8603e-05 0.00132059 1.50236e-05 0.000791232 5.35698e-09 3.71488e-09 5.83697e-05 5.71407e-06 0.00190015 0.00144596 
1.75409e-06 0.0403371 4.63664e-06 9.44911e-09 0.00260549 1.19239e-09 0.0131986 0.0102754 5.55711e-06 1.14736e-05 0.000825262 6.85374e-07 0.00133946 1.52493e-06 0.890749 9.03079e-09 7.33778e-09 3.11867e-05 6.79712e-07 9.51077e-09 0.0187789 2.18283e-09 0.00481268 1.39306e-06 4.0197e-09 3.03874e-05 0.00284084 9.27019e-05 0.0140548 6.89558e-09 
0.000108224 0.339219 0.538922 1.94103e-05 0.000132172 2.19792e-08 0.0680956 0.0189453 0.000667617 0.000156558 4.14252e-05 5.55066e-05 3.72923e-08 9.6442e-08 4.4763e-08 1.66463e-07 1.35256e-07 6.33457e-08 0.000814019 1.7531e-07 0.000488309 3.16408e-05 5.49516e-08 1.74185e-05 3.90258e-06 6.95412e-06 0.0293501 0.0024952 0.00041698 1.19486e-05 
7.98454e-06 1.49075e-10 2.93106e-10 0.000782157 0.000483696 1.09545e-10 0.00141174 0.0279486 0.00821414 1.30242e-06 0.00130546 0.000877272 0.00195463 9.26135e-06 2.23101e-10 8.29658e-10 6.74122e-10 0.00222598 9.11936e-07 1.2352e-06 1.5194e-07 0.792678 1.57311e-07 0.152643 6.31683e-05 2.5609e-10 3.447e-07 0.00775883 0.00163155 8.1641e-07 
0.000479604 0.312852 0.000882605 5.71404e-06 0.00013653 4.95235e-11 0.486381 0.136154 1.12568e-10 0.00428208 0.000648039 4.43906e-07 1.3966e-07 0.000556225 0.0220227 3.92066e-08 5.98407e-09 2.18573e-05 1.97195e-07 7.23707e-08 0.00367361 0.0214293 0.000425718 0.00459208 0.000105717 2.46655e-07 3.88996e-05 0.00531058 1.02604e-07 1.1678e-07 
7.4758e-05 6.44978e-05 0.0023309 5.97485e-06 1.79114e-08 1.28428e-08 0.0434767 0.159085 1.39333e-05 0.0167713 4.98407e-05 3.09336e-05 2.17905e-08 1.53938e-05 3.56201e-05 9.72671e-08 7.90324e-08 0.00399619 6.40766e-05 0.000175127 0.00010073 0.759636 0.00452945 0.000134249 4.32946e-08 8.33995e-05 9.12458e-06 0.00929972 1.71153e-05 7.42696e-08 
0.00102325 0.0213228 0.000185914 0.000118452 0.000724525 2.50092e-07 0.0515276 0.0196665 5.68465e-07 0.0277052 0.00133315 1.08949e-06 4.24333e-07 0.000963089 0.0467236 1.89411e-06 1.53902e-06 0.000300024 0.00123044 1.99478e-06 9.24226e-06 0.575594 6.25271e-07 0.247496 7.86409e-05 1.40721e-05 0.00108917 0.000106265 0.00264467 0.000134904 
3.23158e-07 0.0187885 0.0424986 6.9389e-08 5.62744e-11 4.03498e-11 0.0553178 0.0423876 0.119525 0.0071602 0.0254835 1.75778e-10 0.0288914 1.7705e-10 0.0220831 3.05596e-10 1.61423e-06 0.000289868 0.00331928 0.0055061 5.35222e-07 0.567819 6.70873e-06 0.0249601 1.36024e-10 4.06561e-06 4.77584e-06 0.00693989 0.0290105 1.47029e-06 
3.23158e-07 0.0187885 0.0424986 6.9389e-08 5.62744e-11 4.03498e-11 0.0553178 0.0423876 0.119525 0.0071602 0.0254835 1.75778e-10 0.0288914 1.7705e-10 0.0220831 3.05596e-10 1.61423e-06 0.000289868 0.00331928 0.0055061 5.35222e-07 0.567819 6.70873e-06 0.0249601 1.36024e-10 4.06561e-06 4.77584e-06 0.00693989 0.0290105 1.47029e-06 
0.003819 0.17622 0.022998 1.18089e-08 3.34417e-06 9.62043e-09 0.130716 0.32251 1.98977e-06 0.000486169 2.97125e-05 0.000193563 2.76908e-05 4.22133e-08 0.0613687 2.40373e-06 4.00104e-07 0.00127165 0.000667646 0.00165352 0.0100989 0.200378 0.000140283 0.0255607 1.56036e-05 1.79329e-05 0.000294704 0.00442386 0.0370994 5.56347e-08 
3.23158e-07 0.0187885 0.0424986 6.9389e-08 5.62744e-11 4.03498e-11 0.0553178 0.0423876 0.119525 0.0071602 0.0254835 1.75778e-10 0.0288914 1.7705e-10 0.0220831 3.05596e-10 1.61423e-06 0.000289868 0.00331928 0.0055061 5.35222e-07 0.567819 6.70873e-06 0.0249601 1.36024e-10 4.06561e-06 4.77584e-06 0.00693989 0.0290105 1.47029e-06 
