0.0125008 0.0111287 0.0102133 0.0642672 0.0487997 0.336514 0.0899842 0.0086695 0.00103463 0.00364445 0.0820746 3.38356e-08 0.00981516 0.000486392 0.00036524 8.88859e-11 0.0200249 0.00798806 0.0875642 0.000217776 0.00932794 0.00268342 0.00226296 0.0258045 0.00360299 0.0608228 0.0114619 0.0487827 0.0399558 1.91647e-06 
1.29692e-05 0.00123662 0.00234691 0.0242494 0.00258918 0.290739 0.0229239 0.0335638 0.00440589 0.00189289 0.0604313 8.54005e-09 0.141279 6.10538e-05 0.00216774 2.5364e-06 0.000379027 0.00573455 0.0235442 0.00069421 0.0253409 0.0393961 0.0166629 0.121317 3.21016e-07 0.0058035 0.048086 0.0613571 0.0637572 2.41106e-05 
0.00479998 0.00957497 0.00763988 0.000256618 0.134563 0.152022 0.0380139 0.0251543 0.00495393 0.00163934 0.0246815 0.00167913 0.0104715 0.000485849 0.0103122 8.39256e-05 0.00345481 0.00215147 0.0224081 0.000784357 0.0907401 0.00403725 0.00227651 0.0562158 0.00161245 0.139903 0.0420807 0.108193 0.0998097 8.60206e-07 
0.00092791 0.0133934 0.00750466 4.45111e-05 0.00101909 0.547709 0.102767 0.0189321 0.000569767 0.00110261 0.00297832 8.4827e-05 0.048957 0.00180344 0.0625597 0.0173853 0.00167443 8.47141e-05 0.00196135 0.000112728 0.0207478 4.85346e-05 0.0284911 0.0135649 8.58452e-05 0.000178294 0.0301077 0.0202698 0.0549342 2.58872e-09 
1.0165e-05 0.0144431 0.000474396 0.0614537 0.0158953 0.221672 0.0252959 0.0317354 0.0205259 3.16235e-05 0.204467 0.0733697 0.00396987 6.25224e-05 6.49429e-09 5.8551e-11 0.000107565 0.178854 0.00111531 1.22649e-05 0.00456262 0.00118575 0.00329549 0.00307137 1.68879e-07 0.000199944 0.0450219 0.0154408 0.0736317 9.43155e-05 
6.97954e-05 9.21402e-05 0.000111382 0.0526503 0.0252437 0.362125 0.00904219 0.0054743 0.00462494 1.28199e-06 0.164631 1.70729e-05 0.0040849 0.00137368 0.00108371 4.97352e-10 0.000547112 0.0626069 0.0291098 0.000711067 0.00343311 0.00604894 0.000583108 0.225904 1.32634e-07 0.000497862 0.012286 0.0233529 0.00427695 1.60285e-05 
0.0507627 0.00971053 0.00200647 0.00894344 0.0148664 0.272116 0.0862832 0.0195821 0.00407346 0.00998298 0.0680105 0.0011711 0.00915505 4.58932e-05 0.00800649 1.29958e-06 0.00537199 0.00153115 0.0198122 4.71894e-05 0.11565 0.00096049 0.0265021 0.0306331 0.0159391 0.0496466 0.0763014 0.0665201 0.0263652 2.1475e-06 
0.00435348 0.00276494 0.00265466 0.0210672 0.0157432 0.556663 0.0153076 0.00502253 0.004848 0.00101907 0.0106109 0.00167663 0.00165976 0.000121253 0.000272326 5.63857e-05 0.000186008 0.00103459 0.0260962 6.52948e-06 0.0875545 0.000184729 0.00214845 0.0073479 0.000257699 0.112738 0.00985928 0.0436411 0.065097 7.154e-06 
0.0159697 0.0139063 0.00294246 0.000126574 0.0320874 0.231554 0.0959794 0.0826343 0.0215332 0.00544252 0.0192835 0.00160069 0.00953926 0.00524774 0.0117745 9.02917e-06 0.0002461 0.00563427 0.0997147 0.00016714 0.11031 0.00472159 0.0153695 0.0312964 0.00216244 0.00633012 0.0212608 0.0948031 0.0583419 1.21052e-05 
0.0201509 0.00786591 0.000165709 0.0365965 0.00230774 0.373553 0.00917838 0.107866 0.0040778 9.65211e-05 0.0608432 3.09182e-05 0.00331652 1.42773e-05 3.62933e-07 3.06005e-07 0.105559 0.00639172 0.0319975 5.51759e-06 0.0196918 4.80122e-05 0.00173751 0.0111443 6.45432e-07 0.00656331 0.0344805 0.06108 0.0952353 2.6082e-08 
0.00803558 0.00528181 0.000789168 0.00333657 0.104396 0.135787 0.0676677 0.0255909 0.00270764 0.0016064 0.0710437 0.00304125 0.0304292 0.00308761 0.0111566 1.03456e-06 0.00129332 0.00404562 0.0769443 0.00231388 0.0678964 0.0277372 0.0105119 0.0786895 0.113314 0.0176576 0.0163291 0.0654223 0.04388 7.37009e-06 
1.70506e-07 7.24354e-05 2.52503e-06 0.00314833 0.00247184 0.881001 0.000174074 0.00461551 9.47172e-05 5.62935e-07 0.00649725 9.33634e-06 0.00242772 1.16218e-06 8.46193e-05 3.24412e-10 3.1474e-05 6.2824e-05 1.34517e-05 0.00257737 0.00207989 8.72611e-06 0.0875752 0.00115602 8.95834e-05 0.000122501 0.00218906 0.00142986 0.00206303 1.41231e-08 
0.0161539 0.00605045 0.00405608 0.0021554 0.0173581 0.630662 0.0262661 0.0252014 0.00178018 0.00176879 0.0133996 2.20059e-06 0.010366 0.000209917 0.0048312 0.0107394 0.00053222 0.000570441 0.016393 0.000556907 0.0212237 0.000767004 0.0172791 0.00957759 0.00016726 0.00520442 0.0455765 0.017815 0.0933359 2.4388e-07 
0.00101653 0.0257741 0.00403787 0.0010494 0.0623555 0.31881 0.21187 0.00338782 0.00878995 0.0219733 0.0224539 1.1093e-05 0.00340056 0.0010098 0.109074 2.01617e-08 0.0125274 0.0039431 0.00399612 7.70718e-05 0.0778768 0.000223849 0.0023886 0.0120551 0.000144206 0.0390064 0.00207497 0.0262017 0.0244702 1.53947e-08 
0.000677069 0.0218708 0.07 3.05676e-08 1.48735e-05 0.404417 0.0030911 0.0326963 0.00835237 0.00277462 0.00115989 0.00317612 0.0118376 0.00413508 0.00138507 1.22123e-09 9.92284e-10 0.000219947 0.00136013 0.194318 0.0294525 0.0031116 0.084029 0.0134677 0.000297045 2.69158e-06 0.0101946 0.0106174 0.087342 9.32485e-10 
0.00625762 0.0123554 0.00225436 2.88768e-05 0.0241689 0.418918 0.0734273 0.025618 0.0107397 0.0153431 0.0437652 0.00159588 0.0564319 5.66978e-05 0.00886227 1.64249e-05 0.000614267 0.000893008 0.0666824 0.00133741 0.0367015 0.0165919 0.0316492 0.0137154 0.003401 0.00572727 0.0195618 0.0381528 0.0651223 9.65576e-06 
0.0161539 0.00605045 0.00405608 0.0021554 0.0173581 0.630662 0.0262661 0.0252014 0.00178018 0.00176879 0.0133996 2.20059e-06 0.010366 0.000209917 0.0048312 0.0107394 0.00053222 0.000570441 0.016393 0.000556907 0.0212237 0.000767004 0.0172791 0.00957759 0.00016726 0.00520442 0.0455765 0.017815 0.0933359 2.4388e-07 
0.0161539 0.00605045 0.00405608 0.0021554 0.0173581 0.630662 0.0262661 0.0252014 0.00178018 0.00176879 0.0133996 2.20059e-06 0.010366 0.000209917 0.0048312 0.0107394 0.00053222 0.000570441 0.016393 0.000556907 0.0212237 0.000767004 0.0172791 0.00957759 0.00016726 0.00520442 0.0455765 0.017815 0.0933359 2.4388e-07 
0.000440624 0.00328228 0.000214753 2.08603e-06 0.024978 0.367544 0.108912 0.055698 0.000800586 0.00173219 0.00811118 1.46391e-05 0.00500686 0.00218139 0.0154875 2.41301e-08 3.01191e-05 0.00148258 0.116167 0.00118814 0.0306941 0.00469891 0.0229188 0.0240236 0.000513708 0.0133623 0.0228951 0.0246158 0.142962 4.1635e-05 
0.0361583 0.00269068 0.00110768 0.000248818 0.00401198 0.347651 0.0254826 0.0546426 0.000149764 0.124083 0.18023 0.000249808 0.0169753 0.000759256 0.000677997 1.21171e-10 3.24639e-05 0.0936188 0.0131651 5.01951e-05 0.00944915 0.00403314 0.000490004 0.0068145 0.00261564 0.000525241 0.0425023 0.0293087 0.0022758 5.2914e-09 
0.000113988 0.00106198 0.000355005 0.0135073 0.0227079 0.313723 0.00164687 0.00479808 0.00162714 0.000640473 0.222668 2.11874e-06 0.0666554 0.00279726 5.70614e-06 4.13618e-10 0.00277605 0.00566542 0.0377952 1.80398e-08 0.00196669 0.0212268 0.000539264 0.0756088 4.89318e-05 0.0195703 0.0345132 0.134757 0.0132213 7.46057e-08 
0.000563367 0.00943625 0.000904284 0.000872472 0.0116728 0.461172 0.0133573 0.0448416 0.00191623 0.00326699 0.105809 4.82848e-06 0.0583539 0.0163817 0.000821847 0.00217192 0.000713903 0.00486688 0.021468 0.000420102 0.0299936 0.0159127 0.0495719 0.0199355 0.00593224 0.00409262 0.032505 0.0614317 0.0215494 5.98906e-05 
1.89008e-06 7.97598e-05 3.84328e-07 0.00550966 0.00108528 0.754844 0.00159952 0.00074621 0.00171195 1.53841e-05 0.0433726 9.82136e-07 0.0132173 8.25516e-05 0.000280129 2.29229e-09 2.50462e-06 0.139218 0.00115093 0.000211272 0.00966204 0.000208843 0.00418796 0.00277502 6.15528e-09 0.000353457 0.000858183 0.00398118 0.0148421 3.10056e-07 
5.70474e-05 5.49337e-05 1.84951e-07 0.0105153 0.00341788 0.608001 0.000328087 0.00255045 0.00638292 1.03441e-05 0.095521 6.13382e-06 0.00770876 2.53332e-05 0.000147347 1.22268e-05 3.77715e-06 0.097808 0.0182171 7.04207e-06 0.0321011 2.73623e-05 0.00176451 0.0126001 1.19084e-08 0.000141014 0.00759617 0.0400926 0.0549025 6.35811e-08 
1.1214e-06 0.000907245 0.00012107 0.00453721 0.00105395 0.419088 0.0366165 0.00152104 0.00107428 0.000356434 0.211015 6.51549e-05 0.049494 2.70655e-05 0.00158566 4.75606e-09 8.37442e-06 0.072137 0.0116612 3.47573e-05 0.0293393 0.00142679 0.0154052 0.0139784 0.000186592 0.00148217 0.00144698 0.0473381 0.0780905 1.5359e-07 
0.00113704 1.12965e-05 0.00022731 0.0048366 0.0171171 0.652213 0.00700225 0.00785777 0.00410395 0.000470057 0.0847349 2.51589e-05 0.0227506 3.67895e-05 2.6142e-05 3.36982e-09 0.0174968 0.00890275 0.0224797 7.66964e-05 0.00120605 0.0268566 0.000199591 0.00789317 0.000443996 0.043802 0.00161041 0.0656201 0.000861759 4.61798e-07 
0.00138056 6.54118e-05 0.000100611 1.38682e-05 0.000471422 0.330934 0.000401218 0.273334 3.23424e-05 0.0027459 0.0966379 2.68964e-07 0.182177 0.00243801 3.32732e-05 4.67602e-07 0.000257712 0.00729624 0.000658322 0.00591563 2.40613e-05 0.0235411 0.000451859 0.00807505 0.00146628 0.00599503 0.032095 0.0224676 0.000981119 8.49912e-06 
0.0213153 0.00334625 0.00409201 0.016466 0.018733 0.197569 0.127136 0.0234624 0.0113555 0.00141458 0.0574539 0.0119416 0.0351097 0.000986176 0.0165094 5.5862e-07 0.00337028 0.0409143 0.108172 3.08003e-05 0.0296602 0.00202501 0.0191926 0.1064 0.000922136 0.0130695 0.003436 0.0832498 0.0426086 5.82919e-05 
7.23297e-06 2.46847e-05 4.12291e-11 0.000627472 0.00136021 0.79856 8.18479e-08 0.00157662 0.000271236 4.61589e-11 0.035711 0.000476305 0.0199922 5.03465e-06 4.27633e-05 1.16702e-10 2.32933e-05 0.000303281 0.00027096 0.000725746 0.000603385 1.35668e-07 0.0477467 0.00699086 8.54415e-07 0.00130705 0.0185966 0.0303548 0.0344202 7.05038e-07 
0.000210867 0.00291531 0.0150435 0.0100139 0.00550597 0.542453 0.0199881 0.00700886 0.0225633 0.000837748 0.0289392 1.50697e-05 0.0142853 0.000336969 0.00382345 0.0033562 0.00159302 0.0022987 0.017548 3.24966e-05 0.0213075 8.41163e-05 0.0662001 0.00880376 8.76796e-05 0.0147756 0.0914231 0.0194388 0.0791099 2.52014e-09 
0.000128232 0.00172168 0.000148924 0.000239262 0.00623788 0.477841 0.051278 0.00818751 0.000537568 0.000315416 0.0905398 3.7641e-07 0.00342463 2.24044e-05 3.77374e-05 5.35992e-09 1.10228e-05 0.050117 0.0881411 6.6889e-09 0.00151369 7.06098e-05 0.000487253 0.0381761 0.000163304 0.122354 0.0237539 0.0192606 0.0152908 5.16906e-09 
0.000522369 0.00265839 0.0004647 0.0131307 0.0242911 0.323045 0.010159 0.0195518 0.000369078 0.000926605 0.0298103 1.06196e-05 0.0192424 0.00193864 7.24341e-05 1.92913e-11 0.000292474 0.18964 0.0040877 2.43595e-05 0.000593853 0.024222 0.00387189 0.0195136 0.0023225 0.26266 0.00594728 0.0330696 0.00756219 5.00634e-09 
0.00627599 0.0086389 0.00758466 0.000158459 0.140161 0.362132 0.00861373 0.0150199 0.000847599 0.000821653 0.0159283 0.00165099 0.00221887 0.000241203 0.000705842 5.04239e-08 0.0070262 0.00863767 0.0245727 0.000249934 0.113231 0.00225639 0.00214252 0.00830398 0.0216929 0.100437 0.0585645 0.0551421 0.0267085 3.62885e-05 
0.00861128 0.00470669 0.000699108 0.0150277 0.0126201 0.303332 0.0253178 0.0547364 0.00232149 0.0134293 0.17826 0.000207559 0.110089 0.00188064 0.00801024 7.31395e-06 0.0156549 0.0129351 0.0170148 8.41262e-05 0.020687 0.0115367 0.0017931 0.0453386 0.00125984 0.00575948 0.0278943 0.0818811 0.0189031 1.59525e-06 
0.00756755 0.0327649 0.000505059 1.90692e-05 0.00746583 0.2482 0.0407461 0.0400026 0.00520519 0.00801855 0.0025381 0.00482262 0.00536603 0.000289448 0.00828261 4.18507e-06 8.50523e-07 0.000754376 0.00562801 7.2423e-05 0.190616 0.00692735 0.000395117 0.0711442 0.000273112 0.0215828 0.00830906 0.0866886 0.19581 1.03213e-07 
0.00784355 0.00684783 0.00527908 1.83796e-05 0.00389197 0.422953 0.0303443 0.156791 0.00104733 0.0247746 0.0260963 0.00257157 0.000595256 0.00053977 0.0576917 3.3985e-07 1.55166e-05 0.000111778 0.0216416 4.79443e-05 0.0297082 0.00151437 0.000453375 0.00316715 3.30368e-06 0.0074843 0.00073395 0.0837501 0.104082 7.25676e-07 
0.00664613 0.0076809 0.0048456 0.000185334 0.0230702 0.314138 0.0236169 0.0278188 0.00267566 0.00162626 0.0964613 7.23618e-05 0.0185909 0.00870952 0.000285586 1.43331e-05 1.80097e-05 0.0186356 0.022168 0.00223539 0.0564398 0.00363218 0.0124645 0.031019 4.85742e-05 0.0389081 0.106678 0.0430348 0.128197 8.27834e-05 
0.00226566 0.0126984 0.00314933 3.39299e-05 0.00588653 0.34812 0.0638155 0.0290421 0.000614403 0.0476184 0.00805462 0.00308551 0.00869692 2.38602e-06 0.0546587 3.95591e-05 6.93364e-06 1.27212e-05 0.00583421 5.19679e-05 0.159835 0.00769157 0.0855163 0.00902551 0.000509571 4.77168e-05 0.00943675 0.0609059 0.0733431 4.13804e-07 
2.88668e-07 0.00367531 3.56798e-09 3.6226e-06 0.0133728 0.430139 0.0150839 0.0292856 0.28895 0.0009398 0.00194837 0.00318473 0.00339249 0.000115143 0.0113357 1.00994e-08 8.20608e-09 0.000701799 3.226e-06 0.00031885 0.00076613 0.133348 0.00315735 0.0268751 4.97677e-06 5.74799e-06 0.00101634 0.0133528 0.0185171 0.000506057 
0.00240755 0.0035926 0.000579648 0.00941387 0.00695036 0.640603 0.0204199 0.0247197 0.00426912 0.00186259 0.0669183 2.51652e-05 0.0389314 0.000371939 0.00327867 0.000262862 0.00210019 0.00606582 0.0226989 0.000768918 0.0173831 0.00660027 0.00378052 0.0146696 0.00051839 0.0127362 0.0124107 0.0618314 0.0138268 2.91651e-06 
0.00176749 0.0020796 0.00726557 1.9268e-05 0.000685552 0.528893 0.0595484 0.0162865 0.0023993 0.037862 0.070461 4.67889e-05 0.0885783 2.10561e-05 0.00553874 5.18314e-07 2.70354e-05 0.000329442 0.000857642 2.16162e-08 0.0128804 0.00237573 0.0203055 0.0141836 0.000290281 0.0133796 0.0367446 0.0516812 0.0254919 1.56752e-07 
0.000381831 0.00348701 0.00109301 0.000134314 0.0574092 0.423607 0.0447155 0.00793085 9.79374e-05 0.00355511 0.0196891 4.73861e-05 0.0842764 0.00085535 0.0114901 2.17701e-07 0.00688621 0.0115654 0.0106058 8.99602e-05 0.0221791 0.00142808 0.00352181 0.0278806 8.9336e-05 0.00147179 0.0236778 0.0525073 0.179326 3.93236e-07 
0.00610823 0.00417156 0.00110889 0.00263128 0.0218582 0.304179 0.010699 0.0438196 0.00986195 0.000387083 0.0686231 1.0099e-06 0.0068821 0.00183179 0.00109816 2.80916e-06 0.00373689 0.00102921 0.0225048 0.000450511 0.0493114 0.0021296 8.79379e-05 0.252089 0.000195158 0.0211649 0.0609198 0.0778657 0.0252284 2.2559e-05 
0.00509786 0.00414326 0.00118914 0.0114825 0.00151761 0.447223 0.0229211 0.0152916 0.0109988 0.00105713 0.0392676 0.000147526 0.0198113 0.0024919 0.00121997 2.53207e-06 0.00122687 0.000674783 0.0126147 5.24661e-06 0.120698 7.85561e-05 0.0096189 0.0328483 0.000250969 0.0097488 0.0519917 0.124466 0.0519129 1.19417e-06 
0.0022469 0.00359458 0.00311436 7.72271e-06 0.0099481 0.306089 0.0396013 0.0300767 0.0187908 0.00031133 0.0143228 0.000665416 0.00584492 0.000854402 0.00230449 0.000208727 7.67504e-05 0.000479459 0.144927 0.000679425 0.176837 0.000620129 0.00627249 0.0364453 1.71089e-05 0.00504364 0.0358154 0.0895619 0.0652338 8.33643e-06 
1.08313e-05 0.00475047 1.86636e-06 2.96752e-05 0.00110766 0.306876 0.0121714 0.00971883 0.000203314 5.88649e-05 0.0281564 8.11959e-09 0.0888533 3.52122e-07 0.180172 1.68474e-05 2.29307e-06 0.000641815 0.00758221 0.00432853 0.0186463 0.00312646 0.00038542 0.00880843 0.00016396 0.0594064 0.0133091 0.134984 0.116487 4.27479e-07 
0.00951781 0.000315347 0.000316818 0.00186623 0.0118849 0.49976 0.0065011 0.00596989 0.000481891 0.020564 0.205848 8.97179e-05 0.0713001 0.000457515 0.00046875 5.32675e-08 3.53725e-05 0.00116506 0.00147549 0.00246201 0.00442612 0.0406533 0.0052224 0.0384298 0.000647539 0.000366574 0.00286594 0.0445731 0.0108837 0.0114518 
1.46647e-09 0.0010604 5.61269e-05 2.20285e-09 0.000118733 0.378366 0.0496281 0.0161732 0.00633737 7.18418e-05 1.25459e-05 0.000487604 0.00329219 3.06629e-07 0.00149024 1.35918e-08 1.10437e-08 7.40155e-07 0.16593 0.000311102 0.259309 0.00119788 0.00148807 0.00247121 1.16917e-06 8.8038e-05 0.00170394 0.0613802 0.0490232 1.03782e-08 
0.000230401 0.000579222 0.000307589 0.0293107 0.218167 0.415908 0.00506046 0.00364058 0.00450693 0.000557002 0.048946 4.84254e-05 0.00384651 0.00382639 1.10919e-06 3.66733e-09 0.000115203 0.0189608 0.117695 8.8628e-05 0.0413543 9.54327e-06 0.00109922 0.00991105 0.00183385 0.00109219 0.00543767 0.0602727 0.00719342 9.76674e-08 
0.00553529 0.0244627 4.04155e-05 0.150259 0.00114708 0.165707 0.034435 0.0133031 3.63631e-05 1.76328e-05 0.126435 0.000283301 0.000403737 1.9386e-05 0.000133408 1.04928e-09 0.00601004 0.147225 0.0935878 6.44037e-07 0.00550292 0.00159721 4.39701e-05 0.0198089 9.96983e-05 0.1465 0.000100336 0.0539945 0.00329994 9.98645e-06 
1.20556e-05 0.00257116 2.74525e-05 0.0607377 0.00041129 0.547182 0.00257329 0.00545023 0.00213072 0.000379216 0.0474258 9.05989e-06 0.117778 0.00104292 0.0123515 0.00014295 5.8717e-05 0.00963755 0.00337578 0.000311114 0.0166519 0.00142283 0.019872 0.00242316 1.0158e-05 0.000206951 0.0238575 0.0376414 0.0843052 4.43742e-07 
0.012581 0.0198281 0.0325524 0.0151344 0.102901 0.178883 0.0911578 0.0373559 0.00948499 0.0273175 0.0542443 8.79752e-05 0.00486085 0.00150234 0.00319958 3.51027e-09 0.00124035 0.0160231 0.0197184 0.00217946 0.124722 0.00105797 0.00756332 0.0184018 0.000615298 0.0702488 0.076172 0.0202035 0.0507485 1.43674e-05 
1.92499e-11 7.89658e-07 6.50829e-08 1.11064e-07 0.00810207 0.777948 0.000773971 0.00247971 0.00635079 7.0568e-11 0.00671126 1.02624e-10 6.91011e-07 1.60521e-06 0.000385753 1.91305e-07 2.57973e-07 0.000305673 0.0200514 0.000138373 0.0666499 0.000189267 0.000262774 0.00876784 2.91668e-07 0.00343875 0.0503421 0.00069674 0.0464014 1.05572e-08 
0.00139636 0.00239373 0.00034944 2.30377e-07 0.000276891 0.296555 0.00611473 0.0572534 1.37043e-05 0.00284843 4.29621e-05 0.27505 0.0244346 0.00243683 4.45062e-06 1.37259e-09 1.11527e-09 0.000100181 0.0151144 1.44554e-09 0.00630729 3.15723e-06 0.013969 0.0065836 6.10952e-10 9.30658e-06 0.252467 0.022202 0.0140732 5.82246e-08 
0.000139133 0.00216933 0.00585491 6.28932e-05 0.0478797 0.667608 0.0134797 0.00211666 0.00331281 0.00319522 0.00774759 5.297e-05 0.0123111 3.99079e-08 0.00893901 0.0173901 1.38808e-06 0.000538511 0.00358449 5.30075e-05 0.00998857 0.00850943 0.00276807 0.0403372 0.000498206 0.000731116 0.00941291 0.0442112 0.0835638 0.0035432 
3.53462e-08 4.57208e-07 1.28655e-09 3.01315e-05 0.000280727 0.385671 1.14007e-06 0.0015113 0.00361667 1.44038e-09 0.109772 2.96992e-05 0.00394554 0.203221 7.5548e-06 3.64167e-09 4.569e-05 0.192591 0.000457686 3.83522e-09 0.00118535 0.00591428 0.00391366 0.0138032 3.04161e-09 0.00377305 0.0611062 0.00395839 0.00514084 2.31571e-05 
6.61018e-09 0.000126755 4.10446e-08 0.00360906 0.0151695 0.765736 0.00148611 0.00254537 0.00109416 1.92868e-05 0.0361713 0.000147949 0.00420256 0.000146289 5.0291e-05 0.00350901 9.72452e-06 0.000130179 0.00247321 0.000267519 0.0172619 1.03226e-05 0.00144552 0.00191877 7.50261e-07 3.56115e-05 0.108871 0.0109989 0.022563 3.58199e-07 
3.94085e-07 0.00039827 0.000184157 2.07842e-05 0.00587566 0.695898 1.48579e-05 0.00396882 0.00297334 0.00131952 0.0242902 1.04701e-06 0.113497 4.38315e-06 0.0135561 0.0288442 0.000307438 0.00732878 5.15703e-06 3.28375e-08 0.00381191 0.00395859 0.00747934 0.000698541 2.00738e-06 0.00588002 0.0766366 0.00293481 0.000109855 2.38081e-08 
0.00287934 0.00974689 0.00106855 5.2207e-05 0.000779399 0.70345 0.0127287 0.00247159 0.00129722 0.0409593 0.0177898 2.65907e-05 0.0287908 0.00109954 0.00320634 0.00189378 0.000360818 0.00157405 0.000480252 0.00146622 0.00560604 0.0902001 0.00256156 0.00648852 0.000276702 0.00101566 0.0153013 0.0318067 0.0146206 1.53984e-06 
0.000302305 0.017222 0.002727 0.00334114 0.010224 0.317706 0.0138569 0.024608 0.00131864 0.0208962 0.0790037 0.000545159 0.000618589 0.00117078 0.0176433 3.38407e-09 0.000623692 0.0688929 0.12765 0.000140682 0.00758922 0.00122859 0.000813393 0.0732311 0.000188604 0.0550015 0.0248428 0.116243 0.0123698 2.58395e-09 
1.55907e-05 0.0031827 4.26329e-05 0.00199255 0.00525001 0.671097 0.00460132 0.00540434 0.024333 0.00119343 0.048942 2.9263e-06 0.00807099 0.00249221 7.26369e-05 0.00492443 2.58956e-05 0.00951812 0.00891919 2.02299e-06 0.00713881 5.09181e-05 0.00192835 0.00273575 0.000367541 0.0123165 0.136225 0.0195206 0.0196324 3.61518e-07 
3.00023e-11 0.00122093 0.00206132 7.36945e-05 0.000112871 0.554483 0.00224547 0.00373845 0.00528425 4.74899e-07 0.0257416 1.09151e-07 0.0543747 0.000324128 0.0021077 7.46469e-07 1.05998e-07 0.000515316 0.00223908 0.000717422 0.00249021 4.52299e-05 0.00513095 0.00155371 1.23773e-10 0.00539166 0.013695 0.0615379 0.254913 8.56243e-08 
0.000251232 0.00194773 3.20729e-07 0.0365704 0.0083293 0.29218 0.0305963 0.0239328 0.00376583 0.00289696 0.0883948 5.22747e-06 0.155923 0.0123529 0.000489969 2.87375e-10 0.00225523 0.0624917 0.020367 2.56622e-07 0.0393536 0.0511481 0.00271049 0.0282921 0.000299521 0.0235774 0.0175218 0.0224141 0.0717659 0.000165957 
0.00111111 0.0433309 0.0558822 4.94794e-05 0.00253235 0.219772 0.15206 0.0749104 0.0125284 0.00132182 0.0246298 0.00548406 0.00484724 0.000321697 0.0394575 1.11901e-07 8.06724e-05 0.0269196 0.0749981 0.0068614 0.0299707 0.0606856 0.00520353 0.051077 0.000386139 0.000854238 0.00158963 0.0290536 0.074081 1.12359e-07 
0.0056529 0.00249674 0.000920416 8.62581e-05 0.00738594 0.445408 0.0240803 0.0300127 0.00397071 0.000336545 0.105488 1.32769e-05 0.0220983 9.58298e-05 0.0729868 1.10223e-09 0.00287078 0.0748039 0.00966562 0.00147976 0.0275382 0.00358533 0.0100592 0.00821117 0.000184122 0.00761396 0.0155509 0.0261122 0.0912917 8.41619e-10 
0.00151905 0.00934137 0.143731 0.000155764 0.000133945 0.427387 0.0264889 0.0730764 0.000333128 0.00118647 0.0272556 0.000117746 0.0323133 0.00175313 0.0382324 2.58804e-07 2.74071e-05 0.000807931 0.0043805 0.000460004 0.121446 0.0241573 0.000488366 0.0124687 0.00272244 0.00161408 0.00168261 0.0315322 0.015183 3.65189e-06 
0.00307218 0.000645184 0.00073946 0.00855497 0.00470025 0.319754 0.00483392 0.0105411 0.00269614 0.00260304 0.158549 0.00035097 0.15906 0.000340267 0.00306202 7.04837e-07 3.49343e-05 0.0206675 0.020577 0.0534123 0.021653 0.0209595 0.0278879 0.0259901 0.00244914 0.0115214 0.0303725 0.052437 0.0325062 2.87684e-05 
0.00112651 0.00545281 0.0197377 0.0140307 0.00744537 0.223287 0.0368609 0.0118922 0.00987305 0.00427922 0.135052 0.000166971 0.0612484 0.00549238 0.0648471 0.000181676 0.000196241 0.0027115 0.00914837 0.000529501 0.0186133 0.0164867 0.0119718 0.0546389 0.00497726 0.0386376 0.0447979 0.135405 0.0608611 5.17753e-05 
0.00574827 0.0309812 0.000888669 0.00166772 0.0149838 0.356592 0.0573658 0.026395 0.120653 0.0112401 0.02887 0.00184357 0.00245051 0.000316638 0.0166675 0.00300523 0.000843194 0.000954077 0.0088664 1.42504e-05 0.0167502 0.012752 0.0109076 0.128604 0.000625424 0.00162984 0.0505417 0.0209424 0.049282 0.017619 
3.97703e-06 0.00346139 0.000129352 0.0411822 0.0012157 0.216168 0.0127213 0.102766 0.00171518 2.48233e-06 0.0561991 0.00154175 0.00463514 0.000166276 0.0145024 3.15541e-06 9.29912e-06 0.130403 0.0158185 0.000841003 0.0418959 0.135002 0.000295007 0.0584777 2.10301e-05 0.0315274 0.00730873 0.0440322 0.0778192 0.000135171 
0.0205045 0.00196895 0.00256273 0.00827121 0.14782 0.24407 0.0366962 0.0159188 0.0030102 0.0146074 0.0676551 0.00148052 0.0171146 0.000790062 0.00722366 1.66773e-06 0.00559345 0.0029333 0.0266206 0.00164133 0.0335842 0.02884 0.0211153 0.0385313 0.00641322 0.00970645 0.0773584 0.112036 0.045911 2.03521e-05 
0.000522369 0.00265839 0.0004647 0.0131307 0.0242911 0.323045 0.010159 0.0195518 0.000369078 0.000926605 0.0298103 1.06196e-05 0.0192424 0.00193864 7.24341e-05 1.92913e-11 0.000292474 0.18964 0.0040877 2.43595e-05 0.000593853 0.024222 0.00387189 0.0195136 0.0023225 0.26266 0.00594728 0.0330696 0.00756219 5.00634e-09 
2.94422e-05 0.00356365 0.000222416 5.7334e-06 0.0153505 0.448714 0.00963549 0.0154254 0.12697 0.000221568 0.0455649 5.72e-05 0.00394655 3.5272e-05 0.0281811 0.0386087 9.5504e-05 0.0025719 0.00950435 0.0290416 0.0310808 0.000849199 0.00451644 0.00919152 1.39485e-05 0.00439064 0.0418201 0.0498915 0.080501 3.02831e-08 
1.39241e-05 0.00081817 0.00168657 0.000118206 0.00141325 0.433043 0.00897455 0.00454856 0.00154956 0.00135728 0.0184825 0.000310929 0.0190253 7.34739e-05 1.75215e-05 0.00229547 1.07938e-06 0.00360098 0.0058588 0.00412894 2.02994e-08 0.151195 0.00822756 0.0166737 0.110703 0.000109367 0.156259 0.0153242 0.0341897 1.44263e-07 
0.0056529 0.00249674 0.000920416 8.62581e-05 0.00738594 0.445408 0.0240803 0.0300127 0.00397071 0.000336545 0.105488 1.32769e-05 0.0220983 9.58298e-05 0.0729868 1.10223e-09 0.00287078 0.0748039 0.00966562 0.00147976 0.0275382 0.00358533 0.0100592 0.00821117 0.000184122 0.00761396 0.0155509 0.0261122 0.0912917 8.41619e-10 
0.00496431 0.0179961 0.00283537 0.0132443 0.00627002 0.571331 0.00920513 0.092049 0.00258754 0.0154436 0.0224064 3.26318e-05 0.0219658 0.00750767 0.0338553 1.66169e-07 1.4401e-05 7.9568e-06 0.000719191 0.00170942 0.00510463 0.0592956 0.00727087 0.0732401 0.00250314 0.00524258 0.000811432 0.0100253 0.0123115 4.98551e-05 
2.03616e-05 0.00266944 0.000278231 0.00136349 0.00635418 0.315122 0.0135413 0.0314666 0.000333397 0.000240884 0.1522 2.42153e-05 0.00287998 0.000882513 0.000130156 4.82106e-10 0.000101314 0.159748 0.0145172 5.07729e-10 0.00181495 0.00695667 0.000118289 0.0433492 0.000268355 0.155336 0.00644628 0.0772171 0.00613889 0.000482043 
8.27327e-05 0.000337216 6.90264e-05 0.00927708 0.0118375 0.312121 0.00125151 0.00755672 0.032678 4.86288e-06 0.182122 0.000881773 0.00753105 0.000303106 0.000136752 0.000385038 0.000191376 0.155102 0.100158 1.65574e-05 0.00945618 0.0102927 0.00097925 0.0440002 4.41758e-05 0.00122097 0.0186336 0.0459056 0.0296636 0.0177606 
0.000492459 0.0211195 5.73303e-06 0.00256259 0.0174967 0.701658 0.0268793 0.0281926 0.0180228 0.00409211 0.0982213 3.188e-06 9.27455e-05 0.00197947 3.8162e-07 5.51328e-09 0.000180972 2.87783e-05 0.000678613 5.80631e-09 0.000980647 4.20171e-06 0.000269355 0.0247169 3.39577e-09 0.000555091 0.0516502 1.13931e-06 0.000114954 6.07532e-08 
6.38299e-10 1.99631e-06 2.09003e-09 1.08836e-07 0.000109701 0.961331 0.000808371 3.24255e-07 6.11729e-06 2.33994e-09 7.61447e-10 2.92189e-05 1.32535e-09 2.40057e-07 0.00428522 5.91599e-09 4.80691e-09 2.25127e-09 9.15109e-10 0.0303519 0.00135051 2.93397e-06 0.00116395 0.000196476 2.00147e-07 5.75699e-07 0.000360121 6.70693e-07 3.97254e-07 4.51723e-09 
0.000984611 0.0229969 0.000622065 0.000527439 0.0110837 0.24225 0.0913522 0.0364861 0.0272967 0.000227917 0.164379 1.58813e-05 0.0278128 0.00588149 0.004073 2.86836e-05 0.000623251 0.00238241 0.0118445 0.000203597 0.0126856 0.0131689 0.0156514 0.019793 4.60228e-05 0.00181179 0.0741845 0.0446054 0.166694 0.000286986 
0.000166382 0.0439643 6.31158e-06 1.12769e-05 0.00136969 0.639057 8.93956e-05 0.0123561 0.0331047 1.88886e-05 0.00393077 1.64118e-05 0.00338723 1.49745e-05 0.00202123 7.31223e-06 9.98661e-06 0.0426769 0.00333147 0.000169953 0.0964805 0.0234262 0.000952325 0.0157718 2.75674e-06 0.000805584 0.00593386 0.0462584 0.0246566 1.34977e-06 
0.000522369 0.00265839 0.0004647 0.0131307 0.0242911 0.323045 0.010159 0.0195518 0.000369078 0.000926605 0.0298103 1.06196e-05 0.0192424 0.00193864 7.24341e-05 1.92913e-11 0.000292474 0.18964 0.0040877 2.43595e-05 0.000593853 0.024222 0.00387189 0.0195136 0.0023225 0.26266 0.00594728 0.0330696 0.00756219 5.00634e-09 
0.0450523 0.00833458 0.00473565 0.000315642 0.00394205 0.433207 0.0657283 0.0380448 9.58617e-05 0.00621881 0.0125221 1.39324e-05 0.0108689 0.0303408 0.00315001 0.0201008 0.000320572 0.00702113 0.00600245 0.000147764 0.0175839 0.00167431 0.00214235 0.0117351 0.00415493 0.114356 0.00787284 0.120987 0.023307 2.40286e-05 
4.29206e-10 0.0001228 1.36336e-05 1.58609e-05 5.73587e-05 0.51177 0.0207722 5.24613e-05 1.95812e-05 1.58916e-07 0.0007245 2.28816e-09 0.000134839 6.98351e-05 1.32656e-05 3.97804e-09 9.05359e-06 6.52462e-05 9.66703e-05 2.59789e-05 0.322757 0.00992408 6.30352e-05 8.55316e-05 1.22194e-05 8.10533e-06 0.132983 0.000138822 6.51147e-05 3.03748e-09 
0.00490644 0.00330258 0.0163804 1.9515e-05 0.112376 0.19462 0.0115265 0.0134839 0.00265576 0.0397124 0.0804009 9.14125e-06 0.0182296 3.12918e-05 0.000751442 1.21951e-09 0.000106029 0.000670406 0.103723 0.000169558 0.00376203 0.127467 0.0106364 0.0562064 0.000133358 0.0206115 0.101935 0.0588731 0.0172943 5.98999e-06 
0.000141271 0.00229597 3.01631e-06 0.121363 0.0863546 0.201532 0.0403632 0.0654742 1.28586e-06 2.01634e-06 0.09217 6.14611e-06 0.161244 4.28405e-07 0.0117882 3.75134e-08 3.07199e-05 0.0159207 4.83999e-07 1.65644e-07 0.00716227 2.98566e-07 0.00346699 0.0194125 6.36032e-06 0.00052264 0.0420042 0.0534649 0.0752627 5.36242e-06 
0.019499 0.0103113 0.0018744 0.0108857 0.0017478 0.245193 0.0812165 0.0405394 0.00147484 0.0017175 0.00706304 4.06759e-05 0.0382346 0.00147168 0.00847208 2.7486e-05 0.000148398 0.000722259 0.0647527 3.69961e-05 0.143975 0.0137637 0.0248191 0.0342331 3.6052e-05 0.000254907 0.0169367 0.0968508 0.133645 5.53903e-05 
0.0100676 0.0623952 0.000730931 1.00595e-07 0.000583244 0.190965 0.181594 0.0378917 0.0087591 0.00165195 0.0115926 0.00492256 0.00984762 0.000244286 0.153706 0.00183156 3.48659e-05 0.00639241 0.026768 0.00028609 0.0623696 0.0534265 0.00244936 0.0509509 0.000151347 0.00285083 0.0417521 0.0203758 0.0554088 1.69685e-07 
0.000522369 0.00265839 0.0004647 0.0131307 0.0242911 0.323045 0.010159 0.0195518 0.000369078 0.000926605 0.0298103 1.06196e-05 0.0192424 0.00193864 7.24341e-05 1.92913e-11 0.000292474 0.18964 0.0040877 2.43595e-05 0.000593853 0.024222 0.00387189 0.0195136 0.0023225 0.26266 0.00594728 0.0330696 0.00756219 5.00634e-09 
3.36837e-06 6.24032e-05 3.58388e-11 3.5598e-08 0.0131988 0.259528 2.63317e-08 0.00661344 0.028875 4.0124e-11 0.0128684 1.5713e-08 0.000733857 2.06277e-07 0.00122738 1.01444e-10 8.24264e-11 2.57433e-06 0.00974432 1.06836e-10 0.164219 6.40716e-08 0.00881207 0.00292516 7.17858e-05 0.246042 0.154257 0.0728185 0.0179973 7.74591e-11 
0.00585908 0.0093275 5.20297e-05 1.17162e-07 1.03911e-05 0.624994 0.0486761 0.0135983 5.14195e-05 0.0464675 0.00189854 1.27729e-08 0.0359864 0.0144397 0.0189073 2.2206e-08 1.8043e-08 8.04144e-05 0.00165633 0.00130518 1.51346e-05 0.0887149 0.00885144 0.00718765 0.00101635 0.000571489 0.010949 0.00838696 0.0509967 1.69557e-08 
0.000522369 0.00265839 0.0004647 0.0131307 0.0242911 0.323045 0.010159 0.0195518 0.000369078 0.000926605 0.0298103 1.06196e-05 0.0192424 0.00193864 7.24341e-05 1.92913e-11 0.000292474 0.18964 0.0040877 2.43595e-05 0.000593853 0.024222 0.00387189 0.0195136 0.0023225 0.26266 0.00594728 0.0330696 0.00756219 5.00634e-09 
0.000197992 0.00109127 0.000717453 0.000582706 0.00718845 0.278469 0.00187525 0.00231289 0.000539425 0.00030867 0.231756 0.000264349 0.0879603 0.000470624 0.015599 3.30412e-05 0.000781701 0.111714 0.0527213 0.00100681 0.0635737 0.00280317 0.00353956 0.0147667 0.000136706 0.000289432 0.0542115 0.0306656 0.0344217 2.88985e-06 
0.00161031 0.00233733 0.000189488 2.20256e-05 0.00517598 0.558063 0.00878978 0.00768075 0.00448923 2.39825e-06 0.0123283 2.38026e-05 0.00817103 0.000410922 0.00238648 0.000582093 0.0011871 0.000228634 0.00937878 1.32364e-07 0.0337742 0.000149035 0.00819809 0.00418425 0.00168192 0.0240722 0.0142085 0.147781 0.142894 1.39456e-07 
0.00738882 0.00293637 0.00117909 0.00284277 0.0138084 0.615806 0.0169901 0.0471804 0.00173982 0.00774269 0.0263862 0.00308574 0.0217955 0.000623 0.00144739 3.79156e-07 1.41757e-05 0.00125953 0.00800462 0.00045717 0.111325 0.0158707 0.00948582 0.00993984 0.000477663 0.00403372 0.0131339 0.0280527 0.0242885 0.00270405 
0.000536631 0.0112655 0.000578266 5.81435e-06 0.0159349 0.308207 0.0386458 0.112625 0.000141779 0.00307375 0.017785 1.16781e-05 0.00274223 1.23821e-05 0.0113698 1.73354e-07 0.00026772 0.0275905 0.000660126 0.000413347 0.0455121 0.00378524 0.00470454 0.230412 5.5737e-05 0.0758981 0.00268157 0.0453106 0.0397701 2.89386e-06 
1.18484e-05 8.19909e-05 7.6901e-06 0.0297942 8.86708e-06 0.450875 0.00424338 0.0597801 0.00235002 0.000289141 0.00835877 1.1073e-06 0.312781 0.0119116 0.00660385 1.00674e-05 2.33754e-06 0.000331945 0.0037296 0.000326835 0.00932572 0.00658381 0.00407613 0.00269845 2.41056e-06 2.81555e-05 0.0231007 0.0141457 0.0482585 0.000280437 
0.00465691 0.00378293 0.00379071 0.00836216 0.0184387 0.504115 0.0161867 0.0277252 0.0226862 0.00872141 0.0589344 0.000434545 0.0381564 0.00247103 0.004838 0.00377484 0.00265632 0.00595055 0.0428703 0.000904466 0.022699 0.0160607 0.00819673 0.0347608 0.00614924 0.0158141 0.0274006 0.064532 0.0198963 0.00503326 
1.6899e-05 2.79058e-05 4.9547e-07 2.34419e-06 0.000165203 0.742003 1.58423e-05 0.000265292 0.00600105 0.00190985 0.0212287 5.20699e-08 0.0496064 2.93643e-05 0.0073516 9.0525e-08 0.000598042 2.86331e-06 1.05499e-06 0.00781324 0.000417633 0.00344256 0.07724 0.00110925 2.53549e-05 6.86286e-06 0.0631116 0.0159523 0.00162198 3.34946e-05 
0.00281619 0.00191084 0.000450936 6.85917e-05 0.0194047 0.72824 0.0239444 0.0109297 0.00200789 0.000393927 0.0242644 5.09493e-06 0.0124506 0.00122632 0.0375396 0.000339286 0.000123764 0.00159603 0.0149057 8.05253e-05 0.00106348 0.00401728 0.00467971 0.0208626 0.000219625 0.000404519 0.0163697 0.0201065 0.0488119 0.000766321 
6.97954e-05 9.21402e-05 0.000111382 0.0526503 0.0252437 0.362125 0.00904219 0.0054743 0.00462494 1.28199e-06 0.164631 1.70729e-05 0.0040849 0.00137368 0.00108371 4.97352e-10 0.000547112 0.0626069 0.0291098 0.000711067 0.00343311 0.00604894 0.000583108 0.225904 1.32634e-07 0.000497862 0.012286 0.0233529 0.00427695 1.60285e-05 
0.00120986 0.0113368 0.00237769 3.40138e-05 0.00553242 0.313928 0.0372084 0.0729772 0.00924609 0.00190313 0.0463121 1.45387e-06 0.00445124 0.00665243 0.0014886 2.34813e-08 0.000553776 0.00134586 0.0369697 4.61312e-09 0.0906796 1.1972e-05 0.00202729 0.0151029 2.4545e-05 0.00690606 0.018417 0.245224 0.0680767 1.22014e-06 
8.18659e-05 0.0266532 0.000822649 0.100835 0.013122 0.454862 0.0468147 0.021859 0.00124238 0.00170617 0.0674673 1.62057e-05 0.0397016 0.00221898 0.00427401 2.96607e-10 0.00223804 0.00633562 0.00154267 2.89556e-05 0.0114864 0.00577808 0.00340001 0.041645 3.62557e-05 0.0837544 0.00837472 0.0411784 0.012522 2.68039e-06 
0.000332126 0.00153937 0.000655553 0.00226141 0.106119 0.599777 0.0330585 0.00512257 1.91519e-06 0.00106537 0.00243541 0.000418121 0.0411155 2.14403e-06 0.0052742 2.17225e-09 0.000678913 0.00109732 3.27976e-08 0.00226063 0.00186967 0.00577015 0.0322692 0.00180596 8.50618e-05 0.0399461 0.0871861 0.0130041 0.0148481 1.65865e-09 
0.000476737 0.00110697 0.0016527 0.000200513 0.00444008 0.459895 0.0242938 0.00823291 0.0104563 0.00171739 0.102655 0.000334145 0.0130617 0.00231851 0.000988417 4.60685e-08 0.00604076 3.59729e-05 0.00194564 0.00358276 0.00799714 0.000756803 0.155396 0.0127309 0.00326229 0.0158948 0.0751861 0.0457084 0.0396323 3.17252e-07 
0.000505404 0.000828164 0.000994606 5.31486e-07 0.017592 0.411097 0.0402406 0.000584592 0.0202536 5.0903e-05 0.00143288 0.000738268 0.0287247 0.00271003 0.0189712 1.90114e-07 0.00307335 1.41661e-07 1.77754e-10 0.00147485 0.0718736 3.98147e-07 0.0634704 0.00158605 1.10636e-07 0.0610706 0.118541 4.49304e-07 0.134185 9.9031e-08 
0.016836 0.0100839 0.0106472 0.000104626 0.0206981 0.230623 0.0742423 0.128524 0.000822461 0.00477016 0.0238129 0.00352327 0.0132302 0.000547047 0.00653998 7.34752e-05 3.66956e-05 0.000139852 0.0130281 0.00111277 0.038119 0.00643089 0.10946 0.00428889 0.001157 0.00117778 0.00512228 0.116016 0.157747 0.00108567 
0.000276452 0.00151886 0.000449983 0.00138554 0.00294675 0.600475 0.0175587 0.0484477 0.00792201 0.0012126 0.0182633 8.73743e-05 0.0406672 0.00858762 0.062759 0.00032903 0.00407035 0.0156961 0.00419617 0.000387758 0.0213607 0.0135468 0.000986559 0.0151119 0.000846997 0.00206828 0.0218018 0.0240611 0.0629781 3.34923e-08 
0.000554554 0.00682127 0.00403949 0.00945501 0.0303212 0.246305 0.0147898 0.017367 0.0263658 0.00285251 0.13163 0.0289144 0.00695841 0.0020519 0.00262672 0.00407421 0.00524917 0.00114148 0.0034262 2.8112e-06 0.126125 0.000133536 0.0777191 0.0220347 1.83152e-05 0.00567476 0.173389 0.0213116 0.0285901 5.65345e-05 
2.73271e-07 0.000214205 3.63573e-05 0.00373408 0.00055359 0.766226 1.92219e-06 0.000800874 0.00150282 3.41355e-05 0.117323 2.4425e-06 0.0759965 0.000274837 0.00101194 4.12148e-07 6.29669e-05 0.00707865 0.000467846 8.14195e-06 0.0127565 2.74226e-05 0.000491694 0.00231149 2.88055e-06 0.000117794 0.00527263 0.00298405 0.000701961 2.06695e-06 
0.0106502 0.0018235 0.000672404 0.000197399 0.00179377 0.267767 0.0476585 0.0686881 1.29809e-06 0.00710756 0.04016 0.00109479 0.0109274 0.00219626 0.0113727 8.79432e-06 3.30314e-05 0.0119373 0.0222592 0.036926 0.142016 0.00629096 0.000261776 0.0631237 0.00187133 3.39125e-05 0.0357969 0.087266 0.120053 1.13485e-05 
0.00250286 0.072834 0.0400928 7.13044e-05 0.0119302 0.339669 0.150334 0.0199262 0.000668045 0.0116884 0.00998834 0.000483644 0.0128415 0.0218941 0.0157715 0.0252285 0.000271123 0.00599791 0.00365456 0.000151281 0.0045702 0.0206628 0.042002 0.0446497 0.00100723 0.0720846 0.0314648 0.0200505 0.0175075 1.02823e-06 
7.2751e-07 8.55941e-07 0.243713 2.03906e-07 2.03236e-06 0.320055 0.162255 0.187059 0.000789887 0.0175966 9.93275e-08 9.64768e-11 0.0173227 6.70603e-07 0.0225781 0.00891564 3.1074e-06 3.25581e-07 1.55412e-06 2.52616e-06 5.26754e-06 2.5055e-06 5.42622e-06 3.65237e-06 0.00132058 1.13386e-06 3.69807e-06 0.018357 3.4571e-06 2.30656e-07 
0.000428755 0.013077 0.100192 8.15265e-05 0.0189138 0.332113 0.251862 0.0199532 0.00394818 0.000219849 0.0169112 0.0188114 0.00331906 0.000288246 0.0383043 4.35469e-11 0.00115983 0.000849833 0.00329286 0.00021441 0.0455797 3.51046e-08 0.00896133 0.0105596 1.93821e-05 0.0222777 0.0085713 0.00826619 0.0718033 2.00107e-05 
0.00234646 0.0139957 0.0023184 0.00032728 0.0164833 0.267312 0.180699 0.166909 0.0016319 0.00574616 0.0115268 0.00130822 0.129738 0.000266539 0.00602591 0.00229609 0.000232063 0.000202813 0.0152058 0.00149582 0.0136531 0.00993023 0.00470527 0.0236063 5.29803e-05 0.00933429 0.0157864 0.0376021 0.0592618 1.4764e-06 
0.00102612 0.00746421 0.00352376 0.00540717 0.0142286 0.237045 0.0582089 0.0145067 0.0133416 0.00131026 0.0586609 0.00055638 0.0211365 0.00327862 0.0595649 0.00334188 0.00160195 0.00123496 0.028577 6.42003e-05 0.0780191 0.0114501 0.121709 0.0141548 0.00707908 0.0144023 0.0361179 0.143348 0.0395782 6.17272e-05 
0.00849857 0.0861255 0.0286369 0.000126465 0.0187322 0.221158 0.0446391 0.0222291 0.016226 0.00134693 0.0118457 6.96551e-05 0.0272917 1.15335e-05 5.88064e-05 1.63429e-09 0.000578002 0.0255646 0.0834726 5.65784e-06 0.051598 0.0938126 0.0619565 0.0351581 4.39652e-05 0.00664327 0.143892 0.00563306 0.00461527 2.97852e-05 
0.000273174 0.00072728 0.000109948 0.0460058 0.00913058 0.443159 0.00181119 0.00510302 0.00549417 0.000747184 0.155581 4.53675e-05 0.084393 0.000280202 0.00615704 7.30584e-05 0.000754465 0.0355896 0.00526304 0.000551497 0.0340254 0.0253606 0.00124064 0.0458751 0.000576807 0.0103676 0.014679 0.0367972 0.0298268 1.23512e-06 
3.49e-09 0.000135242 8.12097e-08 0.00256615 0.0058394 0.633414 0.00228742 0.00907992 2.82688e-06 3.4569e-12 0.073324 1.03063e-07 0.0026942 2.38039e-08 2.35023e-12 7.33721e-06 0.000158605 0.06194 3.20544e-07 9.20449e-12 1.88746e-10 0.0375348 1.34452e-07 0.134081 2.10113e-08 0.0362222 0.000694595 2.0108e-07 5.7507e-08 1.6591e-05 
0.0303943 0.0419259 0.000384312 8.02729e-05 0.0221583 0.161646 0.0387303 0.159361 0.0483983 0.0012795 0.00589726 2.73626e-05 0.0127071 0.000132987 0.00676672 0.00144473 3.38501e-05 0.00803697 0.023488 0.000675393 0.119803 0.0322309 0.00321717 0.0161525 0.0093687 0.0298561 0.0089128 0.0893953 0.127496 3.35286e-08 
0.0732438 0.125169 0.0099795 0.00201186 0.0029448 0.145354 0.136445 0.0445675 0.0351747 0.0507095 0.0577283 0.000349691 0.00233948 0.0222284 0.00145047 1.61454e-07 0.00612248 0.0423052 0.0116338 2.18171e-08 0.0142835 0.00961054 0.000710256 0.0553572 0.0070312 0.0493318 0.0805558 0.0123449 0.000962442 5.35469e-05 
0.0186938 0.00295131 0.00258774 0.0889146 0.0150927 0.218819 0.0182656 0.00836565 0.000841448 0.00601726 0.214978 0.000522662 0.0081337 0.000300618 0.0254131 0.000821901 0.000956341 0.184238 0.0622059 0.00127858 0.0145192 0.00331155 0.00599011 0.0224291 0.000320389 0.00167463 0.0118502 0.0362721 0.0242306 3.62221e-06 
