0.053657 0.0932167 0.14314 1.58407e-05 0.0129495 0.0100585 0.168295 0.0760092 0.000715669 0.0694978 0.025914 0.0114996 0.0334578 0.000571514 0.00610823 7.85317e-09 0.0111531 0.00158674 0.0242559 0.000471032 0.0122444 0.0208691 0.00131138 0.0173699 0.000763741 0.00271386 0.00536191 0.140323 0.0564665 3.84562e-06 
0.0267381 0.220637 0.0705384 6.42629e-05 0.034041 0.00146834 0.272636 0.0488388 0.00182628 0.0806621 0.0149896 0.022625 7.02072e-05 0.00150652 0.000930069 1.33582e-08 5.23945e-07 0.00315069 0.030008 3.0706e-05 0.036333 0.00937402 0.00929164 0.0234547 1.87414e-05 0.00437194 0.0190979 0.0552687 0.0119922 3.58186e-05 
0.0331001 0.111459 0.0440827 6.27708e-06 0.00483201 0.032361 0.426084 0.0353089 0.0217471 0.0209254 0.00197421 0.000100418 0.00952577 0.000469477 0.0522812 0.0121909 0.000146449 0.000605958 0.0110191 0.00181284 0.0287335 0.00276435 0.0436115 0.0130383 0.000809874 0.00618763 0.0245168 0.0361856 0.0240987 2.15579e-05 
0.0538434 0.152249 0.0208532 6.93122e-05 0.0176119 0.00315973 0.359631 0.0509969 0.104929 0.0449697 0.00350562 0.0442051 0.000431839 0.000826316 0.0200402 1.27733e-08 1.61645e-06 0.00010604 0.0214277 1.29424e-05 0.013511 0.00207383 0.0163575 0.0157805 7.79259e-06 3.78312e-05 0.0095396 0.0217105 0.0221099 1.22946e-06 
0.0657941 0.0664383 0.02698 0.0028706 0.00484783 0.0108868 0.420944 0.0259046 0.0076884 0.0229144 0.00643474 0.114242 0.00556798 0.000749829 0.0598082 3.97082e-05 0.000141911 0.00430278 0.0207721 0.00168822 0.0387675 0.00953261 0.00660127 0.0144554 0.00225186 0.0010923 0.00325894 0.0432634 0.011747 1.25725e-05 
0.0024979 0.109962 0.0934516 1.49803e-06 0.00815952 0.0356968 0.568238 0.0479224 0.00617884 0.00770157 0.0082826 0.000293236 0.0134489 1.37335e-06 0.0323285 1.58048e-05 0.000200787 0.0053274 0.00419799 9.34245e-05 0.012587 0.00691179 0.0088873 0.00516819 0.000289594 0.00519027 0.00898081 0.00626352 0.00163879 8.24188e-05 
0.216572 0.0801832 0.00461889 3.83135e-05 0.0395388 0.0181189 0.478443 0.00273411 0.000910134 0.0370213 0.000285826 0.000373577 0.000362583 0.00016878 0.0121196 1.56569e-06 7.68999e-06 4.89829e-05 0.0528083 0.000260005 0.0214914 0.000931799 4.17825e-08 0.0123138 8.57992e-06 0.00020845 0.00375739 0.0130763 0.00359601 6.85842e-07 
0.0387553 0.13792 0.0551648 0.000787375 0.00891732 0.00654282 0.29904 0.0278746 0.00261165 0.266095 0.00899669 0.0134854 0.00491444 0.000668384 0.00296471 3.34644e-06 0.000195094 0.00187882 0.0103408 0.000485847 0.026812 0.00327009 0.00542836 0.0227506 0.00480283 0.00585019 0.0107919 0.0192752 0.013319 5.71765e-05 
0.0983351 0.0189339 0.0333502 0.000262952 0.0104098 0.0111181 0.261359 0.0189349 0.000319199 0.0069353 0.0356648 0.00118056 0.00104087 0.00111114 0.092394 4.79575e-07 1.25768e-06 0.00427318 0.125702 2.06255e-05 0.0427917 0.00191906 0.0104275 0.0291177 0.00155795 9.70432e-05 0.0480467 0.0830656 0.0616294 1.17623e-07 
0.0562811 0.00181201 0.0196643 7.34722e-05 0.000508468 0.0151183 0.488452 0.040596 0.0005467 0.00697623 0.0160887 2.41007e-06 0.00106878 5.48242e-05 0.0215087 4.44871e-06 0.000942737 0.0270737 0.0302697 0.000265018 0.0213822 0.00788495 0.00676428 0.0488933 0.000141835 0.00256004 0.00077942 0.101064 0.0832212 7.16879e-07 
0.018314 0.0934834 0.013142 0.0261337 0.00279376 0.027875 0.191337 0.09971 0.00246632 0.00235412 0.0179996 2.71779e-05 0.0576138 0.00014263 0.0341796 3.69247e-08 0.00120261 0.000923478 0.00118176 0.000404015 0.166016 0.0170795 0.0336609 0.0227116 0.0485032 0.00581912 0.0259888 0.031847 0.0570896 1.18174e-07 
5.51579e-05 5.51494e-05 5.51288e-05 5.51515e-05 5.51489e-05 0.231707 0.584774 5.51549e-05 5.51351e-05 5.51239e-05 5.51554e-05 5.51026e-05 0.182031 5.51021e-05 5.51388e-05 5.50524e-05 5.50748e-05 5.51256e-05 5.51524e-05 5.50462e-05 5.51579e-05 5.51421e-05 5.51316e-05 5.51559e-05 5.51181e-05 5.51345e-05 5.51539e-05 5.51631e-05 5.51579e-05 5.50804e-05 
0.000324731 0.0592846 0.0207385 0.000164542 0.0411195 0.00662506 0.614778 0.0370592 5.90682e-08 0.00118006 0.0580684 0.000573801 4.09385e-05 4.16282e-05 0.0575169 2.85745e-09 0.000803612 0.00269075 0.000411467 3.50101e-08 0.00172382 0.00343309 0.00246565 0.0013329 0.000458594 0.0190356 0.000429289 0.0624466 0.00704916 0.000203364 
0.161503 0.00726502 0.0199269 0.000856481 0.00333041 0.0179986 0.370796 0.0166829 0.00113247 0.00391171 0.148448 0.011105 0.0176884 2.05764e-07 0.00258906 6.06623e-07 0.000407709 0.00357569 0.0260124 0.000125377 0.0239994 0.017478 0.000585459 0.0199516 0.000335507 7.96884e-05 0.00116879 0.0958025 0.0263764 0.000865611 
9.40265e-05 0.0354923 0.000163635 1.47836e-05 0.000669945 0.00965514 0.600062 0.111846 0.00038126 0.000537018 0.00141016 4.22545e-10 0.00823602 0.000335155 0.161794 7.34607e-10 1.61232e-05 5.48166e-05 2.56705e-05 1.78698e-05 0.00783027 0.000151271 0.00324889 0.0191758 1.43079e-05 0.00173284 0.0231053 3.00383e-07 0.0139347 1.58097e-09 
0.0158011 0.0763129 0.0423573 7.06912e-05 0.0324817 0.0849541 0.323774 0.0781493 3.03222e-05 0.0307459 0.0079596 6.97402e-05 0.00285857 4.23826e-05 0.0560017 0.0233145 0.00451238 0.00202792 0.00949956 0.013893 0.0238254 0.037236 0.000496254 0.0357801 0.00016151 0.0013931 0.00182669 0.0304831 0.0639196 2.14513e-05 
0.0932491 2.16774e-05 2.16693e-05 0.00652513 2.16772e-05 0.00652558 0.351277 2.16796e-05 2.16718e-05 2.16674e-05 2.16798e-05 2.1659e-05 2.16753e-05 2.16588e-05 0.34246 0.0108413 2.16481e-05 2.16681e-05 2.16786e-05 2.16369e-05 2.16808e-05 0.0997246 2.16704e-05 2.168e-05 2.16651e-05 2.16715e-05 2.16792e-05 0.0889214 2.16808e-05 2.16503e-05 
7.20564e-05 0.00173742 1.77217e-05 1.96425e-07 1.34179e-06 1.12722e-05 0.494681 0.141617 0.000397177 1.22594e-05 0.000137681 1.09118e-07 7.16671e-05 0.0664157 0.0115388 3.24346e-08 4.75447e-06 6.33262e-07 3.42559e-07 5.60505e-05 3.48482e-09 0.0337684 1.96938e-05 7.8121e-06 1.02073e-06 3.42838e-08 0.00637882 0.218758 0.0242936 2.47658e-08 
0.0435837 0.0602806 0.000963013 6.87096e-06 0.0318321 0.00328987 0.371632 0.0219848 0.00354851 0.00132964 0.00400698 4.00019e-05 0.00171552 0.000248004 0.0251956 4.28377e-07 1.39155e-05 0.000141607 0.3356 0.00050244 0.01973 0.00226644 0.0207751 0.00609871 1.95189e-05 0.000132799 0.00221859 0.0413589 0.00148057 4.43721e-06 
0.00788632 0.121855 0.27292 0.00161156 0.00230698 0.00086177 0.413783 0.00518442 0.00386193 0.00341519 0.000649367 0.000308304 6.88697e-05 2.98797e-06 0.0977924 1.15261e-07 0.000333914 1.3984e-06 0.005398 0.000405294 0.0364389 6.20724e-06 0.017222 0.00175727 0.00322611 6.14134e-07 0.00184039 0.000220641 0.000640919 3.65765e-07 
0.00122854 0.029416 0.0653263 0.000119457 0.00161423 0.0061579 0.318379 0.154805 3.65678e-08 0.0194416 0.0398092 0.00745702 0.00393304 2.64685e-06 0.000433528 5.23053e-09 4.24995e-09 0.00299339 0.00134636 0.0259723 0.0172305 0.123687 1.72666e-09 0.108976 0.000311539 0.000100862 0.00915939 0.047697 0.0142858 0.000116345 
0.000809691 0.0138742 0.00588982 2.12718e-05 0.00559221 0.000637696 0.933299 0.0020601 7.6789e-05 0.000842065 0.00143461 0.000595925 0.000466415 1.32364e-05 0.00140816 1.98664e-09 1.16536e-07 0.000137637 6.66748e-05 3.81991e-05 0.0155691 0.00109125 0.0025425 0.00225308 6.30193e-05 3.44519e-05 0.000609016 0.00802063 0.00255258 1.30126e-07 
0.000467325 0.0645492 0.0111317 5.25221e-05 2.39001e-08 1.53104e-07 0.892441 0.00037015 6.34508e-08 0.00219078 2.69394e-12 0.0255756 4.68896e-12 4.86379e-06 3.27009e-07 2.09303e-11 7.82467e-08 3.44883e-07 4.90818e-07 3.96989e-08 2.24878e-12 0.000495696 6.90935e-12 0.00094684 9.31628e-12 0.00162517 0.000146793 1.36074e-07 1.96544e-07 2.55865e-08 
0.16434 0.158141 0.0332832 0.00188157 0.0242942 0.0110238 0.296641 0.0424455 0.00209052 0.0313482 0.00259845 0.000244439 0.000922672 0.000613826 0.0120922 6.43766e-07 0.00414643 0.000730243 0.0338791 4.43605e-05 0.0314613 0.00491425 0.00042675 0.0193112 0.00661523 0.0554511 0.0263563 0.0235085 0.0111762 1.78492e-05 
0.0183442 0.0180073 0.0280517 1.05297e-06 0.00393013 0.01085 0.493525 0.0173639 0.00325691 0.00870884 0.0182324 2.29912e-05 0.0609948 0.000348955 0.0254217 3.08932e-05 0.00774321 0.00126904 0.0168075 8.81773e-05 0.0449165 0.00777096 0.00215253 0.057567 0.0793644 0.000338478 0.0183228 0.0158471 0.0406806 4.1345e-05 
0.11251 0.00441869 0.00136928 0.000439397 0.000143735 0.00298324 0.332321 0.0734431 1.41317e-07 0.0734396 0.00024549 0.0246077 0.000215719 1.9923e-05 0.0188106 7.60753e-08 0.000194392 0.0613981 0.000422707 0.000435633 0.0213589 0.126777 1.15185e-05 0.0254368 5.47277e-06 6.52126e-07 0.00339761 0.113127 0.00246704 5.80882e-08 
0.0773976 0.0125621 0.00559293 0.000299004 0.191014 0.00393597 0.407747 0.0170758 2.25001e-05 0.00401424 0.00100134 0.00169185 0.00529948 4.00962e-05 0.00186814 3.76805e-06 4.83681e-05 0.0667796 0.0113552 0.000302348 0.00774618 0.000761127 8.30745e-06 0.00110351 0.0323781 1.64901e-05 0.000128288 0.0332889 0.116516 9.41047e-07 
0.0728156 0.0384228 0.00682528 0.00015024 0.00292209 0.0249661 0.355338 0.00401433 0.0187285 0.0112301 0.00650459 0.000170213 0.0053397 0.00744843 0.00732673 1.23412e-07 0.00100503 0.000605657 0.0914932 0.00480987 0.0487953 0.00084713 0.136331 0.0119149 0.000361575 4.13158e-05 0.110513 0.0242975 0.00677994 2.29159e-06 
0.168455 0.111683 0.0392173 1.55077e-05 0.00824891 0.00338261 0.409674 0.0277407 0.00238624 0.0163045 0.00176133 0.00282171 0.000642741 9.99232e-05 0.0806729 4.81664e-07 0.000463255 0.000317715 0.00492714 1.26755e-05 0.0579862 0.00181853 0.00320595 0.0144418 0.000422563 0.00274331 0.0097218 0.0189596 0.0118704 1.58143e-06 
0.00899336 0.0668373 0.00557269 1.4649e-05 0.0415576 0.00518373 0.424317 0.0532745 0.00343997 0.00477047 0.0230226 0.0588821 0.00350294 0.000181566 0.0404689 2.84689e-06 0.00672452 0.00224634 0.00623652 0.000899616 0.0102698 0.043096 0.00726922 0.0249843 0.000227101 0.000415042 0.0244812 0.116423 0.0167055 6.06828e-10 
0.00736977 0.203668 0.0152784 0.000476619 0.00297798 0.0246155 0.352985 0.150629 0.0196976 0.0245893 0.00482619 0.000217354 0.00886079 0.00224987 0.00898409 4.61805e-06 2.5178e-05 0.00289884 0.00979292 0.000447395 0.0133351 0.0491451 0.00323083 0.0470599 0.000374511 0.00513732 0.0171343 0.0160377 0.00793078 2.03702e-05 
0.064182 0.0163325 0.00418387 0.0982959 0.021828 0.114343 0.161308 0.0344149 0.000808911 0.0630069 0.027786 0.00950847 0.0117018 0.000209898 0.0149775 4.60711e-11 4.4185e-05 0.0984786 0.00259756 0.000684607 0.0115227 0.00540493 0.000713223 0.0551101 0.00257077 4.28074e-05 0.000885278 0.151552 0.0275057 3.75569e-07 
0.0197477 0.00683595 0.00852892 0.000867454 0.00120376 0.123228 0.175178 0.104685 0.0037038 0.0287906 0.00263623 7.82802e-05 0.0954462 0.00379848 0.0383482 3.44316e-06 9.54144e-07 0.0232393 0.0521457 0.0578004 0.0384344 0.0558464 0.0432837 0.0243345 0.000450354 3.58358e-06 0.00398929 0.0161973 0.0711936 2.0456e-07 
0.00445628 0.0201026 0.0320059 1.8887e-05 0.0113367 0.0044435 0.626669 0.033381 0.00115171 0.0238021 0.000765625 0.0178006 0.00838721 0.00230583 0.00746736 3.47471e-06 8.40301e-07 0.000560703 0.0165048 0.00100511 0.103063 0.0159056 0.00150905 0.0149776 4.20348e-05 0.00112733 0.00300707 0.0413272 0.00685794 1.35819e-05 
0.00935351 0.00464327 0.00626632 1.02181e-05 0.000238253 0.123461 0.627434 0.00516429 0.00952634 0.0128437 0.00935945 1.54078e-06 0.00384759 1.47436e-05 0.00511631 3.39658e-08 0.00679687 0.00342086 0.00393133 3.5771e-08 0.0239243 0.000128581 0.00216637 0.00870593 5.32633e-05 0.000276297 0.0224978 0.0269028 0.0839146 2.5935e-08 
0.180264 0.067638 0.0701028 6.75447e-06 0.0042001 0.00631523 0.466528 0.00957854 0.00227256 0.0421193 0.00558645 0.00161466 0.000712994 0.000330467 0.0336628 1.0276e-07 0.000170627 0.00646141 0.00823316 0.000599518 0.0188187 0.00607268 0.00186547 0.00732276 0.000337246 0.00015131 0.00188159 0.0468743 0.0102794 2.2741e-07 
0.0090154 0.205976 0.00400596 5.40034e-05 0.000864086 0.00039762 0.211476 0.17105 1.11449e-06 0.00285706 0.00134696 0.00104954 6.57882e-05 0.00265606 0.0269139 2.0717e-09 1.43013e-08 0.0012252 0.00108442 2.21917e-06 0.00434415 0.200814 0.000379604 0.0534035 6.19807e-08 4.48632e-07 9.91278e-05 0.0968154 0.00410249 1.58188e-09 
0.000200573 0.112129 0.0448436 3.48314e-05 0.00140435 0.00185673 0.67669 0.00777558 0.000916321 0.013854 3.88529e-06 8.63528e-06 9.0636e-06 1.57689e-06 0.0887202 2.13757e-07 1.20281e-09 0.00280505 0.00297633 0.000250302 0.0372131 0.000251329 8.25687e-05 0.000205346 0.000495785 0.00357769 4.29313e-05 0.000272521 0.00337776 4.47594e-07 
0.000109929 0.0123597 0.0900162 1.8193e-07 4.67723e-09 3.50514e-05 0.765503 0.0385948 8.20393e-05 0.00191988 3.26917e-09 1.46098e-08 5.80276e-06 1.47155e-08 0.0588782 2.53995e-08 2.06379e-08 9.66551e-09 1.16367e-05 1.32131e-05 6.62232e-06 0.00923735 0.00826063 3.17137e-09 1.13056e-08 7.84004e-09 0.013916 0.000991783 5.8161e-05 2.47864e-07 
0.0233397 0.0257251 0.0178233 0.000428102 0.0220191 0.0109641 0.122136 0.036291 0.0950765 0.0631037 0.0919269 0.000219563 0.00194251 0.0290778 0.00788003 1.16888e-05 0.000235597 0.00195958 0.113707 1.23991e-05 0.0180676 0.037223 0.0267234 0.0248196 2.38945e-05 0.00126817 0.103567 0.0639486 0.0604406 3.80934e-05 
0.130235 0.0374154 0.00755658 6.79547e-05 0.0361706 0.0386536 0.421327 0.0885735 0.00952246 0.0187968 0.0105993 0.00144651 0.00698419 0.000645841 0.00571403 6.67277e-08 0.000711094 0.0201768 0.00334068 0.000132103 0.0124456 0.019504 0.0124539 0.0206234 0.000964255 0.00140133 0.0192453 0.0373678 0.0379242 1.2889e-06 
0.0022161 0.0407855 0.0159433 4.86375e-05 0.00738345 0.0206732 0.51506 0.0139857 0.00983343 0.0450546 0.0103785 0.000759369 0.00178963 0.000107006 0.00664711 1.93004e-08 0.000124572 0.00310083 0.0312067 3.94558e-05 0.00267153 0.00542846 0.0760415 0.05628 0.0157966 0.00367664 0.00616074 0.100539 0.00826846 1.41858e-10 
0.00164897 0.0841452 0.0545071 9.2941e-05 0.0038001 0.0121848 0.451214 0.0158884 1.99003e-07 0.0178206 0.000394828 0.00323468 0.00123792 0.00976965 0.028804 5.67361e-12 3.82146e-05 0.00299333 0.00350097 8.26261e-05 0.00413128 0.00018436 0.042742 0.0119508 4.29423e-09 0.0185459 0.00621289 0.176638 0.0482297 7.54592e-06 
0.295167 0.0433456 0.022501 0.000309606 0.0116337 0.0184081 0.346961 0.0230855 8.12966e-05 0.0485144 0.00244266 0.000663694 0.00038712 8.29284e-06 0.000728236 9.54759e-09 0.000107152 0.0127918 0.0268009 6.81813e-06 0.0900942 0.00121057 0.000104066 0.000965665 0.0144371 0.019146 0.000535403 0.0165495 0.00300931 3.73397e-06 
0.000102205 0.0414617 0.169646 3.87158e-05 0.00267226 0.00207599 0.684872 0.0104557 0.000274607 0.00621472 0.000107214 4.94294e-05 0.000211747 2.14768e-05 0.0412409 3.10068e-09 4.71789e-09 0.00161211 0.00131683 0.000728766 0.0236915 0.000516962 7.80733e-05 0.000906419 0.000136531 0.00565778 0.000131892 0.00211601 0.00366165 7.67445e-07 
0.118592 0.0338852 0.0235482 7.84424e-06 0.00509997 0.00389273 0.59996 0.0151138 0.00111467 0.0593008 0.000232683 0.0032643 0.000109374 2.33542e-06 0.016373 3.63814e-07 0.000205468 0.000116703 0.0174929 1.96308e-06 0.0179099 0.00584536 0.000196465 0.031868 7.66382e-05 9.7457e-05 0.000381433 0.0331386 0.0121716 8.21143e-07 
0.0383626 0.0947089 0.0559117 0.000694245 0.0153229 0.017069 0.378848 0.0686069 0.00488264 0.0268726 0.0113309 0.00252049 0.00855486 0.00119346 0.0423464 7.292e-05 0.000254453 0.00281522 0.0428624 0.00310875 0.0359138 0.0176059 0.0145428 0.0190486 0.0021354 0.00772396 0.0163156 0.0421945 0.0281517 2.83092e-05 
0.180848 0.11353 0.0402227 0.0127473 0.00156681 0.00289303 0.388071 0.0315279 0.00440952 0.0169802 0.00789338 0.0146746 0.0201549 0.00113764 0.00823226 2.13099e-06 0.000199997 3.76463e-05 0.0397016 0.00034224 0.0259961 0.000227285 2.63642e-05 0.0176424 2.94736e-05 0.000779881 0.00289537 0.0571656 0.0100617 2.51186e-06 
0.0181076 0.0330778 0.00914673 2.12888e-05 0.00754734 0.00584707 0.656769 0.0141295 0.0013643 0.0174141 0.00525048 0.00562237 0.000645659 0.000141332 0.00610814 8.17768e-08 0.00299539 0.000390966 0.0028456 6.59777e-06 0.124546 0.000478287 0.00105732 0.0229485 1.81814e-05 0.00110883 0.00212352 0.0300056 0.0302821 4.44148e-07 
0.0063844 0.00755934 0.177748 0.0624972 0.00376159 0.0158657 0.418162 0.0748961 0.00107835 0.00291874 0.113622 0.0004256 0.00740686 0.000478913 0.015836 8.95257e-08 5.39644e-06 0.00301215 0.0270982 0.000202217 0.0116641 0.00277206 0.00176858 0.00566368 0.00014182 0.00184374 0.00195341 0.0344286 0.000801948 3.89419e-06 
0.043055 0.0834856 0.00383413 6.19882e-05 0.0105612 0.0308852 0.220521 0.180907 8.26601e-06 0.0291752 0.00860069 0.000130268 0.00564524 0.00438496 0.0157504 3.32237e-08 4.98671e-05 0.000596732 0.0245649 0.00219494 0.040265 0.108119 0.0312571 0.0445381 0.00032068 0.0113686 0.00174041 0.0687349 0.0292263 1.75311e-05 
0.00152132 0.0889023 0.000692817 3.89882e-07 0.0208088 0.04043 0.341271 0.0260664 0.0141457 0.0642787 0.00211892 0.000724785 0.0390282 1.25841e-05 0.0499433 6.3422e-08 2.45833e-05 0.0059267 0.0315503 1.0339e-05 0.0485011 0.0702739 0.00185723 0.0475705 0.000359062 0.00160938 0.000745475 0.0791321 0.0224899 4.40938e-06 
0.0594223 0.0224964 0.00635016 0.000112632 0.00284089 0.0129567 0.283037 0.0459225 0.000665113 0.0624767 0.0132817 0.0240512 0.00350545 5.57641e-06 0.141348 1.75436e-08 1.35714e-05 0.0161609 0.00153284 0.000885694 0.041104 0.0315525 1.19391e-11 0.0276942 5.38791e-05 0.000832928 0.000543362 0.188861 0.0122926 3.24765e-09 
0.0102106 0.0458129 0.0527786 0.000275657 0.0104452 0.0232671 0.440738 0.119567 0.0058681 0.0481591 0.0141645 0.000380831 0.00592648 0.000283019 0.133116 1.4381e-05 0.000613715 0.000824864 0.00139236 0.000626381 0.00771448 0.0163562 0.0214771 0.0174616 0.00201995 0.00152823 0.0022641 0.00431083 0.0123945 8.80418e-06 
0.185756 0.0118126 0.0036556 9.98583e-05 2.34144e-11 0.00313461 0.544137 0.0170053 9.93716e-05 0.18398 0.000784272 0.0186157 4.24374e-05 7.3666e-11 0.000593231 1.27151e-10 0.000472522 0.000136295 0.00124473 1.47079e-06 0.000396488 0.0127933 6.68847e-08 0.00195237 7.77195e-05 3.67795e-05 4.69105e-05 0.0100094 0.00311421 1.17299e-06 
0.0193029 0.00324324 0.000969407 6.72239e-06 0.000660648 0.00029541 0.190549 0.121222 0.00360013 0.00132303 0.000229977 0.000450719 0.000536533 0.000105876 0.00031552 1.17157e-08 2.03105e-07 0.000374472 0.11216 2.78872e-06 0.177553 0.000523657 1.51927e-05 0.179851 8.6107e-06 0.000120604 0.000602847 0.182255 0.00372158 3.88326e-07 
0.0264862 0.0968047 0.0469336 6.19349e-05 0.0418578 0.0213913 0.52519 0.01522 0.00119693 0.0552953 0.0119551 7.56282e-09 0.000838368 0.000111162 0.0207664 1.68871e-09 0.00106993 0.00261726 0.00527218 1.95974e-07 0.0146286 0.0104914 0.00716368 0.0370724 0.0018472 0.0332775 0.00932297 0.0118413 0.00127319 1.36445e-05 
0.0164619 0.0260093 0.00310806 0.000435854 0.00113705 0.00734693 0.335568 0.0415495 1.53351e-05 0.0168391 0.0319451 0.0040828 0.00128417 4.65221e-05 0.0142564 2.37899e-11 3.98792e-08 0.000194257 1.84813e-07 3.2954e-07 0.0644403 0.0495995 1.64806e-06 0.11335 0.000272034 1.40513e-07 0.00229874 0.18441 0.085347 7.30938e-07 
0.065056 0.204086 0.0236015 0.00279059 0.0136257 0.012987 0.358642 0.044059 0.002154 0.0278067 0.0151876 0.00647247 0.00638143 0.0012237 0.0279619 1.21297e-06 0.00355444 0.00267807 0.035548 0.000709199 0.0253713 0.0149221 0.00588751 0.020773 0.00134755 0.00315959 0.0135157 0.0361404 0.0231335 0.0012231 
0.0647994 0.171169 0.111948 0.0004774 0.00968269 0.0124455 0.288733 0.0403302 0.00318584 0.0205307 0.00836594 0.0196236 0.0164207 0.00146527 0.0464248 0.00092185 0.00171004 0.00387735 0.0146828 0.00327929 0.0327 0.0131098 0.0204594 0.0129791 0.00261379 0.0184808 0.00767084 0.0345802 0.0173218 1.11332e-05 
0.000467325 0.0645492 0.0111317 5.25221e-05 2.39001e-08 1.53104e-07 0.892441 0.00037015 6.34508e-08 0.00219078 2.69394e-12 0.0255756 4.68896e-12 4.86379e-06 3.27009e-07 2.09303e-11 7.82467e-08 3.44883e-07 4.90818e-07 3.96989e-08 2.24878e-12 0.000495696 6.90935e-12 0.00094684 9.31628e-12 0.00162517 0.000146793 1.36074e-07 1.96544e-07 2.55865e-08 
0.00674075 0.0730795 0.110773 3.03443e-05 0.000680618 0.00563402 0.638628 0.00660562 0.00179534 0.00410145 0.0012249 0.0803219 0.00899177 0.00161171 0.00619929 0.000952764 4.27836e-06 0.00116364 0.0116296 0.000285961 0.00266149 0.00508061 0.00685488 0.0036223 0.00197556 0.000612526 0.00467759 0.00850797 0.00554793 4.5678e-06 
0.0416589 0.136331 0.0035003 0.00209321 0.00804037 0.0126558 0.222911 0.0340449 9.38461e-07 0.00952799 0.000631753 0.0236334 0.000310106 0.00783751 0.000468695 8.73719e-06 1.47153e-06 0.000812473 0.170687 0.0539666 0.00080109 0.0388411 3.22927e-05 0.0134542 0.000604422 1.8377e-06 0.173676 0.0434553 3.73759e-06 8.19284e-06 
0.0453895 0.0143801 0.0130285 0.000337424 0.0173611 0.0360833 0.212922 0.0461054 0.00711999 0.0504557 0.169772 0.0600819 0.00062717 0.0114494 0.00153836 3.05187e-07 0.00182559 0.00482752 0.0458016 0.00140036 0.0420953 0.0427422 0.0120125 0.0429344 0.000142511 0.0103624 0.0537444 0.0530407 0.00216063 0.00025737 
0.0179874 0.11259 0.0144995 3.11762e-11 1.12005e-05 0.000293067 0.423101 0.00472512 1.43127e-07 0.306669 0.000290934 0.00117095 8.76974e-05 1.31853e-06 0.0205979 1.92361e-10 1.32515e-06 0.000262865 0.000408581 2.02584e-10 0.00212573 0.000369041 9.8717e-06 0.00201918 1.32601e-05 1.39591e-07 9.81763e-05 0.0913603 0.00130655 1.46879e-10 
0.0489158 0.0901805 0.0228121 0.00092618 0.00781268 0.0170839 0.427955 0.0373814 0.00638058 0.0847777 0.00482893 0.000739856 0.0178977 0.00192482 0.076659 0.00112181 0.000676162 0.00147629 0.0365002 0.000984852 0.0171648 0.00869662 0.00654637 0.0117988 0.00286216 0.0168287 0.0118266 0.0220865 0.0151423 1.17455e-05 
0.133694 0.203859 0.000921436 2.15011e-05 0.006847 0.0190363 0.473951 0.00160623 0.0015524 0.0145484 0.00362634 0.00630862 0.0537599 0.000241552 0.00582567 8.28583e-11 0.000242083 0.00265831 0.0097778 0.000361724 0.00204477 0.00159022 0.000196371 0.0108533 0.000421219 0.00144396 0.00228736 0.0241885 0.0181332 1.2825e-06 
0.0150559 0.0852845 0.0948797 1.15547e-05 0.000985143 0.00120308 0.69527 0.048632 0.00134259 0.00264212 0.000647533 0.000807147 0.00597698 0.000310381 0.0062979 2.18167e-06 4.56052e-05 4.52123e-05 0.0032967 3.53822e-07 0.00648223 0.000336613 0.00679986 0.00482907 6.84196e-05 0.000312293 0.00690881 0.00308845 0.00843748 2.66676e-07 
0.00710577 0.00491584 0.00121746 2.69816e-05 0.0120341 0.0247027 0.733085 0.0155559 0.00112656 0.000139992 5.87817e-05 0.000556041 0.000680349 1.4269e-06 0.0103295 4.02864e-10 8.86386e-07 0.00026013 1.56721e-06 0.000444551 0.148343 1.45645e-07 0.0109913 0.00106812 0.000773366 5.53588e-06 0.00445502 4.19515e-07 0.0221191 4.256e-08 
0.301948 0.0290237 0.0446053 5.00716e-05 0.0269145 0.00305197 0.378248 0.0171514 0.0124531 0.0594582 0.00346712 0.000727357 0.000544357 0.00216013 0.000587944 5.59895e-08 1.22481e-06 0.00311831 0.0185964 3.55777e-06 0.0255426 0.000622784 0.00146553 0.00220556 0.000165304 0.00785163 0.00459468 0.0506075 0.00483308 5.30057e-07 
0.0335777 0.021559 0.0194016 0.000145404 0.021871 0.0308025 0.500883 0.0301634 0.00534146 0.0299902 0.0151042 0.005387 0.00792442 0.00103363 0.0223171 0.000536407 0.10659 0.0100356 0.0106884 0.00165944 0.0245312 0.00176431 0.00520513 0.00759504 0.0020598 0.00560949 0.00532226 0.0400525 0.0328441 4.51917e-06 
0.040571 0.0428378 0.0189129 0.00033991 0.00879451 0.100818 0.173547 0.0403615 5.88449e-07 0.0656637 0.00316166 0.0560022 0.00974947 7.20876e-05 0.0103954 3.99002e-08 1.69481e-08 0.00279059 0.0351164 0.0133675 0.0204079 0.131434 0.00146595 0.0167067 0.00256813 0.00283112 0.00149754 0.136299 0.0642871 4.54781e-07 
0.000809691 0.0138742 0.00588982 2.12718e-05 0.00559221 0.000637696 0.933299 0.0020601 7.6789e-05 0.000842065 0.00143461 0.000595925 0.000466415 1.32364e-05 0.00140816 1.98664e-09 1.16536e-07 0.000137637 6.66748e-05 3.81991e-05 0.0155691 0.00109125 0.0025425 0.00225308 6.30193e-05 3.44519e-05 0.000609016 0.00802063 0.00255258 1.30126e-07 
0.0120276 0.227728 0.0183578 2.51871e-05 0.00786168 0.0127564 0.474094 0.00464942 0.0024864 0.00432929 0.0254637 0.00788505 0.000634663 0.0286523 0.0127338 1.30247e-08 0.00410132 0.00513049 0.00130995 1.07897e-08 0.0289448 0.000122708 4.96437e-05 0.0580721 0.0181032 0.00837123 0.0133656 0.0149171 0.00772899 9.7019e-05 
0.083813 0.150132 0.194886 0.000638418 0.00701587 0.0020636 0.278401 0.00721617 0.0183996 0.00570453 0.00200354 0.0880183 8.65312e-05 0.00133954 0.00458746 0.00156575 0.000110591 3.9436e-05 0.0416114 1.79376e-06 0.0583016 0.000111717 0.0146512 0.00722869 0.00459724 0.00132363 0.0170811 0.0070609 0.00199152 1.80156e-05 
0.00111924 0.00216842 0.0138191 0.000194505 0.00131156 0.000689229 0.853685 0.025055 5.31844e-11 0.0369338 0.00353336 3.86772e-07 8.77947e-06 0.000105548 0.00157415 1.77209e-10 1.48033e-06 1.69897e-07 0.00168831 2.9678e-07 0.000646156 0.0292409 0.000810185 0.0130808 1.89808e-08 5.4699e-11 7.34812e-05 0.0142595 7.16682e-07 1.20061e-07 
0.0636773 0.12633 0.0331411 8.5408e-05 0.00172555 0.0140808 0.436333 0.0862936 0.000284083 0.00211195 0.000328945 0.0161054 0.000830725 5.24385e-06 0.03474 8.91244e-07 0.000368369 0.0103171 0.00829117 4.32976e-05 0.0856541 0.0151664 0.000221685 0.0266053 4.4246e-05 7.8983e-05 0.000475572 0.0219914 0.0146571 1.05858e-05 
0.171479 0.217667 0.0236976 0.00691504 0.00918599 0.0149268 0.288278 0.0445502 0.00391622 0.0153171 0.012089 0.0020755 0.0111852 0.0137504 0.0314068 1.71998e-06 0.00154713 0.0018565 0.020089 0.000309538 0.0240677 0.00638967 0.013072 0.00929036 0.000570533 0.00269178 0.0109475 0.0241749 0.0184772 7.53923e-05 
0.0191836 0.0080147 0.0152618 5.12696e-05 0.0271657 0.00194741 0.394407 0.0307585 0.0154033 0.00330364 0.000507561 9.56452e-09 5.16787e-06 1.91864e-06 0.000327035 1.66282e-08 7.47187e-05 0.000290127 0.0650905 1.7512e-08 0.0215218 0.0362247 2.2675e-05 0.0121219 0.000117724 0.228308 0.0380129 0.0295649 0.0523112 1.26967e-08 
0.0526302 0.141964 0.00851945 0.000477215 0.0124601 0.00556796 0.548053 0.0165053 0.00218879 0.00343282 0.00402321 0.003817 0.00734396 0.00373239 0.00485601 2.79702e-07 0.00127827 0.0202353 0.0166447 0.000813349 0.0222852 0.00482689 0.0122111 0.0333497 0.000237784 0.00147528 0.0199196 0.0218552 0.0292939 1.50755e-06 
1.66018e-07 0.0616581 0.0205024 3.85308e-06 0.00459814 0.0236526 0.379706 0.0795295 0.119581 4.08734e-11 1.17758e-07 5.94404e-11 0.000825487 0.00137065 0.0151169 1.03339e-10 0.000361095 1.68715e-07 2.92525e-05 7.62554e-08 0.113235 0.000133504 0.116572 1.09403e-07 3.50278e-08 3.18975e-11 0.00870776 0.00308106 0.0513352 7.89057e-11 
0.00266403 0.186303 0.00157324 7.9933e-06 0.0100746 0.00146509 0.488369 0.0383769 0.000433434 0.00495233 0.00558458 1.34434e-09 0.00101992 0.00105395 0.060373 2.33717e-09 9.7074e-06 0.000404833 0.108118 3.70895e-05 0.0146901 0.00217034 0.000215695 0.0052301 0.000123933 5.90366e-05 0.00166241 0.021777 0.0432507 1.78458e-09 
0.000377744 0.0227278 0.00307139 0.000247467 0.0121223 0.0151373 0.277094 0.0722612 0.00373683 0.00316843 0.0755151 0.000424307 0.00227736 1.87284e-05 0.0345707 3.97256e-10 0.00332549 0.000470822 0.0132614 4.1837e-10 0.0885021 0.00183604 0.00338276 0.069078 0.124713 0.000429471 0.0246288 0.125269 0.0223448 7.59779e-06 
0.000809691 0.0138742 0.00588982 2.12718e-05 0.00559221 0.000637696 0.933299 0.0020601 7.6789e-05 0.000842065 0.00143461 0.000595925 0.000466415 1.32364e-05 0.00140816 1.98664e-09 1.16536e-07 0.000137637 6.66748e-05 3.81991e-05 0.0155691 0.00109125 0.0025425 0.00225308 6.30193e-05 3.44519e-05 0.000609016 0.00802063 0.00255258 1.30126e-07 
0.0368216 0.0698656 0.00598502 0.000780634 0.04403 0.0128989 0.193045 0.0731924 0.0080713 0.0418165 0.047427 0.000415374 0.0070852 3.58559e-05 0.0386705 5.37426e-10 2.51553e-05 0.00486503 0.000993323 0.00121815 0.0446033 0.0204372 0.0349574 0.0238575 0.000207341 0.0039361 0.00798242 0.125726 0.151042 7.76724e-06 
0.344341 0.0108892 0.0655639 3.53436e-05 0.00050228 0.00170706 0.521304 0.000113838 5.29485e-05 0.00199982 0.000111344 0.00351532 8.67975e-06 1.39351e-07 0.000274124 4.51433e-07 0.000885236 0.00853067 0.0103927 5.47761e-09 0.0160736 0.000256407 5.13213e-06 0.000748187 9.56936e-06 2.07187e-06 7.79289e-05 0.0113645 0.00123352 7.17622e-07 
0.188302 0.0871449 0.0113954 0.00296503 0.0066258 0.00570954 0.350163 0.158178 0.00588938 0.0184496 0.00281134 0.0192627 0.00430367 0.000112726 0.00751772 0.000479488 0.0005255 0.00341402 0.00627649 0.000385658 0.0385643 0.000742471 0.0111138 0.00622288 0.000258774 0.00104097 0.0122638 0.0279964 0.0218757 8.89523e-06 
0.0201959 0.0363603 0.132308 2.78294e-05 0.00372594 0.0028083 0.310027 0.0106222 0.00021318 0.219158 0.0179251 2.262e-10 0.000398229 0.000195702 0.178859 2.89431e-07 1.04691e-05 0.000306552 0.00321587 1.12911e-07 1.37872e-05 0.00239095 4.88129e-05 0.00318343 0.0233474 0.0048136 0.00171535 0.0205096 0.00761484 3.83386e-06 
0.0370324 0.0789766 0.0377931 7.90161e-06 0.000657318 0.00335498 0.765706 0.00176539 0.000349692 0.00754888 0.00205486 0.0173495 0.00138001 4.132e-09 0.000248356 4.07514e-07 6.40772e-07 1.00871e-05 0.000903476 1.45632e-05 0.00869312 0.000593042 0.000728682 0.001054 0.0281873 0.000543293 0.000153843 0.00437532 0.00051714 6.59965e-08 
0.120683 0.00226421 0.000745572 1.68254e-05 0.000983367 0.039779 0.433541 0.00102968 2.85943e-07 0.162828 0.0102608 0.05324 0.044805 0.000912923 0.00946869 9.31166e-11 0.00189594 0.00456424 0.0631264 0.000886716 0.000210513 0.000968701 6.50193e-05 0.0073327 0.0016973 0.000628659 0.000173967 0.0370663 0.000825695 7.11004e-11 
0.0513883 0.0303226 0.0173601 8.0793e-05 0.00757971 0.00664145 0.622474 0.0464887 0.000744894 0.0378437 0.00531137 0.00225736 0.00579025 0.000215653 0.0108024 1.98316e-05 0.00615288 0.00414843 0.0247279 0.000431769 0.0123563 0.0221124 0.00142172 0.0235764 0.000897335 0.00252857 0.00581749 0.0365697 0.0139159 2.16252e-05 
0.110371 0.0141738 0.00163155 0.000222813 0.0608885 0.0013457 0.694637 0.00584533 5.68806e-07 0.00711691 0.000379914 1.0624e-05 5.90136e-05 9.5348e-08 0.00282043 7.43318e-09 5.28647e-06 0.0106857 0.034203 8.85724e-11 0.0196663 5.3157e-05 0.000670981 0.00358279 0.0034724 0.000594973 0.000743324 0.0229734 0.00384543 2.13564e-07 
0.00787307 0.166668 0.00292101 0.000112748 0.0293367 0.0050348 0.517265 0.138769 0.00157268 0.00720947 0.00353002 9.80282e-06 0.0377833 4.25399e-05 0.000267513 1.91942e-06 3.40651e-05 0.00198764 0.0274381 0.000432292 0.00140136 0.0304405 0.0051188 0.00888426 6.7582e-06 0.000814509 0.00033753 0.00259982 0.00210606 1.29512e-06 
0.0228435 0.236191 0.00365928 5.76477e-05 0.00549635 0.00395048 0.507485 0.0432833 0.0179727 0.0176598 0.00764273 4.88484e-06 0.00753757 0.000743535 0.0113363 3.09522e-06 6.34122e-05 5.83033e-05 0.0170964 9.70557e-05 0.00673696 0.00523509 0.0109707 0.00813835 0.0115147 0.000814175 0.0188203 0.0255713 0.00899848 1.73539e-05 
0.109985 0.104322 0.103255 0.000285319 0.0071859 0.0114469 0.338368 0.0729103 0.00670501 0.033245 0.00789942 0.00439432 0.00399617 0.00145975 0.00866249 1.11934e-07 0.00112081 0.00564829 0.0315709 0.000727883 0.0308708 0.0137256 0.010694 0.0151065 0.00568308 0.00442322 0.00546126 0.0499395 0.0108978 1.07501e-05 
0.000295718 0.0182897 0.00693533 8.5807e-08 0.00643528 0.00204139 0.446059 0.00868672 6.27882e-08 0.000715454 0.00318255 0.100198 0.000422838 3.8615e-05 0.0875218 7.92595e-11 9.33284e-07 0.00329231 0.00124469 1.96852e-06 0.00332842 0.00393609 1.27888e-06 0.0063748 1.58684e-05 1.60374e-06 0.000381799 0.285044 0.0155538 6.05196e-11 
0.0010895 0.0460576 0.0102975 2.94638e-09 0.244964 0.00358241 0.278505 0.0167898 5.40156e-08 0.0168949 0.000754472 6.69673e-08 0.000581404 1.65621e-08 0.0382918 1.38764e-12 6.77626e-10 2.9413e-08 0.0240667 7.32159e-10 0.0163972 2.98515e-08 0.0414171 0.00654281 1.21178e-05 4.12905e-08 0.00351153 0.181446 0.0687984 1.05955e-12 
7.55059e-07 0.0656053 0.0108679 7.54971e-07 7.54936e-07 0.0206883 0.675149 0.0229533 0.00211405 0.0292035 7.55024e-07 7.54302e-07 0.0165324 7.54296e-07 0.0489872 0.00150798 0.00686142 7.54617e-07 7.54983e-07 7.5353e-07 0.0197078 7.54842e-07 7.54699e-07 0.0498328 7.54514e-07 7.54738e-07 7.62554e-05 7.5513e-07 0.0299011 7.53998e-07 
0.0957968 0.0615667 0.101158 0.0011192 0.0116456 0.010501 0.353492 0.054617 0.00697049 0.0376903 0.00629175 0.0118462 0.00690742 0.00170166 0.0255655 1.67834e-06 0.00103543 0.00406739 0.0337402 0.00117479 0.035963 0.00983161 0.00546342 0.0267316 0.00239686 0.00261566 0.0109434 0.0509773 0.0281774 1.04016e-05 
0.000809691 0.0138742 0.00588982 2.12718e-05 0.00559221 0.000637696 0.933299 0.0020601 7.6789e-05 0.000842065 0.00143461 0.000595925 0.000466415 1.32364e-05 0.00140816 1.98664e-09 1.16536e-07 0.000137637 6.66748e-05 3.81991e-05 0.0155691 0.00109125 0.0025425 0.00225308 6.30193e-05 3.44519e-05 0.000609016 0.00802063 0.00255258 1.30126e-07 
1.52984e-06 0.04786 0.00152313 1.22481e-09 0.000518473 0.00142602 0.877466 0.0400896 0.000254444 0.000228743 2.24929e-06 8.37669e-05 1.07292e-05 1.39667e-06 0.00269953 1.22456e-07 4.72347e-06 0.000158529 0.000132325 0.000113529 0.0136032 0.000431488 4.6365e-05 0.00166618 3.36381e-09 2.33269e-09 0.00104989 2.52803e-05 0.0106028 5.77043e-09 
0.00448635 0.0317228 0.000264746 6.82675e-09 1.08529e-06 0.000881871 0.655581 0.00609146 0.00348825 0.0329027 6.69335e-08 7.11615e-08 0.000403633 5.79701e-05 4.27391e-11 1.58937e-10 4.0867e-08 1.80308e-05 0.187982 1.67384e-10 0.0142595 0.000807707 0.00170409 0.036279 7.07443e-11 1.22379e-07 0.0216239 0.00112564 0.000316912 1.21358e-10 
0.000191382 0.00784781 0.00254905 9.53402e-05 0.0801285 0.00657272 0.472481 0.0448262 0.0133522 0.00206652 0.00886758 0.000123781 0.000951462 0.000646695 0.0289505 3.23297e-10 2.92336e-07 0.00733754 0.0460717 0.00156069 0.0402321 0.00840642 0.00111892 0.0900399 0.000431048 0.000641625 0.00668314 0.10039 0.0274331 1.86576e-06 
0.0112327 0.0769419 0.0766008 2.53027e-08 4.15579e-07 0.00725559 0.400578 0.07922 3.0015e-06 0.00526525 2.36563e-05 0.0006177 0.00139352 0.000524141 0.00334804 2.66365e-10 1.8264e-05 4.53761e-08 0.0175499 2.80522e-10 0.229926 0.00288946 0.00229335 0.0287413 3.8795e-08 1.21807e-07 0.00901495 0.0307731 0.0157889 1.65351e-08 
7.55059e-07 0.0656053 0.0108679 7.54971e-07 7.54936e-07 0.0206883 0.675149 0.0229533 0.00211405 0.0292035 7.55024e-07 7.54302e-07 0.0165324 7.54296e-07 0.0489872 0.00150798 0.00686142 7.54617e-07 7.54983e-07 7.5353e-07 0.0197078 7.54842e-07 7.54699e-07 0.0498328 7.54514e-07 7.54738e-07 7.62554e-05 7.5513e-07 0.0299011 7.53998e-07 
0.0187703 0.0489846 0.00520952 0.00104043 0.00577128 0.0176759 0.457906 0.1392 0.00582152 0.0237604 0.0162909 0.00481192 0.00574147 0.00125175 0.0616378 0.000129444 0.000378079 0.00349622 0.0158994 0.00595779 0.0249132 0.0305662 0.00403582 0.011386 0.000729859 0.0031883 0.0137138 0.0425144 0.0289254 0.000291427 
0.216572 0.0801832 0.00461889 3.83135e-05 0.0395388 0.0181189 0.478443 0.00273411 0.000910134 0.0370213 0.000285826 0.000373577 0.000362583 0.00016878 0.0121196 1.56569e-06 7.68999e-06 4.89829e-05 0.0528083 0.000260005 0.0214914 0.000931799 4.17825e-08 0.0123138 8.57992e-06 0.00020845 0.00375739 0.0130763 0.00359601 6.85842e-07 
0.0495336 0.0371271 0.124251 2.41204e-06 0.000926601 0.00929641 0.609363 0.00683404 0.000293941 0.0433684 0.00303628 0.00701058 1.79971e-05 6.54027e-08 0.000834675 8.29928e-08 0.00899833 0.000452558 0.000789073 1.6879e-08 0.0766036 1.38703e-05 0.00386366 0.0017667 6.18576e-06 0.000240991 1.95251e-05 0.014124 0.00122492 1.589e-08 
5.62519e-06 2.19933e-05 6.2952e-06 3.73104e-06 3.30275e-06 3.56755e-06 0.713796 5.52601e-06 0.0334484 0.031841 0.00608865 2.23295e-10 0.0122487 2.2491e-10 1.86861e-05 3.88205e-10 1.35665e-06 0.00324956 6.00491e-11 4.08838e-10 3.16491e-05 0.000289766 0.00566402 2.0101e-05 5.20111e-08 0.184558 0.00868374 2.48163e-11 9.46463e-06 5.95803e-08 
0.0104303 0.10563 0.206522 4.33395e-05 0.00574223 0.00193981 0.398086 0.010272 0.00398658 0.0261272 0.00339524 0.000401499 0.0014353 4.09812e-05 0.022016 2.68282e-10 0.00203093 0.000275906 0.0116055 1.21203e-08 0.116966 6.27183e-07 0.0158275 0.0101479 0.000573967 0.0101989 0.0225759 0.0064728 0.00725546 6.30694e-08 
0.00685483 0.0197186 0.0146702 5.63103e-06 0.0136554 0.0179267 0.621255 0.031836 0.00125399 0.0291611 0.00138864 3.55661e-06 0.000821978 0.00355072 0.0432422 0.00334304 0.00195964 0.00268285 0.0381311 7.49697e-06 0.0582713 0.00764872 0.00273053 0.0531576 0.00244455 1.29619e-05 0.00349046 0.0150899 0.00568508 1.41428e-08 
0.000171293 0.00190266 0.0015926 0.000399829 0.00530307 0.0119307 0.246587 0.0701457 1.72608e-07 0.089103 0.121189 0.000454446 1.74813e-06 0.000172989 0.0350875 1.25232e-09 8.90968e-07 0.0961418 0.00720092 0.00131041 0.000550308 0.100146 2.93599e-07 0.0620886 5.57422e-10 0.119583 0.000212452 0.0287232 7.91377e-07 8.44208e-08 
0.0434495 0.164067 0.196389 1.21535e-07 1.03784e-06 0.247954 0.28198 0.00422646 0.030652 2.65387e-06 8.07803e-07 1.15675e-10 0.0102588 1.16512e-10 3.07004e-07 2.01105e-10 5.23355e-07 3.34092e-07 1.31325e-07 2.11794e-10 0.0197417 1.04286e-06 3.6421e-05 0.0012213 8.9514e-11 1.51706e-05 2.13672e-07 1.28558e-11 4.74941e-09 1.56592e-07 
0.000467325 0.0645492 0.0111317 5.25221e-05 2.39001e-08 1.53104e-07 0.892441 0.00037015 6.34508e-08 0.00219078 2.69394e-12 0.0255756 4.68896e-12 4.86379e-06 3.27009e-07 2.09303e-11 7.82467e-08 3.44883e-07 4.90818e-07 3.96989e-08 2.24878e-12 0.000495696 6.90935e-12 0.00094684 9.31628e-12 0.00162517 0.000146793 1.36074e-07 1.96544e-07 2.55865e-08 
0.262393 0.0111126 0.00565613 7.23896e-05 0.000874308 0.0245417 0.407425 0.0165987 3.54787e-09 0.184896 0.00871304 0.000705461 0.00400416 6.39188e-05 0.00452203 9.80025e-12 2.65741e-05 0.000912146 0.00862637 0.000499765 0.000750497 0.00849988 5.32597e-08 0.0100334 0.0195345 0.00116508 0.000703263 0.0172765 0.000379362 1.43614e-05 
0.0223057 0.0739003 0.00895074 0.000147325 0.00335367 0.0651998 0.239831 0.0722581 0.0190824 0.0227012 0.0579366 4.33428e-08 0.00356563 0.000262731 0.0135421 1.8892e-07 2.18871e-07 0.0121182 0.0536727 0.000216646 0.00994174 0.0173726 0.115613 0.0394835 1.27186e-07 0.00188185 0.0620709 0.084156 0.000431739 3.32598e-06 
0.0499662 0.119586 0.0298951 7.62339e-06 0.000290309 1.93889e-05 0.717814 0.00723892 0.0218551 0.00249655 0.000500949 5.95315e-10 0.00626094 4.22548e-05 0.000143317 6.15371e-11 3.73229e-08 0.000166761 0.00341749 3.9486e-08 2.67273e-05 1.49434e-08 0.000289235 0.00364212 0.000215105 0.000523866 0.00302503 0.0288712 0.00370504 4.69874e-11 
0.00416455 0.0353838 0.00866253 9.4034e-05 0.000934264 0.0225299 0.385693 0.0101841 0.000159095 0.296449 0.000454792 0.00260505 0.00114122 2.93205e-05 0.0590383 0.00811837 5.44437e-05 0.0249478 0.00120632 0.000647122 0.0035854 0.0101152 0.00378885 0.0238412 0.000210753 0.0385949 0.00120196 0.0542151 0.00194786 1.07903e-06 
0.0937534 0.0951648 0.0540967 5.07186e-06 0.00581873 0.00830445 0.182908 0.0337179 0.0204754 0.0693795 0.00659411 0.00183354 0.00209465 0.000503358 0.00947241 3.81588e-07 6.27213e-05 0.000569722 0.037964 1.57459e-06 0.0386907 0.000730785 0.00341538 0.0304362 0.00010992 0.109548 0.0411325 0.1208 0.0324151 1.3437e-07 
0.0514079 0.0747776 0.0188401 2.70154e-06 0.000212846 0.0124839 0.431402 0.0782033 1.4016e-05 0.0539621 6.09636e-05 0.000250837 0.00138138 0.00307808 0.125436 1.52331e-07 0.000356155 0.00849406 0.0191384 5.63688e-05 0.0227071 0.0201876 0.0104982 0.00364562 0.000713913 0.00132703 0.00013497 0.0549495 0.00627277 4.57715e-06 
0.135411 0.102031 0.0309341 0.000403328 0.00854936 0.0176252 0.310433 0.0568532 0.00312407 0.0705704 0.0102018 0.00454431 0.00786821 0.00306424 0.063783 6.16565e-05 0.000219004 0.00636658 0.0127642 0.000599666 0.0290427 0.0182124 0.018467 0.0158834 0.00378233 0.00557811 0.0149732 0.0315404 0.017056 5.67898e-05 
0.0355647 0.0510125 0.000356545 5.48235e-06 0.0208931 0.152887 0.263506 0.101739 0.0654133 0.00602025 0.00218843 3.03788e-05 0.00782057 0.000334369 0.00328364 8.03427e-08 0.129732 0.000478022 2.58805e-06 2.40851e-10 0.00531081 0.0106329 0.00907995 0.0138367 0.0143992 2.7539e-07 0.0287476 0.0344711 0.0422531 1.34753e-07 
