0.0113656 0.00612797 0.0552376 0.000503293 0.0153805 0.00167146 0.433531 0.0126977 6.47268e-05 0.00356622 0.00749065 0.00115681 0.112229 5.74197e-05 0.0378033 9.8418e-10 5.01492e-06 0.00061044 0.0123275 0.0123658 0.00304979 0.000994212 0.00530659 0.0012352 0.115823 3.42562e-07 0.0270294 0.00361755 0.11875 2.00853e-06 
0.0488883 0.0919913 0.00505808 1.44807e-05 0.00438432 0.024714 0.502565 0.0524598 0.00299691 0.0106741 0.00550535 9.73004e-05 0.0345026 0.000724865 0.0279762 3.47461e-06 0.00022153 5.96981e-05 0.117105 0.00695965 0.00272588 0.0140024 0.00863395 0.0134217 1.46381e-05 0.000129489 0.00780399 0.00520923 0.0111569 1.14827e-08 
0.000467325 0.0645492 0.0111317 5.25221e-05 2.39001e-08 1.53104e-07 0.892441 0.00037015 6.34508e-08 0.00219078 2.69394e-12 0.0255756 4.68896e-12 4.86379e-06 3.27009e-07 2.09303e-11 7.82467e-08 3.44883e-07 4.90818e-07 3.96989e-08 2.24878e-12 0.000495696 6.90935e-12 0.00094684 9.31628e-12 0.00162517 0.000146793 1.36074e-07 1.96544e-07 2.55865e-08 
0.000228801 0.0334282 0.00389005 1.7909e-07 0.0123258 0.0581375 0.643202 0.027413 0.00558925 0.00581603 0.00849344 8.97881e-05 0.00525759 2.9076e-08 0.104274 0.000163582 0.0017387 0.000226835 0.000484107 5.28538e-08 0.0200534 0.00326093 0.0122256 0.00241284 0.000667032 0.0131589 0.0184899 0.0111347 0.00773337 0.00010474 
0.0629046 0.128537 0.0273974 0.00685776 0.0229947 0.0229509 0.20501 0.0968539 0.00739398 0.0514089 0.0175883 0.0145553 0.0109031 0.00206988 0.0152459 0.00765617 0.00176818 0.00209114 0.0407943 0.00279751 0.0371624 0.0349655 0.0141473 0.0209733 0.0225281 0.0288955 0.0146393 0.0575749 0.0212378 9.65746e-05 
0.100264 0.0979995 0.239623 6.53587e-06 0.0754517 0.00108545 0.242056 0.0270456 0.00219268 0.0493589 0.00237853 0.00228514 0.000425169 6.97944e-05 0.00295455 8.40208e-10 6.48315e-06 1.96648e-05 0.0336005 1.86937e-05 0.0484266 0.000933921 0.0134721 0.00465705 0.000781586 0.00204963 0.0322171 0.0146904 0.00593003 4.00117e-07 
0.216572 0.0801832 0.00461889 3.83135e-05 0.0395388 0.0181189 0.478443 0.00273411 0.000910134 0.0370213 0.000285826 0.000373577 0.000362583 0.00016878 0.0121196 1.56569e-06 7.68999e-06 4.89829e-05 0.0528083 0.000260005 0.0214914 0.000931799 4.17825e-08 0.0123138 8.57992e-06 0.00020845 0.00375739 0.0130763 0.00359601 6.85842e-07 
0.0282799 0.0293176 0.014955 0.000170602 0.00299796 0.0130599 0.299424 0.180902 2.73957e-11 0.0540969 0.152022 0.00181827 0.000881057 1.16325e-05 0.0173293 9.12819e-11 2.54412e-09 0.0159723 0.00857355 0.00516913 0.0140816 0.0147893 0.000605025 0.000780378 0.000351158 0.000983603 0.00193065 0.106743 0.0347542 3.04038e-07 
0.045278 0.0954184 0.0162915 0.000729356 0.0112467 0.014989 0.414399 0.0729009 0.00646325 0.0419074 0.00500111 0.00208172 0.00652294 0.000310699 0.0688563 0.000164444 0.000379366 0.00575279 0.0176348 0.00242187 0.0474252 0.0159767 0.00694168 0.0234611 0.00161879 0.00408929 0.0101165 0.0368567 0.0247437 2.09458e-05 
0.0401829 0.0583278 2.41924e-06 2.42023e-06 0.00726278 0.000728537 0.600335 2.42038e-06 0.017181 0.0106461 0.0547034 2.41809e-06 0.0183937 2.41806e-06 2.41967e-06 2.41588e-06 2.41686e-06 2.4191e-06 2.42027e-06 2.41561e-06 0.00605371 2.41982e-06 2.41936e-06 0.026143 2.41877e-06 2.41948e-06 0.0130722 0.0142848 0.132646 2.41711e-06 
0.0393231 0.0977592 0.0429047 0.00317441 0.0191908 0.0185154 0.462073 0.0524392 0.00580023 0.00956994 0.00728191 0.0201318 0.00524055 0.000537937 0.0126002 2.40587e-05 0.000336142 0.00202073 0.0545297 0.00177197 0.0312805 0.00934418 0.00767712 0.0214043 0.000429508 0.00562427 0.0132501 0.0253891 0.0303709 5.09404e-06 
3.29306e-05 0.00344921 0.000143596 3.69664e-12 8.4833e-05 0.00943186 0.924798 9.55569e-05 0.00109227 0.000400759 0.000204041 1.31195e-11 0.04093 2.09958e-05 0.00126549 2.28087e-11 1.85327e-11 5.40159e-07 0.000148667 0.000168038 0.00037002 0.000114814 0.000158838 0.0018757 8.19147e-07 0.000313861 0.00473713 0.00428774 0.00587385 2.31414e-07 
0.0311979 0.0741663 0.0242977 2.21851e-05 0.007334 0.00585993 0.68001 0.00926385 3.77634e-05 0.00677189 0.00783171 0.00680135 0.00193988 0.00199767 0.022547 7.6312e-05 2.06319e-05 0.00365818 0.00185413 0.00010158 0.0208541 0.016796 0.00148162 0.00465422 0.000179749 0.000473069 0.00175571 0.0593664 0.0086484 8.40499e-07 
0.0171189 0.0423325 0.0822193 0.000576399 0.0126793 0.0170084 0.178866 0.14486 0.00646632 0.0376015 0.0119893 0.00524581 0.00930909 0.00156108 0.00592697 4.83971e-07 0.000134351 0.00623824 0.0219271 0.00277493 0.0352509 0.156123 0.00622126 0.049571 0.00074264 0.0140359 0.00722053 0.0816674 0.0443004 3.10538e-05 
0.0702484 0.0581315 0.0196703 0.00189677 0.0401801 0.0284395 0.348649 0.0352964 0.00359233 0.0334874 0.0207758 0.0729413 0.00856043 0.000608302 0.0255671 0.00700833 0.00173436 0.00567087 0.0471479 0.000382268 0.0149546 0.0142284 0.00943169 0.0149574 0.0106122 0.00291694 0.0137998 0.0682994 0.0208086 2.07839e-06 
0.0490031 0.0585674 0.0256155 0.00071095 0.00988545 0.0163475 0.265711 0.115335 0.00637113 0.0707999 0.0266255 0.00182697 0.0118938 0.00169461 0.0143884 2.52475e-05 0.00348112 0.00997025 0.0431201 0.00740593 0.0169933 0.0752953 0.00632098 0.0464931 0.00515468 0.0036308 0.0140882 0.0678526 0.0252764 0.000115776 
0.0442014 0.109133 0.0651555 0.000277176 0.0011267 0.00223282 0.593338 0.00793928 0.00043289 0.0360829 0.00133449 0.0595575 0.00062507 1.98827e-09 0.0232611 3.43184e-09 3.08994e-06 0.00847742 0.00064758 4.47302e-06 0.0135073 0.00834197 2.04271e-07 0.0105497 0.00124904 0.00118831 0.000283316 0.00458635 0.00612439 0.000339073 
0.00735114 0.0443321 0.0257875 3.28632e-06 0.0118402 0.00569996 0.532488 0.00822589 0.00921996 0.0480818 0.00166942 0.00344274 0.000457349 0.000150347 0.126189 2.05216e-08 1.50322e-05 0.00021787 0.0313775 0.000256784 0.019452 0.0159955 0.00274907 0.0123053 0.00109328 5.6223e-05 0.00217576 0.0747355 0.0146311 1.45332e-07 
0.0335089 0.170271 0.0427789 0.000193598 0.00442367 0.00521312 0.301297 0.27758 0.000427131 0.037269 0.000366313 0.00641982 0.000341239 1.01656e-05 0.00969438 1.87253e-07 1.68563e-05 0.000367452 0.00917076 2.68903e-06 0.00823382 0.00121689 0.0263261 0.00429849 0.00919819 0.0314633 0.00755901 0.00500452 0.0073445 2.42218e-06 
0.0204858 0.16785 0.0102346 0.000268038 0.00289898 0.0648418 0.30203 0.0215487 0.0483759 0.0153927 0.0127837 0.00129629 0.00213842 8.81604e-05 0.00799098 1.30503e-07 7.90782e-05 0.00040996 0.0209593 0.0043111 0.0207114 0.195504 0.00039357 0.0391163 0.00898841 0.000180105 0.000127304 0.0203502 0.0102416 0.000403703 
0.345798 0.0106674 0.0656561 2.50837e-05 0.000494699 0.00167498 0.532805 6.7915e-08 2.38678e-05 0.00189231 6.19073e-05 0.00289607 8.21126e-06 4.895e-09 0.000256608 3.45579e-07 0.000259976 0.00289062 0.0100039 1.19908e-09 0.0120039 0.000215618 2.36729e-08 0.000693307 7.48718e-06 1.39461e-08 7.32841e-05 0.0103763 0.00121453 5.2742e-07 
0.100264 0.0979995 0.239623 6.53587e-06 0.0754517 0.00108545 0.242056 0.0270456 0.00219268 0.0493589 0.00237853 0.00228514 0.000425169 6.97944e-05 0.00295455 8.40208e-10 6.48315e-06 1.96648e-05 0.0336005 1.86937e-05 0.0484266 0.000933921 0.0134721 0.00465705 0.000781586 0.00204963 0.0322171 0.0146904 0.00593003 4.00117e-07 
0.0783036 0.021363 0.00355912 0.00517673 0.0175551 0.0187065 0.577208 0.0116791 0.00892545 0.0577124 0.0102586 0.0121418 0.00633944 0.000187708 0.00324516 5.74207e-07 0.00541653 0.0031972 0.00854785 1.94089e-05 0.036281 0.00114073 4.15884e-05 0.0232943 0.000738355 0.0660999 0.00435581 0.0170356 0.001469 1.5278e-08 
0.0185805 0.0221937 0.0740478 0.000213482 0.00689831 0.00625815 0.69472 0.0153764 2.15913e-05 0.00393519 0.0155629 0.00446951 0.00182427 0.000236241 0.00142916 1.25554e-06 3.78027e-07 0.00666661 0.00815291 0.00110371 0.0404187 0.00460974 0.000449233 0.0159077 0.000292332 0.00025061 0.00112971 0.0420106 0.013231 7.94791e-06 
0.184418 0.0599292 9.04828e-07 0.000286205 1.37372e-07 0.0417796 0.2969 4.099e-07 0.0026857 0.0181183 0.0155499 7.68944e-08 5.26426e-07 1.80076e-11 0.00133244 3.10819e-11 2.73514e-06 1.18279e-11 0.221388 7.49641e-07 1.11208e-07 0.0201393 1.02605e-11 0.0718895 1.39732e-09 6.45685e-07 0.00057607 0.0650013 1.33219e-07 2.3733e-11 
0.0729391 0.00772646 0.00381862 0.00106217 0.00299624 0.00110415 0.425561 0.00168495 5.45165e-05 0.00167805 0.000164946 0.00755342 0.00225827 6.51849e-05 0.00124805 1.68386e-08 6.60048e-09 0.28154 0.00823964 0.00111962 0.0288647 0.0145304 6.55091e-08 0.097399 0.000105977 3.79332e-08 0.00747377 0.0297359 0.00105866 1.7812e-05 
0.000480938 0.0597079 0.0139373 7.57364e-05 0.0538451 0.00563867 0.685195 0.0275262 1.2449e-07 0.00157426 0.0710195 0.0002378 5.46914e-05 1.09613e-05 0.00595068 4.38512e-10 0.00101769 0.000334927 0.000549785 4.61819e-10 0.0010589 0.00315026 0.00329024 0.00100067 0.000244781 0.0130298 0.000478221 0.0405419 0.00940204 0.000646476 
0.000809691 0.0138742 0.00588982 2.12718e-05 0.00559221 0.000637696 0.933299 0.0020601 7.6789e-05 0.000842065 0.00143461 0.000595925 0.000466415 1.32364e-05 0.00140816 1.98664e-09 1.16536e-07 0.000137637 6.66748e-05 3.81991e-05 0.0155691 0.00109125 0.0025425 0.00225308 6.30193e-05 3.44519e-05 0.000609016 0.00802063 0.00255258 1.30126e-07 
0.0233593 0.0221786 0.00815916 1.2377e-06 0.000497791 0.00416401 0.321391 0.0078731 4.94131e-06 0.0437983 0.016461 4.66603e-05 0.0114763 0.00447499 0.0650258 1.78423e-08 7.04612e-09 0.00394172 0.17643 0.00401887 0.00364543 0.00684582 2.58002e-08 0.0260098 0.000240874 3.99531e-08 0.00315588 0.238884 0.00791528 3.36697e-09 
0.0110867 0.0418599 0.00603239 4.05536e-07 0.022664 0.0282082 0.249857 0.0505881 0.000808653 0.0197851 0.0601785 0.0010138 0.0141348 0.000313497 0.140342 1.73871e-11 0.00331957 0.000889802 0.000321273 8.93848e-05 0.0269798 0.00255212 0.00676354 0.0556147 0.00931981 0.000231317 0.00518349 0.176971 0.0648849 6.8117e-06 
0.241454 0.0731309 0.0495512 3.54422e-05 0.00926118 0.00891295 0.380795 0.00786689 0.00446428 0.0163331 0.00103408 0.0079478 0.0007744 0.00116107 0.0586247 1.45548e-05 5.66161e-06 0.00129337 0.0114716 0.000117625 0.0300433 0.00111527 0.00107169 0.00660146 0.00150255 0.0106724 0.00848528 0.0578533 0.00840508 1.48969e-07 
0.119171 0.0313641 0.068619 8.66031e-05 0.00901754 0.0112871 0.361394 0.0792276 0.0045184 0.0193645 0.00251199 0.0073618 0.0059862 0.000475233 0.00588801 8.66312e-08 2.37599e-06 0.00517153 0.0929581 0.0449815 0.0276234 0.0718895 0.0015669 0.00667845 6.71424e-05 0.00252076 0.00748373 0.00617974 0.00660337 3.0506e-07 
0.00228835 0.0291956 0.0285446 5.52533e-06 0.00137045 0.00168465 0.601366 0.0415355 7.49091e-06 0.00389656 0.00136767 0.00425244 0.0398281 0.000206774 0.0655153 1.2278e-06 1.12391e-05 6.43088e-05 0.00399548 0.00419296 0.011195 0.0529935 0.0462025 0.00363968 0.00148496 3.47943e-05 0.00140172 0.0383483 0.015334 3.51194e-05 
0.0621179 0.109333 0.142824 4.75026e-05 0.000837116 0.0189343 0.436991 0.0359179 0.00545808 0.0440604 0.00384622 0.00135187 0.0051941 0.0016724 0.0269288 6.88341e-07 6.76642e-06 0.00109909 0.00389663 0.00294613 0.01034 0.00455477 0.000212425 0.0589383 0.000262095 0.00102341 0.00964186 0.00313415 0.00842987 5.88647e-09 
0.198962 0.0599306 0.0214576 0.00012429 0.00603399 0.0112513 0.322668 0.0360201 2.21271e-05 0.248663 0.000765873 0.000375784 0.00146644 2.29732e-05 0.00558244 3.78753e-08 0.000653262 0.00143902 0.00687944 0.000100594 0.0182394 0.00842467 5.56077e-05 0.0138773 0.000144906 0.00770426 0.00151489 0.0250927 0.00251109 1.70019e-05 
0.00550945 0.200725 0.132499 0.000172278 0.00794223 0.0079673 0.378434 0.0601618 0.00097229 0.0234253 0.00910697 0.000555758 0.0240635 0.000116058 0.0092516 4.0823e-08 2.16221e-05 0.000236018 0.000126635 1.17929e-08 0.00962044 0.000592942 0.0330109 0.0118437 0.0361997 0.00382717 0.0163322 0.00991884 0.0173665 4.20103e-07 
0.0674548 0.0242211 0.0590859 0.000142075 0.0083527 0.00762512 0.339659 0.0163635 0.000547515 0.0342105 0.0128788 0.0182799 0.00245638 0.0156654 0.125164 8.25198e-06 0.000991889 0.0242767 0.0226057 0.000453121 0.054436 0.0462305 0.000319889 0.0180816 0.000447717 0.00237336 0.00263144 0.07572 0.0192864 3.07681e-05 
0.064182 0.0163325 0.00418387 0.0982959 0.021828 0.114343 0.161308 0.0344149 0.000808911 0.0630069 0.027786 0.00950847 0.0117018 0.000209898 0.0149775 4.60711e-11 4.4185e-05 0.0984786 0.00259756 0.000684607 0.0115227 0.00540493 0.000713223 0.0551101 0.00257077 4.28074e-05 0.000885278 0.151552 0.0275057 3.75569e-07 
0.0826038 0.0383443 0.0173641 2.80363e-05 2.16797e-07 0.00190274 0.748739 0.0083847 3.49412e-08 0.013157 1.75895e-08 0.0543927 1.04545e-08 2.5795e-08 0.00228957 3.26193e-08 3.44901e-05 5.91617e-08 0.0159983 6.27086e-09 2.14403e-06 0.0107242 3.93752e-10 0.00497798 0.000341475 0.000713621 1.98104e-08 9.16057e-07 1.23935e-07 6.00085e-09 
0.0421502 0.0581279 0.0533964 0.00025255 0.00109698 0.0665263 0.460202 0.0165162 0.000442153 0.0473983 0.00320357 3.13385e-06 0.00142731 1.56303e-05 0.0321549 4.60965e-09 3.26638e-06 0.00849202 0.0177073 0.0012444 0.00455157 0.0688654 0.0358146 0.0066635 0.00484054 0.0133135 0.015646 0.0375176 0.00242673 1.18354e-07 
0.146952 0.00706999 0.0186424 0.000365838 0.0141305 0.00285182 0.23674 0.0346131 9.4719e-09 0.0359458 0.0117562 0.031632 0.000253616 0.00306815 0.00225494 3.05791e-06 2.10781e-08 0.00201738 0.102802 0.0721511 0.0205696 0.10586 1.25206e-05 0.00856487 0.00197372 0.000539929 0.000383857 0.134676 0.00413172 3.70925e-05 
0.0535285 0.113372 0.139221 8.3819e-05 0.000770186 0.0101938 0.524514 0.0216808 0.00535646 0.0441891 0.0015806 0.00465815 0.000163964 0.0147742 0.0137917 6.05982e-07 2.00636e-05 0.00345583 0.0031523 4.94343e-05 0.00827198 0.00296407 7.40006e-05 0.0200739 0.000119654 0.00173567 0.00404259 0.00462224 0.00354015 2.8919e-07 
0.0197477 0.00683595 0.00852892 0.000867454 0.00120376 0.123228 0.175178 0.104685 0.0037038 0.0287906 0.00263623 7.82802e-05 0.0954462 0.00379848 0.0383482 3.44316e-06 9.54144e-07 0.0232393 0.0521457 0.0578004 0.0384344 0.0558464 0.0432837 0.0243345 0.000450354 3.58358e-06 0.00398929 0.0161973 0.0711936 2.0456e-07 
0.0452072 0.0301913 0.0422492 6.01017e-05 0.0143554 0.00837742 0.49846 0.0228996 0.00288469 0.0549828 0.00257883 0.0017288 0.00736304 0.00783482 0.114658 3.69498e-07 0.000160851 0.00202199 0.00660931 0.000465764 0.0222185 0.0447859 0.000250064 0.00548957 0.00525359 0.0113045 0.010261 0.0185613 0.0187852 6.98083e-07 
0.0870823 0.175739 0.0099601 3.48058e-05 0.0166613 0.0238787 0.196529 0.0440156 0.000776179 0.0400503 0.0173531 0.000401112 0.00751588 0.000437492 0.113873 8.82606e-05 0.000446506 0.00539004 0.0419162 0.00764868 0.0210811 0.015565 0.00400759 0.0184407 0.00974234 0.00252432 0.00696408 0.0820956 0.0497732 7.75945e-06 
1.70421e-05 0.00144159 5.94787e-05 3.45861e-12 0.000150433 0.0125061 0.881745 0.000134812 0.0012053 0.000116901 0.000261267 1.22747e-11 0.068152 3.88826e-05 0.0023202 2.134e-11 1.73394e-11 6.67033e-07 1.06413e-07 0.000334802 0.000613753 0.000173356 0.000303258 0.00278589 4.41456e-07 0.000518101 0.00862971 0.00827803 0.0102129 7.26166e-09 
0.127337 0.0309935 0.0648582 0.00183027 0.00689998 0.0098129 0.55473 0.0126039 0.00174288 0.043638 0.00577549 0.00884201 0.00138705 3.91358e-05 0.00377629 6.48678e-07 0.00232559 0.00635309 0.0222653 2.98493e-06 0.0312971 0.0018348 0.000189863 0.0116548 0.000513215 0.0127525 0.001288 0.0325595 0.00269464 5.54624e-07 
0.000905703 0.0617622 0.0213998 7.61751e-07 0.0225721 0.0768882 0.161047 0.0564926 0.0360519 0.0271277 0.0295998 5.82901e-05 6.8515e-05 0.00191157 1.25865e-07 5.92431e-05 0.000478602 0.00461993 8.33597e-07 1.83758e-10 0.00519949 0.118669 0.0145995 0.141987 7.76646e-11 0.019559 0.0255596 0.0158759 0.00132879 0.156178 
0.190668 0.0687476 0.0558531 0.00403031 0.00558877 0.00799403 0.423017 0.00816489 0.00169967 0.0292497 0.00173973 0.0730522 0.00103372 3.79338e-05 0.00373344 0.000208881 0.00140873 0.00813767 0.0247345 0.000308704 0.0498662 0.000611659 0.00116181 0.00945956 0.00148708 0.00424805 0.00439533 0.0157759 0.00358151 4.34993e-06 
0.00786706 0.0200474 0.141495 0.033955 0.00628988 0.0441732 0.447252 0.084276 0.000535055 0.00348942 0.067352 0.00129579 0.0161547 0.00098576 0.0278442 1.44641e-05 2.29074e-05 0.00135609 0.0172153 0.000716623 0.0211455 0.00545522 0.00231784 0.00901796 0.000203796 0.000808278 0.0016368 0.034782 0.00228691 7.70386e-06 
0.0181614 0.144424 0.00904186 0.000171491 0.0526259 0.0279145 0.447328 0.015019 0.00189398 0.00944966 0.0139557 1.36983e-06 0.00678892 0.000264006 0.0416549 0.000324722 0.00113705 0.00304858 0.0372897 0.00103578 0.01462 0.0230108 0.0312622 0.0130877 0.00371863 0.0176795 0.0031545 0.0504129 0.0115223 1.20573e-06 
0.0330114 0.0208933 0.024981 4.78393e-05 0.0149537 0.0210125 0.59172 0.0106413 0.000684377 0.0219274 0.00456057 0.000796488 0.0018493 0.000480205 0.121674 2.4208e-08 0.00372703 0.00217929 0.021408 0.00148097 0.0131075 0.00781612 0.00296517 0.00982274 0.00408593 0.00903644 0.0018185 0.0376618 0.0156554 1.85909e-06 
1.09969e-05 0.0556878 1.99493e-05 4.49749e-06 0.0623999 0.0664213 0.219471 0.155347 0.000652999 0.0119794 0.0789234 3.91181e-06 0.0723426 0.000178968 0.0537295 9.32876e-08 0.0032631 2.99563e-05 0.0012936 0.0109088 0.00011503 0.010351 0.000542254 0.0991873 0.0101232 0.000234102 0.0251179 0.00886651 0.0527921 2.52071e-06 
0.0826038 0.0383443 0.0173641 2.80363e-05 2.16797e-07 0.00190274 0.748739 0.0083847 3.49412e-08 0.013157 1.75895e-08 0.0543927 1.04545e-08 2.5795e-08 0.00228957 3.26193e-08 3.44901e-05 5.91617e-08 0.0159983 6.27086e-09 2.14403e-06 0.0107242 3.93752e-10 0.00497798 0.000341475 0.000713621 1.98104e-08 9.16057e-07 1.23935e-07 6.00085e-09 
3.21119e-05 0.106103 0.00498828 0.000281105 0.0240301 0.0359499 0.422369 0.0417882 0.0660455 0.000629864 0.0015269 0.000216019 0.00564641 1.77526e-07 0.0139964 8.44509e-10 6.64746e-05 0.000459271 1.08409e-05 9.5638e-06 0.0167498 5.42388e-07 0.183145 0.000198423 1.44359e-06 0.000305277 0.015736 0.00427293 0.0554415 6.44836e-10 
0.02559 0.0920477 0.116364 4.74686e-05 0.00830998 0.00696134 0.303743 0.00688567 0.00200763 0.0110978 0.000657135 0.0332983 0.000128398 4.46677e-06 0.110267 3.88727e-07 2.96517e-06 0.00279211 0.0338274 1.62374e-08 0.115484 0.000164667 0.0011303 0.00138169 0.011535 0.0195402 0.00836534 0.0758215 0.0125326 1.22775e-05 
0.0169238 0.131313 0.0252922 9.43661e-08 0.00976783 0.0170572 0.301397 0.0340682 0.0459387 0.0233009 0.00182157 0.00758515 0.0184336 0.000764497 0.021732 1.37378e-10 1.11624e-10 4.93997e-05 0.0268436 0.000988495 0.104747 0.016617 0.019264 0.0188105 0.000240083 1.97447e-05 0.00721755 0.0390461 0.110761 2.62991e-07 
0.000809691 0.0138742 0.00588982 2.12718e-05 0.00559221 0.000637696 0.933299 0.0020601 7.6789e-05 0.000842065 0.00143461 0.000595925 0.000466415 1.32364e-05 0.00140816 1.98664e-09 1.16536e-07 0.000137637 6.66748e-05 3.81991e-05 0.0155691 0.00109125 0.0025425 0.00225308 6.30193e-05 3.44519e-05 0.000609016 0.00802063 0.00255258 1.30126e-07 
0.00175324 0.184647 0.106189 0.0111719 0.00208872 0.00516293 0.495466 0.0305033 4.20148e-05 0.00855923 1.49501e-07 6.23487e-05 0.00042041 1.10837e-07 0.0351323 0.000156783 0.000345484 1.13787e-06 0.0124299 0.000117016 0.0151154 0.00400435 0.0665276 0.0164553 0.000225535 6.14592e-05 0.00134064 0.000341111 0.00167943 1.72844e-07 
0.00152132 0.0889023 0.000692817 3.89882e-07 0.0208088 0.04043 0.341271 0.0260664 0.0141457 0.0642787 0.00211892 0.000724785 0.0390282 1.25841e-05 0.0499433 6.3422e-08 2.45833e-05 0.0059267 0.0315503 1.0339e-05 0.0485011 0.0702739 0.00185723 0.0475705 0.000359062 0.00160938 0.000745475 0.0791321 0.0224899 4.40938e-06 
0.0113793 0.131059 0.248695 2.42999e-07 0.00341865 0.00824842 0.397934 0.0216717 0.00144378 0.037736 0.00659594 0.000483079 0.0132202 6.93449e-05 0.00748434 1.64942e-08 0.00023719 0.00018582 0.00476671 0.000274994 0.00259458 0.00114788 0.0249328 0.0100044 0.0016505 0.00133253 0.0035001 0.0361044 0.0238236 4.94373e-06 
0.0669576 0.193018 0.0356438 0.00223361 0.0132256 0.0183391 0.241267 0.0545996 0.00549361 0.0222563 0.0208416 0.0152063 0.0135999 0.00124782 0.0143636 2.71224e-05 0.00254807 0.00289519 0.0950405 0.00171141 0.0206522 0.0137466 0.0154013 0.0239351 0.0029864 0.0159109 0.0208741 0.0403646 0.0254672 0.000146235 
0.00812211 0.078064 0.0410316 9.36614e-05 0.0053881 0.0012125 0.523758 0.0104058 0.00321041 0.00217022 0.000859227 0.232146 0.000150291 7.4808e-06 0.0107458 2.5674e-07 1.396e-05 0.000155008 0.00256131 2.21801e-05 0.0251233 0.000648188 0.00305431 0.00671499 0.000128152 0.000169506 0.00136394 0.0345755 0.00809576 8.84395e-06 
3.48563e-06 0.0347369 4.34334e-06 7.03453e-08 0.0156644 0.0159958 0.228966 0.0673483 2.75742e-06 1.58039e-06 0.00610146 2.16635e-05 0.000111912 1.16655e-09 0.00554639 5.08734e-08 1.63604e-09 0.00351339 0.0298462 2.12054e-09 0.101118 4.86687e-10 0.000219086 0.117527 2.241e-07 1.6445e-06 0.0106067 0.136743 0.22592 1.53745e-09 
0.0125637 0.0373292 0.0162523 0.000403053 0.00409785 0.0193622 0.494719 0.0554413 0.000760975 0.146909 0.00881508 0.0164895 0.0274283 0.0204497 0.0329424 3.60919e-06 0.000991319 0.00445549 0.00273426 0.00257643 0.00470049 0.00521082 0.00369313 0.0103767 0.00176111 0.0236213 0.0152556 0.00600988 0.0245893 5.74205e-05 
1.55648e-05 0.148663 7.93355e-06 9.15364e-08 0.0204585 0.0108761 0.362471 0.0647777 3.08131e-07 6.51792e-06 0.000698167 1.78972e-05 9.21933e-08 2.27474e-07 1.19464e-06 2.87655e-07 1.12607e-07 5.2172e-07 9.59672e-06 5.52999e-08 0.155058 0.0241517 6.93077e-12 0.0381382 2.9812e-07 6.48705e-07 1.74698e-07 0.17046 0.00415421 3.18041e-05 
0.0175194 0.0144517 0.00403809 0.00227794 0.00464261 0.0433976 0.254386 0.0656232 0.00799218 0.00464935 0.0193537 0.00269342 0.00525666 0.00793342 0.0192676 0.000180607 0.00112237 0.00161746 0.0136824 0.00294802 0.0675573 0.00966894 0.0191171 0.233466 0.00419005 0.0404847 0.0643125 0.0272006 0.0409639 5.11004e-06 
0.00886016 0.0332572 0.115148 0.0238368 0.00562975 0.0514532 0.45111 0.116176 0.000330696 0.00356279 0.0447902 0.00275052 0.0162727 0.000955137 0.0253544 0.00013378 3.54648e-05 0.000821126 0.0105796 0.000925035 0.0262838 0.00967996 0.00242907 0.0099586 0.000413727 0.000483978 0.00138887 0.0328313 0.00453887 9.40079e-06 
0.0830999 0.114063 0.0909575 1.65675e-08 7.04945e-06 6.20087e-06 0.681061 0.0239176 2.80725e-11 0.000374552 0.00043116 2.22656e-07 0.00358907 1.13463e-07 2.42619e-07 9.3537e-11 1.24551e-07 6.91556e-07 1.44687e-11 9.85084e-11 8.23074e-08 5.89742e-07 3.08778e-11 0.00175027 4.16343e-11 2.8872e-11 0.000339056 5.97942e-12 0.000401073 7.14214e-11 
0.0271004 0.139131 0.0267933 0.000213984 0.00510935 0.0134171 0.429682 0.0118882 0.00274523 0.0152366 0.00406869 0.000127649 0.0014613 0.000378905 0.00948755 0.00174537 0.00163698 0.00233543 0.0293376 1.17202e-05 0.00800745 0.00451912 0.0109345 0.0142969 0.0020385 0.205995 0.0115527 0.0182611 0.00248366 2.75311e-06 
0.0333868 0.314102 0.0588347 2.35354e-06 0.000208431 0.0129659 0.375856 0.00207311 7.23402e-08 0.0261966 0.00164467 0.000145951 8.57448e-08 0.000209299 0.156345 5.76293e-10 4.68255e-10 3.6665e-07 0.00199974 6.06923e-10 0.0108236 7.21029e-05 6.43079e-07 0.00179461 0.000325087 1.77884e-10 7.39154e-05 0.0029391 6.20593e-11 4.40036e-10 
0.0711827 0.0543395 0.0482187 0.000407855 0.0155131 0.0194915 0.312128 0.0484996 0.00385443 0.16295 0.0113824 0.0122478 0.007008 0.00219809 0.0295123 0.00207204 0.00193456 0.00711326 0.0293177 0.00171795 0.0344029 0.0143809 0.00357936 0.0152722 0.0064635 0.00944873 0.00767339 0.0526572 0.0144129 0.000619397 
0.00668497 0.0471163 0.0395095 5.48526e-05 0.0763766 0.00262495 0.247241 0.0313732 0.0649581 0.0402325 0.0148093 0.0553345 0.000111783 0.0013222 0.00743375 1.61023e-10 0.000277384 0.00434352 0.00789897 3.09693e-08 0.0655548 0.0199843 9.10343e-05 0.198374 8.76205e-05 0.008715 0.00103053 0.0434108 0.0148572 0.000191352 
2.99857e-07 0.0859153 0.00250911 6.33346e-07 2.42929e-06 0.0186578 0.701719 0.0474112 8.13667e-07 0.0321275 2.8471e-07 0.00230732 0.00390852 6.82343e-11 0.00789032 1.17775e-10 1.01478e-07 1.68388e-07 1.5434e-07 1.24035e-10 1.88903e-06 3.74374e-07 0.0353918 0.00357012 1.31324e-07 5.00157e-06 0.0272064 0.0070314 0.0243416 8.99289e-11 
0.0994055 0.110912 0.245783 1.81677e-05 0.000436992 0.00227551 0.471829 0.00623545 0.0010666 0.00257263 8.71393e-05 0.0144221 0.000862841 3.92165e-06 0.00343304 6.35538e-08 4.32518e-05 0.000590828 0.00989247 0.000173857 0.00896579 0.00755661 0.000991585 0.00144016 0.0019782 3.01435e-05 0.000974803 0.00552099 0.00249711 9.36363e-08 
0.065056 0.204086 0.0236015 0.00279059 0.0136257 0.012987 0.358642 0.044059 0.002154 0.0278067 0.0151876 0.00647247 0.00638143 0.0012237 0.0279619 1.21297e-06 0.00355444 0.00267807 0.035548 0.000709199 0.0253713 0.0149221 0.00588751 0.020773 0.00134755 0.00315959 0.0135157 0.0361404 0.0231335 0.0012231 
0.000467325 0.0645492 0.0111317 5.25221e-05 2.39001e-08 1.53104e-07 0.892441 0.00037015 6.34508e-08 0.00219078 2.69394e-12 0.0255756 4.68896e-12 4.86379e-06 3.27009e-07 2.09303e-11 7.82467e-08 3.44883e-07 4.90818e-07 3.96989e-08 2.24878e-12 0.000495696 6.90935e-12 0.00094684 9.31628e-12 0.00162517 0.000146793 1.36074e-07 1.96544e-07 2.55865e-08 
0.000809691 0.0138742 0.00588982 2.12718e-05 0.00559221 0.000637696 0.933299 0.0020601 7.6789e-05 0.000842065 0.00143461 0.000595925 0.000466415 1.32364e-05 0.00140816 1.98664e-09 1.16536e-07 0.000137637 6.66748e-05 3.81991e-05 0.0155691 0.00109125 0.0025425 0.00225308 6.30193e-05 3.44519e-05 0.000609016 0.00802063 0.00255258 1.30126e-07 
0.0173485 0.102941 0.0179829 0.000694053 0.0113179 0.0180066 0.18703 0.0681439 0.000427904 0.0982782 0.0019506 0.0271071 0.0102447 0.00394652 0.0837382 0.000252438 2.27933e-06 0.0194104 0.00643074 0.00564419 0.0467359 0.0475152 0.00831066 0.0302191 0.00331097 7.19354e-05 0.030763 0.0833311 0.0688375 6.60945e-06 
0.00385783 0.0697356 0.0571741 0.000269206 0.00256483 0.00204374 0.518614 0.037368 0.000257499 0.0426869 0.000371028 0.00294386 0.113921 1.84314e-06 0.00737414 1.5308e-10 0.00168542 0.00201871 1.76608e-07 8.30037e-06 1.64472e-11 0.0335808 5.05337e-11 0.0422845 0.0422711 3.76983e-07 3.7584e-08 0.0067845 0.0119942 0.000188682 
0.0732682 0.0230888 0.0063528 0.000192813 0.0101557 0.00879285 0.206868 0.0208189 0.0104132 0.0724952 0.0456053 0.0454708 0.00215732 3.83869e-05 0.0248034 3.67668e-07 0.000426937 0.00475664 0.0223679 0.00372871 0.0727204 0.142949 5.99356e-05 0.0116373 0.000517074 0.000405547 0.00452622 0.140374 0.0449874 2.11597e-05 
0.0370457 0.0268156 0.0314055 8.61047e-05 0.00723378 0.00480461 0.67078 0.0126224 0.000107174 0.0134231 0.00972494 0.00135018 0.0044368 0.000631378 0.0191185 3.91418e-06 0.00014184 0.0131667 0.0420988 6.14729e-05 0.0415095 0.00153694 0.00130703 0.00258316 0.00177873 3.93714e-05 0.000498717 0.0206565 0.0350317 9.43506e-08 
9.1331e-06 0.00157004 6.46325e-05 3.41848e-12 8.45806e-05 0.00721108 0.929316 7.22337e-05 0.00115137 0.000123076 0.000139983 1.21323e-11 0.0403442 2.08468e-05 0.00136983 2.10924e-11 1.71382e-11 3.58761e-07 7.91386e-08 0.000179397 0.000328815 0.000115949 0.00016248 0.00179408 2.38498e-07 0.00035238 0.00462314 0.00443473 0.00653145 5.4756e-09 
0.0334313 0.0142424 0.00722007 0.00193827 0.00620311 0.0202637 0.764955 0.0162038 0.00304095 0.0285343 0.00471574 0.00524245 0.0211667 0.000112784 0.00508232 2.36756e-07 0.00159619 0.00108839 0.00420186 0.000219304 0.0121008 0.00250071 0.000359083 0.00900938 0.000462788 0.0128892 0.00389606 0.0149274 0.00439546 2.66832e-07 
0.0967263 0.0926627 0.0134324 0.000299908 0.00210235 0.0212546 0.296459 0.134203 0.000514369 0.0452015 0.000743589 0.000805835 0.00967724 0.000855549 0.0855215 0.000831571 0.00330378 0.00613367 0.0364208 0.00624043 0.0252848 0.0188889 0.0223997 0.0131898 0.000410359 3.87755e-05 0.00108686 0.0421995 0.0231108 1.2599e-07 
0.000396603 0.0823059 5.17797e-05 5.84235e-05 0.182037 0.000968553 0.486289 0.00452605 1.06127e-05 6.96678e-05 0.00357218 0.00242028 0.00214402 3.76049e-06 3.26087e-05 3.07681e-07 0.198053 0.000510431 0.000583677 3.24034e-07 0.00336731 0.0101153 0.000427054 0.00314829 0.000998765 0.000187868 0.00106339 0.00475738 0.0118961 4.07088e-06 
0.00414751 0.00404447 0.0127847 6.94149e-08 0.0311325 0.0468697 0.190069 0.0685101 2.87875e-06 0.00920191 0.00246383 4.23694e-05 0.0075603 5.56488e-05 0.174486 5.77581e-08 7.43178e-09 0.00031256 0.100369 1.24897e-06 0.0470515 0.000530507 0.020557 0.00967906 3.97359e-05 1.7629e-06 0.0205516 0.17602 0.0735153 1.49746e-08 
0.0335387 0.0219734 0.00548187 0.000109231 0.0115871 0.0117143 0.538304 0.067762 0.000569858 0.187424 0.00488371 0.00175756 0.0115117 8.40922e-10 0.0368634 1.45147e-09 0.000176589 0.00268352 0.00424479 1.35921e-05 0.0135746 0.00268738 0.0119818 0.00513935 7.07182e-05 0.00610899 0.0033064 0.00988015 0.00665133 3.02783e-07 
0.00336322 0.0170833 0.0664212 0.0135221 0.00122936 0.0203248 0.20068 0.158737 0.00813543 0.00629428 0.0104656 6.83558e-05 0.000250483 0.000356478 0.00860786 8.2617e-08 0.00564211 0.00943402 0.0207873 0.00347509 0.00129409 0.180576 0.00931394 0.167167 0.0425414 0.0105816 0.00613575 0.00999464 0.00447452 0.0130432 
0.000346677 0.0150689 0.00129538 0.000959231 0.0076141 0.00635686 0.404173 0.0667724 0.000448816 0.194149 0.00976897 8.76353e-06 0.00616535 0.000376677 0.00175958 1.64854e-08 9.06158e-05 0.0277938 0.00115507 0.000352986 0.00877138 0.0766467 0.0289335 0.0414102 9.60453e-05 9.81674e-05 0.00707131 0.00945955 0.0828563 1.66728e-07 
0.0120276 0.227728 0.0183578 2.51871e-05 0.00786168 0.0127564 0.474094 0.00464942 0.0024864 0.00432929 0.0254637 0.00788505 0.000634663 0.0286523 0.0127338 1.30247e-08 0.00410132 0.00513049 0.00130995 1.07897e-08 0.0289448 0.000122708 4.96437e-05 0.0580721 0.0181032 0.00837123 0.0133656 0.0149171 0.00772899 9.7019e-05 
0.000987978 0.0939019 0.256004 9.00724e-06 0.00263587 0.0031478 0.496192 0.000665251 6.58961e-05 0.00322699 0.000699441 0.00108419 0.00162593 0.000275852 0.114639 7.66597e-08 0.000558566 0.0011947 0.000342958 9.33774e-06 0.0068713 0.000187178 0.000260352 0.00374568 0.000462027 0.00070605 0.000458209 0.00408634 0.00595618 1.0819e-08 
8.74114e-06 0.129691 8.91711e-06 1.04626e-06 4.36742e-05 9.49516e-06 0.405507 0.0467895 5.88639e-06 1.02779e-05 4.19666e-06 4.75994e-10 2.35464e-06 8.58241e-06 3.24226e-05 8.2753e-10 6.79116e-08 3.14908e-10 9.98457e-06 8.71513e-10 0.0698384 0.0313284 2.73178e-10 0.316627 3.68342e-10 4.64912e-06 3.65489e-05 1.03474e-05 2.13341e-05 4.42941e-07 
9.71865e-05 0.0215987 0.0208125 0.000802539 0.0400538 0.0661116 0.264368 0.0215661 0.158729 0.00260192 0.022056 7.29075e-05 0.0404586 0.000427014 0.00639138 4.0804e-08 1.74268e-05 0.00381166 0.00137611 0.00630356 0.0402132 0.145418 0.0675186 0.00613475 0.00425152 0.00170489 0.014165 0.0224293 0.0205084 4.04271e-07 
0.0439594 0.0384933 0.0087863 9.32336e-05 0.00122129 0.0113405 0.367834 0.013186 0.00582147 0.0404827 0.00690515 0.00489805 4.56834e-06 1.14374e-07 0.000204581 4.99239e-05 6.05047e-08 0.00453109 0.102817 7.44293e-05 0.0304196 0.0680332 9.07611e-05 0.182878 8.97455e-05 0.0013815 0.000244412 0.0647502 0.000934428 0.000475212 
7.31006e-07 0.00706428 1.27041e-09 3.4169e-07 1.39591e-06 0.0118114 0.306823 0.13437 4.5856e-06 0.0815892 4.39888e-06 2.06841e-09 3.66991e-06 0.00180703 0.00229195 3.59598e-09 0.0219243 1.36841e-09 0.0113624 0.00224377 0.0322885 0.0511745 9.87855e-06 0.00400973 0.0769911 0.00192915 0.00283013 0.013136 0.236328 2.74576e-09 
0.18049 0.165711 0.0183619 4.00034e-05 0.00154976 0.0139845 0.195583 0.0125794 0.00544933 0.176499 0.0148963 0.00468961 0.00662744 0.0111092 0.0286346 1.03807e-06 7.62732e-06 0.00309411 0.0775398 0.00200998 0.00623119 0.00761399 0.00407797 0.0128213 0.00758554 0.000157258 0.00531376 0.030877 0.00646392 3.98992e-07 
0.344341 0.0108892 0.0655639 3.53436e-05 0.00050228 0.00170706 0.521304 0.000113838 5.29485e-05 0.00199982 0.000111344 0.00351532 8.67975e-06 1.39351e-07 0.000274124 4.51433e-07 0.000885236 0.00853067 0.0103927 5.47761e-09 0.0160736 0.000256407 5.13213e-06 0.000748187 9.56936e-06 2.07187e-06 7.79289e-05 0.0113645 0.00123352 7.17622e-07 
0.0012957 0.0168255 0.0115135 0.00963441 0.00411743 0.0206365 0.299691 0.131329 0.00178476 0.00370486 0.007615 6.12726e-06 0.0381709 5.04446e-05 0.140795 2.94077e-06 0.00107016 0.000124882 0.00603925 0.0207739 0.0581099 0.0167344 0.0632103 0.0424795 0.00966056 0.0014002 0.014491 0.0223068 0.0563986 2.79244e-05 
0.00575132 0.0754784 0.00259508 4.4871e-05 0.0289851 0.0171006 0.507058 0.0952629 0.000779572 0.0276036 0.00232254 2.10905e-05 0.0168641 7.55089e-06 0.0204488 0.00662656 0.00216819 0.00115244 0.00468163 0.000383784 0.0669909 0.000230418 0.0288847 0.030566 3.40322e-05 0.000148214 0.000836219 0.0465444 0.0104289 5.25838e-07 
0.0814587 0.12072 0.105356 0.000166558 0.00492095 0.000171616 0.562843 0.0142433 0.000986352 0.00660534 8.93243e-05 4.90002e-08 0.00130038 1.19362e-05 0.00330548 4.83268e-10 3.42657e-06 1.24643e-05 2.99869e-06 5.08953e-10 0.0615448 0.000159994 0.00399116 0.00198467 2.88879e-07 0.0174841 0.0102414 8.02691e-07 0.00239507 1.4378e-07 
0.000809691 0.0138742 0.00588982 2.12718e-05 0.00559221 0.000637696 0.933299 0.0020601 7.6789e-05 0.000842065 0.00143461 0.000595925 0.000466415 1.32364e-05 0.00140816 1.98664e-09 1.16536e-07 0.000137637 6.66748e-05 3.81991e-05 0.0155691 0.00109125 0.0025425 0.00225308 6.30193e-05 3.44519e-05 0.000609016 0.00802063 0.00255258 1.30126e-07 
0.018489 0.100775 0.0697354 0.00472182 0.0106982 0.00619849 0.314969 0.191613 0.000852144 0.0273378 0.00788079 0.00289936 0.000491696 0.000364829 0.0408164 1.19483e-07 0.000283926 0.00341084 0.0372902 0.000392481 0.0133422 0.042182 0.000390932 0.0229746 0.000559316 0.00143776 0.00108558 0.0736647 0.00514269 4.26233e-07 
4.15862e-05 0.0237402 2.0594e-05 4.54416e-08 0.000299513 3.70203e-08 0.83201 0.0308827 0.000370069 0.0205675 0.00020505 0.00160878 6.28128e-08 0.000644801 3.84752e-05 2.8038e-07 2.27817e-07 0.000773653 3.73184e-05 0.0445526 4.22884e-05 0.0416805 4.83845e-05 0.00213406 0.00020209 8.65445e-08 3.80915e-06 9.16641e-05 3.13314e-06 2.14088e-07 
0.120683 0.00226421 0.000745572 1.68254e-05 0.000983367 0.039779 0.433541 0.00102968 2.85943e-07 0.162828 0.0102608 0.05324 0.044805 0.000912923 0.00946869 9.31166e-11 0.00189594 0.00456424 0.0631264 0.000886716 0.000210513 0.000968701 6.50193e-05 0.0073327 0.0016973 0.000628659 0.000173967 0.0370663 0.000825695 7.11004e-11 
2.16307e-08 0.136692 0.149518 9.70952e-10 0.000929369 0.00112548 0.531282 0.0113697 2.2036e-07 1.89939e-07 0.00597168 1.68946e-07 0.001428 2.21641e-11 0.118968 3.82562e-11 0.00100987 1.86478e-06 6.79832e-07 1.91332e-05 0.0166103 1.19693e-07 0.000149877 0.0105335 0.00020419 1.52949e-07 6.67626e-05 0.00046927 0.0136504 4.43561e-08 
0.00333665 0.00313784 0.00495223 0.000199407 0.000749433 0.0098575 0.822838 0.0213285 0.000133713 0.000502659 0.00555993 4.11217e-05 0.000592093 0.000159793 0.000545068 8.15302e-06 3.95092e-05 0.0306236 0.021081 0.000788405 0.0275832 0.00293781 1.12783e-06 0.0124168 0.000195713 0.00979961 5.31441e-05 0.0183212 0.00220923 7.27652e-06 
0.0588136 0.0400411 0.0118507 0.00122451 0.0177645 0.0268778 0.465005 0.0612944 0.00606676 0.0531138 0.0110344 0.00558665 0.00383337 0.00157785 0.0108465 3.53787e-06 0.0212806 0.00140043 0.0335521 0.00163151 0.0374909 0.0196639 0.00147242 0.016184 0.00108125 0.0187978 0.00429552 0.0618004 0.0064115 3.53499e-06 
0.0010895 0.0460576 0.0102975 2.94638e-09 0.244964 0.00358241 0.278505 0.0167898 5.40156e-08 0.0168949 0.000754472 6.69673e-08 0.000581404 1.65621e-08 0.0382918 1.38764e-12 6.77626e-10 2.9413e-08 0.0240667 7.32159e-10 0.0163972 2.98515e-08 0.0414171 0.00654281 1.21178e-05 4.12905e-08 0.00351153 0.181446 0.0687984 1.05955e-12 
0.137026 0.142892 0.00832187 0.000198889 0.00425736 0.0168203 0.217317 0.194031 0.00302323 0.00680557 0.0107917 0.00134361 0.00929974 0.00586979 0.00863358 1.801e-06 0.000159492 0.0085976 0.00928673 0.00059975 0.0469129 0.0700323 0.00630895 0.0217842 0.00112307 0.00680969 0.0220581 0.0266025 0.0130772 1.38737e-05 
0.0258977 0.0579373 0.271267 3.71753e-05 0.00280713 0.028341 0.342972 0.00343813 0.0143575 0.00356672 0.00223254 0.0241226 3.66e-05 3.44604e-06 2.87067e-05 2.91662e-07 0.00335685 0.028329 0.0800716 3.4638e-09 0.0488958 0.000492284 0.00250825 0.0325078 0.000109943 0.00391859 0.00561374 0.013332 0.00381854 3.29835e-09 
6.43502e-06 0.036037 6.43163e-06 6.43427e-06 6.43398e-06 6.43469e-06 0.359108 0.0289625 0.261161 6.43105e-06 0.0405453 6.42858e-06 6.43342e-06 6.42852e-06 0.0437495 6.42272e-06 6.42533e-06 0.00965331 0.00258019 0.0289054 0.10168 0.0295991 0.0160863 6.43479e-06 0.0122242 6.43229e-06 0.0296054 6.43563e-06 6.43503e-06 6.42598e-06 
0.0948136 0.0529719 0.000750767 4.02532e-05 0.00013364 0.0504299 0.229625 0.0420359 2.16185e-05 0.122522 0.0163491 0.000326436 0.0196515 0.00112882 0.0646388 1.3744e-08 5.16576e-07 0.000325703 0.0100549 0.0302669 3.53127e-05 0.079281 0.000789974 0.0148555 0.0430016 0.000333533 0.00498181 0.0982077 0.0224264 4.61698e-07 
0.127766 0.259414 0.0368259 4.50352e-05 0.0017176 0.00534693 0.48881 0.00133206 9.25862e-05 0.00268954 0.00838655 0.00184541 0.000390284 8.29641e-06 0.000551668 2.80622e-07 0.000245627 0.00620527 0.00748295 0.000181193 0.0255082 0.00231499 0.000274862 0.00330531 3.27499e-05 0.000141996 0.000510657 0.0154482 0.00312542 3.89156e-07 
0.0275917 0.23654 0.0195295 9.34358e-07 0.0192893 0.000316615 0.345968 0.00456361 0.009494 0.0512398 0.00492595 2.86711e-05 4.55042e-05 4.71832e-05 0.00814345 3.32967e-08 2.58868e-06 8.7663e-06 0.042331 8.03957e-11 0.127405 1.84517e-11 0.0333078 0.00380381 0.000250306 0.00435186 0.0515892 0.00745592 0.00176824 5.26397e-07 
0.106891 0.0250623 0.0452763 0.000286198 0.00100917 0.00110409 0.636905 0.000822794 1.05435e-05 0.0139469 4.89065e-05 0.0167581 0.000418324 1.39531e-05 0.0091861 1.07209e-05 4.2437e-09 0.108727 0.0135045 3.06008e-05 0.0058035 0.00128439 1.73362e-08 0.00085293 6.5787e-05 2.43731e-08 1.06833e-05 0.00991473 0.00205677 2.00074e-09 
1.04115e-10 0.00242008 3.40911e-10 6.88153e-06 1.77696e-10 6.71471e-06 0.604949 0.0283662 2.8961e-10 1.22173e-06 7.62476e-05 2.89186e-05 4.75815e-07 1.62185e-06 5.45185e-07 9.64973e-10 7.84069e-10 3.85574e-05 0.294987 1.01626e-09 1.04715e-08 0.0377553 3.21736e-08 0.0313527 2.19098e-06 2.97857e-10 5.78777e-06 6.16865e-11 1.03915e-10 7.36817e-10 
0.000724875 0.0192834 0.00225546 0.000327701 0.00919765 0.00953651 0.281268 0.0684061 0.00490621 0.00269078 0.0453934 0.000546713 0.00244789 1.01111e-05 0.026679 2.42021e-10 0.00193843 0.000704105 0.00730459 2.54884e-10 0.138206 0.00277801 0.0106197 0.17136 0.0688546 0.000527721 0.0155708 0.0892905 0.0191639 7.91011e-06 
0.0144333 0.214958 0.00518995 4.87632e-05 0.0117616 0.00899882 0.304317 0.0455772 6.25062e-05 0.044645 0.00133031 0.00484892 0.000574534 0.00350333 0.0093227 1.74446e-07 1.13301e-05 0.00126386 0.0458504 0.0126569 0.0709276 0.0306445 3.22169e-07 0.0614118 0.0199053 0.000794696 0.016492 0.0469356 0.0235152 1.83847e-05 
0.0104498 0.143837 0.235662 5.70702e-06 1.66467e-07 4.4411e-11 0.475448 0.00315538 5.29459e-05 0.0403393 3.73067e-05 1.9347e-10 5.52197e-07 6.62032e-08 0.0750268 3.36354e-10 4.36715e-07 1.27996e-10 0.00486884 1.12865e-06 3.61384e-11 2.42944e-07 1.11035e-10 0.00364247 0.00379093 1.03822e-10 0.000208448 0.00320242 0.00026962 5.35852e-07 
0.0469686 0.115691 0.308945 3.97956e-06 4.62864e-06 0.000302355 0.356558 0.087479 6.8764e-08 0.00131725 0.000622623 0.0706606 4.69623e-07 1.51059e-10 0.00120899 2.60735e-10 1.14085e-08 3.30987e-05 5.131e-07 2.74593e-10 0.00768802 8.35246e-05 8.6072e-11 0.00148511 0.000582848 8.51498e-08 1.0323e-06 5.87483e-06 0.000354791 3.30083e-06 
0.00713149 0.0430838 0.257031 4.71186e-06 0.00891698 0.000391683 0.476477 0.00409118 1.80867e-09 0.00117891 0.000996883 0.168686 0.000204425 8.35109e-13 0.00111496 4.82641e-09 7.06848e-10 0.000179527 3.61215e-06 8.94479e-09 0.00923145 0.000101847 1.28156e-07 0.00221805 4.9374e-05 3.4365e-08 0.000447053 0.0184594 8.80251e-08 9.85457e-07 
