0.00212046 0.0495245 0.00500625 1.11843e-05 0.0105723 0.0278438 0.224265 0.331693 0.0018481 0.0290422 5.21829e-06 0.0174131 0.00157893 0.00652835 0.00375731 2.17003e-07 0.00895681 0.00281399 0.00400376 0.00796166 0.0945829 0.00837002 0.000957781 0.0693258 6.08984e-07 3.01312e-06 0.00360089 0.0570718 0.0311395 2.06032e-06 
0.0190649 0.0105001 0.00473137 1.72617e-05 0.00454862 0.0154566 0.0646618 0.616258 0.00304291 0.0245642 0.0092947 2.94984e-07 0.00293639 0.0152395 0.0152371 1.27017e-09 2.58787e-05 0.00548777 0.021711 2.97094e-05 0.00751227 0.00578065 0.0021599 0.00826331 0.120607 0.00310937 0.00779975 0.0100579 0.00180033 0.000101556 
0.0105988 0.196612 0.00327194 1.32722e-05 0.00286819 0.0029113 0.126929 0.238157 0.00308878 0.00678681 0.013647 0.00971296 0.0057308 0.0018048 0.00941065 0.0378043 0.00242416 0.000458462 0.00517866 2.36949e-05 0.0160714 0.047771 0.0473517 0.0134099 2.35264e-05 0.00081901 0.0704842 0.0532822 0.0733542 3.76506e-07 
3.05238e-05 0.016185 0.0364548 7.99735e-05 0.0100795 0.0196145 0.082766 0.488751 0.0437242 0.023645 0.00649255 2.49595e-06 0.00284941 4.86419e-05 0.0055245 9.65852e-09 9.03784e-07 3.40223e-05 3.70294e-06 0.000271215 0.000696992 0.0484475 0.000354459 0.0575189 0.00559573 3.98046e-06 0.0174852 0.131585 0.0017549 7.37489e-09 
1.48993e-06 0.000902264 0.00261972 2.23808e-06 0.000201505 8.554e-05 0.000535936 0.961736 4.14444e-06 0.00975737 1.77738e-06 7.94303e-06 0.000134991 8.00048e-06 0.000478673 1.38092e-05 0.000142643 5.25494e-06 2.13606e-06 0.000239395 0.000322633 0.00213951 0.000440257 0.016626 0.00140284 4.26247e-06 0.0015513 0.000477749 0.000144314 1.05442e-05 
0.0029246 0.0105958 0.0121539 0.00886535 0.000587095 0.00861307 0.0848431 0.651206 5.3012e-05 0.00808803 0.00289851 0.00321837 0.000172125 8.39425e-05 0.00894202 3.2539e-05 0.000452717 0.000487139 0.00366052 5.23116e-05 0.0622071 0.00012104 0.00121037 0.08195 0.000120423 0.000191668 0.0149341 0.0235114 0.00771942 0.000104397 
5.54543e-06 2.88531e-07 5.673e-07 2.69627e-05 0.00151428 2.12022e-07 0.00214084 0.869228 4.81931e-07 4.56769e-05 0.0350008 0.00139737 3.5974e-07 9.30327e-07 7.88264e-05 1.60579e-06 1.30475e-06 6.11064e-07 0.00135266 1.69113e-06 0.0384126 0.0232637 0.000752849 0.0101246 0.0016639 0.000135261 0.00122047 0.0068084 0.00681767 1.22612e-06 
1.32038e-09 2.1989e-09 3.58887e-05 7.34051e-06 4.68757e-05 0.195224 2.89861e-05 0.804259 3.6765e-06 4.84036e-09 8.4743e-05 7.03913e-09 3.20794e-05 2.05682e-05 3.2908e-09 1.22377e-08 9.94351e-09 4.65693e-09 1.89298e-09 1.28882e-08 1.31484e-09 8.19391e-05 4.03983e-09 5.10366e-05 0.000105135 3.77741e-09 1.37854e-05 7.82305e-10 5.00913e-06 9.34427e-09 
0.0138183 0.00664605 0.000780865 6.85504e-06 0.0413572 0.000928853 0.0916533 0.453047 0.000152805 0.00609625 0.00667793 0.0330429 3.53413e-06 1.02927e-06 0.00111362 1.30674e-06 5.19693e-07 0.00622235 0.0170805 3.4676e-05 0.104258 0.086364 0.000364484 0.0338107 0.000288071 0.000116189 0.0146258 0.0670829 0.0143974 2.69137e-05 
0.0155455 0.00304757 0.0233988 2.07026e-06 0.0209317 0.00272935 0.0346519 0.723134 1.97506e-06 0.0729883 0.00169998 0.000939215 0.000946546 2.18022e-10 0.00704101 3.76315e-10 2.9467e-05 0.0146782 0.000333173 3.96316e-10 0.0425917 7.73185e-05 0.000570822 0.00672551 0.000591357 0.000409701 0.00115043 0.0231256 0.00265873 2.44416e-07 
0.00092987 0.124554 0.0423081 8.56634e-05 0.0111687 0.00538938 0.275624 0.29247 5.43897e-07 0.0126045 0.0352547 0.000906917 0.00014162 2.12881e-06 0.0339105 0.00580064 1.16156e-08 0.000938123 0.00180285 0.00752608 0.00577885 0.0564605 0.054688 0.00216257 1.03264e-05 0.00501242 0.000134796 0.0146084 0.00924638 0.000479548 
0.000134381 0.0260255 0.00216749 9.16946e-06 0.000103682 0.0024538 0.0765085 0.808097 0.000364952 0.0142312 0.000326402 3.03189e-08 0.000352047 0.000146707 0.00329744 1.17569e-10 5.21445e-05 3.23005e-05 0.0111343 2.25721e-05 0.0106658 0.00145585 1.90555e-05 0.00277156 2.47747e-06 3.2813e-05 0.00759071 0.0174177 0.0145846 3.39729e-08 
0.0285649 0.0194338 0.0854664 2.53194e-05 0.00966427 0.00642323 0.0564664 0.574355 2.45341e-05 0.0241266 0.0114851 2.51237e-05 0.0103607 9.224e-07 0.00120113 3.64349e-08 9.89624e-05 3.07844e-05 0.000829146 0.0464024 0.000771756 0.00513176 0.00032486 0.0345394 0.000704955 0.000403851 0.0029643 0.0369775 0.0431911 5.46452e-06 
0.00601779 0.0349494 0.000623966 0.000332996 0.0268448 0.0413509 0.0316529 0.22826 0.0196354 0.00671913 0.0619746 8.55675e-05 0.0264502 0.0276384 0.00177622 0.000173897 0.00486411 0.00138706 0.0387076 0.00107915 0.0802236 0.0171191 0.00442012 0.0759486 0.000228798 0.00226413 0.152188 0.0805431 0.0265283 1.24088e-05 
0.00195412 0.0839937 0.0244681 1.21545e-05 0.000215658 0.043353 0.144102 0.231153 0.0105411 0.0138363 0.0021009 1.99133e-06 0.00816023 7.35073e-06 0.0437074 9.89443e-10 1.37361e-05 1.18753e-07 0.00971683 1.52027e-06 0.00143102 0.039854 0.00443 0.150909 7.75555e-05 3.37847e-06 0.0380386 0.110765 0.037152 7.55502e-10 
0.00826976 0.00581956 0.00350873 0.000393929 0.184411 0.00769003 0.0266441 0.234108 0.00503305 0.00158815 0.00633705 0.00115469 0.00395922 9.3507e-05 0.0168726 1.91173e-06 0.00016614 0.00650434 0.0129501 0.000294001 0.192956 0.00203148 0.000274298 0.0955331 0.000314611 0.00450456 0.0239237 0.139228 0.015428 6.15849e-06 
0.000649615 0.000127153 2.67984e-07 2.19602e-08 0.00743211 0.00225527 0.00271984 0.944058 9.77558e-09 0.00572366 0.003363 2.5982e-10 0.00125102 2.617e-10 0.000295615 4.51705e-10 9.39586e-06 0.0198695 1.69841e-07 4.75713e-10 0.000879269 2.16361e-07 0.00159612 0.000977447 0.000565738 6.45114e-07 0.00170423 0.0044515 0.00207027 8.54728e-09 
3.65567e-05 0.00182511 0.00117887 4.38924e-05 0.00276143 0.015813 0.000889676 0.25256 0.0501958 1.03441e-06 0.00274535 0.00222042 0.00107319 0.131338 0.00694273 1.75174e-06 3.52661e-06 0.0603259 0.00470918 0.172947 0.00338248 0.0125993 0.0133365 0.0562206 0.00738575 0.000230317 0.0162332 0.167154 0.0158275 1.75527e-05 
1.3019e-05 8.73279e-05 0.00208193 3.7565e-06 0.00155297 0.0413629 0.0482499 0.414047 0.063525 0.000234835 0.00151871 0.000168571 0.00101913 0.00875444 0.0341828 6.96855e-05 0.00253808 0.00173519 0.00830638 0.000221649 0.0734373 0.00748418 0.0769579 0.0645553 0.00419069 0.00298987 0.0933896 0.0147048 0.0326125 4.72256e-06 
0.00308105 0.00522383 0.000588864 0.000535756 0.0344477 0.0340957 0.00546215 0.344277 0.0166945 4.13081e-05 0.0222642 2.89852e-05 0.00998212 0.000223727 0.032448 1.29335e-10 0.0254935 0.0684898 0.0214625 8.84664e-06 0.126745 0.0198187 0.000160257 0.140644 0.00168951 0.00827578 0.00782522 0.0574876 0.0125016 3.3712e-06 
0.00436716 0.0447299 0.0217108 4.62612e-05 0.0010845 0.0050912 0.217475 0.464609 0.000561327 0.00390173 0.00361172 0.000922722 0.0470205 0.00247238 0.014572 2.30997e-07 2.10428e-07 0.000953217 0.0334385 0.022757 0.00498826 0.0517204 1.18687e-05 0.0111708 0.000333061 0.00132982 0.00802459 0.0269143 0.00618157 3.78161e-07 
0.000121642 0.00276542 0.00091352 8.87807e-05 0.0387158 0.00927433 0.042179 0.403929 0.003497 0.0520719 0.00543697 3.55528e-06 0.0272431 0.00012239 0.142362 2.07755e-06 4.4997e-06 0.0265454 0.00180287 2.4997e-06 0.0110189 0.105902 0.000492178 0.0843858 0.00124398 0.00203505 0.00268152 0.0205228 0.0145949 4.08652e-05 
0.0040384 0.0085053 0.000522854 2.44106e-09 0.0141287 0.0261948 0.213488 0.444873 0.00375209 0.0018238 0.000411115 0.000272113 0.000188542 8.7261e-09 0.0747378 0.000496138 4.04834e-07 0.000353849 0.00104618 0.00260213 0.0256845 0.000771165 0.000102237 0.016992 5.61102e-05 0.000244425 0.00155997 0.121372 0.0357825 1.15005e-08 
0.000619101 0.0193504 7.95774e-05 9.04402e-06 0.00513147 0.000949736 0.0148552 0.460989 0.00484899 1.75182e-05 0.00281798 4.60053e-06 0.000644604 0.000168323 0.0122978 1.30261e-07 2.76749e-05 5.72564e-05 0.000135168 1.37184e-07 0.0126359 0.00307172 0.000619806 0.310092 1.90027e-05 2.57559e-05 0.0316709 0.10801 0.0108498 1.11009e-06 
0.0215699 0.129307 0.00590907 0.000795273 0.0513734 0.0141086 0.0807491 0.296327 0.0131082 0.0150651 0.0130367 0.00118456 0.00563864 0.00291688 0.0094695 3.4133e-05 0.000602899 0.00317962 0.0391747 0.000526986 0.072739 0.0185435 0.00529468 0.0215855 0.000793942 0.00969476 0.0223277 0.0710628 0.0738733 7.58853e-06 
0.0109016 0.00246165 0.0206034 3.49986e-06 0.0052675 0.179462 0.0608252 0.465373 0.000102542 0.00266422 0.00538142 0.000634885 0.00366944 0.00665166 0.0502712 4.3951e-05 0.0253542 0.0203447 0.00675599 0.000548914 0.00705977 0.000610615 0.00881141 0.00864518 0.000653806 0.00238936 0.00107926 0.00260524 0.100824 6.73564e-07 
0.00537255 0.00070203 0.000202249 0.00406784 0.0204225 0.033813 0.0514825 0.165071 0.0829008 3.14337e-05 0.0494964 3.26549e-05 0.000645751 0.000487803 0.000125213 8.96163e-10 0.000303169 0.00208835 0.0585667 0.0121607 0.0173607 0.047186 0.000372494 0.156844 0.000109456 0.128957 0.0182954 0.136617 0.00627618 9.10204e-06 
0.00354243 0.000489852 0.00366705 0.00386841 0.0428895 0.0299138 0.0626967 0.350468 0.00447137 0.00224942 0.0554587 0.000331655 0.000478104 0.00168823 0.001336 1.47623e-06 0.00158787 0.0517576 0.13218 1.44105e-05 0.0106523 0.0157987 7.61233e-05 0.0198989 0.000110357 0.0613724 0.00889817 0.128107 0.0059951 3.41927e-08 
0.00245526 0.015175 0.000219631 3.88966e-05 0.00184171 0.0230571 0.159586 0.254557 0.00164107 0.0479146 0.0211536 0.000218548 0.106851 0.00708771 0.00278183 3.13027e-09 4.03367e-07 0.00364295 0.0760825 0.0183047 0.00249763 0.0391081 1.03334e-09 0.0197893 0.00030818 8.76072e-06 0.0122073 0.0322639 0.151156 5.08182e-05 
0.000842517 0.00451173 0.00031387 0.000264441 6.54266e-06 0.00997973 0.0336268 0.706216 4.49513e-06 0.00116428 7.3636e-05 6.98082e-05 0.0012003 0.0180198 0.0026028 8.25495e-09 1.26396e-07 6.04694e-06 0.0094351 0.00285213 0.023956 0.0103932 0.000138683 0.0248186 0.000117527 4.2192e-05 0.00170614 0.097754 0.0498813 1.85172e-06 
0.000560463 0.00178776 0.0425118 1.29014e-05 0.00106562 0.0696771 0.108479 0.387838 0.0165454 0.000703647 3.45946e-05 0.000129048 0.0370225 0.000325386 0.13614 1.60712e-07 3.16642e-07 0.0370753 0.060154 0.00732875 0.0277293 0.00914421 4.49646e-05 0.00206144 0.000237117 0.00104582 0.000588251 0.0345309 0.0172189 7.88357e-06 
0.000211112 0.00191356 0.000518186 0.00116697 0.025549 0.0463407 0.197717 0.397829 0.0592116 0.00290469 0.0158965 9.47689e-08 0.000764446 1.63827e-05 0.000299559 1.43484e-10 0.00223278 0.0158161 0.00778077 6.04258e-08 0.00267457 0.000928546 0.0140401 0.0216427 0.00131086 0.112105 0.00635241 0.0540873 0.0106901 1.2828e-08 
0.00414747 0.0237417 0.00730876 0.000665035 0.0190753 0.0258313 0.0379916 0.527296 0.0443707 0.00183475 0.0133961 2.08744e-05 0.0219152 0.00356627 0.0120712 0.00017294 0.00186029 0.00453079 0.0274936 0.00119001 0.00443132 0.0174889 0.00567333 0.0666976 0.00161113 0.0111064 0.0312365 0.0446921 0.0384574 0.000125729 
0.000656586 0.018001 0.00283253 5.09959e-06 0.00998895 0.00533635 0.0310985 0.646287 0.0113218 0.00759402 0.00358264 7.92941e-08 0.00961522 0.00177179 0.00111026 3.88045e-05 9.30648e-05 0.00867943 0.0442515 0.00121937 0.0206851 0.031795 0.00327921 0.0454898 2.85053e-05 0.0091678 0.00980526 0.0702275 0.00585655 0.000180842 
1.31403e-06 0.0122548 9.54532e-10 0.161049 5.8937e-06 0.166164 0.0516832 0.181362 6.92044e-06 0.0303867 0.0267374 4.95e-08 0.113141 1.19446e-05 0.0151848 2.70188e-09 6.8195e-06 7.86332e-06 3.91727e-05 7.22889e-06 4.23094e-05 0.00267553 1.05017e-05 0.000144078 0.00127945 1.20567e-05 0.000315842 0.13334 0.104127 3.90147e-06 
0.0158104 0.0279755 0.00142378 2.81281e-05 0.014787 0.0227154 0.0558146 0.239767 0.00056177 0.00815004 0.0091497 0.000722908 0.00833617 0.0126321 0.00685125 1.54975e-06 0.00044023 0.00103355 0.17936 0.00912492 0.0437524 0.0186079 0.00041672 0.0599708 0.00265024 0.00385284 0.0102523 0.177768 0.0680408 2.08351e-06 
0.00662115 0.00730953 0.000279336 2.72824e-05 0.00899143 0.0663718 0.0203469 0.477527 1.0438e-08 0.0485695 0.0160836 6.13449e-06 0.00559685 2.01497e-08 0.000395821 3.47793e-08 6.44357e-05 4.26934e-06 0.00287743 0.000249164 0.00493368 0.179169 7.34109e-05 0.0032161 0.00660192 0.000914834 0.00420462 0.0695383 0.0700235 2.45535e-06 
0.00196383 0.0068274 0.00181397 2.88629e-05 0.0421291 0.00928744 0.00774528 0.327764 0.0456896 0.00765098 0.030538 0.00192181 0.018814 0.00156863 0.000883849 1.09997e-07 4.42577e-05 0.00211679 0.0385085 0.00165296 0.142261 0.0165566 0.00289971 0.0656987 5.50673e-05 0.0104902 0.0244459 0.162863 0.0277689 1.11166e-05 
3.40556e-11 0.094316 1.11511e-10 5.63231e-08 3.13928e-07 4.1676e-11 2.00722e-06 0.865151 7.76888e-07 1.23608e-06 1.82858e-07 5.28346e-06 7.50973e-06 1.00596e-06 0.0179816 3.1564e-10 2.56467e-10 1.44256e-07 1.50477e-05 2.89235e-06 2.57402e-06 2.83819e-06 2.08498e-07 0.0161758 4.63773e-07 9.74283e-11 7.02189e-07 2.01775e-11 0.00633159 3.37656e-07 
0.0170271 0.0555305 0.0219587 0.00232628 0.0110481 0.050561 0.173253 0.242238 0.005103 0.0234743 0.0402553 3.22764e-07 0.0130821 0.000904054 0.0687298 3.2247e-07 0.00100039 0.00523127 0.0289461 0.00180595 0.033343 0.0507431 0.00180876 0.0446494 0.0013886 0.00387572 0.00856155 0.0665626 0.0265905 3.22634e-07 
0.0118009 0.0150004 0.0111492 0.000580204 0.00729834 0.0169621 0.144846 0.32434 0.00221505 0.00552959 0.000793107 0.00353534 0.00916734 1.5966e-05 0.036916 6.38528e-05 1.99176e-06 0.000634516 0.00104192 0.00706932 0.0059767 0.145364 0.074689 0.0260935 0.0159324 0.00292285 0.00117075 0.123458 0.00543152 7.61646e-07 
0.00233918 0.0178277 0.00139686 0.000115417 0.0156777 0.000328696 0.0227761 0.340367 0.000562102 0.00164832 0.000829471 0.143041 1.27261e-05 2.41305e-05 0.0036644 6.32747e-07 1.3528e-08 0.000239185 0.0111116 1.20333e-05 0.231968 0.00716814 6.87751e-05 0.0981018 6.60261e-05 0.000166286 0.00169145 0.079226 0.0194775 9.14068e-05 
0.00991372 0.0531715 0.0347403 0.000255163 0.00166456 0.078081 0.135286 0.389787 0.000256025 0.0312093 0.009153 0.000411631 0.00150459 0.00698599 0.0348459 0.0110542 2.45826e-06 0.00151947 0.00739561 0.00450884 0.00668181 0.0306711 0.00119246 0.0402237 8.47305e-05 0.00637619 0.0218127 0.0469251 0.0342721 1.38011e-05 
0.0280899 0.0555194 0.00125274 0.000350645 0.0671649 0.00721916 0.0796057 0.165541 2.10235e-09 0.0557791 0.0788792 1.65673e-06 0.00287278 7.11808e-07 0.00356318 1.16725e-05 1.89796e-05 0.0106104 0.0219413 7.92772e-07 0.0167501 0.0558136 0.00155433 0.0299551 0.0804575 0.00297836 0.0681277 0.149031 0.016909 5.34875e-09 
0.00897691 0.00947702 0.00114296 2.75626e-10 0.00761579 0.00288811 0.0838453 0.429261 0.0147657 0.0156177 0.00424149 2.25648e-05 0.0271934 0.00357458 0.0377853 5.98531e-07 0.00264236 7.02192e-05 1.12042e-08 3.72638e-06 5.00353e-07 0.121196 1.56674e-06 0.0146728 1.96661e-06 0.000425639 0.000331871 0.144434 0.0698104 1.00388e-06 
0.00306116 0.00482749 0.000233735 0.000135451 0.132775 0.00438409 0.0265376 0.186461 1.2631e-05 0.0015537 0.144475 0.00760282 0.0206225 0.000493984 0.00138932 0.00010151 9.46509e-06 0.000720003 0.0104019 0.00237193 0.0774368 0.0275082 0.00572078 0.055323 2.13935e-05 0.00240262 0.0204158 0.186426 0.0764099 0.000166123 
0.000691423 0.0293186 0.00236209 2.23349e-05 0.00576851 0.0352077 0.18267 0.28294 0.00490357 0.0270811 0.0454168 0.000379872 0.0170202 0.00998649 0.0334215 0.00895093 0.00015145 0.000571215 0.0278274 0.0167995 0.0156062 0.0201561 0.0557864 0.0282059 0.000341211 0.0025291 0.0599234 0.0219008 0.0640471 1.33135e-05 
5.02903e-11 1.56015e-05 1.22197e-06 2.37237e-06 1.51826e-07 2.35453e-05 1.67473e-05 0.858015 0.00188155 1.84359e-10 0.0498469 7.70221e-08 3.85823e-05 0.000107479 1.2534e-10 4.66109e-10 1.92579e-07 0.00194128 0.00379447 1.25005e-07 0.06557 0.000282119 2.20756e-07 0.00305731 7.36333e-07 8.5357e-06 0.00455147 0.00696457 0.00387919 8.20605e-09 
6.98234e-06 0.0600459 6.97867e-06 6.98153e-06 6.98121e-06 0.0558629 0.129888 0.254849 6.97946e-06 0.0048916 6.98202e-06 6.97535e-06 6.9806e-06 6.97529e-06 6.97993e-06 6.96899e-06 6.97182e-06 0.0286178 6.98164e-06 6.96821e-06 0.0935704 0.138218 6.97902e-06 0.0754136 0.0223344 6.97938e-06 6.98184e-06 0.136175 6.98235e-06 6.97254e-06 
1.47165e-05 0.0119417 0.000108749 0.000125301 0.0146308 0.0213315 0.0275393 0.53176 0.0133836 0.0106286 0.0300538 0.00214554 0.00107017 0.000213039 0.00948278 8.45911e-06 8.59293e-05 0.00591839 0.00586828 0.00881718 0.0167898 0.106198 0.00489349 0.0537724 0.00866503 0.0134375 0.00749665 0.0794311 0.0141828 5.2699e-06 
0.00226599 0.00913646 0.000484978 0.00878206 0.0192165 0.020571 0.0258095 0.347079 0.000127454 0.000842641 0.0271577 8.26346e-05 0.000378274 6.30969e-05 0.00545204 1.21949e-10 0.00132396 0.00796087 0.0341917 0.000683731 0.0435661 0.000240179 0.0259368 0.109242 3.52787e-05 0.228951 0.00419056 0.07269 0.00352575 1.21764e-05 
1.28893e-06 0.00102323 0.000152202 7.5508e-05 0.0116214 0.136928 0.00575839 0.283411 0.0438774 0.000312154 0.0371814 5.34062e-05 0.00549957 0.00265308 0.00115458 0.0020609 3.43182e-06 0.0078209 0.00390631 0.00142893 5.94995e-06 0.0654085 0.0336382 0.156109 0.000685221 0.00366505 0.026102 0.0356235 0.133668 0.00017128 
0.0255633 0.00792415 0.00171544 0.00671485 0.0170944 0.00913515 0.020802 0.370739 0.00451324 0.0103297 0.172365 0.0105917 0.00867085 0.000695567 0.0082013 4.27673e-06 0.0063751 0.000363513 0.00814867 8.60809e-05 0.0867021 0.0393012 0.0413144 0.0537074 0.000107522 0.00604929 0.0289593 0.0356865 0.0180518 8.66929e-05 
2.88581e-10 1.28322e-05 9.44923e-10 4.33922e-07 1.77361e-06 0.177201 6.68075e-06 0.457299 3.77363e-06 1.89376e-05 3.44257e-10 1.53847e-09 5.99201e-10 1.5496e-09 6.83349e-06 2.70143e-07 1.2607e-05 1.01782e-09 0.097422 1.29602e-05 0.067672 0.115727 8.82945e-10 6.34557e-06 6.41709e-05 7.1834e-06 0.00580216 0.0289087 0.0498133 2.04228e-09 
0.0219662 0.0108637 0.00180156 0.000127088 0.0304874 0.0228842 0.04574 0.467097 9.4316e-06 0.0260858 0.00888273 0.00012093 0.0131587 0.000517707 0.0227038 2.39485e-07 9.86716e-06 0.10127 0.0648473 0.00551232 0.0164961 0.0192007 0.000252412 0.0147092 0.0036055 7.84397e-05 0.000120062 0.0791853 0.0222058 5.99068e-05 
0.0157222 0.0275282 0.00327923 0.00269308 0.0164395 0.0294418 0.0607561 0.202364 0.0236562 0.0101683 0.0259427 0.000815224 0.019049 0.00513442 0.00872749 0.000126658 0.000176409 0.00336916 0.0873076 0.00223058 0.0392391 0.0190362 0.00676552 0.0693242 0.00143558 0.00599936 0.0279076 0.145836 0.139477 5.19876e-05 
3.02719e-08 0.00127848 9.91215e-08 0.000119048 5.16661e-08 0.00307119 0.124168 0.468429 8.42055e-08 0.000112725 0.0102447 1.61384e-07 0.00338403 0.0249176 0.00170225 2.80571e-07 1.52754e-06 0.0167839 0.0178907 0.00733351 9.75646e-06 0.282763 0.000119716 0.00837086 1.24885e-07 0.0238869 4.76835e-06 0.00522522 0.000172101 9.74003e-06 
0.129002 0.0261864 2.05146e-07 0.00242192 0.0180185 0.0488482 0.0522413 0.196336 2.05169e-07 0.0143591 0.022495 2.05048e-07 0.0161291 0.00467526 0.0238219 0.000696733 0.000738003 0.00268746 0.0851925 0.00421987 0.0842568 0.0682687 0.0085142 0.0464474 0.00217433 2.05167e-07 0.0163578 0.0812471 0.0446634 2.04965e-07 
2.32599e-08 5.07728e-05 4.99521e-05 3.49396e-08 0.00125157 0.0039032 0.0137555 0.97023 0.000209702 0.000117801 0.00356387 2.05204e-05 3.40405e-05 0.00150439 1.23705e-05 2.15582e-07 1.75166e-07 6.48523e-05 0.000475443 2.2704e-07 0.00166039 0.000562641 0.00216928 0.000312659 9.59576e-08 6.65433e-08 2.31883e-05 2.68445e-05 2.32153e-08 1.6461e-07 
0.00266646 0.00977245 0.00561198 0.000104397 0.00912814 0.0718752 0.115495 0.176532 0.000559087 0.0186784 0.0470319 0.00579497 0.00130121 5.59931e-05 0.118346 9.58161e-07 4.89307e-05 0.0113526 0.0214395 0.000346005 0.0719826 0.0290544 0.00134435 0.149721 0.00789169 0.00209623 0.00210028 0.0853524 0.0342768 3.95909e-05 
0.0718266 0.109865 0.00381888 2.28798e-05 0.0469435 0.0236648 0.0474442 0.252499 0.0549249 0.00628653 0.006156 2.1667e-05 0.00178223 0.0612167 0.000581752 1.4684e-10 1.58105e-05 0.00134056 0.0186532 2.39366e-07 0.0474151 0.00180056 0.0111439 0.00892668 6.29255e-07 0.0110586 0.0688914 0.0362897 0.107408 6.80593e-07 
0.00200342 0.0225937 0.00834167 0.000853322 0.0221442 0.0286521 0.069986 0.273079 0.00109805 0.00944125 0.00832865 6.62398e-05 0.0216919 0.00296512 0.138585 1.90682e-06 0.00816249 0.00271727 0.0277295 0.0133618 0.0399834 0.0617682 0.0458451 0.0309442 0.000443643 0.00349036 0.0588688 0.02665 0.0701842 1.91025e-05 
0.05593 0.0243992 0.0166112 0.00727451 0.0139596 0.0274313 0.116071 0.207621 0.00614846 0.0115619 0.0263703 0.00391955 0.00512474 0.00475404 0.00458934 5.30242e-08 0.000108735 0.00929887 0.0522843 0.000302404 0.089227 0.00597902 0.000207647 0.0754949 0.0024923 0.0124922 0.0134583 0.170484 0.0363915 1.3206e-05 
0.00872581 0.00406004 0.000174666 0.000627532 0.00852732 0.0278747 0.00737593 0.779072 0.00180073 0.000362307 0.00184735 2.31168e-06 0.00783335 0.0125522 0.0196018 1.66231e-06 1.4286e-06 0.000753543 3.0798e-05 1.04377e-05 0.0556222 0.0100272 0.000294326 0.0120249 2.27685e-06 1.10862e-05 0.0242789 0.00167071 0.014832 3.97257e-07 
1.89669e-07 2.85057e-06 0.0170564 3.5925e-07 2.98467e-08 0.0114614 0.00498758 0.641569 4.60072e-09 8.27701e-06 0.00041778 9.64105e-07 3.43423e-09 8.88128e-09 0.157555 1.53295e-08 1.24557e-08 0.0702324 0.000384859 1.61442e-08 2.70305e-05 0.00728364 0.085149 1.99916e-06 6.82331e-09 0.000358886 2.15826e-09 0.00350188 1.65079e-09 1.1705e-08 
0.000207787 0.0042367 0.00244574 8.47357e-05 0.0419918 0.0127856 0.0386829 0.378039 0.00325452 0.000777304 0.0568655 0.000395165 0.0074894 0.000242748 0.0172635 2.38149e-08 4.63368e-05 0.00931421 0.0154535 1.91799e-06 0.0579368 0.0289628 0.000543195 0.0765564 0.00345698 0.0447306 0.0275689 0.102219 0.0683862 6.01655e-05 
0.00106398 0.00717698 0.00536995 9.50402e-07 0.0445129 0.00248106 0.053977 0.309504 0.000423678 0.0213037 0.000295896 0.000677442 0.0568101 0.00072989 0.0608892 2.45436e-08 1.58233e-05 0.00133943 0.000173161 0.000101245 0.0122919 0.158998 0.0014401 0.135265 0.00038359 5.64272e-07 0.0512206 0.0401295 0.0334225 1.65284e-06 
0.00155443 7.37844e-06 0.0940365 3.27928e-06 0.00138788 1.59168e-09 0.00469594 0.832233 6.48475e-07 0.010746 8.50874e-05 6.93395e-09 2.70063e-09 6.98411e-09 0.000149501 1.20549e-08 1.13501e-05 5.52891e-07 3.76178e-05 0.00199818 2.52078e-06 7.01666e-06 1.29741e-06 0.0343195 9.12511e-05 1.68128e-06 3.98061e-06 0.0186255 1.29815e-09 9.20466e-09 
0.0105478 0.0298575 0.0196694 0.000491163 0.00317713 0.0523788 0.02546 0.245131 0.00850444 0.00163167 0.0117958 0.0151693 0.00678305 0.00144517 0.00268725 9.01914e-06 2.20935e-08 0.00441888 0.00627492 0.000501665 0.158713 0.022174 3.35216e-07 0.180298 2.88559e-05 0.000743617 0.0331889 0.137547 0.0208546 0.000516537 
0.000211112 0.00191356 0.000518186 0.00116697 0.025549 0.0463407 0.197717 0.397829 0.0592116 0.00290469 0.0158965 9.47689e-08 0.000764446 1.63827e-05 0.000299559 1.43484e-10 0.00223278 0.0158161 0.00778077 6.04258e-08 0.00267457 0.000928546 0.0140401 0.0216427 0.00131086 0.112105 0.00635241 0.0540873 0.0106901 1.2828e-08 
0.000892098 0.00474578 0.0110503 1.10439e-05 0.0044385 0.00378609 0.00921742 0.608677 0.00072259 0.000942155 0.0108493 0.000161608 0.0096496 0.00108818 0.0250717 1.20044e-07 0.00272525 0.0050971 0.0295384 0.00100962 0.0504772 0.0496305 0.000593468 0.0574801 3.17188e-05 0.00174319 0.00275175 0.0952045 0.0124126 1.02268e-06 
0.00118996 0.00269173 3.53383e-05 1.06368e-05 0.0043683 0.00756533 0.00911959 0.448369 0.0088824 0.00287403 0.00755347 4.4471e-05 9.14776e-05 0.0015502 0.0353678 1.06303e-08 1.55105e-06 0.00106434 0.0115994 0.000339867 0.188985 0.129103 9.15955e-07 0.0487412 3.49631e-06 5.13523e-05 0.0051209 0.0483113 0.0369289 3.50445e-05 
0.00108467 0.0132623 0.000382151 1.72474e-05 0.00794359 0.0860513 0.0512655 0.223693 0.00520833 0.00176459 0.0223091 0.00576799 0.0037521 0.00140594 0.148335 2.50234e-05 0.000592924 0.00127922 0.0213438 0.000191878 0.0458919 0.00896736 0.0370607 0.0901729 0.000617575 0.00426371 0.0210394 0.0482506 0.145976 0.00208368 
0.00195855 0.0555917 0.000555877 6.65276e-06 0.0137811 0.0535333 0.0498491 0.588655 0.00104725 0.000692529 0.00258548 0.000165982 0.000185997 1.62759e-05 0.0215989 9.90752e-08 0.00816176 0.0227469 0.00387955 2.62131e-06 0.0846219 0.00127372 0.00881058 0.020241 0.0272195 0.00735119 0.0156843 0.00287463 0.00582714 0.00108148 
0.0948088 0.101335 0.00114332 3.2559e-05 0.0238414 0.00479903 0.0696406 0.390141 0.00718429 0.0456215 0.00632251 4.80599e-05 0.0117847 0.000111044 0.0185362 3.62933e-10 1.5684e-06 0.00694291 9.79733e-05 0.000368756 0.00685958 0.00505297 0.00159593 0.0491888 0.000132128 1.22903e-05 0.00563959 0.129828 0.0189288 2.77122e-10 
3.72249e-06 0.00164476 1.30763e-07 7.86401e-06 4.5691e-06 0.0070845 0.00167113 0.691828 1.11085e-07 0.0134078 0.00037785 0.0024161 8.29201e-08 2.1444e-07 0.00289061 3.70133e-07 3.00744e-07 0.000104198 0.000230347 8.32701e-05 3.97677e-08 0.110803 0.0381578 0.127462 0.000105244 0.00121014 3.44377e-05 0.000206899 2.39293e-07 0.000263748 
4.73281e-06 0.00435415 0.00077995 0.000116558 0.0227233 0.0142652 0.0290581 0.287285 0.00833588 0.00632565 0.131416 5.0964e-05 0.00407246 0.0021705 0.00109418 1.20893e-05 0.000343802 0.0457118 0.00465855 9.01423e-06 0.0486828 0.0326745 0.00181677 0.0662151 0.00520854 0.210964 0.0427438 0.0143206 0.0143383 0.000247329 
0.00967563 0.00960751 0.000507645 0.000346541 0.0474813 0.0107825 0.0401696 0.48948 0.0035514 0.124646 0.000169352 0.000198001 0.00148021 1.05504e-08 0.000190578 0.0152053 6.7812e-05 0.00930193 0.000715424 1.91782e-08 0.0783567 0.0126377 0.00323497 0.0294152 0.000627242 0.000198766 0.00689401 0.104345 0.000710423 2.63562e-06 
0.00038535 0.0309567 0.0152495 0.000622246 0.0563106 0.0468625 0.0210004 0.295648 0.00686837 0.00617747 0.0243814 0.000432788 0.0285999 0.00126829 0.0108899 3.61761e-07 0.000120022 0.0131589 0.0135155 0.0507608 0.0881685 0.0247709 0.0192974 0.041498 0.00634834 0.0235454 0.0648057 0.0626415 0.0457111 3.85905e-06 
0.000778128 0.000655261 8.35311e-07 0.00025719 0.000656952 0.000617498 0.000981064 0.568405 7.09611e-07 0.0295602 0.00506138 0.00877677 0.000683864 1.36984e-06 0.00152391 2.36441e-06 1.92115e-06 0.0251803 0.000631502 0.00425779 0.000423233 0.338388 0.00103386 0.00756781 0.0012742 7.2982e-07 3.32888e-07 0.000352141 0.00146343 0.00146202 
0.00218686 0.00194549 6.40435e-05 0.000109953 0.0344041 0.0037037 0.0422512 0.591334 0.00839859 0.0300332 0.00574941 0.000643239 0.00307177 0.000226494 0.000257952 2.19862e-05 0.000265893 0.00312072 0.140267 0.000355999 0.00122947 0.0475006 0.000821078 0.0535035 5.66941e-05 0.000137445 0.00584934 0.0195845 0.00199134 0.000914114 
0.0579306 0.0146931 0.0160027 5.76297e-05 0.0138385 0.00402903 0.147257 0.271167 0.00269654 0.00354794 0.000997113 3.34295e-05 0.000295879 0.00202239 3.29825e-07 3.40973e-10 1.03097e-07 0.00100495 0.208833 3.59095e-10 0.122677 0.00055563 0.00203385 0.0456986 3.95023e-05 0.00475727 0.0732283 0.00627606 0.000326007 4.22708e-08 
0.00441861 0.0521356 0.0200062 0.000368802 0.0198315 0.0390687 0.0265949 0.259898 0.00556839 0.00768807 0.0177109 4.34864e-05 0.00690767 0.00138415 0.00128434 1.18134e-06 0.000474962 0.00260834 0.115412 0.00754835 0.077686 0.0353852 0.00105774 0.165077 0.0157469 0.0162435 0.00682341 0.0820013 0.0110236 1.75385e-08 
0.00429354 0.02377 4.98322e-06 3.34151e-07 0.185146 0.0326113 0.00507942 0.453269 2.15455e-05 3.6412e-07 0.0257342 0.000224309 0.000266406 1.07244e-06 2.86299e-06 7.66806e-09 0.00040358 0.0254401 0.0295846 8.07561e-09 0.0965721 0.000593161 0.000157187 0.00655452 2.84735e-07 6.14218e-06 0.00112325 0.0811955 0.0279448 2.47151e-07 
3.02695e-10 0.000542093 2.97877e-07 8.605e-05 0.00131073 0.0308308 0.0653156 0.38851 5.58358e-07 3.44275e-06 1.49253e-05 0.00175791 0.0047945 1.04583e-06 0.0221203 2.80549e-09 3.79623e-07 0.0016013 0.00308196 0.000177127 4.5706e-06 0.290454 0.0746121 0.00043098 6.65049e-06 1.87804e-06 0.00313599 0.0170607 0.0941427 1.08935e-06 
0.0795119 0.00405098 0.0639633 0.000274185 0.00236945 0.00233962 0.00951031 0.279413 0.00040043 0.00907369 0.00578515 0.000249182 0.000634987 3.51089e-06 0.00748335 4.39513e-08 2.42337e-06 0.000762869 0.00344736 0.00223624 0.0346978 0.0990186 2.15109e-05 0.255766 0.000135088 2.1714e-05 0.000418881 0.128409 0.00997176 2.68077e-05 
0.00110164 0.0160011 0.00274095 0.00609201 0.035762 0.121132 0.0324018 0.184577 0.050741 0.0307299 0.081654 2.88496e-05 0.00263036 3.47159e-07 5.37658e-05 2.76063e-11 0.000917447 0.0189839 0.0894343 2.69863e-08 0.0337644 0.0162719 0.00162814 0.069885 6.46248e-07 0.00528816 0.0433704 0.148881 0.00592817 5.19437e-08 
0.01087 0.0198629 0.0149598 0.00346916 0.0277702 0.0261462 0.0398533 0.238124 0.00854286 0.00373799 0.0348269 0.000662221 0.011688 0.00121438 0.00369498 5.86757e-05 0.00268268 0.0216061 0.0343981 0.00226991 0.0998953 0.00491747 0.00515739 0.0848026 0.00297232 0.0182914 0.0169339 0.196863 0.0636935 3.43605e-05 
0.000649615 0.000127153 2.67984e-07 2.19602e-08 0.00743211 0.00225527 0.00271984 0.944058 9.77558e-09 0.00572366 0.003363 2.5982e-10 0.00125102 2.617e-10 0.000295615 4.51705e-10 9.39586e-06 0.0198695 1.69841e-07 4.75713e-10 0.000879269 2.16361e-07 0.00159612 0.000977447 0.000565738 6.45114e-07 0.00170423 0.0044515 0.00207027 8.54728e-09 
5.02903e-11 1.56015e-05 1.22197e-06 2.37237e-06 1.51826e-07 2.35453e-05 1.67473e-05 0.858015 0.00188155 1.84359e-10 0.0498469 7.70221e-08 3.85823e-05 0.000107479 1.2534e-10 4.66109e-10 1.92579e-07 0.00194128 0.00379447 1.25005e-07 0.06557 0.000282119 2.20756e-07 0.00305731 7.36333e-07 8.5357e-06 0.00455147 0.00696457 0.00387919 8.20605e-09 
0.129002 0.0261864 2.05146e-07 0.00242192 0.0180185 0.0488482 0.0522413 0.196336 2.05169e-07 0.0143591 0.022495 2.05048e-07 0.0161291 0.00467526 0.0238219 0.000696733 0.000738003 0.00268746 0.0851925 0.00421987 0.0842568 0.0682687 0.0085142 0.0464474 0.00217433 2.05167e-07 0.0163578 0.0812471 0.0446634 2.04965e-07 
0.00286061 0.00325588 0.000268584 5.46118e-09 5.61782e-06 0.00828284 0.308986 0.395744 1.94031e-05 0.0149386 0.015836 1.48864e-05 0.00112258 5.83919e-05 0.0625237 3.36961e-08 1.37026e-05 0.0561977 0.0101122 0.00209736 0.00743379 0.00285687 2.78911e-06 2.89741e-05 2.82428e-06 1.04009e-08 0.0010759 0.104444 0.00181228 3.92697e-06 
2.35482e-06 0.00617524 0.0155199 8.52105e-08 0.00906336 0.181209 0.118247 0.18549 6.1488e-08 0.0994181 0.0173462 4.04395e-11 0.0654132 0.00200455 0.0199981 7.03052e-11 7.30354e-08 0.000217027 0.0165618 2.13947e-06 4.23647e-08 0.0827624 0.000654691 0.00659983 3.58278e-06 0.000104557 0.026384 0.0250695 0.121754 5.04803e-08 
0.0064363 0.00608913 0.00213021 0.00120708 0.054306 0.0561967 0.139495 0.224813 0.00682578 0.00584039 0.061719 0.00144298 0.00702127 5.41957e-07 0.00699955 2.19242e-08 6.57719e-06 0.0182251 0.0242528 4.22907e-08 0.174368 0.00344244 8.58726e-06 0.0786592 0.0001665 0.0247463 0.00672064 0.0724255 0.0164553 3.01288e-08 
1.68263e-08 2.80218e-08 5.50955e-08 2.52754e-08 2.8718e-08 0.0223042 1.11932e-08 0.861635 4.68046e-08 6.16833e-08 1.45921e-05 2.13419e-05 3.49375e-08 9.03522e-08 0.106214 1.55952e-07 1.26715e-07 0.00932733 2.41233e-08 1.64241e-07 1.67557e-08 3.76951e-08 0.000457434 1.94721e-08 6.94158e-08 4.81375e-08 2.19566e-08 2.48098e-05 1.6794e-08 1.19079e-07 
0.000137913 0.00824599 0.0107861 7.71907e-06 0.00317844 0.0490845 0.139805 0.3278 0.0164214 0.00602319 0.017502 0.0056284 0.0182801 0.000225011 0.0725545 7.42712e-05 6.88408e-05 0.000183412 0.0059472 5.86231e-05 0.0772773 0.0019034 0.00210042 0.0263303 0.000391355 2.08772e-07 0.00382982 0.0738596 0.132294 6.79431e-07 
0.00142547 0.00641733 0.0780468 2.83607e-05 0.00749859 0.000517089 0.0311988 0.823951 0.000416621 0.00578151 0.000599253 6.39798e-09 0.000459651 3.73217e-06 0.000636201 8.11004e-12 3.39224e-06 2.12444e-06 0.00127028 0.000109646 0.0194944 0.000708238 0.000974343 0.00240635 0.00052647 0.00885437 0.00554831 0.00279069 0.000330766 7.48279e-09 
8.76175e-12 0.0538945 0.0390521 5.52909e-08 2.42269e-07 0.0174571 0.123531 0.211935 5.48396e-07 0.00952149 7.50476e-07 3.27438e-08 2.98378e-07 0.0108145 8.4512e-07 8.12071e-11 6.59831e-11 0.0034431 4.3087e-07 8.55232e-11 3.49009e-07 0.118015 2.41295e-07 0.0538113 4.37404e-07 0.0972757 0.0567889 0.204455 4.11895e-07 1.22159e-06 
1.1534e-05 0.00510647 1.8312e-05 1.3787e-06 0.0069863 0.0005463 0.0337996 0.501287 0.133396 2.85872e-06 0.000358945 5.33158e-07 4.84583e-08 0.000204958 0.00152639 0.000103717 1.75754e-07 0.000988195 0.121561 2.27801e-07 0.0245432 0.000271177 2.19827e-06 0.134438 0.000223199 0.00182224 0.0165502 0.000799701 0.0153421 0.000108306 
1.06318e-08 5.63569e-05 4.59763e-05 2.6378e-05 1.81456e-08 0.00197558 0.00286479 0.561479 0.0110118 0.00010809 0.000413254 0.000280843 0.00280274 9.44317e-06 0.00043322 9.8539e-08 1.58132e-05 0.000230015 0.00121823 0.00125714 0.165079 0.000351735 4.34858e-05 0.0664404 9.77373e-06 8.91232e-05 0.00543591 0.0423151 0.135995 1.11185e-05 
0.00122915 0.00161272 0.0017708 3.79169e-06 0.00265792 0.129629 0.018542 0.369903 0.000281832 0.00843176 0.00359343 3.48265e-05 0.0568655 0.000205832 0.00381757 0.00301295 4.99241e-05 0.00057487 0.0109126 5.23702e-05 0.0854868 0.0183869 0.0199562 0.0820748 0.000112456 0.000380239 0.00537012 0.118731 0.0560946 0.000224609 
0.00159385 0.0222774 0.00389813 2.95984e-05 0.0400778 0.00152232 0.0178268 0.20829 0.00458972 0.00601795 0.099829 2.0303e-05 0.00502408 0.0193768 0.000626779 2.32163e-10 1.88639e-10 6.04143e-05 0.160101 0.000892924 0.0455746 0.104026 0.00880221 0.0518543 1.87689e-05 0.0017145 0.00139015 0.0858965 0.108667 8.37153e-07 
0.00618137 0.00169042 0.00131754 3.09729e-07 8.84816e-07 0.00230345 0.0418016 0.261979 0.0560481 0.00372067 0.0172619 4.3967e-05 0.0260432 0.00277807 0.0126098 2.72912e-09 1.20855e-06 0.000106021 0.232307 0.000263263 0.00675782 0.00342978 0.00441021 0.0122959 0.00132124 1.85359e-06 0.00353447 0.248823 0.0529678 1.00052e-07 
0.000951475 0.00413771 3.77431e-05 1.05283e-08 0.0146636 0.0515355 0.00177389 0.597628 3.24798e-09 0.000969951 0.00565278 1.43497e-11 0.0101083 0.000271253 0.00272095 0.000969593 6.72301e-05 0.00121286 0.00713625 0.000906758 0.0624717 0.00382488 0.000553274 0.0235852 5.55892e-05 3.10441e-08 0.0086795 0.140334 0.0597445 7.36721e-06 
0.0123579 0.0740779 2.80492e-05 0.00253364 0.000913099 0.00920567 0.139276 0.32482 0.00117729 0.00965918 0.0149517 0.000180115 0.15411 0.000124558 0.0515329 9.68027e-09 0.000386141 0.000199842 0.0191194 0.00343331 0.0113874 0.0651667 0.00168356 0.0248216 0.00146765 0.000460308 0.0104695 0.0393671 0.0270648 2.42069e-05 
0.0232073 0.033068 0.00649082 0.000407592 0.0246779 0.00865026 0.0629617 0.255202 0.00124545 0.0244874 0.0231865 0.000318769 0.00207859 0.000186979 0.00788454 5.68464e-10 3.45448e-06 0.0265244 0.00570204 0.000269024 0.0767479 0.0358947 0.00841919 0.0499751 0.000545863 0.191417 0.0117028 0.0832751 0.0354544 1.50875e-05 
0.0415317 0.0476835 1.75882e-06 1.75954e-06 0.0387097 0.0286841 0.0550859 0.242305 0.0154811 0.00615706 0.0640536 0.00211134 0.0547162 0.0323483 0.0348328 1.75638e-06 1.75709e-06 1.75872e-06 1.75957e-06 1.75618e-06 0.0394199 0.0193535 1.75891e-06 0.0533199 1.75848e-06 0.0189989 0.0719702 0.0323841 0.100835 1.75727e-06 
0.000233951 0.215864 0.109555 8.44219e-05 0.000924906 2.16698e-06 0.215738 0.300545 0.00390955 0.0103547 0.00139001 0.00142112 0.000309453 1.55588e-05 0.012212 4.44115e-09 0.000873079 0.000504636 0.000777045 0.00024817 0.00547806 0.0554187 0.000612745 0.0142783 1.9768e-09 0.000826021 0.00430756 0.0354874 0.00862042 6.78347e-06 
9.14101e-05 0.00582924 0.0032818 7.29304e-06 0.0874816 0.00416574 0.0456715 0.468499 0.00171355 0.0177607 0.0409028 2.43048e-05 0.113682 0.000937192 0.00619545 3.64493e-07 4.86766e-05 0.000625255 0.0344977 0.00902804 2.70201e-05 0.0248019 4.07339e-06 0.00739091 1.6224e-07 0.000107349 0.00826269 0.0407646 0.0781852 1.20068e-05 
1.72547e-09 0.010335 1.68689e-05 2.5919e-09 1.06932e-05 0.00293187 3.72724e-05 0.707022 4.79965e-09 0.00503296 1.62077e-05 9.19877e-09 0.000148057 1.31543e-05 0.000289867 1.59923e-08 1.29942e-08 6.08571e-09 0.0106779 1.68423e-08 0.0196041 0.00237046 1.44848e-05 7.62117e-05 7.11835e-09 4.93633e-09 0.000141476 0.241173 8.80295e-05 1.22111e-08 
0.00100242 0.00152163 0.268713 0.0120045 0.0103863 0.000501105 0.0267848 0.541448 3.0686e-07 0.00220726 0.000848556 1.24486e-08 0.000127177 2.90245e-11 0.000744127 1.76251e-08 5.57391e-06 1.15372e-05 0.000260115 5.79108e-05 0.0715868 0.000280476 0.00686363 0.000615807 0.0518999 0.000288576 0.0015322 0.000301863 1.54333e-07 6.23221e-06 
0.00761359 0.0176492 0.00108248 0.000166865 0.0205325 0.0247473 0.109277 0.262059 0.0357785 0.02013 0.00635928 0.000124979 0.00151869 0.0030847 0.00578744 1.38908e-06 0.00132943 0.00168767 0.0233051 3.83714e-05 0.0606755 0.0015669 0.00825392 0.11354 0.000327752 0.0147605 0.0883551 0.101776 0.0684705 1.93331e-07 
0.000582779 0.0148825 0.0080407 2.89207e-05 0.0176713 0.00813008 0.21211 0.264245 0.000161766 0.021174 0.01338 2.35056e-08 0.000998678 0.000108641 0.0427548 6.88902e-06 6.41332e-05 0.000966882 0.0145137 8.16173e-05 0.000291595 0.145315 0.029598 0.0558027 0.017732 0.00122338 0.00210013 0.0926937 0.035341 8.2598e-08 
0.000119379 0.001947 0.000109096 7.00191e-07 0.000753533 4.84235e-07 0.0102436 0.966796 1.38532e-07 0.00212742 3.47855e-07 3.08661e-10 0.000222674 0.00237996 0.0119765 5.36616e-10 8.73388e-08 1.98595e-07 2.03766e-06 7.23528e-08 0.00128562 0.000701022 1.3854e-05 0.000111861 0.000281126 1.65637e-10 1.49898e-07 0.000889979 3.59975e-05 8.16445e-07 
0.021391 0.0795737 0.0251145 9.75951e-05 0.0107347 0.0192895 0.0613248 0.418239 0.0145499 0.00620195 0.00513242 7.87042e-06 0.00570614 0.00319417 0.00987843 1.78197e-08 4.11632e-05 0.000672048 0.084475 3.58687e-05 0.0104878 0.0563883 0.002058 0.0147254 0.000176155 0.00210986 0.070503 0.0235528 0.0543032 3.56606e-05 
0.00358205 0.0113442 0.00747219 0.000213466 0.0311592 0.0129025 0.0534768 0.265971 0.00542274 0.0107074 0.0193875 0.00960938 0.00232886 5.58224e-05 0.00416842 3.60523e-09 0.000257954 0.00451374 0.0281874 0.000823272 0.0115911 0.0872363 0.00331752 0.0753037 0.00149052 0.00920859 0.027808 0.237809 0.0746055 4.5773e-05 
0.000199172 0.00567919 0.00338126 3.71361e-06 0.0078802 0.0585006 0.123894 0.316748 0.00538622 0.00400589 0.000312864 0.000352984 0.00012186 7.6844e-05 0.00091575 5.28974e-06 0.00019119 2.26442e-05 0.0323517 9.0337e-08 0.306424 0.00109401 0.0319085 0.0225495 1.94718e-05 4.69122e-05 0.00110674 0.0597868 0.017035 7.54753e-08 
0.0151823 0.166934 0.00651373 3.68592e-07 0.0200456 0.00242094 0.00490701 0.268967 0.0147013 0.000704209 0.0882791 2.16775e-07 0.00038645 0.00146964 0.000333502 2.34618e-09 1.90634e-09 0.0281666 0.00370291 2.47087e-09 0.0296423 0.190586 0.00389217 0.0729912 1.04431e-09 0.0088152 0.0450619 0.0136157 0.0126804 6.5489e-07 
0.00632888 0.019581 0.000574277 1.1701e-06 0.00419261 0.000643005 0.147872 0.657736 0.000733091 0.00132526 2.45442e-05 0.000107815 1.26739e-06 6.02436e-06 4.8438e-05 1.08067e-07 2.87781e-06 7.49371e-05 0.0104974 1.1381e-07 0.0458152 0.00143317 3.66527e-05 0.00277318 4.81017e-08 0.000148711 0.000613516 0.0764912 0.0228648 7.26864e-05 
0.0268185 0.00384223 0.00171965 6.20222e-05 0.0375513 0.017001 0.0539816 0.22062 1.75169e-05 0.00392084 0.0366253 0.0020275 0.0318673 0.000366128 0.0132583 9.38047e-07 0.00027092 0.000470047 0.002775 8.66096e-06 0.0342569 0.00367976 0.0289546 0.0233344 0.00213411 0.00168827 0.0283886 0.212539 0.211796 2.31182e-05 
0.0329718 0.0729554 0.00212687 0.00254745 0.000491259 0.0104665 0.0242989 0.330236 2.6545e-07 0.034689 0.00118537 6.08318e-10 0.0032466 5.32081e-06 0.00618883 1.05758e-09 4.48542e-07 0.0608003 0.00916054 0.019175 9.10829e-07 0.137056 5.04028e-07 0.0272233 2.82295e-07 0.00260123 0.00973391 0.0361479 0.17662 7.01491e-05 
0.0565998 0.027869 0.0175034 0.000413448 0.0349429 0.0190873 0.110748 0.197505 0.00877741 0.00206046 0.0184515 0.00449299 0.00387143 0.000226899 0.00329081 4.19739e-09 0.000106224 0.00948332 0.0118336 0.000320899 0.107398 0.00335295 0.000134752 0.0882481 0.12697 0.018862 0.0250155 0.0806829 0.0217331 1.92247e-05 
