0.00560871 0.0120227 0.00133104 6.5884e-06 0.0183065 0.0111443 0.0623128 0.290215 0.000113935 0.0877165 0.00488499 0.000131823 0.00258342 2.02576e-05 0.076772 6.78736e-09 0.00896877 0.00363184 0.0305163 0.00108484 0.00923245 0.0777789 0.00236069 0.196359 1.43131e-05 3.39701e-05 0.00430114 0.0750271 0.0175103 1.04513e-05 
1.59662e-05 5.15056e-05 4.44724e-05 0.000158944 4.84513e-06 0.00188871 0.00561306 0.833941 0.000660118 0.000164565 0.0208138 2.5495e-09 0.0225589 0.000101593 0.00160681 4.43238e-09 3.05265e-07 0.00295968 0.000986084 9.38709e-06 8.95279e-06 0.00761568 0.0019456 0.0331465 0.000151262 0.00217005 0.0290075 0.0171161 0.0172586 3.3844e-09 
3.05238e-05 0.016185 0.0364548 7.99735e-05 0.0100795 0.0196145 0.082766 0.488751 0.0437242 0.023645 0.00649255 2.49595e-06 0.00284941 4.86419e-05 0.0055245 9.65852e-09 9.03784e-07 3.40223e-05 3.70294e-06 0.000271215 0.000696992 0.0484475 0.000354459 0.0575189 0.00559573 3.98046e-06 0.0174852 0.131585 0.0017549 7.37489e-09 
1.09515e-06 0.046589 0.00664209 0.000534703 0.000543259 0.0177349 0.0812156 0.529225 0.00744452 0.0095245 0.000822867 0.0142195 8.9076e-07 0.000109755 0.0235578 1.268e-07 5.34521e-09 0.000530832 0.0243453 6.32979e-05 0.020451 0.104165 0.000493366 0.0768446 4.70677e-05 0.00551116 0.0019466 0.0207846 0.00650821 0.000143939 
5.54543e-06 2.88531e-07 5.673e-07 2.69627e-05 0.00151428 2.12022e-07 0.00214084 0.869228 4.81931e-07 4.56769e-05 0.0350008 0.00139737 3.5974e-07 9.30327e-07 7.88264e-05 1.60579e-06 1.30475e-06 6.11064e-07 0.00135266 1.69113e-06 0.0384126 0.0232637 0.000752849 0.0101246 0.0016639 0.000135261 0.00122047 0.0068084 0.00681767 1.22612e-06 
0.000520356 0.00162088 0.000248981 6.62283e-06 0.00252535 0.0069836 0.0245963 0.849729 0.000626905 0.00193799 0.00123769 4.48042e-06 0.00382758 0.0022875 0.0100254 1.40864e-09 9.08429e-06 0.000175791 0.000820428 0.000343069 0.0287956 0.000650513 0.000564181 0.000452836 0.000286831 0.0105073 0.00299652 0.011878 0.0363327 8.19732e-06 
0.000626943 0.00394834 0.000601593 0.000107474 1.64908e-08 0.0140267 0.0394191 0.266535 0.00167132 0.00154635 0.11947 0.000502109 0.00620934 0.00474666 0.00207732 3.87668e-12 2.98789e-05 0.000908894 0.0111219 2.27708e-07 0.262393 0.0208839 0.00307864 0.0851505 1.77138e-07 0.000773947 0.0370509 0.0881061 0.0290093 3.76898e-06 
0.000650129 0.00762056 0.0138872 4.2617e-05 0.00267477 0.025155 0.0805246 0.231972 6.37524e-05 0.00228362 0.00392865 0.0010388 0.00366862 5.53371e-05 0.0281916 0.0273321 5.37056e-05 0.000687228 0.00870239 0.000396304 0.12517 0.020562 0.22477 0.00480017 0.0048149 0.00136148 0.00576844 0.141592 0.0322278 5.44438e-06 
0.000429004 0.015025 0.0034039 7.13127e-09 0.00312628 0.000322201 0.0520279 0.697268 0.0186557 0.00359413 0.0017848 4.76071e-05 0.000228203 0.00405889 0.0729926 8.56082e-07 0.00103425 9.18982e-07 0.00355641 3.55117e-06 0.0102513 0.0848752 0.000177265 0.00615366 0.00309829 0.000678734 0.00244813 0.00712931 0.00762743 2.34749e-07 
0.00191561 0.0132753 0.00842721 6.58544e-05 0.00305131 0.0536673 0.0904306 0.324543 0.00542678 0.00713225 0.184427 0.000108037 0.0102724 9.36696e-05 0.0318902 4.09744e-06 0.000185885 0.0194152 0.0182807 0.000175718 0.047234 0.027712 0.00505452 0.057718 0.000581084 0.00490393 0.00564695 0.0595146 0.0188152 3.07935e-05 
0.00241943 0.00718879 0.0605865 0.000105475 0.00829724 0.0386368 0.113016 0.30634 0.000165454 0.0308345 0.0253151 0.0336596 0.0235053 0.000109941 0.00455722 1.22323e-06 3.59732e-06 0.160684 0.0259935 0.00392586 0.00842271 0.00384578 3.16712e-05 0.0248845 0.000513196 0.00701863 0.00725082 0.0659556 0.0367178 1.41982e-05 
0.0460197 0.00730731 0.00554912 1.95967e-05 0.0340346 0.00751946 0.0238892 0.621722 0.000733986 0.00680096 0.0216904 3.00526e-06 0.00979369 0.00100791 0.0176939 3.30424e-07 1.26151e-05 0.00032536 0.0554209 0.00141039 0.0185389 0.0137464 0.000211355 0.0137603 0.000149001 0.0041317 0.0126721 0.0453144 0.0305205 1.22272e-06 
0.0303456 0.029598 0.00621396 7.37677e-05 0.00634124 0.007336 0.215777 0.234114 0.000748161 0.134091 0.0121771 0.0016437 0.00597627 0.00176472 0.0181784 4.27899e-06 2.52014e-06 0.00333809 0.108049 0.00148486 0.00714411 0.0469126 0.000308685 0.0214358 0.00339323 0.000659604 0.00364329 0.0907639 0.00833545 0.000145809 
0.00354243 0.000489852 0.00366705 0.00386841 0.0428895 0.0299138 0.0626967 0.350468 0.00447137 0.00224942 0.0554587 0.000331655 0.000478104 0.00168823 0.001336 1.47623e-06 0.00158787 0.0517576 0.13218 1.44105e-05 0.0106523 0.0157987 7.61233e-05 0.0198989 0.000110357 0.0613724 0.00889817 0.128107 0.0059951 3.41927e-08 
6.44696e-06 0.151792 3.73271e-05 0.000188043 0.106647 0.0796784 0.0028515 0.259107 1.61807e-07 0.000487897 0.000135085 0.00024036 0.0132825 0.000114288 0.000117722 6.22923e-10 0.000322221 0.00364694 0.00621369 8.92744e-07 0.128697 0.0659491 6.13286e-07 0.0278891 0.0123825 0.010396 0.00235524 0.0933342 0.0341273 4.75641e-10 
1.76778e-06 6.15538e-05 8.47097e-06 7.41173e-10 3.16019e-05 1.35356e-05 0.0671065 0.547548 5.82889e-06 0.0507301 0.0039417 2.63046e-09 7.51021e-06 2.64948e-09 8.22713e-06 3.662e-07 0.00112055 1.74025e-09 1.37592e-06 8.76423e-06 3.95451e-05 0.323024 2.20958e-05 0.00625958 2.03554e-09 3.40537e-05 1.25393e-05 8.21753e-06 4.61465e-06 3.49187e-09 
0.00031695 0.000372978 0.00369813 8.90219e-05 0.00088526 0.00527912 0.00314017 0.824691 0.000215266 0.00112724 1.92077e-07 8.25583e-05 0.0448782 0.00752405 0.00114347 0.00168866 0.00135428 0.000142316 0.000676967 0.00110152 0.00229392 0.0408566 0.0522162 0.00159062 0.000169715 0.000494183 0.00161054 0.000754136 0.00150556 0.000101524 
0.0216928 0.00523007 0.0155586 2.39218e-05 0.0239403 0.0156164 0.0377195 0.392636 0.00166732 0.00777106 0.0102264 0.00277604 0.00417728 0.000321874 0.00159105 0.000148665 0.0002441 0.00138331 0.0108945 0.00015747 0.0825182 0.0262898 0.000304849 0.105913 0.000663021 0.000528225 0.00487712 0.142146 0.0829584 2.49901e-05 
0.000656586 0.018001 0.00283253 5.09959e-06 0.00998895 0.00533635 0.0310985 0.646287 0.0113218 0.00759402 0.00358264 7.92941e-08 0.00961522 0.00177179 0.00111026 3.88045e-05 9.30648e-05 0.00867943 0.0442515 0.00121937 0.0206851 0.031795 0.00327921 0.0454898 2.85053e-05 0.0091678 0.00980526 0.0702275 0.00585655 0.000180842 
0.00579138 0.0179491 0.00577113 8.35165e-05 0.0103893 0.0225188 0.039111 0.257899 0.00342663 0.00529372 0.0306248 0.000119548 0.0242154 0.00160449 0.0131599 1.20335e-06 0.000158293 0.00165134 0.0191632 0.000242188 0.0320939 0.013337 0.00589495 0.0571436 0.000211542 0.000646302 0.0193806 0.233107 0.178991 2.11032e-05 
0.0413486 0.0344339 0.0166048 6.54242e-05 0.00142246 0.0106669 0.103079 0.184023 0.000649346 0.111477 0.00647178 5.71997e-08 0.00054245 0.00326641 0.0529166 2.92936e-08 2.32103e-05 0.000232396 0.0753917 0.00114233 0.00577581 0.0355146 0.000299891 0.110097 7.61082e-05 0.00390127 0.012063 0.171979 0.0165354 4.26155e-11 
0.00940074 0.00261682 0.000362579 4.48627e-09 0.000472974 0.00176712 0.0287234 0.941618 7.01872e-12 0.00431545 3.76418e-06 1.34517e-11 0.001436 4.4688e-06 0.00138292 2.33862e-11 8.43331e-06 9.52609e-05 0.00487609 4.48687e-05 1.42879e-08 0.000947198 1.43333e-05 0.000297865 0.000220259 2.18891e-07 0.000870589 4.52478e-05 0.000475284 1.69771e-09 
0.00150115 0.00101165 0.00101321 7.95244e-09 0.00638289 0.0042911 0.0189719 0.53415 0.000477606 0.00153653 0.000593978 0.000302129 0.000103133 3.54818e-06 0.00440139 2.50265e-08 9.82775e-09 0.00183329 0.0341835 1.02068e-05 0.308352 0.000723317 4.00543e-06 0.00273433 2.58939e-08 0.00011267 6.84831e-05 0.0724568 0.00477958 1.54158e-06 
0.0120432 0.0129001 0.00393648 0.000385596 0.00698679 0.102856 0.0480142 0.133653 0.0267118 0.0467269 0.102516 0.00183586 0.012152 0.00127199 0.023494 0.00531642 0.00206113 0.0250649 0.0040557 0.0199697 0.0218779 0.0796002 0.0660479 0.0340787 0.000281953 0.00126689 0.0507031 0.0352933 0.117199 0.00169915 
3.59779e-07 0.00260937 2.43884e-05 5.40437e-07 0.00598388 0.00349323 2.39333e-07 0.462416 2.19422e-05 0.0187092 8.85753e-05 0.000708335 0.000159737 2.68053e-06 0.000579754 3.33456e-06 2.70943e-06 3.02803e-05 5.15803e-07 0.0122048 1.44758e-05 0.399978 0.0011101 0.00300805 0.0649811 4.49026e-05 0.000132637 0.0187885 0.00485404 4.79318e-05 
6.93537e-06 1.99337e-06 0.000218824 1.12282e-05 0.0116282 0.0357227 0.207128 0.526922 2.8149e-05 0.0290204 0.0454418 2.71132e-09 0.0473402 0.000643336 0.00149825 4.7137e-09 4.98993e-05 0.000387474 2.0037e-05 0.000162621 1.61001e-05 1.87815e-05 0.00773716 0.00827979 0.00277308 0.00268929 0.00356851 0.0622226 0.00646195 6.28107e-08 
0.000146138 0.00725135 0.000294954 8.59504e-07 0.0816552 0.108156 0.000100983 0.53444 2.02096e-05 6.1197e-05 0.00022989 0.000168037 0.000183693 2.136e-06 1.12166e-05 2.70121e-06 3.12213e-05 8.71208e-05 9.01038e-05 5.1965e-07 0.0668081 1.90541e-05 2.02782e-10 0.0172851 2.79924e-06 0.000343579 0.0325587 0.121021 0.0290243 4.37751e-06 
5.83012e-05 0.00400411 5.01171e-06 0.028566 0.00511845 0.0108012 0.00545026 0.413338 1.50006e-06 1.17803e-05 0.00633068 2.79969e-05 0.0122163 0.0533024 0.00271253 5.49842e-07 0.00106763 4.93563e-06 0.0091041 0.000326036 0.232435 0.0294898 0.000859052 0.0161567 2.03361e-06 1.05315e-06 0.00195805 0.120855 0.0457941 1.76313e-06 
0.0240832 0.0408219 0.00117815 0.00284021 0.19409 0.0320248 0.0763099 0.248085 0.0104719 0.0100705 0.0189438 0.00754882 0.0341088 0.000295519 0.0742047 1.37102e-09 3.19648e-06 0.000576846 0.00581213 0.00444957 0.0321782 0.00291088 0.00585112 0.0281621 0.000248378 0.000320368 0.000963064 0.116034 0.0274129 6.17761e-08 
0.00991372 0.0531715 0.0347403 0.000255163 0.00166456 0.078081 0.135286 0.389787 0.000256025 0.0312093 0.009153 0.000411631 0.00150459 0.00698599 0.0348459 0.0110542 2.45826e-06 0.00151947 0.00739561 0.00450884 0.00668181 0.0306711 0.00119246 0.0402237 8.47305e-05 0.00637619 0.0218127 0.0469251 0.0342721 1.38011e-05 
5.88004e-05 0.00393752 0.000199809 0.00034202 0.0181184 0.0681806 0.0186671 0.407878 0.00248397 0.00558636 0.0568488 0.000182867 0.0130446 0.00081366 0.000382172 0.00137542 0.0232293 0.0172903 0.0106987 0.000974886 0.00956568 0.0595456 0.000634153 0.0503902 0.00892162 0.0415265 0.0352779 0.0749038 0.0682136 0.000728147 
0.000115111 0.000415662 1.16825e-05 5.2443e-06 0.000487672 0.00775865 0.00360172 0.792325 2.97532e-05 0.00357601 0.0046078 2.85648e-08 2.75227e-05 0.00109267 0.0628629 4.25879e-06 7.97945e-05 0.0311435 0.0226381 0.000179587 0.0105088 0.00857549 0.0190638 0.00298446 2.27757e-06 0.00269254 0.00342884 0.00671686 0.0150616 2.21507e-06 
0.00612028 0.0374631 0.00201442 0.000388935 0.0632017 0.00786208 0.0207827 0.4316 0.0128077 0.00640139 0.0205617 5.13355e-05 0.00571401 0.0143111 0.00260977 1.88158e-07 0.000266814 0.00271829 0.0223328 0.0089012 0.00579762 0.105445 0.013896 0.0385728 0.00341747 0.0206919 0.0480766 0.0250975 0.072884 1.25576e-05 
1.03372e-08 0.00644461 0.000376539 8.43284e-09 0.00561902 0.0346504 0.0186084 0.631309 0.00057268 3.14184e-07 0.0346841 3.13883e-08 0.00590308 5.99188e-08 0.00274252 6.34454e-12 0.000210091 3.16303e-08 1.90687e-07 4.90447e-07 0.0889776 2.09023e-07 0.0657255 0.007149 3.81528e-07 0.0109544 0.0246341 0.0461919 0.0152456 4.84446e-12 
0.000691423 0.0293186 0.00236209 2.23349e-05 0.00576851 0.0352077 0.18267 0.28294 0.00490357 0.0270811 0.0454168 0.000379872 0.0170202 0.00998649 0.0334215 0.00895093 0.00015145 0.000571215 0.0278274 0.0167995 0.0156062 0.0201561 0.0557864 0.0282059 0.000341211 0.0025291 0.0599234 0.0219008 0.0640471 1.33135e-05 
1.08943e-05 0.0138435 0.0179819 3.78848e-06 0.00296623 0.00455833 0.0653659 0.534331 0.000327824 0.00241265 0.0137101 0.000498161 0.00908046 1.89488e-05 0.0113529 0.00146107 1.45583e-05 3.98298e-05 9.1763e-05 0.000690243 0.00027488 0.0838448 0.00141133 0.0119374 4.1751e-05 3.64514e-08 0.00593459 0.167354 0.0504243 1.67283e-05 
5.02903e-11 1.56015e-05 1.22197e-06 2.37237e-06 1.51826e-07 2.35453e-05 1.67473e-05 0.858015 0.00188155 1.84359e-10 0.0498469 7.70221e-08 3.85823e-05 0.000107479 1.2534e-10 4.66109e-10 1.92579e-07 0.00194128 0.00379447 1.25005e-07 0.06557 0.000282119 2.20756e-07 0.00305731 7.36333e-07 8.5357e-06 0.00455147 0.00696457 0.00387919 8.20605e-09 
0.0185923 0.00879332 0.0308177 0.000185759 0.137113 0.0126437 0.0383851 0.241491 0.000333613 0.001923 0.000729804 0.0112082 0.0208801 5.74648e-06 0.136034 2.99719e-09 2.4353e-09 0.000606807 0.0179071 0.00913153 0.0857392 0.146593 0.000257939 0.0702048 1.87958e-05 7.45164e-06 0.00151012 0.00375672 0.00511519 1.58184e-05 
6.98234e-06 0.0600459 6.97867e-06 6.98153e-06 6.98121e-06 0.0558629 0.129888 0.254849 6.97946e-06 0.0048916 6.98202e-06 6.97535e-06 6.9806e-06 6.97529e-06 6.97993e-06 6.96899e-06 6.97182e-06 0.0286178 6.98164e-06 6.96821e-06 0.0935704 0.138218 6.97902e-06 0.0754136 0.0223344 6.97938e-06 6.98184e-06 0.136175 6.98235e-06 6.97254e-06 
0.000119263 3.20866e-10 6.30876e-10 4.34417e-07 3.7162e-06 0.231611 2.29435e-06 0.45603 0.0356522 2.16138e-05 1.46642e-05 9.04003e-06 4.52468e-05 5.69127e-06 0.0378458 1.78753e-06 0.000148725 0.00277655 2.76226e-10 1.88065e-09 0.00793412 0.148758 5.89496e-10 3.07473e-05 5.88272e-06 5.51203e-10 0.0788527 8.17807e-05 4.55946e-05 3.00112e-06 
1.72185e-05 3.68151e-07 7.23847e-07 3.32069e-07 3.77298e-07 0.0344638 0.000114281 0.740328 0.000431397 0.0521014 2.63714e-07 1.17853e-06 4.59011e-07 0.000366272 5.50963e-07 2.0489e-06 0.00487134 7.79688e-07 0.0846058 2.1578e-06 0.00620492 0.010923 0.00173026 0.00066232 9.11988e-07 6.32432e-07 0.0629054 1.30978e-07 2.09554e-05 0.000242562 
0.000504352 0.0270473 0.000932449 0.000145751 0.00902989 0.0433486 0.167696 0.178613 0.0178127 0.00838094 0.0460608 1.94736e-05 0.0111039 0.000286596 0.0309101 3.66569e-08 0.00114792 0.0164639 0.0254678 0.00104711 0.0271924 0.0204966 0.0214884 0.0690845 4.17738e-06 0.000523263 0.0413731 0.131728 0.102089 2.09506e-06 
0.00120531 0.00256846 0.00489891 1.1282e-06 0.00255267 0.140842 0.0227731 0.460762 0.00311663 0.00153702 0.046088 4.40029e-08 0.00909809 0.000116688 0.000172141 2.52443e-11 0.000991393 9.85852e-05 0.0122159 7.33714e-08 0.00873209 9.95239e-05 0.000403447 0.0116158 4.5342e-05 0.00255157 0.0929103 0.14595 0.0286535 1.92756e-11 
0.009306 0.0147311 0.00182602 0.00163344 0.00349213 0.00688224 0.0138976 0.319876 0.0052357 0.00472008 0.0871297 0.00296163 0.0118652 0.00584157 0.000941282 0.000356614 1.63924e-05 0.00555381 0.0186729 4.80577e-06 0.0711861 0.0104739 0.00573637 0.0158008 0.0012372 0.00601866 0.0800974 0.259849 0.0346414 1.52749e-05 
0.000211112 0.00191356 0.000518186 0.00116697 0.025549 0.0463407 0.197717 0.397829 0.0592116 0.00290469 0.0158965 9.47689e-08 0.000764446 1.63827e-05 0.000299559 1.43484e-10 0.00223278 0.0158161 0.00778077 6.04258e-08 0.00267457 0.000928546 0.0140401 0.0216427 0.00131086 0.112105 0.00635241 0.0540873 0.0106901 1.2828e-08 
0.0157222 0.0275282 0.00327923 0.00269308 0.0164395 0.0294418 0.0607561 0.202364 0.0236562 0.0101683 0.0259427 0.000815224 0.019049 0.00513442 0.00872749 0.000126658 0.000176409 0.00336916 0.0873076 0.00223058 0.0392391 0.0190362 0.00676552 0.0693242 0.00143558 0.00599936 0.0279076 0.145836 0.139477 5.19876e-05 
0.0063436 0.0069716 0.000561937 0.00016039 0.0117094 0.00273331 0.0194612 0.488304 4.55831e-08 0.0259819 0.0956373 0.00189501 3.40257e-08 0.00135381 0.000538344 0.000929344 1.40295e-05 0.000179852 0.0267712 0.00501153 0.0107945 0.186664 0.000414483 0.0426642 5.61646e-05 3.46048e-05 0.00132497 0.0457655 0.017644 7.94901e-05 
1.22898e-08 0.00248895 0.000724463 6.90284e-08 8.20008e-05 0.0143322 0.00339335 0.8708 0.0118437 0.00012132 0.000898235 7.32658e-10 0.00968595 0.00311352 0.000277945 1.27375e-09 2.10194e-05 4.84711e-10 0.000909508 0.00052633 0.00198242 0.000132033 0.0495397 0.00189037 2.82006e-05 0.00061758 0.0196436 0.00234469 0.00460289 9.72586e-10 
7.85411e-11 2.64198e-06 2.57173e-10 0.000350217 4.61614e-06 0.0626307 0.0454202 0.327639 2.18473e-10 0.0033214 0.00847738 4.18715e-10 0.000962776 0.0566177 0.00306066 7.27948e-10 2.40481e-07 0.00424147 0.0457225 7.47001e-07 5.60028e-07 0.0779446 1.32631e-06 0.103292 1.89436e-07 0.00600596 0.0124832 0.225868 0.0159509 6.3177e-07 
1.89669e-07 2.85057e-06 0.0170564 3.5925e-07 2.98467e-08 0.0114614 0.00498758 0.641569 4.60072e-09 8.27701e-06 0.00041778 9.64105e-07 3.43423e-09 8.88128e-09 0.157555 1.53295e-08 1.24557e-08 0.0702324 0.000384859 1.61442e-08 2.70305e-05 0.00728364 0.085149 1.99916e-06 6.82331e-09 0.000358886 2.15826e-09 0.00350188 1.65079e-09 1.1705e-08 
4.50184e-06 0.00198238 0.000113003 9.5218e-05 0.00907066 0.00504769 0.0196036 0.305288 0.00365589 0.00485122 0.00237859 0.00243237 0.00126125 0.00792735 0.00725784 2.80939e-08 0.000176036 0.0184914 0.0184154 0.000478707 0.0333771 0.288811 0.00555246 0.140756 8.81734e-06 0.0338103 0.0237618 0.0374439 0.0278412 0.00010606 
6.43739e-05 0.0211161 0.00193026 0.000305065 0.205636 0.00435951 0.134944 0.365295 0.00123781 0.00251362 0.000362464 0.000169974 0.000352331 4.78085e-10 0.00283866 8.25196e-10 9.19102e-08 0.000494089 0.00162694 1.74491e-07 0.0703638 3.43901e-06 0.00213128 0.00310038 0.000108329 0.046993 0.00297401 0.0460645 0.0850155 8.97389e-08 
0.00120518 0.203421 0.152188 1.44771e-08 0.00270518 0.00553994 0.235578 0.262885 0.00275913 0.0137304 0.00136388 1.85079e-08 0.000118758 0.00157734 0.00515467 1.35385e-10 1.23339e-07 0.00139025 0.0227099 6.74015e-08 0.000945076 0.0269591 2.35032e-05 0.00898387 0.000714785 0.00317791 0.0211132 0.0191018 0.00665372 1.05882e-06 
0.000400365 0.00130741 0.084999 0.00145506 0.0343582 0.0284924 0.0146701 0.210074 0.00238292 0.0166654 0.00462385 3.0881e-08 0.00290425 1.34143e-10 0.052119 0.000252384 0.000377268 0.182979 0.00649847 2.43843e-10 0.0842168 0.0428365 0.00772117 0.018849 0.00166368 0.0438201 0.0303917 0.062968 0.0629737 1.76793e-10 
3.26819e-07 0.00177254 7.44103e-07 1.97008e-07 3.5033e-06 8.34377e-07 0.168023 0.468667 3.01506e-10 2.2458e-07 0.27029 8.38913e-07 8.92589e-07 5.82032e-10 2.70147e-10 1.00461e-09 2.00969e-06 6.27606e-07 0.0100046 2.46019e-06 0.0489011 0.0220494 3.31635e-10 3.3015e-06 8.2134e-08 0.000993727 3.77238e-07 0.00489219 0.00438773 1.7319e-06 
0.00038535 0.0309567 0.0152495 0.000622246 0.0563106 0.0468625 0.0210004 0.295648 0.00686837 0.00617747 0.0243814 0.000432788 0.0285999 0.00126829 0.0108899 3.61761e-07 0.000120022 0.0131589 0.0135155 0.0507608 0.0881685 0.0247709 0.0192974 0.041498 0.00634834 0.0235454 0.0648057 0.0626415 0.0457111 3.85905e-06 
0.000232366 0.00705242 0.000634366 3.0158e-05 0.000125709 0.00357393 0.0360994 0.411783 0.00555611 0.0181024 0.11592 0.000683816 1.99579e-05 0.00244454 4.38718e-05 2.67089e-08 9.14272e-05 0.00150663 0.114262 2.81285e-08 0.0136478 0.0415483 8.0045e-06 0.130816 1.52888e-06 0.000291031 0.00594488 0.0845417 0.00474982 0.000289283 
0.0154643 0.00588021 0.000434729 4.45367e-05 0.0300679 0.0431087 0.0273347 0.273742 0.0269655 0.00345228 0.0691383 0.000241349 0.00310798 0.00543787 0.00433305 2.45059e-10 6.42799e-05 0.00555378 0.0134302 4.98818e-05 0.198848 0.00805524 0.000305558 0.0854507 0.0011929 0.0255166 0.0189443 0.110142 0.0236729 2.06115e-05 
0.0361198 0.0650412 0.00887006 0.000225483 0.0152382 0.00857796 0.0723789 0.51499 0.013412 0.0069532 0.00741069 0.0117763 0.00349573 0.0018317 0.00538703 0.00103869 0.00193424 0.00263028 0.0224821 0.000346549 0.0408824 0.0061428 0.00713909 0.0274627 0.00103235 0.00825799 0.0215969 0.0429105 0.0444138 2.16167e-05 
0.00218686 0.00194549 6.40435e-05 0.000109953 0.0344041 0.0037037 0.0422512 0.591334 0.00839859 0.0300332 0.00574941 0.000643239 0.00307177 0.000226494 0.000257952 2.19862e-05 0.000265893 0.00312072 0.140267 0.000355999 0.00122947 0.0475006 0.000821078 0.0535035 5.66941e-05 0.000137445 0.00584934 0.0195845 0.00199134 0.000914114 
4.61784e-06 0.00250522 1.80524e-05 0.00064752 0.0101488 0.000606259 0.00154998 0.405322 1.64076e-08 0.0023165 0.00422094 7.63367e-06 0.000558936 0.000591592 0.0758598 7.15507e-07 0.000210335 0.0750332 0.0120446 0.000290291 0.0304108 0.315001 7.07341e-06 0.0374707 1.20092e-06 0.000677506 0.000579225 0.0177451 0.00595608 0.000214147 
2.34357e-08 0.0036375 2.41016e-08 3.10286e-05 0.00116073 0.0197112 0.0170759 0.508974 0.00881603 1.87442e-07 1.21147e-06 4.44033e-08 0.004135 0.000203518 1.37573e-07 8.97528e-12 3.06365e-08 4.47457e-08 0.0321819 6.93809e-07 0.130992 2.95693e-07 1.50691e-06 0.00245715 5.39727e-07 1.52374e-07 0.0680839 0.0913177 0.111218 6.85319e-12 
0.00441861 0.0521356 0.0200062 0.000368802 0.0198315 0.0390687 0.0265949 0.259898 0.00556839 0.00768807 0.0177109 4.34864e-05 0.00690767 0.00138415 0.00128434 1.18134e-06 0.000474962 0.00260834 0.115412 0.00754835 0.077686 0.0353852 0.00105774 0.165077 0.0157469 0.0162435 0.00682341 0.0820013 0.0110236 1.75385e-08 
0.000649615 0.000127153 2.67984e-07 2.19602e-08 0.00743211 0.00225527 0.00271984 0.944058 9.77558e-09 0.00572366 0.003363 2.5982e-10 0.00125102 2.617e-10 0.000295615 4.51705e-10 9.39586e-06 0.0198695 1.69841e-07 4.75713e-10 0.000879269 2.16361e-07 0.00159612 0.000977447 0.000565738 6.45114e-07 0.00170423 0.0044515 0.00207027 8.54728e-09 
9.81995e-08 7.07163e-07 3.85835e-07 3.68681e-11 0.0140589 0.0378051 0.0067486 0.419262 0.0553553 3.23918e-06 0.0171012 0.00274921 0.0354037 1.31793e-10 0.0066361 2.2748e-10 7.41186e-08 8.65651e-11 2.04123e-07 8.38735e-07 0.0423205 0.00684405 0.00995047 0.0136206 1.17464e-06 7.0216e-11 0.00483063 1.1939e-06 0.327306 1.73695e-10 
0.000584445 0.0217067 0.0919835 1.42169e-08 1.61533e-08 0.0437791 0.0643511 0.347425 9.27116e-06 0.0276413 8.82576e-05 2.98716e-05 1.96517e-08 5.08214e-08 0.000535533 8.77199e-08 3.51009e-06 1.23222e-06 3.782e-05 9.23822e-08 0.175694 0.125055 0.0326395 0.0684223 3.90451e-08 2.70764e-08 1.23502e-08 6.49483e-06 5.41867e-06 6.69797e-08 
0.0926974 0.0146068 0.00512006 0.000198246 0.0287181 0.00808023 0.0391528 0.147739 0.0133043 0.0748357 0.0204267 5.57027e-07 0.0139615 0.00092527 0.0046786 2.66413e-11 0.00175498 0.000410798 0.0735867 0.00017109 0.0766109 0.00495346 0.00147443 0.0719494 0.022992 0.0307286 0.119738 0.0802177 0.0509664 8.10849e-07 
0.00499876 0.0264923 0.00894851 0.000154661 0.0117851 0.0220092 0.0768815 0.32123 0.00266346 0.0117358 0.00569586 1.7005e-06 0.00268902 0.00123424 0.0455123 4.31806e-08 0.00239858 0.229279 0.0252315 0.000481922 0.00230732 0.10217 0.000170274 0.0273887 0.00023825 0.00449588 0.00208609 0.0287963 0.0329153 7.7313e-06 
0.000212247 0.000203163 0.000597038 1.11612e-08 0.00042167 4.76518e-07 0.00362062 0.992819 1.03945e-11 1.29535e-06 3.42295e-07 1.99217e-11 0.00133181 1.5417e-08 1.50607e-07 3.46344e-11 4.32675e-07 1.95269e-07 5.19329e-06 6.66752e-08 3.18643e-08 0.000106172 2.39155e-05 8.44396e-05 0.000340485 1.00823e-09 1.4746e-07 7.54805e-05 0.000155317 4.20712e-09 
8.76175e-12 0.0538945 0.0390521 5.52909e-08 2.42269e-07 0.0174571 0.123531 0.211935 5.48396e-07 0.00952149 7.50476e-07 3.27438e-08 2.98378e-07 0.0108145 8.4512e-07 8.12071e-11 6.59831e-11 0.0034431 4.3087e-07 8.55232e-11 3.49009e-07 0.118015 2.41295e-07 0.0538113 4.37404e-07 0.0972757 0.0567889 0.204455 4.11895e-07 1.22159e-06 
0.0191828 0.0079735 0.000494064 3.78237e-07 0.0357923 0.00834288 0.0246357 0.390036 2.23171e-07 0.0102345 0.00503311 7.81879e-10 0.0175569 0.000545758 2.28065e-06 1.35932e-09 0.000754911 0.000105157 0.0251167 0.000804486 0.0020369 0.00417661 0.012188 0.0183076 3.27797e-05 0.000764076 0.0909715 0.025701 0.299128 8.1278e-05 
0.00159385 0.0222774 0.00389813 2.95984e-05 0.0400778 0.00152232 0.0178268 0.20829 0.00458972 0.00601795 0.099829 2.0303e-05 0.00502408 0.0193768 0.000626779 2.32163e-10 1.88639e-10 6.04143e-05 0.160101 0.000892924 0.0455746 0.104026 0.00880221 0.0518543 1.87689e-05 0.0017145 0.00139015 0.0858965 0.108667 8.37153e-07 
0.0448236 0.0109181 0.00361026 7.27955e-08 8.27106e-08 0.0113673 0.0839681 0.751448 1.34802e-07 6.14215e-05 5.78109e-08 4.60846e-05 0.00609818 0.000107469 0.00137831 4.49157e-07 0.000322164 0.000299945 1.03668e-05 1.56065e-05 0.00299837 0.0171282 7.11849e-06 0.0374954 0.000294007 1.38641e-07 0.0189459 4.67913e-05 0.00860828 3.42959e-07 
0.00563066 0.0631666 0.00706612 0.000169294 0.00413265 0.0577955 0.200139 0.205064 0.0187466 0.0215805 0.0938416 0.000375253 0.00315092 0.000918095 0.0250283 1.85379e-05 1.36523e-06 0.00376494 0.00810237 0.0015251 0.0322388 0.0578639 0.00079706 0.0884277 0.00586208 0.00126629 0.0126373 0.0499371 0.0307384 1.3656e-05 
0.0463318 0.0712305 0.0171132 9.2315e-06 0.00397555 0.00979186 0.189082 0.381284 0.000253797 0.00806936 0.0204573 0.000286027 0.000283668 0.00054353 0.00420993 1.61881e-07 6.29231e-05 0.03329 0.00385802 3.73818e-05 0.00784442 0.105177 0.000815696 0.0618014 7.26265e-06 0.000438921 0.000516639 0.0312364 0.00198654 5.73757e-06 
0.000649615 0.000127153 2.67984e-07 2.19602e-08 0.00743211 0.00225527 0.00271984 0.944058 9.77558e-09 0.00572366 0.003363 2.5982e-10 0.00125102 2.617e-10 0.000295615 4.51705e-10 9.39586e-06 0.0198695 1.69841e-07 4.75713e-10 0.000879269 2.16361e-07 0.00159612 0.000977447 0.000565738 6.45114e-07 0.00170423 0.0044515 0.00207027 8.54728e-09 
0.000341086 0.00724741 0.0824075 0.000160632 0.0177221 0.00303297 0.099881 0.698597 1.75479e-05 0.00171144 0.00421643 5.60635e-05 0.00115775 0.00283248 0.00272563 1.14402e-08 1.55792e-07 0.000213421 0.00133795 7.34785e-05 0.00365371 0.00115408 0.000383601 0.00449219 0.000255438 0.00053841 0.0141139 0.0457884 0.00588689 1.1506e-06 
0.0284383 0.076161 0.0246245 0.000195272 0.00802995 0.0133615 0.0686182 0.422266 0.00223361 0.00333831 0.0023567 0.0052188 0.00718146 0.000149952 0.00627127 3.71012e-07 1.0775e-05 0.00188632 0.0423292 0.000141575 0.152498 0.0097061 0.00209433 0.00935858 0.000406439 0.0102357 0.01335 0.0512736 0.0382634 7.07147e-07 
0.00100242 0.00152163 0.268713 0.0120045 0.0103863 0.000501105 0.0267848 0.541448 3.0686e-07 0.00220726 0.000848556 1.24486e-08 0.000127177 2.90245e-11 0.000744127 1.76251e-08 5.57391e-06 1.15372e-05 0.000260115 5.79108e-05 0.0715868 0.000280476 0.00686363 0.000615807 0.0518999 0.000288576 0.0015322 0.000301863 1.54333e-07 6.23221e-06 
0.000127101 0.0207756 0.000871721 3.54412e-06 0.00728158 0.042922 0.241892 0.284305 0.00892059 0.000428825 0.00935182 0.000965461 0.00864206 0.00179913 0.0224815 0.00199759 5.47032e-08 0.00156222 0.00154087 0.0128948 0.0147733 0.011292 0.0551789 0.0206726 0.00326805 0.0149778 0.0968919 0.0320387 0.0821426 3.29508e-09 
0.0226208 0.0963332 0.0232532 3.49261e-08 1.13486e-06 0.0148346 0.269386 0.348716 8.95045e-11 0.0803573 0.0197848 0.0019462 0.0167963 1.14056e-06 0.00170202 2.98227e-10 3.56777e-05 6.10577e-07 4.61309e-11 3.14078e-10 3.2042e-11 0.0231524 1.98688e-07 0.0060151 0.000806421 9.20534e-11 0.00410587 0.069299 0.000848875 2.9407e-06 
0.00154553 0.00678062 0.0103469 0.00128239 0.00122799 0.0463457 0.106513 0.383263 0.00529758 0.00738003 0.0363528 5.86272e-05 0.103111 7.32863e-05 0.00434642 3.46233e-05 0.00143097 0.00110928 0.0342071 6.43551e-05 0.00658886 0.139701 0.0151708 0.0256445 9.88471e-05 0.0282638 0.00448429 0.0112445 0.0180263 6.68064e-06 
0.00503629 0.0168498 0.00544531 2.24343e-05 0.0341223 0.00401205 0.0730606 0.216218 0.000112255 0.000872761 0.00515166 0.00116841 0.00673246 0.000985133 0.203606 2.33529e-05 1.41612e-05 0.00014786 0.0116764 0.00116693 0.103909 0.00427229 0.000925857 0.01571 6.8448e-05 0.000515963 0.0354215 0.202685 0.0500655 2.12269e-06 
0.0534822 0.0337026 0.00777349 0.00537904 0.00783238 0.017822 0.0374854 0.256848 0.0118181 0.00567805 0.128565 0.00411415 0.00899328 0.00087535 0.004108 5.16014e-05 0.00260655 0.00165427 0.0251884 0.000378301 0.0244692 0.0139703 0.0016681 0.0923651 0.000113918 0.00294101 0.0340063 0.130227 0.0790346 0.00684828 
0.110529 0.00863459 0.00261973 0.000106414 0.000381831 0.0127409 0.152338 0.374784 0.000101284 0.0245877 0.00646107 2.66595e-05 0.0871477 0.0259864 0.0127934 6.01687e-06 9.75266e-05 0.00859381 0.000214649 0.000905819 0.0826767 0.00774324 0.00136581 0.00586835 0.000117792 0.000630205 0.00227445 0.0277624 0.0425048 2.48211e-09 
8.0347e-06 0.0186247 0.000245463 0.000907406 0.00107153 0.0580754 0.0157505 0.466899 0.0172082 0.000413894 0.11801 6.26076e-08 0.0311146 0.00253514 0.00220169 1.32128e-08 0.000508931 0.00209192 0.00685849 0.0158668 0.0109323 0.00139676 0.0368061 0.0133051 9.36349e-05 0.00121259 0.0711242 0.0726479 0.0340854 4.10997e-06 
3.41965e-08 0.0085348 0.00182425 6.33049e-11 0.000570233 0.00124341 0.0279194 0.909444 1.70957e-06 0.00929763 5.0274e-11 2.24672e-10 6.2212e-05 0.000504012 0.0246862 3.90599e-10 0.000247722 1.48638e-10 0.0030119 1.5427e-06 3.76166e-07 1.89697e-05 9.44532e-07 4.877e-11 0.00101487 3.69832e-07 0.0072036 2.49693e-11 0.00441146 2.51905e-08 
0.0118144 0.01922 0.00143319 2.07043e-05 0.0423178 0.00325724 0.145266 0.488057 0.000960999 0.0219431 0.0090861 0.00748649 1.04022e-05 1.63508e-07 0.0335054 4.78516e-10 2.57561e-08 0.00154033 0.0114015 0.000493262 0.0474316 0.0314911 5.19755e-05 0.0246882 0.000122741 0.000229919 0.00574983 0.0467252 0.0456241 7.04321e-05 
0.00661799 0.00634322 0.00190289 1.2941e-07 0.000503643 0.0447369 0.0723323 0.442192 1.02889e-09 0.0239793 0.0362645 0.000550388 0.025226 0.00427712 0.00807761 0.0511222 1.65153e-05 0.031136 0.00302149 0.000324899 0.000202883 0.0278513 1.13171e-09 0.027761 0.142619 0.00101807 0.00139745 0.0392009 0.00132484 2.61768e-09 
0.0207453 0.0117428 7.22856e-07 0.000142345 6.85368e-05 0.00162444 0.0358995 0.72011 3.52218e-08 0.016344 0.00116042 0.000275149 3.9622e-06 9.71535e-07 0.00517198 1.07877e-09 1.1223e-05 0.00734457 0.00093805 0.000755247 0.00173632 0.0257226 7.16009e-05 0.005772 2.07509e-07 0.000806814 0.00143489 0.00317727 0.000273557 0.138666 
0.0329718 0.0729554 0.00212687 0.00254745 0.000491259 0.0104665 0.0242989 0.330236 2.6545e-07 0.034689 0.00118537 6.08318e-10 0.0032466 5.32081e-06 0.00618883 1.05758e-09 4.48542e-07 0.0608003 0.00916054 0.019175 9.10829e-07 0.137056 5.04028e-07 0.0272233 2.82295e-07 0.00260123 0.00973391 0.0361479 0.17662 7.01491e-05 
0.0565998 0.027869 0.0175034 0.000413448 0.0349429 0.0190873 0.110748 0.197505 0.00877741 0.00206046 0.0184515 0.00449299 0.00387143 0.000226899 0.00329081 4.19739e-09 0.000106224 0.00948332 0.0118336 0.000320899 0.107398 0.00335295 0.000134752 0.0882481 0.12697 0.018862 0.0250155 0.0806829 0.0217331 1.92247e-05 
0.0107465 0.0083716 0.00252197 0.00328672 0.0201084 0.0364674 0.0250148 0.439577 0.0113302 0.0093937 0.0254572 0.000642579 0.0287837 0.00274137 0.0181738 0.00298787 0.0154926 0.00274077 0.0111994 0.00209419 0.0865936 0.0247047 0.00797385 0.0288957 0.00183762 0.00204106 0.0155511 0.08314 0.0720849 4.61935e-05 
0.0213735 0.00941522 0.0115882 0.000650893 0.0114919 0.0231279 0.131157 0.399647 0.0254448 0.00123344 0.0432282 1.79807e-05 0.0095686 0.00237451 0.0097915 3.25733e-05 0.00037946 0.000944537 0.0768846 0.000355409 0.0126308 0.00170346 0.000904992 0.0210395 8.76091e-05 0.00466935 0.0278105 0.090654 0.061789 2.88471e-06 
0.047563 0.0891525 0.00793567 0.000639272 0.0032255 0.00499642 0.0347466 0.287223 0.00183275 0.00323018 0.0248527 0.0036275 0.00227091 0.014646 0.00413763 8.21062e-10 1.49159e-08 0.0019964 0.0111918 0.000409661 0.0259735 0.101559 5.20995e-07 0.0442975 6.26756e-05 0.00153113 0.00161838 0.136519 0.0972977 0.0474637 
3.55229e-05 0.0015086 0.0008932 5.9645e-07 0.0139638 0.108925 0.00950145 0.562987 1.97887e-05 0.000393646 0.000430895 0.00195191 4.83105e-06 1.16612e-06 0.020667 4.84679e-08 1.59999e-05 0.111041 1.66767e-05 0.000218861 0.00128704 0.117379 5.09105e-06 0.00893338 4.07908e-07 1.49551e-06 0.0027736 0.0125 0.000702703 0.0238404 
3.76749e-05 0.0114149 0.0003668 1.04726e-06 0.0016823 0.0520362 0.0319191 0.454872 0.0185104 0.00835569 0.00388495 7.63274e-06 0.00265763 0.00807172 0.0265332 0.000135216 3.46607e-05 0.0427584 0.00877813 0.0702564 0.000163196 0.0369718 0.0111659 0.053564 0.00138558 0.000385536 0.0157922 0.073917 0.0643323 7.99166e-06 
0.000721727 0.0333588 0.000813988 2.21471e-06 0.00922335 0.0691499 0.0440792 0.262865 2.86044e-06 0.00134913 0.234196 0.000211412 0.0693023 3.27905e-05 0.0731708 8.97953e-06 0.000131782 0.000639216 0.00479679 0.0178803 0.0134342 0.0214618 0.0187102 0.0314776 0.00793489 0.0127528 0.0124608 0.0415404 0.0182907 1.16302e-08 
0.00156251 0.00146868 0.000260434 0.000511577 0.0246653 0.0376061 0.0723124 0.222002 0.0244225 0.00127753 0.0108711 6.16178e-06 0.00134321 0.00240948 0.000412787 7.6695e-10 0.00192431 0.0498299 0.0465389 8.19048e-08 0.067538 0.000322455 0.0152829 0.0513279 0.00269387 0.165455 0.0511256 0.0869168 0.0599129 1.1508e-07 
0.000430805 0.0147724 0.00144638 4.67077e-05 0.0137825 0.00417231 0.0365078 0.3703 0.0361194 0.00981798 0.000393366 3.79733e-06 0.000422388 8.24371e-06 0.000364709 4.13791e-12 3.08225e-06 1.72828e-05 0.0487345 1.72815e-08 0.208901 0.000628339 0.000940299 0.00772293 1.21988e-05 0.00933401 0.0530231 0.12904 0.0530505 3.74814e-06 
0.0098604 0.02348 0.00568811 0.00741091 0.0798836 0.0955694 0.0438431 0.217788 0.00424361 0.00888919 0.0166389 0.00763685 0.0151171 0.00491536 0.00825568 2.78513e-08 0.0023386 0.00927806 0.0155531 0.00660166 0.0452572 0.0076909 0.107359 0.0351595 0.00416496 0.0169286 0.00838911 0.129202 0.0628545 3.20547e-06 
0.00506642 0.015386 0.0088902 3.78507e-05 0.0498799 0.00603276 0.0455495 0.428316 0.00450999 0.00677995 0.0230096 5.02564e-05 0.00440781 0.0124313 0.00415221 4.0109e-09 0.00179879 5.52817e-05 0.00696673 0.000382932 0.191066 0.000633028 0.0163945 0.0326643 0.000101808 0.00560938 0.0285659 0.00987699 0.090864 0.000521191 
0.000583424 0.0534249 0.0124255 7.40581e-05 0.00141015 0.0442977 0.267588 0.293843 0.00276015 0.0235794 0.00199832 1.25269e-07 0.00356993 0.000145536 0.00200849 5.40937e-11 3.76241e-05 0.000865983 0.020233 5.58417e-05 0.0202243 0.000604466 0.0165159 0.0463001 3.94644e-09 0.0525654 0.0748277 0.0279685 0.0320515 4.14039e-05 
0.00237397 0.00555109 0.000182821 0.000625572 0.00344937 0.0584453 0.0451479 0.422542 1.22161e-08 0.00364225 0.0153537 0.00351453 0.0123728 0.00132909 0.0330351 0.00157537 0.000125657 0.000445944 0.003968 0.0334796 0.0298762 0.044785 0.000198773 0.0357936 0.00080387 0.00295592 0.00425623 0.156397 0.0777235 5.04008e-05 
0.0133684 0.0262619 0.0040054 8.72941e-05 0.0333053 0.0112118 0.0728 0.217737 0.0288235 0.00167378 0.0101547 0.000526258 0.00617963 0.000512556 0.00370596 3.16724e-05 9.94013e-05 0.00060927 0.151314 0.000886297 0.0899711 0.00553834 0.0141432 0.0266868 0.000918172 0.0152342 0.0666656 0.0986905 0.0988415 1.60753e-05 
0.0192253 0.0236373 0.00221977 0.00635082 0.0186889 0.0387431 0.0327803 0.184296 0.0119263 0.00221212 0.137048 0.00284319 0.0172714 0.00029603 0.00317384 0.00181535 0.000674233 0.0109801 0.037295 0.000101458 0.129454 0.00724809 0.00075008 0.0666522 0.000814854 0.0126255 0.023451 0.154111 0.0532139 0.000100528 
0.0427264 0.0148123 0.00743938 5.40123e-06 0.00578562 0.00407704 0.119986 0.273958 0.000242572 0.0331153 0.00148858 0.0430818 0.00202839 1.33567e-05 0.0357901 3.41754e-06 7.05126e-06 0.00384489 0.0146441 1.25008e-05 0.0734823 0.114559 2.09386e-06 0.0243921 0.00312064 0.000844062 0.000264979 0.175335 0.00493705 4.1917e-07 
0.000701856 0.240399 0.00402656 4.75916e-10 0.0186617 2.23609e-05 0.14262 0.396116 8.81296e-10 5.11985e-06 2.2873e-06 6.04559e-06 1.23431e-06 3.05774e-06 8.76475e-06 0.000700028 0.00133725 1.11744e-09 0.0209848 3.09253e-09 0.0157853 0.151117 3.75292e-05 1.65676e-06 6.69783e-07 8.57844e-07 0.00746022 1.87715e-10 1.53743e-07 2.24217e-09 
0.000211112 0.00191356 0.000518186 0.00116697 0.025549 0.0463407 0.197717 0.397829 0.0592116 0.00290469 0.0158965 9.47689e-08 0.000764446 1.63827e-05 0.000299559 1.43484e-10 0.00223278 0.0158161 0.00778077 6.04258e-08 0.00267457 0.000928546 0.0140401 0.0216427 0.00131086 0.112105 0.00635241 0.0540873 0.0106901 1.2828e-08 
0.021199 0.0317643 0.000299794 9.32878e-05 0.0144012 0.00937528 0.0415038 0.388444 0.0518967 0.00334176 0.0540485 4.73413e-07 0.00677195 4.14608e-06 0.00766701 2.59712e-09 0.00238367 0.00687817 0.0084396 6.59909e-08 0.136384 0.00158829 0.0112299 0.0543732 1.10184e-05 0.00239717 0.0205144 0.104098 0.0208772 1.44399e-05 
6.37244e-05 0.0537053 0.000157192 4.45666e-06 0.00278994 0.00540832 0.052324 0.808364 0.000187808 0.0286246 9.36416e-05 4.59597e-06 0.00184955 9.94599e-05 0.0121269 7.96721e-07 1.7405e-06 0.000230964 0.000488571 5.79449e-05 0.00197495 0.000671672 0.000877796 0.00270543 3.54629e-07 0.000106523 0.0114815 0.00894742 0.00664861 2.14924e-06 
0.00473153 9.22911e-06 8.54053e-06 0.000777065 1.06947e-05 1.86598e-05 6.07168e-06 0.4771 1.17887e-05 2.51648e-09 8.18895e-10 3.83996e-06 0.0133507 3.68608e-09 1.47147e-05 6.36233e-09 5.16958e-09 6.09185e-06 9.84151e-10 6.70048e-09 0.00196145 0.386248 1.14476e-05 0.0119088 1.44179e-05 3.05965e-06 2.03304e-06 1.05791e-05 0.103791 4.85804e-09 
0.000443862 0.00843033 1.91986e-11 0.000115372 1.00071e-11 0.0567055 0.0208409 0.552447 0.00148874 0.0171949 0.0118188 2.65726e-07 4.39497e-06 1.84186e-06 0.0106697 2.44006e-06 4.41554e-11 0.000635595 4.00975e-07 0.00283146 8.53626e-07 0.110684 6.27898e-07 0.0534658 4.01558e-07 0.00325495 1.36495e-06 0.0787972 0.0701637 4.14944e-11 
1.03281e-09 0.0145602 1.95384e-06 7.38766e-07 0.0101752 0.000710246 0.0176316 0.939785 2.8729e-09 0.000328948 0.000325752 7.70281e-07 0.000457996 2.16241e-06 0.00198786 9.57245e-09 7.77789e-09 2.43225e-06 1.4807e-09 1.00812e-08 0.00124757 5.79377e-07 0.00018082 0.0122983 2.79059e-06 5.4787e-06 6.25235e-06 0.000269654 1.70876e-06 1.56213e-05 
0.0110361 0.0107732 0.00403765 4.21654e-05 0.0291311 0.00434214 0.0318457 0.25343 0.00775023 0.0146474 0.00390093 1.83521e-05 0.00192933 0.000172984 0.00541617 8.40396e-09 1.53094e-06 0.000344009 0.177841 0.000314022 0.138949 0.024168 0.00137062 0.0540509 9.21153e-05 0.00296684 0.00355347 0.17373 0.0441453 8.2099e-08 
0.0425227 0.0521318 0.00142313 6.17713e-09 0.0147027 0.0163189 0.153283 0.308037 8.7764e-09 0.000773245 0.00157857 9.90436e-05 0.00258406 1.0291e-07 0.0180027 1.45976e-10 6.04946e-06 0.000537442 0.0422971 3.36745e-05 0.186927 0.00108179 0.00439976 0.00916327 5.52e-06 0.00457796 0.00854013 0.0642553 0.0667177 2.54993e-09 
0.000431398 0.00244942 5.51514e-07 9.43842e-09 0.0107754 0.0030778 0.0144965 0.272372 0.00244867 0.000230919 2.09892e-07 3.28597e-07 3.6668e-06 0.00065173 0.00559459 4.02311e-06 0.00011172 0.000100277 0.169642 4.26921e-07 0.227543 8.23694e-10 5.55875e-05 0.00229889 7.49298e-08 0.000137791 0.0533772 0.191175 0.0430212 2.60206e-09 
0.00672146 0.0555095 0.0752749 0.000133411 0.0148684 0.0136848 0.110486 0.250858 0.0465272 0.00409127 0.00130602 0.000128667 0.00136009 0.00073193 0.0366891 9.67411e-05 5.64915e-05 0.000191235 0.0409109 0.00122203 0.19281 0.00721096 0.0538839 0.00520999 0.00386717 0.00218221 0.0350223 0.0273922 0.0115733 3.95541e-07 
0.0443486 0.0334185 0.00245319 0.000747698 0.0142918 0.0722443 0.0316 0.250445 0.0276931 0.00517436 0.021407 0.0030365 0.0141478 0.000243085 0.00182091 9.58823e-09 0.000468365 0.00248602 0.0151318 0.000719378 0.0469737 0.0159238 0.00356123 0.0438079 0.000380497 0.00301654 0.139182 0.118837 0.086439 1.14834e-06 
5.93885e-05 0.00542336 0.0013899 1.66979e-07 0.0144757 0.0164084 0.00470051 0.843532 0.00108792 2.2499e-06 0.00896697 3.95109e-10 0.012948 3.97967e-10 0.0013192 6.86908e-10 3.58605e-07 7.97972e-07 1.06254e-10 2.18452e-06 0.00579375 0.0164649 9.25519e-07 0.00914537 9.16872e-07 1.42629e-06 0.0011364 0.0299477 0.0271918 5.24498e-10 
0.00144289 0.00848084 0.00389171 2.24981e-05 0.0141665 0.042056 0.0613749 0.426578 0.000772702 0.000427747 0.0245728 0.00606884 0.0100665 7.07753e-05 0.00885966 2.22015e-07 4.99543e-05 0.000616108 0.011524 0.00045945 0.0236805 0.0300906 6.89138e-05 0.15326 4.55018e-05 0.000487401 0.00210085 0.130132 0.0386062 2.54152e-05 
0.00096171 0.0188896 0.000345135 9.5146e-08 0.000301057 0.0758833 0.0313125 0.307303 0.0147856 0.00831244 0.0349151 5.52498e-05 0.0244728 0.000153581 0.114095 6.61209e-10 1.27284e-06 0.00402016 0.00819446 0.000490375 0.101331 0.0107279 8.31594e-07 0.104254 6.70508e-08 0.000109614 0.0205266 0.0433361 0.0752214 5.37176e-09 
