0.00803925 0.000185208 0.000263542 0.00114113 0.00125426 0.000633275 0.0239718 0.00206698 1.1671e-11 0.00883109 0.00107199 0.000409219 0.00016601 0.000218122 0.000176918 4.8234e-09 9.81273e-09 0.00906994 0.000798032 0.887252 5.93123e-06 0.0513601 1.29541e-05 0.00169745 0.00082959 0.000367934 9.37451e-05 6.54481e-05 9.93803e-08 1.80674e-05 
8.78861e-07 0.00515223 0.000111151 0.111163 0.00621459 0.0136783 0.00230889 0.00404106 3.41827e-10 0.00099513 0.0243972 1.47831e-05 0.000455719 1.50486e-06 4.7011e-06 1.13896e-09 2.81418e-06 0.758625 1.34284e-06 0.000649143 0.000571511 0.0136999 0.00158638 0.011823 7.49901e-08 0.000810227 7.73601e-08 0.0384801 0.0052103 1.07048e-07 
0.00557753 0.016644 0.00120845 8.0984e-06 0.000113645 0.00684525 0.754576 0.0844492 1.59764e-08 0.00913503 0.00381535 1.08503e-05 0.000437563 5.82049e-06 0.0761393 0.000292595 4.32533e-08 7.57503e-05 0.000314902 5.60622e-08 0.000163706 0.00539411 1.71095e-05 0.00231288 0.000622696 3.99507e-06 0.000460659 0.0312909 8.25523e-05 1.92061e-06 
5.21158e-05 0.000153792 0.000490921 0.000957325 7.8023e-05 0.000856949 0.0234285 0.000510094 1.5469e-08 0.00127034 0.00355522 0.000321826 0.00931254 0.000716874 3.18724e-05 1.20499e-07 0.00012648 0.00186472 0.00460858 0.00775108 0.00025609 0.915727 0.000492888 0.0263346 0.000790729 6.61507e-06 0.000175932 2.9986e-05 1.64435e-05 8.26356e-05 
0.00123979 0.000550905 0.000211937 0.0143062 0.00196635 0.0161517 0.00160331 0.00112738 1.3094e-12 0.000388603 0.00355088 9.03169e-07 0.000257271 1.93675e-05 0.00019859 0.00401714 1.46578e-08 0.919341 0.0214386 3.55691e-05 4.62408e-05 0.00171108 0.000146005 0.0037104 0.00380395 0.000280325 0.000203339 0.00312925 0.000563109 9.25589e-07 
0.00023167 0.00767237 2.29876e-07 0.0528867 4.54775e-07 0.0504546 0.0268728 0.205905 1.25965e-08 0.00547246 0.00738627 0.000150858 0.0481272 1.21574e-07 0.0161432 0.00112758 3.5062e-07 4.54477e-05 0.00316016 0.000869167 0.274211 1.55109e-07 0.0328163 0.049037 0.00154794 1.9709e-08 0.0408943 0.0497078 0.125279 8.07996e-08 
0.00415282 0.00253698 0.00345556 0.000858312 0.251791 0.0640792 0.0114811 0.164681 3.26199e-10 0.0419433 0.0137919 0.0184841 5.97121e-05 3.85136e-06 1.20343e-05 1.08689e-09 0.000640065 8.54204e-06 0.000635859 5.24106e-05 0.0658165 0.0625462 0.00163727 0.0602123 4.83785e-10 2.37355e-06 3.85959e-05 0.179403 0.0516762 2.49409e-07 
5.62285e-05 0.00262525 1.43203e-05 9.23409e-05 0.000495175 0.00139314 0.0169976 0.0119064 2.06817e-09 0.00566058 0.00537341 5.83975e-05 3.05682e-06 0.00503432 0.0042376 6.89109e-09 5.4631e-08 0.00352522 0.180021 4.74825e-06 4.65983e-06 0.488596 6.33377e-05 0.0353729 0.006185 8.56106e-05 0.214642 0.0162788 0.00127318 5.26178e-09 
1.75627e-06 0.000407784 0.000533472 7.40635e-05 0.321075 0.351462 0.0542922 0.0665358 1.65831e-08 0.00957908 5.1783e-06 3.17823e-08 0.000139045 8.11676e-06 0.000549889 4.56293e-06 4.48958e-08 0.00225457 0.0509256 5.81911e-08 3.03751e-06 0.00150551 1.45748e-05 2.86699e-05 1.04845e-06 0.00523704 8.90288e-06 0.11827 0.0170819 1.18948e-06 
0.000383994 0.00988901 0.00996945 0.00102498 0.000387154 0.00317693 0.0369744 0.00837929 7.81778e-08 0.00931788 0.0926821 0.00788992 0.00352704 0.0108407 0.0187042 2.60487e-07 2.11653e-07 0.0031486 0.000413569 0.00137485 0.001111 0.722117 7.53551e-05 0.0511324 4.55956e-05 0.000726103 0.00358276 0.00258827 0.000306121 0.000231014 
0.0004157 1.23658e-05 5.41352e-07 6.39508e-06 5.1141e-05 5.08842e-05 1.35887e-05 6.36039e-05 9.17938e-10 4.42777e-05 2.95253e-05 1.75927e-09 0.000158556 4.16438e-05 3.85745e-05 3.05855e-09 4.9728e-06 9.42874e-06 6.06058e-05 1.12771e-05 1.16662e-05 0.000121613 2.1406e-05 2.29137e-05 0.99865 6.79827e-06 4.07799e-05 4.86064e-05 5.82322e-05 4.43959e-06 
5.62285e-05 0.00262525 1.43203e-05 9.23409e-05 0.000495175 0.00139314 0.0169976 0.0119064 2.06817e-09 0.00566058 0.00537341 5.83975e-05 3.05682e-06 0.00503432 0.0042376 6.89109e-09 5.4631e-08 0.00352522 0.180021 4.74825e-06 4.65983e-06 0.488596 6.33377e-05 0.0353729 0.006185 8.56106e-05 0.214642 0.0162788 0.00127318 5.26178e-09 
0.00123979 0.000550905 0.000211937 0.0143062 0.00196635 0.0161517 0.00160331 0.00112738 1.3094e-12 0.000388603 0.00355088 9.03169e-07 0.000257271 1.93675e-05 0.00019859 0.00401714 1.46578e-08 0.919341 0.0214386 3.55691e-05 4.62408e-05 0.00171108 0.000146005 0.0037104 0.00380395 0.000280325 0.000203339 0.00312925 0.000563109 9.25589e-07 
1.36862e-07 0.0018836 6.80453e-05 3.14557e-05 0.0391057 0.00425363 0.0023536 0.396929 2.18981e-11 0.00045704 0.000807666 2.24644e-08 6.32827e-07 4.40136e-05 5.53174e-07 7.2964e-11 0.000458573 0.00957178 0.00667538 5.87462e-07 0.122019 0.0237304 3.01028e-09 0.228 1.76658e-05 0.000572984 0.000529308 0.157216 0.00527323 2.06122e-07 
4.92551e-06 0.00116105 0.00179094 0.00120925 0.000329413 0.0406843 0.0915202 0.156378 2.60331e-10 0.00489703 0.0105712 1.03469e-06 0.0504455 0.00025702 0.00464946 8.67417e-10 3.5956e-05 0.000542531 0.00045063 0.0333395 0.00567327 0.559523 4.50814e-07 0.0102248 7.49418e-06 0.0033347 2.14269e-07 0.0194741 0.00344979 4.41709e-05 
0.000127388 0.000914742 0.000985199 2.64939e-08 0.068067 0.0374812 0.0142457 0.00552336 8.19424e-12 0.00127162 0.0185577 0.000212186 0.0901254 0.000330415 0.00333563 2.7303e-11 1.27809e-05 0.000530136 0.0851244 0.0112701 0.0269959 0.00111862 0.00121113 0.0194233 2.35439e-05 0.000136798 0.00170554 0.495448 0.115822 1.10801e-08 
2.29145e-08 0.02182 0.000361204 1.23446e-07 1.12373e-06 1.18238e-06 0.0319365 0.161574 1.38535e-11 0.00245421 0.000998938 2.07124e-07 0.00867269 4.92097e-07 0.00163584 4.61595e-11 3.7506e-11 0.00836225 7.49787e-08 4.86129e-11 7.98521e-08 0.706128 1.52379e-11 0.0183775 2.05461e-11 1.28233e-06 1.93672e-07 0.0376738 2.70415e-07 3.52457e-11 
0.0060103 0.000534974 4.87449e-05 1.12925e-05 0.0276229 0.00462968 0.00161895 0.107116 1.86489e-08 0.000115183 0.00293581 4.36161e-05 9.24093e-05 0.00102837 8.07816e-05 6.21378e-08 0.000305988 0.000410468 0.0409581 8.58283e-05 0.0367243 0.00692981 2.05125e-08 0.609263 0.000131158 0.000303578 0.108272 0.0375219 0.00717474 3.01348e-05 
1.07622e-07 0.000719205 0.0079831 1.70295e-06 3.19195e-07 0.00142825 0.00933837 0.00523727 5.13261e-10 0.00761973 0.00425853 1.92615e-05 0.00101417 9.90806e-10 0.00084086 1.71017e-09 1.38957e-09 0.929968 0.000743039 2.03374e-07 0.000688071 0.00385649 0.000162156 0.00445737 0.0182917 0.000782652 0.00149554 4.86055e-07 0.00109305 6.09573e-07 
1.3995e-09 0.00649426 0.00427214 2.47328e-08 0.0256602 0.156522 0.0505494 0.00727545 8.31688e-11 5.32974e-07 0.00474956 0.000950944 0.00726145 4.65583e-06 0.0669752 2.77117e-10 0.00493384 0.00532547 4.34752e-07 1.10815e-06 0.2949 0.00520568 0.0245507 0.0217563 0.00181271 2.46933e-07 0.00100525 0.0484332 0.261359 2.11596e-10 
0.000812439 0.00268764 0.000180427 0.394458 0.00534427 0.032101 0.0162442 0.129289 3.46112e-08 0.00185592 0.0217744 1.24312e-05 0.0137049 0.000171517 0.0098844 8.21885e-06 0.000250562 0.000601166 0.0136126 0.00158882 0.158892 0.00872379 0.105663 0.0161415 0.00162569 1.16527e-07 0.0110063 0.0266509 0.0267095 5.45681e-06 
0.000199095 0.0639111 0.008933 0.0850578 0.0300447 0.00902189 0.251849 0.035768 2.09552e-08 0.00288676 0.00505954 0.0308375 0.00112143 1.16168e-05 0.0872237 7.04057e-08 0.000100557 0.173013 0.00363168 0.000522507 0.0486574 0.0150945 0.00681481 0.0128047 0.000126667 0.000998273 0.00176676 0.102887 0.0215743 8.22024e-05 
5.85219e-05 0.0448433 0.00563467 3.07099e-06 0.00183758 0.00207191 0.0116801 0.0212006 3.75059e-12 0.000781985 0.00689965 9.77158e-06 0.00200954 0.000308055 0.00282071 1.24969e-11 0.000236376 4.53309e-05 0.00174806 0.00191188 0.00232564 0.0118502 0.00185596 0.00421736 0.864825 0.000130531 0.000173343 0.0093426 0.00117541 2.70665e-06 
0.0322817 0.176621 0.0387979 0.000210674 0.0106291 0.00295105 0.251534 0.0900674 6.87514e-11 0.302811 2.34673e-06 0.000179189 6.93287e-07 1.32719e-10 0.0748851 2.29078e-10 3.96736e-07 1.94933e-07 0.015003 7.73933e-07 1.14834e-07 0.00400725 1.28094e-05 5.8653e-07 1.01965e-10 7.07093e-11 4.61523e-07 5.05265e-08 5.92166e-07 3.0429e-06 
1.85552e-07 0.00573252 0.0120817 0.00108274 0.0394191 0.000770957 0.0350092 0.192199 1.29384e-10 0.00568917 0.02805 0.000330137 0.00565263 1.50603e-05 0.242589 2.41133e-07 4.24099e-07 0.014159 0.0010653 4.22591e-07 2.0836e-06 0.275026 0.011935 0.0478828 0.0393243 0.00376638 0.00457483 0.0324802 0.00116163 3.29175e-10 
0.00311293 0.00164361 0.00293802 0.00335106 0.00234673 0.0628728 0.0354585 0.0231507 4.87566e-07 0.00897371 0.0368346 5.487e-05 0.020149 0.000117179 0.00378375 3.15006e-05 0.000662797 0.00103552 0.00218885 0.000179171 0.060771 0.00247232 0.00312224 0.528149 0.000328896 0.000476308 0.0941774 0.0842261 0.0173894 1.10094e-06 
0.0004157 1.23658e-05 5.41352e-07 6.39508e-06 5.1141e-05 5.08842e-05 1.35887e-05 6.36039e-05 9.17938e-10 4.42777e-05 2.95253e-05 1.75927e-09 0.000158556 4.16438e-05 3.85745e-05 3.05855e-09 4.9728e-06 9.42874e-06 6.06058e-05 1.12771e-05 1.16662e-05 0.000121613 2.1406e-05 2.29137e-05 0.99865 6.79827e-06 4.07799e-05 4.86064e-05 5.82322e-05 4.43959e-06 
0.00123979 0.000550905 0.000211937 0.0143062 0.00196635 0.0161517 0.00160331 0.00112738 1.3094e-12 0.000388603 0.00355088 9.03169e-07 0.000257271 1.93675e-05 0.00019859 0.00401714 1.46578e-08 0.919341 0.0214386 3.55691e-05 4.62408e-05 0.00171108 0.000146005 0.0037104 0.00380395 0.000280325 0.000203339 0.00312925 0.000563109 9.25589e-07 
0.00180535 0.00788641 0.0805094 2.72609e-08 0.0772951 0.00250317 0.0165911 0.00534135 1.19256e-11 0.00031927 0.00331565 0.0873159 0.00030431 1.27485e-08 9.68951e-05 3.6546e-09 2.72852e-08 0.000773362 0.0057998 4.18478e-11 0.0540758 2.84109e-05 0.000258549 0.0229243 2.60182e-05 0.00314604 0.00104029 0.608931 0.0197012 1.1042e-05 
0.00758364 0.00887837 0.00142468 1.18558e-09 0.0302788 0.000265677 0.0118829 0.0536222 4.43322e-13 0.00150591 7.37914e-05 2.5851e-05 1.19354e-08 2.9519e-05 0.000308906 1.47714e-12 1.09152e-06 0.000432796 0.0283022 1.55565e-12 0.399824 0.00027173 2.32495e-05 0.0355625 8.78283e-06 0.000714568 0.00021335 0.390387 0.0283779 2.2685e-07 
0.000342462 0.00566081 0.00226992 2.21483e-05 0.000684517 0.161762 0.0507005 0.0731085 6.09282e-08 0.0349181 0.00220077 2.34605e-05 0.00397878 0.000230028 0.00217998 2.03011e-07 1.64953e-07 0.000195419 0.0242889 0.0626221 0.0060571 0.548848 1.36877e-05 0.00692234 3.95125e-06 1.85348e-06 0.00384056 0.00136523 0.00755232 0.000205992 
0.0396028 0.0193541 0.000447427 8.75091e-06 0.014339 0.000867409 0.400759 0.0548371 4.74487e-10 0.000347047 0.000267933 4.46174e-07 0.0051511 0.0314168 0.277233 1.58098e-09 0.00120212 6.01624e-10 0.0676569 0.0721371 0.00188434 0.00591335 5.21901e-10 0.00081502 7.09853e-06 4.87999e-10 0.00291576 0.00208383 0.000738643 1.37851e-05 
0.0102481 0.000289531 0.000136971 0.000290289 0.000855206 0.0018359 0.150292 0.00265726 8.15103e-07 0.67583 0.0172268 0.0146352 0.000302945 1.57348e-06 0.000179033 2.7159e-06 2.20675e-06 0.0164795 0.000562007 6.47087e-05 0.00192377 0.0862758 2.93966e-05 0.00485801 0.000623559 1.07861e-05 0.000138462 0.0134978 0.000404011 0.000345764 
0.00123979 0.000550905 0.000211937 0.0143062 0.00196635 0.0161517 0.00160331 0.00112738 1.3094e-12 0.000388603 0.00355088 9.03169e-07 0.000257271 1.93675e-05 0.00019859 0.00401714 1.46578e-08 0.919341 0.0214386 3.55691e-05 4.62408e-05 0.00171108 0.000146005 0.0037104 0.00380395 0.000280325 0.000203339 0.00312925 0.000563109 9.25589e-07 
0.034947 0.000660042 0.555207 0.00100088 0.00705132 0.00107369 0.0323086 0.0448802 1.02967e-07 0.010336 0.00152119 0.0465899 0.000196078 0.000979001 0.00147107 3.43083e-07 2.78765e-07 0.00101203 0.00463311 0.00147204 0.0120426 0.220797 0.000235236 0.010609 0.000291377 1.05899e-07 0.000484532 0.00573427 0.00333069 0.00113538 
7.81387e-07 0.000747991 0.000655591 9.34396e-05 0.229918 1.26482e-08 4.14657e-07 0.0267428 1.45193e-12 0.00432262 1.77711e-07 5.44295e-06 6.72064e-09 1.40169e-08 0.00314507 4.83779e-12 3.93085e-12 0.000511554 0.0148313 0.000667754 0.0262701 0.525597 2.74704e-08 0.0316502 3.40251e-08 1.49328e-12 5.66016e-08 0.114155 0.0202341 0.000451028 
0.00662115 0.00730953 0.000279336 2.72824e-05 0.00899143 0.0663718 0.0203469 0.477527 1.0438e-08 0.0485695 0.0160836 6.13449e-06 0.00559685 2.01497e-08 0.000395821 3.47793e-08 6.44357e-05 4.26934e-06 0.00287743 0.000249164 0.00493368 0.179169 7.34109e-05 0.0032161 0.00660192 0.000914834 0.00420462 0.0695383 0.0700235 2.45535e-06 
9.67937e-08 0.00249546 3.00944e-07 1.76638e-08 0.0148285 0.0298985 0.240749 0.0250626 1.20252e-12 5.11887e-07 0.0278347 1.93365e-07 0.0023736 0.000224812 9.08505e-07 4.00676e-12 2.4264e-05 0.0247908 0.0562529 4.21972e-12 1.45636e-07 0.0118261 3.58053e-07 0.0304802 5.10617e-05 2.80498e-07 0.00060595 0.532498 3.58384e-07 3.05941e-12 
4.08731e-07 0.00421986 5.22658e-05 0.000186259 0.000864412 3.92765e-06 0.00236935 0.0232823 2.14166e-09 0.00105854 0.000333327 7.3563e-05 0.000860695 4.49512e-07 0.000456247 7.13598e-09 6.25202e-06 0.000957111 0.000627566 0.000194331 5.87892e-06 0.958872 2.35568e-09 0.00475176 9.65767e-06 1.27072e-05 1.96177e-06 0.000791905 2.234e-06 5.50381e-06 
0.00120925 0.00135082 1.97983e-05 0.272967 0.0558805 0.118623 0.00867631 0.0145703 1.92987e-06 0.0002165 0.13486 4.62018e-06 0.071596 2.12534e-05 0.058115 7.72798e-06 0.000252388 0.118931 0.00129393 6.71619e-05 0.0131778 0.0114491 0.00311583 0.00983143 0.000314705 0.00478655 0.00392432 0.041286 0.0534258 2.42629e-05 
0.00495144 0.0266993 0.00963749 4.46375e-08 0.0187745 0.00186362 0.72495 0.0055319 2.11982e-10 0.140557 0.000148529 5.66904e-07 1.48741e-07 0.000246315 0.00159765 7.06319e-10 6.29669e-09 0.000402106 0.00118581 7.43859e-10 4.26746e-07 0.018553 1.04922e-06 0.0056336 7.71186e-05 0.00339753 0.00326759 0.0318224 0.000697353 3.16169e-06 
9.67428e-05 0.00303829 2.79118e-06 3.59331e-05 0.00144826 0.0471166 0.0532037 0.0543171 1.95633e-10 0.00130576 0.218822 0.000486515 0.0450539 0.0581858 0.0135571 6.61547e-07 8.91111e-07 0.0285314 0.00203214 0.00603237 0.00236385 0.27588 0.0108476 0.0729849 0.0515425 0.000235232 0.0365627 0.0102684 0.00437001 0.00167638 
8.66085e-09 5.86252e-07 3.75695e-08 0.0193497 1.5753e-08 1.17541e-05 1.66845e-08 0.000857143 2.05901e-11 0.000225604 0.00902381 0.000637341 0.00141083 5.34789e-08 8.64574e-09 6.86059e-11 0.0105864 0.869656 9.92401e-06 7.22522e-11 4.09311e-09 0.0682322 3.84149e-08 0.0162231 1.77997e-05 2.31073e-08 0.00190796 1.61477e-06 0.000104343 0.00174329 
0.000639628 6.31162e-05 0.000107309 5.87915e-05 0.00067433 1.03535e-05 0.00033943 0.000278863 1.18852e-09 0.000421189 0.000145471 0.895555 6.21912e-07 2.29433e-09 0.0986131 3.96012e-09 3.21771e-09 5.16909e-05 0.000443071 4.88001e-05 0.000299497 0.00101281 2.24867e-05 0.000164704 2.78523e-05 1.22236e-09 4.63329e-05 0.00054838 0.000318519 0.000108557 
0.0157439 0.0684653 0.0241396 0.000120005 0.0114792 0.00792505 0.226554 0.0215957 3.17087e-05 0.00543148 0.00261308 0.420337 0.00548819 6.03115e-05 0.0120297 0.00987806 0.000298612 0.00520447 0.00489136 0.000242273 0.0160284 0.0199038 0.00597911 0.0702763 0.00128888 0.00016731 0.00939618 0.030705 0.00369138 3.43187e-05 
0.00854808 0.00651103 0.0304362 5.39863e-07 0.0278743 0.00146104 0.257775 0.0154247 1.52165e-09 0.464436 0.000166035 7.42006e-05 0.000534685 5.33423e-07 0.0513122 5.07011e-09 4.11961e-09 0.000950121 0.000585075 5.33958e-09 0.0481133 0.000502385 1.01477e-05 0.0119512 6.26694e-05 7.39334e-07 0.00104759 0.0543341 0.0178876 5.82963e-08 
0.293822 0.0849563 0.024053 0.065791 0.0271466 0.00734466 0.192212 0.00910355 7.71869e-09 0.0133103 0.00290386 0.00691609 0.000463827 0.000777278 0.0250071 8.25152e-06 6.44654e-06 0.0198267 0.160474 0.00518905 0.0207516 0.0192622 0.00685581 0.00484514 0.0012442 9.77809e-05 0.000574767 0.00516249 0.00189352 1.17593e-06 
4.08731e-07 0.00421986 5.22658e-05 0.000186259 0.000864412 3.92765e-06 0.00236935 0.0232823 2.14166e-09 0.00105854 0.000333327 7.3563e-05 0.000860695 4.49512e-07 0.000456247 7.13598e-09 6.25202e-06 0.000957111 0.000627566 0.000194331 5.87892e-06 0.958872 2.35568e-09 0.00475176 9.65767e-06 1.27072e-05 1.96177e-06 0.000791905 2.234e-06 5.50381e-06 
0.00274819 0.00188022 0.000315607 0.000555531 0.00582727 0.000113294 0.012101 0.0405521 1.28859e-10 0.0198291 0.00880175 0.113001 4.32759e-08 1.74371e-08 0.0014235 4.29355e-10 3.48864e-10 0.000710439 0.00747849 0.00770815 0.000533938 0.759087 1.07854e-06 0.00617185 1.23739e-06 6.29551e-05 2.08004e-05 0.00927915 0.00145917 0.000337761 
0.00123979 0.000550905 0.000211937 0.0143062 0.00196635 0.0161517 0.00160331 0.00112738 1.3094e-12 0.000388603 0.00355088 9.03169e-07 0.000257271 1.93675e-05 0.00019859 0.00401714 1.46578e-08 0.919341 0.0214386 3.55691e-05 4.62408e-05 0.00171108 0.000146005 0.0037104 0.00380395 0.000280325 0.000203339 0.00312925 0.000563109 9.25589e-07 
0.00506206 0.0061137 0.000202113 0.00210547 0.0505335 0.0189864 0.0460779 0.110586 1.16683e-07 0.0366597 0.0611621 0.0250699 0.0173019 0.00411067 0.0407028 0.00213349 0.00228582 0.0558869 0.0843665 0.00141496 0.00995278 0.249293 0.000569526 0.0474005 0.00790634 0.00169124 0.00453752 0.0827409 0.0250445 0.000102585 
0.00278335 0.0178488 0.00338316 2.57047e-05 0.00635459 0.0194754 0.148958 0.1406 2.82393e-06 0.0508835 0.00802304 5.5175e-05 0.000472746 0.000688457 0.00741852 1.74168e-05 5.66629e-05 0.00330226 0.0583874 0.0108661 0.0243068 0.203732 3.74675e-05 0.169926 0.000309769 0.000537713 0.00316338 0.10045 0.0179108 2.29942e-05 
0.11412 0.00117986 0.000233491 4.38783e-07 0.00148011 0.0254895 0.0507986 0.0134048 1.07272e-10 0.143091 0.0648814 1.36206e-06 0.294985 0.000599218 0.00532312 3.57426e-10 3.41298e-07 0.00017494 4.15811e-06 0.000987386 0.000203339 0.0814281 0.00561674 0.00498273 0.0603139 0.00324784 0.00488531 0.0929971 0.029569 3.04708e-07 
0.0116564 0.0447064 0.00629617 6.48161e-05 0.00269651 0.005668 0.140932 0.028408 3.15924e-10 0.0368055 0.0014604 0.00577426 0.00110838 1.78714e-08 0.0245948 0.098933 0.519628 3.82568e-06 0.000479047 0.000166026 0.0136505 0.00487092 0.0287466 0.00451219 0.000750149 1.74598e-06 0.00309446 0.00387248 0.0111193 1.72688e-08 
0.000226869 0.00415448 0.0054918 1.84662e-05 0.0101901 0.00362747 0.0588239 0.449875 5.53862e-11 0.0173025 0.00313487 4.78177e-08 0.000461366 9.9137e-08 0.00169735 6.77004e-08 0.294452 9.61309e-09 0.0037021 4.13662e-06 0.117305 1.68061e-07 0.000566974 8.80233e-07 0.00106629 1.81768e-07 0.0115943 0.003705 0.0124578 0.000140991 
8.66085e-09 5.86252e-07 3.75695e-08 0.0193497 1.5753e-08 1.17541e-05 1.66845e-08 0.000857143 2.05901e-11 0.000225604 0.00902381 0.000637341 0.00141083 5.34789e-08 8.64574e-09 6.86059e-11 0.0105864 0.869656 9.92401e-06 7.22522e-11 4.09311e-09 0.0682322 3.84149e-08 0.0162231 1.77997e-05 2.31073e-08 0.00190796 1.61477e-06 0.000104343 0.00174329 
8.66085e-09 5.86252e-07 3.75695e-08 0.0193497 1.5753e-08 1.17541e-05 1.66845e-08 0.000857143 2.05901e-11 0.000225604 0.00902381 0.000637341 0.00141083 5.34789e-08 8.64574e-09 6.86059e-11 0.0105864 0.869656 9.92401e-06 7.22522e-11 4.09311e-09 0.0682322 3.84149e-08 0.0162231 1.77997e-05 2.31073e-08 0.00190796 1.61477e-06 0.000104343 0.00174329 
0.00547525 0.00806485 0.000451596 0.0228557 0.00169946 0.0760422 0.0218345 0.0196277 4.15184e-07 0.0145874 0.0152641 7.00897e-05 0.0168059 0.00219981 0.0118266 0.00123343 0.00183345 0.658409 0.0331231 0.00198172 0.000900339 0.0395529 0.00253774 0.0182224 0.00319702 0.00438038 0.00467684 0.00671516 0.00642868 2.72346e-06 
1.86491e-06 0.00209925 1.8837e-05 0.00021921 0.00120655 0.0422933 0.0221602 0.0562356 3.91825e-09 0.00140016 0.0316571 0.00015897 0.118809 3.68073e-05 0.406409 2.53123e-05 9.09452e-05 0.00177813 0.0050344 0.00224178 4.21439e-05 0.0607409 0.00131672 0.0208193 0.000119747 5.05754e-06 0.00480238 0.0815894 0.138689 9.9687e-09 
8.66085e-09 5.86252e-07 3.75695e-08 0.0193497 1.5753e-08 1.17541e-05 1.66845e-08 0.000857143 2.05901e-11 0.000225604 0.00902381 0.000637341 0.00141083 5.34789e-08 8.64574e-09 6.86059e-11 0.0105864 0.869656 9.92401e-06 7.22522e-11 4.09311e-09 0.0682322 3.84149e-08 0.0162231 1.77997e-05 2.31073e-08 0.00190796 1.61477e-06 0.000104343 0.00174329 
0.0531883 0.018992 0.00226399 1.64161e-07 0.0367476 8.19748e-06 0.142551 0.0753147 4.14145e-10 0.00219485 0.000362491 0.0263687 2.73718e-05 7.9947e-10 0.0501058 1.37992e-09 4.88877e-08 0.000912204 0.0181637 1.3752e-07 0.0179741 0.372283 0.000648121 0.068019 6.50634e-06 4.01199e-08 0.00583431 0.099546 0.00845584 3.27101e-05 
0.00330434 0.0254627 0.00795499 0.00191541 0.170253 0.000276031 0.344538 0.0989099 2.24079e-11 0.0547677 0.00631892 0.0187791 1.52688e-06 9.90051e-07 0.0197147 7.46625e-11 7.10305e-07 0.0034294 0.0212779 1.23491e-07 0.00755428 0.104732 0.000534855 0.0156787 0.000619283 5.32462e-05 0.00146048 0.0923992 8.05586e-07 6.23298e-05 
0.159711 0.018371 0.00676449 0.159116 0.0828883 0.000558273 0.117337 0.0257486 1.05979e-11 0.0116303 0.00338229 0.100655 0.00113734 2.04582e-11 0.0285423 4.3977e-08 6.13623e-07 0.000152632 0.00212412 2.10822e-05 0.05851 0.0218782 0.00182426 0.00962774 0.171691 0.0022623 0.00260008 0.00603862 0.00729863 0.000128803 
0.00813839 0.00839486 0.000495276 6.69067e-07 7.67275e-06 0.000273717 0.0877851 0.374137 2.55179e-10 0.011952 0.00840471 0.0272477 7.50963e-07 2.74874e-06 1.60083e-06 7.4696e-05 7.40122e-07 0.000194506 0.0179413 0.00268782 3.40779e-06 0.305477 2.56122e-07 0.0696101 3.17265e-07 2.62446e-10 0.000855847 0.0492434 0.0263288 0.00073963 
9.9013e-08 0.00675875 0.000902923 0.000368795 0.00140366 0.0381414 0.0266863 0.138789 2.32779e-11 0.00935993 0.126242 0.000531574 0.0992202 4.10707e-05 0.00824856 1.42417e-07 8.44099e-05 0.00126715 0.00117293 0.00112678 1.26391e-05 0.215988 0.0154556 0.110602 6.73725e-07 2.68509e-07 0.00347087 0.147375 0.0467485 5.92231e-11 
8.66085e-09 5.86252e-07 3.75695e-08 0.0193497 1.5753e-08 1.17541e-05 1.66845e-08 0.000857143 2.05901e-11 0.000225604 0.00902381 0.000637341 0.00141083 5.34789e-08 8.64574e-09 6.86059e-11 0.0105864 0.869656 9.92401e-06 7.22522e-11 4.09311e-09 0.0682322 3.84149e-08 0.0162231 1.77997e-05 2.31073e-08 0.00190796 1.61477e-06 0.000104343 0.00174329 
5.99794e-08 0.0130874 0.0186655 2.67084e-05 0.0126795 0.0112378 0.00366055 0.182451 1.84887e-10 1.23158e-07 0.306235 2.64924e-06 0.100965 0.00319754 1.96784e-05 6.16041e-10 6.91876e-05 2.19456e-05 0.00253175 0.00435475 0.000837723 0.0662105 0.00275084 0.136218 5.42494e-07 1.90153e-10 0.000537479 0.084698 0.0495281 1.28054e-05 
0.0359946 0.00132271 0.00180343 0.000315386 0.0448393 0.0395128 0.0171873 0.0272012 9.55996e-10 0.00137799 0.00315041 1.25963e-08 0.0119767 0.00847049 0.000579872 1.37052e-05 6.46125e-05 0.0380971 0.191397 0.00351711 0.000339219 0.280406 0.000732587 0.224839 0.00263938 0.000794425 0.00101338 0.0501742 0.0122359 3.67565e-06 
0.00774169 0.00261752 4.03327e-08 0.000218352 0.00184584 0.00358761 0.00208538 0.0144746 3.42634e-08 0.00316093 0.00161049 6.56675e-08 0.00201031 0.00150811 0.00356426 0.000388275 0.000334036 0.000569162 0.00733046 0.00247691 0.00503522 0.927267 0.00156406 0.00322582 0.0005387 3.52391e-08 0.00128107 0.00288857 0.0026752 8.7172e-08 
0.0416589 0.136331 0.0035003 0.00209321 0.00804037 0.0126558 0.222911 0.0340449 9.38461e-07 0.00952799 0.000631753 0.0236334 0.000310106 0.00783751 0.000468695 8.73719e-06 1.47153e-06 0.000812473 0.170687 0.0539666 0.00080109 0.0388411 3.22927e-05 0.0134542 0.000604422 1.8377e-06 0.173676 0.0434553 3.73759e-06 8.19284e-06 
0.00123979 0.000550905 0.000211937 0.0143062 0.00196635 0.0161517 0.00160331 0.00112738 1.3094e-12 0.000388603 0.00355088 9.03169e-07 0.000257271 1.93675e-05 0.00019859 0.00401714 1.46578e-08 0.919341 0.0214386 3.55691e-05 4.62408e-05 0.00171108 0.000146005 0.0037104 0.00380395 0.000280325 0.000203339 0.00312925 0.000563109 9.25589e-07 
3.15384e-05 0.0420836 0.000405667 0.000710335 0.00113655 0.0237776 0.0874214 0.178748 9.47121e-10 0.00182974 0.0134485 0.00021002 0.0319998 5.13724e-06 0.368134 0.00191279 0.00316302 1.83438e-05 0.00139616 5.27577e-05 0.00175592 0.197419 6.32164e-06 0.013004 0.0244126 3.6927e-06 0.000976056 0.00593182 5.93802e-06 2.40964e-09 
0.00618791 0.0172296 0.00296112 0.000233327 4.1423e-06 0.0229629 0.0196231 0.0255246 1.40663e-07 0.00705191 0.0137129 0.000875612 0.00441278 0.00139982 0.00882158 2.04651e-05 4.39077e-07 0.00215061 0.000966715 0.000254582 0.000929756 0.450247 0.00961917 0.0211135 5.45792e-05 0.000154542 0.316653 0.0504196 0.0164144 1.56275e-07 
3.89157e-07 0.0854234 1.59457e-06 0.000181263 0.00238804 0.00071827 0.0315374 0.266781 1.10749e-10 0.00857482 0.00353573 0.00860038 3.41909e-07 1.42811e-06 7.6209e-07 3.69013e-10 2.99834e-10 0.0898925 0.00203169 0.00390745 1.30109e-06 0.352894 0.00229764 0.123071 0.000275235 1.13903e-10 3.59552e-07 0.0150098 0.00287468 3.02895e-07 
4.08731e-07 0.00421986 5.22658e-05 0.000186259 0.000864412 3.92765e-06 0.00236935 0.0232823 2.14166e-09 0.00105854 0.000333327 7.3563e-05 0.000860695 4.49512e-07 0.000456247 7.13598e-09 6.25202e-06 0.000957111 0.000627566 0.000194331 5.87892e-06 0.958872 2.35568e-09 0.00475176 9.65767e-06 1.27072e-05 1.96177e-06 0.000791905 2.234e-06 5.50381e-06 
0.000121672 0.0252143 0.000208504 9.40483e-08 0.0137548 0.0129733 0.0329884 0.00494583 1.33354e-08 3.05969e-05 2.72796e-06 2.33204e-06 0.0598912 4.95695e-05 0.0115304 4.44331e-08 0.000106832 1.85214e-06 0.00023193 0.00143592 0.00154171 0.736726 0.00371043 0.00540117 0.00410942 0.000885844 0.0050429 0.0172542 0.0618381 3.39275e-08 
4.61784e-06 0.00250522 1.80524e-05 0.00064752 0.0101488 0.000606259 0.00154998 0.405322 1.64076e-08 0.0023165 0.00422094 7.63367e-06 0.000558936 0.000591592 0.0758598 7.15507e-07 0.000210335 0.0750332 0.0120446 0.000290291 0.0304108 0.315001 7.07341e-06 0.0374707 1.20092e-06 0.000677506 0.000579225 0.0177451 0.00595608 0.000214147 
5.17317e-09 0.018219 0.000953089 1.63782e-06 5.76851e-05 0.00146988 0.0466304 0.000307329 1.37593e-11 0.000106227 0.00161462 4.91238e-08 2.87795e-05 4.52533e-07 0.916924 8.63782e-10 0.00032711 3.23724e-07 0.000108155 4.82823e-11 9.52386e-05 9.88408e-05 3.5596e-07 0.00351548 0.00829552 0.000239492 0.000627748 0.000378255 4.18889e-10 1.17756e-08 
0.0172978 0.000426064 0.0119543 0.00017607 0.000197867 0.00123547 0.0142025 0.910132 8.25045e-11 0.000277654 3.07719e-05 0.00017851 0.000114119 1.19829e-07 0.000138544 2.02781e-07 2.23367e-10 9.39944e-05 0.000155197 0.0338581 0.00267979 0.000190124 9.07491e-11 0.000283984 0.000400303 1.30849e-07 0.000877674 0.00194399 0.00315516 2.09906e-10 
0.00111924 0.00216842 0.0138191 0.000194505 0.00131156 0.000689229 0.853685 0.025055 5.31844e-11 0.0369338 0.00353336 3.86772e-07 8.77947e-06 0.000105548 0.00157415 1.77209e-10 1.48033e-06 1.69897e-07 0.00168831 2.9678e-07 0.000646156 0.0292409 0.000810185 0.0130808 1.89808e-08 5.4699e-11 7.34812e-05 0.0142595 7.16682e-07 1.20061e-07 
0.0019771 0.00429623 0.00196995 0.000762821 3.0549e-06 0.0120339 0.00745401 0.0325798 3.33669e-09 0.0149498 0.0144664 0.000488154 6.03034e-06 6.44118e-09 3.3136e-06 1.11178e-08 0.000163041 0.000204659 0.000263147 0.034789 0.000893948 0.731243 3.63654e-06 0.00966631 0.00114309 4.69591e-06 0.000571064 0.0025741 0.00165683 0.125832 
0.0004157 1.23658e-05 5.41352e-07 6.39508e-06 5.1141e-05 5.08842e-05 1.35887e-05 6.36039e-05 9.17938e-10 4.42777e-05 2.95253e-05 1.75927e-09 0.000158556 4.16438e-05 3.85745e-05 3.05855e-09 4.9728e-06 9.42874e-06 6.06058e-05 1.12771e-05 1.16662e-05 0.000121613 2.1406e-05 2.29137e-05 0.99865 6.79827e-06 4.07799e-05 4.86064e-05 5.82322e-05 4.43959e-06 
0.00385133 0.0312718 0.0089356 9.63285e-08 0.0151643 0.000411729 0.160411 0.0231674 1.05295e-11 0.000372191 9.81847e-05 0.00229834 4.66565e-07 6.67851e-08 0.550645 3.50842e-11 1.65665e-06 1.39986e-05 0.00517018 3.69489e-11 0.0770419 0.000365743 9.86908e-08 0.00447059 1.27247e-08 2.66174e-06 3.95052e-08 0.108892 0.00741409 1.63303e-08 
0.0392046 0.0210882 0.00379141 0.000286995 0.062804 0.00240219 0.0291833 0.0174798 1.28025e-08 0.0533193 0.0597248 0.0565853 0.000499156 8.57588e-05 0.0117125 4.26575e-08 4.0885e-06 0.00409654 0.0713215 0.000419757 0.00832387 0.259278 0.00168925 0.0174057 0.0823649 4.54053e-05 0.0228438 0.0393177 0.134574 0.000147858 
0.00146921 0.000176367 0.000246759 0.000651404 0.636296 2.38879e-05 0.000779675 0.00308447 2.46922e-07 0.000967726 0.000334228 0.0236643 1.84125e-05 4.76661e-07 0.000323326 8.22739e-07 6.68499e-07 0.000119035 0.00101779 0.000112943 0.000687984 0.315542 5.1917e-05 0.0065381 6.43345e-05 7.55985e-05 0.000106534 0.0012596 0.00314184 0.00324419 
0.000221879 0.0532737 0.0241447 0.000101519 0.00575553 0.0122918 0.0755468 0.053943 7.64979e-09 0.00407437 0.00202568 0.00141821 0.0318554 0.0190986 0.0185497 1.28854e-05 0.0680151 0.172235 0.0173801 0.00554933 0.00411553 0.183887 0.00154671 0.0593178 3.76812e-05 0.0276621 0.0606312 0.0755691 0.0217353 4.39821e-06 
8.66085e-09 5.86252e-07 3.75695e-08 0.0193497 1.5753e-08 1.17541e-05 1.66845e-08 0.000857143 2.05901e-11 0.000225604 0.00902381 0.000637341 0.00141083 5.34789e-08 8.64574e-09 6.86059e-11 0.0105864 0.869656 9.92401e-06 7.22522e-11 4.09311e-09 0.0682322 3.84149e-08 0.0162231 1.77997e-05 2.31073e-08 0.00190796 1.61477e-06 0.000104343 0.00174329 
0.00123979 0.000550905 0.000211937 0.0143062 0.00196635 0.0161517 0.00160331 0.00112738 1.3094e-12 0.000388603 0.00355088 9.03169e-07 0.000257271 1.93675e-05 0.00019859 0.00401714 1.46578e-08 0.919341 0.0214386 3.55691e-05 4.62408e-05 0.00171108 0.000146005 0.0037104 0.00380395 0.000280325 0.000203339 0.00312925 0.000563109 9.25589e-07 
0.000212247 0.000203163 0.000597038 1.11612e-08 0.00042167 4.76518e-07 0.00362062 0.992819 1.03945e-11 1.29535e-06 3.42295e-07 1.99217e-11 0.00133181 1.5417e-08 1.50607e-07 3.46344e-11 4.32675e-07 1.95269e-07 5.19329e-06 6.66752e-08 3.18643e-08 0.000106172 2.39155e-05 8.44396e-05 0.000340485 1.00823e-09 1.4746e-07 7.54805e-05 0.000155317 4.20712e-09 
0.000125309 0.000685568 0.013556 3.10799e-05 0.00149682 0.00300265 0.000834909 0.0456639 4.745e-06 0.000756088 0.000364561 0.000121255 0.00189315 0.000630586 0.000515134 7.68544e-06 6.24464e-06 0.000355905 0.00058936 0.000737528 0.00108414 0.855357 0.000203016 0.00688248 0.00014627 0.000778271 0.000303643 0.046797 0.0170638 5.86831e-06 
0.334338 0.0187516 0.0163882 1.08575e-07 0.000327739 0.000875107 0.338301 1.09783e-05 6.83229e-12 0.0067011 0.000413319 3.90169e-05 0.000648217 1.51039e-06 0.00244305 2.2765e-11 1.05498e-07 0.00177909 0.143282 1.09599e-07 7.76548e-05 3.66157e-05 0.000107408 0.0065517 0.000100647 7.02686e-12 1.07492e-06 0.124677 0.00414757 2.39633e-09 
0.00123979 0.000550905 0.000211937 0.0143062 0.00196635 0.0161517 0.00160331 0.00112738 1.3094e-12 0.000388603 0.00355088 9.03169e-07 0.000257271 1.93675e-05 0.00019859 0.00401714 1.46578e-08 0.919341 0.0214386 3.55691e-05 4.62408e-05 0.00171108 0.000146005 0.0037104 0.00380395 0.000280325 0.000203339 0.00312925 0.000563109 9.25589e-07 
0.0113692 0.0134596 0.036794 0.000290178 0.00451339 0.01118 0.11439 0.0953291 8.76937e-08 0.0274802 0.000167228 2.93665e-05 0.00920812 0.00751015 0.00774591 5.82897e-07 0.0024569 0.00219685 0.0095253 0.000144008 0.0317676 0.334209 0.057369 0.155288 1.73164e-05 0.010039 0.00356363 0.0308927 0.0230359 2.77416e-05 
0.00893255 0.00239022 0.000973065 0.00174182 0.014191 0.00267833 0.0277985 0.0354137 5.76297e-13 0.0105588 0.0388801 0.0490435 4.07123e-07 2.62559e-08 0.0108389 1.92021e-12 1.41996e-08 0.00199764 0.016951 0.00418119 0.0827329 0.10927 0.000988959 0.0361621 1.35052e-08 1.61815e-08 9.66271e-05 0.405687 0.138491 5.2638e-08 
0.000657849 0.00795313 0.00870564 0.000896319 0.104412 0.00640755 0.0865251 0.0598766 2.51049e-12 0.00476906 0.0420912 0.000537431 0.00643048 0.000345685 0.0349015 1.2278e-08 0.000164859 0.0134034 0.0112793 8.80947e-12 0.00339987 0.0599755 0.00359259 0.0682361 0.0412992 0.0632223 0.00712806 0.358838 0.00494827 2.66945e-06 
0.000230318 2.30349e-05 3.92506e-05 2.14469e-05 0.00638816 0.000231287 0.000122249 0.00113141 5.47081e-07 0.0121405 0.00313032 0.0154164 0.0924968 1.05609e-06 5.11009e-05 1.82286e-06 1.48113e-06 1.92902e-05 0.014835 0.00041379 0.00623825 0.544788 8.69143e-06 0.00758729 1.08313e-05 5.62661e-07 0.000298202 0.277471 0.0168618 4.0447e-05 
0.0109157 0.020772 0.0219474 0.00050608 0.0251666 0.0358164 0.0368993 0.0512727 9.65602e-05 0.0168544 0.0289193 0.0200659 0.126512 0.00250426 0.00678562 0.01657 0.000636974 0.00233852 0.164066 0.00211816 0.00234481 0.236422 0.00515089 0.0125097 0.00221768 0.0018435 0.015589 0.123054 0.00990046 0.000203826 
8.66085e-09 5.86252e-07 3.75695e-08 0.0193497 1.5753e-08 1.17541e-05 1.66845e-08 0.000857143 2.05901e-11 0.000225604 0.00902381 0.000637341 0.00141083 5.34789e-08 8.64574e-09 6.86059e-11 0.0105864 0.869656 9.92401e-06 7.22522e-11 4.09311e-09 0.0682322 3.84149e-08 0.0162231 1.77997e-05 2.31073e-08 0.00190796 1.61477e-06 0.000104343 0.00174329 
5.99794e-08 0.0130874 0.0186655 2.67084e-05 0.0126795 0.0112378 0.00366055 0.182451 1.84887e-10 1.23158e-07 0.306235 2.64924e-06 0.100965 0.00319754 1.96784e-05 6.16041e-10 6.91876e-05 2.19456e-05 0.00253175 0.00435475 0.000837723 0.0662105 0.00275084 0.136218 5.42494e-07 1.90153e-10 0.000537479 0.084698 0.0495281 1.28054e-05 
0.00803925 0.000185208 0.000263542 0.00114113 0.00125426 0.000633275 0.0239718 0.00206698 1.1671e-11 0.00883109 0.00107199 0.000409219 0.00016601 0.000218122 0.000176918 4.8234e-09 9.81273e-09 0.00906994 0.000798032 0.887252 5.93123e-06 0.0513601 1.29541e-05 0.00169745 0.00082959 0.000367934 9.37451e-05 6.54481e-05 9.93803e-08 1.80674e-05 
0.000828059 0.0449443 0.00337648 7.1792e-05 0.00920608 0.0712016 0.118183 0.013894 2.37265e-07 0.0317056 0.00086442 4.54731e-07 0.00503594 0.0184404 0.45041 7.90563e-07 6.42356e-07 0.000949692 0.00087282 0.000377211 0.00293512 0.00885134 6.23893e-05 0.0578793 9.74028e-05 0.000736617 0.000327468 0.0101478 0.148598 6.03645e-07 
0.00678708 0.00255775 0.000142892 0.00214044 0.0710013 0.0534303 0.0116335 0.123895 3.13309e-06 0.00827111 0.0205524 0.0303704 0.00355944 6.49104e-05 0.000447229 5.71892e-06 0.000160207 0.00460915 0.000309545 0.00235826 0.000541724 0.570223 0.00909163 0.00903401 0.00341449 0.030807 0.00162439 0.0320924 0.000773572 9.79556e-05 
0.00123979 0.000550905 0.000211937 0.0143062 0.00196635 0.0161517 0.00160331 0.00112738 1.3094e-12 0.000388603 0.00355088 9.03169e-07 0.000257271 1.93675e-05 0.00019859 0.00401714 1.46578e-08 0.919341 0.0214386 3.55691e-05 4.62408e-05 0.00171108 0.000146005 0.0037104 0.00380395 0.000280325 0.000203339 0.00312925 0.000563109 9.25589e-07 
0.0003441 0.002953 0.000761337 3.37837e-05 8.59415e-05 0.68659 0.0081947 0.0015376 5.54299e-07 0.00831125 0.0481884 0.00255609 8.95118e-05 1.07003e-06 0.000941106 1.84691e-06 0.000423721 0.00907213 0.00124679 0.000556781 0.00365876 0.10121 0.0935286 0.0291247 4.91016e-05 0.000166467 5.54478e-05 4.6013e-05 0.000190978 8.02872e-05 
5.48402e-05 0.00204192 2.25815e-06 0.000148282 0.000943209 0.000250176 0.0195142 0.0702434 5.12347e-09 0.0315989 0.00568502 0.00212358 4.5556e-07 0.000934168 0.001006 1.70713e-08 2.65367e-05 0.0436499 0.0013692 0.000622037 0.000617969 0.650746 0.00597787 0.153035 0.00588171 0.000467114 0.000861777 0.00185102 0.000346883 4.12949e-07 
0.00123979 0.000550905 0.000211937 0.0143062 0.00196635 0.0161517 0.00160331 0.00112738 1.3094e-12 0.000388603 0.00355088 9.03169e-07 0.000257271 1.93675e-05 0.00019859 0.00401714 1.46578e-08 0.919341 0.0214386 3.55691e-05 4.62408e-05 0.00171108 0.000146005 0.0037104 0.00380395 0.000280325 0.000203339 0.00312925 0.000563109 9.25589e-07 
0.0121565 0.00295992 0.000259677 0.00104229 0.00446121 0.0286025 0.0224563 0.0264758 1.51212e-07 0.0557702 0.0152291 0.108853 0.0141766 1.4288e-06 0.00668298 2.52109e-05 2.7394e-05 0.00370691 0.00341433 0.00404202 0.0102949 0.485199 0.00180113 0.00961317 0.000818706 0.000214365 0.00110884 0.143771 0.0368003 3.39896e-05 
0.00661799 0.00634322 0.00190289 1.2941e-07 0.000503643 0.0447369 0.0723323 0.442192 1.02889e-09 0.0239793 0.0362645 0.000550388 0.025226 0.00427712 0.00807761 0.0511222 1.65153e-05 0.031136 0.00302149 0.000324899 0.000202883 0.0278513 1.13171e-09 0.027761 0.142619 0.00101807 0.00139745 0.0392009 0.00132484 2.61768e-09 
1.13569e-05 0.000548337 1.88389e-06 0.000119798 0.000117185 0.0105832 0.0118014 0.0116467 4.31697e-08 0.00238288 0.0420422 5.45153e-06 0.0157975 2.09413e-05 0.000322124 1.4384e-07 1.16875e-07 4.87513e-06 0.0137943 0.0040127 6.83725e-05 0.703942 4.74836e-08 0.00415227 7.82093e-05 0.00020429 0.00393481 0.147734 0.0265998 7.28864e-05 
0.000642446 0.00147337 1.65524e-06 2.26263e-06 2.61437e-05 0.0280844 0.031355 0.0255448 1.4281e-08 0.00742654 0.0130646 1.16912e-06 0.0417828 5.70533e-05 0.00429782 1.77972e-05 0.0168275 1.81075e-08 0.0376199 0.00406166 0.0017777 0.720564 0.00329887 0.0057207 2.11801e-08 9.31949e-06 3.67564e-05 0.0425757 0.0137301 3.63333e-08 
0.00123979 0.000550905 0.000211937 0.0143062 0.00196635 0.0161517 0.00160331 0.00112738 1.3094e-12 0.000388603 0.00355088 9.03169e-07 0.000257271 1.93675e-05 0.00019859 0.00401714 1.46578e-08 0.919341 0.0214386 3.55691e-05 4.62408e-05 0.00171108 0.000146005 0.0037104 0.00380395 0.000280325 0.000203339 0.00312925 0.000563109 9.25589e-07 
3.55112e-07 0.00745201 0.00504429 0.000142446 3.13165e-07 0.0282119 0.0245193 0.808426 4.54671e-10 0.000112481 1.08623e-07 1.43512e-06 0.000266747 4.09465e-05 0.0214665 7.4026e-07 1.23094e-09 0.000655932 2.66786e-07 0.0406543 0.000303291 0.0197165 7.72798e-05 0.00391437 3.75534e-07 0.000429942 0.000672658 0.00111797 0.0367719 1.14364e-07 
8.66085e-09 5.86252e-07 3.75695e-08 0.0193497 1.5753e-08 1.17541e-05 1.66845e-08 0.000857143 2.05901e-11 0.000225604 0.00902381 0.000637341 0.00141083 5.34789e-08 8.64574e-09 6.86059e-11 0.0105864 0.869656 9.92401e-06 7.22522e-11 4.09311e-09 0.0682322 3.84149e-08 0.0162231 1.77997e-05 2.31073e-08 0.00190796 1.61477e-06 0.000104343 0.00174329 
3.74931e-05 0.000190542 0.00052798 4.68193e-09 0.00049206 0.000344687 0.0228907 0.968831 4.62985e-11 0.00275759 0.000152873 8.87333e-11 0.00036658 2.50232e-07 0.000770655 2.2571e-08 1.02024e-05 8.93255e-05 1.0714e-05 3.37702e-06 0.000626851 0.0003135 6.12695e-06 0.000288586 0.000695684 4.7617e-11 0.000524297 1.67067e-05 5.23578e-05 5.28035e-08 
0.000669755 0.00272909 0.00176826 6.5801e-05 0.0277229 0.0229756 0.00275155 0.0113765 2.44281e-07 0.0832003 0.017057 0.000120661 0.018097 4.60128e-07 5.00225e-07 2.94976e-05 4.13395e-05 0.0104454 0.000480703 0.0796914 0.000525315 0.145337 0.000362271 0.000901596 0.550819 5.33693e-05 3.59876e-05 0.0221332 0.000512586 9.49691e-05 
0.00618791 0.0172296 0.00296112 0.000233327 4.1423e-06 0.0229629 0.0196231 0.0255246 1.40663e-07 0.00705191 0.0137129 0.000875612 0.00441278 0.00139982 0.00882158 2.04651e-05 4.39077e-07 0.00215061 0.000966715 0.000254582 0.000929756 0.450247 0.00961917 0.0211135 5.45792e-05 0.000154542 0.316653 0.0504196 0.0164144 1.56275e-07 
2.38015e-05 0.00529388 0.000252727 0.111551 4.83876e-05 0.0359186 0.0444728 0.024671 3.01792e-08 0.00228805 0.00634982 0.000216774 0.00133205 2.40897e-06 0.00113259 6.34324e-06 0.0457858 0.000186032 0.00314136 0.0475334 0.0288984 0.608337 9.97527e-05 0.0313759 0.000448076 4.0291e-06 0.000231143 9.66392e-05 0.000164426 0.000137799 
0.000116534 0.000489364 0.000118805 0.109096 0.00623376 0.0341815 0.000824481 0.00142195 8.86414e-08 2.58233e-05 0.00509794 4.24848e-06 0.000321941 2.04141e-05 1.20661e-05 0.00494998 2.86004e-06 0.810712 0.0087876 9.97021e-06 5.86493e-05 0.00137753 0.000237767 0.00734688 0.00251598 0.00242236 0.000402936 0.00283898 0.000369958 1.55869e-06 
0.000251841 0.00340025 0.000239735 0.000322005 0.905966 0.000351938 0.000133721 0.00324524 1.59644e-06 0.000205291 5.78304e-05 0.00175333 0.0198642 3.08178e-06 0.0321297 5.31929e-06 4.32208e-06 2.23295e-05 0.00649871 2.47707e-05 0.00454652 0.0138588 0.00262147 0.001859 1.33083e-05 1.6419e-06 0.00223023 0.000215762 0.000125698 4.67054e-05 
