0.0059222 0.00984022 0.00298493 1.20549e-05 0.00125533 0.0046864 0.0593813 0.112238 3.71429e-07 0.00279746 0.0673276 2.93874e-07 0.0752257 9.34871e-05 0.0309016 3.36827e-10 0.000624806 0.000381257 0.00785849 0.000231514 0.0674744 0.0249869 0.000560286 0.108572 3.07992e-05 3.39437e-05 0.00237712 0.405728 0.0084716 2.34983e-06 
6.32402e-05 0.000239779 8.78836e-06 2.68667e-09 0.00473553 0.0305972 0.00656543 0.0247944 7.60925e-07 0.00781409 0.0282858 5.56047e-06 0.785152 0.00161329 0.00427863 1.76879e-06 0.000468533 0.00180714 2.6395e-05 0.00458374 4.25313e-05 0.00232028 0.0131161 0.0054971 0.00457861 0.00337154 0.00986824 0.053493 0.00667023 1.26576e-08 
0.000296138 2.92219e-05 4.96825e-05 0.0190809 0.000312205 0.0402705 0.377319 0.00012911 5.50267e-10 0.292702 6.73509e-05 0.00206283 4.10749e-10 1.06224e-09 6.51303e-05 1.83348e-09 1.48975e-09 2.39321e-05 0.000205135 2.25937e-05 0.000138663 0.000468916 1.0411e-05 7.62558e-05 1.28952e-05 5.65937e-10 0.220971 0.000253892 0.000147469 0.0452846 
0.000790296 0.103871 0.00652833 5.28835e-05 0.00187244 0.00313407 0.0807009 0.147411 1.50766e-07 0.00196054 0.000628306 0.000746662 0.0709362 0.000166266 0.0121804 6.67375e-06 5.25084e-06 0.13224 1.11114e-05 0.00491212 0.0755373 0.226179 0.000260304 0.04729 0.000100356 3.55008e-07 0.000689757 0.067113 0.0146743 1.26041e-06 
0.000240438 0.0103827 4.05591e-05 0.000476328 0.0137042 0.000314497 0.00575098 0.476911 1.97739e-05 0.00244972 0.0430037 0.0192915 0.0776848 0.0476197 0.025138 6.61769e-07 0.000714342 0.0019943 0.0660578 0.00014916 0.00867015 0.0617706 0.000630471 0.000618854 0.000125233 1.91853e-05 0.0635528 0.00300017 0.0695984 7.02956e-05 
1.47819e-06 0.00593659 0.000865627 0.0071186 0.00788271 0.510437 0.0456986 0.00773584 6.03131e-06 0.000378531 0.0170564 0.000172221 0.0570731 6.33465e-05 0.108012 0.0269861 0.00110438 0.00581781 0.00841835 0.00108649 0.0445396 0.00653454 0.0117166 0.0124993 0.00806958 0.0146657 0.0357457 0.0233032 0.0310749 1.64545e-08 
0.117625 0.0245472 0.0100134 5.59946e-08 0.00945151 0.00318076 0.0874862 0.0339686 5.5978e-08 0.00741564 0.00168561 0.000430834 0.00381279 0.00110776 0.0115883 5.58941e-08 3.91976e-05 0.000498174 0.103233 5.58878e-08 0.133143 0.00228985 0.00139383 0.0557416 0.0003638 0.00165138 0.0120227 0.321264 0.0559565 8.9532e-05 
8.66085e-09 5.86252e-07 3.75695e-08 0.0193497 1.5753e-08 1.17541e-05 1.66845e-08 0.000857143 2.05901e-11 0.000225604 0.00902381 0.000637341 0.00141083 5.34789e-08 8.64574e-09 6.86059e-11 0.0105864 0.869656 9.92401e-06 7.22522e-11 4.09311e-09 0.0682322 3.84149e-08 0.0162231 1.77997e-05 2.31073e-08 0.00190796 1.61477e-06 0.000104343 0.00174329 
0.00014115 0.00364698 0.00051455 0.000287816 0.000148814 0.000147146 0.0217429 0.429433 2.52996e-08 0.0760265 0.000264025 0.0243747 0.000188682 4.88386e-08 0.000541765 8.42976e-08 6.84943e-08 0.000129929 9.77814e-05 0.000179219 6.60962e-05 0.43522 6.41624e-05 0.00123376 0.000125349 4.65398e-06 1.02356e-05 0.00441192 0.000663687 0.000334126 
0.0282799 0.0293176 0.014955 0.000170602 0.00299796 0.0130599 0.299424 0.180902 2.73957e-11 0.0540969 0.152022 0.00181827 0.000881057 1.16325e-05 0.0173293 9.12819e-11 2.54412e-09 0.0159723 0.00857355 0.00516913 0.0140816 0.0147893 0.000605025 0.000780378 0.000351158 0.000983603 0.00193065 0.106743 0.0347542 3.04038e-07 
2.66653e-05 0.00151316 4.32071e-05 5.05972e-05 0.000453327 0.0021022 0.0100123 0.0313756 4.91312e-08 1.72093e-06 0.0308562 6.10148e-06 0.023206 7.07277e-07 0.00149245 2.00008e-07 3.51387e-07 4.55098e-05 0.000597777 2.07176e-05 7.95311e-10 0.0424194 3.06199e-05 0.00610293 0.0017088 1.49399e-07 0.00111484 0.846491 0.000327013 5.80848e-10 
0.00156985 0.00459473 8.36978e-08 2.58467e-11 0.0072033 3.13985e-07 0.0440697 0.0126798 4.78626e-11 0.00967181 0.191322 9.1731e-11 0.249866 2.09059e-07 0.0410427 1.59477e-10 1.2958e-10 0.0045669 2.46686e-11 3.58587e-07 4.70227e-08 3.59258e-07 2.18075e-06 0.0724038 0.000716175 0.00533078 4.25081e-07 0.34659 0.0083679 1.21771e-10 
4.92551e-06 0.00116105 0.00179094 0.00120925 0.000329413 0.0406843 0.0915202 0.156378 2.60331e-10 0.00489703 0.0105712 1.03469e-06 0.0504455 0.00025702 0.00464946 8.67417e-10 3.5956e-05 0.000542531 0.00045063 0.0333395 0.00567327 0.559523 4.50814e-07 0.0102248 7.49418e-06 0.0033347 2.14269e-07 0.0194741 0.00344979 4.41709e-05 
1.38038e-13 0.00465038 1.25817e-08 5.20128e-10 8.05396e-05 0.000251101 0.00160574 7.64149e-05 3.83971e-13 5.05048e-05 0.00404157 1.35236e-05 7.92323e-09 7.41223e-13 3.14763e-08 1.27938e-12 5.84757e-05 1.16639e-09 4.1152e-09 1.34738e-12 1.37459e-13 1.47519e-05 1.44905e-08 0.0011976 0.987938 1.44966e-05 9.98061e-09 4.42382e-06 5.37193e-09 2.83884e-06 
0.000251378 0.0259927 0.00511633 0.00193622 0.0307092 0.0121525 0.00897147 0.0826036 6.55255e-11 0.00135639 0.0101144 0.000256894 1.72118e-06 9.12868e-07 0.0804944 2.1833e-10 1.77399e-10 0.206092 0.00102975 0.00992352 0.00527759 0.48755 3.26831e-07 0.0130706 3.41973e-06 0.00226711 0.000217058 0.00717152 0.00743894 1.98257e-07 
0.000159357 0.000517067 0.000643765 2.0448e-05 0.000648703 0.000192463 0.000942454 0.000529747 8.16549e-08 1.86852e-05 0.000303266 1.6964e-05 0.000254744 0.000129661 1.24238e-05 9.05249e-12 8.29928e-07 3.12014e-05 0.000558245 2.36252e-05 0.000309492 0.0023202 2.17726e-05 0.000305655 0.987399 0.000214626 0.00364472 0.000661285 0.000119434 3.82995e-08 
0.00284314 0.00508143 0.000579344 0.000179117 0.0022509 0.0165583 0.0247447 0.13845 2.29752e-05 0.00259701 0.0125142 0.000470026 0.137919 8.21324e-05 0.0128721 0.00160004 1.77302e-05 0.00431822 0.0247317 0.172085 0.0235951 0.146406 0.00752154 0.105832 0.00613986 0.000757738 0.00343701 0.0708228 0.0755666 3.61855e-06 
0.000380933 0.000369684 1.98268e-06 0.000100247 1.46571e-07 0.127361 0.021664 0.00426484 4.95319e-09 0.000927262 0.00698363 1.57627e-07 0.741069 3.48997e-07 0.00470807 1.56375e-08 4.11214e-08 0.000620046 7.05664e-07 0.00158276 0.0043039 0.00230902 8.99976e-05 0.0172129 6.56422e-07 7.51634e-05 1.33113e-11 2.12283e-07 0.0659521 2.1076e-05 
2.66653e-05 0.00151316 4.32071e-05 5.05972e-05 0.000453327 0.0021022 0.0100123 0.0313756 4.91312e-08 1.72093e-06 0.0308562 6.10148e-06 0.023206 7.07277e-07 0.00149245 2.00008e-07 3.51387e-07 4.55098e-05 0.000597777 2.07176e-05 7.95311e-10 0.0424194 3.06199e-05 0.00610293 0.0017088 1.49399e-07 0.00111484 0.846491 0.000327013 5.80848e-10 
0.00243991 0.0153196 0.0108918 2.12979e-09 0.00235552 0.00118734 0.0348695 0.0755769 3.65002e-10 0.00374743 0.00232891 8.41844e-06 0.00134468 0.000160241 0.00225982 3.47744e-12 9.0297e-10 2.93701e-05 0.0212144 3.36354e-08 0.0616774 0.00958467 1.301e-08 0.0548587 8.68945e-06 3.6044e-05 0.00311921 0.607068 0.0899129 1.93614e-09 
0.00117925 0.012068 0.00216977 2.03165e-05 0.0075712 0.0856822 0.154006 0.0304746 1.05089e-06 0.0697402 0.0678647 8.42114e-05 0.0362529 3.55973e-05 0.0236681 2.14905e-07 0.00150389 0.00243635 0.000730354 0.00147064 0.0105982 0.169886 0.00149692 0.20293 7.50339e-07 0.00150767 0.00409147 0.100769 0.0105789 0.00118229 
0.0171452 0.0778176 0.00211439 0.0012779 0.0471473 0.00527014 0.0318139 0.0273799 2.66673e-05 0.0047226 0.0139252 0.0228644 0.00142274 0.000110419 0.0139535 1.15865e-08 0.424469 0.0427423 0.00300739 0.00287032 0.0159915 0.095916 0.00336166 0.0777516 0.00106057 0.00761663 0.0015859 0.0346309 0.0219881 1.58943e-05 
1.38216e-05 0.00135779 0.000834251 0.000150932 0.000924089 0.00415468 0.00847536 0.00982636 1.79177e-08 1.81661e-06 0.00912591 1.08062e-05 0.00208999 0.000111318 0.0721083 5.9402e-11 9.3424e-06 0.0557003 2.0329e-07 7.37628e-09 0.000888864 0.000428859 3.81993e-06 0.0149911 2.73616e-07 0.0030753 0.0317918 0.781994 0.00192863 2.29401e-06 
1.07622e-07 0.000719205 0.0079831 1.70295e-06 3.19195e-07 0.00142825 0.00933837 0.00523727 5.13261e-10 0.00761973 0.00425853 1.92615e-05 0.00101417 9.90806e-10 0.00084086 1.71017e-09 1.38957e-09 0.929968 0.000743039 2.03374e-07 0.000688071 0.00385649 0.000162156 0.00445737 0.0182917 0.000782652 0.00149554 4.86055e-07 0.00109305 6.09573e-07 
0.00339593 0.177173 3.41647e-06 6.30634e-06 0.0919079 6.04029e-05 0.610504 6.81026e-05 7.07717e-10 9.79421e-06 1.30816e-05 1.35638e-09 7.03144e-05 2.51392e-05 3.8687e-06 2.3581e-09 1.91602e-09 3.47282e-05 0.0191556 1.98923e-06 0.00449132 0.0929085 7.78439e-10 4.96708e-05 1.04961e-09 6.5509e-05 9.89391e-06 2.79328e-05 1.38144e-05 1.80056e-09 
0.0810313 0.015175 0.00402585 7.07377e-06 0.0107697 0.00463899 0.147134 0.0462296 1.02179e-08 0.0164461 0.000517753 0.0374138 0.000433903 1.50342e-05 0.0116238 0.000987614 1.27436e-07 0.000371886 0.0719692 0.000105774 0.0874569 0.0204333 0.0105608 0.0191685 0.000159652 0.00196656 0.00521078 0.371514 0.0346286 4.01481e-06 
7.07838e-05 0.0179624 4.09933e-05 5.0119e-06 0.000518351 0.00120681 0.00321555 0.000735796 1.78863e-09 6.97991e-05 0.0111111 2.05154e-05 0.00124334 0.000530741 0.000443234 2.57862e-12 8.83528e-05 0.000124332 0.00597939 0.00102246 0.000247188 0.000334485 0.000273178 0.00373889 0.944651 0.000139345 0.000193974 0.0055176 0.000509786 5.80686e-06 
1.42502e-06 0.00343698 0.000111891 0.000303527 0.00407615 0.00549338 0.105011 0.0340591 2.83444e-07 0.00112372 0.0106336 0.0100837 0.00316051 1.43988e-06 0.00268221 0.00050672 0.000348095 0.000133309 0.0140114 3.76211e-06 0.0312437 0.357583 0.00540756 0.0167667 0.000501425 2.91516e-07 0.0025426 0.326476 0.0642964 7.21131e-07 
0.00331815 0.04006 0.102727 0.00155264 0.0615358 5.16054e-07 0.186067 8.28399e-07 1.19938e-11 0.000657454 8.21958e-07 0.587069 9.28419e-07 6.01999e-07 0.0038451 3.9963e-11 4.31897e-07 0.00222734 2.95488e-07 4.2087e-11 0.00334745 1.22966e-06 9.49976e-08 5.18939e-07 0.00406072 3.23764e-05 6.5211e-07 0.00349356 4.30349e-12 6.41105e-08 
1.85552e-07 0.00573252 0.0120817 0.00108274 0.0394191 0.000770957 0.0350092 0.192199 1.29384e-10 0.00568917 0.02805 0.000330137 0.00565263 1.50603e-05 0.242589 2.41133e-07 4.24099e-07 0.014159 0.0010653 4.22591e-07 2.0836e-06 0.275026 0.011935 0.0478828 0.0393243 0.00376638 0.00457483 0.0324802 0.00116163 3.29175e-10 
5.32141e-08 3.48684e-05 1.74243e-07 0.000528989 4.34267e-06 0.281006 2.03225e-05 0.000103851 1.48023e-07 1.22597e-06 0.0677676 0.0338491 9.7827e-06 3.03934e-06 3.29962e-06 4.93208e-07 4.00746e-07 0.416366 0.00561584 1.03611e-06 5.29911e-08 0.0389268 0.000270813 0.00122949 1.29505e-05 2.73613e-06 0.0245199 0.129718 2.24567e-06 3.76595e-07 
0.000101993 7.54026e-08 0.000378791 5.98389e-09 0.000252976 2.55384e-07 0.00217234 0.995296 9.67011e-12 6.94228e-07 1.83449e-07 1.85332e-11 0.000868056 8.22849e-09 8.07191e-08 3.22206e-11 4.98095e-07 1.04657e-07 1.98819e-09 3.55665e-08 0.000349704 6.36929e-05 1.43437e-05 5.06577e-05 0.000403667 9.94549e-12 7.90306e-08 4.52751e-05 5.44443e-08 2.26516e-09 
0.00123979 0.000550905 0.000211937 0.0143062 0.00196635 0.0161517 0.00160331 0.00112738 1.3094e-12 0.000388603 0.00355088 9.03169e-07 0.000257271 1.93675e-05 0.00019859 0.00401714 1.46578e-08 0.919341 0.0214386 3.55691e-05 4.62408e-05 0.00171108 0.000146005 0.0037104 0.00380395 0.000280325 0.000203339 0.00312925 0.000563109 9.25589e-07 
0.00180535 0.00788641 0.0805094 2.72609e-08 0.0772951 0.00250317 0.0165911 0.00534135 1.19256e-11 0.00031927 0.00331565 0.0873159 0.00030431 1.27485e-08 9.68951e-05 3.6546e-09 2.72852e-08 0.000773362 0.0057998 4.18478e-11 0.0540758 2.84109e-05 0.000258549 0.0229243 2.60182e-05 0.00314604 0.00104029 0.608931 0.0197012 1.1042e-05 
0.000159357 0.000517067 0.000643765 2.0448e-05 0.000648703 0.000192463 0.000942454 0.000529747 8.16549e-08 1.86852e-05 0.000303266 1.6964e-05 0.000254744 0.000129661 1.24238e-05 9.05249e-12 8.29928e-07 3.12014e-05 0.000558245 2.36252e-05 0.000309492 0.0023202 2.17726e-05 0.000305655 0.987399 0.000214626 0.00364472 0.000661285 0.000119434 3.82995e-08 
0.0429797 0.000278174 0.00121739 0.358906 0.00995404 0.0148492 0.0174386 0.0103624 4.18703e-08 0.00235739 0.0656556 6.43553e-09 0.0220053 0.00032647 0.00017513 8.84498e-12 1.59928e-05 0.205967 0.0957916 0.00117795 0.000296039 0.000881664 0.000696559 0.0727524 0.00228685 0.00104895 0.00023558 0.0688169 0.0035189 8.69387e-06 
2.66653e-05 0.00151316 4.32071e-05 5.05972e-05 0.000453327 0.0021022 0.0100123 0.0313756 4.91312e-08 1.72093e-06 0.0308562 6.10148e-06 0.023206 7.07277e-07 0.00149245 2.00008e-07 3.51387e-07 4.55098e-05 0.000597777 2.07176e-05 7.95311e-10 0.0424194 3.06199e-05 0.00610293 0.0017088 1.49399e-07 0.00111484 0.846491 0.000327013 5.80848e-10 
0.000394025 0.00735741 0.000110613 2.15672e-07 1.01478e-06 1.37267e-06 0.0292594 0.24765 5.15132e-11 0.0017053 0.00191097 6.47889e-07 0.0078647 0.106852 0.0033718 1.71641e-10 1.39463e-10 0.176475 2.65501e-11 1.80763e-10 1.07759e-06 0.271856 1.65662e-07 0.00874218 4.02008e-07 2.50383e-06 3.99352e-07 0.136345 2.34127e-06 9.64722e-05 
0.105866 0.00794284 0.0310464 0.000421895 0.0265913 0.00101339 0.0260494 0.0620572 2.33337e-10 0.0262319 0.00636733 0.0189105 0.000737821 1.15771e-05 0.00714362 2.03892e-12 1.65668e-12 0.000544354 0.0219529 0.000791798 0.0328893 0.142514 5.71797e-09 0.0243091 0.000445248 1.24868e-08 0.00114482 0.401013 0.0539798 2.45858e-05 
0.00122972 0.013395 0.00284188 0.0109984 0.00127402 0.0351337 0.683132 0.0315992 4.53066e-05 0.000504134 0.00986734 0.000906973 0.00289815 0.000108782 0.00751376 8.66167e-06 0.000719391 0.0103001 0.00880397 0.00924409 0.0898347 0.0102398 0.00736939 0.0142702 0.00110218 0.00397302 0.00218297 0.0161139 0.0243194 7.01987e-05 
0.00116319 0.0713495 0.000423644 4.41505e-05 0.00883516 0.007422 0.136354 0.123607 3.71721e-07 0.0073522 0.0676086 0.0027066 0.108564 3.17125e-06 0.0120716 1.13877e-06 2.15459e-05 0.00350939 1.14693e-09 0.00729999 0.000125546 0.409504 0.000520021 0.00582489 0.00186709 0.000104061 0.000485816 0.0181771 0.00499925 5.50674e-05 
0.000905849 0.00604801 0.00482962 0.000973181 0.0790414 0.00691914 0.0422165 0.015455 9.41489e-06 0.00314354 0.00887195 0.000309154 0.0012812 0.000244481 0.0232851 1.79045e-06 0.00377689 0.00151852 0.00836828 2.86989e-06 0.502169 0.000305574 0.0132492 0.025357 5.61579e-05 0.000348267 0.00372109 0.22319 0.024374 2.76635e-05 
0.000294549 0.00670434 0.000421778 0.00150626 0.00937175 0.00580859 0.0502969 0.00553363 1.84343e-05 0.000175759 0.00151808 0.00011861 0.00621267 0.0103616 0.00145721 1.10866e-07 1.06768e-06 0.764173 0.00391035 0.00029431 0.00554678 0.0246847 4.06126e-05 0.00489728 0.00168577 0.0545894 0.000331381 0.0392028 0.000697925 0.000144001 
4.08731e-07 0.00421986 5.22658e-05 0.000186259 0.000864412 3.92765e-06 0.00236935 0.0232823 2.14166e-09 0.00105854 0.000333327 7.3563e-05 0.000860695 4.49512e-07 0.000456247 7.13598e-09 6.25202e-06 0.000957111 0.000627566 0.000194331 5.87892e-06 0.958872 2.35568e-09 0.00475176 9.65767e-06 1.27072e-05 1.96177e-06 0.000791905 2.234e-06 5.50381e-06 
0.00549923 0.00125147 0.000281531 0.000241177 0.029141 0.0912617 0.0277877 0.100279 1.72785e-07 0.00265163 0.0268582 0.00730643 0.00763284 0.00144651 0.0108302 4.86637e-06 0.000315507 0.00639247 0.0279081 0.0452042 0.271904 0.0127484 0.000427824 0.0543429 0.00076507 1.83598e-06 0.0321575 0.114015 0.121298 4.64536e-05 
0.0491842 0.00605346 0.00541033 1.69184e-05 5.32826e-05 0.00312631 0.680179 0.0101599 1.25716e-08 0.00367898 0.00108838 3.29619e-08 0.000133641 0.00131885 0.0864969 3.20939e-08 1.40603e-07 0.0278083 0.0863344 0.000112974 0.00074483 0.000737851 0.000219357 0.00487654 0.00060485 0.000300983 0.00023224 0.0300889 0.00103821 2.0316e-07 
0.00037633 0.00755087 0.000237612 0.570454 0.0196437 0.0263775 0.0393575 0.0190381 4.8371e-05 0.00685205 0.0223741 7.29839e-05 0.0170252 0.00472482 0.0023592 1.09772e-08 0.00103823 0.0448009 0.0299793 0.00293718 0.00443503 0.0328845 0.0128428 0.0321531 0.000366701 0.00173806 0.00653716 0.0451554 0.0486035 3.62485e-05 
0.000159357 0.000517067 0.000643765 2.0448e-05 0.000648703 0.000192463 0.000942454 0.000529747 8.16549e-08 1.86852e-05 0.000303266 1.6964e-05 0.000254744 0.000129661 1.24238e-05 9.05249e-12 8.29928e-07 3.12014e-05 0.000558245 2.36252e-05 0.000309492 0.0023202 2.17726e-05 0.000305655 0.987399 0.000214626 0.00364472 0.000661285 0.000119434 3.82995e-08 
0.00495144 0.0266993 0.00963749 4.46375e-08 0.0187745 0.00186362 0.72495 0.0055319 2.11982e-10 0.140557 0.000148529 5.66904e-07 1.48741e-07 0.000246315 0.00159765 7.06319e-10 6.29669e-09 0.000402106 0.00118581 7.43859e-10 4.26746e-07 0.018553 1.04922e-06 0.0056336 7.71186e-05 0.00339753 0.00326759 0.0318224 0.000697353 3.16169e-06 
0.0157439 0.0684653 0.0241396 0.000120005 0.0114792 0.00792505 0.226554 0.0215957 3.17087e-05 0.00543148 0.00261308 0.420337 0.00548819 6.03115e-05 0.0120297 0.00987806 0.000298612 0.00520447 0.00489136 0.000242273 0.0160284 0.0199038 0.00597911 0.0702763 0.00128888 0.00016731 0.00939618 0.030705 0.00369138 3.43187e-05 
0.00780154 0.0407674 0.0328035 4.24698e-08 0.0107473 0.000132995 0.354653 0.166176 2.39827e-11 0.00536358 0.000267275 0.0236783 3.77732e-05 6.66399e-08 0.0344278 3.94149e-06 1.06121e-07 0.008212 0.00520055 8.85402e-08 0.0373889 0.122562 0.000528255 0.0113332 0.000751635 0.000423944 0.00011394 0.130021 0.0066029 1.2861e-08 
2.50203e-08 0.0125187 7.26931e-13 2.32631e-06 0.00114342 0.00666162 0.00359457 0.00036303 6.17541e-13 8.28997e-05 0.0417886 1.18355e-12 0.00532576 1.09437e-07 0.00266547 2.05763e-12 0.000345375 7.8301e-13 0.00505276 3.1725e-07 4.97865e-08 0.000434179 0.00292284 0.0117901 0.903278 0.000501798 0.00151972 5.80601e-08 8.73833e-06 1.25848e-09 
0.000534026 0.00903505 0.0112907 9.64361e-05 1.14324e-06 0.0473084 0.29033 0.0611117 1.69842e-08 0.0486694 0.0628235 0.0104695 0.0210924 1.06048e-06 0.0044334 4.72999e-08 1.24788e-07 0.00800337 2.14449e-06 0.00375025 0.0908303 0.121069 1.92986e-07 0.040265 0.00228765 5.28726e-08 2.5497e-07 0.0384393 0.128152 3.71314e-06 
2.8919e-06 0.0139915 5.5956e-05 7.34535e-06 0.00547751 0.000436403 0.00923416 0.145256 5.82524e-08 0.000584905 0.0137215 8.25581e-06 0.00560487 0.000547582 0.000238287 1.94096e-07 4.47717e-05 0.000111755 0.0102315 0.0188562 0.00218762 0.744437 6.40735e-08 0.00113371 3.49235e-05 0.000333492 1.56667e-05 0.00984935 0.0175966 1.48204e-07 
0.000282773 1.97152e-05 0.00355441 2.08726e-05 0.0077047 0.00494234 0.00774571 0.0894512 7.37503e-10 1.01485e-05 0.000191415 2.05405e-06 0.00295293 1.48879e-07 0.0017462 8.91311e-10 6.01734e-08 0.00579828 1.85652e-05 6.31694e-05 1.63384e-05 0.0212133 6.3717e-05 0.00299872 0.84097 0.000879284 0.00935392 7.67428e-10 1.10783e-09 6.40421e-08 
5.70656e-06 0.00798139 4.32276e-06 6.37931e-11 8.8785e-07 0.00492453 0.292968 0.0889077 1.18131e-10 0.39503 1.14842e-06 1.9761e-07 0.0283467 5.36814e-06 0.0431025 1.26047e-08 3.1982e-10 0.00194605 0.00183955 4.14531e-10 9.73218e-07 0.0971488 0.000150675 4.35135e-06 9.61986e-08 1.21495e-10 0.00517657 0.0135965 0.0188581 3.00547e-10 
0.00566245 0.000268702 1.28802e-05 0.416508 2.64313e-05 0.0056374 0.00438742 0.00589823 4.23676e-07 0.000855477 0.0172646 0.000213797 0.0127558 3.55194e-05 0.000589684 2.65491e-06 1.12539e-06 0.0524411 0.00260501 0.000452464 0.00260871 0.38222 0.000129893 0.0777548 0.00054326 3.74724e-05 2.13334e-07 0.00318145 0.00756464 0.000340903 
0.00790581 0.00105857 0.649816 1.97476e-08 0.0215741 3.10216e-07 0.110241 0.19294 1.01548e-10 1.33623e-06 0.00017627 0.0001796 0.000316274 1.19868e-05 9.09857e-11 3.38355e-10 0.000129141 0.000113866 0.00112314 0.000234708 3.6994e-07 0.00040279 7.24728e-05 0.00656759 1.3558e-06 1.0444e-10 9.19391e-05 0.00570347 0.0013371 2.58355e-10 
0.00123979 0.000550905 0.000211937 0.0143062 0.00196635 0.0161517 0.00160331 0.00112738 1.3094e-12 0.000388603 0.00355088 9.03169e-07 0.000257271 1.93675e-05 0.00019859 0.00401714 1.46578e-08 0.919341 0.0214386 3.55691e-05 4.62408e-05 0.00171108 0.000146005 0.0037104 0.00380395 0.000280325 0.000203339 0.00312925 0.000563109 9.25589e-07 
0.296497 0.000620412 9.72772e-05 0.00046852 0.00886473 0.00209621 0.0315557 0.0232472 2.97982e-11 0.0802808 0.0361572 0.293973 4.97425e-07 8.7966e-07 0.00170706 9.92869e-11 8.06735e-11 0.000749756 0.0720529 0.00598179 0.00382946 0.0945763 4.61057e-06 0.00284401 5.25099e-06 0.00171085 0.00315764 0.0261987 0.0132757 4.61909e-05 
0.0322124 0.000858054 0.00175764 0.00020792 0.0411647 0.0613175 0.0419574 0.0828621 1.73011e-06 0.0225705 0.0994291 0.0123442 0.0360374 0.00998097 0.00536922 9.10491e-08 3.03837e-05 0.00151011 0.046453 2.06332e-05 0.0277502 0.176838 0.0477309 0.087012 0.00120472 4.16933e-07 0.0802514 0.0708568 0.0120194 0.000251062 
0.0324116 0.092382 0.0129229 0.000581426 0.0196479 0.0135431 0.0330964 0.0780757 3.4815e-07 0.0819144 0.0466456 0.000615286 0.00658908 0.00331427 0.0511054 0.0300137 4.45582e-07 0.0727717 0.0714939 0.0240611 0.0390001 0.139212 0.000109908 0.0180917 0.00377997 0.00104722 0.000229912 0.101582 0.0257607 4.70394e-08 
0.000226869 0.00415448 0.0054918 1.84662e-05 0.0101901 0.00362747 0.0588239 0.449875 5.53862e-11 0.0173025 0.00313487 4.78177e-08 0.000461366 9.9137e-08 0.00169735 6.77004e-08 0.294452 9.61309e-09 0.0037021 4.13662e-06 0.117305 1.68061e-07 0.000566974 8.80233e-07 0.00106629 1.81768e-07 0.0115943 0.003705 0.0124578 0.000140991 
0.000480938 0.0597079 0.0139373 7.57364e-05 0.0538451 0.00563867 0.685195 0.0275262 1.2449e-07 0.00157426 0.0710195 0.0002378 5.46914e-05 1.09613e-05 0.00595068 4.38512e-10 0.00101769 0.000334927 0.000549785 4.61819e-10 0.0010589 0.00315026 0.00329024 0.00100067 0.000244781 0.0130298 0.000478221 0.0405419 0.00940204 0.000646476 
0.000688273 0.00057549 0.000267587 0.0364629 0.00043128 0.000668051 0.00144952 0.00722161 2.04396e-06 0.00389781 0.0141534 0.542176 0.00066579 1.48199e-05 4.83078e-05 4.06702e-09 0.00204758 0.25603 0.000684083 4.92781e-06 0.000502451 0.0815725 9.91778e-05 0.0302158 0.000147663 7.68248e-05 0.00368292 0.00371909 0.00194919 0.0105441 
0.000159357 0.000517067 0.000643765 2.0448e-05 0.000648703 0.000192463 0.000942454 0.000529747 8.16549e-08 1.86852e-05 0.000303266 1.6964e-05 0.000254744 0.000129661 1.24238e-05 9.05249e-12 8.29928e-07 3.12014e-05 0.000558245 2.36252e-05 0.000309492 0.0023202 2.17726e-05 0.000305655 0.987399 0.000214626 0.00364472 0.000661285 0.000119434 3.82995e-08 
1.92599e-11 0.00348828 0.000833805 0.000611171 0.000124076 0.119312 0.0298653 0.0144531 5.35742e-11 0.00173405 0.0486222 9.09854e-05 0.404791 0.00012749 0.255643 0.00586573 1.45043e-10 0.00593742 0.00477901 0.00753027 0.00677122 0.0269431 0.00150244 0.00227451 0.00324549 5.50999e-11 0.0140605 0.0270995 0.0142946 1.36302e-10 
5.3126e-05 1.84532e-08 4.39377e-08 0.000393393 0.344031 0.00112545 5.59233e-08 0.00305655 1.4138e-12 7.82744e-09 0.00392418 4.2002e-08 0.00260479 0.000212958 6.04255e-08 4.71076e-12 5.09113e-08 0.00310218 3.48316e-08 4.96113e-12 4.69695e-08 1.4495e-07 5.82416e-05 0.000434379 1.70892e-07 0.637735 7.68694e-08 0.00326763 5.07288e-13 7.55722e-09 
5.99794e-08 0.0130874 0.0186655 2.67084e-05 0.0126795 0.0112378 0.00366055 0.182451 1.84887e-10 1.23158e-07 0.306235 2.64924e-06 0.100965 0.00319754 1.96784e-05 6.16041e-10 6.91876e-05 2.19456e-05 0.00253175 0.00435475 0.000837723 0.0662105 0.00275084 0.136218 5.42494e-07 1.90153e-10 0.000537479 0.084698 0.0495281 1.28054e-05 
0.00777634 0.000542432 0.000136591 0.000557455 0.17349 0.0744131 0.0122143 0.0180046 1.72617e-07 0.0011849 0.00640988 0.000127179 0.00409596 0.00383361 0.000717221 5.3906e-07 0.00131443 0.00316544 0.12557 0.000210305 0.00133878 0.00960354 1.54443e-06 0.0451167 0.419835 0.00399792 0.0778832 0.00739264 0.000986756 8.06043e-05 
8.66085e-09 5.86252e-07 3.75695e-08 0.0193497 1.5753e-08 1.17541e-05 1.66845e-08 0.000857143 2.05901e-11 0.000225604 0.00902381 0.000637341 0.00141083 5.34789e-08 8.64574e-09 6.86059e-11 0.0105864 0.869656 9.92401e-06 7.22522e-11 4.09311e-09 0.0682322 3.84149e-08 0.0162231 1.77997e-05 2.31073e-08 0.00190796 1.61477e-06 0.000104343 0.00174329 
5.99794e-08 0.0130874 0.0186655 2.67084e-05 0.0126795 0.0112378 0.00366055 0.182451 1.84887e-10 1.23158e-07 0.306235 2.64924e-06 0.100965 0.00319754 1.96784e-05 6.16041e-10 6.91876e-05 2.19456e-05 0.00253175 0.00435475 0.000837723 0.0662105 0.00275084 0.136218 5.42494e-07 1.90153e-10 0.000537479 0.084698 0.0495281 1.28054e-05 
0.0198512 0.0013767 0.000727283 0.140291 0.0282519 0.00841438 0.0185526 0.00921975 1.14249e-06 0.0134725 0.0397406 0.403145 0.000631364 2.98486e-07 0.00100192 1.77302e-11 3.62301e-06 0.0409051 0.0228663 0.000282635 0.0104171 0.101053 0.000181031 0.088909 0.00075032 3.59371e-06 0.000811009 0.0395052 0.00883594 0.000797704 
0.0323836 0.0218428 0.476898 1.79212e-05 0.00346599 0.0594394 0.11743 0.0405634 1.12404e-06 0.00869436 0.00746466 0.000375234 0.0224796 7.4571e-05 0.0197467 0.0237442 0.000747779 0.00010553 0.00343657 0.000732066 0.0271973 0.0185115 0.0290704 0.0232983 0.00231625 3.6013e-05 0.021982 0.0114087 0.0265316 4.33054e-06 
0.0025998 0.00182242 0.000327633 2.44118e-05 0.0014564 0.0145257 0.00313326 0.0252779 1.25788e-05 0.000292273 0.23595 0.000122744 0.106401 0.000163039 0.000364487 6.1695e-12 2.8264e-05 0.000702431 0.00135168 0.000484726 0.00154244 0.00559381 0.000686764 0.120434 7.85179e-09 0.000190407 0.00306168 0.444107 0.0293267 1.64282e-05 
1.44264e-05 0.000465548 0.00780466 0.000416827 0.0435173 1.95963e-05 0.0305249 0.00392584 8.91248e-08 0.00122455 0.00306171 1.70812e-07 0.00024409 0.211967 7.98549e-08 2.96962e-07 6.64297e-06 0.000129333 4.59352e-08 3.12745e-07 0.00317342 0.00288951 9.80309e-08 0.00649556 3.16942e-05 0.682563 0.000389652 4.43432e-06 0.00112431 4.63839e-06 
3.58935e-05 0.0114184 0.000434176 0.00108195 0.0016072 0.0160639 0.00852721 0.0287627 9.3735e-09 0.0360391 0.00296971 3.02802e-05 0.00307036 0.000197593 0.0195078 0.0770056 0.000112241 0.00859297 0.000213973 3.28923e-08 0.00422927 0.688325 0.0010152 0.0173268 0.00165174 0.000154286 0.00800462 0.0634909 9.16887e-05 3.99136e-05 
4.33107e-08 0.000143249 1.41815e-07 2.68538e-06 0.000907976 0.0536495 0.004982 0.122175 1.20475e-07 1.58772e-07 5.34289e-05 3.00484e-05 0.00289931 0.671409 0.000144821 4.01419e-07 3.26165e-07 9.48407e-05 0.000156546 6.36657e-05 5.39438e-07 0.110459 0.00410791 4.38845e-05 1.78676e-07 1.23906e-07 0.0285632 4.96351e-05 6.22237e-05 3.06509e-07 
3.89157e-07 0.0854234 1.59457e-06 0.000181263 0.00238804 0.00071827 0.0315374 0.266781 1.10749e-10 0.00857482 0.00353573 0.00860038 3.41909e-07 1.42811e-06 7.6209e-07 3.69013e-10 2.99834e-10 0.0898925 0.00203169 0.00390745 1.30109e-06 0.352894 0.00229764 0.123071 0.000275235 1.13903e-10 3.59552e-07 0.0150098 0.00287468 3.02895e-07 
0.000518303 0.00250586 0.000585772 0.000144928 0.00249589 0.00554533 0.00424931 0.0249732 1.50885e-07 0.00523234 0.031301 1.05931e-06 0.0147549 1.61493e-05 0.00024457 1.7023e-10 5.33229e-05 0.0164899 0.0192969 0.00605622 0.00502918 0.0776019 5.74827e-05 0.0347473 0.717865 0.00114404 0.000704254 0.024362 0.0040217 1.64075e-06 
0.317787 0.00901867 0.00151348 1.61485e-05 0.00956209 0.00432114 0.0131856 0.0218834 7.70613e-13 0.00257542 0.0178271 8.75243e-05 0.00403142 3.59833e-05 0.00282226 2.56767e-12 0.000140269 0.000353699 0.0226665 4.74626e-08 0.0471366 0.00384657 0.00290032 0.0567125 0.000109837 0.00494024 0.014413 0.387673 0.0544301 1.01565e-05 
3.94737e-07 0.0123744 5.81383e-07 2.49758e-11 0.00967794 0.00242398 0.0183998 0.0215121 4.62499e-11 0.000739522 0.00209491 5.97619e-06 0.00252661 8.92814e-11 1.94779e-06 1.54104e-10 8.7476e-09 4.17025e-08 0.00445069 1.62294e-10 0.0394702 6.65094e-06 1.61146e-07 0.0182155 2.72283e-08 7.21277e-09 0.00658882 0.786942 0.0745674 9.87521e-08 
0.000199306 0.00196893 0.000332194 9.91485e-05 0.0140041 0.0182144 0.0244917 0.0522101 1.31308e-05 0.00758502 0.025474 0.000383829 0.000759345 8.99336e-05 0.000954443 8.12616e-06 4.13313e-06 0.0293542 0.00126619 0.000142223 0.00280429 0.0195658 0.000122158 0.0104294 0.00113429 0.689745 0.00891182 0.0751224 0.0145794 3.04815e-05 
0.00770275 0.0885993 0.0367369 0.000123524 0.0227212 0.0595112 0.116163 0.0541939 7.56924e-05 0.0150868 0.040124 9.92524e-05 0.0100572 0.000293552 0.0412655 2.51843e-05 0.000118823 0.00215578 0.269977 0.00552761 0.0401939 0.0243712 0.015984 0.0121627 0.00843874 0.00564776 0.0021997 0.0729029 0.0475401 9.9459e-09 
5.70513e-07 0.00271753 3.72416e-06 1.02988e-06 4.53566e-06 0.00437378 0.0236476 0.910964 1.01937e-08 0.000271356 0.0423142 1.95368e-08 2.70274e-05 6.64108e-06 0.00149288 3.39653e-08 3.79349e-07 0.00781048 0.00181951 0.000263738 0.00149362 0.00100719 1.12124e-08 0.00101124 1.51183e-08 0.000565347 1.28473e-06 4.71231e-06 3.65762e-09 0.000197296 
0.00352813 0.00567871 0.000160725 2.64959e-05 0.00263897 0.0124393 0.0242899 0.093111 6.89759e-06 0.00945644 0.00203379 0.00033794 0.00530027 0.000319474 0.0328327 0.000355828 0.00211396 0.207637 0.00787239 0.00343621 0.00255974 0.424083 0.000474543 0.00563103 0.000360086 0.00153546 0.0029035 0.14408 0.0047963 1.0397e-08 
0.00627898 0.00197777 0.000174608 2.01147e-06 1.91471e-05 3.18333e-05 0.00208777 0.0553959 7.1371e-07 0.00139539 5.33675e-07 1.36786e-06 5.67243e-05 1.37776e-06 0.000507801 2.37807e-06 0.0113598 0.00709879 0.000640414 4.9061e-05 0.00116575 0.729572 0.0997019 0.0768898 0.000676578 0.0039765 0.000851689 2.14663e-05 6.02194e-05 1.8158e-06 
0.000159357 0.000517067 0.000643765 2.0448e-05 0.000648703 0.000192463 0.000942454 0.000529747 8.16549e-08 1.86852e-05 0.000303266 1.6964e-05 0.000254744 0.000129661 1.24238e-05 9.05249e-12 8.29928e-07 3.12014e-05 0.000558245 2.36252e-05 0.000309492 0.0023202 2.17726e-05 0.000305655 0.987399 0.000214626 0.00364472 0.000661285 0.000119434 3.82995e-08 
0.00803925 0.000185208 0.000263542 0.00114113 0.00125426 0.000633275 0.0239718 0.00206698 1.1671e-11 0.00883109 0.00107199 0.000409219 0.00016601 0.000218122 0.000176918 4.8234e-09 9.81273e-09 0.00906994 0.000798032 0.887252 5.93123e-06 0.0513601 1.29541e-05 0.00169745 0.00082959 0.000367934 9.37451e-05 6.54481e-05 9.93803e-08 1.80674e-05 
0.000951475 0.00413771 3.77431e-05 1.05283e-08 0.0146636 0.0515355 0.00177389 0.597628 3.24798e-09 0.000969951 0.00565278 1.43497e-11 0.0101083 0.000271253 0.00272095 0.000969593 6.72301e-05 0.00121286 0.00713625 0.000906758 0.0624717 0.00382488 0.000553274 0.0235852 5.55892e-05 3.10441e-08 0.0086795 0.140334 0.0597445 7.36721e-06 
0.108136 0.1053 0.0118224 0.000771889 0.0188464 0.00967917 0.482736 0.0230771 0.000233558 0.0181825 0.0132397 0.00753273 0.00332914 0.000902647 0.0466935 0.00766119 0.000223458 0.00201032 0.0179093 0.00095947 0.030835 0.00343611 0.00319723 0.00946107 0.00400479 0.00240077 0.0117361 0.0408857 0.0147924 3.9358e-06 
2.23473e-07 0.0123308 0.0042733 2.92372e-12 0.00941767 0.0487 0.0332207 0.031982 5.4141e-12 2.14318e-07 0.00318141 0.00493001 0.00146048 2.92814e-06 0.079478 1.80397e-11 4.89623e-09 0.0101952 0.00201952 5.7097e-08 0.179253 0.000567794 1.21766e-07 0.0374162 0.000255453 3.00427e-05 0.0388204 0.288478 0.213987 1.37744e-11 
0.00616072 0.000681017 0.000889955 0.000283541 0.00458745 0.0664289 0.0487263 0.198172 8.96239e-08 0.0120936 0.0124434 0.248293 0.00935213 0.00135219 0.0159338 2.98625e-07 0.000243263 0.0774385 0.000596939 0.00788464 0.00657598 0.0153121 0.00472153 0.0048464 0.234364 5.53172e-05 0.00712015 0.00862327 0.00677067 4.87341e-05 
5.77003e-05 0.0347428 0.0175035 1.07193e-05 1.58017e-05 6.11946e-07 0.797527 0.00136403 6.93691e-11 0.000364367 3.78374e-07 0.146808 4.67813e-07 1.33911e-10 0.00158866 2.31136e-10 1.87805e-10 9.05035e-07 7.67879e-07 2.43421e-10 3.21054e-06 5.58679e-11 7.63011e-11 1.11951e-06 1.00382e-06 2.37835e-06 1.44133e-07 5.82862e-06 2.48904e-11 1.87739e-07 
0.000863095 0.00133765 0.000808885 0.000444181 0.00123338 0.00256657 0.00474223 0.370449 3.21974e-06 0.00175187 0.0999747 0.212499 0.031759 4.59896e-05 0.0013584 8.93033e-08 0.000138105 0.000336947 0.0091068 0.000946751 0.0915528 0.0131718 0.00079813 0.0424633 1.87877e-06 5.88488e-05 6.842e-05 0.0982324 0.0132652 2.12306e-05 
0.000317493 0.006955 0.000552459 0.000200463 1.63679e-06 0.00301711 0.0325679 0.0132074 2.23023e-09 0.0333086 0.00116656 0.000441826 4.33882e-05 2.80224e-06 8.74587e-06 7.43109e-09 1.5191e-06 0.00959339 0.0017415 0.0130643 0.00152459 0.796084 6.12945e-06 0.0837686 3.30766e-09 0.000346987 1.24932e-07 0.00203969 1.97608e-05 1.8119e-05 
0.00576959 0.0279439 0.891651 3.62563e-06 1.45571e-07 0.0125535 0.0201091 0.00451415 1.68938e-10 0.0131619 4.23683e-08 8.13496e-06 0.000310795 3.2612e-10 0.000816096 6.74355e-08 4.5737e-10 1.52057e-05 3.70254e-10 0.000797132 0.00657782 0.00962749 0.00510129 0.000266757 9.48477e-06 2.66046e-07 1.61885e-08 0.000760565 2.10015e-06 2.13978e-08 
0.134499 0.0048238 0.000361234 0.000433444 0.00832933 0.00445455 0.0597907 0.0981554 3.39193e-08 0.0168069 0.0243334 0.126517 0.0081845 4.70395e-05 0.00815664 5.61602e-11 3.94768e-08 0.0113245 0.0190781 0.0123021 0.0197075 0.239542 0.000323837 0.0287953 0.000353482 0.000198921 0.00411354 0.12939 0.039937 3.95223e-05 
0.0376301 2.60159e-05 0.000911141 0.00142622 1.25627e-05 0.000393558 0.0370398 0.00413121 5.28739e-11 0.0448147 0.00316691 0.00302531 3.9468e-11 1.02068e-10 1.73157e-07 3.31892e-08 1.43147e-10 0.00895094 0.000781798 0.503522 1.3427e-08 0.345157 5.81575e-11 0.00709932 0.000399781 0.000765373 1.86114e-06 6.56611e-07 1.89717e-11 0.000744332 
3.95157e-06 1.54391e-05 5.3247e-05 2.48608e-06 1.02892e-05 3.53387e-06 4.25963e-05 0.0895324 4.69716e-10 1.13908e-05 7.59455e-06 9.00233e-10 1.75662e-07 3.89992e-06 8.1858e-05 1.56508e-09 1.27167e-09 1.73318e-05 8.66719e-06 1.64827e-09 1.68155e-10 0.446481 5.16654e-10 2.32351e-05 0.463673 1.59908e-05 3.5258e-06 6.50328e-06 1.90466e-06 1.19504e-09 
0.00803925 0.000185208 0.000263542 0.00114113 0.00125426 0.000633275 0.0239718 0.00206698 1.1671e-11 0.00883109 0.00107199 0.000409219 0.00016601 0.000218122 0.000176918 4.8234e-09 9.81273e-09 0.00906994 0.000798032 0.887252 5.93123e-06 0.0513601 1.29541e-05 0.00169745 0.00082959 0.000367934 9.37451e-05 6.54481e-05 9.93803e-08 1.80674e-05 
0.00433574 0.0250257 0.00155519 0.0166089 0.0108757 0.0140857 0.0627281 0.042905 4.13989e-09 0.00289432 0.00573443 4.82322e-07 0.0093245 0.000187699 0.0566698 5.67345e-05 0.0154814 0.00526381 0.0151906 0.00148492 0.188471 0.0784484 0.315438 0.00955009 0.00083743 1.80509e-06 0.0102713 0.0135696 0.0930018 2.17067e-06 
0.00446089 0.00351329 0.00319283 0.000202858 0.0158692 0.00455828 0.0732448 0.0275219 6.99229e-09 0.00241 0.0123526 0.0667866 5.11208e-05 2.56194e-05 0.0557102 2.32982e-08 7.9186e-05 0.214685 0.0120197 2.55189e-05 0.00759047 0.399014 0.000884078 0.0170298 0.0248124 9.10351e-05 0.000350633 0.0278061 0.0256554 5.6734e-05 
0.0191828 0.0079735 0.000494064 3.78237e-07 0.0357923 0.00834288 0.0246357 0.390036 2.23171e-07 0.0102345 0.00503311 7.81879e-10 0.0175569 0.000545758 2.28065e-06 1.35932e-09 0.000754911 0.000105157 0.0251167 0.000804486 0.0020369 0.00417661 0.012188 0.0183076 3.27797e-05 0.000764076 0.0909715 0.025701 0.299128 8.1278e-05 
0.00138625 0.00508103 0.000613472 0.000188535 0.000513282 0.00437753 0.00567781 0.0209706 1.00328e-06 0.00108294 0.000105382 8.08927e-08 0.0225875 7.07816e-08 0.00490383 6.87491e-06 2.7522e-05 0.00182942 0.000238044 0.000754613 0.00393844 0.898412 0.00809922 0.00834425 8.92573e-05 0.00100587 0.000286699 0.00925943 0.000137448 8.14801e-05 
0.0133845 0.00244837 0.164511 3.16592e-05 0.0270619 0.00519315 0.280907 0.0119882 7.11014e-10 0.3346 0.00654811 0.104503 0.00657391 6.14929e-05 0.00566627 2.36908e-09 0.000265099 1.8898e-06 0.000135893 0.00102122 0.000611585 0.0127308 0.000124176 0.00378113 0.0093795 0.00348097 5.46561e-05 0.00441409 0.00052061 4.18766e-08 
0.0025998 0.00182242 0.000327633 2.44118e-05 0.0014564 0.0145257 0.00313326 0.0252779 1.25788e-05 0.000292273 0.23595 0.000122744 0.106401 0.000163039 0.000364487 6.1695e-12 2.8264e-05 0.000702431 0.00135168 0.000484726 0.00154244 0.00559381 0.000686764 0.120434 7.85179e-09 0.000190407 0.00306168 0.444107 0.0293267 1.64282e-05 
6.3056e-05 0.000169638 0.0811925 1.09941e-05 2.07366e-05 0.06509 0.0185536 1.06305e-08 2.40719e-08 0.0550357 0.0182983 4.6135e-08 0.00432125 4.64687e-08 9.05532e-05 8.0207e-08 6.51705e-08 6.21469e-05 0.00116035 7.27924e-06 0.00207299 5.54972e-05 0.000619304 0.000215591 3.5701e-08 2.47574e-08 1.12924e-08 0.614667 0.13829 2.41189e-06 
0.0113692 0.0134596 0.036794 0.000290178 0.00451339 0.01118 0.11439 0.0953291 8.76937e-08 0.0274802 0.000167228 2.93665e-05 0.00920812 0.00751015 0.00774591 5.82897e-07 0.0024569 0.00219685 0.0095253 0.000144008 0.0317676 0.334209 0.057369 0.155288 1.73164e-05 0.010039 0.00356363 0.0308927 0.0230359 2.77416e-05 
0.00893255 0.00239022 0.000973065 0.00174182 0.014191 0.00267833 0.0277985 0.0354137 5.76297e-13 0.0105588 0.0388801 0.0490435 4.07123e-07 2.62559e-08 0.0108389 1.92021e-12 1.41996e-08 0.00199764 0.016951 0.00418119 0.0827329 0.10927 0.000988959 0.0361621 1.35052e-08 1.61815e-08 9.66271e-05 0.405687 0.138491 5.2638e-08 
0.000655998 0.0258764 0.00330161 6.55354e-05 0.00512907 0.000151675 0.0815654 0.161034 2.79606e-08 0.00165047 0.147272 0.00117106 0.000230807 9.30729e-07 1.6682e-05 9.31642e-08 1.11512e-07 0.000226302 0.00075975 9.81158e-08 0.150657 0.00168448 0.0394726 0.00239695 2.14772e-07 0.00065551 0.00071974 0.350711 0.0238279 0.000766441 
1.72547e-09 0.010335 1.68689e-05 2.5919e-09 1.06932e-05 0.00293187 3.72724e-05 0.707022 4.79965e-09 0.00503296 1.62077e-05 9.19877e-09 0.000148057 1.31543e-05 0.000289867 1.59923e-08 1.29942e-08 6.08571e-09 0.0106779 1.68423e-08 0.0196041 0.00237046 1.44848e-05 7.62117e-05 7.11835e-09 4.93633e-09 0.000141476 0.241173 8.80295e-05 1.22111e-08 
0.000657849 0.00795313 0.00870564 0.000896319 0.104412 0.00640755 0.0865251 0.0598766 2.51049e-12 0.00476906 0.0420912 0.000537431 0.00643048 0.000345685 0.0349015 1.2278e-08 0.000164859 0.0134034 0.0112793 8.80947e-12 0.00339987 0.0599755 0.00359259 0.0682361 0.0412992 0.0632223 0.00712806 0.358838 0.00494827 2.66945e-06 
0.120683 0.00226421 0.000745572 1.68254e-05 0.000983367 0.039779 0.433541 0.00102968 2.85943e-07 0.162828 0.0102608 0.05324 0.044805 0.000912923 0.00946869 9.31166e-11 0.00189594 0.00456424 0.0631264 0.000886716 0.000210513 0.000968701 6.50193e-05 0.0073327 0.0016973 0.000628659 0.000173967 0.0370663 0.000825695 7.11004e-11 
0.00125123 0.00243537 0.0163436 0.000167032 0.01454 0.0119766 0.00700764 0.0065646 2.83783e-10 0.00473327 0.000422524 8.15301e-08 0.0075877 0.000456625 0.00504205 9.45558e-10 1.02631e-07 0.000145807 0.00397971 0.00515803 0.000778338 0.901207 0.000106446 0.00408241 0.00170933 1.1056e-05 8.35876e-07 0.00198452 0.00230479 3.18132e-06 
0.0003441 0.002953 0.000761337 3.37837e-05 8.59415e-05 0.68659 0.0081947 0.0015376 5.54299e-07 0.00831125 0.0481884 0.00255609 8.95118e-05 1.07003e-06 0.000941106 1.84691e-06 0.000423721 0.00907213 0.00124679 0.000556781 0.00365876 0.10121 0.0935286 0.0291247 4.91016e-05 0.000166467 5.54478e-05 4.6013e-05 0.000190978 8.02872e-05 
5.48402e-05 0.00204192 2.25815e-06 0.000148282 0.000943209 0.000250176 0.0195142 0.0702434 5.12347e-09 0.0315989 0.00568502 0.00212358 4.5556e-07 0.000934168 0.001006 1.70713e-08 2.65367e-05 0.0436499 0.0013692 0.000622037 0.000617969 0.650746 0.00597787 0.153035 0.00588171 0.000467114 0.000861777 0.00185102 0.000346883 4.12949e-07 
3.61957e-06 0.00920235 7.85032e-07 8.4324e-08 0.0446886 0.447924 0.0161364 0.0611928 3.29098e-11 0.0931265 0.0107989 7.22748e-07 0.00233156 3.29356e-07 3.50846e-07 1.09655e-10 0.000951726 0.00294954 0.0123532 0.000186253 0.0578992 0.0178443 2.47211e-07 0.0356395 1.17697e-06 4.17087e-07 0.00168402 0.185083 2.57696e-07 8.37284e-11 
0.0273713 0.00946609 0.00874696 0.000267523 0.000733329 0.00291319 0.0215558 0.015758 1.15557e-07 0.00767789 0.00119792 0.000593334 0.00041241 1.21434e-05 0.00221005 2.16734e-06 2.94792e-08 0.000119341 0.00261185 0.000530373 0.00506052 0.721688 1.19768e-08 0.027004 0.00237708 0.000380184 0.00322866 0.12637 0.0117106 1.19193e-06 
1.39661e-13 0.000261769 4.57304e-13 8.60353e-10 9.92889e-05 0.000271364 0.000297116 0.000104674 3.88488e-13 3.93091e-05 0.00625975 1.26649e-09 1.31078e-08 7.49942e-13 5.20734e-08 1.29443e-12 0.000111058 1.62601e-09 6.80795e-09 1.36323e-12 1.39076e-13 2.68704e-05 2.39725e-08 0.00103294 0.991496 8.35099e-09 1.65115e-08 1.91982e-09 2.80181e-11 7.91692e-10 
