6.58244e-08 0.0184953 0.000552778 2.38514e-09 0.041717 0.00100783 0.0139148 0.0428205 8.1777e-13 0.00268077 0.000458463 1.31498e-07 3.44899e-08 0.000126866 6.17828e-07 2.72479e-12 3.86004e-06 0.00157679 0.00655071 2.86961e-12 0.0506092 0.000756219 4.89422e-05 0.0339084 2.9581e-05 3.29702e-08 0.000531216 0.761373 0.0228367 2.08055e-12 
0.00123979 0.000550905 0.000211937 0.0143062 0.00196635 0.0161517 0.00160331 0.00112738 1.3094e-12 0.000388603 0.00355088 9.03169e-07 0.000257271 1.93675e-05 0.00019859 0.00401714 1.46578e-08 0.919341 0.0214386 3.55691e-05 4.62408e-05 0.00171108 0.000146005 0.0037104 0.00380395 0.000280325 0.000203339 0.00312925 0.000563109 9.25589e-07 
0.000790296 0.103871 0.00652833 5.28835e-05 0.00187244 0.00313407 0.0807009 0.147411 1.50766e-07 0.00196054 0.000628306 0.000746662 0.0709362 0.000166266 0.0121804 6.67375e-06 5.25084e-06 0.13224 1.11114e-05 0.00491212 0.0755373 0.226179 0.000260304 0.04729 0.000100356 3.55008e-07 0.000689757 0.067113 0.0146743 1.26041e-06 
0.000383994 0.00988901 0.00996945 0.00102498 0.000387154 0.00317693 0.0369744 0.00837929 7.81778e-08 0.00931788 0.0926821 0.00788992 0.00352704 0.0108407 0.0187042 2.60487e-07 2.11653e-07 0.0031486 0.000413569 0.00137485 0.001111 0.722117 7.53551e-05 0.0511324 4.55956e-05 0.000726103 0.00358276 0.00258827 0.000306121 0.000231014 
0.0004157 1.23658e-05 5.41352e-07 6.39508e-06 5.1141e-05 5.08842e-05 1.35887e-05 6.36039e-05 9.17938e-10 4.42777e-05 2.95253e-05 1.75927e-09 0.000158556 4.16438e-05 3.85745e-05 3.05855e-09 4.9728e-06 9.42874e-06 6.06058e-05 1.12771e-05 1.16662e-05 0.000121613 2.1406e-05 2.29137e-05 0.99865 6.79827e-06 4.07799e-05 4.86064e-05 5.82322e-05 4.43959e-06 
0.00014115 0.00364698 0.00051455 0.000287816 0.000148814 0.000147146 0.0217429 0.429433 2.52996e-08 0.0760265 0.000264025 0.0243747 0.000188682 4.88386e-08 0.000541765 8.42976e-08 6.84943e-08 0.000129929 9.77814e-05 0.000179219 6.60962e-05 0.43522 6.41624e-05 0.00123376 0.000125349 4.65398e-06 1.02356e-05 0.00441192 0.000663687 0.000334126 
0.0215897 0.024096 0.00130481 8.57328e-07 0.00188478 0.00364585 0.145239 0.00529252 8.92722e-09 0.0295524 0.00213461 0.000166308 0.00115772 0.00056418 0.571185 2.97453e-08 1.70405e-06 0.000472316 0.00020404 0.00092792 0.0015434 0.0953072 0.0010422 0.00215446 0.000979182 9.18145e-09 6.27808e-05 0.0698988 0.0195915 2.27124e-08 
0.00803925 0.000185208 0.000263542 0.00114113 0.00125426 0.000633275 0.0239718 0.00206698 1.1671e-11 0.00883109 0.00107199 0.000409219 0.00016601 0.000218122 0.000176918 4.8234e-09 9.81273e-09 0.00906994 0.000798032 0.887252 5.93123e-06 0.0513601 1.29541e-05 0.00169745 0.00082959 0.000367934 9.37451e-05 6.54481e-05 9.93803e-08 1.80674e-05 
8.66085e-09 5.86252e-07 3.75695e-08 0.0193497 1.5753e-08 1.17541e-05 1.66845e-08 0.000857143 2.05901e-11 0.000225604 0.00902381 0.000637341 0.00141083 5.34789e-08 8.64574e-09 6.86059e-11 0.0105864 0.869656 9.92401e-06 7.22522e-11 4.09311e-09 0.0682322 3.84149e-08 0.0162231 1.77997e-05 2.31073e-08 0.00190796 1.61477e-06 0.000104343 0.00174329 
0.000251378 0.0259927 0.00511633 0.00193622 0.0307092 0.0121525 0.00897147 0.0826036 6.55255e-11 0.00135639 0.0101144 0.000256894 1.72118e-06 9.12868e-07 0.0804944 2.1833e-10 1.77399e-10 0.206092 0.00102975 0.00992352 0.00527759 0.48755 3.26831e-07 0.0130706 3.41973e-06 0.00226711 0.000217058 0.00717152 0.00743894 1.98257e-07 
0.000780047 0.00970021 0.0167991 0.000222188 0.0323776 0.00158625 0.0966001 0.468185 6.11868e-09 0.029523 0.00309325 0.000329256 0.00572249 9.18974e-05 0.0738582 2.03873e-08 6.20313e-06 0.0248791 0.0231777 8.41751e-05 0.00591258 0.0800509 0.00070612 0.0111012 0.00178354 0.0177869 0.000832365 0.0763225 0.0184746 1.37097e-05 
0.00803925 0.000185208 0.000263542 0.00114113 0.00125426 0.000633275 0.0239718 0.00206698 1.1671e-11 0.00883109 0.00107199 0.000409219 0.00016601 0.000218122 0.000176918 4.8234e-09 9.81273e-09 0.00906994 0.000798032 0.887252 5.93123e-06 0.0513601 1.29541e-05 0.00169745 0.00082959 0.000367934 9.37451e-05 6.54481e-05 9.93803e-08 1.80674e-05 
0.0060103 0.000534974 4.87449e-05 1.12925e-05 0.0276229 0.00462968 0.00161895 0.107116 1.86489e-08 0.000115183 0.00293581 4.36161e-05 9.24093e-05 0.00102837 8.07816e-05 6.21378e-08 0.000305988 0.000410468 0.0409581 8.58283e-05 0.0367243 0.00692981 2.05125e-08 0.609263 0.000131158 0.000303578 0.108272 0.0375219 0.00717474 3.01348e-05 
5.99794e-08 0.0130874 0.0186655 2.67084e-05 0.0126795 0.0112378 0.00366055 0.182451 1.84887e-10 1.23158e-07 0.306235 2.64924e-06 0.100965 0.00319754 1.96784e-05 6.16041e-10 6.91876e-05 2.19456e-05 0.00253175 0.00435475 0.000837723 0.0662105 0.00275084 0.136218 5.42494e-07 1.90153e-10 0.000537479 0.084698 0.0495281 1.28054e-05 
7.57768e-05 0.0192653 0.00846875 0.00032427 0.000993565 0.00801185 0.150065 0.0598551 4.98076e-09 0.0219457 0.0222667 0.00272005 0.0154464 0.00108397 0.00054103 0.00778464 0.000110734 0.00543073 0.00271702 0.00144551 0.00240234 0.418892 0.0474223 0.120184 0.00343 0.0451405 0.0103596 0.022436 0.00106199 0.000119499 
0.00339593 0.177173 3.41647e-06 6.30634e-06 0.0919079 6.04029e-05 0.610504 6.81026e-05 7.07717e-10 9.79421e-06 1.30816e-05 1.35638e-09 7.03144e-05 2.51392e-05 3.8687e-06 2.3581e-09 1.91602e-09 3.47282e-05 0.0191556 1.98923e-06 0.00449132 0.0929085 7.78439e-10 4.96708e-05 1.04961e-09 6.5509e-05 9.89391e-06 2.79328e-05 1.38144e-05 1.80056e-09 
1.3995e-09 0.00649426 0.00427214 2.47328e-08 0.0256602 0.156522 0.0505494 0.00727545 8.31688e-11 5.32974e-07 0.00474956 0.000950944 0.00726145 4.65583e-06 0.0669752 2.77117e-10 0.00493384 0.00532547 4.34752e-07 1.10815e-06 0.2949 0.00520568 0.0245507 0.0217563 0.00181271 2.46933e-07 0.00100525 0.0484332 0.261359 2.11596e-10 
0.0810313 0.015175 0.00402585 7.07377e-06 0.0107697 0.00463899 0.147134 0.0462296 1.02179e-08 0.0164461 0.000517753 0.0374138 0.000433903 1.50342e-05 0.0116238 0.000987614 1.27436e-07 0.000371886 0.0719692 0.000105774 0.0874569 0.0204333 0.0105608 0.0191685 0.000159652 0.00196656 0.00521078 0.371514 0.0346286 4.01481e-06 
0.000812439 0.00268764 0.000180427 0.394458 0.00534427 0.032101 0.0162442 0.129289 3.46112e-08 0.00185592 0.0217744 1.24312e-05 0.0137049 0.000171517 0.0098844 8.21885e-06 0.000250562 0.000601166 0.0136126 0.00158882 0.158892 0.00872379 0.105663 0.0161415 0.00162569 1.16527e-07 0.0110063 0.0266509 0.0267095 5.45681e-06 
8.66085e-09 5.86252e-07 3.75695e-08 0.0193497 1.5753e-08 1.17541e-05 1.66845e-08 0.000857143 2.05901e-11 0.000225604 0.00902381 0.000637341 0.00141083 5.34789e-08 8.64574e-09 6.86059e-11 0.0105864 0.869656 9.92401e-06 7.22522e-11 4.09311e-09 0.0682322 3.84149e-08 0.0162231 1.77997e-05 2.31073e-08 0.00190796 1.61477e-06 0.000104343 0.00174329 
5.85219e-05 0.0448433 0.00563467 3.07099e-06 0.00183758 0.00207191 0.0116801 0.0212006 3.75059e-12 0.000781985 0.00689965 9.77158e-06 0.00200954 0.000308055 0.00282071 1.24969e-11 0.000236376 4.53309e-05 0.00174806 0.00191188 0.00232564 0.0118502 0.00185596 0.00421736 0.864825 0.000130531 0.000173343 0.0093426 0.00117541 2.70665e-06 
0.0256485 0.00243665 0.000183359 0.000141653 0.00227379 0.0785554 0.0377969 0.052246 1.18184e-05 0.0300014 0.0122451 0.00497176 0.018321 0.00147756 0.00264682 0.00152949 6.63942e-05 0.00177767 0.0173644 0.0117765 0.00158104 0.608156 0.00348535 0.0414822 0.00166545 2.9374e-05 0.0074764 0.023646 0.0107891 0.000216535 
1.85552e-07 0.00573252 0.0120817 0.00108274 0.0394191 0.000770957 0.0350092 0.192199 1.29384e-10 0.00568917 0.02805 0.000330137 0.00565263 1.50603e-05 0.242589 2.41133e-07 4.24099e-07 0.014159 0.0010653 4.22591e-07 2.0836e-06 0.275026 0.011935 0.0478828 0.0393243 0.00376638 0.00457483 0.0324802 0.00116163 3.29175e-10 
0.000101993 7.54026e-08 0.000378791 5.98389e-09 0.000252976 2.55384e-07 0.00217234 0.995296 9.67011e-12 6.94228e-07 1.83449e-07 1.85332e-11 0.000868056 8.22849e-09 8.07191e-08 3.22206e-11 4.98095e-07 1.04657e-07 1.98819e-09 3.55665e-08 0.000349704 6.36929e-05 1.43437e-05 5.06577e-05 0.000403667 9.94549e-12 7.90306e-08 4.52751e-05 5.44443e-08 2.26516e-09 
0.00180535 0.00788641 0.0805094 2.72609e-08 0.0772951 0.00250317 0.0165911 0.00534135 1.19256e-11 0.00031927 0.00331565 0.0873159 0.00030431 1.27485e-08 9.68951e-05 3.6546e-09 2.72852e-08 0.000773362 0.0057998 4.18478e-11 0.0540758 2.84109e-05 0.000258549 0.0229243 2.60182e-05 0.00314604 0.00104029 0.608931 0.0197012 1.1042e-05 
4.08731e-07 0.00421986 5.22658e-05 0.000186259 0.000864412 3.92765e-06 0.00236935 0.0232823 2.14166e-09 0.00105854 0.000333327 7.3563e-05 0.000860695 4.49512e-07 0.000456247 7.13598e-09 6.25202e-06 0.000957111 0.000627566 0.000194331 5.87892e-06 0.958872 2.35568e-09 0.00475176 9.65767e-06 1.27072e-05 1.96177e-06 0.000791905 2.234e-06 5.50381e-06 
0.00242646 0.000233516 0.000127195 1.38926e-06 0.00143582 0.00714648 0.00246262 0.000817734 1.06434e-07 0.000846891 0.00157674 0.000812121 0.00045497 8.14527e-05 7.99497e-06 3.54637e-07 2.66646e-05 4.31311e-05 0.00461678 0.0315277 0.000160336 0.911865 5.47454e-06 0.0292882 2.07809e-06 0.00137896 1.49965e-05 0.000786359 0.00184947 3.408e-06 
3.3951e-06 0.00824177 5.6959e-07 3.12062e-07 0.0991502 0.000505649 0.0990935 0.112496 6.30858e-12 2.23564e-06 0.0199995 2.36495e-05 2.73174e-08 1.21782e-11 7.46692e-07 2.10201e-11 6.15028e-08 0.000658767 0.0115261 0.000880956 0.0527798 0.363419 1.19358e-07 0.0336592 1.47838e-07 4.60729e-08 0.000959383 0.15602 0.0405779 5.76216e-07 
7.81387e-07 0.000747991 0.000655591 9.34396e-05 0.229918 1.26482e-08 4.14657e-07 0.0267428 1.45193e-12 0.00432262 1.77711e-07 5.44295e-06 6.72064e-09 1.40169e-08 0.00314507 4.83779e-12 3.93085e-12 0.000511554 0.0148313 0.000667754 0.0262701 0.525597 2.74704e-08 0.0316502 3.40251e-08 1.49328e-12 5.66016e-08 0.114155 0.0202341 0.000451028 
1.31477e-06 0.00922446 0.00119134 1.20848e-07 1.38611e-06 2.1282e-08 0.0973309 0.069474 2.44304e-12 0.0110826 0.00116648 0.0714447 1.14906e-08 4.71607e-12 0.00624619 8.14014e-12 6.61411e-12 0.00130701 9.10746e-07 1.0031e-07 6.15625e-07 0.647462 4.62221e-08 0.00639905 5.72512e-08 2.51261e-12 9.52387e-08 0.077666 6.54725e-07 2.23143e-07 
0.00940074 0.00261682 0.000362579 4.48627e-09 0.000472974 0.00176712 0.0287234 0.941618 7.01872e-12 0.00431545 3.76418e-06 1.34517e-11 0.001436 4.4688e-06 0.00138292 2.33862e-11 8.43331e-06 9.52609e-05 0.00487609 4.48687e-05 1.42879e-08 0.000947198 1.43333e-05 0.000297865 0.000220259 2.18891e-07 0.000870589 4.52478e-05 0.000475284 1.69771e-09 
0.00123979 0.000550905 0.000211937 0.0143062 0.00196635 0.0161517 0.00160331 0.00112738 1.3094e-12 0.000388603 0.00355088 9.03169e-07 0.000257271 1.93675e-05 0.00019859 0.00401714 1.46578e-08 0.919341 0.0214386 3.55691e-05 4.62408e-05 0.00171108 0.000146005 0.0037104 0.00380395 0.000280325 0.000203339 0.00312925 0.000563109 9.25589e-07 
8.78861e-07 0.00515223 0.000111151 0.111163 0.00621459 0.0136783 0.00230889 0.00404106 3.41827e-10 0.00099513 0.0243972 1.47831e-05 0.000455719 1.50486e-06 4.7011e-06 1.13896e-09 2.81418e-06 0.758625 1.34284e-06 0.000649143 0.000571511 0.0136999 0.00158638 0.011823 7.49901e-08 0.000810227 7.73601e-08 0.0384801 0.0052103 1.07048e-07 
4.08731e-07 0.00421986 5.22658e-05 0.000186259 0.000864412 3.92765e-06 0.00236935 0.0232823 2.14166e-09 0.00105854 0.000333327 7.3563e-05 0.000860695 4.49512e-07 0.000456247 7.13598e-09 6.25202e-06 0.000957111 0.000627566 0.000194331 5.87892e-06 0.958872 2.35568e-09 0.00475176 9.65767e-06 1.27072e-05 1.96177e-06 0.000791905 2.234e-06 5.50381e-06 
9.67428e-05 0.00303829 2.79118e-06 3.59331e-05 0.00144826 0.0471166 0.0532037 0.0543171 1.95633e-10 0.00130576 0.218822 0.000486515 0.0450539 0.0581858 0.0135571 6.61547e-07 8.91111e-07 0.0285314 0.00203214 0.00603237 0.00236385 0.27588 0.0108476 0.0729849 0.0515425 0.000235232 0.0365627 0.0102684 0.00437001 0.00167638 
8.66085e-09 5.86252e-07 3.75695e-08 0.0193497 1.5753e-08 1.17541e-05 1.66845e-08 0.000857143 2.05901e-11 0.000225604 0.00902381 0.000637341 0.00141083 5.34789e-08 8.64574e-09 6.86059e-11 0.0105864 0.869656 9.92401e-06 7.22522e-11 4.09311e-09 0.0682322 3.84149e-08 0.0162231 1.77997e-05 2.31073e-08 0.00190796 1.61477e-06 0.000104343 0.00174329 
0.00042554 0.019891 0.0289381 0.000845348 0.0183372 0.0398745 0.0253346 0.0812869 6.50471e-10 0.0113851 0.0184994 7.3097e-06 1.71883e-06 6.5489e-05 0.00797383 2.14932e-05 0.000107468 0.00499683 0.00217755 0.00769616 2.29554e-07 0.667748 0.00574144 0.0164391 0.000758507 0.00190115 3.80104e-07 0.0253488 0.0141808 1.6272e-05 
0.0157439 0.0684653 0.0241396 0.000120005 0.0114792 0.00792505 0.226554 0.0215957 3.17087e-05 0.00543148 0.00261308 0.420337 0.00548819 6.03115e-05 0.0120297 0.00987806 0.000298612 0.00520447 0.00489136 0.000242273 0.0160284 0.0199038 0.00597911 0.0702763 0.00128888 0.00016731 0.00939618 0.030705 0.00369138 3.43187e-05 
8.66085e-09 5.86252e-07 3.75695e-08 0.0193497 1.5753e-08 1.17541e-05 1.66845e-08 0.000857143 2.05901e-11 0.000225604 0.00902381 0.000637341 0.00141083 5.34789e-08 8.64574e-09 6.86059e-11 0.0105864 0.869656 9.92401e-06 7.22522e-11 4.09311e-09 0.0682322 3.84149e-08 0.0162231 1.77997e-05 2.31073e-08 0.00190796 1.61477e-06 0.000104343 0.00174329 
0.00123979 0.000550905 0.000211937 0.0143062 0.00196635 0.0161517 0.00160331 0.00112738 1.3094e-12 0.000388603 0.00355088 9.03169e-07 0.000257271 1.93675e-05 0.00019859 0.00401714 1.46578e-08 0.919341 0.0214386 3.55691e-05 4.62408e-05 0.00171108 0.000146005 0.0037104 0.00380395 0.000280325 0.000203339 0.00312925 0.000563109 9.25589e-07 
2.8919e-06 0.0139915 5.5956e-05 7.34535e-06 0.00547751 0.000436403 0.00923416 0.145256 5.82524e-08 0.000584905 0.0137215 8.25581e-06 0.00560487 0.000547582 0.000238287 1.94096e-07 4.47717e-05 0.000111755 0.0102315 0.0188562 0.00218762 0.744437 6.40735e-08 0.00113371 3.49235e-05 0.000333492 1.56667e-05 0.00984935 0.0175966 1.48204e-07 
0.00854808 0.00651103 0.0304362 5.39863e-07 0.0278743 0.00146104 0.257775 0.0154247 1.52165e-09 0.464436 0.000166035 7.42006e-05 0.000534685 5.33423e-07 0.0513122 5.07011e-09 4.11961e-09 0.000950121 0.000585075 5.33958e-09 0.0481133 0.000502385 1.01477e-05 0.0119512 6.26694e-05 7.39334e-07 0.00104759 0.0543341 0.0178876 5.82963e-08 
0.00123979 0.000550905 0.000211937 0.0143062 0.00196635 0.0161517 0.00160331 0.00112738 1.3094e-12 0.000388603 0.00355088 9.03169e-07 0.000257271 1.93675e-05 0.00019859 0.00401714 1.46578e-08 0.919341 0.0214386 3.55691e-05 4.62408e-05 0.00171108 0.000146005 0.0037104 0.00380395 0.000280325 0.000203339 0.00312925 0.000563109 9.25589e-07 
0.00123979 0.000550905 0.000211937 0.0143062 0.00196635 0.0161517 0.00160331 0.00112738 1.3094e-12 0.000388603 0.00355088 9.03169e-07 0.000257271 1.93675e-05 0.00019859 0.00401714 1.46578e-08 0.919341 0.0214386 3.55691e-05 4.62408e-05 0.00171108 0.000146005 0.0037104 0.00380395 0.000280325 0.000203339 0.00312925 0.000563109 9.25589e-07 
0.00274819 0.00188022 0.000315607 0.000555531 0.00582727 0.000113294 0.012101 0.0405521 1.28859e-10 0.0198291 0.00880175 0.113001 4.32759e-08 1.74371e-08 0.0014235 4.29355e-10 3.48864e-10 0.000710439 0.00747849 0.00770815 0.000533938 0.759087 1.07854e-06 0.00617185 1.23739e-06 6.29551e-05 2.08004e-05 0.00927915 0.00145917 0.000337761 
0.00175442 0.00677945 0.000819484 0.00107184 0.0531302 0.00605534 0.0405492 0.113017 8.41989e-12 0.03089 0.00373694 0.0777542 7.42028e-07 2.65296e-07 0.00268024 2.80549e-11 2.27954e-11 0.00425206 0.00277325 0.000379201 0.00287416 0.535542 3.14083e-08 0.0165601 3.89036e-08 0.00175279 0.000823026 0.0834979 0.0133064 1.51609e-07 
0.00506206 0.0061137 0.000202113 0.00210547 0.0505335 0.0189864 0.0460779 0.110586 1.16683e-07 0.0366597 0.0611621 0.0250699 0.0173019 0.00411067 0.0407028 0.00213349 0.00228582 0.0558869 0.0843665 0.00141496 0.00995278 0.249293 0.000569526 0.0474005 0.00790634 0.00169124 0.00453752 0.0827409 0.0250445 0.000102585 
1.90722e-06 0.00119805 0.00223275 6.23641e-05 0.000531233 0.0363508 0.00872616 0.0246696 4.47555e-11 0.000521895 0.0277531 3.736e-08 0.023511 9.66275e-08 0.0110142 1.49124e-10 4.90786e-09 2.85595e-08 0.0434558 8.37558e-07 0.111401 0.0020959 0.00105461 1.04599e-06 9.30554e-05 7.66784e-08 0.00527106 0.663116 0.0369362 9.70848e-07 
0.296497 0.000620412 9.72772e-05 0.00046852 0.00886473 0.00209621 0.0315557 0.0232472 2.97982e-11 0.0802808 0.0361572 0.293973 4.97425e-07 8.7966e-07 0.00170706 9.92869e-11 8.06735e-11 0.000749756 0.0720529 0.00598179 0.00382946 0.0945763 4.61057e-06 0.00284401 5.25099e-06 0.00171085 0.00315764 0.0261987 0.0132757 4.61909e-05 
0.00851878 4.37556e-05 0.000174852 6.30675e-05 0.00405622 0.0207612 0.00544098 0.00159857 4.76145e-09 0.410885 0.040183 9.12556e-09 0.00746378 1.11303e-05 0.0116403 1.58651e-08 2.26425e-07 0.0102861 0.20229 0.0884847 0.00168121 0.123469 0.00135797 0.0512164 0.00138547 0.000595005 2.3693e-05 0.00650022 0.00186928 1.2114e-08 
8.66085e-09 5.86252e-07 3.75695e-08 0.0193497 1.5753e-08 1.17541e-05 1.66845e-08 0.000857143 2.05901e-11 0.000225604 0.00902381 0.000637341 0.00141083 5.34789e-08 8.64574e-09 6.86059e-11 0.0105864 0.869656 9.92401e-06 7.22522e-11 4.09311e-09 0.0682322 3.84149e-08 0.0162231 1.77997e-05 2.31073e-08 0.00190796 1.61477e-06 0.000104343 0.00174329 
0.0116564 0.0447064 0.00629617 6.48161e-05 0.00269651 0.005668 0.140932 0.028408 3.15924e-10 0.0368055 0.0014604 0.00577426 0.00110838 1.78714e-08 0.0245948 0.098933 0.519628 3.82568e-06 0.000479047 0.000166026 0.0136505 0.00487092 0.0287466 0.00451219 0.000750149 1.74598e-06 0.00309446 0.00387248 0.0111193 1.72688e-08 
0.00576959 0.0279439 0.891651 3.62563e-06 1.45571e-07 0.0125535 0.0201091 0.00451415 1.68938e-10 0.0131619 4.23683e-08 8.13496e-06 0.000310795 3.2612e-10 0.000816096 6.74355e-08 4.5737e-10 1.52057e-05 3.70254e-10 0.000797132 0.00657782 0.00962749 0.00510129 0.000266757 9.48477e-06 2.66046e-07 1.61885e-08 0.000760565 2.10015e-06 2.13978e-08 
8.66085e-09 5.86252e-07 3.75695e-08 0.0193497 1.5753e-08 1.17541e-05 1.66845e-08 0.000857143 2.05901e-11 0.000225604 0.00902381 0.000637341 0.00141083 5.34789e-08 8.64574e-09 6.86059e-11 0.0105864 0.869656 9.92401e-06 7.22522e-11 4.09311e-09 0.0682322 3.84149e-08 0.0162231 1.77997e-05 2.31073e-08 0.00190796 1.61477e-06 0.000104343 0.00174329 
8.66085e-09 5.86252e-07 3.75695e-08 0.0193497 1.5753e-08 1.17541e-05 1.66845e-08 0.000857143 2.05901e-11 0.000225604 0.00902381 0.000637341 0.00141083 5.34789e-08 8.64574e-09 6.86059e-11 0.0105864 0.869656 9.92401e-06 7.22522e-11 4.09311e-09 0.0682322 3.84149e-08 0.0162231 1.77997e-05 2.31073e-08 0.00190796 1.61477e-06 0.000104343 0.00174329 
8.66085e-09 5.86252e-07 3.75695e-08 0.0193497 1.5753e-08 1.17541e-05 1.66845e-08 0.000857143 2.05901e-11 0.000225604 0.00902381 0.000637341 0.00141083 5.34789e-08 8.64574e-09 6.86059e-11 0.0105864 0.869656 9.92401e-06 7.22522e-11 4.09311e-09 0.0682322 3.84149e-08 0.0162231 1.77997e-05 2.31073e-08 0.00190796 1.61477e-06 0.000104343 0.00174329 
0.0531883 0.018992 0.00226399 1.64161e-07 0.0367476 8.19748e-06 0.142551 0.0753147 4.14145e-10 0.00219485 0.000362491 0.0263687 2.73718e-05 7.9947e-10 0.0501058 1.37992e-09 4.88877e-08 0.000912204 0.0181637 1.3752e-07 0.0179741 0.372283 0.000648121 0.068019 6.50634e-06 4.01199e-08 0.00583431 0.099546 0.00845584 3.27101e-05 
0.00330434 0.0254627 0.00795499 0.00191541 0.170253 0.000276031 0.344538 0.0989099 2.24079e-11 0.0547677 0.00631892 0.0187791 1.52688e-06 9.90051e-07 0.0197147 7.46625e-11 7.10305e-07 0.0034294 0.0212779 1.23491e-07 0.00755428 0.104732 0.000534855 0.0156787 0.000619283 5.32462e-05 0.00146048 0.0923992 8.05586e-07 6.23298e-05 
0.0101751 0.0166339 0.0019611 7.49276e-06 0.0394307 0.00955562 0.0687183 0.0209208 1.42832e-07 0.00204888 0.0135912 1.87327e-05 1.86087e-05 0.000473307 0.000418804 2.20193e-06 0.00160747 0.000259552 0.0945808 3.4069e-07 0.112175 0.00143356 0.000415469 0.0254111 1.55147e-07 0.00303916 0.00345777 0.343515 0.230127 3.53384e-06 
8.66085e-09 5.86252e-07 3.75695e-08 0.0193497 1.5753e-08 1.17541e-05 1.66845e-08 0.000857143 2.05901e-11 0.000225604 0.00902381 0.000637341 0.00141083 5.34789e-08 8.64574e-09 6.86059e-11 0.0105864 0.869656 9.92401e-06 7.22522e-11 4.09311e-09 0.0682322 3.84149e-08 0.0162231 1.77997e-05 2.31073e-08 0.00190796 1.61477e-06 0.000104343 0.00174329 
0.00813839 0.00839486 0.000495276 6.69067e-07 7.67275e-06 0.000273717 0.0877851 0.374137 2.55179e-10 0.011952 0.00840471 0.0272477 7.50963e-07 2.74874e-06 1.60083e-06 7.4696e-05 7.40122e-07 0.000194506 0.0179413 0.00268782 3.40779e-06 0.305477 2.56122e-07 0.0696101 3.17265e-07 2.62446e-10 0.000855847 0.0492434 0.0263288 0.00073963 
0.00123979 0.000550905 0.000211937 0.0143062 0.00196635 0.0161517 0.00160331 0.00112738 1.3094e-12 0.000388603 0.00355088 9.03169e-07 0.000257271 1.93675e-05 0.00019859 0.00401714 1.46578e-08 0.919341 0.0214386 3.55691e-05 4.62408e-05 0.00171108 0.000146005 0.0037104 0.00380395 0.000280325 0.000203339 0.00312925 0.000563109 9.25589e-07 
0.00501654 0.0558822 0.0414917 0.0031065 0.0076775 0.0710779 0.143318 0.11248 1.45133e-09 0.010864 0.0129552 3.17091e-05 0.0146193 0.000848229 0.0569044 4.8358e-09 2.65746e-06 0.0220493 1.8163e-06 0.126319 0.0101648 0.240639 5.55121e-05 0.012481 0.00948736 0.000198934 4.00744e-06 0.0289349 0.0133885 3.97423e-07 
0.00585975 0.000740832 0.00039818 4.18798e-05 0.00198111 0.00968558 0.00839529 0.013248 1.7609e-09 0.00290886 0.0389733 2.10073e-07 0.242613 0.000310091 0.000111117 5.8673e-09 6.09223e-07 0.00100399 5.96435e-06 0.152533 4.23273e-05 0.380722 0.000160793 0.0818231 2.96773e-05 1.81178e-06 0.00109642 0.0497374 0.00747416 0.000101969 
5.99794e-08 0.0130874 0.0186655 2.67084e-05 0.0126795 0.0112378 0.00366055 0.182451 1.84887e-10 1.23158e-07 0.306235 2.64924e-06 0.100965 0.00319754 1.96784e-05 6.16041e-10 6.91876e-05 2.19456e-05 0.00253175 0.00435475 0.000837723 0.0662105 0.00275084 0.136218 5.42494e-07 1.90153e-10 0.000537479 0.084698 0.0495281 1.28054e-05 
0.0323836 0.0218428 0.476898 1.79212e-05 0.00346599 0.0594394 0.11743 0.0405634 1.12404e-06 0.00869436 0.00746466 0.000375234 0.0224796 7.4571e-05 0.0197467 0.0237442 0.000747779 0.00010553 0.00343657 0.000732066 0.0271973 0.0185115 0.0290704 0.0232983 0.00231625 3.6013e-05 0.021982 0.0114087 0.0265316 4.33054e-06 
0.00362548 0.000958164 3.24269e-07 6.80262e-05 4.50886e-05 0.00475239 0.0132081 0.356483 2.75472e-07 7.72856e-05 0.00056884 5.27956e-07 4.91275e-05 0.0782584 0.00144995 1.03641e-05 8.87257e-06 7.6684e-05 0.0177011 0.0881603 0.000122634 0.421742 0.00108171 0.00798372 0.00152243 0.000827248 8.32407e-05 0.00104769 6.52016e-05 2.15236e-05 
6.58244e-08 0.0184953 0.000552778 2.38514e-09 0.041717 0.00100783 0.0139148 0.0428205 8.1777e-13 0.00268077 0.000458463 1.31498e-07 3.44899e-08 0.000126866 6.17828e-07 2.72479e-12 3.86004e-06 0.00157679 0.00655071 2.86961e-12 0.0506092 0.000756219 4.89422e-05 0.0339084 2.9581e-05 3.29702e-08 0.000531216 0.761373 0.0228367 2.08055e-12 
0.000807095 0.000177175 0.000145736 0.000231788 0.00310239 0.000134576 0.00578384 0.00278389 4.81092e-11 2.34273e-06 0.000381777 2.66948e-07 0.00117396 2.7892e-05 0.000461753 1.60299e-10 8.24786e-08 1.16896e-07 9.17479e-05 0.00361471 0.000183332 0.00528026 2.43103e-07 0.000433378 0.973875 0.000579725 7.84378e-06 0.000233576 0.000479498 6.16899e-06 
1.48555e-08 0.0297184 1.16599e-08 3.88221e-07 0.000812772 0.00162725 0.00341374 0.000555089 5.58643e-13 9.03366e-05 0.0109641 6.7681e-06 0.000887681 6.49772e-08 0.000444268 1.86139e-12 0.000137846 1.23282e-09 0.000842193 1.88364e-07 2.95602e-08 0.000130718 0.000487169 0.00345829 0.945641 0.00011791 0.000253298 0.000401909 6.82879e-06 1.42328e-06 
0.00123979 0.000550905 0.000211937 0.0143062 0.00196635 0.0161517 0.00160331 0.00112738 1.3094e-12 0.000388603 0.00355088 9.03169e-07 0.000257271 1.93675e-05 0.00019859 0.00401714 1.46578e-08 0.919341 0.0214386 3.55691e-05 4.62408e-05 0.00171108 0.000146005 0.0037104 0.00380395 0.000280325 0.000203339 0.00312925 0.000563109 9.25589e-07 
8.66085e-09 5.86252e-07 3.75695e-08 0.0193497 1.5753e-08 1.17541e-05 1.66845e-08 0.000857143 2.05901e-11 0.000225604 0.00902381 0.000637341 0.00141083 5.34789e-08 8.64574e-09 6.86059e-11 0.0105864 0.869656 9.92401e-06 7.22522e-11 4.09311e-09 0.0682322 3.84149e-08 0.0162231 1.77997e-05 2.31073e-08 0.00190796 1.61477e-06 0.000104343 0.00174329 
0.00618791 0.0172296 0.00296112 0.000233327 4.1423e-06 0.0229629 0.0196231 0.0255246 1.40663e-07 0.00705191 0.0137129 0.000875612 0.00441278 0.00139982 0.00882158 2.04651e-05 4.39077e-07 0.00215061 0.000966715 0.000254582 0.000929756 0.450247 0.00961917 0.0211135 5.45792e-05 0.000154542 0.316653 0.0504196 0.0164144 1.56275e-07 
0.0172107 0.0177188 0.270337 0.000524835 0.0439342 0.000670848 0.100436 0.041513 2.02405e-08 0.00963858 0.34182 0.0159976 4.55887e-05 0.000213037 0.000925745 6.7441e-08 0.000345895 0.000548695 0.0132136 0.000181327 0.00107536 0.0663062 0.000163993 0.0240477 0.000224361 0.00329804 0.000610163 0.0101227 0.0153853 0.0034911 
0.317787 0.00901867 0.00151348 1.61485e-05 0.00956209 0.00432114 0.0131856 0.0218834 7.70613e-13 0.00257542 0.0178271 8.75243e-05 0.00403142 3.59833e-05 0.00282226 2.56767e-12 0.000140269 0.000353699 0.0226665 4.74626e-08 0.0471366 0.00384657 0.00290032 0.0567125 0.000109837 0.00494024 0.014413 0.387673 0.0544301 1.01565e-05 
0.0122814 0.00842238 0.0073971 0.000348694 0.0165392 0.00681425 0.218902 0.169579 1.51363e-05 0.0178882 0.0193384 0.0105809 0.00221026 0.000151946 0.0161886 1.97998e-05 0.000138831 0.00133814 0.00721299 0.00689561 0.0221895 0.256275 0.000151181 0.0388352 0.00470848 0.000143324 0.00271781 0.10829 0.0443484 7.93628e-05 
4.77272e-05 0.000471043 0.000214806 2.55436e-05 0.000521705 0.00285362 0.00651946 0.14014 6.87624e-07 0.000694085 0.0268572 1.31787e-06 0.00102448 1.3274e-06 0.299347 2.29115e-06 0.391071 8.71872e-07 9.59254e-05 2.41292e-06 0.000364695 6.68769e-05 0.00381323 0.0019314 1.01981e-06 0.000363789 0.00118566 0.000958324 0.121421 1.74944e-06 
1.31985e-07 0.000228753 3.21837e-07 8.14185e-05 0.0133257 1.27028e-06 0.00677324 0.0229403 3.31027e-11 0.00131881 4.76784e-07 8.40994e-06 6.10264e-07 1.44141e-07 5.33454e-07 1.10297e-10 2.0207e-06 0.00363057 2.11035e-06 5.6655e-07 5.01743e-06 0.799792 3.64106e-11 0.150506 4.89592e-08 1.87472e-07 6.34309e-07 1.74962e-06 0.00127638 0.000102329 
0.0172978 0.000426064 0.0119543 0.00017607 0.000197867 0.00123547 0.0142025 0.910132 8.25045e-11 0.000277654 3.07719e-05 0.00017851 0.000114119 1.19829e-07 0.000138544 2.02781e-07 2.23367e-10 9.39944e-05 0.000155197 0.0338581 0.00267979 0.000190124 9.07491e-11 0.000283984 0.000400303 1.30849e-07 0.000877674 0.00194399 0.00315516 2.09906e-10 
8.66085e-09 5.86252e-07 3.75695e-08 0.0193497 1.5753e-08 1.17541e-05 1.66845e-08 0.000857143 2.05901e-11 0.000225604 0.00902381 0.000637341 0.00141083 5.34789e-08 8.64574e-09 6.86059e-11 0.0105864 0.869656 9.92401e-06 7.22522e-11 4.09311e-09 0.0682322 3.84149e-08 0.0162231 1.77997e-05 2.31073e-08 0.00190796 1.61477e-06 0.000104343 0.00174329 
0.0201395 0.00113606 0.0142446 0.000219748 0.000197898 0.00276221 0.0577671 0.839543 9.91335e-11 0.000277635 3.07732e-05 9.55323e-05 0.000874417 1.27719e-07 0.0120401 2.16134e-07 2.68387e-10 9.40238e-05 2.10907e-05 0.0338596 0.000877333 0.000713425 1.0904e-10 0.00022218 0.000400294 1.43011e-07 0.00210634 0.000617744 0.0117585 2.52213e-10 
0.0004157 1.23658e-05 5.41352e-07 6.39508e-06 5.1141e-05 5.08842e-05 1.35887e-05 6.36039e-05 9.17938e-10 4.42777e-05 2.95253e-05 1.75927e-09 0.000158556 4.16438e-05 3.85745e-05 3.05855e-09 4.9728e-06 9.42874e-06 6.06058e-05 1.12771e-05 1.16662e-05 0.000121613 2.1406e-05 2.29137e-05 0.99865 6.79827e-06 4.07799e-05 4.86064e-05 5.82322e-05 4.43959e-06 
0.00803925 0.000185208 0.000263542 0.00114113 0.00125426 0.000633275 0.0239718 0.00206698 1.1671e-11 0.00883109 0.00107199 0.000409219 0.00016601 0.000218122 0.000176918 4.8234e-09 9.81273e-09 0.00906994 0.000798032 0.887252 5.93123e-06 0.0513601 1.29541e-05 0.00169745 0.00082959 0.000367934 9.37451e-05 6.54481e-05 9.93803e-08 1.80674e-05 
1.59713e-05 0.0614484 0.00170478 2.58477e-06 0.000161194 0.0403347 0.038513 0.00916415 9.43949e-07 9.11043e-05 0.0019428 3.24073e-05 0.0137355 1.82221e-06 0.0610194 0.0563184 0.00164292 0.633299 0.000216829 3.31238e-06 0.000196687 0.000118357 0.0116456 0.0339899 0.000116831 0.00015696 0.0160344 0.0180735 1.61208e-05 2.40157e-06 
0.000317493 0.006955 0.000552459 0.000200463 1.63679e-06 0.00301711 0.0325679 0.0132074 2.23023e-09 0.0333086 0.00116656 0.000441826 4.33882e-05 2.80224e-06 8.74587e-06 7.43109e-09 1.5191e-06 0.00959339 0.0017415 0.0130643 0.00152459 0.796084 6.12945e-06 0.0837686 3.30766e-09 0.000346987 1.24932e-07 0.00203969 1.97608e-05 1.8119e-05 
0.00597222 0.00267087 0.000528901 0.000692158 0.00822323 0.0607608 0.0405605 0.171651 5.98792e-11 0.0204868 0.0415305 3.00209e-05 0.0617563 0.000991775 0.0029045 2.03563e-05 0.000232183 0.0105106 0.0923146 0.0147022 0.0403422 0.0934234 0.000115125 0.12947 0.0054154 0.000628415 0.00138695 0.161773 0.0309001 6.75611e-06 
0.00576959 0.0279439 0.891651 3.62563e-06 1.45571e-07 0.0125535 0.0201091 0.00451415 1.68938e-10 0.0131619 4.23683e-08 8.13496e-06 0.000310795 3.2612e-10 0.000816096 6.74355e-08 4.5737e-10 1.52057e-05 3.70254e-10 0.000797132 0.00657782 0.00962749 0.00510129 0.000266757 9.48477e-06 2.66046e-07 1.61885e-08 0.000760565 2.10015e-06 2.13978e-08 
0.003836 0.0355951 4.77472e-05 8.73546e-06 0.00102571 0.00560036 0.0141689 0.00389524 1.5885e-12 0.00353905 0.0278521 3.3461e-05 0.0121489 0.00101868 0.0021686 5.29285e-12 9.43886e-05 0.000173911 0.00282186 0.00467329 0.000585448 0.00577989 0.00152206 0.00611435 0.855602 0.000317313 0.000576765 0.00876316 0.0020328 4.32794e-06 
1.48707e-08 0.0191435 1.05836e-08 2.99716e-06 0.000487682 0.00150621 0.00228321 0.000854442 7.05806e-13 6.59203e-05 0.00961442 4.06502e-06 0.000532639 0.00016162 0.000382731 2.35173e-12 0.0001113 1.36061e-05 0.000505352 8.32803e-05 2.95904e-08 0.000356565 0.000292318 0.003126 0.9588 0.000174032 0.000225159 0.00110528 0.00016698 8.5653e-07 
0.0397037 0.0238797 0.00255544 0.00484699 0.00191131 0.0444892 0.111946 0.106641 5.68416e-08 0.0450432 0.0208673 0.116633 0.00106219 6.40589e-08 0.0199841 1.72175e-05 1.2957e-05 0.132902 0.00684525 0.00214278 0.00167085 0.222304 0.00166756 0.0224293 0.0044064 8.60146e-05 0.00053804 0.0204558 0.00276277 0.0421948 
5.99794e-08 0.0130874 0.0186655 2.67084e-05 0.0126795 0.0112378 0.00366055 0.182451 1.84887e-10 1.23158e-07 0.306235 2.64924e-06 0.100965 0.00319754 1.96784e-05 6.16041e-10 6.91876e-05 2.19456e-05 0.00253175 0.00435475 0.000837723 0.0662105 0.00275084 0.136218 5.42494e-07 1.90153e-10 0.000537479 0.084698 0.0495281 1.28054e-05 
8.66085e-09 5.86252e-07 3.75695e-08 0.0193497 1.5753e-08 1.17541e-05 1.66845e-08 0.000857143 2.05901e-11 0.000225604 0.00902381 0.000637341 0.00141083 5.34789e-08 8.64574e-09 6.86059e-11 0.0105864 0.869656 9.92401e-06 7.22522e-11 4.09311e-09 0.0682322 3.84149e-08 0.0162231 1.77997e-05 2.31073e-08 0.00190796 1.61477e-06 0.000104343 0.00174329 
9.41903e-07 0.228265 0.0107102 2.52614e-05 0.00110163 0.000807895 0.473408 0.0232141 3.4526e-10 0.0036365 2.63655e-08 6.82986e-06 0.00284059 3.06129e-06 0.0990973 7.19203e-08 0.000191777 2.25209e-08 0.0011015 0.000138367 0.0216682 0.114702 0.0116381 0.0020308 0.00337453 3.55093e-10 0.000155647 0.000153622 0.00172708 8.78403e-10 
0.000224838 0.00282069 2.02367e-05 0.000603459 0.00737859 0.0946435 0.054877 0.0576606 1.28071e-06 0.0482105 0.0376358 7.02053e-05 0.00806531 0.000308235 0.000339395 1.90475e-05 0.000224204 0.0110117 0.00389366 0.00615814 0.0312056 0.447479 0.000350658 0.100804 0.00371244 0.00378771 0.0445798 0.016486 0.0174195 9.31068e-06 
8.66085e-09 5.86252e-07 3.75695e-08 0.0193497 1.5753e-08 1.17541e-05 1.66845e-08 0.000857143 2.05901e-11 0.000225604 0.00902381 0.000637341 0.00141083 5.34789e-08 8.64574e-09 6.86059e-11 0.0105864 0.869656 9.92401e-06 7.22522e-11 4.09311e-09 0.0682322 3.84149e-08 0.0162231 1.77997e-05 2.31073e-08 0.00190796 1.61477e-06 0.000104343 0.00174329 
0.00803925 0.000185208 0.000263542 0.00114113 0.00125426 0.000633275 0.0239718 0.00206698 1.1671e-11 0.00883109 0.00107199 0.000409219 0.00016601 0.000218122 0.000176918 4.8234e-09 9.81273e-09 0.00906994 0.000798032 0.887252 5.93123e-06 0.0513601 1.29541e-05 0.00169745 0.00082959 0.000367934 9.37451e-05 6.54481e-05 9.93803e-08 1.80674e-05 
0.00433574 0.0250257 0.00155519 0.0166089 0.0108757 0.0140857 0.0627281 0.042905 4.13989e-09 0.00289432 0.00573443 4.82322e-07 0.0093245 0.000187699 0.0566698 5.67345e-05 0.0154814 0.00526381 0.0151906 0.00148492 0.188471 0.0784484 0.315438 0.00955009 0.00083743 1.80509e-06 0.0102713 0.0135696 0.0930018 2.17067e-06 
0.000212247 0.000203163 0.000597038 1.11612e-08 0.00042167 4.76518e-07 0.00362062 0.992819 1.03945e-11 1.29535e-06 3.42295e-07 1.99217e-11 0.00133181 1.5417e-08 1.50607e-07 3.46344e-11 4.32675e-07 1.95269e-07 5.19329e-06 6.66752e-08 3.18643e-08 0.000106172 2.39155e-05 8.44396e-05 0.000340485 1.00823e-09 1.4746e-07 7.54805e-05 0.000155317 4.20712e-09 
0.00446089 0.00351329 0.00319283 0.000202858 0.0158692 0.00455828 0.0732448 0.0275219 6.99229e-09 0.00241 0.0123526 0.0667866 5.11208e-05 2.56194e-05 0.0557102 2.32982e-08 7.9186e-05 0.214685 0.0120197 2.55189e-05 0.00759047 0.399014 0.000884078 0.0170298 0.0248124 9.10351e-05 0.000350633 0.0278061 0.0256554 5.6734e-05 
0.0493781 0.0212162 0.0952321 0.00163928 0.0720734 0.0102959 0.0645229 0.0668651 7.97465e-10 0.00854499 0.0243358 0.0174173 3.04337e-05 0.0246588 0.128609 2.65713e-09 6.05015e-05 0.0125114 0.00170607 0.00498237 0.0161018 0.241179 0.000103656 0.00949707 0.000311924 0.0162162 0.000120998 0.093256 0.0190365 9.69075e-05 
0.0133845 0.00244837 0.164511 3.16592e-05 0.0270619 0.00519315 0.280907 0.0119882 7.11014e-10 0.3346 0.00654811 0.104503 0.00657391 6.14929e-05 0.00566627 2.36908e-09 0.000265099 1.8898e-06 0.000135893 0.00102122 0.000611585 0.0127308 0.000124176 0.00378113 0.0093795 0.00348097 5.46561e-05 0.00441409 0.00052061 4.18766e-08 
1.75037e-07 4.01417e-05 0.000216971 0.00128184 0.00323109 0.0456096 0.00765297 0.139924 6.16643e-11 4.49489e-07 0.109733 1.59889e-07 0.0316799 0.00518975 3.31823e-05 2.05464e-10 1.57744e-05 0.468501 0.0108507 1.55109e-06 9.75487e-08 0.00450979 0.0227101 0.00168483 0.000315478 0.00287253 0.0974703 0.0176981 0.0287762 1.08204e-07 
0.334338 0.0187516 0.0163882 1.08575e-07 0.000327739 0.000875107 0.338301 1.09783e-05 6.83229e-12 0.0067011 0.000413319 3.90169e-05 0.000648217 1.51039e-06 0.00244305 2.2765e-11 1.05498e-07 0.00177909 0.143282 1.09599e-07 7.76548e-05 3.66157e-05 0.000107408 0.0065517 0.000100647 7.02686e-12 1.07492e-06 0.124677 0.00414757 2.39633e-09 
0.00123979 0.000550905 0.000211937 0.0143062 0.00196635 0.0161517 0.00160331 0.00112738 1.3094e-12 0.000388603 0.00355088 9.03169e-07 0.000257271 1.93675e-05 0.00019859 0.00401714 1.46578e-08 0.919341 0.0214386 3.55691e-05 4.62408e-05 0.00171108 0.000146005 0.0037104 0.00380395 0.000280325 0.000203339 0.00312925 0.000563109 9.25589e-07 
0.00893255 0.00239022 0.000973065 0.00174182 0.014191 0.00267833 0.0277985 0.0354137 5.76297e-13 0.0105588 0.0388801 0.0490435 4.07123e-07 2.62559e-08 0.0108389 1.92021e-12 1.41996e-08 0.00199764 0.016951 0.00418119 0.0827329 0.10927 0.000988959 0.0361621 1.35052e-08 1.61815e-08 9.66271e-05 0.405687 0.138491 5.2638e-08 
0.000655998 0.0258764 0.00330161 6.55354e-05 0.00512907 0.000151675 0.0815654 0.161034 2.79606e-08 0.00165047 0.147272 0.00117106 0.000230807 9.30729e-07 1.6682e-05 9.31642e-08 1.11512e-07 0.000226302 0.00075975 9.81158e-08 0.150657 0.00168448 0.0394726 0.00239695 2.14772e-07 0.00065551 0.00071974 0.350711 0.0238279 0.000766441 
0.000657849 0.00795313 0.00870564 0.000896319 0.104412 0.00640755 0.0865251 0.0598766 2.51049e-12 0.00476906 0.0420912 0.000537431 0.00643048 0.000345685 0.0349015 1.2278e-08 0.000164859 0.0134034 0.0112793 8.80947e-12 0.00339987 0.0599755 0.00359259 0.0682361 0.0412992 0.0632223 0.00712806 0.358838 0.00494827 2.66945e-06 
5.99794e-08 0.0130874 0.0186655 2.67084e-05 0.0126795 0.0112378 0.00366055 0.182451 1.84887e-10 1.23158e-07 0.306235 2.64924e-06 0.100965 0.00319754 1.96784e-05 6.16041e-10 6.91876e-05 2.19456e-05 0.00253175 0.00435475 0.000837723 0.0662105 0.00275084 0.136218 5.42494e-07 1.90153e-10 0.000537479 0.084698 0.0495281 1.28054e-05 
0.00125123 0.00243537 0.0163436 0.000167032 0.01454 0.0119766 0.00700764 0.0065646 2.83783e-10 0.00473327 0.000422524 8.15301e-08 0.0075877 0.000456625 0.00504205 9.45558e-10 1.02631e-07 0.000145807 0.00397971 0.00515803 0.000778338 0.901207 0.000106446 0.00408241 0.00170933 1.1056e-05 8.35876e-07 0.00198452 0.00230479 3.18132e-06 
0.00125123 0.00243537 0.0163436 0.000167032 0.01454 0.0119766 0.00700764 0.0065646 2.83783e-10 0.00473327 0.000422524 8.15301e-08 0.0075877 0.000456625 0.00504205 9.45558e-10 1.02631e-07 0.000145807 0.00397971 0.00515803 0.000778338 0.901207 0.000106446 0.00408241 0.00170933 1.1056e-05 8.35876e-07 0.00198452 0.00230479 3.18132e-06 
0.00678708 0.00255775 0.000142892 0.00214044 0.0710013 0.0534303 0.0116335 0.123895 3.13309e-06 0.00827111 0.0205524 0.0303704 0.00355944 6.49104e-05 0.000447229 5.71892e-06 0.000160207 0.00460915 0.000309545 0.00235826 0.000541724 0.570223 0.00909163 0.00903401 0.00341449 0.030807 0.00162439 0.0320924 0.000773572 9.79556e-05 
0.0003441 0.002953 0.000761337 3.37837e-05 8.59415e-05 0.68659 0.0081947 0.0015376 5.54299e-07 0.00831125 0.0481884 0.00255609 8.95118e-05 1.07003e-06 0.000941106 1.84691e-06 0.000423721 0.00907213 0.00124679 0.000556781 0.00365876 0.10121 0.0935286 0.0291247 4.91016e-05 0.000166467 5.54478e-05 4.6013e-05 0.000190978 8.02872e-05 
0.00123979 0.000550905 0.000211937 0.0143062 0.00196635 0.0161517 0.00160331 0.00112738 1.3094e-12 0.000388603 0.00355088 9.03169e-07 0.000257271 1.93675e-05 0.00019859 0.00401714 1.46578e-08 0.919341 0.0214386 3.55691e-05 4.62408e-05 0.00171108 0.000146005 0.0037104 0.00380395 0.000280325 0.000203339 0.00312925 0.000563109 9.25589e-07 
0.000791362 0.015531 0.00135214 0.000123647 0.0109423 0.0149634 0.00930267 0.0608488 6.08278e-11 0.0074187 0.00452508 3.77856e-05 0.117936 0.0126175 0.00661857 9.14136e-06 0.00120161 0.00365076 0.0581809 0.00526353 0.0629328 0.513049 0.00114787 0.0494048 0.00152059 0.00121584 0.00319273 0.0262453 0.00997634 9.21101e-08 
3.29633e-08 0.0445082 0.00248954 2.00566e-06 0.00170307 0.00199153 0.0117688 0.017692 3.8289e-12 0.000733798 0.00640988 2.73592e-06 0.00150175 0.000107861 0.00283898 1.27578e-11 0.000244388 9.1241e-06 0.000337047 0.00103401 0.00211898 0.00936914 0.0018252 0.00426138 0.878731 0.000116073 0.000150149 0.00899305 0.00106002 5.86861e-07 
0.00123979 0.000550905 0.000211937 0.0143062 0.00196635 0.0161517 0.00160331 0.00112738 1.3094e-12 0.000388603 0.00355088 9.03169e-07 0.000257271 1.93675e-05 0.00019859 0.00401714 1.46578e-08 0.919341 0.0214386 3.55691e-05 4.62408e-05 0.00171108 0.000146005 0.0037104 0.00380395 0.000280325 0.000203339 0.00312925 0.000563109 9.25589e-07 
3.29633e-08 0.0445082 0.00248954 2.00566e-06 0.00170307 0.00199153 0.0117688 0.017692 3.8289e-12 0.000733798 0.00640988 2.73592e-06 0.00150175 0.000107861 0.00283898 1.27578e-11 0.000244388 9.1241e-06 0.000337047 0.00103401 0.00211898 0.00936914 0.0018252 0.00426138 0.878731 0.000116073 0.000150149 0.00899305 0.00106002 5.86861e-07 
0.00661799 0.00634322 0.00190289 1.2941e-07 0.000503643 0.0447369 0.0723323 0.442192 1.02889e-09 0.0239793 0.0362645 0.000550388 0.025226 0.00427712 0.00807761 0.0511222 1.65153e-05 0.031136 0.00302149 0.000324899 0.000202883 0.0278513 1.13171e-09 0.027761 0.142619 0.00101807 0.00139745 0.0392009 0.00132484 2.61768e-09 
1.13569e-05 0.000548337 1.88389e-06 0.000119798 0.000117185 0.0105832 0.0118014 0.0116467 4.31697e-08 0.00238288 0.0420422 5.45153e-06 0.0157975 2.09413e-05 0.000322124 1.4384e-07 1.16875e-07 4.87513e-06 0.0137943 0.0040127 6.83725e-05 0.703942 4.74836e-08 0.00415227 7.82093e-05 0.00020429 0.00393481 0.147734 0.0265998 7.28864e-05 
