0.00659408 0.00421895 1.31646e-10 3.22417e-05 0.000473466 0.00970455 0.0123208 0.10908 1.11836e-10 0.00605727 0.0165506 7.76098e-05 0.00669377 0.00112397 0.00488176 1.5653e-07 1.34649e-07 0.000170574 0.000839021 0.00408376 2.02571e-06 0.668188 6.29334e-07 0.0861874 0.00251372 3.67821e-05 0.00098989 0.058355 0.00081353 1.04065e-05 
0.000121838 0.0658808 0.000396827 0.020708 0.0123805 0.0165448 0.00736468 0.0460096 0.000113504 0.00164221 0.00498472 0.000272178 0.0108649 0.00390338 0.00378935 0.00168236 0.000605283 0.000223577 0.0089049 0.000946448 0.0494467 0.00324957 0.00746104 0.424267 0.00100424 0.000380319 0.222528 0.0404744 0.043709 0.00013953 
0.00576959 0.0279439 0.891651 3.62563e-06 1.45571e-07 0.0125535 0.0201091 0.00451415 1.68938e-10 0.0131619 4.23683e-08 8.13496e-06 0.000310795 3.2612e-10 0.000816096 6.74355e-08 4.5737e-10 1.52057e-05 3.70254e-10 0.000797132 0.00657782 0.00962749 0.00510129 0.000266757 9.48477e-06 2.66046e-07 1.61885e-08 0.000760565 2.10015e-06 2.13978e-08 
0.00803925 0.000185208 0.000263542 0.00114113 0.00125426 0.000633275 0.0239718 0.00206698 1.1671e-11 0.00883109 0.00107199 0.000409219 0.00016601 0.000218122 0.000176918 4.8234e-09 9.81273e-09 0.00906994 0.000798032 0.887252 5.93123e-06 0.0513601 1.29541e-05 0.00169745 0.00082959 0.000367934 9.37451e-05 6.54481e-05 9.93803e-08 1.80674e-05 
0.00712842 0.00403585 0.00249372 0.00723623 0.00187951 0.0211367 0.0298145 0.0446147 7.26849e-06 0.00070942 0.214536 8.40492e-05 0.00284125 7.80067e-05 0.00146619 0.000154816 0.00250358 0.0375022 0.0200048 0.000763123 0.0104352 0.0837269 4.28624e-05 0.406794 0.00274919 0.00357306 0.00110639 0.0462271 0.0463441 1.07373e-05 
0.00125123 0.00243537 0.0163436 0.000167032 0.01454 0.0119766 0.00700764 0.0065646 2.83783e-10 0.00473327 0.000422524 8.15301e-08 0.0075877 0.000456625 0.00504205 9.45558e-10 1.02631e-07 0.000145807 0.00397971 0.00515803 0.000778338 0.901207 0.000106446 0.00408241 0.00170933 1.1056e-05 8.35876e-07 0.00198452 0.00230479 3.18132e-06 
0.00123979 0.000550905 0.000211937 0.0143062 0.00196635 0.0161517 0.00160331 0.00112738 1.3094e-12 0.000388603 0.00355088 9.03169e-07 0.000257271 1.93675e-05 0.00019859 0.00401714 1.46578e-08 0.919341 0.0214386 3.55691e-05 4.62408e-05 0.00171108 0.000146005 0.0037104 0.00380395 0.000280325 0.000203339 0.00312925 0.000563109 9.25589e-07 
0.000790296 0.103871 0.00652833 5.28835e-05 0.00187244 0.00313407 0.0807009 0.147411 1.50766e-07 0.00196054 0.000628306 0.000746662 0.0709362 0.000166266 0.0121804 6.67375e-06 5.25084e-06 0.13224 1.11114e-05 0.00491212 0.0755373 0.226179 0.000260304 0.04729 0.000100356 3.55008e-07 0.000689757 0.067113 0.0146743 1.26041e-06 
5.62285e-05 0.00262525 1.43203e-05 9.23409e-05 0.000495175 0.00139314 0.0169976 0.0119064 2.06817e-09 0.00566058 0.00537341 5.83975e-05 3.05682e-06 0.00503432 0.0042376 6.89109e-09 5.4631e-08 0.00352522 0.180021 4.74825e-06 4.65983e-06 0.488596 6.33377e-05 0.0353729 0.006185 8.56106e-05 0.214642 0.0162788 0.00127318 5.26178e-09 
0.00014115 0.00364698 0.00051455 0.000287816 0.000148814 0.000147146 0.0217429 0.429433 2.52996e-08 0.0760265 0.000264025 0.0243747 0.000188682 4.88386e-08 0.000541765 8.42976e-08 6.84943e-08 0.000129929 9.77814e-05 0.000179219 6.60962e-05 0.43522 6.41624e-05 0.00123376 0.000125349 4.65398e-06 1.02356e-05 0.00441192 0.000663687 0.000334126 
4.80562e-08 0.0171848 1.40254e-07 0.000259149 0.0084864 0.0550514 0.0167085 0.391971 2.90535e-11 0.00719756 5.37033e-07 5.56825e-11 2.88658e-06 1.03203e-06 0.00150895 9.68057e-11 4.56291e-07 1.42568e-06 0.0034281 4.69074e-07 0.00463897 0.405701 3.19568e-11 0.0387452 2.32256e-06 0.0233995 0.001422 0.0168578 0.00742977 7.39172e-11 
0.0282799 0.0293176 0.014955 0.000170602 0.00299796 0.0130599 0.299424 0.180902 2.73957e-11 0.0540969 0.152022 0.00181827 0.000881057 1.16325e-05 0.0173293 9.12819e-11 2.54412e-09 0.0159723 0.00857355 0.00516913 0.0140816 0.0147893 0.000605025 0.000780378 0.000351158 0.000983603 0.00193065 0.106743 0.0347542 3.04038e-07 
0.00123979 0.000550905 0.000211937 0.0143062 0.00196635 0.0161517 0.00160331 0.00112738 1.3094e-12 0.000388603 0.00355088 9.03169e-07 0.000257271 1.93675e-05 0.00019859 0.00401714 1.46578e-08 0.919341 0.0214386 3.55691e-05 4.62408e-05 0.00171108 0.000146005 0.0037104 0.00380395 0.000280325 0.000203339 0.00312925 0.000563109 9.25589e-07 
0.00639115 0.00763286 0.506863 0.00409236 0.0516262 0.00132126 0.144121 0.218612 7.29339e-11 0.00581693 0.00157471 0.000207435 0.000746183 7.9932e-06 2.23673e-06 1.22356e-07 0.0022241 9.05328e-05 0.0017311 0.000309203 0.0104296 0.000268535 0.00461662 0.0191461 0.000440366 7.5011e-11 0.000885314 0.00637799 0.00446419 3.93127e-07 
0.0133165 0.00156625 0.000649565 0.000294651 0.00238064 0.000469525 0.0190704 0.0551343 6.40581e-10 0.0159382 0.0189095 0.00826321 0.0852481 4.45806e-06 0.0149979 2.1344e-09 2.41189e-06 0.000343804 0.0502316 0.000758398 0.0138145 0.573772 0.000175006 0.0185631 5.34753e-07 2.74741e-06 1.71863e-05 0.0676567 0.0384161 2.08226e-06 
0.000251378 0.0259927 0.00511633 0.00193622 0.0307092 0.0121525 0.00897147 0.0826036 6.55255e-11 0.00135639 0.0101144 0.000256894 1.72118e-06 9.12868e-07 0.0804944 2.1833e-10 1.77399e-10 0.206092 0.00102975 0.00992352 0.00527759 0.48755 3.26831e-07 0.0130706 3.41973e-06 0.00226711 0.000217058 0.00717152 0.00743894 1.98257e-07 
4.92551e-06 0.00116105 0.00179094 0.00120925 0.000329413 0.0406843 0.0915202 0.156378 2.60331e-10 0.00489703 0.0105712 1.03469e-06 0.0504455 0.00025702 0.00464946 8.67417e-10 3.5956e-05 0.000542531 0.00045063 0.0333395 0.00567327 0.559523 4.50814e-07 0.0102248 7.49418e-06 0.0033347 2.14269e-07 0.0194741 0.00344979 4.41709e-05 
0.000127388 0.000914742 0.000985199 2.64939e-08 0.068067 0.0374812 0.0142457 0.00552336 8.19424e-12 0.00127162 0.0185577 0.000212186 0.0901254 0.000330415 0.00333563 2.7303e-11 1.27809e-05 0.000530136 0.0851244 0.0112701 0.0269959 0.00111862 0.00121113 0.0194233 2.35439e-05 0.000136798 0.00170554 0.495448 0.115822 1.10801e-08 
0.00123979 0.000550905 0.000211937 0.0143062 0.00196635 0.0161517 0.00160331 0.00112738 1.3094e-12 0.000388603 0.00355088 9.03169e-07 0.000257271 1.93675e-05 0.00019859 0.00401714 1.46578e-08 0.919341 0.0214386 3.55691e-05 4.62408e-05 0.00171108 0.000146005 0.0037104 0.00380395 0.000280325 0.000203339 0.00312925 0.000563109 9.25589e-07 
0.00803925 0.000185208 0.000263542 0.00114113 0.00125426 0.000633275 0.0239718 0.00206698 1.1671e-11 0.00883109 0.00107199 0.000409219 0.00016601 0.000218122 0.000176918 4.8234e-09 9.81273e-09 0.00906994 0.000798032 0.887252 5.93123e-06 0.0513601 1.29541e-05 0.00169745 0.00082959 0.000367934 9.37451e-05 6.54481e-05 9.93803e-08 1.80674e-05 
2.29145e-08 0.02182 0.000361204 1.23446e-07 1.12373e-06 1.18238e-06 0.0319365 0.161574 1.38535e-11 0.00245421 0.000998938 2.07124e-07 0.00867269 4.92097e-07 0.00163584 4.61595e-11 3.7506e-11 0.00836225 7.49787e-08 4.86129e-11 7.98521e-08 0.706128 1.52379e-11 0.0183775 2.05461e-11 1.28233e-06 1.93672e-07 0.0376738 2.70415e-07 3.52457e-11 
5.99794e-08 0.0130874 0.0186655 2.67084e-05 0.0126795 0.0112378 0.00366055 0.182451 1.84887e-10 1.23158e-07 0.306235 2.64924e-06 0.100965 0.00319754 1.96784e-05 6.16041e-10 6.91876e-05 2.19456e-05 0.00253175 0.00435475 0.000837723 0.0662105 0.00275084 0.136218 5.42494e-07 1.90153e-10 0.000537479 0.084698 0.0495281 1.28054e-05 
7.57768e-05 0.0192653 0.00846875 0.00032427 0.000993565 0.00801185 0.150065 0.0598551 4.98076e-09 0.0219457 0.0222667 0.00272005 0.0154464 0.00108397 0.00054103 0.00778464 0.000110734 0.00543073 0.00271702 0.00144551 0.00240234 0.418892 0.0474223 0.120184 0.00343 0.0451405 0.0103596 0.022436 0.00106199 0.000119499 
1.3995e-09 0.00649426 0.00427214 2.47328e-08 0.0256602 0.156522 0.0505494 0.00727545 8.31688e-11 5.32974e-07 0.00474956 0.000950944 0.00726145 4.65583e-06 0.0669752 2.77117e-10 0.00493384 0.00532547 4.34752e-07 1.10815e-06 0.2949 0.00520568 0.0245507 0.0217563 0.00181271 2.46933e-07 0.00100525 0.0484332 0.261359 2.11596e-10 
0.0810313 0.015175 0.00402585 7.07377e-06 0.0107697 0.00463899 0.147134 0.0462296 1.02179e-08 0.0164461 0.000517753 0.0374138 0.000433903 1.50342e-05 0.0116238 0.000987614 1.27436e-07 0.000371886 0.0719692 0.000105774 0.0874569 0.0204333 0.0105608 0.0191685 0.000159652 0.00196656 0.00521078 0.371514 0.0346286 4.01481e-06 
0.000199095 0.0639111 0.008933 0.0850578 0.0300447 0.00902189 0.251849 0.035768 2.09552e-08 0.00288676 0.00505954 0.0308375 0.00112143 1.16168e-05 0.0872237 7.04057e-08 0.000100557 0.173013 0.00363168 0.000522507 0.0486574 0.0150945 0.00681481 0.0128047 0.000126667 0.000998273 0.00176676 0.102887 0.0215743 8.22024e-05 
5.85219e-05 0.0448433 0.00563467 3.07099e-06 0.00183758 0.00207191 0.0116801 0.0212006 3.75059e-12 0.000781985 0.00689965 9.77158e-06 0.00200954 0.000308055 0.00282071 1.24969e-11 0.000236376 4.53309e-05 0.00174806 0.00191188 0.00232564 0.0118502 0.00185596 0.00421736 0.864825 0.000130531 0.000173343 0.0093426 0.00117541 2.70665e-06 
0.0256485 0.00243665 0.000183359 0.000141653 0.00227379 0.0785554 0.0377969 0.052246 1.18184e-05 0.0300014 0.0122451 0.00497176 0.018321 0.00147756 0.00264682 0.00152949 6.63942e-05 0.00177767 0.0173644 0.0117765 0.00158104 0.608156 0.00348535 0.0414822 0.00166545 2.9374e-05 0.0074764 0.023646 0.0107891 0.000216535 
0.0322817 0.176621 0.0387979 0.000210674 0.0106291 0.00295105 0.251534 0.0900674 6.87514e-11 0.302811 2.34673e-06 0.000179189 6.93287e-07 1.32719e-10 0.0748851 2.29078e-10 3.96736e-07 1.94933e-07 0.015003 7.73933e-07 1.14834e-07 0.00400725 1.28094e-05 5.8653e-07 1.01965e-10 7.07093e-11 4.61523e-07 5.05265e-08 5.92166e-07 3.0429e-06 
1.85552e-07 0.00573252 0.0120817 0.00108274 0.0394191 0.000770957 0.0350092 0.192199 1.29384e-10 0.00568917 0.02805 0.000330137 0.00565263 1.50603e-05 0.242589 2.41133e-07 4.24099e-07 0.014159 0.0010653 4.22591e-07 2.0836e-06 0.275026 0.011935 0.0478828 0.0393243 0.00376638 0.00457483 0.0324802 0.00116163 3.29175e-10 
0.0004157 1.23658e-05 5.41352e-07 6.39508e-06 5.1141e-05 5.08842e-05 1.35887e-05 6.36039e-05 9.17938e-10 4.42777e-05 2.95253e-05 1.75927e-09 0.000158556 4.16438e-05 3.85745e-05 3.05855e-09 4.9728e-06 9.42874e-06 6.06058e-05 1.12771e-05 1.16662e-05 0.000121613 2.1406e-05 2.29137e-05 0.99865 6.79827e-06 4.07799e-05 4.86064e-05 5.82322e-05 4.43959e-06 
0.00123979 0.000550905 0.000211937 0.0143062 0.00196635 0.0161517 0.00160331 0.00112738 1.3094e-12 0.000388603 0.00355088 9.03169e-07 0.000257271 1.93675e-05 0.00019859 0.00401714 1.46578e-08 0.919341 0.0214386 3.55691e-05 4.62408e-05 0.00171108 0.000146005 0.0037104 0.00380395 0.000280325 0.000203339 0.00312925 0.000563109 9.25589e-07 
0.00180535 0.00788641 0.0805094 2.72609e-08 0.0772951 0.00250317 0.0165911 0.00534135 1.19256e-11 0.00031927 0.00331565 0.0873159 0.00030431 1.27485e-08 9.68951e-05 3.6546e-09 2.72852e-08 0.000773362 0.0057998 4.18478e-11 0.0540758 2.84109e-05 0.000258549 0.0229243 2.60182e-05 0.00314604 0.00104029 0.608931 0.0197012 1.1042e-05 
0.00758364 0.00887837 0.00142468 1.18558e-09 0.0302788 0.000265677 0.0118829 0.0536222 4.43322e-13 0.00150591 7.37914e-05 2.5851e-05 1.19354e-08 2.9519e-05 0.000308906 1.47714e-12 1.09152e-06 0.000432796 0.0283022 1.55565e-12 0.399824 0.00027173 2.32495e-05 0.0355625 8.78283e-06 0.000714568 0.00021335 0.390387 0.0283779 2.2685e-07 
0.0396028 0.0193541 0.000447427 8.75091e-06 0.014339 0.000867409 0.400759 0.0548371 4.74487e-10 0.000347047 0.000267933 4.46174e-07 0.0051511 0.0314168 0.277233 1.58098e-09 0.00120212 6.01624e-10 0.0676569 0.0721371 0.00188434 0.00591335 5.21901e-10 0.00081502 7.09853e-06 4.87999e-10 0.00291576 0.00208383 0.000738643 1.37851e-05 
4.08731e-07 0.00421986 5.22658e-05 0.000186259 0.000864412 3.92765e-06 0.00236935 0.0232823 2.14166e-09 0.00105854 0.000333327 7.3563e-05 0.000860695 4.49512e-07 0.000456247 7.13598e-09 6.25202e-06 0.000957111 0.000627566 0.000194331 5.87892e-06 0.958872 2.35568e-09 0.00475176 9.65767e-06 1.27072e-05 1.96177e-06 0.000791905 2.234e-06 5.50381e-06 
1.48707e-08 0.0191435 1.05836e-08 2.99716e-06 0.000487682 0.00150621 0.00228321 0.000854442 7.05806e-13 6.59203e-05 0.00961442 4.06502e-06 0.000532639 0.00016162 0.000382731 2.35173e-12 0.0001113 1.36061e-05 0.000505352 8.32803e-05 2.95904e-08 0.000356565 0.000292318 0.003126 0.9588 0.000174032 0.000225159 0.00110528 0.00016698 8.5653e-07 
3.3951e-06 0.00824177 5.6959e-07 3.12062e-07 0.0991502 0.000505649 0.0990935 0.112496 6.30858e-12 2.23564e-06 0.0199995 2.36495e-05 2.73174e-08 1.21782e-11 7.46692e-07 2.10201e-11 6.15028e-08 0.000658767 0.0115261 0.000880956 0.0527798 0.363419 1.19358e-07 0.0336592 1.47838e-07 4.60729e-08 0.000959383 0.15602 0.0405779 5.76216e-07 
0.034947 0.000660042 0.555207 0.00100088 0.00705132 0.00107369 0.0323086 0.0448802 1.02967e-07 0.010336 0.00152119 0.0465899 0.000196078 0.000979001 0.00147107 3.43083e-07 2.78765e-07 0.00101203 0.00463311 0.00147204 0.0120426 0.220797 0.000235236 0.010609 0.000291377 1.05899e-07 0.000484532 0.00573427 0.00333069 0.00113538 
1.31477e-06 0.00922446 0.00119134 1.20848e-07 1.38611e-06 2.1282e-08 0.0973309 0.069474 2.44304e-12 0.0110826 0.00116648 0.0714447 1.14906e-08 4.71607e-12 0.00624619 8.14014e-12 6.61411e-12 0.00130701 9.10746e-07 1.0031e-07 6.15625e-07 0.647462 4.62221e-08 0.00639905 5.72512e-08 2.51261e-12 9.52387e-08 0.077666 6.54725e-07 2.23143e-07 
1.40062e-05 0.0435883 0.135142 2.88732e-05 1.49299e-05 1.71555e-06 0.0443827 0.138366 7.02773e-10 0.000845482 3.08058e-05 0.0490471 3.97541e-05 1.35664e-09 0.0159024 2.34163e-09 3.07853e-07 0.00687491 0.000241244 2.46608e-09 0.0137019 0.514508 1.47797e-06 0.0160547 2.14906e-06 1.37116e-05 2.07955e-05 0.021036 0.000121905 1.928e-05 
0.00662115 0.00730953 0.000279336 2.72824e-05 0.00899143 0.0663718 0.0203469 0.477527 1.0438e-08 0.0485695 0.0160836 6.13449e-06 0.00559685 2.01497e-08 0.000395821 3.47793e-08 6.44357e-05 4.26934e-06 0.00287743 0.000249164 0.00493368 0.179169 7.34109e-05 0.0032161 0.00660192 0.000914834 0.00420462 0.0695383 0.0700235 2.45535e-06 
8.78861e-07 0.00515223 0.000111151 0.111163 0.00621459 0.0136783 0.00230889 0.00404106 3.41827e-10 0.00099513 0.0243972 1.47831e-05 0.000455719 1.50486e-06 4.7011e-06 1.13896e-09 2.81418e-06 0.758625 1.34284e-06 0.000649143 0.000571511 0.0136999 0.00158638 0.011823 7.49901e-08 0.000810227 7.73601e-08 0.0384801 0.0052103 1.07048e-07 
4.08731e-07 0.00421986 5.22658e-05 0.000186259 0.000864412 3.92765e-06 0.00236935 0.0232823 2.14166e-09 0.00105854 0.000333327 7.3563e-05 0.000860695 4.49512e-07 0.000456247 7.13598e-09 6.25202e-06 0.000957111 0.000627566 0.000194331 5.87892e-06 0.958872 2.35568e-09 0.00475176 9.65767e-06 1.27072e-05 1.96177e-06 0.000791905 2.234e-06 5.50381e-06 
0.00549923 0.00125147 0.000281531 0.000241177 0.029141 0.0912617 0.0277877 0.100279 1.72785e-07 0.00265163 0.0268582 0.00730643 0.00763284 0.00144651 0.0108302 4.86637e-06 0.000315507 0.00639247 0.0279081 0.0452042 0.271904 0.0127484 0.000427824 0.0543429 0.00076507 1.83598e-06 0.0321575 0.114015 0.121298 4.64536e-05 
0.00495144 0.0266993 0.00963749 4.46375e-08 0.0187745 0.00186362 0.72495 0.0055319 2.11982e-10 0.140557 0.000148529 5.66904e-07 1.48741e-07 0.000246315 0.00159765 7.06319e-10 6.29669e-09 0.000402106 0.00118581 7.43859e-10 4.26746e-07 0.018553 1.04922e-06 0.0056336 7.71186e-05 0.00339753 0.00326759 0.0318224 0.000697353 3.16169e-06 
9.67428e-05 0.00303829 2.79118e-06 3.59331e-05 0.00144826 0.0471166 0.0532037 0.0543171 1.95633e-10 0.00130576 0.218822 0.000486515 0.0450539 0.0581858 0.0135571 6.61547e-07 8.91111e-07 0.0285314 0.00203214 0.00603237 0.00236385 0.27588 0.0108476 0.0729849 0.0515425 0.000235232 0.0365627 0.0102684 0.00437001 0.00167638 
0.0478608 0.00624325 0.0031359 4.19754e-05 0.00812802 0.0546042 0.0695502 0.0520374 4.27719e-09 0.0354615 0.0120253 0.00515618 0.0120423 0.000290479 0.00328456 1.42515e-08 3.93221e-05 0.00991421 0.0168506 0.000799113 0.0585158 0.00485827 0.000120442 0.0309713 0.00369786 0.000416247 0.00106305 0.527231 0.0356441 1.64234e-05 
0.146952 0.00706999 0.0186424 0.000365838 0.0141305 0.00285182 0.23674 0.0346131 9.4719e-09 0.0359458 0.0117562 0.031632 0.000253616 0.00306815 0.00225494 3.05791e-06 2.10781e-08 0.00201738 0.102802 0.0721511 0.0205696 0.10586 1.25206e-05 0.00856487 0.00197372 0.000539929 0.000383857 0.134676 0.00413172 3.70925e-05 
8.66085e-09 5.86252e-07 3.75695e-08 0.0193497 1.5753e-08 1.17541e-05 1.66845e-08 0.000857143 2.05901e-11 0.000225604 0.00902381 0.000637341 0.00141083 5.34789e-08 8.64574e-09 6.86059e-11 0.0105864 0.869656 9.92401e-06 7.22522e-11 4.09311e-09 0.0682322 3.84149e-08 0.0162231 1.77997e-05 2.31073e-08 0.00190796 1.61477e-06 0.000104343 0.00174329 
0.0280899 0.0555194 0.00125274 0.000350645 0.0671649 0.00721916 0.0796057 0.165541 2.10235e-09 0.0557791 0.0788792 1.65673e-06 0.00287278 7.11808e-07 0.00356318 1.16725e-05 1.89796e-05 0.0106104 0.0219413 7.92772e-07 0.0167501 0.0558136 0.00155433 0.0299551 0.0804575 0.00297836 0.0681277 0.149031 0.016909 5.34875e-09 
2.50203e-08 0.0125187 7.26931e-13 2.32631e-06 0.00114342 0.00666162 0.00359457 0.00036303 6.17541e-13 8.28997e-05 0.0417886 1.18355e-12 0.00532576 1.09437e-07 0.00266547 2.05763e-12 0.000345375 7.8301e-13 0.00505276 3.1725e-07 4.97865e-08 0.000434179 0.00292284 0.0117901 0.903278 0.000501798 0.00151972 5.80601e-08 8.73833e-06 1.25848e-09 
0.00123979 0.000550905 0.000211937 0.0143062 0.00196635 0.0161517 0.00160331 0.00112738 1.3094e-12 0.000388603 0.00355088 9.03169e-07 0.000257271 1.93675e-05 0.00019859 0.00401714 1.46578e-08 0.919341 0.0214386 3.55691e-05 4.62408e-05 0.00171108 0.000146005 0.0037104 0.00380395 0.000280325 0.000203339 0.00312925 0.000563109 9.25589e-07 
0.00854808 0.00651103 0.0304362 5.39863e-07 0.0278743 0.00146104 0.257775 0.0154247 1.52165e-09 0.464436 0.000166035 7.42006e-05 0.000534685 5.33423e-07 0.0513122 5.07011e-09 4.11961e-09 0.000950121 0.000585075 5.33958e-09 0.0481133 0.000502385 1.01477e-05 0.0119512 6.26694e-05 7.39334e-07 0.00104759 0.0543341 0.0178876 5.82963e-08 
0.293822 0.0849563 0.024053 0.065791 0.0271466 0.00734466 0.192212 0.00910355 7.71869e-09 0.0133103 0.00290386 0.00691609 0.000463827 0.000777278 0.0250071 8.25152e-06 6.44654e-06 0.0198267 0.160474 0.00518905 0.0207516 0.0192622 0.00685581 0.00484514 0.0012442 9.77809e-05 0.000574767 0.00516249 0.00189352 1.17593e-06 
0.00123979 0.000550905 0.000211937 0.0143062 0.00196635 0.0161517 0.00160331 0.00112738 1.3094e-12 0.000388603 0.00355088 9.03169e-07 0.000257271 1.93675e-05 0.00019859 0.00401714 1.46578e-08 0.919341 0.0214386 3.55691e-05 4.62408e-05 0.00171108 0.000146005 0.0037104 0.00380395 0.000280325 0.000203339 0.00312925 0.000563109 9.25589e-07 
0.00274819 0.00188022 0.000315607 0.000555531 0.00582727 0.000113294 0.012101 0.0405521 1.28859e-10 0.0198291 0.00880175 0.113001 4.32759e-08 1.74371e-08 0.0014235 4.29355e-10 3.48864e-10 0.000710439 0.00747849 0.00770815 0.000533938 0.759087 1.07854e-06 0.00617185 1.23739e-06 6.29551e-05 2.08004e-05 0.00927915 0.00145917 0.000337761 
0.0152494 0.00175673 0.0044801 6.70613e-08 0.214218 0.000858591 0.144998 3.18089e-07 1.3557e-12 0.00927284 0.0134739 0.0259244 4.04889e-09 2.61706e-12 1.60462e-07 4.51716e-12 3.67032e-12 0.000176944 0.296111 0.000139217 0.0394921 1.15527e-06 2.56497e-08 0.00505394 3.17701e-08 1.39431e-12 5.28502e-08 0.198164 0.0306284 1.23827e-07 
0.296497 0.000620412 9.72772e-05 0.00046852 0.00886473 0.00209621 0.0315557 0.0232472 2.97982e-11 0.0802808 0.0361572 0.293973 4.97425e-07 8.7966e-07 0.00170706 9.92869e-11 8.06735e-11 0.000749756 0.0720529 0.00598179 0.00382946 0.0945763 4.61057e-06 0.00284401 5.25099e-06 0.00171085 0.00315764 0.0261987 0.0132757 4.61909e-05 
0.11412 0.00117986 0.000233491 4.38783e-07 0.00148011 0.0254895 0.0507986 0.0134048 1.07272e-10 0.143091 0.0648814 1.36206e-06 0.294985 0.000599218 0.00532312 3.57426e-10 3.41298e-07 0.00017494 4.15811e-06 0.000987386 0.000203339 0.0814281 0.00561674 0.00498273 0.0603139 0.00324784 0.00488531 0.0929971 0.029569 3.04708e-07 
0.0116564 0.0447064 0.00629617 6.48161e-05 0.00269651 0.005668 0.140932 0.028408 3.15924e-10 0.0368055 0.0014604 0.00577426 0.00110838 1.78714e-08 0.0245948 0.098933 0.519628 3.82568e-06 0.000479047 0.000166026 0.0136505 0.00487092 0.0287466 0.00451219 0.000750149 1.74598e-06 0.00309446 0.00387248 0.0111193 1.72688e-08 
0.000103913 0.0461667 0.000570044 4.90544e-08 0.0023905 0.00692751 0.0270865 0.909502 2.3675e-10 5.68144e-06 1.50133e-06 4.53744e-10 0.000802276 8.07841e-08 0.000922504 7.88847e-10 3.29617e-07 0.0039601 9.36377e-06 0.000120736 0.000245732 6.43323e-05 1.46936e-05 5.10537e-05 0.000609331 2.43492e-10 6.46824e-07 4.60713e-05 0.0003979 1.8938e-08 
0.00547525 0.00806485 0.000451596 0.0228557 0.00169946 0.0760422 0.0218345 0.0196277 4.15184e-07 0.0145874 0.0152641 7.00897e-05 0.0168059 0.00219981 0.0118266 0.00123343 0.00183345 0.658409 0.0331231 0.00198172 0.000900339 0.0395529 0.00253774 0.0182224 0.00319702 0.00438038 0.00467684 0.00671516 0.00642868 2.72346e-06 
0.00134272 0.164711 0.0860101 1.36315e-05 0.00183547 0.0282907 0.213644 0.177712 4.80097e-09 0.0622804 0.00132503 0.0052856 0.00142807 6.15938e-05 0.0069811 0.02289 5.379e-07 0.000448888 0.0213606 0.00611416 0.0293788 0.0613907 0.000841207 0.0193143 0.00163935 2.09123e-07 0.00249655 0.0672193 0.0159842 1.61875e-07 
8.66085e-09 5.86252e-07 3.75695e-08 0.0193497 1.5753e-08 1.17541e-05 1.66845e-08 0.000857143 2.05901e-11 0.000225604 0.00902381 0.000637341 0.00141083 5.34789e-08 8.64574e-09 6.86059e-11 0.0105864 0.869656 9.92401e-06 7.22522e-11 4.09311e-09 0.0682322 3.84149e-08 0.0162231 1.77997e-05 2.31073e-08 0.00190796 1.61477e-06 0.000104343 0.00174329 
8.66085e-09 5.86252e-07 3.75695e-08 0.0193497 1.5753e-08 1.17541e-05 1.66845e-08 0.000857143 2.05901e-11 0.000225604 0.00902381 0.000637341 0.00141083 5.34789e-08 8.64574e-09 6.86059e-11 0.0105864 0.869656 9.92401e-06 7.22522e-11 4.09311e-09 0.0682322 3.84149e-08 0.0162231 1.77997e-05 2.31073e-08 0.00190796 1.61477e-06 0.000104343 0.00174329 
0.0531883 0.018992 0.00226399 1.64161e-07 0.0367476 8.19748e-06 0.142551 0.0753147 4.14145e-10 0.00219485 0.000362491 0.0263687 2.73718e-05 7.9947e-10 0.0501058 1.37992e-09 4.88877e-08 0.000912204 0.0181637 1.3752e-07 0.0179741 0.372283 0.000648121 0.068019 6.50634e-06 4.01199e-08 0.00583431 0.099546 0.00845584 3.27101e-05 
0.00330434 0.0254627 0.00795499 0.00191541 0.170253 0.000276031 0.344538 0.0989099 2.24079e-11 0.0547677 0.00631892 0.0187791 1.52688e-06 9.90051e-07 0.0197147 7.46625e-11 7.10305e-07 0.0034294 0.0212779 1.23491e-07 0.00755428 0.104732 0.000534855 0.0156787 0.000619283 5.32462e-05 0.00146048 0.0923992 8.05586e-07 6.23298e-05 
0.00107569 0.00365187 0.000377449 2.8631e-05 0.000396994 0.00510224 0.0204068 0.124768 3.10998e-08 0.00783576 0.0294533 2.53461e-05 0.0174033 0.000834868 0.00425788 0.000340173 3.67924e-06 0.000143001 0.0055864 0.00188931 0.000239179 0.606877 1.9903e-05 0.114065 0.000453832 3.19855e-08 0.00118981 0.0477399 0.00580573 2.91339e-05 
8.66085e-09 5.86252e-07 3.75695e-08 0.0193497 1.5753e-08 1.17541e-05 1.66845e-08 0.000857143 2.05901e-11 0.000225604 0.00902381 0.000637341 0.00141083 5.34789e-08 8.64574e-09 6.86059e-11 0.0105864 0.869656 9.92401e-06 7.22522e-11 4.09311e-09 0.0682322 3.84149e-08 0.0162231 1.77997e-05 2.31073e-08 0.00190796 1.61477e-06 0.000104343 0.00174329 
0.00813839 0.00839486 0.000495276 6.69067e-07 7.67275e-06 0.000273717 0.0877851 0.374137 2.55179e-10 0.011952 0.00840471 0.0272477 7.50963e-07 2.74874e-06 1.60083e-06 7.4696e-05 7.40122e-07 0.000194506 0.0179413 0.00268782 3.40779e-06 0.305477 2.56122e-07 0.0696101 3.17265e-07 2.62446e-10 0.000855847 0.0492434 0.0263288 0.00073963 
6.87882e-05 2.74234e-07 0.00025318 2.17983e-08 0.000169307 9.28699e-07 0.0116901 0.981519 1.06822e-10 2.52456e-06 6.67117e-07 2.0473e-10 0.00058005 3.42458e-08 2.93588e-07 3.5593e-10 3.67693e-07 0.000249092 3.26843e-05 1.477e-07 0.00296949 4.27226e-05 2.39854e-05 3.39314e-05 0.000269877 1.09864e-10 0.000352383 0.00174014 1.98005e-07 8.41926e-09 
9.9013e-08 0.00675875 0.000902923 0.000368795 0.00140366 0.0381414 0.0266863 0.138789 2.32779e-11 0.00935993 0.126242 0.000531574 0.0992202 4.10707e-05 0.00824856 1.42417e-07 8.44099e-05 0.00126715 0.00117293 0.00112678 1.26391e-05 0.215988 0.0154556 0.110602 6.73725e-07 2.68509e-07 0.00347087 0.147375 0.0467485 5.92231e-11 
0.00777634 0.000542432 0.000136591 0.000557455 0.17349 0.0744131 0.0122143 0.0180046 1.72617e-07 0.0011849 0.00640988 0.000127179 0.00409596 0.00383361 0.000717221 5.3906e-07 0.00131443 0.00316544 0.12557 0.000210305 0.00133878 0.00960354 1.54443e-06 0.0451167 0.419835 0.00399792 0.0778832 0.00739264 0.000986756 8.06043e-05 
0.00585975 0.000740832 0.00039818 4.18798e-05 0.00198111 0.00968558 0.00839529 0.013248 1.7609e-09 0.00290886 0.0389733 2.10073e-07 0.242613 0.000310091 0.000111117 5.8673e-09 6.09223e-07 0.00100399 5.96435e-06 0.152533 4.23273e-05 0.380722 0.000160793 0.0818231 2.96773e-05 1.81178e-06 0.00109642 0.0497374 0.00747416 0.000101969 
5.99794e-08 0.0130874 0.0186655 2.67084e-05 0.0126795 0.0112378 0.00366055 0.182451 1.84887e-10 1.23158e-07 0.306235 2.64924e-06 0.100965 0.00319754 1.96784e-05 6.16041e-10 6.91876e-05 2.19456e-05 0.00253175 0.00435475 0.000837723 0.0662105 0.00275084 0.136218 5.42494e-07 1.90153e-10 0.000537479 0.084698 0.0495281 1.28054e-05 
0.198625 0.0106747 0.00998982 4.17764e-07 4.79169e-06 0.000956494 0.228654 0.137523 8.44544e-12 0.0676427 1.0337e-06 3.16601e-05 1.21677e-07 1.63032e-11 9.99613e-07 2.814e-11 2.28646e-11 3.67308e-07 3.1484e-06 0.0259732 0.0236249 0.234626 1.59787e-07 0.0110026 1.97914e-07 8.68595e-12 3.29235e-07 0.0506611 2.26335e-06 7.71393e-07 
3.58935e-05 0.0114184 0.000434176 0.00108195 0.0016072 0.0160639 0.00852721 0.0287627 9.3735e-09 0.0360391 0.00296971 3.02802e-05 0.00307036 0.000197593 0.0195078 0.0770056 0.000112241 0.00859297 0.000213973 3.28923e-08 0.00422927 0.688325 0.0010152 0.0173268 0.00165174 0.000154286 0.00800462 0.0634909 9.16887e-05 3.99136e-05 
5.99794e-08 0.0130874 0.0186655 2.67084e-05 0.0126795 0.0112378 0.00366055 0.182451 1.84887e-10 1.23158e-07 0.306235 2.64924e-06 0.100965 0.00319754 1.96784e-05 6.16041e-10 6.91876e-05 2.19456e-05 0.00253175 0.00435475 0.000837723 0.0662105 0.00275084 0.136218 5.42494e-07 1.90153e-10 0.000537479 0.084698 0.0495281 1.28054e-05 
6.58244e-08 0.0184953 0.000552778 2.38514e-09 0.041717 0.00100783 0.0139148 0.0428205 8.1777e-13 0.00268077 0.000458463 1.31498e-07 3.44899e-08 0.000126866 6.17828e-07 2.72479e-12 3.86004e-06 0.00157679 0.00655071 2.86961e-12 0.0506092 0.000756219 4.89422e-05 0.0339084 2.9581e-05 3.29702e-08 0.000531216 0.761373 0.0228367 2.08055e-12 
0.00723789 0.000560267 8.52763e-07 0.424698 0.0022179 0.0488579 0.0590328 0.017145 5.64049e-11 0.00277412 0.0954436 8.07757e-08 0.0177203 8.21999e-05 0.0039274 1.8794e-10 1.3896e-07 0.134354 0.0251834 0.0036084 0.0102343 0.0107219 0.00417997 0.0561812 0.00319385 0.000717836 0.00181533 0.0127885 0.0564249 0.000897908 
0.0359946 0.00132271 0.00180343 0.000315386 0.0448393 0.0395128 0.0171873 0.0272012 9.55996e-10 0.00137799 0.00315041 1.25963e-08 0.0119767 0.00847049 0.000579872 1.37052e-05 6.46125e-05 0.0380971 0.191397 0.00351711 0.000339219 0.280406 0.000732587 0.224839 0.00263938 0.000794425 0.00101338 0.0501742 0.0122359 3.67565e-06 
0.000807095 0.000177175 0.000145736 0.000231788 0.00310239 0.000134576 0.00578384 0.00278389 4.81092e-11 2.34273e-06 0.000381777 2.66948e-07 0.00117396 2.7892e-05 0.000461753 1.60299e-10 8.24786e-08 1.16896e-07 9.17479e-05 0.00361471 0.000183332 0.00528026 2.43103e-07 0.000433378 0.973875 0.000579725 7.84378e-06 0.000233576 0.000479498 6.16899e-06 
1.48555e-08 0.0297184 1.16599e-08 3.88221e-07 0.000812772 0.00162725 0.00341374 0.000555089 5.58643e-13 9.03366e-05 0.0109641 6.7681e-06 0.000887681 6.49772e-08 0.000444268 1.86139e-12 0.000137846 1.23282e-09 0.000842193 1.88364e-07 2.95602e-08 0.000130718 0.000487169 0.00345829 0.945641 0.00011791 0.000253298 0.000401909 6.82879e-06 1.42328e-06 
4.92551e-06 0.00116105 0.00179094 0.00120925 0.000329413 0.0406843 0.0915202 0.156378 2.60331e-10 0.00489703 0.0105712 1.03469e-06 0.0504455 0.00025702 0.00464946 8.67417e-10 3.5956e-05 0.000542531 0.00045063 0.0333395 0.00567327 0.559523 4.50814e-07 0.0102248 7.49418e-06 0.0033347 2.14269e-07 0.0194741 0.00344979 4.41709e-05 
0.000199095 0.0639111 0.008933 0.0850578 0.0300447 0.00902189 0.251849 0.035768 2.09552e-08 0.00288676 0.00505954 0.0308375 0.00112143 1.16168e-05 0.0872237 7.04057e-08 0.000100557 0.173013 0.00363168 0.000522507 0.0486574 0.0150945 0.00681481 0.0128047 0.000126667 0.000998273 0.00176676 0.102887 0.0215743 8.22024e-05 
8.66085e-09 5.86252e-07 3.75695e-08 0.0193497 1.5753e-08 1.17541e-05 1.66845e-08 0.000857143 2.05901e-11 0.000225604 0.00902381 0.000637341 0.00141083 5.34789e-08 8.64574e-09 6.86059e-11 0.0105864 0.869656 9.92401e-06 7.22522e-11 4.09311e-09 0.0682322 3.84149e-08 0.0162231 1.77997e-05 2.31073e-08 0.00190796 1.61477e-06 0.000104343 0.00174329 
0.00618791 0.0172296 0.00296112 0.000233327 4.1423e-06 0.0229629 0.0196231 0.0255246 1.40663e-07 0.00705191 0.0137129 0.000875612 0.00441278 0.00139982 0.00882158 2.04651e-05 4.39077e-07 0.00215061 0.000966715 0.000254582 0.000929756 0.450247 0.00961917 0.0211135 5.45792e-05 0.000154542 0.316653 0.0504196 0.0164144 1.56275e-07 
3.89157e-07 0.0854234 1.59457e-06 0.000181263 0.00238804 0.00071827 0.0315374 0.266781 1.10749e-10 0.00857482 0.00353573 0.00860038 3.41909e-07 1.42811e-06 7.6209e-07 3.69013e-10 2.99834e-10 0.0898925 0.00203169 0.00390745 1.30109e-06 0.352894 0.00229764 0.123071 0.000275235 1.13903e-10 3.59552e-07 0.0150098 0.00287468 3.02895e-07 
4.08731e-07 0.00421986 5.22658e-05 0.000186259 0.000864412 3.92765e-06 0.00236935 0.0232823 2.14166e-09 0.00105854 0.000333327 7.3563e-05 0.000860695 4.49512e-07 0.000456247 7.13598e-09 6.25202e-06 0.000957111 0.000627566 0.000194331 5.87892e-06 0.958872 2.35568e-09 0.00475176 9.65767e-06 1.27072e-05 1.96177e-06 0.000791905 2.234e-06 5.50381e-06 
0.317787 0.00901867 0.00151348 1.61485e-05 0.00956209 0.00432114 0.0131856 0.0218834 7.70613e-13 0.00257542 0.0178271 8.75243e-05 0.00403142 3.59833e-05 0.00282226 2.56767e-12 0.000140269 0.000353699 0.0226665 4.74626e-08 0.0471366 0.00384657 0.00290032 0.0567125 0.000109837 0.00494024 0.014413 0.387673 0.0544301 1.01565e-05 
0.0122814 0.00842238 0.0073971 0.000348694 0.0165392 0.00681425 0.218902 0.169579 1.51363e-05 0.0178882 0.0193384 0.0105809 0.00221026 0.000151946 0.0161886 1.97998e-05 0.000138831 0.00133814 0.00721299 0.00689561 0.0221895 0.256275 0.000151181 0.0388352 0.00470848 0.000143324 0.00271781 0.10829 0.0443484 7.93628e-05 
8.58013e-05 0.0222946 1.48925e-05 4.49405e-06 0.000803079 0.00170876 0.00245306 0.000918084 7.03041e-13 6.67322e-05 0.0101191 1.42971e-05 0.00139867 0.000451663 0.000478224 2.34252e-12 0.000114348 6.64142e-05 0.00256362 0.0014872 0.000341133 0.00039609 0.000401811 0.0032503 0.947919 0.000191376 0.000254179 0.00178807 0.000410735 3.94863e-06 
4.61784e-06 0.00250522 1.80524e-05 0.00064752 0.0101488 0.000606259 0.00154998 0.405322 1.64076e-08 0.0023165 0.00422094 7.63367e-06 0.000558936 0.000591592 0.0758598 7.15507e-07 0.000210335 0.0750332 0.0120446 0.000290291 0.0304108 0.315001 7.07341e-06 0.0374707 1.20092e-06 0.000677506 0.000579225 0.0177451 0.00595608 0.000214147 
5.17317e-09 0.018219 0.000953089 1.63782e-06 5.76851e-05 0.00146988 0.0466304 0.000307329 1.37593e-11 0.000106227 0.00161462 4.91238e-08 2.87795e-05 4.52533e-07 0.916924 8.63782e-10 0.00032711 3.23724e-07 0.000108155 4.82823e-11 9.52386e-05 9.88408e-05 3.5596e-07 0.00351548 0.00829552 0.000239492 0.000627748 0.000378255 4.18889e-10 1.17756e-08 
0.00111924 0.00216842 0.0138191 0.000194505 0.00131156 0.000689229 0.853685 0.025055 5.31844e-11 0.0369338 0.00353336 3.86772e-07 8.77947e-06 0.000105548 0.00157415 1.77209e-10 1.48033e-06 1.69897e-07 0.00168831 2.9678e-07 0.000646156 0.0292409 0.000810185 0.0130808 1.89808e-08 5.4699e-11 7.34812e-05 0.0142595 7.16682e-07 1.20061e-07 
0.0019771 0.00429623 0.00196995 0.000762821 3.0549e-06 0.0120339 0.00745401 0.0325798 3.33669e-09 0.0149498 0.0144664 0.000488154 6.03034e-06 6.44118e-09 3.3136e-06 1.11178e-08 0.000163041 0.000204659 0.000263147 0.034789 0.000893948 0.731243 3.63654e-06 0.00966631 0.00114309 4.69591e-06 0.000571064 0.0025741 0.00165683 0.125832 
8.66085e-09 5.86252e-07 3.75695e-08 0.0193497 1.5753e-08 1.17541e-05 1.66845e-08 0.000857143 2.05901e-11 0.000225604 0.00902381 0.000637341 0.00141083 5.34789e-08 8.64574e-09 6.86059e-11 0.0105864 0.869656 9.92401e-06 7.22522e-11 4.09311e-09 0.0682322 3.84149e-08 0.0162231 1.77997e-05 2.31073e-08 0.00190796 1.61477e-06 0.000104343 0.00174329 
8.66085e-09 5.86252e-07 3.75695e-08 0.0193497 1.5753e-08 1.17541e-05 1.66845e-08 0.000857143 2.05901e-11 0.000225604 0.00902381 0.000637341 0.00141083 5.34789e-08 8.64574e-09 6.86059e-11 0.0105864 0.869656 9.92401e-06 7.22522e-11 4.09311e-09 0.0682322 3.84149e-08 0.0162231 1.77997e-05 2.31073e-08 0.00190796 1.61477e-06 0.000104343 0.00174329 
0.0201395 0.00113606 0.0142446 0.000219748 0.000197898 0.00276221 0.0577671 0.839543 9.91335e-11 0.000277635 3.07732e-05 9.55323e-05 0.000874417 1.27719e-07 0.0120401 2.16134e-07 2.68387e-10 9.40238e-05 2.10907e-05 0.0338596 0.000877333 0.000713425 1.0904e-10 0.00022218 0.000400294 1.43011e-07 0.00210634 0.000617744 0.0117585 2.52213e-10 
0.000116534 0.000489364 0.000118805 0.109096 0.00623376 0.0341815 0.000824481 0.00142195 8.86414e-08 2.58233e-05 0.00509794 4.24848e-06 0.000321941 2.04141e-05 1.20661e-05 0.00494998 2.86004e-06 0.810712 0.0087876 9.97021e-06 5.86493e-05 0.00137753 0.000237767 0.00734688 0.00251598 0.00242236 0.000402936 0.00283898 0.000369958 1.55869e-06 
0.0004157 1.23658e-05 5.41352e-07 6.39508e-06 5.1141e-05 5.08842e-05 1.35887e-05 6.36039e-05 9.17938e-10 4.42777e-05 2.95253e-05 1.75927e-09 0.000158556 4.16438e-05 3.85745e-05 3.05855e-09 4.9728e-06 9.42874e-06 6.06058e-05 1.12771e-05 1.16662e-05 0.000121613 2.1406e-05 2.29137e-05 0.99865 6.79827e-06 4.07799e-05 4.86064e-05 5.82322e-05 4.43959e-06 
0.00385133 0.0312718 0.0089356 9.63285e-08 0.0151643 0.000411729 0.160411 0.0231674 1.05295e-11 0.000372191 9.81847e-05 0.00229834 4.66565e-07 6.67851e-08 0.550645 3.50842e-11 1.65665e-06 1.39986e-05 0.00517018 3.69489e-11 0.0770419 0.000365743 9.86908e-08 0.00447059 1.27247e-08 2.66174e-06 3.95052e-08 0.108892 0.00741409 1.63303e-08 
0.00434636 0.0372937 5.16653e-05 9.25788e-06 0.00104386 0.00612553 0.0157671 0.00430058 1.7099e-12 0.00401468 0.0302616 3.56858e-05 0.0135876 0.001085 0.00239642 5.69736e-12 9.15351e-05 0.00018657 0.00277668 0.0050548 0.000605565 0.00651585 0.00167123 0.00650182 0.843382 0.000333886 0.000619819 0.00969193 0.00224546 4.25888e-06 
0.00597222 0.00267087 0.000528901 0.000692158 0.00822323 0.0607608 0.0405605 0.171651 5.98792e-11 0.0204868 0.0415305 3.00209e-05 0.0617563 0.000991775 0.0029045 2.03563e-05 0.000232183 0.0105106 0.0923146 0.0147022 0.0403422 0.0934234 0.000115125 0.12947 0.0054154 0.000628415 0.00138695 0.161773 0.0309001 6.75611e-06 
0.003836 0.0355951 4.77472e-05 8.73546e-06 0.00102571 0.00560036 0.0141689 0.00389524 1.5885e-12 0.00353905 0.0278521 3.3461e-05 0.0121489 0.00101868 0.0021686 5.29285e-12 9.43886e-05 0.000173911 0.00282186 0.00467329 0.000585448 0.00577989 0.00152206 0.00611435 0.855602 0.000317313 0.000576765 0.00876316 0.0020328 4.32794e-06 
1.48707e-08 0.0191435 1.05836e-08 2.99716e-06 0.000487682 0.00150621 0.00228321 0.000854442 7.05806e-13 6.59203e-05 0.00961442 4.06502e-06 0.000532639 0.00016162 0.000382731 2.35173e-12 0.0001113 1.36061e-05 0.000505352 8.32803e-05 2.95904e-08 0.000356565 0.000292318 0.003126 0.9588 0.000174032 0.000225159 0.00110528 0.00016698 8.5653e-07 
0.0397037 0.0238797 0.00255544 0.00484699 0.00191131 0.0444892 0.111946 0.106641 5.68416e-08 0.0450432 0.0208673 0.116633 0.00106219 6.40589e-08 0.0199841 1.72175e-05 1.2957e-05 0.132902 0.00684525 0.00214278 0.00167085 0.222304 0.00166756 0.0224293 0.0044064 8.60146e-05 0.00053804 0.0204558 0.00276277 0.0421948 
5.99794e-08 0.0130874 0.0186655 2.67084e-05 0.0126795 0.0112378 0.00366055 0.182451 1.84887e-10 1.23158e-07 0.306235 2.64924e-06 0.100965 0.00319754 1.96784e-05 6.16041e-10 6.91876e-05 2.19456e-05 0.00253175 0.00435475 0.000837723 0.0662105 0.00275084 0.136218 5.42494e-07 1.90153e-10 0.000537479 0.084698 0.0495281 1.28054e-05 
8.66085e-09 5.86252e-07 3.75695e-08 0.0193497 1.5753e-08 1.17541e-05 1.66845e-08 0.000857143 2.05901e-11 0.000225604 0.00902381 0.000637341 0.00141083 5.34789e-08 8.64574e-09 6.86059e-11 0.0105864 0.869656 9.92401e-06 7.22522e-11 4.09311e-09 0.0682322 3.84149e-08 0.0162231 1.77997e-05 2.31073e-08 0.00190796 1.61477e-06 0.000104343 0.00174329 
0.00803925 0.000185208 0.000263542 0.00114113 0.00125426 0.000633275 0.0239718 0.00206698 1.1671e-11 0.00883109 0.00107199 0.000409219 0.00016601 0.000218122 0.000176918 4.8234e-09 9.81273e-09 0.00906994 0.000798032 0.887252 5.93123e-06 0.0513601 1.29541e-05 0.00169745 0.00082959 0.000367934 9.37451e-05 6.54481e-05 9.93803e-08 1.80674e-05 
8.66085e-09 5.86252e-07 3.75695e-08 0.0193497 1.5753e-08 1.17541e-05 1.66845e-08 0.000857143 2.05901e-11 0.000225604 0.00902381 0.000637341 0.00141083 5.34789e-08 8.64574e-09 6.86059e-11 0.0105864 0.869656 9.92401e-06 7.22522e-11 4.09311e-09 0.0682322 3.84149e-08 0.0162231 1.77997e-05 2.31073e-08 0.00190796 1.61477e-06 0.000104343 0.00174329 
0.00123979 0.000550905 0.000211937 0.0143062 0.00196635 0.0161517 0.00160331 0.00112738 1.3094e-12 0.000388603 0.00355088 9.03169e-07 0.000257271 1.93675e-05 0.00019859 0.00401714 1.46578e-08 0.919341 0.0214386 3.55691e-05 4.62408e-05 0.00171108 0.000146005 0.0037104 0.00380395 0.000280325 0.000203339 0.00312925 0.000563109 9.25589e-07 
0.00433574 0.0250257 0.00155519 0.0166089 0.0108757 0.0140857 0.0627281 0.042905 4.13989e-09 0.00289432 0.00573443 4.82322e-07 0.0093245 0.000187699 0.0566698 5.67345e-05 0.0154814 0.00526381 0.0151906 0.00148492 0.188471 0.0784484 0.315438 0.00955009 0.00083743 1.80509e-06 0.0102713 0.0135696 0.0930018 2.17067e-06 
0.000212247 0.000203163 0.000597038 1.11612e-08 0.00042167 4.76518e-07 0.00362062 0.992819 1.03945e-11 1.29535e-06 3.42295e-07 1.99217e-11 0.00133181 1.5417e-08 1.50607e-07 3.46344e-11 4.32675e-07 1.95269e-07 5.19329e-06 6.66752e-08 3.18643e-08 0.000106172 2.39155e-05 8.44396e-05 0.000340485 1.00823e-09 1.4746e-07 7.54805e-05 0.000155317 4.20712e-09 
0.00446089 0.00351329 0.00319283 0.000202858 0.0158692 0.00455828 0.0732448 0.0275219 6.99229e-09 0.00241 0.0123526 0.0667866 5.11208e-05 2.56194e-05 0.0557102 2.32982e-08 7.9186e-05 0.214685 0.0120197 2.55189e-05 0.00759047 0.399014 0.000884078 0.0170298 0.0248124 9.10351e-05 0.000350633 0.0278061 0.0256554 5.6734e-05 
0.000125309 0.000685568 0.013556 3.10799e-05 0.00149682 0.00300265 0.000834909 0.0456639 4.745e-06 0.000756088 0.000364561 0.000121255 0.00189315 0.000630586 0.000515134 7.68544e-06 6.24464e-06 0.000355905 0.00058936 0.000737528 0.00108414 0.855357 0.000203016 0.00688248 0.00014627 0.000778271 0.000303643 0.046797 0.0170638 5.86831e-06 
0.0133845 0.00244837 0.164511 3.16592e-05 0.0270619 0.00519315 0.280907 0.0119882 7.11014e-10 0.3346 0.00654811 0.104503 0.00657391 6.14929e-05 0.00566627 2.36908e-09 0.000265099 1.8898e-06 0.000135893 0.00102122 0.000611585 0.0127308 0.000124176 0.00378113 0.0093795 0.00348097 5.46561e-05 0.00441409 0.00052061 4.18766e-08 
0.334338 0.0187516 0.0163882 1.08575e-07 0.000327739 0.000875107 0.338301 1.09783e-05 6.83229e-12 0.0067011 0.000413319 3.90169e-05 0.000648217 1.51039e-06 0.00244305 2.2765e-11 1.05498e-07 0.00177909 0.143282 1.09599e-07 7.76548e-05 3.66157e-05 0.000107408 0.0065517 0.000100647 7.02686e-12 1.07492e-06 0.124677 0.00414757 2.39633e-09 
