1.73372e-05 0.00282197 0.000309708 8.37304e-06 0.000235282 0.0738772 0.0354396 0.0356701 0.502338 0.00125938 0.00130564 8.24776e-05 0.0152532 0.00944552 0.00639417 2.5174e-07 0.000254961 8.15829e-06 0.000768388 0.000817559 0.0147944 2.26375e-05 0.0201867 0.00174188 0.000176232 6.27128e-05 0.0682922 0.00582322 0.202588 4.95956e-06 
4.90665e-05 0.0148146 0.00038356 3.26144e-06 0.0434167 0.01887 0.0312139 0.0631577 0.427846 0.00104762 0.00451658 0.000299093 0.0155344 0.00804587 0.007938 1.31979e-07 0.000516347 0.00218205 0.008729 0.00399938 0.0242117 0.00794965 0.019976 0.0340426 0.000628053 0.00673285 0.0502129 0.0167058 0.186971 6.35135e-06 
0.0412049 0.00226522 0.00905653 0.000212258 0.0128368 0.0338533 0.0346931 0.0069715 0.479578 0.00123019 0.00775695 1.55146e-07 0.0195806 0.000173129 0.00194411 1.15017e-09 0.000563998 0.00696578 0.0528702 2.87997e-06 0.0188336 0.0179167 0.00239945 0.0288475 0.0158878 0.00414684 0.0238144 0.157009 0.0193776 7.96685e-06 
0.00100755 0.00222535 0.000633091 0.00182475 0.00629238 0.152523 0.0027567 0.010903 0.437974 1.8192e-05 0.0306034 0.000293138 0.00325412 0.00036737 0.0077719 0.000214205 0.000177756 0.0250312 0.00512839 9.61369e-08 0.0356469 0.00010851 0.000933561 0.15853 6.26998e-05 0.0155233 0.0594307 0.0341784 0.00350321 0.00308366 
0.00663999 0.00337685 0.00363828 0.00748155 0.0299336 0.0994997 0.0141865 0.0171155 0.17945 0.000963946 0.154742 6.76424e-05 0.0578155 0.00193687 0.0044826 2.22819e-06 0.00514626 0.00222248 0.0202346 0.00364503 0.0296594 0.0211802 0.00189624 0.117596 0.000191812 0.0528251 0.0673099 0.0485706 0.0481422 4.75789e-05 
0.00218507 0.0461594 0.0575028 4.85601e-05 0.0304962 0.017297 0.0503341 0.0692361 0.406612 0.00655079 0.0116174 4.94858e-06 0.000552729 0.00202049 0.00207289 4.93646e-09 1.52797e-05 0.000167059 0.023138 0.00180547 0.119824 0.00148668 0.000473382 0.068295 0.0138911 0.0205386 0.0109669 0.0155405 0.0211626 4.50977e-06 
8.45646e-06 1.75902e-13 0.000342349 1.39638e-09 0.0198909 2.22207e-05 1.29292e-09 0.00106291 0.681853 6.03178e-05 0.000310729 6.30727e-09 4.91288e-09 3.73203e-08 1.79036e-09 9.78962e-13 3.98909e-07 2.17989e-05 0.00489438 1.03099e-12 0.0105957 0.000727497 4.1547e-05 0.269635 4.21043e-05 9.06553e-09 7.81505e-09 0.0103715 9.23618e-05 2.72187e-05 
0.0178259 0.0327215 0.000812356 0.000190452 0.016387 0.056974 0.0360041 0.0591063 0.417254 0.00879611 0.0121077 0.000258625 0.00681856 0.00362351 0.00702629 5.54659e-06 9.32307e-05 0.0106113 0.0102078 0.00609038 0.062522 0.0240622 0.0140281 0.00631941 0.0068939 0.0223965 0.0883214 0.00932127 0.0631883 3.17929e-05 
0.00146211 0.0407825 0.00130206 8.34708e-08 0.000621187 0.0448997 0.0412339 0.226244 0.229865 0.0456407 0.0823084 7.15434e-07 0.000506728 0.00351804 0.000264578 1.09842e-10 0.000175476 1.62958e-06 0.076465 2.87716e-07 0.0785104 7.48378e-07 0.00515425 0.0197585 0.000157666 0.00966655 0.0496341 0.0199448 0.0218807 8.38716e-11 
0.000568804 0.00568978 0.000755168 5.62105e-05 0.00916244 0.142882 0.0376762 0.0898694 0.343534 0.00416006 0.0285482 0.00458198 0.00445936 0.00329931 0.00456398 6.25945e-06 0.000166398 0.00796314 0.0137324 0.00243047 0.0247219 0.0112517 0.0373369 0.011471 0.000632386 0.0648307 0.0508054 0.0676401 0.0272048 1.92325e-07 
0.00033541 0.0040431 0.000327314 0.0047011 0.00526309 0.0741786 0.0116777 0.0145236 0.643918 0.00305333 0.0646074 4.35051e-06 0.00443646 0.0179349 0.00210707 2.52863e-08 4.64166e-05 0.000102406 0.0121113 0.000208318 0.0219154 0.000698926 0.012867 0.0148679 0.000502507 0.000594079 0.0554846 0.0134772 0.0160103 2.13171e-06 
0.00436845 0.141964 7.67877e-05 6.41345e-07 0.00318189 0.00272004 0.00962543 0.0142396 0.610438 0.00039084 0.00206608 1.27866e-05 0.00197698 0.00147652 0.000101008 1.97911e-07 3.96355e-06 0.00646944 0.00479955 0.00122688 0.0206094 0.000318355 0.00300165 0.00332616 4.32869e-05 0.00101572 0.140074 0.0109676 0.0154976 7.45751e-06 
0.000444296 7.24082e-05 0.000157224 4.14477e-07 0.0780274 0.00209004 0.000282051 0.000582475 0.594181 9.42047e-06 0.000311851 5.76173e-07 0.0266691 4.83068e-05 0.000569389 2.77284e-08 7.90401e-06 4.21155e-05 0.00228732 0.00195368 0.000908093 0.0432843 0.00456998 0.234245 3.97492e-06 4.33577e-05 0.00261255 0.0026889 0.00390065 6.13382e-06 
0.00122815 0.00209952 4.70793e-05 1.40665e-06 0.000174016 0.0102009 0.0702064 0.0174014 0.407888 0.000830781 0.0150934 6.47034e-05 0.00231094 0.000118538 0.00362107 4.98159e-07 3.75014e-05 5.01588e-05 0.132067 0.000683906 0.0464036 0.000506137 0.059998 0.0703881 3.30619e-05 9.44667e-05 0.0314094 0.0870466 0.039993 2.46405e-06 
0.0102108 0.00314118 0.000824127 8.60982e-05 0.0384285 0.0616359 0.0360947 0.0282391 0.217165 0.00236636 0.0228719 0.00335152 0.0214569 0.00550694 0.00219416 1.31955e-05 6.24801e-05 0.000405004 0.090864 0.00225067 0.0305915 0.20354 0.00951188 0.0859279 0.00149398 0.000924518 0.0219744 0.0655833 0.0332737 1.05899e-05 
0.0312385 0.067104 0.00143618 5.02956e-05 0.038818 0.0118992 0.0163863 0.045981 0.261116 0.00115502 0.0229432 8.69091e-05 0.00523712 0.00864695 0.000707745 1.94984e-07 0.000215044 0.00042622 0.0339876 7.35227e-05 0.0394848 0.00219582 0.0202659 0.0304892 0.00012857 0.0451022 0.101286 0.1843 0.0292297 8.55903e-06 
1.61313e-05 6.57661e-05 0.000309001 3.11485e-07 0.0223379 0.00217483 4.93041e-05 0.161341 0.449672 3.89082e-05 0.000237253 6.10533e-06 0.00406972 0.0215532 2.63346e-05 5.04091e-07 6.05169e-05 6.18292e-05 0.0044344 4.65204e-05 0.00198629 0.000553371 0.000221228 0.170865 3.03405e-05 4.30436e-05 0.129569 0.0300948 9.15147e-05 4.37074e-05 
1.20383e-06 1.76517e-06 1.14917e-10 5.27189e-11 3.23997e-05 1.6364e-06 2.33466e-11 4.31124e-11 0.402829 0.312921 0.0323349 1.87102e-10 1.50124e-06 0.0469595 2.42302e-06 3.25282e-10 6.87446e-07 2.22932e-07 8.67952e-06 3.4257e-10 3.49488e-11 5.6617e-07 0.0267411 0.0105586 1.44786e-10 2.96202e-06 0.142787 7.18638e-06 0.0248086 2.48373e-10 
0.00536408 0.0179057 9.08534e-07 9.08906e-07 9.08864e-07 9.08966e-07 0.0275461 0.00881786 0.783702 9.08452e-07 0.00854525 9.08102e-07 0.00109145 0.0519439 0.0183566 9.07274e-07 9.07643e-07 9.08481e-07 9.08921e-07 0.000454494 9.09013e-07 0.00772531 0.0090867 0.0339968 9.08357e-07 9.08626e-07 9.08947e-07 0.0211829 9.09013e-07 0.00426726 
8.62651e-07 4.92614e-05 1.86509e-08 3.84915e-06 0.00448743 0.00244734 3.37877e-05 0.00039202 0.611783 3.45839e-11 0.00448671 1.36668e-08 0.00185255 0.000777107 4.30726e-08 8.74374e-11 2.32979e-08 4.54016e-05 0.0114555 1.60037e-06 1.13423e-06 1.95639e-08 0.000209044 0.0127773 6.92251e-08 0.000315958 0.154195 0.187694 0.00699107 6.64807e-08 
0.0412049 0.00226522 0.00905653 0.000212258 0.0128368 0.0338533 0.0346931 0.0069715 0.479578 0.00123019 0.00775695 1.55146e-07 0.0195806 0.000173129 0.00194411 1.15017e-09 0.000563998 0.00696578 0.0528702 2.87997e-06 0.0188336 0.0179167 0.00239945 0.0288475 0.0158878 0.00414684 0.0238144 0.157009 0.0193776 7.96685e-06 
0.000232925 0.00477384 0.000476373 1.42876e-05 0.00755432 0.0214908 0.0217428 0.0719675 0.328136 0.00532469 0.0725241 2.27829e-05 0.00117736 9.20206e-05 0.000169517 0.00215561 0.000156365 0.000225252 0.062975 0.00547941 0.00592408 0.00935987 0.0157286 0.0484695 0.0048541 0.000326454 0.0265572 0.258584 0.0176988 0.00580636 
0.00063563 0.00403393 0.154617 0.00277798 0.0115594 0.00630545 0.0116811 0.0284973 0.218072 0.000144017 0.00542193 6.30392e-08 0.000580247 0.0014493 0.00133249 2.78876e-10 0.000757675 0.000751299 0.0939025 2.1651e-06 0.0400103 0.000142267 0.0103302 0.0479462 0.00116985 0.135248 0.0869895 0.128609 0.00702768 5.5811e-06 
5.68833e-06 5.25681e-05 7.43293e-05 2.65768e-11 0.00221755 0.0802793 0.000372037 0.0117968 0.296445 5.27774e-05 0.0638075 6.66522e-08 0.0126757 0.000221471 0.000287577 4.1443e-08 0.000576352 1.33743e-05 0.0362506 4.45301e-09 0.0118256 0.000158257 0.00152157 0.16386 5.20886e-05 0.000478797 0.0697463 0.232229 0.0150005 3.16213e-08 
0.000615395 0.00532032 0.00385597 1.31745e-06 0.00820271 0.000958075 0.0107445 0.0250852 0.353741 8.83785e-05 0.0175327 1.06041e-12 0.00462429 0.000287136 2.77349e-05 1.84356e-12 3.65514e-08 0.00439884 0.0451069 0.000119637 6.63158e-08 0.000217082 0.00610301 0.20828 0.000246878 0.00163123 0.0340145 0.266219 0.00257787 2.15388e-08 
0.00164571 0.000903817 0.00120731 0.00270269 0.0186406 0.123193 0.00990549 0.0306214 0.414877 0.000675482 0.0779673 2.53932e-06 0.0152933 0.000182206 8.57213e-05 2.48079e-08 0.0118182 0.000664424 0.010046 4.41778e-05 0.00185963 0.000762045 0.000347551 0.0911885 0.00675204 0.00121164 0.00849994 0.151733 0.017166 3.05042e-06 
0.000250814 0.000794923 0.00207001 1.35031e-08 0.0405334 0.000228953 0.00201727 0.0162997 0.358253 1.01489e-05 5.19162e-05 0.000192142 0.000211143 0.000465646 0.000164641 5.84407e-11 7.77307e-08 3.68682e-06 0.0512688 5.16265e-09 0.214798 0.0031588 0.000807832 0.303429 7.12302e-06 0.000349656 0.000386316 0.00172907 0.00251417 4.629e-06 
0.00076561 0.00513071 0.00434965 0.000712342 0.13263 0.0452883 0.0149953 0.0298717 0.235733 0.00279518 0.0957587 2.3188e-05 0.0196471 0.018857 0.0137011 0.00962235 0.000109759 0.00167178 0.0333562 0.00149686 0.0200592 0.00446778 0.0508096 0.0877098 4.88021e-05 0.00458351 0.056854 0.0740006 0.0336338 0.00131642 
0.00903162 0.0343556 0.00409358 0.000688047 0.00256514 0.0236809 0.0745418 0.0359264 0.455129 0.00573617 0.00116742 0.000555263 0.000309393 0.000656469 0.000221585 4.33489e-07 0.000901202 0.000636733 0.126462 4.41628e-05 0.021037 0.000153353 0.0596318 0.0168703 0.00355194 0.0062891 0.0372081 0.00678069 0.0717751 6.27641e-08 
6.64136e-05 0.00127408 0.000306395 8.19752e-05 0.00218235 0.0164456 0.00167193 0.0249236 0.364958 3.21356e-07 0.0147533 0.000238343 0.000795998 0.103053 0.00040639 5.89674e-07 2.52436e-05 0.0429262 0.00322892 9.70912e-07 0.000887881 0.151307 0.0013707 0.120985 1.39939e-05 0.0215245 0.102707 0.0211669 0.00268427 1.35285e-05 
0.0192562 0.000297235 0.00360408 1.91846e-05 0.0168554 0.103824 0.0118093 0.00256666 0.256711 0.000317379 0.0486747 1.75456e-05 0.0136843 0.000135842 0.000458889 1.99717e-07 6.04841e-06 0.00073619 0.0472194 0.00113181 0.0155278 0.000143565 0.0217396 0.0269471 3.72745e-06 0.00347082 0.161095 0.182593 0.0611506 3.71116e-06 
1.63234e-05 0.000113263 0.000137556 3.70423e-07 0.000420744 3.1633e-05 0.0002293 0.000702701 0.973772 1.02963e-05 0.000394852 1.03385e-06 0.000101862 4.83359e-05 5.70691e-06 4.04199e-07 1.19157e-05 0.000110839 0.00133562 1.22255e-05 0.00036105 0.000108605 0.000157308 0.0141742 1.22007e-05 4.11005e-05 0.000662389 0.00694445 7.34621e-05 8.47126e-06 
1.76861e-05 0.0186818 2.43205e-06 2.3808e-08 0.00486523 0.0073017 0.000287619 0.0297905 0.25576 1.02224e-06 0.000488907 3.15262e-11 0.00108236 0.0036381 2.10087e-07 5.48092e-11 2.29529e-08 0.000601752 0.0597101 1.3986e-07 0.235421 1.32479e-11 0.0252196 0.00604008 2.43961e-11 0.00728233 0.18978 0.0592026 0.0948244 2.44925e-07 
0.00123102 0.00724998 0.0179541 1.12091e-05 0.0116885 0.0645132 0.0176999 0.00676029 0.223957 6.35455e-05 0.00210671 3.38317e-08 0.00619514 5.87042e-05 1.68797e-09 6.27716e-09 4.23772e-06 9.70626e-06 0.00695784 1.78685e-06 0.21473 0.00397559 0.00278443 0.16025 9.14601e-06 0.00604099 0.0699452 0.0588471 0.116954 1.6436e-06 
0.00915242 0.0292357 0.0245625 0.00576915 0.0056557 0.0106477 0.212402 0.0150697 0.399429 0.0114116 0.0132832 0.0275381 0.00584665 0.00690162 0.00707399 1.93288e-06 0.000344165 0.00142311 0.0100412 0.00100293 0.0291722 0.00166693 0.0119115 0.0142914 0.00374009 0.0734864 0.031755 0.0202637 0.0169179 3.23275e-06 
3.33989e-05 0.0012752 1.99494e-05 4.48589e-06 0.000101585 0.00964738 0.000251291 0.0119083 0.630543 6.7314e-05 0.000206626 3.50071e-06 0.000286441 0.0177747 5.93128e-05 6.08608e-06 4.94512e-06 0.0523202 0.000271035 0.000239873 0.000922744 0.0663645 0.00192356 0.0139952 2.70898e-06 0.164293 6.40891e-05 0.000119279 0.0272856 4.6471e-06 
0.00699164 0.000247876 0.000109442 1.43487e-05 0.000526726 0.00150855 0.000155622 0.00765195 0.859787 0.000133153 0.0567126 1.7959e-07 0.00222948 1.80889e-07 0.000152265 3.12222e-07 0.000112673 0.000116378 0.00239257 3.28817e-07 0.000100889 0.0190863 0.00666752 0.00203211 4.02095e-05 0.000616652 0.00424243 0.0247646 0.00359705 8.83179e-06 
0.000894477 0.00535233 0.000323866 1.08433e-06 0.0252513 0.00300319 0.0191727 0.00507612 0.463709 0.000193572 0.0209476 9.5472e-07 0.000527748 0.000168048 0.000509985 3.27262e-12 2.25351e-05 2.89985e-05 0.109124 1.42315e-07 0.050391 1.66069e-06 0.0312644 0.0256993 1.63035e-06 0.00120088 0.0222215 0.202263 0.0126493 1.69867e-07 
4.50343e-05 0.0205155 0.0181914 4.00895e-06 0.0161369 0.00491596 0.0151994 0.0509643 0.210667 0.0375815 0.0889471 4.14532e-06 0.011246 0.00109873 0.00552575 6.44476e-11 4.654e-05 0.00045044 0.0505405 0.000629061 0.00273359 0.00381184 0.000617134 0.193194 0.00121631 0.00247682 0.0549632 0.204188 0.00408783 1.48669e-06 
4.46831e-06 0.0613499 0.000318892 3.43421e-06 0.00294111 0.197253 0.0488632 0.0838653 0.241455 0.0009013 0.0122761 0.000317018 0.0037639 0.000816911 0.00175171 1.01328e-07 5.23136e-05 0.00215001 0.00417228 2.39061e-06 0.00141823 0.00801474 0.0143221 0.0445792 4.12342e-06 0.000183278 0.0551154 0.127983 0.0860924 3.00505e-05 
0.000126012 0.000334953 0.00314078 0.000291593 0.00417916 0.0954288 0.0024749 0.00407661 0.393759 0.000286547 0.000725619 7.1694e-07 0.0772154 8.88922e-05 0.000343319 0.0025899 0.000423822 6.38811e-05 0.00715476 0.0213989 0.00558008 0.000733862 0.0268865 0.162634 5.14264e-05 0.0283106 0.0382328 0.118315 0.00510986 4.24278e-05 
3.8497e-06 0.000646526 1.08303e-07 5.52282e-05 4.00219e-06 0.00803112 0.0537391 0.00801882 0.637783 1.21252e-07 0.0122036 3.88224e-05 0.000257307 0.0116306 0.000151488 3.06559e-07 1.45688e-05 1.39156e-05 0.00104776 0.000160098 0.0137673 0.0595762 0.0511616 0.00730938 0.000128403 0.0080657 0.0949661 0.00294933 0.0282759 2.34077e-07 
8.68022e-08 0.0195867 0.0002463 2.98825e-05 0.00109002 0.000522438 0.00340716 0.118651 0.344954 0.000177953 0.00980673 7.8361e-05 0.00128186 0.0446945 0.00235609 6.31766e-06 1.28245e-05 0.000153625 0.00380223 0.00349638 0.0118207 0.00870328 0.00491863 0.337899 2.89335e-05 0.000657857 0.0492402 0.014392 0.0179186 6.58845e-05 
2.60689e-05 0.00104727 0.000190265 5.56842e-06 0.000925349 0.00231704 0.00433075 0.00501952 0.67558 0.000277532 0.0622218 1.56869e-06 0.000194545 0.0155131 0.000639655 2.40627e-09 0.000123979 0.000846114 0.0114661 5.77872e-07 0.0032006 0.00147472 0.00108157 0.128289 0.000298661 3.01163e-05 0.00626176 0.0767746 0.00185928 2.61099e-06 
0.000291859 0.144123 0.00790937 1.41154e-06 0.095372 0.0661469 0.0644595 0.177376 0.197745 0.0114774 0.0248846 9.53558e-05 0.0015384 3.21368e-07 0.000646256 2.65907e-08 8.68205e-07 2.56448e-06 4.26271e-06 6.61186e-06 0.000954781 0.118583 0.0657482 0.00791709 9.75111e-06 0.000682937 0.00879104 0.0036886 0.00152005 2.31919e-05 
0.00606631 0.00451723 0.0282315 0.00763946 0.0202189 0.0618721 0.0163068 0.0438876 0.280909 0.00316284 0.192076 0.00205258 0.00318293 0.00651893 0.00171271 1.53296e-05 0.000217049 0.000805151 0.0476896 0.000398782 0.0967618 0.0042704 0.0173485 0.0254722 0.00100379 0.0207046 0.0336094 0.0286841 0.0446488 1.61739e-05 
0.000142887 0.0205313 0.000911094 1.44561e-05 0.0409899 0.0439092 0.0286404 0.0375333 0.302152 0.00479211 0.00853168 6.23247e-06 0.00159858 0.00229133 0.00563095 4.88624e-10 8.15771e-05 0.00215745 0.0465864 1.27234e-06 0.183942 0.000618736 0.00431925 0.114116 0.0171231 0.0453912 0.0239112 0.0330423 0.0310288 5.5282e-06 
0.000231894 0.000659068 0.000889234 0.000665526 0.0015331 0.067417 0.000526046 0.0032447 0.374963 2.78054e-05 0.0154778 1.95376e-05 0.0498977 0.00713079 0.0118388 4.92018e-08 3.99779e-08 0.00103206 0.00714145 5.18168e-08 0.00727514 0.00226469 0.00321502 0.0659302 5.03024e-07 0.000181116 0.227945 0.0384912 0.00825142 0.103751 
0.000939656 0.013983 0.0244029 3.07908e-06 2.09337e-06 0.0038774 0.0114395 0.109134 0.353058 2.25694e-05 1.70235e-05 1.37463e-08 0.00145575 0.000590647 1.12281e-07 3.77224e-10 5.5252e-08 5.77634e-08 0.0582458 4.84844e-07 0.117459 0.00252606 0.0268239 0.000360385 0.000139262 0.0181689 0.196026 0.0532155 0.00810811 4.45835e-07 
0.0297119 0.0448274 0.0052246 0.00199592 0.0714689 0.0215808 0.0480438 0.0748728 0.162236 0.0157749 0.0407995 3.49098e-05 0.0100742 0.00450496 0.00408903 5.12116e-07 0.000319899 0.00260884 0.10053 0.000174766 0.0353728 0.00550364 0.0180955 0.03075 0.00226035 0.00951292 0.128285 0.076514 0.0548233 8.7264e-06 
6.93101e-05 0.0706437 0.00160506 3.98943e-06 0.000244933 0.000271064 0.0115165 0.054375 0.512998 0.0746981 1.70859e-05 1.53183e-07 6.04546e-05 3.3353e-06 4.00005e-05 2.66313e-07 2.16387e-07 1.01343e-07 0.00787301 2.80467e-07 0.0342445 0.00117192 0.007156 0.000716384 1.18539e-07 8.22025e-08 0.0846153 0.0186226 0.119053 2.03347e-07 
0.000964587 0.000561695 0.00030688 0.000395306 0.00484356 0.0983289 0.00255011 0.00588402 0.45732 0.00358444 0.114279 4.39989e-06 0.00348309 0.00752494 0.000173356 0.00218183 0.00137526 0.00550428 0.0205776 4.84507e-08 0.00157261 0.00724237 0.0126911 0.169772 0.000629419 0.00504349 0.0226057 0.0356344 0.0149046 6.06471e-05 
8.942e-07 0.000367437 9.53886e-07 9.19123e-05 0.00638418 0.113194 0.0480284 0.0406608 0.225481 1.05779e-05 0.00107311 0.000143503 0.0177245 0.064998 0.00301851 2.70004e-06 2.19387e-06 3.36864e-05 0.0052431 2.84355e-06 0.00602028 0.160325 0.00440092 0.0448028 8.18149e-06 0.000132495 0.126887 0.0715207 0.0594392 2.22897e-06 
0.00326337 0.0390904 0.000354944 4.68399e-05 0.00339826 0.00766491 0.0563265 0.136686 0.259258 0.0020889 0.0387349 4.03429e-07 0.0299161 0.00310996 0.0180418 8.87781e-07 3.9468e-06 0.00115111 0.0657022 0.000189107 0.029389 0.00209243 0.051111 0.0143898 0.000159202 0.000486153 0.0101444 0.0906508 0.136548 1.69852e-06 
0.00294191 0.0149347 0.000845626 1.41832e-06 0.00275573 0.000788033 0.110401 0.030995 0.267487 0.000780926 0.00946358 8.88271e-05 0.00381279 0.000299473 0.00353366 0.0118751 5.17792e-05 4.1808e-05 0.170672 4.47872e-06 0.0304142 0.00013855 0.124795 0.00983831 1.14934e-05 0.000104396 0.00981543 0.158568 0.0345401 6.69818e-09 
0.00136001 0.0014103 0.000434036 0.000178121 0.00279431 0.0216652 0.00505511 0.00986329 0.49747 0.000578561 0.00237475 0.000198272 0.0154784 0.000209954 0.000585089 3.71519e-06 0.000110739 0.000715443 0.0261597 0.0025481 0.242838 0.000736383 0.00350173 0.042702 0.00476246 0.00654608 0.00302827 0.0203619 0.0863231 7.46404e-06 
0.0338737 0.00876088 0.000144655 2.75583e-05 0.0150296 0.00754261 0.0872736 0.0395361 0.384917 0.0012083 0.00628021 8.03808e-08 0.000408808 0.00123935 0.000262448 1.00452e-08 0.000130687 5.38399e-05 0.0113784 4.69956e-07 0.116708 5.37982e-05 0.0196744 0.158062 2.86413e-05 0.0111272 0.0675797 0.00550235 0.0231945 3.13826e-07 
0.000764966 0.00836421 0.0258502 1.42936e-05 0.0134721 0.0339461 0.00972682 0.00159623 0.657365 0.00192748 0.00899721 0.000210022 0.000703772 5.05878e-06 0.00297302 9.4792e-07 0.0139873 0.0019769 0.0200028 1.33986e-06 0.137567 0.000236703 0.00086529 0.0124679 0.000212347 0.000760043 0.00289036 0.0145587 0.0285548 8.62216e-07 
0.000425684 0.0313968 0.000954343 7.27332e-06 0.0119404 0.000676662 0.010448 0.00285573 0.526537 0.000473744 0.00600934 1.02432e-07 0.00111001 0.00148549 0.000238169 2.32275e-11 9.89322e-09 0.000215843 0.0240655 8.35811e-09 4.79916e-08 2.87533e-05 0.0028889 0.0299313 2.61769e-05 0.000692067 0.0426076 0.298086 0.00689282 6.61819e-06 
1.55705e-05 1.55681e-05 1.55623e-05 1.55687e-05 0.0560603 0.0140283 1.55717e-05 0.11056 0.216357 1.55609e-05 1.55698e-05 1.55549e-05 0.0249222 1.55548e-05 1.55651e-05 1.55407e-05 1.5547e-05 1.55614e-05 1.5569e-05 1.5539e-05 0.203989 1.55661e-05 1.55631e-05 1.557e-05 1.55593e-05 1.55639e-05 1.55694e-05 0.177536 0.196204 1.55486e-05 
2.92107e-06 4.86463e-06 9.56468e-06 4.38785e-06 4.9855e-06 3.57469e-06 1.94316e-06 3.58829e-06 0.992145 1.07083e-05 3.48464e-06 1.55727e-05 6.06522e-06 0.000808063 7.28025e-06 2.70736e-05 0.00660202 1.03025e-05 5.58473e-05 2.85125e-05 2.90883e-06 6.54394e-06 8.93733e-06 3.38039e-06 1.20507e-05 8.35676e-06 3.81172e-06 0.000174292 2.91547e-06 2.06724e-05 
0.00902076 0.00364332 0.00112136 1.14326e-05 0.0157174 0.00203025 0.00114583 0.00958511 0.337957 7.27223e-06 0.0057866 3.54918e-06 0.000364637 0.00014476 2.67161e-05 9.30697e-08 7.38602e-06 3.64796e-05 0.104442 9.80163e-08 0.288187 4.07545e-06 0.00293509 0.0318355 7.94726e-05 0.00561518 0.0705156 0.103106 0.00666846 1.57648e-06 
1.46426e-06 4.07855e-05 3.48532e-07 2.59753e-07 1.66935e-05 2.19334e-06 5.9158e-05 0.00117107 0.782946 1.60962e-05 0.0109246 2.72115e-07 1.91268e-06 9.57329e-05 1.81474e-06 5.44065e-08 4.54994e-07 6.73017e-07 0.00177412 5.21389e-05 2.00656e-05 0.100934 0.00155081 0.092677 1.24783e-06 7.79258e-06 0.00731025 0.000387079 2.27969e-06 2.88374e-06 
0.0106671 0.151297 0.00289642 5.6359e-05 0.00270759 0.0577089 0.14378 0.0676962 0.204273 0.0931176 0.00723586 0.00495622 0.00164376 0.0042067 0.0042571 1.04161e-06 2.95736e-05 0.00148346 0.00027916 0.0242062 0.0149432 0.0540488 0.00292792 0.0785828 0.00152691 0.00519858 0.0172349 0.0102602 0.00651441 0.0262634 
1.15956e-05 0.000342999 2.26918e-06 2.62162e-06 4.45439e-05 0.00594777 0.00012839 0.0147631 0.929787 3.67511e-05 6.00351e-06 2.8872e-06 0.000465057 5.99293e-06 1.57261e-08 0.000203217 4.01455e-07 5.89761e-06 2.19483e-06 6.159e-08 3.57218e-06 0.00192891 3.74206e-06 2.4857e-05 0.00961893 4.44015e-06 0.0330617 0.00210843 0.00102676 0.000459432 
0.000763569 0.00460172 0.000545541 0.00321368 0.000816061 0.156831 0.0139518 0.123824 0.223908 3.56826e-05 0.0242994 2.7486e-05 0.00455428 0.00186391 0.0120372 5.42934e-10 5.37715e-06 0.00475735 0.149437 3.4969e-08 0.0601207 0.000142792 0.000652275 0.0288407 8.24835e-07 0.0070815 0.0293261 0.0177115 0.130649 4.14564e-10 
0.001282 0.0302349 2.22245e-05 3.46355e-06 0.000489272 0.0222696 0.000528205 0.00550903 0.563695 2.63633e-05 0.000831438 5.48348e-08 0.00145079 0.0252785 0.00218454 1.35198e-08 9.12563e-08 3.10368e-06 0.00195083 0.00105671 0.00338747 1.18624e-05 0.140642 0.0181946 2.45123e-07 0.000145333 0.163145 0.0116871 0.00596987 4.68613e-08 
0.000661095 0.00371103 1.45566e-05 1.32094e-06 1.29381e-05 1.82719e-06 0.0033217 0.0369016 0.618165 3.35054e-05 0.000630138 1.35692e-09 0.000142652 0.0324573 0.000858305 2.35904e-09 1.91679e-09 2.93409e-07 0.000156143 5.26689e-05 2.36227e-06 0.0562717 0.0426823 0.200491 1.05003e-09 0.00340561 1.45239e-05 1.23623e-06 6.07606e-06 2.98002e-06 
0.000203626 0.0034928 0.000257255 9.12545e-08 0.0239396 0.00201031 0.00609985 0.0104494 0.528108 0.000426313 0.0248181 7.36577e-08 0.00146142 0.000633045 0.000795067 3.04665e-11 1.44729e-05 0.00436856 0.0182362 0.00020697 0.00158193 0.00290314 0.00487719 0.0746082 1.65024e-05 0.000474244 0.0461795 0.238153 0.00568101 4.26358e-06 
0.0042396 0.00449078 0.0104731 1.97758e-05 0.00654471 0.015491 0.0263523 0.102086 0.454123 0.00289837 0.0226158 0.000181391 0.0718698 0.00351603 0.000364251 1.84812e-08 0.000214813 0.00145059 0.104921 0.00338053 0.0608506 0.0274936 0.00725357 0.0475589 0.00111602 0.00109759 0.00490644 0.0138321 0.000657621 8.26905e-08 
0.00536408 0.0179057 9.08534e-07 9.08906e-07 9.08864e-07 9.08966e-07 0.0275461 0.00881786 0.783702 9.08452e-07 0.00854525 9.08102e-07 0.00109145 0.0519439 0.0183566 9.07274e-07 9.07643e-07 9.08481e-07 9.08921e-07 0.000454494 9.09013e-07 0.00772531 0.0090867 0.0339968 9.08357e-07 9.08626e-07 9.08947e-07 0.0211829 9.09013e-07 0.00426726 
0.00032137 0.0683924 0.000584028 2.7977e-05 0.0013544 0.00170653 0.0106304 0.0100313 0.326169 0.00343693 0.0302553 0.0309338 0.000653889 0.000560599 0.00290008 2.98042e-08 8.22626e-10 0.000544645 0.00691029 0.000588587 0.013489 0.00632729 0.0039904 0.139531 7.05468e-05 0.000169454 0.24461 0.0783568 0.0167008 0.000753065 
1.57554e-07 0.024461 5.15891e-07 0.000572164 2.68903e-07 0.00146457 0.000705665 0.00335212 0.721011 0.000931083 8.24161e-06 0.00923159 0.00129911 8.46019e-07 0.00109409 1.46027e-06 1.18651e-06 0.0543904 2.2588e-07 0.00265611 0.000975103 0.143876 4.82053e-07 0.00233962 0.000786017 0.000135649 2.05593e-07 8.06593e-05 0.0306235 1.11501e-06 
0.00201049 0.00455497 0.000529692 5.08615e-06 0.00133697 0.0295821 0.028205 0.0505284 0.588889 0.0239813 0.00264351 0.000117302 0.00502751 0.00604344 0.00112926 2.20858e-07 8.44694e-05 2.05552e-05 0.00563868 0.00136059 0.0554683 0.00264344 0.00984679 0.0102749 0.000324027 0.00322743 0.0578608 0.0374031 0.0712619 7.62042e-07 
0.0439471 0.00622595 0.00556977 5.31534e-05 0.00226238 0.0130554 0.0205 0.046223 0.40343 0.0710929 0.0110394 2.8161e-05 0.00581649 0.00875502 0.00030831 1.64296e-07 0.000194297 0.0269145 0.0194442 5.973e-05 0.00211846 0.0632871 0.0139118 0.0876528 7.13071e-05 0.00488573 0.0596066 0.083029 0.000497633 2.00188e-05 
0.000388873 0.000282692 0.000364344 2.82162e-05 0.00931783 0.0107774 0.0647448 0.000664042 0.634687 0.00147733 0.0414977 0.000427998 0.0138634 0.0171243 0.000538691 0.000410805 4.47721e-05 0.000291493 0.00820774 0.00120879 0.0131416 0.0577689 0.00164839 0.0803972 9.63658e-06 0.00121122 0.00820736 0.0264736 0.00123441 0.00355938 
2.93008e-05 0.000426116 2.12842e-05 2.95487e-09 0.00115652 0.0204357 0.00149566 0.00589137 0.912366 5.13479e-07 5.256e-06 1.0487e-08 0.00129881 3.9302e-05 3.77725e-06 1.82319e-08 1.58813e-05 2.61181e-06 0.000868211 3.84131e-05 0.00267563 0.00205637 0.0284613 0.000965161 1.09232e-05 0.000474958 0.0145848 0.00645355 0.000220809 1.37929e-06 
1.70374e-05 0.000550254 6.24518e-05 4.36652e-06 0.023683 0.0030405 0.000269057 0.00362593 0.491346 4.27063e-08 0.0112658 6.66151e-09 0.00136182 0.000545082 3.79281e-05 1.18189e-11 1.51026e-05 0.000318044 0.033286 0.000650764 0.0100144 2.67546e-05 0.00256509 0.104037 3.25671e-05 0.00105797 0.0974254 0.212013 0.00274283 5.37255e-06 
0.000250814 0.000794923 0.00207001 1.35031e-08 0.0405334 0.000228953 0.00201727 0.0162997 0.358253 1.01489e-05 5.19162e-05 0.000192142 0.000211143 0.000465646 0.000164641 5.84407e-11 7.77307e-08 3.68682e-06 0.0512688 5.16265e-09 0.214798 0.0031588 0.000807832 0.303429 7.12302e-06 0.000349656 0.000386316 0.00172907 0.00251417 4.629e-06 
0.0472432 0.137161 0.0019145 1.39961e-05 0.0123631 0.00523708 0.0645313 0.0668543 0.184193 0.100572 0.0725545 2.1304e-07 0.00465232 0.00249228 0.00475361 3.35633e-08 5.9588e-06 0.000253423 0.0214477 5.64553e-06 0.0124413 0.00293136 0.00313541 0.023777 0.00162762 0.00437745 0.162979 0.0318635 0.030612 6.5121e-06 
2.90797e-05 0.00593208 0.0326265 2.13029e-06 0.0148446 0.00318306 0.013662 0.0678801 0.259745 0.156268 0.0376726 3.65841e-05 0.00671666 0.00267557 0.000639721 9.21329e-07 2.15376e-06 0.0196595 0.00666716 1.93089e-05 0.0316781 0.0328764 0.00365458 0.111389 0.000552503 0.00258046 0.0284643 0.144232 0.0162281 8.19536e-05 
0.000557868 0.00366574 0.000757467 0.00346425 0.0038307 0.0485941 0.019254 0.102529 0.275645 0.000156482 0.0217226 6.81134e-05 0.000689249 0.000796196 2.84551e-05 4.34718e-11 3.71462e-06 0.00117803 0.132207 2.38097e-08 0.154541 5.45513e-08 0.000138954 0.0410392 5.69703e-07 0.00448732 0.042366 0.0860187 0.0562605 3.31934e-11 
0.00501947 0.00182359 0.000223667 4.96305e-05 0.0246761 0.00621912 0.00330189 0.00698932 0.407472 0.000979159 0.0146408 8.97325e-06 0.00356819 0.00265247 0.000360755 0.000205159 0.000110229 0.00203319 0.098767 0.00019411 0.00217806 0.00536738 0.00525567 0.3451 0.000923117 0.000466346 0.00917444 0.0498908 0.00234457 5.65147e-06 
0.0412049 0.00226522 0.00905653 0.000212258 0.0128368 0.0338533 0.0346931 0.0069715 0.479578 0.00123019 0.00775695 1.55146e-07 0.0195806 0.000173129 0.00194411 1.15017e-09 0.000563998 0.00696578 0.0528702 2.87997e-06 0.0188336 0.0179167 0.00239945 0.0288475 0.0158878 0.00414684 0.0238144 0.157009 0.0193776 7.96685e-06 
5.1071e-05 0.00156144 0.00530699 9.86467e-08 0.0267568 0.00956214 0.000516836 0.00259865 0.580795 9.52113e-05 0.0859092 2.68997e-06 0.00200464 0.000158367 8.44886e-05 1.80855e-08 0.000232069 0.000850726 0.00955348 2.21164e-05 0.0170946 0.110429 0.000836836 0.0618186 8.45423e-05 0.0129199 0.0189274 0.0431189 0.00864708 6.09351e-05 
0.000190962 0.0177138 0.000199196 1.16985e-06 0.00279887 0.000823568 9.49274e-06 0.000583135 0.326432 1.28164e-06 0.00252282 3.79984e-06 0.00144633 0.000179754 3.2135e-05 5.81279e-08 0.000830688 0.000119145 0.00178751 8.90402e-05 0.0066279 3.46054e-06 0.000474837 0.172944 1.43235e-05 0.0314832 0.150472 0.220529 0.0616848 8.85476e-07 
0.00069755 0.0143311 0.0260167 1.24225e-06 0.0015006 0.0250521 0.0216827 0.0135113 0.561694 0.00261847 0.0320827 4.79917e-07 0.000253867 6.16339e-06 2.08927e-07 2.64268e-07 0.0369752 0.00156317 0.0296764 0.0017688 0.0123857 4.10412e-07 0.00231362 0.0146798 8.56993e-06 0.00141662 0.0514328 0.1132 0.034376 0.000753438 
1.06688e-07 0.0030471 0.000177452 1.85798e-06 0.0393549 0.000159678 0.00154971 0.00249372 0.746737 0.000504845 0.00632171 2.79667e-06 0.00618678 0.00106021 0.00116061 9.76282e-09 9.61974e-06 4.80365e-05 0.058611 0.000279152 0.00689094 0.022383 0.0184629 0.0602221 0.000694934 8.03627e-06 0.0061637 0.00263287 0.0146553 0.000180154 
8.45646e-06 1.75902e-13 0.000342349 1.39638e-09 0.0198909 2.22207e-05 1.29292e-09 0.00106291 0.681853 6.03178e-05 0.000310729 6.30727e-09 4.91288e-09 3.73203e-08 1.79036e-09 9.78962e-13 3.98909e-07 2.17989e-05 0.00489438 1.03099e-12 0.0105957 0.000727497 4.1547e-05 0.269635 4.21043e-05 9.06553e-09 7.81505e-09 0.0103715 9.23618e-05 2.72187e-05 
0.00803007 0.00756328 0.00185909 3.74406e-05 0.0299932 0.00331782 0.0247044 0.0847649 0.210416 0.00183368 0.0026745 5.58203e-09 0.0021762 0.00192726 0.00250398 6.52754e-12 1.50624e-09 1.34793e-05 0.172622 2.2136e-08 0.0918795 0.000160387 0.0266961 0.041426 2.05216e-05 0.0222141 0.0975966 0.13265 0.0329146 5.50042e-06 
0.000441203 0.000271539 0.000232864 5.41097e-05 0.0803721 0.00351649 0.00211195 0.031206 0.511695 0.000138859 0.0869886 8.12275e-06 0.000432802 0.000556058 0.000625719 4.84039e-08 1.69943e-05 0.000443878 0.0562471 5.09765e-08 0.0105015 0.00383952 0.0027965 0.154223 5.5684e-05 0.0011347 0.00793074 0.034838 0.00928746 3.35322e-05 
0.0143979 0.0130692 0.00188924 0.00299541 0.0119771 0.0117065 0.010925 0.0126833 0.435056 0.00147969 0.0123708 0.00277812 0.00385167 0.0208206 0.00385364 7.71935e-06 0.00116442 0.000809124 0.0827064 1.28139e-05 0.13854 0.000438442 0.00289628 0.0140919 0.000603103 0.0274737 0.0533685 0.025485 0.0924444 0.00010369 
9.45871e-07 0.0387168 3.51556e-05 6.40509e-08 0.00200164 2.44312e-06 0.0876911 0.0244537 0.4508 0.00134053 3.16407e-05 2.1116e-07 0.000221566 0.000281281 0.000369124 8.10346e-10 8.52113e-08 4.31829e-05 0.0602829 8.28609e-05 0.0552255 0.000428493 0.00292703 0.170243 0.000570631 0.00708553 0.00246281 0.0719053 0.0227938 3.13281e-06 
3.71947e-05 0.0129469 0.000114166 2.91492e-05 0.011459 0.00827255 0.00170679 0.0607659 0.22284 0.00145885 0.0261028 8.27644e-05 0.00876133 0.00292439 2.69508e-05 1.29313e-08 9.12159e-08 0.00339707 0.061711 0.000133872 0.0443729 0.0503479 0.0149217 0.10084 2.73134e-05 0.00167603 0.133685 0.0873519 0.144006 3.13255e-07 
0.00757417 0.000504393 7.45485e-06 6.17365e-07 0.0839727 0.00245201 0.00513523 0.00644612 0.776781 0.000291118 0.000368248 2.68854e-06 0.000125111 0.00122835 6.17521e-05 3.92108e-09 4.12733e-05 0.00014071 0.023375 1.6567e-05 0.00365847 0.0209422 0.0028904 0.0512854 3.14197e-05 7.72076e-06 0.00119256 0.0085885 0.00287315 5.67691e-06 
8.98271e-08 4.74857e-07 0.00267354 2.29794e-06 0.255998 0.0039116 0.00613726 0.0711299 0.387208 1.1847e-07 5.90299e-07 1.22091e-10 0.00111677 2.28169e-07 1.28506e-07 2.12259e-10 0.0202928 0.000333751 0.0372083 3.32717e-07 0.0878847 3.6575e-07 0.000651137 0.065367 1.62523e-07 0.000634032 0.0401707 0.0170437 0.00223325 2.39664e-07 
1.15956e-05 0.000342999 2.26918e-06 2.62162e-06 4.45439e-05 0.00594777 0.00012839 0.0147631 0.929787 3.67511e-05 6.00351e-06 2.8872e-06 0.000465057 5.99293e-06 1.57261e-08 0.000203217 4.01455e-07 5.89761e-06 2.19483e-06 6.159e-08 3.57218e-06 0.00192891 3.74206e-06 2.4857e-05 0.00961893 4.44015e-06 0.0330617 0.00210843 0.00102676 0.000459432 
2.4525e-05 3.11949e-07 0.000933564 2.81375e-07 0.000918867 0.000532611 1.24607e-07 0.0114723 0.946101 6.86681e-07 0.000302352 9.98611e-07 3.88938e-07 0.00212466 4.66852e-07 1.73611e-06 1.41064e-06 0.000279805 0.000113668 1.82839e-06 0.0319565 0.00195079 0.0022284 0.000250178 7.72763e-07 5.35885e-07 0.000627476 1.10982e-07 1.86957e-07 0.000173563 
0.00757417 0.000504393 7.45485e-06 6.17365e-07 0.0839727 0.00245201 0.00513523 0.00644612 0.776781 0.000291118 0.000368248 2.68854e-06 0.000125111 0.00122835 6.17521e-05 3.92108e-09 4.12733e-05 0.00014071 0.023375 1.6567e-05 0.00365847 0.0209422 0.0028904 0.0512854 3.14197e-05 7.72076e-06 0.00119256 0.0085885 0.00287315 5.67691e-06 
7.43686e-05 0.020625 8.18183e-07 1.06597e-09 0.0175807 0.0199137 2.82644e-05 0.00694964 0.433193 4.62494e-05 0.203138 2.59725e-10 0.00658767 0.000314281 5.17919e-05 4.51539e-10 0.000363642 5.84782e-06 0.007377 4.75538e-10 1.36371e-06 0.00113879 0.00307941 0.103773 0.00208673 0.00592642 0.0597978 0.106631 0.00131564 2.28222e-08 
0.000425684 0.0313968 0.000954343 7.27332e-06 0.0119404 0.000676662 0.010448 0.00285573 0.526537 0.000473744 0.00600934 1.02432e-07 0.00111001 0.00148549 0.000238169 2.32275e-11 9.89322e-09 0.000215843 0.0240655 8.35811e-09 4.79916e-08 2.87533e-05 0.0028889 0.0299313 2.61769e-05 0.000692067 0.0426076 0.298086 0.00689282 6.61819e-06 
0.000704165 0.00797695 0.000120413 5.67028e-06 0.000690617 0.00394951 0.0157407 0.0050579 0.921867 0.000129424 0.00022772 3.44854e-05 0.00342996 3.22838e-05 0.000994573 4.98234e-06 7.78587e-07 5.3997e-05 0.00386676 0.00271579 0.00420774 0.00138605 0.0120872 0.00308669 3.90485e-06 0.000356946 0.00389004 0.000760202 0.0065058 0.000111819 
0.00501131 0.000157852 0.0279216 6.89059e-08 0.0046185 0.0102965 0.00737327 0.00682362 0.315966 0.00165792 0.15145 2.9857e-08 0.000504259 0.00519791 0.000582033 1.70534e-10 8.44824e-05 0.00285598 0.174729 2.37655e-07 0.0590098 0.000637687 0.0623304 0.0217955 0.00030554 0.0668925 0.0381929 0.0225556 0.0130497 1.83629e-08 
8.98271e-08 4.74857e-07 0.00267354 2.29794e-06 0.255998 0.0039116 0.00613726 0.0711299 0.387208 1.1847e-07 5.90299e-07 1.22091e-10 0.00111677 2.28169e-07 1.28506e-07 2.12259e-10 0.0202928 0.000333751 0.0372083 3.32717e-07 0.0878847 3.6575e-07 0.000651137 0.065367 1.62523e-07 0.000634032 0.0401707 0.0170437 0.00223325 2.39664e-07 
0.000648566 0.000413509 0.000407897 7.38391e-07 0.121783 0.0050267 0.00135272 0.00535143 0.247748 9.79796e-05 0.0114794 9.44059e-09 0.000531187 0.000793123 0.000110787 2.47758e-09 2.00047e-06 3.96102e-05 0.0795258 3.47398e-12 0.0714539 7.28087e-05 0.00133178 0.168465 4.00759e-05 0.00377574 0.10149 0.166676 0.0113727 9.89561e-06 
1.46426e-06 4.07855e-05 3.48532e-07 2.59753e-07 1.66935e-05 2.19334e-06 5.9158e-05 0.00117107 0.782946 1.60962e-05 0.0109246 2.72115e-07 1.91268e-06 9.57329e-05 1.81474e-06 5.44065e-08 4.54994e-07 6.73017e-07 0.00177412 5.21389e-05 2.00656e-05 0.100934 0.00155081 0.092677 1.24783e-06 7.79258e-06 0.00731025 0.000387079 2.27969e-06 2.88374e-06 
2.91151e-06 0.00284818 0.00323461 0.000251632 0.000158104 0.224474 0.00698328 0.0849051 0.251765 6.35872e-07 0.00595 7.26017e-09 0.0182109 8.5876e-05 0.000101913 7.47875e-07 2.88898e-05 0.0814789 0.0452373 2.59097e-06 0.0576546 0.0557104 0.0112259 0.00592373 2.24828e-05 0.00963242 0.00945151 0.0780332 0.0466251 9.6377e-09 
0.0412049 0.00226522 0.00905653 0.000212258 0.0128368 0.0338533 0.0346931 0.0069715 0.479578 0.00123019 0.00775695 1.55146e-07 0.0195806 0.000173129 0.00194411 1.15017e-09 0.000563998 0.00696578 0.0528702 2.87997e-06 0.0188336 0.0179167 0.00239945 0.0288475 0.0158878 0.00414684 0.0238144 0.157009 0.0193776 7.96685e-06 
0.00501131 0.000157852 0.0279216 6.89059e-08 0.0046185 0.0102965 0.00737327 0.00682362 0.315966 0.00165792 0.15145 2.9857e-08 0.000504259 0.00519791 0.000582033 1.70534e-10 8.44824e-05 0.00285598 0.174729 2.37655e-07 0.0590098 0.000637687 0.0623304 0.0217955 0.00030554 0.0668925 0.0381929 0.0225556 0.0130497 1.83629e-08 
0.0281225 0.00212709 0.00106718 7.72318e-06 0.0670787 0.00522692 0.0208737 0.0352333 0.272434 0.0145483 0.00689978 1.2964e-05 0.209275 0.0561094 0.0136945 1.35301e-07 0.000383943 0.000119386 0.0144793 0.00229403 0.0234917 0.0263473 0.0067664 0.043594 0.000417917 0.00390411 0.00700602 0.0721675 0.0663149 2.71679e-06 
1.14454e-06 1.92955e-05 5.54195e-06 3.47076e-08 0.0513839 5.14263e-06 0.000164009 0.00129198 0.502603 3.2191e-06 4.32707e-05 0.000894824 9.87242e-07 0.400412 1.2982e-06 1.37108e-09 1.11404e-09 5.15795e-06 0.00680199 1.44395e-09 0.00818274 3.30644e-05 0.00556176 2.81337e-05 6.10283e-10 0.00297169 0.00806686 9.59486e-06 0.0115057 3.62196e-06 
3.50723e-06 5.75375e-07 4.71558e-05 2.22633e-06 0.00166028 0.000204551 1.16311e-06 0.00207785 0.820947 1.43926e-05 0.0018757 6.39457e-06 6.72473e-06 2.87956e-05 2.15332e-06 3.20218e-06 4.291e-05 0.000425491 0.00312954 3.37237e-06 0.000771326 0.0723629 1.9557e-05 0.0944948 1.68682e-05 1.20737e-05 1.00072e-05 0.000739883 0.000770856 0.000318378 
8.98271e-08 4.74857e-07 0.00267354 2.29794e-06 0.255998 0.0039116 0.00613726 0.0711299 0.387208 1.1847e-07 5.90299e-07 1.22091e-10 0.00111677 2.28169e-07 1.28506e-07 2.12259e-10 0.0202928 0.000333751 0.0372083 3.32717e-07 0.0878847 3.6575e-07 0.000651137 0.065367 1.62523e-07 0.000634032 0.0401707 0.0170437 0.00223325 2.39664e-07 
0.0014008 0.00614236 0.00066774 1.72884e-05 0.00355678 0.0091494 0.0019555 0.00898566 0.548281 0.0285721 0.0170762 0.000133014 0.00129483 0.0791753 0.00077626 7.75513e-05 5.16415e-05 1.9985e-05 0.0156183 3.93765e-05 0.0105566 0.0131195 0.0308947 0.0258752 1.72198e-06 0.000614409 0.177592 0.00248709 0.0158594 8.80394e-06 
8.98271e-08 4.74857e-07 0.00267354 2.29794e-06 0.255998 0.0039116 0.00613726 0.0711299 0.387208 1.1847e-07 5.90299e-07 1.22091e-10 0.00111677 2.28169e-07 1.28506e-07 2.12259e-10 0.0202928 0.000333751 0.0372083 3.32717e-07 0.0878847 3.6575e-07 0.000651137 0.065367 1.62523e-07 0.000634032 0.0401707 0.0170437 0.00223325 2.39664e-07 
1.42864e-05 0.00934904 1.6855e-05 0.00940986 0.000343144 0.0694451 0.00517025 0.0330109 0.568444 3.21989e-06 0.00826486 0.000195216 0.0137413 0.0108214 0.000497239 1.56152e-08 5.0476e-06 0.000788097 0.00219156 0.000126993 0.191946 3.77434e-09 0.00299192 0.0264956 5.95727e-07 0.000494521 0.0237954 0.0105572 0.0118796 3.86544e-07 
0.00935802 0.00171347 0.00114964 0.011194 0.0127405 0.125493 0.00532924 0.013776 0.509873 0.00032815 0.0337841 9.42931e-06 0.00313858 0.000934311 0.000249251 0.00648287 0.00108837 0.00201824 0.0157181 0.000169872 0.0351742 0.000689379 0.00355891 0.0387766 0.00361761 0.01467 0.0822546 0.0307912 0.0245585 0.0113611 
0.0044207 0.00468349 0.00102424 3.63057e-05 0.0100543 0.0733903 0.00876333 0.0240587 0.641375 0.000864948 0.0057341 7.47556e-06 0.0142192 0.000981867 0.00166949 0.0156511 2.68307e-05 0.000402365 0.00590318 0.00399045 0.00453466 0.00357682 0.0209856 0.0371803 0.000193117 0.00581923 0.06299 0.0105503 0.0258639 0.0110491 
0.00757417 0.000504393 7.45485e-06 6.17365e-07 0.0839727 0.00245201 0.00513523 0.00644612 0.776781 0.000291118 0.000368248 2.68854e-06 0.000125111 0.00122835 6.17521e-05 3.92108e-09 4.12733e-05 0.00014071 0.023375 1.6567e-05 0.00365847 0.0209422 0.0028904 0.0512854 3.14197e-05 7.72076e-06 0.00119256 0.0085885 0.00287315 5.67691e-06 
7.21715e-08 3.25026e-05 2.05736e-05 0.0294199 0.0657635 0.00016172 5.54085e-05 0.0428636 0.603771 4.04147e-08 0.000203236 1.66839e-05 2.24955e-05 0.000244674 0.000263219 1.02179e-07 0.000830178 3.10944e-05 0.000123535 6.39709e-05 0.0529484 1.23533e-05 4.60569e-05 0.0151854 4.54811e-08 0.0422676 0.0230155 0.047418 0.0752096 9.16548e-06 
1.51236e-05 0.00090844 0.000209802 9.68636e-06 0.000874137 0.00220752 0.0035934 0.00463589 0.696646 0.00022984 0.0514531 2.79624e-06 0.000170379 0.00692424 0.000229568 3.84893e-08 7.83611e-05 0.000672778 0.0104546 2.44991e-06 0.00280319 0.00138692 0.000806265 0.132315 0.000256187 1.03395e-05 0.00473061 0.0765679 0.00179626 8.43434e-06 
