0.0223714 0.0130637 0.0382002 8.98197e-06 0.00163063 0.0349899 0.0996623 0.00582526 0.00224425 0.509781 0.00294198 0.00533515 0.00553883 0.000751743 0.0601377 0.0451133 2.99701e-05 0.00358495 0.0661493 0.000295469 0.051339 0.000363127 0.000975735 0.00691959 0.00067908 0.0017466 0.00282911 0.00782285 0.00966753 9.47151e-07 
0.000373937 0.00654822 0.000133685 4.16629e-06 7.18655e-06 4.93306e-06 0.152427 0.00295994 1.43778e-05 0.83631 3.87743e-07 1.73402e-05 3.95995e-08 1.02409e-07 0.000706896 1.76762e-07 1.43624e-07 1.96804e-06 0.000102671 1.86156e-07 0.000372125 1.18298e-06 5.83513e-08 2.20704e-08 7.86784e-08 5.45608e-08 2.48865e-08 1.12996e-08 1.31675e-05 1.34969e-07 
1.50615e-07 0.0444485 1.06891e-06 1.11445e-11 6.54016e-06 1.25302e-07 3.39009e-06 0.00363348 0.239945 0.64395 2.22155e-07 3.25124e-06 1.54048e-11 2.23134e-07 0.0064628 3.85141e-07 5.58718e-11 0.000136714 1.35829e-06 7.24175e-11 0.01155 1.66206e-11 0.0171897 9.14383e-07 1.2552e-07 2.12249e-11 0.0027223 0.0123188 0.0176249 2.63048e-08 
6.70851e-06 0.0408718 0.0161618 1.40938e-05 0.0191666 0.0591349 0.0586539 0.0382001 0.00267702 0.446629 0.00152952 1.93266e-06 0.0212056 2.24149e-05 0.0502073 1.00254e-05 0.000672086 5.42507e-05 0.0137371 0.00046697 0.0042037 0.106775 7.60704e-05 0.0101568 9.69743e-08 0.000434516 0.00747992 0.0463874 0.0550489 1.50184e-05 
3.53455e-08 0.0232828 0.00245905 5.30938e-08 0.0614919 0.15338 0.106138 0.0524477 0.0170727 0.343665 0.0118976 9.32339e-07 0.000400334 0.000623098 9.12951e-05 3.27595e-07 2.22699e-05 0.0240773 0.00306076 0.0296336 0.00736467 0.120694 0.00466734 0.0286297 0.000277158 0.00146436 0.00423914 0.00176166 0.00115693 2.50139e-07 
0.0608654 0.0136176 0.00254413 1.57202e-05 0.0172942 0.0132307 0.273711 0.0185205 3.78778e-06 0.48932 0.000238105 0.000375356 0.000473647 1.79312e-06 0.0303814 1.1356e-07 1.98837e-06 0.000306687 0.000320422 9.77146e-05 0.002699 0.0169383 0.000123947 0.00247194 0.0388359 2.54223e-07 7.13894e-05 0.0158006 0.00173035 7.67237e-06 
0.000290073 0.000468567 0.000286634 2.27711e-06 2.58727e-06 0.000201737 0.000607293 0.00026136 0.000116286 0.996107 5.89633e-05 8.08158e-06 3.1476e-06 8.14003e-06 3.77815e-06 1.40501e-05 1.14161e-05 0.000662071 0.000172334 1.47968e-05 1.50956e-06 0.000179032 0.000211196 0.000242435 6.25383e-06 4.33681e-06 4.17634e-05 8.98159e-07 1.51301e-06 1.07281e-05 
0.00286754 0.0167559 0.00155053 4.97779e-07 0.000530676 0.0305756 0.0566992 0.217765 0.00259961 0.487845 0.00207609 1.0603e-06 0.000199134 0.015783 0.0224524 2.55305e-09 2.46765e-05 0.00410318 0.00403241 8.45192e-07 0.0179827 0.0051073 0.0185071 0.0070546 1.79392e-07 0.0371715 0.022637 0.00136575 0.0242689 4.236e-05 
0.00127228 2.8119e-05 3.75988e-05 0.0181361 0.00638443 0.0169986 0.0276861 6.76401e-05 0.00907749 0.376783 0.00689817 0.00246961 0.108898 0.00270392 0.00358307 7.78056e-09 0.00223011 0.0038305 0.0826801 0.000901328 0.000265388 0.00102544 0.000245703 0.0409487 0.011661 0.24256 0.00993416 0.00824995 0.0144445 5.94094e-09 
1.74379e-05 0.0240105 0.00480219 3.71559e-07 0.000900969 0.0502562 0.128459 0.0077215 0.0083744 0.67643 0.000345355 0.0015641 0.00142844 0.00124681 0.00211455 2.29256e-06 1.86277e-06 5.74119e-06 0.0324412 0.00123372 0.00488084 5.54134e-07 0.0116046 0.000959371 0.000230448 0.00203796 0.00670574 0.00211676 0.0301052 1.75052e-06 
0.0322817 0.176621 0.0387979 0.000210674 0.0106291 0.00295105 0.251534 0.0900674 6.87514e-11 0.302811 2.34673e-06 0.000179189 6.93287e-07 1.32719e-10 0.0748851 2.29078e-10 3.96736e-07 1.94933e-07 0.015003 7.73933e-07 1.14834e-07 0.00400725 1.28094e-05 5.8653e-07 1.01965e-10 7.07093e-11 4.61523e-07 5.05265e-08 5.92166e-07 3.0429e-06 
0.114347 0.0284414 0.00802554 2.58134e-05 0.000810915 0.00119016 0.0991241 0.0172004 0.000317236 0.706363 4.43752e-05 0.00010885 0.000259037 2.87602e-11 0.00177467 4.30404e-10 0.000117743 0.00159973 0.000297347 6.75612e-07 0.00203407 0.0107479 1.80705e-07 0.0015177 0.000252284 9.08851e-05 0.000123266 0.00185933 0.000343162 0.00298276 
0.00598293 0.0102154 0.00147667 5.60315e-06 0.00081907 0.0380261 0.326954 0.0814236 7.36167e-05 0.414318 0.00126198 3.58177e-07 0.0012509 2.01289e-05 0.00510219 0.000504606 0.00205593 0.00160279 0.0506668 4.57376e-05 0.0067458 0.00350617 0.0130136 0.00227503 0.00503542 7.99915e-05 0.00736324 0.00470022 0.0154722 1.31598e-06 
8.18023e-08 0.00685259 1.2111e-10 2.03676e-05 0.00123328 0.00390637 0.0135697 0.293662 4.03295e-07 0.415795 0.00851196 1.97185e-10 2.84667e-06 1.98611e-10 0.00845523 3.42812e-10 1.15104e-06 1.57431e-07 8.23476e-07 0.0121165 0.0132515 0.113125 1.13167e-10 0.0708599 5.85856e-06 0.00215579 0.00836743 0.0115068 0.0165993 2.61758e-10 
1.20952e-07 0.000363458 0.00671284 3.46641e-11 0.0061312 0.00733757 0.00779982 0.0092117 0.00111101 0.270005 0.0772278 1.19522e-08 0.00694142 0.0174184 6.36543e-08 2.13881e-10 9.2891e-06 1.99642e-07 0.0466565 0.000151911 0.000291517 0.0281885 0.0120979 0.24256 2.33871e-07 1.77578e-07 0.0293725 0.126868 0.103542 4.79101e-07 
3.69936e-05 0.0812084 0.000789602 1.9109e-06 0.00112495 0.000297876 0.0192635 0.0846719 0.00912725 0.544742 0.00282308 7.48818e-05 0.00541091 1.97099e-05 0.154643 2.72503e-06 0.000202514 0.00018001 9.03768e-05 0.0466006 5.55111e-05 0.00176025 0.0150552 0.00759568 1.75152e-05 8.41132e-07 0.000469633 0.000561157 0.0231703 2.08073e-06 
0.0102481 0.000289531 0.000136971 0.000290289 0.000855206 0.0018359 0.150292 0.00265726 8.15103e-07 0.67583 0.0172268 0.0146352 0.000302945 1.57348e-06 0.000179033 2.7159e-06 2.20675e-06 0.0164795 0.000562007 6.47087e-05 0.00192377 0.0862758 2.93966e-05 0.00485801 0.000623559 1.07861e-05 0.000138462 0.0134978 0.000404011 0.000345764 
0.0476013 0.0330902 0.0454949 8.78132e-05 0.00591083 0.0211803 0.103132 0.0308886 0.00574807 0.458678 0.00290797 0.00201087 0.00743756 0.000243758 0.0207267 0.0107744 8.62264e-05 0.00511742 0.0309416 0.00567771 0.0722106 0.00186942 0.00751995 0.00945983 0.000355559 0.00698872 0.0231794 0.0173551 0.0233186 6.65742e-06 
0.0876329 0.0294375 0.00487999 7.88902e-06 0.00297752 0.0081455 0.145606 0.025516 0.00171523 0.54754 0.00350531 0.000371433 0.0192044 0.000252424 0.00624237 3.87771e-05 0.00305661 0.000409377 0.00936086 0.000769828 0.0224864 0.0345208 0.00275314 0.00417047 0.00242925 0.00189445 0.00229462 0.0143514 0.018428 1.52068e-06 
0.0653708 0.0105776 0.0740886 2.10657e-06 0.0026214 0.00228765 0.105587 0.0072374 0.000963669 0.619521 0.000346563 0.00907335 0.000190675 8.84368e-07 0.0203149 1.67348e-07 9.1334e-07 4.5837e-06 0.00106754 1.00474e-08 0.0584599 0.000780154 2.35211e-05 0.0023632 2.3217e-05 2.29457e-05 0.000179486 0.0132584 0.00563289 2.02592e-07 
0.00679781 0.0485329 0.0432209 2.55275e-07 0.000481288 1.55451e-05 0.222554 0.0185719 5.2345e-05 0.638399 0.000691732 0.000303559 7.22151e-05 4.52674e-05 0.00237385 4.64547e-08 0.000127975 0.000255952 0.000383761 6.7679e-10 0.000920176 0.00101459 0.00227941 0.000990854 0.000215469 1.98361e-10 2.78602e-05 0.0104337 0.00120418 3.40692e-05 
7.88051e-05 5.80446e-06 0.000493804 1.08362e-06 0.000691869 0.0151677 6.00536e-05 0.000260462 0.022512 0.810172 0.0557477 3.10903e-06 0.00741331 0.000101089 0.00016447 5.40514e-06 0.0442183 7.51716e-05 0.00038502 0.00303827 0.000285732 2.32885e-05 0.0263294 0.000435211 0.000367867 0.00252415 0.00466904 0.00417546 0.00059026 4.12717e-06 
0.0807766 0.00901341 0.0118126 7.7677e-05 0.0369137 0.00436083 0.022081 0.0239629 0.00258473 0.356371 0.0104118 8.7579e-05 0.00593372 0.000880241 0.00734501 5.52435e-05 0.000227717 0.00198585 0.0371054 0.00303081 0.0064074 0.076309 0.0547408 0.154521 0.0323029 0.00367199 0.00852396 0.0322517 0.0161179 0.000134959 
0.000632296 0.312525 0.195298 1.88914e-06 1.50529e-05 7.9881e-09 0.0617554 0.00736415 1.81572e-08 0.413036 0.00244175 3.47991e-08 0.00106545 4.61395e-07 1.90133e-05 6.04992e-08 4.91574e-08 2.30223e-08 0.000103691 6.37147e-08 0.000221754 4.93437e-05 0.00270368 0.00203018 3.46549e-05 1.2188e-05 0.000630287 8.10832e-06 5.22437e-05 4.6195e-08 
0.124555 0.0921595 0.0086017 3.50624e-05 0.00395196 0.00590048 0.165455 0.0611011 0.000377225 0.167589 0.00776341 0.00304168 0.00415404 0.000389446 0.00885248 1.81163e-08 0.000758237 0.00637406 0.00104129 0.00230446 0.0088003 0.073822 0.00276645 0.063358 0.00138021 0.000902575 0.0161319 0.1337 0.0347296 3.10898e-06 
0.0399597 0.0154932 3.23662e-05 6.344e-06 7.79974e-06 0.00561821 0.208762 0.235944 1.25738e-06 0.278617 0.000273458 7.30144e-05 0.00189005 0.000977909 0.0220399 1.17462e-06 3.17273e-05 2.12883e-06 0.0273754 6.30634e-05 7.71344e-05 0.0163002 3.91538e-06 0.0110814 1.2167e-06 0.000635913 0.00108918 0.131386 0.00225608 2.16725e-07 
0.0121296 0.00465436 0.00260861 0.00121109 0.0395646 0.00454415 0.0479747 0.0142527 0.000137725 0.345268 0.0240139 0.00031196 0.0127451 0.000463083 0.00620952 1.39097e-07 5.83453e-06 0.0119442 0.103318 0.00538995 0.00299598 0.0874962 9.3197e-06 0.0151572 0.00224036 0.10171 0.00219739 0.148853 0.00225338 0.000340046 
0.238275 0.00614617 0.0240954 8.86161e-09 5.91087e-09 3.05133e-08 0.180698 0.000617156 1.27559e-08 0.545432 6.69558e-09 3.0177e-08 1.46295e-08 1.28244e-12 0.00260399 6.66283e-10 4.49824e-09 0.00168344 1.04779e-08 4.89785e-09 1.69573e-08 0.000177976 7.30723e-13 1.98999e-08 5.22297e-09 6.83256e-13 3.11649e-13 0.000270569 2.38371e-13 1.69019e-12 
0.0211698 0.0457678 0.020047 9.88259e-05 0.00353842 0.00974454 0.12993 0.0993175 0.000568877 0.356832 0.00630741 0.0125897 0.0138259 9.90967e-06 0.0863138 6.65007e-08 0.0057178 0.000699171 0.01404 0.00118811 0.022895 0.0785097 0.000155183 0.0158593 0.000520397 0.00249963 0.0044571 0.0347712 0.0125192 0.000107146 
0.00134685 3.90987e-06 6.25519e-06 0.000100214 0.00683661 0.0165419 0.0259104 5.35688e-06 0.00970174 0.38226 0.00580043 0.00155582 0.102924 0.00268107 0.000950364 7.19819e-09 7.7689e-05 0.00310929 0.0873339 0.000223701 9.73754e-06 0.001048 0.00018532 0.045705 0.0125954 0.263358 0.00831737 0.00884429 0.0125674 5.49627e-09 
0.00854808 0.00651103 0.0304362 5.39863e-07 0.0278743 0.00146104 0.257775 0.0154247 1.52165e-09 0.464436 0.000166035 7.42006e-05 0.000534685 5.33423e-07 0.0513122 5.07011e-09 4.11961e-09 0.000950121 0.000585075 5.33958e-09 0.0481133 0.000502385 1.01477e-05 0.0119512 6.26694e-05 7.39334e-07 0.00104759 0.0543341 0.0178876 5.82963e-08 
0.0653708 0.0105776 0.0740886 2.10657e-06 0.0026214 0.00228765 0.105587 0.0072374 0.000963669 0.619521 0.000346563 0.00907335 0.000190675 8.84368e-07 0.0203149 1.67348e-07 9.1334e-07 4.5837e-06 0.00106754 1.00474e-08 0.0584599 0.000780154 2.35211e-05 0.0023632 2.3217e-05 2.29457e-05 0.000179486 0.0132584 0.00563289 2.02592e-07 
5.70656e-06 0.00798139 4.32276e-06 6.37931e-11 8.8785e-07 0.00492453 0.292968 0.0889077 1.18131e-10 0.39503 1.14842e-06 1.9761e-07 0.0283467 5.36814e-06 0.0431025 1.26047e-08 3.1982e-10 0.00194605 0.00183955 4.14531e-10 9.73218e-07 0.0971488 0.000150675 4.35135e-06 9.61986e-08 1.21495e-10 0.00517657 0.0135965 0.0188581 3.00547e-10 
0.0232544 0.197283 0.0335736 2.55864e-08 0.000273875 0.00212365 0.130207 0.0558626 0.0196778 0.325147 0.00626052 0.00165129 2.51716e-05 0.00024862 0.00467193 3.25172e-09 3.89358e-07 0.000759902 0.00499082 1.31838e-06 0.0465102 0.00773453 0.00247141 0.00287783 4.59528e-06 2.17155e-05 0.0563483 0.0658976 0.012117 4.00258e-06 
0.00171866 0.00791947 0.00774008 8.35463e-08 0.0207983 0.0106043 0.00659687 0.0470674 0.0313599 0.619868 0.00294595 2.96509e-07 1.15484e-07 2.98654e-07 0.00189922 5.1549e-07 0.00113132 0.00170682 0.0435291 5.42888e-07 0.0702116 1.24599e-07 0.00775993 0.00687412 0.00103275 0.0118861 0.0217077 0.0374314 0.0382087 3.93609e-07 
0.00851878 4.37556e-05 0.000174852 6.30675e-05 0.00405622 0.0207612 0.00544098 0.00159857 4.76145e-09 0.410885 0.040183 9.12556e-09 0.00746378 1.11303e-05 0.0116403 1.58651e-08 2.26425e-07 0.0102861 0.20229 0.0884847 0.00168121 0.123469 0.00135797 0.0512164 0.00138547 0.000595005 2.3693e-05 0.00650022 0.00186928 1.2114e-08 
2.27222e-07 0.000372457 0.00253551 3.52063e-11 1.46573e-06 0.00183614 0.00146249 0.00307179 0.000537933 0.417154 0.0960627 2.23493e-08 0.000153204 0.0196856 1.19543e-07 2.17227e-10 1.76503e-10 3.75013e-07 2.65354e-06 5.69905e-07 4.27605e-07 0.0304329 0.000464505 0.308144 2.6153e-07 1.98579e-07 0.0273528 0.0705448 0.0201815 8.99985e-07 
9.9905e-08 1.66378e-07 0.000948997 0.000435357 1.70511e-07 1.2226e-07 0.00140235 0.001841 2.779e-07 0.980282 0.00176398 0.00143858 2.0744e-07 0.00155627 2.48996e-07 9.25956e-07 7.5989e-05 3.52363e-07 0.000644682 9.7517e-07 0.000477633 0.00539411 3.0567e-07 0.00258988 4.12153e-07 0.00114354 1.30366e-07 5.91924e-08 9.97134e-08 7.07026e-07 
0.0909024 0.0146463 0.0238376 7.80305e-08 2.52084e-06 0.0708337 0.219531 0.00335251 1.8273e-05 0.241656 3.73847e-06 9.5817e-07 0.057821 0.000201593 0.237982 8.06774e-07 0.000269961 3.64732e-05 5.4333e-06 0.000153698 0.00734795 0.00111145 4.6827e-05 0.000653658 1.75359e-05 3.84773e-06 0.0156184 0.000160447 0.0137845 3.17309e-08 
0.0814171 0.02055 0.0137146 9.55199e-05 0.000888156 0.015475 0.281315 0.00392374 0.000233586 0.285249 0.00800897 0.130011 0.00332403 1.37832e-11 0.067762 3.08502e-08 0.00606795 0.00247962 0.000474623 1.36253e-07 0.0257509 0.0062067 0.000111753 0.00753372 0.000384791 0.000598873 0.00104911 0.0208415 0.016532 1.08664e-07 
0.01452 0.0234936 0.00396973 0.000107464 0.0392541 0.0876305 0.0668597 0.0661171 0.000180351 0.268991 0.0266769 0.000128493 0.0304211 3.255e-05 0.0143259 0.000240358 0.000105295 0.00582471 0.0211151 0.0774183 0.00799724 0.107444 0.0115598 0.0590868 0.011153 0.00421921 0.00590246 0.0393226 0.00589978 2.79538e-06 
0.0320026 0.0604484 0.135385 1.86995e-06 0.00029363 0.00214477 0.224474 0.00369029 1.60871e-06 0.497786 0.00154868 0.00505702 0.000144839 0.000196305 0.0140293 3.18851e-08 3.06867e-06 0.000944678 0.00209835 9.68954e-08 0.00716793 0.00223377 0.00430895 0.00274393 8.64016e-05 0.000283712 0.000541431 0.00211333 0.000269695 1.2809e-07 
0.0892966 0.0514036 0.00542421 4.7621e-05 0.00320584 0.00156479 0.221291 0.0177177 2.2806e-06 0.56158 0.000274315 0.000195339 5.46313e-05 6.40951e-06 0.010311 7.04845e-09 1.88035e-05 0.00803083 0.005843 2.84122e-06 0.0117661 0.000632929 1.03369e-05 0.00146885 2.36046e-05 4.2499e-05 1.79372e-06 0.00787303 0.00190919 3.03455e-07 
0.0376217 0.0334649 0.0525554 2.18992e-05 0.00124143 0.0162188 0.222206 0.0262779 0.0103224 0.440761 0.00118848 0.0100246 0.00275518 0.000902761 0.0197373 0.00761568 0.00016738 0.00137878 0.0423787 0.000711991 0.0200466 0.00291721 0.00084202 0.00806247 0.00102603 0.000878303 0.00584316 0.0142171 0.0186116 3.61727e-06 
0.112669 0.0243088 0.0182416 3.40355e-09 7.10746e-08 0.000825968 0.384598 0.00548828 3.43121e-06 0.409589 1.40141e-05 0.00380275 4.02931e-06 8.4587e-09 0.00503266 1.06975e-08 1.30209e-06 4.10439e-05 0.007202 2.05976e-09 0.00708754 0.00226697 1.492e-12 0.00193706 3.74103e-05 4.0012e-05 5.92277e-06 0.0167017 0.000101832 1.97015e-09 
0.00461422 0.0188973 0.00268847 9.53253e-05 0.0062909 0.0162342 0.152762 0.134699 0.00804371 0.317622 0.0435567 0.00300685 0.0295402 0.00120296 0.0127715 5.79532e-05 0.0036929 0.000379204 0.0569298 0.00548112 0.0138271 0.0513554 0.00816453 0.010812 5.68319e-05 0.000284457 0.00493131 0.0374232 0.0545726 5.19261e-06 
0.0640698 0.00840556 0.0108982 5.17622e-06 0.00081769 0.00132632 0.100086 0.0024534 8.47193e-08 0.786867 0.000197338 4.91514e-06 0.000403002 6.26625e-08 0.00956359 7.93297e-08 3.11955e-08 0.000117933 5.39332e-05 1.5538e-08 0.00590854 0.00152102 1.12083e-10 0.00109397 0.000239501 0.000295097 0.000220953 0.00469905 0.000751068 1.47874e-08 
1.49687e-05 0.0613264 3.39154e-06 8.99869e-12 1.02243e-11 0.00845788 0.116916 0.177894 0.000425427 0.422672 0.00593709 2.58371e-06 0.00241101 3.21677e-11 0.0828299 5.55229e-11 0.00316779 0.00199821 0.00552252 5.84739e-11 0.0397551 0.0263622 1.63145e-07 0.0362745 4.34988e-07 9.4277e-08 0.00188199 2.9495e-06 0.00614434 4.23952e-11 
0.0688264 0.20306 0.206652 1.72857e-09 0.000223116 0.000169383 0.0866387 0.00890562 0.000879554 0.251475 0.000485036 1.28873e-10 0.000104314 1.29805e-10 0.000354379 2.24049e-10 0.165052 8.52595e-11 0.000649924 2.22287e-08 0.00236222 2.90165e-06 1.07646e-05 1.59515e-07 1.10093e-07 0.000290721 0.00345574 4.74052e-08 0.000401102 2.06339e-07 
0.0223532 0.00383515 0.0028967 2.79135e-05 0.00502391 0.0024899 0.336166 0.0273584 1.36079e-05 0.566639 0.00214471 0.000101627 0.00686476 8.4424e-10 0.00472602 1.4572e-09 7.89384e-07 0.00186586 0.00814876 4.90746e-05 0.000538797 0.00277699 0.000403707 0.00155637 3.1944e-06 2.37305e-05 1.60641e-05 0.0038707 0.000105061 1.11266e-09 
0.0653708 0.0105776 0.0740886 2.10657e-06 0.0026214 0.00228765 0.105587 0.0072374 0.000963669 0.619521 0.000346563 0.00907335 0.000190675 8.84368e-07 0.0203149 1.67348e-07 9.1334e-07 4.5837e-06 0.00106754 1.00474e-08 0.0584599 0.000780154 2.35211e-05 0.0023632 2.3217e-05 2.29457e-05 0.000179486 0.0132584 0.00563289 2.02592e-07 
0.238275 0.00614617 0.0240954 8.86161e-09 5.91087e-09 3.05133e-08 0.180698 0.000617156 1.27559e-08 0.545432 6.69558e-09 3.0177e-08 1.46295e-08 1.28244e-12 0.00260399 6.66283e-10 4.49824e-09 0.00168344 1.04779e-08 4.89785e-09 1.69573e-08 0.000177976 7.30723e-13 1.98999e-08 5.22297e-09 6.83256e-13 3.11649e-13 0.000270569 2.38371e-13 1.69019e-12 
0.0447832 0.0307046 0.156416 7.06012e-08 4.28613e-06 2.20777e-07 0.0972163 2.37862e-06 7.13095e-11 0.546745 3.05817e-11 0.00947621 5.32293e-11 1.37657e-10 6.38926e-11 2.37602e-10 1.93058e-10 8.08604e-07 1.99383e-07 2.5023e-10 0.110093 0.000627063 4.51983e-08 8.69446e-05 0.000659595 0.00151989 2.25608e-07 0.00113249 0.000531325 8.66158e-08 
0.0157717 0.027408 0.00266156 4.14521e-08 1.84932e-06 0.0180835 0.132073 0.178076 0.000141831 0.195667 0.00732129 8.45724e-05 0.00410633 8.01566e-08 0.0403197 3.45912e-11 0.0136559 0.00386045 0.0343979 3.15091e-07 0.0172934 0.0852286 9.75788e-08 0.137209 4.13398e-05 4.94268e-05 0.00555011 0.0695161 0.0114803 1.10554e-07 
0.00980519 0.0588728 0.0083405 0.000103499 0.0026192 0.0225947 0.214484 0.0245527 0.00224788 0.257159 0.022345 0.00180681 0.0348154 0.00326262 0.042546 5.32297e-06 4.67144e-05 0.000725866 0.0735727 0.0110277 0.0196413 0.00705912 0.0322475 0.00755933 0.000188155 0.00132003 0.0312833 0.0418463 0.0678986 2.31049e-05 
0.00134685 3.90987e-06 6.25519e-06 0.000100214 0.00683661 0.0165419 0.0259104 5.35688e-06 0.00970174 0.38226 0.00580043 0.00155582 0.102924 0.00268107 0.000950364 7.19819e-09 7.7689e-05 0.00310929 0.0873339 0.000223701 9.73754e-06 0.001048 0.00018532 0.045705 0.0125954 0.263358 0.00831737 0.00884429 0.0125674 5.49627e-09 
0.056457 0.0436993 0.0234579 4.75435e-05 0.00474171 0.0126811 0.119899 0.0616779 0.0151269 0.275332 0.014271 0.00108016 0.0059314 7.9165e-06 0.00262138 1.83232e-08 1.09677e-05 5.03871e-05 0.0561769 0.000211009 0.0985393 0.0460192 0.00439739 0.0380842 0.000201277 0.00440011 0.007097 0.0937232 0.0140464 1.13694e-05 
0.164643 0.00791169 0.00324256 0.000326702 0.00231875 0.00511682 0.229188 0.0198819 0.00116617 0.379657 0.0086794 0.00175705 0.00112197 0.00443573 0.00136272 2.43524e-10 3.47654e-05 0.00624659 0.0901974 0.00713664 0.00111977 0.0079185 0.000139072 0.00173558 0.00502029 0.0226109 0.00751333 0.0167453 0.00277203 1.36101e-08 
0.0146288 0.00875089 0.00634544 0.00042648 0.00347918 0.00154794 0.101145 0.0195083 6.23801e-07 0.233304 0.00203228 0.181911 0.000216539 4.48032e-05 0.0422031 1.50937e-09 1.64893e-06 0.00197555 0.00190266 1.81515e-05 0.000686341 0.0884459 0.000515747 0.0262679 0.153279 0.00768967 0.000858522 0.097312 0.00548551 1.58033e-05 
0.115465 0.0423063 0.0404324 6.15184e-05 0.00579895 0.00633933 0.225425 0.0114397 0.0012225 0.436227 0.00215185 0.0049709 0.00760327 0.0028385 0.00367494 4.16646e-08 0.000806297 0.00232624 0.03078 0.00351339 0.00325226 0.0187005 0.00147512 0.00696807 0.000567009 0.00421579 0.00126191 0.0174757 0.0023986 0.000302098 
2.23673e-05 0.0246226 2.23555e-05 2.23647e-05 2.23636e-05 2.23661e-05 0.156605 2.23661e-05 2.2358e-05 0.789099 2.23663e-05 2.23449e-05 2.23617e-05 2.23447e-05 2.23595e-05 2.23245e-05 2.23336e-05 2.23542e-05 2.2365e-05 2.2322e-05 2.23673e-05 0.0290916 2.23566e-05 2.23665e-05 2.23512e-05 2.23578e-05 2.23657e-05 2.23694e-05 2.23673e-05 2.23359e-05 
0.238275 0.00614617 0.0240954 8.86161e-09 5.91087e-09 3.05133e-08 0.180698 0.000617156 1.27559e-08 0.545432 6.69558e-09 3.0177e-08 1.46295e-08 1.28244e-12 0.00260399 6.66283e-10 4.49824e-09 0.00168344 1.04779e-08 4.89785e-09 1.69573e-08 0.000177976 7.30723e-13 1.98999e-08 5.22297e-09 6.83256e-13 3.11649e-13 0.000270569 2.38371e-13 1.69019e-12 
0.0643436 0.0326168 0.042983 7.78075e-05 0.0129122 0.00130307 0.243135 0.00872276 2.61956e-05 0.323605 0.0127635 0.0203546 0.000174469 4.72756e-07 0.00314591 1.88905e-09 1.21326e-06 0.00611967 0.0122246 4.09327e-05 0.00684014 0.168301 8.73228e-05 0.0165814 0.000654376 1.1402e-05 0.000986768 0.0159764 0.00599087 1.95736e-05 
0.140254 0.00237045 0.00544787 9.06452e-05 0.032263 0.0124466 0.203063 0.0311724 5.13881e-05 0.275967 0.0341173 0.000294604 0.0046896 0.0026557 0.00151235 7.37727e-09 1.41255e-05 0.0285857 0.149255 0.000141519 0.000825122 0.00288619 0.000138609 0.00662361 0.00292378 0.00575966 0.00307157 0.0519767 0.00140093 1.43749e-06 
0.00225277 0.00188385 0.000885599 0.00047021 0.002375 0.00017385 0.0203353 0.0213321 2.297e-08 0.646633 0.000512356 0.0942248 1.71461e-08 4.43417e-08 0.00237227 7.65357e-08 6.21875e-08 0.000716664 0.0015605 0.00119021 0.00105483 0.181205 7.92186e-05 0.000580096 9.81234e-05 5.41194e-05 0.000163193 0.0163274 0.00313691 0.000382386 
0.0527671 0.0666679 0.012236 0.000127283 0.0010054 0.00931455 0.072109 0.0243505 0.000202847 0.665485 0.00272466 0.00667795 0.0327519 2.81881e-08 0.00923211 3.77433e-09 2.00755e-06 7.23148e-05 2.68143e-05 0.000320504 0.00100781 0.0252182 2.79766e-05 0.0015982 0.00113245 0.000738665 0.00339861 0.00976823 0.00103517 1.01279e-06 
0.0946657 0.0611831 0.00730637 5.64344e-05 0.0390093 0.0773349 0.20403 0.0183015 0.000561164 0.239676 0.0221989 0.00706254 0.00273018 5.22292e-05 0.0431969 9.92116e-08 0.00334632 0.000135262 0.0207822 0.000186646 0.0153238 0.0422971 0.00092538 0.0679697 8.40114e-05 0.00651089 0.000242225 0.0159306 0.00889901 9.41789e-07 
0.0115962 0.0522432 0.0071263 0.000123214 0.0180884 0.000247536 0.208408 0.0393238 0.000159193 0.424117 0.00856867 0.00135089 0.000118553 0.000307644 0.00296352 5.01336e-08 0.000121419 0.000575185 0.0401747 0.000273218 0.0135095 0.0550764 0.000248442 0.0209017 0.0124795 0.00194656 0.00440368 0.0666465 0.00877102 0.000130899 
1.78731e-07 0.00643818 3.86045e-10 2.66472e-07 0.000597539 2.00421e-06 0.0841379 0.0276696 1.79659e-06 0.367365 0.0518543 6.28537e-10 0.0162635 6.33083e-10 4.28417e-07 0.233118 3.63032e-07 4.96806e-06 0.0147164 3.86486e-06 0.0239169 0.0451831 3.60724e-10 0.0443521 4.86385e-10 3.37291e-10 0.0643612 0.0142008 0.00581102 8.34367e-10 
0.0133845 0.00244837 0.164511 3.16592e-05 0.0270619 0.00519315 0.280907 0.0119882 7.11014e-10 0.3346 0.00654811 0.104503 0.00657391 6.14929e-05 0.00566627 2.36908e-09 0.000265099 1.8898e-06 0.000135893 0.00102122 0.000611585 0.0127308 0.000124176 0.00378113 0.0093795 0.00348097 5.46561e-05 0.00441409 0.00052061 4.18766e-08 
0.00350624 0.0298165 7.91831e-05 1.4757e-06 3.21323e-06 0.1287 0.214811 0.0191207 0.000319639 0.489919 0.000814573 1.88803e-06 0.0357073 7.11486e-05 0.0155153 0.000501786 6.34692e-05 3.69871e-06 0.0133992 1.47658e-05 0.0124995 0.00511706 0.00417375 0.00566355 3.45118e-06 0.00107874 0.0124173 0.0043781 0.0022954 2.54243e-06 
0.0038066 0.0464984 0.0287695 1.50077e-05 0.00176328 0.0140427 0.0903423 0.025163 0.0169418 0.508846 0.0392924 4.94577e-06 0.000724284 1.44531e-05 0.000475427 1.30074e-07 1.34759e-05 0.0251094 0.0196077 0.000785004 0.0222728 0.0305011 0.00199095 0.0348308 0.00178301 0.00214927 0.0730543 0.00756571 0.00347236 0.000163683 
0.035118 0.0179536 0.189552 0.000248652 0.00520286 0.0550248 0.0487017 0.0264865 0.00663608 0.252814 0.00171544 0.00346341 0.0241489 0.00229158 0.0129843 0.0751037 0.000280828 0.000154958 0.0172475 5.71362e-08 0.0110097 0.0783156 0.00304567 0.0141265 9.01766e-05 0.00163232 0.052193 0.0605228 0.00229114 0.00164459 
0.087838 0.0916943 0.00401548 6.25757e-05 0.00170727 0.0460948 0.184633 0.0924589 0.00693378 0.313009 0.00116997 6.5924e-05 0.00221217 0.000550692 0.0135627 0.00087571 4.90658e-05 4.02429e-06 0.0146019 1.24901e-05 0.00420001 0.0896852 0.00233117 0.0201746 0.000909483 0.00187579 0.00337942 0.0107697 0.00512143 2.09357e-06 
0.00095419 0.00559831 0.00034224 1.04148e-05 0.279183 0.00327428 0.0369233 0.0305856 6.82802e-05 0.452987 0.0407553 4.13138e-05 0.008801 0.00038916 0.000919026 2.30911e-07 2.0899e-05 0.00478184 0.0321571 0.000389467 0.00984291 0.0125203 0.00109213 0.0120102 0.0132406 0.000895787 0.00766055 0.0237927 0.0206798 8.30262e-05 
6.72511e-06 6.72408e-06 0.0194993 0.0195073 6.72402e-06 6.72477e-06 0.141918 0.100878 6.72234e-06 0.178112 0.0995339 0.0181464 6.72343e-06 0.0194898 6.72279e-06 6.71225e-06 0.000678213 6.72118e-06 0.0302668 6.7115e-06 0.0322873 0.162036 6.72191e-06 0.150644 6.72027e-06 0.0268957 6.72463e-06 6.72575e-06 6.72512e-06 6.71567e-06 
1.78731e-07 0.00643818 3.86045e-10 2.66472e-07 0.000597539 2.00421e-06 0.0841379 0.0276696 1.79659e-06 0.367365 0.0518543 6.28537e-10 0.0162635 6.33083e-10 4.28417e-07 0.233118 3.63032e-07 4.96806e-06 0.0147164 3.86486e-06 0.0239169 0.0451831 3.60724e-10 0.0443521 4.86385e-10 3.37291e-10 0.0643612 0.0142008 0.00581102 8.34367e-10 
0.174536 2.64368e-05 0.15066 2.64378e-05 2.64365e-05 0.119004 0.200992 2.64394e-05 2.64299e-05 0.248416 2.64396e-05 2.64144e-05 2.64342e-05 2.64141e-05 0.0555332 2.63903e-05 2.6401e-05 2.64254e-05 2.64382e-05 2.63873e-05 2.64409e-05 0.0502498 2.64283e-05 2.64399e-05 2.64218e-05 2.64296e-05 2.6439e-05 2.64433e-05 2.64409e-05 2.64037e-05 
0.0133845 0.00244837 0.164511 3.16592e-05 0.0270619 0.00519315 0.280907 0.0119882 7.11014e-10 0.3346 0.00654811 0.104503 0.00657391 6.14929e-05 0.00566627 2.36908e-09 0.000265099 1.8898e-06 0.000135893 0.00102122 0.000611585 0.0127308 0.000124176 0.00378113 0.0093795 0.00348097 5.46561e-05 0.00441409 0.00052061 4.18766e-08 
0.0481038 0.0168665 0.0112368 0.000206661 6.22638e-05 0.0193013 0.282208 0.0229222 4.43415e-05 0.296411 0.00407066 0.0485932 0.00400866 0.0253648 0.0283589 0.0229684 3.48182e-05 0.00615823 0.000141122 2.65604e-05 0.00406779 0.0409406 0.000276416 0.0100843 0.00058463 0.000412002 0.00290565 0.0614368 0.0421853 1.87065e-05 
0.00723941 0.00267557 0.0001574 6.35885e-09 0.00124346 0.00056003 0.0929714 0.00991777 4.2227e-05 0.767941 0.0211726 2.25678e-08 0.00710236 0.00024278 0.0527281 3.92348e-08 0.000802627 2.73517e-06 0.000132882 2.71346e-05 0.000221877 0.000494363 6.00103e-05 0.0108631 0.00204878 3.1464e-06 0.000648431 0.0061128 0.0145829 5.33787e-06 
0.0234289 0.00103335 0.00034205 9.00896e-12 0.000871817 1.20692e-07 0.0230794 0.00118307 5.18629e-07 0.798235 0.0695808 3.19732e-11 8.56265e-07 0.000670462 0.0176003 5.55863e-11 1.49688e-07 2.92897e-08 0.000392366 3.32899e-07 5.97228e-12 0.0015251 7.37084e-07 0.0159704 0.00564774 1.95466e-06 0.00205628 0.0175472 0.0208236 7.21952e-06 
0.000558625 0.00447496 0.000746722 9.28696e-05 0.000686687 3.53752e-05 0.120657 0.0628772 1.27481e-05 0.57772 2.01181e-05 0.00540674 2.85982e-05 4.40536e-05 0.0082895 9.20784e-07 3.24939e-06 0.000221494 0.00731434 0.000157964 0.00324648 0.0035891 7.1625e-05 0.103717 9.2229e-06 2.03006e-06 0.000187412 0.047075 0.0527519 7.03076e-07 
0.00867875 0.0181777 0.104659 1.87819e-05 0.0687256 0.00469676 0.0390648 0.026727 3.90017e-07 0.478775 0.00123178 0.00140818 0.0262696 0.00174448 0.00148012 1.29953e-06 4.5984e-06 0.0001561 0.0160935 0.000279797 0.028338 0.0288853 0.000672245 0.0184551 0.000159356 7.30713e-05 0.000838241 0.0200145 0.104336 3.52832e-05 
0.000553215 0.0120431 0.00943969 8.53517e-06 0.000562565 0.0284024 0.029166 0.00778824 0.00161054 0.678719 0.0152747 0.000309433 0.000258295 0.000319123 0.0286443 1.93405e-06 0.000635466 0.05339 0.0217758 1.40554e-05 0.00150946 0.0609327 0.00103848 0.0129844 0.00310504 0.0212804 0.00583315 0.00145641 0.0029234 2.07295e-05 
0.00356665 0.00668269 2.09978e-07 8.85906e-05 0.0133507 0.00258264 0.0106309 0.0481722 1.89458e-07 0.732486 0.0157039 3.73723e-07 0.00380212 5.77652e-08 0.00715487 3.69143e-11 2.99939e-11 7.72615e-07 0.00168229 0.00951818 2.76046e-07 0.056797 0.00440978 0.0540892 3.45214e-08 1.72064e-07 5.25962e-07 0.00344108 0.0258389 5.64009e-08 
8.7551e-05 0.00861577 8.31442e-05 0.000740109 0.00358273 0.0349932 0.00429708 0.00533337 0.000499424 0.347426 0.215252 0.168347 0.0269059 5.11926e-05 6.08733e-07 1.008e-09 1.36567e-06 0.064169 0.000166134 1.77617e-07 0.00141918 0.0162183 1.65941e-06 0.0818957 6.18997e-07 0.000640722 0.0152964 0.0026581 0.00107179 0.000245919 
0.0944521 0.0121811 0.0039424 0.000303168 0.00426748 0.00411812 0.23709 0.00551786 0.00073667 0.411864 0.00388629 0.000430929 0.00529894 0.000759189 0.00744801 1.41328e-08 1.64053e-06 0.0309777 0.00866499 9.72469e-05 0.000510411 0.000344948 0.00160275 0.0326648 6.4526e-05 8.08866e-05 4.25159e-05 0.124181 0.00847017 1.07912e-08 
0.0658332 0.00099624 0.00385913 0.16543 0.000152059 0.000885387 0.00146173 0.00503754 0.000179433 0.423173 0.000877091 7.31855e-06 0.000339195 6.48568e-05 0.00379285 1.06004e-05 7.00275e-05 0.0295695 6.79804e-05 1.11638e-05 0.0169296 0.00160206 0.000133677 0.0305284 4.84433e-06 0.0242243 0.0546518 0.150459 0.0196325 1.56595e-05 
0.0277509 0.0120364 0.000934014 3.19275e-05 0.00365568 0.0148898 0.168535 0.0298537 0.00142527 0.693522 0.00391089 4.35517e-09 0.00549289 3.72731e-05 0.0203788 9.04873e-09 3.02413e-05 0.000785555 1.23944e-08 1.48097e-07 0.000268714 0.00119698 6.3042e-05 0.00167187 0.00083439 2.40667e-08 0.00197262 0.00443547 0.00628596 1.75898e-07 
0.0173873 0.0023366 0.00264855 0.00682431 0.0136033 0.043867 0.0438464 0.0101449 0.0044209 0.206658 0.197281 0.000594943 0.0982731 0.000522698 0.00252443 5.30526e-07 0.00573424 0.00375648 0.0768222 5.91144e-05 0.0225388 0.0108293 0.000245807 0.0272356 0.00273496 0.025808 0.0015205 0.114209 0.0575709 9.19358e-07 
0.157523 0.0150569 0.0521294 2.1391e-05 0.0149062 0.00610152 0.112894 0.0273077 0.000234365 0.434815 0.000181671 7.83275e-06 0.012923 0.00339133 0.0142496 2.74698e-08 3.86415e-06 0.00114241 0.020177 5.07521e-06 0.0191803 0.044015 0.00410944 0.00752238 0.00325926 0.00103614 0.00482182 0.029809 0.0131755 2.09749e-08 
0.00639009 0.0614165 0.029557 0.00153579 0.00241575 0.0207399 0.0278038 0.0247609 0.12005 0.13171 0.0748495 0.000184139 0.0285128 0.00235661 0.0209093 0.00421268 0.00106274 0.00084102 0.0422659 0.121667 0.0160052 0.119366 0.00740878 0.0574465 0.0220572 0.000435946 0.020305 0.0144398 0.0192879 6.39693e-06 
2.20607e-06 1.38163e-05 0.000183503 1.44916e-07 0.00557714 0.012423 2.00087e-05 0.0288033 3.41023e-05 0.66013 0.138643 1.06754e-06 0.0143439 0.000189816 0.00119712 1.10749e-09 0.000145168 3.22556e-05 5.82325e-06 0.000909282 1.72937e-06 0.00147272 0.00619923 0.0273895 0.0185423 0.000791776 0.0176335 0.0330955 0.0322189 7.02976e-08 
0.00717126 0.0204373 0.0184332 0.000179576 0.0107416 0.0859711 0.0238191 0.0828481 0.00363761 0.283535 0.0497286 0.000174041 0.025999 0.000179617 0.00191959 0.00799133 1.5082e-05 0.00696144 0.0390067 0.0130803 0.00374022 0.0829796 0.017708 0.0504358 0.00069799 0.00304514 0.0138629 0.0483381 0.020963 0.0764001 
0.0144754 0.00408129 0.000740409 5.07535e-05 0.0166462 0.0368977 0.0337274 0.119857 0.0109088 0.244789 0.0656921 0.00278118 0.00656587 0.000768931 0.00872506 5.68055e-09 1.56799e-08 0.0109911 0.0655472 0.00255576 0.0173108 0.0565407 7.26382e-05 0.0632057 0.00047987 0.00691899 0.0891338 0.0432913 0.0772431 1.38856e-06 
4.18905e-11 2.37263e-07 9.32866e-07 0.00244745 4.14684e-06 4.85988e-06 2.78666e-11 0.0677821 0.00406602 0.421513 0.0606343 2.23325e-10 1.7049e-06 1.25989e-06 8.77108e-07 3.88257e-10 1.83004e-06 0.00195135 6.00571e-11 4.08892e-10 4.17149e-11 0.26134 1.3459e-06 0.127728 5.01343e-07 0.0295527 2.04446e-06 4.47996e-06 0.0229617 3.26401e-07 
0.000412886 0.00950841 0.00131863 0.000296616 0.00873992 0.115022 0.157661 0.0300751 0.000754871 0.184999 0.0541293 0.000254228 0.0394808 4.61755e-05 0.0227283 0.0183825 0.00382106 0.00153955 0.0204237 0.000134374 0.0349919 0.12183 0.0883881 0.0220634 0.000380439 0.000695026 0.00985459 0.0119332 0.0401351 7.64261e-08 
0.0576044 0.0165254 0.00175031 8.08648e-12 3.3301e-08 6.59896e-05 0.0593576 0.000743893 2.28953e-08 0.82922 2.86995e-07 1.37876e-07 0.000865363 1.64343e-08 0.0006729 4.98945e-11 8.60571e-05 8.5367e-06 0.0001258 1.42425e-05 1.19494e-05 0.0317989 4.55562e-08 7.29533e-05 0.000909456 6.72684e-06 3.05595e-06 0.000155678 3.94901e-08 3.80976e-11 
0.0198188 0.0118122 0.00203017 0.000265397 0.00477372 0.0156655 0.0347136 0.016075 0.00218958 0.756525 0.053094 0.00463003 0.0034103 0.000560031 0.00260821 1.57743e-05 0.00150561 0.00789197 0.00325299 0.00139687 0.00361979 0.00773826 0.00375657 0.0123028 0.000790718 0.00164198 0.00926718 0.0118929 0.00674155 1.36719e-05 
1.78731e-07 0.00643818 3.86045e-10 2.66472e-07 0.000597539 2.00421e-06 0.0841379 0.0276696 1.79659e-06 0.367365 0.0518543 6.28537e-10 0.0162635 6.33083e-10 4.28417e-07 0.233118 3.63032e-07 4.96806e-06 0.0147164 3.86486e-06 0.0239169 0.0451831 3.60724e-10 0.0443521 4.86385e-10 3.37291e-10 0.0643612 0.0142008 0.00581102 8.34367e-10 
0.00356665 0.00668269 2.09978e-07 8.85906e-05 0.0133507 0.00258264 0.0106309 0.0481722 1.89458e-07 0.732486 0.0157039 3.73723e-07 0.00380212 5.77652e-08 0.00715487 3.69143e-11 2.99939e-11 7.72615e-07 0.00168229 0.00951818 2.76046e-07 0.056797 0.00440978 0.0540892 3.45214e-08 1.72064e-07 5.25962e-07 0.00344108 0.0258389 5.64009e-08 
0.0223532 0.00383515 0.0028967 2.79135e-05 0.00502391 0.0024899 0.336166 0.0273584 1.36079e-05 0.566639 0.00214471 0.000101627 0.00686476 8.4424e-10 0.00472602 1.4572e-09 7.89384e-07 0.00186586 0.00814876 4.90746e-05 0.000538797 0.00277699 0.000403707 0.00155637 3.1944e-06 2.37305e-05 1.60641e-05 0.0038707 0.000105061 1.11266e-09 
0.041351 0.0212862 0.0159322 2.00089e-05 0.011532 0.00137922 0.0767146 0.00717622 3.98347e-07 0.689044 0.000590131 0.000125208 1.45813e-05 0.00456883 0.0049397 5.74586e-10 4.36486e-05 0.00144018 0.0018771 4.7223e-07 0.00373282 0.000785227 2.21583e-06 0.00077538 0.000333559 0.0812118 0.00011016 0.0334035 0.00160901 8.43085e-07 
0.0481038 0.0168665 0.0112368 0.000206661 6.22638e-05 0.0193013 0.282208 0.0229222 4.43415e-05 0.296411 0.00407066 0.0485932 0.00400866 0.0253648 0.0283589 0.0229684 3.48182e-05 0.00615823 0.000141122 2.65604e-05 0.00406779 0.0409406 0.000276416 0.0100843 0.00058463 0.000412002 0.00290565 0.0614368 0.0421853 1.87065e-05 
1.98098e-05 0.00185743 4.21491e-05 6.30835e-05 0.00115577 0.0398825 0.0572831 0.0258369 7.75671e-08 0.507283 0.000451682 8.32722e-05 0.134882 8.71938e-05 0.00552276 2.58452e-07 4.72816e-05 0.000714934 7.77366e-05 0.0295072 0.0182234 0.0601807 0.000190697 0.114692 1.1504e-07 0.000674596 3.89049e-06 0.000620919 0.000614765 1.97344e-07 
8.38439e-07 0.00726415 0.00371365 7.70653e-08 0.161848 1.35716e-08 0.0384426 0.0628368 1.55794e-12 0.215873 0.0197172 0.0344639 1.16293e-12 3.00746e-12 1.84399e-07 5.19101e-12 4.21785e-12 0.000474372 0.0457666 6.39683e-08 3.92587e-07 0.106078 0.000857784 2.15898e-07 3.65094e-08 1.6023e-12 6.07342e-08 0.165907 0.135945 0.000811249 
0.00286754 0.0167559 0.00155053 4.97779e-07 0.000530676 0.0305756 0.0566992 0.217765 0.00259961 0.487845 0.00207609 1.0603e-06 0.000199134 0.015783 0.0224524 2.55305e-09 2.46765e-05 0.00410318 0.00403241 8.45192e-07 0.0179827 0.0051073 0.0185071 0.0070546 1.79392e-07 0.0371715 0.022637 0.00136575 0.0242689 4.236e-05 
0.1618 0.0229829 0.0336042 0.000226111 0.000437058 0.0306229 0.106767 0.005445 0.000653843 0.541356 0.00219303 0.00103579 0.00272713 8.57242e-07 0.00402199 9.54168e-10 8.00101e-06 0.00846974 0.00508895 0.0133786 0.00345428 0.0113477 1.05649e-06 0.00902304 0.000131161 0.000468731 0.00217562 0.0135749 0.0172366 0.0017677 
0.00134685 3.90987e-06 6.25519e-06 0.000100214 0.00683661 0.0165419 0.0259104 5.35688e-06 0.00970174 0.38226 0.00580043 0.00155582 0.102924 0.00268107 0.000950364 7.19819e-09 7.7689e-05 0.00310929 0.0873339 0.000223701 9.73754e-06 0.001048 0.00018532 0.045705 0.0125954 0.263358 0.00831737 0.00884429 0.0125674 5.49627e-09 
0.140182 0.011685 0.00470714 3.095e-05 0.000132229 0.00096269 0.0721058 0.00824131 3.76346e-06 0.704151 0.000883978 0.000837301 0.00122819 2.22634e-05 0.00498358 3.75145e-06 4.02946e-06 0.00246152 0.00484504 0.00717781 0.000196764 0.0218325 0.000152174 0.00321471 0.000265657 7.48541e-05 6.07248e-05 0.00864294 0.000908023 2.571e-06 
0.112669 0.0243088 0.0182416 3.40355e-09 7.10746e-08 0.000825968 0.384598 0.00548828 3.43121e-06 0.409589 1.40141e-05 0.00380275 4.02931e-06 8.4587e-09 0.00503266 1.06975e-08 1.30209e-06 4.10439e-05 0.007202 2.05976e-09 0.00708754 0.00226697 1.492e-12 0.00193706 3.74103e-05 4.0012e-05 5.92277e-06 0.0167017 0.000101832 1.97015e-09 
0.0822266 0.00551497 0.0206557 1.60481e-06 0.00916292 0.0062432 0.0805194 0.124702 0.000281066 0.4265 0.00383377 0.00860567 0.00702468 2.82539e-06 0.00346686 3.92079e-10 0.0693062 0.000134936 4.25877e-05 0.000570753 0.121448 0.0113961 0.00190134 0.00357289 0.00224705 0.000668341 0.00119842 0.00266896 0.00610319 1.79523e-07 
0.0165151 0.00130214 4.98176e-05 4.4303e-06 0.0425674 0.00327683 0.00830564 0.000918795 0.000180135 0.731195 0.0102806 0.000178888 0.016546 0.000460438 0.00455774 4.01082e-07 0.000158825 0.0001528 0.0146327 0.0111265 0.000315372 0.0835427 0.00135871 0.010818 0.00279544 0.000198023 0.0105354 0.00777674 0.0202393 1.0383e-05 
0.15667 0.011661 0.0143273 9.58881e-05 0.000203841 0.00102934 0.0729861 0.000838614 0.000168417 0.728781 7.24994e-08 0.000180198 4.34353e-08 4.8875e-11 0.00104735 1.21959e-09 4.27556e-05 0.00618631 0.000240098 1.46179e-08 0.000452209 0.00336925 2.78485e-11 0.000764784 8.96456e-09 2.00695e-08 4.97136e-08 0.000601274 0.000333342 2.06e-05 
0.0236823 0.041013 0.0116047 5.48234e-05 0.0493108 0.00257957 0.274176 0.00971342 0.00010983 0.388935 0.0180193 0.00146159 0.00514246 2.68928e-06 6.53869e-05 5.5702e-08 4.16967e-05 0.000789789 0.0295281 0.000629653 0.0808639 0.00502551 0.000128952 0.0139461 0.00375164 0.0135177 0.0108381 0.0127069 0.00234668 1.4409e-05 
0.000132665 0.0120579 7.45623e-05 7.75569e-05 0.000393079 0.00528396 0.205227 0.00191964 0.00022737 0.545735 0.00342891 0.000468885 0.00205646 0.000128735 0.00369 5.63479e-07 1.71467e-05 0.00945115 0.000917195 0.0289204 3.83328e-05 0.0910171 0.0180172 0.0172763 8.40223e-05 1.73928e-07 0.0241305 0.0220338 0.00718891 5.055e-06 
0.00023601 0.0008035 0.00237079 0.000202937 0.00150497 0.0835263 0.128649 0.0151866 0.00266135 0.34728 0.00263469 0.0020834 0.159634 0.000748187 0.00958474 7.76024e-08 0.000157367 0.00624698 0.025867 4.51587e-05 0.000223385 0.0843459 0.00122779 0.0189132 0.00632834 0.0598076 0.0205835 0.002472 0.0166746 5.92543e-08 
0.0536319 0.00489868 0.00228774 5.98059e-07 5.80832e-10 1.00084e-05 0.0248965 0.000226656 9.46641e-10 0.91079 3.078e-09 1.6302e-07 1.37734e-06 5.26424e-06 0.0029145 3.15419e-09 1.24237e-06 1.20029e-09 0.000156271 3.32183e-09 3.38891e-10 0.0001783 1.04124e-09 3.9383e-10 1.40396e-09 9.73599e-10 4.44082e-10 1.58126e-07 9.95985e-08 2.40842e-09 
0.0107594 0.11343 0.0305309 4.78829e-07 0.00588186 0.00287759 0.00337986 0.00929149 0.00164124 0.446239 0.0778848 3.2642e-05 0.0104702 0.0439932 0.00139876 5.26154e-08 0.0328988 0.00260392 0.000812064 5.54118e-08 0.0120628 0.00582757 0.0288465 0.0887047 0.000292368 0.038646 0.0194069 4.70357e-09 0.0120776 9.04456e-06 
0.00429118 0.00937613 9.04085e-05 6.18108e-05 0.00374553 0.00709349 0.0100899 0.0379611 0.00109557 0.770907 0.00782138 1.96585e-07 0.00376188 0.000103539 0.00322924 3.41768e-07 4.18492e-05 2.14417e-05 0.000142383 0.000120371 0.000613489 0.0558537 0.00161787 0.045535 0.00128662 0.000191808 0.00388647 0.0241162 0.00693627 7.40102e-06 
