9.65279e-06 0.000149132 1.90164e-05 5.76571e-05 0.0751486 0.0029792 0.000766102 0.0127065 0.00794074 4.53073e-12 0.00188047 3.15804e-06 7.26764e-05 8.75594e-08 1.80658e-07 1.14549e-11 0.000191268 8.95939e-05 0.00919116 2.81997e-06 0.583925 3.62325e-07 0.000558239 0.0486246 0.000101251 0.0845929 0.0412324 0.104767 0.0249897 1.86393e-08 
0.00137624 0.000317962 0.000747233 0.0987378 0.0598494 0.0391921 0.0105695 0.00235078 0.026132 0.000171872 0.0160665 0.00124925 0.014615 0.00017607 0.0223221 0.000314221 0.000455063 0.00694886 0.0232195 0.0222315 0.0216237 0.00396901 0.0013399 0.556537 0.00507826 0.0105841 0.00155363 0.00445124 0.00977229 0.0380479 
9.65279e-06 0.000149132 1.90164e-05 5.76571e-05 0.0751486 0.0029792 0.000766102 0.0127065 0.00794074 4.53073e-12 0.00188047 3.15804e-06 7.26764e-05 8.75594e-08 1.80658e-07 1.14549e-11 0.000191268 8.95939e-05 0.00919116 2.81997e-06 0.583925 3.62325e-07 0.000558239 0.0486246 0.000101251 0.0845929 0.0412324 0.104767 0.0249897 1.86393e-08 
0.0224113 0.744993 0.000717001 1.12406e-06 0.000851169 2.97477e-06 5.98379e-05 0.000590821 0.0130064 2.86844e-09 0.000940999 9.2054e-07 0.000898298 4.84511e-07 1.29286e-05 7.25218e-09 5.8926e-09 0.00401088 7.70654e-08 1.52597e-06 0.00322312 0.00317836 9.54246e-07 0.201471 4.42056e-06 1.43306e-05 2.32167e-05 2.81952e-05 0.00355653 2.90357e-07 
3.95622e-09 0.000646652 8.90851e-09 2.28396e-05 0.00687978 0.021591 0.000772611 0.0061582 0.00136461 2.17761e-13 2.61058e-08 3.26213e-09 1.18161e-08 1.29505e-08 0.000685936 5.50559e-13 1.0021e-08 2.28786e-08 0.0141752 3.71143e-09 0.3009 1.02481e-09 0.000545143 0.00626139 0.000154818 0.317689 0.0154176 0.0244253 0.282309 8.44977e-11 
0.000109892 2.76095e-08 0.138484 0.000621536 0.0467236 0.00386692 2.19913e-08 0.0625731 0.000274505 3.21532e-12 0.00198085 8.97316e-09 3.24905e-08 4.70972e-12 7.42511e-08 8.12918e-12 2.75584e-08 0.000853616 2.30624e-07 8.56124e-12 0.575032 6.551e-09 0.00203027 0.00215761 4.43397e-08 0.0900896 0.010059 0.0424299 0.0227124 6.20714e-12 
1.83842e-05 0.00057317 1.22261e-05 6.12422e-05 0.528607 0.00749483 0.00041818 0.00343391 0.00281724 3.42147e-12 0.00480964 3.24538e-08 0.00373772 0.00138917 7.95376e-06 8.6504e-12 1.73094e-05 0.000234293 0.0705811 0.00101078 0.0409336 0.00069984 0.000305209 0.296567 5.49259e-05 0.00343396 0.00656104 0.0206242 0.00559638 4.93386e-08 
0.000109892 2.76095e-08 0.138484 0.000621536 0.0467236 0.00386692 2.19913e-08 0.0625731 0.000274505 3.21532e-12 0.00198085 8.97316e-09 3.24905e-08 4.70972e-12 7.42511e-08 8.12918e-12 2.75584e-08 0.000853616 2.30624e-07 8.56124e-12 0.575032 6.551e-09 0.00203027 0.00215761 4.43397e-08 0.0900896 0.010059 0.0424299 0.0227124 6.20714e-12 
0.000109892 2.76095e-08 0.138484 0.000621536 0.0467236 0.00386692 2.19913e-08 0.0625731 0.000274505 3.21532e-12 0.00198085 8.97316e-09 3.24905e-08 4.70972e-12 7.42511e-08 8.12918e-12 2.75584e-08 0.000853616 2.30624e-07 8.56124e-12 0.575032 6.551e-09 0.00203027 0.00215761 4.43397e-08 0.0900896 0.010059 0.0424299 0.0227124 6.20714e-12 
2.87995e-08 1.53743e-07 2.18364e-07 2.47815e-05 0.0137822 0.909287 2.48955e-07 0.00139447 1.63451e-06 1.90146e-10 0.0493981 1.1601e-08 3.12342e-06 0.000590001 2.84373e-06 4.8074e-10 5.69882e-07 1.8572e-06 0.00234759 5.06291e-10 0.000665769 1.803e-06 1.20728e-06 8.39623e-07 1.38242e-09 0.000619821 0.0208116 1.41314e-06 0.00106284 7.05208e-08 
3.65567e-05 0.00182511 0.00117887 4.38924e-05 0.00276143 0.015813 0.000889676 0.25256 0.0501958 1.03441e-06 0.00274535 0.00222042 0.00107319 0.131338 0.00694273 1.75174e-06 3.52661e-06 0.0603259 0.00470918 0.172947 0.00338248 0.0125993 0.0133365 0.0562206 0.00738575 0.000230317 0.0162332 0.167154 0.0158275 1.75527e-05 
0.000109892 2.76095e-08 0.138484 0.000621536 0.0467236 0.00386692 2.19913e-08 0.0625731 0.000274505 3.21532e-12 0.00198085 8.97316e-09 3.24905e-08 4.70972e-12 7.42511e-08 8.12918e-12 2.75584e-08 0.000853616 2.30624e-07 8.56124e-12 0.575032 6.551e-09 0.00203027 0.00215761 4.43397e-08 0.0900896 0.010059 0.0424299 0.0227124 6.20714e-12 
0.000427903 0.00054976 0.00263784 0.00247734 0.0397847 0.023644 0.0288638 0.0523748 0.0844327 5.83273e-10 0.130253 4.60897e-08 0.0782582 1.65933e-07 0.0256896 1.2292e-06 7.83703e-08 0.000261951 0.0149252 0.00188091 0.0453458 4.1096e-06 0.000684012 0.371359 2.3053e-07 0.00150451 0.0297833 0.0537184 0.0109386 0.000198655 
8.45003e-06 0.00247419 3.81897e-06 3.57229e-05 0.0182585 0.00450647 0.0036564 0.0150535 0.00675662 2.03703e-11 0.00245854 2.91634e-05 0.000327012 6.8986e-05 0.00167009 5.15016e-11 4.90102e-05 0.000148832 0.221056 0.00481191 0.505751 6.92159e-07 0.000406457 0.0241494 0.000418316 0.0236716 0.00870229 0.109065 0.0464622 7.27903e-09 
1.83145e-06 8.83502e-06 2.97651e-05 1.32417e-05 0.000364763 0.00511952 1.74652e-05 0.00115302 6.18617e-05 1.50553e-07 0.00646037 3.04253e-05 0.000868052 2.20527e-07 6.52416e-05 4.02169e-06 3.09281e-07 1.24304e-06 0.000549268 5.63356e-05 0.000251843 0.0163869 0.00126676 0.956509 4.38434e-06 0.000940387 8.72957e-05 0.00622632 0.0035098 1.15278e-05 
0.000402114 0.00141359 5.23944e-05 5.91902e-05 0.000865047 3.28867e-05 3.64685e-05 0.0942728 1.00816e-05 1.12587e-09 6.34565e-05 1.99768e-05 4.34917e-05 1.64915e-09 9.19304e-07 2.84651e-09 1.94304e-05 0.00051745 3.73828e-05 3.02778e-07 2.86263e-05 4.54168e-06 9.02177e-06 0.00016573 2.26808e-05 0.000190399 2.41264e-05 4.91308e-05 0.901659 2.17349e-09 
3.68206e-05 0.0105561 0.000956384 0.197711 0.317916 0.00742209 0.00807862 0.0100775 0.0141537 3.14259e-08 0.0204523 0.0652915 0.000138678 0.000110784 9.38153e-08 4.48385e-08 4.14722e-06 0.0240448 0.00488473 0.00441979 0.00966241 0.000132553 0.0502065 0.093018 0.000472369 0.00127568 0.128288 0.0258423 0.0048394 7.7136e-06 
0.000109892 2.76095e-08 0.138484 0.000621536 0.0467236 0.00386692 2.19913e-08 0.0625731 0.000274505 3.21532e-12 0.00198085 8.97316e-09 3.24905e-08 4.70972e-12 7.42511e-08 8.12918e-12 2.75584e-08 0.000853616 2.30624e-07 8.56124e-12 0.575032 6.551e-09 0.00203027 0.00215761 4.43397e-08 0.0900896 0.010059 0.0424299 0.0227124 6.20714e-12 
3.13541e-05 0.000470878 0.000159293 0.0024368 0.0420568 0.245686 0.000854434 0.00938871 0.00448866 3.86661e-06 0.0643861 1.7548e-05 0.0210723 0.00151773 0.000350167 2.32267e-05 0.00305264 0.00229295 0.00787384 1.73124e-05 0.107233 0.000144802 0.00930975 0.0394121 0.000127635 0.190849 0.0384671 0.115517 0.0927499 9.36849e-06 
8.62651e-07 4.92614e-05 1.86509e-08 3.84915e-06 0.00448743 0.00244734 3.37877e-05 0.00039202 0.611783 3.45839e-11 0.00448671 1.36668e-08 0.00185255 0.000777107 4.30726e-08 8.74374e-11 2.32979e-08 4.54016e-05 0.0114555 1.60037e-06 1.13423e-06 1.95639e-08 0.000209044 0.0127773 6.92251e-08 0.000315958 0.154195 0.187694 0.00699107 6.64807e-08 
0.00900303 0.00400429 0.000408161 0.000200023 0.0138638 0.0195188 0.00380312 0.0196687 0.104683 6.99263e-13 0.0236012 0.0173647 0.000809288 5.7164e-05 9.53694e-05 8.40955e-06 5.00826e-06 0.000183186 0.0118721 0.00134668 0.177129 1.90026e-11 0.00628448 0.179113 6.99023e-05 0.000977988 0.0647679 0.283241 0.0578657 5.41791e-05 
0.035205 0.176243 0.0039398 0.0842282 0.0334335 0.0924889 0.0716267 0.00492291 0.0145817 1.21212e-05 0.0174804 0.000172361 0.00452451 2.55892e-05 0.0235225 1.62141e-05 0.000479142 0.000842701 0.0183333 0.00060139 0.0866711 0.0415092 0.00331911 0.105491 0.00613021 0.0521715 0.0319011 0.0505656 0.0395133 4.8301e-05 
0.0792013 0.902976 0.00177854 2.94422e-07 0.00518818 6.41343e-05 0.00300518 0.000189555 1.05357e-05 3.21697e-11 0.000557411 0.00324407 6.28802e-05 1.34909e-08 6.85714e-06 8.13337e-11 9.67012e-08 0.000181866 1.08175e-06 8.56565e-11 0.000479024 7.54436e-06 6.39038e-08 0.000428131 6.15138e-05 9.47065e-07 7.72277e-06 0.000721747 0.00182552 9.51177e-09 
0.0224113 0.744993 0.000717001 1.12406e-06 0.000851169 2.97477e-06 5.98379e-05 0.000590821 0.0130064 2.86844e-09 0.000940999 9.2054e-07 0.000898298 4.84511e-07 1.29286e-05 7.25218e-09 5.8926e-09 0.00401088 7.70654e-08 1.52597e-06 0.00322312 0.00317836 9.54246e-07 0.201471 4.42056e-06 1.43306e-05 2.32167e-05 2.81952e-05 0.00355653 2.90357e-07 
1.4844e-08 0.000102683 4.53608e-06 9.28233e-05 0.00632604 0.900916 0.000348596 0.00155328 0.0016111 1.34871e-09 0.0105201 7.33468e-06 0.000311996 0.000235062 4.50959e-05 1.89986e-07 6.35678e-06 0.000195177 0.00396261 1.33164e-05 0.00849698 0.000346374 0.0113296 0.00131747 1.69671e-05 0.00163212 0.0408803 0.0012545 0.00845783 1.56208e-05 
3.43195e-07 2.2582e-06 3.07155e-06 5.4913e-07 0.00127866 6.96243e-07 0.00792774 1.89618e-06 0.0454181 1.86385e-11 4.16686e-07 0.438126 1.26788e-08 1.74755e-07 5.55033e-07 3.77456e-08 1.53538e-08 0.00056198 5.51798e-07 3.57368e-07 0.00621366 2.62086e-08 0.00134107 0.461004 0.0016331 2.73468e-07 0.0120377 1.49354e-06 6.73396e-07 0.0244448 
0.000109892 2.76095e-08 0.138484 0.000621536 0.0467236 0.00386692 2.19913e-08 0.0625731 0.000274505 3.21532e-12 0.00198085 8.97316e-09 3.24905e-08 4.70972e-12 7.42511e-08 8.12918e-12 2.75584e-08 0.000853616 2.30624e-07 8.56124e-12 0.575032 6.551e-09 0.00203027 0.00215761 4.43397e-08 0.0900896 0.010059 0.0424299 0.0227124 6.20714e-12 
0.00015902 0.000990927 0.000495014 0.000307649 0.161981 0.0533318 0.00516259 0.00756662 6.81498e-05 1.42585e-08 0.00139166 6.64491e-05 7.15073e-05 2.08855e-08 0.00800228 5.843e-06 0.00214692 0.000104813 0.00273961 3.79653e-08 0.226059 6.41914e-06 0.000220156 0.0160858 7.84755e-06 0.0966697 0.193773 0.00319326 0.219392 1.35101e-06 
8.27327e-05 0.000337216 6.90264e-05 0.00927708 0.0118375 0.312121 0.00125151 0.00755672 0.032678 4.86288e-06 0.182122 0.000881773 0.00753105 0.000303106 0.000136752 0.000385038 0.000191376 0.155102 0.100158 1.65574e-05 0.00945618 0.0102927 0.00097925 0.0440002 4.41758e-05 0.00122097 0.0186336 0.0459056 0.0296636 0.0177606 
0.000507283 0.000497709 0.000471572 0.00346075 0.00223702 0.0236496 0.00207391 0.00612125 0.0138649 7.71983e-10 0.00892313 6.67479e-05 0.000679259 0.000782143 0.00129017 3.67926e-05 2.05577e-06 0.000450726 0.00765964 0.00015307 0.0913836 0.0332051 0.000350588 0.150986 2.48451e-06 0.52232 0.00868844 9.55985e-05 0.0450773 0.0749634 
6.64136e-05 0.00127408 0.000306395 8.19752e-05 0.00218235 0.0164456 0.00167193 0.0249236 0.364958 3.21356e-07 0.0147533 0.000238343 0.000795998 0.103053 0.00040639 5.89674e-07 2.52436e-05 0.0429262 0.00322892 9.70912e-07 0.000887881 0.151307 0.0013707 0.120985 1.39939e-05 0.0215245 0.102707 0.0211669 0.00268427 1.35285e-05 
0.000109892 2.76095e-08 0.138484 0.000621536 0.0467236 0.00386692 2.19913e-08 0.0625731 0.000274505 3.21532e-12 0.00198085 8.97316e-09 3.24905e-08 4.70972e-12 7.42511e-08 8.12918e-12 2.75584e-08 0.000853616 2.30624e-07 8.56124e-12 0.575032 6.551e-09 0.00203027 0.00215761 4.43397e-08 0.0900896 0.010059 0.0424299 0.0227124 6.20714e-12 
0.0157889 0.000121449 3.72024e-06 2.61996e-07 0.011975 0.00884883 0.0157715 0.00914874 0.000231348 3.07715e-11 0.00238901 0.000300269 0.07232 0.000327169 0.00587504 2.13764e-06 3.51003e-05 0.000874695 0.00285587 1.07069e-05 0.00476213 1.43481e-05 0.00575896 0.000779984 2.3896e-05 0.000377153 0.096402 0.0389333 0.706068 8.34271e-10 
9.01623e-06 0.00674801 0.000312474 3.13368e-05 0.409124 0.0316064 0.00596286 0.00686552 0.00989626 1.50294e-11 0.00250626 7.68541e-08 0.00185067 0.00108245 0.000161585 3.79983e-11 0.000108978 0.000100296 0.0931445 0.000502619 0.0689088 0.00089782 0.0136801 0.215008 2.07778e-05 0.00874383 0.0422698 0.0633601 0.0170972 2.3479e-09 
5.16575e-06 1.32267e-06 6.79202e-06 6.51256e-05 2.30087e-06 0.0552213 0.197409 0.0381389 0.000377442 3.89268e-09 0.0672396 0.0007639 1.23678e-05 3.88407e-06 0.00110429 9.84173e-09 0.000212227 0.000252008 0.0342083 0.00603485 0.0150717 0.561615 0.0116614 0.006458 0.00358569 0.000478935 1.94236e-05 2.52329e-05 2.49842e-05 1.08825e-06 
0.000109892 2.76095e-08 0.138484 0.000621536 0.0467236 0.00386692 2.19913e-08 0.0625731 0.000274505 3.21532e-12 0.00198085 8.97316e-09 3.24905e-08 4.70972e-12 7.42511e-08 8.12918e-12 2.75584e-08 0.000853616 2.30624e-07 8.56124e-12 0.575032 6.551e-09 0.00203027 0.00215761 4.43397e-08 0.0900896 0.010059 0.0424299 0.0227124 6.20714e-12 
4.59781e-05 0.00333912 0.0131133 0.000113212 0.000517282 0.0287318 0.019937 0.100281 0.00248953 1.56855e-07 0.000924014 0.000715199 0.00351769 8.93788e-06 8.97882e-07 4.21085e-06 1.47336e-06 0.00257774 0.000833827 1.05669e-05 0.124983 0.0666413 0.00566411 0.0370691 8.07385e-06 2.7316e-06 0.0140847 0.0413639 0.532867 0.000153443 
0.000109892 2.76095e-08 0.138484 0.000621536 0.0467236 0.00386692 2.19913e-08 0.0625731 0.000274505 3.21532e-12 0.00198085 8.97316e-09 3.24905e-08 4.70972e-12 7.42511e-08 8.12918e-12 2.75584e-08 0.000853616 2.30624e-07 8.56124e-12 0.575032 6.551e-09 0.00203027 0.00215761 4.43397e-08 0.0900896 0.010059 0.0424299 0.0227124 6.20714e-12 
4.8521e-05 1.39148e-05 2.65179e-06 0.000136045 0.00045191 0.00139221 0.00568351 0.00361314 0.000253553 6.85429e-07 0.00712974 1.50086e-05 0.00479251 4.07327e-05 0.000299783 6.36818e-06 1.40807e-06 0.000273253 0.000185302 1.82505e-06 0.000141609 0.577164 0.000243596 0.377227 0.000992999 7.2594e-06 0.0163521 0.00245306 1.89548e-05 0.00105692 
0.000170453 0.00402472 0.0043775 2.37038e-06 0.03889 0.00348313 0.00413198 0.0397703 0.0681409 5.77961e-08 0.00246783 1.98395e-05 2.55319e-07 5.15146e-05 0.000327701 1.88595e-07 0.000137293 0.000448043 0.0707596 0.000109559 0.54601 0.000390677 0.00529167 0.0672802 0.000167028 0.00104812 0.0860298 0.0489221 0.00729355 0.000253539 
3.58919e-09 0.000106525 1.67048e-08 1.90232e-08 0.0578151 0.00305602 0.000584551 0.0865193 0.0111519 9.39761e-13 0.00250029 1.36665e-12 0.000543303 0.00020322 0.000200133 2.37597e-12 1.93054e-12 0.00105672 0.0281688 4.82959e-08 0.0452007 4.1235e-08 9.26813e-05 0.382138 4.23038e-08 0.00330251 0.0121738 0.338878 0.0263084 3.26738e-09 
4.82997e-06 7.45817e-05 7.04293e-05 8.25657e-05 0.0474661 0.0126257 0.0013335 0.0239383 0.035256 1.52523e-11 0.00704882 1.58306e-06 0.000799574 9.75039e-06 0.000177334 3.85619e-11 9.56881e-05 4.48175e-05 0.0141348 1.61769e-06 0.364196 1.04581e-05 0.00230385 0.0447875 0.000111028 0.0528817 0.0446429 0.274426 0.0734748 1.07167e-08 
0.00268491 0.0337329 0.00060089 2.37354e-07 0.364212 0.00164651 0.00193592 0.00166181 0.00333151 4.2164e-11 0.00657243 1.04151e-06 1.74412e-07 6.17608e-11 1.26949e-06 1.06602e-10 7.79885e-08 2.07488e-06 0.0254439 1.12268e-10 0.0352934 1.42541e-05 0.0028184 0.00361975 1.91333e-05 7.63484e-07 0.0147639 0.00602045 0.495623 5.87244e-08 
0.000199264 3.52463e-08 1.9643e-10 0.00183829 0.00182107 0.19185 0.000411188 0.00535819 0.00206916 1.41552e-11 0.228013 0.000474054 0.106404 0.00207331 3.0962e-06 5.46591e-08 1.32666e-05 0.00298469 0.00146573 1.1907e-07 0.00207918 9.05035e-08 0.00330152 0.0295321 3.85793e-05 0.000494362 0.0371678 0.272565 0.109844 2.28281e-07 
3.14332e-07 0.00695585 1.19905e-06 0.0267666 1.51948e-05 0.0106014 0.00270867 0.0886722 0.00410195 1.95188e-09 0.329481 0.000120868 0.154252 5.94603e-06 0.239278 4.93489e-09 6.22038e-06 0.0355326 0.00445978 1.22424e-05 0.00416846 0.0367119 0.00256606 0.0212439 8.22083e-06 0.0012653 0.0172404 1.54254e-05 0.0136973 0.000111054 
0.00137624 0.000317962 0.000747233 0.0987378 0.0598494 0.0391921 0.0105695 0.00235078 0.026132 0.000171872 0.0160665 0.00124925 0.014615 0.00017607 0.0223221 0.000314221 0.000455063 0.00694886 0.0232195 0.0222315 0.0216237 0.00396901 0.0013399 0.556537 0.00507826 0.0105841 0.00155363 0.00445124 0.00977229 0.0380479 
1.63195e-06 0.0184095 0.00036387 0.000230834 0.0836887 0.0101644 0.0511653 0.149073 0.00504642 1.40988e-10 0.0145102 0.00022035 0.000941537 6.46012e-06 0.000208401 6.53732e-09 0.000148119 0.00887815 0.0204092 0.000329671 0.40299 0.0644776 0.0160797 0.0205463 0.00331105 0.0162398 0.0132083 0.041046 0.0582973 7.86028e-06 
0.000129672 0.0184518 0.00053956 1.81161e-06 0.00673925 0.06051 0.0184742 0.00949061 0.0898153 1.82608e-09 0.00556688 1.69333e-05 0.000486575 3.20511e-07 0.0104553 4.01878e-07 3.75131e-09 5.68967e-06 0.00290575 4.86221e-09 0.13362 4.83904e-06 0.00214741 0.015422 8.5718e-07 0.00129238 0.0717361 0.0198852 0.532301 1.4946e-08 
0.00051585 0.00222333 0.000297399 1.80681e-07 0.000560798 0.000258643 0.00195366 0.0898779 0.0407128 6.89324e-09 0.000400914 4.07533e-07 0.00122685 0.039579 0.00202573 3.36731e-08 1.27735e-06 0.000662358 0.0250922 4.90103e-05 0.0123961 0.000662695 0.00176487 0.0336319 1.51274e-06 0.000726754 0.667001 0.0747975 0.00357892 7.51418e-07 
5.66468e-05 2.8519e-06 4.84457e-08 6.69542e-05 0.000136277 0.00650074 0.00210414 0.116877 0.121469 1.93834e-10 0.0411798 4.49694e-06 0.0277221 0.0248083 0.00081188 4.90063e-10 8.51834e-07 0.00114099 0.00196618 0.000156739 0.153919 0.00205972 0.00477239 0.284627 9.54671e-05 4.62995e-05 0.146363 0.0558825 0.00722983 7.68257e-07 
0.00168157 0.000388422 0.000912923 0.0978915 0.0731459 0.0479 0.0109057 0.00287278 0.0319374 0.000209859 0.0196358 0.00113242 0.0109784 0.000214826 0.0115366 0.000382279 0.00055483 0.00849154 0.028378 0.0271679 0.0264277 0.00485041 0.00163719 0.52361 0.00620584 0.0129345 0.00189852 0.00543998 0.00980727 0.0308702 
0.0223558 0.198892 9.09995e-07 0.00236548 0.425203 0.0076544 0.00228084 0.0694988 1.75099e-07 1.95544e-11 0.0175249 3.46961e-07 7.55371e-07 2.86428e-11 1.59666e-08 4.94387e-11 3.37471e-07 8.98715e-06 6.4927e-07 5.20663e-11 0.00696111 0.00102553 1.56692e-07 0.18048 0.00181245 3.30689e-06 4.19031e-07 0.0273922 0.0365378 3.77495e-11 
0.000109892 2.76095e-08 0.138484 0.000621536 0.0467236 0.00386692 2.19913e-08 0.0625731 0.000274505 3.21532e-12 0.00198085 8.97316e-09 3.24905e-08 4.70972e-12 7.42511e-08 8.12918e-12 2.75584e-08 0.000853616 2.30624e-07 8.56124e-12 0.575032 6.551e-09 0.00203027 0.00215761 4.43397e-08 0.0900896 0.010059 0.0424299 0.0227124 6.20714e-12 
8.16297e-06 0.00206651 2.37042e-05 6.34179e-06 3.64236e-05 0.84893 0.00011288 0.0111906 0.000444261 1.93206e-06 9.4218e-05 0.000242065 1.98937e-06 0.000561328 0.0550287 0.0203213 5.36027e-06 3.59638e-06 0.000101225 5.26298e-05 0.0290629 0.0158561 0.00714357 0.000456481 9.72147e-05 0.000243743 0.0077327 3.16339e-06 0.000160328 1.07661e-05 
9.65279e-06 0.000149132 1.90164e-05 5.76571e-05 0.0751486 0.0029792 0.000766102 0.0127065 0.00794074 4.53073e-12 0.00188047 3.15804e-06 7.26764e-05 8.75594e-08 1.80658e-07 1.14549e-11 0.000191268 8.95939e-05 0.00919116 2.81997e-06 0.583925 3.62325e-07 0.000558239 0.0486246 0.000101251 0.0845929 0.0412324 0.104767 0.0249897 1.86393e-08 
3.97936e-08 0.00032266 1.85016e-07 2.10385e-07 0.0307115 0.0101157 0.00473747 0.00237708 3.98768e-06 5.18164e-10 0.00297719 1.18401e-06 0.00129511 3.74892e-07 0.00037225 1.32126e-07 3.13509e-06 0.000248034 1.367e-06 0.00119185 0.0269622 0.00173462 0.00155584 0.791719 4.67964e-07 0.00301297 0.0191495 0.0740184 0.0274874 3.70798e-08 
0.00137624 0.000317962 0.000747233 0.0987378 0.0598494 0.0391921 0.0105695 0.00235078 0.026132 0.000171872 0.0160665 0.00124925 0.014615 0.00017607 0.0223221 0.000314221 0.000455063 0.00694886 0.0232195 0.0222315 0.0216237 0.00396901 0.0013399 0.556537 0.00507826 0.0105841 0.00155363 0.00445124 0.00977229 0.0380479 
0.000441884 0.000230928 0.000149639 0.000913383 0.0485167 0.00249676 0.000291607 0.0029637 0.00330165 7.60291e-09 0.00330819 1.8597e-05 0.000345895 0.000232867 0.000221204 1.92222e-08 4.23509e-06 0.0023472 0.0148951 0.000418595 0.00181918 0.000654009 9.65494e-05 0.0929232 0.000347936 0.811745 0.00402956 0.00538699 0.00186887 3.08007e-05 
3.80918e-05 0.00188456 1.8953e-05 5.75639e-05 0.0470678 0.00338264 0.000885 0.0123846 0.0578878 1.47901e-12 0.00547483 7.30711e-06 7.25815e-05 3.06361e-08 5.31949e-08 3.73934e-12 0.000176645 0.000466679 0.00919028 9.86684e-07 0.560458 6.74694e-11 0.000557924 0.0419842 0.000101095 0.157106 0.0342681 0.026909 0.0396186 6.52152e-09 
0.0223558 0.198892 9.09995e-07 0.00236548 0.425203 0.0076544 0.00228084 0.0694988 1.75099e-07 1.95544e-11 0.0175249 3.46961e-07 7.55371e-07 2.86428e-11 1.59666e-08 4.94387e-11 3.37471e-07 8.98715e-06 6.4927e-07 5.20663e-11 0.00696111 0.00102553 1.56692e-07 0.18048 0.00181245 3.30689e-06 4.19031e-07 0.0273922 0.0365378 3.77495e-11 
0.000109892 2.76095e-08 0.138484 0.000621536 0.0467236 0.00386692 2.19913e-08 0.0625731 0.000274505 3.21532e-12 0.00198085 8.97316e-09 3.24905e-08 4.70972e-12 7.42511e-08 8.12918e-12 2.75584e-08 0.000853616 2.30624e-07 8.56124e-12 0.575032 6.551e-09 0.00203027 0.00215761 4.43397e-08 0.0900896 0.010059 0.0424299 0.0227124 6.20714e-12 
0.000109892 2.76095e-08 0.138484 0.000621536 0.0467236 0.00386692 2.19913e-08 0.0625731 0.000274505 3.21532e-12 0.00198085 8.97316e-09 3.24905e-08 4.70972e-12 7.42511e-08 8.12918e-12 2.75584e-08 0.000853616 2.30624e-07 8.56124e-12 0.575032 6.551e-09 0.00203027 0.00215761 4.43397e-08 0.0900896 0.010059 0.0424299 0.0227124 6.20714e-12 
0.00098384 7.15381e-05 9.3645e-05 8.55578e-05 0.0388865 0.0060859 0.00383532 0.000647483 5.53764e-05 1.90894e-12 0.000577953 2.77609e-12 0.00247126 9.89057e-09 0.00797771 4.82632e-12 3.01595e-08 3.36259e-08 7.8394e-08 5.08284e-12 0.0992981 4.71567e-09 0.000974982 0.00817332 1.86288e-05 2.05001e-08 0.0944892 0.028924 0.70635 2.1855e-10 
3.97703e-06 0.00346139 0.000129352 0.0411822 0.0012157 0.216168 0.0127213 0.102766 0.00171518 2.48233e-06 0.0561991 0.00154175 0.00463514 0.000166276 0.0145024 3.15541e-06 9.29912e-06 0.130403 0.0158185 0.000841003 0.0418959 0.135002 0.000295007 0.0584777 2.10301e-05 0.0315274 0.00730873 0.0440322 0.0778192 0.000135171 
1.70774e-08 0.0290791 0.000489845 0.000138419 0.00635981 0.0107245 0.0182745 0.217176 5.83507e-06 2.88918e-10 0.0110767 4.20161e-10 0.000943887 1.79091e-05 0.0173825 7.30462e-10 0.0102973 0.000846812 0.011103 0.00260828 0.0104725 0.412332 2.92316e-06 0.0985488 0.0220501 5.95323e-07 0.00551317 0.0913839 0.0231718 1.20856e-07 
4.98241e-06 0.0309585 0.00437707 6.82041e-07 2.86757e-06 2.95848e-05 0.0329934 0.193332 2.58422e-06 4.25697e-09 6.90956e-05 2.53837e-06 0.00326859 4.84031e-06 7.849e-06 1.07628e-08 0.00208648 0.048352 1.53866e-05 3.95811e-05 0.434257 1.68669e-05 0.0318248 0.14826 0.0635751 0.00643124 2.42098e-05 3.14507e-05 3.11406e-05 8.21804e-09 
0.00134709 0.000725203 1.67385e-05 9.43324e-09 0.00643098 0.000585088 0.000225943 0.00573438 0.180061 4.67517e-12 6.7427e-06 2.09221e-05 6.58331e-05 0.149753 3.81484e-06 1.2801e-08 4.29661e-08 6.3678e-05 0.00312647 1.7637e-08 0.0329567 0.00014428 0.00165622 0.0059746 5.69397e-09 0.0231274 0.558967 0.0199597 0.00904713 6.49646e-10 
0.00134636 0.0849479 0.0129065 0.00340547 0.118801 0.023294 0.00960872 0.10571 0.00130771 3.70047e-10 0.0203458 0.00163594 0.0246174 1.0663e-05 2.45412e-07 1.56924e-07 7.94343e-06 0.00278375 0.000964765 0.00936039 0.0128581 0.0148975 0.509823 0.00248185 0.000609095 0.00110889 0.0103746 0.0157936 0.0109995 7.14374e-10 
0.017716 0.00891605 4.36905e-05 0.00204425 0.0323272 0.00908151 0.0102314 0.0583454 0.026928 2.31063e-07 0.0276565 0.000619196 1.67001e-05 0.0399854 0.000290188 6.82319e-05 1.79439e-05 0.0222992 0.0177892 0.00045776 0.00934555 0.296495 0.00163994 0.35594 3.32544e-05 0.0190897 0.00399837 0.00785914 0.0268414 0.00392385 
0.00039757 0.000365044 9.57208e-05 0.00020895 0.060832 0.0371118 0.000247121 0.0131062 0.0992146 9.56036e-07 0.043679 4.15131e-05 0.000422088 0.000971211 0.000161527 0.00102684 8.3104e-06 0.000769305 0.0144716 1.52845e-06 0.0314834 0.0364225 0.000742079 0.520574 4.90994e-06 0.00265314 0.0525979 0.0389076 0.0109222 0.0325592 
3.60621e-05 1.52396e-06 0.0418838 0.000193817 0.0201801 0.00682979 0.00146579 0.0574105 0.092709 1.17447e-09 0.0477372 0.000295464 5.67286e-05 0.0039217 0.000125482 2.96938e-09 1.52274e-06 0.000269705 0.00584105 2.46432e-07 0.303331 7.18507e-07 0.00149589 0.00590646 2.44782e-06 0.0271874 0.00304433 0.342356 0.037716 2.26731e-09 
2.98975e-07 2.60965e-05 4.94721e-06 9.18187e-07 0.197043 0.0171661 2.91139e-06 7.04257e-06 0.000114474 2.20636e-10 0.591464 7.53798e-07 0.00170642 3.23182e-10 5.74015e-06 5.57827e-10 0.00597782 5.75371e-05 0.00149253 1.48911e-05 0.0955759 3.76688e-06 2.16233e-06 0.0182169 0.000131518 0.00893511 0.00693916 0.0550815 2.79374e-05 1.26891e-07 
1.15533e-05 0.00365889 0.00313198 1.75044e-05 0.0223799 0.0491115 0.0269482 0.00829218 0.131075 1.77798e-10 0.0016441 2.31429e-06 2.20324e-05 1.50333e-06 0.00104568 4.49522e-10 0.000496837 0.000140864 0.00275957 6.16361e-06 0.492629 5.24445e-10 0.0591371 0.0126013 3.07636e-05 0.116311 0.015382 0.0244371 0.0287254 4.10611e-08 
0.00108645 0.0478003 0.00132101 0.00878186 0.274021 0.00272958 0.0142565 0.0411611 1.30169e-07 1.3556e-10 0.0126072 0.0975081 0.000235358 4.88247e-08 5.44463e-07 9.41607e-08 2.35867e-06 0.0598096 4.82375e-07 6.08787e-07 0.00343575 3.86191e-05 0.417953 0.00399844 4.13253e-05 0.00306689 6.22814e-05 0.0050178 0.00506374 2.61697e-10 
5.96844e-05 0.000306034 1.60807e-07 8.65148e-10 0.000769807 0.00215209 0.000305715 0.223597 0.0116809 1.31981e-11 0.000162885 2.77326e-05 0.000384295 0.00171845 0.000226307 3.33684e-11 8.89283e-06 0.000273321 0.354948 3.51419e-11 0.0487561 3.29529e-05 0.00172603 0.0371576 1.61047e-07 1.63716e-05 0.0210717 0.16425 0.130367 2.54789e-11 
3.09379e-07 3.50062e-05 0.000336857 1.01503e-05 0.0100817 0.739238 0.000875817 0.0884849 0.00730742 1.25446e-09 6.11567e-06 0.0242277 0.00988351 1.8375e-09 0.000206677 1.72265e-06 0.000123109 2.82515e-06 3.17827e-06 1.11545e-05 0.00400641 0.00316014 0.106462 0.00186632 0.000674484 7.32654e-07 0.000151787 6.75009e-05 0.0027749 6.75276e-08 
8.27327e-05 0.000337216 6.90264e-05 0.00927708 0.0118375 0.312121 0.00125151 0.00755672 0.032678 4.86288e-06 0.182122 0.000881773 0.00753105 0.000303106 0.000136752 0.000385038 0.000191376 0.155102 0.100158 1.65574e-05 0.00945618 0.0102927 0.00097925 0.0440002 4.41758e-05 0.00122097 0.0186336 0.0459056 0.0296636 0.0177606 
0.00137624 0.000317962 0.000747233 0.0987378 0.0598494 0.0391921 0.0105695 0.00235078 0.026132 0.000171872 0.0160665 0.00124925 0.014615 0.00017607 0.0223221 0.000314221 0.000455063 0.00694886 0.0232195 0.0222315 0.0216237 0.00396901 0.0013399 0.556537 0.00507826 0.0105841 0.00155363 0.00445124 0.00977229 0.0380479 
0.00137624 0.000317962 0.000747233 0.0987378 0.0598494 0.0391921 0.0105695 0.00235078 0.026132 0.000171872 0.0160665 0.00124925 0.014615 0.00017607 0.0223221 0.000314221 0.000455063 0.00694886 0.0232195 0.0222315 0.0216237 0.00396901 0.0013399 0.556537 0.00507826 0.0105841 0.00155363 0.00445124 0.00977229 0.0380479 
1.25897e-05 2.0128e-07 5.81691e-08 1.4322e-08 0.00454689 0.0179166 1.44373e-07 0.0166223 0.0249072 1.58801e-11 0.195418 2.30938e-11 0.000930182 2.28191e-06 3.58451e-07 4.01492e-11 3.26224e-11 1.70661e-06 0.177991 4.22831e-11 0.0140135 2.21271e-07 3.72445e-07 0.0506863 2.377e-07 1.16617e-06 0.0141787 0.46442 0.0183497 1.53588e-08 
1.80518e-09 6.95708e-09 8.40166e-09 9.56768e-09 0.010782 0.000305326 9.71403e-05 0.000949188 0.000944032 4.72651e-13 3.73138e-08 6.87356e-13 2.52989e-08 1.7032e-08 0.00016226 1.19499e-12 1.55451e-09 0.000131026 6.22193e-08 2.42903e-08 0.0166774 0.000199115 0.00022951 0.955122 8.72555e-05 1.09993e-07 9.97184e-08 0.0143084 5.63768e-08 4.43862e-06 
0.00198657 0.00129976 0.000361517 0.0294684 0.0303556 0.155522 0.0102192 0.00702845 0.145383 6.23043e-05 0.0545937 0.00344045 0.00566969 0.000754002 0.000463106 0.00310614 0.00157976 0.00898658 0.0214173 0.000561911 0.0219216 0.0120136 0.00993756 0.16139 0.000746444 0.0111731 0.0284853 0.0399608 0.210442 0.0216703 
4.39061e-05 0.00017043 9.43144e-07 1.66273e-05 0.00401515 0.0744272 0.00118669 0.00398269 0.00999339 5.56472e-09 0.044655 1.98643e-06 0.0736727 8.15107e-09 0.000219208 1.40691e-08 4.53986e-06 0.000162869 0.0450798 5.2863e-05 0.114355 0.00124627 0.0018861 0.0306097 8.0854e-06 0.0430265 0.0268839 0.30301 0.221288 1.07427e-08 
0.00900303 0.00400429 0.000408161 0.000200023 0.0138638 0.0195188 0.00380312 0.0196687 0.104683 6.99263e-13 0.0236012 0.0173647 0.000809288 5.7164e-05 9.53694e-05 8.40955e-06 5.00826e-06 0.000183186 0.0118721 0.00134668 0.177129 1.90026e-11 0.00628448 0.179113 6.99023e-05 0.000977988 0.0647679 0.283241 0.0578657 5.41791e-05 
0.000507283 0.000497709 0.000471572 0.00346075 0.00223702 0.0236496 0.00207391 0.00612125 0.0138649 7.71983e-10 0.00892313 6.67479e-05 0.000679259 0.000782143 0.00129017 3.67926e-05 2.05577e-06 0.000450726 0.00765964 0.00015307 0.0913836 0.0332051 0.000350588 0.150986 2.48451e-06 0.52232 0.00868844 9.55985e-05 0.0450773 0.0749634 
5.07905e-09 5.0866e-05 1.04727e-07 0.000368302 0.00272439 0.885171 7.35224e-08 0.00794848 2.87267e-07 1.009e-10 1.42697e-06 0.000190838 0.00136043 9.58208e-08 0.000126909 2.55103e-10 1.00278e-07 9.30991e-05 1.08138e-07 6.24058e-06 0.00346609 1.57848e-07 0.0915377 0.00122368 5.32565e-05 3.46476e-05 0.00175413 0.00095836 0.00292911 4.25639e-07 
0.00286783 0.00390012 0.00054599 2.15391e-05 0.0123927 0.0093233 0.0655521 0.0300676 0.0241243 1.61993e-07 0.00336971 0.00631925 0.00857845 0.0001387 0.0025083 9.58299e-07 5.65274e-07 0.000464222 0.00371808 0.000145264 0.234606 0.000177457 0.00352004 0.196586 2.73657e-05 0.00287002 0.123701 0.237527 0.0268462 9.96725e-05 
1.5789e-06 0.000366981 0.000103987 0.000455404 0.0141927 0.0167173 0.000450466 0.0330962 0.176575 9.82997e-08 0.0240372 1.31506e-06 0.0245284 0.0392932 0.000160746 3.93044e-06 1.35139e-07 0.011318 0.000834833 5.96025e-06 0.035593 0.0406369 0.0690853 0.471527 1.3935e-05 0.00251327 0.0119585 0.0243393 0.00218904 2.17791e-07 
2.8165e-06 1.08547e-05 0.0262303 0.0209138 0.170766 5.47501e-05 1.01035e-05 0.050692 0.000283197 7.37447e-10 5.82184e-05 1.07244e-09 3.94723e-05 2.65739e-05 1.35374e-05 1.86446e-09 1.51493e-09 0.134361 9.70767e-05 3.78986e-05 0.000110257 0.148878 0.0011128 0.00126848 3.31965e-05 0.000171615 0.000155584 0.444581 8.79611e-05 2.56397e-06 
0.00900303 0.00400429 0.000408161 0.000200023 0.0138638 0.0195188 0.00380312 0.0196687 0.104683 6.99263e-13 0.0236012 0.0173647 0.000809288 5.7164e-05 9.53694e-05 8.40955e-06 5.00826e-06 0.000183186 0.0118721 0.00134668 0.177129 1.90026e-11 0.00628448 0.179113 6.99023e-05 0.000977988 0.0647679 0.283241 0.0578657 5.41791e-05 
3.09379e-07 3.50062e-05 0.000336857 1.01503e-05 0.0100817 0.739238 0.000875817 0.0884849 0.00730742 1.25446e-09 6.11567e-06 0.0242277 0.00988351 1.8375e-09 0.000206677 1.72265e-06 0.000123109 2.82515e-06 3.17827e-06 1.11545e-05 0.00400641 0.00316014 0.106462 0.00186632 0.000674484 7.32654e-07 0.000151787 6.75009e-05 0.0027749 6.75276e-08 
3.78005e-05 0.000160851 2.98154e-05 2.25748e-06 0.000566635 0.830965 0.00129178 0.000441431 1.92732e-05 1.79982e-08 0.00589898 1.0921e-06 0.0103443 2.07929e-05 0.0194477 3.18389e-06 9.84124e-07 1.43907e-06 1.30981e-05 4.79228e-08 0.022948 7.20794e-06 0.00233699 0.00236564 8.45763e-06 4.56751e-06 0.0204532 0.0246506 0.057979 1.48857e-07 
0.0223558 0.198892 9.09995e-07 0.00236548 0.425203 0.0076544 0.00228084 0.0694988 1.75099e-07 1.95544e-11 0.0175249 3.46961e-07 7.55371e-07 2.86428e-11 1.59666e-08 4.94387e-11 3.37471e-07 8.98715e-06 6.4927e-07 5.20663e-11 0.00696111 0.00102553 1.56692e-07 0.18048 0.00181245 3.30689e-06 4.19031e-07 0.0273922 0.0365378 3.77495e-11 
4.12717e-06 2.255e-05 5.85051e-05 3.02385e-09 0.0148409 0.0031987 0.00820052 0.00139233 3.50174e-05 8.60158e-12 0.0019438 1.25089e-11 0.0762262 0.000560487 0.00143412 2.17471e-11 5.33132e-05 0.000610267 0.000403427 2.55517e-05 0.00236012 3.36417e-05 0.000162655 0.000507443 4.94051e-08 0.00172826 0.0250165 0.0287598 0.832422 1.66053e-11 
1.03074e-06 1.0127e-07 2.61528e-07 1.17374e-07 3.71578e-07 0.00501845 1.87165e-07 0.0126411 0.0062667 5.77501e-12 0.0203876 8.39835e-12 3.99093e-08 8.4591e-12 6.06611e-07 1.46008e-11 1.18636e-11 0.0023904 0.00984397 1.53768e-11 0.391712 4.90588e-08 0.00148901 0.459832 1.04048e-08 1.06365e-07 0.00189747 0.010991 0.0774897 3.80602e-05 
0.000620144 0.000916239 0.000254959 5.45035e-06 0.0117746 0.00469232 0.00149531 0.00536454 0.0718183 3.38453e-09 0.00568346 5.18955e-06 0.000987212 0.0367634 0.000824803 8.13612e-09 8.14301e-07 3.46038e-06 0.00600082 2.44082e-07 0.0395123 0.000185606 0.00289709 0.120563 0.000182111 0.00140139 0.597144 0.0809162 0.009986 4.6755e-07 
8.45003e-06 0.00247419 3.81897e-06 3.57229e-05 0.0182585 0.00450647 0.0036564 0.0150535 0.00675662 2.03703e-11 0.00245854 2.91634e-05 0.000327012 6.8986e-05 0.00167009 5.15016e-11 4.90102e-05 0.000148832 0.221056 0.00481191 0.505751 6.92159e-07 0.000406457 0.0241494 0.000418316 0.0236716 0.00870229 0.109065 0.0464622 7.27903e-09 
0.00137624 0.000317962 0.000747233 0.0987378 0.0598494 0.0391921 0.0105695 0.00235078 0.026132 0.000171872 0.0160665 0.00124925 0.014615 0.00017607 0.0223221 0.000314221 0.000455063 0.00694886 0.0232195 0.0222315 0.0216237 0.00396901 0.0013399 0.556537 0.00507826 0.0105841 0.00155363 0.00445124 0.00977229 0.0380479 
9.65279e-06 0.000149132 1.90164e-05 5.76571e-05 0.0751486 0.0029792 0.000766102 0.0127065 0.00794074 4.53073e-12 0.00188047 3.15804e-06 7.26764e-05 8.75594e-08 1.80658e-07 1.14549e-11 0.000191268 8.95939e-05 0.00919116 2.81997e-06 0.583925 3.62325e-07 0.000558239 0.0486246 0.000101251 0.0845929 0.0412324 0.104767 0.0249897 1.86393e-08 
4.49952e-05 0.00051679 0.00025995 1.1564e-05 0.0996481 0.0209626 0.000737684 0.0115736 0.00409908 8.84827e-13 0.108009 2.00159e-05 0.00315641 7.89052e-05 9.72001e-05 2.23708e-12 7.02665e-09 0.000730317 0.0357928 2.64094e-09 0.0365 0.000174919 0.00268116 0.0949193 4.68479e-09 0.0156123 0.0384417 0.512294 0.0136362 1.07677e-06 
0.000416115 0.00780566 0.0138603 4.533e-05 0.0117091 0.0243013 0.0279871 0.020009 1.17211e-05 9.58961e-08 5.48724e-06 3.39209e-06 3.67215e-05 1.40466e-07 0.660793 2.42451e-07 1.96999e-07 0.0359199 0.00937936 0.0139201 0.00135527 0.123035 0.00032535 4.63424e-06 0.00398204 0.00274168 0.0335213 0.000492869 0.0083243 1.31322e-05 
0.00137624 0.000317962 0.000747233 0.0987378 0.0598494 0.0391921 0.0105695 0.00235078 0.026132 0.000171872 0.0160665 0.00124925 0.014615 0.00017607 0.0223221 0.000314221 0.000455063 0.00694886 0.0232195 0.0222315 0.0216237 0.00396901 0.0013399 0.556537 0.00507826 0.0105841 0.00155363 0.00445124 0.00977229 0.0380479 
0.00747407 0.0663753 3.1386e-06 0.000792108 0.378214 0.00255519 0.000762539 0.357339 6.04177e-07 5.02667e-10 0.0069844 1.19716e-06 2.60522e-06 7.36295e-10 3.60741e-07 1.27088e-09 1.1647e-06 3.09935e-05 2.23924e-06 1.33842e-09 0.0231506 0.000345546 5.4073e-07 0.134021 0.000607629 1.14045e-05 1.44523e-06 0.00913564 0.0121875 9.70395e-10 
0.00130878 0.000855621 0.000129967 0.00021647 0.0476641 0.023704 0.00250619 0.0131489 0.0223318 4.41427e-05 0.00715277 0.000202426 0.00546418 0.0078713 0.00185573 0.0032313 9.14675e-05 0.00129101 0.0206002 0.000530115 0.00321209 0.0240213 0.00218469 0.718104 9.31e-05 0.000812066 0.0142785 0.0302349 0.00647803 0.0403804 
5.25362e-05 0.00146057 0.000116592 0.000520715 0.00442861 0.0319785 0.00265101 0.0322395 0.00995934 3.85132e-12 0.084106 9.93304e-09 0.00149453 0.119336 0.000784607 9.73718e-12 7.71733e-05 0.00154073 0.0356398 1.02547e-11 0.215026 3.43937e-08 0.0066107 0.0381096 4.9081e-08 0.19515 0.0691723 0.028658 0.120888 1.74181e-08 
1.98262e-08 0.000438806 0.0021958 4.18411e-06 0.00374042 0.0664938 0.000331261 0.000358172 3.23592e-07 7.50676e-10 0.389576 1.09168e-09 0.154995 1.09957e-09 0.00091126 1.89791e-09 1.38396e-07 1.81992e-05 0.000273626 0.0202018 0.00802011 0.00146255 0.0302175 0.00440867 6.63228e-07 0.00402922 0.0280511 0.249543 0.0347276 7.79609e-08 
7.21715e-08 3.25026e-05 2.05736e-05 0.0294199 0.0657635 0.00016172 5.54085e-05 0.0428636 0.603771 4.04147e-08 0.000203236 1.66839e-05 2.24955e-05 0.000244674 0.000263219 1.02179e-07 0.000830178 3.10944e-05 0.000123535 6.39709e-05 0.0529484 1.23533e-05 4.60569e-05 0.0151854 4.54811e-08 0.0422676 0.0230155 0.047418 0.0752096 9.16548e-06 
1.48843e-05 0.00108784 0.000158207 0.00719921 0.00858471 0.0149194 0.00517986 0.0324137 0.00524134 5.72436e-10 0.00733738 0.00229774 0.000794881 6.43757e-06 4.11171e-06 1.25777e-07 2.93009e-06 0.00295827 0.00100041 0.00740278 0.0389293 0.477616 0.00178324 0.317074 0.000736426 0.00548195 0.0353412 0.00956329 0.0164392 0.000430975 
0.000415105 2.26994e-05 3.59363e-08 1.3229e-05 0.0203696 0.00652219 0.000136302 0.00107924 0.00244368 2.169e-11 0.0850793 1.95437e-08 0.00798467 2.57957e-05 1.29162e-05 5.48381e-11 4.45576e-11 0.000297867 0.00203138 4.30562e-06 0.000349785 8.86754e-08 5.26081e-06 0.496 3.64206e-05 0.00250476 0.0226121 0.347799 0.00425509 7.06349e-09 
1.99725e-07 0.000621752 0.000247735 0.000268943 0.00386548 0.000138602 0.0115228 0.0872768 0.00189994 4.1012e-08 0.000166137 0.000476149 0.0237876 1.83899e-06 0.00134431 1.03689e-07 1.02329e-06 0.000504542 0.000717189 0.000272499 0.0113002 0.546725 7.71776e-07 0.301577 5.03128e-05 0.000620761 0.000374672 0.00480705 0.0014205 1.0364e-05 
9.01623e-06 0.00674801 0.000312474 3.13368e-05 0.409124 0.0316064 0.00596286 0.00686552 0.00989626 1.50294e-11 0.00250626 7.68541e-08 0.00185067 0.00108245 0.000161585 3.79983e-11 0.000108978 0.000100296 0.0931445 0.000502619 0.0689088 0.00089782 0.0136801 0.215008 2.07778e-05 0.00874383 0.0422698 0.0633601 0.0170972 2.3479e-09 
0.00141416 0.00357676 4.24528e-05 8.76851e-09 0.0289146 0.0739819 0.00104427 0.0244295 0.00453432 7.49852e-11 0.000148694 2.51371e-05 0.00185521 0.000735734 0.000166052 1.89583e-10 0.000195485 0.00044208 0.10874 1.99659e-10 0.308278 0.00276928 0.00612399 0.121956 7.41588e-08 0.0379153 0.140919 0.0916962 0.0400952 1.44758e-10 
0.000998497 0.0160528 3.62851e-05 2.12993e-05 0.0519662 0.0142037 0.0569758 0.00363841 0.0189747 3.05826e-09 0.000510091 0.00119427 0.00399284 1.44548e-06 0.000204666 7.7321e-09 1.65627e-05 8.19651e-05 0.0382043 8.14305e-09 0.632783 4.81955e-06 0.000172374 0.00497203 5.86953e-07 0.111148 0.00187883 0.0190538 0.0229122 5.90394e-09 
3.59031e-07 5.18663e-07 1.26465e-06 3.09817e-06 1.09859e-05 0.000560594 0.000797758 0.043574 0.000293396 2.02114e-08 0.0018217 3.49827e-06 1.33835e-06 1.39122e-07 0.0733219 2.87192e-06 1.43915e-07 2.76327e-05 9.60582e-05 0.000122981 0.03241 0.300329 2.14088e-05 0.45768 2.27451e-08 2.83803e-06 0.00289301 0.0857778 1.69505e-06 0.000243435 
0.000620144 0.000916239 0.000254959 5.45035e-06 0.0117746 0.00469232 0.00149531 0.00536454 0.0718183 3.38453e-09 0.00568346 5.18955e-06 0.000987212 0.0367634 0.000824803 8.13612e-09 8.14301e-07 3.46038e-06 0.00600082 2.44082e-07 0.0395123 0.000185606 0.00289709 0.120563 0.000182111 0.00140139 0.597144 0.0809162 0.009986 4.6755e-07 
4.25354e-05 0.000310268 0.0114052 0.0707837 0.0284308 0.163599 0.00826672 0.105119 0.00345882 1.86404e-10 0.0818386 5.08016e-09 0.0182219 0.000190301 0.0120345 4.7128e-10 2.42224e-07 0.271199 0.00470117 7.82603e-07 0.0241244 0.000560071 0.00673093 0.0373728 7.05963e-10 0.00437152 0.0204147 0.0395837 0.0872111 2.84899e-05 
8.47676e-06 0.000440465 1.4748e-05 0.000571931 0.00267348 0.0381471 0.000323218 0.0780556 0.00270328 6.30062e-08 0.0465049 2.41058e-05 0.500499 0.0107215 6.94038e-05 0.0012559 9.43652e-05 0.000274413 0.0341115 2.78178e-05 0.0326724 0.00364182 0.00181026 0.0973391 1.95233e-05 0.0111164 0.0110566 0.0307507 0.095064 7.82513e-06 
0.00262265 0.00204141 2.77481e-07 0.063624 0.00892107 0.0527106 0.00827169 0.00211231 0.0238037 2.99297e-10 0.018459 0.000297962 0.00381081 0.00060183 0.000325714 7.56704e-10 4.04065e-06 0.00341857 0.00590255 7.96922e-10 0.0364586 6.30202e-05 0.126503 0.164703 7.86873e-05 0.00428369 0.336822 0.0418517 0.0923061 1.92938e-06 
0.00168157 0.000388422 0.000912923 0.0978915 0.0731459 0.0479 0.0109057 0.00287278 0.0319374 0.000209859 0.0196358 0.00113242 0.0109784 0.000214826 0.0115366 0.000382279 0.00055483 0.00849154 0.028378 0.0271679 0.0264277 0.00485041 0.00163719 0.52361 0.00620584 0.0129345 0.00189852 0.00543998 0.00980727 0.0308702 
0.000109892 2.76095e-08 0.138484 0.000621536 0.0467236 0.00386692 2.19913e-08 0.0625731 0.000274505 3.21532e-12 0.00198085 8.97316e-09 3.24905e-08 4.70972e-12 7.42511e-08 8.12918e-12 2.75584e-08 0.000853616 2.30624e-07 8.56124e-12 0.575032 6.551e-09 0.00203027 0.00215761 4.43397e-08 0.0900896 0.010059 0.0424299 0.0227124 6.20714e-12 
