0.008536 0.000281916 0.000404088 0.000580687 0.0137193 0.0101014 0.00119548 0.00479621 0.00088859 1.88775e-13 0.00265413 6.70365e-07 0.000109721 2.76512e-13 0.00345474 4.77273e-13 4.47154e-06 0.000516169 0.0110132 5.02639e-13 0.392892 1.15361e-13 0.00108745 0.0291229 3.59857e-05 0.100151 0.141504 0.0240337 0.252916 1.21413e-09 
0.0134691 0.000355137 4.60384e-07 2.31199e-06 0.00363274 0.0154608 0.00119543 0.00124251 0.00223329 8.8944e-08 0.508463 8.54888e-07 0.0392644 4.63715e-05 4.28004e-05 3.57631e-06 3.75621e-06 5.28009e-05 0.0069373 1.48042e-06 0.00947385 2.90397e-09 0.000111937 0.0687032 2.01079e-06 0.000749686 0.0532636 0.248325 0.0269616 2.00505e-07 
0.000109146 7.86744e-05 0.0136857 0.000115798 0.371978 0.0111581 0.00025409 0.0200958 0.000509466 2.84892e-09 0.00164743 3.58881e-09 6.7767e-05 5.20486e-09 3.1483e-05 4.5742e-12 1.10207e-08 0.00315 0.00611265 4.81731e-12 0.44312 6.34755e-05 0.000972162 0.0399488 0.000154907 0.0418811 0.0122825 0.0183289 0.0142544 4.40057e-09 
0.000117368 0.00171134 0.000354388 1.01097e-09 0.0122179 0.00170644 0.00286859 0.00893512 0.23672 2.32707e-09 0.0205643 2.97462e-09 0.00131253 0.000364008 7.37197e-05 1.08555e-12 7.91287e-09 0.00228616 0.0350526 2.98669e-09 3.78396e-08 3.93126e-05 0.00543053 0.0776051 5.33173e-09 0.0016846 0.0204483 0.563699 0.00680844 5.44207e-07 
8.26524e-05 0.00713014 0.231754 3.84496e-05 0.140302 0.0304348 0.00404353 0.00617147 0.007259 7.96881e-07 0.0109992 0.000142744 0.00153897 2.2284e-09 0.00111944 1.36123e-06 0.0980053 0.00325134 0.000413412 2.66034e-06 0.232904 0.00901475 0.000124127 0.0216389 0.000301803 0.153383 0.015254 0.00410274 0.0205854 1.68105e-07 
6.83844e-06 1.08852e-08 2.26765e-12 3.03335e-06 0.00143167 0.0962054 2.61747e-09 0.00191494 0.00558266 2.5388e-12 0.496218 1.38986e-09 0.00270057 0.000212899 5.31113e-07 6.41876e-12 6.97135e-08 0.00849933 0.0439925 6.75991e-12 0.00684492 1.55148e-12 1.47759e-07 0.00272799 1.45879e-10 0.0136622 0.00516563 0.302788 0.0120433 8.59203e-09 
0.000130761 0.00466469 0.000711734 4.32968e-05 0.0051089 0.0162727 0.00796546 0.0135684 0.00135999 5.24198e-06 0.00312869 7.40598e-05 0.00719294 0.00360871 0.000736041 3.40917e-10 2.64902e-05 1.41028e-05 0.000467608 0.000180321 0.00210946 0.00284259 0.0017614 0.00868901 0.860434 0.00558968 0.0164833 0.0138347 0.0229961 2.14936e-08 
9.65279e-06 0.000149132 1.90164e-05 5.76571e-05 0.0751486 0.0029792 0.000766102 0.0127065 0.00794074 4.53073e-12 0.00188047 3.15804e-06 7.26764e-05 8.75594e-08 1.80658e-07 1.14549e-11 0.000191268 8.95939e-05 0.00919116 2.81997e-06 0.583925 3.62325e-07 0.000558239 0.0486246 0.000101251 0.0845929 0.0412324 0.104767 0.0249897 1.86393e-08 
0.0281577 0.00433324 0.0166165 0.00997652 0.0317009 0.0167903 0.00966443 0.0430659 0.00542738 2.45364e-07 0.00960838 0.0587276 5.41505e-05 0.000154932 0.00015776 1.99151e-08 1.42309e-07 0.0043238 0.0058367 3.98595e-05 0.0827281 0.00804156 0.00524707 0.127351 0.483799 0.00415484 0.036675 0.00629352 0.000879285 0.000194033 
0.0732556 0.00110332 1.60157e-05 7.36517e-06 0.0400022 0.016575 0.00576248 0.00655913 0.00971889 1.02587e-07 0.0151137 1.73759e-06 0.00950513 7.03034e-05 2.51294e-05 1.0751e-07 3.46846e-05 1.46052e-05 0.0238948 2.17934e-10 0.306741 0.00154567 0.050297 0.00379701 6.3823e-06 0.033977 0.160608 0.15672 0.084648 2.49075e-07 
2.0572e-06 2.62205e-08 8.89106e-12 2.42067e-06 0.000429615 0.0288623 6.30528e-09 0.00142335 0.00167503 9.95417e-12 0.753302 1.12066e-09 0.0212184 6.39373e-05 1.6359e-07 2.51668e-11 5.56488e-08 0.00255018 0.0131984 2.65044e-11 0.00205365 6.08306e-12 1.63325e-05 0.00264742 1.25336e-10 0.018958 0.00350048 0.146467 0.0036292 6.87189e-09 
0.000109892 2.76095e-08 0.138484 0.000621536 0.0467236 0.00386692 2.19913e-08 0.0625731 0.000274505 3.21532e-12 0.00198085 8.97316e-09 3.24905e-08 4.70972e-12 7.42511e-08 8.12918e-12 2.75584e-08 0.000853616 2.30624e-07 8.56124e-12 0.575032 6.551e-09 0.00203027 0.00215761 4.43397e-08 0.0900896 0.010059 0.0424299 0.0227124 6.20714e-12 
1.83842e-05 0.00057317 1.22261e-05 6.12422e-05 0.528607 0.00749483 0.00041818 0.00343391 0.00281724 3.42147e-12 0.00480964 3.24538e-08 0.00373772 0.00138917 7.95376e-06 8.6504e-12 1.73094e-05 0.000234293 0.0705811 0.00101078 0.0409336 0.00069984 0.000305209 0.296567 5.49259e-05 0.00343396 0.00656104 0.0206242 0.00559638 4.93386e-08 
6.97954e-05 9.21402e-05 0.000111382 0.0526503 0.0252437 0.362125 0.00904219 0.0054743 0.00462494 1.28199e-06 0.164631 1.70729e-05 0.0040849 0.00137368 0.00108371 4.97352e-10 0.000547112 0.0626069 0.0291098 0.000711067 0.00343311 0.00604894 0.000583108 0.225904 1.32634e-07 0.000497862 0.012286 0.0233529 0.00427695 1.60285e-05 
0.000109892 2.76095e-08 0.138484 0.000621536 0.0467236 0.00386692 2.19913e-08 0.0625731 0.000274505 3.21532e-12 0.00198085 8.97316e-09 3.24905e-08 4.70972e-12 7.42511e-08 8.12918e-12 2.75584e-08 0.000853616 2.30624e-07 8.56124e-12 0.575032 6.551e-09 0.00203027 0.00215761 4.43397e-08 0.0900896 0.010059 0.0424299 0.0227124 6.20714e-12 
0.000109892 2.76095e-08 0.138484 0.000621536 0.0467236 0.00386692 2.19913e-08 0.0625731 0.000274505 3.21532e-12 0.00198085 8.97316e-09 3.24905e-08 4.70972e-12 7.42511e-08 8.12918e-12 2.75584e-08 0.000853616 2.30624e-07 8.56124e-12 0.575032 6.551e-09 0.00203027 0.00215761 4.43397e-08 0.0900896 0.010059 0.0424299 0.0227124 6.20714e-12 
2.87995e-08 1.53743e-07 2.18364e-07 2.47815e-05 0.0137822 0.909287 2.48955e-07 0.00139447 1.63451e-06 1.90146e-10 0.0493981 1.1601e-08 3.12342e-06 0.000590001 2.84373e-06 4.8074e-10 5.69882e-07 1.8572e-06 0.00234759 5.06291e-10 0.000665769 1.803e-06 1.20728e-06 8.39623e-07 1.38242e-09 0.000619821 0.0208116 1.41314e-06 0.00106284 7.05208e-08 
8.0601e-05 1.97245e-05 1.90482e-06 0.0141627 0.00102565 0.0142243 0.00044992 0.0118452 0.0048376 6.71988e-06 0.811025 0.00449377 0.00050472 0.00130305 1.53939e-05 1.902e-05 0.000102819 0.00100755 0.00185672 1.5372e-08 0.0354492 0.00966271 0.00258051 0.0563953 2.3387e-05 1.76903e-05 0.00819615 0.00943878 0.0110954 0.000158634 
3.65567e-05 0.00182511 0.00117887 4.38924e-05 0.00276143 0.015813 0.000889676 0.25256 0.0501958 1.03441e-06 0.00274535 0.00222042 0.00107319 0.131338 0.00694273 1.75174e-06 3.52661e-06 0.0603259 0.00470918 0.172947 0.00338248 0.0125993 0.0133365 0.0562206 0.00738575 0.000230317 0.0162332 0.167154 0.0158275 1.75527e-05 
1.1106e-06 5.68381e-05 5.51612e-07 6.4849e-06 0.00319334 0.0245909 0.000147162 7.24151e-05 0.00316579 3.94834e-07 0.672356 4.07242e-07 0.0183646 1.46747e-06 7.77967e-06 2.17895e-08 5.62725e-06 5.95913e-06 0.00164269 0.00041556 0.00941834 9.07419e-06 0.00024629 0.0114624 6.30335e-05 0.120843 0.00380715 0.0478905 0.0822243 7.89522e-07 
0.0175982 0.000299164 2.64883e-05 0.0126307 0.00134442 0.202026 0.00347644 0.00274138 0.00923295 1.26815e-07 0.0120875 0.000988596 0.00114476 6.91036e-07 7.34459e-06 0.000396903 0.00825385 0.0716598 0.00419739 2.23001e-06 0.127652 2.28324e-05 7.54988e-08 0.0217899 0.03423 0.431751 0.000769643 0.0355387 0.000131077 1.99271e-07 
0.000109892 2.76095e-08 0.138484 0.000621536 0.0467236 0.00386692 2.19913e-08 0.0625731 0.000274505 3.21532e-12 0.00198085 8.97316e-09 3.24905e-08 4.70972e-12 7.42511e-08 8.12918e-12 2.75584e-08 0.000853616 2.30624e-07 8.56124e-12 0.575032 6.551e-09 0.00203027 0.00215761 4.43397e-08 0.0900896 0.010059 0.0424299 0.0227124 6.20714e-12 
0.000427903 0.00054976 0.00263784 0.00247734 0.0397847 0.023644 0.0288638 0.0523748 0.0844327 5.83273e-10 0.130253 4.60897e-08 0.0782582 1.65933e-07 0.0256896 1.2292e-06 7.83703e-08 0.000261951 0.0149252 0.00188091 0.0453458 4.1096e-06 0.000684012 0.371359 2.3053e-07 0.00150451 0.0297833 0.0537184 0.0109386 0.000198655 
1.00982e-05 0.000289194 1.50169e-07 0.456502 0.000107642 0.0128556 0.000923127 0.00618416 0.000277559 3.95653e-08 0.0246328 7.25334e-05 0.00670638 2.51476e-07 4.00224e-05 3.79187e-10 5.07867e-05 0.327802 0.00313003 0.000140985 0.000708089 0.127564 1.38423e-05 0.0213461 2.21619e-05 0.00304789 8.86467e-07 0.00544585 0.00172647 0.00039918 
7.95836e-08 5.32117e-05 5.64469e-11 5.264e-08 0.00163876 0.0357878 0.0074888 0.0639756 0.00164718 6.31963e-11 0.0366167 1.3558e-08 0.0304279 9.61568e-08 0.000348357 1.59777e-10 1.23657e-06 0.000901461 0.0454717 0.103147 0.0543974 0.000495359 6.02627e-08 0.00545905 9.13334e-08 1.02511e-05 0.0161325 0.381435 0.214564 1.99078e-07 
3.68206e-05 0.0105561 0.000956384 0.197711 0.317916 0.00742209 0.00807862 0.0100775 0.0141537 3.14259e-08 0.0204523 0.0652915 0.000138678 0.000110784 9.38153e-08 4.48385e-08 4.14722e-06 0.0240448 0.00488473 0.00441979 0.00966241 0.000132553 0.0502065 0.093018 0.000472369 0.00127568 0.128288 0.0258423 0.0048394 7.7136e-06 
7.44981e-11 3.77158e-05 0.0031802 6.77451e-07 0.00133605 0.0386855 0.0105099 0.140345 0.0140027 2.73102e-10 2.12507e-07 0.000215624 0.195346 7.83762e-05 0.00160827 0.177218 5.61031e-10 3.51744e-05 0.0162651 7.27174e-10 0.282083 0.000313217 0.0585703 0.000750002 0.000200239 0.00114357 0.0245007 0.0228024 0.0107726 5.27221e-10 
0.00538031 0.0461619 0.00933631 0.00292956 0.015277 0.0651772 0.00421084 0.0406427 0.00740687 3.07106e-05 0.0400187 9.05218e-06 0.00732709 0.00228091 0.000649765 0.0082351 0.00241674 0.00299146 0.0881174 0.000399191 0.0288481 0.0416033 0.00072077 0.310647 0.00293477 0.00244216 0.0522769 0.177081 0.0344388 8.31633e-06 
7.24653e-06 0.000169345 1.91372e-05 0.00196608 0.0419252 0.0549143 0.00026407 0.00292413 0.012239 3.49341e-06 0.225571 4.42491e-06 0.0348152 0.000281514 6.92381e-05 3.36017e-10 0.000359752 0.000379817 0.00781371 5.30574e-05 0.00895658 0.00015683 0.00145934 0.0608261 8.01576e-05 0.00503086 0.025443 0.492692 0.0215747 1.04438e-06 
0.00537255 0.00070203 0.000202249 0.00406784 0.0204225 0.033813 0.0514825 0.165071 0.0829008 3.14337e-05 0.0494964 3.26549e-05 0.000645751 0.000487803 0.000125213 8.96163e-10 0.000303169 0.00208835 0.0585667 0.0121607 0.0173607 0.047186 0.000372494 0.156844 0.000109456 0.128957 0.0182954 0.136617 0.00627618 9.10204e-06 
4.86142e-09 0.000454645 1.39138e-08 1.0602e-08 0.0356656 0.00196737 0.000285399 0.002877 2.87252e-06 1.32001e-12 0.00594516 1.12038e-05 2.54958e-08 0.000664584 8.97432e-13 3.33734e-12 1.73575e-08 3.86115e-05 0.0372935 1.19571e-06 8.47476e-07 8.4741e-07 9.70609e-08 0.132988 0.000191329 0.00190568 0.719579 0.0544878 0.00563909 7.90216e-09 
9.41877e-05 0.000331891 0.123963 0.764568 0.0118559 0.00378421 0.00108661 0.00430968 0.000711154 3.56985e-06 0.00108134 3.10877e-07 0.00427929 4.29925e-06 0.000607139 2.12539e-08 8.41574e-05 0.00721186 0.000210357 1.41496e-05 0.00378969 0.0190011 0.00135885 0.0458149 5.70294e-06 0.000177383 0.00113393 0.000455171 0.0040342 2.83958e-05 
0.00247592 0.00715571 5.15914e-05 0.00412953 0.0246041 0.00287493 0.00485517 0.0375661 0.00763837 5.60997e-06 0.0224157 1.98078e-05 0.0145633 0.00102863 0.020261 1.92139e-07 0.0830467 0.000865659 0.0381516 5.52171e-05 0.0310936 0.299092 0.000356348 0.22452 0.000138334 0.00811401 0.0157773 0.0235309 0.125605 7.6601e-06 
4.23021e-05 4.82755e-05 3.3364e-05 0.00019293 0.281857 0.00265353 0.000855432 0.00774574 0.00537402 3.3836e-09 0.0255162 6.77464e-08 0.000161024 6.97526e-09 1.7832e-05 3.10619e-12 3.10455e-08 0.00109199 0.0195765 9.94844e-09 0.0278892 0.00201715 4.87818e-05 0.589731 4.36946e-05 0.000619342 0.00301583 0.0274762 0.00373813 0.000253604 
7.95836e-08 5.32117e-05 5.64469e-11 5.264e-08 0.00163876 0.0357878 0.0074888 0.0639756 0.00164718 6.31963e-11 0.0366167 1.3558e-08 0.0304279 9.61568e-08 0.000348357 1.59777e-10 1.23657e-06 0.000901461 0.0454717 0.103147 0.0543974 0.000495359 6.02627e-08 0.00545905 9.13334e-08 1.02511e-05 0.0161325 0.381435 0.214564 1.99078e-07 
0.035205 0.176243 0.0039398 0.0842282 0.0334335 0.0924889 0.0716267 0.00492291 0.0145817 1.21212e-05 0.0174804 0.000172361 0.00452451 2.55892e-05 0.0235225 1.62141e-05 0.000479142 0.000842701 0.0183333 0.00060139 0.0866711 0.0415092 0.00331911 0.105491 0.00613021 0.0521715 0.0319011 0.0505656 0.0395133 4.8301e-05 
0.0224113 0.744993 0.000717001 1.12406e-06 0.000851169 2.97477e-06 5.98379e-05 0.000590821 0.0130064 2.86844e-09 0.000940999 9.2054e-07 0.000898298 4.84511e-07 1.29286e-05 7.25218e-09 5.8926e-09 0.00401088 7.70654e-08 1.52597e-06 0.00322312 0.00317836 9.54246e-07 0.201471 4.42056e-06 1.43306e-05 2.32167e-05 2.81952e-05 0.00355653 2.90357e-07 
1.4844e-08 0.000102683 4.53608e-06 9.28233e-05 0.00632604 0.900916 0.000348596 0.00155328 0.0016111 1.34871e-09 0.0105201 7.33468e-06 0.000311996 0.000235062 4.50959e-05 1.89986e-07 6.35678e-06 0.000195177 0.00396261 1.33164e-05 0.00849698 0.000346374 0.0113296 0.00131747 1.69671e-05 0.00163212 0.0408803 0.0012545 0.00845783 1.56208e-05 
3.72373e-06 0.000379551 3.56489e-05 5.98594e-05 0.00181143 0.549055 0.00245353 0.00185059 0.0301036 1.75867e-06 0.044612 3.56465e-05 0.000460874 0.00165644 8.75313e-05 0.00460484 0.000430573 0.244243 0.00560085 6.43178e-06 0.0132157 0.00169652 0.00791839 0.05591 2.08969e-10 0.0169438 0.00400608 0.00253687 0.0101663 0.00011351 
0.000424867 0.00351979 0.000614145 3.93631e-05 0.0850924 0.0342272 0.00311695 0.0657248 0.000541061 2.18772e-08 0.0543006 2.26403e-05 0.00155302 0.000550166 0.000114545 6.70537e-12 1.07806e-05 4.30093e-05 0.0294432 7.2165e-05 0.402559 0.00126704 0.0352155 0.0110781 0.00175516 0.0589842 0.10921 0.0814397 0.0190798 2.56052e-07 
0.00015902 0.000990927 0.000495014 0.000307649 0.161981 0.0533318 0.00516259 0.00756662 6.81498e-05 1.42585e-08 0.00139166 6.64491e-05 7.15073e-05 2.08855e-08 0.00800228 5.843e-06 0.00214692 0.000104813 0.00273961 3.79653e-08 0.226059 6.41914e-06 0.000220156 0.0160858 7.84755e-06 0.0966697 0.193773 0.00319326 0.219392 1.35101e-06 
0.0137701 0.0591456 6.82112e-05 0.00197998 0.161772 0.0158979 0.00317716 0.0635401 0.000816619 6.03672e-08 0.163133 1.82249e-05 0.00404815 0.000254204 0.000574869 9.7658e-09 9.00124e-06 0.00186959 0.0854252 0.000268076 0.0281461 0.0107753 0.0013164 0.229093 0.000996856 0.0864421 0.0136501 0.0382991 0.0155064 6.84402e-06 
4.71274e-05 0.000394472 0.000362391 0.000319025 0.0111239 0.0801066 0.00043369 0.00601351 0.0170492 9.04756e-10 0.0325395 0.000366501 0.000620509 2.34711e-08 2.19179e-05 1.20653e-06 7.36557e-05 0.00448247 0.00502624 7.89339e-12 0.00531372 0.00964124 0.00741155 0.393247 8.62949e-09 0.00277028 0.00482496 0.0518136 0.00911676 0.356879 
0.000155707 0.00513545 0.000472572 7.796e-05 0.0182749 0.048516 0.0607361 0.0193181 0.00688508 1.15762e-07 0.00883033 3.43089e-09 0.000220637 0.000957173 0.0197536 2.21087e-07 1.40784e-06 0.00105272 0.0530717 0.000771062 0.317978 0.000832829 0.00111415 0.0801808 1.69478e-08 0.1883 0.0441733 0.0212424 0.101946 1.22282e-06 
7.23297e-06 2.46847e-05 4.12291e-11 0.000627472 0.00136021 0.79856 8.18479e-08 0.00157662 0.000271236 4.61589e-11 0.035711 0.000476305 0.0199922 5.03465e-06 4.27633e-05 1.16702e-10 2.32933e-05 0.000303281 0.00027096 0.000725746 0.000603385 1.35668e-07 0.0477467 0.00699086 8.54415e-07 0.00130705 0.0185966 0.0303548 0.0344202 7.05038e-07 
2.53909e-05 2.9072e-06 0.000247373 0.000671484 0.000464333 0.0343267 0.00585058 0.0393409 0.0334684 1.80279e-07 0.000990312 6.56888e-05 0.00107177 1.32217e-07 2.0454e-05 1.00552e-05 2.9267e-07 0.000443989 0.00184923 7.25479e-07 0.0415707 0.0364887 0.00116526 0.704527 0.00151591 5.26202e-05 0.056776 0.0271442 0.00440318 0.00750602 
3.51889e-08 1.0783e-07 8.98583e-11 0.000110601 0.0023149 0.000438928 0.00754969 0.0111599 0.0224972 1.00603e-10 4.34978e-08 2.59549e-08 0.0158115 8.77101e-08 0.000268965 2.54351e-10 4.11456e-07 0.0083328 6.84119e-05 2.67869e-10 0.0196613 0.00484171 0.252894 0.533745 5.47721e-08 2.38399e-06 0.105209 0.00890571 0.00618673 2.54385e-08 
0.000251379 0.0730294 0.00139794 1.67167e-06 0.00613935 0.0168206 0.0726051 0.0364511 2.21589e-05 2.10755e-08 0.00386523 0.000348882 0.00222661 0.00381648 0.00417633 7.15203e-08 4.32951e-08 0.000993087 0.000848838 1.43637e-05 7.86814e-05 0.0326531 0.000682457 0.0269573 0.00056869 1.64472e-08 0.704958 0.00789162 0.00320144 4.0686e-08 
0.0157889 0.000121449 3.72024e-06 2.61996e-07 0.011975 0.00884883 0.0157715 0.00914874 0.000231348 3.07715e-11 0.00238901 0.000300269 0.07232 0.000327169 0.00587504 2.13764e-06 3.51003e-05 0.000874695 0.00285587 1.07069e-05 0.00476213 1.43481e-05 0.00575896 0.000779984 2.3896e-05 0.000377153 0.096402 0.0389333 0.706068 8.34271e-10 
9.09399e-06 6.56257e-05 1.3535e-11 5.50619e-05 0.00458451 0.000194766 0.000599953 0.000259686 0.0442733 1.51534e-11 0.0121716 4.23636e-06 0.00184241 0.000180491 0.000344456 2.54734e-09 3.11295e-11 0.000493237 0.00555485 3.50181e-06 5.8392e-08 0.000363846 0.000373534 0.601593 5.39288e-06 0.000166813 0.0691507 0.256819 0.000891081 7.30118e-08 
9.01623e-06 0.00674801 0.000312474 3.13368e-05 0.409124 0.0316064 0.00596286 0.00686552 0.00989626 1.50294e-11 0.00250626 7.68541e-08 0.00185067 0.00108245 0.000161585 3.79983e-11 0.000108978 0.000100296 0.0931445 0.000502619 0.0689088 0.00089782 0.0136801 0.215008 2.07778e-05 0.00874383 0.0422698 0.0633601 0.0170972 2.3479e-09 
5.16575e-06 1.32267e-06 6.79202e-06 6.51256e-05 2.30087e-06 0.0552213 0.197409 0.0381389 0.000377442 3.89268e-09 0.0672396 0.0007639 1.23678e-05 3.88407e-06 0.00110429 9.84173e-09 0.000212227 0.000252008 0.0342083 0.00603485 0.0150717 0.561615 0.0116614 0.006458 0.00358569 0.000478935 1.94236e-05 2.52329e-05 2.49842e-05 1.08825e-06 
3.53462e-08 4.57208e-07 1.28655e-09 3.01315e-05 0.000280727 0.385671 1.14007e-06 0.0015113 0.00361667 1.44038e-09 0.109772 2.96992e-05 0.00394554 0.203221 7.5548e-06 3.64167e-09 4.569e-05 0.192591 0.000457686 3.83522e-09 0.00118535 0.00591428 0.00391366 0.0138032 3.04161e-09 0.00377305 0.0611062 0.00395839 0.00514084 2.31571e-05 
1.32887e-08 3.37273e-08 2.99232e-08 5.4759e-08 4.27142e-07 0.0193278 0.000459414 0.0136329 0.00204409 7.31448e-13 0.019423 1.09573e-08 0.000440599 5.86071e-08 9.07057e-08 1.8493e-12 3.36599e-08 7.68481e-08 0.0281177 1.94759e-12 0.439969 4.46993e-13 1.18128e-07 0.0480868 5.41634e-08 0.206707 0.0391588 0.0681603 0.114472 1.41205e-12 
3.37671e-07 0.000157335 6.44878e-09 1.42569e-06 0.00336306 0.0307757 0.00627118 0.00192191 0.0183735 7.21986e-09 0.237202 2.76469e-06 0.129103 9.35769e-06 4.99937e-06 1.82538e-08 3.99742e-05 0.00056813 0.0146711 0.000891864 0.00285342 0.472059 9.13477e-06 0.00509465 4.97974e-06 0.00371434 0.00208497 0.0337757 0.0370463 1.39379e-08 
4.59781e-05 0.00333912 0.0131133 0.000113212 0.000517282 0.0287318 0.019937 0.100281 0.00248953 1.56855e-07 0.000924014 0.000715199 0.00351769 8.93788e-06 8.97882e-07 4.21085e-06 1.47336e-06 0.00257774 0.000833827 1.05669e-05 0.124983 0.0666413 0.00566411 0.0370691 8.07385e-06 2.7316e-06 0.0140847 0.0413639 0.532867 0.000153443 
0.000109892 2.76095e-08 0.138484 0.000621536 0.0467236 0.00386692 2.19913e-08 0.0625731 0.000274505 3.21532e-12 0.00198085 8.97316e-09 3.24905e-08 4.70972e-12 7.42511e-08 8.12918e-12 2.75584e-08 0.000853616 2.30624e-07 8.56124e-12 0.575032 6.551e-09 0.00203027 0.00215761 4.43397e-08 0.0900896 0.010059 0.0424299 0.0227124 6.20714e-12 
4.8521e-05 1.39148e-05 2.65179e-06 0.000136045 0.00045191 0.00139221 0.00568351 0.00361314 0.000253553 6.85429e-07 0.00712974 1.50086e-05 0.00479251 4.07327e-05 0.000299783 6.36818e-06 1.40807e-06 0.000273253 0.000185302 1.82505e-06 0.000141609 0.577164 0.000243596 0.377227 0.000992999 7.2594e-06 0.0163521 0.00245306 1.89548e-05 0.00105692 
0.000170453 0.00402472 0.0043775 2.37038e-06 0.03889 0.00348313 0.00413198 0.0397703 0.0681409 5.77961e-08 0.00246783 1.98395e-05 2.55319e-07 5.15146e-05 0.000327701 1.88595e-07 0.000137293 0.000448043 0.0707596 0.000109559 0.54601 0.000390677 0.00529167 0.0672802 0.000167028 0.00104812 0.0860298 0.0489221 0.00729355 0.000253539 
1.88248e-05 0.000638498 0.00104414 1.03764e-06 0.00110525 9.22306e-05 0.000757938 0.00513437 0.00133319 6.64975e-07 0.000446365 9.76426e-05 0.0113912 0.000896494 0.0053686 1.68124e-06 1.36605e-06 5.17138e-05 0.000397537 0.00186148 6.96736e-05 0.0368981 0.000113703 0.0086081 0.918029 5.18945e-07 0.000970163 0.00442827 0.000240962 1.28373e-06 
0.000486159 0.00222043 0.000562647 8.6759e-06 0.00564603 0.119836 0.00846514 0.0538231 0.0452304 2.4222e-07 0.00796599 0.00137467 0.0417914 0.00223024 0.0110931 3.03054e-08 8.75325e-05 3.10107e-05 0.025717 0.000157888 0.0876614 0.000656709 0.107984 0.0157801 0.000172816 0.00086248 0.126367 0.124588 0.2092 2.29445e-08 
3.14332e-07 0.00695585 1.19905e-06 0.0267666 1.51948e-05 0.0106014 0.00270867 0.0886722 0.00410195 1.95188e-09 0.329481 0.000120868 0.154252 5.94603e-06 0.239278 4.93489e-09 6.22038e-06 0.0355326 0.00445978 1.22424e-05 0.00416846 0.0367119 0.00256606 0.0212439 8.22083e-06 0.0012653 0.0172404 1.54254e-05 0.0136973 0.000111054 
5.02903e-11 1.56015e-05 1.22197e-06 2.37237e-06 1.51826e-07 2.35453e-05 1.67473e-05 0.858015 0.00188155 1.84359e-10 0.0498469 7.70221e-08 3.85823e-05 0.000107479 1.2534e-10 4.66109e-10 1.92579e-07 0.00194128 0.00379447 1.25005e-07 0.06557 0.000282119 2.20756e-07 0.00305731 7.36333e-07 8.5357e-06 0.00455147 0.00696457 0.00387919 8.20605e-09 
1.63195e-06 0.0184095 0.00036387 0.000230834 0.0836887 0.0101644 0.0511653 0.149073 0.00504642 1.40988e-10 0.0145102 0.00022035 0.000941537 6.46012e-06 0.000208401 6.53732e-09 0.000148119 0.00887815 0.0204092 0.000329671 0.40299 0.0644776 0.0160797 0.0205463 0.00331105 0.0162398 0.0132083 0.041046 0.0582973 7.86028e-06 
0.000130971 0.00149388 0.00042159 3.75361e-05 0.0309585 0.0187828 0.000688335 0.00562794 0.0002666 4.90254e-08 0.301419 5.13263e-06 0.00760946 3.612e-05 9.52868e-05 3.63111e-11 1.18555e-05 0.000274064 0.00764857 6.26602e-06 0.110416 0.00393877 0.000685714 0.0892059 1.59092e-05 0.00112194 0.0183875 0.378017 0.0226968 1.58736e-07 
0.000239907 0.00128588 0.00153057 9.97504e-05 7.27444e-05 0.00522023 0.0220968 0.0487271 1.39268e-06 5.19108e-08 0.000757088 1.72147e-08 8.2692e-05 0.000213845 0.0997102 7.04545e-11 4.60398e-05 0.00907761 0.0172384 1.58101e-07 0.0345357 0.00245843 0.0025137 0.0431295 0.000178473 0.0105216 0.0410802 0.654265 0.004904 1.27553e-05 
5.46994e-05 0.000379562 2.07378e-07 1.52686e-09 1.27794e-05 0.0171869 0.000746194 1.9889e-07 0.000945928 3.72622e-09 0.00871431 6.63789e-06 0.929788 5.45808e-09 0.00111401 9.42089e-09 2.17465e-05 0.000519236 0.00049156 2.44302e-06 0.000116834 0.00495581 0.000292018 1.96844e-06 0.000236967 1.48817e-05 8.44687e-07 0.034393 3.28167e-06 7.19344e-09 
5.94878e-05 0.000194071 0.000874536 0.000168015 0.00344008 0.0230761 0.000660944 0.000558995 4.95374e-05 5.22785e-06 0.641524 1.72023e-07 0.0636754 0.000128782 0.000256688 2.37761e-09 0.000101823 0.00383069 0.0315321 0.000149478 0.00061426 0.00979868 0.0003062 0.048185 0.000315085 0.00414226 0.00272645 0.155445 0.00788883 0.000292594 
3.8497e-06 0.000646526 1.08303e-07 5.52282e-05 4.00219e-06 0.00803112 0.0537391 0.00801882 0.637783 1.21252e-07 0.0122036 3.88224e-05 0.000257307 0.0116306 0.000151488 3.06559e-07 1.45688e-05 1.39156e-05 0.00104776 0.000160098 0.0137673 0.0595762 0.0511616 0.00730938 0.000128403 0.0080657 0.0949661 0.00294933 0.0282759 2.34077e-07 
1.49804e-05 5.58231e-07 3.09904e-10 3.42075e-05 0.00661588 0.028878 1.30469e-05 0.00142633 0.00168016 3.4696e-10 0.775797 1.61365e-08 0.00859186 6.54354e-05 2.53942e-07 8.77207e-10 7.86819e-07 0.00255866 0.0132119 9.2383e-10 0.00205759 2.12029e-10 1.66656e-06 0.00265096 2.00332e-09 0.0127443 0.00350501 0.115265 0.0248857 9.75076e-08 
0.000979234 6.99524e-05 0.000215414 0.0147495 0.00345012 0.123315 0.00148007 0.130908 0.00129133 2.97688e-06 0.0230991 5.91899e-06 0.00340738 0.00180466 0.000393227 2.03778e-06 0.00280855 0.0096698 0.00249244 0.0112395 0.00219836 0.0643751 0.000120499 0.0210297 1.50573e-05 0.450527 0.000767258 0.00792326 7.84874e-05 0.121581 
5.02903e-11 1.56015e-05 1.22197e-06 2.37237e-06 1.51826e-07 2.35453e-05 1.67473e-05 0.858015 0.00188155 1.84359e-10 0.0498469 7.70221e-08 3.85823e-05 0.000107479 1.2534e-10 4.66109e-10 1.92579e-07 0.00194128 0.00379447 1.25005e-07 0.06557 0.000282119 2.20756e-07 0.00305731 7.36333e-07 8.5357e-06 0.00455147 0.00696457 0.00387919 8.20605e-09 
0.0186876 0.000708058 0.000622288 1.38705e-05 0.0103158 0.0182844 0.00416911 0.0055562 0.0108174 4.50126e-07 0.00102161 5.92831e-06 0.00714991 0.00301356 0.0132605 9.08916e-07 8.12055e-07 4.09491e-08 0.0112822 3.04344e-10 0.0721557 1.91634e-05 0.000726981 0.0422533 1.22905e-05 0.000138366 0.540292 0.0936349 0.145829 2.7424e-05 
1.92499e-11 7.89658e-07 6.50829e-08 1.11064e-07 0.00810207 0.777948 0.000773971 0.00247971 0.00635079 7.0568e-11 0.00671126 1.02624e-10 6.91011e-07 1.60521e-06 0.000385753 1.91305e-07 2.57973e-07 0.000305673 0.0200514 0.000138373 0.0666499 0.000189267 0.000262774 0.00876784 2.91668e-07 0.00343875 0.0503421 0.00069674 0.0464014 1.05572e-08 
0.000129672 0.0184518 0.00053956 1.81161e-06 0.00673925 0.06051 0.0184742 0.00949061 0.0898153 1.82608e-09 0.00556688 1.69333e-05 0.000486575 3.20511e-07 0.0104553 4.01878e-07 3.75131e-09 5.68967e-06 0.00290575 4.86221e-09 0.13362 4.83904e-06 0.00214741 0.015422 8.5718e-07 0.00129238 0.0717361 0.0198852 0.532301 1.4946e-08 
0.00168157 0.000388422 0.000912923 0.0978915 0.0731459 0.0479 0.0109057 0.00287278 0.0319374 0.000209859 0.0196358 0.00113242 0.0109784 0.000214826 0.0115366 0.000382279 0.00055483 0.00849154 0.028378 0.0271679 0.0264277 0.00485041 0.00163719 0.52361 0.00620584 0.0129345 0.00189852 0.00543998 0.00980727 0.0308702 
0.0223558 0.198892 9.09995e-07 0.00236548 0.425203 0.0076544 0.00228084 0.0694988 1.75099e-07 1.95544e-11 0.0175249 3.46961e-07 7.55371e-07 2.86428e-11 1.59666e-08 4.94387e-11 3.37471e-07 8.98715e-06 6.4927e-07 5.20663e-11 0.00696111 0.00102553 1.56692e-07 0.18048 0.00181245 3.30689e-06 4.19031e-07 0.0273922 0.0365378 3.77495e-11 
3.63313e-05 0.016492 0.000768628 5.77683e-06 0.0156376 0.0274763 0.0138241 0.0118565 0.0488575 1.96272e-06 0.00090947 8.55041e-06 0.00267805 0.000258502 0.00030761 5.12082e-08 4.6178e-05 6.90399e-05 0.00342824 2.66707e-05 0.0516872 6.59979e-06 0.0186374 0.00106 1.1802e-05 0.000379749 0.539925 0.0650506 0.180553 3.97515e-07 
3.53462e-08 4.57208e-07 1.28655e-09 3.01315e-05 0.000280727 0.385671 1.14007e-06 0.0015113 0.00361667 1.44038e-09 0.109772 2.96992e-05 0.00394554 0.203221 7.5548e-06 3.64167e-09 4.569e-05 0.192591 0.000457686 3.83522e-09 0.00118535 0.00591428 0.00391366 0.0138032 3.04161e-09 0.00377305 0.0611062 0.00395839 0.00514084 2.31571e-05 
0.00243183 4.06013e-05 4.37345e-10 1.23064e-08 0.0822017 0.0218343 4.11343e-08 0.00214792 0.0124711 2.80223e-11 0.0193382 4.16619e-08 0.00164771 0.00155951 2.54399e-08 1.22615e-07 3.7041e-08 5.03663e-05 0.109637 7.46136e-11 0.00208805 1.71246e-11 0.0149307 0.05138 2.02914e-08 8.90101e-05 0.24968 0.273805 0.154667 4.50982e-09 
3.53462e-08 4.57208e-07 1.28655e-09 3.01315e-05 0.000280727 0.385671 1.14007e-06 0.0015113 0.00361667 1.44038e-09 0.109772 2.96992e-05 0.00394554 0.203221 7.5548e-06 3.64167e-09 4.569e-05 0.192591 0.000457686 3.83522e-09 0.00118535 0.00591428 0.00391366 0.0138032 3.04161e-09 0.00377305 0.0611062 0.00395839 0.00514084 2.31571e-05 
0.000365698 0.00112643 6.02723e-08 6.25556e-13 0.00248749 0.017365 2.19686e-08 0.0268233 5.30558e-08 1.52664e-12 0.00612609 4.66439e-05 5.36118e-08 0.000201926 2.1901e-08 3.85975e-12 7.09187e-05 0.0022059 0.231392 4.06489e-12 0.0468801 0.00061385 0.00716376 0.182699 1.71802e-12 1.13778e-07 0.0068089 0.446478 0.0211444 1.38546e-08 
0.000117368 0.00171134 0.000354388 1.01097e-09 0.0122179 0.00170644 0.00286859 0.00893512 0.23672 2.32707e-09 0.0205643 2.97462e-09 0.00131253 0.000364008 7.37197e-05 1.08555e-12 7.91287e-09 0.00228616 0.0350526 2.98669e-09 3.78396e-08 3.93126e-05 0.00543053 0.0776051 5.33173e-09 0.0016846 0.0204483 0.563699 0.00680844 5.44207e-07 
9.31267e-05 0.0133946 0.00193092 0.137733 0.000776273 0.0180386 0.0938174 0.01556 0.128431 1.15892e-05 0.126075 0.00026592 0.252197 0.0101906 0.00400528 1.21725e-06 0.000182788 0.00113841 0.0077254 0.000697625 0.00529856 0.00420504 0.139805 0.00263778 0.00096339 3.95112e-07 0.00617983 0.00397888 0.0243369 0.000328439 
9.65279e-06 0.000149132 1.90164e-05 5.76571e-05 0.0751486 0.0029792 0.000766102 0.0127065 0.00794074 4.53073e-12 0.00188047 3.15804e-06 7.26764e-05 8.75594e-08 1.80658e-07 1.14549e-11 0.000191268 8.95939e-05 0.00919116 2.81997e-06 0.583925 3.62325e-07 0.000558239 0.0486246 0.000101251 0.0845929 0.0412324 0.104767 0.0249897 1.86393e-08 
1.66833e-07 0.00298602 0.00126743 0.00136804 0.00507106 0.0730192 0.021273 0.104982 0.00280181 1.6673e-07 0.17495 0.00143349 0.022417 0.0027168 0.00950637 1.66514e-07 0.000699809 0.0021844 0.0324125 0.0122209 0.064181 0.022733 0.0848112 0.0146309 0.022523 0.00917206 0.0560354 0.160358 0.094244 1.66599e-07 
0.00137624 0.000317962 0.000747233 0.0987378 0.0598494 0.0391921 0.0105695 0.00235078 0.026132 0.000171872 0.0160665 0.00124925 0.014615 0.00017607 0.0223221 0.000314221 0.000455063 0.00694886 0.0232195 0.0222315 0.0216237 0.00396901 0.0013399 0.556537 0.00507826 0.0105841 0.00155363 0.00445124 0.00977229 0.0380479 
0.000441884 0.000230928 0.000149639 0.000913383 0.0485167 0.00249676 0.000291607 0.0029637 0.00330165 7.60291e-09 0.00330819 1.8597e-05 0.000345895 0.000232867 0.000221204 1.92222e-08 4.23509e-06 0.0023472 0.0148951 0.000418595 0.00181918 0.000654009 9.65494e-05 0.0929232 0.000347936 0.811745 0.00402956 0.00538699 0.00186887 3.08007e-05 
2.74543e-08 2.31935e-08 6.5137e-12 0.00099172 0.00964174 1.2328e-06 0.0913349 0.00985119 1.18976e-07 7.29255e-12 0.0114913 2.01606e-08 0.00728809 0.000321432 1.54198e-07 1.84375e-11 1.85779e-07 0.155038 0.0157564 1.94175e-11 2.75553e-07 0.0196891 1.12606e-07 0.499601 0.000230532 1.29074e-06 0.0182038 0.160557 1.98548e-12 1.97236e-08 
0.000119411 0.000973521 0.00141867 1.66702e-05 0.00792493 0.631058 0.00754349 0.0113908 0.00313757 6.40374e-08 0.00549071 7.12937e-05 0.00606264 1.8908e-10 0.00381798 5.09886e-05 1.07765e-05 0.017854 0.0100964 0.00705762 0.0328862 0.000168523 0.000592934 0.00185246 0.000421978 0.00145828 0.014481 0.0544298 0.179614 4.52827e-09 
3.5371e-08 4.33137e-05 9.11653e-05 5.10219e-06 0.000135135 0.00120414 7.27946e-05 0.000426082 7.65969e-05 1.29666e-07 4.21951e-08 0.000185898 0.000399157 0.945183 0.000349651 0.00709194 2.66372e-07 6.04776e-05 6.79538e-05 3.45255e-07 0.00147278 0.0410259 0.000177743 0.000162704 0.000157721 0.000315681 7.66037e-05 0.000643274 0.000573706 2.5032e-07 
0.0223558 0.198892 9.09995e-07 0.00236548 0.425203 0.0076544 0.00228084 0.0694988 1.75099e-07 1.95544e-11 0.0175249 3.46961e-07 7.55371e-07 2.86428e-11 1.59666e-08 4.94387e-11 3.37471e-07 8.98715e-06 6.4927e-07 5.20663e-11 0.00696111 0.00102553 1.56692e-07 0.18048 0.00181245 3.30689e-06 4.19031e-07 0.0273922 0.0365378 3.77495e-11 
0.000109892 2.76095e-08 0.138484 0.000621536 0.0467236 0.00386692 2.19913e-08 0.0625731 0.000274505 3.21532e-12 0.00198085 8.97316e-09 3.24905e-08 4.70972e-12 7.42511e-08 8.12918e-12 2.75584e-08 0.000853616 2.30624e-07 8.56124e-12 0.575032 6.551e-09 0.00203027 0.00215761 4.43397e-08 0.0900896 0.010059 0.0424299 0.0227124 6.20714e-12 
0.00098384 7.15381e-05 9.3645e-05 8.55578e-05 0.0388865 0.0060859 0.00383532 0.000647483 5.53764e-05 1.90894e-12 0.000577953 2.77609e-12 0.00247126 9.89057e-09 0.00797771 4.82632e-12 3.01595e-08 3.36259e-08 7.8394e-08 5.08284e-12 0.0992981 4.71567e-09 0.000974982 0.00817332 1.86288e-05 2.05001e-08 0.0944892 0.028924 0.70635 2.1855e-10 
3.97703e-06 0.00346139 0.000129352 0.0411822 0.0012157 0.216168 0.0127213 0.102766 0.00171518 2.48233e-06 0.0561991 0.00154175 0.00463514 0.000166276 0.0145024 3.15541e-06 9.29912e-06 0.130403 0.0158185 0.000841003 0.0418959 0.135002 0.000295007 0.0584777 2.10301e-05 0.0315274 0.00730873 0.0440322 0.0778192 0.000135171 
0.230521 0.760989 0.000182188 8.55384e-06 0.00189129 5.38625e-05 0.000411155 0.000352255 1.0297e-05 1.42587e-09 0.000254617 5.10835e-06 0.000223284 2.75993e-07 3.65885e-05 2.16875e-12 3.85653e-09 0.000610241 1.82005e-05 2.28401e-12 0.0002799 0.000197929 2.0374e-08 0.000675639 6.47461e-05 7.58762e-05 4.78719e-09 0.00107152 0.00206676 1.39133e-07 
7.70272e-05 0.00107066 0.000237285 6.92308e-06 0.000226827 0.0138583 0.0625114 0.350133 0.00263447 5.40634e-06 0.00369729 2.7375e-06 0.000651392 0.032686 0.00143685 1.10792e-07 8.4317e-06 3.42262e-05 3.65024e-05 0.000176195 0.0501726 0.3984 0.0570403 0.0085053 0.00067395 0.00494409 0.00279282 0.00550093 0.00242645 5.25019e-05 
7.52871e-06 0.00324828 0.00181309 0.00796513 0.0433681 0.0030902 0.0131835 0.0280424 0.0307946 2.97947e-07 0.0018286 2.36568e-06 0.00261249 6.6362e-08 0.00592051 2.72631e-08 0.000531861 0.000208385 0.012306 0.00151245 0.58566 8.18523e-05 0.00682692 0.033285 0.000132187 0.025544 0.022376 0.0326391 0.137017 2.56061e-06 
4.98241e-06 0.0309585 0.00437707 6.82041e-07 2.86757e-06 2.95848e-05 0.0329934 0.193332 2.58422e-06 4.25697e-09 6.90956e-05 2.53837e-06 0.00326859 4.84031e-06 7.849e-06 1.07628e-08 0.00208648 0.048352 1.53866e-05 3.95811e-05 0.434257 1.68669e-05 0.0318248 0.14826 0.0635751 0.00643124 2.42098e-05 3.14507e-05 3.11406e-05 8.21804e-09 
7.2822e-06 0.00266168 3.28139e-05 3.86676e-06 0.0086627 0.00210397 0.0572429 0.193969 1.40348e-05 2.25956e-08 0.022224 3.28598e-08 0.000866732 3.30975e-08 0.221556 5.71278e-08 9.08544e-06 2.84396e-06 2.35103e-06 1.11251e-05 0.00772603 0.471593 1.88586e-08 0.00256086 2.54282e-08 6.78986e-06 0.000358569 0.000738656 0.00764522 4.36207e-08 
0.017716 0.00891605 4.36905e-05 0.00204425 0.0323272 0.00908151 0.0102314 0.0583454 0.026928 2.31063e-07 0.0276565 0.000619196 1.67001e-05 0.0399854 0.000290188 6.82319e-05 1.79439e-05 0.0222992 0.0177892 0.00045776 0.00934555 0.296495 0.00163994 0.35594 3.32544e-05 0.0190897 0.00399837 0.00785914 0.0268414 0.00392385 
1.05553e-05 1.48332e-05 4.1019e-05 2.12163e-06 0.0492619 0.0343979 0.000312545 0.000221787 0.000304017 6.88164e-12 0.462852 5.48793e-07 0.0148402 0.000365623 5.75983e-05 1.73986e-11 4.87704e-08 0.000224274 0.0197602 2.99401e-09 0.0217875 4.20542e-12 0.000460451 0.0101956 2.83681e-08 0.000534363 0.0275907 0.306888 0.0498709 5.19224e-06 
4.86904e-06 0.000761657 0.000426818 0.00531958 0.00126993 0.0641124 0.0157872 0.00374843 0.0147036 1.00488e-07 0.375008 0.00519696 0.00184511 9.42019e-07 0.00013916 6.14632e-08 6.27884e-05 0.426686 0.0166316 5.05187e-05 0.00422324 0.00543319 0.00145834 0.00737704 3.7601e-05 0.00299601 0.0102477 0.0190684 0.0174028 4.02491e-08 
0.000109146 7.86744e-05 0.0136857 0.000115798 0.371978 0.0111581 0.00025409 0.0200958 0.000509466 2.84892e-09 0.00164743 3.58881e-09 6.7767e-05 5.20486e-09 3.1483e-05 4.5742e-12 1.10207e-08 0.00315 0.00611265 4.81731e-12 0.44312 6.34755e-05 0.000972162 0.0399488 0.000154907 0.0418811 0.0122825 0.0183289 0.0142544 4.40057e-09 
1.32067e-05 0.00038418 0.000142092 1.51927e-05 0.00500739 0.32523 0.00256858 0.011989 0.00149288 1.55725e-06 0.0232572 2.94156e-05 0.0848695 0.0019023 0.00218827 0.000146591 1.80161e-06 2.40445e-05 0.000741506 0.000131949 0.0496853 0.00123918 0.0152326 0.0125654 1.80257e-05 0.0721404 0.0769558 0.150903 0.161123 3.03543e-07 
0.00034652 0.000649482 0.0371001 3.41814e-05 0.0491196 0.0177518 0.00187031 0.0187069 0.00033774 4.51757e-08 0.00627349 0.000145749 0.000971683 8.73319e-05 0.00610242 5.02711e-05 0.000917334 0.00104787 0.0435883 7.13633e-09 0.647858 0.000130616 0.000955163 0.00581361 0.000190244 0.014714 0.00389408 0.108213 0.0331299 7.11107e-10 
3.83671e-05 0.000372047 0.0446345 3.32296e-05 0.124548 0.00110697 0.000989631 0.0156674 0.000188497 5.38848e-08 0.00247777 8.21285e-06 7.54886e-06 3.6225e-05 0.00111525 6.81035e-09 9.93891e-06 0.000172496 0.0977674 7.14612e-09 0.539019 3.59194e-05 0.00050638 0.00354496 7.09825e-05 0.0108242 0.00458739 0.107729 0.0445086 2.33145e-07 
2.98975e-07 2.60965e-05 4.94721e-06 9.18187e-07 0.197043 0.0171661 2.91139e-06 7.04257e-06 0.000114474 2.20636e-10 0.591464 7.53798e-07 0.00170642 3.23182e-10 5.74015e-06 5.57827e-10 0.00597782 5.75371e-05 0.00149253 1.48911e-05 0.0955759 3.76688e-06 2.16233e-06 0.0182169 0.000131518 0.00893511 0.00693916 0.0550815 2.79374e-05 1.26891e-07 
7.72704e-06 5.45475e-05 2.07721e-06 6.44224e-08 0.00616359 0.000120119 5.74254e-05 0.000785182 3.93755e-06 1.19474e-10 0.0130566 1.54616e-06 5.8811e-06 9.85144e-06 4.14745e-05 6.4192e-07 1.93883e-07 2.90782e-07 0.0902909 3.18118e-10 0.0197242 7.30116e-11 3.11467e-06 0.00516126 1.35861e-06 7.63787e-09 0.0016721 0.532148 0.330688 2.35599e-08 
0.00506174 0.0011521 1.16437e-05 9.02169e-06 0.0109442 0.0730307 0.00247993 0.00419011 0.0073737 1.93852e-06 0.00693562 2.90762e-05 0.00228484 1.97722e-05 0.000310707 8.31849e-07 0.000275887 7.32694e-05 7.29042e-05 8.76061e-07 0.054985 0.0096713 0.0144053 0.49908 8.9813e-05 0.00121436 0.26175 0.0269665 0.0175703 8.73786e-06 
5.96844e-05 0.000306034 1.60807e-07 8.65148e-10 0.000769807 0.00215209 0.000305715 0.223597 0.0116809 1.31981e-11 0.000162885 2.77326e-05 0.000384295 0.00171845 0.000226307 3.33684e-11 8.89283e-06 0.000273321 0.354948 3.51419e-11 0.0487561 3.29529e-05 0.00172603 0.0371576 1.61047e-07 1.63716e-05 0.0210717 0.16425 0.130367 2.54789e-11 
0.00034652 0.000649482 0.0371001 3.41814e-05 0.0491196 0.0177518 0.00187031 0.0187069 0.00033774 4.51757e-08 0.00627349 0.000145749 0.000971683 8.73319e-05 0.00610242 5.02711e-05 0.000917334 0.00104787 0.0435883 7.13633e-09 0.647858 0.000130616 0.000955163 0.00581361 0.000190244 0.014714 0.00389408 0.108213 0.0331299 7.11107e-10 
0.00740348 0.00171836 0.000150511 3.73303e-05 0.0021539 0.00183147 0.00792058 0.00379232 0.0456302 1.07782e-06 0.00334993 1.19884e-07 0.00075349 0.70523 0.000897289 1.14733e-05 9.777e-06 6.83721e-06 0.0150931 5.45953e-05 0.015111 0.00813873 0.000479169 0.03982 1.08873e-05 0.0041859 0.12953 0.00433367 0.00232084 2.31045e-05 
5.02903e-11 1.56015e-05 1.22197e-06 2.37237e-06 1.51826e-07 2.35453e-05 1.67473e-05 0.858015 0.00188155 1.84359e-10 0.0498469 7.70221e-08 3.85823e-05 0.000107479 1.2534e-10 4.66109e-10 1.92579e-07 0.00194128 0.00379447 1.25005e-07 0.06557 0.000282119 2.20756e-07 0.00305731 7.36333e-07 8.5357e-06 0.00455147 0.00696457 0.00387919 8.20605e-09 
1.43891e-11 0.0732534 0.000666549 0.000184034 0.00875181 0.0135998 0.0612158 0.33395 0.0203852 5.27489e-11 0.035966 0.000599471 0.00209062 1.53894e-07 2.49692e-07 1.33363e-10 0.000144056 0.0184331 0.00255288 0.00104931 0.101275 0.1455 0.0468636 0.00448742 0.000873521 0.000883465 0.0181256 0.0210472 0.0881023 2.58092e-07 
0.000697237 0.0475405 0.00399397 0.00417093 0.0163079 0.0637498 0.0292364 0.0490358 0.0476397 2.08448e-05 0.087739 4.35044e-05 0.002479 0.00278927 0.000323552 1.79185e-09 0.000934718 0.00668975 0.0830186 7.59195e-08 0.0939054 0.00535279 0.00167679 0.181615 0.000212579 0.117088 0.0606 0.055504 0.0372856 0.000348454 
8.27327e-05 0.000337216 6.90264e-05 0.00927708 0.0118375 0.312121 0.00125151 0.00755672 0.032678 4.86288e-06 0.182122 0.000881773 0.00753105 0.000303106 0.000136752 0.000385038 0.000191376 0.155102 0.100158 1.65574e-05 0.00945618 0.0102927 0.00097925 0.0440002 4.41758e-05 0.00122097 0.0186336 0.0459056 0.0296636 0.0177606 
0.00137624 0.000317962 0.000747233 0.0987378 0.0598494 0.0391921 0.0105695 0.00235078 0.026132 0.000171872 0.0160665 0.00124925 0.014615 0.00017607 0.0223221 0.000314221 0.000455063 0.00694886 0.0232195 0.0222315 0.0216237 0.00396901 0.0013399 0.556537 0.00507826 0.0105841 0.00155363 0.00445124 0.00977229 0.0380479 
0.000102808 0.00211509 0.000263413 9.99691e-06 0.0903696 0.0328936 0.0114251 0.00388618 0.00128765 2.61927e-06 0.0235661 0.000627395 0.00260178 5.70078e-06 0.194701 6.72334e-10 0.00545495 0.0708013 0.00954046 4.03446e-06 0.0401397 0.00042231 0.00253999 0.136306 0.000437916 0.00129869 0.00215668 0.0379571 0.329083 2.73273e-07 
0.000424867 0.00351979 0.000614145 3.93631e-05 0.0850924 0.0342272 0.00311695 0.0657248 0.000541061 2.18772e-08 0.0543006 2.26403e-05 0.00155302 0.000550166 0.000114545 6.70537e-12 1.07806e-05 4.30093e-05 0.0294432 7.2165e-05 0.402559 0.00126704 0.0352155 0.0110781 0.00175516 0.0589842 0.10921 0.0814397 0.0190798 2.56052e-07 
