5.43406e-05 0.000276279 0.0327105 0.000403678 0.021393 0.0373147 0.118245 6.1688e-05 0.0226253 0.00317898 0.762437 0.00129955 
2.91116e-07 0.372991 0.0125126 0.0177688 0.00397797 0.0373184 0.0199537 4.73616e-05 0.463613 0.00429603 0.067502 1.92634e-05 
1.4968e-06 0.669896 0.0146984 1.69039e-06 0.0122869 0.071803 0.00378791 0.00142589 0.0827007 0.00101473 0.142342 4.03738e-05 
1.78232e-05 8.93193e-05 0.00133334 0.00133004 0.990301 0.000525535 0.00181921 0.000134381 0.002621 0.000529143 0.00116106 0.000137724 
1.8375e-05 0.0678973 0.0203707 0.000100456 0.0234512 0.23495 0.00281864 7.29842e-05 0.0777275 0.0187405 0.553483 0.000369561 
2.58748e-10 0.0191304 0.0708044 0.0007015 0.549032 0.0205377 0.161055 0.00209467 0.0815062 0.0243655 0.0338842 0.0368886 
0.000192529 0.0213015 0.0774455 0.00240468 0.681373 0.0129204 0.0113087 0.0021203 0.0812808 0.0287248 0.0790641 0.00186379 
4.22049e-10 0.0141045 0.0840277 0.000162334 0.63801 0.0128598 0.0156025 0.00298968 0.204648 0.00921222 0.00266853 0.0157142 
2.20438e-05 0.0035308 0.079629 0.00327332 0.0120173 0.015188 0.00807371 8.90624e-05 0.0303278 0.43404 0.41357 0.000238932 
9.95382e-05 0.030215 0.0723111 0.00107878 0.366919 0.0142415 0.012402 0.000561816 0.183195 0.03028 0.287758 0.000938526 
1.38696e-07 0.030078 0.0947514 1.28691e-05 0.0465719 0.000865081 0.00319378 0.00115585 0.0123939 0.0137586 0.06845 0.728768 
1.08219e-05 0.00148612 0.0449084 0.00120979 0.212653 0.0044097 0.00743651 0.000215728 0.633022 0.00874204 0.0851671 0.000739357 
2.2645e-08 0.000118404 0.031092 3.59064e-05 0.00436595 0.348315 0.00124399 0.000333276 0.0015807 0.0094498 0.603213 0.000251744 
4.77143e-09 5.04245e-06 4.3618e-06 0.00101372 0.0433793 0.794751 0.000965467 1.55158e-07 0.0176997 0.0504411 0.00941757 0.0823224 
4.13355e-07 0.000363044 0.572455 0.000154442 0.0810875 0.0371524 0.000304898 9.30778e-06 0.0157597 0.138433 0.136719 0.0175606 
2.15211e-12 0.00674879 0.0017675 2.92548e-07 0.000716034 0.086875 0.0399314 4.15068e-05 0.00638739 0.000713327 0.855306 0.00151309 
1.08059e-05 0.00553396 0.221709 0.0404192 0.443432 0.0962122 0.000985089 0.000430876 0.0310308 0.0187935 0.141299 0.000143921 
1.66349e-05 0.00821591 0.326168 0.00062806 0.0473486 0.116824 0.0112509 8.78124e-05 0.0213132 0.0742136 0.393696 0.00023827 
5.09326e-07 0.048864 0.00549616 1.50478e-06 0.158773 0.000244868 0.0202593 0.000217393 0.7212 0.00550706 0.0392176 0.000218931 
4.98094e-05 0.0189723 0.381647 0.000155555 0.0079292 0.144033 0.0106852 0.00573567 0.0264598 0.0236731 0.379533 0.0011261 
9.64987e-11 0.0023227 0.209438 2.93994e-07 0.198868 0.0129171 0.110268 0.000972382 0.0975322 0.123726 0.243955 1.48915e-06 
3.27646e-06 0.132449 0.0247334 9.62547e-06 0.000964634 0.115513 0.553102 0.000319831 0.0502869 0.0203048 0.0988132 0.00350142 
3.13835e-06 0.0327143 0.107065 5.81632e-05 0.011927 0.0331054 0.00856461 3.62494e-05 0.058712 0.0269184 0.720705 0.000190462 
1.15712e-09 0.0323983 0.191479 6.07628e-07 0.346046 0.00745791 0.0105385 0.00102946 0.0300054 0.158337 0.222382 0.000325858 
4.51165e-06 0.381957 0.0597135 3.27155e-05 0.0650306 0.00137125 0.00649926 6.81874e-05 0.429963 0.00289027 0.0215259 0.0309442 
9.87316e-09 0.00271907 0.0115932 7.79546e-07 0.397872 0.00149 0.00142488 0.000388811 0.0260389 0.00753113 0.550903 3.77411e-05 
0.000152654 0.0172041 0.057759 0.000208428 0.558306 0.0172183 0.00207796 0.000514339 0.0240574 0.00220969 0.319517 0.00077544 
1.41402e-10 0.000286206 0.185783 0.00367821 0.19969 0.185552 0.0447406 4.05323e-08 0.0825034 0.108568 0.189197 1.3279e-06 
1.77669e-10 0.00625261 0.00403327 1.17492e-05 0.00701954 0.104969 0.489667 0.143972 0.0442822 0.028296 0.171057 0.000439023 
3.14301e-10 0.0285663 0.0359323 1.29362e-06 0.00243903 0.00300783 0.0193247 0.000890852 0.00833872 0.000224797 0.015228 0.886046 
2.91732e-09 0.000259695 0.000723609 2.98502e-06 0.00214999 0.00265835 0.000174984 2.23419e-05 0.00209594 0.00029597 0.00155975 0.990056 
1.3873e-07 0.00020683 0.0963827 0.000397266 0.504877 0.0524916 0.00407366 0.0027808 0.00861048 0.0233801 0.306344 0.000455646 
1.92613e-11 0.0554616 0.00658851 5.29711e-07 0.094808 0.00419296 0.000312361 7.28598e-08 0.718468 0.0119921 0.107669 0.000507017 
1.14353e-06 0.000203817 0.0276512 0.000345239 0.096394 0.00757991 7.37222e-05 0.000464223 0.00880303 0.0130264 0.0547482 0.790709 
1.54501e-12 0.00465387 0.00123291 0.000791294 0.966475 0.000533349 5.42299e-05 0.00270325 0.0142342 0.000250293 0.00906645 5.25996e-06 
1.78653e-12 0.0028501 0.0358819 1.17743e-07 0.000632974 0.000248508 0.00363518 0.000269248 0.0038156 0.00187029 0.0148051 0.935991 
1.54501e-12 0.00465387 0.00123291 0.000791294 0.966475 0.000533349 5.42299e-05 0.00270325 0.0142342 0.000250293 0.00906645 5.25996e-06 
1.24907e-05 0.00890303 0.0270122 0.000301368 0.00579868 0.121222 0.120291 4.02912e-05 0.0329887 0.0124327 0.662988 0.00800973 
2.87373e-10 0.863074 0.000584616 3.70994e-07 0.000335551 0.0122944 0.0069756 3.81206e-05 0.0779982 0.000103004 0.0384667 0.000129257 
1.49778e-09 0.0612844 0.00716785 6.91554e-08 7.87334e-05 0.777014 0.00321493 1.97338e-05 0.00935757 0.0487367 0.0798659 0.0132602 
8.18362e-11 0.00368726 0.00422166 7.61736e-06 0.000943654 0.000431173 0.000920577 0.000443433 0.000253684 0.0011268 0.00160098 0.986363 
1.60436e-07 0.0163913 0.00496886 3.242e-07 0.0173065 0.0744647 0.000600174 5.32252e-06 0.600272 0.00134152 0.283526 0.00112321 
1.48606e-06 0.000848542 0.0694667 0.00208122 0.624098 0.118953 0.00167755 0.000534079 0.0791248 0.0015256 0.101686 2.96758e-06 
3.42045e-05 0.00232291 0.0399116 0.000164803 0.523644 0.0140454 0.00955101 0.00124322 0.0635624 0.12325 0.220361 0.0019091 
1.80086e-09 0.0320902 0.0468824 1.09759e-05 0.0246316 0.103928 0.000857351 2.2416e-06 0.0143515 0.137068 0.640178 5.36556e-08 
2.05206e-10 0.0277437 0.00434756 3.61157e-06 0.00504625 0.00255861 0.00166548 5.87523e-05 0.901224 0.000509489 0.0567656 7.6847e-05 
4.91919e-05 4.92319e-05 0.305313 4.91943e-05 0.467747 4.92341e-05 0.147724 4.92256e-05 4.92373e-05 0.0788229 4.92383e-05 4.91975e-05 
1.49778e-09 0.0612844 0.00716785 6.91554e-08 7.87334e-05 0.777014 0.00321493 1.97338e-05 0.00935757 0.0487367 0.0798659 0.0132602 
1.17588e-06 0.010285 0.0657865 0.000108626 0.153971 0.222142 0.077944 0.000804113 0.129995 0.0244804 0.310095 0.00438687 
4.80481e-05 0.0128202 0.0696861 0.00631593 0.0422236 0.0135077 0.0284654 6.92363e-05 0.243579 0.00768221 0.573419 0.00218322 
4.13317e-10 0.0200151 0.16447 0.0013809 0.50698 0.0606441 0.141147 0.00222942 0.0239232 0.00503213 0.0739194 0.000259281 
5.58042e-13 0.024065 0.00589502 3.24339e-06 0.00150381 0.341753 0.262818 9.26346e-05 0.00447099 0.00131431 0.355284 0.00280034 
6.75426e-09 0.00531045 0.0266834 1.94954e-08 0.0068338 0.130858 2.92249e-07 4.43592e-06 0.0230067 0.00415025 0.803116 3.67907e-05 
3.99515e-12 0.0182404 0.0132491 1.39676e-05 0.00419207 0.152072 0.525268 0.000314045 0.00723853 0.00206165 0.274584 0.00276638 
1.49778e-09 0.0612844 0.00716785 6.91554e-08 7.87334e-05 0.777014 0.00321493 1.97338e-05 0.00935757 0.0487367 0.0798659 0.0132602 
5.28924e-06 0.0218058 0.252474 0.000117527 0.00577813 0.046659 0.00184321 0.00217724 0.0478993 0.0238521 0.596784 0.000603662 
5.05376e-06 0.000358674 0.1445 0.000374409 0.588427 0.00426113 0.0126053 0.000256808 0.185937 0.00695857 0.0558115 0.000503509 
2.26805e-11 0.0415597 0.105759 5.03359e-09 0.214132 0.000999182 0.208926 0.344017 0.0515971 0.00095234 0.0320339 2.34366e-05 
4.07094e-10 0.0692806 0.00182611 1.00173e-06 0.00686127 0.0108331 0.000236759 5.17029e-06 0.902263 0.00406817 0.0034647 0.0011605 
1.71972e-06 0.0290741 0.524789 0.00444535 0.0257841 0.170399 0.00351399 0.00038676 0.0268088 0.0113716 0.203385 4.10923e-05 
1.0807e-08 0.00476953 0.0709117 3.62316e-06 0.810891 0.013833 0.0277086 9.26656e-07 0.0633668 6.90947e-05 0.00280013 0.00564512 
3.13489e-12 0.00011528 0.00930795 1.79373e-07 6.14368e-06 0.0103255 0.89572 0.000500187 0.00384111 0.00123395 0.0775611 0.00138863 
0.00062572 0.0352857 0.167702 0.00163637 0.151967 0.189313 0.0763198 0.005707 0.0282546 0.0314462 0.309631 0.00211126 
3.76884e-08 0.0584626 0.0348346 1.81402e-05 0.510286 0.00886778 4.02771e-06 1.00026e-07 0.20566 0.000119422 0.180772 0.000974906 
2.62869e-08 0.66417 0.0921087 6.13234e-07 0.0035151 0.0137681 0.00145282 0.00391443 0.160242 0.000990967 0.0596956 0.000142379 
1.30786e-05 0.823192 0.000839053 3.04866e-05 0.00260602 0.000539018 0.0034393 0.000532242 0.160932 0.000146897 0.00770528 2.50127e-05 
1.49778e-09 0.0612844 0.00716785 6.91554e-08 7.87334e-05 0.777014 0.00321493 1.97338e-05 0.00935757 0.0487367 0.0798659 0.0132602 
5.99672e-07 0.00126469 0.360046 5.77197e-05 0.136042 0.0132293 0.00712072 0.0478997 0.0288554 0.0128925 0.0371895 0.355402 
2.21776e-12 0.000284056 9.63748e-05 1.4307e-05 0.00129605 0.000540746 0.000501194 0.000171658 0.996412 6.03212e-05 0.000583749 3.98229e-05 
1.73867e-05 0.00204982 0.118431 0.000148067 0.252092 0.0691286 0.166238 0.161477 0.0256531 0.0102923 0.190992 0.00348038 
3.90273e-05 0.0171668 0.0772192 5.17549e-05 0.00434988 0.134264 0.0247634 0.00173726 0.0283946 0.0492733 0.661946 0.000795119 
4.23938e-05 0.000397447 0.426448 0.00319809 0.119652 0.0461794 0.0610964 0.000159689 0.026227 0.245328 0.0702987 0.000972635 
1.49778e-09 0.0612844 0.00716785 6.91554e-08 7.87334e-05 0.777014 0.00321493 1.97338e-05 0.00935757 0.0487367 0.0798659 0.0132602 
2.32114e-09 0.000926943 0.163368 6.18175e-09 0.130166 0.0329155 0.00163917 0.000167448 0.0385276 0.100982 0.531307 3.17306e-07 
4.1341e-06 0.00723064 0.179241 0.000721198 0.116599 0.0322857 0.305668 0.0169377 0.112183 0.0177385 0.133882 0.07751 
4.58704e-05 0.00301435 0.0422083 0.000251606 0.147157 0.20525 0.0151232 0.000228443 0.261603 0.00124082 0.323824 5.44531e-05 
1.76529e-05 0.0244583 0.081257 0.00587815 0.0481018 0.105743 0.004595 0.000151432 0.129989 0.0088847 0.590801 0.000122575 
4.02315e-07 0.567939 0.119288 1.85054e-06 0.0289616 0.0194803 0.000181664 0.00026175 0.132877 0.00252591 0.127776 0.000706908 
4.52021e-08 0.0380856 0.231256 2.4931e-06 0.132166 0.0194418 0.184229 0.280922 0.0804293 0.0185573 0.0139798 0.000931252 
1.99611e-07 0.0287874 0.0469841 8.90641e-07 0.367975 0.0352785 0.000478763 3.31465e-05 0.275362 0.00769024 0.237299 0.000110364 
8.02029e-10 0.00789434 0.0287922 1.90745e-05 0.0905761 0.0328979 0.0879467 0.0101936 0.0986221 0.485028 0.156282 0.00174763 
1.36078e-07 0.0891759 0.0646853 0.000567264 0.160709 0.0558167 0.0160941 3.16286e-05 0.331042 0.00792378 0.273064 0.000890553 
6.22055e-12 0.0216721 0.00333718 7.98692e-05 0.00285271 0.130872 0.122502 0.000336785 0.00254067 0.00190532 0.109257 0.604644 
2.02872e-06 2.16288e-05 0.115694 4.62611e-06 0.0691214 0.000673541 3.77074e-05 3.20853e-05 0.00365617 0.1923 0.618233 0.000224197 
3.49625e-06 0.0557616 0.0951541 0.0106843 0.633148 0.0187732 0.00298791 4.4974e-05 0.0451665 0.00881854 0.126381 0.00307636 
7.57421e-06 0.00161464 0.376307 4.56493e-05 0.0488345 0.00519994 0.00222294 0.0912991 0.0398691 0.272488 0.16183 0.000280713 
4.55459e-10 0.654705 0.00122947 1.12284e-06 0.00063977 0.0446514 0.0048107 9.34266e-06 0.154308 0.000242061 0.139172 0.000231403 
5.8849e-07 0.11583 0.00279368 6.5721e-06 0.00896925 0.00723312 0.00164561 0.000145394 0.810981 0.0017188 0.0462973 0.00437797 
3.14301e-10 0.0285663 0.0359323 1.29362e-06 0.00243903 0.00300783 0.0193247 0.000890852 0.00833872 0.000224797 0.015228 0.886046 
2.30615e-08 0.0301332 0.0596711 1.84927e-06 0.606474 0.00901222 0.010012 0.00837865 0.159877 0.000144116 0.10002 0.0162753 
8.91179e-10 0.0172581 0.00771859 0.000591458 0.0638741 0.0819336 0.0396781 0.000160399 0.0493693 0.00369642 0.732905 0.002815 
2.74611e-13 0.00528936 0.00502744 3.93932e-07 0.000146643 0.0292996 0.809588 0.000782713 0.010991 0.00614816 0.129179 0.00354831 
4.72946e-08 4.81215e-05 0.0375887 1.41262e-05 0.777239 6.70255e-05 0.000175161 1.48125e-06 0.0625421 0.0140272 0.101596 0.00670185 
7.77582e-06 0.000177875 0.063985 1.9063e-05 0.792247 0.0527179 0.00168532 0.000107962 0.0149538 0.0154667 0.0581157 0.000515979 
5.62091e-12 6.17212e-05 4.25282e-05 2.80581e-06 0.000199106 0.000107332 0.00115208 6.7323e-05 0.00065441 1.96804e-06 0.00121739 0.996493 
5.24724e-06 5.25151e-06 5.25197e-06 5.2475e-06 0.0582963 5.25174e-06 5.25075e-06 0.011032 0.0871897 0.681674 0.159672 0.00210438 
1.54501e-12 0.00465387 0.00123291 0.000791294 0.966475 0.000533349 5.42299e-05 0.00270325 0.0142342 0.000250293 0.00906645 5.25996e-06 
1.38696e-07 0.030078 0.0947514 1.28691e-05 0.0465719 0.000865081 0.00319378 0.00115585 0.0123939 0.0137586 0.06845 0.728768 
1.07468e-08 0.0244499 0.00379272 0.000851829 0.902861 0.000349379 0.0167525 0.00392548 0.0399297 0.00159314 0.000474501 0.00501956 
2.33905e-11 3.06348e-05 0.00088177 4.23207e-08 0.01623 0.306184 1.94669e-05 0.00373202 0.145247 0.0752295 0.438637 0.0138089 
6.0595e-14 0.231733 0.00908124 8.1042e-07 0.0029577 0.0028512 0.000154855 4.24292e-06 0.123161 0.0001721 0.629884 1.14462e-08 
5.92352e-12 0.00344417 0.00358181 1.20224e-06 0.00142806 0.135894 0.0360414 6.63699e-05 0.0213008 0.00118036 0.795116 0.00194569 
5.59344e-08 9.11264e-05 0.178157 0.00435855 0.0885455 0.510302 0.00013838 0.00010324 0.00198888 0.00111563 0.215186 1.43314e-05 
3.81541e-09 0.00252952 0.00310079 6.47644e-07 0.00183229 0.131514 0.0203246 3.55703e-05 0.0215643 0.00162801 0.816367 0.0011029 
1.12516e-06 0.0125455 0.00710712 0.0262693 0.744091 0.141455 0.000198485 0.000767182 0.0651778 0.000369325 0.00201509 3.22133e-06 
6.58286e-05 0.0141485 0.187726 0.000251806 0.178849 0.0223848 0.0364153 0.00111412 0.332847 0.0604906 0.16178 0.00392709 
7.16855e-08 0.00782696 0.0330318 0.0001652 0.47049 0.00340619 0.00490268 0.457035 0.00379748 0.00261891 0.0163002 0.000426376 
1.64579e-06 0.0693642 0.0580485 9.76922e-05 0.352588 0.0150263 0.0580732 4.12156e-05 0.351534 0.0029365 0.092265 2.30612e-05 
1.95809e-11 6.96174e-05 0.00152533 0.00336974 3.73908e-05 0.00723376 0.00555573 5.09972e-06 0.00363168 0.00156697 0.977005 7.70257e-08 
0.000805325 0.014 0.0708162 0.00483518 0.0662634 0.0444204 0.0209605 0.00260207 0.0605168 0.0680407 0.644642 0.00209723 
4.49511e-05 0.00143454 0.0348851 0.103439 0.0413045 0.150774 0.452399 0.00414484 0.00456554 0.0346758 0.172228 0.000104256 
1.15433e-05 0.0140534 0.079644 0.00272182 0.541694 0.0172767 0.0221049 0.00077863 0.26342 0.0154665 0.0402994 0.00252944 
3.16208e-05 0.000427035 0.195983 0.000543544 0.0636169 0.0967204 0.0145629 0.000417258 0.0127263 0.0179603 0.593807 0.00320307 
3.23126e-11 1.43793e-07 0.0147315 0.897212 0.0572251 0.00223386 0.00048038 0.0272926 4.44898e-05 0.000682419 9.38844e-05 3.79265e-06 
6.00398e-10 0.116226 0.00608368 2.822e-06 0.405446 0.0083216 0.000210473 1.32245e-05 0.0756913 0.0208087 0.367164 3.25834e-05 
8.984e-05 0.00478254 0.662804 0.0922324 0.104589 0.015663 0.0103571 0.00230158 0.0134176 0.0157942 0.0770569 0.000912022 
1.95647e-07 0.000302319 0.229189 0.000681006 0.176042 0.163023 4.04877e-05 8.74552e-05 0.128872 0.000337171 0.299396 0.00202806 
1.56422e-12 0.0498905 0.000161359 8.72248e-06 0.000401054 0.0277447 0.0205553 3.28082e-05 0.0416223 0.000612095 0.858214 0.000756813 
4.06611e-06 0.00118107 0.072577 0.178381 0.195643 0.322732 0.0407433 0.0153284 0.0363621 0.00635636 0.127606 0.00308517 
2.91732e-09 0.000259695 0.000723609 2.98502e-06 0.00214999 0.00265835 0.000174984 2.23419e-05 0.00209594 0.00029597 0.00155975 0.990056 
1.02064e-12 0.00014249 0.00379609 2.83013e-05 0.000513308 0.184973 0.416525 3.84809e-05 0.00167376 0.000337949 0.389313 0.00265879 
2.38358e-08 0.0469144 0.00357364 7.52893e-06 0.04093 0.226363 0.00164248 0.000201944 0.0403274 0.00656837 0.633018 0.000453066 
1.25569e-07 0.000293387 0.277131 2.52444e-05 0.0906036 0.00648877 0.000354199 0.000147281 0.0350346 0.569888 0.0089099 0.0111242 
3.40036e-12 0.00425437 0.00141001 2.33759e-06 0.00034678 0.0467106 0.00813966 1.05458e-05 0.0272354 0.00119737 0.910602 9.05542e-05 
1.35982e-06 0.0163986 0.0098287 6.9071e-06 0.0105754 0.189453 0.0456688 0.00257882 0.0281109 0.0076129 0.689439 0.000326202 
3.83918e-12 0.00630786 0.00347711 2.28427e-07 0.00460968 0.00304568 0.00238744 3.74205e-05 0.921483 0.000408056 0.0581906 5.29695e-05 
5.59317e-05 0.00176169 0.0648743 0.000206557 0.238614 0.060247 0.0801861 0.00444045 0.141433 0.217088 0.181885 0.00920735 
7.42518e-07 0.00401733 0.00430723 7.32078e-05 0.0165489 0.925178 9.38089e-05 3.39006e-06 0.00414488 0.00519213 0.0404346 5.96407e-06 
2.08884e-05 0.000345335 0.0312408 0.0005881 0.167459 0.0173207 0.666175 0.00936075 0.0814925 0.000153116 0.0255819 0.000261374 
4.02521e-05 0.12886 0.0245017 0.000139329 0.0428134 0.0169239 0.00334218 0.000952988 0.686484 0.00721258 0.0875053 0.00122461 
4.55212e-09 0.012026 0.0339029 5.22701e-05 0.0449022 0.284749 0.000239067 5.99647e-06 0.513205 0.00259022 0.108327 9.1111e-07 
1.57593e-06 0.00478393 0.0256397 3.3308e-05 0.0431122 0.0185674 0.00446302 5.19889e-05 0.833368 0.0200606 0.0495542 0.000363787 
2.44383e-06 0.00134246 0.0045264 8.93038e-05 0.824837 0.0407168 0.0144964 2.37382e-05 0.0414702 0.00245863 0.0670218 0.00301442 
3.67562e-06 0.860768 0.0117817 0.000589447 0.00920439 0.00859444 0.00569438 0.000148663 0.0572449 0.00250193 0.0361191 0.00734936 
1.49778e-09 0.0612844 0.00716785 6.91554e-08 7.87334e-05 0.777014 0.00321493 1.97338e-05 0.00935757 0.0487367 0.0798659 0.0132602 
0.0832806 0.0833483 0.0833556 0.0832846 0.0833474 0.083352 0.0833363 0.0833377 0.0833574 0.0833511 0.0833591 0.08329 
9.49835e-08 0.00035681 0.00295886 0.0218161 0.0059736 0.0128819 0.00183261 3.7785e-06 0.0152026 0.0768417 0.862128 3.85234e-06 
1.90139e-09 5.33035e-05 0.0127253 8.54491e-07 0.0463207 0.0300381 0.000899884 0.000145254 0.00615415 0.00106394 0.0283701 0.874228 
1.54501e-12 0.00465387 0.00123291 0.000791294 0.966475 0.000533349 5.42299e-05 0.00270325 0.0142342 0.000250293 0.00906645 5.25996e-06 
4.54296e-05 0.00566082 0.0377811 0.000512405 0.711458 0.0121498 0.040961 0.00596376 0.0935285 0.0371224 0.0506729 0.00414367 
8.74564e-10 6.92673e-05 0.00366631 0.000223102 0.071065 0.00569998 0.544408 0.000309212 0.0102079 0.00163158 0.361659 0.00106086 
8.18203e-07 0.0244191 0.171031 8.74223e-05 0.0172674 0.0649204 0.00199446 0.000334647 0.0141977 0.00158473 0.702462 0.00169958 
3.14496e-06 0.0231073 0.0547028 0.000215604 0.0298506 0.00510948 0.00254254 0.0382087 0.0456718 0.705116 0.0935733 0.00189844 
6.55931e-11 0.00051111 0.010553 5.34726e-09 0.169298 0.102976 6.63328e-05 2.62023e-05 0.00542218 0.00332223 0.707826 3.5823e-08 
5.27405e-09 0.207384 0.0146644 9.5569e-09 0.0226667 0.0365204 0.0593661 8.18719e-05 0.596667 0.00399795 0.0582405 0.000410233 
2.79342e-08 0.000247627 0.0314617 2.94426e-05 0.853114 0.00736111 0.00136869 7.31378e-05 0.0250358 0.0396227 0.0370691 0.00461708 
2.24662e-05 0.00513306 0.234099 0.000274724 0.52181 0.0792791 0.0107327 0.00197116 0.0404112 0.0278611 0.0740938 0.00431155 
0.000125229 0.0036412 0.0998585 0.019844 0.422611 0.133343 0.110672 0.00478917 0.00733211 0.0498006 0.14713 0.000853447 
1.42963e-05 0.324987 0.0959373 1.73701e-05 0.0266972 0.0135054 0.00151833 5.89887e-05 0.0232964 0.00899291 0.503663 0.00131099 
1.33556e-07 0.0419228 0.0677055 0.000558118 0.0252501 0.235713 0.030593 5.34905e-05 0.00675686 0.0148729 0.576029 0.000544686 
3.83918e-12 0.00630786 0.00347711 2.28427e-07 0.00460968 0.00304568 0.00238744 3.74205e-05 0.921483 0.000408056 0.0581906 5.29695e-05 
6.28783e-05 0.0174704 0.11722 0.00315115 0.0973162 0.017429 0.281153 0.000212703 0.0724586 0.341207 0.0316001 0.0207191 
4.74436e-07 4.74822e-07 0.777446 4.74459e-07 0.0097342 0.070277 0.043203 0.00356118 0.0013776 0.0172846 0.068906 0.00820914 
1.40537e-07 0.0228138 0.0493168 0.000239066 0.00928302 0.147831 0.0440175 0.00292532 0.318019 0.226554 0.175992 0.00300797 
1.35115e-08 0.0295971 0.021245 0.000313415 0.392092 0.00157987 5.9649e-06 0.000647072 0.531526 0.00102351 0.0218455 0.000124626 
9.11975e-11 0.00275346 0.0268035 3.15957e-06 0.778008 0.063749 5.98901e-06 0.00289293 0.0993733 0.00100424 0.0254035 2.50727e-06 
8.23411e-10 1.05795e-07 0.00115172 2.43466e-07 0.969745 0.00192359 0.000309374 4.15734e-05 0.0178979 0.0023082 0.00656796 5.43228e-05 
0.00136124 0.00271808 0.0356374 0.012175 0.647035 0.0196819 0.0954492 0.0166748 0.0554805 0.00307594 0.106979 0.00373197 
1.36683e-05 0.00859703 0.0346804 0.00128558 0.0150741 0.407358 0.0960895 0.000153095 0.0150315 0.00903969 0.402931 0.00974569 
2.08363e-08 0.376334 0.0252143 0.00907107 0.102498 0.00460763 0.00498345 0.000390947 0.423393 0.0249671 0.0282097 0.000331113 
0.000103288 0.00522442 0.143815 0.00374479 0.0269264 0.027343 0.0164137 0.000968779 0.0500489 0.314195 0.409893 0.00132328 
9.21605e-09 0.00193416 0.2548 3.68933e-07 0.00755477 0.021941 1.48288e-06 3.79174e-05 0.061479 0.0942869 0.557679 0.000286075 
1.49778e-09 0.0612844 0.00716785 6.91554e-08 7.87334e-05 0.777014 0.00321493 1.97338e-05 0.00935757 0.0487367 0.0798659 0.0132602 
1.28543e-12 0.00377431 0.0203694 7.79059e-07 0.000168912 0.0627099 0.580695 0.000216214 0.0109878 0.0170672 0.302662 0.00134852 
2.47741e-10 0.00599809 0.000309281 7.35666e-07 0.963854 5.98499e-05 3.9824e-05 0.000212654 0.0172412 3.10198e-07 0.0122833 4.25936e-07 
0.00199962 0.0203639 0.163252 0.074955 0.0157993 0.166077 0.11852 0.0170958 0.082387 0.0100038 0.326513 0.00303232 
5.82457e-06 0.00782274 0.0810071 7.21932e-05 0.0644888 0.00551599 0.00876265 6.30702e-05 0.0421271 0.529755 0.248536 0.0118432 
1.71349e-10 0.00370465 0.00656986 0.000566128 0.937671 0.00279828 0.0111523 0.000404873 0.0178833 0.00267945 0.015993 0.000577214 
4.18228e-06 0.0836578 0.102282 7.84856e-05 0.0178475 0.0415495 0.0373476 0.000200201 0.0809207 0.0235796 0.0404887 0.572043 
2.13793e-06 0.0688175 0.00395956 0.22054 0.0826394 0.467014 0.0234418 0.000339319 0.0828555 0.00291235 0.0474608 1.76625e-05 
0.000731636 0.00492614 0.0989842 0.00463403 0.040423 0.211029 0.0930528 0.287837 0.0230038 0.0225691 0.21027 0.00253877 
1.52894e-10 0.0085541 0.402508 0.00038325 0.0494302 0.0339329 0.000377629 8.85854e-07 0.126327 0.140926 0.237559 5.23157e-07 
6.97332e-06 0.00870584 0.0427147 9.34152e-06 0.836233 0.00619688 0.00430357 4.665e-05 0.0539036 0.0121551 0.0340261 0.00169805 
7.51512e-06 0.489478 0.147331 0.000132013 0.0408222 0.0416636 0.0138794 0.0220324 0.0296101 0.0276015 0.186939 0.000503161 
0.000241127 0.00167119 0.1094 0.012297 0.74804 0.00584811 0.00743077 0.000659307 0.0253314 0.076549 0.00719031 0.00534143 
1.44485e-07 0.0530497 0.255156 6.51299e-05 0.287959 0.0305567 0.056567 0.00243758 0.0774172 0.117331 0.119257 0.000204144 
3.13439e-06 0.000613066 0.0701929 3.63326e-06 0.0162159 0.0452609 0.78898 0.000172403 0.0129548 0.0415126 0.0225573 0.00153364 
0.000101685 0.00648132 0.0658201 0.00126123 0.423958 0.0809001 0.00430186 0.000404304 0.0983829 0.00814139 0.309725 0.000522147 
1.6511e-07 0.00940478 0.0103256 6.01441e-05 0.00122443 0.00439875 0.954364 0.00271226 0.0120027 0.00307242 0.00231451 0.000120083 
3.53456e-05 0.00235151 0.00504316 4.15664e-05 0.00393129 0.00287238 0.00165934 5.25965e-05 0.947575 0.00191594 0.0343213 0.000200716 
1.85343e-05 0.0246157 0.0419183 0.0160463 0.00364716 0.0581775 0.170511 0.00094344 0.0541074 0.0176337 0.184363 0.428018 
0.000115043 0.0249106 0.143847 0.00321516 0.182521 0.0390143 0.107279 0.000473467 0.0808134 0.0279476 0.389594 0.00026921 
1.72928e-11 0.00234905 0.00478771 8.42809e-08 0.00361766 0.0736053 0.0145871 0.000119239 0.0044165 0.00737115 0.887014 0.00213203 
5.50915e-09 0.0009787 0.0152782 4.87597e-07 0.00411046 0.0534027 0.069113 1.45139e-05 0.0237446 0.00733941 0.825605 0.000412461 
3.13439e-06 0.000613066 0.0701929 3.63326e-06 0.0162159 0.0452609 0.78898 0.000172403 0.0129548 0.0415126 0.0225573 0.00153364 
1.37622e-05 0.00268055 0.0565027 0.000437222 0.426436 0.0567519 0.00520005 0.000100323 0.135022 0.0950782 0.221223 0.000554052 
0.000294727 0.00532002 0.3786 0.0683809 0.0917302 0.10589 0.000921232 0.000900234 0.0839297 0.0250833 0.236004 0.0029452 
1.49778e-09 0.0612844 0.00716785 6.91554e-08 7.87334e-05 0.777014 0.00321493 1.97338e-05 0.00935757 0.0487367 0.0798659 0.0132602 
0.0832806 0.0833483 0.0833556 0.0832846 0.0833474 0.083352 0.0833363 0.0833377 0.0833574 0.0833511 0.0833591 0.08329 
5.23508e-11 0.000721419 0.0427597 2.35329e-08 0.0282506 0.0685753 0.0786351 6.01288e-05 0.129961 0.0740525 0.576784 0.00020011 
5.62091e-12 6.17212e-05 4.25282e-05 2.80581e-06 0.000199106 0.000107332 0.00115208 6.7323e-05 0.00065441 1.96804e-06 0.00121739 0.996493 
2.17016e-10 0.0426189 0.159077 4.08445e-06 0.205634 0.0371837 0.225467 0.00044424 0.012102 0.00346871 0.313553 0.000447454 
6.50717e-07 0.0451691 0.163095 0.000607173 0.0900368 0.0136127 0.0531893 0.030019 0.0863444 0.00220727 0.514975 0.000744276 
0.000401242 0.0133365 0.0306195 0.00115276 0.0693939 0.0205097 0.021449 0.00390457 0.633805 0.0585053 0.138349 0.00857272 
2.51995e-08 1.0109e-05 0.00191507 0.00333661 0.989561 0.00166321 8.40888e-05 0.00118301 0.00112897 2.2735e-07 0.00111442 3.43916e-06 
3.92387e-08 2.46843e-05 0.00656931 2.32433e-06 0.103454 0.889491 3.84712e-06 4.75626e-07 8.09885e-05 0.000341345 1.54265e-05 1.62503e-05 
3.82426e-08 0.000330406 0.00278738 0.000115777 0.589784 0.0358963 0.000297276 4.60151e-05 0.00148969 0.000138046 0.12791 0.241205 
1.01584e-06 0.0753136 0.0404093 2.99221e-06 0.136808 0.00450986 0.0364382 0.00019707 0.603158 0.0204139 0.0643642 0.0183836 
3.86555e-08 9.51771e-05 0.0331878 2.89924e-06 0.00792742 0.0294852 0.00175461 5.54858e-06 0.0125706 0.000140717 0.914308 0.000521709 
4.02917e-11 0.0743259 0.0261799 1.662e-07 0.0413676 0.0545019 0.0319938 0.000235611 0.104661 0.0481965 0.617719 0.000818747 
9.22941e-06 0.0578849 0.797408 0.000226328 0.0451446 0.0252676 0.0274625 0.00156811 0.0186452 0.0033381 0.0222593 0.000786673 
3.70236e-05 0.0224498 0.29403 0.00245326 0.0176936 0.165559 0.0111487 0.000101205 0.0316252 0.058108 0.396307 0.000487535 
1.41531e-06 0.0163703 0.0187069 7.20786e-05 0.00764304 0.295088 0.17506 3.15038e-05 0.0325811 0.013051 0.43805 0.00334456 
1.47411e-11 0.00412896 0.00357464 1.52528e-07 0.00414648 0.00418045 0.00156283 2.45106e-05 0.925663 0.000809725 0.055875 3.47092e-05 
1.06792e-07 0.028472 0.00365275 1.50303e-05 0.794127 0.00254805 0.00587585 9.91823e-05 0.0908803 0.000165152 0.0741101 5.47312e-05 
0.000521713 0.0118507 0.0490425 0.00562799 0.273965 0.00953889 0.0016167 0.0102043 0.443409 0.0101128 0.18133 0.00278127 
3.67984e-08 0.00457478 0.0444501 0.000125825 0.00682885 0.271528 0.000848913 2.28868e-05 0.136853 0.269302 0.26428 0.00118595 
3.90522e-06 0.000502098 0.766787 8.93594e-06 0.0164998 0.0449103 0.0206231 0.00220023 0.00292363 0.0439228 0.101546 7.23719e-05 
5.71577e-12 0.023684 0.00823131 1.09947e-05 0.00313499 0.0796391 0.390937 0.00022546 0.0205635 0.00173703 0.469867 0.00196973 
2.35866e-11 0.0766589 0.00127151 3.93061e-07 0.0015767 0.004246 0.00129461 3.99118e-06 0.87372 0.00510619 0.0358762 0.00024557 
2.54091e-08 0.000520733 0.00807455 1.52638e-05 0.00106425 0.0155963 0.15831 1.32687e-05 0.00866249 0.00328665 0.804251 0.000205589 
1.6304e-07 7.11594e-05 0.011434 4.89427e-06 0.0218095 0.000184122 0.751719 0.00484901 0.17841 0.00260897 0.0288054 0.000103449 
1.8988e-05 0.0216577 0.0354997 0.00888427 0.00455461 0.0781049 0.208899 0.000722753 0.0476541 0.0166543 0.322488 0.254862 
8.70355e-11 0.0059215 0.00405973 8.50284e-07 0.00558225 0.0247985 0.00504698 8.27577e-06 0.046465 0.00614191 0.901768 0.000206911 
1.49778e-09 0.0612844 0.00716785 6.91554e-08 7.87334e-05 0.777014 0.00321493 1.97338e-05 0.00935757 0.0487367 0.0798659 0.0132602 
1.80627e-08 0.0144357 0.302634 4.02669e-06 0.0760951 0.246488 0.0140921 1.43998e-07 0.0512054 0.209604 0.0783863 0.00705571 
6.42036e-07 0.592826 0.0192148 6.42068e-07 0.00539807 0.0650946 0.00122133 6.42477e-07 0.114902 0.0116956 0.189644 6.42109e-07 
3.81541e-09 0.00252952 0.00310079 6.47644e-07 0.00183229 0.131514 0.0203246 3.55703e-05 0.0215643 0.00162801 0.816367 0.0011029 
1.54501e-12 0.00465387 0.00123291 0.000791294 0.966475 0.000533349 5.42299e-05 0.00270325 0.0142342 0.000250293 0.00906645 5.25996e-06 
1.16987e-07 0.0391033 0.00540508 1.55751e-06 0.592105 0.0129572 0.0328029 2.9176e-05 0.142987 0.00309762 0.143235 0.0282758 
0.000121068 0.0158466 0.0672825 0.00036725 0.0828792 0.245719 0.0945935 0.00128334 0.0559453 0.0704958 0.364557 0.000908874 
2.18079e-06 0.000239302 0.00779205 1.16776e-05 0.00966235 0.0581009 0.788482 0.000971939 0.000863281 0.0725802 0.0612449 4.9334e-05 
2.76739e-08 0.762039 0.00399232 5.0057e-07 0.00718996 0.00140944 0.000982846 5.65696e-06 0.204528 4.31221e-05 0.0193278 0.00048093 
5.25329e-07 2.85042e-06 0.718709 0.00236548 0.132264 0.0274578 0.000768381 4.04356e-05 0.022069 0.0331967 0.0607716 0.00235416 
1.6511e-07 0.00940478 0.0103256 6.01441e-05 0.00122443 0.00439875 0.954364 0.00271226 0.0120027 0.00307242 0.00231451 0.000120083 
7.41452e-05 0.0300956 0.169597 0.00927573 0.0265566 0.383011 0.0142008 0.000232672 0.0333077 0.0171606 0.316176 0.000311923 
9.17155e-05 0.015883 0.17511 0.000809361 0.00778717 0.17349 0.0260748 0.00455208 0.0349054 0.0375422 0.519852 0.00390159 
2.0816e-09 0.0803072 0.0102853 1.81327e-07 0.785624 1.11275e-07 3.10395e-08 1.70072e-07 0.0828939 7.64714e-08 0.040889 1.04966e-07 
0.000253608 0.0112099 0.180664 0.0933177 0.301453 0.00894958 0.0214849 0.00125253 0.0812053 0.00357377 0.197787 0.0988486 
8.72948e-06 0.00485749 0.159996 0.000484135 0.00557467 0.00395124 0.0433772 0.105309 0.0140652 0.611327 0.033538 0.0175115 
8.984e-05 0.00478254 0.662804 0.0922324 0.104589 0.015663 0.0103571 0.00230158 0.0134176 0.0157942 0.0770569 0.000912022 
7.03136e-06 0.0137176 0.0605491 0.149613 0.111901 0.135302 0.170472 0.00559923 0.123522 0.0692202 0.159389 0.00070824 
1.2914e-08 0.794753 0.000729263 4.42021e-07 0.000666859 0.028733 0.00457673 6.5632e-06 0.071568 0.000420637 0.098157 0.000388579 
5.99672e-07 0.00126469 0.360046 5.77197e-05 0.136042 0.0132293 0.00712072 0.0478997 0.0288554 0.0128925 0.0371895 0.355402 
2.01361e-09 0.000197751 0.121359 0.00199068 0.526686 0.227647 0.0101779 9.5616e-05 0.0189024 0.00731668 0.0854981 0.000128165 
3.19939e-09 0.00224056 0.000284982 0.000202929 0.983587 0.000274609 6.88357e-05 0.000252613 0.00368978 3.79173e-06 0.00938959 5.20658e-06 
9.24414e-07 0.0326691 0.0137824 3.44065e-06 0.00906851 0.0212653 0.00379983 9.57389e-06 0.816993 0.00456009 0.0975603 0.000287784 
9.39302e-07 0.0150302 0.0177883 2.87838e-06 0.00174098 0.493595 0.0641974 0.000206445 0.00939204 0.0406881 0.355887 0.00147089 
7.0627e-05 0.0315459 0.597182 0.000104617 0.0154725 0.0906795 0.000672978 0.0829783 0.0135508 0.0455002 0.121953 0.000289426 
1.10391e-08 0.000104827 0.0615674 0.00237291 0.0773499 2.83662e-06 0.815331 0.00141798 0.0368402 2.85525e-06 0.00484856 0.000161612 
4.43141e-13 3.18713e-05 0.00750224 3.16859e-09 0.000248584 0.0236552 0.0937126 1.40349e-05 0.010508 0.0234076 0.84043 0.00048937 
3.78965e-08 0.0319773 0.0625019 1.38307e-07 0.00853949 0.0298631 0.00591789 2.31116e-05 0.113748 0.00729583 0.738354 0.00177915 
7.16693e-07 0.0012298 0.0503634 0.000425171 0.739037 0.0650993 8.46012e-05 0.000320547 0.0873649 0.0468411 0.00585016 0.00338293 
1.49778e-09 0.0612844 0.00716785 6.91554e-08 7.87334e-05 0.777014 0.00321493 1.97338e-05 0.00935757 0.0487367 0.0798659 0.0132602 
0.000227853 0.00131051 0.186379 0.000272016 0.603787 0.00426231 0.0103726 0.00155721 0.00660899 0.0879576 0.036962 0.0603035 
1.74197e-05 3.48295e-05 0.0305038 0.00443555 0.158255 0.634479 7.00231e-05 0.000372012 0.000708025 0.00109035 0.170016 1.80579e-05 
5.33069e-07 0.000761645 0.173866 8.65049e-06 0.0766906 0.00683308 0.593356 0.0319683 0.0116265 0.0686981 0.0360504 0.000139319 
1.3625e-10 0.859291 0.0101691 1.08269e-08 0.000422575 0.0158307 0.000696881 8.817e-06 0.0387847 0.00652122 0.0678913 0.00038414 
1.3403e-07 5.73986e-05 0.160377 0.00138318 0.456169 0.00234264 0.0156866 3.88289e-06 0.29849 0.0193638 0.0460587 6.78382e-05 
5.1696e-12 0.00128742 0.00104238 3.57605e-08 0.000358036 0.00253145 0.000144435 4.78985e-05 0.0313984 0.00900052 0.0167612 0.937428 
9.96664e-09 0.00307348 0.03382 1.79597e-06 0.0288394 0.02737 0.191996 0.000445972 0.0946234 0.00534116 0.613545 0.000943689 
3.13439e-06 0.000613066 0.0701929 3.63326e-06 0.0162159 0.0452609 0.78898 0.000172403 0.0129548 0.0415126 0.0225573 0.00153364 
2.27187e-09 9.55122e-05 0.11368 3.99579e-07 0.000248524 0.0692665 0.0412551 0.00881756 0.00322968 0.0767265 0.685547 0.00113303 
3.34415e-11 0.1001 0.0436389 9.23346e-08 0.0312186 0.0980782 0.237243 0.00328853 0.0367245 2.32382e-07 0.445734 0.00397499 
1.66448e-08 0.0254947 0.00630749 4.57394e-05 0.877822 0.000110635 3.6647e-05 0.000218731 0.0345363 0.000783376 0.0546231 2.11685e-05 
1.01295e-06 0.0004299 0.119628 4.3843e-06 0.0156558 0.154216 0.00161146 5.18471e-05 0.0184237 0.00290749 0.686973 9.74745e-05 
1.04596e-05 0.0294778 0.23104 0.00254226 0.038145 0.250117 0.0161639 0.000200898 0.0652224 0.00978732 0.356509 0.000783768 
6.07284e-05 0.00389974 0.440334 7.24523e-05 0.0176912 0.0371705 0.0165498 0.000294438 0.0634493 0.0172438 0.402919 0.00031468 
4.65907e-06 0.00955356 0.110003 0.323741 0.0574472 0.102114 0.0046856 0.00129152 0.0597148 0.0570188 0.274303 0.000123472 
4.88443e-06 0.00168372 0.0535021 1.09748e-05 0.0468743 0.00975949 0.00569803 3.40801e-05 0.0301178 0.00210251 0.850207 5.43647e-06 
0.000455667 0.307861 0.0175216 0.00744858 0.0410809 0.0263832 0.000486786 0.00648649 0.484916 0.0304683 0.0672411 0.00965105 
3.81053e-12 0.0355484 0.022317 0.000468795 0.446559 0.000369094 0.0242811 0.000108041 0.0941402 0.000457681 0.375736 1.45573e-05 
0.000825186 0.127197 0.167827 0.000830516 0.0647409 0.0204978 0.298537 0.0042165 0.0936689 0.0117853 0.207817 0.00205663 
8.07682e-06 0.00391894 0.0650666 3.06619e-05 0.436353 0.190091 0.00429575 0.00011353 0.0663872 0.0336974 0.199572 0.000465017 
2.58732e-10 0.0231635 0.0180983 0.0390019 0.795587 0.037553 0.000339958 0.00163307 0.0417675 0.00276792 0.0397883 0.000299537 
3.33759e-05 0.0063559 0.284934 0.00100589 0.0737825 0.257802 0.0278714 0.00020216 0.147041 0.072454 0.127501 0.00101642 
9.25996e-07 0.037106 0.166805 0.138469 0.233924 0.120834 0.00626905 6.63875e-05 0.12866 0.0205715 0.146902 0.000392157 
1.54501e-12 0.00465387 0.00123291 0.000791294 0.966475 0.000533349 5.42299e-05 0.00270325 0.0142342 0.000250293 0.00906645 5.25996e-06 
1.54501e-12 0.00465387 0.00123291 0.000791294 0.966475 0.000533349 5.42299e-05 0.00270325 0.0142342 0.000250293 0.00906645 5.25996e-06 
2.07162e-05 0.0163651 0.0034351 2.43192e-05 0.0241845 0.0208906 0.000968093 9.05931e-05 0.871932 0.0103487 0.0504749 0.00126541 
2.04609e-10 0.00422237 8.31118e-06 0.00427299 0.342639 5.31753e-07 0.0044679 0.00098747 0.642443 2.21484e-06 0.000953209 3.46595e-06 
3.37838e-09 0.0176168 0.00723873 8.64335e-07 0.0182914 0.0469935 0.000981247 4.09133e-07 0.623735 0.104853 0.179981 0.000308501 
4.57787e-10 0.00236867 0.0945739 3.63949e-08 0.20431 0.0257028 0.019804 0.0029415 0.0901067 0.0235221 0.530645 0.00602498 
1.08665e-05 0.00408894 0.0137826 7.822e-05 0.0564746 0.0245381 0.0040637 3.31968e-05 0.361352 0.0144612 0.520547 0.000569298 
6.13008e-07 0.00292698 0.134177 0.0397065 0.260063 1.50867e-05 0.0759019 0.000174221 0.0471177 0.0184321 0.420001 0.00148321 
3.0754e-05 0.0202914 0.0864371 0.00018577 0.0177633 0.274146 0.00918087 0.000201651 0.0187583 0.00949345 0.561429 0.00208264 
1.54501e-12 0.00465387 0.00123291 0.000791294 0.966475 0.000533349 5.42299e-05 0.00270325 0.0142342 0.000250293 0.00906645 5.25996e-06 
4.06304e-08 0.000204464 2.42952e-05 1.57019e-07 0.000146222 0.0808403 0.000731256 0.000273214 0.000259834 0.90237 0.0127707 0.0023797 
2.91732e-09 0.000259695 0.000723609 2.98502e-06 0.00214999 0.00265835 0.000174984 2.23419e-05 0.00209594 0.00029597 0.00155975 0.990056 
8.52914e-08 0.00477489 0.085183 1.36232e-05 0.170426 0.0238215 0.000289895 0.000652801 0.0399489 0.0191805 0.646583 0.00912611 
6.32027e-11 1.79568e-05 0.0859147 7.01197e-06 0.138645 0.0347891 0.540166 0.00139011 0.00144596 0.00297694 0.193082 0.00156438 
5.92352e-12 0.00344417 0.00358181 1.20224e-06 0.00142806 0.135894 0.0360414 6.63699e-05 0.0213008 0.00118036 0.795116 0.00194569 
1.49778e-09 0.0612844 0.00716785 6.91554e-08 7.87334e-05 0.777014 0.00321493 1.97338e-05 0.00935757 0.0487367 0.0798659 0.0132602 
5.79731e-09 0.00061458 0.0667448 1.46812e-05 0.889867 0.00342813 2.84368e-06 8.54495e-05 0.00973241 0.00626398 0.023244 1.90186e-06 
1.11043e-07 0.000709675 0.0201038 2.14429e-07 0.00239749 0.0157915 0.00802746 1.60395e-07 0.0190259 0.0249431 0.908931 6.95578e-05 
3.99419e-08 0.00390335 0.108167 0.000704872 0.0409843 0.0628228 3.57825e-06 2.39118e-06 0.00744167 0.542703 0.232996 0.000271352 
1.45852e-10 0.0401853 0.0559476 5.049e-05 0.00314697 0.0213472 0.0614976 0.0380731 0.625462 0.0300317 0.124139 0.00011911 
1.98279e-11 0.00176365 0.0131533 0.199524 0.744379 0.00351224 0.000550556 0.0220672 0.00691217 0.00173727 0.00638221 1.81103e-05 
2.26805e-11 0.0415597 0.105759 5.03359e-09 0.214132 0.000999182 0.208926 0.344017 0.0515971 0.00095234 0.0320339 2.34366e-05 
1.01389e-05 0.0199342 0.255831 0.00311067 0.435335 0.0428179 0.0119752 0.00047984 0.154502 0.00301776 0.0567118 0.0162751 
1.54501e-12 0.00465387 0.00123291 0.000791294 0.966475 0.000533349 5.42299e-05 0.00270325 0.0142342 0.000250293 0.00906645 5.25996e-06 
3.56349e-05 0.0040338 0.0291444 3.70465e-05 0.0714758 0.0346542 0.0586836 0.000110406 0.566158 0.0230381 0.211223 0.00140639 
1.33243e-07 3.81744e-05 0.130608 0.010778 0.633906 0.0849208 0.00570638 0.000706258 0.00202984 0.000777667 0.130517 1.21429e-05 
1.54501e-12 0.00465387 0.00123291 0.000791294 0.966475 0.000533349 5.42299e-05 0.00270325 0.0142342 0.000250293 0.00906645 5.25996e-06 
1.07768e-05 0.00458925 0.0392118 2.41596e-05 0.0222487 0.0841376 0.00309551 6.61432e-05 0.0171973 0.0124611 0.807533 0.00942422 
1.78653e-12 0.0028501 0.0358819 1.17743e-07 0.000632974 0.000248508 0.00363518 0.000269248 0.0038156 0.00187029 0.0148051 0.935991 
4.8574e-11 0.140652 0.0193296 2.07912e-06 0.0160242 0.0163114 0.372571 0.00785684 0.275768 0.00270533 0.148162 0.000617669 
2.09786e-10 0.000177564 0.0255409 3.33742e-05 0.0134268 0.00851669 0.790434 0.000179477 0.0374786 0.00588331 0.117066 0.00126324 
9.81387e-12 0.0103246 0.25911 2.73833e-09 0.0330261 0.0810716 0.00764316 1.95937e-05 0.00787702 0.0136429 0.587285 4.00303e-08 
3.0514e-05 0.00792131 0.0788243 5.64264e-05 0.149306 0.0399618 0.0104773 0.00187327 0.475249 0.00976178 0.225673 0.000864651 
7.0722e-08 0.00754752 0.0565525 0.000150725 0.0242467 0.242082 0.11296 0.000190241 0.0536873 0.0328392 0.468588 0.00115559 
2.44681e-05 0.00753706 0.211283 8.38295e-05 0.0194157 0.128583 0.00670927 0.00222015 0.0209177 0.00760272 0.594213 0.00141043 
6.11955e-12 0.000204746 0.000704403 0.00109039 0.996702 1.31179e-07 3.65915e-08 0.00086232 6.72544e-07 9.01499e-08 1.55991e-06 0.000433218 
1.49778e-09 0.0612844 0.00716785 6.91554e-08 7.87334e-05 0.777014 0.00321493 1.97338e-05 0.00935757 0.0487367 0.0798659 0.0132602 
7.45172e-13 2.64119e-09 0.0609427 5.03626e-09 0.00119737 0.0847695 1.65323e-07 1.82521e-08 0.000529958 0.000497269 0.851793 0.000270336 
3.14719e-05 0.0291957 0.0406019 0.00394318 0.0169866 0.0898451 0.114816 0.00272564 0.0546612 0.0216594 0.623171 0.00236315 
2.75364e-07 0.165001 0.0815727 0.00248764 0.201419 0.0795368 0.0067422 0.000609702 0.176302 0.064267 0.21933 0.00273206 
2.15211e-12 0.00674879 0.0017675 2.92548e-07 0.000716034 0.086875 0.0399314 4.15068e-05 0.00638739 0.000713327 0.855306 0.00151309 
1.73192e-05 0.00205332 0.0122648 2.70246e-05 0.11886 0.519294 0.00068029 0.00622241 0.0723618 0.110631 0.154037 0.00355112 
0.000939473 0.0117125 0.0297477 0.00275583 0.0368174 0.151697 0.0177651 0.0229737 0.0215047 0.013589 0.684807 0.00569039 
1.03362e-06 0.273659 0.106484 2.50004e-06 0.446316 0.00578635 0.000702715 1.37192e-05 0.07227 0.0053994 0.0657843 0.0235815 
7.26368e-07 0.0225341 0.0746093 0.000174359 0.593985 0.067841 0.0273446 2.76232e-05 0.0604405 0.00399047 0.148882 0.000170035 
