0.000130375 0.0109155 0.155686 0.00124848 0.243598 0.0365365 0.0600481 0.0258604 0.0760801 0.185323 0.156877 0.0476971 
2.30393e-06 0.00115714 0.0575032 1.70057e-05 0.00290992 0.0205188 0.00487107 0.0134761 0.0202377 0.0165308 0.862083 0.000693405 
1.55472e-05 0.00766319 0.0405942 2.65649e-05 0.198086 0.0888886 0.0329996 7.12837e-05 0.147389 0.0432502 0.440736 0.000279657 
4.49184e-07 0.14891 0.0029453 4.7925e-07 0.00362366 0.0744087 0.00322823 1.27172e-05 0.616464 0.0185089 0.126258 0.00563897 
3.54523e-07 0.00392687 0.0293981 6.70616e-06 0.0314322 0.518127 0.0256779 7.28093e-05 0.198809 0.0103937 0.157246 0.0249095 
0.000319532 0.0416328 0.102099 0.00180139 0.0155763 0.112025 0.0618905 0.00153009 0.0579303 0.00848082 0.596033 0.000680754 
1.72644e-12 0.000160246 0.000545536 3.2273e-06 0.00220978 7.2616e-05 0.000381484 4.89821e-05 0.000424491 0.000147044 0.000757543 0.995249 
8.08673e-05 0.0177846 0.194588 0.000325692 0.00886849 0.107475 0.0166039 0.000963922 0.0434443 0.0382916 0.571142 0.00043241 
1.49778e-09 0.0612844 0.00716785 6.91554e-08 7.87334e-05 0.777014 0.00321493 1.97338e-05 0.00935757 0.0487367 0.0798659 0.0132602 
2.47741e-10 0.00599809 0.000309281 7.35666e-07 0.963854 5.98499e-05 3.9824e-05 0.000212654 0.0172412 3.10198e-07 0.0122833 4.25936e-07 
8.23411e-10 1.05795e-07 0.00115172 2.43466e-07 0.969745 0.00192359 0.000309374 4.15734e-05 0.0178979 0.0023082 0.00656796 5.43228e-05 
9.82933e-06 0.00644294 0.0494302 0.0495466 0.40218 0.184823 0.00616063 0.000494837 0.0644301 0.0243184 0.182588 0.0295753 
4.22992e-06 4.23336e-06 0.0478455 4.23013e-06 0.445349 0.0135516 0.0410619 0.00296721 0.0258304 0.22565 0.197728 4.2304e-06 
5.01619e-07 0.000457732 0.0358664 4.13517e-05 0.014988 0.0126578 0.0126112 3.83771e-05 0.763227 0.0277216 0.131932 0.000458672 
3.92378e-09 5.94903e-05 0.031808 1.8168e-06 0.0259276 0.00897253 0.00118634 3.44522e-05 0.0150497 0.000588756 0.916333 3.78172e-05 
9.44489e-12 0.0102311 0.0115018 3.84357e-05 0.00432001 0.132859 0.141218 0.000238747 0.0529211 0.0010317 0.197212 0.448428 
1.49778e-09 0.0612844 0.00716785 6.91554e-08 7.87334e-05 0.777014 0.00321493 1.97338e-05 0.00935757 0.0487367 0.0798659 0.0132602 
2.62037e-08 0.000667516 0.00825053 2.40455e-07 0.704589 0.0844758 9.63825e-05 1.46064e-05 0.145515 0.00119573 0.0535874 0.00160727 
2.02804e-08 0.00432692 0.0653211 0.000883246 0.0860518 0.00859513 0.487195 0.00104248 0.0784789 0.0026148 0.264884 0.000606469 
0.000194979 0.000366433 0.0100494 0.000270227 0.0350376 0.027307 0.00490709 0.0578896 0.163978 0.0319897 0.631207 0.0368033 
1.49778e-09 0.0612844 0.00716785 6.91554e-08 7.87334e-05 0.777014 0.00321493 1.97338e-05 0.00935757 0.0487367 0.0798659 0.0132602 
0.000533272 0.0115911 0.190527 0.00722089 0.422183 0.0169041 0.0173116 0.122772 0.010153 0.0780859 0.12112 0.001598 
5.23137e-05 9.07441e-05 0.0666852 0.0143315 0.0315582 0.0203073 0.00586176 0.00727668 0.00545232 0.789565 0.0584612 0.000357255 
1.3708e-08 0.0167199 0.276065 1.57678e-07 0.00201221 0.00883916 0.000106685 2.43095e-06 0.0371708 0.050603 0.608476 3.88362e-06 
1.61108e-12 0.00819526 0.0582143 1.02497e-07 0.0349021 0.00439444 2.99144e-05 3.8144e-06 0.0883729 0.00284454 0.803043 1.02281e-08 
1.3625e-10 0.859291 0.0101691 1.08269e-08 0.000422575 0.0158307 0.000696881 8.817e-06 0.0387847 0.00652122 0.0678913 0.00038414 
1.10205e-05 0.0311642 0.0588433 3.83624e-05 0.0018935 0.162563 0.0966963 6.08592e-05 0.0021131 0.000988733 0.644145 0.00148244 
4.98094e-05 0.0189723 0.381647 0.000155555 0.0079292 0.144033 0.0106852 0.00573567 0.0264598 0.0236731 0.379533 0.0011261 
1.4399e-12 0.0163306 0.00591947 8.35292e-06 0.00129432 0.14372 0.55195 0.000580322 0.0141699 0.000343208 0.263871 0.00181388 
2.7321e-11 0.00991924 0.000211881 9.74137e-09 0.00195985 0.000135848 0.000167801 8.00166e-07 0.972719 3.14488e-05 0.0145731 0.000280736 
3.45056e-09 0.00597246 0.068109 7.60132e-05 0.0200942 0.256186 3.26132e-08 0.000262861 0.0264923 0.0228855 0.599921 1.37931e-07 
3.83918e-12 0.00630786 0.00347711 2.28427e-07 0.00460968 0.00304568 0.00238744 3.74205e-05 0.921483 0.000408056 0.0581906 5.29695e-05 
4.24772e-12 0.00260279 0.0176318 8.05411e-07 0.000496532 0.0433003 0.743782 0.000438785 0.00923286 0.00340018 0.176962 0.00215217 
3.20142e-05 3.20402e-05 3.2043e-05 3.20158e-05 0.153823 3.20417e-05 0.108953 3.20362e-05 0.0993674 0.179463 0.339703 0.118498 
4.13134e-06 0.00216099 0.196073 0.000246047 0.0428363 0.0549929 0.0111298 0.00293672 0.092722 0.209342 0.387235 0.000320985 
2.77613e-08 0.00030763 7.68009e-05 0.000260851 0.00192951 0.0210288 0.0119671 0.0027086 0.526284 0.000586303 0.0605311 0.374319 
1.54501e-12 0.00465387 0.00123291 0.000791294 0.966475 0.000533349 5.42299e-05 0.00270325 0.0142342 0.000250293 0.00906645 5.25996e-06 
1.98238e-06 0.00526828 0.35281 2.4806e-05 0.0529118 0.0689547 0.00139759 0.00680105 0.0264061 0.0137728 0.471446 0.000204758 
8.18362e-11 0.00368726 0.00422166 7.61736e-06 0.000943654 0.000431173 0.000920577 0.000443433 0.000253684 0.0011268 0.00160098 0.986363 
2.70854e-05 0.000632664 0.040504 0.0028481 0.62773 0.0335236 0.000708558 0.000355461 0.130342 0.0690984 0.0940777 0.000151985 
0.000246477 0.00871662 0.0878875 0.049063 0.549165 0.0089597 0.00342263 0.000688065 0.0749603 0.0143867 0.202034 0.000469967 
1.06615e-08 0.00302887 0.00963262 2.69676e-05 0.000558142 0.608661 0.000597588 4.74318e-06 0.011994 0.0244034 0.340785 0.000308158 
2.10545e-09 0.00114957 0.0460066 4.67332e-06 0.00802738 0.568807 0.000841732 1.34911e-05 0.028094 0.0877092 0.258419 0.000927544 
9.14926e-08 0.00259442 0.2298 1.47806e-05 0.0400833 0.0543803 0.0028789 0.000120088 0.263661 0.0147475 0.38791 0.00380999 
1.46622e-05 0.065907 0.448943 2.86266e-05 0.0360685 0.116613 0.0327822 0.00787528 0.0150357 0.0977328 0.178522 0.000476638 
0.000141835 0.00852611 0.198124 0.000347086 0.0256253 0.0694455 0.0754498 0.00044197 0.0359277 0.373939 0.211741 0.000290007 
1.23206e-07 1.87592e-06 7.66337e-06 4.22137e-05 0.000184516 8.62612e-06 0.0319377 0.0122207 0.0589837 0.890151 0.00640964 5.22694e-05 
1.84142e-12 1.99175e-05 0.000760125 2.91243e-07 0.000224829 0.000226546 0.00244427 6.36454e-05 0.00497866 1.112e-05 0.000316116 0.990954 
1.35764e-06 0.0282809 0.0285415 3.86447e-06 0.134774 0.0263169 0.0222472 0.000320815 0.105743 0.0237106 0.628736 0.00132326 
1.18544e-07 0.000761638 0.0932279 2.74711e-05 0.00522378 0.0546066 0.302095 9.76282e-05 0.0126376 0.0475047 0.4818 0.00201757 
2.12091e-10 0.015744 0.0114552 1.02176e-06 0.000793344 0.0013643 0.010381 0.000455522 0.00480823 8.83342e-05 0.00730582 0.947603 
4.32336e-06 0.00456269 0.00709916 1.01289e-05 0.0142764 0.0841196 0.00305472 1.91583e-05 0.10746 0.00246475 0.776753 0.000175888 
2.0153e-10 0.0496524 0.0109066 1.07807e-05 0.0381312 0.0300201 0.0015313 1.62523e-05 0.645446 0.038026 0.185138 0.00112056 
0.000192082 0.0183955 0.150912 0.000906898 0.424067 0.0943315 0.0121286 0.000369306 0.016721 0.00824762 0.273171 0.000558069 
7.24081e-05 0.0255533 0.146274 0.000480653 0.33063 0.0478006 0.098563 0.0604487 0.0741522 0.0197509 0.192982 0.00329317 
1.14911e-05 0.0171706 0.0517918 1.97967e-05 0.00721381 0.221837 0.0106928 0.00602138 0.0211513 0.0938184 0.568989 0.0012827 
nan nan nan nan nan nan nan nan nan nan nan nan 
4.01544e-10 0.000631026 0.0832225 0.000435792 0.86372 0.0027734 0.0146496 0.00129048 0.00754808 1.30938e-06 0.0257262 2.04919e-06 
2.62834e-06 0.000515962 0.0825784 3.86717e-05 0.00667876 0.0354881 0.0244212 5.21365e-05 0.0370852 0.0772387 0.734275 0.00162543 
7.18006e-09 0.00129728 0.0354691 3.6098e-07 0.173802 0.0515819 0.0184385 0.000756384 0.423659 0.0543617 0.240402 0.000232182 
5.50321e-06 0.00240182 0.0714867 8.20325e-06 0.807644 0.0115397 1.53662e-05 4.32118e-05 0.0397633 0.0245206 0.0420761 0.000495213 
7.73993e-07 0.000270861 0.193376 0.00593143 0.283731 0.0791965 0.00102737 5.34029e-05 0.00538522 0.0104726 0.420467 8.77086e-05 
1.6511e-07 0.00940478 0.0103256 6.01441e-05 0.00122443 0.00439875 0.954364 0.00271226 0.0120027 0.00307242 0.00231451 0.000120083 
4.18228e-06 0.0836578 0.102282 7.84856e-05 0.0178475 0.0415495 0.0373476 0.000200201 0.0809207 0.0235796 0.0404887 0.572043 
3.79323e-12 0.00580498 0.00334381 2.73349e-06 0.00109676 0.231131 0.0250779 2.32054e-05 0.0261031 0.000418584 0.706958 3.96608e-05 
1.6511e-07 0.00940478 0.0103256 6.01441e-05 0.00122443 0.00439875 0.954364 0.00271226 0.0120027 0.00307242 0.00231451 0.000120083 
1.49778e-09 0.0612844 0.00716785 6.91554e-08 7.87334e-05 0.777014 0.00321493 1.97338e-05 0.00935757 0.0487367 0.0798659 0.0132602 
9.18703e-08 0.0626076 0.00773917 2.12357e-06 0.00348372 0.180076 0.0105581 0.000148549 0.160276 0.0550019 0.519424 0.000682796 
3.04234e-11 0.00313173 0.00295923 5.52469e-07 0.000927637 0.0237351 0.020068 4.97849e-05 0.0352277 0.00369182 0.91005 0.00015825 
1.96664e-07 0.00265339 0.141982 0.00127927 0.063129 0.379552 0.000634551 0.000112956 0.0469816 0.0136781 0.349965 3.15646e-05 
2.49793e-05 0.000672489 0.189317 0.000805301 0.0630621 0.445447 0.0308322 0.0103465 0.002008 0.00151983 0.255594 0.000369825 
3.81541e-09 0.00252952 0.00310079 6.47644e-07 0.00183229 0.131514 0.0203246 3.55703e-05 0.0215643 0.00162801 0.816367 0.0011029 
1.37091e-07 0.509439 0.00803786 0.00876042 0.00278081 0.0214151 0.0113447 0.000941959 0.399051 0.00230167 0.0358972 3.01222e-05 
2.30928e-05 0.010266 0.081872 3.60456e-05 0.00693035 0.397686 0.0255161 9.81758e-05 0.184488 0.011923 0.280709 0.000451672 
1.10543e-09 0.0442693 0.178277 9.44175e-09 0.00455508 0.0674161 0.0517059 0.0407763 0.0290168 0.00505565 0.573239 0.00568943 
1.26932e-12 0.148766 0.00147526 1.30487e-08 0.0237144 0.00169922 0.00251427 1.00987e-08 0.819046 1.91235e-06 1.21239e-06 0.00278157 
6.38579e-07 0.0162508 0.056925 7.9297e-07 0.0378228 0.135283 0.0472928 0.00316963 0.0967945 0.0582683 0.528866 0.0193263 
0.000469158 0.0162807 0.0717653 0.00336327 0.020603 0.285828 0.0264571 0.00282379 0.0741995 0.0703916 0.426767 0.00105252 
1.698e-06 0.0380105 0.00494577 0.00014187 0.000485737 0.00232945 0.00140099 4.62205e-06 0.883789 0.0290759 0.0397865 2.78172e-05 
3.48289e-06 0.0187165 0.127953 0.000413121 0.506998 0.105161 0.0256932 0.0015325 0.110355 0.00290758 0.0748554 0.0254094 
6.94171e-09 0.274938 0.000133575 8.77147e-07 0.00686543 0.0474671 0.00191624 6.32205e-06 0.500148 0.00654284 0.16156 0.000421513 
1.55592e-05 1.55719e-05 0.0763245 1.556e-05 1.55717e-05 0.219589 1.55696e-05 1.55699e-05 1.55736e-05 0.104351 0.599612 1.5561e-05 
0.000518599 0.0221481 0.0297969 0.0021169 0.0285034 0.0301354 0.01634 0.000689401 0.75283 0.0219373 0.0907263 0.00425776 
2.17068e-07 0.000109278 0.0287903 0.000285463 0.863238 0.00663818 0.00102852 0.00044624 0.049072 0.000979027 0.0491946 0.000218621 
4.18228e-06 0.0836578 0.102282 7.84856e-05 0.0178475 0.0415495 0.0373476 0.000200201 0.0809207 0.0235796 0.0404887 0.572043 
0.0013709 0.0160686 0.323845 0.00290907 0.0758226 0.257173 0.0148923 0.0218851 0.0629082 0.00698123 0.211232 0.00491112 
3.12111e-06 1.45217e-05 0.986723 0.000312723 0.000371804 0.00353628 5.02723e-05 9.87903e-06 0.00128316 0.000981198 0.0066614 5.21466e-05 
1.97527e-05 0.0027845 0.0507202 0.102155 0.094589 0.0187694 0.656077 0.0326406 0.0133613 0.00674021 0.0219816 0.0001609 
1.54501e-12 0.00465387 0.00123291 0.000791294 0.966475 0.000533349 5.42299e-05 0.00270325 0.0142342 0.000250293 0.00906645 5.25996e-06 
2.15929e-07 0.0469436 0.049764 0.000518166 0.0715251 0.0915167 0.012082 3.80392e-05 0.110724 0.00229313 0.614366 0.000229837 
1.36941e-10 0.038442 0.00138276 9.01097e-05 0.0714246 0.0953299 0.00189342 0.000182063 0.105725 0.000680328 0.684548 0.00030181 
7.57421e-06 0.00161464 0.376307 4.56493e-05 0.0488345 0.00519994 0.00222294 0.0912991 0.0398691 0.272488 0.16183 0.000280713 
2.69165e-07 0.00239459 0.0277879 3.16988e-05 0.0017537 0.0122925 0.911989 0.0174487 0.00117447 0.00154396 0.0223877 0.00119573 
3.92378e-09 5.94903e-05 0.031808 1.8168e-06 0.0259276 0.00897253 0.00118634 3.44522e-05 0.0150497 0.000588756 0.916333 3.78172e-05 
6.67697e-07 0.0803328 0.00721415 4.07369e-05 0.00624681 0.0558387 0.00191055 1.76877e-05 0.762906 0.00581662 0.0793549 0.000320084 
1.53998e-05 0.00117027 0.0916284 0.000109002 0.59573 0.00446664 1.59959e-05 0.000453327 0.0272536 0.00208037 0.277058 1.92858e-05 
1.34271e-05 0.287587 0.0443627 1.34277e-05 0.223082 1.34386e-05 1.34361e-05 1.34363e-05 0.350783 1.34385e-05 0.0940917 1.34286e-05 
2.15211e-12 0.00674879 0.0017675 2.92548e-07 0.000716034 0.086875 0.0399314 4.15068e-05 0.00638739 0.000713327 0.855306 0.00151309 
3.5565e-05 0.000277212 0.0997026 0.00775051 0.148016 0.0286775 0.00560928 0.631818 0.00865286 0.0155346 0.0538258 9.99341e-05 
3.21917e-07 0.0044132 0.0350898 8.68681e-06 0.00764047 0.276207 0.0119716 0.000497222 0.0310144 0.046055 0.586661 0.000441747 
1.54501e-12 0.00465387 0.00123291 0.000791294 0.966475 0.000533349 5.42299e-05 0.00270325 0.0142342 0.000250293 0.00906645 5.25996e-06 
1.58258e-05 0.0365327 0.222545 1.92794e-05 0.00719819 0.0912857 0.240914 0.0456555 0.0201542 0.0216031 0.222012 0.0920645 
0.000253608 0.0112099 0.180664 0.0933177 0.301453 0.00894958 0.0214849 0.00125253 0.0812053 0.00357377 0.197787 0.0988486 
9.94683e-07 5.46267e-05 0.00872326 0.000294572 0.744807 0.0147569 0.00418495 0.000355148 0.100043 0.00553738 0.12058 0.000662051 
4.1957e-11 0.000180295 0.958923 0.00160375 0.00603379 0.00435831 8.2533e-05 2.94447e-05 0.00332409 3.18916e-05 0.0254312 1.69937e-06 
1.88073e-08 0.0430211 0.000397821 5.81799e-06 0.00379513 0.0393184 0.0245298 2.61884e-05 0.0794991 0.00243452 0.806467 0.000504569 
3.92378e-09 5.94903e-05 0.031808 1.8168e-06 0.0259276 0.00897253 0.00118634 3.44522e-05 0.0150497 0.000588756 0.916333 3.78172e-05 
2.93352e-08 0.000529272 0.0010908 7.28653e-06 0.332749 0.619125 0.000848959 1.35145e-05 0.00791808 0.00641282 0.0312958 8.93748e-06 
1.30149e-05 0.00608334 0.0982634 1.54191e-05 0.0475341 0.0853066 0.0246729 0.000131068 0.104386 0.0467468 0.566916 0.0199313 
8.18362e-11 0.00368726 0.00422166 7.61736e-06 0.000943654 0.000431173 0.000920577 0.000443433 0.000253684 0.0011268 0.00160098 0.986363 
5.40397e-05 5.61564e-05 0.285428 0.00448025 0.0483672 0.00167434 0.182035 0.00526777 0.00819653 0.353958 0.110368 0.000115077 
1.02022e-07 3.51521e-05 0.0055223 0.00183813 0.963533 0.000779347 8.13192e-05 0.00221355 0.0243284 0.00128373 3.6903e-05 0.000348458 
2.70099e-07 0.0333065 0.0335109 0.000130962 0.730583 0.0207606 0.000944875 0.000180989 0.037326 0.0717605 0.0712249 0.000270607 
1.51597e-06 0.10034 0.108811 1.5841e-05 0.0138006 0.00423604 0.0032606 1.94454e-05 0.72731 0.000912528 0.0385125 0.00278001 
8.18362e-11 0.00368726 0.00422166 7.61736e-06 0.000943654 0.000431173 0.000920577 0.000443433 0.000253684 0.0011268 0.00160098 0.986363 
6.51386e-08 0.00640482 0.00997939 7.81378e-06 0.0013048 0.0335528 0.837455 0.00880133 0.00858002 0.00413375 0.0881529 0.00162696 
5.34005e-09 0.00121739 0.0792191 1.57526e-07 0.0623147 0.344062 0.000747965 1.73795e-05 0.00421375 0.134894 0.373306 6.80842e-06 
4.90392e-12 0.00223372 0.021976 1.79157e-05 0.000301145 0.00627848 0.921414 0.000193836 0.00986986 0.00562701 0.0305166 0.00157158 
7.91711e-11 0.258969 0.00558936 8.30235e-09 0.0516703 0.000111843 0.120165 0.00253051 0.546588 0.000229456 0.013949 0.000196817 
1.54501e-12 0.00465387 0.00123291 0.000791294 0.966475 0.000533349 5.42299e-05 0.00270325 0.0142342 0.000250293 0.00906645 5.25996e-06 
5.56377e-09 0.00122117 0.00714911 0.00345542 0.87646 0.00054308 0.0604879 0.00695135 0.0387856 0.000122587 0.00183078 0.00299285 
3.00324e-08 0.00028761 0.0376968 3.53286e-05 0.730062 0.0650341 0.0329849 0.0638788 0.0232681 0.00562003 0.0411324 3.01811e-07 
0.000202679 0.0541823 0.140165 0.00122054 0.115939 0.0608758 0.0346972 0.000589924 0.134891 0.0288816 0.426535 0.00181949 
0.000267501 0.0176919 0.288327 0.000576314 0.0297538 0.086179 0.377884 0.00488178 0.0839407 0.0114733 0.0934828 0.00554205 
3.26559e-12 7.26915e-05 0.0197035 3.58287e-07 0.00959002 0.126196 0.228772 0.302738 0.000568565 0.00598124 0.304909 0.00146874 
5.92352e-12 0.00344417 0.00358181 1.20224e-06 0.00142806 0.135894 0.0360414 6.63699e-05 0.0213008 0.00118036 0.795116 0.00194569 
3.13439e-06 0.000613066 0.0701929 3.63326e-06 0.0162159 0.0452609 0.78898 0.000172403 0.0129548 0.0415126 0.0225573 0.00153364 
1.87613e-06 7.17576e-05 0.00549722 2.73827e-06 0.0455135 0.878807 0.000334447 0.00043371 0.0019518 0.0217295 0.045638 1.796e-05 
1.56422e-12 0.0498905 0.000161359 8.72248e-06 0.000401054 0.0277447 0.0205553 3.28082e-05 0.0416223 0.000612095 0.858214 0.000756813 
8.94404e-06 0.012148 0.572544 0.00167533 0.0676085 0.168446 0.00415333 0.000514582 0.0446367 0.00479517 0.120183 0.0032865 
4.62569e-08 0.0595604 0.0339939 2.54229e-07 0.069156 0.0247582 0.00389626 0.000512697 0.690856 0.00332341 0.113943 4.90116e-08 
3.18431e-05 0.0315876 0.0715065 6.43295e-05 0.0201604 0.0970077 0.00808863 6.1173e-05 0.261449 0.0769777 0.42281 0.0102551 
1.59365e-06 0.00840235 0.0457614 0.114116 0.616599 0.104173 0.0148443 0.00120735 0.0217223 0.00815245 0.0648897 0.000130349 
1.54501e-12 0.00465387 0.00123291 0.000791294 0.966475 0.000533349 5.42299e-05 0.00270325 0.0142342 0.000250293 0.00906645 5.25996e-06 
1.54501e-12 0.00465387 0.00123291 0.000791294 0.966475 0.000533349 5.42299e-05 0.00270325 0.0142342 0.000250293 0.00906645 5.25996e-06 
2.18079e-06 0.000239302 0.00779205 1.16776e-05 0.00966235 0.0581009 0.788482 0.000971939 0.000863281 0.0725802 0.0612449 4.9334e-05 
3.36813e-10 0.0103406 0.0040609 1.27427e-06 0.042999 0.106973 0.672838 0.00167404 0.00825687 0.00104504 0.150825 0.000985992 
2.17541e-06 0.0128475 0.00827619 0.0102271 0.772455 0.0243877 0.0193763 0.0143697 0.0657601 2.17725e-06 0.0722941 2.17566e-06 
8.18362e-11 0.00368726 0.00422166 7.61736e-06 0.000943654 0.000431173 0.000920577 0.000443433 0.000253684 0.0011268 0.00160098 0.986363 
1.12257e-06 0.0147187 0.307749 1.12262e-06 0.0390977 0.026741 0.00426972 0.0035958 0.455958 1.12352e-06 0.143263 0.00460416 
4.10149e-10 0.0543946 0.0298815 1.35974e-07 0.00203899 0.00535858 2.58168e-05 7.08074e-07 0.111665 0.000836539 0.795798 1.57107e-08 
1.58774e-10 0.0297856 0.154831 3.80703e-09 0.0122332 0.0152149 0.00895669 5.29601e-05 0.060233 0.118119 0.600573 1.94551e-07 
3.14623e-12 0.000929158 0.0138244 3.26265e-05 0.00123853 0.0532315 0.403283 0.000957399 0.34051 0.0133268 0.0911526 0.0815148 
0.000267876 0.0486765 0.0748649 0.358361 0.110354 0.151673 0.0198104 0.00105881 0.0200385 0.0212643 0.191632 0.00199864 
6.665e-12 0.000150024 0.0135319 2.69371e-07 0.00193611 0.00755759 0.900242 0.000123701 0.00517136 0.00263472 0.0665337 0.00211868 
3.81541e-09 0.00252952 0.00310079 6.47644e-07 0.00183229 0.131514 0.0203246 3.55703e-05 0.0215643 0.00162801 0.816367 0.0011029 
1.54501e-12 0.00465387 0.00123291 0.000791294 0.966475 0.000533349 5.42299e-05 0.00270325 0.0142342 0.000250293 0.00906645 5.25996e-06 
0.000229819 0.00908351 0.0278404 0.00197994 0.49884 0.0777086 0.068664 0.00983345 0.0914143 0.0720317 0.142142 0.000232202 
4.09351e-07 0.0408155 0.142548 2.63417e-05 0.306226 0.0746939 0.00694858 0.00438637 0.210081 0.0038769 0.209892 0.000504042 
2.19004e-09 0.00168969 0.00109361 2.90827e-06 0.0231069 0.00146714 3.38391e-07 9.7835e-07 0.957563 0.00612413 0.0087668 0.000184911 
6.88267e-06 0.0112686 0.273503 1.27633e-05 0.0220102 0.191518 0.0103587 0.00219706 0.0432313 0.0943036 0.0978281 0.253762 
6.05546e-09 0.853311 0.0137223 1.33317e-05 0.00399645 0.00483092 0.00212753 2.52463e-05 0.0274937 0.00326 0.0835461 0.00767378 
1.47411e-11 0.00412896 0.00357464 1.52528e-07 0.00414648 0.00418045 0.00156283 2.45106e-05 0.925663 0.000809725 0.055875 3.47092e-05 
0.00120387 0.0453001 0.132586 0.00689984 0.0803967 0.275523 0.0103956 0.00448452 0.204068 0.135379 0.101339 0.00242366 
6.89589e-07 0.00287555 0.0370142 0.000324252 0.00177093 0.0639735 0.697821 0.00641497 0.026147 0.0298895 0.132869 0.000899662 
1.11704e-06 0.36586 0.0452333 0.00402181 0.0076273 0.0395575 0.0138334 0.00150327 0.438262 0.0189151 0.0640445 0.00114137 
6.76624e-05 0.0228849 0.0286304 0.00161585 0.0304757 0.00360064 0.0280708 0.00402471 0.0215833 0.025466 0.0293003 0.80428 
1.92179e-06 0.0262132 0.173535 2.85068e-06 0.0713326 0.0207387 0.0100633 3.19189e-05 0.269423 0.0460282 0.336625 0.0460043 
2.54111e-06 0.0146328 0.00947402 7.32484e-06 0.0120757 0.0115102 0.00143003 5.28845e-05 0.111225 0.00747581 0.831954 0.000159265 
6.519e-06 0.0247643 0.0719543 0.000271304 0.021281 0.0622868 0.00671129 1.73201e-05 0.558563 0.0649725 0.188512 0.000659221 
1.44624e-06 0.000760087 0.115914 5.932e-06 0.126409 0.00455621 0.623787 0.0382867 0.014042 0.0458016 0.0303428 9.31097e-05 
1.78823e-05 0.000100686 0.140509 6.32233e-05 0.0162609 0.0970112 0.00229243 5.92524e-05 0.0115811 0.000661102 0.729402 0.00204071 
2.67866e-06 0.000810347 0.0466367 4.43894e-05 0.0838622 0.011308 0.290716 0.00248651 0.215142 0.177178 0.171343 0.000470897 
4.39589e-08 0.00455599 0.367282 0.0971276 0.135652 0.113856 0.00629545 0.000402849 0.0275481 0.103636 0.133861 0.00978314 
1.19987e-06 0.00171436 0.172489 3.14944e-05 0.31654 0.0276559 0.396542 0.0415905 0.0104644 0.00164806 0.0309167 0.00040634 
1.49778e-09 0.0612844 0.00716785 6.91554e-08 7.87334e-05 0.777014 0.00321493 1.97338e-05 0.00935757 0.0487367 0.0798659 0.0132602 
1.08808e-05 0.00277111 0.0873959 5.54621e-05 0.0128161 0.265515 0.00152189 3.36753e-05 0.024906 0.00850169 0.596404 6.87849e-05 
6.67444e-12 0.0349819 0.00870224 6.20702e-07 0.00536131 0.00243724 0.00156275 3.62992e-05 0.894527 0.00140974 0.0508764 0.000104841 
1.62819e-05 0.0116381 0.0127779 3.41229e-05 0.472956 0.00848688 6.12418e-05 5.27106e-05 0.0957231 0.00135707 0.396838 5.89579e-05 
0.000120808 0.0194564 0.241563 0.0176334 0.0538597 0.187288 0.00535971 0.000202545 0.041266 0.213944 0.217943 0.00136272 
2.83709e-06 0.00964726 0.0559953 6.88702e-05 0.0354524 0.088897 0.00900078 9.18265e-05 0.0432681 0.0196201 0.737009 0.000946054 
9.50659e-11 0.000214753 0.0194216 0.00149751 0.0688053 0.13624 0.0547923 9.52168e-05 0.0135286 0.0695661 0.635839 1.35433e-07 
0.000152975 0.0401121 0.0486435 0.000176309 0.10449 0.0852272 0.0193187 0.00143536 0.53988 0.0888541 0.0561194 0.0155896 
5.56377e-09 0.00122117 0.00714911 0.00345542 0.87646 0.00054308 0.0604879 0.00695135 0.0387856 0.000122587 0.00183078 0.00299285 
7.84441e-07 0.0304356 0.14742 0.000136423 0.546915 0.0081119 4.22788e-05 0.000209991 0.0263718 0.0558409 0.171394 0.0131205 
7.68806e-08 0.137359 0.0497018 0.00282174 0.313246 0.0114882 0.00138485 0.0080473 0.10914 0.00734069 0.357717 0.00175315 
0.000162718 0.000807859 0.0980509 0.000354071 0.501085 0.195397 0.00119252 0.000923504 0.0142821 0.00664629 0.116154 0.0649433 
4.91833e-10 0.00260445 0.0742666 4.24466e-06 0.21082 0.0251819 0.29246 0.287178 0.0653075 0.00725443 0.0349055 1.69014e-05 
2.90789e-07 0.0235537 0.231408 0.000259108 0.0724506 0.226335 0.043448 0.00141759 0.0888456 0.21797 0.0888282 0.0054837 
5.8791e-05 0.00697594 0.463732 6.19134e-05 0.0566741 0.00301753 0.00572275 0.000188609 0.0383846 0.133238 0.2917 0.000245611 
4.89198e-05 0.0056078 0.252477 5.33226e-05 0.0125328 0.0681625 0.0110423 0.00265958 0.0165772 0.00387717 0.624994 0.00196738 
1.01862e-07 0.0234858 0.0322645 7.45226e-05 0.0355678 0.0146356 0.16624 4.8217e-05 0.331052 0.0881724 0.307296 0.00116349 
3.86555e-08 9.51771e-05 0.0331878 2.89924e-06 0.00792742 0.0294852 0.00175461 5.54858e-06 0.0125706 0.000140717 0.914308 0.000521709 
2.66655e-09 0.724313 0.03464 5.1777e-06 0.0927728 0.000777267 0.000241433 0.000226637 0.0984236 0.00340763 0.0434892 0.00170338 
8.33595e-12 0.00457351 0.0389658 4.29883e-06 0.00129309 0.562019 0.021583 2.25555e-05 0.0128367 0.0196199 0.337633 0.00144948 
3.24186e-06 0.0075636 0.0366736 6.61806e-05 0.0129038 0.00253945 0.00654894 0.000198109 0.0049739 0.0195658 0.0154407 0.893523 
4.02917e-11 0.0743259 0.0261799 1.662e-07 0.0413676 0.0545019 0.0319938 0.000235611 0.104661 0.0481965 0.617719 0.000818747 
8.82304e-08 0.00143901 0.0123712 2.99695e-07 0.00732734 0.333622 0.0236764 8.33447e-05 0.17141 0.0326436 0.41731 0.000116008 
1.47411e-11 0.00412896 0.00357464 1.52528e-07 0.00414648 0.00418045 0.00156283 2.45106e-05 0.925663 0.000809725 0.055875 3.47092e-05 
9.56559e-08 0.024545 0.159143 0.0857349 0.00865797 0.126324 0.00186554 0.000414225 0.0651027 0.114881 0.413207 0.000124272 
1.05796e-06 0.0288017 0.00303176 2.79425e-05 0.00805554 0.266232 0.200973 3.29918e-05 0.0775132 0.0107442 0.404416 0.000171463 
5.00309e-05 0.000787056 0.255354 0.00129791 0.480557 0.00988461 0.0241063 0.0905358 0.0204056 0.00570551 0.111134 0.00018241 
8.30692e-11 0.00533921 0.00194046 2.63294e-07 0.00272193 0.011174 0.00108623 4.15192e-05 0.0401463 0.00207062 0.935479 2.80106e-07 
4.77554e-08 0.0213429 0.010806 0.000146401 0.0171587 0.524356 0.207877 0.000175024 0.0515246 0.0336776 0.130807 0.00212874 
0.000393678 0.252364 0.354924 0.000478031 0.0319303 0.0540171 0.00341776 0.00327718 0.0520088 0.0098047 0.235894 0.00149013 
1.54501e-12 0.00465387 0.00123291 0.000791294 0.966475 0.000533349 5.42299e-05 0.00270325 0.0142342 0.000250293 0.00906645 5.25996e-06 
1.6511e-07 0.00940478 0.0103256 6.01441e-05 0.00122443 0.00439875 0.954364 0.00271226 0.0120027 0.00307242 0.00231451 0.000120083 
3.24905e-10 0.0233821 0.00135282 1.15134e-05 0.00540761 0.0025826 0.0012132 7.63777e-05 0.915826 6.94925e-05 0.0500401 3.80789e-05 
3.90522e-06 0.000502098 0.766787 8.93594e-06 0.0164998 0.0449103 0.0206231 0.00220023 0.00292363 0.0439228 0.101546 7.23719e-05 
4.70739e-09 0.0142101 0.0512271 3.69677e-05 0.0608627 0.00186048 0.0066494 0.000420545 0.0311655 0.0385144 0.047305 0.747748 
6.47329e-06 0.00561782 0.00912746 0.000436724 0.00861005 0.273549 0.00107818 1.27145e-05 0.00843856 0.670857 0.0167018 0.00556429 
4.47205e-06 0.0307743 0.00742042 0.000654722 0.00481327 0.0582436 0.546059 0.0102465 0.0284276 0.0270087 0.260369 0.0259781 
3.69712e-07 0.0399774 0.0190998 0.000795512 0.256794 0.0199278 0.00217129 0.000346518 0.54393 0.0127015 0.103822 0.000434624 
0.000139346 0.0390487 0.677768 0.000323648 0.0995493 0.0259609 0.023088 0.00033324 0.0523845 0.0261591 0.0305879 0.0246572 
6.21e-05 0.00436099 0.512528 0.000512536 0.159964 0.0318724 0.00567695 0.00026253 0.01986 0.0164824 0.240664 0.00775384 
3.85619e-07 0.000979973 0.139616 3.07618e-05 0.0555421 0.00934516 0.0015644 7.82888e-05 0.119898 0.0676286 0.604279 0.00103724 
1.33455e-05 0.027905 0.221557 0.000101181 0.431336 0.041758 0.00262976 0.000671641 0.190265 0.000502968 0.0793958 0.00386465 
1.26932e-12 0.148766 0.00147526 1.30487e-08 0.0237144 0.00169922 0.00251427 1.00987e-08 0.819046 1.91235e-06 1.21239e-06 0.00278157 
6.63664e-06 0.117218 0.221566 2.20407e-05 0.0536226 0.0217363 0.0276095 0.00101369 0.0887689 0.0188515 0.444658 0.00492713 
3.14301e-10 0.0285663 0.0359323 1.29362e-06 0.00243903 0.00300783 0.0193247 0.000890852 0.00833872 0.000224797 0.015228 0.886046 
2.06327e-07 3.05922e-05 0.0260694 1.73615e-06 0.00652824 0.485328 0.0160448 0.000176213 0.000725067 0.169175 0.295768 0.000152226 
1.28607e-08 0.039869 0.000914214 3.2082e-07 0.00557948 0.134167 1.74146e-05 6.6038e-07 0.0442513 0.00147412 0.773723 3.48663e-06 
5.37344e-11 0.0133428 0.00303968 4.03173e-06 6.68371e-05 0.0101903 0.812575 5.16748e-06 0.140239 0.00366269 0.0168663 7.95845e-06 
1.6511e-07 0.00940478 0.0103256 6.01441e-05 0.00122443 0.00439875 0.954364 0.00271226 0.0120027 0.00307242 0.00231451 0.000120083 
5.14103e-12 0.00387246 0.21687 4.45404e-06 0.0734423 0.113874 0.00845495 4.26292e-05 0.217581 0.0563077 0.305256 0.00429379 
2.3268e-10 0.0940576 0.0834719 7.89182e-06 0.124635 0.19798 0.025379 0.000754248 0.0201236 0.0650788 0.388023 0.000489407 
0.000121068 0.0158466 0.0672825 0.00036725 0.0828792 0.245719 0.0945935 0.00128334 0.0559453 0.0704958 0.364557 0.000908874 
1.38696e-07 0.030078 0.0947514 1.28691e-05 0.0465719 0.000865081 0.00319378 0.00115585 0.0123939 0.0137586 0.06845 0.728768 
7.26164e-09 0.00077582 0.0439612 4.7925e-07 0.43713 0.0379627 0.00110385 0.000451336 0.0144206 0.0136882 0.450506 9.17245e-08 
1.00214e-09 0.006256 0.0123109 0.00196222 0.0679319 0.256061 0.0381827 0.000386943 0.0649964 0.0176995 0.533903 0.000309571 
1.38034e-05 0.0113783 0.0270264 0.000800566 0.0436701 0.284556 0.0725306 0.00342399 0.29101 0.0114286 0.238944 0.0152174 
3.60586e-08 0.000229482 4.42776e-05 0.00611422 0.918229 1.48544e-05 9.64535e-05 0.000305809 7.6134e-05 1.02103e-05 0.0748653 1.40387e-05 
8.49527e-07 0.00236073 0.0192368 9.76642e-07 0.0127572 0.0153916 0.288138 0.000201458 0.0224048 0.00517912 0.632168 0.00216018 
2.9947e-10 0.0500627 0.00114179 0.0228239 0.0100786 4.82901e-05 0.000461919 0.000321368 0.91146 0.000441841 0.00315731 2.20555e-06 
2.21776e-12 0.000284056 9.63748e-05 1.4307e-05 0.00129605 0.000540746 0.000501194 0.000171658 0.996412 6.03212e-05 0.000583749 3.98229e-05 
0.000214755 0.00762962 0.0265118 0.00216099 0.18482 0.00698316 0.191035 0.528329 0.0171509 0.00707927 0.026869 0.00121734 
1.0166e-05 0.0209413 0.0263337 0.000848731 0.0638926 0.0127535 0.0718173 0.00824433 0.663619 0.0269589 0.100223 0.00435658 
2.39239e-05 0.188717 0.0674598 0.000738281 0.54046 0.0854853 0.00659071 0.00024451 0.0628247 0.0239199 0.0230466 0.000488866 
9.99035e-12 0.00971128 0.000822068 5.87801e-08 0.865966 0.00153862 0.00024442 0.000522749 0.067859 0.000159928 0.053176 3.40293e-08 
2.30106e-07 0.00226931 0.000160803 1.17317e-05 0.33483 0.0178392 0.000242937 0.0248433 0.342297 0.00112374 0.109468 0.166914 
9.29532e-05 0.031964 0.105907 0.0002425 0.0262761 0.202293 0.0155401 0.000118087 0.112176 0.0175543 0.48739 0.000446333 
8.43521e-06 0.0226996 0.0344375 1.97857e-05 0.0116449 0.0563704 0.0209134 4.81285e-05 0.100634 0.00834051 0.743928 0.000955481 
1.12858e-09 0.000256377 0.0719984 1.95224e-05 0.00623054 0.00864778 0.0140098 0.0338615 0.00956177 0.044713 0.810399 0.000302384 
2.91376e-08 0.0514245 0.00237585 1.12345e-06 0.00142249 0.0195875 0.00682499 1.06448e-05 0.0821171 0.00634836 0.829844 4.31748e-05 
3.73205e-08 3.83617e-05 0.0309522 7.63534e-05 0.862398 2.27138e-06 3.604e-06 3.06614e-05 0.061488 0.0368377 0.000758486 0.00741422 
6.43957e-08 0.02476 0.149941 1.09347e-06 0.390301 0.00910243 0.0378395 0.0107626 0.0821155 0.0141791 0.0102619 0.270736 
7.08515e-12 0.000120719 0.0285435 0.000273102 0.00225022 0.00171975 0.00238823 2.96917e-09 0.0210895 0.202047 0.741566 2.78831e-06 
4.22575e-05 0.0264484 0.0579886 5.3699e-05 0.05732 0.0590302 0.00432711 0.00139316 0.205718 0.0460147 0.541178 0.000485831 
3.43233e-07 0.00115199 0.0161362 0.00107077 0.818961 0.0509274 5.17696e-05 0.000599821 0.0111835 0.000678017 0.0992053 3.36965e-05 
1.47343e-09 0.000203974 0.938256 0.000122679 0.0425637 0.00930559 2.85813e-07 0.000137694 0.00109756 0.00267983 0.0055674 6.54425e-05 
0.000469996 0.0272884 0.0951044 0.00263089 0.0418978 0.0858901 0.222745 0.0136355 0.310039 0.0250313 0.158539 0.0167293 
1.58151e-06 0.00289316 0.452054 5.58713e-05 0.00364268 0.00781989 3.00093e-05 4.95683e-06 0.0309554 0.0245233 0.4779 0.000119 
3.55565e-07 0.000379212 0.881155 0.000394866 0.0215386 0.00456652 0.000931881 0.00691163 0.0113747 0.0323876 0.0402845 7.47796e-05 
2.1069e-05 0.0252278 0.0572501 7.77969e-05 0.0282828 0.145949 0.0106522 0.011239 0.0589669 0.0134001 0.64836 0.000573617 
2.77245e-07 0.0340325 0.00363712 0.0012913 0.78528 0.000674599 0.0393218 0.00698431 0.106014 0.0070355 0.012578 0.00315036 
nan nan nan nan nan nan nan nan nan nan nan nan 
1.00449e-09 0.154647 0.00118369 1.23524e-07 0.0017285 0.00109873 0.000417497 3.39774e-06 0.837014 1.78022e-07 0.0038751 3.18006e-05 
1.54501e-12 0.00465387 0.00123291 0.000791294 0.966475 0.000533349 5.42299e-05 0.00270325 0.0142342 0.000250293 0.00906645 5.25996e-06 
0.000670107 0.0207129 0.337387 0.00149692 0.00803397 0.297597 0.0156428 0.00844181 0.0160088 0.0964411 0.196692 0.000875122 
0.000264795 0.0133727 0.027201 0.0111734 0.0694173 0.17291 0.189364 0.0209275 0.0634931 0.0187786 0.317469 0.0956293 
1.81724e-13 0.00726216 0.00568429 5.90454e-07 0.00021996 0.0345491 0.761174 0.000642901 0.0138922 0.00809793 0.164788 0.00368903 
5.78884e-06 0.00634342 0.0129053 0.000305357 0.066693 0.243624 0.0130748 0.00045814 0.129589 0.00499394 0.521684 0.00032304 
7.82802e-10 1.075e-06 0.0527342 1.15432e-06 0.0556676 0.00961089 0.000343946 5.40153e-05 0.000231329 0.00356113 0.877794 8.55297e-08 
1.5692e-06 0.020665 0.111876 2.03954e-05 0.148284 0.0623689 0.0373311 0.00181256 0.100535 0.0810049 0.435762 0.00033774 
3.27144e-07 0.0105189 0.017853 0.000603403 0.82969 0.00809718 0.0251885 0.0027398 0.0689487 0.00616666 0.0301183 7.49866e-05 
7.90102e-12 0.0434723 0.000779714 1.42954e-08 0.000426877 0.167515 6.57568e-06 1.8536e-07 0.0102024 0.0210099 0.756584 2.91347e-06 
0.000105523 0.187215 0.0218678 0.00205179 0.029537 0.0242402 0.0040216 0.000148557 0.660311 0.0120872 0.0575294 0.000884866 
2.53449e-05 0.00148179 0.111621 2.872e-05 0.000331198 0.0901377 0.524639 0.000263588 0.00783923 0.047818 0.214736 0.00107933 
3.83918e-12 0.00630786 0.00347711 2.28427e-07 0.00460968 0.00304568 0.00238744 3.74205e-05 0.921483 0.000408056 0.0581906 5.29695e-05 
4.75516e-05 0.00363635 0.07899 0.000201932 0.00271721 0.0375769 0.0100093 0.000649781 0.0533702 0.0208628 0.790315 0.00162324 
5.70496e-08 0.0102085 0.048578 1.02693e-05 0.830921 0.0098508 0.00603252 0.000818021 0.0305616 0.036051 0.0268163 0.000152348 
0.000115017 0.01365 0.0748476 0.000186594 0.0762327 0.00226057 0.000542305 0.000299293 0.0919369 0.652339 0.0872043 0.00038562 
3.45056e-09 0.00597246 0.068109 7.60132e-05 0.0200942 0.256186 3.26132e-08 0.000262861 0.0264923 0.0228855 0.599921 1.37931e-07 
1.92772e-08 0.000926645 0.37365 0.000163366 0.260732 0.0174861 5.74211e-08 0.0373565 0.0116804 0.0151103 0.277788 0.00510666 
4.94307e-07 0.0012669 0.11402 0.000236393 0.695894 0.00179592 0.00108314 0.000129659 0.080861 0.0468365 0.0575937 0.000282611 
1.53091e-07 0.00975455 0.00491822 1.16886e-05 0.177021 0.0398321 0.0130711 0.0157605 0.492201 0.00263699 0.163112 0.0816804 
1.51636e-05 1.5176e-05 0.0561712 1.51644e-05 0.0652711 0.352113 1.51738e-05 1.5174e-05 0.0880452 1.51765e-05 1.51779e-05 0.438294 
1.92583e-07 0.022153 0.0465626 4.04887e-05 0.685526 0.000842768 6.15436e-05 0.00139471 0.0240502 0.00354826 0.21549 0.000330345 
1.78653e-12 0.0028501 0.0358819 1.17743e-07 0.000632974 0.000248508 0.00363518 0.000269248 0.0038156 0.00187029 0.0148051 0.935991 
0.000267501 0.0176919 0.288327 0.000576314 0.0297538 0.086179 0.377884 0.00488178 0.0839407 0.0114733 0.0934828 0.00554205 
1.88714e-06 0.0261059 0.335561 6.91674e-05 0.0591149 0.0329398 0.0188371 0.0170389 0.0536716 0.0768606 0.371233 0.00856658 
1.14529e-08 0.000583314 0.0132403 4.4394e-05 0.00092638 0.367383 0.0110846 6.30437e-05 0.00636548 0.00211079 0.59793 0.000268688 
2.36176e-07 0.0261139 0.0471741 0.00037137 0.0942231 0.305727 0.0141013 9.49909e-05 0.0887023 0.045091 0.376823 0.00157805 
3.13489e-12 0.00011528 0.00930795 1.79373e-07 6.14368e-06 0.0103255 0.89572 0.000500187 0.00384111 0.00123395 0.0775611 0.00138863 
6.37147e-12 0.0569897 0.00724892 2.22561e-07 0.689066 5.4768e-05 3.80979e-08 2.08747e-07 0.167706 9.38611e-08 0.0789342 1.28835e-07 
8.53515e-07 0.00758363 0.0604696 0.000468022 0.0180919 0.0272349 0.00606332 2.8269e-05 0.170341 0.214779 0.494818 0.000121506 
9.50359e-10 0.038241 0.031221 3.50583e-05 0.0262408 0.00565582 0.00078416 3.92851e-05 0.0589049 0.000320697 0.837974 0.000583094 
1.93798e-13 0.0490753 0.0126172 2.3856e-06 0.00107608 0.081192 0.0219963 2.19226e-05 0.0341534 0.00327182 0.795721 0.000872685 
9.32712e-07 0.00180835 0.116493 0.000253017 0.272842 0.470293 0.00166698 0.000202275 0.0250502 0.0513144 0.0550854 0.00499138 
6.13008e-07 0.00292698 0.134177 0.0397065 0.260063 1.50867e-05 0.0759019 0.000174221 0.0471177 0.0184321 0.420001 0.00148321 
0.00137958 0.0191767 0.196046 0.00180371 0.0585746 0.298835 0.0144736 0.00169283 0.0589988 0.150497 0.18451 0.0140119 
2.80275e-08 0.0904015 0.0559839 4.11912e-05 0.247473 0.00628928 0.00090483 0.000183712 0.0561918 0.142414 0.399081 0.00103558 
4.51655e-13 3.31583e-05 0.000450618 4.82613e-07 4.55701e-05 0.00015966 0.00262227 6.4895e-05 0.0030805 1.85256e-05 0.000351629 0.993173 
2.4253e-06 0.0145117 0.0342886 0.00458355 0.436747 0.282769 0.0119488 0.00121215 0.00946979 0.00083327 0.203553 8.07308e-05 
1.37029e-07 0.0645949 0.0442695 2.48844e-07 0.0982432 0.00177052 0.000414383 1.14369e-05 0.124502 0.00222945 0.663913 5.1147e-05 
1.54501e-12 0.00465387 0.00123291 0.000791294 0.966475 0.000533349 5.42299e-05 0.00270325 0.0142342 0.000250293 0.00906645 5.25996e-06 
5.92352e-12 0.00344417 0.00358181 1.20224e-06 0.00142806 0.135894 0.0360414 6.63699e-05 0.0213008 0.00118036 0.795116 0.00194569 
2.54111e-06 0.0146328 0.00947402 7.32484e-06 0.0120757 0.0115102 0.00143003 5.28845e-05 0.111225 0.00747581 0.831954 0.000159265 
1.54501e-12 0.00465387 0.00123291 0.000791294 0.966475 0.000533349 5.42299e-05 0.00270325 0.0142342 0.000250293 0.00906645 5.25996e-06 
5.65335e-06 0.0143994 0.0253232 0.040494 0.602604 0.157906 0.00994509 0.00101229 0.0592242 0.0123736 0.0763003 0.000411734 
8.18362e-11 0.00368726 0.00422166 7.61736e-06 0.000943654 0.000431173 0.000920577 0.000443433 0.000253684 0.0011268 0.00160098 0.986363 
1.50617e-05 0.0141543 0.498539 0.000222736 0.401272 0.0144631 0.0425299 0.0089487 0.00114802 0.0154302 0.00324158 3.51592e-05 
1.36683e-05 0.00859703 0.0346804 0.00128558 0.0150741 0.407358 0.0960895 0.000153095 0.0150315 0.00903969 0.402931 0.00974569 
1.55699e-09 8.40788e-05 0.0104096 6.74875e-06 0.81916 0.00330742 4.40215e-05 0.0027209 0.0448154 0.000940197 0.118496 1.55e-05 
nan nan nan nan nan nan nan nan nan nan nan nan 
3.66131e-05 0.00226715 0.0331793 0.000146971 0.15036 0.178995 0.0132687 0.000215359 0.288861 0.000897415 0.331734 3.90862e-05 
3.43453e-06 0.000550198 0.0337734 0.000188162 0.264849 0.00984246 0.00836001 0.000269535 0.371482 0.0136263 0.288243 0.00881263 
1.60545e-05 0.00293229 0.0421233 4.52603e-05 0.885891 0.00116179 3.04492e-05 2.29499e-05 0.0318817 0.00131128 0.0264262 0.00815801 
8.02356e-06 0.00273934 0.0393852 8.03938e-05 0.890152 0.00437595 0.00197998 0.000229982 0.0277134 0.00784672 0.0254193 6.9466e-05 
3.24905e-10 0.0233821 0.00135282 1.15134e-05 0.00540761 0.0025826 0.0012132 7.63777e-05 0.915826 6.94925e-05 0.0500401 3.80789e-05 
1.49778e-09 0.0612844 0.00716785 6.91554e-08 7.87334e-05 0.777014 0.00321493 1.97338e-05 0.00935757 0.0487367 0.0798659 0.0132602 
8.37604e-09 0.0113962 0.152535 3.93939e-05 0.690584 0.0292022 0.00935263 0.000906811 0.0814767 0.0152255 0.00927785 3.79629e-06 
3.04143e-05 0.00447817 0.11946 0.000249206 0.174027 0.288274 0.0443298 0.00266528 0.0112939 0.0222181 0.327026 0.00594872 
5.40397e-05 5.61564e-05 0.285428 0.00448025 0.0483672 0.00167434 0.182035 0.00526777 0.00819653 0.353958 0.110368 0.000115077 
2.33134e-09 0.203322 1.90091e-06 1.25586e-06 0.00568524 0.0233701 6.35608e-05 8.42548e-08 0.714165 0.0203247 0.0330643 2.53561e-06 
1.50105e-08 0.021371 0.00489812 1.29787e-05 0.0110195 0.00366352 0.0113219 6.43566e-05 0.864638 0.000661155 0.0822455 0.000104096 
1.49966e-07 1.24734e-05 0.021784 2.93152e-06 0.442316 0.0941149 0.123282 1.45017e-05 0.0267184 0.113517 0.178235 2.56911e-06 
2.34843e-07 0.0328365 0.0980017 8.1647e-06 0.0470858 0.00822338 0.000296149 0.000146312 0.144786 0.0278167 0.639866 0.000933439 
1.49778e-09 0.0612844 0.00716785 6.91554e-08 7.87334e-05 0.777014 0.00321493 1.97338e-05 0.00935757 0.0487367 0.0798659 0.0132602 
7.45172e-13 2.64119e-09 0.0609427 5.03626e-09 0.00119737 0.0847695 1.65323e-07 1.82521e-08 0.000529958 0.000497269 0.851793 0.000270336 
5.43228e-07 0.00249271 0.098411 0.00319772 0.0727931 0.548919 0.00473491 0.000494672 0.125288 0.0044849 0.138987 0.000196443 
2.32522e-09 0.185038 0.106362 3.02692e-05 0.0120657 0.0056488 2.72565e-09 7.02068e-05 0.0034417 0.0105864 0.676757 9.21731e-09 
4.25254e-10 0.0903638 0.0626063 1.24486e-05 0.00427629 0.00780028 0.000571715 0.0111302 0.0659779 0.0017122 0.755549 1.27273e-08 
