0.0263659 4.71091e-05 0.175754 0.000343104 0.318374 0.00301879 0.00409775 0.000161325 0.0137496 0.359208 0.0988303 5.04891e-05 
4.32774e-05 1.34084e-07 0.054038 4.81565e-07 0.000239897 0.622244 0.0507463 4.52793e-06 0.000322876 0.100178 0.169045 0.00313781 
0.00989221 0.00152336 0.0856534 0.0736434 0.172458 0.219403 0.153152 0.113286 0.0355497 0.00611778 0.119048 0.0102727 
0.00138068 2.49126e-06 0.00278449 0.022197 0.0334764 0.601534 4.45961e-06 4.2051e-06 0.0211953 0.00367167 0.312351 0.00139765 
6.0794e-05 1.06564e-07 0.0022794 0.00151522 0.900329 0.00295499 1.90759e-07 0.000191366 0.00823689 0.0623136 0.0144622 0.00765665 
0.00035494 0.000209801 0.0398302 0.00179091 0.723679 0.030256 0.0236554 0.00877955 0.0712616 0.0702335 0.0285239 0.00142466 
0.0473894 6.32929e-05 0.0392142 0.341216 0.26396 0.0690221 0.00248926 0.00290711 0.0682268 0.0699269 0.0954518 0.0001328 
0.00027732 4.37708e-09 0.129442 0.000635619 0.00114757 0.0619363 0.00191752 1.47322e-07 0.00667171 0.795075 0.00226155 0.000634985 
4.62526e-05 1.03253e-06 0.126421 5.50269e-06 0.579489 0.0613672 0.00723536 4.30749e-05 0.00831489 0.11474 0.0995029 0.00283479 
0.000240754 0.00022391 0.0797039 0.000349749 0.869376 0.00998966 0.00413626 0.000254727 0.00358395 0.0247041 0.00646049 0.000976829 
0.0226369 4.33888e-05 0.0374726 0.203754 0.146591 0.160029 0.00227035 0.0800336 0.0188067 0.0263367 0.100549 0.201475 
2.96744e-07 5.50641e-08 0.000112538 0.000268033 9.11719e-05 0.00140025 3.99218e-06 9.2945e-08 0.000453257 5.25361e-05 0.667886 0.329731 
4.78124e-10 8.87213e-11 0.0954239 4.55062e-10 0.0512988 0.0490283 0.538842 7.47435e-07 1.44811e-05 0.0672558 0.198136 2.15394e-07 
0.00470354 1.07449e-07 0.269827 1.85367e-07 0.0186902 0.00126161 0.000322641 8.79917e-06 0.00595449 0.0450671 0.654164 1.98243e-07 
0.000355468 9.56859e-05 0.0019472 0.00092333 0.77804 0.105416 0.066033 0.00158907 0.000686144 0.000648116 0.0300811 0.0141847 
2.72546e-11 5.05741e-12 1.21387e-08 2.59401e-11 2.35903e-07 4.0309e-08 9.05327e-12 7.69149e-09 0.999621 0.000377682 6.8749e-07 3.79499e-07 
0.000303946 0.000242631 0.0511101 0.000623877 0.0664283 0.00200768 0.00323346 0.853051 0.0056674 0.0106211 0.00604328 0.000667613 
7.80379e-07 4.20964e-08 0.352161 6.41502e-07 0.0212118 0.00962652 0.0245447 3.34944e-06 0.0749266 0.147616 0.369908 6.00519e-08 
0.000284882 4.45728e-05 0.0348594 0.0187654 0.66729 0.158355 0.0328771 0.000589276 0.0341572 0.0312895 0.0213078 0.000179453 
1.92048e-06 4.57584e-07 0.0908157 1.82785e-06 0.0225237 0.814511 0.000138331 5.58955e-05 0.0342074 0.00566738 0.0320646 1.15727e-05 
2.72546e-11 5.05741e-12 1.21387e-08 2.59401e-11 2.35903e-07 4.0309e-08 9.05327e-12 7.69149e-09 0.999621 0.000377682 6.8749e-07 3.79499e-07 
0.00332879 2.55406e-11 0.0444862 1.31001e-10 0.0943559 0.00848655 0.0105902 1.77286e-05 0.183642 0.104853 0.544715 0.00552438 
2.06498e-07 2.11996e-11 0.00947787 0.00294917 0.658973 0.197499 0.000177135 3.0765e-05 0.00252536 0.000613454 0.121871 0.00588257 
0.00223961 0.00125805 0.540949 0.0353431 0.0580886 0.0531022 0.270394 0.00130262 0.0115598 0.0108875 0.0128714 0.00200489 
0.00223961 0.00125805 0.540949 0.0353431 0.0580886 0.0531022 0.270394 0.00130262 0.0115598 0.0108875 0.0128714 0.00200489 
5.89297e-07 1.48232e-07 0.0219293 1.65167e-05 0.00272008 2.96454e-05 2.09554e-07 0.000154951 0.000494807 0.913018 0.0613298 0.000305673 
3.33763e-09 6.19334e-10 0.334192 3.05554e-05 0.572554 1.80324e-05 0.00406754 4.29238e-06 7.64313e-06 0.0178663 0.0712598 2.95992e-09 
3.78916e-09 7.03122e-10 5.59323e-06 3.6064e-09 0.0932892 0.0118559 5.81877e-06 1.18683e-09 0.0406426 0.0234953 0.830706 3.36036e-09 
7.67601e-06 5.98966e-06 0.022133 6.49324e-06 0.00211308 0.935713 6.19714e-05 3.03201e-05 0.000728678 0.0190027 0.0201776 1.95405e-05 
0.0242919 0.000795229 0.0223644 0.105226 0.410993 0.274823 0.00946545 0.00155121 0.0513043 0.0442641 0.0537015 0.00121958 
4.83611e-06 3.85945e-07 0.0159548 8.67894e-05 0.747444 0.012032 1.74062e-06 3.68697e-05 0.0352936 0.157308 0.0313186 0.000519191 
8.85885e-07 2.00609e-07 0.00628508 1.80881e-06 0.169314 5.12886e-06 8.08268e-05 5.21104e-06 0.500137 0.1757 0.148415 5.45147e-05 
9.91429e-05 6.25361e-08 0.0169826 2.07408e-05 0.0225846 2.29217e-05 0.00124143 9.291e-07 0.00292608 0.946676 0.00942929 1.63268e-05 
2.02771e-09 3.76265e-10 0.205902 2.09634e-06 0.699684 4.29581e-06 0.00370483 6.35113e-10 0.00703715 0.0637033 0.0198982 6.40533e-05 
4.68205e-11 8.68808e-12 0.000785527 1.26027e-07 0.229967 0.00170323 0.000477133 5.49227e-05 0.000867922 0.00140468 0.763714 0.00102544 
3.17467e-09 5.89095e-10 1.38538e-05 3.02154e-09 0.446997 2.744e-05 1.89828e-05 7.9648e-07 0.0784824 0.121213 0.353199 4.7583e-05 
0.0134708 0.000239871 0.410077 0.000920065 0.300572 0.0196999 0.0165607 0.00257458 0.0873089 0.112496 0.0344883 0.00159153 
1.51145e-06 5.5981e-10 9.01568e-06 2.87134e-09 0.85658 3.63887e-06 1.05232e-05 2.84422e-07 6.73278e-06 1.49077e-05 0.143371 2.94565e-06 
0.000107192 2.63823e-05 0.00187979 0.00028625 0.0050836 0.0153173 0.00211129 0.00239824 0.0452518 0.898736 0.0268401 0.00196251 
2.32203e-10 4.30879e-11 0.0235884 2.93725e-07 0.144965 2.49895e-06 0.00921776 9.03745e-05 0.610969 0.0539609 0.157205 2.51807e-07 
6.98425e-07 2.36449e-10 0.00079673 1.13127e-05 0.960916 6.29345e-07 1.69971e-06 3.99112e-10 0.0382666 1.87128e-06 3.91581e-06 7.07707e-07 
0.00267585 3.64549e-05 0.391662 0.00334314 0.318378 0.0150795 0.19667 0.00248379 0.00978526 0.00417866 0.0542321 0.00147526 
2.65247e-11 4.92196e-12 0.0364536 7.27565e-08 0.346369 0.00855236 0.00365121 0.000832584 0.0139719 0.0411008 0.546222 0.00284653 
7.44804e-05 6.80663e-05 0.148448 0.000324541 0.117248 0.00958576 0.164692 0.389226 0.0453268 0.0262579 0.0983464 0.000402637 
2.93771e-05 4.45151e-08 0.208424 3.35684e-05 0.0389406 0.0235679 0.25857 0.0224428 0.00011783 0.444641 0.00323246 1.53905e-07 
0.00170907 0.000282419 0.0490887 0.000288154 0.619599 0.0439127 0.132379 0.0343156 0.0418717 0.029484 0.0400363 0.00703326 
2.6507e-07 4.91868e-08 0.0508554 8.01592e-05 0.944136 0.00043428 8.80492e-08 9.79908e-06 0.000673054 0.00169092 0.000675324 0.0014445 
3.81654e-06 3.59977e-07 0.0213919 0.000124493 0.204156 0.250799 0.00146926 4.98265e-06 0.0247974 0.466157 0.0309905 0.000104484 
0.0547301 0.000183515 0.45278 0.00191399 0.114624 0.0270943 0.0793483 0.000312092 0.0255878 0.0656193 0.176095 0.00171096 
4.78124e-10 8.87213e-11 0.0954239 4.55062e-10 0.0512988 0.0490283 0.538842 7.47435e-07 1.44811e-05 0.0672558 0.198136 2.15394e-07 
2.15872e-06 4.00574e-07 0.000820989 2.0546e-06 0.932346 0.00100105 0.000212793 6.76146e-07 0.000464025 0.0648933 0.000186598 6.96857e-05 
1.44495e-07 4.97696e-08 0.0255348 9.03869e-06 0.769995 0.000250146 1.58193e-05 0.000350155 0.0358771 0.0555606 0.004638 0.107769 
0.00027732 4.37708e-09 0.129442 0.000635619 0.00114757 0.0619363 0.00191752 1.47322e-07 0.00667171 0.795075 0.00226155 0.000634985 
6.80232e-09 1.26225e-09 7.10166e-06 6.47423e-09 0.904652 7.79253e-06 2.25955e-09 0.000582026 9.84566e-07 0.0947272 2.22409e-05 3.22655e-07 
4.78124e-10 8.87213e-11 0.0954239 4.55062e-10 0.0512988 0.0490283 0.538842 7.47435e-07 1.44811e-05 0.0672558 0.198136 2.15394e-07 
0.000674303 0.000107049 0.160058 0.00015726 0.0799171 0.00875065 0.0254477 0.658294 0.00390101 0.0119215 0.050648 0.000123769 
9.03873e-10 1.67724e-10 2.32992e-05 1.54936e-06 0.330271 0.303991 3.00243e-10 2.83108e-10 0.117203 0.222564 0.025944 1.9246e-06 
0.0080683 4.46355e-05 0.144061 0.000109296 0.224592 0.154423 0.0112729 0.000287711 0.0254508 0.206568 0.204827 0.0202947 
0.000562022 3.34395e-09 3.42309e-05 9.65733e-07 0.0575106 0.558858 5.98601e-09 2.89345e-05 0.00230951 0.0412892 0.33936 4.62068e-05 
0.111499 5.36144e-07 0.00110566 2.74995e-06 0.790243 0.0932487 9.59752e-07 0.000935117 0.00191015 0.000804268 0.000247036 2.56234e-06 
3.81654e-06 3.59977e-07 0.0213919 0.000124493 0.204156 0.250799 0.00146926 4.98265e-06 0.0247974 0.466157 0.0309905 0.000104484 
0.00144886 0.000128908 0.0746672 0.0933416 0.509427 0.0213963 0.215272 0.0081371 0.0276808 0.0263778 0.0196412 0.00248093 
0.000115215 5.8924e-08 0.040058 2.49431e-06 0.0688533 0.12422 0.000507757 2.84863e-07 0.015757 0.328452 0.42197 6.38521e-05 
0.00349226 7.85178e-05 0.224464 8.63872e-05 0.101436 0.000517999 0.000789954 0.000169932 0.160935 0.429679 0.0781847 0.000166445 
0.00500228 0.00398523 0.401987 0.0661453 0.161454 0.0469828 0.0538999 0.0224511 0.0229108 0.0287946 0.167361 0.0190265 
0.00180636 2.20535e-05 0.216127 0.000765736 0.0453116 0.0597373 0.0297043 0.000318437 0.00654462 0.483643 0.0200063 0.136013 
0.0112312 0.000242338 0.00859285 0.0512436 0.82646 0.0643917 0.00940132 0.000333303 0.0164964 0.00267817 0.00639825 0.00253129 
9.02901e-09 1.67544e-09 0.0412267 3.0225e-06 0.880346 0.00481764 0.00192765 1.53674e-05 0.0315833 0.0147976 0.0133549 0.0119279 
2.93771e-05 4.45151e-08 0.208424 3.35684e-05 0.0389406 0.0235679 0.25857 0.0224428 0.00011783 0.444641 0.00323246 1.53905e-07 
3.42821e-07 7.54019e-11 0.18561 5.54415e-07 0.325308 0.030971 3.19331e-06 0.000121499 0.0658052 0.0900812 0.301653 0.000445824 
0.000364032 2.59878e-05 0.0140119 4.72911e-05 0.541293 0.111454 0.0175321 0.000348012 0.0313384 0.0206382 0.262863 8.42914e-05 
0.000674303 0.000107049 0.160058 0.00015726 0.0799171 0.00875065 0.0254477 0.658294 0.00390101 0.0119215 0.050648 0.000123769 
0.000194565 3.59059e-11 0.276113 0.000560117 0.00137229 0.00597973 0.031665 9.15649e-05 0.0178949 0.567054 0.0990745 4.08142e-07 
0.000194126 1.11524e-08 0.00995443 2.01693e-06 4.89979e-05 0.931163 0.000323823 2.97031e-08 0.000176762 0.0323215 0.0213558 0.00445994 
3.86006e-05 3.40258e-05 0.0872515 0.563826 0.156699 0.0137363 0.00391473 0.00071113 0.00576699 0.08526 0.0825262 0.000234887 
1.06506e-05 3.48643e-06 0.011839 9.43952e-05 0.740844 0.0729823 0.0558179 6.70056e-05 0.0225299 5.11525e-05 0.0951178 0.000642696 
1.63601e-07 3.03581e-08 0.0300735 0.000189067 0.69941 0.136793 2.45868e-05 2.65856e-05 7.1252e-05 5.79855e-05 0.13334 1.46179e-05 
8.66959e-07 1.60874e-07 0.00374041 8.25143e-07 0.0158031 0.927823 0.0154072 0.0010593 0.0178629 0.012785 0.00359413 0.00192289 
1.14437e-06 2.12352e-07 8.01737e-05 3.75382e-05 0.0332907 1.55574e-05 2.4159e-05 3.58437e-07 2.83656e-05 0.965337 0.000189508 0.000995804 
0.000569466 1.5035e-07 0.0244836 4.80493e-05 0.166245 0.0326071 2.69142e-07 1.46395e-05 0.0025635 0.752548 0.0208912 2.95701e-05 
2.86937e-05 7.5971e-06 0.00607627 0.000527769 0.945655 0.0114686 4.98191e-05 6.04494e-05 0.0196252 0.0137373 0.00269212 7.08893e-05 
0.00017776 7.69993e-08 0.0483853 0.000179549 0.684787 0.0180933 1.37836e-07 1.2997e-07 0.161187 0.00497762 0.0822006 1.15589e-05 
2.65247e-11 4.92196e-12 0.0364536 7.27565e-08 0.346369 0.00855236 0.00365121 0.000832584 0.0139719 0.0411008 0.546222 0.00284653 
1.19724e-06 2.22162e-07 0.0301183 1.13949e-06 0.0286036 0.835859 2.25005e-05 3.74996e-07 2.11551e-05 0.105284 8.81132e-05 1.06175e-06 
0.0185123 3.36686e-05 0.723472 0.0188786 0.00757974 0.0603527 0.116592 0.00904416 0.00224896 0.0225647 0.0205945 0.000126596 
9.82318e-07 1.1646e-10 0.0414253 1.64118e-07 0.0172348 0.0230864 0.000879827 0.000398823 0.0140595 0.878654 0.0193182 0.00494234 
3.15385e-07 6.28075e-11 0.0677602 0.000352068 0.641019 0.0553238 0.00126635 0.000208077 0.0534306 0.030563 0.136484 0.0135933 
1.0927e-08 2.02762e-09 0.166212 1.33165e-06 0.0275095 0.00157812 0.0136931 2.13102e-05 0.0946996 0.13333 0.258814 0.304141 
2.39648e-06 3.99775e-07 0.0623374 6.43005e-05 0.343041 0.0109357 0.0213174 0.000424734 0.00757016 0.521501 0.0327872 1.81154e-05 
0.000151529 0.00014299 0.151419 0.0500167 0.264625 0.335055 0.00385491 0.00754071 0.00678632 0.0524985 0.127712 0.000196929 
9.03873e-10 1.67724e-10 2.32992e-05 1.54936e-06 0.330271 0.303991 3.00243e-10 2.83108e-10 0.117203 0.222564 0.025944 1.9246e-06 
2.00149e-05 6.1143e-08 0.00954147 3.1361e-07 0.914155 0.0415227 1.05991e-05 4.28223e-05 0.000172987 0.00854612 0.0259764 1.19307e-05 
0.000423163 6.76678e-05 0.109377 0.0583944 0.581199 0.0912641 0.00680897 0.00389217 0.00695999 0.0756891 0.0644582 0.0014656 
1.00913e-09 1.87256e-10 0.00261121 0.000145853 0.983143 0.00791028 2.7974e-07 0.000283126 0.00578508 2.94564e-07 0.000119614 7.88059e-07 
0.000584573 9.79365e-10 0.0121928 1.0448e-06 0.283417 2.01984e-05 0.0124814 1.65311e-09 0.305099 0.0350184 0.351182 3.3956e-06 
4.27655e-06 2.59065e-09 0.341834 3.78412e-05 0.629395 1.21462e-06 4.63752e-09 1.22556e-06 0.00451493 0.0164564 0.000881976 0.00687386 
4.58719e-07 8.51206e-08 0.00198682 4.36594e-07 0.00370333 0.0245044 0.0230322 6.60585e-06 0.00831723 0.655626 0.282807 1.54042e-05 
0.000138671 1.70232e-05 0.339382 2.77722e-05 0.493466 0.00504762 0.00531549 0.0756223 0.00330184 0.0509991 0.0264939 0.000188367 
2.65247e-11 4.92196e-12 0.0364536 7.27565e-08 0.346369 0.00855236 0.00365121 0.000832584 0.0139719 0.0411008 0.546222 0.00284653 
0.00989221 0.00152336 0.0856534 0.0736434 0.172458 0.219403 0.153152 0.113286 0.0355497 0.00611778 0.119048 0.0102727 
0.00989221 0.00152336 0.0856534 0.0736434 0.172458 0.219403 0.153152 0.113286 0.0355497 0.00611778 0.119048 0.0102727 
2.53161e-06 6.57597e-10 0.00274572 3.3729e-09 0.000915692 0.00500466 0.000131912 1.99067e-07 0.00399106 0.98686 0.000347994 3.14278e-09 
6.10767e-08 1.13335e-08 0.135742 3.28845e-06 0.0250087 0.0180988 0.0186592 0.000387039 0.266794 0.0191545 0.515947 0.000205565 
0.0573797 0.000276426 0.13734 0.0533308 0.584654 0.0491717 0.00118138 0.00101943 0.0311647 0.010912 0.072103 0.00146629 
4.27655e-06 2.59065e-09 0.341834 3.78412e-05 0.629395 1.21462e-06 4.63752e-09 1.22556e-06 0.00451493 0.0164564 0.000881976 0.00687386 
0.000342165 0.000319492 0.0430828 0.198297 0.084217 0.440791 0.020368 0.000464131 0.0577291 0.0020686 0.143668 0.0086529 
4.91973e-09 4.1508e-09 0.000266026 3.08757e-05 0.0132784 0.750773 0.000753725 2.86844e-08 0.000246749 2.29842e-08 0.234651 1.17981e-07 
0.00147321 0.000151702 0.232857 0.068884 0.0443548 0.0748688 0.457093 0.0297972 0.00412739 0.0632382 0.0208985 0.00225578 
4.78124e-10 8.87213e-11 0.0954239 4.55062e-10 0.0512988 0.0490283 0.538842 7.47435e-07 1.44811e-05 0.0672558 0.198136 2.15394e-07 
2.52434e-06 1.3008e-06 0.00411402 0.000567761 0.922684 0.00183691 1.4821e-05 8.89754e-05 0.0100257 0.0519432 0.00636656 0.00235425 
1.9479e-06 3.42337e-07 0.0144283 2.14224e-05 0.132313 0.00932514 0.0051571 9.49731e-05 0.0150865 0.00738396 0.815138 0.00104948 
1.76531e-06 1.16948e-10 1.41572e-06 5.99843e-10 0.404231 0.0156808 2.09349e-10 3.19203e-05 0.247297 0.0529044 0.240494 0.0393571 
6.37672e-07 1.18327e-07 0.0648547 5.64173e-05 0.281726 8.04318e-05 0.000534595 1.9973e-07 0.0387398 0.585801 0.000648457 0.0275577 
0.000719 0.000636967 0.00189003 0.00138781 0.0158802 0.0953648 0.00106309 0.0496474 0.643187 0.0219219 0.167634 0.000668037 
0.00121044 8.20811e-05 0.560704 0.000133546 0.00562674 0.0165213 0.0576664 0.0063632 0.0316799 0.0603348 0.257517 0.00216044 
0.00679532 1.06746e-05 0.0475129 0.0743352 0.359921 0.31697 0.00651191 0.00451707 0.0350143 0.0564223 0.0915322 0.000457306 
0.000832667 8.46511e-05 0.028529 0.000161489 0.834087 0.0181078 0.0166475 0.000439024 0.0752399 0.00462644 0.0145012 0.00674347 
1.24811e-06 6.93506e-07 0.00267406 5.52194e-06 0.0056381 0.921609 0.00104518 2.19729e-06 0.00452634 0.0522497 0.0121871 6.04047e-05 
7.05987e-05 3.42301e-06 0.163886 0.00128973 0.224504 0.450067 2.53751e-05 9.18686e-05 0.0263695 0.037671 0.0959242 9.70724e-05 
6.19612e-08 1.14976e-08 0.00417102 5.89727e-08 0.682486 0.203636 4.13293e-05 0.00115441 0.0224481 0.0396454 0.0421226 0.00429525 
9.4294e-05 3.20915e-06 0.0136753 0.000229947 0.164554 0.0674916 3.75193e-05 0.000264786 0.0209631 0.605679 0.126128 0.000879459 
3.54217e-05 9.82663e-08 0.0178286 1.86853e-05 0.00466947 0.00386798 0.000844626 0.00807558 0.000244722 0.951436 0.0124453 0.000533145 
0.00343417 1.07101e-06 0.0435462 0.000220151 0.00301727 0.185041 0.00181171 4.36875e-06 0.00258963 0.656658 0.103273 0.000404327 
9.48664e-10 1.76035e-10 0.0128755 4.24457e-06 0.966703 8.70365e-06 7.21656e-06 2.97137e-10 1.632e-06 0.0203956 4.03169e-06 8.41307e-10 
0.0777375 1.9549e-07 0.175486 4.93871e-07 0.544138 0.00156555 0.00106896 0.0003701 0.0284348 0.0244393 0.146337 0.000421816 
0.000426212 5.4253e-06 0.0525707 0.000320518 0.00154475 0.0802689 0.015872 0.00295343 0.0414454 0.61863 0.185371 0.000591402 
0.00101936 1.61924e-06 0.137223 0.000660853 0.0420136 0.605222 0.0636376 0.000105914 0.0122488 0.0110199 0.125529 0.00131887 
0.000214542 0.00018991 0.0224175 0.000324031 0.28843 0.0875061 0.291709 0.00900684 0.000968044 0.000305082 0.0705259 0.228403 
4.05724e-05 2.63556e-09 0.0126944 1.35181e-08 0.720039 0.0352798 0.00344869 4.46605e-07 0.000389549 0.187377 0.0382982 0.00243193 
0.000113054 1.72102e-06 0.00854481 0.00452611 0.937035 0.0334512 5.72383e-05 1.42786e-05 0.00108661 2.17156e-06 0.0151642 3.89153e-06 
0.0184995 8.15385e-09 0.169776 0.201079 0.463232 0.109803 0.00963423 0.000213273 0.000668656 0.0262461 0.000848425 2.74027e-07 
7.80873e-10 1.449e-10 0.00358071 7.43209e-10 1.5573e-10 0.492735 0.0210089 1.91572e-07 0.000893561 0.00158307 0.480199 6.92505e-10 
3.05069e-06 4.20401e-08 0.0181145 5.04137e-06 0.027015 1.00534e-05 0.00271359 2.06766e-06 0.01977 0.912442 0.0199245 4.94882e-08 
4.78124e-10 8.87213e-11 0.0954239 4.55062e-10 0.0512988 0.0490283 0.538842 7.47435e-07 1.44811e-05 0.0672558 0.198136 2.15394e-07 
0.000307604 3.31749e-05 0.0267061 6.9227e-05 0.0109632 0.0138495 0.00821621 0.0028233 0.133798 0.00548122 0.797369 0.000383388 
2.31357e-09 4.29309e-10 2.58716e-06 1.76379e-06 0.999961 1.06329e-06 7.45527e-06 5.07979e-07 1.09374e-06 1.90419e-05 5.92483e-06 2.05175e-09 
0.0331403 2.01696e-05 0.103893 0.00792137 0.433687 0.0580662 0.000479366 0.000214775 0.262049 0.00984896 0.0884847 0.00219444 
4.78124e-10 8.87213e-11 0.0954239 4.55062e-10 0.0512988 0.0490283 0.538842 7.47435e-07 1.44811e-05 0.0672558 0.198136 2.15394e-07 
0.00126983 0.000941929 0.043254 0.0406638 0.0446363 0.638577 0.00992901 0.000988143 0.0712238 0.00584893 0.128472 0.0141957 
7.15411e-10 1.32753e-10 0.0176557 0.00023652 0.438182 0.334472 0.000165707 0.000116286 0.00794817 0.0907823 0.110035 0.000406127 
1.21394e-07 8.69746e-08 0.071615 0.00311551 0.0911127 1.42296e-06 0.0156963 7.29157e-05 0.777921 0.0184212 0.0218503 0.000193722 
0.000877062 0.000600104 0.0346021 0.323976 0.498616 0.0890326 0.0119738 0.00119812 0.0077229 0.012336 0.0183712 0.000693523 
0.000132693 2.78586e-07 0.216918 4.17368e-07 0.00627204 0.113297 0.00334211 0.000893396 0.000293942 0.630452 0.028387 1.11863e-05 
0.0507103 7.99043e-05 0.0254212 0.00953293 0.589537 0.028847 0.0133567 0.0442433 0.152248 0.0323128 0.0409198 0.0127913 
1.83546e-05 3.4059e-06 0.318449 1.74693e-05 0.00258464 0.327894 6.0969e-06 0.00437299 0.00140538 0.344049 0.00118265 1.62775e-05 
0.0515489 2.92313e-05 0.0328255 0.00014492 0.00848134 0.121061 0.00488969 6.96754e-05 0.0502678 0.565004 0.164967 0.000711562 
0.00149733 1.09504e-07 0.0457191 4.70821e-06 0.00870335 0.810346 0.00596434 2.10366e-05 0.0152198 0.0582879 0.0540541 0.000181721 
3.74785e-08 6.95457e-09 0.0369266 3.56708e-08 0.00688449 0.148092 0.00874499 1.17389e-08 0.0846849 0.625231 0.0894351 3.32372e-08 
3.2881e-06 6.10145e-07 0.000494052 3.12951e-06 0.905709 0.000147105 1.09222e-06 1.02989e-06 0.00145035 0.000606728 0.080496 0.0110881 
0.00223961 0.00125805 0.540949 0.0353431 0.0580886 0.0531022 0.270394 0.00130262 0.0115598 0.0108875 0.0128714 0.00200489 
0.0120104 0.000325972 0.141044 0.206138 0.0931385 0.115923 0.103889 0.00575948 0.00870599 0.0227817 0.270621 0.0196631 
6.5453e-10 1.21456e-10 0.0177189 6.2296e-10 0.496428 2.36826e-06 2.76142e-06 2.0501e-10 0.0497637 0.0244361 0.134116 0.277532 
0.000590857 1.93821e-09 0.0415855 3.59595e-05 9.40562e-07 0.0715244 0.00942097 8.56875e-08 4.95608e-05 0.876571 1.62271e-07 0.000220513 
0.000339741 3.91063e-05 0.114805 4.29756e-05 0.402099 0.112773 0.000102979 8.64426e-05 0.00545224 0.00285918 0.36118 0.000219608 
2.86091e-07 5.30874e-08 8.01353e-05 5.53086e-05 0.757536 0.0557929 9.50317e-08 8.96083e-08 1.73051e-05 0.000595205 0.185922 2.53715e-07 
1.43711e-05 2.75602e-06 0.000214249 0.000433718 0.188464 0.00884629 0.773327 3.26628e-05 0.000156799 0.0212151 0.00128444 0.00600872 
0.000646763 2.54584e-06 0.0154675 0.463204 0.486173 0.00866435 0.000469535 0.00072137 0.00647815 0.00253974 0.015557 7.60617e-05 
4.61787e-08 8.56899e-09 0.00119035 4.39514e-08 0.994896 0.00145135 1.53393e-08 1.44639e-08 0.000672723 0.00142117 0.000270449 9.83277e-05 
6.80927e-10 1.26354e-10 0.000346713 1.24514e-05 0.000445967 0.0017268 0.000158482 6.32581e-05 0.0013377 0.990481 0.00534939 7.78719e-05 
8.1519e-07 5.07171e-08 0.917542 2.78514e-05 0.0154655 0.000400247 9.07887e-08 3.48007e-06 0.020581 0.0436271 0.0023463 6.009e-06 
5.24588e-10 9.73433e-11 0.120298 1.19879e-06 0.323812 0.554037 4.70661e-07 8.54575e-07 0.0018393 3.48331e-06 6.08125e-06 2.04745e-06 
4.70598e-08 1.58578e-08 0.124964 6.01943e-07 0.0233934 0.265524 1.06709e-07 1.32558e-07 0.0157733 0.0314948 0.53875 9.99054e-05 
0.00249017 0.000733522 0.160404 0.0047687 0.0245147 0.0862848 0.027072 0.0101907 0.0249378 0.457711 0.197941 0.00295192 
2.94722e-07 3.6435e-11 0.107984 1.8688e-10 0.300114 7.66829e-07 7.63166e-07 1.53812e-07 0.14041 0.314183 0.137306 1.7413e-10 
3.24805e-08 6.02712e-09 7.48378e-05 7.52097e-06 2.77857e-05 0.676627 0.0421451 0.0158123 3.9103e-05 8.46314e-05 0.265175 6.44953e-06 
3.94364e-06 2.92404e-07 0.0318324 0.000304715 0.0779864 0.0409199 0.0318657 0.238782 0.0288344 0.312253 0.237214 2.28516e-06 
5.89297e-07 1.48232e-07 0.0219293 1.65167e-05 0.00272008 2.96454e-05 2.09554e-07 0.000154951 0.000494807 0.913018 0.0613298 0.000305673 
2.2075e-07 1.94967e-11 0.00449194 3.58014e-06 0.891863 0.000995911 3.525e-09 1.25088e-07 0.0711451 5.92206e-07 0.0309843 0.000514783 
0.018094 0.00163492 0.0295214 0.0614244 0.126838 0.0375004 0.595867 0.0427254 0.0464195 0.0214196 0.0159292 0.00262566 
0.00121444 9.49251e-05 0.448025 0.000356946 0.0429052 0.298794 0.0441365 0.000812778 0.0063536 0.123003 0.0341391 0.000164573 
0.000553336 2.03979e-07 0.0252886 0.00268618 0.249216 6.63512e-06 4.53221e-07 9.49093e-05 0.0307189 0.216086 0.475347 1.59481e-06 
5.8061e-11 1.07739e-11 0.089303 5.52605e-11 2.42237e-06 0.0352472 4.30104e-07 3.8208e-08 0.00547013 0.029685 0.840292 5.14905e-11 
0.000631927 4.17122e-05 0.0240964 0.00488207 0.540396 0.011274 0.000915522 0.000333043 0.287623 0.00930134 0.119122 0.0013834 
4.7574e-05 3.00127e-09 0.0701949 1.53939e-08 0.0379475 0.0193739 0.000162819 3.78138e-06 0.408022 0.246409 0.187091 0.0307484 
0.000678167 2.92429e-05 0.0731656 0.0168175 0.462086 0.201679 0.00170101 0.00018521 0.0749288 0.0361788 0.132172 0.000378602 
0.0188179 0.000103263 0.139029 0.000163165 0.00228028 0.0628718 0.009454 0.0203642 0.0707726 0.600042 0.0737943 0.0023078 
0.000590857 1.93821e-09 0.0415855 3.59595e-05 9.40562e-07 0.0715244 0.00942097 8.56875e-08 4.95608e-05 0.876571 1.62271e-07 0.000220513 
4.86177e-05 2.5281e-05 0.0253925 0.000181462 0.000820957 0.843917 0.00173682 0.000967888 0.000293143 0.0339175 0.0926358 6.33736e-05 
0.00146944 6.93017e-08 0.0203953 1.79799e-06 0.0782298 0.531664 0.00975635 2.61623e-05 0.163032 0.167136 0.0264113 0.00187798 
0.00515921 2.32348e-05 0.0309278 0.0115361 0.829561 0.00377668 0.000997204 0.00223408 0.0741255 0.0152722 0.0256212 0.000765552 
8.34643e-08 1.54877e-08 0.0102812 1.12094e-05 0.0189552 0.857731 0.0333369 2.34733e-06 0.049669 0.00662476 0.0231802 0.000208403 
4.05988e-05 2.37072e-05 0.513746 4.02836e-05 0.00109435 0.0162235 0.00525164 0.000208979 0.00170908 0.229673 0.231918 7.09585e-05 
4.78124e-10 8.87213e-11 0.0954239 4.55062e-10 0.0512988 0.0490283 0.538842 7.47435e-07 1.44811e-05 0.0672558 0.198136 2.15394e-07 
0.000192519 3.26032e-06 0.000879682 8.61282e-05 0.884671 0.00493258 0.00124032 8.79417e-05 0.0653256 0.00228406 0.0354842 0.00481281 
1.13526e-06 2.1066e-07 0.0148172 1.0805e-06 0.969581 0.0079218 3.77103e-07 3.55582e-07 0.000791807 0.00135001 0.00553437 1.00679e-06 
1.23674e-08 2.29492e-09 0.0202023 7.88655e-06 4.49666e-05 0.0248137 0.093172 8.6854e-06 0.131865 0.364438 0.365439 8.44911e-06 
0.0120886 0.00186131 0.104685 0.0617743 0.155634 0.241349 0.13797 0.110977 0.0291608 0.00624421 0.129595 0.00865991 
4.57639e-09 8.49201e-10 0.000991583 3.68238e-06 0.00633765 0.796572 2.25775e-06 2.09118e-07 0.000959642 0.181255 0.0137107 0.000167522 
1.77802e-09 3.29931e-10 0.0676627 0.00362355 0.705303 0.0752129 0.000851737 8.37138e-07 1.20533e-06 0.0174982 0.129846 1.57681e-09 
0.00680696 3.81794e-05 0.107231 0.000216129 0.572276 0.0158412 0.00229667 7.5755e-05 0.111887 0.0799363 0.10219 0.00120511 
0.00144006 6.10603e-09 0.630736 2.1928e-06 6.56241e-09 0.0534192 3.26654e-06 5.18509e-05 0.00177854 0.255095 0.0567205 0.000754066 
1.2081e-05 4.07853e-06 0.046095 3.28726e-05 0.00368132 0.000237882 1.38284e-05 0.000172618 0.000910034 0.886054 0.0625938 0.000192728 
0.0185123 3.36686e-05 0.723472 0.0188786 0.00757974 0.0603527 0.116592 0.00904416 0.00224896 0.0225647 0.0205945 0.000126596 
4.78124e-10 8.87213e-11 0.0954239 4.55062e-10 0.0512988 0.0490283 0.538842 7.47435e-07 1.44811e-05 0.0672558 0.198136 2.15394e-07 
0.0827388 0.00233666 0.0271402 0.0130469 0.121145 0.0586269 0.00617625 0.0162505 0.084937 0.52225 0.0610448 0.00430697 
0.00392673 0.00177741 0.338795 0.00242505 0.00649825 0.0991171 0.0454841 0.00399689 0.0341379 0.374403 0.0870897 0.00234868 
4.29777e-10 7.97501e-11 1.59056e-06 1.92294e-06 0.605272 0.021384 1.21361e-06 4.44359e-07 0.00534549 0.0280752 0.339915 3.0114e-06 
4.74258e-10 8.80039e-11 0.0327163 0.00235272 0.843727 0.0467629 0.00121534 0.000520076 0.0221945 1.62792e-06 0.0500569 0.000452699 
0.000129886 1.5602e-06 0.492552 0.259514 0.0106656 0.0847501 0.082609 1.89379e-05 0.014755 0.0502258 3.76541e-06 0.00477453 
0.000309695 2.7845e-05 0.419942 3.76597e-05 0.0172656 0.00233263 0.0052323 3.58729e-05 0.0125835 0.470667 0.0702869 0.00127906 
0.000468436 5.71415e-05 0.422301 0.000100018 0.0527852 0.0238537 0.000209567 6.05953e-05 0.0598356 0.367256 0.0729369 0.000136192 
5.03931e-09 9.351e-10 0.0337569 4.79625e-09 9.05499e-07 1.96806e-05 1.48996e-05 1.57839e-09 2.53039e-05 0.840077 0.126106 4.46903e-09 
1.65344e-09 3.06814e-10 0.00795258 1.57369e-09 0.138732 0.234536 0.000771126 5.17884e-10 0.0121433 0.094277 0.511588 1.46633e-09 
1.77689e-10 3.29722e-11 0.344351 1.69118e-10 3.54366e-11 5.80545e-07 5.90235e-11 5.56551e-11 4.2761e-05 0.409524 0.246082 4.61284e-08 
0.000195047 1.63905e-05 0.00951451 0.000655473 0.913502 0.00211087 0.000802711 5.7168e-05 0.0126747 0.050435 0.0048064 0.00522947 
1.56783e-06 2.90929e-07 0.000328905 0.000116258 0.952428 0.00695443 0.00330682 0.000124969 8.08586e-05 0.0106099 0.0260346 1.35645e-05 
7.89543e-08 1.46509e-08 0.000197668 0.000458467 0.996399 0.00166753 0.000149517 5.93762e-05 4.46677e-05 0.000490123 0.000372779 0.000161114 
2.1568e-05 2.9125e-06 0.158156 4.47511e-06 0.546196 0.021161 0.0299986 0.110299 0.00211438 0.00620185 0.125837 8.6351e-06 
4.32048e-08 8.01714e-09 2.27837e-07 4.11209e-08 8.40753e-06 5.06337e-06 1.43515e-08 1.35325e-08 2.43604e-06 0.999977 6.97254e-06 3.83155e-08 
4.78734e-07 1.85692e-08 0.0153886 1.02069e-07 0.0692754 0.000873272 3.0197e-08 1.24296e-05 5.03303e-05 2.79904e-05 0.912801 0.00157018 
0.000463714 4.60524e-07 0.0291237 3.36283e-05 0.461076 0.000480764 0.0574664 0.352597 0.0706146 0.0173526 0.0104081 0.000382341 
2.73926e-08 5.083e-09 0.269666 2.60714e-08 0.000102162 0.505502 9.09908e-09 8.57981e-09 2.31384e-05 2.53834e-05 2.10445e-06 0.22468 
2.93771e-05 4.45151e-08 0.208424 3.35684e-05 0.0389406 0.0235679 0.25857 0.0224428 0.00011783 0.444641 0.00323246 1.53905e-07 
9.36049e-09 1.73695e-09 0.068788 8.90901e-09 0.00696761 0.00937612 0.0014361 2.93186e-09 0.0936398 0.0502055 0.769586 1.14517e-06 
0.00134763 1.7763e-07 0.00839499 0.000867346 0.165652 0.101282 0.0122621 0.0139967 0.0186834 0.11103 0.563248 0.00323588 
2.54597e-06 1.88752e-07 0.00188733 0.0010323 0.0797255 0.199387 0.00286295 0.00353345 0.0256018 0.195393 0.486956 0.00361856 
0.0488877 6.21203e-08 0.632072 7.11934e-07 3.16489e-07 0.0030436 0.00942171 3.48384e-07 0.0201108 0.223613 0.0628476 1.9256e-06 
0.0012543 0.00105255 0.0802002 0.00314048 0.0623372 0.485223 0.0411517 0.00406683 0.0128753 0.0243722 0.28228 0.00204602 
0.000820428 0.000338452 0.824808 0.00155003 0.00800942 0.0115186 0.0390822 0.00369189 0.0038743 0.0238886 0.081878 0.000540256 
0.000464368 0.000277302 0.106046 0.0913837 0.0977522 0.257937 0.0263956 0.00258546 0.115749 0.0459007 0.254758 0.000750437 
0.000977894 0.000788533 0.0161509 0.458827 0.0381341 0.0230138 0.00569138 0.431637 0.00682068 0.00345228 0.00931547 0.00519122 
3.93715e-06 3.89852e-08 0.292128 2.68818e-07 0.015379 0.000914225 0.00137083 5.8647e-05 0.00376837 0.163771 0.522604 1.65187e-06 
3.37661e-10 6.26569e-11 0.0556558 3.21375e-10 0.725361 0.00415467 1.12162e-10 0.00172008 0.00520443 0.00273961 0.205154 9.4629e-06 
1.37986e-07 1.2796e-11 0.0541025 3.28228e-07 0.132666 2.79401e-06 0.0738214 1.55534e-07 0.0606459 0.356689 0.321678 0.000394203 
0.000181782 3.20979e-06 0.100044 0.22783 0.0149951 0.600333 2.64809e-05 4.12145e-05 0.00154563 0.000102372 0.0548805 1.68441e-05 
1.34713e-10 2.49975e-11 0.272652 1.28215e-10 0.0137759 0.463547 4.47481e-11 4.21944e-11 0.00329074 0.0475179 0.199216 1.19468e-10 
3.81654e-06 3.59977e-07 0.0213919 0.000124493 0.204156 0.250799 0.00146926 4.98265e-06 0.0247974 0.466157 0.0309905 0.000104484 
4.97891e-07 9.23894e-08 0.00233532 4.73877e-07 0.987844 0.00304536 1.65386e-07 1.55948e-07 0.00254636 0.00145316 0.00277396 4.41547e-07 
6.24141e-06 5.58259e-06 0.00851109 3.47697e-05 0.895654 2.91915e-05 4.19861e-05 2.58175e-05 0.000184287 0.0600375 0.022609 0.0128602 
1.6277e-07 3.02038e-08 0.00391386 1.54919e-07 0.00273652 0.000752532 0.00116251 5.09822e-08 0.00138236 0.00602723 0.935393 0.0486315 
9.07987e-10 1.68487e-10 2.06738e-07 5.19382e-07 0.991375 1.95561e-06 3.01609e-10 4.26881e-07 0.00861932 1.83687e-06 6.12473e-07 8.05234e-10 
4.84405e-06 3.72134e-06 0.0202254 1.83863e-05 0.46064 0.34541 1.43112e-05 7.56899e-06 0.00295318 0.061013 0.109701 9.94379e-06 
9.30513e-05 1.45397e-08 0.00320395 0.00137634 0.78279 0.119479 0.00288506 1.54987e-05 0.0689299 0.00308109 0.0179882 0.000157406 
6.02349e-09 1.11773e-09 7.94146e-06 5.73296e-09 0.810567 8.71397e-06 2.00084e-09 2.26534e-06 1.12044e-06 0.189387 2.48713e-05 3.59413e-07 
2.54265e-05 1.25684e-05 0.00683484 7.05205e-05 0.00401855 0.00520081 0.00241128 0.000940415 0.0177402 0.935818 0.0255755 0.00135142 
0.00445035 0.00014179 0.484171 0.0089135 0.355417 0.0861332 0.000438365 0.000727723 0.027041 0.0204931 0.00981239 0.00226079 
0.00223961 0.00125805 0.540949 0.0353431 0.0580886 0.0531022 0.270394 0.00130262 0.0115598 0.0108875 0.0128714 0.00200489 
0.000293496 7.09418e-08 0.157778 0.001661 0.350322 0.153608 0.00174892 0.000202664 0.00680389 0.00638725 0.321194 7.23433e-07 
0.000660501 5.95023e-05 0.329579 0.169646 0.153226 0.0550721 0.094252 0.0622113 0.0043947 0.0732604 0.0567638 0.000875176 
4.04673e-05 3.27947e-05 0.197027 4.28679e-05 0.00265531 0.0292864 0.229291 5.56802e-05 0.00974533 0.155796 0.375958 6.90135e-05 
7.84806e-09 1.4563e-09 0.00907756 0.000514289 0.903833 0.00942775 1.03141e-05 4.57171e-06 0.017579 5.09874e-07 0.0595534 6.95992e-09 
7.40231e-05 1.07473e-07 0.0887743 0.000135048 0.0569249 0.230887 0.00146923 5.17241e-05 0.0161537 0.564517 0.0409142 9.90186e-05 
0.00263773 8.47116e-05 0.307613 0.000334962 0.0388606 0.0245731 0.00542948 0.0150747 0.182725 0.0239093 0.398188 0.00056986 
0.00034667 2.33791e-08 0.00178458 9.23678e-05 0.813242 0.179306 0.000393964 0.000681576 0.000110778 0.00171018 0.00195258 0.000379373 
0.0120886 0.00186131 0.104685 0.0617743 0.155634 0.241349 0.13797 0.110977 0.0291608 0.00624421 0.129595 0.00865991 
4.68205e-11 8.68808e-12 0.000785527 1.26027e-07 0.229967 0.00170323 0.000477133 5.49227e-05 0.000867922 0.00140468 0.763714 0.00102544 
0.00815127 0.000971718 0.0739741 0.143659 0.106662 0.362746 0.0617625 0.0396983 0.0684534 0.0118149 0.117928 0.00417839 
0.00345317 0.000197328 0.212056 0.000487891 0.0979841 0.0435034 0.310172 0.0115835 0.157477 0.0233997 0.138825 0.000860708 
2.43514e-06 2.90695e-07 0.0495971 0.0029933 0.790936 0.0243971 0.0338251 0.00239676 0.0492356 0.0123726 0.0330092 0.00123447 
2.32203e-10 4.30879e-11 0.0235884 2.93725e-07 0.144965 2.49895e-06 0.00921776 9.03745e-05 0.610969 0.0539609 0.157205 2.51807e-07 
5.16697e-10 9.58791e-11 0.231306 4.91776e-10 0.0306887 0.0765266 2.15646e-07 3.34091e-08 0.00232399 0.593686 0.0626512 0.00281707 
6.93816e-10 1.28745e-10 0.00908693 0.00275053 0.918395 0.0587904 0.000365295 1.4653e-05 0.00650358 1.33576e-05 0.00394721 0.000133489 
1.28011e-07 2.37539e-08 0.0552865 0.0451134 0.630863 0.0671087 0.000106861 0.00037126 0.0760431 0.0939861 0.0310011 0.000119542 
4.37087e-05 7.69927e-06 0.0621964 0.000156722 0.0570865 0.00898191 0.719561 0.00982357 0.0123654 0.102072 0.0276944 1.06277e-05 
0.000338301 5.73743e-07 0.066232 9.3975e-05 0.581928 0.0365631 0.031194 0.000256013 0.140349 0.0196038 0.12178 0.00166093 
2.50202e-09 4.64279e-10 1.02748e-05 2.38135e-09 7.08602e-06 0.98787 0.000255233 4.78121e-06 0.00590134 0.0055398 0.000302132 0.000109837 
8.48234e-05 1.49399e-08 0.0285101 2.28048e-05 0.00972716 0.0003637 0.000872459 0.0153825 3.91505e-05 0.927126 0.0172786 0.000593014 
0.00223961 0.00125805 0.540949 0.0353431 0.0580886 0.0531022 0.270394 0.00130262 0.0115598 0.0108875 0.0128714 0.00200489 
8.90031e-05 5.3043e-06 0.0800877 0.00045841 0.141892 0.0764083 0.193557 0.445232 0.0117925 6.75071e-05 0.0503097 0.000100742 
1.58172e-05 9.40569e-06 0.0345275 0.000263875 0.673425 0.203687 0.00070693 0.000502322 0.0105258 0.0200844 0.0562042 4.83599e-05 
0.891645 6.55003e-07 0.0219005 3.35959e-06 0.0336501 0.00679166 1.17252e-06 1.10561e-06 0.00336457 0.01995 0.0151756 0.00751606 
2.88967e-06 2.95505e-09 0.0214157 1.51568e-08 3.17592e-09 0.0127657 1.69049e-05 4.98795e-09 0.00139851 0.0141954 0.950205 1.41228e-08 
0.000279873 9.89429e-06 0.0135456 0.00395618 0.00247383 0.900116 0.0235648 2.83746e-05 0.00193548 0.0400157 0.0139084 0.000165714 
0.0010473 0.000635314 0.34207 0.016351 0.13312 0.0282605 0.272847 0.139928 0.0128624 0.0163153 0.0355369 0.00102591 
0.00149223 0.000313623 0.14481 0.00240752 0.0180736 0.63777 0.00545081 0.00320914 0.00429435 0.0060209 0.175786 0.000371559 
0.000102342 6.68109e-05 0.383989 0.000166543 0.0125502 0.0169351 0.000393303 0.00013359 0.0338821 0.000303123 0.542858 0.00862009 
0.000435097 0.000109866 0.0486617 0.0178619 0.699233 0.0452078 0.0904491 0.0204724 0.0574361 0.00476368 0.0151075 0.000261784 
3.86961e-06 4.40483e-09 0.477325 2.25929e-08 2.19991e-05 0.00678135 0.0952882 1.26202e-05 0.0284814 0.0989029 0.293182 2.10516e-08 
0.00536051 0.000426787 0.179058 0.00124832 0.34395 0.00487004 0.0570822 0.288566 0.0604819 0.0144935 0.0428799 0.00158267 
1.09457e-05 1.89042e-09 0.0484898 7.38436e-06 0.803599 0.0378173 0.000764653 0.00153207 0.0769433 0.022654 0.00752581 0.000655713 
1.85705e-08 3.44597e-09 0.0104963 1.76748e-08 0.323424 0.0883517 0.0973767 0.000196544 0.0161757 0.0379908 0.425083 0.000905178 
0.000228624 5.99725e-06 0.00514927 0.0235158 0.212894 0.718493 0.000432694 3.93793e-05 0.0268721 5.04292e-05 0.0112395 0.00107933 
6.94336e-08 1.28842e-08 0.0530957 1.8524e-05 0.729396 0.00600885 7.16866e-05 2.17478e-08 0.00811885 0.000402289 0.202868 2.06948e-05 
5.03931e-09 9.351e-10 0.0337569 4.79625e-09 9.05499e-07 1.96806e-05 1.48996e-05 1.57839e-09 2.53039e-05 0.840077 0.126106 4.46903e-09 
2.24251e-06 7.56449e-11 0.444375 3.68631e-06 0.0332859 0.0245208 3.76445e-05 4.03495e-06 0.00621745 0.311043 0.180511 3.61522e-10 
3.02089e-05 1.55913e-05 0.0505596 0.000264262 0.920436 0.00031672 0.000775182 0.0014914 0.00857118 0.0146166 0.00235853 0.000564257 
0.00542918 9.21818e-05 0.179664 0.252661 0.362564 0.102388 0.000770944 0.000304796 0.00201985 0.00872696 0.0558465 0.0295312 
7.15532e-09 1.32775e-09 0.164027 6.8102e-09 0.0827883 0.00283722 0.0043093 9.29938e-07 0.0470375 0.697743 4.22458e-05 0.00121443 
0.00016387 1.38285e-05 0.956997 3.68627e-05 0.000482773 0.0125693 0.00295576 1.44353e-05 0.000805428 0.0147234 0.0095233 0.00171409 
9.38531e-09 1.74155e-09 0.00135571 0.00173095 0.953688 0.0137924 1.79973e-06 6.94399e-07 0.0292307 0.000197392 1.85874e-06 8.32321e-09 
5.14975e-05 2.4745e-06 0.000149312 1.2692e-05 0.999248 5.2271e-05 4.42959e-06 4.1768e-06 7.03143e-05 0.000178846 0.000213885 1.18261e-05 
0.00989221 0.00152336 0.0856534 0.0736434 0.172458 0.219403 0.153152 0.113286 0.0355497 0.00611778 0.119048 0.0102727 
1.25469e-09 2.32822e-10 8.31957e-07 8.24097e-06 0.967174 6.3068e-07 3.66803e-06 0.00138501 0.0150603 2.4995e-06 0.016365 1.1127e-09 
1.2963e-06 5.67241e-10 0.00129861 0.000569679 0.516599 3.37979e-06 1.01542e-09 2.52793e-07 0.14301 0.144329 0.193305 0.000883981 
5.21611e-08 4.99993e-08 0.0022864 0.635133 0.327877 0.0118836 2.62153e-05 8.15128e-05 8.00997e-05 0.0213648 0.00104513 0.000222174 
0.00183993 7.04658e-05 0.0105966 0.000145251 0.778754 0.00291848 0.0125504 0.00090154 0.123741 0.0184148 0.0466784 0.00338953 
4.16485e-06 7.72835e-07 3.34493e-05 3.96397e-06 0.885727 2.62537e-05 0.111778 6.61107e-05 8.25808e-05 4.99989e-06 0.00226898 3.69353e-06 
9.48664e-10 1.76035e-10 0.0128755 4.24457e-06 0.966703 8.70365e-06 7.21656e-06 2.97137e-10 1.632e-06 0.0203956 4.03169e-06 8.41307e-10 
0.00219734 0.000268502 0.0522634 0.000370474 0.648815 0.0502695 0.108056 0.0331924 0.0290988 0.0302983 0.0433422 0.00182775 
8.95136e-05 3.31227e-06 0.340657 0.000332047 0.0943899 0.0264606 0.00894337 2.94585e-05 0.0274354 0.348559 0.15053 0.00256977 
0.000382114 5.16586e-05 0.0373094 9.34869e-05 0.0351755 0.7793 0.0216703 0.00357509 0.000558101 0.00797638 0.113521 0.000386514 
7.62212e-05 3.69321e-05 0.765507 0.0274047 0.0525134 0.0446624 0.0147036 0.0159098 0.00973825 0.0646065 0.00424505 0.000596451 
0.00976048 6.76475e-07 0.0807233 0.0180459 0.535377 0.0213175 0.00074356 7.16671e-05 0.076288 0.195654 0.0618818 0.000136184 
0.000123898 2.59561e-06 0.0523817 6.38918e-06 0.001323 0.00409885 0.0062855 0.00480133 0.00197397 0.918196 0.00583375 0.00497274 
1.96899e-10 3.65368e-11 0.0440695 1.87402e-10 0.00756698 0.00228691 1.01273e-06 8.62865e-06 0.0679626 0.00122724 0.0348836 0.841994 
0.000216161 7.05552e-05 0.110882 0.234966 0.429461 0.0954064 0.000260392 0.000401774 0.00651193 0.0591749 0.0623862 0.000262998 
2.58162e-06 4.7905e-07 8.41813e-05 2.4571e-06 0.20507 0.0530324 8.57546e-07 8.08607e-07 0.327312 0.0825168 0.331975 2.28947e-06 
5.85797e-07 2.33666e-10 0.00428531 1.1985e-09 0.620098 0.309327 3.11896e-07 0.000295904 0.00117874 0.0166391 0.0458229 0.00235179 
3.84249e-05 6.49011e-11 0.0202154 0.0699288 0.897307 0.00366285 3.17781e-08 0.00658439 0.000567678 6.52397e-07 0.00169378 5.08629e-07 
0.000261296 2.88081e-07 0.195005 3.94472e-05 0.000505676 0.209948 0.00262101 3.48559e-06 0.00471373 0.478113 0.108691 9.81702e-05 
0.00317713 3.55396e-06 0.0334687 1.9254e-05 0.114579 0.57481 0.00148407 2.85565e-05 0.0682075 0.0457024 0.00938733 0.149133 
0.00046199 7.22565e-05 0.0269482 0.000136649 0.00892461 0.0293714 0.00674241 0.0335195 0.249841 0.00249891 0.64136 0.000122809 
4.57548e-06 1.62045e-06 0.134835 0.000161757 0.712601 0.0330627 4.63717e-06 2.34846e-06 0.0408564 0.0656714 0.00843531 0.00436318 
1.667e-10 3.09331e-11 0.00300115 9.47087e-06 0.0477875 0.00028181 0.0320396 2.10007e-05 0.863515 0.0381449 0.0147163 0.000483237 
9.48664e-10 1.76035e-10 0.0128755 4.24457e-06 0.966703 8.70365e-06 7.21656e-06 2.97137e-10 1.632e-06 0.0203956 4.03169e-06 8.41307e-10 
4.2014e-05 7.71983e-07 0.0780347 3.9596e-06 0.00116907 0.000590866 1.38193e-06 2.92335e-05 0.0541189 0.860756 0.00457737 0.000676148 
0.00541399 2.49254e-05 0.00639224 0.000612484 0.895725 0.0337387 0.00280392 0.00023711 0.00384938 0.00823678 0.0429188 4.70811e-05 
0.00336264 4.83204e-05 0.353678 0.00851456 0.00708291 0.0463151 0.0112206 0.000733778 0.029228 0.517751 0.021882 0.000183099 
