1.12628e-06 2.08995e-07 0.0477256 1.07196e-06 0.00204739 0.00405024 0.000502735 3.52771e-07 0.675947 0.00479433 0.256863 0.00806647 
0.00989221 0.00152336 0.0856534 0.0736434 0.172458 0.219403 0.153152 0.113286 0.0355497 0.00611778 0.119048 0.0102727 
0.0797857 8.17292e-05 0.147794 0.000374546 0.043714 0.0158455 0.4761 0.0288758 0.0611699 0.0432883 0.102804 0.000166676 
1.17712e-06 7.87574e-10 0.00071363 1.18647e-05 0.798867 0.00230326 1.40984e-09 1.16123e-06 0.0179728 0.0935021 0.0866269 3.76397e-09 
6.0794e-05 1.06564e-07 0.0022794 0.00151522 0.900329 0.00295499 1.90759e-07 0.000191366 0.00823689 0.0623136 0.0144622 0.00765665 
0.00027732 4.37708e-09 0.129442 0.000635619 0.00114757 0.0619363 0.00191752 1.47322e-07 0.00667171 0.795075 0.00226155 0.000634985 
0.0303755 0.00104261 0.173928 0.0138471 0.404697 0.0228186 0.0584902 0.0348395 0.18157 0.010221 0.0665484 0.00162212 
2.07797e-05 6.66391e-07 0.00887728 1.3587e-06 0.711134 0.0950636 0.0132326 2.22518e-05 0.0255999 0.028627 0.117219 0.000200829 
0.00470354 1.07449e-07 0.269827 1.85367e-07 0.0186902 0.00126161 0.000322641 8.79917e-06 0.00595449 0.0450671 0.654164 1.98243e-07 
0.000355468 9.56859e-05 0.0019472 0.00092333 0.77804 0.105416 0.066033 0.00158907 0.000686144 0.000648116 0.0300811 0.0141847 
2.72546e-11 5.05741e-12 1.21387e-08 2.59401e-11 2.35903e-07 4.0309e-08 9.05327e-12 7.69149e-09 0.999621 0.000377682 6.8749e-07 3.79499e-07 
7.80379e-07 4.20964e-08 0.352161 6.41502e-07 0.0212118 0.00962652 0.0245447 3.34944e-06 0.0749266 0.147616 0.369908 6.00519e-08 
2.64254e-07 4.90353e-08 0.0752098 2.51508e-07 0.921573 6.11835e-05 8.77781e-08 1.76877e-05 3.0173e-05 0.000116978 0.00291521 7.48551e-05 
8.97042e-07 1.66456e-07 0.0280317 8.53775e-07 0.0181225 0.00100472 0.00315881 0.000534119 0.00294729 0.00434959 0.940496 0.00135319 
0.000284882 4.45728e-05 0.0348594 0.0187654 0.66729 0.158355 0.0328771 0.000589276 0.0341572 0.0312895 0.0213078 0.000179453 
1.92048e-06 4.57584e-07 0.0908157 1.82785e-06 0.0225237 0.814511 0.000138331 5.58955e-05 0.0342074 0.00566738 0.0320646 1.15727e-05 
2.72546e-11 5.05741e-12 1.21387e-08 2.59401e-11 2.35903e-07 4.0309e-08 9.05327e-12 7.69149e-09 0.999621 0.000377682 6.8749e-07 3.79499e-07 
0.00332879 2.55406e-11 0.0444862 1.31001e-10 0.0943559 0.00848655 0.0105902 1.77286e-05 0.183642 0.104853 0.544715 0.00552438 
0.000110443 5.15963e-05 0.0414462 7.48624e-05 0.0137567 0.343314 0.0195855 5.2351e-05 0.00912843 0.362833 0.206873 0.00277485 
0.00063117 0.000276818 0.248152 0.000676404 0.424497 0.0290215 0.0397301 0.0369074 0.0883184 0.0335013 0.0889397 0.0093477 
0.00223961 0.00125805 0.540949 0.0353431 0.0580886 0.0531022 0.270394 0.00130262 0.0115598 0.0108875 0.0128714 0.00200489 
5.89297e-07 1.48232e-07 0.0219293 1.65167e-05 0.00272008 2.96454e-05 2.09554e-07 0.000154951 0.000494807 0.913018 0.0613298 0.000305673 
3.33763e-09 6.19334e-10 0.334192 3.05554e-05 0.572554 1.80324e-05 0.00406754 4.29238e-06 7.64313e-06 0.0178663 0.0712598 2.95992e-09 
7.67601e-06 5.98966e-06 0.022133 6.49324e-06 0.00211308 0.935713 6.19714e-05 3.03201e-05 0.000728678 0.0190027 0.0201776 1.95405e-05 
0.0242919 0.000795229 0.0223644 0.105226 0.410993 0.274823 0.00946545 0.00155121 0.0513043 0.0442641 0.0537015 0.00121958 
4.78124e-10 8.87213e-11 0.0954239 4.55062e-10 0.0512988 0.0490283 0.538842 7.47435e-07 1.44811e-05 0.0672558 0.198136 2.15394e-07 
1.28187e-05 4.36448e-06 0.0154203 0.00160611 0.969184 0.000439501 0.000919734 1.40154e-05 0.00194993 0.0101807 9.26792e-06 0.000259059 
2.02771e-09 3.76265e-10 0.205902 2.09634e-06 0.699684 4.29581e-06 0.00370483 6.35113e-10 0.00703715 0.0637033 0.0198982 6.40533e-05 
9.34585e-05 2.85421e-11 0.0645771 1.46396e-10 5.39918e-07 0.301633 1.04235e-06 2.32023e-05 0.0335745 0.0615205 0.538577 1.36408e-10 
5.88918e-06 1.0928e-06 0.427039 5.60513e-06 0.248853 0.00463429 0.000135662 2.91425e-05 0.0178287 0.0645708 0.236391 0.000505676 
0.00421186 3.82208e-05 0.851946 6.29708e-05 0.0560902 0.0691542 0.00048446 0.000109757 0.00366129 0.0036811 0.00873605 0.00182426 
0.00289821 3.89995e-05 0.235918 0.38896 0.0564181 0.21241 0.00227847 0.000986925 0.00133137 0.00807339 0.0906003 8.60085e-05 
0.000107192 2.63823e-05 0.00187979 0.00028625 0.0050836 0.0153173 0.00211129 0.00239824 0.0452518 0.898736 0.0268401 0.00196251 
1.00988e-07 5.05497e-10 0.914735 7.38598e-05 0.0177227 6.64487e-05 9.04891e-10 6.29054e-06 0.00337124 0.0585152 0.00550261 6.62886e-06 
0.00267585 3.64549e-05 0.391662 0.00334314 0.318378 0.0150795 0.19667 0.00248379 0.00978526 0.00417866 0.0542321 0.00147526 
2.65247e-11 4.92196e-12 0.0364536 7.27565e-08 0.346369 0.00855236 0.00365121 0.000832584 0.0139719 0.0411008 0.546222 0.00284653 
0.0547301 0.000183515 0.45278 0.00191399 0.114624 0.0270943 0.0793483 0.000312092 0.0255878 0.0656193 0.176095 0.00171096 
0.0294729 7.83325e-06 0.000159358 1.04268e-05 0.896666 1.2616e-05 4.09068e-05 0.00059586 0.00479653 3.56398e-05 0.0677196 0.00048264 
4.78124e-10 8.87213e-11 0.0954239 4.55062e-10 0.0512988 0.0490283 0.538842 7.47435e-07 1.44811e-05 0.0672558 0.198136 2.15394e-07 
2.15872e-06 4.00574e-07 0.000820989 2.0546e-06 0.932346 0.00100105 0.000212793 6.76146e-07 0.000464025 0.0648933 0.000186598 6.96857e-05 
1.67375e-05 1.64689e-07 0.00135286 8.4471e-07 0.904898 5.16509e-05 2.9481e-07 6.73668e-05 0.000543508 0.0839464 0.00891677 0.000205519 
1.44495e-07 4.97696e-08 0.0255348 9.03869e-06 0.769995 0.000250146 1.58193e-05 0.000350155 0.0358771 0.0555606 0.004638 0.107769 
0.00027732 4.37708e-09 0.129442 0.000635619 0.00114757 0.0619363 0.00191752 1.47322e-07 0.00667171 0.795075 0.00226155 0.000634985 
6.16703e-06 1.14436e-06 0.0176327 5.86958e-06 0.952128 0.000382246 0.000148484 1.93162e-06 0.00025219 0.0293168 0.000118766 5.46913e-06 
3.17467e-09 5.89095e-10 1.38538e-05 3.02154e-09 0.446997 2.744e-05 1.89828e-05 7.9648e-07 0.0784824 0.121213 0.353199 4.7583e-05 
6.80232e-09 1.26225e-09 7.10166e-06 6.47423e-09 0.904652 7.79253e-06 2.25955e-09 0.000582026 9.84566e-07 0.0947272 2.22409e-05 3.22655e-07 
0.0026661 3.73267e-05 0.0554353 7.21933e-05 0.597246 0.00698136 0.00531304 4.91244e-05 0.186726 0.0280699 0.116214 0.0011896 
1.44695e-06 6.00598e-09 5.21675e-06 3.08054e-08 0.994094 6.11459e-06 1.07513e-08 1.01377e-08 9.58101e-06 3.18964e-05 0.00585189 2.87037e-08 
4.78124e-10 8.87213e-11 0.0954239 4.55062e-10 0.0512988 0.0490283 0.538842 7.47435e-07 1.44811e-05 0.0672558 0.198136 2.15394e-07 
3.10034e-08 5.75303e-09 2.66933e-05 2.9508e-08 0.893104 6.67747e-05 1.02985e-08 1.4576e-05 7.95214e-05 0.106687 2.0913e-05 2.74949e-08 
0.000674303 0.000107049 0.160058 0.00015726 0.0799171 0.00875065 0.0254477 0.658294 0.00390101 0.0119215 0.050648 0.000123769 
9.03873e-10 1.67724e-10 2.32992e-05 1.54936e-06 0.330271 0.303991 3.00243e-10 2.83108e-10 0.117203 0.222564 0.025944 1.9246e-06 
0.0080683 4.46355e-05 0.144061 0.000109296 0.224592 0.154423 0.0112729 0.000287711 0.0254508 0.206568 0.204827 0.0202947 
9.36049e-09 1.73695e-09 0.068788 8.90901e-09 0.00696761 0.00937612 0.0014361 2.93186e-09 0.0936398 0.0502055 0.769586 1.14517e-06 
0.000562022 3.34395e-09 3.42309e-05 9.65733e-07 0.0575106 0.558858 5.98601e-09 2.89345e-05 0.00230951 0.0412892 0.33936 4.62068e-05 
0.00144886 0.000128908 0.0746672 0.0933416 0.509427 0.0213963 0.215272 0.0081371 0.0276808 0.0263778 0.0196412 0.00248093 
2.81565e-07 5.22476e-08 0.0368824 1.42787e-05 0.824863 0.025768 2.2237e-05 0.000150588 0.00332265 0.10882 0.000155712 2.49701e-07 
0.00500228 0.00398523 0.401987 0.0661453 0.161454 0.0469828 0.0538999 0.0224511 0.0229108 0.0287946 0.167361 0.0190265 
0.00180636 2.20535e-05 0.216127 0.000765736 0.0453116 0.0597373 0.0297043 0.000318437 0.00654462 0.483643 0.0200063 0.136013 
0.001943 6.16202e-05 0.663424 0.000225411 0.0987051 0.0267248 0.0293802 0.0529655 0.0255866 0.0598279 0.0410194 0.000136157 
1.78781e-05 2.99645e-09 0.00623973 9.93228e-06 0.821835 6.82844e-06 2.94347e-05 0.00108494 0.10802 6.56848e-06 0.0276779 0.0350722 
0.00261746 1.20594e-05 0.541697 2.8001e-05 0.0372203 0.00108997 0.127095 0.00198663 0.0174529 0.172495 0.0977426 0.000563434 
0.0120886 0.00186131 0.104685 0.0617743 0.155634 0.241349 0.13797 0.110977 0.0291608 0.00624421 0.129595 0.00865991 
2.93771e-05 4.45151e-08 0.208424 3.35684e-05 0.0389406 0.0235679 0.25857 0.0224428 0.00011783 0.444641 0.00323246 1.53905e-07 
2.93771e-05 4.45151e-08 0.208424 3.35684e-05 0.0389406 0.0235679 0.25857 0.0224428 0.00011783 0.444641 0.00323246 1.53905e-07 
6.76125e-05 2.70554e-07 0.61644 0.000473615 0.0102448 0.000375228 4.84318e-07 4.56679e-07 0.365488 0.00369817 0.00119539 0.00201555 
0.000364032 2.59878e-05 0.0140119 4.72911e-05 0.541293 0.111454 0.0175321 0.000348012 0.0313384 0.0206382 0.262863 8.42914e-05 
0.000674303 0.000107049 0.160058 0.00015726 0.0799171 0.00875065 0.0254477 0.658294 0.00390101 0.0119215 0.050648 0.000123769 
0.000194565 3.59059e-11 0.276113 0.000560117 0.00137229 0.00597973 0.031665 9.15649e-05 0.0178949 0.567054 0.0990745 4.08142e-07 
3.86006e-05 3.40258e-05 0.0872515 0.563826 0.156699 0.0137363 0.00391473 0.00071113 0.00576699 0.08526 0.0825262 0.000234887 
0.000150862 5.3457e-05 0.836021 0.000108672 0.0162909 0.0070446 0.00400915 7.74659e-05 0.0798272 0.018574 0.037529 0.000313316 
3.39888e-07 6.30701e-08 0.970833 3.23494e-07 0.00669036 0.00530458 1.12902e-07 0.000585629 0.000668991 0.00160082 0.0117532 0.00256241 
0.00017776 7.69993e-08 0.0483853 0.000179549 0.684787 0.0180933 1.37836e-07 1.2997e-07 0.161187 0.00497762 0.0822006 1.15589e-05 
1.76003e-06 3.26594e-07 0.000336148 3.53021e-05 0.668054 0.127452 0.0464311 1.64867e-05 0.141139 0.0162159 0.000287222 3.0387e-05 
2.65247e-11 4.92196e-12 0.0364536 7.27565e-08 0.346369 0.00855236 0.00365121 0.000832584 0.0139719 0.0411008 0.546222 0.00284653 
9.82318e-07 1.1646e-10 0.0414253 1.64118e-07 0.0172348 0.0230864 0.000879827 0.000398823 0.0140595 0.878654 0.0193182 0.00494234 
0.000145676 1.34185e-09 0.0285187 1.00354e-07 0.175034 0.0144512 0.024996 0.00041569 0.050661 0.524713 0.180436 0.000628958 
0.000867565 3.50516e-05 0.148463 0.000101513 0.421153 0.0323408 0.0804737 0.0283362 0.0271066 0.0554797 0.205586 5.6743e-05 
3.15385e-07 6.28075e-11 0.0677602 0.000352068 0.641019 0.0553238 0.00126635 0.000208077 0.0534306 0.030563 0.136484 0.0135933 
3.42794e-05 1.45816e-05 0.107796 2.11696e-05 0.133106 0.0203142 0.0119038 0.593036 0.0141015 0.0387745 0.0796203 0.00127836 
0.00098616 6.27953e-09 0.921407 0.00288333 0.000340166 0.0504988 0.00616637 8.95104e-06 0.00276414 0.0144091 7.28699e-08 0.000536238 
0.0132397 5.98389e-05 0.162745 0.000162538 0.0104131 0.4232 0.0157171 0.0385937 0.010768 0.188428 0.136609 6.37347e-05 
1.0927e-08 2.02762e-09 0.166212 1.33165e-06 0.0275095 0.00157812 0.0136931 2.13102e-05 0.0946996 0.13333 0.258814 0.304141 
6.8528e-09 1.27162e-09 0.0111668 9.83688e-06 0.52517 0.0599404 7.02259e-06 4.18521e-06 0.179071 8.68843e-06 0.224611 1.05397e-05 
0.00130211 0.000110945 0.816948 0.0168412 0.00177315 0.0738469 0.00965013 0.000170482 0.00202805 0.038161 0.0379681 0.00119988 
0.00179673 0.000911996 0.104415 0.122308 0.0569002 0.0301169 0.00332758 0.631403 0.00314411 0.0121302 0.0321843 0.00136198 
3.66399e-06 5.9575e-09 0.0118829 9.68052e-06 0.69416 5.78403e-06 4.33365e-06 1.00559e-08 0.234899 3.06096e-05 0.0590038 2.8472e-08 
4.61787e-08 8.56899e-09 0.00119035 4.39514e-08 0.994896 0.00145135 1.53393e-08 1.44639e-08 0.000672723 0.00142117 0.000270449 9.83277e-05 
0.000151529 0.00014299 0.151419 0.0500167 0.264625 0.335055 0.00385491 0.00754071 0.00678632 0.0524985 0.127712 0.000196929 
6.6823e-08 9.1385e-12 0.0186529 0.0215353 0.00123206 0.000499359 0.004137 7.06628e-05 0.950916 0.00144257 0.0014894 2.42947e-05 
0.000126728 3.81036e-05 0.546505 6.07142e-05 0.00937913 0.00211219 0.0675295 7.70847e-05 0.0620906 0.0635072 0.248339 0.000234435 
2.00149e-05 6.1143e-08 0.00954147 3.1361e-07 0.914155 0.0415227 1.05991e-05 4.28223e-05 0.000172987 0.00854612 0.0259764 1.19307e-05 
0.00114 0.000746551 0.226441 0.0101069 0.0211402 0.0258484 0.111678 0.549937 0.011761 0.0157086 0.0246422 0.000850794 
1.00913e-09 1.87256e-10 0.00261121 0.000145853 0.983143 0.00791028 2.7974e-07 0.000283126 0.00578508 2.94564e-07 0.000119614 7.88059e-07 
0.000584573 9.79365e-10 0.0121928 1.0448e-06 0.283417 2.01984e-05 0.0124814 1.65311e-09 0.305099 0.0350184 0.351182 3.3956e-06 
0.000138671 1.70232e-05 0.339382 2.77722e-05 0.493466 0.00504762 0.00531549 0.0756223 0.00330184 0.0509991 0.0264939 0.000188367 
7.69343e-07 1.4276e-07 9.9243e-05 7.32235e-07 0.933715 0.0235976 6.58447e-05 0.000240073 0.0236366 0.00901061 0.00947287 0.00016046 
2.65247e-11 4.92196e-12 0.0364536 7.27565e-08 0.346369 0.00855236 0.00365121 0.000832584 0.0139719 0.0411008 0.546222 0.00284653 
0.0633748 0.000228845 0.34933 0.00518743 0.00966993 0.118779 0.0259539 0.0783542 0.0967444 0.0302666 0.221062 0.00104976 
0.00989221 0.00152336 0.0856534 0.0736434 0.172458 0.219403 0.153152 0.113286 0.0355497 0.00611778 0.119048 0.0102727 
0.00989221 0.00152336 0.0856534 0.0736434 0.172458 0.219403 0.153152 0.113286 0.0355497 0.00611778 0.119048 0.0102727 
0.0573797 0.000276426 0.13734 0.0533308 0.584654 0.0491717 0.00118138 0.00101943 0.0311647 0.010912 0.072103 0.00146629 
3.2086e-07 5.95392e-08 0.026599 3.05384e-07 0.666894 0.133134 0.000401349 1.00499e-07 0.00690787 0.0745099 0.0915532 2.84549e-07 
0.000342165 0.000319492 0.0430828 0.198297 0.084217 0.440791 0.020368 0.000464131 0.0577291 0.0020686 0.143668 0.0086529 
0.00147321 0.000151702 0.232857 0.068884 0.0443548 0.0748688 0.457093 0.0297972 0.00412739 0.0632382 0.0208985 0.00225578 
6.37672e-07 1.18327e-07 0.0648547 5.64173e-05 0.281726 8.04318e-05 0.000534595 1.9973e-07 0.0387398 0.585801 0.000648457 0.0275577 
0.00679532 1.06746e-05 0.0475129 0.0743352 0.359921 0.31697 0.00651191 0.00451707 0.0350143 0.0564223 0.0915322 0.000457306 
0.000832667 8.46511e-05 0.028529 0.000161489 0.834087 0.0181078 0.0166475 0.000439024 0.0752399 0.00462644 0.0145012 0.00674347 
9.4294e-05 3.20915e-06 0.0136753 0.000229947 0.164554 0.0674916 3.75193e-05 0.000264786 0.0209631 0.605679 0.126128 0.000879459 
1.82212e-09 3.38115e-10 1.40654e-06 1.73424e-09 0.0381236 0.0983379 4.23742e-06 3.48196e-06 0.58654 1.14238e-05 0.276973 4.84937e-06 
9.48664e-10 1.76035e-10 0.0128755 4.24457e-06 0.966703 8.70365e-06 7.21656e-06 2.97137e-10 1.632e-06 0.0203956 4.03169e-06 8.41307e-10 
0.0777375 1.9549e-07 0.175486 4.93871e-07 0.544138 0.00156555 0.00106896 0.0003701 0.0284348 0.0244393 0.146337 0.000421816 
3.86756e-08 7.1767e-09 0.00141008 2.97247e-05 0.994772 0.00109971 1.60904e-05 5.58574e-05 0.00243454 2.56836e-05 7.20025e-05 8.44082e-05 
0.000426212 5.4253e-06 0.0525707 0.000320518 0.00154475 0.0802689 0.015872 0.00295343 0.0414454 0.61863 0.185371 0.000591402 
4.05724e-05 2.63556e-09 0.0126944 1.35181e-08 0.720039 0.0352798 0.00344869 4.46605e-07 0.000389549 0.187377 0.0382982 0.00243193 
0.000113054 1.72102e-06 0.00854481 0.00452611 0.937035 0.0334512 5.72383e-05 1.42786e-05 0.00108661 2.17156e-06 0.0151642 3.89153e-06 
0.0106609 0.00621559 0.485941 0.0184843 0.032491 0.0899482 0.0327583 0.0100574 0.0416176 0.147925 0.109211 0.0146886 
0.0184995 8.15385e-09 0.169776 0.201079 0.463232 0.109803 0.00963423 0.000213273 0.000668656 0.0262461 0.000848425 2.74027e-07 
7.80873e-10 1.449e-10 0.00358071 7.43209e-10 1.5573e-10 0.492735 0.0210089 1.91572e-07 0.000893561 0.00158307 0.480199 6.92505e-10 
3.05069e-06 4.20401e-08 0.0181145 5.04137e-06 0.027015 1.00534e-05 0.00271359 2.06766e-06 0.01977 0.912442 0.0199245 4.94882e-08 
0.000307604 3.31749e-05 0.0267061 6.9227e-05 0.0109632 0.0138495 0.00821621 0.0028233 0.133798 0.00548122 0.797369 0.000383388 
2.31357e-09 4.29309e-10 2.58716e-06 1.76379e-06 0.999961 1.06329e-06 7.45527e-06 5.07979e-07 1.09374e-06 1.90419e-05 5.92483e-06 2.05175e-09 
0.0331403 2.01696e-05 0.103893 0.00792137 0.433687 0.0580662 0.000479366 0.000214775 0.262049 0.00984896 0.0884847 0.00219444 
4.78124e-10 8.87213e-11 0.0954239 4.55062e-10 0.0512988 0.0490283 0.538842 7.47435e-07 1.44811e-05 0.0672558 0.198136 2.15394e-07 
0.000309695 2.7845e-05 0.419942 3.76597e-05 0.0172656 0.00233263 0.0052323 3.58729e-05 0.0125835 0.470667 0.0702869 0.00127906 
0.000132693 2.78586e-07 0.216918 4.17368e-07 0.00627204 0.113297 0.00334211 0.000893396 0.000293942 0.630452 0.028387 1.11863e-05 
1.83546e-05 3.4059e-06 0.318449 1.74693e-05 0.00258464 0.327894 6.0969e-06 0.00437299 0.00140538 0.344049 0.00118265 1.62775e-05 
0.000469675 0.000166405 0.0662999 0.000338357 0.0767489 0.0112547 0.006759 0.000617593 0.0104175 0.557795 0.254071 0.0150616 
0.0515489 2.92313e-05 0.0328255 0.00014492 0.00848134 0.121061 0.00488969 6.96754e-05 0.0502678 0.565004 0.164967 0.000711562 
3.74785e-08 6.95457e-09 0.0369266 3.56708e-08 0.00688449 0.148092 0.00874499 1.17389e-08 0.0846849 0.625231 0.0894351 3.32372e-08 
8.55282e-05 2.24919e-07 0.65602 2.00706e-06 0.012769 0.00383205 7.06836e-07 2.07473e-05 0.106661 0.145373 0.0468793 0.0283567 
0.00223961 0.00125805 0.540949 0.0353431 0.0580886 0.0531022 0.270394 0.00130262 0.0115598 0.0108875 0.0128714 0.00200489 
5.42821e-05 9.38093e-06 0.15313 1.00692e-05 0.260151 0.00260994 0.0934024 0.278072 0.0650579 0.108348 0.0389857 0.00016905 
2.32906e-06 2.28152e-07 0.31174 3.12524e-06 0.205844 0.0831104 0.00165694 0.000264599 0.0743199 0.184832 0.131558 0.00666776 
6.5453e-10 1.21456e-10 0.0177189 6.2296e-10 0.496428 2.36826e-06 2.76142e-06 2.0501e-10 0.0497637 0.0244361 0.134116 0.277532 
0.00419774 8.97296e-05 0.0227793 0.00624727 0.235253 0.0748437 0.0919289 0.0392834 0.132863 0.151163 0.193623 0.0477268 
1.43711e-05 2.75602e-06 0.000214249 0.000433718 0.188464 0.00884629 0.773327 3.26628e-05 0.000156799 0.0212151 0.00128444 0.00600872 
2.53161e-06 6.57597e-10 0.00274572 3.3729e-09 0.000915692 0.00500466 0.000131912 1.99067e-07 0.00399106 0.98686 0.000347994 3.14278e-09 
0.0225627 4.36612e-05 0.72637 0.000101453 0.0222278 0.00416168 0.0861147 0.103805 0.0042795 0.0224372 0.00771299 0.000183055 
8.1519e-07 5.07171e-08 0.917542 2.78514e-05 0.0154655 0.000400247 9.07887e-08 3.48007e-06 0.020581 0.0436271 0.0023463 6.009e-06 
3.48889e-05 1.53942e-05 0.00103512 2.2769e-05 0.0518385 0.00152836 2.08868e-05 0.0468925 0.0103595 0.675482 0.212611 0.000158283 
5.24588e-10 9.73433e-11 0.120298 1.19879e-06 0.323812 0.554037 4.70661e-07 8.54575e-07 0.0018393 3.48331e-06 6.08125e-06 2.04745e-06 
3.94364e-06 2.92404e-07 0.0318324 0.000304715 0.0779864 0.0409199 0.0318657 0.238782 0.0288344 0.312253 0.237214 2.28516e-06 
5.89297e-07 1.48232e-07 0.0219293 1.65167e-05 0.00272008 2.96454e-05 2.09554e-07 0.000154951 0.000494807 0.913018 0.0613298 0.000305673 
3.34099e-07 6.19959e-08 4.3435e-05 6.98951e-05 0.945802 0.0324761 0.000121525 5.01129e-05 0.0210196 0.000300203 0.00011613 2.96291e-07 
0.018094 0.00163492 0.0295214 0.0614244 0.126838 0.0375004 0.595867 0.0427254 0.0464195 0.0214196 0.0159292 0.00262566 
5.8061e-11 1.07739e-11 0.089303 5.52605e-11 2.42237e-06 0.0352472 4.30104e-07 3.8208e-08 0.00547013 0.029685 0.840292 5.14905e-11 
3.41506e-05 4.52402e-10 0.0811978 0.0855426 0.0425875 0.0142056 0.00712176 7.51113e-05 0.578018 0.171608 0.00976489 0.00984489 
0.000631927 4.17122e-05 0.0240964 0.00488207 0.540396 0.011274 0.000915522 0.000333043 0.287623 0.00930134 0.119122 0.0013834 
4.7574e-05 3.00127e-09 0.0701949 1.53939e-08 0.0379475 0.0193739 0.000162819 3.78138e-06 0.408022 0.246409 0.187091 0.0307484 
0.000590857 1.93821e-09 0.0415855 3.59595e-05 9.40562e-07 0.0715244 0.00942097 8.56875e-08 4.95608e-05 0.876571 1.62271e-07 0.000220513 
1.0264e-07 5.0687e-10 0.915246 7.24308e-05 0.0174519 6.7985e-05 9.07348e-10 6.4328e-06 0.00327875 0.0582789 0.00559061 6.77615e-06 
0.00515921 2.32348e-05 0.0309278 0.0115361 0.829561 0.00377668 0.000997204 0.00223408 0.0741255 0.0152722 0.0256212 0.000765552 
8.34643e-08 1.54877e-08 0.0102812 1.12094e-05 0.0189552 0.857731 0.0333369 2.34733e-06 0.049669 0.00662476 0.0231802 0.000208403 
4.05988e-05 2.37072e-05 0.513746 4.02836e-05 0.00109435 0.0162235 0.00525164 0.000208979 0.00170908 0.229673 0.231918 7.09585e-05 
7.17335e-08 1.3311e-08 0.000107899 6.82736e-08 0.996943 0.000147289 2.38279e-08 2.24681e-08 0.000177321 0.00231396 0.00014476 0.000165464 
0.000192519 3.26032e-06 0.000879682 8.61282e-05 0.884671 0.00493258 0.00124032 8.79417e-05 0.0653256 0.00228406 0.0354842 0.00481281 
1.13526e-06 2.1066e-07 0.0148172 1.0805e-06 0.969581 0.0079218 3.77103e-07 3.55582e-07 0.000791807 0.00135001 0.00553437 1.00679e-06 
0.000164747 6.35195e-06 0.0625187 0.00504727 0.729937 0.0043205 8.88456e-05 2.47361e-05 0.0649828 0.0333907 0.0898747 0.0096439 
2.93771e-05 4.45151e-08 0.208424 3.35684e-05 0.0389406 0.0235679 0.25857 0.0224428 0.00011783 0.444641 0.00323246 1.53905e-07 
3.07587e-05 2.1572e-08 0.023111 4.92556e-05 0.00659004 0.0850476 3.57785e-06 3.88907e-05 0.0232075 0.852626 0.00929493 1.03097e-07 
0.0120886 0.00186131 0.104685 0.0617743 0.155634 0.241349 0.13797 0.110977 0.0291608 0.00624421 0.129595 0.00865991 
0.00398108 2.49655e-05 0.191308 0.00110406 0.0174746 0.104587 0.0200897 0.0111773 0.00823182 0.383134 0.257543 0.00134401 
1.77802e-09 3.29931e-10 0.0676627 0.00362355 0.705303 0.0752129 0.000851737 8.37138e-07 1.20533e-06 0.0174982 0.129846 1.57681e-09 
0.000511944 6.81752e-05 0.0394887 0.00931889 0.153115 0.140898 0.0501395 0.00074666 0.176075 0.155233 0.202333 0.0720719 
0.00614174 8.07718e-05 0.0332882 0.608937 0.106342 0.0314221 0.0261725 0.00550403 0.022768 0.0923868 0.066815 0.000141927 
0.00144006 6.10603e-09 0.630736 2.1928e-06 6.56241e-09 0.0534192 3.26654e-06 5.18509e-05 0.00177854 0.255095 0.0567205 0.000754066 
1.2081e-05 4.07853e-06 0.046095 3.28726e-05 0.00368132 0.000237882 1.38284e-05 0.000172618 0.000910034 0.886054 0.0625938 0.000192728 
0.00331713 0.000341159 0.284932 0.0168299 0.0945828 0.101922 0.0376377 0.00362468 0.109811 0.0508348 0.279547 0.0166201 
4.78124e-10 8.87213e-11 0.0954239 4.55062e-10 0.0512988 0.0490283 0.538842 7.47435e-07 1.44811e-05 0.0672558 0.198136 2.15394e-07 
1.75156e-09 3.25021e-10 0.186225 8.77604e-05 0.571547 0.0495314 2.51145e-06 0.000530551 0.00155004 0.115147 0.0751885 0.000189978 
0.0827388 0.00233666 0.0271402 0.0130469 0.121145 0.0586269 0.00617625 0.0162505 0.084937 0.52225 0.0610448 0.00430697 
0.00371391 2.81372e-07 0.000387488 0.220595 0.123485 0.0233149 0.00154195 0.337527 0.00125314 0.000430459 6.49455e-06 0.287744 
0.00392673 0.00177741 0.338795 0.00242505 0.00649825 0.0991171 0.0454841 0.00399689 0.0341379 0.374403 0.0870897 0.00234868 
0.00063117 0.000276818 0.248152 0.000676404 0.424497 0.0290215 0.0397301 0.0369074 0.0883184 0.0335013 0.0889397 0.0093477 
4.74258e-10 8.80039e-11 0.0327163 0.00235272 0.843727 0.0467629 0.00121534 0.000520076 0.0221945 1.62792e-06 0.0500569 0.000452699 
2.07346e-09 3.84755e-10 0.00207847 1.97346e-09 0.980612 9.55647e-06 6.8875e-10 6.49444e-10 7.55302e-07 2.27649e-05 0.0172765 1.83882e-09 
0.000309695 2.7845e-05 0.419942 3.76597e-05 0.0172656 0.00233263 0.0052323 3.58729e-05 0.0125835 0.470667 0.0702869 0.00127906 
9.03873e-10 1.67724e-10 2.32992e-05 1.54936e-06 0.330271 0.303991 3.00243e-10 2.83108e-10 0.117203 0.222564 0.025944 1.9246e-06 
0.00223961 0.00125805 0.540949 0.0353431 0.0580886 0.0531022 0.270394 0.00130262 0.0115598 0.0108875 0.0128714 0.00200489 
1.65344e-09 3.06814e-10 0.00795258 1.57369e-09 0.138732 0.234536 0.000771126 5.17884e-10 0.0121433 0.094277 0.511588 1.46633e-09 
1.77689e-10 3.29722e-11 0.344351 1.69118e-10 3.54366e-11 5.80545e-07 5.90235e-11 5.56551e-11 4.2761e-05 0.409524 0.246082 4.61284e-08 
0.000195047 1.63905e-05 0.00951451 0.000655473 0.913502 0.00211087 0.000802711 5.7168e-05 0.0126747 0.050435 0.0048064 0.00522947 
1.56783e-06 2.90929e-07 0.000328905 0.000116258 0.952428 0.00695443 0.00330682 0.000124969 8.08586e-05 0.0106099 0.0260346 1.35645e-05 
7.89543e-08 1.46509e-08 0.000197668 0.000458467 0.996399 0.00166753 0.000149517 5.93762e-05 4.46677e-05 0.000490123 0.000372779 0.000161114 
1.16639e-08 2.16437e-09 8.66791e-05 2.88746e-05 0.277108 4.02086e-06 3.87444e-09 3.65333e-09 0.565726 0.0458326 0.111187 2.69046e-05 
4.54796e-05 1.15529e-06 0.121665 0.0373575 0.00330386 0.00734681 0.00313817 0.0165109 0.00119662 0.806513 0.00289922 2.16495e-05 
4.32048e-08 8.01714e-09 2.27837e-07 4.11209e-08 8.40753e-06 5.06337e-06 1.43515e-08 1.35325e-08 2.43604e-06 0.999977 6.97254e-06 3.83155e-08 
0.000463714 4.60524e-07 0.0291237 3.36283e-05 0.461076 0.000480764 0.0574664 0.352597 0.0706146 0.0173526 0.0104081 0.000382341 
0.000321855 0.00028745 0.641019 0.0010393 0.0909143 0.0165504 0.11987 0.0101785 0.0511103 0.0184153 0.0403148 0.00997879 
7.30494e-05 1.60883e-10 0.0434984 0.000157482 0.307727 0.364436 1.65994e-06 0.000260853 0.0789345 0.020962 0.00438175 0.179568 
5.93679e-07 1.10164e-07 0.00286117 5.62713e-05 0.662895 0.224795 0.0046937 0.000714 0.000250706 0.00174592 0.101967 2.00975e-05 
2.73926e-08 5.083e-09 0.269666 2.60714e-08 0.000102162 0.505502 9.09908e-09 8.57981e-09 2.31384e-05 2.53834e-05 2.10445e-06 0.22468 
9.36049e-09 1.73695e-09 0.068788 8.90901e-09 0.00696761 0.00937612 0.0014361 2.93186e-09 0.0936398 0.0502055 0.769586 1.14517e-06 
2.54597e-06 1.88752e-07 0.00188733 0.0010323 0.0797255 0.199387 0.00286295 0.00353345 0.0256018 0.195393 0.486956 0.00361856 
0.00525043 0.000324901 0.365037 0.0016625 0.272026 0.0263837 0.196767 0.00217942 0.0249971 0.006679 0.0959127 0.00277989 
1.05281e-05 1.43188e-06 0.0168095 2.80852e-05 0.745307 0.134602 0.0069013 0.000249753 0.0465135 0.0460079 0.00219499 0.00137365 
0.00280925 9.27003e-05 0.0536029 0.663231 0.137077 0.0629114 0.00438167 0.000120958 0.0294052 0.0142656 0.0318986 0.000204013 
0.000820428 0.000338452 0.824808 0.00155003 0.00800942 0.0115186 0.0390822 0.00369189 0.0038743 0.0238886 0.081878 0.000540256 
0.00167198 0.000204556 0.146135 0.233148 0.442796 0.0282362 0.00386969 0.000207747 0.114776 0.00796239 0.0158649 0.0051268 
0.000464368 0.000277302 0.106046 0.0913837 0.0977522 0.257937 0.0263956 0.00258546 0.115749 0.0459007 0.254758 0.000750437 
0.000977894 0.000788533 0.0161509 0.458827 0.0381341 0.0230138 0.00569138 0.431637 0.00682068 0.00345228 0.00931547 0.00519122 
0.000899694 2.85077e-09 0.099756 0.000381724 0.000688657 0.0737472 0.00240227 9.68389e-08 0.00648063 0.808437 0.00676935 0.000437633 
3.85364e-08 7.15086e-09 0.0174269 9.0389e-06 0.837595 0.0255356 2.5297e-05 0.00112884 0.107955 0.0102315 6.78729e-05 2.43993e-05 
3.37661e-10 6.26569e-11 0.0556558 3.21375e-10 0.725361 0.00415467 1.12162e-10 0.00172008 0.00520443 0.00273961 0.205154 9.4629e-06 
1.37986e-07 1.2796e-11 0.0541025 3.28228e-07 0.132666 2.79401e-06 0.0738214 1.55534e-07 0.0606459 0.356689 0.321678 0.000394203 
1.34713e-10 2.49975e-11 0.272652 1.28215e-10 0.0137759 0.463547 4.47481e-11 4.21944e-11 0.00329074 0.0475179 0.199216 1.19468e-10 
3.81654e-06 3.59977e-07 0.0213919 0.000124493 0.204156 0.250799 0.00146926 4.98265e-06 0.0247974 0.466157 0.0309905 0.000104484 
0.0108854 0.00200653 0.0861868 0.0765354 0.172202 0.216932 0.152667 0.113634 0.0343752 0.00622969 0.116975 0.0113697 
0.000591205 0.000464899 0.199433 0.000861256 0.098278 0.0303946 0.18467 0.00887009 0.231819 0.149372 0.0367479 0.0584981 
6.24141e-06 5.58259e-06 0.00851109 3.47697e-05 0.895654 2.91915e-05 4.19861e-05 2.58175e-05 0.000184287 0.0600375 0.022609 0.0128602 
0.00134763 1.7763e-07 0.00839499 0.000867346 0.165652 0.101282 0.0122621 0.0139967 0.0186834 0.11103 0.563248 0.00323588 
0.000829885 2.05597e-06 0.0258555 0.000895045 0.805156 0.000414378 0.0134046 0.0487251 0.0920581 0.00690068 0.00564455 0.000114241 
3.83485e-06 2.49268e-06 0.0129195 5.20611e-05 0.631967 0.00589839 0.000479062 1.48144e-05 0.00185088 0.32532 0.0211523 0.000339916 
9.30513e-05 1.45397e-08 0.00320395 0.00137634 0.78279 0.119479 0.00288506 1.54987e-05 0.0689299 0.00308109 0.0179882 0.000157406 
6.02349e-09 1.11773e-09 7.94146e-06 5.73296e-09 0.810567 8.71397e-06 2.00084e-09 2.26534e-06 1.12044e-06 0.189387 2.48713e-05 3.59413e-07 
0.00445035 0.00014179 0.484171 0.0089135 0.355417 0.0861332 0.000438365 0.000727723 0.027041 0.0204931 0.00981239 0.00226079 
0.00186749 2.61778e-05 0.00853645 8.15414e-05 0.154919 0.0114463 0.00221861 0.00354102 0.0915855 0.000928834 0.72478 6.93068e-05 
0.000660501 5.95023e-05 0.329579 0.169646 0.153226 0.0550721 0.094252 0.0622113 0.0043947 0.0732604 0.0567638 0.000875176 
4.04673e-05 3.27947e-05 0.197027 4.28679e-05 0.00265531 0.0292864 0.229291 5.56802e-05 0.00974533 0.155796 0.375958 6.90135e-05 
0.405784 1.0896e-07 0.0574677 2.32886e-07 0.356644 0.0345639 4.83166e-07 2.60544e-07 0.0590904 0.0287326 0.0570241 0.000692658 
7.40231e-05 1.07473e-07 0.0887743 0.000135048 0.0569249 0.230887 0.00146923 5.17241e-05 0.0161537 0.564517 0.0409142 9.90186e-05 
0.00263773 8.47116e-05 0.307613 0.000334962 0.0388606 0.0245731 0.00542948 0.0150747 0.182725 0.0239093 0.398188 0.00056986 
1.96407e-05 1.074e-05 0.0037289 0.000497172 0.770248 0.0691527 0.000123852 0.000868572 0.0068464 0.0286753 0.119717 0.00011175 
2.65278e-07 4.92254e-08 0.0012028 0.000181708 0.93547 0.0070313 0.00134107 0.000764487 0.0013366 0.00036753 0.0523043 2.35258e-07 
0.00034667 2.33791e-08 0.00178458 9.23678e-05 0.813242 0.179306 0.000393964 0.000681576 0.000110778 0.00171018 0.00195258 0.000379373 
0.0120886 0.00186131 0.104685 0.0617743 0.155634 0.241349 0.13797 0.110977 0.0291608 0.00624421 0.129595 0.00865991 
4.68205e-11 8.68808e-12 0.000785527 1.26027e-07 0.229967 0.00170323 0.000477133 5.49227e-05 0.000867922 0.00140468 0.763714 0.00102544 
0.00345317 0.000197328 0.212056 0.000487891 0.0979841 0.0435034 0.310172 0.0115835 0.157477 0.0233997 0.138825 0.000860708 
1.09901e-08 2.03933e-09 0.00146264 1.22884e-06 0.892177 0.00370816 3.58675e-05 1.54999e-06 0.100238 1.87405e-05 0.00235616 9.74638e-09 
5.16697e-10 9.58791e-11 0.231306 4.91776e-10 0.0306887 0.0765266 2.15646e-07 3.34091e-08 0.00232399 0.593686 0.0626512 0.00281707 
6.93816e-10 1.28745e-10 0.00908693 0.00275053 0.918395 0.0587904 0.000365295 1.4653e-05 0.00650358 1.33576e-05 0.00394721 0.000133489 
1.12211e-08 2.08221e-09 0.00588935 0.000576631 0.83331 0.0161295 1.40696e-06 2.37903e-05 0.0574427 0.0521596 0.0340181 0.00044875 
1.28011e-07 2.37539e-08 0.0552865 0.0451134 0.630863 0.0671087 0.000106861 0.00037126 0.0760431 0.0939861 0.0310011 0.000119542 
3.81065e-09 7.0711e-10 0.0204732 3.62685e-09 0.186466 0.0404125 1.2658e-09 1.19356e-09 0.031789 0.251068 0.469791 3.37942e-09 
4.37087e-05 7.69927e-06 0.0621964 0.000156722 0.0570865 0.00898191 0.719561 0.00982357 0.0123654 0.102072 0.0276944 1.06277e-05 
2.50202e-09 4.64279e-10 1.02748e-05 2.38135e-09 7.08602e-06 0.98787 0.000255233 4.78121e-06 0.00590134 0.0055398 0.000302132 0.000109837 
0.00223961 0.00125805 0.540949 0.0353431 0.0580886 0.0531022 0.270394 0.00130262 0.0115598 0.0108875 0.0128714 0.00200489 
0.00583078 0.000756369 0.492195 0.237659 0.00424717 0.166746 0.0458399 0.0052448 0.032015 0.00234056 0.00608252 0.00104303 
0.00771904 6.05588e-08 0.0594142 0.101595 0.255857 0.003505 0.0333703 0.000194731 0.0150675 0.487893 0.0353837 2.89422e-07 
2.69149e-07 4.99437e-08 0.000452785 2.56167e-07 0.000821305 8.89184e-05 0.00045605 0.000345723 0.0016226 0.00191185 0.9943 2.38691e-07 
0.000101818 8.59189e-05 0.11889 0.000190411 0.00898508 0.288866 0.0070109 0.0072332 0.0473915 0.142913 0.371545 0.0067878 
0.00986487 6.1745e-06 0.0288484 0.0572932 0.735161 0.0312973 0.0298297 0.00310115 0.0998471 0.0016935 0.00304809 1.00785e-05 
2.88967e-06 2.95505e-09 0.0214157 1.51568e-08 3.17592e-09 0.0127657 1.69049e-05 4.98795e-09 0.00139851 0.0141954 0.950205 1.41228e-08 
8.86717e-05 9.46528e-08 0.206355 3.59158e-07 8.40681e-07 0.261168 2.60402e-07 1.63269e-07 0.0529263 0.0247827 0.454609 6.79955e-05 
4.86418e-09 9.02604e-10 2.31082e-06 1.85646e-06 0.278451 0.130781 1.61575e-09 4.72451e-06 4.68887e-05 2.17829e-05 0.59069 4.31372e-09 
0.0010473 0.000635314 0.34207 0.016351 0.13312 0.0282605 0.272847 0.139928 0.0128624 0.0163153 0.0355369 0.00102591 
0.00149223 0.000313623 0.14481 0.00240752 0.0180736 0.63777 0.00545081 0.00320914 0.00429435 0.0060209 0.175786 0.000371559 
0.000138671 1.70232e-05 0.339382 2.77722e-05 0.493466 0.00504762 0.00531549 0.0756223 0.00330184 0.0509991 0.0264939 0.000188367 
0.000102342 6.68109e-05 0.383989 0.000166543 0.0125502 0.0169351 0.000393303 0.00013359 0.0338821 0.000303123 0.542858 0.00862009 
0.0033228 0.00118057 0.198963 0.00252764 0.435607 0.115666 0.0358173 0.00395081 0.095557 0.0568637 0.00425307 0.0462912 
0.000435097 0.000109866 0.0486617 0.0178619 0.699233 0.0452078 0.0904491 0.0204724 0.0574361 0.00476368 0.0151075 0.000261784 
3.86961e-06 4.40483e-09 0.477325 2.25929e-08 2.19991e-05 0.00678135 0.0952882 1.26202e-05 0.0284814 0.0989029 0.293182 2.10516e-08 
0.00510689 1.14463e-05 0.597717 3.67967e-05 0.14459 0.0449505 0.000480281 0.000373303 0.0167119 0.0975281 0.0846424 0.00785122 
0.00536051 0.000426787 0.179058 0.00124832 0.34395 0.00487004 0.0570822 0.288566 0.0604819 0.0144935 0.0428799 0.00158267 
1.79231e-09 3.32583e-10 0.0766447 1.74303e-06 0.566809 0.0255628 2.84934e-06 6.71128e-07 0.212574 0.118273 3.64059e-05 9.48674e-05 
4.12579e-06 3.05703e-07 0.0121674 0.00134372 0.012749 0.0646463 0.00427991 0.000142241 0.542507 4.47297e-06 0.362153 2.39014e-06 
7.22282e-07 1.93215e-08 0.142451 5.69378e-06 0.000332158 0.0161058 0.0274734 7.15285e-05 0.00718694 0.0105496 0.0164292 0.779394 
2.57553e-06 4.26461e-07 0.571185 0.000773285 0.077197 0.0515895 1.2747e-05 0.000108169 0.0143663 0.0573536 0.221234 0.00617759 
0.000138671 1.70232e-05 0.339382 2.77722e-05 0.493466 0.00504762 0.00531549 0.0756223 0.00330184 0.0509991 0.0264939 0.000188367 
0.00465967 1.56234e-06 0.107294 0.0443704 0.537131 0.0123133 0.093942 0.0181629 0.165059 0.00388902 0.0130923 8.50361e-05 
0.0010597 6.68563e-05 0.580825 0.00217092 0.0107972 0.0391493 0.00450034 0.0194181 0.00130743 0.133821 0.206247 0.000636628 
2.24251e-06 7.56449e-11 0.444375 3.68631e-06 0.0332859 0.0245208 3.76445e-05 4.03495e-06 0.00621745 0.311043 0.180511 3.61522e-10 
1.26546e-05 5.90164e-07 0.0105037 2.11249e-06 0.809119 0.00287245 0.000687565 5.55133e-05 0.0880848 0.015149 0.0735105 1.7725e-06 
0.00016387 1.38285e-05 0.956997 3.68627e-05 0.000482773 0.0125693 0.00295576 1.44353e-05 0.000805428 0.0147234 0.0095233 0.00171409 
1.13984e-05 1.06095e-05 0.0405351 0.000255344 0.539431 0.288036 0.000580287 0.000678541 0.000629062 0.0134187 0.115933 0.000480427 
0.000502595 2.55847e-07 3.53077e-06 1.31227e-06 0.686606 0.0603019 4.57992e-07 0.000276835 0.252221 6.67148e-05 1.77574e-05 1.22274e-06 
0.0379397 0.000637229 0.552493 0.000761278 0.159306 0.0922078 0.0476569 0.0351888 0.0190528 0.0167542 0.0371419 0.000860528 
9.38531e-09 1.74155e-09 0.00135571 0.00173095 0.953688 0.0137924 1.79973e-06 6.94399e-07 0.0292307 0.000197392 1.85874e-06 8.32321e-09 
5.14975e-05 2.4745e-06 0.000149312 1.2692e-05 0.999248 5.2271e-05 4.42959e-06 4.1768e-06 7.03143e-05 0.000178846 0.000213885 1.18261e-05 
4.22281e-07 7.8359e-08 1.59354e-05 1.96132e-05 0.993163 0.00292656 1.22661e-05 4.57128e-06 0.0016293 0.0020621 0.000135884 3.04628e-05 
5.21611e-08 4.99993e-08 0.0022864 0.635133 0.327877 0.0118836 2.62153e-05 8.15128e-05 8.00997e-05 0.0213648 0.00104513 0.000222174 
0.000143481 1.71543e-08 0.00861047 8.79864e-08 0.47484 4.21188e-05 0.000419173 2.89554e-08 0.00604842 0.0984617 0.129338 0.282097 
0.00183993 7.04658e-05 0.0105966 0.000145251 0.778754 0.00291848 0.0125504 0.00090154 0.123741 0.0184148 0.0466784 0.00338953 
0.000468436 5.71415e-05 0.422301 0.000100018 0.0527852 0.0238537 0.000209567 6.05953e-05 0.0598356 0.367256 0.0729369 0.000136192 
8.69653e-05 1.70456e-06 0.542431 0.296323 0.0611045 0.0303126 0.0156281 5.38052e-06 0.0101114 0.0437484 2.6676e-06 0.000244783 
9.48664e-10 1.76035e-10 0.0128755 4.24457e-06 0.966703 8.70365e-06 7.21656e-06 2.97137e-10 1.632e-06 0.0203956 4.03169e-06 8.41307e-10 
5.52176e-05 1.3849e-06 0.013637 5.44261e-06 0.0253993 0.0136131 0.000876055 6.90352e-05 0.0225695 0.83029 0.0929073 0.000577193 
0.00255451 1.79466e-07 0.00319035 1.29227e-05 0.00200499 0.0686904 0.105772 0.00190639 0.575403 0.0337663 0.202404 0.00429386 
9.68502e-05 2.4513e-05 0.0828641 0.000181176 0.00136348 0.0173624 0.496683 7.60826e-05 0.258411 0.0528406 0.0629351 0.0271615 
5.52555e-05 9.36057e-09 6.80808e-06 8.44191e-06 0.709012 0.0222975 1.67564e-08 6.9067e-06 0.105962 0.141092 0.0215004 5.82157e-05 
0.00219734 0.000268502 0.0522634 0.000370474 0.648815 0.0502695 0.108056 0.0331924 0.0290988 0.0302983 0.0433422 0.00182775 
0.0018792 3.23194e-06 0.343497 0.20307 0.0522479 0.05254 0.194626 0.081466 0.000291947 0.0621859 0.00813878 5.36324e-05 
0.000382114 5.16586e-05 0.0373094 9.34869e-05 0.0351755 0.7793 0.0216703 0.00357509 0.000558101 0.00797638 0.113521 0.000386514 
0.00913207 1.49932e-07 0.0264042 0.328426 0.44666 0.0901964 0.0126064 0.000907211 0.00932254 0.0139766 0.0623673 1.36568e-06 
7.62212e-05 3.69321e-05 0.765507 0.0274047 0.0525134 0.0446624 0.0147036 0.0159098 0.00973825 0.0646065 0.00424505 0.000596451 
5.8208e-05 4.68606e-13 0.0155931 2.40354e-12 0.00579854 0.935526 4.97483e-05 1.33029e-05 7.67235e-05 0.00917634 0.0336849 2.29474e-05 
0.00976048 6.76475e-07 0.0807233 0.0180459 0.535377 0.0213175 0.00074356 7.16671e-05 0.076288 0.195654 0.0618818 0.000136184 
4.76004e-05 3.94537e-07 0.483284 9.60504e-05 0.0179582 2.55665e-06 0.0469225 6.35673e-06 6.33777e-07 0.00468964 0.010235 0.436757 
0.0119526 0.00165709 0.0494307 0.0259523 0.0191988 0.668073 0.00368502 0.00292785 0.0420724 0.110182 0.0630881 0.00178005 
1.96899e-10 3.65368e-11 0.0440695 1.87402e-10 0.00756698 0.00228691 1.01273e-06 8.62865e-06 0.0679626 0.00122724 0.0348836 0.841994 
0.00458864 0.00072971 0.355027 0.0153333 0.256115 0.0528242 0.148364 0.111901 0.00776845 0.0142442 0.0321133 0.000992259 
2.58162e-06 4.7905e-07 8.41813e-05 2.4571e-06 0.20507 0.0530324 8.57546e-07 8.08607e-07 0.327312 0.0825168 0.331975 2.28947e-06 
5.85797e-07 2.33666e-10 0.00428531 1.1985e-09 0.620098 0.309327 3.11896e-07 0.000295904 0.00117874 0.0166391 0.0458229 0.00235179 
3.84249e-05 6.49011e-11 0.0202154 0.0699288 0.897307 0.00366285 3.17781e-08 0.00658439 0.000567678 6.52397e-07 0.00169378 5.08629e-07 
4.57548e-06 1.62045e-06 0.134835 0.000161757 0.712601 0.0330627 4.63717e-06 2.34846e-06 0.0408564 0.0656714 0.00843531 0.00436318 
0.0257169 0.00036322 0.161644 0.0199757 0.0493819 0.358864 0.0807639 0.228015 0.00111211 0.0181408 0.0556459 0.000376946 
9.48664e-10 1.76035e-10 0.0128755 4.24457e-06 0.966703 8.70365e-06 7.21656e-06 2.97137e-10 1.632e-06 0.0203956 4.03169e-06 8.41307e-10 
4.2014e-05 7.71983e-07 0.0780347 3.9596e-06 0.00116907 0.000590866 1.38193e-06 2.92335e-05 0.0541189 0.860756 0.00457737 0.000676148 
0.000137441 6.6998e-06 0.0258739 1.07652e-05 0.223086 0.395305 0.00013715 0.000435132 0.026728 0.225258 0.0982586 0.00476281 
7.61308e-05 1.34922e-05 0.0290275 6.65253e-05 0.603131 0.0397233 0.135351 0.000187232 0.0264199 0.0659554 0.0732825 0.0267666 
6.04438e-05 2.42035e-05 0.37846 0.000188797 0.359804 0.0502973 0.0272535 0.00410707 0.0281935 0.0413161 0.110266 2.97818e-05 
1.38227e-06 2.56495e-07 0.00603204 1.3156e-06 0.0468636 0.0094866 4.59152e-07 4.32949e-07 0.916299 0.0174173 0.00389611 1.22584e-06 
0.00989221 0.00152336 0.0856534 0.0736434 0.172458 0.219403 0.153152 0.113286 0.0355497 0.00611778 0.119048 0.0102727 
0.0859895 2.57949e-06 0.0226734 2.25406e-05 0.434728 0.0355817 0.00350337 0.0418168 0.116389 0.00587813 0.251465 0.00195038 
0.00204652 0.000372161 0.0732424 0.100487 0.477189 0.191378 0.0178659 0.000849955 0.0603437 0.0100516 0.0644287 0.00174491 
0.189885 4.56776e-05 0.0865828 0.000429553 0.471704 0.00558195 0.0182632 0.000173502 0.107444 0.0112786 0.106327 0.00228469 
0.000164154 9.23678e-06 0.0389807 0.31991 0.557271 0.0304258 0.000361114 0.00141062 0.0147502 0.00283677 0.0337134 0.000166886 
0.000138671 1.70232e-05 0.339382 2.77722e-05 0.493466 0.00504762 0.00531549 0.0756223 0.00330184 0.0509991 0.0264939 0.000188367 
