1.29259e-07 0.495105 0.00284048 5.0368e-07 0.000804679 0.000475548 0.00153276 5.7878e-05 0.470767 2.85979e-05 0.0283188 6.83166e-05 
1.73556e-10 0.79641 0.0152536 1.61685e-08 0.000633856 0.023746 0.00102703 1.3224e-05 0.0507217 0.00978181 0.101837 0.000576195 
3.80987e-11 0.732524 3.76994e-12 3.62611e-11 5.92725e-08 5.52477e-10 7.46792e-08 1.19331e-11 0.267475 5.88307e-12 2.0894e-08 3.37872e-11 
1.70898e-07 0.485354 0.00985763 0.0109503 0.00320873 0.024436 0.0125779 4.57661e-05 0.408958 0.00264475 0.0419396 2.76067e-05 
1.44358e-12 0.569744 0.00789301 1.37395e-12 7.18586e-08 0.266792 2.35012e-09 4.52154e-13 0.0186537 0.0829897 0.0535861 0.000341746 
1.73556e-10 0.79641 0.0152536 1.61685e-08 0.000633856 0.023746 0.00102703 1.3224e-05 0.0507217 0.00978181 0.101837 0.000576195 
2.61683e-07 0.616731 0.00374984 1.68726e-09 0.0013599 0.0165778 0.000422737 0.000141451 0.324157 0.0120363 0.0247528 7.14645e-05 
2.60207e-06 0.389408 0.01489 6.12227e-09 0.301475 0.0840329 0.00655771 0.000444167 0.112636 0.00192086 0.088271 0.000361025 
7.11919e-06 0.437854 0.000638314 0.000324267 0.0176933 0.00925441 0.0498154 8.75603e-06 0.399008 0.00378063 0.081605 1.04767e-05 
1.76099e-10 0.953362 0.000828995 1.66398e-06 0.000713238 0.000410893 0.000926563 1.40427e-08 0.0348998 5.13598e-05 0.0087801 2.5363e-05 
1.3625e-10 0.859291 0.0101691 1.08269e-08 0.000422575 0.0158307 0.000696881 8.817e-06 0.0387847 0.00652122 0.0678913 0.00038414 
1.42104e-07 0.842711 0.0172164 8.58418e-07 0.0048233 0.000713697 0.00337725 4.28484e-05 0.0761133 0.000424391 0.0524388 0.00213758 
7.04112e-05 0.599758 0.0207995 1.60435e-05 0.0376844 0.0525579 0.0177541 0.0014814 0.144412 0.00299885 0.120956 0.00151228 
0.000357205 0.552804 0.0195228 7.78628e-06 0.0113771 0.0132419 0.00276199 6.96829e-05 0.347059 0.0124946 0.0402795 2.4146e-05 
1.29259e-07 0.495105 0.00284048 5.0368e-07 0.000804679 0.000475548 0.00153276 5.7878e-05 0.470767 2.85979e-05 0.0283188 6.83166e-05 
1.71256e-06 0.807409 0.016866 6.53385e-07 0.0018009 0.012071 0.00316553 6.63829e-05 0.10611 0.00527187 0.0465869 0.000650567 
1.40929e-05 0.46214 0.00160728 0.0136721 0.102348 0.00234628 0.0127215 9.78468e-05 0.398001 0.000381425 0.00667072 3.462e-07 
0.000240194 0.572766 0.0382821 6.94741e-06 0.0254313 0.0183087 0.00855982 0.000130031 0.215214 0.0171736 0.102898 0.000989683 
4.07149e-06 0.477159 0.0154976 1.97797e-07 7.05386e-05 0.115264 0.000538129 1.29331e-05 0.144993 0.130241 0.109752 0.00646792 
4.38838e-06 0.850492 0.00977508 5.01761e-07 0.00405313 0.00154986 0.0087394 0.000124931 0.0889966 0.0014913 0.0334595 0.0013133 
2.06358e-12 0.953797 0.00169094 1.96405e-12 0.0011058 0.00153395 7.99885e-06 6.46349e-13 0.0353396 0.00100872 0.0054702 4.61298e-05 
1.98767e-07 0.782898 0.0239865 1.20163e-06 0.00673182 0.000999174 0.00463027 5.99871e-05 0.103807 0.000594146 0.0733009 0.00299013 
3.72742e-05 0.46046 0.00520094 1.14472e-05 0.0139933 0.00700333 0.002834 0.000118739 0.427958 0.00245606 0.0798153 0.000111099 
1.27893e-05 0.761123 0.0152283 1.46042e-06 0.00611112 0.000895757 0.0244874 0.000364355 0.131219 0.00126414 0.0562709 0.00302134 
1.89906e-05 0.945037 0.0104644 8.50585e-07 0.000109174 0.0113542 0.00127995 2.73227e-06 0.00407185 0.0115682 0.0160457 4.70308e-05 
1.3625e-10 0.859291 0.0101691 1.08269e-08 0.000422575 0.0158307 0.000696881 8.817e-06 0.0387847 0.00652122 0.0678913 0.00038414 
4.21609e-12 0.590359 0.000837792 1.25453e-06 0.000720263 3.56945e-07 0.00354802 3.96992e-05 0.383633 7.14697e-05 0.0206183 0.000170726 
2.87373e-10 0.863074 0.000584616 3.70994e-07 0.000335551 0.0122944 0.0069756 3.81206e-05 0.0779982 0.000103004 0.0384667 0.000129257 
4.51512e-06 0.68412 0.0094402 0.00968646 0.0204924 0.00142559 0.0168827 0.000510948 0.230475 0.00087051 0.0251525 0.000939248 
1.70898e-07 0.485354 0.00985763 0.0109503 0.00320873 0.024436 0.0125779 4.57661e-05 0.408958 0.00264475 0.0419396 2.76067e-05 
1.37091e-07 0.509439 0.00803786 0.00876042 0.00278081 0.0214151 0.0113447 0.000941959 0.399051 0.00230167 0.0358972 3.01222e-05 
1.12621e-06 0.527814 0.0633577 0.000206862 0.185108 0.016187 0.000629911 0.000137578 0.0462788 0.034796 0.120361 0.00512206 
0.000215208 0.638373 0.0491557 0.00045247 0.0293128 0.0302439 0.0392648 0.00235334 0.11286 0.00572353 0.0664878 0.0255571 
2.76739e-08 0.762039 0.00399232 5.0057e-07 0.00718996 0.00140944 0.000982846 5.65696e-06 0.204528 4.31221e-05 0.0193278 0.00048093 
2.69396e-06 0.858715 0.00591982 6.01897e-06 0.00431545 0.00403585 0.00250063 4.76052e-05 0.094135 0.00198336 0.0245753 0.00376305 
0.000826413 0.566719 0.0924186 3.80326e-09 0.0171792 0.00546512 0.00053104 0.000159263 0.29885 3.78009e-08 0.0178512 1.9141e-07 
0.000625323 0.662736 0.04302 0.00122455 0.0595221 0.00968292 0.00326597 0.000296697 0.0629528 0.029417 0.122225 0.00503105 
0.0431438 0.490495 0.00745455 6.96809e-05 0.00889994 0.0117713 0.000458982 9.77482e-07 0.329204 0.00431452 0.102392 0.00179504 
1.44342e-12 0.87652 3.61158e-07 2.738e-10 8.03304e-05 0.00483631 0.000562014 1.83219e-05 0.115824 0.000567148 0.00103816 0.000553241 
7.18329e-06 0.92167 0.0305796 2.10724e-06 0.0010892 0.00813946 0.00147098 4.31351e-05 0.0130167 0.00660085 0.017323 5.76176e-05 
2.62869e-08 0.66417 0.0921087 6.13234e-07 0.0035151 0.0137681 0.00145282 0.00391443 0.160242 0.000990967 0.0596956 0.000142379 
3.37494e-07 0.424735 0.0537379 9.49409e-07 0.010358 0.0577713 0.00903157 0.00284308 0.263803 0.00216289 0.175502 5.39462e-05 
3.15076e-07 0.25764 0.00444398 0.000242541 0.125981 0.00480588 0.00133208 0.149203 0.226521 0.0010527 0.120331 0.108447 
0.320196 0.321873 0.0130508 1.15722e-08 0.0276417 0.0428654 0.00145662 9.1745e-05 0.167288 0.0033489 0.0978342 0.00435357 
0.000574868 0.304883 0.114392 0.00129026 0.153378 0.0337837 0.00419466 0.00301273 0.0548828 0.0278813 0.299911 0.00181561 
0.000636208 0.850808 0.0209793 6.79781e-07 0.0020225 0.00154944 7.75414e-05 1.1891e-05 0.0928177 0.000880173 0.0302054 1.07953e-05 
0.000154946 0.785095 0.0391654 0.00069132 0.0257946 0.00541732 0.00462302 0.000227717 0.0582849 0.0543 0.0257891 0.000456788 
5.97288e-06 0.858647 0.000358341 1.13961e-06 0.000632085 0.00441802 3.32295e-06 1.78578e-06 0.101035 0.0266706 0.00822535 1.55599e-06 
2.36489e-07 0.647507 0.00988695 6.51571e-05 0.00221177 0.0630936 0.00155649 2.40625e-05 0.228873 0.00187719 0.0447922 0.000111776 
0.0197276 0.44059 0.0112473 3.7724e-07 0.00136746 0.0498393 0.00423675 0.000147935 0.428399 0.0243774 0.0200649 2.02066e-06 
1.68167e-05 0.516092 0.0113367 1.94409e-07 0.000440159 0.0415032 0.00802899 1.95666e-05 0.346616 0.00104879 0.0742026 0.000694899 
0.00209041 0.325003 0.0336399 0.00110412 0.0107651 0.115299 0.0511431 0.00264504 0.130916 0.115939 0.20938 0.00207621 
1.70622e-12 0.520464 0.000555119 1.62392e-12 0.00943118 8.69679e-09 0.00867416 3.76769e-08 0.460875 3.58343e-09 1.29023e-08 7.56717e-09 
3.45374e-12 0.94189 0.00690238 4.01277e-10 0.00128229 0.000197167 0.0106685 8.08134e-05 0.0363851 6.69239e-05 0.00252708 2.53246e-08 
4.72327e-05 0.378769 0.0467447 5.93769e-06 0.0174532 0.280298 0.0141379 0.000233163 0.0863375 0.0344999 0.116284 0.0251892 
4.02315e-07 0.567939 0.119288 1.85054e-06 0.0289616 0.0194803 0.000181664 0.00026175 0.132877 0.00252591 0.127776 0.000706908 
4.51434e-06 0.500368 0.034218 0.00313118 0.0268642 0.0268293 0.00176503 0.000109566 0.316392 0.01321 0.0759598 0.00114883 
0.00379312 0.596109 0.0983758 6.13739e-05 0.011062 0.0342422 0.0135823 0.00382023 0.0674861 0.00371995 0.157584 0.0101637 
0.0010743 0.496994 0.0188168 3.39869e-06 0.00116238 0.276698 0.0505865 0.00347411 0.0125509 0.0045798 0.134016 4.42149e-05 
2.51272e-10 0.932216 0.00121917 2.49573e-06 0.00106213 0.000616338 0.00123884 2.00491e-08 0.0504112 7.70392e-05 0.0131185 3.77587e-05 
1.05992e-08 0.469453 0.000470524 1.91656e-09 0.000972643 0.0315131 0.00962418 6.92646e-05 0.463825 0.000653733 0.0233747 4.40368e-05 
1.32597e-05 0.453037 0.00683352 3.6351e-05 0.0147252 0.00915035 0.0214524 0.000219698 0.414215 0.00542539 0.0739335 0.000958304 
4.18961e-05 0.711121 0.189261 3.74899e-06 0.00211318 0.0143706 0.00159603 0.000125392 0.00345045 0.0226972 0.0551241 9.53633e-05 
2.27844e-07 0.797792 0.006246 3.96322e-06 0.00482431 0.0608563 0.00420585 0.000522543 0.0959655 0.0032342 0.0262074 0.00014216 
0.000560818 0.392261 0.0768956 7.69871e-05 0.104419 0.00859461 0.00250913 0.000171984 0.334959 0.0116423 0.0675363 0.000373849 
1.32748e-07 0.37575 0.0292915 8.58208e-06 0.0992637 0.0181005 0.0488309 0.000304321 0.371456 0.0161278 0.0399566 0.000909798 
1.05992e-08 0.469453 0.000470524 1.91656e-09 0.000972643 0.0315131 0.00962418 6.92646e-05 0.463825 0.000653733 0.0233747 4.40368e-05 
0.000104804 0.769969 0.0166251 0.000238776 0.060145 0.0067356 0.0016133 0.000603454 0.0456964 0.001624 0.0965011 0.000143278 
1.96863e-06 0.800127 0.0101542 2.32249e-07 0.00463831 0.00288363 0.00123596 1.60639e-05 0.140673 0.00529775 0.0338282 0.00114396 
2.22658e-08 0.73237 0.000920835 8.69285e-07 0.000502418 0.0351316 0.00420708 7.26469e-06 0.121921 0.000326019 0.104387 0.000224717 
3.45374e-12 0.94189 0.00690238 4.01277e-10 0.00128229 0.000197167 0.0106685 8.08134e-05 0.0363851 6.69239e-05 0.00252708 2.53246e-08 
1.21932e-09 0.803338 0.000506324 6.53747e-09 0.00107172 0.000395445 3.97769e-05 8.54454e-07 0.185593 0.00245009 0.00635546 0.000248964 
5.41938e-06 0.718141 0.0215212 7.36524e-05 0.014121 0.0306451 0.0116739 0.00754983 0.103331 0.0100724 0.0817886 0.00107674 
1.73556e-10 0.79641 0.0152536 1.61685e-08 0.000633856 0.023746 0.00102703 1.3224e-05 0.0507217 0.00978181 0.101837 0.000576195 
4.55459e-10 0.654705 0.00122947 1.12284e-06 0.00063977 0.0446514 0.0048107 9.34266e-06 0.154308 0.000242061 0.139172 0.000231403 
6.9007e-08 0.896936 0.00445333 3.09128e-07 0.00184163 0.00376964 0.00653957 6.08283e-05 0.0432339 0.000367227 0.0417873 0.00100971 
1.76099e-10 0.953362 0.000828995 1.66398e-06 0.000713238 0.000410893 0.000926563 1.40427e-08 0.0348998 5.13598e-05 0.0087801 2.5363e-05 
1.19757e-06 0.566201 0.00102668 5.3743e-09 0.0100825 0.00263014 0.000788969 1.23943e-06 0.385183 0.00436329 0.0295892 0.000133417 
2.06358e-12 0.953797 0.00169094 1.96405e-12 0.0011058 0.00153395 7.99885e-06 6.46349e-13 0.0353396 0.00100872 0.0054702 4.61298e-05 
0.000191621 0.743 0.0159314 2.85154e-05 0.00469578 0.00672831 0.01147 0.000397751 0.169608 0.00686744 0.040313 0.000767919 
5.05302e-12 0.969988 0.00016499 8.28757e-10 9.48422e-05 0.000120383 4.38809e-05 7.59308e-10 0.0293783 0.000209905 1.90166e-08 7.65335e-09 
1.3625e-10 0.859291 0.0101691 1.08269e-08 0.000422575 0.0158307 0.000696881 8.817e-06 0.0387847 0.00652122 0.0678913 0.00038414 
8.87474e-06 0.725733 0.0195792 1.61261e-06 0.00743312 0.00115168 0.0313245 0.000468454 0.136675 0.00162532 0.0721149 0.00388457 
1.66669e-07 0.753796 0.00392685 1.95658e-06 0.000871915 0.00919973 0.00270468 0.00176433 0.209302 0.000267967 0.0180751 8.9393e-05 
3.64176e-10 0.743443 0.000878193 8.02229e-07 0.000456982 0.0318939 0.00345987 6.67385e-06 0.120114 0.000172903 0.0994088 0.000165293 
3.02411e-12 0.876637 0.000417764 3.69961e-09 2.45437e-05 3.38516e-06 4.89593e-05 3.7714e-08 0.00243164 2.1746e-09 1.84635e-08 0.120437 
0.000154946 0.785095 0.0391654 0.00069132 0.0257946 0.00541732 0.00462302 0.000227717 0.0582849 0.0543 0.0257891 0.000456788 
4.18961e-05 0.711121 0.189261 3.74899e-06 0.00211318 0.0143706 0.00159603 0.000125392 0.00345045 0.0226972 0.0551241 9.53633e-05 
4.46695e-06 0.900452 0.0408078 1.46904e-06 0.0015516 0.00201735 0.000718877 3.23076e-05 0.0189039 0.00858945 0.0266444 0.000276872 
3.06526e-08 0.321414 0.0337915 5.68769e-08 0.0588286 0.0653272 0.00205682 0.000102552 0.298813 0.0107762 0.189114 0.0197754 
4.13834e-09 0.976768 9.30025e-05 1.29188e-07 0.000418334 0.000146294 0.000949382 2.18681e-09 0.0208508 0.000340877 0.000433267 1.91839e-08 
1.70898e-07 0.485354 0.00985763 0.0109503 0.00320873 0.024436 0.0125779 4.57661e-05 0.408958 0.00264475 0.0419396 2.76067e-05 
0.0107223 0.316625 0.116432 0.000391536 0.00603555 0.0322166 0.0829502 6.76112e-05 0.296129 0.0406447 0.0879212 0.00986489 
0.0221706 0.321259 0.0115953 5.07003e-05 0.00167448 0.100069 0.00827778 0.00409091 0.265776 0.0127399 0.251955 0.000341501 
3.15684e-11 0.605586 0.0144609 1.8977e-05 0.319713 0.016138 1.51012e-07 7.4168e-08 0.0365423 0.0075399 1.08714e-07 1.00813e-07 
3.95709e-07 0.920126 0.00250934 3.77459e-06 0.00120573 0.00781692 0.00483695 9.54309e-06 0.0218729 0.0022338 0.037028 0.00235683 
0.00113503 0.889629 0.00852767 5.25343e-07 0.00343809 0.00692095 0.00173921 1.60792e-05 0.0504035 0.00351052 0.0337976 0.000882008 
2.52276e-08 0.658551 0.0838164 5.06124e-07 0.0101904 0.0110156 0.00116268 0.00313217 0.17529 0.00079318 0.0559347 0.000114133 
8.19007e-07 0.413763 0.0273002 3.92328e-06 0.244655 0.0550506 0.0391256 0.000855736 0.104539 0.00213716 0.109635 0.00293427 
1.42104e-07 0.842711 0.0172164 8.58418e-07 0.0048233 0.000713697 0.00337725 4.28484e-05 0.0761133 0.000424391 0.0524388 0.00213758 
1.34584e-06 0.967829 0.0131339 5.37421e-07 0.00026703 0.000481683 2.90574e-06 2.75052e-06 0.00804917 0.00155316 0.00867113 7.59415e-06 
1.3625e-10 0.859291 0.0101691 1.08269e-08 0.000422575 0.0158307 0.000696881 8.817e-06 0.0387847 0.00652122 0.0678913 0.00038414 
1.89803e-06 0.318178 0.00746083 6.01386e-06 0.017353 0.303127 0.00407271 6.79768e-05 0.236065 0.0106494 0.102589 0.000428896 
1.76099e-10 0.953362 0.000828995 1.66398e-06 0.000713238 0.000410893 0.000926563 1.40427e-08 0.0348998 5.13598e-05 0.0087801 2.5363e-05 
3.67562e-06 0.860768 0.0117817 0.000589447 0.00920439 0.00859444 0.00569438 0.000148663 0.0572449 0.00250193 0.0361191 0.00734936 
6.10182e-05 0.341429 0.0105543 5.05724e-05 0.179583 0.00564768 0.00416079 1.63711e-06 0.320733 0.0394772 0.0933976 0.00490514 
2.2277e-06 0.834223 0.0133704 4.06953e-05 0.0264366 0.00526438 0.00711388 0.000145248 0.0674769 0.00123372 0.0439384 0.000754934 
3.77762e-10 0.805777 0.00147957 3.59542e-10 0.00250935 0.0199573 5.3441e-05 6.98156e-07 0.159619 1.8856e-06 0.0105994 2.82903e-06 
1.0356e-05 0.793558 0.00510371 1.17833e-05 0.00561026 0.00866073 0.00151602 1.48505e-05 0.123439 0.0224337 0.03595 0.00369095 
7.48779e-11 0.946237 0.00229909 1.70807e-07 0.00134102 0.00221933 0.000276075 5.79825e-09 0.0376284 0.000768567 0.00917765 5.31449e-05 
1.22794e-10 0.889926 0.006404 1.32317e-07 0.000308656 0.00740948 0.00111875 3.70087e-05 0.0219758 0.00286103 0.0338165 0.0361428 
2.47494e-06 0.871411 0.00717287 3.76746e-07 0.00198452 0.00266405 0.00702332 0.000101502 0.0779205 0.00170738 0.0289719 0.00104021 
1.3625e-10 0.859291 0.0101691 1.08269e-08 0.000422575 0.0158307 0.000696881 8.817e-06 0.0387847 0.00652122 0.0678913 0.00038414 
6.05201e-07 0.313311 0.0125141 1.65853e-06 0.00916681 0.019538 0.231574 0.000321657 0.292543 0.00658663 0.111783 0.00265948 
2.43964e-05 0.78775 0.151161 3.99954e-06 0.00108705 0.00925761 0.00135213 8.02438e-05 0.000712286 0.0212545 0.0272614 5.551e-05 
1.7981e-12 0.988217 6.75671e-05 2.5695e-10 5.97319e-05 6.5778e-10 0.000522925 3.78323e-08 0.0111252 3.34028e-06 3.4723e-06 3.28076e-07 
0.00059928 0.802968 0.0132477 0.000575348 0.00468014 0.0172047 0.00407567 3.33283e-05 0.0931697 0.0138093 0.0487672 0.000869883 
1.29259e-07 0.495105 0.00284048 5.0368e-07 0.000804679 0.000475548 0.00153276 5.7878e-05 0.470767 2.85979e-05 0.0283188 6.83166e-05 
2.28838e-09 0.877038 0.0064231 2.90973e-06 0.00175249 0.00482005 0.00502842 6.2373e-05 0.0584604 0.00109219 0.0429327 0.00238763 
2.672e-07 0.832122 2.67441e-07 5.371e-05 2.67414e-07 2.67429e-07 0.00443874 2.67383e-07 0.160334 2.67426e-07 0.00304923 2.6723e-07 
1.7981e-12 0.988217 6.75671e-05 2.5695e-10 5.97319e-05 6.5778e-10 0.000522925 3.78323e-08 0.0111252 3.34028e-06 3.4723e-06 3.28076e-07 
0.000176369 0.905703 0.0128285 1.94493e-08 0.00179742 0.000696692 0.00251245 2.15312e-05 0.029885 0.0173994 0.0287656 0.000214343 
2.58984e-08 0.534118 0.00188792 0.050181 0.0390147 0.000993374 0.00527066 0.000385461 0.36653 0.000107786 0.0015105 1.57281e-08 
1.70376e-11 0.529947 0.0160259 3.11683e-08 0.00521435 0.11667 1.70596e-05 1.16303e-05 0.208684 0.027282 0.0961482 6.34039e-08 
6.08274e-06 0.695463 0.0294496 5.29584e-06 0.0154279 0.0146825 0.00151564 8.52887e-05 0.106572 0.00157376 0.135203 1.55241e-05 
6.05546e-09 0.853311 0.0137223 1.33317e-05 0.00399645 0.00483092 0.00212753 2.52463e-05 0.0274937 0.00326 0.0835461 0.00767378 
1.19757e-06 0.566201 0.00102668 5.3743e-09 0.0100825 0.00263014 0.000788969 1.23943e-06 0.385183 0.00436329 0.0295892 0.000133417 
0.000776523 0.520524 0.0131519 0.00213108 0.00327108 0.0279524 0.0128952 0.000463923 0.297733 0.00204021 0.118696 0.00036435 
0.000111327 0.764784 0.0278905 0.0014394 0.0237249 0.00950378 0.00985357 0.000342053 0.120086 0.00616724 0.0357564 0.000341637 
4.26224e-09 0.644325 0.000137573 7.69542e-07 0.000750137 0.00872335 0.000345356 0.0747572 0.229756 0.00804905 0.0322346 0.000920338 
5.27754e-09 0.658085 0.0276802 1.35968e-06 0.000250784 0.0070368 0.000749385 7.21648e-06 0.00870382 0.00593305 0.291552 1.03336e-08 
5.98539e-05 0.421049 0.0522501 7.42564e-05 0.0445134 0.0103609 0.0157518 3.95869e-05 0.210594 0.0229417 0.221964 0.000401178 
7.32196e-05 0.743272 0.0183625 0.000109715 0.0104004 0.0236961 0.0134999 0.00121565 0.128588 0.00864357 0.0512998 0.000839545 
1.73556e-10 0.79641 0.0152536 1.61685e-08 0.000633856 0.023746 0.00102703 1.3224e-05 0.0507217 0.00978181 0.101837 0.000576195 
9.88401e-06 0.882604 0.00826095 3.47832e-05 0.00281536 0.00637333 0.00658558 7.88837e-05 0.057637 0.00288097 0.0317971 0.000921988 
0.00507575 0.684017 0.00807438 4.63427e-06 0.0514058 0.00502003 0.00100357 4.46942e-05 0.208598 0.0119447 0.0248024 8.79974e-06 
0.00308546 0.324977 0.0675457 0.110467 0.145708 0.113478 0.00193963 0.000482726 0.151686 0.0279043 0.0526731 5.2659e-05 
2.56433e-09 0.738445 0.0390568 5.76603e-06 0.0932303 0.000612271 0.000360485 0.000226637 0.0920596 0.00265544 0.0316445 0.00170336 
7.51512e-06 0.489478 0.147331 0.000132013 0.0408222 0.0416636 0.0138794 0.0220324 0.0296101 0.0276015 0.186939 0.000503161 
1.74073e-07 0.558882 0.00093192 4.30541e-08 0.131209 0.00505213 0.00905224 0.000504637 0.265472 0.000385667 0.0284245 8.58926e-05 
5.18639e-07 0.504963 0.000560264 1.38425e-07 0.00371353 0.0141288 0.00693827 4.16422e-05 0.446361 0.000258009 0.0229685 6.67373e-05 
7.07493e-11 0.367275 0.155301 0.0327029 0.221863 0.000590522 0.0169803 0.000988141 0.150481 0.00867867 0.0367038 0.00843647 
1.70622e-12 0.520464 0.000555119 1.62392e-12 0.00943118 8.69679e-09 0.00867416 3.76769e-08 0.460875 3.58343e-09 1.29023e-08 7.56717e-09 
0.0801404 0.713722 0.00799137 3.55592e-06 0.0134378 0.0094678 0.00307911 3.04269e-05 0.123104 0.00250912 0.0445119 0.00200227 
1.89906e-05 0.945037 0.0104644 8.50585e-07 0.000109174 0.0113542 0.00127995 2.73227e-06 0.00407185 0.0115682 0.0160457 4.70308e-05 
1.76099e-10 0.953362 0.000828995 1.66398e-06 0.000713238 0.000410893 0.000926563 1.40427e-08 0.0348998 5.13598e-05 0.0087801 2.5363e-05 
5.37867e-07 0.313074 0.0400833 0.000291901 0.0345746 0.0329972 0.0487384 0.000212915 0.215958 0.0208191 0.291202 0.00204826 
1.27893e-05 0.761123 0.0152283 1.46042e-06 0.00611112 0.000895757 0.0244874 0.000364355 0.131219 0.00126414 0.0562709 0.00302134 
6.69525e-06 0.909293 0.00438597 1.40104e-06 0.00682376 0.000598484 0.00178205 3.82918e-05 0.054773 0.000399941 0.0212216 0.000675532 
0.00271598 0.923593 0.00489657 1.65607e-06 0.00097551 0.00293451 0.000111362 1.0684e-08 0.057838 6.53619e-05 0.00686836 1.37668e-08 
2.65692e-08 0.961643 0.000303661 2.52877e-08 0.00337423 0.0314754 0.000867563 0.000130662 0.00149386 4.71854e-05 1.45695e-09 0.000664485 
0.000111554 0.430469 0.0546989 6.79412e-05 0.0262551 0.0273531 0.00435076 0.0104563 0.374294 0.0160573 0.0552542 0.000631138 
0.000783419 0.256784 0.207049 2.1185e-07 0.0643288 0.0392028 0.0334407 0.000181743 0.133764 0.17893 0.0780294 0.00750746 
5.53248e-12 0.757056 0.0124887 4.82764e-05 0.00571967 0.0167413 0.0217988 0.00181915 0.169953 0.000822542 0.0112493 0.00230363 
5.03553e-05 0.348775 0.162243 3.15821e-06 0.0452956 0.0110918 0.148831 0.000100548 0.203329 0.00205093 0.0725232 0.00570683 
2.66655e-09 0.724313 0.03464 5.1777e-06 0.0927728 0.000777267 0.000241433 0.000226637 0.0984236 0.00340763 0.0434892 0.00170338 
2.15098e-08 0.342303 0.037898 2.6268e-11 0.000308136 0.110077 0.0516066 3.10217e-05 0.150448 0.067491 0.239809 2.90496e-05 
3.36388e-09 0.775324 0.000322587 2.55154e-08 0.000190947 0.00680255 0.120055 7.74881e-07 0.0802318 0.00142447 0.0139891 0.00165871 
1.89906e-05 0.945037 0.0104644 8.50585e-07 0.000109174 0.0113542 0.00127995 2.73227e-06 0.00407185 0.0115682 0.0160457 4.70308e-05 
4.93424e-11 0.588078 4.0402e-05 1.56125e-09 0.0130057 0.0488187 0.00393549 2.46802e-05 0.259843 0.014389 0.0712501 0.000615727 
2.35631e-05 0.552584 0.0271405 5.71957e-06 0.101727 0.0179715 0.00155613 5.43057e-05 0.197159 0.0101067 0.0904189 0.00125369 
3.27413e-06 0.906918 0.00487692 1.2606e-07 0.000379473 0.00444905 0.00158195 1.35696e-06 0.041857 0.014701 0.0251964 3.58475e-05 
2.60295e-05 0.762876 0.0273233 4.47304e-07 0.0210202 0.0028405 0.00226727 7.41068e-05 0.0981881 0.00227379 0.0760352 0.00707517 
7.64639e-07 0.731538 0.00723914 2.3223e-06 0.00251192 0.017612 0.00287568 1.90938e-05 0.144461 0.00303177 0.075531 0.0151772 
4.05776e-07 0.452383 0.0107807 0.0239675 0.00209869 0.0237805 0.00993556 3.64026e-05 0.416603 0.0042176 0.0561919 4.28518e-06 
2.03075e-09 0.907192 0.000196503 3.70827e-05 0.00177254 0.000993902 3.04716e-05 4.34161e-07 0.0809584 0.000145627 0.00852959 0.000143083 
2.06358e-12 0.953797 0.00169094 1.96405e-12 0.0011058 0.00153395 7.99885e-06 6.46349e-13 0.0353396 0.00100872 0.0054702 4.61298e-05 
1.23008e-05 0.670986 0.00721006 4.3855e-06 0.0370077 0.000616587 0.000795523 6.06581e-05 0.223714 0.000617986 0.0426272 0.0163475 
1.42104e-07 0.842711 0.0172164 8.58418e-07 0.0048233 0.000713697 0.00337725 4.28484e-05 0.0761133 0.000424391 0.0524388 0.00213758 
4.93424e-11 0.588078 4.0402e-05 1.56125e-09 0.0130057 0.0488187 0.00393549 2.46802e-05 0.259843 0.014389 0.0712501 0.000615727 
1.21932e-09 0.803338 0.000506324 6.53747e-09 0.00107172 0.000395445 3.97769e-05 8.54454e-07 0.185593 0.00245009 0.00635546 0.000248964 
1.37091e-07 0.509439 0.00803786 0.00876042 0.00278081 0.0214151 0.0113447 0.000941959 0.399051 0.00230167 0.0358972 3.01222e-05 
1.76099e-10 0.953362 0.000828995 1.66398e-06 0.000713238 0.000410893 0.000926563 1.40427e-08 0.0348998 5.13598e-05 0.0087801 2.5363e-05 
6.42036e-07 0.592826 0.0192148 6.42068e-07 0.00539807 0.0650946 0.00122133 6.42477e-07 0.114902 0.0116956 0.189644 6.42109e-07 
1.69281e-05 0.681843 0.0101321 2.03535e-05 0.0214834 0.00341151 0.00961501 0.00036031 0.22499 0.000844818 0.042739 0.00454429 
1.86134e-05 0.4358 0.0300851 1.07354e-06 0.0076383 0.0191958 0.0033224 1.42693e-05 0.357082 0.0292846 0.116507 0.00104965 
1.937e-11 0.586332 0.00564095 7.98498e-06 0.00508438 0.149382 0.0442796 5.43436e-06 0.0390516 0.00167396 0.166672 0.00187047 
2.07148e-05 0.808456 0.012412 9.10785e-05 0.0071983 0.00683302 0.00341371 5.4634e-05 0.100882 0.0204313 0.0393931 0.00081495 
0.00010468 0.768583 0.0184578 2.31091e-06 0.00669707 0.00543106 0.00218311 1.58717e-05 0.146603 0.00631171 0.0448618 0.000748711 
6.12565e-08 0.531986 0.000176532 1.13068e-08 0.0104032 0.00988944 0.00176795 1.38717e-05 0.415696 0.00256326 0.0273651 0.000138115 
1.95695e-05 0.77186 0.0140937 0.00149154 0.0326062 0.00914099 0.00831261 0.000414268 0.122802 0.000700709 0.0374391 0.00111908 
1.2914e-08 0.794753 0.000729263 4.42021e-07 0.000666859 0.028733 0.00457673 6.5632e-06 0.071568 0.000420637 0.098157 0.000388579 
3.15076e-07 0.25764 0.00444398 0.000242541 0.125981 0.00480588 0.00133208 0.149203 0.226521 0.0010527 0.120331 0.108447 
1.7981e-12 0.988217 6.75671e-05 2.5695e-10 5.97319e-05 6.5778e-10 0.000522925 3.78323e-08 0.0111252 3.34028e-06 3.4723e-06 3.28076e-07 
5.5425e-06 0.836936 0.000344252 4.17374e-07 0.000718289 0.00438031 3.91428e-06 7.81659e-07 0.132127 0.0172173 0.00826639 5.99732e-09 
5.28314e-05 0.727023 0.0239689 3.84685e-06 0.00679782 0.00458836 0.00718696 7.67259e-05 0.122787 0.0139773 0.0914212 0.00211549 
0.00028165 0.263218 0.0568228 0.00159752 0.108579 0.0986127 0.0942236 0.000366202 0.20384 0.0149507 0.156313 0.00119486 
6.05546e-09 0.853311 0.0137223 1.33317e-05 0.00399645 0.00483092 0.00212753 2.52463e-05 0.0274937 0.00326 0.0835461 0.00767378 
2.79711e-05 0.67225 0.0144093 1.23509e-06 0.0407201 0.00931734 0.0172524 0.000555829 0.131286 0.00432437 0.106176 0.00368065 
2.15051e-05 0.718734 0.0193978 2.38847e-07 0.00472055 0.00209305 0.000579167 2.69533e-06 0.198539 0.000837567 0.0548457 0.000229032 
1.70382e-06 0.799781 0.0147073 4.11876e-06 0.0311211 0.00220075 0.000158231 7.56583e-05 0.119471 0.0100552 0.021907 0.00051693 
8.60237e-07 0.411644 0.00370472 4.14978e-06 0.00527728 0.0112691 0.00213415 6.82863e-05 0.399418 0.0121347 0.154312 3.27513e-05 
2.03075e-09 0.907192 0.000196503 3.70827e-05 0.00177254 0.000993902 3.04716e-05 4.34161e-07 0.0809584 0.000145627 0.00852959 0.000143083 
1.6407e-05 0.616641 0.084575 0.00143079 0.000350151 0.0205434 0.00941933 0.00120671 0.219257 0.00134634 0.0451792 3.46431e-05 
1.03577e-05 0.563145 0.00989739 4.97663e-06 0.0017334 0.0145542 0.000813755 0.00317523 0.36058 0.00187598 0.0409082 0.00330118 
4.21178e-08 0.299426 0.222991 5.55962e-06 0.0745319 0.00160104 0.000162983 0.00240686 0.233371 0.00238103 0.151795 0.0113281 
6.33462e-06 0.927447 0.0126204 4.19747e-07 0.000437708 0.00966733 0.00595065 4.27886e-05 0.0140745 0.00442541 0.025277 5.03718e-05 
0.00282046 0.354559 0.0388836 1.89532e-05 0.054318 0.185201 0.0324487 0.00464693 0.173529 0.0242297 0.127197 0.0021477 
0.000186424 0.56088 0.105075 9.3113e-05 0.0443459 0.021923 0.00295936 3.24928e-05 0.121617 0.00852419 0.132633 0.00173109 
2.30168e-06 0.725698 0.0311224 4.19131e-06 0.020774 0.00152069 0.0033806 3.59176e-05 0.117031 0.00169353 0.0947544 0.00398367 
1.70898e-07 0.485354 0.00985763 0.0109503 0.00320873 0.024436 0.0125779 4.57661e-05 0.408958 0.00264475 0.0419396 2.76067e-05 
2.92393e-07 0.400963 0.00380482 2.92407e-07 0.00661367 0.0226508 0.0152149 0.161278 0.342502 0.00535561 0.0402716 0.00134545 
3.45374e-12 0.94189 0.00690238 4.01277e-10 0.00128229 0.000197167 0.0106685 8.08134e-05 0.0363851 6.69239e-05 0.00252708 2.53246e-08 
2.69411e-05 0.635344 0.0161962 0.104224 0.129095 0.000689711 0.0125002 1.84331e-05 0.062493 0.000252452 0.0391598 6.51097e-08 
9.33296e-07 0.321577 0.0168978 3.40518e-07 0.090773 0.0546883 0.0300932 2.96108e-05 0.215101 0.0294945 0.240587 0.000756691 
1.05188e-05 0.477258 0.0162988 2.54894e-05 0.0479214 0.0303781 0.00781601 0.0158337 0.307245 0.0073699 0.0886075 0.00123523 
5.30255e-06 0.627748 0.0395406 7.99167e-05 0.131167 0.0142102 0.0174729 0.000481116 0.0773158 0.0386837 0.0510246 0.00227101 
1.3625e-10 0.859291 0.0101691 1.08269e-08 0.000422575 0.0158307 0.000696881 8.817e-06 0.0387847 0.00652122 0.0678913 0.00038414 
5.27754e-09 0.658085 0.0276802 1.35968e-06 0.000250784 0.0070368 0.000749385 7.21648e-06 0.00870382 0.00593305 0.291552 1.03336e-08 
0.000232737 0.524155 0.0687222 9.97208e-05 0.0739955 0.0199992 0.00121391 9.21941e-05 0.146838 0.0170541 0.14189 0.00570751 
2.29181e-06 0.690043 0.182465 1.9102e-11 0.000135172 0.00111084 7.68901e-08 2.43479e-08 0.0115353 0.000369205 0.114339 1.77988e-11 
4.07149e-06 0.477159 0.0154976 1.97797e-07 7.05386e-05 0.115264 0.000538129 1.29331e-05 0.144993 0.130241 0.109752 0.00646792 
9.44277e-05 0.842017 0.010985 6.53458e-06 0.00385778 0.0170094 0.00706741 0.000304373 0.0638518 0.00641201 0.0469014 0.00149258 
1.27893e-05 0.761123 0.0152283 1.46042e-06 0.00611112 0.000895757 0.0244874 0.000364355 0.131219 0.00126414 0.0562709 0.00302134 
5.16293e-06 0.802911 0.00817458 2.79526e-07 0.00488988 0.00299542 0.00528861 7.5749e-05 0.139628 0.00439661 0.0305178 0.00111731 
1.7981e-12 0.988217 6.75671e-05 2.5695e-10 5.97319e-05 6.5778e-10 0.000522925 3.78323e-08 0.0111252 3.34028e-06 3.4723e-06 3.28076e-07 
1.3625e-10 0.859291 0.0101691 1.08269e-08 0.000422575 0.0158307 0.000696881 8.817e-06 0.0387847 0.00652122 0.0678913 0.00038414 
9.11989e-05 0.846294 0.0162322 0.0035179 0.0651731 0.000610992 0.000133325 2.99316e-05 0.0147187 0.042121 0.0107876 0.000289514 
0.00983794 0.356006 0.0228721 0.00187084 0.0800685 0.0192829 0.0469741 0.000233693 0.315362 0.0132873 0.132676 0.00152958 
6.05546e-09 0.853311 0.0137223 1.33317e-05 0.00399645 0.00483092 0.00212753 2.52463e-05 0.0274937 0.00326 0.0835461 0.00767378 
0.00013525 0.605875 0.00081274 2.73866e-06 0.000822917 0.00466025 0.00399186 1.87476e-08 0.369443 0.000212081 0.013975 6.8755e-05 
4.64759e-08 0.875474 0.00197544 6.8277e-07 0.00047043 0.00338142 0.00116003 0.000485567 0.110645 0.000327093 0.00604762 3.22281e-05 
0.00271598 0.923593 0.00489657 1.65607e-06 0.00097551 0.00293451 0.000111362 1.0684e-08 0.057838 6.53619e-05 0.00686836 1.37668e-08 
8.31018e-08 0.536371 0.000879212 1.03918e-06 0.0193918 0.082597 0.00814476 6.77695e-06 0.152174 0.000673723 0.199594 0.000166321 
1.89906e-05 0.945037 0.0104644 8.50585e-07 0.000109174 0.0113542 0.00127995 2.73227e-06 0.00407185 0.0115682 0.0160457 4.70308e-05 
1.3625e-10 0.859291 0.0101691 1.08269e-08 0.000422575 0.0158307 0.000696881 8.817e-06 0.0387847 0.00652122 0.0678913 0.00038414 
4.55459e-10 0.654705 0.00122947 1.12284e-06 0.00063977 0.0446514 0.0048107 9.34266e-06 0.154308 0.000242061 0.139172 0.000231403 
6.05546e-09 0.853311 0.0137223 1.33317e-05 0.00399645 0.00483092 0.00212753 2.52463e-05 0.0274937 0.00326 0.0835461 0.00767378 
2.52276e-08 0.658551 0.0838164 5.06124e-07 0.0101904 0.0110156 0.00116268 0.00313217 0.17529 0.00079318 0.0559347 0.000114133 
8.63411e-05 0.542552 0.0389895 1.54857e-05 0.00614805 0.0207743 0.00463978 4.7607e-06 0.240463 0.0588859 0.0827598 0.00468091 
4.45378e-05 0.480407 0.0290429 2.47153e-06 0.0120279 0.000410381 0.011469 0.000229956 0.420385 0.00148907 0.0367845 0.00770778 
0.0431438 0.490495 0.00745455 6.96809e-05 0.00889994 0.0117713 0.000458982 9.77482e-07 0.329204 0.00431452 0.102392 0.00179504 
2.71879e-05 0.474099 0.0154851 0.000130004 0.0612156 0.0264702 0.00695994 0.00604024 0.335681 0.00521456 0.0684577 0.000219849 
8.60237e-07 0.411644 0.00370472 4.14978e-06 0.00527728 0.0112691 0.00213415 6.82863e-05 0.399418 0.0121347 0.154312 3.27513e-05 
1.19757e-06 0.566201 0.00102668 5.3743e-09 0.0100825 0.00263014 0.000788969 1.23943e-06 0.385183 0.00436329 0.0295892 0.000133417 
1.70898e-07 0.485354 0.00985763 0.0109503 0.00320873 0.024436 0.0125779 4.57661e-05 0.408958 0.00264475 0.0419396 2.76067e-05 
3.89169e-07 0.455467 0.00139133 4.49342e-08 0.152118 0.0112266 0.00661991 0.00116646 0.270829 0.00224612 0.0987773 0.000157384 
4.14035e-10 0.902505 0.00012487 5.33867e-10 5.29103e-05 0.0334593 0.00549999 5.93552e-06 0.00337249 0.000649015 0.0541271 0.000203596 
0.0134835 0.459287 0.00457404 3.01618e-10 0.0280404 0.268642 0.00463476 1.45518e-05 0.120137 1.67362e-05 2.12061e-05 0.101149 
3.45374e-12 0.94189 0.00690238 4.01277e-10 0.00128229 0.000197167 0.0106685 8.08134e-05 0.0363851 6.69239e-05 0.00252708 2.53246e-08 
4.93424e-11 0.588078 4.0402e-05 1.56125e-09 0.0130057 0.0488187 0.00393549 2.46802e-05 0.259843 0.014389 0.0712501 0.000615727 
7.51466e-10 0.510036 0.00301106 1.62757e-05 0.00595891 0.0127 0.00921411 5.56116e-08 0.333186 0.0013907 0.12436 0.00012626 
4.161e-11 0.363857 0.00827743 6.69394e-06 0.000727365 0.0225892 0.00855259 1.13507e-05 0.225698 0.027623 0.342448 0.000210223 
6.84041e-05 0.372199 0.047422 0.00053081 0.00605772 0.0126362 0.0234494 0.0374534 0.350527 0.0438481 0.105308 0.000499437 
0.00136873 0.595501 0.0328117 7.9431e-06 0.00558613 0.026899 0.0156508 8.65017e-05 0.190647 0.00762124 0.122574 0.00124505 
2.17189e-05 0.288941 0.153849 3.61292e-05 0.00345404 0.103231 0.136381 0.000285716 0.0567545 0.00758036 0.200503 0.0489619 
0.000479021 0.431731 0.251852 0.00235801 0.017094 0.0287944 0.0231545 0.0272019 0.0833448 0.0150282 0.111351 0.0076111 
3.84026e-05 0.425119 0.0557182 2.62136e-05 0.182389 0.0123365 0.0175547 0.000914278 0.193749 0.0307179 0.0768897 0.00454722 
2.03472e-08 0.552854 3.17418e-05 1.93658e-08 1.9093e-06 0.0780335 3.49301e-05 2.47974e-07 0.3639 0.000713832 0.00442929 1.70699e-07 
3.20094e-09 0.692372 0.00419441 3.313e-07 0.0007891 0.000143011 0.00645832 5.58455e-05 0.274261 0.0201251 0.00159738 3.47163e-06 
7.82159e-06 0.444719 0.010279 3.30961e-05 0.0757639 0.0487823 0.00185008 0.000254497 0.31386 0.011973 0.0922346 0.000242911 
3.45374e-12 0.94189 0.00690238 4.01277e-10 0.00128229 0.000197167 0.0106685 8.08134e-05 0.0363851 6.69239e-05 0.00252708 2.53246e-08 
2.06358e-12 0.953797 0.00169094 1.96405e-12 0.0011058 0.00153395 7.99885e-06 6.46349e-13 0.0353396 0.00100872 0.0054702 4.61298e-05 
2.21846e-07 0.907312 0.00319929 0.00010246 0.00223912 0.00520794 0.000882855 5.17749e-06 0.0466486 0.00151535 0.0313545 0.00153269 
2.51272e-10 0.932216 0.00121917 2.49573e-06 0.00106213 0.000616338 0.00123884 2.00491e-08 0.0504112 7.70392e-05 0.0131185 3.77587e-05 
1.29259e-07 0.495105 0.00284048 5.0368e-07 0.000804679 0.000475548 0.00153276 5.7878e-05 0.470767 2.85979e-05 0.0283188 6.83166e-05 
0.000260815 0.515644 0.0165986 0.00262098 0.0289099 0.0244434 0.00242084 0.00156091 0.326352 0.019487 0.0584119 0.00328922 
1.37091e-07 0.509439 0.00803786 0.00876042 0.00278081 0.0214151 0.0113447 0.000941959 0.399051 0.00230167 0.0358972 3.01222e-05 
3.20922e-11 0.39517 0.0211538 1.93981e-05 0.030309 0.00669695 0.116297 0.0308414 0.368398 0.00879152 0.021402 0.00092206 
2.76632e-06 0.765718 0.0170255 1.2026e-06 0.0302265 0.00357887 0.00276845 2.49518e-05 0.151282 0.00150187 0.0276915 0.00017815 
7.77344e-05 0.790365 0.0138155 3.16371e-06 0.00842373 0.0166206 0.0116603 0.000549608 0.0907266 0.00495446 0.0615785 0.00122441 
1.70898e-07 0.485354 0.00985763 0.0109503 0.00320873 0.024436 0.0125779 4.57661e-05 0.408958 0.00264475 0.0419396 2.76067e-05 
8.60237e-07 0.411644 0.00370472 4.14978e-06 0.00527728 0.0112691 0.00213415 6.82863e-05 0.399418 0.0121347 0.154312 3.27513e-05 
5.96854e-08 0.531376 0.00563897 6.90211e-07 0.0940291 0.000635423 8.19923e-05 0.00397518 0.339324 2.06161e-05 0.0237246 0.00119362 
4.18961e-05 0.711121 0.189261 3.74899e-06 0.00211318 0.0143706 0.00159603 0.000125392 0.00345045 0.0226972 0.0551241 9.53633e-05 
2.0803e-12 0.947931 0.0027792 1.97996e-12 0.00143635 0.00256793 1.14998e-05 6.51585e-13 0.0366775 0.00135147 0.00718847 5.66764e-05 
1.9852e-05 0.794013 0.0213998 3.98093e-05 0.0115077 0.0104712 0.0304041 6.86775e-05 0.0783014 0.00891517 0.0434094 0.00144976 
1.37091e-07 0.509439 0.00803786 0.00876042 0.00278081 0.0214151 0.0113447 0.000941959 0.399051 0.00230167 0.0358972 3.01222e-05 
2.08536e-10 0.315614 0.0517966 1.83109e-06 0.0181927 1.49608e-06 0.00158291 8.14819e-07 0.297597 0.0411566 0.273928 0.00012811 
0.000154946 0.785095 0.0391654 0.00069132 0.0257946 0.00541732 0.00462302 0.000227717 0.0582849 0.0543 0.0257891 0.000456788 
3.64176e-10 0.743443 0.000878193 8.02229e-07 0.000456982 0.0318939 0.00345987 6.67385e-06 0.120114 0.000172903 0.0994088 0.000165293 
2.06358e-12 0.953797 0.00169094 1.96405e-12 0.0011058 0.00153395 7.99885e-06 6.46349e-13 0.0353396 0.00100872 0.0054702 4.61298e-05 
2.02078e-10 0.775966 8.90104e-05 1.89869e-09 0.00498732 0.00774022 0.000678739 1.31007e-07 0.208857 1.80298e-06 0.000184742 0.0014945 
4.13834e-09 0.976768 9.30025e-05 1.29188e-07 0.000418334 0.000146294 0.000949382 2.18681e-09 0.0208508 0.000340877 0.000433267 1.91839e-08 
1.70898e-07 0.485354 0.00985763 0.0109503 0.00320873 0.024436 0.0125779 4.57661e-05 0.408958 0.00264475 0.0419396 2.76067e-05 
4.82084e-12 0.368295 0.0438242 0.000306599 0.198133 0.0421205 0.0338163 0.00308872 0.275398 0.000174452 0.0345915 0.000250891 
2.25534e-08 0.301291 0.00498579 7.79329e-08 0.00580557 0.12945 0.0344388 2.82947e-05 0.30001 0.00427259 0.219127 0.000591911 
3.65215e-05 0.447853 0.0225137 0.000300627 0.0257189 0.0215569 0.0107278 0.00133681 0.373217 0.0190468 0.0762288 0.00146301 
1.05992e-08 0.469453 0.000470524 1.91656e-09 0.000972643 0.0315131 0.00962418 6.92646e-05 0.463825 0.000653733 0.0233747 4.40368e-05 
3.64176e-10 0.743443 0.000878193 8.02229e-07 0.000456982 0.0318939 0.00345987 6.67385e-06 0.120114 0.000172903 0.0994088 0.000165293 
1.13576e-05 0.661855 0.00433916 7.67818e-09 0.00478521 0.00454391 4.82259e-05 8.99209e-06 0.289335 0.0157976 0.0186657 0.000610083 
0.00271598 0.923593 0.00489657 1.65607e-06 0.00097551 0.00293451 0.000111362 1.0684e-08 0.057838 6.53619e-05 0.00686836 1.37668e-08 
1.85638e-05 0.384462 0.0268645 2.63483e-06 0.0236016 0.12519 0.0148503 8.87279e-05 0.280377 0.00531446 0.138419 0.000811403 
4.05776e-07 0.452383 0.0107807 0.0239675 0.00209869 0.0237805 0.00993556 3.64026e-05 0.416603 0.0042176 0.0561919 4.28518e-06 
1.70898e-07 0.485354 0.00985763 0.0109503 0.00320873 0.024436 0.0125779 4.57661e-05 0.408958 0.00264475 0.0419396 2.76067e-05 
1.29259e-07 0.495105 0.00284048 5.0368e-07 0.000804679 0.000475548 0.00153276 5.7878e-05 0.470767 2.85979e-05 0.0283188 6.83166e-05 
3.45374e-12 0.94189 0.00690238 4.01277e-10 0.00128229 0.000197167 0.0106685 8.08134e-05 0.0363851 6.69239e-05 0.00252708 2.53246e-08 
1.70211e-07 0.531526 0.00823927 0.00663961 0.00310845 0.0124183 0.0141808 0.00117739 0.387353 0.00143145 0.0338875 3.76443e-05 
0.000219533 0.72482 0.0131996 2.39648e-05 0.00638967 0.0156 0.000747142 7.43325e-05 0.177517 0.00926618 0.0514305 0.000711692 
0.000197645 0.479431 0.0338237 1.00854e-06 0.0147028 0.00475229 0.0438585 0.000291525 0.305273 0.00777173 0.106994 0.00290292 
9.33296e-07 0.321577 0.0168978 3.40518e-07 0.090773 0.0546883 0.0300932 2.96108e-05 0.215101 0.0294945 0.240587 0.000756691 
1.25052e-05 0.770714 0.00134896 1.27862e-09 0.0018973 0.00263661 0.000289866 1.95065e-08 0.174654 0.0232822 0.0249934 0.000171034 
2.01566e-10 0.519283 0.025463 1.91844e-10 0.186729 0.0245727 5.25212e-06 6.31337e-11 0.111683 0.0573782 0.0746242 0.000261661 
8.87474e-06 0.725733 0.0195792 1.61261e-06 0.00743312 0.00115168 0.0313245 0.000468454 0.136675 0.00162532 0.0721149 0.00388457 
0.00107359 0.428496 0.0112949 4.77645e-06 0.00057353 0.298755 0.0779581 0.00447932 0.00657272 0.00857622 0.161851 0.000364472 
0.000133145 0.770235 0.0477416 4.25308e-07 0.00785903 0.0170723 0.031092 0.000359231 0.0418641 0.0406358 0.0429991 8.13854e-06 
2.58984e-08 0.534118 0.00188792 0.050181 0.0390147 0.000993374 0.00527066 0.000385461 0.36653 0.000107786 0.0015105 1.57281e-08 
2.51272e-10 0.932216 0.00121917 2.49573e-06 0.00106213 0.000616338 0.00123884 2.00491e-08 0.0504112 7.70392e-05 0.0131185 3.77587e-05 
1.7981e-12 0.988217 6.75671e-05 2.5695e-10 5.97319e-05 6.5778e-10 0.000522925 3.78323e-08 0.0111252 3.34028e-06 3.4723e-06 3.28076e-07 
1.27893e-05 0.761123 0.0152283 1.46042e-06 0.00611112 0.000895757 0.0244874 0.000364355 0.131219 0.00126414 0.0562709 0.00302134 
1.83833e-06 0.513413 0.0307953 1.12068e-05 0.116796 0.0191029 0.00557752 0.000284277 0.151522 0.02679 0.135661 4.48629e-05 
6.43845e-07 0.850433 0.00289144 2.75006e-12 0.00259695 0.00479388 3.37479e-05 1.52299e-07 0.120819 0.00757348 0.0107324 0.000126179 
0.00350002 0.475812 0.0182117 0.000142 0.00882225 0.049794 0.0605333 0.000295516 0.249563 0.005868 0.126037 0.00142157 
6.84041e-05 0.372199 0.047422 0.00053081 0.00605772 0.0126362 0.0234494 0.0374534 0.350527 0.0438481 0.105308 0.000499437 
1.55976e-09 0.427401 0.026929 5.4498e-11 0.0583764 0.000925366 0.0600911 0.00110174 0.311155 0.00415365 0.106928 0.0029382 
4.26224e-09 0.644325 0.000137573 7.69542e-07 0.000750137 0.00872335 0.000345356 0.0747572 0.229756 0.00804905 0.0322346 0.000920338 
1.7981e-12 0.988217 6.75671e-05 2.5695e-10 5.97319e-05 6.5778e-10 0.000522925 3.78323e-08 0.0111252 3.34028e-06 3.4723e-06 3.28076e-07 
2.83724e-12 0.574458 0.00271306 1.661e-09 0.00700282 0.0146646 0.000421036 2.14975e-05 0.355348 0.00128323 0.0438472 0.000240307 
3.18957e-09 0.726314 0.00348956 4.572e-07 0.000879953 0.00842208 0.00073853 0.0452037 0.179164 0.00624482 0.0288589 0.000683664 
