4.21833e-08 0.000257354 0.145812 0.000159448 0.00867673 0.022499 1.44915e-07 1.58436e-05 0.0262586 0.00042407 0.795865 3.17564e-05 
0.00155583 0.0155432 0.263207 0.00147017 0.0245225 0.127179 0.0159667 0.00419054 0.0624794 0.143449 0.338153 0.00228408 
8.53515e-07 0.00758363 0.0604696 0.000468022 0.0180919 0.0272349 0.00606332 2.8269e-05 0.170341 0.214779 0.494818 0.000121506 
2.48365e-09 0.000536047 0.0129241 5.06023e-06 0.0110037 0.307894 0.000714194 9.70024e-06 0.00212717 0.00158709 0.66317 2.82136e-05 
5.92352e-12 0.00344417 0.00358181 1.20224e-06 0.00142806 0.135894 0.0360414 6.63699e-05 0.0213008 0.00118036 0.795116 0.00194569 
6.81183e-10 5.91611e-05 0.00201567 6.6491e-12 0.000609407 0.0158817 0.0890634 0.000950194 0.0245597 0.00686838 0.859992 9.0487e-08 
5.09116e-12 0.000222681 0.314632 4.8456e-12 0.00955932 0.0749175 0.00509062 5.38485e-06 0.0170434 0.0281799 0.550349 4.51502e-12 
3.92683e-06 0.0149563 0.0497127 3.36046e-06 0.00138007 0.0226284 0.000118866 1.13561e-05 0.0504325 0.152657 0.707265 0.000829566 
8.30692e-11 0.00533921 0.00194046 2.63294e-07 0.00272193 0.011174 0.00108623 4.15192e-05 0.0401463 0.00207062 0.935479 2.80106e-07 
5.04309e-06 0.0139801 0.0161763 1.47309e-05 0.00258365 0.0161854 0.257658 5.06062e-05 0.0245181 0.00484134 0.66294 0.00104644 
3.06886e-06 0.00361925 0.0707575 0.000793764 0.275924 0.0431012 0.00844109 0.0212781 0.0663069 0.0112292 0.496694 0.00185144 
1.55778e-06 0.000684428 0.113926 5.24496e-07 0.00346526 0.03293 0.00413503 4.12872e-05 0.182392 0.0236233 0.638736 6.50346e-05 
2.02435e-09 0.0160213 0.00366082 3.80133e-05 0.122785 0.0746943 0.00914945 7.61462e-05 0.0812109 0.00881334 0.670411 0.0131399 
2.93508e-06 0.0111785 0.0156705 7.5751e-05 0.008317 0.0754697 0.267196 9.79807e-05 0.0441218 0.0218412 0.545244 0.0107845 
1.29361e-10 1.43102e-07 0.00924351 1.23121e-10 3.96643e-07 0.28702 9.27708e-07 0.000374287 0.012202 0.173771 0.517387 5.37978e-07 
0.00397108 0.0424276 0.0489716 0.000151061 0.0375509 0.0352304 0.0106077 0.000283284 0.130196 0.0316024 0.658228 0.000780277 
0.000226185 0.00238538 0.0882761 6.13659e-05 0.022089 0.131021 0.114162 0.000208613 0.107613 0.00673632 0.52592 0.00130121 
0.000110694 0.0180965 0.380286 0.000122477 0.0206755 0.0388905 0.0167676 0.00025373 0.0490416 0.0317477 0.440972 0.00303608 
6.43249e-06 0.00139141 0.192948 0.000162196 0.0241057 0.0132316 0.00196756 0.00382896 0.0390094 0.0164225 0.70594 0.000986633 
0.00826639 0.0155857 0.161644 0.000348804 0.0574009 0.0646748 0.0234805 0.00859076 0.0440255 0.0259888 0.375987 0.214007 
0.0145116 0.00539038 0.0728949 0.000149438 0.207832 0.149974 0.219124 0.00414602 0.0338663 0.0206886 0.270203 0.00121976 
7.41436e-05 0.000646307 0.261385 1.22307e-05 0.00115467 0.175149 0.16568 0.00918812 0.00163686 0.0222952 0.360939 0.00184004 
0.000124429 0.0557939 0.383468 1.32657e-05 0.0064117 0.0116649 0.002938 5.71315e-06 0.0442018 0.0139799 0.481013 0.000385268 
4.08846e-05 0.00233294 0.0990976 1.33788e-05 0.0385951 0.0965866 0.0811945 9.06838e-05 0.029965 0.0199437 0.631107 0.00103222 
1.26565e-05 0.0109535 0.110349 0.0001341 0.0259168 0.0883689 0.0990921 0.000885793 0.0483943 0.0532302 0.554055 0.00860763 
6.98665e-09 0.00425579 0.0220666 7.12538e-05 0.0425303 0.00737693 0.00531173 6.1663e-06 0.0328393 0.0213923 0.864059 9.08137e-05 
9.64987e-11 0.0023227 0.209438 2.93994e-07 0.198868 0.0129171 0.110268 0.000972382 0.0975322 0.123726 0.243955 1.48915e-06 
1.02501e-06 0.00256695 0.066896 8.93698e-07 0.0156209 0.0210361 1.03888e-06 3.27072e-10 0.108305 0.0952671 0.690305 9.26065e-10 
0.0072678 0.00870119 0.0364852 9.43281e-06 0.0119286 0.0364738 0.00924849 5.92748e-05 0.0882491 0.0140188 0.786273 0.0012852 
3.06624e-05 0.00254668 0.222923 0.0032903 0.0221508 0.351931 0.000782285 0.000129472 0.0186256 0.0104595 0.367106 2.48318e-05 
0.000443317 0.00281897 0.0080463 1.36441e-06 0.0330838 0.00926608 0.0003421 0.00555905 0.118857 0.00373524 0.817705 0.000142141 
0.000286847 0.0255475 0.1132 0.00263502 0.172529 0.0281726 0.0093754 0.000141946 0.126958 0.0442977 0.456903 0.0199532 
7.90887e-10 0.0227612 0.00699685 1.15334e-07 0.00129915 0.0246065 0.0396087 0.000232051 0.0545708 0.00550999 0.842863 0.00155179 
1.51986e-05 0.061187 0.257862 2.82742e-05 0.00267119 0.0264182 0.00866031 0.000137225 0.0693635 0.072852 0.49781 0.00299507 
0.0109823 0.0126345 0.167626 0.000134299 0.0581818 0.0971259 0.0162046 0.00316422 0.0799533 0.183412 0.362808 0.0077727 
2.87058e-07 0.0206778 0.102701 9.59129e-07 0.0367689 0.0822721 0.000629856 1.54544e-05 0.0302551 5.69868e-05 0.726539 8.24601e-05 
2.63448e-07 0.0388482 0.153448 0.000240345 0.0202187 0.0162169 0.00102131 5.47644e-05 0.0592855 0.024292 0.685529 0.000844905 
0.000200632 0.00374412 0.0281167 2.03765e-05 0.00347666 0.0112168 0.00116766 2.67291e-05 0.0325719 0.00169041 0.917715 5.26579e-05 
3.45056e-09 0.00597246 0.068109 7.60132e-05 0.0200942 0.256186 3.26132e-08 0.000262861 0.0264923 0.0228855 0.599921 1.37931e-07 
0.000524745 0.0265866 0.0158281 9.18197e-06 0.0164938 0.0135061 0.0045917 3.14048e-05 0.030898 0.0264262 0.864703 0.000400896 
1.19215e-07 0.126722 0.177111 1.19221e-07 0.0269166 0.0596351 0.0145422 0.000715902 0.0676335 0.0064432 0.520281 1.19229e-07 
5.92352e-12 0.00344417 0.00358181 1.20224e-06 0.00142806 0.135894 0.0360414 6.63699e-05 0.0213008 0.00118036 0.795116 0.00194569 
0.00037515 0.00120143 0.205341 5.0966e-07 0.0836825 0.155757 0.0225667 0.00193908 0.163153 0.0064246 0.359407 0.000152974 
0.000233498 0.0156034 0.062939 1.17553e-05 0.0391373 0.106433 0.0110766 4.66568e-05 0.168489 0.0259493 0.569781 0.000300321 
4.11406e-06 0.00903494 0.116746 0.000397672 0.21073 0.0352121 0.00920786 0.00175295 0.0384947 0.0524783 0.510379 0.0155624 
0.000110008 0.00568803 0.16376 1.03123e-05 0.010264 0.122125 0.0159622 0.0308602 0.0386957 0.0272843 0.584675 0.000565077 
4.3971e-09 0.0880046 0.0918025 2.73338e-07 0.00315611 0.00759492 0.000316559 7.02454e-06 0.0418225 0.00105096 0.766239 5.47406e-06 
0.0013561 0.00570408 0.370768 1.81733e-05 0.00682839 0.0791747 0.0148298 0.000598567 0.0219565 0.0443316 0.44509 0.0093439 
5.523e-05 0.0123974 0.0516136 6.14719e-06 0.00834911 0.046731 0.0195769 0.00014646 0.0767244 0.0936608 0.681728 0.00901132 
1.77992e-08 0.0489282 0.187911 4.53375e-05 0.0814758 0.0102285 0.00867035 0.000510099 0.288918 0.0710831 0.297236 0.00499402 
3.50101e-05 0.0307626 0.0531792 1.42619e-06 0.178174 0.00572276 0.0299816 0.000127818 0.1966 0.143564 0.360752 0.00109892 
0.000682097 0.0155988 0.112396 0.000413254 0.0562393 0.106209 0.0219134 0.0018651 0.0991354 0.0637805 0.520604 0.00116379 
4.07998e-06 0.0822979 0.072471 1.71021e-05 0.00968428 0.057331 0.0164457 0.000229738 0.118447 0.0389122 0.602215 0.00194569 
3.64978e-09 0.000142267 0.00798848 3.02444e-06 0.0129505 0.0120419 0.00196121 1.63979e-05 0.00756759 0.000265623 0.957063 1.07855e-08 
0.000124247 0.00658335 0.0691315 0.00270718 0.080676 0.136279 0.00184439 2.89651e-05 0.223558 0.00548821 0.473577 1.13224e-06 
0.000310111 0.0833646 0.0854924 6.29897e-05 0.0474215 0.108493 0.00315078 3.14418e-05 0.227053 0.0481331 0.394407 0.00208068 
0.000525544 4.59856e-05 0.0539133 8.36736e-09 0.00144334 0.0127775 0.000294292 7.17002e-09 0.0791485 0.112821 0.739031 6.07868e-08 
5.78862e-06 0.00240308 0.0306569 9.22744e-05 0.0165117 0.0713957 4.3927e-07 6.53445e-06 0.0528288 0.00608412 0.820015 4.45801e-08 
0.00912019 0.00270109 0.176849 2.67664e-06 0.0497782 0.109328 0.000330839 5.7363e-06 0.0463921 0.211943 0.39043 0.00312041 
0.000149961 0.0162773 0.0487077 0.000207563 0.0030826 0.0821112 0.0576266 0.034592 0.0488703 0.0302631 0.67567 0.00244192 
0.000105027 0.0168624 0.210409 0.000204603 0.00809686 0.0259353 0.00111454 0.000710211 0.0223348 0.0166537 0.697174 0.000399218 
1.93703e-08 0.0597036 0.0429925 6.13041e-05 0.304968 0.0423621 0.0126201 0.00142811 0.0653628 0.00304968 0.466863 0.000588572 
0.000124044 0.0122468 0.131704 0.00132253 0.0733585 0.0122056 0.00193149 0.029154 0.199553 0.0571226 0.479449 0.00182829 
0.000149599 0.00618937 0.160856 0.000103832 0.0288594 0.196517 0.0116807 0.000867431 0.0878193 0.114324 0.391115 0.00151754 
9.76501e-05 0.000837352 0.0591142 4.85114e-05 0.00308882 0.00964751 0.000677646 9.2841e-06 0.0748705 0.0393462 0.811741 0.000521586 
0.000347399 0.0239354 0.362847 0.000268824 0.0221257 0.0906504 0.0308543 0.000814558 0.0259612 0.0297869 0.411859 0.000549181 
1.62132e-12 8.36401e-09 0.0126644 2.63888e-08 0.000389392 0.0407339 4.20668e-07 2.99666e-09 0.000274608 0.000266447 0.94538 0.00029099 
0.00224378 0.0141156 0.35674 0.000199946 0.00961052 0.15454 0.0334762 0.0335949 0.00487526 0.0104613 0.37993 0.000212187 
0.000163407 0.0178873 0.1433 5.70081e-06 0.0253848 0.115249 0.10355 0.00187153 0.10664 0.0139499 0.468972 0.00302569 
5.28116e-11 2.00517e-06 0.200518 3.58775e-07 0.0078527 0.00166495 4.12507e-08 0.000126042 0.0279324 0.0906849 0.671219 1.68777e-07 
0.00724376 0.00855471 0.112879 1.45885e-05 0.0040045 0.168098 0.0869192 0.00255965 0.020485 0.173843 0.414378 0.00102056 
3.13835e-06 0.0327143 0.107065 5.81632e-05 0.011927 0.0331054 0.00856461 3.62494e-05 0.058712 0.0269184 0.720705 0.000190462 
0.00554066 0.00291728 0.0820868 1.44268e-05 0.0534429 0.168888 0.0251306 0.00776871 0.102694 0.270822 0.279201 0.00149385 
0.00115002 0.0134166 0.352587 0.000561042 0.032096 0.0995487 0.00986646 0.00378335 0.0321373 0.0296646 0.423494 0.00169487 
4.0772e-10 5.29674e-07 0.0140288 3.88054e-10 0.028407 0.365605 0.0364091 7.15274e-07 0.0950023 1.22146e-06 0.460545 5.06573e-07 
1.98087e-11 0.0211763 0.0944882 0.000145106 0.000977381 0.00749535 0.000233367 1.12141e-06 0.0281502 0.0049571 0.842353 2.24461e-05 
1.9722e-05 0.021934 0.0270325 0.00122221 0.0161301 0.232471 0.240749 0.000434767 0.00648137 0.00408685 0.447688 0.00175017 
5.16596e-10 0.0175425 0.0841703 2.62179e-10 0.00997661 0.0025451 0.000292192 6.01576e-06 0.114718 0.000301517 0.770448 2.46041e-09 
2.73626e-05 0.136776 0.0400354 1.24176e-08 0.0194181 0.21487 0.00617934 1.97701e-05 0.0142648 0.0217617 0.545322 0.00132552 
0.000414834 0.00424928 0.205889 4.07744e-06 0.0431678 0.0467948 0.0119336 6.96726e-06 0.123517 0.0864185 0.477184 0.000419808 
8.91767e-05 0.0113526 0.0657612 1.36989e-05 0.0115004 0.158939 0.0135949 0.0137573 0.0327875 0.0566529 0.630822 0.00472939 
0.000562099 0.0094741 0.17625 4.20958e-06 0.0120707 0.0453767 0.047209 4.07308e-05 0.0417485 0.261253 0.405113 0.00089825 
0.000316207 0.0252645 0.108208 0.000352028 0.0953701 0.0949203 0.0100716 0.00341737 0.117397 0.0811351 0.461458 0.00208935 
0.00691553 0.01251 0.0498363 0.0713914 0.0803382 0.115161 0.00564133 0.0046161 0.19516 0.0198728 0.434727 0.00382988 
4.43568e-07 0.0229412 0.0882004 9.52662e-07 0.00470075 0.00926094 0.000444695 3.17987e-06 0.0706626 0.0546164 0.748973 0.000195311 
8.34216e-05 0.0148269 0.121678 0.00289384 0.0108 0.0987255 0.0763824 0.000114728 0.0574279 0.0445775 0.57101 0.00147968 
0.00052254 0.0273101 0.0187728 5.59057e-06 0.00554894 0.18656 0.329336 0.00827649 0.0646046 0.00537051 0.352837 0.000856 
0.000468242 0.00689354 0.0635266 3.3822e-05 0.0151144 0.257177 0.0156472 3.22188e-05 0.0565454 0.095863 0.48751 0.00118845 
1.45159e-10 0.00269322 0.269537 0.000316713 0.0146594 0.295144 0.102054 0.000385079 0.00106097 0.000239702 0.313554 0.000355421 
5.92352e-12 0.00344417 0.00358181 1.20224e-06 0.00142806 0.135894 0.0360414 6.63699e-05 0.0213008 0.00118036 0.795116 0.00194569 
0.000323525 0.00087456 0.0703891 2.21757e-05 0.0712461 0.101021 0.300412 0.00713522 0.0716729 0.00244683 0.373382 0.00107537 
4.76599e-07 0.000165781 0.0318864 2.72261e-06 0.0155191 0.0690407 0.32933 0.000550199 0.0443274 0.00915661 0.498521 0.00149994 
2.14148e-06 3.01214e-05 0.0302049 1.24112e-06 0.0516425 0.0449293 0.0123591 0.000292345 0.0239525 0.0135748 0.819293 0.0037182 
1.05333e-06 0.0103143 0.0446622 4.38853e-05 0.0117794 0.026417 0.00394326 4.78492e-06 0.0248875 0.00324581 0.874589 0.000112117 
1.96633e-06 0.0214204 0.0949062 3.24509e-07 0.00144564 0.00862393 0.0120078 5.65304e-07 0.0374208 0.159512 0.66417 0.000490426 
0.00262184 0.0537271 0.0887836 5.6086e-05 0.0142204 0.071981 0.153226 0.00297125 0.244993 0.0182865 0.348422 0.000711412 
3.92378e-09 5.94903e-05 0.031808 1.8168e-06 0.0259276 0.00897253 0.00118634 3.44522e-05 0.0150497 0.000588756 0.916333 3.78172e-05 
0.00860498 0.013071 0.152857 0.000298147 0.00945095 0.0524545 0.00647691 0.00114723 0.0247129 0.218784 0.51028 0.00186202 
5.78884e-06 0.00634342 0.0129053 0.000305357 0.066693 0.243624 0.0130748 0.00045814 0.129589 0.00499394 0.521684 0.00032304 
3.66131e-05 0.00226715 0.0331793 0.000146971 0.15036 0.178995 0.0132687 0.000215359 0.288861 0.000897415 0.331734 3.90862e-05 
0.00085493 0.0128952 0.167225 6.34652e-05 0.0555716 0.140739 0.0175811 0.117875 0.0491703 0.0227525 0.414318 0.000953765 
2.27746e-05 0.0200224 0.0480375 1.23234e-05 0.0116888 0.0551771 0.00742931 9.33218e-06 0.029801 0.00623036 0.813437 0.00813216 
7.39249e-06 0.0203171 0.142746 2.94516e-05 0.0517658 0.123579 0.0440133 7.97668e-05 0.048122 0.0178616 0.548456 0.00302184 
0.00477467 0.0673139 0.116464 0.0041784 0.113184 0.16189 0.0210397 0.000623213 0.195288 0.0250929 0.249316 0.0408352 
3.92378e-09 5.94903e-05 0.031808 1.8168e-06 0.0259276 0.00897253 0.00118634 3.44522e-05 0.0150497 0.000588756 0.916333 3.78172e-05 
0.00101348 0.00780257 0.34833 0.000104628 0.0159252 0.044853 0.0124201 0.00253521 0.0304777 0.0999615 0.435226 0.00135001 
3.8895e-05 0.00504672 0.227073 7.96788e-06 0.018633 0.0279064 0.000575308 8.02903e-05 0.0216051 0.0887861 0.610174 7.32479e-05 
7.47302e-06 0.0293028 0.0413265 9.12123e-05 0.131273 0.0155511 0.014949 1.13305e-05 0.248802 0.00215119 0.51557 0.000964887 
2.64028e-09 0.00168298 0.245308 8.87978e-07 0.00370446 0.00366777 0.000220321 5.44057e-05 0.00580493 0.0212381 0.718316 2.45731e-06 
5.92352e-12 0.00344417 0.00358181 1.20224e-06 0.00142806 0.135894 0.0360414 6.63699e-05 0.0213008 0.00118036 0.795116 0.00194569 
3.86555e-08 9.51771e-05 0.0331878 2.89924e-06 0.00792742 0.0294852 0.00175461 5.54858e-06 0.0125706 0.000140717 0.914308 0.000521709 
0.00244017 0.0039241 0.0542504 1.04709e-05 0.0606414 0.00357856 5.27549e-12 3.23473e-05 0.0135161 0.0828523 0.778631 0.000122741 
7.93876e-05 0.0283759 0.182126 9.41319e-05 0.0321685 0.0527702 0.031196 0.0171842 0.0446383 0.048741 0.561504 0.00112249 
4.59761e-11 0.000181201 0.0836105 3.14305e-06 0.0164018 0.0205705 6.52197e-05 0.000102696 0.0088387 0.0446599 0.825564 1.84034e-06 
0.000587579 0.00294409 0.0771704 0.000731549 0.201325 0.107647 0.138677 0.00830835 0.0745361 0.0110118 0.376553 0.000506625 
5.00851e-06 0.0480168 0.10223 0.00015299 0.00217251 0.046114 0.00139774 8.16527e-05 0.116112 0.00734867 0.676363 5.85202e-06 
6.803e-05 0.0159953 0.119997 4.69737e-07 0.0479026 0.0231358 0.000666101 6.99704e-05 0.14273 0.132664 0.515976 0.000794473 
0.000527698 0.0153488 0.0124653 2.65114e-05 0.115712 0.10057 0.0539338 0.0111721 0.164671 0.0484643 0.471842 0.00526559 
9.26599e-11 0.00535784 0.0301311 0.000105509 0.155269 0.188513 0.0113934 0.000106479 0.132247 0.00394872 0.472271 0.000657821 
3.52475e-12 8.20849e-08 0.139092 4.02906e-09 0.104832 0.000840963 5.38593e-08 0.000281559 0.0131174 0.000853222 0.740983 3.78261e-08 
8.25149e-05 0.00884346 0.167057 0.000637059 0.292247 0.0624715 0.0119423 0.00109863 0.0442058 0.00528367 0.40555 0.000581223 
0.00796892 0.00910807 0.0918691 0.000174498 0.063745 0.0273864 0.0194618 0.000392243 0.0845549 0.0370465 0.657315 0.000977914 
0.00105734 0.039724 0.0587839 0.000273723 0.0121631 0.0862178 0.259802 0.0410802 0.0333881 0.00116176 0.465648 0.000699552 
0.00178471 0.000979089 0.228445 0.000217945 0.0155933 0.03403 0.00262462 0.0142677 0.017137 0.124087 0.560244 0.000590363 
4.46469e-08 5.25671e-06 0.00583127 2.63241e-05 0.064529 0.0482331 1.83722e-05 0.000127076 0.00420758 0.0194181 0.857587 1.66642e-05 
9.07479e-05 1.54178e-07 0.0552008 9.41736e-11 7.68025e-07 0.0367586 0.00941822 3.09916e-11 0.00227414 0.0752843 0.820972 8.77487e-11 
3.81541e-09 0.00252952 0.00310079 6.47644e-07 0.00183229 0.131514 0.0203246 3.55703e-05 0.0215643 0.00162801 0.816367 0.0011029 
2.05392e-08 0.00820294 0.00883006 0.00010007 0.00376312 0.0659381 0.00743616 2.5385e-05 0.0418867 0.00242639 0.861235 0.000156492 
0.00495711 0.0118424 0.027437 1.43598e-05 0.0597566 0.0667951 0.00789386 5.07819e-05 0.107759 0.051594 0.66158 0.000319669 
0.000185765 0.011339 0.23675 0.00908383 0.177778 0.0314283 0.127083 0.00133419 0.018022 0.0475867 0.33851 0.000899447 
5.26107e-05 0.00334063 0.281076 0.00563926 0.133157 0.0811221 0.0469538 0.000354663 0.0315545 0.102789 0.311615 0.0023464 
0.00104837 0.0575211 0.00697415 4.84003e-05 0.0333728 0.136611 0.00238549 4.44783e-05 0.0620042 0.00262359 0.69725 0.000116039 
0.00020729 0.0295544 0.217555 9.20322e-05 0.00327485 0.00211198 0.000309469 1.38121e-05 0.147837 0.00313216 0.595873 3.88661e-05 
0.000230977 0.0122552 0.0835575 1.24643e-06 0.000470439 0.0420526 0.0139237 8.06849e-06 0.00366237 0.0111552 0.831762 0.000920379 
0.000853439 0.0865675 0.110915 5.50475e-05 0.108013 0.0822053 0.0133833 0.00686396 0.142461 0.114433 0.325868 0.00838037 
0.000450511 0.00243962 0.00223981 0.00369634 0.018307 0.0980317 0.000856059 0.02659 0.125168 0.077811 0.642299 0.00211099 
0.00681362 0.0117314 0.285104 0.000278142 0.0353169 0.123844 0.025305 0.00728845 0.0855776 0.0333521 0.384283 0.00110627 
8.66129e-05 0.00601209 0.0571573 0.000127534 0.0569603 0.266081 0.00169227 0.0103047 0.0287364 0.00920341 0.563343 0.000294546 
7.90111e-11 0.000817741 0.134831 7.52002e-11 0.271564 0.090528 2.11278e-06 2.74723e-07 0.0679968 0.0189065 0.412422 0.00293066 
7.77362e-07 0.0299373 0.0707735 0.000931885 0.016608 0.0207623 0.0113875 3.8327e-05 0.0998096 0.0823977 0.65487 0.0124836 
4.48204e-06 0.00247097 0.0302066 7.24625e-05 0.0203991 0.0710659 3.32436e-05 1.85977e-05 0.0513485 0.00737987 0.817 3.07442e-08 
1.66677e-05 0.0556479 0.0415233 0.00310418 0.0239085 0.155193 0.0278268 0.000148185 0.0422248 0.0072248 0.635657 0.00752467 
1.54235e-05 0.00220678 0.029276 0.00138602 0.00853489 0.30185 0.0892181 0.000486306 0.0172558 0.0107718 0.531071 0.00792818 
4.85939e-05 0.000814614 0.0779882 1.76811e-05 0.0468969 0.0339285 0.00013352 2.93815e-05 0.11986 0.055447 0.664578 0.000258383 
0.00141154 0.00467871 0.214174 2.348e-05 0.006717 0.0802423 0.0253684 0.00392062 0.0369843 0.0204402 0.605845 0.000194218 
6.0439e-06 0.00145819 0.0808458 7.22491e-06 0.024065 0.0158802 0.00105831 0.000129574 0.0264639 0.00904995 0.839187 0.00184926 
8.1669e-08 0.0102579 0.150709 9.80894e-05 0.0621265 0.0133154 0.00375936 0.00166727 0.173706 0.00634295 0.577029 0.000988387 
1.56422e-12 0.0498905 0.000161359 8.72248e-06 0.000401054 0.0277447 0.0205553 3.28082e-05 0.0416223 0.000612095 0.858214 0.000756813 
0.000239212 4.73184e-06 0.00891716 7.38147e-11 0.0163398 0.234266 0.0598788 1.60323e-05 0.21488 0.0133688 0.45154 0.000549937 
2.84045e-05 0.0181455 0.0275406 7.69494e-06 0.0441172 0.00750032 0.0056035 3.55721e-06 0.276129 0.211232 0.408567 0.00112534 
6.50618e-05 0.0498138 0.153851 9.92088e-07 0.0485508 0.06237 9.36096e-05 4.31576e-05 0.134926 0.00628803 0.543998 9.13626e-09 
6.9776e-05 0.00872713 0.178307 1.415e-07 0.111353 0.00664002 0.0515084 0.000100417 0.0623455 0.0433624 0.537334 0.000252078 
4.71462e-08 0.00514718 0.00170135 9.88945e-06 0.00145062 0.105766 0.0280572 0.00975467 0.0188948 0.00302103 0.824547 0.00165032 
6.08716e-06 0.033891 0.0686249 4.79729e-06 0.023734 0.144018 0.0124025 0.000202038 0.0345299 0.0096774 0.670088 0.00282105 
0.0405127 0.000176336 0.0182764 1.64448e-07 0.0341407 0.00210434 0.000100622 2.12385e-05 0.0628964 0.0513987 0.789695 0.000677083 
0.000187301 0.00730141 0.0708156 0.000157591 0.174206 0.0703551 0.0209338 0.0146087 0.168395 0.0314585 0.428973 0.0126082 
3.0294e-07 0.0123096 0.251091 3.02954e-07 0.0677615 0.0779224 0.0184313 3.03147e-07 0.181689 0.0330789 0.357716 3.02974e-07 
1.2429e-10 0.0253423 0.00202497 0.00014802 0.00585996 0.0222742 0.110706 6.04551e-05 0.0994001 0.00398899 0.729708 0.000486405 
1.6076e-09 0.0619624 0.193434 0.00440179 0.0366307 0.138267 0.0220263 0.0227935 0.209486 0.00684877 0.285499 0.0186509 
3.67138e-08 0.000269182 0.145186 1.46749e-07 0.00259617 0.0119572 0.0343755 1.96246e-05 0.0118582 0.126153 0.667019 0.000566254 
3.05764e-09 5.01314e-07 0.372358 0.00165548 0.092376 1.00307e-06 2.27961e-06 4.33251e-07 0.0832684 9.20286e-06 0.448346 0.00198272 
9.69179e-07 0.000197687 0.0196787 6.90311e-07 0.00494399 0.0263604 0.00822201 2.27174e-07 0.0100459 0.193049 0.596856 0.140644 
0.0135827 0.00848273 0.238896 0.00220919 0.0808759 0.117081 0.030275 0.00208918 0.146079 0.0239177 0.335943 0.000567857 
4.16708e-10 0.00084313 0.389772 1.53139e-07 0.0642577 0.000749606 0.00148041 8.63902e-06 0.00507426 0.0838959 0.453017 0.00090122 
0.00143741 0.0215385 0.0520038 0.000355752 0.0305117 0.0849839 0.0225653 0.00561666 0.187785 0.0549118 0.534775 0.00351493 
0.00271417 0.00039427 0.0561187 8.37907e-05 0.0227375 0.0503282 0.026278 0.00598552 0.165931 0.0578477 0.611454 0.000127805 
0.000869764 0.0136377 0.026085 0.0015377 0.0314306 0.193698 0.0218753 0.00254395 0.103705 0.0218772 0.582494 0.000246085 
1.32111e-07 0.0159987 0.0948883 5.41086e-06 0.00754233 0.0643898 0.00661367 0.0254897 0.00978328 0.00536515 0.769505 0.000418988 
2.22232e-05 0.00427648 0.109956 3.73846e-09 0.0126211 0.00177143 7.09493e-09 2.15801e-13 0.373787 0.0159172 0.481648 2.05917e-08 
3.66041e-08 0.000102275 0.040784 6.60982e-07 0.00461524 0.256592 0.00338019 1.1762e-05 0.0148099 0.0071388 0.671114 0.00145086 
0.000452537 0.169224 0.0992159 0.000238015 0.0675389 0.149103 0.0088401 0.00024911 0.170609 0.0393978 0.294255 0.000876367 
1.176e-05 0.00101906 0.149632 3.24767e-08 0.0011602 0.00177481 0.0011827 5.13861e-05 0.0268385 0.106531 0.70971 0.00208835 
6.63009e-08 0.0262171 0.132469 5.92827e-08 0.0190168 0.193902 0.0144631 0.00233278 0.12424 0.016818 0.470031 0.000509424 
0.000790082 0.0247229 0.237593 7.15004e-05 0.0226221 0.10684 0.0178881 0.00172895 0.0496638 0.141683 0.395043 0.00135387 
0.000207556 0.0294312 0.0376874 1.74135e-05 0.0328895 0.0812453 0.0162491 0.000127594 0.0605759 0.00487365 0.735972 0.000723778 
0.00101268 0.00390441 0.0207217 1.41272e-05 0.00412612 0.126183 0.0250414 4.80799e-05 0.0341562 0.0233299 0.760101 0.0013616 
0.000583034 0.0144446 0.0140184 7.50949e-07 0.000602841 0.0788771 0.0945015 0.00374655 0.0360877 0.0201777 0.736847 0.000112967 
1.56422e-12 0.0498905 0.000161359 8.72248e-06 0.000401054 0.0277447 0.0205553 3.28082e-05 0.0416223 0.000612095 0.858214 0.000756813 
0.000184459 0.0117451 0.161951 0.000104381 0.0217837 0.114597 0.0418426 0.00408719 0.0520059 0.0406858 0.547074 0.00393915 
0.000632184 0.0183444 0.0758129 3.84925e-06 0.00906577 0.0152223 0.00815826 1.40587e-05 0.0175337 0.0463488 0.8086 0.000264057 
0.000300843 0.0203041 0.0656222 2.26005e-07 0.0034306 0.203775 0.0070575 8.28116e-06 0.0351387 0.0151309 0.634286 0.0149454 
3.92378e-09 5.94903e-05 0.031808 1.8168e-06 0.0259276 0.00897253 0.00118634 3.44522e-05 0.0150497 0.000588756 0.916333 3.78172e-05 
0.000534179 0.00046634 0.184615 4.48025e-08 0.0157519 0.0669579 0.0157344 2.11216e-05 0.100404 0.0961111 0.519404 2.17386e-07 
0.00032172 0.00490599 0.31461 6.27535e-06 0.0141483 0.130531 0.00531348 0.00421559 0.0497217 0.113086 0.362418 0.000721491 
0.000148057 0.000547201 0.031694 6.50295e-08 0.00530228 0.209894 0.0278069 1.8969e-05 0.0563137 0.0510503 0.616877 0.000348166 
7.16573e-11 0.000738941 0.018602 6.40013e-05 0.0920677 0.101487 0.00393461 6.38976e-06 0.312538 0.00489613 0.465666 1.21184e-07 
6.60343e-06 0.00465512 0.151389 2.90339e-06 0.0578401 0.0923973 0.00189906 6.32373e-05 0.0660981 0.0621743 0.56011 0.00336401 
2.10299e-07 0.00305003 0.13711 0.0002498 0.193756 0.0255039 0.00196127 3.35255e-05 0.132792 0.0168581 0.488679 5.71583e-06 
5.33034e-06 0.00927176 0.0377115 9.178e-05 0.025829 0.083875 3.58923e-05 2.3589e-05 0.0816729 0.00896021 0.752513 1.04572e-05 
1.55891e-06 0.00544512 0.125934 0.000107136 0.26928 0.107201 0.00318171 9.29448e-05 0.0654266 0.0108398 0.412364 0.00012677 
7.24807e-05 0.0610534 0.265543 1.03401e-07 0.00714014 0.0555401 0.00283505 0.000951998 0.0350836 0.00708872 0.564691 1.03408e-07 
1.56422e-12 0.0498905 0.000161359 8.72248e-06 0.000401054 0.0277447 0.0205553 3.28082e-05 0.0416223 0.000612095 0.858214 0.000756813 
1.24907e-05 0.00890303 0.0270122 0.000301368 0.00579868 0.121222 0.120291 4.02912e-05 0.0329887 0.0124327 0.662988 0.00800973 
6.30048e-10 9.19943e-05 0.0519259 2.20268e-07 0.0487174 0.218784 0.0114986 0.000137521 0.197356 0.0605217 0.410844 0.000121823 
2.7204e-06 0.0556675 0.232488 1.31278e-05 0.0102164 0.0912538 0.0233802 0.0391116 0.0844921 0.0322002 0.430592 0.000582148 
0.00115717 0.00609709 0.0322276 3.40966e-05 0.00641418 0.0467444 0.051435 0.0373832 0.299743 0.0186138 0.499709 0.000441868 
1.3086e-11 6.15877e-08 0.00101099 2.11779e-09 0.00946059 0.108578 9.93547e-05 2.77722e-06 0.00238277 0.001182 0.877283 2.2379e-08 
4.9327e-05 0.055509 0.0466056 5.93604e-05 0.008519 0.11758 0.0220431 0.000202139 0.0554188 0.0194999 0.674376 0.000138135 
1.78578e-08 0.01978 0.0424863 3.576e-08 0.00525147 0.104918 0.0300444 5.03897e-05 0.0304788 0.0251483 0.74112 0.000722431 
9.50659e-11 0.000214753 0.0194216 0.00149751 0.0688053 0.13624 0.0547923 9.52168e-05 0.0135286 0.0695661 0.635839 1.35433e-07 
6.1172e-06 0.0620988 0.0674345 1.24348e-05 0.0800118 0.175826 0.0124539 0.000667866 0.19516 0.0168424 0.320442 0.0690437 
0.00215412 0.00274249 0.119906 6.89784e-07 0.00346128 0.0720922 0.0594773 0.000405418 0.0105509 0.0269652 0.701933 0.000311776 
5.96262e-10 0.00369389 0.0853812 2.71512e-05 0.010099 0.0478902 0.00152693 4.93357e-05 0.0159439 0.00593575 0.82076 0.00869236 
6.12818e-05 0.0228902 0.0483379 2.66421e-05 0.0243257 0.194688 0.0290973 0.00446412 0.0453332 0.286023 0.341738 0.0030146 
1.44386e-06 0.00918666 0.0439936 1.97063e-05 0.00211283 0.296512 0.00039426 2.18141e-05 0.0156867 0.0924582 0.539497 0.000115365 
1.68224e-05 0.00383535 0.183269 1.17937e-09 0.00157994 0.0123635 5.42409e-09 3.29513e-07 0.032339 0.0153965 0.7512 3.22083e-12 
5.19931e-07 0.0380426 0.207951 2.38926e-05 0.171164 0.117466 0.00554044 0.000701407 0.0863848 0.00536081 0.367098 0.000267021 
8.95594e-06 0.00574379 0.104611 0.000841554 0.0127819 0.330769 0.0628952 0.000123547 0.0123496 0.0138524 0.449 0.00702316 
1.08558e-12 0.0141804 0.00045634 7.77368e-06 0.0011558 0.0103995 0.00635562 2.04021e-05 0.079724 7.72509e-05 0.887321 0.000301713 
0.00245062 0.000166425 0.102815 2.3894e-05 0.0283558 0.0302863 0.229742 0.000864496 0.0332566 0.0268741 0.539288 0.00587705 
5.26109e-07 0.0159359 0.0891377 2.3541e-08 0.0146537 0.0880318 0.00589607 1.4029e-05 0.0476939 0.00608806 0.732438 0.000110547 
5.59178e-10 0.0102586 0.00646106 6.23481e-07 0.000542591 0.0548196 0.020498 8.59963e-05 0.0233607 0.00900342 0.652582 0.222387 
6.44759e-05 0.00558671 0.272411 9.35768e-07 0.0515816 0.00602908 0.073061 0.000921345 0.24945 0.0178433 0.322768 0.000282908 
1.73861e-13 0.00529443 0.00166506 1.20721e-06 0.00336445 0.00467804 0.00123274 5.01972e-06 0.0227119 4.67852e-06 0.961042 1.54186e-13 
0.000156872 0.0280922 0.134199 0.000600546 0.124538 0.283743 0.0139437 0.00846921 0.0686249 0.0441842 0.291706 0.00174287 
8.62065e-07 0.00405086 0.329858 0.00159528 0.284283 0.0108268 0.00019303 0.000618889 0.0203268 0.00470297 0.336823 0.00672154 
5.65674e-05 0.112439 0.177395 9.66097e-07 0.0046957 0.142552 0.0050625 3.61175e-05 0.0463083 0.0201617 0.489414 0.00187784 
7.56948e-05 0.00185729 0.00993796 1.68272e-08 0.212214 0.192648 0.00497994 3.10778e-06 0.141428 0.0312011 0.405345 0.000309513 
4.82234e-05 0.00302104 0.0292731 0.00323521 0.181061 0.273941 0.00274382 0.00335761 0.00888333 1.20359e-07 0.492776 0.00165986 
0.000449887 0.000405373 0.0255666 2.7564e-09 0.00172012 0.0171515 0.0298748 2.69351e-05 0.0428018 0.00898013 0.868752 0.00427121 
1.83197e-09 0.0284138 0.281238 1.72414e-05 0.00480929 0.0318446 0.0003021 5.22167e-05 0.0351574 0.00276801 0.615235 0.000161726 
0.000318994 0.0046334 0.16662 9.03853e-05 0.00289005 0.0489007 0.238424 0.0037806 0.0153684 0.0525117 0.465884 0.000577611 
1.92554e-06 0.0318051 0.0446999 1.47045e-06 0.0205488 0.089857 0.000905265 4.21072e-05 0.104603 0.00323988 0.704177 0.000119059 
4.67769e-05 0.000157381 0.164627 4.6652e-06 0.00269557 0.000553899 0.00122461 5.91231e-06 0.0129539 0.353257 0.46447 3.31477e-06 
0.00061167 0.0184937 0.0169311 3.00255e-07 0.00269013 0.274405 0.00492367 8.55539e-06 0.202535 0.0654497 0.413937 1.39776e-05 
4.08749e-07 0.00551545 0.0266754 0.000280273 0.0504636 0.398902 0.000901681 2.23072e-05 0.0626336 0.0213992 0.433054 0.00015212 
5.16603e-06 1.92857e-05 0.097126 6.91087e-06 4.90598e-08 0.074582 0.117355 9.69844e-08 0.0302992 0.128573 0.552008 2.48519e-05 
5.92352e-12 0.00344417 0.00358181 1.20224e-06 0.00142806 0.135894 0.0360414 6.63699e-05 0.0213008 0.00118036 0.795116 0.00194569 
0.0182509 0.0153418 0.0312795 2.59918e-05 0.013702 0.0100207 0.100317 4.26456e-06 0.100515 0.0147524 0.695228 0.00056338 
0.000159759 0.00365918 0.111244 7.78206e-09 0.0305996 0.0220863 2.68292e-05 1.85943e-08 0.276716 0.0205111 0.534997 2.89451e-11 
3.86555e-08 9.51771e-05 0.0331878 2.89924e-06 0.00792742 0.0294852 0.00175461 5.54858e-06 0.0125706 0.000140717 0.914308 0.000521709 
8.47804e-11 0.000260196 0.286645 0.000541764 0.047011 0.298088 9.68972e-05 1.96697e-05 0.00679926 0.0106273 0.349848 6.27302e-05 
3.71597e-06 0.0419676 0.113257 4.61165e-08 0.00588748 0.0265163 0.00360603 0.000151902 0.00485932 0.00219845 0.801456 9.5437e-05 
0.000134728 0.000760588 0.0177661 4.26773e-10 0.00896752 0.0254179 0.229324 0.00026031 0.0651315 0.00678784 0.64512 0.00032963 
2.15211e-12 0.00674879 0.0017675 2.92548e-07 0.000716034 0.086875 0.0399314 4.15068e-05 0.00638739 0.000713327 0.855306 0.00151309 
6.54462e-10 0.011071 0.330991 3.62655e-05 0.048155 0.00134163 6.02537e-05 1.02052e-05 0.0012735 0.0775544 0.529477 3.05059e-05 
0.00015883 0.0317754 0.0269863 3.51997e-06 0.340138 0.00412711 0.0204097 3.24933e-05 0.181619 0.0228362 0.370684 0.00122913 
0.00510916 0.0306648 0.189905 3.01115e-05 0.0253989 0.0197925 0.00431594 0.00217282 0.0314907 0.00992146 0.67704 0.00415877 
1.17406e-10 0.0802505 0.0109459 4.00216e-07 0.0043247 0.00448667 0.000149438 1.52634e-06 0.396224 0.000635044 0.502982 1.47313e-07 
1.11455e-05 0.00667625 0.154653 7.38389e-05 0.331995 0.0261733 0.0170251 0.0398338 0.046922 0.0303408 0.345881 0.000414833 
1.43274e-05 0.0934698 0.253797 4.81705e-05 0.00338461 0.0387694 0.0132789 0.00023406 0.0936197 0.0443637 0.457208 0.00181257 
7.69532e-07 0.0158814 0.21186 9.08061e-05 0.00102377 0.305136 0.0105379 2.00818e-05 0.00712828 0.017184 0.430685 0.00045184 
1.84959e-05 0.00074642 0.167631 2.26767e-06 0.0836318 0.124457 0.00494695 0.000132251 0.0195364 0.117271 0.472871 0.00875591 
5.92856e-06 0.000111623 0.0213976 2.69378e-05 0.0107095 0.0258662 0.000500541 4.16291e-05 0.0292857 0.00293839 0.908401 0.00071484 
1.12299e-05 0.0146939 0.0615334 0.00224316 0.0118451 0.0620049 0.0262983 0.000137622 0.0230216 0.0402092 0.756053 0.00194863 
1.56422e-12 0.0498905 0.000161359 8.72248e-06 0.000401054 0.0277447 0.0205553 3.28082e-05 0.0416223 0.000612095 0.858214 0.000756813 
3.72989e-07 0.0010474 0.0298297 0.000100979 0.0108989 0.202854 0.0347798 0.0454734 0.0484513 0.0981633 0.524556 0.00384455 
6.68332e-09 6.0807e-05 0.014252 3.39299e-07 0.370778 0.0115865 0.0152129 0.000419419 0.0546867 0.0288319 0.504171 1.62795e-07 
5.92352e-12 0.00344417 0.00358181 1.20224e-06 0.00142806 0.135894 0.0360414 6.63699e-05 0.0213008 0.00118036 0.795116 0.00194569 
1.92121e-08 0.0371404 0.112712 0.000187092 0.00972748 0.118271 0.000673551 1.22495e-05 0.0443579 0.0234404 0.653456 2.17702e-05 
0.000296629 0.00298429 0.160301 2.1307e-06 0.00756037 0.0602956 0.181826 0.000145169 0.0399265 0.242035 0.304585 4.34146e-05 
0.00278803 0.00898894 0.02484 1.11976e-05 0.00561204 0.254387 0.124957 0.00273667 0.0869466 0.00400102 0.483964 0.000768388 
5.34484e-06 0.00646604 0.270764 0.000560434 0.0972373 0.0809758 0.0810729 0.0667986 0.0341153 0.051334 0.309561 0.00110999 
8.43986e-06 0.0170628 0.191403 0.000357556 0.00672819 0.205116 0.0119969 0.015884 0.0900365 0.0264562 0.434734 0.000216612 
1.08025e-05 0.000335908 0.062577 9.28708e-05 0.00817645 0.287837 0.00039265 2.10819e-05 0.0347563 0.0536162 0.552175 8.81715e-06 
0.000128437 0.00625361 0.320603 2.58915e-07 0.0715638 0.0566624 0.143255 0.0149176 0.00873702 0.0465004 0.331378 2.89653e-08 
1.26389e-07 0.000152278 0.00308946 1.20293e-07 0.0103232 0.117725 5.52506e-05 3.37752e-05 0.0763084 0.00489602 0.787111 0.000304874 
3.81541e-09 0.00252952 0.00310079 6.47644e-07 0.00183229 0.131514 0.0203246 3.55703e-05 0.0215643 0.00162801 0.816367 0.0011029 
0.000343658 0.0151129 0.0338601 3.79479e-05 0.00312724 0.290499 0.00464008 0.00268142 0.0473849 0.0932383 0.507913 0.00116142 
0.00229861 0.0239395 0.0979183 2.49975e-06 0.0673602 0.221524 0.1202 0.0250231 0.108285 0.056188 0.277113 0.000147482 
3.1818e-10 0.019242 0.0499077 1.01576e-07 0.0132178 0.0039307 0.000254833 1.00683e-05 0.039909 0.000739983 0.872784 3.68311e-06 
0.00363984 0.022805 0.179662 7.17838e-05 0.0139575 0.0710112 0.0187915 0.00784788 0.294381 0.0605052 0.327193 0.000134993 
0.0027931 0.00712479 0.193284 0.000104751 0.00441604 0.146484 0.00880701 0.00114423 0.0250584 0.24467 0.364051 0.00206213 
1.7091e-12 3.17063e-05 0.210158 1.91746e-06 0.00162423 0.369928 1.42716e-08 6.88983e-06 0.000740296 0.00492083 0.412587 1.51569e-12 
0.000451137 0.0103997 0.270869 1.50183e-05 0.0175631 0.0853638 0.0214207 0.0150198 0.136517 0.0722144 0.369866 0.000300361 
9.95463e-05 0.000863101 0.104073 6.603e-06 0.0485739 0.0559845 0.0704809 0.000269341 0.0727123 0.259095 0.321418 0.0664229 
0.00260686 0.0467922 0.207396 0.000675168 0.0732682 0.0494694 0.199018 0.0101517 0.114964 0.0543975 0.239633 0.00162841 
3.74016e-06 0.0208754 0.0845602 4.83687e-05 0.0491562 0.0956999 0.0466645 0.000404355 0.0328744 0.0123736 0.656769 0.000570035 
1.41906e-05 0.0696202 0.153607 2.73604e-06 0.00223031 0.0542153 0.0732552 0.000328898 0.0400511 0.0387119 0.567802 0.000161312 
0.00687319 0.00368766 0.121452 9.26541e-05 0.0292681 0.236005 0.0150094 0.000125128 0.100012 0.0200689 0.467053 0.000353285 
9.96664e-09 0.00307348 0.03382 1.79597e-06 0.0288394 0.02737 0.191996 0.000445972 0.0946234 0.00534116 0.613545 0.000943689 
1.47293e-12 0.0095585 0.00284068 1.78478e-06 0.00124461 0.0125151 0.00577868 8.32509e-06 0.0199507 0.000742035 0.947293 6.64286e-05 
1.14576e-05 0.000333019 0.0194391 0.0149916 0.0402273 0.176345 0.0609952 0.000202726 0.0488857 0.0118196 0.621709 0.00504016 
6.78084e-05 0.00391769 0.205766 0.000232453 0.0133639 0.0305474 0.00570519 0.000828383 0.0253817 0.323996 0.37468 0.0155129 
9.96664e-09 0.00307348 0.03382 1.79597e-06 0.0288394 0.02737 0.191996 0.000445972 0.0946234 0.00534116 0.613545 0.000943689 
3.0294e-07 0.0123096 0.251091 3.02954e-07 0.0677615 0.0779224 0.0184313 3.03147e-07 0.181689 0.0330789 0.357716 3.02974e-07 
2.02435e-09 0.0160213 0.00366082 3.80133e-05 0.122785 0.0746943 0.00914945 7.61462e-05 0.0812109 0.00881334 0.670411 0.0131399 
0.00406714 0.00638995 0.24311 6.98298e-06 0.014108 0.118108 0.01326 9.61516e-05 0.0430759 0.0104908 0.546954 0.000332023 
2.59093e-05 0.00725692 0.0438046 8.09944e-06 0.0209398 0.240209 0.00052529 9.01915e-06 0.145639 0.0201657 0.520748 0.000669366 
6.99516e-13 0.00755231 0.00525968 2.55623e-06 0.00216062 0.169573 0.0395464 2.82643e-05 0.0196917 0.000383661 0.751056 0.00474573 
3.40827e-06 0.0139643 0.0208976 9.65039e-05 0.00297849 0.0787919 0.41438 0.000265936 0.0298819 0.0113463 0.420842 0.00655144 
3.6769e-12 0.0012173 0.211447 8.01251e-10 0.00839886 0.0304662 0.000634971 2.51835e-05 0.0478177 0.00532564 0.694667 7.49844e-09 
0.000217882 0.109489 0.140708 0.000165603 0.0121221 0.0113738 0.00402759 0.00772616 0.0963707 0.0203173 0.595636 0.00184643 
1.56013e-07 1.51516e-06 0.0361209 2.00916e-11 0.00033687 0.157359 0.0143353 5.38708e-06 0.0521943 0.0193792 0.720249 1.80263e-05 
3.81541e-09 0.00252952 0.00310079 6.47644e-07 0.00183229 0.131514 0.0203246 3.55703e-05 0.0215643 0.00162801 0.816367 0.0011029 
0.00184796 0.00145242 0.0482869 6.56771e-06 0.0890555 0.0775716 0.0965825 0.0004944 0.0359773 0.174556 0.46985 0.00431972 
0.000382874 0.0171644 0.112696 0.000563694 0.227785 0.0116528 0.0201485 0.000441039 0.0853092 0.0189608 0.50133 0.00356596 
5.99595e-06 0.000509189 0.112406 3.46311e-07 0.00103294 0.15767 0.0685949 0.0594432 0.00470315 0.0132679 0.582147 0.000219671 
9.71825e-11 0.000252191 0.0217755 0.000817735 0.0111113 0.138813 0.360354 0.000128013 0.0358601 0.00201355 0.42702 0.00185423 
5.56681e-09 0.00138083 0.194665 2.84146e-06 0.00493066 0.054898 3.07307e-05 2.62674e-07 0.00933039 0.0109182 0.723843 6.48306e-10 
0.000473798 0.0078578 0.0333553 2.90788e-05 0.0204833 0.0282967 0.0354283 0.000219254 0.0914814 0.0164647 0.763341 0.00256953 
1.26485e-05 0.00215509 0.0206096 1.83941e-05 0.373188 0.0924471 0.00661632 0.000115821 0.091901 0.00936705 0.397013 0.00655606 
0.000427361 0.0298678 0.0377614 1.29438e-05 0.00878391 0.235917 0.0405741 0.0111856 0.0480219 0.0295476 0.555806 0.002095 
1.00337e-05 0.0163371 0.0027627 1.41325e-05 0.00833415 0.0377406 0.0114157 9.87223e-05 0.0285199 0.0132125 0.879683 0.00187163 
0.000875048 0.0367254 0.216015 0.00415032 0.0123422 0.103973 0.118257 0.0530724 0.0579315 0.0793319 0.307422 0.00990536 
3.36504e-08 0.00217367 0.0121418 9.45673e-06 0.00230649 0.173239 0.000536323 0.000101557 0.0476647 0.110067 0.544049 0.107711 
1.62316e-10 0.0248186 0.147511 2.85712e-05 0.00120855 0.00360227 8.23793e-05 7.67236e-07 0.0313648 0.000670363 0.790648 6.41993e-05 
0.105947 2.99589e-05 0.00921951 2.61766e-07 0.0441931 0.206404 0.000754619 0.0123228 0.0114187 0.0577672 0.551943 2.3328e-07 
0.000420991 0.000714392 0.177112 2.39101e-05 0.125532 0.191749 0.00220685 0.0118902 0.0464464 0.206691 0.233074 0.00413797 
6.12481e-07 0.0917551 0.0360761 4.09825e-06 0.0136808 0.042404 0.00473448 6.04528e-06 0.188795 0.043252 0.578948 0.000343352 
0.000141976 0.00162228 0.219488 0.00194521 0.0722275 0.137896 0.00246123 0.000190309 0.111424 0.0943245 0.35685 0.00142959 
0.000399081 0.00674937 0.0101238 2.68961e-05 0.0113958 0.0834354 0.0510122 0.0242829 0.0230802 0.00335899 0.785556 0.000579629 
5.07047e-08 0.000804598 0.00228121 1.09629e-05 0.0427583 0.0979533 0.000164276 2.66637e-05 0.0152454 0.000504542 0.840251 4.43458e-08 
2.72659e-08 0.110917 0.052026 0.000614004 0.0767274 0.0042839 0.00901237 0.000391965 0.0641697 0.00637392 0.67509 0.000393227 
5.58237e-05 0.0965186 0.0134525 1.95764e-05 0.0161466 0.0342782 0.0112147 5.87179e-05 0.175128 0.000449524 0.652388 0.000288983 
3.98524e-05 0.0111129 0.443254 9.86836e-09 0.00185568 0.0105201 0.00318718 6.37829e-06 0.00779239 0.0444281 0.477663 0.000141292 
7.15457e-07 0.00316513 0.123277 2.87801e-06 0.00443368 0.207099 0.0331113 0.00263367 0.00825005 0.0903112 0.526225 0.00149047 
0.00318114 0.00049136 0.157371 3.74191e-07 0.0136649 0.223249 0.124542 0.0061193 0.125579 0.0804164 0.265012 0.000373514 
0.00323915 0.0271754 0.122143 0.00157969 0.151862 0.147853 0.00614892 8.19294e-05 0.0348627 0.159186 0.343427 0.00244125 
0.0017974 0.0361361 0.150703 0.000228073 0.0380967 0.0447721 0.00131456 0.0147883 0.0700217 0.106328 0.535608 0.00020631 
2.5993e-09 0.00478027 0.0251498 6.68046e-06 0.00791278 0.00102724 0.0031875 8.16395e-07 0.0196815 0.000668575 0.937585 2.30515e-09 
1.68224e-05 0.00383535 0.183269 1.17937e-09 0.00157994 0.0123635 5.42409e-09 3.29513e-07 0.032339 0.0153965 0.7512 3.22083e-12 
0.000959977 0.0216291 0.094153 0.000265951 0.0344052 0.101188 0.00919354 0.00816918 0.0978012 0.0469617 0.583358 0.00191529 
0.00272332 0.0198651 0.124175 0.000282149 0.0951166 0.0670003 0.0169152 0.00938218 0.113206 0.0812161 0.468753 0.00136509 
2.15975e-07 0.00319185 0.021869 4.12116e-06 0.001448 0.0389887 0.0161767 3.13668e-05 0.0178087 0.000547722 0.899362 0.000571119 
