5.16596e-10 0.0175425 0.0841703 2.62179e-10 0.00997661 0.0025451 0.000292192 6.01576e-06 0.114718 0.000301517 0.770448 2.46041e-09 
1.08558e-12 0.0141804 0.00045634 7.77368e-06 0.0011558 0.0103995 0.00635562 2.04021e-05 0.079724 7.72509e-05 0.887321 0.000301713 
2.3435e-05 0.0147407 0.171665 0.00330404 0.0315962 0.25385 0.188047 0.000159042 0.0485971 0.01797 0.256034 0.0140137 
9.27608e-06 0.0457788 0.0798285 1.39602e-07 0.032701 0.196476 0.0132022 0.000294863 0.0413356 0.013052 0.573012 0.00430965 
0.00025023 0.0389241 0.114612 0.00181128 0.0328992 0.166287 0.0858848 0.00163444 0.0136409 0.0415887 0.497479 0.00498857 
3.19338e-12 0.0185817 0.00770656 2.11265e-05 0.00294772 0.211145 0.324076 0.000340873 0.00530296 0.000511597 0.428327 0.0010395 
0.000275643 0.125486 0.0475955 2.42018e-05 0.00407473 0.0129938 0.000576578 6.80858e-07 0.360392 0.0384621 0.408802 0.00131605 
1.61082e-07 8.46627e-05 0.0970114 3.81032e-08 0.0405069 0.115728 0.00341019 9.81623e-05 0.0483722 0.00469582 0.689956 0.000136471 
8.30692e-11 0.00533921 0.00194046 2.63294e-07 0.00272193 0.011174 0.00108623 4.15192e-05 0.0401463 0.00207062 0.935479 2.80106e-07 
0.000137743 0.00912357 0.280378 0.000395953 0.00571816 0.0402715 0.00701232 0.0158269 0.0349957 0.0974608 0.50847 0.000209699 
3.88148e-06 0.00191288 0.203105 1.53247e-05 0.194304 0.0874086 0.0168918 0.000639619 0.200179 0.0127899 0.28275 4.85875e-09 
3.81541e-09 0.00252952 0.00310079 6.47644e-07 0.00183229 0.131514 0.0203246 3.55703e-05 0.0215643 0.00162801 0.816367 0.0011029 
1.01883e-08 0.0436752 0.237785 1.3948e-05 0.020796 0.0407689 0.0226944 0.000469647 0.0587373 0.0715875 0.502778 0.000694641 
1.2194e-11 0.00503783 0.00216091 1.98729e-07 0.0010771 0.0702069 0.0383168 9.20253e-05 0.00553503 0.00047566 0.876089 0.00100899 
0.00245062 0.000166425 0.102815 2.3894e-05 0.0283558 0.0302863 0.229742 0.000864496 0.0332566 0.0268741 0.539288 0.00587705 
8.52446e-08 0.00618575 0.306212 1.20256e-06 0.00100878 0.132115 0.0656442 0.000143036 0.00791333 0.0476652 0.431573 0.00153811 
1.83197e-09 0.0284138 0.281238 1.72414e-05 0.00480929 0.0318446 0.0003021 5.22167e-05 0.0351574 0.00276801 0.615235 0.000161726 
2.31303e-05 0.134889 0.142221 0.000274484 0.17124 0.0111571 0.00628834 0.000185575 0.0287117 0.057395 0.443607 0.00400828 
3.13835e-06 0.0327143 0.107065 5.81632e-05 0.011927 0.0331054 0.00856461 3.62494e-05 0.058712 0.0269184 0.720705 0.000190462 
4.39532e-07 0.00376339 0.0124882 4.41683e-05 0.0471393 0.00484383 0.0142637 4.06049e-05 0.129691 0.00824962 0.77935 0.000125938 
1.24517e-06 1.39371e-06 0.1077 5.24664e-07 0.0186805 3.8592e-06 6.77938e-11 6.39249e-11 1.48501e-06 0.0140219 0.859589 1.82806e-08 
4.6582e-07 0.0121515 0.0302344 6.54642e-05 0.00878071 0.0442248 8.38517e-06 2.3639e-07 0.0153727 0.00413452 0.885023 3.71525e-06 
0.00021429 0.0203598 0.062959 2.565e-05 0.0357525 0.0447053 0.0240276 0.000122617 0.210159 0.0601272 0.540726 0.000821538 
3.81541e-09 0.00252952 0.00310079 6.47644e-07 0.00183229 0.131514 0.0203246 3.55703e-05 0.0215643 0.00162801 0.816367 0.0011029 
0.00504776 0.0196039 0.109982 0.00234442 0.0924112 0.137323 0.009579 0.0011584 0.146516 0.0716366 0.400131 0.00426687 
4.07998e-06 0.0822979 0.072471 1.71021e-05 0.00968428 0.057331 0.0164457 0.000229738 0.118447 0.0389122 0.602215 0.00194569 
9.23448e-08 6.5713e-05 0.0189053 3.92433e-05 0.00848835 0.346756 0.12733 8.16837e-05 0.0045425 0.000814251 0.490045 0.00293168 
4.08342e-06 0.0144471 0.117748 4.14981e-09 0.193894 0.022438 0.000546416 0.000195711 0.0494218 0.0883163 0.510636 0.00235238 
0.001458 0.0880842 0.217337 1.25545e-05 0.00577103 0.0516783 0.081501 0.10746 0.110214 0.0057856 0.291881 0.0388167 
0.000160259 0.000111519 0.0745721 0.000452153 0.199867 0.00484742 0.00413386 0.00035373 0.0241178 0.063546 0.627835 3.26617e-06 
9.99647e-05 0.000117343 0.0542814 0.000730711 0.400547 0.0637414 0.000605075 3.46309e-05 0.0228969 0.00524877 0.451694 2.08725e-06 
0.000729179 0.0031626 0.0803607 1.88323e-08 0.0289147 0.00381617 0.0238114 0.000132429 0.0156248 0.0954414 0.747994 1.30096e-05 
8.41458e-06 0.0245409 0.00348613 1.03351e-05 0.000341088 0.000747794 2.61851e-05 8.23463e-06 0.00815666 0.000168645 0.962498 7.46234e-06 
1.50465e-07 0.0129668 0.05764 7.92852e-07 0.0223716 0.255436 0.00211172 5.37638e-06 0.18352 0.0208057 0.445138 4.5488e-06 
1.60046e-05 0.00127199 0.021188 2.75593e-05 0.0953464 0.073382 0.00155526 8.40733e-05 0.0779134 0.0271537 0.701108 0.000953776 
4.14562e-05 0.0269462 0.173178 2.48216e-06 0.00605127 0.202785 0.0033313 5.39899e-05 0.115155 0.225094 0.24695 0.00041203 
1.10543e-09 0.0442693 0.178277 9.44175e-09 0.00455508 0.0674161 0.0517059 0.0407763 0.0290168 0.00505565 0.573239 0.00568943 
0.000375664 0.00553073 0.0131044 7.06979e-06 0.00809928 0.082479 0.0214058 0.00888418 0.0197455 0.0175829 0.821084 0.00170173 
0.000250151 0.0656565 0.238646 5.92591e-05 0.0175798 0.148829 0.0849634 0.00355064 0.0251611 0.00192803 0.411491 0.00188484 
0.0183555 0.00848562 0.213085 0.000102621 0.0303747 0.167707 0.0266841 0.000194307 0.0268297 0.0376326 0.470048 0.000500372 
0.00215412 0.00274249 0.119906 6.89784e-07 0.00346128 0.0720922 0.0594773 0.000405418 0.0105509 0.0269652 0.701933 0.000311776 
2.78812e-08 0.00292887 0.00482928 5.54066e-05 0.115382 0.046355 0.0138712 0.00123919 0.0287334 0.00363202 0.770052 0.0129208 
7.59945e-07 6.65041e-07 0.0954251 6.00997e-10 0.30821 0.0159195 2.09752e-10 1.97782e-10 0.100788 0.0404571 0.439198 7.09655e-07 
1.21974e-07 0.000527613 0.0408572 4.98696e-06 0.0059099 0.027927 0.00522301 1.77336e-05 0.0400189 0.0144614 0.844936 0.0201164 
0.00307102 1.13792e-06 0.0583815 1.13705e-06 1.1379e-06 0.0339125 0.0543857 1.13777e-06 0.007057 0.0738542 0.769332 1.13712e-06 
0.000327624 0.0218031 0.0841304 2.27781e-06 0.0053919 0.0230119 0.000422593 4.35539e-06 0.0935546 0.00155616 0.768929 0.000866401 
2.97971e-05 0.00165741 0.051033 0.000103651 0.00543109 0.24588 0.0849114 6.79888e-06 0.0214035 0.0442119 0.522802 0.0225294 
1.92667e-06 0.0797602 0.0406828 2.45679e-08 0.00582864 0.0374193 0.00266374 0.00235037 0.130959 0.0114203 0.688758 0.000155809 
2.51165e-11 0.00237011 0.00477946 1.76478e-07 0.000700666 0.128285 0.0466803 9.29946e-05 0.00436218 0.00169356 0.8094 0.00163539 
8.28177e-05 0.00293473 0.191056 8.59857e-05 0.0291071 0.0135453 0.00205214 3.88615e-05 0.11994 0.0298838 0.611206 6.65411e-05 
5.17929e-06 0.00841703 0.0729503 0.00040428 0.060315 0.01898 0.00126675 0.000123998 0.0344691 0.0167806 0.786234 5.39878e-05 
2.75689e-05 0.0199657 0.375494 0.00111529 0.0243354 0.026919 0.0154855 0.00802896 0.0301778 0.0346899 0.463278 0.000483494 
5.92352e-12 0.00344417 0.00358181 1.20224e-06 0.00142806 0.135894 0.0360414 6.63699e-05 0.0213008 0.00118036 0.795116 0.00194569 
2.54736e-11 1.91488e-06 7.8418e-07 6.54856e-08 1.58249e-06 1.5833e-06 1.23625e-06 7.66039e-08 0.00282176 5.19266e-08 0.997171 2.25908e-11 
5.14445e-08 0.0530355 0.0238004 1.16533e-11 0.00965139 0.138384 0.0833062 0.000646437 0.0455743 0.0660149 0.579238 0.000348407 
6.81974e-06 0.000339273 0.0531866 5.35792e-06 0.144321 0.00121593 2.50396e-05 0.000902377 0.0518529 0.363423 0.384721 7.51902e-10 
0.000503168 0.00168212 0.161728 0.015009 0.0986159 0.0184213 0.0094752 0.000334457 0.0692906 0.00760365 0.61633 0.00100599 
0.000112839 0.0535106 0.0128147 0.00313887 0.0354937 0.0727757 0.0205362 0.000242751 0.377034 0.0157083 0.407495 0.0011378 
9.08643e-11 2.11606e-06 0.305035 1.03865e-07 0.195603 2.1252e-06 0.00194519 0.000523135 1.49619e-05 0.00424748 0.488921 0.00370642 
0.000310464 0.00355648 0.0154144 2.0506e-07 0.231989 0.00700662 0.00911084 1.14601e-06 0.349971 0.0281066 0.354532 1.12486e-06 
8.86637e-07 3.98751e-07 0.158837 0.00252705 0.272936 1.40967e-06 0.00350226 1.00816e-06 0.235375 1.31328e-10 0.32682 7.54236e-10 
0.0206106 0.015113 0.0564754 1.68028e-05 0.0152003 0.0343787 0.0350593 0.00137514 0.0717679 0.345763 0.403357 0.000882841 
5.92352e-12 0.00344417 0.00358181 1.20224e-06 0.00142806 0.135894 0.0360414 6.63699e-05 0.0213008 0.00118036 0.795116 0.00194569 
2.51933e-05 0.135946 0.0425892 0.000179993 0.00879914 0.058697 0.00223331 3.2716e-05 0.123866 0.0152891 0.61216 0.000182142 
2.15975e-07 0.00319185 0.021869 4.12116e-06 0.001448 0.0389887 0.0161767 3.13668e-05 0.0178087 0.000547722 0.899362 0.000571119 
2.19175e-05 0.0381223 0.104399 0.00207625 0.0572923 0.0667285 0.0170154 0.000121317 0.301254 0.0554886 0.355465 0.002015 
4.22613e-06 0.00903095 0.0321876 3.38668e-07 0.00429988 0.197287 0.0121378 3.54272e-05 0.0936051 0.0186246 0.625668 0.00711884 
3.85025e-06 0.00094798 0.0913371 0.000447834 0.0326489 0.0626655 0.0143739 0.000104302 0.0313973 0.132266 0.6334 0.000407453 
3.21917e-07 0.0044132 0.0350898 8.68681e-06 0.00764047 0.276207 0.0119716 0.000497222 0.0310144 0.046055 0.586661 0.000441747 
5.30934e-12 0.0143397 0.021233 1.02079e-05 0.0270261 0.0048866 0.00175181 3.37295e-05 0.0188059 0.000561733 0.911351 7.31944e-08 
7.89922e-06 0.00955754 0.0526007 3.24779e-09 0.0297572 0.0278321 0.000468628 9.01141e-06 0.220584 0.0145886 0.644595 4.36054e-09 
8.87404e-05 0.00333347 0.181104 4.17019e-05 0.0210943 0.0988287 0.000492499 7.72823e-05 0.0759533 0.118671 0.433113 0.0672027 
4.17605e-06 0.0765579 0.107863 2.45595e-05 0.0770137 0.00516423 0.000100208 6.52302e-05 0.111614 0.00266379 0.618868 6.15376e-05 
0.00107741 0.0137473 0.0685049 0.00140607 0.0638088 0.142215 0.0218422 0.0547535 0.0604972 0.170551 0.401236 0.000360758 
3.81541e-09 0.00252952 0.00310079 6.47644e-07 0.00183229 0.131514 0.0203246 3.55703e-05 0.0215643 0.00162801 0.816367 0.0011029 
1.2194e-11 0.00503783 0.00216091 1.98729e-07 0.0010771 0.0702069 0.0383168 9.20253e-05 0.00553503 0.00047566 0.876089 0.00100899 
0.00129082 0.0234545 0.00692304 1.28051e-05 0.000887702 0.106628 0.287301 9.94988e-05 0.0214746 0.00140401 0.549442 0.0010816 
8.05741e-08 0.0662172 0.00552101 0.0261688 0.00533082 0.0262341 0.0437086 1.20538e-05 0.329217 0.0179964 0.479321 0.000272368 
3.34415e-11 0.1001 0.0436389 9.23346e-08 0.0312186 0.0980782 0.237243 0.00328853 0.0367245 2.32382e-07 0.445734 0.00397499 
0.000122521 0.0490938 0.0568718 1.22527e-06 0.0404036 0.260159 0.0114403 0.0222841 0.116257 0.0266666 0.409861 0.00683977 
0.00124123 0.0166303 0.0697547 0.000327771 0.107993 0.0107882 0.00677717 0.0228767 0.0276694 0.0317608 0.704 0.000180778 
0.000458603 0.0132919 0.0312122 7.34746e-05 0.0128693 0.0595724 0.216251 0.00304499 0.0667303 0.0100064 0.5778 0.00869007 
0.000554176 0.00394518 0.0321267 5.85731e-05 0.0061611 0.0458842 0.0524611 0.0507527 0.102684 0.0184086 0.686689 0.000274808 
0.000237801 0.0185187 0.0742349 1.44083e-07 0.00232723 0.0583965 0.0361456 3.91475e-05 0.0321745 0.0400197 0.737092 0.000813274 
0.00385376 0.0713115 0.126314 0.000318873 0.0134907 0.0174061 0.0118317 0.000119082 0.0436971 0.0435331 0.667691 0.000433895 
3.39705e-08 7.53179e-05 0.0114684 6.95819e-06 0.0176209 0.0177226 0.000388826 6.71487e-05 0.0277823 0.000552349 0.922133 0.00218245 
0.00383218 0.000749611 0.204956 0.00398172 0.171444 0.0260886 0.119101 0.00512139 0.0953636 0.0223813 0.345161 0.00182005 
4.92913e-07 0.0102084 0.101306 3.18533e-05 0.0517669 0.156836 0.0247521 0.0107943 0.0400901 0.00895312 0.594805 0.000455667 
0.000116058 0.017085 0.0095393 7.52908e-06 0.00712048 0.211055 0.0148309 0.0075146 0.0516146 0.0236829 0.6554 0.00203375 
7.77362e-07 0.0299373 0.0707735 0.000931885 0.016608 0.0207623 0.0113875 3.8327e-05 0.0998096 0.0823977 0.65487 0.0124836 
5.39951e-05 0.0386464 0.304245 3.42365e-05 0.0479521 0.0856601 0.0237008 0.0107242 0.0256815 0.0962341 0.359203 0.0078647 
0.000156463 0.0113009 0.0802566 0.000448632 0.00872588 0.157027 0.000298449 1.16212e-05 0.0509096 0.0346194 0.656237 8.82691e-06 
2.75724e-05 0.00075133 0.0315953 2.24593e-05 0.0514682 0.0368387 7.06387e-05 3.01298e-07 0.122556 0.19712 0.559152 0.000396593 
5.99595e-06 0.000509189 0.112406 3.46311e-07 0.00103294 0.15767 0.0685949 0.0594432 0.00470315 0.0132679 0.582147 0.000219671 
0.00186113 0.0314805 0.321457 0.000424065 0.0124835 0.1508 0.0501923 0.0261563 0.00722636 0.0137332 0.383734 0.000452232 
0.149046 0.00203591 0.0434038 3.2896e-06 0.00410868 0.0709899 0.0093814 0.0030367 0.026636 0.198106 0.489596 0.00365687 
5.99689e-08 0.0142505 0.00270885 1.15381e-07 0.0513736 0.147723 0.0226083 1.75885e-05 0.130223 0.0100417 0.615311 0.00574206 
1.12418e-08 0.000824198 0.292644 0.00105233 0.070576 0.0134979 0.0276663 0.000315873 0.0659567 0.190933 0.335016 0.00151778 
0.000134816 0.0295712 0.243928 0.00011585 0.0436798 0.0259581 0.0217847 0.00410562 0.0735114 0.0491561 0.494602 0.0134523 
3.0294e-07 0.0123096 0.251091 3.02954e-07 0.0677615 0.0779224 0.0184313 3.03147e-07 0.181689 0.0330789 0.357716 3.02974e-07 
0.000127918 0.000472587 0.0541396 2.50754e-06 0.0339773 0.175364 0.0173337 0.0135862 0.0413516 0.108542 0.554423 0.000679201 
0.00529309 0.0212155 0.10964 0.00088757 0.025668 0.0598536 0.11166 0.0118369 0.063866 0.0620438 0.474805 0.0532303 
2.17876e-05 0.0192458 0.0590337 6.17257e-05 0.0117746 0.10691 0.041044 2.72955e-05 0.0480039 0.0104622 0.701204 0.00221029 
3.65043e-07 0.0405285 0.0096459 3.51643e-05 0.0936809 0.114506 0.00470597 0.000201303 0.0858829 0.0196747 0.630738 0.000400799 
0.000400624 0.0305578 0.0447494 3.7385e-06 0.00835902 0.0701152 0.00595088 9.43935e-05 0.0495697 0.0801788 0.701052 0.00896805 
2.15089e-06 0.0202621 0.0191797 5.05056e-05 0.00553486 0.251231 0.0866832 4.51367e-05 0.0209767 0.0112148 0.58266 0.00216058 
0.000395928 0.013238 0.204256 8.33602e-05 0.0206668 0.0675751 0.0249084 0.00203522 0.071426 0.0744661 0.517081 0.00386847 
4.93955e-06 0.0471421 0.0398808 3.7e-05 0.185771 0.11276 0.0180524 0.00095327 0.0677058 0.0537194 0.4675 0.00647323 
2.45273e-06 0.00459604 0.144333 8.10533e-09 0.0013555 0.332179 3.3088e-05 2.25212e-06 0.0365083 0.00863579 0.472355 7.5978e-08 
0.00045205 0.0393522 0.173848 0.000326765 0.0105935 0.159688 0.0091409 0.000240375 0.0911088 0.0479646 0.467209 7.62469e-05 
3.92378e-09 5.94903e-05 0.031808 1.8168e-06 0.0259276 0.00897253 0.00118634 3.44522e-05 0.0150497 0.000588756 0.916333 3.78172e-05 
7.68806e-08 0.137359 0.0497018 0.00282174 0.313246 0.0114882 0.00138485 0.0080473 0.10914 0.00734069 0.357717 0.00175315 
6.99516e-13 0.00755231 0.00525968 2.55623e-06 0.00216062 0.169573 0.0395464 2.82643e-05 0.0196917 0.000383661 0.751056 0.00474573 
1.24907e-05 0.00890303 0.0270122 0.000301368 0.00579868 0.121222 0.120291 4.02912e-05 0.0329887 0.0124327 0.662988 0.00800973 
9.69179e-07 0.000197687 0.0196787 6.90311e-07 0.00494399 0.0263604 0.00822201 2.27174e-07 0.0100459 0.193049 0.596856 0.140644 
6.4754e-12 0.000549715 0.0838588 6.3036e-09 0.0226451 0.00726528 8.39898e-07 2.45844e-07 0.233088 0.0285587 0.62201 0.0020236 
1.78905e-05 0.0023483 0.0278657 1.03455e-08 0.00635989 0.262207 0.0144833 3.4397e-05 0.00880996 0.00958902 0.666109 0.00217614 
1.82895e-10 0.00179152 0.0753417 8.4928e-05 0.000730051 0.195921 0.248403 4.72836e-06 0.00146105 0.160241 0.315138 0.000883408 
3.92378e-09 5.94903e-05 0.031808 1.8168e-06 0.0259276 0.00897253 0.00118634 3.44522e-05 0.0150497 0.000588756 0.916333 3.78172e-05 
1.51855e-05 0.000123855 0.0407328 8.90604e-10 0.000899222 0.268385 2.80111e-08 2.716e-06 0.000559424 0.00671609 0.682565 4.42826e-12 
5.58397e-07 0.0469822 0.109871 8.88756e-07 0.001956 0.283463 0.00175668 6.57206e-05 0.0166485 0.0297193 0.507993 0.00154272 
0.00764766 0.00750572 0.0229144 3.6927e-05 0.110417 0.039101 0.011424 1.92833e-05 0.0911671 0.0288461 0.673219 0.00770107 
3.81167e-09 1.06165e-06 0.000121525 3.62782e-09 7.60164e-10 2.35378e-06 1.26613e-09 1.19388e-09 2.95359e-10 0.000114833 0.99976 3.38032e-09 
1.53648e-09 0.0117498 0.0920828 7.24879e-05 0.188315 0.0294004 0.0133218 0.000159519 0.0376633 0.00910748 0.618071 5.56709e-05 
0.0832806 0.0833483 0.0833556 0.0832846 0.0833474 0.083352 0.0833363 0.0833377 0.0833574 0.0833511 0.0833591 0.08329 
0.000253326 0.000320147 0.0753199 2.33796e-06 0.0528868 0.318756 5.97705e-05 4.73393e-05 0.0291451 0.0908244 0.432375 9.8422e-06 
1.56422e-12 0.0498905 0.000161359 8.72248e-06 0.000401054 0.0277447 0.0205553 3.28082e-05 0.0416223 0.000612095 0.858214 0.000756813 
0.00268775 0.0235899 0.112671 1.01182e-06 0.0149459 0.0795722 0.0048233 3.73591e-05 0.0224974 0.0288428 0.707776 0.00255506 
0.0832806 0.0833483 0.0833556 0.0832846 0.0833474 0.083352 0.0833363 0.0833377 0.0833574 0.0833511 0.0833591 0.08329 
7.16573e-11 0.000738941 0.018602 6.40013e-05 0.0920677 0.101487 0.00393461 6.38976e-06 0.312538 0.00489613 0.465666 1.21184e-07 
4.76386e-09 3.49444e-05 0.000356702 0.000222494 0.26318 0.0200205 0.0388892 2.31946e-05 0.0343036 0.00261781 0.640093 0.000258364 
0.00231669 0.0156845 0.120388 0.00556245 0.0245835 0.0808676 0.0135398 0.000882574 0.0524318 0.0734048 0.608967 0.00137137 
1.56422e-12 0.0498905 0.000161359 8.72248e-06 0.000401054 0.0277447 0.0205553 3.28082e-05 0.0416223 0.000612095 0.858214 0.000756813 
0.00178876 0.0218087 0.05185 0.00312744 0.113231 0.141729 0.0327877 0.000155097 0.136732 0.0445535 0.445954 0.0062828 
0.00234971 0.0501176 0.0898997 0.00148929 0.0517356 0.0764619 0.0374991 0.0134344 0.22518 0.0843289 0.362244 0.00526021 
0.00783846 0.00643325 0.172695 0.00429173 0.0298841 0.156123 0.0282484 0.00932043 0.100439 0.140599 0.343876 0.000250508 
3.81541e-09 0.00252952 0.00310079 6.47644e-07 0.00183229 0.131514 0.0203246 3.55703e-05 0.0215643 0.00162801 0.816367 0.0011029 
0.000130749 0.00907343 0.0691532 7.35096e-06 0.0115975 0.0333244 0.00930008 0.034001 0.0816551 0.217713 0.531187 0.00285742 
8.80312e-05 0.0159629 0.093769 1.0357e-05 0.0376696 0.0427393 0.00451153 0.00422511 0.083158 0.0515191 0.664691 0.00165618 
0.00511412 0.0161937 0.105152 6.02191e-05 0.133 0.0686322 0.199852 0.0161116 0.0673896 0.00460705 0.367713 0.0161749 
7.87727e-11 0.000131235 0.267447 1.44152e-08 0.00200207 0.000457883 0.00152925 0.000227177 0.000253865 0.243158 0.484793 6.98583e-11 
5.23508e-11 0.000721419 0.0427597 2.35329e-08 0.0282506 0.0685753 0.0786351 6.01288e-05 0.129961 0.0740525 0.576784 0.00020011 
0.000173859 0.0547432 0.0828 3.67407e-05 0.0123005 0.0403664 0.0628124 1.36709e-05 0.0434741 0.0937098 0.608848 0.000721369 
1.69572e-09 0.000489002 0.0642225 0.000367452 0.291295 0.276853 0.00491317 0.000210745 0.0342433 0.0132798 0.313765 0.000361312 
9.25453e-05 0.0827016 0.0789734 2.81678e-05 0.249774 0.00631225 0.00158031 5.9011e-05 0.275257 0.0118977 0.292617 0.000706548 
0.000315377 0.0128174 0.0303273 2.34639e-06 0.00812742 0.0116563 0.00578328 4.14563e-06 0.0706266 0.00119919 0.859026 0.00011493 
4.06707e-08 0.00072817 0.0117913 2.81954e-09 0.000576051 0.078805 0.0203038 1.25017e-05 0.039594 0.121217 0.726835 0.000138019 
4.89198e-05 0.0056078 0.252477 5.33226e-05 0.0125328 0.0681625 0.0110423 0.00265958 0.0165772 0.00387717 0.624994 0.00196738 
2.65717e-12 0.0032203 0.0894174 5.75769e-07 0.00776641 0.209694 0.0184677 3.9683e-05 0.00602978 0.000980344 0.664075 0.000309107 
9.96664e-09 0.00307348 0.03382 1.79597e-06 0.0288394 0.02737 0.191996 0.000445972 0.0946234 0.00534116 0.613545 0.000943689 
4.26863e-07 0.000176024 0.0273123 4.03954e-05 0.0110623 0.331828 0.0542768 0.000125007 0.00832088 0.00412456 0.561069 0.00166483 
0.000769319 0.0128321 0.0126699 4.96104e-05 0.0134354 0.0307173 0.002139 0.0184386 0.0965052 0.0623745 0.74349 0.00657883 
4.5645e-09 0.00440187 0.00410873 7.1198e-05 0.125553 0.0396942 0.0109 0.00159711 0.0363422 0.00208035 0.773879 0.00137226 
4.77155e-11 0.000108747 0.094009 1.48209e-05 0.0332909 0.0123425 0.00356576 0.000469543 0.0910979 0.056627 0.704493 0.00398032 
5.59499e-08 0.140874 0.0714957 7.27945e-05 0.013898 0.025983 0.00161809 0.000492753 0.125421 0.0106619 0.609483 5.59562e-08 
5.59178e-10 0.0102586 0.00646106 6.23481e-07 0.000542591 0.0548196 0.020498 8.59963e-05 0.0233607 0.00900342 0.652582 0.222387 
0.128513 0.00251068 0.0129884 8.75517e-06 0.0786147 0.00424472 0.000572606 1.14801e-06 0.139594 0.0441768 0.588045 0.000730648 
1.92431e-05 0.0316372 0.072238 3.47699e-05 0.0700415 0.0364374 0.0170093 3.45425e-05 0.046571 0.0121679 0.713604 0.000205015 
1.89178e-06 0.00116953 0.000815922 5.91651e-07 0.0741048 0.0269107 0.00299573 9.10104e-07 0.389057 0.00700436 0.497935 2.72541e-06 
0.00466821 0.0117635 0.0966685 3.35834e-07 0.135813 0.0616756 0.0189867 0.00087406 0.237003 0.165463 0.255462 0.0116209 
0.00040226 3.7776e-05 0.130754 5.55197e-06 0.0121946 0.328873 0.00416163 1.18801e-05 0.110663 0.0140288 0.398816 5.2015e-05 
1.28607e-08 0.039869 0.000914214 3.2082e-07 0.00557948 0.134167 1.74146e-05 6.6038e-07 0.0442513 0.00147412 0.773723 3.48663e-06 
7.49318e-12 0.00423965 0.00389066 7.36505e-07 0.00094964 0.0302465 0.427966 0.00032624 0.0180312 0.00249428 0.509231 0.0026243 
3.73779e-06 0.000780466 0.126032 6.99408e-08 0.00018361 0.0811968 6.09216e-05 2.71472e-06 0.00224956 0.083537 0.705953 1.04795e-09 
2.66952e-05 0.00289618 0.127425 2.87658e-07 0.0599154 0.0508906 0.00877096 1.31308e-05 0.0389867 0.00693767 0.703607 0.000530691 
6.15637e-12 0.00331368 0.080659 0.000239597 0.212809 0.136016 9.65697e-05 0.000574325 0.0160528 0.00106505 0.549151 2.31089e-05 
7.66693e-06 0.0156374 0.100496 2.49264e-06 0.00823843 0.150859 0.000221387 2.75699e-05 0.0356158 0.128705 0.559773 0.000415588 
0.0115823 0.000710309 0.279775 9.30795e-07 0.0136715 0.00880464 0.00070277 0.000115999 0.0661042 0.028733 0.58965 0.000149801 
0.000121068 0.0158466 0.0672825 0.00036725 0.0828792 0.245719 0.0945935 0.00128334 0.0559453 0.0704958 0.364557 0.000908874 
2.78812e-08 0.00292887 0.00482928 5.54066e-05 0.115382 0.046355 0.0138712 0.00123919 0.0287334 0.00363202 0.770052 0.0129208 
0.00307102 1.13792e-06 0.0583815 1.13705e-06 1.1379e-06 0.0339125 0.0543857 1.13777e-06 0.007057 0.0738542 0.769332 1.13712e-06 
2.4046e-05 5.72777e-05 0.0244779 1.2442e-05 0.00103903 0.206105 0.30263 0.000185536 0.0170658 0.0150911 0.431891 0.00142085 
0.00307102 1.13792e-06 0.0583815 1.13705e-06 1.1379e-06 0.0339125 0.0543857 1.13777e-06 0.007057 0.0738542 0.769332 1.13712e-06 
0.0277827 0.00204381 0.122075 2.75609e-08 0.284662 0.0109631 0.00974019 0.000463894 0.165885 0.052663 0.321771 0.00195146 
4.92254e-05 0.0126696 0.0801348 5.09306e-06 0.00361602 0.227233 0.00536757 2.63719e-05 0.0415561 0.252867 0.375041 0.00143425 
0.003159 0.011641 0.354054 8.68202e-05 0.0135474 0.0961669 0.036219 0.0250395 0.0172393 0.0696116 0.372865 0.000370389 
9.51015e-06 0.0118372 0.0218129 2.1669e-07 0.00684809 0.014601 0.0054321 1.37028e-05 0.187495 0.164969 0.586578 0.000403124 
1.83226e-05 0.0203918 0.0711555 2.3838e-05 0.0129764 0.303619 0.0382835 0.00394981 0.0228669 0.072707 0.452556 0.00145181 
0.00372037 0.0185105 0.143285 0.000463431 0.0716804 0.122573 0.0138742 0.00278768 0.259033 0.035895 0.328083 9.30139e-05 
3.81541e-09 0.00252952 0.00310079 6.47644e-07 0.00183229 0.131514 0.0203246 3.55703e-05 0.0215643 0.00162801 0.816367 0.0011029 
6.20776e-05 0.0190305 0.0872826 0.000806795 0.196154 0.0661603 0.0145149 6.10056e-05 0.221762 0.0842772 0.300058 0.00983083 
5.77212e-07 0.00138438 0.210379 2.90572e-06 0.20463 0.0283235 0.00221672 0.000269731 0.0422071 0.198488 0.312097 3.06293e-07 
3.92378e-09 5.94903e-05 0.031808 1.8168e-06 0.0259276 0.00897253 0.00118634 3.44522e-05 0.0150497 0.000588756 0.916333 3.78172e-05 
1.76784e-08 0.0127108 0.0134668 5.63279e-06 0.0407267 0.195357 0.0238927 0.00010714 0.0274779 0.00365884 0.680407 0.00218886 
4.71462e-08 0.00514718 0.00170135 9.88945e-06 0.00145062 0.105766 0.0280572 0.00975467 0.0188948 0.00302103 0.824547 0.00165032 
1.22279e-05 0.0179957 0.0502285 3.35216e-05 0.0266833 0.147523 0.0631668 0.000422706 0.0477703 0.0398683 0.307244 0.299051 
2.51039e-12 0.0095303 0.00507187 1.68654e-05 0.00308123 0.203321 0.233867 9.80629e-05 0.0372482 0.0243514 0.482125 0.00128892 
0.00126392 0.00019064 0.0525356 9.43931e-05 0.00899295 0.065528 0.00076217 4.52763e-06 0.0485773 0.0216481 0.79953 0.00087236 
1.02257e-05 0.0493115 0.298139 3.56133e-06 0.0114129 0.193727 0.0110681 0.000251564 0.0264946 0.0105563 0.379043 0.0199825 
6.35329e-09 0.00347441 0.106924 2.69871e-07 0.0202573 0.00745816 0.000139677 0.000148721 0.00562288 0.00198624 0.853988 2.55513e-09 
3.45637e-09 0.0279416 0.171067 7.34497e-05 0.0182954 0.142671 0.0385393 0.000227409 0.0754131 0.0435248 0.481751 0.000495883 
3.45123e-05 0.00178927 0.134617 4.94476e-06 0.00197571 0.106215 0.0230847 0.00601506 0.042316 0.231675 0.45227 2.70823e-06 
0.0195928 0.0112696 0.0521 7.24264e-06 0.0518951 0.0502362 0.0316311 0.000160228 0.0748626 0.0266006 0.681597 4.76906e-05 
5.49354e-09 0.000142505 0.158772 4.03215e-07 0.0219449 0.102023 0.00139278 1.44108e-05 0.0156963 0.0157468 0.678942 0.0053241 
1.73237e-06 0.000175779 0.0479677 1.61456e-06 0.00559132 0.16719 0.0196052 0.000258243 0.0118192 0.00835559 0.73901 2.33411e-05 
3.55884e-06 0.0224834 0.0267485 0.00013821 0.00838207 0.0495238 0.011613 1.6631e-05 0.0479187 0.0228988 0.810058 0.000215142 
3.40627e-11 0.00688481 0.00780352 3.13837e-05 0.00539122 0.0189738 0.000147587 6.07638e-06 0.427976 4.21348e-05 0.532659 8.39691e-05 
2.05392e-08 0.00820294 0.00883006 0.00010007 0.00376312 0.0659381 0.00743616 2.5385e-05 0.0418867 0.00242639 0.861235 0.000156492 
0.000334076 0.00987945 0.12324 7.20592e-05 0.055592 0.0577784 0.00281053 9.9792e-05 0.0753442 0.0252595 0.649548 4.19702e-05 
0.000598937 0.0236552 0.0906257 7.70613e-06 0.0211104 0.0554843 0.0648986 0.00597819 0.0786719 0.222914 0.427519 0.00853579 
3.59785e-06 0.036191 0.0154142 1.31302e-05 0.0284478 0.0159435 0.00433135 2.61811e-05 0.193769 0.00592005 0.699875 6.46475e-05 
0.0248633 0.0124018 0.401782 0.000119476 0.0186108 0.0259154 0.0112717 7.29496e-05 0.0210729 0.0782671 0.40422 0.00140305 
0.00241448 0.0293163 0.0322384 5.54512e-05 0.0116079 0.0895631 0.0887364 0.0043622 0.164363 0.029154 0.547783 0.000406109 
5.99595e-06 0.000509189 0.112406 3.46311e-07 0.00103294 0.15767 0.0685949 0.0594432 0.00470315 0.0132679 0.582147 0.000219671 
1.56013e-07 1.51516e-06 0.0361209 2.00916e-11 0.00033687 0.157359 0.0143353 5.38708e-06 0.0521943 0.0193792 0.720249 1.80263e-05 
0.0002126 0.0417304 0.133715 2.47896e-05 0.0799374 0.00261579 7.21368e-05 6.86422e-05 0.10789 0.00419092 0.629405 0.000137135 
1.37971e-07 0.0292728 0.0985416 4.16739e-09 0.0264254 0.0253128 0.000545582 1.5134e-05 0.321246 0.0180836 0.48042 0.000136677 
2.59296e-05 0.00042441 0.173754 8.58056e-05 0.159866 0.0413251 0.0106163 0.151732 0.0800083 0.0507128 0.32995 0.00150009 
9.73164e-05 0.0406264 0.0281694 8.14693e-11 0.00698838 0.0275156 0.00256618 6.61457e-08 0.0802267 0.00166776 0.812142 4.82278e-07 
0.0477566 0.00297838 0.0316467 0.00010078 0.0596835 0.01942 0.000716733 0.0174696 0.19352 0.0811301 0.545051 0.000526991 
0.00369499 0.0824475 0.157639 0.000142682 0.00101502 0.0761107 0.010661 0.0116364 0.0501445 0.0712645 0.534564 0.000679849 
0.000266601 8.84095e-05 0.00560233 2.0639e-08 0.254934 0.00661484 0.000920052 1.4026e-05 0.12932 0.00356551 0.594557 0.00411716 
2.02435e-09 0.0160213 0.00366082 3.80133e-05 0.122785 0.0746943 0.00914945 7.61462e-05 0.0812109 0.00881334 0.670411 0.0131399 
8.00856e-07 1.0168e-05 0.0874155 1.83883e-07 0.291991 0.000812221 0.0378841 0.000252707 0.0108877 0.0656616 0.502514 0.00257075 
0.00282307 0.0306298 0.0543831 5.27264e-05 0.0058783 0.308389 0.0436262 0.00152149 0.0333038 0.173812 0.340662 0.00491867 
1.15115e-05 0.0115396 0.121307 1.74162e-05 0.0263138 0.072384 0.000857425 5.35522e-05 0.145761 0.103056 0.516545 0.00215433 
2.65919e-08 0.00117188 0.00711363 7.87504e-05 0.000707502 0.0292481 0.0118906 0.000170909 0.104049 0.0228032 0.821857 0.000909298 
0.0118423 0.00801782 0.0423086 2.44536e-07 0.0355114 0.0282568 0.000595933 0.00030617 0.321615 0.0738471 0.477654 4.43083e-05 
4.40741e-05 0.00692494 0.0881271 1.1149e-05 0.0209328 0.0552275 0.0174113 8.54403e-05 0.0975414 0.0526343 0.660089 0.000970623 
2.17484e-08 0.025603 0.0172083 5.92809e-05 0.00480513 0.027605 0.16449 0.00016462 0.0361842 0.0142933 0.708917 0.000669863 
1.2266e-08 0.000183937 0.0438378 1.18579e-05 0.0169171 0.000136717 6.37248e-05 1.78668e-06 0.149303 0.138983 0.65053 3.12921e-05 
0.00144733 0.00844809 0.0628862 0.000493925 0.323403 0.0390016 0.0724336 0.00272985 0.117803 0.0270001 0.343972 0.000381189 
4.81447e-08 0.0514291 0.0848185 7.13989e-09 0.0133013 0.0797852 0.0518209 0.000170915 0.112267 0.0600972 0.545243 0.00106671 
2.16596e-05 0.00301161 0.0339627 8.43046e-05 0.00797674 0.0215475 0.00343844 2.41639e-05 0.0117801 0.0144538 0.903681 1.74741e-05 
0.00555365 0.0170068 0.0250816 5.84765e-06 0.00949924 0.00255546 0.00628299 0.00253408 0.029489 0.0488869 0.852566 0.000538592 
6.34034e-07 0.0759713 0.0881182 0.0003669 0.132724 0.00289586 0.199457 0.00399079 0.235193 0.0146741 0.245182 0.00142701 
4.9327e-05 0.055509 0.0466056 5.93604e-05 0.008519 0.11758 0.0220431 0.000202139 0.0554188 0.0194999 0.674376 0.000138135 
1.25007e-07 0.00142571 0.0222098 9.50606e-05 0.00155114 0.29692 0.118995 1.01965e-05 0.00591375 0.010806 0.516679 0.0253937 
1.03524e-06 0.000671736 0.15119 6.35325e-05 0.0886423 0.0368792 0.00522135 0.0143212 0.0313804 0.00917669 0.646793 0.0156593 
0.00215412 0.00274249 0.119906 6.89784e-07 0.00346128 0.0720922 0.0594773 0.000405418 0.0105509 0.0269652 0.701933 0.000311776 
3.76943e-07 0.00507535 0.137949 8.90501e-09 0.00407281 0.0465559 0.00271129 3.19088e-06 0.0272608 0.000454883 0.775917 1.30425e-07 
0.0342092 0.0374032 0.00905424 7.01478e-06 0.00256557 0.033001 0.0453791 5.68617e-05 0.0694491 0.0040559 0.764325 0.00049387 
0.00131245 0.00903583 0.27652 8.5118e-05 0.0148093 0.07013 0.011228 0.000647227 0.0462528 0.155041 0.411313 0.00362557 
1.58833e-10 0.176429 0.0982922 7.1558e-08 0.0104349 0.0250776 7.49393e-06 2.84541e-05 0.131818 0.118789 0.43912 4.0026e-06 
0.0023184 0.00100448 0.0961586 9.2973e-05 0.0415396 0.00835304 0.00629003 2.87567e-05 0.0617976 0.00472108 0.777131 0.000564537 
0.000103237 0.0284346 0.101602 0.00749443 0.0345652 0.108947 0.0185914 0.00233805 0.0813929 0.0512629 0.403741 0.161527 
4.08111e-06 0.00296828 0.0510794 3.11203e-06 0.00658502 0.0277502 0.253073 0.000155316 0.0321308 0.0139844 0.609768 0.00249812 
0.00443219 0.00402093 0.079096 7.30343e-05 0.0467912 0.10836 0.0233825 0.000185513 0.0684399 0.0233509 0.633495 0.00837332 
0.00379051 0.00662159 0.259083 1.96861e-05 0.00770944 0.125193 0.106472 0.00154636 0.043088 0.0509341 0.395351 0.000191684 
3.58869e-06 3.59161e-06 0.114586 3.58886e-06 0.0369967 0.070043 3.59109e-06 0.000721822 0.201155 0.253579 0.285214 0.037689 
0.0217974 0.0151146 0.0694223 0.000357921 0.147142 0.193071 0.0269229 0.00141267 0.0894291 0.170525 0.262415 0.00239057 
1.2194e-11 0.00503783 0.00216091 1.98729e-07 0.0010771 0.0702069 0.0383168 9.20253e-05 0.00553503 0.00047566 0.876089 0.00100899 
0.11383 0.0154719 0.338397 8.55205e-07 0.0560152 0.00405571 0.0491731 1.7573e-05 0.00202898 0.0113377 0.409663 8.31907e-06 
4.85165e-06 0.0413584 0.0410425 0.0223349 0.0209269 0.0202214 0.0105626 1.92691e-05 0.114034 0.078832 0.650569 9.37145e-05 
1.20002e-09 0.000398822 0.196841 2.42689e-08 0.0339097 0.024809 0.0221919 3.3897e-05 0.00995428 0.0879789 0.623882 4.64191e-07 
2.50357e-05 0.0522893 0.00735991 1.87229e-05 0.00237809 0.0602938 0.124674 0.00119711 0.0451932 0.00127785 0.704418 0.000875756 
0.000788511 0.0199304 0.0471063 3.59384e-06 0.00540932 0.248515 0.0335389 0.00646246 0.0219711 0.0161827 0.599799 0.000292581 
0.000403011 0.000102021 0.0140049 0.000179262 0.00407289 0.0353554 6.02124e-05 3.96717e-08 0.137851 0.0201204 0.787851 1.12325e-07 
1.25007e-07 0.00142571 0.0222098 9.50606e-05 0.00155114 0.29692 0.118995 1.01965e-05 0.00591375 0.010806 0.516679 0.0253937 
1.11833e-11 0.000342421 0.0208065 2.80515e-08 0.00212516 0.206804 9.92491e-05 9.01683e-09 0.00400891 0.00628745 0.759526 9.91773e-12 
1.24907e-05 0.00890303 0.0270122 0.000301368 0.00579868 0.121222 0.120291 4.02912e-05 0.0329887 0.0124327 0.662988 0.00800973 
1.26202e-12 0.00293221 0.00356107 1.12003e-05 0.000919039 0.232037 0.344069 4.26368e-05 0.0123899 0.00135544 0.400286 0.00239653 
1.79176e-07 0.0872385 0.017956 7.15318e-06 0.00204393 0.182432 0.227063 0.0031542 0.0399508 0.00262578 0.436913 0.000615548 
2.16596e-05 0.00301161 0.0339627 8.43046e-05 0.00797674 0.0215475 0.00343844 2.41639e-05 0.0117801 0.0144538 0.903681 1.74741e-05 
3.07648e-06 0.00233315 0.0423732 6.30205e-05 0.0224263 0.143238 0.0785746 4.65152e-05 0.0170211 0.00704486 0.685043 0.00183378 
0.000402978 0.00923325 0.123242 9.23629e-05 0.00270816 0.0949672 0.0166763 0.019273 0.0739224 0.108783 0.550207 0.000491614 
1.97538e-06 0.0202538 0.0365186 1.17819e-05 0.146703 0.33018 0.000221818 5.22682e-05 0.00140482 0.00299325 0.461657 1.16956e-06 
0.00236012 0.000343109 0.0248328 2.72562e-06 0.00546455 0.155518 0.0974783 8.98438e-05 0.0986396 0.0444203 0.570745 0.000105814 
0.00114469 0.0217163 0.339364 0.000168523 0.0161499 0.0429556 0.0108052 0.0013787 0.0428604 0.0352755 0.487402 0.000779695 
0.000323525 0.00087456 0.0703891 2.21757e-05 0.0712461 0.101021 0.300412 0.00713522 0.0716729 0.00244683 0.373382 0.00107537 
2.0934e-06 0.00820744 0.0120205 1.56594e-08 0.0101489 0.0627025 0.000652155 6.32621e-05 0.120554 0.0157338 0.769916 2.92183e-08 
8.8763e-06 0.0316003 0.264491 9.31209e-06 0.0362821 0.0743555 0.0647493 0.00639032 0.0537089 0.00768461 0.454994 0.00572486 
4.68237e-05 0.000686268 0.215889 1.23656e-06 0.00553245 0.0940572 6.46742e-05 2.26772e-06 0.0227813 0.00646297 0.654475 2.68881e-08 
0.00674408 0.00446956 0.0129403 6.63241e-07 0.19976 0.00662618 0.0110165 0.00021403 0.202426 0.007081 0.545018 0.00370296 
0.000492973 5.52024e-05 0.0536537 1.05859e-05 0.0153212 8.80277e-05 0.00849184 2.50799e-06 0.0350333 0.000201437 0.885153 0.00149591 
2.88188e-09 0.0268959 0.131169 0.000198262 0.0637093 0.0304254 0.00847143 0.000609715 0.354138 0.00933125 0.374498 0.000553821 
0.000400866 0.0164252 0.121058 0.00047082 0.0756468 0.047407 0.0125952 0.0707282 0.0813673 0.0275539 0.54482 0.00152709 
5.78885e-06 0.0146174 0.0705845 0.000582476 0.343258 0.0280671 0.0036704 0.00237205 0.0754406 0.0101397 0.450992 0.000269467 
0.0013766 0.0120887 0.0769968 2.62834e-06 0.0226155 0.040444 0.0362265 0.00232115 0.0122702 0.386627 0.408987 4.34964e-05 
1.45325e-05 2.2833e-05 0.00291338 1.38316e-05 3.7989e-05 0.00364383 0.0148275 2.6677e-05 0.00078436 0.0238989 0.953702 0.000114158 
0.00215412 0.00274249 0.119906 6.89784e-07 0.00346128 0.0720922 0.0594773 0.000405418 0.0105509 0.0269652 0.701933 0.000311776 
0.00107114 0.0205898 0.376342 0.00015712 0.0108262 0.0719552 0.0147321 0.00348148 0.0459046 0.0570937 0.392742 0.00510528 
0.0006368 0.0943011 0.226478 0.000201266 0.00795602 0.0793356 0.000959286 0.0230499 0.0437835 0.242822 0.278464 0.00201207 
1.2194e-11 0.00503783 0.00216091 1.98729e-07 0.0010771 0.0702069 0.0383168 9.20253e-05 0.00553503 0.00047566 0.876089 0.00100899 
0.000142946 0.0290079 0.0288485 6.37719e-06 0.167542 0.205314 0.0661717 0.000135307 0.0789011 0.0170422 0.404402 0.00248527 
4.93587e-05 0.000318993 0.0446747 1.23104e-05 0.0584578 0.0190469 2.32856e-06 1.15674e-05 0.212607 0.189356 0.475448 1.47624e-05 
4.85939e-05 0.000814614 0.0779882 1.76811e-05 0.0468969 0.0339285 0.00013352 2.93815e-05 0.11986 0.055447 0.664578 0.000258383 
0.00146997 0.00568758 0.00953993 6.66349e-05 0.00765246 0.125511 0.133418 0.0338404 0.0349004 0.0073267 0.640061 0.000525557 
7.18433e-08 0.00343067 0.0129583 3.74547e-05 0.0942214 0.0812895 0.158407 0.000380134 0.137809 0.0260967 0.484348 0.00102142 
2.31674e-06 0.0120183 0.10711 1.59147e-06 0.00390923 0.0149136 0.00140083 2.22471e-06 0.0448007 0.0333393 0.782302 0.000199998 
1.73981e-07 0.00201598 0.0198966 1.36853e-05 0.318382 0.0281621 0.00359767 1.58959e-06 0.0766748 0.137025 0.414133 9.73483e-05 
3.81541e-09 0.00252952 0.00310079 6.47644e-07 0.00183229 0.131514 0.0203246 3.55703e-05 0.0215643 0.00162801 0.816367 0.0011029 
0.00193096 0.0193589 0.0920164 5.55829e-05 0.00825865 0.0336143 0.00280792 3.30698e-05 0.0557424 0.265945 0.519641 0.000595931 
5.93249e-05 0.00544919 0.00437982 6.59276e-06 0.00159642 0.0035578 0.00854409 3.02044e-06 0.0260015 0.000390409 0.948232 0.00177991 
0.000209272 0.0625185 0.166971 3.25088e-06 0.178879 0.123434 0.00830209 0.00798688 0.125294 0.00745671 0.314854 0.00409067 
6.95688e-05 0.00597672 0.148873 2.90908e-05 0.00791435 0.0557339 0.0276774 5.2401e-05 0.034978 0.0297384 0.688894 6.35215e-05 
5.43818e-12 1.69566e-08 0.0181977 5.34996e-08 0.00212067 0.0537092 0.0101909 6.07575e-09 0.000911622 0.0028087 0.911964 9.71404e-05 
0.00103419 0.0112314 0.0325514 4.70646e-08 0.019669 0.0812785 0.0538662 0.000104299 0.0414147 0.0443909 0.710695 0.00376492 
4.40633e-07 4.21228e-05 0.0139572 9.73801e-06 0.0442441 0.0160341 0.000213805 4.92481e-05 0.00884326 0.00133232 0.911861 0.00341279 
3.14359e-07 0.0104694 0.071684 2.70591e-06 0.0343942 0.103717 0.0285156 0.000126269 0.0487349 0.0484361 0.651253 0.00266699 
0.000109195 0.00586834 0.106468 5.19966e-07 0.000744512 0.0282121 0.00172462 0.153844 0.0801062 0.0938277 0.529086 8.74955e-06 
4.6335e-08 0.000245217 0.0108477 2.10673e-05 0.00126908 0.105597 9.77579e-05 6.77209e-06 0.00217999 0.0034277 0.876307 4.10914e-08 
3.54458e-05 0.00499647 0.019217 1.81511e-06 0.00635912 0.146128 0.0232825 4.64982e-05 0.0288418 0.0211096 0.748579 0.0014027 
3.98823e-07 3.55253e-05 0.0757096 5.29321e-09 0.000325704 0.383178 0.0940092 0.00050945 0.0124215 0.00348005 0.430321 9.79969e-06 
9.24111e-13 0.0258037 0.0052005 4.47395e-07 0.00148789 0.136043 0.0523137 6.69918e-05 0.0151878 0.00491453 0.756781 0.00220083 
3.26559e-12 7.26915e-05 0.0197035 3.58287e-07 0.00959002 0.126196 0.228772 0.302738 0.000568565 0.00598124 0.304909 0.00146874 
0.000453203 0.00288271 0.0845429 3.56586e-05 0.0506984 0.0619427 0.00128536 0.00457066 0.0715168 0.00406634 0.717838 0.000167043 
0.000155425 0.0159505 0.178737 1.97029e-07 0.0569044 0.0441384 0.010775 5.62462e-05 0.0344697 0.0252151 0.632299 0.00129944 
0.00116793 0.0064742 0.095357 1.23223e-07 0.0243793 0.00201406 0.000458349 0.0470409 0.0366444 0.0813932 0.704968 0.000102913 
4.0801e-05 0.00718379 0.11323 1.83007e-05 0.0160818 0.00984828 2.956e-05 0.0279362 0.204594 0.00989188 0.611146 8.27678e-13 
0.000369202 0.0217756 0.0420059 0.000902095 0.00578901 0.120276 0.00399714 0.00398193 0.0384041 0.311326 0.443121 0.00805279 
0.000507705 9.01572e-05 0.0601122 1.6245e-07 0.00167725 0.0176038 0.0104384 0.000189803 0.0382907 0.345677 0.525147 0.000265688 
0.000464045 4.82804e-05 0.00285742 6.43017e-08 0.00130767 0.0296346 0.0392824 0.0855591 0.05205 0.00841755 0.780232 0.000147164 
1.79176e-07 0.0872385 0.017956 7.15318e-06 0.00204393 0.182432 0.227063 0.0031542 0.0399508 0.00262578 0.436913 0.000615548 
1.56422e-12 0.0498905 0.000161359 8.72248e-06 0.000401054 0.0277447 0.0205553 3.28082e-05 0.0416223 0.000612095 0.858214 0.000756813 
0.00307102 1.13792e-06 0.0583815 1.13705e-06 1.1379e-06 0.0339125 0.0543857 1.13777e-06 0.007057 0.0738542 0.769332 1.13712e-06 
2.03025e-10 0.0118414 0.0330332 4.17341e-06 0.00109782 0.0315299 0.0122658 8.03053e-06 0.0508748 0.00163224 0.857198 0.000514528 
3.15082e-07 0.000503574 0.0392279 0.00135486 0.170973 0.0837058 0.00170508 0.000179382 0.140057 0.00346583 0.558771 5.67237e-05 
1.22825e-11 0.142848 0.0530632 7.66872e-06 0.0182167 0.00905819 2.97635e-05 4.30321e-07 0.122701 0.0732346 0.579969 0.000871088 
0.00012381 0.0156598 0.10946 5.57229e-05 0.288649 0.00867368 0.0460399 0.00227935 0.113476 0.00553245 0.40885 0.00120065 
0.000243173 0.0419932 0.135651 6.31459e-05 0.0259707 0.0979116 0.0298757 0.000553729 0.0812852 0.0257058 0.560466 0.000280505 
1.62132e-12 8.36401e-09 0.0126644 2.63888e-08 0.000389392 0.0407339 4.20668e-07 2.99666e-09 0.000274608 0.000266447 0.94538 0.00029099 
0.00142124 0.0191513 0.352751 1.84352e-05 0.0196364 0.053573 0.021582 0.035149 0.0481861 0.0249959 0.408846 0.0146895 
0.000173662 0.076886 0.0752275 0.000403097 0.0943388 0.0939232 0.0204313 0.00120411 0.143201 0.0320625 0.461947 0.000202049 
1.92052e-09 0.00152246 0.00271699 0.000297154 0.00783813 0.155197 0.00689506 0.000335313 0.0872964 0.0357165 0.702012 0.000173649 
