2.30077e-07 0.000183832 0.523214 3.97061e-08 0.000451834 0.0943596 0.0433123 1.6878e-05 0.0370721 0.0792398 0.215825 0.00632404 
0.00100866 0.0455942 0.279425 2.07139e-05 0.0244729 0.076997 0.0498117 0.000244805 0.14396 0.146309 0.230396 0.00176056 
4.1957e-11 0.000180295 0.958923 0.00160375 0.00603379 0.00435831 8.2533e-05 2.94447e-05 0.00332409 3.18916e-05 0.0254312 1.69937e-06 
0.000417832 7.91031e-05 0.312367 4.67714e-06 0.208346 0.00210773 0.207463 0.00402195 0.0604418 0.0724766 0.132242 3.27988e-05 
0.000168582 1.57071e-06 0.945447 1.15104e-06 0.00626398 0.042393 1.11931e-05 0.000207773 2.68636e-05 0.00172959 0.00336106 0.00038828 
0.00140111 0.0393001 0.463538 0.000193333 0.00315442 0.0349035 0.024017 0.0459188 0.0187069 0.0313788 0.336849 0.000639392 
0.0161032 0.00430534 0.683153 0.00253378 0.0383169 0.0295242 0.0700253 0.0445443 0.00400911 0.0137929 0.0928548 0.000836624 
2.06563e-12 0.000643972 0.671705 6.70179e-06 0.0055671 0.0331866 0.0038224 0.000115978 0.0352034 0.131827 0.11673 0.00119195 
7.78178e-10 0.000215016 0.355632 6.41494e-07 0.247343 0.0255971 0.103745 2.26687e-05 0.254586 0.012836 2.21464e-05 6.90114e-10 
0.184126 0.148341 0.414099 5.01608e-06 0.0327349 0.0157493 0.00336233 8.93487e-05 0.0288595 0.0171672 0.155289 0.000176397 
4.13355e-07 0.000363044 0.572455 0.000154442 0.0810875 0.0371524 0.000304898 9.30778e-06 0.0157597 0.138433 0.136719 0.0175606 
0.00149552 0.0450821 0.539382 0.00086524 0.0547998 0.0800219 0.0137552 0.00446241 0.111298 0.0429507 0.0967439 0.00914256 
0.000299774 0.00241678 0.371189 7.92977e-05 0.140733 0.259948 0.00137069 0.000104843 0.00793725 0.00915657 0.206039 0.000726625 
0.000499177 0.00730588 0.408806 0.000229405 0.0426361 0.0818278 0.0217606 1.66836e-05 0.0916884 0.255585 0.0856344 0.0040103 
0.01828 0.041076 0.686317 1.78334e-07 0.00640349 0.0232109 0.00444862 4.22347e-06 0.0135455 0.067494 0.12627 0.0129495 
1.54763e-07 0.000894859 0.650313 4.62726e-05 0.0156872 0.147169 0.00353824 0.000902125 0.0630399 0.0946971 0.0236866 2.55064e-05 
0.000995603 0.00364636 0.515158 0.000160291 0.00211299 0.172564 0.0063502 3.05759e-05 0.054029 0.026506 0.217965 0.0004825 
1.40544e-06 0.014652 0.424745 8.69477e-06 0.247118 0.0288464 0.0961853 0.118786 0.0103956 0.00809784 0.0510398 0.000123975 
0.00486634 0.0175649 0.381989 1.26522e-06 0.0487968 0.119108 0.0224319 0.000513359 0.0247396 0.264444 0.106232 0.00931247 
9.67843e-07 0.100567 0.419789 2.03684e-06 0.0170204 0.127758 0.0150493 3.72715e-05 0.0580124 0.0931069 0.155179 0.0134776 
0.00277661 0.0185309 0.51142 0.00259918 0.131471 0.125001 0.0295584 0.0125017 0.0299693 0.0210291 0.11414 0.00100254 
3.59884e-06 0.000675344 0.819033 2.43216e-05 0.00413053 0.0239326 0.00206838 4.19907e-05 0.00687221 0.0359589 0.107166 9.35239e-05 
0.000413447 0.0830213 0.351116 0.000181221 0.1067 0.0190092 0.0082535 0.000132126 0.0188676 0.0778793 0.331024 0.00340196 
0.054727 0.00317337 0.61099 1.29496e-06 0.133181 0.00707463 0.0119006 0.0031789 0.0292683 0.0642497 0.0804574 0.00179761 
1.18795e-05 0.0259932 0.535426 1.75324e-05 0.00566535 0.0172451 0.0375278 0.134245 0.0232773 0.00281375 0.180367 0.0374097 
3.61178e-06 0.0400689 0.402559 0.00620199 0.235058 0.101084 0.0175689 0.00513623 0.0436952 0.0385082 0.0350543 0.0750612 
1.5094e-06 0.000670825 0.470036 0.442594 0.0155277 0.00169023 0.000223632 0.00411318 0.00460943 0.0563503 0.00376878 0.000414735 
3.91555e-05 0.0477452 0.570374 1.88592e-08 0.100259 0.0149126 0.095675 0.00194383 0.0589507 0.0595967 0.0473038 0.00320044 
1.38523e-05 3.6328e-05 0.410392 1.4629e-06 0.048159 0.00219714 0.120202 0.372309 0.00359706 0.0126822 0.0303358 7.39084e-05 
0.000313259 7.55452e-05 0.481018 1.92305e-05 0.307754 0.00986578 0.0360661 0.0539148 0.00221243 0.0217471 0.0868823 0.000132021 
1.53158e-06 0.00617076 0.601468 1.06757e-05 0.0548259 0.128852 0.00198882 3.52733e-05 0.0121194 0.0425552 0.151966 6.89535e-06 
0.032353 0.0139657 0.344977 0.000472172 0.0630961 0.0158641 0.0226871 0.000205231 0.096131 0.302882 0.104588 0.00277817 
2.82213e-07 0.01993 0.530509 1.27094e-05 0.0126713 0.16257 0.00171275 5.73108e-05 0.00331015 0.0619338 0.148687 0.0586055 
1.93379e-11 2.26931e-09 0.554195 1.84052e-11 4.83769e-08 0.00329579 7.85417e-09 6.05696e-12 0.000239881 6.55659e-05 0.442203 1.71495e-11 
1.69833e-06 0.0115598 0.236792 1.69841e-06 0.0953545 0.101989 0.136809 0.0188661 0.128343 0.0593236 0.204673 0.00628623 
3.87249e-05 0.00474536 0.450451 3.96947e-05 0.0593056 0.0554448 0.0524426 0.0183137 0.0416377 0.0534598 0.257157 0.00696426 
3.07731e-08 1.63072e-05 0.446068 8.71904e-09 0.0282473 0.0138591 0.327406 0.0341535 0.00286957 0.0377505 0.108922 0.000707993 
1.1195e-05 0.000955014 0.744429 9.01178e-05 0.00812442 0.089883 0.0158581 7.23012e-05 0.0232267 0.0718269 0.0451645 0.000358814 
0.00345912 0.00214609 0.373182 5.34691e-05 0.0566608 0.00495347 0.0430934 0.3462 0.026058 0.0556022 0.0880574 0.00053388 
1.47407e-06 0.0681586 0.295275 0.00493343 0.196879 0.0685509 0.00881451 9.35088e-05 0.254598 0.00100868 0.101674 1.37219e-05 
4.991e-11 6.29866e-08 0.435207 4.75027e-11 0.0059755 0.0610977 1.33461e-06 0.000538142 0.0209069 0.0758255 0.399645 0.000802848 
8.99337e-06 0.0468959 0.287042 3.66414e-09 0.127633 0.0338858 0.111027 0.235133 0.0644477 0.0104663 0.0727519 0.0107087 
0.000574374 0.000359412 0.385588 0.000124776 0.00483245 0.131 0.0234728 0.00125787 0.0131741 0.304779 0.134011 0.000826534 
0.00396278 0.0418328 0.465602 0.000638875 0.119962 0.114195 0.0220239 0.00556853 0.0186611 0.0523399 0.152848 0.00236557 
0.0121349 0.00470265 0.349767 0.0806293 0.0666937 0.0414296 0.0106316 0.0101493 0.111963 0.110106 0.201237 0.000555937 
0.000213614 0.00195461 0.640699 0.000288109 0.0010558 0.174773 0.00247554 0.0387792 0.00997063 0.00965781 0.120103 3.01918e-05 
0.00127529 0.00380688 0.460895 0.000957524 0.0259229 0.0116601 0.0700155 0.00289877 0.0820421 0.103453 0.236842 0.000230036 
7.69716e-05 0.0477514 0.348042 6.04839e-07 0.268409 0.0424344 0.0708472 0.154702 0.0207528 0.0214319 0.0253455 0.000206185 
3.07731e-08 1.63072e-05 0.446068 8.71904e-09 0.0282473 0.0138591 0.327406 0.0341535 0.00286957 0.0377505 0.108922 0.000707993 
1.27306e-08 0.00150152 0.687747 2.41627e-08 0.0968234 0.0262761 0.00337213 4.90704e-05 0.0205805 0.00854056 0.155109 1.26496e-06 
1.46082e-05 9.91598e-05 0.370434 3.84807e-06 0.0069238 0.122717 0.0168106 0.00245934 0.00778721 0.171322 0.30132 0.000107066 
3.26092e-08 9.46969e-05 0.292153 1.81854e-05 0.186747 0.169242 0.015224 1.02137e-08 0.065269 0.218002 0.0532123 3.68574e-05 
1.81427e-05 0.0332852 0.576995 2.03696e-05 0.0721339 0.0982967 0.0302496 0.158852 0.00235811 0.0076924 0.0192552 0.000842508 
5.79745e-11 3.01328e-08 0.77084 4.08375e-07 0.00633419 0.0137466 1.02452e-06 1.83402e-09 0.0018 0.0103005 0.196977 5.14138e-11 
6.31145e-06 5.6126e-05 0.660344 0.000879441 0.247103 0.0292373 0.00912145 0.0320186 0.00138209 0.0061269 0.0137179 6.3678e-06 
0.00332434 0.0255592 0.396581 0.000500072 0.0453599 0.0778559 0.0130934 0.0122623 0.0259856 0.0886073 0.302024 0.00884782 
0.000208947 0.000961747 0.331705 1.01127e-05 0.281474 0.0420165 0.00641692 0.000108621 0.0949285 0.0197821 0.222247 0.000140154 
0.000443236 0.000223117 0.572563 5.14592e-05 0.168276 0.0406452 0.0136364 0.000491353 0.0316526 0.0567419 0.114995 0.00028052 
0.000357192 0.00201675 0.564168 9.39321e-06 0.112021 0.0120373 0.19343 0.00181058 0.00883476 0.00841625 0.0845794 0.0123192 
4.1957e-11 0.000180295 0.958923 0.00160375 0.00603379 0.00435831 8.2533e-05 2.94447e-05 0.00332409 3.18916e-05 0.0254312 1.69937e-06 
0.000153268 0.000326084 0.408049 1.87043e-07 0.0257356 0.013016 0.169438 0.208845 0.00332713 0.0518452 0.118576 0.000688508 
7.64407e-12 0.000771324 0.866268 7.27537e-12 0.000109311 0.0177946 0.00200758 3.53311e-05 0.00154593 0.00173198 0.109713 2.31099e-05 
2.15391e-09 1.12315e-05 0.556211 3.66974e-05 0.438503 7.48416e-06 7.1547e-10 9.37817e-06 1.88935e-05 1.69658e-06 0.0051628 3.78231e-05 
1.94448e-06 0.0171919 0.399856 3.68455e-06 0.0517181 0.0300395 0.107447 0.000160903 0.118238 0.19023 0.0790436 0.00606904 
6.82068e-05 0.00029551 0.430566 0.000242775 0.158337 0.0876015 0.0740651 0.00484729 0.0564288 0.0110867 0.175841 0.000620917 
2.65466e-08 0.00671136 0.488607 1.39181e-07 0.067576 0.0334313 0.000278236 0.000479019 0.015661 0.00658306 0.320384 0.0602891 
5.17878e-07 0.00409508 0.389536 5.17903e-07 0.00539076 0.00544289 5.18224e-07 5.18233e-07 0.00331799 0.217486 0.374728 5.17936e-07 
0.00058736 0.0193619 0.587833 0.00508742 0.0613197 0.0751855 0.00725724 0.00388796 0.0318333 0.0742484 0.127304 0.00609372 
5.47378e-05 0.000424993 0.402096 0.000117653 0.243968 0.061436 0.0910273 0.000821552 0.0187959 0.0226934 0.154254 0.00431101 
0.00212514 0.00168876 0.548974 3.11417e-07 0.0367899 0.0686438 0.156243 6.48303e-05 0.0089806 0.163536 0.0129539 1.35777e-07 
1.28232e-06 0.000129309 0.814438 1.22335e-08 0.00109072 0.00155997 5.38052e-07 9.51486e-09 0.00238193 0.177217 0.00258995 0.000591861 
0.00098616 6.27953e-09 0.921407 0.00288333 0.000340166 0.0504988 0.00616637 8.95104e-06 0.00276414 0.0144091 7.28699e-08 0.000536238 
8.984e-05 0.00478254 0.662804 0.0922324 0.104589 0.015663 0.0103571 0.00230158 0.0134176 0.0157942 0.0770569 0.000912022 
0.000110754 0.00507852 0.803227 1.1725e-06 0.000547324 0.0102814 0.000369671 3.2255e-05 0.00556924 0.0192295 0.155395 0.00015811 
3.95911e-05 0.0142316 0.369194 0.000529108 0.119535 0.310537 0.00230126 0.0077684 0.00431695 0.140059 0.0220623 0.00942543 
1.93379e-11 2.26931e-09 0.554195 1.84052e-11 4.83769e-08 0.00329579 7.85417e-09 6.05696e-12 0.000239881 6.55659e-05 0.442203 1.71495e-11 
8.38237e-06 0.0529182 0.491146 0.000270621 0.113457 0.140962 0.0170542 3.20577e-05 0.0964314 0.0376039 0.0355172 0.0145989 
8.94404e-06 0.012148 0.572544 0.00167533 0.0676085 0.168446 0.00415333 0.000514582 0.0446367 0.00479517 0.120183 0.0032865 
0.00186497 0.00136598 0.408068 2.67731e-05 0.0659937 0.0417565 0.0295936 0.00195577 0.0222123 0.169849 0.256413 0.00090039 
0.000365753 0.00114507 0.336557 0.000108043 0.0434799 0.088655 0.0196859 0.0081344 0.0195955 0.185187 0.294436 0.00265094 
1.18023e-05 0.0376876 0.365434 4.91157e-06 0.138059 0.109286 0.0549104 0.00638885 0.186544 0.00984302 0.0916493 0.000181448 
0.00019728 0.0108037 0.484337 0.000423683 0.0157235 0.0141525 0.0752191 0.000240748 0.0921203 0.202974 0.103232 0.000576769 
5.30692e-05 3.7185e-05 0.801202 6.72527e-08 0.00224542 0.0152483 0.000540493 0.00141855 9.46929e-05 0.0921917 0.0867752 0.000193409 
5.35634e-07 0.0275892 0.531851 0.00590322 0.0321924 0.194097 0.0044248 0.000454502 0.0316945 0.0109238 0.160818 5.11282e-05 
0.000660003 0.0449439 0.546889 6.83347e-06 0.00380467 0.0195574 0.125853 0.14809 0.0147437 0.0107969 0.0681314 0.016522 
3.71333e-08 0.00095873 0.496072 3.5166e-13 0.00144151 0.00217342 8.17604e-05 1.15728e-13 0.0145015 0.00648222 0.478289 1.27824e-09 
0.00364388 0.0227884 0.304694 5.98275e-05 0.00471918 0.0472577 0.207056 0.000320025 0.143405 0.0189825 0.0899568 0.157117 
1.19029e-05 0.0216563 0.402703 2.03296e-05 0.00607298 0.125138 0.00232799 8.20957e-05 0.222443 0.0377839 0.181678 8.25517e-05 
9.26698e-06 0.0070856 0.34602 0.0152438 0.0372068 0.0735944 0.00760211 0.00503289 0.019558 0.148368 0.339631 0.000648519 
0.000575468 0.00438781 0.398431 2.45474e-08 0.0529705 0.021386 0.0456679 0.0471881 0.0382161 0.223786 0.167378 1.18725e-05 
2.92246e-11 5.97079e-06 0.397696 0.000122776 0.229574 0.0169002 0.00366701 0.000144775 0.00302403 0.00336334 0.345502 1.70773e-07 
0.105417 0.0577206 0.286337 9.45725e-05 0.131976 0.0303309 0.0113132 0.000335948 0.170643 0.0229448 0.178435 0.00445227 
0.00271426 0.0536759 0.302325 3.88137e-05 0.0209139 0.0102207 0.207405 0.000238875 0.0873808 0.0990859 0.19071 0.0252903 
0.000986481 0.000183053 0.995759 0.0009389 0.000196735 0.000141635 0.000327683 0.000308982 7.64406e-05 0.000152329 5.40948e-05 0.000874845 
0.000572536 0.00013515 0.702547 7.40942e-06 0.256896 0.000171675 0.00196498 9.39326e-05 0.000168405 0.0216353 0.0154786 0.000328133 
3.51875e-12 0.000497228 0.546309 1.39498e-06 0.00214035 0.0620437 0.102211 0.000690543 0.0107898 0.0209206 0.25292 0.00147682 
5.99672e-07 0.00126469 0.360046 5.77197e-05 0.136042 0.0132293 0.00712072 0.0478997 0.0288554 0.0128925 0.0371895 0.355402 
0.0264924 0.00536804 0.326519 6.68671e-05 0.088541 0.0673401 0.049569 0.0168768 0.0462227 0.24668 0.126272 5.15581e-05 
0.0492202 0.000833411 0.671016 1.86262e-05 0.0296889 0.0126538 0.0695005 0.0152618 0.0167088 0.0608647 0.0671679 0.00706568 
0.0281966 9.53903e-05 0.808896 1.07084e-08 0.0279146 0.0111253 0.0420044 0.0119719 0.000253312 0.0436163 0.0258805 4.58701e-05 
0.000764807 0.00309797 0.344065 2.64247e-05 0.0642741 0.0684874 0.104031 0.0879191 0.080989 0.0943465 0.147964 0.00403415 
1.11269e-05 0.00112722 0.813774 5.67536e-07 0.000403917 0.0379602 0.00392092 6.9731e-05 0.000772134 0.00834833 0.133122 0.000489105 
2.65637e-06 7.11706e-08 0.931223 8.43527e-07 8.50706e-05 0.00262452 0.00156833 6.88348e-07 0.000259505 0.0261263 0.0381085 7.68432e-07 
6.24032e-05 0.000349438 0.572851 0.00146312 0.0606269 0.0787016 0.00053213 5.37326e-05 0.118216 0.099209 0.0677374 0.000197163 
0.000403541 0.000610594 0.95775 0.000384555 0.0031756 0.0279215 0.00173835 9.20814e-05 0.00179722 0.00214386 0.00386582 0.000116692 
0.000490559 0.0151272 0.469793 0.00025368 0.0240492 0.106627 0.00999825 0.00533092 0.0347 0.0269851 0.306044 0.000601273 
0.00129626 0.00145107 0.321068 6.01721e-06 0.0382415 0.0153417 0.185372 0.146841 0.0824162 0.114491 0.0933369 0.00013953 
2.90028e-07 0.000152109 0.923106 2.08993e-07 0.0444986 0.00231871 3.32711e-05 2.78752e-05 0.0166695 0.00143518 0.0108002 0.00095842 
5.73764e-09 1.01143e-05 0.913941 6.31148e-10 0.000234165 0.00690305 0.00152557 0.00407216 0.000120411 0.00594077 0.0672206 3.2274e-05 
0.000104275 0.00268499 0.889525 4.42017e-06 0.00983167 0.0223842 0.0178041 0.000191554 0.00492059 0.00444873 0.047978 0.000122876 
0.0103883 0.00236932 0.555176 0.000772364 0.0895722 0.056501 0.0659113 0.112338 0.0196976 0.00530217 0.0804665 0.00150521 
0.00392172 0.00037092 0.434362 4.35506e-06 0.0665986 0.0368894 0.0473453 0.00121677 0.0591219 0.247211 0.10195 0.00100748 
1.27306e-08 0.00150152 0.687747 2.41627e-08 0.0968234 0.0262761 0.00337213 4.90704e-05 0.0205805 0.00854056 0.155109 1.26496e-06 
0.00133917 0.000280722 0.416831 3.01053e-05 0.0445922 0.0292395 0.0162925 0.000396315 0.041031 0.0944125 0.251161 0.104393 
1.77907e-07 2.11454e-05 0.802382 2.05598e-07 0.0595239 0.00735733 0.00687078 0.000278596 0.0120109 6.83618e-07 0.111554 5.97131e-07 
2.44734e-08 0.00118974 0.53926 0.000345824 0.260109 0.0227123 2.7425e-07 3.7394e-06 0.0398894 0.0566113 0.0798783 3.84526e-07 
0.00459054 0.00697405 0.446928 0.00514355 0.0105208 0.252311 0.01652 0.00261374 0.0690599 0.0132564 0.170391 0.00169177 
7.61328e-13 3.44485e-06 0.96895 8.7946e-10 0.000383495 0.00160989 3.24464e-09 2.31982e-05 0.000278196 0.00387284 0.0247532 0.000125572 
8.30381e-07 8.44027e-07 0.598986 5.1922e-10 0.0100699 0.000978998 0.380299 0.000494525 0.00123809 0.00334598 0.00443745 0.000148555 
0.00223961 0.00125805 0.540949 0.0353431 0.0580886 0.0531022 0.270394 0.00130262 0.0115598 0.0108875 0.0128714 0.00200489 
1.38523e-05 3.6328e-05 0.410392 1.4629e-06 0.048159 0.00219714 0.120202 0.372309 0.00359706 0.0126822 0.0303358 7.39084e-05 
6.33151e-08 0.00799908 0.597637 1.7089e-11 0.208472 0.00839688 0.0213016 0.087468 0.00720676 0.00321412 0.0581819 0.000122437 
0.00373253 0.00121764 0.776967 3.13882e-05 0.00431766 0.00617575 0.00788397 0.000112539 0.0206885 0.0346602 0.14162 0.00259254 
0.00297122 0.00255206 0.413927 0.000217468 0.0485385 0.0443672 0.0738745 0.00887149 0.0206347 0.220244 0.162573 0.00122908 
5.99672e-07 0.00126469 0.360046 5.77197e-05 0.136042 0.0132293 0.00712072 0.0478997 0.0288554 0.0128925 0.0371895 0.355402 
0.00199405 0.00919869 0.362303 0.00240279 0.139583 0.11068 0.0394491 0.000608528 0.0564517 0.0168264 0.257234 0.00326875 
0.00129855 0.00122897 0.763568 9.97514e-06 0.00443689 0.181573 0.00616793 0.000121165 0.00104544 0.0387536 0.00144006 0.000356559 
1.14552e-06 0.0108881 0.305888 2.27085e-07 0.194075 0.0280516 0.0117352 7.38795e-05 0.117927 0.212362 0.0572973 0.061701 
0.0188183 0.131198 0.370493 7.20896e-11 0.0905806 0.128563 0.00152796 4.35352e-08 0.0777182 0.10211 0.0789906 2.39035e-07 
2.31912e-12 0.0002787 0.552276 0.00197921 0.00651233 0.245191 0.000328491 4.02741e-05 0.0026712 0.0398591 0.150655 0.000207325 
0.00227553 0.00849673 0.324644 9.31047e-06 0.0166825 0.107466 0.117338 0.00404647 0.0131558 0.0970316 0.307711 0.00114322 
0.00991771 0.000599285 0.387363 0.00025296 0.0880312 0.112702 0.0114305 0.0054787 0.0987147 0.0934698 0.192029 1.03136e-05 
1.5094e-06 0.000670825 0.470036 0.442594 0.0155277 0.00169023 0.000223632 0.00411318 0.00460943 0.0563503 0.00376878 0.000414735 
0.000271371 0.000991266 0.683622 2.24534e-05 0.0235184 0.00657056 0.0576987 0.124993 0.0010735 0.0469343 0.0532583 0.00104586 
7.68798e-06 0.0295077 0.538382 0.000110537 0.00728276 0.0885208 0.0328328 0.00929465 0.00894843 0.0362512 0.248607 0.00025449 
1.2385e-07 0.000616564 0.825076 1.80071e-08 0.0141654 0.00693516 0.00120442 0.000198455 0.00675186 0.0306537 0.114079 0.000319022 
5.6833e-06 0.000511606 0.760022 0.000726831 0.0741232 0.0734631 0.000456583 0.000147581 0.00729107 0.0305181 0.0507939 0.0019405 
0.00107732 0.00713089 0.738505 2.7291e-05 0.00985967 0.017163 0.0227552 0.00255313 0.011061 0.00581813 0.183925 0.000124346 
1.88283e-08 3.07491e-05 0.995641 1.79202e-08 0.000281625 0.000928313 6.25427e-09 5.95691e-05 0.000132038 0.00141591 0.00121863 0.000292225 
6.88267e-06 0.0112686 0.273503 1.27633e-05 0.0220102 0.191518 0.0103587 0.00219706 0.0432313 0.0943036 0.0978281 0.253762 
1.27e-08 7.61969e-06 0.305682 1.20875e-08 0.147754 0.269979 1.74991e-05 0.000135384 0.0160235 0.00186794 0.258453 7.98517e-05 
4.44099e-09 2.47109e-05 0.946171 2.93345e-05 0.0039053 0.00518375 1.26386e-06 9.02471e-06 0.000760202 0.00521374 0.0386723 2.97494e-05 
2.42358e-10 3.04647e-05 0.669148 2.30668e-10 7.68351e-05 0.0421581 0.00353911 7.13026e-05 2.56632e-05 0.00621513 0.278717 1.83184e-05 
0.00380028 0.00148732 0.385566 3.9618e-06 0.30688 0.0132345 0.0123783 0.00270723 0.156402 0.102013 0.0101032 0.00542345 
0.000405545 0.0928777 0.44806 0.00012796 0.0425013 0.047183 0.0193953 3.01856e-05 0.0832204 0.0214671 0.244591 0.00014084 
0.000177298 0.00877406 0.318489 5.34428e-05 0.09984 0.0879556 0.162499 0.0320895 0.0560525 0.077294 0.143262 0.013513 
0.000105498 0.00264666 0.286303 0.000409463 0.246537 0.164105 0.0215094 0.000841467 0.0458661 0.0240208 0.199675 0.00798056 
0.00195107 0.00272889 0.487321 0.000102649 0.0582677 0.00743856 0.223351 0.0228873 0.0821467 0.0233863 0.0901459 0.000272966 
0.000621709 0.020464 0.623101 8.12661e-08 0.00174364 0.0369076 0.00710981 0.079523 0.0416843 0.023601 0.163938 0.00130575 
0.00129626 0.00145107 0.321068 6.01721e-06 0.0382415 0.0153417 0.185372 0.146841 0.0824162 0.114491 0.0933369 0.00013953 
0.00075076 0.0136244 0.501267 4.65935e-05 0.0348191 0.0451686 0.0844896 0.00202137 0.0414188 0.0727751 0.160397 0.0432218 
0.000752666 0.00289803 0.809282 4.85451e-06 0.0150507 0.0241831 0.0221865 0.0229177 0.00661647 0.0242331 0.071385 0.000489756 
0.0251948 0.00166448 0.535706 1.40658e-05 0.0213942 0.0839806 0.0232927 0.0111649 0.0198342 0.130445 0.146792 0.000518237 
0.000111293 0.000417317 0.400598 1.08172e-06 0.267957 0.00689759 0.0912249 0.000847012 0.0358559 0.0217738 0.169361 0.00495475 
0.00122911 0.00834566 0.489729 3.63666e-07 0.0361536 0.0163764 0.000701493 0.000193535 0.0350598 0.121813 0.155143 0.135256 
1.2385e-07 0.000616564 0.825076 1.80071e-08 0.0141654 0.00693516 0.00120442 0.000198455 0.00675186 0.0306537 0.114079 0.000319022 
0.000706627 0.0109274 0.471236 4.68379e-05 0.00842385 0.0288089 0.0047429 0.00154324 0.0302206 0.0954036 0.346564 0.00137605 
7.17922e-06 0.00693404 0.339284 0.0010583 0.117103 0.0257423 0.00168591 0.0081825 0.239902 0.012009 0.247368 0.000723647 
0.000516421 0.00213389 0.537688 5.16868e-05 0.0557094 0.0487866 0.159064 6.60495e-05 0.0397291 0.031634 0.122572 0.00204984 
8.04487e-05 0.0481524 0.368318 5.66466e-05 0.0588076 0.0166455 0.0543567 0.000102753 0.067863 0.0386207 0.346922 7.46049e-05 
3.59765e-05 0.0876907 0.555863 0.000145522 0.0805576 0.0630557 0.00589531 0.000305679 0.0450328 0.00574892 0.149139 0.00652943 
0.0289891 0.0114032 0.473482 1.32781e-06 0.0343001 0.00425102 0.0552861 0.00288252 0.0350792 0.176548 0.169788 0.00798935 
0.00129681 0.0227154 0.60572 8.11269e-07 0.00312534 0.0122351 3.44194e-05 0.000251731 0.0125097 0.0842258 0.257848 3.65532e-05 
0.10947 0.0160137 0.371284 1.75256e-06 0.0289044 0.0297484 0.0125371 0.000376898 0.0851886 0.0773958 0.247898 0.0211809 
3.41377e-11 0.00033284 0.650747 3.80005e-08 0.0360185 0.0224673 0.0254335 0.000995545 0.0220385 0.026926 0.215041 5.06479e-07 
0.000101513 0.042815 0.252552 3.59925e-05 0.169414 0.0832405 0.0113646 0.0014283 0.0704261 0.136397 0.180445 0.0517808 
0.000795001 0.0401755 0.520767 0.000899036 0.0862726 0.102796 0.0257259 0.0104286 0.0216473 0.0782374 0.0996523 0.0126027 
0.00525043 0.000324901 0.365037 0.0016625 0.272026 0.0263837 0.196767 0.00217942 0.0249971 0.006679 0.0959127 0.00277989 
0.000121109 0.00317692 0.733884 0.00572714 0.0152344 0.129601 0.0131431 0.00017082 0.0174355 0.00560348 0.0719173 0.0039848 
0.00448203 0.0149996 0.69356 0.0177066 0.00850573 0.110357 0.00639329 0.00702936 0.0150448 0.0214538 0.097708 0.00276044 
0.000518708 0.000819456 0.548575 0.000151378 0.0301989 0.0360698 0.0163822 0.00196222 0.0167807 0.141677 0.206619 0.000246001 
9.44495e-05 0.000113797 0.863974 4.87746e-08 0.000795551 0.0395489 0.00841939 2.49082e-05 0.00313387 0.012896 0.0708767 0.000122833 
3.90522e-06 0.000502098 0.766787 8.93594e-06 0.0164998 0.0449103 0.0206231 0.00220023 0.00292363 0.0439228 0.101546 7.23719e-05 
0.00116894 0.0229883 0.575324 1.55667e-05 0.00309175 0.0557566 0.128609 0.0118938 0.0156927 0.0294835 0.15451 0.0014656 
0.000227335 0.000194064 0.556889 1.25036e-08 0.101104 0.00809732 0.000672495 7.6078e-06 0.017106 0.106223 0.102875 0.106605 
0.00743195 0.0057407 0.424408 0.123845 0.0172584 0.18383 0.0087324 0.0144542 0.0396124 0.141027 0.0331482 0.000511287 
0.00603845 0.00735957 0.621613 0.00217607 0.0133206 0.194835 0.0258525 0.010066 0.00709058 0.00510139 0.106193 0.000354046 
2.43944e-05 0.0248514 0.762892 5.07338e-05 0.0888348 0.0199255 0.00532521 0.000117407 0.000551283 0.0772408 0.0188192 0.00136753 
0.000462431 0.0346502 0.719189 5.9067e-06 0.0139016 0.0178111 0.000378357 6.1808e-05 0.0484872 0.011144 0.153799 0.000109648 
0.000297037 0.0170623 0.324853 3.97733e-05 0.0231447 0.0777112 0.204397 0.0127464 0.125237 0.0125932 0.200487 0.00143099 
5.471e-08 0.000153601 0.354245 0.00293918 0.195351 0.0246914 0.203327 0.19067 0.00348025 0.00299265 0.0221248 2.56462e-05 
9.53688e-05 0.00125136 0.77023 1.3033e-06 0.00442641 0.0052032 0.0016131 0.00791159 0.0388311 0.158208 0.012171 5.78641e-05 
0.00257265 0.00332882 0.623582 0.00218339 0.0274157 0.0564298 0.00401336 0.00768485 0.0533807 0.0645809 0.141906 0.0129215 
6.7757e-05 0.00745735 0.67401 0.000221142 0.0229411 0.0247213 0.000104244 2.82606e-05 0.0184041 0.0276577 0.224021 0.000366133 
0.0440694 0.0218369 0.315673 0.000115939 0.10488 0.063307 0.309017 0.0179187 0.007044 0.0202174 0.0959108 1.07275e-05 
0.000139374 0.000945208 0.697662 2.41755e-06 0.0293252 0.00463927 0.027332 0.000222916 0.00581306 0.0848782 0.0848699 0.0641709 
7.97144e-05 2.10601e-05 0.887154 2.08005e-09 0.000128115 0.00966071 0.00441961 0.00302648 3.37804e-05 0.0195072 0.0759536 1.60334e-05 
5.99672e-07 0.00126469 0.360046 5.77197e-05 0.136042 0.0132293 0.00712072 0.0478997 0.0288554 0.0128925 0.0371895 0.355402 
0.00113263 0.00732723 0.325488 5.37179e-05 0.0265209 0.0388805 0.0946414 0.00305312 0.215851 0.107755 0.178784 0.000512304 
3.33616e-09 0.030331 0.577634 1.72195e-06 0.0568215 0.0156245 0.000137789 0.000938129 0.0726914 0.035769 0.208538 0.00151315 
0.000267887 0.0266526 0.466955 0.00113044 0.043412 0.100351 0.108413 0.00108899 0.137222 0.0334793 0.080477 0.000550631 
0.0131076 0.00168994 0.387076 0.000291234 0.239435 0.0387508 0.0323836 0.0413526 0.0912312 0.0464124 0.105129 0.00314061 
5.99672e-07 0.00126469 0.360046 5.77197e-05 0.136042 0.0132293 0.00712072 0.0478997 0.0288554 0.0128925 0.0371895 0.355402 
0.0044289 0.0265251 0.313049 1.67685e-05 0.0330681 0.00657707 0.0238275 0.00600888 0.0505388 0.248763 0.285389 0.00180845 
0.00188483 0.0129067 0.416705 0.000104832 0.0227645 0.0484194 0.00479031 0.000841851 0.0778162 0.0238035 0.389285 0.000677511 
4.45822e-05 0.00817964 0.389474 5.89438e-06 0.307689 0.0158351 0.00276274 1.16721e-05 0.0849399 0.093662 0.0683392 0.0290558 
0.000303523 0.000184578 0.344621 3.32185e-07 0.153178 0.0574154 0.0250252 0.0191192 0.039931 0.097177 0.260963 0.0020807 
2.53906e-08 2.65502e-05 0.814087 3.39601e-12 0.00016892 0.0197942 0.00864677 0.0161998 5.86935e-05 0.00588119 0.135135 1.39735e-06 
3.55565e-07 0.000379212 0.881155 0.000394866 0.0215386 0.00456652 0.000931881 0.00691163 0.0113747 0.0323876 0.0402845 7.47796e-05 
1.30952e-08 0.0285854 0.426346 3.62627e-05 0.135372 0.0494644 0.0972081 9.15449e-05 0.0847098 0.091635 0.0748818 0.0116695 
0.00644083 0.034096 0.393404 7.8512e-05 0.0239172 0.0474344 0.0680502 0.0358601 0.077233 0.0211014 0.121517 0.170868 
5.36418e-06 0.0258104 0.412935 4.80703e-05 0.0331528 0.0484157 0.0106833 0.00108664 0.0402418 0.0384879 0.255038 0.134094 
7.64407e-12 0.000771324 0.866268 7.27537e-12 0.000109311 0.0177946 0.00200758 3.53311e-05 0.00154593 0.00173198 0.109713 2.31099e-05 
1.1308e-05 2.22016e-05 0.751199 2.27177e-05 0.000167212 0.000256497 6.43604e-05 6.49256e-06 5.38735e-05 0.247057 0.000912532 0.000226413 
0.000853174 0.00472528 0.395772 0.00136161 0.0539445 0.0294958 0.00655001 0.000725352 0.0729827 0.0876646 0.345757 0.000168606 
0.00271567 0.00298921 0.448553 0.00314609 0.02877 0.0102032 0.00198734 4.05071e-05 0.143564 0.297044 0.0609529 3.34439e-05 
0.00397635 0.000301338 0.83054 0.000220686 0.0222008 0.018444 0.0076372 0.00656368 0.01695 0.0199069 0.0717206 0.00153866 
0.00165744 0.000726254 0.798225 0.00298442 0.00219169 0.0825032 0.0318675 0.00188911 0.0039397 0.0107456 0.0630695 0.000200939 
7.2211e-05 0.000227461 0.917554 1.06932e-08 0.00172961 0.00118673 0.000426053 9.05359e-05 0.00446083 0.00447424 0.0601718 0.00960663 
0.000335638 0.0128183 0.317589 0.0014117 0.205433 0.249354 0.0074371 0.0023262 0.0793396 0.0217486 0.101738 0.000469577 
4.1957e-11 0.000180295 0.958923 0.00160375 0.00603379 0.00435831 8.2533e-05 2.94447e-05 0.00332409 3.18916e-05 0.0254312 1.69937e-06 
2.045e-06 0.0480621 0.394345 0.103988 0.00363189 0.281115 0.054785 1.34207e-05 0.0939396 0.0047763 2.19907e-07 0.0153421 
3.77211e-08 0.0171283 0.370763 1.39701e-08 0.0122243 0.093222 0.0258255 8.06152e-05 0.082641 0.0865411 0.310628 0.000945834 
0.000135061 0.00880457 0.609537 9.42454e-05 0.0107759 0.166188 0.0179181 0.000184993 0.0160413 0.0290674 0.140528 0.00072611 
2.21347e-05 0.00177566 0.747554 5.53494e-06 0.0686944 0.0074791 0.00484502 1.92999e-05 0.0515899 0.0271503 0.0906319 0.000232316 
0.00149744 0.00592208 0.619178 9.22007e-06 0.027696 0.0315414 0.0425535 0.0113213 0.0436546 0.069554 0.142833 0.00423943 
6.11521e-05 0.00401638 0.357663 6.25763e-06 0.00743961 0.0900383 0.082163 7.9353e-06 0.0887724 0.0456089 0.228421 0.0958027 
0.0285766 0.00150712 0.652383 0.000111803 0.015491 0.136235 0.00332712 0.021544 0.0100217 0.0540245 0.0733555 0.00342192 
0.0142539 0.0190248 0.452598 6.48007e-06 0.0335305 0.0277517 0.00427113 0.000196569 0.0404616 0.261887 0.132181 0.0138376 
1.83813e-05 0.0101276 0.44807 0.000410224 0.419862 0.0190216 0.00903272 0.0548073 0.00237736 0.0194196 0.0154617 0.0013917 
0.000315062 0.0139196 0.724176 1.43562e-05 0.00756397 0.0190987 0.0148273 0.00145812 0.0104163 0.0674439 0.140141 0.000626566 
5.08471e-05 0.0016846 0.432256 7.79602e-09 0.00972371 0.00363893 0.00139748 0.00538075 0.0869307 0.273338 0.185485 0.000114039 
2.14284e-05 0.000963229 0.751689 2.39448e-06 0.00092814 0.0793916 0.0024919 8.66787e-06 0.00689953 0.0418298 0.115388 0.000386381 
5.71399e-05 0.0100736 0.476133 1.93506e-07 0.00808632 0.00300654 1.36572e-05 0.000108042 0.0757845 0.11332 0.3126 0.000816774 
0.00010202 0.000662566 0.470931 2.64701e-06 0.046201 0.0650773 0.00285177 7.39338e-05 0.0158831 0.130204 0.266461 0.00155049 
0.000202477 0.00259763 0.708976 5.4674e-06 0.00514242 0.0284855 0.0603718 0.0120531 0.0105801 0.0184785 0.151806 0.00130126 
2.51862e-05 0.0790055 0.177412 4.76757e-06 0.166058 0.0229803 0.0356672 0.000306533 0.117567 0.148941 0.0818249 0.170208 
9.40569e-06 0.139035 0.362549 4.20887e-05 0.332118 0.00890199 0.0581901 0.0205717 0.0229838 0.0193698 0.0292575 0.00697186 
2.99238e-10 0.122476 0.339726 5.49927e-07 0.0089224 0.24764 0.0420585 0.000534264 0.00439114 0.00760513 0.226172 0.000474431 
5.70485e-06 0.00879956 0.749823 0.000139972 0.117162 0.00371816 0.000893169 0.00012358 0.00207177 0.00434572 0.112912 5.56465e-06 
0.0314382 0.00607871 0.524959 0.0002213 0.0319315 0.032341 0.0422363 0.0115501 0.0784802 0.0279036 0.212713 0.00014799 
4.09582e-05 0.195211 0.330174 1.55801e-09 0.0294434 0.0160754 0.000792307 0.000108894 0.0781481 0.0644876 0.28511 0.000407954 
7.2211e-05 0.000227461 0.917554 1.06932e-08 0.00172961 0.00118673 0.000426053 9.05359e-05 0.00446083 0.00447424 0.0601718 0.00960663 
0.000592989 0.000186805 0.814676 1.84904e-06 0.000802095 0.0984819 0.0010319 1.91573e-06 0.00220713 0.0165214 0.0652707 0.000224921 
1.50617e-05 0.0141543 0.498539 0.000222736 0.401272 0.0144631 0.0425299 0.0089487 0.00114802 0.0154302 0.00324158 3.51592e-05 
5.72999e-07 0.000213849 0.756161 0.000119958 0.0926471 0.0137045 0.000351869 0.00294027 0.00515369 0.0854535 0.0423084 0.000945707 
0.173381 0.00703125 0.561664 0.0055649 0.110119 0.025491 0.00328832 0.000166874 0.0343629 0.0302654 0.0468921 0.00177356 
1.70058e-09 1.09565e-06 0.532092 1.61855e-09 0.0580919 0.0527652 3.14858e-07 0.000672376 0.00266975 0.320803 0.0289527 0.0039516 
2.90028e-07 0.000152109 0.923106 2.08993e-07 0.0444986 0.00231871 3.32711e-05 2.78752e-05 0.0166695 0.00143518 0.0108002 0.00095842 
4.1957e-11 0.000180295 0.958923 0.00160375 0.00603379 0.00435831 8.2533e-05 2.94447e-05 0.00332409 3.18916e-05 0.0254312 1.69937e-06 
1.47343e-09 0.000203974 0.938256 0.000122679 0.0425637 0.00930559 2.85813e-07 0.000137694 0.00109756 0.00267983 0.0055674 6.54425e-05 
7.2493e-09 0.000382072 0.382083 4.79991e-07 0.194702 0.18773 0.00189662 0.000799038 0.0148665 0.0859251 0.00972002 0.121895 
0.000100563 0.0540288 0.402417 7.18627e-06 0.0151033 0.0144446 0.0785643 0.00580976 0.088655 0.00336071 0.337107 0.000401824 
0.0198312 0.00116088 0.495422 0.044166 0.0167845 0.234002 0.00668311 0.000423567 0.00655862 0.042838 0.132015 0.000114724 
1.27616e-05 5.48854e-05 0.764411 0.00880739 0.175797 0.0267018 0.00173965 0.000840566 0.000165306 0.00010325 0.0208244 0.00054159 
3.42573e-07 0.00019542 0.819273 6.75533e-06 0.0136936 0.117372 0.0016475 2.36055e-05 0.00175987 0.00774316 0.0377359 0.00054952 
0.000393678 0.252364 0.354924 0.000478031 0.0319303 0.0540171 0.00341776 0.00327718 0.0520088 0.0098047 0.235894 0.00149013 
0.00230856 0.0247087 0.567456 3.43234e-05 0.0106228 0.114694 0.0181752 0.0209919 0.0176914 0.0161875 0.206533 0.00059605 
9.09091e-05 0.0319379 0.241338 0.000851801 0.0703675 0.222526 0.0576657 0.00669555 0.149835 0.0618307 0.155625 0.00123697 
6.04438e-05 2.42035e-05 0.37846 0.000188797 0.359804 0.0502973 0.0272535 0.00410707 0.0281935 0.0413161 0.110266 2.97818e-05 
1.2385e-07 0.000616564 0.825076 1.80071e-08 0.0141654 0.00693516 0.00120442 0.000198455 0.00675186 0.0306537 0.114079 0.000319022 
0.000772673 0.0114644 0.327912 0.00392302 0.106988 0.192691 0.00460601 0.00453999 0.0429483 0.0134658 0.289572 0.00111679 
0.00282073 0.0118235 0.440254 1.14251e-05 0.0506394 0.00588873 0.0128182 6.34919e-05 0.10638 0.0460484 0.322874 0.000378848 
0.00346605 0.00111355 0.515107 1.84338e-05 0.0280881 0.0283104 0.00624986 0.000806384 0.0223516 0.203962 0.189096 0.00143085 
1.25189e-06 0.182639 0.343955 8.76919e-08 0.163933 0.0216375 0.00242973 0.000425503 0.0734159 0.0732407 0.130182 0.0081404 
0.00010202 0.000662566 0.470931 2.64701e-06 0.046201 0.0650773 0.00285177 7.39338e-05 0.0158831 0.130204 0.266461 0.00155049 
0.000352627 0.000442796 0.504173 3.50529e-05 0.140985 0.0138604 0.000925728 5.86473e-05 0.102453 0.0941123 0.142524 7.80226e-05 
0.00484257 0.0073901 0.408487 0.000168503 0.00878232 0.165364 0.0347504 0.00298904 0.0130893 0.00520701 0.347415 0.00151423 
3.37202e-06 0.00115157 0.42047 0.000426067 0.0870646 0.180611 0.00224502 0.00017042 0.025399 0.0144165 0.243311 0.0247319 
1.74135e-05 0.000239434 0.929118 2.56001e-09 0.000152716 0.0144057 0.000256702 1.33975e-05 0.000102467 0.000717506 0.054644 0.000332748 
0.000206184 0.0321722 0.387979 0.000122838 0.0719619 0.0496602 0.211749 0.164449 0.00446273 0.00877714 0.0678706 0.000588767 
0.000595242 0.0258414 0.369987 0.000100945 0.0880252 0.242127 8.4128e-05 2.52172e-05 0.155481 0.000319083 0.117056 0.000358822 
0.00350561 0.00874509 0.467169 0.000347284 0.00583845 0.0596625 0.163524 0.00497374 0.0358945 0.0576 0.185236 0.00750346 
0.000250761 2.85919e-05 0.895077 1.79447e-05 0.00399331 0.00804115 2.21949e-05 7.17568e-06 0.00250654 0.0452357 0.0447484 7.13478e-05 
0.000373818 0.0213705 0.451984 0.000127669 0.00960088 0.117372 0.0217063 0.013067 0.0306233 0.0680515 0.257708 0.00801447 
0.000393678 0.252364 0.354924 0.000478031 0.0319303 0.0540171 0.00341776 0.00327718 0.0520088 0.0098047 0.235894 0.00149013 
0.000174897 0.0148912 0.795885 7.12472e-06 0.0192448 0.00494914 6.05236e-05 9.63639e-05 0.0114053 0.00409779 0.14861 0.000577669 
0.0002317 0.000231888 0.695957 0.000231711 0.000231885 0.000231898 0.000231854 0.000231858 0.000231913 0.000231896 0.301725 0.000231726 
4.20007e-05 0.000450449 0.670308 2.08951e-05 0.0501328 0.041761 0.0267588 0.000318189 0.0365939 0.00712484 0.14517 0.0213191 
0.000157219 0.0131731 0.619824 5.31917e-05 0.00178583 0.0769584 0.00578952 0.00431286 0.0015508 0.00409638 0.272243 5.58485e-05 
5.55963e-05 0.130565 0.378523 0.000790661 0.0854343 0.0417305 0.0460307 0.000411545 0.0420908 0.0355392 0.229903 0.0089254 
7.67504e-06 0.0379693 0.352864 0.000637825 0.237847 0.0644612 0.0439473 0.0679655 0.0693353 0.0147844 0.0745829 0.0355979 
0.000132459 0.0172751 0.435706 2.52268e-06 0.0758949 0.0324618 0.227366 0.0129787 0.0920657 0.0196125 0.0855685 0.000935502 
2.80369e-05 0.000211202 0.459928 1.76764e-07 0.000258997 0.242466 7.7879e-05 1.70612e-05 0.000289307 0.0253834 0.271238 0.000102317 
3.31695e-05 0.0147494 0.245531 0.0052069 0.142142 0.157353 0.014698 0.000459022 0.174995 0.00332694 0.241102 0.000403277 
1.58519e-07 0.18435 0.356482 3.1864e-05 0.0263037 0.0168017 0.00228437 1.58628e-07 0.131788 0.0634772 0.13582 0.0826614 
0.00049656 0.100805 0.476802 1.7172e-05 0.0495493 0.0142329 0.00433488 0.000880576 0.037972 0.044524 0.267912 0.00247328 
0.000898566 0.0323045 0.249126 3.59561e-05 0.0324176 0.0588142 0.0874352 0.0012532 0.218202 0.0756149 0.243503 0.000395145 
3.94741e-06 2.55025e-06 0.876036 1.24233e-08 0.0415269 0.000814317 4.29628e-08 4.70687e-06 0.0116872 0.0493376 0.0204607 0.000126097 
2.42674e-05 0.00156394 0.756808 0.00105321 0.00873011 0.00783693 0.06205 0.00641395 0.0329473 0.0955627 0.0270078 1.92623e-06 
0.00545749 0.00366757 0.417152 3.83175e-05 0.0623135 0.0694669 0.0446428 0.0048424 0.0217733 0.0128918 0.356468 0.00128509 
0.00107732 0.00713089 0.738505 2.7291e-05 0.00985967 0.017163 0.0227552 0.00255313 0.011061 0.00581813 0.183925 0.000124346 
2.04639e-05 6.73204e-05 0.472158 6.9702e-05 0.00535272 0.098212 0.0387984 0.0024124 0.0133489 0.0811573 0.285808 0.00259557 
2.44734e-08 0.00118974 0.53926 0.000345824 0.260109 0.0227123 2.7425e-07 3.7394e-06 0.0398894 0.0566113 0.0798783 3.84526e-07 
0.000698228 0.0158066 0.37504 1.68406e-05 0.0885534 0.173906 0.0134022 0.00294995 0.0348068 0.0411516 0.247728 0.00594018 
4.25673e-05 3.51342e-05 0.522643 2.92525e-06 0.0159694 0.0575021 0.00059627 0.000272167 0.00111741 0.0881223 0.242917 0.0707802 
0.000791083 0.0196988 0.655024 0.000221652 0.00222897 0.0363593 0.0563456 0.0071045 0.0158704 0.0062014 0.200055 0.000100258 
4.75056e-06 6.80151e-05 0.867323 0.000245346 0.039572 0.00228946 7.03735e-07 0.000115413 0.00671715 1.39331e-06 0.0836524 1.02606e-05 
0.00742285 0.0508302 0.439988 0.00963164 0.11351 0.0479617 0.153859 0.0318783 0.030585 0.0338904 0.0790876 0.00135442 
0.000597558 0.0110494 0.522119 0.00872205 0.0450756 0.0773983 0.00172716 0.000306673 0.0523075 0.0262717 0.254156 0.000268264 
2.90028e-07 0.000152109 0.923106 2.08993e-07 0.0444986 0.00231871 3.32711e-05 2.78752e-05 0.0166695 0.00143518 0.0108002 0.00095842 
5.42561e-06 0.000436512 0.825968 1.43829e-06 0.0387564 0.0325933 0.0533489 0.0049529 0.00064469 0.0356114 0.00762873 5.2181e-05 
8.12263e-06 0.000350514 0.565192 0.000266395 0.0296382 0.0117826 0.0169661 0.000184642 0.116742 0.0614697 0.197344 5.59407e-05 
0.0020115 0.0047266 0.686641 0.000174435 0.00558958 0.116573 0.0130787 6.46545e-05 0.0113135 0.0548212 0.096162 0.00884346 
9.47734e-05 0.000363317 0.50885 0.000218268 0.136767 0.086834 0.0613139 0.0438947 0.00620227 0.0254915 0.128825 0.00114517 
7.30904e-05 0.000526009 0.851228 7.3234e-05 0.0192059 0.0132609 0.00283068 6.93372e-05 0.00403902 0.0130965 0.0916946 0.00390254 
0.0019628 0.0126646 0.417348 0.000277543 0.0166967 0.112985 0.0418547 0.0142618 0.0391994 0.144901 0.197345 0.00050304 
4.93626e-05 0.00188226 0.52563 5.14341e-06 0.01572 0.0496586 0.00716018 0.000109543 0.0137923 0.126067 0.235558 0.0243689 
0.00495084 0.0585132 0.512977 1.2784e-07 0.271234 0.056202 6.98377e-05 0.000161733 0.0479455 0.0300187 0.00751923 0.010408 
0.000137643 3.74346e-06 0.860586 1.64013e-06 0.00247947 0.00826031 5.77238e-05 1.12745e-06 0.000141961 0.121101 0.00718963 4.00268e-05 
6.40884e-05 0.0395598 0.377855 0.000824316 0.234967 0.0258728 0.00872938 7.60562e-05 0.0973345 0.0272857 0.18689 0.000541068 
0.00223961 0.00125805 0.540949 0.0353431 0.0580886 0.0531022 0.270394 0.00130262 0.0115598 0.0108875 0.0128714 0.00200489 
0.00329932 0.0193941 0.392306 4.35132e-06 0.056032 0.0101157 0.00215586 1.81372e-05 0.163008 0.201883 0.151623 0.000160239 
1.80086e-08 0.0109529 0.25555 0.00275262 0.128459 0.076333 0.151161 0.0315066 0.109421 0.0125128 0.220458 0.000894359 
0.0031455 0.00133973 0.704812 9.31916e-06 0.0136763 0.0152087 0.00109692 0.00013402 0.020678 0.0555615 0.18354 0.000798631 
0.00377578 0.000123093 0.487817 4.92054e-07 0.0264543 0.342159 0.0104573 8.53273e-06 0.000634235 0.00505754 0.123507 5.60672e-06 
0.000799029 0.00862629 0.692053 8.66681e-05 0.0118098 0.0131584 0.0011454 0.000373006 0.0142726 0.0199102 0.237151 0.00061511 
0.020023 0.00169359 0.426119 0.00160928 0.0790893 0.0302033 0.192821 0.0223472 0.0226341 0.0616175 0.1417 0.000143467 
1.84297e-06 1.32426e-09 0.330452 4.88462e-06 0.306793 2.92239e-06 2.18753e-06 2.23528e-09 0.00611705 0.000107394 0.225931 0.130588 
0.00222849 0.00526442 0.377785 1.9693e-05 0.0139327 0.144355 0.0165253 3.88552e-05 0.0414521 0.0347581 0.363371 0.000269873 
4.1957e-11 0.000180295 0.958923 0.00160375 0.00603379 0.00435831 8.2533e-05 2.94447e-05 0.00332409 3.18916e-05 0.0254312 1.69937e-06 
0.000393274 0.000930617 0.389349 3.04457e-08 0.0263873 0.005651 0.158649 0.00846682 0.00353608 0.246931 0.159687 1.97157e-05 
2.88918e-06 0.000157445 0.362181 3.91024e-08 0.0391543 0.116817 0.00815213 0.00858705 0.0603178 0.275802 0.128226 0.000602049 
5.73621e-09 0.0015811 0.862158 5.1885e-10 0.00792833 0.0129789 0.00107955 0.000387283 0.00194645 0.00190831 0.109941 9.12138e-05 
7.27668e-05 0.000421527 0.85763 1.3758e-05 0.00367857 0.00485715 0.019431 0.0167958 0.00179156 0.00517304 0.0900564 7.80531e-05 
4.55705e-05 0.00761537 0.286375 4.49592e-07 0.0188216 0.0716861 0.104011 0.000296926 0.0974733 0.212312 0.178278 0.0230846 
