8.61474e-05 0.00526384 0.478744 6.78796e-05 0.028676 0.042241 0.0210279 0.0463876 0.0235101 0.230369 0.10875 0.0148766 
4.11823e-06 4.12158e-06 0.457951 4.11843e-06 4.12153e-06 0.079554 0.0494559 0.0222578 0.014019 0.112527 0.244445 0.0197738 
0.000540373 0.000145904 0.36413 1.91889e-05 0.107129 0.0677685 0.0133079 0.0291272 0.0302328 0.231295 0.156299 4.6895e-06 
8.32179e-10 0.0829769 0.436187 0.0174704 0.000675663 1.78386e-05 4.97597e-06 2.72645e-05 0.320191 0.142219 0.000212128 1.68272e-05 
0.0115181 5.07342e-05 0.724009 2.53047e-05 0.00200602 0.136174 0.005257 1.76364e-05 0.0041332 0.0746871 0.0404332 0.00168878 
2.87737e-05 0.00965447 0.545352 3.60111e-06 0.00533155 0.0448556 0.0125143 0.000676598 0.0165893 0.0568995 0.304569 0.0035251 
6.80391e-05 5.33818e-08 0.913357 0.000293572 2.339e-05 0.0481223 0.00130136 7.4306e-07 0.000721908 0.0360384 3.60292e-05 3.68802e-05 
4.04685e-05 0.0158991 0.242247 0.00011597 0.015573 0.090481 0.154337 0.0477259 0.0378662 0.0396845 0.204156 0.151873 
0.00415588 0.00454279 0.30611 1.62378e-05 0.00469299 0.17001 0.0922966 0.00336759 0.118056 0.0942511 0.202498 2.51716e-06 
3.31695e-05 0.0147494 0.245531 0.0052069 0.142142 0.157353 0.014698 0.000459022 0.174995 0.00332694 0.241102 0.000403277 
0.00052179 0.0038052 0.674198 2.90255e-05 0.00192767 0.0514635 0.0204947 0.00218303 0.00339212 0.0194749 0.222111 0.000398933 
6.74505e-07 0.0134508 0.415539 8.39033e-06 0.00415173 0.0356198 0.0276174 0.000537332 0.017776 0.00135867 0.323744 0.160197 
0.00269805 0.0728637 0.64609 2.57667e-07 0.00714217 0.00564582 3.23997e-09 0.000112861 0.0250459 0.126692 0.113284 0.00042457 
0.000434942 0.143604 0.318563 8.93124e-05 0.0481343 0.0480567 0.00649062 0.151261 0.075008 0.0610368 0.14639 0.000930636 
0.00149552 0.0450821 0.539382 0.00086524 0.0547998 0.0800219 0.0137552 0.00446241 0.111298 0.0429507 0.0967439 0.00914256 
0.100044 0.0090917 0.243156 0.000420519 0.204916 0.0907625 0.00726134 0.00232297 0.0599693 0.135855 0.0352841 0.110916 
2.09382e-05 0.00246904 0.553404 0.000220262 0.0397646 0.0460871 0.046649 0.00726041 0.0448018 0.0339326 0.224972 0.00041829 
0.00158717 0.0121196 0.317438 0.0375577 0.0281261 0.191734 0.020174 0.00824224 0.0891172 0.0448614 0.227433 0.0216106 
4.1957e-11 0.000180295 0.958923 0.00160375 0.00603379 0.00435831 8.2533e-05 2.94447e-05 0.00332409 3.18916e-05 0.0254312 1.69937e-06 
0.0302364 0.0200171 0.436471 0.000232886 0.0585702 0.0430635 0.00785273 8.62446e-05 0.0400078 0.155493 0.198042 0.009927 
1.69827e-05 0.0136103 0.892917 0.000133855 0.0383595 0.0146062 0.0146069 0.00228617 0.00533731 0.0150145 0.00304105 6.99782e-05 
2.70955e-06 0.00135257 0.537352 7.15345e-08 0.066303 0.00255977 0.000608097 8.29479e-05 0.0386903 0.0266922 0.321684 0.00467248 
0.000357192 0.00201675 0.564168 9.39321e-06 0.112021 0.0120373 0.19343 0.00181058 0.00883476 0.00841625 0.0845794 0.0123192 
0.0132166 0.00480603 0.493664 2.36888e-05 0.244256 0.0233198 0.0553069 0.0499437 0.023221 0.0249729 0.0670895 0.000180068 
2.55287e-08 7.868e-07 0.479729 0.000620601 0.395223 0.054877 0.00458659 0.00144756 2.32134e-05 0.0585989 2.56004e-05 0.00486745 
5.70471e-05 0.00369432 0.328245 1.73913e-05 0.00507589 0.121147 0.0247885 0.0114216 0.029558 0.234175 0.239656 0.00216507 
1.40544e-06 0.014652 0.424745 8.69477e-06 0.247118 0.0288464 0.0961853 0.118786 0.0103956 0.00809784 0.0510398 0.000123975 
0.000666059 0.0424327 0.394887 1.77812e-05 0.0623631 0.0926158 0.029117 0.00708394 0.108065 0.0375511 0.224789 0.000411557 
0.0034 0.0157545 0.277359 0.00087922 0.205332 0.0907063 0.0367862 0.00275116 0.126103 0.116424 0.108264 0.0162393 
0.000929301 0.0655053 0.450526 0.00110289 0.0140122 0.0665735 0.0279019 0.025558 0.0355391 0.0749703 0.229791 0.00759073 
2.90028e-07 0.000152109 0.923106 2.08993e-07 0.0444986 0.00231871 3.32711e-05 2.78752e-05 0.0166695 0.00143518 0.0108002 0.00095842 
1.2585e-06 0.000370031 0.346153 4.80842e-05 0.0621177 0.0970735 0.0130144 3.32011e-05 0.0173261 0.2072 0.223219 0.0334438 
0.000841666 0.00377304 0.760087 9.62902e-05 0.0383324 0.0153533 0.00208487 0.0026134 0.0094242 0.0487451 0.117884 0.000764608 
3.08277e-10 0.00641844 0.563958 2.93408e-10 0.0122781 0.00237088 1.02401e-10 9.65574e-11 0.0116668 1.99743e-05 0.403288 2.7339e-10 
0.000853601 0.0182392 0.404601 5.56559e-06 0.0207359 0.0457689 0.0125459 0.0118683 0.0193351 0.260105 0.205153 0.000788568 
2.3054e-05 0.000779193 0.598983 2.06244e-05 0.0221503 0.161943 0.0128092 0.000270436 0.00381484 0.0161933 0.182631 0.000382584 
1.1195e-05 0.000955014 0.744429 9.01178e-05 0.00812442 0.089883 0.0158581 7.23012e-05 0.0232267 0.0718269 0.0451645 0.000358814 
0.00345912 0.00214609 0.373182 5.34691e-05 0.0566608 0.00495347 0.0430934 0.3462 0.026058 0.0556022 0.0880574 0.00053388 
0.00029732 0.00346304 0.541159 1.69904e-05 0.0719878 0.00652778 0.0125941 0.0248712 0.0144845 0.256487 0.0676235 0.000487737 
0.0115986 0.0029904 0.377635 0.000354552 0.0137821 0.111111 0.00509128 0.00701726 0.0701951 0.0565257 0.342465 0.00123416 
0.000291554 0.00975314 0.49921 9.38379e-05 0.02304 0.0239728 0.0014612 1.06778e-05 0.0212136 0.207046 0.213898 8.90659e-06 
0.000332188 0.00531015 0.637182 0.00118553 0.108904 0.0942002 0.00280118 0.0100668 0.0120246 0.0271929 0.100087 0.000713176 
0.000643497 0.00189303 0.824224 0.000615308 0.0458918 0.0175167 0.0101693 0.000153781 0.00777128 0.00851333 0.0741383 0.00846947 
3.12004e-08 0.0286601 0.386155 4.85856e-09 0.0383729 0.0580021 0.126159 0.00176515 0.144023 0.0390095 0.177388 0.00046526 
2.51862e-05 0.0790055 0.177412 4.76757e-06 0.166058 0.0229803 0.0356672 0.000306533 0.117567 0.148941 0.0818249 0.170208 
7.64407e-12 0.000771324 0.866268 7.27537e-12 0.000109311 0.0177946 0.00200758 3.53311e-05 0.00154593 0.00173198 0.109713 2.31099e-05 
0.000516637 0.0248164 0.309478 0.00661299 0.00749517 0.108263 0.18356 0.00904267 0.0362439 0.0298276 0.280436 0.00370724 
1.43357e-08 6.24214e-06 0.759521 1.89195e-12 0.000168903 0.0248038 0.00971959 0.0161986 5.04858e-06 0.107816 0.0817597 1.39209e-06 
0.0121349 0.00470265 0.349767 0.0806293 0.0666937 0.0414296 0.0106316 0.0101493 0.111963 0.110106 0.201237 0.000555937 
0.00109803 0.00723121 0.448871 0.000145391 0.023776 0.243326 0.0191928 0.00361536 0.0169495 0.00920817 0.22643 0.000156116 
0.0004761 0.00994579 0.449819 3.12491e-05 0.00454829 0.159275 0.0187669 0.0173835 0.0209584 0.0367918 0.281471 0.000532381 
0.000229578 0.000905575 0.811122 4.48574e-06 0.00103633 0.0180299 0.0022161 0.0552244 0.00871277 0.0156019 0.0867574 0.000159709 
1.27306e-08 0.00150152 0.687747 2.41627e-08 0.0968234 0.0262761 0.00337213 4.90704e-05 0.0205805 0.00854056 0.155109 1.26496e-06 
0.000957065 0.0115832 0.542651 0.000371675 0.0178131 0.0930004 0.0143866 0.00611114 0.0251549 0.0515695 0.233484 0.00291826 
4.89874e-05 0.00312332 0.377714 4.87106e-05 0.01026 0.0294943 0.00247554 0.000340088 0.181011 0.108553 0.284925 0.00200623 
0.00253789 0.00211572 0.352484 2.70494e-06 0.0690735 0.197545 0.0131619 0.0113927 0.0269305 0.116609 0.20807 7.5462e-05 
2.15863e-06 0.0409245 0.191735 0.000161307 0.188533 0.0957304 0.0247055 0.000353994 0.125083 0.00451726 0.173945 0.154308 
2.86582e-05 0.000321563 0.446391 0.000226565 0.0269087 0.0697081 0.065112 0.000260097 0.071558 0.0377275 0.281746 1.10826e-05 
0.001943 6.16202e-05 0.663424 0.000225411 0.0987051 0.0267248 0.0293802 0.0529655 0.0255866 0.0598279 0.0410194 0.000136157 
2.20228e-05 0.0737885 0.424904 0.000783059 0.149204 0.107255 0.0182606 0.000668928 0.196341 0.000766549 0.027208 0.000798908 
0.00104499 0.0125983 0.562346 0.0011866 0.0621094 0.0623875 0.019871 0.00223175 0.0619258 0.0614254 0.152396 0.000476927 
0.00782527 0.00219536 0.5628 0.00922447 0.0523677 0.0298828 0.0656586 0.000313642 0.0466904 0.0115434 0.209008 0.00249078 
0.00513317 0.000940067 0.352343 0.00107412 0.0326733 0.0213622 0.135649 0.0381804 0.0947425 0.131 0.186672 0.000229871 
0.00437617 0.0101461 0.639725 0.0224181 0.10344 0.00991634 0.0196628 8.21825e-05 0.0576849 0.106217 0.0224159 0.00391658 
5.71036e-06 0.0037746 0.480355 1.91882e-05 0.0170934 0.354648 0.00023393 7.47182e-05 0.0105958 0.0314293 0.101463 0.000307587 
5.17878e-07 0.00409508 0.389536 5.17903e-07 0.00539076 0.00544289 5.18224e-07 5.18233e-07 0.00331799 0.217486 0.374728 5.17936e-07 
0.00223961 0.00125805 0.540949 0.0353431 0.0580886 0.0531022 0.270394 0.00130262 0.0115598 0.0108875 0.0128714 0.00200489 
0.00128513 0.0100658 0.209075 0.000425698 0.107653 0.176892 0.0458199 0.186856 0.133403 0.00422549 0.123512 0.000787083 
2.73355e-06 0.000108379 0.665501 1.20451e-07 0.0236862 0.0274702 0.00401967 0.0160926 0.0206536 0.167342 0.0750814 4.24685e-05 
4.23027e-05 0.00138629 0.782957 0.000134242 0.00593795 0.0813646 0.00303466 0.00043434 0.0224991 0.057705 0.0444796 2.53423e-05 
0.00316595 0.0303932 0.254421 0.000196351 0.185922 0.0272258 0.080668 0.051923 0.184048 0.0387921 0.121525 0.0217203 
0.00158377 0.0399129 0.743254 3.01501e-06 0.00274616 0.0378037 0.148005 0.000159555 0.000277541 0.00424727 0.0219887 1.79606e-05 
0.000186683 0.00207118 0.792982 0.00112846 0.0271835 0.00743785 4.84175e-05 6.76799e-05 0.0100125 0.00235515 0.156498 2.84634e-05 
0.000443328 0.039428 0.412649 8.74867e-05 0.0130329 0.277708 0.0315671 0.00446311 0.047325 0.0180732 0.154496 0.000726497 
0.000520888 0.0199883 0.460769 4.57866e-05 0.152355 0.0859342 0.0252158 0.000215111 0.0503157 0.0533362 0.149486 0.00181655 
0.0232662 0.0054263 0.334793 0.00015743 0.0365192 0.131082 0.0266024 0.00395889 0.0314792 0.193739 0.211005 0.00197199 
0.00158377 0.0399129 0.743254 3.01501e-06 0.00274616 0.0378037 0.148005 0.000159555 0.000277541 0.00424727 0.0219887 1.79606e-05 
0.0015142 0.000102542 0.942892 8.57443e-07 0.000218296 0.00532643 0.00100716 1.85357e-05 0.00242656 0.0067416 0.0396295 0.000122124 
0.000379068 0.0152415 0.464985 3.86696e-05 0.193043 0.123452 0.012687 0.00059323 0.0225688 0.0644083 0.0947897 0.00781419 
9.85057e-05 3.12018e-05 0.839386 1.92923e-06 0.000305379 0.0143218 0.000986735 4.68047e-06 0.000188915 0.0080229 0.136009 0.000642849 
0.000261264 0.00277976 0.395872 2.19584e-06 0.0281595 0.0911372 0.101002 0.0837472 0.0152778 0.0467588 0.234967 3.55318e-05 
1.93379e-11 2.26931e-09 0.554195 1.84052e-11 4.83769e-08 0.00329579 7.85417e-09 6.05696e-12 0.000239881 6.55659e-05 0.442203 1.71495e-11 
3.60443e-07 3.50031e-07 0.692774 1.58069e-07 0.112655 0.0137763 2.98961e-07 2.67302e-07 0.0479157 0.0725312 0.0603448 8.67627e-07 
0.000282919 0.0267601 0.322396 2.72926e-05 0.00325439 0.044492 0.240311 0.0915544 0.100402 0.0208408 0.101203 0.0484763 
0.000360255 0.000433096 0.857115 5.1836e-05 0.0128424 0.0157722 0.00480344 3.88828e-05 0.00261247 0.0196751 0.0829584 0.00333708 
4.02066e-06 0.00103167 0.455614 2.03015e-08 0.000935478 0.0762268 0.00141926 0.00412254 0.00792656 0.0215364 0.431177 5.86669e-06 
0.0140099 5.9692e-05 0.30171 5.92513e-06 2.33987e-05 0.0722796 0.099474 5.98187e-06 0.0211706 0.200882 0.2902 0.000179276 
0.000260203 0.0710882 0.871797 1.33659e-05 0.00414726 0.0344777 0.00579054 0.000418162 0.000177142 0.00999507 0.00153822 0.000297231 
0.000189131 0.00529939 0.417373 3.85065e-05 0.0493605 0.0922975 0.0450413 0.00658165 0.048771 0.0438669 0.284096 0.00708482 
3.05339e-07 0.00736495 0.421197 3.05354e-07 0.0650284 0.0303158 0.132911 0.00397243 0.0350243 0.0573915 0.246794 3.05373e-07 
3.0485e-05 0.00776943 0.426013 0.000768454 0.384825 0.0784349 0.00849673 0.0563224 0.0110555 0.00742265 0.0187776 8.39196e-05 
0.0633748 0.000228845 0.34933 0.00518743 0.00966993 0.118779 0.0259539 0.0783542 0.0967444 0.0302666 0.221062 0.00104976 
0.299841 4.59232e-05 0.368249 5.85755e-07 0.00185781 0.0272791 0.00126704 2.83625e-05 0.00628211 0.270228 0.0241981 0.000722612 
9.79961e-05 0.00882114 0.684453 3.83331e-09 0.0015812 0.0330184 0.00757831 0.0100698 0.0146336 0.030212 0.209521 1.39183e-05 
0.0755995 0.000152989 0.379861 2.32054e-08 0.0420465 0.0281133 0.0941476 0.000887897 0.0474574 0.195611 0.136124 3.8346e-11 
1.0755e-06 0.00891182 0.40731 0.000333006 0.0806195 0.085639 0.0103861 0.213315 0.0256911 0.0220417 0.14575 5.29547e-07 
4.45238e-05 0.000792783 0.443813 0.000355539 0.303781 0.0602056 0.0134481 0.063814 0.00346516 0.063953 0.0440553 0.00227193 
2.06448e-06 0.0968927 0.359984 0.32426 0.00175661 0.0089211 0.00135533 2.49576e-09 0.198495 0.00347906 1.69954e-07 0.00485287 
1.83813e-05 0.0101276 0.44807 0.000410224 0.419862 0.0190216 0.00903272 0.0548073 0.00237736 0.0194196 0.0154617 0.0013917 
0.00250963 0.00627767 0.491267 0.000347706 0.0160587 0.0893925 0.101069 0.0341918 0.0141129 0.0274073 0.216827 0.000538706 
0.00242139 7.3366e-05 0.267022 0.000287289 0.240122 0.0680423 0.149809 0.0161349 0.155124 0.0211418 0.079795 2.69835e-05 
2.09382e-05 0.00246904 0.553404 0.000220262 0.0397646 0.0460871 0.046649 0.00726041 0.0448018 0.0339326 0.224972 0.00041829 
0.00551706 0.00594761 0.366186 9.00889e-06 0.0364893 0.0771568 0.0300881 9.49912e-05 0.102137 0.150517 0.22323 0.00262842 
1.15436e-06 0.00824889 0.461934 1.00423e-07 0.000838385 0.0412444 1.16224e-08 4.42905e-06 0.0046615 0.0265135 0.456553 2.10911e-09 
2.33549e-07 0.00931539 0.464485 5.93177e-05 0.00266992 0.294989 0.000241757 6.11204e-06 0.037265 0.0424452 0.144594 0.00392957 
3.51875e-12 0.000497228 0.546309 1.39498e-06 0.00214035 0.0620437 0.102211 0.000690543 0.0107898 0.0209206 0.25292 0.00147682 
0.00108613 0.00249848 0.422257 0.00194314 0.195941 0.092579 0.00798566 2.76992e-05 0.17424 0.0596033 0.0338575 0.00798125 
1.79989e-05 0.0519007 0.252698 0.000186236 0.0312045 0.181276 0.114874 0.000238772 0.0473301 0.0646173 0.246607 0.00904799 
0.000704281 0.0140286 0.451033 4.53512e-05 0.0293337 0.0363701 0.0885579 0.0102806 0.0591258 0.143969 0.164299 0.00225315 
0.000813073 0.00215766 0.395676 5.12379e-07 0.00140318 0.0254842 0.0516368 6.67673e-06 0.0167288 0.183694 0.316452 0.00594686 
2.65637e-06 7.11706e-08 0.931223 8.43527e-07 8.50706e-05 0.00262452 0.00156833 6.88348e-07 0.000259505 0.0261263 0.0381085 7.68432e-07 
3.31695e-05 0.0147494 0.245531 0.0052069 0.142142 0.157353 0.014698 0.000459022 0.174995 0.00332694 0.241102 0.000403277 
0.00011535 0.00215797 0.613632 6.06638e-05 0.00557425 0.0979974 0.138197 0.0197543 0.00253526 0.0267008 0.0919742 0.00130113 
1.64649e-07 3.27845e-06 0.47019 3.76256e-08 0.023253 4.53506e-06 3.65301e-07 2.31013e-07 0.0601083 0.132026 0.314414 6.62046e-08 
4.96501e-07 0.000153102 0.808923 4.39117e-07 0.000602339 0.0109464 0.000388053 9.55146e-06 0.00405087 0.00354721 0.171273 0.000105463 
0.000490559 0.0151272 0.469793 0.00025368 0.0240492 0.106627 0.00999825 0.00533092 0.0347 0.0269851 0.306044 0.000601273 
1.5094e-06 0.000670825 0.470036 0.442594 0.0155277 0.00169023 0.000223632 0.00411318 0.00460943 0.0563503 0.00376878 0.000414735 
0.00046822 0.00820425 0.611935 0.00312319 0.0620042 0.0639655 0.00367503 0.000149227 0.0105877 0.0156473 0.219402 0.000838585 
0.000104275 0.00268499 0.889525 4.42017e-06 0.00983167 0.0223842 0.0178041 0.000191554 0.00492059 0.00444873 0.047978 0.000122876 
4.1957e-11 0.000180295 0.958923 0.00160375 0.00603379 0.00435831 8.2533e-05 2.94447e-05 0.00332409 3.18916e-05 0.0254312 1.69937e-06 
0.000221337 0.00179251 0.254296 4.04645e-05 0.0883354 0.129351 0.0173307 0.00329836 0.103103 0.220322 0.179426 0.00248343 
9.60083e-06 1.24339e-05 0.912782 4.4717e-07 0.00154795 0.00826656 0.00534018 0.0109616 0.00329634 0.0486791 0.00909586 7.76393e-06 
0.0118783 0.00141766 0.285045 7.99664e-06 0.278836 0.12199 0.00221349 0.000298507 0.122263 0.0187799 0.157193 7.69066e-05 
2.43545e-12 1.75043e-05 0.852852 3.73295e-07 0.000446412 0.00344546 5.34574e-05 1.16051e-05 0.00374403 0.0296715 0.109694 6.28182e-05 
3.4686e-06 0.00178171 0.755393 5.89159e-06 0.0620327 0.00139075 1.86005e-05 1.83156e-06 0.0863343 0.0553657 0.0194947 0.0181774 
0.000363043 0.08748 0.432985 7.01961e-05 0.0125672 0.121982 0.00181923 6.73137e-05 0.0317289 0.0190607 0.291692 0.000184313 
6.74842e-05 0.0207532 0.715315 0.0410063 0.0895101 0.0206172 0.0199097 0.00251657 0.0192418 0.0112001 0.0587499 0.00111249 
7.07223e-07 0.000130542 0.939353 2.05177e-06 0.0185663 0.01544 0.00868678 0.000186787 0.000233601 0.00038095 0.0170135 5.63696e-06 
0.00144976 0.000640208 0.627007 7.08234e-06 0.00168455 0.045389 0.0124061 0.0130936 0.00287383 0.0840822 0.211125 0.000242349 
0.000674131 0.00737906 0.349085 4.52301e-06 0.0314087 0.154221 0.0968844 0.00178552 0.0449672 0.00375652 0.304193 0.00564117 
0.00346136 0.0220875 0.553081 0.000114026 0.0183275 0.045142 0.0272044 0.00280479 0.0666306 0.0207408 0.239763 0.000643249 
0.00151896 0.0298278 0.680505 1.47719e-05 0.00515448 0.0885563 0.00437159 8.64198e-05 0.0200079 0.012476 0.156553 0.000927757 
1.74349e-05 0.00543545 0.312369 0.00199136 0.224935 0.236735 0.00338563 0.000844315 0.0136025 0.00732309 0.189157 0.00420415 
3.48243e-06 0.000716196 0.303273 0.00103609 0.200927 0.06528 0.116741 0.0913381 0.0212525 0.0362465 0.162453 0.000733697 
0.00553996 0.011233 0.60935 0.00035326 0.0162047 0.0484911 0.126378 0.0342756 0.017169 0.0515101 0.0768995 0.00259615 
6.09525e-06 0.0706915 0.451349 8.12502e-05 0.26286 0.0205375 0.0129574 0.000995548 0.0305734 0.032154 0.108674 0.00912099 
2.66137e-06 0.00281417 0.625034 6.82122e-09 0.0092239 0.0245182 0.1192 0.00365307 0.0174454 0.022778 0.175286 4.42961e-05 
1.07981e-07 1.67034e-06 0.359091 1.01797e-05 0.0966622 0.0713185 3.15889e-06 9.6502e-05 0.343953 0.0978948 0.0271563 0.00381226 
0.000486022 0.00210864 0.533155 0.0310845 0.00266383 0.1827 0.0258845 4.52475e-05 0.030835 0.13952 0.0508214 0.000695504 
0.000157219 0.0131731 0.619824 5.31917e-05 0.00178583 0.0769584 0.00578952 0.00431286 0.0015508 0.00409638 0.272243 5.58485e-05 
2.31675e-08 6.23765e-05 0.862138 4.18231e-12 0.000471929 0.0120455 1.5091e-07 2.44023e-06 4.0684e-05 0.0767621 0.0484534 2.38782e-05 
2.66137e-06 0.00281417 0.625034 6.82122e-09 0.0092239 0.0245182 0.1192 0.00365307 0.0174454 0.022778 0.175286 4.42961e-05 
7.07223e-07 0.000130542 0.939353 2.05177e-06 0.0185663 0.01544 0.00868678 0.000186787 0.000233601 0.00038095 0.0170135 5.63696e-06 
0.0001421 0.0853444 0.485004 2.16085e-08 0.103204 0.0318946 0.0979922 0.000440415 0.10998 0.0127035 0.0732942 1.08654e-06 
4.1957e-11 0.000180295 0.958923 0.00160375 0.00603379 0.00435831 8.2533e-05 2.94447e-05 0.00332409 3.18916e-05 0.0254312 1.69937e-06 
0.00321245 0.000746347 0.558771 0.0022657 0.0363746 0.144335 0.00451292 5.47047e-05 0.094373 0.0473613 0.0978965 0.0100961 
0.000132502 1.25638e-05 0.693435 6.10764e-10 0.000265028 0.021789 0.00692907 0.00503901 0.000249182 0.0259453 0.246131 7.26887e-05 
0.00283938 0.00942582 0.487939 3.86692e-05 0.0205566 0.0508668 0.155907 0.0155067 0.0238292 0.0529476 0.178856 0.00128806 
0.00107732 0.00713089 0.738505 2.7291e-05 0.00985967 0.017163 0.0227552 0.00255313 0.011061 0.00581813 0.183925 0.000124346 
0.004046 0.0192042 0.366974 0.00371478 0.0590146 0.0392697 0.195715 0.0120592 0.0780975 0.0834354 0.13505 0.00342061 
0.000247399 0.0414314 0.413643 0.000142924 0.048655 0.0696581 0.0858646 0.000853155 0.165024 0.0420993 0.131002 0.00137865 
8.69246e-08 0.0475416 0.506995 8.65278e-09 0.0182085 0.000893558 0.00519616 0.00403712 0.118246 0.227205 0.0716079 6.83717e-05 
0.00205941 0.0819689 0.461745 5.7147e-06 0.202948 0.105547 0.00882052 0.000524154 0.0606245 0.0424883 0.0332229 4.51854e-05 
0.00269363 0.00997196 0.311014 0.000334886 0.0410844 0.0709167 0.0249391 0.00695242 0.0657617 0.206198 0.243415 0.0167175 
0.000802217 0.0095571 0.493803 7.48139e-06 0.325698 0.0116886 0.0131003 0.000173911 0.0369711 0.0476811 0.0367357 0.0237817 
2.90028e-07 0.000152109 0.923106 2.08993e-07 0.0444986 0.00231871 3.32711e-05 2.78752e-05 0.0166695 0.00143518 0.0108002 0.00095842 
6.28863e-06 0.0421996 0.470071 2.42965e-09 0.206817 0.00129729 0.00949309 0.000230125 0.124607 0.0150877 0.129635 0.000557015 
0.0312381 0.0512515 0.278359 0.000680823 0.0333486 0.118764 0.0315846 0.0352512 0.181421 0.0489646 0.177727 0.0114097 
5.99672e-07 0.00126469 0.360046 5.77197e-05 0.136042 0.0132293 0.00712072 0.0478997 0.0288554 0.0128925 0.0371895 0.355402 
0.00616548 0.00757538 0.723682 2.17021e-05 0.0224486 0.0309247 0.00952655 8.96245e-05 0.025673 0.106763 0.0663666 0.000762347 
0.00211545 0.00473289 0.408082 0.000700692 0.148654 0.0175444 0.0272385 0.00234725 0.0602458 0.103224 0.155095 0.0700201 
7.97144e-05 2.10601e-05 0.887154 2.08005e-09 0.000128115 0.00966071 0.00441961 0.00302648 3.37804e-05 0.0195072 0.0759536 1.60334e-05 
4.1957e-11 0.000180295 0.958923 0.00160375 0.00603379 0.00435831 8.2533e-05 2.94447e-05 0.00332409 3.18916e-05 0.0254312 1.69937e-06 
0.000474086 0.00162352 0.795775 0.0545248 0.000506274 0.0644526 0.00118938 1.62386e-05 0.0745488 0.00598235 0.000600342 0.000306581 
0.000621709 0.020464 0.623101 8.12661e-08 0.00174364 0.0369076 0.00710981 0.079523 0.0416843 0.023601 0.163938 0.00130575 
0.000801954 0.00168663 0.27719 0.0023065 0.102618 0.0427176 0.217708 0.233365 0.0101829 0.00842757 0.102955 4.1925e-05 
8.8259e-06 0.00484253 0.371938 0.18612 0.125702 0.180078 0.00166161 0.00020616 0.0520298 0.0067694 0.0692869 0.00135737 
2.98149e-05 0.0251785 0.326469 3.46655e-07 0.0994505 0.0666517 0.0164811 4.47673e-05 0.0870714 0.102826 0.275188 0.000608492 
0.0139841 0.000752947 0.478195 1.42772e-05 0.0408744 0.0594072 0.0207683 0.0784955 0.0321189 0.117081 0.150924 0.00738511 
0.0241041 0.0319926 0.291261 0.000229919 0.135943 0.0638 0.0290683 0.00214828 0.271376 0.0870028 0.0590494 0.0040235 
4.1957e-11 0.000180295 0.958923 0.00160375 0.00603379 0.00435831 8.2533e-05 2.94447e-05 0.00332409 3.18916e-05 0.0254312 1.69937e-06 
0.000219985 0.00135753 0.375071 1.22678e-05 0.118494 0.114496 0.0017889 7.913e-09 0.00545383 0.22597 0.15709 4.57201e-05 
0.114587 0.00728344 0.452743 0.000167194 0.164572 0.00884069 0.016364 0.079383 0.00834358 0.0293253 0.118306 8.35758e-05 
2.28974e-06 0.0107218 0.631129 0.00114445 0.0133148 0.0205028 0.00591737 0.000149559 0.172188 0.00802986 0.136852 4.73247e-05 
0.000468436 5.71415e-05 0.422301 0.000100018 0.0527852 0.0238537 0.000209567 6.05953e-05 0.0598356 0.367256 0.0729369 0.000136192 
4.20867e-07 0.00402472 0.386672 5.79843e-06 0.0120335 0.174529 0.00111515 7.75561e-05 0.00971199 0.151188 0.260009 0.000632916 
0.00510882 0.0163542 0.449783 2.86066e-05 0.132324 0.0876263 0.176922 0.00820804 0.0489455 0.035897 0.0387649 3.73041e-05 
0.000166001 0.000685344 0.376109 5.93394e-06 0.00118114 0.102556 0.00202706 6.50529e-07 0.0475881 0.170439 0.29905 0.000191066 
0.00433866 0.000521492 0.752881 2.17235e-06 0.0036022 0.0113105 0.00359874 0.00375176 0.0228157 0.0292889 0.167361 0.000527772 
0.00102702 0.00203503 0.450101 0.000282066 0.0924343 0.0634527 0.0420203 0.000130887 0.0604771 0.0280534 0.259586 0.000399742 
5.87271e-05 0.0158292 0.589043 3.81061e-05 0.0188567 0.0210986 0.0018193 0.000107402 0.0606637 0.0404809 0.251381 0.000622912 
9.22941e-06 0.0578849 0.797408 0.000226328 0.0451446 0.0252676 0.0274625 0.00156811 0.0186452 0.0033381 0.0222593 0.000786673 
0.0161771 0.000482967 0.325263 0.000125348 0.000699574 0.122004 0.0063396 0.00181803 0.0378661 0.290865 0.198303 5.64077e-05 
0.00290612 0.00402952 0.616088 0.000315043 0.0709428 0.0585557 0.0278687 0.0144044 0.0350895 0.0265363 0.141266 0.00199798 
0.00695388 0.000149104 0.575568 8.16564e-08 0.0137092 0.00214074 0.0157786 0.000202916 0.00664446 0.21398 0.158128 0.00674632 
0.000327169 0.00396689 0.804047 1.62422e-06 0.000636732 0.0119508 0.00488356 0.00101183 0.000892528 0.0369923 0.135259 2.966e-05 
0.0012744 7.24126e-09 0.385941 1.33011e-10 0.173051 0.00227919 4.64216e-11 0.00120331 0.172488 0.103284 0.0162452 0.144234 
1.77507e-05 2.44186e-06 0.832974 3.20982e-06 0.0281498 0.0023839 0.0384767 0.042079 0.00118993 0.0525316 0.000954737 0.0012371 
0.000995603 0.00364636 0.515158 0.000160291 0.00211299 0.172564 0.0063502 3.05759e-05 0.054029 0.026506 0.217965 0.0004825 
0.000258399 0.0322441 0.486543 4.95945e-05 0.0533494 0.0224754 0.0014602 5.22029e-05 0.198414 0.0072593 0.197246 0.000649068 
5.83234e-06 0.00153703 0.375677 4.46372e-08 0.000567478 0.271762 0.000751607 0.0014219 0.0202021 0.0193588 0.308703 1.22648e-05 
0.000784827 0.0170354 0.34214 0.0022359 0.0414832 0.0786975 0.166414 0.0619393 0.0661611 0.0523426 0.159347 0.0114183 
2.05544e-07 0.0305622 0.604606 0.000156663 0.0208896 0.00400296 0.000379203 0.0268485 0.0803104 0.0260598 0.206085 9.94376e-05 
0.00021115 0.00317931 0.330222 7.1759e-06 0.00100176 0.151819 0.0645574 5.48791e-05 0.0337844 0.149833 0.265116 0.000214745 
7.15037e-05 0.0207568 0.446824 8.638e-06 0.0755481 0.058068 0.0187123 2.52916e-05 0.166342 0.0711491 0.0742937 0.0682004 
9.53688e-05 0.00125136 0.77023 1.3033e-06 0.00442641 0.0052032 0.0016131 0.00791159 0.0388311 0.158208 0.012171 5.78641e-05 
0.00214475 0.00918179 0.642805 0.000140872 0.0300767 0.0621787 0.00228276 0.000230045 0.0597276 0.05955 0.106125 0.025557 
0.000614203 0.0087098 0.639085 6.79335e-05 0.0264672 0.0563292 0.0870874 0.00532893 0.0429785 0.0320937 0.0997418 0.00149628 
5.9056e-06 0.000218008 0.880824 4.69929e-06 0.00369788 0.0751632 0.0010227 0.0161162 0.00199542 0.0162397 0.00157575 0.00313663 
0.00129626 0.00145107 0.321068 6.01721e-06 0.0382415 0.0153417 0.185372 0.146841 0.0824162 0.114491 0.0933369 0.00013953 
0.000359016 0.0090396 0.562865 0.00155031 0.00651443 0.128559 0.0119942 0.00185139 0.0133522 0.0081903 0.255642 8.23462e-05 
0.0006037 0.14196 0.365841 0.00580847 0.283503 0.0148147 0.038109 0.0258916 0.0391528 0.00354628 0.0256622 0.0551069 
0.00151896 0.0298278 0.680505 1.47719e-05 0.00515448 0.0885563 0.00437159 8.64198e-05 0.0200079 0.012476 0.156553 0.000927757 
0.00223961 0.00125805 0.540949 0.0353431 0.0580886 0.0531022 0.270394 0.00130262 0.0115598 0.0108875 0.0128714 0.00200489 
0.0052213 0.000209185 0.264578 2.04883e-06 0.152989 0.015369 0.254722 0.0314239 0.0850811 0.135316 0.0550425 4.65473e-05 
0.000139374 0.000945208 0.697662 2.41755e-06 0.0293252 0.00463927 0.027332 0.000222916 0.00581306 0.0848782 0.0848699 0.0641709 
9.40088e-05 0.00357657 0.458252 1.99719e-05 0.00715805 0.0400385 0.212282 0.00313821 0.0148202 0.0128044 0.244367 0.00344889 
2.19646e-07 0.00225643 0.734976 1.98635e-05 0.0342414 0.0165007 2.03481e-05 9.49837e-06 0.0207179 0.167281 0.0239762 1.9479e-07 
3.52182e-05 0.0167796 0.538672 1.52844e-06 0.0156265 0.225867 0.00101738 2.88553e-05 0.0197161 0.156295 0.0259167 4.37212e-05 
1.82527e-05 0.0185553 0.507372 0.000105439 0.059048 0.02574 0.00143183 4.42529e-05 0.0283189 0.147695 0.209946 0.00172471 
0.00101187 0.0150277 0.665419 1.75809e-06 0.02863 0.0171678 0.0111394 0.013561 0.0286071 0.0245772 0.194462 0.000395351 
0.00157063 0.000886729 0.512131 6.15762e-05 0.0159016 0.0125765 0.025277 0.0109353 0.073498 0.172052 0.152333 0.0227764 
2.3681e-05 0.00930562 0.744774 1.79897e-07 0.10427 0.057267 0.00312722 0.00261945 0.00700155 0.0264614 0.0443671 0.000782958 
2.44638e-07 0.019539 0.899954 6.21607e-05 0.0120571 0.0168616 0.0037203 0.000389421 0.0066624 0.00341772 0.0332625 0.00407339 
4.59778e-05 7.84689e-08 0.34937 1.01752e-09 0.18207 0.231517 3.55123e-10 4.75951e-07 0.0898227 0.111452 2.28069e-06 0.0357194 
0.00144368 0.0516123 0.306697 0.000101282 0.0683694 0.0273069 0.284541 0.0626149 0.0483334 0.0211118 0.107943 0.0199255 
6.44338e-06 0.00161508 0.64043 0.000306706 0.0105528 0.0146361 9.34458e-06 2.41543e-05 0.0136124 0.174008 0.14479 8.94808e-06 
0.000423329 0.0043368 0.626442 0.00295281 0.0669245 0.116086 0.0288385 0.00611906 0.0279862 0.00925494 0.109926 0.000710515 
0.00290612 0.00402952 0.616088 0.000315043 0.0709428 0.0585557 0.0278687 0.0144044 0.0350895 0.0265363 0.141266 0.00199798 
4.45822e-05 0.00817964 0.389474 5.89438e-06 0.307689 0.0158351 0.00276274 1.16721e-05 0.0849399 0.093662 0.0683392 0.0290558 
0.000102486 0.00283879 0.479573 7.90631e-07 0.0160481 0.116534 0.00562718 8.88269e-05 0.0164986 0.133633 0.227922 0.00113441 
0.00087506 0.01666 0.517051 0.0359585 0.068526 0.0782301 0.0250599 0.00629928 0.0701869 0.0265825 0.153417 0.00115325 
0.00506536 0.0125786 0.554826 0.000445648 0.016639 0.0449967 0.042982 0.0096193 0.043613 0.137545 0.130556 0.00113364 
6.09709e-05 0.00144772 0.366964 0.000360289 0.226144 0.111564 0.00638375 0.0208583 0.0301039 0.101832 0.133622 0.000658921 
4.1957e-11 0.000180295 0.958923 0.00160375 0.00603379 0.00435831 8.2533e-05 2.94447e-05 0.00332409 3.18916e-05 0.0254312 1.69937e-06 
5.36418e-06 0.0258104 0.412935 4.80703e-05 0.0331528 0.0484157 0.0106833 0.00108664 0.0402418 0.0384879 0.255038 0.134094 
4.73334e-06 0.00028255 0.857043 1.7832e-06 0.00109588 0.0281366 0.000406889 0.00376186 0.000540223 0.019073 0.0895825 7.08314e-05 
0.000143702 5.24204e-06 0.820714 3.01318e-09 0.0133188 0.000464598 0.00298865 2.30147e-06 0.00228196 0.148693 0.0103936 0.000994474 
5.00224e-06 0.00458337 0.731649 8.48169e-06 0.0705807 0.0143956 0.0200778 0.000142954 0.0595356 0.0707936 0.0280684 0.000159926 
9.0738e-06 0.0095465 0.377381 5.91491e-06 0.0533192 0.00116557 0.0697018 0.000295127 0.173347 0.0619421 0.251748 0.00153757 
1.45868e-05 0.0888974 0.281576 8.19415e-07 0.257841 0.00235702 0.0483807 0.00050671 0.214984 0.0314514 0.0638527 0.0101383 
7.64407e-12 0.000771324 0.866268 7.27537e-12 0.000109311 0.0177946 0.00200758 3.53311e-05 0.00154593 0.00173198 0.109713 2.31099e-05 
2.41625e-05 0.00436008 0.480259 8.94531e-05 0.0159281 0.0137092 0.00920779 4.75134e-05 0.0334157 0.100461 0.341737 0.000760942 
5.58708e-08 0.00159182 0.325165 0.000301195 0.0156037 0.215597 0.0378573 0.00041621 0.0500648 0.0792135 0.27389 0.00029965 
0.0010473 0.000635314 0.34207 0.016351 0.13312 0.0282605 0.272847 0.139928 0.0128624 0.0163153 0.0355369 0.00102591 
1.81649e-05 0.0287774 0.355817 0.000229108 0.0906906 0.172117 0.00938895 0.000901513 0.0504645 0.057869 0.163723 0.0700033 
0.00116528 0.0223916 0.687895 0.000172782 0.051767 0.00437938 0.00452057 0.00387042 0.0298777 0.0694435 0.118162 0.00635497 
0.00305712 0.0261297 0.473287 1.31882e-05 0.00672021 0.078152 0.0230712 0.00149843 0.0209865 0.171238 0.191148 0.00469906 
1.0196e-06 0.000694982 0.383845 0.000898937 0.356827 0.00857503 0.0162634 0.000229393 0.0338474 0.00490043 0.193313 0.000604865 
3.36094e-05 0.0013236 0.362674 0.000425434 0.198506 0.0683486 0.00160977 0.000387762 0.0497657 0.0332835 0.283169 0.000472884 
0.00271567 0.00298921 0.448553 0.00314609 0.02877 0.0102032 0.00198734 4.05071e-05 0.143564 0.297044 0.0609529 3.34439e-05 
0.00399736 0.0201099 0.411312 0.000106816 0.0881058 0.040853 0.0403619 0.0283719 0.00853083 0.0551764 0.303064 1.08291e-05 
1.4049e-05 0.00987351 0.455385 7.86574e-07 0.00274738 0.00619312 3.51983e-08 8.51168e-07 0.00377586 0.0845643 0.437445 1.83129e-08 
0.00509155 0.0159597 0.283275 0.00347004 0.102828 0.0693201 0.086056 0.0050561 0.140046 0.130759 0.149432 0.00870635 
0.000247399 0.0414314 0.413643 0.000142924 0.048655 0.0696581 0.0858646 0.000853155 0.165024 0.0420993 0.131002 0.00137865 
4.1957e-11 0.000180295 0.958923 0.00160375 0.00603379 0.00435831 8.2533e-05 2.94447e-05 0.00332409 3.18916e-05 0.0254312 1.69937e-06 
0.000136489 0.0805892 0.241173 0.000123593 0.111784 0.0262238 0.121227 0.00154629 0.0928668 0.131888 0.169194 0.0232487 
7.04009e-07 0.000140355 0.936903 2.04387e-06 0.0182501 0.0151492 0.00930687 0.000200046 0.000233585 0.000522778 0.0192855 5.62417e-06 
0.0241882 2.04669e-05 0.382034 0.00375063 0.024367 0.18518 0.313754 0.000596761 0.00346066 0.0346545 0.0279932 1.87707e-07 
3.77211e-08 0.0171283 0.370763 1.39701e-08 0.0122243 0.093222 0.0258255 8.06152e-05 0.082641 0.0865411 0.310628 0.000945834 
2.51862e-05 0.0790055 0.177412 4.76757e-06 0.166058 0.0229803 0.0356672 0.000306533 0.117567 0.148941 0.0818249 0.170208 
2.57553e-06 4.26461e-07 0.571185 0.000773285 0.077197 0.0515895 1.2747e-05 0.000108169 0.0143663 0.0573536 0.221234 0.00617759 
0.0010597 6.68563e-05 0.580825 0.00217092 0.0107972 0.0391493 0.00450034 0.0194181 0.00130743 0.133821 0.206247 0.000636628 
0.000292318 0.00237969 0.238605 0.000344887 0.234233 0.0927381 0.122319 0.00241519 0.148749 0.0449608 0.112547 0.000415596 
5.11054e-05 0.00791828 0.345997 4.9402e-07 0.251781 0.00221956 0.225638 0.00344614 0.0618314 0.0321033 0.068931 8.40148e-05 
7.59824e-12 0.00190269 0.741161 0.00748461 0.0585582 0.0535291 0.000414992 0.000183598 0.0521501 0.0149189 0.0683281 0.00136838 
3.33759e-05 0.0063559 0.284934 0.00100589 0.0737825 0.257802 0.0278714 0.00020216 0.147041 0.072454 0.127501 0.00101642 
7.36375e-11 0.00180175 0.833993 4.92223e-08 0.011321 0.0106245 0.00196793 0.000172636 0.0873699 8.43379e-07 0.0516925 0.0010562 
2.7474e-07 0.0780722 0.264141 0.000798043 0.0417106 0.131138 0.0255936 0.000802573 0.172602 0.102839 0.181512 0.00079105 
0.0325121 0.000542797 0.625192 1.21576e-05 0.00254179 0.00806735 0.029648 0.0281499 0.00114447 0.179401 0.0927026 8.58563e-05 
0.000601939 0.000930263 0.735039 2.54557e-05 0.0786072 0.017668 0.00538748 0.00012978 0.0629514 0.0644369 0.0326848 0.00153785 
6.4136e-07 0.0205668 0.194954 0.00106055 0.151621 0.180039 0.000611847 9.69204e-05 0.167704 0.0887778 0.19447 9.74036e-05 
0.000113048 0.0025066 0.331322 1.90448e-05 0.0103457 0.20869 0.0660019 0.00308644 0.0743212 0.0620241 0.236752 0.00481826 
0.00371363 0.00947753 0.54175 1.43653e-05 0.0422171 0.0141721 0.148906 0.0268257 0.0204224 0.1329 0.0592374 0.000363387 
0.00471784 0.00551484 0.663759 0.00362541 0.0149585 0.0497395 0.00996648 0.00310057 0.0265435 0.0806893 0.135969 0.00141571 
1.59876e-08 4.01901e-05 0.826468 1.62647e-05 0.00874147 0.0174307 3.80149e-09 6.29095e-06 0.0249265 0.0591281 0.0579789 0.00526316 
0.0115565 0.0302753 0.480708 5.81269e-05 0.0966397 0.107589 0.0531529 0.00728712 0.0475541 0.0416747 0.120852 0.00265338 
9.40569e-06 0.139035 0.362549 4.20887e-05 0.332118 0.00890199 0.0581901 0.0205717 0.0229838 0.0193698 0.0292575 0.00697186 
0.0654027 0.000125681 0.654024 1.5102e-06 0.00267543 0.00205782 0.00109758 5.06737e-06 0.00594588 0.00379739 0.261527 0.00334038 
0.00423063 0.0425772 0.380538 0.00363548 0.0554966 0.213365 0.0307654 0.000820383 0.0242673 0.00700787 0.236409 0.000887437 
0.000592989 0.000186805 0.814676 1.84904e-06 0.000802095 0.0984819 0.0010319 1.91573e-06 0.00220713 0.0165214 0.0652707 0.000224921 
0.000125703 0.00207576 0.71589 0.000487899 0.0299836 0.00715067 0.00310268 0.000174377 0.0275501 0.172461 0.04037 0.000628553 
4.29971e-05 0.0259187 0.455518 0.01989 0.242541 0.126974 0.00598937 0.00202078 0.0127495 0.00753451 0.100097 0.000723586 
7.04009e-07 0.000140355 0.936903 2.04387e-06 0.0182501 0.0151492 0.00930687 0.000200046 0.000233585 0.000522778 0.0192855 5.62417e-06 
0.00130731 1.50378e-05 0.695756 5.47067e-05 0.00419377 0.11147 0.000582106 1.23494e-07 0.00513784 0.107797 0.0736595 2.72542e-05 
0.000204094 0.00256341 0.529095 0.00108105 0.00994386 0.0849309 0.16962 0.00493701 0.00740586 0.0141818 0.175823 0.000213897 
3.19688e-10 0.00118905 0.408716 6.17153e-07 0.131952 0.0445024 0.0166926 0.000299082 0.0530049 0.0124905 0.331105 4.76273e-05 
1.70058e-09 1.09565e-06 0.532092 1.61855e-09 0.0580919 0.0527652 3.14858e-07 0.000672376 0.00266975 0.320803 0.0289527 0.0039516 
7.12669e-05 0.00988522 0.718968 0.000115653 0.00300287 0.0310859 0.00101786 0.00117273 0.00629231 0.0166122 0.211444 0.000331917 
1.44205e-08 0.00832412 0.369982 1.43721e-05 0.264352 0.013809 0.00114428 0.000145544 0.110094 0.00865183 0.223433 5.028e-05 
0.000393678 0.252364 0.354924 0.000478031 0.0319303 0.0540171 0.00341776 0.00327718 0.0520088 0.0098047 0.235894 0.00149013 
0.000497414 0.0116046 0.439237 4.75386e-05 0.0160776 0.0479819 0.0492448 0.00737526 0.0302732 0.0458921 0.351027 0.000741224 
0.00305733 6.08876e-05 0.498311 3.99913e-10 0.000283616 0.0540926 8.76286e-06 0.000141695 0.000612694 0.0846017 0.358829 5.85072e-07 
0.00230856 0.0247087 0.567456 3.43234e-05 0.0106228 0.114694 0.0181752 0.0209919 0.0176914 0.0161875 0.206533 0.00059605 
0.000587328 0.134051 0.31397 6.24199e-05 0.0832812 0.0935424 0.134155 0.014106 0.140138 0.00666129 0.0783822 0.00106314 
1.74242e-08 0.000138129 0.52447 1.74386e-08 0.115625 0.134103 0.0260285 0.0572995 0.00291269 0.00879644 0.130048 0.000579219 
1.45973e-05 0.133668 0.27557 3.8648e-06 0.0375322 0.014636 0.0311237 4.59029e-05 0.220154 0.0321777 0.255061 1.35627e-05 
0.000184313 0.0786033 0.324999 0.000333577 0.0139572 0.0492504 0.00945228 0.000120779 0.184587 0.0382221 0.29925 0.00103961 
9.38113e-05 0.00219514 0.409328 8.39135e-05 0.0284749 0.0417193 0.00179827 4.99598e-05 0.0890491 0.0896504 0.336833 0.000724797 
0.000772673 0.0114644 0.327912 0.00392302 0.106988 0.192691 0.00460601 0.00453999 0.0429483 0.0134658 0.289572 0.00111679 
6.86992e-06 0.00749487 0.544111 0.000190236 0.228284 0.0910436 0.0133881 0.0200705 0.00802539 0.0249731 0.0600899 0.00232285 
0.000761037 0.018183 0.539765 0.000959645 0.0163692 0.12095 0.00162678 0.000154161 0.0637997 0.0357848 0.198705 0.00294143 
0.0031455 0.00133973 0.704812 9.31916e-06 0.0136763 0.0152087 0.00109692 0.00013402 0.020678 0.0555615 0.18354 0.000798631 
2.85758e-05 0.000422927 0.748661 1.88654e-06 0.0368751 0.0169175 0.0464001 0.102603 0.00221685 0.0383899 0.00632415 0.0011592 
0.000272575 0.00779331 0.549664 3.51934e-06 0.023317 0.067543 0.0153 0.000481585 0.0214267 0.245989 0.0641052 0.00410413 
0.0092995 0.000110569 0.345279 1.06786e-06 0.136443 0.0977917 0.0010486 3.90456e-05 0.0575974 0.103446 0.245515 0.00342992 
1.62415e-10 0.000109863 0.448521 0.000105282 0.0994725 0.00994408 0.00116218 8.328e-05 0.400786 0.000576307 0.0382741 0.000965333 
0.00165286 0.0139241 0.265504 0.0044491 0.181459 0.0622064 0.103267 0.015738 0.0502253 0.109649 0.191597 0.000329532 
4.44501e-07 8.24822e-08 0.917371 4.23061e-07 0.00472343 0.000125312 1.47651e-07 1.39225e-07 0.0086634 0.0184436 0.0506721 3.94198e-07 
0.0020275 0.00901685 0.292871 0.000399974 0.0404242 0.03129 0.00594631 0.00237615 0.0448195 0.283007 0.283682 0.00413958 
0.000604255 0.0180575 0.288531 4.88824e-05 0.0762593 0.0842025 0.00347763 0.0153976 0.113064 0.17069 0.229613 5.49083e-05 
0.0030385 1.17265e-05 0.451093 9.96251e-07 0.031594 0.0350175 0.000192838 0.0634885 0.000176335 0.0415769 0.373238 0.00057175 
0.000822826 0.0100178 0.436466 0.0006393 0.0318735 0.0695175 0.00202817 0.0109356 0.0166808 0.0392567 0.381047 0.000715459 
3.07731e-08 1.63072e-05 0.446068 8.71904e-09 0.0282473 0.0138591 0.327406 0.0341535 0.00286957 0.0377505 0.108922 0.000707993 
2.70888e-08 0.000135453 0.329696 1.36441e-07 0.140446 0.155324 0.0845273 0.00372617 0.175256 0.0636289 0.0412307 0.00602835 
1.36499e-06 0.0228958 0.748667 5.69646e-05 0.0450491 0.00220114 0.00257425 0.000250745 0.00813775 0.00384416 0.165677 0.000644429 
7.07223e-07 0.000130542 0.939353 2.05177e-06 0.0185663 0.01544 0.00868678 0.000186787 0.000233601 0.00038095 0.0170135 5.63696e-06 
0.051262 0.00524769 0.349954 9.385e-07 0.00133268 0.0212948 0.00212852 0.00582028 0.182004 0.101821 0.237029 0.0421041 
1.4049e-05 0.00987351 0.455385 7.86574e-07 0.00274738 0.00619312 3.51983e-08 8.51168e-07 0.00377586 0.0845643 0.437445 1.83129e-08 
0.000174897 0.0148912 0.795885 7.12472e-06 0.0192448 0.00494914 6.05236e-05 9.63639e-05 0.0114053 0.00409779 0.14861 0.000577669 
1.38275e-05 0.00203467 0.489901 0.00396625 0.0380574 0.0645402 0.0108491 0.0104413 0.0414708 0.203453 0.115037 0.020235 
0.0775401 0.0268773 0.335861 9.72592e-10 0.237344 0.0538757 0.0100858 0.000163467 0.173952 0.00250322 0.0557938 0.0260029 
4.21725e-11 0.00020075 0.954885 0.00187331 0.00641828 0.00639137 0.000110893 3.24087e-05 0.00353376 5.6001e-05 0.0264958 2.1738e-06 
2.34002e-05 0.00513002 0.358163 8.66682e-06 0.00884766 0.0791816 0.0051145 0.00123812 0.00971502 0.19754 0.333538 0.00150032 
0.000371722 0.000996606 0.3666 0.00961658 0.00823542 0.256159 0.000181624 3.26441e-06 0.0413729 0.00855272 0.307861 4.92242e-05 
4.21198e-05 0.000174963 0.792153 3.34132e-06 0.0427434 0.0112323 0.0168104 0.000163101 0.0205033 0.0853972 0.0218382 0.00893878 
0.0200125 0.00425883 0.587963 6.8701e-06 0.0358379 0.0531684 0.0247919 0.0254077 0.0814155 0.0455862 0.121537 1.42974e-05 
