1.01309e-09 0.00508305 1.00247e-10 9.64228e-10 0.00272689 0.267197 0.632562 3.24963e-07 0.0674755 0.0144529 0.0105024 8.98445e-10 
7.50449e-07 0.00182744 7.42583e-08 7.14253e-07 9.06364e-06 4.32206e-05 0.000246333 2.76653e-06 0.997322 3.21703e-06 0.000543424 6.65524e-07 
3.62184e-07 1.67599e-10 8.93734e-11 1.61621e-05 0.996759 1.01162e-06 2.88049e-06 2.82898e-10 0.00322039 1.39469e-10 3.56652e-07 8.00989e-10 
5.35557e-05 9.93786e-06 5.29943e-06 5.09725e-05 1.06807e-05 0.053064 1.77898e-05 1.67745e-05 0.92253 0.00745114 0.0167426 4.7495e-05 
3.80987e-11 0.732524 3.76994e-12 3.62611e-11 5.92725e-08 5.52477e-10 7.46792e-08 1.19331e-11 0.267475 5.88307e-12 2.0894e-08 3.37872e-11 
2.21183e-09 4.1043e-10 2.18864e-10 2.34015e-06 0.000737899 0.0228191 2.09607e-06 9.65937e-05 0.127071 0.598298 0.250972 6.43908e-07 
5.56355e-08 0.00403983 5.50523e-09 1.72607e-05 0.700851 0.194885 9.64756e-08 4.6507e-06 0.0800946 0.00989868 0.0102067 2.13164e-06 
1.01309e-09 0.00508305 1.00247e-10 9.64228e-10 0.00272689 0.267197 0.632562 3.24963e-07 0.0674755 0.0144529 0.0105024 8.98445e-10 
1.57113e-06 2.91542e-07 1.55467e-07 0.00284267 0.993736 2.25578e-07 5.21889e-07 4.92106e-07 0.00140018 2.42609e-07 0.00201612 1.39334e-06 
1.01309e-09 0.00508305 1.00247e-10 9.64228e-10 0.00272689 0.267197 0.632562 3.24963e-07 0.0674755 0.0144529 0.0105024 8.98445e-10 
0.000184428 1.70262e-07 9.07936e-08 8.73297e-07 0.499047 1.31739e-07 3.04787e-07 2.87393e-07 0.000206259 1.41685e-07 0.50056 8.13718e-07 
3.10305e-12 0.575004 3.07052e-13 2.95338e-12 0.000502693 0.000354358 4.40994e-05 1.61031e-05 0.42402 2.56661e-05 3.2868e-05 1.10078e-07 
1.27677e-09 2.36919e-10 1.26339e-10 2.4316e-06 0.90933 2.58491e-06 0.0906594 5.27916e-06 1.08927e-07 1.97154e-10 9.80884e-08 1.13228e-09 
8.68544e-09 1.00978e-07 8.5944e-10 8.26651e-09 0.770822 0.044982 2.88507e-09 0.00114139 0.0815439 0.0603403 0.040639 0.000531212 
1.01309e-09 0.00508305 1.00247e-10 9.64228e-10 0.00272689 0.267197 0.632562 3.24963e-07 0.0674755 0.0144529 0.0105024 8.98445e-10 
1.19736e-06 0.012716 1.18481e-07 1.13961e-06 0.0931745 0.148202 3.97732e-07 0.000289642 0.690231 0.0146342 0.0349638 0.00578643 
9.66646e-07 1.79372e-07 9.56513e-08 9.20022e-07 0.999824 8.11106e-05 3.21094e-07 3.0277e-07 3.28502e-05 1.49266e-07 5.80387e-05 8.57254e-07 
6.06387e-10 9.34045e-07 6.00031e-11 4.44455e-06 0.95944 1.35826e-06 2.0344e-08 1.19675e-06 0.028154 8.05364e-07 0.00389123 0.00850569 
5.54938e-06 4.55622e-11 2.42963e-11 2.33694e-10 4.89676e-11 0.26718 8.15608e-11 7.69063e-11 0.560973 0.107446 0.0643961 2.1775e-10 
6.44554e-09 1.19604e-09 6.37798e-10 1.22755e-05 0.998851 1.30494e-05 0.000106412 2.66509e-05 0.000990362 9.95298e-10 4.95181e-07 5.71613e-09 
2.0899e-09 1.78006e-05 2.06799e-10 1.9891e-09 7.75272e-06 6.0042e-07 9.37251e-06 6.54591e-10 0.999932 3.22715e-10 5.73125e-07 3.15095e-05 
1.01309e-09 0.00508305 1.00247e-10 9.64228e-10 0.00272689 0.267197 0.632562 3.24963e-07 0.0674755 0.0144529 0.0105024 8.98445e-10 
4.57056e-08 0.000254766 4.52265e-09 0.500568 0.166432 0.129814 6.13401e-06 2.21129e-05 0.0365017 0.166391 8.501e-06 1.83254e-06 
1.60326e-07 5.60105e-05 1.58646e-08 1.52593e-07 0.999852 2.3019e-08 5.3256e-08 5.02168e-08 3.31924e-05 5.03664e-05 7.4799e-06 1.42183e-07 
1.54108e-07 8.39549e-08 4.64846e-10 6.68806e-06 0.955616 1.60076e-05 1.19268e-06 0.00114038 0.0319335 0.00983289 0.00144582 7.54852e-06 
4.16383e-05 1.9268e-08 1.02748e-08 0.00185806 0.997654 1.49084e-08 0.000331154 3.25232e-08 7.40314e-05 1.6034e-08 4.10023e-05 9.20854e-08 
0.999819 1.9042e-05 2.50269e-08 2.40721e-07 5.04401e-08 2.73312e-05 4.02492e-05 7.92188e-08 4.70438e-06 3.9055e-08 8.92972e-05 2.24298e-07 
1.27544e-11 2.36673e-12 1.26208e-12 1.21393e-11 1.39314e-08 7.98454e-07 4.23669e-12 4.57644e-10 0.998976 1.7827e-05 0.0010054 2.24178e-08 
1.27544e-11 2.36673e-12 1.26208e-12 1.21393e-11 1.39314e-08 7.98454e-07 4.23669e-12 4.57644e-10 0.998976 1.7827e-05 0.0010054 2.24178e-08 
1.50609e-07 2.79472e-08 1.4903e-08 0.0111923 0.980819 0.000123231 0.00635105 0.00130851 5.19931e-06 2.32565e-08 0.000200644 1.33565e-07 
5.96585e-10 0.000369842 5.90332e-11 5.6781e-10 0.00596838 0.20856 1.57618e-07 1.8686e-10 0.181931 0.0475172 0.555652 1.66763e-06 
8.02833e-08 3.12996e-05 7.94418e-09 7.6411e-08 0.999527 2.53704e-05 0.000376045 2.51461e-08 2.30239e-05 1.24095e-05 4.40685e-06 7.1198e-08 
1.01309e-09 0.00508305 1.00247e-10 9.64228e-10 0.00272689 0.267197 0.632562 3.24963e-07 0.0674755 0.0144529 0.0105024 8.98445e-10 
1.13326e-06 2.1029e-07 1.12138e-07 1.0786e-06 0.00488199 1.6271e-07 3.7644e-07 3.54957e-07 0.993361 1.74995e-07 0.00175252 1.00502e-06 
3.92941e-07 2.65449e-05 3.88823e-08 3.73989e-07 2.71811e-06 5.64171e-08 9.82676e-05 1.23076e-07 0.998497 6.06766e-08 6.35785e-05 0.00131038 
9.08818e-07 1.68642e-07 8.99292e-08 9.41082e-05 0.690295 1.30485e-07 0.000408521 2.84657e-07 0.308808 0.000240513 0.000150676 8.05971e-07 
0.000275415 0.000230931 9.26852e-08 8.91492e-07 0.873902 0.00199634 0.00410771 2.93381e-07 0.0842058 0.00126248 0.0340175 8.30671e-07 
6.33356e-05 4.26304e-07 2.27329e-07 2.18656e-06 0.981733 3.29848e-07 7.63126e-07 4.7672e-05 0.0180193 6.16235e-05 6.88883e-05 2.03739e-06 
1.40962e-07 1.83361e-05 1.39485e-08 1.34163e-07 0.999734 4.45456e-05 2.34588e-05 4.41517e-08 0.000109239 2.17669e-08 6.95763e-05 1.2501e-07 
3.31459e-06 2.00063e-09 1.06685e-09 9.99217e-05 0.994501 2.96622e-06 2.59036e-06 0.00225792 2.52718e-06 1.66484e-09 0.00313007 9.56138e-09 
1.01309e-09 0.00508305 1.00247e-10 9.64228e-10 0.00272689 0.267197 0.632562 3.24963e-07 0.0674755 0.0144529 0.0105024 8.98445e-10 
6.95524e-06 0.000155067 6.88234e-07 6.61977e-06 0.000512222 2.98429e-05 2.31035e-06 2.1785e-06 0.998873 1.074e-06 0.000403863 6.16814e-06 
0.000872518 0.00356539 1.73569e-07 1.66947e-06 0.832387 0.00139409 0.000499065 5.49407e-07 0.0152618 0.132145 0.0138706 1.55558e-06 
2.42213e-05 7.06629e-05 4.44222e-08 0.000182006 0.327727 0.000238984 1.49122e-07 0.000491568 0.662179 0.00131593 0.00777031 3.98125e-07 
1.27544e-11 2.36673e-12 1.26208e-12 1.21393e-11 1.39314e-08 7.98454e-07 4.23669e-12 4.57644e-10 0.998976 1.7827e-05 0.0010054 2.24178e-08 
2.77231e-06 1.10312e-10 5.88246e-11 5.65804e-10 0.0118485 0.0105603 6.31824e-06 4.11444e-06 0.279719 0.31804 0.37981 8.81742e-06 
1.06576e-08 1.97764e-09 1.05459e-09 1.01436e-08 0.941282 7.49942e-06 3.54017e-09 3.33814e-09 0.0586834 2.36998e-05 3.68245e-06 9.45152e-09 
2.30189e-05 4.27143e-06 2.27777e-06 2.19087e-05 0.92778 0.0320615 7.64628e-06 7.20992e-06 0.00410427 0.0156434 0.0203239 2.0414e-05 
1.60326e-07 5.60105e-05 1.58646e-08 1.52593e-07 0.999852 2.3019e-08 5.3256e-08 5.02168e-08 3.31924e-05 5.03664e-05 7.4799e-06 1.42183e-07 
1.01309e-09 0.00508305 1.00247e-10 9.64228e-10 0.00272689 0.267197 0.632562 3.24963e-07 0.0674755 0.0144529 0.0105024 8.98445e-10 
3.07363e-06 0.00180904 3.04142e-07 2.92538e-06 0.206763 4.41301e-07 1.02098e-06 9.62713e-07 0.0549861 0.736189 0.000241525 2.7258e-06 
1.01309e-09 0.00508305 1.00247e-10 9.64228e-10 0.00272689 0.267197 0.632562 3.24963e-07 0.0674755 0.0144529 0.0105024 8.98445e-10 
6.39767e-06 1.68429e-07 1.63543e-07 3.84483e-05 0.770564 2.00467e-05 3.01505e-07 6.94064e-06 0.0169406 0.175182 0.0372271 1.41547e-05 
9.23438e-07 1.71354e-07 9.13759e-08 8.78898e-07 0.996998 1.32584e-07 0.00239289 2.89236e-07 0.000443716 1.42594e-07 0.000162092 8.18936e-07 
3.7234e-06 6.90919e-07 3.68437e-07 3.54381e-06 0.997554 5.34592e-07 1.23681e-06 1.16623e-06 0.00181796 5.74954e-07 0.000612735 3.30204e-06 
1.01309e-09 0.00508305 1.00247e-10 9.64228e-10 0.00272689 0.267197 0.632562 3.24963e-07 0.0674755 0.0144529 0.0105024 8.98445e-10 
6.87628e-09 0.00494354 6.80421e-10 6.54462e-09 0.000745056 9.87271e-10 2.28412e-09 2.94939e-07 0.994269 1.65305e-05 1.93607e-05 6.33258e-06 
1.01309e-09 0.00508305 1.00247e-10 9.64228e-10 0.00272689 0.267197 0.632562 3.24963e-07 0.0674755 0.0144529 0.0105024 8.98445e-10 
3.3377e-05 4.47888e-08 2.38839e-08 2.29727e-07 0.00035657 3.46549e-08 0.00923004 7.56008e-08 0.990277 8.25436e-05 2.01141e-05 2.14054e-07 
5.89827e-10 6.61369e-05 5.83644e-11 5.61378e-10 1.1763e-10 8.46852e-11 0.721825 1.84744e-10 0.278109 9.1079e-11 3.9624e-08 5.23079e-10 
1.01309e-09 0.00508305 1.00247e-10 9.64228e-10 0.00272689 0.267197 0.632562 3.24963e-07 0.0674755 0.0144529 0.0105024 8.98445e-10 
6.52211e-05 4.64889e-05 3.51001e-09 3.3761e-08 1.7521e-05 3.83973e-06 3.62059e-06 1.11104e-08 0.999861 5.47744e-09 2.18638e-06 3.14577e-08 
2.67277e-11 0.00676537 2.64476e-12 2.54386e-11 0.00185089 0.00190326 6.12687e-08 8.37157e-12 0.988722 2.60054e-08 0.000758452 2.37031e-11 
0.000125608 9.64796e-05 2.15489e-08 0.00458905 0.956921 0.0074388 0.0120444 0.00853367 0.00961468 0.000330822 0.000296694 8.92022e-06 
3.80987e-11 0.732524 3.76994e-12 3.62611e-11 5.92725e-08 5.52477e-10 7.46792e-08 1.19331e-11 0.267475 5.88307e-12 2.0894e-08 3.37872e-11 
4.88718e-06 0.00743726 4.83595e-07 4.65146e-06 0.0372327 7.01683e-07 1.62339e-06 1.53075e-06 0.0187459 7.54661e-07 0.936565 4.33412e-06 
3.59138e-06 6.66421e-07 3.55373e-07 3.41816e-06 0.0072841 0.00370271 1.19296e-06 0.000357916 0.00314584 0.75092 0.228485 0.00609505 
0.999819 1.9042e-05 2.50269e-08 2.40721e-07 5.04401e-08 2.73312e-05 4.02492e-05 7.92188e-08 4.70438e-06 3.9055e-08 8.92972e-05 2.24298e-07 
1.74408e-06 3.23634e-07 1.7258e-07 1.65996e-06 0.99345 2.50409e-07 5.79338e-07 5.46276e-07 0.000202854 2.69315e-07 0.000153118 0.00618839 
7.07404e-06 1.31267e-06 6.99989e-07 6.73284e-06 0.0132627 0.943856 0.000942272 0.000666927 0.0012613 0.0357209 0.00426744 6.2735e-06 
0.00153483 1.67055e-05 5.40319e-08 5.19705e-07 0.993244 0.00414543 3.6944e-05 1.05704e-05 0.000338636 0.000317635 0.000156229 0.00019887 
0.000101824 4.71188e-08 2.51264e-08 0.0045438 0.0241556 0.000251595 0.000809819 7.95338e-08 0.398468 3.53284e-05 0.571634 2.2519e-07 
9.61828e-07 0.00481082 9.51746e-08 9.15436e-07 3.61312e-05 5.53092e-05 0.000311739 3.92464e-06 0.994025 7.23049e-06 0.00074746 8.52982e-07 
6.3838e-09 3.31804e-06 6.31688e-10 6.07589e-09 2.69915e-05 0.0306607 6.3828e-07 1.99951e-09 0.969306 7.89596e-07 1.4006e-06 5.66137e-09 
5.44483e-08 1.01035e-08 5.38776e-09 5.23403e-06 0.999797 4.30041e-05 1.80863e-08 3.58306e-05 8.35423e-05 8.40772e-09 3.49361e-05 4.82866e-08 
2.73634e-07 5.07759e-08 2.70766e-08 2.60436e-07 0.287852 0.71185 9.0894e-08 8.57068e-08 7.63533e-05 4.22536e-08 0.000220589 2.42668e-07 
2.4392e-07 4.52621e-08 2.41363e-08 2.32155e-07 0.0004865 0.760295 8.10237e-08 7.63998e-08 0.000725812 3.76652e-08 0.238492 2.16316e-07 
0.00258853 1.3777e-06 1.60792e-09 1.54657e-08 0.992411 0.00449863 3.68451e-06 1.04584e-06 2.80341e-05 0.000438276 1.29329e-05 1.64392e-05 
1.16159e-05 2.15546e-06 1.14941e-06 1.10556e-05 0.0873169 7.21695e-05 0.149019 3.63829e-06 0.757809 0.0035788 0.00216479 1.03014e-05 
6.67217e-07 1.2381e-07 6.60223e-08 6.35035e-07 0.00621419 9.57965e-08 0.00246033 0.000836144 0.989539 1.03029e-07 0.000947656 5.91711e-07 
6.87628e-09 0.00494354 6.80421e-10 6.54462e-09 0.000745056 9.87271e-10 2.28412e-09 2.94939e-07 0.994269 1.65305e-05 1.93607e-05 6.33258e-06 
0.000169221 2.66799e-07 1.42272e-07 1.36844e-06 0.865689 0.0264134 4.77596e-07 4.5034e-07 0.0624475 0.0168703 0.0284071 1.27508e-06 
3.53576e-07 0.000124725 3.4987e-08 0.000235902 0.00110714 5.07652e-08 0.000622594 0.000310199 0.997573 5.4598e-08 2.52247e-05 3.13563e-07 
1.28725e-07 2.38863e-08 1.27375e-08 0.000110387 0.998785 1.84818e-08 4.27589e-08 4.03187e-08 6.68399e-05 0.000799081 0.000238594 1.14157e-07 
2.17267e-07 1.23927e-05 2.1499e-08 5.89835e-05 0.992951 1.79947e-05 3.38579e-07 1.5894e-05 0.00692943 3.35496e-08 6.60884e-06 7.30523e-06 
4.70998e-08 0.0137225 4.66061e-09 4.48281e-08 0.985044 6.76242e-09 1.56453e-08 1.47524e-08 5.87288e-06 0.000308203 2.58666e-07 0.000919105 
1.01309e-09 0.00508305 1.00247e-10 9.64228e-10 0.00272689 0.267197 0.632562 3.24963e-07 0.0674755 0.0144529 0.0105024 8.98445e-10 
1.39387e-06 2.58648e-07 1.37925e-07 1.32664e-06 0.00130678 0.98236 4.63005e-07 4.36582e-07 0.000810167 0.0150667 0.000451039 1.23613e-06 
4.02329e-06 7.46568e-07 3.98112e-07 3.82924e-06 0.998786 5.7765e-07 1.33643e-06 0.00110565 6.74898e-05 6.21262e-07 2.54763e-05 3.56799e-06 
1.01309e-09 0.00508305 1.00247e-10 9.64228e-10 0.00272689 0.267197 0.632562 3.24963e-07 0.0674755 0.0144529 0.0105024 8.98445e-10 
2.08203e-06 0.752836 2.02434e-06 2.75801e-06 0.00328821 0.00313858 0.000369892 1.07245e-05 0.0281739 0.00150173 0.210514 0.000160164 
1.01309e-09 0.00508305 1.00247e-10 9.64228e-10 0.00272689 0.267197 0.632562 3.24963e-07 0.0674755 0.0144529 0.0105024 8.98445e-10 
0.00258853 1.3777e-06 1.60792e-09 1.54657e-08 0.992411 0.00449863 3.68451e-06 1.04584e-06 2.80341e-05 0.000438276 1.29329e-05 1.64392e-05 
3.89307e-07 7.22403e-08 3.85226e-08 3.70529e-07 9.32453e-05 0.000346606 1.29317e-07 1.21937e-07 9.05299e-05 7.21985e-05 0.999396 3.4525e-07 
1.35146e-06 1.09116e-05 1.9077e-10 1.83492e-09 0.732952 0.262375 5.76422e-06 6.03852e-10 0.00437714 5.88556e-05 0.000158579 6.10391e-05 
3.06238e-07 5.6826e-08 3.03028e-08 2.91468e-07 0.984325 4.39686e-08 0.000139569 3.67173e-05 0.000104993 6.47845e-05 0.0153275 2.71583e-07 
1.05059e-05 4.86155e-09 2.59245e-09 0.000468813 0.999408 3.76158e-09 8.35542e-05 8.20601e-09 1.86791e-05 4.04558e-09 1.03454e-05 2.32343e-08 
9.34244e-09 3.75417e-06 9.24451e-10 1.28055e-05 0.975045 3.02062e-05 8.21517e-06 0.000454725 2.06216e-06 7.87723e-05 0.0243642 8.28519e-09 
0.000322871 2.80732e-07 1.49702e-07 0.000141546 0.911664 0.035917 0.0488012 4.73859e-07 0.00285661 2.33613e-07 0.00029445 1.34167e-06 
4.03501e-07 1.48417e-05 3.99271e-08 3.57299e-05 0.998611 5.79332e-08 2.17219e-05 0.000230164 0.00107265 8.86892e-06 3.92437e-06 3.57838e-07 
9.91598e-08 1.84002e-08 9.81204e-09 9.43771e-08 0.166426 1.4237e-08 3.29383e-08 3.10585e-08 0.799562 1.53119e-08 0.0340118 8.79383e-08 
3.89381e-06 7.2254e-07 3.85299e-07 3.706e-06 0.0432137 0.00116415 1.29342e-06 1.21961e-06 0.000823666 0.000695848 0.000359034 0.953732 
6.60096e-10 1.22488e-10 6.53177e-11 6.28258e-10 0.940128 9.47742e-11 2.19266e-10 2.06753e-10 0.0146407 1.0193e-10 0.0452309 5.85396e-10 
2.93524e-09 0.000162801 2.90448e-10 2.79367e-09 0.978635 3.61592e-05 3.79288e-05 9.19367e-10 0.021096 4.5325e-10 3.2417e-05 2.60307e-09 
8.99095e-07 0.00443383 8.89671e-08 8.55729e-07 0.00346433 0.00093376 3.79073e-05 2.81612e-07 0.989035 0.00116932 0.000796255 0.000127236 
0.00137094 0.012524 1.82854e-08 1.75878e-07 0.982757 0.00284195 1.35695e-05 3.87907e-06 0.000115472 0.000252054 5.32728e-05 6.7812e-05 
6.09046e-06 3.41741e-09 1.82236e-09 1.75283e-08 0.927858 1.36609e-05 5.63507e-06 5.76839e-09 0.0384231 1.59785e-05 0.00703322 0.0266444 
1.29725e-08 2.43127e-07 1.28365e-09 1.23468e-08 0.905073 4.63792e-05 4.30913e-09 0.00342082 0.0619242 0.0294969 1.69312e-05 2.187e-05 
6.80222e-07 1.26223e-07 6.73092e-08 6.47413e-07 0.983781 9.76638e-08 2.25952e-07 5.30531e-06 7.40367e-05 0.0161084 2.87282e-05 6.03244e-07 
4.07892e-08 7.56891e-09 4.03617e-09 7.76827e-05 0.998991 8.25805e-05 0.000673404 0.000168654 3.47991e-06 6.29853e-09 3.13365e-06 3.61733e-08 
2.5882e-09 0.000389884 2.56107e-10 2.46337e-09 0.390377 3.71605e-10 0.559084 0.0210937 0.0216962 3.99661e-10 0.00735956 2.29531e-09 
4.2508e-05 7.88785e-06 4.20625e-06 4.04577e-05 0.997383 0.000654895 1.412e-05 1.33142e-05 0.00111661 0.000453858 0.000231064 3.76976e-05 
6.87628e-09 0.00494354 6.80421e-10 6.54462e-09 0.000745056 9.87271e-10 2.28412e-09 2.94939e-07 0.994269 1.65305e-05 1.93607e-05 6.33258e-06 
1.1498e-05 2.13358e-06 1.13775e-06 1.09434e-05 0.996104 1.65084e-06 3.81933e-06 3.60137e-06 0.00151551 1.77548e-06 0.0023335 1.01968e-05 
9.97017e-09 5.66141e-05 9.86566e-10 6.16898e-05 1.8096e-05 9.49087e-05 1.15947e-05 3.12282e-09 0.00433309 6.7756e-06 0.995278 0.000138826 
3.32516e-08 6.17021e-09 3.29031e-09 1.77468e-05 0.997465 1.19943e-05 0.00249639 1.0415e-08 2.6388e-06 5.13459e-09 6.57124e-06 2.94886e-08 
1.74408e-06 3.23634e-07 1.7258e-07 1.65996e-06 0.99345 2.50409e-07 5.79338e-07 5.46276e-07 0.000202854 2.69315e-07 0.000153118 0.00618839 
1.27544e-11 2.36673e-12 1.26208e-12 1.21393e-11 1.39314e-08 7.98454e-07 4.23669e-12 4.57644e-10 0.998976 1.7827e-05 0.0010054 2.24178e-08 
1.26917e-06 2.35508e-07 1.25586e-07 1.20795e-06 0.999818 1.82222e-07 4.21583e-07 3.97524e-07 1.65954e-05 0.000141299 1.93523e-05 1.12554e-06 
1.01309e-09 0.00508305 1.00247e-10 9.64228e-10 0.00272689 0.267197 0.632562 3.24963e-07 0.0674755 0.0144529 0.0105024 8.98445e-10 
2.05389e-09 2.78258e-06 2.03237e-10 1.95483e-09 0.922864 3.39154e-06 2.04743e-06 6.43314e-10 0.0681505 3.17155e-10 0.00897736 1.82146e-09 
3.17712e-08 5.8955e-09 3.14382e-09 2.0077e-05 0.189758 0.307826 0.000121049 6.84782e-06 0.416479 3.87723e-05 0.0857501 2.81758e-08 
4.62725e-07 1.40355e-06 4.57875e-08 8.84448e-05 0.935259 0.0473979 0.00116747 1.44933e-07 0.0159625 7.14523e-08 0.000122535 4.1036e-07 
9.81106e-06 0.000398111 9.70822e-07 9.33784e-06 0.00165489 0.0011695 3.25897e-06 8.27057e-05 0.000863649 0.000401957 0.000351868 0.995054 
8.29866e-11 0.0268827 8.21167e-12 7.89839e-11 0.000239051 0.000127419 0.0004381 8.80907e-05 0.945824 0.000764014 0.00936167 0.0162751 
8.09487e-09 1.5021e-09 8.01002e-10 0.0406395 0.828972 3.09165e-05 2.6889e-09 0.00127153 4.89321e-06 8.06249e-05 0.129 7.17881e-09 
5.07761e-08 9.42209e-09 5.02439e-09 4.83271e-08 0.970921 7.29025e-09 2.16317e-05 2.65269e-06 0.00303167 0.00422357 0.0213138 0.000485998 
1.30403e-05 4.17808e-05 3.27006e-10 0.0211198 0.877976 0.00350976 7.65304e-07 1.25007e-06 0.0577719 1.80047e-06 0.0395579 6.12377e-06 
2.49534e-08 0.00383337 2.46919e-09 2.37499e-08 0.00221619 0.0369077 4.51732e-05 5.72155e-07 0.952186 3.70455e-05 0.00463602 0.000138209 
1.01309e-09 0.00508305 1.00247e-10 9.64228e-10 0.00272689 0.267197 0.632562 3.24963e-07 0.0674755 0.0144529 0.0105024 8.98445e-10 
0.000120945 7.00023e-08 3.73292e-08 3.98585e-06 0.042037 0.000137943 0.474297 0.00135008 0.030642 0.0946323 0.000328921 0.35645 
9.33492e-06 0.000267726 9.23707e-07 0.000380443 0.991585 0.00130073 2.24408e-05 3.18504e-05 0.00199647 0.0020845 0.00231184 8.27852e-06 
1.01309e-09 0.00508305 1.00247e-10 9.64228e-10 0.00272689 0.267197 0.632562 3.24963e-07 0.0674755 0.0144529 0.0105024 8.98445e-10 
3.59766e-08 6.67587e-09 3.55995e-09 3.42414e-08 6.17191e-06 6.01818e-06 1.56351e-05 5.83863e-07 0.973276 0.00810048 0.0185946 3.19053e-08 
0.17439 4.93254e-07 2.63031e-07 2.52996e-06 0.502868 3.81651e-07 0.000892713 0.000211066 0.000224078 0.162335 0.158947 0.000128966 
1.25217e-06 2.32355e-07 1.23905e-07 0.000102933 0.24137 0.000230607 4.15938e-07 3.92201e-07 5.58134e-05 0.210437 0.0119205 0.535881 
0.000120945 7.00023e-08 3.73292e-08 3.98585e-06 0.042037 0.000137943 0.474297 0.00135008 0.030642 0.0946323 0.000328921 0.35645 
1.32257e-05 2.45417e-06 1.3087e-06 0.0868679 0.206791 1.89889e-06 4.39321e-06 0.00456089 0.0131188 2.04226e-06 0.688625 1.1729e-05 
1.60326e-07 5.60105e-05 1.58646e-08 1.52593e-07 0.999852 2.3019e-08 5.3256e-08 5.02168e-08 3.31924e-05 5.03664e-05 7.4799e-06 1.42183e-07 
2.34375e-11 0.261033 2.31918e-12 2.23071e-11 0.0184936 0.00969035 0.000402578 5.39734e-06 0.703029 0.00522957 0.00211595 3.35822e-07 
1.5208e-06 0.648018 1.63554e-11 1.57471e-07 1.68445e-06 2.37312e-11 4.66737e-07 5.17705e-11 0.351978 2.55229e-11 1.39589e-07 1.46582e-10 
2.73634e-07 5.07759e-08 2.70766e-08 2.60436e-07 0.287852 0.71185 9.0894e-08 8.57068e-08 7.63533e-05 4.22536e-08 0.000220589 2.42668e-07 
1.60326e-07 5.60105e-05 1.58646e-08 1.52593e-07 0.999852 2.3019e-08 5.3256e-08 5.02168e-08 3.31924e-05 5.03664e-05 7.4799e-06 1.42183e-07 
1.39817e-05 2.28233e-08 1.21707e-08 1.17064e-07 0.533704 1.76593e-08 4.0856e-08 3.85244e-08 0.0051673 0.454582 0.00653181 1.09077e-07 
3.61393e-06 6.70605e-07 3.57605e-07 3.43962e-06 0.997344 0.00124582 1.20045e-06 1.13194e-06 0.000504344 5.5805e-07 0.000891983 3.20495e-06 
2.77998e-06 5.15856e-07 2.75084e-07 2.64589e-06 0.0031607 3.99139e-07 9.23434e-07 8.70735e-07 0.000323338 4.29274e-07 0.000244062 0.996263 
2.03457e-09 0.122321 2.01325e-10 1.93644e-09 0.0505877 1.63615e-06 1.02058e-05 7.65353e-07 0.802816 0.0241981 1.96371e-06 6.2612e-05 
0.000169221 2.66799e-07 1.42272e-07 1.36844e-06 0.865689 0.0264134 4.77596e-07 4.5034e-07 0.0624475 0.0168703 0.0284071 1.27508e-06 
3.59766e-08 6.67587e-09 3.55995e-09 3.42414e-08 6.17191e-06 6.01818e-06 1.56351e-05 5.83863e-07 0.973276 0.00810048 0.0185946 3.19053e-08 
1.24138e-05 2.30352e-06 1.22837e-06 1.18151e-05 0.00718197 1.78233e-06 4.12354e-06 3.88821e-06 0.991065 1.9169e-06 0.0017025 1.1009e-05 
8.20984e-05 1.43269e-06 7.63991e-07 0.00410532 0.0255806 0.970056 2.56466e-06 2.41829e-06 9.98564e-05 1.19222e-06 6.06958e-05 6.8471e-06 
1.5725e-05 1.20713e-06 6.43708e-07 6.1915e-06 0.000301003 0.00619686 5.2234e-06 2.03756e-06 6.48011e-05 0.000176115 0.993224 5.7691e-06 
0.000627407 0.000911876 1.03161e-06 2.25124e-06 0.305456 0.00283668 4.67049e-05 2.63997e-05 0.631406 0.000321022 0.0555418 0.00282257 
6.06387e-10 9.34045e-07 6.00031e-11 4.44455e-06 0.95944 1.35826e-06 2.0344e-08 1.19675e-06 0.028154 8.05364e-07 0.00389123 0.00850569 
5.20739e-07 9.66289e-08 5.1528e-08 4.95622e-07 0.8667 7.47657e-08 0.0905851 0.000131425 0.00681837 0.000512469 0.0352509 4.61809e-07 
4.91929e-09 9.1283e-10 4.86772e-10 4.77612e-05 0.165479 0.579693 1.63406e-09 0.00485909 0.249841 7.67983e-05 3.1564e-06 4.36259e-09 
2.62798e-06 4.92163e-06 2.60043e-07 2.50122e-06 0.91172 0.000263206 8.72944e-07 8.23126e-07 0.0215515 4.05803e-07 0.0664501 2.33058e-06 
4.49739e-05 9.26239e-09 4.93923e-09 0.00247521 0.970784 0.00111442 1.65806e-08 1.56344e-08 5.99557e-05 7.70778e-09 0.0255215 4.42668e-08 
1.60326e-07 5.60105e-05 1.58646e-08 1.52593e-07 0.999852 2.3019e-08 5.3256e-08 5.02168e-08 3.31924e-05 5.03664e-05 7.4799e-06 1.42183e-07 
2.06253e-07 1.71516e-06 5.66186e-10 5.44585e-09 0.000859658 0.0213117 6.52208e-07 1.79217e-09 0.0148663 0.962959 1.76255e-07 3.61826e-07 
8.99664e-07 1.46017e-05 8.90234e-08 8.5627e-07 0.923299 0.0160611 2.98844e-07 4.93425e-05 0.000153 0.028195 0.0321692 5.63615e-05 
1.60326e-07 5.60105e-05 1.58646e-08 1.52593e-07 0.999852 2.3019e-08 5.3256e-08 5.02168e-08 3.31924e-05 5.03664e-05 7.4799e-06 1.42183e-07 
1.43846e-05 1.21273e-09 6.46698e-10 6.22026e-09 3.91143e-06 0.850913 2.17091e-09 5.529e-06 1.97555e-06 0.0618164 0.0872448 5.79589e-09 
5.41561e-09 3.61875e-06 5.35885e-10 5.1544e-09 0.992329 2.64445e-06 3.59964e-06 1.69626e-09 0.0076585 8.36259e-10 2.31668e-06 4.80275e-09 
2.29658e-09 1.4788e-05 2.27251e-10 2.18581e-09 0.0116402 3.00091e-06 7.62863e-10 7.19328e-10 0.987353 3.5463e-10 0.000983006 5.90843e-06 
0.0029646 6.50147e-07 3.46695e-07 3.33469e-06 0.465767 0.100965 1.16383e-06 0.000304583 0.14874 0.263217 0.0148827 0.00315315 
1.06305e-07 1.01092e-06 1.78799e-10 1.71978e-09 1.33086e-06 0.0333076 4.12238e-07 5.65961e-10 0.00149837 0.965191 9.17829e-08 2.27422e-07 
1.43846e-05 1.21273e-09 6.46698e-10 6.22026e-09 3.91143e-06 0.850913 2.17091e-09 5.529e-06 1.97555e-06 0.0618164 0.0872448 5.79589e-09 
1.5055e-10 0.0045169 1.48972e-11 5.30313e-07 0.919015 0.0117966 1.45075e-07 0.000412438 0.064258 3.55709e-07 5.53959e-07 1.33513e-10 
9.37371e-07 8.06522e-05 1.18846e-10 1.36205e-05 0.0183226 1.25875e-06 3.98955e-10 3.76188e-10 0.0252405 0.000455196 0.955885 1.06513e-09 
1.5444e-07 1.37162e-06 9.86863e-11 6.8649e-06 0.976225 1.5289e-06 0.00207055 9.02732e-07 0.0213549 1.47991e-06 0.000336897 2.62862e-07 
2.89035e-06 5.36338e-07 2.86006e-07 2.75094e-06 0.989145 4.14987e-07 9.60099e-07 9.05307e-07 0.000336176 4.46318e-07 0.000253752 0.0102556 
1.60326e-07 5.60105e-05 1.58646e-08 1.52593e-07 0.999852 2.3019e-08 5.3256e-08 5.02168e-08 3.31924e-05 5.03664e-05 7.4799e-06 1.42183e-07 
4.52305e-08 0.00350431 4.47564e-09 4.30489e-08 0.00186326 0.178533 0.753766 1.20097e-05 0.0453165 0.00991513 0.00708937 4.0112e-08 
5.45324e-09 1.01191e-09 5.39608e-10 5.19022e-09 0.00579315 2.40419e-06 0.000496519 4.7519e-05 0.948211 0.000176724 0.0452728 4.83612e-09 
7.55352e-09 2.03472e-06 7.47435e-10 7.1892e-09 0.0114374 0.0039876 1.07251e-06 1.09893e-08 0.97319 0.00396845 0.00741376 6.69872e-09 
2.73634e-07 5.07759e-08 2.70766e-08 2.60436e-07 0.287852 0.71185 9.0894e-08 8.57068e-08 7.63533e-05 4.22536e-08 0.000220589 2.42668e-07 
5.09801e-10 9.45994e-11 5.04458e-11 4.85212e-10 0.0763422 3.44092e-07 1.69342e-10 1.59678e-10 0.0178526 0.00043515 0.904894 0.00047589 
6.56749e-08 0.491219 2.87304e-11 7.04057e-09 0.087921 5.05681e-08 2.01629e-08 4.41811e-08 0.420723 3.18686e-08 0.000136939 2.5749e-10 
2.50628e-05 0.00029003 3.21125e-06 0.000160783 0.0484631 0.0434086 0.00099575 0.246578 0.0280642 0.628311 0.00296739 0.000732882 
3.62883e-07 6.73371e-08 3.59079e-08 3.4538e-07 0.572139 5.37237e-05 1.2054e-07 1.13661e-07 0.0746633 8.6808e-05 0.353056 3.21817e-07 
2.38139e-07 1.10198e-10 5.87636e-11 1.06267e-05 0.999984 1.70614e-07 1.89394e-06 1.86007e-10 4.23402e-07 6.42828e-08 2.34501e-07 2.10715e-06 
1.01309e-09 0.00508305 1.00247e-10 9.64228e-10 0.00272689 0.267197 0.632562 3.24963e-07 0.0674755 0.0144529 0.0105024 8.98445e-10 
3.41604e-06 6.33885e-07 3.38023e-07 3.25127e-06 0.00231698 4.90462e-07 1.13472e-06 1.06996e-06 0.997238 5.27493e-07 0.00043103 3.02946e-06 
5.18805e-08 0.0540001 5.13367e-09 4.93782e-08 3.07682e-06 7.44882e-09 0.863907 1.62499e-08 0.0820898 8.01121e-09 7.95043e-08 4.60094e-08 
4.80953e-08 1.51808e-05 4.75911e-09 1.37784e-05 0.000135252 0.482606 1.5976e-08 1.50642e-08 0.000123734 7.4267e-09 0.517106 4.26525e-08 
1.6569e-06 3.07456e-07 1.63953e-07 1.57698e-06 0.00122294 7.16051e-05 5.50376e-07 5.18967e-07 0.00329973 0.992323 0.00175365 0.00132392 
4.00032e-07 7.42306e-08 3.95839e-08 3.80738e-07 0.933644 0.000119172 2.02238e-05 1.25297e-07 0.0216984 0.0444652 4.09466e-06 4.83377e-05 
3.59766e-08 6.67587e-09 3.55995e-09 3.42414e-08 6.17191e-06 6.01818e-06 1.56351e-05 5.83863e-07 0.973276 0.00810048 0.0185946 3.19053e-08 
1.74469e-06 3.23747e-07 1.7264e-07 0.000831933 0.00309706 0.0120491 0.000174442 5.46467e-07 0.00963938 0.972403 0.00164566 0.000156273 
3.37427e-11 4.46668e-08 3.33891e-12 3.21152e-11 3.67606e-05 3.85863e-09 1.12084e-11 7.45177e-10 0.998689 0.000112108 0.00116239 3.63135e-08 
6.95524e-06 0.000155067 6.88234e-07 6.61977e-06 0.000512222 2.98429e-05 2.31035e-06 2.1785e-06 0.998873 1.074e-06 0.000403863 6.16814e-06 
1.25217e-06 2.32355e-07 1.23905e-07 0.000102933 0.24137 0.000230607 4.15938e-07 3.92201e-07 5.58134e-05 0.210437 0.0119205 0.535881 
5.07761e-08 9.42209e-09 5.02439e-09 4.83271e-08 0.970921 7.29025e-09 2.16317e-05 2.65269e-06 0.00303167 0.00422357 0.0213138 0.000485998 
5.53141e-05 7.67931e-06 4.09504e-06 0.000662518 0.99904 5.94179e-06 0.000124798 1.29622e-05 2.8033e-05 6.3904e-06 1.60189e-05 3.67009e-05 
3.18918e-06 5.91789e-07 3.15575e-07 3.03536e-06 0.995109 1.78737e-05 1.05936e-06 9.98905e-07 0.00360262 4.92462e-07 0.00125818 2.82827e-06 
0.00137094 0.012524 1.82854e-08 1.75878e-07 0.982757 0.00284195 1.35695e-05 3.87907e-06 0.000115472 0.000252054 5.32728e-05 6.7812e-05 
3.33256e-07 0.000117557 3.29762e-08 3.17182e-07 6.65278e-05 0.00121059 1.10699e-07 1.04381e-07 0.723333 0.000283082 0.274988 2.95542e-07 
2.46206e-06 0.00519653 2.78185e-07 0.0414399 0.656289 5.93406e-06 0.000778928 0.123984 0.105264 0.00111611 0.0659208 1.42632e-06 
4.31234e-06 8.00204e-07 4.26714e-07 4.10435e-06 0.77574 0.0043078 1.43245e-06 1.3507e-06 0.0783471 5.28409e-05 0.141536 3.82433e-06 
1.60326e-07 5.60105e-05 1.58646e-08 1.52593e-07 0.999852 2.3019e-08 5.3256e-08 5.02168e-08 3.31924e-05 5.03664e-05 7.4799e-06 1.42183e-07 
1.70125e-05 2.22848e-06 1.18835e-06 0.000235231 0.999667 1.72427e-06 4.38742e-05 3.76155e-06 9.84708e-06 1.85445e-06 5.5968e-06 1.06504e-05 
1.01309e-09 0.00508305 1.00247e-10 9.64228e-10 0.00272689 0.267197 0.632562 3.24963e-07 0.0674755 0.0144529 0.0105024 8.98445e-10 
1.27544e-11 2.36673e-12 1.26208e-12 1.21393e-11 1.39314e-08 7.98454e-07 4.23669e-12 4.57644e-10 0.998976 1.7827e-05 0.0010054 2.24178e-08 
1.01309e-09 0.00508305 1.00247e-10 9.64228e-10 0.00272689 0.267197 0.632562 3.24963e-07 0.0674755 0.0144529 0.0105024 8.98445e-10 
5.18805e-08 0.0540001 5.13367e-09 4.93782e-08 3.07682e-06 7.44882e-09 0.863907 1.62499e-08 0.0820898 8.01121e-09 7.95043e-08 4.60094e-08 
5.55294e-08 1.03041e-08 5.49473e-09 5.28511e-08 0.936312 0.00879151 9.24114e-06 1.73927e-08 4.30328e-05 8.57465e-09 0.054844 4.92454e-08 
3.75908e-10 8.95364e-05 3.71968e-11 9.66357e-07 0.433802 3.04944e-06 2.50994e-06 1.17741e-10 0.463677 1.2776e-07 0.102424 1.50049e-06 
3.93932e-09 7.30986e-10 3.89803e-10 3.74932e-09 0.421313 8.93693e-06 1.30854e-09 1.11171e-06 0.0666049 1.21665e-05 0.512051 9.08666e-06 
1.71168e-06 0.0155873 1.934e-07 1.11272e-06 0.665218 4.12553e-06 2.81799e-07 5.90118e-05 0.315781 0.00334214 4.48486e-06 9.91605e-07 
6.70115e-10 0.00204942 6.63091e-11 6.37794e-10 0.00407154 0.190021 0.000387777 1.14308e-07 0.166263 0.0607659 0.576062 0.000379229 
0.000120281 0.056783 8.04627e-10 3.60504e-06 0.329252 7.9828e-05 2.19979e-06 0.000658335 0.609771 0.00322293 6.9626e-05 3.64127e-05 
0.000460166 0.00805591 0.000146804 0.00251435 0.00424636 0.0569206 0.000242555 0.0151594 0.779202 0.0317304 0.0824003 0.0189212 
0.00324856 0.0104093 4.93155e-08 0.00636511 0.289968 0.000115286 0.000658031 0.000311344 0.00743883 0.0063208 0.0107556 0.664409 
1.60326e-07 5.60105e-05 1.58646e-08 1.52593e-07 0.999852 2.3019e-08 5.3256e-08 5.02168e-08 3.31924e-05 5.03664e-05 7.4799e-06 1.42183e-07 
