0.00405524 0.00188493 0.270789 1.57368e-05 0.0299296 0.0306282 0.446525 0.125401 0.0170976 0.0181603 0.0552134 0.000299515 
0.00158377 0.0399129 0.743254 3.01501e-06 0.00274616 0.0378037 0.148005 0.000159555 0.000277541 0.00424727 0.0219887 1.79606e-05 
6.30337e-12 0.00194188 3.84698e-05 5.99934e-12 0.000965739 0.0001855 0.00259944 0.991479 0.00259424 4.41069e-06 0.000191041 5.71708e-09 
0.000100625 0.019725 0.206558 5.835e-07 0.0219375 0.00567312 0.000254216 2.53692e-05 0.0432216 0.00648778 0.69517 0.000845602 
9.80005e-05 0.00376529 0.427497 3.56519e-07 0.0036996 0.00965354 0.000474842 1.12043e-05 0.0472845 0.0122522 0.495198 6.52125e-05 
2.4699e-08 0.0385727 0.0049746 1.98598e-09 0.00150061 0.0170449 0.000242324 2.52152e-08 0.0513647 0.0324708 0.853829 3.96151e-07 
0.00131275 0.0213097 0.247402 0.0010189 0.0110869 0.177648 0.211693 0.0516254 0.0195681 0.0604609 0.195566 0.00130807 
8.77239e-07 0.04959 0.00733424 1.19159e-08 0.0988842 0.000566512 0.000838271 0.000126354 0.738707 0.000143993 0.0837077 0.0201005 
0.0202129 0.00537267 0.0797715 0.000283936 0.335654 0.0706303 0.153881 0.00112004 0.0792231 0.0261441 0.207641 0.0200655 
0.04058 0.00109593 0.0321898 4.0105e-06 0.136415 0.00407378 0.000559196 8.27842e-05 0.160966 0.170472 0.451664 0.00189671 
0.00236034 0.0175444 0.110651 1.81919e-05 0.0606047 0.0399483 0.253881 0.0225311 0.0624037 0.025003 0.401733 0.00332032 
0.00418954 1.12472e-05 0.172978 1.37236e-09 0.340936 0.0043644 0.000991338 0.0411153 0.172419 0.153662 0.109139 0.000194216 
0.00149996 0.0189191 0.708623 9.6955e-06 0.00872133 0.0348809 0.00948764 0.0338357 0.0369558 0.0300499 0.116709 0.000307639 
5.39709e-06 0.000594718 0.0792114 3.02648e-06 0.0042325 0.743099 0.00150685 0.0031219 0.0262161 0.0984201 0.0430744 0.000514806 
1.13459e-08 0.0253303 0.0122154 8.62952e-09 0.00355389 0.00595503 0.000105007 8.25854e-06 0.121596 0.00842525 0.165533 0.657278 
2.20432e-05 0.0360917 0.163989 1.81352e-06 0.00716434 0.0159762 0.173815 0.0359307 0.033205 0.193699 0.184331 0.155775 
0.00012706 0.00756524 0.0505849 0.000108071 0.0138737 0.394976 0.0745396 0.00561549 0.0120117 0.0148372 0.423818 0.00194365 
8.30182e-06 0.0419547 0.0190787 4.05761e-06 0.0518742 0.0275166 0.165153 1.1291e-05 0.646565 0.00264052 0.0444262 0.000767363 
0.000207013 0.000220486 0.358519 8.81488e-09 0.0241197 0.00182144 0.000774705 1.12016e-05 0.022615 0.048019 0.542689 0.00100312 
7.46879e-08 0.0166305 0.044057 1.51184e-11 0.0192285 0.0610011 0.00664697 5.09352e-08 0.00912643 0.00396683 0.839342 7.18959e-07 
0.000301889 0.0191078 0.0754524 0.000299566 0.354307 0.1172 0.0103652 0.000332293 0.0659654 0.0542018 0.264493 0.0379732 
0.0001117 0.00264608 0.264285 1.02052e-05 0.00573623 0.0792906 0.0339869 0.0166979 0.0241442 0.428194 0.143718 0.00117866 
0.000758471 0.0175213 0.0201976 5.27286e-05 0.00322 0.0134081 0.867403 0.0159195 0.0328317 0.000630155 0.0272438 0.000813717 
0.00424569 0.000129821 0.0860533 4.53317e-07 0.033982 0.0126868 0.0628341 2.91935e-06 0.0958058 0.603522 0.0984114 0.00232534 
6.48701e-07 0.00108405 0.0780095 3.13008e-07 0.00304134 0.236402 0.0237311 0.00187344 0.0405222 0.395519 0.202821 0.0169953 
3.56642e-07 0.000220863 0.0352539 2.5692e-07 0.706987 0.00556692 0.0222994 0.00164604 0.143805 0.00541782 0.057149 0.0216534 
3.02436e-05 0.0776576 0.159258 1.27521e-06 0.115735 0.0117953 0.0318635 5.77364e-05 0.0767291 0.0824678 0.184665 0.259739 
3.02698e-06 0.0378679 0.0609199 2.68073e-07 0.115365 0.194106 0.000310747 1.1997e-05 0.53528 0.0054446 0.0504938 0.000196961 
0.000666059 0.0424327 0.394887 1.77812e-05 0.0623631 0.0926158 0.029117 0.00708394 0.108065 0.0375511 0.224789 0.000411557 
0.11301 0.0382558 0.0345588 5.67064e-05 0.0302218 0.0756416 0.142593 0.000353212 0.210558 0.13019 0.210452 0.0141098 
6.30337e-12 0.00194188 3.84698e-05 5.99934e-12 0.000965739 0.0001855 0.00259944 0.991479 0.00259424 4.41069e-06 0.000191041 5.71708e-09 
0.00193834 0.0128291 0.0221192 1.65945e-06 0.0491635 0.00545457 0.0214697 6.65594e-05 0.790482 0.030994 0.0643922 0.00108883 
0.000807633 0.00154789 0.0305884 2.17439e-06 0.622346 0.0100565 0.000900466 0.0272015 0.194158 0.013389 4.03782e-05 0.0989614 
2.40998e-06 0.00122843 0.0228249 7.35009e-08 0.00877991 0.0274018 0.000102153 2.43326e-05 0.0434539 0.0700589 0.826123 5.29499e-07 
0.000323721 0.0668973 0.0355322 3.33763e-05 0.00407731 0.231575 0.0301153 4.21321e-05 0.0448407 0.0448747 0.0462227 0.495466 
1.12845e-06 0.000366866 0.182459 1.17848e-08 0.263374 0.0252488 0.100563 0.310813 0.0146606 0.0172795 0.0852307 3.95618e-06 
0.000113295 8.75826e-05 0.907828 6.32915e-08 0.000138117 0.0223509 0.000533076 3.34682e-05 0.000427419 0.0166115 0.0518732 3.6587e-06 
0.00280599 0.000224317 0.0359682 7.73412e-06 0.0066613 0.0268472 0.00334707 0.00181824 0.174033 0.198791 0.549453 4.31317e-05 
0.000249312 0.0205548 0.062296 0.000217039 0.0619108 0.0924589 0.128155 0.010704 0.0302323 0.017331 0.564628 0.0112626 
0.00575727 0.111445 0.0447414 0.000135747 0.531166 0.062327 0.00452431 0.000148224 0.0306965 0.0389589 0.169487 0.000613115 
0.00176273 0.0336491 0.231493 1.5044e-05 0.0150399 0.0137108 0.136334 0.000106984 0.046271 0.279258 0.232559 0.00980113 
3.14809e-08 0.27793 0.180244 1.17385e-11 0.0197258 0.000425277 0.00230332 3.56237e-05 0.360105 0.0659176 0.0841804 0.00913226 
2.9506e-06 0.0398985 0.00167662 2.4897e-08 0.00325001 0.00160775 0.00538593 4.0658e-08 0.783034 0.00183102 0.162946 0.000367683 
0.00418403 0.02288 0.127696 4.8042e-05 0.0324089 0.0542608 0.0415365 0.0158728 0.0540106 0.0383129 0.604736 0.00405419 
5.55779e-12 0.00111446 0.0300417 5.28973e-12 0.0360346 0.0432826 1.40309e-07 4.13323e-05 0.0506003 0.153174 0.685711 7.60526e-07 
0.00278803 0.00898894 0.02484 1.11976e-05 0.00561204 0.254387 0.124957 0.00273667 0.0869466 0.00400102 0.483964 0.000768388 
0.000265036 1.05422e-05 0.162969 3.29473e-09 0.301041 0.00480124 0.00570072 1.47434e-05 0.328744 0.0791256 0.108314 0.00901377 
0.00144205 0.0602842 0.426241 0.000648786 0.188545 0.0181719 0.0443121 0.00177938 0.0677876 0.0395013 0.143967 0.00731894 
0.00069604 0.0429058 0.10744 0.000195801 0.0344384 0.14607 0.00864687 0.00610931 0.222588 0.0419922 0.380065 0.00885202 
1.13459e-08 0.0253303 0.0122154 8.62952e-09 0.00355389 0.00595503 0.000105007 8.25854e-06 0.121596 0.00842525 0.165533 0.657278 
6.0315e-05 0.00169406 0.107356 1.08861e-05 0.102575 0.0107986 0.01061 0.535075 0.0528886 0.0524067 0.125191 0.00133409 
1.74299e-06 0.0123581 0.00411177 1.66535e-08 0.00381108 0.0052565 2.41677e-05 2.97795e-06 0.974063 0.000271663 2.38616e-05 7.53439e-05 
0.00261731 0.00881874 0.219417 9.04733e-06 0.0474113 0.0197696 0.0710596 0.000254572 0.0309684 0.0786763 0.515302 0.00569605 
0.000118928 0.00280044 0.0379187 6.11595e-05 0.0226033 0.286018 0.122825 0.164409 0.0145921 0.013803 0.33363 0.00121985 
2.58339e-05 0.0556629 0.147656 2.57004e-05 0.0394111 0.00361291 0.013526 0.000113536 0.115808 0.00609658 0.612979 0.00508293 
1.2385e-07 0.000616564 0.825076 1.80071e-08 0.0141654 0.00693516 0.00120442 0.000198455 0.00675186 0.0306537 0.114079 0.000319022 
3.41055e-06 0.0365372 0.0118201 2.18156e-06 0.0310289 0.0163347 2.085e-05 2.26785e-06 0.693343 0.00143183 0.20942 5.59066e-05 
1.2385e-07 0.000616564 0.825076 1.80071e-08 0.0141654 0.00693516 0.00120442 0.000198455 0.00675186 0.0306537 0.114079 0.000319022 
0.00019771 0.0205528 0.202257 0.0001812 0.0194543 0.153459 0.0444546 0.00488236 0.0459139 0.0828589 0.407779 0.0180096 
0.00186023 0.0109725 0.077111 0.00166737 0.0155946 0.156111 0.0099987 0.00190869 0.0497133 0.0546564 0.615642 0.0047637 
7.89922e-06 0.00955754 0.0526007 3.24779e-09 0.0297572 0.0278321 0.000468628 9.01141e-06 0.220584 0.0145886 0.644595 4.36054e-09 
5.62205e-07 0.0201964 0.0102978 8.05417e-08 0.0465614 3.07369e-07 0.815328 0.0434823 0.0612076 0.00126218 0.00103778 0.000625967 
0.352962 0.00641273 0.0423474 1.95001e-06 0.0109951 0.0251873 0.000451938 0.00040459 0.0122636 0.0958679 0.452854 0.000250938 
0.000154388 0.0034313 0.067742 1.97679e-07 0.319303 0.0262881 0.0829259 0.000458542 0.127409 0.0173564 0.352032 0.00289881 
6.36657e-05 0.00510873 0.081055 2.08848e-07 0.0347173 0.0655492 0.0206251 0.000111939 0.63499 0.0267701 0.106661 0.0243473 
3.06193e-05 0.000232714 0.058115 2.31151e-06 0.582337 0.0627739 0.0176634 0.000122663 0.0880194 0.0159174 0.161278 0.0135077 
4.10755e-05 0.00237587 0.0735929 5.02347e-06 0.00196095 0.018161 0.00303943 2.40367e-05 0.059888 0.0124943 0.82752 0.000897586 
1.65795e-06 0.0786187 0.00170701 4.76404e-10 0.000289243 0.00446015 1.27756e-05 1.07941e-08 0.910177 0.00368193 0.00105129 1.22499e-08 
0.00130535 0.00115195 0.114176 6.68262e-06 0.181975 0.276023 0.0012542 0.00150144 0.0831914 0.271024 0.0674877 0.000903715 
1.13459e-08 0.0253303 0.0122154 8.62952e-09 0.00355389 0.00595503 0.000105007 8.25854e-06 0.121596 0.00842525 0.165533 0.657278 
5.05767e-05 0.0368766 0.0682407 1.18244e-06 0.115826 0.00540008 0.154009 0.000600805 0.212597 0.0205066 0.228895 0.156997 
0.00148681 0.0001159 0.124811 8.41367e-06 0.0729172 0.064569 0.0438001 0.0836883 0.0201903 0.285799 0.301414 0.00120014 
3.77141e-05 0.000857173 0.221548 6.9085e-07 0.0139322 0.023683 0.35099 0.0756613 0.0061831 0.0236352 0.282486 0.000986698 
3.28857e-05 0.00232798 0.0670015 2.52621e-07 0.135748 0.00441779 3.5236e-06 0.000140277 0.0466311 0.0668603 0.676817 1.96751e-05 
0.000354598 0.00890787 0.262042 0.000167994 0.0197319 0.0755893 0.0792946 0.00463658 0.0784865 0.0184051 0.42085 0.0315335 
0.000719209 0.0204627 0.143061 6.21118e-05 0.0199131 0.125237 0.156805 0.0154956 0.184023 0.0836325 0.248773 0.00181542 
1.3637e-05 0.0928432 0.0562934 2.11456e-06 0.0112387 0.00960761 0.00244801 4.79806e-05 0.101033 0.0022106 0.718699 0.00556318 
0.0236606 0.00255467 0.158517 1.45813e-06 0.00516547 0.108519 0.0114246 3.36919e-05 0.0423798 0.0697722 0.575998 0.00197424 
0.00467554 0.00230037 0.675058 1.02605e-06 0.0384302 0.0343205 0.0081355 0.000181078 0.0232752 0.05076 0.162547 0.000314995 
0.0025669 0.00214277 0.379255 7.27238e-06 0.0322812 0.028204 0.0658351 0.00503042 0.216912 0.0694296 0.197029 0.00130654 
6.30337e-12 0.00194188 3.84698e-05 5.99934e-12 0.000965739 0.0001855 0.00259944 0.991479 0.00259424 4.41069e-06 0.000191041 5.71708e-09 
0.00263299 0.00487227 0.672713 0.000102429 0.0165271 0.0361044 0.0154688 0.000699669 0.0519997 0.129465 0.0691026 0.000311788 
0.0002346 0.0170669 0.0198203 7.97329e-06 0.0387265 0.102676 0.00293597 0.000102999 0.159574 0.00644608 0.643454 0.0089542 
2.14148e-06 3.01214e-05 0.0302049 1.24112e-06 0.0516425 0.0449293 0.0123591 0.000292345 0.0239525 0.0135748 0.819293 0.0037182 
0.0011926 0.016991 0.107366 1.08353e-05 0.619436 0.11659 0.021487 0.0016164 0.0405569 0.00376713 0.0642764 0.00670917 
0.100199 0.00465151 0.101925 8.31871e-05 0.0212515 0.115288 0.0556731 0.000176263 0.141562 0.00641007 0.452506 0.000273381 
1.04022e-05 0.0306037 0.0106493 5.33877e-09 0.000419622 0.170855 0.00900207 7.6039e-05 0.00779138 0.0244421 0.109322 0.636828 
0.000677192 0.000144653 0.25085 7.23393e-07 0.000473019 0.13939 9.73557e-05 2.81108e-06 0.0159534 0.0154236 0.560797 0.0161899 
0.000751427 0.0896998 0.0892766 8.55278e-05 0.220035 0.0155774 0.00357019 0.000255862 0.334949 0.00961777 0.235581 0.000599742 
6.30337e-12 0.00194188 3.84698e-05 5.99934e-12 0.000965739 0.0001855 0.00259944 0.991479 0.00259424 4.41069e-06 0.000191041 5.71708e-09 
0.00439287 0.00281891 0.372791 1.4265e-06 0.0298415 0.0908842 0.00656545 0.000255643 0.0394953 0.0152664 0.433471 0.00421545 
0.026763 0.0328992 0.142178 2.08209e-05 0.0059987 0.235576 0.0210388 0.00155601 0.0577454 0.165051 0.311052 0.0001211 
3.30315e-05 0.0030604 0.0202418 1.53574e-05 0.000736639 0.0185365 0.207734 0.644283 0.0101329 0.0111612 0.0832891 0.000776219 
0.0011009 0.0261292 0.0497274 0.000524969 0.0368072 0.21239 0.0163028 0.0139058 0.031589 0.00972029 0.601205 0.000596767 
2.5295e-05 0.000956762 0.0226778 4.06806e-06 0.72548 0.0152182 0.000342746 2.05512e-05 0.17198 0.00851604 0.0547332 4.5659e-05 
0.000548919 0.00846114 0.133523 9.01079e-05 0.0118776 0.00374787 0.00359854 0.000183184 0.0425719 0.595703 0.199304 0.000390556 
3.64743e-05 1.23672e-05 0.00239933 1.11826e-05 0.745591 0.184091 0.000961293 0.000878756 0.0129987 0.0466709 0.00633412 1.46532e-05 
0.000448856 0.0221975 0.0248864 3.89765e-08 0.266644 0.0150537 0.0284281 5.80536e-05 0.419723 0.10864 0.113897 2.3747e-05 
0.000609237 0.0229509 0.0331921 0.000150124 0.00511904 0.0686345 0.51069 0.00849163 0.0981242 0.0391055 0.207542 0.00539133 
0.000319375 0.0106011 0.0273175 1.05122e-05 0.0152798 0.126495 0.00869007 1.17872e-05 0.059475 0.00556189 0.746083 0.00015478 
0.00214749 0.147652 0.136853 3.38997e-06 0.344571 0.00647314 0.0438498 0.000817003 0.170078 0.0278676 0.109485 0.0102027 
0.00736265 0.0103424 0.0262911 5.06005e-05 0.0139342 0.0157817 0.00363676 6.28294e-05 0.0611477 0.395385 0.465768 0.000236421 
0.00637692 0.0945744 0.014613 3.23715e-05 0.0140981 0.0082969 0.00276546 4.35754e-05 0.723552 0.00421033 0.130831 0.000606485 
0.00168469 0.0483638 0.61409 0.000565658 0.0508989 0.0139547 0.0756809 0.00874432 0.0785859 0.0198902 0.0840434 0.00349719 
1.63246e-07 0.000837616 0.0147177 1.05115e-08 0.0233507 0.0356375 0.00284598 4.50081e-06 0.820161 0.0453851 0.0569817 7.8537e-05 
0.00143221 0.00294822 0.00993857 3.42357e-05 0.0114687 0.0390429 0.0638116 0.000126943 0.0915614 0.255272 0.524311 5.19398e-05 
0.00158377 0.0399129 0.743254 3.01501e-06 0.00274616 0.0378037 0.148005 0.000159555 0.000277541 0.00424727 0.0219887 1.79606e-05 
0.0885353 0.00168513 0.0554587 8.63847e-08 0.14977 0.00749653 4.71427e-05 1.21675e-05 0.559449 0.0105802 0.126678 0.000287553 
0.00113567 0.299552 0.0237979 5.66514e-05 0.0200707 0.0112034 0.0296359 0.000314816 0.535387 0.00808308 0.068684 0.00207927 
3.26151e-05 0.00323214 0.00329658 8.86365e-08 0.00575792 0.021215 0.00564207 2.18692e-05 0.919515 0.0083355 0.0327563 0.000195298 
0.00615754 0.023927 0.0906394 5.07756e-08 0.39637 0.0147893 0.00510976 0.000223581 0.262875 0.0259583 0.173545 0.000405105 
0.000353683 0.0583351 0.0409211 2.72425e-05 0.000878423 0.0225776 0.735285 0.0100025 0.00638782 0.0121666 0.111144 0.00192158 
9.27762e-05 0.0880516 0.00751057 1.0338e-06 0.000938795 0.0485768 0.0106631 6.37605e-05 0.722922 0.0309152 0.0897011 0.000563123 
0.000138356 0.000130891 0.180938 2.23931e-08 0.0364299 0.019821 0.000376684 0.000154183 0.00650257 0.0995635 0.654188 0.00175696 
1.89131e-05 0.00140459 0.0244979 3.11804e-06 0.476258 0.00433405 0.00191528 0.000122127 0.331279 0.0143585 0.144256 0.00155241 
0.000196103 0.0257517 0.0162791 0.000175629 0.0226248 0.00312329 0.478207 0.399987 0.0329108 0.00296406 0.0169513 0.000829374 
1.16254e-07 0.00122934 8.43063e-05 1.06747e-09 0.000505322 0.0760366 0.0274245 4.57765e-05 0.0788437 0.00644504 0.80867 0.000715264 
0.00946071 0.0049142 0.156373 1.28736e-07 0.0233288 0.00680457 0.0115258 1.79796e-06 0.18951 0.268555 0.329523 2.70551e-06 
0.0235555 0.0463179 0.114434 4.76486e-07 0.290048 0.14958 0.000344909 3.34297e-05 0.0891231 0.0757871 0.209724 0.00105087 
0.0341078 8.38574e-06 0.0607401 1.31718e-10 0.00278891 0.00497277 0.00345542 0.863417 4.11218e-05 0.00952021 0.0209484 2.94181e-07 
5.48443e-05 0.00334645 0.146125 3.07534e-05 0.00530323 0.452252 0.0636498 0.00680723 0.0139153 0.0118875 0.295556 0.00107073 
0.00420485 0.00391803 0.0405118 5.48818e-09 0.0244399 0.000543901 0.799583 0.102628 0.00407676 0.00104751 0.0109306 0.00811621 
0.00231826 9.60504e-07 0.0192801 4.64004e-08 0.000971019 0.116732 0.00804326 4.8585e-06 0.0496864 0.125269 0.677694 2.28393e-07 
2.68801e-05 0.0808687 0.169668 1.26998e-05 0.0173492 0.00761645 0.000567785 0.000969681 0.0497 0.366831 0.306315 7.47565e-05 
1.96522e-06 1.01656e-06 1.45501e-05 4.53655e-07 0.921519 8.20746e-07 5.83569e-07 5.12966e-07 0.0722364 7.66821e-06 0.00620889 8.60747e-06 
0.000322228 0.00302394 0.339307 2.26455e-05 0.00799159 0.056508 0.0134222 8.5085e-05 0.0712403 0.0933613 0.414455 0.000260758 
0.00192984 0.010764 0.0384968 6.35859e-06 0.138251 0.0234368 0.00821411 0.000272659 0.126615 0.0327519 0.618837 0.000424106 
2.12073e-07 0.00764447 0.0251376 1.61734e-08 0.00402643 0.493263 0.00221884 1.19346e-05 0.135927 0.132912 0.124629 0.0742297 
2.89039e-07 1.65771e-07 0.00700747 5.87353e-10 0.951276 6.78358e-07 0.0128777 0.000769446 0.00276901 0.00147682 0.0238212 7.43529e-07 
0.000338596 0.000253868 0.0120572 2.8833e-05 0.0247578 0.496185 0.0157682 0.0309645 0.0189386 0.0233112 0.376076 0.00132058 
0.000233615 0.046366 0.336705 2.52736e-05 0.0158656 0.0549411 0.0480225 0.0016646 0.0157191 0.108459 0.371404 0.000595165 
0.000273884 0.000447477 0.0211713 5.53573e-08 0.000712571 0.148678 0.0477631 2.86337e-05 0.067186 0.648498 0.0647549 0.000486214 
0.000424838 0.00379151 0.291039 7.23156e-06 0.0718269 0.0290838 0.000844018 0.000877503 0.0528133 0.461714 0.0141664 0.0734115 
0.000156357 0.0271326 0.57 5.02258e-06 0.0420706 0.0409531 0.00558367 5.20061e-05 0.023376 0.176004 0.0959709 0.0186958 
5.38318e-11 2.83194e-09 0.0861042 5.12354e-11 0.000287448 0.214602 0.187335 2.99664e-08 0.000296145 0.1219 0.389018 0.000456181 
0.00205836 3.63199e-05 0.119177 1.24363e-06 0.00333454 0.0256075 0.0414813 0.0453025 0.0919014 0.219678 0.450742 0.000679629 
1.13459e-08 0.0253303 0.0122154 8.62952e-09 0.00355389 0.00595503 0.000105007 8.25854e-06 0.121596 0.00842525 0.165533 0.657278 
2.90028e-07 0.000152109 0.923106 2.08993e-07 0.0444986 0.00231871 3.32711e-05 2.78752e-05 0.0166695 0.00143518 0.0108002 0.00095842 
0.0127602 0.0251502 0.0488719 6.52129e-05 0.00731272 0.0513883 0.0950722 0.00320116 0.625367 0.0115624 0.119179 6.91805e-05 
0.000620704 0.0332956 0.149173 7.67923e-06 0.0169318 0.178227 0.0227949 0.000210114 0.022292 0.135856 0.439678 0.000912992 
6.31992e-06 0.0149937 0.219199 4.55959e-07 0.0184355 0.30579 0.0149604 0.00882551 0.0600886 0.197636 0.159031 0.00103306 
0.00144976 0.000640208 0.627007 7.08234e-06 0.00168455 0.045389 0.0124061 0.0130936 0.00287383 0.0840822 0.211125 0.000242349 
0.00100212 0.00410178 0.013321 5.01848e-09 0.0166137 0.000728255 0.324822 0.627749 0.00265928 0.000426966 0.00661318 0.00196227 
0.000104856 0.00332469 0.0132531 3.25023e-05 0.556474 0.182901 0.000188497 0.000117347 0.00641413 0.0347924 0.120394 0.0820033 
0.000291806 0.0191887 0.233612 4.04128e-05 0.197551 0.0499265 0.13611 0.244805 0.0327474 0.0114668 0.0740306 0.000229925 
0.000621944 5.77946e-05 0.0506933 3.44321e-06 0.0209311 0.0969584 0.0304735 0.000190006 0.0470178 0.501504 0.242414 0.00913471 
0.00346136 0.0220875 0.553081 0.000114026 0.0183275 0.045142 0.0272044 0.00280479 0.0666306 0.0207408 0.239763 0.000643249 
0.00044828 0.00958905 0.0590571 0.000100669 0.00177771 0.11191 0.579573 0.0125399 0.0107123 0.0196749 0.193214 0.00140337 
2.41159e-10 0.000503152 0.00568378 2.29527e-10 0.940151 0.00134624 7.52758e-07 0.000193975 0.0410632 6.31258e-08 0.0110571 2.56053e-07 
0.000660003 0.0449439 0.546889 6.83347e-06 0.00380467 0.0195574 0.125853 0.14809 0.0147437 0.0107969 0.0681314 0.016522 
6.30337e-12 0.00194188 3.84698e-05 5.99934e-12 0.000965739 0.0001855 0.00259944 0.991479 0.00259424 4.41069e-06 0.000191041 5.71708e-09 
2.11976e-06 0.000206448 0.169078 2.17759e-08 0.124557 0.077455 0.000313835 2.62783e-05 0.104791 0.265585 0.25464 0.0033456 
0.000139692 0.030818 0.0147306 9.58327e-05 0.0151325 0.0886795 0.267015 0.00306167 0.197204 0.0166228 0.366105 0.00039602 
0.00288184 0.174298 0.0489925 4.02617e-07 0.0338599 0.057669 0.00617607 5.59204e-07 0.346799 0.00341963 0.322247 0.00365641 
0.00129626 0.00145107 0.321068 6.01721e-06 0.0382415 0.0153417 0.185372 0.146841 0.0824162 0.114491 0.0933369 0.00013953 
1.14897e-11 2.17825e-08 1.20024e-05 1.09355e-11 0.00186216 4.56681e-05 0.245851 0.622906 0.0720805 0.055717 0.00152587 5.28474e-09 
0.00553996 0.011233 0.60935 0.00035326 0.0162047 0.0484911 0.126378 0.0342756 0.017169 0.0515101 0.0768995 0.00259615 
0.000676193 0.0208029 0.0535107 0.000190577 0.0150512 0.274217 0.0183424 0.003828 0.106848 0.092587 0.411748 0.00219772 
0.000586122 0.0021418 0.278094 9.057e-05 0.0201842 0.187695 0.0499189 0.00230955 0.0218746 0.0378579 0.396258 0.00298907 
6.30337e-12 0.00194188 3.84698e-05 5.99934e-12 0.000965739 0.0001855 0.00259944 0.991479 0.00259424 4.41069e-06 0.000191041 5.71708e-09 
3.10363e-06 0.000289161 0.0851797 2.25573e-07 0.00977216 0.378287 0.00201018 0.00272296 0.0205729 0.472633 0.0137675 0.014762 
0.00270416 0.000544193 0.128073 1.76848e-09 0.0293725 0.00694164 0.187741 0.00292115 0.0430617 0.535594 0.0576582 0.0053889 
3.10201e-05 0.28449 0.130205 1.12497e-06 0.0484415 0.00623693 0.0024932 3.97155e-05 0.495376 0.0119632 0.0185267 0.00219674 
1.99097e-06 0.000982127 0.18722 1.34851e-07 0.0371242 0.0068188 0.0133772 0.063744 0.370324 0.140016 0.179734 0.000657971 
0.000303046 5.13718e-07 0.0368889 3.86607e-07 0.764632 0.0398961 0.00908339 0.000581503 0.0757009 0.050317 0.0223364 0.000259721 
0.000196103 0.0257517 0.0162791 0.000175629 0.0226248 0.00312329 0.478207 0.399987 0.0329108 0.00296406 0.0169513 0.000829374 
0.000220955 0.00512284 0.76797 4.64556e-05 0.00898102 0.0330097 0.010324 0.0248466 0.0162174 0.028633 0.0960097 0.00861787 
1.2385e-07 0.000616564 0.825076 1.80071e-08 0.0141654 0.00693516 0.00120442 0.000198455 0.00675186 0.0306537 0.114079 0.000319022 
0.00306778 0.020345 0.0247905 4.05262e-05 0.0288644 0.0593432 0.0364547 0.0295642 0.177358 0.009941 0.608973 0.00125691 
0.000271371 0.000991266 0.683622 2.24534e-05 0.0235184 0.00657056 0.0576987 0.124993 0.0010735 0.0469343 0.0532583 0.00104586 
0.0047311 0.00712905 0.0706613 1.14513e-10 0.614314 0.00213137 0.0268528 0.000315408 0.112639 0.00497741 0.155651 0.000596656 
0.000431132 0.00595648 0.165215 1.56792e-08 0.00381156 0.106592 0.0209095 6.44504e-05 0.0108211 0.538612 0.147487 9.98792e-05 
0.0181467 0.00759135 0.1557 3.27442e-06 0.114991 0.0091246 0.0291075 0.000129098 0.177284 0.00782753 0.479962 0.000133005 
2.37767e-05 0.00011094 0.0768863 2.73321e-07 0.573025 0.161027 0.00557859 0.000505065 0.0368433 0.0174906 0.127005 0.0015047 
0.0017505 0.239621 0.0078467 8.80051e-07 0.000799213 0.00144282 0.00822442 6.52838e-05 0.70128 0.000399749 0.0385031 6.64931e-05 
0.00459836 0.00181098 0.0603859 4.91862e-06 0.635185 0.000627147 0.00384309 0.000275682 0.0631018 0.215254 0.0111488 0.00376468 
0.000660003 0.0449439 0.546889 6.83347e-06 0.00380467 0.0195574 0.125853 0.14809 0.0147437 0.0107969 0.0681314 0.016522 
0.000291806 0.0191887 0.233612 4.04128e-05 0.197551 0.0499265 0.13611 0.244805 0.0327474 0.0114668 0.0740306 0.000229925 
3.42313e-11 3.60166e-07 0.0102045 3.25803e-11 0.00097667 0.0074633 4.26176e-06 6.69053e-07 0.626202 0.310772 0.0443752 8.56111e-07 
1.83988e-05 0.0176883 0.0227123 1.56927e-07 0.00569898 0.0111247 0.000594722 7.3676e-06 0.0980491 0.461186 0.382635 0.000285307 
9.56905e-06 0.127346 0.0407596 9.44669e-06 0.0413966 0.122961 0.0165504 0.00088806 0.475926 0.0386393 0.130781 0.00473267 
0.00248672 0.00401272 0.30145 7.09366e-05 0.0100065 0.0489576 0.412389 0.0110477 0.00397364 0.012113 0.192539 0.000952464 
0.0049875 0.00979075 0.159738 0.001568 0.0532195 0.0614647 0.0233354 0.0366447 0.119143 0.194183 0.330569 0.00535728 
2.52074e-05 0.0229357 0.0212057 2.06717e-07 0.522821 0.00933019 0.00418863 2.2182e-05 0.312117 0.00728508 0.099933 0.000135867 
0.00260686 0.0467922 0.207396 0.000675168 0.0732682 0.0494694 0.199018 0.0101517 0.114964 0.0543975 0.239633 0.00162841 
4.75197e-08 0.00108748 0.00351042 4.03429e-10 8.32793e-05 0.0254894 0.17442 0.000115211 0.0144635 0.00906648 0.771044 0.000719738 
0.000629809 0.01684 0.197036 0.000164636 0.0766601 0.0543794 0.00712602 0.0218414 0.031052 0.00988286 0.580808 0.00357941 
2.02737e-06 0.129022 0.0136156 1.96512e-06 0.0940926 0.0672709 0.0554045 2.39591e-06 0.368453 0.00952467 0.262567 4.27646e-05 
1.77022e-08 0.173309 0.0637746 6.52773e-10 0.0063077 0.0987961 0.00161779 1.09994e-05 0.0143492 0.00254917 0.639285 5.39509e-08 
5.91804e-07 0.000909467 0.336711 9.13206e-08 0.348824 0.0435168 0.0935908 0.00100299 0.0794093 0.021675 0.0626132 0.0117466 
2.20814e-05 0.00293143 0.00201061 7.27803e-09 0.595482 0.00263311 6.78171e-06 9.09188e-07 0.359206 0.00209759 0.0355826 2.76498e-05 
4.12982e-05 3.33625e-05 0.100177 4.5798e-06 0.515837 0.0250596 0.120258 0.088848 0.0361709 0.0112733 0.102022 0.000275441 
2.83462e-06 0.0128136 0.0195224 7.38203e-07 0.0331299 0.544171 0.00072824 3.54746e-05 0.0642302 0.0196165 0.305548 0.000201224 
0.00807483 0.103516 0.0498322 0.000170624 0.1793 0.006856 0.0023637 0.000346094 0.486799 0.0473441 0.102524 0.0128738 
0.00137156 0.0128995 0.0749056 0.000127926 0.0222 0.175275 0.0434901 0.0152538 0.153492 0.153611 0.344135 0.00323824 
0.00115782 0.0699218 0.0980933 0.00108233 0.0519955 0.239015 0.0528776 0.0247823 0.240711 0.00997259 0.209151 0.00124032 
0.0026549 0.00143839 0.098958 5.45088e-05 0.0170272 0.00276482 0.0429996 0.000133424 0.728657 0.00184221 0.10216 0.00131075 
6.54316e-08 0.000187879 3.95568e-05 6.22757e-08 0.7557 0.00936559 9.82298e-05 7.09852e-05 0.226308 0.00109842 0.00695655 0.000175298 
1.78905e-05 0.0023483 0.0278657 1.03455e-08 0.00635989 0.262207 0.0144833 3.4397e-05 0.00880996 0.00958902 0.666109 0.00217614 
0.000769837 0.00847268 0.0765467 0.000155227 0.0596078 0.153669 0.04602 0.00246811 0.0847532 0.0896233 0.473188 0.00472564 
0.000272081 0.00794254 0.187991 1.18882e-05 0.017511 0.153006 0.00981385 0.00185048 0.0417837 0.270432 0.308553 0.000832865 
0.00435293 0.000186885 0.00563738 1.08288e-05 0.979135 0.000158683 0.000179652 7.44556e-05 0.0038843 0.000543055 0.00519028 0.000646767 
0.000120498 0.0345118 0.0144822 9.66364e-06 0.00447448 0.030428 0.0393597 0.00546032 0.0850728 0.0559306 0.729766 0.000383671 
3.64519e-06 0.00852056 0.00803001 3.33869e-06 0.00138208 0.000710036 0.0051726 0.000328178 0.00589961 0.00215344 0.0154899 0.952307 
0.0607856 0.00105576 0.281183 0.000532552 0.469297 0.0240339 0.0100166 0.000994912 0.00948031 0.0991558 0.0295732 0.0138911 
0.000325896 0.00060661 0.129372 2.76161e-05 0.0321434 0.0536636 0.391587 0.0529065 0.0559363 0.129456 0.152662 0.00131314 
1.13459e-08 0.0253303 0.0122154 8.62952e-09 0.00355389 0.00595503 0.000105007 8.25854e-06 0.121596 0.00842525 0.165533 0.657278 
6.27374e-05 4.2503e-05 0.0317955 1.14915e-06 0.0064786 0.157279 0.000377376 1.63474e-05 0.0420506 0.678944 0.0777973 0.00515523 
7.04621e-05 0.0228606 0.0431625 1.67651e-05 0.0568887 0.0392394 0.00971707 0.0191988 0.035883 0.0515393 0.720699 0.000724592 
7.7916e-05 0.161137 0.0979532 4.59629e-05 0.0923696 0.177251 0.0676184 0.0021278 0.0643877 0.0306653 0.306226 0.000139945 
0.00324764 0.0477816 0.166753 3.32777e-05 0.00221822 0.00727578 0.0046029 0.00431156 0.157538 0.460851 0.145243 0.000143784 
0.0029733 0.00060063 0.123477 2.80013e-05 0.0642452 0.542364 0.0157321 0.00018311 0.0146371 0.0350625 0.200606 9.10272e-05 
0.00179501 0.0127859 0.0593327 1.61309e-05 0.0173022 0.318115 0.148753 0.000322092 0.0707182 0.136772 0.229113 0.0049747 
0.000292777 0.00106033 0.0178527 1.71016e-07 0.501223 0.0101541 0.00293442 0.000549946 0.323345 0.023749 0.0817204 0.0371185 
0.013926 0.00803401 0.137362 3.02483e-06 0.0235371 0.0111151 0.00194902 2.79478e-05 0.0187296 0.122897 0.662264 0.000154652 
0.00215198 0.00796174 0.13196 0.0001304 0.0199757 0.0806227 0.033708 0.0141229 0.0580388 0.14891 0.500843 0.00157517 
0.000602308 0.0326994 0.247506 2.40747e-05 0.0167634 0.124718 0.0479008 0.00158632 0.0525624 0.227307 0.248188 0.000143321 
0.00209815 0.0756506 0.0180061 4.16674e-05 0.00965875 0.0213771 0.0342704 0.00805789 0.745505 0.00451183 0.0802388 0.000583407 
0.00359367 0.00820244 0.112531 3.49395e-06 0.0275237 0.0023411 0.684355 0.091671 0.00559676 0.00327571 0.0542037 0.00670211 
0.00420485 0.00391803 0.0405118 5.48818e-09 0.0244399 0.000543901 0.799583 0.102628 0.00407676 0.00104751 0.0109306 0.00811621 
0.00331448 0.0128765 0.166505 0.000499957 0.0564489 0.148729 0.00474883 0.00179938 0.105786 0.0616203 0.434158 0.0035131 
0.000622499 1.44633e-07 0.019084 2.53929e-08 0.0070737 0.0433568 1.11167e-05 0.00084895 0.0142561 0.865257 0.0489829 0.000506251 
3.05636e-07 0.0611056 0.0341845 1.45201e-09 0.0476616 0.00285516 0.0121164 0.000140557 0.816462 0.000523801 0.0249136 3.61472e-05 
0.00172523 0.019992 0.0818454 0.000186436 0.0279685 0.0131142 0.474905 0.198858 0.046495 0.00516566 0.127919 0.001826 
2.34811e-05 0.00212601 0.152642 1.78201e-06 0.226875 0.264246 0.00171923 3.44394e-05 0.0763159 0.16373 0.111955 0.000330195 
1.69618e-08 5.03528e-05 0.0101545 6.3389e-12 0.00170921 0.0119343 0.0197797 1.75347e-05 0.0186782 0.00668748 0.926512 0.00447714 
0.0101671 0.000506178 0.282476 1.30762e-07 0.0729918 0.0317656 0.0623425 0.0173811 0.0543262 0.384099 0.0838257 0.000118261 
8.35757e-06 0.00509966 0.0105728 1.97483e-06 0.00283653 0.0565417 0.00246174 3.44718e-05 0.0340058 0.0492389 0.838784 0.00041449 
0.000860479 0.0185726 0.109855 0.000397037 0.265862 0.0379596 0.0556081 0.00559474 0.0840503 0.00396445 0.415593 0.00168248 
2.5614e-05 0.000895693 0.0213757 1.65482e-06 0.00241122 0.243154 0.156965 5.79137e-05 0.0285455 0.0248647 0.519305 0.00239816 
1.79908e-07 0.000527326 0.0095128 3.5235e-09 0.473726 0.10191 3.07691e-06 1.92204e-07 0.121289 0.139962 0.149155 0.00391542 
6.94173e-06 0.000143461 0.0720244 1.67443e-07 0.738996 0.00131773 0.000457674 1.75422e-05 0.0150303 0.0570848 0.11163 0.00329132 
0.000138045 0.186577 0.00450258 4.38676e-07 0.000760332 0.0136705 0.038087 2.64893e-05 0.719026 0.0041361 0.0327088 0.00036692 
3.05111e-05 0.0263982 0.0118905 3.18272e-07 0.666791 0.0291251 0.00941815 0.000160261 0.137639 0.0353054 0.0814306 0.0018104 
1.84959e-05 0.00074642 0.167631 2.26767e-06 0.0836318 0.124457 0.00494695 0.000132251 0.0195364 0.117271 0.472871 0.00875591 
0.000244282 1.84931e-05 0.23512 6.3097e-11 0.0172569 0.01588 0.0217691 2.1688e-08 0.0035841 0.0890206 0.615201 0.00190558 
6.30337e-12 0.00194188 3.84698e-05 5.99934e-12 0.000965739 0.0001855 0.00259944 0.991479 0.00259424 4.41069e-06 0.000191041 5.71708e-09 
0.00278803 0.00898894 0.02484 1.11976e-05 0.00561204 0.254387 0.124957 0.00273667 0.0869466 0.00400102 0.483964 0.000768388 
0.00025143 0.00811844 0.674548 1.94646e-06 0.0050197 0.0609824 0.00295145 2.87435e-05 0.00914367 0.0197873 0.218981 0.000185793 
3.0601e-10 0.0277328 0.0143316 2.9125e-10 0.612976 0.00276136 3.09723e-06 0.000102116 0.296337 0.0118613 0.0336328 0.000262105 
0.00858922 0.277556 0.0871709 3.6114e-06 0.0152062 0.0278618 0.241476 0.000839091 0.0874031 0.00117923 0.242671 0.0100438 
5.92812e-05 0.0235942 0.1486 1.90238e-05 0.0301858 0.328276 0.0262404 0.0586324 0.0161723 0.0436827 0.303983 0.0205546 
1.45509e-06 1.70194e-05 0.134562 3.45309e-07 0.767573 0.000829366 4.32546e-07 3.80493e-07 0.0635501 0.0307621 0.00269798 6.32753e-06 
0.000621927 0.0209239 0.133113 0.000387113 0.0309654 0.243214 0.0201322 0.000755036 0.160106 0.0149337 0.374132 0.000716073 
0.000121471 0.0887751 0.163361 3.21722e-07 0.00610645 0.292221 0.00793788 0.00410691 0.121704 0.062975 0.252635 5.54829e-05 
0.000243487 0.0348621 0.0254206 0.000154874 0.00448875 0.0989504 0.00105021 0.0865535 0.0627144 0.418097 0.266223 0.00124139 
6.50412e-05 0.0102376 0.143074 1.40301e-06 0.414022 0.0319084 0.00435313 1.07862e-05 0.0463622 0.0961205 0.253141 0.000703664 
0.000468353 0.00287209 0.0583912 5.81092e-05 0.0310412 0.234961 0.00902934 0.000532019 0.0996758 0.0586739 0.500498 0.00379891 
0.00687319 0.00368766 0.121452 9.26541e-05 0.0292681 0.236005 0.0150094 0.000125128 0.100012 0.0200689 0.467053 0.000353285 
0.00183957 0.0133899 0.224134 0.000935562 0.0652455 0.0600118 0.00383458 0.00277484 0.0389448 0.213244 0.374587 0.0010588 
0.000102972 0.653444 0.0209797 5.9325e-06 0.0158848 0.00198866 0.0150227 0.00011045 0.23728 0.00322163 0.0509988 0.000960203 
0.000179471 0.0855842 0.15502 0.000132823 0.104407 0.0424512 0.357975 0.023382 0.194435 0.00107021 0.0348313 0.000532411 
0.00470306 0.0151982 0.121677 2.36074e-05 0.0251637 0.0514249 0.0488247 0.0109502 0.0821352 0.175728 0.456629 0.00754221 
9.27608e-06 0.0457788 0.0798285 1.39602e-07 0.032701 0.196476 0.0132022 0.000294863 0.0413356 0.013052 0.573012 0.00430965 
0.000556729 0.00123448 0.612301 1.42537e-05 0.00255851 0.0249725 0.0138856 0.00698409 0.0103724 0.0694557 0.257612 5.34321e-05 
0.000177334 0.0524989 0.0175872 8.35632e-07 0.00954187 0.00713162 0.00108385 2.73075e-05 0.715975 0.0241805 0.171775 2.03881e-05 
0.00311141 0.0204909 0.69353 2.02661e-05 0.0191553 0.0757523 0.00325707 0.000199776 0.00894744 0.120791 0.0546392 0.000105362 
0.00381448 0.000157444 0.0980843 9.54001e-08 0.0393191 0.0631013 0.000155381 0.0133038 0.182427 0.212402 0.352249 0.0349857 
0.000598897 0.0120574 0.0144404 2.00784e-05 0.00137787 0.0408656 0.770048 0.0148781 0.0199375 0.0047632 0.117933 0.00308043 
7.17e-08 0.00497402 0.0300033 2.03454e-08 0.603453 0.0643214 0.154668 0.00185522 0.113078 0.000687664 0.0180927 0.00886648 
4.32094e-05 0.000705883 0.297974 6.54207e-07 0.028199 0.120649 0.000386427 4.00872e-05 0.35184 0.0124864 0.179898 0.00777828 
4.3405e-05 2.66454e-07 0.107668 1.44263e-10 0.0284325 0.0196466 0.00437733 2.39055e-07 0.195974 0.0881522 0.513486 0.0422201 
0.000332062 0.000383541 0.617142 1.56558e-05 0.00192116 0.0219399 0.00172578 0.0295428 0.00423865 0.246401 0.0756969 0.00065987 
1.49806e-06 0.00892588 0.0653741 1.24842e-07 0.00117862 0.0194606 2.3435e-07 6.26273e-06 0.0174633 0.35628 0.531151 0.000158818 
1.61629e-06 0.000357086 0.0533604 7.27308e-07 0.00714153 0.0921794 0.0603797 2.23978e-05 0.121956 0.0850136 0.578887 0.000700681 
9.71709e-05 0.0622183 0.269124 3.50633e-05 0.0220174 0.270058 0.0607891 0.0464001 0.0117004 0.0396357 0.21697 0.000954826 
6.11751e-10 3.15385e-07 0.000217088 5.82244e-10 0.0248306 0.00227868 0.96683 0.00170062 1.37775e-06 0.00163839 0.00250317 1.92957e-07 
3.77141e-05 0.000857173 0.221548 6.9085e-07 0.0139322 0.023683 0.35099 0.0756613 0.0061831 0.0236352 0.282486 0.000986698 
5.50568e-05 0.00310198 0.0700032 7.78259e-08 0.475296 0.00971296 5.97443e-05 3.87229e-05 0.0106217 0.175088 0.254416 0.00160695 
0.015307 0.000470454 0.728355 4.61394e-07 0.0127126 0.0339893 0.00436859 0.00529285 0.112242 0.059654 0.0265347 0.0010736 
1.13459e-08 0.0253303 0.0122154 8.62952e-09 0.00355389 0.00595503 0.000105007 8.25854e-06 0.121596 0.00842525 0.165533 0.657278 
3.84437e-05 1.40349e-05 0.886109 4.57695e-07 0.0525864 0.000848743 5.78614e-06 3.78181e-06 0.0209573 0.0346118 0.00451726 0.000307344 
0.000451739 0.00060955 0.0191132 1.8604e-05 0.00164012 0.0147746 0.874628 0.0124744 0.01059 0.00242292 0.0615847 0.00169227 
2.01289e-05 0.000272905 0.308928 2.30445e-07 0.0677898 0.0254671 0.00452166 6.97527e-06 0.00384659 0.0499295 0.539093 0.000123739 
5.31623e-05 0.0069757 0.0436821 1.70916e-05 0.038311 0.0131325 0.00113309 0.000299365 0.0109716 0.0079043 0.877497 2.28698e-05 
0.000446401 0.00900421 0.0591449 5.82826e-05 0.0333117 0.0119253 0.0125759 7.88723e-05 0.1675 0.020291 0.619434 0.0662296 
0.0195928 0.0112696 0.0521 7.24264e-06 0.0518951 0.0502362 0.0316311 0.000160228 0.0748626 0.0266006 0.681597 4.76906e-05 
0.000266601 8.84095e-05 0.00560233 2.0639e-08 0.254934 0.00661484 0.000920052 1.4026e-05 0.12932 0.00356551 0.594557 0.00411716 
0.00236426 0.27644 0.0274295 0.000288013 0.0334935 0.0300818 0.0144436 0.00106372 0.502518 0.0194436 0.0887106 0.00372329 
0.000639316 0.01539 0.0949976 6.8078e-05 0.020615 0.0707752 0.0216951 0.00180241 0.118941 0.0722122 0.581022 0.0018416 
0.000380207 0.00971868 0.326468 1.65287e-05 0.0455981 0.0597061 0.0334207 0.000241088 0.250167 0.0841456 0.190105 3.21508e-05 
0.0257266 0.385937 0.0288574 1.11767e-06 0.0251511 0.0195547 0.0145135 0.00015942 0.414674 0.00626262 0.0781684 0.000994685 
0.000742322 0.00311123 0.20945 1.87949e-05 0.0468633 0.0102583 0.0305075 0.627749 0.00741413 0.0159604 0.0475698 0.000355178 
4.96035e-05 0.0301297 0.10623 7.49939e-07 0.0466618 0.0634584 0.00217246 0.00027561 0.0581279 0.0125527 0.658829 0.0215117 
0.000855696 0.0764371 0.449052 1.46597e-05 0.00869212 0.0344996 0.00370911 0.00625569 0.0565815 0.0751214 0.287981 0.00079969 
0.00371363 0.00947753 0.54175 1.43653e-05 0.0422171 0.0141721 0.148906 0.0268257 0.0204224 0.1329 0.0592374 0.000363387 
0.0560859 3.34808e-05 0.0627076 3.18519e-05 0.716055 0.00455115 0.0839733 0.00224784 0.0245188 0.00638311 0.0433121 0.000100184 
0.0148353 0.000164398 0.272548 1.48433e-06 0.053784 0.000276316 0.000299549 8.74706e-05 0.213688 0.205829 0.238435 5.17878e-05 
0.000742015 0.0880001 0.0230104 0.000211645 0.0415346 0.00212089 0.0321302 0.58815 0.00328639 0.0342471 0.0117792 0.174787 
2.53906e-08 2.65502e-05 0.814087 3.39601e-12 0.00016892 0.0197942 0.00864677 0.0161998 5.86935e-05 0.00588119 0.135135 1.39735e-06 
0.00016769 0.00985369 0.0454541 1.10868e-06 0.00734621 0.121532 0.0260528 5.353e-05 0.0759199 0.0113314 0.701272 0.00101549 
0.000360489 0.000166173 0.14841 9.33324e-08 0.447909 0.0266779 0.00896263 0.000660631 0.0189614 0.322495 0.0251593 0.000237748 
1.43659e-12 0.00109418 0.0107629 1.3673e-12 0.000863027 0.0237962 0.168464 0.666877 0.000785145 0.0067574 0.120563 3.77391e-05 
0.00619142 0.0137964 0.0211757 8.46677e-05 0.30652 0.0332972 0.00346041 0.000205959 0.174657 0.0792602 0.360334 0.00101731 
0.000524017 0.000265067 0.100645 0.000158033 0.00796512 0.00960013 0.816165 0.0263121 0.00729058 0.00160962 0.0283572 0.00110766 
0.000610714 0.0055306 0.0890748 3.58192e-05 0.0183039 0.300059 0.332519 0.00976293 0.017253 0.0505578 0.175458 0.000835475 
0.000215522 0.000500902 0.709213 9.90966e-05 0.058371 0.0259847 0.00649496 0.00109357 0.0369106 0.0231398 0.137411 0.000566076 
0.0243402 0.0329788 0.0356515 1.89771e-05 0.0442605 0.0847228 0.0132641 0.0299937 0.143668 0.0512343 0.538438 0.00142872 
2.53906e-08 2.65502e-05 0.814087 3.39601e-12 0.00016892 0.0197942 0.00864677 0.0161998 5.86935e-05 0.00588119 0.135135 1.39735e-06 
9.49282e-07 0.152149 0.019755 6.91592e-07 0.601944 0.0180285 0.000199209 0.000828986 0.115157 0.0192272 0.0716045 0.00110529 
0.000996024 1.33121e-05 0.0649445 5.92561e-06 0.0264152 0.0879292 0.00351614 8.26535e-06 0.020458 0.734334 0.0483303 0.0130495 
1.029e-05 8.3977e-05 0.116859 4.89202e-06 0.640594 0.00817804 0.0165387 9.49296e-05 0.0788452 0.0137913 0.124639 0.000360133 
1.77157e-06 0.000930813 0.0954178 9.54662e-08 0.0028266 0.0065202 0.0335036 8.91972e-05 0.0109796 0.0928835 0.749606 0.00724095 
0.00028463 0.000838428 0.0792947 2.11442e-05 0.572513 0.0130527 0.0345383 0.206135 0.0629039 0.00411807 0.0220392 0.00426123 
2.76632e-06 0.765718 0.0170255 1.2026e-06 0.0302265 0.00357887 0.00276845 2.49518e-05 0.151282 0.00150187 0.0276915 0.00017815 
0.000203302 0.00835906 0.0325736 6.82295e-05 0.792136 0.000581558 0.000421134 0.00037221 0.0686387 0.00016289 0.096386 9.75911e-05 
0.000241868 0.00266719 0.0265716 4.74575e-06 0.0150773 0.0424906 0.0127235 3.77755e-05 0.0343852 0.461855 0.40264 0.00130448 
0.364552 0.0186971 0.0278372 6.23201e-05 0.012622 0.000484229 0.225733 0.0001715 0.124966 0.0153947 0.194897 0.0145824 
0.00142572 0.0183777 0.0913999 0.000475016 0.0437086 0.167105 0.0176942 0.00273783 0.0704034 0.0851732 0.498951 0.002549 
0.000192124 0.490983 0.00307527 5.88143e-07 0.000869929 0.000551078 0.00416533 0.000128418 0.467073 4.53681e-05 0.0328319 8.42547e-05 
4.84987e-08 3.459e-05 0.0145547 4.71701e-09 0.327807 0.226761 0.00214271 0.000193039 0.0228918 0.00539535 0.0319546 0.368266 
0.000241702 6.96642e-05 0.0546326 1.33438e-05 0.000992821 0.0678089 0.00494783 0.000207784 0.000487312 0.854605 0.0127248 0.00326811 
0.0396115 0.028416 0.0406406 3.08548e-05 0.141059 0.00717761 0.0462243 0.000236191 0.0716891 0.042638 0.104157 0.47812 
0.0006772 0.36704 0.111815 4.43786e-06 0.0124512 0.0790372 0.018608 4.05859e-05 0.0710804 0.0174798 0.321383 0.00038266 
0.000324563 0.0323677 0.261241 4.17786e-06 0.378506 0.0769819 0.103807 0.00361763 0.0410401 0.0263289 0.0570037 0.0187778 
6.48775e-06 0.000672176 0.102375 2.67179e-06 0.0506276 0.0887497 0.0114477 1.67634e-05 0.0539861 0.04774 0.644305 7.05363e-05 
