6.15439e-05 0.000982177 0.152173 8.94125e-06 0.0011182 0.0716674 0.0650902 0.0065075 0.0526726 0.127072 0.522479 0.000167431 
0.000124343 0.0063535 0.0114216 3.20122e-05 0.00138375 0.0181165 0.901012 0.00875375 0.0118054 0.00468899 0.0356283 0.000679922 
3.77882e-05 0.0137793 0.210576 1.2215e-06 0.0132475 0.10141 0.053646 0.000119108 0.00869074 0.462981 0.135389 0.000122269 
0.000238023 0.0865218 0.532775 2.94567e-05 0.0221044 0.0125614 0.000113728 0.0324237 0.0517412 0.0541098 0.203555 0.00382723 
8.18172e-05 0.00395869 0.0765235 4.67537e-05 0.0339315 0.0854295 0.00259751 6.01847e-05 0.131765 0.0346301 0.629002 0.00197397 
2.87737e-05 0.00965447 0.545352 3.60111e-06 0.00533155 0.0448556 0.0125143 0.000676598 0.0165893 0.0568995 0.304569 0.0035251 
2.2319e-08 7.97445e-06 0.933008 1.25425e-11 0.000158116 0.00983072 0.00857861 0.0048615 1.7619e-05 0.0029958 0.040541 4.26633e-07 
2.76107e-05 9.90423e-05 0.842131 1.3851e-06 0.00260496 0.074964 0.00012618 3.47076e-05 0.000880677 0.0356478 0.0434658 1.69737e-05 
2.28592e-05 0.138611 0.0111117 5.12348e-06 0.0494615 0.0135511 0.0165958 1.27124e-05 0.599989 0.00102878 0.169382 0.000229222 
3.32251e-05 0.000259048 0.129676 2.14475e-06 0.00280523 0.00750952 0.000171631 2.77794e-05 0.107551 0.00786798 0.744092 4.57014e-06 
0.0131127 0.00896088 0.0504853 0.000110473 0.0776886 0.304575 0.00845895 0.00119983 0.169555 0.0253293 0.340307 0.000217265 
0.000296158 0.00489998 0.119716 4.35267e-06 0.00378033 0.125079 0.119142 0.0266259 0.0273778 0.512274 0.0579821 0.00282208 
1.55778e-06 0.000684428 0.113926 5.24496e-07 0.00346526 0.03293 0.00413503 4.12872e-05 0.182392 0.0236233 0.638736 6.50346e-05 
0.00504755 0.00137649 0.365504 6.67712e-09 0.0425519 0.0171318 0.185706 0.00110926 0.0202384 0.143079 0.214568 0.00368723 
0.00012706 0.00756524 0.0505849 0.000108071 0.0138737 0.394976 0.0745396 0.00561549 0.0120117 0.0148372 0.423818 0.00194365 
8.30182e-06 0.0419547 0.0190787 4.05761e-06 0.0518742 0.0275166 0.165153 1.1291e-05 0.646565 0.00264052 0.0444262 0.000767363 
0.00160623 0.032348 0.0707204 2.18483e-05 0.064606 0.037982 0.0087022 0.0018968 0.423548 0.120872 0.233648 0.00404825 
9.90226e-06 0.0186092 0.811743 5.52211e-06 0.0827704 0.0369276 0.00140656 3.92682e-05 0.00795442 0.00526423 0.0351242 0.000145665 
1.88987e-06 3.44243e-06 0.00121946 5.36385e-08 0.421125 0.000805976 0.503519 0.00712103 0.064324 0.000782206 0.00109504 2.74771e-06 
0.00136965 0.00751194 0.018519 6.00386e-05 0.0196749 0.00835095 0.0265851 0.000230487 0.818347 0.00323789 0.0937981 0.00231528 
0.000159172 0.0473092 0.0826556 9.69589e-05 0.0385571 0.0506134 0.00940779 0.0109891 0.0766336 0.0480951 0.632204 0.00327951 
0.000539578 0.153922 0.210847 4.59278e-05 0.367396 0.00735125 0.00211755 0.000158484 0.170763 0.01013 0.061424 0.0153045 
7.54533e-06 0.050988 0.0478754 7.77086e-07 0.338835 0.014735 0.0133775 3.66824e-05 0.109542 0.0175751 0.406191 0.000835756 
1.40858e-05 0.000307421 0.000801094 1.34064e-05 0.000382166 0.888498 0.000409627 1.4287e-05 0.0326219 0.0550294 0.0214115 0.000497135 
2.51139e-05 0.0156526 0.196494 1.05352e-09 0.00426481 0.00748513 0.000186069 3.06509e-06 0.0476648 0.00369009 0.724534 1.85201e-09 
0.00104205 9.68504e-05 0.0361529 4.14046e-06 0.464371 0.00365394 0.000674842 0.000198151 0.129398 0.00451985 0.359604 0.000284427 
0.000434258 0.0204104 0.530459 0.000258449 0.0258661 0.0594322 0.0266042 0.00294335 0.0408454 0.0325347 0.25966 0.000552322 
0.000108097 0.000159208 0.0243121 6.44021e-11 0.167822 0.00486056 0.258399 0.215904 0.248158 0.0238527 0.0561921 0.000232481 
0.000399501 0.0116839 0.534096 5.37953e-06 0.0466155 0.0417479 0.0855873 0.000200612 0.0279274 0.0883893 0.157415 0.00593195 
0.000289304 3.67079e-05 1.61145e-06 1.2394e-09 5.79892e-07 0.0528654 3.06288e-06 1.99459e-07 0.00988977 0.00320181 7.46133e-07 0.933711 
0.000202828 0.00058141 0.0180465 1.53456e-05 0.000458078 0.0140238 0.884836 0.013244 0.00359603 0.00253423 0.0615599 0.000901548 
0.00415671 0.0206089 0.125239 0.000379103 0.0177576 0.186871 0.0853732 0.000670595 0.0886695 0.0268822 0.439698 0.00369432 
2.50198e-05 0.0179473 0.0499528 2.19288e-05 0.0148897 0.131315 0.0401537 0.0013106 0.0356456 0.0207082 0.681242 0.00678871 
2.02262e-05 0.0119279 0.0472728 3.50289e-07 0.00234325 0.0307664 0.00877168 3.42357e-06 0.0584766 0.0418063 0.798187 0.000424356 
0.00044481 0.000691376 0.0838635 9.72289e-09 0.0485421 0.0941334 0.390958 0.00106044 0.188771 0.0364866 0.154667 0.000382122 
8.90526e-05 0.162895 0.0427198 1.19948e-05 0.000861116 0.388428 0.0610371 0.0042915 0.0427854 0.00173351 0.294661 0.00048727 
0.00280599 0.000224317 0.0359682 7.73412e-06 0.0066613 0.0268472 0.00334707 0.00181824 0.174033 0.198791 0.549453 4.31317e-05 
1.04802e-06 0.00517194 0.149171 8.84267e-09 0.0092539 0.0607018 0.00709429 1.5938e-05 0.0495036 0.103811 0.610248 0.00502818 
0.000233498 0.0156034 0.062939 1.17553e-05 0.0391373 0.106433 0.0110766 4.66568e-05 0.168489 0.0259493 0.569781 0.000300321 
0.000123294 0.000225331 0.564255 1.72813e-09 0.017823 0.023646 0.110509 0.0349711 0.00129882 0.10364 0.143508 6.81319e-09 
0.00369624 0.000210291 0.0774687 1.66286e-06 0.219885 0.00515847 0.140324 0.000279638 0.184758 0.181637 0.184152 0.00242885 
0.000313259 7.55452e-05 0.481018 1.92305e-05 0.307754 0.00986578 0.0360661 0.0539148 0.00221243 0.0217471 0.0868823 0.000132021 
0.00244537 0.369127 0.0254835 2.84643e-06 0.132519 0.00986804 0.00598263 1.26716e-05 0.370239 0.0175737 0.0658903 0.000856253 
0.000465606 0.0238042 0.0256637 7.93644e-05 0.105083 0.0594398 0.0338286 0.00015258 0.107379 0.00592454 0.630292 0.00788745 
0.000737549 0.038967 0.0877721 0.000265691 0.0618081 0.0749657 0.00116714 0.0444829 0.0922035 0.058491 0.538231 0.000908555 
0.00409759 0.0129801 0.0409054 1.87838e-06 0.0373896 0.0679511 0.0174073 0.00113389 0.18823 0.0083753 0.617693 0.00383511 
0.0341078 8.38574e-06 0.0607401 1.31718e-10 0.00278891 0.00497277 0.00345542 0.863417 4.11218e-05 0.00952021 0.0209484 2.94181e-07 
0.00387097 0.00533841 0.631309 0.000153674 0.0121186 0.0547253 0.0166263 0.00312496 0.0184335 0.0413334 0.20959 0.00337611 
4.07884e-07 1.05473e-05 0.0292246 8.05477e-08 0.000858584 0.0102369 0.0338869 3.02999e-06 0.0093616 0.481452 0.433237 0.00172824 
0.00020075 0.00648636 0.0679666 2.98627e-05 0.174593 0.0249633 0.00147423 0.00377305 0.042482 0.0958779 0.581126 0.0010271 
1.94375e-05 0.00627145 0.33027 6.83039e-09 0.001157 0.385226 0.000259709 2.12464e-05 0.0133061 0.00456383 0.258689 0.000216464 
0.91248 4.06447e-05 0.0243386 3.16756e-06 0.00419947 0.000130734 0.000101444 5.26749e-06 0.0133409 0.000415113 0.044774 0.000170552 
2.33515e-06 0.00210659 0.00715654 3.13944e-07 0.0117194 0.0113423 0.0265028 7.93995e-05 0.0224631 0.00357427 0.914355 0.000697909 
0.000156037 0.0109261 0.290837 2.52319e-05 0.00457987 0.0671278 0.00774369 0.00385885 0.0559541 0.0123081 0.546347 0.000135583 
0.000464045 4.82804e-05 0.00285742 6.43017e-08 0.00130767 0.0296346 0.0392824 0.0855591 0.05205 0.00841755 0.780232 0.000147164 
0.00420485 0.00391803 0.0405118 5.48818e-09 0.0244399 0.000543901 0.799583 0.102628 0.00407676 0.00104751 0.0109306 0.00811621 
0.000300592 0.553527 0.0224061 2.83336e-06 0.00211232 0.0167129 0.00683126 2.97607e-05 0.288738 0.000461641 0.108395 0.000482404 
0.108691 0.000689777 0.0901713 1.57172e-05 0.144186 0.0837561 0.00306093 0.000531695 0.197445 0.0878844 0.267555 0.0160137 
3.30315e-05 0.0030604 0.0202418 1.53574e-05 0.000736639 0.0185365 0.207734 0.644283 0.0101329 0.0111612 0.0832891 0.000776219 
5.62205e-07 0.0201964 0.0102978 8.05417e-08 0.0465614 3.07369e-07 0.815328 0.0434823 0.0612076 0.00126218 0.00103778 0.000625967 
2.20226e-07 0.0377253 0.01619 4.82508e-08 0.10259 0.0156524 0.00575076 0.000135206 0.561742 0.179359 0.0787574 0.00209788 
0.000250151 0.0656565 0.238646 5.92591e-05 0.0175798 0.148829 0.0849634 0.00355064 0.0251611 0.00192803 0.411491 0.00188484 
0.130947 0.0217187 0.0739907 4.09566e-06 0.0230924 0.402617 0.00433728 6.02821e-05 0.0851884 0.0271399 0.230038 0.00086605 
0.00050634 0.00639964 0.0452265 1.94159e-06 0.128887 0.0673969 0.154541 0.000443644 0.20203 0.139117 0.247934 0.00751724 
1.35497e-06 0.00181479 0.0330996 1.33343e-06 0.000889838 0.00434117 0.000186457 2.79081e-06 0.0119461 0.0138592 0.933412 0.000445537 
0.000645448 0.0165065 0.0364361 0.000378898 0.0442114 0.439407 0.0439674 0.00502774 0.0395199 0.0222739 0.350673 0.000952534 
0.000489351 0.0223289 0.108333 6.87316e-05 0.583259 0.0715593 0.0234027 0.000270876 0.0818067 0.0282864 0.0800872 0.000107951 
3.62626e-06 0.00177997 0.016058 2.22776e-06 0.551702 0.000139911 2.67233e-05 0.000272993 0.00514826 0.120095 0.304738 3.3264e-05 
0.000123154 0.00179645 0.18256 3.04231e-06 0.12825 0.0672381 0.00839334 0.00066783 0.227024 0.0948546 0.289062 2.72772e-05 
0.00403166 5.13412e-05 0.110976 1.42032e-05 0.171007 4.68649e-05 0.00449 0.561529 0.116816 0.00474993 0.0214315 0.004856 
5.14435e-05 0.010101 0.0170763 5.07169e-10 0.115664 7.22866e-07 0.500631 6.05653e-06 0.0582863 0.0442537 0.253614 0.000315165 
0.00108983 0.00399023 0.000645389 9.63709e-06 0.026018 0.0321531 2.8652e-05 0.011035 0.879857 0.0193915 0.0253789 0.000402184 
0.00536132 0.0246316 0.228285 0.000135589 0.0251406 0.0971996 0.0139828 0.00320117 0.0443161 0.115167 0.441211 0.00136875 
0.00684127 0.0018777 0.202049 4.97309e-06 0.019709 0.040435 0.0569836 0.000189015 0.100214 0.190414 0.380468 0.000813669 
5.70443e-08 0.00957769 0.00516836 1.54778e-08 0.00226844 0.00251599 0.227481 9.34236e-08 0.741643 1.80527e-07 0.00709419 0.00425089 
0.0022462 0.00697476 0.0699306 2.24252e-06 0.00989939 0.122947 0.126392 0.0105808 0.0190124 0.260488 0.361465 0.0100626 
2.26772e-09 4.62088e-07 0.0429613 2.15834e-09 0.0811737 0.0321911 4.13968e-07 3.00372e-05 0.0690128 0.662385 0.108329 0.00391541 
8.35661e-09 0.00013235 0.00817875 3.087e-09 0.000136582 0.261227 0.1042 6.50304e-05 0.0025115 0.00439921 0.617101 0.00204889 
0.000374709 0.0227668 0.051702 5.7081e-06 0.0327311 0.0194964 0.0303817 0.0114281 0.606773 0.0356375 0.184443 0.00425993 
0.00137531 0.0207337 0.0382948 0.000362361 0.141514 0.038036 0.0300638 0.00088086 0.507769 0.0459391 0.173232 0.00179958 
0.00889175 0.0144079 0.0835484 2.85988e-05 0.0313428 0.0943798 0.410094 0.00122145 0.149353 0.075451 0.12917 0.00211174 
0.000677192 0.000144653 0.25085 7.23393e-07 0.000473019 0.13939 9.73557e-05 2.81108e-06 0.0159534 0.0154236 0.560797 0.0161899 
0.000716399 0.00049443 0.0150594 2.67939e-05 0.0107723 0.00469389 0.932353 0.00400886 0.00627598 0.00687967 0.0186192 9.9893e-05 
0.00279752 0.0185374 0.0692062 3.57655e-06 0.00709949 0.00804856 0.808149 0.0134137 0.0466027 0.00389382 0.0221861 6.21113e-05 
0.0010743 0.496994 0.0188168 3.39869e-06 0.00116238 0.276698 0.0505865 0.00347411 0.0125509 0.0045798 0.134016 4.42149e-05 
0.000490614 0.00026746 0.0385389 0.000125673 0.00970616 0.110555 0.0670276 0.520093 0.00726184 0.00859814 0.236662 0.000674343 
0.000107971 0.0429885 0.254489 3.45322e-05 0.00722472 0.158553 0.0138437 0.000367686 0.0264401 0.0218058 0.473595 0.000550652 
7.80192e-08 0.0739326 0.116588 1.7876e-08 0.0741972 0.0868112 0.0521851 0.000733867 0.210843 0.0529946 0.329402 0.00231271 
0.00324626 0.00369887 0.488808 4.41653e-05 0.0169305 0.0384308 0.13651 0.0126581 0.0153552 0.129883 0.152873 0.00156219 
0.00279752 0.0185374 0.0692062 3.57655e-06 0.00709949 0.00804856 0.808149 0.0134137 0.0466027 0.00389382 0.0221861 6.21113e-05 
7.92791e-05 4.00712e-05 0.815335 2.03387e-05 0.00523821 0.0260906 0.000490938 5.53058e-05 0.0769302 0.0733535 0.000984733 0.00138145 
0.00023557 0.00280255 0.128159 3.88371e-06 0.152441 0.116636 0.00351395 0.0103671 0.145614 0.127952 0.310176 0.00209925 
0.00033139 0.0227899 0.0674322 0.000112065 0.0110453 0.0998792 0.0673815 0.000159283 0.04988 0.0908462 0.587447 0.00269566 
0.00312074 0.0142306 0.143927 0.000745682 0.253861 0.121591 0.00640694 0.00106293 0.146639 0.00892151 0.296627 0.00286467 
3.59258e-06 0.0162415 0.272071 8.8516e-07 0.249562 0.0251841 0.0788044 0.082855 0.146847 0.0185993 0.104485 0.00534616 
2.77383e-06 0.0234069 0.191159 1.42015e-06 0.0103375 0.0398111 0.00827207 0.00677244 0.0248565 0.0755491 0.619225 0.000605886 
0.0198097 0.00786582 0.543371 4.18752e-05 0.0586677 0.0609869 0.0405041 0.000313179 0.0171803 0.136489 0.114464 0.000307371 
0.000175465 0.00609851 0.0664451 2.67128e-05 0.0518601 0.435148 0.0278529 0.00153357 0.0655528 0.161908 0.182785 0.000614289 
0.00482119 0.880156 0.0110024 1.43894e-06 0.00202577 0.00158354 0.00391671 6.64176e-05 0.0773486 0.000357602 0.0182889 0.000431626 
0.00413668 0.0035141 0.431787 4.68651e-06 0.00161297 0.130679 0.0457247 0.0419876 0.0188964 0.0801653 0.241473 1.88308e-05 
0.00044481 0.000691376 0.0838635 9.72289e-09 0.0485421 0.0941334 0.390958 0.00106044 0.188771 0.0364866 0.154667 0.000382122 
8.9215e-06 0.0489377 0.0180874 3.7246e-06 0.0235945 0.0239973 0.00695393 0.000138315 0.816989 0.00364364 0.05168 0.0059659 
0.299841 4.59232e-05 0.368249 5.85755e-07 0.00185781 0.0272791 0.00126704 2.83625e-05 0.00628211 0.270228 0.0241981 0.000722612 
0.00503305 0.0190359 0.137657 0.000152794 0.0284278 0.25271 0.00763055 0.000651074 0.0522008 0.0239854 0.47045 0.00206547 
1.19757e-06 0.566201 0.00102668 5.3743e-09 0.0100825 0.00263014 0.000788969 1.23943e-06 0.385183 0.00436329 0.0295892 0.000133417 
0.00250963 0.00627767 0.491267 0.000347706 0.0160587 0.0893925 0.101069 0.0341918 0.0141129 0.0274073 0.216827 0.000538706 
0.00349281 0.00443974 0.237217 1.85185e-08 0.000244105 0.174749 0.0123204 7.40418e-05 0.0117631 0.0313431 0.0231539 0.501203 
0.0375761 0.00195463 0.0792991 3.13163e-05 0.064735 0.172324 0.0169125 5.76727e-05 0.0708006 0.383186 0.171363 0.00175969 
0.845139 0.00243841 0.00453521 3.85983e-11 0.0265816 0.00561878 4.76825e-05 6.73778e-06 0.0692323 0.00010459 0.0461791 0.000116167 
0.00106082 0.00164476 0.247428 2.13138e-05 0.0246904 0.0674526 0.500843 0.00628059 0.00273777 0.0486575 0.0897061 0.00947688 
0.00377673 0.036809 0.0581882 0.000285732 0.0443862 0.148929 0.0800621 0.0064023 0.0670539 0.0226409 0.530992 0.000474032 
7.53917e-06 0.000103831 0.0894576 4.60404e-08 0.0112459 0.397495 0.000106745 0.000122488 0.00531279 0.0380935 0.458053 1.51589e-06 
1.13459e-08 0.0253303 0.0122154 8.62952e-09 0.00355389 0.00595503 0.000105007 8.25854e-06 0.121596 0.00842525 0.165533 0.657278 
7.88085e-05 0.00352195 0.0206741 4.77886e-05 0.731319 0.00921983 0.00124604 0.000148993 0.0641339 0.00446253 0.165011 0.000136068 
2.55274e-05 0.0167377 0.00716453 3.79248e-06 0.00284068 0.028621 0.0235312 0.00048474 0.0159582 0.00278979 0.899968 0.00187466 
6.24117e-07 0.0020615 0.0340529 2.01241e-07 0.000776203 0.0608307 0.0191247 8.04734e-05 0.814073 0.0387898 0.0301864 2.35757e-05 
9.01374e-08 0.122603 0.0124739 4.5208e-08 0.43088 0.00755806 0.00482061 0.000107278 0.227193 0.13477 0.0533956 0.00619872 
0.0281966 9.53903e-05 0.808896 1.07084e-08 0.0279146 0.0111253 0.0420044 0.0119719 0.000253312 0.0436163 0.0258805 4.58701e-05 
0.000245478 0.150226 0.0309295 0.000210874 0.0497467 0.0317515 0.01472 0.000467813 0.576645 0.0205558 0.119147 0.00535408 
6.11751e-10 3.15385e-07 0.000217088 5.82244e-10 0.0248306 0.00227868 0.96683 0.00170062 1.37775e-06 0.00163839 0.00250317 1.92957e-07 
0.00255524 0.0260229 0.014944 2.34408e-06 0.312756 0.0334157 0.0061293 9.4878e-05 0.177379 0.0129335 0.412057 0.00171023 
0.0341078 8.38574e-06 0.0607401 1.31718e-10 0.00278891 0.00497277 0.00345542 0.863417 4.11218e-05 0.00952021 0.0209484 2.94181e-07 
0.000813073 0.00215766 0.395676 5.12379e-07 0.00140318 0.0254842 0.0516368 6.67673e-06 0.0167288 0.183694 0.316452 0.00594686 
0.000159955 0.0608273 0.292511 7.30337e-06 0.0114026 0.0218964 0.00825406 0.000413834 0.0660701 0.218222 0.319768 0.000467242 
0.000765261 0.0184687 0.189731 0.000144861 0.0203919 0.186831 0.112286 0.00426916 0.0400013 0.0817601 0.338433 0.00691782 
0.0283819 0.0267116 0.308907 4.36968e-05 0.0633001 0.0577366 0.0598628 0.00232441 0.105734 0.048791 0.265916 0.0322915 
2.90028e-07 0.000152109 0.923106 2.08993e-07 0.0444986 0.00231871 3.32711e-05 2.78752e-05 0.0166695 0.00143518 0.0108002 0.00095842 
3.73311e-05 0.000571769 0.255855 5.74819e-08 0.163288 0.00453802 1.95339e-06 0.0394089 0.0145127 0.449217 0.0725218 4.75373e-05 
0.000490559 0.0151272 0.469793 0.00025368 0.0240492 0.106627 0.00999825 0.00533092 0.0347 0.0269851 0.306044 0.000601273 
1.27125e-07 0.00174096 0.256121 3.07339e-08 0.461053 0.0123436 0.00123407 0.000626062 0.0221168 0.0954806 0.114934 0.0343488 
0.00149996 0.0189191 0.708623 9.6955e-06 0.00872133 0.0348809 0.00948764 0.0338357 0.0369558 0.0300499 0.116709 0.000307639 
0.000760733 0.000510368 0.0896993 6.25496e-05 0.0885042 0.564992 0.0413189 0.000128037 0.0141407 0.0213179 0.178252 0.000313714 
0.0103883 0.00236932 0.555176 0.000772364 0.0895722 0.056501 0.0659113 0.112338 0.0196976 0.00530217 0.0804665 0.00150521 
0.000177674 0.032626 0.0198001 2.94225e-08 0.028102 0.010065 0.00985143 2.84172e-05 0.852104 0.00149157 0.0405628 0.0051915 
6.00829e-05 0.000434296 0.176543 3.58123e-06 0.143061 0.0160271 0.0046954 0.00184481 0.0331866 0.244486 0.0192339 0.360425 
2.51862e-05 0.0790055 0.177412 4.76757e-06 0.166058 0.0229803 0.0356672 0.000306533 0.117567 0.148941 0.0818249 0.170208 
0.00224378 0.0141156 0.35674 0.000199946 0.00961052 0.15454 0.0334762 0.0335949 0.00487526 0.0104613 0.37993 0.000212187 
0.000471417 0.0273692 0.166541 6.78073e-08 0.0831273 0.0686564 0.000956908 0.000520329 0.287541 0.0756215 0.289194 1.43929e-07 
5.00548e-09 0.00021937 0.272327 1.14386e-09 2.93314e-08 0.0941238 0.00107835 7.02302e-09 0.00104084 0.0435057 0.587701 3.82611e-06 
0.00133523 0.0449055 0.286321 4.21067e-06 0.179477 0.00891574 0.00267824 0.000266502 0.174485 0.0578876 0.238278 0.00544602 
0.00329945 0.000800747 0.0651045 4.88025e-10 0.584672 0.204801 0.000236525 8.98021e-06 0.0275161 0.0251915 0.0457467 0.0426229 
0.000918547 0.0118747 0.214937 0.000526761 0.010114 0.235751 0.117686 0.00924858 0.0246684 0.0777876 0.295159 0.001327 
6.27613e-05 2.73751e-05 0.0389314 1.04411e-06 0.00529243 0.0288016 0.00559398 1.64083e-06 0.0114443 0.00511209 0.904581 0.000150001 
0.000826837 0.0600857 0.0523568 0.000603775 0.05319 0.0342594 0.0107036 0.000950893 0.648508 0.0329911 0.0927117 0.0128118 
2.79677e-06 0.000307276 0.0353617 4.63785e-11 0.0169647 0.0184049 0.0508457 0.000538805 0.0864121 0.0850756 0.705715 0.000371782 
2.66137e-06 0.00281417 0.625034 6.82122e-09 0.0092239 0.0245182 0.1192 0.00365307 0.0174454 0.022778 0.175286 4.42961e-05 
0.000299039 0.00730843 0.336964 8.87264e-05 0.0199092 0.0297196 0.0559293 0.0112306 0.0443727 0.0213626 0.47252 0.000295678 
1.02768e-06 0.00144491 0.0140082 4.87029e-07 0.00222127 0.00284317 0.00012794 0.00010037 0.0101253 0.876798 0.0923234 6.1979e-06 
1.16438e-06 0.003063 0.127963 7.96949e-07 0.040335 0.00636432 3.81317e-05 1.18525e-05 0.00915601 0.0493302 0.76373 6.11798e-06 
1.47886e-05 0.0239395 0.0189748 4.42562e-06 0.00264805 0.00123614 0.00689564 0.000272377 0.0147337 0.000115678 0.011985 0.91918 
0.00037574 0.0678411 0.458673 1.35475e-05 0.018261 0.0143326 0.102464 0.0909708 0.104751 0.0224612 0.119345 0.000510583 
7.25798e-05 0.000178564 0.00528553 4.40732e-07 0.207117 0.0133897 0.000304931 9.60138e-06 0.637534 0.0117701 0.12425 8.69397e-05 
0.00183945 0.0218989 0.0577367 4.0768e-06 0.0207725 0.0536595 0.0374065 0.000274676 0.0977197 0.0910156 0.616228 0.00144433 
0.000364982 0.0106899 0.0181456 3.27443e-05 0.850848 0.0214373 0.0003543 0.0161556 0.0380077 0.000865112 0.0427103 0.00038855 
0.000158232 0.00289629 0.246789 1.00278e-07 0.278863 0.00283859 0.417771 1.41789e-05 6.06194e-05 0.00183402 0.0180522 0.0307229 
0.000387385 0.000966856 0.044027 1.10505e-06 0.166254 0.0364936 0.0841216 0.000206391 0.254383 0.0149408 0.398169 4.88477e-05 
3.45926e-05 0.0698681 0.00314703 1.62913e-07 0.00356222 0.042246 0.0315289 2.37247e-05 0.0189119 0.00135792 0.829071 0.000248154 
1.33463e-05 0.000360333 0.516934 3.14472e-08 0.00109605 0.0252316 5.88335e-05 5.60472e-06 0.00947742 0.0642883 0.382525 9.48277e-06 
0.000370008 0.0054951 0.694141 1.33302e-05 0.00667772 0.0391598 0.00571396 0.000976408 0.0117398 0.0583519 0.177004 0.000356672 
7.78599e-05 0.00692224 0.042186 6.81121e-06 0.00516489 0.0179286 0.029523 2.12492e-05 0.2034 0.23363 0.460994 0.000145101 
0.000162441 0.00897922 0.0959906 2.80101e-05 0.061619 0.204762 0.00315685 4.16291e-05 0.0722905 0.156811 0.395131 0.00102768 
5.39193e-06 0.0231693 0.0659195 2.03359e-08 0.00800423 0.0372345 0.0157193 0.00011699 0.0198925 0.0682627 0.759466 0.00220959 
0.0309904 0.000712639 0.186442 6.82068e-06 0.237328 0.025627 0.0506216 0.000150291 0.286041 0.0953956 0.0863079 0.000377575 
2.47494e-06 0.871411 0.00717287 3.76746e-07 0.00198452 0.00266405 0.00702332 0.000101502 0.0779205 0.00170738 0.0289719 0.00104021 
1.0214e-05 0.00933437 0.0989803 4.17797e-06 0.00951803 0.0290306 0.00157802 2.88995e-05 0.0476912 0.00239072 0.80009 0.00134322 
1.20509e-06 9.67063e-05 0.0434469 1.36446e-09 0.0120404 0.0191626 0.000856574 1.91316e-07 0.0247231 0.147919 0.751753 1.06637e-07 
0.000361386 0.0211304 0.26329 5.02784e-07 0.0078033 0.016114 0.00183455 4.28741e-05 0.0573629 0.0470077 0.584598 0.000454308 
0.00841609 0.00738477 0.33196 3.06543e-05 0.0399925 0.150545 0.00599161 0.000128453 0.0449335 0.359585 0.0289316 0.0221005 
2.56451e-07 0.000131839 0.0244417 2.32464e-09 0.0047606 0.0100494 0.00910268 3.95168e-07 0.129415 0.0882779 0.732445 0.00137459 
0.000585353 0.0127584 0.0952415 2.79109e-05 0.0469423 0.0329277 0.0250447 0.00475754 0.0766648 0.284128 0.419181 0.00174042 
0.000742015 0.0880001 0.0230104 0.000211645 0.0415346 0.00212089 0.0321302 0.58815 0.00328639 0.0342471 0.0117792 0.174787 
3.77141e-05 0.000857173 0.221548 6.9085e-07 0.0139322 0.023683 0.35099 0.0756613 0.0061831 0.0236352 0.282486 0.000986698 
0.0032984 0.000826784 0.6452 7.83286e-05 0.0501404 0.0160227 0.0129787 0.0925455 0.0236214 0.0398035 0.115271 0.000213427 
6.98736e-07 0.005388 0.111531 1.71404e-08 0.0164122 0.0690886 9.91971e-05 9.6263e-06 0.0351998 0.000933357 0.760103 0.00123457 
0.000583034 0.0144446 0.0140184 7.50949e-07 0.000602841 0.0788771 0.0945015 0.00374655 0.0360877 0.0201777 0.736847 0.000112967 
0.00434631 0.0174089 0.000579929 1.55383e-05 0.0818673 0.00395273 0.000934898 9.56595e-05 0.863857 0.00784816 0.0183362 0.000757132 
0.000260099 0.000219841 0.0929096 1.3869e-05 0.00317472 0.202274 0.0041223 4.39551e-05 0.0343548 0.303486 0.0300575 0.329083 
7.7972e-05 0.0174223 0.122705 1.69071e-07 0.0256847 0.00800512 0.0329486 0.000313307 0.137378 0.00661741 0.648448 0.000399262 
0.0013766 0.0120887 0.0769968 2.62834e-06 0.0226155 0.040444 0.0362265 0.00232115 0.0122702 0.386627 0.408987 4.34964e-05 
0.91248 4.06447e-05 0.0243386 3.16756e-06 0.00419947 0.000130734 0.000101444 5.26749e-06 0.0133409 0.000415113 0.044774 0.000170552 
0.000618711 0.00558287 0.395329 1.99145e-05 0.0266749 0.0696728 0.0101148 0.0078301 0.0784586 0.104568 0.29911 0.0020204 
0.000431132 0.00595648 0.165215 1.56792e-08 0.00381156 0.106592 0.0209095 6.44504e-05 0.0108211 0.538612 0.147487 9.98792e-05 
1.13459e-08 0.0253303 0.0122154 8.62952e-09 0.00355389 0.00595503 0.000105007 8.25854e-06 0.121596 0.00842525 0.165533 0.657278 
0.000421054 0.0493611 0.00961366 0.00014409 0.0272205 0.00857361 0.00464661 0.00407605 0.811294 0.00836436 0.0759767 0.000308563 
2.06681e-05 0.000893846 0.0460569 2.58401e-07 0.00236323 0.46621 0.00460705 6.18197e-06 0.0158078 0.00661504 0.457409 9.25681e-06 
0.000742015 0.0880001 0.0230104 0.000211645 0.0415346 0.00212089 0.0321302 0.58815 0.00328639 0.0342471 0.0117792 0.174787 
0.0011495 0.00207445 0.330212 1.1407e-06 0.0104534 0.0417368 0.00253551 0.000178793 0.103573 0.0692794 0.436621 0.00218564 
0.00216015 0.000855855 0.240472 4.07725e-05 0.422931 0.00920067 0.172119 0.0540901 0.00476931 0.0249504 0.0535643 0.0148468 
2.22879e-08 0.0019075 0.114012 8.939e-09 0.00252311 0.486881 0.0172187 5.97884e-05 0.00879491 0.184568 0.134335 0.0497001 
0.000765115 0.000574066 0.0403944 1.26855e-06 0.00010103 0.172433 0.0482838 0.000122528 0.0310957 0.44642 0.257285 0.00252382 
3.80309e-05 0.00198937 0.108571 1.78455e-06 0.086496 0.00348988 3.25546e-05 3.1336e-05 0.0538188 0.192844 0.547552 0.00513556 
0.00507575 0.684017 0.00807438 4.63427e-06 0.0514058 0.00502003 0.00100357 4.46942e-05 0.208598 0.0119447 0.0248024 8.79974e-06 
5.07868e-06 0.00293717 0.00496475 3.90676e-10 0.00105561 0.83548 0.0239093 3.22358e-05 0.00127992 0.117871 0.00353297 0.00893197 
0.000468008 0.0205047 0.0463565 4.16659e-05 0.0368137 0.259756 0.0699458 0.00236117 0.0503199 0.0118685 0.484537 0.0170274 
0.000101536 0.00406984 0.0940944 4.6037e-05 0.0131723 0.157182 0.0128645 0.00280484 0.0441909 0.36253 0.297962 0.0109825 
6.30337e-12 0.00194188 3.84698e-05 5.99934e-12 0.000965739 0.0001855 0.00259944 0.991479 0.00259424 4.41069e-06 0.000191041 5.71708e-09 
0.0022403 0.00938717 0.570794 7.40685e-06 0.0265664 0.0414182 0.0263926 0.00232684 0.0703841 0.127343 0.118914 0.00422667 
0.000433249 0.0161844 0.0417142 3.73119e-07 0.840369 2.86801e-06 0.00101038 1.00071e-05 0.041456 0.0171707 0.0380919 0.00355653 
8.94822e-06 0.0477314 0.107242 8.88179e-08 0.000445684 0.26656 0.00849977 2.98216e-05 0.0182644 0.175665 0.335502 0.0400513 
7.49557e-08 0.0191952 0.00686785 2.18358e-09 0.00016066 0.409584 0.0100563 2.70046e-05 0.00511179 0.488917 0.0599275 0.000151751 
0.000362778 0.0373415 0.440745 4.9299e-05 0.0347574 0.0381684 0.0141458 0.00718219 0.0419952 0.0307921 0.293376 0.0610847 
0.00183189 0.0123038 0.080035 5.82828e-05 0.0831931 0.140407 0.0457493 0.00306055 0.0692869 0.0416378 0.519761 0.00267538 
0.0739033 0.00923898 0.171472 0.000133049 0.0153857 0.0534826 0.0913953 0.0079691 0.0479373 0.0273326 0.499849 0.00190126 
0.00234971 0.0501176 0.0898997 0.00148929 0.0517356 0.0764619 0.0374991 0.0134344 0.22518 0.0843289 0.362244 0.00526021 
4.75197e-08 0.00108748 0.00351042 4.03429e-10 8.32793e-05 0.0254894 0.17442 0.000115211 0.0144635 0.00906648 0.771044 0.000719738 
0.000130281 0.00653182 0.133641 1.12116e-05 0.118533 0.0433529 0.0121764 4.25946e-05 0.0690969 0.106525 0.508483 0.00147604 
2.83462e-06 0.0128136 0.0195224 7.38203e-07 0.0331299 0.544171 0.00072824 3.54746e-05 0.0642302 0.0196165 0.305548 0.000201224 
0.000531651 0.0132698 0.0371775 1.30959e-05 0.0319823 0.0236598 0.0488604 0.0238296 0.529786 0.0678163 0.214173 0.00890077 
1.13459e-08 0.0253303 0.0122154 8.62952e-09 0.00355389 0.00595503 0.000105007 8.25854e-06 0.121596 0.00842525 0.165533 0.657278 
1.07959e-07 4.11884e-05 0.177269 1.02752e-07 0.000480591 0.0627671 0.000243594 2.18933e-05 0.000480743 0.152147 0.605872 0.0006761 
0.00137156 0.0128995 0.0749056 0.000127926 0.0222 0.175275 0.0434901 0.0152538 0.153492 0.153611 0.344135 0.00323824 
0.00106082 0.00164476 0.247428 2.13138e-05 0.0246904 0.0674526 0.500843 0.00628059 0.00273777 0.0486575 0.0897061 0.00947688 
0.0033873 0.00536594 0.0453834 0.000101817 0.0164886 0.0534649 0.08191 0.00322719 0.356343 0.0183953 0.41516 0.00077292 
0.00017725 0.00437798 0.00199055 7.66408e-05 0.103594 0.433326 0.00110341 0.00422579 0.0875693 0.00239274 0.359001 0.00216553 
0.000358228 0.0152454 0.0584596 5.85219e-05 0.0355695 0.125805 0.0793176 8.85602e-05 0.0649987 0.00843877 0.605258 0.00640204 
0.01814 0.00554595 0.0435295 3.37761e-06 0.0179753 0.586393 0.0132721 0.00617154 0.0641284 0.0753817 0.169321 0.000138037 
2.77492e-05 0.000402338 0.0888639 6.99355e-06 0.00281568 0.072363 0.0475443 1.27468e-05 0.0907336 0.373066 0.323585 0.000578322 
1.65795e-06 0.0786187 0.00170701 4.76404e-10 0.000289243 0.00446015 1.27756e-05 1.07941e-08 0.910177 0.00368193 0.00105129 1.22499e-08 
1.89906e-05 0.945037 0.0104644 8.50585e-07 0.000109174 0.0113542 0.00127995 2.73227e-06 0.00407185 0.0115682 0.0160457 4.70308e-05 
6.23313e-07 0.00102761 0.0404597 4.96472e-10 0.500161 0.0249445 0.0077827 0.000339072 0.0605488 0.0453163 0.319418 1.4264e-06 
0.000336623 0.0193239 0.113297 1.57801e-05 0.0582215 0.125422 0.000970762 5.77615e-05 0.035764 0.0141678 0.630866 0.00155592 
2.04983e-05 0.171652 0.0394444 1.09191e-05 0.0182589 0.169962 0.0472093 5.68625e-05 0.364204 0.036939 0.143257 0.00898569 
5.62205e-07 0.0201964 0.0102978 8.05417e-08 0.0465614 3.07369e-07 0.815328 0.0434823 0.0612076 0.00126218 0.00103778 0.000625967 
0.0211866 0.0044318 0.146677 0.000114998 0.148624 0.347461 0.0118938 0.00716195 0.0736732 0.0140435 0.224571 0.000161428 
1.13563e-05 0.00713541 0.190126 4.73596e-07 0.486592 0.000965252 9.878e-05 0.000534369 0.156604 0.0737518 0.0840191 0.000161197 
0.00648452 0.00415251 0.220937 0.000658906 0.138515 0.0823511 0.0767022 0.0496355 0.0947191 0.0810855 0.239455 0.00530275 
0.000235453 0.0119363 0.105233 2.12125e-05 0.014335 0.259134 0.0245194 5.78633e-05 0.0366796 0.14307 0.401497 0.0032809 
2.0784e-05 0.0464279 0.0025497 3.95131e-06 0.00481815 0.629334 0.0024678 6.79144e-06 0.177219 0.0898799 0.0299609 0.0173114 
7.44264e-06 0.0541011 0.16344 1.94758e-08 0.369524 0.0181623 0.0535115 0.00235695 0.0918327 0.0467935 0.142849 0.0574214 
0.00466821 0.0117635 0.0966685 3.35834e-07 0.135813 0.0616756 0.0189867 0.00087406 0.237003 0.165463 0.255462 0.0116209 
3.31241e-05 0.0032846 0.0197848 1.61256e-05 0.00349277 0.030163 0.0618922 0.570249 0.00701394 0.00549295 0.298224 0.000352792 
0.000549383 0.253943 0.0758486 2.80666e-05 0.0223396 0.00921391 0.0168809 0.00223878 0.479306 0.011453 0.127961 0.000238353 
0.00737187 0.00997687 0.0651542 8.3262e-06 0.347136 0.0492813 0.0954126 0.0608114 0.200508 0.0122204 0.132499 0.0196206 
1.65795e-06 0.0786187 0.00170701 4.76404e-10 0.000289243 0.00446015 1.27756e-05 1.07941e-08 0.910177 0.00368193 0.00105129 1.22499e-08 
2.0779e-05 0.052117 0.223943 5.21932e-09 0.0340473 0.00550891 0.0767869 0.508755 0.0184899 0.00199299 0.0747733 0.00356457 
0.0116913 0.000358692 0.558882 4.49284e-08 0.00168152 0.0756733 0.00269534 0.000107141 0.0021061 0.342803 0.0036749 0.000326331 
0.00728016 0.0992679 0.118505 5.15195e-05 0.0638533 0.0735094 0.308359 0.00163173 0.0350548 0.0171985 0.259923 0.015366 
0.0037502 7.03678e-05 0.00444158 2.27194e-07 0.00183155 0.254854 0.0354853 0.000517138 0.0367199 0.0083607 0.653954 1.53657e-05 
0.000297037 0.0170623 0.324853 3.97733e-05 0.0231447 0.0777112 0.204397 0.0127464 0.125237 0.0125932 0.200487 0.00143099 
0.00279752 0.0185374 0.0692062 3.57655e-06 0.00709949 0.00804856 0.808149 0.0134137 0.0466027 0.00389382 0.0221861 6.21113e-05 
0.00963032 0.146945 0.459182 1.77908e-05 0.0737023 0.0453471 0.0256885 0.00977977 0.148597 0.0186112 0.0622164 0.00028334 
4.10618e-05 0.00405468 0.0408175 1.46242e-05 0.0301617 0.00231381 0.0111595 0.000589818 0.0195099 0.0508933 0.0535336 0.78691 
0.104898 0.0507474 0.0074739 1.49519e-06 0.00253335 0.35055 0.010341 1.83403e-05 0.200045 0.0276452 0.245567 0.000179121 
1.86134e-05 0.4358 0.0300851 1.07354e-06 0.0076383 0.0191958 0.0033224 1.42693e-05 0.357082 0.0292846 0.116507 0.00104965 
1.69618e-08 5.03528e-05 0.0101545 6.3389e-12 0.00170921 0.0119343 0.0197797 1.75347e-05 0.0186782 0.00668748 0.926512 0.00447714 
6.30337e-12 0.00194188 3.84698e-05 5.99934e-12 0.000965739 0.0001855 0.00259944 0.991479 0.00259424 4.41069e-06 0.000191041 5.71708e-09 
0.00022998 0.000829577 0.375574 2.25856e-06 0.0133802 0.0104027 0.0526324 4.54421e-05 0.175206 0.0785538 0.292679 0.000464923 
0.000108094 0.00379548 0.0138674 7.62288e-07 0.113282 0.00507582 0.00099366 0.000245324 0.805235 0.00261154 0.0538689 0.000916244 
4.55422e-12 0.149929 0.100469 4.33456e-12 0.00488628 0.119463 0.000880027 5.66051e-05 0.0391742 0.248386 0.33574 0.00101601 
0.00202474 0.0023521 0.147307 0.000117236 0.134221 0.185186 0.073474 0.301333 0.0211916 0.0060949 0.125537 0.00116167 
0.00112384 0.0079391 0.0937572 5.96638e-05 0.0765852 0.0466249 0.253875 0.00375996 0.130455 0.0721375 0.310817 0.00286552 
0.000285776 0.0346391 0.37411 3.54222e-05 0.0145085 0.0435439 0.00446972 0.00705095 0.0536424 0.0429844 0.422937 0.00179301 
2.95458e-06 3.9719e-06 1.82873e-06 3.9955e-10 0.155519 0.0279745 0.00197597 5.77277e-05 0.416679 0.0283949 0.36939 8.94571e-07 
0.00131258 0.00124159 0.0199519 5.29863e-06 0.000202283 0.721575 0.00579437 0.00127419 0.00113391 0.0150694 0.232001 0.00043851 
1.94417e-06 0.00356645 0.0150739 3.0742e-07 0.021916 0.437512 0.134891 0.000129635 0.0191593 0.00406823 0.363312 0.000368783 
3.47618e-06 0.000769216 0.145429 1.3812e-08 0.0215822 0.105659 0.0107319 8.40924e-08 0.0131528 0.0712868 0.629594 0.00179178 
4.71941e-06 7.3205e-05 0.502868 1.03114e-06 0.00587323 0.162638 0.000310318 3.07201e-05 0.00424201 0.15837 0.165103 0.000485448 
0.585972 0.00320702 0.0219057 1.02556e-06 0.0196207 0.0224775 0.0304996 2.25995e-05 0.04726 0.0472915 0.221459 0.00028333 
0.000196103 0.0257517 0.0162791 0.000175629 0.0226248 0.00312329 0.478207 0.399987 0.0329108 0.00296406 0.0169513 0.000829374 
0.000467652 0.00181464 0.0149789 1.36301e-06 0.00215947 0.0035828 0.00513964 1.38995e-05 0.847486 0.00919217 0.114962 0.00020201 
2.15051e-05 0.718734 0.0193978 2.38847e-07 0.00472055 0.00209305 0.000579167 2.69533e-06 0.198539 0.000837567 0.0548457 0.000229032 
0.00396354 0.0179548 0.420293 1.71573e-05 0.0144371 0.0835483 0.00832288 0.00305938 0.018479 0.229539 0.199633 0.000751487 
0.0144221 0.014824 0.2539 0.000328925 0.167768 0.10888 0.013704 0.0215339 0.0353147 0.0164781 0.349988 0.00285873 
6.48109e-06 0.000768445 0.155053 4.15554e-07 0.00920921 0.00430407 0.00110845 2.17469e-05 0.174723 0.056681 0.59801 0.000113731 
1.60053e-09 1.8729e-07 0.0114326 1.52333e-09 0.000750046 0.0422142 0.0896877 0.000148782 0.00718622 0.0540362 0.794484 5.96631e-05 
0.000876879 0.000809474 0.560511 6.91903e-07 0.0305481 0.0029275 0.000101945 8.45192e-05 0.0445262 0.204719 0.153435 0.00146044 
4.0772e-10 5.29674e-07 0.0140288 3.88054e-10 0.028407 0.365605 0.0364091 7.15274e-07 0.0950023 1.22146e-06 0.460545 5.06573e-07 
0.00420485 0.00391803 0.0405118 5.48818e-09 0.0244399 0.000543901 0.799583 0.102628 0.00407676 0.00104751 0.0109306 0.00811621 
0.000135749 0.000191665 0.047379 5.99841e-06 0.0302936 0.000223912 0.000262637 0.000154208 0.0157824 0.747256 0.15818 0.000134534 
0.000464045 4.82804e-05 0.00285742 6.43017e-08 0.00130767 0.0296346 0.0392824 0.0855591 0.05205 0.00841755 0.780232 0.000147164 
0.0100619 0.000592997 0.0401533 1.48539e-10 0.418594 0.0025931 0.322133 0.00180654 0.126708 0.0429002 0.0275191 0.006938 
1.27644e-05 0.0180371 0.0977671 3.85693e-06 0.00543965 0.0270921 0.00332186 0.000115041 0.0821532 0.0315527 0.733878 0.000626711 
4.53116e-05 0.00116326 0.0369452 1.06584e-08 0.00288988 0.0611612 0.0275416 0.000155078 0.0697958 0.0149011 0.783529 0.00187299 
0.000140126 0.0145759 0.0868781 1.73153e-05 0.0223779 0.0296449 0.0242232 3.85662e-05 0.0364642 0.00751056 0.777675 0.000453928 
0.00053322 0.000664162 0.191256 7.17989e-09 0.117436 0.000954437 2.23078e-08 1.16356e-08 0.0674268 0.0337775 0.587952 1.351e-07 
0.00539382 0.000280896 0.457624 7.4415e-07 0.00814439 0.113995 0.000547107 0.0486064 0.00950223 0.248629 0.106557 0.000718905 
0.000121302 0.0161217 0.0104417 6.37988e-05 0.228369 0.0834295 0.00895467 0.00660563 0.115543 0.00884539 0.493004 0.0285014 
0.0127683 0.0198599 0.100745 0.000337072 0.0407039 0.102256 0.0213201 0.00307082 0.0993772 0.335996 0.253916 0.00965087 
0.000252048 0.0046851 0.092418 1.83063e-05 0.00287041 0.0517 0.147107 5.42174e-05 0.0380667 0.0773349 0.584599 0.000894656 
0.000399821 3.19365e-05 0.02079 4.95805e-06 0.838253 0.0262283 0.00131407 3.04411e-05 0.0560625 0.0430838 0.0137886 1.28254e-05 
1.52553e-08 0.000345648 0.00991042 1.45195e-08 0.163143 0.0781297 0.644872 0.022087 0.0391949 0.00442079 0.00167113 0.0362251 
4.0052e-10 0.00415123 0.0105399 3.81202e-10 0.701117 0.0670941 0.000149669 5.69635e-05 0.193586 0.00284811 0.0133077 0.00714888 
0.000260382 0.000500906 0.159216 4.21551e-05 0.273688 0.0407512 0.0367273 0.00301872 0.132467 0.0679755 0.279475 0.00587734 
7.65698e-07 0.0615363 0.185517 1.18664e-08 0.268564 0.00378498 0.00208294 0.00122859 0.0464929 0.00956046 0.420479 0.000752409 
0.000385964 0.0282364 0.00747253 1.53548e-05 0.00493041 0.0402486 0.0546446 0.000209936 0.10984 0.00514147 0.712924 0.0359516 
0.000395388 0.00497748 0.0684361 1.32239e-05 0.0801289 0.00694128 0.000195936 1.46376e-05 0.1029 0.555713 0.178719 0.00156522 
0.00406714 0.00638995 0.24311 6.98298e-06 0.014108 0.118108 0.01326 9.61516e-05 0.0430759 0.0104908 0.546954 0.000332023 
0.00122599 0.0149533 0.274048 0.000180803 0.0193252 0.0237991 0.004162 0.00075971 0.0412703 0.111493 0.506578 0.00220465 
0.00884465 0.00727306 0.107437 0.00141272 0.0111669 0.0559133 0.327319 0.00661063 0.0253108 0.304869 0.142194 0.00164977 
9.1698e-05 0.0197472 0.160535 2.62895e-06 0.196863 0.00220377 0.000139648 9.38607e-05 0.1107 0.0417842 0.467352 0.000487107 
1.91712e-05 0.0672249 0.010095 1.141e-05 0.0784962 0.00453358 0.0263545 0.000443353 0.757176 0.00555172 0.0492064 0.000887493 
0.000348527 0.0060675 0.107297 7.09928e-05 0.0184833 0.125436 0.00889647 0.000289052 0.0120035 0.00917151 0.710787 0.00114928 
0.00362391 0.0194617 0.0933525 7.68319e-05 0.0288559 0.0206443 0.0133604 0.000116076 0.451448 0.018948 0.345386 0.00472603 
0.106645 0.0142992 0.137958 0.000181474 0.0075239 0.204891 0.246436 0.0110152 0.0530457 0.0143608 0.0501527 0.153492 
2.62709e-05 0.013863 0.0397866 4.63552e-08 0.00203642 0.37859 0.0034696 2.36686e-05 0.0230542 0.066005 0.473066 7.93774e-05 
0.000263232 0.0182889 0.0682268 0.000247172 0.0261524 0.022028 0.06897 0.010318 0.0759239 0.00458441 0.350351 0.354646 
0.00025286 0.0377562 0.012994 1.22678e-06 0.0153031 0.0629366 0.022007 0.000200275 0.530524 0.0277368 0.286701 0.00358689 
5.62205e-07 0.0201964 0.0102978 8.05417e-08 0.0465614 3.07369e-07 0.815328 0.0434823 0.0612076 0.00126218 0.00103778 0.000625967 
2.41052e-06 0.121512 0.00128252 6.23556e-09 0.000620413 0.000492098 0.000200811 2.25407e-06 0.870564 0.00280724 0.00247203 4.39861e-05 
5.7045e-05 0.000208689 0.0645264 1.21403e-05 0.01574 0.00191464 0.00791022 0.81961 0.00719462 0.00498058 0.0771431 0.000702666 
1.13098e-06 0.000563346 0.0422452 9.14094e-07 0.0131858 0.00457841 0.000235202 1.19675e-05 0.0836796 0.000331093 0.855148 1.89232e-05 
0.010328 0.0013806 0.147693 5.83837e-05 0.0513685 0.239132 0.0181384 0.00286727 0.106694 0.085173 0.336826 0.000341939 
0.00044481 0.000691376 0.0838635 9.72289e-09 0.0485421 0.0941334 0.390958 0.00106044 0.188771 0.0364866 0.154667 0.000382122 
0.000909223 0.00427609 0.0660043 7.63831e-07 0.00357079 0.0654426 0.0491449 7.4595e-05 0.0187233 0.0930321 0.698557 0.000264213 
3.62912e-05 0.00683593 0.00544943 6.74356e-07 0.830843 0.000811594 0.00111795 0.000150414 0.103057 0.00259062 0.0477585 0.00134882 
0.000924093 0.0125024 0.0347748 1.5506e-05 0.0028148 0.259732 0.174935 0.00382852 0.0882838 0.00391703 0.417197 0.00107528 
0.00502453 0.00652906 0.26493 0.00354428 0.00614852 0.195186 0.0259815 0.00846409 0.0276632 0.330077 0.121122 0.00532886 
1.19861e-06 0.00475006 0.06692 7.16531e-09 0.000991906 0.01628 1.45133e-07 6.10465e-06 0.0162497 0.352802 0.541918 8.09634e-05 
6.75894e-06 0.0188136 0.000294934 1.07745e-07 0.832992 0.00399016 0.000840506 5.10584e-05 0.0691175 0.00024316 0.0727758 0.000874425 
0.000323525 0.00087456 0.0703891 2.21757e-05 0.0712461 0.101021 0.300412 0.00713522 0.0716729 0.00244683 0.373382 0.00107537 
0.000397633 0.00962057 0.196556 8.37134e-05 0.0604581 0.0769458 0.0716736 0.00342835 0.136953 0.0539881 0.368218 0.0216766 
4.81447e-08 0.0514291 0.0848185 7.13989e-09 0.0133013 0.0797852 0.0518209 0.000170915 0.112267 0.0600972 0.545243 0.00106671 
0.00165238 0.0210218 0.263189 0.000112931 0.0193018 0.0730006 0.0312007 0.0109145 0.0478074 0.0328674 0.495382 0.0035497 
0.00198021 0.0100187 0.0808722 0.000284894 0.0322938 0.116068 0.00804632 0.0144222 0.0606801 0.206347 0.467548 0.00143883 
0.000218507 0.0661156 0.0514669 1.76742e-05 0.00653225 0.211897 0.0884204 0.00932202 0.122505 0.033734 0.408834 0.000937108 
4.52565e-05 0.0159957 0.176167 9.33405e-06 0.049382 0.0413824 0.000322222 7.01189e-05 0.0363188 0.0143047 0.665878 0.000123885 
