1.36217e-09 0.000208698 0.0185733 1.29647e-09 0.793567 0.00352953 0.00544126 4.23605e-07 0.0863353 0.0017248 0.0720975 0.0185223 
1.53256e-07 0.0383284 0.0791105 1.58025e-05 0.352659 0.03924 0.0270077 0.000912176 0.252535 0.0153754 0.190024 0.00479144 
0.000253608 0.0112099 0.180664 0.0933177 0.301453 0.00894958 0.0214849 0.00125253 0.0812053 0.00357377 0.197787 0.0988486 
8.23411e-10 1.05795e-07 0.00115172 2.43466e-07 0.969745 0.00192359 0.000309374 4.15734e-05 0.0178979 0.0023082 0.00656796 5.43228e-05 
1.54501e-12 0.00465387 0.00123291 0.000791294 0.966475 0.000533349 5.42299e-05 0.00270325 0.0142342 0.000250293 0.00906645 5.25996e-06 
7.30405e-05 0.000694588 0.172103 0.000266732 0.606464 0.00498356 6.02496e-06 0.000276118 0.0453827 0.0263564 0.0710822 0.0723117 
9.25222e-07 4.50447e-06 0.000368718 8.80596e-07 0.871753 0.00855885 0.00490214 2.89795e-07 0.047589 0.0094648 0.0573515 5.54716e-06 
3.39112e-05 0.00055488 0.00682163 0.334693 0.521094 0.104826 0.00134004 0.000504811 0.0111281 0.000565125 0.0184209 1.67665e-05 
2.34962e-08 0.149058 0.0756513 1.85267e-05 0.256836 0.00926576 0.241744 1.82242e-06 0.176508 0.00439513 0.0670839 0.0194371 
5.8886e-05 0.0195734 0.0583049 0.000840741 0.326743 0.274829 0.0186288 4.78314e-06 0.251668 0.0297358 0.0196126 8.9899e-09 
7.45937e-06 0.0305615 0.0813308 0.000113247 0.395263 0.279328 2.32452e-05 0.000988149 0.00720722 0.0896948 0.114519 0.000963624 
1.11623e-05 1.11714e-05 1.11724e-05 1.11629e-05 0.60326 1.11719e-05 1.11698e-05 1.117e-05 0.165366 0.160885 0.0704002 1.11636e-05 
7.43786e-06 7.19347e-08 0.0716941 0.243936 0.474018 5.04678e-06 0.00871445 0.00170071 0.00438074 6.36767e-08 0.195543 1.89022e-07 
2.26516e-07 0.00106308 0.0651369 6.7908e-05 0.758395 0.00246843 0.00288075 0.000275598 0.0419788 0.0414083 0.0761524 0.0101723 
4.42095e-05 8.20358e-06 4.37461e-06 4.20772e-05 0.998256 6.34744e-06 0.000774747 1.38472e-05 0.000801294 6.82668e-06 2.42428e-06 3.92065e-05 
1.04732e-07 0.00308065 0.0580942 1.37116e-06 0.433352 0.0140688 0.000744507 9.45012e-06 0.234932 0.0958818 0.158926 0.000909894 
2.50458e-05 0.0108947 0.0707324 0.00297468 0.698784 0.00660855 0.00190234 0.000103523 0.0584422 0.013328 0.135941 0.000263524 
0.00108267 0.0116135 0.238161 0.0799121 0.318802 0.0158233 0.00408279 0.00153315 0.0288619 0.00396949 0.295139 0.00101885 
1.22393e-06 0.0103992 0.0262121 1.86534e-07 0.356098 0.0448316 0.0924873 6.86192e-06 0.353679 0.0471305 0.0691531 2.75703e-07 
2.57027e-05 0.00778508 0.12634 4.09757e-06 0.278599 0.00692117 0.115979 0.000939738 0.242012 0.0136848 0.206727 0.000983012 
0.000746181 0.00117552 0.0477313 6.63767e-06 0.611636 0.038583 0.00653079 0.00321269 0.0828377 0.149677 0.0504709 0.00739277 
1.54501e-12 0.00465387 0.00123291 0.000791294 0.966475 0.000533349 5.42299e-05 0.00270325 0.0142342 0.000250293 0.00906645 5.25996e-06 
0.000421733 0.0263775 0.0987289 0.0205111 0.681365 0.0046173 0.00088663 0.000147625 0.0455059 0.0839788 0.034561 0.00289808 
2.8199e-05 0.000321103 0.0269819 0.000229418 0.632529 0.00299343 3.52803e-06 0.000322569 0.0958198 0.0899625 0.1501 0.00070914 
2.44015e-07 0.00041684 0.0223734 2.42753e-05 0.498723 0.015806 0.000216345 1.07086e-06 0.140532 0.000122557 0.302643 0.0191415 
0.000807633 0.00154789 0.0305884 2.17439e-06 0.622346 0.0100565 0.000900466 0.0272015 0.194158 0.013389 4.03782e-05 0.0989614 
5.0318e-05 0.022033 0.112243 3.95668e-05 0.503532 0.00226697 0.0208709 0.0710151 0.135823 0.0121827 0.0659658 0.0539778 
5.96522e-07 0.00254594 0.0586247 0.0265643 0.626486 0.0728167 0.00137667 0.000160662 0.0661272 0.0337385 0.111559 1.99047e-07 
0.0010842 0.00108443 0.00163761 2.68527e-07 0.836211 1.98468e-05 1.9828e-05 1.97351e-07 0.0938687 1.02891e-05 0.0660632 2.83081e-09 
8.23411e-10 1.05795e-07 0.00115172 2.43466e-07 0.969745 0.00192359 0.000309374 4.15734e-05 0.0178979 0.0023082 0.00656796 5.43228e-05 
2.00248e-08 0.0087706 0.00120261 1.29656e-05 0.71915 0.0390281 0.00431672 3.23477e-05 0.151369 0.0339656 0.042052 9.95777e-05 
2.08002e-07 0.000137317 0.0485786 1.01206e-05 0.844457 0.000451915 0.0121437 0.00119854 0.0252765 0.0162618 0.0512598 0.000224094 
0.000253608 0.0112099 0.180664 0.0933177 0.301453 0.00894958 0.0214849 0.00125253 0.0812053 0.00357377 0.197787 0.0988486 
3.91124e-07 0.00471991 0.00247976 3.72259e-07 0.691232 0.01126 0.000159345 5.72474e-06 0.225085 0.0201827 0.0448104 6.51111e-05 
7.77678e-07 0.0080374 0.0810801 9.57503e-07 0.729662 0.000397426 0.000942299 2.04158e-07 0.100259 0.0239135 0.0534987 0.00220781 
5.35061e-05 0.000306517 0.0682891 2.50554e-08 0.487588 0.0178909 0.0653285 0.324321 0.000723682 0.00729226 0.0144662 0.01374 
0.00171747 0.0434988 0.0593459 0.000120937 0.354651 0.0535909 0.0234341 0.00343928 0.186555 0.0110263 0.258988 0.00363294 
9.86397e-08 0.01747 0.00336725 7.11922e-05 0.941867 0.000432309 0.000107435 9.89926e-05 0.0185635 0.000753955 0.0163106 0.000957522 
4.47263e-05 5.33404e-05 0.130845 0.00012341 0.683269 0.0449138 5.0534e-05 0.00226086 0.0187226 0.0785951 0.0387627 0.00235989 
2.6507e-07 4.91868e-08 0.0508554 8.01592e-05 0.944136 0.00043428 8.80492e-08 9.79908e-06 0.000673054 0.00169092 0.000675324 0.0014445 
9.61838e-07 0.022207 0.0131785 5.85427e-07 0.771595 0.000163676 0.00496059 0.000222265 0.175466 0.000274123 0.0118596 7.20042e-05 
4.16386e-10 0.00553168 0.0165484 0.000648225 0.764353 0.0147285 0.00857968 0.000924093 0.0693278 0.00474916 0.11454 6.95111e-05 
3.54404e-07 1.83509e-05 0.00881615 3.3731e-07 0.918422 0.000207143 1.67299e-05 6.40064e-05 0.0680786 1.60285e-05 0.00436002 3.14297e-07 
1.48606e-06 0.000848542 0.0694667 0.00208122 0.624098 0.118953 0.00167755 0.000534079 0.0791248 0.0015256 0.101686 2.96758e-06 
3.42045e-05 0.00232291 0.0399116 0.000164803 0.523644 0.0140454 0.00955101 0.00124322 0.0635624 0.12325 0.220361 0.0019091 
1.54501e-12 0.00465387 0.00123291 0.000791294 0.966475 0.000533349 5.42299e-05 0.00270325 0.0142342 0.000250293 0.00906645 5.25996e-06 
8.85868e-06 0.00027465 0.00898668 7.659e-06 0.859074 0.00671147 0.0107271 0.000284161 0.0971482 0.0028245 0.0104503 0.00350288 
3.83073e-07 0.0209262 0.0755086 0.000511499 0.525886 0.00461587 0.0658017 0.000473607 0.0579898 0.00344462 0.242271 0.0025708 
4.06898e-07 0.192027 0.0617088 4.89913e-05 0.296341 0.00134455 0.00441468 0.000450355 0.217286 0.00103598 0.223035 0.00230797 
4.07741e-07 3.20978e-05 0.0856277 0.00475905 0.639075 0.0827534 5.03505e-06 0.000161602 0.0408242 0.0391414 0.10762 3.08504e-07 
2.00556e-05 3.47027e-05 0.0313701 1.12244e-07 0.882831 0.000107413 2.00441e-06 1.00585e-05 0.0384898 0.00633406 0.03949 0.00131103 
9.48151e-08 0.00025969 0.0133913 7.70914e-05 0.686973 0.00757276 0.00239648 1.38874e-06 0.202836 0.000419344 0.0860408 3.23523e-05 
9.16074e-05 0.000817234 0.278972 5.18707e-05 0.500856 0.0302813 0.0106151 0.0179754 0.0207264 0.07371 0.0658914 1.19974e-05 
5.91011e-07 0.00016223 0.124284 0.12784 0.341516 0.194221 0.00112145 0.000438613 0.11094 6.57911e-06 0.0994691 9.98468e-07 
1.63849e-07 3.45648e-06 0.00275916 7.65843e-06 0.994473 1.48519e-06 0.00129672 3.20002e-06 0.000795329 2.01791e-06 0.000658276 3.84759e-09 
2.17845e-05 0.0372952 0.172923 0.000284826 0.432463 0.0825083 0.00100224 0.000215524 0.0416527 0.118643 0.110858 0.0021326 
2.10842e-05 0.00850622 0.000618009 0.00094662 0.900674 0.000469537 2.33572e-05 1.67338e-06 0.0709599 0.00353757 0.0141436 9.82436e-05 
0.000244607 0.00666555 0.0895161 0.00119231 0.440739 0.0925838 0.0166789 4.43744e-05 0.204158 0.0140088 0.132816 0.00135258 
2.67852e-06 2.68404e-06 0.0980439 0.00129912 0.478376 0.0841259 5.47619e-05 8.73929e-06 0.118093 0.163528 0.0564648 2.07851e-08 
1.70655e-07 0.000132794 0.0271564 9.07539e-06 0.958013 0.00775438 0.000134497 0.000122075 0.00410789 0.000291505 0.00190367 0.000374466 
0.000220383 0.00228198 0.018364 5.02813e-05 0.6934 0.0102464 0.00187404 6.0408e-05 0.17492 0.00978814 0.088767 2.69321e-05 
1.588e-08 0.00815747 0.0167269 3.82356e-06 0.663032 0.0439428 0.00653017 0.000226639 0.211782 0.000245781 0.0473604 0.00199266 
6.28189e-09 0.000201781 0.00849032 0.000130516 0.892259 0.0272497 1.17396e-05 1.05801e-06 0.00328052 0.0014057 0.0669444 2.50798e-05 
0.000286194 0.00841538 0.0533532 0.00602524 0.477849 0.182922 0.00801026 0.00152247 0.027529 0.0102579 0.213145 0.0106853 
2.51421e-07 0.000581505 0.0162556 1.46292e-05 0.975953 0.00141097 9.5936e-06 0.000989592 0.00452256 0.00017921 5.87025e-06 7.7285e-05 
0.000769232 0.00891874 0.0394725 0.0297662 0.498442 0.19089 0.0147795 0.000114598 0.0769911 0.0384099 0.101167 0.000279724 
3.28472e-06 0.0215883 0.0745786 3.26598e-07 0.442678 0.00187396 0.0359462 0.000659384 0.0845406 0.0103631 0.322195 0.00557356 
3.53479e-08 0.0308921 0.0142416 2.15768e-06 0.778131 0.00118913 0.00105252 1.90805e-05 0.149306 0.012321 0.00667293 0.00617243 
1.78781e-05 2.99645e-09 0.00623973 9.93228e-06 0.821835 6.82844e-06 2.94347e-05 0.00108494 0.10802 6.56848e-06 0.0276779 0.0350722 
2.16858e-06 4.92135e-06 0.013479 9.02829e-07 0.857523 7.0974e-05 0.000288995 0.00105743 0.0140252 0.103884 0.00966296 5.58551e-07 
0.000514374 0.00171685 0.0849163 0.000996842 0.593307 0.000885733 0.000300023 0.000228928 0.123083 0.0974652 0.0934596 0.00312638 
4.16715e-08 1.5337e-06 0.00337781 7.27456e-05 0.322778 0.275032 0.0012895 6.26841e-06 0.0384793 0.0901383 0.268803 2.15683e-05 
4.03597e-06 0.0106117 0.029184 0.000350993 0.901307 0.00166258 0.00157957 0.00172058 0.0180114 0.00652179 0.0286809 0.000365801 
0.000723796 0.00859939 0.0374791 0.0352088 0.436665 0.288223 0.00888961 0.00146649 0.0164133 0.00195275 0.164331 4.72911e-05 
0.0348131 0.00136108 0.15839 0.0213263 0.217214 0.194193 0.00385793 0.0239537 0.134835 0.049943 0.159907 0.000205774 
1.54501e-12 0.00465387 0.00123291 0.000791294 0.966475 0.000533349 5.42299e-05 0.00270325 0.0142342 0.000250293 0.00906645 5.25996e-06 
1.76834e-08 0.0337917 0.0839877 0.00156953 0.544089 0.0904576 0.00961821 0.000581374 0.146415 0.00504532 0.0803357 0.00410876 
0.000187698 0.0317812 0.117382 0.000319768 0.278328 0.0152894 0.00123068 0.000154822 0.255892 0.0450482 0.251339 0.00304788 
1.32016e-07 0.00282804 0.0200476 0.000148951 0.717564 0.0247301 0.0043606 0.00135756 0.137039 0.00476304 0.0826949 0.00446574 
1.40203e-06 0.00106245 0.0148478 3.67915e-05 0.796556 0.0455305 0.00146372 0.000328733 0.0706911 0.0243693 0.0405099 0.00460237 
1.54501e-12 0.00465387 0.00123291 0.000791294 0.966475 0.000533349 5.42299e-05 0.00270325 0.0142342 0.000250293 0.00906645 5.25996e-06 
0.000867565 3.50516e-05 0.148463 0.000101513 0.421153 0.0323408 0.0804737 0.0283362 0.0271066 0.0554797 0.205586 5.6743e-05 
1.54501e-12 0.00465387 0.00123291 0.000791294 0.966475 0.000533349 5.42299e-05 0.00270325 0.0142342 0.000250293 0.00906645 5.25996e-06 
3.15385e-07 6.28075e-11 0.0677602 0.000352068 0.641019 0.0553238 0.00126635 0.000208077 0.0534306 0.030563 0.136484 0.0135933 
2.90073e-06 0.00151381 0.116699 0.000510467 0.261226 0.243031 0.000180814 3.45284e-05 0.162227 0.00528208 0.205121 0.00417154 
2.54802e-06 0.000514345 0.0123184 1.71278e-09 0.667546 2.94901e-07 0.0119186 2.4685e-07 0.207 0.0150361 0.0856611 1.49431e-06 
1.28842e-06 1.63402e-05 0.326691 0.000675023 0.358888 0.0157799 0.000505986 4.36755e-05 0.120332 0.0335132 0.0437434 0.0998103 
3.64743e-05 1.23672e-05 0.00239933 1.11826e-05 0.745591 0.184091 0.000961293 0.000878756 0.0129987 0.0466709 0.00633412 1.46532e-05 
0.0377378 0.00257346 0.0352162 0.000261454 0.426342 0.0307085 0.00605244 1.7692e-05 0.327608 0.0290335 0.104278 0.000170243 
0.00120164 0.0174546 0.0244506 0.0049081 0.503876 0.0561047 0.122654 0.00327233 0.102636 0.0205298 0.113728 0.0291841 
6.8528e-09 1.27162e-09 0.0111668 9.83688e-06 0.52517 0.0599404 7.02259e-06 4.18521e-06 0.179071 8.68843e-06 0.224611 1.05397e-05 
0.000303046 5.13718e-07 0.0368889 3.86607e-07 0.764632 0.0398961 0.00908339 0.000581503 0.0757009 0.050317 0.0223364 0.000259721 
3.01699e-05 0.000514402 0.0833151 0.00643164 0.68999 0.070428 0.00548753 0.000250459 0.0926219 0.0343845 0.0156258 0.000920778 
0.00214749 0.147652 0.136853 3.38997e-06 0.344571 0.00647314 0.0438498 0.000817003 0.170078 0.0278676 0.109485 0.0102027 
1.12687e-06 0.00435928 0.0468625 0.00931645 0.667129 0.0175403 0.000261553 0.0017228 0.0504065 0.0549303 0.145944 0.00152654 
6.43423e-08 0.00878981 0.134948 0.00346278 0.646806 0.0427997 0.000629215 0.000945959 0.0421143 0.00501579 0.114079 0.0004104 
1.54501e-12 0.00465387 0.00123291 0.000791294 0.966475 0.000533349 5.42299e-05 0.00270325 0.0142342 0.000250293 0.00906645 5.25996e-06 
2.89039e-07 1.65771e-07 0.00700747 5.87353e-10 0.951276 6.78358e-07 0.0128777 0.000769446 0.00276901 0.00147682 0.0238212 7.43529e-07 
3.00986e-08 0.0266955 0.0174404 1.92459e-05 0.615087 0.0479082 0.0265166 0.000487094 0.111076 0.108089 0.0384497 0.00823196 
0.000777625 0.0166562 0.0763152 0.000777998 0.279789 0.10831 0.0273356 0.00443939 0.265711 0.00827511 0.211094 0.000519399 
9.17832e-08 0.00067436 0.000130114 0.00790546 0.975563 4.36496e-05 0.000149662 0.000382187 0.000223729 3.00022e-05 0.0148566 4.12421e-05 
0.018502 0.0236248 0.201905 1.27597e-06 0.473104 0.0389499 1.27676e-06 0.00957717 0.0710072 0.100884 0.050575 0.0118686 
2.50784e-08 0.00600133 0.000448452 7.10182e-05 0.964155 0.000111816 0.00010037 0.00032359 0.015863 2.9945e-05 0.0128548 4.11186e-05 
1.54501e-12 0.00465387 0.00123291 0.000791294 0.966475 0.000533349 5.42299e-05 0.00270325 0.0142342 0.000250293 0.00906645 5.25996e-06 
0.0309049 0.0200003 0.17104 9.02421e-05 0.493157 0.00955033 0.0103947 0.000855543 0.131509 0.0591325 0.0563469 0.0170192 
0.00435293 0.000186885 0.00563738 1.08288e-05 0.979135 0.000158683 0.000179652 7.44556e-05 0.0038843 0.000543055 0.00519028 0.000646767 
1.54501e-12 0.00465387 0.00123291 0.000791294 0.966475 0.000533349 5.42299e-05 0.00270325 0.0142342 0.000250293 0.00906645 5.25996e-06 
1.96745e-08 3.17829e-05 0.0215711 3.36966e-06 0.922234 2.05924e-06 0.000515965 3.14917e-06 0.00965702 0.00376943 0.0422102 1.9572e-06 
6.76426e-05 0.000157971 0.00207543 2.05145e-05 0.792397 0.000227109 0.000350784 7.26878e-06 0.14914 0.00671931 0.0470846 0.00175278 
5.18273e-07 0.0677967 0.00214856 5.85292e-06 0.781288 0.0471427 0.000367256 0.000136699 0.0631448 0.00375662 0.0302474 0.00396542 
0.000140984 0.0103823 0.0402567 0.00432572 0.787298 0.012526 0.00636413 6.2806e-05 0.0746037 0.0292242 0.0257148 0.00910017 
0.0750107 0.000441323 0.17347 0.00152473 0.255999 0.219671 0.0143717 0.000130403 0.191387 1.9638e-06 0.0679913 7.11412e-10 
0.0636746 0.000110972 0.0706554 0.000929427 0.605552 0.152697 0.0370652 0.0404935 0.00745948 0.0125555 0.00880654 4.24402e-07 
6.77967e-05 0.011306 0.0390995 0.0088223 0.584351 0.0584167 0.00670404 0.000182999 0.114022 0.00954618 0.165736 0.00174572 
4.66663e-06 0.00187284 0.0700671 0.0242723 0.523086 0.231201 4.66975e-06 0.0149481 0.0392405 4.67058e-06 0.0952937 4.66716e-06 
0.000379473 0.00314602 0.131278 0.00389567 0.352149 0.282131 0.03927 0.0083134 0.0313373 0.0155514 0.131672 0.000876732 
0.000295524 0.0312074 0.145409 6.06021e-05 0.259128 0.0482463 0.117815 0.00212113 0.0610085 0.0720975 0.257771 0.00484036 
7.5239e-06 0.00262832 0.187464 8.39742e-05 0.334005 0.0232659 6.64595e-11 3.83908e-06 0.305626 0.000702209 0.146045 0.000167978 
3.65316e-08 0.0026524 0.0205029 5.36506e-06 0.489408 0.0412532 0.000862959 8.66167e-05 0.3067 0.00593141 0.130789 0.00180865 
0.0018304 0.0441709 0.0825479 0.000176864 0.664136 0.0065519 0.0078101 0.000527069 0.0724635 0.00817995 0.111555 5.04162e-05 
4.0052e-10 0.00415123 0.0105399 3.81202e-10 0.701117 0.0670941 0.000149669 5.69635e-05 0.193586 0.00284811 0.0133077 0.00714888 
3.5797e-05 3.58261e-05 3.58292e-05 0.0179352 0.64848 0.0036186 3.58209e-05 3.58216e-05 3.583e-05 3.58273e-05 0.329679 3.5801e-05 
9.9506e-06 0.0222056 0.16017 0.00468259 0.584785 0.013187 0.0134716 0.000703403 0.0637709 0.00385114 0.128695 0.00446828 
8.88064e-08 0.000478822 0.0243321 0.000187558 0.91057 0.0151464 0.00251644 0.000100239 0.0162792 0.0181442 0.00827677 0.0039681 
5.44792e-08 0.00661234 0.014903 2.98404e-06 0.922785 0.000133965 0.00854637 0.00028849 0.0181231 0.00532583 0.0155273 0.00775129 
1.06179e-05 1.06266e-05 1.06275e-05 1.06185e-05 0.456947 1.06271e-05 1.0625e-05 1.06252e-05 0.200875 0.0914023 0.0829088 0.167793 
0.000177316 0.0153477 0.0610484 0.00491697 0.652027 0.0620212 0.0348436 3.70162e-05 0.0206483 0.0324814 0.110411 0.00603965 
4.21681e-06 9.1325e-05 0.000293385 0.0002715 0.992614 0.000158197 0.00113342 0.000534982 0.00089845 0.00349673 0.00050094 2.48583e-06 
0.000402906 0.00429761 0.279214 1.07267e-05 0.375344 0.00740894 0.00681147 0.000644467 0.0444496 0.0438466 0.234217 0.00335226 
2.0121e-08 0.0185471 0.0691081 1.15491e-08 0.726209 0.0122443 0.000137869 8.61678e-06 0.0417646 0.0691823 0.0626251 0.000173393 
4.77856e-05 0.00248035 0.384912 0.000225147 0.446867 0.00599758 0.00083961 2.94419e-05 0.0427269 0.0640768 0.0270632 0.0247344 
1.08473e-06 2.60111e-07 0.022485 1.55648e-06 0.488829 0.17571 5.54249e-11 1.77743e-07 0.212481 0.0844111 0.0141958 0.00188496 
5.59317e-05 0.00176169 0.0648743 0.000206557 0.238614 0.060247 0.0801861 0.00444045 0.141433 0.217088 0.181885 0.00920735 
2.89039e-07 1.65771e-07 0.00700747 5.87353e-10 0.951276 6.78358e-07 0.0128777 0.000769446 0.00276901 0.00147682 0.0238212 7.43529e-07 
2.66751e-11 0.0187555 0.0460158 1.77973e-08 0.735223 0.0178691 0.0292598 6.26716e-08 0.0862904 0.00962472 0.0557518 0.00120973 
5.40656e-07 0.0127427 0.148827 0.000253042 0.328927 0.0450855 0.148238 0.00139311 0.0926451 0.0739443 0.143449 0.00449537 
1.54501e-12 0.00465387 0.00123291 0.000791294 0.966475 0.000533349 5.42299e-05 0.00270325 0.0142342 0.000250293 0.00906645 5.25996e-06 
1.54108e-07 8.39549e-08 4.64846e-10 6.68806e-06 0.955616 1.60076e-05 1.19268e-06 0.00114038 0.0319335 0.00983289 0.00144582 7.54852e-06 
0.000569145 0.00011231 0.04077 0.000680369 0.767366 0.0639881 0.0055538 8.03327e-05 0.0297073 0.00358192 0.0866423 0.000947972 
1.03745e-06 0.00170046 0.0328921 2.36707e-06 0.809901 0.00348651 0.00758526 0.000257285 0.120423 0.0146103 0.00638612 0.00275509 
1.05178e-05 0.0202201 0.0254823 1.37645e-05 0.463526 0.00192267 7.91872e-05 4.34561e-06 0.403768 0.0461823 0.0287517 0.0100394 
9.26431e-10 1.30565e-07 0.00165554 8.81746e-10 0.900409 1.40004e-07 3.07736e-10 2.73406e-07 0.0954844 1.20981e-07 0.0024503 8.2159e-10 
0.00101095 0.00505996 0.078953 0.000456797 0.502125 0.0315121 0.0220494 0.00704034 0.0990928 0.063516 0.189178 5.23838e-06 
0.00396233 0.00222898 0.27028 0.00204817 0.323275 0.0382967 0.126755 0.0976879 0.0300088 0.019091 0.0863373 2.77743e-05 
2.27148e-05 0.00909295 0.0121921 0.000761325 0.686662 0.0129151 0.00503919 0.000119599 0.0961897 0.0241754 0.149848 0.00298257 
8.0782e-05 0.000986505 0.0302218 0.000298677 0.834811 0.0226712 0.00265132 0.000151176 0.0468983 0.00873725 0.0519736 0.000517962 
7.0952e-05 0.00671664 0.022076 0.000374991 0.444494 0.0642996 0.00801824 9.51093e-05 0.0735512 0.0352053 0.343536 0.00156156 
0.00131495 0.00307803 0.0483802 1.6036e-05 0.707605 0.00745222 0.0134492 0.000129992 0.0936976 0.00543066 0.118884 0.000561914 
5.78943e-06 4.67147e-06 0.0111827 1.14124e-06 0.513071 0.0709295 0.0137914 5.70438e-05 0.0476309 0.184189 0.158246 0.00089145 
0.000253608 0.0112099 0.180664 0.0933177 0.301453 0.00894958 0.0214849 0.00125253 0.0812053 0.00357377 0.197787 0.0988486 
1.54671e-07 6.40093e-06 0.0197819 1.47211e-07 0.450521 0.000135899 0.00104541 0.0670981 0.0147712 0.443883 0.000767632 0.00198978 
1.54501e-12 0.00465387 0.00123291 0.000791294 0.966475 0.000533349 5.42299e-05 0.00270325 0.0142342 0.000250293 0.00906645 5.25996e-06 
0.0100619 0.000592997 0.0401533 1.48539e-10 0.418594 0.0025931 0.322133 0.00180654 0.126708 0.0429002 0.0275191 0.006938 
1.50609e-07 2.79472e-08 1.4903e-08 0.0111923 0.980819 0.000123231 0.00635105 0.00130851 5.19931e-06 2.32565e-08 0.000200644 1.33565e-07 
9.47557e-06 7.67549e-05 0.0736257 1.51393e-05 0.747013 0.0226326 2.06247e-05 4.45133e-05 0.0942781 0.0036116 0.0586712 1.82265e-06 
1.77307e-06 0.00157744 0.0128345 5.47763e-07 0.54671 0.00562592 0.00330239 0.000717556 0.26637 0.0426103 0.118422 0.00182857 
1.54501e-12 0.00465387 0.00123291 0.000791294 0.966475 0.000533349 5.42299e-05 0.00270325 0.0142342 0.000250293 0.00906645 5.25996e-06 
1.54501e-12 0.00465387 0.00123291 0.000791294 0.966475 0.000533349 5.42299e-05 0.00270325 0.0142342 0.000250293 0.00906645 5.25996e-06 
9.61752e-08 0.0196777 0.105727 0.00542931 0.4879 0.175567 0.0104065 0.00905177 0.0489808 0.0326555 0.100151 0.00445276 
6.37303e-06 0.000222179 0.103829 1.55988e-05 0.755377 0.0445261 0.017088 0.000351199 0.0124782 0.0181346 0.0475493 0.000422171 
0.00167838 0.0262476 0.112066 4.08904e-05 0.282101 0.0361046 0.0470349 0.0769738 0.14509 0.0354467 0.234518 0.00269852 
8.23411e-10 1.05795e-07 0.00115172 2.43466e-07 0.969745 0.00192359 0.000309374 4.15734e-05 0.0178979 0.0023082 0.00656796 5.43228e-05 
1.54501e-12 0.00465387 0.00123291 0.000791294 0.966475 0.000533349 5.42299e-05 0.00270325 0.0142342 0.000250293 0.00906645 5.25996e-06 
1.54501e-12 0.00465387 0.00123291 0.000791294 0.966475 0.000533349 5.42299e-05 0.00270325 0.0142342 0.000250293 0.00906645 5.25996e-06 
0.000823225 0.0480939 0.177493 0.000417251 0.510153 0.093708 0.00394349 0.0323831 0.00266255 0.0128988 0.115876 0.00154854 
1.44308e-06 0.00173142 0.109929 3.10033e-11 0.515898 0.00935231 0.00511022 0.000139357 0.0676473 0.0785949 0.211596 4.39129e-07 
1.61033e-08 2.6659e-06 0.00848725 2.81111e-07 0.712216 1.7251e-07 0.000846968 2.63663e-07 0.0313101 0.0114049 0.235503 0.000227982 
0.000229819 0.00908351 0.0278404 0.00197994 0.49884 0.0777086 0.068664 0.00983345 0.0914143 0.0720317 0.142142 0.000232202 
1.81777e-08 0.0285304 0.00274425 1.57829e-07 0.691302 0.00845207 0.0143467 0.000161386 0.243525 2.24742e-05 0.0105326 0.000383634 
2.39834e-11 0.000178254 0.0480003 2.28267e-11 0.866668 0.00100423 1.37983e-06 1.16444e-07 0.0668657 0.00168076 0.0156016 6.80831e-08 
2.90376e-06 1.8509e-06 1.28269e-05 9.86457e-06 0.799403 4.52269e-05 0.0270345 0.00164711 0.0384481 5.00471e-06 0.133388 8.94226e-07 
2.54802e-06 0.000514345 0.0123184 1.71278e-09 0.667546 2.94901e-07 0.0119186 2.4685e-07 0.207 0.0150361 0.0856611 1.49431e-06 
1.54501e-12 0.00465387 0.00123291 0.000791294 0.966475 0.000533349 5.42299e-05 0.00270325 0.0142342 0.000250293 0.00906645 5.25996e-06 
5.34335e-09 0.000173917 0.0372643 1.95891e-06 0.628288 0.0961615 6.93815e-06 2.07973e-06 0.0108524 0.119948 0.106209 0.00109113 
2.7562e-09 2.45544e-06 0.00756988 3.15054e-06 0.970992 1.97902e-06 0.0214091 1.07919e-05 4.29279e-08 4.25602e-10 2.11611e-06 8.06859e-06 
1.91524e-07 0.000143109 0.0123928 9.1471e-05 0.820392 0.0297737 0.00592111 5.99885e-08 0.00374841 0.0895016 0.0309604 0.00707482 
9.5401e-10 1.78798e-08 1.70016e-07 4.63169e-06 0.99999 1.36973e-10 1.36297e-06 1.28519e-06 7.39244e-11 1.47315e-10 5.23142e-11 2.96201e-06 
1.54501e-12 0.00465387 0.00123291 0.000791294 0.966475 0.000533349 5.42299e-05 0.00270325 0.0142342 0.000250293 0.00906645 5.25996e-06 
2.30088e-06 9.09174e-05 0.0571709 0.000213072 0.611046 0.0685408 1.72661e-05 0.000239305 0.0718906 0.00452069 0.186133 0.000135159 
6.12405e-05 3.74488e-05 0.0369411 0.000696081 0.815061 0.00345447 0.0051397 5.40803e-05 0.0440132 0.062843 0.0313244 0.000374196 
0.000433249 0.0161844 0.0417142 3.73119e-07 0.840369 2.86801e-06 0.00101038 1.00071e-05 0.041456 0.0171707 0.0380919 0.00355653 
2.34962e-08 0.149058 0.0756513 1.85267e-05 0.256836 0.00926576 0.241744 1.82242e-06 0.176508 0.00439513 0.0670839 0.0194371 
1.54501e-12 0.00465387 0.00123291 0.000791294 0.966475 0.000533349 5.42299e-05 0.00270325 0.0142342 0.000250293 0.00906645 5.25996e-06 
7.8181e-05 0.0192687 0.0437095 6.19157e-06 0.538712 0.00209358 0.0145178 0.000208596 0.255263 0.0142285 0.111623 0.00029168 
4.49991e-07 0.0529796 0.0462967 0.000228078 0.329065 0.0843269 0.0225429 0.000536898 0.182773 0.0435754 0.194839 0.0428364 
1.63649e-06 9.94198e-05 0.0326319 0.00370054 0.827574 0.00462934 0.0310106 0.000556027 0.0241049 0.000133708 0.075279 0.000278555 
5.11378e-06 0.00301813 0.0696499 0.000710431 0.529377 0.0203366 0.00780796 0.00181501 0.294002 0.000423261 0.0728015 5.27957e-05 
5.45093e-06 0.00964322 0.145962 3.18745e-06 0.714788 0.00387563 0.0102404 0.00155324 0.00893929 0.0550074 0.0493553 0.000627135 
0.00435293 0.000186885 0.00563738 1.08288e-05 0.979135 0.000158683 0.000179652 7.44556e-05 0.0038843 0.000543055 0.00519028 0.000646767 
1.35957e-07 0.0216964 0.070469 0.000184922 0.648248 0.00210875 0.00159225 0.000388014 0.129166 0.00177236 0.122351 0.0020228 
3.92078e-08 0.0409861 0.34582 3.84028e-05 0.39589 0.000643501 0.0862584 0.0025768 0.0478674 0.0329859 0.0449657 0.00196701 
7.50625e-06 0.00525516 0.0864124 0.00010133 0.4764 0.0499592 0.0232061 0.000107177 0.0800592 0.0144371 0.252107 0.0119486 
0.000897145 0.0228948 0.202253 0.0016302 0.335449 0.105401 0.0178453 0.00994915 0.0562423 0.125041 0.102756 0.0196406 
3.2444e-06 0.074676 0.0146804 4.6724e-06 0.672308 0.0452138 0.00734781 7.56631e-06 0.057614 0.0434636 0.0846665 1.43477e-05 
0.0539937 0.00952183 0.0939564 0.000108523 0.46531 0.0117288 0.0513773 0.00454525 0.245401 0.0106535 0.0530669 0.000337155 
7.84441e-07 0.0304356 0.14742 0.000136423 0.546915 0.0081119 4.22788e-05 0.000209991 0.0263718 0.0558409 0.171394 0.0131205 
0.000195047 1.63905e-05 0.00951451 0.000655473 0.913502 0.00211087 0.000802711 5.7168e-05 0.0126747 0.050435 0.0048064 0.00522947 
1.5027e-06 0.000308726 0.0376143 0.000270646 0.574735 0.0118412 0.00534495 0.00023552 0.182429 0.0615731 0.12411 0.00153668 
8.23411e-10 1.05795e-07 0.00115172 2.43466e-07 0.969745 0.00192359 0.000309374 4.15734e-05 0.0178979 0.0023082 0.00656796 5.43228e-05 
9.58141e-06 4.17613e-05 0.0102674 0.000266639 0.492124 0.31117 0.000678819 0.000186271 0.00369465 0.0276704 0.140321 0.013569 
5.71803e-08 9.87304e-07 0.0647859 0.0466958 0.489742 0.145579 0.00188845 2.09827e-05 0.0172324 0.0684894 0.165531 3.37691e-05 
0.000334055 0.000211886 0.0439387 9.95523e-07 0.900098 0.00555406 2.12465e-06 1.77121e-05 0.00768808 0.0286496 0.0134825 2.18325e-05 
8.32826e-07 1.5454e-07 8.24096e-08 7.92657e-07 0.999911 4.23934e-05 2.76643e-07 2.60855e-07 6.45341e-08 1.28602e-07 4.3548e-05 7.38579e-07 
0.0523761 2.12362e-06 0.0813159 9.08186e-08 0.320374 0.0598118 0.000735006 1.24082e-06 0.0126571 0.183853 0.288682 0.000192114 
3.08326e-07 6.29102e-06 0.110889 0.00731782 0.480061 0.15176 0.0607044 0.00335201 0.0160746 0.000960808 0.168075 0.000798386 
1.28372e-07 0.0235071 0.0321758 0.00409901 0.500364 0.154073 0.0077865 7.61789e-05 0.00169207 0.00119243 0.274673 0.000360473 
1.81246e-05 0.00635357 0.0386261 0.00136867 0.35722 0.121119 0.000155056 0.000256619 0.305268 0.0226858 0.146105 0.000824248 
1.54778e-05 0.00339846 0.0514344 0.000182273 0.775934 0.0312309 0.000345337 0.000223652 0.0522517 0.0308248 0.0465852 0.00757363 
0.00167198 0.000204556 0.146135 0.233148 0.442796 0.0282362 0.00386969 0.000207747 0.114776 0.00796239 0.0158649 0.0051268 
0.00238285 0.000245227 0.233038 0.000221794 0.441232 0.0122113 0.106916 0.105405 0.0142843 0.024759 0.0592824 2.15537e-05 
4.51754e-05 8.38366e-07 0.0317588 2.1949e-05 0.791953 0.0182427 0.00420238 0.00256907 0.0555235 0.0264388 0.069226 1.77045e-05 
0.000563238 0.0333031 0.212021 5.8287e-08 0.227032 0.00973664 0.0378512 0.00146615 0.184552 0.213689 0.073219 0.00656732 
1.86888e-05 0.00212348 0.0538969 0.000792665 0.45936 0.0297426 0.00061581 6.14193e-06 0.164918 0.010396 0.278127 2.2814e-06 
0.000997443 0.000239554 0.316096 0.000812443 0.376577 0.0200089 0.215979 0.0147597 0.00352411 0.0503978 0.000607072 1.23595e-07 
1.54501e-12 0.00465387 0.00123291 0.000791294 0.966475 0.000533349 5.42299e-05 0.00270325 0.0142342 0.000250293 0.00906645 5.25996e-06 
7.77678e-07 0.0080374 0.0810801 9.57503e-07 0.729662 0.000397426 0.000942299 2.04158e-07 0.100259 0.0239135 0.0534987 0.00220781 
2.23753e-10 3.94481e-07 4.83558e-06 1.46964e-06 0.975199 0.019791 7.43249e-11 1.56293e-06 1.98697e-06 3.45512e-11 0.000924836 0.00407445 
5.45287e-05 0.00124108 0.114479 0.000107885 0.555285 0.0421463 0.00264861 0.000200625 0.0239924 0.0114001 0.248291 0.000153215 
0.000403683 0.00298116 0.139815 3.8175e-05 0.343056 0.140654 0.0302704 0.000679561 0.0505426 0.0247367 0.266095 0.000727785 
3.31459e-06 2.00063e-09 1.06685e-09 9.99217e-05 0.994501 2.96622e-06 2.59036e-06 0.00225792 2.52718e-06 1.66484e-09 0.00313007 9.56138e-09 
1.08058e-08 0.114071 0.0486353 7.82991e-05 0.390577 0.00617186 0.00262439 0.000207582 0.199475 0.00112275 0.23696 7.71002e-05 
1.32074e-05 0.0752132 0.049536 1.61848e-05 0.609261 0.0657351 9.073e-06 2.99795e-06 0.101168 0.0203387 0.0776745 0.00103154 
2.18986e-05 0.00058434 0.0331676 6.34569e-05 0.600265 0.00826716 0.231822 0.00194701 0.0462847 0.0170667 0.0604509 5.91687e-05 
3.24881e-07 0.00366274 0.00418541 0.000666379 0.679028 0.291661 0.00206524 1.01758e-07 0.000632363 0.00727033 0.0108276 2.88115e-07 
0.0114677 0.000475353 0.0310561 0.000229117 0.451983 0.10876 0.289242 0.0258914 0.00798177 0.0459488 0.0268498 0.000114848 
1.27511e-06 0.000157522 0.0262652 0.226242 0.539439 0.111365 0.000102428 0.00237976 0.0421346 0.0117946 0.0297799 0.0103391 
1.54501e-12 0.00465387 0.00123291 0.000791294 0.966475 0.000533349 5.42299e-05 0.00270325 0.0142342 0.000250293 0.00906645 5.25996e-06 
8.23411e-10 1.05795e-07 0.00115172 2.43466e-07 0.969745 0.00192359 0.000309374 4.15734e-05 0.0178979 0.0023082 0.00656796 5.43228e-05 
0.00240359 2.45479e-05 0.148409 5.19475e-07 0.680642 0.0224689 0.00247965 9.86967e-06 0.0626763 0.0583011 0.021304 0.00127999 
0.000293496 7.09418e-08 0.157778 0.001661 0.350322 0.153608 0.00174892 0.000202664 0.00680389 0.00638725 0.321194 7.23433e-07 
3.85038e-05 0.000744067 0.0151887 0.00011499 0.915432 0.0133815 1.98113e-08 6.35097e-06 0.0447897 0.000144862 0.0100981 6.14212e-05 
3.05111e-05 0.0263982 0.0118905 3.18272e-07 0.666791 0.0291251 0.00941815 0.000160261 0.137639 0.0353054 0.0814306 0.0018104 
0.000253608 0.0112099 0.180664 0.0933177 0.301453 0.00894958 0.0214849 0.00125253 0.0812053 0.00357377 0.197787 0.0988486 
4.06391e-06 3.20963e-06 0.0154646 4.94316e-07 0.695425 6.71365e-09 1.72519e-07 3.52735e-06 0.0139954 0.103568 0.148613 0.0229226 
8.80547e-05 0.00808398 0.0385512 1.26188e-05 0.357492 0.0397404 0.0595945 0.00127369 0.250172 0.000698011 0.244166 0.000127791 
1.1693e-06 1.8018e-05 0.000109506 8.22717e-05 0.583305 0.000259895 0.142088 0.000177787 9.06068e-08 0.000402961 0.260333 0.0132228 
1.62324e-05 0.00394416 0.0445427 0.000420819 0.835903 0.0157837 0.0409581 0.000248696 0.0162615 0.00669849 0.0351881 3.43255e-05 
1.06576e-08 1.97764e-09 1.05459e-09 1.01436e-08 0.941282 7.49942e-06 3.54017e-09 3.33814e-09 0.0586834 2.36998e-05 3.68245e-06 9.45152e-09 
4.02904e-06 0.0230449 0.00165088 0.000306466 0.690213 0.00261182 0.00595111 0.000890597 0.126049 0.0493399 0.0996575 0.000281075 
0.000438899 3.66879e-06 0.0104079 6.73358e-09 0.839475 3.87056e-06 9.73706e-06 2.21595e-09 0.0977846 2.47362e-05 0.0511723 0.000678908 
2.47741e-10 0.00599809 0.000309281 7.35666e-07 0.963854 5.98499e-05 3.9824e-05 0.000212654 0.0172412 3.10198e-07 0.0122833 4.25936e-07 
6.50412e-05 0.0102376 0.143074 1.40301e-06 0.414022 0.0319084 0.00435313 1.07862e-05 0.0463622 0.0961205 0.253141 0.000703664 
1.54501e-12 0.00465387 0.00123291 0.000791294 0.966475 0.000533349 5.42299e-05 0.00270325 0.0142342 0.000250293 0.00906645 5.25996e-06 
0.000172764 0.000576719 0.0750303 0.00233027 0.468344 0.146894 0.00502076 0.00377042 0.107649 0.0568124 0.130277 0.00312232 
3.36383e-06 0.00182053 0.0244594 0.000194591 0.797562 0.0126474 6.57816e-05 1.02183e-06 0.027451 0.0521542 0.0835449 9.63613e-05 
0.00031934 0.0230883 0.0988825 4.31615e-09 0.443164 0.0480137 4.79676e-07 1.44752e-05 0.0589015 0.125384 0.201389 0.00084292 
8.1997e-10 0.0336252 0.0269353 0.000516269 0.378066 0.0330918 0.00625112 0.000874157 0.369989 0.0170007 0.133649 5.40096e-07 
1.54501e-12 0.00465387 0.00123291 0.000791294 0.966475 0.000533349 5.42299e-05 0.00270325 0.0142342 0.000250293 0.00906645 5.25996e-06 
0.0016722 0.0101 0.157052 3.64443e-06 0.509357 0.0391475 0.00534283 0.000146461 0.0825866 0.108818 0.0833675 0.00240724 
2.0121e-08 0.0185471 0.0691081 1.15491e-08 0.726209 0.0122443 0.000137869 8.61678e-06 0.0417646 0.0691823 0.0626251 0.000173393 
9.67394e-07 0.000133491 0.189133 3.30409e-06 0.567262 0.0177473 0.0766988 0.0425626 0.0155719 0.0522446 0.0372222 0.00141928 
6.78614e-06 0.00232155 0.0129692 0.000652227 0.448446 0.00355483 0.00552049 0.000889844 0.180868 0.000389295 0.284129 0.0602529 
0.0636746 0.000110972 0.0706554 0.000929427 0.605552 0.152697 0.0370652 0.0404935 0.00745948 0.0125555 0.00880654 4.24402e-07 
5.02486e-08 0.00147031 0.0678664 1.6417e-05 0.814355 0.0185539 0.00210083 3.4548e-05 0.0514627 0.00131098 0.0414601 0.00136844 
1.28842e-06 1.63402e-05 0.326691 0.000675023 0.358888 0.0157799 0.000505986 4.36755e-05 0.120332 0.0335132 0.0437434 0.0998103 
1.07468e-08 0.0244499 0.00379272 0.000851829 0.902861 0.000349379 0.0167525 0.00392548 0.0399297 0.00159314 0.000474501 0.00501956 
4.8338e-08 0.00539838 0.0999683 0.000130896 0.443882 0.269049 0.000163358 0.000343413 0.0787332 0.0276446 0.0696959 0.00499107 
1.54501e-12 0.00465387 0.00123291 0.000791294 0.966475 0.000533349 5.42299e-05 0.00270325 0.0142342 0.000250293 0.00906645 5.25996e-06 
4.21239e-07 0.000126406 0.205975 2.72898e-05 0.44644 0.0061388 0.00183152 1.24979e-05 0.0704257 0.106735 0.161938 0.000349524 
6.1549e-09 3.20736e-05 0.0614601 0.00624615 0.572999 0.0821143 0.00113299 0.000820422 0.0481751 0.026621 0.200388 1.05774e-05 
6.7888e-05 0.015669 0.0332939 0.000205461 0.618141 0.0527561 0.00468785 0.00183838 0.20058 0.0163267 0.0476581 0.00877528 
1.30426e-05 0.011761 1.30544e-05 1.30433e-05 0.358972 1.30538e-05 0.332822 0.0665761 0.135782 1.30537e-05 0.0940086 1.30441e-05 
3.68577e-06 0.0108096 0.0152554 3.9154e-05 0.366845 0.196875 0.00027404 0.00301121 0.0908929 0.000707649 0.302132 0.0131545 
0.000422979 0.0368511 0.188521 0.000474953 0.326569 0.298707 0.0366452 0.00354931 0.0561157 0.00654349 0.0418269 0.0037737 
0.000284535 0.00650874 0.156362 6.76458e-06 0.394859 0.00303191 0.00780434 4.44433e-05 0.0329325 0.0245275 0.32216 0.0514791 
9.95171e-05 0.0262292 0.0822618 0.00763686 0.479703 0.0104333 0.0400173 0.000476993 0.200185 0.0217004 0.129825 0.00143163 
5.36036e-07 0.0623887 0.0685547 1.3231e-07 0.418392 0.0121707 0.0229998 6.2164e-05 0.0743442 0.182533 0.158244 0.000310183 
6.95534e-09 0.00015582 0.0166184 0.00140439 0.63545 0.170637 0.000456588 4.1165e-05 0.00602984 1.59841e-10 0.169119 8.78572e-05 
0.0123935 0.0288547 0.06813 4.95901e-05 0.51607 0.131428 0.0266975 0.00456274 0.0822659 0.0268593 0.0937217 0.00896782 
0.00564042 0.00491355 0.0805417 0.0906856 0.280848 0.0985458 0.23417 0.00426596 0.0583459 0.0455929 0.0941019 0.00234811 
1.07468e-08 0.0244499 0.00379272 0.000851829 0.902861 0.000349379 0.0167525 0.00392548 0.0399297 0.00159314 0.000474501 0.00501956 
2.59596e-07 0.00048885 0.0117491 0.0764302 0.435016 0.0357178 0.000200506 0.0873558 0.0140019 0.0015629 0.337318 0.000158809 
0.00356592 0.00443946 0.0631363 1.2518e-07 0.705194 0.00132748 0.0167117 0.000196575 0.0885323 0.010123 0.106402 0.000371879 
1.65586e-06 0.00758589 0.0337047 1.8865e-05 0.808976 0.00477731 0.0195589 0.000787358 0.0708223 0.0259644 0.0154783 0.0123239 
1.63849e-07 3.45648e-06 0.00275916 7.65843e-06 0.994473 1.48519e-06 0.00129672 3.20002e-06 0.000795329 2.01791e-06 0.000658276 3.84759e-09 
4.90769e-05 0.0011858 0.000353557 0.000644466 0.93069 0.0031823 2.83828e-07 5.25509e-05 0.000387456 0.0208773 0.0423955 0.000181687 
3.02089e-05 1.55913e-05 0.0505596 0.000264262 0.920436 0.00031672 0.000775182 0.0014914 0.00857118 0.0146166 0.00235853 0.000564257 
1.1584e-05 0.0378718 0.0071982 9.55683e-05 0.667953 0.00362343 0.0026997 0.000585888 0.184191 0.007392 0.057363 0.0310147 
1.50765e-07 7.02479e-07 0.0259364 8.96271e-11 0.341879 0.00218945 0.0188439 8.26164e-08 0.262377 0.0396173 0.308435 0.000722131 
3.14352e-07 1.62605e-07 0.227854 0.00034113 0.708763 0.00838916 0.00213771 8.20526e-08 0.012215 0.028458 0.0118398 1.37683e-06 
0.00552479 0.0245136 0.089 0.00584141 0.603536 0.0380317 0.109652 0.0479712 0.0480633 0.00136458 0.0239696 0.00253255 
0.00078356 0.0217605 0.129048 0.00132315 0.391809 0.169853 0.0100292 0.000213202 0.0623688 0.120388 0.0851813 0.00724203 
1.22183e-05 0.00125481 0.0149194 0.227298 0.693806 0.00472033 0.00276851 0.00834769 0.0313062 0.00833152 0.00723468 1.04482e-06 
0.0330539 0.00125239 0.0827106 0.000540005 0.344861 3.76569e-05 0.000380124 0.000973481 0.126215 0.112597 0.286528 0.0108506 
1.2963e-06 5.67241e-10 0.00129861 0.000569679 0.516599 3.37979e-06 1.01542e-09 2.52793e-07 0.14301 0.144329 0.193305 0.000883981 
0.000538409 0.000133053 0.000510853 2.43295e-06 0.917658 0.0158772 8.49116e-07 8.00659e-07 0.00199634 0.0630991 0.000180799 2.26697e-06 
6.53789e-08 0.00349698 0.0252324 0.000109571 0.790411 0.0458489 0.00153965 3.34457e-05 0.0698856 0.00686709 0.0565619 1.33458e-05 
1.02771e-06 0.000370509 0.0295326 1.53231e-05 0.613691 0.00450694 2.05564e-05 4.19922e-05 0.195765 0.0126657 0.143322 6.77095e-05 
1.54501e-12 0.00465387 0.00123291 0.000791294 0.966475 0.000533349 5.42299e-05 0.00270325 0.0142342 0.000250293 0.00906645 5.25996e-06 
1.54501e-12 0.00465387 0.00123291 0.000791294 0.966475 0.000533349 5.42299e-05 0.00270325 0.0142342 0.000250293 0.00906645 5.25996e-06 
5.91254e-07 7.9063e-05 0.0443125 5.62736e-07 0.812985 0.00292764 2.86663e-05 5.78489e-05 0.00634138 0.00507637 0.128049 0.000141423 
1.54501e-12 0.00465387 0.00123291 0.000791294 0.966475 0.000533349 5.42299e-05 0.00270325 0.0142342 0.000250293 0.00906645 5.25996e-06 
0.144474 0.000293746 0.00397037 7.48471e-06 0.672709 0.00120867 7.31054e-09 6.89334e-09 0.165154 8.59711e-06 0.0121735 1.95176e-08 
5.2956e-09 0.00611876 0.0344787 2.24808e-05 0.596851 0.00847152 0.0857911 0.00120458 0.080837 0.0579126 0.127347 0.000964893 
8.61334e-05 0.0217259 0.0551297 0.00543862 0.364486 0.0116386 0.00193573 0.000179713 0.286488 0.00474856 0.247648 0.000495996 
4.63022e-06 0.000712174 0.0993363 5.89435e-06 0.378333 0.01959 0.321548 0.125866 0.0126644 0.0108987 0.0310396 4.85486e-07 
0.0012332 0.00275473 0.00115526 1.78785e-06 0.527179 0.0155388 0.00437893 5.72915e-05 0.20115 0.00620974 0.238051 0.00229046 
8.81705e-10 0.000456097 0.0629025 9.70243e-05 0.622221 0.00493395 0.0414787 0.229836 0.00505084 0.0063262 0.0266971 1.74926e-07 
1.01389e-05 0.0199342 0.255831 0.00311067 0.435335 0.0428179 0.0119752 0.00047984 0.154502 0.00301776 0.0567118 0.0162751 
1.20201e-05 0.000117743 0.0352057 6.33505e-05 0.63943 0.0244149 0.00107333 7.23739e-05 0.116776 0.00162961 0.180956 0.000249762 
2.89039e-07 1.65771e-07 0.00700747 5.87353e-10 0.951276 6.78358e-07 0.0128777 0.000769446 0.00276901 0.00147682 0.0238212 7.43529e-07 
8.06778e-08 0.000268521 5.65259e-07 3.87388e-11 0.919216 1.26631e-10 0.00029118 2.30052e-08 0.0254663 0.000552034 0.0508395 0.00336591 
6.71665e-08 2.62912e-06 0.347477 6.39269e-08 0.425797 0.140611 6.11514e-05 1.19885e-06 0.0850071 3.51114e-05 0.000979019 2.86834e-05 
1.01926e-07 0.0003502 0.00798627 0.000856586 0.555053 0.0836145 0.00115511 5.01465e-05 0.083027 0.018942 0.248787 0.000178141 
0.0560859 3.34808e-05 0.0627076 3.18519e-05 0.716055 0.00455115 0.0839733 0.00224784 0.0245188 0.00638311 0.0433121 0.000100184 
2.47416e-06 0.0262198 0.00171052 8.74995e-05 0.55701 0.0259672 0.0262537 0.000180955 0.353295 0.00105182 0.00705714 0.00116426 
0.000699919 0.0103425 0.151331 0.000858917 0.374448 0.134091 0.0420869 0.0379423 0.108968 0.0223796 0.10102 0.0158326 
1.26472e-05 0.00036745 0.0960892 0.00253476 0.58235 0.0449455 0.0581995 0.025712 0.0329788 0.00174805 0.154931 0.000131609 
0.000228948 0.169423 0.12081 0.0413715 0.301607 0.00180059 0.0180183 0.00200441 0.295485 0.00560222 0.0434484 0.000200159 
1.54501e-12 0.00465387 0.00123291 0.000791294 0.966475 0.000533349 5.42299e-05 0.00270325 0.0142342 0.000250293 0.00906645 5.25996e-06 
