3.2493e-05 0.0341884 0.126037 0.022837 0.401491 0.12834 0.00118924 0.00051007 0.0422643 0.0221042 0.220968 3.772e-05 
0.000901307 0.044167 0.134723 1.99117e-05 0.444776 0.0587996 0.0331017 0.00753324 0.135031 0.10683 0.0331012 0.00101541 
1.54501e-12 0.00465387 0.00123291 0.000791294 0.966475 0.000533349 5.42299e-05 0.00270325 0.0142342 0.000250293 0.00906645 5.25996e-06 
0.000440697 0.000308341 0.0247405 0.000373846 0.870965 0.0347374 1.68827e-05 9.13121e-05 0.0319758 0.00044262 0.029294 0.00661343 
1.54501e-12 0.00465387 0.00123291 0.000791294 0.966475 0.000533349 5.42299e-05 0.00270325 0.0142342 0.000250293 0.00906645 5.25996e-06 
9.25222e-07 4.50447e-06 0.000368718 8.80596e-07 0.871753 0.00855885 0.00490214 2.89795e-07 0.047589 0.0094648 0.0573515 5.54716e-06 
2.93543e-08 0.0415244 0.171027 6.04869e-07 0.32123 0.0179652 7.40535e-05 4.81956e-05 0.157168 0.116755 0.0440239 0.130183 
7.14273e-06 0.000101859 0.00780825 6.94457e-08 0.646618 0.0179438 0.00170368 1.44138e-05 0.217398 0.0287276 0.0796738 3.16604e-06 
0.00435293 0.000186885 0.00563738 1.08288e-05 0.979135 0.000158683 0.000179652 7.44556e-05 0.0038843 0.000543055 0.00519028 0.000646767 
0.0167661 0.00176498 0.135686 2.62679e-05 0.461924 0.0266031 0.0686073 0.00106406 0.106311 0.0144212 0.166287 0.000539599 
0.000104694 0.00856899 0.0429873 2.07375e-09 0.336172 0.0232825 0.00491573 4.07522e-05 0.285571 0.0901761 0.156329 0.0518524 
1.54501e-12 0.00465387 0.00123291 0.000791294 0.966475 0.000533349 5.42299e-05 0.00270325 0.0142342 0.000250293 0.00906645 5.25996e-06 
0.000355468 9.56859e-05 0.0019472 0.00092333 0.77804 0.105416 0.066033 0.00158907 0.000686144 0.000648116 0.0300811 0.0141847 
8.1345e-12 0.02943 0.00192992 4.04712e-05 0.860446 0.000225861 0.000164224 0.000606375 0.0444689 4.43184e-05 0.0626292 1.45705e-05 
1.54501e-12 0.00465387 0.00123291 0.000791294 0.966475 0.000533349 5.42299e-05 0.00270325 0.0142342 0.000250293 0.00906645 5.25996e-06 
1.04732e-07 0.00308065 0.0580942 1.37116e-06 0.433352 0.0140688 0.000744507 9.45012e-06 0.234932 0.0958818 0.158926 0.000909894 
1.58832e-05 0.000377734 0.0782687 0.00131417 0.569532 0.124458 0.024849 0.021531 0.0171391 0.00467926 0.157715 0.000119547 
1.60231e-05 0.0211047 0.0325331 0.000413881 0.822066 0.00142832 0.000516722 5.94707e-06 0.00315406 0.00244106 0.115626 0.000694168 
0.000289642 0.00286173 0.147156 0.00310407 0.415641 0.0374762 0.0117831 1.83705e-05 0.226497 0.0304477 0.124704 2.15719e-05 
0.000746181 0.00117552 0.0477313 6.63767e-06 0.611636 0.038583 0.00653079 0.00321269 0.0828377 0.149677 0.0504709 0.00739277 
2.8199e-05 0.000321103 0.0269819 0.000229418 0.632529 0.00299343 3.52803e-06 0.000322569 0.0958198 0.0899625 0.1501 0.00070914 
3.56642e-07 0.000220863 0.0352539 2.5692e-07 0.706987 0.00556692 0.0222994 0.00164604 0.143805 0.00541782 0.057149 0.0216534 
1.54501e-12 0.00465387 0.00123291 0.000791294 0.966475 0.000533349 5.42299e-05 0.00270325 0.0142342 0.000250293 0.00906645 5.25996e-06 
6.3956e-10 0.0167737 0.0525103 6.36345e-05 0.68014 0.0655101 0.0136121 0.000397568 0.0373527 0.000637168 0.132324 0.000678694 
0.000152654 0.0172041 0.057759 0.000208428 0.558306 0.0172183 0.00207796 0.000514339 0.0240574 0.00220969 0.319517 0.00077544 
6.00225e-06 0.00323635 0.0119392 0.000464179 0.529908 0.0562939 0.138684 0.0287806 0.140777 0.000725568 0.0891161 6.91799e-05 
1.47525e-06 0.0012706 0.0103754 0.000191282 0.784785 0.0367453 2.01782e-05 0.000156419 0.0437422 0.0010048 0.118275 0.00343243 
6.82036e-07 0.00013831 0.11395 0.000665612 0.335551 0.0176613 0.019687 1.60404e-05 0.143675 0.220798 0.121845 0.0260124 
2.11324e-05 0.0535238 0.0106357 1.14225e-05 0.805837 0.0242989 0.0103856 0.000265762 0.0589657 0.0315427 0.000349685 0.00416222 
1.54571e-08 0.000522763 0.0183947 1.56385e-05 0.911323 0.00348324 4.36461e-06 4.21913e-05 0.0211339 0.0115886 0.033402 8.9684e-05 
5.90456e-09 5.48925e-07 1.85219e-05 5.61977e-09 0.564302 0.0868276 1.96134e-09 1.84941e-09 0.133209 0.215634 7.18833e-06 1.57614e-06 
0.000305993 0.0299414 0.0590686 0.000115067 0.470739 0.00388902 0.000113731 0.000266325 0.242187 0.035031 0.155961 0.00238288 
9.75511e-06 0.022262 0.116113 1.05731e-05 0.341264 0.0450465 0.0527263 0.0822061 0.131066 0.091948 0.0696618 0.0476859 
0.00586932 0.00110138 0.236588 0.00550152 0.338561 0.144252 0.0163407 0.000382397 0.0270488 0.0821246 0.141569 0.000661763 
0.00234438 0.0175303 0.116519 0.000752306 0.530678 0.0916756 0.00168482 2.16657e-05 0.0928002 0.0863569 0.0578557 0.0017812 
1.06264e-05 0.000107913 0.0125094 0.00113258 0.795001 0.0699314 0.000808036 0.00129829 0.00137226 0.0732064 0.0227335 0.0218886 
4.36522e-10 1.94485e-07 0.138287 4.15467e-10 0.66103 0.00831203 2.76967e-06 0.00171092 0.00909808 0.00994157 0.171618 3.87123e-10 
8.85868e-06 0.00027465 0.00898668 7.659e-06 0.859074 0.00671147 0.0107271 0.000284161 0.0971482 0.0028245 0.0104503 0.00350288 
4.0052e-10 0.00415123 0.0105399 3.81202e-10 0.701117 0.0670941 0.000149669 5.69635e-05 0.193586 0.00284811 0.0133077 0.00714888 
0.0202206 0.0212598 0.228487 0.179813 0.350225 0.0432408 0.0813389 9.29373e-05 0.0694648 0.00213764 0.00367266 4.68536e-05 
5.92412e-06 0.0054843 0.00192985 0.000144083 0.452661 0.0240333 0.00025841 0.000193209 0.082388 0.000353296 0.432494 5.46786e-05 
0.000154569 0.000437732 0.0164217 2.64042e-06 0.708232 0.00701461 5.5796e-05 9.3255e-05 0.0259344 0.0389809 0.202669 3.21957e-06 
1.37498e-06 0.0277271 0.0334417 7.30055e-10 0.452821 0.0150777 3.31211e-05 9.64422e-05 0.386906 0.00105024 0.0828451 6.80248e-10 
3.52175e-06 0.00471789 0.0832503 1.86117e-05 0.334271 0.0874554 0.00301076 5.49619e-05 0.269968 0.00104573 0.216073 0.000130536 
2.255e-07 0.0355491 0.0106121 0.0110986 0.83683 0.0129654 2.38922e-05 0.000687002 0.0760116 0.00213176 0.014006 8.38679e-05 
5.94811e-08 0.0235813 0.010285 0.000139939 0.455766 0.00766587 0.00535474 0.00141973 0.0613023 0.000597055 0.432881 0.00100644 
1.45509e-06 1.70194e-05 0.134562 3.45309e-07 0.767573 0.000829366 4.32546e-07 3.80493e-07 0.0635501 0.0307621 0.00269798 6.32753e-06 
0.0026661 3.73267e-05 0.0554353 7.21933e-05 0.597246 0.00698136 0.00531304 4.91244e-05 0.186726 0.0280699 0.116214 0.0011896 
2.2185e-06 6.2043e-06 0.0477587 2.87905e-05 0.792674 0.0922415 0.00329833 3.61474e-05 0.0266114 0.0121695 0.0251619 1.07293e-05 
8.0782e-05 0.000986505 0.0302218 0.000298677 0.834811 0.0226712 0.00265132 0.000151176 0.0468983 0.00873725 0.0519736 0.000517962 
4.01544e-10 0.000631026 0.0832225 0.000435792 0.86372 0.0027734 0.0146496 0.00129048 0.00754808 1.30938e-06 0.0257262 2.04919e-06 
1.74481e-09 0.00358877 0.0875092 0.332524 0.560663 0.00239313 4.78994e-06 2.64111e-05 0.0106981 3.7581e-07 0.00258848 3.23671e-06 
1.54501e-12 0.00465387 0.00123291 0.000791294 0.966475 0.000533349 5.42299e-05 0.00270325 0.0142342 0.000250293 0.00906645 5.25996e-06 
0.111499 5.36144e-07 0.00110566 2.74995e-06 0.790243 0.0932487 9.59752e-07 0.000935117 0.00191015 0.000804268 0.000247036 2.56234e-06 
1.36829e-08 1.87088e-07 7.97148e-05 1.3023e-08 0.604892 0.291744 4.54511e-09 4.28573e-09 8.19971e-06 3.45562e-05 0.0126906 0.0905509 
2.89039e-07 1.65771e-07 0.00700747 5.87353e-10 0.951276 6.78358e-07 0.0128777 0.000769446 0.00276901 0.00147682 0.0238212 7.43529e-07 
3.4058e-10 0.00419094 0.313712 0.211732 0.351865 0.0577123 7.38253e-05 0.000191619 0.0255817 0.00202596 0.0329142 6.12939e-07 
1.54501e-12 0.00465387 0.00123291 0.000791294 0.966475 0.000533349 5.42299e-05 0.00270325 0.0142342 0.000250293 0.00906645 5.25996e-06 
5.34079e-07 0.0108063 0.0895793 3.07668e-05 0.410655 0.0105565 0.0628047 0.000122433 0.234394 0.0106457 0.170344 6.09597e-05 
9.07041e-07 0.000902825 0.0519021 3.98187e-07 0.496325 0.0180512 0.00404681 0.000507357 0.17344 0.108624 0.14515 0.00104929 
1.21415e-09 0.00331064 0.0447159 0.00107988 0.588531 0.00358141 0.0868303 0.00124086 0.203694 0.0240289 0.0387467 0.00423976 
1.3743e-05 0.062602 0.0692112 0.0128541 0.702065 0.00351628 1.4477e-05 0.000158745 0.0531622 0.00380526 0.0925907 5.82867e-06 
6.58123e-09 0.00819566 0.0288496 2.73759e-06 0.606907 0.108847 0.00124237 2.47143e-06 0.116032 0.124961 0.00495639 3.24366e-06 
4.11361e-08 0.000108646 0.151823 3.9152e-08 0.718224 0.0075335 3.85019e-05 1.28845e-08 0.0507613 0.0323357 0.0192109 0.0199637 
7.8492e-07 0.00101315 0.0808867 0.00018023 0.273473 0.187491 0.000104261 0.000255834 0.156903 0.0581768 0.241009 0.000505547 
1.54501e-12 0.00465387 0.00123291 0.000791294 0.966475 0.000533349 5.42299e-05 0.00270325 0.0142342 0.000250293 0.00906645 5.25996e-06 
0.00929988 0.0413837 0.0425406 0.000549988 0.635958 0.0127534 0.00379477 2.81679e-05 0.116188 0.00640029 0.131084 1.95029e-05 
0.000856069 0.000493764 0.0386203 0.166935 0.329103 0.277946 0.00108371 0.000301504 0.0430485 0.0726318 0.0655901 0.00338991 
2.08664e-05 0.00171736 0.0425561 7.93319e-05 0.777701 0.00148171 1.06569e-06 0.000180323 0.0558182 0.0416325 0.0784868 0.000324638 
4.06391e-06 3.20963e-06 0.0154646 4.94316e-07 0.695425 6.71365e-09 1.72519e-07 3.52735e-06 0.0139954 0.103568 0.148613 0.0229226 
1.40203e-06 0.00106245 0.0148478 3.67915e-05 0.796556 0.0455305 0.00146372 0.000328733 0.0706911 0.0243693 0.0405099 0.00460237 
2.5295e-05 0.000956762 0.0226778 4.06806e-06 0.72548 0.0152182 0.000342746 2.05512e-05 0.17198 0.00851604 0.0547332 4.5659e-05 
5.42993e-06 0.0109486 0.161843 0.000534615 0.28407 0.14335 0.00754177 0.000249108 0.112029 0.0872142 0.17868 0.0135337 
3.08326e-07 6.29102e-06 0.110889 0.00731782 0.480061 0.15176 0.0607044 0.00335201 0.0160746 0.000960808 0.168075 0.000798386 
0.00022087 0.026454 0.136106 0.00226961 0.655645 0.00459016 0.00806154 0.000275036 0.103098 0.000165139 0.0625302 0.000585053 
0.0802362 0.000133276 0.145214 1.75737e-07 0.30464 0.0527411 0.0270559 0.000644661 0.107845 0.129687 0.151738 6.38767e-05 
1.78578e-05 0.00992721 0.0106441 6.68834e-05 0.870256 0.00110739 0.000300493 1.48086e-06 0.0179661 0.0383149 0.0500702 0.00132738 
1.36902e-05 0.00527496 0.10625 4.38733e-05 0.33641 0.0882376 0.00847611 0.00233087 0.250479 0.00151274 0.185128 0.0158439 
0.0114567 0.010672 0.100511 0.000294778 0.29263 0.0403809 0.0227101 0.00231952 0.18076 0.0277316 0.125859 0.184674 
7.16855e-08 0.00782696 0.0330318 0.0001652 0.47049 0.00340619 0.00490268 0.457035 0.00379748 0.00261891 0.0163002 0.000426376 
1.54501e-12 0.00465387 0.00123291 0.000791294 0.966475 0.000533349 5.42299e-05 0.00270325 0.0142342 0.000250293 0.00906645 5.25996e-06 
4.70067e-05 0.00197396 0.0278925 0.00190599 0.65159 0.0731217 0.0134375 0.00216248 0.0375758 0.0501165 0.140125 5.14688e-05 
0.000253608 0.0112099 0.180664 0.0933177 0.301453 0.00894958 0.0214849 0.00125253 0.0812053 0.00357377 0.197787 0.0988486 
0.00064174 0.000331954 0.00475129 0.00014814 0.986751 0.000268013 0.000190563 0.000167508 0.00112322 0.00250404 0.000311875 0.00281075 
0.00637954 0.00195629 0.132262 0.00125054 0.670316 0.0136773 0.0217894 0.0442656 0.0239747 0.0209227 0.0617565 0.00144885 
3.42208e-06 0.0026275 0.00966323 4.78546e-06 0.580969 0.00317871 1.03374e-05 1.47218e-07 0.138472 0.0142752 0.250796 2.47459e-07 
3.30375e-10 5.87053e-07 0.0185071 3.1444e-10 0.797156 0.00150104 0.0121111 0.00019807 0.056705 0.00621688 0.0115377 0.0960663 
4.7833e-06 0.0284212 0.111559 0.000549325 0.65374 0.105283 0.0206039 0.000922854 0.0353006 0.0354379 0.00803561 0.00014048 
1.79547e-05 0.000418119 0.0847747 0.000379771 0.685034 0.0408899 0.0141057 0.000672497 0.0610491 0.009629 0.100793 0.00223548 
9.94976e-10 8.12552e-07 5.03116e-06 9.46986e-10 0.914545 0.00688618 3.30505e-10 3.11643e-10 0.0737969 7.52992e-07 0.00476442 1.32445e-06 
0.0221569 0.00144024 0.0213058 0.000168686 0.91972 0.00116178 0.000567 0.000190006 0.0146624 0.0041096 0.0133506 0.00116667 
9.6493e-11 0.0479788 0.0337942 0.00139432 0.769461 0.0205251 0.0188906 0.00251946 0.0201771 0.0104402 0.0723477 0.00247119 
1.09457e-09 5.9783e-07 0.0505531 2.77108e-05 0.68102 0.171783 0.0024751 4.83791e-08 2.40538e-06 0.0862738 0.00786382 9.70703e-10 
0.00356592 0.00443946 0.0631363 1.2518e-07 0.705194 0.00132748 0.0167117 0.000196575 0.0885323 0.010123 0.106402 0.000371879 
0.000786495 0.000667047 0.225722 3.79633e-06 0.599043 0.00253343 0.000740342 0.000449052 0.0284402 0.115195 0.0218967 0.00452249 
5.44792e-08 0.00661234 0.014903 2.98404e-06 0.922785 0.000133965 0.00854637 0.00028849 0.0181231 0.00532583 0.0155273 0.00775129 
1.09897e-08 0.000362087 0.399958 0.00015187 0.41829 0.0207423 0.107752 0.00178718 0.00209386 0.00202027 0.0364381 0.0104036 
0.000525438 2.61624e-06 0.212722 0.00392398 0.4063 2.61636e-06 2.61586e-06 2.61591e-06 0.0146551 0.189425 0.172435 2.61441e-06 
1.30426e-05 0.011761 1.30544e-05 1.30433e-05 0.358972 1.30538e-05 0.332822 0.0665761 0.135782 1.30537e-05 0.0940086 1.30441e-05 
4.95159e-07 0.000374593 0.0586146 6.24782e-09 0.815581 0.0065089 0.00175958 4.41833e-05 0.0216373 0.0474052 0.0471106 0.000963685 
1.26472e-05 0.00036745 0.0960892 0.00253476 0.58235 0.0449455 0.0581995 0.025712 0.0329788 0.00174805 0.154931 0.000131609 
6.15221e-11 0.0025476 0.299148 0.00618522 0.498416 0.00133868 0.0312788 5.36576e-07 0.0336551 0.0507442 0.075776 0.000909857 
2.89039e-07 1.65771e-07 0.00700747 5.87353e-10 0.951276 6.78358e-07 0.0128777 0.000769446 0.00276901 0.00147682 0.0238212 7.43529e-07 
1.77484e-10 0.00266907 0.000191564 5.40726e-07 0.984362 1.42728e-07 5.89555e-11 5.5591e-11 0.0127749 1.94613e-07 1.36266e-07 1.71581e-06 
7.26964e-05 0.0065385 0.117604 0.00347063 0.387701 0.074293 0.00143872 5.10858e-05 0.048461 0.0238714 0.3353 0.00119813 
0.0304482 0.000111807 0.184928 0.000328242 0.570504 0.0108758 0.124329 0.0222708 0.0268467 0.00411995 0.0251904 4.67134e-05 
0.00252165 0.0284601 0.137174 0.105165 0.554486 0.0224194 0.0104954 0.00112536 0.0271883 0.00383406 0.102771 0.00435996 
0.0110739 0.0103834 0.0632506 8.30125e-05 0.557906 0.0919165 3.07074e-05 0.000285621 0.0478588 0.180595 0.036457 0.000159579 
2.24779e-05 0.019371 0.191806 0.000532774 0.480204 0.0776205 0.0769652 0.00513338 0.0554409 0.0373754 0.0376431 0.017885 
6.98745e-06 8.39726e-05 0.0569105 0.000196514 0.868737 0.00171019 0.00514927 0.000221105 0.0296544 0.0261794 0.0106102 0.000540689 
1.03745e-06 0.00170046 0.0328921 2.36707e-06 0.809901 0.00348651 0.00758526 0.000257285 0.120423 0.0146103 0.00638612 0.00275509 
1.22155e-05 0.00317038 0.00444415 2.61036e-07 0.527223 0.118437 0.00371869 8.66116e-06 0.257534 0.00617781 0.0792376 3.56757e-05 
7.23607e-10 0.000239705 4.62478e-05 2.52762e-05 0.999356 1.55113e-05 4.32677e-06 2.37074e-05 7.95251e-05 1.06598e-05 0.000184452 1.46318e-05 
3.05111e-05 0.0263982 0.0118905 3.18272e-07 0.666791 0.0291251 0.00941815 0.000160261 0.137639 0.0353054 0.0814306 0.0018104 
1.20278e-08 0.0520726 0.0491964 0.000222957 0.517876 0.0189094 0.00098461 0.000419809 0.166525 0.00429803 0.0185485 0.170946 
1.96358e-08 0.00228755 0.00314934 1.86887e-08 0.965375 5.11167e-05 6.43278e-05 2.50575e-05 0.0240753 0.0049687 3.99122e-06 1.74137e-08 
7.54043e-11 0.039929 0.0179557 4.75006e-08 0.264015 4.67918e-07 0.00556107 0.000221854 0.233227 0.000909746 0.201463 0.236717 
1.54501e-12 0.00465387 0.00123291 0.000791294 0.966475 0.000533349 5.42299e-05 0.00270325 0.0142342 0.000250293 0.00906645 5.25996e-06 
2.79342e-08 0.000247627 0.0314617 2.94426e-05 0.853114 0.00736111 0.00136869 7.31378e-05 0.0250358 0.0396227 0.0370691 0.00461708 
2.38048e-06 6.65609e-05 0.0155634 0.000109309 0.783499 0.0137228 0.00580439 6.85752e-05 0.0563329 0.0362828 0.0815758 0.00697219 
1.54501e-12 0.00465387 0.00123291 0.000791294 0.966475 0.000533349 5.42299e-05 0.00270325 0.0142342 0.000250293 0.00906645 5.25996e-06 
0.00356592 0.00443946 0.0631363 1.2518e-07 0.705194 0.00132748 0.0167117 0.000196575 0.0885323 0.010123 0.106402 0.000371879 
0.000500403 0.000752733 0.0287334 0.000905597 0.704945 0.0323875 0.07075 0.00313108 0.0663868 0.0213687 0.0685797 0.00155884 
0.00102866 0.0170232 0.0974109 0.00222945 0.483369 0.00355285 0.00142034 0.000334333 0.103308 0.0366666 0.141986 0.111671 
0.000289897 0.0180656 0.0584678 0.00073579 0.769936 0.0103846 0.0303922 0.00921731 0.0814803 0.00863741 0.0098524 0.00254105 
6.37303e-06 0.000222179 0.103829 1.55988e-05 0.755377 0.0445261 0.017088 0.000351199 0.0124782 0.0181346 0.0475493 0.000422171 
2.0121e-08 0.0185471 0.0691081 1.15491e-08 0.726209 0.0122443 0.000137869 8.61678e-06 0.0417646 0.0691823 0.0626251 0.000173393 
0.000127482 3.20526e-05 0.033428 3.13108e-07 0.710559 0.0165551 0.000946577 8.3504e-05 0.168062 0.000596475 0.0695661 4.40704e-05 
1.54501e-12 0.00465387 0.00123291 0.000791294 0.966475 0.000533349 5.42299e-05 0.00270325 0.0142342 0.000250293 0.00906645 5.25996e-06 
0.001966 0.0268031 0.0381454 0.000275868 0.759567 0.0396056 0.0383425 0.00146081 0.0526813 0.00322173 0.0378749 5.61589e-05 
1.85019e-07 7.95352e-06 0.00189882 0.000133542 0.873977 0.056603 0.00188287 0.000389039 0.0122775 0.0146841 0.0380553 9.05255e-05 
0.00818961 0.00237293 0.0240866 0.058613 0.444157 0.369542 0.00036911 0.00098417 0.0548126 0.0111817 0.0256415 5.04238e-05 
3.44473e-09 1.72594e-05 6.0677e-06 3.93758e-06 0.814505 1.98326e-07 1.14425e-09 1.18792e-06 0.185457 5.31923e-10 9.18053e-06 3.05491e-09 
0.000380257 0.00630866 0.209945 5.36475e-05 0.365612 0.129521 0.00409756 0.000227938 0.0776585 0.0993417 0.0935046 0.0133489 
4.94292e-06 0.00382681 0.0246989 2.71494e-09 0.820292 0.00396972 9.47531e-10 0.00139704 9.95943e-06 0.00579223 0.13999 1.77019e-05 
2.26021e-06 0.036096 0.0194964 0.000160066 0.706129 0.00305904 0.076787 8.89916e-05 0.0817175 0.0133562 0.0242994 0.0388078 
2.4999e-08 0.077303 0.0337256 7.64476e-05 0.664332 0.00761305 0.00878033 0.000719657 0.141069 0.00073697 0.0577397 0.00790497 
5.67666e-07 8.4877e-05 0.106221 0.00167333 0.3181 0.0111238 0.22654 0.0563942 0.149653 0.0792135 0.0509332 6.20567e-05 
9.07605e-10 1.68416e-10 8.80141e-06 1.72852e-06 0.746784 1.02686e-05 0.120114 0.00438326 0.084534 1.67199e-05 0.044145 1.85206e-06 
1.29022e-09 0.00524586 3.92779e-06 2.14779e-06 0.720702 0.0630963 2.47205e-05 0.00020515 0.0823581 0.00030496 0.128055 1.24372e-06 
3.00324e-08 0.00028761 0.0376968 3.53286e-05 0.730062 0.0650341 0.0329849 0.0638788 0.0232681 0.00562003 0.0411324 3.01811e-07 
5.5995e-11 0.0125077 8.6605e-05 5.32942e-11 0.974986 3.21639e-07 1.25431e-07 1.75386e-11 0.0113886 0.00102941 1.07548e-06 4.96582e-11 
4.04513e-06 4.04842e-06 0.033204 4.04532e-06 0.808868 0.0445385 0.0518162 0.0113382 0.017819 4.04855e-06 0.0323956 4.04558e-06 
3.15945e-06 0.000206555 0.000168791 5.72385e-05 0.954316 1.33104e-05 0.000194338 6.01613e-07 0.000277939 0.00103157 0.0437283 1.70339e-06 
9.5401e-10 1.78798e-08 1.70016e-07 4.63169e-06 0.99999 1.36973e-10 1.36297e-06 1.28519e-06 7.39244e-11 1.47315e-10 5.23142e-11 2.96201e-06 
1.54501e-12 0.00465387 0.00123291 0.000791294 0.966475 0.000533349 5.42299e-05 0.00270325 0.0142342 0.000250293 0.00906645 5.25996e-06 
4.44991e-09 0.00863006 0.0573109 2.58603e-07 0.764383 0.00219725 0.00714467 8.98285e-07 0.0501628 0.000660599 0.105271 0.00423837 
1.38006e-05 0.00219967 0.00274156 2.0816e-07 0.8052 0.00124332 0.00438109 1.76161e-05 0.152462 0.0217002 0.010032 8.62536e-06 
0.0419386 0.0420372 0.132787 8.51311e-05 0.464421 0.0461793 0.00334978 0.00473275 0.143053 0.0494485 0.0710955 0.000872275 
1.80105e-07 0.000237268 0.0206283 0.00389577 0.875082 0.0173358 0.00423467 0.000217739 0.0623283 1.30112e-06 0.0153198 0.000719088 
9.85066e-07 0.0937812 0.0958356 0.000178891 0.433454 4.39667e-11 0.00919861 7.29681e-07 0.333537 0.00131603 0.0323625 0.000334258 
1.94607e-05 0.093608 0.0706542 1.86171e-05 0.426848 0.0929965 1.00756e-06 3.1241e-05 0.136418 0.0116768 0.167728 5.86686e-08 
1.54501e-12 0.00465387 0.00123291 0.000791294 0.966475 0.000533349 5.42299e-05 0.00270325 0.0142342 0.000250293 0.00906645 5.25996e-06 
0.000973202 0.0115504 0.2188 0.000628923 0.515531 0.126381 0.000901256 0.000148474 0.0695788 0.0169352 0.0382517 0.000319691 
0.000603796 0.0169389 0.110792 0.000519639 0.476904 0.0187874 0.0133625 0.000868597 0.116868 0.0492798 0.193544 0.00153185 
1.07129e-06 0.00109482 0.0257545 0.00730432 0.713433 0.0738957 0.000992661 0.000362827 0.0425434 0.0341671 0.0609376 0.0395128 
1.226e-06 1.53625e-05 0.0160276 4.81008e-06 0.857019 0.00112051 1.15352e-08 1.33814e-05 0.0540594 0.0234756 0.0434543 0.00480873 
1.0996e-06 0.00255761 0.081927 0.118662 0.531029 0.0398593 0.0897736 0.00118319 0.0624353 0.00531689 0.0659647 0.00128999 
7.32706e-08 3.66776e-05 0.00766252 0.00685983 0.872087 1.77537e-05 0.0467293 0.000100525 0.0503413 0.000244729 0.0159199 6.49789e-08 
2.09233e-12 0.024537 0.0219715 0.000489756 0.461057 0.000367826 0.00212564 6.85507e-08 0.0907151 0.000483955 0.398252 4.23084e-08 
4.25727e-06 0.0135943 0.0602646 3.03712e-06 0.814252 0.00351846 0.00029292 0.000186787 0.0738659 0.0109707 0.0230458 1.74552e-06 
3.67103e-07 0.00707431 0.0754285 6.62147e-06 0.842697 0.000165957 0.00190567 7.11946e-06 0.0397755 0.0147417 0.0109433 0.00725359 
3.86173e-05 0.00272045 0.0584171 0.000109756 0.513509 0.241286 0.000242927 0.000218366 0.00949694 0.00483011 0.163994 0.00513644 
3.47714e-05 0.0409058 0.241005 3.22123e-05 0.346972 0.0319357 0.0835999 0.00303829 0.122703 0.0311535 0.0955752 0.0030446 
0.000258825 0.000725978 0.205275 0.00652696 0.565968 0.0138215 0.0918087 0.00705878 0.0501557 0.0363823 0.0218505 0.000167252 
4.09178e-07 0.026951 0.030716 3.89442e-07 0.632726 0.00565092 0.000957826 4.80494e-05 0.235011 0.0398762 0.025774 0.00228858 
3.73891e-07 0.090043 0.0665125 5.08541e-05 0.54345 0.027261 0.00355775 0.000187546 0.0651369 0.00873952 0.178789 0.0162718 
1.54501e-12 0.00465387 0.00123291 0.000791294 0.966475 0.000533349 5.42299e-05 0.00270325 0.0142342 0.000250293 0.00906645 5.25996e-06 
0.00238285 0.000245227 0.233038 0.000221794 0.441232 0.0122113 0.106916 0.105405 0.0142843 0.024759 0.0592824 2.15537e-05 
0.000742612 0.0430209 0.269049 0.0113982 0.350141 0.0949135 0.0152315 0.00106588 0.0488594 0.0343093 0.125514 0.00575343 
1.5179e-06 0.00113718 0.125602 2.6621e-06 0.844415 0.00512397 9.24477e-06 8.13623e-05 0.00556192 0.00248069 0.0153588 0.000225404 
1.45753e-05 0.0220053 0.0374261 4.20566e-06 0.37958 0.0282621 0.0129192 4.97466e-05 0.0880919 0.0608793 0.370322 0.000445403 
1.54501e-12 0.00465387 0.00123291 0.000791294 0.966475 0.000533349 5.42299e-05 0.00270325 0.0142342 0.000250293 0.00906645 5.25996e-06 
9.27466e-07 0.000240722 2.62331e-05 8.82732e-07 0.999008 0.000142151 2.91172e-05 3.8777e-05 0.000441386 1.43216e-07 7.08001e-05 8.22509e-07 
1.40877e-05 4.82303e-11 1.73607e-06 3.71317e-07 0.796087 2.61262e-07 8.63371e-11 0.00193614 0.160044 0.00262075 0.0392803 1.48445e-05 
1.43568e-05 0.0048435 0.0772022 0.00138463 0.665617 0.00578398 0.00800704 0.00107954 0.166727 0.00195955 0.0172692 0.0501121 
2.4253e-06 0.0145117 0.0342886 0.00458355 0.436747 0.282769 0.0119488 0.00121215 0.00946979 0.00083327 0.203553 8.07308e-05 
9.07987e-10 1.68487e-10 2.06738e-07 5.19382e-07 0.991375 1.95561e-06 3.01609e-10 4.26881e-07 0.00861932 1.83687e-06 6.12473e-07 8.05234e-10 
0.0315032 0.0124458 0.131375 2.72833e-05 0.318732 0.0305183 0.0221817 0.000322981 0.0851444 0.12514 0.132676 0.109933 
1.67684e-05 0.000561331 0.0771183 0.000167245 0.349032 0.0876594 0.0236444 0.000438545 0.111603 0.0133125 0.331738 0.00470819 
1.60109e-07 0.0811137 0.00242812 0.0923897 0.492703 0.0558154 0.0068017 9.24746e-05 0.0714049 0.028808 0.168442 6.95191e-07 
1.27911e-07 0.000259799 0.000695097 0.0250865 0.777506 0.0569675 0.00563646 0.00064626 0.0224562 0.000144626 0.110551 5.04189e-05 
1.54501e-12 0.00465387 0.00123291 0.000791294 0.966475 0.000533349 5.42299e-05 0.00270325 0.0142342 0.000250293 0.00906645 5.25996e-06 
0.00437389 0.000557887 0.00079379 1.3153e-05 0.542078 0.00340883 0.0207212 0.000513983 0.339081 0.0132741 0.0751729 1.09714e-05 
2.02194e-05 0.00017536 0.00732865 2.58372e-06 0.49941 0.00144307 0.125021 0.33933 0.00443178 0.00639938 0.0162541 0.000183213 
3.67211e-10 4.89934e-05 0.124008 0.000471702 0.630306 1.56342e-07 5.42017e-07 0.000440144 0.0944954 0.0975201 0.052249 0.000459541 
0.00562859 0.00107136 0.0645736 0.00130422 0.684174 0.0744849 0.00083867 4.50886e-05 0.0431883 0.0461879 0.0785031 6.23408e-07 
2.56214e-09 0.0032876 0.108013 0.000340683 0.471963 0.00743503 0.00236982 2.80793e-05 0.0655174 0.011464 0.329568 1.35234e-05 
1.98914e-06 3.05649e-05 0.287764 0.000303519 0.409513 0.253424 0.00226149 3.1148e-05 0.0328117 0.00423601 0.00961886 3.56273e-06 
2.80362e-08 0.0097487 0.0126769 0.0309985 0.559801 0.0075994 0.00283395 0.00365965 0.268988 0.00116114 0.102523 9.7209e-06 
5.56377e-09 0.00122117 0.00714911 0.00345542 0.87646 0.00054308 0.0604879 0.00695135 0.0387856 0.000122587 0.00183078 0.00299285 
3.07548e-10 0.00010188 1.96563e-05 1.07429e-05 0.999067 0.000665854 1.83897e-06 1.00761e-05 3.37998e-05 4.53063e-06 7.83958e-05 6.21882e-06 
1.62324e-05 0.00394416 0.0445427 0.000420819 0.835903 0.0157837 0.0409581 0.000248696 0.0162615 0.00669849 0.0351881 3.43255e-05 
4.02904e-06 0.0230449 0.00165088 0.000306466 0.690213 0.00261182 0.00595111 0.000890597 0.126049 0.0493399 0.0996575 0.000281075 
0.000517746 0.000271348 0.104767 5.37714e-05 0.784659 0.00500817 1.46965e-05 0.000777752 0.0584286 0.0223466 0.00567465 0.0174805 
0.00435293 0.000186885 0.00563738 1.08288e-05 0.979135 0.000158683 0.000179652 7.44556e-05 0.0038843 0.000543055 0.00519028 0.000646767 
1.7807e-07 2.7734e-05 0.00140007 1.23056e-05 0.87141 0.00227428 0.00388368 1.74766e-05 4.50265e-05 0.0949901 0.000367883 0.0255716 
1.30426e-05 0.011761 1.30544e-05 1.30433e-05 0.358972 1.30538e-05 0.332822 0.0665761 0.135782 1.30537e-05 0.0940086 1.30441e-05 
2.90399e-06 0.00131977 0.156619 2.70809e-05 0.372524 0.0724942 0.000899365 0.000620992 0.0187063 0.00475395 0.330003 0.0420283 
4.56974e-06 0.00170608 0.187839 7.40448e-05 0.27556 0.232494 3.9053e-10 7.40512e-07 0.11683 0.099855 0.0846096 0.00102655 
4.34133e-06 0.00906502 0.0370089 0.000532212 0.763862 0.0495242 0.00243308 0.000152028 0.0609023 0.00287475 0.0734266 0.000214505 
1.5576e-05 0.00513491 0.111747 5.94818e-07 0.446491 0.003252 0.00710981 0.000180764 0.19637 0.0409912 0.0227491 0.165958 
0.0031205 0.00289207 0.00927406 0.000161793 0.616526 0.022086 0.0194885 0.00149545 0.236203 0.0330028 0.0511951 0.00455534 
0.00108273 0.00440003 0.0869586 1.15189e-05 0.345121 0.0119184 0.0871353 0.253248 0.0184675 0.049257 0.142313 8.65144e-05 
0.0015101 0.00181267 0.172277 0.000118004 0.633072 0.0183824 0.0167984 0.000455429 0.0321269 0.0464945 0.0682099 0.00874303 
1.24358e-07 0.000306683 0.220088 0.00225675 0.342598 0.117856 5.46985e-07 0.00067548 0.0710482 0.00123178 0.243938 9.37543e-08 
9.4356e-05 0.00557109 0.109427 0.000278016 0.400372 0.0187669 0.0402214 0.000470548 0.148573 0.0124921 0.22927 0.0344632 
0.000138671 1.70232e-05 0.339382 2.77722e-05 0.493466 0.00504762 0.00531549 0.0756223 0.00330184 0.0509991 0.0264939 0.000188367 
0.0746999 0.0278148 0.0408487 8.14791e-06 0.270638 0.232585 0.00424487 2.14649e-05 0.153579 0.0668296 0.121966 0.00676446 
0.00418542 0.00408916 0.0830561 1.78317e-06 0.477373 0.00836729 0.00638016 0.000589918 0.156565 0.133241 0.124985 0.00116565 
2.95998e-10 2.41728e-07 0.00628778 3.10175e-07 0.963622 2.59282e-07 9.83227e-11 9.28044e-08 0.0200728 2.2401e-07 0.0100164 2.62501e-10 
8.29297e-07 0.00995729 0.0601573 0.000118165 0.57465 0.00327789 0.000811689 3.05574e-05 0.34727 0.000623673 0.0029756 0.000126689 
1.54501e-12 0.00465387 0.00123291 0.000791294 0.966475 0.000533349 5.42299e-05 0.00270325 0.0142342 0.000250293 0.00906645 5.25996e-06 
6.39767e-06 1.68429e-07 1.63543e-07 3.84483e-05 0.770564 2.00467e-05 3.01505e-07 6.94064e-06 0.0169406 0.175182 0.0372271 1.41547e-05 
1.24534e-06 0.00512258 0.158681 0.00110959 0.480528 0.00119997 0.00327914 0.000159931 0.0851322 0.0166773 0.19834 0.0497689 
6.95534e-09 0.00015582 0.0166184 0.00140439 0.63545 0.170637 0.000456588 4.1165e-05 0.00602984 1.59841e-10 0.169119 8.78572e-05 
2.54802e-06 0.000514345 0.0123184 1.71278e-09 0.667546 2.94901e-07 0.0119186 2.4685e-07 0.207 0.0150361 0.0856611 1.49431e-06 
1.07468e-08 0.0244499 0.00379272 0.000851829 0.902861 0.000349379 0.0167525 0.00392548 0.0399297 0.00159314 0.000474501 0.00501956 
9.3938e-06 0.0451255 0.0545337 6.77878e-06 0.727397 0.00673604 0.00378916 0.00120745 0.129692 0.000768779 0.0281347 0.00259881 
7.77678e-07 0.0080374 0.0810801 9.57503e-07 0.729662 0.000397426 0.000942299 2.04158e-07 0.100259 0.0239135 0.0534987 0.00220781 
3.86578e-06 0.00030144 0.0240515 1.46136e-06 0.881621 0.0872013 3.31053e-06 6.05808e-07 0.00211513 0.00468433 2.93516e-06 1.26901e-05 
0.00122017 7.15563e-05 0.0686133 5.24031e-05 0.803448 0.0466525 0.00237398 0.000670342 0.0351062 0.00866372 0.0324702 0.000657586 
7.24999e-06 0.0115185 0.00367126 1.84451e-06 0.532089 0.0193734 0.00147118 0.00011301 0.194426 0.0806886 0.156098 0.000540954 
5.34709e-05 0.00192592 0.104578 0.000362005 0.463151 0.0133856 0.00162283 2.32064e-05 0.239506 0.0306337 0.144759 9.6928e-08 
0.0309666 0.00105024 0.0348065 0.000285879 0.857373 0.00393179 0.0280997 0.00323638 0.0112522 0.00347426 0.0240378 0.00148561 
2.59056e-07 0.00251064 0.018931 5.00245e-05 0.855466 0.0259163 0.000407781 0.000479467 0.0519233 0.000466972 0.0438483 2.29739e-07 
0.00142716 0.00212063 0.0310103 1.44197e-05 0.520026 0.00273405 0.341206 0.0483081 0.0208332 0.00332922 0.0198921 0.00909957 
1.00372e-07 0.00183047 0.00645107 1.05972e-06 0.693946 0.00830169 1.72595e-09 1.62746e-09 0.208188 0.00578854 0.0727944 0.00269853 
0.00435293 0.000186885 0.00563738 1.08288e-05 0.979135 0.000158683 0.000179652 7.44556e-05 0.0038843 0.000543055 0.00519028 0.000646767 
6.38469e-05 0.038154 0.150139 4.97351e-07 0.622895 0.0349409 0.0086115 0.000851214 0.0360693 0.0352562 0.0729245 9.4494e-05 
0.000212584 0.0163601 0.0929369 0.00101817 0.593149 0.0130617 0.0106026 0.000153363 0.145873 0.0455589 0.0790947 0.00197874 
7.271e-05 0.00357983 0.0246416 0.0183568 0.823177 0.00349935 0.00453238 0.00442931 0.0694592 0.010701 0.0358844 0.00166618 
7.16855e-08 0.00782696 0.0330318 0.0001652 0.47049 0.00340619 0.00490268 0.457035 0.00379748 0.00261891 0.0163002 0.000426376 
1.65598e-05 0.00408643 0.161935 0.000253812 0.40576 0.160621 0.00192414 0.000421588 0.0628691 0.046478 0.142675 0.0129596 
0.000922318 2.13643e-06 0.182076 6.58431e-07 0.289035 0.00867587 0.0631754 0.0662339 0.163166 0.21617 0.00629648 0.00424688 
0.000267963 0.00145931 0.0387755 3.61321e-05 0.822856 0.00586472 0.000335347 0.00023677 0.0300662 0.0574851 0.0295743 0.013043 
0.00156193 0.00880929 0.0816473 4.89333e-05 0.482462 0.0134391 0.000186295 5.99098e-05 0.110293 0.0819488 0.218703 0.000840229 
1.54501e-12 0.00465387 0.00123291 0.000791294 0.966475 0.000533349 5.42299e-05 0.00270325 0.0142342 0.000250293 0.00906645 5.25996e-06 
1.14087e-05 0.00192572 0.0781566 4.50475e-05 0.796334 0.000378838 0.00155447 0.000861064 0.0757182 0.00770537 0.0336908 0.00361806 
5.2956e-09 0.00611876 0.0344787 2.24808e-05 0.596851 0.00847152 0.0857911 0.00120458 0.080837 0.0579126 0.127347 0.000964893 
0.00350072 0.00177727 0.0992292 0.00179571 0.684447 0.0141051 0.0689553 0.00025835 0.0986066 0.00561846 0.0212909 0.000415233 
1.27125e-07 0.00174096 0.256121 3.07339e-08 0.461053 0.0123436 0.00123407 0.000626062 0.0221168 0.0954806 0.114934 0.0343488 
3.5284e-09 0.0107535 0.0160946 0.000105649 0.850329 0.00139977 1.41852e-05 0.000180424 0.0430216 0.000631831 0.077425 4.4651e-05 
2.33936e-05 2.34126e-05 2.34146e-05 0.00938129 0.580649 0.154553 2.34092e-05 2.34096e-05 2.34152e-05 0.255229 2.34156e-05 2.33962e-05 
1.08716e-05 0.00146367 0.110561 9.94846e-05 0.712125 0.00464644 0.00183322 9.39322e-05 0.0739398 0.0540685 0.0393586 0.00179987 
1.54501e-12 0.00465387 0.00123291 0.000791294 0.966475 0.000533349 5.42299e-05 0.00270325 0.0142342 0.000250293 0.00906645 5.25996e-06 
4.61513e-06 0.00871191 0.0188099 0.000121858 0.863618 0.00608647 0.00163329 0.000597476 0.0334194 0.00454377 0.0478439 0.0146092 
2.66656e-06 2.66873e-06 0.0226888 0.0170695 0.747502 0.0330963 0.0130775 0.00533942 0.0792722 2.66881e-06 0.0819433 2.66686e-06 
1.05828e-06 0.00079693 0.0686814 0.0921396 0.495761 0.186897 5.6008e-05 7.29155e-05 0.00980127 0.050782 0.0868231 0.0081874 
0.0750107 0.000441323 0.17347 0.00152473 0.255999 0.219671 0.0143717 0.000130403 0.191387 1.9638e-06 0.0679913 7.11412e-10 
0.00028463 0.000838428 0.0792947 2.11442e-05 0.572513 0.0130527 0.0345383 0.206135 0.0629039 0.00411807 0.0220392 0.00426123 
7.33021e-06 0.0224838 0.024599 0.000941008 0.394922 0.0428662 0.000897027 0.000626278 0.124924 0.0018221 0.38388 0.0020315 
1.54501e-12 0.00465387 0.00123291 0.000791294 0.966475 0.000533349 5.42299e-05 0.00270325 0.0142342 0.000250293 0.00906645 5.25996e-06 
0.00435293 0.000186885 0.00563738 1.08288e-05 0.979135 0.000158683 0.000179652 7.44556e-05 0.0038843 0.000543055 0.00519028 0.000646767 
1.54501e-12 0.00465387 0.00123291 0.000791294 0.966475 0.000533349 5.42299e-05 0.00270325 0.0142342 0.000250293 0.00906645 5.25996e-06 
0.000171442 0.000501158 0.29262 0.00109883 0.56953 0.0147286 0.0315407 0.0033178 0.004543 0.0226714 0.0240268 0.0352501 
0.000151013 0.0121021 0.0783624 9.44609e-05 0.564757 0.0114244 0.0010601 0.000179621 0.0590731 0.020917 0.25179 8.83158e-05 
0.00138817 0.0186382 0.0278167 4.06356e-05 0.77537 0.00793491 3.43234e-06 0.000182961 0.0324777 0.0110648 0.125068 1.46657e-05 
0.00169565 0.001764 0.00681694 0.000113838 0.405199 0.181434 0.00341372 0.0248564 0.143101 0.00505706 0.226288 0.00026007 
4.0052e-10 0.00415123 0.0105399 3.81202e-10 0.701117 0.0670941 0.000149669 5.69635e-05 0.193586 0.00284811 0.0133077 0.00714888 
0.189885 4.56776e-05 0.0865828 0.000429553 0.471704 0.00558195 0.0182632 0.000173502 0.107444 0.0112786 0.106327 0.00228469 
4.37492e-06 3.28742e-06 0.00960384 7.6273e-07 0.906688 4.89653e-06 2.92743e-05 1.01768e-07 0.0208011 0.00617785 0.05465 0.00203614 
2.85813e-07 0.0185963 0.0159958 0.0011238 0.48232 0.124512 0.140048 1.71339e-05 0.021421 0.0257971 0.162725 0.00744368 
2.07171e-07 0.000280358 0.00227463 2.86584e-05 0.584284 0.190726 0.000102786 6.48896e-08 0.00749463 0.100241 0.114478 9.05158e-05 
3.14649e-06 1.16048e-06 0.0117538 3.717e-08 0.902672 0.0289206 3.56863e-07 0.00137658 0.0422496 6.03053e-09 0.00070551 0.012317 
2.99834e-07 0.0983149 0.0768507 0.00149112 0.573686 0.00038302 2.04126e-05 0.000168181 0.0574667 0.000249397 0.145494 0.0458757 
7.88064e-09 1.46234e-09 0.0226569 7.50054e-09 0.977312 4.52701e-06 7.33226e-06 3.45816e-06 6.10656e-10 1.2169e-09 5.79119e-06 1.04902e-05 
7.77678e-07 0.0080374 0.0810801 9.57503e-07 0.729662 0.000397426 0.000942299 2.04158e-07 0.100259 0.0239135 0.0534987 0.00220781 
7.20029e-10 2.70419e-06 0.00586642 0.00197355 0.96169 0.00030917 1.02627e-06 0.00162412 0.000881423 0.0219756 0.00521727 0.000458808 
0.0001506 0.00429884 0.314418 6.92928e-05 0.363275 0.00938672 0.283535 0.0177252 0.000435902 5.55437e-05 0.00645184 0.000198225 
0.00443684 0.00390289 0.303435 0.000359861 0.337385 0.0422756 0.132596 0.0467197 0.0186718 0.0407169 0.0694158 8.42399e-05 
5.12669e-07 0.0755864 0.044649 6.67532e-07 0.4949 0.00421632 0.0568525 0.00111941 0.194776 0.0904242 0.0372098 0.000264713 
0.000688288 0.00121488 0.220487 0.158551 0.341974 0.162551 0.00311004 0.00032717 0.0166054 0.0350536 0.0579662 0.00147167 
0.00261495 0.014429 0.0845653 2.85041e-06 0.385658 0.00685969 0.00296028 0.000492674 0.0180516 0.12647 0.11634 0.241556 
1.54501e-12 0.00465387 0.00123291 0.000791294 0.966475 0.000533349 5.42299e-05 0.00270325 0.0142342 0.000250293 0.00906645 5.25996e-06 
0.00342709 0.00190687 0.0226303 1.13768e-06 0.378514 0.170858 0.0174258 0.000164461 0.0581541 0.027659 0.312027 0.00723144 
2.89039e-07 1.65771e-07 0.00700747 5.87353e-10 0.951276 6.78358e-07 0.0128777 0.000769446 0.00276901 0.00147682 0.0238212 7.43529e-07 
6.80234e-07 0.000493949 0.0678231 0.00295049 0.492985 0.065747 0.107161 8.57078e-08 0.161388 0.030358 0.0710828 9.49793e-06 
1.91681e-11 3.17236e-06 0.00196434 7.15915e-05 0.972566 2.11637e-07 6.82425e-05 0.00096958 0.0117676 3.42163e-07 0.0125886 3.17897e-07 
0.000312858 0.0186681 0.0711892 1.9475e-05 0.280136 0.076117 0.0160531 0.109138 0.223021 0.00221506 0.181718 0.0214128 
0.000480869 0.0809399 0.0485128 0.0116264 0.319036 0.144816 0.00562076 0.0012406 0.311302 0.00255026 0.0707136 0.00316057 
1.13673e-07 7.13276e-07 0.0179914 0.000224201 0.890646 0.0171054 0.0134186 0.000951809 0.0564129 0.00119831 0.00167615 0.000374168 
4.42879e-06 6.76018e-05 0.000578411 0.000179155 0.914656 0.022922 1.43357e-05 1.62795e-05 3.40821e-05 5.77086e-07 0.0615026 2.44738e-05 
2.4253e-06 0.0145117 0.0342886 0.00458355 0.436747 0.282769 0.0119488 0.00121215 0.00946979 0.00083327 0.203553 8.07308e-05 
1.54501e-12 0.00465387 0.00123291 0.000791294 0.966475 0.000533349 5.42299e-05 0.00270325 0.0142342 0.000250293 0.00906645 5.25996e-06 
1.54501e-12 0.00465387 0.00123291 0.000791294 0.966475 0.000533349 5.42299e-05 0.00270325 0.0142342 0.000250293 0.00906645 5.25996e-06 
1.24646e-06 0.0593807 0.101679 0.000873807 0.592042 0.0536448 0.0179622 0.00935607 0.0684945 0.0137238 0.0783524 0.00448899 
0.00418542 0.00408916 0.0830561 1.78317e-06 0.477373 0.00836729 0.00638016 0.000589918 0.156565 0.133241 0.124985 0.00116565 
7.88306e-07 0.00492563 0.0139557 5.28443e-06 0.433486 0.000414047 0.00674338 7.95299e-05 0.124589 0.00013569 0.414044 0.00162099 
6.29088e-07 5.90784e-05 0.00206191 1.24952e-07 0.918343 0.00357808 0.0057764 0.000254426 0.019783 3.44024e-06 0.0484726 0.00166778 
3.22208e-08 0.0151521 0.238643 1.09182e-05 0.470098 0.00295074 0.00562586 0.000167066 0.111773 0.00659395 0.14898 4.62098e-06 
1.54501e-12 0.00465387 0.00123291 0.000791294 0.966475 0.000533349 5.42299e-05 0.00270325 0.0142342 0.000250293 0.00906645 5.25996e-06 
1.54501e-12 0.00465387 0.00123291 0.000791294 0.966475 0.000533349 5.42299e-05 0.00270325 0.0142342 0.000250293 0.00906645 5.25996e-06 
5.49074e-05 0.000829961 0.169988 6.18032e-05 0.724336 0.0175136 0.0140588 0.000292431 0.0107002 0.0098004 0.0485451 0.00381943 
4.08968e-06 8.0993e-08 0.000413727 0.26445 0.728765 0.00246226 4.78012e-06 0.00275119 1.31168e-06 2.10431e-09 0.00114509 2.26206e-06 
1.54501e-12 0.00465387 0.00123291 0.000791294 0.966475 0.000533349 5.42299e-05 0.00270325 0.0142342 0.000250293 0.00906645 5.25996e-06 
3.73887e-06 0.00616438 0.0420597 0.00147448 0.468219 0.0639144 0.101875 0.0002627 0.130256 0.0519657 0.133748 5.60038e-05 
1.40936e-06 0.000923536 0.000458884 1.34139e-06 0.808374 0.000241365 1.14365e-05 1.86359e-06 0.179158 5.70147e-05 0.0107709 1.24987e-06 
7.3538e-07 3.96317e-05 0.00180893 0.000152214 0.823304 0.00146586 0.000156972 4.3406e-06 0.0502916 0.072801 0.0499747 1.11349e-07 
0.000253608 0.0112099 0.180664 0.0933177 0.301453 0.00894958 0.0214849 0.00125253 0.0812053 0.00357377 0.197787 0.0988486 
1.54501e-12 0.00465387 0.00123291 0.000791294 0.966475 0.000533349 5.42299e-05 0.00270325 0.0142342 0.000250293 0.00906645 5.25996e-06 
1.28002e-07 0.000436477 8.93678e-07 1.67252e-07 0.849693 0.00056771 0.00706781 1.43819e-06 0.10581 0.000264298 0.0359362 0.000221899 
6.63528e-11 0.00103769 0.0273863 2.60781e-07 0.377405 0.0553234 0.00520419 0.00100844 0.143329 0.10476 0.283208 0.00133848 
0.00886222 0.0912991 0.0380614 2.76244e-06 0.406427 0.0284682 2.75848e-05 1.44717e-05 0.28865 0.0177046 0.12047 1.21901e-05 
0.00262819 0.000224907 0.00754261 1.23119e-06 0.75547 0.157441 0.00200899 0.0001554 0.00898819 0.0252945 0.0400232 0.000222187 
2.31687e-07 0.00502186 0.023173 0.000424909 0.452714 0.184733 0.0116814 0.00125832 0.0356562 0.000624004 0.283891 0.000822282 
7.41655e-06 0.123277 0.0363114 0.000619691 0.532111 0.00325092 0.00134429 0.000292021 0.220844 0.0323729 0.0490851 0.000484429 
3.0604e-07 0.00414231 0.0451966 4.24938e-06 0.489183 0.02425 0.012034 0.158473 0.108252 0.0589674 0.0867011 0.0127972 
1.54501e-12 0.00465387 0.00123291 0.000791294 0.966475 0.000533349 5.42299e-05 0.00270325 0.0142342 0.000250293 0.00906645 5.25996e-06 
1.54501e-12 0.00465387 0.00123291 0.000791294 0.966475 0.000533349 5.42299e-05 0.00270325 0.0142342 0.000250293 0.00906645 5.25996e-06 
