1.45167e-07 4.82722e-05 0.0184638 6.42119e-05 0.0362257 2.08425e-08 0.00194667 4.54686e-08 0.843406 0.0865399 0.0133054 1.28739e-07 
5.94447e-05 3.66466e-08 0.00019544 1.87965e-07 0.000539624 2.8355e-08 0.000393672 6.18574e-08 0.00012244 0.00093625 5.95739e-05 0.997693 
0.00659904 1.12428e-05 0.0267637 1.45504e-07 0.78616 2.19496e-08 0.00029716 4.78838e-08 0.0787254 0.0384215 0.0190275 0.0439942 
0.958594 1.16531e-06 0.00124382 5.97702e-06 0.0165532 9.01648e-07 0.00445361 1.96698e-06 0.00208915 0.0113119 0.00479373 0.000950938 
9.7089e-08 0.0101175 0.026867 3.48902e-06 0.728211 1.39397e-08 0.000165902 0.00671863 0.207713 0.0132269 0.00693992 3.58736e-05 
1.36992e-05 1.80814e-05 5.51942e-05 6.75701e-08 0.737874 1.01931e-08 2.35824e-08 2.22366e-08 0.0238315 0.000113279 0.238078 1.58941e-05 
1.74434e-09 3.23681e-10 0.0182759 1.6602e-09 0.717094 2.50445e-10 5.79422e-10 5.46902e-07 0.164636 0.0480197 0.0519678 5.8799e-06 
3.75754e-07 0.0522057 7.06699e-05 2.97399e-06 0.514593 5.39494e-08 0.00037386 0.000212686 0.279289 0.142976 0.0101355 0.000140326 
1.05709e-09 1.96155e-10 0.0354294 1.0061e-09 0.0458811 1.51773e-10 3.51137e-10 5.3009e-07 0.895301 4.29316e-06 0.0233835 9.37462e-10 
1.52471e-08 0.0299052 2.10165e-06 1.45117e-08 0.0109218 2.18912e-09 7.74852e-06 4.77564e-09 0.866646 0.0743802 0.0181367 1.35216e-08 
5.03159e-07 3.90167e-05 0.146941 0.00219059 0.800227 4.90945e-10 0.00612361 0.00139942 0.0151962 0.00891188 0.0188987 7.19146e-05 
3.42775e-06 3.797e-10 0.0308372 0.00131822 0.036435 2.93789e-10 0.010794 7.70691e-07 0.650473 0.0110181 0.258908 0.000212544 
1.82234e-06 2.25287e-10 6.70368e-06 1.15553e-09 0.74146 1.74314e-10 4.71885e-06 9.51058e-07 0.139038 6.95549e-06 0.119481 1.07669e-09 
9.60081e-09 1.78154e-09 0.00884526 9.13773e-09 0.866416 1.37845e-09 5.08312e-06 0.0093635 0.0550451 1.35813e-05 0.0234657 0.0368453 
7.16959e-06 1.2221e-09 0.118322 0.00493904 0.19886 9.45592e-10 0.0064861 1.17122e-06 0.419292 0.0896243 0.155363 0.00710494 
1.10342e-08 3.643e-05 0.00434586 1.65661e-07 0.367178 1.58425e-09 0.000338517 0.000143365 0.0172618 0.0167272 0.00208577 0.591883 
3.72478e-07 0.0320742 0.0375988 9.80341e-09 0.596942 3.68794e-12 1.66039e-06 1.06207e-07 0.169603 0.16026 0.00351787 1.27567e-06 
1.19255e-05 4.84847e-06 0.0678788 4.6056e-09 0.513764 6.94766e-10 1.60739e-09 1.51566e-09 0.110642 0.133562 0.0147204 0.159416 
4.06391e-06 3.20963e-06 0.0154646 4.94316e-07 0.695425 6.71365e-09 1.72519e-07 3.52735e-06 0.0139954 0.103568 0.148613 0.0229226 
1.45502e-05 0.000164915 0.00342789 8.35167e-05 0.391765 7.9548e-06 0.441448 0.047878 0.0493599 0.0132428 0.0313537 0.0212537 
2.47891e-08 8.28028e-05 0.000252899 2.35935e-08 0.973401 3.55913e-09 8.23429e-09 7.84201e-07 0.0254344 0.00051906 0.000236527 7.25686e-05 
0.00141599 0.0245938 0.0299039 0.00424463 0.500503 1.76929e-06 0.0219367 0.0168071 0.270719 0.0251253 0.0987363 0.00601286 
6.55621e-07 1.21658e-07 0.000872935 6.23999e-07 0.924364 9.41317e-08 2.1778e-07 6.92155e-05 4.8053e-05 0.0674507 0.00719248 5.81427e-07 
8.07684e-09 1.49875e-09 4.95594e-06 3.61379e-05 0.98636 1.15964e-09 2.68291e-09 5.3151e-06 1.75303e-06 2.2462e-06 0.0135868 2.87229e-06 
6.44715e-07 0.000420532 0.00129992 5.25415e-09 0.815371 7.92602e-10 2.85134e-06 1.83986e-07 0.128448 0.00164019 0.0521564 0.000659556 
1.59103e-05 0.00137009 0.0184868 5.42961e-05 0.478159 4.79449e-06 6.92546e-06 0.000119537 0.199996 0.056953 0.000577304 0.244256 
6.51169e-08 0.00045225 0.315004 0.00355525 6.46586e-05 9.34925e-09 0.000201765 1.49385e-05 0.201241 0.0486994 0.430767 5.77479e-08 
0.0241575 3.32634e-06 0.0689672 0.00193001 0.598372 4.12415e-07 7.3857e-07 0.000181677 0.00836325 0.288227 0.00915803 0.000639105 
2.97774e-06 0.00137888 0.000363891 8.37841e-05 0.995545 4.27532e-07 9.89124e-07 9.32676e-07 0.00224869 3.22814e-05 6.31263e-05 0.000279206 
0.000978782 1.86368e-06 3.208e-05 9.65459e-10 0.591544 1.45642e-10 4.07745e-06 3.17722e-10 0.26341 0.119367 0.0246478 1.42144e-05 
3.1978e-09 5.93388e-10 1.83559e-06 3.04356e-09 0.872091 4.59128e-10 1.06222e-09 1.0016e-09 0.118965 4.24711e-06 0.00889303 4.48102e-05 
4.54327e-07 8.43056e-08 0.0720707 4.32414e-07 0.0164932 6.52307e-08 0.000392114 0.000297268 0.0994869 0.780118 0.03114 4.02913e-07 
0.000550328 0.000396678 0.0799389 0.0133855 0.842967 3.48786e-05 0.00477324 8.70805e-05 0.0142624 0.00584411 0.00855405 0.0292062 
5.62989e-08 1.04469e-08 2.00607e-05 7.50704e-05 0.999674 8.08319e-09 3.18102e-05 9.52399e-05 6.23878e-05 8.69348e-09 4.13719e-05 4.99278e-08 
5.41589e-10 0.000770167 0.400158 5.15467e-10 0.371904 7.77594e-11 0.15685 0.0184107 0.0159193 0.00283809 0.0331501 4.803e-10 
2.92904e-07 5.43517e-08 0.000478255 2.78777e-07 0.000333018 4.20541e-08 9.7295e-08 9.17425e-08 3.63373e-05 0.99909 6.10508e-05 2.59758e-07 
4.69611e-05 0.100233 0.0257327 7.86214e-10 0.0274825 1.18602e-10 0.0976346 0.000116033 0.0660024 0.00779235 0.00989203 0.665067 
5.97657e-06 1.10902e-06 2.58501e-05 0.00195604 0.954638 8.58095e-07 4.67363e-05 3.74065e-05 0.0432188 9.22881e-07 6.29282e-05 5.30023e-06 
2.54272e-08 4.71831e-09 0.479052 2.42008e-08 0.0429957 3.65075e-09 8.44624e-09 1.83257e-05 0.146996 0.330859 5.38226e-05 2.48272e-05 
0.000384418 0.57815 3.39943e-05 1.17083e-07 0.00685325 1.87834e-09 3.14743e-07 5.70163e-06 0.414569 3.01155e-06 9.35544e-08 1.1602e-08 
3.11504e-11 0.266181 0.00622506 4.74397e-07 0.00526502 4.47246e-12 0.00123534 9.75682e-12 0.721091 7.34993e-07 6.43298e-07 5.74632e-07 
7.55598e-08 1.4021e-08 1.23408e-05 0.000647665 0.830739 1.08486e-08 7.67205e-05 2.36666e-08 0.151027 1.16677e-08 0.0174966 6.7009e-08 
8.8645e-10 1.64491e-10 3.41224e-06 1.60386e-06 0.809934 1.27273e-10 3.65153e-06 2.77651e-10 0.10428 8.25413e-06 0.0857697 7.86134e-10 
9.93741e-06 9.10237e-05 0.160276 3.26771e-07 0.531031 9.83913e-11 4.42978e-05 2.83352e-06 6.99351e-05 0.308401 3.90895e-05 3.40339e-05 
9.85066e-07 0.0937812 0.0958356 0.000178891 0.433454 4.39667e-11 0.00919861 7.29681e-07 0.333537 0.00131603 0.0323625 0.000334258 
2.98239e-06 2.39601e-06 0.0489285 2.52187e-09 0.775129 3.80431e-10 0.0339377 8.29922e-10 0.104629 0.0373652 5.84157e-06 2.34982e-09 
0.00141599 0.0245938 0.0299039 0.00424463 0.500503 1.76929e-06 0.0219367 0.0168071 0.270719 0.0251253 0.0987363 0.00601286 
9.77136e-07 4.705e-05 0.157108 3.94095e-05 0.670122 3.98907e-08 1.29369e-07 0.00024182 0.0269025 0.0698631 0.0748923 0.00078259 
0.00125912 2.27278e-09 0.000176949 1.16574e-08 0.998343 1.75854e-09 5.81838e-05 3.83631e-09 1.63251e-05 0.000101754 4.51349e-05 1.0862e-08 
1.304e-06 9.1777e-05 4.08871e-05 1.24111e-06 0.997307 1.87224e-07 4.33155e-07 4.08435e-07 0.00246104 8.25159e-05 1.22876e-05 1.15643e-06 
0.000473178 1.61996e-09 0.11668 8.30898e-09 0.79745 1.25343e-09 2.89989e-09 5.90656e-05 0.000207543 0.0845744 5.71121e-05 0.000498599 
8.61378e-07 0.00607325 0.00059807 5.50378e-05 0.0102118 1.23673e-07 0.000781545 5.43276e-05 0.353969 0.587939 0.0403126 3.68867e-06 
4.06391e-06 3.20963e-06 0.0154646 4.94316e-07 0.695425 6.71365e-09 1.72519e-07 3.52735e-06 0.0139954 0.103568 0.148613 0.0229226 
9.95855e-06 1.84792e-06 0.358397 0.013279 0.587473 1.42981e-06 0.00562682 0.0168467 0.0110356 1.53776e-06 0.00731816 8.83159e-06 
5.60738e-09 0.00268474 0.506406 5.33692e-09 0.231668 8.05087e-10 1.86262e-09 1.75633e-09 0.0591105 0.126016 0.0736701 0.000444773 
0.00010748 2.14473e-07 0.0358762 3.62794e-07 0.099158 1.2231e-10 0.803603 1.60332e-06 0.000713777 0.0590354 3.73838e-07 0.00150391 
5.08707e-06 0.000382242 0.0434297 9.29851e-06 0.794532 2.75038e-08 0.0186369 9.12678e-06 0.0574531 0.0631559 3.68232e-05 0.0223497 
0.000100228 0.0370894 0.0169913 0.000625267 0.0393851 8.54205e-05 0.000833809 0.000187603 0.0269276 0.262025 0.00445353 0.611295 
0.000167683 0.00493837 0.000462363 7.94005e-07 0.984715 1.19778e-07 2.77113e-07 2.61299e-07 0.00917947 1.28821e-07 0.000535282 7.39835e-07 
0.000370026 8.4866e-05 0.0108783 3.01683e-06 0.850435 4.55096e-07 1.05289e-06 9.92808e-07 0.00258712 0.0462374 0.0707181 0.018684 
3.78212e-09 8.42881e-07 0.460306 3.5997e-09 0.267524 5.43023e-10 4.02148e-06 1.18462e-09 0.272 1.67036e-05 6.38804e-06 0.000141547 
3.78212e-09 8.42881e-07 0.460306 3.5997e-09 0.267524 5.43023e-10 4.02148e-06 1.18462e-09 0.272 1.67036e-05 6.38804e-06 0.000141547 
6.44715e-07 0.000420532 0.00129992 5.25415e-09 0.815371 7.92602e-10 2.85134e-06 1.83986e-07 0.128448 0.00164019 0.0521564 0.000659556 
9.53165e-07 2.10518e-05 0.0010136 9.07192e-07 0.995952 1.36852e-07 0.000137074 0.000112358 8.48829e-06 0.000184201 0.000798346 0.0017705 
1.96461e-09 3.64555e-10 1.29473e-05 1.68474e-06 0.185383 2.82071e-10 2.67627e-06 6.15347e-10 0.272484 0.399022 0.143072 2.19544e-05 
0.0330539 0.00125239 0.0827106 0.000540005 0.344861 3.76569e-05 0.000380124 0.000973481 0.126215 0.112597 0.286528 0.0108506 
1.9119e-07 2.90699e-09 1.10287e-05 7.86662e-06 0.927814 2.24925e-09 1.4045e-06 4.90682e-09 0.0145781 1.58228e-05 0.0575648 6.32138e-06 
0.000546559 0.000890328 0.0152723 0.00181988 0.404428 0.000488517 0.0157654 0.000668384 0.00142496 0.0152328 0.060087 0.483376 
9.60081e-09 1.78154e-09 0.00884526 9.13773e-09 0.866416 1.37845e-09 5.08312e-06 0.0093635 0.0550451 1.35813e-05 0.0234657 0.0368453 
1.54394e-05 0.00357757 0.063045 0.000311632 0.759884 3.13968e-07 0.00552798 0.000193297 0.0852967 0.0492902 0.0265496 0.0063088 
1.51023e-06 2.14558e-05 0.00120616 4.14524e-05 0.0464696 2.16833e-07 0.000106241 5.31471e-05 0.931522 0.00259919 0.00150783 0.0164716 
1.14169e-05 6.22092e-05 0.0225383 1.70454e-07 0.696021 1.80383e-09 0.0567246 0.000108552 1.29889e-06 0.120105 0.0139789 0.0904486 
0.000403117 0.0117006 0.0138637 0.000180331 0.75281 3.94499e-08 0.00644275 0.000137226 0.130591 0.0147336 0.0485274 0.0206101 
1.451e-07 2.6925e-08 0.152883 1.38102e-07 0.569177 2.08329e-08 4.81984e-08 3.57127e-05 2.3614e-05 0.210729 0.0670904 6.10031e-05 
1.10038e-07 2.04188e-08 0.157872 1.04731e-07 0.841643 1.57989e-08 3.65517e-08 3.44658e-08 0.000428898 5.26912e-05 3.02307e-06 9.75855e-08 
7.64074e-07 0.000156103 0.0005142 0.000146172 0.997309 1.09703e-07 2.53805e-07 2.39321e-07 0.000793428 1.17986e-07 6.28902e-05 0.00101709 
3.62369e-09 1.07654e-06 5.66576e-06 3.44891e-09 2.70288e-05 5.20276e-10 3.73264e-06 0.000867143 2.05007e-06 3.46981e-06 0.00634761 0.992742 
5.32597e-07 0.000177968 1.0151e-05 0.000607227 0.881745 7.64683e-08 0.00165145 0.00167274 0.113839 8.22417e-08 0.000295276 4.72325e-07 
1.32183e-07 4.19464e-05 0.132713 1.12971e-06 0.00813974 1.89783e-08 0.000526826 6.08978e-06 0.739729 0.00552121 0.11331 1.06946e-05 
9.77136e-07 4.705e-05 0.157108 3.94095e-05 0.670122 3.98907e-08 1.29369e-07 0.00024182 0.0269025 0.0698631 0.0748923 0.00078259 
4.40063e-07 0.484295 4.93945e-07 3.64231e-07 2.11685e-06 3.21295e-07 0.0403236 4.91258e-07 0.382817 3.66225e-07 0.092559 7.12513e-07 
3.85924e-10 0.000325139 2.45308e-07 3.6731e-10 0.869255 5.54096e-11 0.00042841 3.51824e-08 0.127715 0.000367995 0.00190366 4.91896e-06 
2.08113e-05 2.9577e-09 4.43286e-05 0.000240417 0.98575 2.28849e-09 6.22947e-06 4.46539e-06 2.10165e-05 5.98099e-05 0.0138525 1.41354e-08 
1.60657e-07 0.000462112 3.02209e-05 1.52908e-07 0.471907 2.30666e-08 0.000176161 3.52747e-05 0.000169319 0.223174 0.304046 1.42476e-07 
3.10869e-07 5.76853e-08 0.000141532 2.95875e-07 0.000310047 4.46334e-08 1.03262e-07 9.73694e-08 0.999365 4.80033e-08 0.000182418 2.75689e-07 
0.0108285 0.0112634 0.0186717 4.5252e-05 0.905282 8.00389e-07 0.000163291 0.00054862 0.0258597 0.00208827 0.0252472 1.20253e-06 
2.74634e-09 0.00162359 1.73951e-06 3.92343e-06 0.374172 3.94309e-10 9.1226e-10 1.11912e-06 0.615795 4.2408e-10 0.00840196 2.43555e-09 
6.92914e-07 6.34689e-06 4.8569e-06 4.5479e-11 0.61495 6.86062e-12 3.08879e-06 1.97575e-07 0.2409 0.0735805 0.068416 0.00213817 
1.69933e-07 1.96116e-05 0.00133133 2.23321e-07 0.97357 3.48496e-08 0.00158985 1.74826e-07 0.00393643 1.28768e-06 0.0190251 0.000525575 
9.00639e-08 7.62691e-05 0.000713188 5.94533e-10 0.0139514 8.96867e-11 8.41969e-07 1.95654e-10 0.0140476 0.00748918 0.963717 4.78676e-06 
1.4521e-06 8.53845e-05 9.84738e-05 3.65891e-05 0.844879 2.08488e-07 0.000246231 4.54823e-07 0.046397 7.90503e-05 0.108175 1.28778e-06 
1.83399e-06 0.0152272 0.000327733 7.54425e-05 0.426969 2.63318e-07 0.372169 5.74438e-07 0.00125314 0.000131807 0.183202 0.000642535 
1.60926e-07 0.352045 0.00524799 1.93485e-08 0.29778 4.57023e-10 4.94685e-08 1.87461e-07 0.281981 0.0129824 0.0499603 2.90143e-06 
9.44509e-05 0.000183488 0.000849785 0.000203257 0.96015 3.85912e-06 0.00407666 0.00260468 0.00858776 0.000592035 0.0226479 6.07716e-06 
8.09507e-06 6.44742e-06 1.22913e-05 0.000274038 0.98783 6.83281e-10 0.000254512 1.4906e-09 1.34234e-05 7.34869e-10 0.0115465 5.44479e-05 
3.62369e-09 1.07654e-06 5.66576e-06 3.44891e-09 2.70288e-05 5.20276e-10 3.73264e-06 0.000867143 2.05007e-06 3.46981e-06 0.00634761 0.992742 
6.20893e-10 0.0725916 0.0415357 5.90946e-10 0.000150101 8.91456e-11 2.06244e-10 1.94474e-10 0.504497 0.209103 0.172122 5.50629e-10 
1.90642e-07 3.53758e-08 3.20884e-05 1.81447e-07 0.999786 2.73717e-08 6.33262e-08 0.000107541 3.25142e-05 2.94383e-08 4.07814e-05 1.69068e-07 
2.35666e-05 0.000116885 0.0210721 0.000327263 0.803805 2.09085e-06 0.008441 0.000210706 0.0691363 0.0541033 0.0424727 0.000289084 
2.70872e-10 9.29923e-07 0.0102174 2.57807e-10 0.694986 3.88908e-11 3.58917e-05 1.11143e-05 0.232371 0.0230248 0.0393463 7.15876e-06 
1.07069e-10 0.00546038 0.00345736 2.04598e-08 0.949401 1.53725e-11 3.55653e-11 3.35357e-11 0.0277438 0.00609052 0.00133086 0.00651627 
1.52873e-06 6.37894e-06 0.0232319 2.12003e-05 0.186336 2.1949e-07 0.0016073 6.22095e-05 0.00984439 0.777555 0.000142951 0.0011911 
4.29576e-06 0.0369061 0.00402169 8.95127e-05 0.910246 7.06496e-09 0.00956869 0.00163149 0.0241637 0.0060316 0.00344746 0.00388899 
1.07069e-10 0.00546038 0.00345736 2.04598e-08 0.949401 1.53725e-11 3.55653e-11 3.35357e-11 0.0277438 0.00609052 0.00133086 0.00651627 
4.06391e-06 3.20963e-06 0.0154646 4.94316e-07 0.695425 6.71365e-09 1.72519e-07 3.52735e-06 0.0139954 0.103568 0.148613 0.0229226 
1.93255e-10 0.00607574 0.0634473 1.83933e-10 0.0959681 2.77468e-11 0.154151 4.11258e-06 0.317267 0.258061 0.105026 1.71385e-10 
1.14858e-10 5.34981e-07 1.14802e-07 1.09318e-10 0.00953289 1.64908e-11 4.59362e-06 5.14483e-07 0.91222 0.0406553 0.0375861 1.0186e-10 
9.05112e-08 1.67954e-08 0.00476953 8.61456e-08 0.979106 1.29953e-08 3.00654e-08 3.21779e-06 0.0160624 2.07173e-05 8.49544e-06 2.89276e-05 
1.66891e-09 3.09686e-10 4.95592e-07 1.58842e-09 0.0287635 2.39617e-10 4.4355e-06 5.22732e-10 0.964999 3.58239e-06 0.00622888 1.48005e-09 
0.00211898 0.000347278 0.00533572 2.11998e-07 0.983996 3.19803e-08 7.39886e-08 6.97662e-08 0.000634716 0.0012395 0.00568678 0.00064071 
8.67592e-07 0.0956998 0.0256706 6.70194e-10 0.0284915 1.011e-10 0.104817 6.98881e-06 0.070471 0.00148603 0.00824135 0.665115 
3.61291e-06 0.000228096 0.000434932 0.000246459 0.10851 5.18728e-07 1.20011e-06 1.13162e-06 0.0118195 0.878657 9.50957e-05 3.20405e-06 
4.37415e-09 1.46448e-05 0.000484805 7.09793e-06 0.765174 6.28024e-10 1.45297e-09 0.000303609 0.0110633 0.0943979 0.121153 0.0074012 
1.82499e-10 1.38879e-07 4.80377e-07 1.21761e-07 0.903808 2.62025e-11 0.0172416 0.00126095 0.021349 0.00683686 0.0495005 2.4764e-06 
5.7696e-07 1.07062e-07 0.000887552 4.81424e-05 0.979817 8.28378e-08 0.00338655 0.00818146 0.00318062 0.00374761 0.000749338 5.11668e-07 
6.66559e-06 3.20569e-06 5.58259e-05 1.05741e-08 0.241105 1.59513e-09 3.69043e-09 6.79422e-07 0.00305296 1.03322e-05 0.010909 0.744857 
9.73562e-06 0.0109768 0.182171 1.04392e-05 0.127653 5.31704e-06 0.00142097 4.59252e-05 0.061763 0.503707 0.0257176 0.0865193 
4.14043e-05 8.3127e-05 0.0043061 3.94073e-05 0.994979 5.94468e-06 1.37534e-05 1.29685e-05 0.000228847 6.66295e-05 0.000186052 3.67187e-05 
2.62303e-06 2.38231e-05 1.82295e-05 2.17014e-08 0.874854 3.27371e-09 0.00297599 7.48556e-07 0.0440979 0.00514295 0.0728746 8.926e-06 
0.978347 1.39796e-05 0.000169066 1.22355e-06 0.0189034 1.84575e-07 4.16716e-05 4.02657e-07 0.0013086 1.98511e-07 0.00121312 1.14007e-06 
0.194733 0.0216719 0.0351894 0.00961725 0.0687096 0.000455794 0.232045 0.000525329 0.235028 0.0180566 0.165861 0.0181067 
8.33467e-09 1.54659e-09 2.50936e-06 7.93266e-09 0.0252048 1.19666e-09 6.43475e-05 0.0123568 0.866245 1.28701e-09 0.0957609 0.000365876 
5.29364e-05 0.0257607 0.0523249 0.00915475 0.325053 5.00956e-07 0.000350953 1.88789e-05 0.498123 0.0504778 0.0351892 0.00349396 
3.30871e-05 0.475602 0.0418013 3.85564e-08 0.0132717 3.75527e-10 0.000135507 4.78156e-07 0.433718 0.0169417 0.0176269 0.000868839 
9.60081e-09 1.78154e-09 0.00884526 9.13773e-09 0.866416 1.37845e-09 5.08312e-06 0.0093635 0.0550451 1.35813e-05 0.0234657 0.0368453 
4.62188e-08 0.000310999 0.0631507 4.39895e-08 0.773428 6.63592e-09 1.64836e-05 1.44765e-08 0.00905952 0.151767 0.0022444 2.27337e-05 
4.28992e-06 7.96044e-07 0.000165638 4.08301e-06 0.85498 6.15931e-07 1.425e-06 1.34368e-06 3.22293e-05 0.0034578 0.141242 0.000109568 
6.12124e-06 2.08429e-09 0.14141 1.06906e-08 0.744732 1.6127e-09 1.56462e-07 3.51817e-09 0.0856893 0.00257587 0.025562 2.43681e-05 
0.00141599 0.0245938 0.0299039 0.00424463 0.500503 1.76929e-06 0.0219367 0.0168071 0.270719 0.0251253 0.0987363 0.00601286 
2.62216e-08 2.41946e-07 0.011769 0.00661923 0.928326 4.756e-11 0.00662439 8.27126e-05 0.0024037 0.0117851 0.0209047 0.0114845 
2.56818e-06 5.75743e-05 0.096342 2.44431e-06 0.0117907 3.6873e-07 9.41526e-05 4.97984e-06 0.868811 0.0123596 0.0105326 2.27755e-06 
5.64031e-06 1.04662e-06 0.00385157 5.36826e-06 0.00888743 8.09814e-07 1.87356e-06 1.76664e-06 0.984424 8.70956e-07 0.00281486 5.00201e-06 
9.00639e-08 7.62691e-05 0.000713188 5.94533e-10 0.0139514 8.96867e-11 8.41969e-07 1.95654e-10 0.0140476 0.00748918 0.963717 4.78676e-06 
3.07416e-06 5.70446e-07 0.000912888 2.92589e-06 0.0043535 4.41377e-07 0.00204333 9.62879e-07 0.00281112 0.987711 0.00215794 2.72627e-06 
1.60154e-07 2.97183e-08 0.783244 1.52429e-07 0.0188046 2.29943e-08 5.31988e-08 5.01628e-08 0.000939481 0.0946781 0.102333 1.4203e-07 
5.41732e-05 1.2415e-06 1.19443e-05 2.45972e-07 0.325399 3.71055e-08 8.58461e-08 3.50967e-05 0.00161394 0.654092 0.018684 0.000108514 
1.91665e-08 7.47233e-06 2.40882e-05 7.31506e-06 0.0605774 2.75185e-09 6.43026e-07 7.81024e-06 1.12888e-05 0.848544 0.0908203 1.69975e-08 
8.94115e-07 3.1917e-06 0.885104 0.000920779 9.13865e-05 1.28374e-07 2.97001e-07 8.32919e-06 5.54956e-06 1.38066e-07 0.113864 7.92932e-07 
4.33116e-07 3.2797e-07 0.210647 0.466047 0.167759 5.17779e-11 0.0651583 0.00455614 0.025505 0.00505693 0.0552116 5.83032e-05 
0.000218612 5.3296e-05 0.0256063 0.000172957 0.0718598 1.25812e-07 2.91075e-07 0.000538391 0.673483 0.196011 0.0303844 0.0016714 
4.06391e-06 3.20963e-06 0.0154646 4.94316e-07 0.695425 6.71365e-09 1.72519e-07 3.52735e-06 0.0139954 0.103568 0.148613 0.0229226 
0.0001857 0.0181241 0.192971 0.00217986 0.718486 1.11338e-06 3.77328e-06 0.00122824 0.0147782 0.0177796 0.0174451 0.0168176 
1.74047e-06 0.258479 0.0220558 5.99533e-05 0.162066 1.27452e-07 8.32081e-06 0.000234717 0.269515 0.287475 0.000102592 7.87237e-07 
1.29715e-08 2.40702e-09 3.58418e-06 3.5958e-06 0.968624 1.86241e-09 4.3088e-09 5.18788e-06 1.76572e-05 0.00520391 0.026045 9.66687e-05 
6.71071e-06 1.24525e-06 0.324916 0.00205138 0.332321 9.635e-07 2.22912e-06 0.000219194 0.333159 0.00707291 0.000243615 5.95129e-06 
0.996647 0.000133856 8.27687e-05 7.30308e-08 0.002704 1.10169e-08 2.54882e-08 0.000117789 0.000133786 1.18486e-08 6.48023e-05 0.00011575 
9.98057e-06 0.000335508 0.00873838 0.00128364 0.897756 9.16378e-07 6.37596e-06 0.000417701 0.0182176 0.0399097 0.0245155 0.00880853 
2.63211e-09 4.88418e-10 1.53693e-06 2.00663e-06 1.65356e-05 3.77909e-10 0.00714404 1.28618e-05 8.68877e-06 4.06441e-10 0.0154417 0.977373 
1.304e-06 9.1777e-05 4.08871e-05 1.24111e-06 0.997307 1.87224e-07 4.33155e-07 4.08435e-07 0.00246104 8.25159e-05 1.22876e-05 1.15643e-06 
6.44715e-07 0.000420532 0.00129992 5.25415e-09 0.815371 7.92602e-10 2.85134e-06 1.83986e-07 0.128448 0.00164019 0.0521564 0.000659556 
4.82011e-10 1.70031e-07 1.08752e-06 3.21592e-07 0.252508 6.92054e-11 8.48749e-07 0.00152279 0.745959 3.52809e-06 3.43875e-08 4.91625e-06 
1.89403e-06 0.0449184 1.74455e-05 3.71117e-06 0.929332 6.72086e-08 1.11086e-07 1.8151e-07 0.0113473 0.00185695 0.0125215 8.89339e-07 
0.000699149 0.00276802 0.00847873 0.00772239 0.854671 5.01848e-06 2.11922e-05 0.00032241 0.0567709 0.00749685 0.0610343 9.9654e-06 
6.44715e-07 0.000420532 0.00129992 5.25415e-09 0.815371 7.92602e-10 2.85134e-06 1.83986e-07 0.128448 0.00164019 0.0521564 0.000659556 
1.07069e-10 0.00546038 0.00345736 2.04598e-08 0.949401 1.53725e-11 3.55653e-11 3.35357e-11 0.0277438 0.00609052 0.00133086 0.00651627 
3.15472e-06 1.17654e-07 1.29723e-06 3.69742e-06 0.200254 2.38024e-09 2.79167e-06 9.9562e-07 0.000473125 0.798709 0.000223301 0.000329088 
0.0001857 0.0181241 0.192971 0.00217986 0.718486 1.11338e-06 3.77328e-06 0.00122824 0.0147782 0.0177796 0.0174451 0.0168176 
0.00010748 2.14473e-07 0.0358762 3.62794e-07 0.099158 1.2231e-10 0.803603 1.60332e-06 0.000713777 0.0590354 3.73838e-07 0.00150391 
9.00639e-08 7.62691e-05 0.000713188 5.94533e-10 0.0139514 8.96867e-11 8.41969e-07 1.95654e-10 0.0140476 0.00748918 0.963717 4.78676e-06 
8.67592e-07 0.0956998 0.0256706 6.70194e-10 0.0284915 1.011e-10 0.104817 6.98881e-06 0.070471 0.00148603 0.00824135 0.665115 
3.06984e-06 5.69644e-07 0.00328098 2.92178e-06 0.984574 4.40757e-07 0.00346807 9.61526e-07 0.00176052 0.00535706 0.00154888 2.72244e-06 
2.97003e-06 6.41845e-05 2.27204e-05 7.04931e-09 0.991469 1.06341e-09 2.46026e-09 2.31986e-09 0.00842248 1.14369e-09 1.25504e-05 6.57494e-06 
4.88786e-08 9.06999e-09 0.459767 4.65211e-08 0.499232 7.01782e-09 1.62362e-08 1.53096e-08 0.0409381 3.17077e-05 3.02902e-05 4.33472e-08 
1.85292e-07 1.44401e-05 0.0142659 3.44737e-07 0.640757 4.81663e-11 0.0068678 0.000207445 0.0599044 0.0684899 0.154852 0.0546408 
0.000585496 0.00768111 0.116057 0.000407339 0.615724 0.000202437 0.00029007 0.00101495 0.0456479 0.0184734 0.193613 0.000303148 
6.95171e-09 1.28997e-09 3.21249e-05 6.61641e-09 0.180262 9.98101e-10 2.30917e-09 2.17739e-09 0.0506457 0.551444 0.217616 6.16501e-09 
1.60501e-10 4.11054e-08 6.65008e-06 0.000512173 0.996358 2.30442e-11 5.33142e-11 0.000290034 0.00178791 2.08112e-05 0.000195606 0.000829036 
2.38822e-07 4.43162e-08 0.794309 2.27303e-07 0.000238191 3.42893e-08 6.35436e-05 7.48032e-08 0.000118456 4.79784e-05 0.205222 2.11796e-07 
4.23588e-10 7.86016e-11 0.0074872 4.03157e-10 0.989075 6.08173e-11 5.64225e-08 0.00185182 0.00135942 6.5409e-11 0.000226884 3.75653e-10 
4.42652e-10 8.2139e-11 0.000662616 0.000649858 0.989699 6.35543e-11 2.50109e-07 0.000749576 0.00157017 6.83527e-11 0.00666872 3.92559e-10 
3.87742e-07 7.233e-06 0.639235 3.6904e-07 7.18117e-05 5.56706e-08 2.14028e-05 1.21447e-07 1.43411e-05 0.136291 0.208633 0.0157248 
4.69611e-05 0.100233 0.0257327 7.86214e-10 0.0274825 1.18602e-10 0.0976346 0.000116033 0.0660024 0.00779235 0.00989203 0.665067 
8.87425e-08 0.00123663 1.07654e-05 1.97423e-05 0.0184136 1.27413e-08 0.000953849 0.000145925 0.974986 1.37033e-08 2.95556e-06 0.00423021 
5.25917e-06 9.75899e-07 0.00269703 5.00551e-06 0.00606263 7.55093e-07 0.000467972 1.64726e-06 0.990304 8.12102e-07 0.000449569 4.66401e-06 
6.44715e-07 0.000420532 0.00129992 5.25415e-09 0.815371 7.92602e-10 2.85134e-06 1.83986e-07 0.128448 0.00164019 0.0521564 0.000659556 
9.73434e-09 1.82437e-07 9.6323e-10 4.34384e-07 0.998753 3.48533e-12 7.74182e-08 7.60338e-12 0.00124614 2.66179e-08 9.58565e-09 2.1528e-11 
0.000349731 1.30017e-05 0.0804561 2.41834e-06 0.613805 1.60779e-06 0.0527806 0.00452206 0.00649741 0.176426 0.0649013 0.000244589 
1.86587e-09 3.46233e-10 7.18234e-06 3.73112e-06 0.993588 2.67894e-10 0.0046193 6.43447e-07 1.9085e-05 0.00175476 7.71481e-06 1.65472e-09 
1.04787e-06 0.547972 2.26392e-05 1.95087e-06 0.0395815 6.5384e-11 0.00361987 1.94001e-06 0.408622 1.88038e-05 7.87624e-06 0.000150721 
1.16306e-07 1.51393e-05 0.0375361 1.10696e-07 0.125217 1.66988e-08 0.150025 3.6429e-08 0.379236 0.291206 0.0167516 1.3349e-05 
9.42975e-08 7.35889e-06 0.0755861 1.75559e-07 0.647914 5.35494e-08 0.0583332 1.74582e-07 0.0913274 0.0913781 0.0354399 1.35634e-05 
9.00639e-08 7.62691e-05 0.000713188 5.94533e-10 0.0139514 8.96867e-11 8.41969e-07 1.95654e-10 0.0140476 0.00748918 0.963717 4.78676e-06 
4.26964e-06 2.25717e-09 0.00797337 5.72064e-06 0.748005 1.74646e-09 4.37526e-06 1.03425e-06 0.0186932 0.202178 0.0121994 0.0109349 
2.44069e-07 4.52899e-08 0.0196104 2.32642e-06 0.0933789 3.50426e-08 0.0236832 1.26932e-05 0.128518 0.264253 0.470289 0.000251721 
3.42706e-06 2.06015e-06 0.000753471 1.79908e-05 0.179092 2.91972e-07 0.000353202 1.58451e-05 0.00107792 0.813128 0.00439906 0.00115738 
1.71547e-05 0.000139644 0.00123094 4.61113e-05 0.0134584 2.46301e-06 0.000116597 8.94393e-05 0.964979 0.0196592 0.000246002 1.52134e-05 
5.60738e-09 0.00268474 0.506406 5.33692e-09 0.231668 8.05087e-10 1.86262e-09 1.75633e-09 0.0591105 0.126016 0.0736701 0.000444773 
4.63513e-06 8.60101e-07 0.0023179 4.41156e-06 0.975672 6.65495e-07 0.00140299 1.4518e-06 0.00320288 0.0152243 0.00182277 0.00034557 
4.06391e-06 3.20963e-06 0.0154646 4.94316e-07 0.695425 6.71365e-09 1.72519e-07 3.52735e-06 0.0139954 0.103568 0.148613 0.0229226 
1.14068e-06 1.54457e-05 1.33505e-05 1.08566e-06 0.952577 1.63775e-07 3.85575e-05 1.7472e-05 0.00163899 0.000619837 0.0448475 0.000229832 
4.89814e-07 2.3451e-07 6.61156e-07 1.50335e-10 0.0494551 2.26784e-11 5.24679e-11 5.93733e-07 0.0530619 5.00741e-06 0.889258 0.00821775 
0.00010748 2.14473e-07 0.0358762 3.62794e-07 0.099158 1.2231e-10 0.803603 1.60332e-06 0.000713777 0.0590354 3.73838e-07 0.00150391 
3.38768e-07 8.52747e-06 1.33094e-05 3.19236e-09 0.413446 4.81574e-10 9.48156e-05 8.8144e-05 0.327886 0.000377419 0.257847 0.000238563 
2.08495e-06 3.86886e-07 0.18784 1.98439e-06 0.464797 2.9935e-07 0.00120135 6.53041e-07 0.0149469 0.148705 0.179515 0.00298932 
2.64487e-05 6.40491e-06 2.59988e-05 1.84579e-07 0.960525 2.78442e-08 6.44193e-08 6.0743e-08 0.0239004 7.74092e-05 0.0153799 5.8381e-05 
0.00423693 0.000190074 0.0568232 0.00127805 0.626649 0.000186001 0.269591 0.00981128 0.0124334 0.00192005 0.0166912 0.000189928 
5.33052e-08 1.88035e-05 0.00164359 6.09318e-05 0.991455 7.65337e-09 1.77066e-08 0.000190352 0.000498557 0.00510088 0.000440508 0.000590959 
3.72478e-07 0.0320742 0.0375988 9.80341e-09 0.596942 3.68794e-12 1.66039e-06 1.06207e-07 0.169603 0.16026 0.00351787 1.27567e-06 
0.00141599 0.0245938 0.0299039 0.00424463 0.500503 1.76929e-06 0.0219367 0.0168071 0.270719 0.0251253 0.0987363 0.00601286 
0.000760975 0.00068766 0.666005 8.34731e-07 0.173397 1.30951e-07 0.0023964 3.17524e-05 0.00741374 0.127927 0.0170641 0.00431595 
1.34003e-05 0.0095847 0.254392 0.00412043 0.439343 7.32615e-06 0.102021 0.0638081 0.0685033 0.0249982 0.0228118 0.0103967 
1.21754e-08 0.000220706 0.000848455 1.15881e-08 0.175847 1.7481e-09 5.96588e-06 3.81353e-09 0.723592 0.0117256 0.0677593 0.0200012 
9.61571e-06 9.13642e-05 0.00903367 9.15192e-06 0.96169 1.38059e-06 0.000125066 6.95423e-05 0.0274028 0.000900715 0.000139753 0.000526754 
0.0350084 8.68023e-05 0.0419908 0.0028494 0.589924 7.84606e-05 0.0544529 0.00205475 0.107983 0.0710119 0.0469568 0.0476029 
0.00141599 0.0245938 0.0299039 0.00424463 0.500503 1.76929e-06 0.0219367 0.0168071 0.270719 0.0251253 0.0987363 0.00601286 
1.62457e-05 1.55182e-09 0.00540038 1.34009e-06 0.0254396 1.2007e-09 0.281258 5.61399e-06 0.532288 0.0884774 0.0671102 2.31139e-06 
1.72088e-09 0.00864728 2.20346e-05 1.63788e-09 0.754663 2.47078e-10 5.7163e-10 5.39008e-10 0.0105283 0.226122 3.24834e-06 1.39818e-05 
0.122668 7.74823e-12 0.018826 3.97416e-11 0.360624 5.99512e-12 1.38701e-11 0.00610246 0.304552 0.00105657 0.0325889 0.153582 
0.00141599 0.0245938 0.0299039 0.00424463 0.500503 1.76929e-06 0.0219367 0.0168071 0.270719 0.0251253 0.0987363 0.00601286 
4.2453e-06 1.90242e-06 0.0166283 3.36854e-05 0.927054 6.09525e-07 0.000129862 4.39764e-05 0.00669198 0.0478177 0.00159046 3.76488e-06 
0.000100228 0.0370894 0.0169913 0.000625267 0.0393851 8.54205e-05 0.000833809 0.000187603 0.0269276 0.262025 0.00445353 0.611295 
6.53697e-06 0.00167492 0.000765024 5.64999e-06 0.847618 4.89882e-06 0.0158263 2.34469e-05 0.0602627 0.038253 0.0355063 5.34716e-05 
1.21716e-05 2.82051e-05 0.00818707 1.15845e-05 9.70564e-05 1.74755e-06 5.50585e-05 3.81234e-06 0.00108726 0.974583 0.0159225 1.07942e-05 
3.60043e-06 5.72108e-06 0.00034716 3.71339e-09 2.71731e-06 5.60174e-10 1.296e-09 1.22204e-09 0.980275 2.7293e-06 0.0193626 3.46005e-09 
9.37623e-10 2.2862e-05 0.0283731 4.55213e-06 0.971557 1.34621e-10 3.11453e-10 1.26311e-06 1.6348e-06 2.06898e-05 1.58155e-05 2.91113e-06 
0.000151748 5.12142e-07 0.0685582 1.89985e-07 0.405726 3.82312e-10 0.00162446 2.34166e-07 0.369072 0.0952352 0.0596311 2.36144e-09 
9.60081e-09 1.78154e-09 0.00884526 9.13773e-09 0.866416 1.37845e-09 5.08312e-06 0.0093635 0.0550451 1.35813e-05 0.0234657 0.0368453 
2.22753e-06 4.13344e-07 0.0502202 2.12009e-06 0.947748 3.19821e-07 0.000412682 7.3227e-05 0.000147707 0.000428633 0.00026396 0.000700191 
4.05676e-05 0.0117639 0.00599648 2.96165e-08 0.256189 2.01682e-12 0.00279819 0.000137158 0.698038 0.00495633 0.0194911 0.000589658 
9.00646e-10 1.67125e-10 0.0709646 8.57205e-10 0.904594 1.29311e-10 1.82524e-06 0.00190586 0.0189752 4.03455e-07 0.00355033 7.50879e-06 
1.04722e-09 0.00620252 0.00226179 9.96707e-10 7.58658e-07 1.50356e-10 1.62803e-06 3.28006e-10 0.76851 0.217171 0.00585157 9.28708e-10 
1.17849e-10 0.000974088 1.80764e-07 1.12165e-10 0.80843 1.69204e-11 1.17479e-07 2.58756e-08 0.190501 3.09546e-08 9.51772e-05 1.04513e-10 
9.60081e-09 1.78154e-09 0.00884526 9.13773e-09 0.866416 1.37845e-09 5.08312e-06 0.0093635 0.0550451 1.35813e-05 0.0234657 0.0368453 
0.00214446 8.65525e-08 0.124041 4.43939e-07 0.540098 6.69692e-08 0.00980912 1.34828e-06 0.104562 0.187322 1.19069e-06 0.0320202 
1.88974e-09 3.50662e-10 3.17907e-06 1.80039e-06 0.970508 2.71321e-10 0.0073678 0.0220915 1.13925e-05 1.34234e-05 2.68402e-06 1.67588e-09 
3.72478e-07 0.0320742 0.0375988 9.80341e-09 0.596942 3.68794e-12 1.66039e-06 1.06207e-07 0.169603 0.16026 0.00351787 1.27567e-06 
5.98062e-09 1.10977e-09 4.42666e-05 5.69215e-09 0.916604 8.58675e-10 0.000125555 1.85468e-05 0.000109647 4.06435e-06 0.0830938 5.30381e-09 
1.53275e-10 2.84419e-11 0.24335 1.45882e-10 0.571482 2.20067e-11 0.176982 0.00812865 2.8101e-06 5.21859e-05 1.41878e-06 1.3593e-10 
3.3866e-09 6.28422e-10 6.38933e-06 1.73027e-06 0.0187141 4.86236e-10 6.11103e-07 7.2105e-08 0.0239095 0.565651 0.391717 3.00335e-09 
7.7473e-07 0.728896 0.00923398 3.21985e-09 5.70982e-07 4.85723e-10 6.10495e-07 1.05962e-09 0.0634182 0.00135389 0.197096 3.00018e-09 
1.33516e-05 0.000110484 2.96673e-06 1.27076e-05 0.998033 1.91697e-06 4.43504e-06 4.18194e-06 0.000685295 0.00103181 8.82772e-05 1.18406e-05 
9.60081e-09 1.78154e-09 0.00884526 9.13773e-09 0.866416 1.37845e-09 5.08312e-06 0.0093635 0.0550451 1.35813e-05 0.0234657 0.0368453 
3.42478e-06 0.00117301 1.36781e-05 3.25959e-06 0.975968 4.91718e-07 0.000103577 1.0727e-06 0.0227112 5.28843e-07 1.89831e-05 3.03721e-06 
1.30357e-09 0.000976976 0.160674 1.03706e-06 0.0235633 1.87162e-10 4.33011e-10 1.25825e-08 0.0538151 0.491763 0.269207 1.15605e-09 
5.39196e-07 1.00054e-07 0.000501586 5.13189e-07 0.998112 7.74158e-08 1.79106e-07 0.000760151 0.000576622 8.32607e-08 4.73375e-05 4.78177e-07 
2.09585e-08 3.88908e-09 0.154344 1.99476e-08 0.711912 3.00914e-09 6.96185e-09 0.0179435 0.115791 3.23633e-09 1.05746e-05 1.85867e-08 
1.36553e-05 5.68911e-07 0.120799 0.144493 0.0527872 5.79097e-09 1.33978e-08 4.27708e-06 0.678701 0.00284824 4.73065e-06 0.000348337 
1.58557e-06 0.000408373 0.000364525 7.8319e-09 0.0443388 1.18146e-09 0.00507313 2.5774e-09 0.668003 1.58941e-05 0.281781 1.37833e-05 
7.39902e-09 6.04244e-06 0.711983 7.04214e-09 2.22829e-05 1.06232e-09 1.89272e-05 2.3175e-09 0.00330584 0.267715 0.0169489 6.5617e-09 
2.65284e-11 2.36785e-05 0.0133408 2.27493e-08 0.325017 3.80885e-12 0.63807 0.0235478 5.55042e-08 7.78729e-09 3.66604e-08 2.35263e-11 
7.4949e-07 0.012364 5.25346e-06 2.06657e-07 0.769775 7.05046e-08 3.34099e-06 2.13707e-07 0.100222 0.0816554 0.0359707 2.56687e-06 
1.22396e-06 0.000191411 0.898386 1.16493e-06 0.0010961 1.75732e-07 4.06568e-07 0.000366117 0.000558946 0.000116859 0.0992805 1.08545e-06 
9.60081e-09 1.78154e-09 0.00884526 9.13773e-09 0.866416 1.37845e-09 5.08312e-06 0.0093635 0.0550451 1.35813e-05 0.0234657 0.0368453 
2.09023e-08 6.47164e-06 0.0858729 1.98941e-08 0.492228 3.00107e-09 3.86625e-06 5.01099e-07 0.139152 0.021753 0.0180477 0.242936 
7.68386e-06 2.0366e-10 0.441951 1.0446e-09 0.177623 1.5758e-10 0.306189 0.0454913 2.30483e-06 0.0287301 5.80189e-06 9.73331e-10 
8.43227e-05 0.0316969 0.0513552 3.27063e-05 0.226056 7.96053e-06 0.000930436 0.000190985 0.111529 0.53527 0.0196069 0.0232404 
2.00275e-10 0.00142902 0.00136557 1.90615e-10 0.505512 2.87548e-11 0.141387 0.00352948 0.33993 0.00057208 0.00627374 1.77611e-10 
3.62369e-09 1.07654e-06 5.66576e-06 3.44891e-09 2.70288e-05 5.20276e-10 3.73264e-06 0.000867143 2.05007e-06 3.46981e-06 0.00634761 0.992742 
3.87015e-06 2.31586e-10 0.0729209 9.51457e-07 7.46714e-06 1.79188e-10 4.14563e-10 9.3856e-07 1.55708e-06 0.912783 0.0142711 9.74089e-06 
4.07568e-05 0.0123065 0.0230305 1.61339e-07 0.645959 5.829e-08 0.00279907 0.00013737 0.285622 0.00495744 0.0245576 0.000590322 
1.88974e-09 3.50662e-10 3.17907e-06 1.80039e-06 0.970508 2.71321e-10 0.0073678 0.0220915 1.13925e-05 1.34234e-05 2.68402e-06 1.67588e-09 
5.2786e-07 9.79504e-08 0.00123275 5.024e-07 0.00595848 7.57882e-08 0.986433 0.000479636 0.0011535 0.00354578 0.00119549 4.68124e-07 
