9.97827e-06 0.00926179 0.0507757 3.07371e-06 0.0560356 0.542866 0.0211339 0.000224429 0.0362239 0.0198185 0.260656 0.00299061 
1.49778e-09 0.0612844 0.00716785 6.91554e-08 7.87334e-05 0.777014 0.00321493 1.97338e-05 0.00935757 0.0487367 0.0798659 0.0132602 
0.00774065 0.00111531 0.125629 0.0222073 0.0262733 0.657261 0.0224869 0.00375566 0.0202187 0.0483054 0.0649689 3.81635e-05 
1.69357e-09 0.000827691 0.043172 0.00344349 0.197495 0.632902 0.00315196 8.7184e-05 0.00137633 0.000537792 0.116033 0.000973671 
8.27366e-06 0.000917965 0.199372 6.31284e-07 0.0013015 0.482371 0.00612562 3.43617e-05 0.0266795 0.229183 0.0536628 0.000342403 
0.000148847 0.00406163 0.072411 7.21354e-06 0.0246024 0.623513 0.00674269 0.000111673 0.0181929 0.0745214 0.175577 0.000109854 
6.34361e-13 1.66889e-05 0.00368066 5.94776e-05 0.00668369 0.938386 0.000133289 1.98712e-09 0.000148014 2.97795e-09 0.0508922 3.398e-08 
0.000281689 0.00569 0.0536413 2.41186e-05 0.00337681 0.508855 0.083016 0.00530079 0.044648 0.0239729 0.27116 3.412e-05 
0.000465117 0.00592874 0.0523622 0.000275709 0.0331411 0.617733 0.00675499 0.0022231 0.00679117 0.0795903 0.191083 0.00365126 
1.87613e-06 7.17576e-05 0.00549722 2.73827e-06 0.0455135 0.878807 0.000334447 0.00043371 0.0019518 0.0217295 0.045638 1.796e-05 
1.94375e-05 0.00627145 0.33027 6.83039e-09 0.001157 0.385226 0.000259709 2.12464e-05 0.0133061 0.00456383 0.258689 0.000216464 
0.000162355 0.00324952 0.0573592 6.87952e-05 0.0103538 0.34951 0.0672626 0.000365341 0.0248725 0.173845 0.308425 0.00452503 
6.78103e-05 0.00892979 0.013612 5.55086e-06 0.00597853 0.574141 0.00675119 2.13952e-05 0.0530376 0.169257 0.147313 0.0208855 
0.0115593 0.0114724 0.0650309 0.000762093 0.0218522 0.312002 0.187151 0.00890133 0.0762263 0.0379749 0.264159 0.00290858 
1.49778e-09 0.0612844 0.00716785 6.91554e-08 7.87334e-05 0.777014 0.00321493 1.97338e-05 0.00935757 0.0487367 0.0798659 0.0132602 
2.51431e-07 8.35824e-05 0.213923 3.31499e-05 0.0839294 0.418457 0.0190824 0.00164483 0.0786852 0.0352077 0.145065 0.00388828 
1.16029e-09 0.000145159 1.53047e-05 1.10543e-06 0.436635 0.459852 0.00035813 1.52673e-06 6.43753e-06 0.0015952 0.000108959 0.101282 
1.49778e-09 0.0612844 0.00716785 6.91554e-08 7.87334e-05 0.777014 0.00321493 1.97338e-05 0.00935757 0.0487367 0.0798659 0.0132602 
1.92048e-06 4.57584e-07 0.0908157 1.82785e-06 0.0225237 0.814511 0.000138331 5.58955e-05 0.0342074 0.00566738 0.0320646 1.15727e-05 
0.00505824 0.0245781 0.191572 0.0235641 0.0633199 0.384309 0.0173572 0.00293521 0.0384747 0.020768 0.227374 0.000689842 
0.000287739 0.0661215 0.054873 0.00011648 0.102163 0.462647 0.00372027 0.00641024 0.0233204 0.150489 0.104147 0.0257049 
9.07892e-07 0.00418061 9.08709e-07 0.00345107 0.0107226 0.886317 9.08498e-07 9.08514e-07 0.0443468 0.0509766 9.08747e-07 9.07994e-07 
0.00172389 9.33368e-06 0.368567 0.000313378 0.0327977 0.377741 0.0176298 0.00701151 0.0017424 0.0422323 0.149983 0.000248173 
8.25237e-13 2.84841e-09 0.0134355 1.80728e-09 0.000329932 0.910987 0.00120743 7.59951e-09 0.000105206 0.00373866 0.0656479 0.00454808 
1.31397e-07 0.0685626 0.00968824 4.09291e-05 0.00148499 0.451337 0.0039206 2.50402e-05 0.0486965 0.0306773 0.384185 0.00138115 
0.000148847 0.00406163 0.072411 7.21354e-06 0.0246024 0.623513 0.00674269 0.000111673 0.0181929 0.0745214 0.175577 0.000109854 
0.00177324 0.000827199 0.159472 0.00455503 0.0461474 0.516881 0.0130972 3.78786e-05 0.0344497 0.0154612 0.203831 0.00346707 
1.33709e-12 0.0396784 0.00523766 5.5526e-05 0.0023997 0.378958 0.294034 0.000211098 0.00348182 0.0001143 0.273564 0.00226536 
0.000268288 0.00767492 0.10002 0.00254005 0.221648 0.272226 0.0097988 0.00213211 0.1275 0.0938959 0.160907 0.00138912 
3.29681e-07 0.0104674 0.0427081 0.000122726 0.00872084 0.509529 0.000932955 9.48333e-05 0.0309261 0.0472326 0.348664 0.000600652 
1.49778e-09 0.0612844 0.00716785 6.91554e-08 7.87334e-05 0.777014 0.00321493 1.97338e-05 0.00935757 0.0487367 0.0798659 0.0132602 
0.00559895 0.00168504 0.158321 0.000154335 0.0172113 0.472606 0.0170451 0.000589912 0.0500616 0.116056 0.159951 0.000719618 
9.57861e-05 0.010932 0.115062 3.784e-05 0.0160262 0.35136 0.108611 0.0153712 0.0199242 0.0356731 0.326192 0.000714995 
3.20181e-06 0.0019775 0.16699 0.000615838 0.00369577 0.680841 0.0107647 0.000127728 0.0129828 0.0372607 0.0774715 0.00726902 
0.0103561 0.00012003 0.104031 0.0634506 0.00815344 0.68711 0.0128528 0.00200503 0.00641283 0.0214894 0.083593 0.000425842 
6.81959e-05 0.00266654 0.0309431 8.03532e-05 0.00484344 0.503665 0.0150356 0.0016396 0.0608654 0.0237193 0.356364 0.000108659 
8.45364e-07 0.0202124 0.0540672 7.55831e-07 2.31919e-06 0.517346 0.233629 0.000712099 9.30482e-06 1.17855e-05 0.160303 0.0137056 
1.72776e-08 0.00297037 0.0923019 0.00854009 0.049763 0.414367 0.00140903 0.000210882 0.0254535 0.00717539 0.397494 0.000315243 
1.49778e-09 0.0612844 0.00716785 6.91554e-08 7.87334e-05 0.777014 0.00321493 1.97338e-05 0.00935757 0.0487367 0.0798659 0.0132602 
2.01368e-11 1.36427e-07 0.00309083 7.35302e-09 1.73656e-05 0.407297 0.00329945 9.04273e-06 0.0217466 0.16021 0.404329 8.60395e-08 
0.00223077 0.00302705 0.0705266 0.00014391 0.276802 0.305501 0.026349 0.0061228 0.04507 0.0300239 0.225482 0.00872061 
0.0775062 0.00331471 0.0459435 0.000190826 0.0279978 0.436974 0.0133931 2.99361e-05 0.0943577 0.135131 0.164719 0.000442828 
1.86549e-05 0.0114853 0.0774429 0.0978236 0.346112 0.356625 0.00375008 0.00287205 0.0144886 0.00012175 0.089047 0.000213022 
1.06615e-08 0.00302887 0.00963262 2.69676e-05 0.000558142 0.608661 0.000597588 4.74318e-06 0.011994 0.0244034 0.340785 0.000308158 
3.7235e-05 0.00609011 0.0703513 8.18981e-06 0.0288573 0.659317 0.0128324 0.000216138 0.0154915 0.121149 0.0849443 0.000705019 
0.000197606 0.00438613 0.0668266 9.74251e-05 0.225598 0.547768 0.00699205 9.96374e-06 0.0454546 0.00997307 0.0926786 1.82028e-05 
2.69379e-06 0.016246 0.461594 2.89687e-05 0.00801676 0.465822 0.00317785 0.00033812 0.00428331 0.0217031 0.018723 6.429e-05 
0.000588031 0.00754262 0.0462648 0.000257138 0.00793799 0.440734 0.050592 0.00293038 0.0735929 0.0963672 0.271764 0.00142878 
5.47015e-08 0.00185696 0.102942 8.31283e-06 0.0185303 0.45041 0.00146201 1.04787e-05 0.0174157 0.0979654 0.309396 2.26767e-06 
1.49778e-09 0.0612844 0.00716785 6.91554e-08 7.87334e-05 0.777014 0.00321493 1.97338e-05 0.00935757 0.0487367 0.0798659 0.0132602 
1.49778e-09 0.0612844 0.00716785 6.91554e-08 7.87334e-05 0.777014 0.00321493 1.97338e-05 0.00935757 0.0487367 0.0798659 0.0132602 
3.70847e-07 0.00349194 0.0121978 0.000625082 0.0927618 0.613024 0.0468578 0.000190351 0.0512852 0.00697907 0.171676 0.000910826 
0.00291745 2.25475e-07 0.00158724 1.15649e-06 0.0117773 0.983229 4.03622e-07 0.000457086 2.83407e-05 1.87631e-07 6.66311e-08 1.07759e-06 
8.27583e-08 0.0236391 0.00835678 1.08665e-06 0.00221033 0.761295 0.00238773 3.60411e-05 0.0120126 0.0886107 0.100747 0.000703114 
0.000368678 0.000182222 0.222952 0.194478 0.0696046 0.484038 0.000480281 0.000544564 0.0220222 0.00222943 0.00309636 3.04272e-06 
1.49778e-09 0.0612844 0.00716785 6.91554e-08 7.87334e-05 0.777014 0.00321493 1.97338e-05 0.00935757 0.0487367 0.0798659 0.0132602 
1.15726e-06 0.00199185 0.00792273 4.75922e-08 0.000482074 0.624523 0.00865246 2.85843e-05 0.00974919 0.208416 0.135317 0.00291602 
1.01024e-07 0.000722142 0.0835729 8.0407e-05 0.0305872 0.346619 0.0199461 0.000464321 0.117652 0.0545781 0.317949 0.0278288 
2.15961e-08 0.0231167 0.0508973 2.68745e-07 0.00023548 0.386001 0.000236195 9.33776e-06 0.0101614 0.209339 0.319954 5.01161e-05 
0.00111584 0.00189334 0.200408 0.155128 0.00271123 0.493025 0.0408065 0.0400846 0.0223877 0.00214728 0.0390429 0.00124981 
0.0120886 0.00186131 0.104685 0.0617743 0.155634 0.241349 0.13797 0.110977 0.0291608 0.00624421 0.129595 0.00865991 
0.00186274 0.000184034 0.0639951 2.52455e-05 0.0366313 0.55758 0.00158652 8.1271e-05 0.00602815 0.000755103 0.32519 0.00608023 
0.000148847 0.00406163 0.072411 7.21354e-06 0.0246024 0.623513 0.00674269 0.000111673 0.0181929 0.0745214 0.175577 0.000109854 
1.49778e-09 0.0612844 0.00716785 6.91554e-08 7.87334e-05 0.777014 0.00321493 1.97338e-05 0.00935757 0.0487367 0.0798659 0.0132602 
2.02662e-09 0.00116847 0.171732 0.00104271 0.00794812 0.547959 0.00431223 4.23014e-05 0.00454827 0.00318109 0.258 6.5623e-05 
2.85978e-12 0.0254029 0.00253546 2.72184e-12 0.00051295 0.670505 9.49942e-13 1.71625e-09 0.0143123 0.165221 0.121458 5.197e-05 
0.000218896 0.00109448 0.0171498 0.00112055 0.0653678 0.874574 1.16378e-07 8.18866e-05 0.021873 0.00844274 0.00909342 0.000983336 
1.94375e-05 0.00627145 0.33027 6.83039e-09 0.001157 0.385226 0.000259709 2.12464e-05 0.0133061 0.00456383 0.258689 0.000216464 
0.0219215 0.0417328 0.0692939 0.00220456 0.0666518 0.573645 0.00537671 0.0512904 0.0990345 0.00227254 0.0663294 0.000247007 
7.35285e-06 0.000165073 0.0117319 1.28587e-05 0.00671473 0.706324 0.0228021 8.52225e-05 0.00105636 0.000745016 0.249859 0.000496657 
2.49793e-05 0.000672489 0.189317 0.000805301 0.0630621 0.445447 0.0308322 0.0103465 0.002008 0.00151983 0.255594 0.000369825 
0.00071537 0.0211136 0.105105 3.57984e-06 0.265143 0.323951 0.0118244 0.00350314 0.109744 0.0180761 0.131189 0.00963125 
0.00989221 0.00152336 0.0856534 0.0736434 0.172458 0.219403 0.153152 0.113286 0.0355497 0.00611778 0.119048 0.0102727 
7.17621e-07 0.0304207 0.0406273 0.00194564 0.0100761 0.476911 0.00394184 8.04844e-05 0.0234691 0.0303868 0.381457 0.000683262 
1.64663e-11 0.00336324 0.00500497 3.54934e-09 0.0057325 0.853814 2.80782e-06 9.24296e-05 0.0137039 0.00155355 0.111845 0.00488757 
1.98488e-07 0.00106274 0.0335905 0.000347372 0.116504 0.705926 0.000114274 0.000160021 0.0432259 0.00287966 0.0961191 7.06224e-05 
1.49778e-09 0.0612844 0.00716785 6.91554e-08 7.87334e-05 0.777014 0.00321493 1.97338e-05 0.00935757 0.0487367 0.0798659 0.0132602 
2.17475e-05 0.00173578 0.000595898 5.10574e-06 0.000428305 0.506115 0.00263518 6.47361e-07 0.00039272 0.0037514 0.484284 3.38078e-05 
0.000263107 0.0010986 0.0117764 7.87327e-06 0.00465831 0.622414 0.050491 0.000219362 0.0063948 0.0522277 0.250225 0.000224299 
1.65402e-11 0.00624794 0.0681587 0.000284172 0.000759994 0.671812 0.000732138 2.16338e-05 0.0432747 0.0196439 0.189065 2.30891e-08 
6.56541e-05 0.0324169 0.00770935 1.1315e-05 0.00190188 0.678905 0.0186933 7.88911e-05 0.0283079 0.0208175 0.210754 0.000338671 
0.0132397 5.98389e-05 0.162745 0.000162538 0.0104131 0.4232 0.0157171 0.0385937 0.010768 0.188428 0.136609 6.37347e-05 
1.49778e-09 0.0612844 0.00716785 6.91554e-08 7.87334e-05 0.777014 0.00321493 1.97338e-05 0.00935757 0.0487367 0.0798659 0.0132602 
0.0219221 0.0495292 0.0779359 0.00297002 0.0731464 0.498704 0.0042538 0.0500316 0.15069 0.00489059 0.0658863 4.03309e-05 
0.0009779 0.000420623 0.0844324 0.0469719 0.0662358 0.654142 0.00229207 0.000336039 0.000720921 0.0117315 0.131643 9.58738e-05 
0.000135879 0.000273714 0.158515 0.00144756 0.208265 0.295237 0.00502431 9.59601e-05 0.0214036 0.123731 0.184484 0.00138698 
0.00210301 0.00550962 0.0625635 0.00138775 0.00287965 0.765371 0.00683577 0.0254766 0.0643395 0.0113498 0.0493501 0.0028339 
0.00102159 0.0375091 0.0580011 3.2152e-05 0.0289129 0.444751 0.0253262 0.0101941 0.101721 0.0160588 0.274096 0.00237548 
0.00016677 0.000474924 0.143114 0.00336622 0.243347 0.260951 0.0287148 0.0799489 0.00538711 0.00754246 0.226905 8.20187e-05 
5.24175e-10 0.00471188 0.0123012 3.83282e-05 0.00454675 0.443284 0.0613308 0.000125319 0.00560009 0.00348639 0.436009 0.0285663 
0.0816389 0.0103605 0.267268 0.0161519 0.125043 0.342522 0.00213497 0.000186964 0.00826491 0.0864389 0.0586563 0.00133426 
0.000295336 0.0428118 0.0634373 0.000104183 0.121309 0.433105 0.0261571 0.00145868 0.103829 0.0102792 0.195125 0.00208874 
0.000199009 0.000349318 0.0941947 1.87875e-06 0.10914 0.659582 0.000369164 0.00160134 0.0375998 0.0131094 0.0837836 6.90749e-05 
7.15243e-08 6.41539e-06 0.154141 0.000246971 0.0870392 0.494909 0.000165392 3.56674e-05 0.00140123 0.0245818 0.236443 0.00102916 
3.32522e-09 0.0134497 0.00314819 3.16483e-09 0.000756954 0.458744 0.00070384 1.91005e-07 0.131742 0.045368 0.346087 2.00118e-07 
5.84888e-08 4.20327e-05 0.146171 0.00201084 0.277356 0.484037 0.000174157 3.73743e-05 0.00212243 0.000223972 0.0862499 0.00157474 
1.38439e-08 0.00106317 0.00719342 2.60192e-07 0.000380378 0.896783 0.00739527 2.35151e-05 0.000384024 0.0008646 0.0821084 0.00380414 
0.00237593 0.00139869 0.130818 8.79255e-05 0.227087 0.263063 0.00247453 0.000732671 0.0868069 0.0274158 0.140422 0.117318 
0.000267846 0.00681795 0.141614 0.000185971 0.00403131 0.713048 0.00419183 0.00110653 0.0133346 0.0627155 0.0513614 0.00132599 
0.000863097 0.00261651 0.0558238 0.0840637 0.136042 0.30768 0.175478 0.0223164 0.032203 0.00929856 0.170355 0.00326092 
5.46923e-05 0.00865521 0.0340573 0.000162891 0.0475892 0.306998 0.230245 0.000972258 0.0355997 0.0771414 0.254978 0.00354523 
1.49778e-09 0.0612844 0.00716785 6.91554e-08 7.87334e-05 0.777014 0.00321493 1.97338e-05 0.00935757 0.0487367 0.0798659 0.0132602 
3.53744e-09 0.00753619 0.0503392 3.13923e-07 0.0172585 0.636372 0.0479097 0.00020071 0.030799 0.122427 0.0820426 0.00511549 
1.12018e-06 2.1527e-05 0.00833266 9.0942e-05 0.0224109 0.911584 9.42146e-08 5.86496e-06 0.00355688 0.0191341 0.0342339 0.000628111 
1.02177e-06 1.37287e-06 0.0155834 2.1565e-07 0.152815 0.601836 0.00428507 0.000634681 0.0140054 0.0691963 0.14161 3.12984e-05 
5.48443e-05 0.00334645 0.146125 3.07534e-05 0.00530323 0.452252 0.0636498 0.00680723 0.0139153 0.0118875 0.295556 0.00107073 
1.49778e-09 0.0612844 0.00716785 6.91554e-08 7.87334e-05 0.777014 0.00321493 1.97338e-05 0.00935757 0.0487367 0.0798659 0.0132602 
4.46483e-05 0.0117913 0.1286 0.00300909 0.0120269 0.528607 0.0107527 7.43511e-05 0.0301446 0.166641 0.101348 0.00695951 
5.73585e-06 1.65786e-05 0.0701713 0.193596 0.192938 0.407905 0.00049245 0.000174882 0.0128169 0.00363589 0.118247 1.17603e-10 
6.87765e-05 0.0115138 0.0670346 0.000152995 0.140667 0.284124 0.0182416 2.97149e-05 0.153155 0.0648137 0.260159 4.08029e-05 
0.0257169 0.00036322 0.161644 0.0199757 0.0493819 0.358864 0.0807639 0.228015 0.00111211 0.0181408 0.0556459 0.000376946 
1.49778e-09 0.0612844 0.00716785 6.91554e-08 7.87334e-05 0.777014 0.00321493 1.97338e-05 0.00935757 0.0487367 0.0798659 0.0132602 
2.24654e-05 0.0751554 0.0543753 4.13892e-05 0.0073079 0.553731 0.0247487 0.000221301 0.0144281 0.0597893 0.209208 0.000971129 
2.45192e-12 9.52499e-05 0.131435 0.00125619 0.0442023 0.545555 0.00133553 0.000118877 0.00233453 0.000890978 0.272361 0.000415791 
1.59398e-09 0.000983743 0.0278349 1.92583e-06 0.00102487 0.712915 0.00131352 6.85075e-06 0.00231681 0.129481 0.123283 0.000838964 
7.42518e-07 0.00401733 0.00430723 7.32078e-05 0.0165489 0.925178 9.38089e-05 3.39006e-06 0.00414488 0.00519213 0.0404346 5.96407e-06 
0.00249242 0.0404447 0.199223 1.29672e-05 0.00167338 0.286702 0.0615431 0.00142228 0.0817439 0.0359685 0.28359 0.00518295 
4.93574e-05 0.00577935 0.051688 3.0533e-05 0.00914328 0.574194 0.0661706 0.00402996 0.0104534 0.00726376 0.269911 0.00128649 
7.42518e-07 0.00401733 0.00430723 7.32078e-05 0.0165489 0.925178 9.38089e-05 3.39006e-06 0.00414488 0.00519213 0.0404346 5.96407e-06 
2.70173e-08 0.000334365 0.00264453 1.7302e-05 0.279028 0.326361 0.023646 0.000122472 0.151611 0.142534 0.0718646 0.00183774 
9.94096e-05 0.0140692 0.249637 0.000424878 0.0365692 0.367563 0.0273055 0.00316076 0.0074687 0.0319308 0.259644 0.00212711 
0.00619545 0.0488059 0.114492 0.000128921 0.0449591 0.527731 0.0522859 0.000606367 0.0104417 0.129035 0.037 0.0283179 
0.0130461 1.16908e-07 0.00239673 6.23067e-07 0.0014842 0.609206 0.00573628 5.43832e-05 0.0112601 0.00594851 0.350867 5.65952e-08 
0.00332572 0.014389 0.0977604 0.0393926 0.0901773 0.595901 0.00468315 0.000526965 0.00731456 0.0233255 0.121513 0.00169043 
1.73445e-06 0.33318 0.010169 9.71954e-08 0.000172754 0.514976 0.00224272 8.85997e-06 0.0135009 0.0571916 0.0680718 0.000484694 
0.00357979 0.00622494 0.100706 6.85446e-05 0.138823 0.330491 0.0155132 3.26474e-05 0.106708 0.0285829 0.269119 0.000149907 
5.5787e-07 0.0195453 0.0200333 1.83887e-06 0.000208974 0.644554 0.0575068 7.77693e-05 0.0131388 0.0104337 0.234415 8.39699e-05 
0.000398684 0.000173139 0.0281373 0.00128872 0.0033519 0.696459 0.000262833 9.57393e-05 0.173794 0.0533028 0.0425958 0.000139892 
5.33247e-05 0.00187539 0.0804175 6.6311e-05 0.0256737 0.365603 8.86928e-05 0.0116176 0.175229 0.0313031 0.307564 0.000508105 
0.00490874 0.000669151 0.0261735 8.99264e-05 0.0624205 0.369216 0.0076543 0.000162069 0.055103 0.277122 0.195543 0.000938502 
1.15868e-10 0.0422939 0.00362772 1.89342e-08 0.000169461 0.752762 0.00120995 6.53884e-06 0.00161356 0.110836 0.086732 0.000748636 
2.63072e-05 0.0389773 0.0752502 0.00011669 0.0640841 0.268396 0.0126262 0.0021681 0.206805 0.131993 0.195447 0.00410977 
0.0185495 0.0423821 0.072731 0.00252224 0.0638759 0.534351 0.00506502 0.0438321 0.130736 0.00517275 0.0805638 0.00021886 
1.47304e-06 0.000534288 0.0222426 1.86232e-08 0.00728438 0.715595 0.000691189 0.0104754 0.0132717 0.0677754 0.162084 4.50372e-05 
0.00825517 0.00476902 0.0327591 0.0161084 0.0228879 0.558672 0.00451576 5.31816e-05 0.0170064 0.293484 0.0405497 0.000939802 
1.07474e-05 0.00428617 0.0467969 1.31382e-05 0.00871032 0.355399 0.020571 0.000165013 0.00829597 0.250687 0.303632 0.00143312 
0.00164611 0.00122616 0.0684265 4.83793e-06 0.0056301 0.720012 0.00248218 1.81453e-05 0.0196798 0.111214 0.0693262 0.000333825 
0.00225847 0.141785 0.218013 0.00484327 0.0142073 0.340346 0.0234816 0.0109142 0.131168 0.00756161 0.104519 0.000901719 
4.01787e-06 0.000301124 0.0187444 0.00098465 0.0292191 0.721953 0.00928457 0.00330268 0.0131276 0.145178 0.0125053 0.0453958 
1.59398e-09 0.000983743 0.0278349 1.92583e-06 0.00102487 0.712915 0.00131352 6.85075e-06 0.00231681 0.129481 0.123283 0.000838964 
0.000187844 0.00138529 0.0674029 3.56277e-06 0.0164653 0.423308 0.0285367 2.46661e-05 0.00541604 0.330198 0.123762 0.00331009 
0.00274228 0.00332086 0.0464411 0.000102217 0.0342491 0.592555 0.0139823 1.32393e-05 0.0419428 0.0891478 0.174851 0.000653126 
2.6829e-06 3.34305e-05 0.150965 3.50166e-08 0.000380405 0.429329 0.000434988 0.0199997 2.03456e-05 0.316068 0.0826822 8.39221e-05 
6.78294e-05 0.0328649 0.0386052 0.001456 0.0393207 0.418618 0.0491264 1.54946e-05 0.01246 0.0856867 0.320502 0.00127611 
1.28324e-05 0.0225191 0.245524 0.00160389 0.0279937 0.323241 0.0022628 0.00165132 0.0530132 0.169109 0.152708 0.000360201 
0.000574841 0.00884143 0.0960709 0.0047674 0.013951 0.386227 0.0944037 0.00263785 0.0265585 0.0103629 0.347893 0.00771138 
0.0111978 0.00937879 0.228874 0.00013951 0.00682829 0.311283 0.0732265 0.0303642 0.0123192 0.0131483 0.303154 8.66858e-05 
2.49125e-07 0.0153215 0.0252611 6.65098e-05 0.257905 0.366432 0.000278753 0.000465411 0.00588439 0.018111 0.30929 0.000983693 
0.00202051 0.00521465 0.0514938 0.00611638 0.00400435 0.498408 0.060254 0.00118046 0.0262469 0.0247519 0.320274 3.46933e-05 
1.11022e-08 4.08334e-07 1.53094e-05 7.85188e-07 0.377214 0.619824 0.00276569 2.81117e-06 0.000130351 2.25148e-06 3.34628e-05 1.15582e-05 
0.000127764 0.00171874 0.0437238 8.71292e-05 0.00337685 0.736387 0.00320668 3.6966e-05 0.0543211 0.111418 0.0388201 0.00677607 
2.95772e-09 0.240548 0.00815818 3.40132e-07 0.00105028 0.313419 0.0442709 3.18949e-06 0.255063 0.132102 0.00475882 0.000625928 
3.27824e-05 0.00381447 0.0524991 0.00332591 0.0146533 0.543759 0.0631813 0.000161158 0.00378496 0.00923128 0.288614 0.0169433 
3.16498e-11 0.0449824 0.161715 7.28111e-09 0.0177258 0.536096 0.00355916 0.000102716 0.0225875 0.0256563 0.183123 0.00445152 
0.00310244 2.5933e-05 0.0356536 0.00126539 0.293873 0.381903 0.0900175 0.00254453 0.0131011 0.00453046 0.173911 7.25134e-05 
3.34104e-07 0.000608699 0.0362452 0.276992 0.0905186 0.410271 0.00150988 0.000716293 0.00189803 0.000913477 0.18016 0.000166321 
5.83902e-05 0.000729579 0.0318897 8.22606e-05 0.00396624 0.593918 0.00107954 2.80336e-08 0.0154715 0.00807261 0.344727 4.46925e-06 
0.01814 0.00554595 0.0435295 3.37761e-06 0.0179753 0.586393 0.0132721 0.00617154 0.0641284 0.0753817 0.169321 0.000138037 
6.34148e-13 0.000405527 0.0556601 0.00340793 0.0921292 0.440332 0.00727685 0.000222799 0.0101067 0.00561554 0.380487 0.00435635 
7.28688e-08 0.0207248 0.0100699 1.06992e-05 0.00292651 0.515702 0.0231851 3.55941e-05 0.0415096 0.0613468 0.323912 0.000576912 
1.49778e-09 0.0612844 0.00716785 6.91554e-08 7.87334e-05 0.777014 0.00321493 1.97338e-05 0.00935757 0.0487367 0.0798659 0.0132602 
3.29346e-05 0.00288252 0.00410074 1.41734e-05 0.0036323 0.533884 0.0228399 6.49957e-05 0.00614241 0.0161047 0.408551 0.00175133 
0.000464368 0.000277302 0.106046 0.0913837 0.0977522 0.257937 0.0263956 0.00258546 0.115749 0.0459007 0.254758 0.000750437 
0.000871864 0.00100055 0.18449 0.000192392 0.0424477 0.353037 0.031118 0.000170038 0.00629606 0.0675042 0.311151 0.00172126 
0.0029733 0.00060063 0.123477 2.80013e-05 0.0642452 0.542364 0.0157321 0.00018311 0.0146371 0.0350625 0.200606 9.10272e-05 
0.00272137 0.0679272 0.230255 9.73988e-05 0.0398829 0.254804 0.0283622 0.00656888 0.135641 0.0308551 0.19244 0.0104451 
1.09494e-08 0.10153 0.010874 0.000163779 0.00455091 0.362165 0.17976 0.000207378 0.0183764 0.000622844 0.320888 0.000861775 
0.000828415 0.00369189 0.031356 5.65405e-05 0.02876 0.665589 0.00864064 0.000230092 0.0432285 0.0184935 0.19879 0.000335118 
1.78422e-11 0.00038244 0.0557692 0.167261 0.105542 0.540878 0.00324358 0.00100622 0.00799127 0.00178553 0.116141 1.58231e-11 
0.000148847 0.00406163 0.072411 7.21354e-06 0.0246024 0.623513 0.00674269 0.000111673 0.0181929 0.0745214 0.175577 0.000109854 
6.68442e-08 0.00203256 0.0158879 2.94693e-06 0.00212741 0.546388 0.0195936 2.09192e-05 0.0828905 0.105166 0.225602 0.00028807 
0.000126665 1.35792e-05 0.0706108 0.119781 0.220902 0.407074 0.000489361 8.65754e-05 0.00740998 0.0329003 0.140605 2.40639e-08 
0.000563039 0.0341462 0.118859 0.00574737 0.21317 0.233271 0.027268 0.00574585 0.224121 0.0144847 0.121829 0.000795239 
8.045e-09 0.0163085 0.00839076 2.74326e-06 0.0104422 0.616728 0.0523505 8.85055e-05 0.0084327 0.00684782 0.277609 0.00279924 
0.00229179 4.75757e-05 0.013103 0.000358356 0.180092 0.659495 0.00129253 3.38863e-06 0.00661834 0.019438 0.116515 0.000745172 
0.00124008 0.00755222 0.0751668 0.00247391 0.0117923 0.461592 0.0715349 0.000157146 0.0148802 0.0112844 0.329347 0.0129794 
6.77146e-11 0.0841591 0.0039931 7.19565e-08 0.000343737 0.489058 0.00286706 2.31299e-08 0.0255433 0.00107017 0.392965 3.76892e-07 
1.33709e-12 0.0396784 0.00523766 5.5526e-05 0.0023997 0.378958 0.294034 0.000211098 0.00348182 0.0001143 0.273564 0.00226536 
3.18223e-05 0.000271306 0.109457 4.72867e-07 0.0014889 0.404647 0.0872908 3.35191e-05 0.00250714 0.0735368 0.320223 0.00051242 
1.49778e-09 0.0612844 0.00716785 6.91554e-08 7.87334e-05 0.777014 0.00321493 1.97338e-05 0.00935757 0.0487367 0.0798659 0.0132602 
1.49778e-09 0.0612844 0.00716785 6.91554e-08 7.87334e-05 0.777014 0.00321493 1.97338e-05 0.00935757 0.0487367 0.0798659 0.0132602 
0.0185495 0.0423821 0.072731 0.00252224 0.0638759 0.534351 0.00506502 0.0438321 0.130736 0.00517275 0.0805638 0.00021886 
1.49778e-09 0.0612844 0.00716785 6.91554e-08 7.87334e-05 0.777014 0.00321493 1.97338e-05 0.00935757 0.0487367 0.0798659 0.0132602 
3.98903e-09 0.0156914 0.0293336 5.29181e-07 0.000936895 0.654618 0.0109688 1.05165e-05 0.0067797 0.0294557 0.250242 0.00196305 
0.00102612 0.0165409 0.247203 0.00335975 0.0497861 0.288395 0.0734396 0.013326 0.0280354 0.0230758 0.255071 0.000740944 
0.000148847 0.00406163 0.072411 7.21354e-06 0.0246024 0.623513 0.00674269 0.000111673 0.0181929 0.0745214 0.175577 0.000109854 
7.25816e-09 0.000773756 0.220186 0.000610384 0.329846 0.371454 0.000399685 5.97432e-07 0.0132559 0.006348 0.0565734 0.000551103 
0.000148847 0.00406163 0.072411 7.21354e-06 0.0246024 0.623513 0.00674269 0.000111673 0.0181929 0.0745214 0.175577 0.000109854 
3.15797e-06 1.34441e-05 0.0285123 1.90007e-05 0.0681665 0.663712 0.00338164 6.99272e-07 0.0196709 0.00661513 0.209902 2.87568e-06 
1.49778e-09 0.0612844 0.00716785 6.91554e-08 7.87334e-05 0.777014 0.00321493 1.97338e-05 0.00935757 0.0487367 0.0798659 0.0132602 
0.000897115 3.78746e-05 0.021415 7.64488e-06 0.00553737 0.850452 0.000167565 1.42077e-05 0.0435985 0.0622059 0.0156434 2.35938e-05 
8.37487e-09 0.0312723 0.0180273 3.33455e-05 0.0144796 0.562227 0.00396836 3.33357e-05 0.287364 0.00398026 0.0784942 0.000120567 
2.01588e-11 0.0121839 0.024784 0.00025045 0.0431889 0.68989 0.0060674 2.53969e-05 0.185859 3.29278e-05 0.0377171 3.64697e-07 
0.000124662 0.000112174 0.00403542 3.56517e-05 0.0855843 0.627837 0.00176796 0.00230333 0.0657451 0.011231 0.200189 0.00103404 
1.68059e-09 1.15416e-06 7.15243e-07 1.59953e-09 0.00206312 0.751436 5.58246e-10 5.26387e-10 1.94048e-06 1.32871e-05 0.246482 1.78997e-06 
1.49778e-09 0.0612844 0.00716785 6.91554e-08 7.87334e-05 0.777014 0.00321493 1.97338e-05 0.00935757 0.0487367 0.0798659 0.0132602 
0.0120886 0.00186131 0.104685 0.0617743 0.155634 0.241349 0.13797 0.110977 0.0291608 0.00624421 0.129595 0.00865991 
2.00894e-08 1.02707e-06 0.00421346 6.53505e-12 0.0124368 0.497612 2.67223e-08 3.07258e-05 0.00423369 0.00459037 0.476769 0.000113038 
0.000148847 0.00406163 0.072411 7.21354e-06 0.0246024 0.623513 0.00674269 0.000111673 0.0181929 0.0745214 0.175577 0.000109854 
3.27399e-05 0.040968 0.0517997 0.00332553 0.0174327 0.52356 0.0280787 0.000105185 0.0169179 0.00967158 0.302986 0.00512239 
0.000230502 0.00985512 0.0608294 0.000167514 0.193091 0.373046 0.0219758 0.00396449 0.00448012 0.130218 0.201979 0.000163727 
0.122494 0.00046782 0.130197 0.18991 0.0108914 0.341746 0.0626398 0.0788932 0.0116355 0.0162646 0.0348415 1.90326e-05 
6.06285e-08 0.00115055 0.0518778 0.0328733 0.192806 0.578622 0.0103073 0.0437948 0.00361811 0.00173765 0.0823217 0.000890615 
8.78931e-06 1.46322e-05 0.0438987 8.67806e-05 0.0179121 0.643746 0.00419122 0.00126294 0.0596428 0.0370784 0.154546 0.0376119 
1.49778e-09 0.0612844 0.00716785 6.91554e-08 7.87334e-05 0.777014 0.00321493 1.97338e-05 0.00935757 0.0487367 0.0798659 0.0132602 
1.60247e-05 0.00115671 0.146875 7.47969e-05 0.006567 0.517296 0.0910087 0.0103087 0.00250511 0.146404 0.0718181 0.00596902 
0.00077207 0.0044029 0.0820059 0.00458786 0.00347146 0.699146 0.00939376 0.000804637 0.0433683 0.0857064 0.0633901 0.0029503 
1.56725e-10 9.91844e-09 0.00721173 6.42146e-09 0.000382692 0.949344 0.000275025 2.64343e-08 0.00238236 0.00450489 0.0317812 0.00411766 
1.4121e-06 2.49184e-05 0.00270705 0.000140592 0.0364671 0.788904 0.000387905 4.86732e-05 0.00062913 0.000428466 0.170207 5.46324e-05 
1.16843e-07 0.000114572 0.220016 7.34836e-07 0.091053 0.384083 0.00720859 2.67129e-05 0.0265097 0.206568 0.0560099 0.00840918 
1.61386e-10 0.0178071 0.00138722 1.79972e-07 4.06818e-05 0.761656 0.0099969 4.58659e-05 0.0381353 0.117054 0.0534913 0.000385238 
0.00575769 0.00901311 0.166998 0.00336786 0.0507213 0.460539 0.0320003 0.0301067 0.0349103 0.130316 0.0740849 0.00218519 
2.71141e-05 0.000183279 0.0276758 6.26403e-05 0.0174088 0.681931 0.00639537 3.74234e-05 0.0205488 0.0408341 0.204359 0.000536476 
0.019136 0.00672264 0.0143146 3.83208e-05 0.00808759 0.581288 0.0298005 0.000515064 0.0125029 0.0274198 0.300143 3.20753e-05 
0.0151049 0.00110181 0.201545 0.000744975 0.0795248 0.492664 0.00974134 0.0162708 0.107123 0.0143345 0.0615134 0.000331716 
7.42518e-07 0.00401733 0.00430723 7.32078e-05 0.0165489 0.925178 9.38089e-05 3.39006e-06 0.00414488 0.00519213 0.0404346 5.96407e-06 
0.00703094 0.00019401 0.116457 0.000713622 0.020615 0.455556 0.0131044 0.0139576 0.0975808 0.0430389 0.231706 4.62144e-05 
9.62666e-07 0.00203065 0.0170967 2.4109e-06 0.00367391 0.760186 0.0201518 0.000103975 0.00104055 0.00438374 0.189441 0.00188793 
5.73369e-05 0.00330518 0.000786519 4.90439e-07 0.0724336 0.681067 0.0068454 1.96056e-05 0.0308877 0.0261988 0.175249 0.00314972 
4.00794e-08 0.00775019 0.0418876 2.75378e-05 0.00897141 0.504448 0.0136949 6.95022e-05 0.0568366 0.243115 0.122145 0.00105417 
0.000221489 0.0274712 0.241232 0.00328727 0.00223841 0.494716 0.0343435 0.00952024 0.0413321 0.0156177 0.129929 9.05085e-05 
1.83491e-07 0.00221234 0.172789 0.00229737 0.00829086 0.542527 0.00482157 4.43692e-05 0.0049658 0.0037189 0.258261 7.1667e-05 
9.28604e-13 0.00785672 0.01738 1.04472e-05 0.00450592 0.337477 0.29392 0.00115414 0.00718484 0.000466625 0.327674 0.00236926 
1.68203e-05 0.0186118 0.146399 5.63175e-06 0.0124 0.529572 0.0542882 8.42093e-05 0.059987 0.141279 0.0360645 0.00129175 
1.49778e-09 0.0612844 0.00716785 6.91554e-08 7.87334e-05 0.777014 0.00321493 1.97338e-05 0.00935757 0.0487367 0.0798659 0.0132602 
7.02761e-06 0.00373089 0.0683189 2.20304e-06 0.0137416 0.458031 0.00231044 1.83239e-05 0.0352024 0.0873539 0.331255 2.84582e-05 
1.39791e-08 0.000258365 0.0242851 4.16502e-05 0.0142509 0.636149 0.00258727 0.000106572 0.0145617 0.0160317 0.291646 8.10972e-05 
0.00108728 0.00519466 0.0721195 0.00625693 0.00302947 0.68716 0.00853341 0.00108619 0.0553435 0.0957427 0.0613356 0.00311044 
8.80526e-09 4.06945e-05 0.11239 0.00020834 0.0243184 0.584176 0.0779817 7.61122e-05 0.0202294 0.0129574 0.167448 0.000173772 
1.96947e-05 2.24894e-05 0.016371 2.40856e-05 0.0148694 0.7597 0.00101612 2.49554e-05 0.00671106 0.00660883 0.194506 0.00012626 
0.000382114 5.16586e-05 0.0373094 9.34869e-05 0.0351755 0.7793 0.0216703 0.00357509 0.000558101 0.00797638 0.113521 0.000386514 
1.28496e-05 0.00691279 0.122994 0.00225558 0.0379679 0.619522 0.0016402 0.00031421 0.033668 0.067164 0.107099 0.000450169 
1.49778e-09 0.0612844 0.00716785 6.91554e-08 7.87334e-05 0.777014 0.00321493 1.97338e-05 0.00935757 0.0487367 0.0798659 0.0132602 
0.0130461 1.16908e-07 0.00239673 6.23067e-07 0.0014842 0.609206 0.00573628 5.43832e-05 0.0112601 0.00594851 0.350867 5.65952e-08 
0.00189982 0.000112917 0.114236 0.00203881 0.125489 0.668616 0.00846701 5.38104e-05 0.00556227 0.00304477 0.0693302 0.00114958 
7.26041e-05 0.0232211 0.00781502 1.48003e-05 0.000771798 0.720806 0.00188018 1.86216e-05 0.0239213 0.199022 0.0223439 0.000111953 
1.49778e-09 0.0612844 0.00716785 6.91554e-08 7.87334e-05 0.777014 0.00321493 1.97338e-05 0.00935757 0.0487367 0.0798659 0.0132602 
1.49778e-09 0.0612844 0.00716785 6.91554e-08 7.87334e-05 0.777014 0.00321493 1.97338e-05 0.00935757 0.0487367 0.0798659 0.0132602 
1.53246e-05 0.00342529 0.106123 0.000131332 0.0490471 0.50613 0.0211269 0.000247818 0.00263399 0.0165077 0.294549 6.31346e-05 
0.00497094 0.0186892 0.113242 0.0121826 0.0850465 0.432751 0.00718957 0.00253317 0.148832 0.115716 0.0528686 0.00597724 
0.000148847 0.00406163 0.072411 7.21354e-06 0.0246024 0.623513 0.00674269 0.000111673 0.0181929 0.0745214 0.175577 0.000109854 
7.88366e-10 2.90917e-08 1.09074e-06 1.53014e-05 0.132102 0.583256 1.81217e-06 9.17815e-05 0.0350798 0.0104853 0.237084 0.00188297 
1.07874e-05 0.0654628 0.0397474 2.55411e-07 0.000723478 0.73599 0.00235703 1.74861e-05 0.00501639 0.0929576 0.0572906 0.00042627 
0.000694243 0.0082402 0.0899384 0.00201386 0.027776 0.269996 0.264338 0.00416788 0.0338711 0.0188522 0.269212 0.0109007 
0.0218277 0.0086329 0.177747 0.000216347 0.0516439 0.362373 0.0202233 5.08075e-06 0.0624272 0.154383 0.135674 0.00484643 
8.38824e-13 0.0173396 0.00308928 3.33412e-05 0.00105856 0.373776 0.260694 4.01365e-05 0.00320033 0.000746375 0.336926 0.00309625 
1.3736e-07 0.000354319 0.0148806 0.0020396 0.00553357 0.971643 4.56273e-08 0.000120509 0.000607769 0.00123024 0.0035899 1.21816e-07 
0.000213491 0.00524371 0.252262 5.80528e-07 0.00535124 0.384166 0.0114557 0.00627751 0.0198104 0.0187726 0.288546 0.00790038 
7.2732e-06 0.000967825 0.176557 1.06649e-07 0.000200711 0.519532 0.00655552 1.1531e-05 0.0267447 0.209598 0.0593945 0.000431362 
9.42443e-06 0.0258277 0.0141299 0.000911396 0.0123454 0.497158 0.258415 5.46043e-05 0.0465824 0.0181121 0.125055 0.00139943 
5.08858e-05 0.00122364 0.0281387 0.000104942 0.111116 0.626629 0.00221988 0.000243029 0.140563 0.0158184 0.0737009 0.000191704 
0.00989221 0.00152336 0.0856534 0.0736434 0.172458 0.219403 0.153152 0.113286 0.0355497 0.00611778 0.119048 0.0102727 
0.00101357 0.0151895 0.117042 0.000631008 0.038919 0.304041 0.0183701 0.00271987 0.0471619 0.186952 0.264672 0.0032873 
0.00437847 0.010326 0.170721 0.000628449 0.006444 0.380459 0.0110215 0.00134934 0.0678525 0.0635549 0.282306 0.00095965 
7.34758e-07 0.000717941 8.83222e-05 3.83831e-05 0.0806547 0.780305 0.00722268 5.38659e-05 0.0344391 0.00299364 0.0934279 5.77099e-05 
3.56251e-05 0.00407796 0.042405 1.43376e-05 0.0367661 0.490167 0.0108924 4.27087e-05 0.0446289 0.0314068 0.337342 0.00222149 
3.68675e-06 0.0129707 0.0371846 0.000103493 0.00529841 0.489546 0.00841922 9.76754e-06 0.0395406 0.26607 0.138081 0.00277217 
4.23721e-09 0.0218814 0.0826944 0.000721166 0.0777115 0.453065 0.0302684 0.000442117 0.0299274 0.000455982 0.302369 0.000463293 
0.011453 0.00113948 0.203694 0.000715054 0.0768853 0.505106 0.00787991 0.0112588 0.104186 0.0139991 0.0634746 0.000209155 
1.49778e-09 0.0612844 0.00716785 6.91554e-08 7.87334e-05 0.777014 0.00321493 1.97338e-05 0.00935757 0.0487367 0.0798659 0.0132602 
0.00736669 0.00217001 0.0634188 5.32008e-05 0.0106415 0.719 0.0185334 0.00164072 0.0250512 0.0985284 0.046963 0.00663308 
5.3598e-08 0.000480903 0.03286 3.02602e-08 0.0180659 0.641884 0.000745766 1.34505e-05 0.0471393 0.0435504 0.214769 0.000491149 
9.93403e-06 0.000207763 0.203033 0.00020149 0.00914035 0.618586 0.000994624 9.34702e-05 0.00711455 0.0720947 0.0882132 0.000310646 
1.49778e-09 0.0612844 0.00716785 6.91554e-08 7.87334e-05 0.777014 0.00321493 1.97338e-05 0.00935757 0.0487367 0.0798659 0.0132602 
1.49778e-09 0.0612844 0.00716785 6.91554e-08 7.87334e-05 0.777014 0.00321493 1.97338e-05 0.00935757 0.0487367 0.0798659 0.0132602 
0.000262529 0.0219403 0.157918 2.29499e-05 0.195693 0.321586 0.0923627 0.0180972 0.106631 0.0173518 0.0660414 0.00209437 
1.85729e-06 0.000339804 0.00436426 7.02376e-06 0.00203448 0.708455 0.00379703 3.06318e-05 0.0195877 0.125156 0.136151 7.45109e-05 
1.94375e-05 0.00627145 0.33027 6.83039e-09 0.001157 0.385226 0.000259709 2.12464e-05 0.0133061 0.00456383 0.258689 0.000216464 
2.27953e-06 0.010963 0.0608579 0.0416237 0.207105 0.431971 0.00427912 0.000113876 0.100018 0.00615544 0.136802 0.000108205 
8.33202e-05 1.11727e-06 0.0168462 5.7306e-06 0.167693 0.802171 0.00271534 8.65617e-05 0.0103912 6.10607e-09 6.07438e-06 3.5068e-08 
1.49778e-09 0.0612844 0.00716785 6.91554e-08 7.87334e-05 0.777014 0.00321493 1.97338e-05 0.00935757 0.0487367 0.0798659 0.0132602 
0.000282312 0.00353029 0.0323152 0.00120665 0.0134394 0.446098 0.0136063 4.16625e-05 0.026634 0.415808 0.0457812 0.00125709 
4.42446e-07 0.0528413 0.066258 0.000198402 0.0451593 0.36467 0.0025722 0.000117104 0.218889 0.0169374 0.230107 0.00225032 
7.85305e-06 0.00187369 0.0595582 0.000115873 0.132838 0.46214 0.00488924 3.79412e-05 0.0418924 0.0175278 0.278592 0.000526709 
4.18093e-05 0.000326518 0.00972632 0.000108914 0.308409 0.439695 0.000753758 9.15964e-05 0.0679918 0.0159076 0.156607 0.000340019 
1.49778e-09 0.0612844 0.00716785 6.91554e-08 7.87334e-05 0.777014 0.00321493 1.97338e-05 0.00935757 0.0487367 0.0798659 0.0132602 
3.58053e-07 0.0147527 0.15809 0.000131809 0.0831902 0.264827 0.0810163 0.000235444 0.119238 0.205599 0.070322 0.00259765 
4.07586e-05 0.000591752 0.0505139 0.000878533 0.189383 0.388975 0.0675985 0.000413223 0.0338546 0.00136158 0.265917 0.000471209 
3.92387e-08 2.46843e-05 0.00656931 2.32433e-06 0.103454 0.889491 3.84712e-06 4.75626e-07 8.09885e-05 0.000341345 1.54265e-05 1.62503e-05 
0.000912192 0.0056071 0.141276 5.61246e-06 0.00705638 0.542155 0.00115344 2.74212e-05 0.0416397 0.080791 0.179364 1.16726e-05 
3.6668e-05 0.0107185 0.000170522 1.11006e-08 1.62165e-05 0.38767 0.00507127 1.12421e-05 0.0169325 0.314016 0.26495 0.00040739 
0.0017034 0.000166154 0.0133804 2.24922e-05 0.0156515 0.644333 8.97969e-06 0.00135731 0.00405971 0.142422 0.173995 0.00290063 
0.000131384 0.00978101 0.0126262 4.02985e-05 0.0227901 0.59359 0.00215563 0.000337502 0.0781427 0.129193 0.147833 0.00337903 
1.07874e-05 0.0654628 0.0397474 2.55411e-07 0.000723478 0.73599 0.00235703 1.74861e-05 0.00501639 0.0929576 0.0572906 0.00042627 
1.69889e-05 0.00231817 0.051358 0.000218547 0.31409 0.394572 0.0217038 0.000344507 0.0368134 0.0947721 0.0827103 0.0010824 
0.00104271 2.80533e-06 0.174165 0.00251374 0.207163 0.258508 0.00488807 1.95767e-05 0.0485621 0.0960194 0.206652 0.000464078 
2.20163e-06 0.0475473 0.0575057 6.62641e-06 0.0186113 0.447057 0.014902 5.59092e-05 0.129007 0.117684 0.167449 0.000172381 
1.49778e-09 0.0612844 0.00716785 6.91554e-08 7.87334e-05 0.777014 0.00321493 1.97338e-05 0.00935757 0.0487367 0.0798659 0.0132602 
3.36349e-07 0.0765174 0.227569 0.0349834 0.0629043 0.247299 0.0132826 0.00610018 0.0288146 0.19452 0.107466 0.000542599 
7.03908e-07 0.000487186 0.0164339 2.227e-06 0.00351825 0.767505 0.0178673 0.000100771 0.000709035 0.00407636 0.187571 0.00172882 
4.11437e-05 1.10486e-05 0.0156487 3.19321e-06 0.0133359 0.850669 7.61375e-05 8.50083e-08 0.00352161 0.00527598 0.111224 0.000193326 
0.00801629 0.00135512 0.0599775 0.0722543 0.127612 0.462677 0.132391 0.0275568 0.0111047 0.0013484 0.0909468 0.00476118 
6.17507e-05 0.000276085 0.10819 0.000353841 0.0177183 0.664534 0.00790244 7.29007e-05 0.000789525 0.000332906 0.199571 0.000197118 
3.98903e-09 0.0156914 0.0293336 5.29181e-07 0.000936895 0.654618 0.0109688 1.05165e-05 0.0067797 0.0294557 0.250242 0.00196305 
2.96661e-11 2.69047e-07 0.0972088 2.82353e-11 0.00161992 0.560372 3.74812e-07 7.93594e-08 0.005087 0.214815 0.120897 2.63089e-11 
0.0359597 5.2898e-05 0.0752155 0.209409 0.0113902 0.60858 0.00382084 8.71002e-05 0.0238232 0.0294009 0.00223203 2.7997e-05 
0.000245759 0.00368927 0.185127 0.0139488 0.0264453 0.516888 0.017454 0.0016907 0.0124793 0.0388234 0.178951 0.00425787 
0.00272137 0.0679272 0.230255 9.73988e-05 0.0398829 0.254804 0.0283622 0.00656888 0.135641 0.0308551 0.19244 0.0104451 
1.77657e-07 8.91775e-05 0.256766 0.0800839 0.153532 0.375229 6.31265e-05 0.000212143 0.00466708 0.00400877 0.125329 1.93758e-05 
4.32685e-05 0.0113354 0.153076 0.0136152 0.117151 0.324535 0.0194092 0.000510407 0.0640739 0.00525721 0.289155 0.00183835 
0.000666361 0.00550931 0.0514703 5.0498e-06 0.298498 0.300659 0.0112484 0.000440404 0.0311881 0.0467899 0.252948 0.000577385 
4.87983e-07 0.00284186 0.0692643 1.63942e-05 0.0140554 0.542292 0.0145732 0.000107786 0.022143 0.0250732 0.309363 0.000270279 
1.49778e-09 0.0612844 0.00716785 6.91554e-08 7.87334e-05 0.777014 0.00321493 1.97338e-05 0.00935757 0.0487367 0.0798659 0.0132602 
1.49778e-09 0.0612844 0.00716785 6.91554e-08 7.87334e-05 0.777014 0.00321493 1.97338e-05 0.00935757 0.0487367 0.0798659 0.0132602 
1.49778e-09 0.0612844 0.00716785 6.91554e-08 7.87334e-05 0.777014 0.00321493 1.97338e-05 0.00935757 0.0487367 0.0798659 0.0132602 
2.93328e-05 0.0154801 0.135797 1.30381e-06 0.0375367 0.712611 0.000986464 7.19844e-05 0.00496327 0.0466186 0.0459035 3.39863e-08 
0.000425354 0.0259619 0.173122 0.00308463 0.0535126 0.427194 0.0162175 0.00331018 0.0525271 0.020789 0.223112 0.000744017 
0.000108588 0.0191392 0.213922 0.0752277 0.00388762 0.377033 0.00206868 0.000543189 0.00894653 0.0348971 0.264208 1.91487e-05 
8.25237e-13 2.84841e-09 0.0134355 1.80728e-09 0.000329932 0.910987 0.00120743 7.59951e-09 0.000105206 0.00373866 0.0656479 0.00454808 
9.87374e-06 0.00423695 0.0850374 0.0444491 0.240943 0.414111 0.0024257 0.000834456 0.0169051 0.00519807 0.185701 0.000147842 
8.04504e-08 1.28204e-05 0.0793276 5.46725e-07 0.000831227 0.459808 0.00208452 7.5966e-07 0.000237665 0.00326701 0.453828 0.000601466 
0.0174323 0.0160461 0.113762 0.202101 0.0565018 0.422008 0.0041581 0.00245453 0.0664478 0.001482 0.0974969 0.000110031 
0.00881888 0.021349 0.239331 0.00206825 0.016656 0.286419 0.0285776 0.0033954 0.0643728 0.0469834 0.257205 0.024823 
1.49778e-09 0.0612844 0.00716785 6.91554e-08 7.87334e-05 0.777014 0.00321493 1.97338e-05 0.00935757 0.0487367 0.0798659 0.0132602 
