8.34793e-06 0.0158038 0.0476431 1.91899e-08 0.0081142 0.415214 0.0483846 1.98297e-05 0.00338381 0.158162 0.264759 0.0385074 
0.00590702 0.00753519 0.30563 0.000133156 0.0442607 0.342269 0.0451997 0.00788582 0.0246211 0.0863346 0.12975 0.000474183 
0.000142699 0.00247922 0.0185155 0.000119796 0.0453128 0.439349 0.0119682 3.94787e-05 0.305972 0.0402254 0.130206 0.00566934 
1.38559e-10 7.98462e-05 0.0821436 7.21298e-07 0.232943 0.399048 0.0126021 3.66856e-05 0.00960267 0.0103342 0.253209 5.24819e-07 
0.0701966 9.82749e-05 0.026399 6.76648e-07 0.00708305 0.486923 0.123983 4.55912e-05 0.140181 0.00570379 0.13845 0.000937014 
0.000148847 0.00406163 0.072411 7.21354e-06 0.0246024 0.623513 0.00674269 0.000111673 0.0181929 0.0745214 0.175577 0.000109854 
2.47917e-06 0.000106893 0.012693 9.47339e-05 0.15094 0.65491 0.00370967 5.71961e-05 0.0284428 0.000368865 0.148598 7.66217e-05 
6.34361e-13 1.66889e-05 0.00368066 5.94776e-05 0.00668369 0.938386 0.000133289 1.98712e-09 0.000148014 2.97795e-09 0.0508922 3.398e-08 
2.52233e-08 0.00142487 0.0157846 0.000141215 0.0124169 0.562583 0.0932811 8.3169e-05 0.0173801 0.00194805 0.289209 0.00574742 
6.77146e-11 0.0841591 0.0039931 7.19565e-08 0.000343737 0.489058 0.00286706 2.31299e-08 0.0255433 0.00107017 0.392965 3.76892e-07 
1.49778e-09 0.0612844 0.00716785 6.91554e-08 7.87334e-05 0.777014 0.00321493 1.97338e-05 0.00935757 0.0487367 0.0798659 0.0132602 
1.94375e-05 0.00627145 0.33027 6.83039e-09 0.001157 0.385226 0.000259709 2.12464e-05 0.0133061 0.00456383 0.258689 0.000216464 
1.49778e-09 0.0612844 0.00716785 6.91554e-08 7.87334e-05 0.777014 0.00321493 1.97338e-05 0.00935757 0.0487367 0.0798659 0.0132602 
1.49778e-09 0.0612844 0.00716785 6.91554e-08 7.87334e-05 0.777014 0.00321493 1.97338e-05 0.00935757 0.0487367 0.0798659 0.0132602 
0.00242803 0.0158329 0.00316758 4.22724e-06 0.000735132 0.771347 0.000282747 4.04792e-05 0.0267917 0.014462 0.164894 1.43334e-05 
5.39709e-06 0.000594718 0.0792114 3.02648e-06 0.0042325 0.743099 0.00150685 0.0031219 0.0262161 0.0984201 0.0430744 0.000514806 
4.77143e-09 5.04245e-06 4.3618e-06 0.00101372 0.0433793 0.794751 0.000965467 1.55158e-07 0.0176997 0.0504411 0.00941757 0.0823224 
1.49778e-09 0.0612844 0.00716785 6.91554e-08 7.87334e-05 0.777014 0.00321493 1.97338e-05 0.00935757 0.0487367 0.0798659 0.0132602 
1.1563e-07 0.000416733 0.127064 2.22832e-07 0.0856056 0.33485 3.29124e-07 0.000107713 0.0322608 0.197192 0.222492 1.07807e-05 
1.49778e-09 0.0612844 0.00716785 6.91554e-08 7.87334e-05 0.777014 0.00321493 1.97338e-05 0.00935757 0.0487367 0.0798659 0.0132602 
0.00505824 0.0245781 0.191572 0.0235641 0.0633199 0.384309 0.0173572 0.00293521 0.0384747 0.020768 0.227374 0.000689842 
1.31397e-07 0.0685626 0.00968824 4.09291e-05 0.00148499 0.451337 0.0039206 2.50402e-05 0.0486965 0.0306773 0.384185 0.00138115 
0.000108588 0.0191392 0.213922 0.0752277 0.00388762 0.377033 0.00206868 0.000543189 0.00894653 0.0348971 0.264208 1.91487e-05 
8.32707e-09 7.53839e-05 0.0427875 0.000325183 0.0392888 0.514156 0.0417149 0.000537589 0.000607091 0.000141124 0.358844 0.00152209 
0.000268288 0.00767492 0.10002 0.00254005 0.221648 0.272226 0.0097988 0.00213211 0.1275 0.0938959 0.160907 0.00138912 
0.000287775 0.00706587 0.0693052 0.00190639 0.0220002 0.403901 0.0274406 0.000115973 0.0339338 0.307041 0.120044 0.00695708 
0.00019898 0.00952007 0.0337656 1.57393e-06 0.0019325 0.448659 0.0294609 0.000270417 0.0977487 0.198699 0.162159 0.0175848 
4.65466e-05 0.0101622 0.00642359 6.7559e-06 0.002829 0.437768 0.00639492 0.00132902 0.148685 0.199861 0.184636 0.0018576 
1.49778e-09 0.0612844 0.00716785 6.91554e-08 7.87334e-05 0.777014 0.00321493 1.97338e-05 0.00935757 0.0487367 0.0798659 0.0132602 
8.5174e-07 0.0148518 0.0960015 2.26173e-08 0.000295195 0.326014 0.16103 0.00469272 0.0439966 0.124269 0.223987 0.0048608 
0.000837307 0.00698424 0.0528042 1.48428e-06 0.000977324 0.616665 0.00837973 3.57373e-05 0.0169968 0.0706047 0.225647 6.72653e-05 
5.50578e-06 4.56708e-05 0.00276526 2.46478e-05 0.000954186 0.989461 5.4776e-05 5.32564e-06 0.000467781 0.000110313 0.00610304 2.18383e-06 
1.49778e-09 0.0612844 0.00716785 6.91554e-08 7.87334e-05 0.777014 0.00321493 1.97338e-05 0.00935757 0.0487367 0.0798659 0.0132602 
1.49778e-09 0.0612844 0.00716785 6.91554e-08 7.87334e-05 0.777014 0.00321493 1.97338e-05 0.00935757 0.0487367 0.0798659 0.0132602 
1.68044e-05 3.35407e-05 0.00288397 2.67999e-06 4.23979e-06 0.520133 0.196695 3.73373e-06 9.56223e-05 0.263156 0.0166524 0.000322259 
1.49778e-09 0.0612844 0.00716785 6.91554e-08 7.87334e-05 0.777014 0.00321493 1.97338e-05 0.00935757 0.0487367 0.0798659 0.0132602 
0.000474605 0.00230306 0.0885184 0.000240021 0.027508 0.546466 0.00872055 0.00018125 0.0157536 0.00150309 0.308189 0.000142543 
1.89875e-06 0.0139212 0.0317212 4.39636e-06 0.00263798 0.630913 0.0687044 0.00162085 0.00990845 0.0843179 0.15553 0.000718514 
0.00223077 0.00302705 0.0705266 0.00014391 0.276802 0.305501 0.026349 0.0061228 0.04507 0.0300239 0.225482 0.00872061 
0.0775062 0.00331471 0.0459435 0.000190826 0.0279978 0.436974 0.0133931 2.99361e-05 0.0943577 0.135131 0.164719 0.000442828 
1.86549e-05 0.0114853 0.0774429 0.0978236 0.346112 0.356625 0.00375008 0.00287205 0.0144886 0.00012175 0.089047 0.000213022 
6.50878e-11 0.00557854 0.152361 0.0428413 0.211851 0.290713 0.0135587 0.000420336 0.0377778 0.0349965 0.20876 0.00114119 
0.000907107 0.0164505 0.13013 0.00867431 0.0742105 0.313679 0.0133317 0.000476759 0.0715159 0.105928 0.234344 0.0303523 
1.49778e-09 0.0612844 0.00716785 6.91554e-08 7.87334e-05 0.777014 0.00321493 1.97338e-05 0.00935757 0.0487367 0.0798659 0.0132602 
2.76085e-06 0.000169406 0.0670929 6.28319e-06 0.0388526 0.428988 0.000253806 6.95692e-06 0.0240368 0.103012 0.337543 3.53098e-05 
0.000263026 0.0127283 0.0886915 0.000565172 0.0748887 0.509615 0.00970801 0.000895613 0.00849271 0.00271902 0.291413 1.93529e-05 
1.49778e-09 0.0612844 0.00716785 6.91554e-08 7.87334e-05 0.777014 0.00321493 1.97338e-05 0.00935757 0.0487367 0.0798659 0.0132602 
0.00524785 0.0084441 0.12622 0.026665 0.115025 0.260225 0.0901468 0.0633258 0.0658896 0.0136582 0.219088 0.00606474 
0.000121354 0.000205055 0.0117189 3.41703e-05 0.00610327 0.806915 0.000829476 9.15565e-06 0.0802844 0.0282063 0.0655651 7.99315e-06 
6.79412e-12 3.48736e-05 0.052012 0.000249303 0.0655834 0.501013 2.25682e-12 0.000302317 0.000425896 1.97245e-08 0.380379 3.62118e-09 
0.00989221 0.00152336 0.0856534 0.0736434 0.172458 0.219403 0.153152 0.113286 0.0355497 0.00611778 0.119048 0.0102727 
0.130947 0.0217187 0.0739907 4.09566e-06 0.0230924 0.402617 0.00433728 6.02821e-05 0.0851884 0.0271399 0.230038 0.00086605 
1.49778e-09 0.0612844 0.00716785 6.91554e-08 7.87334e-05 0.777014 0.00321493 1.97338e-05 0.00935757 0.0487367 0.0798659 0.0132602 
1.15726e-06 0.00199185 0.00792273 4.75922e-08 0.000482074 0.624523 0.00865246 2.85843e-05 0.00974919 0.208416 0.135317 0.00291602 
3.38368e-06 1.27034e-05 0.00895308 0.000249911 0.0165066 0.825043 0.000467858 1.05982e-06 0.0138561 0.0163601 0.118543 3.00076e-06 
4.42145e-05 0.0300876 0.0748612 6.67672e-05 0.029471 0.58005 0.0296344 0.00775027 0.036083 0.0212581 0.190397 0.000296719 
8.48518e-07 0.0139355 0.00869163 2.29675e-06 0.0025685 0.701824 0.0199475 7.28608e-05 0.00792639 0.0167478 0.226737 0.00154632 
0.00198111 0.00139793 0.162643 1.62815e-06 0.0119654 0.451743 0.00164313 0.00015289 0.0110437 0.16115 0.196033 0.000245607 
0.000320893 0.00544476 0.0698037 0.000425648 0.0458686 0.457896 0.0731743 0.00237297 0.0209914 0.0165034 0.296155 0.0110435 
3.50562e-07 0.00439504 0.200346 5.26424e-05 0.00762968 0.326297 0.0681891 0.0205666 0.0135716 0.042919 0.281154 0.0348795 
0.0120886 0.00186131 0.104685 0.0617743 0.155634 0.241349 0.13797 0.110977 0.0291608 0.00624421 0.129595 0.00865991 
1.49778e-09 0.0612844 0.00716785 6.91554e-08 7.87334e-05 0.777014 0.00321493 1.97338e-05 0.00935757 0.0487367 0.0798659 0.0132602 
0.000218896 0.00109448 0.0171498 0.00112055 0.0653678 0.874574 1.16378e-07 8.18866e-05 0.021873 0.00844274 0.00909342 0.000983336 
0.00102675 0.00386761 0.0695712 2.67858e-05 0.0116523 0.420884 0.070762 1.68325e-05 0.0343721 0.0292357 0.357913 0.000671874 
0.00177647 0.00261927 0.0412657 2.56938e-05 0.0216701 0.347896 0.0144383 0.0149754 0.10019 0.286803 0.166908 0.00143152 
2.41432e-05 0.0351281 0.0375036 0.00238223 0.0368909 0.562586 0.0747806 0.00197566 0.023862 0.00659639 0.20616 0.0121108 
3.15797e-06 1.34441e-05 0.0285123 1.90007e-05 0.0681665 0.663712 0.00338164 6.99272e-07 0.0196709 0.00661513 0.209902 2.87568e-06 
1.64663e-11 0.00336324 0.00500497 3.54934e-09 0.0057325 0.853814 2.80782e-06 9.24296e-05 0.0137039 0.00155355 0.111845 0.00488757 
5.66549e-12 0.000987141 0.00379966 4.61675e-06 0.00203606 0.517511 0.0751617 6.72633e-05 0.00274945 0.00216038 0.394426 0.00109619 
1.90059e-12 2.66715e-05 0.0322899 8.55668e-05 0.00832505 0.686145 0.0170159 6.23453e-05 0.000401049 0.00026273 0.253396 0.00198949 
0.00586558 0.00115395 0.028347 1.09013e-05 0.00104698 0.739896 0.00375595 1.9152e-05 0.0385363 0.00533075 0.175913 0.000124648 
6.56541e-05 0.0324169 0.00770935 1.1315e-05 0.00190188 0.678905 0.0186933 7.88911e-05 0.0283079 0.0208175 0.210754 0.000338671 
0.000161863 8.33057e-05 0.0412286 4.82842e-05 0.0346307 0.550153 0.000121249 8.255e-05 0.0216991 0.328507 0.0232117 7.2333e-05 
8.32275e-08 1.54438e-08 8.23551e-09 7.92132e-08 1.65981e-08 0.997424 2.7646e-08 2.60682e-08 0.00239156 4.21629e-05 4.56388e-09 0.000142301 
2.09227e-10 5.90575e-05 0.0173616 9.36462e-06 0.0114276 0.692813 3.95176e-09 2.05232e-05 0.000382526 3.22194e-08 0.277926 6.38595e-09 
1.89924e-06 0.000175278 0.0533846 0.000127538 0.0321941 0.855358 1.83383e-05 0.000193541 0.0188471 0.00132469 0.0383667 8.14818e-06 
7.03908e-07 0.000487186 0.0164339 2.227e-06 0.00351825 0.767505 0.0178673 0.000100771 0.000709035 0.00407636 0.187571 0.00172882 
2.19788e-05 0.000593481 0.112888 0.15232 0.162825 0.501216 0.0112457 0.00504149 0.00461501 0.00675378 0.0424779 9.00918e-07 
1.49778e-09 0.0612844 0.00716785 6.91554e-08 7.87334e-05 0.777014 0.00321493 1.97338e-05 0.00935757 0.0487367 0.0798659 0.0132602 
0.000135879 0.000273714 0.158515 0.00144756 0.208265 0.295237 0.00502431 9.59601e-05 0.0214036 0.123731 0.184484 0.00138698 
2.04575e-07 0.00279088 0.0357914 0.188561 0.0223898 0.415195 0.0949805 0.00372958 0.00841849 0.000628203 0.227375 0.000139219 
0.00105733 0.0050074 0.169403 5.19979e-05 0.0623439 0.391805 0.00180888 0.000123093 0.0329172 0.110615 0.2246 0.000266191 
0.00016677 0.000474924 0.143114 0.00336622 0.243347 0.260951 0.0287148 0.0799489 0.00538711 0.00754246 0.226905 8.20187e-05 
7.03908e-07 0.000487186 0.0164339 2.227e-06 0.00351825 0.767505 0.0178673 0.000100771 0.000709035 0.00407636 0.187571 0.00172882 
0.000148847 0.00406163 0.072411 7.21354e-06 0.0246024 0.623513 0.00674269 0.000111673 0.0181929 0.0745214 0.175577 0.000109854 
4.74152e-05 0.00513721 0.105171 2.87992e-05 0.0277164 0.674543 0.00146649 2.77208e-05 0.00314424 0.0638013 0.11871 0.00020717 
0.0519375 0.00671855 0.112126 7.70939e-06 0.0797743 0.326282 0.0371181 1.70639e-05 0.200454 0.00961031 0.174389 0.00156514 
0.000630777 0.00041279 0.197183 3.21847e-05 0.00299135 0.32835 0.00203032 4.92252e-06 0.135623 0.0275815 0.30508 7.97348e-05 
0.000175465 0.00609851 0.0664451 2.67128e-05 0.0518601 0.435148 0.0278529 0.00153357 0.0655528 0.161908 0.182785 0.000614289 
0.00989221 0.00152336 0.0856534 0.0736434 0.172458 0.219403 0.153152 0.113286 0.0355497 0.00611778 0.119048 0.0102727 
0.0816389 0.0103605 0.267268 0.0161519 0.125043 0.342522 0.00213497 0.000186964 0.00826491 0.0864389 0.0586563 0.00133426 
8.81703e-09 0.0106069 0.0530298 7.88343e-09 0.00110986 0.521823 0.00271833 7.91874e-06 0.0270592 0.0302952 0.35335 4.08164e-08 
1.49778e-09 0.0612844 0.00716785 6.91554e-08 7.87334e-05 0.777014 0.00321493 1.97338e-05 0.00935757 0.0487367 0.0798659 0.0132602 
1.13282e-06 0.000462878 0.0225065 5.21214e-05 0.136413 0.655737 0.00549215 0.000255576 0.0626611 0.028483 0.087812 0.000123577 
1.49778e-09 0.0612844 0.00716785 6.91554e-08 7.87334e-05 0.777014 0.00321493 1.97338e-05 0.00935757 0.0487367 0.0798659 0.0132602 
4.74538e-08 1.11747e-07 0.0383072 1.79712e-05 0.110223 0.579522 7.28882e-05 7.07733e-08 0.0270532 0.0639502 0.180759 9.42381e-05 
7.07735e-07 0.00154062 0.105811 2.09097e-09 0.116923 0.513937 0.000926506 2.18513e-05 0.0451374 0.18522 0.0138756 0.0166055 
0.000863097 0.00261651 0.0558238 0.0840637 0.136042 0.30768 0.175478 0.0223164 0.032203 0.00929856 0.170355 0.00326092 
0.000660874 0.0151242 0.318536 0.000164013 0.0208016 0.34892 0.0556233 0.00413044 0.0524236 0.0433396 0.14015 0.000125665 
0.0015947 0.249063 0.082621 2.39024e-08 0.0062291 0.317661 2.18988e-07 1.38638e-07 0.105909 1.52766e-06 0.235908 0.00101222 
9.97827e-06 0.00926179 0.0507757 3.07371e-06 0.0560356 0.542866 0.0211339 0.000224429 0.0362239 0.0198185 0.260656 0.00299061 
1.11022e-08 4.08334e-07 1.53094e-05 7.85188e-07 0.377214 0.619824 0.00276569 2.81117e-06 0.000130351 2.25148e-06 3.34628e-05 1.15582e-05 
5.90496e-06 0.000700792 0.177217 0.00145669 0.0823095 0.470023 0.000348127 2.81122e-05 0.0401817 0.0494296 0.178157 0.0001427 
1.49778e-09 0.0612844 0.00716785 6.91554e-08 7.87334e-05 0.777014 0.00321493 1.97338e-05 0.00935757 0.0487367 0.0798659 0.0132602 
4.84481e-07 1.19991e-05 0.0046077 0.000306227 0.263069 0.522936 0.00564424 1.00144e-05 5.3763e-05 0.00286878 0.199561 0.000931258 
3.77926e-05 0.00886205 0.396226 2.55009e-06 0.0225795 0.427823 8.73154e-05 3.71867e-05 0.0123478 0.026295 0.103072 0.00263029 
3.78086e-09 0.000405687 0.281055 2.13299e-09 0.00244801 0.364349 0.000497631 5.65633e-09 0.000468406 0.0551604 0.295513 0.000102669 
8.92002e-05 0.00571878 0.148286 1.69526e-05 0.0038881 0.51283 0.0105489 0.000149345 0.0937271 0.158444 0.0657533 0.000548164 
1.99123e-10 0.0251666 0.00363606 1.84786e-05 0.00243948 0.453971 0.258199 0.00040631 0.00201119 0.000181734 0.253158 0.000813093 
6.34361e-13 1.66889e-05 0.00368066 5.94776e-05 0.00668369 0.938386 0.000133289 1.98712e-09 0.000148014 2.97795e-09 0.0508922 3.398e-08 
5.54512e-06 0.027309 0.225275 0.00963275 0.104741 0.260542 0.0228035 0.000566279 0.043451 0.20245 0.0920205 0.011204 
1.08417e-05 0.0132869 0.0784211 0.000119269 0.0435756 0.293395 0.0856381 4.15803e-05 0.0493952 0.183497 0.2513 0.00131929 
2.45192e-12 9.52499e-05 0.131435 0.00125619 0.0442023 0.545555 0.00133553 0.000118877 0.00233453 0.000890978 0.272361 0.000415791 
1.49778e-09 0.0612844 0.00716785 6.91554e-08 7.87334e-05 0.777014 0.00321493 1.97338e-05 0.00935757 0.0487367 0.0798659 0.0132602 
1.49778e-09 0.0612844 0.00716785 6.91554e-08 7.87334e-05 0.777014 0.00321493 1.97338e-05 0.00935757 0.0487367 0.0798659 0.0132602 
0.00989221 0.00152336 0.0856534 0.0736434 0.172458 0.219403 0.153152 0.113286 0.0355497 0.00611778 0.119048 0.0102727 
0.00126983 0.000941929 0.043254 0.0406638 0.0446363 0.638577 0.00992901 0.000988143 0.0712238 0.00584893 0.128472 0.0141957 
1.98695e-09 0.0443999 0.0345467 5.27193e-08 0.00314364 0.638811 0.00564861 3.12026e-05 0.00784691 0.087751 0.177078 0.000742845 
1.69357e-09 0.000827691 0.043172 0.00344349 0.197495 0.632902 0.00315196 8.7184e-05 0.00137633 0.000537792 0.116033 0.000973671 
0.00149733 1.09504e-07 0.0457191 4.70821e-06 0.00870335 0.810346 0.00596434 2.10366e-05 0.0152198 0.0582879 0.0540541 0.000181721 
1.49778e-09 0.0612844 0.00716785 6.91554e-08 7.87334e-05 0.777014 0.00321493 1.97338e-05 0.00935757 0.0487367 0.0798659 0.0132602 
1.49778e-09 0.0612844 0.00716785 6.91554e-08 7.87334e-05 0.777014 0.00321493 1.97338e-05 0.00935757 0.0487367 0.0798659 0.0132602 
1.13385e-06 5.15617e-05 0.186082 7.92044e-05 0.00790778 0.514381 0.00405826 0.000173527 0.00790528 0.0157382 0.263025 0.000597113 
0.00357979 0.00622494 0.100706 6.85446e-05 0.138823 0.330491 0.0155132 3.26474e-05 0.106708 0.0285829 0.269119 0.000149907 
5.5787e-07 0.0195453 0.0200333 1.83887e-06 0.000208974 0.644554 0.0575068 7.77693e-05 0.0131388 0.0104337 0.234415 8.39699e-05 
1.49778e-09 0.0612844 0.00716785 6.91554e-08 7.87334e-05 0.777014 0.00321493 1.97338e-05 0.00935757 0.0487367 0.0798659 0.0132602 
5.15285e-10 0.00160196 0.000149214 4.90432e-10 2.81065e-05 0.692423 0.0053149 1.61396e-10 0.0861247 0.211342 0.00300535 1.06353e-05 
3.04048e-08 0.000551348 0.0650818 1.3142e-05 0.00197551 0.822991 0.000411359 2.55503e-08 0.00271455 0.00861594 0.0912083 0.00643685 
0.000456332 0.00766586 0.0552387 6.71984e-09 0.0283139 0.39487 0.0283114 8.49507e-07 0.0895264 0.232139 0.163157 0.000320188 
1.49778e-09 0.0612844 0.00716785 6.91554e-08 7.87334e-05 0.777014 0.00321493 1.97338e-05 0.00935757 0.0487367 0.0798659 0.0132602 
1.25143e-11 0.0164569 0.0267205 6.46114e-07 0.00500814 0.513718 0.0004402 2.89351e-05 0.0464404 0.0319685 0.358324 0.00089395 
0.00446291 0.00191837 0.0551547 0.081732 0.0791529 0.607183 0.00757483 0.000472461 0.00424175 0.024044 0.133583 0.000480661 
1.15868e-10 0.0422939 0.00362772 1.89342e-08 0.000169461 0.752762 0.00120995 6.53884e-06 0.00161356 0.110836 0.086732 0.000748636 
0.000155822 0.00181908 0.25316 3.41378e-05 0.0441647 0.354882 0.010237 0.00739424 0.0345152 0.12072 0.172164 0.000753811 
1.47304e-06 0.000534288 0.0222426 1.86232e-08 0.00728438 0.715595 0.000691189 0.0104754 0.0132717 0.0677754 0.162084 4.50372e-05 
3.59647e-05 0.0195167 0.0777688 0.000768576 0.0481665 0.471377 0.067247 0.000227571 0.026191 0.0123084 0.27301 0.00338181 
1.36683e-05 0.00859703 0.0346804 0.00128558 0.0150741 0.407358 0.0960895 0.000153095 0.0150315 0.00903969 0.402931 0.00974569 
1.49778e-09 0.0612844 0.00716785 6.91554e-08 7.87334e-05 0.777014 0.00321493 1.97338e-05 0.00935757 0.0487367 0.0798659 0.0132602 
2.31031e-08 0.022973 0.00810977 0.410669 0.0110581 0.433141 0.0203363 0.002045 0.0137407 0.00465799 0.0701088 0.00315969 
5.06486e-05 0.000397294 0.0982026 2.35827e-05 0.00540868 0.854052 0.000883174 1.81407e-05 0.00659638 0.00325225 0.0310832 3.19471e-05 
3.92866e-05 0.000105204 0.196589 8.84499e-05 0.0675877 0.43188 0.00141023 3.41435e-06 0.0180363 0.0754562 0.208752 5.2052e-05 
1.49778e-09 0.0612844 0.00716785 6.91554e-08 7.87334e-05 0.777014 0.00321493 1.97338e-05 0.00935757 0.0487367 0.0798659 0.0132602 
4.74838e-06 4.75224e-06 4.75265e-06 4.74861e-06 4.75218e-06 0.547485 4.75155e-06 4.75163e-06 4.75275e-06 0.0979041 0.354568 4.74891e-06 
1.49778e-09 0.0612844 0.00716785 6.91554e-08 7.87334e-05 0.777014 0.00321493 1.97338e-05 0.00935757 0.0487367 0.0798659 0.0132602 
0.130947 0.0217187 0.0739907 4.09566e-06 0.0230924 0.402617 0.00433728 6.02821e-05 0.0851884 0.0271399 0.230038 0.00086605 
4.86177e-05 2.5281e-05 0.0253925 0.000181462 0.000820957 0.843917 0.00173682 0.000967888 0.000293143 0.0339175 0.0926358 6.33736e-05 
9.24332e-06 0.0245215 0.0187684 1.03937e-05 0.0231844 0.693938 0.00216854 1.69236e-05 0.0304965 0.0588626 0.143125 0.00489836 
1.36683e-05 0.00859703 0.0346804 0.00128558 0.0150741 0.407358 0.0960895 0.000153095 0.0150315 0.00903969 0.402931 0.00974569 
9.42443e-06 0.0258277 0.0141299 0.000911396 0.0123454 0.497158 0.258415 5.46043e-05 0.0465824 0.0181121 0.125055 0.00139943 
1.39229e-05 0.000376418 0.0927566 5.09464e-05 0.113889 0.510796 0.00535502 9.10222e-05 0.0564488 0.0272801 0.160546 0.0323956 
1.59398e-09 0.000983743 0.0278349 1.92583e-06 0.00102487 0.712915 0.00131352 6.85075e-06 0.00231681 0.129481 0.123283 0.000838964 
0.00283141 0.00658452 0.066419 6.45682e-07 0.0127518 0.367806 0.0247984 4.52519e-05 0.0611591 0.332076 0.125513 1.42616e-05 
1.49778e-09 0.0612844 0.00716785 6.91554e-08 7.87334e-05 0.777014 0.00321493 1.97338e-05 0.00935757 0.0487367 0.0798659 0.0132602 
5.44754e-05 0.00861444 0.263928 0.000188023 0.0542217 0.401521 0.00433001 0.00239024 0.0429112 0.0121138 0.208917 0.000809646 
6.78294e-05 0.0328649 0.0386052 0.001456 0.0393207 0.418618 0.0491264 1.54946e-05 0.01246 0.0856867 0.320502 0.00127611 
1.49778e-09 0.0612844 0.00716785 6.91554e-08 7.87334e-05 0.777014 0.00321493 1.97338e-05 0.00935757 0.0487367 0.0798659 0.0132602 
0.00652946 0.000131012 0.011824 1.60547e-05 0.0543596 0.795214 0.00501226 9.22116e-06 0.102443 0.0215181 0.00136587 0.0015779 
2.22879e-08 0.0019075 0.114012 8.939e-09 0.00252311 0.486881 0.0172187 5.97884e-05 0.00879491 0.184568 0.134335 0.0497001 
1.49778e-09 0.0612844 0.00716785 6.91554e-08 7.87334e-05 0.777014 0.00321493 1.97338e-05 0.00935757 0.0487367 0.0798659 0.0132602 
0.00136143 0.0386761 0.0608233 0.000264218 0.0128554 0.392092 0.0305979 0.000717767 0.256205 0.0531255 0.152831 0.000450513 
0.0211506 0.00461202 0.251331 0.0035475 0.0370094 0.294066 0.0461411 0.0180024 0.0295803 0.00592336 0.288438 0.000198891 
0.00325458 0.000160284 0.0249948 7.52588e-05 0.00171518 0.875956 0.000711961 8.25572e-06 0.00319502 0.08845 0.000940195 0.000538012 
1.87613e-06 7.17576e-05 0.00549722 2.73827e-06 0.0455135 0.878807 0.000334447 0.00043371 0.0019518 0.0217295 0.045638 1.796e-05 
5.07868e-06 0.00293717 0.00496475 3.90676e-10 0.00105561 0.83548 0.0239093 3.22358e-05 0.00127992 0.117871 0.00353297 0.00893197 
3.2822e-06 2.91413e-06 0.00743155 3.12389e-06 0.000496041 0.925101 0.00738425 1.02804e-06 1.95932e-05 0.0127189 0.0468262 1.24249e-05 
7.28688e-08 0.0207248 0.0100699 1.06992e-05 0.00292651 0.515702 0.0231851 3.55941e-05 0.0415096 0.0613468 0.323912 0.000576912 
1.82767e-05 0.000999638 0.0425635 8.32971e-06 0.13187 0.334976 0.0025718 3.39356e-05 0.0979918 0.095418 0.293545 3.97175e-06 
1.49778e-09 0.0612844 0.00716785 6.91554e-08 7.87334e-05 0.777014 0.00321493 1.97338e-05 0.00935757 0.0487367 0.0798659 0.0132602 
8.62263e-09 0.000469703 0.00519813 2.23741e-06 0.000783644 0.410901 0.00757899 9.31302e-05 0.0923496 0.108019 0.372218 0.00238685 
0.00286331 0.0128775 0.114919 0.00405614 0.114264 0.343517 0.0858139 0.000340021 0.0524557 0.0309094 0.067545 0.170439 
1.07325e-05 0.00162745 0.109312 1.23265e-05 0.0327868 0.446494 0.00704288 7.49931e-05 0.0658806 0.0992544 0.235486 0.00201732 
0.0185495 0.0423821 0.072731 0.00252224 0.0638759 0.534351 0.00506502 0.0438321 0.130736 0.00517275 0.0805638 0.00021886 
2.83878e-07 4.98368e-05 0.00507068 2.70186e-07 0.00163312 0.683518 0.000766605 1.55748e-05 0.0045624 0.215416 0.0888976 7.02725e-05 
1.49778e-09 0.0612844 0.00716785 6.91554e-08 7.87334e-05 0.777014 0.00321493 1.97338e-05 0.00935757 0.0487367 0.0798659 0.0132602 
0.00779178 0.00834514 0.0850172 0.00106874 0.0512201 0.326763 0.0079036 5.0967e-05 0.0849043 0.0825444 0.312709 0.0316821 
1.49778e-09 0.0612844 0.00716785 6.91554e-08 7.87334e-05 0.777014 0.00321493 1.97338e-05 0.00935757 0.0487367 0.0798659 0.0132602 
1.49778e-09 0.0612844 0.00716785 6.91554e-08 7.87334e-05 0.777014 0.00321493 1.97338e-05 0.00935757 0.0487367 0.0798659 0.0132602 
3.98903e-09 0.0156914 0.0293336 5.29181e-07 0.000936895 0.654618 0.0109688 1.05165e-05 0.0067797 0.0294557 0.250242 0.00196305 
0.000122596 0.0266388 0.250942 0.000130123 0.0154876 0.454515 0.000276694 6.46632e-05 0.020858 0.0134815 0.217446 3.67838e-05 
0.000613949 0.0179557 0.0779421 6.89459e-05 0.0386493 0.455167 0.00479093 0.000472026 0.12429 0.0223271 0.257391 0.000331117 
1.97895e-05 2.36222e-06 0.134077 0.229788 0.000547502 0.475604 3.07718e-06 1.96507e-09 0.00455619 0.076685 0.078712 4.84151e-06 
8.33595e-12 0.00457351 0.0389658 4.29883e-06 0.00129309 0.562019 0.021583 2.25555e-05 0.0128367 0.0196199 0.337633 0.00144948 
0.00155248 0.00987659 0.119385 0.00212332 0.0280042 0.484443 0.0296803 0.00354835 0.044197 0.0988829 0.176042 0.00226507 
7.28768e-07 0.000107813 0.00491924 2.75811e-05 0.0388201 0.788071 0.000199772 7.58591e-05 0.000151609 4.79809e-08 0.167452 0.000174594 
4.24368e-10 0.000206788 0.0291001 4.72711e-07 0.167868 0.556669 5.53527e-07 1.32919e-10 0.0170218 0.0127141 0.210749 0.00566945 
5.61078e-05 3.58918e-05 0.0239115 4.12584e-05 0.0450179 0.391754 0.070411 0.0257565 0.00732959 0.0480384 0.386848 0.000799787 
2.80002e-12 0.0115265 0.000377096 9.85318e-06 0.000324484 0.555916 0.127343 2.01108e-05 0.0109335 0.00111635 0.219354 0.073079 
1.38439e-08 0.00106317 0.00719342 2.60192e-07 0.000380378 0.896783 0.00739527 2.35151e-05 0.000384024 0.0008646 0.0821084 0.00380414 
1.19015e-05 0.00220306 0.0933759 1.23869e-06 0.0459495 0.691842 0.0182497 0.000482929 0.0788131 0.00874997 0.0602454 7.55658e-05 
2.09215e-05 0.000146557 0.0276678 4.51687e-06 0.00291332 0.869818 0.000413742 8.99003e-06 0.00239007 0.014444 0.0820263 0.000146115 
0.0103715 1.45648e-05 0.000293178 7.06863e-08 6.03237e-05 0.719338 2.45812e-06 4.42115e-07 0.133939 0.117099 0.0173988 0.00148229 
1.49778e-09 0.0612844 0.00716785 6.91554e-08 7.87334e-05 0.777014 0.00321493 1.97338e-05 0.00935757 0.0487367 0.0798659 0.0132602 
3.67984e-08 0.00457478 0.0444501 0.000125825 0.00682885 0.271528 0.000848913 2.28868e-05 0.136853 0.269302 0.26428 0.00118595 
0.0029733 0.00060063 0.123477 2.80013e-05 0.0642452 0.542364 0.0157321 0.00018311 0.0146371 0.0350625 0.200606 9.10272e-05 
3.65602e-05 0.00677684 0.152325 0.0832154 0.194767 0.272002 0.00112668 0.00015639 0.0782032 0.0450558 0.165431 0.000903995 
8.31078e-06 0.000233149 0.0905838 4.58354e-05 0.0270979 0.416825 0.000124445 4.32575e-05 0.00717161 0.276678 0.181151 3.79587e-05 
1.49778e-09 0.0612844 0.00716785 6.91554e-08 7.87334e-05 0.777014 0.00321493 1.97338e-05 0.00935757 0.0487367 0.0798659 0.0132602 
0.000148847 0.00406163 0.072411 7.21354e-06 0.0246024 0.623513 0.00674269 0.000111673 0.0181929 0.0745214 0.175577 0.000109854 
0.0294208 0.00563535 0.063819 3.33953e-05 0.0787368 0.364516 0.00366547 0.0131573 0.0297989 0.0665214 0.344083 0.000612901 
4.50972e-09 0.0178511 0.0118593 1.67438e-05 0.00082743 0.492423 0.0105736 1.735e-05 0.0133543 0.0182421 0.433748 0.00108698 
6.47505e-07 0.00242228 0.10077 0.00208257 0.0933952 0.481269 0.00609651 0.000327732 0.00336588 0.00502823 0.305086 0.000156079 
0.000835487 0.0091043 0.261116 0.00101182 0.0151065 0.375315 0.0542651 0.00788145 0.00694764 0.0277866 0.240488 0.000141793 
0.100374 2.36699e-05 0.0511488 5.4826e-06 0.000588322 0.493707 0.0303373 4.14878e-05 0.0108612 0.145809 0.154967 0.0121363 
8.01265e-13 0.0217588 0.0182141 3.11158e-05 0.00529474 0.495735 0.148038 9.04686e-05 0.00593806 0.00521629 0.28434 0.0153436 
4.15648e-09 0.0177757 0.0256318 5.29315e-07 0.0010276 0.522285 0.0267193 2.63533e-05 0.0269921 0.0148505 0.362004 0.00268779 
1.59674e-06 0.080419 0.0333123 4.93741e-05 0.0348517 0.288546 0.193761 0.000669295 0.0780807 0.0309743 0.256897 0.00243738 
0.00229179 4.75757e-05 0.013103 0.000358356 0.180092 0.659495 0.00129253 3.38863e-06 0.00661834 0.019438 0.116515 0.000745172 
1.34713e-10 2.49975e-11 0.272652 1.28215e-10 0.0137759 0.463547 4.47481e-11 4.21944e-11 0.00329074 0.0475179 0.199216 1.19468e-10 
0.0108854 0.00200653 0.0861868 0.0765354 0.172202 0.216932 0.152667 0.113634 0.0343752 0.00622969 0.116975 0.0113697 
0.000157576 4.8259e-05 0.036412 1.15914e-08 0.00118254 0.63364 0.000194851 3.80072e-06 0.00315368 0.204685 0.120523 1.42883e-07 
5.40572e-12 0.000231856 0.154129 3.65347e-08 0.140592 0.348649 1.19931e-06 1.32407e-07 0.00480075 0.00438184 0.345744 0.00147097 
2.34811e-05 0.00212601 0.152642 1.78201e-06 0.226875 0.264246 0.00171923 3.44394e-05 0.0763159 0.16373 0.111955 0.000330195 
1.49778e-09 0.0612844 0.00716785 6.91554e-08 7.87334e-05 0.777014 0.00321493 1.97338e-05 0.00935757 0.0487367 0.0798659 0.0132602 
0.000971877 0.0029868 0.099745 0.00571465 0.00417731 0.712096 0.0107101 0.000972705 0.0350245 0.0699185 0.0537495 0.00393335 
0.000327371 0.000312932 0.0786667 1.86137e-05 0.00992242 0.515809 0.027153 0.000112473 0.0146503 0.0117939 0.340188 0.00104563 
0.000108908 0.0376878 0.135458 0.000118669 0.0531221 0.411157 0.0270616 0.00717683 0.0130629 0.00468032 0.305257 0.00510938 
1.49778e-09 0.0612844 0.00716785 6.91554e-08 7.87334e-05 0.777014 0.00321493 1.97338e-05 0.00935757 0.0487367 0.0798659 0.0132602 
2.35784e-05 5.27453e-05 0.10214 0.000152843 0.00474556 0.858416 0.00188981 0.000204249 0.0002886 0.00153349 0.0301724 0.000380353 
1.94513e-09 0.000109036 0.00573662 2.77219e-06 0.000705889 0.706054 0.0025559 0.000125405 0.182799 0.0120209 0.0878752 0.00201505 
5.66549e-12 0.000987141 0.00379966 4.61675e-06 0.00203606 0.517511 0.0751617 6.72633e-05 0.00274945 0.00216038 0.394426 0.00109619 
1.49778e-09 0.0612844 0.00716785 6.91554e-08 7.87334e-05 0.777014 0.00321493 1.97338e-05 0.00935757 0.0487367 0.0798659 0.0132602 
0.000148847 0.00406163 0.072411 7.21354e-06 0.0246024 0.623513 0.00674269 0.000111673 0.0181929 0.0745214 0.175577 0.000109854 
9.26802e-05 0.00951981 0.0726079 0.000201447 0.0546808 0.551658 0.0439478 0.000647501 0.0114841 0.0294761 0.217952 0.00773246 
0.000148847 0.00406163 0.072411 7.21354e-06 0.0246024 0.623513 0.00674269 0.000111673 0.0181929 0.0745214 0.175577 0.000109854 
1.00093e-05 0.0603058 0.0302212 0.0321281 0.0427939 0.404176 0.085138 0.000367462 0.0152308 0.0317163 0.29672 0.00119273 
1.77789e-08 0.0485454 0.0358145 2.47445e-06 0.00352127 0.41802 0.101111 0.00018368 0.00464936 0.00111277 0.386217 0.000823505 
1.49778e-09 0.0612844 0.00716785 6.91554e-08 7.87334e-05 0.777014 0.00321493 1.97338e-05 0.00935757 0.0487367 0.0798659 0.0132602 
1.36683e-05 0.00859703 0.0346804 0.00128558 0.0150741 0.407358 0.0960895 0.000153095 0.0150315 0.00903969 0.402931 0.00974569 
2.33821e-07 0.000478498 0.104302 0.000849024 0.0124263 0.753857 0.000778829 2.60277e-05 0.0125892 0.000799437 0.113884 9.63794e-06 
0.00334667 0.00200906 0.132507 0.218548 0.0261951 0.294606 0.0257016 0.000812929 0.0190434 0.23596 0.0412697 9.94577e-08 
9.53048e-10 0.0182058 0.00387828 9.0708e-10 0.0687854 0.414951 3.45135e-07 1.12055e-06 0.0450918 0.384506 0.0645641 1.61222e-05 
5.50657e-09 0.0190181 0.305745 4.67999e-09 0.00369514 0.335094 1.20784e-07 6.5957e-05 0.00234358 0.265068 0.0651942 0.00377626 
0.00370053 0.00211709 0.109832 0.000236767 0.0188247 0.350815 0.0866556 0.00683876 0.252949 0.0134218 0.153862 0.000746365 
0.0059643 0.00854758 0.120906 5.45079e-05 0.027341 0.356875 0.00314109 0.00681651 0.0378594 0.217563 0.211584 0.00334799 
0.000286387 0.0153268 0.0155927 1.23725e-05 0.013874 0.573327 0.00800605 0.00557866 0.0689239 0.0295315 0.267315 0.00222604 
1.49778e-09 0.0612844 0.00716785 6.91554e-08 7.87334e-05 0.777014 0.00321493 1.97338e-05 0.00935757 0.0487367 0.0798659 0.0132602 
1.68059e-09 1.15416e-06 7.15243e-07 1.59953e-09 0.00206312 0.751436 5.58246e-10 5.26387e-10 1.94048e-06 1.32871e-05 0.246482 1.78997e-06 
1.49778e-09 0.0612844 0.00716785 6.91554e-08 7.87334e-05 0.777014 0.00321493 1.97338e-05 0.00935757 0.0487367 0.0798659 0.0132602 
4.60275e-05 0.0183572 0.154653 0.000730513 0.0184967 0.537649 0.00527396 0.00184486 0.0473608 0.0731715 0.142258 0.000157972 
0.000846437 0.030606 0.420366 0.00150825 0.00772765 0.440442 0.00305287 0.000457257 0.00164977 0.0225263 0.0694846 0.00133257 
0.0120886 0.00186131 0.104685 0.0617743 0.155634 0.241349 0.13797 0.110977 0.0291608 0.00624421 0.129595 0.00865991 
0.000148847 0.00406163 0.072411 7.21354e-06 0.0246024 0.623513 0.00674269 0.000111673 0.0181929 0.0745214 0.175577 0.000109854 
9.39302e-07 0.0150302 0.0177883 2.87838e-06 0.00174098 0.493595 0.0641974 0.000206445 0.00939204 0.0406881 0.355887 0.00147089 
2.18176e-08 5.12604e-05 0.0581343 0.000439291 0.00740402 0.752139 0.000333522 3.18949e-05 0.00462655 0.0147684 0.161658 0.000414014 
2.70173e-08 0.000334365 0.00264453 1.7302e-05 0.279028 0.326361 0.023646 0.000122472 0.151611 0.142534 0.0718646 0.00183774 
4.415e-07 0.17994 0.00517634 0.228013 0.00229666 0.279267 0.00790271 6.47013e-05 0.236811 0.010737 0.0496428 0.000148 
4.40951e-06 0.0398106 0.0693843 0.000141297 0.0977769 0.303578 0.0228353 0.000686049 0.200931 0.0558161 0.208731 0.000304027 
1.49778e-09 0.0612844 0.00716785 6.91554e-08 7.87334e-05 0.777014 0.00321493 1.97338e-05 0.00935757 0.0487367 0.0798659 0.0132602 
0.000928156 0.000356124 0.0918513 6.32456e-05 0.22839 0.495627 0.000160762 0.000175446 0.0438826 0.0104941 0.127582 0.000488724 
0.00133518 0.010943 0.106579 0.000641363 0.00837583 0.356143 0.0677661 0.0047194 0.0214351 0.0894728 0.288045 0.0445432 
0.033916 0.0100305 0.0430114 0.0107908 0.0248862 0.692018 0.0120972 0.000185996 0.0138325 0.112936 0.0427916 0.00350403 
5.06181e-05 0.00159432 0.060918 0.0186858 0.347008 0.45007 0.00527693 0.000369398 0.0710585 0.00059664 0.0396561 0.00471604 
6.13289e-06 0.00393672 0.126012 0.00189392 0.0391828 0.510282 0.000537895 0.000362871 0.0483337 0.0108151 0.258598 3.87086e-05 
1.74197e-05 3.48295e-05 0.0305038 0.00443555 0.158255 0.634479 7.00231e-05 0.000372012 0.000708025 0.00109035 0.170016 1.80579e-05 
1.56725e-10 9.91844e-09 0.00721173 6.42146e-09 0.000382692 0.949344 0.000275025 2.64343e-08 0.00238236 0.00450489 0.0317812 0.00411766 
0.000204623 0.0198166 0.0961599 0.000409533 0.00340706 0.410912 0.0382091 0.00332194 0.0340985 0.0244972 0.368744 0.000218815 
1.4121e-06 2.49184e-05 0.00270705 0.000140592 0.0364671 0.788904 0.000387905 4.86732e-05 0.00062913 0.000428466 0.170207 5.46324e-05 
0.000279873 9.89429e-06 0.0135456 0.00395618 0.00247383 0.900116 0.0235648 2.83746e-05 0.00193548 0.0400157 0.0139084 0.000165714 
5.6631e-06 0.0159514 0.214254 0.174535 0.0992856 0.31059 0.000374474 0.00191906 0.00576005 0.0254654 0.151775 8.42572e-05 
0.000148847 0.00406163 0.072411 7.21354e-06 0.0246024 0.623513 0.00674269 0.000111673 0.0181929 0.0745214 0.175577 0.000109854 
1.49778e-09 0.0612844 0.00716785 6.91554e-08 7.87334e-05 0.777014 0.00321493 1.97338e-05 0.00935757 0.0487367 0.0798659 0.0132602 
2.71141e-05 0.000183279 0.0276758 6.26403e-05 0.0174088 0.681931 0.00639537 3.74234e-05 0.0205488 0.0408341 0.204359 0.000536476 
2.921e-07 0.000255157 0.020287 4.33043e-05 0.0537179 0.830558 0.0013885 0.0034855 0.00510129 0.0011805 0.0839823 2.59044e-07 
0.0110067 0.00134066 0.15533 0.00284607 0.232643 0.358861 0.0301368 0.0118061 0.0359494 0.0326037 0.127044 0.000432307 
2.34839e-05 0.0159069 0.0659298 0.0586904 0.11957 0.294546 0.0235523 0.00275958 0.0254782 0.123667 0.179246 0.0906302 
9.86863e-05 0.0448861 0.141358 0.000103681 0.0661124 0.455193 0.0152469 0.00596353 0.0130253 0.0536395 0.203547 0.00082628 
9.41794e-12 3.25072e-08 0.092377 9.69604e-05 0.0285959 0.622107 0.016435 8.67287e-08 0.00341696 0.0132164 0.223752 3.03518e-06 
1.49778e-09 0.0612844 0.00716785 6.91554e-08 7.87334e-05 0.777014 0.00321493 1.97338e-05 0.00935757 0.0487367 0.0798659 0.0132602 
8.81703e-09 0.0106069 0.0530298 7.88343e-09 0.00110986 0.521823 0.00271833 7.91874e-06 0.0270592 0.0302952 0.35335 4.08164e-08 
2.99745e-05 0.00368483 0.0494305 0.000315747 0.19223 0.381175 0.0100085 0.00128952 0.080525 0.0175551 0.263576 0.000179567 
2.91135e-11 0.0462856 0.0762658 1.06478e-05 0.00569971 0.567325 1.05543e-07 9.11882e-12 0.131846 0.171156 0.00140113 1.02018e-05 
0.000228624 5.99725e-06 0.00514927 0.0235158 0.212894 0.718493 0.000432694 3.93793e-05 0.0268721 5.04292e-05 0.0112395 0.00107933 
9.0212e-13 0.0247737 0.00186848 4.2849e-05 0.00158783 0.449717 0.201903 2.96241e-05 0.00152219 0.000609738 0.314426 0.00351928 
1.98085e-12 2.76924e-05 0.0333553 0.000100316 0.00885306 0.679294 0.0252165 6.66557e-05 0.000401297 0.000305137 0.250204 0.00217676 
1.78762e-07 0.00338153 0.046878 0.00262811 0.0254763 0.561883 0.0491745 0.00178902 0.00860654 1.78913e-07 0.289384 0.0107986 
1.49778e-09 0.0612844 0.00716785 6.91554e-08 7.87334e-05 0.777014 0.00321493 1.97338e-05 0.00935757 0.0487367 0.0798659 0.0132602 
0.00423835 0.0552513 0.244692 0.000864358 0.00698667 0.294736 0.00695195 0.00443485 0.182546 0.042007 0.157205 8.75934e-05 
4.17595e-07 1.40762e-07 5.93971e-06 5.34492e-06 0.377377 0.400877 2.31151e-11 1.17701e-06 0.00658776 1.07455e-11 0.130055 0.0850897 
9.97584e-05 0.00567646 0.132017 0.00136738 0.00902082 0.510462 0.00249611 1.29336e-05 0.0118419 0.0550723 0.271757 0.000176227 
1.68203e-05 0.0186118 0.146399 5.63175e-06 0.0124 0.529572 0.0542882 8.42093e-05 0.059987 0.141279 0.0360645 0.00129175 
7.35285e-06 0.000165073 0.0117319 1.28587e-05 0.00671473 0.706324 0.0228021 8.52225e-05 0.00105636 0.000745016 0.249859 0.000496657 
1.87613e-06 7.17576e-05 0.00549722 2.73827e-06 0.0455135 0.878807 0.000334447 0.00043371 0.0019518 0.0217295 0.045638 1.796e-05 
2.46638e-07 0.00447961 0.0123142 9.34929e-06 0.0244877 0.624147 0.0943047 0.000505831 0.0287593 0.0240194 0.185904 0.00106876 
1.49778e-09 0.0612844 0.00716785 6.91554e-08 7.87334e-05 0.777014 0.00321493 1.97338e-05 0.00935757 0.0487367 0.0798659 0.0132602 
0.000106492 0.00619602 0.15715 0.0680916 0.0460297 0.455343 0.0171075 0.00158063 0.0341023 0.0382666 0.175857 0.00016849 
0.000148847 0.00406163 0.072411 7.21354e-06 0.0246024 0.623513 0.00674269 0.000111673 0.0181929 0.0745214 0.175577 0.000109854 
5.71123e-05 0.000135762 0.0544956 0.000257035 0.0102777 0.393233 0.000109066 0.0729576 0.00700865 0.22335 0.238101 1.75575e-05 
0.000761544 0.000762164 0.00076223 0.000761581 0.000762155 0.991618 0.000762053 0.000762066 0.000762246 0.000762189 0.000762262 0.00076163 
1.39791e-08 0.000258365 0.0242851 4.16502e-05 0.0142509 0.636149 0.00258727 0.000106572 0.0145617 0.0160317 0.291646 8.10972e-05 
1.49778e-09 0.0612844 0.00716785 6.91554e-08 7.87334e-05 0.777014 0.00321493 1.97338e-05 0.00935757 0.0487367 0.0798659 0.0132602 
1.49778e-09 0.0612844 0.00716785 6.91554e-08 7.87334e-05 0.777014 0.00321493 1.97338e-05 0.00935757 0.0487367 0.0798659 0.0132602 
9.0212e-13 0.0247737 0.00186848 4.2849e-05 0.00158783 0.449717 0.201903 2.96241e-05 0.00152219 0.000609738 0.314426 0.00351928 
0.000101604 1.48655e-05 0.189989 0.00278711 0.17993 0.527283 4.18156e-08 0.000415165 0.00322994 0.00159642 0.094574 7.89503e-05 
8.80526e-09 4.06945e-05 0.11239 0.00020834 0.0243184 0.584176 0.0779817 7.61122e-05 0.0202294 0.0129574 0.167448 0.000173772 
1.49778e-09 0.0612844 0.00716785 6.91554e-08 7.87334e-05 0.777014 0.00321493 1.97338e-05 0.00935757 0.0487367 0.0798659 0.0132602 
1.77789e-08 0.0485454 0.0358145 2.47445e-06 0.00352127 0.41802 0.101111 0.00018368 0.00464936 0.00111277 0.386217 0.000823505 
0.00119821 0.00431748 0.108419 1.49397e-05 0.0326121 0.490427 0.0510963 0.000285431 0.0290691 0.0382048 0.240057 0.00429783 
0.0072626 0.0128013 0.17929 3.99968e-05 0.00910435 0.441922 0.005908 0.003567 0.0674612 0.0709116 0.200872 0.000860089 
4.351e-06 0.000887995 0.0903174 1.2209e-06 0.00432842 0.463045 0.000500647 6.83374e-06 0.00998676 0.0129563 0.417365 0.000600502 
3.27824e-05 0.00381447 0.0524991 0.00332591 0.0146533 0.543759 0.0631813 0.000161158 0.00378496 0.00923128 0.288614 0.0169433 
1.72776e-08 0.00297037 0.0923019 0.00854009 0.049763 0.414367 0.00140903 0.000210882 0.0254535 0.00717539 0.397494 0.000315243 
0.00198196 0.0169455 0.172649 0.000875376 0.028134 0.294837 0.00786867 0.000112843 0.160214 0.0637615 0.251925 0.000695485 
1.34288e-08 0.000349685 0.129829 6.84506e-05 0.0406463 0.493135 0.00018664 6.48572e-05 0.0107571 0.163426 0.16148 5.69042e-05 
0.0257169 0.00036322 0.161644 0.0199757 0.0493819 0.358864 0.0807639 0.228015 0.00111211 0.0181408 0.0556459 0.000376946 
1.53246e-05 0.00342529 0.106123 0.000131332 0.0490471 0.50613 0.0211269 0.000247818 0.00263399 0.0165077 0.294549 6.31346e-05 
3.66967e-06 0.0882422 0.108942 7.12253e-07 0.0983681 0.228043 0.00187038 6.81346e-07 0.144684 0.102251 0.227352 0.000242932 
4.93379e-13 0.00293527 0.00424181 1.50643e-05 0.00232055 0.58483 0.101061 9.24966e-05 0.00191511 0.0011077 0.297302 0.00417894 
9.76674e-07 0.0113177 0.0794343 1.24523e-06 0.00875485 0.513384 0.0213443 0.000164674 0.147154 0.0200591 0.198273 0.000112065 
0.000232125 0.0207764 0.0881236 0.000210917 0.00571459 0.63134 0.00821477 0.000185202 0.0326665 0.12126 0.0818781 0.00939753 
1.31514e-06 0.00521442 0.0263096 1.44608e-05 0.00365082 0.527766 0.0528537 3.6666e-05 0.00627444 0.011733 0.363481 0.00266473 
6.27334e-06 0.0953887 0.00434422 2.75321e-08 0.00343469 0.56287 8.771e-06 4.8003e-05 0.141854 0.00673324 0.168517 0.0167951 
1.20719e-07 0.000820084 0.0645603 3.39997e-05 0.196433 0.571576 8.98564e-09 1.69274e-05 0.0573919 0.0435331 0.0651574 0.000477446 
