5.46761e-07 3.14474e-06 0.200954 4.65426e-07 0.117138 0.000441948 2.5842e-09 7.84148e-05 0.12138 0.161285 0.374166 0.0245527 
0.000116328 0.0185947 0.0338376 7.58267e-08 0.651003 0.00241746 5.94788e-08 2.65995e-07 0.19181 0.000610607 0.101172 0.000437362 
1.26812e-06 7.54429e-05 0.0190841 6.88515e-08 0.0542831 0.00126963 2.03697e-08 8.28694e-06 0.00245011 0.000434098 0.921347 0.00104679 
0.00244017 0.0039241 0.0542504 1.04709e-05 0.0606414 0.00357856 5.27549e-12 3.23473e-05 0.0135161 0.0828523 0.778631 0.000122741 
0.000440697 0.000308341 0.0247405 0.000373846 0.870965 0.0347374 1.68827e-05 9.13121e-05 0.0319758 0.00044262 0.029294 0.00661343 
7.30405e-05 0.000694588 0.172103 0.000266732 0.606464 0.00498356 6.02496e-06 0.000276118 0.0453827 0.0263564 0.0710822 0.0723117 
3.42323e-05 0.00355478 0.369654 0.000201487 0.0106361 0.0132837 2.18494e-08 7.4091e-06 0.0903006 0.198377 0.31395 6.34139e-08 
4.18944e-05 0.0117881 0.153679 0.000597757 0.588519 0.043462 2.11374e-05 0.00038218 0.0688199 0.0366325 0.0895899 0.00646615 
0.000287268 0.0818583 0.152183 0.00110857 0.0296947 0.0296326 4.31285e-05 6.70134e-05 0.108976 0.00362134 0.592369 0.000158238 
1.92931e-05 9.19869e-08 0.344022 1.4106e-09 0.318875 1.88522e-06 4.9231e-10 0.00197387 0.129443 0.0566366 0.0378475 0.11118 
0.000202377 0.00235534 0.00371255 0.000161441 9.64963e-05 0.00087114 4.9884e-05 6.21054e-05 6.61259e-05 0.00251495 0.989774 0.00013318 
1.23551e-09 0.000216401 0.280538 1.17592e-09 0.470789 0.248403 4.10403e-10 1.58701e-06 1.86305e-05 1.81627e-05 1.57995e-05 1.09569e-09 
0.000714632 0.000784252 0.119164 0.00206629 0.545477 0.101374 0.000321473 0.00047702 0.0526688 0.0425247 0.12706 0.007368 
0.0153081 0.0833818 0.443137 0.0162903 0.20513 0.133079 0.00148463 0.00158353 0.0474999 0.0201682 0.027787 0.00515079 
3.43418e-05 0.000382057 0.0583991 2.65923e-08 0.853094 6.17627e-05 9.28088e-09 2.80991e-06 3.28938e-05 3.20699e-05 0.0879609 2.4778e-08 
0.000607215 1.0514e-06 0.619245 1.22159e-10 0.163928 0.000486801 4.26344e-11 0.00137368 0.092894 0.0564854 0.0253557 0.039623 
5.21496e-06 0.0248193 0.407108 2.48825e-05 0.000387271 0.010514 2.61025e-13 0.0128995 0.0018808 0.0806697 0.461692 6.96884e-13 
2.55931e-10 0.00181302 1.03577e-06 2.43587e-10 0.995724 4.75846e-07 8.50134e-11 9.65054e-08 0.000954346 0.00147493 3.85313e-07 3.19545e-05 
5.71882e-07 0.00272319 0.19768 6.94686e-08 0.00130298 0.0979097 4.06437e-09 9.96982e-06 0.021177 0.0184254 0.660769 2.33612e-06 
2.8199e-05 0.000321103 0.0269819 0.000229418 0.632529 0.00299343 3.52803e-06 0.000322569 0.0958198 0.0899625 0.1501 0.00070914 
0.0426614 0.000140972 0.00382835 0.000128426 0.869997 6.08014e-07 1.60737e-09 4.96539e-07 0.0680188 0.0100389 0.0051063 7.85766e-05 
1.66823e-06 7.97237e-05 1.77265e-05 2.4247e-08 0.0756776 0.00206079 8.46238e-09 2.92235e-07 0.637684 0.133408 0.151068 2.43709e-06 
6.5039e-05 0.000736017 0.727511 0.000112684 0.0491154 0.0630159 4.67786e-05 0.00011035 0.0234127 0.00576404 0.129904 0.000206364 
2.02909e-06 0.00210826 0.128894 2.15635e-05 0.823212 0.00696061 4.6433e-08 7.3211e-06 0.00475211 0.0100114 0.0231421 0.000888869 
4.40285e-07 0.000784467 0.00168052 3.26608e-06 0.400631 0.125246 1.40469e-10 0.00150844 0.124418 0.146318 0.19941 3.75024e-10 
0.000378987 0.00704979 0.0480046 0.000362848 0.33966 0.280465 0.000129525 0.000255975 0.0714355 0.0617443 0.187556 0.0029578 
4.17245e-08 3.66938e-07 4.9765e-07 0.102421 0.144005 0.523466 1.53826e-11 1.0139e-06 0.181895 5.41328e-07 0.0482096 4.10685e-11 
0.000305993 0.0299414 0.0590686 0.000115067 0.470739 0.00388902 0.000113731 0.000266325 0.242187 0.035031 0.155961 0.00238288 
4.32686e-05 0.0916879 0.0132521 0.0700997 0.262743 0.332893 1.61265e-06 0.00092474 0.0267335 0.00826687 0.191849 0.00150463 
3.42323e-05 0.00355478 0.369654 0.000201487 0.0106361 0.0132837 2.18494e-08 7.4091e-06 0.0903006 0.198377 0.31395 6.34139e-08 
0.00336626 0.0130102 0.0411494 2.42226e-05 0.450084 0.0206738 2.21416e-07 0.0747517 0.319747 0.0145353 0.0618361 0.000822384 
1.92367e-07 0.000154104 0.0191944 4.64403e-07 0.0575679 3.00093e-05 6.38991e-08 8.93448e-07 0.0292201 0.881537 0.0122932 1.35015e-06 
4.50237e-08 7.33782e-06 0.0495317 0.0190947 0.154612 0.219024 1.49557e-08 2.05574e-05 0.0361674 0.00191776 0.519562 6.30318e-05 
1.02449e-05 6.55081e-06 0.0460977 5.56376e-06 0.702052 0.0125464 4.29417e-06 0.000566884 0.175639 0.0213508 3.11993e-05 0.0416895 
1.03961e-06 7.73572e-05 0.0143506 9.89463e-07 0.0357853 0.0178072 3.45329e-07 0.000781818 0.00324652 0.000931247 0.927017 9.21958e-07 
0.0024905 7.59861e-07 0.000502404 6.73317e-07 0.891849 0.032796 2.34992e-07 1.2826e-06 0.00163133 4.98024e-05 0.0696489 0.00102958 
5.71882e-07 0.00272319 0.19768 6.94686e-08 0.00130298 0.0979097 4.06437e-09 9.96982e-06 0.021177 0.0184254 0.660769 2.33612e-06 
0.000987281 0.0191307 0.0722962 2.50183e-05 0.0267575 0.00957231 5.96404e-07 4.19146e-06 0.105008 0.239995 0.526141 8.2248e-05 
5.00587e-05 0.00112876 0.156006 0.0834662 0.347144 0.199593 1.42477e-08 0.00126083 0.0758467 0.00497497 0.123951 0.00657752 
2.01593e-05 0.013527 0.316622 1.73684e-05 0.105885 0.0202028 8.29882e-07 3.50436e-05 0.0350122 0.0239953 0.484657 2.53102e-05 
0.000356912 0.00944981 0.175991 9.65779e-06 0.284575 0.00125511 7.23111e-08 0.000152626 0.300296 0.0100808 0.214856 0.00297675 
6.2215e-10 0.00321736 0.112383 0.00028854 0.482133 0.148876 2.06662e-10 0.00305585 0.0273369 0.00930337 0.213405 6.48718e-07 
2.23053e-09 0.00693805 0.401221 1.17329e-05 0.467721 0.0376411 7.40922e-10 2.99849e-06 0.00859359 0.000439001 0.0634073 0.014024 
0.0292392 0.00108655 0.310564 0.000484892 0.600068 0.0308987 1.59895e-07 0.000843444 0.00791755 2.10106e-06 0.0188938 2.35841e-06 
1.73359e-07 5.83095e-05 0.0393037 1.64997e-07 0.522345 0.0140886 5.75852e-08 0.00199166 0.372359 0.0343625 0.0154827 7.94684e-06 
2.51188e-09 0.000503608 0.00666313 2.39072e-09 0.671072 0.00108323 8.34378e-10 7.79596e-07 0.238527 0.0762032 0.00588908 5.73309e-05 
3.57401e-05 0.00536693 0.00750191 1.14717e-05 0.00137053 5.77621e-05 4.0037e-06 7.87392e-06 0.0203757 0.941575 0.0236481 4.5504e-05 
3.74311e-09 1.32746e-06 0.537339 3.56257e-09 0.00587091 0.000620735 1.24336e-09 0.000415507 0.00755853 0.0745115 0.371611 0.00207157 
6.79412e-12 3.48736e-05 0.052012 0.000249303 0.0655834 0.501013 2.25682e-12 0.000302317 0.000425896 1.97245e-08 0.380379 3.62118e-09 
5.09568e-08 0.00786553 0.00125261 2.80875e-11 1.75866e-07 0.384268 9.80272e-12 7.56482e-09 0.195699 0.000851652 0.410063 2.61712e-11 
4.91376e-07 0.00112922 0.0148941 1.20622e-08 0.039153 0.0101917 3.56817e-09 4.11711e-09 0.0154411 7.58041e-09 0.91919 5.76608e-09 
0.0051675 0.000378662 0.410466 0.00151855 0.269071 0.0494427 4.08476e-10 1.81091e-07 0.0142522 0.0202136 0.229489 6.9633e-07 
0.000120137 0.00281363 0.0226189 0.4635 0.1206 0.29864 5.92804e-06 0.000340301 0.0296301 0.0234784 0.0367802 0.00147266 
0.00402621 3.56626e-07 0.474405 1.29633e-10 0.186578 0.00050207 4.52429e-11 0.00162769 0.160871 0.092953 0.0342938 0.0447431 
4.55216e-06 0.0194152 0.0112254 6.38635e-05 2.88654e-05 0.198892 6.64483e-07 4.75951e-05 0.0109199 0.733882 0.0254613 5.77213e-05 
0.000802956 0.00566363 0.0120378 3.63785e-05 0.811225 0.00561308 2.71014e-05 0.000273846 0.0276203 0.00723781 0.12942 4.22358e-05 
5.73997e-09 3.84509e-08 0.11932 7.05757e-05 0.159935 0.396056 1.90666e-09 0.00017658 0.0358117 0.165853 0.11782 0.00495817 
2.94653e-07 0.00034591 0.0418259 0.002018 0.379422 0.0446035 3.12397e-08 0.305676 0.00538655 7.61734e-07 0.220607 0.000114316 
7.03057e-05 0.00812794 0.0150225 0.000387877 0.768763 0.00486838 5.66334e-08 3.09815e-07 0.0758896 0.00125385 0.125616 1.91439e-07 
5.71882e-07 0.00272319 0.19768 6.94686e-08 0.00130298 0.0979097 4.06437e-09 9.96982e-06 0.021177 0.0184254 0.660769 2.33612e-06 
2.85978e-12 0.0254029 0.00253546 2.72184e-12 0.00051295 0.670505 9.49942e-13 1.71625e-09 0.0143123 0.165221 0.121458 5.197e-05 
0.000218896 0.00109448 0.0171498 0.00112055 0.0653678 0.874574 1.16378e-07 8.18866e-05 0.021873 0.00844274 0.00909342 0.000983336 
1.77971e-05 0.0019956 0.00390669 1.54222e-06 0.699159 0.0136408 1.30204e-06 0.000112629 0.137638 0.016144 0.127013 0.000369567 
2.15391e-09 1.12315e-05 0.556211 3.66974e-05 0.438503 7.48416e-06 7.1547e-10 9.37817e-06 1.88935e-05 1.69658e-06 0.0051628 3.78231e-05 
1.67126e-06 0.00664982 0.06201 6.33629e-09 0.00138856 0.0227916 3.39405e-09 4.16435e-06 0.0227494 0.303991 0.5803 0.000113261 
2.07907e-10 0.0236974 5.14525e-08 2.97017e-07 1.7004e-07 0.367376 6.90611e-11 0.000208619 0.288957 8.06783e-06 0.319752 1.84379e-10 
9.95991e-07 2.076e-07 0.151304 6.50492e-08 0.75265 0.0275755 4.53145e-11 4.7044e-08 0.0246151 0.00419873 0.0396553 1.2098e-10 
0.00019053 2.58399e-05 0.000758196 6.97192e-08 0.00032579 0.000594238 2.43325e-08 7.80322e-05 0.0597218 0.937374 0.000736699 0.000194953 
0.00244017 0.0039241 0.0542504 1.04709e-05 0.0606414 0.00357856 5.27549e-12 3.23473e-05 0.0135161 0.0828523 0.778631 0.000122741 
3.21878e-08 0.00012097 0.298322 0.000163282 0.113082 0.0900877 3.58736e-12 9.0709e-08 0.00408458 0.00228368 0.491855 2.42649e-08 
2.08664e-05 0.00171736 0.0425561 7.93319e-05 0.777701 0.00148171 1.06569e-06 0.000180323 0.0558182 0.0416325 0.0784868 0.000324638 
0.000183773 7.1184e-08 0.812715 8.17192e-10 0.0327323 2.61158e-07 2.85206e-10 7.08036e-08 0.0198358 0.0750214 0.0595096 1.2891e-06 
2.56229e-05 0.00143176 0.00204454 7.86456e-07 0.964363 0.00958283 1.7782e-10 0.000159905 0.0199754 2.36074e-07 0.001891 0.000525375 
6.22196e-07 8.72609e-07 0.0128796 0.000239329 0.28916 0.00390753 1.57509e-08 0.000397079 0.0395457 0.00617008 0.647699 5.32648e-08 
0.0110739 0.0103834 0.0632506 8.30125e-05 0.557906 0.0919165 3.07074e-05 0.000285621 0.0478588 0.180595 0.036457 0.000159579 
5.71882e-07 0.00272319 0.19768 6.94686e-08 0.00130298 0.0979097 4.06437e-09 9.96982e-06 0.021177 0.0184254 0.660769 2.33612e-06 
8.6099e-08 0.0095243 0.181567 3.05925e-08 0.202882 0.01686 3.5307e-11 2.48552e-08 0.158298 0.230908 0.19996 9.42623e-11 
9.68405e-06 0.00413117 0.0288741 9.21696e-06 0.940106 0.0258184 3.21678e-06 3.33094e-05 0.000356257 0.000348074 0.000302017 8.58814e-06 
8.92584e-07 0.0172888 0.0220314 1.03237e-05 0.013862 0.00451859 1.75056e-07 4.89758e-05 0.0942237 0.6446 0.203365 4.95773e-05 
8.83925e-05 0.000137671 0.00134302 0.000217239 0.865933 0.0119994 7.07512e-07 0.00248554 0.00354923 0.0436804 0.0705174 4.7845e-05 
5.8275e-08 0.0211061 0.00032243 3.15118e-10 0.752712 0.000227479 1.09978e-10 0.000256993 0.0874337 0.00435762 0.133076 0.000507686 
1.57946e-05 0.00250622 0.016602 8.79543e-05 0.889437 0.00839621 1.47761e-05 0.000255069 0.00871047 0.000491321 0.0724511 0.00103174 
1.75154e-06 0.00060829 0.295916 7.28652e-08 0.362398 0.015325 8.13978e-10 0.000843218 0.0129519 0.0131243 0.0263111 0.27252 
0.00394348 0.0278106 0.192827 3.552e-05 0.275032 0.196962 3.97865e-06 7.0396e-05 0.19259 0.108257 0.0024628 5.57843e-06 
9.04716e-11 3.91178e-07 0.446204 1.73077e-08 0.0246465 1.31195e-09 3.00522e-11 1.6155e-07 0.0133347 0.155321 0.360494 8.02333e-11 
2.75989e-07 1.22982e-05 0.0494118 9.79545e-08 1.84579e-05 0.00278786 5.241e-11 7.96682e-08 0.000118613 0.0837992 0.863354 0.000497125 
5.88336e-08 0.0211051 0.000472265 3.16424e-10 0.691469 8.89253e-05 1.10434e-10 0.000133487 0.183459 0.0142442 0.0885207 0.000507529 
0.000328153 7.76611e-05 0.0556048 0.00193599 0.93793 9.90131e-05 1.89985e-07 0.000734173 9.7377e-05 0.000275683 0.00272991 0.000186834 
0.0106556 2.09592e-08 0.0432522 6.61624e-08 0.0137332 0.59989 3.1864e-10 1.89346e-06 0.040414 0.242876 0.0491395 3.82138e-05 
2.43112e-08 0.000681185 0.44696 0.00142707 0.533583 0.000391635 8.07554e-09 0.00028466 0.0146282 1.96458e-05 0.000400448 0.00162417 
0.00244017 0.0039241 0.0542504 1.04709e-05 0.0606414 0.00357856 5.27549e-12 3.23473e-05 0.0135161 0.0828523 0.778631 0.000122741 
9.12631e-07 0.000343527 0.0126044 8.68612e-07 0.922455 0.00322074 3.03152e-07 1.92386e-06 0.0362786 0.0248847 1.68453e-05 0.000191887 
0.000316923 0.0562674 0.0556644 2.14931e-05 0.0244686 0.0384359 9.8054e-09 0.0290065 0.048652 0.0684339 0.678195 0.000537735 
1.13856e-07 0.00228905 0.0779808 5.38202e-06 0.0474175 4.56275e-05 3.782e-08 1.77117e-06 0.0451026 0.75708 0.0699757 0.000101058 
5.44794e-06 3.33829e-05 0.31272 1.3958e-05 0.439539 0.00966618 1.20305e-08 2.60772e-05 0.0103795 0.0188796 0.208576 0.000160774 
3.45277e-06 0.00145753 0.00075633 0.0750984 0.034559 0.00196628 8.78129e-07 1.69497e-05 0.857395 0.00798632 0.0206962 6.34473e-05 
0.00253584 0.0158735 0.0982708 0.00026103 0.0190868 0.28612 3.21031e-06 9.65094e-06 0.155501 0.30942 0.0920472 0.0208709 
0.00084012 0.00448275 0.0129208 0.00486445 0.164515 0.0121477 0.00045831 0.0278777 0.209303 0.163606 0.396795 0.00218972 
1.64188e-06 0.000658837 0.0348593 0.0288077 0.718573 0.00119337 2.95448e-07 0.000184197 0.0649626 0.0754948 0.0229884 0.0522754 
2.70165e-08 7.63561e-05 0.0529297 0.00264776 0.000637011 4.29592e-05 8.97417e-09 1.08127e-07 0.0177878 0.820772 0.105071 3.52899e-05 
5.71882e-07 0.00272319 0.19768 6.94686e-08 0.00130298 0.0979097 4.06437e-09 9.96982e-06 0.021177 0.0184254 0.660769 2.33612e-06 
2.10089e-06 8.18412e-05 0.0270659 3.64216e-05 0.795428 0.00196763 2.78189e-07 9.36302e-05 0.076158 0.0198952 0.0492799 0.0299907 
1.12386e-05 0.00196939 0.0107019 1.96578e-05 9.85728e-06 0.00205431 9.96326e-07 3.69477e-06 0.158918 0.723289 0.103016 6.56065e-06 
0.000286009 0.00206578 0.0265219 0.000358916 0.113763 0.0580131 0.000173782 0.0136658 0.515713 0.107472 0.15106 0.0109058 
0.00244017 0.0039241 0.0542504 1.04709e-05 0.0606414 0.00357856 5.27549e-12 3.23473e-05 0.0135161 0.0828523 0.778631 0.000122741 
7.5239e-06 0.00262832 0.187464 8.39742e-05 0.334005 0.0232659 6.64595e-11 3.83908e-06 0.305626 0.000702209 0.146045 0.000167978 
0.000993108 0.0185152 0.0519174 0.00219225 0.0108074 0.00546409 0.000368149 0.0773066 0.060892 0.351308 0.072964 0.347272 
9.21265e-06 0.00243819 0.0460693 0.000138476 0.0230251 0.106686 1.01883e-09 3.60821e-06 0.0670764 0.009702 0.744852 4.027e-08 
1.12018e-06 2.1527e-05 0.00833266 9.0942e-05 0.0224109 0.911584 9.42146e-08 5.86496e-06 0.00355688 0.0191341 0.0342339 0.000628111 
1.74462e-06 0.000117173 0.0413377 1.73969e-05 0.782998 0.0091519 1.12986e-07 1.57925e-05 0.0231269 0.0868285 0.0484805 0.00792452 
0.00391498 0.0113567 0.0235065 2.38855e-05 0.759618 0.00428248 4.09889e-06 0.000285561 0.111137 0.00337057 0.0813601 0.00114012 
0.00173293 0.00544937 0.255843 0.483271 0.0465836 0.146348 0.00138347 0.00239048 0.00592081 0.0131445 0.0363434 0.00158965 
4.09221e-05 0.00215584 0.125391 2.66329e-06 0.0150744 0.000436403 6.86963e-09 1.12443e-05 0.170109 0.00580319 0.680584 0.000390996 
6.71209e-07 0.000409507 0.806928 1.50836e-07 0.00122606 0.0321979 7.2569e-08 6.61379e-06 0.000211496 0.0741966 0.0846726 0.000150253 
2.73558e-05 0.00171433 0.00231399 2.68814e-05 0.75435 0.00382855 4.00022e-06 0.000149218 0.0628192 5.26497e-06 0.174756 5.69814e-06 
2.55293e-06 3.36655e-06 0.00751791 0.00124416 0.91544 0.0230337 1.77021e-07 0.000234461 0.00351473 0.0343892 0.0143558 0.000263698 
1.08473e-06 2.60111e-07 0.022485 1.55648e-06 0.488829 0.17571 5.54249e-11 1.77743e-07 0.212481 0.0844111 0.0141958 0.00188496 
0.000109463 0.00846066 0.0265036 3.50658e-05 0.798378 0.00710227 2.13962e-05 4.62528e-05 0.0205298 0.00224208 0.136477 9.43867e-05 
3.19349e-06 0.106334 0.00173261 2.59335e-05 0.0201043 0.000778844 2.78961e-07 1.03567e-05 0.832251 3.99899e-07 0.0380338 0.000725919 
1.70761e-09 2.50162e-05 0.0030313 1.62524e-09 0.396174 0.00173603 5.67221e-10 5.58622e-05 0.584975 0.00347344 0.0105293 3.81203e-07 
2.09419e-07 0.000893392 0.127602 1.01056e-08 0.00371805 0.000452403 2.11343e-11 1.63123e-08 0.0502607 0.0188348 0.798216 2.2443e-05 
0.0110739 0.0103834 0.0632506 8.30125e-05 0.557906 0.0919165 3.07074e-05 0.000285621 0.0478588 0.180595 0.036457 0.000159579 
0.000106736 0.013006 0.112726 0.0005856 0.0176432 0.302191 3.43792e-05 0.000162011 0.032631 0.133292 0.386645 0.000976513 
7.01367e-06 3.79972e-05 0.285717 1.29281e-10 0.0100035 0.110726 4.51201e-11 7.25955e-08 0.00615107 0.0901813 0.497176 1.71308e-07 
9.26431e-10 1.30565e-07 0.00165554 8.81746e-10 0.900409 1.40004e-07 3.07736e-10 2.73406e-07 0.0954844 1.20981e-07 0.0024503 8.2159e-10 
9.71141e-06 6.64775e-05 0.24624 0.000290092 0.0419379 0.00280896 3.51416e-09 4.75436e-06 0.0143613 0.0911902 0.602976 0.000115175 
1.99016e-07 0.00103776 0.979181 0.00339074 0.00900169 0.000691517 6.61077e-08 0.000866519 0.00174571 0.00015676 0.000433268 0.00349476 
2.82849e-07 0.0159546 0.551972 0.000355 0.0921303 0.00341361 2.34809e-07 5.91122e-07 0.140002 0.169985 0.024035 0.00215146 
3.74097e-06 6.18272e-05 0.00759522 1.80905e-05 0.135489 0.00132944 9.14987e-08 1.3048e-05 0.0420085 0.782436 0.0310273 1.76039e-05 
6.57979e-08 0.000944804 0.143594 5.99604e-05 0.825242 0.00715679 4.20862e-11 3.78581e-05 0.0153116 0.000315442 0.00733688 1.21452e-06 
6.23407e-06 0.0121477 0.889014 2.21431e-06 1.51538e-05 0.00213231 1.40036e-07 1.7846e-06 2.06055e-05 0.0166671 0.0799922 3.73868e-07 
6.0278e-08 7.94939e-05 0.0495765 1.16647e-09 0.000319518 0.275272 7.80013e-12 2.13641e-07 0.00264651 0.0981794 0.573926 3.38119e-08 
0.00340471 0.000138974 0.00682938 1.87552e-07 0.00358237 0.0187062 4.74983e-08 9.94665e-06 0.155768 0.132215 0.67657 0.00277466 
0.000455504 0.0030332 0.0447032 0.000887548 0.718273 0.164859 9.02846e-05 0.00282002 0.0452707 0.000236337 0.00105806 0.018313 
0.000392947 0.000669363 0.532713 0.000551793 0.0120171 0.0894348 0.000102742 0.0120136 0.0248254 0.0529894 0.273693 0.00059717 
6.65742e-11 0.000234352 0.0156856 0.000133259 0.630887 0.0103361 2.21142e-11 1.64753e-07 0.0741427 0.135085 0.133495 1.35852e-07 
8.43186e-08 9.15224e-06 0.0070143 1.96064e-05 0.969591 7.98367e-05 2.80084e-08 0.000445787 0.0109712 0.00246101 0.00940744 7.47766e-08 
1.26812e-06 7.54429e-05 0.0190841 6.88515e-08 0.0542831 0.00126963 2.03697e-08 8.28694e-06 0.00245011 0.000434098 0.921347 0.00104679 
2.92902e-07 5.64943e-05 0.0110966 0.00326284 0.540469 0.0265976 2.85692e-09 3.37421e-07 0.227559 0.00501974 0.185431 0.000506646 
3.74097e-06 6.18272e-05 0.00759522 1.80905e-05 0.135489 0.00132944 9.14987e-08 1.3048e-05 0.0420085 0.782436 0.0310273 1.76039e-05 
0.00181536 0.000110083 0.000631065 4.26171e-05 0.000952012 0.0533041 1.01368e-05 0.220778 0.0322791 0.681971 0.00807667 3.00242e-05 
6.12097e-05 9.98354e-07 0.021333 2.38857e-05 0.578555 0.00323425 1.91608e-08 5.85358e-05 0.0825659 0.236163 0.0779869 1.73457e-05 
0.000342506 0.00483732 0.0159419 0.000162178 0.796946 0.00178372 4.22165e-05 8.26981e-05 0.134496 0.000178554 0.0424052 0.00278147 
5.8275e-08 0.0211061 0.00032243 3.15118e-10 0.752712 0.000227479 1.09978e-10 0.000256993 0.0874337 0.00435762 0.133076 0.000507686 
1.27551e-07 6.55857e-05 7.73557e-07 1.21399e-07 0.000874532 0.00105404 4.23692e-08 1.05963e-05 2.31514e-05 0.997797 0.000174016 1.13117e-07 
7.17697e-10 0.102992 0.0311622 1.09104e-07 0.0730325 0.0391904 2.384e-10 1.24673e-07 0.373217 0.0534106 0.201715 0.12528 
0.00370062 0.00215414 0.0162179 0.00219359 0.495183 0.00691243 3.10473e-07 4.05682e-06 0.302012 0.00350277 0.168004 0.000114656 
0.00012142 0.000696183 0.251884 6.80603e-05 0.658845 0.00324046 1.96344e-10 0.000476894 0.0411478 0.032003 0.00867703 0.00284117 
2.33481e-10 4.11631e-07 1.2684e-06 8.22436e-07 0.995923 1.32751e-06 7.75562e-11 3.14532e-07 7.46657e-06 0.0040611 3.86658e-06 8.90561e-07 
4.97509e-08 0.013816 0.0813697 1.78191e-08 0.000229966 0.0176542 9.92231e-11 1.4368e-08 0.00129005 0.151 0.73464 2.64905e-10 
3.55827e-05 0.00267111 0.00976312 0.00478096 0.920557 0.000579648 2.64755e-05 9.857e-05 0.0374523 0.000151557 0.0169184 0.00696573 
4.94292e-06 0.00382681 0.0246989 2.71494e-09 0.820292 0.00396972 9.47531e-10 0.00139704 9.95943e-06 0.00579223 0.13999 1.77019e-05 
4.68139e-08 3.78668e-06 0.188838 0.000167516 0.00859807 0.278386 6.58146e-12 2.48316e-08 0.00144039 1.18976e-06 0.522562 2.54847e-06 
2.43903e-07 1.22194e-05 0.00161548 0.204403 0.786228 0.00178976 8.1018e-08 0.00485354 0.0010732 8.2597e-06 3.44288e-06 1.21521e-05 
1.28599e-06 0.000554046 0.0299678 3.98254e-08 0.921661 0.000679623 1.38993e-08 1.36202e-06 0.0137374 0.0135722 0.0185086 0.00131706 
0.000774631 5.89548e-05 0.0219412 9.35978e-05 0.728793 0.0664493 6.35771e-08 0.00032082 0.0547253 0.118997 0.00784511 1.69738e-07 
4.96497e-05 0.00208728 0.0250638 4.51124e-06 0.464812 0.00913621 1.00904e-09 1.5961e-05 0.354208 0.00751941 0.137103 2.84309e-07 
0.000136026 0.211263 0.268236 2.29644e-08 0.00294607 0.018753 4.21605e-12 1.86886e-08 0.0122298 0.00525573 0.48118 1.1256e-11 
1.1221e-05 0.000127465 0.00203219 0.000109995 0.280485 0.00335678 3.19917e-07 6.92735e-06 0.0325185 0.608726 0.0726114 1.41423e-05 
1.88283e-08 3.07491e-05 0.995641 1.79202e-08 0.000281625 0.000928313 6.25427e-09 5.95691e-05 0.000132038 0.00141591 0.00121863 0.000292225 
2.01845e-06 0.95295 0.019538 8.05979e-07 0.000393123 0.000722522 7.05089e-09 4.12549e-06 0.011107 0.00232972 0.012941 1.11997e-05 
0.000373591 0.00530747 0.0169329 0.00563212 0.927685 0.000963461 3.91882e-05 0.000542538 0.0290305 0.011841 0.000177166 0.00147505 
4.77219e-07 2.11575e-05 0.0565561 1.70822e-07 0.00912273 0.507326 8.95097e-10 2.66411e-05 0.0164406 0.149789 0.260698 1.85359e-05 
0.000147981 6.83195e-06 0.0762694 0.00446298 0.46477 0.092382 3.51443e-06 0.00018979 0.036815 0.295386 0.0292719 0.00029441 
6.1244e-07 0.000160838 0.0530377 5.82901e-07 0.589211 0.00225882 2.03436e-07 9.66635e-06 0.172724 0.174854 0.0077417 5.43133e-07 
1.57829e-05 3.05545e-05 0.00751158 4.89941e-06 0.856909 0.0182703 1.45088e-06 9.00092e-05 0.000241259 7.95819e-05 0.116843 2.35546e-06 
1.81291e-05 0.00681471 0.463283 1.0878e-05 0.0712062 0.334143 8.77935e-07 0.00245789 0.0040256 0.0181236 0.099881 3.49901e-05 
1.70074e-09 8.80532e-06 0.753939 1.61871e-09 0.109888 0.135992 5.6494e-10 1.43882e-06 4.03401e-05 5.22883e-05 7.70999e-05 1.50827e-09 
8.13155e-08 0.00178323 0.0278727 7.73934e-08 0.219028 0.000507013 2.70108e-08 7.78153e-07 0.726685 0.00707061 0.0164407 0.000612041 
1.61283e-09 0.000763894 0.0137482 2.21954e-07 0.949338 0.00305141 5.35739e-10 3.96174e-07 0.0307339 8.42923e-07 0.00236181 1.54179e-06 
0.000579989 0.00107528 0.0424047 0.00152369 0.771676 0.0217141 1.88296e-05 0.000513889 0.0109714 0.0302359 0.118423 0.000863702 
1.76629e-06 1.59819e-06 0.0198438 2.55144e-07 0.00944704 0.000172928 8.9047e-08 2.92115e-05 0.87403 0.00415235 0.0923207 2.37737e-07 
3.00742e-07 3.87966e-07 5.31521e-06 1.8082e-06 0.0407304 0.953641 2.82243e-07 1.40926e-06 0.000174686 2.24503e-05 0.0053858 3.626e-05 
1.57829e-05 3.05545e-05 0.00751158 4.89941e-06 0.856909 0.0182703 1.45088e-06 9.00092e-05 0.000241259 7.95819e-05 0.116843 2.35546e-06 
1.70761e-09 2.50162e-05 0.0030313 1.62524e-09 0.396174 0.00173603 5.67221e-10 5.58622e-05 0.584975 0.00347344 0.0105293 3.81203e-07 
1.99201e-11 8.50322e-05 0.131134 2.27702e-08 0.730379 2.43393e-07 6.61693e-12 7.11345e-08 0.0230095 0.0787279 0.0360679 0.000596491 
9.04716e-11 3.91178e-07 0.446204 1.73077e-08 0.0246465 1.31195e-09 3.00522e-11 1.6155e-07 0.0133347 0.155321 0.360494 8.02333e-11 
1.67838e-07 0.000234512 0.00382373 0.000228995 0.862749 0.00491673 5.57515e-08 3.20083e-05 0.0137978 0.0268947 0.0873179 4.33866e-06 
1.20761e-07 3.23055e-05 0.535049 1.78309e-09 0.275439 0.0103524 6.22312e-10 0.00450114 0.00352359 0.0321758 0.138885 4.1916e-05 
2.42276e-07 0.000307092 0.10484 9.26763e-06 0.155344 0.0322559 3.65065e-08 7.47641e-06 0.0315518 0.00686561 0.668055 0.000762887 
0.000576581 0.0880116 0.0383137 1.38195e-06 0.0989273 0.0177941 4.82311e-07 0.000268468 0.00624146 0.00318219 0.152085 0.594598 
0.0110739 0.0103834 0.0632506 8.30125e-05 0.557906 0.0919165 3.07074e-05 0.000285621 0.0478588 0.180595 0.036457 0.000159579 
1.226e-06 1.53625e-05 0.0160276 4.81008e-06 0.857019 0.00112051 1.15352e-08 1.33814e-05 0.0540594 0.0234756 0.0434543 0.00480873 
1.75154e-06 0.00060829 0.295916 7.28652e-08 0.362398 0.015325 8.13978e-10 0.000843218 0.0129519 0.0131243 0.0263111 0.27252 
3.7464e-07 9.20945e-06 0.198509 2.33165e-07 0.231852 0.0487615 2.39271e-11 4.06132e-07 0.112241 0.218922 0.189703 1.40543e-06 
9.04716e-11 3.91178e-07 0.446204 1.73077e-08 0.0246465 1.31195e-09 3.00522e-11 1.6155e-07 0.0133347 0.155321 0.360494 8.02333e-11 
1.09363e-09 6.45363e-07 0.273992 1.04088e-09 0.323199 0.00720437 3.63273e-10 1.05729e-07 0.0490102 0.166183 0.18041 1.10342e-06 
1.85338e-10 9.59562e-07 1.95574e-05 1.78163e-08 0.797306 0.0169806 6.15645e-11 0.000329428 0.0870464 5.69813e-06 0.0983115 1.64365e-10 
5.9776e-10 2.81454e-07 0.315456 9.198e-07 0.530563 0.00503379 1.9856e-10 0.00026248 0.0985926 0.000494825 0.00948415 0.0401116 
0.00522398 8.04216e-07 0.0928155 0.00787612 0.245606 0.390626 8.04099e-07 0.00273479 0.0957126 0.117099 0.0369191 0.00538527 
1.57829e-05 3.05545e-05 0.00751158 4.89941e-06 0.856909 0.0182703 1.45088e-06 9.00092e-05 0.000241259 7.95819e-05 0.116843 2.35546e-06 
0.000170431 0.000993601 0.975408 0.000144837 0.00695319 0.00050583 2.02116e-08 0.000882413 0.000627556 0.0059475 0.00261423 0.00575227 
2.20096e-09 1.38606e-07 0.454019 7.97622e-07 0.0519999 0.158466 7.31101e-10 4.7679e-08 0.0698579 0.0637098 0.201946 1.95189e-09 
1.06656e-05 0.0322893 0.0255603 8.67212e-06 0.792 0.00678817 4.16616e-07 5.71096e-06 0.0230801 0.0697365 0.0504993 2.03495e-05 
0.000118057 0.000913521 0.006414 0.148802 0.0856109 0.111939 1.58272e-06 0.00172093 0.570677 0.0688223 0.00346106 0.00152036 
1.08473e-06 2.60111e-07 0.022485 1.55648e-06 0.488829 0.17571 5.54249e-11 1.77743e-07 0.212481 0.0844111 0.0141958 0.00188496 
0.000293996 2.50708e-05 0.00831303 0.00493585 0.819517 0.00181373 3.13073e-07 0.000180744 0.0472469 0.0856696 0.0317318 0.000272538 
1.20761e-07 3.23055e-05 0.535049 1.78309e-09 0.275439 0.0103524 6.22312e-10 0.00450114 0.00352359 0.0321758 0.138885 4.1916e-05 
8.71616e-05 0.000284892 0.143108 0.00105669 0.569056 0.13326 2.32722e-05 0.000205029 0.0209202 0.0606728 0.0674251 0.00390085 
0.000316923 0.0562674 0.0556644 2.14931e-05 0.0244686 0.0384359 9.8054e-09 0.0290065 0.048652 0.0684339 0.678195 0.000537735 
1.70761e-09 2.50162e-05 0.0030313 1.62524e-09 0.396174 0.00173603 5.67221e-10 5.58622e-05 0.584975 0.00347344 0.0105293 3.81203e-07 
5.99297e-05 2.01731e-05 0.172229 0.000764876 0.764289 0.0117159 6.44876e-08 0.00140134 0.000934256 0.000503472 0.048037 4.52014e-05 
0.000127993 2.50362e-05 0.0467014 3.36956e-06 0.697167 0.0045055 5.62962e-09 3.315e-05 0.0546073 0.0339193 0.113004 0.0499051 
3.24152e-07 1.69352e-05 0.00432231 0.000381696 0.989942 1.35377e-07 9.62563e-08 0.000363911 5.67354e-07 1.26483e-06 1.57532e-07 0.00497055 
4.46283e-05 0.000905472 0.0563759 0.000141068 0.114384 0.0442821 4.72797e-06 0.00276317 0.155103 0.0495042 0.558445 0.0180462 
0.0012744 7.24126e-09 0.385941 1.33011e-10 0.173051 0.00227919 4.64216e-11 0.00120331 0.172488 0.103284 0.0162452 0.144234 
6.12735e-05 0.0235856 0.279936 0.000329229 0.196453 0.0564659 1.73476e-06 0.000206064 0.0620064 0.190803 0.190052 0.000100406 
0.0116506 0.0225111 0.0960986 5.43091e-05 0.466676 0.00497459 5.34323e-05 0.000103434 0.139353 0.0176138 0.240781 0.000129612 
2.13882e-07 3.61633e-06 4.89837e-06 2.03566e-07 0.000102209 1.77367e-05 7.1046e-08 6.77128e-07 0.998646 4.5991e-05 5.53724e-05 0.00112283 
2.10847e-05 0.00159663 0.207883 2.66539e-05 0.0196447 0.0289444 1.53685e-07 0.00438115 0.176997 0.129687 0.430818 3.86263e-07 
0.00078409 0.00165168 0.0411381 1.38328e-05 0.0285704 0.00313475 6.80707e-08 1.5231e-05 0.224422 0.0352131 0.664879 0.000178038 
9.2135e-08 1.11455e-05 2.84495e-05 0.0361897 0.5632 0.0831374 3.06048e-08 2.88428e-05 0.317281 2.16685e-05 9.72438e-05 4.85344e-06 
9.54691e-11 0.000924133 0.000452104 1.17914e-07 0.0037674 0.058001 3.17123e-11 5.32387e-06 0.926627 0.010223 1.08053e-07 8.46653e-11 
0.00244017 0.0039241 0.0542504 1.04709e-05 0.0606414 0.00357856 5.27549e-12 3.23473e-05 0.0135161 0.0828523 0.778631 0.000122741 
1.50725e-06 0.00131772 5.1152e-07 0.00760402 0.68391 0.0143781 4.6787e-11 2.25041e-07 0.193343 3.97587e-06 0.0994412 1.24912e-10 
1.44393e-05 0.000354948 0.00010582 2.64234e-09 0.998876 4.38068e-05 9.22194e-10 1.56531e-05 0.000115974 0.00013041 0.00028898 5.41679e-05 
9.97186e-05 0.000252823 0.323645 2.65303e-06 0.199985 0.00299046 8.54713e-11 0.000384242 0.0381512 0.272058 0.0874915 0.0749393 
2.79659e-10 2.3373e-05 0.324882 2.6617e-10 0.155755 6.54523e-07 9.28952e-11 1.63809e-06 0.0593592 0.264024 0.195952 1.98433e-06 
3.48075e-08 0.00118858 0.535942 1.24173e-08 0.00158405 0.0079674 4.18332e-11 6.50244e-06 0.0234678 0.0361256 0.393717 6.58766e-07 
3.87488e-08 0.00315571 0.0131486 1.75869e-06 0.81742 8.67317e-05 1.28713e-08 0.00160438 0.0485054 0.0283549 0.0864917 0.00123025 
9.2135e-08 1.11455e-05 2.84495e-05 0.0361897 0.5632 0.0831374 3.06048e-08 2.88428e-05 0.317281 2.16685e-05 9.72438e-05 4.85344e-06 
2.04318e-06 0.000126686 0.0390243 0.000367397 0.0632137 0.0440092 2.5927e-09 3.92693e-07 0.0189086 0.000741871 0.833606 1.05159e-07 
1.12957e-09 0.000184997 0.125755 0.0156619 0.302792 0.414256 3.75213e-10 0.00158666 7.35325e-07 3.66465e-07 0.139762 1.00174e-09 
3.85038e-05 0.000744067 0.0151887 0.00011499 0.915432 0.0133815 1.98113e-08 6.35097e-06 0.0447897 0.000144862 0.0100981 6.14212e-05 
2.13882e-07 3.61633e-06 4.89837e-06 2.03566e-07 0.000102209 1.77367e-05 7.1046e-08 6.77128e-07 0.998646 4.5991e-05 5.53724e-05 0.00112283 
6.64106e-09 6.3534e-07 0.0105444 6.32074e-09 0.984302 1.9962e-06 2.20598e-09 0.00013116 0.00206786 0.00222293 0.000729408 5.88951e-09 
5.16882e-07 0.00516123 0.0279329 0.000263135 0.42828 0.131775 2.52241e-07 0.000481536 0.365218 0.000375823 0.0389189 0.00159233 
5.959e-05 0.0323469 0.0476156 5.28011e-05 0.148997 0.0228497 7.19522e-06 0.0302405 0.436305 0.00560638 0.275632 0.000288348 
0.000291797 0.00215759 0.203104 9.1e-05 0.417069 0.132497 8.61696e-05 0.0209522 0.0594244 0.0545756 0.109198 0.000553459 
1.90178e-07 4.64947e-06 0.00835826 1.02996e-09 0.0553637 0.00606466 3.59462e-10 1.37554e-05 0.34788 0.0290377 0.538334 0.0149423 
5.27024e-08 1.29554e-06 0.110387 9.64436e-12 0.179834 0.0173804 3.36595e-12 0.000314287 0.0107522 0.0145181 0.665132 0.00168073 
1.70761e-09 2.50162e-05 0.0030313 1.62524e-09 0.396174 0.00173603 5.67221e-10 5.58622e-05 0.584975 0.00347344 0.0105293 3.81203e-07 
4.59778e-05 7.84689e-08 0.34937 1.01752e-09 0.18207 0.231517 3.55123e-10 4.75951e-07 0.0898227 0.111452 2.28069e-06 0.0357194 
0.00181536 0.000110083 0.000631065 4.26171e-05 0.000952012 0.0533041 1.01368e-05 0.220778 0.0322791 0.681971 0.00807667 3.00242e-05 
4.57101e-06 0.00169919 0.0301901 0.000156051 0.897991 0.00803855 1.09198e-06 0.000225688 0.0354691 0.00733334 0.018548 0.000343575 
6.29765e-10 6.22418e-05 0.0135911 4.25584e-07 0.0948169 0.00575594 2.09191e-10 2.19391e-07 0.794668 0.0232682 0.0678367 2.19756e-07 
5.32214e-08 0.0974902 0.438879 7.19045e-05 0.00103784 0.00160434 2.72287e-11 1.53644e-08 0.000134856 0.0259279 0.434853 6.52302e-07 
0.00406498 0.0065396 0.0804091 1.74122e-05 0.0799606 0.00596401 1.88802e-12 5.38727e-05 0.0184144 0.0331059 0.771266 0.000204424 
0.000106656 0.0326929 0.18145 0.00264385 0.155426 0.0495192 3.6563e-05 0.0705976 0.182877 0.0141441 0.310277 0.000229257 
0.000517746 0.000271348 0.104767 5.37714e-05 0.784659 0.00500817 1.46965e-05 0.000777752 0.0584286 0.0223466 0.00567465 0.0174805 
0.00601156 0.00445849 0.0342185 5.00008e-06 0.0340321 0.00263564 6.00983e-08 1.57539e-05 0.0260598 0.0497799 0.842725 5.85069e-05 
7.2098e-07 0.000693101 0.0368407 3.42931e-10 0.145016 0.214775 1.19685e-10 5.07959e-07 0.00437801 0.510725 0.087571 3.19535e-10 
1.21947e-08 5.24978e-08 0.0109164 1.7434e-07 0.816749 0.000964115 4.05077e-09 1.3635e-05 0.0631045 0.0808733 0.027377 1.59031e-06 
0.000117973 0.00509839 0.546863 0.0016348 0.211297 0.0158633 7.74333e-05 0.000470793 0.0279114 0.00864268 0.180045 0.00197787 
4.63797e-10 0.000516052 0.0370361 2.86591e-07 0.0338066 4.27087e-06 1.54061e-10 8.21353e-05 0.0148744 0.907452 0.0052909 0.000936803 
0.000858337 0.00346582 0.187457 0.000297727 0.463731 0.0205532 0.000213698 0.00134149 0.129471 0.0379588 0.151473 0.00317855 
5.8275e-08 0.0211061 0.00032243 3.15118e-10 0.752712 0.000227479 1.09978e-10 0.000256993 0.0874337 0.00435762 0.133076 0.000507686 
0.00104957 1.6796e-05 0.0144331 0.827465 0.0430463 0.0908707 1.51135e-06 0.000664901 0.00975948 0.00603583 0.00569766 0.000959425 
4.56974e-06 0.00170608 0.187839 7.40448e-05 0.27556 0.232494 3.9053e-10 7.40512e-07 0.11683 0.099855 0.0846096 0.00102655 
7.296e-08 0.000107153 0.000552275 6.94409e-08 0.935303 0.000302872 2.42353e-08 1.67777e-05 0.0637062 7.62415e-06 3.75687e-06 6.47034e-08 
1.12761e-09 1.49458e-06 0.0366073 0.000111072 0.426712 0.00674283 3.74563e-10 4.69027e-07 0.213738 2.90798e-06 0.316083 6.41766e-07 
1.63869e-05 0.0491142 0.203261 3.07372e-07 0.00182648 0.00129302 1.20086e-11 4.38335e-06 0.00499834 0.390525 0.348867 9.39037e-05 
3.48075e-08 0.00118858 0.535942 1.24173e-08 0.00158405 0.0079674 4.18332e-11 6.50244e-06 0.0234678 0.0361256 0.393717 6.58766e-07 
3.00742e-07 3.87966e-07 5.31521e-06 1.8082e-06 0.0407304 0.953641 2.82243e-07 1.40926e-06 0.000174686 2.24503e-05 0.0053858 3.626e-05 
1.75154e-06 0.00060829 0.295916 7.28652e-08 0.362398 0.015325 8.13978e-10 0.000843218 0.0129519 0.0131243 0.0263111 0.27252 
1.40198e-11 0.000200499 0.796619 0.000199241 0.0469433 0.00975878 4.65701e-12 6.78919e-09 0.00916811 0.0168166 0.120294 1.24332e-11 
0.000391146 0.000347062 0.246391 0.0968308 0.524425 0.0989876 0.000105083 0.000942395 0.0132689 0.00345471 0.0146604 0.000195522 
0.000633803 0.00337985 0.00336917 0.000827197 0.902651 0.00222945 0.000265101 0.000486473 0.0768369 0.00163173 0.00733022 0.000358776 
2.95998e-10 2.41728e-07 0.00628778 3.10175e-07 0.963622 2.59282e-07 9.83227e-11 9.28044e-08 0.0200728 2.2401e-07 0.0100164 2.62501e-10 
6.82221e-05 0.188038 0.0152037 0.0024473 0.0336651 0.0124076 4.35343e-06 4.30894e-05 0.07561 0.0116217 0.658801 0.00209095 
6.78235e-07 2.89266e-05 0.0542506 6.45521e-07 0.733296 0.000848031 2.25291e-07 3.30274e-06 0.205223 0.00191311 0.00442178 1.30439e-05 
5.55737e-10 9.69462e-07 0.0106126 2.12102e-07 0.32057 6.65462e-06 1.84601e-10 1.56834e-07 0.459449 0.202956 0.00640241 8.38331e-07 
2.52673e-05 0.000100292 0.138642 0.00136684 0.321396 0.019098 8.04737e-06 0.0206772 0.00843835 0.240549 0.237885 0.0118138 
1.70761e-09 2.50162e-05 0.0030313 1.62524e-09 0.396174 0.00173603 5.67221e-10 5.58622e-05 0.584975 0.00347344 0.0105293 3.81203e-07 
4.80347e-08 0.0112187 0.0768837 6.0661e-08 0.768874 0.00512985 3.06784e-12 0.00116127 0.0442139 4.33831e-07 0.0904633 0.00205445 
0.000260576 0.149208 0.316563 3.55324e-10 0.00879188 0.324625 1.24011e-10 8.96369e-07 0.0443056 0.0401612 0.107438 0.00864539 
5.98564e-06 0.112874 1.01094e-05 5.57832e-06 0.866544 3.39717e-06 9.64919e-07 5.19777e-06 1.7378e-05 2.33793e-06 0.020528 3.24906e-06 
0.000680714 2.09675e-07 0.0392835 0.104412 0.613348 3.05514e-06 5.35435e-10 5.55871e-07 0.220435 0.0218139 1.9013e-05 3.43223e-06 
0.000261604 4.15812e-05 0.356159 1.25519e-05 0.0911537 0.0141127 1.01307e-06 0.000218925 0.0957093 0.12538 0.312613 0.00433582 
1.94975e-07 0.00142317 0.731939 1.66012e-06 0.177177 0.00944641 3.23666e-11 0.00190955 0.0171804 0.0056182 0.0553025 1.71105e-06 
1.66651e-05 0.00074288 0.00118023 5.91107e-06 0.0127658 0.976471 1.08522e-09 4.81047e-06 0.00697419 0.000795318 0.00104343 2.89731e-09 
6.98544e-05 0.00326441 0.495452 0.000338292 0.0388016 0.0717191 4.97859e-05 0.0826775 0.00817704 0.00662758 0.292728 9.42457e-05 
4.90769e-05 0.0011858 0.000353557 0.000644466 0.93069 0.0031823 2.83828e-07 5.25509e-05 0.000387456 0.0208773 0.0423955 0.000181687 
8.26646e-09 2.12722e-06 0.0025953 1.62194e-07 0.987648 2.53215e-07 2.7459e-09 4.85065e-07 0.00888473 0.000570239 0.000297123 1.50522e-06 
8.03414e-06 0.205482 0.193606 1.30692e-06 0.0246698 0.407315 3.27306e-08 1.39443e-05 0.034052 0.0220258 0.11273 9.61335e-05 
1.52118e-09 1.66569e-06 0.0400806 1.44781e-09 0.45963 5.46036e-06 5.05296e-10 8.10454e-07 0.491657 6.29543e-06 4.30434e-06 0.00861373 
2.43036e-05 0.001053 0.0810224 9.02909e-06 0.752194 0.0204341 2.28878e-07 1.82154e-05 0.000166694 0.0566121 0.0884643 2.05039e-06 
1.09607e-09 2.8273e-06 0.00011874 0.076509 0.861073 7.67649e-05 3.64085e-10 0.00202032 4.84971e-06 9.81671e-06 0.0601848 9.72031e-10 
0.00295337 0.0179184 0.0829588 0.0206185 0.471854 0.076346 8.22549e-05 0.00137916 0.0895983 0.00770124 0.228373 0.000217495 
0.000595353 6.9205e-05 0.934984 5.20432e-05 0.0018031 0.00216028 1.28548e-05 3.39133e-05 0.00427488 0.044748 0.0107945 0.000471957 
2.16263e-05 0.00222905 0.0652514 1.24287e-06 0.00211646 0.293656 2.23319e-07 1.52132e-06 0.0757095 0.0215415 0.539127 0.000344568 
2.18387e-10 5.71066e-06 0.179449 6.55424e-09 9.26072e-05 0.240748 7.25424e-11 1.34947e-08 0.000128832 0.00863342 0.570942 1.93673e-10 
6.50433e-05 0.000502125 0.519273 1.24393e-05 0.056119 0.0104933 1.82729e-06 0.0209488 0.0463105 0.239554 0.0384629 0.0682564 
3.17317e-07 1.33991e-05 0.0855731 0.000531795 0.118975 0.0372016 5.21655e-08 2.19871e-05 0.361632 0.00924013 0.382556 0.00425515 
0.00128071 9.06446e-06 0.0459724 0.000218779 0.944935 0.00143226 2.31311e-08 0.000403396 0.00107849 0.001302 0.00334614 2.18083e-05 
1.26812e-06 7.54429e-05 0.0190841 6.88515e-08 0.0542831 0.00126963 2.03697e-08 8.28694e-06 0.00245011 0.000434098 0.921347 0.00104679 
1.59876e-08 4.01901e-05 0.826468 1.62647e-05 0.00874147 0.0174307 3.80149e-09 6.29095e-06 0.0249265 0.0591281 0.0579789 0.00526316 
0.000881062 0.000815999 0.569644 0.00323876 0.183937 0.00902385 0.000429528 0.000435147 0.0160431 0.144046 0.0710733 0.000431831 
1.28538e-05 0.00141407 0.292305 8.83304e-06 0.298972 0.0920614 6.79026e-07 2.14479e-05 0.187813 0.0838112 0.0433304 0.00024908 
7.32693e-07 0.000146764 0.000518547 0.00025016 0.965559 5.92117e-07 2.43381e-07 1.33172e-05 0.0211124 0.000518559 0.0118794 6.49777e-07 
0.00360402 0.00319048 0.579754 6.13241e-05 0.0319504 0.00200588 2.63555e-05 0.000172833 0.0230954 0.0635978 0.29182 0.000721438 
0.0521255 0.00999851 1.10981e-05 0.0277327 1.1097e-05 0.0455111 1.10955e-05 0.00555896 0.625956 0.0710351 0.147622 0.0144272 
0.000164146 1.35644e-05 0.273738 3.17109e-07 0.00762003 0.00761841 1.10673e-07 2.62628e-05 0.0317116 0.155437 0.509346 0.0143244 
0.000101604 1.48655e-05 0.189989 0.00278711 0.17993 0.527283 4.18156e-08 0.000415165 0.00322994 0.00159642 0.094574 7.89503e-05 
6.22573e-05 0.00661279 0.167467 8.53633e-05 0.218637 0.0497723 5.40769e-06 5.87569e-06 0.242269 0.21991 0.0944178 0.000755436 
0.00841352 0.0195843 0.182275 0.000137954 0.213476 0.0729171 9.00326e-05 0.000501514 0.0500368 0.00703423 0.445361 0.000171738 
2.25151e-08 1.18436e-06 0.0108111 2.37903e-06 0.637977 0.00109501 7.47893e-09 0.000834981 0.09963 0.116807 0.13198 0.000861328 
5.59267e-09 6.2269e-08 0.0296262 5.32292e-09 0.842257 1.4131e-05 1.85773e-09 0.00269307 0.0851308 0.0180561 0.0222222 4.95977e-09 
6.0131e-05 0.00766663 0.01677 0.00188615 0.802828 0.00693211 3.32814e-06 0.0021563 0.0668042 0.0469416 0.0478812 7.06792e-05 
0.000460847 0.000265726 0.0895301 4.84955e-05 0.0157845 0.121733 3.07586e-05 0.141534 0.145725 0.455291 0.026195 0.00340143 
4.65497e-07 0.0306431 0.036358 9.03648e-06 0.602827 0.00085137 1.97194e-07 0.000360273 0.0898795 0.0677959 0.0961102 0.0751645 
1.21477e-09 0.000101527 0.131048 1.15618e-09 0.262562 0.00455177 4.03514e-10 7.11546e-06 0.150416 0.0926727 0.339669 0.0189714 
4.87065e-07 0.000186953 0.077935 3.20094e-06 0.0173015 0.13479 1.71989e-08 3.02558e-05 0.00521541 0.176913 0.587594 3.04316e-05 
0.288614 0.000410764 0.0195905 0.00926399 0.395759 0.0382905 1.98385e-06 0.000280038 0.0891034 0.0336685 0.124668 0.000349844 
9.71141e-06 6.64775e-05 0.24624 0.000290092 0.0419379 0.00280896 3.51416e-09 4.75436e-06 0.0143613 0.0911902 0.602976 0.000115175 
3.20304e-05 0.00426371 0.00621415 5.09689e-08 0.0294702 0.00449351 1.77885e-08 1.19259e-07 0.0671764 0.782157 0.10608 0.000112997 
