1.41088e-05 6.49964e-05 0.0537114 8.31705e-05 0.617838 0.024667 0.000237918 1.14402e-05 0.014397 0.212099 0.0765162 0.000359432 
0.000104043 0.0156084 0.18813 7.19302e-05 0.0207188 0.0371647 0.00390834 2.86418e-05 0.116694 0.0438819 0.573497 0.000192285 
0.000125252 2.91113e-06 0.608595 2.48525e-06 0.014572 0.172447 0.00173872 2.44337e-06 0.00166271 0.199018 0.00110368 0.000729585 
0.000525544 4.59856e-05 0.0539133 8.36736e-09 0.00144334 0.0127775 0.000294292 7.17002e-09 0.0791485 0.112821 0.739031 6.07868e-08 
0.00030078 0.000231452 0.0301328 0.000207874 0.00919934 0.0368884 0.0277221 3.51576e-07 0.796967 0.0464221 0.0472219 0.00470553 
0.000900034 0.00190127 0.0966122 0.00548721 0.0564767 0.164264 0.0171182 6.08708e-05 0.0168384 0.0239428 0.614318 0.0020797 
0.00127856 0.0106356 0.244642 0.013343 0.0309682 0.0170332 0.00479145 0.000474949 0.0540459 0.501693 0.120207 0.000888045 
0.000408865 0.0132401 0.115887 0.00089962 0.578762 0.0425257 0.000557252 0.000220953 0.0258339 0.0771799 0.144149 0.000335689 
0.014776 0.00806672 0.153136 6.82009e-05 0.1218 0.0199871 0.00804822 3.78369e-05 0.240816 0.0577088 0.375503 5.23692e-05 
0.000151895 0.0176543 0.022826 0.000119835 0.0407314 0.151529 0.000993205 1.1187e-06 0.281251 0.0395405 0.43998 0.00522251 
1.18635e-09 0.000243665 0.00415117 1.08487e-06 0.0099459 0.00174238 3.94074e-10 3.71585e-10 0.423514 0.238061 0.322341 4.14149e-07 
0.0012244 0.00162755 0.181322 0.000314786 0.119326 0.0525234 0.0768397 0.000250326 0.00440587 0.00761421 0.551418 0.003134 
7.66182e-05 7.2294e-05 0.383391 0.184122 0.00684617 0.330067 0.0251559 5.68908e-05 0.0382394 0.00174239 0.0287382 0.00149259 
0.00102254 0.00681124 0.03004 0.00154006 0.0044717 0.13543 0.0303816 6.76754e-05 0.035397 0.107227 0.646613 0.000998262 
0.00604063 0.428129 0.042371 0.00107679 0.0358765 0.0277343 0.0158535 0.000860731 0.330244 0.0204084 0.0880108 0.00339503 
0.000409978 2.48654e-07 0.0446086 2.5789e-06 0.012894 2.0148e-05 0.00774897 6.8302e-08 0.0330232 0.000198236 0.899738 0.00135623 
0.000452025 0.00966706 0.176065 0.000118769 0.0190548 0.351679 0.00812981 8.63479e-05 0.0594832 0.0126753 0.36229 0.000299081 
1.97645e-05 0.00491575 0.118084 0.000161658 0.703131 0.068783 0.000148925 1.855e-05 0.0841689 0.0121192 0.00812751 0.000321422 
3.21916e-06 0.0532077 0.190203 0.00473773 0.0258107 0.0369829 0.0110393 4.4336e-08 0.0378508 0.0311629 0.608799 0.000201702 
0.000995603 0.00364636 0.515158 0.000160291 0.00211299 0.172564 0.0063502 3.05759e-05 0.054029 0.026506 0.217965 0.0004825 
8.65498e-08 0.000154195 0.0010046 8.23753e-08 0.96476 0.000299491 0.000186901 2.71088e-08 0.0321754 0.00116675 0.000236833 1.54278e-05 
0.00740254 0.0653359 0.156379 0.000241941 0.239698 0.0413018 0.00310701 0.000228575 0.192761 0.0787373 0.214099 0.000707838 
0.000593726 4.34123e-05 0.00959447 4.85221e-07 0.63011 0.0585491 0.000208638 1.59681e-07 0.0151465 0.259196 0.0215365 0.00502139 
1.02501e-06 0.00256695 0.066896 8.93698e-07 0.0156209 0.0210361 1.03888e-06 3.27072e-10 0.108305 0.0952671 0.690305 9.26065e-10 
0.00132521 0.0163433 0.125378 0.00433314 0.0111459 0.472702 0.0115676 8.23652e-05 0.132602 0.0471795 0.177153 0.000188491 
4.71489e-08 0.148141 0.000121562 4.48748e-08 0.000465297 0.120172 0.00338788 1.47678e-08 0.65758 0.000655877 0.0694694 7.6498e-06 
0.00305112 0.0264527 0.201744 8.97424e-06 0.00992515 0.0509793 0.00674417 2.58681e-06 0.0791506 0.371006 0.243775 0.00715994 
2.0881e-05 0.000412746 0.0243879 1.37849e-08 0.00501809 0.000395091 3.98418e-08 1.18106e-08 0.123865 0.00276594 0.843134 1.00123e-07 
1.35589e-05 6.16856e-05 0.0156667 1.11539e-06 0.775371 0.010497 4.44029e-05 3.67064e-07 0.13094 0.0520386 0.0103158 0.00504969 
5.7057e-05 0.00281253 0.035202 3.26462e-09 0.0332127 0.116123 0.000575655 1.07435e-09 0.600984 0.161834 0.0480716 0.00112815 
4.6582e-07 0.0121515 0.0302344 6.54642e-05 0.00878071 0.0442248 8.38517e-06 2.3639e-07 0.0153727 0.00413452 0.885023 3.71525e-06 
0.000932332 0.00029108 0.000543643 0.000101689 0.100755 0.000805169 0.000547482 6.24176e-05 0.0271668 0.861547 0.000911782 0.00633532 
0.000287775 0.00706587 0.0693052 0.00190639 0.0220002 0.403901 0.0274406 0.000115973 0.0339338 0.307041 0.120044 0.00695708 
3.45566e-05 0.00150534 0.0269637 0.948525 0.00299899 0.00113662 0.00181902 1.24038e-05 0.0143381 0.000888274 0.00170289 7.49709e-05 
7.32759e-05 0.00332089 0.367225 0.000657819 0.223309 0.0449667 0.000696893 6.06263e-05 0.0729662 0.0122618 0.104368 0.170094 
0.00572998 0.000760749 0.173689 0.00350545 0.107564 0.0225316 0.0257424 0.000350862 0.160828 0.0992505 0.39933 0.000717739 
0.000134431 0.0023121 0.238415 0.625302 0.000962956 0.0345018 0.00114686 2.48383e-06 0.053094 0.00144058 0.0423797 0.000307362 
0.000629782 0.00667715 0.0448707 0.000965508 0.246363 0.045725 0.106062 0.000271981 0.0982974 0.0170564 0.432668 0.000412835 
0.000998657 0.0606493 0.0184761 0.0195327 0.052256 0.028459 0.00787246 0.000244137 0.672041 0.00784605 0.131135 0.000489207 
3.79586e-05 0.00247401 0.224489 9.68265e-06 0.0257851 0.0769062 0.000843538 2.26118e-06 0.00682847 0.089978 0.572608 3.74612e-05 
2.96473e-05 0.013241 0.00067376 1.62334e-05 0.042482 0.0287285 0.0016145 2.75497e-06 0.846487 0.00216984 0.0643965 0.000157917 
0.000749136 0.0410868 0.00906447 3.45858e-05 0.0318776 0.120878 0.00333456 3.17803e-05 0.0501979 0.00764823 0.735014 8.29103e-05 
0.00210543 0.0101189 0.0385093 0.00138603 0.440926 0.0251294 0.00108747 4.76926e-05 0.111022 0.00707658 0.362543 4.8253e-05 
0.000409978 2.48654e-07 0.0446086 2.5789e-06 0.012894 2.0148e-05 0.00774897 6.8302e-08 0.0330232 0.000198236 0.899738 0.00135623 
0.00162807 0.00243249 0.0557612 0.000727198 0.0322836 0.400248 0.0359966 0.000544185 0.0213544 0.369093 0.0765612 0.00337019 
7.00811e-05 6.7129e-08 0.115402 0.844324 0.00349201 0.00876922 0.00179125 2.12293e-09 0.0224011 0.00355034 8.42745e-08 0.000199983 
9.76501e-05 0.000837352 0.0591142 4.85114e-05 0.00308882 0.00964751 0.000677646 9.2841e-06 0.0748705 0.0393462 0.811741 0.000521586 
5.88196e-06 6.31864e-06 0.00791566 5.59825e-06 0.0136259 0.925686 0.0218327 1.84233e-06 0.000297994 0.00969147 0.0209251 5.21632e-06 
0.000409978 2.48654e-07 0.0446086 2.5789e-06 0.012894 2.0148e-05 0.00774897 6.8302e-08 0.0330232 0.000198236 0.899738 0.00135623 
2.13745e-05 0.00140358 0.00198258 1.834e-06 0.0477855 0.000539666 6.40078e-07 6.03549e-07 0.894749 0.00267997 0.0508331 1.70887e-06 
0.00166183 0.000513723 0.529194 0.000433698 0.0141291 0.353928 0.00754499 3.42656e-05 0.00467333 0.0624838 0.0192963 0.00610683 
0.00159701 0.0481901 0.0284228 0.00110643 0.0180566 0.013472 0.023099 3.69158e-05 0.766339 0.0167313 0.0816352 0.00131376 
6.21706e-06 5.45969e-05 0.025168 2.85726e-06 0.419833 0.0428143 0.00386165 2.19855e-06 0.051335 0.448131 0.00852044 0.000271025 
0.000210376 0.000332863 0.0394483 7.4468e-09 0.00956692 0.0152304 0.0157095 6.37475e-09 0.156736 0.095942 0.666493 0.000331375 
7.77678e-07 0.0080374 0.0810801 9.57503e-07 0.729662 0.000397426 0.000942299 2.04158e-07 0.100259 0.0239135 0.0534987 0.00220781 
0.000244607 0.00666555 0.0895161 0.00119231 0.440739 0.0925838 0.0166789 4.43744e-05 0.204158 0.0140088 0.132816 0.00135258 
0.00354191 0.0016529 0.110234 0.000796366 0.0115195 0.00368754 0.0330435 3.69454e-05 0.735599 0.000902309 0.0976643 0.00132174 
0.000163404 0.0140131 0.0138875 0.00115063 0.0192613 0.0162046 0.00495262 5.84234e-05 0.817859 0.016078 0.0958203 0.000550711 
3.62081e-05 0.00112051 0.0283455 1.1144e-06 0.00736288 0.124512 0.00181324 9.50929e-09 0.0167802 0.00157049 0.815857 0.002601 
0.00301614 0.000795903 0.116885 4.24893e-06 0.0313988 0.0686027 0.00807776 2.96998e-08 0.0283747 0.10454 0.638303 1.03572e-06 
3.62081e-05 0.00112051 0.0283455 1.1144e-06 0.00736288 0.124512 0.00181324 9.50929e-09 0.0167802 0.00157049 0.815857 0.002601 
0.0025525 0.422169 0.0147747 3.13108e-05 0.0140833 0.00537017 0.000357266 2.57367e-05 0.454831 0.00414178 0.0814562 0.000207197 
0.00649088 0.00116572 0.0746278 0.0574271 0.05567 0.422784 0.00583199 0.000223635 0.0194265 0.0449154 0.311025 0.000412236 
0.0037626 0.0411552 0.0188686 1.10962e-06 0.00870857 0.002097 0.00152386 6.41865e-07 0.833431 0.0198293 0.069331 0.00129087 
0.000312939 0.0100845 0.00124739 9.88143e-10 0.00172376 0.00502392 1.31493e-07 3.25188e-10 0.976493 0.00197409 0.00314035 9.20728e-10 
9.55916e-05 0.0432972 0.0392973 9.55168e-06 0.157237 0.0138908 0.00274888 5.72916e-07 0.614595 0.0145843 0.113979 0.000264869 
4.01442e-05 0.00222039 0.0297941 0.936935 0.00400637 0.00139915 0.00184281 1.60418e-05 0.0156138 0.00227674 0.00576246 9.33206e-05 
1.02529e-06 1.67677e-05 0.134548 5.64131e-05 0.752121 0.000825565 3.04722e-07 2.68014e-07 0.0601399 0.0495915 0.00269538 4.46455e-06 
9.94197e-05 0.000683241 0.202501 0.000171666 0.0125187 0.0386041 0.00112209 2.26606e-05 0.0680427 0.00354751 0.672583 0.000103215 
9.43955e-06 0.00847284 1.99156e-05 3.548e-07 0.977673 0.00540689 5.44113e-06 1.16761e-07 0.00733322 0.000994093 2.35917e-05 6.12868e-05 
0.00154238 0.0172994 0.167913 0.000244592 0.65754 0.000798968 0.000312344 0.000117074 0.0597141 0.00651 0.085239 0.00276968 
3.99277e-08 6.81706e-05 0.000638867 3.80019e-08 0.998421 0.000234472 1.32629e-08 1.2506e-08 0.000143251 0.000146128 0.000348129 3.54092e-08 
0.000275021 0.000141793 0.0659859 0.000220753 0.0501001 0.0815744 0.0406403 9.70809e-05 0.0990297 0.00707979 0.654336 0.000518873 
5.41023e-06 2.79316e-06 0.0717879 0.00450972 0.907182 2.25504e-06 1.60713e-06 1.41304e-06 0.00249008 0.0139907 2.62227e-06 2.36394e-05 
4.64925e-05 0.00250886 0.0308219 0.939046 0.00125442 0.00189434 0.00127187 2.63102e-06 0.021452 0.000591762 0.000985317 0.000124937 
0.00156368 0.0439771 0.550505 0.000457634 0.02389 0.0049306 0.00255962 2.94299e-05 0.155744 0.193968 0.01955 0.0028254 
7.21896e-08 0.00207462 3.75121e-05 2.48253e-09 9.83999e-05 0.000241103 1.66971e-07 8.16974e-10 0.996937 0.000340307 0.000271135 2.31316e-09 
0.00013727 0.0007985 0.0853095 2.06297e-05 0.178577 0.0301873 0.00276937 4.83431e-06 0.198195 0.163386 0.0687639 0.27185 
0.0022368 0.0673125 0.0302187 0.000881841 0.0167693 0.0255742 0.0142816 0.000109275 0.70301 0.0124417 0.126105 0.00105964 
0.000135806 2.93424e-05 0.0342117 0.00347982 0.0623074 0.70458 9.3897e-06 2.0375e-06 0.00575622 0.0695749 0.117336 0.00257748 
0.00357769 0.000820112 0.163112 0.0640575 0.00891766 0.0796348 0.0198445 0.000215914 0.400609 0.0171361 0.241668 0.000407002 
0.00238529 0.0470079 0.0710485 0.00125741 0.152838 0.10952 0.00860529 4.84706e-05 0.0485938 0.313074 0.24466 0.000962168 
0.0377378 0.00257346 0.0352162 0.000261454 0.426342 0.0307085 0.00605244 1.7692e-05 0.327608 0.0290335 0.104278 0.000170243 
1.86911e-05 0.0659781 0.0454387 0.000115851 0.012932 0.00202993 0.00056102 1.56665e-05 0.80907 0.00495765 0.0577786 0.00110415 
8.23055e-11 1.96469e-07 0.0117805 3.22659e-06 0.00306762 0.00445921 0.000228996 2.57795e-11 0.207949 0.00255736 0.769767 0.000187034 
0.000135879 0.000273714 0.158515 0.00144756 0.208265 0.295237 0.00502431 9.59601e-05 0.0214036 0.123731 0.184484 0.00138698 
0.00029348 0.0501242 0.0927205 0.000168622 0.0136557 0.00890434 0.00688566 3.39506e-06 0.139161 0.0264279 0.661435 0.000219964 
6.1529e-05 0.000179092 0.250787 0.000265564 0.0666957 0.109234 0.00375365 1.6834e-05 0.424645 0.0756417 0.0685533 0.000165999 
9.14563e-11 0.016615 0.00447894 1.13504e-08 0.000334866 0.0170946 0.00135862 2.86456e-11 0.0623536 0.16706 0.730704 1.30266e-07 
3.2135e-05 0.00124411 0.0682683 0.000243209 0.0597367 0.469654 0.000667711 1.58772e-05 0.0247524 0.0362731 0.339014 9.84662e-05 
0.00514454 0.0064107 0.0584097 0.00373608 0.0397503 0.267646 0.0104702 0.00106196 0.0972241 0.0493007 0.459242 0.00160349 
2.92975e-05 0.0614262 0.038611 0.000340026 0.0426261 0.0153135 0.00211051 2.2919e-05 0.0379401 0.0216988 0.779797 8.4958e-05 
3.96038e-08 1.17319e-07 3.42916e-07 1.17755e-11 0.00256457 0.0874514 1.40968e-07 3.87521e-12 0.0128687 0.00114788 0.895967 6.69409e-08 
0.0015816 0.00133925 0.501876 0.010641 0.198069 0.0484823 0.00923431 0.000327519 0.0270886 0.0294468 0.165305 0.00660822 
0.000103531 0.00352903 0.024433 0.000613936 0.00256555 0.119984 0.0229796 3.34908e-05 0.0251399 0.0226172 0.777589 0.000410969 
0.000117199 0.0249587 0.112494 0.00613798 0.0168334 0.00966339 0.00162427 1.07372e-06 0.451998 0.0489678 0.325463 0.00174108 
2.06358e-12 0.953797 0.00169094 1.96405e-12 0.0011058 0.00153395 7.99885e-06 6.46349e-13 0.0353396 0.00100872 0.0054702 4.61298e-05 
1.63132e-09 6.23175e-05 0.0745978 1.55264e-09 0.00184708 0.000233501 1.55636e-06 5.10956e-10 0.0370332 0.408016 0.478208 5.15585e-08 
0.00161672 0.00757084 0.19473 0.00108801 0.256203 0.0922653 0.0202849 0.000403389 0.0603599 0.0274058 0.334782 0.00329033 
3.35455e-05 0.0132544 0.100171 0.785604 0.0226037 0.00299438 0.00294506 3.00833e-05 0.0553149 0.00631056 0.0100935 0.000644246 
1.46209e-05 0.0383058 0.121275 2.68707e-06 0.00318507 0.0384979 0.00135283 9.76685e-08 0.076266 0.299407 0.421633 6.04667e-05 
0.000609652 0.00539313 0.175108 0.00254366 0.0365871 0.309251 0.018733 5.64906e-05 0.0133723 0.0293485 0.40689 0.00210664 
0.00171653 0.00165253 0.0242481 0.00158389 0.515949 0.119763 0.00148896 1.18663e-05 0.109329 0.17585 0.0479526 0.000454063 
3.52407e-12 0.00364812 0.497437 6.74174e-10 0.00283169 0.0180896 1.68578e-08 1.1038e-12 0.0112502 0.0270415 0.4397 1.62951e-06 
1.93177e-07 0.0164469 0.225315 1.2649e-05 0.0282659 0.0334981 0.00441688 1.23882e-08 0.187927 0.0307504 0.467341 0.0060259 
0.00522714 0.00382572 0.411035 0.00394348 0.0309612 0.0924351 0.0195105 0.0021765 0.152927 0.171342 0.102476 0.00414129 
6.76426e-05 0.000157971 0.00207543 2.05145e-05 0.792397 0.000227109 0.000350784 7.26878e-06 0.14914 0.00671931 0.0470846 0.00175278 
9.07479e-05 1.54178e-07 0.0552008 9.41736e-11 7.68025e-07 0.0367586 0.00941822 3.09916e-11 0.00227414 0.0752843 0.820972 8.77487e-11 
9.94976e-10 8.12552e-07 5.03116e-06 9.46986e-10 0.914545 0.00688618 3.30505e-10 3.11643e-10 0.0737969 7.52992e-07 0.00476442 1.32445e-06 
5.80956e-06 0.00255576 0.00152302 5.58985e-06 0.351953 0.49283 1.01843e-05 4.75087e-06 0.0457863 0.000856013 0.100932 0.00353795 
0.00221307 0.000178006 0.0816445 0.000112134 0.000435809 0.179807 0.130241 9.17775e-06 0.020208 0.299763 0.284817 0.000569851 
0.00127168 0.000512614 0.0685587 0.00824489 0.0567631 0.752009 0.000204991 6.28713e-05 0.0151006 0.0475698 0.049595 0.000106405 
7.77678e-07 0.0080374 0.0810801 9.57503e-07 0.729662 0.000397426 0.000942299 2.04158e-07 0.100259 0.0239135 0.0534987 0.00220781 
5.23399e-05 5.34256e-06 3.26784e-05 1.58032e-06 0.0121984 0.0223219 0.00366174 1.3548e-06 7.49574e-05 6.55408e-06 0.961632 1.14881e-05 
0.179299 0.00329221 0.0627723 4.52139e-05 0.0395895 0.105317 0.00421467 1.69221e-05 0.113384 0.0134087 0.477395 0.00126502 
0.0256961 0.015957 0.0148477 0.0510198 0.713565 0.0747368 0.00541327 0.00045907 0.0638505 0.00838492 0.0238579 0.00221217 
0.0780086 0.00586993 0.751953 0.000512662 0.0928568 0.0164194 0.000387569 0.000161958 0.0228266 0.00720317 0.0231378 0.000662523 
0.00301882 0.0537129 0.0752771 0.00237865 0.141062 0.0393562 0.00149734 0.000511855 0.507242 0.115161 0.0578563 0.00292601 
4.13834e-09 0.976768 9.30025e-05 1.29188e-07 0.000418334 0.000146294 0.000949382 2.18681e-09 0.0208508 0.000340877 0.000433267 1.91839e-08 
2.42293e-06 7.07401e-05 0.214435 0.000768034 0.650713 0.00555475 0.000698034 1.13754e-06 0.0696099 0.0279007 0.0301891 5.65938e-05 
0.0444943 0.000621789 0.0717729 6.23616e-07 0.517306 0.123174 0.0140577 2.54788e-07 0.0397326 0.0341215 0.154503 0.000215278 
0.000108357 0.000156454 0.00665727 4.8874e-08 0.0127126 0.0101821 0.00457728 1.3787e-08 0.926111 0.00181075 0.0370334 0.000650348 
8.95714e-05 0.0379978 0.0690388 0.000557307 0.0173749 0.0665855 0.000395791 3.88711e-05 0.0829556 0.00755223 0.717255 0.000158137 
9.76326e-07 0.0266044 0.0243301 9.6691e-06 0.135403 0.00716358 0.00375388 9.31749e-07 0.789452 0.00458188 0.00869869 1.11344e-06 
0.0281482 0.0126129 0.192062 0.0091059 0.376275 0.00785576 0.0170764 0.0006298 0.0958729 0.0868623 0.167466 0.00603198 
0.00192036 0.000140854 0.0382016 0.204287 0.022069 0.494556 0.00125627 9.49259e-06 0.113605 0.016565 0.107363 2.7646e-05 
0.00020729 0.0295544 0.217555 9.20322e-05 0.00327485 0.00211198 0.000309469 1.38121e-05 0.147837 0.00313216 0.595873 3.88661e-05 
0.00762787 0.254355 0.0314501 0.031267 0.0335516 0.0137375 0.0144262 0.000252511 0.456647 0.00376635 0.152344 0.000575257 
3.62081e-05 0.00112051 0.0283455 1.1144e-06 0.00736288 0.124512 0.00181324 9.50929e-09 0.0167802 0.00157049 0.815857 0.002601 
0.000604167 0.000221221 0.166499 0.00317257 0.186078 0.266425 0.00174666 0.00015502 0.0950857 0.252609 0.0201956 0.00720784 
0.00021563 0.0329377 0.170473 0.000163326 0.489033 0.00590893 0.00269248 8.61307e-05 0.147008 0.088662 0.0586222 0.00419735 
0.000163757 0.0219954 0.251384 0.000602067 0.0412904 0.071844 0.0126667 0.000145333 0.0590189 0.0109841 0.529625 0.000280602 
0.000403541 0.000610594 0.95775 0.000384555 0.0031756 0.0279215 0.00173835 9.20814e-05 0.00179722 0.00214386 0.00386582 0.000116692 
0.000837826 0.00616502 0.00580412 0.00011149 0.0019739 0.0390167 0.000248242 1.2717e-06 0.895826 0.00848779 0.0391063 0.00242124 
1.01698e-05 0.00303609 0.0130327 5.26562e-10 0.0371417 0.35483 8.89118e-07 1.73286e-10 0.442071 0.0378827 0.111994 6.83635e-07 
1.17381e-07 0.00110199 0.000359904 4.80577e-05 0.00766366 0.00767049 3.56504e-05 7.99558e-08 0.953586 0.00265537 0.0268759 2.64089e-06 
0.000153977 0.0127476 0.067158 6.92862e-05 0.00800962 0.233106 0.121613 2.19625e-05 0.0631089 0.0255901 0.465917 0.00250457 
8.88235e-07 0.000523771 0.0937077 1.33584e-06 0.477525 0.0989253 3.57046e-07 1.37652e-07 0.0937713 0.0109998 0.224447 9.73007e-05 
3.83655e-05 0.0366553 0.11414 1.98938e-05 0.0103419 0.148969 0.0039312 1.39662e-05 0.035559 0.0695267 0.576628 0.00417618 
0.000292133 0.00247416 0.230394 2.71846e-05 0.023477 0.0281176 0.00256529 2.52416e-05 0.026956 0.00897996 0.671776 0.00491496 
8.5505e-05 0.00564411 0.09688 1.34567e-05 0.250559 0.00289064 0.000156454 4.74628e-08 0.345569 0.00405515 0.294148 6.43603e-08 
7.77678e-07 0.0080374 0.0810801 9.57503e-07 0.729662 0.000397426 0.000942299 2.04158e-07 0.100259 0.0239135 0.0534987 0.00220781 
0.000426864 0.0121828 0.0548618 0.000599664 0.112293 0.0252809 0.000326209 2.3136e-06 0.0947736 0.594917 0.104231 0.000103482 
0.000603999 0.0209985 0.137047 0.00131533 0.026477 0.00852864 0.0147069 7.7266e-05 0.100802 0.286687 0.399929 0.00282764 
2.02124e-06 0.00999201 0.339454 6.86146e-06 0.000475187 0.474224 8.0478e-05 4.98403e-07 0.000416234 0.0708168 0.104528 4.2373e-06 
0.00415499 0.0296762 0.1559 0.0030685 0.441954 0.0763436 0.0101327 0.0012872 0.112042 0.0113022 0.152203 0.00193576 
0.00563613 0.0453253 0.0430084 0.00229659 0.184378 0.0149377 0.00804402 5.13996e-07 0.222758 0.0122604 0.461354 1.557e-06 
1.78813e-06 0.00125107 0.116208 1.23476e-06 0.294026 0.0423398 0.000332477 8.00915e-08 0.147825 0.0590987 0.331071 0.00784428 
9.38113e-05 0.00219514 0.409328 8.39135e-05 0.0284749 0.0417193 0.00179827 4.99598e-05 0.0890491 0.0896504 0.336833 0.000724797 
2.75724e-05 0.00075133 0.0315953 2.24593e-05 0.0514682 0.0368387 7.06387e-05 3.01298e-07 0.122556 0.19712 0.559152 0.000396593 
0.00014037 0.000998113 0.00119363 0.00014575 0.00515393 0.0136073 0.000140874 1.00369e-05 0.0250219 0.942866 0.0103044 0.00041727 
7.14184e-08 2.88099e-05 0.00474199 2.06776e-05 0.446713 3.93729e-06 6.90665e-06 2.23694e-08 0.352535 0.146334 0.0496103 5.39238e-06 
9.45849e-08 0.0166589 0.0619007 7.04197e-07 0.0134387 0.217532 0.00303562 4.31033e-09 0.66593 0.00405337 0.0134345 0.00401584 
0.984262 1.15003e-06 6.64162e-06 1.40731e-06 0.000418899 0.000794366 2.53014e-06 5.32414e-07 0.010535 0.00395205 7.27404e-06 1.82961e-05 
0.00800873 0.0768854 0.0392059 0.00138048 0.0223834 0.02934 0.0228379 0.000146088 0.617045 0.0306239 0.144747 0.00739615 
0.00311936 0.00422535 0.0181617 1.20753e-07 0.646357 0.00282502 0.0100781 3.97386e-08 0.302327 0.00716762 0.00485447 0.00088446 
0.00357979 0.00622494 0.100706 6.85446e-05 0.138823 0.330491 0.0155132 3.26474e-05 0.106708 0.0285829 0.269119 0.000149907 
0.000672156 0.0275505 0.057798 0.000392412 0.0265705 0.141336 0.0128089 0.000129467 0.0664553 0.023548 0.640483 0.00225577 
0.000398684 0.000173139 0.0281373 0.00128872 0.0033519 0.696459 0.000262833 9.57393e-05 0.173794 0.0533028 0.0425958 0.000139892 
0.000574401 0.0284915 0.243622 0.000146328 0.00422464 0.275116 0.00831141 6.33585e-05 0.00967515 0.0150784 0.412423 0.00227454 
0.0140043 0.0565277 0.101444 0.00145943 0.0263298 0.0742776 0.0136586 1.14671e-05 0.342297 0.151882 0.141343 0.0767656 
0.0101093 0.00308974 0.791246 0.000220777 0.0242193 0.0131205 0.0122206 6.30547e-05 0.0261637 0.0747732 0.0442833 0.000490975 
3.65498e-08 0.000134702 0.0237926 3.47869e-08 0.884788 1.10969e-06 1.21409e-08 1.1448e-08 0.00957744 0.00246132 0.003083 0.076162 
0.000228446 0.153174 0.233049 0.00627909 0.0678114 0.157954 0.0116603 0.000163347 0.0837083 0.0118768 0.26833 0.0057646 
9.70315e-05 9.08486e-05 0.690383 1.6055e-05 0.00447451 0.00512224 1.39008e-05 2.29799e-06 0.0167359 0.0236765 0.259257 0.000130858 
0.00515299 0.00677805 0.453186 0.000217723 0.112988 0.135445 0.000780424 0.000196647 0.0266509 0.0224574 0.23329 0.00285663 
0.00426607 0.00344912 0.169921 0.00965348 0.115552 0.071072 0.0123112 0.000191888 0.128199 0.166698 0.318296 0.000390169 
5.05102e-10 0.00548276 0.0341731 6.9853e-06 0.0259182 0.00414033 0.00144399 1.58207e-10 0.720624 0.0893295 0.118416 0.000464881 
0.00031746 0.000943641 0.145471 1.11103e-07 0.145374 0.0252995 6.40548e-05 9.17007e-12 0.369925 0.0501514 0.262453 6.1193e-07 
0.0035499 0.0321302 0.0834952 0.000938309 0.00119532 0.00575405 0.000186884 4.44001e-07 0.0328631 0.420814 0.419071 1.49151e-06 
0.000416307 0.0110854 0.0302338 0.000455042 0.00237693 0.0431914 0.0434667 7.60914e-05 0.0295311 0.0175458 0.821412 0.000209354 
4.82097e-05 0.00134837 0.253745 6.89913e-06 0.00244641 0.414712 0.00038974 5.44736e-06 0.11058 0.079862 0.128255 0.00860142 
0.000975143 0.0304002 0.129324 0.00125145 0.0489369 0.00994476 0.0103424 0.000325159 0.333835 0.369886 0.0395688 0.0252096 
0.000749136 0.0410868 0.00906447 3.45858e-05 0.0318776 0.120878 0.00333456 3.17803e-05 0.0501979 0.00764823 0.735014 8.29103e-05 
4.13834e-09 0.976768 9.30025e-05 1.29188e-07 0.000418334 0.000146294 0.000949382 2.18681e-09 0.0208508 0.000340877 0.000433267 1.91839e-08 
0.0106327 0.000326583 0.0210834 0.00274616 0.158627 0.0854402 0.00252438 2.45726e-05 0.0218375 0.0290114 0.665444 0.00230257 
0.00059928 0.802968 0.0132477 0.000575348 0.00468014 0.0172047 0.00407567 3.33283e-05 0.0931697 0.0138093 0.0487672 0.000869883 
0.000394584 0.023069 0.0337569 0.00102036 0.0124928 0.38912 0.120661 0.000106946 0.0287565 0.00849068 0.379341 0.00279007 
7.45152e-05 0.0300637 0.058475 0.0146247 0.0880867 0.329728 0.066518 2.21567e-05 0.0218777 0.0337043 0.355944 0.000881428 
0.00360846 8.98929e-05 0.0337397 0.000379579 0.419031 0.0784893 0.0119219 2.85054e-06 0.124173 0.26912 0.0552572 0.0041869 
3.34479e-08 0.00188263 0.000613765 7.94557e-05 0.0131226 0.00264828 5.9574e-05 2.44926e-08 0.950299 0.00454351 0.0267478 3.33488e-06 
0.000199773 0.00570908 0.440388 0.000590442 0.0981993 0.0184185 0.00123464 0.000135549 0.0567758 0.0172985 0.359397 0.00165264 
5.92687e-06 0.000399778 0.000608379 0.492172 0.465586 0.00134287 4.43543e-05 4.66017e-08 0.0317987 0.00735071 0.00068066 1.06142e-05 
2.06358e-12 0.953797 0.00169094 1.96405e-12 0.0011058 0.00153395 7.99885e-06 6.46349e-13 0.0353396 0.00100872 0.0054702 4.61298e-05 
9.72134e-10 1.4567e-07 0.00372138 9.25245e-10 0.978487 0.000358206 4.27081e-07 3.04489e-10 0.017432 1.34978e-07 2.94174e-07 8.62121e-10 
0.000752738 0.0188396 0.00721431 1.21008e-05 0.0187726 0.0209841 0.00156424 4.95201e-06 0.902565 0.0021655 0.0271113 1.3571e-05 
1.18018e-09 1.64268e-06 2.61356e-05 7.52691e-06 0.646255 0.000555896 9.02045e-07 3.69651e-10 5.72481e-06 0.0193964 0.333751 1.04662e-09 
0.00445034 0.321585 0.00418146 0.000840287 0.0111094 0.0230003 0.00374375 0.000143516 0.587448 0.0164369 0.0249544 0.00210692 
2.02629e-09 6.78606e-05 0.026484 4.56108e-08 0.000316931 0.00344197 6.07204e-05 6.34667e-10 0.885571 0.071496 0.0125597 1.69167e-06 
0.000194328 4.92218e-06 0.942658 6.52584e-06 0.000144325 7.93325e-06 2.57282e-05 4.21821e-06 0.0443707 2.24205e-05 9.88324e-05 0.0124624 
0.0130311 0.0688434 0.116892 0.00183521 0.0383128 0.0114858 0.00690226 3.17753e-05 0.541695 0.070529 0.12705 0.00339171 
1.41647e-06 2.40757e-05 0.000236979 1.34815e-06 0.589068 0.0208557 0.000420301 4.43661e-07 0.389142 4.90676e-05 0.000141391 5.94826e-05 
0.000525544 4.59856e-05 0.0539133 8.36736e-09 0.00144334 0.0127775 0.000294292 7.17002e-09 0.0791485 0.112821 0.739031 6.07868e-08 
0.862433 4.4325e-06 4.28765e-05 2.69865e-07 0.105201 0.00935346 0.00212646 1.33948e-07 0.00037464 0.0202692 0.000130181 6.39487e-05 
0.0114117 0.0107326 0.108314 0.000226817 0.0613845 0.0471377 0.0102215 5.58108e-05 0.2551 0.0399651 0.44952 0.00593001 
0.00231669 0.0156845 0.120388 0.00556245 0.0245835 0.0808676 0.0135398 0.000882574 0.0524318 0.0734048 0.608967 0.00137137 
0.0002961 0.0349834 0.230442 5.70519e-05 0.00142906 0.113022 0.0152519 1.58835e-05 0.00692853 0.0334019 0.0682548 0.495917 
0.00399505 0.00848618 0.0958375 0.00152285 0.0203873 0.306408 0.0100228 0.000213804 0.168605 0.0139554 0.369797 0.000769238 
1.06425e-05 0.0180863 0.000423434 0.00112249 0.256823 0.00301206 3.94266e-09 2.05946e-10 0.714375 0.00040138 0.00574026 4.83345e-06 
0.000867197 0.2599 0.0348765 0.000905018 0.0224131 0.0188944 0.00634177 0.000319696 0.520577 0.0211333 0.111615 0.00215736 
2.62443e-07 0.00323083 0.00585956 6.36625e-07 0.0593658 0.0245281 1.41894e-06 4.00728e-08 0.551764 0.00797448 0.343568 0.00370684 
0.00945492 0.00077967 0.4755 0.000106527 0.00157445 0.383037 0.00698241 4.10237e-05 0.00759933 0.0761604 0.0373423 0.00142235 
0.000221889 0.00176301 0.760159 0.00641222 0.06328 0.00875249 0.0016461 1.81398e-05 0.0183187 0.0101092 0.128531 0.000788501 
0.000236193 0.00620657 0.0936774 7.05084e-05 0.00313604 0.270499 0.0261033 3.17492e-05 0.00360746 0.385554 0.209949 0.000928587 
0.00188486 0.0209602 0.0265676 0.000596153 0.0379914 0.175665 0.0174364 1.07844e-05 0.0973329 0.237271 0.367541 0.0167433 
0.0173844 0.0011696 0.180706 0.00210412 0.00688604 0.587604 0.0189078 7.94353e-05 0.0345141 0.00751684 0.141637 0.00149062 
3.96038e-08 1.17319e-07 3.42916e-07 1.17755e-11 0.00256457 0.0874514 1.40968e-07 3.87521e-12 0.0128687 0.00114788 0.895967 6.69409e-08 
0.000208998 0.0010655 0.202691 4.204e-05 0.0298023 0.0142773 0.000433852 4.25668e-13 0.157152 0.432622 0.160337 0.00136884 
8.63707e-06 3.213e-05 0.00281557 1.1693e-05 0.0306645 0.54956 2.6992e-05 8.74874e-09 0.0121101 0.310484 0.0942851 1.22321e-06 
0.0003316 0.00315388 0.0064186 6.05714e-08 0.00956287 0.00447407 0.00020444 1.39623e-08 0.155612 0.0247361 0.795271 0.000235041 
0.000224033 0.0120406 0.0333558 5.11406e-05 0.021997 0.148129 0.0135397 2.89602e-05 0.058364 0.00743816 0.690027 0.0148047 
0.00779178 0.00834514 0.0850172 0.00106874 0.0512201 0.326763 0.0079036 5.0967e-05 0.0849043 0.0825444 0.312709 0.0316821 
0.000375905 0.000832952 0.130183 0.000139823 0.0646889 0.0240524 0.00405781 8.89031e-06 0.0483983 0.00115593 0.725559 0.000546794 
0.00359901 0.0041192 0.0236067 0.00976363 0.807565 0.0193955 0.0184409 0.000492859 0.0811375 0.00397967 0.0212057 0.00669423 
0.0368688 0.0356057 0.116948 0.000429244 0.0514296 0.126251 0.0574364 5.99496e-05 0.306436 0.0938326 0.173276 0.00142653 
0.498001 0.00194938 0.017365 5.81578e-05 0.0277208 0.0229157 2.86611e-05 1.29038e-07 0.0499513 0.31832 0.0599007 0.00378962 
0.00579975 0.000353549 0.0895543 8.97924e-06 0.00279429 0.0165364 0.0100381 4.71041e-08 0.00810831 0.752225 0.114562 1.90107e-05 
0.0226998 0.000960246 0.0293784 0.000209616 0.763091 0.0294534 0.00132391 8.98596e-05 0.0329988 0.00870804 0.0896482 0.0214383 
3.61054e-05 0.0046877 0.0394477 0.000798304 0.0216017 0.228605 0.0459653 2.18064e-05 0.00770608 0.00516768 0.642606 0.0033563 
0.000210376 0.000332863 0.0394483 7.4468e-09 0.00956692 0.0152304 0.0157095 6.37475e-09 0.156736 0.095942 0.666493 0.000331375 
0.0068216 0.0667211 0.0131822 8.96666e-05 0.0237299 0.0172649 0.00298532 2.32588e-05 0.747786 0.01109 0.107569 0.00273652 
0.000149065 0.0181641 0.0784624 0.00113685 0.00516935 0.149089 0.00194823 4.74918e-05 0.0809286 0.010504 0.654227 0.000173291 
0.000184313 0.0786033 0.324999 0.000333577 0.0139572 0.0492504 0.00945228 0.000120779 0.184587 0.0382221 0.29925 0.00103961 
0.000134431 0.0023121 0.238415 0.625302 0.000962956 0.0345018 0.00114686 2.48383e-06 0.053094 0.00144058 0.0423797 0.000307362 
0.00162714 0.0414766 0.0623843 0.0011069 0.182293 0.0448786 0.0251131 0.000827007 0.488514 0.0276021 0.117873 0.00630382 
7.5719e-08 0.000770179 0.00643609 6.72992e-07 0.00225503 0.00141506 0.0012706 2.33626e-08 0.892984 0.00754461 0.0871513 0.000172667 
0.00119057 4.8161e-05 0.0532597 4.88653e-07 0.0180256 9.6183e-05 0.00334885 1.60811e-07 0.00315657 0.89977 0.0210775 2.61714e-05 
0.0140627 0.0176367 0.288091 0.00128059 0.0342289 0.0169738 0.00475623 7.03479e-06 0.0836845 0.0846307 0.454526 0.000121593 
8.9227e-07 2.10857e-08 1.52062e-05 3.15423e-10 0.684353 0.000697073 0.000227971 1.03802e-10 0.249087 0.0023737 0.0616692 0.00157602 
0.000118864 0.278277 0.00673472 0.00111744 0.0169424 0.02176 0.0445354 1.1081e-05 0.188023 0.0429195 0.375329 0.0242303 
1.04967e-08 8.46823e-07 0.970237 9.9904e-09 0.00127808 0.00155606 8.82319e-07 3.28774e-09 7.25723e-06 1.00726e-05 0.0269096 9.30882e-09 
2.82999e-08 0.000101539 0.0286177 9.80463e-09 0.000253754 0.00397847 0.000310894 2.13046e-09 0.0399674 0.128029 0.7982 0.00054185 
0.000410523 0.00914092 0.318964 0.000623153 0.0779055 0.00588937 0.00421893 2.42517e-05 0.0274454 0.14613 0.408698 0.000550655 
2.67674e-09 5.17463e-06 0.531284 2.54763e-09 0.0472523 0.0332342 8.8914e-10 8.38398e-10 0.00013807 0.135624 0.252448 1.48164e-05 
0.0025577 0.0427668 0.245684 0.0734072 0.191255 0.0622273 0.00359406 0.000190996 0.0946577 0.0626967 0.219715 0.00124707 
1.69678e-11 1.18127e-05 0.0425546 3.63179e-09 0.000507945 0.00552665 9.64247e-05 5.31459e-12 0.915427 0.0297261 0.00614738 2.4297e-06 
0.000198568 0.0595385 0.0128127 0.00686035 0.193204 0.0908212 0.00999133 4.91505e-06 0.388249 0.0124585 0.20914 0.0167218 
5.08813e-08 0.00139087 0.080868 0.00105696 0.407951 0.0694743 0.00185695 1.59369e-08 0.0470758 0.232065 0.153276 0.00498471 
0.000150315 0.000839058 0.0364696 0.000230663 0.0329117 0.00676789 0.0118779 8.94155e-05 0.636035 0.0505426 0.220919 0.00316734 
0.0182509 0.0153418 0.0312795 2.59918e-05 0.013702 0.0100207 0.100317 4.26456e-06 0.100515 0.0147524 0.695228 0.00056338 
4.01351e-07 0.000263524 0.020543 1.21208e-08 0.0018413 0.00143868 0.000447799 1.03897e-08 0.0154706 0.00166111 0.957949 0.000384981 
0.00457267 0.0152201 0.0644886 0.00214591 0.191156 0.204598 0.000718443 1.82982e-05 0.177798 0.00867002 0.329017 0.0015971 
0.000749136 0.0410868 0.00906447 3.45858e-05 0.0318776 0.120878 0.00333456 3.17803e-05 0.0501979 0.00764823 0.735014 8.29103e-05 
0.00395784 0.00332327 0.0548703 0.00473526 0.019893 0.50827 0.00713498 6.8699e-05 0.0295516 0.269292 0.0985909 0.000312483 
0.00161036 0.0251341 0.0488328 1.56721e-05 0.00197225 0.257276 0.019503 1.19782e-05 0.13342 0.0316137 0.479735 0.000875434 
0.000250761 2.85919e-05 0.895077 1.79447e-05 0.00399331 0.00804115 2.21949e-05 7.17568e-06 0.00250654 0.0452357 0.0447484 7.13478e-05 
0.00104837 0.0575211 0.00697415 4.84003e-05 0.0333728 0.136611 0.00238549 4.44783e-05 0.0620042 0.00262359 0.69725 0.000116039 
0.00122532 0.00317603 0.0929896 0.000453637 0.00906727 0.00931488 0.572592 0.000114535 0.145346 0.0414384 0.122243 0.00204017 
0.000201629 0.0043562 0.153216 0.000156624 0.0343133 0.00932849 0.25785 5.28665e-05 0.0546176 0.00514071 0.477737 0.00303006 
0.0500637 0.00605494 0.231622 3.88636e-05 0.0132005 0.00931487 0.121228 4.78055e-06 0.065391 0.252784 0.233124 0.0171739 
0.000158353 0.00294911 0.164743 0.00137421 0.0170131 0.0249662 0.0142443 7.6225e-05 0.0216335 0.0391567 0.713134 0.00055111 
0.0323818 0.00117977 0.0404002 0.000265927 0.356378 0.0155435 9.94121e-05 3.48225e-05 0.474914 0.0103489 0.0683231 0.000130798 
6.82564e-06 0.0222702 0.0822557 0.00425415 0.233471 0.00616526 0.000272125 5.60509e-06 0.181195 0.0242681 0.0340375 0.411799 
0.000116358 0.00287312 0.0147196 0.657734 0.00173554 0.253115 0.00230321 1.33192e-07 0.0453926 9.31076e-07 0.0220094 1.66422e-07 
0.000149369 2.42235e-05 0.860259 0.000263469 0.00421223 0.107477 0.00125852 1.39793e-05 0.000788878 0.0188074 0.00503136 0.00171553 
0.000147234 0.00560632 0.0556481 2.60969e-05 0.00770237 0.0328852 0.00268381 1.86238e-05 0.0252601 0.612344 0.257037 0.000641524 
2.50969e-06 0.00025189 0.00282955 2.38864e-06 0.02004 0.000256743 0.13545 7.86078e-07 0.193387 0.477416 0.170296 6.68938e-05 
0.00187977 0.00509217 0.160894 0.000848478 0.530646 0.00729062 0.00103114 4.13066e-06 0.124341 0.0430367 0.0687737 0.0561631 
5.11339e-08 4.75373e-06 0.000364311 4.86676e-08 0.0364444 0.194367 1.69853e-08 1.6016e-08 1.74379e-05 0.000835396 0.767885 8.16706e-05 
0.000303446 0.000244536 0.00631394 0.000152485 0.708964 0.00428192 0.00135342 5.60612e-05 0.244717 0.00114586 0.0323299 0.00013717 
0.0444943 0.000621789 0.0717729 6.23616e-07 0.517306 0.123174 0.0140577 2.54788e-07 0.0397326 0.0341215 0.154503 0.000215278 
2.25834e-05 0.00227697 0.00897167 0.00631259 0.729433 0.00778474 0.0306855 1.53037e-05 0.111991 0.00971247 0.0926163 0.000178373 
0.00189381 0.00368 0.593746 2.19975e-07 0.140285 0.0109971 3.09804e-07 1.56838e-07 0.142231 0.0361649 0.0710017 6.34371e-07 
0.00029348 0.0501242 0.0927205 0.000168622 0.0136557 0.00890434 0.00688566 3.39506e-06 0.139161 0.0264279 0.661435 0.000219964 
9.08511e-05 0.0140744 0.165844 8.3635e-08 0.529106 0.0436303 0.00220718 5.96175e-08 0.135045 0.00366118 0.104199 0.00214171 
0.0072047 0.151823 0.0655998 1.75725e-05 0.0671719 0.00524989 0.00157351 4.5749e-06 0.511543 0.0139662 0.175768 7.80695e-05 
0.000108357 0.000156454 0.00665727 4.8874e-08 0.0127126 0.0101821 0.00457728 1.3787e-08 0.926111 0.00181075 0.0370334 0.000650348 
0.00761744 0.0160102 0.0980549 0.000629078 0.119401 0.123163 0.0271562 0.000269743 0.0945215 0.0903458 0.410242 0.0125889 
9.92682e-05 0.0247845 0.0457306 9.75078e-06 0.354561 0.0186291 0.00250899 7.29211e-06 0.247631 0.0785481 0.22626 0.00123126 
2.06358e-12 0.953797 0.00169094 1.96405e-12 0.0011058 0.00153395 7.99885e-06 6.46349e-13 0.0353396 0.00100872 0.0054702 4.61298e-05 
0.000185288 0.000360806 0.821441 0.000448091 0.155083 0.000674549 3.61428e-07 3.40802e-07 0.013654 0.00722099 0.000355104 0.000576866 
1.1308e-05 2.22016e-05 0.751199 2.27177e-05 0.000167212 0.000256497 6.43604e-05 6.49256e-06 5.38735e-05 0.247057 0.000912532 0.000226413 
0.00376655 0.00549447 0.0113832 9.93013e-08 0.00111946 0.00262148 0.000329274 3.2679e-08 0.953477 0.00628485 0.0155235 9.25266e-08 
3.50885e-05 0.00429901 0.0607438 4.89852e-05 0.0205872 0.220322 0.00103629 2.35708e-05 0.0191829 0.00292245 0.670309 0.000489136 
1.39608e-06 1.01139e-05 8.2063e-05 0.000278422 0.876036 0.0216441 0.00595474 7.3475e-07 0.00202221 9.85903e-07 0.0612269 0.0327425 
8.01771e-07 0.00577425 0.462785 5.53965e-05 2.28231e-05 0.00256393 0.111441 7.83255e-07 0.0264168 0.121266 0.26966 1.28748e-05 
1.33569e-05 3.63453e-05 0.0536438 1.55236e-11 0.005162 0.0163473 7.52835e-05 5.10866e-12 0.0450022 0.146014 0.733706 1.44645e-11 
0.000565255 0.00083856 0.140989 0.000691196 0.626256 0.174598 0.000495442 0.000122543 0.0130232 0.0188164 0.0227386 0.000865247 
0.00827217 0.0032584 0.195074 1.78926e-05 0.0576011 0.00349965 0.00375783 7.21398e-06 0.255009 0.112949 0.360156 0.00039811 
0.000968746 0.0290702 0.136847 0.00304927 0.119496 0.0390641 0.00062109 9.91438e-05 0.211365 0.229079 0.222904 0.00743606 
0.000497073 0.0391158 0.072332 2.39937e-05 0.296181 0.0543659 0.00106173 2.14899e-05 0.144577 0.130276 0.257461 0.00408677 
7.43404e-07 1.6088e-07 0.00669358 7.51183e-06 0.833507 0.000260038 2.12543e-10 2.00413e-10 0.109818 0.00125621 0.0484566 5.67445e-10 
1.22097e-05 0.0877782 0.0184866 0.00362859 0.0722403 0.0163612 0.00175732 3.44481e-06 0.737768 0.0140887 0.0472544 0.000621393 
8.63952e-05 0.0502201 0.0742957 0.120229 0.124132 0.0118597 0.000523735 4.21957e-05 0.485138 0.0268991 0.102484 0.00408954 
1.99058e-06 0.0177832 0.00744428 2.01528e-10 0.00614739 0.0469585 3.72843e-07 6.63207e-11 0.59028 0.283532 0.0478518 1.87779e-10 
0.00675714 0.0136411 0.0563609 5.83755e-05 0.0106219 0.0151302 0.0852542 4.82241e-05 0.668057 0.0270559 0.11675 0.00026557 
7.77678e-07 0.0080374 0.0810801 9.57503e-07 0.729662 0.000397426 0.000942299 2.04158e-07 0.100259 0.0239135 0.0534987 0.00220781 
0.0017611 0.0153877 0.0744026 0.116808 0.645563 0.0409954 0.0100551 0.00108327 0.0184503 0.00238076 0.0705468 0.00256637 
8.9227e-07 2.10857e-08 1.52062e-05 3.15423e-10 0.684353 0.000697073 0.000227971 1.03802e-10 0.249087 0.0023737 0.0616692 0.00157602 
0.0035666 0.00682979 0.110898 2.23989e-05 0.659255 0.000819868 0.000173054 1.34606e-05 0.115221 0.00828015 0.0948707 5.00234e-05 
0.00242463 0.0182422 0.025246 0.00164582 0.031945 0.25208 0.00288125 0.000191268 0.114704 0.354066 0.187856 0.00871841 
0.000124429 0.0557939 0.383468 1.32657e-05 0.0064117 0.0116649 0.002938 5.71315e-06 0.0442018 0.0139799 0.481013 0.000385268 
5.05102e-10 0.00548276 0.0341731 6.9853e-06 0.0259182 0.00414033 0.00144399 1.58207e-10 0.720624 0.0893295 0.118416 0.000464881 
0.000210539 0.0110353 0.267687 0.000838727 0.0644096 0.0282992 0.00385604 1.71757e-06 0.118486 0.301653 0.20281 0.000713351 
0.000107371 0.0356369 0.072266 0.000995317 0.0313733 0.0392431 0.00508157 1.00412e-05 0.713519 0.037871 0.0576366 0.00626043 
1.00372e-07 0.00183047 0.00645107 1.05972e-06 0.693946 0.00830169 1.72595e-09 1.62746e-09 0.208188 0.00578854 0.0727944 0.00269853 
1.09598e-06 0.00526749 0.00271133 1.04311e-06 0.0345126 0.915452 0.00142017 3.43278e-07 0.0231931 0.00240333 0.0150369 9.71949e-07 
0.000212584 0.0163601 0.0929369 0.00101817 0.593149 0.0130617 0.0106026 0.000153363 0.145873 0.0455589 0.0790947 0.00197874 
3.96038e-08 1.17319e-07 3.42916e-07 1.17755e-11 0.00256457 0.0874514 1.40968e-07 3.87521e-12 0.0128687 0.00114788 0.895967 6.69409e-08 
0.000227927 0.00995446 0.176722 4.24919e-05 0.0519859 0.0818631 0.000395709 3.07201e-05 0.0796699 0.033125 0.565837 0.000145733 
0.00282207 0.00475293 0.128962 0.000840763 0.0309373 0.147955 0.0292987 0.000171825 0.0617325 0.29059 0.301139 0.000797083 
0.00209335 0.00355775 0.744995 0.00139519 0.00252743 0.0465643 0.00402628 7.64288e-05 0.0251269 0.0159372 0.152888 0.000811816 
6.41865e-05 0.020331 0.0370461 4.66435e-05 0.0245528 0.00860778 0.00657578 4.34028e-05 0.728138 0.0224928 0.151025 0.00107738 
8.47689e-05 0.000161437 0.0350001 9.69133e-05 0.0762642 0.0323804 0.0716253 1.10823e-05 0.0633442 0.153243 0.567759 2.95342e-05 
3.89568e-06 0.0360909 0.00046091 5.57528e-05 9.84281e-05 0.0108469 1.29343e-05 1.22019e-06 0.949724 0.00118962 0.00151202 3.45482e-06 
2.25805e-05 0.0131762 0.215135 3.31737e-05 0.00241726 0.0216017 0.000179638 1.87087e-06 0.0542468 0.0089412 0.68415 9.41869e-05 
8.63411e-05 0.542552 0.0389895 1.54857e-05 0.00614805 0.0207743 0.00463978 4.7607e-06 0.240463 0.0588859 0.0827598 0.00468091 
2.06358e-12 0.953797 0.00169094 1.96405e-12 0.0011058 0.00153395 7.99885e-06 6.46349e-13 0.0353396 0.00100872 0.0054702 4.61298e-05 
7.5719e-08 0.000770179 0.00643609 6.72992e-07 0.00225503 0.00141506 0.0012706 2.33626e-08 0.892984 0.00754461 0.0871513 0.000172667 
0.00119015 0.00104209 0.0243031 3.27033e-05 0.205522 0.00470246 0.100008 1.48777e-05 0.537993 0.0140656 0.108692 0.00243438 
6.76363e-05 0.00780141 0.17966 0.000350539 0.0992271 0.0702084 0.00116455 4.24592e-05 0.0775659 0.134922 0.428675 0.000314255 
2.36992e-06 0.0202007 0.287872 3.30901e-05 0.00770357 0.00464597 0.000946388 6.2199e-07 0.162608 0.403504 0.105777 0.00670694 
