0.00357769 0.000820112 0.163112 0.0640575 0.00891766 0.0796348 0.0198445 0.000215914 0.400609 0.0171361 0.241668 0.000407002 
7.27741e-05 0.000731823 0.490526 0.000262893 0.0251135 0.0102748 0.00181568 1.00905e-05 0.0183746 0.225761 0.206852 0.0202044 
0.00310344 0.00765071 0.0616062 0.000314777 0.0134447 0.119006 0.011005 2.25381e-05 0.150293 0.0193888 0.612549 0.00161638 
2.45419e-09 0.000980961 0.772877 0.000817915 0.0165718 0.0336714 0.0717278 7.68694e-10 0.077716 9.04335e-07 0.0256363 2.17646e-09 
0.00937463 0.0100273 0.0227299 0.0569376 0.0500844 0.0271832 0.00237494 4.65283e-05 0.0562517 0.058353 0.70641 0.000226795 
1.65481e-10 0.00023286 0.00319356 2.12535e-06 0.017225 0.00461674 0.000193022 5.18313e-11 0.052361 0.105783 0.816393 1.16853e-08 
4.51371e-05 0.00235574 0.0551874 1.49512e-08 0.00152445 0.00958983 0.000113258 2.84233e-09 0.0399747 0.465165 0.426014 3.0047e-05 
0.00127856 0.0106356 0.244642 0.013343 0.0309682 0.0170332 0.00479145 0.000474949 0.0540459 0.501693 0.120207 0.000888045 
0.00763369 0.0100057 0.0961103 0.102071 0.0536691 0.300988 0.0498823 0.00145766 0.0601599 0.0328262 0.281474 0.00372193 
0.0115181 5.07342e-05 0.724009 2.53047e-05 0.00200602 0.136174 0.005257 1.76364e-05 0.0041332 0.0746871 0.0404332 0.00168878 
0.00329135 0.0086808 0.00561544 1.34104e-05 0.151077 0.0862315 0.00429247 8.07612e-06 0.132553 0.0186888 0.58505 0.00449799 
0.000408865 0.0132401 0.115887 0.00089962 0.578762 0.0425257 0.000557252 0.000220953 0.0258339 0.0771799 0.144149 0.000335689 
0.000134431 0.0023121 0.238415 0.625302 0.000962956 0.0345018 0.00114686 2.48383e-06 0.053094 0.00144058 0.0423797 0.000307362 
0.000210063 0.00299818 0.0461634 3.3817e-06 0.000981634 0.191785 0.110365 1.5434e-06 0.427225 0.00595201 0.208099 0.00621536 
0.000289626 0.0149332 0.0879716 8.00704e-05 0.0696953 0.0223272 0.00362051 7.86291e-05 0.0922893 0.306406 0.399329 0.00297901 
8.94815e-05 4.42818e-05 0.00176515 4.54169e-06 0.000719084 0.00134126 8.65524e-05 4.3172e-08 0.957711 0.019868 0.0183285 4.21478e-05 
0.000562716 0.0175268 0.144919 0.00256221 0.569926 0.0555136 0.00304363 0.000491562 0.100227 0.0417791 0.0579517 0.0054967 
0.000596953 6.19639e-06 0.0229341 0.000200295 0.154725 0.000762778 4.92769e-06 1.90076e-06 0.0360587 0.0249861 0.759509 0.000214019 
0.014776 0.00806672 0.153136 6.82009e-05 0.1218 0.0199871 0.00804822 3.78369e-05 0.240816 0.0577088 0.375503 5.23692e-05 
3.00154e-05 0.000783099 0.00130278 2.87306e-07 0.000234457 0.0421423 6.03938e-05 4.60622e-08 0.207161 0.00937307 0.738904 8.24882e-06 
0.00104837 0.0575211 0.00697415 4.84003e-05 0.0333728 0.136611 0.00238549 4.44783e-05 0.0620042 0.00262359 0.69725 0.000116039 
0.00308696 0.000798629 0.0555423 0.00143094 0.706962 0.060964 0.00579545 0.000707722 0.0377894 0.0194394 0.106744 0.000739044 
0.000277088 0.0082117 0.255449 0.000277325 0.222466 0.0360237 0.0197187 9.78265e-05 0.236432 0.0490425 0.171319 0.000684492 
0.000246273 0.0231598 0.0595486 0.00613672 0.0753707 0.016475 0.0224703 0.000148641 0.696607 0.0128747 0.0838842 0.00307774 
7.42369e-07 0.000211508 0.0576147 7.03041e-12 0.00707875 0.000841959 0.000305405 2.31363e-12 0.0436483 0.000375457 0.889923 6.55076e-12 
0.040602 0.00379634 0.0541272 0.000367013 0.260455 0.0937204 0.00670308 0.00019133 0.299019 0.0247037 0.215436 0.000879222 
0.00560825 0.0180885 0.0531503 0.000894169 0.00806384 0.225217 0.0421209 6.92396e-05 0.0815306 0.0656939 0.488161 0.0114017 
0.000289642 0.00286173 0.147156 0.00310407 0.415641 0.0374762 0.0117831 1.83705e-05 0.226497 0.0304477 0.124704 2.15719e-05 
0.223899 0.114699 0.0594072 0.0627268 0.117068 0.0493342 0.0574651 0.00195557 0.145263 0.0117626 0.154359 0.00205981 
1.32618e-05 0.000101263 0.00296493 4.11763e-09 0.000363867 0.00209805 0.000209329 1.35507e-09 0.152242 0.274152 0.567846 9.50041e-06 
0.000171411 0.0550058 0.0716601 7.62552e-05 0.00801651 0.439685 0.0205982 3.82642e-05 0.0486977 0.0768256 0.27661 0.00261614 
8.12479e-06 0.000632707 0.00241198 7.73291e-06 0.00140074 0.0230663 0.00559679 2.54482e-06 0.912609 0.012172 0.0417394 0.000352886 
0.00193372 0.00145081 0.0846999 0.019739 0.0554102 0.0145884 0.00838019 9.03021e-05 0.0331872 0.615555 0.135841 0.0291235 
0.00280191 0.0140768 0.0607984 0.000660647 0.575799 0.0126573 0.0109008 0.000526658 0.126448 0.0755723 0.116227 0.00353142 
8.47313e-05 0.00140563 0.0302675 0.826013 0.0381302 0.00181256 0.00125298 1.04019e-05 0.078901 0.00388387 0.0180801 0.000158411 
0.000272538 0.04888 0.0350838 0.00144457 0.0656745 0.0227396 0.0022157 0.000116536 0.600391 0.00224275 0.220557 0.000382403 
0.000106002 0.0203561 0.0716368 0.000365327 0.00481257 0.0230761 0.000178726 1.86993e-06 0.091744 0.00585126 0.781819 5.26104e-05 
0.000286847 0.0255475 0.1132 0.00263502 0.172529 0.0281726 0.0093754 0.000141946 0.126958 0.0442977 0.456903 0.0199532 
2.0881e-05 0.000412746 0.0243879 1.37849e-08 0.00501809 0.000395091 3.98418e-08 1.18106e-08 0.123865 0.00276594 0.843134 1.00123e-07 
0.00177324 0.000827199 0.159472 0.00455503 0.0461474 0.516881 0.0130972 3.78786e-05 0.0344497 0.0154612 0.203831 0.00346707 
0.000413447 0.0830213 0.351116 0.000181221 0.1067 0.0190092 0.0082535 0.000132126 0.0188676 0.0778793 0.331024 0.00340196 
0.00582697 0.000469454 0.10337 0.000326493 0.194573 0.0430368 0.00163869 2.58779e-07 0.436608 0.0777386 0.136397 1.51782e-05 
0.00504776 0.0196039 0.109982 0.00234442 0.0924112 0.137323 0.009579 0.0011584 0.146516 0.0716366 0.400131 0.00426687 
0.00354191 0.0016529 0.110234 0.000796366 0.0115195 0.00368754 0.0330435 3.69454e-05 0.735599 0.000902309 0.0976643 0.00132174 
1.2068e-08 3.29454e-06 0.0302289 4.03211e-06 0.830673 0.0111675 4.00867e-09 3.7799e-09 0.0109013 0.0355071 0.0815148 1.07023e-08 
0.000749136 0.0410868 0.00906447 3.45858e-05 0.0318776 0.120878 0.00333456 3.17803e-05 0.0501979 0.00764823 0.735014 8.29103e-05 
0.00604454 0.000400736 0.497314 0.0110213 0.0684712 0.0554343 0.116886 0.000389697 0.0231005 0.00381082 0.216321 0.00080629 
0.032353 0.0139657 0.344977 0.000472172 0.0630961 0.0158641 0.0226871 0.000205231 0.096131 0.302882 0.104588 0.00277817 
4.22143e-08 0.00980231 0.00543536 4.01782e-08 0.619533 0.0392476 1.40225e-08 1.32222e-08 0.2748 0.00968459 0.0414967 3.74371e-08 
8.32781e-05 0.000919614 0.405187 0.00404404 0.00221684 0.277481 0.0137957 9.43271e-06 0.030002 0.222287 0.0439565 1.80947e-05 
0.000106417 0.00420592 0.0374305 0.000615891 0.0156823 0.195113 0.0272243 8.33702e-05 0.0176715 0.0199495 0.64922 0.0326972 
0.000525544 4.59856e-05 0.0539133 8.36736e-09 0.00144334 0.0127775 0.000294292 7.17002e-09 0.0791485 0.112821 0.739031 6.07868e-08 
3.99582e-06 0.00410844 0.0074592 0.000229813 0.0818168 0.00291046 0.000668628 2.28416e-06 0.732691 0.0994827 0.0702999 0.000327026 
2.20436e-05 0.112118 0.048808 0.00490313 0.0125382 0.252767 0.0406616 1.12037e-05 0.0377193 0.292187 0.195407 0.00285703 
4.59084e-05 0.0655224 0.0240106 0.000437296 0.0193514 0.0333384 0.0194346 3.04077e-06 0.667182 0.0331488 0.134746 0.00277952 
0.06763 0.0755412 0.062816 0.000261954 0.329142 0.0728177 0.00859487 0.000173835 0.237019 0.00989539 0.128737 0.0073716 
0.00368307 0.0093582 0.214944 0.000236784 0.0296053 0.114786 0.00209816 7.88416e-05 0.0912472 0.186183 0.347157 0.000621764 
5.78548e-05 0.0276429 0.0191095 1.37396e-05 0.00843702 0.0414291 0.0247105 3.55366e-06 0.0734153 0.00348592 0.801669 2.55673e-05 
0.000643497 0.00189303 0.824224 0.000615308 0.0458918 0.0175167 0.0101693 0.000153781 0.00777128 0.00851333 0.0741383 0.00846947 
0.000909781 0.00267752 0.256451 0.00133418 0.0209946 0.211271 0.0781533 0.000140416 0.0120587 0.00119275 0.412907 0.00190957 
0.000247916 0.00681248 0.322672 0.000132291 0.00673817 0.38389 0.0240692 9.08803e-05 0.0464151 0.0352596 0.173273 0.000399115 
0.0010485 0.00339086 0.0935625 2.92749e-05 0.00576531 0.0871914 0.00863429 2.15802e-05 0.0556062 0.117424 0.627267 5.89808e-05 
1.30575e-09 0.0140025 0.0527963 3.83328e-06 0.00209054 0.00663089 5.86817e-08 4.08984e-10 0.152744 0.387975 0.383716 4.11211e-05 
1.46046e-06 0.000103431 0.807777 1.39002e-06 0.0153222 0.0122756 3.21941e-05 1.24475e-06 0.00121045 0.0508916 0.112382 1.7788e-06 
0.0016768 0.00117923 0.200344 0.0135112 0.012272 0.0850796 0.0071732 3.22421e-05 0.348836 0.0196638 0.30997 0.000261888 
0.000192252 0.00303401 0.0378919 0.00177471 0.00715263 0.00803367 0.0068184 0.000149018 0.20919 0.0119894 0.713569 0.0002051 
7.36875e-05 2.06126e-06 0.016155 5.77699e-10 0.142631 2.94566e-06 1.2662e-05 1.90115e-10 0.68653 1.63179e-05 0.154574 3.55324e-06 
0.00166183 0.000513723 0.529194 0.000433698 0.0141291 0.353928 0.00754499 3.42656e-05 0.00467333 0.0624838 0.0192963 0.00610683 
0.0444343 0.00901039 0.0507036 0.00112497 0.656428 0.0018197 0.00244379 0.000302536 0.063477 0.103882 0.0592028 0.00717083 
2.0881e-05 0.000412746 0.0243879 1.37849e-08 0.00501809 0.000395091 3.98418e-08 1.18106e-08 0.123865 0.00276594 0.843134 1.00123e-07 
0.000244607 0.00666555 0.0895161 0.00119231 0.440739 0.0925838 0.0166789 4.43744e-05 0.204158 0.0140088 0.132816 0.00135258 
4.13834e-09 0.976768 9.30025e-05 1.29188e-07 0.000418334 0.000146294 0.000949382 2.18681e-09 0.0208508 0.000340877 0.000433267 1.91839e-08 
0.000995603 0.00364636 0.515158 0.000160291 0.00211299 0.172564 0.0063502 3.05759e-05 0.054029 0.026506 0.217965 0.0004825 
0.00114411 0.0343568 0.136177 0.00291847 0.100592 0.0420755 0.0212271 0.00063956 0.273464 0.0390426 0.341251 0.00711192 
3.62081e-05 0.00112051 0.0283455 1.1144e-06 0.00736288 0.124512 0.00181324 9.50929e-09 0.0167802 0.00157049 0.815857 0.002601 
7.59945e-07 6.65041e-07 0.0954251 6.00997e-10 0.30821 0.0159195 2.09752e-10 1.97782e-10 0.100788 0.0404571 0.439198 7.09655e-07 
0.000822626 0.000167773 0.0646748 0.000226225 0.0607273 0.098429 0.00297936 1.01509e-05 0.16061 0.151304 0.0619335 0.398115 
9.38113e-05 0.00219514 0.409328 8.39135e-05 0.0284749 0.0417193 0.00179827 4.99598e-05 0.0890491 0.0896504 0.336833 0.000724797 
0.00337436 0.00199434 0.215024 0.000427563 0.0486297 0.00453011 0.0146502 3.98238e-06 0.0969509 0.00142694 0.612616 0.000371645 
0.000317727 0.000436534 0.00824897 0.00402701 0.0216451 0.0827356 0.0250636 1.33948e-06 0.0302609 0.0294768 0.791595 0.00619173 
0.00182552 0.000768501 0.354028 5.31372e-05 0.0806003 0.104723 0.0114397 3.45191e-05 0.1226 0.128486 0.195013 0.000428909 
0.000253609 0.0633932 0.0224116 0.000174507 0.0422531 0.0551887 0.0191487 9.32301e-05 0.690355 0.0171218 0.0888314 0.000775326 
0.000561435 0.0547885 0.219209 5.12868e-05 0.0910484 0.00803115 0.000159143 3.23295e-05 0.398867 0.0348795 0.192062 0.000310421 
2.56021e-07 2.05051e-05 0.00424157 2.43673e-07 0.76096 0.0738898 0.0135389 8.01901e-08 0.080066 5.24691e-05 0.0671748 5.50647e-05 
3.05893e-05 0.00912736 0.0387718 0.000448375 0.612694 0.00720753 0.00676687 1.90502e-05 0.188435 0.0273827 0.105313 0.00380378 
9.43955e-06 0.00847284 1.99156e-05 3.548e-07 0.977673 0.00540689 5.44113e-06 1.16761e-07 0.00733322 0.000994093 2.35917e-05 6.12868e-05 
0.0138347 0.00501807 0.7734 0.0153656 0.00194975 0.0390785 0.00503844 9.42953e-05 0.013823 0.0259088 0.106327 0.000161447 
8.28177e-05 0.00293473 0.191056 8.59857e-05 0.0291071 0.0135453 0.00205214 3.88615e-05 0.11994 0.0298838 0.611206 6.65411e-05 
0.000176295 2.46403e-05 0.176831 1.74277e-07 0.00236847 0.126096 0.00996081 5.26385e-09 0.0111244 0.0482974 0.625119 8.02558e-07 
0.000169594 0.0172324 0.0830057 0.000111582 0.583183 0.033628 0.000721007 4.90789e-05 0.258006 0.0214826 0.00223051 0.000180442 
4.11361e-08 0.000108646 0.151823 3.9152e-08 0.718224 0.0075335 3.85019e-05 1.28845e-08 0.0507613 0.0323357 0.0192109 0.0199637 
4.61888e-07 1.31657e-07 0.0106212 1.92923e-09 1.87353e-07 3.20505e-06 0.0379993 6.3489e-10 0.0198279 0.107641 0.823907 1.79761e-09 
0.0003246 0.000445991 0.0289884 4.61041e-09 0.0166075 0.00253909 0.000762149 3.58179e-09 0.0530855 0.000580864 0.896666 9.54488e-09 
0.000629308 0.00322621 0.0422233 0.000410293 0.0114756 0.242968 0.11259 8.47258e-05 0.0249019 0.0217241 0.532209 0.00755735 
0.000202749 0.0310621 0.0915689 0.00038873 0.106003 0.231811 0.0400303 0.000202639 0.199722 0.0362256 0.255697 0.00708582 
0.000734994 0.0187977 0.493896 0.00403525 0.0808226 0.143182 0.013842 0.000387917 0.0699267 0.0310368 0.126157 0.0171807 
0.00670396 0.0718598 0.196524 0.00109071 0.342427 0.0254862 0.00186357 4.79452e-05 0.143201 0.00951665 0.176967 0.024312 
0.00104837 0.0575211 0.00697415 4.84003e-05 0.0333728 0.136611 0.00238549 4.44783e-05 0.0620042 0.00262359 0.69725 0.000116039 
0.000135806 2.93424e-05 0.0342117 0.00347982 0.0623074 0.70458 9.3897e-06 2.0375e-06 0.00575622 0.0695749 0.117336 0.00257748 
0.000182738 0.0209153 0.396314 0.000521379 0.0124274 0.14381 0.00287846 2.27196e-05 0.0744452 0.196491 0.150038 0.00195333 
1.59065e-07 0.270332 0.0388876 6.96203e-08 0.0246452 0.0235231 0.000684115 1.71123e-11 0.243168 0.232309 0.16645 3.83292e-07 
0.00357769 0.000820112 0.163112 0.0640575 0.00891766 0.0796348 0.0198445 0.000215914 0.400609 0.0171361 0.241668 0.000407002 
5.98441e-06 0.000222658 0.00843046 0.000366829 0.650594 0.0418837 0.00537399 4.47042e-06 0.0851988 0.109146 0.09757 0.00120332 
3.96038e-08 1.17319e-07 3.42916e-07 1.17755e-11 0.00256457 0.0874514 1.40968e-07 3.87521e-12 0.0128687 0.00114788 0.895967 6.69409e-08 
8.3893e-07 1.99687e-05 0.0514406 3.82374e-09 7.36008e-06 1.68953e-05 3.96879e-06 1.25835e-09 8.92386e-06 0.0669919 0.88151 3.56287e-09 
1.86911e-05 0.0659781 0.0454387 0.000115851 0.012932 0.00202993 0.00056102 1.56665e-05 0.80907 0.00495765 0.0577786 0.00110415 
0.000675432 0.0045714 0.0283361 8.95052e-05 0.00357601 0.123794 0.0549887 2.2112e-05 0.0433374 0.0547917 0.683457 0.00235972 
1.78578e-05 0.00992721 0.0106441 6.68834e-05 0.870256 0.00110739 0.000300493 1.48086e-06 0.0179661 0.0383149 0.0500702 0.00132738 
0.000250761 2.85919e-05 0.895077 1.79447e-05 0.00399331 0.00804115 2.21949e-05 7.17568e-06 0.00250654 0.0452357 0.0447484 7.13478e-05 
0.00182012 0.310848 0.0405206 0.000720777 0.0131813 0.311192 0.0205312 8.73042e-05 0.0716528 0.0135984 0.200072 0.0157743 
0.000360255 0.000433096 0.857115 5.1836e-05 0.0128424 0.0157722 0.00480344 3.88828e-05 0.00261247 0.0196751 0.0829584 0.00333708 
2.58502e-05 0.000604985 0.0589471 0.000104266 0.0326245 0.0182362 0.0133406 2.09155e-05 0.0176566 0.00257472 0.855263 0.000601623 
0.00746053 0.0111243 0.0509915 0.00889812 0.343087 0.289262 0.0028531 0.000173685 0.109832 0.0529579 0.12203 0.0013304 
9.3038e-05 0.00513531 0.0473019 0.000118636 0.0630991 0.0154142 0.00495881 1.45849e-05 0.0543267 0.126146 0.682406 0.000985906 
0.0154322 0.000260342 0.488362 0.000517293 0.312037 0.0497306 0.00133546 3.5863e-05 0.0238737 0.0788459 0.0293485 0.000220421 
6.28381e-09 0.00149942 0.015662 1.48626e-06 0.748553 0.050916 0.00518265 1.9682e-09 0.0925178 0.0379088 0.0437174 0.00404193 
3.96038e-08 1.17319e-07 3.42916e-07 1.17755e-11 0.00256457 0.0874514 1.40968e-07 3.87521e-12 0.0128687 0.00114788 0.895967 6.69409e-08 
0.0816389 0.0103605 0.267268 0.0161519 0.125043 0.342522 0.00213497 0.000186964 0.00826491 0.0864389 0.0586563 0.00133426 
0.000133812 0.0034814 0.35162 0.000156726 0.0606949 0.0659099 0.000316646 2.28486e-05 0.0517205 0.063511 0.402176 0.000256145 
5.295e-06 0.0435954 0.01886 0.0035662 0.0399399 0.00184331 0.000986437 4.68305e-06 0.774407 0.00363226 0.0780417 0.0351176 
0.000276347 0.0394057 0.143724 9.66654e-05 0.00342897 0.00281594 9.24047e-05 3.46339e-06 0.137121 0.00147637 0.671508 5.18043e-05 
0.000117199 0.0249587 0.112494 0.00613798 0.0168334 0.00966339 0.00162427 1.07372e-06 0.451998 0.0489678 0.325463 0.00174108 
0.00506847 0.013867 0.0313242 0.00390232 0.792893 0.0230146 0.000824218 6.03745e-05 0.050803 0.0194958 0.0585134 0.000233506 
7.5719e-08 0.000770179 0.00643609 6.72992e-07 0.00225503 0.00141506 0.0012706 2.33626e-08 0.892984 0.00754461 0.0871513 0.000172667 
2.73579e-05 0.00171896 0.0364339 0.929219 0.00281188 0.00141539 0.00156539 1.75932e-05 0.0155094 0.00170632 0.00951237 6.25431e-05 
2.06448e-06 0.0968927 0.359984 0.32426 0.00175661 0.0089211 0.00135533 2.49576e-09 0.198495 0.00347906 1.69954e-07 0.00485287 
0.00171653 0.00165253 0.0242481 0.00158389 0.515949 0.119763 0.00148896 1.18663e-05 0.109329 0.17585 0.0479526 0.000454063 
3.52407e-12 0.00364812 0.497437 6.74174e-10 0.00283169 0.0180896 1.68578e-08 1.1038e-12 0.0112502 0.0270415 0.4397 1.62951e-06 
0.00357769 0.000820112 0.163112 0.0640575 0.00891766 0.0796348 0.0198445 0.000215914 0.400609 0.0171361 0.241668 0.000407002 
0.000140984 0.0103823 0.0402567 0.00432572 0.787298 0.012526 0.00636413 6.2806e-05 0.0746037 0.0292242 0.0257148 0.00910017 
9.94976e-10 8.12552e-07 5.03116e-06 9.46986e-10 0.914545 0.00688618 3.30505e-10 3.11643e-10 0.0737969 7.52992e-07 0.00476442 1.32445e-06 
0.00150038 0.00623519 0.0470346 0.00119191 0.0214796 0.112701 0.0690975 0.000679007 0.0444907 0.133892 0.541343 0.0203563 
0.000865619 0.00800337 0.0747064 1.05362e-11 0.0369199 0.00123711 0.000200666 3.46735e-12 0.566408 0.00184585 0.309253 0.000560534 
0.00196942 0.000633019 0.0512015 0.00119606 0.0171504 0.162723 0.0112541 1.80793e-05 0.0170721 0.673604 0.0629009 0.000276665 
0.000301045 0.0222754 0.0213317 0.000421887 0.0370503 0.00395461 0.000331161 0.000225165 0.0225443 0.620019 0.269193 0.00235305 
0.000337739 8.56568e-06 0.0282301 1.14049e-05 0.87631 0.000442981 0.000326119 7.35121e-06 0.0745478 0.00529795 0.0121928 0.00228722 
6.46024e-05 0.000642306 0.0409571 7.31242e-12 4.96507e-05 0.00297453 4.72018e-05 2.40644e-12 0.00838504 0.0809222 0.865957 2.0034e-08 
0.0019355 0.0444205 0.225576 0.0576015 0.0863995 0.214184 0.0192173 0.000885693 0.0313299 0.0540127 0.240126 0.0243106 
0.000134431 0.0023121 0.238415 0.625302 0.000962956 0.0345018 0.00114686 2.48383e-06 0.053094 0.00144058 0.0423797 0.000307362 
8.19017e-05 0.00137806 0.00947039 0.00018988 0.0530928 0.00537474 0.000468256 5.64609e-07 0.884206 0.00921756 0.0361899 0.000329803 
0.000371722 0.000996606 0.3666 0.00961658 0.00823542 0.256159 0.000181624 3.26441e-06 0.0413729 0.00855272 0.307861 4.92242e-05 
6.24032e-05 0.000349438 0.572851 0.00146312 0.0606269 0.0787016 0.00053213 5.37326e-05 0.118216 0.099209 0.0677374 0.000197163 
1.76582e-05 2.70051e-06 0.217944 7.31261e-05 2.59054e-06 0.582946 9.78497e-06 1.19233e-09 0.000726599 0.0204954 0.177782 3.37593e-09 
0.00254852 0.0496614 0.0287781 6.20853e-05 0.0220897 0.00852961 0.00250518 5.69677e-05 0.673486 0.033898 0.178097 0.000288078 
6.00977e-10 0.00162079 0.000224061 5.7199e-10 0.000103162 0.657612 1.99628e-10 1.88236e-10 0.000427265 0.327554 0.0124074 5.13133e-05 
0.000160373 0.00440889 0.0721879 0.000642091 0.0585684 0.0914682 0.00967407 0.000128817 0.355481 0.0200277 0.386226 0.00102613 
0.0156464 0.0569495 0.0128812 8.89627e-05 0.0410053 0.0111221 0.252425 8.6723e-05 0.503997 0.0017253 0.101933 0.00214003 
4.62099e-05 0.147359 0.127511 0.000814513 0.328955 0.0182242 0.000390484 5.56417e-06 0.0802837 0.023664 0.272527 0.00021952 
0.00212037 0.0116339 0.0865267 8.70579e-05 0.428711 0.0643606 0.000300281 7.13429e-05 0.188926 0.00508225 0.211896 0.000284894 
0.00246434 0.00430144 0.034107 0.0979348 0.159806 0.079731 0.00270876 0.000138635 0.539582 0.0401609 0.0303666 0.00869818 
0.00118934 0.00059094 0.212276 0.00309994 0.00707015 0.183699 0.0248257 2.43681e-06 0.0329273 0.311014 0.222932 0.000373072 
8.5505e-05 0.00564411 0.09688 1.34567e-05 0.250559 0.00289064 0.000156454 4.74628e-08 0.345569 0.00405515 0.294148 6.43603e-08 
0.000207236 0.0676721 0.112503 0.0031026 0.0649337 0.104298 0.0294561 3.96272e-05 0.127518 0.0606744 0.429259 0.000336447 
4.59761e-11 0.164487 0.0012074 4.37586e-11 0.0135073 3.11933e-08 0.000253665 1.44005e-11 0.815925 0.00362622 0.000993317 4.07732e-11 
0.0115536 0.0381946 0.0452027 0.000805162 0.0588633 0.0485459 0.00274414 0.000355187 0.054359 0.0564577 0.681639 0.00127928 
0.000363043 0.08748 0.432985 7.01961e-05 0.0125672 0.121982 0.00181923 6.73137e-05 0.0317289 0.0190607 0.291692 0.000184313 
4.69764e-05 0.0466407 0.0451088 3.91837e-05 0.0755283 0.00225408 0.250657 9.71684e-09 0.546772 0.0158929 0.0165457 0.000515308 
9.45849e-08 0.0166589 0.0619007 7.04197e-07 0.0134387 0.217532 0.00303562 4.31033e-09 0.66593 0.00405337 0.0134345 0.00401584 
3.47778e-06 0.000189804 0.357134 0.0546808 0.0298284 0.0236877 0.330896 4.98212e-10 0.108518 0.0600998 0.0347522 0.000210736 
0.000749136 0.0410868 0.00906447 3.45858e-05 0.0318776 0.120878 0.00333456 3.17803e-05 0.0501979 0.00764823 0.735014 8.29103e-05 
4.04966e-05 0.00205256 0.248985 8.39439e-05 0.00120447 0.0381364 0.000157936 4.01352e-07 0.029857 0.0226187 0.656665 0.000198117 
0.00800873 0.0768854 0.0392059 0.00138048 0.0223834 0.02934 0.0228379 0.000146088 0.617045 0.0306239 0.144747 0.00739615 
0.0272071 0.0037739 0.103838 7.48489e-05 0.0694147 0.0826947 0.00245698 2.22617e-05 0.398739 0.0319981 0.278306 0.00147426 
0.00464489 0.00127469 0.339202 0.00866106 0.0418648 0.131145 0.00646755 9.13874e-05 0.0518881 0.0408433 0.371806 0.00211073 
0.138427 0.00802668 0.0520574 8.40221e-06 0.00325941 0.00369629 0.0029071 6.4885e-06 0.0671149 0.112105 0.612307 8.48031e-05 
0.000398684 0.000173139 0.0281373 0.00128872 0.0033519 0.696459 0.000262833 9.57393e-05 0.173794 0.0533028 0.0425958 0.000139892 
0.0101093 0.00308974 0.791246 0.000220777 0.0242193 0.0131205 0.0122206 6.30547e-05 0.0261637 0.0747732 0.0442833 0.000490975 
0.00219641 0.0105717 0.382732 0.0019083 0.075041 0.0252459 0.0601163 0.00163309 0.0371678 0.182717 0.210923 0.00974778 
3.65498e-08 0.000134702 0.0237926 3.47869e-08 0.884788 1.10969e-06 1.21409e-08 1.1448e-08 0.00957744 0.00246132 0.003083 0.076162 
0.0023162 0.00871524 0.304035 0.039311 0.0551655 0.317259 0.0116589 0.00134788 0.0279275 0.0392469 0.190385 0.00263289 
3.12835e-05 0.0512619 0.0124365 4.47278e-05 0.373019 0.0303783 0.00560898 2.19983e-05 0.103486 0.0770444 0.343773 0.00289357 
0.000228446 0.153174 0.233049 0.00627909 0.0678114 0.157954 0.0116603 0.000163347 0.0837083 0.0118768 0.26833 0.0057646 
0.00211764 0.0138389 0.253733 0.000341836 0.00856568 0.577388 0.0106 9.20884e-06 0.0213062 0.0467705 0.055918 0.00941122 
0.000447308 0.00148958 0.0158631 0.000870531 0.0287028 0.00778979 0.00763429 3.8891e-05 0.637095 0.0591436 0.240806 0.000119288 
0.00515299 0.00677805 0.453186 0.000217723 0.112988 0.135445 0.000780424 0.000196647 0.0266509 0.0224574 0.23329 0.00285663 
0.000125141 0.00254948 0.0697919 0.000728807 0.0236924 0.237946 0.0216012 8.92299e-05 0.0383492 0.0416621 0.542758 0.0207058 
2.31124e-09 9.75269e-05 9.21689e-06 1.87002e-05 4.23139e-05 1.15483e-05 0.49742 7.23918e-10 0.477387 0.0250001 1.37514e-05 2.04968e-09 
0.00426607 0.00344912 0.169921 0.00965348 0.115552 0.071072 0.0123112 0.000191888 0.128199 0.166698 0.318296 0.000390169 
0.00153013 0.029071 0.0385175 0.00154735 0.106123 0.00894551 0.00120579 0.000238232 0.0205012 0.043775 0.747256 0.001289 
0.000416307 0.0110854 0.0302338 0.000455042 0.00237693 0.0431914 0.0434667 7.60914e-05 0.0295311 0.0175458 0.821412 0.000209354 
3.02378e-07 0.000375819 0.0216075 0.000647154 0.0139566 0.00233477 0.00100229 4.15907e-08 0.769746 0.136338 0.0534695 0.000521618 
0.00591053 0.0473545 0.0960133 0.00171878 0.373525 0.0266778 0.0169371 0.000193099 0.220121 0.0162244 0.188615 0.00670868 
3.24744e-07 3.45119e-06 0.129546 6.45383e-05 0.0635774 0.00781557 0.000643658 8.20182e-10 0.0346633 0.702822 0.00369635 0.057167 
3.20385e-05 4.62247e-06 0.00681587 4.57325e-08 0.0204891 0.0122808 4.52788e-05 1.50501e-08 0.0406783 0.906689 0.0113767 0.00158845 
4.13834e-09 0.976768 9.30025e-05 1.29188e-07 0.000418334 0.000146294 0.000949382 2.18681e-09 0.0208508 0.000340877 0.000433267 1.91839e-08 
3.57468e-05 0.000604805 0.0790293 1.69045e-05 0.00791245 0.0260858 0.00598892 1.48457e-05 0.0109461 0.341161 0.52803 0.000174711 
0.000394584 0.023069 0.0337569 0.00102036 0.0124928 0.38912 0.120661 0.000106946 0.0287565 0.00849068 0.379341 0.00279007 
2.66715e-10 0.00706579 0.165709 2.53851e-10 1.51069e-06 0.387888 8.85956e-11 8.35396e-11 0.0486972 5.8137e-05 0.390576 4.47069e-06 
0.0175923 0.00202771 0.0543633 5.07343e-05 0.0444609 0.104664 0.0213007 4.80579e-05 0.101704 0.557542 0.0953691 0.000877498 
0.00190527 0.00700374 0.0472919 2.30915e-06 0.291446 0.147074 0.00117309 1.25438e-07 0.071858 0.22305 0.209194 2.00151e-06 
0.000199773 0.00570908 0.440388 0.000590442 0.0981993 0.0184185 0.00123464 0.000135549 0.0567758 0.0172985 0.359397 0.00165264 
0.000236442 0.0501428 0.0282673 5.98635e-05 0.0163799 0.00460592 0.00306528 6.5472e-06 0.829958 0.00471512 0.0618145 0.000747829 
6.78294e-05 0.0328649 0.0386052 0.001456 0.0393207 0.418618 0.0491264 1.54946e-05 0.01246 0.0856867 0.320502 0.00127611 
5.05102e-10 0.00548276 0.0341731 6.9853e-06 0.0259182 0.00414033 0.00144399 1.58207e-10 0.720624 0.0893295 0.118416 0.000464881 
0.00764766 0.00750572 0.0229144 3.6927e-05 0.110417 0.039101 0.011424 1.92833e-05 0.0911671 0.0288461 0.673219 0.00770107 
2.04564e-10 0.0970834 4.54798e-05 3.91343e-08 0.0520902 3.11037e-06 9.78561e-07 6.4073e-11 0.80841 1.26384e-05 0.0422594 9.45898e-05 
2.31304e-09 3.4525e-07 0.00802634 2.20147e-09 0.527689 0.145759 0.0260699 7.24482e-10 0.158979 1.31822e-06 0.133475 8.43874e-07 
0.000749136 0.0410868 0.00906447 3.45858e-05 0.0318776 0.120878 0.00333456 3.17803e-05 0.0501979 0.00764823 0.735014 8.29103e-05 
9.13878e-05 0.0396502 0.0370545 0.00396805 0.0207591 0.0953903 0.00807801 4.58969e-05 0.610663 0.0637368 0.120158 0.000404762 
1.41647e-06 2.40757e-05 0.000236979 1.34815e-06 0.589068 0.0208557 0.000420301 4.43661e-07 0.389142 4.90676e-05 0.000141391 5.94826e-05 
0.000870645 0.587855 0.0252638 0.0616514 0.0383891 0.0600059 0.00928329 0.000583664 0.149054 0.00525114 0.0601136 0.00167921 
0.013757 0.00106552 0.110546 5.41886e-06 0.0550525 0.292298 0.0280193 1.42305e-06 0.00796472 0.129297 0.361294 0.000699393 
0.00178876 0.0218087 0.05185 0.00312744 0.113231 0.141729 0.0327877 0.000155097 0.136732 0.0445535 0.445954 0.0062828 
0.00946394 0.019752 0.440874 0.00109604 0.145108 0.108444 0.0614752 0.000971285 0.058456 0.0220926 0.130367 0.00189944 
0.0514948 0.08378 0.00452834 3.93491e-05 0.0477078 0.0109463 0.00262383 1.32011e-06 0.521132 0.000341115 0.0393999 0.238006 
1.06425e-05 0.0180863 0.000423434 0.00112249 0.256823 0.00301206 3.94266e-09 2.05946e-10 0.714375 0.00040138 0.00574026 4.83345e-06 
1.11874e-11 3.90148e-05 0.0335746 1.06478e-11 0.00237755 0.356379 0.000371134 3.50407e-12 0.00283148 0.024944 0.575983 0.00350009 
2.97176e-05 0.00351885 0.538911 0.000211118 0.0362063 0.00138083 0.000262139 1.2894e-05 0.0574422 0.00650841 0.355163 0.000353419 
0.00286331 0.0128775 0.114919 0.00405614 0.114264 0.343517 0.0858139 0.000340021 0.0524557 0.0309094 0.067545 0.170439 
0.0536901 0.00920209 0.00951768 4.15828e-05 0.581295 0.000313135 0.000254039 2.9397e-08 0.324712 0.00202324 0.0189442 6.935e-06 
2.28891e-05 0.000483732 0.137467 4.27623e-06 0.0296025 0.0542493 0.00031768 1.74695e-06 0.00609018 0.0493692 0.722095 0.000296706 
4.47188e-05 0.000115066 0.0259978 0.000883862 0.353035 0.022217 0.0293673 2.95536e-05 0.230451 0.142416 0.195062 0.000379685 
0.00271378 0.065632 0.154867 0.0023223 0.0449314 0.0356701 0.0385179 0.000474208 0.0698511 0.0103387 0.572505 0.00217632 
0.00779178 0.00834514 0.0850172 0.00106874 0.0512201 0.326763 0.0079036 5.0967e-05 0.0849043 0.0825444 0.312709 0.0316821 
4.29457e-05 0.00141868 0.245275 0.000797532 0.0663359 0.00532937 0.00151562 3.46862e-05 0.138484 0.0383214 0.501562 0.000883454 
1.08081e-05 0.0404606 0.0627119 1.29725e-05 0.150883 0.0432994 0.00229372 6.2927e-06 0.0932026 0.121807 0.484384 0.000927754 
4.82706e-10 0.000213246 0.0178375 4.59424e-10 0.000619638 0.251304 4.96281e-06 1.51192e-10 0.00759705 0.0101711 0.712253 4.2808e-10 
2.91235e-05 0.0775839 0.187871 6.40879e-07 0.00694311 0.0060205 0.00510498 5.13542e-08 0.506508 0.00262164 0.195496 0.0118205 
0.00345291 0.00710417 0.0165592 0.00274084 0.0194297 0.0539733 0.00133976 0.000205804 0.0453199 0.814958 0.0328212 0.00209517 
0.00203055 0.010652 0.201205 0.000933536 0.0543401 0.04433 0.00507952 1.63853e-07 0.20021 0.235298 0.240401 0.00551885 
2.79897e-08 5.49537e-08 0.237393 5.62311e-08 0.000869571 0.0116825 1.59306e-07 1.60705e-08 0.000160151 1.972e-07 0.749894 5.6042e-07 
1.87991e-05 2.00844e-06 0.0153433 3.76012e-07 0.727986 0.0290389 1.31231e-07 1.23742e-07 0.0703879 0.141601 0.0156207 3.50359e-07 
0.0310583 0.0817031 0.0534555 0.0324318 0.0716138 0.296121 0.0030437 0.000386454 0.36839 0.000854737 0.0525936 0.00834828 
0.00364272 0.000291825 0.15736 2.27405e-06 0.0128749 0.0145426 3.80684e-05 1.35826e-06 0.00254128 0.0341117 0.0258318 0.748762 
0.00046315 0.0796803 0.0194552 8.26672e-05 0.0072028 0.313493 0.0103627 5.9603e-05 0.040966 0.0142999 0.513348 0.000586277 
0.000995603 0.00364636 0.515158 0.000160291 0.00211299 0.172564 0.0063502 3.05759e-05 0.054029 0.026506 0.217965 0.0004825 
0.000103187 0.00409735 0.0359455 1.96483e-06 0.00302811 0.781024 1.2934e-05 1.60557e-06 0.013435 0.15427 0.00752122 0.00055863 
3.68283e-05 0.0023577 0.0551121 7.43222e-06 0.00548823 0.258981 0.000964235 4.7233e-06 0.00770483 0.00517383 0.664046 0.000122462 
0.000249884 0.000141493 0.299194 1.52007e-06 0.000211686 0.000338181 2.05541e-05 5.00238e-07 0.0106306 0.516601 0.17261 1.41636e-06 
1.59845e-05 0.00174699 0.0212081 7.7779e-09 0.0165696 0.00165858 0.000255859 2.57565e-12 0.416514 0.000196638 0.541834 7.29264e-12 
0.000529534 0.0109323 0.0138784 8.65279e-05 0.261437 0.022262 0.00131216 6.44628e-05 0.223865 0.00185395 0.453885 0.00989439 
1.37741e-05 0.00151477 0.45811 0.00025392 0.000527616 0.200462 0.000673702 5.14902e-06 0.00364987 0.0882921 0.246448 4.86357e-05 
3.99519e-05 0.0104072 0.0255808 4.67864e-05 0.00635449 0.0589942 0.0791712 3.21248e-05 0.0221625 0.0677551 0.728678 0.00077803 
0.00110278 0.0512231 0.172735 0.00360373 0.00761588 0.531544 0.00240129 3.59464e-05 0.0365926 0.0444385 0.14592 0.0027873 
0.00315936 0.00201084 0.100288 0.000166425 0.0325566 0.239898 0.0123055 0.00016151 0.0507988 0.0857205 0.463959 0.00897523 
0.00124798 0.00647009 0.0231809 0.00796935 0.141959 0.00829463 0.0047911 4.80209e-05 0.668008 0.0326391 0.105067 0.000324864 
2.25927e-10 4.23426e-09 0.0646523 2.1503e-10 0.16903 0.0116998 0.00322878 7.07642e-11 0.0134331 8.3659e-06 0.737881 6.75015e-05 
4.645e-05 0.00611288 0.0829116 3.74225e-05 0.628717 0.00876733 0.000275483 3.51331e-05 0.0279576 0.107599 0.137373 0.000167363 
2.58502e-05 0.000604985 0.0589471 0.000104266 0.0326245 0.0182362 0.0133406 2.09155e-05 0.0176566 0.00257472 0.855263 0.000601623 
0.000371722 0.000996606 0.3666 0.00961658 0.00823542 0.256159 0.000181624 3.26441e-06 0.0413729 0.00855272 0.307861 4.92242e-05 
0.00097522 8.37926e-05 0.655034 7.21046e-05 0.0392597 0.0807965 3.96774e-05 3.7848e-05 0.0813077 0.00384919 0.0828472 0.0556969 
5.45228e-06 0.0057582 0.129104 0.000408967 0.0637361 0.000306081 0.00152927 2.71315e-06 0.0122347 0.681218 0.105169 0.000526806 
8.23055e-11 1.96469e-07 0.0117805 3.22659e-06 0.00306762 0.00445921 0.000228996 2.57795e-11 0.207949 0.00255736 0.769767 0.000187034 
0.0025128 0.0140685 0.0464531 0.0267742 0.370036 0.0517513 0.00867705 4.05112e-05 0.291053 0.0865829 0.101691 0.00035998 
0.000108357 0.000156454 0.00665727 4.8874e-08 0.0127126 0.0101821 0.00457728 1.3787e-08 0.926111 0.00181075 0.0370334 0.000650348 
0.00251453 0.0116174 0.061954 0.00312421 0.0358537 0.032595 0.00109346 1.42123e-05 0.792927 0.0263235 0.0314127 0.000570504 
4.85404e-06 0.00184925 0.00396469 4.75461e-05 0.288699 0.0135262 1.0796e-05 9.25947e-09 0.402543 0.000198342 0.289154 2.99444e-06 
5.1592e-07 0.00141948 0.0567673 1.71868e-06 0.0365826 0.00400864 0.0105457 4.55209e-07 0.117681 0.00807565 0.764791 0.000126024 
1.6223e-06 5.64375e-07 0.0129742 1.11954e-06 0.505382 0.00215357 1.17191e-06 8.90274e-08 0.136887 0.0173035 0.325273 2.26544e-05 
0.000275643 0.125486 0.0475955 2.42018e-05 0.00407473 0.0129938 0.000576578 6.80858e-07 0.360392 0.0384621 0.408802 0.00131605 
0.00466493 0.00617502 0.254147 0.000791141 0.0117919 0.36877 0.0132276 0.000121958 0.0125889 0.158691 0.168623 0.000407764 
0.000771696 0.0126328 0.311852 0.000828477 0.0042657 0.23899 0.039955 9.44806e-06 0.238034 0.0431954 0.104437 0.0050299 
2.61028e-06 3.35521e-06 0.220009 2.92121e-05 0.381827 8.57114e-06 0.0810073 2.50342e-06 0.0275923 0.289508 4.61205e-06 5.96977e-06 
0.000170858 0.0328496 0.241938 0.000225369 0.0618032 0.00941189 0.00481085 7.3168e-05 0.0487436 0.150594 0.439765 0.00961485 
0.000147234 0.00560632 0.0556481 2.60969e-05 0.00770237 0.0328852 0.00268381 1.86238e-05 0.0252601 0.612344 0.257037 0.000641524 
2.50969e-06 0.00025189 0.00282955 2.38864e-06 0.02004 0.000256743 0.13545 7.86078e-07 0.193387 0.477416 0.170296 6.68938e-05 
6.95371e-10 0.0304702 0.0735889 6.61832e-10 0.0735679 0.0666563 0.0120455 2.17802e-10 0.00793334 0.432888 0.300445 0.00240542 
1.39573e-07 3.73967e-08 0.0044145 7.48099e-05 0.000158471 0.0706666 0.000761474 9.05742e-09 0.0150802 0.121602 0.786942 0.000299004 
3.86049e-09 0.000268812 0.0230317 7.25847e-09 0.00507928 0.00979678 0.0184909 1.57811e-09 0.0652135 0.0115825 0.86588 0.000656311 
0.000298875 0.0017906 0.126579 0.000158731 0.37363 0.121914 0.00762282 4.18413e-05 0.0765471 0.0624472 0.216547 0.0124233 
3.15797e-06 1.34441e-05 0.0285123 1.90007e-05 0.0681665 0.663712 0.00338164 6.99272e-07 0.0196709 0.00661513 0.209902 2.87568e-06 
0.000111022 0.000453558 0.0894345 0.00025456 0.00234405 0.0951981 0.00983657 8.17119e-05 0.0440782 0.732514 0.0246638 0.00103025 
0.00102994 0.0208896 0.166241 0.000792614 0.201451 0.0908188 0.0517141 0.000499029 0.0493599 0.0867124 0.316818 0.0136738 
0.000362182 0.0279078 0.0926911 9.94285e-05 0.0266082 0.00932832 0.00452112 4.49227e-05 0.0616118 0.0122304 0.763224 0.0013705 
0.00147671 0.0226651 0.0749244 0.00103201 0.0244184 0.115995 0.0685178 0.00028674 0.0428194 0.0385831 0.558855 0.0504256 
0.00133842 0.0167195 0.127619 0.000803256 0.441186 0.339972 0.0048774 0.00029243 0.0273405 0.000392064 0.0389879 0.000471551 
0.0676852 0.00012628 0.0247005 0.151576 0.11864 0.175206 0.000288446 0.000113228 0.0126448 0.427024 0.0218055 0.000190423 
9.08511e-05 0.0140744 0.165844 8.3635e-08 0.529106 0.0436303 0.00220718 5.96175e-08 0.135045 0.00366118 0.104199 0.00214171 
0.000210376 0.000332863 0.0394483 7.4468e-09 0.00956692 0.0152304 0.0157095 6.37475e-09 0.156736 0.095942 0.666493 0.000331375 
0.000186424 0.56088 0.105075 9.3113e-05 0.0443459 0.021923 0.00295936 3.24928e-05 0.121617 0.00852419 0.132633 0.00173109 
0.00644693 0.000185188 0.198406 0.00396539 0.00770225 0.577644 0.00338606 6.63954e-05 0.00981226 0.0258342 0.166161 0.000389944 
3.24564e-05 0.0589385 0.100594 0.000703561 0.0286593 0.0723234 0.000277605 1.82334e-05 0.019422 0.232896 0.485956 0.000178543 
1.1308e-05 2.22016e-05 0.751199 2.27177e-05 0.000167212 0.000256497 6.43604e-05 6.49256e-06 5.38735e-05 0.247057 0.000912532 0.000226413 
3.50885e-05 0.00429901 0.0607438 4.89852e-05 0.0205872 0.220322 0.00103629 2.35708e-05 0.0191829 0.00292245 0.670309 0.000489136 
0.000317408 0.0069713 0.0750967 0.00646229 0.186075 0.0152477 0.00396744 0.000210888 0.200684 0.104572 0.400174 0.000220773 
1.55312e-06 0.000315689 0.127435 1.45688e-07 0.02449 0.0624054 5.23905e-05 5.17588e-10 0.513725 0.0863884 0.174485 0.0107016 
0.000565255 0.00083856 0.140989 0.000691196 0.626256 0.174598 0.000495442 0.000122543 0.0130232 0.0188164 0.0227386 0.000865247 
0.000497073 0.0391158 0.072332 2.39937e-05 0.296181 0.0543659 0.00106173 2.14899e-05 0.144577 0.130276 0.257461 0.00408677 
0.0120499 0.0384829 0.0557231 0.0115393 0.389731 0.00939506 0.00153681 0.000296845 0.322779 0.0226686 0.134826 0.000971376 
3.15786e-10 2.40309e-07 0.431122 3.30911e-07 0.320706 0.122299 2.48613e-06 9.89095e-11 0.00400877 0.0165608 0.1053 2.8005e-10 
0.00787452 0.000959967 0.0680964 0.000274595 0.0423596 0.0119105 0.593082 0.000154462 0.0776686 0.0236623 0.173722 0.000235291 
0.000333283 0.0188376 0.0403365 0.000304332 0.0112486 0.0732918 0.00572969 1.0945e-05 0.169187 0.276657 0.388122 0.0159419 
1.99058e-06 0.0177832 0.00744428 2.01528e-10 0.00614739 0.0469585 3.72843e-07 6.63207e-11 0.59028 0.283532 0.0478518 1.87779e-10 
0.00221446 0.0112472 0.161324 0.000860559 0.0416771 0.0332471 0.0107919 0.000300895 0.0838296 0.240169 0.413019 0.00131898 
0.00453836 0.00266943 0.727174 3.96502e-05 0.0177723 0.00127891 0.000136975 5.77157e-06 0.000685697 0.172115 0.0733878 0.000196314 
0.00177204 0.000180478 0.166871 6.307e-06 0.000757817 0.0679398 0.00136782 2.43962e-07 0.0301216 0.710233 0.0207489 2.76054e-07 
8.90864e-05 0.000362964 0.818743 2.0738e-05 0.094282 0.013719 0.00189723 1.96789e-05 0.0151566 0.0177395 0.0316586 0.00631165 
3.86578e-06 0.00030144 0.0240515 1.46136e-06 0.881621 0.0872013 3.31053e-06 6.05808e-07 0.00211513 0.00468433 2.93516e-06 1.26901e-05 
8.9227e-07 2.10857e-08 1.52062e-05 3.15423e-10 0.684353 0.000697073 0.000227971 1.03802e-10 0.249087 0.0023737 0.0616692 0.00157602 
2.45419e-08 0.107312 0.0784631 1.34679e-10 0.113491 0.0500211 9.90812e-08 4.43215e-11 0.160273 0.192235 0.298205 1.25491e-10 
0.000202232 0.000621492 0.0465839 4.0389e-07 0.00726415 0.804585 1.20301e-07 2.93083e-08 0.0124495 0.0204093 0.107884 3.66127e-08 
3.14352e-07 1.62605e-07 0.227854 0.00034113 0.708763 0.00838916 0.00213771 8.20526e-08 0.012215 0.028458 0.0118398 1.37683e-06 
3.34279e-06 0.00034855 1.8768e-05 3.03089e-06 0.238328 0.00130813 1.93151e-05 1.02853e-06 0.681614 0.070941 0.00733173 8.27611e-05 
3.96038e-08 1.17319e-07 3.42916e-07 1.17755e-11 0.00256457 0.0874514 1.40968e-07 3.87521e-12 0.0128687 0.00114788 0.895967 6.69409e-08 
1.09598e-06 0.00526749 0.00271133 1.04311e-06 0.0345126 0.915452 0.00142017 3.43278e-07 0.0231931 0.00240333 0.0150369 9.71949e-07 
0.00579975 0.000353549 0.0895543 8.97924e-06 0.00279429 0.0165364 0.0100381 4.71041e-08 0.00810831 0.752225 0.114562 1.90107e-05 
0.00314551 0.00060972 0.0891904 0.161363 0.229941 0.115799 0.00242095 0.000114501 0.0827251 0.160247 0.140117 0.0143278 
0.00136528 0.00313615 0.643272 1.68222e-05 0.0341333 0.0273154 0.000617308 1.18883e-05 0.0862019 0.15708 0.046645 0.000205098 
0.001326 0.000177295 0.00400781 1.58165e-05 0.0674436 0.000127327 0.000914706 3.92266e-06 0.0539551 0.0172909 0.851114 0.00362311 
0.000538409 0.000133053 0.000510853 2.43295e-06 0.917658 0.0158772 8.49116e-07 8.00659e-07 0.00199634 0.0630991 0.000180799 2.26697e-06 
0.000303965 0.0346434 0.203551 0.000198959 0.0233587 0.0915094 0.0319042 0.000120433 0.0648091 0.0124753 0.530374 0.00675217 
0.000227927 0.00995446 0.176722 4.24919e-05 0.0519859 0.0818631 0.000395709 3.07201e-05 0.0796699 0.033125 0.565837 0.000145733 
0.00241925 0.0245729 0.0570036 0.00115097 0.500534 0.0316291 0.00192505 0.000187021 0.102529 0.04263 0.23487 0.000548602 
4.52872e-05 0.00489752 0.0265656 8.67179e-06 0.0177256 0.00557936 0.00244629 2.17166e-06 0.669406 0.0044095 0.268674 0.000239428 
0.00108728 0.00519466 0.0721195 0.00625693 0.00302947 0.68716 0.00853341 0.00108619 0.0553435 0.0957427 0.0613356 0.00311044 
0.000226587 0.0336814 0.033421 0.00180986 0.00568091 0.0372432 0.00312246 1.63763e-05 0.709027 0.0300451 0.145275 0.000451303 
9.10429e-05 0.00381835 0.130956 5.91546e-08 0.265773 0.000727498 0.00337035 5.88159e-08 0.215715 0.287634 0.0919104 4.5691e-06 
0.000838307 0.00530629 0.0363321 0.000278291 0.26422 0.0225501 0.00153242 8.31014e-08 0.472089 0.017881 0.168747 0.010226 
9.10429e-05 0.00381835 0.130956 5.91546e-08 0.265773 0.000727498 0.00337035 5.88159e-08 0.215715 0.287634 0.0919104 4.5691e-06 
1.83169e-06 6.26391e-06 0.280976 6.18421e-09 0.0655598 1.02649e-05 0.0802647 2.03516e-09 0.0212889 0.180285 0.371589 1.84159e-05 
0.0140911 0.0154239 0.045742 6.50973e-05 0.232971 0.414958 0.000552619 2.63565e-05 0.0258713 0.120226 0.129649 0.000423199 
0.000298959 0.000393934 0.110838 0.000123124 0.0841668 0.389416 0.00238721 6.39226e-05 0.0563268 0.034253 0.321471 0.000260463 
0.00350072 0.00177727 0.0992292 0.00179571 0.684447 0.0141051 0.0689553 0.00025835 0.0986066 0.00561846 0.0212909 0.000415233 
