0.00357769 0.000820112 0.163112 0.0640575 0.00891766 0.0796348 0.0198445 0.000215914 0.400609 0.0171361 0.241668 0.000407002 
0.0131737 0.104217 0.0534683 0.000825276 0.115171 0.0367656 0.0346048 0.0082729 0.386237 0.0364669 0.182467 0.0283309 
5.70669e-07 0.000686561 0.0403455 6.20031e-05 0.0224818 0.0189865 0.0189165 5.7553e-05 0.676384 0.0316599 0.189731 0.00068796 
1.99342e-08 0.0416719 0.00873141 3.8328e-08 0.0169354 0.015535 0.000428742 6.98569e-06 0.684951 0.0106549 0.221079 5.93178e-06 
4.14485e-10 0.115081 0.00389401 7.60203e-06 0.00731247 0.00327916 0.00115147 8.67768e-05 0.800354 0.00131377 0.0674916 2.78574e-05 
0.000447149 0.101314 0.275803 0.00609534 0.00644154 0.0881232 0.00854067 0.000107855 0.312692 0.0992061 0.098468 0.00276031 
5.01619e-07 0.000457732 0.0358664 4.13517e-05 0.014988 0.0126578 0.0126112 3.83771e-05 0.763227 0.0277216 0.131932 0.000458672 
3.83918e-12 0.00630786 0.00347711 2.28427e-07 0.00460968 0.00304568 0.00238744 3.74205e-05 0.921483 0.000408056 0.0581906 5.29695e-05 
0.000470668 0.0774686 0.0363456 0.00120089 0.0522315 0.0135127 0.0125193 0.000267194 0.712603 0.0126972 0.0798128 0.000870654 
3.23105e-08 0.163439 0.0344283 4.53111e-12 0.0024319 0.0750857 0.00643773 8.87902e-05 0.42968 0.00826079 0.243527 0.0366203 
0.00136965 0.00751194 0.018519 6.00386e-05 0.0196749 0.00835095 0.0265851 0.000230487 0.818347 0.00323789 0.0937981 0.00231528 
0.000786238 0.0342169 0.104898 3.85944e-05 0.0105952 0.213872 0.00706466 8.88044e-06 0.367112 0.00992825 0.249964 0.0015146 
2.30106e-07 0.00226931 0.000160803 1.17317e-05 0.33483 0.0178392 0.000242937 0.0248433 0.342297 0.00112374 0.109468 0.166914 
5.09326e-07 0.048864 0.00549616 1.50478e-06 0.158773 0.000244868 0.0202593 0.000217393 0.7212 0.00550706 0.0392176 0.000218931 
0.00648446 0.185978 0.00518335 4.16574e-05 0.00410886 0.00473429 0.00634934 0.000115684 0.750859 0.00095617 0.035009 0.000180153 
0.000257838 0.00175406 0.00633492 4.93066e-06 0.118089 0.0053322 0.000494364 0.000165422 0.81476 0.0181733 0.0345321 0.000101163 
4.49184e-07 0.14891 0.0029453 4.7925e-07 0.00362366 0.0744087 0.00322823 1.27172e-05 0.616464 0.0185089 0.126258 0.00563897 
0.00193834 0.0128291 0.0221192 1.65945e-06 0.0491635 0.00545457 0.0214697 6.65594e-05 0.790482 0.030994 0.0643922 0.00108883 
5.7057e-05 0.00281253 0.035202 3.26462e-09 0.0332127 0.116123 0.000575655 1.07435e-09 0.600984 0.161834 0.0480716 0.00112815 
1.49094e-07 0.000105558 0.0134858 0.000124473 0.0306932 0.00105723 0.00336087 1.22421e-05 0.926841 0.0049701 0.0193375 1.16762e-05 
3.47353e-10 0.0638025 0.0328612 3.84984e-06 0.320295 2.35243e-05 0.00156038 6.25994e-06 0.515049 0.0216538 0.0437895 0.000955071 
0.0483006 0.0759986 0.0465329 0.000290125 0.0426877 0.0294955 0.048309 0.000343618 0.499813 0.0167608 0.191313 0.00015565 
2.30106e-07 0.00226931 0.000160803 1.17317e-05 0.33483 0.0178392 0.000242937 0.0248433 0.342297 0.00112374 0.109468 0.166914 
3.53456e-05 0.00235151 0.00504316 4.15664e-05 0.00393129 0.00287238 0.00165934 5.25965e-05 0.947575 0.00191594 0.0343213 0.000200716 
8.12891e-08 0.107003 0.00767027 9.18561e-09 0.0201126 0.00556955 0.0525472 0.000248167 0.598084 0.0105091 0.198256 1.17898e-07 
3.14809e-08 0.27793 0.180244 1.17385e-11 0.0197258 0.000425277 0.00230332 3.56237e-05 0.360105 0.0659176 0.0841804 0.00913226 
2.9506e-06 0.0398985 0.00167662 2.4897e-08 0.00325001 0.00160775 0.00538593 4.0658e-08 0.783034 0.00183102 0.162946 0.000367683 
2.64246e-07 0.109088 0.108074 0.000296664 0.247935 0.0246035 0.00266367 0.000346386 0.310789 0.0334773 0.154752 0.00797508 
0.00244526 0.133375 0.0264167 1.12216e-05 0.0374308 0.0422325 0.00717565 0.000164141 0.603514 0.00741267 0.0961565 0.0436663 
0.000108357 0.000156454 0.00665727 4.8874e-08 0.0127126 0.0101821 0.00457728 1.3787e-08 0.926111 0.00181075 0.0370334 0.000650348 
3.24905e-10 0.0233821 0.00135282 1.15134e-05 0.00540761 0.0025826 0.0012132 7.63777e-05 0.915826 6.94925e-05 0.0500401 3.80789e-05 
3.64465e-05 0.0853585 0.0228713 1.67084e-06 0.061181 0.0483065 0.00382954 0.0001005 0.731767 0.0115413 0.0345405 0.000465803 
2.27406e-05 0.350903 0.0153254 0.000230796 0.0372101 0.00522872 0.0164327 0.00013576 0.494542 0.00352917 0.0758594 0.000580487 
4.59084e-05 0.0655224 0.0240106 0.000437296 0.0193514 0.0333384 0.0194346 3.04077e-06 0.667182 0.0331488 0.134746 0.00277952 
0.000621374 0.0876676 0.0487551 3.57168e-05 0.0946513 0.0135198 0.034056 0.000371546 0.558357 0.00680069 0.154698 0.000465832 
0.000454947 0.213488 0.0126442 1.8856e-06 0.0621438 0.0496671 0.00066705 2.85322e-05 0.520247 0.0108721 0.129747 3.85959e-05 
8.93055e-05 0.237909 0.0212318 0.000271494 0.00825091 0.034118 0.000289723 0.00273122 0.577674 0.00981642 0.10736 0.0002581 
0.000356912 0.00944981 0.175991 9.65779e-06 0.284575 0.00125511 7.23111e-08 0.000152626 0.300296 0.0100808 0.214856 0.00297675 
2.91935e-09 0.0238101 0.0150138 7.60225e-08 0.0255181 0.00444528 0.000782267 3.3714e-05 0.761506 0.00920701 0.159263 0.000419896 
2.5121e-05 0.00538696 0.103996 0.271198 0.0898369 0.150431 0.0366201 8.91992e-05 0.284833 0.0255338 0.0320504 1.23514e-07 
0.000119397 0.29892 0.00367274 1.40005e-07 0.00284723 0.00996386 0.000215784 8.16292e-06 0.633311 0.0193272 0.0294814 0.00213277 
0.000236948 0.0144555 0.1913 4.32222e-07 0.0773951 0.013088 0.10667 0.000550137 0.405955 0.0119727 0.177895 0.000481623 
7.36875e-05 2.06126e-06 0.016155 5.77699e-10 0.142631 2.94566e-06 1.2662e-05 1.90115e-10 0.68653 1.63179e-05 0.154574 3.55324e-06 
0.00011003 0.0300138 0.0822099 1.22228e-05 0.0480428 0.239311 0.0230416 4.81927e-05 0.350364 0.0757709 0.14683 0.00424498 
7.27242e-07 0.000289678 0.0523117 2.19691e-08 0.0772557 0.00240004 0.0069895 0.00161474 0.734114 0.012092 0.105583 0.00734898 
4.97388e-07 0.141583 0.1116 0.000411973 0.185759 0.0383507 0.0026095 0.00064799 0.318339 0.0205686 0.177497 0.00263183 
4.07094e-10 0.0692806 0.00182611 1.00173e-06 0.00686127 0.0108331 0.000236759 5.17029e-06 0.902263 0.00406817 0.0034647 0.0011605 
2.08714e-07 0.00249314 0.0370201 5.54771e-06 0.0084209 0.18487 0.0985156 5.60427e-05 0.497864 0.00887165 0.161691 0.000192082 
0.00100906 0.0280815 0.0136216 4.26079e-06 0.00411503 0.0228275 0.00225877 3.71834e-05 0.73075 0.0074468 0.189786 6.20823e-05 
8.21569e-05 0.0437758 0.0250775 0.00123735 0.0389264 0.0436369 0.0132516 0.000314152 0.707122 0.0362167 0.0880303 0.00232958 
1.17482e-06 0.0243543 0.00108815 4.916e-05 0.0113833 0.00599637 0.000971773 0.0133198 0.877872 0.000321804 0.0645567 8.55129e-05 
0.0037626 0.0411552 0.0188686 1.10962e-06 0.00870857 0.002097 0.00152386 6.41865e-07 0.833431 0.0198293 0.069331 0.00129087 
3.24905e-10 0.0233821 0.00135282 1.15134e-05 0.00540761 0.0025826 0.0012132 7.63777e-05 0.915826 6.94925e-05 0.0500401 3.80789e-05 
0.000253609 0.0633932 0.0224116 0.000174507 0.0422531 0.0551887 0.0191487 9.32301e-05 0.690355 0.0171218 0.0888314 0.000775326 
0.00738551 0.203475 0.0151791 0.000291866 0.0218716 0.0166171 0.0215763 0.000575836 0.569358 0.0163428 0.125425 0.00190173 
3.94623e-10 0.00204428 0.2129 0.277024 0.064831 0.000495878 6.15677e-07 0.00049695 0.423551 3.84734e-05 0.0185547 6.32323e-05 
3.24905e-10 0.0233821 0.00135282 1.15134e-05 0.00540761 0.0025826 0.0012132 7.63777e-05 0.915826 6.94925e-05 0.0500401 3.80789e-05 
0.000273879 0.0422997 0.00821161 6.13208e-07 0.00314065 0.039101 0.0428369 0.000366642 0.754502 0.0894587 0.0177885 0.00201942 
1.69896e-07 0.164486 0.00555206 0.00146508 0.00916876 0.0114461 0.00939723 0.0120055 0.748223 0.00358331 0.0344794 0.000193534 
3.17788e-09 0.0134125 0.00159639 3.0246e-09 0.00520706 0.00884074 0.00340865 2.06151e-07 0.943493 0.0160618 0.00580282 0.00217729 
2.30106e-07 0.00226931 0.000160803 1.17317e-05 0.33483 0.0178392 0.000242937 0.0248433 0.342297 0.00112374 0.109468 0.166914 
0.000196743 0.00119408 0.0925503 2.81975e-06 0.0663026 0.00350879 0.331833 3.27661e-05 0.350435 0.00841449 0.145191 0.00033871 
2.21776e-12 0.000284056 9.63748e-05 1.4307e-05 0.00129605 0.000540746 0.000501194 0.000171658 0.996412 6.03212e-05 0.000583749 3.98229e-05 
0.0027124 0.0937506 0.0291421 0.000228233 0.0319211 0.0341706 0.0179734 0.000878235 0.669951 0.0358054 0.0792589 0.00420839 
5.05102e-10 0.00548276 0.0341731 6.9853e-06 0.0259182 0.00414033 0.00144399 1.58207e-10 0.720624 0.0893295 0.118416 0.000464881 
2.94796e-06 0.0184522 0.120329 1.72633e-05 0.0287239 0.161947 0.00149927 5.18835e-06 0.431452 0.0190428 0.218478 5.09473e-05 
1.69678e-11 1.18127e-05 0.0425546 3.63179e-09 0.000507945 0.00552665 9.64247e-05 5.31459e-12 0.915427 0.0297261 0.00614738 2.4297e-06 
0.000403069 0.0553156 0.0462343 7.2556e-06 0.0145647 0.0142294 0.0232855 0.00136695 0.796094 0.013661 0.0343587 0.000479933 
3.56713e-07 0.0372993 0.000455958 3.39507e-07 0.00359073 0.0206153 3.62884e-05 6.39369e-06 0.919741 0.000451037 0.0177014 0.00010199 
1.6474e-06 0.00180874 0.0248018 2.52629e-05 0.0259922 0.000640944 0.229387 6.74931e-05 0.631996 0.000119339 0.0849822 0.000176841 
2.89026e-10 0.00855261 0.000530178 4.96937e-05 0.00111426 0.0171545 0.00915578 6.07558e-05 0.815986 0.0522534 0.0912919 0.00385126 
7.55972e-05 0.00498266 0.0762531 1.41078e-07 0.0603825 0.00632652 0.265374 0.152091 0.28261 0.0499553 0.101716 0.000233803 
0.153962 0.0138841 0.0138816 1.89085e-06 0.0158352 0.0124759 0.0146254 9.12513e-05 0.633681 0.0017428 0.137197 0.00262248 
3.24905e-10 0.0233821 0.00135282 1.15134e-05 0.00540761 0.0025826 0.0012132 7.63777e-05 0.915826 6.94925e-05 0.0500401 3.80789e-05 
7.82246e-05 0.0246219 0.0469547 0.0963339 0.182887 0.121148 0.0187982 0.000188609 0.429589 0.0376921 0.0408795 0.00082982 
0.000452914 0.0390211 0.00365352 4.33946e-05 0.00868917 0.0138983 0.00403169 0.000113739 0.85769 0.00120857 0.0708697 0.000328276 
0.0157688 0.0113974 0.00386552 0.000821525 0.0138786 0.0508233 0.0118167 5.8564e-08 0.805742 0.00293593 0.0829502 3.12827e-07 
2.21776e-12 0.000284056 9.63748e-05 1.4307e-05 0.00129605 0.000540746 0.000501194 0.000171658 0.996412 6.03212e-05 0.000583749 3.98229e-05 
8.88071e-06 0.120119 0.00241113 1.65728e-05 0.00281741 0.0873889 0.00155787 0.000723634 0.690914 0.00660386 0.0689312 0.018507 
3.83918e-12 0.00630786 0.00347711 2.28427e-07 0.00460968 0.00304568 0.00238744 3.74205e-05 0.921483 0.000408056 0.0581906 5.29695e-05 
0.000388103 0.0947735 0.0226157 0.000740631 0.0285749 0.0302261 0.0157611 0.000957907 0.661119 0.0202301 0.11866 0.00595247 
0.000160997 0.171091 0.0592868 0.00164567 0.0173337 0.0608305 0.0108571 0.00482775 0.542581 0.0381132 0.0930709 0.000201783 
6.71907e-09 0.0191347 0.00110753 9.6476e-06 0.00442669 0.0021141 0.000993543 6.27277e-05 0.931117 5.70148e-05 0.0409452 3.14945e-05 
1.32124e-11 0.0055728 4.24916e-08 1.63603e-08 0.00270216 0.00205238 0.0148621 3.80184e-05 0.974772 1.91986e-07 1.18025e-07 1.17172e-11 
3.93684e-09 0.00186198 0.00556114 1.18856e-08 0.00350158 7.56281e-05 2.24007e-07 1.3482e-05 0.800884 0.000217693 0.187884 5.47966e-09 
0.00407339 0.00936352 0.00970318 0.00265709 0.0136265 0.0115791 0.0112985 0.00218288 0.830173 0.00821234 0.096803 0.000327223 
1.89275e-10 0.0575254 0.0137393 3.77748e-09 0.00935201 0.00222433 0.0020379 4.76441e-08 0.895299 0.00195898 0.0172463 0.000616325 
5.12298e-06 0.0023907 0.0261877 4.49162e-06 0.103495 1.83968e-05 0.00424664 1.26737e-06 0.339603 0.205537 0.318508 2.75293e-06 
1.5323e-07 0.0146654 0.0124381 3.67751e-06 0.000924565 0.0353003 0.000328473 0.000879362 0.643128 0.243725 0.0485393 6.77451e-05 
1.98689e-09 0.0610071 0.0266855 0.000706011 0.161739 0.215878 0.0192464 0.000121211 0.378994 0.00592911 0.129693 9.70385e-07 
0.0005832 0.0941817 0.0245786 0.00359872 0.0280578 0.0686456 0.0428076 0.00300717 0.596818 0.0272841 0.108498 0.00193903 
0.00346278 0.0340313 0.0455163 0.000202482 0.0435497 0.0548362 0.0715571 0.000904157 0.666632 0.0102011 0.0685414 0.000565113 
0.00828868 0.283445 0.0130569 7.36038e-05 0.0241803 0.0211679 0.0074592 4.38087e-05 0.554517 0.00723764 0.0796133 0.000916818 
1.19665e-07 0.188674 0.00506105 0.00373497 0.00659935 0.0118574 0.00606798 0.000144478 0.722467 0.000928375 0.0544313 3.45634e-05 
1.67005e-09 0.0219251 0.0360548 1.5895e-09 0.331665 4.53208e-06 2.55239e-06 5.23089e-10 0.610325 2.68225e-06 6.30076e-06 1.36272e-05 
0.000715749 0.22773 0.0200831 3.97053e-06 0.146937 0.00858616 0.00950231 1.02628e-05 0.485817 0.00867042 0.0918592 8.51644e-05 
2.21776e-12 0.000284056 9.63748e-05 1.4307e-05 0.00129605 0.000540746 0.000501194 0.000171658 0.996412 6.03212e-05 0.000583749 3.98229e-05 
1.21944e-11 0.0461097 0.170671 1.04905e-05 0.110123 0.145787 0.00368553 0.000711849 0.311255 0.000642678 0.211003 1.84374e-08 
9.27762e-05 0.0880516 0.00751057 1.0338e-06 0.000938795 0.0485768 0.0106631 6.37605e-05 0.722922 0.0309152 0.0897011 0.000563123 
0.000270237 0.0312256 0.0276075 8.39834e-05 0.207469 0.015808 0.00467516 0.00607679 0.565067 0.0011783 0.140493 4.55321e-05 
0.000602985 0.0429529 0.0450812 0.00326646 0.309354 0.0343278 0.0114942 0.000297184 0.473684 0.0191277 0.0445721 0.0152396 
0.000674596 0.000537269 0.0236163 1.8168e-09 0.118309 0.0426323 0.0126931 2.62469e-05 0.360592 0.325782 0.114613 0.000524233 
3.91738e-07 0.0226007 0.0838705 1.42433e-05 0.116809 0.0149067 0.000344985 0.000498971 0.382663 0.0162987 0.361525 0.000467078 
0.00301903 0.0266143 0.0429275 0.000126536 0.049684 0.0828132 0.282373 0.0124455 0.374364 0.0201761 0.100104 0.00535298 
0.00762787 0.254355 0.0314501 0.031267 0.0335516 0.0137375 0.0144262 0.000252511 0.456647 0.00376635 0.152344 0.000575257 
0.00279807 0.0607687 0.0290061 3.81903e-05 0.0122556 0.0607624 0.010746 0.000236494 0.693338 0.0288153 0.100807 0.000428458 
1.65795e-06 0.0786187 0.00170701 4.76404e-10 0.000289243 0.00446015 1.27756e-05 1.07941e-08 0.910177 0.00368193 0.00105129 1.22499e-08 
2.11413e-10 0.00599057 0.00801997 2.17291e-08 0.00155546 0.0099829 0.0081306 5.37323e-06 0.815963 0.000867125 0.149377 0.000107998 
2.30697e-05 0.248705 0.0265104 0.000137426 0.0312465 0.00528262 0.0230508 0.000197981 0.405896 0.00253426 0.255884 0.000532021 
0.00407619 0.0713448 0.0590091 0.0061321 0.199464 0.0867482 0.0210218 0.00111893 0.413546 0.0178471 0.116162 0.00352936 
0.00138298 0.00173111 0.0823742 3.07964e-07 0.0171612 0.22319 0.000627928 5.67392e-08 0.308381 0.0660405 0.299106 4.86369e-06 
0.00254852 0.0496614 0.0287781 6.20853e-05 0.0220897 0.00852961 0.00250518 5.69677e-05 0.673486 0.033898 0.178097 0.000288078 
0.00196133 0.378903 0.0204861 2.91684e-06 0.0168496 0.01669 0.022376 0.000176807 0.432906 0.0140121 0.0947571 0.000879112 
3.28545e-05 0.0847395 0.00923942 3.94067e-06 0.012899 0.0124021 0.0110316 0.000151075 0.768205 0.011846 0.0884846 0.000964586 
1.07903e-10 0.0197719 0.00142348 9.25772e-09 0.00652302 0.227548 0.00228993 2.05664e-08 0.696405 0.00202682 0.0440125 9.56918e-11 
5.9531e-10 0.000831837 0.00948356 2.75674e-08 0.0465939 0.0773162 0.00524086 1.65113e-07 0.685711 0.0530171 0.121748 5.69115e-05 
3.44533e-10 0.0383283 0.00145672 9.64675e-06 0.00910329 0.00246416 0.0014317 5.76075e-05 0.887619 5.8258e-05 0.0593012 0.000170089 
1.95275e-08 0.146099 0.00528781 1.01164e-06 0.00147688 0.033534 0.00100508 5.22799e-05 0.716856 0.0319763 0.0631515 0.000560378 
5.6254e-07 0.0838098 0.00554871 3.45711e-07 0.0056322 0.00286987 0.00113931 1.50683e-05 0.780994 0.0214957 0.0984696 2.50548e-05 
0.0135039 1.36045e-06 0.119504 4.69111e-07 3.12279e-06 3.76575e-06 2.55893e-06 2.92725e-05 0.56952 0.24488 0.0511859 0.00136528 
0.00010056 0.0232108 0.000922397 7.85672e-06 0.0059843 0.00250682 0.000827207 5.20828e-05 0.926683 0.000193018 0.0394856 2.59722e-05 
3.24905e-10 0.0233821 0.00135282 1.15134e-05 0.00540761 0.0025826 0.0012132 7.63777e-05 0.915826 6.94925e-05 0.0500401 3.80789e-05 
0.000186802 0.0598979 0.0369587 1.97405e-07 0.00752554 0.00188427 0.00896251 0.00544537 0.651586 0.0888693 0.138663 2.04514e-05 
7.14742e-05 0.00396222 0.0426546 0.00187348 0.0423545 0.0678854 0.000893613 1.05219e-06 0.57247 0.037284 0.23019 0.000358893 
7.25798e-05 0.000178564 0.00528553 4.40732e-07 0.207117 0.0133897 0.000304931 9.60138e-06 0.637534 0.0117701 0.12425 8.69397e-05 
3.18645e-05 0.0063266 0.0176901 7.02623e-07 0.00236324 0.00686183 0.00237132 1.40718e-05 0.879894 0.00274803 0.0816756 2.27052e-05 
0.00183205 0.0768308 0.0347523 0.000678815 0.0038161 0.0207856 0.0670817 3.7572e-05 0.501381 0.0397012 0.25043 0.00267341 
0.0010703 0.0658572 0.00438475 4.3499e-05 0.0301874 0.0208175 0.00644687 0.000185756 0.813796 0.00339475 0.0533079 0.000508166 
0.00483041 0.00723366 0.103117 4.2652e-07 0.0878921 0.00888631 0.0179021 0.00026785 0.394393 0.0831941 0.290008 0.00227514 
0.0469575 0.00217136 0.101949 0.241672 0.0990052 0.113875 0.0309022 0.000724214 0.284998 0.00682948 0.070887 2.91533e-05 
0.0121069 0.00761648 0.0116281 2.84478e-08 0.0341476 0.0439919 0.0206985 5.29402e-05 0.723263 0.0215329 0.123348 0.00161342 
4.97729e-06 0.220917 0.0637185 2.04107e-05 0.156711 0.0333561 0.00874914 0.000293914 0.442528 0.00688353 0.0667189 9.82958e-05 
4.10403e-07 0.00103004 0.198148 9.08981e-11 6.27193e-07 0.074034 0.00370199 0.000171066 0.709877 0.0125211 0.000515622 8.46967e-11 
4.50186e-05 0.0145601 0.0349999 2.51834e-06 0.0791283 0.00128907 0.0739159 0.000242825 0.725741 0.00343253 0.0533431 0.0132998 
1.82113e-10 0.00653397 0.00547466 0.000220669 0.0267711 0.0104286 0.00988254 0.000276778 0.834461 0.0335734 0.0697393 0.00263763 
3.46124e-10 0.0207849 0.00518299 2.10872e-05 0.0138525 0.00485113 0.0496693 0.000523208 0.829923 0.000462165 0.0739049 0.000824783 
0.0309904 0.000712639 0.186442 6.82068e-06 0.237328 0.025627 0.0506216 0.000150291 0.286041 0.0953956 0.0863079 0.000377575 
1.57207e-10 0.128423 0.0182867 1.01768e-05 0.0445035 0.00817866 0.00297828 1.56317e-05 0.693218 0.0410435 0.0626078 0.000734915 
1.27544e-11 2.36673e-12 1.26208e-12 1.21393e-11 1.39314e-08 7.98454e-07 4.23669e-12 4.57644e-10 0.998976 1.7827e-05 0.0010054 2.24178e-08 
3.83918e-12 0.00630786 0.00347711 2.28427e-07 0.00460968 0.00304568 0.00238744 3.74205e-05 0.921483 0.000408056 0.0581906 5.29695e-05 
3.83918e-12 0.00630786 0.00347711 2.28427e-07 0.00460968 0.00304568 0.00238744 3.74205e-05 0.921483 0.000408056 0.0581906 5.29695e-05 
0.00031746 0.000943641 0.145471 1.11103e-07 0.145374 0.0252995 6.40548e-05 9.17007e-12 0.369925 0.0501514 0.262453 6.1193e-07 
6.88185e-11 0.193418 0.00628256 1.10682e-08 0.00365794 0.00709556 0.00923396 9.40164e-05 0.733934 0.00909171 0.0370847 0.00010782 
1.48265e-11 0.0282531 0.000175589 2.1707e-09 0.0135317 0.00158967 0.00392226 7.16731e-06 0.926819 1.30981e-05 0.0255625 0.000126378 
7.44444e-09 0.00355733 3.11101e-05 1.93836e-06 0.00161307 0.000440344 0.00398972 2.05135e-07 0.984145 2.50657e-06 0.0061337 8.49832e-05 
0.00239496 0.099904 0.017141 0.000144908 0.0257925 0.00921592 0.00857375 0.00860058 0.750689 0.0126775 0.0604377 0.00442805 
3.87523e-06 0.00127399 0.00732684 4.06523e-06 0.0219898 0.000725337 0.00574802 6.15208e-05 0.90877 0.0224279 0.0316088 5.99758e-05 
0.0187366 0.10205 0.0408976 2.62332e-05 0.181536 0.00174786 0.0317984 0.000147297 0.503528 0.033374 0.0856592 0.000499536 
1.32124e-11 0.0055728 4.24916e-08 1.63603e-08 0.00270216 0.00205238 0.0148621 3.80184e-05 0.974772 1.91986e-07 1.18025e-07 1.17172e-11 
0.0002084 0.0233679 7.59381e-05 4.80376e-11 0.000118266 0.0198911 3.97334e-05 1.29277e-05 0.919905 0.034544 0.00152128 0.000315848 
2.08363e-08 0.376334 0.0252143 0.00907107 0.102498 0.00460763 0.00498345 0.000390947 0.423393 0.0249671 0.0282097 0.000331113 
0.00209739 0.0415958 0.113834 0.000509247 0.0982915 0.0244716 0.13539 0.000245696 0.345373 0.0240883 0.211315 0.00278974 
1.32124e-11 0.0055728 4.24916e-08 1.63603e-08 0.00270216 0.00205238 0.0148621 3.80184e-05 0.974772 1.91986e-07 1.18025e-07 1.17172e-11 
6.73337e-10 0.00280952 0.0253256 0.0253543 0.0135136 0.000395479 2.23664e-10 2.109e-10 0.707159 0.125071 0.100367 3.45572e-06 
0.000245033 0.356321 0.0417631 0.000769988 0.0156491 0.0189109 0.00482819 0.00355405 0.387117 0.0191783 0.150666 0.000996994 
1.85821e-11 0.000156365 0.0338853 3.43729e-09 0.000395086 0.00514628 7.50113e-05 5.82022e-12 0.932438 0.0231205 0.00478133 1.89231e-06 
1.26932e-12 0.148766 0.00147526 1.30487e-08 0.0237144 0.00169922 0.00251427 1.00987e-08 0.819046 1.91235e-06 1.21239e-06 0.00278157 
8.03225e-12 0.00010544 7.25246e-05 1.02607e-05 0.00386746 0.000479274 0.000434537 0.000122658 0.994446 4.14137e-05 0.000417038 3.23914e-06 
0.00203119 0.118938 0.0236139 0.000510586 0.0389459 0.0159013 0.0105195 0.00146504 0.657922 0.0216144 0.106343 0.00219546 
0.000162238 0.000843004 0.0157452 4.18178e-10 0.0410006 0.00938074 0.000289281 4.20173e-09 0.899929 0.00974114 0.0229089 2.50475e-08 
1.24885e-06 0.0172495 1.24998e-06 1.24891e-06 0.00575058 0.0504982 1.24969e-06 1.24971e-06 0.697002 0.167614 0.0618778 1.24899e-06 
0.0244797 0.0101566 0.198767 0.00166646 0.0488328 0.22957 0.015482 0.000937347 0.276454 0.0273901 0.119957 0.0463068 
0.00346955 0.138815 0.0264155 0.012583 0.0241227 0.0407169 0.0341518 0.000699144 0.615306 0.0198725 0.083427 0.000420501 
3.53456e-05 0.00235151 0.00504316 4.15664e-05 0.00393129 0.00287238 0.00165934 5.25965e-05 0.947575 0.00191594 0.0343213 0.000200716 
1.789e-05 0.00281342 0.147652 0.00133641 0.0637866 0.0270193 2.14962e-05 0.0533162 0.534709 0.0547446 0.114545 3.85587e-05 
2.73146e-07 0.133495 0.00238847 7.83773e-07 0.0209676 0.0742217 0.00146904 7.31227e-07 0.724219 0.00131517 0.0212552 0.0206675 
0.000216564 0.184229 0.0122326 0.000552417 0.0630075 0.00404285 0.0168292 9.83323e-05 0.5825 0.0353773 0.100698 0.00021555 
1.13326e-06 2.1029e-07 1.12138e-07 1.0786e-06 0.00488199 1.6271e-07 3.7644e-07 3.54957e-07 0.993361 1.74995e-07 0.00175252 1.00502e-06 
0.0338321 0.0349551 0.0911034 0.00255132 0.0160859 0.0753157 0.0751757 2.53142e-05 0.299412 0.0742032 0.296169 0.00117148 
1.89314e-10 1.63004e-06 2.25921e-06 1.80183e-10 0.111291 0.031542 4.04986e-06 1.57734e-06 0.857157 1.95892e-07 2.51237e-07 5.54205e-07 
2.13901e-06 0.0549246 0.111133 2.45873e-06 0.278175 0.00303261 0.000557711 4.92323e-05 0.541228 0.000341495 0.0105466 7.01942e-06 
0.00229719 0.0604631 0.024206 0.000454903 0.0402143 0.0241753 0.0112042 0.000484701 0.715349 0.0127804 0.106348 0.00202226 
2.26311e-06 0.0051557 0.0299883 2.54084e-07 0.00703882 0.00371581 0.0152736 3.77992e-05 0.464983 0.09982 0.370864 0.00312047 
1.01473e-05 0.0056384 0.00462009 1.0183e-09 0.00351803 0.0504309 3.68104e-09 1.22485e-05 0.922916 0.00444148 0.00836445 4.81655e-05 
2.37726e-06 0.234221 0.074967 0.00219589 0.0151935 0.0864758 0.0810597 0.0324167 0.368481 0.00523517 0.0997289 2.29602e-05 
0.0316691 0.068345 0.0285427 8.82252e-07 0.016395 0.0018165 0.0173375 7.83651e-06 0.74878 0.00511814 0.0818549 0.00013275 
0.000120304 2.7374e-07 0.156788 1.40405e-06 0.000463987 0.0853278 4.90022e-07 4.62057e-07 0.634688 0.00041614 0.000131055 0.122063 
4.30677e-09 0.00368421 0.343314 5.2022e-09 0.01684 0.00421788 1.95811e-08 1.86758e-09 0.395842 0.00929828 0.226803 4.68444e-08 
0.000117296 0.0116516 0.248492 3.08699e-05 0.0108191 0.0294583 0.120612 0.0019969 0.48734 0.0328771 0.052763 0.00384227 
6.24088e-11 3.41456e-06 0.011551 2.14949e-07 0.0143075 0.0035243 0.0271906 0.000998986 0.853017 0.0168392 0.0129748 0.0595926 
1.08156e-05 1.89762e-05 0.0120364 1.02593e-05 0.0228253 0.011547 0.00793236 5.82297e-05 0.616605 0.0425736 0.286287 9.53179e-05 
0.000327127 0.0116299 0.0906392 0.0012427 0.0703944 0.0402843 0.0145975 0.000259547 0.438205 0.0815122 0.249737 0.00117107 
3.15028e-05 0.235148 0.0271951 0.000102213 0.0307664 0.00942556 0.0260154 0.00803801 0.579617 0.0186492 0.0623759 0.00263543 
4.51257e-07 0.0190139 0.282833 0.000361475 0.0219943 0.0400612 4.51559e-07 4.51566e-07 0.31355 0.01504 0.307145 4.51308e-07 
6.61208e-09 0.00403336 0.00536744 2.55891e-07 0.00104791 0.00667678 0.00544606 4.40018e-06 0.870635 0.000584151 0.106123 8.10908e-05 
1.18683e-09 0.0303268 0.00789838 2.19379e-05 0.00761997 0.113131 0.11264 0.000202629 0.511629 0.00130965 0.214217 0.00100362 
0.000401242 0.0133365 0.0306195 0.00115276 0.0693939 0.0205097 0.021449 0.00390457 0.633805 0.0585053 0.138349 0.00857272 
5.51294e-12 0.310554 0.0022617 3.12434e-09 0.00331864 0.00118475 0.00046573 3.6049e-07 0.629204 0.000417066 0.0522754 0.000318751 
1.09659e-08 0.433098 0.000366044 2.28565e-09 0.000756672 0.0269417 0.00748599 5.3933e-05 0.512573 0.000508596 0.0181807 3.44248e-05 
0.00156493 0.00215985 0.0956067 0.000316034 0.0342999 0.00554575 0.038072 6.44439e-05 0.496088 0.0639543 0.262328 8.04138e-08 
1.97791e-05 0.00448833 0.000762654 6.04288e-07 0.00295282 0.0015807 0.00125174 1.68012e-05 0.977811 0.000428613 0.0106176 6.93847e-05 
0.000426768 0.0319583 0.0128514 4.04281e-05 0.0030784 0.0516556 0.0273689 0.00452829 0.814404 0.00371338 0.049823 0.000151947 
1.61409e-10 0.105226 0.0466693 1.79294e-08 0.0367435 0.00146136 0.00638484 7.85779e-06 0.627457 0.000152272 0.175897 3.26803e-07 
4.3375e-10 0.0058916 0.000490656 0.000159285 0.0190372 0.0137362 0.0185859 0.00240289 0.877358 0.000782269 0.022518 0.0390376 
0.00065557 0.0998907 0.177377 0.000118896 0.0725973 0.0205028 0.0157838 0.00132761 0.295421 0.0260593 0.289167 0.00109946 
1.35389e-07 0.0105732 0.0198242 1.26224e-05 0.0984521 0.0181499 0.0079666 0.000182455 0.700562 0.0215086 0.122762 5.91397e-06 
2.91235e-05 0.0775839 0.187871 6.40879e-07 0.00694311 0.0060205 0.00510498 5.13542e-08 0.506508 0.00262164 0.195496 0.0118205 
2.37797e-05 0.0402458 0.00834539 0.000393794 0.0264316 0.0630742 0.000215825 4.95034e-05 0.744371 0.00192206 0.114044 0.000882812 
4.86158e-06 0.176678 0.0157559 6.45671e-08 0.0532263 0.00813918 0.0265422 0.00048083 0.61604 0.00779212 0.0891107 0.00623058 
2.91246e-05 0.00860502 0.0584994 0.000196753 0.0790983 0.0497808 0.0353768 0.102469 0.514552 0.00554606 0.145736 0.000111139 
0.00090877 0.0802062 0.0442013 0.00174747 0.0400429 0.0893152 0.0135022 0.00153517 0.558587 0.0289688 0.136538 0.00444749 
0.000546606 0.293916 0.134568 8.53401e-09 0.0362928 0.0127721 0.0014677 4.18391e-08 0.360135 0.0401202 0.119262 0.000920061 
0.000390301 0.0645037 0.0427256 8.63262e-05 0.0170483 0.0166606 0.0341531 0.00672249 0.709917 0.0188961 0.0840858 0.00481118 
3.34463e-08 0.0737877 0.0523737 1.69232e-07 0.00148138 0.00479593 0.00179255 0.000429937 0.736571 0.00178592 0.126804 0.000178267 
3.90894e-12 0.00705244 0.00406892 3.9702e-07 0.00501018 0.00318169 0.00268657 3.98162e-05 0.913246 0.000416629 0.0642311 6.58899e-05 
0.00292606 0.0261136 0.0286488 0.000181074 0.292554 0.0217523 0.00765576 0.0130563 0.477253 0.0488357 0.0800289 0.000993819 
1.69678e-11 1.18127e-05 0.0425546 3.63179e-09 0.000507945 0.00552665 9.64247e-05 5.31459e-12 0.915427 0.0297261 0.00614738 2.4297e-06 
0.00280199 0.0637256 0.0607009 0.0725064 0.037298 0.0923981 0.0279116 0.00283411 0.458212 0.0331311 0.1476 0.000880655 
0.00363618 6.51819e-06 0.0919099 1.30591e-09 3.11973e-06 0.0644698 1.51776e-05 5.16144e-07 0.558422 0.281357 5.3541e-05 0.000126428 
2.87895e-05 0.0911569 0.0519331 1.48186e-07 0.113395 0.00253383 0.00704156 3.80602e-06 0.70044 0.0153554 0.017395 0.000717079 
1.99161e-05 0.187354 0.008837 1.59382e-05 0.00406048 0.0189595 0.0199014 7.14276e-05 0.702694 0.0108548 0.0461743 0.00105802 
0.000198568 0.0595385 0.0128127 0.00686035 0.193204 0.0908212 0.00999133 4.91505e-06 0.388249 0.0124585 0.20914 0.0167218 
4.59803e-06 0.0336256 0.029788 0.0206631 0.0433145 0.184461 0.0316762 0.000520237 0.50241 0.0296262 0.123331 0.000578593 
3.26247e-10 0.0140245 0.00612656 0.00166027 0.0340601 0.082071 2.60011e-07 3.66966e-08 0.768779 0.0258464 0.0674318 2.54075e-08 
1.58273e-05 0.205713 0.112228 6.52773e-05 0.0635944 0.0144556 0.00958094 0.00871756 0.489385 0.00110918 0.093776 0.00136018 
7.02697e-08 0.00104139 0.00556612 5.253e-07 0.0215915 0.00363974 0.00158326 5.23882e-05 0.862171 0.00700563 0.0972141 0.000134324 
4.79534e-11 0.030877 0.000134713 4.56405e-11 0.00219574 0.0957467 6.76365e-05 9.1455e-06 0.840468 0.00530696 0.000608177 0.0245864 
3.83918e-12 0.00630786 0.00347711 2.28427e-07 0.00460968 0.00304568 0.00238744 3.74205e-05 0.921483 0.000408056 0.0581906 5.29695e-05 
0.000783674 0.0549234 0.152973 3.83617e-05 0.0229823 0.00680768 0.0493218 0.0392877 0.553956 0.000809131 0.118021 9.57448e-05 
0.00534915 0.165812 0.0319325 0.0050607 0.0150112 0.0415018 0.0312069 0.00407571 0.609395 0.00748628 0.082827 0.000341574 
4.01577e-07 0.0255346 0.0380218 7.66079e-05 0.183733 0.0183551 0.00530913 0.000534087 0.616133 0.0170709 0.0825125 0.0127185 
3.05636e-07 0.0611056 0.0341845 1.45201e-09 0.0476616 0.00285516 0.0121164 0.000140557 0.816462 0.000523801 0.0249136 3.61472e-05 
0.000163773 0.0383896 0.0690889 5.02825e-05 0.0245623 0.0780809 0.0104788 0.00373751 0.70279 0.00185613 0.0657483 0.00505353 
7.38568e-07 0.00013788 0.0231046 2.69426e-05 0.0208076 0.0103968 0.0371469 0.000216018 0.642854 0.025058 0.239729 0.000522342 
1.01106e-06 0.126037 0.000665379 1.32532e-07 0.00356147 0.0812243 0.00917157 1.35353e-06 0.718945 0.00908577 0.0488871 0.00241935 
1.46637e-08 0.0626917 0.0165701 0.000751856 0.0318062 0.00907675 0.00670065 1.21898e-05 0.801946 0.00657461 0.0382186 0.0256517 
0.000108094 0.00379548 0.0138674 7.62288e-07 0.113282 0.00507582 0.00099366 0.000245324 0.805235 0.00261154 0.0538689 0.000916244 
3.42313e-11 3.60166e-07 0.0102045 3.25803e-11 0.00097667 0.0074633 4.26176e-06 6.69053e-07 0.626202 0.310772 0.0443752 8.56111e-07 
6.95524e-06 0.000155067 6.88234e-07 6.61977e-06 0.000512222 2.98429e-05 2.31035e-06 2.1785e-06 0.998873 1.074e-06 0.000403863 6.16814e-06 
1.32124e-11 0.0055728 4.24916e-08 1.63603e-08 0.00270216 0.00205238 0.0148621 3.80184e-05 0.974772 1.91986e-07 1.18025e-07 1.17172e-11 
5.08338e-06 0.13955 0.015627 8.71212e-07 0.0107351 0.00102985 0.0021964 0.120505 0.494173 0.0354278 0.180411 0.000338967 
2.42213e-05 7.06629e-05 4.44222e-08 0.000182006 0.327727 0.000238984 1.49122e-07 0.000491568 0.662179 0.00131593 0.00777031 3.98125e-07 
3.53456e-05 0.00235151 0.00504316 4.15664e-05 0.00393129 0.00287238 0.00165934 5.25965e-05 0.947575 0.00191594 0.0343213 0.000200716 
4.86178e-11 0.103099 0.0355277 2.43185e-07 0.00556955 0.0215354 0.000745744 0.000382245 0.380093 0.0865698 0.365905 0.000572002 
1.34289e-05 0.00622473 0.00696853 5.96854e-06 0.000168674 0.023224 0.00483201 1.54175e-06 0.85115 0.0377995 0.0676167 0.00199474 
1.2879e-10 0.182056 0.0166646 7.48691e-07 0.0229018 0.000556496 0.001686 0.00011729 0.72432 0.00329439 0.0462896 0.00211292 
6.13068e-08 0.264907 0.00451916 0.00375561 0.0046421 0.0414342 0.00511052 0.000603415 0.651327 0.00481291 0.0188745 1.29366e-05 
0.000312584 0.0342395 0.000113901 6.62249e-11 0.000151326 0.0298365 3.67667e-07 1.76495e-05 0.881351 0.0516872 0.00228191 7.63151e-06 
0.00152352 0.0069167 0.190929 0.0492224 0.217455 0.194213 0.0143345 0.000505664 0.242907 0.0189132 0.0600823 0.0029972 
3.24905e-10 0.0233821 0.00135282 1.15134e-05 0.00540761 0.0025826 0.0012132 7.63777e-05 0.915826 6.94925e-05 0.0500401 3.80789e-05 
0.000467652 0.00181464 0.0149789 1.36301e-06 0.00215947 0.0035828 0.00513964 1.38995e-05 0.847486 0.00919217 0.114962 0.00020201 
0.000256987 0.231389 0.124226 2.17025e-06 0.0457375 0.0881398 0.00558902 2.32399e-05 0.250953 0.0617562 0.189573 0.00235461 
1.62963e-07 0.00253471 0.119853 2.82767e-05 0.005362 0.00542103 0.00436481 3.31521e-05 0.465792 0.0207997 0.375591 0.00022047 
3.24905e-10 0.0233821 0.00135282 1.15134e-05 0.00540761 0.0025826 0.0012132 7.63777e-05 0.915826 6.94925e-05 0.0500401 3.80789e-05 
2.11236e-09 0.0065569 6.45195e-06 4.36229e-07 0.0462489 2.31657e-05 0.00299767 0.000167602 0.943656 9.9978e-06 0.000328847 3.84047e-06 
1.47652e-05 0.000536744 0.101366 0.00019427 0.202693 0.00389449 0.0486383 0.00019643 0.374676 0.0324953 0.229501 0.00579436 
1.65795e-06 0.0786187 0.00170701 4.76404e-10 0.000289243 0.00446015 1.27756e-05 1.07941e-08 0.910177 0.00368193 0.00105129 1.22499e-08 
2.40377e-10 7.77464e-06 0.00718343 9.3824e-07 0.0137114 0.425904 8.08058e-06 5.72965e-06 0.461962 1.48176e-05 1.36296e-05 0.0911883 
1.47411e-11 0.00412896 0.00357464 1.52528e-07 0.00414648 0.00418045 0.00156283 2.45106e-05 0.925663 0.000809725 0.055875 3.47092e-05 
7.96232e-10 0.0175008 0.00180639 7.57827e-10 0.0383959 0.00983537 0.000983942 0.00430548 0.794745 0.00209186 0.00280155 0.127534 
0.000415292 0.086641 0.036887 3.12376e-05 0.0584643 0.0395409 0.00206226 0.0030639 0.595204 0.0118943 0.163807 0.00198874 
0.000501319 0.00181554 0.0122342 0.00138276 0.160736 0.0142075 0.107418 2.8546e-06 0.460529 0.0144052 0.224923 0.00184458 
2.41707e-08 0.0237682 0.0937244 6.37555e-09 0.226564 0.0115203 1.32957e-07 0.000138756 0.368793 0.00370465 0.24753 0.0242569 
3.10272e-08 0.058253 0.0240438 0.00022924 0.0457948 0.0254029 0.0398111 0.00082105 0.407513 0.0681481 0.329691 0.000291467 
3.24905e-10 0.0233821 0.00135282 1.15134e-05 0.00540761 0.0025826 0.0012132 7.63777e-05 0.915826 6.94925e-05 0.0500401 3.80789e-05 
7.12335e-08 7.732e-07 0.00194879 6.7712e-11 0.0480146 1.44445e-07 1.84401e-07 5.82299e-06 0.931791 0.00250965 0.0157084 2.07977e-05 
1.72877e-08 0.142943 0.00348292 2.36293e-10 0.230393 0.000631656 0.00483801 0.000304245 0.572502 2.30266e-07 0.0262021 0.0187035 
1.11691e-07 0.0137109 0.0259651 9.58293e-07 0.00266979 0.0470027 0.0118069 5.66205e-06 0.770785 0.0563118 0.0693495 0.00239118 
0.000412158 0.0219131 0.0120983 3.32831e-05 0.022266 0.00563621 0.00149028 7.22236e-05 0.879809 0.00239318 0.0537217 0.000154362 
0.000468261 0.00141899 0.20173 3.98252e-07 0.043828 0.019593 4.99837e-05 5.8714e-07 0.637607 0.0662908 0.0277171 0.00129541 
2.80075e-11 0.0794914 0.0271117 2.25246e-08 0.220844 0.0231841 0.00094068 3.20783e-05 0.375632 0.000285001 0.272478 4.13463e-07 
0.00119028 0.0563835 0.0664688 0.000137427 0.114845 0.0286477 0.0321726 0.000575472 0.515997 0.0285006 0.154068 0.00101389 
0.00376655 0.00549447 0.0113832 9.93013e-08 0.00111946 0.00262148 0.000329274 3.2679e-08 0.953477 0.00628485 0.0155235 9.25266e-08 
0.00205591 0.115969 0.034331 3.24684e-05 0.0147123 0.0400413 0.0024348 8.92296e-06 0.599999 0.0630174 0.0990755 0.0283222 
1.32124e-11 0.0055728 4.24916e-08 1.63603e-08 0.00270216 0.00205238 0.0148621 3.80184e-05 0.974772 1.91986e-07 1.18025e-07 1.17172e-11 
3.35543e-06 0.0528128 0.0240719 4.15917e-08 0.222906 0.112883 0.00468716 7.06106e-06 0.449154 0.0628224 0.0706415 1.13814e-05 
4.85609e-05 0.00281857 0.000435851 1.0633e-06 0.000570867 0.00168298 0.000286257 1.6861e-05 0.974501 0.000959291 0.0184668 0.000211984 
1.47411e-11 0.00412896 0.00357464 1.52528e-07 0.00414648 0.00418045 0.00156283 2.45106e-05 0.925663 0.000809725 0.055875 3.47092e-05 
5.55737e-10 9.69462e-07 0.0106126 2.12102e-07 0.32057 6.65462e-06 1.84601e-10 1.56834e-07 0.459449 0.202956 0.00640241 8.38331e-07 
0.000475257 0.012964 0.0141498 3.80542e-05 0.008211 0.00840138 0.0068254 0.00221601 0.892113 0.00689883 0.0475729 0.000134669 
1.81154e-05 0.152815 0.0213189 2.80162e-05 0.00717859 0.0059995 0.00221861 0.0120074 0.672445 0.0151848 0.10645 0.00433648 
2.72166e-06 0.240377 0.00405744 0.00373488 0.00186691 0.0173642 0.00813819 0.000500476 0.710524 0.0041875 0.00923384 1.26323e-05 
0.000155246 0.00206706 0.0063598 1.65555e-05 0.0016255 0.0187343 0.00578509 4.21212e-06 0.884652 0.0429795 0.0375474 7.30491e-05 
8.63952e-05 0.0502201 0.0742957 0.120229 0.124132 0.0118597 0.000523735 4.21957e-05 0.485138 0.0268991 0.102484 0.00408954 
4.54093e-10 0.00133198 0.0107919 6.96351e-08 0.0228667 0.00202628 0.103842 0.000602713 0.767008 0.000640654 0.02942 0.0614705 
4.12579e-06 3.05703e-07 0.0121674 0.00134372 0.012749 0.0646463 0.00427991 0.000142241 0.542507 4.47297e-06 0.362153 2.39014e-06 
3.46554e-05 0.175979 0.0329186 0.00257377 0.0763961 0.0411822 0.0105198 0.000222756 0.512081 0.0265338 0.121397 0.000160452 
0.000455667 0.307861 0.0175216 0.00744858 0.0410809 0.0263832 0.000486786 0.00648649 0.484916 0.0304683 0.0672411 0.00965105 
0.000661291 0.310656 0.045005 6.11634e-05 0.0183181 0.0170388 0.00444797 0.000198915 0.42414 0.0274797 0.0752294 0.0767636 
3.55474e-06 0.00140048 0.000845306 7.97926e-05 0.00931011 0.00925387 0.000929952 0.0143816 0.903375 0.00111334 0.0589606 0.000346166 
1.17909e-06 0.440461 0.00433259 1.24544e-07 0.0108691 0.00204706 0.000615132 1.01166e-06 0.463782 0.0329822 0.0448023 0.000105767 
0.000236948 0.0144555 0.1913 4.32222e-07 0.0773951 0.013088 0.10667 0.000550137 0.405955 0.0119727 0.177895 0.000481623 
2.91458e-07 0.00246445 0.0159925 3.63827e-06 0.0267148 0.100091 0.00412337 0.000110796 0.515427 0.288851 0.0462205 1.96927e-07 
0.00315767 0.0345139 0.0385341 0.000948831 0.0555549 0.0696415 0.0175453 0.00620312 0.678738 0.00511785 0.0835811 0.00646406 
0.000289264 0.00430227 0.204294 2.96648e-06 0.209288 0.0214745 0.0058036 1.5394e-06 0.324008 0.168346 0.0607922 0.00139867 
3.34279e-06 0.00034855 1.8768e-05 3.03089e-06 0.238328 0.00130813 1.93151e-05 1.02853e-06 0.681614 0.070941 0.00733173 8.27611e-05 
0.000107371 0.0356369 0.072266 0.000995317 0.0313733 0.0392431 0.00508157 1.00412e-05 0.713519 0.037871 0.0576366 0.00626043 
3.3377e-05 4.47888e-08 2.38839e-08 2.29727e-07 0.00035657 3.46549e-08 0.00923004 7.56008e-08 0.990277 8.25436e-05 2.01141e-05 2.14054e-07 
5.01276e-11 9.31095e-05 0.00202978 1.20846e-08 0.0571843 0.000647559 0.000269445 6.0143e-07 0.875478 0.0105181 0.0534832 0.000295786 
3.37838e-09 0.0176168 0.00723873 8.64335e-07 0.0182914 0.0469935 0.000981247 4.09133e-07 0.623735 0.104853 0.179981 0.000308501 
1.03121e-08 0.140966 0.0254082 6.05287e-05 0.112522 0.0610969 0.132121 0.0101471 0.44382 0.00629773 0.0667152 0.000845331 
9.45849e-08 0.0166589 0.0619007 7.04197e-07 0.0134387 0.217532 0.00303562 4.31033e-09 0.66593 0.00405337 0.0134345 0.00401584 
0.00051177 0.0293801 0.047674 0.000639662 0.0609909 0.243622 0.0170579 0.000443057 0.343564 0.057834 0.197122 0.00116013 
3.30194e-11 0.0362481 0.0147909 6.9354e-09 0.00505546 0.0587179 0.132439 0.000145042 0.651159 0.00243131 0.0989544 5.88252e-05 
3.53456e-05 0.00235151 0.00504316 4.15664e-05 0.00393129 0.00287238 0.00165934 5.25965e-05 0.947575 0.00191594 0.0343213 0.000200716 
7.22114e-07 0.0539885 0.0149329 1.37899e-06 0.0829975 0.0147388 0.00968547 0.000245327 0.688263 0.0182516 0.109248 0.00764597 
6.52211e-05 4.64889e-05 3.51001e-09 3.3761e-08 1.7521e-05 3.83973e-06 3.62059e-06 1.11104e-08 0.999861 5.47744e-09 2.18638e-06 3.14577e-08 
0.00357769 0.000820112 0.163112 0.0640575 0.00891766 0.0796348 0.0198445 0.000215914 0.400609 0.0171361 0.241668 0.000407002 
1.39433e-06 0.00990448 0.00356171 1.06901e-09 0.00129762 0.051646 0.0177493 0.00034016 0.707892 0.0072487 0.0959507 0.104408 
7.21548e-05 0.0120889 0.102621 0.000191997 0.0185896 0.184687 0.00998489 0.000106577 0.41001 0.0759831 0.184168 0.00149743 
3.86932e-08 0.000435765 0.0218349 1.07269e-06 0.016249 0.00122534 0.00331942 9.4041e-07 0.739006 0.0219509 0.195968 8.52852e-06 
3.67395e-08 0.122627 0.0241154 1.65517e-05 0.0168127 0.00876591 0.00108106 0.0151371 0.70139 0.00267364 0.107313 6.77907e-05 
1.45852e-10 0.0401853 0.0559476 5.049e-05 0.00314697 0.0213472 0.0614976 0.0380731 0.625462 0.0300317 0.124139 0.00011911 
0.000114466 0.0179535 0.0290368 0.000209175 0.183322 0.0206822 0.0511874 0.000197566 0.524045 0.029815 0.142456 0.000980776 
7.98338e-06 0.112143 0.202548 3.28793e-05 0.0408657 0.109214 0.0513002 0.0208649 0.400356 0.00380268 0.0586262 0.000239581 
4.56579e-07 0.0107181 0.00472794 1.62144e-05 0.00592196 0.00331491 0.00387369 3.5166e-05 0.911536 0.015886 0.0438128 0.000156814 
3.06131e-05 0.00466964 0.00421504 1.12888e-06 0.000924709 0.00629248 0.00104898 2.9818e-05 0.907781 0.00731375 0.0674929 0.000199694 
0.00292864 0.0979515 0.0147546 0.00183721 0.0782952 0.0140811 0.00851621 0.000128216 0.711248 0.0148365 0.055176 0.000247039 
0.0133163 0.0478115 0.069471 0.00348991 0.0608267 0.0932815 0.0041638 0.00675115 0.376154 0.0875137 0.23436 0.00286011 
0.00109932 0.385714 0.00768526 4.46506e-06 0.00312682 0.00309761 0.0079246 0.000175549 0.529372 0.00298134 0.0587339 8.49895e-05 
0.0284666 0.031551 0.0198338 2.87735e-05 0.0165497 0.105174 0.00889548 0.000388833 0.332934 0.21286 0.241173 0.00214526 
