5.97e-07 1.1078e-07 0.000714859 5.68205e-07 0.99689 0.000342945 0.000555458 0.000261974 4.62604e-08 9.21867e-08 0.000438713 0.000794691 
1.83616e-07 3.4072e-08 1.81691e-08 0.000122506 0.999348 6.0661e-05 6.09923e-08 5.75116e-08 1.42281e-08 0.000419658 4.83403e-05 1.62837e-07 
3.72217e-08 6.90691e-09 1.28947e-05 3.54264e-08 0.999669 6.57385e-05 5.56506e-05 1.16585e-08 2.88424e-09 0.000180481 1.61267e-05 3.30095e-08 
5.62271e-07 1.04336e-07 0.000561998 5.35151e-07 0.00029166 8.07288e-08 0.0052111 1.76113e-07 4.35693e-08 0.00055576 0.993377 4.98641e-07 
1.21509e-06 2.25473e-07 1.20235e-07 1.15648e-06 2.42326e-07 1.74458e-07 4.03619e-07 3.80585e-07 9.41547e-08 1.87629e-07 0.999995 1.07758e-06 
9.54934e-06 0.000164623 0.000298153 9.08875e-06 0.997573 0.000255829 3.17204e-06 2.99101e-06 2.18555e-06 0.000750942 0.000921534 8.46868e-06 
1.73136e-09 3.21274e-10 0.0370261 1.64786e-09 0.689945 2.25218e-05 5.75113e-10 5.42292e-10 1.3416e-10 0.000131376 0.00123112 0.271644 
0.00121568 0.000341617 0.704254 0.000831751 0.00312101 0.0551209 0.146232 0.0248797 0.000272849 0.0129918 0.0500221 0.000716607 
3.81167e-09 1.06165e-06 0.000121525 3.62782e-09 7.60164e-10 2.35378e-06 1.26613e-09 1.19388e-09 2.95359e-10 0.000114833 0.99976 3.38032e-09 
1.79264e-10 3.32645e-11 8.33889e-08 0.688856 0.305881 9.78302e-08 1.48927e-07 0.0052623 1.38909e-11 2.76814e-11 1.30751e-07 1.58978e-10 
4.68505e-09 4.35552e-07 0.0667984 4.45908e-09 0.104089 0.261239 3.9219e-05 1.46744e-09 3.63036e-10 3.5739e-05 0.567683 0.000114263 
1.26472e-08 1.84105e-07 0.0342678 0.000247995 0.843151 0.0100207 3.44809e-05 1.99441e-06 9.80007e-10 4.8554e-05 0.112217 1.04879e-05 
8.32826e-07 1.5454e-07 8.24096e-08 7.92657e-07 0.999911 4.23934e-05 2.76643e-07 2.60855e-07 6.45341e-08 1.28602e-07 4.3548e-05 7.38579e-07 
8.55382e-10 1.60313e-08 1.52439e-07 4.15285e-06 0.995843 3.80841e-07 2.84135e-10 0.00414951 6.62819e-11 1.32085e-10 9.38588e-08 2.65579e-06 
3.0073e-10 5.63618e-09 0.000648538 1.46003e-06 0.99738 1.72753e-07 2.79803e-07 0.000567581 2.3303e-11 4.64376e-11 2.20995e-07 0.00140149 
5.69181e-07 0.00116111 0.033514 5.06018e-06 0.0432746 1.2384e-06 0.00979488 0.000589555 4.20103e-07 1.52975e-06 0.0648678 0.846789 
0.000656757 0.000102174 0.000446381 9.4072e-05 0.504016 0.00035907 0.00107883 0.00163208 7.52452e-05 0.134724 0.29495 0.0618653 
1.20408e-06 9.67222e-08 0.189384 4.22091e-06 0.208345 0.0242592 0.222937 0.335379 8.87094e-08 0.00053471 0.0191551 1.89117e-07 
1.1693e-06 1.8018e-05 0.000109506 8.22717e-05 0.583305 0.000259895 0.142088 0.000177787 9.06068e-08 0.000402961 0.260333 0.0132228 
2.44326e-06 4.53375e-07 2.41765e-07 2.32542e-06 0.995427 3.50795e-07 8.11586e-07 7.6527e-07 1.89324e-07 0.00418818 0.000375276 2.16677e-06 
5.68701e-09 5.06644e-06 0.0919832 5.41271e-09 0.806005 5.30819e-06 0.101925 1.07054e-06 4.40676e-10 1.48419e-05 9.4495e-06 5.09438e-05 
1.20408e-06 9.67222e-08 0.189384 4.22091e-06 0.208345 0.0242592 0.222937 0.335379 8.87094e-08 0.00053471 0.0191551 1.89117e-07 
0.00382939 0.00165488 1.25889e-06 1.21086e-05 0.99357 1.82661e-06 4.22598e-06 3.98481e-06 9.8582e-07 1.96452e-06 0.000907624 1.12825e-05 
1.72182e-05 3.19503e-06 1.70377e-06 1.63877e-05 0.00790125 0.00717162 0.982597 5.39302e-06 1.3342e-06 2.65877e-06 0.00226697 1.52697e-05 
3.80542e-06 7.06139e-07 0.89759 3.62187e-06 7.58918e-07 0.0325094 0.0200999 1.19192e-06 2.94875e-07 0.0236816 0.0261054 3.37478e-06 
4.41195e-06 2.72165e-07 0.131059 1.24099e-06 3.17812e-06 0.0547021 0.0221083 2.71083e-06 1.50617e-07 0.58379 0.0263709 0.181958 
2.00945e-06 3.72877e-07 0.293873 1.91253e-06 0.00666775 0.0335805 0.665259 6.29395e-07 1.55709e-07 3.10293e-07 0.000612792 1.78205e-06 
0.00176856 0.000581478 0.107254 0.000253946 0.637243 0.000966614 0.111027 0.0266504 0.000202596 0.00117032 0.00286018 0.110022 
7.88064e-09 1.46234e-09 0.0226569 7.50054e-09 0.977312 4.52701e-06 7.33226e-06 3.45816e-06 6.10656e-10 1.2169e-09 5.79119e-06 1.04902e-05 
5.65821e-10 1.04994e-10 0.333126 5.3853e-10 1.58092e-07 8.12385e-11 1.87951e-10 1.77224e-10 4.38444e-11 0.232338 0.434534 1.80694e-06 
6.34221e-09 1.17687e-09 0.681192 6.03631e-09 1.26483e-09 0.200938 2.10671e-09 3.4248e-07 4.91446e-10 0.114098 0.00377267 5.62449e-09 
1.26836e-07 2.35358e-08 0.000151875 1.20718e-07 0.840888 7.28602e-05 0.00011801 5.56576e-05 9.82825e-09 1.95855e-08 0.158545 0.000168836 
3.06739e-07 5.6919e-08 3.03524e-08 0.993722 0.00561576 4.40405e-08 0.000254829 0.00018264 2.37687e-08 4.73656e-08 0.000223728 2.72027e-07 
0.000874719 0.000867528 0.181188 0.0012671 0.0237658 0.13067 0.0083279 0.000911732 0.000604444 0.0606498 0.0237185 0.567155 
7.76758e-06 1.44136e-06 7.68616e-07 7.39293e-06 0.999821 1.11524e-06 2.58018e-06 2.43294e-06 6.01895e-07 0.000124366 2.40686e-05 6.88856e-06 
6.94223e-10 1.28821e-10 0.0105642 6.60738e-10 1.38449e-10 0.3458 0.202057 2.17442e-10 5.3794e-11 0.434996 0.0041183 0.0024651 
3.57429e-09 6.6325e-10 1.59957e-06 1.97533e-05 0.981875 0.0180446 1.18728e-09 1.16086e-06 2.76965e-10 5.51929e-10 5.7386e-05 3.1698e-09 
2.71613e-13 6.05315e-11 2.68766e-14 0.999846 1.68772e-05 1.46086e-05 2.13836e-09 0.000122514 2.10468e-14 4.19415e-14 4.78119e-10 2.40875e-13 
5.17571e-10 9.60412e-11 0.135671 4.92607e-10 8.77468e-07 2.30438e-07 2.94007e-06 1.62112e-10 4.01056e-11 0.100346 0.763979 4.59e-10 
4.29435e-06 7.96865e-07 4.24934e-07 4.08722e-06 0.918542 6.16567e-07 1.42647e-06 0.000502307 3.32761e-07 6.63118e-07 0.0809393 3.80838e-06 
9.59394e-08 1.78026e-08 4.46284e-05 9.1312e-08 0.999878 1.37746e-08 3.18685e-08 2.40699e-05 7.43416e-09 3.11255e-05 2.21013e-05 8.50823e-08 
3.41268e-06 6.33262e-07 3.37691e-07 3.24808e-06 6.80595e-07 4.89981e-07 0.999724 1.06891e-06 2.64443e-07 5.26975e-07 0.000262181 3.02649e-06 
1.19952e-07 2.22584e-08 1.18694e-08 1.14166e-07 0.999972 4.67918e-06 3.98447e-08 3.75708e-08 9.29482e-09 1.85225e-08 2.31415e-05 1.06377e-07 
3.92091e-05 7.2757e-06 0.00228835 3.7318e-05 7.81951e-06 5.6295e-06 1.30242e-05 1.2281e-05 3.03824e-06 6.05453e-06 0.997545 3.4772e-05 
1.51647e-08 2.81398e-09 0.0304002 1.44332e-08 0.915743 2.17729e-09 5.0373e-09 4.74983e-09 1.17508e-09 2.34168e-09 8.48295e-06 0.0538479 
2.67708e-06 4.96762e-07 2.64901e-07 2.54795e-06 0.999871 3.84365e-07 8.89253e-07 8.38505e-07 2.07442e-07 4.13384e-07 0.000117587 2.37412e-06 
1.73136e-09 3.21274e-10 0.0370261 1.64786e-09 0.689945 2.25218e-05 5.75113e-10 5.42292e-10 1.3416e-10 0.000131376 0.00123112 0.271644 
7.70953e-07 1.43059e-07 7.62872e-08 0.000487231 0.370363 0.424732 0.166097 2.41475e-07 5.97397e-08 0.0311178 0.00672444 0.00047767 
0.000274188 0.134036 1.44474e-05 4.71043e-09 0.0135103 4.83265e-06 1.64397e-09 1.55015e-09 3.835e-10 0.248802 0.603359 4.38907e-09 
9.83335e-09 1.82469e-09 9.73028e-10 9.35906e-09 0.996294 2.11916e-06 3.26638e-09 0.00370275 7.61968e-10 1.51843e-09 9.17219e-07 8.72055e-09 
1.85666e-05 1.28102e-05 0.912355 1.76711e-05 2.57944e-05 0.00192052 0.00364046 2.73833e-05 5.64765e-06 4.67198e-05 0.0819131 1.64655e-05 
4.98758e-07 9.25502e-08 0.99611 4.74702e-07 0.000149301 7.16099e-08 0.000116137 1.56219e-07 3.86478e-08 0.00291899 0.000659162 4.4674e-05 
9.21739e-09 1.21583e-06 0.290595 8.17905e-05 0.0995785 0.571258 3.06177e-09 2.88704e-09 7.14238e-10 2.01436e-05 0.0384034 6.19837e-05 
5.65821e-10 1.04994e-10 0.333126 5.3853e-10 1.58092e-07 8.12385e-11 1.87951e-10 1.77224e-10 4.38444e-11 0.232338 0.434534 1.80694e-06 
2.19141e-08 4.06641e-09 2.16844e-09 2.08571e-08 0.999982 6.61047e-06 8.74241e-06 2.06602e-06 1.69808e-09 3.3839e-09 2.41539e-07 1.94342e-08 
7.89288e-09 1.6937e-06 0.00194168 0.000414951 0.815363 0.00430598 2.6218e-09 0.000701702 6.11604e-10 0.000615559 3.5275e-05 0.17662 
2.39272e-08 1.40859e-05 0.0757255 0.000187436 0.923323 0.00018223 8.41035e-06 0.000481889 1.85407e-09 3.69475e-09 7.7163e-05 2.12195e-08 
5.1094e-08 9.48107e-09 5.05584e-09 4.86296e-08 1.01897e-08 7.33589e-09 1.69721e-08 1.60035e-08 3.95918e-09 0.284125 0.613787 0.102088 
4.4648e-06 8.28495e-07 4.418e-07 4.24945e-06 0.998337 6.4104e-07 0.00044641 1.39845e-06 3.45969e-07 6.89439e-07 0.00119993 3.95954e-06 
0.000373721 0.0241884 0.91491 0.000169344 0.00600415 0.0208112 0.00637657 0.0175855 4.45666e-05 0.0040164 0.00525365 0.000266668 
1.32385e-09 2.45655e-10 0.866118 4.39752e-05 4.51207e-05 7.81964e-05 1.18776e-06 2.65419e-06 1.02583e-10 5.98983e-06 0.133705 1.17404e-09 
4.63233e-07 8.59581e-08 4.58377e-08 4.4089e-07 0.00246672 0.00782155 0.000615648 0.000406403 3.5895e-08 0.988333 0.000355654 4.10811e-07 
1.04934e-05 1.94718e-06 0.000121342 9.98732e-06 0.999433 5.92114e-05 9.69384e-05 4.73466e-05 8.13118e-07 1.62036e-06 7.44073e-05 0.000142967 
3.30917e-06 3.74753e-09 2.25832e-05 4.59433e-06 3.1443e-06 0.0174283 4.26904e-07 1.71447e-06 1.56492e-09 0.132426 0.85011 1.79102e-08 
3.69826e-07 6.86255e-08 0.0128792 3.51989e-07 0.891626 2.34649e-05 1.22846e-07 1.15836e-07 2.86571e-08 8.37616e-05 0.000483288 0.0949036 
1.02079e-05 3.38817e-10 0.680433 1.73783e-09 0.273385 9.74235e-07 0.0429024 2.46082e-06 1.41486e-10 0.00189655 4.50406e-07 0.00136878 
1.24356e-06 2.30757e-07 0.000184702 1.18358e-06 0.999456 1.78546e-07 4.13077e-07 3.89504e-07 9.63611e-08 1.92026e-07 0.000354667 1.10283e-06 
5.03482e-08 9.34268e-09 0.0124144 4.79198e-08 0.89597 9.6582e-06 1.67243e-08 1.57468e-06 3.90139e-09 4.91795e-05 0.000420203 0.0911351 
0.0103757 1.85822e-07 0.986047 9.53104e-07 0.00204493 0.000843204 0.000437533 7.30639e-05 7.7597e-08 1.54633e-07 0.000176144 8.8808e-07 
1.13903e-06 2.11359e-07 0.00367346 7.72417e-05 0.995248 0.000151156 3.78354e-07 0.000198814 8.8261e-08 0.000393801 5.02092e-05 0.00020534 
1.06481e-07 3.58429e-06 0.197254 1.01345e-07 0.578694 4.09916e-05 3.53701e-08 3.33516e-08 8.25101e-09 0.195108 0.0288992 9.44309e-08 
8.37562e-05 1.55419e-05 0.99648 7.97164e-05 0.00140117 0.00041339 2.78216e-05 2.62339e-05 6.49011e-06 1.29333e-05 0.00137912 7.42779e-05 
0.00235192 0.0118182 0.017167 0.327236 0.0170417 0.0103451 0.00799501 0.576046 0.0022263 0.00858469 0.00870759 0.0104806 
0.000197101 2.60497e-05 0.193191 0.000522842 8.67797e-05 0.286826 0.0731699 0.0767935 2.51993e-05 0.33378 0.035088 0.000293887 
5.63919e-05 1.04642e-05 5.58008e-06 5.3672e-05 1.12463e-05 8.09655e-06 1.87319e-05 1.76629e-05 4.3697e-06 8.70784e-06 0.999755 5.00103e-05 
9.59394e-08 1.78026e-08 4.46284e-05 9.1312e-08 0.999878 1.37746e-08 3.18685e-08 2.40699e-05 7.43416e-09 3.11255e-05 2.21013e-05 8.50823e-08 
1.73136e-09 3.21274e-10 0.0370261 1.64786e-09 0.689945 2.25218e-05 5.75113e-10 5.42292e-10 1.3416e-10 0.000131376 0.00123112 0.271644 
6.06538e-07 1.1255e-07 1.77247e-06 6.57624e-05 0.999925 8.70845e-08 2.01476e-07 1.89978e-07 4.69995e-08 3.61889e-06 1.81981e-06 5.37898e-07 
2.12897e-06 3.95055e-07 0.0212998 2.02628e-06 0.952827 3.0567e-07 7.07187e-07 6.66829e-07 1.6497e-07 0.000412701 0.0222311 0.00322278 
1.14799e-07 2.13022e-08 0.00163124 0.00798717 0.982971 0.00471397 0.00103725 0.00112189 8.89553e-09 1.77268e-08 0.000537609 1.01807e-07 
7.52452e-09 1.39626e-09 2.60672e-06 7.16159e-09 0.999932 1.32893e-05 1.125e-05 2.3568e-09 5.83061e-10 3.6485e-05 3.26008e-06 6.73974e-07 
2.39835e-06 4.45041e-07 0.000213827 2.28267e-06 0.00392257 3.44346e-07 0.0035858 7.51202e-07 1.85843e-07 3.70344e-07 0.992269 2.12694e-06 
8.39836e-06 1.55841e-06 0.00314856 7.99328e-06 0.202997 0.00514492 0.000905346 2.63051e-06 6.50773e-07 0.786336 0.00144 7.44795e-06 
9.76397e-09 1.81182e-09 0.868833 9.29303e-09 0.13112 1.40188e-09 3.24333e-09 3.05824e-09 7.56592e-10 3.73929e-05 8.67431e-06 8.65902e-09 
2.53158e-09 3.29304e-07 0.356278 2.40948e-09 1.16172e-06 1.2722e-05 5.05395e-07 7.92934e-10 1.96168e-10 0.527585 0.085716 0.030406 
2.61098e-05 4.84498e-06 2.58362e-06 2.48505e-05 0.942069 0.0572322 8.673e-06 8.17804e-06 2.0232e-06 4.03179e-06 0.000593896 2.31551e-05 
2.15999e-07 4.0081e-08 0.123282 2.05581e-07 0.876293 3.10123e-08 7.17491e-08 6.76544e-08 1.67373e-08 3.33538e-08 2.38076e-06 0.000421613 
1.24356e-06 2.30757e-07 0.000184702 1.18358e-06 0.999456 1.78546e-07 4.13077e-07 3.89504e-07 9.63611e-08 1.92026e-07 0.000354667 1.10283e-06 
0.000100293 0.000243039 0.0013997 0.00141396 0.974612 0.0193166 9.37703e-07 0.000132538 2.18744e-07 0.00025058 0.00217869 0.000351721 
8.07814e-06 1.49899e-06 2.79466e-06 7.68851e-06 0.0571249 0.0653189 0.00330034 0.00128291 6.2596e-07 0.00460019 0.0065011 0.861851 
2.54879e-07 4.72957e-08 2.47651e-05 2.42586e-07 0.925252 4.27711e-05 2.25019e-05 7.98324e-08 1.97501e-08 0.074629 2.76358e-05 2.26036e-07 
