1.72797e-08 0.0468452 0.0376931 3.20576e-08 0.292484 0.0274253 0.00980137 0.000138255 0.424505 0.0100333 0.103308 0.0477667 
3.01981e-08 0.0667643 0.0469739 0.000319118 0.130698 0.0954958 0.0641254 5.0449e-05 0.440588 0.0645754 0.0902014 0.000208007 
2.08723e-07 2.41917e-11 3.80574e-07 1.24082e-10 2.26225e-07 1.53507e-07 4.33055e-11 4.08342e-11 0.99245 0.00467518 0.0028727 1.36439e-06 
7.18322e-07 0.00653834 0.094657 0.000532107 0.111963 0.155594 0.00184984 8.9953e-05 0.334987 0.0839591 0.125645 0.0841845 
0.0131737 0.104217 0.0534683 0.000825276 0.115171 0.0367656 0.0346048 0.0082729 0.386237 0.0364669 0.182467 0.0283309 
3.24905e-10 0.0233821 0.00135282 1.15134e-05 0.00540761 0.0025826 0.0012132 7.63777e-05 0.915826 6.94925e-05 0.0500401 3.80789e-05 
2.68933e-05 0.00473639 0.243648 1.64719e-06 0.0212793 0.0305974 0.105479 0.00103058 0.345122 0.0337859 0.120262 0.0940314 
3.83918e-12 0.00630786 0.00347711 2.28427e-07 0.00460968 0.00304568 0.00238744 3.74205e-05 0.921483 0.000408056 0.0581906 5.29695e-05 
2.28592e-05 0.138611 0.0111117 5.12348e-06 0.0494615 0.0135511 0.0165958 1.27124e-05 0.599989 0.00102878 0.169382 0.000229222 
2.36263e-05 0.0512346 0.0148683 3.2004e-06 0.0138748 0.0104403 0.000691557 1.28053e-05 0.807644 0.0113625 0.0874186 0.00242606 
6.21403e-07 0.00466772 0.0686879 4.9236e-05 0.00891891 0.0196838 0.0295187 6.07387e-05 0.658068 0.0557933 0.151906 0.00264472 
1.10288e-08 0.348511 0.00222627 1.76479e-05 0.010456 0.00325166 0.0042563 0.000211239 0.57577 0.000165684 0.0550686 6.50834e-05 
3.83918e-12 0.00630786 0.00347711 2.28427e-07 0.00460968 0.00304568 0.00238744 3.74205e-05 0.921483 0.000408056 0.0581906 5.29695e-05 
4.6463e-07 0.133635 0.0174955 0.000129022 0.0217758 0.0997273 0.0107543 6.82237e-05 0.404647 0.211934 0.0998336 7.22333e-09 
3.83918e-12 0.00630786 0.00347711 2.28427e-07 0.00460968 0.00304568 0.00238744 3.74205e-05 0.921483 0.000408056 0.0581906 5.29695e-05 
0.00172677 0.00970257 0.111161 0.00181615 0.146597 0.146396 0.00248738 0.000292546 0.489042 0.0239771 0.0668013 4.5119e-07 
0.000786238 0.0342169 0.104898 3.85944e-05 0.0105952 0.213872 0.00706466 8.88044e-06 0.367112 0.00992825 0.249964 0.0015146 
3.24905e-10 0.0233821 0.00135282 1.15134e-05 0.00540761 0.0025826 0.0012132 7.63777e-05 0.915826 6.94925e-05 0.0500401 3.80789e-05 
5.09326e-07 0.048864 0.00549616 1.50478e-06 0.158773 0.000244868 0.0202593 0.000217393 0.7212 0.00550706 0.0392176 0.000218931 
9.25974e-05 0.303405 0.0411529 1.14231e-05 0.0346017 0.0419322 0.00478351 0.000164333 0.383857 0.0170228 0.172532 0.000443792 
1.50184e-11 0.0570684 0.00616414 2.56627e-07 0.00149387 0.00222253 0.000512689 5.52152e-06 0.882322 0.00127006 0.00898949 0.039951 
2.73958e-07 0.0157147 0.0615197 5.95677e-05 0.00555133 0.279282 0.0539374 4.0954e-07 0.283775 0.121902 0.178256 1.90543e-06 
5.26176e-06 0.00408189 0.0994689 5.09488e-05 0.293089 0.00171994 0.000807404 1.31464e-05 0.518429 0.0133 0.0681831 0.000851872 
0.00111106 0.00169702 0.0082986 2.39295e-06 0.000259386 0.000536507 8.35155e-07 7.87494e-07 0.847668 0.134172 0.00625152 2.22969e-06 
0.11301 0.0382558 0.0345588 5.67064e-05 0.0302218 0.0756416 0.142593 0.000353212 0.210558 0.13019 0.210452 0.0141098 
3.24905e-10 0.0233821 0.00135282 1.15134e-05 0.00540761 0.0025826 0.0012132 7.63777e-05 0.915826 6.94925e-05 0.0500401 3.80789e-05 
1.2205e-06 0.0857267 0.00551038 7.56371e-05 0.0256058 0.00399816 0.000777373 7.70459e-05 0.861693 0.00314301 0.0133059 8.58031e-05 
8.85885e-07 2.00609e-07 0.00628508 1.80881e-06 0.169314 5.12886e-06 8.08268e-05 5.21104e-06 0.500137 0.1757 0.148415 5.45147e-05 
3.24905e-10 0.0233821 0.00135282 1.15134e-05 0.00540761 0.0025826 0.0012132 7.63777e-05 0.915826 6.94925e-05 0.0500401 3.80789e-05 
0.00582697 0.000469454 0.10337 0.000326493 0.194573 0.0430368 0.00163869 2.58779e-07 0.436608 0.0777386 0.136397 1.51782e-05 
4.07639e-07 0.0647959 0.0362772 3.40121e-06 0.0318804 0.0123609 0.000463416 3.91482e-05 0.704855 0.0368957 0.112319 0.000109767 
0.000484167 0.00122245 0.101542 6.45078e-06 0.0489196 0.21954 0.0389797 3.93763e-07 0.432323 0.0387029 0.118267 1.22546e-05 
7.71074e-11 0.0463015 0.132727 3.28527e-05 0.0512597 0.00229344 0.00024938 3.18677e-07 0.401509 0.00912153 0.356506 1.0353e-07 
4.7655e-10 0.0108213 0.00136475 1.01362e-05 0.0796803 0.000428405 0.000779418 9.30732e-07 0.900941 0.0017541 0.00343054 0.000789531 
2.50756e-05 0.00230169 0.00633258 1.91927e-06 0.00224404 0.00319895 0.00181364 2.47803e-06 0.898521 0.00803956 0.0775173 1.79561e-06 
3.93596e-05 0.0963247 0.010642 5.04503e-06 0.0125 0.0169147 0.00457096 0.000124634 0.757415 0.0080208 0.0930367 0.00040621 
0.000135796 0.204452 0.00728769 1.94554e-06 0.00651334 0.0297531 0.00445993 2.68561e-05 0.642849 0.00568245 0.0986779 0.000160555 
0.000998657 0.0606493 0.0184761 0.0195327 0.052256 0.028459 0.00787246 0.000244137 0.672041 0.00784605 0.131135 0.000489207 
1.33011e-06 0.0832831 0.0277291 3.34077e-06 0.0558726 0.00335265 0.00456218 0.000135389 0.77902 0.00102048 0.044843 0.000176362 
0.00244526 0.133375 0.0264167 1.12216e-05 0.0374308 0.0422325 0.00717565 0.000164141 0.603514 0.00741267 0.0961565 0.0436663 
0.000108357 0.000156454 0.00665727 4.8874e-08 0.0127126 0.0101821 0.00457728 1.3787e-08 0.926111 0.00181075 0.0370334 0.000650348 
0.000104246 0.117509 0.0167969 1.10196e-08 0.00693428 0.0101137 0.000153348 7.54743e-06 0.596095 0.0189941 0.0821723 0.151119 
5.11432e-05 0.0276338 0.347041 8.22457e-05 0.0298687 0.00369271 0.000753446 4.82927e-06 0.379966 0.030256 0.180491 0.000158836 
0.000621374 0.0876676 0.0487551 3.57168e-05 0.0946513 0.0135198 0.034056 0.000371546 0.558357 0.00680069 0.154698 0.000465832 
3.41055e-06 0.0365372 0.0118201 2.18156e-06 0.0310289 0.0163347 2.085e-05 2.26785e-06 0.693343 0.00143183 0.20942 5.59066e-05 
4.76114e-09 5.3018e-06 0.0567683 4.5315e-09 0.343436 0.0778889 1.58152e-09 1.49127e-09 0.52188 1.62486e-05 5.79631e-06 4.22234e-09 
0.00103584 0.0812294 0.0358171 8.35763e-05 0.0287049 0.0227911 0.00579449 0.00186312 0.678299 0.0164618 0.124412 0.00350787 
2.37304e-07 0.0705145 0.0185385 2.69959e-07 0.0446552 0.0927994 0.0358784 4.56222e-06 0.60145 0.0226786 0.113475 5.27703e-06 
0.0023489 0.0151154 0.0532756 6.60794e-05 0.041581 0.0532725 0.0222165 8.72978e-05 0.655797 0.0629911 0.0895696 0.00367858 
1.43731e-07 0.0519506 0.00546283 4.28717e-08 0.00907651 0.0100744 0.00069138 2.61257e-06 0.867721 0.0027745 0.0520073 0.000238845 
0.000849404 0.164881 0.0579731 7.821e-05 0.052331 0.0384332 0.0419065 0.000481737 0.468627 0.0666201 0.106015 0.00180421 
1.1235e-07 0.0722707 0.0127387 0.000120102 0.0254707 0.237454 0.00700836 7.71505e-05 0.354154 0.0875685 0.203132 6.14568e-06 
2.21776e-12 0.000284056 9.63748e-05 1.4307e-05 0.00129605 0.000540746 0.000501194 0.000171658 0.996412 6.03212e-05 0.000583749 3.98229e-05 
9.21137e-08 0.0294221 0.0645396 2.64401e-06 0.00465625 0.0476849 0.000902741 1.74705e-06 0.617625 0.0133541 0.221807 4.47668e-06 
0.0016768 0.00117923 0.200344 0.0135112 0.012272 0.0850796 0.0071732 3.22421e-05 0.348836 0.0196638 0.30997 0.000261888 
7.5719e-08 0.000770179 0.00643609 6.72992e-07 0.00225503 0.00141506 0.0012706 2.33626e-08 0.892984 0.00754461 0.0871513 0.000172667 
3.2329e-06 0.00631991 0.0826682 1.18956e-05 0.131611 0.0103114 0.0371868 1.22804e-05 0.485715 0.135435 0.109683 0.0010418 
2.08714e-07 0.00249314 0.0370201 5.54771e-06 0.0084209 0.18487 0.0985156 5.60427e-05 0.497864 0.00887165 0.161691 0.000192082 
4.40217e-09 0.0112522 0.0395927 0.000664773 0.362694 0.0114971 0.0113464 0.000137491 0.482198 0.0189305 0.0433844 0.0183019 
9.97265e-05 0.0196681 0.0144123 1.3647e-08 0.00663724 0.0683865 0.00193601 2.1997e-08 0.68436 0.00697328 0.197486 4.03425e-05 
3.53456e-05 0.00235151 0.00504316 4.15664e-05 0.00393129 0.00287238 0.00165934 5.25965e-05 0.947575 0.00191594 0.0343213 0.000200716 
2.64246e-07 0.109088 0.108074 0.000296664 0.247935 0.0246035 0.00266367 0.000346386 0.310789 0.0334773 0.154752 0.00797508 
0.000355324 0.131384 0.197994 8.49689e-09 0.063847 0.00203618 0.00749826 5.7946e-06 0.310811 0.00422124 0.281682 0.000165556 
3.24905e-10 0.0233821 0.00135282 1.15134e-05 0.00540761 0.0025826 0.0012132 7.63777e-05 0.915826 6.94925e-05 0.0500401 3.80789e-05 
2.78844e-10 0.00833791 0.000992159 2.65395e-10 0.00180553 0.00349732 9.26246e-11 2.71229e-07 0.965279 0.0107913 0.00766609 0.00163067 
2.02002e-06 0.00454198 0.00355391 2.42764e-09 0.0661082 0.000511412 0.00343367 8.86534e-05 0.85526 0.0334331 0.0330662 5.71539e-07 
0.0002084 0.0233679 7.59381e-05 4.80376e-11 0.000118266 0.0198911 3.97334e-05 1.29277e-05 0.919905 0.034544 0.00152128 0.000315848 
3.46904e-06 0.030903 0.0423638 3.46921e-06 0.308648 3.47201e-06 0.000350607 0.00764057 0.596185 0.0138914 3.47231e-06 3.46943e-06 
4.26777e-10 0.0154728 0.00219276 4.78638e-06 0.00654731 0.00360913 0.00318612 6.13509e-05 0.911963 0.000194538 0.0567173 5.11415e-05 
1.21399e-08 0.000989141 0.0208013 1.68635e-07 0.219504 0.0597666 0.00943924 1.42077e-05 0.459947 0.0268243 0.202714 1.18797e-07 
3.17788e-09 0.0134125 0.00159639 3.0246e-09 0.00520706 0.00884074 0.00340865 2.06151e-07 0.943493 0.0160618 0.00580282 0.00217729 
0.0425034 0.00155223 0.0192167 7.0486e-06 0.00937499 0.0334904 0.304078 3.92549e-05 0.385665 0.0349997 0.152519 0.016555 
4.0874e-05 0.00977659 0.0130573 4.30342e-06 0.0112169 0.0124835 0.00315695 3.63636e-05 0.913567 0.0114009 0.0184036 0.00685535 
0.000146854 0.00329152 0.145925 1.67103e-06 0.186447 0.0337417 0.0300592 0.000679369 0.336563 0.0561663 0.206958 1.98055e-05 
2.09803e-05 0.0280877 0.02253 0.000117071 0.211149 0.015606 0.15173 0.00754874 0.482868 0.00709837 0.0732034 4.10312e-05 
0.00311155 0.0653901 0.0441496 0.000781356 0.0193686 0.0228545 0.0135335 0.00038675 0.72895 0.0187257 0.0777116 0.00503635 
3.42313e-11 3.60166e-07 0.0102045 3.25803e-11 0.00097667 0.0074633 4.26176e-06 6.69053e-07 0.626202 0.310772 0.0443752 8.56111e-07 
2.27688e-06 0.0282084 0.00215984 1.9344e-06 0.0170827 0.00933022 0.000996313 1.06517e-05 0.894578 0.0233086 0.0242202 0.000101161 
0.000133525 0.0543204 0.0114106 1.67256e-06 0.000384564 0.0196253 0.00065304 5.53384e-06 0.739775 0.124235 0.0494553 2.00925e-10 
2.91812e-07 0.00800189 0.0543734 0.00196874 0.0208493 0.014359 0.0460675 0.00537145 0.506846 0.0312622 0.260959 0.0499411 
1.69631e-07 0.0863308 0.094355 1.48136e-06 0.0469995 0.0619414 0.0772232 0.000144119 0.297326 0.0414157 0.292631 0.00163131 
0.000452914 0.0390211 0.00365352 4.33946e-05 0.00868917 0.0138983 0.00403169 0.000113739 0.85769 0.00120857 0.0708697 0.000328276 
0.00010435 0.18833 0.0121447 6.20037e-07 0.013504 0.00443829 0.00313566 5.24095e-07 0.449924 0.00302473 0.325394 6.69001e-08 
0.0800228 0.0570366 0.0628064 1.87473e-05 0.02585 0.0238515 0.0385492 0.000203587 0.571085 0.0197782 0.116985 0.00381247 
0.00221003 0.0138945 0.130281 7.0021e-06 0.0616008 0.0108415 0.0122172 0.000152237 0.447023 0.0262176 0.283398 0.012156 
8.78675e-06 0.0181729 0.00197418 6.40642e-07 0.00145279 0.0250164 0.00187194 1.9544e-05 0.9287 0.00207071 0.0206188 9.33835e-05 
1.36506e-06 0.00107685 0.0315181 3.01816e-06 0.126226 0.0142855 0.0289163 0.00173089 0.531832 0.146494 0.117757 0.000158473 
6.6823e-08 9.1385e-12 0.0186529 0.0215353 0.00123206 0.000499359 0.004137 7.06628e-05 0.950916 0.00144257 0.0014894 2.42947e-05 
4.32094e-05 0.000705883 0.297974 6.54207e-07 0.028199 0.120649 0.000386427 4.00872e-05 0.35184 0.0124864 0.179898 0.00777828 
1.82113e-10 0.00653397 0.00547466 0.000220669 0.0267711 0.0104286 0.00988254 0.000276778 0.834461 0.0335734 0.0697393 0.00263763 
1.32124e-11 0.0055728 4.24916e-08 1.63603e-08 0.00270216 0.00205238 0.0148621 3.80184e-05 0.974772 1.91986e-07 1.18025e-07 1.17172e-11 
6.87117e-06 0.0149883 0.0323062 3.621e-06 0.185899 0.00720627 0.00350156 1.28767e-05 0.404337 0.00131779 0.350352 6.95921e-05 
3.93684e-09 0.00186198 0.00556114 1.18856e-08 0.00350158 7.56281e-05 2.24007e-07 1.3482e-05 0.800884 0.000217693 0.187884 5.47966e-09 
3.24905e-10 0.0233821 0.00135282 1.15134e-05 0.00540761 0.0025826 0.0012132 7.63777e-05 0.915826 6.94925e-05 0.0500401 3.80789e-05 
0.00357769 0.000820112 0.163112 0.0640575 0.00891766 0.0796348 0.0198445 0.000215914 0.400609 0.0171361 0.241668 0.000407002 
3.58865e-06 0.00352053 0.0914905 6.23227e-07 0.00654078 0.0307139 0.000256002 2.38773e-06 0.764888 0.0280407 0.074538 5.254e-06 
1.67005e-09 0.0219251 0.0360548 1.5895e-09 0.331665 4.53208e-06 2.55239e-06 5.23089e-10 0.610325 2.68225e-06 6.30076e-06 1.36272e-05 
2.21776e-12 0.000284056 9.63748e-05 1.4307e-05 0.00129605 0.000540746 0.000501194 0.000171658 0.996412 6.03212e-05 0.000583749 3.98229e-05 
0.00305655 0.0907703 0.0326397 0.0013158 0.0191496 0.0166389 0.0113676 0.000115257 0.70504 0.016049 0.0994624 0.00439526 
4.14485e-10 0.115081 0.00389401 7.60203e-06 0.00731247 0.00327916 0.00115147 8.67768e-05 0.800354 0.00131377 0.0674916 2.78574e-05 
0.000316003 0.0240913 0.0688239 0.000176163 0.263962 0.0135298 0.0015035 0.00266449 0.412624 0.0817819 0.127767 0.00276029 
3.53456e-05 0.00235151 0.00504316 4.15664e-05 0.00393129 0.00287238 0.00165934 5.25965e-05 0.947575 0.00191594 0.0343213 0.000200716 
4.05046e-10 0.0459993 0.00198869 1.30207e-05 0.0105722 0.00441514 0.00149433 0.000139082 0.83191 0.000137068 0.103286 4.51925e-05 
0.000980413 0.0424722 0.120058 0.00182292 0.163796 0.0544623 0.00441523 0.00138109 0.465655 0.0195541 0.122893 0.00250861 
0.00557893 0.000432911 0.0580801 3.48906e-07 0.0794047 0.00018371 0.000180408 2.25525e-07 0.663282 0.00131561 0.19154 6.65633e-07 
7.71074e-11 0.0463015 0.132727 3.28527e-05 0.0512597 0.00229344 0.00024938 3.18677e-07 0.401509 0.00912153 0.356506 1.0353e-07 
0.000324805 0.0274916 0.0466957 2.98481e-07 0.357051 0.00802645 2.38205e-06 2.34517e-05 0.391136 0.0517055 0.116396 0.0011462 
6.42879e-06 6.43402e-06 6.43458e-06 0.00322099 0.0572685 0.309497 0.00193636 6.4332e-06 0.458802 0.0579144 0.110686 0.000649383 
9.57046e-08 0.0926336 0.0448502 0.00581093 0.0990848 0.00572409 0.00110917 3.27825e-07 0.605555 0.00469326 0.11402 0.0265191 
0.0156464 0.0569495 0.0128812 8.89627e-05 0.0410053 0.0111221 0.252425 8.6723e-05 0.503997 0.0017253 0.101933 0.00214003 
0.0187366 0.10205 0.0408976 2.62332e-05 0.181536 0.00174786 0.0317984 0.000147297 0.503528 0.033374 0.0856592 0.000499536 
0.000977717 0.147052 0.0124663 0.0608569 0.0177196 0.0955963 0.00936074 0.00226604 0.602675 0.00501532 0.0412066 0.00480727 
3.44037e-10 0.0287231 0.00169102 1.43896e-05 0.00662833 0.00322823 0.00148462 9.38826e-05 0.895458 8.52092e-05 0.0625501 4.28282e-05 
3.44533e-10 0.0383283 0.00145672 9.64675e-06 0.00910329 0.00246416 0.0014317 5.76075e-05 0.887619 5.8258e-05 0.0593012 0.000170089 
0.00138298 0.00173111 0.0823742 3.07964e-07 0.0171612 0.22319 0.000627928 5.67392e-08 0.308381 0.0660405 0.299106 4.86369e-06 
4.95289e-08 0.195887 0.00960632 1.10566e-08 0.0364709 0.0647817 0.0203892 0.000160611 0.614506 0.0115502 0.00931908 0.0373284 
0.0343322 0.00354606 0.0936075 2.60943e-06 0.061145 0.109479 0.105732 0.000177506 0.311329 0.229533 0.0497009 0.00141486 
1.4238e-10 4.61262e-05 0.0935032 1.35512e-10 0.00145667 1.00454e-08 1.63333e-06 1.0309e-06 0.681641 0.0430421 0.180302 6.66391e-06 
3.24905e-10 0.0233821 0.00135282 1.15134e-05 0.00540761 0.0025826 0.0012132 7.63777e-05 0.915826 6.94925e-05 0.0500401 3.80789e-05 
0.000319731 2.92611e-05 0.127688 2.04584e-05 0.000598766 0.0303869 0.0351326 2.27421e-05 0.574479 0.119915 0.111307 9.9834e-05 
7.25798e-05 0.000178564 0.00528553 4.40732e-07 0.207117 0.0133897 0.000304931 9.60138e-06 0.637534 0.0117701 0.12425 8.69397e-05 
4.00492e-07 0.0217502 0.0237366 3.39251e-10 0.0274099 0.0364208 0.0018794 7.88038e-08 0.443318 0.0428572 0.400787 0.00184085 
0.00246901 0.0866634 0.0319466 2.37031e-05 0.0171265 0.0344467 0.0659232 0.0353028 0.634115 0.00774193 0.0837225 0.00051832 
3.57754e-08 0.138564 0.0265714 0.000372786 0.135597 0.0266148 0.0145204 0.000163397 0.492474 0.00419242 0.149693 0.0112362 
7.23802e-10 0.0191312 0.00110691 9.44561e-06 0.00442465 0.00787841 0.00167291 6.25222e-05 0.892318 0.000364394 0.072997 3.44411e-05 
0.00364901 0.0825867 0.0338416 1.81825e-05 0.00563259 0.0212088 0.0319747 0.000916403 0.679746 0.0051923 0.135052 0.000182171 
1.46642e-06 0.0102748 0.250986 0.000881368 0.0497532 0.0204022 1.4674e-06 1.46743e-06 0.306473 0.0647255 0.296498 1.46659e-06 
0.000710331 0.0143309 0.0786886 2.23219e-06 0.0777042 0.0541591 0.00908785 5.42543e-05 0.49228 0.0883846 0.18414 0.000457975 
0.00200672 0.0538626 0.0604604 0.00126073 0.138448 0.0350016 0.0331488 0.00212984 0.505695 0.0310153 0.13208 0.00489145 
0.000347654 2.01544e-05 0.010195 3.42505e-06 0.066662 0.0118473 0.00120274 0.000126034 0.807159 0.0825135 0.0145128 0.00541005 
0.00288184 0.174298 0.0489925 4.02617e-07 0.0338599 0.057669 0.00617607 5.59204e-07 0.346799 0.00341963 0.322247 0.00365641 
3.83918e-12 0.00630786 0.00347711 2.28427e-07 0.00460968 0.00304568 0.00238744 3.74205e-05 0.921483 0.000408056 0.0581906 5.29695e-05 
1.02486e-08 0.00201557 0.0314222 6.1652e-05 0.0573356 0.11406 0.0247037 0.000152027 0.447205 0.0798811 0.242553 0.000610114 
3.24905e-10 0.0233821 0.00135282 1.15134e-05 0.00540761 0.0025826 0.0012132 7.63777e-05 0.915826 6.94925e-05 0.0500401 3.80789e-05 
1.40537e-07 0.0228138 0.0493168 0.000239066 0.00928302 0.147831 0.0440175 0.00292532 0.318019 0.226554 0.175992 0.00300797 
3.94413e-10 0.114705 0.0224673 8.34349e-07 0.198474 0.000877998 6.35022e-05 7.90232e-05 0.569105 1.22129e-05 0.0941924 2.21179e-05 
4.90857e-05 0.0146358 0.00415061 2.80216e-05 0.0308481 0.0111715 0.00292222 2.9197e-05 0.727781 0.00910041 0.199041 0.000242757 
3.87523e-06 0.00127399 0.00732684 4.06523e-06 0.0219898 0.000725337 0.00574802 6.15208e-05 0.90877 0.0224279 0.0316088 5.99758e-05 
0.00513639 0.0388238 0.0146678 7.53032e-06 0.0341536 0.00560924 0.00580893 9.39353e-05 0.779336 0.0111021 0.0989236 0.00633684 
0.000382145 0.000354308 0.019975 3.22298e-06 0.00407373 0.00178835 0.00750735 5.30875e-08 0.858958 0.062416 0.0441586 0.00038323 
4.11383e-11 0.000289928 0.0234084 1.79817e-08 0.0198966 0.028551 0.00221975 1.0961e-07 0.747082 0.0236091 0.1549 4.3778e-05 
0.00177855 0.15041 0.0393056 0.00053593 0.054243 0.0631673 0.0622224 0.000285673 0.436775 0.0126833 0.176986 0.00160644 
6.81676e-08 0.00755977 0.00444625 1.3463e-05 0.00431224 0.00365052 0.00232572 3.26991e-05 0.910915 0.00311752 0.0635731 5.39928e-05 
3.83918e-12 0.00630786 0.00347711 2.28427e-07 0.00460968 0.00304568 0.00238744 3.74205e-05 0.921483 0.000408056 0.0581906 5.29695e-05 
3.07945e-05 0.0457281 0.0638479 3.12267e-06 0.00175207 3.18114e-06 2.33851e-06 8.52279e-07 0.797473 0.0644721 0.0266784 8.51311e-06 
5.18693e-08 0.00399249 0.00521718 0.00193217 0.457966 0.00424933 0.00364772 0.00171505 0.501512 0.00641014 0.0132638 9.39199e-05 
3.44037e-10 0.0287231 0.00169102 1.43896e-05 0.00662833 0.00322823 0.00148462 9.38826e-05 0.895458 8.52092e-05 0.0625501 4.28282e-05 
6.34189e-11 0.196525 0.0452507 7.03805e-09 0.0209322 0.0196946 6.06828e-05 2.12026e-08 0.688433 0.0034729 0.0141441 0.0114875 
0.00469905 0.0348062 0.091597 0.000102268 0.0276081 0.130261 0.0313887 2.39193e-05 0.44243 0.0738441 0.162 0.00123961 
0.00357769 0.000820112 0.163112 0.0640575 0.00891766 0.0796348 0.0198445 0.000215914 0.400609 0.0171361 0.241668 0.000407002 
1.82365e-09 0.038691 0.0266675 2.42001e-06 0.0819035 0.0352322 0.000486577 8.92856e-05 0.431819 0.048467 0.336618 2.33994e-05 
2.08044e-05 0.0336552 0.0264459 9.05901e-06 0.068198 0.00365224 0.000130694 0.000135286 0.749208 0.00479219 0.113715 3.74523e-05 
2.02629e-09 6.78606e-05 0.026484 4.56108e-08 0.000316931 0.00344197 6.07204e-05 6.34667e-10 0.885571 0.071496 0.0125597 1.69167e-06 
0.0017505 0.239621 0.0078467 8.80051e-07 0.000799213 0.00144282 0.00822442 6.52838e-05 0.70128 0.000399749 0.0385031 6.64931e-05 
9.13878e-05 0.0396502 0.0370545 0.00396805 0.0207591 0.0953903 0.00807801 4.58969e-05 0.610663 0.0637368 0.120158 0.000404762 
7.23675e-06 0.00836946 0.0526364 0.000764632 0.174868 0.170016 0.00442975 5.45421e-05 0.300509 0.0603333 0.219376 0.00863553 
5.76493e-06 0.0092794 0.0248143 0.00111184 0.0640358 0.0288827 0.00130821 0.00495645 0.841009 0.00103121 0.0235491 1.60362e-05 
0.00180295 0.00891158 0.0522283 2.65676e-05 0.0464269 0.0413129 0.0102085 6.61535e-05 0.492936 0.0496677 0.288075 0.00833746 
0.00125415 0.12914 0.000421465 1.93821e-07 0.00217306 0.0162984 0.00505725 2.06011e-05 0.724758 0.00175013 0.11901 0.000116638 
0.0316691 0.068345 0.0285427 8.82252e-07 0.016395 0.0018165 0.0173375 7.83651e-06 0.74878 0.00511814 0.0818549 0.00013275 
2.62443e-07 0.00323083 0.00585956 6.36625e-07 0.0593658 0.0245281 1.41894e-06 4.00728e-08 0.551764 0.00797448 0.343568 0.00370684 
8.12549e-12 0.0652902 0.0344761 0.000230733 0.333344 0.0648305 0.000674851 0.000166577 0.351441 0.00236555 0.146698 0.00048185 
2.21776e-12 0.000284056 9.63748e-05 1.4307e-05 0.00129605 0.000540746 0.000501194 0.000171658 0.996412 6.03212e-05 0.000583749 3.98229e-05 
1.0808e-08 0.00911389 0.00369437 1.68378e-05 0.219337 0.0215919 0.00192852 7.01053e-05 0.650955 0.0216056 0.0262954 0.0453916 
5.49787e-05 0.00120317 0.0360056 0.00437603 0.0517192 0.0384937 0.00123837 9.83093e-05 0.752102 0.0160011 0.0980684 0.000639545 
0.00191474 4.33011e-05 0.0534187 1.00008e-06 0.000635844 0.0216015 0.00724491 7.06125e-06 0.501929 0.0706373 0.342489 7.75471e-05 
0.000581258 0.0143855 0.0651584 5.16203e-05 0.256027 0.0641116 0.00418214 0.000111696 0.270146 0.0562229 0.26791 0.00111219 
1.55591e-07 0.0219222 0.100236 7.81398e-07 0.0635116 0.035531 0.0246564 3.44308e-05 0.647447 0.00285895 0.103769 3.27751e-05 
0.000401242 0.0133365 0.0306195 0.00115276 0.0693939 0.0205097 0.021449 0.00390457 0.633805 0.0585053 0.138349 0.00857272 
0.00327038 0.0172316 0.00558927 2.50278e-09 0.0563258 0.00486569 0.0481865 0.000104757 0.786351 0.00192581 0.0761489 2.33203e-09 
1.97791e-05 0.00448833 0.000762654 6.04288e-07 0.00295282 0.0015807 0.00125174 1.68012e-05 0.977811 0.000428613 0.0106176 6.93847e-05 
0.00374824 0.0879762 0.0179127 0.00229415 0.0260002 0.02609 0.0273071 0.00380309 0.690986 0.0126755 0.0961934 0.00501309 
1.32124e-11 0.0055728 4.24916e-08 1.63603e-08 0.00270216 0.00205238 0.0148621 3.80184e-05 0.974772 1.91986e-07 1.18025e-07 1.17172e-11 
0.000311344 0.0588986 0.0574215 1.24624e-05 0.0670649 0.012178 0.00336875 4.61399e-05 0.640424 0.0232224 0.136029 0.00102317 
4.62979e-12 0.000626045 6.88468e-05 7.11651e-05 0.00496552 0.00064204 0.000358029 0.000122631 0.992079 4.30938e-05 0.000995524 2.84675e-05 
6.18914e-05 0.0126441 0.17641 1.84982e-05 0.180414 0.0438644 0.00245334 0.00123494 0.347564 0.089661 0.144487 0.00118653 
4.24515e-12 0.00391764 0.00397031 3.55096e-05 0.0616541 0.000953378 0.000594529 0.000361043 0.882454 0.000166394 0.0458633 2.96927e-05 
7.68797e-05 0.000203865 0.00125394 0.000479984 0.105262 0.0879367 0.000547505 0.00277293 0.596603 0.143527 0.0608749 0.000461649 
1.01236e-07 0.0123086 0.00399319 0.000307724 0.0753751 0.00775217 0.00197315 0.000708695 0.868624 0.00272373 0.0259705 0.000262705 
1.02639e-09 0.0527661 0.0079955 3.15456e-06 0.00674082 0.0150069 0.000822053 0.000120586 0.86949 0.00344127 0.0435965 1.72821e-05 
8.9081e-05 0.13341 0.0116459 2.60592e-06 0.017231 0.0459937 0.0233337 3.64655e-05 0.612318 0.0244246 0.126646 0.00486918 
3.62846e-06 0.0456596 0.0146995 1.2396e-06 0.0463068 0.000696851 0.0223971 3.60977e-05 0.814209 0.000795941 0.0135666 0.0416275 
0.00240408 0.102477 0.00253248 1.00419e-05 0.00572021 0.0241612 0.00467216 3.1054e-05 0.763837 0.00198475 0.091411 0.000758795 
1.50054e-07 0.065402 0.000101419 1.43463e-10 0.192796 0.0367264 0.00190436 9.5732e-06 0.489021 0.00154778 0.212491 5.2273e-07 
3.19335e-05 0.025109 0.11745 0.000134686 0.142434 0.187292 0.0161149 0.000565959 0.302175 0.068662 0.128671 0.0113601 
0.00013559 0.0248233 0.0324441 0.00141113 0.0091351 0.0118184 0.00153396 5.90052e-05 0.794523 0.0265682 0.0974534 9.53054e-05 
0.000591205 0.000464899 0.199433 0.000861256 0.098278 0.0303946 0.18467 0.00887009 0.231819 0.149372 0.0367479 0.0584981 
5.90384e-09 0.027603 0.00155226 1.62562e-05 0.00743236 0.00276539 0.00134397 9.17888e-05 0.902678 7.43057e-05 0.0563977 4.52321e-05 
1.98423e-05 0.0387272 0.0775019 5.28819e-05 0.14692 0.0865673 0.00441418 0.00129035 0.263082 0.13435 0.246964 0.000111131 
1.39939e-05 0.0210469 0.0245184 3.40652e-05 0.0133935 0.0986208 0.124458 0.000346821 0.630113 0.0295591 0.0576033 0.000292044 
2.21776e-12 0.000284056 9.63748e-05 1.4307e-05 0.00129605 0.000540746 0.000501194 0.000171658 0.996412 6.03212e-05 0.000583749 3.98229e-05 
3.24905e-10 0.0233821 0.00135282 1.15134e-05 0.00540761 0.0025826 0.0012132 7.63777e-05 0.915826 6.94925e-05 0.0500401 3.80789e-05 
3.42313e-11 3.60166e-07 0.0102045 3.25803e-11 0.00097667 0.0074633 4.26176e-06 6.69053e-07 0.626202 0.310772 0.0443752 8.56111e-07 
4.62979e-12 0.000626045 6.88468e-05 7.11651e-05 0.00496552 0.00064204 0.000358029 0.000122631 0.992079 4.30938e-05 0.000995524 2.84675e-05 
1.59316e-05 1.59446e-05 1.59459e-05 1.59324e-05 0.15946 0.0988766 1.59422e-05 1.59425e-05 0.612353 1.59451e-05 0.129184 1.59334e-05 
0.0253173 0.00391752 0.22302 2.62129e-05 0.0754557 0.0787373 0.0275395 0.00267988 0.405549 0.0560445 0.101202 0.000510905 
0.0003422 0.094828 0.00757128 2.93238e-06 0.169258 0.00123121 0.0126035 0.0535129 0.621398 0.0239499 0.0139571 0.00134469 
6.38419e-07 0.0413237 0.00813448 9.42017e-05 0.0123141 0.184023 0.00105058 2.94197e-07 0.638126 0.00471203 0.0592605 0.0509601 
3.43625e-08 0.0152887 0.110243 0.00277046 0.177422 0.0396139 0.00711209 0.000525524 0.356356 0.0140321 0.275638 0.00099758 
1.70761e-09 2.50162e-05 0.0030313 1.62524e-09 0.396174 0.00173603 5.67221e-10 5.58622e-05 0.584975 0.00347344 0.0105293 3.81203e-07 
9.24414e-07 0.0326691 0.0137824 3.44065e-06 0.00906851 0.0212653 0.00379983 9.57389e-06 0.816993 0.00456009 0.0975603 0.000287784 
4.24187e-07 0.0965389 0.0171106 0.0036062 0.0389719 0.0147748 0.305237 4.24478e-07 0.471365 0.00632615 0.0460681 4.24234e-07 
1.18097e-08 0.00760353 0.00718596 3.87552e-06 0.100466 0.0615503 0.0116673 3.66979e-05 0.381432 0.0522213 0.377578 0.000255299 
0.00030128 0.0796767 0.0316381 3.88827e-05 0.0279908 0.0591877 0.0286162 0.00218756 0.570868 0.0318519 0.16334 0.00430285 
0.0246919 0.00754437 0.030045 7.38388e-08 0.0535626 0.0118293 0.00534745 4.88561e-05 0.68255 0.0657194 0.118653 7.63505e-06 
1.47652e-05 0.000536744 0.101366 0.00019427 0.202693 0.00389449 0.0486383 0.00019643 0.374676 0.0324953 0.229501 0.00579436 
0.00025286 0.0377562 0.012994 1.22678e-06 0.0153031 0.0629366 0.022007 0.000200275 0.530524 0.0277368 0.286701 0.00358689 
7.96232e-10 0.0175008 0.00180639 7.57827e-10 0.0383959 0.00983537 0.000983942 0.00430548 0.794745 0.00209186 0.00280155 0.127534 
0.00485524 0.0171497 0.0474961 2.72137e-05 0.0324024 0.0776021 0.124511 3.67834e-05 0.586556 0.0241508 0.0844946 0.000718459 
1.03121e-08 0.140966 0.0254082 6.05287e-05 0.112522 0.0610969 0.132121 0.0101471 0.44382 0.00629773 0.0667152 0.000845331 
6.87967e-12 0.0729089 2.7809e-07 6.54785e-12 0.0291211 5.65993e-08 3.22242e-08 1.96664e-05 0.895242 2.54245e-05 0.00148787 0.00119446 
3.14581e-07 0.0414943 0.0122547 7.76075e-10 0.096413 0.0189054 0.000747366 1.21018e-05 0.715366 0.0426681 0.0720736 6.46628e-05 
0.000297334 0.00267867 0.0439532 7.15968e-05 0.0126549 0.112359 0.0193247 5.84216e-05 0.523375 0.0189863 0.26573 0.00051121 
0.000372822 0.00529069 0.023887 1.22685e-05 0.00575052 0.0108371 0.00271889 0.00439948 0.845908 0.0367816 0.0623866 0.00165457 
8.54929e-12 0.0528627 0.000897584 1.97051e-06 0.00995041 0.00203463 0.0220006 1.46543e-05 0.888757 0.000210357 0.0228063 0.000463714 
0.000262996 0.0194991 0.0810831 0.0139102 0.181787 0.0391377 0.0136922 2.10603e-06 0.400363 0.0920478 0.158201 1.37008e-05 
0.0197763 0.272879 0.0516147 1.75582e-05 0.0384403 0.00552314 0.00156671 7.78005e-06 0.459671 0.0123043 0.123688 0.0145117 
1.26932e-12 0.148766 0.00147526 1.30487e-08 0.0237144 0.00169922 0.00251427 1.00987e-08 0.819046 1.91235e-06 1.21239e-06 0.00278157 
1.03121e-08 0.140966 0.0254082 6.05287e-05 0.112522 0.0610969 0.132121 0.0101471 0.44382 0.00629773 0.0667152 0.000845331 
9.55771e-05 0.00152187 0.242315 0.000297677 0.138016 0.0176479 0.0298652 6.69883e-05 0.256622 0.0412053 0.217145 0.0552014 
2.72166e-06 0.240377 0.00405744 0.00373488 0.00186691 0.0173642 0.00813819 0.000500476 0.710524 0.0041875 0.00923384 1.26323e-05 
2.36524e-05 0.086609 0.0117049 3.60362e-05 0.0105334 0.0865555 0.0334927 0.00015054 0.569293 0.00367992 0.197325 0.000596493 
1.53091e-07 0.00975455 0.00491822 1.16886e-05 0.177021 0.0398321 0.0130711 0.0157605 0.492201 0.00263699 0.163112 0.0816804 
3.24905e-10 0.0233821 0.00135282 1.15134e-05 0.00540761 0.0025826 0.0012132 7.63777e-05 0.915826 6.94925e-05 0.0500401 3.80789e-05 
1.07112e-07 0.0191951 0.00111814 1.31851e-05 0.00446218 0.00213073 0.00100797 6.64133e-05 0.930913 5.94629e-05 0.0409971 3.67652e-05 
0.0100228 0.0378174 0.169466 1.22965e-05 0.000246703 0.0359258 0.115873 0.0250624 0.246174 0.116081 0.112267 0.13105 
3.53456e-05 0.00235151 0.00504316 4.15664e-05 0.00393129 0.00287238 0.00165934 5.25965e-05 0.947575 0.00191594 0.0343213 0.000200716 
0.00236426 0.27644 0.0274295 0.000288013 0.0334935 0.0300818 0.0144436 0.00106372 0.502518 0.0194436 0.0887106 0.00372329 
3.34279e-06 0.00034855 1.8768e-05 3.03089e-06 0.238328 0.00130813 1.93151e-05 1.02853e-06 0.681614 0.070941 0.00733173 8.27611e-05 
7.68336e-07 0.0298933 7.32356e-06 1.01884e-05 0.0238991 0.109414 3.13044e-06 8.84107e-10 0.620119 0.214416 0.000521945 0.00171534 
5.54997e-07 0.0159351 0.0215608 3.05811e-08 0.259309 0.00242837 1.0673e-08 1.00639e-08 0.696531 0.0040342 9.58461e-05 0.000104912 
2.77011e-05 0.000850236 0.0192704 3.48674e-06 0.0116855 0.00143335 0.00621912 1.55168e-05 0.814442 0.0567429 0.0893094 6.46301e-07 
2.42046e-06 0.00395362 0.012308 0.0001268 0.0100904 0.212427 0.0377751 4.55337e-06 0.301729 0.134098 0.287027 0.000459002 
8.94992e-06 0.0912119 0.00867398 0.00394875 0.0134397 0.112132 0.0319656 0.00019965 0.612336 0.00607645 0.118152 0.00185519 
9.24383e-05 2.95547e-05 0.112369 8.62048e-08 0.312953 0.0057523 0.000177759 0.000143384 0.359482 0.141961 0.0617832 0.00525763 
6.41865e-05 0.020331 0.0370461 4.66435e-05 0.0245528 0.00860778 0.00657578 4.34028e-05 0.728138 0.0224928 0.151025 0.00107738 
0.00369468 0.010125 0.0651818 0.00019212 0.0830017 0.133493 0.0404375 0.00148643 0.348171 0.0229564 0.289451 0.00180863 
1.44757e-10 0.0277066 0.000209761 1.37775e-10 0.1389 0.00275136 1.08133e-06 9.58974e-08 0.427499 0.000149381 0.402525 0.00025784 
7.22114e-07 0.0539885 0.0149329 1.37899e-06 0.0829975 0.0147388 0.00968547 0.000245327 0.688263 0.0182516 0.109248 0.00764597 
1.32124e-11 0.0055728 4.24916e-08 1.63603e-08 0.00270216 0.00205238 0.0148621 3.80184e-05 0.974772 1.91986e-07 1.18025e-07 1.17172e-11 
1.48895e-05 0.00355943 0.00600401 1.11674e-06 0.00309157 0.00737968 0.00389769 2.10455e-06 0.896545 0.0178655 0.0612534 0.000385281 
1.47411e-11 0.00412896 0.00357464 1.52528e-07 0.00414648 0.00418045 0.00156283 2.45106e-05 0.925663 0.000809725 0.055875 3.47092e-05 
0.00409054 0.0259989 0.0282409 2.21687e-06 0.30972 0.000887668 0.0127486 0.000327983 0.460477 0.0157427 0.133809 0.0079549 
0.00413771 0.164959 0.00494176 1.06801e-07 0.00826086 0.00120822 0.00282874 3.02725e-05 0.773727 0.01217 0.0276566 7.91672e-05 
0.00676786 0.0385683 0.0278518 0.00718748 0.0914077 0.0815168 0.00190706 0.000139169 0.557841 0.0117683 0.174952 9.30763e-05 
4.47474e-07 0.000365432 0.00226268 4.25891e-07 0.0384358 0.000391969 1.48639e-07 1.40156e-07 0.957465 0.000338646 0.000738613 3.96835e-07 
0.00227095 0.0123168 0.0198563 2.96883e-05 0.0935421 0.0120277 0.0224149 3.02429e-08 0.745082 1.46206e-07 0.0915947 0.000864293 
1.45525e-07 0.215731 0.0239524 0.0612034 0.0586907 0.13582 0.0010693 2.17141e-07 0.282439 0.0317361 0.189067 0.000290657 
0.000122498 0.0895558 0.0272342 9.40794e-07 0.00999432 0.0433022 0.020452 0.000101492 0.624107 0.0162732 0.168427 0.000428634 
5.54491e-10 0.0546981 0.00602855 3.17137e-07 0.217985 0.00302376 0.00249569 6.52942e-08 0.650704 0.000285127 0.0647777 1.84237e-06 
0.000370796 0.0344771 0.0671753 0.00988775 0.177647 0.0154637 0.0062387 0.000191077 0.454165 0.0345661 0.188304 0.011513 
9.97265e-05 0.0196681 0.0144123 1.3647e-08 0.00663724 0.0683865 0.00193601 2.1997e-08 0.68436 0.00697328 0.197486 4.03425e-05 
9.82883e-05 0.117865 0.0344208 1.14944e-05 0.0104327 0.0351181 0.105781 0.0025004 0.629201 0.00710872 0.0569783 0.000484108 
4.12793e-11 0.211712 0.00183802 8.29025e-06 0.0350822 0.00463271 0.000368965 8.29376e-06 0.735963 1.55448e-05 0.0102866 8.44031e-05 
0.00255543 0.0241208 0.0796118 1.94805e-05 0.256208 0.0298685 0.062761 0.00186965 0.322707 0.0677995 0.1457 0.00677837 
0.000747827 0.000325976 0.0537491 5.90073e-11 0.308655 0.00287495 0.0105836 0.00034311 0.52958 0.0407942 0.048139 0.00420689 
4.09812e-07 0.0014283 0.000468893 6.71099e-05 0.00987977 0.00200088 4.86484e-05 3.2375e-07 0.962581 0.00343012 0.0200892 5.38873e-06 
6.90889e-06 0.0820738 0.209754 6.54581e-07 0.0685968 0.0123062 0.00351063 7.71922e-05 0.281945 0.00620805 0.216245 0.119276 
5.80709e-06 0.0331994 0.00263389 3.22728e-07 0.00187379 0.00511354 0.0436737 3.94171e-06 0.875213 0.0111655 0.0270658 5.18896e-05 
1.15212e-07 0.350262 0.0471064 1.15217e-07 0.070935 0.00660738 0.00162568 0.00055351 0.409251 0.00119933 0.110904 0.00155565 
1.49286e-06 0.0390044 0.0813944 2.06503e-06 0.0205519 0.028972 0.000840683 1.9989e-06 0.408955 0.0321948 0.387975 0.000105805 
0.00019343 0.0455018 0.0657693 3.63528e-05 0.0557866 0.0242332 0.055037 0.000828332 0.621096 0.0387642 0.0918215 0.000931748 
3.24905e-10 0.0233821 0.00135282 1.15134e-05 0.00540761 0.0025826 0.0012132 7.63777e-05 0.915826 6.94925e-05 0.0500401 3.80789e-05 
1.41541e-10 0.0022595 0.00771625 1.34714e-10 0.00558944 0.0301122 0.000583221 2.70023e-07 0.77512 0.00275524 0.175864 1.08116e-07 
1.65349e-07 0.327565 0.0316244 2.74628e-08 0.108604 0.0198006 0.062781 0.000391198 0.40903 0.01637 0.0226639 0.00116955 
0.00375784 0.371754 0.021227 0.000541154 0.0303462 0.0277025 0.013547 0.00185622 0.416473 0.0174122 0.0943213 0.00106233 
9.30876e-05 0.0115548 0.0015434 1.07294e-05 4.49277e-05 0.00572212 5.69368e-05 9.44985e-10 0.980958 1.5977e-05 3.70002e-07 5.71583e-09 
3.83918e-12 0.00630786 0.00347711 2.28427e-07 0.00460968 0.00304568 0.00238744 3.74205e-05 0.921483 0.000408056 0.0581906 5.29695e-05 
3.34571e-05 0.132877 0.0398391 0.000159197 0.0847483 0.0157152 0.00148039 0.00726719 0.555061 0.0233531 0.13891 0.00055668 
2.97396e-07 0.0171702 0.00531487 4.90936e-06 0.00423354 0.00562751 0.0012617 3.03346e-05 0.906185 0.0187271 0.0413041 0.000140085 
0.00212574 0.0254924 0.0604636 7.99786e-06 0.0665428 0.123229 0.00230817 1.37133e-05 0.281302 0.264177 0.173486 0.000851144 
0.000137574 0.0869044 0.060522 7.81851e-05 0.0518926 0.0618542 0.133417 0.00026354 0.443203 0.0292453 0.131936 0.000546166 
2.67616e-07 0.000277348 0.0007681 2.62385e-06 0.0705652 0.00234058 4.53197e-05 1.14491e-06 0.466675 0.000540901 0.458774 9.75139e-06 
0.000452469 0.0241467 0.00256521 9.43313e-06 0.00744603 0.00577634 0.00328084 6.25066e-05 0.894633 0.000223033 0.060989 0.000415478 
0.000174743 0.00348504 0.185905 4.36013e-08 0.107189 0.109912 0.0219206 0.000485814 0.365011 0.0484952 0.155823 0.00159891 
0.0115436 0.00910053 0.0465493 0.000929957 0.0811875 0.221043 0.0167838 0.00188433 0.397777 0.00466788 0.207981 0.000552622 
4.37019e-05 0.00630905 0.0158351 0.109984 0.24221 0.0365896 0.00188953 0.000167549 0.365222 0.0186405 0.203069 3.9021e-05 
1.36754e-05 0.0448375 0.00788693 1.63922e-05 0.00946033 0.00820825 0.00481363 0.000147289 0.787993 0.000593063 0.135958 7.1722e-05 
6.78098e-07 9.27097e-05 0.00981782 3.61148e-05 0.123049 0.0273923 0.0293713 0.0243707 0.4756 0.0470565 0.26251 0.000703645 
0.000488888 0.0861474 0.0666637 0.00012572 0.0218551 0.0424132 0.0336637 0.00316191 0.649395 0.00815918 0.0862228 0.00170361 
6.87381e-09 0.000539045 0.00122153 6.54226e-09 0.124928 0.00216568 0.00213806 1.52395e-06 0.852289 0.0153301 0.0010768 0.000310483 
1.43126e-07 0.000172657 0.000114731 1.36222e-07 2.85437e-08 0.0264389 4.80179e-06 4.48293e-08 0.973131 0.000137048 7.84846e-09 1.26929e-07 
2.18868e-05 0.277697 0.00304691 2.76346e-08 0.00141871 0.0803397 0.00305262 2.82775e-05 0.517047 0.00478602 0.112548 1.45699e-05 
7.27519e-08 4.22836e-07 0.0899691 6.18501e-08 0.0188208 2.15272e-07 0.000230603 3.75553e-07 0.819006 0.0560787 0.0150742 0.00081904 
4.17755e-06 0.0157459 0.00153458 7.11014e-07 0.00210936 0.00326796 0.00196361 1.62768e-05 0.954743 0.00116872 0.0193908 5.51992e-05 
1.17062e-07 0.0173307 0.112505 0.000947188 0.151552 0.0230613 0.00012817 4.73278e-08 0.509779 0.0522162 0.132424 5.68619e-05 
0.00257575 0.179696 0.0197871 0.00273512 0.0367423 0.016642 0.00240781 0.0136854 0.635321 0.0133545 0.0731968 0.00385664 
0.0105368 0.409685 0.0136735 0.00421591 0.0026022 0.0216052 0.0124449 6.77693e-05 0.458007 0.00463783 0.0618323 0.00069184 
4.12912e-10 0.0164988 1.16647e-07 5.67467e-08 0.00178236 0.0493785 0.013336 3.4435e-07 0.736325 0.0179623 0.16463 8.68845e-05 
1.85821e-11 0.000156365 0.0338853 3.43729e-09 0.000395086 0.00514628 7.50113e-05 5.82022e-12 0.932438 0.0231205 0.00478133 1.89231e-06 
1.4901e-07 0.016456 0.00306546 1.41823e-07 0.0785645 5.65879e-05 0.0147766 0.00457578 0.878629 0.00118477 0.00269125 1.32147e-07 
0.000137419 0.0489994 0.00313794 2.58914e-05 0.0147358 0.00451748 0.000518183 0.00469502 0.858186 0.000816758 0.0641757 5.41945e-05 
0.135872 0.0252139 0.155394 3.93723e-05 0.0728354 0.0213974 0.129432 0.152879 0.198546 0.00130801 0.106492 0.00059108 
3.83918e-12 0.00630786 0.00347711 2.28427e-07 0.00460968 0.00304568 0.00238744 3.74205e-05 0.921483 0.000408056 0.0581906 5.29695e-05 
8.41653e-07 0.103232 0.000546898 3.36445e-10 0.0105865 0.00155408 0.00154933 1.61617e-07 0.882522 1.88393e-07 7.05313e-06 3.13492e-10 
2.98516e-07 4.58722e-05 0.046905 5.1812e-06 0.0205581 0.0351964 0.0398266 0.000304231 0.478109 0.00927968 0.338027 0.0317425 
0.00019294 0.00122274 0.0844853 0.000117828 0.282262 0.00049406 9.58483e-06 3.92338e-07 0.600013 0.000764714 0.030389 4.85382e-05 
2.72546e-11 5.05741e-12 1.21387e-08 2.59401e-11 2.35903e-07 4.0309e-08 9.05327e-12 7.69149e-09 0.999621 0.000377682 6.8749e-07 3.79499e-07 
3.0659e-10 0.0290953 0.00319248 8.86686e-06 0.00628455 0.0323654 0.0403745 0.000432491 0.613773 0.000602365 0.272029 0.00184301 
0.00257025 0.088858 0.0124569 0.00189539 0.0161182 0.0411721 0.0267287 0.000139446 0.686395 0.0204404 0.0935004 0.00972544 
3.31957e-11 0.363521 0.0132558 3.15946e-11 0.0222708 0.0320408 0.00575936 0.00375599 0.545309 0.000227284 0.0138197 4.05021e-05 
3.24905e-10 0.0233821 0.00135282 1.15134e-05 0.00540761 0.0025826 0.0012132 7.63777e-05 0.915826 6.94925e-05 0.0500401 3.80789e-05 
6.20893e-10 0.0725916 0.0415357 5.90946e-10 0.000150101 8.91456e-11 2.06244e-10 1.94474e-10 0.504497 0.209103 0.172122 5.50629e-10 
3.69712e-07 0.0399774 0.0190998 0.000795512 0.256794 0.0199278 0.00217129 0.000346518 0.54393 0.0127015 0.103822 0.000434624 
1.50054e-07 0.065402 0.000101419 1.43463e-10 0.192796 0.0367264 0.00190436 9.5732e-06 0.489021 0.00154778 0.212491 5.2273e-07 
1.67141e-05 0.0347235 0.0709901 2.12172e-06 0.259232 0.00235695 0.00204149 8.18731e-05 0.261408 0.0725513 0.256854 0.0397415 
9.3839e-05 0.0772691 0.0106459 4.90598e-05 0.0274911 0.0213874 0.0154776 0.000580022 0.737408 0.0122881 0.0786311 0.0186785 
5.87168e-05 0.0505962 0.0715588 4.78119e-07 0.102319 0.133259 0.00523914 3.41085e-05 0.474961 0.0783432 0.0825151 0.00111481 
4.01551e-05 0.0323449 0.0217157 5.35107e-05 0.0360258 0.00358803 0.0159095 0.00010951 0.767919 0.062528 0.0578294 0.00193604 
3.33428e-05 0.0133009 0.0341959 8.09198e-05 0.0246201 0.0120699 0.0118965 0.000135275 0.769841 0.0210422 0.110342 0.00244175 
6.91454e-05 0.0309946 0.231622 0.000313461 0.0716017 0.214502 0.0412433 8.41552e-05 0.253086 0.0490598 0.106397 0.00102784 
