2.92352e-07 0.000161115 0.232091 5.21896e-05 0.0340744 0.126482 0.159964 0.000214483 0.0135279 0.304843 0.128237 0.000353601 
0.0263659 4.71091e-05 0.175754 0.000343104 0.318374 0.00301879 0.00409775 0.000161325 0.0137496 0.359208 0.0988303 5.04891e-05 
4.48735e-09 0.000135477 0.029603 4.27091e-09 0.0238665 0.100281 0.00123674 1.42326e-06 0.0207396 0.65076 0.172713 0.000663486 
3.07127e-07 2.34403e-05 0.0370271 8.54964e-06 0.00618659 0.0575778 0.000365927 3.29624e-06 0.053319 0.733092 0.112365 3.05155e-05 
0.00399559 0.00462613 0.297681 0.000256899 0.0222992 0.0768536 0.0477503 0.00581644 0.0387835 0.391474 0.108815 0.00164852 
0.000211987 0.00152435 0.0597587 1.97271e-06 0.00599518 0.24088 0.0496444 0.0132567 0.029305 0.313566 0.282691 0.00316447 
4.51371e-05 0.00235574 0.0551874 1.49512e-08 0.00152445 0.00958983 0.000113258 2.84233e-09 0.0399747 0.465165 0.426014 3.0047e-05 
0.000644873 0.043339 0.249171 1.27021e-05 0.054469 0.00411692 0.00410171 0.000264421 0.0549085 0.438222 0.0638667 0.086884 
3.77882e-05 0.0137793 0.210576 1.2215e-06 0.0132475 0.10141 0.053646 0.000119108 0.00869074 0.462981 0.135389 0.000122269 
0.000458666 0.00133675 0.0806705 3.06661e-05 0.0138482 0.0373256 0.241072 0.120549 0.0426783 0.247352 0.207356 0.00732262 
2.20438e-05 0.0035308 0.079629 0.00327332 0.0120173 0.015188 0.00807371 8.90624e-05 0.0303278 0.43404 0.41357 0.000238932 
0.0509613 0.00724945 0.292748 1.44181e-06 0.129164 0.0106088 0.00267226 0.000174032 0.0242093 0.353517 0.128505 0.000189126 
7.98103e-05 0.000159882 0.205357 0.000104661 0.153615 0.0819987 0.0996228 0.000102721 0.092021 0.357535 0.0094024 9.94482e-07 
0.000303876 0.0101199 0.160942 1.96081e-05 0.0165451 0.126668 0.0274217 0.0126095 0.0266291 0.557618 0.0489486 0.0121738 
0.00131702 0.00482367 0.226791 1.25075e-05 0.00715283 0.0601008 0.0644989 0.000590344 0.0342293 0.380633 0.217553 0.00229823 
3.93382e-06 9.49854e-06 0.0884142 6.64215e-07 0.0618538 0.00159402 0.000426894 0.0173827 0.0626248 0.715016 0.0522618 0.00041202 
0.0377946 0.00751413 0.180647 8.56538e-05 0.0165667 0.0270258 0.00821823 0.00517514 0.0281389 0.360401 0.327045 0.00138691 
2.55333e-08 0.000762573 0.163296 2.18363e-05 0.0465107 0.0035747 3.01297e-05 5.03783e-05 0.0478702 0.708111 0.0294128 0.000359731 
9.99256e-07 0.0065196 0.102892 0.000338233 0.00598306 0.0470889 0.00105905 0.00647083 0.0105918 0.723651 0.0947114 0.000693395 
1.1178e-05 9.27057e-06 0.193417 5.93726e-06 0.0496797 2.89268e-05 8.26833e-06 6.37568e-07 6.99495e-05 0.440931 0.315814 2.38402e-05 
0.000110443 5.15963e-05 0.0414462 7.48624e-05 0.0137567 0.343314 0.0195855 5.2351e-05 0.00912843 0.362833 0.206873 0.00277485 
2.06534e-06 0.00023223 0.0499617 0.00187933 0.0300001 0.138123 0.00291338 5.38295e-05 0.0088062 0.723597 0.0442925 0.000138802 
7.95349e-10 0.00272827 0.078532 3.74068e-08 0.123156 0.031998 0.000184581 1.06775e-05 0.170917 0.526096 0.0660507 0.000327273 
0.000170412 0.00438569 0.115453 0.000103178 0.0517217 0.0463252 0.00158924 0.0657152 0.0294988 0.390697 0.29425 9.0817e-05 
0.00714915 0.0027932 0.044224 5.03785e-05 0.146633 0.00669257 0.00353063 1.92282e-07 0.234098 0.328603 0.226161 6.44845e-05 
0.00305112 0.0264527 0.201744 8.97424e-06 0.00992515 0.0509793 0.00674417 2.58681e-06 0.0791506 0.371006 0.243775 0.00715994 
0.000514803 0.000434586 0.352597 0.000204022 0.0515125 0.00659661 0.0140505 2.20868e-05 0.0197642 0.379092 0.161391 0.0138202 
0.00434025 0.00806682 0.144165 6.4884e-07 0.0750203 0.00537709 0.00383378 6.42758e-05 0.171219 0.421139 0.165456 0.00131827 
1.04404e-09 2.83896e-05 0.00384356 0.000142334 5.05499e-07 0.0326776 7.39762e-06 2.623e-06 0.0038078 0.674446 0.285043 4.52781e-07 
2.59825e-05 0.00949131 0.0781499 2.76881e-08 0.0299538 0.0926103 0.0202967 0.000106871 0.0528886 0.645573 0.059586 0.0113173 
1.27584e-05 0.000460981 0.357898 1.18601e-07 0.0575873 0.00266222 0.0102545 4.46177e-06 0.096959 0.433123 0.0408447 0.000192305 
1.66525e-06 0.0022636 0.0182997 2.71026e-06 0.00122107 0.025321 0.302513 6.46898e-06 0.181597 0.450206 0.0185152 5.21764e-05 
0.00176273 0.0336491 0.231493 1.5044e-05 0.0150399 0.0137108 0.136334 0.000106984 0.046271 0.279258 0.232559 0.00980113 
0.000461582 0.000110731 0.0890512 3.12233e-06 0.00247268 0.082258 0.00338976 7.66938e-06 0.166226 0.484807 0.171176 3.55739e-05 
0.000304133 0.0224929 0.0472126 4.35975e-05 0.0411788 0.0756026 0.00190348 5.91407e-05 0.0585256 0.651661 0.0911516 0.00986482 
0.00235364 0.000486561 0.065426 5.4113e-05 0.0343299 0.162691 0.0233818 2.16555e-05 0.0652733 0.616988 0.027628 0.00136608 
0.00406996 0.00587967 0.106229 7.89545e-06 0.0124765 0.133689 0.0125823 0.00253727 0.0703435 0.343319 0.299547 0.00932007 
0.000912023 0.000310184 0.17247 1.18339e-07 0.109178 0.146087 0.00470031 0.0122744 0.0486463 0.264646 0.240741 3.46153e-05 
4.29026e-07 0.0179629 0.0591923 2.17187e-06 0.00282529 0.00134154 0.00107433 1.83331e-09 0.0225717 0.528732 0.366265 3.18246e-05 
0.0131533 9.53844e-07 9.53927e-07 9.53115e-07 0.134014 0.03415 0.0903168 0.0623743 0.132123 0.345017 0.141666 0.0471831 
2.2512e-05 0.00575386 0.235127 0.000265019 0.112021 0.00294049 0.000272184 0.000274997 0.00699955 0.452085 0.0508183 0.13342 
1.93754e-06 0.00458652 0.152687 8.18414e-08 0.00785819 0.157666 0.000303381 6.14887e-07 0.0100366 0.374953 0.290934 0.000971963 
4.8316e-06 0.00082267 0.052565 2.54748e-08 0.0168311 0.0972538 0.00787825 3.73574e-05 0.0921953 0.56375 0.166356 0.00230534 
6.80735e-06 0.00166827 0.00254992 0.000305888 0.023458 0.0146406 0.00123477 2.44692e-05 0.0750556 0.627757 0.253123 0.000175862 
0.123077 0.219073 0.14867 4.2847e-05 0.051649 0.000946632 0.00440782 0.0405321 0.0760507 0.250839 0.0847023 1.01702e-05 
0.00027732 4.37708e-09 0.129442 0.000635619 0.00114757 0.0619363 0.00191752 1.47322e-07 0.00667171 0.795075 0.00226155 0.000634985 
0.00145417 0.000723164 0.181382 1.16487e-06 0.0279543 0.0126629 0.0261131 0.000424599 0.0502486 0.463109 0.235452 0.000475629 
3.09709e-05 0.0309756 0.131322 3.07117e-06 0.0711206 0.0181424 0.00169919 0.00895764 0.0252204 0.617735 0.094773 2.00458e-05 
3.57401e-05 0.00536693 0.00750191 1.14717e-05 0.00137053 5.77621e-05 4.0037e-06 7.87392e-06 0.0203757 0.941575 0.0236481 4.5504e-05 
0.000507949 0.000298078 0.091214 2.52921e-07 0.00106967 0.244949 0.00794236 4.81368e-05 0.0605162 0.517293 0.075971 0.000190528 
2.81514e-06 0.0135383 0.0121658 2.69173e-05 0.0617391 0.0316874 0.0506254 0.000516524 0.140696 0.410763 0.277722 0.000516546 
0.00101352 0.000131835 0.0210083 1.71514e-05 0.0301356 0.0728175 0.00358591 0.000157422 0.036981 0.744781 0.0541533 0.0352177 
0.233869 0.00253756 0.042728 5.94997e-08 0.000209897 0.0694503 0.000511556 4.93881e-06 0.019246 0.537615 0.0938256 1.75527e-06 
1.22353e-06 4.62587e-05 0.00197662 0.000266143 0.00183357 0.161694 8.67938e-05 2.20697e-05 0.000132376 0.829681 0.00425924 1.08507e-06 
6.21706e-06 5.45969e-05 0.025168 2.85726e-06 0.419833 0.0428143 0.00386165 2.19855e-06 0.051335 0.448131 0.00852044 0.000271025 
3.81654e-06 3.59977e-07 0.0213919 0.000124493 0.204156 0.250799 0.00146926 4.98265e-06 0.0247974 0.466157 0.0309905 0.000104484 
0.000999845 0.0213923 0.0338259 1.55298e-06 9.41632e-06 0.0545431 0.0274699 1.62835e-05 0.000777307 0.767966 0.0889427 0.00405614 
0.000420141 4.10168e-11 0.127654 2.1038e-10 0.00436955 0.298155 0.0373986 8.53315e-06 0.0018584 0.404454 0.125567 0.000114812 
2.08232e-10 0.00654964 0.0188433 6.46558e-08 0.0030463 0.0113946 0.0146931 5.12419e-05 0.0149811 0.85387 0.0765703 1.84667e-10 
0.000670657 0.00170899 0.286399 1.13024e-05 0.0437918 0.00957427 0.0199338 0.000398097 0.0384985 0.414454 0.183698 0.000860485 
0.00219527 0.0165907 0.0817796 0.00213467 0.0294816 0.0374548 0.00511656 0.0147239 0.0138587 0.780589 0.0121307 0.00394481 
0.000460847 0.000265726 0.0895301 4.84955e-05 0.0157845 0.121733 3.07586e-05 0.141534 0.145725 0.455291 0.026195 0.00340143 
2.32214e-08 2.46048e-05 0.00857817 0.0130886 0.161521 0.206938 5.41595e-06 1.45509e-05 0.0618022 0.486156 0.0606114 0.00125973 
0.00496382 0.000211932 0.167774 6.19142e-07 0.00179586 0.0736051 0.0396339 0.00394183 0.00902137 0.657035 0.0419149 0.000101691 
5.41972e-08 0.000260001 0.00461801 5.10338e-06 0.00217122 0.077207 0.00506266 4.77397e-07 0.0614526 0.811383 0.0372786 0.000560893 
2.26772e-09 4.62088e-07 0.0429613 2.15834e-09 0.0811737 0.0321911 4.13968e-07 3.00372e-05 0.0690128 0.662385 0.108329 0.00391541 
0.00208299 0.000120675 0.136079 3.25692e-06 0.0144358 0.00693716 0.10559 0.000157983 0.0215795 0.47441 0.238259 0.000344759 
1.39278e-06 7.9832e-05 0.0676402 6.8987e-06 0.0208983 0.342319 0.00178587 6.63003e-07 0.00872827 0.496786 0.0617531 7.88169e-07 
3.5568e-05 0.0110632 0.170388 0.0871369 0.0198849 0.0148671 0.0319428 0.00017528 0.134783 0.314287 0.214215 0.00122071 
6.80927e-10 1.26354e-10 0.000346713 1.24514e-05 0.000445967 0.0017268 0.000158482 6.32581e-05 0.0013377 0.990481 0.00534939 7.78719e-05 
0.000498618 0.000333122 0.210538 2.72949e-05 0.034026 0.115648 0.0406673 0.000904484 0.0212839 0.513219 0.0614011 0.00145305 
4.47059e-07 1.77036e-06 0.269717 4.73471e-09 0.201865 0.14883 3.74988e-05 4.87691e-06 0.0340317 0.322557 0.0168155 0.00613819 
4.19416e-07 2.0334e-05 0.0638094 3.79389e-10 0.000374513 0.0143214 2.32629e-05 1.14246e-06 0.00150524 0.88816 0.0314391 0.000345461 
7.95258e-06 1.53459e-06 0.0534226 0.0223587 0.00897419 0.0026817 0.00094893 0.00627603 0.00300773 0.868108 0.0340637 0.000148989 
0.000548919 0.00846114 0.133523 9.01079e-05 0.0118776 0.00374787 0.00359854 0.000183184 0.0425719 0.595703 0.199304 0.000390556 
0.000132936 0.0269955 0.165274 0.000923529 0.092397 0.00439675 0.0120524 0.000428177 0.0992284 0.356311 0.241718 0.000142127 
0.0345324 0.000304476 0.0941946 1.22707e-06 0.0120349 0.0053532 0.0106652 0.00028026 0.165996 0.545282 0.127619 0.00373675 
8.6099e-08 0.0095243 0.181567 3.05925e-08 0.202882 0.01686 3.5307e-11 2.48552e-08 0.158298 0.230908 0.19996 9.42623e-11 
4.90188e-05 5.65613e-05 0.215076 1.54306e-05 0.0768685 0.175503 0.0392439 9.23778e-06 0.0343961 0.267334 0.191243 0.000205933 
7.19477e-05 0.000465779 0.192705 0.000376566 0.00606173 0.119459 0.00534065 4.59859e-05 0.0267997 0.532423 0.114833 0.00141707 
2.98312e-07 8.76296e-05 0.102447 0.000244657 0.0154238 0.00238741 0.00232914 0.0515437 0.194086 0.504567 0.126691 0.000192688 
1.68207e-07 8.92394e-05 0.01453 3.30618e-06 0.130557 0.304642 0.000237679 5.68257e-06 0.0330083 0.415331 0.10153 6.57164e-05 
8.15061e-09 0.000394406 0.0433686 0.00456853 0.173856 0.00263771 6.0407e-05 4.11434e-05 0.0217999 0.735327 0.0178145 0.000132227 
7.20392e-07 1.33677e-07 0.0154396 6.85646e-07 0.0183693 0.0181507 0.0002416 2.25639e-07 0.0768943 0.810928 0.0550779 0.00489648 
2.70165e-08 7.63561e-05 0.0529297 0.00264776 0.000637011 4.29592e-05 8.97417e-09 1.08127e-07 0.0177878 0.820772 0.105071 3.52899e-05 
5.91827e-05 0.00361232 0.309111 1.83978e-06 0.00769073 0.17823 0.00648162 0.0130437 0.00658429 0.426132 0.0467011 0.0023518 
1.76026e-06 0.00323853 0.0282546 6.67941e-07 0.215416 0.155831 0.00188343 0.000778398 0.012201 0.468038 0.114318 3.8886e-05 
0.000602016 9.62076e-05 0.202504 2.58239e-07 0.00610434 0.118851 0.0112545 0.00557246 0.0606172 0.593001 0.00100692 0.000390045 
2.07181e-07 0.0290138 0.155827 1.41558e-05 0.0188592 0.0127391 0.0981645 0.000278364 0.180499 0.268536 0.227611 0.00845809 
2.61107e-10 2.20905e-05 5.6451e-06 2.48513e-10 0.000582725 0.0764759 1.43936e-07 8.1783e-11 4.5336e-06 0.922902 5.31794e-06 1.70102e-06 
7.06257e-06 1.54357e-07 0.000261122 2.70816e-09 6.91001e-05 0.0329142 0.000142016 9.89064e-08 0.000661428 0.961445 0.0038345 0.000665003 
0.000587108 0.000180086 0.246506 8.6831e-06 0.0503288 0.0258832 0.00203379 0.000337169 0.162329 0.26134 0.249772 0.000693975 
0.00253584 0.0158735 0.0982708 0.00026103 0.0190868 0.28612 3.21031e-06 9.65094e-06 0.155501 0.30942 0.0920472 0.0208709 
2.93311e-06 7.98082e-06 0.0941036 3.05357e-07 0.000414163 0.000940353 1.19146e-05 3.46902e-06 0.044216 0.46314 0.397121 3.81265e-05 
0.0863523 2.43904e-07 0.138669 4.11769e-05 0.0749134 0.145865 1.15366e-07 0.000560376 0.0258205 0.436542 0.0912358 1.47364e-11 
0.000189735 0.000846586 0.156372 0.000271347 0.0321211 0.00346096 0.00361644 0.000146585 0.000763459 0.743438 0.0586734 0.000100951 
5.3171e-06 1.09194e-05 0.00886189 5.06064e-06 0.0342428 0.000307458 0.00279396 1.6654e-06 6.82149e-05 0.945626 0.00115772 0.00691944 
9.94346e-06 0.0339712 0.298198 1.05603e-06 0.0006226 0.00935692 0.0112465 5.42818e-06 0.000996469 0.371224 0.274084 0.00028431 
1.09017e-08 3.72241e-05 1.2083e-05 1.03759e-08 0.218764 0.000133672 3.44056e-05 2.80032e-05 0.000276488 0.780585 0.000129307 9.66802e-09 
1.80762e-05 0.0146525 0.134182 6.32166e-05 0.0565913 0.0298844 0.00036541 0.000141664 0.0429712 0.479551 0.231288 0.0102903 
0.0375761 0.00195463 0.0792991 3.13163e-05 0.064735 0.172324 0.0169125 5.76727e-05 0.0708006 0.383186 0.171363 0.00175969 
6.37672e-07 1.18327e-07 0.0648547 5.64173e-05 0.281726 8.04318e-05 0.000534595 1.9973e-07 0.0387398 0.585801 0.000648457 0.0275577 
7.3054e-06 0.00442228 0.114529 1.24657e-08 0.0211645 0.00665245 0.0017322 0.000310773 0.0355148 0.751161 0.0610684 0.00343689 
1.12386e-05 0.00196939 0.0107019 1.96578e-05 9.85728e-06 0.00205431 9.96326e-07 3.69477e-06 0.158918 0.723289 0.103016 6.56065e-06 
9.4294e-05 3.20915e-06 0.0136753 0.000229947 0.164554 0.0674916 3.75193e-05 0.000264786 0.0209631 0.605679 0.126128 0.000879459 
1.22499e-07 0.000909038 0.0864976 1.22263e-10 0.0603949 0.008158 0.0224502 0.000140079 0.0756412 0.65135 0.0937516 0.000706848 
3.54217e-05 9.82663e-08 0.0178286 1.86853e-05 0.00466947 0.00386798 0.000844626 0.00807558 0.000244722 0.951436 0.0124453 0.000533145 
1.01318e-05 1.49306e-06 0.0737086 5.83234e-10 0.00883304 0.00455759 1.50281e-06 2.42976e-05 0.00201753 0.550899 0.359314 0.000631867 
2.95402e-06 0.000556527 0.0340458 1.70317e-10 0.0032926 0.296839 0.0387978 0.000257393 0.0415343 0.51988 0.0261607 0.0386331 
6.59606e-06 0.0736898 0.11737 1.29416e-06 0.0407503 0.280776 0.000533431 0.000189019 0.0333705 0.346838 0.104425 0.00205065 
0.00826895 0.00209392 0.11989 2.69849e-05 0.0242128 0.0494131 0.0172911 0.0814674 0.104278 0.373843 0.218882 0.000333584 
6.78834e-05 1.11587e-05 0.113342 8.05171e-07 0.0532174 0.0163798 0.0195087 1.58001e-05 0.0509017 0.642684 0.103239 0.000632175 
1.45863e-05 2.55435e-07 0.051151 1.31016e-06 0.0866423 0.000322258 4.57254e-07 9.46889e-06 0.0815348 0.680667 0.0993452 0.000311096 
0.11236 0.00129047 0.0481025 2.2854e-07 0.101002 0.0588138 0.00235686 5.67458e-05 0.0154877 0.395884 0.264617 2.79243e-05 
7.89509e-06 0.00600855 0.0227731 4.03397e-05 0.0325414 0.133722 0.00877238 0.000550494 0.0159512 0.701183 0.0761743 0.00227439 
5.95944e-05 0.0094783 0.0163486 0.000295072 0.00683029 0.270378 0.0109871 3.22193e-05 0.0344507 0.612693 0.0374921 0.000954735 
0.000292683 2.00094e-05 0.269599 5.38453e-05 0.00159986 0.0085268 0.000142046 1.20711e-07 0.00110688 0.710025 0.00862961 4.30542e-06 
0.0191762 0.00483387 0.141751 0.00286653 0.0204761 0.0318182 0.00251749 0.000247669 0.0430057 0.630455 0.101998 0.000854735 
3.05069e-06 4.20401e-08 0.0181145 5.04137e-06 0.027015 1.00534e-05 0.00271359 2.06766e-06 0.01977 0.912442 0.0199245 4.94882e-08 
0.000460896 0.00831359 0.0383229 7.22699e-07 0.00158392 0.278576 0.0798207 0.000112705 0.0317169 0.363664 0.195947 0.00148079 
0.00133583 9.6242e-05 0.310314 3.68402e-06 0.00341583 0.128977 0.074702 0.0034099 0.014758 0.325847 0.127759 0.0093818 
0.000108561 2.85202e-05 0.108895 1.69087e-06 0.00129346 0.00562898 0.000382543 0.000810868 0.00486851 0.792376 0.0855793 2.69383e-05 
2.62907e-06 0.000235865 0.292443 1.59316e-07 0.109127 0.00443841 0.00203622 0.000257465 0.087901 0.467247 0.0345411 0.00177052 
4.31014e-05 0.000686389 0.0246085 1.37541e-05 0.00122137 0.0307486 0.00441145 8.20346e-05 0.0318902 0.736329 0.169951 1.51097e-05 
5.1925e-05 0.0125044 0.278513 8.11708e-07 0.0161054 0.0129044 0.00550195 0.00105228 0.0204335 0.497312 0.155341 0.00027931 
0.000309695 2.7845e-05 0.419942 3.76597e-05 0.0172656 0.00233263 0.0052323 3.58729e-05 0.0125835 0.470667 0.0702869 0.00127906 
6.11559e-06 0.0040816 0.0117466 0.000436082 0.0727588 0.000843326 7.56813e-05 0.000405479 0.0347238 0.864008 0.01066 0.000254488 
0.0131533 9.53844e-07 9.53927e-07 9.53115e-07 0.134014 0.03415 0.0903168 0.0623743 0.132123 0.345017 0.141666 0.0471831 
0.000469675 0.000166405 0.0662999 0.000338357 0.0767489 0.0112547 0.006759 0.000617593 0.0104175 0.557795 0.254071 0.0150616 
1.75776e-05 0.00444147 0.0925755 0.000128767 0.0699712 0.027041 0.0012652 1.18673e-05 0.187716 0.418151 0.196996 0.00168342 
0.000621944 5.77946e-05 0.0506933 3.44321e-06 0.0209311 0.0969584 0.0304735 0.000190006 0.0470178 0.501504 0.242414 0.00913471 
0.000469616 0.001097 0.0710218 4.47499e-05 0.0150258 0.00464718 0.000172368 7.03701e-05 0.166783 0.632623 0.105563 0.00248264 
0.000167605 0.0524826 0.192064 7.89099e-06 0.00324445 0.024357 0.00375642 1.01864e-05 0.0369379 0.564226 0.122542 0.000204561 
0.000264115 0.00331341 0.167476 1.73101e-05 0.0252512 0.0110404 0.012024 1.85163e-05 0.128428 0.445227 0.204511 0.00242967 
6.50323e-05 0.00052409 0.0590377 3.85779e-05 0.0468088 0.00636094 0.00867975 0.00156273 0.0970099 0.552982 0.219549 0.00738119 
5.33407e-05 1.36918e-05 0.192024 5.97178e-08 0.00104355 0.227858 0.00164304 7.67037e-05 0.00069429 0.456522 0.12006 1.14117e-05 
3.74785e-08 6.95457e-09 0.0369266 3.56708e-08 0.00688449 0.148092 0.00874499 1.17389e-08 0.0846849 0.625231 0.0894351 3.32372e-08 
2.60045e-06 0.0243039 0.0331086 5.2687e-05 0.0061061 0.0105332 0.00465823 2.86604e-05 0.0683814 0.796044 0.0566242 0.000156775 
0.000590857 1.93821e-09 0.0415855 3.59595e-05 9.40562e-07 0.0715244 0.00942097 8.56875e-08 4.95608e-05 0.876571 1.62271e-07 0.000220513 
2.53161e-06 6.57597e-10 0.00274572 3.3729e-09 0.000915692 0.00500466 0.000131912 1.99067e-07 0.00399106 0.98686 0.000347994 3.14278e-09 
0.00271182 0.000154543 0.235878 5.16095e-05 0.0687893 0.0570815 0.00583239 0.00674793 0.0338254 0.498946 0.0890712 0.000910476 
1.4563e-08 0.00343892 0.00106343 1.38605e-08 4.26113e-05 0.247451 4.83743e-09 4.56136e-09 0.000356296 0.740358 0.00703445 0.000254828 
1.00036e-06 0.0221185 0.0232264 7.13366e-06 0.00145946 0.0267889 0.173116 0.0111422 0.0823613 0.561114 0.0973956 0.00126906 
0.00181536 0.000110083 0.000631065 4.26171e-05 0.000952012 0.0533041 1.01368e-05 0.220778 0.0322791 0.681971 0.00807667 3.00242e-05 
0.000229491 0.000966192 0.0200558 6.74898e-07 0.0179757 0.147367 0.260168 0.000153197 0.0378464 0.352781 0.16237 8.6078e-05 
0.00122318 0.000470872 0.178732 0.0284331 0.0233587 0.0150066 0.0530618 0.000172467 0.0560628 0.501968 0.139642 0.00186906 
8.42439e-08 4.55241e-05 0.143671 2.11956e-08 0.000252368 0.000111161 0.0122971 2.53456e-07 0.0112312 0.519096 0.313293 2.02013e-06 
6.59606e-06 0.0736898 0.11737 1.29416e-06 0.0407503 0.280776 0.000533431 0.000189019 0.0333705 0.346838 0.104425 0.00205065 
1.19851e-06 0.00046498 0.037169 4.56422e-05 0.0655268 0.0984276 0.000914965 3.14578e-06 0.00420051 0.70191 0.0900332 0.00130346 
5.65049e-05 0.00801975 0.149826 5.74582e-05 0.142409 0.0889614 0.0252419 5.77433e-05 0.189307 0.223428 0.16643 0.00620509 
1.27551e-07 6.55857e-05 7.73557e-07 1.21399e-07 0.000874532 0.00105404 4.23692e-08 1.05963e-05 2.31514e-05 0.997797 0.000174016 1.13117e-07 
0.0013056 0.000893769 0.258588 2.95785e-07 0.0063683 0.0936123 0.00199041 1.0435e-05 0.0227296 0.579548 0.0346034 0.000349793 
0.000242229 0.00251234 0.164564 0.0419495 0.290822 0.00221909 0.0978152 0.0118486 0.0214616 0.295094 0.071405 6.67055e-05 
5.89297e-07 1.48232e-07 0.0219293 1.65167e-05 0.00272008 2.96454e-05 2.09554e-07 0.000154951 0.000494807 0.913018 0.0613298 0.000305673 
0.00294018 0.000282283 0.112763 4.45286e-05 0.0236577 0.0313184 0.000368295 0.000131824 0.364685 0.440907 0.000576129 0.022325 
0.00270416 0.000544193 0.128073 1.76848e-09 0.0293725 0.00694164 0.187741 0.00292115 0.0430617 0.535594 0.0576582 0.0053889 
6.63223e-06 1.40865e-06 0.0811809 4.83968e-07 0.109897 0.00230814 0.0679773 0.000157112 0.267652 0.44358 0.0272095 2.94665e-05 
3.20385e-05 4.62247e-06 0.00681587 4.57325e-08 0.0204891 0.0122808 4.52788e-05 1.50501e-08 0.0406783 0.906689 0.0113767 0.00158845 
0.000120408 0.000188884 0.108602 0.000690646 0.00472967 0.216514 0.00118725 2.45734e-05 0.0489368 0.556316 0.0622378 0.000452041 
9.49608e-06 0.0348992 0.241 1.02784e-06 0.0161094 0.0123123 0.00604965 0.000207584 0.013289 0.478394 0.189231 0.00849793 
0.0142852 0.000376919 0.199378 2.79995e-07 0.0040243 0.0311394 0.005048 4.67134e-05 0.0380112 0.601898 0.105501 0.000291145 
7.44703e-10 0.00477938 0.195024 8.80724e-07 0.00456312 0.143313 0.000406586 7.89166e-07 0.178387 0.386896 0.086287 0.000341707 
0.00133175 0.00203182 0.0670388 0.00037674 0.0479069 0.0123876 0.00399837 0.0159745 0.0339131 0.665788 0.0463645 0.102888 
8.01376e-05 0.0164931 0.0702083 0.000135572 0.00907976 0.114297 0.00154567 0.000466394 0.0102037 0.706296 0.06939 0.00180448 
5.74816e-05 0.00116974 0.120923 2.83755e-06 0.00380102 0.0746709 0.0142783 9.63984e-05 0.0455265 0.524422 0.214906 0.000144671 
0.000493219 0.00615459 0.187033 7.49149e-06 0.0133245 0.0885425 0.0548258 0.000937472 0.0326697 0.371459 0.243833 0.000719893 
4.04387e-09 1.05988e-05 0.205109 2.35847e-06 0.187597 0.00264179 0.0571503 0.00968884 0.084252 0.262319 0.190975 0.00025435 
7.40411e-05 0.0205698 0.200925 6.8496e-08 0.025419 0.103831 0.0910842 0.00290131 0.0289659 0.262143 0.257122 0.0069649 
0.000124448 0.00237255 0.23343 6.03096e-05 0.11164 0.0410326 0.0231716 0.000180538 0.0475962 0.30027 0.190636 0.0494858 
5.40397e-05 5.61564e-05 0.285428 0.00448025 0.0483672 0.00167434 0.182035 0.00526777 0.00819653 0.353958 0.110368 0.000115077 
0.000947294 0.0351283 0.015386 2.14225e-06 0.0176276 0.0208646 0.000181104 1.15402e-05 0.0172814 0.871217 0.0212635 8.99165e-05 
9.21007e-06 0.0118684 0.349663 4.05319e-07 0.0443057 0.0520036 0.0264457 0.000565098 0.0124789 0.36622 0.136181 0.000258816 
3.25181e-07 0.00500659 0.100798 5.98915e-05 0.0201138 0.00479346 0.000159526 0.0108427 0.0315587 0.768203 0.0572373 0.00122597 
2.40702e-07 1.25481e-05 0.00974314 5.03453e-10 0.00169626 0.166888 0.050412 3.69838e-08 0.0167306 0.75112 0.00272677 0.000671016 
1.83988e-05 0.0176883 0.0227123 1.56927e-07 0.00569898 0.0111247 0.000594722 7.3676e-06 0.0980491 0.461186 0.382635 0.000285307 
6.63223e-06 1.40865e-06 0.0811809 4.83968e-07 0.109897 0.00230814 0.0679773 0.000157112 0.267652 0.44358 0.0272095 2.94665e-05 
0.00162011 0.00031617 0.069896 6.09124e-08 0.0624036 0.0370426 0.00170847 0.000180463 0.167849 0.594466 0.0640672 0.00044979 
1.01849e-07 1.25309e-05 0.0180454 7.69557e-07 0.0121128 6.27445e-05 4.32551e-05 2.74021e-06 7.28338e-05 0.913589 0.0529845 0.00307304 
0.000805246 0.0110018 0.0491678 1.94823e-05 0.10897 0.0087572 0.00412992 2.83835e-05 0.0760295 0.474755 0.266098 0.000237768 
7.23565e-06 0.0110242 0.174923 6.36368e-06 0.0234268 0.0874733 0.00938729 0.000287736 0.0126273 0.511941 0.156741 0.0121547 
0.00631269 0.0196672 0.0804717 2.18281e-06 0.029205 0.0879712 0.00115551 0.000399161 0.0911296 0.5393 0.142976 0.00140877 
8.13043e-06 0.0204563 0.316056 2.68692e-07 0.0590034 0.00432495 0.0158029 0.00032012 0.0561467 0.383767 0.142017 0.0020977 
0.0054926 8.28061e-05 0.0855372 3.87615e-09 0.0422023 0.188649 0.00383221 2.71947e-06 0.0332196 0.625483 0.00720032 0.00829848 
6.40251e-10 0.000310467 0.0364531 3.33833e-05 0.00693992 0.0212614 0.0894859 5.89508e-05 0.201558 0.515395 0.128437 6.64029e-05 
1.88319e-08 0.0178716 0.108401 3.29927e-07 0.0304907 0.0311828 0.130055 0.00304608 0.0421383 0.558444 0.0330385 0.0453314 
0.000373021 8.24478e-05 0.0148938 2.67913e-05 0.244128 0.00230283 0.0178371 4.20097e-05 0.0905202 0.545155 0.0844821 0.000156804 
5.03931e-09 9.351e-10 0.0337569 4.79625e-09 9.05499e-07 1.96806e-05 1.48996e-05 1.57839e-09 2.53039e-05 0.840077 0.126106 4.46903e-09 
6.2965e-05 0.000165024 0.0950038 0.00738132 0.0560531 0.0377372 0.0487469 5.80342e-05 0.23007 0.386611 0.130106 0.00800531 
1.62053e-05 0.00565519 0.0904457 1.13858e-05 0.0863253 0.0219753 0.00170197 2.1051e-05 0.21252 0.329705 0.25032 0.00130302 
5.24881e-08 0.00712851 0.101816 1.03251e-05 0.0984909 0.190594 0.00390259 1.86642e-08 0.0606086 0.470389 0.0340241 0.0330363 
0.000342329 0.0349905 0.0961664 2.78193e-07 0.0609379 0.00167556 7.22415e-05 1.07819e-05 0.102302 0.418255 0.284886 0.000361258 
0.000260098 0.0409008 0.15781 1.99729e-05 0.000420157 0.0433234 0.00912894 1.50422e-06 0.0234689 0.45649 0.268023 0.000152692 
5.40397e-05 5.61564e-05 0.285428 0.00448025 0.0483672 0.00167434 0.182035 0.00526777 0.00819653 0.353958 0.110368 0.000115077 
4.81266e-05 1.36412e-05 0.0396781 2.47912e-08 0.0149519 0.000103851 0.000832772 4.28344e-05 0.00275631 0.752743 0.188829 2.30998e-08 
1.68847e-06 0.0315039 0.0883181 5.46378e-05 0.125181 0.00575624 0.000276116 0.000179016 0.077897 0.496042 0.172881 0.00190965 
0.00029769 0.0267646 0.0393186 1.67498e-05 0.0140299 0.0774232 0.0150936 9.94599e-06 0.00707106 0.673595 0.146294 8.60772e-05 
2.35705e-05 0.000777914 0.140534 0.00041687 0.14588 0.183916 0.0043883 7.60425e-06 0.0171101 0.399534 0.107409 2.46333e-06 
1.20183e-05 0.00684151 0.11716 3.06881e-05 0.00746846 0.0102482 0.0135255 0.000645949 0.0611288 0.407599 0.374103 0.00123669 
0.000266475 4.65068e-05 0.114986 5.17593e-08 0.0978697 0.0624778 0.000363438 2.83898e-05 0.0590428 0.469208 0.14329 0.0524213 
1.67051e-05 0.0302416 0.13432 4.68919e-05 0.136437 0.0103212 0.00279054 5.17957e-05 0.0814195 0.356973 0.24603 0.00135214 
0.0533209 0.00038051 9.05952e-06 7.6264e-09 0.00673682 0.114319 0.00112087 4.23748e-05 0.0540758 0.743098 0.0240627 0.00283338 
0.0234841 3.60299e-06 0.0205614 1.6145e-06 0.0192766 0.223171 1.0458e-05 2.62526e-05 0.0327394 0.614118 0.0648213 0.00178683 
2.93771e-05 4.45151e-08 0.208424 3.35684e-05 0.0389406 0.0235679 0.25857 0.0224428 0.00011783 0.444641 0.00323246 1.53905e-07 
0.000217711 0.000495664 0.139424 6.14877e-05 0.0636745 0.0263421 0.00224664 0.000216387 0.0960522 0.546126 0.124243 0.000900654 
7.27303e-07 3.5223e-05 0.115986 1.59319e-08 0.00582294 0.049836 0.000215591 6.58767e-06 0.0117201 0.704524 0.104278 0.00757565 
2.37668e-05 0.00942164 0.154159 4.78578e-05 0.0827559 0.020661 0.00449687 0.000780857 0.0161733 0.524446 0.187022 1.22957e-05 
0.000252573 0.00811509 0.169906 0.000127644 0.179661 0.0120942 0.000704596 0.0159147 0.0360099 0.498634 0.0778934 0.000687017 
1.3928e-05 0.0250801 0.0260864 1.78405e-08 0.00458745 0.134939 0.000156663 7.52153e-05 0.0115688 0.533076 0.262789 0.00162702 
1.85739e-06 0.000327117 0.173257 1.54284e-07 7.09248e-05 0.00136722 9.32464e-06 5.19226e-08 0.00577171 0.426991 0.392198 5.58108e-06 
0.0126042 0.00131479 0.218534 0.000750071 0.168863 0.211663 0.00462737 0.00156666 0.0435449 0.236524 0.099792 0.000215654 
3.73191e-06 0.000270583 0.0575551 9.1526e-09 0.133319 0.0151128 0.00340786 4.7575e-06 0.163744 0.530131 0.0952333 0.00121891 
6.59606e-06 0.0736898 0.11737 1.29416e-06 0.0407503 0.280776 0.000533431 0.000189019 0.0333705 0.346838 0.104425 0.00205065 
0.000216378 0.00116013 0.211004 0.000187761 0.151163 0.126199 0.0140493 0.00255218 0.087 0.301375 0.101688 0.00340375 
0.161699 0.000452679 0.0801765 1.13584e-05 0.0186111 0.0261199 0.00155854 2.30398e-05 0.0857723 0.553791 0.0714778 0.000307263 
6.59606e-06 0.0736898 0.11737 1.29416e-06 0.0407503 0.280776 0.000533431 0.000189019 0.0333705 0.346838 0.104425 0.00205065 
6.59606e-06 0.0736898 0.11737 1.29416e-06 0.0407503 0.280776 0.000533431 0.000189019 0.0333705 0.346838 0.104425 0.00205065 
5.40397e-05 5.61564e-05 0.285428 0.00448025 0.0483672 0.00167434 0.182035 0.00526777 0.00819653 0.353958 0.110368 0.000115077 
1.37906e-06 0.0109048 0.0507964 0.00289755 0.16217 0.0550729 1.37998e-06 1.38e-06 0.078818 0.503784 0.132378 0.00317357 
2.6228e-06 0.0101221 0.130501 1.65957e-05 0.211795 0.00112066 0.159839 0.00241141 0.0305731 0.452589 0.000695275 0.00033389 
1.86748e-06 0.0436101 0.13567 3.2982e-08 0.01045 0.0648835 0.000236158 1.49299e-05 0.0102206 0.428096 0.306352 0.000464812 
0.000694903 0.00040469 0.0575566 9.81112e-05 0.321175 0.0171523 0.0353932 0.000542457 0.0976288 0.330139 0.139173 4.23751e-05 
7.15762e-05 0.0284081 0.226714 0.000125604 0.0409202 0.00667714 0.000628744 2.96711e-06 0.165958 0.450231 0.0780307 0.00223187 
0.00382471 9.6976e-05 0.212299 6.80877e-06 0.0598663 0.0789003 0.00784849 0.0220032 0.0162985 0.293452 0.290859 0.0145448 
7.91437e-05 0.0277571 0.141855 3.17371e-07 0.00194943 0.138957 4.06036e-05 6.29088e-07 0.00753511 0.403455 0.277152 0.0012188 
1.35502e-05 7.72598e-06 0.000478173 1.23582e-07 0.285558 0.0666641 0.0196884 4.06695e-08 0.11433 0.481625 0.0315759 5.96233e-05 
3.90406e-05 0.0972309 0.252808 0.0243645 0.02229 0.00710052 0.000675717 3.31113e-05 0.065942 0.269589 0.257241 0.00268597 
5.40397e-05 5.61564e-05 0.285428 0.00448025 0.0483672 0.00167434 0.182035 0.00526777 0.00819653 0.353958 0.110368 0.000115077 
5.95114e-10 0.000178465 0.0414577 9.14642e-09 0.0822262 0.00811406 0.000216808 2.42834e-05 0.290253 0.35406 0.22347 5.27767e-10 
1.8156e-05 0.0125369 0.082459 0.000277995 0.00673235 0.195451 0.00160916 6.80149e-05 0.0453881 0.535284 0.119659 0.000516473 
0.000156697 0.00493496 0.0175436 7.90389e-07 0.0345351 0.0405347 0.0317687 0.00148039 0.0643021 0.743659 0.0608876 0.000196408 
3.81654e-06 3.59977e-07 0.0213919 0.000124493 0.204156 0.250799 0.00146926 4.98265e-06 0.0247974 0.466157 0.0309905 0.000104484 
0.00490912 0.00137282 0.0470756 0.004039 0.0313721 0.220773 0.00670074 0.000410514 0.0512187 0.320298 0.29551 0.0163203 
0.000169777 0.00200195 0.13186 0.00316575 0.0915986 0.105414 0.00166533 8.52802e-05 0.052439 0.341322 0.260301 0.00997763 
8.61344e-05 0.0132059 0.00971779 1.7161e-05 0.00337242 0.0463445 0.00338315 0.0912044 0.124279 0.473956 0.229765 0.00466819 
0.0143589 2.15233e-05 0.0929208 1.87444e-06 0.00132655 0.276984 0.00162718 1.90994e-05 0.0131659 0.57984 0.0195744 0.000160141 
1.09656e-06 0.00926959 0.137943 2.23335e-07 0.000477457 0.162031 0.000996051 7.6835e-05 0.00464271 0.38914 0.134343 0.16108 
5.84224e-07 0.0452422 0.301722 0.00278753 0.0490643 0.00730278 5.98784e-05 7.32326e-05 0.0488104 0.357882 0.185981 0.00107464 
6.15029e-06 0.0491525 0.0393885 4.93384e-06 0.00888532 0.276218 0.000118441 1.97153e-05 0.0107226 0.600863 0.0145158 0.000104924 
7.44703e-10 0.00477938 0.195024 8.80724e-07 0.00456312 0.143313 0.000406586 7.89166e-07 0.178387 0.386896 0.086287 0.000341707 
0.000302748 0.0417859 0.233935 0.000305825 0.0254602 0.0554482 0.000492751 1.51187e-05 0.0186436 0.443797 0.178943 0.000870718 
3.5661e-07 0.0021805 0.011262 3.39409e-07 0.095868 0.0603351 3.78309e-05 0.000673752 0.0131322 0.750403 0.065704 0.000403054 
3.05054e-05 0.0138523 0.00771727 1.17385e-06 0.0127557 0.259838 0.00277545 5.3144e-05 0.0164854 0.648544 0.0378739 7.24712e-05 
0.000864902 0.000106908 0.0149672 4.20095e-07 0.00378341 0.0150173 0.00962176 4.19657e-06 0.0568079 0.470908 0.42758 0.000337363 
1.98197e-05 0.0016733 0.0382435 0.000122022 0.0181695 0.0409502 0.00326055 2.78611e-05 0.0864678 0.674331 0.135643 0.0010914 
0.000502216 4.95618e-07 0.169649 3.97495e-08 0.170864 0.0117987 0.00474378 1.93452e-05 0.00256365 0.623141 8.87999e-06 0.0167079 
3.21379e-06 0.00357674 0.00531863 4.45693e-07 0.029524 0.0215766 0.00303238 1.46288e-06 0.026022 0.87268 0.0379986 0.000266234 
9.91813e-05 0.000121306 0.0144178 7.25491e-05 0.00443105 0.032882 0.00180077 0.00206458 0.134467 0.706482 0.103127 3.45629e-05 
0.00181536 0.000110083 0.000631065 4.26171e-05 0.000952012 0.0533041 1.01368e-05 0.220778 0.0322791 0.681971 0.00807667 3.00242e-05 
0.000278823 0.0455767 0.0228947 0.00392323 0.0432946 0.0469946 0.0182051 0.0697384 0.154661 0.553942 0.0258154 0.0146753 
0.00648396 0.0150896 0.101055 1.70725e-05 0.0154019 0.0424246 0.00992302 0.00131563 0.102112 0.429889 0.275589 0.000699478 
2.50969e-06 0.00025189 0.00282955 2.38864e-06 0.02004 0.000256743 0.13545 7.86078e-07 0.193387 0.477416 0.170296 6.68938e-05 
1.24822e-06 0.0168937 0.0895004 4.67721e-06 0.00284686 0.0959149 0.0002196 0.0198897 0.0411334 0.499993 0.13023 0.103372 
2.40702e-07 1.25481e-05 0.00974314 5.03453e-10 0.00169626 0.166888 0.050412 3.69838e-08 0.0167306 0.75112 0.00272677 0.000671016 
0.00120331 0.000887307 0.169584 2.15731e-06 0.0145306 0.0113052 0.000835088 4.81702e-06 0.043562 0.67264 0.083306 0.00213964 
0.00672216 0.0012055 0.0333445 2.54103e-05 0.00579174 0.0583096 0.00793639 0.0199192 0.0103295 0.763912 0.0185864 0.0739176 
0.00562359 0.00578933 0.0297404 6.91765e-06 0.0297647 0.227617 0.00875629 0.0188378 0.0633217 0.308574 0.301941 2.71188e-05 
0.000210034 0.0190008 0.138134 1.70054e-07 0.00146504 0.151973 5.90897e-05 5.69634e-07 0.008102 0.404507 0.275582 0.00096612 
0.000397976 0.0181075 0.0568844 0.000204463 0.0160255 0.239369 0.0387711 0.00266541 0.0332505 0.426744 0.165673 0.00190721 
0.000622499 1.44633e-07 0.019084 2.53929e-08 0.0070737 0.0433568 1.11167e-05 0.00084895 0.0142561 0.865257 0.0489829 0.000506251 
0.00268025 0.000105559 0.0873047 4.54828e-05 0.215494 0.00229457 0.00110255 9.23812e-05 0.14348 0.295069 0.251625 0.00070622 
0.0127683 0.0198599 0.100745 0.000337072 0.0407039 0.102256 0.0213201 0.00307082 0.0993772 0.335996 0.253916 0.00965087 
1.72906e-05 0.00580383 0.0454504 0.000508639 0.0475655 0.132352 0.00771235 4.40002e-05 0.0327806 0.659667 0.0668404 0.00125753 
0.0011445 0.0130203 0.0211019 4.98972e-06 0.00831414 8.79857e-05 3.71645e-06 7.32378e-06 0.0400882 0.904649 0.011542 3.61888e-05 
9.31009e-05 4.37286e-06 0.0850677 0.00044853 0.167125 3.12447e-06 0.00342285 0.128472 0.0358726 0.373464 0.206026 7.51281e-07 
2.51427e-07 0.0309125 0.151984 5.73638e-08 0.00975279 0.00625869 0.000467511 2.79523e-07 0.0195604 0.597446 0.183606 1.14022e-05 
3.07982e-06 0.0268712 0.144797 6.43322e-09 0.0378457 0.0186711 0.000341869 3.55838e-07 0.0387781 0.629492 0.10262 0.000579997 
1.97688e-06 0.00712453 0.162648 1.97697e-06 0.167182 1.97857e-06 0.0249272 1.97823e-06 0.133564 0.391557 0.112988 1.9771e-06 
0.0313275 0.0290882 0.110366 0.00164079 0.100174 0.0746948 0.165034 0.0166707 0.0882952 0.217217 0.163816 0.00167646 
1.33573e-05 0.00337556 0.129977 9.22438e-07 0.00130536 0.000515827 0.00184508 0.00900589 0.0158325 0.695886 0.142012 0.000230059 
0.000395388 0.00497748 0.0684361 1.32239e-05 0.0801289 0.00694128 0.000195936 1.46376e-05 0.1029 0.555713 0.178719 0.00156522 
1.5738e-06 0.000152014 0.00637657 2.51103e-07 1.78782e-07 0.114145 0.116678 1.82196e-06 4.5632e-06 0.730264 0.0311581 0.00121796 
8.13366e-08 0.0313597 0.112556 2.65243e-08 0.0675735 0.00243799 0.0225844 7.67063e-06 0.0422147 0.397024 0.316404 0.0078381 
0.00656147 0.00480149 0.22826 1.63411e-05 0.0266609 0.164143 0.0389447 0.0416191 0.0335972 0.293198 0.161542 0.000655173 
0.000108925 1.29081e-05 0.0924252 9.81703e-07 0.0586816 0.0138695 0.0313516 2.53459e-05 0.0651786 0.669163 0.0681667 0.00101553 
0.0102978 6.38024e-05 0.0529149 2.01263e-10 0.00441299 0.408785 0.0030561 0.000163746 0.0079148 0.429944 0.0821381 0.000308894 
7.25266e-07 0.0307912 0.0979014 1.63094e-07 0.000433229 0.000244713 4.40765e-05 1.72421e-09 0.00995873 0.550196 0.310425 4.73875e-06 
0.046063 0.00181737 0.194788 0.00826703 0.000131665 0.0236871 0.00311605 0.00942268 0.0128185 0.663638 0.0360216 0.000229525 
0.0221364 3.68259e-06 0.204328 1.76559e-07 0.00599488 0.0297067 0.00680672 7.65655e-05 0.0575669 0.633697 0.0393395 0.000342797 
0.00295362 0.00050437 0.0864284 1.42333e-07 0.0411968 0.0135853 0.230402 0.0496982 0.1096 0.345992 0.10244 0.0171992 
5.14666e-05 0.00411554 0.086926 2.02007e-06 0.145718 0.0108499 0.00442905 4.20035e-05 0.0172737 0.48819 0.24113 0.00127252 
1.07212e-06 1.67255e-07 0.0581773 2.45812e-09 0.0247264 0.000122116 0.00843261 1.9176e-06 0.0357481 0.467585 0.405203 2.98329e-06 
0.000210539 0.0110353 0.267687 0.000838727 0.0644096 0.0282992 0.00385604 1.71757e-06 0.118486 0.301653 0.20281 0.000713351 
1.79833e-06 0.0438292 0.225785 0.000171749 0.0236348 0.00170464 5.99449e-06 3.29951e-06 0.0369972 0.615815 0.0511885 0.000863041 
0.00272851 0.000246417 0.0399867 8.03261e-06 0.00254743 0.0426261 0.000759571 1.5884e-05 0.0372685 0.719316 0.15448 1.70511e-05 
6.63223e-06 1.40865e-06 0.0811809 4.83968e-07 0.109897 0.00230814 0.0679773 0.000157112 0.267652 0.44358 0.0272095 2.94665e-05 
0.000114873 0.000569282 0.22583 1.89778e-05 0.0155061 0.153879 0.000799977 0.00834104 0.00824416 0.292609 0.290447 0.00364039 
0.00650531 0.00718948 0.053081 2.31991e-07 0.00251862 0.0829103 0.00962486 1.80671e-06 0.0537308 0.661623 0.122106 0.000709221 
0.0486685 0.0019558 0.233426 1.12215e-05 0.0120897 0.0842762 0.0179669 0.000352471 0.0133213 0.325496 0.262077 0.00035863 
3.78069e-05 0.00684381 0.16406 6.02846e-05 0.0110266 0.0369911 0.00190031 0.00415567 0.035332 0.658077 0.0799051 0.00160944 
6.59606e-06 0.0736898 0.11737 1.29416e-06 0.0407503 0.280776 0.000533431 0.000189019 0.0333705 0.346838 0.104425 0.00205065 
3.07982e-06 0.0268712 0.144797 6.43322e-09 0.0378457 0.0186711 0.000341869 3.55838e-07 0.0387781 0.629492 0.10262 0.000579997 
3.25468e-07 0.00314625 0.0339711 1.39965e-05 0.00204248 0.300576 0.00274286 0.000580895 0.00610322 0.626619 0.024197 6.79703e-06 
5.52176e-05 1.3849e-06 0.013637 5.44261e-06 0.0253993 0.0136131 0.000876055 6.90352e-05 0.0225695 0.83029 0.0929073 0.000577193 
4.06304e-08 0.000204464 2.42952e-05 1.57019e-07 0.000146222 0.0808403 0.000731256 0.000273214 0.000259834 0.90237 0.0127707 0.0023797 
7.49337e-06 0.000233496 0.086101 1.06836e-05 0.0407029 0.00250711 0.00047302 1.62195e-05 0.0165318 0.707001 0.146342 7.32754e-05 
0.128811 0.00367583 0.160472 0.00436476 0.217016 0.000853125 0.00215274 1.68362e-07 0.165952 0.241246 0.0719846 0.00347165 
0.0136014 0.000149412 0.120324 2.7508e-07 0.0519866 0.00365817 1.77065e-05 2.24544e-06 0.00679028 0.519041 0.284427 2.42632e-06 
0.00190279 1.19315e-05 0.22092 6.70017e-07 0.0225016 0.225808 0.00670124 0.000419503 0.00515704 0.422411 0.0920428 0.00212323 
3.32985e-05 0.000366335 0.222031 0.000244001 0.0293988 0.00582819 0.00214987 0.000105725 0.0110504 0.579757 0.148835 0.000200855 
3.72278e-06 0.139596 0.166018 2.87358e-07 0.0160502 0.0151801 7.1605e-07 5.49189e-06 0.161113 0.448398 0.0536149 1.96543e-05 
1.92725e-05 0.0221827 0.0364754 0.00299685 0.0743786 0.102087 0.00746324 4.22133e-05 0.00699037 0.625379 0.118992 0.00299347 
0.000460847 0.000265726 0.0895301 4.84955e-05 0.0157845 0.121733 3.07586e-05 0.141534 0.145725 0.455291 0.026195 0.00340143 
0.00149736 0.0013008 0.101718 1.67623e-07 0.0072016 0.0720069 0.00592613 0.00395231 0.055612 0.709415 0.040718 0.000651183 
0.0104406 0.00048397 0.00833487 1.30105e-05 0.102225 0.0600495 0.0159348 0.0039949 0.0926446 0.38547 0.313801 0.00660881 
2.06816e-07 0.00072456 0.0203252 1.33259e-06 0.00927648 0.367072 0.0018393 1.19531e-05 0.00568592 0.498716 0.0959125 0.000434322 
2.74733e-07 0.0233635 0.0215771 2.74223e-08 0.00202087 0.135496 0.000228259 0.000557561 0.0379156 0.53919 0.0586911 0.180959 
0.000640837 0.000167085 0.00298083 2.47611e-10 9.61249e-05 0.0517929 4.64852e-05 6.01563e-07 0.013647 0.885311 0.0368376 0.00847981 
1.71424e-05 0.003954 0.0201383 3.2986e-08 0.0389618 0.300543 0.000249653 2.13717e-05 0.0924189 0.456062 0.0804108 0.00722265 
2.03323e-06 2.71222e-05 0.000960604 0.000118759 2.7098e-05 0.190908 6.75385e-07 1.12406e-05 0.000162109 0.80778 1.11494e-07 1.80314e-06 
6.80354e-05 0.00225919 0.0286498 8.40272e-06 0.00423337 0.00612595 0.0138538 0.000523638 0.00654891 0.872998 0.0620953 0.00263541 
0.0230964 0.0037213 0.0315365 2.88141e-05 0.00189103 0.311649 0.00466018 0.000119967 0.00553152 0.599808 0.0174692 0.000488031 
0.00031575 3.5734e-05 0.21041 6.30334e-10 0.0508328 0.0585591 0.0151167 0.00768637 0.110582 0.452438 0.0938387 0.000184622 
1.17152e-05 0.000920938 0.258584 0.000139972 0.0689731 0.0599818 0.0317266 2.8583e-05 0.048505 0.364423 0.166533 0.000173028 
5.40397e-05 5.61564e-05 0.285428 0.00448025 0.0483672 0.00167434 0.182035 0.00526777 0.00819653 0.353958 0.110368 0.000115077 
