2.74247e-08 5.08896e-09 4.41753e-05 4.10648e-07 0.736886 0.112417 4.86132e-05 2.66614e-06 0.00846611 4.23482e-09 0.142135 2.43211e-08 
3.16652e-09 1.23451e-06 0.0179284 3.01379e-09 0.888628 7.93801e-05 5.26969e-07 0.00460647 0.0485311 4.88963e-10 0.0402252 2.80818e-09 
1.3544e-07 1.13154e-06 0.00170503 0.00487947 0.923507 0.0597706 6.54629e-05 0.000747661 0.000517346 6.00392e-09 0.0087774 2.87322e-05 
1.40343e-08 1.8753e-05 6.63819e-05 0.0379377 0.872851 0.000781213 3.63668e-05 0.000300236 0.0178282 2.16712e-09 0.0701803 1.24461e-08 
6.93298e-11 2.01413e-05 5.80828e-05 3.36594e-07 0.999332 2.6886e-08 1.47412e-07 0.000588496 7.34389e-07 1.07057e-11 1.78688e-07 2.15255e-07 
9.66329e-10 6.04935e-05 0.0037105 0.00832913 0.923003 5.95756e-07 3.20989e-10 0.00218893 0.062477 1.49217e-10 1.69827e-07 0.000229921 
0.000479046 0.0221081 0.349421 0.0123973 0.0453716 0.439115 0.0524501 0.00130067 0.0152899 1.14254e-09 0.0620137 5.32897e-05 
3.52691e-10 0.00759491 0.0665049 3.36015e-07 0.226182 0.0929375 0.0196241 2.93858e-06 0.563797 5.44613e-11 0.0233564 3.12779e-10 
7.43786e-06 7.19347e-08 0.0716941 0.243936 0.474018 5.04678e-06 0.00871445 0.00170071 0.00438074 6.36767e-08 0.195543 1.89022e-07 
5.09633e-10 1.90082e-08 8.07371e-08 1.40714e-06 0.998122 2.19587e-07 1.15132e-06 0.00187377 3.15962e-07 7.86957e-11 7.18249e-07 5.42804e-07 
4.93701e-07 0.0484161 0.0319917 1.72989e-05 0.473879 0.0580807 5.24654e-05 0.000208708 0.210753 3.3434e-07 0.176581 1.98627e-05 
5.70175e-07 0.000391109 0.0179702 0.0005092 0.554665 0.272339 0.00141229 0.000374763 0.000693987 1.27525e-07 0.150909 0.000733919 
0.00127442 0.0536477 0.0690042 0.00162456 0.351984 0.276291 0.00025377 0.00159263 0.0114547 3.41222e-05 0.232692 0.000147619 
5.42931e-05 6.87693e-07 0.00169324 0.000570325 0.992705 0.00116185 6.14441e-05 1.47797e-05 0.00206631 5.7227e-07 0.00166829 3.28662e-06 
0.00016936 0.00327934 0.0277879 0.00212327 0.592575 0.183353 0.00193595 0.000748702 0.0333626 5.32947e-05 0.14054 0.0140719 
3.21236e-05 3.46512e-05 0.166291 0.0150131 0.1641 0.14042 0.01972 0.00322506 0.0531465 4.59482e-07 0.438015 1.57368e-06 
3.46517e-07 6.6761e-05 0.000819454 3.29804e-07 0.925786 0.00100826 0.00219135 0.000429786 0.0589992 5.3508e-08 0.0106981 3.07303e-07 
5.20229e-07 0.0887936 0.0130135 2.66379e-05 0.13644 0.00394541 7.29423e-11 1.7415e-08 0.688262 3.39085e-11 0.0695175 6.26056e-07 
0.00016936 0.00327934 0.0277879 0.00212327 0.592575 0.183353 0.00193595 0.000748702 0.0333626 5.32947e-05 0.14054 0.0140719 
3.28934e-05 3.71406e-06 0.000679184 0.00587955 0.963514 0.000260454 0.000120861 0.000117518 0.000828412 1.52492e-09 0.0275864 0.000976789 
0.00016936 0.00327934 0.0277879 0.00212327 0.592575 0.183353 0.00193595 0.000748702 0.0333626 5.32947e-05 0.14054 0.0140719 
9.52029e-07 1.44213e-05 5.68529e-06 0.950892 3.18687e-06 0.0490406 8.29791e-06 1.24194e-10 3.3272e-05 6.12281e-11 3.1095e-07 8.09126e-07 
5.24646e-06 0.00573017 5.86321e-07 5.8739e-10 0.156838 1.59505e-06 2.05003e-10 1.93304e-10 0.837423 9.52992e-11 1.4485e-06 5.47316e-10 
9.40221e-08 8.49397e-05 4.05435e-05 8.94872e-08 0.98143 4.02155e-05 3.12316e-08 2.11429e-05 0.0170178 1.45186e-08 0.00136502 8.3382e-08 
1.03681e-06 2.87835e-05 0.00843653 0.000849459 0.264861 0.434947 0.000342779 0.000200837 0.000134569 4.53359e-12 0.289766 0.000432415 
5.09633e-10 1.90082e-08 8.07371e-08 1.40714e-06 0.998122 2.19587e-07 1.15132e-06 0.00187377 3.15962e-07 7.86957e-11 7.18249e-07 5.42804e-07 
2.38415e-10 0.285002 4.15888e-09 1.8821e-07 0.0052927 1.16459e-06 0.0121323 8.87449e-08 0.627815 3.68152e-11 0.06536 0.00439607 
3.7733e-08 7.00178e-09 0.000143753 0.000158053 0.000157282 6.23074e-05 0.000338428 4.84682e-05 0.999023 5.82659e-09 1.48998e-05 5.35741e-05 
8.86637e-07 3.98751e-07 0.158837 0.00252705 0.272936 1.40967e-06 0.00350226 1.00816e-06 0.235375 1.31328e-10 0.32682 7.54236e-10 
0.00022087 0.026454 0.136106 0.00226961 0.655645 0.00459016 0.00806154 0.000275036 0.103098 0.000165139 0.0625302 0.000585053 
0.656678 0.0341025 0.00133803 7.75062e-05 0.223958 0.0440177 0.000621621 0.000114739 0.0289701 1.03571e-05 0.0083096 0.00180198 
1.92898e-06 8.79269e-07 0.000753361 0.981433 0.0176525 0.000105183 1.65175e-06 4.34208e-05 5.30446e-07 2.97866e-07 5.31341e-06 1.71068e-06 
9.59204e-05 1.10312e-05 5.69946e-05 6.06378e-05 0.99549 0.000773925 1.79375e-05 2.06971e-05 1.35438e-05 3.6571e-10 0.000531665 0.00292765 
4.82234e-05 0.00302104 0.0292731 0.00323521 0.181061 0.273941 0.00274382 0.00335761 0.00888333 1.20359e-07 0.492776 0.00165986 
0.00164692 0.00640918 0.0990168 0.0041952 0.482934 0.231999 0.0403237 0.0017255 0.0209945 0.000416481 0.108347 0.00199191 
5.09633e-10 1.90082e-08 8.07371e-08 1.40714e-06 0.998122 2.19587e-07 1.15132e-06 0.00187377 3.15962e-07 7.86957e-11 7.18249e-07 5.42804e-07 
4.82234e-05 0.00302104 0.0292731 0.00323521 0.181061 0.273941 0.00274382 0.00335761 0.00888333 1.20359e-07 0.492776 0.00165986 
8.47268e-08 6.57227e-07 0.00878053 0.000164851 0.789986 0.200736 3.85986e-05 0.000217811 8.02629e-07 4.43811e-09 3.14219e-05 4.26428e-05 
6.65077e-10 4.02338e-06 5.3439e-06 6.32999e-10 0.420253 6.98036e-06 1.06928e-05 2.24999e-06 3.70488e-05 1.02699e-10 6.32764e-06 0.579675 
7.4613e-07 4.27133e-05 0.00110881 0.769055 0.0336022 0.175883 0.0119158 0.00266118 5.08433e-05 1.15215e-07 0.00513885 0.000540819 
0.000502002 0.000611272 0.00103359 6.77738e-05 0.000383311 0.00324575 2.36535e-05 2.23037e-05 0.990766 1.14885e-05 0.00277726 0.000555559 
4.46128e-08 8.2784e-09 3.75277e-05 0.000271793 0.999333 7.94325e-05 7.26287e-05 2.79608e-05 0.000102675 6.88894e-09 7.51069e-05 3.95641e-08 
1.49577e-08 6.9216e-12 3.1377e-08 0.00427247 0.993902 6.64138e-08 0.000583022 2.33781e-08 0.000789872 5.75987e-12 0.000452202 3.30797e-11 
4.87533e-08 1.00793e-06 0.00262506 0.644103 0.32784 0.0161097 0.00011353 0.00241394 0.0012874 1.46539e-11 0.00548429 2.25337e-05 
0.88773 4.25147e-06 4.28543e-05 2.18063e-05 0.0889263 0.000109532 0.000298893 1.08221e-05 0.0174358 1.99844e-07 0.00522743 0.000192082 
9.52029e-07 1.44213e-05 5.68529e-06 0.950892 3.18687e-06 0.0490406 8.29791e-06 1.24194e-10 3.3272e-05 6.12281e-11 3.1095e-07 8.09126e-07 
1.25315e-10 4.90673e-07 0.000453382 7.6345e-07 0.964629 0.00359247 2.0401e-07 0.000157159 0.0267356 1.93506e-11 0.00443061 1.11133e-10 
1.65962e-06 8.85217e-06 2.09818e-06 3.15283e-09 0.969367 6.89684e-06 5.799e-05 3.94378e-06 0.0196287 5.11521e-10 0.0109088 1.43978e-05 
0.000103593 0.000857946 0.0184975 1.66693e-06 0.821637 0.000950563 0.103014 0.00112326 0.0246444 1.76851e-09 0.0291702 1.01568e-08 
0.996753 4.55321e-05 0.000469378 0.00023354 0.000889025 0.00120033 2.76059e-06 0.000116837 4.02093e-05 1.28331e-06 0.000241116 7.37021e-06 
2.18821e-08 1.49503e-06 0.725223 0.00026342 0.0525861 2.33199e-06 3.76248e-06 2.31258e-05 0.041292 3.37895e-09 0.180593 1.0808e-05 
6.51718e-06 6.68732e-06 0.00464831 0.000593524 0.10076 0.873296 0.00129017 8.37044e-06 1.7807e-05 4.898e-06 0.0193125 5.48348e-05 
5.45559e-09 0.00020918 0.00451853 0.000488017 0.171032 0.219183 1.03042e-07 1.18894e-07 0.000147902 2.10083e-12 0.604422 1.66514e-07 
3.44473e-09 1.72594e-05 6.0677e-06 3.93758e-06 0.814505 1.98326e-07 1.14425e-09 1.18792e-06 0.185457 5.31923e-10 9.18053e-06 3.05491e-09 
0.0102158 0.107761 0.0275379 0.0348189 0.083251 0.0696148 0.221764 0.17673 0.0619774 0.00964579 0.171172 0.0255116 
1.5487e-06 2.87379e-07 0.00404586 1.474e-06 0.00688784 0.00269073 0.696289 0.00121318 0.00856851 2.39144e-07 0.000942748 0.279359 
7.28768e-07 0.000107813 0.00491924 2.75811e-05 0.0388201 0.788071 0.000199772 7.58591e-05 0.000151609 4.79809e-08 0.167452 0.000174594 
2.51599e-09 4.6687e-10 0.00717298 2.39463e-09 0.622618 7.95079e-07 2.75879e-06 1.18287e-06 0.370191 3.8851e-10 1.25552e-05 2.23126e-09 
0.00016936 0.00327934 0.0277879 0.00212327 0.592575 0.183353 0.00193595 0.000748702 0.0333626 5.32947e-05 0.14054 0.0140719 
0.00155103 0.0276977 0.104089 0.591474 0.00512597 0.0213853 0.03634 0.0069066 0.165241 0.000407626 0.0382493 0.00153331 
2.7562e-09 2.45544e-06 0.00756988 3.15054e-06 0.970992 1.97902e-06 0.0214091 1.07919e-05 4.29279e-08 4.25602e-10 2.11611e-06 8.06859e-06 
1.76776e-07 3.28028e-08 0.000148702 0.00107697 0.997356 0.000314748 0.000287788 0.000110793 0.000406845 2.72971e-08 0.000297608 1.56771e-07 
4.57358e-05 5.86235e-05 0.000267337 0.000319428 0.992823 0.00358052 9.65845e-05 0.000108546 6.57601e-05 6.38671e-06 0.00245791 0.000170553 
1.31132e-07 0.000306621 0.000476224 0.000374547 0.993932 0.000476353 4.35586e-08 4.10728e-08 0.002521 2.0249e-08 0.00191276 1.16292e-07 
0.000171046 5.44547e-05 0.0900323 0.0401401 0.803192 0.00749372 0.000356242 2.41532e-05 0.00397639 5.2506e-06 0.0344405 0.0201142 
6.68849e-09 1.24113e-09 2.30906e-06 6.36589e-09 0.999006 4.49405e-06 1.20983e-05 2.49711e-06 0.000604826 1.03281e-09 0.00036798 5.93158e-09 
0.00109089 0.00336391 0.064959 0.000106977 0.696907 0.0120369 0.0427112 0.000498475 0.0866605 6.06887e-06 0.0339994 0.0576598 
2.32574e-07 0.0690554 0.0525727 2.59054e-05 0.48381 0.121047 2.39239e-05 0.00043421 0.0789717 1.52311e-07 0.194024 3.50077e-05 
5.09633e-10 1.90082e-08 8.07371e-08 1.40714e-06 0.998122 2.19587e-07 1.15132e-06 0.00187377 3.15962e-07 7.86957e-11 7.18249e-07 5.42804e-07 
6.93298e-11 2.01413e-05 5.80828e-05 3.36594e-07 0.999332 2.6886e-08 1.47412e-07 0.000588496 7.34389e-07 1.07057e-11 1.78688e-07 2.15255e-07 
3.23115e-08 3.55466e-07 1.83508e-06 0.00150406 0.930203 0.050189 5.78065e-07 0.00415088 0.000556134 2.79876e-10 0.0130885 0.00030542 
6.26056e-08 0.00553831 4.00415e-05 1.13855e-05 0.306401 3.93568e-05 4.12937e-05 1.96091e-08 0.643239 9.66733e-09 0.0446104 7.92044e-05 
7.28768e-07 0.000107813 0.00491924 2.75811e-05 0.0388201 0.788071 0.000199772 7.58591e-05 0.000151609 4.79809e-08 0.167452 0.000174594 
4.82234e-05 0.00302104 0.0292731 0.00323521 0.181061 0.273941 0.00274382 0.00335761 0.00888333 1.20359e-07 0.492776 0.00165986 
4.82234e-05 0.00302104 0.0292731 0.00323521 0.181061 0.273941 0.00274382 0.00335761 0.00888333 1.20359e-07 0.492776 0.00165986 
1.92309e-05 1.08459e-05 2.06502e-05 7.35152e-05 0.911551 0.00027762 0.000209828 3.48264e-08 0.0851757 1.71695e-08 0.00256974 9.15225e-05 
2.23753e-10 3.94481e-07 4.83558e-06 1.46964e-06 0.975199 0.019791 7.43249e-11 1.56293e-06 1.98697e-06 3.45512e-11 0.000924836 0.00407445 
8.88793e-07 1.64926e-07 0.000574028 8.45924e-07 0.356191 0.00111725 0.302385 0.000620619 0.000241234 1.37244e-07 0.00554548 0.333323 
9.27466e-07 0.000240722 2.62331e-05 8.82732e-07 0.999008 0.000142151 2.91172e-05 3.8777e-05 0.000441386 1.43216e-07 7.08001e-05 8.22509e-07 
0.000384902 0.0112629 0.0700533 8.24699e-05 0.212148 0.00297355 0.000392767 5.27336e-05 0.658069 1.6117e-07 0.0409348 0.00364482 
8.6796e-07 0.00249659 0.000403751 8.26096e-07 0.0623673 0.000336594 0.00184549 0.00171299 0.928598 1.34027e-07 0.00223704 7.69737e-07 
3.41778e-05 0.0880753 0.0122311 0.000101209 0.230571 0.0160211 0.000425537 8.27156e-05 0.182618 1.40378e-05 0.0217297 0.448097 
7.6348e-09 3.32194e-05 0.000111023 0.000225036 0.982841 0.00843194 0.000138006 0.000187687 0.00606899 1.17894e-09 0.00196042 2.24332e-06 
1.15426e-07 2.14187e-08 0.0421081 1.09859e-07 0.95273 0.000174931 3.83416e-08 3.61535e-08 1.0563e-05 1.78237e-08 0.00471789 0.000257786 
6.33212e-06 0.101933 0.0353779 9.71232e-05 0.596797 0.0814541 0.000959643 0.000318823 0.0529938 6.12483e-06 0.129961 9.47158e-05 
0.000445484 1.85259e-06 0.0199359 0.0204 0.846648 0.103941 0.000863678 0.0014202 8.64219e-05 5.91032e-10 0.00625741 3.39438e-09 
6.95534e-09 0.00015582 0.0166184 0.00140439 0.63545 0.170637 0.000456588 4.1165e-05 0.00602984 1.59841e-10 0.169119 8.78572e-05 
3.14649e-06 1.16048e-06 0.0117538 3.717e-08 0.902672 0.0289206 3.56863e-07 0.00137658 0.0422496 6.03053e-09 0.00070551 0.012317 
7.6348e-09 3.32194e-05 0.000111023 0.000225036 0.982841 0.00843194 0.000138006 0.000187687 0.00606899 1.17894e-09 0.00196042 2.24332e-06 
9.81701e-11 0.00124753 0.0447142 0.000168263 0.355515 0.443224 3.26095e-11 0.000204156 0.0156359 1.51591e-11 0.139289 2.68477e-06 
5.09633e-10 1.90082e-08 8.07371e-08 1.40714e-06 0.998122 2.19587e-07 1.15132e-06 0.00187377 3.15962e-07 7.86957e-11 7.18249e-07 5.42804e-07 
1.46139e-07 0.000162691 0.00285764 9.51491e-05 0.596027 0.094983 1.88311e-07 0.000343951 0.305513 3.16767e-08 1.5918e-05 7.26243e-07 
4.17595e-07 1.40762e-07 5.93971e-06 5.34492e-06 0.377377 0.400877 2.31151e-11 1.17701e-06 0.00658776 1.07455e-11 0.130055 0.0850897 
6.94529e-05 5.36766e-09 0.000164014 0.000184488 0.998961 0.000110478 8.26438e-05 9.06029e-09 0.000153767 4.46674e-09 0.000273784 2.56531e-08 
0.00552479 0.0245136 0.089 0.00584141 0.603536 0.0380317 0.109652 0.0479712 0.0480633 0.00136458 0.0239696 0.00253255 
8.86637e-07 3.98751e-07 0.158837 0.00252705 0.272936 1.40967e-06 0.00350226 1.00816e-06 0.235375 1.31328e-10 0.32682 7.54236e-10 
1.29789e-06 2.40838e-07 0.0227639 1.23529e-06 0.670773 0.00221337 0.297106 0.000149424 0.000549402 2.00415e-07 0.00215763 0.00428434 
0.000580537 0.00112134 0.385976 0.000585511 0.360846 0.011159 0.000505694 0.000947612 0.0129304 9.0788e-07 0.225273 7.44542e-05 
8.08998e-07 8.59743e-06 4.436e-05 0.000873445 0.927402 0.0681763 0.000198274 0.000259349 1.05452e-05 1.10843e-08 0.00235741 0.00066928 
5.09633e-10 1.90082e-08 8.07371e-08 1.40714e-06 0.998122 2.19587e-07 1.15132e-06 0.00187377 3.15962e-07 7.86957e-11 7.18249e-07 5.42804e-07 
6.94529e-05 5.36766e-09 0.000164014 0.000184488 0.998961 0.000110478 8.26438e-05 9.06029e-09 0.000153767 4.46674e-09 0.000273784 2.56531e-08 
9.66329e-10 6.04935e-05 0.0037105 0.00832913 0.923003 5.95756e-07 3.20989e-10 0.00218893 0.062477 1.49217e-10 1.69827e-07 0.000229921 
5.09633e-10 1.90082e-08 8.07371e-08 1.40714e-06 0.998122 2.19587e-07 1.15132e-06 0.00187377 3.15962e-07 7.86957e-11 7.18249e-07 5.42804e-07 
3.09281e-07 5.16266e-05 0.00346785 0.0247546 0.926499 0.0156653 0.000176726 0.000749076 0.0194929 4.7758e-08 0.00358253 0.0055601 
9.52029e-07 1.44213e-05 5.68529e-06 0.950892 3.18687e-06 0.0490406 8.29791e-06 1.24194e-10 3.3272e-05 6.12281e-11 3.1095e-07 8.09126e-07 
0.00015004 0.000129148 0.0322349 0.0481114 0.88888 0.00195356 0.00168701 9.33471e-05 0.00128693 6.20524e-09 0.0251778 0.000296232 
6.73489e-07 6.78125e-05 0.000163841 0.00103307 0.991748 0.00049917 2.23715e-07 1.56723e-05 0.00646439 1.03998e-07 6.66166e-06 5.97273e-07 
1.4705e-06 2.72867e-07 0.00123696 0.904823 0.0821428 0.0026182 0.00239394 0.000921625 0.0033843 2.27069e-07 0.00247562 1.30409e-06 
2.3118e-07 4.5237e-07 0.00318698 0.0671969 0.926394 0.00321559 3.83767e-11 1.78404e-06 3.49142e-06 1.78401e-11 4.45381e-07 3.68951e-07 
1.50908e-05 0.348147 0.00012557 3.06259e-06 0.00339056 0.00046635 0.00302974 3.10632e-05 0.61228 1.7934e-06 0.00154369 0.0309657 
8.20854e-11 1.64143e-08 0.00721464 0.85976 0.0569653 0.0721518 7.76027e-05 0.00128059 2.07688e-09 1.26753e-11 0.00254973 7.27961e-11 
3.14649e-06 1.16048e-06 0.0117538 3.717e-08 0.902672 0.0289206 3.56863e-07 0.00137658 0.0422496 6.03053e-09 0.00070551 0.012317 
0.000240952 0.0510355 0.483298 0.00269278 0.065161 0.227714 0.00110327 0.000421164 0.0153076 0.000152791 0.139341 0.0135326 
0.0001506 0.00429884 0.314418 6.92928e-05 0.363275 0.00938672 0.283535 0.0177252 0.000435902 5.55437e-05 0.00645184 0.000198225 
2.29892e-07 4.2659e-08 1.27019e-05 2.18803e-07 0.99862 6.09436e-05 7.63639e-08 7.20059e-08 2.26891e-05 3.5499e-08 2.43709e-05 0.00125863 
0.000775432 0.00284714 0.0422789 0.00122959 0.787967 0.0179082 0.000178633 0.000137583 0.0194032 4.7049e-05 0.126856 0.000371942 
3.99009e-07 0.000185875 0.000120386 2.17865e-05 0.780935 0.0787354 0.00984598 4.80963e-05 0.0299908 6.16136e-08 0.100116 3.53855e-07 
6.94529e-05 5.36766e-09 0.000164014 0.000184488 0.998961 0.000110478 8.26438e-05 9.06029e-09 0.000153767 4.46674e-09 0.000273784 2.56531e-08 
2.44128e-10 3.67557e-09 0.000266827 0.595215 0.396603 0.00536104 8.10929e-11 0.0023378 3.52622e-07 3.76974e-11 0.000214904 6.07458e-07 
4.42879e-06 6.76018e-05 0.000578411 0.000179155 0.914656 0.022922 1.43357e-05 1.62795e-05 3.40821e-05 5.77086e-07 0.0615026 2.44738e-05 
5.56133e-06 2.80565e-05 0.00014221 0.000154007 0.996211 0.00192722 4.57192e-05 5.25287e-05 3.39665e-05 4.94571e-07 0.00132381 7.50002e-05 
6.93298e-11 2.01413e-05 5.80828e-05 3.36594e-07 0.999332 2.6886e-08 1.47412e-07 0.000588496 7.34389e-07 1.07057e-11 1.78688e-07 2.15255e-07 
8.33202e-05 1.11727e-06 0.0168462 5.7306e-06 0.167693 0.802171 0.00271534 8.65617e-05 0.0103912 6.10607e-09 6.07438e-06 3.5068e-08 
5.45559e-09 0.00020918 0.00451853 0.000488017 0.171032 0.219183 1.03042e-07 1.18894e-07 0.000147902 2.10083e-12 0.604422 1.66514e-07 
8.55099e-05 0.0014986 0.946654 8.13855e-05 0.0271076 0.00166942 2.84041e-05 2.67831e-05 0.0207832 1.32041e-05 0.00197645 7.58331e-05 
0.889032 0.000332064 2.92936e-06 1.55081e-05 1.2533e-07 0.00907521 0.00458778 0.000452115 0.0849928 9.70409e-08 0.0108968 0.000612515 
4.08968e-06 8.0993e-08 0.000413727 0.26445 0.728765 0.00246226 4.78012e-06 0.00275119 1.31168e-06 2.10431e-09 0.00114509 2.26206e-06 
9.16368e-07 0.00435244 0.000545121 2.38252e-05 0.801912 0.0706741 7.07575e-06 3.78504e-05 0.00332387 8.52918e-08 0.118684 0.000438066 
0.000476797 3.40297e-07 2.15023e-06 9.10962e-06 0.986917 0.012569 3.73005e-06 9.92211e-06 6.26611e-06 2.83181e-07 4.16163e-06 1.62635e-06 
2.9042e-08 5.38908e-09 1.43716e-05 7.1895e-05 0.908412 7.09272e-06 0.040962 1.09248e-05 0.0504759 4.48457e-09 4.61856e-05 2.57555e-08 
3.23416e-05 0.980778 0.00088073 3.07816e-05 0.0122306 0.00168985 1.0743e-05 1.01299e-05 0.00428729 4.99407e-06 1.60765e-05 2.86816e-05 
4.82234e-05 0.00302104 0.0292731 0.00323521 0.181061 0.273941 0.00274382 0.00335761 0.00888333 1.20359e-07 0.492776 0.00165986 
0.00801629 0.00135512 0.0599775 0.0722543 0.127612 0.462677 0.132391 0.0275568 0.0111047 0.0013484 0.0909468 0.00476118 
0.0179385 0.0155613 0.0246656 0.0434023 0.560191 0.0754159 0.00817871 0.0259269 0.204645 0.00143752 0.0167526 0.00588377 
1.8122e-07 0.168891 0.0242766 1.72479e-07 0.00038684 4.62903e-05 7.09291e-05 1.4968e-05 0.269375 2.79833e-08 0.534805 0.00213342 
8.29533e-10 6.46756e-09 2.28806e-05 0.00010414 0.997587 7.33956e-08 3.84544e-07 0.000312773 0.0015102 1.28094e-10 0.000462802 1.8178e-07 
5.70175e-07 0.000391109 0.0179702 0.0005092 0.554665 0.272339 0.00141229 0.000374763 0.000693987 1.27525e-07 0.150909 0.000733919 
2.95577e-08 4.32153e-05 0.00136303 0.000278446 0.897672 0.0195862 4.85409e-07 5.59811e-07 0.00295415 6.16215e-10 0.077946 0.000155513 
1.40513e-07 0.00522901 0.00331021 0.000428245 0.824533 0.00965899 0.0185123 0.000192517 0.0344416 4.53827e-08 0.0524821 0.0512118 
3.14649e-06 1.16048e-06 0.0117538 3.717e-08 0.902672 0.0289206 3.56863e-07 0.00137658 0.0422496 6.03053e-09 0.00070551 0.012317 
7.28768e-07 0.000107813 0.00491924 2.75811e-05 0.0388201 0.788071 0.000199772 7.58591e-05 0.000151609 4.79809e-08 0.167452 0.000174594 
2.39191e-05 0.00035792 0.00645139 0.00170601 0.498247 0.288942 0.0047657 8.48241e-05 0.0052388 1.0233e-05 0.192658 0.00151451 
7.28768e-07 0.000107813 0.00491924 2.75811e-05 0.0388201 0.788071 0.000199772 7.58591e-05 0.000151609 4.79809e-08 0.167452 0.000174594 
2.38415e-10 0.285002 4.15888e-09 1.8821e-07 0.0052927 1.16459e-06 0.0121323 8.87449e-08 0.627815 3.68152e-11 0.06536 0.00439607 
5.32736e-05 1.28047e-06 0.000173511 0.000129782 0.859912 0.000389551 0.000309963 2.16136e-06 0.138753 1.06555e-06 0.000183257 9.0909e-05 
8.50071e-05 0.000201549 0.0794508 0.000296415 0.408061 0.217579 0.001506 0.0048427 0.00323483 7.56846e-06 0.281069 0.00366624 
0.000476797 3.40297e-07 2.15023e-06 9.10962e-06 0.986917 0.012569 3.73005e-06 9.92211e-06 6.26611e-06 2.83181e-07 4.16163e-06 1.62635e-06 
0.00645767 0.0683931 0.036171 0.0597354 0.397335 0.0378397 0.00145384 0.000992631 0.270706 0.000516965 0.119468 0.000931443 
3.52691e-10 0.00759491 0.0665049 3.36015e-07 0.226182 0.0929375 0.0196241 2.93858e-06 0.563797 5.44613e-11 0.0233564 3.12779e-10 
1.36288e-08 4.4566e-05 0.332958 0.00172712 0.0629647 0.371873 2.73098e-08 0.00064922 0.000619833 9.15344e-09 0.229163 1.02738e-08 
5.09633e-10 1.90082e-08 8.07371e-08 1.40714e-06 0.998122 2.19587e-07 1.15132e-06 0.00187377 3.15962e-07 7.86957e-11 7.18249e-07 5.42804e-07 
7.64477e-10 1.41857e-10 0.0932375 0.309165 0.392809 0.203495 2.53939e-10 0.000124691 1.00271e-07 1.18048e-10 0.00116911 6.77964e-10 
1.3544e-07 1.13154e-06 0.00170503 0.00487947 0.923507 0.0597706 6.54629e-05 0.000747661 0.000517346 6.00392e-09 0.0087774 2.87322e-05 
1.43856e-06 0.00255941 0.0091414 0.859092 0.102516 0.0045616 1.20904e-06 4.23558e-06 0.00732331 1.04762e-06 0.0147973 1.27576e-06 
4.82234e-05 0.00302104 0.0292731 0.00323521 0.181061 0.273941 0.00274382 0.00335761 0.00888333 1.20359e-07 0.492776 0.00165986 
4.09519e-08 0.000358769 0.00136749 0.00011763 0.982645 0.000229722 4.90275e-05 0.000590718 0.0119934 6.32364e-09 0.0024674 0.000181064 
5.70175e-07 0.000391109 0.0179702 0.0005092 0.554665 0.272339 0.00141229 0.000374763 0.000693987 1.27525e-07 0.150909 0.000733919 
0.00016936 0.00327934 0.0277879 0.00212327 0.592575 0.183353 0.00193595 0.000748702 0.0333626 5.32947e-05 0.14054 0.0140719 
5.11242e-06 2.77126e-05 0.0001408 0.000152146 0.99625 0.00190859 4.5147e-05 5.18985e-05 3.36084e-05 4.28764e-07 0.00131102 7.39265e-05 
2.38415e-10 0.285002 4.15888e-09 1.8821e-07 0.0052927 1.16459e-06 0.0121323 8.87449e-08 0.627815 3.68152e-11 0.06536 0.00439607 
5.58269e-07 1.03593e-07 0.000839731 5.31342e-07 0.994062 0.000689405 1.85442e-07 0.000244978 0.00315797 8.62059e-08 0.00100415 4.95092e-07 
0.00172009 0.0137615 0.164341 0.00024624 4.41397e-06 4.39562e-06 3.51309e-06 3.25328e-07 0.475512 1.99229e-07 0.344406 3.2627e-07 
7.28768e-07 0.000107813 0.00491924 2.75811e-05 0.0388201 0.788071 0.000199772 7.58591e-05 0.000151609 4.79809e-08 0.167452 0.000174594 
8.20957e-08 1.2342e-05 0.00775666 7.8136e-08 0.984716 1.67319e-06 0.00519067 0.00226627 4.54039e-05 1.26769e-08 1.10502e-05 7.28052e-08 
1.66981e-05 0.00107874 0.000134249 0.000785697 0.988079 0.00161912 0.000193815 0.000119481 0.00246399 1.16034e-07 0.00550858 1.59367e-07 
4.82234e-05 0.00302104 0.0292731 0.00323521 0.181061 0.273941 0.00274382 0.00335761 0.00888333 1.20359e-07 0.492776 0.00165986 
5.26197e-07 2.78888e-05 0.0078048 0.000136695 0.921136 0.0327541 0.000257915 0.00155245 0.0276989 4.52529e-11 0.00553862 0.00309154 
1.89482e-06 2.01979e-05 7.04477e-05 0.0401568 0.956807 0.000827142 3.91168e-05 0.000318372 1.465e-05 2.92592e-07 7.43106e-05 0.00166954 
3.14649e-06 1.16048e-06 0.0117538 3.717e-08 0.902672 0.0289206 3.56863e-07 0.00137658 0.0422496 6.03053e-09 0.00070551 0.012317 
9.85202e-08 0.000453037 0.000327226 0.000419152 0.895557 0.00254296 0.00114654 6.27323e-07 0.0970964 3.16474e-10 0.0024569 1.81755e-09 
0.161858 2.5815e-05 0.234516 0.0239274 0.108714 0.00069004 9.23274e-07 6.65684e-05 0.47006 4.292e-07 0.00013856 2.46495e-06 
7.79083e-06 0.276917 0.00459739 0.000121473 0.511482 1.59791e-07 0.00242908 7.49279e-06 0.198399 1.38824e-07 0.00603746 7.02972e-07 
3.28202e-09 0.000255455 0.0419928 2.09554e-07 2.45557e-06 0.0452025 6.19889e-08 7.15255e-08 0.00213904 1.26383e-12 0.910407 1.00173e-07 
5.97682e-08 2.37403e-06 1.45491e-05 0.000388457 0.995207 1.91307e-06 0.00354405 1.04055e-05 4.57452e-08 9.2292e-09 0.000831462 5.30045e-08 
7.53287e-05 6.87744e-07 7.22547e-06 5.31996e-05 0.873883 0.00364335 1.45039e-05 6.26916e-06 0.0729291 5.72312e-07 0.0493832 3.28686e-06 
2.7854e-08 5.16862e-09 0.00525362 1.07592e-05 0.885112 0.00913594 9.25234e-09 3.21966e-06 0.100473 4.30111e-09 1.15256e-05 2.47018e-08 
6.93298e-11 2.01413e-05 5.80828e-05 3.36594e-07 0.999332 2.6886e-08 1.47412e-07 0.000588496 7.34389e-07 1.07057e-11 1.78688e-07 2.15255e-07 
6.83579e-07 2.28288e-07 0.0271215 0.000564858 0.335284 0.366572 4.70871e-09 0.000858427 0.0046444 2.18892e-09 0.264953 5.17174e-07 
4.82234e-05 0.00302104 0.0292731 0.00323521 0.181061 0.273941 0.00274382 0.00335761 0.00888333 1.20359e-07 0.492776 0.00165986 
2.08933e-06 8.29149e-07 0.00601911 0.0263745 0.401363 0.435028 6.9402e-07 0.00145768 0.126685 3.22627e-07 0.00305722 1.12812e-05 
3.35274e-10 0.022375 0.0115332 3.19421e-07 0.164123 0.00783557 2.8967e-07 1.05013e-10 0.78303 5.17718e-11 0.0111019 2.97332e-10 
8.66325e-09 1.57058e-05 2.17874e-05 2.70609e-05 0.99966 1.20805e-06 6.62103e-06 0.00020974 3.29765e-05 1.33775e-09 8.02387e-06 1.73066e-05 
2.59744e-06 4.81984e-07 0.00742818 2.47216e-06 0.0197367 0.00827942 0.03365 8.21696e-05 0.886333 4.01087e-07 0.0110815 0.0334029 
2.62043e-08 1.4074e-07 5.82255e-07 1.01305e-05 0.999324 1.58077e-06 8.27868e-06 0.000644148 2.27166e-06 4.04638e-09 5.16122e-06 3.91956e-06 
5.70175e-07 0.000391109 0.0179702 0.0005092 0.554665 0.272339 0.00141229 0.000374763 0.000693987 1.27525e-07 0.150909 0.000733919 
7.65737e-07 0.000813293 0.00691094 1.34044e-06 0.581372 0.189681 0.0773447 0.000451118 0.00256189 3.78228e-07 0.0892461 0.0516162 
0.000165542 0.00280373 0.000387549 0.000437181 0.86806 0.000261164 0.000195701 4.8944e-07 0.0366842 2.41295e-07 0.0910028 1.38579e-06 
4.82234e-05 0.00302104 0.0292731 0.00323521 0.181061 0.273941 0.00274382 0.00335761 0.00888333 1.20359e-07 0.492776 0.00165986 
2.67355e-10 6.96138e-06 6.01883e-05 8.85184e-07 0.98582 0.000198063 2.30018e-07 0.000578856 0.0133341 4.1284e-11 2.78765e-07 5.66109e-07 
7.28768e-07 0.000107813 0.00491924 2.75811e-05 0.0388201 0.788071 0.000199772 7.58591e-05 0.000151609 4.79809e-08 0.167452 0.000174594 
1.68077e-06 0.000651692 2.53985e-05 0.00254714 0.18945 0.00900265 4.35512e-05 8.08975e-06 0.0820084 2.59539e-07 5.97135e-06 0.716255 
7.85889e-06 0.288299 0.000156224 0.000110937 0.581456 0.00155225 2.30732e-05 0.000166247 0.108302 1.29327e-08 0.0198859 4.07145e-05 
2.03766e-08 0.000123268 0.000163727 1.93938e-08 0.00178804 0.000213864 0.000327605 6.89353e-05 0.0011351 3.14649e-09 0.000193866 0.995986 
0.000992624 0.00138657 0.0114741 0.000208879 0.00153937 0.00293906 0.968772 0.00731529 0.00226963 0.000107113 0.00259939 0.0003962 
5.70175e-07 0.000391109 0.0179702 0.0005092 0.554665 0.272339 0.00141229 0.000374763 0.000693987 1.27525e-07 0.150909 0.000733919 
1.12287e-08 2.08362e-09 2.37573e-05 1.06872e-08 0.986421 3.47709e-06 3.72989e-09 1.22039e-06 0.0116644 1.7339e-09 0.00182762 5.86687e-05 
0.000105418 8.14722e-09 0.000248947 0.000280022 0.00108227 0.000167688 0.00012544 1.3752e-08 0.000233393 6.77978e-09 0.997757 3.89372e-08 
0.0134 0.603941 0.0248523 0.0448582 0.0371988 0.0274413 0.0620419 0.00336789 0.0804201 0.00235043 0.0972062 0.00292224 
0.00155112 0.00639605 0.180497 0.689889 0.00860975 0.0172184 0.0319646 0.00954586 0.0497645 0.000353059 0.00312738 0.00108337 
2.57306e-05 3.18406e-06 0.146906 0.000866104 0.827173 0.00889682 0.000622747 0.000222337 0.00783045 1.62853e-07 0.00662782 0.000825878 
5.09633e-10 1.90082e-08 8.07371e-08 1.40714e-06 0.998122 2.19587e-07 1.15132e-06 0.00187377 3.15962e-07 7.86957e-11 7.18249e-07 5.42804e-07 
0.00137215 0.00525631 0.0810465 0.00345045 0.576645 0.189868 0.0330423 0.00147312 0.0171861 0.000344681 0.0886746 0.00164047 
1.40513e-07 0.00522901 0.00331021 0.000428245 0.824533 0.00965899 0.0185123 0.000192517 0.0344416 4.53827e-08 0.0524821 0.0512118 
2.4383e-05 0.000735442 3.57965e-05 3.52995e-05 1.38217e-05 3.73135e-05 0.000105018 1.1901e-05 0.99895 3.76513e-06 1.66897e-05 3.02755e-05 
1.29595e-05 0.00015053 0.000777737 0.000827452 0.979308 0.0105608 0.000244772 0.000282428 0.000184817 4.99041e-09 0.007255 0.000395545 
5.09633e-10 1.90082e-08 8.07371e-08 1.40714e-06 0.998122 2.19587e-07 1.15132e-06 0.00187377 3.15962e-07 7.86957e-11 7.18249e-07 5.42804e-07 
1.69444e-06 1.87741e-05 3.91766e-05 2.00485e-06 0.928872 1.26897e-05 1.63246e-06 1.56185e-06 0.0707247 3.07531e-07 0.000324626 7.82561e-07 
5.05138e-07 1.14033e-05 0.0123371 0.000809277 0.786538 0.168873 0.000580212 0.000542693 0.00251292 3.0837e-11 0.0277943 2.20801e-07 
0.00137215 0.00525631 0.0810465 0.00345045 0.576645 0.189868 0.0330423 0.00147312 0.0171861 0.000344681 0.0886746 0.00164047 
4.82234e-05 0.00302104 0.0292731 0.00323521 0.181061 0.273941 0.00274382 0.00335761 0.00888333 1.20359e-07 0.492776 0.00165986 
3.52691e-10 0.00759491 0.0665049 3.36015e-07 0.226182 0.0929375 0.0196241 2.93858e-06 0.563797 5.44613e-11 0.0233564 3.12779e-10 
3.52691e-10 0.00759491 0.0665049 3.36015e-07 0.226182 0.0929375 0.0196241 2.93858e-06 0.563797 5.44613e-11 0.0233564 3.12779e-10 
1.62502e-05 0.00714302 0.00402543 0.000426148 0.371171 0.0495786 0.00176187 3.83506e-05 0.175007 6.86323e-06 0.390709 0.000115994 
9.66329e-10 6.04935e-05 0.0037105 0.00832913 0.923003 5.95756e-07 3.20989e-10 0.00218893 0.062477 1.49217e-10 1.69827e-07 0.000229921 
1.5353e-08 1.07465e-11 0.00131446 0.23932 0.745854 0.00307133 0.000690934 0.00948043 2.72636e-08 8.94278e-12 0.000268591 5.13596e-11 
1.16317e-06 3.92078e-07 0.256456 1.48877e-05 0.59428 0.0554761 7.46929e-07 3.27844e-06 0.00436288 1.19752e-07 0.0880886 0.00131613 
3.66006e-09 4.89067e-06 1.7312e-05 0.999286 0.00037876 0.000203736 9.48424e-06 7.82997e-05 3.57378e-06 5.65173e-10 1.82842e-05 3.24586e-09 
5.09633e-10 1.90082e-08 8.07371e-08 1.40714e-06 0.998122 2.19587e-07 1.15132e-06 0.00187377 3.15962e-07 7.86957e-11 7.18249e-07 5.42804e-07 
9.99292e-09 4.52141e-06 0.0848549 3.87924e-06 0.844271 9.0524e-06 0.000367671 4.91516e-06 0.0679678 1.54307e-09 0.00251644 8.86206e-09 
2.12115e-07 1.25124e-05 0.077692 0.324057 0.407881 0.134719 8.45207e-05 0.00132018 0.000196247 1.34409e-11 0.053089 0.000948407 
4.06752e-08 3.39723e-05 0.000119946 3.87133e-08 0.999274 0.000107462 1.35112e-08 1.53009e-05 5.10628e-05 6.28091e-09 2.6768e-05 0.000371579 
3.00192e-06 5.5704e-07 0.867075 2.85713e-06 0.0228102 0.00956871 0.0388901 9.49654e-05 0.0101421 4.63546e-07 0.0128071 0.0386046 
1.85729e-05 0.0020687 0.0430313 0.0193715 0.785798 0.0397991 1.03143e-05 0.000118775 0.0571134 2.80975e-06 0.0526615 6.41232e-06 
0.00416812 6.58309e-05 0.0327724 3.67124e-07 0.506256 0.0935338 0.000128076 0.000217585 0.270483 1.13743e-07 0.0923197 5.44847e-05 
4.82936e-08 6.12096e-06 0.0880405 0.0029871 0.0258023 0.846463 0.000781139 3.40819e-05 0.000203639 7.45732e-09 0.0355339 0.000148018 
7.28768e-07 0.000107813 0.00491924 2.75811e-05 0.0388201 0.788071 0.000199772 7.58591e-05 0.000151609 4.79809e-08 0.167452 0.000174594 
7.28768e-07 0.000107813 0.00491924 2.75811e-05 0.0388201 0.788071 0.000199772 7.58591e-05 0.000151609 4.79809e-08 0.167452 0.000174594 
1.11632e-05 3.73073e-06 0.00350256 0.951652 0.0194401 0.010388 0.0129563 0.000193338 6.53542e-06 3.30233e-08 0.00183758 8.44335e-06 
0.0381005 0.00290214 0.0365977 0.00151291 0.61725 0.0427099 0.0441363 0.00180469 0.0791052 0.000743063 0.132086 0.0030516 
3.60603e-08 6.6914e-09 0.0179813 0.00288671 0.712207 0.259003 5.33942e-06 0.00134965 1.26693e-06 5.5683e-09 0.00656178 3.87038e-06 
2.32574e-07 0.0690554 0.0525727 2.59054e-05 0.48381 0.121047 2.39239e-05 0.00043421 0.0789717 1.52311e-07 0.194024 3.50077e-05 
5.09633e-10 1.90082e-08 8.07371e-08 1.40714e-06 0.998122 2.19587e-07 1.15132e-06 0.00187377 3.15962e-07 7.86957e-11 7.18249e-07 5.42804e-07 
5.09633e-10 1.90082e-08 8.07371e-08 1.40714e-06 0.998122 2.19587e-07 1.15132e-06 0.00187377 3.15962e-07 7.86957e-11 7.18249e-07 5.42804e-07 
5.73995e-10 4.79406e-07 0.00609517 1.57889e-05 0.973978 1.51646e-06 3.62456e-07 0.000345692 0.0134756 8.86342e-11 0.00608201 5.2436e-06 
1.69567e-09 3.14651e-10 1.42638e-06 0.00620865 0.966252 0.00996608 2.76052e-06 1.06275e-06 0.0175653 2.61839e-10 2.85471e-06 1.50378e-09 
5.23887e-06 4.06314e-07 0.00472846 8.62463e-05 0.92609 0.000155294 0.000145563 1.8832e-05 0.0104602 3.38117e-07 6.21541e-05 0.0582476 
5.1742e-11 3.16142e-05 0.000748761 2.51205e-07 0.910795 5.43061e-07 8.31881e-07 0.000752871 2.88234e-06 7.98981e-12 4.9228e-07 0.0876663 
1.40513e-07 0.00522901 0.00331021 0.000428245 0.824533 0.00965899 0.0185123 0.000192517 0.0344416 4.53827e-08 0.0524821 0.0512118 
1.59132e-05 0.000231018 0.000183868 0.0279121 0.911384 0.0410165 0.000654584 5.60708e-05 1.0261e-05 1.67721e-08 0.018506 2.92782e-05 
0.000292171 0.0044852 0.000141408 1.50857e-08 0.668834 0.0581782 0.00230032 4.37828e-06 0.264172 2.44753e-09 0.00129736 0.000294218 
3.52691e-10 0.00759491 0.0665049 3.36015e-07 0.226182 0.0929375 0.0196241 2.93858e-06 0.563797 5.44613e-11 0.0233564 3.12779e-10 
4.76941e-10 7.11369e-06 0.0498114 0.000617046 0.88258 6.2124e-08 3.40472e-07 0.000196862 0.00885211 7.36476e-11 0.0579336 1.05567e-06 
1.77261e-08 3.28928e-09 9.93286e-06 1.68711e-08 0.963848 0.0323742 0.00367323 7.77161e-06 8.38684e-05 2.7372e-09 2.90561e-06 1.57201e-08 
0.000230136 0.00594741 0.0145326 0.000523477 0.905168 0.0217433 0.000886695 0.00034514 0.0263194 1.36607e-05 0.00620866 0.018081 
4.94729e-06 1.93811e-05 0.0125823 0.000258893 0.0186427 0.885078 1.29498e-05 3.82912e-05 9.10346e-05 6.70085e-07 0.0832275 4.29682e-05 
5.71681e-09 1.06082e-09 4.80891e-06 3.48283e-05 0.99029 1.01787e-05 9.30686e-06 3.58298e-06 1.31571e-05 8.8277e-10 0.00963408 5.06986e-09 
5.09633e-10 1.90082e-08 8.07371e-08 1.40714e-06 0.998122 2.19587e-07 1.15132e-06 0.00187377 3.15962e-07 7.86957e-11 7.18249e-07 5.42804e-07 
2.56061e-09 6.83271e-05 5.57455e-06 2.4371e-09 0.999806 3.8606e-06 8.50565e-10 8.02025e-10 0.000112621 3.954e-10 1.69915e-06 2.2731e-06 
5.94212e-08 1.10263e-08 4.99844e-05 0.00036201 0.999111 0.000105799 9.67365e-05 3.72419e-05 0.000136756 9.1756e-09 0.000100037 5.26967e-08 
1.48594e-05 0.000914704 0.103875 0.00277678 0.370652 0.408893 1.79694e-06 0.000967388 0.0282291 1.55921e-06 0.0836152 5.84174e-05 
2.32574e-07 0.0690554 0.0525727 2.59054e-05 0.48381 0.121047 2.39239e-05 0.00043421 0.0789717 1.52311e-07 0.194024 3.50077e-05 
0.0110644 0.00444644 0.0032827 0.000885598 0.0137815 0.00978943 0.00245122 0.932904 0.00920963 1.42259e-06 0.0121755 8.1701e-06 
1.40513e-07 0.00522901 0.00331021 0.000428245 0.824533 0.00965899 0.0185123 0.000192517 0.0344416 4.53827e-08 0.0524821 0.0512118 
9.52029e-07 1.44213e-05 5.68529e-06 0.950892 3.18687e-06 0.0490406 8.29791e-06 1.24194e-10 3.3272e-05 6.12281e-11 3.1095e-07 8.09126e-07 
7.43786e-06 7.19347e-08 0.0716941 0.243936 0.474018 5.04678e-06 0.00871445 0.00170071 0.00438074 6.36767e-08 0.195543 1.89022e-07 
6.80059e-10 0.000197567 3.16345e-07 6.47258e-10 0.996909 2.63726e-07 1.44597e-06 1.34215e-06 0.00288867 1.05012e-10 1.75276e-06 6.031e-10 
7.28768e-07 0.000107813 0.00491924 2.75811e-05 0.0388201 0.788071 0.000199772 7.58591e-05 0.000151609 4.79809e-08 0.167452 0.000174594 
5.09633e-10 1.90082e-08 8.07371e-08 1.40714e-06 0.998122 2.19587e-07 1.15132e-06 0.00187377 3.15962e-07 7.86957e-11 7.18249e-07 5.42804e-07 
9.0821e-11 0.00551235 0.000181706 8.64405e-11 0.899282 0.000567081 1.93107e-07 0.000358663 0.0891817 1.40243e-11 0.00491589 8.05432e-11 
1.15426e-07 2.14187e-08 0.0421081 1.09859e-07 0.95273 0.000174931 3.83416e-08 3.61535e-08 1.0563e-05 1.78237e-08 0.00471789 0.000257786 
3.30175e-06 0.0376116 0.0820787 0.000193754 0.43385 0.00712426 0.000265067 0.000524329 0.332819 4.13455e-07 0.0930194 0.0125102 
2.52117e-08 4.67832e-09 5.01445e-07 2.39957e-08 0.999966 1.23109e-05 8.37466e-09 7.90463e-06 9.96533e-06 3.8931e-09 2.90467e-06 2.23586e-08 
4.14087e-05 7.68385e-06 5.39711e-05 0.000400605 0.99894 0.000111513 0.000110269 5.01151e-05 0.000139673 6.39418e-06 0.000102095 3.67226e-05 
4.32283e-09 8.0215e-10 3.37456e-06 0.000113052 0.887129 0.00679158 0.00114723 0.000709449 0.104079 6.67516e-10 1.6066e-06 2.54562e-05 
2.7562e-09 2.45544e-06 0.00756988 3.15054e-06 0.970992 1.97902e-06 0.0214091 1.07919e-05 4.29279e-08 4.25602e-10 2.11611e-06 8.06859e-06 
1.5797e-09 2.9313e-10 0.000665738 9.62392e-06 0.988408 2.81263e-06 2.57171e-06 9.90066e-07 3.63562e-06 2.43931e-10 0.0109065 1.40093e-09 
0.00142006 0.0271588 0.0195533 0.000309743 0.327656 0.0179673 0.000265858 0.00014058 0.386281 0.000121392 0.0320021 0.187124 
4.01737e-11 6.23676e-06 0.00750815 0.427375 0.450164 0.107915 9.08639e-05 0.00250707 9.544e-05 6.20348e-12 0.00433786 3.56274e-11 
2.45335e-05 8.35688e-06 0.100304 0.000913746 0.0658669 0.0200388 0.000365394 3.57472e-06 0.764683 3.28818e-06 0.0477724 1.62379e-05 
9.53891e-07 8.74461e-05 0.000264773 9.07882e-07 0.837992 0.0283043 3.16857e-07 0.000123021 0.0333197 1.47296e-07 0.0999056 8.45943e-07 
4.44825e-05 0.980643 0.000400449 0.000211455 0.00360656 0.00741117 0.00255129 0.00025464 0.000704616 2.53894e-05 0.00385122 0.000295515 
4.82234e-05 0.00302104 0.0292731 0.00323521 0.181061 0.273941 0.00274382 0.00335761 0.00888333 1.20359e-07 0.492776 0.00165986 
9.81701e-11 0.00124753 0.0447142 0.000168263 0.355515 0.443224 3.26095e-11 0.000204156 0.0156359 1.51591e-11 0.139289 2.68477e-06 
0.0101456 0.0128267 0.276079 0.00346938 0.153191 0.293119 0.113647 0.00106765 0.0454391 0.000492286 0.0812609 0.0092639 
4.33842e-07 0.0512667 0.046637 0.000216553 3.60355e-11 0.00426315 3.78137e-06 5.65957e-11 0.897612 2.79018e-11 3.47796e-07 1.60244e-10 
1.36288e-08 4.4566e-05 0.332958 0.00172712 0.0629647 0.371873 2.73098e-08 0.00064922 0.000619833 9.15344e-09 0.229163 1.02738e-08 
0.00801629 0.00135512 0.0599775 0.0722543 0.127612 0.462677 0.132391 0.0275568 0.0111047 0.0013484 0.0909468 0.00476118 
3.44471e-06 6.39205e-07 1.15688e-05 8.45934e-05 0.999786 2.4261e-05 2.28722e-05 9.44137e-06 3.09889e-05 5.3192e-07 2.26621e-05 3.05489e-06 
4.62797e-07 1.55901e-07 6.57357e-06 5.91586e-06 0.947434 0.0274254 2.3917e-10 0.00702896 0.0180922 1.11182e-10 5.64423e-06 3.48957e-07 
2.51525e-05 8.71086e-06 0.00075713 0.0015044 0.980251 0.000454971 1.39101e-06 0.000839703 0.000187156 6.46634e-07 0.0120821 0.00388766 
8.86637e-07 3.98751e-07 0.158837 0.00252705 0.272936 1.40967e-06 0.00350226 1.00816e-06 0.235375 1.31328e-10 0.32682 7.54236e-10 
0.0447135 0.024787 0.016037 0.0996634 0.0245205 0.0209748 0.0397595 0.00035621 0.714145 9.06996e-05 0.0138767 0.00107513 
0.00433586 0.0199161 0.115486 0.00204288 0.49668 0.148359 0.0360432 0.0105075 0.0364311 0.000419757 0.127948 0.00183066 
5.45559e-09 0.00020918 0.00451853 0.000488017 0.171032 0.219183 1.03042e-07 1.18894e-07 0.000147902 2.10083e-12 0.604422 1.66514e-07 
2.63496e-08 0.0271153 0.577513 0.00205692 0.0100549 0.000801778 8.75265e-09 2.02823e-05 0.000841017 4.06882e-09 0.381597 2.33678e-08 
5.09633e-10 1.90082e-08 8.07371e-08 1.40714e-06 0.998122 2.19587e-07 1.15132e-06 0.00187377 3.15962e-07 7.86957e-11 7.18249e-07 5.42804e-07 
0.00112991 0.000484621 0.0124347 0.000487938 0.866299 0.0568299 0.0259648 0.00368491 0.0206713 9.63666e-06 0.0119524 5.13287e-05 
2.95144e-05 3.32298e-07 0.00368044 0.00160404 0.975472 0.00479311 3.35939e-05 8.07866e-06 0.00792969 2.76525e-07 0.00644699 1.58812e-06 
4.74109e-10 7.1826e-06 1.94875e-05 1.51979e-06 0.998215 7.1479e-08 3.91776e-07 0.00104705 1.95133e-06 7.32102e-11 0.000706374 9.71966e-07 
0.0154826 7.16406e-06 0.0258309 0.000143452 0.887798 0.00238131 0.000573694 0.000128985 0.000633203 2.70246e-06 0.0237693 0.0432488 
1.47679e-05 0.000988623 0.0201513 0.000180736 0.762348 0.0596956 0.000621248 0.00372704 0.0730807 1.4721e-05 0.072853 0.00632402 
0.000177028 0.000341752 0.00330013 0.000285806 0.987572 0.000309851 0.00159562 0.000138168 0.000378216 0.000125018 0.00330511 0.00247163 
5.09633e-10 1.90082e-08 8.07371e-08 1.40714e-06 0.998122 2.19587e-07 1.15132e-06 0.00187377 3.15962e-07 7.86957e-11 7.18249e-07 5.42804e-07 
7.28768e-07 0.000107813 0.00491924 2.75811e-05 0.0388201 0.788071 0.000199772 7.58591e-05 0.000151609 4.79809e-08 0.167452 0.000174594 
1.48594e-05 0.000914704 0.103875 0.00277678 0.370652 0.408893 1.79694e-06 0.000967388 0.0282291 1.55921e-06 0.0836152 5.84174e-05 
3.66576e-10 2.03319e-05 1.16111e-07 3.48895e-10 0.904692 4.51584e-06 4.73684e-06 1.03451e-07 0.0952737 5.66054e-11 4.04849e-06 3.25092e-10 
2.79725e-10 5.19062e-11 0.00193808 0.00443252 0.99169 4.61902e-07 4.92554e-07 0.000684069 0.0012536 4.31941e-11 4.44848e-07 6.45229e-07 
1.28985e-06 2.39346e-07 0.000106248 0.29872 0.699884 0.000115079 4.28453e-07 0.000276731 2.69369e-07 1.99174e-07 0.000870219 2.53813e-05 
7.28768e-07 0.000107813 0.00491924 2.75811e-05 0.0388201 0.788071 0.000199772 7.58591e-05 0.000151609 4.79809e-08 0.167452 0.000174594 
