0.0263659 4.71091e-05 0.175754 0.000343104 0.318374 0.00301879 0.00409775 0.000161325 0.0137496 0.359208 0.0988303 5.04891e-05 
4.48735e-09 0.000135477 0.029603 4.27091e-09 0.0238665 0.100281 0.00123674 1.42326e-06 0.0207396 0.65076 0.172713 0.000663486 
0.000211987 0.00152435 0.0597587 1.97271e-06 0.00599518 0.24088 0.0496444 0.0132567 0.029305 0.313566 0.282691 0.00316447 
0.000701547 0.00682908 0.146183 0.00470864 0.0567442 0.302659 0.00952211 8.08969e-05 0.0164775 0.313893 0.141209 0.000991276 
0.00127856 0.0106356 0.244642 0.013343 0.0309682 0.0170332 0.00479145 0.000474949 0.0540459 0.501693 0.120207 0.000888045 
9.40211e-08 6.34759e-07 0.294423 2.28038e-05 0.0994678 0.00652121 0.000352897 0.000202116 0.00883839 0.566748 0.0123059 0.0111168 
0.305329 3.99644e-07 0.159861 1.48411e-07 0.00329208 0.0130171 0.00228555 9.26598e-06 0.00228811 0.50549 0.00690169 0.00152564 
2.20438e-05 0.0035308 0.079629 0.00327332 0.0120173 0.015188 0.00807371 8.90624e-05 0.0303278 0.43404 0.41357 0.000238932 
8.5364e-07 3.61134e-05 0.0200042 1.51118e-05 0.0953166 0.028684 0.0979235 8.93935e-05 0.0239883 0.527311 0.206174 0.000456523 
7.98103e-05 0.000159882 0.205357 0.000104661 0.153615 0.0819987 0.0996228 0.000102721 0.092021 0.357535 0.0094024 9.94482e-07 
0.000303876 0.0101199 0.160942 1.96081e-05 0.0165451 0.126668 0.0274217 0.0126095 0.0266291 0.557618 0.0489486 0.0121738 
7.39795e-05 0.00160673 0.0674458 3.32206e-06 0.00460511 0.00842987 0.00424647 0.000120614 0.00736747 0.846014 0.0600866 1.18656e-07 
2.9385e-05 0.0041128 0.164079 9.14299e-08 0.0257435 0.0859599 0.000862597 2.03612e-05 0.0937182 0.43896 0.184063 0.00245115 
5.91887e-08 2.00714e-05 0.00109415 0.000345338 1.1804e-08 0.022351 8.46823e-05 1.54284e-05 0.00228865 0.637637 0.336091 7.33199e-05 
3.93382e-06 9.49854e-06 0.0884142 6.64215e-07 0.0618538 0.00159402 0.000426894 0.0173827 0.0626248 0.715016 0.0522618 0.00041202 
8.42531e-05 0.000133374 0.285231 2.15384e-07 0.0679789 0.0283981 0.0368715 0.00524778 0.0657404 0.364517 0.143284 0.00251384 
2.55333e-08 0.000762573 0.163296 2.18363e-05 0.0465107 0.0035747 3.01297e-05 5.03783e-05 0.0478702 0.708111 0.0294128 0.000359731 
0.00119805 0.00337882 0.0420032 0.22795 0.052548 0.0211826 0.00796408 7.68233e-05 0.182279 0.306422 0.154842 0.000154104 
0.0001117 0.00264608 0.264285 1.02052e-05 0.00573623 0.0792906 0.0339869 0.0166979 0.0241442 0.428194 0.143718 0.00117866 
6.48701e-07 0.00108405 0.0780095 3.13008e-07 0.00304134 0.236402 0.0237311 0.00187344 0.0405222 0.395519 0.202821 0.0169953 
0.00744081 0.0268865 0.0646843 4.69152e-06 0.0204883 0.0170366 0.00718904 2.74378e-05 0.213021 0.4293 0.213811 0.000110271 
0.0322376 0.000552536 0.0741592 0.000123842 0.00504668 0.0227645 0.00533355 8.89167e-05 0.0136475 0.444512 0.401528 4.75736e-06 
0.305329 3.99644e-07 0.159861 1.48411e-07 0.00329208 0.0130171 0.00228555 9.26598e-06 0.00228811 0.50549 0.00690169 0.00152564 
0.0397396 0.0224075 0.0784849 2.70904e-05 0.00936181 0.0330361 0.0235427 0.00256528 0.0520177 0.606639 0.131115 0.00106396 
1.26343e-06 6.42853e-06 2.58756e-05 0.000127652 3.85073e-06 0.409538 1.6909e-05 2.36188e-09 0.0205156 0.569428 0.000162248 0.000174223 
0.00581206 0.000526566 0.157214 3.95558e-05 0.147674 0.211535 0.00045631 6.49379e-05 0.112746 0.287002 0.0301644 0.0467649 
1.85022e-05 0.00719964 0.0877479 1.37679e-05 0.110264 0.00434438 0.16907 0.00133722 0.186992 0.296202 0.10627 0.0305407 
0.000107192 2.63823e-05 0.00187979 0.00028625 0.0050836 0.0153173 0.00211129 0.00239824 0.0452518 0.898736 0.0268401 0.00196251 
0.00189988 0.000943225 0.127277 2.43711e-05 0.0196803 0.183165 0.0124724 0.0389875 0.0684779 0.312225 0.1683 0.0665482 
1.84217e-06 0.0303476 0.138386 1.1392e-08 0.00234132 0.120091 3.22451e-08 5.84328e-07 0.00629123 0.415735 0.285564 0.00124168 
4.29026e-07 0.0179629 0.0591923 2.17187e-06 0.00282529 0.00134154 0.00107433 1.83331e-09 0.0225717 0.528732 0.366265 3.18246e-05 
2.20436e-05 0.112118 0.048808 0.00490313 0.0125382 0.252767 0.0406616 1.12037e-05 0.0377193 0.292187 0.195407 0.00285703 
0.00232451 0.0211964 0.0602767 6.55485e-06 0.000578538 0.0582992 0.0144913 0.0275606 0.0599329 0.460191 0.295004 0.00013848 
0.000131473 0.00093561 0.0320019 9.99747e-06 0.0145169 0.0151662 0.00307181 9.81992e-05 0.0403885 0.812287 0.079532 0.00186044 
0.000199307 0.000712145 0.0151763 2.80558e-08 0.230957 0.0517858 0.00271315 2.01223e-05 0.190665 0.303949 0.203376 0.000445646 
4.8316e-06 0.00082267 0.052565 2.54748e-08 0.0168311 0.0972538 0.00787825 3.73574e-05 0.0921953 0.56375 0.166356 0.00230534 
0.006904 0.00250123 0.184932 2.86914e-06 0.02809 0.0776487 0.00303187 0.00245593 0.0121157 0.526195 0.155809 0.000314618 
0.00401795 1.55345e-05 1.44033e-07 2.76896e-08 0.00751671 0.00357928 9.66386e-09 9.11236e-09 0.0298195 0.943422 0.0116286 2.58005e-08 
0.000507949 0.000298078 0.091214 2.52921e-07 0.00106967 0.244949 0.00794236 4.81368e-05 0.0605162 0.517293 0.075971 0.000190528 
0.000789542 0.0224408 0.100875 9.15235e-06 0.0004427 0.0470211 0.21098 0.0760861 0.0126372 0.32065 0.207705 0.00036331 
0.233869 0.00253756 0.042728 5.94997e-08 0.000209897 0.0694503 0.000511556 4.93881e-06 0.019246 0.537615 0.0938256 1.75527e-06 
0.0221364 3.68259e-06 0.204328 1.76559e-07 0.00599488 0.0297067 0.00680672 7.65655e-05 0.0575669 0.633697 0.0393395 0.000342797 
0.00246495 0.000196102 0.00225409 1.06276e-05 0.00136901 0.279208 0.0243378 0.0179577 0.00211815 0.645701 0.0150978 0.00928517 
0.00180636 2.20535e-05 0.216127 0.000765736 0.0453116 0.0597373 0.0297043 0.000318437 0.00654462 0.483643 0.0200063 0.136013 
3.28029e-07 7.54834e-06 0.00388017 2.19755e-07 0.00241371 0.121411 0.00946707 6.71958e-05 0.0262361 0.832829 4.21588e-05 0.00364605 
3.39946e-07 0.0049679 0.0575865 1.60065e-05 0.00208573 0.155925 0.0172318 0.000270583 0.021891 0.412514 0.320103 0.00740809 
2.08232e-10 0.00654964 0.0188433 6.46558e-08 0.0030463 0.0113946 0.0146931 5.12419e-05 0.0149811 0.85387 0.0765703 1.84667e-10 
0.000670657 0.00170899 0.286399 1.13024e-05 0.0437918 0.00957427 0.0199338 0.000398097 0.0384985 0.414454 0.183698 0.000860485 
0.00219527 0.0165907 0.0817796 0.00213467 0.0294816 0.0374548 0.00511656 0.0147239 0.0138587 0.780589 0.0121307 0.00394481 
2.93771e-05 4.45151e-08 0.208424 3.35684e-05 0.0389406 0.0235679 0.25857 0.0224428 0.00011783 0.444641 0.00323246 1.53905e-07 
1.31127e-06 0.00171651 0.0325234 2.47507e-05 0.0666353 0.0561236 0.046041 0.205252 0.0341347 0.425027 0.132412 0.000108796 
1.31078e-09 0.000451897 0.000466663 2.59961e-07 0.00014703 0.0209907 0.0148295 0.00656169 0.0872156 0.831778 0.0297751 0.00778343 
0.000226042 1.49197e-05 8.08827e-05 0.001224 0.0166793 0.00363861 0.00044391 5.97545e-06 0.0550587 0.87744 0.0451756 1.24638e-05 
0.000194565 3.59059e-11 0.276113 0.000560117 0.00137229 0.00597973 0.031665 9.15649e-05 0.0178949 0.567054 0.0990745 4.08142e-07 
4.476e-05 1.9836e-05 0.052224 3.23515e-05 0.333444 0.0420264 0.000296896 0.000403118 0.0577775 0.442709 0.0530243 0.0179971 
2.59052e-07 8.7298e-05 0.0199713 3.20589e-05 0.0480958 0.000159055 0.000107169 8.11393e-08 0.352431 0.50198 0.00853868 0.0685978 
4.12789e-06 0.00015224 0.0146718 2.54395e-06 0.0374777 0.027852 0.0193397 0.00114574 0.173222 0.6066 0.101882 0.0176493 
0.00252171 2.73901e-05 0.068547 2.86518e-06 0.203659 0.0399883 0.000260681 0.00281946 0.00330222 0.509875 0.166918 0.00207892 
2.26772e-09 4.62088e-07 0.0429613 2.15834e-09 0.0811737 0.0321911 4.13968e-07 3.00372e-05 0.0690128 0.662385 0.108329 0.00391541 
5.72766e-05 0.000986224 0.0900259 1.27646e-05 0.1192 0.0229572 0.00735221 0.00019189 0.0692024 0.547734 0.117477 0.0248036 
6.80927e-10 1.26354e-10 0.000346713 1.24514e-05 0.000445967 0.0017268 0.000158482 6.32581e-05 0.0013377 0.990481 0.00534939 7.78719e-05 
0.000498618 0.000333122 0.210538 2.72949e-05 0.034026 0.115648 0.0406673 0.000904484 0.0212839 0.513219 0.0614011 0.00145305 
9.82318e-07 1.1646e-10 0.0414253 1.64118e-07 0.0172348 0.0230864 0.000879827 0.000398823 0.0140595 0.878654 0.0193182 0.00494234 
0.000169978 0.0019208 0.154287 2.04951e-05 0.227344 0.0245561 0.0208252 1.03738e-05 0.126425 0.388493 0.0507459 0.00520244 
7.19477e-05 0.000465779 0.192705 0.000376566 0.00606173 0.119459 0.00534065 4.59859e-05 0.0267997 0.532423 0.114833 0.00141707 
8.92584e-07 0.0172888 0.0220314 1.03237e-05 0.013862 0.00451859 1.75056e-07 4.89758e-05 0.0942237 0.6446 0.203365 4.95773e-05 
5.86373e-05 0.000266862 0.00219335 1.4043e-05 0.226912 0.0392537 0.0020016 0.000169186 0.0402073 0.648261 0.0405724 8.93474e-05 
9.40529e-10 5.32502e-05 0.0210277 1.29362e-06 0.0357994 0.0433017 0.0364014 0.00444208 0.0287529 0.688443 0.131124 0.0106527 
2.90668e-06 0.000959413 0.184228 1.94751e-06 0.137144 0.0496848 4.42342e-05 0.000136323 0.00657004 0.561175 0.059996 5.66237e-05 
4.58719e-07 8.51206e-08 0.00198682 4.36594e-07 0.00370333 0.0245044 0.0230322 6.60585e-06 0.00831723 0.655626 0.282807 1.54042e-05 
0.00152432 0.00075562 0.0556283 7.91325e-05 0.037148 0.0389343 0.00759206 3.22881e-05 0.0917128 0.376318 0.353534 0.0367412 
7.20392e-07 1.33677e-07 0.0154396 6.85646e-07 0.0183693 0.0181507 0.0002416 2.25639e-07 0.0768943 0.810928 0.0550779 0.00489648 
0.000602016 9.62076e-05 0.202504 2.58239e-07 0.00610434 0.118851 0.0112545 0.00557246 0.0606172 0.593001 0.00100692 0.000390045 
9.66948e-06 0.00304649 0.0136241 4.00122e-07 0.03743 0.0903965 0.00806487 4.08837e-06 0.0449865 0.619795 0.181764 0.00087787 
6.36648e-07 0.000133264 0.00504505 3.00627e-06 0.0490923 0.137899 0.000378298 4.55155e-07 0.00551788 0.775917 0.0226722 0.00334025 
3.61364e-05 0.00579562 0.157066 4.35608e-05 0.0779003 0.141639 0.00767359 0.0119318 0.0528817 0.445316 0.0960548 0.0036618 
4.81266e-05 1.36412e-05 0.0396781 2.47912e-08 0.0149519 0.000103851 0.000832772 4.28344e-05 0.00275631 0.752743 0.188829 2.30998e-08 
1.9877e-06 0.0191902 0.132246 1.24182e-05 0.118812 0.0208308 1.72789e-05 3.72151e-05 0.00887423 0.534576 0.132799 0.032603 
0.0427335 0.000777726 0.173901 1.78294e-07 0.0162144 0.0197473 0.00194522 2.55194e-05 0.195742 0.46953 0.0792411 0.0001422 
5.3171e-06 1.09194e-05 0.00886189 5.06064e-06 0.0342428 0.000307458 0.00279396 1.6654e-06 6.82149e-05 0.945626 0.00115772 0.00691944 
9.94346e-06 0.0339712 0.298198 1.05603e-06 0.0006226 0.00935692 0.0112465 5.42818e-06 0.000996469 0.371224 0.274084 0.00028431 
1.09017e-08 3.72241e-05 1.2083e-05 1.03759e-08 0.218764 0.000133672 3.44056e-05 2.80032e-05 0.000276488 0.780585 0.000129307 9.66802e-09 
6.37672e-07 1.18327e-07 0.0648547 5.64173e-05 0.281726 8.04318e-05 0.000534595 1.9973e-07 0.0387398 0.585801 0.000648457 0.0275577 
1.12386e-05 0.00196939 0.0107019 1.96578e-05 9.85728e-06 0.00205431 9.96326e-07 3.69477e-06 0.158918 0.723289 0.103016 6.56065e-06 
0.0221364 3.68259e-06 0.204328 1.76559e-07 0.00599488 0.0297067 0.00680672 7.65655e-05 0.0575669 0.633697 0.0393395 0.000342797 
6.31537e-09 0.00584241 0.03827 1.60255e-05 0.285133 0.00071658 0.00349423 3.46267e-06 0.124563 0.497046 0.0444928 0.000422373 
2.95402e-06 0.000556527 0.0340458 1.70317e-10 0.0032926 0.296839 0.0387978 0.000257393 0.0415343 0.51988 0.0261607 0.0386331 
6.59606e-06 0.0736898 0.11737 1.29416e-06 0.0407503 0.280776 0.000533431 0.000189019 0.0333705 0.346838 0.104425 0.00205065 
2.72154e-05 2.72376e-05 0.106263 2.72167e-05 0.130766 0.277862 2.72336e-05 2.72341e-05 2.72405e-05 0.280583 0.204336 2.72185e-05 
6.35839e-07 0.00611088 0.0753656 4.2362e-07 0.175731 0.0335257 0.0100353 3.5487e-05 0.195915 0.378319 0.124726 0.000234774 
0.0190142 0.00118063 0.0934554 0.0122585 0.0104877 0.172016 0.00177209 8.79575e-05 0.108183 0.488254 0.0875096 0.00578032 
0.000592621 0.028849 0.0968585 0.000112378 0.014514 0.147416 0.0255425 0.0040628 0.0838626 0.300635 0.293006 0.00454812 
7.89509e-06 0.00600855 0.0227731 4.03397e-05 0.0325414 0.133722 0.00877238 0.000550494 0.0159512 0.701183 0.0761743 0.00227439 
1.25569e-07 0.000293387 0.277131 2.52444e-05 0.0906036 0.00648877 0.000354199 0.000147281 0.0350346 0.569888 0.0089099 0.0111242 
3.73311e-05 0.000571769 0.255855 5.74819e-08 0.163288 0.00453802 1.95339e-06 0.0394089 0.0145127 0.449217 0.0725218 4.75373e-05 
0.0191762 0.00483387 0.141751 0.00286653 0.0204761 0.0318182 0.00251749 0.000247669 0.0430057 0.630455 0.101998 0.000854735 
4.79501e-07 0.0117196 0.112169 4.56373e-07 0.0132308 0.0480967 0.0633238 0.00122396 0.142075 0.407772 0.200287 0.000100647 
0.00016787 0.00057004 0.29811 0.00039016 0.00478617 0.0632577 0.0177233 0.000262272 0.0360744 0.53811 0.0336909 0.00685731 
5.1925e-05 0.0125044 0.278513 8.11708e-07 0.0161054 0.0129044 0.00550195 0.00105228 0.0204335 0.497312 0.155341 0.00027931 
1.39568e-05 2.89426e-07 0.122634 8.63216e-07 0.154555 0.0659209 0.000294572 7.67853e-07 0.180511 0.24949 0.220774 0.00580436 
0.000565998 3.08163e-05 0.0623351 4.17881e-08 0.0432415 0.216601 0.0163674 3.87486e-05 0.0294186 0.54685 0.0841183 0.000432838 
3.24744e-07 3.45119e-06 0.129546 6.45383e-05 0.0635774 0.00781557 0.000643658 8.20182e-10 0.0346633 0.702822 0.00369635 0.057167 
0.000180345 3.90553e-06 0.0194579 5.55456e-07 0.000240667 0.000833505 0.0327534 1.35078e-05 0.0644202 0.795513 0.0865682 1.48447e-05 
1.25914e-05 0.00203073 0.0253492 5.34513e-10 0.00365804 0.283746 0.143452 0.00035889 0.00919202 0.394293 0.136936 0.000972722 
0.000848011 0.000684689 0.216716 6.77116e-05 0.0199414 0.125113 0.106297 0.000127249 0.0188851 0.336205 0.174911 0.000204063 
2.98952e-09 5.77393e-07 0.00242228 1.31665e-07 0.0810855 0.00791804 0.000334926 0.000553462 0.00800921 0.878292 0.0209199 0.000463826 
3.74097e-06 6.18272e-05 0.00759522 1.80905e-05 0.135489 0.00132944 9.14987e-08 1.3048e-05 0.0420085 0.782436 0.0310273 1.76039e-05 
5.40397e-05 5.61564e-05 0.285428 0.00448025 0.0483672 0.00167434 0.182035 0.00526777 0.00819653 0.353958 0.110368 0.000115077 
1.43959e-07 0.000213805 0.101319 0.000152426 0.0128089 0.0245851 0.106018 0.0165866 0.114372 0.466411 0.157256 0.000276877 
5.33407e-05 1.36918e-05 0.192024 5.97178e-08 0.00104355 0.227858 0.00164304 7.67037e-05 0.00069429 0.456522 0.12006 1.14117e-05 
3.74785e-08 6.95457e-09 0.0369266 3.56708e-08 0.00688449 0.148092 0.00874499 1.17389e-08 0.0846849 0.625231 0.0894351 3.32372e-08 
0.0711826 1.83396e-05 0.0562667 2.30011e-09 0.0269291 0.00676592 0.0269835 0.00028404 0.0401327 0.455754 0.315442 0.000240401 
0.000662236 0.00487064 0.0500519 6.89735e-07 0.00660557 0.0266371 0.0020456 3.13867e-07 0.0258399 0.486121 0.397159 6.05867e-06 
0.000780053 0.000182195 0.0599455 4.76846e-05 0.0574618 0.121541 0.0154142 0.000305411 0.199733 0.277524 0.0656773 0.201388 
1.4563e-08 0.00343892 0.00106343 1.38605e-08 4.26113e-05 0.247451 4.83743e-09 4.56136e-09 0.000356296 0.740358 0.00703445 0.000254828 
0.000541771 0.00430497 0.152619 0.00019 0.0186149 0.0317519 0.00593122 0.000137169 0.0777766 0.434757 0.26968 0.00369494 
7.85726e-05 6.03198e-05 0.11523 7.15276e-05 0.0539692 0.0568172 0.0338169 7.85515e-06 0.0584137 0.517781 0.16344 0.000313052 
0.00181536 0.000110083 0.000631065 4.26171e-05 0.000952012 0.0533041 1.01368e-05 0.220778 0.0322791 0.681971 0.00807667 3.00242e-05 
7.91089e-07 0.00171766 0.064659 7.52933e-07 0.0196738 0.0324049 0.0388128 0.00260196 0.00971607 0.795803 0.0346089 7.01565e-07 
6.59606e-06 0.0736898 0.11737 1.29416e-06 0.0407503 0.280776 0.000533431 0.000189019 0.0333705 0.346838 0.104425 0.00205065 
0.000975143 0.0304002 0.129324 0.00125145 0.0489369 0.00994476 0.0103424 0.000325159 0.333835 0.369886 0.0395688 0.0252096 
5.65049e-05 0.00801975 0.149826 5.74582e-05 0.142409 0.0889614 0.0252419 5.77433e-05 0.189307 0.223428 0.16643 0.00620509 
0.000839484 0.000122899 0.0276555 2.98987e-06 0.00438417 0.0882845 0.000235771 5.20183e-06 0.0768016 0.641329 0.160107 0.00023161 
6.63223e-06 1.40865e-06 0.0811809 4.83968e-07 0.109897 0.00230814 0.0679773 0.000157112 0.267652 0.44358 0.0272095 2.94665e-05 
3.24744e-07 3.45119e-06 0.129546 6.45383e-05 0.0635774 0.00781557 0.000643658 8.20182e-10 0.0346633 0.702822 0.00369635 0.057167 
0.0207352 0.00781934 0.00547441 5.57578e-06 0.00290637 0.250794 0.00218917 1.32762e-05 0.152837 0.523388 0.0336356 0.000202532 
6.01604e-05 0.00365472 0.0740807 2.42303e-06 0.0159978 0.0216545 0.0301716 1.67669e-05 0.183721 0.533415 0.1332 0.00402615 
0.000241308 0.0509099 0.102653 0.000888111 0.292028 0.00735184 0.0973623 0.000346696 0.0817445 0.352133 0.00159583 0.0127453 
1.79176e-05 0.000114946 0.09558 5.39783e-07 0.000513275 0.0763147 0.00152121 0.000119042 0.00674557 0.665893 0.153167 1.24274e-05 
0.000148148 0.0269683 0.0902806 7.56605e-06 0.0568645 0.0109124 0.0873162 7.3994e-05 0.0584862 0.424575 0.243805 0.00056144 
0.000253671 0.020326 0.0582341 0.00064198 0.0106812 0.00548956 0.000394598 0.0866231 0.0431023 0.346151 0.0820293 0.346073 
1.1221e-05 0.000127465 0.00203219 0.000109995 0.280485 0.00335678 3.19917e-07 6.92735e-06 0.0325185 0.608726 0.0726114 1.41423e-05 
0.000124448 0.00237255 0.23343 6.03096e-05 0.11164 0.0410326 0.0231716 0.000180538 0.0475962 0.30027 0.190636 0.0494858 
3.35402e-06 0.00436961 0.0820405 0.00207213 0.0495214 0.00119241 7.1586e-05 7.61322e-06 0.0218249 0.649847 0.189045 4.78181e-06 
5.82457e-06 0.00782274 0.0810071 7.21932e-05 0.0644888 0.00551599 0.00876265 6.30702e-05 0.0421271 0.529755 0.248536 0.0118432 
6.59606e-06 0.0736898 0.11737 1.29416e-06 0.0407503 0.280776 0.000533431 0.000189019 0.0333705 0.346838 0.104425 0.00205065 
0.000101536 0.00406984 0.0940944 4.6037e-05 0.0131723 0.157182 0.0128645 0.00280484 0.0441909 0.36253 0.297962 0.0109825 
2.47488e-08 1.5111e-05 0.000580252 3.27698e-06 7.14592e-05 0.219727 0.000254502 0.000134993 0.0336035 0.668413 0.0625632 0.0146335 
1.2081e-05 4.07853e-06 0.046095 3.28726e-05 0.00368132 0.000237882 1.38284e-05 0.000172618 0.000910034 0.886054 0.0625938 0.000192728 
0.000577361 0.0115108 0.0655273 0.000179187 0.0109844 0.105983 0.0411603 0.031172 0.056944 0.588703 0.0853342 0.0019251 
1.58448e-09 1.0619e-05 0.0226135 2.68705e-09 0.00183534 0.28462 0.00404379 1.74531e-06 0.0197904 0.611005 0.0552634 0.000816374 
6.63223e-06 1.40865e-06 0.0811809 4.83968e-07 0.109897 0.00230814 0.0679773 0.000157112 0.267652 0.44358 0.0272095 2.94665e-05 
3.39946e-07 0.0049679 0.0575865 1.60065e-05 0.00208573 0.155925 0.0172318 0.000270583 0.021891 0.412514 0.320103 0.00740809 
7.82376e-07 0.00233631 0.0459482 4.26104e-08 0.142067 0.0536625 0.000650562 1.50085e-05 0.0229752 0.529798 0.20252 2.71502e-05 
0.000805246 0.0110018 0.0491678 1.94823e-05 0.10897 0.0087572 0.00412992 2.83835e-05 0.0760295 0.474755 0.266098 0.000237768 
0.0044425 0.00686615 0.144914 1.36597e-08 0.117475 0.0707609 0.000459887 6.54121e-05 0.147954 0.412449 0.0936224 0.000990543 
0.000111022 0.000453558 0.0894345 0.00025456 0.00234405 0.0951981 0.00983657 8.17119e-05 0.0440782 0.732514 0.0246638 0.00103025 
5.60419e-06 0.012756 0.0369904 3.27938e-05 0.0327598 0.109929 0.00481744 0.00216228 0.0471975 0.683224 0.0592569 0.0108684 
4.81266e-05 1.36412e-05 0.0396781 2.47912e-08 0.0149519 0.000103851 0.000832772 4.28344e-05 0.00275631 0.752743 0.188829 2.30998e-08 
0.000210521 0.0248532 0.0492159 0.000443663 0.112956 0.0177639 0.0301644 0.0817703 0.0160264 0.496913 0.143447 0.026236 
7.27303e-07 3.5223e-05 0.115986 1.59319e-08 0.00582294 0.049836 0.000215591 6.58767e-06 0.0117201 0.704524 0.104278 0.00757565 
2.35772e-05 0.000765394 0.0523901 1.35853e-07 0.00169515 0.270914 0.0324064 7.76954e-06 0.00618001 0.504249 0.129876 0.00149227 
0.0126042 0.00131479 0.218534 0.000750071 0.168863 0.211663 0.00462737 0.00156666 0.0435449 0.236524 0.099792 0.000215654 
0.000812733 0.00277211 0.321676 1.39e-06 0.04959 0.000399719 0.0021797 0.000143991 0.0171512 0.420915 0.184095 0.000262393 
3.10426e-08 0.0256329 5.57361e-06 2.35757e-05 0.00254575 0.313579 0.0256953 3.94025e-07 0.00761496 0.624076 0.000794384 3.18897e-05 
1.61767e-06 1.64923e-05 0.0394453 3.30599e-05 0.0670286 0.00783743 0.266908 0.000116635 0.194673 0.292131 0.131201 0.000608658 
6.59606e-06 0.0736898 0.11737 1.29416e-06 0.0407503 0.280776 0.000533431 0.000189019 0.0333705 0.346838 0.104425 0.00205065 
0.000216378 0.00116013 0.211004 0.000187761 0.151163 0.126199 0.0140493 0.00255218 0.087 0.301375 0.101688 0.00340375 
0.161699 0.000452679 0.0801765 1.13584e-05 0.0186111 0.0261199 0.00155854 2.30398e-05 0.0857723 0.553791 0.0714778 0.000307263 
3.28634e-06 0.0246011 0.190743 6.57889e-05 0.00371283 0.00427618 0.000379586 0.00136599 0.0505738 0.393051 0.33107 0.000157487 
0.00627099 0.00983288 0.279666 0.00031571 0.0169389 0.0988885 0.0322545 0.0148265 0.00876947 0.373261 0.157824 0.00115206 
9.94484e-05 0.0461882 0.0187601 6.61439e-05 0.000137775 0.37436 0.00137112 0.0028088 0.00914101 0.501658 0.0451799 0.000229348 
2.46592e-08 0.00120338 0.0392277 0.00285834 0.282617 0.0548384 7.34983e-07 1.10782e-05 0.218313 0.294878 0.0419323 0.0641201 
0.00026492 0.00115565 0.18201 1.42657e-08 0.0227938 0.147401 0.00799652 0.0072219 0.032175 0.424539 0.174231 0.00021086 
0.00243289 0.0184374 0.224716 2.3199e-05 0.0352377 0.0435117 0.15362 0.00524443 0.113601 0.342589 0.0597538 0.000832913 
0.000694903 0.00040469 0.0575566 9.81112e-05 0.321175 0.0171523 0.0353932 0.000542457 0.0976288 0.330139 0.139173 4.23751e-05 
1.35502e-05 7.72598e-06 0.000478173 1.23582e-07 0.285558 0.0666641 0.0196884 4.06695e-08 0.11433 0.481625 0.0315759 5.96233e-05 
3.81654e-06 3.59977e-07 0.0213919 0.000124493 0.204156 0.250799 0.00146926 4.98265e-06 0.0247974 0.466157 0.0309905 0.000104484 
1.11428e-05 0.000732469 0.230437 3.86055e-10 0.11322 0.0229154 0.0184961 0.000169147 0.174152 0.242152 0.196424 0.00129165 
0.00123329 0.000652062 0.278113 5.74333e-06 0.00360154 0.0270756 0.0156247 0.0596552 0.00275646 0.547481 0.0633893 0.000412733 
1.13525e-05 6.83242e-05 0.0268639 3.71109e-08 1.7189e-05 0.168024 0.000475997 1.21168e-05 0.061469 0.573639 0.160045 0.00937451 
8.91741e-06 0.000741456 0.133248 5.2524e-07 0.169464 0.000921569 0.000234586 0.000432127 0.158192 0.419927 0.114655 0.0021748 
0.00355746 0.000447494 0.175548 0.0158072 0.0252936 0.0317653 0.022352 0.0012507 0.0815969 0.5322 0.109887 0.000293939 
7.43374e-07 0.0231257 0.0734478 2.59366e-07 0.000326478 0.000186296 0.000566199 4.31043e-08 0.00747375 0.662022 0.232847 3.90423e-06 
8.72948e-06 0.00485749 0.159996 0.000484135 0.00557467 0.00395124 0.0433772 0.105309 0.0140652 0.611327 0.033538 0.0175115 
3.40862e-07 0.00221714 0.0583602 1.81553e-06 0.0523685 0.000354686 0.00928427 0.00010376 0.0965932 0.755823 0.0235649 0.00132831 
0.00445096 0.000479334 0.228067 1.77511e-06 0.00600706 0.106656 0.0126918 4.46532e-05 0.00533762 0.464284 0.171876 0.000103364 
0.000327477 0.00180998 0.0661803 2.49415e-07 0.00224906 0.0951047 0.00298635 7.37573e-08 0.00947974 0.705619 0.116243 4.2085e-07 
2.39407e-10 0.0120448 0.0663585 1.9525e-07 0.0115979 0.0167575 0.0131763 5.33019e-05 0.0684285 0.666732 0.144605 0.000245988 
0.00181536 0.000110083 0.000631065 4.26171e-05 0.000952012 0.0533041 1.01368e-05 0.220778 0.0322791 0.681971 0.00807667 3.00242e-05 
2.44476e-05 0.0162424 0.0196185 5.83636e-05 0.21498 0.00676894 0.00486225 1.25719e-06 0.271075 0.309678 0.156556 0.000135495 
1.49997e-07 0.00148804 0.00256322 4.45909e-07 0.000808133 0.0312539 0.000544343 1.29013e-05 0.014242 0.924162 0.0248995 2.51214e-05 
5.63481e-05 0.0256639 0.314366 0.000216932 0.050572 0.0435817 0.00333833 0.114661 0.0315945 0.364505 0.0486403 0.00280426 
2.40702e-07 1.25481e-05 0.00974314 5.03453e-10 0.00169626 0.166888 0.050412 3.69838e-08 0.0167306 0.75112 0.00272677 0.000671016 
0.000145392 1.67807e-05 0.0459889 1.28121e-06 0.00437774 0.0492636 0.000662101 5.65924e-05 0.00127616 0.78025 0.0865848 0.0313767 
4.63797e-10 0.000516052 0.0370361 2.86591e-07 0.0338066 4.27087e-06 1.54061e-10 8.21353e-05 0.0148744 0.907452 0.0052909 0.000936803 
0.000197207 0.0161737 0.12353 0.000248414 0.0337382 0.0251444 0.00593719 0.00955268 0.031461 0.610363 0.142091 0.00156376 
0.00562359 0.00578933 0.0297404 6.91765e-06 0.0297647 0.227617 0.00875629 0.0188378 0.0633217 0.308574 0.301941 2.71188e-05 
0.00126085 1.42204e-05 0.176498 6.86496e-08 0.106155 0.00744926 0.00127465 1.11906e-05 0.247219 0.362511 0.0975454 6.1072e-05 
0.000110947 0.0065758 0.121912 2.02211e-05 0.0260443 0.0190749 0.0233073 0.0533069 0.0393697 0.61425 0.0958419 0.000185871 
0.00832449 0.00460935 0.13658 2.18303e-06 0.0415785 0.0382161 0.00636937 0.00512215 0.0516858 0.514663 0.190679 0.00217079 
2.20016e-05 0.000180082 0.0159409 0.000299615 0.0292268 0.0198387 0.00662359 0.00149608 0.0376631 0.817192 0.0706395 0.000877733 
6.59606e-06 0.0736898 0.11737 1.29416e-06 0.0407503 0.280776 0.000533431 0.000189019 0.0333705 0.346838 0.104425 0.00205065 
3.36868e-05 0.121299 0.0719405 0.000365573 0.0117109 0.232372 0.0419754 0.000582766 0.0229597 0.275193 0.171669 0.0498977 
1.63869e-05 0.0491142 0.203261 3.07372e-07 0.00182648 0.00129302 1.20086e-11 4.38335e-06 0.00499834 0.390525 0.348867 9.39037e-05 
0.000929602 0.00603587 0.126843 0.000428043 0.0348626 0.02676 0.00301348 0.0529148 0.183113 0.303679 0.2606 0.000820074 
2.98428e-06 0.00778116 0.0630894 7.55308e-07 0.0164431 0.164304 0.00672709 3.42516e-05 0.0113378 0.59137 0.138122 0.000788336 
2.02975e-05 0.00668925 0.172511 3.31979e-06 0.0409719 0.000142705 0.00277778 0.0125802 0.0587504 0.697457 0.00800839 8.80938e-05 
0.000114559 0.0116765 0.138646 4.21765e-05 0.00783689 0.0198198 0.00908676 4.05057e-05 0.0450998 0.425883 0.341619 0.000134367 
6.74582e-05 8.73246e-06 0.148682 2.87125e-06 0.0477717 0.000375648 0.000492574 0.00176539 0.0601266 0.707874 0.0318924 0.000940544 
0.00216921 0.00217164 0.075545 3.68789e-08 0.000269962 0.0133978 0.00477427 4.56537e-05 0.00936862 0.811076 0.0809881 0.000193406 
0.0011445 0.0130203 0.0211019 4.98972e-06 0.00831414 8.79857e-05 3.71645e-06 7.32378e-06 0.0400882 0.904649 0.011542 3.61888e-05 
2.51427e-07 0.0309125 0.151984 5.73638e-08 0.00975279 0.00625869 0.000467511 2.79523e-07 0.0195604 0.597446 0.183606 1.14022e-05 
3.07982e-06 0.0268712 0.144797 6.43322e-09 0.0378457 0.0186711 0.000341869 3.55838e-07 0.0387781 0.629492 0.10262 0.000579997 
0.0313275 0.0290882 0.110366 0.00164079 0.100174 0.0746948 0.165034 0.0166707 0.0882952 0.217217 0.163816 0.00167646 
1.33573e-05 0.00337556 0.129977 9.22438e-07 0.00130536 0.000515827 0.00184508 0.00900589 0.0158325 0.695886 0.142012 0.000230059 
0.000783391 0.00308232 0.0394669 0.243478 0.206208 0.0255046 0.000580096 0.00249705 0.0482026 0.423194 0.0066458 0.000357946 
0.000547596 0.0180028 0.0768006 9.39906e-05 0.0316923 0.12139 0.00828387 0.00400192 0.190415 0.310952 0.21141 0.0264106 
0.00656147 0.00480149 0.22826 1.63411e-05 0.0266609 0.164143 0.0389447 0.0416191 0.0335972 0.293198 0.161542 0.000655173 
0.000108925 1.29081e-05 0.0924252 9.81703e-07 0.0586816 0.0138695 0.0313516 2.53459e-05 0.0651786 0.669163 0.0681667 0.00101553 
0.0539397 0.000245324 0.0976938 1.17997e-05 0.0560776 0.182004 0.0143331 0.000219001 0.137174 0.373605 0.0775443 0.00715274 
4.67664e-08 0.0868963 0.0878247 0.000141379 0.0372146 0.0138795 0.000181655 0.000128411 0.073551 0.510293 0.186454 0.00343513 
1.32596e-07 0.00284024 0.0140315 1.90572e-05 0.00415545 0.274115 0.00228986 0.00471336 0.00982371 0.620477 0.0673072 0.000227492 
0.00876929 0.0239426 0.12886 7.13296e-07 0.0195362 0.056728 0.0136294 0.012595 0.157937 0.33135 0.245575 0.00107735 
0.00627957 0.0673109 0.0811249 2.72907e-06 0.160578 0.0451715 0.000269112 0.00114544 0.0169075 0.406711 0.214439 6.03994e-05 
1.18534e-05 0.00318698 0.0269797 2.29535e-08 0.000268263 0.00958543 8.10372e-05 4.85906e-05 0.00626688 0.701229 0.252062 0.000280487 
0.000666955 2.84645e-05 0.0174738 2.85215e-06 0.0511392 0.0611901 0.00833176 0.00945299 0.0944107 0.624526 0.128973 0.00380432 
0.0346995 0.0197609 0.0735715 2.37406e-05 0.00933054 0.0299432 0.023899 0.00223627 0.0559845 0.547822 0.201764 0.00096452 
1.96461e-09 3.64555e-10 1.29473e-05 1.68474e-06 0.185383 2.82071e-10 2.67627e-06 6.15347e-10 0.272484 0.399022 0.143072 2.19544e-05 
0.00579975 0.000353549 0.0895543 8.97924e-06 0.00279429 0.0165364 0.0100381 4.71041e-08 0.00810831 0.752225 0.114562 1.90107e-05 
0.000111383 9.92494e-05 0.0911258 6.58932e-08 0.0780093 0.00701439 0.0214126 0.00179798 0.153676 0.596269 0.0486369 0.00184704 
0.00031575 3.5734e-05 0.21041 6.30334e-10 0.0508328 0.0585591 0.0151167 0.00768637 0.110582 0.452438 0.0938387 0.000184622 
1.04209e-06 0.0029789 0.0156851 8.32846e-07 0.0534961 0.187144 2.68697e-05 1.18613e-06 0.00616933 0.730899 0.00355105 4.64286e-05 
0.000112878 0.000220599 0.0820783 1.79712e-05 0.0821007 0.00650339 0.0727904 0.000131578 0.194011 0.52322 0.038338 0.0004752 
6.63223e-06 1.40865e-06 0.0811809 4.83968e-07 0.109897 0.00230814 0.0679773 0.000157112 0.267652 0.44358 0.0272095 2.94665e-05 
0.000114873 0.000569282 0.22583 1.89778e-05 0.0155061 0.153879 0.000799977 0.00834104 0.00824416 0.292609 0.290447 0.00364039 
0.00650531 0.00718948 0.053081 2.31991e-07 0.00251862 0.0829103 0.00962486 1.80671e-06 0.0537308 0.661623 0.122106 0.000709221 
6.81135e-05 0.000732146 0.317567 9.17386e-09 0.0212339 0.0123568 0.0143008 0.014016 0.0144903 0.422741 0.182494 4.34998e-08 
8.30871e-08 1.78377e-05 0.244883 1.29772e-11 9.89429e-08 0.122092 0.000815881 0.000773141 0.000175719 0.487283 0.143959 3.61259e-08 
7.84482e-07 0.00400271 0.070127 7.46644e-07 0.378345 0.000177033 0.0096231 0.00118552 0.0466284 0.483872 0.00559915 0.000438731 
3.25468e-07 0.00314625 0.0339711 1.39965e-05 0.00204248 0.300576 0.00274286 0.000580895 0.00610322 0.626619 0.024197 6.79703e-06 
5.52176e-05 1.3849e-06 0.013637 5.44261e-06 0.0253993 0.0136131 0.000876055 6.90352e-05 0.0225695 0.83029 0.0929073 0.000577193 
2.3065e-05 0.00469692 0.04212 2.00496e-06 0.13224 0.00386827 0.00787448 3.14308e-05 0.0227749 0.741593 0.0414086 0.00336748 
0.000299553 0.00101192 0.287011 0.000715785 0.0131051 0.0313706 0.00698503 0.000114932 0.0806217 0.454359 0.118223 0.00618303 
4.99246e-05 0.00027981 0.0197827 0.00041817 0.0843372 0.107871 2.21964e-07 2.09297e-07 0.00379432 0.559135 0.224331 5.92598e-07 
7.49337e-06 0.000233496 0.086101 1.06836e-05 0.0407029 0.00250711 0.00047302 1.62195e-05 0.0165318 0.707001 0.146342 7.32754e-05 
0.128811 0.00367583 0.160472 0.00436476 0.217016 0.000853125 0.00215274 1.68362e-07 0.165952 0.241246 0.0719846 0.00347165 
0.00190279 1.19315e-05 0.22092 6.70017e-07 0.0225016 0.225808 0.00670124 0.000419503 0.00515704 0.422411 0.0920428 0.00212323 
0.00209532 0.000596586 0.225743 1.38457e-08 0.114139 0.0156248 0.137751 0.0153551 0.185441 0.241939 0.0612778 3.6564e-05 
1.76689e-05 2.65438e-06 0.180982 3.80344e-06 0.0138124 0.076268 0.00163659 2.7458e-05 0.01023 0.565987 0.151026 5.45501e-06 
1.92725e-05 0.0221827 0.0364754 0.00299685 0.0743786 0.102087 0.00746324 4.22133e-05 0.00699037 0.625379 0.118992 0.00299347 
1.41723e-05 0.00318321 0.0472431 6.9427e-07 0.0023958 0.198755 0.00295931 7.57714e-05 0.0104958 0.388993 0.33815 0.00773384 
1.77779e-08 3.58337e-06 0.101024 4.75736e-05 0.032562 0.103118 0.00173611 2.08889e-06 0.0609524 0.355677 0.0510134 0.293864 
0.000123898 2.59561e-06 0.0523817 6.38918e-06 0.001323 0.00409885 0.0062855 0.00480133 0.00197397 0.918196 0.00583375 0.00497274 
2.32826e-08 0.00907719 0.0284618 5.28993e-05 0.00592089 0.17127 0.0182361 0.0922702 0.0979211 0.46462 0.111958 0.000211601 
6.57841e-05 0.00344531 0.168329 1.73625e-06 0.0136874 0.0376368 0.141561 0.0439749 0.0612199 0.290754 0.239177 0.000146024 
0.000640837 0.000167085 0.00298083 2.47611e-10 9.61249e-05 0.0517929 4.64852e-05 6.01563e-07 0.013647 0.885311 0.0368376 0.00847981 
0.000120313 0.00270219 0.0736635 2.34177e-07 0.00600645 0.0211636 0.0193718 0.000853546 0.0460878 0.609746 0.220011 0.000273723 
1.0179e-05 0.00038807 0.331575 1.47222e-05 0.00582146 0.0302635 0.000113248 8.64503e-05 0.112274 0.463135 0.0546811 0.0016379 
0.00031575 3.5734e-05 0.21041 6.30334e-10 0.0508328 0.0585591 0.0151167 0.00768637 0.110582 0.452438 0.0938387 0.000184622 
0.000137257 0.0185344 0.0961201 8.20096e-05 0.00936534 0.038629 0.0106113 0.00235699 0.0610624 0.404535 0.357955 0.000610786 
0.00045822 0.00201833 0.0561389 9.14599e-05 0.408301 0.0492374 0.00324869 0.000452851 0.0230261 0.442126 0.0140047 0.000896102 
0.00375604 0.000547274 0.0330532 1.34962e-06 0.00780338 0.0260875 0.0300113 0.00185899 0.0870403 0.714604 0.0846347 0.0106016 
0.000241702 6.96642e-05 0.0546326 1.33438e-05 0.000992821 0.0678089 0.00494783 0.000207784 0.000487312 0.854605 0.0127248 0.00326811 
9.65867e-06 0.0027876 0.194412 5.25235e-06 0.10778 0.0473027 0.016045 0.000321098 0.176475 0.408528 0.0462435 8.94732e-05 
0.00130028 0.000278761 0.150037 7.20442e-07 0.0532269 0.256972 0.011966 0.000639956 0.0541369 0.346936 0.124384 0.000121932 
2.02062e-07 0.000679632 0.299569 1.28442e-05 0.0596391 0.0674231 0.00346635 0.000578448 0.0671988 0.322059 0.143896 0.0354771 
5.48914e-09 0.00631464 0.125606 4.34027e-05 0.1792 0.0632493 7.98429e-06 4.56934e-05 0.165471 0.266739 0.0813418 0.111982 
0.000298502 0.00147719 0.158276 6.60979e-05 0.0328074 0.0257861 0.0453026 0.00555287 0.110142 0.443259 0.17611 0.000921231 
4.28659e-08 0.0230294 0.0716501 4.55989e-05 0.00114449 0.00369242 0.000469873 1.23875e-08 0.072647 0.419882 0.407418 2.17053e-05 
0.000121847 0.00371623 0.0452508 5.67973e-05 0.04138 0.127184 0.0472495 0.0581789 0.166977 0.33044 0.168128 0.0113171 
0.0318736 0.000516563 0.0849252 1.81792e-08 0.00291404 0.0812263 0.00538027 0.0023558 0.0740347 0.576491 0.137419 0.00286343 
4.49335e-06 0.0105914 0.0559441 2.97542e-05 0.0211521 0.214835 0.00433279 0.00469841 0.0337238 0.602803 0.0518159 7.00966e-05 
0.000505745 1.15544e-05 0.0380753 1.75702e-07 0.0774312 0.0185227 0.000201076 0.000462075 0.0685312 0.763325 0.0321914 0.000742601 
5.5035e-07 0.00128351 0.138567 0.00155674 0.0384328 0.023003 0.19595 0.000638471 0.0414004 0.275951 0.273322 0.0098942 
0.0010649 0.0185686 0.0275154 0.000153785 0.00414494 0.0558018 0.0278252 0.000259535 0.0100168 0.811456 0.0412214 0.00197161 
0.000984855 0.0132832 0.0348958 0.0010755 0.00637456 0.150505 0.0188755 0.000586815 0.0400891 0.631107 0.101538 0.000683511 
9.31979e-05 7.71202e-05 0.122183 3.60915e-05 0.0563716 0.0144937 0.0107991 0.000469109 0.147869 0.495018 0.151998 0.000592223 
5.28504e-06 8.14879e-05 0.0199603 0.0103412 0.0363721 0.0286685 0.00391306 1.82092e-05 0.0027608 0.872099 0.0219155 0.00386507 
3.37758e-05 0.00196751 0.102075 3.07512e-05 0.0144603 0.00787651 0.00420591 6.06662e-06 0.0150531 0.644752 0.206166 0.00337295 
1.44404e-05 0.015891 0.0372608 5.17155e-07 0.0328486 0.0208183 0.00011472 0.000282525 0.182033 0.566923 0.143808 5.26662e-06 
0.0120169 3.70532e-06 0.186502 0.000157187 0.0115963 0.0752548 0.000283121 0.000483511 0.0233614 0.67701 0.00859949 0.0047308 
0.026763 0.000955266 0.0789355 4.5751e-05 0.243392 0.0931619 0.132434 1.00989e-05 0.0469904 0.291314 0.0848799 0.00111829 
0.00451347 0.00167538 0.0737025 9.52867e-06 0.0147251 0.204859 0.00250026 9.32154e-05 0.0210794 0.53956 0.137082 0.000200086 
3.13361e-05 2.10531e-05 0.0108351 2.17414e-06 0.0422605 0.116686 0.00159743 5.93738e-06 0.0180509 0.798606 0.00736052 0.00454357 
0.000135171 0.0189802 0.233272 0.000103039 0.0835096 0.112063 0.0160945 5.11735e-05 0.0881596 0.343008 0.103988 0.000636964 
3.84346e-09 7.13197e-10 0.1126 3.65808e-09 0.00946746 0.000346253 0.0247744 1.12218e-06 0.0394475 0.589637 0.223726 3.40851e-09 
0.000162493 0.00134594 0.179494 0.000185868 0.113671 0.0509211 0.0245548 5.4724e-05 0.132589 0.27037 0.226315 0.000336044 
0.00208226 0.0124848 0.0503761 1.74614e-05 0.122277 0.00634378 0.000485634 0.000385129 0.0604987 0.555769 0.0865883 0.102692 
3.20385e-05 4.62247e-06 0.00681587 4.57325e-08 0.0204891 0.0122808 4.52788e-05 1.50501e-08 0.0406783 0.906689 0.0113767 0.00158845 
0.000158495 3.83442e-05 0.0460108 0.00184061 0.0330112 0.00688825 0.00808733 0.0173997 0.00522718 0.865409 0.0152444 0.000684833 
1.93754e-06 0.00458652 0.152687 8.18414e-08 0.00785819 0.157666 0.000303381 6.14887e-07 0.0100366 0.374953 0.290934 0.000971963 
5.5183e-05 0.00101807 0.42355 4.53006e-06 0.010508 0.00689276 0.000438571 0.000159734 0.0114551 0.469056 0.0760879 0.000773471 
1.47117e-08 0.0091912 0.00841311 0.000400423 0.0242237 0.173049 0.00208928 3.82191e-05 0.0357112 0.687492 0.0593558 3.59546e-05 
3.86034e-07 4.87898e-08 0.332769 5.01281e-10 0.00814318 0.00671346 0.0265099 0.0401046 0.000246104 0.585367 1.12002e-06 0.000145793 
0.0146791 0.00053172 0.193389 3.95567e-06 0.00340083 0.142874 0.0127457 0.00725428 0.0308633 0.417144 0.176962 0.000152431 
1.46988e-07 0.0230426 0.119234 0.00517012 0.0704478 0.166203 0.00773074 0.000169546 0.0898671 0.273076 0.234036 0.0110235 
0.0012649 1.74295e-06 0.142152 1.62052e-06 0.000898452 0.0604462 0.00628187 0.00330578 0.000436985 0.760845 0.0241634 0.000201424 
0.00492282 0.00740482 0.238922 0.000566382 0.0198666 0.0556353 0.0133031 0.00532472 0.0370317 0.459167 0.15682 0.00103571 
0.000158495 3.83442e-05 0.0460108 0.00184061 0.0330112 0.00688825 0.00808733 0.0173997 0.00522718 0.865409 0.0152444 0.000684833 
5.15744e-07 6.12104e-05 0.128124 1.49238e-05 0.145479 1.0137e-05 0.000220977 1.3421e-06 0.180984 0.380431 0.164672 1.7292e-06 
0.0464029 6.83253e-07 0.0459173 7.23821e-07 0.116496 0.0104716 2.57994e-07 0.000136997 0.133245 0.348158 0.299076 9.60251e-05 
9.35994e-07 0.0160034 0.0947654 2.15472e-06 0.255234 0.0784652 0.00289959 4.7084e-06 0.232326 0.290525 0.0247878 0.00498593 
9.94575e-09 0.00197219 0.0157522 7.17029e-07 0.0803426 0.215734 0.0193566 1.43111e-05 0.0823766 0.358894 0.225302 0.000254831 
0.000132817 0.0393888 0.100586 0.000135955 0.0234858 0.0487762 0.00241948 0.00127775 0.0279794 0.577263 0.177339 0.00121547 
0.000253671 0.020326 0.0582341 0.00064198 0.0106812 0.00548956 0.000394598 0.0866231 0.0431023 0.346151 0.0820293 0.346073 
8.0795e-05 0.000291677 0.183397 8.83993e-08 0.0106705 0.235206 0.00658626 0.00267109 0.00913335 0.275878 0.271642 0.00444323 
6.59606e-06 0.0736898 0.11737 1.29416e-06 0.0407503 0.280776 0.000533431 0.000189019 0.0333705 0.346838 0.104425 0.00205065 
0.00128007 0.014352 0.0505842 5.50502e-05 0.0136361 0.130485 0.00157331 2.22809e-05 0.00762693 0.758629 0.0213968 0.000358571 
2.39407e-10 0.0120448 0.0663585 1.9525e-07 0.0115979 0.0167575 0.0131763 5.33019e-05 0.0684285 0.666732 0.144605 0.000245988 
0.000180297 0.0143579 0.0414283 1.08361e-05 0.103188 0.00652949 0.000664287 0.000216357 0.0532811 0.461135 0.318411 0.000597087 
0.000502324 0.00120363 0.101098 0.168329 0.0192945 0.165274 0.00711771 0.0106808 0.0776888 0.321658 0.127064 8.83544e-05 
0.271563 0.0162937 0.10366 2.42886e-07 0.141101 0.0136697 3.4079e-06 1.80726e-06 0.0770962 0.320972 0.0402138 0.0154249 
4.67753e-05 0.000298455 0.0676505 6.63971e-07 0.0085324 0.0326073 0.14116 0.000908476 0.039482 0.626661 0.081348 0.00130404 
0.000212144 2.00744e-10 0.0248564 2.90427e-07 0.0103417 0.0637588 0.000528503 0.000239779 0.0241122 0.722254 0.150729 0.00296672 
1.65668e-07 0.0166204 0.0682333 6.77932e-09 0.0142364 0.0178498 4.97626e-06 1.58355e-06 0.0356547 0.487734 0.358754 0.000910573 
9.76231e-05 0.02765 0.0659644 1.36556e-05 0.0874661 0.132466 0.00340058 2.3477e-05 0.222269 0.240304 0.218886 0.00145879 
5.96155e-05 0.00109949 0.0659791 0.000211983 0.030417 0.00240042 0.00506235 0.0400402 0.0201745 0.728843 0.104275 0.00143688 
0.000163719 8.4135e-08 0.0955204 8.04872e-05 7.47259e-07 0.237045 0.000993845 1.45127e-07 0.00181124 0.574855 0.0891326 0.000396318 
6.44605e-07 2.80384e-08 0.00328272 1.73559e-06 0.00833965 0.250918 1.94793e-05 2.59551e-06 0.00854926 0.723018 0.00576021 0.00010745 
2.55797e-05 0.000305072 0.269085 3.30812e-06 0.00729695 0.0523333 0.0045492 0.00527081 0.0568094 0.506797 0.0975203 4.21011e-06 
0.00454098 0.017182 0.154934 4.08534e-05 0.0272892 0.112295 0.00609063 1.17966e-05 0.142353 0.304127 0.229626 0.00151011 
9.78397e-05 9.79193e-05 0.186161 9.78445e-05 9.79181e-05 0.166568 9.79051e-05 9.79068e-05 9.79299e-05 0.607217 0.0392707 9.78507e-05 
7.19437e-05 0.0246085 0.0307586 2.74334e-06 0.0281994 0.196288 0.00971471 0.000176189 0.240379 0.250214 0.21474 0.00484673 
