0.833133 0.000136028 2.69902e-05 4.75619e-05 6.24157e-06 3.90377e-06 2.59057e-05 0.000120176 7.6885e-05 0.00638853 7.90187e-05 8.55575e-05 0.000148146 0.0735641 0.00237976 1.94922e-05 9.69642e-08 0.0624178 0.0196336 8.92118e-06 0.00167579 2.26708e-05 
0.379018 0.0420871 0.03209 0.00461317 0.130555 0.00411787 0.0357304 0.0206705 0.0151924 0.0025104 0.000413557 0.0263346 0.000279112 0.179228 0.00420706 0.000782213 0.0078077 0.0565476 0.0038819 0.000272925 0.0533689 0.000291801 
0.614145 0.00031339 0.000807032 0.0304684 2.85724e-05 3.11566e-08 1.43214e-06 0.00857533 0.193692 2.16608e-05 0.000182187 2.91863e-08 1.07467e-07 0.0175515 0.000917215 2.75716e-05 4.99325e-08 0.0337185 0.0434892 0.000359299 0.0557008 2.44646e-11 
0.496012 0.00318324 0.000484627 0.0105538 0.0020315 3.60463e-06 0.000948977 0.00587539 0.273427 0.000379348 0.000743047 0.000117509 0.00211325 0.0376456 0.0789302 0.00288823 0.00432808 0.00847398 0.0177165 0.00525695 0.0449192 0.00396805 
0.480933 0.000216104 0.0164665 0.0308811 0.0697534 0.000444704 0.000993049 0.0367866 0.0130403 3.92564e-05 0.0167125 0.00580939 8.86557e-05 0.0154825 0.124756 5.62289e-05 3.7924e-05 0.001145 0.102736 0.0411099 0.0424685 4.34806e-05 
0.334063 0.214077 8.39569e-05 0.176702 0.000222374 4.3931e-05 2.94686e-06 0.0718023 0.0101367 1.8236e-06 1.56699e-05 4.29089e-05 1.00575e-06 0.00328528 7.03641e-05 0.000183748 6.04057e-07 0.000119044 0.115596 0.00229481 0.0710345 0.000219411 
0.275857 0.0683643 0.00334819 0.0576151 0.0354408 7.49492e-05 0.0383204 0.125618 0.0185122 0.0279226 0.000938252 0.00087645 0.00330273 0.0386436 0.105016 0.000689093 0.00171485 0.00445281 0.00230838 0.0405386 0.150438 7.49464e-06 
0.460833 0.0179682 0.00187075 0.00888539 0.0882897 6.93006e-06 0.0166292 0.0120436 0.146633 0.000725985 1.47584e-05 0.00874438 0.000240439 0.103494 0.000606733 1.10636e-05 0.00119863 0.0370125 0.00121641 0.00177093 0.0918004 4.08019e-06 
0.289993 0.0133366 0.0078378 0.0899945 0.0138682 1.39789e-05 0.00133613 0.143078 0.155544 0.00036635 0.000487257 0.0356455 4.77555e-05 0.022472 0.00109204 0.00236758 0.000180001 0.00716522 0.00833695 0.00589638 0.200844 9.71188e-05 
0.335943 0.00215795 0.114634 0.00405912 0.0668507 9.26643e-05 0.0144595 0.00386236 0.00537876 0.00076218 0.000270458 0.00203172 2.42187e-05 0.33299 0.063002 5.96927e-08 0.0117559 0.00127547 0.000100875 0.0199462 0.0185408 0.00186243 
0.607708 0.0143601 0.00101681 0.0226614 0.0558537 1.58603e-05 0.0011698 0.0208146 0.00116268 0.00243764 7.08227e-06 1.82448e-05 0.000121315 0.123997 0.000792956 0.00017866 0.0543979 0.0314905 0.000879922 0.00629211 0.0546205 2.50647e-06 
0.243476 0.148335 0.0135128 0.0250236 0.00450536 0.000399112 0.0722041 0.0167396 0.241706 0.000357841 0.000254423 0.00784717 0.000366915 0.0323019 0.000153472 0.000127552 0.00682526 0.009732 0.00932067 0.00260879 0.164202 2.65547e-07 
0.503061 0.0222482 0.0116341 0.0269406 0.0108089 0.00278402 0.00879185 0.0534919 0.0503264 0.00214858 0.00254304 0.00516266 0.00726231 0.0979779 0.00642123 0.00396302 0.00417488 0.0159901 0.0305776 0.00606318 0.125233 0.00239624 
0.321812 0.0394325 0.00668551 0.00822256 0.28437 0.000554086 0.0129432 0.101262 0.0232681 0.000683327 0.0146843 0.0067282 0.000971361 0.0943425 0.000523185 5.99499e-05 0.00107424 0.00373782 0.00332842 0.0158167 0.0594915 8.95686e-06 
0.284644 0.0319333 0.000459924 0.0323526 0.0425355 0.00511545 0.21147 0.111374 0.0846666 0.000135127 0.000325664 0.0134236 0.00094858 0.014836 9.22067e-05 0.000311691 0.000137081 0.00437931 0.0262914 0.00333733 0.131231 6.66662e-08 
0.428433 0.0759425 0.0208356 0.0109712 0.0849851 0.000689158 0.0719004 0.0238673 0.161041 0.00027816 0.000199468 0.00774078 0.00907942 0.0433088 0.00113337 8.68072e-06 0.0139968 0.00279734 0.00386187 0.00211434 0.0367288 8.66752e-05 
0.46768 0.0494715 0.0018325 0.0249433 0.0334734 0.000500343 0.000615002 0.00882905 2.34277e-05 0.0001965 1.85935e-06 0.00483351 0.000196721 0.0956157 1.00078e-05 1.47822e-05 0.00132318 0.268163 0.00729637 0.000330093 0.0346493 2.89569e-09 
0.444978 0.00787689 0.0218577 0.00612534 0.00190596 5.7777e-07 0.000691275 0.00173873 0.0326299 5.81695e-07 0.0724054 7.14019e-06 2.18504e-07 0.20069 0.0138741 2.79248e-07 8.2986e-08 0.102223 0.087511 3.41189e-05 0.00545044 4.90627e-08 
0.251129 0.00665352 0.0992603 0.112512 0.148453 6.81296e-07 8.76186e-05 0.0175415 0.00977829 0.00502815 0.00359535 0.0185948 0.00081976 0.182752 0.0105204 4.27522e-07 0.0052008 0.00331715 0.00169175 0.0234884 0.0995745 4.30609e-07 
0.68195 0.000468949 0.00170998 0.000254087 0.000809751 0.00999268 0.00291562 0.00181538 0.0782984 0.000247086 3.34508e-06 1.94921e-05 0.0971773 0.0707267 0.01084 2.78644e-07 0.0392252 0.00149042 0.00157531 3.75391e-05 0.000441227 1.00109e-06 
0.221385 0.219983 0.00821726 0.0053519 0.125178 1.39207e-05 0.00388091 0.0783652 0.142969 0.000136767 0.000117811 0.00766145 0.000223428 0.0883518 0.000466365 8.51884e-08 6.22149e-07 0.0180935 0.0011678 1.32149e-06 0.0783608 7.34958e-05 
0.309145 0.222449 0.00134875 0.0185256 0.0194381 0.00011208 0.108177 0.0261666 0.125966 7.92997e-06 0.0040394 0.00019069 0.000231106 0.00458175 0.0042934 1.17583e-06 8.19408e-05 0.00188072 0.0436696 0.016454 0.0932333 7.74938e-06 
0.241024 0.00513309 0.00183971 0.0649508 0.00321929 0.236944 0.0270531 0.0166811 0.0141777 2.40679e-07 2.43665e-05 0.157631 0.000507459 0.21936 0.00218451 0.00296945 0.000274765 2.02018e-08 0.000804641 4.44766e-11 0.0052201 6.42846e-11 
0.3392 0.149753 0.00704243 0.0419539 0.00603187 0.000729044 0.133281 0.0601871 0.0443544 0.00220939 8.09888e-05 0.075851 0.000126155 0.0699094 0.00657661 0.000594643 9.80501e-05 0.00150218 0.0131537 0.000227058 0.0466318 0.000505655 
0.384191 0.0496498 0.174905 0.013961 0.160997 0.00086549 0.025052 0.0450541 0.0034712 0.000769581 3.00619e-05 0.0123086 0.0238013 0.0737031 0.000783009 3.88e-07 0.000442005 0.000165061 9.98823e-08 0.0247812 0.0050691 8.19441e-08 
0.61955 2.48439e-06 0.00164023 5.74694e-06 7.83984e-07 7.74485e-09 4.8936e-05 1.08896e-05 0.0171073 5.17596e-05 2.36714e-08 1.57836e-08 2.33792e-08 0.164787 0.0897831 0.000327327 1.40416e-08 0.0869154 0.0179345 7.60813e-06 0.00182625 1.96541e-08 
0.65683 0.000586114 0.00213728 0.000317552 0.00101209 0.0124891 0.00364418 0.00226914 0.0789351 0.000308745 4.17111e-06 2.43398e-05 0.102909 0.0722704 0.0135494 2.58748e-07 0.0490301 0.00186281 0.00122042 4.68815e-05 0.00055149 1.24418e-06 
0.573041 0.00301821 0.00245596 0.00868224 0.00217055 5.51027e-07 0.000774216 0.00322635 0.272065 3.04152e-06 1.17498e-05 0.00132305 2.95008e-08 0.0215408 3.62291e-08 1.99226e-08 0.000798089 0.00165466 0.00010142 0.000133643 0.108999 4.48114e-09 
0.265414 0.0169631 0.00933427 0.0993101 0.0136957 9.50789e-06 0.00019425 0.0221006 0.0127753 4.11786e-08 0.00899552 0.00102883 9.85611e-08 0.25807 0.149733 0.0171627 0.00619105 0.0237013 0.0305354 0.000971806 0.0567347 0.00707858 
0.656897 0.0646448 0.00118668 0.0160906 0.040319 7.16062e-06 0.00684018 0.0158388 0.0256159 1.86475e-05 0.00293737 0.0101758 7.48519e-05 0.0582611 0.00357691 9.94433e-05 0.000905984 0.00163417 0.00340834 0.00104025 0.0875267 0.00290044 
0.208389 0.00958983 0.0073658 0.0872866 0.0238025 0.000541597 0.000898931 0.053944 0.00098511 0.00115096 0.00641784 0.201753 0.0508642 0.187505 0.00527869 1.43437e-05 3.60278e-05 0.0186357 0.0608472 0.0172638 0.0574221 7.37949e-06 
0.338684 2.00557e-06 1.4443e-05 0.0198198 0.237431 1.9293e-06 1.29996e-09 0.0428923 0.0847722 3.17163e-06 7.07546e-06 1.96492e-09 2.91051e-09 0.236879 2.10272e-09 5.35487e-09 1.74806e-09 5.92536e-10 8.05831e-10 0.0394934 2.56786e-10 2.44676e-09 
0.89002 0.00196399 0.000660565 0.00419555 4.77839e-05 9.37711e-08 5.65912e-05 0.00120191 0.00178539 7.47227e-05 0.000309307 1.91101e-07 1.29473e-05 0.0792406 1.24037e-05 5.20794e-07 0.000722863 0.00261785 0.0102116 0.000540015 0.00632452 2.37963e-07 
0.37612 0.0883772 0.000113479 0.0115245 0.0798829 0.000162596 0.00754596 0.00630548 0.15675 0.000252391 0.000263795 0.0205064 0.000118187 0.0281044 0.00117394 4.87734e-06 0.00516307 9.6574e-05 0.00144942 1.23303e-07 0.216034 5.03528e-05 
0.484404 0.134239 0.0179105 0.0610655 0.161541 0.000225484 0.0128993 0.0280937 0.0207522 0.000147269 8.35914e-05 0.00137065 0.000166341 0.0472905 1.20561e-05 0.000240508 0.000318679 0.00123438 0.00205568 0.000112207 0.0257092 0.000128197 
0.353626 3.12353e-07 1.32798e-10 2.25074e-05 5.14599e-07 8.24549e-11 1.11172e-10 0.350699 9.83774e-07 4.51308e-10 9.83112e-07 1.68039e-10 2.48905e-10 1.05029e-06 9.35262e-07 4.57945e-10 4.32049e-06 0.000850204 0.0405993 0.0607069 0.193488 2.09245e-10 
0.23944 0.101435 2.55723e-06 0.0421816 0.175008 0.000785021 4.00055e-05 0.0205218 7.00449e-06 2.75058e-05 0.0139167 0.0317748 7.73398e-06 0.0651681 0.00639939 3.67275e-07 3.49077e-07 0.011443 0.0575707 2.91039e-05 0.234241 2.44149e-09 
0.940055 7.3877e-06 3.84257e-05 0.00227979 0.0575374 1.56203e-07 1.04778e-09 9.13934e-06 6.56609e-06 4.25352e-09 3.63431e-05 1.55222e-05 5.39791e-06 5.19972e-07 1.69481e-09 4.31608e-09 1.40895e-09 4.77589e-10 2.98839e-06 3.00315e-06 2.31829e-06 1.97211e-09 
0.560504 0.0343298 0.00719984 0.0163462 0.0370097 0.000311818 0.0318841 0.043335 0.0764129 0.000213121 0.000290671 0.0175751 0.000236913 0.0455053 0.0074211 2.71925e-05 0.000318611 0.00503983 0.00755944 0.00219639 0.10614 0.000143891 
0.573041 0.00301821 0.00245596 0.00868224 0.00217055 5.51027e-07 0.000774216 0.00322635 0.272065 3.04152e-06 1.17498e-05 0.00132305 2.95008e-08 0.0215408 3.62291e-08 1.99226e-08 0.000798089 0.00165466 0.00010142 0.000133643 0.108999 4.48114e-09 
0.259664 0.0728028 0.00362116 0.0300028 0.108547 0.00025602 0.00127049 0.207031 0.023441 0.00565501 0.00779947 0.00365995 0.0074831 0.0977187 0.0359992 1.2705e-05 0.00408486 0.00427879 0.0429506 0.0134948 0.0701482 7.95112e-05 
0.555384 6.43873e-06 7.73826e-06 0.151685 0.111208 0.000451426 0.0112395 0.145718 1.93416e-05 1.3711e-06 1.6077e-06 0.00429241 0.0110478 8.74837e-06 9.10368e-11 2.31838e-10 8.38101e-05 3.27344e-06 4.91961e-07 0.00877444 6.60347e-05 1.05932e-10 
0.286686 0.173476 0.000312527 0.02086 0.17081 0.00023191 0.00828133 0.0646186 0.0238671 1.53703e-07 0.0160027 0.0179541 0.000294962 0.0183165 5.84719e-08 8.89175e-08 7.79835e-08 5.4124e-06 0.0530056 0.000129424 0.145137 1.04468e-05 
0.19528 0.012226 0.0102132 0.0918312 0.0440402 0.0109648 0.00267077 0.175028 0.0346105 1.59764e-05 0.129234 0.00532686 2.58529e-05 0.0167666 0.0618179 0.00253876 0.000160955 1.67286e-05 0.0788891 0.00901641 0.119323 3.13198e-06 
0.83623 0.000104588 0.00493708 0.00169576 0.021704 5.44966e-05 5.55668e-11 5.84639e-07 2.05545e-06 2.25577e-10 0.00461287 8.39908e-11 4.72883e-07 0.0582284 0.0724238 2.28894e-10 7.4721e-11 1.19067e-07 8.09501e-07 3.83518e-06 6.43226e-07 1.1515e-07 
0.554198 0.0059883 0.00308328 0.0503445 0.00730009 0.0200374 0.00022147 0.0137993 0.190123 0.000143413 0.00502275 1.01171e-05 0.00250821 0.00661949 2.15783e-05 0.000351064 0.000192042 7.40352e-05 0.00109617 0.00803064 0.130835 3.8002e-07 
0.428213 0.0341855 0.00794507 0.0503353 0.101926 0.000949539 0.00731815 0.0734125 0.00149489 0.00424075 0.0100999 0.0111458 0.00399499 0.0752114 0.0135925 2.7755e-07 0.000522895 0.0280404 0.0601022 0.0252944 0.0609836 0.000991064 
0.858226 0.00366217 0.00438421 0.0346017 0.00137372 7.79465e-07 3.37974e-05 0.0148722 0.000461502 2.64933e-05 0.000558684 0.000123154 0.00322439 0.0346353 0.000358398 0.000237761 4.62624e-05 0.000845127 0.00177683 0.000890722 0.0396602 7.63131e-07 
0.481029 0.00224329 0.00797658 0.0246564 0.338872 5.09232e-05 0.00253367 0.0278865 0.00828346 0.000376344 0.000420839 0.00495465 0.00110303 0.0624934 4.73143e-05 7.90601e-05 0.000162216 0.00100181 0.000991324 0.00719572 0.0276416 1.18216e-07 
0.280612 0.101394 0.00217544 0.0302537 0.0939022 5.60172e-05 0.00395645 0.0236961 0.017248 0.00642416 0.0039081 0.00796775 0.000137516 0.102352 0.00266436 0.00100996 0.00841194 0.0435914 0.0825035 0.00531166 0.182417 6.67195e-06 
0.288573 0.0162896 0.027757 0.0424827 0.03858 1.4559e-05 0.00299073 0.056998 0.0192733 0.00110571 0.0068909 0.000554163 0.00286846 0.238189 0.113821 0.000166114 0.00101613 0.00112885 0.0648631 0.0258638 0.0505552 1.76963e-05 
0.534474 0.0361813 0.000835022 0.020853 0.000325897 0.0010348 0.0959746 0.0264907 0.114377 0.00076494 0.000242609 0.0215605 0.000196055 0.0192794 0.00311853 0.00295139 0.000604016 0.0055806 0.0828318 0.000180687 0.0321331 1.0222e-05 
0.577656 0.00359248 0.00863234 0.0184133 0.0724808 5.59912e-06 3.73138e-05 0.0536076 0.00035135 0.000168039 8.94756e-05 5.10312e-05 5.91485e-05 0.0841062 0.00132239 1.0572e-05 0.000131358 6.29933e-05 0.00257055 0.00436478 0.171381 0.00090619 
0.563222 0.0640587 0.00487745 0.0301579 0.119809 0.000214374 0.0214629 0.0445171 0.0211589 0.000351652 0.00143342 0.00194367 0.00819835 0.0537869 7.46078e-05 0.0001294 0.000223515 3.41902e-05 0.0106922 0.00162122 0.052033 2.47198e-08 
0.378918 0.0643551 0.00209296 0.0119609 0.00376799 0.0119577 0.243841 0.104853 0.046872 3.30101e-07 0.000296377 0.0126094 0.000229947 0.0261509 0.0228978 0.00159458 0.000352139 0.00411172 0.00668344 0.000456709 0.0559979 3.33774e-07 
0.384107 0.0851814 0.00013916 0.000513479 0.139886 0.000326397 0.0173598 0.0166785 0.150398 0.000251768 6.92994e-05 0.000252806 1.08904e-05 0.0368544 0.000767084 0.000111756 0.000460346 0.00020825 0.0359889 5.70518e-07 0.130434 2.97777e-07 
0.388896 0.248635 0.0206443 0.00719636 0.062784 1.15124e-05 0.0262918 0.0659767 0.0555714 4.76509e-07 0.000472534 0.00104391 3.79847e-05 0.0559915 0.0113507 9.28413e-06 0.00193496 5.90591e-10 0.0059826 0.00132668 0.0458386 3.20697e-06 
0.437902 4.27675e-07 0.00097984 0.0170281 5.83328e-05 0.0181909 0.00113859 2.14211e-07 0.119166 0.00180958 1.88986e-05 3.70405e-06 0.000491402 0.0834442 0.00109695 0.294648 0.000201785 0.000292977 0.00362529 0.00469367 0.0152051 3.83693e-06 
0.910941 0.00113229 0.00470534 0.00126668 0.000231436 4.07177e-06 0.000271742 0.00371009 0.0418834 4.76906e-10 0.000124512 0.00131588 1.79859e-06 2.08652e-05 3.74213e-07 3.1752e-07 1.59631e-08 5.35475e-11 0.00423065 0.000110774 0.0300483 2.77092e-08 
0.894561 2.80101e-10 0.0307082 1.33326e-05 0.0392982 3.77173e-10 4.98412e-06 4.50475e-06 3.59238e-06 1.30079e-05 2.19146e-06 5.69584e-05 1.70899e-06 2.20606e-05 8.22565e-10 2.09478e-09 0.00980519 2.31795e-10 3.15234e-10 5.3044e-07 0.0255045 9.57151e-10 
0.952247 0.00030382 0.000190933 0.00865098 2.85217e-07 2.45634e-06 0.000213766 0.0078908 0.00287587 0.000546563 1.10731e-07 0.016951 0.0010944 0.00408783 0.00129818 3.86801e-05 3.6036e-08 0.000552111 0.000525806 0.000319291 0.00220962 2.17081e-10 
0.472305 0.00760416 0.00127011 0.100051 0.000166533 4.06502e-06 0.000617068 0.192815 0.0173614 1.20928e-08 0.000528503 0.000261309 5.84706e-05 0.031814 0.000373466 0.00126263 0.00035807 0.00107792 0.0497439 0.00159408 0.120733 1.09086e-08 
0.27865 0.0107768 0.0086649 0.00349607 0.189325 9.78961e-05 0.00710722 0.0360995 0.0194426 4.41756e-06 0.00115698 0.072092 0.0450911 0.130982 1.64454e-06 3.03817e-06 0.0303109 0.00405183 0.00152964 0.000223963 0.160883 9.54425e-06 
0.459384 0.00560377 0.0103258 0.0291198 0.0467594 0.000166635 0.0115789 0.0276835 0.0224085 0.00279926 0.000994933 0.116539 0.00512197 0.0830804 0.00082594 1.12495e-06 0.00116008 0.0186489 6.32101e-06 0.00535094 0.15244 5.6173e-07 
0.313183 0.0364929 0.02807 0.126014 0.00286973 4.14452e-06 0.00839782 0.132214 0.0253723 0.00105988 0.00404012 0.0047786 0.00507355 0.0246908 0.0110658 9.40137e-05 0.0017922 0.00230121 0.0421522 0.0159571 0.209866 0.00451028 
0.304068 0.223633 0.00932362 0.0447618 0.0518186 1.19585e-06 0.00288026 0.0137909 0.00612046 0.000244097 2.73168e-06 0.000658197 0.000357801 0.139588 0.0209416 5.61279e-06 0.00104786 0.00178019 0.167198 1.077e-05 0.00867745 0.00308945 
0.299742 0.142729 0.0239221 0.13171 0.0744243 6.2581e-05 3.08992e-09 0.148708 0.0872931 1.25437e-08 0.0146475 0.00153421 6.91811e-09 0.000623057 2.21219e-06 2.74482e-05 4.15504e-09 1.40842e-09 0.0666094 0.000459655 0.00749556 1.04463e-05 
0.70279 0.000448678 0.131434 0.00134728 0.00959549 3.50387e-06 0.000272306 0.000830066 3.3489e-06 0.000108522 4.68163e-05 0.0719491 7.05839e-08 0.0702813 3.34018e-05 2.50126e-05 4.23929e-08 0.000631128 3.00064e-07 1.70901e-05 0.0101827 5.93373e-08 
0.775668 0.00437191 0.00833453 0.0533491 0.0624317 4.36648e-05 0.000637047 0.00726643 0.0241683 0.000119307 0.00169683 0.000132432 7.10173e-07 0.0208687 0.00119539 2.31623e-08 3.96711e-06 0.0114971 0.0237117 0.00103655 0.00346668 1.05834e-08 
0.517083 0.000984453 0.0178736 0.161942 0.120141 4.8023e-06 0.000267546 0.0033298 0.00256945 0.00191242 0.0150955 0.00252492 0.000465988 0.0791982 0.0333368 1.77545e-06 0.00128632 6.24421e-05 0.0101904 0.00410903 0.0273569 0.000262875 
0.473856 0.0643662 0.00108316 0.00854283 0.0635944 0.000338755 0.0138668 0.0235834 0.137973 0.000866078 0.000679978 0.00465324 0.0020602 0.0447893 0.00614354 2.77843e-06 0.0151138 0.000659372 0.000623067 0.00158 0.105862 0.0297617 
0.36796 0.092239 0.0105135 0.0152761 0.242207 0.000237059 0.00091218 0.0130452 0.0520826 1.41212e-06 0.0340547 0.0223906 6.54291e-05 0.0248218 0.000100461 0.000454055 2.19502e-05 2.2611e-06 0.0477019 0.00018916 0.0757043 1.94535e-05 
0.304311 0.132054 0.00122241 0.0766106 0.0371348 0.000489697 0.0131274 0.0311015 0.117705 6.17097e-06 0.00708622 0.00533062 2.02417e-05 0.0369119 0.00118095 1.36348e-08 0.0704067 0.0132372 0.0167229 0.00180394 0.133286 0.000250889 
0.367537 0.110886 0.00109293 0.0570607 0.00167299 0.00114853 0.13131 0.053171 0.00367584 0.00544417 0.000323659 0.01238 0.000237311 0.192376 0.0143284 0.00368599 1.96443e-05 0.000210156 0.0046644 6.6225e-05 0.0387087 6.57747e-11 
0.629018 0.0292895 0.0145014 0.00738265 0.0496706 2.3847e-05 0.00092927 0.0338974 0.0386367 2.4255e-05 0.00372629 0.0296849 3.28749e-05 0.0150376 0.000235693 3.98827e-06 0.00633054 0.00131609 0.00330646 0.00393483 0.133017 6.4192e-08 
0.493227 0.0101771 0.023431 0.0154249 0.109533 3.28822e-07 9.76427e-05 0.0132094 0.227932 0.000139595 1.13509e-05 0.00164388 3.66503e-05 0.0134333 0.000517567 1.59609e-07 3.38406e-06 0.000342436 0.0134023 0.000440508 0.0769825 1.38434e-05 
0.394452 0.00514858 0.00176161 0.0314393 0.000262946 0.000273596 0.156386 0.00192861 0.156556 0.000364159 1.36796e-05 0.00062836 0.000210891 0.157819 0.00389517 9.44112e-08 0.00241414 0.000595883 0.000908539 0.000250315 0.084691 1.36347e-08 
0.272926 0.0932857 0.0180953 0.0256114 0.0721928 9.032e-05 0.0128138 0.0493275 0.0944281 0.00125339 0.00294981 0.00389929 0.0033068 0.143205 0.0107658 0.000110374 0.00563652 0.0190953 0.0360557 0.0105025 0.124377 7.16583e-05 
0.860208 0.0288271 0.00671474 0.0130635 0.00910776 3.04659e-06 0.000290043 0.00239043 0.0060008 0.000182632 0.00219881 8.63673e-05 0.00343296 0.0487976 0.000230101 5.30154e-07 0.00428985 0.000205276 0.00423331 2.43699e-05 0.00968903 2.40441e-05 
0.65531 0.0105154 0.0110999 0.0268715 0.00965191 4.94136e-06 0.000969045 0.0124206 0.0287961 0.00817854 0.00064325 0.00430815 0.00104374 0.161793 0.00226368 0.000437273 0.00497675 0.0332004 0.00631848 0.00144436 0.0197326 1.96219e-05 
0.533224 0.00706499 0.00224847 0.012198 0.0568392 5.7884e-05 0.0240589 0.00842842 0.0147513 0.00131745 0.000168496 0.00685855 0.00355366 0.247607 0.00451189 2.27104e-08 0.000940041 0.0529178 0.00553784 0.00241966 0.0152964 3.50591e-08 
0.4069 0.0484996 0.00503512 0.0194056 0.118158 7.46686e-05 0.00260202 0.0681326 0.0158136 0.000682388 0.000968901 0.0167937 0.000443017 0.195609 0.00139872 1.48505e-06 0.00215791 0.00607631 0.00655164 0.0114733 0.0719248 0.00129754 
0.547674 0.0359433 0.00195504 0.00664816 0.0695269 0.00012165 0.0290647 0.0251693 0.0322157 0.000803355 0.000959211 0.00114107 1.40729e-05 0.0649809 1.35598e-05 4.51862e-05 0.000312034 0.00493664 0.00658307 0.00083605 0.171013 4.31598e-05 
0.35657 0.0319788 4.37538e-09 0.00142422 0.356154 0.000181468 0.0114516 0.0145871 8.53519e-07 2.95766e-10 0.000710379 0.0690057 0.000317911 0.128162 0.000518632 3.00116e-10 0.00125416 0.00202052 6.61604e-07 1.41198e-08 0.025662 1.3713e-10 
0.421178 0.000596174 0.0214337 0.0514548 0.0803575 1.50768e-05 0.0390147 0.0154993 0.0625391 0.000176675 0.000143199 2.70776e-05 0.0057663 0.177736 0.049022 0.000341693 0.0054461 0.0112977 0.0037013 0.00887534 0.0453736 4.22999e-06 
0.472979 0.0177149 5.20439e-05 0.0401154 0.224676 3.73185e-06 0.0104263 0.0324355 0.0965209 1.38523e-08 7.73531e-09 5.15775e-09 9.73113e-06 0.105029 5.51945e-09 1.4383e-06 2.17016e-05 1.55535e-09 4.57446e-06 3.75651e-06 5.85151e-06 6.42253e-09 
0.517124 0.00466161 0.00192282 0.0333293 0.415267 6.48048e-06 0.000379595 0.0050399 0.00310094 0.000231253 0.000894254 9.878e-06 0.000149971 0.00565917 0.000403398 8.29128e-06 0.000408584 0.00598559 0.000169982 7.33086e-06 0.00522564 1.48283e-05 
0.651708 0.0205936 0.0152772 0.00859054 0.0101542 3.52121e-05 0.000935107 0.0295442 0.0159317 3.07449e-07 0.0563216 0.00038214 0.00487083 0.0924363 1.9798e-07 2.97166e-08 0.00581144 0.00400176 0.0377156 5.85889e-07 0.0456892 2.54101e-08 
0.479829 0.0414832 2.89887e-06 0.0123315 0.00153837 4.73134e-07 9.28892e-07 0.0508208 0.114525 6.16423e-07 2.06823e-06 0.0242842 5.39854e-07 0.0703629 5.55667e-06 1.41549e-06 2.12502e-06 0.00134604 0.000417037 1.86495e-05 0.203026 4.30784e-08 
0.857537 0.000302689 0.0170502 0.0118431 0.0219786 0.00015823 2.13235e-06 0.000259171 0.00538156 2.56217e-07 5.6227e-05 0.000118505 0.000456453 0.0646887 8.03348e-05 3.22835e-10 0.00149094 0.0177436 0.000166138 0.000168861 0.000517517 3.39638e-08 
0.70047 8.04907e-06 2.45129e-06 0.0142845 0.0731302 9.91705e-10 1.33709e-09 2.95148e-06 4.46101e-05 2.81794e-06 9.85857e-06 3.70239e-06 0.000160091 0.090156 0.118598 5.50782e-09 1.79799e-09 6.0946e-10 8.28848e-10 0.00311034 1.67586e-05 2.51665e-09 
0.431098 0.00331647 0.0916369 0.120417 0.0140331 0.000451043 0.000376606 0.052707 0.0377786 0.000371116 0.000540372 0.0256898 0.000331262 0.0621135 0.0106072 0.000710219 0.000799687 0.00818494 0.00685017 0.00397264 0.128014 8.64004e-07 
0.754112 0.00617546 0.11405 0.0104328 0.0229265 2.86912e-08 0.000630586 0.0126153 3.36061e-05 0.000251057 2.45355e-05 0.010688 1.96334e-05 0.0609817 0.000439448 1.85375e-05 0.000981272 0.000752821 1.64587e-05 0.00472926 6.47863e-05 5.59248e-05 
0.57835 0.00645335 0.00136876 0.115421 0.0103521 1.95972e-06 1.27169e-05 0.024611 0.0933459 0.000163896 0.00726495 0.00109802 2.03228e-05 0.00455381 0.00105955 5.47118e-08 3.04017e-05 0.000731535 0.000884155 0.0028549 0.151302 0.000119747 
0.556472 4.12562e-05 1.63502e-06 0.00375058 8.36823e-07 2.51159e-07 1.34206e-06 0.437989 5.02182e-05 2.09831e-07 1.78295e-06 9.26913e-07 1.53429e-05 9.1905e-06 4.88969e-05 2.191e-05 1.68449e-07 5.18572e-07 0.000368369 0.000487428 0.000738431 4.84891e-08 
0.466428 0.000430036 0.00957877 0.0391142 0.00109647 8.58664e-09 2.40497e-05 0.0167067 0.0637725 0.0003156 0.00159123 0.00650318 0.00128261 0.380827 0.00229287 1.3016e-07 0.0015536 0.000519732 0.00556059 1.06108e-06 0.00240227 7.46789e-11 
0.436255 0.0115002 0.0541235 0.00497291 0.0153959 0.000444559 0.213701 0.0100618 0.0630957 4.2542e-05 0.000311198 0.000197065 6.3173e-06 0.00680315 0.00141976 4.63484e-05 0.00752463 0.00135306 3.76673e-05 0.00359074 0.169008 0.000108785 
0.29343 0.000577728 0.0185478 0.010259 0.254622 3.68998e-07 1.51593e-05 0.0244352 0.00381345 2.94219e-06 0.00427426 0.000328041 6.17523e-06 0.0539428 1.18854e-09 4.98741e-07 0.156087 0.000243758 0.00282208 0.00446248 0.172128 1.30385e-06 
0.403105 0.00186716 0.00883562 0.289971 0.21567 0.000120329 1.31757e-06 1.85845e-06 3.47653e-06 3.97677e-07 0.000286997 0.00112898 7.11848e-06 0.0565102 0.00686153 2.16465e-07 3.10491e-05 2.96867e-10 2.71083e-06 2.51334e-05 0.0155685 9.34832e-07 
0.216175 0.167943 0.0138944 0.0200238 0.011451 0.00273477 0.0517195 0.0730126 0.0776114 0.000320092 0.000134902 0.172333 0.000403262 0.0358165 0.00166643 3.33708e-05 0.00825976 0.00356398 0.0222317 0.000469252 0.119888 0.000313826 
0.254506 0.241395 0.0277165 0.0125564 0.0225581 5.41389e-05 0.00381325 0.0135333 0.204588 3.59185e-05 0.000915661 0.0124189 0.00027523 0.0584172 0.0023698 6.86535e-07 0.0129026 0.00371063 0.0124553 0.000258802 0.115518 4.37767e-09 
0.605501 0.068718 0.000901285 0.0391649 0.0487642 0.000204163 0.00641737 0.0178612 0.0100927 0.00653436 4.20891e-05 0.000138956 5.00411e-05 0.0737733 0.00378608 1.2816e-05 0.00401157 0.000195215 0.0719411 0.000730292 0.0411159 4.35107e-05 
0.495765 0.135104 0.0442605 0.00382396 0.155682 0.000144448 0.00194565 0.028828 0.0281692 9.62692e-06 6.83862e-05 0.000930814 5.47064e-05 0.0694004 0.00020054 1.06805e-05 3.22897e-05 4.67928e-05 5.23281e-05 1.96587e-05 0.0320989 0.00335195 
0.936574 1.14274e-06 0.00553617 0.00361435 0.0165156 2.81908e-06 3.26173e-07 0.00125585 0.00142279 4.41092e-05 8.28967e-05 0.000174848 0.00108501 0.0321459 4.61839e-05 3.49366e-05 9.64472e-06 2.85217e-05 0.000101564 5.0488e-07 0.00131518 8.12366e-06 
0.992147 6.064e-08 1.47553e-07 0.00166953 0.000290861 1.34745e-08 8.47478e-08 4.83198e-07 4.0346e-05 8.58313e-05 2.01519e-11 1.28956e-07 0.000785743 0.00462358 3.83027e-06 4.83444e-08 4.9593e-05 5.69549e-07 2.68561e-08 0.000301977 1.00472e-07 1.67318e-11 
0.427369 0.00164347 0.0112054 0.00726632 0.0933057 6.53564e-05 0.000118076 0.0105921 0.00295608 0.0100817 4.65855e-05 2.98006e-07 0.000790029 0.323362 0.0546561 2.69562e-07 0.0010913 0.00283076 0.000248714 0.0499352 0.0024354 7.47545e-09 
0.617517 0.179744 0.000545535 0.00483995 0.00226773 1.26734e-06 0.00539651 0.000779791 0.028053 3.98332e-06 2.15464e-06 0.00133898 0.000674346 0.0295567 0.00669484 7.43587e-08 2.42739e-08 1.42064e-05 0.102398 2.35071e-08 0.0201459 2.56575e-05 
0.384086 0.378129 4.06642e-05 0.00122816 0.121081 4.57517e-06 6.69811e-05 0.000852798 0.0268436 3.57109e-06 0.000141654 0.000349933 0.00476393 0.0366024 0.000635807 2.08822e-05 3.4857e-06 0.000771876 0.0338406 1.67632e-05 0.0104547 6.23259e-05 
0.418736 0.033939 0.00173166 0.0542115 0.0172373 1.16387e-05 0.000221737 0.0372777 0.125736 0.00175764 0.00424385 0.000407363 0.000121699 0.0422317 0.00400495 2.54826e-06 7.26781e-06 0.00075379 0.00081199 0.179905 0.0764636 0.000185199 
0.538156 0.00356567 0.000551851 1.02589e-05 0.111036 0.000113639 0.000250112 0.0877965 0.00464171 6.86844e-05 2.52557e-05 0.0315367 0.00202253 0.115497 0.0174146 1.96252e-07 0.0132503 0.00238577 0.00645431 0.000521363 0.062894 0.00180752 
0.810592 6.5477e-07 0.00942038 0.0379149 0.0242305 8.04043e-06 4.12145e-05 0.0255785 0.000549638 0.000321287 0.000642989 5.69246e-07 0.00218985 0.0519314 2.37753e-08 3.33121e-07 1.59304e-05 0.00353934 4.23563e-07 0.0213104 0.0117118 1.44844e-08 
0.404959 0.0104492 0.0521647 0.0366254 0.108112 0.00288184 0.000389489 0.036522 0.015511 0.00374117 0.00176896 9.59366e-05 0.0025022 0.169027 0.0124581 0.000279523 0.0113516 0.0172575 0.0049707 0.0600302 0.0488932 9.97863e-06 
0.319675 0.0186913 0.00288824 0.0259851 0.0382397 0.000342601 0.162751 0.0537322 0.0949956 0.00117141 0.000501857 0.0278529 0.00158944 0.125575 0.00366208 5.5735e-06 0.000832046 0.0261011 0.0141795 0.00213876 0.0790804 9.28573e-06 
0.577056 0.0517742 0.00113645 0.020207 0.0663036 4.25754e-08 1.09567e-07 0.00453126 0.0218303 5.07757e-07 3.64523e-05 8.67663e-08 5.41239e-07 0.0677447 0.000166051 4.77554e-08 3.10993e-07 0.000142195 0.00381135 1.83234e-10 0.185259 4.14164e-08 
0.744116 1.81109e-05 0.000193044 5.23651e-07 0.000679724 2.20382e-07 0.000292452 6.0101e-07 0.000539349 3.75196e-08 5.48904e-05 0.000139088 5.82182e-06 0.218749 2.60372e-08 0.000288494 0.00180165 0.0219802 0.00258397 4.58781e-06 0.00855251 1.73957e-08 
0.712886 0.0333309 0.0262722 0.0132208 0.128329 9.08262e-05 0.00720428 0.00280272 0.00598928 2.73972e-06 0.00469182 0.00029412 0.000663248 0.0561329 0.000600481 0.000254874 0.000188966 0.000229549 0.000752505 9.79394e-06 0.00605236 1.79914e-08 
0.797738 2.78646e-05 3.98821e-06 0.00188089 0.000755968 2.07276e-09 6.71502e-06 1.68313e-05 0.0077307 3.44746e-06 1.51307e-05 4.22418e-09 6.25701e-09 0.0212038 3.78909e-07 1.15119e-08 3.75798e-09 1.27383e-09 8.17996e-06 1.54349e-05 0.170593 5.26004e-09 
0.405285 0.0193002 0.00161273 0.0239922 6.73147e-08 6.35541e-09 8.89283e-08 0.008673 0.0646445 0.000328629 0.000208132 0.000112422 3.11166e-08 0.130974 0.000119832 1.46993e-06 0.000831013 0.000700006 0.00797374 6.09396e-08 0.335243 6.16204e-09 
0.74248 0.00240926 0.00778688 0.00788606 0.00201436 4.94207e-05 0.00232712 0.0186027 0.00679868 0.000198972 0.00429739 0.000161419 0.000739156 0.137852 5.08392e-05 1.1385e-08 0.0171817 0.000481298 0.00532777 2.01137e-05 0.043335 4.27129e-07 
0.458547 0.00470934 0.0087958 0.0601909 0.0079424 0.00014616 0.0179245 0.00262107 0.13512 0.000301108 0.000331641 0.00310981 0.000267313 0.130526 0.000792432 2.25944e-05 0.0232782 0.0378068 0.0165918 0.00280258 0.0881732 3.99895e-07 
0.442426 0.000909918 0.00300689 0.017754 0.175236 0.000112876 0.00300361 0.0096448 0.00196284 0.0192741 0.000158375 0.000165396 0.00652631 0.118756 0.062294 7.13285e-06 0.00326986 0.109776 0.00500233 0.0123144 0.00839899 2.26941e-08 
0.435536 0.00277259 0.00431553 0.00230611 0.166775 5.31504e-05 0.0191425 0.0105749 0.00683875 6.71055e-05 2.51093e-06 0.000934515 0.00184157 0.185453 0.00405714 3.72211e-05 0.0311615 0.00785484 0.000264196 9.08739e-05 0.11991 1.07472e-05 
0.420144 0.0327807 0.000919122 0.0437866 0.0361228 7.15212e-05 0.0143969 0.00728404 0.244325 0.00284085 0.000390576 0.000161191 0.00451943 0.0346992 0.00711754 6.17291e-06 0.0400284 0.00284479 0.0448909 0.00478375 0.0578044 8.12479e-05 
0.376615 0.0465893 0.00303963 0.0575446 0.0392962 0.00441233 0.0116028 0.0625272 0.0407005 0.000141313 0.00285503 0.0138191 0.000978965 0.0905986 0.0102263 0.00120528 0.00252012 0.021096 0.0188396 0.00131781 0.192792 0.00128212 
0.349694 0.00433991 0.0216164 0.021802 0.0367089 6.29562e-06 0.0010681 0.0273914 0.0608502 0.00489858 0.000874958 0.000772771 4.67291e-06 0.0841124 0.00884931 2.92579e-05 0.000192275 0.00844234 0.00931476 0.0529872 0.306044 2.08145e-07 
0.565846 1.38084e-09 0.0939486 0.0171571 1.02147e-06 1.85939e-09 5.5492e-05 0.000123866 7.76473e-06 0.000871625 5.68305e-09 5.65127e-07 1.81044e-06 0.314561 1.01238e-06 0.000553034 2.15839e-05 1.1427e-09 0.00346514 0.00272753 0.000656341 4.05088e-07 
0.341953 0.0136316 0.000906051 0.0700119 0.00222363 3.6518e-06 0.00165479 0.0223503 0.296974 0.000235508 0.000254245 0.00334022 1.80636e-07 0.12724 6.62584e-07 1.46816e-07 0.00199268 0.000467858 0.00424115 5.18135e-05 0.112466 4.21231e-08 
0.504616 0.0460745 0.0244007 0.0112151 0.0280409 0.000461868 0.00719777 0.0189299 0.0350796 0.00139987 0.00119584 0.0281944 0.00176377 0.149128 0.00767151 4.1754e-06 0.00911234 0.051359 0.0224321 0.00546955 0.0461701 8.23966e-05 
0.422664 0.00837444 0.00542809 0.0291095 0.244633 6.15112e-06 0.00167074 0.0828202 0.00153888 0.00145148 0.00548355 0.0311872 0.012894 0.0982505 7.2809e-08 2.25135e-05 0.00045265 0.00738544 0.000245502 0.00663049 0.0163819 0.0233693 
0.529976 0.0150657 0.0132917 0.0831082 0.0104911 1.81134e-06 0.0825508 0.0197233 0.0705419 0.000755517 0.000209602 0.0146757 0.000348598 0.0875842 0.00484284 0.000330508 8.4093e-05 0.00523347 0.0425292 0.00166242 0.016993 2.08834e-07 
0.238164 0.020073 0.00425313 0.0564697 0.220365 0.00239663 1.88497e-05 0.107106 0.0368768 0.000553539 0.0204295 0.0072816 0.0132311 0.0558637 0.000212428 3.501e-05 0.0030018 0.029222 0.0042796 0.0614905 0.118677 6.63309e-11 
0.976383 9.50726e-05 0.00170057 0.00206069 0.000794639 1.18243e-07 0.000150722 2.23611e-07 0.00213755 3.64817e-06 0.00115836 3.68812e-05 0.000342315 0.00920462 0.00145213 5.53243e-07 0.000232013 0.00013571 0.00375956 0.000194207 0.000157639 8.92458e-11 
0.401031 0.0402828 0.00319518 0.0420129 0.00490934 4.40141e-05 0.0026243 0.0833063 0.118284 0.00709837 0.00436989 0.00576832 0.00015735 0.0968245 0.00188257 0.00019455 0.000144906 0.0612776 0.0507666 0.0279678 0.0478566 8.14964e-07 
0.271241 0.0246263 0.00771883 0.0881251 0.0387436 0.00338433 0.0581434 0.105972 0.0427818 0.000341727 0.000571108 0.105635 0.00195994 0.0578631 0.000235168 0.00017036 0.0114164 0.000470032 0.00840361 0.00583156 0.165664 0.000701737 
0.619402 0.00373306 0.0278236 0.0193212 0.0045556 6.54134e-05 0.0360007 0.0304748 0.0206379 0.000429742 0.000208977 4.50896e-05 0.000323596 0.136748 0.000243198 1.62509e-05 0.0297732 0.000955453 0.021443 0.000180479 0.0476181 1.17407e-06 
0.277107 0.00290996 0.0095931 0.0465709 0.0144627 8.687e-05 0.000684829 0.120576 0.0371065 0.00848333 0.00025832 0.133615 0.000489857 0.0576859 2.16059e-07 0.000700832 0.233692 0.0162288 0.00674773 0.000355752 0.0326443 3.15702e-08 
0.283761 0.00982127 0.0104576 0.00195545 0.110884 1.7473e-05 0.0944019 0.015467 0.132504 0.000323702 0.000658503 0.00507107 0.000105346 0.197996 0.000871911 1.66723e-05 0.00271645 0.0777754 0.0194071 0.00040166 0.0353862 5.23422e-11 
0.302412 0.00174202 0.000395595 0.0821201 4.36187e-06 0.0268561 0.0321366 0.0967003 0.291026 1.40567e-05 0.000813961 0.00626276 5.09684e-06 0.000345011 0.00037085 2.16932e-05 0.00738097 0.000100526 0.017009 0.0474725 0.086762 4.84771e-05 
0.264445 0.0253318 0.0020071 0.201987 0.00303043 0.000145863 0.0458716 0.0180818 0.195375 0.000152591 0.00193606 0.000311298 0.000184933 0.043302 0.00854917 0.0111386 0.00156328 0.0300025 0.021247 0.0078824 0.114457 0.00299763 
0.402011 0.00728838 0.00190645 0.0584446 0.00577246 1.10048e-05 0.000636923 0.0936978 0.000463289 6.77612e-05 0.018588 0.00434321 0.222117 0.037588 0.000975875 0.0170141 6.85781e-05 4.26842e-06 0.0906669 0.00559063 0.032735 9.02425e-06 
0.431504 0.0124924 0.0130508 0.00429387 0.14183 0.000129506 0.000679361 0.046954 0.0134547 1.03833e-06 7.97289e-06 2.78185e-07 0.00187582 0.306637 2.5425e-11 1.06029e-07 0.00348166 6.10282e-06 0.000343272 0.000164788 0.0230936 2.9585e-11 
0.790604 0.0682451 0.000852626 0.00639596 0.0222722 5.13949e-05 0.00328321 0.0257474 0.0231102 5.42256e-05 0.00274802 0.00126488 5.80043e-05 0.0175232 2.49785e-05 4.15293e-06 0.000239294 2.80264e-05 0.00393029 0.000377751 0.0304403 0.0027452 
0.188341 0.062482 0.00387151 0.0448164 0.00627308 0.00782641 0.168575 0.168369 0.010912 0.00215377 0.000749487 0.1015 0.000208912 0.0822206 0.00527835 0.0162532 4.59406e-05 0.000785814 0.0169417 0.000164756 0.112231 2.90357e-09 
0.233363 0.0424659 0.0110257 0.150927 0.011794 0.000148605 0.00744551 0.035414 0.191935 0.000177475 0.00152564 0.00315633 0.00266419 0.205024 0.00456121 0.00178398 0.00361246 0.00493337 0.010689 0.0170213 0.0603288 4.17842e-06 
0.369035 0.0266033 0.0286651 0.06694 0.0212436 0.000197219 0.0645818 0.028715 0.0494321 0.00262259 0.00306428 0.00228434 0.00219616 0.107008 0.0630294 1.64305e-05 0.0041801 0.014039 0.00933004 0.0111378 0.125062 0.000617088 
0.442695 4.15155e-05 8.21418e-06 0.016606 0.000252555 1.97845e-05 0.00547241 0.0208945 0.0678147 6.23351e-06 2.40748e-05 0.00439286 0.000648091 0.0634593 0.00698752 5.86256e-06 9.27344e-06 0.00371744 0.0217962 0.000134102 0.345015 1.1662e-09 
0.279253 0.0312281 0.00197268 0.137753 0.00745608 0.000138346 0.10036 0.0924374 0.0657635 0.00116796 0.000257403 0.00221162 0.00101888 0.0363239 0.000273335 1.41264e-05 0.0206779 0.0189161 0.0106223 0.00115865 0.190994 1.07651e-06 
0.899393 5.04336e-11 0.0162185 0.00465806 4.57706e-05 1.38241e-09 1.47192e-07 3.87784e-08 0.00516905 0.00226632 0.000463083 1.20449e-08 0.000639072 0.0621491 5.56296e-07 0.000340209 0.000264222 4.46811e-05 0.00773472 8.55126e-08 0.00061374 1.7234e-10 
0.45511 0.0294512 0.00194797 0.00854198 0.120544 8.23434e-06 8.2381e-05 0.0435473 0.0648851 7.87013e-05 0.000861535 0.000234255 1.01145e-06 0.0848552 1.0524e-05 8.06233e-06 0.00525068 0.00319482 0.000682692 0.000459908 0.180243 1.48152e-06 
0.547023 0.00327892 0.00642404 0.00631785 0.11046 7.10879e-08 0.00188709 0.0116728 2.69093e-05 0.000779958 2.17273e-07 0.0454213 0.00652609 0.238006 1.55033e-07 0.00051722 0.0186408 0.0013687 4.46601e-05 0.00160401 1.89328e-08 1.80399e-07 
0.307325 0.012016 0.0423867 0.0741018 0.0974388 8.5817e-06 0.0152975 0.302761 0.0133208 0.000200624 0.000498239 0.00024103 0.000675199 0.063356 0.028589 0.000204103 0.00420911 0.000458828 0.000835044 0.0122919 0.0237854 9.43155e-08 
0.596663 0.0584251 0.00383335 0.0589447 0.0183002 4.05723e-05 0.00418212 0.00517611 0.0587918 0.000148505 0.000384618 0.00772925 6.67833e-05 0.0469695 0.00441216 4.5977e-05 0.00167047 0.00473693 0.0099102 0.00159236 0.117956 1.97353e-05 
0.296644 0.0207524 0.0204311 0.0703431 0.0487096 0.000257622 0.0139142 0.049493 0.266091 6.16373e-05 0.000269655 0.000613128 0.000554305 0.101453 0.000290089 2.35896e-07 0.000888793 3.14979e-07 0.000534813 0.0371106 0.0715874 6.97535e-11 
0.346731 0.0439374 0.0517682 0.0562158 0.00478019 1.70531e-06 0.00199088 0.0504076 0.24706 0.00108075 0.0018497 0.022283 7.13971e-05 0.0475452 0.000728672 0.000226395 0.00029573 0.0072073 0.018813 0.000812322 0.0961876 6.94739e-06 
0.571851 0.0165183 0.0271187 0.023664 0.0901062 1.65362e-09 1.23484e-05 0.00654673 0.0597939 1.1062e-06 6.42031e-05 0.0105933 0.000428874 0.131844 0.00034691 4.83588e-07 0.00607605 1.37149e-06 0.00564399 7.86087e-06 0.0493715 9.21594e-06 
0.277107 0.00290996 0.0095931 0.0465709 0.0144627 8.687e-05 0.000684829 0.120576 0.0371065 0.00848333 0.00025832 0.133615 0.000489857 0.0576859 2.16059e-07 0.000700832 0.233692 0.0162288 0.00674773 0.000355752 0.0326443 3.15702e-08 
0.349759 0.0564175 0.00270631 0.026638 0.000543669 0.0038037 0.197101 0.0125289 0.149274 0.000670241 0.000943599 0.00716158 0.000154543 0.0910147 0.00973541 0.000622132 0.013009 0.0235243 0.0185604 0.000170617 0.0356599 1.79307e-06 
0.24525 0.0345858 0.186267 0.0217109 0.0801926 2.52792e-05 0.000655323 0.050024 0.0283633 0.000331422 0.0059208 0.0535273 0.00415809 0.0796728 0.0150196 1.46222e-06 0.00127239 0.00555254 0.0507066 0.00612004 0.130605 3.75892e-05 
0.204555 0.144535 0.00376294 0.117649 0.0187165 0.00156393 0.0437131 0.126566 0.0458577 0.000732832 0.0001889 0.00688075 0.00043913 0.0703478 0.00170578 0.00497872 0.0338705 0.00338425 0.0151766 0.00135386 0.14712 0.00690132 
0.334441 1.74232e-09 0.0161253 0.0812905 7.59029e-06 2.34614e-09 8.90615e-06 2.07707e-07 0.0239665 3.95753e-06 7.17074e-09 4.78131e-09 9.77635e-06 0.333082 0.126665 1.30302e-08 2.36942e-06 0.000653885 0.071282 1.54204e-06 0.0124586 5.95378e-09 
0.638772 1.31019e-07 0.0554714 0.0841661 0.022107 5.87889e-11 7.76861e-07 0.0525913 5.59933e-07 2.0275e-06 0.0320402 8.87794e-06 1.77465e-10 0.0563952 1.28211e-10 3.26507e-10 1.90799e-06 3.61292e-11 4.44674e-06 6.76094e-06 0.0584316 1.64256e-07 
0.208688 0.0233148 0.0207226 0.0662961 0.0872133 0.00201132 0.00199056 0.0536125 0.10905 0.00352448 0.00723918 0.00221574 0.000656442 0.0779185 0.0367804 2.04894e-07 2.05159e-07 0.135912 0.00490515 0.0107507 0.147198 2.05107e-07 
0.378024 0.0822563 0.00198341 0.0534529 0.00877255 2.85265e-05 0.00195249 0.0728778 0.0785315 0.000196552 9.46134e-05 0.00184153 0.00120025 0.060146 0.000164582 0.000122879 0.000164972 0.000351317 0.173447 0.00019619 0.0841932 1.25418e-06 
0.361596 0.0310343 0.0014242 0.0605367 0.0369048 5.11235e-05 0.0226762 0.0750102 0.0107408 0.000886145 0.0543511 0.000525483 0.00571584 0.139515 0.0174608 0.000323832 0.00563332 0.0054637 0.046793 0.0360079 0.0873391 9.9067e-06 
0.232256 0.0021324 0.179792 0.143035 0.00266345 1.54524e-05 0.000212722 0.0864743 0.0578233 0.00047965 0.00110327 0.000641841 4.21667e-05 0.0420902 0.00182177 2.1925e-05 0.0129356 0.00588872 0.00283331 0.00123171 0.226505 3.63647e-07 
0.609629 0.00288733 0.0138627 0.0428608 0.02418 7.35324e-05 0.0095017 0.00288114 0.109634 0.0150512 0.000180433 0.0164996 0.0029048 0.0835878 0.000981581 0.000143483 0.000533963 0.00115858 0.0240006 0.0016884 0.0377557 3.70117e-06 
0.382128 0.00224632 0.00214542 0.00434127 0.290511 5.62133e-06 9.7297e-06 0.00437692 0.00828101 0.000711995 3.87613e-07 1.66574e-05 5.66115e-09 0.228464 0.00101021 4.06708e-05 0.00307191 0.000583008 0.0010488 0.000821852 0.0701208 6.42169e-05 
