0.833133 0.000136028 2.69902e-05 4.75619e-05 6.24157e-06 3.90377e-06 2.59057e-05 0.000120176 7.6885e-05 0.00638853 7.90187e-05 8.55575e-05 0.000148146 0.0735641 0.00237976 1.94922e-05 9.69642e-08 0.0624178 0.0196336 8.92118e-06 0.00167579 2.26708e-05 
0.57835 0.00645335 0.00136876 0.115421 0.0103521 1.95972e-06 1.27169e-05 0.024611 0.0933459 0.000163896 0.00726495 0.00109802 2.03228e-05 0.00455381 0.00105955 5.47118e-08 3.04017e-05 0.000731535 0.000884155 0.0028549 0.151302 0.000119747 
0.855877 1.38628e-06 0.00070357 0.00033687 0.00528933 1.86672e-06 9.55632e-05 0.000101332 0.000655222 1.02173e-05 5.70544e-06 3.80428e-06 5.63503e-06 0.00152697 0.00089342 0.000231045 0.00211525 1.14721e-06 0.131252 0.000322719 0.000564702 4.73716e-06 
0.84904 5.89207e-05 0.00916813 0.0342154 0.00243196 5.02836e-06 0.00506744 0.00309314 0.0409391 0.000378668 0.00132301 0.000199491 0.00184066 0.026286 0.000234079 2.79484e-05 6.49679e-05 0.000547949 0.00437464 0.00174723 0.0189536 2.90606e-06 
0.358097 0.0216066 0.00629877 0.0258377 0.344585 9.37709e-07 0.0038946 0.00757727 0.00323159 0.028248 0.00371439 3.30873e-05 0.0015983 0.0928261 0.0301215 1.65176e-05 0.000115594 0.00185118 0.00176336 0.0494731 0.0189101 0.000199876 
0.846326 2.55873e-05 0.0158573 0.00137155 0.0588568 2.02102e-06 0.0115338 0.00067946 0.00172703 7.96445e-05 8.49149e-07 0.0133095 5.00133e-05 0.0284893 0.000813876 1.54301e-06 7.78113e-05 1.19486e-05 0.017455 4.87795e-07 0.00333007 7.05038e-07 
0.285096 0.0148524 0.0105933 0.0315886 0.00536656 2.67213e-06 0.000467608 0.0234623 0.0800016 0.0143273 0.000445017 5.69153e-05 0.000258171 0.239513 0.0315328 0.000108942 0.0102502 0.00526733 0.00327765 0.000522059 0.242999 1.05948e-05 
0.859059 0.00149219 0.000698444 0.00615178 0.00155937 1.89961e-06 1.20878e-06 0.00117535 0.0198705 0.000116862 3.38491e-05 2.06188e-05 9.16755e-05 0.0795886 8.32533e-06 0.00387488 0.000153963 0.000160019 0.00102985 1.06489e-06 0.0249109 8.20199e-08 
0.289993 0.0133366 0.0078378 0.0899945 0.0138682 1.39789e-05 0.00133613 0.143078 0.155544 0.00036635 0.000487257 0.0356455 4.77555e-05 0.022472 0.00109204 0.00236758 0.000180001 0.00716522 0.00833695 0.00589638 0.200844 9.71188e-05 
0.381593 0.0125418 0.000285206 0.00480588 0.0722271 0.016504 0.00693581 0.265626 0.00401284 0.0137287 0.000845169 0.0117197 0.113071 0.0567853 1.49418e-05 0.00108791 0.000281967 0.0011055 0.0031558 0.0221069 0.0115383 2.72392e-05 
0.311319 0.00897942 6.20413e-05 0.00284595 0.00123127 0.00488372 0.00493891 0.00762443 0.0262471 0.00134186 9.29583e-08 0.00029743 0.000438044 0.288459 0.00630473 2.30034e-06 0.305379 0.00745655 0.00139587 0.001239 0.0195546 1.03478e-07 
0.607708 0.0143601 0.00101681 0.0226614 0.0558537 1.58603e-05 0.0011698 0.0208146 0.00116268 0.00243764 7.08227e-06 1.82448e-05 0.000121315 0.123997 0.000792956 0.00017866 0.0543979 0.0314905 0.000879922 0.00629211 0.0546205 2.50647e-06 
0.265362 0.100334 0.00114128 0.0572753 0.0280209 0.000330703 0.00631795 0.0488147 0.0915366 0.000599659 0.0738713 0.00146904 0.000428942 0.0705274 0.00527328 0.00354627 0.000828951 0.00770362 0.0874912 0.0416262 0.107304 0.000196408 
0.267619 0.0531092 0.0118978 0.00622809 0.134035 0.000230939 0.00752252 0.0490037 0.00364041 0.00142995 6.08625e-06 0.00625504 4.20482e-05 0.238742 1.94121e-07 1.61779e-07 0.183192 0.00610523 0.000120782 0.0116807 0.0190264 0.000112456 
0.479083 0.0998904 5.60291e-07 0.00342415 0.0190958 3.45204e-05 0.00373917 0.0107243 0.160136 3.37386e-06 0.000243219 0.00876266 0.000137881 0.00424219 2.72225e-11 8.97907e-07 0.000366614 1.42425e-07 0.000163558 3.8199e-07 0.209951 2.08062e-07 
0.236116 0.020089 0.0418663 0.0950729 0.00391118 0.00722081 0.00716846 0.0363608 0.0271105 0.00155211 0.00209608 0.0242712 0.000504987 0.19173 0.0342118 0.000161925 0.000292288 0.0402509 0.0369478 0.0162315 0.17367 0.00316294 
0.321812 0.0394325 0.00668551 0.00822256 0.28437 0.000554086 0.0129432 0.101262 0.0232681 0.000683327 0.0146843 0.0067282 0.000971361 0.0943425 0.000523185 5.99499e-05 0.00107424 0.00373782 0.00332842 0.0158167 0.0594915 8.95686e-06 
0.374751 0.00246821 0.0151852 0.0711055 0.000290695 5.52801e-06 0.00135453 0.0128819 0.0340015 5.60177e-05 0.0276003 0.00777372 1.72428e-10 0.222679 0.0104139 2.86386e-07 0.000455636 0.0903916 0.12266 0.000469553 0.00545113 5.81989e-06 
0.327349 0.0451565 0.00176293 0.0140267 0.0531433 8.32901e-05 0.000736077 0.0508777 0.104757 0.000262297 0.000160371 0.0375646 0.000144217 0.0652792 4.92609e-06 1.65123e-08 0.00252766 0.0615606 0.00880564 0.000971573 0.224811 1.58767e-05 
0.251129 0.00665352 0.0992603 0.112512 0.148453 6.81296e-07 8.76186e-05 0.0175415 0.00977829 0.00502815 0.00359535 0.0185948 0.00081976 0.182752 0.0105204 4.27522e-07 0.0052008 0.00331715 0.00169175 0.0234884 0.0995745 4.30609e-07 
0.45104 0.0017901 0.0150476 0.00835256 0.0794783 3.29945e-05 0.000292203 0.0245229 0.00659747 0.000107857 0.0155861 0.000345377 0.000883792 0.334915 0.000508134 8.11313e-08 0.00330074 0.00560584 0.0088985 0.00445252 0.0382404 2.33357e-06 
0.316401 0.137674 0.00570694 0.00305001 0.0571974 5.4544e-05 0.00596987 0.00507423 0.111778 0.0107833 0.000297667 0.00775869 0.000627131 0.106059 0.00279647 6.53287e-07 0.0137291 0.0812324 0.0174578 0.0461933 0.070149 9.81006e-06 
0.310682 0.153814 0.00968545 0.0737288 0.0770214 0.000326433 0.00644419 0.0345097 0.0431612 0.00224752 0.00219919 0.0026028 0.0314262 0.055447 0.00126644 0.000281556 6.10605e-05 0.0155813 0.0323728 0.0113575 0.135706 7.74034e-05 
0.232996 0.0119235 0.0018808 6.95177e-05 0.222236 0.00023386 0.0600614 0.00777359 0.175299 4.73965e-05 0.000480971 0.00862945 1.92649e-05 0.182881 2.61073e-06 4.97425e-06 0.00272022 0.0708264 0.000515242 4.96413e-05 0.0213488 4.10516e-10 
0.558911 0.00660877 0.0321879 0.0489142 0.00282775 2.45966e-06 0.00492618 0.0655682 0.0151541 8.91743e-06 0.00553191 0.0763049 3.02195e-05 0.100616 0.00571653 0.0314399 0.000125161 0.0163998 0.00122274 0.00744257 0.0200605 5.36013e-07 
0.241024 0.00513309 0.00183971 0.0649508 0.00321929 0.236944 0.0270531 0.0166811 0.0141777 2.40679e-07 2.43665e-05 0.157631 0.000507459 0.21936 0.00218451 0.00296945 0.000274765 2.02018e-08 0.000804641 4.44766e-11 0.0052201 6.42846e-11 
0.243282 0.00897424 0.00367697 0.0568021 0.214925 0.00054662 0.135805 0.0429717 0.00294417 0.000586323 0.00935597 0.00382211 0.00133627 0.141511 0.0133053 0.000614501 0.000968709 0.0141115 0.00897894 0.00154941 0.0883262 0.00560568 
0.400193 0.0349135 0.0106883 0.0594656 0.26368 0.000483094 0.00564092 0.112018 0.0548754 1.04376e-06 4.1122e-08 1.15484e-06 8.10669e-11 0.037789 1.20069e-06 8.50304e-07 5.21019e-07 0.00107749 0.0191081 5.8368e-05 3.84581e-06 6.815e-11 
0.507413 0.000413753 0.0523096 0.00203016 0.105512 6.09398e-05 1.69611e-05 0.0169891 4.23994e-05 1.69908e-07 0.00280553 0.00113255 5.8372e-05 0.263285 2.6908e-05 2.85298e-06 0.0199598 1.90774e-08 2.55895e-06 1.09333e-05 0.0279271 3.84979e-07 
0.384191 0.0496498 0.174905 0.013961 0.160997 0.00086549 0.025052 0.0450541 0.0034712 0.000769581 3.00619e-05 0.0123086 0.0238013 0.0737031 0.000783009 3.88e-07 0.000442005 0.000165061 9.98823e-08 0.0247812 0.0050691 8.19441e-08 
0.260848 0.00757291 0.000792426 0.0765102 0.00949894 1.83407e-05 0.00283736 0.154422 0.00930622 0.00429633 0.00248841 0.00391147 0.238801 0.0733783 0.0019481 3.45648e-05 0.000307089 0.071445 0.00701904 0.0010542 0.07351 2.40661e-07 
0.335688 0.0263929 0.00620413 0.0177135 0.00385018 0.000264968 0.0269442 0.0157446 0.183918 8.42921e-05 0.0013991 0.0232296 0.00462807 0.152084 0.0102532 0.0001702 0.00930976 0.0299366 0.0139594 0.00226491 0.135905 5.48934e-05 
0.348783 0.00384889 0.00100115 0.0729338 0.0447442 2.33063e-05 0.000723044 0.0304779 0.0126202 7.65718e-05 0.0390311 0.003224 0.00131306 0.194182 0.0507061 9.97804e-05 4.07615e-07 0.00249503 0.00365502 0.123337 0.0667084 1.5913e-05 
0.28747 0.0139877 0.00629316 0.0132074 0.0356378 0.00790669 0.0286979 0.0172246 0.195538 0.0072338 0.010121 0.0024141 0.00018187 0.0727801 0.00975029 0.0479835 8.83441e-05 0.00233524 0.0510575 0.00349816 0.186551 4.18183e-05 
0.889203 0.00668646 0.000258973 0.0290391 0.000139997 1.16979e-05 0.00446977 0.00139917 0.00938802 0.000434173 0.000603288 0.00148212 7.5645e-07 0.0112991 0.00234779 1.60136e-07 5.97666e-08 1.86415e-06 0.0357209 1.23479e-06 0.00751202 1.6649e-07 
0.519282 1.53014e-05 7.16147e-06 1.22664e-05 0.350803 6.07994e-07 1.32649e-05 0.0058492 3.8433e-05 4.40273e-06 3.18712e-05 1.9611e-09 1.21467e-06 0.111495 2.09863e-09 9.22707e-06 7.73805e-06 6.67172e-06 1.6206e-05 4.985e-07 0.0124054 4.09914e-07 
0.264086 0.00126708 0.185938 0.0858439 0.0495794 9.80414e-08 0.000768179 0.00854608 0.129739 7.57362e-05 0.000276839 0.0665364 0.000200164 0.0906561 0.025599 1.01745e-06 0.0502577 0.00044342 0.00014375 0.0103836 0.029652 7.18937e-06 
0.455165 0.0969846 1.11432e-10 0.268588 1.85103e-07 6.91885e-11 8.11671e-07 0.0326962 0.0384096 3.78695e-10 2.13583e-08 4.7955e-07 2.08858e-10 2.14558e-07 1.50891e-10 3.18978e-06 1.25441e-10 4.25203e-11 1.02359e-06 0.000869487 0.107281 8.7965e-08 
0.763215 7.47564e-09 0.00179574 0.193335 0.0146041 1.00664e-08 1.35723e-08 4.60625e-09 5.91073e-05 1.74286e-05 3.0767e-08 0.00690667 1.17899e-05 0.0199175 2.3301e-07 5.59077e-08 9.94208e-05 1.40159e-05 8.41331e-09 3.05755e-06 1.40667e-05 7.00274e-06 
0.193624 0.0732907 0.00361657 0.0890449 0.00670888 0.00467188 0.0229127 0.133844 0.0656626 0.000269323 0.0498411 0.0017619 0.00336703 0.0344494 0.0503179 0.000821282 0.000938256 0.0119065 0.0518745 0.00757591 0.193483 1.79232e-05 
0.774814 0.0100133 0.0335212 0.000324748 0.0768979 3.514e-05 0.000184746 0.00241233 0.00210477 1.07218e-05 0.000194282 0.000694911 7.64714e-05 0.0400159 0.000843381 8.06051e-06 0.000402317 0.00690585 0.047748 0.0002912 0.00247623 2.49067e-05 
0.498892 0.0223351 7.56865e-08 0.10816 3.45999e-07 7.76743e-05 1.26098e-07 0.01169 0.115235 2.27377e-05 0.00131277 7.04207e-08 6.81466e-07 0.0289073 0.000416463 2.04783e-08 6.12816e-09 2.79367e-08 0.0690605 2.40646e-06 0.143886 3.89713e-12 
0.375472 0.010286 0.258291 0.0202285 0.0301854 0.000246925 0.00428544 0.0697815 0.0650913 5.33763e-10 4.61869e-07 1.55392e-06 6.8043e-07 0.106977 2.12677e-10 9.52376e-08 0.00083821 0.000226787 0.000176781 1.53548e-06 0.0579087 1.48597e-07 
0.940055 7.3877e-06 3.84257e-05 0.00227979 0.0575374 1.56203e-07 1.04778e-09 9.13934e-06 6.56609e-06 4.25352e-09 3.63431e-05 1.55222e-05 5.39791e-06 5.19972e-07 1.69481e-09 4.31608e-09 1.40895e-09 4.77589e-10 2.98839e-06 3.00315e-06 2.31829e-06 1.97211e-09 
0.341462 0.0121186 0.0706206 0.0108698 0.154919 0.0733704 3.47588e-08 0.0282141 0.0271774 0.000906668 5.69464e-05 0.00214269 0.00070882 0.204978 0.00428463 1.12234e-06 0.00773596 0.0151626 0.0104302 0.00187738 0.0328142 0.000148388 
0.312852 0.0155865 0.0548097 0.00748061 0.099353 1.62053e-05 0.00777979 0.0246562 0.00860715 0.00170361 0.000990809 0.00164482 7.02548e-05 0.305011 6.3596e-05 0.000136775 0.011213 0.00290714 0.00924411 0.00108646 0.134771 1.63563e-05 
0.19528 0.012226 0.0102132 0.0918312 0.0440402 0.0109648 0.00267077 0.175028 0.0346105 1.59764e-05 0.129234 0.00532686 2.58529e-05 0.0167666 0.0618179 0.00253876 0.000160955 1.67286e-05 0.0788891 0.00901641 0.119323 3.13198e-06 
0.270949 0.0432889 0.0631373 0.0242955 0.0643112 0.0012278 3.22981e-07 0.0820303 0.0458123 3.22523e-07 0.00138832 0.00678133 0.00158203 0.248784 0.00261571 0.0017419 0.0147259 0.021064 0.00639646 0.00807372 0.0917933 3.2285e-07 
0.256241 0.0102081 0.00375112 0.0237585 0.0365004 0.0277217 0.166336 0.0383641 0.241886 0.00909029 0.000239031 0.0154287 0.000131604 0.10494 0.0112713 0.000139118 0.00049034 0.00626645 0.00574817 0.0178462 0.0236005 4.2111e-05 
0.560738 0.298216 0.00939818 0.0157819 0.0255801 1.152e-05 0.000115196 0.00336678 0.0135799 1.36942e-07 1.9282e-06 0.0045005 0.00377348 0.00175326 5.32062e-07 2.97288e-07 0.000217153 3.78151e-07 0.000470789 2.1547e-06 0.0624786 1.33469e-05 
0.220199 0.045533 0.00373292 0.0686569 0.170255 0.00462268 0.0177211 0.0637083 0.0528146 8.91297e-05 0.000571845 0.03678 0.000449836 0.0801338 0.0076366 0.00393165 0.00159517 0.00189299 0.0428271 0.0123294 0.16448 3.80152e-05 
0.502455 0.00299485 0.00146576 0.0798146 0.0119398 3.05172e-05 0.0469364 0.0849717 0.00453765 0.000125696 0.000236253 0.00655658 0.000100076 0.0279519 4.12086e-06 0.000106869 5.85177e-06 0.00384888 0.0123199 0.000853497 0.212744 6.91216e-08 
0.258239 0.176085 0.00579242 0.0147345 0.0733237 5.3682e-05 0.00287876 0.0463706 0.0244145 0.000441708 5.49267e-06 0.000383328 0.000115614 0.248979 1.34505e-05 0.000964664 0.00315941 0.000927342 0.00062769 0.00333473 0.139156 1.17335e-07 
0.452165 0.00721713 0.0182081 0.0591533 0.0836792 1.82412e-06 0.00456893 0.0815735 0.0301323 0.0301342 0.0296054 0.00200745 2.32019e-06 0.0956338 0.034039 1.49991e-05 0.000692932 0.000435968 0.0416201 0.0138858 0.0152288 9.7477e-09 
0.19124 0.151743 0.0027465 0.00934448 0.00370063 3.72806e-05 0.0329932 0.0264115 0.125267 0.00194788 0.000497601 0.000764615 0.000133353 0.168903 0.00259824 3.00984e-06 0.000350615 0.0910299 0.0481344 4.37834e-05 0.141791 0.000318119 
0.657539 0.0355758 0.000600743 0.0401968 0.00731468 0.000290666 0.0318431 0.0348072 0.0213852 0.00298146 6.83583e-05 0.00605262 0.000811256 0.0726145 0.00348191 0.000779941 0.000130097 0.00231026 0.00118243 0.000200391 0.079834 7.67539e-10 
0.277107 0.00290996 0.0095931 0.0465709 0.0144627 8.687e-05 0.000684829 0.120576 0.0371065 0.00848333 0.00025832 0.133615 0.000489857 0.0576859 2.16059e-07 0.000700832 0.233692 0.0162288 0.00674773 0.000355752 0.0326443 3.15702e-08 
0.274718 0.00689065 0.000561403 0.00442594 0.0775689 0.000986263 0.0799577 0.0232349 0.146165 0.000157023 1.86098e-05 0.00269255 7.66699e-05 0.106755 0.000898654 0.000677973 0.00429819 0.0240856 0.00164862 0.000340718 0.243814 2.81218e-05 
0.384107 0.0851814 0.00013916 0.000513479 0.139886 0.000326397 0.0173598 0.0166785 0.150398 0.000251768 6.92994e-05 0.000252806 1.08904e-05 0.0368544 0.000767084 0.000111756 0.000460346 0.00020825 0.0359889 5.70518e-07 0.130434 2.97777e-07 
0.544277 0.0656245 0.00669441 0.0490072 0.00103542 0.0147126 0.00279378 0.0690653 0.028514 0.000587598 0.00666585 0.00239838 0.00108738 0.13857 0.00240848 0.00043104 0.000694686 0.00710786 0.0174807 0.000735031 0.0400992 1.02117e-05 
0.314243 0.0613961 0.141191 0.0290463 0.0954597 5.44582e-07 0.000195511 0.0914936 3.50464e-06 1.1778e-06 0.000203355 0.000334622 1.51265e-06 0.0038808 6.13951e-06 3.09204e-06 0.000100653 0.000102677 0.0117245 0.000523051 0.225628 0.0244615 
0.256625 0.0320234 0.00200449 0.0986787 0.00276493 4.45815e-06 0.00821493 0.0563238 0.140479 0.000155033 0.00199817 0.000408827 2.39434e-05 0.0865901 0.00311741 1.24216e-05 0.000160306 0.050198 0.0834669 0.000170359 0.144981 0.0315995 
0.209653 0.136484 0.00632044 0.11882 0.0104805 0.00778588 0.0199453 0.0286075 0.13299 0.00160334 0.0101823 0.00182902 0.00131043 0.0773697 0.0107373 0.00306858 0.000337681 0.00165711 0.0512469 0.0990672 0.0698864 0.000615891 
0.249371 0.0055661 0.0321152 0.169893 0.230804 1.04581e-05 0.00446951 0.0215109 0.00447267 0.00459521 8.25435e-05 0.000737318 0.00513466 0.19373 0.0326709 3.53806e-06 4.70824e-05 0.00243093 0.00535063 0.0044344 0.0325603 9.93678e-06 
0.251108 0.210866 0.000112693 0.0404972 0.105898 0.000257864 0.000383719 0.0242355 0.0745584 1.1656e-05 0.00963753 0.00984221 0.000598008 0.0347834 5.18242e-06 2.26491e-05 4.95658e-08 0.0485039 0.0446783 0.000938152 0.140712 0.00234979 
0.472305 0.00760416 0.00127011 0.100051 0.000166533 4.06502e-06 0.000617068 0.192815 0.0173614 1.20928e-08 0.000528503 0.000261309 5.84706e-05 0.031814 0.000373466 0.00126263 0.00035807 0.00107792 0.0497439 0.00159408 0.120733 1.09086e-08 
0.479849 0.0328061 0.0348378 0.0156472 0.221394 0.000430895 0.012095 0.0106406 0.00165419 0.0070502 0.00392895 0.00518228 3.16334e-05 0.0653875 0.0254078 1.41464e-06 0.00210431 0.000554094 0.00478028 2.77868e-05 0.0749852 0.0012042 
0.299742 0.142729 0.0239221 0.13171 0.0744243 6.2581e-05 3.08992e-09 0.148708 0.0872931 1.25437e-08 0.0146475 0.00153421 6.91811e-09 0.000623057 2.21219e-06 2.74482e-05 4.15504e-09 1.40842e-09 0.0666094 0.000459655 0.00749556 1.04463e-05 
0.611713 0.0019314 0.0178428 0.072705 0.0578773 0.0187377 0.000244965 0.0291151 0.013808 0.00043556 0.00255506 0.00100272 0.00018919 0.1126 0.000311869 0.00428293 0.000283271 0.00146966 0.00744273 0.0127644 0.0326861 1.94989e-06 
0.378527 0.00322511 1.60299e-06 0.000751368 0.345809 3.25705e-05 0.0125953 0.0200782 3.85885e-06 1.04035e-06 6.24569e-05 4.25584e-05 1.82363e-07 0.109967 1.23403e-06 0.000229805 0.000557954 0.00677704 0.000163798 0.000883065 0.0837103 0.0365803 
0.268081 0.0612456 0.155989 0.115935 0.0810964 0.000702472 0.00786376 0.0149213 0.0466728 0.00159601 0.00144409 0.0104688 0.000447755 0.0839653 0.00929885 1.45386e-06 0.000402168 0.00368562 0.0149583 0.0485012 0.0727188 3.43616e-06 
0.25135 0.0401974 0.00297392 0.0384556 0.0130936 0.0101185 0.0148822 0.070684 0.0963751 0.003044 0.00608759 0.00988066 0.000183391 0.154698 0.000220197 5.71115e-05 0.0146222 0.0579282 0.0138496 0.00260605 0.198685 7.43629e-06 
0.711734 1.28279e-06 0.164139 0.00209009 0.00210378 2.18197e-07 3.50836e-09 0.000419321 2.24521e-06 2.96224e-05 7.95312e-09 0.0737668 7.85497e-09 0.00624431 0.039094 1.44519e-08 4.71772e-09 1.59915e-09 2.1748e-09 4.56869e-09 0.000375579 6.60338e-09 
0.251066 0.154342 0.0297029 0.115966 0.0834864 0.000152315 0.00782487 0.047006 0.00685352 0.000816715 0.0137244 0.00403224 0.000409761 0.0813114 0.00424236 0.000264843 0.0026142 0.0104064 0.0566795 0.00284571 0.114134 0.0121196 
0.333392 0.0724939 0.0266791 0.0307129 0.216588 3.92376e-06 0.00117527 0.00863695 0.0595038 5.72577e-05 0.00741593 0.00173628 2.92204e-05 0.102336 0.00177557 2.62277e-05 0.00426477 0.00069312 0.00914781 0.030097 0.0932348 1.23969e-07 
0.367537 0.110886 0.00109293 0.0570607 0.00167299 0.00114853 0.13131 0.053171 0.00367584 0.00544417 0.000323659 0.01238 0.000237311 0.192376 0.0143284 0.00368599 1.96443e-05 0.000210156 0.0046644 6.6225e-05 0.0387087 6.57747e-11 
0.272926 0.0932857 0.0180953 0.0256114 0.0721928 9.032e-05 0.0128138 0.0493275 0.0944281 0.00125339 0.00294981 0.00389929 0.0033068 0.143205 0.0107658 0.000110374 0.00563652 0.0190953 0.0360557 0.0105025 0.124377 7.16583e-05 
0.68195 0.000468949 0.00170998 0.000254087 0.000809751 0.00999268 0.00291562 0.00181538 0.0782984 0.000247086 3.34508e-06 1.94921e-05 0.0971773 0.0707267 0.01084 2.78644e-07 0.0392252 0.00149042 0.00157531 3.75391e-05 0.000441227 1.00109e-06 
0.524334 0.0180563 0.0509068 0.0356117 0.049066 7.89323e-06 0.0152328 0.0384667 0.0849592 0.000412559 3.83042e-05 0.0259848 4.30407e-05 0.0546204 0.0297929 0.0433861 0.0154635 0.00327696 0.00816017 0.000389253 0.00178836 2.38516e-06 
0.57835 0.00645335 0.00136876 0.115421 0.0103521 1.95972e-06 1.27169e-05 0.024611 0.0933459 0.000163896 0.00726495 0.00109802 2.03228e-05 0.00455381 0.00105955 5.47118e-08 3.04017e-05 0.000731535 0.000884155 0.0028549 0.151302 0.000119747 
0.686094 0.100338 0.00208401 0.00755794 0.0660673 0.000277238 0.00103274 0.0142919 0.0159234 5.61691e-05 1.83964e-05 0.0171182 8.70755e-05 0.0398225 0.0406783 1.58387e-07 3.10186e-05 1.75261e-08 0.000688605 8.08449e-06 0.0077852 3.96093e-05 
0.378596 0.00291134 0.00216259 0.00527683 5.5761e-07 9.81697e-06 0.00299026 0.00141337 0.0950085 0.000240311 0.00267675 6.99582e-06 0.000125884 0.263559 4.61673e-07 5.25453e-08 0.00702005 0.203515 0.0223348 0.000146394 0.0120045 6.11501e-11 
0.711104 0.0702513 0.0208231 0.000199544 0.00654027 0.000117112 0.070343 0.000532131 0.0781028 5.62751e-05 4.53708e-07 0.00141741 1.08629e-10 0.0138555 0.000730019 1.99859e-10 3.45302e-05 0.00616085 0.00190984 6.31818e-11 0.0178213 6.39954e-07 
0.547674 0.0359433 0.00195504 0.00664816 0.0695269 0.00012165 0.0290647 0.0251693 0.0322157 0.000803355 0.000959211 0.00114107 1.40729e-05 0.0649809 1.35598e-05 4.51862e-05 0.000312034 0.00493664 0.00658307 0.00083605 0.171013 4.31598e-05 
0.285517 0.0292945 0.0306657 0.0169047 0.0717273 0.000125661 0.000946267 0.00403584 0.0839788 0.000332653 0.0090807 0.0110079 0.0032015 0.148681 0.00165399 9.48962e-07 0.0598475 0.00164421 0.0216584 0.000658463 0.218977 5.93625e-05 
0.4069 0.0484996 0.00503512 0.0194056 0.118158 7.46686e-05 0.00260202 0.0681326 0.0158136 0.000682388 0.000968901 0.0167937 0.000443017 0.195609 0.00139872 1.48505e-06 0.00215791 0.00607631 0.00655164 0.0114733 0.0719248 0.00129754 
0.374849 0.0104169 0.00196133 0.0945075 0.00398041 3.65168e-05 0.0176514 0.0583189 0.111354 0.000607466 0.000934671 0.0137616 0.00064514 0.189495 0.000582548 2.11209e-05 0.000192346 0.0584281 0.0251027 0.00267497 0.0344788 2.81658e-08 
0.617209 0.0108806 0.103519 0.0119456 0.0497203 2.31663e-05 0.000885684 0.00717108 0.0209948 2.09625e-05 0.00351522 0.000942622 0.000290016 0.107065 0.0125405 0.0146506 0.00927029 0.000477897 0.0120281 0.000359639 0.0148249 0.00166559 
0.349961 0.00989941 5.82501e-05 0.0145378 0.115568 4.07563e-07 0.0228671 0.105713 0.0150811 0.00262097 0.0176952 0.000219249 1.79199e-05 0.105773 0.133069 1.90037e-06 0.000121382 0.000479868 0.0779145 0.000263659 0.0281364 9.1358e-07 
0.517124 0.00466161 0.00192282 0.0333293 0.415267 6.48048e-06 0.000379595 0.0050399 0.00310094 0.000231253 0.000894254 9.878e-06 0.000149971 0.00565917 0.000403398 8.29128e-06 0.000408584 0.00598559 0.000169982 7.33086e-06 0.00522564 1.48283e-05 
0.915581 0.000343079 0.000257568 0.000117373 0.00390183 1.04112e-06 1.16614e-05 0.0287582 0.00037912 8.39834e-05 8.7954e-06 0.0157528 1.87823e-08 0.030435 7.11979e-05 3.45564e-08 1.12807e-08 4.54588e-07 5.20024e-09 2.42977e-05 0.00427145 1.23644e-06 
0.734826 0.00420554 0.000352487 0.00141714 0.0213045 0.0002373 0.00196352 0.0104247 0.0148689 0.000113552 0.000170147 0.00814596 0.000247451 0.0686385 0.000727369 0.000210163 0.00021797 0.0544697 0.000610169 0.0104132 0.0662823 0.000153494 
0.285472 0.0627856 0.000544208 0.00638675 0.00177159 3.9537e-05 0.0101142 0.00506763 0.112945 0.000341608 0.00341179 0.00150325 0.000188408 0.277831 0.00539819 1.25447e-07 0.00032683 0.071003 0.0875603 1.2744e-09 0.0673091 1.38694e-10 
0.524187 0.0327096 0.000707358 0.0470491 0.0802964 1.12495e-05 0.00564408 0.103977 0.0416125 2.0463e-05 0.000951771 0.019458 0.00201461 0.0348889 0.00110469 5.67695e-05 2.56374e-06 4.28648e-06 0.0477884 0.0239915 0.0335238 1.00758e-07 
0.265827 0.147501 0.00285736 0.0175655 0.00546742 2.23189e-05 0.00736255 0.0189495 0.142659 0.000256656 0.000235501 0.00875215 0.000151701 0.0880194 0.000136599 3.58143e-05 0.0141156 0.0338549 0.00281268 0.0013162 0.242098 3.31353e-06 
0.431098 0.00331647 0.0916369 0.120417 0.0140331 0.000451043 0.000376606 0.052707 0.0377786 0.000371116 0.000540372 0.0256898 0.000331262 0.0621135 0.0106072 0.000710219 0.000799687 0.00818494 0.00685017 0.00397264 0.128014 8.64004e-07 
0.694315 0.00268986 0.000264779 0.0333875 0.0280926 2.37475e-06 0.00341491 0.00503817 0.0186453 6.8513e-05 0.00046008 0.00550366 2.62071e-05 0.0700689 0.0370705 0.00254808 0.00331076 0.0623803 0.0086837 0.000303534 0.0216306 0.00209483 
0.73525 0.0013666 0.0944521 0.0104556 0.0112147 0.000746045 0.000179161 0.010933 0.00018785 0.00461159 0.00217105 0.0146013 0.00971898 0.0933695 0.000583447 1.56181e-05 0.000506253 0.00170115 0.000529098 0.00335673 0.00404936 6.55083e-07 
0.512731 0.0060375 0.00282114 0.0171105 0.019439 2.27892e-05 0.00488227 0.0109964 0.253975 0.000388266 0.00623879 0.000246602 0.00129887 0.0708716 0.000999328 1.02021e-06 0.0078959 0.0179924 0.0102861 0.00234573 0.0534185 1.06501e-06 
0.624197 0.00207525 0.0123007 0.0182524 0.032182 0.00026698 6.76097e-05 0.0533951 0.0125456 0.00167712 0.000334735 0.0269499 0.0228344 0.0552379 0.00514094 0.000197363 0.106086 0.00466694 0.00505858 0.00700497 0.00949365 3.53474e-05 
0.976383 9.50726e-05 0.00170057 0.00206069 0.000794639 1.18243e-07 0.000150722 2.23611e-07 0.00213755 3.64817e-06 0.00115836 3.68812e-05 0.000342315 0.00920462 0.00145213 5.53243e-07 0.000232013 0.00013571 0.00375956 0.000194207 0.000157639 8.92458e-11 
0.940807 3.64837e-05 0.00181839 0.00183025 0.000136018 6.23707e-08 3.88492e-07 2.20948e-06 1.57534e-06 3.49389e-06 2.43617e-09 5.91137e-07 0.000345739 0.0545025 2.40932e-07 3.8119e-05 1.13387e-05 0.00036194 1.23424e-07 1.7255e-06 0.000101638 2.02273e-09 
0.217498 0.0916577 0.0145938 0.0600806 0.16259 0.00890325 0.0228143 0.0603436 0.0213344 0.000458573 0.000119815 0.0229286 0.0037204 0.104313 0.00791196 0.00597499 0.0058425 0.0237653 0.0167846 0.00183164 0.126591 0.0199419 
0.303155 0.058383 0.0043728 0.0604153 0.0224105 0.00672457 0.00448515 0.15721 0.054509 0.0137035 0.00211317 0.0296835 0.00141755 0.101755 0.00974524 0.000289666 0.00225423 0.0353514 0.0181828 0.00358093 0.109948 0.000308511 
0.869012 0.00202395 0.000694849 0.00211731 0.00173934 2.39639e-05 0.00457731 0.00162178 0.0268916 0.000273504 0.000123206 1.93343e-06 0.00151238 0.066171 0.00119411 1.0903e-05 0.00955264 0.00261753 0.00693636 6.17305e-05 0.00284272 3.75475e-12 
0.393127 0.0413269 0.0010518 0.0484304 0.0360916 7.04847e-05 0.0143677 0.0106921 0.203983 0.00282037 0.000387474 0.000190451 0.00450784 0.0346877 0.00971518 4.43916e-05 0.0399714 0.00282814 0.0714045 0.00476858 0.0794534 7.96842e-05 
0.803416 0.00780492 0.00189567 0.0254371 0.0230173 3.96888e-06 8.1936e-05 0.0055659 0.0117223 2.64432e-07 0.000943198 0.000226278 0.000123513 0.103213 0.000116389 9.10583e-05 3.5628e-05 0.00502944 0.0110509 0.000216228 9.43243e-06 1.22602e-07 
0.538156 0.00356567 0.000551851 1.02589e-05 0.111036 0.000113639 0.000250112 0.0877965 0.00464171 6.86844e-05 2.52557e-05 0.0315367 0.00202253 0.115497 0.0174146 1.96252e-07 0.0132503 0.00238577 0.00645431 0.000521363 0.062894 0.00180752 
0.3013 0.0442466 0.00645213 0.0463179 0.0386484 0.00227621 0.0215661 0.0814378 0.0307555 0.000818858 0.128242 0.0210255 0.00113235 0.0510747 0.00117806 0.00196196 0.000410576 0.0261255 0.0183944 0.00719081 0.169444 9.67285e-07 
0.196764 0.0315384 0.00131801 0.0575227 0.190732 0.000113502 0.157957 0.0549493 0.0192083 1.95865e-05 0.00622812 0.00240987 0.00021521 0.0835559 0.00333635 4.87609e-05 0.000360885 0.0305819 0.00619558 0.000493293 0.156439 1.18781e-05 
0.38706 0.188333 0.00533486 0.0153427 0.0206983 0.000140023 0.0016329 0.133491 0.0390848 0.0020949 0.000760329 0.00978262 0.000347515 0.0690023 7.68001e-05 7.15504e-06 0.00106248 0.00881503 0.00193218 0.00281044 0.112183 6.91555e-06 
0.34082 0.00900071 0.0027436 0.0382215 0.00827861 1.84363e-05 0.00707906 0.0306702 0.062094 9.08771e-05 0.00224917 0.0020617 0.000108499 0.0782092 0.0149034 3.30338e-05 0.00274506 0.00866709 0.159264 0.000469934 0.232 0.00027156 
0.458547 0.00470934 0.0087958 0.0601909 0.0079424 0.00014616 0.0179245 0.00262107 0.13512 0.000301108 0.000331641 0.00310981 0.000267313 0.130526 0.000792432 2.25944e-05 0.0232782 0.0378068 0.0165918 0.00280258 0.0881732 3.99895e-07 
0.442426 0.000909918 0.00300689 0.017754 0.175236 0.000112876 0.00300361 0.0096448 0.00196284 0.0192741 0.000158375 0.000165396 0.00652631 0.118756 0.062294 7.13285e-06 0.00326986 0.109776 0.00500233 0.0123144 0.00839899 2.26941e-08 
0.376615 0.0465893 0.00303963 0.0575446 0.0392962 0.00441233 0.0116028 0.0625272 0.0407005 0.000141313 0.00285503 0.0138191 0.000978965 0.0905986 0.0102263 0.00120528 0.00252012 0.021096 0.0188396 0.00131781 0.192792 0.00128212 
0.326536 0.0998967 5.97035e-07 0.0150854 0.0412472 4.6196e-07 3.96497e-10 0.0820194 0.0351943 0.169363 8.9882e-10 1.50306e-05 8.87727e-10 0.156713 0.0229886 1.05777e-06 5.33171e-10 3.87633e-07 0.0179506 0.0202374 0.0126494 0.000102045 
0.293588 0.125369 0.00547227 0.0588626 0.00391016 0.000151591 0.0161261 0.0202377 0.0691538 0.000588799 0.00553124 0.00138896 0.000135462 0.135232 0.0170287 0.00150155 0.000594603 0.0132398 0.0755007 0.000667187 0.15572 1.82646e-08 
0.268255 0.0756283 0.0863275 0.0426869 0.01883 0.00791542 0.0120876 0.0429587 0.0224888 9.49333e-05 0.00450632 0.0037117 0.000220777 0.055657 0.00207722 0.00140968 0.010765 0.0565856 0.0296122 0.00451137 0.248672 0.00499808 
0.259602 0.0757823 0.010226 0.0300011 0.142765 0.000789924 0.0774348 0.0465462 0.169408 0.000572757 0.00449847 0.00334026 0.00171899 0.0364373 0.00207311 0.0112316 0.018734 0.00578849 0.0115542 0.0046811 0.0867896 2.43375e-05 
0.267526 0.0202616 0.00495623 0.0150771 0.0493959 7.72036e-05 0.00817642 0.00753227 0.0813564 0.00097251 0.00114919 0.00136649 0.00081067 0.138194 0.00161552 0.000103881 0.0058146 0.0220959 0.224549 0.076347 0.0725796 4.24306e-05 
0.23023 0.0169809 0.0369458 0.0241395 0.200149 0.0004151 0.0497866 0.0679894 0.0574168 0.000117847 0.00277116 0.0361365 0.000764228 0.175715 0.00532909 0.00011129 0.00139622 0.000379448 0.00341218 0.0167789 0.0730233 1.26734e-05 
0.491014 0.00440525 0.00159989 0.13086 0.00449434 0.000636112 0.00107161 0.189527 0.0141941 4.35851e-06 0.00553479 0.00197479 0.000119828 0.0222525 0.00964938 0.000111635 1.08214e-05 1.40891e-05 0.0628011 0.0158544 0.0438691 1.94109e-06 
0.237176 0.0409991 0.0027342 0.0214858 0.00667305 0.00059796 0.0235901 0.0585629 0.114285 0.0021814 0.000459552 0.00893163 0.13679 0.142157 4.35737e-05 0.000115168 0.014707 0.0574859 0.0284344 0.000633214 0.101946 1.08684e-05 
0.708761 0.00870364 0.000659515 0.00967098 0.00866697 0.000178772 0.07592 0.00215966 0.0525608 0.000292197 0.000114063 0.00166141 7.3314e-06 0.0961194 0.00270635 0.000125205 0.00685419 0.00097652 0.0131506 0.000103147 0.0106085 7.12024e-10 
0.238164 0.020073 0.00425313 0.0564697 0.220365 0.00239663 1.88497e-05 0.107106 0.0368768 0.000553539 0.0204295 0.0072816 0.0132311 0.0558637 0.000212428 3.501e-05 0.0030018 0.029222 0.0042796 0.0614905 0.118677 6.63309e-11 
0.511143 0.00116622 0.00474331 0.00230846 0.00831388 1.89929e-05 5.55891e-09 0.00119595 0.0590386 3.82999e-06 3.05922e-05 0.0002862 2.69029e-06 0.329769 0.0390212 0.000263503 0.000371126 0.0152339 0.0151533 0.000501986 0.0114349 1.39594e-10 
0.790123 8.76075e-07 0.0215139 0.0417815 0.0897047 0.000102935 0.000172582 9.63353e-06 0.00769278 1.3268e-09 0.000139806 0.00144273 3.5934e-07 0.0436131 3.93059e-05 1.34631e-09 0.000547497 1.55392e-07 0.000659992 0.000249265 0.00220579 7.99489e-08 
0.277107 0.00290996 0.0095931 0.0465709 0.0144627 8.687e-05 0.000684829 0.120576 0.0371065 0.00848333 0.00025832 0.133615 0.000489857 0.0576859 2.16059e-07 0.000700832 0.233692 0.0162288 0.00674773 0.000355752 0.0326443 3.15702e-08 
0.597403 0.130619 0.0029554 0.0581198 0.00331417 1.37332e-05 0.000620959 0.0531884 0.0280324 0.00615415 0.00017166 0.000408915 0.000483565 0.0220591 0.00303825 3.89212e-05 0.000337758 0.00421303 0.00160702 0.00175458 0.0850417 0.000424656 
0.302088 0.00752086 0.00520516 0.0290418 0.00144465 0.0289751 0.00121438 0.00901262 0.0225183 0.0121775 0.000613134 5.85695e-05 0.000255393 0.198219 0.00645395 0.000359059 0.000390653 0.274932 0.00618304 0.0194022 0.0739309 3.95095e-06 
0.355393 0.0811688 0.00879563 0.106629 0.0133408 7.7491e-05 0.00101962 0.116069 0.0161992 0.0002089 0.00228371 0.00135544 0.00104584 0.0751914 0.00162665 0.000300069 0.00294674 0.000146937 0.0110768 0.084343 0.118381 0.00240153 
0.563378 0.066926 0.00803235 0.0379247 0.0165677 0.000231898 0.0160522 0.0201104 0.0446502 0.000647896 0.00281637 0.00127973 0.00349272 0.071713 0.00077088 9.41599e-05 0.00324154 0.0204532 0.0167032 0.00388419 0.100753 0.000276171 
0.329487 0.0684266 0.00970203 0.0764859 0.0206116 0.00300485 0.0235292 0.162079 0.0153711 0.00191057 0.00124128 0.0600868 0.0040502 0.102662 0.00936281 0.000146622 0.0105843 0.00539659 0.0362347 0.00315796 0.0563675 0.0001024 
0.279253 0.0312281 0.00197268 0.137753 0.00745608 0.000138346 0.10036 0.0924374 0.0657635 0.00116796 0.000257403 0.00221162 0.00101888 0.0363239 0.000273335 1.41264e-05 0.0206779 0.0189161 0.0106223 0.00115865 0.190994 1.07651e-06 
0.294542 0.0148654 0.0262217 0.0307172 0.00868886 5.72842e-08 0.000274432 0.10914 0.149231 0.00351384 3.34484e-06 0.00131583 0.000191295 0.240946 0.0139281 0.00823975 0.0188594 0.00239791 0.0292577 0.00806509 0.0345242 0.00507709 
0.613469 0.0258607 0.000381027 0.0163861 0.0503562 6.69842e-05 0.0201724 0.0145058 0.0028798 0.00512743 0.0299537 0.000458255 1.69881e-06 0.0388834 0.00661244 8.06021e-08 3.59037e-10 3.56792e-05 0.119583 0.0122732 0.0429921 2.99565e-08 
0.317435 0.0170801 0.00027916 0.117147 1.96278e-06 3.02952e-06 0.00532946 0.0391789 0.177575 2.88826e-05 0.000473977 1.76508e-05 0.00132094 0.00687505 0.00199289 0.00404853 7.44699e-05 0.0551455 0.0211569 0.0029076 0.231928 1.00119e-07 
0.346731 0.0439374 0.0517682 0.0562158 0.00478019 1.70531e-06 0.00199088 0.0504076 0.24706 0.00108075 0.0018497 0.022283 7.13971e-05 0.0475452 0.000728672 0.000226395 0.00029573 0.0072073 0.018813 0.000812322 0.0961876 6.94739e-06 
0.397847 0.019229 0.000441233 0.0253015 0.000931115 3.52235e-05 0.00359592 0.00557754 0.185386 0.000145026 0.000159388 1.67401e-05 3.1694e-05 0.0647225 0.00183059 5.91507e-06 4.56567e-05 0.000705233 0.0733813 1.80943e-08 0.220611 1.63572e-09 
0.254152 0.214465 0.00286161 0.0498062 0.171068 0.00398049 0.0216055 0.0378367 0.00990958 7.03806e-05 0.0609812 0.0573453 0.00172299 0.0180872 0.000657429 0.00055042 2.18496e-05 0.00271414 0.00805126 1.91775e-06 0.071838 0.0122723 
0.412655 0.0107127 0.00766794 0.0317146 0.018224 9.57015e-06 0.00137706 0.0833912 0.0310598 0.00275034 0.015327 0.00368964 0.00028168 0.169705 0.0139147 0.00150201 0.0302023 0.0125245 0.0662838 0.00653122 0.0804747 1.42308e-06 
0.18399 0.0444666 0.0985147 0.106972 0.0649093 9.52853e-05 0.00186102 0.134254 0.136205 0.000219322 0.0467204 0.0073366 0.00307212 0.0387816 0.00761878 0.00305658 0.00107149 0.00302274 0.0196438 0.0208697 0.0772114 0.000107849 
0.68195 0.000468949 0.00170998 0.000254087 0.000809751 0.00999268 0.00291562 0.00181538 0.0782984 0.000247086 3.34508e-06 1.94921e-05 0.0971773 0.0707267 0.01084 2.78644e-07 0.0392252 0.00149042 0.00157531 3.75391e-05 0.000441227 1.00109e-06 
0.30274 0.196291 0.000882916 0.0178072 0.152014 0.000133097 2.37618e-06 0.0523966 0.00374867 2.92101e-05 0.00705269 0.00727447 0.00538171 0.0844195 0.00743359 1.44743e-09 0.0126186 0.000276812 0.1049 1.72789e-06 0.0445955 2.17321e-07 
0.638772 1.31019e-07 0.0554714 0.0841661 0.022107 5.87889e-11 7.76861e-07 0.0525913 5.59933e-07 2.0275e-06 0.0320402 8.87794e-06 1.77465e-10 0.0563952 1.28211e-10 3.26507e-10 1.90799e-06 3.61292e-11 4.44674e-06 6.76094e-06 0.0584316 1.64256e-07 
0.353934 0.0304237 0.00200593 0.0231288 0.0383466 0.000493474 0.00341785 0.0193089 0.114778 0.00326737 0.00538401 0.0260684 0.00395658 0.0714221 0.00656202 3.73346e-07 0.00147714 0.0368056 0.09946 0.00708338 0.152675 1.58096e-06 
0.518559 0.0666512 0.0178494 0.0674249 0.0268713 0.000130074 0.000474074 0.0493268 0.0099884 0.000154294 2.35256e-05 0.00112427 0.00030245 0.180052 0.00428502 0.00079626 0.00752058 0.000198743 0.0159567 0.00235868 0.0167141 0.0132384 
0.555384 6.43873e-06 7.73826e-06 0.151685 0.111208 0.000451426 0.0112395 0.145718 1.93416e-05 1.3711e-06 1.6077e-06 0.00429241 0.0110478 8.74837e-06 9.10368e-11 2.31838e-10 8.38101e-05 3.27344e-06 4.91961e-07 0.00877444 6.60347e-05 1.05932e-10 
0.827712 0.000820419 0.0125553 0.0162408 0.00108956 3.51852e-06 0.00041501 0.00356826 0.00172426 0.00994153 0.000538894 0.000174198 4.76771e-07 0.109002 0.000107092 1.70974e-06 0.000323309 0.000640456 0.00467986 0.000441402 0.0100188 1.12704e-06 
0.27474 0.041271 0.0100014 0.0423109 0.0340647 0.000921896 0.00964469 0.147741 0.0786455 0.000896898 0.0105647 0.127261 0.000527436 0.0387305 0.00142788 0.000855167 0.0188221 0.013887 0.0164737 0.00241494 0.127702 0.00109409 
0.599205 0.0117379 0.0084249 0.0987656 0.136279 4.71549e-05 1.32012e-07 0.0497338 6.26637e-07 9.3319e-07 0.00343697 0.00204802 4.20405e-07 0.0325543 3.79192e-07 4.68746e-11 6.73435e-08 0.000400239 0.00139148 2.66438e-06 0.0559699 7.43227e-07 
0.35866 0.085566 0.000718013 0.00362773 0.196331 0.000105835 0.000198053 0.0190105 0.00575798 6.22846e-05 3.8477e-05 0.000874848 0.000849058 0.0271618 0.0302293 6.50193e-07 0.000177559 0.000292281 0.00100594 0.0271414 0.242148 4.31731e-05 
0.51895 0.0940716 0.00601495 0.0159841 0.108456 0.000362851 0.00282801 0.0186131 0.00942059 0.00223356 0.0103219 0.00587109 6.9287e-05 0.0880781 0.00424191 6.5966e-05 0.000343174 0.0619697 0.0108888 0.00895554 0.0321489 0.000111342 
0.807034 0.00202137 0.00689304 0.00666579 0.00286949 9.50357e-05 3.57746e-08 0.0730924 0.000374999 0.000182041 3.31228e-05 0.000270144 0.000159623 0.0377513 0.000505273 0.000389302 0.000217825 0.00415039 0.000566022 0.000421842 0.0562979 9.21199e-06 
0.584798 0.0315675 0.0030691 0.0267701 0.0208528 5.01502e-05 0.000574525 0.0286585 0.0730879 1.88375e-05 0.000907503 0.00232965 0.000382225 0.104124 0.00534604 0.00035521 0.012217 0.00749173 0.00434724 0.00066994 0.0923821 1.41764e-10 
0.382216 0.0109543 0.00247183 0.0217027 0.0706625 0.000368642 0.0328588 0.0385634 0.0347766 0.000579348 0.00434992 0.0159605 0.0876074 0.179606 3.86447e-06 0.000113891 0.00363858 0.0141629 0.00636392 0.00633802 0.0867005 2.21034e-07 
0.505191 0.000618335 0.0458687 0.0329112 0.0332594 8.12913e-05 0.0198625 0.00492166 0.0734917 0.000744591 0.000137856 0.000764944 0.0242791 0.15348 0.00453573 2.06015e-06 0.00664615 0.0261991 0.00292627 0.00423347 0.0598338 1.11345e-05 
0.305751 0.0479837 0.200638 0.0102277 0.165695 0.0018187 0.0550387 0.0606796 0.00208304 0.000462659 0.000154169 0.072204 0.0142904 0.0442235 0.000470449 3.93948e-07 0.000265395 9.9185e-05 1.0137e-07 0.0148714 0.00304227 8.33003e-08 
0.296946 0.130013 0.0031291 0.0569509 0.0740176 0.00024202 0.000466555 0.0592977 0.112125 2.8635e-05 0.000198282 0.0189726 3.68311e-05 0.0515633 0.00132081 7.94779e-05 0.000560734 0.010942 0.00401258 0.000518458 0.17745 0.0011293 
0.383372 0.0244372 0.0115258 0.142423 0.00250662 2.00914e-05 4.0716e-07 0.00332522 0.130503 0.000723514 0.000101494 7.40765e-05 1.0056e-07 0.199972 0.00065839 5.54679e-05 0.000678226 0.000529343 0.00377468 3.58861e-07 0.0952768 4.11794e-05 
0.26182 0.0318126 0.0241032 0.0260897 0.0210359 0.0149221 0.0217215 0.0333564 0.16498 4.34997e-05 0.00358208 0.0100844 0.0049757 0.0759405 0.00826973 0.000185477 0.00191051 0.00197525 0.0806872 0.0194191 0.193084 7.29344e-07 
0.381496 0.0297393 0.0165763 0.0740211 0.0122662 4.03016e-05 0.00416786 0.058555 0.0762233 0.011695 0.000558936 0.000362592 0.00062799 0.159712 0.00249518 0.000190993 0.00152849 0.00919468 0.0136797 0.0140148 0.132811 4.34225e-05 
0.457139 3.9832e-07 0.00703268 4.55437e-07 0.209645 0.00207926 4.7249e-06 0.00397996 2.01918e-10 5.59889e-05 1.20526e-09 7.11815e-07 1.19038e-09 0.292633 0.00167012 2.19012e-09 0.00120824 0.000578605 0.00243657 1.15479e-06 0.0215336 6.16904e-07 
0.287117 0.000294804 0.00770073 0.00106922 0.000122224 1.29733e-06 6.53992e-05 0.00171724 0.0117795 0.000314218 1.95709e-05 0.088738 8.74967e-05 0.116077 1.95309e-07 1.60226e-07 0.239731 0.243563 0.00141336 7.99225e-08 0.000187555 1.5627e-08 
0.447042 0.314512 3.19088e-06 0.00344348 0.0862718 2.75517e-07 0.00253558 0.0325294 0.0316734 1.38901e-06 1.60955e-05 0.00017746 0.0182918 0.00869779 0.00596456 1.42041e-06 1.08003e-06 2.00898e-05 0.0488084 6.74602e-07 8.04302e-06 1.57478e-07 
0.30878 0.0176557 0.00980466 0.0996733 0.0307559 8.37217e-05 0.0088116 0.0317584 0.0347697 0.000982989 0.00980147 0.00424098 0.000668663 0.0447114 0.00937916 0.000214359 0.0242255 0.00461547 0.0377096 0.0142973 0.307059 7.66878e-07 
0.545719 0.00250565 0.00656647 0.0406357 0.0199357 5.55459e-07 0.000598753 0.00539777 0.160936 0.00021954 0.0010145 0.00368422 0.000273501 0.0834481 0.000458437 7.24728e-06 0.00328421 0.00185856 0.00572704 0.000105871 0.117623 4.21764e-07 
0.332533 0.0280834 0.00424998 0.0409497 0.0203064 0.00834187 0.0124172 0.0873217 0.0838653 0.000516458 0.00294409 0.109262 0.00194907 0.0761497 0.00374844 9.0595e-05 0.00499389 0.00720657 0.0379951 0.0212252 0.114956 0.000894487 
0.534384 0.025744 0.056444 0.00580175 0.128546 1.35297e-06 3.20254e-05 0.0136044 0.077664 4.87507e-05 0.00306112 0.0147553 0.00011392 0.0287503 7.95055e-08 1.16328e-06 0.00064064 0.000271214 0.00710947 0.00368958 0.0993372 9.25141e-08 
