0.0961245 0.437451 0.000360846 0.0596873 0.0249347 0.00552878 0.039449 0.132112 0.0379465 0.000328883 0.00359507 0.00571258 0.000147313 0.0317009 0.0136715 0.00239145 0.000841799 0.00149042 0.0361469 0.00102001 0.068768 0.000590494 
0.123507 0.332795 0.0107808 0.0105791 0.179509 0.00043922 0.00278894 0.0621396 0.0152796 0.000731318 0.034263 0.0026648 8.53566e-05 0.0328037 0.000968865 8.06552e-05 0.000125676 0.0251849 0.00202442 0.0144217 0.134609 0.0142174 
0.0309357 0.691748 0.0001233 0.00377277 0.00681875 1.69102e-05 0.000100808 0.0697332 0.00228595 3.5221e-05 0.00198667 0.000484542 0.000138335 0.0132061 0.000588003 4.02842e-06 0.000316865 0.00382724 0.00232472 0.000135241 0.171418 9.10377e-10 
0.125298 0.226503 0.00538386 0.0465802 0.190803 0.000123993 0.00752649 0.0793252 0.071826 0.00081715 0.00296731 0.00119509 4.6331e-07 0.00827796 9.28661e-11 2.36497e-10 2.53536e-07 7.93948e-08 0.140617 0.000116688 0.0926384 3.48283e-07 
0.00181377 0.858671 0.00289023 0.000796817 0.012788 2.40621e-05 0.005584 0.00199656 0.00854242 0.000144004 0.000613418 7.86852e-05 3.53651e-05 0.0246627 0.000401661 3.60239e-05 0.000100224 3.92152e-05 0.000610464 3.45007e-06 0.0801674 9.41967e-07 
0.0719102 0.570423 0.00262056 0.00022284 0.182464 0.00171098 0.00544959 0.00844711 0.0101181 3.66995e-05 0.00184325 0.00403128 0.000770202 0.00479898 0.000309045 8.25736e-11 0.00014438 0.00384341 0.00128959 7.65905e-08 0.0742058 0.055361 
0.0345132 0.49468 0.000754059 0.0320932 0.00212303 0.00486246 0.110047 0.0328697 0.105419 0.000127247 0.00347536 0.00196625 8.94958e-05 0.0279751 0.000185399 0.000968115 0.00567683 0.00501834 0.0543708 2.40903e-05 0.0827603 8.59361e-07 
0.0277912 0.467945 0.000455033 0.00358661 0.00780022 5.24421e-05 0.00341006 0.0286656 0.258167 5.23794e-05 0.00338818 0.00321728 0.00301624 0.0456147 0.00278678 3.75449e-05 0.0252386 0.0014445 0.00905529 0.0285926 0.0796835 1.52398e-08 
0.126314 0.22004 0.00230719 0.0426408 0.0379817 0.00086562 0.00320734 0.0278237 0.111846 1.46206e-05 0.00410727 0.00604788 0.000746099 0.176986 0.0202271 0.00154072 0.00287153 0.00701003 0.0352671 0.00025005 0.171882 2.35657e-05 
0.0167674 0.48736 0.000435218 0.0155998 0.00388177 0.000107782 0.194062 0.0168427 0.113981 0.000341921 0.000155717 0.000531789 0.00292995 0.0163781 0.0102193 1.02492e-06 0.000146526 0.00458433 0.0119181 0.00523673 0.0985186 1.23123e-07 
0.0133988 0.667936 0.000247982 0.0128702 0.00495669 4.04071e-05 0.0307792 0.00720044 0.054111 0.00111543 0.000208248 0.00251049 0.000405786 0.0217578 0.000285786 2.96016e-06 0.00493483 0.0015977 0.0576976 2.10483e-05 0.11791 1.14781e-05 
0.0858629 0.440588 0.00734058 9.87253e-06 0.251382 1.98918e-06 4.96566e-10 0.209077 1.88584e-10 2.01584e-09 7.27191e-05 7.50573e-10 1.11177e-09 2.29857e-05 7.31005e-06 2.04549e-09 6.67735e-10 0.000204566 0.00335552 6.46642e-10 0.00207452 9.34628e-10 
0.107304 0.218309 0.00941979 0.0326743 0.045305 5.72408e-05 0.00958654 0.0961987 0.109227 0.000460686 0.0114666 0.00268946 0.00084838 0.058846 0.0102063 0.00767511 0.0186041 0.0085256 0.125768 0.00183697 0.124991 8.4485e-08 
0.00964267 0.386052 0.00713991 0.0749721 0.00142117 0.000280287 0.0426418 0.113233 0.164743 0.000302625 0.00188374 0.000513581 0.000126583 0.0195348 0.00278971 2.64324e-05 3.28436e-05 0.000683931 0.0518598 0.00512255 0.116855 0.000142814 
4.03714e-11 0.528302 2.59152e-06 0.0925338 9.17025e-07 6.14128e-11 1.48795e-05 3.07716e-06 0.0171239 6.10091e-05 0.130088 2.12891e-07 1.65012e-06 0.0110261 1.02192e-05 8.87148e-07 1.11343e-10 0.000284485 0.220539 1.07826e-10 7.50416e-06 1.55847e-10 
0.0017117 0.376615 0.000816792 0.0190397 0.0016954 1.15886e-05 0.336483 0.0150948 0.0243962 0.000227095 0.00276882 0.00133912 0.00406725 0.00610203 0.00688988 1.80177e-05 0.000166741 0.0140025 0.0257005 0.00302327 0.15983 1.96149e-09 
0.118822 0.342782 0.0123218 0.0131149 0.26706 3.77767e-05 0.00184225 0.0175989 0.037701 4.28522e-07 0.000833575 4.40264e-06 3.89988e-05 0.146539 7.66287e-06 3.32103e-07 5.80844e-06 0.00192972 0.000342966 3.5392e-06 0.0390052 7.74925e-06 
0.0309526 0.218738 0.000211942 0.0587703 0.00075716 0.0125708 0.0594135 0.0901387 0.129331 0.000111257 0.000230053 0.017753 0.00102024 0.0300475 0.000555954 0.001612 0.0683872 0.0297304 0.0443005 0.000184611 0.205183 2.93861e-10 
0.0339077 0.525973 0.00791 0.0544271 0.00222871 2.22267e-05 0.000827725 0.0790936 0.0549538 0.000161397 0.000321839 0.000604111 1.47371e-05 0.012882 0.00733515 7.17959e-05 0.000752904 0.00135974 0.00317206 0.00051048 0.211264 0.00220596 
0.000400786 0.435755 3.40346e-06 0.171161 7.82799e-06 4.75436e-06 0.000122374 0.0103584 0.00190978 1.55926e-10 0.00837557 5.02552e-05 0.000252395 8.66584e-05 0.000487593 5.21619e-08 4.24331e-09 8.52403e-07 0.16544 5.0018e-11 0.205583 7.22938e-11 
0.0121433 0.425982 6.31897e-05 0.0136686 0.00480578 0.000159365 0.0167254 0.241343 0.0417456 1.52543e-05 0.000250008 0.0277691 0.00131857 0.00453383 4.6154e-05 5.65371e-06 0.000731799 0.0017278 0.00835163 0.00190706 0.196439 0.000268177 
0.0349886 0.823684 8.96298e-05 0.00771536 0.00954946 1.37315e-05 6.68032e-05 0.0146467 0.0419803 2.21944e-06 0.0015784 0.000226456 2.78834e-05 0.000171833 6.94192e-07 3.68093e-06 3.43705e-05 7.78891e-05 0.010533 0.000423519 0.0541735 1.19595e-05 
0.00653461 0.409856 0.0056832 0.0253804 0.00238786 0.0161545 0.0303421 0.00932042 0.27004 5.0516e-05 0.00866641 0.000390477 0.00212013 0.0157807 0.00376165 0.000143946 0.00130691 0.00143643 0.0224206 0.0813484 0.0868749 8.39068e-09 
0.0258616 0.336315 0.00292657 0.0436205 0.0105429 0.000219181 0.00365455 0.0398265 0.122492 5.15509e-05 0.00359641 0.000306267 6.26551e-05 0.0468567 0.00850709 0.000179518 0.00169525 0.0336505 0.205833 0.000247236 0.113549 5.68004e-06 
0.0309617 0.251068 0.0135762 0.049542 0.00914437 0.000372034 0.0372763 0.0979188 0.0397956 0.000166761 0.0237715 0.00202176 0.000307001 0.0306937 0.0491452 0.00107358 0.000586302 0.000895514 0.238183 0.0138824 0.107304 0.00231444 
0.0704832 0.29628 0.000859526 0.0126013 0.265026 0.00210541 0.0165393 0.0553712 0.0388857 0.000654543 0.000925168 0.00801111 0.000201404 0.0217387 0.00354372 0.000932789 0.00647172 0.0149597 0.0133211 0.0176282 0.153461 3.46508e-08 
0.0145539 0.597898 2.98577e-05 0.0312965 0.0046215 0.0026403 0.0119399 0.109493 0.048895 0.000527515 0.00195246 0.00252166 0.000128025 0.00438917 0.00128531 0.00200709 0.000412766 6.94608e-05 0.0865418 3.39134e-06 0.0436793 0.0351138 
0.0525677 0.347361 0.000197114 0.0371778 0.000696317 0.000990146 0.00466359 0.0274827 0.18878 0.000281258 2.55678e-05 0.0029355 0.000181201 0.0570694 0.000100506 0.000623354 0.00207759 0.00194338 0.149714 6.68437e-05 0.125065 1.55228e-07 
0.0400124 0.39897 0.000244971 0.0107474 0.150285 0.0100862 0.0111657 0.105212 0.0610778 3.52282e-05 0.0134043 0.00433097 0.00068895 0.00574831 2.23427e-05 0.000345377 0.000222811 0.0157595 0.0893051 0.0195239 0.062811 5.18705e-07 
0.00918144 0.466767 0.00011505 0.0156072 0.0021342 4.52262e-05 0.24569 0.00586808 0.119429 1.23279e-06 8.84629e-05 0.00186377 0.00169519 0.00268462 0.00984246 4.34074e-05 8.33653e-05 5.03149e-05 0.00440043 9.45277e-06 0.114399 9.22414e-12 
0.00885523 0.488609 0.00544152 0.120488 0.00833563 6.8651e-05 0.00393341 0.0362576 0.112279 9.11726e-05 0.0100447 0.00059936 5.72607e-05 0.0165722 0.000520943 2.10855e-06 6.86086e-06 0.00370161 0.131312 0.00280552 0.0499683 5.05987e-05 
0.00877328 0.41851 4.18527e-05 0.0747903 0.00151674 4.39118e-05 0.072172 0.0120028 0.217027 5.81665e-06 0.00242404 0.000620055 0.00170131 0.0107887 0.00193099 0.000161381 0.00103592 5.1533e-05 0.0288455 0.000306881 0.14725 1.51289e-11 
0.0483992 0.57059 2.90224e-05 0.00216097 0.233285 0.00034724 0.000846823 0.0254148 0.0389483 0.00010889 0.000192628 0.00779937 0.00167911 0.0215946 0.0035867 2.52673e-05 0.014102 0.000516111 0.00867393 7.277e-05 0.0216032 2.43544e-05 
0.00802318 0.690649 1.94855e-05 0.00225619 0.100587 0.000881392 0.00192067 0.0270813 0.00331467 3.00647e-08 0.00020023 0.0582255 2.05591e-07 0.0129317 0.00388429 0.000237623 0.00295288 0.0130472 0.000793638 1.50739e-06 0.0516591 0.0213324 
0.037572 0.22788 0.00743799 0.0815911 0.0973079 0.000394912 0.00529649 0.0744868 0.0817502 0.000330978 0.0424046 0.0115018 0.0216782 0.0561357 0.02221 0.000171639 0.00217237 0.0144981 0.072632 0.00465159 0.136935 0.000960132 
0.0116172 0.279106 0.00686992 0.174807 0.00534594 0.00242928 0.0056107 0.0933264 0.142228 1.48959e-05 0.00350023 0.00167676 0.00860039 0.0171556 0.00936013 0.000223552 0.000586342 0.00123807 0.0395571 0.0201084 0.176635 2.62051e-06 
0.0167674 0.48736 0.000435218 0.0155998 0.00388177 0.000107782 0.194062 0.0168427 0.113981 0.000341921 0.000155717 0.000531789 0.00292995 0.0163781 0.0102193 1.02492e-06 0.000146526 0.00458433 0.0119181 0.00523673 0.0985186 1.23123e-07 
0.00854004 0.428557 6.45558e-05 0.00869289 0.00225444 7.69495e-05 0.254584 0.0204522 0.125675 2.3942e-06 0.00108688 0.00074469 0.00114737 0.00389606 0.00274269 1.8195e-05 0.00033579 0.00811519 0.0356394 0.000632738 0.0967404 2.68351e-12 
0.0723384 0.404901 0.00184886 0.00845347 0.0106365 2.59752e-05 0.00516086 0.0303148 0.0390637 0.00219038 0.00150432 0.00148502 0.0011601 0.0824402 0.0598576 2.53251e-05 0.0518606 0.0385436 0.00403022 0.00335924 0.180787 1.29485e-05 
0.0231286 0.785622 0.000191169 0.00616347 0.0119755 0.000419165 0.011336 0.0154417 0.0104919 0.00266746 0.00040464 0.0003501 2.29938e-05 0.0101303 0.00108378 2.38203e-06 2.53895e-05 0.00571685 0.00390282 0.0021261 0.108797 7.78048e-07 
0.00641112 0.740578 0.000803229 3.38109e-06 0.00567572 1.8747e-05 0.0040546 0.006281 0.00381055 0.000210802 0.000610162 3.82403e-06 8.72065e-05 0.166011 0.000497258 2.67197e-08 0.0286119 0.00464859 0.00707556 9.27246e-12 0.0245979 9.48621e-06 
0.019337 0.403488 0.00993973 0.0420508 0.0278567 0.0523332 0.0259757 0.0647186 0.116849 0.000161161 0.00119385 0.0371285 0.00669668 0.0314137 0.00217934 0.000305708 0.0154157 0.00659122 0.0383841 0.0043869 0.0858853 0.00770895 
0.00380028 0.9062 6.44116e-05 0.00514639 0.0220264 2.2293e-06 6.3229e-05 0.004025 9.17743e-05 1.14656e-05 6.9575e-05 2.21047e-05 1.05274e-05 0.000115354 0.00801494 2.69145e-05 1.72607e-05 0.00625202 0.0114111 0.00117165 0.0314566 7.75906e-07 
0.014347 0.234977 0.00816279 0.205476 0.0392554 0.0481032 0.00936458 0.0660964 0.165945 0.000421285 0.00142568 0.00101959 0.000159593 0.0361325 0.0467774 0.00408612 0.000414217 0.000536678 0.101021 0.0059743 0.0102922 1.08934e-05 
0.0532538 0.442845 0.000412359 0.0307134 0.0101893 0.00315382 0.0156805 0.136855 0.0683486 8.30254e-05 0.0024854 0.00153008 0.000310309 0.0160647 0.000339458 0.00364626 0.000284974 0.00624677 0.0385964 0.0526036 0.116352 4.29821e-06 
0.00358014 0.988873 3.15501e-07 1.00211e-07 0.00331806 0.000137323 2.64121e-07 0.000564816 1.00307e-07 1.07221e-06 0.000778957 0.000239934 5.91346e-07 5.95515e-08 4.27222e-07 0.00250345 3.55164e-07 1.20389e-07 1.63726e-07 3.43945e-07 5.21728e-08 4.97124e-07 
0.072923 0.199869 0.0505418 0.0393493 0.0198127 7.50993e-05 0.00614727 0.0238505 0.103919 0.000395074 0.00765202 0.000354137 0.00531552 0.186135 0.0355282 0.000312495 0.000909512 0.00581523 0.0847007 0.0192827 0.137103 8.86504e-06 
0.0339077 0.525973 0.00791 0.0544271 0.00222871 2.22267e-05 0.000827725 0.0790936 0.0549538 0.000161397 0.000321839 0.000604111 1.47371e-05 0.012882 0.00733515 7.17959e-05 0.000752904 0.00135974 0.00317206 0.00051048 0.211264 0.00220596 
0.0538347 0.608426 0.00496981 4.40687e-05 0.204033 0.000505297 0.00274619 0.0163328 0.0223276 4.56074e-05 0.00495249 0.00516808 0.000487886 0.0238898 0.00621119 6.58138e-08 2.37689e-06 0.000143898 0.000858577 1.39908e-05 0.041715 0.0032916 
0.0436295 0.513573 0.000947925 0.0260266 0.00596432 0.00528424 0.025602 0.0412719 0.0940279 0.000640752 0.00804823 0.00699316 0.000514252 0.031171 0.00108094 0.000254651 0.000876344 0.0260693 0.105981 0.000296293 0.061747 9.82149e-10 
0.113216 0.46554 0.00866256 0.0127228 0.170453 6.65662e-05 0.00564334 0.0308682 0.00185346 0.000187077 0.0138218 0.00751047 0.000281347 0.0645572 0.00641764 9.81856e-05 0.000308383 0.00401896 0.0126387 0.0036974 0.060288 0.0171496 
0.00885523 0.488609 0.00544152 0.120488 0.00833563 6.8651e-05 0.00393341 0.0362576 0.112279 9.11726e-05 0.0100447 0.00059936 5.72607e-05 0.0165722 0.000520943 2.10855e-06 6.86086e-06 0.00370161 0.131312 0.00280552 0.0499683 5.05987e-05 
0.0247968 0.342021 0.000746935 0.0443411 0.00458473 0.00116179 0.0352215 0.0508143 0.0818009 0.00085068 0.00912319 0.00513902 0.00101555 0.0185273 0.00893187 0.000159673 0.00206856 0.0107612 0.189052 0.00115726 0.167397 0.000328297 
0.0177 0.325034 0.000110751 0.0105785 0.00202875 9.96022e-05 0.242897 0.0189339 0.190715 4.57293e-05 0.000615216 0.000783324 0.00414482 0.00731812 0.00255882 4.03998e-05 0.000159867 0.0178135 0.0941806 1.97634e-05 0.064223 2.87885e-09 
0.00885523 0.488609 0.00544152 0.120488 0.00833563 6.8651e-05 0.00393341 0.0362576 0.112279 9.11726e-05 0.0100447 0.00059936 5.72607e-05 0.0165722 0.000520943 2.10855e-06 6.86086e-06 0.00370161 0.131312 0.00280552 0.0499683 5.05987e-05 
0.00962979 0.632018 0.000537149 0.0807345 0.028806 2.34352e-06 0.000294173 0.0239961 0.0381469 2.78815e-06 6.56574e-05 0.00342469 2.64235e-05 0.0403629 0.00110173 0.000471167 0.0466601 0.000121008 0.0429956 0.000178795 0.0393054 0.0111191 
0.0469748 0.214174 0.194668 0.0174743 0.208053 6.42403e-05 0.000932595 0.0346721 0.0454789 2.50113e-05 0.00243321 0.00132849 4.54581e-09 0.0716003 0.0149688 9.86154e-06 3.58106e-05 0.00715191 0.0187677 0.0110698 0.110024 9.36415e-05 
0.0188774 0.300704 0.000954982 0.0199519 0.00973103 0.00938509 0.0704084 0.187565 0.0616299 0.00170359 0.00090296 0.0548775 0.000867018 0.0423292 0.00418149 3.6288e-05 0.000957624 0.0528939 0.0313303 0.0110175 0.119695 2.85375e-07 
0.00506788 0.712199 0.000329385 0.00245628 0.000963836 0.00162821 0.249098 0.00910218 0.00737106 1.8888e-05 7.32629e-05 0.00279699 0.00168085 1.22415e-05 7.18499e-06 0.000204269 0.000237326 0.00209175 0.00358267 0.000789524 0.00028877 2.90124e-08 
0.0769164 0.426174 0.00600228 0.0414024 0.0699435 0.00259265 0.0402598 0.0662491 0.0154357 0.00481804 0.00284173 0.00514209 0.00066446 0.0509786 0.0095165 2.74325e-05 0.000348465 9.64578e-05 0.0414244 0.000154906 0.0530701 0.085941 
0.0101376 0.291114 0.0070569 0.0768755 0.00684455 0.000655787 0.00504299 0.0304138 0.0830071 9.58246e-05 0.1154 0.00195391 0.00161433 0.0215426 0.00284519 0.000119768 0.000677357 0.0227679 0.174688 0.0384286 0.108718 6.39344e-08 
0.00537722 0.731541 0.000144041 0.014878 0.00409255 8.19903e-05 0.0902982 0.0130208 0.0362342 0.0003274 0.000243806 0.00100181 0.00466312 0.00381582 0.00371002 2.64325e-06 0.000110464 0.00165458 0.0101265 0.00943432 0.0692411 1.98824e-07 
0.0164549 0.360636 0.000278083 0.00813897 0.225916 0.000329619 0.00231498 0.0173529 0.00216461 4.06761e-05 0.00103481 0.00544546 2.81548e-06 0.0184794 0.00101857 0.000124048 0.0500839 8.0604e-05 0.0405612 6.22745e-06 0.00209493 0.247441 
0.0237208 0.64286 0.00022716 0.0417932 0.00357986 0.000178156 0.0201796 0.0147631 0.10221 0.000312226 0.00112198 0.00231474 0.000716989 0.0103807 0.00348748 2.62446e-06 0.000203054 0.00666387 0.0484163 0.00281877 0.0740367 1.28438e-05 
0.00709787 0.921314 0.000244926 0.0264866 0.0081545 0.00012037 6.83699e-05 0.000986272 0.016557 1.60396e-06 0.00016806 0.00106227 1.72356e-05 0.00139506 0.00016867 1.47542e-06 1.97273e-05 1.91321e-05 0.00738143 8.48381e-05 0.00865097 4.55705e-09 
0.0438874 0.401947 0.00196917 0.103361 0.00368688 9.08822e-05 0.00233895 0.0734931 0.0205336 0.000395144 0.00609095 0.00299455 0.00208307 0.0744853 0.0050039 2.99169e-05 0.00153505 0.0288903 0.0284122 0.00144395 0.197328 4.75412e-08 
0.00194912 0.840387 5.47806e-05 0.103949 0.00555711 6.2675e-05 0.00147185 0.00797766 0.00288682 8.69628e-05 0.00254663 3.12998e-05 0.000121894 0.00905443 6.15106e-05 0.00011499 6.39861e-05 0.00146067 0.00218779 0.000462221 0.0194718 3.96273e-05 
0.0338624 0.566662 2.30919e-05 2.15714e-05 0.268944 0.00171181 0.00246716 0.00153302 0.00138286 6.39398e-10 4.94433e-06 0.000102733 3.52641e-10 0.000121831 0.0136475 6.48802e-10 6.89524e-07 2.2523e-07 9.76354e-11 2.05107e-10 0.109514 5.94219e-08 
0.0164602 0.82348 0.000540717 7.32065e-05 0.0483563 5.93372e-07 4.28314e-06 7.61881e-07 7.65697e-11 8.18482e-10 0.0299508 7.99778e-07 1.32908e-06 0.00686586 0.0387021 8.30519e-10 0.000109727 0.000672406 0.0347603 1.12558e-05 9.36492e-06 3.79483e-10 
0.121802 0.222103 0.00147779 0.0448057 0.154745 0.00057304 0.00145108 0.0254573 0.00549998 8.67749e-05 0.0132436 0.00087985 0.00590392 0.00924148 0.0378005 5.13784e-08 0.000232987 0.000243184 0.0768398 0.00575342 0.0594716 0.212388 
0.122764 0.390745 0.000608388 0.00273401 0.0267818 6.00413e-05 0.00155629 0.0295161 0.0696812 0.00969744 0.0232141 0.00103829 0.00231084 0.0421347 0.184591 0.00011797 0.000663187 0.0065066 0.0591111 0.012718 0.0134504 1.20101e-08 
0.208467 0.234445 0.0155642 0.0140619 0.000463796 0.000220173 0.0976429 0.0406393 0.109295 0.000162774 0.048557 0.0153202 0.000806757 0.0214918 0.00144682 0.084892 0.0148895 0.0163265 0.0108866 0.000318104 0.0639732 0.000130364 
0.118606 0.326186 0.000433285 0.00203436 0.0592575 0.00293663 0.00785797 0.0188262 0.236935 0.000324562 0.000288753 0.00980505 0.00125088 0.00701813 2.41803e-05 0.000240441 1.20315e-07 0.00145654 0.0186673 0.00107094 0.186287 0.000493289 
0.00704609 0.544863 0.0514289 0.0177604 0.00528435 0.000418617 0.0160083 0.00655648 0.0882969 0.000566376 0.00788795 0.04653 0.021386 0.151037 3.54682e-05 4.10801e-08 6.90763e-05 0.00811778 0.0123043 6.106e-05 0.0143413 6.03222e-10 
0.11099 0.216718 0.0873274 0.0201087 0.144573 0.0117039 0.00265945 0.0703053 0.0256469 0.00541939 0.00875773 0.0214714 0.00149785 0.113814 0.000329257 0.000132576 0.0223197 0.0270063 0.00722526 0.000293017 0.1017 1.16235e-06 
0.0216108 0.418513 0.000555941 0.0127816 0.00614176 0.000110275 0.117635 0.00649092 0.195222 4.22768e-05 0.000852699 0.00040084 0.000997462 0.00665916 0.00218757 4.4867e-05 0.000578442 0.0218474 0.0326209 0.000421532 0.154287 5.59942e-12 
0.0729265 0.347396 0.000422055 0.0455112 0.00125244 2.52462e-05 0.00161092 0.0829053 0.0770143 1.88531e-08 0.00209991 0.000412257 0.000654522 0.0142683 0.00578764 3.12277e-05 4.1647e-05 2.75337e-07 0.207605 1.69233e-06 0.140033 2.07259e-09 
0.173342 0.26373 0.000123481 0.0154695 0.0232912 0.0123084 0.0245797 0.0650058 0.0725897 0.000523144 0.000307188 0.00475518 0.00126537 0.0661519 7.39148e-05 0.000165264 0.00113785 0.0902261 0.0800745 0.000246226 0.104631 2.72546e-06 
0.00537722 0.731541 0.000144041 0.014878 0.00409255 8.19903e-05 0.0902982 0.0130208 0.0362342 0.0003274 0.000243806 0.00100181 0.00466312 0.00381582 0.00371002 2.64325e-06 0.000110464 0.00165458 0.0101265 0.00943432 0.0692411 1.98824e-07 
0.03961 0.443899 0.000155899 0.142051 0.0786985 0.000154686 0.00102188 0.119317 0.00154465 2.467e-05 0.000258199 0.0160293 0.0248909 0.0203343 0.00743534 1.09833e-05 3.10727e-06 0.0117213 0.0100422 0.00396116 0.078836 1.52902e-07 
0.0464325 0.494509 0.00195494 0.0437222 0.0303941 0.00453499 0.0636488 0.0536408 0.0795928 0.000311391 0.000227214 0.00245699 0.000316723 0.0228126 0.00039831 0.000894219 0.00186846 0.0202487 0.0249584 0.00118599 0.0858408 0.0200502 
0.00318834 0.343021 0.000813365 0.0302117 0.00136153 1.47704e-05 0.254141 0.0295502 0.0349659 0.00018809 0.00225874 0.00131967 0.00310822 0.00567475 0.00607183 2.30738e-05 0.000217228 0.0171556 0.0215548 0.00251972 0.242641 6.04846e-08 
0.0827719 0.324725 3.69248e-05 0.105486 0.00153771 0.0313795 0.0248378 0.18828 0.0216094 8.73043e-05 0.000448267 0.00795715 0.000529408 0.00281892 4.57604e-05 0.00786443 0.000136339 0.0099229 0.00837564 0.000138138 0.181011 6.27759e-07 
0.00885523 0.488609 0.00544152 0.120488 0.00833563 6.8651e-05 0.00393341 0.0362576 0.112279 9.11726e-05 0.0100447 0.00059936 5.72607e-05 0.0165722 0.000520943 2.10855e-06 6.86086e-06 0.00370161 0.131312 0.00280552 0.0499683 5.05987e-05 
0.0827719 0.324725 3.69248e-05 0.105486 0.00153771 0.0313795 0.0248378 0.18828 0.0216094 8.73043e-05 0.000448267 0.00795715 0.000529408 0.00281892 4.57604e-05 0.00786443 0.000136339 0.0099229 0.00837564 0.000138138 0.181011 6.27759e-07 
0.0645316 0.604806 0.0123378 0.0056306 0.00830134 2.80429e-05 0.000231876 0.00108563 0.145817 2.9736e-05 0.000244918 0.00184399 5.61062e-05 0.0200682 6.10317e-05 1.73245e-05 0.000728294 0.00475421 0.0496771 0.000188877 0.07945 0.000110677 
0.017556 0.430595 1.42949e-08 0.00892639 0.188737 6.19239e-05 0.00010272 0.0663791 0.194297 1.16258e-06 0.00478536 0.000322035 0.00251957 0.0195446 0.000104411 7.94743e-07 0.00210473 9.0543e-05 0.00148873 0.00589642 0.056485 1.85845e-06 
0.0430191 0.312461 0.0133636 0.126937 0.0064125 5.74632e-06 0.119148 0.0244681 0.00128338 0.00298876 0.108604 0.00205571 0.00191876 0.0302907 0.000225584 0.000175326 0.000190647 0.0104491 0.00472009 0.00381234 0.18747 2.39908e-07 
0.0466948 0.424888 0.00457895 0.0181927 0.0107319 3.32236e-06 0.00229237 0.0205096 0.0157652 0.000620276 0.000841749 0.00548156 0.000340552 0.0166354 0.0212111 1.24241e-05 0.00411022 0.00171894 0.0502431 7.49107e-05 0.354577 0.000476401 
0.00639617 0.535087 0.000465125 0.0146031 0.062305 0.000122632 0.000118487 0.0793486 0.000114162 0.000849563 0.0293383 0.00102885 0.00374935 0.00911744 0.0171333 6.10776e-05 0.00246179 0.0107129 0.126651 0.00787256 0.0920319 0.0004307 
0.0164549 0.360636 0.000278083 0.00813897 0.225916 0.000329619 0.00231498 0.0173529 0.00216461 4.06761e-05 0.00103481 0.00544546 2.81548e-06 0.0184794 0.00101857 0.000124048 0.0500839 8.0604e-05 0.0405612 6.22745e-06 0.00209493 0.247441 
0.0357259 0.318904 0.00168419 0.181729 0.00252011 3.14988e-05 0.00254183 0.0305657 0.125149 0.000232293 0.00391765 0.000290791 0.000374064 0.0261264 0.00182373 0.000174882 0.00588019 0.0144049 0.0297144 0.0103622 0.207846 5.50077e-07 
0.00978997 0.494176 0.000267333 0.0130352 0.0008879 6.24156e-05 0.0134779 0.0185214 0.186738 3.70766e-05 0.00345312 0.000714707 0.00034657 0.014389 0.00120467 1.21459e-05 0.00267995 0.0158671 0.153977 7.96232e-06 0.0703551 3.25469e-10 
0.00420836 0.53092 0.0188995 0.0158145 0.034201 0.114447 0.0346076 0.0529926 0.0684946 1.99384e-06 5.05093e-05 0.0126295 0.00892615 0.0131862 0.00178658 0.000497203 0.00432611 0.000852258 0.0170519 0.0107608 0.030949 0.0243973 
0.020154 0.590818 0.0348388 0.0112412 0.0326268 0.00110972 0.00217687 0.0289303 0.0874438 0.00371844 0.000186651 0.000917239 0.00329642 0.0551749 0.00857224 0.00323092 0.0328465 0.000362847 0.00262103 0.00333517 0.069555 0.00684363 
0.00912347 0.884173 0.000559055 0.0021375 0.0375927 3.53414e-05 0.00359816 0.0110303 0.00448612 6.81958e-05 0.000963939 0.000325373 0.000719792 0.00137622 0.000212215 3.92567e-09 1.31046e-05 0.00036839 0.000458165 9.08577e-06 0.0427234 2.62186e-05 
0.0719102 0.570423 0.00262056 0.00022284 0.182464 0.00171098 0.00544959 0.00844711 0.0101181 3.66995e-05 0.00184325 0.00403128 0.000770202 0.00479898 0.000309045 8.25736e-11 0.00014438 0.00384341 0.00128959 7.65905e-08 0.0742058 0.055361 
0.0754704 0.24737 0.00246537 0.00505362 0.139054 0.016927 0.0384263 0.230083 0.0182103 5.41109e-05 0.00154482 0.00168071 0.0127435 0.117397 0.00711275 0.000579101 0.000491784 0.00648094 0.00539964 3.10265e-05 0.0732608 0.000164179 
0.00820564 0.43161 0.0016319 0.0102844 6.10186e-06 2.86225e-05 0.0601601 0.0157962 0.252025 4.04293e-06 0.0084642 0.000118531 7.38395e-05 0.00903633 0.00108015 2.50557e-06 0.000648194 0.0127966 0.0829374 1.85674e-06 0.105089 2.50069e-07 
0.0741973 0.327147 6.78631e-05 0.10233 0.00262686 0.0245749 0.0440543 0.158675 0.0214117 0.000465121 0.000423431 0.0101474 0.000797143 0.00616691 0.000165854 0.00597835 0.000102256 0.0253491 0.0079881 0.00107154 0.186259 4.70978e-07 
0.00305732 0.924644 9.03594e-05 0.022825 0.00194646 8.64465e-05 0.000321497 0.0119467 0.00119541 5.63672e-06 8.05601e-05 0.00130859 1.35518e-05 0.000814887 0.000744563 2.57856e-05 0.000172368 4.66784e-05 0.00914539 4.2056e-05 0.0195919 0.001895 
0.208599 0.296448 0.00458666 0.026894 0.00713094 6.69966e-06 0.0180458 0.0178535 0.181845 0.00244933 0.0150243 0.0218869 0.000748552 0.0526228 0.00243572 6.90219e-05 0.000799488 0.013039 0.00793088 0.0101923 0.1102 0.00119177 
0.100205 0.458217 1.27558e-07 0.016314 6.3367e-07 8.43374e-05 0.0076526 0.00111284 0.205282 2.63124e-10 3.41635e-07 0.000366192 1.70901e-05 0.00741562 0.000667024 0.0352191 4.25942e-07 9.87227e-08 0.119947 1.6615e-07 0.0474979 1.21995e-10 
0.00237883 0.680548 0.000372031 0.0114584 0.00495679 3.91051e-05 6.92684e-05 0.00372267 0.0844589 1.76978e-09 4.10789e-05 1.48868e-07 0.000731669 0.00442418 9.12733e-05 8.95515e-09 0.000117237 1.80897e-05 0.0652706 5.6601e-09 0.141301 2.72605e-12 
0.000505864 0.352209 0.000692018 0.00393523 0.00480127 1.79739e-08 0.000352683 0.104467 0.268833 1.23397e-05 3.65707e-05 1.36812e-07 0.000229426 0.00200301 0.0505113 9.26018e-08 5.95317e-05 1.32177e-06 0.191121 0.000311625 0.0199171 9.96946e-09 
0.0459401 0.526068 0.000762575 0.0408113 0.0359638 0.000132808 0.00050959 0.0740123 0.032492 0.000593506 0.00136273 0.00318983 0.00013411 0.0370675 0.019375 3.95511e-05 0.000434791 0.00505853 0.00447399 0.0266252 0.14442 0.000533185 
0.0922014 0.436529 0.0285367 0.00752302 0.201862 1.76539e-05 0.00109325 0.0434852 0.0161362 8.51521e-05 0.00364289 5.41786e-05 0.000936483 0.103383 0.00413582 0.000240504 0.000812849 0.00168034 0.0186191 0.0066949 0.0315713 0.000759792 
0.0174304 0.399111 0.00202005 0.0773088 0.00428196 9.37448e-05 0.00386797 0.0591716 0.0265579 5.45988e-05 0.00156851 0.00326316 0.000354058 0.00962544 0.00212048 5.43289e-06 0.000125371 0.000294932 0.0335746 0.00348048 0.355689 4.30407e-08 
0.0606404 0.195246 0.0137585 0.0799114 0.0899568 0.00266697 0.0152217 0.141417 0.178918 0.010563 0.0061887 0.00670674 8.5944e-07 0.0529915 8.59682e-07 8.58687e-07 8.59795e-07 8.60148e-07 0.0224491 0.00472983 0.118629 8.59581e-07 
0.0164549 0.360636 0.000278083 0.00813897 0.225916 0.000329619 0.00231498 0.0173529 0.00216461 4.06761e-05 0.00103481 0.00544546 2.81548e-06 0.0184794 0.00101857 0.000124048 0.0500839 8.0604e-05 0.0405612 6.22745e-06 0.00209493 0.247441 
0.0477587 0.57857 0.000214679 0.0205704 1.75091e-05 0.0166312 0.0513163 0.000141506 0.129416 3.02451e-05 0.00048513 3.48336e-05 1.13625e-05 3.6446e-05 7.35273e-05 0.000493723 1.93214e-08 6.54933e-09 0.0999742 2.03268e-05 0.0542012 2.55407e-06 
0.0206563 0.32527 0.0126623 0.0627637 0.00239372 0.000188627 0.00767687 0.177229 0.10437 0.00056434 0.0019546 0.00038517 0.000119341 0.0366388 0.000324127 1.69488e-05 0.000982121 0.00182921 0.0522638 0.00500073 0.186546 0.000164495 
0.0164549 0.360636 0.000278083 0.00813897 0.225916 0.000329619 0.00231498 0.0173529 0.00216461 4.06761e-05 0.00103481 0.00544546 2.81548e-06 0.0184794 0.00101857 0.000124048 0.0500839 8.0604e-05 0.0405612 6.22745e-06 0.00209493 0.247441 
0.0167674 0.48736 0.000435218 0.0155998 0.00388177 0.000107782 0.194062 0.0168427 0.113981 0.000341921 0.000155717 0.000531789 0.00292995 0.0163781 0.0102193 1.02492e-06 0.000146526 0.00458433 0.0119181 0.00523673 0.0985186 1.23123e-07 
0.020381 0.295785 0.000497215 0.0316975 0.102967 1.76642e-05 0.206284 0.0290995 0.118749 1.12895e-05 0.00724285 0.00116025 0.000221722 0.0185801 0.0122762 5.50022e-05 0.00344275 0.0168721 0.00279511 0.00545645 0.126403 5.7383e-06 
0.012428 0.475751 0.00147751 0.0320497 0.138135 6.83367e-05 0.0013234 0.00930807 0.0373662 0.000746844 0.000861998 0.103672 0.000234777 0.105617 0.00315818 0.00155701 0.000130563 0.0178002 0.0345255 9.72894e-06 0.0220246 0.00175489 
0.105607 0.575497 0.00455113 0.000160158 0.0877427 1.20339e-05 7.6339e-05 0.00161965 0.127204 2.85454e-06 0.000225007 0.000449163 8.28436e-06 0.0682967 0.000249215 2.13556e-06 9.57228e-08 0.000119367 0.0110218 3.87746e-06 0.0171495 2.10144e-06 
0.0116892 0.448168 0.0042178 0.0444148 0.0009616 3.07051e-08 2.11344e-05 0.0619904 0.125435 5.19303e-11 2.89985e-11 0.000101556 9.46993e-09 0.00101719 0.000249893 7.04381e-06 2.61013e-08 8.46308e-09 0.000214726 0.00141745 0.300094 2.40771e-11 
0.0126247 0.304377 0.00134404 0.010582 0.0780058 0.000980877 0.0302916 0.0289137 0.011484 0.000627824 0.00289241 0.00888908 0.00250279 0.0315103 0.00769756 0.000150202 0.00234495 0.0431564 0.00458172 0.0196508 0.163007 0.234384 
0.006269 0.587811 4.89447e-05 0.0256574 0.000116774 0.00101145 0.00282565 0.0157752 0.0305391 9.20629e-07 0.00446887 0.000334128 0.000146373 0.00036931 0.000158407 1.07764e-05 9.46557e-06 1.29889e-05 0.279737 2.49838e-07 0.0445371 0.00015995 
0.0129476 0.704829 5.01325e-05 0.01706 0.0102421 5.3716e-05 0.0479258 0.063337 0.0296176 7.79787e-07 1.52063e-07 0.00102543 3.23855e-05 0.00662428 0.000379561 7.08137e-06 0.00195735 0.00434632 0.0392826 0.000166339 0.0136473 0.0464677 
0.004655 0.542976 0.00118583 0.00663945 7.77597e-05 2.29391e-06 0.00283621 0.022851 0.344783 6.45919e-05 0.000358964 0.0057779 0.00172463 0.00907858 0.000862042 0.00404028 6.48902e-05 0.0036519 0.0317013 7.02107e-05 0.016599 2.86496e-08 
0.0950538 0.4204 0.00125306 0.0294317 0.109722 9.93714e-05 0.0197274 0.117556 0.0516917 8.43596e-05 0.0103681 0.000664843 0.00030692 0.0402322 0.00483781 0.000100856 5.73864e-07 0.000170931 0.0395249 2.56589e-05 0.0586957 5.21172e-05 
0.0662032 0.616365 0.00119285 0.00688213 0.0393841 0.000182606 0.00824736 0.0297257 0.0773596 3.44617e-05 0.00283125 0.000512258 0.000184599 0.0272162 0.00487069 0.000187377 0.000523971 0.00663759 0.051685 0.000225902 0.0595483 2.17906e-07 
0.0698886 0.386524 0.00744004 0.0355464 0.0149934 2.20471e-05 0.00600607 0.0283844 0.0409562 0.00541008 0.0423886 0.00045427 0.000333154 0.0381238 0.0059953 2.54798e-05 0.00170864 0.00318834 0.209208 0.00514897 0.0965877 0.0016667 
0.219774 0.269259 0.00104986 0.0179955 0.178807 0.00151121 0.00740719 0.0225824 0.0667567 0.000141637 0.00622965 0.0019644 0.00144011 0.0385045 0.0109603 0.000478479 0.00395464 0.0168821 0.0206614 0.0247565 0.0832182 0.00566586 
0.0374349 0.485972 0.000308445 0.0280642 0.0080461 0.00152283 0.00940309 0.186524 0.0301339 0.000197061 0.00339913 0.00139164 0.000476759 0.0379831 0.00208654 0.000157001 0.002324 0.00467245 0.0135799 0.00412353 0.142181 1.8034e-05 
0.228791 0.553843 8.22686e-06 8.22999e-06 0.125078 0.00576826 8.22763e-06 0.0518581 8.23001e-06 8.21595e-06 0.0106979 0.00494363 8.22293e-06 8.23056e-06 8.22525e-06 0.0189044 8.22632e-06 8.22971e-06 8.22908e-06 8.2265e-06 8.2307e-06 8.22428e-06 
0.139403 0.33917 0.000323764 0.0368366 0.0635113 4.45745e-05 0.00346349 0.064187 0.130393 1.563e-07 0.00109799 0.00468564 0.0193333 0.0639357 0.00372175 0.0141437 0.000199114 5.5926e-05 0.0532786 0.00226428 0.059951 2.33654e-10 
0.0175369 0.832698 2.49571e-05 0.000591106 0.00511259 4.11724e-05 0.000200344 0.000523982 0.0975057 6.63836e-06 8.8714e-05 0.000210841 8.35947e-05 2.74332e-09 2.03562e-06 1.10109e-05 3.7888e-09 3.91388e-05 0.022842 0.00011442 0.0223663 1.61087e-09 
0.217248 0.315082 0.00392711 0.0272331 0.0918734 0.000861068 0.00138013 0.00360578 0.0133764 4.90079e-06 5.08666e-05 0.0232391 0.000295254 0.0518945 8.00795e-06 4.29115e-08 0.00107029 0.0328694 0.0108712 0.00409706 0.19996 0.00105148 
0.0818088 0.562827 0.00132398 0.022372 0.0996497 0.000399126 6.68147e-05 0.00446013 0.0931376 7.618e-05 0.000912228 0.000776247 0.000838414 0.00219981 7.14789e-07 3.69277e-06 0.000673322 0.0115202 0.00761457 0.0031638 0.106175 3.18847e-09 
0.125542 0.297554 3.12347e-05 0.00221577 0.154391 0.000104289 0.00508961 0.00307564 0.0734483 0.00058988 0.00145037 0.00126419 0.000446352 0.03513 0.0113416 1.22867e-07 0.00337085 0.00324988 0.236388 5.92685e-07 0.0452801 3.63431e-05 
0.229127 0.231338 0.00292678 0.0277008 0.0388982 0.00128118 0.00553852 0.156087 0.0486475 0.00229426 0.00632631 0.000939865 0.00533934 0.0569648 0.00149149 0.000549827 0.00325387 0.00855514 0.0133647 0.0258277 0.1265 0.00704848 
0.00537722 0.731541 0.000144041 0.014878 0.00409255 8.19903e-05 0.0902982 0.0130208 0.0362342 0.0003274 0.000243806 0.00100181 0.00466312 0.00381582 0.00371002 2.64325e-06 0.000110464 0.00165458 0.0101265 0.00943432 0.0692411 1.98824e-07 
0.0411135 0.263948 0.000168113 0.00549182 0.000139297 0.000245251 0.219716 0.0226624 0.214798 0.000766486 0.000986189 0.00020787 0.0018137 0.104328 0.00198273 4.92171e-05 5.23771e-07 0.0202493 0.0533151 1.21472e-08 0.0480191 2.73597e-09 
4.59711e-06 0.860348 3.64961e-07 5.05821e-06 0.1357 1.08696e-06 0.00147535 5.4459e-06 1.45572e-05 8.63957e-07 3.31141e-06 0.00193709 5.87833e-06 0.000476541 3.28864e-07 5.04579e-07 4.3641e-07 1.25176e-07 7.54805e-06 3.8548e-07 1.30263e-05 6.85321e-09 
0.17082 0.365971 1.49996e-06 1.28686e-06 8.89513e-07 0.000188963 0.00580069 9.40813e-07 0.0581959 1.25833e-06 3.6963e-10 0.000433158 4.74953e-07 2.375e-06 2.63745e-10 6.71666e-10 0.105343 7.43222e-11 0.155099 2.12335e-10 0.13814 3.06899e-10 
0.000572351 0.987689 8.94052e-08 2.30701e-07 0.00343119 1.35684e-06 1.55149e-05 1.41924e-06 0.00330902 1.23151e-06 0.000115494 8.23136e-07 1.98091e-05 0.00020315 0.00355749 4.39046e-07 1.48343e-06 3.41153e-08 6.4051e-06 1.92532e-06 0.00107122 1.40873e-07 
0.00901729 0.432949 0.00457384 0.0727933 0.00707673 4.63134e-05 0.111467 0.0247305 0.088572 0.000271792 0.00639449 0.000853651 0.00101091 0.0225248 0.00496972 1.13978e-05 9.64507e-05 0.00858549 0.0817457 0.00458846 0.117698 2.33859e-05 
0.0167674 0.48736 0.000435218 0.0155998 0.00388177 0.000107782 0.194062 0.0168427 0.113981 0.000341921 0.000155717 0.000531789 0.00292995 0.0163781 0.0102193 1.02492e-06 0.000146526 0.00458433 0.0119181 0.00523673 0.0985186 1.23123e-07 
0.0202192 0.356564 0.0650686 0.0886959 0.00398002 0.022092 0.043293 0.0299209 0.102484 0.00148602 0.000443885 0.0144499 0.0043987 0.0493702 0.00779213 0.000111875 0.00131959 0.00298649 0.0146941 0.0266779 0.143451 0.000501178 
0.0583571 0.34829 0.000153635 0.0197173 0.00621658 4.12355e-05 0.00438507 0.0257554 0.200949 0.000106494 0.00561741 0.00102853 8.74981e-05 0.00798318 0.00244011 2.76362e-06 8.28546e-05 0.00949799 0.196883 6.99227e-05 0.112312 2.31556e-05 
0.121159 0.411746 0.0809584 0.12267 6.94822e-05 3.03293e-10 4.08922e-10 1.82501e-05 5.18714e-06 0.00947103 1.66867e-05 2.10215e-06 9.15546e-10 0.0457148 5.29817e-07 1.68446e-09 5.4988e-10 1.86391e-10 9.4553e-06 0.208159 8.0776e-11 7.69666e-10 
0.0115326 0.572889 0.000188567 0.00143067 0.0256687 0.000781749 0.00423919 0.0104488 0.0318201 0.000348638 0.000567129 0.00435289 1.19588e-05 0.000216879 0.000750106 2.48583e-05 0.000129788 1.07833e-05 0.00693747 3.54431e-05 0.0293057 0.298309 
0.0466948 0.424888 0.00457895 0.0181927 0.0107319 3.32236e-06 0.00229237 0.0205096 0.0157652 0.000620276 0.000841749 0.00548156 0.000340552 0.0166354 0.0212111 1.24241e-05 0.00411022 0.00171894 0.0502431 7.49107e-05 0.354577 0.000476401 
0.0400658 0.43324 0.00426564 0.0292603 0.00336062 0.000146563 0.00101725 0.0412479 0.0444048 8.6286e-05 0.000156795 1.68958e-05 2.5961e-06 0.00277177 0.00426196 2.43784e-07 1.40958e-05 0.000133899 0.00166335 0.132089 0.261794 2.41094e-08 
0.0240145 0.663608 0.00502532 0.00543894 0.140086 0.00172479 0.0418306 0.016478 0.0343109 8.30716e-06 0.00253908 0.000137448 2.53929e-05 0.00929223 0.00310665 0.0083803 0.00182966 1.07461e-05 0.0016955 1.57562e-06 0.0404524 3.59808e-06 
0.0335767 0.222901 0.0822279 0.104097 0.0372711 0.0139508 0.015924 0.143603 0.018519 3.76099e-05 0.00293478 0.0290307 0.00225655 0.014518 0.00077376 6.40235e-05 0.00641266 0.00371956 0.0401515 0.000227504 0.0604872 0.167316 
0.125306 0.504863 0.0323439 0.0124902 0.0102789 3.72273e-05 0.000431523 0.0443505 0.0111253 0.000127957 0.0157971 0.00889913 0.000207976 0.0355058 0.00191098 5.78453e-06 0.000419364 0.101341 0.029186 0.00225057 0.024715 0.0384062 
0.0104963 0.607363 0.000668498 0.000395654 0.20984 4.48366e-07 4.20211e-07 0.0067815 0.000141668 4.32745e-06 0.149141 1.14074e-06 0.0141681 3.84098e-07 9.33664e-05 2.04341e-05 5.12846e-09 1.73838e-09 0.000872349 4.96646e-09 1.181e-05 7.1783e-09 
0.177511 0.241104 0.00110565 0.0478609 0.0752842 0.00154779 0.0681291 0.0432042 0.10914 2.04169e-05 0.0353966 0.00130269 0.000925049 0.0239493 0.0312749 0.00129259 0.0017022 0.00138481 0.0339671 0.0106084 0.0932827 6.71171e-06 
0.0452418 0.641156 0.00057498 0.0219992 0.0398479 6.45155e-05 0.00827593 0.0192008 0.0544005 0.00505485 0.0010765 0.00205495 0.00030031 0.00924589 0.000136357 2.64433e-06 4.95908e-05 8.02257e-05 0.0216182 0.000201996 0.129376 4.14594e-05 
0.0981353 0.797194 2.03011e-05 0.000111787 0.0757818 0.000545728 0.00223801 0.000559573 0.00804903 1.031e-06 0.00145596 0.00132288 9.07658e-06 1.30929e-05 4.10799e-07 1.04616e-06 3.41512e-07 1.15761e-07 0.00229786 1.66607e-05 0.012237 9.41841e-06 
0.0281463 0.319438 0.000395288 0.0908869 0.00358448 0.00635865 0.00820695 0.0742967 0.176117 4.9199e-05 0.000814482 0.00356367 0.000868707 0.00756452 0.000604713 0.000341232 0.000316338 0.0104509 0.168294 0.000391818 0.099305 4.98875e-06 
0.0152215 0.237765 0.00347053 0.0226389 0.0142894 0.000176582 0.00202156 0.115395 0.113828 0.00172342 4.72594e-05 0.00560709 0.00200968 0.0232449 0.228928 0.0745081 0.00308766 0.00504076 0.0959623 0.00130075 0.0335669 0.00016659 
0.00429064 0.702405 2.19355e-05 0.00532274 0.000134911 2.29382e-05 0.0225616 0.00488726 0.104902 7.34077e-05 0.000434885 0.000196371 0.000357951 0.00417643 0.00197648 5.11646e-06 0.000123968 0.00536145 0.0915589 1.31281e-09 0.0511859 9.40973e-13 
0.0571605 0.402056 0.0023029 0.00852478 0.137685 0.000350649 0.00700631 0.0133537 0.132159 0.000146747 0.000249753 0.000701727 0.000737413 0.126952 0.000136753 2.92762e-05 0.00167327 0.00621694 0.00110306 0.000160187 0.101288 5.38744e-06 
0.0140021 0.333996 4.73299e-05 0.0249728 0.00366325 0.00809931 0.0651979 0.154176 0.057107 3.43022e-05 0.00133592 0.0173351 0.00113326 0.00345563 0.000807202 0.00294075 0.000352377 0.000515436 0.02011 6.54774e-05 0.290653 5.978e-07 
0.0796739 0.424876 1.21003e-05 0.000778935 0.0919578 0.107144 0.0671656 0.0333363 0.0150889 5.53377e-07 3.90775e-05 0.00708393 4.03603e-05 0.00900825 4.93331e-07 3.83898e-06 0.000323785 0.000738688 0.00694177 2.20352e-06 0.0952308 0.0605523 
0.0827719 0.324725 3.69248e-05 0.105486 0.00153771 0.0313795 0.0248378 0.18828 0.0216094 8.73043e-05 0.000448267 0.00795715 0.000529408 0.00281892 4.57604e-05 0.00786443 0.000136339 0.0099229 0.00837564 0.000138138 0.181011 6.27759e-07 
0.0748164 0.433053 0.00362781 0.124685 0.0789982 0.000133798 0.00382177 0.0548938 0.0476036 0.00130864 0.000960236 0.00191449 0.000324686 0.0599285 0.00488134 0.000141701 0.00654989 0.00572712 0.00969361 0.00216479 0.0552399 0.0295318 
0.00919149 0.324345 0.00336499 0.130193 0.0206156 6.57624e-05 0.000783349 0.0151887 0.0251397 0.000128102 0.156186 0.00128592 0.00132873 0.0257248 0.000250927 6.63261e-06 0.00226498 0.0563328 0.00923338 0.139663 0.0787063 1.12978e-08 
0.016089 0.604048 0.00823929 0.0256649 0.00884241 0.000140094 0.00746996 0.0215671 0.186159 0.000194147 0.00181465 0.00109774 0.000813368 0.0320604 0.00633688 0.00090303 0.00114277 0.00306077 0.0157982 0.00340702 0.0551355 1.6216e-05 
0.0589341 0.691159 3.49752e-05 0.00126648 0.000911379 0.000235689 0.039877 0.00257852 0.126167 0.000239455 0.000157824 0.000175838 5.25085e-06 0.00465812 0.000126917 3.50526e-06 0.00402253 0.00010456 0.000851963 0.000133686 0.068269 8.81703e-05 
0.0191582 0.475396 0.000113464 0.00292157 0.0583862 0.000278372 0.0396443 0.00404344 0.0395923 0.000703867 0.000269653 0.0428303 8.63492e-05 0.00608298 0.000235704 7.78584e-06 0.000254224 0.00964503 0.00194393 4.53523e-05 0.298357 3.34577e-06 
0.0340038 0.681731 1.12289e-11 0.0211395 0.00514417 0.000496931 0.0154578 0.0361481 0.0238184 1.20567e-07 1.7168e-07 0.000280804 1.09984e-08 0.00671785 0.00361709 3.87221e-11 0.0065028 0.000307291 0.0204341 6.39701e-09 0.0621272 0.0820724 
0.0654709 0.191522 0.00406589 0.140739 0.0297386 0.00217846 0.0733347 0.0561069 0.073335 0.00937982 0.0217721 0.00607023 0.0161371 0.0306367 0.00234348 1.28953e-05 0.00390442 0.00311386 0.124608 0.00433182 0.140821 0.0003769 
