0.0857545 0.517779 0.000958728 0.0494813 0.00638701 8.88426e-05 0.0063067 0.0181194 0.136745 0.000613194 0.000655871 0.00789607 0.00189099 0.0300848 0.000507262 2.94126e-05 0.00295407 0.00907106 0.0574279 0.000795018 0.0664542 3.19525e-12 
0.211382 0.218738 0.0352346 0.0739838 0.13244 3.53351e-05 0.00747777 0.00526649 0.0447321 9.87267e-06 0.000331044 0.00137911 5.18451e-05 0.206234 1.97876e-06 1.38748e-06 0.00139645 0.000306729 0.0110774 0.0194547 0.0304661 5.17221e-09 
0.00181377 0.858671 0.00289023 0.000796817 0.012788 2.40621e-05 0.005584 0.00199656 0.00854242 0.000144004 0.000613418 7.86852e-05 3.53651e-05 0.0246627 0.000401661 3.60239e-05 0.000100224 3.92152e-05 0.000610464 3.45007e-06 0.0801674 9.41967e-07 
0.112974 0.520896 0.000153144 0.00599867 0.0200933 1.25387e-05 0.000546523 0.00237305 0.172729 2.93434e-06 0.000562743 0.000313911 0.000858709 0.0297079 8.05712e-05 9.18149e-07 6.38664e-05 0.000163235 0.027386 0.00148738 0.103586 1.00402e-05 
0.0719102 0.570423 0.00262056 0.00022284 0.182464 0.00171098 0.00544959 0.00844711 0.0101181 3.66995e-05 0.00184325 0.00403128 0.000770202 0.00479898 0.000309045 8.25736e-11 0.00014438 0.00384341 0.00128959 7.65905e-08 0.0742058 0.055361 
0.00136049 0.954341 2.23097e-13 2.00623e-05 0.000813788 1.6624e-09 7.86469e-08 0.000444564 0.0228572 2.73294e-06 0.000265507 2.25666e-05 1.90264e-08 7.38021e-05 0.000757989 1.16016e-07 0.000103757 1.17487e-09 0.00711137 2.43211e-13 0.0118246 3.51526e-13 
0.0173677 0.568284 0.00028146 0.00763455 0.00444689 1.32106e-05 0.14373 0.00709531 0.0915387 1.26284e-05 0.000182272 0.00318069 0.00317408 0.0212004 0.00221104 8.33429e-07 0.00101726 0.000656747 0.0276923 5.49004e-06 0.100275 1.09053e-11 
0.0277912 0.467945 0.000455033 0.00358661 0.00780022 5.24421e-05 0.00341006 0.0286656 0.258167 5.23794e-05 0.00338818 0.00321728 0.00301624 0.0456147 0.00278678 3.75449e-05 0.0252386 0.0014445 0.00905529 0.0285926 0.0796835 1.52398e-08 
0.00572938 0.550582 9.02553e-07 0.0127508 0.00319103 8.83097e-05 0.0998589 0.0107806 0.189127 1.4774e-06 0.00322189 0.00100313 0.0016631 0.00147147 0.000368462 6.6017e-05 0.000668245 6.11832e-05 0.00471587 0.000613095 0.114037 5.39359e-12 
0.0301454 0.460696 0.00479012 0.0761342 0.0103744 0.00187864 0.00253322 0.00815323 0.107728 0.000499178 0.0134501 0.00141283 0.00296232 1.72377e-07 0.00516817 0.0011014 0.00232606 0.00586038 0.196199 0.00814958 0.0604366 1.72246e-07 
0.0179604 0.655108 0.000228531 0.00959446 0.0112082 9.20943e-05 0.0359455 0.0261744 0.032796 0.000100308 0.00057815 0.0414889 0.00115522 0.00545753 0.00225894 1.10355e-07 8.94772e-06 5.77306e-05 0.00488927 0.000228129 0.154294 0.000374779 
0.126314 0.22004 0.00230719 0.0426408 0.0379817 0.00086562 0.00320734 0.0278237 0.111846 1.46206e-05 0.00410727 0.00604788 0.000746099 0.176986 0.0202271 0.00154072 0.00287153 0.00701003 0.0352671 0.00025005 0.171882 2.35657e-05 
0.135247 0.345811 0.00209464 0.0224988 0.0103762 7.39661e-06 0.00486662 0.134205 0.0312804 0.000120059 0.0010396 2.75575e-05 0.00018469 0.0195946 0.0244246 0.000396278 0.000146927 0.000103655 0.0371649 0.00134069 0.229068 3.26944e-07 
0.00203841 0.830489 3.80301e-07 0.00403968 0.000432315 5.56789e-05 4.28644e-06 0.0524463 0.00441667 4.365e-07 0.025069 0.000378882 8.20358e-06 0.000822476 0.00136417 7.87729e-08 1.01057e-07 8.66224e-06 0.0150005 2.3147e-08 0.0634252 3.71682e-08 
0.0461393 0.486942 0.0089584 0.0485355 0.11093 1.83478e-05 7.49096e-05 0.00660787 0.0084089 0.00803946 0.000430061 0.000506356 8.22514e-09 0.158249 8.41305e-07 1.54531e-05 0.0230811 0.0419033 0.0261 0.0219315 0.00311232 1.49692e-05 
0.0874099 0.270615 0.00220017 0.0688129 0.0427981 0.000121874 0.0241732 0.053026 0.117208 0.00150355 0.00606609 0.000218504 0.000185875 0.0412025 0.0375861 4.43298e-05 0.017803 0.0299716 0.151945 0.00372051 0.0433652 2.17093e-05 
0.107304 0.218309 0.00941979 0.0326743 0.045305 5.72408e-05 0.00958654 0.0961987 0.109227 0.000460686 0.0114666 0.00268946 0.00084838 0.058846 0.0102063 0.00767511 0.0186041 0.0085256 0.125768 0.00183697 0.124991 8.4485e-08 
0.00537722 0.731541 0.000144041 0.014878 0.00409255 8.19903e-05 0.0902982 0.0130208 0.0362342 0.0003274 0.000243806 0.00100181 0.00466312 0.00381582 0.00371002 2.64325e-06 0.000110464 0.00165458 0.0101265 0.00943432 0.0692411 1.98824e-07 
0.0888254 0.505397 0.00857592 0.00821807 0.19844 0.000367642 0.000194352 0.031632 0.00850114 1.19625e-05 0.00510793 0.0563996 0.000121566 0.0070088 0.0569483 7.03296e-06 0.000213376 6.8657e-06 0.00216471 0.00265835 0.00887004 0.0103298 
0.00918144 0.466767 0.00011505 0.0156072 0.0021342 4.52262e-05 0.24569 0.00586808 0.119429 1.23279e-06 8.84629e-05 0.00186377 0.00169519 0.00268462 0.00984246 4.34074e-05 8.33653e-05 5.03149e-05 0.00440043 9.45277e-06 0.114399 9.22414e-12 
0.0520863 0.273855 0.00153039 0.106891 0.0903228 0.00427975 0.00482035 0.0709028 0.0464407 4.85407e-05 0.00273118 0.00767665 0.00233427 0.025136 0.00155327 0.00437001 0.0185867 0.0107186 0.0323863 0.000216633 0.238577 0.004536 
0.0296056 0.482132 0.0150779 0.0549645 0.0104361 0.00223756 0.0330187 0.0832398 0.0494677 0.000901029 0.00303703 0.00673233 0.0018059 0.034306 0.00532254 0.00366479 0.00177428 0.0205809 0.0245702 0.0029148 0.126755 0.00745524 
0.127683 0.329377 0.000962306 0.0269595 0.100736 0.00532285 0.0722011 0.106962 0.0279772 2.41216e-05 0.000615204 0.00291042 0.00154569 0.0513696 0.000558234 0.00040359 9.20081e-05 0.00847391 0.0205509 0.000166864 0.115108 2.70673e-07 
0.0214054 0.346495 0.00311248 0.189929 0.00102885 0.000576975 0.00407843 0.0506426 0.0230509 1.53988e-06 0.00108748 0.00102054 0.000204613 0.00780514 0.005399 0.000957259 0.000509369 0.0228011 0.0762416 0.000450361 0.21222 0.0309819 
0.0500912 0.254477 0.00153119 0.0210843 0.171152 0.00107569 0.0092566 0.190227 0.0826624 4.81129e-06 0.00721975 0.0874302 0.000234523 0.0199672 0.00477023 7.14279e-05 0.000794085 0.000283433 0.0122458 0.0137598 0.0662696 0.00539167 
0.00312798 0.46296 0.000268877 0.0113054 0.0010617 0.000115826 0.0595124 0.0212816 0.230628 1.02165e-05 4.20093e-05 0.012938 0.000455883 0.00473168 0.000283167 1.57461e-05 0.00210469 0.0328211 0.00728378 0.000207887 0.148845 1.1963e-10 
0.0349886 0.823684 8.96298e-05 0.00771536 0.00954946 1.37315e-05 6.68032e-05 0.0146467 0.0419803 2.21944e-06 0.0015784 0.000226456 2.78834e-05 0.000171833 6.94192e-07 3.68093e-06 3.43705e-05 7.78891e-05 0.010533 0.000423519 0.0541735 1.19595e-05 
0.0260041 0.22875 0.00508665 0.0815648 0.000737792 0.000154888 0.0846262 0.098655 0.122464 5.60471e-05 0.00415763 0.000806591 0.00269618 0.0246002 0.00252653 7.3741e-08 0.00151374 0.0175976 0.0270374 0.0435967 0.227368 1.11391e-09 
0.0258616 0.336315 0.00292657 0.0436205 0.0105429 0.000219181 0.00365455 0.0398265 0.122492 5.15509e-05 0.00359641 0.000306267 6.26551e-05 0.0468567 0.00850709 0.000179518 0.00169525 0.0336505 0.205833 0.000247236 0.113549 5.68004e-06 
0.0211773 0.35218 0.00326454 0.0278475 0.00228161 3.66398e-08 6.29674e-05 0.101849 0.0979175 4.72614e-08 0.00018605 3.68048e-05 2.92211e-05 0.0013071 0.0852277 0.00509506 8.61908e-05 0.000318808 0.173252 0.000293929 0.127586 3.05752e-09 
0.0167586 0.772051 0.000189014 0.020148 4.49464e-08 1.02394e-05 0.000228282 0.0219951 5.30164e-08 9.54245e-09 0.001141 0.00248545 3.38901e-05 0.0136656 0.00576707 3.10725e-08 0.000356494 0.00056849 0.00751207 0.000298055 0.136792 5.14392e-13 
0.043362 0.620805 0.000243629 0.0166176 0.0332581 3.41274e-05 0.00209645 0.0427319 0.0213957 0.000807065 0.00330098 0.000416203 0.000318463 0.0119932 0.027274 3.00425e-05 0.000147571 0.0166717 0.0611094 3.17314e-06 0.097384 6.48453e-11 
0.273785 0.307946 0.00600134 0.0212396 0.00223007 0.000304665 0.00398807 0.00489612 0.114011 0.000154744 0.000670123 0.00106851 0.000170762 0.07915 0.000393041 1.66503e-05 0.0170408 0.00492955 0.0146826 2.82491e-05 0.147277 1.61506e-05 
0.00885523 0.488609 0.00544152 0.120488 0.00833563 6.8651e-05 0.00393341 0.0362576 0.112279 9.11726e-05 0.0100447 0.00059936 5.72607e-05 0.0165722 0.000520943 2.10855e-06 6.86086e-06 0.00370161 0.131312 0.00280552 0.0499683 5.05987e-05 
0.0466948 0.424888 0.00457895 0.0181927 0.0107319 3.32236e-06 0.00229237 0.0205096 0.0157652 0.000620276 0.000841749 0.00548156 0.000340552 0.0166354 0.0212111 1.24241e-05 0.00411022 0.00171894 0.0502431 7.49107e-05 0.354577 0.000476401 
0.218625 0.448914 0.000244751 0.0124057 0.00254453 2.76921e-05 0.00550811 0.00719936 0.0521315 2.27902e-08 0.000635209 0.000397455 2.02271e-05 0.00342401 0.0045046 5.12617e-08 4.98357e-08 0.00119535 0.00231394 1.94345e-08 0.239908 1.68361e-12 
0.000662066 0.746153 0.000181947 0.00773428 0.00105815 0.000151964 1.65834e-05 0.0286192 0.000530513 4.67626e-09 0.00223051 0.000563406 0.000116266 0.000538958 0.00018633 5.51869e-09 9.23816e-06 1.34964e-05 0.0159059 1.01322e-05 0.195319 9.84511e-09 
0.0483992 0.57059 2.90224e-05 0.00216097 0.233285 0.00034724 0.000846823 0.0254148 0.0389483 0.00010889 0.000192628 0.00779937 0.00167911 0.0215946 0.0035867 2.52673e-05 0.014102 0.000516111 0.00867393 7.277e-05 0.0216032 2.43544e-05 
0.18059 0.35105 1.12342e-06 0.00566879 0.115724 0.00302174 0.0887935 0.0781109 0.00871232 8.83206e-07 0.000117802 1.59462e-05 1.62743e-06 0.0399302 2.20073e-07 2.18207e-06 0.0050751 1.87454e-05 8.12138e-07 7.19239e-07 0.123131 3.21408e-05 
0.00854004 0.428557 6.45558e-05 0.00869289 0.00225444 7.69495e-05 0.254584 0.0204522 0.125675 2.3942e-06 0.00108688 0.00074469 0.00114737 0.00389606 0.00274269 1.8195e-05 0.00033579 0.00811519 0.0356394 0.000632738 0.0967404 2.68351e-12 
0.0451147 0.324426 0.00429101 0.00111197 0.00533151 1.74127e-05 0.0142136 0.00668277 0.282067 2.61078e-05 0.00154175 0.000225507 0.00097613 0.0474501 0.00210712 1.07978e-05 6.12501e-05 0.0300569 0.0269495 1.50708e-07 0.207339 1.05449e-09 
0.0565004 0.478963 0.00800545 2.28748e-06 0.0731866 0.0118952 2.28683e-06 0.0622231 0.00251852 2.28358e-06 2.28548e-06 0.0107478 2.28552e-06 0.0295129 2.28617e-06 2.28352e-06 2.28646e-06 0.0068645 0.0121246 2.28651e-06 0.127654 0.119783 
0.0263313 0.514723 0.00821551 0.00937275 0.0722234 0.000190725 0.0655453 0.0104461 0.180601 0.000223894 0.000625235 0.000571055 0.000508467 0.03348 0.00111894 5.28952e-05 0.000259089 0.00210656 0.0290645 0.00038049 0.0439599 3.40646e-08 
0.00946606 0.757736 0.00432604 0.0375016 0.000696665 7.02023e-06 0.00145997 0.00333609 0.00928554 0.000114284 0.000874325 3.94119e-05 8.11741e-06 0.0798362 0.00638952 9.38344e-05 0.00126492 9.97108e-05 0.0481112 0.000337325 0.0389452 7.06953e-05 
0.0130388 0.368017 0.0136596 0.0437483 0.0181535 7.02799e-05 0.0804537 0.0279033 0.0272717 0.000295917 0.0258704 0.000296364 0.00202173 0.0411071 0.00434177 2.35488e-08 0.00617621 0.00948205 0.0553624 0.0716861 0.191043 1.34763e-11 
0.00114228 0.472127 0.000249628 0.000563354 0.350017 1.84867e-08 0.000700817 0.00647882 0.00236499 3.97381e-07 4.40897e-07 0.000415211 5.4692e-08 0.0161375 0.000392863 0.000504234 0.131079 0.000119252 0.0040256 2.1442e-07 1.44021e-06 0.0136792 
0.00116351 0.570339 0.00125813 0.0546279 0.00049847 0.000141243 0.00162494 0.0103321 0.0378595 0.000102007 0.0353662 0.000220961 0.00353055 0.00374142 5.98852e-05 1.02384e-08 0.000383157 0.00275706 0.0781202 0.0823234 0.115551 3.21043e-12 
0.0318164 0.337546 0.110947 0.0426835 0.144646 0.000179162 0.0114718 0.050902 0.038261 4.54668e-09 2.53892e-09 0.000199306 4.58147e-07 0.0605909 0.00443582 7.12305e-07 4.5466e-05 0.000202612 0.00373711 0.0541107 0.0637675 0.0444564 
0.202579 0.386078 0.00159169 0.0452329 0.0358492 0.000214635 0.0104915 0.116524 0.0349266 2.93835e-05 0.00581579 0.00340808 1.78289e-05 0.0192481 0.00295257 0.000226462 0.000349552 0.000175447 0.00897675 0.0006273 0.124502 0.000182611 
0.121159 0.411746 0.0809584 0.12267 6.94822e-05 3.03293e-10 4.08922e-10 1.82501e-05 5.18714e-06 0.00947103 1.66867e-05 2.10215e-06 9.15546e-10 0.0457148 5.29817e-07 1.68446e-09 5.4988e-10 1.86391e-10 9.4553e-06 0.208159 8.0776e-11 7.69666e-10 
0.0174681 0.654808 0.00169559 0.00380037 0.0834104 7.43531e-06 0.00020047 0.0035003 0.0604976 0.0639501 0.00342149 8.86976e-05 0.0548375 0.00912826 0.000158005 0.000219431 0.000118562 0.000395411 0.0146241 0.0016744 0.0259948 1.1587e-06 
0.0632469 0.319034 0.0192616 0.127966 0.0502183 6.11714e-05 0.00725727 0.0347484 0.134313 1.86122e-05 0.000789411 0.00182607 0.00185281 0.07016 0.00636639 8.34121e-06 0.00254138 0.00901116 0.0385489 0.0189044 0.0938614 4.69937e-06 
0.075221 0.46721 0.00553285 0.0173373 0.00909622 1.96331e-06 0.00106496 0.125959 0.00403009 0.014397 0.00220458 0.000562784 0.00523709 0.0486965 0.00598309 6.83089e-07 0.00218256 0.000714179 0.0553159 0.00124352 0.158009 2.00841e-08 
0.0538347 0.608426 0.00496981 4.40687e-05 0.204033 0.000505297 0.00274619 0.0163328 0.0223276 4.56074e-05 0.00495249 0.00516808 0.000487886 0.0238898 0.00621119 6.58138e-08 2.37689e-06 0.000143898 0.000858577 1.39908e-05 0.041715 0.0032916 
0.0231286 0.785622 0.000191169 0.00616347 0.0119755 0.000419165 0.011336 0.0154417 0.0104919 0.00266746 0.00040464 0.0003501 2.29938e-05 0.0101303 0.00108378 2.38203e-06 2.53895e-05 0.00571685 0.00390282 0.0021261 0.108797 7.78048e-07 
0.0123549 0.305967 0.0012937 0.151359 0.000576379 1.09802e-05 0.00108334 0.165928 0.00820719 0.000135514 0.0129296 0.000826596 0.0010953 0.0164009 0.00416672 1.06307e-05 2.02982e-08 0.00370255 0.105746 0.000872929 0.207333 2.65268e-11 
0.026957 0.720732 0.000245106 0.100593 0.0241368 0.00031392 0.000207593 0.00148741 0.00569099 9.81512e-05 0.000171143 0.000101701 1.02448e-05 0.00357399 0.044362 0.00025685 0.000365799 9.5855e-05 0.0134036 8.54486e-05 0.0561125 0.000998723 
0.00919149 0.324345 0.00336499 0.130193 0.0206156 6.57624e-05 0.000783349 0.0151887 0.0251397 0.000128102 0.156186 0.00128592 0.00132873 0.0257248 0.000250927 6.63261e-06 0.00226498 0.0563328 0.00923338 0.139663 0.0787063 1.12978e-08 
0.0107138 0.533294 0.000485792 0.0071412 0.00189332 3.29676e-05 0.0054094 0.00458031 0.149805 5.54496e-05 0.000253698 0.000244933 0.000410529 0.00311431 9.53833e-06 1.4158e-05 8.485e-05 0.000475592 0.00216632 8.00725e-06 0.279807 1.34244e-09 
0.0392898 0.265131 0.00630052 0.0104545 0.194423 0.000843452 0.00144059 0.0216592 0.0037543 0.00149527 0.000643951 0.0304155 0.000163068 0.146834 0.000633925 0.00011185 0.0707986 0.0221964 0.0252633 9.54889e-05 0.00406999 0.153982 
0.00417745 0.456073 3.25731e-06 0.0128188 0.00479366 3.3059e-08 0.00314817 0.121376 0.0230892 3.21445e-11 6.53333e-07 0.000211886 0.00114349 0.0159952 0.173172 6.30772e-05 6.31559e-08 0.000527572 0.00639774 2.02107e-05 0.176988 5.16591e-08 
0.0832974 0.403813 0.000762929 0.143059 0.00856782 0.000174545 0.00479031 0.0450836 0.107022 0.00603861 0.000448762 0.00159795 0.000786193 0.0122828 0.00247286 8.56332e-05 4.86255e-05 0.000788679 0.0616656 0.000497706 0.0932073 0.0235092 
0.0586804 0.36816 1.10182e-06 2.55871e-06 0.0466002 0.000564124 4.84743e-06 0.365568 0.0425576 4.3171e-07 8.72898e-07 1.60702e-06 8.10659e-07 0.026287 4.64777e-11 1.18362e-10 1.789e-06 0.0505757 0.00167446 0.0392417 2.24045e-05 5.40822e-05 
0.06732 0.437692 0.00139684 0.0245211 0.00557434 0.00227969 0.0797442 0.0477122 0.156052 0.000441606 0.00160038 0.00161384 0.0103833 0.0146647 0.0135144 0.00104742 0.0010543 0.00464017 0.0225704 0.00559037 0.100561 2.65139e-05 
0.0051366 0.241228 0.00106696 0.0927273 0.0047867 0.0182485 0.0488968 0.126265 0.0928963 8.79601e-05 0.00575331 0.0101353 0.0375073 0.0119944 0.00100531 7.45978e-07 0.000216916 0.00354531 0.0993317 0.0019292 0.19724 2.04489e-07 
0.00885523 0.488609 0.00544152 0.120488 0.00833563 6.8651e-05 0.00393341 0.0362576 0.112279 9.11726e-05 0.0100447 0.00059936 5.72607e-05 0.0165722 0.000520943 2.10855e-06 6.86086e-06 0.00370161 0.131312 0.00280552 0.0499683 5.05987e-05 
0.0558155 0.338828 0.000719427 0.0215264 0.00208998 9.42246e-05 0.0902443 0.015891 0.1823 9.76917e-05 0.000178781 0.000873064 0.000492267 0.00823955 0.00134378 3.34403e-07 7.58442e-05 0.00010138 0.0351112 1.31195e-07 0.245695 0.000282196 
0.00962979 0.632018 0.000537149 0.0807345 0.028806 2.34352e-06 0.000294173 0.0239961 0.0381469 2.78815e-06 6.56574e-05 0.00342469 2.64235e-05 0.0403629 0.00110173 0.000471167 0.0466601 0.000121008 0.0429956 0.000178795 0.0393054 0.0111191 
0.0424777 0.387516 1.09363e-07 0.0564335 0.00904747 0.000100275 0.000270229 0.0931596 0.118149 2.61017e-07 0.000583112 0.000463707 1.88382e-06 0.0075619 1.0019e-07 2.81531e-10 0.000463881 2.75311e-05 0.00465205 4.30285e-06 0.279004 8.35188e-05 
0.030411 0.580832 2.75137e-05 0.0107095 0.0140556 0.0074759 0.0321395 0.135453 0.0705098 2.97923e-05 0.00077339 0.00820811 0.000719069 0.00189335 7.11652e-06 0.00050238 0.000110112 0.000354769 0.0114773 0.000118046 0.0941852 7.50173e-06 
0.0602574 0.30991 0.000656214 0.0124993 0.00204681 2.82128e-06 2.54251e-05 0.108042 0.0255105 5.52589e-05 0.00540619 4.96106e-05 0.000109065 0.0224335 0.000605101 6.97065e-06 0.0294699 0.158841 0.163074 0.00312711 0.0978714 1.15232e-11 
0.00778088 0.710428 0.00941502 0.053415 0.0203819 3.22977e-07 5.54152e-06 0.0128015 0.125282 2.53944e-07 9.8394e-07 1.14272e-06 1.74809e-06 0.000451088 3.91988e-05 3.18746e-05 8.42685e-05 3.6899e-08 0.00255762 1.13711e-07 0.0573209 5.37494e-10 
0.00420836 0.53092 0.0188995 0.0158145 0.034201 0.114447 0.0346076 0.0529926 0.0684946 1.99384e-06 5.05093e-05 0.0126295 0.00892615 0.0131862 0.00178658 0.000497203 0.00432611 0.000852258 0.0170519 0.0107608 0.030949 0.0243973 
0.0674569 0.290742 0.0012029 0.020428 0.0094498 2.0269e-06 0.000260445 0.0657697 0.158197 4.37601e-05 0.000329168 0.011659 4.94104e-06 0.0632961 0.00135055 1.65015e-05 0.00693965 0.0178065 0.00550992 0.0010686 0.278465 1.48291e-06 
0.0563825 0.718737 0.0137213 0.0139376 0.0399457 0.000826731 0.00110328 0.0100819 0.0229477 0.00794153 0.00910104 0.00185674 0.000815073 0.00973394 0.0329842 4.68479e-07 1.52932e-07 0.0343278 0.00168501 0.00776063 0.0161099 2.14059e-07 
0.0455072 0.307354 0.00561704 0.0290916 0.0112308 0.00264947 0.0150707 0.121117 0.0731204 0.000728105 0.00180544 0.0170316 0.000691761 0.0426467 0.00235412 0.000670413 0.00544173 0.00697338 0.0217123 0.00418769 0.2845 0.000499251 
0.0534936 0.811783 6.26398e-05 0.00929342 0.0315421 5.80019e-05 0.000480575 0.00648522 0.0174168 0.00394335 0.000590926 0.000604179 0.000156832 0.0358295 0.00336307 5.61635e-07 0.00682715 0.00174839 0.000206498 1.02783e-05 0.0160885 1.53461e-05 
0.0164549 0.360636 0.000278083 0.00813897 0.225916 0.000329619 0.00231498 0.0173529 0.00216461 4.06761e-05 0.00103481 0.00544546 2.81548e-06 0.0184794 0.00101857 0.000124048 0.0500839 8.0604e-05 0.0405612 6.22745e-06 0.00209493 0.247441 
0.0565807 0.409758 0.000412059 0.014644 3.76879e-05 3.47526e-05 0.00220009 0.0193475 0.15882 7.24339e-05 0.00185173 5.78366e-05 2.71219e-05 0.0919512 0.0272898 5.98132e-05 7.09381e-06 0.0327805 0.167615 9.16035e-06 0.0164442 1.51585e-07 
0.0186931 0.41892 0.000327362 0.0098808 0.00422504 0.000117487 0.209425 0.0170248 0.108615 0.00143224 0.000207606 0.00144077 0.00137178 0.029643 0.00642601 6.02319e-07 0.000427233 0.0407298 0.0113319 0.00487588 0.114884 1.21667e-07 
0.0657649 0.321816 0.00269724 0.011321 0.0634494 0.000123418 0.00902327 0.0241052 0.107182 8.49171e-06 0.000115919 0.00527677 6.5453e-05 0.260906 0.000447763 0.000166762 0.00170536 0.00189637 0.000364961 6.18591e-05 0.123502 2.16886e-07 
0.111865 0.330414 0.00196498 0.00128572 0.00271557 1.07825e-05 0.00123346 0.0514651 0.0692804 8.01506e-06 0.00192153 0.00225819 0.000331695 0.0336211 0.000409988 8.2265e-05 0.0279684 0.00309963 0.0428074 3.91195e-05 0.317218 4.59473e-09 
0.0119499 0.843806 1.43615e-05 0.000726702 0.000631802 3.02102e-09 0.000359725 0.00468012 0.00486677 1.83032e-09 0.000138373 0.000113121 0.000591637 0.000317075 9.23709e-06 1.37591e-09 2.24466e-13 1.04051e-05 0.0090614 1.93485e-09 0.122724 1.28847e-09 
0.0540347 0.556396 0.00012762 0.0431134 0.00472014 4.97566e-05 0.00504074 0.0586675 0.0125578 0.0504217 0.000492064 0.00122422 5.04812e-08 0.0342372 3.78863e-06 2.57808e-05 3.10681e-05 9.15058e-05 0.0196605 0.0411321 0.117972 6.98626e-10 
0.0886719 0.306602 0.00302682 0.0361919 0.0702803 0.00012792 0.00858624 0.0270781 0.0970293 0.000130868 0.000313619 0.00470328 0.000619385 0.20002 0.000673541 0.000141027 0.00159444 0.0012083 0.00165466 0.00254139 0.148803 1.99742e-06 
0.045375 0.294769 0.000141926 0.0805976 0.110447 6.53852e-05 0.00169728 0.0867218 0.0722423 0.00645171 0.000962087 0.000204509 0.00205739 0.0162875 0.0711532 0.00026192 0.000944357 0.000136281 0.0621458 0.0463684 0.100968 8.74605e-07 
0.011522 0.508664 0.000300158 0.00825888 0.00483871 0.00324672 0.159552 0.0261286 0.0742291 8.99197e-05 1.76485e-05 0.00282563 8.95506e-05 0.00995253 0.000361649 3.85354e-05 0.0013661 0.00199755 0.00515683 1.74775e-05 0.0759176 0.105429 
0.0193971 0.349124 1.97562e-05 0.0181085 0.001253 0.000599506 0.283381 0.10325 0.046006 1.63725e-06 1.8527e-05 0.0116679 0.000360497 0.00142855 0.00011091 5.39457e-08 0.00362057 0.00326161 0.00382944 5.56801e-05 0.154505 1.44007e-06 
0.0323087 0.331411 0.0152778 0.0473185 0.0137536 0.00068212 0.0101214 0.0393277 0.229452 0.00142704 0.000527327 0.0341233 0.00179528 0.0690626 0.00431222 0.0025063 0.0099003 0.0290071 0.0680159 0.00149581 0.0581736 4.0575e-07 
0.121802 0.222103 0.00147779 0.0448057 0.154745 0.00057304 0.00145108 0.0254573 0.00549998 8.67749e-05 0.0132436 0.00087985 0.00590392 0.00924148 0.0378005 5.13784e-08 0.000232987 0.000243184 0.0768398 0.00575342 0.0594716 0.212388 
0.0169628 0.40472 0.000444028 0.0415284 0.00451162 0.00443255 0.019168 0.124937 0.0138977 0.00193878 0.00843753 0.00317502 0.000945955 0.0162559 0.00161447 0.00166967 0.000106302 0.0667728 0.00917699 0.000328347 0.258952 2.38615e-05 
0.0655141 0.533456 0.000172814 0.00173951 0.00509048 0.00464544 0.0821425 0.0501709 0.118166 1.95905e-05 0.000293971 0.0365283 0.000100802 0.0043517 0.000651986 0.00026015 0.000100397 0.00463097 0.0121012 0.000133274 0.0790416 0.000688285 
0.00885523 0.488609 0.00544152 0.120488 0.00833563 6.8651e-05 0.00393341 0.0362576 0.112279 9.11726e-05 0.0100447 0.00059936 5.72607e-05 0.0165722 0.000520943 2.10855e-06 6.86086e-06 0.00370161 0.131312 0.00280552 0.0499683 5.05987e-05 
0.00636202 0.797935 0.014445 0.0186308 0.00227238 9.08624e-07 9.08516e-07 9.08793e-07 9.08778e-07 9.07225e-07 0.0628333 9.083e-07 9.07996e-07 0.0439887 0.00290732 9.07201e-07 0.00136346 0.00399939 0.045253 9.08391e-07 9.08855e-07 9.08145e-07 
0.000460991 0.392902 0.00030191 0.0701504 0.24656 9.04914e-06 6.21472e-06 0.00125413 0.0273324 0.0026741 0.000732775 1.06257e-07 0.000260816 0.00106767 2.37669e-06 6.67836e-05 1.05131e-07 2.34577e-06 0.132484 0.000146101 0.123582 2.94841e-06 
0.128711 0.239533 0.00357439 0.072559 0.00821722 0.00392355 0.0138032 0.129003 0.0524663 0.000877889 0.00988701 0.016967 0.00526971 0.0766584 0.00705826 0.000141118 0.0130288 0.0368221 0.0318459 0.0084824 0.139666 0.00150487 
0.139432 0.257317 0.00202749 0.0234504 0.0243568 0.00155999 0.0375844 0.0765683 0.168778 0.000159066 0.000703008 0.00102613 0.0027633 0.107145 0.00482235 0.000649915 0.000182336 0.0303671 0.0815147 0.000519869 0.0390455 2.69402e-05 
0.00596488 0.413998 0.014732 0.0757314 0.000595183 0.000114647 0.0014651 0.000479886 0.0625942 1.07446e-05 0.00120279 0.000705562 0.000140778 0.0209892 1.04001e-07 0.00522489 0.122227 0.015529 0.246273 0.00484624 0.00717515 6.05675e-11 
0.00256003 0.880792 5.22496e-05 0.00283044 0.00136421 1.42796e-08 2.45148e-07 7.17046e-08 0.0735155 4.81053e-05 4.35023e-08 0.000151659 0.000255198 7.27088e-05 2.59537e-05 2.58021e-05 5.68333e-09 1.62682e-09 9.93761e-08 5.01462e-09 0.0383058 1.53254e-09 
0.0729265 0.347396 0.000422055 0.0455112 0.00125244 2.52462e-05 0.00161092 0.0829053 0.0770143 1.88531e-08 0.00209991 0.000412257 0.000654522 0.0142683 0.00578764 3.12277e-05 4.1647e-05 2.75337e-07 0.207605 1.69233e-06 0.140033 2.07259e-09 
0.0267064 0.812416 9.68481e-05 0.0019607 0.0478324 1.38613e-05 0.000149217 0.0262243 0.00622143 0.000176333 0.00467473 0.00188459 0.000667749 0.000507136 1.58945e-05 3.77221e-07 1.29042e-05 8.93555e-06 0.00023892 0.003363 0.066671 0.000156909 
0.00316405 0.355125 0.000260497 0.00273603 0.0025498 2.94706e-06 0.000351675 0.283179 0.000182738 6.37628e-06 0.0219616 0.000255676 0.0116861 0.0458291 0.0152895 3.88205e-06 0.00103602 0.00277112 0.0345078 0.00760351 0.211497 2.14746e-07 
0.00318834 0.343021 0.000813365 0.0302117 0.00136153 1.47704e-05 0.254141 0.0295502 0.0349659 0.00018809 0.00225874 0.00131967 0.00310822 0.00567475 0.00607183 2.30738e-05 0.000217228 0.0171556 0.0215548 0.00251972 0.242641 6.04846e-08 
0.0245573 0.257297 0.00099499 0.0324045 0.0066904 0.00476679 0.069343 0.0975755 0.13602 0.0117632 0.00412609 0.00112308 0.00289183 0.0214073 0.0132125 3.76607e-05 0.0020484 0.00811104 0.0850259 0.0160276 0.20451 6.55853e-05 
0.0434611 0.223879 0.000124888 0.201517 0.0279615 2.42273e-05 0.00172164 0.04339 0.044138 1.67855e-05 0.177611 0.00236756 1.8785e-05 0.0603816 0.0538479 0.000284408 0.000169297 0.000182644 0.050119 0.0016812 0.067103 3.54051e-07 
0.175373 0.323167 0.0007361 1.69549e-05 0.114194 8.39725e-05 0.0597555 0.0147985 5.19447e-05 0.00471587 8.88776e-05 0.0816042 5.46333e-06 0.215592 0.000701748 2.02828e-06 7.36129e-06 0.000566989 4.68022e-05 4.47121e-06 0.00848476 2.34178e-06 
0.0544662 0.235961 0.00116986 0.0961706 0.000366902 8.89194e-06 0.0300915 0.0147985 0.234846 2.65268e-06 0.000937923 0.000238447 2.20535e-05 0.073436 0.00322853 7.85013e-07 0.00572614 0.00327374 0.0394437 0.00325907 0.202499 5.19621e-05 
0.0608041 0.164873 0.154582 0.0706267 0.0892246 3.23762e-05 0.000265342 0.085911 0.0375403 0.00056976 0.00149033 0.00092998 0.000316892 0.0509147 0.0191009 0.000248623 0.0116744 0.0371238 0.0641299 0.0197153 0.129917 8.15736e-06 
0.0164435 0.522894 0.000102708 0.0916521 4.17454e-05 1.6118e-06 0.000246494 0.117697 0.0101465 0.000173339 5.07416e-05 0.00444711 1.09215e-05 0.0642632 0.00416101 0.00158277 0.00228509 0.000901323 0.0560353 2.50492e-06 0.10676 0.000101741 
0.0148456 0.410575 0.000619345 0.0655504 0.00205711 0.00602518 0.0701123 0.0810342 0.126814 7.31272e-05 0.000949586 0.00930936 0.000575898 0.0150318 0.0106449 0.000344013 0.000296301 0.000875739 0.03759 0.000529253 0.146147 1.99491e-08 
0.163852 0.505108 0.000603383 0.0241015 0.0463132 0.000130444 0.000874091 0.0384094 0.0148917 2.12139e-10 0.000151618 0.000780606 2.32156e-08 0.00455434 0.000324972 2.43356e-08 5.38228e-05 8.22802e-06 0.0244072 1.62249e-05 0.0233917 0.152028 
0.0430191 0.312461 0.0133636 0.126937 0.0064125 5.74632e-06 0.119148 0.0244681 0.00128338 0.00298876 0.108604 0.00205571 0.00191876 0.0302907 0.000225584 0.000175326 0.000190647 0.0104491 0.00472009 0.00381234 0.18747 2.39908e-07 
0.0223278 0.438877 0.000341289 0.00395198 0.00585021 3.93378e-05 0.00844911 0.0214993 0.309755 3.92949e-05 0.00325576 0.00265252 0.00264133 0.0379842 0.00222408 0.000161739 0.0223913 0.00115997 0.00679151 0.0214447 0.0881625 1.27159e-08 
0.0111232 0.334577 1.5949e-05 0.0202153 0.0063821 0.205257 0.0398986 0.179596 0.0201577 0.000319585 0.00431597 0.0590493 0.000300202 0.00109035 0.0068077 0.000662462 0.000142879 0.000202601 0.0519994 4.05641e-05 0.0261433 0.0317029 
0.00297531 0.547807 0.000996664 0.00293785 0.299134 3.40734e-05 0.000598307 0.0044367 0.0255588 0.000104243 0.000586654 0.000681935 7.69863e-05 0.0237228 0.000292103 0.000214056 0.0134221 0.000172005 0.0554002 1.22355e-05 0.0208348 8.22441e-07 
0.00639617 0.535087 0.000465125 0.0146031 0.062305 0.000122632 0.000118487 0.0793486 0.000114162 0.000849563 0.0293383 0.00102885 0.00374935 0.00911744 0.0171333 6.10776e-05 0.00246179 0.0107129 0.126651 0.00787256 0.0920319 0.0004307 
0.0205066 0.411816 0.000219018 0.103533 0.00105702 5.34273e-05 0.0932707 0.0267092 0.0558934 0.000510598 0.000614725 0.00152366 0.000382917 0.0102316 0.00391143 0.000149864 0.00203885 0.00571869 0.0627332 0.00216117 0.196964 1.12044e-07 
0.012588 0.308564 3.03327e-05 0.0611854 0.00696629 0.00540932 0.130839 0.172686 0.0206483 0.000383882 0.000562409 0.0826234 0.00228176 0.00966898 0.00600501 0.00242337 0.023582 0.00740442 0.0354073 0.0023953 0.091937 0.016408 
0.0519076 0.380652 0.00698503 0.0123674 0.0365626 9.07499e-05 0.0140428 0.0372877 0.20746 3.24722e-06 0.000222971 0.00210995 0.000660505 0.0659996 9.94341e-05 4.91888e-06 0.00151947 0.000266862 0.00266563 0.000175128 0.178914 2.51668e-06 
0.0137721 0.402992 8.09298e-05 0.0709802 0.000138733 2.12335e-05 0.000686503 0.0539017 0.141058 1.59309e-09 0.000250579 0.000238286 6.84578e-05 0.00129304 0.00147708 2.99702e-05 1.11906e-05 3.04972e-08 0.0170688 4.57566e-09 0.295931 9.86253e-11 
0.0121704 0.624324 0.00024949 0.0700392 0.0419319 4.71802e-05 0.000781197 0.0244968 0.00852955 0.0465611 0.0076017 0.000852374 1.63247e-05 0.0268395 0.00937372 0.000160591 0.000961595 0.00140927 0.0105999 0.000658703 0.0983692 0.0140262 
0.00690768 0.451919 0.00159666 0.00817326 0.00271679 0.0189224 0.0363748 0.00583044 0.364731 2.24754e-05 0.00137401 0.000343043 0.000929999 0.0104823 0.00411803 0.00031074 0.00116145 7.25121e-05 0.0040922 0.0348882 0.0450298 2.91545e-06 
0.0853049 0.252649 0.000874695 0.0010279 0.155795 0.000154165 0.0316042 0.00623167 0.0312207 0.000176117 0.00124859 0.000990966 0.000527734 0.192969 0.00724679 4.68494e-08 0.201207 0.00646074 0.00148765 4.86103e-07 0.0228224 3.78596e-07 
0.040022 0.557343 1.14613e-06 0.00652287 0.011064 0.0072027 0.164647 0.00242665 0.0536399 7.01889e-07 0.000211391 0.000107354 5.53332e-08 0.00184395 0.00491633 1.36766e-06 0.0235475 0.00130796 0.00192566 1.61113e-10 0.122145 0.00112356 
0.0232806 0.764693 0.00267342 0.00304203 0.0417872 3.66487e-05 4.1177e-05 0.0054964 0.00111497 0.000153017 0.000583175 0.0012909 4.81033e-05 0.0190336 3.06752e-05 5.49318e-05 0.000287059 0.0064584 0.000102316 0.000947879 0.128843 7.40069e-07 
0.000933593 0.586161 1.38442e-05 0.101655 0.000147554 7.59124e-08 4.60965e-05 0.0285519 3.94405e-06 2.84556e-09 0.00162769 5.95085e-05 2.24603e-07 0.000293907 6.60101e-06 2.31422e-06 5.0469e-05 0.00690328 0.132991 0.00174106 0.138812 1.31932e-09 
0.0827719 0.324725 3.69248e-05 0.105486 0.00153771 0.0313795 0.0248378 0.18828 0.0216094 8.73043e-05 0.000448267 0.00795715 0.000529408 0.00281892 4.57604e-05 0.00786443 0.000136339 0.0099229 0.00837564 0.000138138 0.181011 6.27759e-07 
0.112433 0.483896 0.00183562 0.0177315 0.115026 0.000902202 0.00212816 0.0368953 0.0268767 0.00065435 0.000722066 0.00605457 0.00479281 0.0139534 0.00635765 6.55109e-05 0.000505847 0.000711396 0.0412198 0.000697801 0.0472919 0.0792481 
0.113746 0.248708 0.000828595 0.00323978 0.019487 9.51653e-05 0.0024977 0.027176 0.163836 0.00134729 0.000102322 0.000984148 1.5848e-05 0.243707 0.00121388 1.64892e-05 0.000167029 0.0679592 0.0102815 0.0128026 0.081732 5.6082e-05 
0.00709787 0.921314 0.000244926 0.0264866 0.0081545 0.00012037 6.83699e-05 0.000986272 0.016557 1.60396e-06 0.00016806 0.00106227 1.72356e-05 0.00139506 0.00016867 1.47542e-06 1.97273e-05 1.91321e-05 0.00738143 8.48381e-05 0.00865097 4.55705e-09 
0.0667692 0.44461 0.000877915 0.0303555 0.00926701 0.000419619 0.00592432 0.187507 0.0239173 4.38894e-06 0.0110905 0.0138399 0.000141935 0.00300904 0.0108581 4.90945e-06 7.25073e-05 0.00370478 0.0617238 5.17338e-05 0.125648 0.000203471 
0.0019182 0.452517 4.48763e-05 0.275382 0.00447507 5.35608e-05 2.86579e-06 0.0748466 0.00580959 2.25613e-06 0.000128668 3.86592e-05 1.53285e-05 0.000125819 0.000851336 4.11587e-05 6.45765e-06 3.44358e-05 0.00523127 0.00893347 0.169537 4.54602e-06 
0.0771101 0.191648 0.070971 0.0255926 0.0922509 1.01018e-06 0.000101698 0.00249307 0.103649 8.13773e-05 0.0715972 0.060435 0.00265776 0.102414 0.00615469 6.66923e-05 0.000983959 0.00058281 0.161433 0.0179587 0.0118167 2.94573e-10 
0.0297389 0.36187 0.00017456 0.0960967 0.0194932 0.00247467 0.0203871 0.164413 0.0509662 1.18489e-05 0.00499712 0.00397874 0.0019698 0.00526371 0.00113148 0.000283115 0.00346615 0.00990707 0.0603276 0.0044705 0.158579 2.38057e-08 
0.0152075 0.3628 0.00557645 0.110744 0.0117262 9.0642e-05 0.00470772 0.14714 0.0820074 0.000181649 0.00803978 0.00133212 0.000144868 0.0181925 0.00241539 5.53791e-06 3.0498e-05 0.00332304 0.0733957 0.034313 0.1186 2.65547e-05 
5.47613e-05 0.910612 9.47572e-06 0.000266295 0.0808454 2.20138e-07 4.69722e-06 0.00185807 0.00174386 4.82549e-08 0.000276384 6.3248e-07 1.84336e-06 0.000287671 0.0019862 6.04907e-07 4.25777e-07 2.25555e-07 0.00204459 1.54792e-08 6.99635e-06 2.2373e-08 
0.145766 0.250239 0.00299022 0.0661567 0.121874 0.000328276 2.49024e-08 0.0776671 0.0235124 0.00288433 0.00897129 0.00694141 0.000335534 0.126221 0.00132085 7.01788e-05 0.000141549 0.0029028 0.0176289 0.0458637 0.0981852 1.66302e-08 
0.0416833 0.478967 0.000236222 0.0256893 0.0416947 0.000236489 0.00379911 0.0778341 0.0689726 2.43678e-05 0.00895569 0.00286116 0.00109613 0.00658798 0.000863674 1.16213e-05 0.000417796 0.0127809 0.134186 0.00208243 0.0524156 0.0386037 
0.0122413 0.462465 5.1569e-05 0.0228031 0.00283135 2.44228e-05 0.00313677 0.106505 0.057163 1.73184e-05 0.00831644 0.00263028 0.000380772 0.0128399 0.000804122 3.54074e-05 6.24622e-05 1.80445e-05 0.0490139 0.000311932 0.258348 6.58494e-09 
0.0386666 0.506193 0.000220496 0.0162316 0.00419905 4.02471e-05 0.0236356 0.0127488 0.11438 0.00080354 0.000363167 0.000769762 0.00123244 0.0230974 0.0162751 1.11148e-05 0.000761969 0.0243847 0.0224193 0.00716519 0.186401 7.82282e-08 
0.0754704 0.24737 0.00246537 0.00505362 0.139054 0.016927 0.0384263 0.230083 0.0182103 5.41109e-05 0.00154482 0.00168071 0.0127435 0.117397 0.00711275 0.000579101 0.000491784 0.00648094 0.00539964 3.10265e-05 0.0732608 0.000164179 
0.0741973 0.327147 6.78631e-05 0.10233 0.00262686 0.0245749 0.0440543 0.158675 0.0214117 0.000465121 0.000423431 0.0101474 0.000797143 0.00616691 0.000165854 0.00597835 0.000102256 0.0253491 0.0079881 0.00107154 0.186259 4.70978e-07 
0.0148958 0.444802 0.000190434 0.00650327 0.0146274 0.00012413 0.022881 0.0249856 0.0314511 0.00181313 0.00178891 0.000843764 0.000196282 0.00573737 0.000479878 5.65001e-06 0.000251949 0.00707026 0.00198812 0.000238169 0.419125 9.44296e-09 
0.00617694 0.67067 0.00154131 0.0783653 0.0127809 0.000238521 1.67893e-05 0.00498823 0.0567503 2.8103e-06 0.0235144 0.000755219 9.03343e-05 0.0209749 0.000683704 2.20603e-06 9.61108e-05 0.000179667 0.0940626 0.00987694 0.0182284 4.13329e-06 
0.0670239 0.420965 0.00148763 0.029046 0.0095353 7.89402e-06 0.000926187 0.0623197 0.0519589 1.17186e-05 0.000323792 0.00673893 0.000779912 0.136246 0.0130899 0.000307661 0.000339907 0.00929758 0.00262004 0.00330541 0.183665 3.67082e-06 
0.126257 0.381597 0.00111281 0.0147198 0.15432 4.04628e-05 0.00299701 0.0210296 0.0556283 0.000237302 0.000267961 0.000256373 0.000133396 0.0326527 0.000820423 3.93418e-06 0.00624211 0.00119388 0.00172125 1.20347e-05 0.198753 4.00926e-06 
0.012029 0.379056 4.32846e-05 0.0399593 0.00974471 6.87328e-06 0.0076248 0.229974 0.0166162 0.000180658 0.0107643 0.000287782 0.00738383 0.0250571 0.0145262 0.000182981 0.000362211 0.00839599 0.175391 0.000243014 0.0621487 2.26329e-05 
0.0763231 0.51343 0.000236717 0.00368495 0.185672 0.000333472 0.00631198 0.0102727 0.00755017 0.00329293 0.00187689 0.00496172 3.08507e-08 0.0102098 0.000147632 9.64709e-07 0.000694256 0.000314937 0.000133786 3.68422e-05 0.174483 3.2985e-05 
0.0824115 0.382244 0.000627049 0.0371361 0.16992 0.000298165 0.00842254 0.0465208 0.056437 0.000192072 0.00282667 0.0052085 0.000857396 0.0170294 3.48794e-05 9.63916e-06 0.000244495 0.000610493 0.00284808 0.0279123 0.158206 3.40794e-06 
0.0459401 0.526068 0.000762575 0.0408113 0.0359638 0.000132808 0.00050959 0.0740123 0.032492 0.000593506 0.00136273 0.00318983 0.00013411 0.0370675 0.019375 3.95511e-05 0.000434791 0.00505853 0.00447399 0.0266252 0.14442 0.000533185 
0.00490485 0.555273 1.82143e-06 3.37052e-06 0.407607 3.48129e-07 1.43685e-06 1.98014e-06 0.0231302 5.96271e-07 7.64355e-06 4.25461e-06 2.95444e-06 1.60636e-06 0.006078 1.20767e-09 0.00292355 1.33632e-10 4.46164e-05 3.85599e-08 1.32503e-05 5.51809e-10 
0.0138102 0.384812 0.000883565 0.0117425 0.0118916 4.13465e-05 0.0656689 0.023506 0.0591417 0.00089031 0.00231323 0.000638704 0.000284989 0.00780235 0.00171845 2.97365e-06 0.000205967 0.0363527 0.0104744 0.00677075 0.361043 4.47661e-06 
0.0342134 0.481111 0.000506926 0.0121138 0.105338 0.000482496 0.000348205 0.202462 0.00566555 0.0017212 0.00859536 0.00775848 0.00195184 0.0183951 0.00118855 1.04305e-05 0.000398557 0.00289598 0.00185233 0.000821662 0.112101 6.84866e-05 
0.0147586 0.333614 0.000100605 0.00900967 0.00290315 0.000282792 0.274337 0.0132563 0.122145 1.20465e-05 0.000506252 0.00244094 0.000798664 0.00578523 0.00176927 4.81746e-05 0.00430099 0.0240027 0.0217507 4.35369e-05 0.168135 2.07083e-12 
0.00649102 0.924421 4.31845e-05 0.00220724 0.00479675 7.93896e-07 1.2417e-05 0.000376463 0.0132471 8.03708e-05 0.00446452 7.69087e-05 2.40325e-06 0.00521975 0.00774681 2.85198e-07 3.2041e-06 0.00418055 0.0135457 9.03413e-06 0.0130748 3.28896e-09 
0.0214181 0.391384 0.0148434 0.0318884 0.0589045 1.20915e-05 0.0034557 0.194959 0.0107948 0.000542664 0.000489059 2.02327e-05 8.90348e-05 0.0143714 0.0036527 0.000364208 6.93657e-05 0.0029746 0.238061 0.000662019 0.0110349 9.29319e-06 
0.0701193 0.519865 0.00184761 0.0333998 0.0872466 0.000230525 0.0052998 0.0273676 0.0585542 0.0001074 0.00698236 0.0004801 7.28212e-05 0.014834 0.00274227 6.69214e-06 3.71482e-05 0.00132678 0.119958 0.00133387 0.0459223 0.00226563 
0.0429073 0.26681 0.00781892 0.0186762 0.213391 0.000368799 0.00306508 0.0905628 0.0260643 0.000113628 0.0413109 0.0175275 0.0423585 0.159949 0.000811464 0.00479922 0.00258589 0.000651514 0.0185091 0.0326402 0.00903676 4.23996e-05 
0.117945 0.222497 0.0172744 0.0772052 0.0561615 0.000303482 0.00493662 0.118745 0.131367 0.000817792 0.0130401 0.00243809 4.75541e-05 0.0617103 0.00313092 1.10958e-05 0.000964802 0.000256284 0.0556446 0.000568639 0.113141 0.00179379 
0.0231286 0.785622 0.000191169 0.00616347 0.0119755 0.000419165 0.011336 0.0154417 0.0104919 0.00266746 0.00040464 0.0003501 2.29938e-05 0.0101303 0.00108378 2.38203e-06 2.53895e-05 0.00571685 0.00390282 0.0021261 0.108797 7.78048e-07 
0.00185708 0.478917 2.97084e-06 0.00824807 0.000261365 1.69577e-05 0.00320705 0.218947 0.00257513 4.57336e-08 0.000465308 0.000330058 0.000224042 0.000180746 1.73953e-08 2.63927e-08 3.98316e-06 0.000537982 0.00845322 0.000317923 0.275454 2.71102e-11 
0.0222057 0.258758 0.0020012 0.0401841 0.0157126 0.00374581 0.0263034 0.186993 0.0781694 0.00023311 0.00480007 0.00726199 0.000984732 0.0757551 0.0026056 0.000493856 0.0026524 0.0116725 0.0193244 0.0175451 0.222539 5.89481e-05 
0.0313319 0.20133 0.00283285 0.0315729 0.016314 0.00551976 0.00761425 0.200144 0.0827051 5.97693e-05 0.000266083 0.0225875 0.00043763 0.0675411 0.00568004 0.00486946 0.0899249 0.103722 0.0855848 0.00045932 0.0395017 4.29919e-10 
0.004655 0.542976 0.00118583 0.00663945 7.77597e-05 2.29391e-06 0.00283621 0.022851 0.344783 6.45919e-05 0.000358964 0.0057779 0.00172463 0.00907858 0.000862042 0.00404028 6.48902e-05 0.0036519 0.0317013 7.02107e-05 0.016599 2.86496e-08 
0.0662032 0.616365 0.00119285 0.00688213 0.0393841 0.000182606 0.00824736 0.0297257 0.0773596 3.44617e-05 0.00283125 0.000512258 0.000184599 0.0272162 0.00487069 0.000187377 0.000523971 0.00663759 0.051685 0.000225902 0.0595483 2.17906e-07 
0.0383386 0.309283 0.00550785 0.0120104 0.229309 0.15754 0.0204579 0.068061 0.0138902 6.27082e-05 0.00111945 0.056937 0.000599908 0.0219987 0.00531156 0.000598162 0.000761474 0.000935618 0.00914625 0.000201719 0.0479284 9.95466e-07 
0.0374349 0.485972 0.000308445 0.0280642 0.0080461 0.00152283 0.00940309 0.186524 0.0301339 0.000197061 0.00339913 0.00139164 0.000476759 0.0379831 0.00208654 0.000157001 0.002324 0.00467245 0.0135799 0.00412353 0.142181 1.8034e-05 
0.00514309 0.495801 0.00916857 0.0193281 0.0417995 0.109425 0.042296 0.0647673 0.083714 2.36159e-06 6.16108e-05 0.0154343 0.0109083 0.0131285 0.00218304 0.000606289 0.00354512 0.00104131 0.0194692 0.00648324 0.0378256 0.0178679 
