0.338305 1.69442e-09 0.0121251 1.11403e-05 2.78086e-05 2.28164e-09 1.77928e-05 7.68274e-05 0.640876 1.24883e-08 4.99782e-05 0.000210299 7.7997e-06 1.64505e-06 5.84348e-06 1.2672e-08 4.13667e-09 1.17658e-06 0.000667025 4.006e-09 0.007617 5.7901e-09 
0.00115145 3.76277e-12 0.867979 4.11625e-06 5.64573e-12 1.11521e-08 6.83142e-12 3.71191e-09 6.89594e-07 2.77326e-11 1.54862e-11 1.04292e-09 1.75909e-07 0.130827 1.105e-11 2.81404e-11 3.7206e-05 3.51895e-08 1.52493e-08 1.95802e-08 2.39931e-07 1.2858e-11 
0.00115145 3.76277e-12 0.867979 4.11625e-06 5.64573e-12 1.11521e-08 6.83142e-12 3.71191e-09 6.89594e-07 2.77326e-11 1.54862e-11 1.04292e-09 1.75909e-07 0.130827 1.105e-11 2.81404e-11 3.7206e-05 3.51895e-08 1.52493e-08 1.95802e-08 2.39931e-07 1.2858e-11 
0.105701 5.96632e-09 0.0519788 0.164077 5.77975e-06 8.03401e-09 1.0832e-08 0.280609 0.00185634 2.83909e-05 0.0205321 0.0112235 2.42521e-08 0.00509449 0.000190292 1.11076e-05 1.45659e-08 2.69809e-06 0.243653 0.0790495 0.0359868 2.03879e-08 
0.228056 2.18289e-09 0.0610201 0.0360284 0.0506703 0.000249027 0.00753471 0.000296367 0.0402076 2.2755e-06 0.026531 0.00261171 0.000114379 0.325066 0.00218295 1.00563e-06 0.0600344 3.54555e-06 0.0187571 0.0816266 0.0590055 1.23185e-06 
0.0840078 1.65247e-07 2.79317e-06 0.0165714 0.730375 0.00131696 0.00268725 0.0898075 0.000493402 1.71963e-05 0.000199077 1.38306e-06 6.99907e-05 0.0202968 4.10911e-06 1.09106e-06 1.00595e-06 3.40278e-05 2.89451e-07 0.0452296 0.00807951 0.000803473 
0.0224336 9.47211e-10 0.00730323 0.060074 0.0560871 0.00110813 0.000228962 6.53677e-06 0.000129239 1.25304e-05 5.51876e-06 2.80037e-06 0.00529051 0.746295 2.78165e-09 1.51989e-06 0.0323745 4.54326e-05 0.00851665 2.23943e-09 0.060079 5.67137e-06 
0.470771 2.92274e-10 6.21244e-06 0.23275 0.141541 7.87527e-07 2.12306e-06 3.00768e-06 0.115339 7.54164e-06 2.88815e-06 1.52473e-06 6.29677e-05 8.01616e-06 6.87511e-07 6.99681e-06 2.14776e-07 4.83978e-07 1.41475e-06 6.91005e-10 0.0394931 8.99868e-07 
0.281809 9.00141e-08 1.95215e-07 0.33383 0.0519024 1.2121e-07 1.63423e-07 0.0248602 5.59044e-06 6.63427e-07 0.000358448 0.30624 3.65893e-07 0.000145844 2.64342e-07 6.73184e-07 2.19756e-07 0.000374669 0.00033836 2.12815e-07 0.000133096 3.07593e-07 
0.338305 1.69442e-09 0.0121251 1.11403e-05 2.78086e-05 2.28164e-09 1.77928e-05 7.68274e-05 0.640876 1.24883e-08 4.99782e-05 0.000210299 7.7997e-06 1.64505e-06 5.84348e-06 1.2672e-08 4.13667e-09 1.17658e-06 0.000667025 4.006e-09 0.007617 5.7901e-09 
0.0242082 5.97749e-11 0.000530555 0.00294682 0.00718981 1.39807e-06 1.08523e-10 0.684332 0.00717522 5.74919e-07 0.00460761 1.64036e-10 0.000201363 0.00678948 0.000546681 4.47036e-10 4.86449e-07 3.49617e-08 8.30959e-07 0.257013 0.00445587 1.03786e-07 
0.000122977 5.14519e-09 4.24133e-05 0.0010583 0.988727 6.92831e-09 9.34124e-09 6.3723e-07 0.000283809 8.34649e-05 2.11757e-08 9.74392e-05 5.64897e-05 0.000135219 1.51097e-08 3.84791e-08 0.000477339 6.72783e-05 5.79055e-09 0.00878028 6.75366e-05 1.75819e-08 
0.0125978 5.47331e-10 0.00566015 0.213646 0.0029776 2.67093e-06 2.43155e-08 0.0114037 0.0270995 4.99869e-07 0.000840422 1.502e-09 0.000428219 0.021569 0.00332782 3.49506e-06 0.000752545 0.0100899 0.0281063 0.657001 0.00449336 1.87032e-09 
0.144099 6.22783e-10 0.00189419 0.041419 0.0954951 6.03544e-07 1.62635e-06 0.003967 0.0983865 5.77755e-06 2.53218e-05 1.16857e-06 0.0759874 0.506288 0.000447614 0.0113546 1.65428e-07 9.60557e-05 0.00462452 8.67045e-06 0.0158974 6.9039e-07 
0.204079 7.83144e-08 0.00102644 0.2766 0.107336 0.000409405 0.00266445 0.068502 0.00131049 8.17378e-06 0.000677013 0.000548426 0.220924 0.018174 0.00306092 5.16863e-07 4.7765e-07 0.0079772 0.000248996 0.0391838 0.0472675 2.20441e-07 
0.899393 5.04336e-11 0.0162185 0.00465806 4.57706e-05 1.38241e-09 1.47192e-07 3.87784e-08 0.00516905 0.00226632 0.000463083 1.20449e-08 0.000639072 0.0621491 5.56296e-07 0.000340209 0.000264222 4.46811e-05 0.00773472 8.55126e-08 0.00061374 1.7234e-10 
0.00694118 1.54047e-08 0.0110038 0.852446 0.00935982 3.26667e-07 0.00119898 0.00451139 9.11816e-05 6.81601e-06 0.00785812 0.0113404 6.26175e-08 0.0115113 0.0243858 1.15206e-07 2.76892e-07 1.1082e-05 0.0296117 0.0183833 0.0113385 5.26403e-08 
0.338305 1.69442e-09 0.0121251 1.11403e-05 2.78086e-05 2.28164e-09 1.77928e-05 7.68274e-05 0.640876 1.24883e-08 4.99782e-05 0.000210299 7.7997e-06 1.64505e-06 5.84348e-06 1.2672e-08 4.13667e-09 1.17658e-06 0.000667025 4.006e-09 0.007617 5.7901e-09 
0.000912805 1.40574e-08 0.00139151 0.0375666 0.900393 5.29341e-05 4.92871e-05 0.00014896 0.0015397 0.000470022 1.09447e-05 0.00213701 0.0512461 0.00116442 0.00224693 1.31411e-06 1.35663e-05 5.04882e-06 0.000274092 0.000334511 4.10555e-05 4.98923e-07 
0.899393 5.04336e-11 0.0162185 0.00465806 4.57706e-05 1.38241e-09 1.47192e-07 3.87784e-08 0.00516905 0.00226632 0.000463083 1.20449e-08 0.000639072 0.0621491 5.56296e-07 0.000340209 0.000264222 4.46811e-05 0.00773472 8.55126e-08 0.00061374 1.7234e-10 
0.0650969 1.2426e-11 0.360232 0.000705317 0.0275043 0.000170051 1.02851e-06 0.000642835 0.00133364 0.000373766 5.11409e-11 0.00641159 0.00147893 0.523372 0.00520762 3.59492e-08 0.000901062 0.0033973 1.49601e-06 0.000413665 0.00200178 0.000754022 
0.170409 4.23212e-07 0.00593938 0.0483551 0.244252 0.000901976 0.127204 0.00437053 0.0246468 0.000411072 5.07204e-07 0.0014733 0.00040931 0.293557 0.0197722 0.000159142 0.00848662 0.00416414 0.00662887 5.36405e-05 0.0386538 0.000150731 
0.00167876 9.77209e-07 0.00145893 0.295978 0.0694236 0.000650156 6.81034e-05 0.207794 3.47791e-05 0.000545446 0.00828784 0.000221012 7.96573e-05 0.00352869 0.109901 1.55879e-05 2.15512e-05 1.87157e-05 0.00121064 0.295496 0.00358423 3.33928e-06 
0.334441 1.74232e-09 0.0161253 0.0812905 7.59029e-06 2.34614e-09 8.90615e-06 2.07707e-07 0.0239665 3.95753e-06 7.17074e-09 4.78131e-09 9.77635e-06 0.333082 0.126665 1.30302e-08 2.36942e-06 0.000653885 0.071282 1.54204e-06 0.0124586 5.95378e-09 
0.0118429 1.25233e-08 1.27676e-06 6.1538e-06 1.87902e-08 1.68634e-08 2.27364e-08 3.12029e-07 9.38162e-06 0.747217 0.00480692 3.43667e-08 5.09051e-08 0.0454988 1.70033e-05 0.00217573 0.00642365 0.00227985 0.179711 2.9608e-08 9.75493e-06 4.27941e-08 
0.785988 2.43226e-08 0.00063972 0.0408883 6.12959e-05 3.27519e-08 0.000579195 3.61462e-05 0.0014719 1.79264e-07 0.000226923 0.0315865 8.69936e-06 0.0335906 3.3506e-05 1.81901e-07 0.000198879 0.000310668 0.0472026 0.000472418 0.0566667 3.77866e-05 
0.0235805 4.4368e-11 7.1358e-07 0.00194394 0.00176574 0.000355523 0.00158308 0.137567 0.00223362 1.28146e-07 3.47361e-07 0.82115 7.35626e-09 0.0022348 1.30294e-10 3.31813e-10 1.08318e-10 6.87168e-05 4.9933e-11 0.00358236 0.00393395 1.51613e-10 
0.00419358 1.88079e-10 0.000393692 0.00102609 0.00548459 0.000384023 0.000822455 0.014736 2.73971e-06 3.22449e-07 6.02205e-05 0.127994 0.719889 0.0605859 2.15215e-05 1.40658e-09 0.00489483 0.024968 0.000151116 0.0151941 0.0191978 6.42698e-10 
1.08685e-06 7.10531e-12 1.1927e-06 0.000285953 2.46482e-06 9.56773e-12 1.28999e-11 0.00160792 4.4533e-07 0.0145174 8.04208e-07 0.00129386 5.92109e-07 0.825522 8.36727e-09 5.31381e-11 0.00299031 0.153775 7.99652e-12 5.30853e-07 5.99077e-07 2.45228e-09 
0.0074404 2.69886e-11 7.94232e-06 0.00232903 0.593631 4.33105e-08 0.000547825 2.22297e-07 5.71304e-08 4.41759e-05 1.11075e-10 0.000110674 0.000545 0.349507 7.92565e-11 2.71007e-07 0.00208677 0.0319458 3.03737e-11 0.00285032 0.00895388 9.22243e-11 
0.0154891 2.4228e-10 0.0104136 3.13257e-05 0.729899 8.81186e-07 0.0733342 0.0224656 0.106455 1.78567e-09 2.79208e-05 2.06176e-06 1.58567e-05 1.68999e-05 0.000125651 2.37381e-05 0.0112763 1.74452e-06 0.0303242 3.0302e-05 6.64785e-05 1.66409e-07 
8.71821e-09 7.80879e-13 0.955388 5.58782e-10 1.17165e-12 3.04952e-10 1.41771e-12 2.8488e-09 0.000858083 1.00577e-06 3.21382e-12 1.30755e-06 4.79855e-09 0.0396123 2.29319e-12 5.83993e-12 0.00367593 2.72855e-06 2.36645e-07 2.09932e-09 0.000460443 2.66839e-12 
0.722106 9.62896e-10 0.0124766 1.17572e-06 0.0195796 1.02877e-06 1.74817e-09 5.87757e-06 0.0182556 1.72214e-06 3.96293e-09 2.6424e-09 3.91402e-09 0.159344 1.03312e-06 7.20117e-09 2.35077e-09 9.52689e-06 5.48858e-06 0.032895 0.0353166 3.29321e-07 
0.097494 4.61475e-10 0.000325253 0.082175 0.0122729 4.86195e-05 4.19402e-06 0.0101493 0.0090381 7.42935e-05 0.0380848 7.27778e-05 0.000260233 0.00147801 0.610835 3.55413e-07 5.86156e-08 9.55254e-05 0.11614 0.000434967 0.0210147 1.45206e-06 
0.0483032 4.15797e-12 0.000104765 0.00439564 0.000321221 6.82085e-09 7.54892e-12 1.15389e-07 0.0348338 0.00146145 1.41472e-08 0.058645 4.24268e-05 0.734286 4.54825e-07 3.1096e-11 0.0927546 0.00642613 0.0157581 7.49962e-08 0.00266683 1.42085e-11 
0.0252329 1.97815e-10 0.549598 0.00753942 0.00730652 2.02032e-08 1.37993e-08 0.00963758 0.242881 2.63405e-07 8.14135e-10 5.42849e-10 9.59631e-07 0.117244 5.80918e-10 1.47939e-09 4.82937e-10 0.0074573 0.00217955 0.0110414 0.0198804 2.57409e-08 
5.39888e-06 4.03884e-10 8.75908e-10 2.75456e-06 0.00344036 5.43854e-10 0.0175932 8.71262e-07 0.0371234 2.97673e-09 1.66224e-09 1.10835e-09 1.64172e-09 1.93452e-06 9.58364e-05 3.02051e-09 9.86024e-10 1.00302e-06 0.626883 9.54877e-10 0.314853 1.38014e-09 
0.00288028 7.73636e-10 0.000145288 0.794637 0.14963 1.0462e-07 1.40456e-09 1.23277e-06 0.0196116 0.000170812 3.18401e-09 0.000594125 0.000139951 0.0075024 2.27191e-09 5.78576e-09 0.0157054 0.0009263 8.70674e-10 0.00591438 0.0021406 2.64364e-09 
0.0204397 3.18126e-07 0.00198713 0.01983 0.413503 0.00127103 0.176541 0.0543517 2.60807e-06 0.00100684 5.87873e-07 0.000679876 0.0855453 0.106198 0.0252085 8.68211e-07 0.00081843 0.00751754 0.000337029 0.0356944 0.0487366 0.000329128 
0.000630041 1.37339e-06 0.00681164 0.0793158 0.793951 9.53344e-06 0.0057694 0.00330131 1.04555e-05 0.00605167 1.05452e-05 1.13813e-05 0.0541166 0.0494703 3.37088e-05 9.08567e-06 8.287e-06 0.00027867 2.39303e-06 0.000164112 3.84521e-05 3.8806e-06 
0.000354081 2.009e-06 0.0770635 0.0415682 0.00452879 8.39258e-05 0.000453894 8.78562e-06 0.00135689 0.000928415 0.00276966 0.000409535 0.00676623 0.852964 0.00735141 9.29311e-06 0.00263895 1.06692e-05 0.000287632 4.37502e-06 0.000435646 4.33762e-06 
0.338305 1.69442e-09 0.0121251 1.11403e-05 2.78086e-05 2.28164e-09 1.77928e-05 7.68274e-05 0.640876 1.24883e-08 4.99782e-05 0.000210299 7.7997e-06 1.64505e-06 5.84348e-06 1.2672e-08 4.13667e-09 1.17658e-06 0.000667025 4.006e-09 0.007617 5.7901e-09 
0.0666348 1.34442e-10 0.0394137 0.397431 0.332336 2.42145e-07 2.44083e-10 0.018102 4.36558e-07 9.90871e-10 0.00109303 3.14394e-06 0.000441133 0.00496786 0.0041125 5.8739e-08 3.2822e-10 6.84535e-08 0.0204432 0.11502 1.11023e-06 4.5941e-10 
0.19543 3.79335e-10 1.71124e-05 0.044316 0.632933 4.0915e-07 2.27338e-06 0.00687489 1.5981e-05 1.06268e-05 1.56121e-09 1.04098e-09 1.54194e-09 3.7283e-05 2.17238e-05 0.00162328 0.118695 2.82837e-07 1.11041e-06 7.80339e-06 1.37811e-05 1.29625e-09 
0.0266221 2.50981e-07 0.0165035 0.000236851 0.465197 3.37961e-07 4.55664e-07 0.00014337 0.157286 0.000165322 0.00678054 6.88748e-07 0.000124254 0.147342 0.000171379 1.877e-06 0.162456 1.26095e-05 0.0167431 0.000108107 0.000104357 8.57643e-07 
0.000152137 8.18029e-08 1.77407e-07 0.0020906 0.00146071 0.00018737 0.000935797 0.00092749 0.983882 6.02908e-07 0.00144802 2.24486e-07 3.32516e-07 0.000358333 0.00679872 6.17893e-05 1.9971e-07 0.000148997 0.000718188 1.93401e-07 0.00082733 2.79534e-07 
0.00345251 2.30986e-08 0.0049926 0.105834 0.777181 1.79641e-05 4.19362e-08 0.0058319 0.0398893 7.60687e-05 0.000542941 0.000203792 1.43307e-05 0.0245419 0.00899366 1.94816e-06 5.63919e-08 0.000251079 0.00146925 0.0222 0.0045044 1.34912e-06 
0.087081 1.34778e-05 0.000645292 0.00213583 0.413557 0.00013653 0.00997339 0.00232712 0.00118773 0.00131733 0.00100794 0.000182904 3.30699e-05 0.444386 0.00173088 9.09672e-05 0.00452501 0.0226358 3.01729e-05 3.0325e-05 0.00693731 3.49796e-05 
0.272069 5.07973e-09 1.10165e-08 2.25533e-05 0.0287229 9.9966e-07 9.5183e-05 5.9372e-07 0.0813213 6.55834e-06 0.0466554 1.39399e-08 0.0277705 0.0777156 0.0668059 3.79896e-08 0.000376482 0.000110014 5.71689e-09 1.30856e-05 0.398313 1.73583e-08 
0.114492 3.01941e-11 0.616234 3.39646e-06 0.0163001 4.06582e-11 5.48183e-11 0.00591423 0.0936832 1.91405e-06 1.25511e-08 4.1438e-07 5.64701e-07 0.153347 4.25706e-07 2.25811e-10 5.32962e-06 1.58669e-06 1.41705e-06 4.00482e-06 1.04365e-05 3.81862e-07 
0.0169927 3.64807e-09 0.00247736 0.0012341 1.36287e-05 1.89402e-06 2.14603e-06 6.38614e-05 0.00467747 0.00087175 1.50141e-08 2.22486e-05 0.00013113 0.736777 0.228362 5.84739e-06 0.00168624 0.000309245 1.26903e-05 3.99981e-06 1.40128e-05 0.00634038 
0.373058 1.72321e-10 0.000628772 0.0440185 1.52541e-07 2.32041e-10 3.12854e-10 0.00136708 0.326869 1.04719e-06 7.0921e-10 2.76323e-07 0.00374372 0.000105475 5.0605e-10 2.07967e-06 0.000103013 4.84429e-05 1.93935e-10 8.04233e-07 0.250054 5.88849e-10 
0.338305 1.69442e-09 0.0121251 1.11403e-05 2.78086e-05 2.28164e-09 1.77928e-05 7.68274e-05 0.640876 1.24883e-08 4.99782e-05 0.000210299 7.7997e-06 1.64505e-06 5.84348e-06 1.2672e-08 4.13667e-09 1.17658e-06 0.000667025 4.006e-09 0.007617 5.7901e-09 
0.344283 3.89403e-07 0.00486225 0.000975989 5.84269e-07 5.24356e-07 0.00182334 6.31181e-05 0.246833 0.0624388 0.000567592 0.333339 0.000504687 0.00189165 1.14355e-06 2.91221e-06 9.50672e-07 0.00111561 4.38246e-07 9.20642e-07 0.00110489 0.000189304 
0.00115145 3.76277e-12 0.867979 4.11625e-06 5.64573e-12 1.11521e-08 6.83142e-12 3.71191e-09 6.89594e-07 2.77326e-11 1.54862e-11 1.04292e-09 1.75909e-07 0.130827 1.105e-11 2.81404e-11 3.7206e-05 3.51895e-08 1.52493e-08 1.95802e-08 2.39931e-07 1.2858e-11 
0.0138624 1.24882e-10 0.311366 0.352597 0.0130034 1.68161e-10 6.39078e-06 0.036486 0.023299 0.00255173 0.00056489 2.75592e-08 3.91657e-07 0.165022 3.46483e-08 9.33945e-10 0.0032165 3.01573e-05 0.00501193 0.0637587 0.00922347 4.26741e-10 
0.053194 1.4581e-10 0.0903264 0.215321 2.18776e-10 1.96342e-10 2.64722e-10 0.0114742 0.0144795 1.07466e-09 0.00194649 4.00135e-10 5.92694e-10 0.381055 4.28196e-10 1.09046e-09 0.00115463 0.0834677 1.64099e-10 0.0440264 0.103555 4.98256e-10 
0.492678 6.18301e-11 1.31423e-06 0.00101216 0.34777 0.000466647 4.4913e-07 6.3627e-07 1.61577e-06 1.59542e-06 2.5447e-10 0.00209692 0.0985868 0.0569808 1.45442e-07 1.48016e-06 0.000399879 1.02385e-07 2.99287e-07 1.46181e-10 4.0359e-07 1.90366e-07 
0.338305 1.69442e-09 0.0121251 1.11403e-05 2.78086e-05 2.28164e-09 1.77928e-05 7.68274e-05 0.640876 1.24883e-08 4.99782e-05 0.000210299 7.7997e-06 1.64505e-06 5.84348e-06 1.2672e-08 4.13667e-09 1.17658e-06 0.000667025 4.006e-09 0.007617 5.7901e-09 
0.595846 3.18653e-09 0.00198947 1.56553e-06 0.137139 4.29085e-09 4.3882e-07 9.82509e-05 0.0029432 4.3383e-06 1.68792e-05 8.74454e-09 3.56373e-07 0.230481 4.14836e-06 0.00226181 0.0115966 1.41954e-05 0.00120235 0.00528232 0.0111187 1.08889e-08 
0.0407187 9.18421e-06 0.00180816 0.00414151 0.533672 0.000338462 0.0225002 0.00475631 0.0038443 0.00207852 2.9572e-05 0.000260744 0.000347387 0.0911051 0.000190425 2.40657e-05 0.00030517 0.216878 0.000294788 0.0050406 0.0716463 1.02032e-05 
0.133452 1.15597e-09 0.00115521 8.04237e-08 8.67392e-06 1.55658e-09 8.81662e-06 1.92384e-06 6.13795e-06 6.64628e-05 4.75754e-09 3.17224e-09 4.69882e-09 0.865267 3.39469e-09 8.64508e-09 5.08264e-06 5.16665e-06 1.30096e-09 2.02267e-05 3.81439e-06 3.95013e-09 
0.0169927 3.64807e-09 0.00247736 0.0012341 1.36287e-05 1.89402e-06 2.14603e-06 6.38614e-05 0.00467747 0.00087175 1.50141e-08 2.22486e-05 0.00013113 0.736777 0.228362 5.84739e-06 0.00168624 0.000309245 1.26903e-05 3.99981e-06 1.40128e-05 0.00634038 
0.00410306 1.58281e-10 0.000386908 0.00102529 0.00523587 0.000391015 0.000809483 0.0156548 4.07245e-07 2.60637e-07 1.57964e-06 0.134487 0.73462 0.0637318 7.93897e-07 1.18373e-09 0.0052806 0.016035 6.00867e-05 1.92273e-05 0.018156 5.40872e-10 
0.338305 1.69442e-09 0.0121251 1.11403e-05 2.78086e-05 2.28164e-09 1.77928e-05 7.68274e-05 0.640876 1.24883e-08 4.99782e-05 0.000210299 7.7997e-06 1.64505e-06 5.84348e-06 1.2672e-08 4.13667e-09 1.17658e-06 0.000667025 4.006e-09 0.007617 5.7901e-09 
0.0915154 1.73212e-10 0.0187378 0.00960348 7.76935e-06 2.14587e-06 6.9265e-07 0.00190349 0.0912733 9.83842e-07 0.000154456 0.00196879 1.11176e-05 0.289751 0.420847 7.85603e-07 5.31149e-06 3.21996e-05 0.0462191 0.0225871 0.00537811 5.91892e-10 
0.000118133 5.8424e-07 0.000109363 4.76115e-05 0.973722 9.93904e-06 1.06071e-06 0.00332256 1.21187e-05 4.306e-06 8.86551e-05 1.60329e-06 0.000789718 0.000536468 7.50434e-05 4.36933e-06 1.42634e-06 3.34697e-05 6.57521e-07 0.0211118 7.56527e-06 1.99644e-06 
0.0410324 5.17297e-07 0.00760696 0.0181869 0.374863 0.0022248 0.0940442 0.103517 0.0754952 0.000643577 9.67755e-07 0.00459591 0.00114755 0.0807431 0.013092 0.000339384 0.00103385 0.0338984 0.000192438 0.0612153 0.0859701 0.000155889 
0.000226588 2.43459e-12 0.956579 7.1568e-10 1.28715e-08 3.91971e-10 4.42007e-12 5.061e-09 0.00038876 4.86039e-07 1.00199e-11 4.26872e-11 6.14326e-09 0.0423294 1.79168e-05 1.82074e-11 0.000247392 3.24391e-06 1.14078e-07 2.0925e-08 0.000206928 8.31938e-12 
0.492678 6.18301e-11 1.31423e-06 0.00101216 0.34777 0.000466647 4.4913e-07 6.3627e-07 1.61577e-06 1.59542e-06 2.5447e-10 0.00209692 0.0985868 0.0569808 1.45442e-07 1.48016e-06 0.000399879 1.02385e-07 2.99287e-07 1.46181e-10 4.0359e-07 1.90366e-07 
0.338305 1.69442e-09 0.0121251 1.11403e-05 2.78086e-05 2.28164e-09 1.77928e-05 7.68274e-05 0.640876 1.24883e-08 4.99782e-05 0.000210299 7.7997e-06 1.64505e-06 5.84348e-06 1.2672e-08 4.13667e-09 1.17658e-06 0.000667025 4.006e-09 0.007617 5.7901e-09 
0.373058 1.72321e-10 0.000628772 0.0440185 1.52541e-07 2.32041e-10 3.12854e-10 0.00136708 0.326869 1.04719e-06 7.0921e-10 2.76323e-07 0.00374372 0.000105475 5.0605e-10 2.07967e-06 0.000103013 4.84429e-05 1.93935e-10 8.04233e-07 0.250054 5.88849e-10 
0.0549264 6.38094e-11 0.00373514 0.00710229 0.601934 8.16358e-07 1.761e-06 0.0674624 4.40007e-07 4.70292e-10 0.000581172 0.175181 0.0621233 0.00695515 1.87387e-10 2.14792e-06 1.55781e-10 2.9576e-07 3.59138e-07 3.03229e-08 0.019993 4.36312e-07 
0.0386011 1.05149e-07 0.000975121 0.0151495 0.710375 0.00116098 1.93019e-06 0.111439 8.14008e-07 1.09789e-05 8.14317e-07 0.000220283 0.0204931 0.0144606 2.62299e-06 0.000643641 6.41482e-07 0.0135251 0.00027634 0.0542957 0.0175699 0.000797378 
0.32526 1.0891e-07 0.000314619 0.000257167 0.0386851 1.46654e-07 0.000147906 0.00493349 0.000469327 6.85487e-05 0.000873925 0.11041 3.3914e-05 0.330227 0.100545 0.000135435 0.0182797 0.0603629 0.00759668 5.23226e-05 0.00134594 3.72163e-07 
0.148781 1.51132e-07 0.00167637 0.0843162 0.0547704 0.0108487 0.000651382 0.000969183 0.0347545 5.65809e-05 0.00379375 0.00645042 0.00111175 0.614976 0.00395785 1.13026e-06 0.018131 7.72549e-05 1.70089e-07 0.0144009 2.88845e-05 0.000246329 
0.000354315 6.62643e-08 2.49968e-05 5.02866e-05 0.331439 0.00292392 0.29954 8.65567e-05 4.88762e-07 0.000166254 2.7272e-07 0.000233436 2.69354e-07 0.000141636 0.000670515 2.05198e-05 2.13409e-05 0.000601411 0.363586 1.56665e-07 6.25929e-05 7.52524e-05 
0.0117921 8.54398e-11 4.63423e-07 0.113862 0.803134 1.18513e-06 8.53307e-07 0.0686916 7.89456e-07 6.29713e-10 3.51639e-10 3.04829e-06 1.77158e-06 0.000373884 1.12934e-06 6.38974e-10 2.08589e-10 2.33396e-07 0.00212613 8.80738e-06 1.94881e-06 2.91962e-10 
0.272069 5.07973e-09 1.10165e-08 2.25533e-05 0.0287229 9.9966e-07 9.5183e-05 5.9372e-07 0.0813213 6.55834e-06 0.0466554 1.39399e-08 0.0277705 0.0777156 0.0668059 3.79896e-08 0.000376482 0.000110014 5.71689e-09 1.30856e-05 0.398313 1.73583e-08 
0.00611891 3.51385e-07 0.000921224 0.00101158 0.00616729 0.00011711 0.000315153 0.000445866 0.00113198 0.00111979 1.44617e-06 0.000226778 0.00933177 0.00118796 0.00010278 0.971067 3.25776e-05 7.19706e-05 0.000209983 8.30758e-07 0.000282806 0.000134395 
0.0386011 1.05149e-07 0.000975121 0.0151495 0.710375 0.00116098 1.93019e-06 0.111439 8.14008e-07 1.09789e-05 8.14317e-07 0.000220283 0.0204931 0.0144606 2.62299e-06 0.000643641 6.41482e-07 0.0135251 0.00027634 0.0542957 0.0175699 0.000797378 
0.0138624 1.24882e-10 0.311366 0.352597 0.0130034 1.68161e-10 6.39078e-06 0.036486 0.023299 0.00255173 0.00056489 2.75592e-08 3.91657e-07 0.165022 3.46483e-08 9.33945e-10 0.0032165 3.01573e-05 0.00501193 0.0637587 0.00922347 4.26741e-10 
0.000199877 4.19308e-07 0.000240935 0.0301633 0.026282 5.64624e-07 7.61267e-07 0.0116423 0.0230245 1.12917e-05 3.69542e-05 0.000799023 0.000663302 0.00758846 5.62812e-05 6.33659e-06 1.02368e-06 3.66293e-06 0.00141501 0.897839 2.37259e-05 1.43284e-06 
0.338305 1.69442e-09 0.0121251 1.11403e-05 2.78086e-05 2.28164e-09 1.77928e-05 7.68274e-05 0.640876 1.24883e-08 4.99782e-05 0.000210299 7.7997e-06 1.64505e-06 5.84348e-06 1.2672e-08 4.13667e-09 1.17658e-06 0.000667025 4.006e-09 0.007617 5.7901e-09 
0.18772 8.63776e-08 0.00502178 0.0197408 0.368514 0.000198278 0.0238392 0.00418619 0.0107691 0.000222815 0.000167215 0.000322223 0.000724214 0.086779 0.00249535 2.56254e-07 0.000604413 0.00830685 0.000724321 0.00111283 0.27855 1.1637e-07 
0.332139 2.90957e-11 0.00191875 0.00318112 0.27898 0.000122314 0.00434116 0.00122412 0.00692662 2.16368e-07 1.19747e-10 0.00201284 0.296974 0.0571196 0.000200161 0.00019778 0.000180357 1.38926e-08 5.46887e-05 5.15395e-07 0.014398 2.88111e-05 
0.373058 1.72321e-10 0.000628772 0.0440185 1.52541e-07 2.32041e-10 3.12854e-10 0.00136708 0.326869 1.04719e-06 7.0921e-10 2.76323e-07 0.00374372 0.000105475 5.0605e-10 2.07967e-06 0.000103013 4.84429e-05 1.93935e-10 8.04233e-07 0.250054 5.88849e-10 
0.00683481 2.90614e-11 0.697939 0.00387824 0.0176086 3.64584e-09 5.27619e-11 0.00663105 0.00995126 7.8686e-05 1.19606e-10 4.13855e-10 8.26012e-05 0.227706 0.00039876 1.36128e-06 0.00453184 0.000773606 0.000300206 0.0059041 0.01738 2.59254e-08 
0.00410306 1.58281e-10 0.000386908 0.00102529 0.00523587 0.000391015 0.000809483 0.0156548 4.07245e-07 2.60637e-07 1.57964e-06 0.134487 0.73462 0.0637318 7.93897e-07 1.18373e-09 0.0052806 0.016035 6.00867e-05 1.92273e-05 0.018156 5.40872e-10 
7.01407e-06 1.1492e-09 0.000263315 0.307792 0.279992 1.54746e-09 7.28641e-06 0.105704 0.184049 8.46988e-09 4.72968e-09 4.07965e-06 4.6713e-09 0.0799894 0.0420394 8.59445e-09 2.8056e-09 4.10716e-07 1.29334e-09 5.10063e-05 1.24084e-05 8.79901e-05 
0.158998 6.3463e-08 0.00360784 0.102034 0.444843 0.000229338 0.00334502 0.00792221 0.00526563 0.00207762 4.91313e-07 0.00166045 0.0586325 0.0923172 1.58208e-06 4.18864e-07 0.000281632 0.0101321 0.00377049 0.014899 0.0899818 1.7865e-07 
0.00785495 8.13893e-07 0.000723537 0.00465312 0.0595391 0.000115029 1.47765e-06 0.0119788 0.100288 0.000380159 3.34969e-06 2.23351e-06 3.30834e-06 5.6066e-05 2.39013e-06 6.08682e-06 1.987e-06 4.75075e-06 0.418909 0.395081 0.000391725 2.7812e-06 
0.338305 1.69442e-09 0.0121251 1.11403e-05 2.78086e-05 2.28164e-09 1.77928e-05 7.68274e-05 0.640876 1.24883e-08 4.99782e-05 0.000210299 7.7997e-06 1.64505e-06 5.84348e-06 1.2672e-08 4.13667e-09 1.17658e-06 0.000667025 4.006e-09 0.007617 5.7901e-09 
0.0271816 5.39651e-11 1.25239e-06 2.53153e-06 0.96809 0.00450996 0.000152704 4.35932e-06 2.23624e-08 8.35287e-06 2.22101e-10 1.86611e-06 2.1936e-10 7.13528e-06 1.58478e-10 1.00937e-06 1.06728e-06 3.03007e-05 1.0872e-06 1.27586e-10 3.1527e-06 3.78053e-06 
0.0971986 2.39685e-08 2.41549e-05 2.6499e-05 0.828062 3.08649e-06 8.27931e-06 1.16844e-05 2.96519e-05 2.94312e-05 9.86456e-08 5.97887e-06 0.0731435 3.11135e-05 2.73472e-06 2.73196e-05 8.89117e-07 0.000778804 5.51517e-06 5.66672e-08 0.000606646 3.56968e-06 
0.135269 1.75198e-06 0.00482705 0.0027217 0.439849 8.9688e-06 0.00177899 0.000228893 0.0255597 0.00319538 2.97592e-05 0.043494 0.00402653 0.207044 0.00801952 3.977e-05 0.0889501 0.0280582 5.24074e-05 0.000650588 0.00618869 6.38113e-06 
0.00419358 1.88079e-10 0.000393692 0.00102609 0.00548459 0.000384023 0.000822455 0.014736 2.73971e-06 3.22449e-07 6.02205e-05 0.127994 0.719889 0.0605859 2.15215e-05 1.40658e-09 0.00489483 0.024968 0.000151116 0.0151941 0.0191978 6.42698e-10 
0.272069 5.07973e-09 1.10165e-08 2.25533e-05 0.0287229 9.9966e-07 9.5183e-05 5.9372e-07 0.0813213 6.55834e-06 0.0466554 1.39399e-08 0.0277705 0.0777156 0.0668059 3.79896e-08 0.000376482 0.000110014 5.71689e-09 1.30856e-05 0.398313 1.73583e-08 
1.56794e-05 3.82484e-07 6.48795e-06 2.43329e-05 0.0460019 2.69574e-06 7.02395e-06 0.00886676 2.96219e-06 3.99527e-05 2.96273e-06 3.20997e-06 0.000162651 0.707473 9.54499e-06 2.52404e-06 2.33404e-06 0.237316 6.7094e-07 4.6557e-05 1.09099e-05 1.07643e-06 
0.373058 1.72321e-10 0.000628772 0.0440185 1.52541e-07 2.32041e-10 3.12854e-10 0.00136708 0.326869 1.04719e-06 7.0921e-10 2.76323e-07 0.00374372 0.000105475 5.0605e-10 2.07967e-06 0.000103013 4.84429e-05 1.93935e-10 8.04233e-07 0.250054 5.88849e-10 
0.338305 1.69442e-09 0.0121251 1.11403e-05 2.78086e-05 2.28164e-09 1.77928e-05 7.68274e-05 0.640876 1.24883e-08 4.99782e-05 0.000210299 7.7997e-06 1.64505e-06 5.84348e-06 1.2672e-08 4.13667e-09 1.17658e-06 0.000667025 4.006e-09 0.007617 5.7901e-09 
0.185187 2.80108e-06 0.0016412 0.0244184 0.599502 3.55754e-06 0.000160646 0.0210172 0.00574372 0.0040342 0.000808406 0.0232326 0.00798557 0.0785367 0.0121629 7.74798e-05 4.71921e-05 0.0111553 1.89892e-05 0.0135887 0.0106327 4.24716e-05 
6.58851e-08 1.25733e-11 0.935288 4.22704e-09 1.88652e-11 2.31335e-09 2.28272e-11 3.52705e-08 0.00228072 1.25457e-05 5.17471e-11 5.39327e-08 3.62874e-08 0.0614372 3.69236e-11 9.40314e-11 0.000326722 1.77352e-05 2.48017e-07 8.66605e-09 0.000636186 4.2965e-11 
0.00288028 7.73636e-10 0.000145288 0.794637 0.14963 1.0462e-07 1.40456e-09 1.23277e-06 0.0196116 0.000170812 3.18401e-09 0.000594125 0.000139951 0.0075024 2.27191e-09 5.78576e-09 0.0157054 0.0009263 8.70674e-10 0.00591438 0.0021406 2.64364e-09 
0.0934623 8.82272e-09 0.0886195 0.0294447 0.40345 4.84499e-05 0.00171469 0.00120096 0.00193088 0.0286544 3.63111e-08 0.00849942 2.51807e-05 0.321993 1.93152e-05 1.02237e-05 0.0110217 0.000105674 0.000609037 2.0859e-08 0.00918993 3.01487e-08 
0.110169 6.69598e-09 0.0182492 1.20681e-05 0.850327 9.01655e-09 1.21568e-08 0.0173389 6.01267e-06 5.08639e-06 2.75582e-08 1.83753e-08 0.00267151 1.79599e-05 4.56791e-05 2.14529e-05 2.29581e-05 5.87327e-06 0.00107472 2.36467e-05 8.18251e-06 2.28813e-08 
0.302229 4.2513e-07 0.000101299 8.02456e-05 0.578855 5.72463e-07 0.000926175 0.0488428 3.7772e-05 0.000238044 6.94298e-05 1.87254e-05 5.15578e-05 0.000269879 0.00622359 3.1794e-06 0.0112155 0.000467547 4.78454e-07 0.0503163 5.05709e-05 1.45274e-06 
0.00099941 3.61722e-10 3.6651e-06 0.55725 5.42736e-10 2.79598e-07 2.3954e-06 1.48251e-06 0.377312 2.66599e-09 1.48872e-09 9.92648e-10 0.000132927 4.60387e-07 2.01164e-06 2.7052e-09 8.83093e-10 3.38161e-07 0.0053255 8.55197e-10 0.0589689 1.23606e-09 
0.0130155 9.64274e-07 0.0150276 0.251755 0.00516303 0.000651582 0.0924418 0.029689 0.0087127 0.000300853 0.00056108 0.204808 0.00087203 0.0193949 0.0323824 0.000771013 0.00246937 0.000244203 0.00354084 0.0477514 0.270445 2.01444e-06 
0.000375244 8.69567e-10 4.46053e-06 0.00793954 0.983068 1.17093e-09 1.57873e-09 1.8118e-06 0.000269859 9.49088e-05 0.000281426 0.000319916 3.53465e-09 0.00573158 2.55363e-09 6.50319e-09 2.12292e-09 8.43916e-07 4.30379e-06 0.0019077 7.05558e-07 2.97145e-09 
0.338305 1.69442e-09 0.0121251 1.11403e-05 2.78086e-05 2.28164e-09 1.77928e-05 7.68274e-05 0.640876 1.24883e-08 4.99782e-05 0.000210299 7.7997e-06 1.64505e-06 5.84348e-06 1.2672e-08 4.13667e-09 1.17658e-06 0.000667025 4.006e-09 0.007617 5.7901e-09 
0.0204397 3.18126e-07 0.00198713 0.01983 0.413503 0.00127103 0.176541 0.0543517 2.60807e-06 0.00100684 5.87873e-07 0.000679876 0.0855453 0.106198 0.0252085 8.68211e-07 0.00081843 0.00751754 0.000337029 0.0356944 0.0487366 0.000329128 
0.338305 1.69442e-09 0.0121251 1.11403e-05 2.78086e-05 2.28164e-09 1.77928e-05 7.68274e-05 0.640876 1.24883e-08 4.99782e-05 0.000210299 7.7997e-06 1.64505e-06 5.84348e-06 1.2672e-08 4.13667e-09 1.17658e-06 0.000667025 4.006e-09 0.007617 5.7901e-09 
0.0716211 1.97517e-11 0.0246119 0.0135654 0.252367 0.000167184 0.141268 0.0543927 0.109669 0.00126143 7.84025e-09 0.0168563 4.76217e-06 0.167175 4.765e-08 3.23905e-05 0.0012461 0.0431323 0.000740651 4.47852e-07 0.101616 0.000272037 
0.015289 5.49651e-08 1.19203e-07 6.2972e-05 0.676591 7.40138e-08 0.00327629 0.102118 0.197781 4.05107e-07 0.000977444 1.50837e-07 0.000378129 4.26713e-05 0.000454646 4.11065e-07 1.34189e-07 2.30269e-05 6.18593e-08 0.000105046 0.00289912 1.87825e-07 
0.115524 4.40949e-10 3.2808e-06 0.00721087 0.0344964 0.00275518 0.0587358 0.482098 2.51028e-06 9.67482e-05 0.0456753 0.00141979 5.94087e-05 0.0506005 9.43787e-07 3.2977e-09 1.07651e-09 8.49519e-06 0.179677 0.0216256 5.62062e-06 4.57486e-06 
0.000718027 6.40769e-11 0.00058838 0.00191573 0.00578406 0.0018713 0.00242861 0.0190859 0.00124316 2.32241e-07 6.4947e-07 4.08182e-05 0.78257 0.0414673 0.000155944 4.79209e-10 0.00777946 0.0751818 0.000358983 0.0543336 0.00447576 2.18961e-10 
0.0147192 1.63311e-08 0.0338394 0.109813 0.225436 0.000289037 2.96496e-08 0.0100563 0.017465 1.20364e-07 2.54516e-05 4.48161e-08 4.25035e-05 0.0343584 0.292204 1.22134e-07 3.98699e-08 5.11762e-06 2.62282e-05 0.25479 0.00693047 5.58059e-08 
0.000149101 1.45079e-09 3.3669e-05 6.80572e-05 0.912393 0.000121124 0.00410527 0.000117195 6.01186e-07 0.000224557 5.97092e-09 5.01682e-05 5.89722e-09 0.000191824 4.26049e-09 2.71356e-05 2.86927e-05 0.0822742 2.92281e-05 3.43001e-09 8.47566e-05 0.000101635 
0.338305 1.69442e-09 0.0121251 1.11403e-05 2.78086e-05 2.28164e-09 1.77928e-05 7.68274e-05 0.640876 1.24883e-08 4.99782e-05 0.000210299 7.7997e-06 1.64505e-06 5.84348e-06 1.2672e-08 4.13667e-09 1.17658e-06 0.000667025 4.006e-09 0.007617 5.7901e-09 
0.10245 8.78102e-08 0.00972317 0.0862884 0.0153964 1.08058e-05 0.0810746 2.48249e-05 0.152477 0.00168181 3.61395e-07 0.000165692 3.56934e-07 0.0771788 0.0330219 6.56702e-07 2.14376e-07 0.00364268 0.400136 1.20321e-06 0.0366926 3.21387e-05 
0.302491 1.94875e-09 0.00837948 0.0520259 0.624583 2.32423e-05 3.53802e-09 0.00831712 1.14285e-05 3.08263e-05 0.000267306 0.00362891 4.79548e-06 6.13073e-06 2.12527e-05 3.27311e-05 6.86136e-05 2.69242e-06 7.84923e-05 2.24802e-05 4.04357e-06 6.65921e-09 
0.0431297 1.02235e-09 0.912988 0.00296051 1.53396e-09 2.66996e-08 0.00161059 1.40808e-06 0.0223035 4.90278e-06 1.70233e-06 2.1724e-06 2.29491e-06 0.00490501 0.00729657 7.64582e-09 2.85615e-07 0.000782563 0.0027547 0.000292987 0.000963134 3.49355e-09 
0.366398 2.11082e-09 0.0743314 0.0275476 0.06197 3.7127e-06 2.9039e-06 0.00119569 0.00687676 0.00980599 0.000162993 0.0290741 2.92778e-06 0.324127 0.024621 9.94188e-05 0.0352735 0.011375 0.0167542 0.00557013 0.00480688 2.3531e-07 
0.0561238 2.1353e-08 0.000806098 0.056921 0.18146 0.00409784 0.0132622 0.00075892 0.379605 0.0041824 6.56471e-06 5.85975e-08 0.000931719 0.163669 0.0765348 5.24894e-05 5.21303e-08 1.35454e-06 0.0537632 0.000132753 0.00769067 7.29668e-08 
0.16166 1.8225e-10 0.0210803 0.0059935 0.729889 2.19129e-05 2.02915e-06 0.019809 0.0125408 3.68716e-06 3.08643e-05 0.0198252 0.00108793 7.07868e-07 0.00175417 3.77898e-06 0.0130829 3.22033e-07 9.06308e-06 0.0132041 4.66877e-07 6.22778e-10 
0.338305 1.69442e-09 0.0121251 1.11403e-05 2.78086e-05 2.28164e-09 1.77928e-05 7.68274e-05 0.640876 1.24883e-08 4.99782e-05 0.000210299 7.7997e-06 1.64505e-06 5.84348e-06 1.2672e-08 4.13667e-09 1.17658e-06 0.000667025 4.006e-09 0.007617 5.7901e-09 
0.204079 7.83144e-08 0.00102644 0.2766 0.107336 0.000409405 0.00266445 0.068502 0.00131049 8.17378e-06 0.000677013 0.000548426 0.220924 0.018174 0.00306092 5.16863e-07 4.7765e-07 0.0079772 0.000248996 0.0391838 0.0472675 2.20441e-07 
0.0496781 2.64997e-09 5.43921e-06 0.0381973 3.97606e-09 3.56834e-09 2.8576e-06 0.00331647 0.0070568 1.19038e-06 1.09063e-08 3.16071e-07 5.89254e-07 0.0931826 7.78208e-09 2.34645e-06 0.151792 0.62232 1.35609e-05 0.0167412 0.0176897 9.05537e-09 
0.00231201 8.53487e-09 0.188287 0.0661006 1.45032e-05 0.000360522 0.000999209 0.000332332 0.00620996 6.29042e-08 0.010663 2.34216e-08 3.4483e-05 0.028873 0.182107 0.0936721 2.08366e-08 3.73181e-07 2.10213e-05 0.420001 1.18394e-05 2.9165e-08 
0.000149101 1.45079e-09 3.3669e-05 6.80572e-05 0.912393 0.000121124 0.00410527 0.000117195 6.01186e-07 0.000224557 5.97092e-09 5.01682e-05 5.89722e-09 0.000191824 4.26049e-09 2.71356e-05 2.86927e-05 0.0822742 2.92281e-05 3.43001e-09 8.47566e-05 0.000101635 
0.0221656 1.07304e-10 0.0142876 0.610677 0.0400706 5.79411e-08 1.94814e-10 1.68606e-06 0.124109 7.90858e-10 0.00369896 2.94467e-10 9.02925e-06 0.167032 3.21452e-06 8.0249e-10 1.33629e-06 7.54875e-07 0.0179373 6.46938e-06 1.65512e-07 3.66676e-10 
0.272069 5.07973e-09 1.10165e-08 2.25533e-05 0.0287229 9.9966e-07 9.5183e-05 5.9372e-07 0.0813213 6.55834e-06 0.0466554 1.39399e-08 0.0277705 0.0777156 0.0668059 3.79896e-08 0.000376482 0.000110014 5.71689e-09 1.30856e-05 0.398313 1.73583e-08 
7.49657e-08 9.62456e-12 0.00159956 0.00132779 0.000821268 2.65844e-07 1.74737e-11 1.14435e-07 0.000258396 3.17012e-08 1.12922e-07 0.000910387 0.0014318 0.26125 1.08349e-07 7.19787e-11 0.0252778 0.706976 0.000147081 2.27547e-11 3.78512e-08 3.28887e-11 
0.000707162 1.3741e-06 0.00015139 7.21079e-05 0.926565 1.8503e-06 0.000888652 2.21322e-05 0.000139549 0.00215146 5.65528e-06 3.77083e-06 5.58548e-06 0.0215121 0.000192438 0.0016 0.0324295 0.000109331 1.11734e-05 7.09203e-05 0.0133537 4.69551e-06 
0.492678 6.18301e-11 1.31423e-06 0.00101216 0.34777 0.000466647 4.4913e-07 6.3627e-07 1.61577e-06 1.59542e-06 2.5447e-10 0.00209692 0.0985868 0.0569808 1.45442e-07 1.48016e-06 0.000399879 1.02385e-07 2.99287e-07 1.46181e-10 4.0359e-07 1.90366e-07 
0.0241285 5.3073e-08 0.0131604 0.17821 7.28187e-05 8.84079e-08 0.00146794 0.00789413 0.0059002 1.34377e-05 0.00186312 0.00218474 0.000723779 0.0510645 0.0859943 0.000156369 0.000353165 0.000491572 0.0146392 0.0426234 0.569058 1.0901e-07 
8.71821e-09 7.80879e-13 0.955388 5.58782e-10 1.17165e-12 3.04952e-10 1.41771e-12 2.8488e-09 0.000858083 1.00577e-06 3.21382e-12 1.30755e-06 4.79855e-09 0.0396123 2.29319e-12 5.83993e-12 0.00367593 2.72855e-06 2.36645e-07 2.09932e-09 0.000460443 2.66839e-12 
0.000740742 2.06333e-11 0.00012174 1.87436e-08 0.0246008 2.7784e-11 3.88371e-07 2.64051e-08 4.66108e-08 1.82551e-07 8.49191e-11 1.94092e-08 5.95925e-07 0.666475 6.05931e-11 0.000436411 6.744e-08 0.307606 1.07356e-08 1.81538e-05 1.33204e-08 2.9147e-08 
0.492678 6.18301e-11 1.31423e-06 0.00101216 0.34777 0.000466647 4.4913e-07 6.3627e-07 1.61577e-06 1.59542e-06 2.5447e-10 0.00209692 0.0985868 0.0569808 1.45442e-07 1.48016e-06 0.000399879 1.02385e-07 2.99287e-07 1.46181e-10 4.0359e-07 1.90366e-07 
0.272069 5.07973e-09 1.10165e-08 2.25533e-05 0.0287229 9.9966e-07 9.5183e-05 5.9372e-07 0.0813213 6.55834e-06 0.0466554 1.39399e-08 0.0277705 0.0777156 0.0668059 3.79896e-08 0.000376482 0.000110014 5.71689e-09 1.30856e-05 0.398313 1.73583e-08 
0.154331 1.32176e-10 0.14665 0.0484358 0.0242944 5.17196e-05 0.00268498 0.00197274 0.002963 0.0450294 5.43987e-10 0.0140767 6.13129e-07 0.53335 8.11522e-08 7.04139e-06 0.0173608 9.7893e-05 0.00079322 3.12495e-10 0.00790047 4.51666e-10 
8.71821e-09 7.80879e-13 0.955388 5.58782e-10 1.17165e-12 3.04952e-10 1.41771e-12 2.8488e-09 0.000858083 1.00577e-06 3.21382e-12 1.30755e-06 4.79855e-09 0.0396123 2.29319e-12 5.83993e-12 0.00367593 2.72855e-06 2.36645e-07 2.09932e-09 0.000460443 2.66839e-12 
0.154331 1.32176e-10 0.14665 0.0484358 0.0242944 5.17196e-05 0.00268498 0.00197274 0.002963 0.0450294 5.43987e-10 0.0140767 6.13129e-07 0.53335 8.11522e-08 7.04139e-06 0.0173608 9.7893e-05 0.00079322 3.12495e-10 0.00790047 4.51666e-10 
