0.00934508 0.0836916 0.0027398 0.00162158 0.00147346 6.88022e-07 0.00387481 0.0525826 0.0228334 8.25523e-05 1.19519e-08 5.76292e-05 4.54766e-06 0.0226062 0.000491049 1.42228e-07 0.000120025 0.000125971 6.46496e-08 0.000514467 0.797797 3.7552e-05 
0.0318816 0.0255134 0.00141915 0.0162096 0.248904 0.000854708 0.0491277 0.0944256 0.0138874 0.000547582 1.55961e-05 0.000935947 0.00194982 0.234094 0.000715201 0.000112696 0.00298112 0.0699026 0.0317254 0.0034559 0.145849 0.0254924 
0.0339568 3.30296e-07 0.00240684 0.00746903 0.680825 6.1795e-07 0.187148 0.0146849 4.26234e-05 0.00138201 1.54244e-10 0.022548 0.00936286 0.0235458 0.000325421 1.38657e-07 0.000246061 0.0119315 1.4914e-07 9.39509e-07 0.00412201 5.18591e-07 
0.11205 0.0147122 0.0128731 0.0357596 0.0562987 0.00711242 0.034016 0.0241163 0.0556092 0.00285666 0.00193867 0.00273181 0.0265705 0.32359 0.0189722 0.00294659 0.0535883 0.0817286 0.0170311 0.0125885 0.0950783 0.00783127 
0.0620372 0.00629205 0.0146333 0.00498656 0.0145228 6.11352e-05 0.00869186 0.0100376 0.138539 5.41038e-07 8.06416e-10 1.21489e-05 0.00183163 0.122736 0.561531 0.00013615 0.000162919 0.00949435 1.2616e-06 0.0303241 0.013968 6.60538e-07 
0.00558492 0.0829706 1.54298e-06 0.0102947 0.000416824 0.000210553 0.0138021 0.00297126 0.00175946 5.64421e-11 3.15179e-11 0.000302196 5.23729e-08 0.00339258 0.00175746 3.7958e-07 0.00410886 0.000838752 0.0258766 8.02428e-07 0.00984305 0.835867 
0.0229726 7.61992e-07 0.00455563 0.0002081 0.878777 0.000199331 0.0238757 1.46159e-06 5.83196e-06 0.000224915 1.75713e-07 0.000323738 2.75276e-07 0.0455344 1.86479e-06 2.26031e-06 0.000606423 0.00289735 4.70544e-07 1.96808e-06 0.0198092 1.02645e-06 
0.311319 0.00897942 6.20413e-05 0.00284595 0.00123127 0.00488372 0.00493891 0.00762443 0.0262471 0.00134186 9.29583e-08 0.00029743 0.000438044 0.288459 0.00630473 2.30034e-06 0.305379 0.00745655 0.00139587 0.001239 0.0195546 1.03478e-07 
0.0839045 0.0104296 0.0732189 0.0142363 0.0106233 0.030713 0.00824049 0.156091 0.00636904 0.0153465 0.00129984 0.00625641 0.00283374 0.410304 0.0117736 0.00342626 0.0151316 0.0235108 0.00286989 0.0073917 0.104059 0.0019702 
0.026165 0.0410487 0.0473477 0.0303106 0.00941261 0.0009593 0.00650601 0.0490258 0.138154 0.000479158 0.000307108 0.0155638 0.00123904 0.0629152 0.000482644 0.000913612 0.00317599 0.0523146 0.00175565 0.00990408 0.49947 0.0025491 
3.53579e-05 6.10182e-06 1.93989e-05 5.05197e-06 0.972146 7.84666e-06 0.000322756 1.17045e-05 4.67033e-05 0.0239218 1.40563e-06 4.95024e-06 2.20297e-06 4.96754e-05 1.49326e-05 1.80983e-05 1.2269e-05 9.7254e-05 3.7678e-06 0.00316773 9.68055e-05 8.21875e-06 
0.139321 0.0120717 0.0480876 0.0228363 0.0110648 2.16191e-05 0.0019077 0.0369105 0.0497461 0.00202421 8.06911e-06 0.00453759 0.00126795 0.475934 0.00272747 0.00261102 0.00710854 0.0837407 0.00137007 0.0168978 0.0797848 1.99742e-05 
0.0270457 0.0053508 0.0918525 0.0100446 0.0371149 7.84222e-05 0.00024658 0.0285161 0.109811 0.00039015 2.20088e-05 0.0383331 0.000841137 0.272837 0.000380641 0.000213945 0.0172761 0.0281942 0.000201626 0.000868037 0.330341 3.98749e-05 
6.67185e-06 0.000704821 1.50887e-06 2.58291e-05 0.000110361 0.000138051 2.38607e-05 3.16241e-05 2.59507e-07 4.66142e-12 2.60299e-12 1.74805e-05 2.43702e-08 1.62046e-09 1.60565e-06 1.90926e-07 2.14191e-06 1.01753e-06 0.000265515 1.08802e-06 1.72982e-05 0.998651 
0.834791 0.00879961 0.015554 0.0295104 0.00018094 4.29827e-08 2.70064e-07 0.0332177 0.0199487 5.35922e-05 2.35056e-10 3.75463e-05 0.000474053 0.0531217 0.000532819 2.27618e-06 9.9216e-06 0.00153207 8.56046e-08 0.000966529 0.00126404 2.71865e-06 
0.0561294 0.00200702 0.0138975 0.0923235 0.0923094 0.00461574 0.0028267 0.569966 0.00596712 0.000205967 1.5771e-05 0.00323681 0.00226257 0.0150007 0.000585375 0.00790678 7.04007e-05 0.00343319 0.0123136 0.0167454 0.0979413 0.000239809 
0.0624052 5.19463e-05 0.0026266 0.000511271 0.586532 0.000493371 0.127992 0.000309889 0.0044077 0.000564384 6.86549e-07 0.00110689 1.69109e-06 0.112809 0.000105969 6.12443e-05 0.00152406 0.0217223 1.76206e-05 0.000146554 0.0765807 2.7642e-05 
0.04844 0.0119586 0.0200658 0.0452695 0.019793 0.00191625 0.0133022 0.0579729 0.0236347 0.000902772 0.000407494 0.00539812 0.0140807 0.434943 0.00796574 0.00209082 0.111398 0.0623672 0.0107481 0.0117915 0.0917347 0.00381937 
0.110811 0.00546376 0.00542173 0.0838611 0.346738 0.000432432 3.43945e-05 0.108175 0.00728786 0.000427454 5.15076e-06 0.00500491 0.00244452 0.111738 0.00296939 0.00342007 0.0525277 0.000479139 0.0111939 0.0711364 0.0702418 0.000186477 
0.0134254 0.155172 3.57562e-06 0.00269083 0.13137 5.43241e-05 0.00422848 0.0288796 0.0435142 1.81588e-06 7.39748e-07 0.11915 9.1455e-05 0.360876 3.17999e-06 4.91477e-06 0.00713239 0.0174789 0.000373072 8.91862e-07 0.115543 5.89037e-06 
8.98051e-06 0.000847971 1.94009e-06 6.41635e-05 0.00012278 0.00014169 2.68601e-05 8.47466e-05 3.96978e-07 5.46297e-12 3.05059e-12 2.39507e-05 3.63576e-08 9.77426e-07 2.23541e-06 5.54727e-07 3.07311e-06 5.6825e-06 0.000493474 1.7451e-06 2.44178e-05 0.998144 
0.111837 0.0139836 0.000778323 0.0316425 0.000926646 0.000237303 0.449077 0.0261901 0.224971 0.000488764 1.8168e-05 0.0254463 0.000352028 0.0203993 0.00415066 2.11284e-05 0.000358639 0.000530586 0.0338271 0.000909992 0.0538244 2.92406e-05 
0.00654811 0.0534711 0.000563522 0.000155354 0.212826 0.00258107 8.76635e-05 0.00318476 4.27064e-06 3.47965e-11 1.94308e-11 0.00395751 3.47766e-05 0.0014233 1.45068e-05 1.35754e-06 2.38369e-05 7.76355e-06 0.000202245 2.83217e-06 2.22585e-07 0.71491 
0.133276 0.00408619 0.00440082 2.72812e-07 0.754638 0.00233093 1.74292e-05 0.00366658 2.52203e-06 0.00135976 7.59057e-08 0.00176457 0.000166667 0.0348756 8.06376e-07 9.77329e-07 6.62539e-07 5.25183e-06 2.03465e-07 0.000851902 0.0585542 4.43822e-07 
0.156037 0.0140976 0.030908 0.000672166 0.378499 0.000321776 0.00627276 0.0213974 0.0390527 3.00874e-07 3.37509e-08 0.00137216 5.27925e-08 0.156245 3.5678e-07 4.32588e-07 0.000204067 0.0103267 0.000344132 0.0819736 0.102274 1.96447e-07 
0.116928 0.128783 0.541016 0.000242838 0.0193082 2.20085e-06 0.000493277 0.00733044 0.0213771 0.000328939 1.84747e-08 8.10852e-06 0.00311353 0.0098258 5.9693e-06 5.63357e-07 0.0874362 0.000446909 0.00011377 0.0211922 0.04204 6.78593e-06 
6.67185e-06 0.000704821 1.50887e-06 2.58291e-05 0.000110361 0.000138051 2.38607e-05 3.16241e-05 2.59507e-07 4.66142e-12 2.60299e-12 1.74805e-05 2.43702e-08 1.62046e-09 1.60565e-06 1.90926e-07 2.14191e-06 1.01753e-06 0.000265515 1.08802e-06 1.72982e-05 0.998651 
0.0561294 0.00200702 0.0138975 0.0923235 0.0923094 0.00461574 0.0028267 0.569966 0.00596712 0.000205967 1.5771e-05 0.00323681 0.00226257 0.0150007 0.000585375 0.00790678 7.04007e-05 0.00343319 0.0123136 0.0167454 0.0979413 0.000239809 
0.032316 0.0176417 0.000242755 0.0339286 0.24265 0.0299645 0.334893 0.0616066 0.00670658 0.0421952 1.23869e-05 0.159609 7.33982e-05 0.0080091 0.000222274 0.000161294 0.000219834 0.00618348 0.00679154 0.000686578 0.0158738 1.2742e-05 
0.0174135 0.00681653 0.00182156 0.18263 1.58088e-05 1.3964e-08 3.45677e-07 0.0127409 0.685984 3.68759e-07 2.79516e-10 0.0054365 1.01478e-07 0.0226734 0.00232758 7.55555e-06 5.91428e-07 6.56587e-07 0.0359769 1.07125e-06 0.0261515 4.66592e-07 
0.0726807 0.00572335 0.0366173 0.106711 0.495196 0.0017515 0.0335178 0.099114 0.0348555 2.52379e-06 2.84721e-07 0.00667776 2.93634e-05 0.0388614 0.0188948 3.6271e-06 0.00416712 0.00480785 0.0176786 0.0224663 1.9367e-05 0.000223633 
0.0200266 0.00979563 0.0459576 0.0409205 0.386107 5.01116e-05 3.68894e-05 0.0803891 0.0811423 0.00014909 1.0229e-07 0.00911886 0.00199019 0.236178 0.0403831 1.85875e-07 0.00835217 0.000182606 0.00620616 0.0140798 0.0189337 1.22124e-06 
0.0842169 0.00189344 0.0102142 0.00618799 0.333042 0.000656188 0.106922 0.044874 0.0373382 0.00218261 9.03557e-06 0.000908889 1.56127e-05 0.175624 0.000744276 0.000190683 0.000736255 0.0373281 0.00165123 0.0665388 0.0817758 0.00694964 
0.00713147 0.0164726 0.0384332 0.01433 4.60925e-05 0.00291161 0.00025019 0.000316997 0.497652 0.00208788 3.40996e-08 0.000273399 0.337812 0.0766221 0.00407385 3.18327e-05 0.000138996 0.000401131 0.000592859 0.000309366 8.13591e-05 3.05135e-05 
0.484463 0.000798513 0.000358902 0.150158 0.207588 3.62508e-05 0.00179459 0.0422705 0.00380603 0.00833153 1.47688e-08 6.35627e-05 0.00301795 0.0348838 0.000124458 9.32062e-05 5.5414e-05 0.00795863 2.95408e-05 0.0031889 0.0509702 9.42242e-06 
0.045808 0.0016819 0.000193068 6.76928e-05 0.35304 0.00219213 0.00735426 0.016436 0.00891503 2.27904e-06 2.2738e-08 4.11843e-05 0.530274 0.0321034 0.000100437 2.11788e-06 7.7039e-08 5.66235e-05 0.000184267 3.68862e-06 0.00154382 2.85735e-07 
0.0250615 0.000277738 0.000571208 0.000113294 0.420164 0.000112652 0.0224282 0.00134006 5.13112e-05 0.000144266 1.81939e-06 0.000588271 2.69119e-06 0.517174 1.65883e-05 2.03684e-05 0.00033295 0.00155286 4.2114e-06 1.7458e-05 0.0100151 9.25104e-06 
0.146792 0.0102492 0.00366662 0.00360375 0.453263 0.000677775 0.0785444 0.00869936 0.022835 0.00200687 9.69567e-06 0.00256241 0.000115195 0.149605 0.00332017 3.38397e-05 0.0106397 0.0130874 0.00125204 0.00105994 0.0876791 0.000296536 
0.0112774 0.00176522 0.0131555 0.100426 3.37167e-06 5.63758e-07 0.0241215 0.027512 0.605454 7.18679e-05 7.769e-12 0.00564881 9.86677e-06 0.0195991 0.000274345 0.0388098 0.000558151 0.00202947 0.00688526 0.00189092 0.140507 7.46791e-09 
0.375979 0.000111438 0.00697587 0.000781808 0.265095 0.000146821 0.0199144 0.00259896 0.000100733 0.00857112 2.23343e-07 0.0434643 5.60947e-06 0.227253 1.81866e-05 8.36404e-05 0.0122868 0.0269223 5.3013e-06 0.000227562 0.00945485 2.95427e-06 
0.00341383 0.00190671 0.00106333 0.00119763 0.00792536 0.000279957 0.000177759 0.00407186 0.00436285 0.00217071 2.73039e-05 0.0248289 0.00425214 0.349936 9.41137e-05 3.75987e-05 0.00298882 0.562021 0.00107689 0.000571529 0.0246991 0.00289586 
0.0414062 0.0063251 0.00926937 0.00760301 0.09731 0.00603985 0.184241 0.0196926 0.0702196 0.00176697 0.000353748 0.00186904 0.000561349 0.125811 0.00526829 0.00250439 0.00520744 0.121827 0.00347026 0.00690748 0.279854 0.0024916 
6.67185e-06 0.000704821 1.50887e-06 2.58291e-05 0.000110361 0.000138051 2.38607e-05 3.16241e-05 2.59507e-07 4.66142e-12 2.60299e-12 1.74805e-05 2.43702e-08 1.62046e-09 1.60565e-06 1.90926e-07 2.14191e-06 1.01753e-06 0.000265515 1.08802e-06 1.72982e-05 0.998651 
0.0911744 0.0164605 0.0540352 0.0140625 0.433957 0.00154762 0.0388711 0.00767806 0.0145653 0.00128887 9.28989e-06 0.000166557 0.000534882 0.0686421 0.00859903 0.000255387 0.0040333 0.00606964 0.00192083 0.0111198 0.193306 0.0317033 
0.00118696 0.000204838 0.651872 0.000169594 0.004729 0.000263411 0.0108349 0.00039292 0.00156782 0.000422437 4.71869e-05 0.000166179 7.39535e-05 0.0016676 0.000501284 0.000607558 0.000411868 0.00326481 0.000126485 0.317963 0.00324975 0.000275903 
0.0129513 0.00469288 0.00488502 0.159482 1.89528e-05 1.15871e-07 0.000178854 0.0102238 0.648872 9.39329e-06 6.43684e-09 0.00502908 1.4796e-06 0.0889223 0.00171163 0.00335227 0.000334133 0.00231926 0.0351873 0.000215328 0.0216091 3.5004e-06 
0.0362425 0.0161214 0.0200119 0.0176439 0.0249865 0.00195375 0.00637305 0.0190104 0.0932387 0.00187562 0.000386527 0.0111097 0.00127055 0.2762 0.0182047 0.02595 0.260277 0.0592772 0.00448256 0.00833377 0.0958566 0.00119423 
0.00934508 0.0836916 0.0027398 0.00162158 0.00147346 6.88022e-07 0.00387481 0.0525826 0.0228334 8.25523e-05 1.19519e-08 5.76292e-05 4.54766e-06 0.0226062 0.000491049 1.42228e-07 0.000120025 0.000125971 6.46496e-08 0.000514467 0.797797 3.7552e-05 
0.0514868 0.134728 0.00160551 0.0885742 0.0114781 0.00772946 0.116449 0.0751937 0.172209 0.00200002 0.0015124 0.00704643 0.00198694 0.0426368 0.00786552 0.00497302 0.0149952 0.00877112 0.059867 0.00184918 0.18402 0.00302225 
0.201681 0.107015 0.00071926 0.00497589 0.0952237 0.00128944 0.112568 0.168581 0.00571249 0.0740647 1.00562e-07 0.0978385 0.000288943 0.0257964 0.0105185 1.28977e-06 0.00191376 0.0320658 0.00152612 0.00568758 0.0525022 3.04015e-05 
0.0688927 1.15538e-07 0.00319606 0.000621883 0.647112 0.000594456 0.0715093 2.21626e-07 8.84329e-07 0.000667412 2.66157e-08 0.000965542 4.17134e-08 0.136577 2.82749e-07 3.42692e-07 0.00181227 0.00865693 7.13434e-08 2.98415e-07 0.0593915 1.55623e-07 
0.0337133 0.00386607 0.0113902 0.0078704 0.0227755 0.00035441 0.00554361 0.0129799 0.0303798 0.000190599 0.000145201 0.022053 0.00779568 0.235012 0.00819104 0.00405121 0.362614 0.153804 0.00113974 0.00163458 0.0743367 0.000158577 
6.67185e-06 0.000704821 1.50887e-06 2.58291e-05 0.000110361 0.000138051 2.38607e-05 3.16241e-05 2.59507e-07 4.66142e-12 2.60299e-12 1.74805e-05 2.43702e-08 1.62046e-09 1.60565e-06 1.90926e-07 2.14191e-06 1.01753e-06 0.000265515 1.08802e-06 1.72982e-05 0.998651 
0.0677773 3.70958e-05 0.000369909 0.00341956 0.0231099 1.69355e-05 0.00178255 0.0141055 0.00221387 1.63048e-05 4.68466e-10 0.00271736 0.877443 0.00604706 4.31056e-05 8.51264e-10 0.000472697 4.99963e-06 7.2874e-06 0.000406517 9.21756e-06 9.03507e-09 
0.0427316 0.00206644 0.000961532 0.000109745 0.813938 0.00053843 0.0690312 0.00320292 0.000979821 0.000208948 1.84055e-07 0.000581913 4.20155e-07 0.0319712 2.30981e-05 1.35972e-05 0.000894368 0.00576578 4.67436e-06 0.000482624 0.0263096 0.000183696 
0.00303283 0.000611194 0.00225578 0.00125923 0.0168675 4.51679e-08 0.24803 0.00848933 0.0650863 8.69964e-05 8.09127e-09 0.000227989 1.2681e-08 0.125446 8.59567e-08 0.000156374 0.000572124 0.0141642 0.000177869 0.0023225 0.511214 4.73098e-08 
0.0122749 0.00456452 0.00275832 0.00659744 0.0040317 0.00425686 0.00682817 0.00984846 0.0503473 0.00536181 0.000118448 0.00875006 0.00123812 0.50023 0.000871037 0.000882887 0.149658 0.190817 0.00585253 0.000595584 0.0336442 0.000473033 
0.0318164 0.337546 0.110947 0.0426835 0.144646 0.000179162 0.0114718 0.050902 0.038261 4.54668e-09 2.53892e-09 0.000199306 4.58147e-07 0.0605909 0.00443582 7.12305e-07 4.5466e-05 0.000202612 0.00373711 0.0541107 0.0637675 0.0444564 
0.274718 0.00689065 0.000561403 0.00442594 0.0775689 0.000986263 0.0799577 0.0232349 0.146165 0.000157023 1.86098e-05 0.00269255 7.66699e-05 0.106755 0.000898654 0.000677973 0.00429819 0.0240856 0.00164862 0.000340718 0.243814 2.81218e-05 
0.0441493 0.00103277 0.0208463 0.0225136 0.00759958 5.18364e-05 9.39943e-05 0.00350965 0.0142699 2.39468e-05 7.36273e-08 0.000120977 0.000770801 0.230564 0.03782 0.539768 0.0153811 0.0132092 0.00131265 0.000386927 0.00483409 0.0417413 
0.000125634 0.000103035 0.00102865 2.01885e-05 0.000166784 4.67813e-05 0.00498352 0.00112192 0.000216758 3.37032e-06 1.82954e-12 4.09186e-06 0.989062 0.00281149 4.12533e-05 3.32451e-12 0.000169167 1.26151e-05 1.99835e-05 3.6878e-05 2.55032e-05 5.59669e-10 
0.0456398 5.61498e-05 0.00734267 5.57859e-05 0.486742 0.000433436 0.00498852 0.0358144 0.00436709 0.000181997 5.21078e-08 0.000132564 0.00656058 0.0312787 0.000298775 0.000898119 0.0880636 0.0431916 0.000475231 0.0147255 0.228753 3.01404e-07 
6.67185e-06 0.000704821 1.50887e-06 2.58291e-05 0.000110361 0.000138051 2.38607e-05 3.16241e-05 2.59507e-07 4.66142e-12 2.60299e-12 1.74805e-05 2.43702e-08 1.62046e-09 1.60565e-06 1.90926e-07 2.14191e-06 1.01753e-06 0.000265515 1.08802e-06 1.72982e-05 0.998651 
0.126123 0.274234 0.00108222 0.036162 0.064425 4.04203e-05 0.117842 0.0151006 0.169864 0.000573389 1.28674e-05 0.00147356 0.00334021 0.0312357 0.00387578 3.56669e-05 7.761e-05 0.0290291 0.002603 0.000934082 0.121782 0.000153815 
6.67185e-06 0.000704821 1.50887e-06 2.58291e-05 0.000110361 0.000138051 2.38607e-05 3.16241e-05 2.59507e-07 4.66142e-12 2.60299e-12 1.74805e-05 2.43702e-08 1.62046e-09 1.60565e-06 1.90926e-07 2.14191e-06 1.01753e-06 0.000265515 1.08802e-06 1.72982e-05 0.998651 
0.0806183 0.100923 0.00131589 0.000684172 0.726124 0.000289292 0.00061313 0.0206547 0.00422728 2.41395e-05 5.57478e-06 0.00616432 5.28324e-05 0.006952 1.53187e-05 0.000107055 0.000365817 0.0301376 4.22951e-05 0.000333464 0.0203341 1.59773e-05 
0.00747553 2.38307e-05 0.00880224 0.612538 0.0265854 0.00198285 0.0244586 0.0793922 0.109549 0.000137463 2.65115e-06 0.0122592 6.39624e-05 0.0111246 0.000551376 0.00312826 0.000697835 2.32446e-05 0.000241169 0.094525 0.00643418 2.83756e-06 
0.0455154 0.00156945 0.00179011 5.79523e-05 0.90753 0.000948971 0.00370194 0.00139586 0.000535681 0.000760887 1.61678e-05 0.000845736 0.000143929 0.0122531 0.000171305 0.000207665 0.000140749 0.00111548 4.3228e-05 0.000490687 0.0206712 9.43046e-05 
0.0406662 0.0603368 0.000310096 0.00300558 0.775175 0.000393347 0.00157385 0.00608176 0.000257253 1.95594e-05 3.92389e-06 0.0214547 0.000923474 0.0156069 0.000103495 8.87577e-05 0.000315128 0.000105072 0.0343808 2.7245e-05 0.00212933 0.0370415 
0.0135748 0.0360594 0.0379152 0.0016605 0.124859 0.000604428 0.000185038 0.549667 0.0463525 1.22995e-05 6.53621e-07 0.00106192 1.07206e-05 0.000498675 0.0126116 0.000192519 7.41912e-06 5.98243e-05 0.0062955 0.000730822 0.167541 9.95931e-05 
0.00355963 0.0291783 0.00181034 0.0681875 0.000822392 5.65593e-05 0.000321328 0.694124 0.0359653 0.00179421 1.58086e-05 0.00201719 7.62528e-05 0.00855801 0.00160421 0.00649882 0.000424612 0.00463124 0.013733 0.0242638 0.0973662 0.00499172 
0.0215607 0.0178691 4.70226e-06 0.000883386 0.89327 0.00172847 0.00117994 0.0330002 0.00377616 8.4258e-07 1.48558e-09 0.0108798 1.70446e-07 0.00745392 1.88876e-07 2.69949e-09 0.000528365 3.94594e-07 0.000349581 2.59926e-05 0.00748791 4.18246e-08 
0.00934508 0.0836916 0.0027398 0.00162158 0.00147346 6.88022e-07 0.00387481 0.0525826 0.0228334 8.25523e-05 1.19519e-08 5.76292e-05 4.54766e-06 0.0226062 0.000491049 1.42228e-07 0.000120025 0.000125971 6.46496e-08 0.000514467 0.797797 3.7552e-05 
0.010412 0.0268577 4.3791e-05 0.00381417 0.145178 0.0195121 0.630328 0.0349173 0.00828373 5.13843e-05 1.28906e-05 0.035424 0.000322367 0.0258503 0.000271449 0.00202545 0.000178854 0.0161551 0.000591773 7.67334e-05 0.0395956 9.73672e-05 
0.0951574 0.0962683 0.026929 0.0127338 0.000333064 1.8706e-06 0.00566478 0.0714489 0.19259 1.04434e-06 2.59973e-07 0.0156041 2.91025e-07 0.175759 0.000897592 0.013694 0.00639412 0.00191002 0.0176975 0.00234288 0.262537 0.00203499 
0.111837 0.0139836 0.000778323 0.0316425 0.000926646 0.000237303 0.449077 0.0261901 0.224971 0.000488764 1.8168e-05 0.0254463 0.000352028 0.0203993 0.00415066 2.11284e-05 0.000358639 0.000530586 0.0338271 0.000909992 0.0538244 2.92406e-05 
0.325939 0.0110947 0.0246247 0.0129639 0.00515705 1.56064e-06 0.00157786 0.0253764 0.0127242 0.00102611 4.92702e-08 0.00200306 0.000126671 0.367826 0.000447057 0.00387495 0.00328568 0.193305 0.000812581 0.00190874 0.00592469 5.62945e-07 
0.0414062 0.0063251 0.00926937 0.00760301 0.09731 0.00603985 0.184241 0.0196926 0.0702196 0.00176697 0.000353748 0.00186904 0.000561349 0.125811 0.00526829 0.00250439 0.00520744 0.121827 0.00347026 0.00690748 0.279854 0.0024916 
0.016085 0.00440735 0.0037202 0.00739014 0.0155089 9.29383e-05 0.00524299 0.0205087 0.000953217 0.011552 3.17272e-08 0.00384849 8.97969e-08 0.860001 0.00054394 1.01558e-06 0.000577459 0.0399638 0.000323865 0.00374626 0.0055327 5.32588e-08 
0.0209932 0.0022257 0.0101464 0.0215431 0.00334714 0.000120689 0.00866292 0.00593572 0.012445 0.00349503 6.85292e-05 0.000194708 8.83336e-05 0.338377 0.0191149 0.000260704 0.482353 0.00055247 0.00215035 0.000125558 0.0228852 0.0449145 
6.67185e-06 0.000704821 1.50887e-06 2.58291e-05 0.000110361 0.000138051 2.38607e-05 3.16241e-05 2.59507e-07 4.66142e-12 2.60299e-12 1.74805e-05 2.43702e-08 1.62046e-09 1.60565e-06 1.90926e-07 2.14191e-06 1.01753e-06 0.000265515 1.08802e-06 1.72982e-05 0.998651 
0.00330993 0.00179526 6.37668e-05 0.00285115 0.00304138 0.00868075 0.935174 0.00948086 0.00855803 0.00012281 3.10688e-05 0.00438154 0.0032241 0.00401682 6.21478e-05 0.000395342 0.00204215 0.00303911 0.00154914 4.87709e-05 0.0080151 0.000116457 
0.000119654 0.000150249 3.2743e-05 0.00012059 2.62535e-05 0.000279712 0.00266388 0.0022908 0.000106899 2.03206e-09 7.78461e-13 0.000101964 0.992818 0.000105526 8.7555e-07 1.41457e-12 1.88656e-06 0.000153768 0.000115541 0.000447209 0.000463897 1.32175e-07 
0.113439 0.0375458 0.00436965 0.00163868 0.683671 0.000106419 0.00247915 0.0508589 0.00139499 9.03421e-05 7.6002e-08 0.00474155 5.96078e-05 0.0526214 0.0412123 0.00010572 0.0022887 0.000217191 0.00108987 3.66997e-05 0.00201884 1.46456e-05 
0.0206797 0.0090604 0.00971251 0.0318806 0.0215246 0.0180008 0.0388618 0.0574557 0.057482 0.000477014 0.000188261 0.150143 0.00709812 0.198394 0.00284878 0.00515668 0.0700079 0.223167 0.00299371 0.00354008 0.0698807 0.00144707 
0.00934508 0.0836916 0.0027398 0.00162158 0.00147346 6.88022e-07 0.00387481 0.0525826 0.0228334 8.25523e-05 1.19519e-08 5.76292e-05 4.54766e-06 0.0226062 0.000491049 1.42228e-07 0.000120025 0.000125971 6.46496e-08 0.000514467 0.797797 3.7552e-05 
0.00955719 0.154384 0.00149097 0.00531324 0.00112616 0.0255049 0.0102694 0.17744 0.0264958 9.39583e-05 6.49515e-05 0.000946968 0.000394488 0.098725 0.429698 0.00686618 0.00346693 0.00428184 0.0205452 0.00344666 0.0197416 0.00014753 
0.0768038 0.0296564 2.00561e-05 5.22312e-06 0.742924 0.0170443 0.00033369 0.0520467 4.82855e-05 0.00131403 1.45325e-06 5.11794e-06 2.2776e-06 5.13583e-05 1.54385e-05 1.87114e-05 1.26846e-05 0.000100549 0.0794711 1.62938e-05 0.000100085 8.49719e-06 
0.032316 0.0176417 0.000242755 0.0339286 0.24265 0.0299645 0.334893 0.0616066 0.00670658 0.0421952 1.23869e-05 0.159609 7.33982e-05 0.0080091 0.000222274 0.000161294 0.000219834 0.00618348 0.00679154 0.000686578 0.0158738 1.2742e-05 
0.02813 0.00482377 0.000982248 0.00157235 0.212643 6.96453e-05 0.0114706 0.0213928 0.00934335 0.00141674 1.09848e-05 0.00598178 0.000851372 0.586906 0.00046702 2.65984e-05 0.01635 0.0685682 0.000524872 1.33203e-05 0.0284205 3.50482e-05 
0.0147321 0.000280684 0.000536692 0.000104666 0.92505 0.000389961 0.0119672 9.00833e-06 7.04863e-06 0.000114353 2.12702e-07 0.000163377 5.46922e-05 0.023269 2.25405e-06 2.73245e-06 0.000305018 0.00145743 5.68796e-07 2.37884e-06 0.0214222 0.00012895 
0.0151378 0.00166108 0.0706849 0.0122455 0.0145662 0.00124372 0.00555685 0.00886635 0.0823411 0.00184325 7.01453e-05 0.00236315 0.000257993 0.711517 0.00253165 0.000108408 0.0286881 0.00462803 0.00463429 0.000518114 0.0299522 0.000583799 
0.00149487 6.99886e-05 0.000292035 5.79454e-05 0.939848 0.000481491 0.046884 0.000601925 0.00594111 0.000144387 1.61589e-05 5.67978e-05 2.53028e-05 0.000569711 0.000171283 0.000207632 0.000485485 0.00111537 0.000117297 0.000180766 0.00111023 0.000128394 
0.116608 0.179762 0.0178811 0.0260908 0.00108699 0.000169538 0.00519855 0.00714888 0.151529 0.000321729 1.80118e-05 0.00584195 5.89233e-05 0.232105 0.00253882 0.00537003 0.0358562 0.0353235 0.0563545 0.00181583 0.0850951 0.0338247 
0.0154213 0.0183355 0.000106815 0.0117551 0.121567 2.9164e-05 0.378528 0.137973 0.0296156 1.79901e-05 4.89075e-06 0.000268704 0.00155441 0.0585606 0.000171556 3.09266e-05 8.59911e-05 0.0143707 0.135934 6.53623e-05 0.0755886 1.39963e-05 
0.018476 0.0536148 0.000207962 0.000398282 0.898269 0.000387559 0.000893899 0.00621227 0.00505345 0.00498388 2.4039e-06 6.71892e-05 1.02488e-05 0.00125081 0.00101001 6.60486e-05 0.000279337 0.000194575 0.000136818 0.000203839 0.00820598 7.60537e-05 
0.0161791 0.00035171 0.000636227 0.000129952 0.921627 0.000137553 0.0195007 4.52294e-05 0.00018047 0.000191171 5.44127e-06 0.000527504 8.52219e-06 0.026191 5.77085e-05 6.99521e-05 0.000440885 0.00182423 1.4562e-05 6.09042e-05 0.0117885 3.17665e-05 
0.0125558 0.0517415 3.34074e-05 0.0156711 0.396638 9.98241e-06 0.00793395 0.229839 0.00357101 0.0131974 3.34875e-06 0.000136225 0.00292812 0.0323312 0.0178915 2.55363e-05 0.000268885 9.88882e-06 0.0251153 0.158069 0.0320152 1.43689e-05 
3.50439e-05 3.77745e-05 3.55641e-05 4.57279e-06 4.5516e-07 5.28629e-05 0.00272989 0.000198031 0.000167589 1.46858e-09 3.35855e-13 6.81039e-06 0.996534 9.94596e-05 3.41357e-08 6.10293e-13 4.97499e-09 6.6273e-05 1.13379e-05 3.29302e-06 1.70707e-05 2.2715e-10 
0.0206853 0.000373799 0.00014473 0.00519929 0.0068412 1.12079e-07 0.0687599 0.0139397 0.532704 2.64851e-05 2.00788e-08 0.000524212 3.14677e-08 0.0228652 0.000156238 2.58511e-07 0.000498498 0.0112623 0.000568531 2.25109e-07 0.315449 1.17394e-07 
3.50439e-05 3.77745e-05 3.55641e-05 4.57279e-06 4.5516e-07 5.28629e-05 0.00272989 0.000198031 0.000167589 1.46858e-09 3.35855e-13 6.81039e-06 0.996534 9.94596e-05 3.41357e-08 6.10293e-13 4.97499e-09 6.6273e-05 1.13379e-05 3.29302e-06 1.70707e-05 2.2715e-10 
0.0379633 0.00192999 0.0071272 0.0226249 0.0728143 2.85756e-05 0.0272361 0.0372552 0.00215853 0.0358034 2.48387e-08 2.78041e-05 0.00028155 0.643152 0.000366852 1.80329e-06 0.019765 0.0808106 0.000323181 0.00607614 0.00425264 7.92223e-07 
0.0914207 2.09235e-05 0.0731236 0.00395465 0.0818849 1.97478e-05 3.1319e-06 0.000364682 0.0226063 0.000779884 6.93642e-10 6.7223e-05 3.10473e-06 0.706819 0.014017 1.67935e-06 0.00197901 8.19734e-07 0.00020413 0.000549813 0.0020867 9.28308e-05 
3.50439e-05 3.77745e-05 3.55641e-05 4.57279e-06 4.5516e-07 5.28629e-05 0.00272989 0.000198031 0.000167589 1.46858e-09 3.35855e-13 6.81039e-06 0.996534 9.94596e-05 3.41357e-08 6.10293e-13 4.97499e-09 6.6273e-05 1.13379e-05 3.29302e-06 1.70707e-05 2.2715e-10 
0.217498 0.0916577 0.0145938 0.0600806 0.16259 0.00890325 0.0228143 0.0603436 0.0213344 0.000458573 0.000119815 0.0229286 0.0037204 0.104313 0.00791196 0.00597499 0.0058425 0.0237653 0.0167846 0.00183164 0.126591 0.0199419 
0.107837 0.0190304 0.011525 0.00972712 0.418427 4.16187e-07 1.7119e-05 0.0172591 0.0277465 6.67447e-07 7.45548e-08 2.62561e-07 0.000210439 0.141755 0.00388172 9.59935e-07 6.50747e-07 5.15836e-06 0.00175883 8.35907e-07 0.240816 4.35923e-07 
0.03006 0.0175753 0.219184 0.0075938 0.00163973 6.25858e-06 0.00425378 0.00772075 0.0901793 0.00295705 1.07509e-06 3.44332e-05 0.000159376 0.275011 0.00243122 1.22776e-06 0.301617 0.00055402 0.000103945 0.000106963 0.0388091 1.32717e-06 
0.0683035 0.000883627 0.0822695 0.0184101 0.528419 0.000289791 0.00969682 0.00139674 0.0356442 0.000115546 1.80558e-08 0.000697914 1.5753e-05 0.132807 0.00223994 2.31946e-07 1.57207e-07 0.0047847 0.00252445 0.0026775 0.108823 1.05331e-07 
0.0177804 0.000868605 0.000366556 7.41162e-05 0.937632 0.000551165 0.0181042 2.49305e-05 0.00110181 0.000102976 3.20879e-06 0.000357881 7.16452e-05 0.0151503 2.6202e-05 6.64478e-05 0.000429164 0.00103879 6.61221e-06 2.7652e-05 0.00611676 9.82151e-05 
0.0414062 0.0063251 0.00926937 0.00760301 0.09731 0.00603985 0.184241 0.0196926 0.0702196 0.00176697 0.000353748 0.00186904 0.000561349 0.125811 0.00526829 0.00250439 0.00520744 0.121827 0.00347026 0.00690748 0.279854 0.0024916 
0.0253288 0.00933784 0.0724712 0.0123183 0.000245944 2.53553e-08 0.00680702 0.0036608 0.0425726 9.92885e-06 5.3242e-11 2.68619e-06 4.32107e-05 0.775474 0.00120921 0.000509077 0.0430121 0.00149416 0.00139697 0.00228977 0.00181617 5.08239e-08 
0.620707 0.0362949 0.000405145 0.00756329 0.0197715 0.00281753 0.035024 0.00990495 0.0897322 0.00224353 7.92523e-05 0.0161284 0.000265678 0.103831 0.000139387 0.00107866 0.0161981 0.0048222 0.0114071 0.0065174 0.0149732 9.50669e-05 
0.246362 0.0246287 0.0112323 0.004288 0.178794 1.10173e-05 1.16318e-05 0.0909757 0.0606906 8.35779e-07 4.48407e-07 0.000700396 5.67702e-06 0.13574 0.000676076 2.13457e-06 0.113876 0.00242109 0.000781723 0.0482076 0.080472 0.000123027 
6.67185e-06 0.000704821 1.50887e-06 2.58291e-05 0.000110361 0.000138051 2.38607e-05 3.16241e-05 2.59507e-07 4.66142e-12 2.60299e-12 1.74805e-05 2.43702e-08 1.62046e-09 1.60565e-06 1.90926e-07 2.14191e-06 1.01753e-06 0.000265515 1.08802e-06 1.72982e-05 0.998651 
0.00335267 0.000104794 1.68152e-05 0.00484506 3.30498e-08 2.14074e-08 0.0102967 0.000299659 0.893189 6.93052e-07 6.68248e-09 0.00610107 3.64941e-08 0.00156318 3.53944e-05 2.18117e-08 0.000241076 8.03703e-05 0.00114992 0.00327312 0.0754504 1.11567e-08 
0.0641177 1.73702e-07 5.52232e-07 1.43815e-07 0.556214 2.23372e-07 9.18795e-06 0.0060978 0.0255279 3.58226e-07 4.00143e-08 1.40919e-07 6.27123e-08 0.187089 4.25088e-07 5.15207e-07 0.00143232 0.105761 1.07259e-07 0.00358956 0.0501578 2.33965e-07 
0.0500056 0.314096 5.52932e-08 0.0498792 0.127361 0.00250133 0.00462632 0.38091 0.0016456 7.7827e-08 1.90827e-08 0.00909562 0.000443607 1.17961e-07 0.00525155 0.000105224 0.000895273 9.43019e-05 0.0132984 0.00510205 2.2165e-07 0.0346887 
0.00308309 0.000225115 0.00427653 0.00319877 0.00466416 4.99364e-05 3.06587e-05 0.00366089 0.00150777 0.000111277 1.16679e-07 0.000197685 0.875237 0.00622533 0.000183097 0.0872219 0.000183485 0.000738927 0.000169656 0.00313381 0.00551526 0.000385303 
0.074282 0.0110253 0.00843819 0.0121578 0.640964 0.000152934 0.00917091 0.0112882 0.0327214 0.000129493 7.64226e-06 0.00210032 0.000237093 0.0789614 0.00125554 6.19335e-05 0.0010043 0.00109382 0.00121553 0.00186428 0.111832 3.6065e-05 
0.0303937 0.000733297 0.00495204 0.00107403 0.725753 0.000163801 0.0135791 0.00481063 0.00871955 0.002499 1.52756e-05 0.00010492 5.61746e-05 0.034655 0.000583517 6.83049e-05 0.00659539 0.00326032 0.000102068 0.000366167 0.161477 3.75966e-05 
0.0474542 0.0117841 0.00938583 0.0864892 0.0065002 0.000193595 0.0394462 0.00680962 0.569268 4.68146e-05 3.61861e-08 0.00150568 0.000190926 0.0508529 0.0132474 0.000724242 0.000742451 0.000291159 0.0570596 9.06047e-06 0.0979991 1.56337e-07 
0.435536 0.00277259 0.00431553 0.00230611 0.166775 5.31504e-05 0.0191425 0.0105749 0.00683875 6.71055e-05 2.51093e-06 0.000934515 0.00184157 0.185453 0.00405714 3.72211e-05 0.0311615 0.00785484 0.000264196 9.08739e-05 0.11991 1.07472e-05 
0.0137524 0.0932793 0.000114094 6.53397e-09 0.334809 0.00418809 0.00213005 0.00623374 0.000516616 2.05096e-10 1.14528e-10 0.00226371 4.42848e-05 0.00181798 0.000241704 2.69378e-07 6.93365e-08 1.81712e-06 3.27639e-07 2.96284e-08 0.00212333 0.538484 
0.0433856 0.00299243 0.0762828 0.0704286 0.0791511 0.00879636 0.00047724 0.161738 0.304065 0.00050115 2.77737e-07 0.000348468 6.00906e-05 0.119953 0.0392858 0.00529481 0.000424232 2.44926e-05 0.00060788 0.0860113 0.000171629 3.00713e-07 
0.0174135 0.00681653 0.00182156 0.18263 1.58088e-05 1.3964e-08 3.45677e-07 0.0127409 0.685984 3.68759e-07 2.79516e-10 0.0054365 1.01478e-07 0.0226734 0.00232758 7.55555e-06 5.91428e-07 6.56587e-07 0.0359769 1.07125e-06 0.0261515 4.66592e-07 
0.0456398 5.61498e-05 0.00734267 5.57859e-05 0.486742 0.000433436 0.00498852 0.0358144 0.00436709 0.000181997 5.21078e-08 0.000132564 0.00656058 0.0312787 0.000298775 0.000898119 0.0880636 0.0431916 0.000475231 0.0147255 0.228753 3.01404e-07 
0.0027048 0.000179915 0.000287573 0.000398432 0.00252527 1.0636e-05 1.79686e-05 0.00266602 8.21929e-05 0.000256283 4.29883e-08 0.975888 0.00385795 0.00702081 0.000111069 7.71761e-08 0.00328159 0.000380353 0.000172226 2.95181e-05 0.000120535 9.17561e-06 
0.000167282 5.62749e-06 4.48741e-05 9.78868e-05 4.24198e-05 0.000204449 0.00257687 0.000311768 0.000156055 4.00413e-09 2.2869e-12 4.09263e-06 0.995742 0.000105534 2.07772e-05 4.1556e-12 1.35569e-08 7.03872e-05 6.809e-06 0.000422911 2.00426e-05 1.33067e-07 
0.126679 0.0135275 0.0287601 0.00968475 0.043363 0.0224769 0.0195284 0.0176135 0.102317 0.00020011 3.84935e-06 0.000990005 0.00101295 0.534601 0.00156499 0.0444585 0.00146799 0.000271958 0.00154884 0.0020335 0.0278908 5.09803e-06 
0.00653364 0.00412319 0.00108544 0.000283669 0.000358162 2.28294e-07 1.35259e-08 0.00199967 2.57112e-08 2.19139e-08 3.9869e-09 3.25208e-08 1.92156e-08 0.055796 0.000318456 0.0920011 0.00126621 0.829729 0.000122393 0.000123302 0.00625843 8.95456e-07 
0.0590814 0.0104417 0.0018521 0.00379388 0.63912 8.12605e-05 0.00217368 0.00299369 0.0735281 0.000188386 2.79941e-05 0.000887264 0.000162421 0.0888721 0.000108206 4.64117e-05 0.00284515 0.00100791 0.00299755 0.0076858 0.102073 3.23151e-05 
0.036767 3.12788e-05 0.000784776 0.000155481 0.704971 0.00015731 0.0745331 0.00140573 0.00985205 0.000151823 4.37547e-07 0.000200824 8.36744e-05 0.0846364 0.00120716 3.70759e-05 0.000821702 0.0340997 1.06409e-05 0.00599528 0.0440811 1.67348e-05 
0.0542456 0.00962192 0.00072199 0.00576085 0.00636629 4.24861e-06 0.000203434 0.00102448 0.0920718 2.89146e-05 5.38516e-08 3.77266e-05 0.000517412 0.24785 0.469647 3.90326e-06 0.00358416 0.0106498 0.00108067 7.46946e-07 0.0962353 0.0003435 
0.0188966 0.0187836 0.00524098 0.379373 0.0285332 0.00230952 0.00603939 0.33786 0.0222495 0.00135063 0.00133433 0.0118164 0.00154817 0.0309636 0.00606021 0.0021325 0.00333693 0.00502359 0.0173493 0.0205293 0.0721231 0.00714617 
0.0027069 0.000285416 0.879786 0.000352702 0.0161288 0.000183828 0.00405483 0.008488 0.00762352 0.000161117 1.93614e-05 6.33162e-05 9.74866e-05 0.0174104 0.00188427 0.000230428 0.00015512 0.00122193 0.00205419 0.0490425 0.00794545 0.00010465 
0.0456398 5.61498e-05 0.00734267 5.57859e-05 0.486742 0.000433436 0.00498852 0.0358144 0.00436709 0.000181997 5.21078e-08 0.000132564 0.00656058 0.0312787 0.000298775 0.000898119 0.0880636 0.0431916 0.000475231 0.0147255 0.228753 3.01404e-07 
0.0194537 0.00682669 0.00244692 0.0264007 0.000933476 1.39915e-05 0.00383189 0.113196 0.721648 2.31589e-05 7.44067e-10 0.00708075 1.38225e-07 0.0440487 0.000741814 0.00905333 0.000282763 0.000892544 0.0231525 0.000417606 0.0195547 3.80628e-09 
0.00349333 0.00245642 0.000237623 0.0168241 0.000493732 9.19173e-06 0.0274126 0.0103716 0.87962 8.83349e-05 2.53493e-06 0.0077808 3.44767e-05 0.00603576 4.25782e-05 2.32252e-05 0.00237085 0.00446245 0.00345563 0.000937772 0.033839 7.66092e-06 
0.124707 8.04172e-05 0.0346604 0.0319652 0.149377 9.96294e-08 0.0583963 0.00479275 0.00903616 0.00316979 1.79486e-08 0.000403139 2.80676e-08 0.072767 0.0151062 2.29909e-07 0.000585933 0.128031 0.000618068 0.0161224 0.350131 4.91759e-05 
0.000125634 0.000103035 0.00102865 2.01885e-05 0.000166784 4.67813e-05 0.00498352 0.00112192 0.000216758 3.37032e-06 1.82954e-12 4.09186e-06 0.989062 0.00281149 4.12533e-05 3.32451e-12 0.000169167 1.26151e-05 1.99835e-05 3.6878e-05 2.55032e-05 5.59669e-10 
0.0215381 4.04239e-05 0.697526 0.0121925 0.0789038 5.33311e-05 0.0117997 6.57024e-06 0.000504122 1.39181e-07 7.77205e-08 0.0463923 0.00257972 0.053248 0.000407417 1.41228e-07 0.00438368 0.000645762 0.0419406 0.0158416 0.0119878 8.0756e-06 
0.0547649 0.00173456 0.0351042 0.0963045 0.0558342 6.59131e-05 0.00341055 0.0537894 0.00942881 9.62958e-05 9.22031e-08 0.0014221 0.000760972 0.190105 0.453403 9.27366e-05 0.00131477 0.000891947 0.0032402 0.0127858 0.0254457 4.51616e-06 
0.183178 0.00100707 0.0150942 0.0125948 0.0300326 1.44381e-06 0.000955936 0.000951613 0.0122514 0.0598719 9.2301e-11 6.55576e-07 2.17412e-08 0.483613 0.00434092 8.4238e-05 0.0406898 0.010472 0.00242645 0.000580763 0.141853 8.4814e-08 
0.021564 0.0148736 3.03368e-05 5.46422e-08 0.85144 0.00248055 0.00524058 0.00143702 9.15573e-08 6.58255e-05 4.93923e-10 0.0132755 0.00013986 0.0733386 5.91215e-07 8.97523e-10 7.45114e-06 0.0102755 5.65581e-05 0.000370149 0.00501202 0.000391308 
0.0635799 0.170951 0.127239 0.250825 0.0252827 0.000775627 0.0306989 0.0665912 0.047827 0.000467852 9.91304e-05 0.0183322 0.00137288 0.0503474 0.000127889 0.000588288 0.00489554 0.00170039 0.00821834 0.0280772 0.101222 0.000780849 
0.157368 0.000856787 0.125697 0.207202 0.00125422 0.00580351 0.00063427 0.354365 0.000203416 0.00056492 1.58766e-06 0.00351098 0.00016941 0.0470364 0.000268257 2.42692e-05 0.000116861 0.00158324 0.00234068 0.0381981 0.0502069 0.0025935 
0.00367218 0.383878 2.65897e-05 0.00867155 0.0045318 0.000226216 0.137112 0.00855194 0.0102839 5.50855e-08 2.39272e-08 0.246841 0.00415185 0.00872646 5.10862e-08 1.60747e-07 0.000979811 0.0433043 0.00225864 0.000988375 0.135793 1.57984e-06 
0.0138729 0.0818213 0.00283624 0.0132777 0.00195168 1.42115e-05 0.00147618 0.0466696 0.0910358 8.80764e-05 1.69543e-06 0.000352073 0.00010906 0.0227287 0.00396304 2.95493e-05 6.95719e-05 0.000564769 0.0035524 0.000788518 0.714783 1.38709e-05 
0.00409158 0.014866 0.533201 0.0072221 0.0170703 7.01946e-06 0.0013633 0.00787549 0.0138931 0.000238833 1.22058e-09 0.00323381 6.46962e-05 0.35613 0.0148024 0.00051723 0.00135091 0.00140787 7.02426e-06 0.0055968 0.00419069 0.0128701 
0.10576 0.195871 0.000823514 0.00918438 4.31686e-06 1.43863e-07 1.64251e-06 1.17275e-05 0.15487 0.0143529 7.3278e-08 1.98465e-06 7.45894e-06 0.00974896 2.06351e-06 1.46483e-06 8.96178e-07 1.73424e-07 2.62522e-06 0.477814 0.031521 1.92544e-05 
0.00711619 5.67875e-05 0.00352882 1.18921e-05 0.000522678 3.05656e-07 7.34014e-06 2.01097e-05 0.00147933 0.0268681 9.22508e-08 1.29377e-05 4.53516e-05 0.952607 9.36272e-05 1.8667e-06 0.00206566 0.00194895 0.000171482 6.57395e-06 0.00343468 6.18365e-07 
0.016085 0.00440735 0.0037202 0.00739014 0.0155089 9.29383e-05 0.00524299 0.0205087 0.000953217 0.011552 3.17272e-08 0.00384849 8.97969e-08 0.860001 0.00054394 1.01558e-06 0.000577459 0.0399638 0.000323865 0.00374626 0.0055327 5.32588e-08 
0.124398 1.44701e-07 0.0621046 0.015429 0.00706948 6.90778e-08 1.05517e-07 1.80145e-07 0.0171286 3.71731e-08 1.22033e-11 1.61933e-07 8.92022e-08 0.443367 0.263351 0.00474744 0.0161039 0.000420759 0.000241814 7.36143e-08 0.00217966 0.0434586 
0.100303 0.186911 0.00548386 0.114086 0.389977 0.000291936 0.00192987 0.0540269 0.0319362 0.000155812 3.90103e-05 0.00321446 0.00720218 0.0328011 0.00554441 0.000342049 0.00479776 0.000446108 0.00672299 0.00765285 0.0460052 0.000130714 
0.103103 0.0865443 0.0383541 0.103405 0.100014 0.00257823 9.91127e-07 0.124029 0.0339074 0.00475164 9.90542e-07 9.90892e-07 0.00218023 0.196611 0.0133774 0.00257419 0.0129826 0.0305354 0.0224045 0.0104064 0.112238 9.90722e-07 
0.0432368 0.0928996 0.00051682 0.159043 0.00435172 0.00425001 0.0786118 0.0483875 0.115186 0.000478215 0.000109082 0.00138865 0.000269092 0.0587532 0.00932206 0.000440587 0.0030336 0.00118738 0.341907 0.000321499 0.0361818 0.000124683 
0.518559 0.0666512 0.0178494 0.0674249 0.0268713 0.000130074 0.000474074 0.0493268 0.0099884 0.000154294 2.35256e-05 0.00112427 0.00030245 0.180052 0.00428502 0.00079626 0.00752058 0.000198743 0.0159567 0.00235868 0.0167141 0.0132384 
0.0594992 0.000481637 0.00714999 0.000662082 0.0882133 5.84249e-08 0.166543 0.00392183 3.47745e-07 0.018955 1.04661e-08 0.000254362 1.6403e-08 0.101272 0.00544821 1.34757e-07 9.13527e-08 0.0207835 0.000112246 0.00152561 0.524883 0.000293799 
0.00519554 0.00466567 0.00690662 0.00228302 0.040479 0.0391861 0.00440324 0.0669631 0.0188292 2.40479e-05 3.74118e-07 0.000647275 0.761706 0.0209827 0.019169 0.000792087 0.000296976 0.00220228 0.00140577 0.00165763 0.00220383 8.31029e-07 
0.0414062 0.0063251 0.00926937 0.00760301 0.09731 0.00603985 0.184241 0.0196926 0.0702196 0.00176697 0.000353748 0.00186904 0.000561349 0.125811 0.00526829 0.00250439 0.00520744 0.121827 0.00347026 0.00690748 0.279854 0.0024916 
0.203927 0.000192171 0.00993836 0.00551966 0.00410412 7.62859e-05 5.01456e-05 0.000831988 0.00103419 0.00374309 4.23412e-10 0.00042679 0.00056266 0.74311 0.00575437 3.63232e-05 0.000110534 0.0132785 0.000477526 0.00016578 0.00121455 0.00544601 
0.183178 0.00100707 0.0150942 0.0125948 0.0300326 1.44381e-06 0.000955936 0.000951613 0.0122514 0.0598719 9.2301e-11 6.55576e-07 2.17412e-08 0.483613 0.00434092 8.4238e-05 0.0406898 0.010472 0.00242645 0.000580763 0.141853 8.4814e-08 
0.120088 0.000602065 0.000255495 0.000628993 0.759586 0.000134068 0.0456059 0.00988123 4.2876e-05 6.58325e-07 1.16974e-10 0.000305816 0.00424433 0.0367777 4.21023e-07 0.000212058 0.00479026 0.00244616 2.24608e-05 0.000433338 0.0135779 0.000364669 
0.032316 0.0176417 0.000242755 0.0339286 0.24265 0.0299645 0.334893 0.0616066 0.00670658 0.0421952 1.23869e-05 0.159609 7.33982e-05 0.0080091 0.000222274 0.000161294 0.000219834 0.00618348 0.00679154 0.000686578 0.0158738 1.2742e-05 
0.0446097 0.453814 0.153359 0.00439578 0.210986 3.02056e-06 9.01079e-05 0.0281725 0.0264306 1.77707e-08 9.92337e-09 2.20388e-05 1.48911e-07 0.000883857 1.21514e-05 1.71596e-07 9.75516e-06 1.26606e-07 9.27575e-05 9.60445e-07 0.0771008 1.75378e-05 
