0.00934508 0.0836916 0.0027398 0.00162158 0.00147346 6.88022e-07 0.00387481 0.0525826 0.0228334 8.25523e-05 1.19519e-08 5.76292e-05 4.54766e-06 0.0226062 0.000491049 1.42228e-07 0.000120025 0.000125971 6.46496e-08 0.000514467 0.797797 3.7552e-05 
0.0262094 0.0196532 0.127283 0.0225085 0.0888259 4.15697e-05 0.00210063 0.0458416 0.0048549 0.00185266 1.04258e-05 0.0187141 0.000154668 0.229049 0.00283267 0.000550971 0.134251 0.266234 0.00604813 0.000212433 0.00275204 1.92277e-05 
0.0339568 3.30296e-07 0.00240684 0.00746903 0.680825 6.1795e-07 0.187148 0.0146849 4.26234e-05 0.00138201 1.54244e-10 0.022548 0.00936286 0.0235458 0.000325421 1.38657e-07 0.000246061 0.0119315 1.4914e-07 9.39509e-07 0.00412201 5.18591e-07 
0.11205 0.0147122 0.0128731 0.0357596 0.0562987 0.00711242 0.034016 0.0241163 0.0556092 0.00285666 0.00193867 0.00273181 0.0265705 0.32359 0.0189722 0.00294659 0.0535883 0.0817286 0.0170311 0.0125885 0.0950783 0.00783127 
0.00779737 0.000558585 4.85715e-07 2.57347e-05 0.919696 0.000772971 0.0531748 0.000982073 0.00372948 3.15125e-07 3.52267e-08 1.23963e-07 0.000106428 0.0128326 3.73896e-07 4.53194e-07 6.25004e-05 2.43499e-06 9.43449e-08 3.94606e-07 2.42376e-06 0.00025436 
0.000167282 5.62749e-06 4.48741e-05 9.78868e-05 4.24198e-05 0.000204449 0.00257687 0.000311768 0.000156055 4.00413e-09 2.2869e-12 4.09263e-06 0.995742 0.000105534 2.07772e-05 4.1556e-12 1.35569e-08 7.03872e-05 6.809e-06 0.000422911 2.00426e-05 1.33067e-07 
0.0317727 0.00062203 0.00106549 0.000207329 0.85038 0.000198202 0.036423 1.32356e-07 5.2812e-07 0.000222576 1.59032e-08 0.000898727 2.49194e-08 0.0518067 1.68863e-07 2.0467e-07 0.000724371 0.00288614 4.26084e-08 1.78217e-07 0.0227912 9.29443e-08 
0.329633 0.000231376 0.000340232 0.000154298 0.481919 0.000291926 0.00731467 1.03442e-05 2.19061e-05 0.0071955 6.97997e-07 0.00011619 0.00016361 0.0538411 0.000447162 8.5571e-06 0.000198633 0.0009135 1.77738e-06 0.111055 0.00599147 0.000150525 
0.0573717 0.0087925 0.0320428 0.0394858 0.00421441 4.36341e-06 0.00921738 0.0243218 0.0149518 0.00143458 1.44828e-06 0.00312847 0.000476448 0.764933 0.00243961 0.000131012 0.00921829 0.00244304 0.0124055 0.0112418 0.00171539 2.84038e-05 
0.00558492 0.0829706 1.54298e-06 0.0102947 0.000416824 0.000210553 0.0138021 0.00297126 0.00175946 5.64421e-11 3.15179e-11 0.000302196 5.23729e-08 0.00339258 0.00175746 3.7958e-07 0.00410886 0.000838752 0.0258766 8.02428e-07 0.00984305 0.835867 
0.00496574 0.0374675 0.000218583 0.0125804 0.0107037 0.100103 0.385316 0.0263951 0.0133583 0.00179901 3.77624e-05 0.0078655 0.000544767 0.00692373 0.000117349 0.00157238 0.000231626 0.00368121 0.0132189 0.000546036 0.012687 0.359666 
0.0839045 0.0104296 0.0732189 0.0142363 0.0106233 0.030713 0.00824049 0.156091 0.00636904 0.0153465 0.00129984 0.00625641 0.00283374 0.410304 0.0117736 0.00342626 0.0151316 0.0235108 0.00286989 0.0073917 0.104059 0.0019702 
0.026165 0.0410487 0.0473477 0.0303106 0.00941261 0.0009593 0.00650601 0.0490258 0.138154 0.000479158 0.000307108 0.0155638 0.00123904 0.0629152 0.000482644 0.000913612 0.00317599 0.0523146 0.00175565 0.00990408 0.49947 0.0025491 
3.53579e-05 6.10182e-06 1.93989e-05 5.05197e-06 0.972146 7.84666e-06 0.000322756 1.17045e-05 4.67033e-05 0.0239218 1.40563e-06 4.95024e-06 2.20297e-06 4.96754e-05 1.49326e-05 1.80983e-05 1.2269e-05 9.7254e-05 3.7678e-06 0.00316773 9.68055e-05 8.21875e-06 
0.139321 0.0120717 0.0480876 0.0228363 0.0110648 2.16191e-05 0.0019077 0.0369105 0.0497461 0.00202421 8.06911e-06 0.00453759 0.00126795 0.475934 0.00272747 0.00261102 0.00710854 0.0837407 0.00137007 0.0168978 0.0797848 1.99742e-05 
0.0270457 0.0053508 0.0918525 0.0100446 0.0371149 7.84222e-05 0.00024658 0.0285161 0.109811 0.00039015 2.20088e-05 0.0383331 0.000841137 0.272837 0.000380641 0.000213945 0.0172761 0.0281942 0.000201626 0.000868037 0.330341 3.98749e-05 
0.834791 0.00879961 0.015554 0.0295104 0.00018094 4.29827e-08 2.70064e-07 0.0332177 0.0199487 5.35922e-05 2.35056e-10 3.75463e-05 0.000474053 0.0531217 0.000532819 2.27618e-06 9.9216e-06 0.00153207 8.56046e-08 0.000966529 0.00126404 2.71865e-06 
0.0147075 0.000441794 0.00340964 0.00859125 0.00729765 0.000231701 0.158151 0.0383277 0.00538431 3.3847e-06 3.19653e-06 0.662968 2.1975e-05 0.0186934 0.00141321 0.0641309 0.000111711 7.15952e-06 0.00162943 0.000146736 0.014287 4.13201e-05 
0.0561294 0.00200702 0.0138975 0.0923235 0.0923094 0.00461574 0.0028267 0.569966 0.00596712 0.000205967 1.5771e-05 0.00323681 0.00226257 0.0150007 0.000585375 0.00790678 7.04007e-05 0.00343319 0.0123136 0.0167454 0.0979413 0.000239809 
0.00934508 0.0836916 0.0027398 0.00162158 0.00147346 6.88022e-07 0.00387481 0.0525826 0.0228334 8.25523e-05 1.19519e-08 5.76292e-05 4.54766e-06 0.0226062 0.000491049 1.42228e-07 0.000120025 0.000125971 6.46496e-08 0.000514467 0.797797 3.7552e-05 
0.04844 0.0119586 0.0200658 0.0452695 0.019793 0.00191625 0.0133022 0.0579729 0.0236347 0.000902772 0.000407494 0.00539812 0.0140807 0.434943 0.00796574 0.00209082 0.111398 0.0623672 0.0107481 0.0117915 0.0917347 0.00381937 
0.110811 0.00546376 0.00542173 0.0838611 0.346738 0.000432432 3.43945e-05 0.108175 0.00728786 0.000427454 5.15076e-06 0.00500491 0.00244452 0.111738 0.00296939 0.00342007 0.0525277 0.000479139 0.0111939 0.0711364 0.0702418 0.000186477 
0.0468942 0.00397799 0.00863081 0.0392003 0.00887841 9.4392e-05 0.02579 0.0334176 0.310027 0.000182798 5.43271e-05 0.00884193 0.000481927 0.108811 0.00786666 0.00513421 0.0031045 0.0369808 0.0230283 0.00922541 0.319281 9.58324e-05 
0.0134254 0.155172 3.57562e-06 0.00269083 0.13137 5.43241e-05 0.00422848 0.0288796 0.0435142 1.81588e-06 7.39748e-07 0.11915 9.1455e-05 0.360876 3.17999e-06 4.91477e-06 0.00713239 0.0174789 0.000373072 8.91862e-07 0.115543 5.89037e-06 
0.111837 0.0139836 0.000778323 0.0316425 0.000926646 0.000237303 0.449077 0.0261901 0.224971 0.000488764 1.8168e-05 0.0254463 0.000352028 0.0203993 0.00415066 2.11284e-05 0.000358639 0.000530586 0.0338271 0.000909992 0.0538244 2.92406e-05 
0.0246494 0.00672011 0.000561319 0.00736393 0.0226583 0.000999487 0.000848098 0.316338 0.0305406 8.86865e-05 1.17251e-05 0.00192395 0.000824964 0.289244 0.00016819 0.000131372 0.016803 0.156829 0.00524246 0.013218 0.104485 0.000350432 
0.0479186 0.00610585 5.81555e-05 0.00920625 0.354035 0.000189663 0.000421062 0.0203035 0.0836612 5.96595e-05 2.07576e-06 0.00060879 0.000348717 0.0995342 0.00787446 0.000313849 0.0152181 8.85999e-05 0.000215116 0.00311289 0.350705 1.89568e-05 
0.00242538 0.000148663 0.00315671 6.75058e-05 0.000665161 4.21355e-05 0.00270699 0.000308538 0.000520944 0.000339066 6.33846e-11 3.1584e-05 0.988968 0.000458052 3.01065e-05 1.15178e-10 1.33837e-07 1.29617e-05 3.65069e-06 5.21103e-07 0.000113932 3.09665e-08 
0.116928 0.128783 0.541016 0.000242838 0.0193082 2.20085e-06 0.000493277 0.00733044 0.0213771 0.000328939 1.84747e-08 8.10852e-06 0.00311353 0.0098258 5.9693e-06 5.63357e-07 0.0874362 0.000446909 0.00011377 0.0211922 0.04204 6.78593e-06 
0.00130483 0.00372576 0.00219663 0.000837898 0.895918 0.000125384 0.000171994 0.00334302 0.000838678 6.80125e-06 8.02756e-07 0.000140172 2.06222e-05 0.0324854 7.99473e-06 9.74088e-06 6.56905e-06 5.18295e-05 0.000443178 0.0450308 0.0130729 0.000260776 
6.67185e-06 0.000704821 1.50887e-06 2.58291e-05 0.000110361 0.000138051 2.38607e-05 3.16241e-05 2.59507e-07 4.66142e-12 2.60299e-12 1.74805e-05 2.43702e-08 1.62046e-09 1.60565e-06 1.90926e-07 2.14191e-06 1.01753e-06 0.000265515 1.08802e-06 1.72982e-05 0.998651 
0.032316 0.0176417 0.000242755 0.0339286 0.24265 0.0299645 0.334893 0.0616066 0.00670658 0.0421952 1.23869e-05 0.159609 7.33982e-05 0.0080091 0.000222274 0.000161294 0.000219834 0.00618348 0.00679154 0.000686578 0.0158738 1.2742e-05 
0.0522737 0.0233277 0.0250703 0.00602676 0.0411413 0.000377114 0.0205279 0.00868879 0.0150599 0.011809 0.00031707 0.55811 0.000797245 0.0390031 0.0227618 0.000762365 0.0125754 0.0232791 0.0318312 0.00273219 0.0329619 0.0705661 
0.0200266 0.00979563 0.0459576 0.0409205 0.386107 5.01116e-05 3.68894e-05 0.0803891 0.0811423 0.00014909 1.0229e-07 0.00911886 0.00199019 0.236178 0.0403831 1.85875e-07 0.00835217 0.000182606 0.00620616 0.0140798 0.0189337 1.22124e-06 
0.0353168 0.00188449 0.00356602 4.19121e-05 0.763533 0.000907889 0.0333686 2.54958e-05 0.00993681 0.00013102 3.77118e-07 0.000214786 7.77046e-05 0.0304196 0.000957431 2.20757e-05 0.00296828 0.00154317 0.000132954 1.04597e-06 0.114946 5.20644e-06 
0.112428 0.00590427 6.03544e-07 0.00146192 0.346246 2.44128e-07 0.101431 0.0122724 0.0544908 0.00027445 4.37324e-08 0.000523799 6.85395e-08 0.0907236 4.64586e-07 0.00197134 0.00110735 3.0258e-06 1.17225e-07 0.00250115 0.268659 2.55704e-07 
0.0842169 0.00189344 0.0102142 0.00618799 0.333042 0.000656188 0.106922 0.044874 0.0373382 0.00218261 9.03557e-06 0.000908889 1.56127e-05 0.175624 0.000744276 0.000190683 0.000736255 0.0373281 0.00165123 0.0665388 0.0817758 0.00694964 
0.111837 0.0139836 0.000778323 0.0316425 0.000926646 0.000237303 0.449077 0.0261901 0.224971 0.000488764 1.8168e-05 0.0254463 0.000352028 0.0203993 0.00415066 2.11284e-05 0.000358639 0.000530586 0.0338271 0.000909992 0.0538244 2.92406e-05 
0.045808 0.0016819 0.000193068 6.76928e-05 0.35304 0.00219213 0.00735426 0.016436 0.00891503 2.27904e-06 2.2738e-08 4.11843e-05 0.530274 0.0321034 0.000100437 2.11788e-06 7.7039e-08 5.66235e-05 0.000184267 3.68862e-06 0.00154382 2.85735e-07 
0.0250615 0.000277738 0.000571208 0.000113294 0.420164 0.000112652 0.0224282 0.00134006 5.13112e-05 0.000144266 1.81939e-06 0.000588271 2.69119e-06 0.517174 1.65883e-05 2.03684e-05 0.00033295 0.00155286 4.2114e-06 1.7458e-05 0.0100151 9.25104e-06 
0.0147075 0.000441794 0.00340964 0.00859125 0.00729765 0.000231701 0.158151 0.0383277 0.00538431 3.3847e-06 3.19653e-06 0.662968 2.1975e-05 0.0186934 0.00141321 0.0641309 0.000111711 7.15952e-06 0.00162943 0.000146736 0.014287 4.13201e-05 
0.146792 0.0102492 0.00366662 0.00360375 0.453263 0.000677775 0.0785444 0.00869936 0.022835 0.00200687 9.69567e-06 0.00256241 0.000115195 0.149605 0.00332017 3.38397e-05 0.0106397 0.0130874 0.00125204 0.00105994 0.0876791 0.000296536 
0.00341383 0.00190671 0.00106333 0.00119763 0.00792536 0.000279957 0.000177759 0.00407186 0.00436285 0.00217071 2.73039e-05 0.0248289 0.00425214 0.349936 9.41137e-05 3.75987e-05 0.00298882 0.562021 0.00107689 0.000571529 0.0246991 0.00289586 
0.0911744 0.0164605 0.0540352 0.0140625 0.433957 0.00154762 0.0388711 0.00767806 0.0145653 0.00128887 9.28989e-06 0.000166557 0.000534882 0.0686421 0.00859903 0.000255387 0.0040333 0.00606964 0.00192083 0.0111198 0.193306 0.0317033 
0.00118696 0.000204838 0.651872 0.000169594 0.004729 0.000263411 0.0108349 0.00039292 0.00156782 0.000422437 4.71869e-05 0.000166179 7.39535e-05 0.0016676 0.000501284 0.000607558 0.000411868 0.00326481 0.000126485 0.317963 0.00324975 0.000275903 
0.0129513 0.00469288 0.00488502 0.159482 1.89528e-05 1.15871e-07 0.000178854 0.0102238 0.648872 9.39329e-06 6.43684e-09 0.00502908 1.4796e-06 0.0889223 0.00171163 0.00335227 0.000334133 0.00231926 0.0351873 0.000215328 0.0216091 3.5004e-06 
0.0127183 0.00332312 0.00392731 0.0139746 0.00662216 5.99328e-05 0.00635486 0.00107278 0.0429536 0.00480761 8.38707e-07 0.000169226 0.000359464 0.704 1.0659e-05 1.83677e-06 0.0200021 0.154529 0.000925313 0.000285768 0.0239005 9.01535e-07 
0.0514868 0.134728 0.00160551 0.0885742 0.0114781 0.00772946 0.116449 0.0751937 0.172209 0.00200002 0.0015124 0.00704643 0.00198694 0.0426368 0.00786552 0.00497302 0.0149952 0.00877112 0.059867 0.00184918 0.18402 0.00302225 
0.00303283 0.000611194 0.00225578 0.00125923 0.0168675 4.51679e-08 0.24803 0.00848933 0.0650863 8.69964e-05 8.09127e-09 0.000227989 1.2681e-08 0.125446 8.59567e-08 0.000156374 0.000572124 0.0141642 0.000177869 0.0023225 0.511214 4.73098e-08 
0.10576 0.195871 0.000823514 0.00918438 4.31686e-06 1.43863e-07 1.64251e-06 1.17275e-05 0.15487 0.0143529 7.3278e-08 1.98465e-06 7.45894e-06 0.00974896 2.06351e-06 1.46483e-06 8.96178e-07 1.73424e-07 2.62522e-06 0.477814 0.031521 1.92544e-05 
0.0122749 0.00456452 0.00275832 0.00659744 0.0040317 0.00425686 0.00682817 0.00984846 0.0503473 0.00536181 0.000118448 0.00875006 0.00123812 0.50023 0.000871037 0.000882887 0.149658 0.190817 0.00585253 0.000595584 0.0336442 0.000473033 
0.0318164 0.337546 0.110947 0.0426835 0.144646 0.000179162 0.0114718 0.050902 0.038261 4.54668e-09 2.53892e-09 0.000199306 4.58147e-07 0.0605909 0.00443582 7.12305e-07 4.5466e-05 0.000202612 0.00373711 0.0541107 0.0637675 0.0444564 
0.274718 0.00689065 0.000561403 0.00442594 0.0775689 0.000986263 0.0799577 0.0232349 0.146165 0.000157023 1.86098e-05 0.00269255 7.66699e-05 0.106755 0.000898654 0.000677973 0.00429819 0.0240856 0.00164862 0.000340718 0.243814 2.81218e-05 
6.67185e-06 0.000704821 1.50887e-06 2.58291e-05 0.000110361 0.000138051 2.38607e-05 3.16241e-05 2.59507e-07 4.66142e-12 2.60299e-12 1.74805e-05 2.43702e-08 1.62046e-09 1.60565e-06 1.90926e-07 2.14191e-06 1.01753e-06 0.000265515 1.08802e-06 1.72982e-05 0.998651 
0.000125634 0.000103035 0.00102865 2.01885e-05 0.000166784 4.67813e-05 0.00498352 0.00112192 0.000216758 3.37032e-06 1.82954e-12 4.09186e-06 0.989062 0.00281149 4.12533e-05 3.32451e-12 0.000169167 1.26151e-05 1.99835e-05 3.6878e-05 2.55032e-05 5.59669e-10 
0.000311168 5.36991e-05 0.00017072 4.44598e-05 0.993023 6.90545e-05 0.00284041 0.000103006 0.000411012 0.000110744 1.23702e-05 4.35646e-05 1.93872e-05 0.000437168 0.000131414 0.000159274 0.000107973 0.000855884 3.31585e-05 0.000138695 0.000851936 7.23291e-05 
0.000125634 0.000103035 0.00102865 2.01885e-05 0.000166784 4.67813e-05 0.00498352 0.00112192 0.000216758 3.37032e-06 1.82954e-12 4.09186e-06 0.989062 0.00281149 4.12533e-05 3.32451e-12 0.000169167 1.26151e-05 1.99835e-05 3.6878e-05 2.55032e-05 5.59669e-10 
6.67185e-06 0.000704821 1.50887e-06 2.58291e-05 0.000110361 0.000138051 2.38607e-05 3.16241e-05 2.59507e-07 4.66142e-12 2.60299e-12 1.74805e-05 2.43702e-08 1.62046e-09 1.60565e-06 1.90926e-07 2.14191e-06 1.01753e-06 0.000265515 1.08802e-06 1.72982e-05 0.998651 
6.67185e-06 0.000704821 1.50887e-06 2.58291e-05 0.000110361 0.000138051 2.38607e-05 3.16241e-05 2.59507e-07 4.66142e-12 2.60299e-12 1.74805e-05 2.43702e-08 1.62046e-09 1.60565e-06 1.90926e-07 2.14191e-06 1.01753e-06 0.000265515 1.08802e-06 1.72982e-05 0.998651 
0.0806183 0.100923 0.00131589 0.000684172 0.726124 0.000289292 0.00061313 0.0206547 0.00422728 2.41395e-05 5.57478e-06 0.00616432 5.28324e-05 0.006952 1.53187e-05 0.000107055 0.000365817 0.0301376 4.22951e-05 0.000333464 0.0203341 1.59773e-05 
0.00747553 2.38307e-05 0.00880224 0.612538 0.0265854 0.00198285 0.0244586 0.0793922 0.109549 0.000137463 2.65115e-06 0.0122592 6.39624e-05 0.0111246 0.000551376 0.00312826 0.000697835 2.32446e-05 0.000241169 0.094525 0.00643418 2.83756e-06 
0.0455154 0.00156945 0.00179011 5.79523e-05 0.90753 0.000948971 0.00370194 0.00139586 0.000535681 0.000760887 1.61678e-05 0.000845736 0.000143929 0.0122531 0.000171305 0.000207665 0.000140749 0.00111548 4.3228e-05 0.000490687 0.0206712 9.43046e-05 
0.278244 2.86999e-06 7.0103e-07 1.41501e-06 0.541619 0.000194495 0.0829628 0.014808 3.30062e-06 0.000387237 3.98352e-07 1.04429e-06 8.307e-06 0.0778002 7.05454e-05 2.71742e-05 0.000395355 0.00191999 6.08149e-07 1.54119e-06 0.00143321 0.000117561 
0.0841435 0.00874262 0.0111574 0.00792932 0.379183 0.000169575 0.0858352 0.0693125 3.49014e-06 0.00460101 4.72957e-08 4.52038e-05 0.00155808 0.075613 0.00889919 0.000287411 0.000700521 0.0279565 0.00175387 0.102852 0.128804 0.000452169 
0.00934508 0.0836916 0.0027398 0.00162158 0.00147346 6.88022e-07 0.00387481 0.0525826 0.0228334 8.25523e-05 1.19519e-08 5.76292e-05 4.54766e-06 0.0226062 0.000491049 1.42228e-07 0.000120025 0.000125971 6.46496e-08 0.000514467 0.797797 3.7552e-05 
0.183378 0.103757 0.00658661 0.00914553 0.311193 0.000406078 0.00410501 0.0716239 0.00161327 0.00129699 8.27422e-05 0.00482208 0.000246411 0.211385 0.000188298 0.00023196 0.0168504 0.0102173 0.0127847 0.00199586 0.0291907 0.0188992 
0.0641177 1.73702e-07 5.52232e-07 1.43815e-07 0.556214 2.23372e-07 9.18795e-06 0.0060978 0.0255279 3.58226e-07 4.00143e-08 1.40919e-07 6.27123e-08 0.187089 4.25088e-07 5.15207e-07 0.00143232 0.105761 1.07259e-07 0.00358956 0.0501578 2.33965e-07 
0.00274334 0.00698737 9.80096e-05 0.0014641 0.0205603 0.00774676 0.216575 0.00366091 0.00100851 4.49318e-05 1.18385e-06 0.00180515 1.74719e-06 0.00562834 0.000122564 3.18256e-05 0.00462349 0.00507818 0.00155865 6.65095e-05 0.00387102 0.716322 
0.325939 0.0110947 0.0246247 0.0129639 0.00515705 1.56064e-06 0.00157786 0.0253764 0.0127242 0.00102611 4.92702e-08 0.00200306 0.000126671 0.367826 0.000447057 0.00387495 0.00328568 0.193305 0.000812581 0.00190874 0.00592469 5.62945e-07 
0.00274334 0.00698737 9.80096e-05 0.0014641 0.0205603 0.00774676 0.216575 0.00366091 0.00100851 4.49318e-05 1.18385e-06 0.00180515 1.74719e-06 0.00562834 0.000122564 3.18256e-05 0.00462349 0.00507818 0.00155865 6.65095e-05 0.00387102 0.716322 
0.016085 0.00440735 0.0037202 0.00739014 0.0155089 9.29383e-05 0.00524299 0.0205087 0.000953217 0.011552 3.17272e-08 0.00384849 8.97969e-08 0.860001 0.00054394 1.01558e-06 0.000577459 0.0399638 0.000323865 0.00374626 0.0055327 5.32588e-08 
0.164317 0.00400458 0.044246 0.0216931 0.0380625 0.000269413 0.000208681 0.0108693 0.0274579 0.000253741 0.000139331 0.00731893 0.00114414 0.491436 0.0196177 0.000972096 0.0171295 0.0824844 0.0011711 0.00215179 0.0648509 0.000201904 
0.0794027 0.125619 0.00281524 0.0137502 0.586708 0.0054895 0.00594401 0.0334066 0.0320803 4.95782e-05 4.75412e-05 0.0168041 0.000311733 0.0296369 0.000132795 0.000663716 0.00161079 0.00894634 0.00270728 0.00125313 0.0461431 0.00647752 
0.000167282 5.62749e-06 4.48741e-05 9.78868e-05 4.24198e-05 0.000204449 0.00257687 0.000311768 0.000156055 4.00413e-09 2.2869e-12 4.09263e-06 0.995742 0.000105534 2.07772e-05 4.1556e-12 1.35569e-08 7.03872e-05 6.809e-06 0.000422911 2.00426e-05 1.33067e-07 
0.00330993 0.00179526 6.37668e-05 0.00285115 0.00304138 0.00868075 0.935174 0.00948086 0.00855803 0.00012281 3.10688e-05 0.00438154 0.0032241 0.00401682 6.21478e-05 0.000395342 0.00204215 0.00303911 0.00154914 4.87709e-05 0.0080151 0.000116457 
0.000119654 0.000150249 3.2743e-05 0.00012059 2.62535e-05 0.000279712 0.00266388 0.0022908 0.000106899 2.03206e-09 7.78461e-13 0.000101964 0.992818 0.000105526 8.7555e-07 1.41457e-12 1.88656e-06 0.000153768 0.000115541 0.000447209 0.000463897 1.32175e-07 
0.113439 0.0375458 0.00436965 0.00163868 0.683671 0.000106419 0.00247915 0.0508589 0.00139499 9.03421e-05 7.6002e-08 0.00474155 5.96078e-05 0.0526214 0.0412123 0.00010572 0.0022887 0.000217191 0.00108987 3.66997e-05 0.00201884 1.46456e-05 
0.0206797 0.0090604 0.00971251 0.0318806 0.0215246 0.0180008 0.0388618 0.0574557 0.057482 0.000477014 0.000188261 0.150143 0.00709812 0.198394 0.00284878 0.00515668 0.0700079 0.223167 0.00299371 0.00354008 0.0698807 0.00144707 
0.00955719 0.154384 0.00149097 0.00531324 0.00112616 0.0255049 0.0102694 0.17744 0.0264958 9.39583e-05 6.49515e-05 0.000946968 0.000394488 0.098725 0.429698 0.00686618 0.00346693 0.00428184 0.0205452 0.00344666 0.0197416 0.00014753 
0.0768038 0.0296564 2.00561e-05 5.22312e-06 0.742924 0.0170443 0.00033369 0.0520467 4.82855e-05 0.00131403 1.45325e-06 5.11794e-06 2.2776e-06 5.13583e-05 1.54385e-05 1.87114e-05 1.26846e-05 0.000100549 0.0794711 1.62938e-05 0.000100085 8.49719e-06 
0.02813 0.00482377 0.000982248 0.00157235 0.212643 6.96453e-05 0.0114706 0.0213928 0.00934335 0.00141674 1.09848e-05 0.00598178 0.000851372 0.586906 0.00046702 2.65984e-05 0.01635 0.0685682 0.000524872 1.33203e-05 0.0284205 3.50482e-05 
0.0151378 0.00166108 0.0706849 0.0122455 0.0145662 0.00124372 0.00555685 0.00886635 0.0823411 0.00184325 7.01453e-05 0.00236315 0.000257993 0.711517 0.00253165 0.000108408 0.0286881 0.00462803 0.00463429 0.000518114 0.0299522 0.000583799 
0.00870961 0.00188367 0.00679543 0.0140456 0.0015613 0.00346031 0.00692487 0.0131446 0.0578886 0.00165081 0.000262099 0.00302482 0.000721442 0.840656 0.00278676 0.0023231 0.00789896 0.0056199 0.00500825 0.000473441 0.0134465 0.00171401 
0.116608 0.179762 0.0178811 0.0260908 0.00108699 0.000169538 0.00519855 0.00714888 0.151529 0.000321729 1.80118e-05 0.00584195 5.89233e-05 0.232105 0.00253882 0.00537003 0.0358562 0.0353235 0.0563545 0.00181583 0.0850951 0.0338247 
0.018476 0.0536148 0.000207962 0.000398282 0.898269 0.000387559 0.000893899 0.00621227 0.00505345 0.00498388 2.4039e-06 6.71892e-05 1.02488e-05 0.00125081 0.00101001 6.60486e-05 0.000279337 0.000194575 0.000136818 0.000203839 0.00820598 7.60537e-05 
0.0161791 0.00035171 0.000636227 0.000129952 0.921627 0.000137553 0.0195007 4.52294e-05 0.00018047 0.000191171 5.44127e-06 0.000527504 8.52219e-06 0.026191 5.77085e-05 6.99521e-05 0.000440885 0.00182423 1.4562e-05 6.09042e-05 0.0117885 3.17665e-05 
0.0809826 0.0784019 0.0114703 0.0253703 0.366805 0.00177925 0.0754806 0.09543 0.00846128 0.00526217 1.10209e-05 0.00206937 0.000198051 0.0253517 0.0323298 0.000408981 0.00186145 0.000221013 0.00998766 0.0246841 0.0531289 0.100304 
0.0125558 0.0517415 3.34074e-05 0.0156711 0.396638 9.98241e-06 0.00793395 0.229839 0.00357101 0.0131974 3.34875e-06 0.000136225 0.00292812 0.0323312 0.0178915 2.55363e-05 0.000268885 9.88882e-06 0.0251153 0.158069 0.0320152 1.43689e-05 
0.0237825 6.99194e-05 0.00137314 0.000285471 0.872002 0.00031246 0.0276289 0.000134113 0.00053513 0.000460267 1.61244e-05 0.000506826 2.52601e-05 0.0463644 0.000171111 0.000207405 0.000831023 0.00401702 4.31766e-05 0.000180588 0.0209585 9.41862e-05 
3.50439e-05 3.77745e-05 3.55641e-05 4.57279e-06 4.5516e-07 5.28629e-05 0.00272989 0.000198031 0.000167589 1.46858e-09 3.35855e-13 6.81039e-06 0.996534 9.94596e-05 3.41357e-08 6.10293e-13 4.97499e-09 6.6273e-05 1.13379e-05 3.29302e-06 1.70707e-05 2.2715e-10 
0.0386932 0.07006 0.0201649 0.0208879 0.0227702 0.00100248 0.00735497 0.0146998 0.0237295 0.0635285 0.000196539 0.00407793 0.000707112 0.564153 0.00437895 0.00102221 0.0739798 0.0197678 0.0121341 0.00549356 0.0281071 0.0030904 
0.0379633 0.00192999 0.0071272 0.0226249 0.0728143 2.85756e-05 0.0272361 0.0372552 0.00215853 0.0358034 2.48387e-08 2.78041e-05 0.00028155 0.643152 0.000366852 1.80329e-06 0.019765 0.0808106 0.000323181 0.00607614 0.00425264 7.92223e-07 
0.0734346 0.00930988 0.0943058 0.00116398 0.473254 0.0001337 0.00146735 0.00765665 2.44091e-05 1.60425e-05 6.64585e-08 0.000267477 0.000782675 0.232716 0.0372558 2.60673e-06 0.0587967 0.000757766 0.00435998 0.000444697 0.00384586 3.59622e-06 
0.0040769 7.18837e-06 0.0340735 0.00278154 0.697418 0.00177209 0.0612203 0.00139487 0.00121017 0.00104385 5.01835e-08 0.000436085 3.71407e-05 0.173962 0.00150695 5.05154e-06 0.000651242 0.0146535 8.19662e-06 9.5848e-07 0.00371091 3.01626e-05 
0.0914207 2.09235e-05 0.0731236 0.00395465 0.0818849 1.97478e-05 3.1319e-06 0.000364682 0.0226063 0.000779884 6.93642e-10 6.7223e-05 3.10473e-06 0.706819 0.014017 1.67935e-06 0.00197901 8.19734e-07 0.00020413 0.000549813 0.0020867 9.28308e-05 
3.50439e-05 3.77745e-05 3.55641e-05 4.57279e-06 4.5516e-07 5.28629e-05 0.00272989 0.000198031 0.000167589 1.46858e-09 3.35855e-13 6.81039e-06 0.996534 9.94596e-05 3.41357e-08 6.10293e-13 4.97499e-09 6.6273e-05 1.13379e-05 3.29302e-06 1.70707e-05 2.2715e-10 
0.217498 0.0916577 0.0145938 0.0600806 0.16259 0.00890325 0.0228143 0.0603436 0.0213344 0.000458573 0.000119815 0.0229286 0.0037204 0.104313 0.00791196 0.00597499 0.0058425 0.0237653 0.0167846 0.00183164 0.126591 0.0199419 
0.107837 0.0190304 0.011525 0.00972712 0.418427 4.16187e-07 1.7119e-05 0.0172591 0.0277465 6.67447e-07 7.45548e-08 2.62561e-07 0.000210439 0.141755 0.00388172 9.59935e-07 6.50747e-07 5.15836e-06 0.00175883 8.35907e-07 0.240816 4.35923e-07 
0.0683035 0.000883627 0.0822695 0.0184101 0.528419 0.000289791 0.00969682 0.00139674 0.0356442 0.000115546 1.80558e-08 0.000697914 1.5753e-05 0.132807 0.00223994 2.31946e-07 1.57207e-07 0.0047847 0.00252445 0.0026775 0.108823 1.05331e-07 
0.325939 0.0110947 0.0246247 0.0129639 0.00515705 1.56064e-06 0.00157786 0.0253764 0.0127242 0.00102611 4.92702e-08 0.00200306 0.000126671 0.367826 0.000447057 0.00387495 0.00328568 0.193305 0.000812581 0.00190874 0.00592469 5.62945e-07 
0.0177804 0.000868605 0.000366556 7.41162e-05 0.937632 0.000551165 0.0181042 2.49305e-05 0.00110181 0.000102976 3.20879e-06 0.000357881 7.16452e-05 0.0151503 2.6202e-05 6.64478e-05 0.000429164 0.00103879 6.61221e-06 2.7652e-05 0.00611676 9.82151e-05 
0.0464325 0.494509 0.00195494 0.0437222 0.0303941 0.00453499 0.0636488 0.0536408 0.0795928 0.000311391 0.000227214 0.00245699 0.000316723 0.0228126 0.00039831 0.000894219 0.00186846 0.0202487 0.0249584 0.00118599 0.0858408 0.0200502 
0.620707 0.0362949 0.000405145 0.00756329 0.0197715 0.00281753 0.035024 0.00990495 0.0897322 0.00224353 7.92523e-05 0.0161284 0.000265678 0.103831 0.000139387 0.00107866 0.0161981 0.0048222 0.0114071 0.0065174 0.0149732 9.50669e-05 
0.246362 0.0246287 0.0112323 0.004288 0.178794 1.10173e-05 1.16318e-05 0.0909757 0.0606906 8.35779e-07 4.48407e-07 0.000700396 5.67702e-06 0.13574 0.000676076 2.13457e-06 0.113876 0.00242109 0.000781723 0.0482076 0.080472 0.000123027 
6.67185e-06 0.000704821 1.50887e-06 2.58291e-05 0.000110361 0.000138051 2.38607e-05 3.16241e-05 2.59507e-07 4.66142e-12 2.60299e-12 1.74805e-05 2.43702e-08 1.62046e-09 1.60565e-06 1.90926e-07 2.14191e-06 1.01753e-06 0.000265515 1.08802e-06 1.72982e-05 0.998651 
0.0641177 1.73702e-07 5.52232e-07 1.43815e-07 0.556214 2.23372e-07 9.18795e-06 0.0060978 0.0255279 3.58226e-07 4.00143e-08 1.40919e-07 6.27123e-08 0.187089 4.25088e-07 5.15207e-07 0.00143232 0.105761 1.07259e-07 0.00358956 0.0501578 2.33965e-07 
0.0500056 0.314096 5.52932e-08 0.0498792 0.127361 0.00250133 0.00462632 0.38091 0.0016456 7.7827e-08 1.90827e-08 0.00909562 0.000443607 1.17961e-07 0.00525155 0.000105224 0.000895273 9.43019e-05 0.0132984 0.00510205 2.2165e-07 0.0346887 
0.074282 0.0110253 0.00843819 0.0121578 0.640964 0.000152934 0.00917091 0.0112882 0.0327214 0.000129493 7.64226e-06 0.00210032 0.000237093 0.0789614 0.00125554 6.19335e-05 0.0010043 0.00109382 0.00121553 0.00186428 0.111832 3.6065e-05 
0.531522 2.06841e-05 0.0186904 0.00386631 0.121969 6.32309e-05 5.46501e-06 0.000198488 0.000514334 9.02707e-06 8.15713e-08 1.47553e-05 0.000612256 0.258121 0.000392156 9.76843e-06 0.056673 2.72483e-05 2.53233e-05 0.000238332 0.00702486 1.71476e-06 
0.0172275 1.64797e-05 7.60322e-07 0.000750249 0.0232274 0.00013243 0.000522806 0.00482964 0.000765234 1.19782e-07 7.6485e-11 1.4073e-05 0.950019 0.000908695 1.69591e-05 1.38983e-10 0.000316293 9.76926e-05 1.05769e-05 0.000966948 0.000177055 1.09231e-07 
0.252485 0.00288624 0.00598274 0.0504579 0.274719 0.000136196 0.00963039 0.0191294 0.0199542 0.00184313 9.89643e-08 0.00213379 0.0225519 0.131552 0.0215469 0.000428701 0.0476028 0.0312437 0.00121558 0.0400401 0.0644568 3.40638e-06 
0.0474542 0.0117841 0.00938583 0.0864892 0.0065002 0.000193595 0.0394462 0.00680962 0.569268 4.68146e-05 3.61861e-08 0.00150568 0.000190926 0.0508529 0.0132474 0.000724242 0.000742451 0.000291159 0.0570596 9.06047e-06 0.0979991 1.56337e-07 
0.0137524 0.0932793 0.000114094 6.53397e-09 0.334809 0.00418809 0.00213005 0.00623374 0.000516616 2.05096e-10 1.14528e-10 0.00226371 4.42848e-05 0.00181798 0.000241704 2.69378e-07 6.93365e-08 1.81712e-06 3.27639e-07 2.96284e-08 0.00212333 0.538484 
0.0433856 0.00299243 0.0762828 0.0704286 0.0791511 0.00879636 0.00047724 0.161738 0.304065 0.00050115 2.77737e-07 0.000348468 6.00906e-05 0.119953 0.0392858 0.00529481 0.000424232 2.44926e-05 0.00060788 0.0860113 0.000171629 3.00713e-07 
0.0174135 0.00681653 0.00182156 0.18263 1.58088e-05 1.3964e-08 3.45677e-07 0.0127409 0.685984 3.68759e-07 2.79516e-10 0.0054365 1.01478e-07 0.0226734 0.00232758 7.55555e-06 5.91428e-07 6.56587e-07 0.0359769 1.07125e-06 0.0261515 4.66592e-07 
0.0456398 5.61498e-05 0.00734267 5.57859e-05 0.486742 0.000433436 0.00498852 0.0358144 0.00436709 0.000181997 5.21078e-08 0.000132564 0.00656058 0.0312787 0.000298775 0.000898119 0.0880636 0.0431916 0.000475231 0.0147255 0.228753 3.01404e-07 
0.126679 0.0135275 0.0287601 0.00968475 0.043363 0.0224769 0.0195284 0.0176135 0.102317 0.00020011 3.84935e-06 0.000990005 0.00101295 0.534601 0.00156499 0.0444585 0.00146799 0.000271958 0.00154884 0.0020335 0.0278908 5.09803e-06 
0.050979 0.0171092 0.00762317 0.0108997 0.727462 0.0405195 0.0393653 0.00186671 0.0356229 2.19218e-05 1.73232e-08 0.000282698 1.13364e-05 0.0360373 0.0043176 0.00986788 0.00962321 0.000443261 1.80462e-05 9.35163e-06 0.00791546 5.02942e-06 
0.0590814 0.0104417 0.0018521 0.00379388 0.63912 8.12605e-05 0.00217368 0.00299369 0.0735281 0.000188386 2.79941e-05 0.000887264 0.000162421 0.0888721 0.000108206 4.64117e-05 0.00284515 0.00100791 0.00299755 0.0076858 0.102073 3.23151e-05 
6.67185e-06 0.000704821 1.50887e-06 2.58291e-05 0.000110361 0.000138051 2.38607e-05 3.16241e-05 2.59507e-07 4.66142e-12 2.60299e-12 1.74805e-05 2.43702e-08 1.62046e-09 1.60565e-06 1.90926e-07 2.14191e-06 1.01753e-06 0.000265515 1.08802e-06 1.72982e-05 0.998651 
3.50439e-05 3.77745e-05 3.55641e-05 4.57279e-06 4.5516e-07 5.28629e-05 0.00272989 0.000198031 0.000167589 1.46858e-09 3.35855e-13 6.81039e-06 0.996534 9.94596e-05 3.41357e-08 6.10293e-13 4.97499e-09 6.6273e-05 1.13379e-05 3.29302e-06 1.70707e-05 2.2715e-10 
0.020154 0.590818 0.0348388 0.0112412 0.0326268 0.00110972 0.00217687 0.0289303 0.0874438 0.00371844 0.000186651 0.000917239 0.00329642 0.0551749 0.00857224 0.00323092 0.0328465 0.000362847 0.00262103 0.00333517 0.069555 0.00684363 
0.0542456 0.00962192 0.00072199 0.00576085 0.00636629 4.24861e-06 0.000203434 0.00102448 0.0920718 2.89146e-05 5.38516e-08 3.77266e-05 0.000517412 0.24785 0.469647 3.90326e-06 0.00358416 0.0106498 0.00108067 7.46946e-07 0.0962353 0.0003435 
0.0188966 0.0187836 0.00524098 0.379373 0.0285332 0.00230952 0.00603939 0.33786 0.0222495 0.00135063 0.00133433 0.0118164 0.00154817 0.0309636 0.00606021 0.0021325 0.00333693 0.00502359 0.0173493 0.0205293 0.0721231 0.00714617 
0.12803 0.00768486 0.00144557 0.0053569 0.29753 5.49585e-06 0.00109534 0.0440589 0.0525175 0.000135903 1.15703e-07 0.104646 6.78111e-06 0.174916 0.00107585 0.136074 0.000765388 0.00588377 8.15509e-05 0.00112299 0.0375667 3.96298e-07 
0.0456398 5.61498e-05 0.00734267 5.57859e-05 0.486742 0.000433436 0.00498852 0.0358144 0.00436709 0.000181997 5.21078e-08 0.000132564 0.00656058 0.0312787 0.000298775 0.000898119 0.0880636 0.0431916 0.000475231 0.0147255 0.228753 3.01404e-07 
0.386353 0.00515984 0.00392885 0.0136374 0.210273 0.00116358 0.0111904 0.0209617 0.0308153 1.75337e-05 3.32561e-06 0.000329 0.194355 0.0864045 4.34362e-05 4.74027e-05 0.000876914 0.00787838 0.000111568 0.00394308 0.0224129 9.38341e-05 
0.0194537 0.00682669 0.00244692 0.0264007 0.000933476 1.39915e-05 0.00383189 0.113196 0.721648 2.31589e-05 7.44067e-10 0.00708075 1.38225e-07 0.0440487 0.000741814 0.00905333 0.000282763 0.000892544 0.0231525 0.000417606 0.0195547 3.80628e-09 
0.00349333 0.00245642 0.000237623 0.0168241 0.000493732 9.19173e-06 0.0274126 0.0103716 0.87962 8.83349e-05 2.53493e-06 0.0077808 3.44767e-05 0.00603576 4.25782e-05 2.32252e-05 0.00237085 0.00446245 0.00345563 0.000937772 0.033839 7.66092e-06 
0.000147072 2.53806e-05 8.06898e-05 2.10137e-05 0.996702 3.26382e-05 0.00134251 4.8685e-05 0.000194262 5.23424e-05 5.84673e-06 2.05905e-05 9.16326e-06 0.000206625 6.21121e-05 7.52799e-05 5.10328e-05 0.000404528 1.56722e-05 6.55534e-05 0.000402663 3.41859e-05 
0.000125634 0.000103035 0.00102865 2.01885e-05 0.000166784 4.67813e-05 0.00498352 0.00112192 0.000216758 3.37032e-06 1.82954e-12 4.09186e-06 0.989062 0.00281149 4.12533e-05 3.32451e-12 0.000169167 1.26151e-05 1.99835e-05 3.6878e-05 2.55032e-05 5.59669e-10 
0.0215381 4.04239e-05 0.697526 0.0121925 0.0789038 5.33311e-05 0.0117997 6.57024e-06 0.000504122 1.39181e-07 7.77205e-08 0.0463923 0.00257972 0.053248 0.000407417 1.41228e-07 0.00438368 0.000645762 0.0419406 0.0158416 0.0119878 8.0756e-06 
0.0547649 0.00173456 0.0351042 0.0963045 0.0558342 6.59131e-05 0.00341055 0.0537894 0.00942881 9.62958e-05 9.22031e-08 0.0014221 0.000760972 0.190105 0.453403 9.27366e-05 0.00131477 0.000891947 0.0032402 0.0127858 0.0254457 4.51616e-06 
0.183178 0.00100707 0.0150942 0.0125948 0.0300326 1.44381e-06 0.000955936 0.000951613 0.0122514 0.0598719 9.2301e-11 6.55576e-07 2.17412e-08 0.483613 0.00434092 8.4238e-05 0.0406898 0.010472 0.00242645 0.000580763 0.141853 8.4814e-08 
0.021564 0.0148736 3.03368e-05 5.46422e-08 0.85144 0.00248055 0.00524058 0.00143702 9.15573e-08 6.58255e-05 4.93923e-10 0.0132755 0.00013986 0.0733386 5.91215e-07 8.97523e-10 7.45114e-06 0.0102755 5.65581e-05 0.000370149 0.00501202 0.000391308 
0.0635799 0.170951 0.127239 0.250825 0.0252827 0.000775627 0.0306989 0.0665912 0.047827 0.000467852 9.91304e-05 0.0183322 0.00137288 0.0503474 0.000127889 0.000588288 0.00489554 0.00170039 0.00821834 0.0280772 0.101222 0.000780849 
9.34332e-05 0.000965515 0.0088545 1.33844e-05 0.833627 2.08056e-05 0.000852496 3.0949e-05 0.000123384 3.3687e-05 3.96557e-06 1.32423e-05 6.06818e-06 0.118859 3.9617e-05 4.82572e-05 3.25521e-05 0.000256894 1.00199e-05 0.0358375 0.000255681 2.19157e-05 
0.157368 0.000856787 0.125697 0.207202 0.00125422 0.00580351 0.00063427 0.354365 0.000203416 0.00056492 1.58766e-06 0.00351098 0.00016941 0.0470364 0.000268257 2.42692e-05 0.000116861 0.00158324 0.00234068 0.0381981 0.0502069 0.0025935 
0.00367218 0.383878 2.65897e-05 0.00867155 0.0045318 0.000226216 0.137112 0.00855194 0.0102839 5.50855e-08 2.39272e-08 0.246841 0.00415185 0.00872646 5.10862e-08 1.60747e-07 0.000979811 0.0433043 0.00225864 0.000988375 0.135793 1.57984e-06 
0.0414062 0.0063251 0.00926937 0.00760301 0.09731 0.00603985 0.184241 0.0196926 0.0702196 0.00176697 0.000353748 0.00186904 0.000561349 0.125811 0.00526829 0.00250439 0.00520744 0.121827 0.00347026 0.00690748 0.279854 0.0024916 
0.0138729 0.0818213 0.00283624 0.0132777 0.00195168 1.42115e-05 0.00147618 0.0466696 0.0910358 8.80764e-05 1.69543e-06 0.000352073 0.00010906 0.0227287 0.00396304 2.95493e-05 6.95719e-05 0.000564769 0.0035524 0.000788518 0.714783 1.38709e-05 
0.00409158 0.014866 0.533201 0.0072221 0.0170703 7.01946e-06 0.0013633 0.00787549 0.0138931 0.000238833 1.22058e-09 0.00323381 6.46962e-05 0.35613 0.0148024 0.00051723 0.00135091 0.00140787 7.02426e-06 0.0055968 0.00419069 0.0128701 
0.10576 0.195871 0.000823514 0.00918438 4.31686e-06 1.43863e-07 1.64251e-06 1.17275e-05 0.15487 0.0143529 7.3278e-08 1.98465e-06 7.45894e-06 0.00974896 2.06351e-06 1.46483e-06 8.96178e-07 1.73424e-07 2.62522e-06 0.477814 0.031521 1.92544e-05 
0.00711619 5.67875e-05 0.00352882 1.18921e-05 0.000522678 3.05656e-07 7.34014e-06 2.01097e-05 0.00147933 0.0268681 9.22508e-08 1.29377e-05 4.53516e-05 0.952607 9.36272e-05 1.8667e-06 0.00206566 0.00194895 0.000171482 6.57395e-06 0.00343468 6.18365e-07 
0.124398 1.44701e-07 0.0621046 0.015429 0.00706948 6.90778e-08 1.05517e-07 1.80145e-07 0.0171286 3.71731e-08 1.22033e-11 1.61933e-07 8.92022e-08 0.443367 0.263351 0.00474744 0.0161039 0.000420759 0.000241814 7.36143e-08 0.00217966 0.0434586 
0.100303 0.186911 0.00548386 0.114086 0.389977 0.000291936 0.00192987 0.0540269 0.0319362 0.000155812 3.90103e-05 0.00321446 0.00720218 0.0328011 0.00554441 0.000342049 0.00479776 0.000446108 0.00672299 0.00765285 0.0460052 0.000130714 
0.103103 0.0865443 0.0383541 0.103405 0.100014 0.00257823 9.91127e-07 0.124029 0.0339074 0.00475164 9.90542e-07 9.90892e-07 0.00218023 0.196611 0.0133774 0.00257419 0.0129826 0.0305354 0.0224045 0.0104064 0.112238 9.90722e-07 
0.0432368 0.0928996 0.00051682 0.159043 0.00435172 0.00425001 0.0786118 0.0483875 0.115186 0.000478215 0.000109082 0.00138865 0.000269092 0.0587532 0.00932206 0.000440587 0.0030336 0.00118738 0.341907 0.000321499 0.0361818 0.000124683 
0.518559 0.0666512 0.0178494 0.0674249 0.0268713 0.000130074 0.000474074 0.0493268 0.0099884 0.000154294 2.35256e-05 0.00112427 0.00030245 0.180052 0.00428502 0.00079626 0.00752058 0.000198743 0.0159567 0.00235868 0.0167141 0.0132384 
0.0594992 0.000481637 0.00714999 0.000662082 0.0882133 5.84249e-08 0.166543 0.00392183 3.47745e-07 0.018955 1.04661e-08 0.000254362 1.6403e-08 0.101272 0.00544821 1.34757e-07 9.13527e-08 0.0207835 0.000112246 0.00152561 0.524883 0.000293799 
0.0392164 0.0813003 0.0313922 0.137925 0.109791 0.000385036 0.0139851 0.0626636 0.0936084 0.00936737 9.29974e-05 0.0308876 0.0010976 0.0889442 0.00664932 0.00154376 0.00948586 0.00160421 0.0556625 0.00215554 0.204517 0.0177243 
0.00519554 0.00466567 0.00690662 0.00228302 0.040479 0.0391861 0.00440324 0.0669631 0.0188292 2.40479e-05 3.74118e-07 0.000647275 0.761706 0.0209827 0.019169 0.000792087 0.000296976 0.00220228 0.00140577 0.00165763 0.00220383 8.31029e-07 
0.203927 0.000192171 0.00993836 0.00551966 0.00410412 7.62859e-05 5.01456e-05 0.000831988 0.00103419 0.00374309 4.23412e-10 0.00042679 0.00056266 0.74311 0.00575437 3.63232e-05 0.000110534 0.0132785 0.000477526 0.00016578 0.00121455 0.00544601 
0.183178 0.00100707 0.0150942 0.0125948 0.0300326 1.44381e-06 0.000955936 0.000951613 0.0122514 0.0598719 9.2301e-11 6.55576e-07 2.17412e-08 0.483613 0.00434092 8.4238e-05 0.0406898 0.010472 0.00242645 0.000580763 0.141853 8.4814e-08 
0.00843229 0.00954844 0.00125217 0.00828214 0.00402834 0.00067147 0.00755045 0.00933563 0.0438514 0.00844805 7.63872e-05 0.00239166 0.000224304 0.610241 0.00289555 0.0112057 0.166415 0.0739182 0.00626293 0.000638548 0.0242237 0.0001058 
0.0229726 7.61992e-07 0.00455563 0.0002081 0.878777 0.000199331 0.0238757 1.46159e-06 5.83196e-06 0.000224915 1.75713e-07 0.000323738 2.75276e-07 0.0455344 1.86479e-06 2.26031e-06 0.000606423 0.00289735 4.70544e-07 1.96808e-06 0.0198092 1.02645e-06 
0.0635022 0.0292024 0.00260994 0.0131037 0.0200391 0.153085 0.0191548 0.0167788 0.0913955 0.0125834 0.000575698 0.226479 0.00185816 0.0614492 0.000995106 0.0218549 0.0100764 0.0927525 0.0698319 0.00418664 0.0655606 0.0229249 
0.032316 0.0176417 0.000242755 0.0339286 0.24265 0.0299645 0.334893 0.0616066 0.00670658 0.0421952 1.23869e-05 0.159609 7.33982e-05 0.0080091 0.000222274 0.000161294 0.000219834 0.00618348 0.00679154 0.000686578 0.0158738 1.2742e-05 
6.67185e-06 0.000704821 1.50887e-06 2.58291e-05 0.000110361 0.000138051 2.38607e-05 3.16241e-05 2.59507e-07 4.66142e-12 2.60299e-12 1.74805e-05 2.43702e-08 1.62046e-09 1.60565e-06 1.90926e-07 2.14191e-06 1.01753e-06 0.000265515 1.08802e-06 1.72982e-05 0.998651 
0.315988 5.41215e-07 0.00111854 0.0216189 0.427203 0.000165953 0.0225614 0.00239114 0.000918362 0.000198265 1.25821e-07 9.82575e-05 1.96489e-07 0.128515 0.00091487 1.6066e-06 0.00735213 0.00231425 0.000202022 0.00136791 0.0670691 7.29591e-07 
0.0129476 0.704829 5.01325e-05 0.01706 0.0102421 5.3716e-05 0.0479258 0.063337 0.0296176 7.79787e-07 1.52063e-07 0.00102543 3.23855e-05 0.00662428 0.000379561 7.08137e-06 0.00195735 0.00434632 0.0392826 0.000166339 0.0136473 0.0464677 
0.00528346 0.00744742 0.00360356 1.24379e-05 0.931321 0.000198705 0.00613459 0.00553217 0.00135527 2.62742e-07 2.93915e-08 0.000549026 2.73129e-05 0.0102769 3.11707e-07 3.7784e-07 3.70486e-05 2.02987e-06 7.86551e-08 0.00177039 0.0264478 1.71584e-07 
0.0280057 0.0105926 0.0107033 0.0178137 0.202704 0.000101275 0.00403416 0.0598969 0.00970339 0.000269379 2.68794e-05 0.00169551 0.000113869 0.502357 0.00014954 0.00263238 0.0574938 0.0172918 0.00309428 0.000676964 0.0701104 0.000532839 
0.160352 0.0282233 0.0308807 0.013566 0.339375 0.000240887 0.0122025 0.0132519 0.0284669 0.00106849 4.91378e-07 0.0605083 0.000698809 0.212216 0.0251016 0.000123885 0.0311501 0.025425 0.0022202 0.0026991 0.0121794 4.96972e-05 
0.0202661 0.0785368 0.00315444 0.106968 0.0234009 0.00504233 0.457344 0.0355696 0.0758927 0.00022271 7.31096e-05 0.0217974 0.00155792 0.0776626 0.00274647 0.00292074 0.000831346 0.00320413 0.00868412 0.00414424 0.0679216 0.00205858 
