0.137785 0.0121105 0.00183764 0.00567472 0.751616 1.52076e-06 7.95588e-05 0.00582789 0.0205072 4.81005e-05 2.91923e-05 8.93572e-08 1.32359e-07 0.0550101 3.88381e-06 2.43519e-07 0.00303884 7.05426e-06 2.46236e-05 0.000197773 0.00619949 1.11269e-07 
0.00520564 1.35294e-05 1.09444e-06 0.00213962 0.00533078 6.28066e-06 3.0418e-05 0.00183177 0.00713322 7.50502e-06 0.000200069 3.12638e-11 0.932011 0.00314813 1.22099e-07 9.39207e-06 2.81062e-05 2.82175e-05 0.0355915 4.41658e-06 0.00727892 7.18415e-08 
0.154906 0.0243375 0.00106235 0.196791 7.62982e-08 7.69621e-06 3.37084e-08 0.224814 4.02532e-08 0.000103809 0.00330932 7.36082e-09 5.70229e-08 0.0766366 1.28175e-06 6.97536e-05 0.000746443 0.00191117 0.00477517 0.00749336 0.303029 6.21004e-06 
0.0346366 0.00337641 0.00834523 0.0131158 0.00293227 0.000151634 1.37684e-06 0.0144814 1.74291e-06 6.15605e-07 1.42761e-07 7.78853e-08 2.2461e-06 0.179427 0.00119147 2.6783e-07 0.00328377 0.00163335 0.688625 0.00811664 0.0406773 1.14866e-07 
0.106912 0.000374156 0.00246498 0.0340377 0.0178805 4.81997e-05 0.000350673 0.0020426 0.0112577 1.92636e-05 0.00658195 1.79111e-09 1.55219e-05 0.699333 1.35149e-05 4.8812e-09 0.000443522 0.0292153 0.00542975 0.0237962 0.0597835 2.23033e-09 
0.127411 0.0111408 0.00631493 0.05297 0.195302 5.18434e-05 8.7107e-05 0.0903376 0.005494 1.24432e-05 0.00365783 1.11856e-10 0.173535 0.138951 0.0365015 2.25303e-07 0.00243443 0.0367549 0.00723865 0.0789256 0.0328782 1.43622e-07 
0.00300076 5.87589e-05 0.00550182 0.000914611 0.000132405 1.1449e-08 9.38444e-08 0.000876624 0.000146078 1.77641e-05 3.19248e-06 2.5297e-10 3.74707e-10 0.947676 2.7071e-10 6.89402e-10 0.000440091 0.0371603 0.00390169 0.000164766 4.1367e-06 1.04106e-06 
0.1691 0.00947265 0.00268013 0.297389 2.13876e-05 2.15576e-05 0.00452748 0.0159022 0.309566 2.49136e-05 0.000142821 1.61496e-10 2.39213e-10 0.0701532 0.00975802 6.53779e-06 0.000603973 0.00172203 0.0111626 0.000899659 0.0968459 2.01098e-10 
0.102986 0.00284648 0.0462456 0.0520937 0.000652823 8.53809e-08 0.03294 0.00390764 0.0143739 0.00745773 0.000522737 2.63149e-08 0.0015529 0.504667 0.0227152 3.5315e-05 0.00428954 0.0385877 0.00380156 0.0774425 0.0828808 3.57907e-07 
0.00343926 0.00546821 5.77759e-05 0.00951304 0.0294724 1.60201e-06 0.0379808 0.013405 0.00804128 4.07432e-06 0.79981 4.45711e-10 6.32992e-07 0.00598408 0.00518427 4.43748e-05 6.1556e-06 0.000113361 0.0313086 0.00268966 0.0474754 1.25186e-07 
0.00300076 5.87589e-05 0.00550182 0.000914611 0.000132405 1.1449e-08 9.38444e-08 0.000876624 0.000146078 1.77641e-05 3.19248e-06 2.5297e-10 3.74707e-10 0.947676 2.7071e-10 6.89402e-10 0.000440091 0.0371603 0.00390169 0.000164766 4.1367e-06 1.04106e-06 
0.0335551 0.0676037 0.0209085 0.00630552 0.00539623 0.164726 1.07203e-07 0.254613 0.0421415 0.000506627 0.000304906 1.34116e-08 1.50875e-07 0.214235 0.002865 0.00224862 0.0013722 0.000602065 0.00759715 0.0062299 0.168774 1.39665e-05 
0.519282 1.53014e-05 7.16147e-06 1.22664e-05 0.350803 6.07994e-07 1.32649e-05 0.0058492 3.8433e-05 4.40273e-06 3.18712e-05 1.9611e-09 1.21467e-06 0.111495 2.09863e-09 9.22707e-06 7.73805e-06 6.67172e-06 1.6206e-05 4.985e-07 0.0124054 4.09914e-07 
0.000532949 0.00109115 0.000117542 0.761124 6.86675e-07 5.87574e-07 6.49193e-05 0.000320724 0.156057 0.000244066 0.000407372 5.47452e-10 3.99114e-07 0.00188224 0.00843445 1.49194e-09 2.40813e-07 1.64349e-05 0.0426439 0.00917097 0.0178897 3.43554e-07 
0.278735 0.0648492 0.0337499 0.0167824 0.00727452 9.49858e-05 0.00111483 0.0304852 0.00375451 0.000458108 2.02191e-05 6.1726e-07 5.04693e-05 0.389398 0.0487752 0.00177884 0.000513849 0.011794 0.000239918 0.00209163 0.108004 3.5095e-05 
0.01282 0.0753082 0.00124418 3.6167e-07 0.0233099 0.000746931 6.35964e-07 0.114134 0.00156442 0.00581517 0.000144906 1.07284e-11 1.58913e-11 0.473937 1.15968e-07 7.42658e-07 0.00404182 0.184821 1.33319e-07 4.95427e-07 0.102109 1.33592e-11 
0.0580946 0.186664 0.00021918 0.0317372 0.335864 0.000307097 0.0415775 0.0425503 0.075041 0.00469397 0.00231777 1.11338e-05 0.00013731 0.0370185 0.0138986 7.72029e-05 0.0057529 0.00183826 0.0665464 9.46683e-05 0.0947343 0.00082424 
0.154906 0.0243375 0.00106235 0.196791 7.62982e-08 7.69621e-06 3.37084e-08 0.224814 4.02532e-08 0.000103809 0.00330932 7.36082e-09 5.70229e-08 0.0766366 1.28175e-06 6.97536e-05 0.000746443 0.00191117 0.00477517 0.00749336 0.303029 6.21004e-06 
0.0125823 0.0361015 0.000645428 0.0334638 0.000320891 2.1264e-05 0.00250803 0.278898 0.0360446 3.1026e-05 0.0043837 9.3192e-06 0.000206331 0.00244863 0.00228996 0.000109083 3.93154e-05 0.00274299 0.316937 0.167507 0.102697 1.34513e-05 
0.00300076 5.87589e-05 0.00550182 0.000914611 0.000132405 1.1449e-08 9.38444e-08 0.000876624 0.000146078 1.77641e-05 3.19248e-06 2.5297e-10 3.74707e-10 0.947676 2.7071e-10 6.89402e-10 0.000440091 0.0371603 0.00390169 0.000164766 4.1367e-06 1.04106e-06 
0.0677234 0.104809 0.000151961 0.0320122 0.415473 0.0300137 3.05172e-06 0.0977508 0.00443945 2.76092e-06 0.00105586 1.32255e-07 0.00338324 0.110237 0.00254439 5.27915e-07 0.000370423 0.000825407 0.00248894 0.0114377 0.115276 4.07473e-07 
0.221361 0.0149731 0.00342219 0.00528873 0.00239542 1.91344e-05 0.000155711 0.0232573 0.646058 1.52824e-06 0.00161628 1.43621e-06 6.62318e-06 0.0362711 0.000373814 5.31014e-06 7.8353e-06 6.73854e-05 6.09704e-05 0.000185491 0.044159 0.000312276 
0.000134926 0.00608827 0.00098406 0.0031136 0.916815 7.32497e-06 0.00108412 0.0540082 0.00125902 0.000164027 7.47896e-05 8.88111e-13 5.71895e-05 0.00728382 0.00769995 0.000598087 0.000535625 5.00015e-08 9.21226e-05 2.12402e-07 8.60373e-08 1.10589e-12 
0.213001 0.00459193 0.00765614 0.00692442 0.00627599 2.06713e-08 1.23278e-07 0.0080123 0.428 0.00328964 9.82606e-11 6.55183e-11 0.00849581 0.232516 0.000399067 0.000420719 0.000527032 9.62242e-05 0.00092199 0.0526732 0.0261993 8.15846e-11 
0.446408 0.0481497 0.00105627 0.0837549 0.00039117 0.00206896 1.51857e-05 0.0678837 0.0841184 0.000149729 0.000311831 5.77307e-08 8.10845e-06 0.0232834 2.62153e-05 1.50522e-06 5.33148e-06 0.000320518 0.00341478 0.13847 0.10016 1.11415e-06 
0.0274164 0.240111 0.00205901 0.0204996 0.000205949 0.00978377 0.000182856 0.0077262 0.549082 0.000117658 0.00034749 1.20316e-06 2.52419e-05 0.0273805 0.0063167 2.17039e-05 0.0162555 0.000167281 0.0605966 0.000568101 0.0311193 1.57717e-05 
0.0841046 0.0193482 0.0105211 0.00656444 0.0283304 2.1654e-05 0.000768016 0.00664284 0.00675307 0.0667816 0.40313 2.49672e-06 0.000635405 0.110648 0.00492152 5.87595e-06 3.05742e-05 0.00953165 0.0204403 0.000585918 0.220226 6.20478e-06 
0.00300076 5.87589e-05 0.00550182 0.000914611 0.000132405 1.1449e-08 9.38444e-08 0.000876624 0.000146078 1.77641e-05 3.19248e-06 2.5297e-10 3.74707e-10 0.947676 2.7071e-10 6.89402e-10 0.000440091 0.0371603 0.00390169 0.000164766 4.1367e-06 1.04106e-06 
0.00941464 0.00870614 3.3754e-05 0.00159573 1.3381e-08 3.89717e-09 3.85022e-08 0.000436157 0.0586334 4.4137e-08 1.08915e-11 7.26227e-12 1.19933e-05 0.0577166 0.814706 1.97914e-11 5.06826e-08 0.00206814 1.13032e-08 1.24197e-07 0.0466774 9.04312e-12 
0.0505744 0.0692821 0.000104581 0.00597169 9.67894e-07 1.09965e-07 9.07051e-07 2.21483e-07 0.0272402 4.93702e-05 1.17622e-06 3.12958e-10 4.63564e-10 0.462755 3.34905e-10 7.70882e-08 1.30857e-05 0.00109362 0.381763 1.35085e-06 0.00114874 3.89702e-10 
0.255889 0.0231056 0.0119857 0.172499 0.048207 9.47298e-06 0.000177535 0.0596527 0.0164097 8.86601e-05 0.012067 1.95451e-07 0.043306 0.135376 0.00915026 8.81135e-06 4.44479e-07 0.000979507 0.11662 0.0104923 0.0839749 2.82445e-07 
0.00659663 0.0355033 0.0102563 0.165455 0.000237053 1.54543e-05 0.000305289 0.0066019 0.0960012 1.8443e-05 0.031461 3.67517e-08 3.2272e-05 0.00719262 0.00106801 9.40395e-07 0.000109808 0.0235816 0.369797 0.0034542 0.242311 4.71016e-08 
0.0389489 0.00809991 0.025046 0.00292206 0.0068126 0.012668 5.20353e-05 0.00105529 0.0277174 0.000433678 1.38293e-05 3.33463e-06 0.000263439 0.703968 0.103422 0.000256251 0.0573747 0.00413667 0.00180803 0.00233243 0.00263784 2.73666e-05 
0.339167 5.24191e-06 0.00113279 0.00367867 0.00896878 2.1424e-07 0.000338252 0.0576058 4.80922e-05 0.000410758 0.00859696 5.15848e-08 1.43342e-05 0.0304364 1.28281e-05 1.4058e-07 0.000314582 0.000458779 4.97604e-05 0.545513 0.00324738 6.42344e-08 
0.0188877 0.0219269 0.00899588 0.391468 0.000699161 2.31232e-05 0.00549047 0.0824114 0.104257 1.00657e-07 0.000230002 2.4589e-11 5.19376e-05 0.0209133 0.125765 6.70106e-11 5.58125e-05 6.28091e-05 0.0538118 0.0130821 0.151867 1.99617e-08 
0.00406071 0.000639101 0.00030831 0.0343116 8.40978e-09 1.2026e-05 0.000679974 5.54918e-08 0.000133896 8.35194e-06 3.68792e-08 3.27599e-11 8.23432e-06 0.544275 0.00796579 7.54912e-07 0.389651 0.0107715 0.00406697 0.00310634 2.32718e-08 4.07932e-11 
0.126734 0.00465129 2.91809e-05 0.0778244 0.00224908 1.55663e-05 0.00325076 8.06156e-05 0.0676939 2.79503e-06 0.00118676 3.63103e-08 9.60237e-05 0.0232375 0.00403457 6.13379e-08 0.00176477 0.00169246 0.587959 1.33591e-06 0.0974954 3.87094e-08 
0.203285 0.0143051 2.70512e-05 0.00372434 2.77378e-06 5.3783e-06 5.89932e-07 0.000933097 0.0294283 0.0430692 0.00101392 2.81361e-08 4.16762e-08 0.0727864 0.00360276 7.66775e-08 1.54131e-06 0.000103912 0.586261 1.56087e-05 0.0414337 3.50357e-08 
0.00300076 5.87589e-05 0.00550182 0.000914611 0.000132405 1.1449e-08 9.38444e-08 0.000876624 0.000146078 1.77641e-05 3.19248e-06 2.5297e-10 3.74707e-10 0.947676 2.7071e-10 6.89402e-10 0.000440091 0.0371603 0.00390169 0.000164766 4.1367e-06 1.04106e-06 
0.024449 0.0383456 0.000495381 0.028892 0.462517 0.0146707 0.00191694 0.155658 0.00133541 1.96139e-05 0.0114584 6.5588e-06 0.00135923 0.0997313 2.94917e-05 1.73743e-05 0.00317121 0.0215433 0.000372299 0.047029 0.0869017 8.02317e-05 
0.351635 0.014684 0.0229261 0.030945 0.032769 1.0259e-05 2.11994e-06 0.0477975 0.250903 2.00683e-08 0.00376403 1.92796e-08 8.97715e-08 0.0625709 0.00250214 2.02189e-08 1.06438e-07 3.02528e-05 8.30045e-07 0.00526437 0.174194 1.1907e-06 
0.0346366 0.00337641 0.00834523 0.0131158 0.00293227 0.000151634 1.37684e-06 0.0144814 1.74291e-06 6.15605e-07 1.42761e-07 7.78853e-08 2.2461e-06 0.179427 0.00119147 2.6783e-07 0.00328377 0.00163335 0.688625 0.00811664 0.0406773 1.14866e-07 
0.0302901 0.0580627 0.00632565 0.226187 0.00846512 9.62161e-05 0.000627419 0.0857473 0.0649926 0.00360047 0.00940179 5.97503e-05 0.00194551 0.0392675 0.182546 6.10012e-05 0.000545282 0.0576657 0.160896 0.00768532 0.0551755 0.000355416 
0.00271407 0.00218987 0.0018054 0.475531 1.07462e-08 6.41335e-09 0.00172169 0.00419554 0.347485 1.40672e-11 4.3798e-08 5.23773e-12 7.37752e-05 0.00280508 0.00496738 1.4274e-11 2.35831e-08 4.63929e-06 0.0123228 3.92702e-07 0.144183 5.63882e-08 
0.0576196 0.00315952 0.000354091 0.161518 5.50259e-07 2.94701e-06 6.71069e-07 0.00818836 0.0210582 3.66118e-10 1.13916e-05 1.3632e-10 2.01921e-10 0.69041 0.000261963 3.15691e-06 0.0236427 0.0225914 0.00787704 3.91405e-05 0.00325939 1.30613e-06 
0.00194912 0.840387 5.47806e-05 0.103949 0.00555711 6.2675e-05 0.00147185 0.00797766 0.00288682 8.69628e-05 0.00254663 3.12998e-05 0.000121894 0.00905443 6.15106e-05 0.00011499 6.39861e-05 0.00146067 0.00218779 0.000462221 0.0194718 3.96273e-05 
0.000534261 0.00511435 0.000118208 0.791555 1.27673e-06 6.29467e-07 6.55608e-05 0.00017874 0.156067 0.000245503 0.000408553 1.26903e-09 7.43201e-07 0.00188309 0.00490412 3.4584e-09 4.47919e-07 1.65983e-05 0.0190947 0.00191678 0.0178929 7.3147e-07 
0.000984751 0.000333425 0.000139761 4.40414e-07 0.00011875 5.23151e-06 0.000487561 8.13392e-08 1.43296e-08 0.00330527 0.00101237 6.23444e-11 0.00177703 0.149878 5.04308e-08 9.92772e-05 0.00784146 0.82769 0.00210882 1.4291e-07 0.00421786 7.76324e-11 
0.00542888 0.0456922 0.00325555 0.0232286 0.654242 0.000102032 0.00458327 0.00294367 0.0392203 0.000306613 0.000826697 1.64856e-08 1.8934e-05 0.0657421 1.76417e-08 4.49271e-08 6.29201e-05 0.00168528 0.000432395 0.000221317 0.151966 4.13655e-05 
0.197137 0.109719 0.00841087 0.00662145 0.0723899 4.26875e-05 0.0135051 0.0373815 0.234784 0.000822051 0.0197582 1.98664e-05 4.48501e-05 0.110299 0.000572996 0.000807639 0.0105459 0.0784411 0.000773049 7.47025e-05 0.0977437 0.000105774 
0.0992811 0.00267795 0.00928838 0.0381697 0.581057 0.00125483 0.00703437 0.0209234 0.0196884 0.022351 2.17516e-05 5.17871e-07 0.000910099 0.0412234 0.00429749 4.38469e-05 0.00295682 0.00506961 0.00956563 0.000339012 0.133776 7.02053e-05 
0.0404549 0.0271954 0.000703634 0.0593274 0.445622 0.000249887 0.0178908 0.0225803 0.0360748 0.000314748 0.000273919 6.92406e-05 0.000235106 0.0708343 0.0328 0.000168597 0.00929145 0.0202515 0.00643204 0.00244763 0.196368 0.0104146 
0.00504812 0.60482 0.000460737 0.00421044 0.0460676 0.204501 0.0415056 0.0394247 0.00412981 3.98475e-06 0.00027065 2.15915e-07 6.31824e-07 0.00435819 5.33627e-05 1.16037e-06 7.16905e-05 0.000355952 0.00914779 4.46955e-07 0.0256062 0.0099615 
0.240408 1.7597e-06 0.197977 0.014807 0.00752262 5.7238e-08 9.0552e-08 0.00349183 0.0177575 0.000259365 0.00766113 8.01946e-11 3.60075e-08 0.365964 8.32718e-05 2.18549e-10 3.38857e-07 0.0566038 0.00561079 0.000225652 0.0816258 2.43672e-08 
0.0229457 0.0346722 0.000884301 0.0182722 0.194257 0.000175298 0.000903105 0.447329 0.0187803 0.00059369 0.00211624 0.000117237 0.000599853 0.00376973 0.0641229 0.0402007 0.000168794 0.00689032 0.0565082 0.0414137 0.0442084 0.00107126 
0.000163971 0.0187685 0.0216554 0.00822174 0.545303 2.58419e-09 5.10481e-05 0.196774 6.47996e-09 0.00166313 7.02097e-05 3.83751e-12 0.00496766 0.143921 0.000874692 0.00103507 0.0476448 0.00713009 0.00175225 3.53412e-06 5.87773e-07 2.02031e-09 
0.00300076 5.87589e-05 0.00550182 0.000914611 0.000132405 1.1449e-08 9.38444e-08 0.000876624 0.000146078 1.77641e-05 3.19248e-06 2.5297e-10 3.74707e-10 0.947676 2.7071e-10 6.89402e-10 0.000440091 0.0371603 0.00390169 0.000164766 4.1367e-06 1.04106e-06 
0.00597042 0.0429573 0.000273164 0.145911 0.22915 8.09773e-06 3.8125e-06 0.07157 0.018835 1.37803e-05 0.000597034 7.67944e-08 0.0495324 0.0605806 0.00182615 2.09283e-07 2.19879e-05 5.03189e-05 0.371448 0.000778395 0.000252238 0.000219774 
0.00602131 0.0108039 0.00551519 0.00297368 0.00927328 5.87778e-05 0.00809346 0.00637018 0.00945032 3.42429e-05 4.26111e-05 4.60302e-07 9.66537e-05 0.0452809 1.31369e-05 6.28674e-06 0.883241 0.000882336 0.00157987 0.00104146 0.00921857 2.19327e-06 
0.00131531 9.38986e-08 3.7083e-05 0.0761026 7.37323e-07 5.26751e-08 0.00042085 0.000964685 0.000194781 7.2005e-07 0.00932881 1.00509e-09 0.00264835 0.000297276 0.807902 7.44465e-07 2.38863e-08 3.9084e-08 0.0992201 0.000335404 0.00123027 1.25156e-09 
0.0144111 0.7813 0.000700116 0.000227524 0.00653364 0.000144229 0.000108709 0.014158 0.000890266 0.00189324 0.00100126 9.58388e-12 3.22138e-05 0.000117315 7.66688e-05 2.7675e-09 0.000123757 2.22742e-09 7.89583e-05 0.00032048 0.00411995 0.173763 
0.206079 0.014274 0.00120251 1.96365e-06 2.20092e-06 7.65117e-05 1.10779e-07 0.103356 0.0354961 1.58747e-07 9.88916e-05 1.40699e-11 2.08408e-11 0.160589 1.50566e-11 4.98852e-08 0.0115802 0.00479194 5.74717e-07 6.46095e-07 0.462339 0.000111867 
0.00452712 0.00262327 0.105425 0.062714 0.398447 1.4478e-06 0.000187039 0.0345341 0.0493844 9.37873e-05 0.0075034 1.29166e-08 1.1261e-05 0.162533 0.0101069 1.37292e-05 1.12621e-05 7.0658e-05 0.0691162 0.001838 0.0908587 1.6084e-08 
0.00300076 5.87589e-05 0.00550182 0.000914611 0.000132405 1.1449e-08 9.38444e-08 0.000876624 0.000146078 1.77641e-05 3.19248e-06 2.5297e-10 3.74707e-10 0.947676 2.7071e-10 6.89402e-10 0.000440091 0.0371603 0.00390169 0.000164766 4.1367e-06 1.04106e-06 
0.00300076 5.87589e-05 0.00550182 0.000914611 0.000132405 1.1449e-08 9.38444e-08 0.000876624 0.000146078 1.77641e-05 3.19248e-06 2.5297e-10 3.74707e-10 0.947676 2.7071e-10 6.89402e-10 0.000440091 0.0371603 0.00390169 0.000164766 4.1367e-06 1.04106e-06 
0.00300076 5.87589e-05 0.00550182 0.000914611 0.000132405 1.1449e-08 9.38444e-08 0.000876624 0.000146078 1.77641e-05 3.19248e-06 2.5297e-10 3.74707e-10 0.947676 2.7071e-10 6.89402e-10 0.000440091 0.0371603 0.00390169 0.000164766 4.1367e-06 1.04106e-06 
0.00140726 0.0121708 0.000260747 0.000666226 0.00158578 8.51952e-05 0.00147909 0.968265 4.32465e-05 6.79683e-05 0.000440278 2.11329e-05 4.15586e-05 0.00138068 0.00095332 0.000548887 0.000424552 0.000396518 0.000343181 0.000155958 0.00915168 0.000110768 
0.0389489 0.00809991 0.025046 0.00292206 0.0068126 0.012668 5.20353e-05 0.00105529 0.0277174 0.000433678 1.38293e-05 3.33463e-06 0.000263439 0.703968 0.103422 0.000256251 0.0573747 0.00413667 0.00180803 0.00233243 0.00263784 2.73666e-05 
0.119688 0.00341612 0.000790744 0.0208152 5.53931e-06 9.91251e-06 0.000186715 0.000512818 0.00549854 0.00585014 1.9947e-05 5.45395e-10 0.000525198 0.6747 0.00454931 0.000191955 0.131356 0.0130555 0.0134036 0.00248499 0.0029397 1.29875e-07 
3.69022e-05 0.00032441 0.00609738 0.0208874 0.0226395 6.77559e-07 1.84106e-07 0.0091877 0.000897377 2.18945e-05 0.00442205 9.04444e-09 0.00741114 0.0531542 0.0101923 9.95657e-07 3.87515e-05 0.00184783 0.000135379 0.843327 0.0193761 1.01704e-06 
0.0346366 0.00337641 0.00834523 0.0131158 0.00293227 0.000151634 1.37684e-06 0.0144814 1.74291e-06 6.15605e-07 1.42761e-07 7.78853e-08 2.2461e-06 0.179427 0.00119147 2.6783e-07 0.00328377 0.00163335 0.688625 0.00811664 0.0406773 1.14866e-07 
0.0364675 0.00795125 0.0254131 3.51577e-07 0.0109862 0.000140638 9.20186e-07 0.00440666 0.00474396 0.000922983 1.79052e-07 3.32775e-11 0.00113698 0.704126 0.00365863 3.05447e-07 0.119003 0.0229897 0.0001331 5.70383e-06 0.0579133 3.11358e-08 
0.00310455 2.83551e-07 0.00033608 0.169603 6.02849e-05 1.2779e-06 0.00897432 0.0127739 0.0037325 0.0250963 0.00108189 2.8451e-10 0.00117083 0.00299378 0.0101436 3.67161e-07 4.01781e-07 8.85801e-08 0.760692 5.91564e-06 0.000228924 1.06742e-07 
0.129234 0.0697029 0.0287992 0.106557 0.418675 0.00336866 0.00127676 0.062871 0.0220867 1.21374e-07 9.03326e-06 4.51923e-08 0.000411816 0.0977558 0.00018237 5.65288e-05 0.0123176 2.06299e-06 0.00132856 0.0219078 0.023454 2.70078e-06 
0.011882 0.00798675 0.00124593 0.126743 0.000422987 8.79016e-06 0.00554765 0.0407145 0.0243578 5.11771e-06 0.0220123 3.1548e-06 5.04423e-05 0.0294365 0.00794249 0.00314582 0.000326628 0.00206062 0.668475 0.00019616 0.0473537 8.2518e-05 
0.486984 0.00721846 0.305119 0.0044602 0.00841539 3.38517e-05 0.00177466 0.00390765 0.0010822 1.17735e-05 0.00121167 2.60022e-07 0.000827146 0.000362488 0.00164999 5.14734e-06 8.7252e-05 0.000319468 2.66874e-06 3.09801e-06 0.176522 8.1113e-07 
0.286874 2.21809e-06 4.97146e-06 0.00220747 0.246451 5.57521e-06 0.0132469 0.00117881 6.79317e-06 2.42044e-06 7.49462e-05 2.35833e-09 0.287846 0.00204082 2.81422e-06 1.00642e-07 0.00033996 1.34647e-06 7.98729e-06 0.102623 0.0570827 2.93664e-09 
0.491989 0.0180388 0.00499651 0.0157694 0.338508 0.000152748 2.02639e-07 0.0158406 1.42528e-06 1.26538e-10 0.00116513 4.71149e-11 2.65265e-07 0.0491307 1.35376e-05 1.28399e-10 9.80851e-07 6.67909e-08 4.54093e-07 0.0197946 0.0445976 6.45939e-08 
0.00824101 0.00018046 0.0120592 0.118041 0.00509512 0.0165378 0.000176028 0.000377272 0.814247 3.63683e-06 8.36211e-07 4.33252e-07 7.03937e-05 0.00342673 0.00082971 7.41461e-05 0.000409152 5.77528e-06 0.000358251 0.000786522 0.0190786 8.5483e-07 
0.0540095 0.00180634 0.0011171 0.0822758 0.00431612 1.06127e-06 0.00131127 0.00899683 0.0348859 2.84262e-06 0.000825189 1.14661e-10 1.69839e-10 0.0295173 0.0416254 3.43453e-05 4.65203e-07 2.07995e-05 0.0507855 0.0141572 0.674311 1.42778e-10 
0.0100657 0.00129577 0.130121 0.0144458 3.86091e-05 1.85773e-06 0.000907632 0.00146874 0.0151549 0.00023192 0.000173524 2.12578e-11 1.41257e-06 0.77305 0.0147772 5.0431e-08 0.00652029 0.0246492 0.00306137 0.00201341 0.00202184 2.19089e-07 
0.0278154 0.04654 0.00254336 0.0429181 0.0028876 0.0539323 0.315007 0.330504 0.0253295 0.000254345 0.00160039 4.02561e-06 4.41562e-06 0.0764699 1.77807e-05 0.000109298 0.0010349 0.00126744 0.0198923 0.00820773 0.0436513 9.4316e-06 
0.215795 0.0388377 0.000223414 0.0220605 4.02789e-05 3.33263e-05 0.00025268 0.132458 0.0128135 8.04451e-05 1.5846e-05 2.39735e-06 1.00099e-05 0.28092 0.0643883 4.28815e-06 0.125109 0.000659325 0.00853334 0.00159046 0.096133 3.87981e-05 
0.0375829 0.0103082 0.0260148 0.152121 0.0111356 0.00204993 0.00358876 0.011386 0.0641652 0.384491 0.000103981 4.35797e-05 0.000594798 0.246886 0.00563493 7.58478e-05 0.000723734 0.000545116 0.0039372 0.0275962 0.0108278 0.000186997 
0.00406071 0.000639101 0.00030831 0.0343116 8.40978e-09 1.2026e-05 0.000679974 5.54918e-08 0.000133896 8.35194e-06 3.68792e-08 3.27599e-11 8.23432e-06 0.544275 0.00796579 7.54912e-07 0.389651 0.0107715 0.00406697 0.00310634 2.32718e-08 4.07932e-11 
0.0119186 0.000731336 0.00308194 0.0708826 0.000404344 1.177e-05 0.000137484 0.00861976 0.00879282 6.8686e-05 0.000120805 9.18896e-09 3.21827e-06 0.0541725 0.0082636 0.000321325 2.72616e-05 2.44762e-05 0.817862 0.00179936 0.0127543 1.76199e-06 
0.258554 0.0147295 0.0119555 0.065124 0.0434546 0.118504 5.96862e-07 0.0606419 0.344224 0.000837161 0.00373778 7.46283e-08 8.39986e-07 3.89837e-06 1.05834e-05 0.00124527 9.55876e-07 1.7019e-07 1.58231e-06 0.0414956 0.0354785 1.8584e-07 
0.00406071 0.000639101 0.00030831 0.0343116 8.40978e-09 1.2026e-05 0.000679974 5.54918e-08 0.000133896 8.35194e-06 3.68792e-08 3.27599e-11 8.23432e-06 0.544275 0.00796579 7.54912e-07 0.389651 0.0107715 0.00406697 0.00310634 2.32718e-08 4.07932e-11 
0.000266121 0.0766294 1.00827e-05 0.000182914 0.75958 0.000110083 0.0114038 0.048553 0.000214928 0.000480003 0.00342495 4.43265e-08 0.000306027 0.000245745 0.000444848 0.000158982 0.00077003 0.000255284 4.57519e-05 0.00296742 0.0939501 5.51962e-08 
0.231707 0.00262517 0.0163657 0.0183738 0.346285 4.38365e-07 1.80312e-05 6.53891e-07 2.60915e-06 7.03013e-07 0.000494802 2.76552e-07 0.00050472 0.0488461 0.0145165 1.01109e-06 6.85424e-07 5.43324e-06 0.00410485 0.0213958 0.29475 4.59153e-07 
0.0397109 0.00510742 0.00300333 0.00113808 0.00343083 0.000156288 5.20591e-06 0.0210329 0.018169 0.00145666 6.91074e-07 2.20528e-08 1.7453e-05 0.753695 0.0199034 2.69783e-05 0.115274 0.00153195 0.00158429 0.00611867 0.00863623 4.20908e-07 
0.00310455 2.83551e-07 0.00033608 0.169603 6.02849e-05 1.2779e-06 0.00897432 0.0127739 0.0037325 0.0250963 0.00108189 2.8451e-10 0.00117083 0.00299378 0.0101436 3.67161e-07 4.01781e-07 8.85801e-08 0.760692 5.91564e-06 0.000228924 1.06742e-07 
0.00608398 0.000493812 0.000220349 0.0245096 1.16191e-08 8.6148e-06 0.000658193 7.65952e-08 0.000792652 6.02443e-06 5.09336e-08 6.69335e-11 5.96922e-06 0.628247 0.00569119 1.03368e-06 0.319554 0.00860013 0.0029055 0.00222121 3.21227e-08 8.33469e-11 
0.053274 0.177905 0.000340495 0.00620758 0.625785 2.45467e-06 0.0107778 0.0366519 0.0133739 3.90039e-05 0.000132817 1.86316e-09 2.21107e-06 0.0170395 1.99382e-09 0.000351061 0.0121935 1.54985e-06 0.00309596 1.54049e-05 0.0428105 2.41807e-07 
0.0407788 0.00464376 0.0030752 0.0144935 0.886351 5.94738e-05 0.000222538 0.00587493 0.0100609 0.00235192 5.334e-05 3.21846e-08 0.000108334 0.0146253 1.20919e-05 6.00143e-06 0.000149184 0.000756123 7.74877e-06 0.00308489 0.0132794 5.26585e-06 
0.0466835 0.0236325 0.00275353 0.0550575 0.000951912 0.00351692 0.000907714 0.00492806 0.015079 0.00228493 3.6952e-05 5.3111e-06 0.000615658 0.218856 0.0585069 0.00069138 0.482399 0.00045953 0.00366384 0.0297836 0.0488547 0.000331902 
0.064518 0.0118767 0.0115144 0.0140313 0.130526 2.42668e-07 0.000235515 0.187823 0.00854178 0.00081234 0.00137779 2.66026e-08 1.47355e-05 0.303187 0.00102592 6.59297e-07 0.000684137 0.0642196 4.14168e-07 0.149896 0.0494248 0.000289322 
0.104362 0.0155359 2.50214e-07 0.0389959 0.00294937 3.31885e-05 0.00183267 9.84856e-07 0.148916 0.00145776 1.90068e-07 1.38946e-10 1.04029e-06 0.611796 0.00283838 5.07729e-07 1.50463e-06 1.3927e-07 9.65361e-07 1.05375e-06 0.0712752 2.78356e-07 
0.00300076 5.87589e-05 0.00550182 0.000914611 0.000132405 1.1449e-08 9.38444e-08 0.000876624 0.000146078 1.77641e-05 3.19248e-06 2.5297e-10 3.74707e-10 0.947676 2.7071e-10 6.89402e-10 0.000440091 0.0371603 0.00390169 0.000164766 4.1367e-06 1.04106e-06 
0.0100657 0.00129577 0.130121 0.0144458 3.86091e-05 1.85773e-06 0.000907632 0.00146874 0.0151549 0.00023192 0.000173524 2.12578e-11 1.41257e-06 0.77305 0.0147772 5.0431e-08 0.00652029 0.0246492 0.00306137 0.00201341 0.00202184 2.19089e-07 
0.0518212 0.00232045 0.00778735 0.300932 0.00192541 1.63411e-05 0.000125632 0.145389 0.0186193 0.000108776 0.000911099 1.31222e-05 0.000847197 0.0299003 0.0327326 0.000316284 0.00562394 0.000227854 0.00696612 0.314882 0.0784734 6.09354e-05 
0.0756043 0.0164507 0.00186962 0.196047 1.22729e-05 4.52842e-07 0.0215231 0.0157831 0.398784 0.138564 3.08714e-06 6.95974e-09 4.05267e-05 1.64246e-05 1.84238e-05 1.89669e-08 3.63001e-06 5.53334e-06 0.0101708 0.102587 0.022515 8.66641e-09 
0.020012 0.341891 0.00161871 0.0162708 0.0778352 1.48583e-06 3.88643e-07 0.214666 0.0156155 7.02906e-05 0.00128247 5.41848e-08 0.00244831 0.0248347 0.000987497 0.000220909 0.000496922 0.00128226 0.0112334 0.135929 0.133296 6.90446e-06 
0.0915004 0.0321907 0.00286809 0.00602363 0.678881 2.43153e-05 0.0101346 0.000134149 0.0129 2.28034e-05 0.000104666 1.31655e-07 6.51981e-05 0.135331 0.000423543 3.58791e-07 0.0106957 3.43146e-05 1.98893e-05 4.51224e-05 0.0185551 4.54477e-05 
7.59797e-06 0.0711984 0.0237549 4.76945e-06 0.732617 0.000548219 4.43981e-07 2.06197e-05 2.43935e-07 1.80237e-06 1.73439e-06 1.42755e-10 2.11453e-10 0.0700604 1.52766e-10 3.89039e-10 0.0100911 1.24414e-06 3.25515e-06 2.49051e-05 0.0916635 1.77761e-10 
0.000134926 0.00608827 0.00098406 0.0031136 0.916815 7.32497e-06 0.00108412 0.0540082 0.00125902 0.000164027 7.47896e-05 8.88111e-13 5.71895e-05 0.00728382 0.00769995 0.000598087 0.000535625 5.00015e-08 9.21226e-05 2.12402e-07 8.60373e-08 1.10589e-12 
0.00300076 5.87589e-05 0.00550182 0.000914611 0.000132405 1.1449e-08 9.38444e-08 0.000876624 0.000146078 1.77641e-05 3.19248e-06 2.5297e-10 3.74707e-10 0.947676 2.7071e-10 6.89402e-10 0.000440091 0.0371603 0.00390169 0.000164766 4.1367e-06 1.04106e-06 
0.174583 0.00347786 0.0104996 0.0563515 0.000364082 2.31546e-05 0.000877006 0.0218876 0.23804 3.22254e-05 0.0133747 3.54113e-07 0.00917201 0.0530654 0.0134228 4.29342e-05 0.000781976 0.00807194 0.00332366 0.324763 0.0678399 6.3329e-06 
0.0261006 2.76446e-07 0.00322541 0.328404 0.000773667 9.13685e-05 0.00464652 0.000167309 0.056742 6.77655e-09 1.53661e-06 2.52317e-09 0.000660868 0.019955 0.533654 0.000549346 0.000498711 0.000120892 0.00789828 0.0127339 3.1868e-05 0.00374461 
0.0177294 0.000905527 0.0121963 0.0288296 3.42039e-05 2.35523e-08 0.000423122 0.000127876 0.00333374 0.000384667 9.4517e-11 6.30221e-11 0.000116011 0.532849 0.00113891 1.7175e-10 0.399149 0.000994727 0.00170732 8.00847e-05 2.71057e-07 7.84763e-11 
0.00300076 5.87589e-05 0.00550182 0.000914611 0.000132405 1.1449e-08 9.38444e-08 0.000876624 0.000146078 1.77641e-05 3.19248e-06 2.5297e-10 3.74707e-10 0.947676 2.7071e-10 6.89402e-10 0.000440091 0.0371603 0.00390169 0.000164766 4.1367e-06 1.04106e-06 
0.0110967 0.000645789 0.000462026 0.056983 0.775623 1.10846e-05 0.000986826 0.0203184 0.00745224 0.000112379 0.0132898 9.23092e-06 5.27648e-05 0.0327741 0.00126412 0.000210848 0.00119517 0.0160511 0.0152987 0.0124628 0.0336907 9.23574e-06 
0.30403 0.00965491 6.84533e-07 0.0075744 0.0006275 0.0140186 0.000291305 0.0011765 0.608715 1.65021e-07 2.96543e-08 1.32694e-08 1.49167e-07 0.00281683 0.0048518 7.34597e-07 1.69732e-07 3.0223e-08 0.00262072 0.000920441 0.0426994 3.30196e-08 
0.0117907 0.000267532 0.00332874 0.744212 0.000338757 3.62506e-06 0.000170658 0.00378544 0.0137975 3.3313e-07 0.00103317 1.24037e-07 8.83809e-07 0.022116 0.13226 3.3803e-07 1.24464e-06 0.000178663 0.0289366 0.0120768 0.0246696 0.00103186 
0.00300076 5.87589e-05 0.00550182 0.000914611 0.000132405 1.1449e-08 9.38444e-08 0.000876624 0.000146078 1.77641e-05 3.19248e-06 2.5297e-10 3.74707e-10 0.947676 2.7071e-10 6.89402e-10 0.000440091 0.0371603 0.00390169 0.000164766 4.1367e-06 1.04106e-06 
0.0649615 0.048167 0.00165116 0.196907 0.00956103 0.00123672 0.0119962 0.161101 0.119992 0.00190101 0.00684948 0.000567148 0.000702463 0.0242332 0.0170291 0.0056867 0.00146914 0.015966 0.0835039 0.0135726 0.211862 0.0010839 
0.0570443 0.080017 0.0549648 0.261942 0.00152277 1.85481e-05 0.000385509 0.0216686 0.154056 0.00140954 0.00688654 2.90773e-07 0.00234632 0.0673354 0.0135057 9.92527e-07 0.0259675 0.000885745 0.161946 0.00445896 0.0835787 5.89518e-05 
0.0346366 0.00337641 0.00834523 0.0131158 0.00293227 0.000151634 1.37684e-06 0.0144814 1.74291e-06 6.15605e-07 1.42761e-07 7.78853e-08 2.2461e-06 0.179427 0.00119147 2.6783e-07 0.00328377 0.00163335 0.688625 0.00811664 0.0406773 1.14866e-07 
0.0176053 0.0606613 0.0265527 0.0507023 0.748493 0.000142324 0.000139378 0.00634358 0.0314304 0.0030603 0.00166555 5.70177e-08 8.97783e-05 0.0427229 0.000106521 0.000222419 0.00206676 0.00019003 0.000144106 0.00694505 0.000715642 7.09995e-08 
0.0548245 0.00106742 2.54133e-06 0.0307769 0.229934 0.000135108 0.000666518 0.0102167 0.00995138 3.30489e-07 0.000134225 1.57336e-07 0.600408 0.0228821 8.12689e-05 5.93758e-05 9.68264e-05 3.50586e-06 0.00589688 0.00790864 0.0249523 8.27579e-07 
0.00300076 5.87589e-05 0.00550182 0.000914611 0.000132405 1.1449e-08 9.38444e-08 0.000876624 0.000146078 1.77641e-05 3.19248e-06 2.5297e-10 3.74707e-10 0.947676 2.7071e-10 6.89402e-10 0.000440091 0.0371603 0.00390169 0.000164766 4.1367e-06 1.04106e-06 
0.00720222 0.011457 0.00204925 0.03025 0.00208859 4.27823e-08 0.00039554 0.190173 0.225186 1.24433e-10 0.00110522 4.63312e-11 6.86273e-11 0.00877835 5.22266e-07 1.26263e-10 2.76543e-07 7.32147e-08 0.0693762 0.299678 0.15226 5.76925e-11 
0.0298067 0.00428176 0.00155351 0.00102316 0.254752 0.00027733 7.59986e-06 0.00840621 0.038271 0.000681805 4.96801e-05 1.16562e-07 3.11755e-05 0.0456193 3.51613e-07 4.26156e-07 2.88894e-07 2.29002e-06 8.96067e-06 3.71095e-07 0.615226 1.93525e-07 
0.0619528 0.106225 0.00130142 0.00079744 0.711109 3.58344e-06 7.76799e-05 0.0319851 1.07804e-05 1.42415e-05 4.20285e-06 2.0728e-09 3.0703e-09 7.99655e-06 2.21816e-09 5.64886e-09 0.000111752 2.26255e-06 0.037092 2.24901e-05 0.0492777 4.08446e-06 
0.335476 2.33755e-06 0.0061792 0.301178 0.04192 1.82587e-06 2.57702e-08 0.129584 5.69736e-07 3.64856e-07 0.00375761 1.93794e-10 0.0015701 5.02709e-06 2.07384e-10 5.28133e-10 1.7587e-06 2.5322e-05 0.00453165 0.117389 0.0583775 2.41316e-10 
0.00310455 2.83551e-07 0.00033608 0.169603 6.02849e-05 1.2779e-06 0.00897432 0.0127739 0.0037325 0.0250963 0.00108189 2.8451e-10 0.00117083 0.00299378 0.0101436 3.67161e-07 4.01781e-07 8.85801e-08 0.760692 5.91564e-06 0.000228924 1.06742e-07 
0.00544126 0.000958635 0.000430724 0.0514672 1.18135e-08 1.32333e-05 0.000848667 7.79546e-08 4.26073e-07 9.71216e-08 5.18064e-08 4.49751e-11 1.51355e-07 0.728263 0.0119486 1.07211e-06 0.175475 0.0143915 0.0061004 0.00465942 3.2692e-08 5.60038e-11 
0.0905796 0.236608 0.00170897 0.0505197 0.0152148 0.00307723 0.190805 0.0616914 0.0759893 0.00620483 0.00788174 0.000564665 0.00392565 0.0748906 0.0422154 0.000943348 0.0016244 0.00107959 0.0207689 0.00847918 0.102579 0.00264807 
0.00248228 0.0186307 0.00238973 0.547779 0.0589081 3.59399e-09 0.00648359 0.015563 0.205889 1.27399e-09 0.0173914 4.74353e-10 0.000540969 0.0118614 0.000170829 1.29272e-09 1.26014e-06 0.00966506 1.05405e-05 0.0172475 0.0849861 5.90674e-10 
0.0278437 0.00424696 0.00721707 0.0055818 0.0827983 0.000897505 7.08133e-09 0.00153161 0.00282855 1.21098e-06 0.000840733 6.99325e-10 0.0548781 0.720838 0.0252439 5.16856e-06 0.0517823 0.0134452 9.30267e-06 6.27231e-06 4.23714e-06 6.30269e-08 
0.198669 0.114304 0.0971767 0.0209769 0.0517952 5.45581e-07 5.86391e-05 0.0470493 0.016852 6.07421e-06 0.00221211 1.24885e-08 9.95441e-05 0.088142 0.000137119 3.4034e-08 3.02246e-06 1.03485e-07 0.0153078 0.0809957 0.266215 1.55509e-08 
0.00310455 2.83551e-07 0.00033608 0.169603 6.02849e-05 1.2779e-06 0.00897432 0.0127739 0.0037325 0.0250963 0.00108189 2.8451e-10 0.00117083 0.00299378 0.0101436 3.67161e-07 4.01781e-07 8.85801e-08 0.760692 5.91564e-06 0.000228924 1.06742e-07 
0.00300076 5.87589e-05 0.00550182 0.000914611 0.000132405 1.1449e-08 9.38444e-08 0.000876624 0.000146078 1.77641e-05 3.19248e-06 2.5297e-10 3.74707e-10 0.947676 2.7071e-10 6.89402e-10 0.000440091 0.0371603 0.00390169 0.000164766 4.1367e-06 1.04106e-06 
0.0719848 0.00263025 0.0277262 0.0845331 0.000722996 1.13719e-08 2.83185e-07 0.0215918 0.0549878 6.57861e-05 0.000225321 1.92e-10 4.2368e-05 0.0125851 0.000469493 1.9507e-05 0.000213093 0.000135399 0.0255733 0.2768 0.419694 2.39083e-10 
0.0346366 0.00337641 0.00834523 0.0131158 0.00293227 0.000151634 1.37684e-06 0.0144814 1.74291e-06 6.15605e-07 1.42761e-07 7.78853e-08 2.2461e-06 0.179427 0.00119147 2.6783e-07 0.00328377 0.00163335 0.688625 0.00811664 0.0406773 1.14866e-07 
0.00504812 0.60482 0.000460737 0.00421044 0.0460676 0.204501 0.0415056 0.0394247 0.00412981 3.98475e-06 0.00027065 2.15915e-07 6.31824e-07 0.00435819 5.33627e-05 1.16037e-06 7.16905e-05 0.000355952 0.00914779 4.46955e-07 0.0256062 0.0099615 
0.0156043 0.0428689 0.0079055 0.0153868 0.0478036 0.0375159 0.000179506 0.00504456 0.230753 0.00518157 0.00033384 3.39838e-07 0.00208299 0.031568 0.484209 2.50177e-05 0.000327649 2.5125e-05 0.00600621 0.0659348 0.00124301 8.33674e-07 
0.00383888 5.40636e-06 0.00149853 5.46622e-05 0.000231784 6.10906e-08 3.93117e-05 2.08773e-05 6.4007e-05 1.75749e-06 4.74695e-07 9.93168e-09 4.22968e-05 0.0966866 1.68875e-06 0.875376 1.2604e-05 0.0216961 7.00331e-06 0.000394122 1.4333e-05 1.33529e-05 
0.00300076 5.87589e-05 0.00550182 0.000914611 0.000132405 1.1449e-08 9.38444e-08 0.000876624 0.000146078 1.77641e-05 3.19248e-06 2.5297e-10 3.74707e-10 0.947676 2.7071e-10 6.89402e-10 0.000440091 0.0371603 0.00390169 0.000164766 4.1367e-06 1.04106e-06 
0.0171052 0.000982464 0.0058214 0.00169253 0.955306 0.0018127 2.84681e-07 0.00111678 0.00653793 8.69713e-10 2.25471e-07 3.23827e-10 2.03891e-06 0.00892276 3.46536e-10 8.82504e-10 5.14693e-07 0.000218164 0.000471377 9.89366e-06 7.24293e-08 4.03236e-10 
0.0156817 0.0094176 0.00293541 0.00152369 0.00305024 7.42213e-06 7.58142e-05 0.065847 0.000862967 0.00478448 0.000363654 7.85794e-07 0.00190466 0.802352 4.83595e-05 8.73746e-05 0.000210559 0.0470337 3.90382e-05 0.000914557 0.0428556 3.16089e-06 
0.0142431 0.00359291 0.253651 0.101578 0.061547 9.89029e-05 0.0180998 0.0630852 0.00304568 0.000267238 0.000950544 8.74145e-10 1.77875e-06 0.342566 2.35093e-05 1.8915e-05 0.00166785 0.000342365 0.00544986 0.093686 0.0360847 1.0885e-09 
0.127411 0.0111408 0.00631493 0.05297 0.195302 5.18434e-05 8.7107e-05 0.0903376 0.005494 1.24432e-05 0.00365783 1.11856e-10 0.173535 0.138951 0.0365015 2.25303e-07 0.00243443 0.0367549 0.00723865 0.0789256 0.0328782 1.43622e-07 
0.00949248 0.749899 0.00322091 0.0205044 0.011922 0.000424522 0.00354718 0.0263126 0.0241704 0.000872231 0.0190328 0.000272071 0.000279861 0.0244176 0.0093693 0.00027588 0.00556318 0.0264229 0.0233362 0.00249008 0.0323116 0.00586261 
0.00300076 5.87589e-05 0.00550182 0.000914611 0.000132405 1.1449e-08 9.38444e-08 0.000876624 0.000146078 1.77641e-05 3.19248e-06 2.5297e-10 3.74707e-10 0.947676 2.7071e-10 6.89402e-10 0.000440091 0.0371603 0.00390169 0.000164766 4.1367e-06 1.04106e-06 
0.00300076 5.87589e-05 0.00550182 0.000914611 0.000132405 1.1449e-08 9.38444e-08 0.000876624 0.000146078 1.77641e-05 3.19248e-06 2.5297e-10 3.74707e-10 0.947676 2.7071e-10 6.89402e-10 0.000440091 0.0371603 0.00390169 0.000164766 4.1367e-06 1.04106e-06 
0.0274679 0.0104817 0.011404 0.0202613 0.0409297 4.14938e-06 0.000102285 0.000406211 1.9493e-05 0.430262 0.00204793 1.45612e-06 0.0968587 0.325086 0.00491403 0.000151102 0.000344017 0.000108745 0.00139914 0.0179862 0.00976165 2.07751e-06 
0.0155235 0.0178199 0.00403826 0.00437541 0.0263749 0.000220026 0.0102384 0.00533809 0.00185603 0.0695163 0.000290863 0.000161995 0.00153381 0.0967756 0.00140891 0.150485 0.00325534 0.350195 0.000783176 0.00826164 0.0258022 0.205746 
0.000585426 0.00224538 0.0877404 0.000281952 0.00111468 4.30603e-08 0.00141427 0.0378758 0.0140894 7.32365e-05 6.8227e-06 1.61597e-10 0.825655 0.0257435 2.20092e-07 4.40389e-10 0.000246025 8.2357e-08 0.00132774 0.00158706 1.3315e-05 2.01223e-10 
0.0346366 0.00337641 0.00834523 0.0131158 0.00293227 0.000151634 1.37684e-06 0.0144814 1.74291e-06 6.15605e-07 1.42761e-07 7.78853e-08 2.2461e-06 0.179427 0.00119147 2.6783e-07 0.00328377 0.00163335 0.688625 0.00811664 0.0406773 1.14866e-07 
0.0486607 0.0202483 0.0033113 0.0688402 3.8839e-05 7.7556e-07 1.64686e-08 0.00490651 0.0526305 0.106511 1.85295e-10 1.23551e-10 1.83008e-10 0.0176046 1.22898e-07 3.36706e-10 3.05417e-05 8.27892e-08 0.525777 0.000812463 0.150626 5.02136e-07 
0.0231973 0.000181166 0.00591823 0.00170936 2.4982e-07 1.91658e-06 0.000541899 0.000122329 0.00541251 0.00114027 5.42925e-05 1.74956e-09 2.03437e-05 0.869914 6.30457e-05 1.68547e-05 0.013771 0.0692953 0.00505411 0.000191362 0.00339296 1.78293e-06 
0.119399 2.43098e-06 0.0235255 2.50815e-06 0.000612042 0.000100343 7.58601e-07 0.0295887 0.582495 1.18093e-06 2.12073e-07 9.48512e-08 0.00256333 0.205132 1.34514e-05 5.25823e-06 0.0119072 4.34781e-05 2.01109e-06 1.81232e-06 0.0244606 0.000141955 
0.00901368 0.0192658 0.00141943 0.000298204 0.730476 1.02819e-05 0.0217271 0.0305681 0.000198149 9.30269e-08 0.00016654 3.46375e-08 5.13062e-08 0.00450544 0.000185175 9.43951e-08 0.000714314 4.358e-06 0.000438726 1.9254e-05 0.180989 4.31312e-08 
0.506295 0.00666902 0.00378847 0.0878732 0.00512485 0.0122277 0.000337763 0.00819005 0.129343 0.00141818 0.00355378 0.000212499 0.000938484 0.102998 0.00608023 0.0395764 0.000911844 0.000979714 0.00692108 0.0065619 0.0694357 0.000562856 
0.0100657 0.00129577 0.130121 0.0144458 3.86091e-05 1.85773e-06 0.000907632 0.00146874 0.0151549 0.00023192 0.000173524 2.12578e-11 1.41257e-06 0.77305 0.0147772 5.0431e-08 0.00652029 0.0246492 0.00306137 0.00201341 0.00202184 2.19089e-07 
0.00300076 5.87589e-05 0.00550182 0.000914611 0.000132405 1.1449e-08 9.38444e-08 0.000876624 0.000146078 1.77641e-05 3.19248e-06 2.5297e-10 3.74707e-10 0.947676 2.7071e-10 6.89402e-10 0.000440091 0.0371603 0.00390169 0.000164766 4.1367e-06 1.04106e-06 
0.788711 0.00168495 0.0232638 0.0175075 0.00130194 2.43946e-07 5.15929e-06 3.03205e-06 0.0421074 0.000218028 1.23946e-05 1.69897e-08 2.51657e-08 0.0207165 2.69555e-05 3.62556e-06 3.01784e-06 0.000815774 0.0932575 0.000228983 0.0101272 5.12376e-06 
0.752012 0.00117131 0.00103698 0.125463 0.010874 2.84362e-06 0.00044159 0.00488892 0.00537213 0.0126603 1.88497e-06 3.4379e-08 1.79255e-06 0.0566509 0.0178692 2.48811e-05 3.26509e-05 6.83972e-05 0.000213899 0.00223451 0.00897836 4.28094e-08 
0.0288007 0.000584251 0.0131725 0.0147267 0.815884 0.0075811 0.000254753 0.0189833 0.00828143 6.74339e-05 0.00184528 5.17328e-10 0.000147408 0.0472077 1.04422e-05 3.15152e-07 0.00105446 7.6279e-05 0.000132233 1.3105e-06 0.0409733 0.000215184 
0.340681 0.0478152 0.0101697 0.0163137 0.00295897 0.000725374 0.00736827 0.0317571 0.218509 0.000520093 0.00136685 0.000390352 0.000490051 0.137723 0.0594714 0.000841397 0.00172329 0.0145411 0.00411386 0.0014817 0.0889965 0.0120414 
0.191171 0.0785727 0.00663951 0.0567511 0.150913 0.000319621 0.000941795 0.0689316 0.02181 0.000275101 0.0402356 7.50038e-06 0.0121535 0.066964 0.0230064 6.38561e-05 6.69872e-05 0.000256762 0.073294 0.00644266 0.059906 0.141277 
0.0346366 0.00337641 0.00834523 0.0131158 0.00293227 0.000151634 1.37684e-06 0.0144814 1.74291e-06 6.15605e-07 1.42761e-07 7.78853e-08 2.2461e-06 0.179427 0.00119147 2.6783e-07 0.00328377 0.00163335 0.688625 0.00811664 0.0406773 1.14866e-07 
0.049951 0.0376188 0.0213397 0.205762 0.0247851 0.0140761 0.00125627 0.0517896 0.0727515 0.000625998 0.00533389 0.000118335 0.000332819 0.0335712 0.00131865 0.000224124 0.0091241 0.0334189 0.0108782 0.0119829 0.411778 0.0019624 
