0.0402114 0.0186162 0.00102412 0.00174287 0.0070919 0.00165496 0.012798 0.0593953 0.02511 0.0289601 2.90502e-05 0.0190398 0.00105813 0.569957 0.000115843 0.000192812 0.126707 0.00675703 0.0661677 2.13549e-06 0.013365 3.76497e-06 
0.006489 0.00106923 0.00385054 0.00617647 0.00454135 0.000265795 0.00191348 0.00670145 0.0254445 0.00026837 5.56097e-05 0.00022287 0.000188463 0.828568 0.0017064 2.56779e-06 0.0993035 0.00101417 0.000612986 0.000145345 0.011459 7.05126e-07 
0.0667885 0.0329696 0.135112 0.072537 0.0509711 0.000197158 0.00425367 0.0455864 0.14116 0.000455432 8.96985e-05 0.00434119 6.46558e-05 0.239289 0.0120652 5.77589e-06 0.00176908 0.000708511 0.0100087 0.0104801 0.171139 8.54265e-06 
0.147732 0.0179111 0.00154278 0.14391 0.00207033 6.05331e-05 0.000303097 0.0308024 0.0303901 0.0342247 0.00466475 0.0041136 7.82794e-05 0.355633 0.002534 3.92648e-06 1.65497e-05 0.00431504 0.188122 0.0179908 0.0135806 5.84564e-08 
0.0755234 0.00416006 0.0313364 0.00817421 0.00534199 2.15054e-06 0.000764076 0.00447655 0.122055 0.000812555 0.00079185 7.10877e-05 5.1846e-06 0.597467 0.00671844 6.07933e-08 0.026747 0.025119 0.00629681 0.00322499 0.0809121 3.23582e-09 
0.00404649 0.0108956 0.000197257 0.0174105 0.00220746 0.00211054 0.0287191 0.0825361 0.0518267 0.0269549 3.07179e-05 0.00227088 7.26914e-05 0.438344 0.0208982 0.00715164 0.254786 0.0139909 0.0171473 3.37757e-05 0.0183688 1.09944e-07 
0.165053 0.019825 0.134027 0.126451 0.104713 2.54066e-06 0.0476569 0.0418037 0.0119153 1.68701e-06 0.000490825 0.00898214 0.0458102 0.17951 0.0423495 7.35832e-07 3.15762e-05 1.15321e-05 1.46566e-06 0.0519036 0.0194602 1.18806e-08 
0.00142406 0.000408349 0.00177517 1.52707e-07 0.000807067 7.00894e-05 0.000815096 7.16785e-08 5.9311e-08 1.06393e-07 2.39986e-05 4.10329e-07 0.0292147 0.85805 8.47676e-12 0.000383573 0.104249 0.000467411 0.00231047 6.82442e-12 1.40476e-07 1.48054e-08 
0.00510124 0.0191847 0.00716695 0.0287008 0.00197624 2.90132e-05 0.00684223 0.00126648 0.037144 0.0146686 0.000434098 8.99589e-05 1.76449e-05 0.591122 0.00012878 3.07472e-07 0.00313761 0.23579 0.00217729 0.000438262 0.0445814 2.52033e-06 
0.0390607 0.125035 0.000832891 0.0228764 0.0519704 3.53056e-05 0.000328449 0.146882 0.0420093 0.00169088 0.00134606 0.0693229 1.61028e-07 0.244352 0.00589057 4.73985e-08 1.03853e-06 9.07302e-05 0.00804373 2.44916e-05 0.240207 2.07038e-07 
0.00793189 0.0214533 0.00155384 0.00477501 0.000374549 5.4505e-05 0.00105247 0.0232613 0.0270507 0.00139128 0.000138574 0.00185506 0.0287344 0.397025 0.00806816 3.31728e-05 0.0630336 0.111098 0.0416669 2.86757e-06 0.259445 1.09164e-09 
0.124091 0.00154928 0.177706 0.0335371 0.012491 6.28968e-05 0.0192239 0.0016907 0.170839 3.56613e-05 0.000101776 2.15673e-06 3.30401e-06 0.220138 0.00503928 0.000132096 0.10632 0.00112506 0.00576239 0.000486219 0.119664 5.38899e-11 
0.0701704 9.30688e-05 0.115664 0.000178469 0.0548049 5.85658e-07 3.60714e-05 0.000744717 0.00226716 0.000759963 1.90911e-05 2.92293e-06 3.39556e-05 0.493914 1.04376e-08 1.28596e-05 0.00512445 0.252908 1.42258e-05 0.00320437 4.10574e-05 6.25616e-06 
0.0552258 0.0126875 0.00776118 0.0185928 0.0427098 8.9905e-05 0.00410747 0.0343928 0.00889996 0.00537536 0.00057553 0.00766444 0.00449438 0.701953 0.00154669 0.000173735 0.00654754 0.0158749 0.00500466 0.00528063 0.0587124 0.00232977 
0.0132195 0.00487664 0.000787767 0.00609709 0.00610937 0.000181094 0.116201 0.0487728 0.0212678 0.0107771 0.00235041 0.00558479 6.54532e-05 0.458407 0.00387211 1.91579e-07 0.000872222 0.00218752 0.0502142 0.0222185 0.225933 3.54016e-06 
0.00893783 0.00835725 0.00539926 0.00769455 0.00624052 0.000171969 0.0176368 0.00985454 0.0333107 0.000346312 0.000284492 0.0135465 0.00288659 0.600123 0.0011303 3.61967e-06 0.211453 0.0046712 0.00147591 0.000608672 0.0656166 0.000250789 
0.0143627 0.00267392 0.00735557 0.00273609 0.00615427 8.59023e-05 0.024022 0.00301025 0.0820289 0.00204727 0.00013471 0.00412198 0.000236325 0.451226 0.00148504 5.72701e-05 0.302166 0.0618416 0.002529 0.000109534 0.0316041 1.1006e-05 
0.00637409 0.00809155 0.0947542 0.265278 0.00335452 0.000941692 0.100376 0.071862 0.11881 9.24739e-05 0.00051791 0.00384817 0.000885887 0.266651 0.00347504 0.0109061 0.00273668 0.000989988 0.00876902 0.00113869 0.0301443 3.65321e-06 
0.0088617 0.0030982 0.00380535 0.00282476 0.00178814 8.85565e-05 0.00284053 0.00613437 0.0228682 0.00024231 3.61446e-05 0.00147282 0.000220055 0.607915 0.000393034 0.00410014 0.225737 0.0922695 0.000952971 0.000256379 0.0140948 1.918e-08 
0.0609896 0.176189 0.00119868 0.00538713 0.215712 1.30301e-07 1.88496e-06 0.00491719 0.0151041 4.12566e-07 2.73532e-07 0.0258007 0.00888066 0.373826 0.0305263 4.40184e-10 3.34479e-06 0.00493237 8.82631e-06 2.03131e-08 0.0765217 2.0113e-10 
0.183267 0.0169101 0.014426 0.00591742 0.07236 4.31152e-05 0.00329656 0.0248787 0.0097634 0.000374987 0.00066308 0.00183473 0.000634652 0.480373 0.000393484 7.78991e-06 0.00664319 0.0300216 0.00352021 0.00225153 0.142312 0.000107948 
0.0705892 0.00305555 0.000569947 0.00814098 0.13522 2.05451e-08 0.000522333 0.0181247 0.048011 0.000154401 0.000192284 6.59285e-06 0.0311821 0.294706 0.000569566 5.1916e-05 0.280379 0.0352665 0.00247156 0.0103212 0.0604647 7.98786e-08 
0.0630054 0.0151202 0.0580943 0.102382 0.0857899 7.39591e-05 0.0085078 0.023321 0.0442217 0.00155758 0.000398937 0.00274007 0.000199807 0.44669 0.00199456 0.00105806 0.0106082 0.0195335 0.000847181 0.00827316 0.0774511 0.028132 
0.0243087 0.00160015 0.000729011 0.00102837 0.038545 5.29225e-05 0.000158209 0.00138463 0.00245969 0.0104543 5.39211e-06 0.00408832 5.46532e-07 0.633687 4.99845e-11 0.000260912 0.000626041 0.273245 0.00075465 4.25035e-05 0.00132443 0.005244 
0.0272419 0.002432 0.00842045 0.00257399 0.0101858 7.60114e-05 0.000230917 0.00253797 0.00495546 0.000110024 2.14371e-05 0.00033428 7.75528e-06 0.847735 2.10989e-06 0.00195346 0.0161451 0.0694105 0.00173991 2.03979e-07 0.00385859 2.70625e-05 
0.0589499 0.000763426 0.218528 0.00777077 0.149981 4.51918e-05 0.000510442 0.000740697 0.00517169 0.000711524 0.000236012 0.00445454 0.00388139 0.414822 0.00175389 1.11344e-09 0.00858865 0.048792 0.00198254 0.0316238 0.0406934 1.46962e-07 
0.00314425 0.00087284 0.00171398 0.00255982 0.00139292 3.31734e-05 0.00028172 0.00584595 0.0264394 0.000279994 1.98926e-05 0.000116277 0.000160607 0.943002 0.000374726 5.29618e-08 0.00318682 0.000530324 0.000506651 9.02807e-05 0.00944842 8.04302e-08 
0.0129472 0.000105085 0.105881 0.0110689 0.000569333 1.23558e-08 0.00281583 0.00193409 0.14399 0.000454168 9.94563e-11 1.49875e-06 1.68838e-05 0.639971 4.03874e-07 6.71148e-06 0.00268366 0.0454863 8.62872e-05 0.00865594 0.0233257 2.16741e-09 
0.0651351 0.0265098 0.105353 0.0510512 0.0205482 4.05772e-07 0.000880274 0.147466 0.0558045 0.00290065 0.000417629 0.000859369 0.000524428 0.326397 0.00325488 0.00212893 0.00417083 0.0125471 0.0021928 0.0109189 0.160935 4.86637e-06 
0.233406 0.00836762 0.00190866 0.235713 0.00785964 1.65414e-05 0.00116055 0.107344 1.25251e-05 0.00885996 0.00126287 3.07589e-06 0.00734589 0.341011 0.00057652 0.000214371 1.47296e-05 1.35753e-05 0.00036222 0.00440762 0.0401392 3.34736e-09 
0.097734 0.00760018 0.00167179 0.00687112 0.130372 6.05365e-05 0.00673504 0.0061798 0.0262632 0.000772263 9.96982e-05 0.00437114 9.5026e-05 0.452937 0.00242586 6.14634e-06 0.0676586 0.114222 0.0281767 0.00719042 0.0385575 1.44167e-08 
0.0771378 6.12956e-05 0.0313477 0.0893445 0.383761 0.000476868 1.99843e-07 5.79546e-05 0.00412654 1.45707e-05 9.33975e-05 0.00198343 0.000827594 0.403025 3.23252e-07 8.23207e-07 1.92347e-05 0.00660241 0.000103746 0.000989509 2.58699e-05 3.76142e-07 
0.0655657 0.0111379 0.0511457 0.0238126 0.0215821 0.00187839 0.00801383 0.0158698 0.0549689 0.0026381 0.000577936 0.0036449 0.00280136 0.541145 0.00629911 0.00201319 0.0651338 0.0476867 0.0133877 0.00636042 0.0543266 1.0186e-05 
0.220263 0.0113046 0.0312402 0.0146752 0.0415928 2.15764e-05 0.0016208 0.025675 0.0676113 0.000147608 0.000243794 0.00038252 0.000339039 0.492195 0.0409374 2.58174e-05 0.00113498 0.00293981 0.0107339 0.0116382 0.0252769 4.83119e-10 
0.00938981 0.00729301 0.00469009 0.00520713 0.0163012 5.7241e-06 0.0228527 0.00394933 0.00152013 2.86379e-07 0.000324716 0.000303509 5.18115e-06 0.90872 2.51677e-10 3.14623e-08 0.000109195 0.00480496 0.00027575 1.18569e-07 0.0142462 1.02847e-06 
0.0534859 0.012752 0.0455815 0.0234697 0.0135975 0.000686876 0.00476913 0.0162462 0.0336011 0.00634548 0.00129524 0.00898236 0.00201665 0.608183 0.0102397 0.000815591 0.0291133 0.065007 0.0113944 0.00452542 0.0476288 0.000263031 
0.0322519 0.0103394 0.172089 0.0318969 0.00452363 9.45087e-06 0.000765296 0.000272017 0.0251318 0.00517019 0.000367041 9.21198e-05 0.000435748 0.462372 0.0189936 4.93958e-05 0.131771 0.0414212 0.0432837 0.00773726 0.0110274 3.63091e-07 
0.097802 0.00501026 0.0236123 0.0201968 0.0462102 8.08491e-08 1.11668e-05 0.00114738 0.10815 0.00309534 0.000126375 4.73381e-05 0.000218936 0.387142 0.000811867 1.93686e-10 0.0586207 0.0263793 0.00761977 0.00979658 0.204002 2.27085e-08 
0.00111643 5.81996e-09 0.000436621 5.07405e-13 0.000181852 8.84374e-06 1.33734e-12 3.18168e-10 0.000469807 1.64787e-05 3.03163e-12 1.38185e-06 1.08094e-07 0.523526 9.52022e-09 5.50887e-12 0.0153437 0.458633 0.00026602 1.74153e-12 2.64171e-13 2.51713e-12 
0.0275919 0.000760013 0.0277397 0.0110853 0.00158743 1.33697e-05 0.000576794 0.0156938 0.00737958 0.000664907 1.45476e-05 0.00092241 0.00529295 0.844556 0.0223533 0.00462292 0.0060286 0.00186388 0.00495425 2.1531e-07 0.0162985 2.08288e-08 
0.029378 0.00738057 0.0133361 0.0134418 0.0281005 1.12225e-05 0.0124004 0.00240058 0.103441 0.000963059 0.000710136 0.000849978 4.17657e-05 0.68425 0.00148796 4.40445e-06 0.0210999 0.0066198 0.00168259 0.0035962 0.0688007 3.52511e-06 
0.0670853 0.000451978 0.0413372 0.0157005 0.0199633 3.23621e-09 1.24806e-05 0.00846196 0.0497744 9.66967e-06 0.000388118 6.63662e-06 1.24204e-05 0.512785 0.0637616 8.05882e-06 0.0520573 0.00291281 0.000443121 0.00217503 0.162653 2.34319e-10 
0.00865041 0.00198522 0.177568 0.0183443 0.00268661 6.42601e-09 0.000731259 0.00495768 5.58685e-05 0.00376921 0.000125425 0.000604617 5.88445e-07 0.764067 7.29956e-12 0.000334974 6.82578e-05 9.28839e-05 0.00142327 3.91209e-08 0.014534 8.4939e-12 
0.18555 0.000793977 0.00714599 0.00587791 0.000419958 5.03982e-06 0.000873737 2.87778e-07 0.0250335 0.00157404 0.00115992 3.58328e-08 3.74672e-07 0.505522 0.017467 7.1196e-07 0.00409648 0.142113 0.0841228 0.00257865 0.0156648 9.09811e-11 
0.048626 0.00175751 0.0887171 0.00303857 0.0100166 9.19828e-06 7.74169e-05 0.00261588 0.00728506 0.00120626 5.26452e-05 0.00174019 4.40872e-05 0.826371 0.000306545 4.19322e-08 0.00381204 0.000678324 0.000743743 0.000355192 0.00254674 4.47086e-08 
0.0262815 0.0553278 0.006811 0.0137621 0.00419334 6.2978e-05 0.00958725 0.0369329 0.00151084 0.0104443 0.000165096 0.00953523 0.0168955 0.602918 0.0639416 0.00045845 0.00357765 0.00267353 0.00244717 0.00475688 0.127716 1.83462e-09 
0.0123337 0.000423696 0.0366367 0.00245963 9.11427e-05 1.06777e-05 0.00163929 0.000307803 0.0343142 0.0021169 4.19328e-05 0.0034513 0.000533882 0.886728 8.23692e-05 7.01338e-08 0.0136809 0.00022714 0.000381616 0.000649549 0.0038897 3.77277e-08 
0.0169873 0.0247513 0.000257644 0.00163369 3.404e-07 5.49353e-05 0.0069013 0.0149609 0.111155 0.000104332 0.00306834 0.00126368 0.000156261 0.612516 0.0868888 2.29077e-06 0.000800675 0.0430556 0.063384 6.43829e-08 0.0120582 7.49395e-09 
0.00168752 0.0227937 1.99422e-05 0.000787425 0.208264 5.04357e-11 6.80011e-11 0.0380341 0.0614592 0.000325948 0.00297683 0.000108171 0.00729118 0.33851 8.11562e-07 2.74705e-08 0.0547032 0.00251194 4.06733e-05 0.0130316 0.247453 1.27991e-10 
0.00395245 0.00557361 0.00578498 0.0152927 0.000990344 2.60277e-06 0.00514414 0.00421516 0.0401079 0.00135041 1.15622e-05 0.00015415 2.37711e-05 0.786247 6.84961e-05 1.99452e-06 0.0742825 0.00154908 0.00269125 5.03037e-05 0.0493881 0.00311713 
0.0224336 9.47211e-10 0.00730323 0.060074 0.0560871 0.00110813 0.000228962 6.53677e-06 0.000129239 1.25304e-05 5.51876e-06 2.80037e-06 0.00529051 0.746295 2.78165e-09 1.51989e-06 0.0323745 4.54326e-05 0.00851665 2.23943e-09 0.060079 5.67137e-06 
0.0234306 0.00756922 0.0039991 0.0118068 0.00126633 2.86736e-05 0.000249282 0.0132317 0.149606 0.000742333 0.000347757 0.000455913 1.69745e-05 0.691091 0.000843348 0.00339615 0.0150883 0.0173464 0.00334765 0.000512356 0.0556241 4.44093e-08 
0.00314425 0.00087284 0.00171398 0.00255982 0.00139292 3.31734e-05 0.00028172 0.00584595 0.0264394 0.000279994 1.98926e-05 0.000116277 0.000160607 0.943002 0.000374726 5.29618e-08 0.00318682 0.000530324 0.000506651 9.02807e-05 0.00944842 8.04302e-08 
0.269415 0.00684693 0.00204052 0.00627378 0.0273039 0.000965355 0.00416406 0.00316636 0.0184837 0.00279533 0.00029651 0.0338773 0.00289741 0.461732 0.00362505 2.95866e-05 0.044158 0.075316 0.0270407 0.000415933 0.00915673 6.89716e-08 
0.0994645 0.00418013 0.0349388 0.00645751 0.00527466 0.0609677 0.00211871 0.138575 0.0146681 0.000715646 0.000874593 0.00441594 0.000438023 0.483866 0.0078649 8.61048e-06 0.0740955 0.00626724 0.002677 0.00234315 0.0497875 5.94642e-07 
0.0817898 0.00434827 0.0946141 0.00575026 0.0463701 7.20747e-05 0.000144743 0.0756701 0.0414259 0.000109028 1.59256e-05 0.0148211 6.79167e-05 0.387709 1.26445e-11 6.193e-06 0.00708286 0.0746637 0.000450563 0.00267615 0.162212 7.57846e-07 
0.201328 0.0124034 0.0158581 0.0954857 0.109006 0.000135254 7.83248e-08 0.0323063 0.0274125 0.00147995 6.13761e-05 0.0643087 2.07984e-05 0.237313 0.00103695 9.54681e-08 0.00104515 0.0067724 0.00599507 0.0094707 0.17854 2.09147e-05 
0.0202977 0.00372135 0.0113308 0.0062053 0.00187002 0.000122451 0.00387891 0.00345148 0.0300818 0.00103096 3.88176e-05 0.000142092 0.000141663 0.545601 0.00163218 2.86505e-06 0.316383 0.00794938 0.00249185 8.03142e-05 0.0435412 5.04293e-06 
0.0423045 0.080981 0.00310216 0.156085 0.0199252 0.000231936 0.0559021 0.0503546 0.131459 0.000576244 1.52828e-07 0.00505034 0.0232044 0.158209 0.00310215 0.00737395 0.0270812 0.0148393 0.0887204 0.0261305 0.105368 4.12633e-08 
0.161118 0.00587829 0.0394307 0.0188661 0.0605547 0.000160329 0.00373098 0.0449424 0.124294 0.00614646 0.000704728 0.00730368 0.000434716 0.284318 0.00320328 0.000278154 0.0525215 0.0227326 0.00330053 0.00356519 0.156508 7.9355e-06 
0.00937799 0.0121939 0.0118106 0.01096 0.000822992 8.51888e-05 0.0115145 0.00631994 0.0329857 7.77236e-05 0.00056171 0.00468644 0.000633063 0.598596 0.00196986 0.000197251 0.00670176 0.278811 0.00686177 0.000637586 0.00419292 2.86404e-06 
0.121865 0.0186824 0.146934 0.00229483 0.00800066 7.1705e-08 0.00132074 0.00461314 0.0143754 0.0142289 2.2266e-06 0.000611209 3.57451e-07 0.598063 2.16512e-10 1.09963e-06 0.0653934 5.96081e-06 0.000476504 0.000387853 0.00268507 5.85583e-05 
0.00314425 0.00087284 0.00171398 0.00255982 0.00139292 3.31734e-05 0.00028172 0.00584595 0.0264394 0.000279994 1.98926e-05 0.000116277 0.000160607 0.943002 0.000374726 5.29618e-08 0.00318682 0.000530324 0.000506651 9.02807e-05 0.00944842 8.04302e-08 
0.0794596 0.0750246 0.00142312 0.0111355 2.82444e-05 8.58597e-06 0.00205615 0.0414041 0.0334655 1.55415e-05 0.029346 0.000698973 0.000141201 0.489681 0.200477 1.06408e-06 0.000575103 0.0138839 0.0151569 5.39133e-08 0.0060174 1.25298e-08 
0.112899 0.00459929 0.0545858 0.020524 0.0117761 0.0208101 0.00192755 0.0867717 0.0363322 0.000221192 0.00132109 0.00135208 0.00108239 0.553394 0.00460163 4.72121e-05 0.0346528 0.00973223 0.00183351 0.00851306 0.0330099 1.29313e-05 
0.00300076 5.87589e-05 0.00550182 0.000914611 0.000132405 1.1449e-08 9.38444e-08 0.000876624 0.000146078 1.77641e-05 3.19248e-06 2.5297e-10 3.74707e-10 0.947676 2.7071e-10 6.89402e-10 0.000440091 0.0371603 0.00390169 0.000164766 4.1367e-06 1.04106e-06 
0.00142406 0.000408349 0.00177517 1.52707e-07 0.000807067 7.00894e-05 0.000815096 7.16785e-08 5.9311e-08 1.06393e-07 2.39986e-05 4.10329e-07 0.0292147 0.85805 8.47676e-12 0.000383573 0.104249 0.000467411 0.00231047 6.82442e-12 1.40476e-07 1.48054e-08 
0.141904 0.0324313 0.0192626 0.0200899 0.00323483 9.77926e-05 0.0125164 0.0409892 0.0137239 0.000617035 0.000136812 0.0097512 0.0143594 0.576099 0.0182665 0.00205484 0.00125347 0.00043577 0.00205547 0.00525816 0.0854616 3.08898e-08 
2.94328e-06 5.82343e-11 1.26293e-10 3.15253e-07 0.00996231 4.94522e-08 0.0100045 3.58821e-11 0.0562407 0.00141137 1.81327e-07 8.49403e-07 0.00182338 0.624044 1.71015e-10 3.88221e-08 0.137157 0.149467 2.12997e-07 1.3768e-10 0.00988485 7.03644e-08 
0.0242937 0.00795305 0.027718 0.0140379 0.0136154 5.00231e-05 0.0065866 0.0226409 0.0850822 0.00594674 0.000289048 0.00245406 0.000290436 0.641708 0.00363815 0.00441834 0.0143129 0.054629 0.0111861 0.00732694 0.0518227 2.17076e-07 
0.00863771 0.00320547 0.0124147 0.036366 0.00117177 5.85846e-06 0.0023777 0.00887311 0.00850759 0.00269738 0.00015892 0.000345488 6.7512e-08 0.508437 0.000224572 7.92006e-11 0.349105 4.10804e-08 0.00401156 3.42978e-07 0.029249 0.0242108 
0.0452188 0.0146505 0.064478 0.0278855 0.015246 0.000825596 0.0145972 0.0157759 0.0231998 0.0102358 0.00202876 0.00236561 0.00339221 0.604408 0.00661464 0.000664955 0.00982009 0.0654875 0.013536 0.0178525 0.0406665 0.00105019 
0.157562 0.120716 0.00199941 0.0504662 0.12744 4.59585e-05 0.00170723 0.105561 0.0529275 0.00022998 0.000958462 0.00318979 0.0142793 0.226038 0.00258067 5.88989e-05 0.0181596 0.0358831 0.00403836 0.00363333 0.0721566 0.000368098 
0.0576196 0.00315952 0.000354091 0.161518 5.50259e-07 2.94701e-06 6.71069e-07 0.00818836 0.0210582 3.66118e-10 1.13916e-05 1.3632e-10 2.01921e-10 0.69041 0.000261963 3.15691e-06 0.0236427 0.0225914 0.00787704 3.91405e-05 0.00325939 1.30613e-06 
0.0207188 0.00739968 0.0143372 0.0161962 0.00230592 1.57846e-05 0.00707609 0.0149192 0.0130472 0.00263306 0.000448927 0.00383793 0.000221633 0.440601 0.00996958 3.97143e-05 0.31579 0.0822048 0.00345367 0.00186472 0.0429191 6.64256e-07 
0.0670485 0.293472 0.00301241 0.0102984 0.062612 0.000126344 0.00884701 0.0186532 0.116771 8.52746e-06 8.30635e-05 0.00298523 6.09127e-05 0.294863 9.20006e-05 0.000120618 0.00143347 0.00124377 9.75097e-05 3.05044e-05 0.118141 3.6105e-08 
0.0455092 0.00327186 0.00321997 0.0950026 0.171559 0.000398112 0.00355318 0.0720995 0.0216273 0.000851981 0.000143894 0.00428629 0.0022787 0.283692 0.000244687 3.51235e-08 0.0899503 0.0406718 0.000540532 0.00973414 0.151365 3.10042e-08 
0.00346501 0.00527211 0.000274286 0.00213046 0.000225716 1.59333e-06 0.00163308 0.00169754 0.00749257 0.000740452 4.23114e-05 7.5692e-05 5.11368e-05 0.612814 0.008104 0.00019542 0.327649 0.00695372 0.0102937 3.47489e-05 0.0108535 5.60584e-09 
0.324042 0.0124235 0.00193292 0.0717023 0.0508146 0.00126396 9.27504e-05 0.0132431 0.0240226 0.00328161 0.00098155 0.0236054 0.000543831 0.419952 0.00511522 6.55208e-06 0.00178932 0.000408619 0.00290092 0.00407343 0.0378021 1.61099e-06 
0.0654207 0.00171102 0.107448 0.0254729 0.00275211 0.000233253 0.00368042 0.00302197 0.0917712 1.10007e-07 0.0015408 0.000956144 0.00148438 0.66597 0.00325988 2.4781e-05 0.00487138 0.00432545 0.00940945 0.00218835 0.00445688 1.52763e-09 
0.0311914 0.0076956 0.00299942 0.000630458 0.0354258 0.000250666 5.02632e-05 0.00822292 0.000506707 0.00521297 0.000249708 1.27886e-07 9.71652e-10 0.881307 0.000281361 5.88136e-06 0.00124722 0.000856844 5.10143e-08 8.23354e-08 0.0238658 7.97524e-08 
0.117369 0.00876839 0.021678 0.0395826 0.274644 0.00109617 0.00197652 0.0225631 0.0219808 4.14611e-05 5.23368e-06 0.0111338 5.99765e-05 0.358366 0.0019767 0.000121596 0.00586262 0.00224222 0.0466221 0.00168038 0.062225 3.91942e-06 
0.0897438 0.0151901 0.00638392 0.0155252 0.0118266 0.00127975 0.00425763 0.0514562 0.0305195 0.00220227 0.00820027 0.0136572 0.000170711 0.342774 0.00830135 0.000993393 0.220789 0.0911011 0.0402348 0.00035753 0.0450297 5.65104e-06 
0.00142406 0.000408349 0.00177517 1.52707e-07 0.000807067 7.00894e-05 0.000815096 7.16785e-08 5.9311e-08 1.06393e-07 2.39986e-05 4.10329e-07 0.0292147 0.85805 8.47676e-12 0.000383573 0.104249 0.000467411 0.00231047 6.82442e-12 1.40476e-07 1.48054e-08 
0.0151378 0.00166108 0.0706849 0.0122455 0.0145662 0.00124372 0.00555685 0.00886635 0.0823411 0.00184325 7.01453e-05 0.00236315 0.000257993 0.711517 0.00253165 0.000108408 0.0286881 0.00462803 0.00463429 0.000518114 0.0299522 0.000583799 
0.0375297 0.010958 0.0113493 0.0508587 0.135123 0.000987155 0.00828267 0.0699497 0.064029 0.000289456 0.000345422 0.00296103 0.00444261 0.425986 0.0614867 7.94389e-06 0.00942574 9.08995e-05 0.0560156 0.0124636 0.037417 4.55065e-07 
0.183521 0.067202 0.00214893 0.0309254 0.00357199 8.03388e-08 0.00386146 0.0409305 0.0513957 0.0352823 0.000140726 0.00411652 1.64884e-10 0.329211 0.0113899 3.40657e-06 0.0169479 0.0376477 0.0222913 0.00118886 0.158223 2.72871e-07 
0.0715458 0.0129727 0.00078947 0.00657275 0.00442097 0.000241876 0.00185175 0.00417238 0.00236568 7.93762e-05 0.000141323 0.000122087 0.000146915 0.717541 0.00056466 0.000141524 0.0012071 0.00863685 0.153898 5.40955e-06 0.0125751 6.95539e-06 
0.0403608 0.0433588 0.0104819 0.0119169 3.3028e-05 3.9363e-06 0.000115907 0.0740638 0.0241175 0.00169394 1.22666e-07 0.171617 0.000235151 0.258221 0.00162985 9.87946e-07 0.194273 0.122565 0.00479762 0.00185152 0.0386619 3.09538e-10 
0.105801 0.0826443 0.015008 0.0699185 0.0426033 8.69889e-05 0.00391429 0.0499285 0.0470341 0.000208089 0.000196648 0.000432832 0.00231963 0.361647 0.0206856 1.71036e-05 0.0143042 0.00195218 0.0224423 0.034057 0.124798 8.08832e-07 
0.00300076 5.87589e-05 0.00550182 0.000914611 0.000132405 1.1449e-08 9.38444e-08 0.000876624 0.000146078 1.77641e-05 3.19248e-06 2.5297e-10 3.74707e-10 0.947676 2.7071e-10 6.89402e-10 0.000440091 0.0371603 0.00390169 0.000164766 4.1367e-06 1.04106e-06 
0.0453392 0.00667057 0.0020186 0.000789228 0.0759552 9.06192e-05 0.0448653 0.0133416 0.0130126 0.00281756 0.000297293 0.000183302 0.0120759 0.655696 0.00161435 0.000628754 0.00166877 0.00978175 0.00102044 0.000360713 0.111716 5.65269e-05 
0.0320161 8.20121e-06 1.08654e-05 5.36565e-06 0.223178 4.62048e-10 6.22967e-10 4.9476e-06 2.36588e-10 6.32495e-06 1.41221e-09 3.57914e-06 8.23061e-06 0.737305 1.00767e-09 2.56617e-09 5.69724e-06 0.00743882 3.86171e-10 8.11246e-10 8.98329e-06 1.17254e-09 
0.000330779 0.000315071 0.000204302 0.000269821 0.000329463 5.83093e-05 3.26933e-06 0.00297796 0.0149974 3.96631e-05 2.80522e-06 0.00754393 7.9147e-05 0.581331 2.88658e-09 0.000103014 0.055595 0.31512 0.000116306 2.20862e-05 0.02056 4.19498e-07 
0.0253288 0.00933784 0.0724712 0.0123183 0.000245944 2.53553e-08 0.00680702 0.0036608 0.0425726 9.92885e-06 5.3242e-11 2.68619e-06 4.32107e-05 0.775474 0.00120921 0.000509077 0.0430121 0.00149416 0.00139697 0.00228977 0.00181617 5.08239e-08 
0.222724 0.157975 0.00952285 0.0132929 0.110269 0.013062 0.0102532 0.0212434 0.0061034 0.00214337 0.000465763 0.00885299 0.0368043 0.264453 0.0256631 0.0050501 0.0320598 0.00356876 0.00750406 7.61887e-05 0.0176895 0.0312221 
0.034806 0.0390328 0.0383418 0.0360914 7.54875e-07 7.54904e-07 7.54815e-07 0.0112509 0.0383563 7.53742e-07 7.54369e-07 7.54635e-07 7.54383e-07 0.784532 7.54596e-07 0.0055783 7.54694e-07 7.55005e-07 7.54948e-07 0.0120006 7.55096e-07 7.54507e-07 
0.00593303 0.00602209 0.000336457 0.00352575 0.000184966 3.11266e-06 0.00125128 0.00176558 0.0253455 0.000877707 5.55779e-05 8.64447e-05 6.3238e-05 0.60754 0.00810368 0.000206316 0.274678 0.0234358 0.0108716 0.000115972 0.0295976 1.65521e-07 
0.00185641 0.000465296 0.000594572 0.00119235 0.000645309 4.77113e-06 0.000761192 0.00565219 0.0103784 0.000447663 6.98495e-09 2.69848e-05 0.0376184 0.824664 0.00111597 3.77851e-09 0.0677363 0.0421755 0.000400526 0.000318815 0.00394512 3.03454e-08 
0.044244 0.00398332 1.25655e-05 2.95023e-08 0.0689053 5.76721e-08 0.000315582 0.000284894 3.24785e-05 0.00151689 2.38458e-05 0.000773943 0.00418573 0.874611 7.08615e-05 3.20305e-07 0.00076057 0.00016284 0.000115153 1.01258e-07 1.53598e-08 1.46354e-07 
0.0562093 0.0595952 0.00347834 0.0125632 0.0325644 2.69979e-06 0.00140983 0.046606 0.0152464 0.00826818 0.000263714 0.0491811 0.00084648 0.613365 0.00165734 0.00028877 0.0107224 0.00669208 0.0639708 0.000175378 0.0160746 0.0008189 
0.0376622 0.0465526 0.0280547 0.028032 0.154694 0.000243154 0.000362849 0.135656 0.12697 0.0123069 0.00090495 0.000316538 0.000363485 0.293329 0.0074665 0.00296229 0.000956391 0.000540509 0.00672277 5.01846e-05 0.115852 3.0031e-07 
0.00142406 0.000408349 0.00177517 1.52707e-07 0.000807067 7.00894e-05 0.000815096 7.16785e-08 5.9311e-08 1.06393e-07 2.39986e-05 4.10329e-07 0.0292147 0.85805 8.47676e-12 0.000383573 0.104249 0.000467411 0.00231047 6.82442e-12 1.40476e-07 1.48054e-08 
0.016446 8.94271e-08 0.132194 0.0105785 7.43469e-05 0.000131369 0.000372156 0.00264635 0.00115479 3.96847e-11 1.23793e-07 0.00339896 0.000311634 0.822354 0.00015102 0.000173 0.010013 1.43171e-07 7.38877e-08 1.27301e-11 1.84496e-07 9.2783e-10 
0.13728 0.0412122 0.00978435 0.0255992 0.0648617 0.00013607 0.000222427 0.0155697 0.00454451 0.000495254 0.00112312 4.6163e-05 0.0018646 0.535626 0.0174974 3.91532e-05 0.000411323 0.127315 0.00230101 0.000611345 0.0130863 0.000373558 
2.64386e-05 2.64379e-05 2.64299e-05 2.64399e-05 0.0846167 2.64355e-05 2.64323e-05 0.0925682 2.644e-05 2.63948e-05 2.64168e-05 0.00266904 2.64172e-05 0.576457 2.64247e-05 2.63941e-05 0.060811 0.182456 2.6437e-05 2.64287e-05 2.64422e-05 2.64216e-05 
0.0657717 0.00816801 0.00133024 0.00224342 0.0756022 0.000524682 0.00503463 0.00804454 0.0551349 0.00033414 7.62622e-05 0.056885 0.000452117 0.558976 1.0786e-07 2.11497e-06 0.0132439 0.0467286 0.000313559 0.0016237 0.0995088 1.12301e-06 
0.0485145 0.000235954 0.0649855 0.036662 0.00240054 0.000338558 0.00558587 0.00669246 0.00287009 0.000965313 0.000650598 0.0238723 0.00070475 0.787211 0.0103312 0.000317396 0.00391095 0.000131248 0.000990968 2.8072e-06 0.00261007 1.55308e-05 
0.0238128 0.0830047 0.0482467 0.0231705 0.0566181 6.43339e-06 6.43263e-06 6.43459e-06 6.43449e-06 0.0134958 0.00450662 6.4311e-06 6.42895e-06 0.40219 0.00257874 6.42332e-06 6.43161e-06 6.43425e-06 0.260574 6.43175e-06 0.0817312 6.43001e-06 
0.101637 0.00790783 0.0069733 0.0327178 0.0365207 6.03441e-05 0.0125788 0.0309436 0.00665521 0.00191745 0.00160032 0.00128398 0.00578317 0.413615 0.0117566 0.000126942 0.055717 0.160992 0.0144578 0.00379486 0.0929573 2.07557e-06 
0.0120316 0.00522852 0.023636 0.0199929 0.000340542 2.20082e-05 0.000614405 0.00555349 0.0411532 0.0163743 0.000548624 3.00929e-05 0.000192981 0.508825 0.000569632 0.000105428 0.176659 0.142018 0.0240936 0.00285629 0.0191548 3.21811e-07 
0.0116007 0.0172378 0.0123526 0.00228695 1.29059e-11 2.11583e-06 0.00281626 0.00680373 0.125088 0.000490835 0.00013228 7.35381e-06 0.000861356 0.608031 0.086356 3.15601e-06 0.00442273 0.054154 0.0446616 7.91608e-08 0.022691 8.05709e-09 
0.151303 0.0439785 0.0190908 0.0421141 0.0168779 3.64838e-07 0.00805806 0.00807777 0.196427 0.00028724 0.000363541 0.00143108 0.00115087 0.243081 0.00344292 1.42165e-05 0.0193814 0.0171958 0.00949006 0.178746 0.0394888 4.22727e-07 
0.0587996 0.00843803 0.0119263 0.0210389 0.0125451 0.00420165 0.00346928 0.00926742 0.0372247 0.00848619 0.00152526 0.00208254 0.00231484 0.533597 0.00917193 0.000150752 0.0114015 0.203393 0.0120225 0.00267337 0.0459924 0.000278001 
0.0600219 0.00761565 0.00282496 0.00333378 0.0859836 0.00015626 0.00745545 0.00510954 0.0195641 0.00844593 0.000270679 0.00160874 0.00407067 0.682831 0.000532417 7.02894e-06 0.000719448 0.028675 0.000961684 0.00132753 0.0784399 4.43647e-05 
0.156884 0.00828736 0.0139095 0.014361 0.0153883 0.000701605 0.0547411 0.0229427 0.0234674 0.000477339 0.000713942 0.00018805 0.000593668 0.460327 0.00101216 4.25671e-05 0.00104951 0.0572873 0.02071 0.000687826 0.146227 9.21281e-09 
0.0100831 0.000165101 0.00033163 0.000455978 0.0147731 0.000490195 5.22688e-05 0.00224238 0.00402982 0.000765539 1.32569e-05 0.14113 0.000123625 0.599144 4.30911e-11 1.8536e-06 0.00634933 0.204843 3.10294e-06 0.00122358 0.0137788 3.38192e-09 
0.00829888 0.00678411 0.000568623 0.0039006 0.0145479 9.45158e-05 0.00928575 0.00689392 0.000858288 0.00552093 0.00467071 0.00578313 0.0143748 0.653715 0.00220619 8.6695e-05 0.0805083 0.11573 0.0483264 0.00535783 0.0124873 9.93191e-11 
0.00314425 0.00087284 0.00171398 0.00255982 0.00139292 3.31734e-05 0.00028172 0.00584595 0.0264394 0.000279994 1.98926e-05 0.000116277 0.000160607 0.943002 0.000374726 5.29618e-08 0.00318682 0.000530324 0.000506651 9.02807e-05 0.00944842 8.04302e-08 
0.034806 0.0390328 0.0383418 0.0360914 7.54875e-07 7.54904e-07 7.54815e-07 0.0112509 0.0383563 7.53742e-07 7.54369e-07 7.54635e-07 7.54383e-07 0.784532 7.54596e-07 0.0055783 7.54694e-07 7.55005e-07 7.54948e-07 0.0120006 7.55096e-07 7.54507e-07 
0.0452173 0.0267422 0.0328912 0.0372039 0.025042 0.00078329 0.002393 0.0264328 0.0142205 0.0021731 0.00228941 0.0109291 0.00773292 0.606734 0.00845084 0.00162695 0.0136707 0.0435519 0.00924325 0.0116556 0.070981 3.44731e-05 
0.0184119 0.0281806 0.00270564 0.00440945 0.00186119 0.000476793 0.00154227 0.0279594 0.000125383 0.00294652 0.000128449 0.0281006 0.000136454 0.615744 0.00117331 3.73583e-06 0.0157178 0.107471 6.57287e-07 0.0159382 0.126966 2.17791e-07 
0.0185021 0.0234255 0.0128699 0.0306143 0.00206535 0.00612791 0.0123484 0.0496113 0.114896 0.00650577 0.00118033 0.00790842 0.000169672 0.306636 0.00794208 0.114114 0.235026 0.0157547 0.00831892 0.000437366 0.0255439 3.01508e-06 
0.0191571 0.00878532 0.00413518 0.0282096 0.00897141 3.77139e-05 0.0396551 0.052037 0.198264 0.00938982 0.000255268 0.00153719 0.00177117 0.406746 0.00127699 0.00042595 0.0551035 0.0580485 0.00727558 0.000996484 0.09777 0.000150637 
0.0193255 0.00669259 0.0236786 0.0132154 0.00265507 3.05405e-05 0.0035193 0.0275504 0.035532 0.000381445 3.55868e-05 0.00177774 0.000174846 0.711169 0.000305155 5.93627e-07 0.0065501 0.0187077 0.00165908 0.00187381 0.119346 0.00581918 
0.0595789 0.00796972 0.00317879 0.0302264 0.142885 5.24488e-05 0.00109379 0.0315437 0.0482941 0.0016036 0.00196153 0.000636051 7.75678e-05 0.266855 0.00495327 0.000648863 0.0234211 0.202831 0.00298779 0.0133623 0.155825 1.37474e-05 
0.11488 0.075692 0.000976572 0.0251955 0.0431258 0.00113076 0.038501 0.0971982 0.0497565 0.000546778 0.000291808 0.00770113 0.00036855 0.271801 0.0082932 0.00308506 0.00653498 0.0102525 0.0083021 0.0174001 0.218924 4.2269e-05 
0.0505346 0.0117843 0.0162552 0.0301633 0.0119741 8.33536e-05 0.0135682 0.0146111 0.029236 0.00342065 0.000684477 0.00945114 0.00648317 0.49674 0.00628379 0.00822947 0.109993 0.0535869 0.017949 0.0127542 0.0935492 0.00266544 
0.00186227 0.000371865 0.00199899 0.000740494 0.000715198 7.60532e-05 0.000883812 0.000182412 0.000111624 8.29091e-05 0.000316039 0.00134213 0.124946 0.769473 7.50605e-12 0.00035185 0.0927011 0.000635493 0.0020039 6.04293e-12 0.00120352 1.4128e-06 
0.0202839 0.0241063 0.0687261 0.0156345 0.00302398 0.00198503 0.00864671 0.030675 0.061071 0.0010046 0.00114371 0.00428981 7.43292e-05 0.639103 0.0528216 0.0140295 0.00997219 0.00694468 0.00556449 0.00262864 0.0282345 3.66971e-05 
0.0151062 0.0111812 0.00157741 0.00541675 0.00499553 8.28055e-05 0.00123361 0.00874723 0.023326 0.000371194 0.000730498 0.000716622 0.000431359 0.857583 0.0131776 2.69264e-08 0.00331621 0.00143687 0.00176882 0.00146378 0.0473339 3.2478e-06 
0.025196 0.0098814 0.17508 0.0205036 0.0102235 6.95387e-05 0.0156524 0.0140456 0.0805245 0.00446026 0.000549381 0.00415415 0.00457274 0.494318 0.00446532 0.00394461 0.0471989 0.0267674 0.00558295 0.00269685 0.0499989 0.000114755 
0.0236537 0.00611778 0.0204443 0.0320616 0.0193374 0.0294096 0.011536 0.0314808 0.0788823 0.00577521 0.00111362 0.00347138 0.00318319 0.576718 0.00227788 0.000144839 0.0713842 0.0392521 0.00182816 0.00562447 0.036302 9.58634e-07 
0.113278 0.00966173 0.0130991 0.0211091 0.0772414 0.0102756 0.0113784 0.0321596 0.0796398 0.000323096 0.000657673 0.000480316 0.0613991 0.477099 0.00628468 0.000800456 0.00477051 0.00918126 0.0212886 0.0245347 0.024364 0.000974919 
0.0106205 0.000966581 0.00132014 0.00230411 0.0536444 1.56653e-05 0.000132355 0.013871 0.0123416 0.000468508 9.61095e-06 5.94806e-05 7.55172e-05 0.853185 0.000561246 7.88152e-06 0.0320415 0.000248149 0.000421832 0.000159085 0.0175453 5.31112e-08 
0.0234306 0.00756922 0.0039991 0.0118068 0.00126633 2.86736e-05 0.000249282 0.0132317 0.149606 0.000742333 0.000347757 0.000455913 1.69745e-05 0.691091 0.000843348 0.00339615 0.0150883 0.0173464 0.00334765 0.000512356 0.0556241 4.44093e-08 
0.0310722 0.00757712 0.0412263 0.0173202 0.00686124 7.97316e-05 0.00712569 0.0100509 0.0363767 0.00314215 0.000521203 0.0017021 0.00189717 0.594052 0.00420139 0.000904887 0.0729184 0.105142 0.00524628 0.00230562 0.0501796 9.74292e-05 
0.0364138 0.00781817 0.00295146 0.0124277 0.0140958 0.000624734 0.00354696 0.0128861 0.207391 0.00189573 0.000859308 0.00203511 0.000695299 0.224481 2.44884e-08 0.000254409 0.0684685 0.175309 0.00417724 0.00394324 0.2196 0.0001249 
0.0219159 0.0649677 2.58762e-07 0.00989568 0.00141447 0.00170323 0.0284644 0.0198354 8.22678e-08 0.0307797 0.00608965 0.00530469 4.85001e-07 0.752292 3.50392e-07 8.92324e-07 2.91293e-07 0.000928243 1.34282e-07 0.0205929 0.0357726 4.118e-05 
0.049795 0.00287903 0.00578885 0.0340026 0.0170887 0.000211862 0.00327108 0.00407879 0.0264592 0.00231642 0.000131812 0.000138711 0.00029924 0.602117 0.00273652 1.78435e-05 0.221032 0.00715123 0.0171834 0.000844692 0.0024352 2.05993e-05 
0.0498938 0.0191018 0.00666544 0.216493 1.40642e-07 0.0015332 0.0307983 0.0322426 0.0474206 0.00822942 0.00170077 0.00343072 0.00120888 0.270037 0.0669353 0.000154611 0.0329025 0.0144466 0.100738 0.0110522 0.0844804 0.000534319 
0.013859 0.0116691 0.00723056 0.0454358 0.000475424 3.89533e-05 0.00642753 0.00795444 0.00780708 0.00837566 0.00116814 0.000710956 8.07678e-05 0.685575 0.00153428 0.0110365 0.106345 0.0272351 0.0034572 0.00157464 0.0496986 0.00230975 
0.0679183 0.00968177 0.103857 0.00604756 0.0127549 2.62382e-05 0.00103061 0.00148386 0.0498318 0.00756912 0.00029819 0.00024231 0.000525314 0.626966 0.00581632 3.9455e-05 0.00223318 0.0106179 0.00607392 0.000955488 0.0860204 1.02262e-05 
0.140941 0.0432056 0.0588616 0.00770368 0.0141297 8.2807e-05 0.00233841 0.0149145 0.127419 0.0179884 0.00576509 0.00185606 0.00101457 0.361782 0.013325 0.000898834 0.0163229 0.0735327 0.025612 0.00468276 0.0676186 3.69489e-06 
0.0317522 0.0502644 0.047803 0.0585312 0.0252005 2.70704e-06 0.00152873 0.0819912 0.00546957 0.00111635 0.00214546 0.00111052 0.000992893 0.285338 0.0423549 3.55807e-05 0.00285878 0.100705 0.239245 0.0161614 0.00538981 2.47039e-06 
0.00721995 0.00159677 0.00259402 4.0132e-08 0.000136488 6.12272e-09 2.01919e-09 0.00155635 0.00141196 0.000192207 0.00196796 3.26872e-07 3.62201e-09 0.617587 0.111609 1.32957e-08 0.252143 0.00164858 0.000239344 1.55642e-11 9.70162e-05 3.04488e-09 
0.00142406 0.000408349 0.00177517 1.52707e-07 0.000807067 7.00894e-05 0.000815096 7.16785e-08 5.9311e-08 1.06393e-07 2.39986e-05 4.10329e-07 0.0292147 0.85805 8.47676e-12 0.000383573 0.104249 0.000467411 0.00231047 6.82442e-12 1.40476e-07 1.48054e-08 
0.021591 0.000469484 0.0596502 0.00218502 0.0104203 4.24363e-06 0.00177599 0.00261352 0.020147 0.00125948 0.000460494 4.73268e-05 0.00354637 0.734666 0.00115971 7.9223e-08 0.00181578 0.0773011 0.000748784 0.000288961 0.0598382 1.09468e-05 
0.00843229 0.00954844 0.00125217 0.00828214 0.00402834 0.00067147 0.00755045 0.00933563 0.0438514 0.00844805 7.63872e-05 0.00239166 0.000224304 0.610241 0.00289555 0.0112057 0.166415 0.0739182 0.00626293 0.000638548 0.0242237 0.0001058 
0.00339377 0.0356496 0.00837307 0.00377424 0.017301 0.00107918 5.24094e-06 0.00180787 0.0221674 3.2531e-05 0.000392818 0.133635 0.000394218 0.707253 9.45764e-09 1.18005e-06 0.00860294 0.0344455 0.000715162 0.000582376 0.0203922 1.27443e-06 
0.0178787 0.0112707 0.0354053 0.00777029 0.0665388 3.35497e-05 0.0227206 0.00315519 0.0359592 0.000118688 0.00125291 0.00121398 0.00278076 0.507432 1.3299e-05 4.54638e-05 0.0967045 0.0893146 0.01215 0.00603377 0.0822062 1.47335e-06 
0.135985 0.000564024 0.00232183 0.0139821 0.0472068 1.07826e-06 0.00339943 0.0123262 0.138098 0.00544068 0.00408453 8.50111e-05 0.00641484 0.369617 1.10635e-05 0.0703075 0.0375425 0.13626 0.000736686 0.00802828 0.00758439 2.28952e-06 
0.0109978 0.00750698 0.0398499 0.0174055 0.00160794 0.00149948 0.0181423 0.0626794 0.107421 0.0151708 1.56788e-05 0.00118995 4.77318e-05 0.370049 0.01064 0.00374611 0.256801 0.0101927 0.0197799 4.53994e-05 0.0452109 5.89142e-08 
0.0703475 0.0826973 0.000715427 0.00836798 0.00811914 5.67739e-05 1.63841e-06 0.00886711 1.6004e-06 0.000306592 0.00389317 2.82646e-06 1.18754e-06 0.546679 0.0750005 1.36523e-10 0.00175034 0.0011381 0.0039953 0.00511832 0.18294 5.06909e-07 
0.0376866 0.00455516 0.0120166 0.00829749 0.00173995 0.00138993 0.00224572 0.0121105 0.104 0.000309846 0.00260773 0.000427066 0.000196056 0.502395 0.0338035 5.58095e-05 0.0957063 0.0511366 0.115402 0.00210807 0.0118086 1.07697e-06 
0.0376622 0.0465526 0.0280547 0.028032 0.154694 0.000243154 0.000362849 0.135656 0.12697 0.0123069 0.00090495 0.000316538 0.000363485 0.293329 0.0074665 0.00296229 0.000956391 0.000540509 0.00672277 5.01846e-05 0.115852 3.0031e-07 
0.0571517 0.0372406 0.0218486 0.0871245 0.00340387 0.000286363 0.0143926 0.0478437 0.0541566 0.000162791 0.00058499 0.00712688 0.165628 0.183952 0.00541812 8.69843e-05 0.0113222 0.142714 0.0177883 0.017865 0.123896 6.56197e-06 
0.0700639 0.0744162 0.00978119 0.0212599 0.117867 0.00527702 0.00260804 0.0388793 0.0349893 0.0022096 5.62693e-05 0.0793676 0.00212106 0.319625 0.0044228 0.000459254 0.0404533 0.0367277 0.0089683 0.00988753 0.111702 0.00885773 
0.291241 0.00567414 0.000981973 0.000205303 0.280608 8.05345e-06 0.0158742 0.00233216 3.79604e-05 0.00235381 2.35516e-08 0.0151271 0.0003016 0.36325 0.00013 4.27964e-08 0.00730374 0.0105394 0.000391006 0.00060781 0.00303354 1.95546e-08 
0.37774 0.00368313 6.33061e-07 0.00240622 0.0128128 5.38934e-08 1.17231e-06 0.000869055 0.0431327 3.89961e-07 2.81665e-06 7.55028e-07 7.73623e-10 0.54438 1.96305e-06 8.16251e-07 6.84042e-07 0.0149655 1.4321e-06 4.49963e-10 4.71898e-07 6.50357e-10 
0.0312392 0.0316609 0.00609963 0.0278032 0.0138825 0.000564912 0.00712003 0.0166523 0.0316904 0.0197359 0.000701265 0.00577961 0.00165168 0.601181 0.00196559 0.00922561 0.0141588 0.119176 0.0100212 0.00348931 0.037685 0.00851621 
0.0736752 0.0299683 0.0195249 0.071513 0.0757561 4.20706e-05 0.0115632 0.0478688 0.0356191 0.00215474 0.00973948 0.00480541 0.00141105 0.294543 0.0103093 0.0014242 0.00876954 0.012661 0.00338377 0.0199599 0.265305 2.51596e-06 
0.0302914 0.00684109 0.00383039 0.0150132 0.0036328 3.48877e-05 0.00173077 0.00330157 0.0171341 0.00199744 0.00430813 0.00264415 0.000165992 0.448271 0.00385101 0.000220369 0.166333 0.274272 0.00719185 0.00104215 0.00666314 0.00122907 
0.0493101 0.0861244 0.0039594 0.0409433 0.0101067 0.000930397 0.033167 0.0449868 0.0658179 0.00155309 0.00117903 0.000697097 0.000703325 0.33864 0.0143414 0.0024623 0.00412142 0.0332976 0.179235 0.00256258 0.0858416 1.98249e-05 
0.0900712 0.0139521 0.00533163 0.0156546 0.00319954 0.0192059 0.0244335 0.0235086 0.17426 0.000208227 0.000135814 0.000127776 0.0117285 0.337309 0.00496762 0.000411768 0.133425 0.0462881 0.0100126 0.0258876 0.0598727 7.81684e-06 
6.89893e-05 0.0036027 0.00129711 0.0375777 0.000196389 4.36564e-10 5.26963e-05 0.00489523 0.0011124 0.000341548 0.000194798 2.20214e-08 3.24117e-05 0.912876 0.000129215 2.50949e-11 5.26003e-06 6.10538e-09 0.001773 0.0310091 0.00483567 1.14664e-11 
0.0275815 0.00272191 0.013468 0.000381422 7.21498e-07 5.13142e-05 0.000348423 0.0438002 0.017183 7.18875e-05 5.27819e-05 2.81094e-05 0.000183553 0.825323 0.00161296 5.60803e-07 0.012428 0.0273552 0.0145351 5.80045e-05 0.0128147 2.0464e-07 
