0.000145813 0.0169487 6.46513e-05 9.58467e-05 0.980849 0.000236938 0.000192814 0.00115677 3.94002e-05 1.84368e-07 2.02938e-05 1.35531e-05 2.09905e-06 1.024e-08 3.5062e-05 1.8708e-07 6.25127e-05 2.07011e-08 5.68181e-05 5.91419e-08 4.83924e-05 3.1219e-05 
1.68956e-06 0.00439185 0.961995 1.31476e-06 2.86382e-06 2.57015e-06 3.46526e-06 1.17606e-06 0.00934505 1.40674e-05 0.00786326 5.23783e-06 7.75846e-06 7.81315e-07 0.0162606 1.42743e-05 4.65975e-06 1.5795e-06 2.14808e-06 4.51256e-06 6.91352e-05 6.52225e-06 
0.092809 0.848713 1.47284e-05 0.000110904 0.0271813 1.14765e-05 4.03582e-05 6.95982e-05 0.0184573 0.000615809 6.54246e-05 5.44283e-05 0.000701296 3.238e-06 1.65811e-05 9.37406e-05 4.65338e-05 1.03013e-05 0.00824702 0.000407414 0.00232677 3.90631e-06 
8.4067e-05 0.00439493 4.18978e-09 0.0200555 1.15481e-13 0.00457764 0.000198225 0.914236 0.00189389 5.67256e-13 9.64228e-08 0.000598072 3.12853e-13 3.15058e-14 6.03936e-08 1.865e-08 1.879e-13 1.28028e-09 1.14052e-07 0.00602381 0.0479373 2.63004e-13 
0.0449261 0.0934875 2.013e-07 0.0266304 0.274188 0.0027497 0.163738 0.346695 0.0366019 3.45638e-09 8.62398e-07 1.54104e-05 7.50939e-06 1.9197e-10 9.44274e-07 3.50722e-09 0.00846467 7.97497e-07 0.00164219 0.000817748 2.71507e-05 4.95299e-06 
0.000165079 0.68505 0.000299008 0.0036081 2.08594e-07 1.87204e-07 2.52402e-07 1.87587e-05 0.000502922 1.02464e-06 0.191949 0.000384405 5.65109e-07 5.69092e-08 4.08266e-07 1.03971e-06 3.39406e-07 1.15048e-07 0.0909116 0.0270455 6.06381e-05 4.75066e-07 
0.000410222 0.000463424 0.000154839 0.000613815 1.78244e-07 1.59966e-07 2.15678e-07 0.000388025 0.905771 8.75558e-07 4.88922e-07 3.26004e-07 4.82888e-07 4.86291e-08 3.48865e-07 8.88436e-07 2.90024e-07 9.83086e-08 0.000494812 0.00704991 0.0846493 4.05946e-07 
0.894572 2.16973e-08 0.0959836 0.000337112 3.2555e-08 2.92167e-08 3.9392e-08 2.27791e-05 1.49601e-08 1.59914e-07 8.9298e-08 0.0090184 8.81959e-08 8.88176e-09 6.45259e-05 1.62266e-07 5.29707e-08 1.79553e-08 2.44187e-08 5.12975e-08 9.33917e-07 7.41431e-08 
0.0523278 1.11759e-05 3.73935e-06 0.0288489 0.918768 8.22085e-08 1.11579e-05 1.11604e-05 2.27965e-06 1.49488e-09 1.16949e-06 5.56599e-10 8.24453e-10 8.30265e-11 2.02575e-06 1.51686e-09 3.61522e-06 1.67846e-10 3.28726e-06 1.00749e-06 2.80053e-06 1.80272e-06 
2.5312e-05 0.367718 2.36619e-09 0.106765 1.63704e-09 1.46918e-09 5.91993e-07 0.229102 0.237241 0.000255297 3.55776e-07 4.91724e-06 4.43497e-09 4.46623e-10 0.00389745 0.023235 1.28188e-05 9.95618e-07 0.0228802 1.71552e-05 0.00884379 3.72832e-09 
0.00868907 0.134777 4.03122e-11 0.0336355 4.76944e-07 9.5139e-08 9.79008e-08 0.789987 6.66465e-07 3.09631e-06 3.82587e-07 2.44898e-07 1.90413e-06 7.60902e-12 5.45871e-11 1.39014e-10 4.53801e-11 1.53824e-11 5.10459e-07 0.0328969 6.98487e-06 6.35185e-11 
3.78127e-08 0.00389075 0.000150867 2.94248e-08 7.49387e-06 5.75206e-08 7.75534e-08 2.63206e-08 2.2156e-06 3.14832e-07 1.75806e-07 1.17224e-07 0.995844 1.7486e-08 1.25445e-07 2.19834e-05 1.04286e-07 3.53497e-08 4.80746e-08 1.00992e-07 8.10467e-05 1.4597e-07 
1.43286e-07 1.39529e-11 2.78422e-07 0.834064 2.09353e-11 3.77649e-09 0.0177566 0.00331816 2.70345e-07 1.02837e-10 0.00274891 3.829e-11 5.67165e-11 5.71163e-12 2.60768e-05 1.04349e-10 3.40641e-11 1.15466e-11 0.142085 1.10843e-06 2.3619e-07 4.76795e-11 
0.000262031 8.50588e-09 0.000149438 5.85916e-09 0.999173 7.67512e-05 1.54427e-08 4.61265e-05 2.35177e-06 0.000144251 3.50071e-08 2.33421e-08 3.45751e-08 3.48188e-09 2.4979e-08 6.36126e-08 8.30842e-05 7.03896e-09 9.57278e-09 3.62179e-05 2.6237e-05 2.9066e-08 
0.0035309 0.00406796 1.15778e-07 0.0217877 6.28686e-08 3.32798e-05 1.88819e-06 0.746942 1.00642e-06 1.56753e-11 2.6645e-06 0.198284 8.64523e-12 8.70617e-13 1.66889e-06 5.15366e-07 5.19235e-12 5.31032e-05 3.15166e-06 3.3358e-06 0.0252862 7.26773e-12 
0.000730335 5.58693e-08 1.21165e-07 3.84848e-08 0.966439 7.52315e-08 0.000371191 0.0296902 0.00113974 4.11771e-07 0.00104262 1.53318e-07 0.000162783 2.28701e-08 0.000121954 4.17827e-07 7.17805e-05 2.45603e-05 6.2877e-08 1.32088e-07 0.000203993 1.90915e-07 
3.67782e-10 0.00957666 9.01057e-10 2.86198e-10 0.57237 5.59469e-10 7.54317e-10 2.56005e-10 0.000287044 3.06219e-09 0.0260219 0.0147848 0.0492656 1.70076e-10 1.22013e-09 3.10723e-09 1.01433e-09 3.43826e-10 4.67594e-10 0.311263 0.0164307 1.41976e-09 
4.3472e-05 2.81207e-05 1.45895e-09 0.000180773 1.00937e-09 9.0587e-10 1.22136e-09 2.78972e-05 4.63842e-10 4.95818e-09 2.7687e-09 1.84612e-09 2.73453e-09 2.75381e-10 1.97558e-09 5.0311e-09 1.64237e-09 6.68607e-07 3.11179e-05 3.30837e-05 0.999655 2.29882e-09 
1.85322e-06 4.26984e-06 6.92807e-07 0.479457 6.7027e-07 0.000199143 1.12988e-05 6.64125e-05 6.02231e-06 9.37995e-11 1.59441e-05 2.05988e-05 5.17323e-11 5.20969e-12 9.98647e-06 3.0839e-06 3.10705e-11 0.131636 1.88592e-05 0.267498 0.121049 4.34894e-11 
0.0214624 0.224186 2.43317e-07 0.0824575 0.00304286 5.92925e-08 1.07767e-07 0.0745984 1.73809e-06 0.000962471 0.004794 9.09515e-08 0.00765504 2.8908e-11 0.00105646 1.9357e-07 1.33099e-07 1.13538e-07 0.546938 0.0250814 0.00776276 2.41318e-10 
0.028544 0.93408 2.98006e-07 1.50386e-06 0.0255823 0.0001742 0.000593774 0.00227623 2.12996e-06 1.0568e-07 1.58875e-06 1.11237e-07 3.45588e-07 1.59859e-08 4.35466e-07 2.36609e-07 0.000407445 1.39072e-07 6.3325e-06 5.52741e-07 0.00832828 3.88635e-08 
2.59764e-06 1.10985e-06 0.000329519 1.35899e-06 0.019787 4.65177e-07 4.47671e-10 1.4891e-06 0.0181851 1.81735e-09 1.01483e-09 6.76667e-10 9.03075e-07 1.00937e-10 1.01384e-05 1.84407e-09 6.01985e-10 2.04053e-10 1.51799e-05 0.961664 1.22042e-06 8.42599e-10 
0.343635 8.33323e-05 2.28184e-09 0.160082 0.0481421 1.4168e-09 3.76336e-05 0.000663675 4.73006e-05 7.75471e-09 4.33032e-09 5.80362e-07 0.000108637 4.30702e-10 2.4722e-05 7.86876e-09 2.5687e-09 8.70706e-10 0.144627 2.48756e-09 0.302549 3.59541e-09 
0.00104671 0.00337842 4.62503e-06 1.45448e-08 0.989718 7.96399e-05 2.30393e-05 0.000162643 0.000145601 1.55623e-07 0.00350222 0.00051576 0.000171744 8.6434e-09 6.20077e-08 1.57912e-07 5.15492e-08 1.74735e-08 0.000418259 0.000329527 0.000322594 0.000180455 
5.33192e-06 8.19249e-07 7.30927e-06 1.0405e-05 6.43485e-06 3.91749e-09 5.28184e-09 1.79259e-09 2.00591e-09 2.14419e-08 1.80707e-05 7.98365e-09 1.18256e-08 1.1909e-09 0.999386 2.17573e-08 7.10252e-09 2.40752e-09 0.000554326 6.27944e-06 5.23418e-06 9.94139e-09 
0.0129705 1.1215e-05 2.24864e-07 1.80605e-09 0.96902 0.0024702 0.000125161 7.17743e-07 2.37101e-06 1.9324e-08 1.07907e-08 0.0113444 1.06576e-08 1.07327e-09 2.99132e-06 1.96082e-08 0.00404914 2.16972e-09 5.7165e-07 6.19876e-09 1.89321e-06 3.54308e-07 
0.000779626 2.53078e-08 0.000444627 1.74329e-08 0.99754 0.00022836 4.5947e-08 0.000137241 6.99729e-06 0.000429193 1.04158e-07 6.94502e-08 1.02872e-07 1.03597e-08 7.43205e-08 1.89268e-07 0.000247202 2.09432e-08 2.84821e-08 0.00010776 7.80635e-05 8.64808e-08 
0.00104671 0.00337842 4.62503e-06 1.45448e-08 0.989718 7.96399e-05 2.30393e-05 0.000162643 0.000145601 1.55623e-07 0.00350222 0.00051576 0.000171744 8.6434e-09 6.20077e-08 1.57912e-07 5.15492e-08 1.74735e-08 0.000418259 0.000329527 0.000322594 0.000180455 
1.62467e-06 9.13119e-09 0.000168345 0.000337146 0.0370369 1.22957e-08 1.67437e-06 0.00024644 0.216418 6.72992e-08 3.75807e-08 2.50581e-08 4.8289e-05 3.73785e-09 0.578462 6.8289e-08 2.22925e-08 9.07526e-06 0.000444984 0.00122839 0.165597 3.12028e-08 
0.00715558 3.27118e-07 6.02181e-05 0.38993 0.00109242 0.0406607 8.6559e-07 0.0154162 0.00802126 1.63733e-07 0.501303 0.000431903 4.31976e-07 1.02144e-09 0.0102073 2.3646e-07 6.32244e-05 1.62415e-08 0.000356271 0.0224759 0.00281445 9.78251e-06 
3.24568e-07 3.66662e-07 0.000159833 0.000581164 0.000880785 4.93733e-07 6.65686e-07 2.25925e-07 2.52811e-07 2.70239e-06 1.50905e-06 1.0062e-06 1.49042e-06 1.50093e-07 1.07676e-06 2.74214e-06 8.95152e-07 3.03427e-07 4.12652e-07 0.998204 0.000157926 1.25294e-06 
2.47948e-05 4.76939e-06 6.46628e-06 3.81772e-05 0.437154 2.67483e-09 0.0796847 0.104208 1.36962e-09 7.76086e-05 5.72356e-05 0.378623 7.51005e-05 8.13137e-10 1.69229e-05 1.48557e-08 4.84954e-09 4.43999e-06 5.14405e-06 4.69635e-09 1.96625e-05 6.7879e-09 
0.0715368 8.02128e-11 0.0228525 0.777811 0.0102626 2.10632e-06 2.26308e-05 3.2981e-05 0.0787032 5.91189e-10 5.51344e-06 2.34873e-05 3.26052e-10 3.2835e-11 1.62559e-06 1.62028e-06 1.95828e-10 1.46101e-07 6.41857e-06 3.18617e-06 0.038734 6.58113e-07 
0.0523278 1.11759e-05 3.73935e-06 0.0288489 0.918768 8.22085e-08 1.11579e-05 1.11604e-05 2.27965e-06 1.49488e-09 1.16949e-06 5.56599e-10 8.24453e-10 8.30265e-11 2.02575e-06 1.51686e-09 3.61522e-06 1.67846e-10 3.28726e-06 1.00749e-06 2.80053e-06 1.80272e-06 
0.32651 6.79875e-08 1.47445e-07 0.000383599 0.538428 9.15493e-08 7.53223e-06 4.18917e-08 4.6877e-08 5.01085e-07 0.00010105 1.86573e-07 2.76358e-07 2.78306e-08 1.99657e-07 5.08455e-07 1.65982e-07 5.62624e-08 0.134092 1.60739e-07 0.000474723 2.32324e-07 
0.0523278 1.11759e-05 3.73935e-06 0.0288489 0.918768 8.22085e-08 1.11579e-05 1.11604e-05 2.27965e-06 1.49488e-09 1.16949e-06 5.56599e-10 8.24453e-10 8.30265e-11 2.02575e-06 1.51686e-09 3.61522e-06 1.67846e-10 3.28726e-06 1.00749e-06 2.80053e-06 1.80272e-06 
0.00285495 2.37131e-07 5.14268e-07 0.00695865 3.55796e-07 3.19311e-07 0.00503747 0.00179733 0.0153855 1.74771e-06 9.75943e-07 6.5074e-07 9.63898e-07 9.70692e-08 6.96374e-07 1.77342e-06 5.7892e-07 1.96235e-07 0.0152388 0.95134 0.00137776 8.10314e-07 
2.94568e-06 4.70851e-06 8.48066e-10 0.291407 7.20326e-06 3.48119e-06 0.0620168 0.137598 0.00948042 2.88211e-09 5.7007e-06 3.0411e-06 0.000288444 1.60074e-10 0.00762031 2.03426e-06 4.47281e-07 3.50468e-07 0.486589 0.00404638 0.000924128 1.33627e-09 
0.0624875 0.0901654 6.48217e-09 2.0589e-09 0.719144 2.94645e-06 2.20723e-06 0.0149658 0.0801363 2.20293e-08 1.23014e-08 9.7641e-06 4.94182e-06 1.22352e-09 0.000151704 2.23533e-08 5.68209e-06 6.32893e-07 3.36385e-09 0.032919 4.31412e-06 1.02137e-08 
3.78127e-08 0.00389075 0.000150867 2.94248e-08 7.49387e-06 5.75206e-08 7.75534e-08 2.63206e-08 2.2156e-06 3.14832e-07 1.75806e-07 1.17224e-07 0.995844 1.7486e-08 1.25445e-07 2.19834e-05 1.04286e-07 3.53497e-08 4.80746e-08 1.00992e-07 8.10467e-05 1.4597e-07 
1.34178e-05 2.62491e-08 3.30519e-05 1.80814e-08 0.999827 3.53461e-08 4.76561e-08 1.32247e-05 1.80986e-08 1.93463e-07 1.08032e-07 7.20336e-08 1.06699e-07 1.07451e-08 7.70851e-08 1.054e-05 6.22104e-06 2.17222e-08 6.0736e-05 6.20592e-08 3.52826e-05 8.96976e-08 
1.91941e-05 0.000165067 3.10959e-06 0.000142869 0.996914 2.75428e-09 0.000189393 0.00177945 1.4103e-09 1.50752e-08 2.61048e-05 0.000240806 5.82084e-05 8.37289e-10 6.00671e-09 3.97873e-05 4.99358e-09 1.69266e-09 0.000145947 5.65841e-05 0.000219037 6.98951e-09 
0.000289732 0.000667546 0.000108313 0.00345413 1.79422e-06 0.031134 0.00176645 0.0103829 0.000941527 1.46646e-08 0.0024927 0.00322042 8.08781e-09 8.14482e-10 0.00156128 0.000482136 4.85756e-09 3.30974e-05 0.00294845 0.939333 0.00118273 6.79913e-09 
2.77481e-05 0.020482 1.6286e-05 1.91458e-07 0.978793 0.000174122 5.04616e-07 5.01217e-06 4.37869e-07 1.71826e-05 1.14392e-06 7.62741e-07 5.20602e-05 1.13776e-07 8.1623e-07 0.000282488 9.39694e-06 2.3001e-07 3.12806e-07 4.45646e-06 2.85321e-06 0.000129075 
5.26346e-08 5.94608e-08 1.28953e-07 4.09588e-08 0.999989 8.00676e-08 1.07953e-07 3.66378e-08 4.09979e-08 4.38241e-07 2.44719e-07 1.63174e-07 2.41699e-07 2.43402e-08 1.74617e-07 4.44687e-07 1.45165e-07 4.92062e-08 6.6919e-08 1.40579e-07 8.55107e-06 2.03187e-07 
0.00296799 0.783128 0.000183723 0.0147304 0.000596016 1.75387e-05 4.30065e-05 0.000151105 0.0295208 6.79853e-06 0.00275162 2.02298e-05 0.000131823 4.48674e-14 0.000289713 3.35857e-05 4.87749e-05 0.00010486 0.159863 0.000579785 0.00483179 3.74544e-13 
0.00715558 3.27118e-07 6.02181e-05 0.38993 0.00109242 0.0406607 8.6559e-07 0.0154162 0.00802126 1.63733e-07 0.501303 0.000431903 4.31976e-07 1.02144e-09 0.0102073 2.3646e-07 6.32244e-05 1.62415e-08 0.000356271 0.0224759 0.00281445 9.78251e-06 
9.1473e-07 0.000122499 2.24106e-06 5.58119e-05 0.999769 1.39148e-06 1.8761e-06 6.36724e-07 7.12497e-07 7.61614e-06 4.25294e-06 2.83578e-06 4.20045e-06 4.23006e-07 3.03464e-06 7.72815e-06 2.5228e-06 8.55148e-07 1.16298e-06 2.44311e-06 4.62047e-06 3.53117e-06 
0.000627808 0.159298 1.86938e-09 5.52388e-08 0.840057 1.1607e-09 1.56495e-09 5.31122e-10 5.48977e-07 6.35299e-09 3.54758e-09 3.27625e-06 3.5038e-09 3.52849e-10 2.53134e-09 6.44642e-09 2.10439e-09 7.1332e-10 1.25411e-06 2.03792e-09 3.84382e-07 1.18187e-05 
5.67402e-10 7.47254e-05 1.71598e-13 5.45038e-14 5.40945e-05 0.00023768 4.40032e-06 4.87539e-14 5.45559e-14 7.58701e-10 3.25647e-13 6.232e-09 3.21628e-13 3.23895e-14 2.32362e-13 5.91744e-13 1.93171e-13 1.63761e-10 1.95997e-10 1.87069e-13 4.96613e-10 0.999629 
2.77481e-05 0.020482 1.6286e-05 1.91458e-07 0.978793 0.000174122 5.04616e-07 5.01217e-06 4.37869e-07 1.71826e-05 1.14392e-06 7.62741e-07 5.20602e-05 1.13776e-07 8.1623e-07 0.000282488 9.39694e-06 2.3001e-07 3.12806e-07 4.45646e-06 2.85321e-06 0.000129075 
0.000138816 0.00736576 0.00729321 0.00434575 0.947191 4.10194e-05 6.07352e-07 2.45884e-05 1.47083e-06 7.86915e-05 1.37681e-06 9.1803e-07 1.35982e-06 1.3694e-07 9.82409e-07 2.50185e-06 4.47286e-05 2.76838e-07 3.76492e-07 0.0261834 0.00728225 1.14315e-06 
1.39096e-05 3.20479e-05 5.19996e-06 0.000165828 1.43324e-10 0.0014947 8.48046e-05 0.997436 4.52013e-05 7.04026e-10 0.000119671 0.000154608 3.88284e-10 3.91021e-11 7.49549e-05 2.31467e-05 2.33204e-10 1.58896e-06 0.000141551 0.000149821 5.67812e-05 3.26416e-10 
0.01624 0.231164 1.21324e-06 2.04122e-07 0.278434 5.08343e-06 1.85526e-06 0.149501 0.0383711 1.28971e-09 7.20187e-10 0.000209116 7.11298e-10 7.16312e-11 0.000225065 1.30867e-09 6.34041e-05 1.44809e-10 0.00162258 6.36086e-07 0.00116169 0.283 
0.00104671 0.00337842 4.62503e-06 1.45448e-08 0.989718 7.96399e-05 2.30393e-05 0.000162643 0.000145601 1.55623e-07 0.00350222 0.00051576 0.000171744 8.6434e-09 6.20077e-08 1.57912e-07 5.15492e-08 1.74735e-08 0.000418259 0.000329527 0.000322594 0.000180455 
0.00142988 3.99554e-06 3.97389e-07 1.26032e-06 0.0131267 2.00072e-06 3.31719e-06 1.34941e-05 1.73046e-11 1.84975e-10 1.03292e-10 0.0148139 0.949335 1.02736e-11 7.3703e-11 1.87695e-10 6.13328e-08 6.00247e-07 2.76244e-06 2.52185e-06 0.0212638 8.57621e-11 
0.000280559 0.000178667 1.24952e-07 3.96879e-08 0.00297389 0.000124211 0.000418518 3.5501e-08 4.01231e-06 4.24643e-07 2.37126e-07 1.58111e-07 2.34199e-07 2.3585e-08 0.995925 4.30889e-07 1.40661e-07 4.76794e-08 6.48426e-08 1.36217e-07 5.37437e-05 3.95733e-05 
0.0645276 1.366e-10 2.96247e-10 0.32251 2.04958e-10 1.8394e-10 0.000813743 0.0545469 0.148038 1.00678e-09 4.32947e-06 2.88681e-06 5.55258e-10 5.59172e-11 4.0115e-10 1.02159e-09 3.33489e-10 1.13042e-10 2.26004e-06 0.00518972 0.404364 4.66785e-10 
0.0334803 0.000268065 1.38734e-06 1.80125e-10 0.570734 8.44318e-05 0.0118015 0.0146647 0.0069788 1.92727e-09 1.07621e-09 1.75376e-05 1.27647e-06 1.07042e-10 0.000293476 1.95561e-09 1.46882e-06 2.86842e-07 8.05484e-06 0.00487372 0.0219474 0.334843 
0.000375721 8.2581e-07 1.79095e-06 0.000657507 0.929417 1.112e-06 1.49928e-06 5.08837e-07 0.0683817 6.08643e-06 3.39873e-06 2.26621e-06 3.35679e-06 3.38045e-07 2.42513e-06 0.000451947 2.0161e-06 6.83391e-07 9.29391e-07 1.95241e-06 0.000684339 2.82193e-06 
0.000153164 0.000202846 6.78703e-05 0.000100676 0.998761 1.49211e-06 0.00020252 0.000202564 4.13763e-05 2.71325e-08 2.12266e-05 1.01024e-08 1.49641e-08 1.50696e-09 3.6768e-05 2.75315e-08 6.56175e-05 3.04646e-09 5.96648e-05 8.70358e-09 5.08305e-05 3.27199e-05 
8.17638e-05 1.71019e-08 3.70892e-08 1.17804e-08 0.999441 1.15374e-05 3.13595e-06 3.68925e-05 1.17917e-08 1.26046e-07 0.000154918 0.000140842 9.73929e-05 7.00066e-09 5.02227e-08 1.27899e-07 4.17519e-08 1.41525e-08 1.9247e-08 4.0433e-08 3.18991e-05 5.84401e-08 
0.000837353 0.000334404 2.40033e-05 0.203095 1.18625e-09 0.00960624 0.000306576 0.223584 0.00481296 5.82702e-09 0.19933 0.00189657 3.21371e-09 3.23637e-10 0.202523 2.07782e-05 9.14692e-05 8.21487e-07 0.129595 0.00334012 0.0203 0.000301914 
3.20643e-05 0.997008 1.24868e-05 6.30136e-05 1.8707e-05 3.04005e-06 5.52762e-06 6.03613e-06 8.9248e-05 4.42811e-06 6.65706e-05 4.66095e-06 1.44806e-05 8.47777e-11 1.82465e-05 9.91421e-06 6.82626e-06 5.82731e-06 0.00026534 0.00233922 2.60403e-05 7.07707e-10 
9.11914e-05 0.000210106 3.40909e-05 0.00108717 9.39631e-10 0.989723 0.000555979 0.00326796 0.00029634 4.61559e-09 0.000784562 0.00101361 2.54559e-09 2.56353e-10 0.000491404 0.000151749 1.52889e-09 1.04172e-05 0.000928005 0.000982225 0.000372257 2.13998e-09 
2.90659e-05 1.6839e-08 3.6519e-08 1.15993e-08 0.999421 2.26748e-08 3.05718e-08 1.03757e-08 0.000539126 1.24108e-07 6.93033e-08 4.62101e-08 6.84479e-08 6.89304e-09 4.94506e-08 1.25933e-07 4.111e-08 1.3935e-08 1.89511e-08 3.98114e-08 1.04307e-05 5.75417e-08 
0.00715558 3.27118e-07 6.02181e-05 0.38993 0.00109242 0.0406607 8.6559e-07 0.0154162 0.00802126 1.63733e-07 0.501303 0.000431903 4.31976e-07 1.02144e-09 0.0102073 2.3646e-07 6.32244e-05 1.62415e-08 0.000356271 0.0224759 0.00281445 9.78251e-06 
2.86693e-06 3.23874e-06 7.0239e-06 0.996115 0.000143345 4.36117e-06 5.88004e-06 0.000940366 0.00207049 2.38704e-05 1.33295e-05 8.88784e-06 1.3165e-05 1.32578e-06 9.51112e-06 2.42214e-05 7.90692e-06 2.68019e-06 3.64498e-06 7.65715e-06 0.000580421 1.10673e-05 
0.00244014 3.3866e-07 0.000285794 0.0664159 1.48441e-08 0.20535 0.00394398 0.685831 0.0125151 7.43965e-12 1.2646e-06 0.0101311 4.10311e-12 4.13204e-13 7.92071e-07 2.44598e-07 2.46434e-12 1.6791e-08 1.49581e-06 1.5832e-06 0.0130811 3.44934e-12 
3.67782e-10 0.00957666 9.01057e-10 2.86198e-10 0.57237 5.59469e-10 7.54317e-10 2.56005e-10 0.000287044 3.06219e-09 0.0260219 0.0147848 0.0492656 1.70076e-10 1.22013e-09 3.10723e-09 1.01433e-09 3.43826e-10 4.67594e-10 0.311263 0.0164307 1.41976e-09 
0.135427 0.343785 1.25358e-06 0.0120064 0.0415467 0.00127457 6.26073e-07 0.243464 0.036871 2.18838e-07 1.76242e-06 0.00112982 1.59131e-06 5.78507e-12 4.15021e-11 1.05691e-10 3.45021e-11 1.16951e-11 0.0031191 1.77118e-07 0.176775 0.00459664 
0.087487 0.150918 0.00154791 4.43011e-09 0.696315 0.000446624 6.0454e-06 1.33182e-05 0.00957211 2.35316e-05 2.64689e-08 0.036553 2.61422e-08 2.63265e-09 0.000815648 4.80975e-08 0.0160747 3.62196e-05 3.88525e-05 5.11048e-05 9.99139e-05 2.56132e-07 
5.26764e-05 0.529603 9.23412e-08 6.14724e-05 0.371929 5.7335e-08 7.73031e-08 2.62357e-08 2.93578e-08 3.13817e-07 0.000149536 1.16846e-07 9.88131e-05 1.74296e-08 0.00333129 3.18432e-07 1.0395e-07 3.52357e-08 0.0947254 1.00666e-07 2.23266e-05 2.51787e-05 
7.71918e-10 4.62262e-06 4.1625e-06 1.24348e-05 0.000304076 1.17424e-09 1.58319e-09 5.37316e-10 0.293603 6.42707e-09 7.89929e-06 3.15906e-05 3.54466e-09 3.56964e-10 2.56086e-09 6.5216e-09 2.12893e-09 0.0813497 0.0362264 0.536368 0.052088 2.97986e-09 
0.000278554 0.00615518 3.1248e-06 0.00221396 2.16188e-06 3.02114e-05 0.000461041 0.167808 0.000150535 1.06195e-05 2.7532e-05 0.000390798 5.85683e-06 5.89812e-07 2.79027e-05 1.07756e-05 1.03823e-05 2.12038e-05 4.71906e-05 0.00360697 0.818732 5.5642e-06 
3.99746e-05 4.22006e-09 8.96996e-05 0.686147 0.00262266 3.41523e-06 7.66165e-09 1.71644e-05 2.90971e-09 2.80237e-05 1.73682e-08 2.43312e-05 1.71539e-08 1.72748e-09 1.23929e-08 3.15603e-08 1.03027e-08 4.89266e-06 8.07867e-06 0.311009 5.44988e-06 1.44206e-08 
0.000596507 9.10411e-05 0.797529 3.45482e-07 6.0794e-06 9.81168e-06 2.72327e-05 0.00369496 1.06457e-05 3.69651e-06 5.82375e-05 5.82594e-06 2.0387e-06 2.05307e-07 1.47287e-06 3.75088e-06 1.22445e-06 4.15048e-07 5.64453e-07 1.18577e-06 0.197531 0.000424995 
0.730644 0.026211 9.25218e-05 0.014411 0.0569464 8.98189e-08 1.211e-07 0.00498969 4.59909e-08 4.91614e-07 2.74523e-07 0.0931518 2.71135e-07 2.73046e-08 0.0180887 4.98844e-07 0.0296066 3.53042e-05 7.50689e-08 1.577e-07 0.0258203 2.27933e-07 
0.000372858 4.43336e-08 0.0164701 3.05386e-08 0.9809 0.000328399 8.04891e-08 0.000349684 3.05678e-08 3.2675e-07 1.82461e-07 0.000328607 0.000162369 1.81479e-08 1.30193e-07 3.31556e-07 0.000703629 0.000256852 4.98944e-08 1.04815e-07 0.00012562 1.51495e-07 
4.65145e-05 0.00229841 3.15556e-05 0.00100506 0.905009 1.37216e-05 0.00012964 1.37901e-07 1.54312e-07 0.00588305 9.21095e-07 1.46885e-06 4.77511e-05 9.16139e-08 0.0166226 0.000302141 0.000656429 0.0583581 0.000754842 0.00223221 0.00644089 0.000165726 
0.554689 0.00019311 0.0136759 0.0101026 0.133077 4.07571e-09 7.25416e-05 1.86499e-09 0.000120627 2.2308e-08 7.47544e-05 8.3061e-09 0.000145191 1.239e-09 8.88858e-09 2.26361e-08 7.16843e-05 6.03674e-05 2.72853e-06 7.15597e-09 0.287715 1.03429e-08 
0.000207378 0.000838484 1.18644e-08 8.93428e-06 0.877318 7.36662e-09 2.52375e-05 0.120606 0.000376273 4.03204e-08 2.25154e-08 0.000134879 2.22375e-08 2.23942e-09 2.37028e-06 4.09134e-08 1.4855e-06 6.85968e-06 5.83689e-05 2.14931e-05 0.000110292 0.000284375 
0.00230131 0.356213 7.91009e-05 0.00275182 0.00871477 0.000203592 0.000137497 0.000723602 0.00114417 3.04528e-07 4.36757e-06 0.000880504 5.25355e-06 1.89104e-08 8.02399e-05 2.39166e-06 3.61629e-05 8.31724e-06 0.0362462 6.5384e-05 0.000514543 0.589888 
7.59852e-09 0.00215458 1.86162e-08 0.652029 1.28796e-08 1.15588e-08 1.55845e-08 5.28916e-09 5.9186e-09 6.32661e-08 3.53285e-08 2.35564e-08 3.48925e-08 3.51384e-09 0.0252589 6.41965e-08 0.000213777 7.10358e-09 9.66066e-09 2.02945e-08 0.320344 2.93328e-08 
1.23388e-08 2.92157e-05 6.41447e-09 6.25923e-09 1.00013e-05 8.23749e-06 0.0002063 9.35936e-05 2.97175e-06 2.5436e-11 3.79028e-09 9.4708e-12 0.999566 1.41274e-12 1.45544e-10 1.6578e-08 8.42554e-12 2.01665e-06 3.88405e-12 5.81768e-05 2.34402e-05 1.17932e-11 
1.65104e-06 1.86517e-06 4.04501e-06 1.2848e-06 2.79854e-06 2.51156e-06 3.38627e-06 1.14926e-06 1.28602e-06 0.997371 7.67635e-06 5.11844e-06 7.58161e-06 7.63505e-07 5.47738e-06 1.39489e-05 4.55354e-06 1.5435e-06 2.09912e-06 0.00247323 8.09173e-05 6.37358e-06 
4.93523e-07 5.57528e-07 1.20912e-06 3.84046e-07 0.997057 7.50746e-07 0.0023291 3.43531e-07 0.000307914 4.10913e-06 2.29458e-06 1.52998e-06 2.26626e-06 2.28224e-07 1.63728e-06 4.16956e-06 1.36112e-06 4.61377e-07 6.27459e-07 1.31813e-06 0.000280123 1.90517e-06 
0.00745354 2.55935e-06 0.00514913 0.0100753 0.0579929 1.32468e-07 7.18178e-07 1.36883e-06 0.0152185 1.57585e-10 0.761515 5.86808e-07 0.115922 8.75239e-12 7.15866e-07 1.59903e-10 2.34948e-07 0.000500752 0.00301133 0.0231537 1.32196e-06 2.48487e-07 
0.00436189 0.00184328 9.12755e-05 3.79871e-06 0.990558 7.42585e-06 0.000375205 0.000685078 3.80234e-06 4.06446e-05 0.00126448 1.51335e-05 2.24163e-05 2.25743e-06 1.61948e-05 4.12423e-05 1.34633e-05 4.56361e-06 6.20638e-06 1.3038e-05 0.000611871 1.88446e-05 
2.95056e-05 0.000178503 7.01817e-10 0.27578 2.06364e-05 4.05301e-06 5.87524e-10 0.626164 1.54629e-05 2.38509e-09 1.33186e-09 2.84267e-06 1.31542e-09 1.3247e-10 9.50336e-10 2.42017e-09 7.90047e-10 2.678e-10 0.0459561 7.65091e-10 0.0518286 2.02377e-05 
4.33735e-05 0.000151995 0.0002595 0.235462 0.76348 1.10629e-07 1.49159e-07 5.06225e-08 4.87743e-05 6.05518e-07 3.38128e-07 2.25457e-07 3.33955e-07 3.36309e-08 0.000542927 6.14424e-07 2.00574e-07 6.79882e-08 9.24619e-08 1.94239e-07 8.74634e-06 2.80744e-07 
0.0931601 0.332002 0.00537286 4.97806e-06 0.281649 0.00015501 0.0530834 0.178296 0.0223024 1.3416e-09 0.0104969 4.99529e-10 1.40659e-06 7.45134e-11 0.0234547 1.36133e-09 3.24454e-06 1.50636e-10 2.9502e-06 1.15771e-05 2.51338e-06 1.61788e-06 
0.0523278 1.11759e-05 3.73935e-06 0.0288489 0.918768 8.22085e-08 1.11579e-05 1.11604e-05 2.27965e-06 1.49488e-09 1.16949e-06 5.56599e-10 8.24453e-10 8.30265e-11 2.02575e-06 1.51686e-09 3.61522e-06 1.67846e-10 3.28726e-06 1.00749e-06 2.80053e-06 1.80272e-06 
0.000474668 0.241218 6.69578e-06 0.266641 0.0129251 1.18644e-05 0.00253791 0.316596 1.44681e-06 1.01668e-08 2.14538e-07 3.74402e-06 2.4853e-06 5.6467e-10 5.02712e-06 1.03163e-08 6.97394e-08 1.94623e-07 0.0001251 0.0441788 0.115272 1.09071e-08 
0.0357789 0.00218697 0.00186562 0.720409 0.137103 1.61774e-09 1.6309e-07 0.0650375 0.0125856 2.29514e-06 3.47023e-06 3.29687e-09 0.000140295 4.91786e-10 3.52807e-09 8.98473e-09 2.933e-09 9.94193e-10 1.89653e-06 0.0208403 0.00404491 4.10533e-09 
0.00513566 6.91637e-05 0.000132789 0.0212803 0.960786 4.43136e-07 5.48021e-05 2.02773e-07 0.0119274 2.42545e-06 1.3544e-06 4.39503e-05 0.000233944 1.34711e-07 9.6642e-07 2.46113e-06 8.03418e-07 2.72332e-07 3.70364e-07 0.000262564 1.43475e-05 4.93018e-05 
5.30163e-06 0.00236864 1.57553e-06 8.11148e-09 0.000317751 0.000227033 4.79238e-05 0.000189649 1.55062e-06 4.04197e-13 2.25708e-13 8.66003e-05 1.41567e-07 2.24494e-14 5.14234e-07 3.33871e-10 1.75738e-09 8.08643e-08 0.000476141 2.75538e-07 4.01695e-06 0.996273 
0.0523278 1.11759e-05 3.73935e-06 0.0288489 0.918768 8.22085e-08 1.11579e-05 1.11604e-05 2.27965e-06 1.49488e-09 1.16949e-06 5.56599e-10 8.24453e-10 8.30265e-11 2.02575e-06 1.51686e-09 3.61522e-06 1.67846e-10 3.28726e-06 1.00749e-06 2.80053e-06 1.80272e-06 
0.0108302 0.732642 0.0717958 0.00635366 4.43043e-05 0.000538894 0.00945633 0.0100568 0.0107267 3.28885e-07 0.00149451 0.00661958 4.03298e-06 1.82665e-08 0.00873271 3.33722e-07 1.08941e-07 0.000545701 0.0390728 1.055e-07 0.0847081 0.0063771 
0.00104671 0.00337842 4.62503e-06 1.45448e-08 0.989718 7.96399e-05 2.30393e-05 0.000162643 0.000145601 1.55623e-07 0.00350222 0.00051576 0.000171744 8.6434e-09 6.20077e-08 1.57912e-07 5.15492e-08 1.74735e-08 0.000418259 0.000329527 0.000322594 0.000180455 
0.00387569 0.00336928 3.11832e-07 0.357933 1.35976e-10 3.21893e-07 0.00174068 0.568905 1.70209e-06 6.67929e-10 2.46238e-07 4.40315e-06 3.13829e-07 3.70973e-11 2.96688e-05 3.19884e-06 7.83522e-08 3.87727e-05 5.1875e-07 4.1384e-07 0.0640964 7.60035e-09 
0.311566 2.26073e-05 8.96464e-09 0.160405 6.20217e-09 5.56618e-09 7.50472e-09 2.547e-09 5.33139e-06 3.04659e-08 6.06006e-05 1.13436e-08 1.68025e-08 1.6921e-09 1.63615e-05 1.04399e-05 1.00916e-08 3.42074e-09 0.0544912 9.77286e-09 0.473423 1.41253e-08 
0.0931601 0.332002 0.00537286 4.97806e-06 0.281649 0.00015501 0.0530834 0.178296 0.0223024 1.3416e-09 0.0104969 4.99529e-10 1.40659e-06 7.45134e-11 0.0234547 1.36133e-09 3.24454e-06 1.50636e-10 2.9502e-06 1.15771e-05 2.51338e-06 1.61788e-06 
6.40066e-08 0.0035387 1.56814e-07 4.98081e-08 0.850293 9.73666e-08 1.31277e-07 4.45536e-08 0.000145491 5.32926e-07 0.00983264 0.00564145 0.0180063 2.95991e-08 2.12344e-07 5.40764e-07 1.76529e-07 5.98374e-08 8.13772e-08 0.106792 0.0057487 2.47087e-07 
0.00548721 1.02085e-06 2.21394e-06 0.000758747 1.53171e-06 1.37464e-06 1.85339e-06 6.29017e-07 0.00252805 7.52395e-06 4.20146e-06 2.80145e-06 4.14961e-06 4.17885e-07 2.99791e-06 7.63461e-06 2.49227e-06 8.44797e-07 0.0101206 6.04456e-05 0.981 3.48842e-06 
3.78387e-10 5.32248e-06 9.27039e-10 0.00116273 0.219827 8.5373e-07 6.05893e-06 0.0275137 4.648e-07 0.000312931 1.75927e-09 3.62817e-05 8.16194e-07 1.74981e-10 1.25531e-09 7.76372e-05 1.04358e-09 3.53741e-10 4.81077e-10 0.751054 1.59069e-06 1.4607e-09 
0.000474668 0.241218 6.69578e-06 0.266641 0.0129251 1.18644e-05 0.00253791 0.316596 1.44681e-06 1.01668e-08 2.14538e-07 3.74402e-06 2.4853e-06 5.6467e-10 5.02712e-06 1.03163e-08 6.97394e-08 1.94623e-07 0.0001251 0.0441788 0.115272 1.09071e-08 
0.000196306 1.8465e-07 4.00452e-07 1.27194e-07 0.998995 2.48642e-07 3.35237e-07 0.000193532 1.27315e-07 1.36092e-06 7.59951e-07 5.06721e-07 7.50572e-07 7.55863e-08 5.42256e-07 1.38093e-06 9.06099e-05 1.52805e-07 2.0781e-07 4.36556e-07 0.000516588 6.30979e-07 
0.000953305 0.11314 0.000273499 0.12333 0.000933991 0.00636497 0.009334 0.29265 0.0153606 5.24441e-08 0.0650617 0.00282704 1.7127e-07 5.70182e-12 0.00186907 0.000340265 8.07441e-08 2.09212e-05 0.350003 0.00576104 0.0117771 4.75977e-11 
1.85808e-08 0.00329233 4.55224e-08 1.4459e-08 0.855353 2.8265e-08 3.41099e-05 1.29337e-08 0.000110073 1.54706e-07 0.00900874 0.00513434 0.0168797 8.59245e-09 6.16422e-08 1.56981e-07 5.12453e-08 1.73705e-08 2.36234e-08 0.104632 0.00555544 7.17281e-08 
0.00115573 0.000162116 2.5216e-06 0.00617698 1.64946e-11 0.256098 0.000620797 0.635855 0.000462295 8.10234e-11 0.000550523 0.0707458 4.4686e-11 4.5001e-12 0.000303731 1.37141e-05 2.68385e-11 6.53463e-07 0.00276253 0.00148173 0.0236084 3.75659e-11 
5.6039e-07 6.33067e-07 1.37294e-06 4.3608e-07 0.99945 8.52464e-07 1.14935e-06 3.90075e-07 4.36496e-07 4.66587e-06 2.60547e-06 1.73728e-06 2.57332e-06 2.59146e-07 1.85911e-06 0.000478183 1.54554e-06 5.23888e-07 7.12473e-07 1.49672e-06 4.56342e-05 2.16329e-06 
0.000417977 0.0019508 3.94152e-07 0.000152739 0.00247176 2.44731e-07 3.29963e-07 0.979055 1.25312e-07 1.33951e-06 7.47996e-07 0.000883619 7.38764e-07 7.43971e-08 5.33725e-07 0.0148427 4.43704e-07 1.50401e-07 2.04541e-07 4.29688e-07 0.00021943 6.21052e-07 
0.166214 2.20189e-08 0.000219396 0.0638714 3.30377e-08 2.66233e-05 3.99761e-08 0.167559 0.16178 1.62285e-07 9.06219e-08 0.000127214 8.95034e-08 9.01343e-09 0.277622 4.56901e-05 5.3756e-08 1.82215e-08 0.162341 0.000146909 4.59606e-05 7.52423e-08 
0.147643 1.0501e-05 1.16123e-05 7.92707e-05 6.48955e-06 2.79978e-07 4.11496e-06 8.89187e-07 6.33069e-05 1.51725e-08 8.47252e-09 5.64931e-09 8.36795e-09 8.42693e-10 0.00112749 1.53957e-08 5.02581e-09 1.70359e-09 0.851031 4.86706e-09 2.18538e-05 7.03463e-09 
0.147643 1.0501e-05 1.16123e-05 7.92707e-05 6.48955e-06 2.79978e-07 4.11496e-06 8.89187e-07 6.33069e-05 1.51725e-08 8.47252e-09 5.64931e-09 8.36795e-09 8.42693e-10 0.00112749 1.53957e-08 5.02581e-09 1.70359e-09 0.851031 4.86706e-09 2.18538e-05 7.03463e-09 
0.0277409 0.254011 5.55907e-06 2.80508e-05 0.584562 0.000512297 0.00290006 0.00804384 0.0460606 0.000313974 2.9635e-05 0.0183185 6.44705e-06 6.21065e-07 8.1232e-06 4.41515e-06 0.000287502 0.000164772 0.000118117 0.000275643 0.0563713 0.000236277 
0.00345881 0.0872561 0.000390402 0.00200602 0.250401 4.40548e-07 0.0013557 0.00165813 2.25578e-07 0.000409902 0.000835688 0.000311427 1.32987e-06 1.33925e-07 0.000460994 2.44675e-06 7.98726e-07 2.70742e-07 0.318706 0.00110096 0.00166402 0.32998 
0.00012206 3.6041e-05 3.96188e-08 0.243264 0.593084 2.45995e-08 3.31668e-08 0.138277 8.88202e-05 1.34642e-07 0.000240059 5.01325e-08 7.42579e-08 7.47814e-09 0.0240589 1.36623e-07 4.45995e-08 1.51178e-08 0.00019106 0.000301495 0.000335245 6.2426e-08 
7.40637e-06 0.990694 1.81454e-05 5.76343e-06 0.00228741 7.93193e-05 1.51904e-05 0.00396772 5.76893e-06 6.16662e-05 3.44351e-05 2.29607e-05 3.40101e-05 3.42499e-06 2.45708e-05 6.25732e-05 2.04266e-05 6.92395e-06 9.41636e-06 1.97813e-05 0.00259025 2.85911e-05 
8.17638e-05 1.71019e-08 3.70892e-08 1.17804e-08 0.999441 1.15374e-05 3.13595e-06 3.68925e-05 1.17917e-08 1.26046e-07 0.000154918 0.000140842 9.73929e-05 7.00066e-09 5.02227e-08 1.27899e-07 4.17519e-08 1.41525e-08 1.9247e-08 4.0433e-08 3.18991e-05 5.84401e-08 
0.898522 0.00153415 1.35215e-05 0.000467091 0.089495 5.21708e-05 0.000581855 0.00127915 0.000120109 0.00052515 2.56602e-05 0.000240139 2.53435e-05 2.55222e-06 0.000925257 4.6628e-05 0.00408932 0.000112769 0.000452152 0.000796136 0.000672607 2.13054e-05 
0.000848525 8.88568e-05 0.00161816 0.100082 0.126991 4.35326e-07 0.000105609 0.00626399 5.20986e-05 2.38271e-06 0.000588582 0.000436778 0.000338345 1.32337e-07 0.000629495 2.18916e-05 3.25747e-05 0.0154446 6.19049e-05 0.74273 0.00366121 1.10473e-06 
3.67782e-10 0.00957666 9.01057e-10 2.86198e-10 0.57237 5.59469e-10 7.54317e-10 2.56005e-10 0.000287044 3.06219e-09 0.0260219 0.0147848 0.0492656 1.70076e-10 1.22013e-09 3.10723e-09 1.01433e-09 3.43826e-10 4.67594e-10 0.311263 0.0164307 1.41976e-09 
0.00256839 6.75515e-08 0.000218128 0.125519 4.6829e-09 0.061439 0.0277784 0.701124 0.0070982 1.48397e-12 0.00421276 0.0347725 8.18436e-13 8.24205e-14 1.57992e-07 0.00013178 4.91555e-13 3.34925e-09 0.0212141 0.0053057 0.00861744 1.65196e-09 
1.22104e-06 0.0111097 1.57497e-07 0.0422704 4.12526e-06 4.73341e-08 4.25177e-11 0.833051 0.0619162 0.021959 2.15909e-06 4.69212e-07 9.51941e-11 9.58651e-12 1.84321e-06 0.00159212 1.22357e-06 9.49816e-08 1.47862e-06 1.61126e-06 0.0280876 8.00262e-11 
1.93965e-05 2.56882e-05 8.59504e-06 1.27495e-05 0.818008 1.8896e-07 2.56469e-05 0.179594 5.23986e-06 3.43604e-09 2.68813e-06 1.27937e-09 1.89504e-09 1.9084e-10 4.65627e-06 3.48657e-09 8.30974e-06 3.85801e-10 0.00227433 1.10221e-09 6.43713e-06 4.14362e-06 
0.0725725 0.000449151 3.08001e-06 0.000290116 2.1309e-06 1.91239e-06 0.922632 0.000293996 0.000124658 1.04672e-05 0.0027479 3.89735e-06 0.000460764 5.81358e-07 4.17066e-06 1.06212e-05 3.46721e-06 1.17527e-06 1.59834e-06 3.35769e-06 0.000377296 4.85306e-06 
0.00206294 4.1839e-08 9.07368e-08 2.88202e-08 0.984747 5.63388e-08 0.00104832 0.00452697 0.00321944 3.08364e-07 0.00294469 1.14816e-07 0.000459356 1.71268e-08 0.000344153 3.12899e-07 1.02144e-07 6.92815e-05 4.70869e-08 9.89173e-08 0.000576195 1.42971e-07 
0.00513566 6.91637e-05 0.000132789 0.0212803 0.960786 4.43136e-07 5.48021e-05 2.02773e-07 0.0119274 2.42545e-06 1.3544e-06 4.39503e-05 0.000233944 1.34711e-07 9.6642e-07 2.46113e-06 8.03418e-07 2.72332e-07 3.70364e-07 0.000262564 1.43475e-05 4.93018e-05 
0.00157017 0.979968 0.000175322 1.46505e-08 0.00644616 0.000673053 0.000544489 0.00108641 1.46645e-08 1.56754e-07 8.75332e-08 0.00491442 8.64528e-08 8.70622e-09 6.24584e-08 1.59059e-07 0.000228516 1.76005e-08 2.39361e-08 5.02836e-08 0.000482827 0.00391012 
0.177821 1.02482e-05 5.84729e-09 2.48889e-05 0.27597 3.6306e-09 0.0728769 0.0493592 1.85902e-09 1.98717e-08 0.423878 7.39899e-09 1.09596e-08 1.10369e-09 7.91786e-09 2.0164e-08 6.58239e-09 2.23122e-09 3.03439e-09 5.73763e-05 1.93484e-06 9.21337e-09 
3.70914e-07 8.54589e-07 1.38662e-07 0.0176923 3.82187e-12 3.98576e-05 2.2614e-06 0.459922 1.20534e-06 1.87735e-11 3.19114e-06 4.12276e-06 1.0354e-11 1.0427e-12 1.99874e-06 6.17228e-07 6.21862e-12 4.23711e-08 3.77459e-06 0.336392 0.185936 8.70421e-12 
0.00112708 1.92887e-07 0.000418736 0.0015414 0.000202877 2.59734e-07 3.50192e-07 1.18851e-07 0.000891195 0.00241819 7.93853e-07 5.29325e-07 7.84055e-07 7.89581e-08 0.0033426 1.44253e-06 4.70906e-07 0.0004471 0.00310447 4.56031e-07 0.9865 6.59126e-07 
4.71249e-07 0.00120729 1.15455e-06 0.000195957 0.128669 7.16863e-07 0.000508335 0.00125418 3.67063e-07 3.92367e-06 2.19102e-06 1.46093e-06 2.16398e-06 2.17923e-07 0.865531 3.98138e-06 1.29969e-06 4.40554e-07 0.00170491 1.25864e-06 0.000908177 1.81918e-06 
9.45157e-06 1.51779e-06 1.21868e-09 0.163573 8.43139e-10 7.5668e-10 1.02021e-09 0.363904 2.13137e-06 4.14161e-09 1.85249e-06 1.54208e-09 1.37279e-06 2.30028e-10 9.57294e-06 4.20252e-09 1.37188e-09 4.65024e-10 0.356883 0.0692097 0.0464048 1.92022e-09 
1.00279e-05 2.82503e-08 6.12669e-08 1.94599e-08 0.694767 3.80408e-08 5.12893e-08 6.09419e-05 1.94784e-08 2.08212e-07 1.16268e-07 7.75253e-08 0.000160881 1.15643e-08 8.29619e-08 2.11274e-07 6.89691e-08 2.33783e-08 3.17938e-08 0.304997 3.04955e-06 9.6536e-08 
3.20643e-05 0.997008 1.24868e-05 6.30136e-05 1.8707e-05 3.04005e-06 5.52762e-06 6.03613e-06 8.9248e-05 4.42811e-06 6.65706e-05 4.66095e-06 1.44806e-05 8.47777e-11 1.82465e-05 9.91421e-06 6.82626e-06 5.82731e-06 0.00026534 0.00233922 2.60403e-05 7.07707e-10 
0.000196306 1.8465e-07 4.00452e-07 1.27194e-07 0.998995 2.48642e-07 3.35237e-07 0.000193532 1.27315e-07 1.36092e-06 7.59951e-07 5.06721e-07 7.50572e-07 7.55863e-08 5.42256e-07 1.38093e-06 9.06099e-05 1.52805e-07 2.0781e-07 4.36556e-07 0.000516588 6.30979e-07 
0.00140362 0.000606865 5.95207e-05 0.174259 1.38254e-07 1.24077e-07 1.67289e-07 5.67757e-08 0.0425318 6.79119e-07 0.733246 0.000616119 3.74548e-07 3.77188e-08 0.045335 6.89107e-07 7.81328e-05 4.82257e-05 0.000842012 0.000110155 0.000861803 3.14869e-07 
3.74769e-06 1.72863e-05 2.56699e-07 0.26088 2.99949e-11 0.0294869 6.62937e-05 0.202008 4.94141e-05 1.47339e-10 0.493807 0.000145463 8.12602e-11 8.1833e-12 0.0129311 1.40936e-06 4.88051e-11 6.59003e-08 0.000295618 0.000158368 0.000149132 6.83125e-11 
0.0948804 0.0289567 1.04455e-05 0.528974 0.00223077 0.000123835 3.55661e-05 0.104938 0.00516955 6.38779e-05 0.000811871 0.0247588 4.2315e-06 7.74104e-07 1.9447e-05 4.9793e-06 1.98308e-05 0.000161018 0.170289 4.06896e-06 0.0359109 0.00263181 
1.34178e-05 2.62491e-08 3.30519e-05 1.80814e-08 0.999827 3.53461e-08 4.76561e-08 1.32247e-05 1.80986e-08 1.93463e-07 1.08032e-07 7.20336e-08 1.06699e-07 1.07451e-08 7.70851e-08 1.054e-05 6.22104e-06 2.17222e-08 6.0736e-05 6.20592e-08 3.52826e-05 8.96976e-08 
0.112407 7.06243e-05 1.9622e-07 0.000240911 0.836851 1.21834e-07 1.64265e-07 4.11984e-05 6.23838e-08 6.66843e-07 3.72373e-07 2.48291e-07 3.67777e-07 3.70369e-08 2.65703e-07 0.0003963 8.15168e-05 7.48738e-08 3.01605e-05 0.0498305 4.75829e-05 3.09177e-07 
