0.0253235 0.00741456 0.00582875 0.0214234 0.00309882 9.64334e-05 0.0120087 0.0058962 0.023459 0.000983633 0.000928045 0.00193879 0.00325767 0.566277 0.0198023 0.000192538 0.170421 0.0746657 0.00623037 0.00370389 0.0463211 0.000728586 
0.0116667 8.5059e-05 0.0785698 0.00214567 5.67933e-05 2.15392e-06 0.000601943 1.53494e-05 0.0600837 0.00237255 4.07904e-06 0.00698429 0.00160806 0.822526 0.000167568 1.85355e-06 0.0101095 0.000663854 0.00034875 0.000420496 0.00156432 1.17444e-06 
0.0370001 0.00933383 0.0226478 0.0137323 0.166079 0.000172137 0.00274718 0.0875183 0.107614 0.0197935 0.000275878 0.00514943 0.000872578 0.277908 6.27845e-05 2.97111e-05 0.0123717 0.0764266 0.00627732 0.00519777 0.14877 1.90797e-05 
0.111483 0.0271197 0.00820892 0.0374488 0.0062711 3.94738e-05 0.0190631 0.0399679 0.086831 0.00452871 0.0520614 0.0166725 5.11219e-06 0.470587 0.00122577 7.19386e-06 0.00284741 0.0726203 0.0187433 0.00376355 0.0204966 8.44828e-06 
0.0402114 0.0186162 0.00102412 0.00174287 0.0070919 0.00165496 0.012798 0.0593953 0.02511 0.0289601 2.90502e-05 0.0190398 0.00105813 0.569957 0.000115843 0.000192812 0.126707 0.00675703 0.0661677 2.13549e-06 0.013365 3.76497e-06 
0.0636686 0.002379 0.00022854 0.0172577 0.00610833 2.36242e-05 0.0180122 0.00995019 0.0105227 0.000129398 0.00108769 0.000351108 0.000232787 0.733133 1.73955e-07 7.31343e-07 0.0519517 0.00815023 0.00010182 0.000117949 0.076592 2.0774e-07 
0.11205 0.0147122 0.0128731 0.0357596 0.0562987 0.00711242 0.034016 0.0241163 0.0556092 0.00285666 0.00193867 0.00273181 0.0265705 0.32359 0.0189722 0.00294659 0.0535883 0.0817286 0.0170311 0.0125885 0.0950783 0.00783127 
0.208683 0.0379759 0.00752438 0.013684 0.0019676 0.021135 0.00114616 0.0139319 0.0373604 0.000118956 0.000415153 0.00247627 0.000328117 0.585531 0.00135179 0.000528671 0.0154938 0.00112207 0.0110664 0.000182205 0.0379541 2.38686e-05 
0.0101984 0.00170306 0.000903891 1.04165e-07 0.0127673 1.02379e-08 0.00109738 0.000821295 0.0133994 0.000596223 4.30707e-08 0.000523598 0.000406184 0.757703 8.8431e-11 2.31913e-08 0.120261 0.079618 5.72099e-08 1.13487e-07 9.58201e-07 5.19692e-09 
0.0294197 0.00104475 0.00994276 0.00899102 0.149243 4.06417e-05 0.000143491 0.00272987 0.0551582 0.000397979 1.03625e-05 0.000539273 0.0525517 0.6094 1.37582e-05 5.28089e-06 0.000763185 0.0719488 6.33116e-07 0.000219945 0.00743211 4.28002e-06 
0.143425 2.58123e-06 0.179873 0.109747 4.37256e-10 3.92418e-10 5.29086e-10 0.00412699 0.101332 0.000131445 1.19939e-09 1.5944e-06 1.18458e-09 0.257543 0.0655584 2.17945e-09 7.11465e-10 0.000744999 1.23948e-06 0.0315899 0.105924 9.95838e-10 
0.0839045 0.0104296 0.0732189 0.0142363 0.0106233 0.030713 0.00824049 0.156091 0.00636904 0.0153465 0.00129984 0.00625641 0.00283374 0.410304 0.0117736 0.00342626 0.0151316 0.0235108 0.00286989 0.0073917 0.104059 0.0019702 
0.0248359 0.0122119 0.0579264 0.00293627 0.00977857 7.12005e-06 0.00263888 0.0154231 0.029172 0.225445 0.000569489 0.00159406 0.00965043 0.527258 0.00192569 7.73445e-06 0.00963773 0.030805 0.00584759 0.0036431 0.0286851 4.36736e-07 
5.51785e-05 5.5177e-05 5.51603e-05 0.237335 5.51698e-05 5.5172e-05 5.51654e-05 0.0552375 5.51813e-05 5.50871e-05 5.51329e-05 0.0386619 5.51339e-05 0.623646 5.51494e-05 5.50856e-05 5.51567e-05 5.51793e-05 5.51752e-05 0.0441812 5.5186e-05 5.51429e-05 
0.0146385 0.00441029 6.13623e-05 0.00461402 0.00425695 6.69755e-05 0.0242828 0.000142789 0.0207611 0.00138151 5.86343e-07 0.00342932 2.12855e-05 0.529738 0.00119308 0.00169877 0.0164175 0.324865 0.00197195 1.83023e-09 0.0460482 2.64534e-09 
0.0211351 0.00826366 0.00819247 0.0417687 0.000587772 0.000133013 0.0289676 0.0246711 0.00749599 0.000344367 0.000197869 0.00404471 0.00313585 0.724365 0.00053152 1.158e-05 0.0212603 0.0586835 0.00563093 0.0050432 0.0354048 0.000131212 
0.023345 0.000917388 0.299163 0.00703107 0.00374659 0.000165493 0.0484285 0.0064874 0.00905667 1.76592e-05 0.000474327 0.00323406 0.00136389 0.505072 0.00554986 0.00127999 0.0199791 0.000474153 6.36398e-05 1.54315e-08 0.064138 1.26286e-05 
0.0840319 0.132601 0.00191442 0.00433979 0.1387 0.0011759 0.136205 0.000782487 0.0121496 0.0185014 1.65536e-06 0.0509185 0.0289322 0.281962 0.00214732 0.000119327 0.00105998 0.0738021 4.52661e-07 0.00128588 0.0293587 9.68582e-06 
0.173846 0.00739785 0.0337067 0.00442198 0.213467 0.000363345 0.0533308 0.0258395 0.0447873 0.00162702 2.14662e-06 2.22688e-06 4.92623e-07 0.409395 9.39468e-08 4.24844e-09 0.00179634 7.92488e-07 0.0049434 0.00447432 0.0205974 1.94121e-09 
0.0736537 0.0624963 0.0662635 0.096243 0.108587 3.43636e-05 0.00138859 0.0759205 0.0259122 3.15503e-05 0.000327732 0.0109558 0.000423618 0.202661 0.00664986 0.0096784 1.20118e-06 0.0563905 0.000863475 0.0235287 0.177898 9.09866e-05 
0.0609896 0.176189 0.00119868 0.00538713 0.215712 1.30301e-07 1.88496e-06 0.00491719 0.0151041 4.12566e-07 2.73532e-07 0.0258007 0.00888066 0.373826 0.0305263 4.40184e-10 3.34479e-06 0.00493237 8.82631e-06 2.03131e-08 0.0765217 2.0113e-10 
0.0536966 1.01791e-06 0.0172058 0.00174771 0.237695 1.50241e-09 1.57113e-06 0.00806438 4.1392e-06 0.00416061 4.59196e-09 3.06183e-09 4.53529e-09 0.52556 0.000715008 2.91177e-06 0.110442 0.00113453 0.00253207 0.0334139 0.00362373 1.14366e-07 
0.0074018 0.00195221 0.00610975 0.0648771 0.000294353 6.69534e-07 9.02713e-07 0.0246898 0.000233235 3.66462e-06 0.000238924 1.36448e-06 3.06849e-05 0.8364 0.00186314 3.71852e-06 1.21388e-06 0.00165448 0.0530766 1.17554e-06 0.00114782 1.73618e-05 
0.0254356 0.00202583 0.0019527 0.00530644 0.0290592 5.43842e-05 0.000410054 0.0408632 0.00157119 0.00637037 0.00060787 0.00125143 0.028783 0.532233 0.000108656 0.000219468 0.000667143 0.299721 9.07566e-05 0.000945193 0.0223074 1.59733e-05 
0.0322766 0.0300836 0.0235216 0.00667595 0.0171118 0.00337439 0.00482315 0.0773971 0.141167 0.000727636 0.000728549 0.000112407 0.000249086 0.460769 0.00639233 0.00110469 0.018668 0.0638017 0.037058 0.00179993 0.0721578 2.39056e-08 
0.0214323 0.0152216 0.00285802 0.00665948 0.00375407 0.00302737 0.0497772 0.0357811 0.0469326 0.00719066 0.000248573 0.00479647 0.000665682 0.663487 4.42052e-05 0.0132307 0.0117317 0.0787188 0.013556 0.00181077 0.0190745 1.37177e-06 
0.150594 0.0326846 0.00915199 0.0136664 0.0779471 2.21095e-08 0.0114302 0.0494863 0.0631393 0.000134527 0.00426405 0.000287061 2.48443e-07 0.452644 0.00406786 1.13902e-07 0.00576053 0.0633611 0.039259 0.000267593 0.0215135 0.000340289 
0.203108 0.0106479 0.00507447 0.0139699 0.00360439 7.56231e-05 0.0307929 0.00532825 0.00449871 0.00481235 0.00201194 0.000567405 0.000239365 0.305935 0.291907 0.000145237 0.00345386 0.00043766 0.00242544 0.045647 0.0653166 1.7402e-08 
0.0340184 0.000220705 0.00107357 0.00243119 0.000627543 2.46745e-10 8.7267e-07 0.00135749 0.000615191 0.037747 0.000128458 0.000197157 2.14459e-09 0.902685 0.00112347 0.000462052 0.00432661 0.00912291 8.31168e-06 2.54353e-05 0.00379482 3.43309e-05 
0.0524527 0.00139733 0.00177901 0.146264 0.00197167 1.52725e-05 0.000564714 0.144511 0.00504005 3.82647e-07 1.37455e-07 0.00110639 0.0046742 0.39485 2.62363e-08 4.21735e-05 0.000113035 0.224246 0.000535751 0.00335012 0.0170859 1.02875e-11 
0.0627613 0.00755008 0.0343363 0.0318449 0.00735154 8.71246e-05 0.0138905 0.0210221 0.0337981 0.00198579 0.000457007 0.0095152 0.00172519 0.444925 0.0151395 0.000982798 0.202948 0.0350717 0.00723804 0.0102492 0.0545667 0.00255362 
0.00314425 0.00087284 0.00171398 0.00255982 0.00139292 3.31734e-05 0.00028172 0.00584595 0.0264394 0.000279994 1.98926e-05 0.000116277 0.000160607 0.943002 0.000374726 5.29618e-08 0.00318682 0.000530324 0.000506651 9.02807e-05 0.00944842 8.04302e-08 
0.0185021 0.0234255 0.0128699 0.0306143 0.00206535 0.00612791 0.0123484 0.0496113 0.114896 0.00650577 0.00118033 0.00790842 0.000169672 0.306636 0.00794208 0.114114 0.235026 0.0157547 0.00831892 0.000437366 0.0255439 3.01508e-06 
0.097594 0.00399516 0.099292 0.0546203 0.0545326 7.78626e-06 6.8425e-05 0.0388818 0.123335 0.00777628 0.000251201 0.0405711 0.00672676 0.395021 0.000793446 0.000113248 0.00714182 0.00467086 0.023621 0.0165388 0.0241417 0.00030567 
0.0194587 0.00972995 0.0101215 0.0527442 1.06466e-06 1.05076e-08 0.0255117 0.223235 0.0243103 7.68151e-07 5.31895e-07 0.00620574 4.43987e-07 0.364079 2.48849e-06 5.34869e-10 0.00085826 0.0442436 0.00105176 0.0701681 0.148277 2.44394e-10 
0.233406 0.00836762 0.00190866 0.235713 0.00785964 1.65414e-05 0.00116055 0.107344 1.25251e-05 0.00885996 0.00126287 3.07589e-06 0.00734589 0.341011 0.00057652 0.000214371 1.47296e-05 1.35753e-05 0.00036222 0.00440762 0.0401392 3.34736e-09 
0.0534859 0.012752 0.0455815 0.0234697 0.0135975 0.000686876 0.00476913 0.0162462 0.0336011 0.00634548 0.00129524 0.00898236 0.00201665 0.608183 0.0102397 0.000815591 0.0291133 0.065007 0.0113944 0.00452542 0.0476288 0.000263031 
0.000366523 0.000648576 0.000512857 0.0250387 0.000159601 6.41799e-07 2.68999e-05 2.7929e-06 0.00159229 2.51616e-05 8.37988e-07 2.75219e-06 6.78904e-07 0.971573 4.73603e-08 3.96256e-05 5.79258e-06 4.65534e-07 1.01579e-06 2.09712e-10 1.41926e-06 3.03108e-10 
0.0657135 0.00540467 0.00910214 0.0483732 0.0341944 0.000181385 0.00312044 0.0238148 0.0205794 0.00346258 0.000449673 0.000189384 0.000718254 0.560058 0.0104379 1.38826e-05 0.176748 0.00684767 0.0145061 0.00918189 0.0068869 1.60266e-05 
0.0440838 0.0161457 0.00374858 0.0141961 0.00741255 0.000189229 0.00871503 0.102296 0.0168622 0.00112286 0.00281532 0.00630078 0.0962194 0.380064 0.000129948 0.000171254 0.00320778 0.169686 0.00815309 0.000208193 0.118271 8.38682e-07 
0.0362425 0.0161214 0.0200119 0.0176439 0.0249865 0.00195375 0.00637305 0.0190104 0.0932387 0.00187562 0.000386527 0.0111097 0.00127055 0.2762 0.0182047 0.02595 0.260277 0.0592772 0.00448256 0.00833377 0.0958566 0.00119423 
0.0249085 0.00227962 0.000835973 0.00047949 0.241266 0.000353963 0.011263 0.0197665 0.0279963 0.00104893 0.000736597 0.00180811 0.0018246 0.249794 8.90313e-05 3.73055e-06 0.0308695 0.150227 6.8715e-05 0.00186525 0.232487 2.88067e-05 
0.152724 0.00409501 0.00220236 0.0481976 0.13858 0.000234677 0.00147688 0.0409834 0.000634112 0.00273219 0.000146546 0.000989136 0.019417 0.392545 0.0664768 0.000303607 0.00955359 0.0759178 0.000322889 0.0134274 0.0290286 1.16792e-05 
0.127302 0.0201523 0.00497092 0.0485058 0.0587809 0.000459658 0.00845284 0.108604 0.0274259 0.0032472 8.37549e-05 0.00644129 0.150782 0.196277 0.00252268 1.01746e-05 9.67716e-05 0.0390161 0.0189529 1.71057e-05 0.177897 2.11801e-06 
0.0625022 0.0117676 0.0091439 0.0144195 0.000846674 6.0289e-05 0.0293073 0.0167694 0.0179329 0.000649093 0.000147885 0.00506348 0.000160708 0.616546 0.000986166 1.89495e-07 0.163953 0.0214139 0.0055772 0.000852942 0.0218706 2.98981e-05 
0.0618986 0.0145162 0.103532 0.0339647 0.0529258 3.55998e-05 0.00457214 0.0348329 0.0344314 0.00275517 0.000825918 0.00661309 0.00127063 0.345846 0.00644681 0.000217748 0.0250705 0.117593 0.00555853 0.00776736 0.138678 0.000647214 
0.0481359 0.0102471 0.0440888 0.0128794 0.0125407 0.001091 0.00265464 0.0217731 0.0281591 0.00154225 0.000938101 0.00397939 0.00215821 0.616018 0.00827141 0.000935192 0.0287217 0.0584174 0.0111827 0.00563983 0.0803997 0.000226077 
0.00636268 0.0174309 0.000263912 0.00766347 0.00162438 0.00131443 0.0188572 0.0153154 0.0248825 0.000872227 0.000117852 0.00182255 0.000228862 0.523883 0.00559107 0.00349502 0.31051 0.0161848 0.0194475 4.57599e-05 0.0240865 6.98932e-08 
0.0262815 0.0553278 0.006811 0.0137621 0.00419334 6.2978e-05 0.00958725 0.0369329 0.00151084 0.0104443 0.000165096 0.00953523 0.0168955 0.602918 0.0639416 0.00045845 0.00357765 0.00267353 0.00244717 0.00475688 0.127716 1.83462e-09 
0.128231 0.0075357 0.310883 0.0401039 0.00175551 1.10879e-05 0.000720748 0.00493292 0.0149501 0.00167612 0.00183801 0.000119358 7.97488e-05 0.466859 0.000326959 7.21087e-06 1.04454e-05 0.000142906 0.0160808 0.00336346 0.00037204 8.3452e-09 
0.0169873 0.0247513 0.000257644 0.00163369 3.404e-07 5.49353e-05 0.0069013 0.0149609 0.111155 0.000104332 0.00306834 0.00126368 0.000156261 0.612516 0.0868888 2.29077e-06 0.000800675 0.0430556 0.063384 6.43829e-08 0.0120582 7.49395e-09 
0.017899 0.0219395 0.0257985 0.0219087 0.0130735 0.000203789 0.0355014 0.0243596 0.0331639 0.00102675 0.00034147 0.00459314 0.00510019 0.576845 0.0449487 7.65387e-05 0.0122694 0.0242333 0.00331804 0.0576051 0.0740327 0.00176116 
0.0578475 0.00852861 0.0107649 0.0153545 0.034944 1.2453e-06 0.000131872 0.0159219 0.0480062 0.00175532 1.99552e-06 0.000133062 3.88302e-06 0.45978 1.15707e-10 1.1745e-08 0.057046 0.0450301 0.00704534 0.0565056 0.181198 2.70029e-09 
0.055322 0.0406743 0.0128027 0.087263 0.0222207 2.86636e-06 5.3539e-06 0.00512347 0.13266 0.000897731 0.00515459 4.02601e-05 0.000177735 0.434589 0.0166614 1.00688e-10 0.0529357 0.0197136 0.027524 0.00890942 0.077322 3.77456e-07 
0.000776964 0.000201286 0.00464193 0.000732417 0.00468918 0.000473062 2.40093e-08 0.00147805 0.0095121 6.99441e-05 2.75296e-05 0.107875 0.00042389 0.667833 9.44974e-09 7.11817e-09 0.0758593 0.102886 1.38445e-05 0.00122278 0.0212816 9.54675e-07 
0.107792 0.00242254 0.0103496 0.0351717 0.0141641 8.5012e-07 3.18248e-05 0.109728 0.0507612 0.00100524 1.54147e-05 0.0225797 0.000235313 0.267926 6.94042e-12 0.00207533 0.0233295 0.12473 0.000278024 0.000508137 0.226896 5.44272e-09 
0.0427238 0.0116506 0.030454 0.0225037 0.0216956 6.56697e-05 0.0099191 0.0182069 0.0183386 0.00239861 0.001475 0.00436844 0.00115998 0.634107 0.0124478 0.000330131 0.0326024 0.0711841 0.0107154 0.00653913 0.0467302 0.000383553 
0.224685 0.0207357 0.201131 0.0543388 0.00430519 2.64293e-06 0.00164579 0.00304076 0.122291 0.00212028 0.000330675 0.00155014 0.000152742 0.280586 0.0213803 2.07939e-07 0.0149776 0.00115844 0.00588372 0.00582455 0.0338596 6.81552e-09 
0.00849934 0.000496723 0.0016544 0.0011629 0.000262122 2.78929e-10 1.66149e-08 0.000367912 0.000109348 0.000111646 3.37832e-06 1.62207e-08 8.41999e-10 0.977533 0.00169415 1.51215e-08 0.000806727 0.00556195 0.000743623 0.00014976 0.000830736 1.22095e-05 
5.41948e-06 5.41934e-06 0.0558079 5.41976e-06 0.0108427 5.41885e-06 5.4182e-06 5.41986e-06 5.41977e-06 5.41051e-06 5.41501e-06 5.41692e-06 5.41511e-06 0.710585 5.41663e-06 5.41036e-06 0.199905 0.0227676 5.41916e-06 5.41746e-06 5.42023e-06 5.41599e-06 
0.131494 0.0260524 0.00289967 0.00654996 0.0142658 9.46475e-06 0.00155801 0.212806 0.00226538 2.942e-05 0.000433144 0.011847 0.000118993 0.433531 0.00738749 1.59716e-06 0.00155382 0.00172201 0.00488463 1.45571e-05 0.140576 6.44134e-07 
0.0313676 0.0348972 0.00331115 0.0325645 0.0505862 3.61244e-05 0.000546296 0.160963 0.00687283 5.62246e-05 0.0011524 9.97065e-05 0.000275848 0.308408 0.00130827 5.60444e-06 0.000594184 0.0283217 0.00014057 0.245189 0.0933011 2.168e-06 
0.161118 0.00587829 0.0394307 0.0188661 0.0605547 0.000160329 0.00373098 0.0449424 0.124294 0.00614646 0.000704728 0.00730368 0.000434716 0.284318 0.00320328 0.000278154 0.0525215 0.0227326 0.00330053 0.00356519 0.156508 7.9355e-06 
0.0172945 0.0206873 0.00355012 0.00352565 0.00137582 2.89823e-05 0.0143294 0.00495305 0.0336032 0.00167444 0.000187564 0.00127873 0.000169225 0.333888 0.000394674 0.0087816 0.234502 0.25415 0.00462121 0.000362055 0.0606426 1.08748e-08 
0.003583 0.00221992 0.278911 0.00290434 0.00191223 9.89034e-10 1.02143e-05 0.0142287 0.00123239 0.000420015 0.000344155 0.00029539 0.00023733 0.411337 0.000110359 0.0122651 0.022379 0.0712848 0.000776632 0.0060776 0.16947 4.08577e-08 
0.028979 0.00848493 0.017231 0.0166185 0.0101893 0.000209896 0.0170667 0.00778209 0.0518285 0.00219738 0.00111068 0.00452116 0.00159871 0.434259 0.0017153 0.0131162 0.162225 0.142802 0.00694363 0.00498477 0.0661338 2.33141e-06 
0.281677 0.00871408 0.0448589 0.00867968 0.113202 5.66258e-06 9.74307e-05 0.0226468 0.0530608 1.33141e-05 0.000134219 0.00218844 0.000331074 0.315802 1.94856e-06 0.000102896 0.0448979 0.00586461 0.00200008 0.00207889 0.0936409 2.02623e-08 
0.0154178 0.000293345 0.000357513 4.54384e-05 0.0355978 8.50697e-05 2.07239e-05 0.00710001 8.80269e-05 0.00193363 9.81847e-07 0.00196641 3.2441e-08 0.703904 3.93392e-11 8.56468e-05 0.000703416 0.219638 9.38549e-05 1.17106e-08 0.0126676 5.13085e-07 
0.0449103 0.174364 0.00602108 0.0033656 0.0327081 5.79627e-05 0.0580948 0.0166112 0.120981 0.00147691 0.00153071 0.00713387 0.00059941 0.357127 0.00272973 0.00280754 0.0610065 0.00759878 0.011102 3.13702e-05 0.0896765 6.63781e-05 
0.0111569 0.000572114 0.00379587 0.0023691 0.00819947 4.62971e-05 7.03331e-05 0.00122941 0.00709459 0.000184475 4.43111e-05 0.000595199 0.00245257 0.677276 0.00109318 1.07662e-05 0.17205 0.0946106 0.00419603 0.000864197 0.0120889 6.70298e-08 
0.141904 0.0324313 0.0192626 0.0200899 0.00323483 9.77926e-05 0.0125164 0.0409892 0.0137239 0.000617035 0.000136812 0.0097512 0.0143594 0.576099 0.0182665 0.00205484 0.00125347 0.00043577 0.00205547 0.00525816 0.0854616 3.08898e-08 
0.0509622 0.0216266 0.0512656 0.0220825 0.00426522 2.74707e-07 0.00194921 0.00348217 0.100388 6.93336e-05 0.000233344 0.000817303 0.00030994 0.606914 5.40933e-06 4.60203e-06 0.00713118 0.0389594 0.0136009 0.0235282 0.0524034 5.36859e-07 
0.0984835 0.012193 0.0601014 0.0268296 0.058256 0.000696767 0.0142516 0.01566 0.068759 0.00900138 0.00540455 0.016246 0.00139948 0.407787 0.00510589 1.64988e-06 0.028336 0.0209816 0.0286132 0.00543067 0.115862 0.00059918 
0.0155082 0.0108622 0.00119347 0.0019433 0.000384188 9.8975e-06 0.00351543 0.0127955 0.0343164 0.00178763 0.00013637 7.16477e-05 0.000316858 0.654606 0.00121289 0.000306098 0.0140194 0.196511 0.0100044 6.69268e-05 0.0404314 1.20042e-07 
0.172526 0.0641105 0.00497093 0.0344492 0.0310752 0.00688133 0.00446782 0.142292 0.0266466 0.000224719 0.0124223 0.009776 0.00122534 0.295565 0.0280783 0.0109133 0.00316722 0.00451596 0.065054 0.000697204 0.0809402 1.01333e-06 
0.125719 0.000144407 0.011708 0.0249518 1.41135e-05 6.74999e-11 1.8415e-08 0.000500607 0.00682317 0.000112123 8.57273e-08 1.53133e-07 0.00746641 0.586701 2.8403e-05 0.000544064 0.0610265 0.0121048 0.14658 0.00030055 0.0152754 1.71294e-10 
6.89893e-05 0.0036027 0.00129711 0.0375777 0.000196389 4.36564e-10 5.26963e-05 0.00489523 0.0011124 0.000341548 0.000194798 2.20214e-08 3.24117e-05 0.912876 0.000129215 2.50949e-11 5.26003e-06 6.10538e-09 0.001773 0.0310091 0.00483567 1.14664e-11 
0.0212459 6.63612e-05 0.00642427 0.0522992 0.000268277 2.37906e-05 0.00073411 0.00159719 0.159915 1.19915e-07 0.00010512 0.000543303 0.00169161 0.73878 0.00159423 1.18173e-07 0.000271435 0.00458282 0.00871486 2.56333e-05 0.0011175 2.17244e-10 
0.0223269 0.130907 0.00629528 0.0601549 0.0169921 0.0216152 0.00887426 0.11573 0.113875 0.00307936 0.00227175 0.00540465 0.0173314 0.340198 0.0226425 0.00156288 0.0157998 0.000805782 0.0478946 0.0080615 0.0373139 0.00086365 
0.0210357 0.0198307 0.00187085 0.0101214 0.00122914 4.37895e-05 0.0103953 0.00649368 0.036503 0.00322762 0.000167414 0.00293679 0.00441513 0.466301 0.00052432 3.12416e-06 0.0122854 0.331707 0.00367733 0.000191999 0.06704 3.35125e-09 
0.057637 0.00460649 0.0276776 0.0285423 0.00700261 0.000158879 0.00556053 0.0203384 0.0175202 0.00948969 5.93973e-06 0.00343777 3.00038e-05 0.748249 0.00540418 0.000128338 0.00345351 0.0416349 0.00821427 0.00298886 0.00791836 8.64742e-07 
0.0455092 0.00327186 0.00321997 0.0950026 0.171559 0.000398112 0.00355318 0.0720995 0.0216273 0.000851981 0.000143894 0.00428629 0.0022787 0.283692 0.000244687 3.51235e-08 0.0899503 0.0406718 0.000540532 0.00973414 0.151365 3.10042e-08 
0.00314425 0.00087284 0.00171398 0.00255982 0.00139292 3.31734e-05 0.00028172 0.00584595 0.0264394 0.000279994 1.98926e-05 0.000116277 0.000160607 0.943002 0.000374726 5.29618e-08 0.00318682 0.000530324 0.000506651 9.02807e-05 0.00944842 8.04302e-08 
0.324042 0.0124235 0.00193292 0.0717023 0.0508146 0.00126396 9.27504e-05 0.0132431 0.0240226 0.00328161 0.00098155 0.0236054 0.000543831 0.419952 0.00511522 6.55208e-06 0.00178932 0.000408619 0.00290092 0.00407343 0.0378021 1.61099e-06 
0.0275556 0.0126927 0.00419105 0.0253097 0.0010085 0.0599452 0.000694471 0.0345452 0.0132497 0.0318098 0.0061962 0.00118686 0.000484416 0.351377 0.000813549 3.28242e-05 0.022979 0.288994 0.00956928 0.0106286 0.096733 2.86486e-06 
0.15281 0.0244662 0.00238231 2.23211e-05 0.0774173 7.17814e-05 5.36026e-05 0.00693317 0.00205411 0.0126281 0.0152724 0.0238977 0.0127738 0.554137 0.000272473 7.82132e-06 0.079021 0.0251159 0.000907142 0.00771882 0.00203633 1.22738e-06 
0.00504861 0.00525374 0.00133865 0.0383194 0.103616 0.000586425 0.110886 0.250114 0.00542154 0.000970834 0.000381727 0.0306721 0.0466197 0.357652 0.00140367 2.53498e-05 0.00174994 0.0226377 0.0027941 0.00161557 0.0128129 7.98222e-05 
0.00142406 0.000408349 0.00177517 1.52707e-07 0.000807067 7.00894e-05 0.000815096 7.16785e-08 5.9311e-08 1.06393e-07 2.39986e-05 4.10329e-07 0.0292147 0.85805 8.47676e-12 0.000383573 0.104249 0.000467411 0.00231047 6.82442e-12 1.40476e-07 1.48054e-08 
0.150695 0.0208963 0.00397472 0.0329751 0.000930396 1.72889e-10 0.000597659 0.0144488 0.005642 0.0106612 0.00169063 0.000154185 0.000203781 0.457837 0.016206 0.000161725 0.0576164 0.185539 0.0192114 0.00889936 0.0116546 5.53493e-06 
0.00175012 0.0748619 0.00163167 0.00792559 0.0362322 0.00226612 1.09897e-05 0.00379638 0.0465511 2.88364e-05 0.000824686 0.28063 0.000827725 0.407392 1.03387e-08 2.45834e-06 0.0180657 0.0723349 0.00150128 0.00122281 0.0421407 2.66654e-06 
0.021825 0.0140934 0.00804352 0.113025 0.0037172 0.000148044 0.105927 0.0625419 0.211533 0.0173443 0.000202025 0.00195642 0.00243624 0.265819 0.011909 0.00017764 0.0293683 0.0217019 0.0166296 0.000752742 0.0843547 0.0064942 
0.276173 0.194983 4.33106e-10 0.0421674 0.0323176 1.05682e-06 3.62573e-10 0.0610699 0.00989731 4.18036e-06 8.21919e-10 2.35993e-05 7.5816e-07 0.367626 5.86472e-10 4.51227e-07 4.53769e-06 2.09203e-05 0.000105963 0.00381421 0.0117906 6.82429e-10 
0.0331627 0.127302 0.000255768 0.000688438 0.102984 0.000132011 0.00238903 0.0181209 0.0412353 0.00398216 1.47615e-05 0.00819249 1.55727e-07 0.401782 4.38635e-06 1.09039e-07 0.0466476 0.048204 0.0226763 5.03882e-07 0.141982 0.000242676 
0.0349018 0.0127274 0.0443749 0.0316266 0.00544861 0.00346094 0.00674885 0.0196587 0.0681237 0.0233184 0.00091347 0.00574191 0.00268499 0.572331 0.0100933 0.00813485 0.0472972 0.0427755 0.0165896 0.00470254 0.0360149 0.00233063 
0.0379633 0.00192999 0.0071272 0.0226249 0.0728143 2.85756e-05 0.0272361 0.0372552 0.00215853 0.0358034 2.48387e-08 2.78041e-05 0.00028155 0.643152 0.000366852 1.80329e-06 0.019765 0.0808106 0.000323181 0.00607614 0.00425264 7.92223e-07 
0.00763178 0.00709638 0.000330116 0.0119347 0.00290126 0.00213374 0.0338768 0.0170109 0.00928181 0.00108622 0.000169609 0.00215854 0.000196211 0.61135 0.00895046 0.0043138 0.238148 0.0167099 0.017507 4.5015e-05 0.00716787 1.45212e-07 
0.0914207 2.09235e-05 0.0731236 0.00395465 0.0818849 1.97478e-05 3.1319e-06 0.000364682 0.0226063 0.000779884 6.93642e-10 6.7223e-05 3.10473e-06 0.706819 0.014017 1.67935e-06 0.00197901 8.19734e-07 0.00020413 0.000549813 0.0020867 9.28308e-05 
0.0320161 8.20121e-06 1.08654e-05 5.36565e-06 0.223178 4.62048e-10 6.22967e-10 4.9476e-06 2.36588e-10 6.32495e-06 1.41221e-09 3.57914e-06 8.23061e-06 0.737305 1.00767e-09 2.56617e-09 5.69724e-06 0.00743882 3.86171e-10 8.11246e-10 8.98329e-06 1.17254e-09 
0.0493286 0.159056 0.00144286 0.00743859 0.0493151 7.36295e-06 0.000814516 0.0269008 0.00957314 0.00018895 0.000733316 0.0163718 0.000370715 0.324449 0.00606165 9.54823e-05 0.0112117 0.0942808 0.00307065 0.000190218 0.239099 1.82316e-09 
0.0366795 0.011368 0.0173404 0.00728294 0.00600367 0.0386352 0.00635646 0.00323693 0.256768 0.00123528 0.000546106 3.68865e-05 0.000279853 0.545771 0.0459254 0.00194963 0.000707326 0.000292233 0.00863082 0.000507182 0.0104467 1.16936e-06 
0.0241554 0.00802942 0.00781124 0.00539796 0.00470657 0.000333431 0.00430348 0.0043817 0.00933837 0.0140344 8.35465e-05 0.0175189 8.17011e-05 0.836051 0.00347446 0.000241593 0.0240994 0.0111935 0.014881 0.00197651 0.0075889 0.000317179 
0.0345899 0.00250573 0.00123279 0.0261235 0.000491632 6.45267e-05 0.00362973 0.00523167 0.0566187 0.00534446 9.66214e-05 7.57578e-05 0.000111843 0.543703 0.0440716 2.82309e-06 0.219018 0.0331375 0.0134196 1.50474e-06 0.0105291 9.89333e-10 
0.0014551 0.00522713 0.000751944 0.00380017 0.000156877 8.88103e-05 0.0188699 0.000202448 6.28165e-05 0.0494572 0.000150418 3.93188e-05 0.00310581 0.792796 0.000150299 3.03666e-07 0.00448782 0.0924335 0.000549703 0.00876316 0.0174512 8.39475e-10 
0.0176787 0.00606049 0.0663315 0.0100417 0.015528 3.12275e-12 0.00019136 0.012896 0.001783 0.000506594 5.9275e-05 8.45883e-05 0.000220905 0.462071 6.81031e-12 8.87181e-07 0.00611479 0.00370365 3.2821e-05 4.06975e-05 0.396654 7.9246e-12 
0.303223 0.0488786 0.00522608 0.00319802 0.0599337 0.000244343 0.00155826 0.00357538 0.00165694 3.26573e-09 6.45174e-05 0.000663132 4.11105e-08 0.452649 0.0043788 0.00348556 0.0970186 0.000426355 0.000193821 9.27473e-06 0.0136141 2.05027e-06 
0.13728 0.0412122 0.00978435 0.0255992 0.0648617 0.00013607 0.000222427 0.0155697 0.00454451 0.000495254 0.00112312 4.6163e-05 0.0018646 0.535626 0.0174974 3.91532e-05 0.000411323 0.127315 0.00230101 0.000611345 0.0130863 0.000373558 
0.00566761 0.00237352 0.00188004 0.00219572 8.15175e-05 0.000419761 0.0264017 0.00304547 0.0435921 0.000500776 3.98394e-06 0.0112418 0.0147689 0.733218 0.000300687 7.73756e-06 0.000744163 0.110174 0.000374172 2.67245e-07 0.0430083 4.19628e-11 
0.0421615 0.0811057 2.60567e-07 0.00449047 0.00213736 0.000121473 0.0101431 0.0752224 9.37379e-07 0.000499766 0.000317174 7.13216e-07 0.000505893 0.262703 0.0021308 0.000348747 0.182773 0.20319 9.51123e-05 0.0222386 0.109813 2.42391e-08 
0.0432089 0.0218084 0.0249923 0.086857 4.97932e-09 0.0588614 0.000542742 0.00366035 0.0286474 0.00610633 1.90082e-07 7.08368e-06 0.000123788 0.677803 0.000206046 0.00340926 0.00150527 0.00020607 0.0330647 0.00467065 0.00431894 2.13789e-08 
0.0293709 0.0215693 0.0169872 0.00623588 0.242126 0.000239734 0.0103943 0.0365464 0.0160956 0.00987432 0.00394654 0.0047685 0.0120376 0.472513 0.0176388 0.000133082 0.0182209 0.0317844 0.0140414 0.00809836 0.0273174 6.11264e-05 
0.0691029 0.0153418 0.00475527 0.0191291 0.0302998 0.000797575 0.0129619 0.0324786 0.0428629 0.00222622 0.00269666 0.00380629 0.00590524 0.563418 0.00491848 0.0233027 0.0138907 0.0644463 0.00341804 0.0012038 0.0830352 2.64774e-06 
0.306847 0.0164416 0.00631825 0.00377123 0.0347341 0.000245826 0.0134887 0.0109147 0.00739764 0.000938148 0.00836034 0.0045099 2.23143e-05 0.552537 0.00957443 2.62956e-06 0.000387849 0.0103378 0.000359511 0.00333743 0.0094728 4.14051e-08 
0.00300076 5.87589e-05 0.00550182 0.000914611 0.000132405 1.1449e-08 9.38444e-08 0.000876624 0.000146078 1.77641e-05 3.19248e-06 2.5297e-10 3.74707e-10 0.947676 2.7071e-10 6.89402e-10 0.000440091 0.0371603 0.00390169 0.000164766 4.1367e-06 1.04106e-06 
0.11046 0.00513494 0.225942 0.11394 0.0151671 0.00231748 0.000946201 0.00392363 0.0442729 0.00113955 0.000405529 0.00126145 0.0145434 0.271614 0.00637075 1.41998e-06 0.0236637 0.00247856 0.00253941 0.0812223 0.0726058 4.97257e-05 
0.0460208 0.00999055 0.00135594 0.00899759 0.0178633 0.00020261 0.0237634 0.0113583 0.0893528 0.000721574 0.000455587 0.000801064 0.000485928 0.472031 2.15234e-11 0.000147083 0.0113884 0.178503 0.000198308 0.00110669 0.125249 7.08867e-06 
0.018229 0.00214927 0.00615107 0.00485179 0.020972 2.6884e-05 0.031153 0.014974 0.00275848 0.00064227 9.17472e-05 4.15826e-06 0.0836739 0.591815 4.08478e-05 0.00313811 0.202051 0.0103651 3.16766e-05 0.000174028 0.00670682 3.65909e-08 
0.140176 0.126479 0.0271698 0.0183029 0.0152033 0.000254192 0.00176109 0.0217058 0.116648 0.000532339 0.00434181 0.0129825 0.00367053 0.297933 0.00212774 7.07634e-08 0.0377911 0.00488683 0.0895196 0.000971256 0.0775395 3.82547e-06 
0.027221 0.00703119 0.00211972 0.00351015 0.00237221 7.55314e-06 0.0205847 0.00385514 0.0496466 0.000543936 7.29741e-05 0.000159547 0.00289089 0.635303 0.0105514 1.12652e-05 0.0305731 0.0964952 0.0545331 0.000305485 0.0522121 4.13754e-10 
0.111505 0.0219158 0.0349401 0.046678 0.0141593 0.000666693 0.00780551 0.0184896 0.0325819 0.00054641 0.000768627 0.0184215 0.00209595 0.373833 0.0154068 0.000456962 0.0266646 0.101345 0.0271786 0.0513859 0.092854 0.00030078 
0.0485395 0.00311856 0.125684 0.0343719 0.00672436 4.90276e-05 0.00357801 0.00789102 0.0322344 0.000895154 0.00114855 0.00137337 0.000529133 0.539286 0.00254549 5.14365e-06 0.0205806 0.0407414 0.0105707 0.00812293 0.109659 0.00235085 
0.000776964 0.000201286 0.00464193 0.000732417 0.00468918 0.000473062 2.40093e-08 0.00147805 0.0095121 6.99441e-05 2.75296e-05 0.107875 0.00042389 0.667833 9.44974e-09 7.11817e-09 0.0758593 0.102886 1.38445e-05 0.00122278 0.0212816 9.54675e-07 
0.126679 0.0135275 0.0287601 0.00968475 0.043363 0.0224769 0.0195284 0.0176135 0.102317 0.00020011 3.84935e-06 0.000990005 0.00101295 0.534601 0.00156499 0.0444585 0.00146799 0.000271958 0.00154884 0.0020335 0.0278908 5.09803e-06 
0.0297386 0.00161503 0.0131634 0.0268771 0.0890355 0.000205992 0.0143322 0.0351884 0.0199779 0.000322183 0.00025573 0.00595819 0.0603241 0.53966 5.92003e-05 0.000185522 0.00987579 0.0728302 0.00297156 0.00288475 0.057179 0.0173595 
0.182733 0.0254537 0.0314612 0.0837582 0.013433 0.000336292 0.0522038 0.0328441 0.0279287 0.000868938 0.000885387 0.000105386 0.0001953 0.351341 0.0183157 2.64394e-06 0.0693444 0.0275196 0.0229382 0.00416514 0.0541622 3.946e-06 
0.0597208 0.018827 0.00199925 0.00391996 0.0744478 0.000441142 0.0208557 0.0153243 0.0540188 0.000600107 0.000502556 0.0612272 0.0019204 0.489167 0.000100535 2.0059e-05 0.016215 0.0487715 0.000521731 0.00467139 0.126724 3.55334e-06 
0.00611154 0.00136861 0.126849 0.00200726 0.00213855 1.62241e-08 0.000591941 0.00988567 0.000419574 0.00189101 9.43083e-05 0.000545296 2.04796e-06 0.628128 8.84247e-08 0.000340485 0.0026623 0.190464 2.05696e-05 6.22687e-05 0.0263813 3.62182e-05 
0.211562 0.00427806 0.0192884 0.0186971 0.000693191 1.738e-07 0.00271231 0.01306 0.0806026 0.000290609 2.49244e-05 9.04962e-08 4.11639e-06 0.524672 0.0228347 1.57361e-08 0.00631492 0.000147731 0.0574148 0.00070082 0.0367013 1.44431e-08 
0.0198601 0.000147907 0.00385738 0.00199369 1.29194e-08 1.72672e-05 0.0011074 6.47831e-06 0.00879224 0.00253932 0.000122608 2.83271e-08 2.48705e-05 0.90605 4.71702e-05 4.68373e-09 0.00162436 0.0516498 0.0020655 3.02918e-05 6.08562e-05 2.63321e-06 
0.0306853 0.00555545 0.017574 0.0372873 0.00175078 1.27726e-06 0.00152745 0.0002375 0.00667654 0.00286344 0.000365896 0.000922483 1.74043e-05 0.76221 0.000112883 1.91297e-06 0.00424449 0.0708794 0.00166994 0.000249589 0.0551663 2.37702e-07 
0.0239436 0.00539602 0.00157744 0.0719208 3.45249e-05 1.67459e-07 8.85958e-07 0.00186876 0.056735 0.00253471 1.01682e-07 3.43799e-08 0.000118161 0.637777 0.147083 2.05759e-08 0.00258516 0.0269148 0.0036523 2.85501e-09 0.0178573 2.36619e-11 
0.000167826 0.00102336 2.75582e-05 0.149137 0.000136968 3.08912e-06 7.24569e-05 0.000121823 0.00016156 3.38092e-09 7.38204e-05 5.66492e-05 9.13861e-06 0.848091 0.00027037 9.46889e-05 9.20571e-05 2.13346e-05 0.000162468 3.5899e-05 0.000241207 1.56754e-09 
0.0339029 0.118377 0.000939558 9.62607e-06 0.021514 0.000394511 4.68921e-10 0.00539024 0.0452036 2.44492e-06 5.04813e-06 0.00019037 0.00276983 0.625257 0.0380122 2.80271e-06 5.08111e-06 0.00192977 0.0773312 3.47832e-07 0.0287505 1.15579e-05 
0.0364675 0.00795125 0.0254131 3.51577e-07 0.0109862 0.000140638 9.20186e-07 0.00440666 0.00474396 0.000922983 1.79052e-07 3.32775e-11 0.00113698 0.704126 0.00365863 3.05447e-07 0.119003 0.0229897 0.0001331 5.70383e-06 0.0579133 3.11358e-08 
0.0366796 0.00111475 0.013321 0.140863 0.0151339 1.86689e-06 0.00116371 0.1187 0.169048 8.73941e-05 0.00988271 0.00148887 0.000389726 0.366053 0.00167048 0.00470298 0.0275735 0.000585389 0.00340838 0.0131378 0.0749932 2.25459e-08 
0.0722329 0.0198209 0.014886 0.0302416 0.0286637 0.000742387 0.008904 0.0292837 0.0247086 0.00609646 0.00151267 0.00368774 0.0149038 0.53976 0.0186133 0.0028713 0.0211648 0.0667419 0.0263594 0.0071023 0.0614224 0.000279975 
0.020165 0.0205718 1.57484e-05 1.60936e-05 6.92651e-11 4.15251e-06 8.38118e-11 0.004826 3.33353e-05 6.7711e-06 2.8518e-07 0.00409427 9.19665e-07 0.648794 6.56164e-06 3.45588e-07 1.51032e-06 4.35893e-06 0.295067 0.00639053 8.84088e-07 3.3143e-07 
0.0595789 0.00796972 0.00317879 0.0302264 0.142885 5.24488e-05 0.00109379 0.0315437 0.0482941 0.0016036 0.00196153 0.000636051 7.75678e-05 0.266855 0.00495327 0.000648863 0.0234211 0.202831 0.00298779 0.0133623 0.155825 1.37474e-05 
0.252107 0.00541091 0.0128145 0.0546597 0.000349397 7.18492e-08 0.011386 0.0139848 0.151059 1.10267e-06 8.11143e-05 0.000173282 0.00127638 0.376612 2.17931e-06 3.80614e-06 0.00422325 0.00931619 0.0208241 0.00111921 0.0845955 3.17103e-10 
0.0143454 0.0101497 0.0318821 0.00917782 2.01097e-08 3.28179e-05 0.00503869 0.0064609 0.130927 0.0232831 0.000219318 0.000241967 9.52915e-05 0.580637 0.00853924 0.00329099 0.0946726 0.0159938 0.0436938 0.000369125 0.0209497 2.36045e-08 
0.0546179 0.0446117 0.0332833 0.0126034 0.0123133 9.74711e-06 0.00162412 0.00658326 0.0590716 0.00279285 0.00671279 0.00289551 0.00330306 0.691028 0.00431954 0.00443034 0.000381351 0.00370809 0.00158075 0.000112441 0.0539893 2.72471e-05 
0.00186227 0.000371865 0.00199899 0.000740494 0.000715198 7.60532e-05 0.000883812 0.000182412 0.000111624 8.29091e-05 0.000316039 0.00134213 0.124946 0.769473 7.50605e-12 0.00035185 0.0927011 0.000635493 0.0020039 6.04293e-12 0.00120352 1.4128e-06 
0.0202839 0.0241063 0.0687261 0.0156345 0.00302398 0.00198503 0.00864671 0.030675 0.061071 0.0010046 0.00114371 0.00428981 7.43292e-05 0.639103 0.0528216 0.0140295 0.00997219 0.00694468 0.00556449 0.00262864 0.0282345 3.66971e-05 
0.0705429 0.0316825 0.0413344 0.00197693 0.00806641 1.56894e-06 0.000318015 0.00409269 0.0203794 0.000494582 0.000124781 0.000551554 0.0423764 0.363006 0.000954661 8.94702e-06 0.242489 0.136652 0.0305847 7.2813e-07 0.00361796 0.000743665 
0.0127837 0.00682007 0.000383176 0.0436782 0.00245507 1.19849e-05 0.000268131 0.00653568 0.00454028 5.32269e-05 0.00598106 0.00147448 0.000113765 0.396696 5.05976e-06 5.44474e-07 0.0279251 0.0976348 0.149059 0.00598727 0.237593 2.48782e-07 
0.0435133 0.0208436 0.0164208 0.00765926 0.102287 0.000180265 0.0225736 0.0194015 0.044845 0.000705392 4.72445e-05 0.000695564 0.00847625 0.493116 0.000224143 1.4168e-05 0.0341017 0.0942843 0.00774318 0.00233387 0.0804339 9.95821e-05 
0.0594594 0.023212 0.0113959 0.0198944 0.0326951 1.30469e-05 0.00104985 0.0214258 0.00117979 0.0183483 0.00126194 0.000464721 1.31482e-07 0.699671 5.08123e-06 6.60405e-06 0.0370971 0.0157514 0.000763078 0.0105093 0.0457564 3.91905e-05 
0.0485218 0.0104879 0.00709408 0.0428978 0.00858172 0.00411076 0.00538325 0.0249569 0.152708 0.000452764 0.000618236 0.00404003 0.000337993 0.48606 0.00504268 0.000811721 0.0154932 0.0613469 0.021645 0.00131744 0.0975234 0.000568932 
0.211956 0.00170128 0.00254818 0.0111908 0.1278 5.96843e-08 0.00122155 0.00485649 1.01357e-05 0.00102647 2.51039e-07 0.101574 0.00106241 0.361876 0.0377379 1.3535e-07 1.18536e-05 0.025314 3.33301e-07 6.61169e-07 0.110111 3.039e-08 
0.0355986 0.0217317 0.00553028 0.00666055 0.00702471 0.000119291 0.0325604 0.0105746 0.0158919 0.0326841 0.000394109 0.000376727 0.000155151 0.651467 0.000755451 3.13453e-08 0.00274134 0.144649 0.00707216 0.00290628 0.0211064 2.74719e-11 
0.0234306 0.00756922 0.0039991 0.0118068 0.00126633 2.86736e-05 0.000249282 0.0132317 0.149606 0.000742333 0.000347757 0.000455913 1.69745e-05 0.691091 0.000843348 0.00339615 0.0150883 0.0173464 0.00334765 0.000512356 0.0556241 4.44093e-08 
0.000145008 4.75773e-05 5.06975e-05 0.0355867 3.35618e-05 1.23439e-09 2.33167e-06 1.87532e-05 6.32057e-10 0.0048875 3.77279e-09 2.51562e-09 3.72622e-09 0.935618 2.69203e-09 6.03366e-05 3.82717e-05 0.000135032 0.0232868 3.53288e-05 2.86018e-05 2.50631e-05 
0.0962633 0.0175659 0.0196118 0.0101654 0.00292324 0.0208916 0.000273402 0.0219338 0.0145166 0.00122514 0.00313241 3.06464e-05 0.000316621 0.311116 0.000430835 6.58901e-07 0.037313 0.233588 0.00889684 0.0106754 0.189129 5.5046e-07 
0.0377056 0.00599057 0.00123111 0.0142509 0.00257692 0.000134803 0.000214538 0.105172 0.0898323 0.00172612 0.00041804 0.0100256 4.61044e-06 0.341506 0.00290808 0.000145681 0.0447829 0.281989 0.00326323 0.000987952 0.0551326 2.01684e-06 
0.0106748 0.135423 0.000771727 0.174779 0.0161172 0.012501 0.000332624 0.023802 0.189932 1.00315e-05 0.00184124 0.00113964 0.00184009 0.228495 0.0643843 0.000196965 0.00149477 4.42898e-05 0.0303419 0.0015261 0.104352 5.32812e-07 
0.00142406 0.000408349 0.00177517 1.52707e-07 0.000807067 7.00894e-05 0.000815096 7.16785e-08 5.9311e-08 1.06393e-07 2.39986e-05 4.10329e-07 0.0292147 0.85805 8.47676e-12 0.000383573 0.104249 0.000467411 0.00231047 6.82442e-12 1.40476e-07 1.48054e-08 
0.0679183 0.00968177 0.103857 0.00604756 0.0127549 2.62382e-05 0.00103061 0.00148386 0.0498318 0.00756912 0.00029819 0.00024231 0.000525314 0.626966 0.00581632 3.9455e-05 0.00223318 0.0106179 0.00607392 0.000955488 0.0860204 1.02262e-05 
0.0318093 0.00663982 0.0391675 0.0169281 0.00901623 0.00892096 0.00979811 0.00980481 0.0183783 0.000784636 0.00128878 0.00656706 0.00363089 0.451398 0.00674679 2.39262e-05 0.246004 0.0904191 0.00176877 0.00236336 0.0367763 0.00176539 
0.0152713 0.00362149 0.00148765 0.00771395 0.00303934 0.000268001 0.220219 0.022384 0.0459813 0.0025379 0.000245071 0.00605268 0.00151534 0.35844 0.000992304 0.000509351 0.00446887 0.254188 0.01222 0.000124615 0.0387201 4.73646e-08 
0.0396555 0.0507304 0.00280759 0.00695935 0.000944317 5.6381e-05 0.0051757 0.0183344 0.0482414 0.000651906 0.00612684 0.00359455 0.00105249 0.446291 0.122095 6.8266e-06 0.00977168 0.116726 0.104308 7.05336e-05 0.0163974 1.49985e-06 
0.0316941 0.110671 0.00379864 0.00942309 0.0752302 0.00079856 0.100385 0.0246818 0.106988 0.00141387 0.00493768 0.0273774 0.129057 0.166479 0.00142597 0.00017588 0.0223596 0.0630672 0.0394154 0.00135766 0.0792245 3.79775e-05 
0.00314425 0.00087284 0.00171398 0.00255982 0.00139292 3.31734e-05 0.00028172 0.00584595 0.0264394 0.000279994 1.98926e-05 0.000116277 0.000160607 0.943002 0.000374726 5.29618e-08 0.00318682 0.000530324 0.000506651 9.02807e-05 0.00944842 8.04302e-08 
0.021591 0.000469484 0.0596502 0.00218502 0.0104203 4.24363e-06 0.00177599 0.00261352 0.020147 0.00125948 0.000460494 4.73268e-05 0.00354637 0.734666 0.00115971 7.9223e-08 0.00181578 0.0773011 0.000748784 0.000288961 0.0598382 1.09468e-05 
0.000174364 0.000272482 0.000187502 0.000238235 0.000286293 3.70009e-05 1.45541e-08 0.00252245 0.0116434 3.65215e-05 2.25561e-06 0.00264332 2.99151e-05 0.593942 6.14109e-10 6.45257e-05 0.0558164 0.31284 0.000110895 1.74696e-05 0.0191353 3.857e-07 
0.00339377 0.0356496 0.00837307 0.00377424 0.017301 0.00107918 5.24094e-06 0.00180787 0.0221674 3.2531e-05 0.000392818 0.133635 0.000394218 0.707253 9.45764e-09 1.18005e-06 0.00860294 0.0344455 0.000715162 0.000582376 0.0203922 1.27443e-06 
0.0169373 0.00581518 0.0063547 0.0250401 0.0542783 2.11429e-05 0.00340144 0.02495 0.0410757 0.000211044 0.0010356 0.00966557 0.00062846 0.269347 0.00272659 0.0309501 0.241521 0.182104 0.0056537 0.0123771 0.0659031 2.99734e-06 
0.0703475 0.0826973 0.000715427 0.00836798 0.00811914 5.67739e-05 1.63841e-06 0.00886711 1.6004e-06 0.000306592 0.00389317 2.82646e-06 1.18754e-06 0.546679 0.0750005 1.36523e-10 0.00175034 0.0011381 0.0039953 0.00511832 0.18294 5.06909e-07 
0.0755378 0.0293694 0.07055 0.052799 0.0163915 0.00874987 0.0221167 0.030768 0.0459762 0.00259122 0.00199557 0.0043229 0.0072452 0.427217 0.0730037 0.00247941 0.00449364 0.0287697 0.0530261 0.0117215 0.0289069 0.00196873 
0.0345667 0.00266616 0.120483 0.00327378 0.00220754 1.78685e-05 0.00215656 0.00624218 0.01415 0.00124627 0.00021793 0.00555903 0.00202258 0.406001 0.00217323 0.0111544 0.0225882 0.336921 0.0105667 0.00298736 0.0127995 9.81062e-09 
