0.166468 0.00226517 0.0117486 0.0994179 0.00867436 4.3487e-05 1.3686e-05 0.13979 0.019284 0.00413758 0.00175901 0.000531103 7.68034e-05 0.00719669 7.15687e-08 2.29307e-05 0.00302951 0.0112027 0.00568663 0.00606241 0.512544 4.51375e-05 
0.0712595 0.00220481 0.00202513 0.0134487 0.742506 0.000123979 0.00656684 0.0220306 0.00605411 0.000299972 0.00188213 0.000417097 0.00053948 0.0362738 1.57529e-07 5.64296e-05 0.000706802 0.00136236 7.08807e-05 0.0120918 0.0799815 9.77845e-05 
0.103073 0.0143853 0.00242694 0.023184 0.00583759 0.000163116 0.0212485 0.141091 0.0116262 0.0136942 0.000328698 0.427378 0.00256601 0.0732526 1.78984e-07 7.09189e-05 0.102784 0.0043583 0.00514659 0.000421895 0.0469634 2.51906e-07 
0.0364138 0.00781817 0.00295146 0.0124277 0.0140958 0.000624734 0.00354696 0.0128861 0.207391 0.00189573 0.000859308 0.00203511 0.000695299 0.224481 2.44884e-08 0.000254409 0.0684685 0.175309 0.00417724 0.00394324 0.2196 0.0001249 
0.0697496 0.00480379 0.0436407 0.00245074 0.537267 3.98244e-06 4.35783e-07 0.00325135 0.00692636 2.0823e-05 1.72072e-05 0.0045583 0.000455117 0.0871553 9.43876e-11 0.000315282 0.0370587 0.0188003 9.64907e-07 0.00028678 0.183237 1.09831e-10 
0.0168534 0.000298702 1.1346e-08 0.00111967 0.000129379 1.05684e-05 0.00237069 0.000389486 0.848799 0.00010421 3.6033e-05 0.000343775 2.08584e-05 0.0494977 4.25529e-13 3.37782e-09 0.0132369 0.00504807 0.00118387 1.65259e-08 0.0605576 3.98625e-07 
0.0129459 0.0995036 6.81287e-05 0.00265857 0.0331323 1.31833e-05 1.90022e-05 0.00129327 0.0254819 1.76066e-06 7.57704e-09 1.08935e-05 0.000928447 0.00140917 4.7321e-10 8.80508e-07 1.63633e-06 5.12742e-05 9.95722e-05 0.000219549 0.822156 5.13317e-06 
0.0188563 0.032128 0.00399675 0.00675952 0.0284404 0.000798482 0.00803102 0.00812708 0.00435902 0.0240671 0.0053735 0.827913 0.001788 0.00626868 8.17513e-08 2.10273e-05 0.00128456 0.00101596 0.000961856 0.00272484 0.0156013 0.00148408 
0.166619 0.0469433 0.00164253 0.000233764 0.704299 0.000907192 0.00107455 1.13257e-06 0.00860139 0.000138303 6.40808e-05 0.00152194 9.27637e-06 0.0579483 3.66554e-11 2.3707e-05 0.00229835 0.00131497 9.33558e-07 2.3264e-07 0.00635825 1.45113e-07 
0.0321942 0.08073 0.000300667 1.14809e-06 0.869599 0.000716782 9.10322e-05 0.000825668 0.00038153 1.99655e-06 9.93529e-07 0.00339562 3.17901e-05 0.000137217 7.3858e-08 1.51132e-06 0.000197335 9.88816e-07 0.00383 2.08131e-06 0.00480214 0.00275847 
0.128438 0.0420223 0.00842957 0.0039855 0.362991 0.000490997 0.00890453 0.0657635 0.00921411 0.000134677 0.00108649 0.0262201 0.000103003 0.120824 7.0654e-06 1.34847e-05 0.00848689 0.00323285 0.00010656 0.000381784 0.206737 0.00242687 
0.381593 0.0125418 0.000285206 0.00480588 0.0722271 0.016504 0.00693581 0.265626 0.00401284 0.0137287 0.000845169 0.0117197 0.113071 0.0567853 1.49418e-05 0.00108791 0.000281967 0.0011055 0.0031558 0.0221069 0.0115383 2.72392e-05 
0.276714 0.019732 0.00021222 0.0101137 0.00179897 1.69555e-05 0.00186872 0.00861689 0.0933431 8.12055e-09 0.000155561 0.000942508 0.000108708 0.0033895 1.41196e-12 1.07652e-08 0.00855994 1.93825e-08 6.06697e-05 1.62313e-08 0.574366 1.64299e-12 
0.0168534 0.000298702 1.1346e-08 0.00111967 0.000129379 1.05684e-05 0.00237069 0.000389486 0.848799 0.00010421 3.6033e-05 0.000343775 2.08584e-05 0.0494977 4.25529e-13 3.37782e-09 0.0132369 0.00504807 0.00118387 1.65259e-08 0.0605576 3.98625e-07 
0.0291559 0.0206826 0.00351437 0.000376737 0.662586 0.00104975 0.0332606 0.00448836 0.00922701 0.00139487 0.000143005 0.037872 1.24046e-05 0.115634 1.98266e-07 7.84461e-06 0.00122805 0.00202605 0.000520589 0.000339074 0.0763699 0.000110614 
0.0280672 0.04997 0.00476565 0.032369 0.00357999 9.16379e-05 0.000475083 0.0468789 0.0567695 4.08569e-05 0.00133173 0.0018269 3.98334e-05 0.0395239 3.28224e-08 2.41897e-05 0.0030005 0.0237353 0.000830449 0.0131876 0.693492 3.33418e-08 
0.0701704 9.30688e-05 0.115664 0.000178469 0.0548049 5.85658e-07 3.60714e-05 0.000744717 0.00226716 0.000759963 1.90911e-05 2.92293e-06 3.39556e-05 0.493914 1.04376e-08 1.28596e-05 0.00512445 0.252908 1.42258e-05 0.00320437 4.10574e-05 6.25616e-06 
0.13386 9.81833e-07 1.18003e-06 0.00384487 0.0169121 8.59828e-08 8.56553e-07 0.0323172 0.635306 0.00033913 8.90787e-06 0.0125854 0.000788382 0.0115275 1.15376e-10 2.7388e-08 1.27797e-05 4.99174e-07 7.50547e-08 4.18063e-07 0.152494 1.34254e-10 
0.500963 0.000320124 0.0976816 0.176338 1.49151e-05 7.14063e-05 0.000677394 6.90903e-05 0.000136214 2.48324e-05 0.00540356 0.000583456 5.56224e-05 0.000134243 1.22138e-09 7.2476e-05 0.00125267 0.00068836 2.86934e-05 2.39935e-05 0.21546 1.42122e-09 
0.11206 0.359515 0.000579861 0.00629345 0.00973791 3.01652e-05 0.0126444 0.193905 0.0196344 1.85178e-05 0.000509855 0.00365621 1.53466e-07 0.0136393 1.96717e-10 5.00968e-10 0.0155354 4.98155e-05 0.0171744 0.00157371 0.233443 8.95271e-08 
0.280334 0.0495811 0.00206249 0.0115024 0.044698 0.000335051 0.0221933 0.0216709 0.0199179 0.00124075 0.00927001 0.00553934 0.0298981 0.0864904 3.48517e-05 3.882e-05 0.0149788 0.0284876 0.000196848 0.003903 0.36759 3.56128e-05 
0.000174364 0.000272482 0.000187502 0.000238235 0.000286293 3.70009e-05 1.45541e-08 0.00252245 0.0116434 3.65215e-05 2.25561e-06 0.00264332 2.99151e-05 0.593942 6.14109e-10 6.45257e-05 0.0558164 0.31284 0.000110895 1.74696e-05 0.0191353 3.857e-07 
0.545752 0.116702 0.000695614 0.0119367 0.0110498 7.84187e-05 0.00457282 0.0155575 0.104618 0.000361496 0.00477727 0.000123128 0.00107854 0.00259417 5.07881e-08 4.41942e-07 0.000641404 1.52688e-05 0.0417797 0.00029049 0.137353 2.23414e-05 
0.0141626 0.0410337 0.0595262 0.197828 0.000791839 0.00016927 0.000778741 0.0474951 0.000433444 5.98667e-07 0.00086961 0.111925 2.74301e-07 0.0163263 2.81377e-11 3.62132e-06 0.000173125 9.60969e-05 0.000119192 1.5123e-06 0.508266 1.47375e-09 
0.00315643 0.000799207 0.000534186 0.000918218 0.000379982 5.66468e-06 1.23138e-07 0.000478457 0.0018587 3.24724e-05 2.13109e-06 0.000147776 3.97993e-05 0.0144964 8.11109e-13 4.29893e-05 0.194662 0.779823 3.38484e-05 4.51182e-05 0.00254422 2.49968e-10 
0.0180826 0.00416329 0.000961598 0.00327392 0.00894755 2.2295e-05 3.84013e-05 0.0021162 0.26953 9.03155e-05 6.76096e-05 6.24503e-05 6.48988e-05 0.0867021 9.24585e-11 1.01045e-06 0.0147655 0.343201 7.73144e-05 0.00036782 0.247464 7.5072e-08 
0.00220112 0.000113817 0.45948 2.5006e-05 0.000852105 2.12128e-06 7.34693e-05 5.49385e-05 0.0303471 0.000144518 6.79376e-08 3.57413e-05 0.000135279 0.433397 2.25236e-09 3.66254e-08 0.0550831 0.00703683 2.55091e-05 1.78936e-07 0.0109929 8.22214e-09 
0.319672 0.0127495 0.00132533 0.0124634 0.207795 0.000253214 0.0312749 0.0350851 0.018633 0.000312025 0.00441433 0.0104001 0.0590476 0.154144 6.30563e-06 6.14593e-05 0.0115921 0.0119666 0.00341093 0.00339833 0.101986 9.49444e-06 
0.0370307 0.0544196 0.0070275 0.00280124 0.750891 0.0052238 0.0195179 0.0249723 0.0237276 3.77965e-05 0.00772892 0.00184794 0.0026432 0.0189184 9.77988e-06 0.000174604 0.00141331 0.000453528 0.000592294 0.00533818 0.0230685 0.0121616 
0.0243087 0.00160015 0.000729011 0.00102837 0.038545 5.29225e-05 0.000158209 0.00138463 0.00245969 0.0104543 5.39211e-06 0.00408832 5.46532e-07 0.633687 4.99845e-11 0.000260912 0.000626041 0.273245 0.00075465 4.25035e-05 0.00132443 0.005244 
0.0180826 0.00416329 0.000961598 0.00327392 0.00894755 2.2295e-05 3.84013e-05 0.0021162 0.26953 9.03155e-05 6.76096e-05 6.24503e-05 6.48988e-05 0.0867021 9.24585e-11 1.01045e-06 0.0147655 0.343201 7.73144e-05 0.00036782 0.247464 7.5072e-08 
0.00108582 3.93701e-07 0.00017674 0.000852305 0.000176727 5.30739e-05 1.52407e-07 0.00237243 0.00100629 4.11444e-06 2.7446e-08 0.00770838 0.000300201 0.0565445 2.58441e-12 6.58156e-12 0.00284226 0.921502 0.000143563 5.84711e-08 0.0052306 1.73045e-10 
0.191508 0.0312038 0.000161896 0.00556252 0.18029 0.000100197 0.000923139 0.0971943 0.0266965 5.26038e-06 2.52132e-05 0.000768006 0.000344833 0.394686 1.63476e-09 4.16316e-09 0.015428 0.00048625 0.00276839 0.000158206 0.0516775 1.17586e-05 
0.281273 0.00125152 0.00175631 2.19205e-06 0.280748 0.000120573 1.08119e-06 0.0228431 1.12907e-06 1.70116e-10 0.000353888 0.155091 0.116483 0.0444961 6.77826e-11 1.72618e-10 8.40522e-07 8.89221e-08 5.66199e-08 1.98009e-06 0.0955648 1.22267e-05 
0.0284828 1.30847e-05 0.000328539 7.09167e-05 0.960506 0.000204931 3.27249e-06 0.000705602 0.000420324 0.000497089 2.1928e-06 0.000939932 0.00019677 0.00583896 3.27102e-09 1.68084e-08 0.000580787 4.14644e-07 3.9294e-07 4.59164e-05 0.00116152 6.08133e-07 
0.265607 0.0940247 0.00250998 0.00999132 0.0595552 3.13786e-05 0.000506306 0.0547491 0.00882491 0.00288964 0.00454893 0.00254194 9.5504e-05 0.135249 1.19714e-11 6.67032e-08 0.0127339 0.0890268 5.56932e-05 0.00539157 0.251667 5.21604e-10 
0.0189016 0.000439506 2.86022e-05 0.00180726 3.88271e-05 2.44079e-05 0.0111472 0.000286638 0.847071 5.34477e-05 7.40308e-05 0.000204193 5.23467e-05 0.026205 3.97571e-08 1.55544e-06 0.00450519 0.0363245 0.00964472 2.36381e-07 0.0431893 1.20107e-07 
0.0866673 0.00430183 0.0147658 0.0038624 0.166385 0.000441954 0.000100271 0.0094302 0.0136606 0.0964251 0.000600973 0.179896 4.82222e-06 0.164906 9.42762e-08 0.00027196 0.00442433 0.135034 9.50762e-06 5.41345e-05 0.118716 4.29888e-05 
0.375472 0.010286 0.258291 0.0202285 0.0301854 0.000246925 0.00428544 0.0697815 0.0650913 5.33763e-10 4.61869e-07 1.55392e-06 6.8043e-07 0.106977 2.12677e-10 9.52376e-08 0.00083821 0.000226787 0.000176781 1.53548e-06 0.0579087 1.48597e-07 
0.000221313 0.000138251 2.42181e-05 0.000327055 2.17005e-06 2.34592e-06 0.000353397 7.28159e-05 3.85992e-05 0.992385 8.96538e-09 0.000105373 7.26292e-09 0.00575617 8.93197e-13 2.5349e-06 4.48941e-06 0.000101361 0.000234538 4.13566e-07 0.000228511 1.01816e-06 
0.0892617 0.00647119 0.00142067 0.00534638 0.437318 0.000683778 0.0803904 0.0330043 0.00196847 0.000439872 7.38942e-07 0.0115907 0.00446023 0.270442 2.2671e-07 0.000142739 0.0145014 0.00405993 0.000438556 0.000845779 0.0372118 6.36085e-07 
0.0843625 0.0343689 0.00510899 0.0575053 0.0474668 0.0111614 0.570652 0.0824604 0.00637326 0.000332634 0.00385767 0.0106429 0.000379303 0.0364744 2.60858e-06 0.000524657 0.00451981 0.00251901 0.00817594 0.000508053 0.0325996 4.00116e-06 
0.00639307 0.000167118 0.0012288 0.00234026 0.0350896 0.00154833 0.0738099 0.0138471 0.00086894 0.000581814 6.35805e-05 0.743512 0.000484908 0.0612366 2.00121e-07 9.45143e-07 0.00085937 0.000260768 0.000373142 0.0260305 0.0313028 4.25425e-07 
0.0284828 1.30847e-05 0.000328539 7.09167e-05 0.960506 0.000204931 3.27249e-06 0.000705602 0.000420324 0.000497089 2.1928e-06 0.000939932 0.00019677 0.00583896 3.27102e-09 1.68084e-08 0.000580787 4.14644e-07 3.9294e-07 4.59164e-05 0.00116152 6.08133e-07 
0.286686 0.173476 0.000312527 0.02086 0.17081 0.00023191 0.00828133 0.0646186 0.0238671 1.53703e-07 0.0160027 0.0179541 0.000294962 0.0183165 5.84719e-08 8.89175e-08 7.79835e-08 5.4124e-06 0.0530056 0.000129424 0.145137 1.04468e-05 
0.0180394 0.00481882 0.0046404 0.000733667 0.825713 0.000191023 0.00413962 0.01322 0.0115608 0.000490787 3.42507e-05 0.000282056 0.000118308 0.0472 4.43633e-06 5.41455e-06 0.000618942 0.0135037 3.51609e-05 0.00372051 0.0474154 0.0035148 
0.00476738 0.000169884 0.000976432 0.000797074 0.00167166 2.5256e-06 9.93524e-05 0.946311 0.00571318 1.30489e-07 4.41973e-06 6.60426e-05 0.000135656 0.0119509 3.90538e-11 1.46473e-08 0.000193649 9.09218e-06 3.60434e-05 2.69073e-05 0.0270678 4.32654e-07 
0.164286 0.012442 0.00424678 0.0145473 0.494249 0.000340983 0.0639427 0.0139101 0.0011305 0.000574534 1.61015e-05 0.000903769 0.0123153 0.123675 1.525e-06 4.87185e-05 0.00804055 0.00626047 0.00287166 0.00673644 0.0694507 9.85023e-06 
0.10002 0.0167315 0.0229362 0.0164602 0.0034989 0.0241802 1.67498e-05 0.0582638 0.0673221 0.000159887 0.00273006 0.000178546 4.72382e-08 0.128617 7.15186e-13 1.55225e-05 0.0185338 0.00562276 0.00353663 0.000756253 0.53042 1.22023e-09 
0.0266391 0.00490302 0.0206402 0.0066926 0.0680189 0.000185586 0.000388266 0.00531589 0.00267771 0.000563956 0.000411026 0.00103999 0.0143017 0.719946 1.76336e-11 4.94253e-05 0.0324224 0.0170591 0.000393848 0.00016017 0.0781913 1.19979e-08 
0.0219006 0.0069357 0.0734581 0.00697316 0.0442496 0.000163974 0.00591674 0.0304276 0.0671522 0.000712932 0.00250367 0.0242957 0.00653649 0.494894 6.94837e-05 0.000934414 0.0384962 0.0620378 0.00288131 0.00352025 0.105834 0.000105348 
0.339423 0.00169048 0.0655833 0.00157345 0.122574 9.90776e-05 0.00523494 0.0107155 0.0594089 9.18603e-05 1.08585e-05 0.113745 2.05145e-05 0.105133 1.28539e-10 0.000183437 0.0194487 0.00795586 6.2176e-05 0.000383129 0.146662 5.5695e-07 
0.13386 9.81833e-07 1.18003e-06 0.00384487 0.0169121 8.59828e-08 8.56553e-07 0.0323172 0.635306 0.00033913 8.90787e-06 0.0125854 0.000788382 0.0115275 1.15376e-10 2.7388e-08 1.27797e-05 4.99174e-07 7.50547e-08 4.18063e-07 0.152494 1.34254e-10 
0.0101984 0.00170306 0.000903891 1.04165e-07 0.0127673 1.02379e-08 0.00109738 0.000821295 0.0133994 0.000596223 4.30707e-08 0.000523598 0.000406184 0.757703 8.8431e-11 2.31913e-08 0.120261 0.079618 5.72099e-08 1.13487e-07 9.58201e-07 5.19692e-09 
0.921795 3.65806e-05 0.0132269 7.32819e-05 0.0360412 5.7117e-06 0.00441395 0.000337332 9.6415e-05 9.15252e-08 2.18527e-05 0.0116954 3.21756e-05 9.03801e-05 3.64681e-08 4.56569e-06 3.41345e-05 6.93934e-06 1.27066e-05 7.25471e-05 0.0119958 7.04949e-06 
0.0284828 1.30847e-05 0.000328539 7.09167e-05 0.960506 0.000204931 3.27249e-06 0.000705602 0.000420324 0.000497089 2.1928e-06 0.000939932 0.00019677 0.00583896 3.27102e-09 1.68084e-08 0.000580787 4.14644e-07 3.9294e-07 4.59164e-05 0.00116152 6.08133e-07 
0.0755166 0.00259857 0.0705011 0.0659257 0.00187227 9.63484e-07 0.000135923 0.0518966 0.0354859 0.00063715 7.97668e-05 5.16629e-05 1.59213e-05 0.33429 1.03797e-08 2.48668e-07 0.0154243 0.00210072 0.00293128 0.000560593 0.339975 2.6094e-07 
0.00495878 0.00100634 4.16759e-05 0.000547938 0.00340628 1.93853e-06 4.31596e-05 0.00214962 0.00331287 0.000554923 3.16819e-05 0.000879379 6.40134e-05 0.317066 7.69531e-08 3.34051e-06 0.0111719 0.640853 0.0002567 5.08781e-05 0.0135996 1.62704e-07 
0.0215393 0.00384233 0.0273005 0.0686506 0.000633117 5.66039e-05 0.00728603 0.0111203 0.00966514 0.00065873 0.00090995 0.00259535 0.0048543 0.619927 5.92478e-07 2.62821e-05 0.0477123 0.00178683 0.0129718 0.000365967 0.15809 7.09296e-06 
0.0232284 0.152492 0.00763155 0.00606716 0.0312951 0.000503943 0.00595161 0.0141809 0.0590438 0.00181372 0.00474777 3.88393e-05 1.15614e-07 0.0650733 8.35262e-08 2.12711e-07 2.14394e-05 0.00437205 0.258295 0.360794 0.00433154 0.000117631 
0.0180505 0.000399236 0.000211898 0.000952507 0.870861 5.37178e-06 2.73626e-05 0.00043302 0.0231534 7.82995e-05 0.00244933 1.05274e-05 5.02427e-06 0.0732354 1.98286e-06 7.71087e-05 0.0013094 0.00314137 9.74464e-06 0.00145595 0.00412817 3.79833e-06 
0.0209855 4.45614e-07 1.3324e-06 0.10488 7.38116e-07 5.64436e-08 3.76981e-07 2.69543e-06 0.253942 3.21131e-07 7.91021e-06 2.36104e-07 0.000956502 0.058194 8.09787e-12 2.06224e-11 1.32756e-06 1.03602e-07 3.05685e-07 8.34544e-08 0.561026 1.8855e-08 
0.0188069 0.0049443 5.11133e-05 0.00231016 0.00768312 0.110527 0.00152703 0.0253772 0.000733915 0.00149714 0.000230397 0.735773 2.99869e-05 0.0416955 7.18989e-12 1.97688e-06 0.000459237 0.0196764 7.49111e-05 2.03227e-05 0.0285808 8.36629e-12 
0.0578475 0.00852861 0.0107649 0.0153545 0.034944 1.2453e-06 0.000131872 0.0159219 0.0480062 0.00175532 1.99552e-06 0.000133062 3.88302e-06 0.45978 1.15707e-10 1.1745e-08 0.057046 0.0450301 0.00704534 0.0565056 0.181198 2.70029e-09 
0.0134613 0.000732745 2.86045e-05 0.00932216 3.88306e-05 1.27694e-05 0.0148631 0.000286641 0.788678 5.34533e-05 0.000107507 0.000253211 3.28309e-05 0.0268146 4.78098e-08 1.55663e-06 0.00450522 0.0363245 0.015189 2.37711e-07 0.0892937 1.20323e-07 
0.0198514 1.93871e-05 0.0160513 0.00484398 0.00686262 5.55526e-09 7.16208e-08 0.00252482 0.291997 0.000154858 2.96924e-07 2.39274e-05 1.49168e-05 0.130772 6.88658e-11 1.08004e-05 0.0209784 0.0508397 0.0153259 2.45877e-05 0.439704 8.01335e-11 
0.0378591 0.0141871 0.0109039 0.0369782 0.0028843 1.1227e-06 7.0521e-05 0.061901 0.0185109 6.26148e-05 0.000762804 0.00054657 0.00503962 0.0438176 1.73406e-09 1.3077e-05 0.0113471 0.0622949 0.000394618 0.0482848 0.64414 7.49865e-09 
0.10147 0.0952885 0.0905231 0.0430563 0.136414 1.44333e-05 0.000267901 0.0418927 0.109671 0.000520089 0.000233336 3.4101e-05 2.1726e-05 0.0748091 8.34526e-06 0.00147713 0.0477381 0.0223982 0.00918985 0.00432297 0.220558 9.19895e-05 
0.047053 0.000351912 0.0077852 0.0300682 0.0011882 3.51664e-07 2.19095e-05 0.0146702 0.365488 7.30138e-05 6.71172e-05 4.15916e-06 1.69214e-05 0.0881477 1.25532e-11 1.97913e-08 0.0096094 0.000192287 6.33071e-05 1.12545e-05 0.435188 3.56956e-09 
0.0298216 0.0412329 0.000747974 0.00498869 0.0934726 0.640677 0.00516147 0.0742661 0.0129297 0.000294956 0.000587438 0.0168794 0.000358691 0.00701119 9.59905e-05 0.00217064 0.000235912 0.00583548 0.00569366 0.00526798 0.0467747 0.00549625 
0.040467 0.00566155 0.00517306 0.00662166 0.00244058 4.04061e-06 0.0011948 0.0143873 0.0321941 1.78689e-05 2.29971e-05 0.000213013 7.89692e-05 0.0278099 2.15061e-13 1.86205e-09 0.089807 0.0152156 0.000172683 0.00031879 0.758199 2.0648e-11 
0.120472 0.0236422 6.80888e-06 9.10015e-06 0.781242 4.39053e-05 6.849e-06 0.00546771 0.0656837 1.48856e-05 0.00275805 5.9427e-06 3.01172e-06 9.76665e-05 3.71743e-09 2.03513e-06 0.000177755 0.00015421 4.99892e-06 9.91646e-06 8.37034e-05 0.000113092 
0.0110035 0.012726 0.0488222 0.00134325 0.0563862 8.04172e-07 0.000140181 0.0300611 0.0101726 0.000254457 0.00126094 0.00338156 1.56942e-05 0.382979 6.49203e-08 1.27634e-05 0.0131907 0.0279203 0.000411548 0.0152324 0.384685 9.55601e-08 
0.0341794 0.360543 1.66929e-06 0.00180847 0.000419174 7.83695e-06 0.000357776 0.0199364 0.0175808 2.89162e-07 0.000520519 7.48314e-05 9.59185e-05 0.141019 1.22789e-10 4.62201e-08 1.26354e-06 0.00979707 0.00302022 1.08386e-07 0.410635 1.4288e-10 
0.219864 0.00543872 0.0191306 0.00128054 0.300742 0.000114805 0.0619612 0.00995302 0.0354112 0.000170322 6.18554e-05 0.0008522 0.000722921 0.15204 1.24405e-09 4.43903e-05 0.065016 0.020601 0.000250754 0.000204487 0.106118 2.2915e-05 
0.00602848 0.000681475 0.011354 4.67956e-05 0.974466 8.42202e-05 9.23283e-05 0.00122108 0.00156082 6.4689e-07 0.000102663 0.000186337 7.90128e-05 0.00113458 6.9997e-08 9.25201e-08 0.000224548 0.000100429 1.54854e-07 0.000873788 0.00175744 5.35673e-06 
0.191936 0.00888895 0.00321114 0.00747123 0.0114239 1.89122e-05 0.00524987 0.115287 0.0194049 0.00183122 7.35647e-05 0.000428024 5.34137e-05 0.0596245 5.33768e-07 0.000234356 0.00551703 0.0005252 0.000360422 0.00016482 0.568139 0.00015705 
0.170841 0.0173467 0.000739183 0.00800906 0.0222326 1.02228e-08 0.00086881 0.00584616 0.279722 1.7005e-07 0.000270989 0.0007876 0.000364344 0.120796 8.74262e-13 2.31572e-08 2.03185e-06 1.76273e-06 0.000936924 1.1332e-07 0.371235 5.18928e-09 
0.0817898 0.00434827 0.0946141 0.00575026 0.0463701 7.20747e-05 0.000144743 0.0756701 0.0414259 0.000109028 1.59256e-05 0.0148211 6.79167e-05 0.387709 1.26445e-11 6.193e-06 0.00708286 0.0746637 0.000450563 0.00267615 0.162212 7.57846e-07 
0.00602848 0.000681475 0.011354 4.67956e-05 0.974466 8.42202e-05 9.23283e-05 0.00122108 0.00156082 6.4689e-07 0.000102663 0.000186337 7.90128e-05 0.00113458 6.9997e-08 9.25201e-08 0.000224548 0.000100429 1.54854e-07 0.000873788 0.00175744 5.35673e-06 
0.0884559 0.0138964 0.019943 0.00440339 0.166752 0.000338244 0.00182894 0.00833332 0.0414846 0.000498593 0.000171029 0.00106481 0.0386215 0.332255 2.35267e-12 1.04186e-08 0.0101077 0.180219 2.56898e-08 0.000709825 0.0909166 2.33586e-09 
0.224502 0.332303 0.00207778 0.0260575 0.00450539 0.00258362 0.15563 0.0427673 0.0898226 5.33491e-05 2.29419e-07 1.24106e-05 0.00887476 0.0165647 2.59799e-11 0.00138901 2.66455e-05 1.46421e-05 6.10336e-07 5.15469e-05 0.0927625 6.07636e-09 
0.131032 0.0354613 0.0631121 0.00146266 0.55595 0.000121251 0.00923211 0.0113737 0.0353723 0.000309557 0.00187222 0.0012413 6.87673e-05 0.0488937 2.69931e-05 3.27618e-05 9.87083e-05 0.00619366 0.000617232 2.84801e-05 0.0936584 0.00384115 
0.222029 0.0306485 0.00757055 0.152346 2.39941e-07 9.41861e-08 1.77144e-06 0.0319576 0.0702213 0.00123 0.000246369 0.00511335 2.64001e-07 0.232264 9.57715e-10 2.43896e-09 2.02617e-05 3.70996e-06 0.0334003 1.37702e-05 0.212933 1.11442e-09 
0.216998 0.00736282 0.00946316 0.0553144 0.386473 0.000236973 0.0040333 0.0679347 0.00157488 7.19243e-05 0.0197189 0.00157697 0.0176089 0.111576 1.25608e-10 1.51439e-08 0.000283417 0.000517381 0.00238291 0.0430555 0.0535738 0.000242843 
0.0582491 0.0198579 0.0228947 0.0110245 0.0697616 0.00266475 0.00148212 0.0550527 0.0017312 0.00167952 0.000129719 0.00237004 0.537326 0.174517 1.93619e-06 6.12398e-05 0.00191822 0.0194622 0.000230516 0.000245491 0.0193354 4.26113e-06 
0.121865 0.0186824 0.146934 0.00229483 0.00800066 7.1705e-08 0.00132074 0.00461314 0.0143754 0.0142289 2.2266e-06 0.000611209 3.57451e-07 0.598063 2.16512e-10 1.09963e-06 0.0653934 5.96081e-06 0.000476504 0.000387853 0.00268507 5.85583e-05 
0.0168534 0.000298702 1.1346e-08 0.00111967 0.000129379 1.05684e-05 0.00237069 0.000389486 0.848799 0.00010421 3.6033e-05 0.000343775 2.08584e-05 0.0494977 4.25529e-13 3.37782e-09 0.0132369 0.00504807 0.00118387 1.65259e-08 0.0605576 3.98625e-07 
0.162507 0.0362999 0.000674471 0.014905 0.370053 0.000389296 0.0591113 0.0362617 0.0137116 0.000117967 5.27281e-05 0.00429296 0.000420553 0.0436373 1.72934e-05 3.34567e-05 5.78859e-05 0.00690118 0.000231726 0.000119879 0.24997 0.000233576 
0.030411 0.580832 2.75137e-05 0.0107095 0.0140556 0.0074759 0.0321395 0.135453 0.0705098 2.97923e-05 0.00077339 0.00820811 0.000719069 0.00189335 7.11652e-06 0.00050238 0.000110112 0.000354769 0.0114773 0.000118046 0.0941852 7.50173e-06 
0.0101984 0.00170306 0.000903891 1.04165e-07 0.0127673 1.02379e-08 0.00109738 0.000821295 0.0133994 0.000596223 4.30707e-08 0.000523598 0.000406184 0.757703 8.8431e-11 2.31913e-08 0.120261 0.079618 5.72099e-08 1.13487e-07 9.58201e-07 5.19692e-09 
0.0448423 0.00242646 0.0612006 0.00931577 0.0449552 0.0900488 0.00326387 0.0177861 0.0593323 6.03023e-05 5.01095e-05 0.0855945 0.000101965 0.422975 2.67923e-06 6.38933e-05 0.0171131 0.00057353 0.000437764 0.00127925 0.138571 5.33809e-06 
0.0180826 0.00416329 0.000961598 0.00327392 0.00894755 2.2295e-05 3.84013e-05 0.0021162 0.26953 9.03155e-05 6.76096e-05 6.24503e-05 6.48988e-05 0.0867021 9.24585e-11 1.01045e-06 0.0147655 0.343201 7.73144e-05 0.00036782 0.247464 7.5072e-08 
0.276714 0.019732 0.00021222 0.0101137 0.00179897 1.69555e-05 0.00186872 0.00861689 0.0933431 8.12055e-09 0.000155561 0.000942508 0.000108708 0.0033895 1.41196e-12 1.07652e-08 0.00855994 1.93825e-08 6.06697e-05 1.62313e-08 0.574366 1.64299e-12 
0.00108582 3.93701e-07 0.00017674 0.000852305 0.000176727 5.30739e-05 1.52407e-07 0.00237243 0.00100629 4.11444e-06 2.7446e-08 0.00770838 0.000300201 0.0565445 2.58441e-12 6.58156e-12 0.00284226 0.921502 0.000143563 5.84711e-08 0.0052306 1.73045e-10 
0.555384 6.43873e-06 7.73826e-06 0.151685 0.111208 0.000451426 0.0112395 0.145718 1.93416e-05 1.3711e-06 1.6077e-06 0.00429241 0.0110478 8.74837e-06 9.10368e-11 2.31838e-10 8.38101e-05 3.27344e-06 4.91961e-07 0.00877444 6.60347e-05 1.05932e-10 
0.276714 0.019732 0.00021222 0.0101137 0.00179897 1.69555e-05 0.00186872 0.00861689 0.0933431 8.12055e-09 0.000155561 0.000942508 0.000108708 0.0033895 1.41196e-12 1.07652e-08 0.00855994 1.93825e-08 6.06697e-05 1.62313e-08 0.574366 1.64299e-12 
0.00463344 0.0010635 0.000777165 0.00133795 0.000569971 8.49587e-06 1.73972e-07 0.000717684 0.00278805 4.87071e-05 3.19632e-06 0.000175481 5.96976e-05 0.0196521 1.08906e-12 5.95671e-05 0.291096 0.673074 5.07718e-05 6.76761e-05 0.00381632 3.55127e-10 
0.0170165 0.00144035 0.480162 0.000655976 0.00699158 2.26944e-05 0.00101375 0.0101144 0.00365316 6.16413e-05 1.49162e-05 0.000191985 0.012886 0.456117 3.76199e-10 9.58046e-10 9.22822e-06 0.000113506 2.12496e-06 5.80353e-07 0.00953218 1.31434e-07 
0.0374932 0.523808 0.107793 0.00753509 0.0413906 0.000103442 0.00165577 0.014562 0.0348316 1.38497e-05 0.000389517 0.0844574 7.55136e-06 0.055185 7.78391e-09 3.6666e-07 1.41592e-05 9.44127e-05 0.0172153 0.00585724 0.067366 0.000225744 
0.0284828 1.30847e-05 0.000328539 7.09167e-05 0.960506 0.000204931 3.27249e-06 0.000705602 0.000420324 0.000497089 2.1928e-06 0.000939932 0.00019677 0.00583896 3.27102e-09 1.68084e-08 0.000580787 4.14644e-07 3.9294e-07 4.59164e-05 0.00116152 6.08133e-07 
0.00476738 0.000169884 0.000976432 0.000797074 0.00167166 2.5256e-06 9.93524e-05 0.946311 0.00571318 1.30489e-07 4.41973e-06 6.60426e-05 0.000135656 0.0119509 3.90538e-11 1.46473e-08 0.000193649 9.09218e-06 3.60434e-05 2.69073e-05 0.0270678 4.32654e-07 
0.0302508 0.466535 0.000238646 0.0187229 0.0501856 0.0660327 0.0143909 0.0726227 0.0129204 0.00174011 0.00408255 0.000442117 6.51258e-05 0.00589631 5.35308e-06 8.78118e-06 0.000190645 0.000188565 0.0391825 0.000164332 0.211433 0.00470115 
0.154574 0.00305807 0.00291784 0.00225369 0.538795 0.00404951 0.048117 0.0651046 0.0244268 1.11169e-06 0.0015169 0.110056 0.00454012 0.0138601 1.80059e-09 2.02944e-05 0.00134757 0.000486776 0.00371072 0.0118488 0.00931413 1.11886e-06 
0.0830721 5.13386e-07 2.32403e-06 1.16643e-06 0.859659 1.27805e-07 0.000651218 0.039617 3.20562e-07 0.000284252 3.15962e-06 0.00104321 4.86198e-10 0.0137132 3.51257e-10 8.94526e-10 2.76869e-07 6.51505e-08 7.90484e-07 0.000131834 0.00181886 1.8212e-07 
0.00457505 0.00561762 0.00250617 0.295825 0.000393187 2.02366e-06 0.000825748 0.00746379 0.0033766 5.46117e-05 8.09962e-05 0.000174535 1.4665e-05 0.0256253 1.24034e-09 2.91422e-06 0.000971486 0.00591178 0.000121198 0.000155339 0.646301 9.65173e-08 
0.00963117 0.0027908 0.025452 0.07408 0.00068805 0.000472098 0.668092 0.012341 0.0541003 0.00222188 0.000199208 0.00410432 0.000950289 0.0762565 2.06553e-05 3.10596e-05 0.000151388 0.00154213 0.00524628 0.000793861 0.0513475 0.0094871 
0.276714 0.019732 0.00021222 0.0101137 0.00179897 1.69555e-05 0.00186872 0.00861689 0.0933431 8.12055e-09 0.000155561 0.000942508 0.000108708 0.0033895 1.41196e-12 1.07652e-08 0.00855994 1.93825e-08 6.06697e-05 1.62313e-08 0.574366 1.64299e-12 
0.0410068 0.0086884 0.00278843 0.00684292 0.00510819 4.0437e-05 0.0147971 0.0105251 0.139514 5.3008e-05 0.00864547 0.000667132 0.000302998 0.103427 5.25521e-10 1.22544e-06 0.0616698 0.0120456 0.000368837 1.15724e-05 0.583495 1.91794e-08 
0.288036 0.0441101 0.00102174 0.00734685 0.0210453 3.3585e-05 0.00404046 0.025149 0.140763 0.000888411 8.69356e-05 0.00056466 0.000331989 0.012146 6.46322e-10 1.69742e-06 0.00677872 0.00354846 0.000523515 0.000292843 0.443286 4.94538e-06 
0.0189016 0.000439506 2.86022e-05 0.00180726 3.88271e-05 2.44079e-05 0.0111472 0.000286638 0.847071 5.34477e-05 7.40308e-05 0.000204193 5.23467e-05 0.026205 3.97571e-08 1.55544e-06 0.00450519 0.0363245 0.00964472 2.36381e-07 0.0431893 1.20107e-07 
0.0453534 0.0215458 0.00136117 0.0406586 0.0661189 0.245905 0.281663 0.0336111 0.0366054 0.00028269 0.000736508 0.127727 0.000386775 0.0454623 0.000164723 0.0018841 0.000283415 0.0128977 0.00813457 0.00219652 0.0266881 0.000333469 
0.0504821 0.00921766 0.00407176 0.00338083 0.106933 3.65609e-05 0.00376547 0.0082857 0.590806 0.000121957 0.000968242 0.00401754 0.000830771 0.00421402 2.06536e-07 3.43243e-06 0.0010583 2.98279e-07 0.00104754 0.000523426 0.210235 8.04006e-07 
0.277314 0.069393 8.83468e-07 0.10953 0.160559 2.07614e-05 0.0430841 0.0320826 4.4984e-07 8.75759e-07 0.0256327 0.00122389 4.3121e-11 0.241191 3.1153e-11 7.93357e-11 0.00182624 0.000398348 0.00128563 3.11023e-07 0.0364549 4.45914e-07 
0.178614 0.0342166 0.00153439 0.0158906 0.435797 0.00525102 0.00590581 0.0881059 0.118003 2.57837e-05 6.71599e-05 0.0199797 0.000133848 0.0319736 2.99268e-07 0.00103509 0.00179992 0.00478461 0.00093768 0.000135498 0.0557892 1.9522e-05 
0.276714 0.019732 0.00021222 0.0101137 0.00179897 1.69555e-05 0.00186872 0.00861689 0.0933431 8.12055e-09 0.000155561 0.000942508 0.000108708 0.0033895 1.41196e-12 1.07652e-08 0.00855994 1.93825e-08 6.06697e-05 1.62313e-08 0.574366 1.64299e-12 
0.101678 0.00166662 0.000141173 0.00369381 0.000134168 2.68253e-05 0.0120615 0.000867858 0.737382 8.51368e-05 0.000590959 0.000136142 3.49056e-05 0.0557908 4.11093e-08 2.27392e-05 0.00482335 0.0306238 0.0142072 1.60898e-07 0.0360326 8.04762e-08 
0.000330779 0.000315071 0.000204302 0.000269821 0.000329463 5.83093e-05 3.26933e-06 0.00297796 0.0149974 3.96631e-05 2.80522e-06 0.00754393 7.9147e-05 0.581331 2.88658e-09 0.000103014 0.055595 0.31512 0.000116306 2.20862e-05 0.02056 4.19498e-07 
0.00317107 8.06403e-07 0.0103181 2.81907e-05 0.00294534 8.02286e-08 9.71419e-07 6.92796e-05 0.0013107 0.0580692 1.56612e-06 0.00123043 0.000120694 0.899491 4.26962e-10 3.37219e-05 0.00993285 0.0127222 1.64508e-07 5.14875e-05 0.000486071 1.64445e-05 
0.00602848 0.000681475 0.011354 4.67956e-05 0.974466 8.42202e-05 9.23283e-05 0.00122108 0.00156082 6.4689e-07 0.000102663 0.000186337 7.90128e-05 0.00113458 6.9997e-08 9.25201e-08 0.000224548 0.000100429 1.54854e-07 0.000873788 0.00175744 5.35673e-06 
0.270604 0.00624509 0.00126081 0.0885183 0.00285562 1.28839e-05 0.00110893 0.0346005 0.0424413 1.23944e-06 0.000145932 0.000968527 0.0042808 0.0133247 3.61552e-11 2.47347e-05 0.0255834 0.000263911 0.000484095 0.000174833 0.5071 4.20708e-11 
0.0296185 0.000429577 0.00326102 0.00424575 0.0740867 0.00060572 0.312015 0.0404617 0.0382079 0.000820706 4.23321e-06 0.000364308 5.12036e-05 0.228174 1.38927e-08 2.24049e-05 0.00206524 0.0408566 0.000684588 8.78954e-05 0.223812 0.000125101 
0.0353447 0.0261807 0.00156046 0.107068 0.0699644 0.00341329 0.0788735 0.257498 0.0163391 0.00032879 0.000864395 0.0510845 0.0395362 0.0922735 2.83685e-06 0.000124826 0.000138799 0.0106251 0.00362069 0.0212807 0.183482 0.000395353 
0.0260398 0.0464297 0.00225692 0.0163764 0.50152 0.00108328 9.03388e-05 0.0522105 0.0995758 0.000481078 0.0026545 0.000574983 0.144477 0.037446 3.55203e-05 5.47956e-05 0.000745604 0.0105029 4.9151e-05 0.00101667 0.0562709 0.000107878 
0.00982438 0.00139336 0.00214185 0.314868 5.2321e-08 1.08721e-06 4.63037e-05 0.0666433 2.92222e-07 1.36658e-05 8.02477e-05 2.63086e-05 9.66677e-09 2.49704e-07 1.86811e-12 1.58847e-05 1.49421e-06 0.000458575 0.014585 0.0011417 0.588759 2.17376e-12 
0.0123501 0.00191928 0.00253096 0.0109261 0.00489114 1.36422e-07 0.000619589 0.00672081 0.00244891 3.8079e-07 2.51128e-07 0.00133536 1.7559e-09 0.00657468 7.44629e-11 4.12424e-08 1.28858e-06 4.33591e-07 9.77304e-08 1.57719e-07 0.94968 8.66465e-11 
0.0895713 0.000944419 0.000699994 0.0184516 0.544135 0.00241323 0.00448291 0.0126861 0.00237957 0.000482815 1.39934e-05 0.00189237 6.85474e-09 0.317366 4.95225e-09 1.26116e-08 0.0022294 0.000238827 2.87719e-06 4.10688e-06 0.00200516 7.43964e-07 
0.0657717 0.00816801 0.00133024 0.00224342 0.0756022 0.000524682 0.00503463 0.00804454 0.0551349 0.00033414 7.62622e-05 0.056885 0.000452117 0.558976 1.0786e-07 2.11497e-06 0.0132439 0.0467286 0.000313559 0.0016237 0.0995088 1.12301e-06 
0.000332329 0.000816494 1.19114e-05 0.000491886 0.000548629 0.0124394 0.00101648 0.0117921 2.26889e-05 0.000149508 5.26158e-06 0.97021 5.25008e-05 0.000288666 1.64183e-09 7.1813e-06 0.000272501 7.05274e-05 0.000507051 1.0831e-05 0.000953993 1.91046e-09 
0.028457 0.0143369 0.0314783 0.015184 0.00194204 1.53584e-05 4.14435e-05 0.262023 0.0246231 6.43191e-05 6.13472e-05 0.00116729 0.00012109 0.0590512 2.87674e-08 8.57235e-06 0.00815681 0.0129433 0.000230462 0.00480622 0.535287 7.23461e-07 
0.0297386 0.00161503 0.0131634 0.0268771 0.0890355 0.000205992 0.0143322 0.0351884 0.0199779 0.000322183 0.00025573 0.00595819 0.0603241 0.53966 5.92003e-05 0.000185522 0.00987579 0.0728302 0.00297156 0.00288475 0.057179 0.0173595 
0.224502 0.332303 0.00207778 0.0260575 0.00450539 0.00258362 0.15563 0.0427673 0.0898226 5.33491e-05 2.29419e-07 1.24106e-05 0.00887476 0.0165647 2.59799e-11 0.00138901 2.66455e-05 1.46421e-05 6.10336e-07 5.15469e-05 0.0927625 6.07636e-09 
0.10002 0.0167315 0.0229362 0.0164602 0.0034989 0.0241802 1.67498e-05 0.0582638 0.0673221 0.000159887 0.00273006 0.000178546 4.72382e-08 0.128617 7.15186e-13 1.55225e-05 0.0185338 0.00562276 0.00353663 0.000756253 0.53042 1.22023e-09 
0.0705893 0.0997721 0.000400872 0.0039573 0.752663 0.00239778 0.000378731 0.00500786 0.0133331 1.72418e-09 0.000186195 0.00422048 0.000556911 0.00406661 6.86998e-10 1.74954e-09 0.000176755 2.59603e-05 0.000768459 0.000892662 0.040574 3.17898e-05 
0.0100831 0.000165101 0.00033163 0.000455978 0.0147731 0.000490195 5.22688e-05 0.00224238 0.00402982 0.000765539 1.32569e-05 0.14113 0.000123625 0.599144 4.30911e-11 1.8536e-06 0.00634933 0.204843 3.10294e-06 0.00122358 0.0137788 3.38192e-09 
0.00357711 0.00144542 0.00113106 0.00235673 0.748156 0.00625526 0.0188027 0.00338886 3.04564e-07 6.59528e-09 3.68288e-09 0.000779917 0.170147 0.0428186 2.62788e-09 6.89992e-07 3.50371e-07 0.000280216 0.000116502 1.09647e-05 1.21216e-07 0.000731862 
0.101678 0.00166662 0.000141173 0.00369381 0.000134168 2.68253e-05 0.0120615 0.000867858 0.737382 8.51368e-05 0.000590959 0.000136142 3.49056e-05 0.0557908 4.11093e-08 2.27392e-05 0.00482335 0.0306238 0.0142072 1.60898e-07 0.0360326 8.04762e-08 
0.431504 0.0124924 0.0130508 0.00429387 0.14183 0.000129506 0.000679361 0.046954 0.0134547 1.03833e-06 7.97289e-06 2.78185e-07 0.00187582 0.306637 2.5425e-11 1.06029e-07 0.00348166 6.10282e-06 0.000343272 0.000164788 0.0230936 2.9585e-11 
0.0364138 0.00781817 0.00295146 0.0124277 0.0140958 0.000624734 0.00354696 0.0128861 0.207391 0.00189573 0.000859308 0.00203511 0.000695299 0.224481 2.44884e-08 0.000254409 0.0684685 0.175309 0.00417724 0.00394324 0.2196 0.0001249 
0.0189016 0.000439506 2.86022e-05 0.00180726 3.88271e-05 2.44079e-05 0.0111472 0.000286638 0.847071 5.34477e-05 7.40308e-05 0.000204193 5.23467e-05 0.026205 3.97571e-08 1.55544e-06 0.00450519 0.0363245 0.00964472 2.36381e-07 0.0431893 1.20107e-07 
0.206701 0.0260586 0.000351399 0.0315653 0.0151773 3.01386e-05 0.00144919 0.173248 0.0786583 0.00052856 0.00157486 0.0530833 0.00159316 0.0437965 2.15815e-12 5.84616e-05 0.0173723 0.00851281 0.000119882 0.00058127 0.33954 2.4786e-09 
0.0218795 0.0212059 0.0012532 0.00179075 0.816879 0.0104348 0.00121769 0.0152721 0.026406 5.92783e-05 1.2984e-05 0.00473668 0.00017626 0.0380615 5.54628e-07 0.00183662 0.00123235 0.0084166 0.00182227 0.000669643 0.0266337 2.18646e-06 
0.555384 6.43873e-06 7.73826e-06 0.151685 0.111208 0.000451426 0.0112395 0.145718 1.93416e-05 1.3711e-06 1.6077e-06 0.00429241 0.0110478 8.74837e-06 9.10368e-11 2.31838e-10 8.38101e-05 3.27344e-06 4.91961e-07 0.00877444 6.60347e-05 1.05932e-10 
0.00469641 0.0039217 0.000142245 0.00265237 0.00036353 6.91013e-06 0.0208701 0.363722 0.00360944 6.07372e-10 3.5329e-05 0.560022 3.72699e-06 0.00104878 2.42007e-10 1.0729e-06 1.24051e-07 2.08125e-06 0.000636374 0.0306406 0.00762508 2.81604e-10 
0.0165138 0.0163016 0.000583067 0.0105212 0.152052 0.234522 0.00983903 0.0985691 0.00504044 2.55234e-05 6.15696e-05 0.37752 3.60528e-05 0.0167785 6.0182e-07 1.86308e-05 0.00022067 0.00153251 0.00820532 0.000425369 0.0491447 0.00208829 
0.0250087 0.000969618 0.000830384 0.00013472 0.874407 0.0004761 0.0130318 0.00937419 0.00188604 2.92672e-05 1.46276e-05 0.00157826 0.000743491 0.0357413 1.82151e-06 0.000120221 0.000635248 0.0180557 1.81875e-05 0.000823194 0.0161144 5.47692e-06 
0.074003 0.0112792 0.00650005 0.0398193 0.0672832 9.08722e-05 0.00764217 0.0488459 0.0198934 0.00168175 0.000796211 1.09983e-05 0.000814208 0.0519727 1.87203e-07 1.54226e-05 0.000963668 0.000463472 0.00194862 0.326292 0.339684 2.17833e-07 
0.10002 0.0167315 0.0229362 0.0164602 0.0034989 0.0241802 1.67498e-05 0.0582638 0.0673221 0.000159887 0.00273006 0.000178546 4.72382e-08 0.128617 7.15186e-13 1.55225e-05 0.0185338 0.00562276 0.00353663 0.000756253 0.53042 1.22023e-09 
0.00602848 0.000681475 0.011354 4.67956e-05 0.974466 8.42202e-05 9.23283e-05 0.00122108 0.00156082 6.4689e-07 0.000102663 0.000186337 7.90128e-05 0.00113458 6.9997e-08 9.25201e-08 0.000224548 0.000100429 1.54854e-07 0.000873788 0.00175744 5.35673e-06 
0.265607 0.0940247 0.00250998 0.00999132 0.0595552 3.13786e-05 0.000506306 0.0547491 0.00882491 0.00288964 0.00454893 0.00254194 9.5504e-05 0.135249 1.19714e-11 6.67032e-08 0.0127339 0.0890268 5.56932e-05 0.00539157 0.251667 5.21604e-10 
0.0364138 0.00781817 0.00295146 0.0124277 0.0140958 0.000624734 0.00354696 0.0128861 0.207391 0.00189573 0.000859308 0.00203511 0.000695299 0.224481 2.44884e-08 0.000254409 0.0684685 0.175309 0.00417724 0.00394324 0.2196 0.0001249 
0.0390993 1.25453e-08 0.0168477 0.00231485 0.0332431 3.25313e-09 4.18927e-08 0.00339103 0.0163009 0.000114279 6.91628e-11 1.90655e-08 0.000333459 0.823074 4.93504e-11 0.000226836 0.0219147 0.0111407 4.41006e-05 0.000401194 0.0315543 5.74251e-11 
0.276714 0.019732 0.00021222 0.0101137 0.00179897 1.69555e-05 0.00186872 0.00861689 0.0933431 8.12055e-09 0.000155561 0.000942508 0.000108708 0.0033895 1.41196e-12 1.07652e-08 0.00855994 1.93825e-08 6.06697e-05 1.62313e-08 0.574366 1.64299e-12 
0.0477198 0.00634686 0.000764059 0.000794482 0.652367 0.000221109 0.000405932 0.0165179 0.0270923 0.000314467 3.76116e-05 0.0015416 0.000111228 0.16436 4.67544e-08 3.40821e-07 0.00476723 0.0241203 7.26166e-05 0.00152458 0.0509204 7.64086e-08 
0.00175012 0.0748619 0.00163167 0.00792559 0.0362322 0.00226612 1.09897e-05 0.00379638 0.0465511 2.88364e-05 0.000824686 0.28063 0.000827725 0.407392 1.03387e-08 2.45834e-06 0.0180657 0.0723349 0.00150128 0.00122281 0.0421407 2.66654e-06 
0.0188069 0.0049443 5.11133e-05 0.00231016 0.00768312 0.110527 0.00152703 0.0253772 0.000733915 0.00149714 0.000230397 0.735773 2.99869e-05 0.0416955 7.18989e-12 1.97688e-06 0.000459237 0.0196764 7.49111e-05 2.03227e-05 0.0285808 8.36629e-12 
0.000174364 0.000272482 0.000187502 0.000238235 0.000286293 3.70009e-05 1.45541e-08 0.00252245 0.0116434 3.65215e-05 2.25561e-06 0.00264332 2.99151e-05 0.593942 6.14109e-10 6.45257e-05 0.0558164 0.31284 0.000110895 1.74696e-05 0.0191353 3.857e-07 
0.00476738 0.000169884 0.000976432 0.000797074 0.00167166 2.5256e-06 9.93524e-05 0.946311 0.00571318 1.30489e-07 4.41973e-06 6.60426e-05 0.000135656 0.0119509 3.90538e-11 1.46473e-08 0.000193649 9.09218e-06 3.60434e-05 2.69073e-05 0.0270678 4.32654e-07 
0.170841 0.0173467 0.000739183 0.00800906 0.0222326 1.02228e-08 0.00086881 0.00584616 0.279722 1.7005e-07 0.000270989 0.0007876 0.000364344 0.120796 8.74262e-13 2.31572e-08 2.03185e-06 1.76273e-06 0.000936924 1.1332e-07 0.371235 5.18928e-09 
0.0868964 0.00180847 0.0161233 0.0209257 0.0152717 1.11673e-05 0.000316788 0.126613 0.0680104 1.01138e-05 0.000175431 0.00177983 0.000497302 0.0850172 5.36197e-13 1.6585e-06 0.0144898 0.000749003 0.000277458 0.00274053 0.558283 1.62059e-06 
0.0577242 0.00598739 0.0027505 0.0893694 0.000213444 0.00208361 4.07198e-05 0.0552132 0.0389753 8.97154e-06 0.000204172 5.00285e-06 3.15444e-05 0.0254218 1.19775e-10 8.23835e-07 0.00267573 0.0110654 0.00963549 0.00337111 0.695222 4.0834e-08 
0.00959006 6.9608e-06 0.390615 0.00467576 0.0088716 6.13973e-07 1.82088e-05 0.0014626 0.0166004 1.11763e-05 2.05126e-07 4.9892e-06 1.1822e-05 0.291431 1.09955e-10 6.32087e-05 0.143842 0.00918995 0.000793971 0.000168384 0.122642 1.27945e-10 
0.047053 0.000351912 0.0077852 0.0300682 0.0011882 3.51664e-07 2.19095e-05 0.0146702 0.365488 7.30138e-05 6.71172e-05 4.15916e-06 1.69214e-05 0.0881477 1.25532e-11 1.97913e-08 0.0096094 0.000192287 6.33071e-05 1.12545e-05 0.435188 3.56956e-09 
0.0843625 0.0343689 0.00510899 0.0575053 0.0474668 0.0111614 0.570652 0.0824604 0.00637326 0.000332634 0.00385767 0.0106429 0.000379303 0.0364744 2.60858e-06 0.000524657 0.00451981 0.00251901 0.00817594 0.000508053 0.0325996 4.00116e-06 
0.00837992 1.60031e-05 0.204953 0.00703914 0.0335224 2.08945e-06 0.000300834 0.0849641 0.0523463 1.17735e-05 0.00019046 0.0837117 5.21812e-07 0.008359 1.61341e-08 9.55717e-06 0.00384521 0.00188108 0.00106907 0.000239878 0.509159 1.87739e-08 
