0.0183949 0.0123238 0.00153874 0.124906 0.000541568 7.47166e-05 0.0030736 0.0954841 0.0177912 0.000236334 0.035914 0.000255575 0.000242599 0.0279772 0.492673 0.000120437 0.000596453 0.0046538 0.0734313 0.0173023 0.0635924 0.0088758 
0.00886929 0.000161885 0.000170987 0.00832349 3.13261e-05 9.11607e-05 0.00132317 0.000372213 0.0143134 3.30963e-05 0.00304531 9.15158e-07 0.000565178 0.0127156 0.785481 1.5398e-05 2.30996e-05 0.0106761 0.147251 4.09213e-06 0.00653289 1.70416e-10 
0.0188426 0.117208 0.00736013 0.0250158 0.0322851 0.000129717 0.0109742 0.010343 0.101149 0.00401655 0.0012283 0.000748851 0.000521976 0.158005 0.407535 3.10824e-05 0.00338271 0.00111284 0.0479579 0.00559013 0.0463639 0.00019932 
0.0620372 0.00629205 0.0146333 0.00498656 0.0145228 6.11352e-05 0.00869186 0.0100376 0.138539 5.41038e-07 8.06416e-10 1.21489e-05 0.00183163 0.122736 0.561531 0.00013615 0.000162919 0.00949435 1.2616e-06 0.0303241 0.013968 6.60538e-07 
0.00973445 0.105891 0.00090877 0.0501011 0.0177727 5.42164e-06 0.00179036 0.0405133 0.0240489 0.00308279 0.00555066 0.000304452 0.000638447 0.01837 0.617651 0.000129885 3.96202e-05 0.00224191 0.0786556 0.00434893 0.0182182 2.05411e-06 
0.0394422 0.000811237 0.00154886 0.00241218 8.56799e-08 9.84182e-05 0.137852 1.34928e-07 0.303301 8.38136e-07 9.5755e-07 2.77099e-06 1.17252e-06 0.0127536 0.44751 4.64337e-10 1.5158e-10 8.68021e-05 2.73743e-07 0.00348529 0.0506925 2.12166e-10 
0.0409873 0.0111732 0.0121028 0.0393392 0.0110317 0.000126403 0.00254819 0.051502 0.0132728 5.56765e-06 0.011698 0.00014289 0.000919617 0.202341 0.556926 0.000522098 0.00179997 0.000558293 0.0185383 0.00115787 0.0230448 0.000262753 
0.0345167 0.060003 0.0274108 0.0692866 0.0155123 0.00735018 3.28076e-05 0.00183742 0.187181 0.000104306 0.000972022 2.62306e-05 0.000363407 0.128732 0.295046 0.0180043 0.000214246 0.00190177 0.0410241 0.0205421 0.0899374 3.8499e-07 
0.00895817 0.00445775 0.00767696 0.0855798 0.00478244 2.36698e-05 0.0107982 0.00703651 0.102073 0.000256977 0.00286998 6.84337e-05 0.0102799 0.0284669 0.528689 4.71058e-05 0.00219015 0.00772762 0.125953 0.00160335 0.0604477 1.37978e-05 
0.0146235 0.0120517 0.017305 0.00902729 0.00194956 5.3247e-05 0.00861786 0.0138183 0.172162 5.80725e-05 0.000295676 0.00769497 0.228028 0.0253846 0.281134 0.00978509 0.0541647 0.0295263 0.0329606 0.00287776 0.0782805 0.000201217 
0.00978967 0.00136409 0.00404921 0.105863 0.00229268 3.42972e-05 1.32758e-06 0.0811316 0.0028192 2.05424e-09 0.288717 0.0014373 2.17782e-06 0.00836813 0.44723 7.4749e-05 1.44976e-06 5.76844e-07 0.0378109 0.00183892 0.00717382 1.99369e-07 
0.0191718 0.0596274 0.0283321 0.106958 0.0127916 7.57049e-07 0.00115407 0.0228334 0.100633 0.000878495 0.00212033 0.000259744 1.09651e-06 0.0960749 0.251643 0.00151479 0.0277133 0.0812968 0.0174736 0.0129526 0.15657 4.15768e-08 
0.0168544 0.0275037 0.00248578 5.54008e-06 0.0820125 0.00988387 0.00914591 0.132593 0.0229089 0.00175173 2.05599e-06 0.150171 0.0116562 0.00729824 0.416164 4.57235e-05 1.94605e-06 0.00413469 0.0968004 0.000645169 0.00793615 3.4604e-08 
0.0212962 0.140903 0.00155415 0.0654508 0.00452432 3.80146e-06 4.46208e-06 0.0128389 0.0470103 0.00013907 8.93168e-05 6.83279e-05 0.00147089 0.0716768 0.403961 3.13102e-05 0.000133253 0.00157858 0.0174863 0.000790538 0.208987 1.75121e-06 
0.0313776 0.131621 0.0119694 0.0476765 0.00206246 2.27967e-05 0.0112158 0.0107087 0.0606696 0.00664297 8.25493e-05 2.90668e-05 4.2774e-05 0.210248 0.454319 4.82159e-05 0.00129288 9.09275e-05 0.00499816 1.94929e-05 0.0135681 0.00129316 
0.0816248 0.0093683 0.00849827 0.0250477 0.040877 1.64828e-05 3.21652e-08 0.0190455 0.0422735 0.000138396 4.5385e-05 7.94905e-05 3.43275e-06 0.00258849 0.713709 1.29932e-05 8.47724e-05 0.000963452 0.0277865 0.00235021 0.0254717 1.43188e-05 
0.00995393 0.000155426 0.00018238 0.00504916 6.22279e-05 0.000119376 0.00200824 0.000173973 0.0157479 4.779e-07 0.00278066 3.44804e-07 3.23143e-05 0.00471961 0.836097 4.10387e-06 6.34721e-06 0.0160006 0.101444 5.15443e-06 0.00545637 3.22896e-10 
0.00135358 0.000207442 2.60178e-07 1.54787e-05 0.0391868 0.0125051 3.47386e-05 0.275567 1.53676e-05 5.64686e-05 0.000136166 2.55109e-05 0.00020493 0.000403337 0.657154 2.07396e-06 2.37765e-05 0.00403902 0.000511251 6.64037e-10 1.5415e-05 0.00854226 
0.00504463 0.0050525 0.000613514 0.0161961 0.000362366 1.04029e-05 0.00174152 0.0100191 0.00733682 0.000127252 0.00962488 1.3953e-05 0.000151045 0.0276678 0.865615 2.77173e-07 0.00194417 0.000528739 0.0283938 0.0114826 0.00806778 5.9568e-06 
0.0336659 0.0235323 0.0368615 0.0130747 0.12887 0.000376492 0.00124891 0.124801 0.0515629 5.05279e-05 0.00338505 0.00306562 0.0390959 0.0562272 0.295368 5.73466e-06 0.00152061 0.0204362 0.0244277 0.10021 0.0422138 1.12431e-07 
0.197498 4.84892e-06 0.0049738 0.0500209 0.0203573 9.48432e-09 1.27874e-08 0.00333178 0.174927 5.19114e-08 5.57853e-05 1.93286e-08 5.06914e-05 0.0750984 0.427926 6.00243e-06 9.04563e-06 2.11968e-06 0.000102466 0.0456151 2.04083e-05 2.40683e-08 
0.0221815 1.27559e-05 1.1876e-07 0.0485473 4.62679e-06 8.58573e-10 0.0144721 0.171633 0.000121169 4.6993e-09 0.243359 3.40255e-06 0.000183683 1.2998e-05 0.372891 3.50852e-06 1.55662e-09 2.76447e-06 0.0305506 1.50745e-09 0.0960172 2.40648e-06 
0.0716025 0.00233608 0.0796513 0.00175556 0.0435024 3.23856e-06 4.29055e-05 0.0403964 0.0177377 3.51278e-07 0.00106476 0.0063676 3.79106e-05 0.108805 0.541684 4.47371e-06 0.00842816 0.00831251 0.0609747 6.87931e-06 0.00728334 2.3292e-06 
0.0127715 0.00573934 0.00735587 0.000431531 0.0013418 1.67643e-05 3.57203e-05 0.0034677 0.00054678 0.00182227 0.000817325 0.00152663 0.000154665 0.0488283 0.663651 2.40254e-09 0.216818 0.00243184 0.0192432 7.70578e-11 0.0129997 1.11376e-10 
0.019578 0.0129172 0.0339382 0.00175324 0.00385084 8.62053e-06 0.00217412 0.00239192 0.0208213 1.43943e-05 0.00138531 0.000558959 0.000328423 0.25277 0.414411 2.16881e-05 0.0014372 0.0911966 0.00685182 0.00134043 0.132249 1.65142e-06 
0.0851953 0.0923515 0.00933562 0.0543608 0.110025 0.00153384 0.00310764 0.061971 0.036882 0.0048927 0.00994059 0.0154116 0.000874682 0.098616 0.176437 7.74985e-05 0.00235451 0.00680183 0.0924389 0.00414164 0.129772 0.00347814 
0.00153885 0.00144123 0.00722667 0.0870249 0.00643881 0.000265518 0.00134874 0.0347994 0.0100817 0.00392518 0.000293905 0.000317072 0.0159593 0.00641105 0.758168 0.000253534 0.000230903 0.00775828 0.00396676 0.0100787 0.0423631 0.000108305 
0.000841984 0.0136971 0.0401736 0.00211293 0.00822 1.49165e-07 3.42324e-10 0.0065657 0.00802194 1.38968e-09 7.59328e-07 1.77018e-06 1.74829e-06 3.38846e-07 0.878195 1.41012e-09 4.60325e-10 7.4727e-07 0.041852 4.45784e-10 0.000314325 2.2108e-07 
0.00646651 0.018065 0.00112442 0.0281174 0.000983667 1.7941e-05 0.00415098 0.0372929 0.0211153 0.000806428 0.0074933 0.000193136 0.000430034 0.0425739 0.743133 5.05394e-06 0.00262082 0.00098615 0.0553912 0.00858954 0.0195485 0.000895251 
0.163187 2.63353e-06 1.35953e-09 0.0815655 8.8134e-05 8.44136e-10 1.24067e-05 1.48329e-05 0.280313 4.62029e-09 2.58002e-09 1.94412e-05 1.80947e-05 2.07883e-06 0.461804 4.68824e-09 1.53044e-09 9.34306e-07 4.93929e-06 0.0129625 4.18184e-06 2.14216e-09 
0.0779849 0.0110133 0.00207798 0.0538793 0.0210301 4.43002e-05 0.00114205 0.0540552 0.0125342 0.000775437 0.00973429 0.0250534 0.000482094 0.0362175 0.532909 2.08847e-05 0.00366405 0.010731 0.11867 0.00458704 0.0215309 0.00186326 
0.00876351 0.0482147 0.000826865 0.0203833 0.00254678 6.70888e-05 0.0111845 0.249685 0.0721499 0.00012115 0.0069397 0.00102545 0.00243461 0.00997351 0.433152 1.99447e-05 0.000415595 0.00182196 0.0853173 4.9134e-06 0.0443473 0.000604749 
0.0127715 0.00573934 0.00735587 0.000431531 0.0013418 1.67643e-05 3.57203e-05 0.0034677 0.00054678 0.00182227 0.000817325 0.00152663 0.000154665 0.0488283 0.663651 2.40254e-09 0.216818 0.00243184 0.0192432 7.70578e-11 0.0129997 1.11376e-10 
0.00067244 0.284396 2.07172e-05 0.0004828 0.000219306 4.27145e-06 2.44278e-05 0.000616215 0.000520461 2.61295e-05 0.000350455 0.000163654 1.41035e-05 0.000433774 0.707393 2.27913e-05 5.70223e-05 3.15416e-05 0.000472166 2.80942e-05 0.00405047 1.83391e-07 
0.0127715 0.00573934 0.00735587 0.000431531 0.0013418 1.67643e-05 3.57203e-05 0.0034677 0.00054678 0.00182227 0.000817325 0.00152663 0.000154665 0.0488283 0.663651 2.40254e-09 0.216818 0.00243184 0.0192432 7.70578e-11 0.0129997 1.11376e-10 
0.00895817 0.00445775 0.00767696 0.0855798 0.00478244 2.36698e-05 0.0107982 0.00703651 0.102073 0.000256977 0.00286998 6.84337e-05 0.0102799 0.0284669 0.528689 4.71058e-05 0.00219015 0.00772762 0.125953 0.00160335 0.0604477 1.37978e-05 
0.0127715 0.00573934 0.00735587 0.000431531 0.0013418 1.67643e-05 3.57203e-05 0.0034677 0.00054678 0.00182227 0.000817325 0.00152663 0.000154665 0.0488283 0.663651 2.40254e-09 0.216818 0.00243184 0.0192432 7.70578e-11 0.0129997 1.11376e-10 
0.00820708 0.0121338 0.0136345 0.165118 0.0146531 3.52787e-05 0.0100806 0.0168976 0.0347811 0.000355892 0.00210906 0.000822398 0.00134718 0.063066 0.406935 9.06941e-05 0.0102422 0.000166832 0.0125124 0.113669 0.113142 5.37561e-08 
0.0245614 0.042993 0.000650677 0.0233882 0.000267077 1.17397e-06 1.34555e-05 0.00453896 0.0689646 5.83431e-05 0.000154379 0.000586394 0.000155578 0.227668 0.399432 5.04805e-08 0.00386082 0.0138351 0.0702416 3.17521e-07 0.118629 1.33965e-08 
0.0538554 0.0367985 0.000285775 0.0533055 0.00928327 0.00080668 0.0460613 0.0520517 0.0154488 0.000838192 0.00797147 0.0101046 0.00209633 0.0164703 0.495408 0.000201089 0.000181364 0.00211677 0.154961 0.00148709 0.0379153 0.00235234 
0.00655213 0.115472 0.000156847 0.0201881 0.000196432 1.33367e-06 8.47681e-05 0.051737 0.024411 1.29007e-05 0.000438442 5.03828e-05 0.00354017 0.032052 0.535061 3.71343e-07 0.000188559 0.00124294 0.0173451 0.000348342 0.19092 2.14318e-08 
0.0183939 0.00108054 0.0021531 0.0564203 0.00368482 6.62686e-07 1.00915e-07 0.0172286 0.00474911 3.9954e-08 0.0419453 1.33045e-07 2.20354e-08 0.00340529 0.484223 3.1977e-05 7.33341e-06 1.72834e-06 0.349652 0.0131451 0.00387604 6.65868e-07 
0.0607183 0.0125471 0.0126093 0.0208426 0.013423 2.03025e-05 0.00012078 0.0227116 0.190692 0.000426212 0.00016757 0.00174397 0.000107524 0.112003 0.407607 0.00713438 0.000407725 0.0199734 0.00496512 0.00256305 0.109216 4.0746e-09 
0.00918538 0.014713 0.00065583 0.0438977 0.000877889 0.00119256 0.00335829 0.128202 0.0257092 0.000777452 0.00536495 0.00135368 0.00271362 0.0283185 0.590591 2.72597e-05 0.00554625 0.00227932 0.0871359 0.00408782 0.038734 0.00527806 
0.0362957 0.0687206 0.0350321 0.0476372 0.162195 0.000171247 0.0154924 0.0141859 0.0497194 0.00116327 0.0012108 0.00742154 0.012946 0.122315 0.287862 8.98476e-08 6.52721e-10 0.018856 0.00723933 0.00763161 0.103822 8.37985e-05 
0.0127715 0.00573934 0.00735587 0.000431531 0.0013418 1.67643e-05 3.57203e-05 0.0034677 0.00054678 0.00182227 0.000817325 0.00152663 0.000154665 0.0488283 0.663651 2.40254e-09 0.216818 0.00243184 0.0192432 7.70578e-11 0.0129997 1.11376e-10 
0.163187 2.63353e-06 1.35953e-09 0.0815655 8.8134e-05 8.44136e-10 1.24067e-05 1.48329e-05 0.280313 4.62029e-09 2.58002e-09 1.94412e-05 1.80947e-05 2.07883e-06 0.461804 4.68824e-09 1.53044e-09 9.34306e-07 4.93929e-06 0.0129625 4.18184e-06 2.14216e-09 
0.00542243 4.96347e-07 0.00273091 0.00168416 0.000367576 2.41368e-09 3.25429e-09 1.10446e-09 1.91007e-06 1.3211e-08 1.09477e-05 4.91895e-09 7.28612e-09 1.5367e-05 0.988712 4.89121e-06 3.40668e-06 4.94632e-07 0.000435866 3.80428e-06 0.000429764 0.000176303 
0.000659518 0.00690135 0.0170826 0.0551167 0.0818966 6.55996e-05 0.00538274 0.0264442 0.0155485 8.40142e-05 0.0165248 0.0157122 0.0216604 0.0165994 0.449753 4.08192e-07 3.31283e-05 0.000173776 0.196603 0.00200233 0.0349629 0.0367928 
0.00158698 0.000171132 0.00129175 0.0116635 0.000232034 5.7052e-07 0.000716964 0.00255982 0.00220686 1.04403e-05 0.00144005 2.92719e-06 0.0037794 0.00837638 0.654686 0.000221325 0.000140296 0.000226979 0.259256 0.000529878 0.0509011 8.65348e-11 
0.00941464 0.00870614 3.3754e-05 0.00159573 1.3381e-08 3.89717e-09 3.85022e-08 0.000436157 0.0586334 4.4137e-08 1.08915e-11 7.26227e-12 1.19933e-05 0.0577166 0.814706 1.97914e-11 5.06826e-08 0.00206814 1.13032e-08 1.24197e-07 0.0466774 9.04312e-12 
0.182573 0.00315819 0.0741547 0.0811631 0.00049267 0.00250273 1.91249e-05 0.0197348 0.116319 5.31016e-05 0.000336135 3.24202e-06 2.72576e-05 0.0804653 0.301113 0.000178954 1.8231e-06 0.0020519 0.110798 0.00496605 0.019888 3.86099e-07 
0.097805 0.0114265 7.90905e-05 0.0230169 0.000505528 1.31847e-07 5.11421e-05 0.0700225 0.000126545 7.21652e-07 0.131222 6.2469e-05 0.000244485 0.00022853 0.59333 7.32266e-07 7.61644e-05 4.4138e-05 0.0705779 0.000210842 0.00086205 0.000106607 
0.0427325 0.0245372 0.00166845 0.0887835 0.000773113 0.00609488 0.00010042 0.00501629 0.168349 2.99789e-05 0.00021778 0.000178011 3.15692e-05 0.0151844 0.47826 0.000248176 0.000179451 0.000237771 0.0472711 1.1174e-05 0.120093 1.45979e-06 
0.0201431 0.0410611 0.00165528 0.0307657 0.0223007 0.00190851 7.05887e-07 0.000779112 0.00569552 0.000495676 0.00755864 0.0175588 5.33599e-05 0.0559886 0.776922 4.49703e-09 1.50813e-05 7.08663e-05 0.00433359 0.00175914 0.0109347 2.05479e-09 
0.0240389 0.0484849 0.00225208 0.00980608 0.00456598 0.109831 0.00663823 0.0554654 0.0366395 8.79278e-05 0.00347178 0.00442644 8.67255e-05 0.125409 0.386115 0.00102094 0.00644748 0.00841798 0.0227828 0.000239315 0.143087 0.000684807 
0.00660959 0.0155271 0.0333265 0.0128354 0.000387699 1.39697e-05 0.013658 0.0223141 0.0844656 5.94765e-05 0.00383984 0.00393321 4.72951e-06 0.0854463 0.682476 1.98161e-06 0.00039536 0.000304254 0.0127862 0.00227956 0.0193298 5.50233e-06 
0.000182217 0.00590875 0.000320376 0.000325498 0.000256751 1.28287e-07 3.64921e-05 0.0514887 0.0964178 1.35874e-09 2.53152e-06 4.49854e-06 2.32377e-06 0.00215302 0.812334 3.39304e-07 5.47565e-05 1.04201e-07 0.0105487 8.77569e-08 0.0199626 2.00686e-07 
0.000354201 9.67488e-06 1.67765e-06 0.0247886 4.92508e-05 6.64921e-06 8.74535e-07 0.00180256 0.000507776 9.02087e-08 1.02775e-06 3.35881e-08 4.97519e-08 3.6033e-05 0.642923 6.74942e-06 2.98811e-08 1.01287e-08 0.328926 2.89372e-08 0.00058577 4.18246e-08 
0.0268704 0.27996 0.000167547 0.00740464 0.0250178 1.27007e-08 2.9786e-07 0.0130428 0.00109477 2.15833e-07 8.1179e-05 0.00174497 0.000185105 0.0103776 0.600108 0.000849188 0.00686249 0.00152195 0.0105502 0.00138029 0.0127805 3.77279e-08 
0.0989233 0.0783885 0.00188933 0.187868 0.0304392 0.000255474 0.00183427 0.0218935 0.0802058 5.87546e-05 0.0152875 0.0145209 2.42469e-05 0.0660757 0.222638 3.90953e-05 0.00652949 0.00273469 0.147821 0.000772762 0.0217991 1.07136e-06 
0.0792857 0.00649543 0.00970217 0.000303788 0.120527 0.000580009 6.01234e-05 0.0114221 3.58657e-08 0.000505995 0.000530685 0.0152508 3.1362e-05 0.0502893 0.627046 3.8902e-07 0.00327928 0.000525691 5.85419e-08 0.0395197 0.0346439 1.77752e-07 
0.0786163 2.16142e-06 0.00246426 0.124339 0.0173569 0.000131683 0.00192052 0.0719715 0.0173626 3.92895e-07 0.0239155 1.4629e-07 2.26913e-06 0.0273662 0.562277 0.00122448 1.30144e-07 0.000151378 0.00489495 0.000113258 0.0656928 0.000196993 
0.0127715 0.00573934 0.00735587 0.000431531 0.0013418 1.67643e-05 3.57203e-05 0.0034677 0.00054678 0.00182227 0.000817325 0.00152663 0.000154665 0.0488283 0.663651 2.40254e-09 0.216818 0.00243184 0.0192432 7.70578e-11 0.0129997 1.11376e-10 
0.0834151 0.00668389 0.00740766 0.218785 0.0305802 0.000923827 0.0372332 0.00176883 0.0162756 8.43623e-05 0.00896089 0.000133984 0.0151595 0.0790746 0.345999 4.99251e-05 0.0811268 0.000163083 0.00686791 0.0128059 0.046501 1.83502e-07 
0.199363 0.0567756 0.0111268 0.0603848 0.00330252 4.12212e-05 0.000629694 0.0552228 0.010217 0.000920311 0.0152448 0.000920232 0.00414409 0.0786394 0.302575 3.21953e-05 4.4981e-05 0.00328628 0.0148859 0.0110492 0.171193 1.14565e-06 
0.0310734 0.170424 0.00157625 0.0477229 7.56045e-05 4.67527e-07 6.21496e-06 0.0113385 0.0190052 1.88984e-05 0.000361805 3.73633e-05 0.0086843 0.102411 0.315846 4.10822e-05 0.000417728 0.00389755 0.00261807 0.000884321 0.283478 8.11337e-05 
0.0133323 0.0249382 0.00102768 0.161034 0.00578156 2.69233e-05 1.42028e-07 0.0183769 0.00217935 1.60167e-07 0.00174259 0.000828386 1.22463e-06 0.0145251 0.654232 0.000385199 6.79641e-05 2.04683e-05 0.0803812 8.51498e-05 0.0210106 2.22546e-05 
7.51924e-08 0.00966522 1.60247e-05 3.39446e-06 8.12162e-09 5.59649e-07 4.01421e-06 1.26409e-05 3.73216e-09 3.98944e-08 2.22775e-08 1.48542e-08 2.20026e-08 0.000636863 0.989625 4.04812e-08 4.32098e-06 4.47939e-09 3.16915e-05 1.27974e-08 1.94122e-09 1.84968e-08 
0.0195218 0.0843312 0.00880606 0.000188928 0.0210823 1.07899e-05 0.00018606 0.00134996 0.00493808 0.000320476 0.00124006 8.9393e-05 2.96172e-05 0.0702085 0.785503 3.81871e-05 4.01987e-07 1.3626e-07 0.000187143 0.00170286 0.000257908 7.019e-06 
0.0106042 0.0501523 0.00187876 0.062582 0.00178885 0.000123005 0.0113138 0.12953 0.0565763 0.000392252 0.0214519 0.000989922 0.0016221 0.031272 0.482361 2.51005e-05 0.00176215 0.00963864 0.0848608 0.00703007 0.0333073 0.000737885 
0.0501399 0.0500745 0.000181149 0.0271758 0.110645 1.34138e-05 5.87661e-06 0.212015 0.0637805 2.72466e-06 6.02068e-05 0.000388328 7.4358e-06 0.0606186 0.313053 0.0159648 0.0104798 0.000196579 0.0581965 0.000380539 0.0106105 0.016009 
0.0176953 0.00312532 0.00644148 0.0920704 0.0245653 7.41233e-05 3.81925e-05 0.0230441 0.0196196 0.00371712 1.75618e-06 0.000562306 0.0026696 0.352546 0.433546 1.55384e-06 0.000186586 0.00133625 0.00401843 0.000312859 0.0144276 4.16979e-07 
0.0127715 0.00573934 0.00735587 0.000431531 0.0013418 1.67643e-05 3.57203e-05 0.0034677 0.00054678 0.00182227 0.000817325 0.00152663 0.000154665 0.0488283 0.663651 2.40254e-09 0.216818 0.00243184 0.0192432 7.70578e-11 0.0129997 1.11376e-10 
0.0830444 0.00492967 0.000592635 0.224853 0.00409298 6.42853e-06 0.0185327 0.0124524 0.0138624 0.0066642 0.0111732 0.000329443 0.000106577 0.0373983 0.352095 4.37927e-05 3.07091e-05 0.0097833 0.194339 0.000287014 0.0253747 7.7987e-06 
0.0565739 0.000899608 0.000674967 0.00227003 0.115457 2.96563e-05 0.000428291 0.0941863 0.000863781 1.35903e-06 0.000113339 0.00037947 0.00171602 0.00503097 0.612449 0.000192517 0.000195198 3.59333e-05 6.57503e-05 0.107124 0.00127577 3.68135e-05 
0.00254435 6.83608e-12 0.000249639 0.00119717 1.0257e-11 9.20521e-12 5.21391e-08 4.21217e-12 0.0135859 5.08876e-09 2.84162e-09 1.87598e-11 2.77876e-11 0.00970783 0.972715 5.11247e-11 1.66893e-11 5.65713e-12 7.69353e-12 1.61621e-11 3.04026e-08 2.336e-11 
0.0127715 0.00573934 0.00735587 0.000431531 0.0013418 1.67643e-05 3.57203e-05 0.0034677 0.00054678 0.00182227 0.000817325 0.00152663 0.000154665 0.0488283 0.663651 2.40254e-09 0.216818 0.00243184 0.0192432 7.70578e-11 0.0129997 1.11376e-10 
0.00895817 0.00445775 0.00767696 0.0855798 0.00478244 2.36698e-05 0.0107982 0.00703651 0.102073 0.000256977 0.00286998 6.84337e-05 0.0102799 0.0284669 0.528689 4.71058e-05 0.00219015 0.00772762 0.125953 0.00160335 0.0604477 1.37978e-05 
0.00955719 0.154384 0.00149097 0.00531324 0.00112616 0.0255049 0.0102694 0.17744 0.0264958 9.39583e-05 6.49515e-05 0.000946968 0.000394488 0.098725 0.429698 0.00686618 0.00346693 0.00428184 0.0205452 0.00344666 0.0197416 0.00014753 
0.0429543 0.0207916 0.00174563 0.0193543 0.00188011 2.36329e-06 9.41622e-05 0.00107621 0.186981 1.53718e-05 1.06872e-06 8.06758e-09 0.00599023 0.179386 0.436907 7.79149e-06 0.00469752 0.00153777 0.000414434 9.09853e-05 0.0960718 4.8281e-09 
0.221101 0.0293166 0.0536576 1.8004e-07 0.00819188 2.22851e-05 0.000293951 0.00154032 0.00146638 0.001567 1.07569e-06 0.00506452 0.0019466 0.00080544 0.661963 1.95468e-06 6.38091e-07 0.00513012 0.00742845 6.17935e-07 0.00049939 8.93136e-07 
0.0792209 0.000540847 2.36242e-05 0.00124043 0.0020884 2.45426e-05 0.00152248 0.00310092 0.145112 5.0626e-10 2.82702e-10 1.885e-10 0.000515476 0.0156515 0.739103 5.13706e-10 3.64789e-05 0.000487585 7.73054e-11 0.00380616 0.00752584 1.88305e-07 
0.14786 4.47394e-07 0.000984443 0.0054453 0.000204457 9.02206e-05 0.000503521 0.000499418 0.254969 0.000816161 2.43524e-07 0.000124331 0.00225102 0.137087 0.361984 2.17067e-05 0.000349977 0.0499725 0.00775774 1.11274e-09 0.0290781 1.05372e-08 
0.159692 0.0538598 0.0256407 0.140373 0.000730642 4.38378e-06 0.00220635 0.0135976 0.063908 1.62718e-06 0.00828168 0.00169753 0.00182432 0.0643853 0.319252 8.92687e-05 0.0111372 0.00488082 0.118957 4.74983e-05 0.0094339 9.29792e-09 
0.000253978 0.00411427 0.0120889 0.00475805 0.00247063 1.64816e-07 2.0854e-09 0.0271874 0.0140028 8.46579e-09 8.36422e-07 2.05897e-06 2.03477e-06 3.94019e-07 0.922453 8.5903e-09 2.80424e-09 8.68876e-07 0.0125664 2.81174e-06 9.47995e-05 2.45616e-07 
0.0205486 0.0350327 4.87179e-05 0.149415 0.0229876 7.57498e-07 2.78544e-07 0.0207696 0.00208092 0.00273582 0.000259345 0.00183802 0.00279489 0.0234399 0.582447 3.78072e-05 0.000251294 0.00132222 0.0545212 3.76549e-09 0.0794674 5.44247e-09 
0.0182867 6.566e-08 0.00623362 0.113289 0.0135136 1.27968e-05 1.19208e-07 0.00498107 5.32258e-05 0.0047026 2.70233e-07 1.80186e-07 0.00411193 0.00495388 0.805069 4.91048e-07 0.000163881 5.43362e-08 0.00359791 0.00131215 0.019717 2.24371e-07 
0.00014321 0.119083 0.000157333 8.55346e-05 0.00168694 1.21313e-05 0.000144008 0.00318695 0.000408046 2.58403e-08 0.0117447 0.000254543 1.42514e-08 0.00207761 0.856819 2.62204e-08 0.000610832 1.54416e-05 0.00348885 8.28908e-09 7.5997e-05 6.0193e-06 
0.0152722 0.0181297 0.00616748 0.0416473 0.00231049 3.31361e-05 0.0158203 0.0158336 0.215343 0.000192855 0.00257451 0.0108687 0.00856297 0.0383094 0.295341 3.71048e-05 0.055805 0.0243991 0.10748 0.00482976 0.121026 1.61679e-05 
0.045562 0.0185724 2.47524e-06 0.00792631 0.211177 2.47577e-06 0.0212916 2.47623e-06 2.47619e-06 2.47196e-06 2.47402e-06 0.0240089 0.00148691 0.0277377 0.633542 2.47189e-06 0.00619017 2.4761e-06 2.47591e-06 2.47514e-06 2.4764e-06 0.00247693 
0.233914 0.0103585 0.00301449 0.104451 0.0076672 0.000240173 0.0394104 0.117641 0.0197553 1.69841e-05 0.00386781 0.000240874 0.000172059 0.0423351 0.299942 1.57854e-08 0.00161872 0.000180899 0.00337104 0.00914243 0.10266 2.45743e-07 
0.0924782 0.0443824 0.0115266 0.0131891 0.0926948 2.72843e-05 0.000619478 0.0231666 0.0169064 0.0002509 0.00580405 0.00143554 0.000293643 0.0627317 0.577364 0.000273536 0.000453417 0.0017747 0.0218053 0.00626339 0.0221364 0.00442235 
0.00281972 0.00435259 0.00165949 0.00168659 7.90005e-12 7.08995e-12 9.55918e-12 0.000166475 0.0360238 3.34799e-06 5.3598e-09 1.84926e-08 1.65387e-08 0.16502 0.774297 0.000119074 8.8581e-07 6.19415e-08 0.00329716 1.24482e-11 0.0105539 1.79921e-11 
0.00131531 9.38986e-08 3.7083e-05 0.0761026 7.37323e-07 5.26751e-08 0.00042085 0.000964685 0.000194781 7.2005e-07 0.00932881 1.00509e-09 0.00264835 0.000297276 0.807902 7.44465e-07 2.38863e-08 3.9084e-08 0.0992201 0.000335404 0.00123027 1.25156e-09 
0.020852 1.09053e-05 2.32395e-05 0.369358 1.06746e-05 3.19909e-06 6.99907e-07 0.00398398 0.0324234 2.84131e-06 1.48484e-05 1.05793e-06 1.56704e-06 0.133334 0.416945 3.35771e-05 0.00117709 0.00567353 0.00714152 0.00163844 0.00736924 1.31735e-06 
0.0103193 0.0268408 0.000656172 0.0324246 0.00144976 0.000767869 0.00332991 0.183278 0.0339574 0.000247152 0.0111837 0.000430847 0.000462448 0.00816061 0.573806 5.64179e-05 0.000296839 0.00462953 0.0680658 0.00131007 0.0366071 0.00171983 
0.0101817 0.0373199 8.11077e-06 0.100301 0.0348487 2.19153e-05 4.11982e-07 0.102106 0.00330457 0.00822452 0.00381573 0.000807716 0.000553143 0.0469355 0.556002 1.66175e-08 0.000524863 0.00133837 0.0814412 2.24124e-05 0.0122419 1.35036e-09 
0.0678282 0.0609068 0.160617 0.0243945 0.00654059 1.02993e-05 0.00168001 0.1599 0.0530056 0.000270701 0.00105357 0.00309113 0.00106636 0.0690074 0.241966 0.0102697 0.00290958 0.00289063 0.0253541 0.00318574 0.104052 1.26108e-07 
0.0386181 0.0369133 0.0577088 0.0257999 0.000474234 0.0132551 0.00169338 0.010716 0.0833749 0.000285951 0.0128502 0.00111646 0.0146355 0.149908 0.328404 3.67588e-05 0.0032806 0.0110621 0.0573545 0.0117594 0.103984 0.0367686 
0.0127715 0.00573934 0.00735587 0.000431531 0.0013418 1.67643e-05 3.57203e-05 0.0034677 0.00054678 0.00182227 0.000817325 0.00152663 0.000154665 0.0488283 0.663651 2.40254e-09 0.216818 0.00243184 0.0192432 7.70578e-11 0.0129997 1.11376e-10 
0.167478 0.0749155 0.00092739 0.130502 0.0175954 0.000168216 0.00156605 0.00565443 0.00541212 3.45772e-05 0.00282489 0.000622023 0.00443293 0.00939324 0.416252 0.000258664 0.000670197 0.0100512 0.00208673 0.00959166 0.139354 0.000208283 
0.0276183 0.0149829 0.000640553 0.0544302 0.000254965 8.49883e-05 0.0135895 0.147585 0.0095432 0.000968954 0.00642686 0.000247739 7.27381e-05 0.0569711 0.592963 7.13129e-05 0.00205519 0.00414127 0.0261772 0.000642524 0.0405081 2.47718e-05 
0.0127715 0.00573934 0.00735587 0.000431531 0.0013418 1.67643e-05 3.57203e-05 0.0034677 0.00054678 0.00182227 0.000817325 0.00152663 0.000154665 0.0488283 0.663651 2.40254e-09 0.216818 0.00243184 0.0192432 7.70578e-11 0.0129997 1.11376e-10 
0.0425595 0.0138173 0.00394532 0.118791 0.00741685 5.11265e-05 0.00143192 0.0757335 0.0415135 0.00254911 0.000938471 0.00172174 0.00276293 0.0669297 0.422146 0.00100365 0.0163358 0.000383567 0.12146 0.00844389 0.0423809 0.00768337 
0.00605044 0.0159138 6.7142e-06 0.137137 0.0484776 5.64045e-05 0.00319197 0.0662633 0.00391935 2.38354e-06 0.000297437 0.00699777 0.000130396 0.0282499 0.680213 0.000992637 1.76675e-05 0.000898418 5.68861e-05 0.000911432 0.000214653 6.84752e-07 
0.0133121 0.105298 0.00282608 0.130545 0.118129 5.38408e-05 0.00235193 0.106873 0.00107073 2.6859e-06 0.00195979 0.00199532 0.00215444 0.106252 0.304156 8.42126e-05 0.00137525 9.35343e-05 0.0303282 0.0563385 0.0138858 0.000915847 
0.0314572 0.0155549 8.68803e-05 0.0354497 0.00758224 2.55101e-05 0.00163601 0.120103 0.0219564 0.00615891 0.0307108 0.00078587 0.000206435 0.016737 0.458535 1.85447e-06 4.64427e-05 0.00944258 0.2117 0.00301141 0.0288066 4.86458e-06 
0.00386934 0.025751 0.00639595 0.0247273 0.00582857 3.0185e-05 0.00913851 0.0150059 0.0138694 0.000120791 0.0147223 0.0028115 0.000661085 0.0157335 0.647174 1.52072e-05 2.15192e-06 0.0205301 0.155142 0.00115091 0.0373089 1.1581e-05 
0.0276895 0.00675924 0.00568661 0.00342374 0.0370931 0.00160354 0.00744683 0.0186474 0.00247171 1.67117e-05 0.00230837 0.000205508 0.00189415 0.00189105 0.803486 7.50333e-05 0.000223982 0.000463399 0.000495912 0.0592466 0.0188557 1.59397e-05 
0.00135358 0.000207442 2.60178e-07 1.54787e-05 0.0391868 0.0125051 3.47386e-05 0.275567 1.53676e-05 5.64686e-05 0.000136166 2.55109e-05 0.00020493 0.000403337 0.657154 2.07396e-06 2.37765e-05 0.00403902 0.000511251 6.64037e-10 1.5415e-05 0.00854226 
0.124773 0.0959145 0.0123764 1.32309e-06 0.211852 5.18313e-11 6.98827e-11 2.54963e-06 1.80497e-07 2.83693e-10 1.76162e-05 2.12326e-06 1.56462e-10 0.122965 0.290254 2.59108e-06 0.00112298 1.46557e-07 0.00988849 0.109603 0.0212247 7.76165e-07 
0.28235 0.0276464 0.00196707 0.0129137 0.000584138 1.6801e-10 2.70616e-07 0.0298491 0.00997932 0.000111785 1.26246e-06 3.42397e-10 5.54334e-07 0.291935 0.32746 0.000320619 0.0109611 0.00387175 7.83844e-06 6.47286e-06 3.30897e-05 4.26359e-10 
0.069921 0.0720497 0.00217924 0.117999 0.000653177 5.14753e-06 0.005774 0.0137928 0.0901043 2.55511e-07 0.00108083 2.5197e-05 0.00285994 0.104775 0.286213 2.51817e-07 0.00689486 0.00763034 0.197448 0.00195715 0.0186369 6.01364e-08 
0.0121495 0.00401306 0.00132866 0.00986771 7.30429e-05 7.93022e-12 1.18035e-05 0.00280825 0.0200866 0.00449648 2.96058e-05 2.70163e-06 2.86754e-05 0.110853 0.81275 0.000115786 0.00156715 7.92472e-05 0.00268132 0.000157359 0.0168996 4.66091e-08 
0.0236122 0.00807538 0.00419061 0.109786 0.00231921 5.58557e-06 0.000165209 0.107099 0.026091 9.14963e-05 0.0169151 0.000402448 0.000810833 0.0232844 0.566642 0.000616622 0.000571321 0.000101353 0.0733545 0.00389092 0.0290637 0.00291029 
0.000253978 0.00411427 0.0120889 0.00475805 0.00247063 1.64816e-07 2.0854e-09 0.0271874 0.0140028 8.46579e-09 8.36422e-07 2.05897e-06 2.03477e-06 3.94019e-07 0.922453 8.5903e-09 2.80424e-09 8.68876e-07 0.0125664 2.81174e-06 9.47995e-05 2.45616e-07 
0.119177 0.0116846 0.00109992 0.130659 0.0654587 1.38383e-06 3.2179e-05 0.0447749 0.0762623 0.000695424 0.00119666 0.000443248 6.56991e-05 0.0594289 0.443151 0.000393979 0.0158397 0.00940301 0.00251926 0.0107601 0.00694691 6.30366e-06 
0.0542456 0.00962192 0.00072199 0.00576085 0.00636629 4.24861e-06 0.000203434 0.00102448 0.0920718 2.89146e-05 5.38516e-08 3.77266e-05 0.000517412 0.24785 0.469647 3.90326e-06 0.00358416 0.0106498 0.00108067 7.46946e-07 0.0962353 0.0003435 
0.00281972 0.00435259 0.00165949 0.00168659 7.90005e-12 7.08995e-12 9.55918e-12 0.000166475 0.0360238 3.34799e-06 5.3598e-09 1.84926e-08 1.65387e-08 0.16502 0.774297 0.000119074 8.8581e-07 6.19415e-08 0.00329716 1.24482e-11 0.0105539 1.79921e-11 
0.00146555 0.0165176 8.76402e-08 0.0255861 0.0934763 1.67958e-05 0.00142595 0.0123542 0.0121798 5.44928e-05 3.30618e-05 0.000344865 1.64265e-07 0.0137219 0.819244 3.02221e-07 1.3685e-05 4.15793e-05 0.00352374 9.55416e-08 1.44926e-08 1.38092e-07 
0.0208475 0.0157812 0.000239657 0.0951037 0.000136145 1.71505e-07 0.000107512 0.0557285 0.0790035 4.39506e-05 0.000591221 5.70277e-05 3.3356e-05 0.0344912 0.365163 0.00134335 0.00030348 0.00153688 0.04886 0.000666645 0.279962 8.94907e-09 
0.0610495 0.00417936 0.0010604 0.115442 0.0118066 7.87686e-06 0.000376921 0.00336816 0.180224 0.0164197 0.00172346 3.9188e-05 2.65325e-05 0.115432 0.428992 0.000282739 0.00100994 5.91804e-05 0.00443817 0.00276122 0.051301 2.23494e-07 
0.0862978 0.0245067 0.00619941 0.0600761 0.0290537 8.32655e-05 0.00903887 0.185939 0.206464 0.000903 0.00274025 0.000350523 0.000227422 0.0816986 0.207067 3.85647e-05 0.00123636 0.00229529 0.0133644 0.0258927 0.056461 6.58032e-05 
7.29635e-07 8.24261e-07 1.78759e-06 0.00405522 0.00107993 0.000578441 1.49647e-06 0.00152325 0.000710047 6.07502e-06 3.39236e-06 2.26196e-06 3.35049e-06 0.000423384 0.991595 6.16437e-06 2.01232e-06 6.82109e-07 9.27649e-07 1.94875e-06 2.95604e-07 2.81664e-06 
0.0126337 0.0469578 0.000749458 0.0541542 0.0359577 0.000422726 0.0293123 0.114744 0.0189739 0.00626177 0.00934334 0.00737768 0.00527403 0.015302 0.410692 0.000180174 0.00028158 0.0468839 0.152774 0.0209074 0.0104434 0.000373671 
0.0134793 0.0040666 0.00483743 0.00115063 0.00726317 4.11064e-05 0.00145542 0.00325683 0.00434007 0.000847307 0.000583562 0.000686878 7.30135e-05 0.0225784 0.754615 7.11886e-09 0.157131 0.00168883 0.0092067 7.44258e-10 0.0126978 1.23511e-06 
0.0213529 0.104477 0.0262281 0.0507086 0.00028542 4.50163e-05 0.000247504 0.0199537 0.0624713 0.000653165 0.000570995 2.80591e-05 0.000141702 0.11391 0.582163 7.21141e-05 3.20588e-05 5.35938e-05 0.00781559 1.14746e-07 0.00167541 0.00711363 
0.0547649 0.00173456 0.0351042 0.0963045 0.0558342 6.59131e-05 0.00341055 0.0537894 0.00942881 9.62958e-05 9.22031e-08 0.0014221 0.000760972 0.190105 0.453403 9.27366e-05 0.00131477 0.000891947 0.0032402 0.0127858 0.0254457 4.51616e-06 
0.0573051 0.0159427 0.00209719 0.0978801 0.00298647 3.8506e-10 1.35067e-07 0.000731784 0.105628 1.64794e-06 0.000351937 0.00109839 1.16237e-09 0.108567 0.407467 0.000417889 0.000900301 0.00529049 0.0143604 0.000264861 0.178539 0.000169407 
0.0261807 2.84473e-07 0.0565389 0.0550909 0.000930415 1.17422e-05 0.00187317 0.00931852 0.274108 1.38192e-07 0.000694895 3.44195e-05 0.00201152 0.0987997 0.277984 0.00806128 0.00180567 0.000220244 0.0261463 0.0112191 0.14897 2.764e-08 
0.0165183 0.00460448 0.0017472 0.123744 0.0262422 0.000127516 0.000909907 0.0106133 0.123051 3.56565e-05 0.0132658 0.0058244 0.00144901 0.0373764 0.455446 4.42742e-08 0.000373976 0.000288419 0.0441904 0.00113624 0.125351 0.00770419 
0.013064 0.000773885 5.50275e-05 0.00291015 0.0826055 4.21141e-05 0.000389815 0.000364113 0.000521051 0.0016572 0.00104283 3.34763e-08 4.65235e-06 5.86949e-05 0.889029 9.12307e-08 2.97816e-08 1.0095e-08 0.00546878 0.00150807 0.000503754 8.18583e-07 
0.0485742 0.0273018 0.00219306 0.0463489 0.00417453 0.000532194 0.00676451 0.0100397 0.0319126 0.000710854 0.000287546 0.00117132 0.000402485 0.214394 0.514099 0.000815107 0.010532 0.00439774 0.0216591 0.00157632 0.0277328 0.0243809 
0.0114724 0.000969076 0.000475489 0.000731768 0.163309 2.15454e-05 0.00032004 0.00126671 0.000817201 0.000529638 0.000764407 0.00113348 0.00104841 0.00104681 0.76797 7.57717e-07 0.00107553 0.00411289 0.00153748 0.0364095 0.00498821 3.46218e-07 
0.00300036 0.00113835 0.00175079 0.04058 0.00034578 0.176309 4.40294e-06 0.000719019 0.00957374 1.62434e-05 0.000325304 0.000103044 4.48284e-05 0.0193498 0.709551 0.000103882 2.26789e-05 4.98956e-05 0.0353578 0.0001576 0.00133576 0.000160204 
0.0115265 0.0399367 0.00178094 0.158308 0.0153504 1.34225e-05 0.000628479 0.162543 6.53156e-05 0.00181595 0.00352661 0.0038952 0.00761927 0.0296931 0.278538 0.000651808 0.00281772 0.00456724 0.0609133 0.172448 0.0409227 0.00243895 
0.0127715 0.00573934 0.00735587 0.000431531 0.0013418 1.67643e-05 3.57203e-05 0.0034677 0.00054678 0.00182227 0.000817325 0.00152663 0.000154665 0.0488283 0.663651 2.40254e-09 0.216818 0.00243184 0.0192432 7.70578e-11 0.0129997 1.11376e-10 
2.67053e-05 1.30127e-06 4.84008e-06 0.000408971 3.13467e-06 2.66068e-06 2.07439e-06 7.53255e-07 6.12102e-05 5.03612e-08 2.81223e-08 1.87514e-08 3.32801e-07 6.29682e-06 0.999137 5.11019e-08 1.66819e-08 1.76075e-05 0.000326476 1.61549e-08 2.45053e-09 1.90025e-07 
0.0788004 0.0810412 0.00655918 0.0408877 0.0359706 0.00107682 0.0664983 0.0388066 0.011085 0.000197499 0.000595986 0.102914 0.000778554 0.140254 0.203352 7.13891e-05 0.00264537 0.0633083 0.0127209 0.00405263 0.108384 2.83939e-08 
0.0314244 0.00248091 0.00323777 0.0567846 0.0201169 7.67899e-05 6.21108e-05 0.00392018 0.0266895 0.000321498 0.00391949 0.000253652 0.0031071 0.165407 0.650196 2.08493e-06 0.000559193 0.00141084 0.0117793 0.000861702 0.0173662 2.28478e-05 
0.0266504 0.000186072 3.56487e-07 0.0164624 0.00456249 1.16829e-05 0.000160594 0.0818418 0.000912146 0.000355001 0.000128157 0.0190967 6.68166e-07 0.0281143 0.78785 3.16525e-05 5.50888e-06 1.36028e-07 0.0272499 0.00550293 2.50852e-05 0.000852493 
0.0348132 0.0390217 0.00646542 0.331869 0.000563652 1.68891e-07 0.000439248 0.0114964 0.110212 6.02959e-05 0.000216198 0.00171119 1.50693e-05 0.0709559 0.333383 0.00334183 3.28411e-06 0.000105276 0.0309336 0.00195404 0.0224389 1.45328e-07 
0.0279108 0.0165112 0.00176904 0.0487658 0.0115582 0.000783632 0.00420421 0.0210655 0.0436953 0.000403214 0.0228414 0.00112441 0.0013731 0.0205456 0.352401 0.000188207 0.000537486 0.0046095 0.346813 0.0137215 0.0590122 0.000166191 
0.0106513 0.0451546 0.0276459 0.0961848 0.00316364 2.42349e-05 0.000104663 0.0671723 0.0327083 0.000281103 0.00348716 0.00041715 0.000581048 0.0140309 0.624728 0.00033242 0.0037544 6.92827e-05 0.0366269 0.0071808 0.0256954 5.575e-06 
0.0229336 0.0188157 0.0206351 0.0300796 0.0102339 1.72762e-05 0.00616011 0.013188 0.1887 0.00015209 0.0016102 0.000860262 0.00320378 0.0557895 0.305832 7.99367e-06 0.0020469 0.00345959 0.00720342 0.0301036 0.27891 5.74634e-05 
0.0607388 0.0528772 0.000268525 0.0328007 0.0418644 1.47901e-05 0.000530205 0.0669277 0.153492 0.0047204 0.0142666 0.00173402 0.00277914 0.0815162 0.240701 3.57869e-07 0.000248121 0.00160672 0.0606504 1.76285e-06 0.182261 3.06484e-10 
0.0170175 0.00402963 0.002282 0.0274736 0.00185237 7.59793e-06 0.000486929 0.0107313 0.0166188 0.00316334 0.0190497 2.68719e-05 6.30265e-05 0.0630695 0.742241 7.43795e-05 0.000177816 0.00657008 0.0703574 0.00230918 0.0101787 0.00221906 
0.136762 0.0386221 0.0186797 0.0804297 0.0100907 8.0224e-05 0.00266794 0.0312207 0.150654 0.00354247 0.00539702 0.00122298 0.000521385 0.144534 0.20347 3.82344e-05 0.00136018 0.0197191 0.0158251 0.0149328 0.120096 0.000132815 
0.126344 0.00893021 0.0163353 0.0109343 0.198223 0.000785757 1.25667e-05 0.0193871 5.63742e-05 0.000251568 0.00099858 0.000523103 4.80362e-07 0.0237473 0.557166 8.83789e-07 1.33919e-06 0.000277591 0.0320018 0.000418498 0.00358046 2.50369e-05 
0.00149776 0.0849734 2.71817e-07 0.0560356 0.0409216 0.00286792 0.000293324 0.0450384 0.0390654 2.5448e-07 0.0135209 0.00583692 0.0056656 0.0120372 0.621649 2.58222e-07 8.42949e-08 0.000169073 0.069961 0.000437446 4.34368e-06 2.37905e-05 
0.00149947 4.74477e-08 0.00113201 0.0004478 0.00498347 3.20095e-05 8.61427e-08 0.000804012 0.000644516 3.49701e-07 0.0150756 0.000104295 0.000270208 0.000345743 0.84012 0.00184554 1.15837e-07 3.92648e-08 0.00442684 0.12804 0.000228032 1.62136e-07 
5.17218e-05 0.132333 6.43803e-06 4.54747e-05 9.80294e-06 8.92253e-11 4.33092e-06 0.138522 4.5687e-11 3.17486e-06 9.16329e-06 9.45732e-07 0.0102643 0.0256588 0.658892 6.8886e-06 6.14734e-06 2.50049e-06 0.00986184 1.80627e-05 0.0243033 3.62508e-07 
0.0291667 0.000610164 0.00330865 0.147723 0.000572041 1.10911e-06 2.07852e-08 0.000920421 0.00169789 8.43787e-08 5.6339e-06 0.00123104 3.6475e-07 0.00644296 0.787771 8.56197e-08 0.00106969 9.47413e-09 0.0165048 0.00193508 0.00103352 5.49083e-06 
0.0656641 0.0136724 0.00429075 0.155023 0.00252812 0.0299348 0.0055855 0.0553687 0.0176427 0.000418981 0.00170239 0.0212819 0.00668863 0.0332857 0.428371 0.00190339 0.000122895 0.00672872 0.12289 0.00197202 0.0247 0.000223756 
0.0148439 0.1965 0.00132094 0.0244112 0.0896355 0.00681794 0.0445584 0.129276 0.0296503 0.000406208 0.000959049 0.00426867 0.00345689 0.0304082 0.348921 2.20301e-05 0.000359156 0.0106 0.00788844 0.000542536 0.0530643 0.00208838 
0.0529234 0.018993 0.0108581 0.0449214 0.0397196 0.0123775 0.00377318 0.0183991 0.0165266 0.000499477 0.00585172 0.00857552 0.00141884 0.047564 0.596339 0.000622274 0.0082923 0.00133259 0.0349777 0.00833948 0.0312626 0.0364327 
0.0582653 0.0122935 0.0122286 0.0204116 0.0130311 1.94957e-05 0.000115905 0.0217941 0.183309 0.00040903 0.000160876 0.00168093 0.000105358 0.108014 0.429646 0.00684612 0.000391251 0.0191692 0.00476456 0.00245953 0.104885 3.9486e-09 
0.00694382 0.0200396 0.00103511 0.0281622 0.00126101 2.24942e-05 0.00322106 0.0493808 0.0238724 0.000676973 0.00961175 0.000301907 0.000556005 0.0304944 0.729432 8.27445e-06 0.00153037 0.00125461 0.0623994 0.00739637 0.0220434 0.000356499 
0.000381509 0.0124007 9.00543e-06 0.000681492 0.000536983 3.89616e-08 7.58468e-05 0.0765005 0.0228135 1.14356e-10 7.6975e-07 1.29903e-07 4.61542e-06 0.00203356 0.833157 1.0289e-07 0.000114082 3.16575e-08 0.0221434 2.65938e-08 0.0291465 6.08963e-08 
0.0562754 0.0133081 0.00146262 0.089243 0.00366537 2.57033e-08 4.14653e-11 0.00895926 0.184564 8.95877e-08 1.70253e-08 6.2676e-11 7.43629e-05 0.160384 0.376089 0.000237586 0.00670632 1.89004e-11 0.0132108 5.39973e-11 0.0858203 7.80454e-11 
0.0273751 0.012906 0.0177995 0.0669309 0.0174447 0.000437063 0.000546785 0.103232 0.0283395 0.000216101 0.0492585 0.00401825 0.00384373 0.0634285 0.346564 5.66345e-06 0.00100651 0.014636 0.109024 0.0119534 0.121027 7.58402e-06 
0.149427 0.00959217 0.000944985 0.148438 0.0031668 2.92329e-13 0.000510831 0.0727363 1.49684e-13 6.7622e-05 0.00100876 1.61153e-05 0.000652919 0.0656035 0.45662 0.000313733 0.000765359 0.00037358 0.001667 0.00682335 0.0812711 1.90147e-06 
0.0305646 0.106631 0.000130095 0.00234364 0.013297 0.000433988 0.000642266 0.396609 0.00757702 0.000192248 0.00144811 0.00233686 0.000178459 0.00470363 0.40575 6.79045e-05 0.000329561 0.00892654 0.0124812 0.000923196 0.00443286 5.33659e-07 
0.0470981 0.000998097 0.0267256 0.0663765 0.192729 0.000243774 0.00655635 0.000303672 0.064346 2.89712e-05 0.00649418 0.00283342 0.000484691 0.0293451 0.461657 0.000174089 7.56434e-05 0.000232342 0.000896545 0.0906519 0.00174029 8.7724e-06 
0.110459 0.0026049 0.000735437 0.0235031 0.00932016 1.66943e-06 0.000177578 0.0117771 0.0265428 0.00400308 4.33868e-05 0.000240523 0.00157937 0.0362532 0.377219 4.2377e-05 6.20144e-05 6.18533e-05 0.059234 0.000758245 0.31232 0.0230609 
0.00895817 0.00445775 0.00767696 0.0855798 0.00478244 2.36698e-05 0.0107982 0.00703651 0.102073 0.000256977 0.00286998 6.84337e-05 0.0102799 0.0284669 0.528689 4.71058e-05 0.00219015 0.00772762 0.125953 0.00160335 0.0604477 1.37978e-05 
