0.00108582 3.93701e-07 0.00017674 0.000852305 0.000176727 5.30739e-05 1.52407e-07 0.00237243 0.00100629 4.11444e-06 2.7446e-08 0.00770838 0.000300201 0.0565445 2.58441e-12 6.58156e-12 0.00284226 0.921502 0.000143563 5.84711e-08 0.0052306 1.73045e-10 
0.0157931 0.00132104 0.000142482 0.00193895 0.00170023 4.96604e-06 0.0032133 0.00302054 0.785214 0.000864437 0.000112694 0.000696967 2.56127e-05 0.107492 6.49173e-09 7.29415e-06 0.00734772 0.0047929 0.00219699 3.56214e-05 0.0640766 3.33077e-06 
0.0129459 0.0995036 6.81287e-05 0.00265857 0.0331323 1.31833e-05 1.90022e-05 0.00129327 0.0254819 1.76066e-06 7.57704e-09 1.08935e-05 0.000928447 0.00140917 4.7321e-10 8.80508e-07 1.63633e-06 5.12742e-05 9.95722e-05 0.000219549 0.822156 5.13317e-06 
0.0644106 0.0134617 8.69733e-07 0.00678454 0.0021564 2.12199e-09 0.0025107 0.0105535 0.0619624 7.02258e-08 0.000203839 0.0011931 2.29892e-06 0.036367 1.10159e-12 2.65278e-05 0.00660936 7.99961e-08 0.000225354 2.90898e-08 0.793532 1.28183e-12 
0.555384 6.43873e-06 7.73826e-06 0.151685 0.111208 0.000451426 0.0112395 0.145718 1.93416e-05 1.3711e-06 1.6077e-06 0.00429241 0.0110478 8.74837e-06 9.10368e-11 2.31838e-10 8.38101e-05 3.27344e-06 4.91961e-07 0.00877444 6.60347e-05 1.05932e-10 
0.272151 0.0561025 0.000142535 0.0541736 0.00335512 2.66606e-05 0.00276258 0.0523686 0.0359939 1.33317e-05 0.000386528 0.00162772 7.07847e-05 0.00313272 1.98579e-10 1.30015e-06 0.000186108 5.62807e-07 9.77073e-05 1.50948e-06 0.517405 8.22245e-07 
0.0189016 0.000439506 2.86022e-05 0.00180726 3.88271e-05 2.44079e-05 0.0111472 0.000286638 0.847071 5.34477e-05 7.40308e-05 0.000204193 5.23467e-05 0.026205 3.97571e-08 1.55544e-06 0.00450519 0.0363245 0.00964472 2.36381e-07 0.0431893 1.20107e-07 
0.000235796 0.000164187 2.48127e-05 0.00047558 2.89038e-06 5.18084e-06 0.00379639 0.000168404 4.83657e-05 0.988339 1.46912e-06 0.000143124 9.77426e-07 0.00587658 8.884e-13 2.8785e-06 4.91338e-06 0.000117269 0.000319229 1.07181e-06 0.000269957 1.60048e-06 
0.148823 0.00151997 0.00312268 0.0168514 0.229953 0.00372948 0.0094096 0.105577 0.00942633 0.000384801 0.000343298 0.177195 0.00262833 0.199531 7.87364e-07 0.00212127 0.000503818 0.0153887 0.000880493 0.0454139 0.0271155 8.07714e-05 
0.0217714 0.0106277 0.0078262 0.000759944 0.688428 1.83597e-06 0.000242164 0.0289767 0.138509 0.000712752 2.07019e-05 0.00126777 0.000203852 0.0165505 1.74655e-08 1.20145e-06 0.000101539 0.0357977 0.0124676 0.0111486 0.0237151 0.000869554 
0.0126844 0.00335926 0.00222507 0.0183337 0.000781343 8.70471e-05 0.0310402 0.00518257 0.00347301 0.781143 0.000132226 0.00298916 0.000105812 0.0953074 1.30463e-05 0.000171032 0.0165961 0.00321889 0.00657808 0.000102909 0.0150233 0.00145235 
0.128438 0.0420223 0.00842957 0.0039855 0.362991 0.000490997 0.00890453 0.0657635 0.00921411 0.000134677 0.00108649 0.0262201 0.000103003 0.120824 7.0654e-06 1.34847e-05 0.00848689 0.00323285 0.00010656 0.000381784 0.206737 0.00242687 
0.0257614 0.00334618 0.000603708 0.0149871 0.00178742 0.000135759 0.00914992 0.0268816 0.0124339 0.00499624 6.26513e-05 0.822243 0.000511957 0.0183072 4.58643e-08 7.3063e-05 0.031402 0.00116408 0.00219352 8.461e-05 0.0238743 5.64675e-08 
0.0662849 0.0206838 0.00298063 0.00709809 0.213134 0.000914677 0.00835341 0.183621 0.0517613 0.00028626 0.000154068 0.0622715 0.0714937 0.0725852 9.67762e-08 2.25227e-05 0.00166252 0.00511243 0.000721093 0.00630546 0.181255 0.0432984 
0.0843625 0.0343689 0.00510899 0.0575053 0.0474668 0.0111614 0.570652 0.0824604 0.00637326 0.000332634 0.00385767 0.0106429 0.000379303 0.0364744 2.60858e-06 0.000524657 0.00451981 0.00251901 0.00817594 0.000508053 0.0325996 4.00116e-06 
0.479083 0.0998904 5.60291e-07 0.00342415 0.0190958 3.45204e-05 0.00373917 0.0107243 0.160136 3.37386e-06 0.000243219 0.00876266 0.000137881 0.00424219 2.72225e-11 8.97907e-07 0.000366614 1.42425e-07 0.000163558 3.8199e-07 0.209951 2.08062e-07 
0.0662849 0.0206838 0.00298063 0.00709809 0.213134 0.000914677 0.00835341 0.183621 0.0517613 0.00028626 0.000154068 0.0622715 0.0714937 0.0725852 9.67762e-08 2.25227e-05 0.00166252 0.00511243 0.000721093 0.00630546 0.181255 0.0432984 
0.00220112 0.000113817 0.45948 2.5006e-05 0.000852105 2.12128e-06 7.34693e-05 5.49385e-05 0.0303471 0.000144518 6.79376e-08 3.57413e-05 0.000135279 0.433397 2.25236e-09 3.66254e-08 0.0550831 0.00703683 2.55091e-05 1.78936e-07 0.0109929 8.22214e-09 
0.319672 0.0127495 0.00132533 0.0124634 0.207795 0.000253214 0.0312749 0.0350851 0.018633 0.000312025 0.00441433 0.0104001 0.0590476 0.154144 6.30563e-06 6.14593e-05 0.0115921 0.0119666 0.00341093 0.00339833 0.101986 9.49444e-06 
0.0370307 0.0544196 0.0070275 0.00280124 0.750891 0.0052238 0.0195179 0.0249723 0.0237276 3.77965e-05 0.00772892 0.00184794 0.0026432 0.0189184 9.77988e-06 0.000174604 0.00141331 0.000453528 0.000592294 0.00533818 0.0230685 0.0121616 
0.264433 0.0167087 0.00534673 0.00705876 0.389887 7.61986e-06 2.53776e-06 0.0747996 0.00899398 7.90622e-05 0.00010206 0.0092516 0.000119687 0.00925356 1.24807e-09 2.50738e-07 0.0111142 0.00194573 0.000665824 0.00158815 0.198629 1.22093e-05 
0.00108582 3.93701e-07 0.00017674 0.000852305 0.000176727 5.30739e-05 1.52407e-07 0.00237243 0.00100629 4.11444e-06 2.7446e-08 0.00770838 0.000300201 0.0565445 2.58441e-12 6.58156e-12 0.00284226 0.921502 0.000143563 5.84711e-08 0.0052306 1.73045e-10 
0.210877 0.044111 0.0025886 0.00629417 0.061543 0.000107722 0.00634463 0.00719515 0.0561237 9.09925e-06 3.01723e-05 0.0124213 3.97545e-05 0.0677964 3.47634e-08 3.90326e-08 0.137554 0.0076102 8.66028e-05 0.000159847 0.379107 7.88168e-07 
0.191508 0.0312038 0.000161896 0.00556252 0.18029 0.000100197 0.000923139 0.0971943 0.0266965 5.26038e-06 2.52132e-05 0.000768006 0.000344833 0.394686 1.63476e-09 4.16316e-09 0.015428 0.00048625 0.00276839 0.000158206 0.0516775 1.17586e-05 
0.00175012 0.0748619 0.00163167 0.00792559 0.0362322 0.00226612 1.09897e-05 0.00379638 0.0465511 2.88364e-05 0.000824686 0.28063 0.000827725 0.407392 1.03387e-08 2.45834e-06 0.0180657 0.0723349 0.00150128 0.00122281 0.0421407 2.66654e-06 
0.0902184 0.00716095 0.00125304 0.0227137 0.751482 0.000827731 0.00690195 0.0217984 0.00206662 1.60811e-05 0.000489123 0.00197841 0.000169128 0.0274758 2.43366e-09 6.19768e-09 4.43187e-05 2.09108e-05 9.85372e-07 0.0270658 0.0383159 8.76799e-07 
0.484404 0.134239 0.0179105 0.0610655 0.161541 0.000225484 0.0128993 0.0280937 0.0207522 0.000147269 8.35914e-05 0.00137065 0.000166341 0.0472905 1.20561e-05 0.000240508 0.000318679 0.00123438 0.00205568 0.000112207 0.0257092 0.000128197 
0.375472 0.010286 0.258291 0.0202285 0.0301854 0.000246925 0.00428544 0.0697815 0.0650913 5.33763e-10 4.61869e-07 1.55392e-06 6.8043e-07 0.106977 2.12677e-10 9.52376e-08 0.00083821 0.000226787 0.000176781 1.53548e-06 0.0579087 1.48597e-07 
0.000221313 0.000138251 2.42181e-05 0.000327055 2.17005e-06 2.34592e-06 0.000353397 7.28159e-05 3.85992e-05 0.992385 8.96538e-09 0.000105373 7.26292e-09 0.00575617 8.93197e-13 2.5349e-06 4.48941e-06 0.000101361 0.000234538 4.13566e-07 0.000228511 1.01816e-06 
0.0110035 0.012726 0.0488222 0.00134325 0.0563862 8.04172e-07 0.000140181 0.0300611 0.0101726 0.000254457 0.00126094 0.00338156 1.56942e-05 0.382979 6.49203e-08 1.27634e-05 0.0131907 0.0279203 0.000411548 0.0152324 0.384685 9.55601e-08 
0.00602848 0.000681475 0.011354 4.67956e-05 0.974466 8.42202e-05 9.23283e-05 0.00122108 0.00156082 6.4689e-07 0.000102663 0.000186337 7.90128e-05 0.00113458 6.9997e-08 9.25201e-08 0.000224548 0.000100429 1.54854e-07 0.000873788 0.00175744 5.35673e-06 
0.00231466 0.00056652 0.566067 0.000579255 0.041728 4.0334e-06 1.54945e-07 0.0010097 0.00886092 0.00385034 0.00017208 0.000491432 0.000130426 0.302764 2.25897e-10 4.63759e-08 0.0488738 0.0199202 0.000109007 0.000295905 0.00226336 1.05253e-08 
0.00639307 0.000167118 0.0012288 0.00234026 0.0350896 0.00154833 0.0738099 0.0138471 0.00086894 0.000581814 6.35805e-05 0.743512 0.000484908 0.0612366 2.00121e-07 9.45143e-07 0.00085937 0.000260768 0.000373142 0.0260305 0.0313028 4.25425e-07 
0.0410068 0.0086884 0.00278843 0.00684292 0.00510819 4.0437e-05 0.0147971 0.0105251 0.139514 5.3008e-05 0.00864547 0.000667132 0.000302998 0.103427 5.25521e-10 1.22544e-06 0.0616698 0.0120456 0.000368837 1.15724e-05 0.583495 1.91794e-08 
0.486334 0.103025 7.72702e-06 0.21339 2.55268e-05 1.01537e-06 0.000217376 0.00486374 0.0706183 1.68893e-05 5.61091e-06 7.79965e-05 0.000343722 0.00360344 2.31906e-10 6.43138e-05 0.000201798 0.00017507 0.00430089 0.000237914 0.112488 1.39571e-06 
0.0266391 0.00490302 0.0206402 0.0066926 0.0680189 0.000185586 0.000388266 0.00531589 0.00267771 0.000563956 0.000411026 0.00103999 0.0143017 0.719946 1.76336e-11 4.94253e-05 0.0324224 0.0170591 0.000393848 0.00016017 0.0781913 1.19979e-08 
0.0188069 0.0049443 5.11133e-05 0.00231016 0.00768312 0.110527 0.00152703 0.0253772 0.000733915 0.00149714 0.000230397 0.735773 2.99869e-05 0.0416955 7.18989e-12 1.97688e-06 0.000459237 0.0196764 7.49111e-05 2.03227e-05 0.0285808 8.36629e-12 
0.0162876 0.0049519 0.0141996 0.00985334 0.0212122 0.0947407 0.00698478 0.0600914 0.00443366 0.00229046 0.000125909 0.591233 1.33946e-05 0.0632934 9.76167e-11 4.65339e-06 0.0151538 0.00172527 0.000368857 0.000380126 0.0926563 1.13589e-10 
0.0101984 0.00170306 0.000903891 1.04165e-07 0.0127673 1.02379e-08 0.00109738 0.000821295 0.0133994 0.000596223 4.30707e-08 0.000523598 0.000406184 0.757703 8.8431e-11 2.31913e-08 0.120261 0.079618 5.72099e-08 1.13487e-07 9.58201e-07 5.19692e-09 
0.921795 3.65806e-05 0.0132269 7.32819e-05 0.0360412 5.7117e-06 0.00441395 0.000337332 9.6415e-05 9.15252e-08 2.18527e-05 0.0116954 3.21756e-05 9.03801e-05 3.64681e-08 4.56569e-06 3.41345e-05 6.93934e-06 1.27066e-05 7.25471e-05 0.0119958 7.04949e-06 
0.00495878 0.00100634 4.16759e-05 0.000547938 0.00340628 1.93853e-06 4.31596e-05 0.00214962 0.00331287 0.000554923 3.16819e-05 0.000879379 6.40134e-05 0.317066 7.69531e-08 3.34051e-06 0.0111719 0.640853 0.0002567 5.08781e-05 0.0135996 1.62704e-07 
0.0189016 0.000439506 2.86022e-05 0.00180726 3.88271e-05 2.44079e-05 0.0111472 0.000286638 0.847071 5.34477e-05 7.40308e-05 0.000204193 5.23467e-05 0.026205 3.97571e-08 1.55544e-06 0.00450519 0.0363245 0.00964472 2.36381e-07 0.0431893 1.20107e-07 
0.128781 0.0528699 0.00246268 0.0349812 0.117338 0.00689786 0.0105341 0.0853052 0.118243 0.000444681 0.00161178 0.0346063 0.00746433 0.11019 4.36096e-05 0.000293389 0.00205962 0.006575 0.00911639 5.31351e-05 0.268827 0.00130147 
0.13386 9.81833e-07 1.18003e-06 0.00384487 0.0169121 8.59828e-08 8.56553e-07 0.0323172 0.635306 0.00033913 8.90787e-06 0.0125854 0.000788382 0.0115275 1.15376e-10 2.7388e-08 1.27797e-05 4.99174e-07 7.50547e-08 4.18063e-07 0.152494 1.34254e-10 
9.0181e-06 0.0465983 4.71178e-06 0.551777 0.325073 9.9386e-05 0.0441054 2.43164e-05 2.1097e-06 4.37342e-09 2.14282e-06 1.6372e-05 0.000196203 0.0017201 1.74259e-09 1.02998e-05 6.06308e-06 9.43229e-07 8.88543e-05 1.46055e-07 0.0302647 7.00745e-07 
0.00424508 0.00744781 0.000343047 8.19819e-08 0.00589095 4.68105e-05 2.25734e-08 0.107523 0.00091226 0.00131836 0.000204331 2.69292e-07 1.69892e-07 0.41797 7.54387e-13 0.000605158 0.00514599 0.426655 0.000316253 2.39297e-08 0.0213755 2.2832e-09 
0.0414926 0.0357242 0.000111977 0.00716173 0.127687 0.000126794 0.000126406 0.0358444 0.0539802 3.33179e-05 9.06634e-05 8.77444e-05 0.0236632 0.110106 1.0616e-06 6.87753e-06 0.00158599 0.000318057 1.07045e-05 6.33276e-05 0.561763 1.44161e-05 
0.132606 0.00352203 0.00101266 0.000683999 0.0125829 8.18053e-06 0.00028355 0.00491856 0.280942 2.58712e-05 1.36604e-09 0.000160807 4.91002e-05 0.00711039 8.15995e-11 1.28283e-05 7.29796e-07 0.000766931 0.00149129 0.000116659 0.553705 1.93727e-09 
0.10147 0.0952885 0.0905231 0.0430563 0.136414 1.44333e-05 0.000267901 0.0418927 0.109671 0.000520089 0.000233336 3.4101e-05 2.1726e-05 0.0748091 8.34526e-06 0.00147713 0.0477381 0.0223982 0.00918985 0.00432297 0.220558 9.19895e-05 
0.047053 0.000351912 0.0077852 0.0300682 0.0011882 3.51664e-07 2.19095e-05 0.0146702 0.365488 7.30138e-05 6.71172e-05 4.15916e-06 1.69214e-05 0.0881477 1.25532e-11 1.97913e-08 0.0096094 0.000192287 6.33071e-05 1.12545e-05 0.435188 3.56956e-09 
0.0110035 0.012726 0.0488222 0.00134325 0.0563862 8.04172e-07 0.000140181 0.0300611 0.0101726 0.000254457 0.00126094 0.00338156 1.56942e-05 0.382979 6.49203e-08 1.27634e-05 0.0131907 0.0279203 0.000411548 0.0152324 0.384685 9.55601e-08 
0.00754321 0.000313251 0.00110265 3.70849e-05 0.0088139 3.04936e-09 2.33397e-08 0.000947776 0.00430375 0.00318712 2.39437e-06 0.000132426 5.60958e-06 0.809094 2.19368e-12 1.97426e-06 0.0103877 0.134967 1.03337e-05 0.000411374 0.0187391 1.5497e-09 
0.27865 0.0107768 0.0086649 0.00349607 0.189325 9.78961e-05 0.00710722 0.0360995 0.0194426 4.41756e-06 0.00115698 0.072092 0.0450911 0.130982 1.64454e-06 3.03817e-06 0.0303109 0.00405183 0.00152964 0.000223963 0.160883 9.54425e-06 
0.176119 0.0592557 0.00113015 0.00742857 0.0453832 5.06425e-05 0.000596961 0.0119085 0.464071 4.61369e-05 0.000140862 0.000480943 4.1277e-06 0.0551044 1.10613e-07 2.70532e-06 0.00690646 0.00529516 0.000935966 0.000575158 0.164564 2.48768e-07 
0.170841 0.0173467 0.000739183 0.00800906 0.0222326 1.02228e-08 0.00086881 0.00584616 0.279722 1.7005e-07 0.000270989 0.0007876 0.000364344 0.120796 8.74262e-13 2.31572e-08 2.03185e-06 1.76273e-06 0.000936924 1.1332e-07 0.371235 5.18928e-09 
0.0884559 0.0138964 0.019943 0.00440339 0.166752 0.000338244 0.00182894 0.00833332 0.0414846 0.000498593 0.000171029 0.00106481 0.0386215 0.332255 2.35267e-12 1.04186e-08 0.0101077 0.180219 2.56898e-08 0.000709825 0.0909166 2.33586e-09 
0.0189016 0.000439506 2.86022e-05 0.00180726 3.88271e-05 2.44079e-05 0.0111472 0.000286638 0.847071 5.34477e-05 7.40308e-05 0.000204193 5.23467e-05 0.026205 3.97571e-08 1.55544e-06 0.00450519 0.0363245 0.00964472 2.36381e-07 0.0431893 1.20107e-07 
0.00509834 0.00338185 0.0166649 0.000459675 0.939755 0.000556541 0.00179281 0.0125083 0.00253069 5.25733e-08 2.93575e-08 9.50689e-05 0.000510808 0.00932268 2.09478e-08 5.33465e-08 6.13683e-05 4.43147e-05 0.000362862 0.00121763 0.00560119 3.55127e-05 
0.0935068 0.186807 0.000568511 0.000870817 0.216781 0.318257 1.59205e-07 0.0266196 0.020643 1.13528e-05 6.21882e-05 0.00302756 0.000127818 0.0102964 8.01455e-10 2.66302e-06 1.19568e-07 0.000132375 0.00233636 0.0001511 0.119569 0.000229534 
0.216998 0.00736282 0.00946316 0.0553144 0.386473 0.000236973 0.0040333 0.0679347 0.00157488 7.19243e-05 0.0197189 0.00157697 0.0176089 0.111576 1.25608e-10 1.51439e-08 0.000283417 0.000517381 0.00238291 0.0430555 0.0535738 0.000242843 
0.0454351 0.0238123 0.00156211 0.00322164 0.632748 0.0578199 0.113157 0.034005 0.00247749 0.000789166 0.000751625 0.0185344 0.00509383 0.0417994 4.64337e-06 0.000209612 0.00232251 0.0104598 0.00011528 7.44684e-05 0.00556976 3.68627e-05 
0.0662849 0.0206838 0.00298063 0.00709809 0.213134 0.000914677 0.00835341 0.183621 0.0517613 0.00028626 0.000154068 0.0622715 0.0714937 0.0725852 9.67762e-08 2.25227e-05 0.00166252 0.00511243 0.000721093 0.00630546 0.181255 0.0432984 
0.0141626 0.0410337 0.0595262 0.197828 0.000791839 0.00016927 0.000778741 0.0474951 0.000433444 5.98667e-07 0.00086961 0.111925 2.74301e-07 0.0163263 2.81377e-11 3.62132e-06 0.000173125 9.60969e-05 0.000119192 1.5123e-06 0.508266 1.47375e-09 
0.162507 0.0362999 0.000674471 0.014905 0.370053 0.000389296 0.0591113 0.0362617 0.0137116 0.000117967 5.27281e-05 0.00429296 0.000420553 0.0436373 1.72934e-05 3.34567e-05 5.78859e-05 0.00690118 0.000231726 0.000119879 0.24997 0.000233576 
0.030411 0.580832 2.75137e-05 0.0107095 0.0140556 0.0074759 0.0321395 0.135453 0.0705098 2.97923e-05 0.00077339 0.00820811 0.000719069 0.00189335 7.11652e-06 0.00050238 0.000110112 0.000354769 0.0114773 0.000118046 0.0941852 7.50173e-06 
0.00552021 0.00315251 0.000793298 0.0021433 0.0103127 0.000141391 0.0182136 0.0133628 0.000953989 0.00390157 0.000100732 0.00313317 0.0113483 0.0599579 2.34725e-06 6.73439e-06 0.000526127 0.827606 0.000594756 0.000212906 0.0380082 7.47074e-06 
0.0189016 0.000439506 2.86022e-05 0.00180726 3.88271e-05 2.44079e-05 0.0111472 0.000286638 0.847071 5.34477e-05 7.40308e-05 0.000204193 5.23467e-05 0.026205 3.97571e-08 1.55544e-06 0.00450519 0.0363245 0.00964472 2.36381e-07 0.0431893 1.20107e-07 
0.170841 0.0173467 0.000739183 0.00800906 0.0222326 1.02228e-08 0.00086881 0.00584616 0.279722 1.7005e-07 0.000270989 0.0007876 0.000364344 0.120796 8.74262e-13 2.31572e-08 2.03185e-06 1.76273e-06 0.000936924 1.1332e-07 0.371235 5.18928e-09 
0.508145 0.00554854 0.0176993 0.0280592 0.0645514 7.75365e-05 0.000306341 0.0545301 0.0685932 0.00680779 6.55868e-05 0.0757462 0.00154231 0.083286 6.295e-05 0.000310517 0.0626557 0.00814914 0.00269964 0.0017923 0.00917605 0.000195185 
0.0180826 0.00416329 0.000961598 0.00327392 0.00894755 2.2295e-05 3.84013e-05 0.0021162 0.26953 9.03155e-05 6.76096e-05 6.24503e-05 6.48988e-05 0.0867021 9.24585e-11 1.01045e-06 0.0147655 0.343201 7.73144e-05 0.00036782 0.247464 7.5072e-08 
0.0683428 0.0161478 0.00328101 0.00321204 0.0575928 0.000408145 3.76856e-07 0.0259193 0.00346231 0.104734 2.08182e-06 7.10737e-07 5.81242e-07 0.546936 4.20131e-11 0.000447707 0.087877 0.00201257 3.52561e-08 0.0673154 0.012307 9.11124e-08 
0.276714 0.019732 0.00021222 0.0101137 0.00179897 1.69555e-05 0.00186872 0.00861689 0.0933431 8.12055e-09 0.000155561 0.000942508 0.000108708 0.0033895 1.41196e-12 1.07652e-08 0.00855994 1.93825e-08 6.06697e-05 1.62313e-08 0.574366 1.64299e-12 
0.0843625 0.0343689 0.00510899 0.0575053 0.0474668 0.0111614 0.570652 0.0824604 0.00637326 0.000332634 0.00385767 0.0106429 0.000379303 0.0364744 2.60858e-06 0.000524657 0.00451981 0.00251901 0.00817594 0.000508053 0.0325996 4.00116e-06 
0.555384 6.43873e-06 7.73826e-06 0.151685 0.111208 0.000451426 0.0112395 0.145718 1.93416e-05 1.3711e-06 1.6077e-06 0.00429241 0.0110478 8.74837e-06 9.10368e-11 2.31838e-10 8.38101e-05 3.27344e-06 4.91961e-07 0.00877444 6.60347e-05 1.05932e-10 
0.547674 0.0359433 0.00195504 0.00664816 0.0695269 0.00012165 0.0290647 0.0251693 0.0322157 0.000803355 0.000959211 0.00114107 1.40729e-05 0.0649809 1.35598e-05 4.51862e-05 0.000312034 0.00493664 0.00658307 0.00083605 0.171013 4.31598e-05 
0.032397 0.00162489 1.28622e-06 0.00233806 0.00624823 5.64176e-05 0.00288166 0.0149801 2.87023e-05 0.000140034 4.74508e-05 0.160929 1.90934e-05 0.698448 1.29204e-09 6.24787e-05 3.35676e-05 2.91209e-05 9.44217e-07 4.18492e-05 0.0796927 8.72143e-08 
0.0374932 0.523808 0.107793 0.00753509 0.0413906 0.000103442 0.00165577 0.014562 0.0348316 1.38497e-05 0.000389517 0.0844574 7.55136e-06 0.055185 7.78391e-09 3.6666e-07 1.41592e-05 9.44127e-05 0.0172153 0.00585724 0.067366 0.000225744 
0.276714 0.019732 0.00021222 0.0101137 0.00179897 1.69555e-05 0.00186872 0.00861689 0.0933431 8.12055e-09 0.000155561 0.000942508 0.000108708 0.0033895 1.41196e-12 1.07652e-08 0.00855994 1.93825e-08 6.06697e-05 1.62313e-08 0.574366 1.64299e-12 
0.0850392 0.121763 0.106423 0.0707311 0.0123125 0.000455779 0.197288 0.0611901 0.0912635 0.000304977 0.00125473 0.00164687 0.000220273 0.0330256 6.63346e-08 3.10912e-06 0.00492946 0.00158447 0.0502413 4.33979e-05 0.160279 3.03176e-07 
0.0150881 0.00470624 0.00489239 0.00800806 0.00173791 7.46245e-06 0.00480407 0.0126988 0.0192427 0.000182043 2.40317e-05 6.1802e-05 0.000810161 0.753968 4.88817e-08 0.00089534 0.0524064 0.044486 9.23291e-05 0.0491469 0.0267226 1.83411e-05 
0.0188941 0.00190669 0.0489941 0.00359875 0.147959 0.000265469 0.363676 0.0120227 0.000854049 0.00065236 0.000357404 0.000570038 0.0389002 0.258203 7.87266e-10 5.47965e-06 0.000798921 0.0210963 8.47393e-05 6.52562e-06 0.0811395 1.42132e-05 
0.555384 6.43873e-06 7.73826e-06 0.151685 0.111208 0.000451426 0.0112395 0.145718 1.93416e-05 1.3711e-06 1.6077e-06 0.00429241 0.0110478 8.74837e-06 9.10368e-11 2.31838e-10 8.38101e-05 3.27344e-06 4.91961e-07 0.00877444 6.60347e-05 1.05932e-10 
0.154574 0.00305807 0.00291784 0.00225369 0.538795 0.00404951 0.048117 0.0651046 0.0244268 1.11169e-06 0.0015169 0.110056 0.00454012 0.0138601 1.80059e-09 2.02944e-05 0.00134757 0.000486776 0.00371072 0.0118488 0.00931413 1.11886e-06 
0.171927 0.0926589 0.00159023 0.011168 0.00513147 8.90138e-06 0.0914741 0.0528832 3.19218e-06 0.000225261 0.000173046 3.7917e-05 0.000882611 0.0988882 2.70543e-11 1.92971e-08 5.29214e-07 0.00178245 0.002109 0.000175869 0.46888 2.53936e-09 
0.0189016 0.000439506 2.86022e-05 0.00180726 3.88271e-05 2.44079e-05 0.0111472 0.000286638 0.847071 5.34477e-05 7.40308e-05 0.000204193 5.23467e-05 0.026205 3.97571e-08 1.55544e-06 0.00450519 0.0363245 0.00964472 2.36381e-07 0.0431893 1.20107e-07 
0.0189016 0.000439506 2.86022e-05 0.00180726 3.88271e-05 2.44079e-05 0.0111472 0.000286638 0.847071 5.34477e-05 7.40308e-05 0.000204193 5.23467e-05 0.026205 3.97571e-08 1.55544e-06 0.00450519 0.0363245 0.00964472 2.36381e-07 0.0431893 1.20107e-07 
0.151757 0.250385 0.00109899 0.00256067 0.0609785 3.27634e-05 0.000423271 0.0550431 0.0983139 3.69798e-05 6.58681e-05 0.000619333 4.38975e-05 0.0519231 2.06113e-07 5.9565e-05 0.00601865 0.000148835 0.00843016 2.54997e-05 0.312027 8.1903e-06 
0.276714 0.019732 0.00021222 0.0101137 0.00179897 1.69555e-05 0.00186872 0.00861689 0.0933431 8.12055e-09 0.000155561 0.000942508 0.000108708 0.0033895 1.41196e-12 1.07652e-08 0.00855994 1.93825e-08 6.06697e-05 1.62313e-08 0.574366 1.64299e-12 
0.276714 0.019732 0.00021222 0.0101137 0.00179897 1.69555e-05 0.00186872 0.00861689 0.0933431 8.12055e-09 0.000155561 0.000942508 0.000108708 0.0033895 1.41196e-12 1.07652e-08 0.00855994 1.93825e-08 6.06697e-05 1.62313e-08 0.574366 1.64299e-12 
0.00175012 0.0748619 0.00163167 0.00792559 0.0362322 0.00226612 1.09897e-05 0.00379638 0.0465511 2.88364e-05 0.000824686 0.28063 0.000827725 0.407392 1.03387e-08 2.45834e-06 0.0180657 0.0723349 0.00150128 0.00122281 0.0421407 2.66654e-06 
0.0662849 0.0206838 0.00298063 0.00709809 0.213134 0.000914677 0.00835341 0.183621 0.0517613 0.00028626 0.000154068 0.0622715 0.0714937 0.0725852 9.67762e-08 2.25227e-05 0.00166252 0.00511243 0.000721093 0.00630546 0.181255 0.0432984 
0.0162876 0.0049519 0.0141996 0.00985334 0.0212122 0.0947407 0.00698478 0.0600914 0.00443366 0.00229046 0.000125909 0.591233 1.33946e-05 0.0632934 9.76167e-11 4.65339e-06 0.0151538 0.00172527 0.000368857 0.000380126 0.0926563 1.13589e-10 
0.00602848 0.000681475 0.011354 4.67956e-05 0.974466 8.42202e-05 9.23283e-05 0.00122108 0.00156082 6.4689e-07 0.000102663 0.000186337 7.90128e-05 0.00113458 6.9997e-08 9.25201e-08 0.000224548 0.000100429 1.54854e-07 0.000873788 0.00175744 5.35673e-06 
0.166335 0.0263587 0.0147335 0.0216873 0.453443 0.000803485 0.0262313 0.0733498 0.0127891 0.000390091 8.77554e-05 0.00636133 0.00264947 0.140393 2.06794e-05 0.000401786 0.0161261 0.00355055 0.00167603 0.000518626 0.0281416 0.00395218 
0.0187386 0.0003534 0.000181511 0.000847183 0.86515 4.56906e-06 2.55489e-05 0.000413483 0.0253876 7.50569e-05 0.000653137 7.47978e-06 3.80424e-06 0.0828881 6.8337e-07 8.23423e-05 0.000223329 0.000963924 6.28591e-06 0.000866446 0.00312559 2.43682e-06 
0.0379922 0.00390891 0.00157503 0.000642054 0.749085 0.000136141 0.0113816 0.00272592 0.015186 6.20433e-05 0.000102476 0.00120593 0.00135296 0.080436 2.66499e-07 3.76541e-06 0.000271082 0.0628397 0.0231588 3.18814e-05 0.0078962 6.34657e-06 
0.0163188 0.00234598 0.00065917 0.00245667 0.00147625 3.1356e-06 8.17715e-05 0.00177658 0.2114 7.33723e-05 7.24313e-05 2.85873e-05 1.76876e-05 0.131946 4.54429e-14 1.56598e-06 0.0115752 0.200941 0.000203401 5.71406e-05 0.418565 2.69731e-10 
0.0189016 0.000439506 2.86022e-05 0.00180726 3.88271e-05 2.44079e-05 0.0111472 0.000286638 0.847071 5.34477e-05 7.40308e-05 0.000204193 5.23467e-05 0.026205 3.97571e-08 1.55544e-06 0.00450519 0.0363245 0.00964472 2.36381e-07 0.0431893 1.20107e-07 
0.285012 0.000538384 0.00793107 0.00541647 0.19335 1.91916e-06 8.8732e-06 0.00852067 0.000404924 8.11317e-05 4.45293e-06 4.75933e-05 3.2925e-05 0.387926 1.26814e-08 9.96719e-06 0.00457482 0.059554 3.14598e-07 0.00220856 0.0443756 1.47563e-08 
0.276714 0.019732 0.00021222 0.0101137 0.00179897 1.69555e-05 0.00186872 0.00861689 0.0933431 8.12055e-09 0.000155561 0.000942508 0.000108708 0.0033895 1.41196e-12 1.07652e-08 0.00855994 1.93825e-08 6.06697e-05 1.62313e-08 0.574366 1.64299e-12 
0.276714 0.019732 0.00021222 0.0101137 0.00179897 1.69555e-05 0.00186872 0.00861689 0.0933431 8.12055e-09 0.000155561 0.000942508 0.000108708 0.0033895 1.41196e-12 1.07652e-08 0.00855994 1.93825e-08 6.06697e-05 1.62313e-08 0.574366 1.64299e-12 
0.00315643 0.000799207 0.000534186 0.000918218 0.000379982 5.66468e-06 1.23138e-07 0.000478457 0.0018587 3.24724e-05 2.13109e-06 0.000147776 3.97993e-05 0.0144964 8.11109e-13 4.29893e-05 0.194662 0.779823 3.38484e-05 4.51182e-05 0.00254422 2.49968e-10 
0.0189016 0.000439506 2.86022e-05 0.00180726 3.88271e-05 2.44079e-05 0.0111472 0.000286638 0.847071 5.34477e-05 7.40308e-05 0.000204193 5.23467e-05 0.026205 3.97571e-08 1.55544e-06 0.00450519 0.0363245 0.00964472 2.36381e-07 0.0431893 1.20107e-07 
0.00317107 8.06403e-07 0.0103181 2.81907e-05 0.00294534 8.02286e-08 9.71419e-07 6.92796e-05 0.0013107 0.0580692 1.56612e-06 0.00123043 0.000120694 0.899491 4.26962e-10 3.37219e-05 0.00993285 0.0127222 1.64508e-07 5.14875e-05 0.000486071 1.64445e-05 
0.0539393 0.124445 0.000555975 0.000421091 0.544003 8.78416e-05 0.0262897 0.00814869 0.0646482 7.72206e-07 5.62118e-06 0.000136882 0.000652193 0.0207882 3.27073e-09 3.88448e-06 0.000193236 0.00642663 3.99654e-06 0.00360535 0.145385 0.000259585 
0.555384 6.43873e-06 7.73826e-06 0.151685 0.111208 0.000451426 0.0112395 0.145718 1.93416e-05 1.3711e-06 1.6077e-06 0.00429241 0.0110478 8.74837e-06 9.10368e-11 2.31838e-10 8.38101e-05 3.27344e-06 4.91961e-07 0.00877444 6.60347e-05 1.05932e-10 
0.0260398 0.0464297 0.00225692 0.0163764 0.50152 0.00108328 9.03388e-05 0.0522105 0.0995758 0.000481078 0.0026545 0.000574983 0.144477 0.037446 3.55203e-05 5.47956e-05 0.000745604 0.0105029 4.9151e-05 0.00101667 0.0562709 0.000107878 
0.00982438 0.00139336 0.00214185 0.314868 5.2321e-08 1.08721e-06 4.63037e-05 0.0666433 2.92222e-07 1.36658e-05 8.02477e-05 2.63086e-05 9.66677e-09 2.49704e-07 1.86811e-12 1.58847e-05 1.49421e-06 0.000458575 0.014585 0.0011417 0.588759 2.17376e-12 
0.10002 0.0167315 0.0229362 0.0164602 0.0034989 0.0241802 1.67498e-05 0.0582638 0.0673221 0.000159887 0.00273006 0.000178546 4.72382e-08 0.128617 7.15186e-13 1.55225e-05 0.0185338 0.00562276 0.00353663 0.000756253 0.53042 1.22023e-09 
0.0110035 0.012726 0.0488222 0.00134325 0.0563862 8.04172e-07 0.000140181 0.0300611 0.0101726 0.000254457 0.00126094 0.00338156 1.56942e-05 0.382979 6.49203e-08 1.27634e-05 0.0131907 0.0279203 0.000411548 0.0152324 0.384685 9.55601e-08 
0.0189016 0.000439506 2.86022e-05 0.00180726 3.88271e-05 2.44079e-05 0.0111472 0.000286638 0.847071 5.34477e-05 7.40308e-05 0.000204193 5.23467e-05 0.026205 3.97571e-08 1.55544e-06 0.00450519 0.0363245 0.00964472 2.36381e-07 0.0431893 1.20107e-07 
0.0215669 0.0122394 0.000886144 0.0172246 0.739847 0.000227277 0.000729326 0.00365665 0.00494284 3.18009e-05 3.10915e-05 0.000140405 0.00158917 0.0318159 1.65163e-08 4.20612e-08 0.0189203 0.0364449 2.57332e-05 0.000705325 0.108974 1.26207e-06 
0.0142552 0.0273581 0.0828913 0.158313 0.000528341 0.000113012 0.000519683 0.0400217 0.000289177 9.57702e-07 0.000580283 0.118716 3.96631e-07 0.014114 1.55664e-10 2.49429e-06 0.000115833 6.41742e-05 7.96614e-05 2.33484e-06 0.542034 2.26395e-09 
0.028457 0.0143369 0.0314783 0.015184 0.00194204 1.53584e-05 4.14435e-05 0.262023 0.0246231 6.43191e-05 6.13472e-05 0.00116729 0.00012109 0.0590512 2.87674e-08 8.57235e-06 0.00815681 0.0129433 0.000230462 0.00480622 0.535287 7.23461e-07 
0.224502 0.332303 0.00207778 0.0260575 0.00450539 0.00258362 0.15563 0.0427673 0.0898226 5.33491e-05 2.29419e-07 1.24106e-05 0.00887476 0.0165647 2.59799e-11 0.00138901 2.66455e-05 1.46421e-05 6.10336e-07 5.15469e-05 0.0927625 6.07636e-09 
0.164004 0.0124266 0.149317 0.0696341 0.247798 0.00053517 0.00142979 0.0471989 0.0173628 0.000575197 0.000257813 0.000570585 0.000313805 0.06302 3.25003e-07 2.68727e-06 0.0214576 0.00619207 9.6672e-06 0.000874512 0.194392 0.00262792 
0.134233 0.0102827 0.00181902 0.00381087 0.581687 0.000317224 7.79627e-07 0.00697536 0.00537336 1.66483e-05 2.15327e-05 0.00182922 0.00060032 0.0607811 1.40778e-10 3.58511e-10 0.00829544 0.00557092 6.83259e-08 0.000342832 0.178041 6.99429e-07 
0.00357711 0.00144542 0.00113106 0.00235673 0.748156 0.00625526 0.0188027 0.00338886 3.04564e-07 6.59528e-09 3.68288e-09 0.000779917 0.170147 0.0428186 2.62788e-09 6.89992e-07 3.50371e-07 0.000280216 0.000116502 1.09647e-05 1.21216e-07 0.000731862 
0.00270979 0.000172244 0.571892 0.0340859 6.43528e-05 6.66025e-08 6.23257e-08 0.00866838 0.0044881 3.48297e-08 3.11512e-07 3.47311e-06 2.11766e-05 0.138118 8.68246e-11 4.36697e-08 0.00571907 0.00024956 9.05076e-05 0.0379725 0.195745 1.01031e-10 
0.039141 0.00137902 0.00795089 0.0351313 0.000855471 1.34365e-07 1.01119e-06 0.0216232 0.0114198 1.24479e-06 4.29198e-05 3.1934e-05 9.31694e-05 0.012401 3.54175e-11 5.65919e-07 0.0205648 0.000660492 0.000679164 0.0100993 0.837924 2.72076e-09 
0.300251 0.0400611 0.0593875 0.0249445 0.115708 0.000827286 0.00432111 0.00658854 0.0169412 7.27009e-06 0.0307926 0.0013517 8.54105e-05 0.0515319 6.30605e-07 7.57306e-05 0.0390814 0.0563271 0.00208569 0.00206183 0.204746 0.0428221 
0.00315643 0.000799207 0.000534186 0.000918218 0.000379982 5.66468e-06 1.23138e-07 0.000478457 0.0018587 3.24724e-05 2.13109e-06 0.000147776 3.97993e-05 0.0144964 8.11109e-13 4.29893e-05 0.194662 0.779823 3.38484e-05 4.51182e-05 0.00254422 2.49968e-10 
0.0189016 0.000439506 2.86022e-05 0.00180726 3.88271e-05 2.44079e-05 0.0111472 0.000286638 0.847071 5.34477e-05 7.40308e-05 0.000204193 5.23467e-05 0.026205 3.97571e-08 1.55544e-06 0.00450519 0.0363245 0.00964472 2.36381e-07 0.0431893 1.20107e-07 
0.431504 0.0124924 0.0130508 0.00429387 0.14183 0.000129506 0.000679361 0.046954 0.0134547 1.03833e-06 7.97289e-06 2.78185e-07 0.00187582 0.306637 2.5425e-11 1.06029e-07 0.00348166 6.10282e-06 0.000343272 0.000164788 0.0230936 2.9585e-11 
0.0195553 0.0126318 0.0044047 0.0412688 0.0070188 0.0119317 1.42838e-05 0.130491 0.00151563 7.99079e-05 6.23564e-05 0.00329375 5.27726e-05 0.0505322 2.65988e-08 6.88013e-06 0.00848853 0.00693467 0.00035232 0.00571007 0.69565 4.60036e-06 
0.0218795 0.0212059 0.0012532 0.00179075 0.816879 0.0104348 0.00121769 0.0152721 0.026406 5.92783e-05 1.2984e-05 0.00473668 0.00017626 0.0380615 5.54628e-07 0.00183662 0.00123235 0.0084166 0.00182227 0.000669643 0.0266337 2.18646e-06 
0.00469641 0.0039217 0.000142245 0.00265237 0.00036353 6.91013e-06 0.0208701 0.363722 0.00360944 6.07372e-10 3.5329e-05 0.560022 3.72699e-06 0.00104878 2.42007e-10 1.0729e-06 1.24051e-07 2.08125e-06 0.000636374 0.0306406 0.00762508 2.81604e-10 
0.0339892 0.316261 1.74232e-05 0.00728962 0.142144 2.60747e-05 0.000403069 0.00107703 0.23332 0.00460061 6.8847e-06 0.000572945 2.77543e-05 0.112245 1.32597e-08 3.59923e-06 0.00606437 0.0224568 0.0224927 6.21139e-05 0.0969383 2.33825e-06 
0.0101984 0.00170306 0.000903891 1.04165e-07 0.0127673 1.02379e-08 0.00109738 0.000821295 0.0133994 0.000596223 4.30707e-08 0.000523598 0.000406184 0.757703 8.8431e-11 2.31913e-08 0.120261 0.079618 5.72099e-08 1.13487e-07 9.58201e-07 5.19692e-09 
0.10373 0.015367 0.103065 0.0199441 1.56744e-06 4.13328e-08 0.00627914 9.98226e-07 0.198682 1.00616e-07 0.000297261 3.4927e-07 0.00019213 0.10917 4.93426e-11 1.25658e-10 0.0510285 0.000937837 0.0535597 2.00976e-07 0.337745 5.7416e-11 
0.120521 0.021282 0.00212637 0.00999692 0.539768 0.000283933 0.00285217 0.168458 0.00505091 6.94885e-06 0.00246125 0.00051017 0.0133164 0.0265843 1.29402e-08 3.29541e-08 9.67189e-07 1.53099e-06 2.14898e-06 0.0183833 0.068394 1.50575e-08 
0.0279458 5.00019e-05 0.117585 0.000497509 0.0139035 8.76192e-05 4.14631e-06 0.00333327 0.0210914 0.000111908 8.45292e-07 0.000956463 0.001496 0.489911 1.91854e-07 1.63882e-05 0.00156262 0.279138 0.000160912 1.69617e-05 0.0421282 2.43813e-06 
0.173652 0.166339 9.95694e-05 0.00207107 0.0167408 4.60224e-05 0.000399975 0.0027421 0.29429 0.000131513 1.73169e-05 0.000708378 2.65872e-05 0.0499552 3.21966e-07 5.75932e-06 0.0017666 0.0045911 0.00445561 6.05828e-05 0.281895 5.45042e-06 
0.0189016 0.000439506 2.86022e-05 0.00180726 3.88271e-05 2.44079e-05 0.0111472 0.000286638 0.847071 5.34477e-05 7.40308e-05 0.000204193 5.23467e-05 0.026205 3.97571e-08 1.55544e-06 0.00450519 0.0363245 0.00964472 2.36381e-07 0.0431893 1.20107e-07 
0.00602848 0.000681475 0.011354 4.67956e-05 0.974466 8.42202e-05 9.23283e-05 0.00122108 0.00156082 6.4689e-07 0.000102663 0.000186337 7.90128e-05 0.00113458 6.9997e-08 9.25201e-08 0.000224548 0.000100429 1.54854e-07 0.000873788 0.00175744 5.35673e-06 
0.10002 0.0167315 0.0229362 0.0164602 0.0034989 0.0241802 1.67498e-05 0.0582638 0.0673221 0.000159887 0.00273006 0.000178546 4.72382e-08 0.128617 7.15186e-13 1.55225e-05 0.0185338 0.00562276 0.00353663 0.000756253 0.53042 1.22023e-09 
0.0332095 0.0164196 0.00224571 0.0106061 0.0285149 0.0059309 0.523333 0.26983 0.0248668 0.00020304 0.000325413 0.00352183 0.00104837 0.0269803 7.21027e-08 5.38042e-05 0.000264053 0.00109894 0.0035344 0.0025748 0.0453595 7.97373e-05 
0.0189016 0.000439506 2.86022e-05 0.00180726 3.88271e-05 2.44079e-05 0.0111472 0.000286638 0.847071 5.34477e-05 7.40308e-05 0.000204193 5.23467e-05 0.026205 3.97571e-08 1.55544e-06 0.00450519 0.0363245 0.00964472 2.36381e-07 0.0431893 1.20107e-07 
0.0101984 0.00170306 0.000903891 1.04165e-07 0.0127673 1.02379e-08 0.00109738 0.000821295 0.0133994 0.000596223 4.30707e-08 0.000523598 0.000406184 0.757703 8.8431e-11 2.31913e-08 0.120261 0.079618 5.72099e-08 1.13487e-07 9.58201e-07 5.19692e-09 
0.0218795 0.0212059 0.0012532 0.00179075 0.816879 0.0104348 0.00121769 0.0152721 0.026406 5.92783e-05 1.2984e-05 0.00473668 0.00017626 0.0380615 5.54628e-07 0.00183662 0.00123235 0.0084166 0.00182227 0.000669643 0.0266337 2.18646e-06 
0.034551 0.00193362 0.00894188 0.318429 0.00258721 2.8171e-06 0.00112026 0.0158372 0.129732 6.10108e-05 7.90165e-05 0.000207228 8.10134e-06 0.196854 1.76592e-06 6.0519e-06 0.146043 0.0465512 0.0422967 3.84214e-05 0.054703 1.57249e-05 
0.0608706 0.0159938 0.00138093 0.174928 0.233885 0.00845623 6.07445e-06 0.285382 0.00135478 2.85283e-06 0.000876386 0.000591682 0.00135784 0.00844467 3.10009e-07 4.11977e-07 4.50331e-07 0.000150612 0.00558209 0.14908 0.051626 2.99413e-05 
0.0189016 0.000439506 2.86022e-05 0.00180726 3.88271e-05 2.44079e-05 0.0111472 0.000286638 0.847071 5.34477e-05 7.40308e-05 0.000204193 5.23467e-05 0.026205 3.97571e-08 1.55544e-06 0.00450519 0.0363245 0.00964472 2.36381e-07 0.0431893 1.20107e-07 
0.112548 0.00497883 0.0217577 0.00147916 0.240398 7.15724e-06 0.000827789 0.0151389 0.0655806 0.0003055 3.69946e-05 0.00387474 0.00366174 0.170495 8.93683e-09 7.0848e-06 0.129677 0.046684 0.000394391 0.00243768 0.179707 1.43284e-06 
0.0197525 0.249052 0.000529742 0.0110714 0.375419 0.037781 0.0319258 0.0942317 0.0301449 7.64898e-05 0.00165072 0.00615389 0.00119327 0.0232718 4.1989e-06 0.0056806 0.00135817 0.00768672 0.0564963 0.00510162 0.0409346 0.000483012 
0.0180826 0.00416329 0.000961598 0.00327392 0.00894755 2.2295e-05 3.84013e-05 0.0021162 0.26953 9.03155e-05 6.76096e-05 6.24503e-05 6.48988e-05 0.0867021 9.24585e-11 1.01045e-06 0.0147655 0.343201 7.73144e-05 0.00036782 0.247464 7.5072e-08 
0.555384 6.43873e-06 7.73826e-06 0.151685 0.111208 0.000451426 0.0112395 0.145718 1.93416e-05 1.3711e-06 1.6077e-06 0.00429241 0.0110478 8.74837e-06 9.10368e-11 2.31838e-10 8.38101e-05 3.27344e-06 4.91961e-07 0.00877444 6.60347e-05 1.05932e-10 
0.276714 0.019732 0.00021222 0.0101137 0.00179897 1.69555e-05 0.00186872 0.00861689 0.0933431 8.12055e-09 0.000155561 0.000942508 0.000108708 0.0033895 1.41196e-12 1.07652e-08 0.00855994 1.93825e-08 6.06697e-05 1.62313e-08 0.574366 1.64299e-12 
0.0477198 0.00634686 0.000764059 0.000794482 0.652367 0.000221109 0.000405932 0.0165179 0.0270923 0.000314467 3.76116e-05 0.0015416 0.000111228 0.16436 4.67544e-08 3.40821e-07 0.00476723 0.0241203 7.26166e-05 0.00152458 0.0509204 7.64086e-08 
7.26167e-05 0.00238641 0.00103377 0.00348346 0.953443 0.000151443 0.00376902 3.0448e-05 0.00560901 3.07164e-06 3.59804e-06 1.06544e-05 8.82239e-06 0.00731317 2.57091e-09 4.57135e-07 0.00798976 7.3199e-06 1.1009e-06 6.13099e-06 0.0146764 2.99156e-09 
0.00175012 0.0748619 0.00163167 0.00792559 0.0362322 0.00226612 1.09897e-05 0.00379638 0.0465511 2.88364e-05 0.000824686 0.28063 0.000827725 0.407392 1.03387e-08 2.45834e-06 0.0180657 0.0723349 0.00150128 0.00122281 0.0421407 2.66654e-06 
0.0188069 0.0049443 5.11133e-05 0.00231016 0.00768312 0.110527 0.00152703 0.0253772 0.000733915 0.00149714 0.000230397 0.735773 2.99869e-05 0.0416955 7.18989e-12 1.97688e-06 0.000459237 0.0196764 7.49111e-05 2.03227e-05 0.0285808 8.36629e-12 
0.00339377 0.0356496 0.00837307 0.00377424 0.017301 0.00107918 5.24094e-06 0.00180787 0.0221674 3.2531e-05 0.000392818 0.133635 0.000394218 0.707253 9.45764e-09 1.18005e-06 0.00860294 0.0344455 0.000715162 0.000582376 0.0203922 1.27443e-06 
0.0189016 0.000439506 2.86022e-05 0.00180726 3.88271e-05 2.44079e-05 0.0111472 0.000286638 0.847071 5.34477e-05 7.40308e-05 0.000204193 5.23467e-05 0.026205 3.97571e-08 1.55544e-06 0.00450519 0.0363245 0.00964472 2.36381e-07 0.0431893 1.20107e-07 
0.00476738 0.000169884 0.000976432 0.000797074 0.00167166 2.5256e-06 9.93524e-05 0.946311 0.00571318 1.30489e-07 4.41973e-06 6.60426e-05 0.000135656 0.0119509 3.90538e-11 1.46473e-08 0.000193649 9.09218e-06 3.60434e-05 2.69073e-05 0.0270678 4.32654e-07 
0.0189016 0.000439506 2.86022e-05 0.00180726 3.88271e-05 2.44079e-05 0.0111472 0.000286638 0.847071 5.34477e-05 7.40308e-05 0.000204193 5.23467e-05 0.026205 3.97571e-08 1.55544e-06 0.00450519 0.0363245 0.00964472 2.36381e-07 0.0431893 1.20107e-07 
0.170841 0.0173467 0.000739183 0.00800906 0.0222326 1.02228e-08 0.00086881 0.00584616 0.279722 1.7005e-07 0.000270989 0.0007876 0.000364344 0.120796 8.74262e-13 2.31572e-08 2.03185e-06 1.76273e-06 0.000936924 1.1332e-07 0.371235 5.18928e-09 
0.0868964 0.00180847 0.0161233 0.0209257 0.0152717 1.11673e-05 0.000316788 0.126613 0.0680104 1.01138e-05 0.000175431 0.00177983 0.000497302 0.0850172 5.36197e-13 1.6585e-06 0.0144898 0.000749003 0.000277458 0.00274053 0.558283 1.62059e-06 
0.0577242 0.00598739 0.0027505 0.0893694 0.000213444 0.00208361 4.07198e-05 0.0552132 0.0389753 8.97154e-06 0.000204172 5.00285e-06 3.15444e-05 0.0254218 1.19775e-10 8.23835e-07 0.00267573 0.0110654 0.00963549 0.00337111 0.695222 4.0834e-08 
0.00959006 6.9608e-06 0.390615 0.00467576 0.0088716 6.13973e-07 1.82088e-05 0.0014626 0.0166004 1.11763e-05 2.05126e-07 4.9892e-06 1.1822e-05 0.291431 1.09955e-10 6.32087e-05 0.143842 0.00918995 0.000793971 0.000168384 0.122642 1.27945e-10 
0.0189016 0.000439506 2.86022e-05 0.00180726 3.88271e-05 2.44079e-05 0.0111472 0.000286638 0.847071 5.34477e-05 7.40308e-05 0.000204193 5.23467e-05 0.026205 3.97571e-08 1.55544e-06 0.00450519 0.0363245 0.00964472 2.36381e-07 0.0431893 1.20107e-07 
0.0101984 0.00170306 0.000903891 1.04165e-07 0.0127673 1.02379e-08 0.00109738 0.000821295 0.0133994 0.000596223 4.30707e-08 0.000523598 0.000406184 0.757703 8.8431e-11 2.31913e-08 0.120261 0.079618 5.72099e-08 1.13487e-07 9.58201e-07 5.19692e-09 
0.0843625 0.0343689 0.00510899 0.0575053 0.0474668 0.0111614 0.570652 0.0824604 0.00637326 0.000332634 0.00385767 0.0106429 0.000379303 0.0364744 2.60858e-06 0.000524657 0.00451981 0.00251901 0.00817594 0.000508053 0.0325996 4.00116e-06 
0.138637 0.125957 0.00443659 0.0260971 0.348461 0.000556184 1.77582e-07 0.0255185 0.0134846 0.00314035 0.000784326 0.00248339 0.000873793 0.0675606 1.80769e-12 4.64958e-10 0.00141456 0.0192412 2.12686e-08 0.00377784 0.217575 3.2816e-08 
0.05685 0.00670271 0.0359458 0.00191185 0.00447543 2.78316e-06 0.00017689 0.00687423 0.00696236 0.0167392 0.000384855 8.17921e-05 1.00726e-05 0.832801 2.73452e-06 1.10157e-05 0.000163546 0.0137873 0.00814148 0.00014589 0.00707184 0.000756845 
