0.0740666 4.02503e-06 4.02381e-06 0.199661 4.02451e-06 4.02467e-06 0.00121128 0.048309 0.136061 4.01847e-06 4.02181e-06 4.02323e-06 4.02189e-06 4.02562e-06 4.02302e-06 4.01836e-06 4.02355e-06 4.0252e-06 0.05917 0.0293765 0.452088 4.02255e-06 
0.0492749 0.138986 0.00319096 0.0109024 0.00469192 2.0967e-05 0.100782 0.0373142 0.14874 0.000168176 0.000182338 0.000614173 0.000106604 0.0618661 0.000120579 2.32514e-09 0.0106353 0.00554811 0.0147787 1.4035e-05 0.412062 5.74274e-09 
0.0496123 0.231283 0.000625668 0.0171845 0.559155 0.000153801 0.00210493 0.0363979 0.00480607 0.000662884 5.92592e-06 0.00332021 1.93941e-05 0.00225214 0.000249296 8.31465e-07 9.81693e-05 6.75419e-05 0.0265908 3.5024e-05 0.0585544 0.0068208 
0.108507 0.104745 0.00166551 0.0571565 0.396691 0.00201636 0.00533309 0.0589187 0.00669182 0.000630422 0.0047735 0.00657427 0.000807078 0.082989 0.000791174 7.8147e-05 0.00182007 0.00330353 0.0159845 0.00239174 0.0249637 0.113168 
0.140998 1.30538e-05 1.30499e-05 1.30548e-05 0.036559 0.0300342 0.0313357 1.30551e-05 1.30549e-05 1.30326e-05 1.30434e-05 0.495837 1.30436e-05 0.161904 1.30473e-05 1.30322e-05 0.0365503 0.00131849 1.30534e-05 1.30493e-05 0.0652928 1.30458e-05 
0.0092133 0.0146695 0.00264075 0.0019562 0.0047692 3.28986e-06 0.0622752 0.00499797 0.10598 7.31616e-09 7.61668e-05 0.000115983 0.000535189 0.00336303 0.00529548 5.77551e-12 0.0116637 8.88418e-05 0.000128394 1.85362e-05 0.772209 1.51626e-09 
0.0108122 0.0226174 9.91963e-05 0.00591247 0.660505 0.000164058 0.150781 0.00963186 0.0471245 1.4432e-07 9.88265e-05 0.000912435 9.83618e-05 0.0161228 0.000518709 3.02669e-08 0.000418611 7.03755e-05 0.00818867 7.0792e-07 0.0167382 0.0491837 
0.0235492 0.21919 0.000271702 0.0135173 0.0579496 5.26563e-05 0.0170093 0.0274821 0.0162092 8.71399e-05 0.000872614 0.0467157 0.00163634 0.00444495 0.000132824 9.31647e-08 0.000135663 0.00103193 0.000837089 0.0607549 0.507642 0.000477546 
0.0146602 0.000959514 0.00225942 0.00126218 0.000364691 4.71076e-06 0.000761432 0.000720883 0.00599068 5.07516e-05 6.46725e-05 0.000389635 5.18881e-05 0.034865 4.91079e-05 2.13043e-12 0.915347 0.00479854 0.000376334 5.13297e-09 0.0170232 1.96853e-10 
0.176059 0.0558542 0.0578481 0.015888 0.143437 0.000481979 0.0210504 0.066183 0.0112008 0.000631449 0.00130575 0.0167049 0.00526215 0.230032 0.00145867 1.21613e-05 0.020694 0.0169452 0.0361924 0.000837141 0.121789 0.000133209 
0.00766247 0.279658 0.00072917 0.0690422 0.0316176 0.00014806 0.00357481 0.158749 0.00774667 0.00134032 0.00652361 0.0238948 0.0163728 0.0419972 0.00158126 3.52332e-05 0.00101763 0.00836447 0.0269722 0.0586227 0.2542 0.00015059 
0.00138026 0.00229314 0.000129377 0.00297643 0.00344129 0.0201559 0.000942556 0.00770471 0.000475937 5.84874e-07 4.23429e-05 0.931687 0.00679097 0.00423649 1.70106e-05 8.56708e-09 2.49095e-05 0.00223848 7.30114e-05 5.5212e-05 0.0138568 0.00147747 
0.0647331 0.0277458 0.0297183 6.60508e-06 0.55802 0.0125542 0.0363241 6.6052e-06 6.60509e-06 6.5938e-06 0.0165048 6.60162e-06 6.59941e-06 0.204118 6.60127e-06 6.59363e-06 6.60213e-06 6.60485e-06 6.60435e-06 6.60228e-06 0.0330348 0.0171678 
0.0211351 0.00826366 0.00819247 0.0417687 0.000587772 0.000133013 0.0289676 0.0246711 0.00749599 0.000344367 0.000197869 0.00404471 0.00313585 0.724365 0.00053152 1.158e-05 0.0212603 0.0586835 0.00563093 0.0050432 0.0354048 0.000131212 
0.0625359 0.0323707 0.00233182 0.072461 0.625908 0.000200948 0.00145068 0.0192954 0.00362756 0.000327839 0.00353954 0.0028777 0.00291697 0.0605914 0.00601276 1.27616e-05 0.000153882 0.0261006 0.00291845 0.0112198 0.03954 0.0236067 
0.0160791 0.0031813 0.000495128 0.00321459 0.000247424 2.37709e-11 0.0185378 0.000961579 0.422782 3.92362e-05 1.9795e-09 9.68931e-05 9.72674e-09 0.0417703 0.000534283 4.38607e-13 0.000792871 0.000337295 0.000305694 6.71115e-09 0.490624 1.82392e-09 
0.118822 0.342782 0.0123218 0.0131149 0.26706 3.77767e-05 0.00184225 0.0175989 0.037701 4.28522e-07 0.000833575 4.40264e-06 3.89988e-05 0.146539 7.66287e-06 3.32103e-07 5.80844e-06 0.00192972 0.000342966 3.5392e-06 0.0390052 7.74925e-06 
0.0184018 0.346722 0.00375106 0.0268482 0.00435738 0.000181162 0.0388965 0.0617572 0.0332657 0.000671921 0.000664787 0.00835313 0.000681318 0.0399596 0.00460725 5.78106e-05 0.013571 0.0281775 0.0060052 0.00624333 0.356744 8.18439e-05 
0.000813182 0.0731056 0.00206904 0.00706894 0.000698252 0.000190885 0.0126785 0.0452806 0.0076529 6.3714e-06 0.0101801 0.000124975 0.653682 0.00385727 3.18606e-05 1.68362e-09 8.53821e-05 0.0349209 0.00544206 0.0855237 0.0565878 4.20697e-09 
2.16836e-05 0.0173681 0.346846 2.16847e-05 0.0715662 2.1681e-05 2.16784e-05 0.0607399 2.16847e-05 2.16476e-05 2.16657e-05 0.0130256 2.1666e-05 0.370854 2.16722e-05 2.16471e-05 2.1675e-05 0.104105 2.16823e-05 0.0065243 2.16865e-05 0.00868948 
0.00228916 0.0412984 0.000264305 0.0720115 0.788753 4.93667e-06 0.00183125 0.0309162 0.000246245 5.70409e-06 0.0162685 1.30037e-05 0.0086181 1.37256e-06 0.0036474 6.62787e-07 3.43094e-06 0.00845926 0.00547992 0.0194215 1.9681e-06 0.000464608 
0.0280273 0.0492776 0.00467724 0.0261034 0.0353946 0.000369533 0.00988018 0.644781 0.0118303 9.67668e-05 0.00781108 0.000888337 0.000118719 0.000837176 0.00674936 6.24984e-05 0.000192227 0.0040459 0.00857748 0.00203029 0.157699 0.000550365 
0.185656 0.0103964 0.0425287 0.0224059 0.0116895 0.000216653 0.00387199 0.0234811 0.111791 0.00242785 8.06323e-05 0.0108327 6.25622e-05 0.3611 0.00649519 1.94552e-05 0.00186758 0.0600728 0.00255493 0.0653593 0.0299329 0.0471564 
0.0549819 0.0156293 0.00409188 0.0884827 0.0930678 0.000407752 0.00220765 0.100158 0.0038973 0.0215224 0.00942084 0.00198387 0.0206923 0.270663 0.0394587 1.19331e-05 0.0115336 0.0481489 0.0396854 0.0268781 0.14655 0.000527892 
0.0349467 0.204794 0.000342149 0.0243095 0.40383 1.76621e-06 0.211012 0.00774341 0.0202757 2.82055e-06 0.00180028 0.00368332 0.00177631 0.0312853 3.75219e-07 2.67415e-09 2.76744e-05 0.00982153 0.0154867 0.00543806 0.023247 0.000175231 
0.052495 0.0199675 0.00144239 0.0309364 0.0572075 2.4888e-05 0.00229574 0.111896 0.0197461 7.63533e-06 0.0134666 0.00423912 0.000249699 0.0159344 0.000366936 4.63527e-06 0.000166734 0.00168215 0.005714 0.119414 0.541898 0.000843781 
0.0174309 0.0179321 0.0814876 0.0412721 0.295077 0.00141876 0.0303841 0.0901022 0.0359478 0.000625502 0.00384279 0.0814085 0.00601025 0.195091 0.0214554 1.50425e-05 0.00344641 0.00533976 0.00462378 0.0271747 0.0393085 0.000605817 
0.0140266 0.0306788 0.00579985 0.120724 0.0045473 0.00185777 0.021934 0.0702759 0.0823317 0.000461139 0.00758895 0.00668185 0.00034592 0.0611857 0.0246672 0.000328564 0.000550707 0.00924211 0.260394 0.00612889 0.268244 0.00200535 
0.259664 0.0728028 0.00362116 0.0300028 0.108547 0.00025602 0.00127049 0.207031 0.023441 0.00565501 0.00779947 0.00365995 0.0074831 0.0977187 0.0359992 1.2705e-05 0.00408486 0.00427879 0.0429506 0.0134948 0.0701482 7.95112e-05 
0.156156 0.0326356 3.04885e-06 3.05001e-06 0.544926 3.0495e-06 0.0161635 0.043009 3.05002e-06 0.00243889 3.04734e-06 0.0262194 0.0155448 0.115607 3.04825e-06 3.04472e-06 0.0289652 0.0183025 3.04967e-06 3.04872e-06 3.05027e-06 3.04789e-06 
0.0156754 0.405536 0.000299693 0.00408481 0.0456809 0.000661029 0.0011911 0.0196875 0.00683905 0.000155454 0.000916868 0.00322394 0.0001515 0.00269255 0.00232002 7.97266e-07 0.000314424 0.00125746 0.0271164 0.000829445 0.0503213 0.411044 
0.0549359 0.00508845 0.00472719 0.534593 0.00537174 5.7053e-05 0.00313755 0.0122952 0.0824222 0.00520572 0.016099 0.000176416 0.000239725 0.0269999 0.00790953 7.98605e-06 4.18043e-05 0.00375224 0.0782387 0.0509792 0.107699 2.24472e-05 
0.0146602 0.000959514 0.00225942 0.00126218 0.000364691 4.71076e-06 0.000761432 0.000720883 0.00599068 5.07516e-05 6.46725e-05 0.000389635 5.18881e-05 0.034865 4.91079e-05 2.13043e-12 0.915347 0.00479854 0.000376334 5.13297e-09 0.0170232 1.96853e-10 
0.0121043 0.103423 0.00419718 0.0752995 0.0147217 3.82748e-05 0.00238792 0.0307886 0.315512 2.43427e-05 0.0013284 1.14954e-05 6.9266e-05 0.0263197 0.00101776 1.28707e-07 0.000229103 0.00134345 0.263541 0.0259105 0.121731 1.15587e-06 
0.0345575 0.0157312 0.000999501 0.0588562 0.000591718 0.0335819 0.0626183 0.0294424 0.235943 2.95455e-05 9.89716e-05 0.000199295 0.00215078 0.047169 0.000976593 1.60053e-05 0.0015976 0.013768 0.0622917 0.000252045 0.399103 2.57565e-05 
0.00695701 0.000232756 0.00791655 0.524043 0.0094696 7.5952e-05 0.000374034 0.00700149 0.00112703 2.44684e-06 0.00791425 2.87088e-05 0.00128528 0.0327204 0.0383417 1.38383e-08 0.000409275 0.000259546 0.121622 0.171525 0.0684145 0.00027945 
0.000181306 0.000107785 0.00034161 0.000139551 0.00198874 3.79667e-05 0.00109626 0.000484289 8.91817e-05 4.50547e-09 5.90133e-05 2.47713e-05 0.994622 0.000235182 7.29421e-07 2.91695e-12 1.07447e-09 0.000149498 6.00518e-06 6.48556e-05 0.000371693 1.64068e-09 
0.050874 0.00173275 0.000359694 0.000323894 0.00437973 4.96478e-05 0.000637342 0.911953 0.000182306 0.000114189 4.28881e-05 0.000171845 0.000281412 0.000297188 3.06024e-05 1.01919e-05 1.74799e-05 3.32099e-05 0.000251493 0.000449106 0.0277912 1.70379e-05 
0.16025 0.411184 0.00577847 0.023115 0.0172247 7.38438e-06 0.00169577 0.0306845 0.0561376 0.000269597 0.000115018 0.00139308 1.65527e-06 0.0217694 0.000105182 1.18495e-06 0.00719293 5.52157e-05 0.000121134 0.000309131 0.262551 3.74401e-05 
0.0316087 0.168181 0.00348316 0.0376399 0.0272551 0.00103047 0.202318 0.0410459 0.0846353 0.00058489 0.000932043 0.0552881 0.0404519 0.0384293 0.00444915 3.74354e-06 0.000781199 0.0419438 0.0442503 0.0144648 0.1612 2.35039e-05 
0.0467362 0.0288721 0.00534156 0.122012 0.0554686 0.0528085 0.0225584 0.105567 0.0287538 0.000824704 0.0437453 0.033271 0.00104435 0.085628 0.0457006 7.50879e-06 0.00654662 0.0233271 0.0078951 0.0203513 0.263312 0.000227672 
0.0358115 0.0148586 0.00452784 0.00518771 0.718494 0.00279198 0.016836 0.0486376 0.00228309 0.000245787 0.00110335 0.00917869 0.00437335 0.0647933 0.00349674 7.0178e-07 0.00122746 0.00866736 0.000308265 0.00172404 0.0554519 1.18678e-06 
0.0160729 0.124968 0.00471814 0.130139 0.000688895 0.0799211 0.17655 0.0586578 0.0489685 0.00043256 0.000711022 0.00883792 0.00010744 0.0419928 0.00690649 6.48941e-05 0.00611223 0.027664 0.00876386 0.00207083 0.254835 0.000816231 
1.36408e-05 1.36404e-05 1.36363e-05 1.36415e-05 0.578292 0.00546933 1.36376e-05 0.0368464 1.36415e-05 1.36182e-05 1.36295e-05 1.36343e-05 1.36298e-05 1.36424e-05 0.0777255 1.36178e-05 0.0395562 0.0286598 0.18961 1.36357e-05 0.0177491 0.0259144 
0.0743162 0.0425629 0.00264792 0.00777665 0.00316175 3.05767e-05 0.0017696 0.00671944 0.447875 4.36314e-05 2.62651e-06 0.000364512 0.000172815 0.0686171 1.24667e-07 8.77235e-09 0.0202625 0.0019345 0.0213151 2.9681e-06 0.300423 3.17566e-07 
0.140998 1.30538e-05 1.30499e-05 1.30548e-05 0.036559 0.0300342 0.0313357 1.30551e-05 1.30549e-05 1.30326e-05 1.30434e-05 0.495837 1.30436e-05 0.161904 1.30473e-05 1.30322e-05 0.0365503 0.00131849 1.30534e-05 1.30493e-05 0.0652928 1.30458e-05 
0.155804 0.069066 0.000638258 0.0288718 0.205243 0.0073739 0.0712617 0.170822 0.0523588 0.00176568 0.000156901 0.115482 9.43999e-05 0.0550516 0.00384847 7.13711e-06 0.00849593 0.000146959 0.0151849 0.00764192 0.0301795 0.000504618 
0.0146524 0.116534 0.0010503 0.122279 0.00936182 6.46021e-05 0.0466812 0.112453 0.058756 0.000876493 0.000956846 0.00171823 0.000516011 0.028215 0.00780494 5.35279e-05 0.00102121 0.00595545 0.0401193 0.00676813 0.423259 0.000903608 
0.0267478 0.207901 0.00848671 0.178266 0.00908113 0.000408399 0.0417364 0.0954277 0.0589565 0.000100972 0.00330869 0.00284626 0.000787291 0.0271329 0.0116125 9.85191e-05 0.00152546 0.00770677 0.0239177 0.0064693 0.287363 0.000118089 
0.0385605 0.00887208 0.000244836 0.0168925 0.00311403 4.613e-05 0.00405771 0.00699496 0.138249 5.53057e-05 0.000300118 0.00659293 0.00012773 0.0129826 0.0034639 1.13769e-07 0.000118116 0.00265309 0.0162171 0.00104 0.738938 0.000479264 
0.00912672 0.0124369 0.000178678 0.0225111 0.0476632 0.00220427 0.000372071 0.501731 0.0116195 0.000100563 0.300076 0.00161636 0.00128137 0.0144191 0.00112447 8.80913e-06 0.00011422 0.00855916 0.00147451 0.0287856 0.0340481 0.000549039 
0.0199031 0.00308384 0.000182533 0.000470422 0.00734771 0.000111016 0.00515175 0.022782 0.0140132 1.69501e-07 0.0010295 0.000509484 0.909685 0.00427969 6.61735e-05 3.07512e-09 4.80231e-06 1.69817e-06 0.000573119 3.1634e-05 0.0107731 1.53944e-08 
0.0603134 0.000121519 0.00494693 0.0717638 0.0058148 0.000108394 0.00178675 0.109916 0.0145348 1.4159e-05 0.00141562 1.03908e-05 0.642216 0.0250575 0.000298017 7.28941e-07 9.79606e-06 0.000939157 0.00130515 0.0473941 0.0120285 3.59102e-06 
0.000454054 8.31714e-05 0.000530706 3.7246e-05 0.000110776 5.12416e-05 0.00272109 0.000134183 0.00132542 1.75861e-06 7.23389e-10 1.71734e-06 0.99428 0.00014047 1.18874e-05 9.95286e-12 1.80879e-05 5.58224e-05 1.89498e-06 1.43728e-05 2.65296e-05 4.5226e-10 
0.0324214 0.0350201 3.85459e-05 0.00653727 0.708446 7.039e-05 0.0260551 0.0276986 0.111525 3.06072e-05 0.000331677 0.00128678 1.80336e-05 0.00386109 7.6403e-07 1.52268e-09 2.54522e-05 2.7591e-05 0.0021483 0.00104183 0.0434148 9.70407e-08 
0.00996631 0.000355953 0.0272687 0.00923181 0.202092 0.516528 0.000568701 0.0990453 0.0112557 1.01378e-05 7.32125e-07 0.0359494 0.00213291 0.0413293 0.00090483 2.32345e-07 0.0291672 3.15285e-05 8.64953e-07 0.000597013 0.0126168 0.000946756 
0.0377611 0.00892364 0.000194531 0.0171064 0.0024562 2.26689e-08 0.0041555 0.00685102 0.127961 4.63546e-05 0.000261672 0.00190555 0.000114968 0.0129946 0.00343906 2.30909e-09 0.000101112 0.00239235 0.0160936 0.000161355 0.75708 1.1641e-07 
0.014256 0.533647 0.00361154 0.00099803 0.11533 0.000166484 0.000103968 0.0116742 0.00576117 0.00411026 0.000388307 0.0268154 0.00197779 0.15747 0.0157054 4.50226e-08 3.80101e-07 3.80231e-05 0.000784829 0.00029159 0.0759775 0.0308922 
0.00331056 0.000701164 0.000443535 0.000447039 0.000208774 2.19094e-05 0.00345189 0.000499351 0.0193189 3.75196e-05 7.94109e-06 3.96965e-05 1.53224e-05 0.0317105 7.71984e-06 1.79433e-07 0.904963 0.0136889 0.000155717 5.64251e-06 0.0209638 7.89479e-07 
0.00259374 0.00958969 0.000375997 0.00913864 0.0126335 0.00949891 0.0012139 0.0415073 0.000876863 0.000390752 0.000122584 0.873588 0.0025693 0.00808144 0.00376972 1.97993e-05 0.00023406 0.00213166 0.00298775 0.000720852 0.00921211 0.00874359 
0.0350571 0.03775 0.00397298 0.0651036 0.00958405 0.0013777 0.00629242 0.0567035 0.0237876 0.000533477 0.501919 0.00182743 0.00137975 0.0233317 0.00751078 0.000124317 0.00169288 0.0103341 0.091673 0.0250489 0.094681 0.000314457 
0.0137087 0.799272 0.00337618 0.00233889 0.032349 0.00359643 0.00594501 0.0161744 0.0110999 0.00240479 0.00476611 0.000208864 0.000212232 0.000991385 0.00231539 3.48272e-06 2.22532e-05 0.000119798 0.00945502 0.00163766 0.0627577 0.0272446 
0.00331056 0.000701164 0.000443535 0.000447039 0.000208774 2.19094e-05 0.00345189 0.000499351 0.0193189 3.75196e-05 7.94109e-06 3.96965e-05 1.53224e-05 0.0317105 7.71984e-06 1.79433e-07 0.904963 0.0136889 0.000155717 5.64251e-06 0.0209638 7.89479e-07 
0.00161169 0.00254819 0.00099719 0.000590551 0.00167771 0.000513241 0.00445593 0.0260804 0.00145444 6.20364e-05 1.84554e-08 0.0056994 0.900181 0.007008 5.84597e-06 1.87629e-10 0.000170086 0.0253079 0.000842555 8.52562e-05 0.0207083 2.29672e-10 
0.0195615 0.363796 0.415412 0.0174586 0.0596056 0.000332971 0.000445901 0.00656671 0.0397238 7.55675e-05 0.000131275 0.00232431 0.000635822 0.0146344 0.00538659 3.11408e-06 0.00168577 0.00157262 0.0231151 8.68319e-05 0.0270756 0.000370143 
0.09562 0.195382 0.00467754 0.0251044 0.0149238 0.000168541 0.0788826 0.0831292 0.0346096 0.00174216 0.0019233 0.00496115 0.000327838 0.0685717 0.00654328 0.000107913 0.152235 0.0177965 0.0132343 0.00118161 0.197459 0.00141793 
0.0446241 0.136646 5.57547e-06 5.57759e-06 0.761748 0.0429459 5.57599e-06 5.5777e-06 5.5776e-06 5.56807e-06 5.57271e-06 5.57467e-06 0.00669296 5.57797e-06 5.57438e-06 5.56793e-06 0.00725318 5.5774e-06 5.57698e-06 5.57523e-06 5.57807e-06 5.57372e-06 
0.018954 0.0296318 0.00338141 0.0342735 0.0323379 0.00102658 0.00281032 0.00497662 0.00426922 1.94703e-05 0.000239916 0.580869 9.56824e-07 0.0673873 0.00869395 3.04855e-10 0.000432921 0.000362575 0.0248769 9.90912e-09 0.00684745 0.178608 
0.0143497 0.0197601 0.00128726 0.043244 0.0325263 0.337717 0.00141884 0.159048 0.0451265 7.68212e-05 0.00043741 0.213947 0.0019036 0.0584151 0.000189071 1.79157e-07 3.5839e-05 0.0116861 0.00144325 0.0228168 0.0345706 5.35261e-07 
0.0679001 0.00264387 5.18146e-07 0.276589 0.00290264 5.18256e-07 5.18195e-07 0.224084 0.0120779 5.17459e-07 0.00202028 5.18072e-07 5.17899e-07 5.18379e-07 0.00269436 5.17445e-07 5.18112e-07 0.00222931 0.0412561 0.0462169 0.31938 5.17983e-07 
3.50432e-05 9.7233e-05 1.83907e-05 6.08113e-05 2.4719e-05 0.000128066 0.00488529 0.00048547 0.00027228 1.31029e-09 4.00478e-09 3.27037e-05 0.99352 9.94591e-05 2.80954e-06 5.38912e-13 4.43877e-09 6.35205e-05 0.000264714 5.38283e-06 3.94734e-06 2.02665e-10 
0.0233788 0.00259353 0.00124502 0.00661376 0.454012 2.29089e-05 9.40126e-05 0.0757697 0.00145493 2.32657e-05 0.000230643 0.00112823 0.0147209 0.232597 0.00424019 1.57826e-05 0.0171536 0.116968 0.000803409 0.00103698 0.0408849 0.00501319 
0.0132977 0.00228331 1.2396e-08 0.0105447 3.88455e-05 3.17423e-06 0.00505971 0.000116863 0.802111 3.12956e-05 4.22013e-05 0.000230928 6.26698e-06 0.0164407 2.42447e-08 3.69383e-09 0.00397136 0.00151463 0.020967 1.80548e-08 0.12334 1.20948e-07 
0.0349467 0.204794 0.000342149 0.0243095 0.40383 1.76621e-06 0.211012 0.00774341 0.0202757 2.82055e-06 0.00180028 0.00368332 0.00177631 0.0312853 3.75219e-07 2.67415e-09 2.76744e-05 0.00982153 0.0154867 0.00543806 0.023247 0.000175231 
0.00172332 0.000217294 1.28914e-05 0.00121197 0.000854088 3.39899e-05 0.00125872 0.000761471 0.000942496 3.49738e-09 3.30807e-05 1.46597e-06 0.990385 0.000276574 4.25619e-06 7.96853e-12 3.48769e-06 3.80095e-05 8.06203e-06 0.000332963 0.00190086 5.42936e-10 
0.0221532 0.24313 0.0450042 0.0548524 0.00905639 0.000188233 0.13473 0.0251486 0.115894 0.000860183 0.0087489 0.00634814 0.110354 0.0300946 0.00614591 1.16093e-05 0.00414361 0.0188203 0.0234631 0.0220865 0.118373 0.000393959 
0.0744093 0.0413802 0.00300067 0.284463 0.0575944 6.83911e-05 0.0242078 0.0991365 0.0514561 0.00168521 0.0123764 0.000930129 0.000117226 0.0340835 0.00058587 2.61322e-05 0.00866793 0.0053907 0.0295864 0.0355192 0.234615 0.000699959 
0.133986 0.17126 0.00802684 0.00406525 0.306039 0.000272925 0.00150413 0.0659444 0.034809 0.000223121 0.000162158 0.00540977 0.000342349 0.0315551 0.000181382 2.50662e-06 0.000101954 0.015599 0.003002 0.0876207 0.129033 0.00085871 
0.0138057 0.000868697 0.00178206 0.00133191 0.000317119 3.0861e-06 0.000624525 0.000697426 0.00677006 5.99959e-05 4.23487e-05 0.000325079 3.78075e-05 0.0234161 5.77932e-05 6.32363e-12 0.931037 0.0035753 0.000789418 4.12855e-05 0.0144173 2.88448e-10 
0.0266599 0.0169695 0.0320708 0.473183 0.00243383 0.00127664 0.0165814 0.029976 0.124695 0.000784359 0.00163842 0.00171238 0.000532378 0.0407944 0.00751671 0.000132844 0.00168284 0.0122199 0.0221813 0.0127523 0.173576 0.000630536 
3.50432e-05 9.7233e-05 1.83907e-05 6.08113e-05 2.4719e-05 0.000128066 0.00488529 0.00048547 0.00027228 1.31029e-09 4.00478e-09 3.27037e-05 0.99352 9.94591e-05 2.80954e-06 5.38912e-13 4.43877e-09 6.35205e-05 0.000264714 5.38283e-06 3.94734e-06 2.02665e-10 
0.00885523 0.488609 0.00544152 0.120488 0.00833563 6.8651e-05 0.00393341 0.0362576 0.112279 9.11726e-05 0.0100447 0.00059936 5.72607e-05 0.0165722 0.000520943 2.10855e-06 6.86086e-06 0.00370161 0.131312 0.00280552 0.0499683 5.05987e-05 
0.0568056 0.0959622 0.00521325 0.00564134 0.692183 3.65335e-05 3.37174e-06 0.0494474 0.0437633 0.000246397 0.00212108 0.0193806 0.000308812 0.00838435 1.45681e-06 4.79681e-07 0.000425955 3.02134e-06 2.27692e-06 0.00544867 0.0146166 4.42266e-06 
0.040062 0.00623241 0.00691488 0.706204 0.0157966 0.00412888 0.00236467 0.0482451 0.00790525 0.00158963 0.00357821 0.00438018 0.000536946 0.023731 0.0195765 5.70823e-05 0.000602707 0.000708509 0.0446855 0.0303628 0.0307973 0.00153936 
0.128711 0.239533 0.00357439 0.072559 0.00821722 0.00392355 0.0138032 0.129003 0.0524663 0.000877889 0.00988701 0.016967 0.00526971 0.0766584 0.00705826 0.000141118 0.0130288 0.0368221 0.0318459 0.0084824 0.139666 0.00150487 
0.000373103 0.000200748 7.49871e-05 0.000528881 0.00102874 0.000368515 0.00181823 0.00341136 0.000190738 5.66782e-07 4.72769e-05 9.5274e-05 0.98504 0.000136581 5.49992e-05 2.83592e-09 1.2961e-06 0.00361956 0.000481942 0.00103449 0.00149235 8.22118e-07 
0.0568056 0.0959622 0.00521325 0.00564134 0.692183 3.65335e-05 3.37174e-06 0.0494474 0.0437633 0.000246397 0.00212108 0.0193806 0.000308812 0.00838435 1.45681e-06 4.79681e-07 0.000425955 3.02134e-06 2.27692e-06 0.00544867 0.0146166 4.42266e-06 
0.018954 0.0296318 0.00338141 0.0342735 0.0323379 0.00102658 0.00281032 0.00497662 0.00426922 1.94703e-05 0.000239916 0.580869 9.56824e-07 0.0673873 0.00869395 3.04855e-10 0.000432921 0.000362575 0.0248769 9.90912e-09 0.00684745 0.178608 
2.10298e-05 0.000109287 1.10391e-05 3.64902e-05 3.42466e-05 0.000111084 0.00431305 0.000344011 0.000208976 1.66395e-09 5.9362e-09 1.96259e-05 0.994504 5.96785e-05 1.68827e-06 1.08397e-12 5.63563e-09 5.63437e-05 0.000158838 3.23128e-06 7.34885e-06 2.57488e-10 
0.0891704 0.0122135 0.00569649 0.0285225 0.463403 0.00211169 0.00730361 0.13938 0.00784286 5.6643e-05 0.0023164 0.0476854 3.97149e-05 0.0503084 0.00622853 9.47574e-09 0.000168522 0.000613432 0.00217634 0.0245171 0.110049 0.000196511 
0.0650848 0.0288983 0.550959 0.0285983 0.000307902 0.144146 0.0790216 0.0135634 0.00810854 6.17198e-05 0.00173652 0.0185815 0.000252819 0.0010428 0.000857677 1.0246e-06 0.0285509 0.000194533 0.00359562 2.36875e-06 0.0259098 0.000524748 
0.0500605 0.0667176 0.00258797 0.0126605 0.547185 8.4937e-05 0.00152333 0.0353849 0.0694951 0.000320433 0.00200705 0.0103289 0.00115754 0.106627 0.000889851 2.73349e-05 0.00247242 0.00890246 0.0106081 0.00196026 0.0658611 0.00313777 
0.0377611 0.00892364 0.000194531 0.0171064 0.0024562 2.26689e-08 0.0041555 0.00685102 0.127961 4.63546e-05 0.000261672 0.00190555 0.000114968 0.0129946 0.00343906 2.30909e-09 0.000101112 0.00239235 0.0160936 0.000161355 0.75708 1.1641e-07 
0.151247 0.000730113 0.00935674 0.00208222 0.295409 1.93867e-05 0.0360465 0.126901 0.00901093 0.00290714 0.000157822 0.0130656 0.000967894 0.228786 0.000143684 1.1466e-09 0.00835707 0.0826454 5.23052e-08 0.005469 0.0266908 6.83199e-06 
0.0508998 0.109917 0.0164602 0.0750035 0.0883126 0.000154603 0.00823358 0.0698232 0.0185766 0.000122923 0.0218642 0.00141239 0.0343243 0.0361653 0.0211745 2.37951e-06 7.15826e-05 0.0206717 0.0412196 0.0857353 0.299851 2.88898e-06 
0.105905 0.0101582 0.0115929 0.15172 0.436381 0.000266773 1.46778e-05 0.0245009 0.00587776 0.00133769 0.0013312 0.0149185 0.057701 0.130937 0.00291137 4.45888e-07 0.0016482 0.00400288 0.00895035 0.00125044 0.0285561 3.84517e-05 
0.05226 0.115923 0.0129323 0.0175577 0.234321 0.000149499 0.00493078 0.0304733 0.0627195 0.000437725 0.0130225 0.0039255 0.0135267 0.0778096 0.023381 1.39966e-06 0.00261982 0.045387 0.0279995 0.00807522 0.248881 0.00366597 
0.0064915 0.154055 0.000543481 3.8835e-06 0.710311 0.000547198 7.07038e-05 7.82978e-07 0.0142126 2.80902e-06 0.00020457 0.0036817 3.41104e-06 0.0714979 0.000612582 1.63867e-08 0.00657487 0.00489272 0.00763576 4.91534e-08 0.0106082 0.00804997 
0.0125205 0.00091923 0.00375018 0.00393196 0.000434006 3.76603e-05 0.00458703 0.00210225 0.0235603 0.000174499 6.1367e-05 2.82181e-05 9.74309e-06 0.185211 2.05743e-06 2.25126e-07 0.619861 0.114512 0.00167798 0.000752952 0.0258656 6.14293e-07 
0.244606 0.239071 0.0115342 0.0283119 0.00167755 0.000168621 0.0202468 0.0313255 0.0100998 0.000632431 4.73434e-07 0.0203964 8.83754e-05 0.0436063 1.28587e-07 6.41962e-11 0.00068018 6.52959e-06 6.48236e-07 1.00865e-06 0.347546 5.95481e-07 
0.00161169 0.00254819 0.00099719 0.000590551 0.00167771 0.000513241 0.00445593 0.0260804 0.00145444 6.20364e-05 1.84554e-08 0.0056994 0.900181 0.007008 5.84597e-06 1.87629e-10 0.000170086 0.0253079 0.000842555 8.52562e-05 0.0207083 2.29672e-10 
0.289993 0.0503265 0.0228697 0.0893967 0.010558 1.75945e-06 0.0167145 0.0881667 0.0709194 0.00351524 0.0471215 1.75882e-06 1.75823e-06 0.0890507 0.00914717 1.75669e-06 0.00862064 0.0542 0.0598265 0.0339504 0.0556143 1.75852e-06 
0.12943 0.00784774 0.000860774 0.0182714 0.00103796 0.000338033 0.143749 0.0335084 0.0231658 3.9357e-05 5.4438e-05 0.00186718 0.000464841 0.383061 0.000401316 3.96898e-11 0.187956 0.0343867 0.00812829 7.30334e-05 0.0252409 0.000118369 
0.0645316 0.604806 0.0123378 0.0056306 0.00830134 2.80429e-05 0.000231876 0.00108563 0.145817 2.9736e-05 0.000244918 0.00184399 5.61062e-05 0.0200682 6.10317e-05 1.73245e-05 0.000728294 0.00475421 0.0496771 0.000188877 0.07945 0.000110677 
0.00161169 0.00254819 0.00099719 0.000590551 0.00167771 0.000513241 0.00445593 0.0260804 0.00145444 6.20364e-05 1.84554e-08 0.0056994 0.900181 0.007008 5.84597e-06 1.87629e-10 0.000170086 0.0253079 0.000842555 8.52562e-05 0.0207083 2.29672e-10 
0.0395155 0.271159 0.0092946 0.0735081 0.104716 0.000437297 0.00848162 0.144674 0.0415942 0.000405409 0.0122537 0.0122792 0.00185556 0.0605043 0.00589865 7.6259e-06 0.0009135 0.00999047 0.0108086 0.0162015 0.174041 0.0014602 
0.0776774 0.0429094 0.0115598 0.000100446 0.784671 0.000165562 1.2159e-05 0.0135633 0.000921504 2.09686e-05 0.0130135 0.012572 0.0044206 0.0152688 0.000318726 1.2825e-07 6.62311e-07 0.000342976 1.07083e-05 0.0184763 0.00397281 1.57777e-06 
0.00161169 0.00254819 0.00099719 0.000590551 0.00167771 0.000513241 0.00445593 0.0260804 0.00145444 6.20364e-05 1.84554e-08 0.0056994 0.900181 0.007008 5.84597e-06 1.87629e-10 0.000170086 0.0253079 0.000842555 8.52562e-05 0.0207083 2.29672e-10 
0.000105036 0.000105033 0.000105001 0.000105041 0.98729 0.000105024 0.000105011 0.000105043 0.000105042 0.000104862 0.000104949 0.000104986 0.000104951 0.0106099 0.000104981 0.000104859 0.000104995 0.000105038 0.00010503 0.000104997 0.000105051 0.000104969 
0.0238128 0.0830047 0.0482467 0.0231705 0.0566181 6.43339e-06 6.43263e-06 6.43459e-06 6.43449e-06 0.0134958 0.00450662 6.4311e-06 6.42895e-06 0.40219 0.00257874 6.42332e-06 6.43161e-06 6.43425e-06 0.260574 6.43175e-06 0.0817312 6.43001e-06 
0.0960341 0.162357 0.00678921 0.0852949 0.0360602 3.95022e-05 0.0122058 0.0706013 0.0159 5.45776e-05 0.00368604 0.0312332 0.00101916 0.020067 0.000449871 8.89678e-08 8.45541e-05 0.000643265 0.000575112 0.0378088 0.418798 0.000298282 
0.0123756 0.0676326 0.000450035 0.029096 0.0019049 3.15277e-05 0.000408457 0.129973 0.0459605 0.000109562 0.000322977 0.00026144 5.61809e-05 0.0369752 6.84987e-05 1.52805e-06 0.0056866 0.0236796 0.000397346 0.000367034 0.644239 1.56828e-06 
0.0092133 0.0146695 0.00264075 0.0019562 0.0047692 3.28986e-06 0.0622752 0.00499797 0.10598 7.31616e-09 7.61668e-05 0.000115983 0.000535189 0.00336303 0.00529548 5.77551e-12 0.0116637 8.88418e-05 0.000128394 1.85362e-05 0.772209 1.51626e-09 
0.135051 0.370114 0.0184047 0.00295863 0.104702 0.000387361 6.09155e-06 0.074194 0.00545963 0.00332816 0.00508944 0.000630082 0.000786259 0.0720378 3.79772e-06 3.09361e-08 0.0216221 0.0529731 0.00124744 0.00479575 0.0294711 0.096737 
0.033531 0.0494982 0.304332 0.0264462 0.226462 0.000225978 0.00542644 0.0169771 0.0316652 0.000734139 0.00228648 0.00105056 0.0064856 0.185142 0.0115765 1.27265e-05 0.0175265 0.00463939 0.0325299 0.00879935 0.0158758 0.018777 
0.0536581 0.0194708 0.000568098 0.0018873 0.86958 0.000231511 0.00023209 0.00936659 0.0103456 9.18186e-07 0.013329 0.000222241 9.44483e-08 0.00326981 0.00877134 5.3068e-10 2.69544e-08 3.96695e-06 0.00256289 8.96963e-07 0.00649781 6.57792e-07 
1.53577e-05 0.0245871 1.53527e-05 1.53585e-05 0.405395 1.53559e-05 1.53541e-05 0.0338047 1.53585e-05 0.0720773 1.53451e-05 1.53505e-05 1.53453e-05 0.463875 1.53497e-05 1.53319e-05 1.53517e-05 1.5358e-05 1.53568e-05 1.5352e-05 1.53598e-05 1.53478e-05 
0.0153085 0.34799 0.00226322 0.0745062 0.00978303 0.000270893 0.052546 0.102819 0.0487458 0.000470259 0.000552473 0.0113159 0.00434505 0.0294796 0.00748341 1.06616e-05 0.000682633 0.0032724 0.0235567 0.024585 0.239941 7.32627e-05 
0.0466105 0.0598421 0.0458729 0.0196933 0.00573546 4.51595e-07 4.51541e-07 0.152127 0.00989205 0.0060876 4.51275e-07 4.51434e-07 4.51283e-07 0.263884 0.00397287 4.50888e-07 0.00316073 0.0124661 4.51621e-07 0.0404531 0.330199 4.51357e-07 
0.00399062 0.000876452 0.000540331 0.000558797 0.000260965 2.59163e-05 0.00421679 0.000624187 0.0238921 4.05086e-05 9.92577e-06 4.96194e-05 1.61442e-05 0.0337886 9.64923e-06 2.24048e-07 0.888261 0.0164308 0.000194644 7.05227e-06 0.0262047 9.86564e-07 
0.0113082 0.204714 0.00754503 0.0389862 0.00140965 1.59505e-05 0.265606 0.0385397 0.153288 0.000274481 0.00123228 0.000937225 0.00182026 0.0366013 0.0249505 1.19287e-05 0.000352477 0.0054071 0.035139 0.00150732 0.170296 5.7612e-05 
0.0330824 0.0181019 0.00735622 0.115701 0.0168127 9.93328e-06 0.000437348 0.220567 0.0263906 6.3528e-05 0.00324531 0.00132584 0.00306488 0.0642473 0.0200688 2.66982e-07 0.00319905 0.00203315 0.00654445 0.0429351 0.414794 1.89453e-05 
0.00472928 0.00108689 0.000838286 0.000445888 0.00111182 1.86571e-05 0.00429827 0.000607547 0.027485 9.50009e-05 9.22987e-06 0.000112102 9.84855e-05 0.103309 6.05525e-06 3.14884e-07 0.805319 0.0246076 0.000146922 1.29404e-05 0.0256611 9.00862e-07 
0.00314425 0.00087284 0.00171398 0.00255982 0.00139292 3.31734e-05 0.00028172 0.00584595 0.0264394 0.000279994 1.98926e-05 0.000116277 0.000160607 0.943002 0.000374726 5.29618e-08 0.00318682 0.000530324 0.000506651 9.02807e-05 0.00944842 8.04302e-08 
0.000454054 8.31714e-05 0.000530706 3.7246e-05 0.000110776 5.12416e-05 0.00272109 0.000134183 0.00132542 1.75861e-06 7.23389e-10 1.71734e-06 0.99428 0.00014047 1.18874e-05 9.95286e-12 1.80879e-05 5.58224e-05 1.89498e-06 1.43728e-05 2.65296e-05 4.5226e-10 
0.0950422 0.023686 0.00255267 0.0112859 0.000882404 9.46562e-06 6.17238e-08 0.00235166 0.204558 0.000228539 0.00838522 3.76364e-08 6.81156e-08 0.523471 0.0510935 1.6611e-08 0.0308589 0.0092147 0.00248106 3.88187e-08 0.0338993 3.93006e-08 
0.0716406 0.0440643 0.0081114 0.00934082 0.509416 0.00127401 0.00563447 0.0639789 0.00740843 0.000103384 0.00414679 0.0106357 0.00282108 0.162801 0.00513413 2.23827e-05 0.013166 0.0167512 0.00295489 0.0140627 0.0464636 6.79204e-05 
0.119962 0.167145 0.000659086 0.00112273 0.480982 0.00163087 1.07834e-07 0.111157 0.0112041 9.43816e-05 0.0022571 0.00935098 2.66145e-05 0.00811718 1.7929e-07 4.65813e-08 0.000155362 3.01474e-06 0.0015984 0.0333516 0.0389512 0.0122312 
0.0835672 0.35696 0.0328336 0.00458246 0.0245142 3.57065e-07 2.11749e-05 0.00379578 0.00603739 6.80232e-05 0.00181471 0.000272692 0.000776482 0.355244 0.00325557 6.25054e-09 0.0141428 0.00987116 0.0428321 2.5552e-06 0.059405 2.7668e-06 
0.0571712 0.103062 0.00431085 0.0560118 0.00111732 6.53366e-06 0.00270147 0.0241767 0.115708 6.92955e-05 0.00134465 0.000228043 0.000310916 0.0452705 0.0682153 9.26897e-07 0.00238875 0.0107167 0.0199781 0.00804507 0.473478 0.00568769 
0.00331056 0.000701164 0.000443535 0.000447039 0.000208774 2.19094e-05 0.00345189 0.000499351 0.0193189 3.75196e-05 7.94109e-06 3.96965e-05 1.53224e-05 0.0317105 7.71984e-06 1.79433e-07 0.904963 0.0136889 0.000155717 5.64251e-06 0.0209638 7.89479e-07 
0.0146602 0.000959514 0.00225942 0.00126218 0.000364691 4.71076e-06 0.000761432 0.000720883 0.00599068 5.07516e-05 6.46725e-05 0.000389635 5.18881e-05 0.034865 4.91079e-05 2.13043e-12 0.915347 0.00479854 0.000376334 5.13297e-09 0.0170232 1.96853e-10 
0.09562 0.195382 0.00467754 0.0251044 0.0149238 0.000168541 0.0788826 0.0831292 0.0346096 0.00174216 0.0019233 0.00496115 0.000327838 0.0685717 0.00654328 0.000107913 0.152235 0.0177965 0.0132343 0.00118161 0.197459 0.00141793 
0.0258298 0.00180655 0.00499522 0.744031 0.0148591 1.0589e-07 9.42988e-06 1.65385e-05 0.0157975 5.00988e-06 4.96781e-06 9.48131e-06 0.000777988 0.00746286 5.12549e-06 1.22086e-08 8.0923e-06 5.77327e-07 0.0020138 0.0204924 0.161874 5.61819e-08 
0.226717 0.0461682 1.21696e-05 0.0109774 0.539977 0.000551597 0.00205804 0.0138269 0.000272358 0.00690226 0.000354665 0.0274975 0.00385525 0.0698026 9.2022e-08 3.93833e-10 0.000138788 0.0452614 0.00042451 0.00160783 0.00359511 2.3116e-08 
0.125384 0.115848 0.150803 0.00262998 0.354578 5.48272e-05 0.000987939 0.0319849 0.00190531 0.000184575 0.0125646 0.00985427 0.0249662 0.0503868 0.00238766 2.20617e-06 0.000651843 0.00280324 0.00869762 0.0597556 0.043554 1.50461e-05 
0.0642391 0.0468961 0.00205456 0.0139783 0.608375 0.000127985 0.00168207 0.00971325 0.037923 6.76938e-05 0.00556516 0.000203443 0.000506673 0.100343 0.000448063 3.58823e-06 0.0245878 0.00587951 5.58595e-05 0.0234801 0.0535393 0.000330172 
0.0862762 0.0295334 0.00186979 0.0903397 0.0173251 0.00249133 0.0746019 0.0298027 0.218599 0.000691486 0.000883117 0.00229342 0.000373763 0.0595281 0.00193757 0.000184387 0.00691675 0.0111602 0.0185862 0.00173641 0.343483 0.00138639 
0.0223307 0.0265348 0.000269205 0.00397867 0.861664 0.00014999 0.00687696 0.0052555 0.00283428 7.40053e-06 0.0198796 0.00107518 1.20013e-05 0.0286366 0.00280706 6.14568e-07 0.00100649 0.0100938 0.0023521 0.00017408 0.00401143 4.94618e-05 
0.0803929 0.119716 0.043935 0.1031 0.245513 0.000368256 0.00376779 0.0450582 0.07115 0.00540437 0.00360536 0.0103395 0.00420034 0.152995 0.000446583 1.70546e-05 0.0165037 0.0294384 0.00796103 0.000536034 0.0554107 0.000141504 
0.001221 0.000165304 1.62593e-05 5.03126e-05 1.45065e-06 2.19315e-05 0.00411473 2.47313e-05 0.000252534 1.17578e-05 3.5704e-06 2.46141e-06 1.85062e-05 0.0131668 1.1941e-05 2.33514e-12 0.980511 0.000342433 5.08676e-09 3.95382e-10 6.2907e-05 5.89674e-07 
0.122434 0.12898 0.00372848 0.0555804 0.0100651 3.03168e-07 0.0286766 0.0761704 0.0137058 0.00154408 0.00209069 0.00521294 3.02959e-07 0.160779 0.00100035 3.02693e-07 0.00369792 0.00845983 0.00360821 0.0576178 0.316648 3.03008e-07 
0.0339513 0.0119912 0.00689539 0.0346685 0.0400168 1.42808e-05 0.000246678 0.00418453 0.552315 2.69626e-05 2.29274e-06 0.000399746 6.43644e-05 0.0959242 7.84654e-06 1.96911e-07 0.00193348 1.294e-05 0.000472771 7.95007e-06 0.216863 1.02176e-06 
0.0459401 0.526068 0.000762575 0.0408113 0.0359638 0.000132808 0.00050959 0.0740123 0.032492 0.000593506 0.00136273 0.00318983 0.00013411 0.0370675 0.019375 3.95511e-05 0.000434791 0.00505853 0.00447399 0.0266252 0.14442 0.000533185 
0.0526157 0.12491 0.0214019 0.0302342 0.0188593 0.0152061 0.0165708 0.0798612 0.0337011 0.000181357 0.000623332 0.00694408 0.0175592 0.203838 0.0191173 5.36254e-06 0.00115514 0.0501867 0.0173177 0.00270933 0.284529 0.00247322 
0.418819 0.0474596 0.00549172 0.0237246 0.183519 3.13879e-05 0.0013011 0.0158071 0.0210517 0.000162176 0.0041468 0.0111655 0.000339499 0.14749 0.00122099 1.35719e-05 0.00293051 0.0298526 0.00991366 0.00159821 0.0739166 4.47428e-05 
0.000373103 0.000200748 7.49871e-05 0.000528881 0.00102874 0.000368515 0.00181823 0.00341136 0.000190738 5.66782e-07 4.72769e-05 9.5274e-05 0.98504 0.000136581 5.49992e-05 2.83592e-09 1.2961e-06 0.00361956 0.000481942 0.00103449 0.00149235 8.22118e-07 
0.0600678 0.0952709 0.00187163 0.10553 0.00359452 0.00049729 0.0109581 0.0634142 0.116755 0.000707629 0.00527451 0.00166541 0.00383897 0.0255134 0.0158205 0.000208962 0.00074577 0.0122766 0.179958 0.00231258 0.292059 0.00165923 
0.0146602 0.000959514 0.00225942 0.00126218 0.000364691 4.71076e-06 0.000761432 0.000720883 0.00599068 5.07516e-05 6.46725e-05 0.000389635 5.18881e-05 0.034865 4.91079e-05 2.13043e-12 0.915347 0.00479854 0.000376334 5.13297e-09 0.0170232 1.96853e-10 
0.203066 0.201819 0.000334597 0.00301842 0.418637 0.000473971 0.00658057 0.0487927 0.00288564 4.29434e-05 0.000680312 0.00177861 5.58773e-05 0.0285194 0.000137542 1.8441e-08 0.00127466 0.00344191 0.000424515 0.0195894 0.0584354 1.18116e-05 
0.00161169 0.00254819 0.00099719 0.000590551 0.00167771 0.000513241 0.00445593 0.0260804 0.00145444 6.20364e-05 1.84554e-08 0.0056994 0.900181 0.007008 5.84597e-06 1.87629e-10 0.000170086 0.0253079 0.000842555 8.52562e-05 0.0207083 2.29672e-10 
0.000373103 0.000200748 7.49871e-05 0.000528881 0.00102874 0.000368515 0.00181823 0.00341136 0.000190738 5.66782e-07 4.72769e-05 9.5274e-05 0.98504 0.000136581 5.49992e-05 2.83592e-09 1.2961e-06 0.00361956 0.000481942 0.00103449 0.00149235 8.22118e-07 
0.117945 0.222497 0.0172744 0.0772052 0.0561615 0.000303482 0.00493662 0.118745 0.131367 0.000817792 0.0130401 0.00243809 4.75541e-05 0.0617103 0.00313092 1.10958e-05 0.000964802 0.000256284 0.0556446 0.000568639 0.113141 0.00179379 
0.142286 0.0392682 0.0392731 0.0321648 0.056738 0.0426402 0.0109512 0.0601183 0.0498844 0.00035545 0.00466494 0.169303 0.00227866 0.125463 0.0179713 0.000140462 0.00455574 0.0226896 0.00522521 0.0190772 0.154029 0.000921772 
0.0695075 0.112749 0.00450323 0.00556468 0.444665 0.00269743 0.0598558 0.019548 0.0600647 0.00525726 0.0361416 0.00327613 5.64077e-05 0.0493888 0.000559042 4.34441e-05 0.000373483 0.00865512 0.00247891 0.000494378 0.114062 5.71884e-05 
0.0146602 0.000959514 0.00225942 0.00126218 0.000364691 4.71076e-06 0.000761432 0.000720883 0.00599068 5.07516e-05 6.46725e-05 0.000389635 5.18881e-05 0.034865 4.91079e-05 2.13043e-12 0.915347 0.00479854 0.000376334 5.13297e-09 0.0170232 1.96853e-10 
0.0110397 0.00109683 0.0018292 0.00382668 0.0108165 0.000893563 0.00200663 0.0589881 0.00521491 1.83107e-05 0.00122684 0.00624508 0.753491 0.0135262 0.00080855 9.50573e-06 8.20996e-05 0.0238658 0.000630625 0.0351625 0.0692095 1.1961e-05 
0.121887 0.0156691 0.0128311 0.283732 0.0121465 0.0012571 0.00757064 0.0251768 0.0825348 0.000292405 0.00267339 0.00348845 0.00285119 0.0338256 0.00977669 0.000126275 0.00271028 0.010647 0.0146636 0.0438034 0.312105 0.000232919 
0.0221129 0.0227105 0.0144438 0.118941 0.54285 1.38683e-05 0.00353819 0.0378462 0.035865 0.00337191 0.0017782 9.38799e-05 0.00105007 0.0706586 0.0139657 7.91542e-06 0.000339554 1.33117e-05 0.0233117 0.0749166 0.0121387 3.17197e-05 
0.00399062 0.000876452 0.000540331 0.000558797 0.000260965 2.59163e-05 0.00421679 0.000624187 0.0238921 4.05086e-05 9.92577e-06 4.96194e-05 1.61442e-05 0.0337886 9.64923e-06 2.24048e-07 0.888261 0.0164308 0.000194644 7.05227e-06 0.0262047 9.86564e-07 
0.0149039 0.00984752 0.000948365 6.83723e-05 0.556559 0.000304719 0.0244124 0.030968 0.00624798 0.00988023 0.000257575 0.0130012 0.00240597 0.175579 0.00060518 1.19353e-06 0.00863542 0.0532681 0.0023838 1.61897e-05 0.0896619 4.45557e-05 
0.0895012 0.0096216 0.259984 0.069165 0.0446715 1.65163e-07 4.39602e-08 0.0314638 0.0143182 0.000158462 0.170332 0.00801466 0.000330506 0.112688 0.00192153 2.58593e-10 8.9791e-07 1.03773e-05 0.00018611 0.069577 0.118014 4.09689e-05 
0.00361069 0.0010239 0.000224446 0.000227223 0.90307 0.00278978 0.00307262 0.0019912 0.000174193 0.000297636 0.00011584 0.0119196 0.00366647 0.0512821 0.000169692 1.05285e-10 0.000671912 0.0140673 0.000258707 0.000795408 0.00042513 0.000145637 
0.0138057 0.000868697 0.00178206 0.00133191 0.000317119 3.0861e-06 0.000624525 0.000697426 0.00677006 5.99959e-05 4.23487e-05 0.000325079 3.78075e-05 0.0234161 5.77932e-05 6.32363e-12 0.931037 0.0035753 0.000789418 4.12855e-05 0.0144173 2.88448e-10 
0.0597205 0.063049 0.00509899 0.25616 0.0607164 0.0147858 0.0237611 0.0733271 0.0700476 0.00139464 0.0141441 0.00189037 0.00893254 0.0255635 0.00287552 5.59583e-05 0.00652182 0.0222576 0.0435987 0.0101107 0.23591 7.82592e-05 
0.0689265 0.0181916 0.000124974 0.0218976 0.00202639 2.71554e-08 0.0077381 0.0669006 0.449348 1.58103e-05 6.81142e-05 0.0103712 5.18666e-05 0.0102707 0.00069486 2.14016e-08 0.00017731 0.000102697 0.0983364 3.45617e-07 0.244757 3.34321e-08 
0.0777048 0.0029339 0.00048891 0.0187905 0.492812 0.000174903 0.00369886 0.034903 0.00286092 6.96776e-06 0.00118859 0.00180201 0.0341068 0.00770137 1.12094e-06 1.36271e-08 0.000213301 0.00443996 0.00289555 0.307056 0.00607442 0.000145503 
