0.014801 0.137277 0.000737545 0.0216233 0.00245257 2.65833e-05 0.0459754 0.0185911 0.301787 9.40274e-05 1.83207e-05 0.0105888 0.000517574 0.0252718 0.00905413 0.359658 0.00910416 0.000109437 0.0352815 0.00162265 0.00539335 1.57352e-05 
0.0318683 0.00116131 0.0128701 0.00262594 0.162568 4.76058e-06 2.4422e-07 0.00769268 0.0758626 0.000297868 0.0145891 0.000185767 3.92537e-05 0.031635 0.000172175 0.610496 3.28404e-07 4.71707e-05 0.000634737 0.00194164 0.0453068 4.59667e-07 
0.0878533 0.0682919 0.0115432 0.0110373 0.0620804 0.000805722 0.00323874 0.0338518 0.0256195 7.32221e-05 0.000707393 0.0378845 0.00165998 0.0756835 0.00291867 0.32739 0.138108 0.0133066 0.000948483 0.000470879 0.0391738 0.0573539 
0.0497572 0.0024182 0.000782366 0.168518 0.000432566 3.15474e-06 5.69217e-08 0.234916 0.124848 0.000578126 0.000513471 0.00484184 0.000554184 0.0705643 0.00292553 0.285856 0.0039559 0.000487675 0.0342855 0.00157886 0.0121831 4.32828e-10 
0.00941112 0.00729225 0.000230702 0.0353651 0.0058933 4.77569e-07 2.81951e-05 0.147245 0.00146144 1.75042e-06 2.56207e-05 0.000296699 0.000245892 0.00418556 0.191578 0.56408 0.000914916 7.36864e-07 0.0159608 0.00607445 0.0096891 1.86001e-05 
0.00559917 0.00706404 6.69402e-05 0.0178532 0.000544753 8.27989e-07 3.06113e-05 0.0576771 0.000834844 0.00032181 8.77891e-06 3.61451e-06 0.00029157 0.0174809 0.00032446 0.883504 1.05735e-05 0.000818377 0.00313181 0.000710609 0.00372213 2.24731e-07 
0.0656415 0.0110618 0.00461807 0.0130698 0.00249314 9.25661e-06 0.00733676 0.0216225 0.00545724 0.000154865 1.93553e-05 0.000702607 3.20849e-06 0.107875 0.00029045 0.445754 0.000529914 0.267155 0.00851844 0.00745592 0.029956 0.000275808 
0.00159449 0.0100622 0.00177176 0.00235727 0.234488 0.0017971 0.0617002 0.0961683 0.000747649 0.00101788 5.36471e-05 0.000301883 0.000323851 0.00253322 0.00261879 0.576158 0.000575902 4.3897e-05 0.00561511 6.95624e-06 6.34077e-05 4.74208e-07 
0.251247 6.09689e-10 5.5158e-07 3.46028e-06 9.1479e-10 8.20984e-10 4.75959e-06 4.42334e-06 0.0867785 4.49356e-09 0.000111105 8.43813e-06 2.47829e-09 1.14878e-06 8.84344e-07 0.579977 7.50236e-09 5.04542e-10 0.0641711 0.0122107 0.00548045 2.73363e-08 
0.00808535 0.00120282 0.00394079 0.169323 0.000487263 4.10639e-07 5.70509e-05 0.0518534 0.0140763 0.000689638 0.000654381 2.22732e-05 0.000117398 0.00146505 0.00011955 0.437711 4.50563e-06 5.83373e-07 0.0119383 0.275867 0.0223837 1.4751e-07 
2.85573e-05 0.000618178 4.75762e-06 0.0467051 0.000456621 2.95402e-06 5.25264e-05 0.00121947 3.21934e-05 3.60076e-06 3.39973e-05 1.63658e-05 3.18332e-05 2.73843e-05 0.000119812 0.950144 6.91329e-06 5.52079e-06 0.000254325 0.000116066 0.000117202 2.38296e-06 
1.15966e-05 1.31006e-05 2.84113e-05 9.02414e-06 1.96563e-05 1.76407e-05 2.37845e-05 8.07214e-06 9.03276e-06 9.65544e-05 5.39171e-05 3.59509e-05 5.32517e-05 5.3627e-06 3.8472e-05 0.999438 3.19831e-05 1.08412e-05 1.47438e-05 3.09728e-05 4.69825e-06 4.47667e-05 
0.0178882 0.0649915 0.0151884 0.00851873 0.135197 0.00297288 0.00642727 0.100974 0.0191996 0.00196409 3.14761e-05 0.00183856 0.000310172 0.074684 0.165421 0.276498 0.0138971 0.00177034 0.0492111 0.0342946 0.00872234 1.0687e-08 
0.183622 0.0346839 0.00817257 0.0413435 0.00447993 1.75842e-05 0.000743971 0.0901719 0.0488515 4.39915e-05 0.000218687 0.000449406 0.00374349 0.136846 0.0309164 0.268008 0.00202381 0.00385028 0.0143198 0.0017681 0.125724 7.06476e-07 
0.0441493 0.00103277 0.0208463 0.0225136 0.00759958 5.18364e-05 9.39943e-05 0.00350965 0.0142699 2.39468e-05 7.36273e-08 0.000120977 0.000770801 0.230564 0.03782 0.539768 0.0153811 0.0132092 0.00131265 0.000386927 0.00483409 0.0417413 
0.0213194 0.00733293 0.00772764 0.156512 0.00618666 0.000151476 0.000332285 0.040201 0.00867105 1.37691e-06 0.00293036 0.0115394 0.00046001 0.203243 0.00104908 0.419312 2.74971e-05 0.000498516 0.0740093 0.00013246 0.0383609 4.12739e-07 
0.103148 0.132416 0.000197864 0.0522091 1.86609e-06 3.18485e-05 0.00203055 0.118096 0.191518 0.0012008 0.000164974 2.03723e-05 3.81643e-06 0.00393477 0.000496021 0.238505 0.000192177 5.90261e-05 0.00329728 0.000472196 0.152005 3.43855e-08 
0.103148 0.132416 0.000197864 0.0522091 1.86609e-06 3.18485e-05 0.00203055 0.118096 0.191518 0.0012008 0.000164974 2.03723e-05 3.81643e-06 0.00393477 0.000496021 0.238505 0.000192177 5.90261e-05 0.00329728 0.000472196 0.152005 3.43855e-08 
0.0325879 0.163718 0.021443 0.00923053 0.0552803 3.16061e-06 0.00831499 0.105111 0.164129 0.000601694 0.0021411 0.00732778 0.000441683 0.133982 0.00601158 0.183468 0.00569538 0.00499903 0.0228668 0.00824158 0.06439 1.49647e-05 
0.0101642 0.000426479 0.000394379 0.0355649 0.00593173 5.46817e-05 0.197455 0.00461683 0.0203047 6.73644e-06 0.000213924 0.000148701 8.55183e-06 0.0429026 0.000100191 0.479772 0.00314834 0.12159 0.00141338 0.000114088 0.0756632 5.18185e-06 
0.00769764 0.0496634 0.0311734 0.0315928 0.0753114 2.72874e-05 0.000222613 0.102903 0.00357285 1.98246e-05 0.00258048 5.02572e-05 0.0669822 0.231832 0.00641419 0.34771 0.000937098 0.00974057 0.0126565 0.00831838 0.0105944 7.35803e-07 
0.000544415 0.106883 0.000165447 0.00022474 0.00022957 1.74561e-06 2.35355e-06 0.000884582 0.0920398 0.000346261 0.000239475 0.000318162 0.000628943 0.00178029 0.000715112 0.784967 0.00383103 0.000318499 0.00222491 0.000135529 0.00351495 4.42982e-06 
0.0172368 0.0346067 0.00185142 6.03404e-06 0.000435274 9.90848e-08 1.94733e-07 0.202534 0.084503 0.000159116 4.33567e-07 7.78472e-07 0.00136391 0.0327385 1.16684e-06 0.273651 4.45909e-07 0.253396 0.059832 3.64871e-07 0.0376829 8.21594e-09 
3.97552e-06 1.01783e-06 0.000670868 5.81393e-06 0.000181029 4.75808e-07 5.5723e-07 3.49674e-06 0.00307742 4.18684e-06 0.000189339 8.42269e-07 1.17803e-05 2.71383e-06 0.0880868 0.904495 0.00325205 2.53992e-07 3.52939e-06 4.73198e-06 3.19653e-06 1.04881e-06 
0.091841 0.00330907 0.00049148 0.0103531 1.15118e-06 5.33654e-05 0.211059 0.00535927 0.0835149 9.66681e-05 8.43955e-07 4.48204e-05 0.00209041 0.0366189 6.29818e-05 0.440457 0.0994438 5.28698e-05 0.00117553 0.00059097 0.0133827 1.30727e-08 
0.257967 1.66499e-05 0.000110224 0.0212577 4.24487e-07 2.90355e-07 0.000360268 0.0366508 0.158775 3.7426e-07 0.00790874 0.00168297 3.29486e-07 0.00100401 0.000249533 0.301055 2.07899e-06 7.12183e-06 0.071022 0.00829911 0.13363 7.73991e-08 
0.0571226 0.000465609 0.015183 0.118852 0.0125672 0.000124868 0.00102268 0.203162 0.00745063 8.22621e-06 0.0500014 0.0153372 0.0344228 0.0485963 1.41227e-06 0.208856 9.5361e-05 0.000983943 0.00471854 0.0732296 0.147798 4.49569e-07 
0.00476944 0.00320867 0.00066703 0.00751764 0.00128936 0.00538123 0.00493906 0.0231673 0.00832563 0.000115267 0.000536855 0.00205589 0.00062186 0.0109675 0.000813085 0.905786 0.000758884 0.00706735 0.00398106 0.000658566 0.00736356 9.22331e-06 
0.00944921 0.112364 0.00215743 0.00451888 0.100839 2.61201e-05 0.0187564 0.0154138 0.0125395 0.000194541 0.00106154 0.000167381 0.00270429 0.0480289 0.00459719 0.647165 0.00693355 0.00018575 0.0125354 0.000215462 0.000102309 4.44266e-05 
1.92288e-05 0.00218671 6.09704e-06 0.00394559 0.0822869 7.88193e-08 6.37447e-08 0.00507638 3.81783e-05 3.86844e-05 4.06391e-07 9.63519e-08 2.50457e-05 3.02974e-05 1.04462e-06 0.889262 7.4689e-06 2.03882e-07 0.0149287 2.10429e-06 0.00214498 1.19979e-07 
0.000886488 0.0147583 0.0374094 0.0132743 0.00123993 1.18312e-07 0.000189223 0.0513363 0.03439 8.65211e-07 4.43038e-06 0.0391403 0.0149241 0.117486 6.36698e-05 0.643254 0.00252402 0.000393496 0.00377541 0.0239592 0.000990745 7.36806e-09 
0.0292581 0.121459 0.00586254 0.0130954 0.107527 2.608e-07 0.000618701 0.01937 0.0158922 0.000306419 0.00121389 0.00118163 0.000235269 0.0369395 0.0887226 0.346588 0.146594 8.11462e-05 0.0354204 0.0152137 0.0143808 3.91161e-05 
0.122409 0.00890876 0.00462508 0.0201861 0.0122584 9.5226e-06 3.99639e-09 0.018816 6.84826e-05 2.75346e-06 0.0030122 6.04065e-09 0.00788426 0.0361194 0.211891 0.499647 1.68294e-05 0.000497938 0.00991289 0.0197998 0.0239267 7.88766e-06 
0.00113958 0.00167506 0.00495734 0.00592572 3.64135e-06 8.22068e-07 9.34624e-05 0.0166454 0.0270342 4.94546e-05 8.72699e-07 0.00135152 0.000183184 0.00740464 0.000236771 0.924926 0.000283412 0.0006806 0.00151963 0.00119241 0.0046959 4.61886e-09 
1.92288e-05 0.00218671 6.09704e-06 0.00394559 0.0822869 7.88193e-08 6.37447e-08 0.00507638 3.81783e-05 3.86844e-05 4.06391e-07 9.63519e-08 2.50457e-05 3.02974e-05 1.04462e-06 0.889262 7.4689e-06 2.03882e-07 0.0149287 2.10429e-06 0.00214498 1.19979e-07 
0.103148 0.132416 0.000197864 0.0522091 1.86609e-06 3.18485e-05 0.00203055 0.118096 0.191518 0.0012008 0.000164974 2.03723e-05 3.81643e-06 0.00393477 0.000496021 0.238505 0.000192177 5.90261e-05 0.00329728 0.000472196 0.152005 3.43855e-08 
0.0389524 0.00576041 0.00323371 0.0366342 0.00692663 3.05388e-05 0.000923073 0.0184805 0.103709 0.0204419 6.42901e-05 0.00065163 7.83957e-05 0.0339739 0.000570579 0.641171 0.0026412 0.00168655 0.0154407 0.00404394 0.0645838 1.41198e-06 
2.9293e-06 3.3092e-06 7.1767e-06 2.2795e-06 4.96519e-06 4.45604e-06 6.00795e-06 2.03902e-06 2.28167e-06 2.43896e-05 1.36195e-05 9.08119e-06 1.34514e-05 1.35462e-06 9.71802e-06 0.999858 8.07893e-06 2.73849e-06 3.72427e-06 7.82373e-06 1.18678e-06 1.13081e-05 
0.00383888 5.40636e-06 0.00149853 5.46622e-05 0.000231784 6.10906e-08 3.93117e-05 2.08773e-05 6.4007e-05 1.75749e-06 4.74695e-07 9.93168e-09 4.22968e-05 0.0966866 1.68875e-06 0.875376 1.2604e-05 0.0216961 7.00331e-06 0.000394122 1.4333e-05 1.33529e-05 
0.0457586 0.187648 0.0331021 0.151703 0.0145818 0.000159968 0.0323337 0.0883322 0.0376754 0.00315523 0.00142286 0.00387289 8.90726e-05 0.0937622 0.0110144 0.212044 0.00151954 0.000902516 0.0289987 0.00203181 0.0498794 1.32135e-05 
0.00133275 6.05502e-07 6.05318e-07 6.05548e-07 0.00490453 6.05447e-07 6.05375e-07 0.00532953 0.00339169 6.04515e-07 6.05018e-07 6.05231e-07 0.00780548 0.0479029 0.00496324 0.908622 0.0108351 0.00490538 6.05482e-07 6.05292e-07 6.05601e-07 6.05128e-07 
2.9293e-06 3.3092e-06 7.1767e-06 2.2795e-06 4.96519e-06 4.45604e-06 6.00795e-06 2.03902e-06 2.28167e-06 2.43896e-05 1.36195e-05 9.08119e-06 1.34514e-05 1.35462e-06 9.71802e-06 0.999858 8.07893e-06 2.73849e-06 3.72427e-06 7.82373e-06 1.18678e-06 1.13081e-05 
0.0229946 0.0145799 8.37166e-06 0.00596126 0.0677905 0.00164551 0.0728157 0.0697277 0.0271153 3.96134e-05 9.8704e-06 0.00595916 0.00125358 0.0586153 5.09263e-07 0.516295 0.0997406 0.00286321 0.00253462 0.00199282 0.0280573 3.98748e-08 
0.102226 0.14662 0.000583259 0.0248305 0.00714629 0.0122286 0.0131993 0.0878981 0.00577562 0.000408127 9.11531e-05 0.00201844 0.000895107 0.0858028 0.00229794 0.236533 0.00041698 0.00323853 0.0130374 0.0716463 0.183106 1.4277e-07 
7.8561e-06 6.65385e-07 0.257201 0.0649355 0.122954 7.58986e-08 0.019408 0.0040223 0.0238873 0.015562 1.04356e-07 0.000111207 0.00340214 0.0365387 1.70532e-06 0.266204 0.0604176 0.000103731 0.00463762 0.0972649 0.0233394 8.66456e-08 
0.00339746 3.43077e-06 6.04025e-06 4.85856e-05 3.11052e-07 2.5237e-08 4.35612e-05 1.8166e-05 0.00598794 6.47906e-07 1.62394e-07 2.46142e-08 3.15211e-05 0.000868052 1.89574e-05 0.987565 0.00198103 1.33389e-07 6.61968e-06 3.68695e-06 1.81887e-05 3.06501e-08 
0.005724 5.859e-05 0.000307631 0.0299664 0.00283814 4.80264e-05 0.221879 0.00320012 0.00861479 1.5619e-07 3.19491e-05 8.91639e-06 2.73552e-08 0.0501056 1.85318e-07 0.484201 0.00215217 0.139959 0.000302501 5.12348e-05 0.0505503 1.02005e-07 
0.00254238 0.00160228 0.000441142 0.00556151 0.0016317 9.34874e-08 6.64259e-05 0.00119812 0.0041814 9.13867e-06 1.61543e-07 3.55216e-06 0.00721247 0.00131111 0.000300798 0.896176 0.000207089 2.39816e-05 0.00133361 0.0666902 0.00950688 9.91198e-09 
0.00474319 0.00837366 0.000415678 0.00804202 0.0318598 1.75171e-05 0.00415968 0.00398052 0.158849 4.00667e-05 0.000291582 0.000110344 0.00139944 0.158985 0.00572243 0.211029 0.145533 0.206258 0.00933631 0.00362505 0.0372278 1.48899e-09 
0.0315598 0.000329389 0.000246277 0.036271 1.51296e-07 0.0377323 0.0172558 0.161151 0.00869157 6.98964e-07 0.000252628 0.000930454 0.0866747 0.156018 0.0408839 0.298044 5.45354e-07 0.0118119 0.105219 3.23389e-06 0.00692351 2.69205e-10 
2.11988e-05 0.00180779 0.0363865 0.225303 0.0128117 5.00767e-08 1.40097e-08 0.0361262 0.0504826 1.27872e-06 0.000494001 2.1176e-08 2.89683e-05 0.0446709 0.00508766 0.552905 1.12509e-05 4.36752e-07 0.00114544 0.0326936 2.24478e-05 2.63688e-08 
0.000932568 0.00731536 0.000322394 0.000237111 0.00129862 6.1049e-09 7.5219e-07 2.55171e-05 0.000396933 8.05307e-06 7.80667e-08 1.49957e-09 4.21474e-05 0.0240611 1.03881e-06 0.926333 1.28808e-05 0.0384476 9.66984e-06 0.000526284 2.8226e-05 2.49731e-07 
0.226911 2.74332e-06 0.0061739 0.0634508 1.60856e-06 3.51338e-09 0.01102 0.00316124 0.275377 1.92301e-08 0.0192935 0.00058088 1.26318e-06 0.00121546 0.000113593 0.311405 9.99903e-09 2.15918e-09 0.054409 1.17237e-05 0.0268706 2.41551e-08 
0.0157017 0.041394 0.00109867 0.0550114 0.0101646 0.0177145 0.0178897 0.0253648 0.166093 0.000718115 0.000309294 0.00315437 0.000592185 0.0315057 0.0033827 0.591518 0.000830846 0.000911265 0.005595 0.000486078 0.0105007 6.32072e-05 
0.0034859 0.00554981 0.00155798 0.342984 0.0907598 6.68595e-08 4.54058e-08 0.0079667 0.00604881 0.000132724 0.00211257 3.83182e-06 0.00439737 0.00865636 0.00528705 0.482089 0.00620573 0.0159321 0.00211832 0.00327993 0.0114317 8.54621e-08 
0.00611256 0.000536295 3.3998e-06 4.86954e-08 1.06068e-07 0.000180611 0.000718048 4.35583e-08 0.00472023 7.20445e-06 2.90944e-07 3.91495e-07 0.000545205 0.0356705 0.00134382 0.949122 7.83319e-06 2.12371e-05 8.63277e-06 1.67133e-07 0.00100057 1.27447e-06 
0.0929083 0.0449454 0.00121275 0.152827 4.08277e-05 0.000204655 0.0182439 0.00990616 0.041438 0.0815123 0.00033366 0.000314168 0.0043257 0.200188 0.013067 0.219189 0.000202711 0.0531297 0.00371953 0.00012172 0.0621684 8.92411e-07 
0.00509767 1.81602e-06 3.44475e-06 2.06628e-05 1.63993e-07 2.77153e-08 8.49262e-05 7.65897e-06 0.0089542 4.62793e-07 1.48836e-07 3.14374e-08 1.46695e-05 0.000858541 2.87456e-05 0.984589 0.000329044 7.73629e-08 2.22666e-06 8.14644e-07 5.16824e-06 3.91465e-08 
0.0408562 0.000187098 0.00274413 0.0364897 0.00163616 0.0058717 0.00652671 0.00684711 0.0170093 0.000391168 6.87173e-06 1.02669e-05 3.17284e-05 0.167711 0.000391458 0.494528 0.011202 0.00616013 0.00267032 0.0555308 0.14319 7.45277e-06 
0.0198846 0.000358955 5.50977e-06 4.45585e-05 3.38927e-05 3.53481e-08 1.69541e-08 1.18104e-05 0.000263033 0.002068 2.41371e-07 2.56266e-08 2.3054e-05 0.0500095 7.07228e-07 0.927166 6.68132e-06 1.48055e-05 3.59297e-06 9.6941e-05 8.00368e-06 3.19108e-08 
3.75601e-05 7.59174e-06 1.44846e-05 6.13756e-05 1.68312e-06 4.42627e-07 4.46806e-07 2.48059e-05 7.08688e-05 5.23854e-06 1.92294e-06 6.75359e-07 5.56828e-05 5.51135e-05 4.04318e-06 0.999602 1.85214e-05 8.1119e-07 1.04428e-05 7.71039e-06 1.74925e-05 8.4097e-07 
0.0319164 0.172697 0.00255641 0.00543793 0.002213 9.51585e-09 1.59825e-07 1.98194e-05 0.048128 0.000184763 9.0447e-08 0.000120939 0.000865334 0.0723446 0.00015971 0.596074 1.00967e-05 0.0557737 7.342e-06 4.83207e-05 0.0114236 1.88126e-05 
0.0107557 0.00273885 0.00021528 0.0136537 0.000202675 0.00991598 0.0188344 0.301416 0.0423258 3.2611e-06 5.60003e-05 0.00289457 0.0170402 0.0493229 0.0246253 0.447295 1.13448e-05 0.00524188 0.0316778 5.38865e-05 0.0217194 2.17023e-09 
0.000265723 0.0357856 0.0204496 0.00866734 0.305497 4.17571e-08 0.000175067 0.0207157 0.00548398 0.00033094 5.48055e-05 0.00042874 0.000857673 0.065805 0.00492884 0.374174 0.0758552 6.25478e-07 0.0437049 0.00550162 0.0312955 2.23649e-05 
2.9293e-06 3.3092e-06 7.1767e-06 2.2795e-06 4.96519e-06 4.45604e-06 6.00795e-06 2.03902e-06 2.28167e-06 2.43896e-05 1.36195e-05 9.08119e-06 1.34514e-05 1.35462e-06 9.71802e-06 0.999858 8.07893e-06 2.73849e-06 3.72427e-06 7.82373e-06 1.18678e-06 1.13081e-05 
0.0001313 0.000131297 0.000131257 0.183961 0.00013128 0.000131285 0.000131269 0.000131309 0.000131307 0.000131083 0.000131192 0.000131238 0.000131194 0.328422 0.000131231 0.485123 0.000131248 0.000131302 0.000131292 0.000131251 0.000131318 0.000131216 
0.00823446 0.0792206 0.0138586 0.139374 0.0555422 0.000123067 2.11969e-05 0.239322 0.0243598 1.75464e-05 5.83541e-05 0.000139928 5.63155e-06 0.00216774 0.00812855 0.402971 0.00027965 8.09221e-05 0.00788138 0.0122499 0.00584152 0.000121708 
8.77533e-06 1.95083e-06 0.000631675 0.0136779 0.101572 5.83467e-05 2.04108e-07 5.8546e-06 0.0288926 0.000465738 7.19994e-07 6.20881e-05 0.000189154 0.00108564 0.000342923 0.841799 0.00046648 7.25685e-06 0.000239355 0.00191876 0.00857372 3.84169e-07 
0.0368161 0.140326 1.11766e-06 0.00138324 0.0124339 0.00219214 0.000124976 0.0398011 0.00125895 7.47085e-06 9.11784e-06 9.59038e-05 0.000287212 0.0941284 0.00509948 0.43568 0.000251843 0.00719661 0.0309838 0.0900671 0.101855 2.88669e-07 
0.287842 0.000612336 0.0112359 0.0257444 0.0024221 3.47441e-05 0.00656881 0.0540234 0.0329182 0.0179394 7.41156e-05 0.0153978 0.00105354 0.0599827 0.0463199 0.322141 0.000128461 0.0760976 0.0113308 0.00803762 0.0200931 1.73376e-06 
0.0165609 0.00756962 0.0149627 0.0481591 0.0111504 6.92923e-06 0.000457441 0.0553934 0.00738331 0.00642078 0.0015523 0.000643478 0.000884848 0.0531219 0.0149344 0.591325 1.94005e-05 0.00050442 0.137339 0.000823389 0.0307872 3.96002e-08 
0.0974631 0.142592 0.00109231 0.0995944 0.0249785 1.26681e-05 0.00178563 0.0964045 0.05599 2.51746e-06 1.00539e-05 0.000946012 3.11062e-05 0.024366 0.00354614 0.358596 0.000276275 1.97054e-05 0.0498563 0.000222245 0.0421328 8.1727e-05 
0.005724 5.859e-05 0.000307631 0.0299664 0.00283814 4.80264e-05 0.221879 0.00320012 0.00861479 1.5619e-07 3.19491e-05 8.91639e-06 2.73552e-08 0.0501056 1.85318e-07 0.484201 0.00215217 0.139959 0.000302501 5.12348e-05 0.0505503 1.02005e-07 
0.000125358 0.000222436 0.00110682 3.17734e-05 0.0167665 2.43782e-07 2.78408e-05 1.11551e-07 1.24826e-07 1.33431e-06 7.45095e-07 4.96815e-07 7.35899e-07 0.000862317 5.31655e-07 0.980537 3.24619e-06 1.49818e-07 2.03748e-07 0.000310929 6.49263e-08 6.18644e-07 
0.000462737 0.000273907 2.90405e-05 0.0123988 0.00433655 2.02294e-06 3.32446e-05 0.0891544 0.000869627 3.60002e-06 3.23802e-05 1.01055e-05 0.000288255 0.00312535 0.000238563 0.856587 5.2136e-05 9.45704e-06 0.023149 0.0063571 0.00258525 1.12142e-06 
0.00505967 0.0108689 0.0208321 0.00173149 0.00097525 3.15554e-08 0.000599665 0.00465 0.0175679 0.000454855 6.36253e-07 0.000659378 0.0296153 0.252843 0.000981255 0.513316 0.078955 0.00155341 0.0524468 0.00623953 0.000647738 1.10922e-06 
0.0239294 0.00726338 0.00164232 0.118014 0.0368511 0.000468619 0.0023476 0.0503135 0.0355473 0.00165202 0.00587803 0.00176039 0.00237285 0.169676 0.00328992 0.315355 0.0114966 0.00697 0.185439 0.00483596 0.0148191 7.82804e-05 
0.0597665 0.225165 0.00340547 0.0262859 0.00503725 7.5954e-05 0.0798973 0.0369111 0.111944 4.6032e-05 0.000881797 0.000651006 0.000991183 0.0209843 0.00283119 0.329995 0.00173701 0.00171312 0.0191783 0.000892267 0.0716103 1.39583e-07 
0.103148 0.132416 0.000197864 0.0522091 1.86609e-06 3.18485e-05 0.00203055 0.118096 0.191518 0.0012008 0.000164974 2.03723e-05 3.81643e-06 0.00393477 0.000496021 0.238505 0.000192177 5.90261e-05 0.00329728 0.000472196 0.152005 3.43855e-08 
0.0257024 0.00174587 0.0137736 0.147779 0.019793 8.23229e-08 5.2495e-10 0.166356 0.00591959 0.000258477 0.000143569 7.93477e-10 0.0460471 0.00697271 2.44663e-06 0.339601 0.00678389 1.4702e-06 0.00185153 0.0379523 0.179316 9.88053e-10 
0.0272728 6.55177e-05 0.0755668 0.0558121 5.13646e-05 1.61226e-07 1.64257e-06 0.0424292 0.0601355 6.68274e-07 0.000387343 5.027e-07 8.12257e-05 0.0279048 4.56452e-05 0.676265 1.59752e-05 1.73909e-06 0.0145052 0.018801 0.000655657 6.06163e-08 
0.0313586 0.00532797 0.00647854 0.0609584 2.1743e-07 0.000348119 2.17413e-07 0.0402339 0.0574573 0.00195416 2.17285e-07 2.17362e-07 0.0194041 0.0473914 0.0047602 0.62255 0.00336958 2.17468e-07 0.0212018 0.0126954 0.0645088 2.17324e-07 
0.00461125 0.00475158 0.00905104 0.082926 0.00025433 6.36052e-07 9.82034e-05 0.057055 0.0151803 1.49725e-06 0.0053357 0.000385016 0.00018249 0.0149505 0.00274145 0.728917 0.00195686 0.000902983 0.0537883 0.00116287 0.0157457 9.37116e-07 
0.0232766 0.0648276 0.00160849 0.101738 0.00616261 2.82091e-07 0.00250704 0.0454722 0.0932037 0.000198736 0.000610392 0.00107946 0.00288306 0.0558286 0.00623527 0.263892 0.022806 0.23242 0.0425314 0.00369255 0.0290178 8.93914e-06 
1.15966e-05 1.31006e-05 2.84113e-05 9.02414e-06 1.96563e-05 1.76407e-05 2.37845e-05 8.07214e-06 9.03276e-06 9.65544e-05 5.39171e-05 3.59509e-05 5.32517e-05 5.3627e-06 3.8472e-05 0.999438 3.19831e-05 1.08412e-05 1.47438e-05 3.09728e-05 4.69825e-06 4.47667e-05 
0.226911 2.74332e-06 0.0061739 0.0634508 1.60856e-06 3.51338e-09 0.01102 0.00316124 0.275377 1.92301e-08 0.0192935 0.00058088 1.26318e-06 0.00121546 0.000113593 0.311405 9.99903e-09 2.15918e-09 0.054409 1.17237e-05 0.0268706 2.41551e-08 
0.065917 0.000574914 0.00114416 0.042072 0.000605687 0.000491033 0.0510521 0.037505 0.278217 2.24347e-05 5.91552e-05 0.000284376 8.83411e-05 0.0670198 0.000135032 0.390945 2.41684e-05 0.000215968 0.0174389 0.000155257 0.0460297 2.10768e-06 
0.0459513 0.125042 0.00451519 0.0271849 0.00339484 0.000141264 0.077204 0.0334836 0.0916716 0.000163914 0.00188323 0.000446543 0.00135576 0.102101 0.00438634 0.312868 0.0148136 0.00526458 0.0216862 0.00103386 0.125409 2.88786e-07 
0.0404413 0.0314569 0.0548723 0.042328 0.00591088 2.8397e-05 0.00283928 0.132814 0.202708 4.77136e-05 3.60729e-11 0.00254169 0.000101208 0.1065 0.000598921 0.301033 0.00691633 0.000684629 0.0035498 0.00316631 0.06146 1.95951e-06 
0.0177171 0.00591286 0.000148545 0.038885 0.000230869 0.000156826 0.0109121 0.0116184 0.0022987 4.99175e-05 0.0433162 0.000374584 4.8863e-07 0.000458556 0.00362738 0.775038 2.93473e-07 0.000139207 0.0676585 2.84202e-07 0.0214562 4.10773e-07 
0.149676 0.0335042 0.00054163 0.109641 0.00128005 5.32914e-05 0.0291878 0.0528039 0.0780505 0.000365962 0.0150269 0.00051804 0.000252893 0.0343349 0.00387819 0.357417 0.000146558 0.019194 0.0737165 0.00554605 0.034864 6.38311e-07 
0.0869385 0.0648234 0.0102202 0.0441338 0.00452579 0.00366129 0.017584 0.111931 0.106704 0.0015264 0.00255954 0.00488857 0.000192787 0.0662988 0.0424377 0.31486 0.00290533 0.00555863 0.0191981 0.00472468 0.0842545 7.28378e-05 
0.000375021 9.01949e-05 0.0127664 0.124985 1.11951e-06 5.64964e-07 0.00783759 0.0107897 0.112355 2.64072e-05 2.00524e-08 5.22238e-05 4.70517e-05 0.01 5.67883e-05 0.456012 5.72649e-05 2.03216e-05 0.000395631 0.117317 0.146815 8.92796e-08 
0.0237455 0.00714292 0.0105764 0.0198731 0.000857983 3.93716e-07 4.82061e-05 0.142064 0.0286161 0.0001249 1.1193e-05 2.69501e-05 0.000336177 0.0264383 5.45169e-05 0.480585 0.125445 0.000791082 0.00299501 0.000894486 0.129372 9.4394e-08 
5.13551e-05 7.17571e-06 1.25979e-05 0.0265808 6.02409e-07 3.81677e-08 2.07769e-08 3.85645e-05 0.0173487 0.000126818 0.000783937 3.14048e-08 0.0020272 8.12495e-05 1.71979e-06 0.950026 1.99233e-05 2.55139e-07 1.38698e-05 7.53356e-06 0.00287133 3.91059e-08 
0.095884 0.00686015 0.00212545 0.152595 0.0167018 8.85015e-05 0.000507717 0.012162 0.0228135 9.78648e-05 0.0114437 0.000111603 0.00284262 0.0197851 0.00292711 0.323784 0.000206729 0.0613994 0.212145 0.00600557 0.0495136 9.75753e-08 
0.00661804 6.20818e-05 0.000318079 0.0255272 0.00463457 4.96549e-05 0.184831 0.00406799 0.0119819 4.54382e-06 9.50867e-05 0.000273046 2.65302e-07 0.0383458 7.54771e-05 0.554709 0.00229015 0.111436 0.000918857 5.34387e-05 0.0537037 4.95619e-06 
0.00474319 0.00837366 0.000415678 0.00804202 0.0318598 1.75171e-05 0.00415968 0.00398052 0.158849 4.00667e-05 0.000291582 0.000110344 0.00139944 0.158985 0.00572243 0.211029 0.145533 0.206258 0.00933631 0.00362505 0.0372278 1.48899e-09 
0.00611891 3.51385e-07 0.000921224 0.00101158 0.00616729 0.00011711 0.000315153 0.000445866 0.00113198 0.00111979 1.44617e-06 0.000226778 0.00933177 0.00118796 0.00010278 0.971067 3.25776e-05 7.19706e-05 0.000209983 8.30758e-07 0.000282806 0.000134395 
0.0157532 0.0390279 0.0131855 0.0180877 0.192594 0.0084068 0.00931239 0.173352 0.0380552 0.00234217 0.00135817 0.00447904 0.00314429 0.0404306 0.0628537 0.274947 0.00852663 0.00355364 0.0342867 0.0339315 0.0222322 0.000139135 
9.42214e-05 0.0504479 0.0371998 0.00890161 0.258202 7.58237e-08 6.44278e-05 0.0192165 0.00302591 0.000587926 9.77555e-05 0.000341508 0.000698987 0.098792 0.00326798 0.30734 0.124575 1.14626e-06 0.0411342 0.00390671 0.0420885 1.54695e-05 
0.00167649 2.35039e-06 5.91145e-06 1.40996e-05 9.22811e-07 9.80786e-07 1.11662e-06 8.45301e-06 1.33268e-05 9.23132e-06 2.53126e-06 1.68779e-06 2.82108e-05 6.56965e-06 6.36149e-06 0.998157 4.18181e-06 3.10469e-05 8.46437e-06 1.12337e-05 7.75475e-06 2.10168e-06 
0.0077307 0.000856673 0.000117469 0.0236237 0.00015547 1.1052e-07 1.4901e-07 0.0102916 0.0322442 6.04917e-07 0.00162346 3.46644e-05 3.33623e-07 0.000737552 0.0011648 0.835828 2.00375e-07 9.95259e-05 0.0840533 5.9535e-05 0.00137772 2.80465e-07 
0.0189666 0.0387995 0.0125667 0.0181274 0.176767 0.0138494 0.0125716 0.167093 0.0353475 0.00257448 9.52242e-05 0.00470934 0.000611171 0.0488412 0.0670226 0.274512 0.0108733 0.00325694 0.0359568 0.0377281 0.0197267 3.5455e-06 
0.0050024 0.00368887 0.000418396 0.271027 0.0111883 5.12687e-07 5.39919e-07 0.00441502 0.000174834 5.59568e-05 0.00190222 2.23316e-06 0.00032704 0.0291989 9.45801e-05 0.64125 0.000578607 0.0104231 0.00169144 0.0019359 0.016624 6.25782e-09 
0.0799631 0.000650593 0.0212465 0.166381 0.0175837 0.000140097 0.0014286 0.0552136 0.00794292 1.08524e-05 0.0207493 0.00142758 0.048139 0.0680281 1.47771e-06 0.292195 0.000131421 0.000259405 0.00206875 0.00953165 0.206906 5.95683e-07 
0.191258 0.0103213 3.27245e-06 0.0210743 0.19804 0.00017937 1.23424e-06 0.00410055 0.165572 0.00450905 1.06291e-08 0.0469626 3.50154e-05 0.0465066 2.86671e-06 0.286605 0.000301283 0.000185268 0.00673654 0.00121729 0.0163872 8.82523e-09 
0.0340263 0.0530544 0.0616907 0.155811 0.0139584 0.000298337 0.0357747 0.093708 0.0116563 0.0020778 0.000881959 0.00369114 3.72969e-05 0.144468 0.0113326 0.332236 0.00214023 0.000135252 0.00903737 0.000689227 0.0332934 1.73161e-06 
0.0634916 0.0664325 0.00151039 0.0493187 0.213785 4.22199e-08 5.69239e-08 0.000855738 0.0259683 1.05445e-05 0.00366646 2.05665e-05 0.000110634 0.0901827 0.00195565 0.455999 1.82841e-05 6.49289e-06 0.000866265 7.08963e-06 0.0257938 1.07141e-07 
0.0229946 0.0145799 8.37166e-06 0.00596126 0.0677905 0.00164551 0.0728157 0.0697277 0.0271153 3.96134e-05 9.8704e-06 0.00595916 0.00125358 0.0586153 5.09263e-07 0.516295 0.0997406 0.00286321 0.00253462 0.00199282 0.0280573 3.98748e-08 
0.000717132 4.92895e-05 0.000480914 0.00186332 2.72125e-06 1.09783e-06 0.000404914 0.00630933 0.0060744 2.73894e-05 2.54346e-07 0.00226712 7.65298e-06 0.00157799 9.09361e-05 0.976962 4.40027e-05 4.80689e-05 0.000208344 7.84839e-05 0.00278384 4.30041e-07 
0.0190341 0.0148096 0.00759885 0.00490367 0.0217503 1.71005e-06 2.42867e-06 0.0325785 0.151233 0.0131485 3.45658e-05 0.000141451 2.47654e-05 0.26432 9.4121e-05 0.424198 0.00142316 0.00106751 0.00990546 0.00108848 0.0326425 1.41318e-09 
2.29407e-05 0.00475601 9.15664e-06 0.0156334 1.20325e-06 3.85115e-07 4.25722e-07 1.51599e-05 4.30009e-05 3.86373e-06 0.0166123 6.4349e-07 3.45079e-05 0.0011964 0.00560803 0.946302 1.1794e-05 5.87746e-07 0.00973181 4.99941e-06 1.06906e-05 8.01287e-07 
0.00139565 0.372223 0.000179067 0.00113047 0.00100017 8.13859e-06 0.00029422 0.00168688 0.00162234 0.000123637 0.000987653 0.000102563 8.47457e-06 0.0394602 1.98229e-05 0.569026 6.06799e-06 1.93723e-05 0.000424507 1.27517e-05 0.0101521 0.000116286 
0.091841 0.00330907 0.00049148 0.0103531 1.15118e-06 5.33654e-05 0.211059 0.00535927 0.0835149 9.66681e-05 8.43955e-07 4.48204e-05 0.00209041 0.0366189 6.29818e-05 0.440457 0.0994438 5.28698e-05 0.00117553 0.00059097 0.0133827 1.30727e-08 
0.0489051 0.107107 0.00436126 0.0193981 0.0034695 0.00023123 0.114771 0.0158239 0.098173 0.000270008 0.00228622 0.000486588 0.00187466 0.135789 0.00322986 0.232514 0.0202163 0.00880156 0.0253732 0.00108284 0.155834 1.5143e-07 
1.15966e-05 1.31006e-05 2.84113e-05 9.02414e-06 1.96563e-05 1.76407e-05 2.37845e-05 8.07214e-06 9.03276e-06 9.65544e-05 5.39171e-05 3.59509e-05 5.32517e-05 5.3627e-06 3.8472e-05 0.999438 3.19831e-05 1.08412e-05 1.47438e-05 3.09728e-05 4.69825e-06 4.47667e-05 
4.23592e-06 9.63651e-07 0.00626879 0.100477 0.094076 3.13115e-07 3.29422e-07 0.00528932 0.00754204 3.45508e-06 7.46767e-07 4.9793e-07 1.23266e-05 0.113162 0.00310055 0.582825 1.65111e-06 1.50154e-07 0.00699159 0.0748744 0.00536858 6.20032e-07 
0.00446471 0.00189324 0.010902 0.209047 1.07719e-05 3.51656e-06 3.96485e-05 0.0779721 0.0334919 0.000891958 0.106129 2.53848e-05 0.000898356 0.00977485 0.000253291 0.446565 1.16341e-05 4.06671e-06 0.0017287 0.0414963 0.054395 1.27213e-06 
0.0597665 0.225165 0.00340547 0.0262859 0.00503725 7.5954e-05 0.0798973 0.0369111 0.111944 4.6032e-05 0.000881797 0.000651006 0.000991183 0.0209843 0.00283119 0.329995 0.00173701 0.00171312 0.0191783 0.000892267 0.0716103 1.39583e-07 
0.00117957 0.00112416 0.0025492 0.0593112 6.35233e-06 8.47404e-07 0.000198749 0.185175 0.0642021 2.43204e-05 1.17699e-05 0.000688408 0.000304288 0.0184189 0.0123387 0.627886 0.000337545 0.000377683 0.0166754 0.0017098 0.00747951 2.44516e-08 
0.0229946 0.0145799 8.37166e-06 0.00596126 0.0677905 0.00164551 0.0728157 0.0697277 0.0271153 3.96134e-05 9.8704e-06 0.00595916 0.00125358 0.0586153 5.09263e-07 0.516295 0.0997406 0.00286321 0.00253462 0.00199282 0.0280573 3.98748e-08 
0.00595738 0.00221948 0.000512342 0.0202248 0.00606471 0.000379844 0.00138927 0.0183893 0.0107571 0.000724661 1.15143e-05 0.00326942 0.000257876 0.0473955 6.33034e-05 0.872509 0.000298068 0.000653528 0.00565565 0.000216569 0.00305051 3.67051e-07 
0.0054232 0.00444447 0.00264616 0.0339974 0.000103142 0.185057 5.80747e-05 0.00343799 0.0402526 3.94276e-05 3.9368e-05 1.66413e-07 0.000347753 0.00411018 0.0100705 0.68316 6.91704e-05 5.78362e-07 0.0144845 0.00308395 0.00915993 1.49049e-05 
0.00614685 0.00379287 0.000641824 0.0163459 0.00199151 1.58399e-06 0.000450908 0.134809 0.0381433 1.78595e-05 1.74463e-05 0.000144311 0.000276379 0.0142697 0.000393233 0.76744 0.00173831 0.000187184 0.00566296 0.00260001 0.00492782 5.02442e-07 
0.0150886 0.000422518 0.0609667 3.93408e-06 0.00799646 1.44179e-07 5.77537e-05 0.00498017 0.0108078 0.00420131 3.19723e-05 0.000215304 7.60351e-06 0.155961 1.51317e-06 0.587363 0.0957564 0.0417976 0.00403015 0.00560799 0.00470182 2.55943e-07 
2.9293e-06 3.3092e-06 7.1767e-06 2.2795e-06 4.96519e-06 4.45604e-06 6.00795e-06 2.03902e-06 2.28167e-06 2.43896e-05 1.36195e-05 9.08119e-06 1.34514e-05 1.35462e-06 9.71802e-06 0.999858 8.07893e-06 2.73849e-06 3.72427e-06 7.82373e-06 1.18678e-06 1.13081e-05 
0.00315706 0.00212877 0.000421666 0.0626313 0.0166944 1.6418e-05 0.00360311 0.115952 0.0287277 3.06935e-06 3.97694e-06 6.8336e-05 0.00171452 0.0108441 0.000169159 0.722317 0.00187065 4.60175e-05 0.00878167 0.00796418 0.0128845 1.31619e-08 
0.0292959 0.0346193 0.000647933 0.0143435 0.0110118 8.29375e-06 0.00446028 0.0133034 0.234543 2.19459e-05 0.000748973 0.000902122 0.000208068 0.0200935 0.0103101 0.325365 0.000275209 0.000461931 0.233174 8.65137e-05 0.0661141 5.21602e-06 
0.0145012 5.41819e-06 0.00442751 0.00294994 0.00017224 6.26727e-08 8.38606e-09 2.08957e-05 0.0064038 1.77211e-06 4.81597e-07 1.26758e-08 4.23599e-05 0.0558767 0.0105545 0.884105 0.00293868 0.000111907 9.7945e-05 3.62871e-06 0.000694275 0.0170914 
0.005724 5.859e-05 0.000307631 0.0299664 0.00283814 4.80264e-05 0.221879 0.00320012 0.00861479 1.5619e-07 3.19491e-05 8.91639e-06 2.73552e-08 0.0501056 1.85318e-07 0.484201 0.00215217 0.139959 0.000302501 5.12348e-05 0.0505503 1.02005e-07 
0.005724 5.859e-05 0.000307631 0.0299664 0.00283814 4.80264e-05 0.221879 0.00320012 0.00861479 1.5619e-07 3.19491e-05 8.91639e-06 2.73552e-08 0.0501056 1.85318e-07 0.484201 0.00215217 0.139959 0.000302501 5.12348e-05 0.0505503 1.02005e-07 
0.00398501 0.0180038 0.00133803 0.022227 0.010946 1.24764e-05 0.00144731 0.021601 0.1966 0.000123762 3.09914e-05 0.000383907 0.00180427 0.192329 0.00278106 0.200397 0.152434 0.127723 0.000937053 0.00191882 0.0429668 8.59497e-06 
0.0459513 0.125042 0.00451519 0.0271849 0.00339484 0.000141264 0.077204 0.0334836 0.0916716 0.000163914 0.00188323 0.000446543 0.00135576 0.102101 0.00438634 0.312868 0.0148136 0.00526458 0.0216862 0.00103386 0.125409 2.88786e-07 
4.99381e-07 5.64146e-07 1.22347e-06 0.000263904 8.46457e-07 0.000188079 1.02422e-06 3.47608e-07 3.88976e-07 4.1579e-06 0.00508348 1.54814e-06 2.29316e-06 2.30933e-07 1.65671e-06 0.926907 1.37728e-06 4.66853e-07 0.0675375 1.33378e-06 2.02319e-07 1.92778e-06 
0.00519842 0.000245728 0.000809001 0.116033 0.00302788 3.20648e-07 1.01312e-06 0.205051 0.122896 1.34068e-06 0.00378317 3.04731e-07 0.000262988 0.0627077 0.00116033 0.456587 4.57157e-05 0.000553423 0.0161943 0.00292719 0.0025114 1.9466e-06 
8.11458e-07 0.0141567 4.60155e-06 0.0418037 0.000431457 2.36873e-08 5.87715e-07 0.100319 0.201004 0.000305881 2.37608e-07 2.86896e-06 0.000199964 0.0570951 0.0669914 0.473971 1.00556e-06 1.11643e-06 0.0401077 0.00359973 1.15489e-06 1.60891e-06 
0.00895075 0.163374 0.00126803 0.186733 0.0101627 0.000876752 0.0150818 0.0337221 0.0813045 4.13485e-05 0.000326652 0.00670996 0.00100782 0.0488815 0.00565635 0.311743 0.000643285 0.00806266 0.018321 0.00403621 0.0930971 1.27257e-07 
0.0156962 0.0136698 0.000690188 0.0087844 0.000302404 8.21586e-05 0.00175496 0.0135763 0.00676943 2.63087e-05 0.0214591 3.3235e-07 1.83608e-05 0.0028338 0.000575956 0.629155 4.56259e-06 0.000165956 0.283444 1.64364e-07 0.00099028 7.42095e-11 
0.00970593 0.0291696 0.00863433 0.244023 0.0366391 2.34488e-05 0.000442536 0.0422952 0.080603 2.64081e-05 1.47553e-05 0.00806098 7.63845e-08 0.0767021 0.00436488 0.398568 1.76255e-06 0.00220063 0.0405456 0.0016687 0.0163103 3.59624e-09 
0.0154034 0.00252524 0.0291477 0.0127453 0.0542365 0.00178703 0.0462916 0.00305738 1.94925e-06 0.00102153 0.000336202 0.000153157 0.00314495 0.0990981 0.0629085 0.579512 0.000341044 0.0276736 0.000208507 0.00501356 0.0550832 0.000309906 
0.0550532 0.0078763 0.0011563 0.0666669 0.00129747 2.0742e-07 2.0198e-07 0.0414635 0.00731333 0.00129712 9.97607e-07 3.05298e-07 0.021177 0.0417027 2.04652e-06 0.57228 0.0323774 0.000889446 0.00225837 0.147175 1.00268e-05 2.17129e-06 
0.0376128 0.0178932 0.00771195 0.00889485 0.0017505 1.4489e-06 0.0234007 0.00879345 0.158006 0.000508517 0.000122339 0.000335831 0.000665596 0.119327 0.104431 0.234382 0.0381511 0.0135038 0.21527 0.00374789 0.0054793 1.11544e-05 
0.100465 0.0106171 0.0122306 0.113062 0.0344317 0.0366332 0.000293403 0.0784812 0.0148916 0.0117198 0.000134249 0.108781 0.00154295 0.108128 0.0708098 0.240118 0.00296549 0.00412931 0.0119512 0.00404738 0.0345652 1.78969e-06 
0.00945779 0.0538875 9.9534e-05 0.111666 0.00112735 5.68407e-05 0.258219 0.0220058 0.109152 3.5477e-06 0.000110967 0.00489077 0.000116978 0.0370649 0.00436472 0.311485 0.000408337 0.009323 0.0198756 0.000257318 0.0464275 8.5371e-09 
3.75601e-05 7.59174e-06 1.44846e-05 6.13756e-05 1.68312e-06 4.42627e-07 4.46806e-07 2.48059e-05 7.08688e-05 5.23854e-06 1.92294e-06 6.75359e-07 5.56828e-05 5.51135e-05 4.04318e-06 0.999602 1.85214e-05 8.1119e-07 1.04428e-05 7.71039e-06 1.74925e-05 8.4097e-07 
0.00605895 0.0694467 0.00128718 0.014075 0.001758 0.000778961 0.00743258 0.371002 0.0459528 4.16296e-05 0.000146081 0.00946177 9.93355e-05 0.0106649 0.00167843 0.417519 0.0012443 0.00210593 0.00768221 0.000678115 0.0308865 2.97768e-08 
0.0139833 0.00279314 0.00052054 0.345319 7.11356e-05 4.86414e-05 0.00085474 0.0768753 0.0270128 6.24106e-05 0.000212932 0.00381433 5.50676e-05 0.00226513 0.00107306 0.363714 0.000220679 0.00119472 0.00209539 0.00017925 0.157631 4.18177e-06 
0.0035229 0.00105324 0.00282067 0.101844 0.0957503 0.0160973 0.000190082 0.0403579 0.149278 0.000106569 2.11343e-05 0.000113813 0.00119561 0.0263023 0.00553466 0.513141 0.000658896 1.35958e-05 0.00524684 0.0298502 0.00689047 1.04714e-05 
0.0229946 0.0145799 8.37166e-06 0.00596126 0.0677905 0.00164551 0.0728157 0.0697277 0.0271153 3.96134e-05 9.8704e-06 0.00595916 0.00125358 0.0586153 5.09263e-07 0.516295 0.0997406 0.00286321 0.00253462 0.00199282 0.0280573 3.98748e-08 
5.24032e-05 7.57325e-06 1.33678e-05 0.000104861 7.43296e-07 6.42785e-08 4.01183e-08 3.93603e-05 0.000113513 1.60431e-06 4.10006e-07 6.06399e-08 6.89715e-05 8.21268e-05 2.10228e-06 0.999429 2.09935e-05 3.2171e-07 1.4551e-05 8.31274e-06 3.93287e-05 7.551e-08 
0.0152405 0.0186515 0.00346407 0.216882 0.0146951 0.000182637 0.0297602 0.181647 0.00762104 0.00297418 0.00453893 0.00564084 0.00124395 0.118685 0.0101673 0.247063 0.00108151 0.0111357 0.0319856 0.0110533 0.0651959 0.00109074 
0.00333222 0.00973588 0.00123459 0.284373 0.00982989 3.24225e-05 0.0340324 0.0165759 0.213775 4.89216e-06 7.15517e-05 0.00325142 0.000474066 0.06014 0.00281166 0.31694 0.00892474 0.00352046 0.00192097 0.0166331 0.012386 4.17867e-08 
0.00713266 0.021419 0.000312063 0.00302421 0.00475557 0.00041512 0.00152403 0.144269 0.00762455 9.22074e-05 0.00453142 0.000641151 1.55465e-06 0.000678577 0.0974609 0.635303 0.000155848 0.000138014 0.00959691 0.000900553 0.0593002 0.000724087 
0.0229946 0.0145799 8.37166e-06 0.00596126 0.0677905 0.00164551 0.0728157 0.0697277 0.0271153 3.96134e-05 9.8704e-06 0.00595916 0.00125358 0.0586153 5.09263e-07 0.516295 0.0997406 0.00286321 0.00253462 0.00199282 0.0280573 3.98748e-08 
