0.00314425 0.00087284 0.00171398 0.00255982 0.00139292 3.31734e-05 0.00028172 0.00584595 0.0264394 0.000279994 1.98926e-05 0.000116277 0.000160607 0.943002 0.000374726 5.29618e-08 0.00318682 0.000530324 0.000506651 9.02807e-05 0.00944842 8.04302e-08 
0.108507 0.104745 0.00166551 0.0571565 0.396691 0.00201636 0.00533309 0.0589187 0.00669182 0.000630422 0.0047735 0.00657427 0.000807078 0.082989 0.000791174 7.8147e-05 0.00182007 0.00330353 0.0159845 0.00239174 0.0249637 0.113168 
0.00820223 0.228311 0.00106343 0.00589753 0.0254003 0.000197587 0.396188 0.0650424 0.0888396 3.63074e-05 0.00039894 0.000645726 0.000385563 0.071644 0.0010045 6.35216e-12 0.00152838 0.000473408 0.00367865 6.66222e-05 0.100995 1.14175e-08 
0.000373103 0.000200748 7.49871e-05 0.000528881 0.00102874 0.000368515 0.00181823 0.00341136 0.000190738 5.66782e-07 4.72769e-05 9.5274e-05 0.98504 0.000136581 5.49992e-05 2.83592e-09 1.2961e-06 0.00361956 0.000481942 0.00103449 0.00149235 8.22118e-07 
0.106503 0.0788806 0.00626932 0.0460001 0.0136418 0.000241249 0.0382728 0.0521064 0.178646 0.000963365 0.00167428 0.00254149 0.0012936 0.0510781 0.00533507 7.90362e-05 0.00687371 0.0264304 0.0210439 0.0072873 0.354572 0.00026649 
0.0879332 0.0241135 0.00295745 0.0770759 0.247068 0.000369084 0.000344744 0.0217687 0.0102022 0.000448424 0.00147791 0.0445331 0.000190645 0.168312 0.00997984 1.48035e-05 0.0512127 0.0200971 0.0012578 0.0010979 0.22915 0.000395267 
0.0179604 0.655108 0.000228531 0.00959446 0.0112082 9.20943e-05 0.0359455 0.0261744 0.032796 0.000100308 0.00057815 0.0414889 0.00115522 0.00545753 0.00225894 1.10355e-07 8.94772e-06 5.77306e-05 0.00488927 0.000228129 0.154294 0.000374779 
0.304239 0.00424346 3.34915e-05 0.0114982 0.128311 0.0994224 0.00714971 0.065487 0.019055 0.000376371 0.000118327 0.000324749 0.000334966 0.0161458 0.0072851 5.66971e-07 9.1908e-05 0.000402179 0.000220037 0.308728 0.0265306 1.42524e-06 
0.0969258 0.283933 0.00112204 0.00347097 0.33188 0.000554622 0.00489538 0.00672491 0.000649029 5.59304e-06 0.000252542 0.00683095 8.8447e-06 0.00764309 3.18878e-06 2.5065e-07 3.51459e-05 0.00019914 0.00328808 9.72068e-06 0.00890805 0.24266 
0.000373103 0.000200748 7.49871e-05 0.000528881 0.00102874 0.000368515 0.00181823 0.00341136 0.000190738 5.66782e-07 4.72769e-05 9.5274e-05 0.98504 0.000136581 5.49992e-05 2.83592e-09 1.2961e-06 0.00361956 0.000481942 0.00103449 0.00149235 8.22118e-07 
0.0643574 0.0176294 0.0245899 0.0216575 0.0515763 0.000262285 0.012342 0.053976 0.02046 0.00721545 0.00154971 0.02995 0.00245541 0.528302 0.00480948 0.000207103 0.0118533 0.0653062 0.0047145 0.00478046 0.0705516 0.00145409 
0.0133988 0.667936 0.000247982 0.0128702 0.00495669 4.04071e-05 0.0307792 0.00720044 0.054111 0.00111543 0.000208248 0.00251049 0.000405786 0.0217578 0.000285786 2.96016e-06 0.00493483 0.0015977 0.0576976 2.10483e-05 0.11791 1.14781e-05 
0.0443849 0.0700989 0.00309018 0.133613 0.00362377 9.27334e-06 0.00449566 0.0844432 0.0667776 2.82472e-05 0.0112331 0.000981007 0.000186622 0.0323862 0.00218746 7.49036e-06 0.0166581 0.00298723 0.182558 0.000639673 0.339599 1.11402e-05 
5.51785e-05 5.5177e-05 5.51603e-05 0.237335 5.51698e-05 5.5172e-05 5.51654e-05 0.0552375 5.51813e-05 5.50871e-05 5.51329e-05 0.0386619 5.51339e-05 0.623646 5.51494e-05 5.50856e-05 5.51567e-05 5.51793e-05 5.51752e-05 0.0441812 5.5186e-05 5.51429e-05 
0.0637309 0.111403 0.000602669 0.00649422 0.223905 0.00157512 0.0142408 0.323357 0.0199477 0.0101272 0.000359493 0.000505364 0.00132453 0.0180307 0.00217596 0.000357804 0.0225251 0.0257435 0.0203366 0.00800143 0.124478 0.000776674 
0.027746 0.015065 0.0680152 0.0442456 0.0047603 0.000272725 0.0207701 0.227522 0.0189096 0.00469763 0.00208018 0.375001 0.000394078 0.0602272 0.00946046 1.38715e-05 0.039895 0.00745801 0.000390239 0.00436071 0.0686934 2.1464e-05 
0.554141 0.064115 0.0579235 0.0296445 0.108812 7.0295e-05 0.000394152 0.020228 0.0289505 0.000616372 0.000327002 0.0141456 0.00302415 0.0797941 0.000832159 5.15317e-06 3.36492e-05 0.000576429 0.00201187 0.00919137 0.0251449 1.84945e-05 
0.138106 0.0166905 0.00246861 0.0105021 0.104908 0.000174398 0.00488846 0.0665174 0.0601776 5.03316e-05 0.000138862 0.0120876 0.00134813 0.130939 5.6135e-05 1.38743e-07 0.000706891 0.0175717 0.0002699 0.000119128 0.432253 2.60273e-05 
0.0439314 0.0291691 0.00674767 0.170158 0.00602787 0.00097221 0.0686912 0.0396037 0.235477 0.000276385 0.000133881 0.00619203 0.0539229 0.047349 0.00687863 2.31813e-05 0.000820113 0.0096824 0.0269249 0.00829571 0.238676 4.6965e-05 
0.0513899 0.00968508 0.00930055 0.540575 0.0143135 2.7785e-05 0.0117747 0.0108631 0.0268537 0.000505349 0.000738602 0.000248976 6.12322e-05 0.180129 0.0135655 1.35347e-06 0.0103372 0.0285766 0.00471496 0.00736917 0.0754001 0.00356861 
0.0101627 0.0198108 0.0114639 0.533256 0.00104645 1.18686e-05 0.00165632 0.00983396 0.0840279 0.000254946 0.00475239 3.41167e-05 5.817e-06 0.00817369 2.53581e-05 4.01066e-06 0.00018224 0.000539505 0.0733202 0.202224 0.0368904 0.00232328 
0.000813182 0.0731056 0.00206904 0.00706894 0.000698252 0.000190885 0.0126785 0.0452806 0.0076529 6.3714e-06 0.0101801 0.000124975 0.653682 0.00385727 3.18606e-05 1.68362e-09 8.53821e-05 0.0349209 0.00544206 0.0855237 0.0565878 4.20697e-09 
0.0108757 0.00527396 0.00125789 0.0260878 0.00270821 0.0221648 0.00148242 0.0487339 0.0170837 1.99914e-07 0.00047313 0.820887 0.00273654 0.00340189 9.30812e-05 6.95852e-08 3.83585e-05 0.000881344 0.00183629 0.00280488 0.0307605 0.000418661 
0.00350757 0.119667 0.385513 0.0508558 0.0919145 2.77085e-06 2.16352e-06 0.0389461 0.105501 7.56371e-05 0.00278745 0.00495229 1.94233e-07 0.120135 9.37356e-05 1.0306e-07 0.00113316 0.000414413 0.0265458 0.00462431 0.0431258 0.000202044 
0.00397584 0.00257189 0.000383198 0.000638765 0.21174 0.0152557 0.022211 0.0143995 0.000844611 5.32533e-05 1.88559e-05 0.00416541 0.616446 0.0423803 2.21166e-05 7.87409e-09 0.00228184 0.0556606 0.00207533 0.00314905 0.00160549 0.000120814 
0.0561411 0.00491696 0.000662441 0.107269 0.0036561 5.36407e-08 0.00408304 0.000807255 0.378481 8.94852e-05 4.05233e-07 0.000493698 0.000112198 0.0179832 0.00013529 1.96103e-09 0.00350205 0.00690298 0.00117754 0.00942679 0.404141 1.84139e-05 
0.0494803 0.017299 0.00754506 0.0460238 0.00298602 9.26854e-05 0.0410733 0.0293768 0.137624 8.43628e-05 0.00081082 0.00171409 8.65819e-05 0.0853666 0.000868882 3.86854e-06 0.00349703 0.00149199 0.0058507 0.002378 0.564604 0.00174166 
0.000834548 0.00193998 0.000494008 0.0145066 0.542901 9.74182e-05 0.0531311 0.0657191 0.000221462 0.000795904 9.21576e-06 0.00291903 0.00093261 0.0272676 5.99414e-05 1.31689e-06 0.000157234 0.228531 0.000412061 0.0460558 0.0130112 2.21538e-06 
0.023792 0.0876107 0.00348365 0.0570519 0.00886146 9.87782e-05 0.0377099 0.064166 0.0286112 7.768e-05 0.268749 0.000356762 0.00704611 0.0255277 0.00807286 3.63554e-05 0.00594671 0.00479499 0.2652 0.00489046 0.096588 0.00132788 
0.0461668 0.73902 3.60862e-05 0.0042419 0.00185949 0.00023593 7.66937e-05 0.00952236 0.00169193 0.00198144 0.128594 1.10372e-05 1.14807e-05 0.00294975 0.0201187 5.68239e-06 0.000543374 9.96257e-05 0.013214 6.1624e-05 0.0293425 0.000215115 
0.0160252 0.0197928 0.00246466 0.111087 0.0235329 0.0122037 0.00177134 0.287471 0.0294791 1.67223e-05 0.0138698 0.0237928 0.000468245 0.002448 0.0101749 3.83494e-06 0.00180568 0.003437 0.00390752 0.37182 0.0643581 6.97598e-05 
0.110939 0.0525029 0.000452327 0.00624377 0.0277822 0.00722883 0.0210757 0.0254639 0.0494402 0.000204795 0.006113 0.572673 7.94384e-06 0.0110855 0.000593537 1.98125e-09 0.0799314 0.000169747 0.0142701 0.000241152 0.0135626 1.8285e-05 
0.0197899 0.163503 0.00983261 0.0220272 0.038395 0.00389679 0.146736 0.0128681 0.072815 0.00019801 0.0001107 0.0242705 4.29412e-06 0.0298336 0.0015017 6.50333e-08 0.00045462 0.0245245 0.351221 0.000464014 0.0774899 6.35929e-05 
0.0699109 0.0298975 0.035394 0.194041 0.0174264 8.19889e-05 0.0664166 0.0638504 0.127957 0.000273945 0.00223879 4.59032e-05 0.000544768 0.159844 0.00520661 3.79485e-10 0.0101159 0.00617393 0.0873342 0.00170325 0.121543 4.08055e-08 
0.0769674 0.0657402 0.0122369 0.0788761 0.0126577 0.000170325 0.0075489 0.035591 0.0479133 1.78189e-05 0.00385519 0.00335569 0.00119907 0.0495352 0.00492526 2.73343e-06 0.0113948 0.000799812 0.0554322 0.00985279 0.521605 0.000322736 
0.037572 0.22788 0.00743799 0.0815911 0.0973079 0.000394912 0.00529649 0.0744868 0.0817502 0.000330978 0.0424046 0.0115018 0.0216782 0.0561357 0.02221 0.000171639 0.00217237 0.0144981 0.072632 0.00465159 0.136935 0.000960132 
0.18482 0.18693 0.00347566 0.00493849 0.070569 0.000318068 0.0241837 0.0237669 0.0444281 0.000189133 0.00394103 0.00307321 0.000104167 0.154295 0.000479668 2.11286e-05 0.00390894 0.00859338 0.0211202 0.000283894 0.260515 4.53036e-05 
0.0507502 0.0394071 0.0474749 0.0360204 0.257828 0.000444105 0.00572852 0.0875469 0.0191195 0.000145535 0.00165377 0.0575012 0.0196448 0.130118 0.00788435 1.67453e-07 0.0830854 0.0115815 0.00415684 0.0263493 0.113557 2.13134e-06 
0.0111119 0.00297308 0.00392476 0.0036843 0.000633564 2.08304e-05 0.00309194 0.00465301 0.01869 0.000138611 6.81832e-05 8.66296e-05 0.00066959 0.0934761 4.72788e-05 6.70813e-07 0.778933 0.0360985 0.000518952 0.000324202 0.0354786 0.00537653 
0.0249085 0.00227962 0.000835973 0.00047949 0.241266 0.000353963 0.011263 0.0197665 0.0279963 0.00104893 0.000736597 0.00180811 0.0018246 0.249794 8.90313e-05 3.73055e-06 0.0308695 0.150227 6.8715e-05 0.00186525 0.232487 2.88067e-05 
0.00164515 0.00362649 0.000267224 0.000109152 0.0407598 3.0068e-05 0.000855939 0.00696054 6.9895e-05 9.18942e-08 4.77618e-05 1.96779e-05 0.933139 0.00618579 7.9342e-07 3.36121e-10 0.000175416 0.000117561 4.8706e-06 0.00557515 0.000289841 0.000120002 
0.0467362 0.0288721 0.00534156 0.122012 0.0554686 0.0528085 0.0225584 0.105567 0.0287538 0.000824704 0.0437453 0.033271 0.00104435 0.085628 0.0457006 7.50879e-06 0.00654662 0.0233271 0.0078951 0.0203513 0.263312 0.000227672 
0.182082 0.0441394 0.0254398 0.0754459 0.0410148 0.00090578 0.00781094 0.0457614 0.0246447 0.0135101 0.00120531 0.00339507 0.000996615 0.241246 0.0147664 0.0001607 0.00680312 0.0289218 0.00943935 0.0200051 0.206464 0.0058414 
0.161664 0.00924599 0.000572372 0.0161185 0.546654 0.000873117 0.00505204 0.0457831 0.0161233 0.0858403 3.03275e-07 0.0225034 1.80981e-05 0.0309692 1.2571e-06 1.21034e-10 0.000105928 0.0334308 0.000196177 0.00154325 0.0233053 8.64398e-08 
0.0358115 0.0148586 0.00452784 0.00518771 0.718494 0.00279198 0.016836 0.0486376 0.00228309 0.000245787 0.00110335 0.00917869 0.00437335 0.0647933 0.00349674 7.0178e-07 0.00122746 0.00866736 0.000308265 0.00172404 0.0554519 1.18678e-06 
0.0132977 0.00228331 1.2396e-08 0.0105447 3.88455e-05 3.17423e-06 0.00505971 0.000116863 0.802111 3.12956e-05 4.22013e-05 0.000230928 6.26698e-06 0.0164407 2.42447e-08 3.69383e-09 0.00397136 0.00151463 0.020967 1.80548e-08 0.12334 1.20948e-07 
0.106332 0.0126886 0.0129764 0.0102301 0.223503 0.000119698 0.00681216 0.0345547 0.0138006 0.000302794 0.000265 0.0128365 0.00418201 0.16386 0.00148012 1.76449e-06 0.0279548 0.0118016 0.00184519 0.0059188 0.348518 1.64189e-05 
0.0653085 0.146518 0.0132414 0.0584127 0.00409581 3.4429e-05 0.0437772 0.031208 0.111504 0.00145691 0.00116966 0.000919353 0.000513574 0.0579205 0.00942175 1.44608e-05 0.0034945 0.000230134 0.0991026 0.000707046 0.350718 0.000231684 
0.0340849 0.00616725 0.00551588 0.345091 0.243951 0.000110893 0.000488584 0.0575796 0.054066 1.22603e-06 0.000308857 0.00816439 0.000912499 0.0972459 0.0347328 7.68904e-08 0.00141183 0.00540369 0.0237321 0.0232809 0.0576664 8.3755e-05 
0.130618 0.084374 0.00263595 0.0155016 0.288149 3.35234e-05 0.000961534 0.0334154 0.0299271 0.00668999 0.0010748 0.00274001 0.000766891 0.223286 0.000110415 3.55017e-07 0.000614699 0.00104515 0.00308918 2.7036e-05 0.174063 0.000875877 
0.0146524 0.116534 0.0010503 0.122279 0.00936182 6.46021e-05 0.0466812 0.112453 0.058756 0.000876493 0.000956846 0.00171823 0.000516011 0.028215 0.00780494 5.35279e-05 0.00102121 0.00595545 0.0401193 0.00676813 0.423259 0.000903608 
0.00314425 0.00087284 0.00171398 0.00255982 0.00139292 3.31734e-05 0.00028172 0.00584595 0.0264394 0.000279994 1.98926e-05 0.000116277 0.000160607 0.943002 0.000374726 5.29618e-08 0.00318682 0.000530324 0.000506651 9.02807e-05 0.00944842 8.04302e-08 
0.0267478 0.207901 0.00848671 0.178266 0.00908113 0.000408399 0.0417364 0.0954277 0.0589565 0.000100972 0.00330869 0.00284626 0.000787291 0.0271329 0.0116125 9.85191e-05 0.00152546 0.00770677 0.0239177 0.0064693 0.287363 0.000118089 
0.0123756 0.0676326 0.000450035 0.029096 0.0019049 3.15277e-05 0.000408457 0.129973 0.0459605 0.000109562 0.000322977 0.00026144 5.61809e-05 0.0369752 6.84987e-05 1.52805e-06 0.0056866 0.0236796 0.000397346 0.000367034 0.644239 1.56828e-06 
0.00120744 0.00089612 0.000623328 0.00146335 0.00221491 0.0001327 0.00133077 0.0227258 0.000734305 4.24014e-05 0.000155158 0.000546406 0.937219 0.0169324 0.000287266 6.42957e-08 2.01522e-05 0.00399361 0.00109226 0.000620062 0.00776185 2.84959e-07 
0.0219205 0.0165399 2.97229e-05 0.0808709 0.0225618 8.11524e-06 0.0027715 0.0242405 0.000250357 1.56413e-06 4.21537e-05 0.0177898 0.00768865 0.629244 0.042456 1.78339e-08 0.0143255 0.113611 1.76348e-06 3.76529e-07 0.00561043 3.57256e-05 
0.0132095 0.43949 0.00166386 0.0148502 0.00827121 9.38459e-05 0.00805205 0.00319493 0.0468971 2.17992e-06 0.0125718 0.000126268 6.53277e-05 0.00825278 0.00931552 8.5827e-07 0.0566008 0.00699965 0.277515 0.000150593 0.0926727 3.578e-06 
0.0110397 0.00109683 0.0018292 0.00382668 0.0108165 0.000893563 0.00200663 0.0589881 0.00521491 1.83107e-05 0.00122684 0.00624508 0.753491 0.0135262 0.00080855 9.50573e-06 8.20996e-05 0.0238658 0.000630625 0.0351625 0.0692095 1.1961e-05 
0.0461349 0.028567 0.0130359 0.0170553 0.176221 0.000842862 0.00757863 0.31693 0.00608211 0.000548169 0.00393172 0.00807171 0.00167917 0.12397 0.00377882 1.64352e-05 0.0130321 0.124117 0.00167832 0.0166875 0.089122 0.000918942 
0.0128376 0.0410408 0.00802877 0.205434 0.00333393 0.000975465 0.00950283 0.151395 0.0733775 0.000606929 0.00191066 0.00493014 0.000509386 0.0421084 0.0131989 5.20181e-05 0.00387045 0.0171179 0.0328114 0.00325803 0.37342 0.000280393 
0.0500266 0.0402685 0.0110734 0.33022 0.0194578 0.00115576 0.0298834 0.112512 0.0497889 0.000866787 0.0127137 0.0076871 0.00175381 0.0370906 0.00542876 0.000627083 0.00673459 0.0182322 0.0792151 0.0095694 0.174961 0.000733008 
0.0735663 0.101472 0.0292182 0.24611 0.00368544 9.14837e-05 0.00665817 0.105738 0.0516937 9.16418e-05 0.00521314 0.0030123 0.0057736 0.0714267 0.0279933 6.86771e-06 0.00191698 0.00028331 0.0116384 0.172386 0.0819915 3.27082e-05 
0.289993 0.0503265 0.0228697 0.0893967 0.010558 1.75945e-06 0.0167145 0.0881667 0.0709194 0.00351524 0.0471215 1.75882e-06 1.75823e-06 0.0890507 0.00914717 1.75669e-06 0.00862064 0.0542 0.0598265 0.0339504 0.0556143 1.75852e-06 
0.000454054 8.31714e-05 0.000530706 3.7246e-05 0.000110776 5.12416e-05 0.00272109 0.000134183 0.00132542 1.75861e-06 7.23389e-10 1.71734e-06 0.99428 0.00014047 1.18874e-05 9.95286e-12 1.80879e-05 5.58224e-05 1.89498e-06 1.43728e-05 2.65296e-05 4.5226e-10 
0.00294102 0.239619 0.00455178 0.053211 0.000213118 2.31338e-05 0.00085447 0.0171005 0.024386 8.70221e-05 0.0322957 0.000186855 0.00173109 0.027453 1.13584e-07 9.00767e-12 0.00125685 0.123755 0.0552239 0.109526 0.305584 1.88152e-10 
0.00314425 0.00087284 0.00171398 0.00255982 0.00139292 3.31734e-05 0.00028172 0.00584595 0.0264394 0.000279994 1.98926e-05 0.000116277 0.000160607 0.943002 0.000374726 5.29618e-08 0.00318682 0.000530324 0.000506651 9.02807e-05 0.00944842 8.04302e-08 
0.00331056 0.000701164 0.000443535 0.000447039 0.000208774 2.19094e-05 0.00345189 0.000499351 0.0193189 3.75196e-05 7.94109e-06 3.96965e-05 1.53224e-05 0.0317105 7.71984e-06 1.79433e-07 0.904963 0.0136889 0.000155717 5.64251e-06 0.0209638 7.89479e-07 
0.00449303 0.0163583 0.0131561 0.00334582 0.16929 0.0322056 0.000713315 0.351207 0.00324462 0.000589342 0.00742037 0.0168075 0.278403 0.0183575 0.000830537 1.63907e-06 0.000567621 0.0013829 0.00632317 0.0105076 0.0647922 2.43113e-06 
0.0438375 0.457403 0.000290459 0.00483265 0.194523 1.33902e-05 0.00108757 0.0627052 0.00572773 2.73392e-05 0.0096123 0.00476533 0.00184551 0.0449711 0.00203902 1.07143e-06 0.00636602 0.000117437 0.00129091 2.10521e-05 0.158466 5.60187e-05 
0.00314425 0.00087284 0.00171398 0.00255982 0.00139292 3.31734e-05 0.00028172 0.00584595 0.0264394 0.000279994 1.98926e-05 0.000116277 0.000160607 0.943002 0.000374726 5.29618e-08 0.00318682 0.000530324 0.000506651 9.02807e-05 0.00944842 8.04302e-08 
0.0970896 0.100894 0.00941652 0.027427 0.00828157 3.47435e-05 0.0141403 0.0454921 0.322812 0.000167114 0.000791611 0.0321461 0.000368762 0.0636321 0.000147417 2.86155e-08 0.00246597 3.34097e-05 0.00815466 0.00239375 0.264101 1.07987e-05 
0.0163256 0.00752535 0.00201434 0.00881726 0.0202499 0.000127702 0.0438249 0.00880027 0.0341702 0.000107289 0.000345388 0.00281578 0.000133364 0.037606 0.0023261 2.2253e-08 0.00512503 0.0570579 0.00384514 0.00495007 0.743462 0.000370391 
0.57835 0.00645335 0.00136876 0.115421 0.0103521 1.95972e-06 1.27169e-05 0.024611 0.0933459 0.000163896 0.00726495 0.00109802 2.03228e-05 0.00455381 0.00105955 5.47118e-08 3.04017e-05 0.000731535 0.000884155 0.0028549 0.151302 0.000119747 
0.068652 0.101136 0.00677792 0.0939068 0.010125 0.00214072 0.0265168 0.0482036 0.179075 0.0023272 0.00653951 0.00553921 0.00140821 0.0529099 0.0307002 0.000635464 0.00363491 0.0140205 0.155912 0.00364703 0.184666 0.0015263 
0.0290516 0.0900813 0.0691424 0.00428652 0.241114 0.0310664 0.00409877 7.71363e-06 0.000543851 6.55809e-07 4.39595e-07 0.261608 0.00050532 0.00329661 4.70509e-07 2.00815e-08 0.000260892 6.99651e-05 0.00109597 0.00016706 0.000428669 0.263173 
0.0520671 0.00908364 0.0635298 0.0264647 0.0115224 0.000648866 0.00835167 0.0139026 0.0328327 0.0124106 0.000667731 0.00428354 0.00216947 0.650937 0.015908 0.000547557 0.0189044 0.0164883 0.00877616 0.00643247 0.0427242 0.00134743 
0.10355 0.244967 0.000759388 0.0811121 0.174623 0.000277058 0.00382226 0.0638237 0.0134732 0.000174029 0.0144682 0.000483758 0.0159475 0.0981359 0.000691332 1.26872e-05 0.00284171 0.00652535 0.0142303 0.0306901 0.129372 1.93128e-05 
0.0843144 0.0964854 0.0066986 0.0434632 0.0129924 0.00321673 0.0588469 0.047104 0.185017 0.0015282 0.00293321 0.00267074 0.00156882 0.0532867 0.00929742 0.000278087 0.00537603 0.0143148 0.036263 0.00410791 0.317967 0.0122693 
0.0223646 0.103948 0.034306 0.113306 0.0370809 2.0821e-07 0.000250031 0.0766986 0.0751768 2.0789e-07 0.00349566 2.08136e-07 0.00359976 0.108899 0.00557798 2.07884e-07 2.08152e-07 0.272813 2.08222e-07 0.0238758 0.118606 2.08101e-07 
0.0450951 0.14372 0.00798746 0.208268 0.00307019 3.35631e-05 0.0118466 0.0297063 0.0645013 0.00722278 0.0032546 0.00116721 0.000505069 0.0676069 0.00473655 9.88322e-06 0.00299368 0.0132974 0.0523863 0.00444295 0.326504 0.0016442 
0.172072 0.0256214 0.00263094 0.0802428 0.0303168 0.000350161 0.00774728 0.218057 0.0128074 0.00567024 0.00930191 0.00213115 0.00907438 0.203438 0.00819872 4.06375e-05 0.00842628 0.117946 0.0218614 0.0106254 0.053389 5.18554e-05 
0.000373103 0.000200748 7.49871e-05 0.000528881 0.00102874 0.000368515 0.00181823 0.00341136 0.000190738 5.66782e-07 4.72769e-05 9.5274e-05 0.98504 0.000136581 5.49992e-05 2.83592e-09 1.2961e-06 0.00361956 0.000481942 0.00103449 0.00149235 8.22118e-07 
0.017728 0.521354 6.10708e-05 0.0561081 0.00297754 5.37121e-05 0.0382533 0.0590966 0.0529466 0.000556303 0.00103739 0.000426448 0.00078011 0.00639508 0.0274213 9.29661e-06 7.94536e-05 0.00450827 0.0669705 0.00266683 0.138857 0.001713 
0.0138057 0.000868697 0.00178206 0.00133191 0.000317119 3.0861e-06 0.000624525 0.000697426 0.00677006 5.99959e-05 4.23487e-05 0.000325079 3.78075e-05 0.0234161 5.77932e-05 6.32363e-12 0.931037 0.0035753 0.000789418 4.12855e-05 0.0144173 2.88448e-10 
0.0328153 0.0485751 0.00505295 0.146225 0.00999016 0.000126126 0.0163262 0.324811 0.016014 3.34837e-05 0.0113918 0.0547527 0.012508 0.0124614 0.0292997 2.41766e-05 0.000570878 0.00194089 0.0102146 0.143478 0.106353 0.0170347 
0.00636202 0.797935 0.014445 0.0186308 0.00227238 9.08624e-07 9.08516e-07 9.08793e-07 9.08778e-07 9.07225e-07 0.0628333 9.083e-07 9.07996e-07 0.0439887 0.00290732 9.07201e-07 0.00136346 0.00399939 0.045253 9.08391e-07 9.08855e-07 9.08145e-07 
0.0568056 0.0959622 0.00521325 0.00564134 0.692183 3.65335e-05 3.37174e-06 0.0494474 0.0437633 0.000246397 0.00212108 0.0193806 0.000308812 0.00838435 1.45681e-06 4.79681e-07 0.000425955 3.02134e-06 2.27692e-06 0.00544867 0.0146166 4.42266e-06 
0.00331056 0.000701164 0.000443535 0.000447039 0.000208774 2.19094e-05 0.00345189 0.000499351 0.0193189 3.75196e-05 7.94109e-06 3.96965e-05 1.53224e-05 0.0317105 7.71984e-06 1.79433e-07 0.904963 0.0136889 0.000155717 5.64251e-06 0.0209638 7.89479e-07 
0.000373103 0.000200748 7.49871e-05 0.000528881 0.00102874 0.000368515 0.00181823 0.00341136 0.000190738 5.66782e-07 4.72769e-05 9.5274e-05 0.98504 0.000136581 5.49992e-05 2.83592e-09 1.2961e-06 0.00361956 0.000481942 0.00103449 0.00149235 8.22118e-07 
0.0862231 0.0286363 1.06807e-05 0.0327859 0.0323095 0.001246 0.00562819 0.0221372 0.253248 7.84339e-05 0.00114868 5.87394e-05 0.00107275 0.0474859 0.00140151 8.41152e-09 0.000204293 0.000898704 0.00510457 5.92785e-05 0.480259 3.54898e-06 
0.000373103 0.000200748 7.49871e-05 0.000528881 0.00102874 0.000368515 0.00181823 0.00341136 0.000190738 5.66782e-07 4.72769e-05 9.5274e-05 0.98504 0.000136581 5.49992e-05 2.83592e-09 1.2961e-06 0.00361956 0.000481942 0.00103449 0.00149235 8.22118e-07 
0.189562 0.148 0.00347697 0.037907 0.121347 0.000186323 0.0246476 0.117435 0.0407361 0.000246998 0.00378218 0.00789498 0.00333551 0.0533124 0.00240485 0.000114771 0.000799903 0.00571415 0.00513686 0.00744078 0.224785 0.00173389 
0.000373103 0.000200748 7.49871e-05 0.000528881 0.00102874 0.000368515 0.00181823 0.00341136 0.000190738 5.66782e-07 4.72769e-05 9.5274e-05 0.98504 0.000136581 5.49992e-05 2.83592e-09 1.2961e-06 0.00361956 0.000481942 0.00103449 0.00149235 8.22118e-07 
0.0936478 0.335168 1.20483e-06 0.00518399 0.0288018 1.20509e-06 1.20495e-06 0.12222 0.21816 1.20324e-06 1.20424e-06 0.0196372 1.20426e-06 1.20538e-06 1.2046e-06 1.2032e-06 0.000242156 1.20525e-06 0.0207299 1.20478e-06 0.122952 0.0332441 
0.00161169 0.00254819 0.00099719 0.000590551 0.00167771 0.000513241 0.00445593 0.0260804 0.00145444 6.20364e-05 1.84554e-08 0.0056994 0.900181 0.007008 5.84597e-06 1.87629e-10 0.000170086 0.0253079 0.000842555 8.52562e-05 0.0207083 2.29672e-10 
0.000193 0.000250314 0.00166414 0.00166916 0.000401599 8.1169e-05 0.00128377 0.00272844 0.00140348 8.43764e-06 0.000243245 4.07514e-06 0.981271 0.00280281 0.0007488 4.99727e-09 7.89535e-05 0.00139109 0.000416396 0.000768929 0.00258354 7.77625e-06 
0.048743 0.0046734 0.00296487 0.0152649 0.544298 0.000120617 0.00014786 0.0593429 0.00445673 0.000163605 0.00594004 0.000744373 8.83684e-05 0.0423131 0.00513962 1.63318e-06 0.000217352 0.0242002 0.0143174 0.132116 0.0947413 4.60562e-06 
0.151247 0.000730113 0.00935674 0.00208222 0.295409 1.93867e-05 0.0360465 0.126901 0.00901093 0.00290714 0.000157822 0.0130656 0.000967894 0.228786 0.000143684 1.1466e-09 0.00835707 0.0826454 5.23052e-08 0.005469 0.0266908 6.83199e-06 
0.183052 0.0122778 0.147081 0.0439739 0.0296401 0.000191979 0.0154571 0.0225592 0.0203339 0.00443269 0.00243986 0.0041916 0.00748117 0.305033 0.007445 3.49403e-05 0.0233918 0.0864662 0.0139019 0.0078543 0.0619565 0.000803664 
0.306625 0.0245666 0.0115256 0.0591014 0.00550951 0.00174958 0.0244236 0.0338567 0.124408 0.00132798 0.00822445 0.00463749 0.000433729 0.0632936 0.0209317 0.000242338 0.00165405 0.012562 0.048448 0.00247509 0.243592 0.000411392 
0.031902 0.102634 6.71987e-07 0.0155385 0.719769 0.000370715 0.000440655 0.0749785 0.00188139 1.04313e-05 0.000350992 8.70913e-05 0.000131314 0.009724 1.76872e-06 4.66253e-07 0.00029521 0.000454631 8.54258e-06 0.0023326 0.0390121 7.56443e-05 
0.0103193 0.0268408 0.000656172 0.0324246 0.00144976 0.000767869 0.00332991 0.183278 0.0339574 0.000247152 0.0111837 0.000430847 0.000462448 0.00816061 0.573806 5.64179e-05 0.000296839 0.00462953 0.0680658 0.00131007 0.0366071 0.00171983 
0.105905 0.0101582 0.0115929 0.15172 0.436381 0.000266773 1.46778e-05 0.0245009 0.00587776 0.00133769 0.0013312 0.0149185 0.057701 0.130937 0.00291137 4.45888e-07 0.0016482 0.00400288 0.00895035 0.00125044 0.0285561 3.84517e-05 
0.00510124 0.0191847 0.00716695 0.0287008 0.00197624 2.90132e-05 0.00684223 0.00126648 0.037144 0.0146686 0.000434098 8.99589e-05 1.76449e-05 0.591122 0.00012878 3.07472e-07 0.00313761 0.23579 0.00217729 0.000438262 0.0445814 2.52033e-06 
0.00139786 0.00292257 0.0035116 0.00974608 0.00345985 9.95252e-05 0.000241764 0.00306518 0.00335222 4.20291e-06 0.000439148 0.0187219 0.00130282 0.239857 0.000154238 7.35739e-11 0.0198982 0.660204 0.00103262 2.7509e-05 0.0305623 9.52072e-10 
0.0132977 0.00228331 1.2396e-08 0.0105447 3.88455e-05 3.17423e-06 0.00505971 0.000116863 0.802111 3.12956e-05 4.22013e-05 0.000230928 6.26698e-06 0.0164407 2.42447e-08 3.69383e-09 0.00397136 0.00151463 0.020967 1.80548e-08 0.12334 1.20948e-07 
0.137506 0.0061185 0.0236801 0.0763993 0.109225 7.63788e-06 0.00611722 0.0939712 7.63918e-06 7.62612e-06 7.63247e-06 7.63516e-06 0.102285 0.356018 7.63476e-06 7.62592e-06 7.63576e-06 0.00229931 0.0129927 0.0733122 7.63982e-06 7.63386e-06 
0.015408 0.00098635 0.00250714 0.0013231 0.000465516 5.01397e-06 0.000842762 0.000791028 0.00709734 5.23714e-05 6.75966e-05 0.000513007 5.16527e-05 0.0349946 7.23204e-05 2.15325e-12 0.90825 0.00508524 0.000445637 1.21588e-06 0.0210405 4.6376e-09 
0.00331056 0.000701164 0.000443535 0.000447039 0.000208774 2.19094e-05 0.00345189 0.000499351 0.0193189 3.75196e-05 7.94109e-06 3.96965e-05 1.53224e-05 0.0317105 7.71984e-06 1.79433e-07 0.904963 0.0136889 0.000155717 5.64251e-06 0.0209638 7.89479e-07 
0.00314425 0.00087284 0.00171398 0.00255982 0.00139292 3.31734e-05 0.00028172 0.00584595 0.0264394 0.000279994 1.98926e-05 0.000116277 0.000160607 0.943002 0.000374726 5.29618e-08 0.00318682 0.000530324 0.000506651 9.02807e-05 0.00944842 8.04302e-08 
0.238558 0.171782 0.00643144 0.0200299 0.111702 0.000675422 0.00846729 0.204089 0.0252036 0.000360521 0.00513199 0.00660908 0.00316165 0.0269436 0.00158296 3.69268e-05 0.0038036 0.0140808 0.022404 0.000250801 0.127877 0.000818933 
0.0395155 0.271159 0.0092946 0.0735081 0.104716 0.000437297 0.00848162 0.144674 0.0415942 0.000405409 0.0122537 0.0122792 0.00185556 0.0605043 0.00589865 7.6259e-06 0.0009135 0.00999047 0.0108086 0.0162015 0.174041 0.0014602 
0.0645733 0.0233922 0.00180183 0.158039 0.00186087 0.000371435 0.00689307 0.0676298 0.0574698 0.00028386 0.00118773 0.00049864 0.0001558 0.0253835 0.00220841 1.86448e-05 0.00435532 0.00762013 0.0252655 0.0316483 0.518982 0.000360678 
0.00138026 0.00229314 0.000129377 0.00297643 0.00344129 0.0201559 0.000942556 0.00770471 0.000475937 5.84874e-07 4.23429e-05 0.931687 0.00679097 0.00423649 1.70106e-05 8.56708e-09 2.49095e-05 0.00223848 7.30114e-05 5.5212e-05 0.0138568 0.00147747 
0.104139 0.0742621 0.0163128 0.0666686 0.0602371 0.000169435 0.00675749 0.0890937 0.0230027 8.28981e-05 0.00152481 0.00907196 0.00467925 0.038316 0.00688135 1.59392e-05 0.00402907 0.0233159 0.264191 0.164454 0.0355342 0.00726055 
0.00138026 0.00229314 0.000129377 0.00297643 0.00344129 0.0201559 0.000942556 0.00770471 0.000475937 5.84874e-07 4.23429e-05 0.931687 0.00679097 0.00423649 1.70106e-05 8.56708e-09 2.49095e-05 0.00223848 7.30114e-05 5.5212e-05 0.0138568 0.00147747 
0.0185907 0.0695108 0.00110104 0.017812 0.0233385 0.0633615 0.0931648 0.0357523 0.01522 0.000710693 0.00172247 0.00278099 0.251088 0.0134788 0.00614159 0.000118421 0.000767516 0.00993344 0.0146717 0.00699525 0.0325741 0.321166 
0.122434 0.12898 0.00372848 0.0555804 0.0100651 3.03168e-07 0.0286766 0.0761704 0.0137058 0.00154408 0.00209069 0.00521294 3.02959e-07 0.160779 0.00100035 3.02693e-07 0.00369792 0.00845983 0.00360821 0.0576178 0.316648 3.03008e-07 
0.0555252 0.0526661 0.00717961 0.0899992 0.0139298 0.00257191 0.0228728 0.0733935 0.0838069 0.000801353 0.00349353 0.0034765 0.00125594 0.0382561 0.00871638 8.45239e-05 0.00453636 0.0105793 0.0248724 0.123542 0.378198 0.000241961 
0.0536581 0.0194708 0.000568098 0.0018873 0.86958 0.000231511 0.00023209 0.00936659 0.0103456 9.18186e-07 0.013329 0.000222241 9.44483e-08 0.00326981 0.00877134 5.3068e-10 2.69544e-08 3.96695e-06 0.00256289 8.96963e-07 0.00649781 6.57792e-07 
0.0354119 0.0177915 0.0025582 0.00854773 0.0536641 0.0162705 0.101594 0.642379 0.00358167 0.000427135 0.00293457 0.0371254 0.00293053 0.0277462 0.000575839 2.75671e-05 0.000312926 0.00848154 0.00289932 0.00788331 0.0265971 0.000260049 
0.0436141 0.0338678 0.00143701 0.0666081 0.0648281 0.0171315 0.0507373 0.087947 0.0771018 0.00147537 0.000518016 0.0432625 0.00282783 0.0475839 0.000701667 4.66739e-05 0.00253315 0.0306034 0.0067208 0.000611336 0.419351 0.000491966 
0.0153442 0.0120307 0.000664648 0.0315573 0.0146545 0.269497 0.00515405 0.142251 0.0160697 3.77502e-05 0.000545897 0.33061 0.00450795 0.00846737 0.017463 6.31064e-07 0.000136194 0.00162169 0.0166485 0.00171652 0.111018 2.54635e-06 
0.0138057 0.000868697 0.00178206 0.00133191 0.000317119 3.0861e-06 0.000624525 0.000697426 0.00677006 5.99959e-05 4.23487e-05 0.000325079 3.78075e-05 0.0234161 5.77932e-05 6.32363e-12 0.931037 0.0035753 0.000789418 4.12855e-05 0.0144173 2.88448e-10 
0.00639341 0.000235204 0.00109272 0.00107891 0.0107964 0.000166623 0.00192544 0.00340735 0.000847144 2.01587e-05 3.67765e-05 0.000196794 0.968838 0.00268401 1.11535e-05 2.4726e-08 5.05689e-06 0.000170219 0.000135971 0.000412601 0.00154295 2.96723e-06 
0.0330824 0.0181019 0.00735622 0.115701 0.0168127 9.93328e-06 0.000437348 0.220567 0.0263906 6.3528e-05 0.00324531 0.00132584 0.00306488 0.0642473 0.0200688 2.66982e-07 0.00319905 0.00203315 0.00654445 0.0429351 0.414794 1.89453e-05 
0.122434 0.12898 0.00372848 0.0555804 0.0100651 3.03168e-07 0.0286766 0.0761704 0.0137058 0.00154408 0.00209069 0.00521294 3.02959e-07 0.160779 0.00100035 3.02693e-07 0.00369792 0.00845983 0.00360821 0.0576178 0.316648 3.03008e-07 
0.0818407 0.0128103 0.00150757 0.0758892 0.161132 0.000649883 0.0015872 0.25736 0.0238139 0.0153383 0.00565743 0.000755406 5.46996e-05 0.0574684 0.00680177 1.29324e-06 2.17248e-05 0.00440553 0.0104776 0.128057 0.137192 0.017179 
0.0258298 0.00180655 0.00499522 0.744031 0.0148591 1.0589e-07 9.42988e-06 1.65385e-05 0.0157975 5.00988e-06 4.96781e-06 9.48131e-06 0.000777988 0.00746286 5.12549e-06 1.22086e-08 8.0923e-06 5.77327e-07 0.0020138 0.0204924 0.161874 5.61819e-08 
0.00541716 0.0032888 0.00108163 0.0261047 0.00444401 1.00446e-05 0.000150075 0.000730425 0.005523 2.97001e-06 4.08398e-05 0.000136869 0.898196 0.027696 0.0055624 2.32764e-06 9.41904e-05 0.00103034 0.0148284 0.0019188 0.0029421 0.000798892 
0.00271899 0.0013269 0.0332503 0.0724509 9.744e-06 7.73498e-08 0.00680773 0.0011786 0.0228603 0.000168127 8.32869e-06 4.53994e-05 0.00103846 0.797078 0.00962352 9.21626e-09 0.00707576 0.00218726 0.0101069 0.000464754 0.0310358 0.000563717 
0.0685 0.256437 0.00574201 0.0179271 0.0410266 0.000408487 0.0265845 0.153325 0.0378554 0.000545699 0.00118378 0.0050016 0.000113524 0.020301 0.000908884 9.85807e-05 0.00587458 0.00669505 0.00595039 0.00954584 0.322064 0.0139105 
0.0613186 0.058378 0.0468794 0.0010152 0.522092 0.000556325 0.021788 0.00479098 0.00331813 4.01098e-05 0.000534568 0.000323624 9.95389e-05 0.052621 0.0124968 4.35532e-06 0.00208504 0.000567646 0.002922 0.000257931 0.00782501 0.200086 
0.094541 0.0589324 0.00450359 0.0191073 0.0159635 6.2853e-05 1.98884e-06 0.142797 0.00855557 4.17878e-05 0.00149456 0.0154706 9.00834e-06 0.342685 0.129374 2.33163e-07 0.000746916 0.0242191 0.0291444 0.00176338 0.110584 1.00267e-06 
0.0129811 0.000964055 8.49138e-08 0.0101912 0.00300443 4.3506e-07 0.00127337 0.000928643 0.823369 3.15491e-05 0.000552145 0.00100978 7.20484e-05 0.0292224 0.000137708 2.53615e-08 0.00397359 0.00194596 0.005619 0.000154659 0.104568 1.31328e-07 
0.0181338 0.0558865 0.328404 0.209652 0.103233 0.000175619 0.000711983 0.0346963 0.0129162 8.30786e-05 0.00710999 0.00336171 0.000881558 0.0774503 0.0328166 7.86148e-05 0.00145754 0.00102684 0.0340426 0.00819853 0.0694844 0.00019828 
0.00639341 0.000235204 0.00109272 0.00107891 0.0107964 0.000166623 0.00192544 0.00340735 0.000847144 2.01587e-05 3.67765e-05 0.000196794 0.968838 0.00268401 1.11535e-05 2.4726e-08 5.05689e-06 0.000170219 0.000135971 0.000412601 0.00154295 2.96723e-06 
0.126257 0.381597 0.00111281 0.0147198 0.15432 4.04628e-05 0.00299701 0.0210296 0.0556283 0.000237302 0.000267961 0.000256373 0.000133396 0.0326527 0.000820423 3.93418e-06 0.00624211 0.00119388 0.00172125 1.20347e-05 0.198753 4.00926e-06 
0.00271754 0.000577761 0.000370572 0.000368457 0.000174098 1.8609e-05 0.00283648 0.000411331 0.0158301 3.34822e-05 7.28895e-06 3.40083e-05 1.35361e-05 0.0259631 0.000293478 4.79431e-07 0.921821 0.0112211 0.000129888 5.83082e-06 0.0171707 1.00632e-06 
0.0135358 0.00322507 0.0549183 0.0237771 0.0144465 0.000230716 1.74485e-06 0.0170858 0.045561 3.32276e-05 0.0198948 0.0053801 0.211342 0.535661 0.00373884 3.41491e-10 0.00787412 0.0254039 0.00524552 0.00151091 0.0108287 0.00030432 
0.0233316 0.00169533 0.17769 0.00797442 0.0092981 0.000489397 0.00226657 0.00185857 0.0123287 7.60792e-05 7.73169e-06 0.0585317 5.81224e-05 0.682153 0.000357326 2.65901e-08 0.0123325 0.0015241 0.000174251 0.000962392 0.00688948 3.04205e-08 
0.127878 0.050727 0.0053524 0.0539522 0.00373355 0.00105536 0.0163798 0.0360686 0.182227 0.000688836 0.00238123 0.00122872 0.0012847 0.086916 0.0431227 0.000144175 0.000988958 0.00510926 0.102069 0.0147763 0.25986 0.0040558 
0.68195 0.000468949 0.00170998 0.000254087 0.000809751 0.00999268 0.00291562 0.00181538 0.0782984 0.000247086 3.34508e-06 1.94921e-05 0.0971773 0.0707267 0.01084 2.78644e-07 0.0392252 0.00149042 0.00157531 3.75391e-05 0.000441227 1.00109e-06 
0.000373103 0.000200748 7.49871e-05 0.000528881 0.00102874 0.000368515 0.00181823 0.00341136 0.000190738 5.66782e-07 4.72769e-05 9.5274e-05 0.98504 0.000136581 5.49992e-05 2.83592e-09 1.2961e-06 0.00361956 0.000481942 0.00103449 0.00149235 8.22118e-07 
0.00138026 0.00229314 0.000129377 0.00297643 0.00344129 0.0201559 0.000942556 0.00770471 0.000475937 5.84874e-07 4.23429e-05 0.931687 0.00679097 0.00423649 1.70106e-05 8.56708e-09 2.49095e-05 0.00223848 7.30114e-05 5.5212e-05 0.0138568 0.00147747 
0.0389928 0.0125513 0.000822422 0.029487 0.0908328 0.00461153 0.287219 0.162929 0.0694775 0.00118002 0.000552282 0.127081 4.31939e-07 0.0517139 0.0023594 1.9807e-07 0.000232126 0.00827993 0.107634 0.000273406 0.00362736 0.000141805 
0.12497 0.0128033 0.0147096 0.201701 0.0128972 9.55312e-07 0.0151886 0.0620123 0.389834 9.53841e-07 9.54635e-07 9.54972e-07 9.54652e-07 0.00688084 0.018431 9.53816e-07 9.55046e-07 9.55439e-07 0.00640192 9.55067e-07 0.13416 9.54808e-07 
0.0511543 0.0119924 0.201555 0.0396716 0.0285979 0.000115933 0.00617345 0.00969676 0.0385847 0.00370688 0.000137736 0.00289049 0.00316346 0.506328 0.0226927 3.83639e-06 0.00958817 0.0139985 0.00266234 0.00257278 0.0445453 0.000167638 
0.173976 0.0483391 2.17668e-06 2.1775e-06 0.569736 0.00892845 0.0446282 2.17754e-06 2.17751e-06 2.17379e-06 2.1756e-06 0.049188 2.17564e-06 0.0524837 2.17625e-06 2.17373e-06 0.0106672 0.00740544 2.17726e-06 0.00304939 0.0265699 0.00500694 
0.00138026 0.00229314 0.000129377 0.00297643 0.00344129 0.0201559 0.000942556 0.00770471 0.000475937 5.84874e-07 4.23429e-05 0.931687 0.00679097 0.00423649 1.70106e-05 8.56708e-09 2.49095e-05 0.00223848 7.30114e-05 5.5212e-05 0.0138568 0.00147747 
0.239438 0.160348 0.000306166 0.391795 0.0917541 0.00143133 0.00523065 0.0240887 0.0414358 1.25442e-05 4.43532e-05 6.8582e-05 0.000250903 0.00210146 0.00791652 5.98464e-07 0.000230984 3.94517e-05 0.000613522 0.0144335 0.0151296 0.00332994 
0.0180088 0.124447 0.000867007 0.0058546 0.068539 0.00115926 0.00101662 0.133041 0.0705726 3.46125e-05 0.000124417 0.000733173 3.97365e-05 0.0333219 0.0123411 2.4446e-05 0.0118678 0.010085 0.0242232 0.00130364 0.435737 0.0466586 
0.0110397 0.00109683 0.0018292 0.00382668 0.0108165 0.000893563 0.00200663 0.0589881 0.00521491 1.83107e-05 0.00122684 0.00624508 0.753491 0.0135262 0.00080855 9.50573e-06 8.20996e-05 0.0238658 0.000630625 0.0351625 0.0692095 1.1961e-05 
0.0382405 0.19701 0.0608395 0.115307 0.27273 0.000267479 0.0021353 0.0907317 0.0100435 5.05381e-05 0.000990823 0.00243792 0.00762369 0.0802904 0.00341261 7.70843e-06 0.000373349 0.00268738 0.0142484 0.0158492 0.0842459 0.000476543 
0.0525353 0.0141649 0.0294522 0.0105397 0.0107688 3.62272e-05 0.0026797 0.0141239 0.0379281 0.00229505 0.000694745 0.010177 0.0029071 0.678899 0.00383415 1.12522e-05 0.0211006 0.0325657 0.00828452 0.000784274 0.0661889 2.9319e-05 
0.0341245 0.0208139 0.0206495 0.0354413 0.00517416 0.000250627 0.00203014 0.177066 0.0649627 6.89416e-05 0.00031125 0.00329358 0.000160375 0.0380894 0.000702356 3.34206e-06 0.00510877 0.00329112 0.0103511 0.00417256 0.573788 0.000146646 
0.0227076 0.0348467 0.00430875 0.176779 0.00322517 8.26006e-06 0.0249769 0.0297796 0.137212 0.000114296 0.0041926 0.00157645 0.000234384 0.0381812 0.0055163 6.06072e-07 0.00629615 0.00076605 0.00961875 0.00386009 0.495796 2.27941e-06 
0.30435 0.0637523 0.00964392 0.0224192 0.0528409 0.00695212 0.0148897 0.0424867 0.0477488 0.000687776 0.00218916 0.0056653 0.000388753 0.0653241 0.00062122 8.44903e-05 0.000895231 0.0149988 0.0210212 0.0218079 0.297558 0.00367401 
0.35866 0.085566 0.000718013 0.00362773 0.196331 0.000105835 0.000198053 0.0190105 0.00575798 6.22846e-05 3.8477e-05 0.000874848 0.000849058 0.0271618 0.0302293 6.50193e-07 0.000177559 0.000292281 0.00100594 0.0271414 0.242148 4.31731e-05 
0.51895 0.0940716 0.00601495 0.0159841 0.108456 0.000362851 0.00282801 0.0186131 0.00942059 0.00223356 0.0103219 0.00587109 6.9287e-05 0.0880781 0.00424191 6.5966e-05 0.000343174 0.0619697 0.0108888 0.00895554 0.0321489 0.000111342 
0.00361069 0.0010239 0.000224446 0.000227223 0.90307 0.00278978 0.00307262 0.0019912 0.000174193 0.000297636 0.00011584 0.0119196 0.00366647 0.0512821 0.000169692 1.05285e-10 0.000671912 0.0140673 0.000258707 0.000795408 0.00042513 0.000145637 
0.00331056 0.000701164 0.000443535 0.000447039 0.000208774 2.19094e-05 0.00345189 0.000499351 0.0193189 3.75196e-05 7.94109e-06 3.96965e-05 1.53224e-05 0.0317105 7.71984e-06 1.79433e-07 0.904963 0.0136889 0.000155717 5.64251e-06 0.0209638 7.89479e-07 
0.455406 0.0176708 0.0258615 0.00697107 0.0222044 5.64536e-05 0.0696674 0.0309038 0.103989 0.001481 0.00136385 0.00285494 8.01676e-06 0.0103281 0.000698913 6.55352e-06 0.0160999 0.00831012 0.00559414 0.000210575 0.220274 3.95339e-05 
0.000373103 0.000200748 7.49871e-05 0.000528881 0.00102874 0.000368515 0.00181823 0.00341136 0.000190738 5.66782e-07 4.72769e-05 9.5274e-05 0.98504 0.000136581 5.49992e-05 2.83592e-09 1.2961e-06 0.00361956 0.000481942 0.00103449 0.00149235 8.22118e-07 
0.102335 0.151685 0.0366143 0.271453 0.0717778 0.000408567 0.0199737 0.0264495 0.0806766 0.00227998 0.000102255 0.0119527 0.028735 0.126671 0.00240433 5.00542e-09 0.000909279 5.38019e-05 0.0183724 0.00738758 0.0180425 0.0217166 
0.0406803 0.538063 4.59976e-05 0.00772124 0.104125 0.00190482 0.0771272 0.0458185 0.0244419 0.00119665 0.000124872 0.0447997 2.86976e-06 0.0529089 0.00857183 6.50552e-07 1.25111e-05 0.00026531 0.00769779 0.000673602 0.0432469 0.000570083 
0.0782329 0.0124269 0.00151058 0.0145404 0.00985085 7.70828e-08 0.0179274 0.0148336 0.392317 0.000423379 7.70281e-08 0.00293588 7.70295e-08 0.0841944 0.00211899 7.69621e-08 0.00823793 0.023498 0.00219706 7.7063e-08 0.334755 7.70422e-08 
0.0390536 0.0948996 0.0258191 0.0277116 0.00695195 0.00230502 0.0108449 0.0363338 0.21301 0.000245716 0.0018813 0.00829664 0.00174492 0.0535508 0.0189383 7.80668e-05 0.00605641 0.0275379 0.0314537 0.000856965 0.39214 0.0002903 
