0.170038 0.0138649 0.00615464 0.394407 0.017244 0.000181624 0.0925445 0.0995828 0.00474334 0.0298775 0.00132174 0.00142758 1.71636e-06 0.0108371 0.000210841 3.01231e-06 1.5868e-09 0.000280952 0.0743083 0.000325449 0.0826386 5.49422e-06 
0.022052 0.203505 0.0265379 0.125489 0.00119108 0.00526928 0.0103887 0.051308 0.271751 0.00173143 0.000670618 0.000626462 0.000691669 0.036328 0.0179623 0.00072097 4.9222e-05 0.0465259 0.0491599 0.00850029 0.117762 0.00177932 
0.480933 0.000216104 0.0164665 0.0308811 0.0697534 0.000444704 0.000993049 0.0367866 0.0130403 3.92564e-05 0.0167125 0.00580939 8.86557e-05 0.0154825 0.124756 5.62289e-05 3.7924e-05 0.001145 0.102736 0.0411099 0.0424685 4.34806e-05 
0.0965604 0.00462268 0.00338938 0.00614731 0.0294244 2.81435e-05 0.0041149 0.00379017 0.0147523 1.98935e-05 0.000486426 0.000181813 0.812883 0.00543961 0.000166518 9.83821e-06 7.89446e-09 5.93797e-05 0.00677341 2.56348e-08 0.0110573 9.36143e-05 
4.95964e-05 5.1572e-06 2.40131e-05 3.83229e-05 9.66737e-05 6.20925e-06 8.42682e-06 4.2635e-05 1.33862e-05 4.25015e-06 5.04393e-05 6.161e-06 0.999116 1.12256e-05 3.63469e-05 5.22011e-06 7.40578e-10 0.000322601 1.98013e-05 9.45253e-05 4.76715e-05 1.24494e-06 
0.0200375 0.0361841 0.00021669 0.0265371 0.010903 0.0336792 0.0254863 0.64804 0.0142648 0.00224377 0.000398141 0.0628416 0.0010433 0.00438256 0.0018581 0.0219128 4.94574e-05 0.00331158 0.00496669 0.00838865 0.0727225 0.000531608 
0.0154696 0.0338048 0.00214558 0.0469921 0.110623 0.0864017 0.109121 0.551543 0.00543126 6.33975e-05 0.00252219 0.0135585 3.88837e-05 0.00333534 9.88635e-05 0.00156807 7.73337e-08 0.000308498 0.00692352 0.000318396 0.00973175 1.70792e-07 
6.06041e-07 4.426e-05 9.74901e-07 4.61223e-06 1.98898e-05 3.3001e-05 0.000973987 8.54851e-05 1.90268e-05 1.51159e-12 4.42881e-10 5.50486e-07 0.998673 3.84753e-06 2.06918e-08 1.53382e-12 5.00704e-13 8.92594e-05 1.1947e-09 1.12145e-09 5.11116e-05 7.00836e-13 
0.0428571 3.99849e-06 8.18199e-05 0.000676782 0.889912 0.000460591 0.00265893 0.0183419 0.0200263 2.9371e-08 2.47996e-05 0.00643504 9.9867e-05 0.000732431 8.70892e-10 9.93783e-05 3.60199e-12 1.47748e-08 0.00128796 6.2407e-06 0.0162953 2.0676e-08 
0.0220741 9.08206e-05 0.0387963 0.0299312 0.694404 0.0002429 0.00985473 0.0698532 0.0136323 0.000959708 0.00496655 7.56762e-05 0.00470877 0.024121 0.00159038 9.4674e-06 8.61244e-08 0.000539745 0.0296898 0.00919764 0.0451598 0.000101943 
0.224472 0.00455827 0.0054906 0.0103733 0.0256362 0.000196382 0.00103569 0.521819 0.0181807 0.000995981 0.00136721 0.00491635 0.000108404 0.00564062 7.64119e-08 1.94594e-07 6.35238e-08 0.000211026 7.21498e-05 0.0295109 0.141615 0.00379981 
0.0138578 0.000510365 0.00139978 0.806449 0.0112772 1.61236e-05 0.00545601 0.00779838 0.0217378 2.71523e-05 0.00990956 8.52549e-05 0.000220657 0.00857146 0.00381855 1.56324e-05 1.1896e-06 0.000190088 0.00338993 0.0800944 0.0248175 0.000356532 
0.0448795 0.599855 2.60061e-06 0.000103773 0.224975 0.000191161 0.0139891 0.0186994 0.0515961 1.95757e-06 2.89241e-06 0.00834746 0.000254914 0.00164804 0.000138804 7.50912e-06 7.79747e-08 0.000190104 2.26013e-07 1.91874e-06 0.0350962 1.80711e-05 
0.00777926 0.0211211 7.14105e-05 0.102514 0.169729 0.0315827 0.0376728 0.222009 0.0966363 0.000788526 0.0424652 0.0671985 2.01203e-06 0.0527188 0.00631103 2.36522e-05 2.95606e-07 0.00490874 0.0502103 0.0282444 0.0565983 0.00141423 
0.0409363 0.140199 0.0135229 0.077572 0.0313225 0.00714121 0.0286308 0.0628908 0.0665179 0.00281276 0.000727678 0.00363574 0.232201 0.0377834 0.000925768 0.000429066 0.000294402 0.0103015 0.0125442 0.00769393 0.219723 0.0021937 
0.00449333 0.55079 4.05326e-06 0.000213235 0.339052 1.05996e-05 2.48106e-06 0.0151431 0.0138239 4.17328e-07 0.0341737 5.57416e-05 0.00883514 4.01634e-05 0.00318244 1.11051e-05 3.0186e-10 2.09637e-07 0.00848387 0.00444188 0.0172379 4.32631e-06 
0.0321922 0.00309485 0.00171251 0.0663386 1.68163e-07 1.90012e-08 0.184324 0.0474222 0.0359231 0.00058224 0.000706272 0.000286276 6.32048e-05 0.0233754 0.0181719 9.75564e-08 1.24636e-08 0.00025211 0.0117025 8.01638e-06 0.573822 2.27007e-05 
0.0736537 0.0624963 0.0662635 0.096243 0.108587 3.43636e-05 0.00138859 0.0759205 0.0259122 3.15503e-05 0.000327732 0.0109558 0.000423618 0.202661 0.00664986 0.0096784 1.20118e-06 0.0563905 0.000863475 0.0235287 0.177898 9.09866e-05 
0.148454 0.399946 0.00143019 0.00568585 0.271495 6.76333e-05 0.000457997 0.0115831 0.00484416 4.45916e-06 2.59634e-05 0.000703459 1.51051e-06 0.0320647 3.75341e-05 5.48819e-08 4.58345e-10 0.000378433 0.000149389 0.000297218 0.122352 2.08496e-05 
0.0244181 0.0892835 0.00205306 0.0348558 0.0493972 0.00248891 0.0237346 0.49842 0.0269355 0.0100517 0.00297777 0.048153 0.000767602 0.0305721 0.00276313 0.000755666 0.000512896 0.0160107 0.025405 0.0132276 0.0946533 0.0025631 
0.0439655 0.0100992 0.00302451 0.000608995 0.227159 0.000139698 0.000171872 0.000709142 0.0390565 1.02364e-06 0.061843 0.0171804 0.000141998 0.0386551 0.000763811 1.03869e-06 3.39075e-07 2.48103e-05 1.58769e-05 0.529776 0.0266596 2.64426e-06 
0.348783 0.00384889 0.00100115 0.0729338 0.0447442 2.33063e-05 0.000723044 0.0304779 0.0126202 7.65718e-05 0.0390311 0.003224 0.00131306 0.194182 0.0507061 9.97804e-05 4.07615e-07 0.00249503 0.00365502 0.123337 0.0667084 1.5913e-05 
4.95964e-05 5.1572e-06 2.40131e-05 3.83229e-05 9.66737e-05 6.20925e-06 8.42682e-06 4.2635e-05 1.33862e-05 4.25015e-06 5.04393e-05 6.161e-06 0.999116 1.12256e-05 3.63469e-05 5.22011e-06 7.40578e-10 0.000322601 1.98013e-05 9.45253e-05 4.76715e-05 1.24494e-06 
0.018906 0.166855 0.000374009 0.0363199 0.0572462 0.00309466 0.0159736 0.427733 0.0372628 0.000405943 0.00528648 0.00637474 0.000359597 0.00190853 0.0118044 0.000801914 0.000127808 0.00135578 0.0253871 0.0023915 0.178386 0.00164462 
0.0497748 0.0297658 0.0167379 0.0565152 0.143614 0.0116614 0.0225115 0.455362 0.0279307 0.000395688 0.00313089 0.109856 0.00016552 0.0195132 0.000714229 0.000509274 1.14584e-05 0.0125209 0.00542439 0.00668405 0.0271271 7.39347e-05 
0.00816066 0.12237 0.000434351 0.00476385 0.0726111 0.000915629 0.0658235 0.0263983 0.0364617 9.46953e-08 3.27304e-11 0.013089 0.572724 0.0171541 0.000286716 8.93881e-08 1.94154e-11 0.0397198 1.33773e-06 6.84212e-08 0.0190852 2.65577e-08 
0.0343786 0.0449278 0.0116912 0.0217979 0.512813 0.00064159 0.000428351 0.0205399 0.0493634 0.000318771 0.037585 0.00571529 0.069281 0.00468773 0.00558872 1.37676e-05 1.97172e-06 0.0162131 0.0813029 0.0138989 0.0581178 0.0106937 
0.00133177 0.00136505 9.1031e-06 0.00668202 3.79576e-05 0.837309 0.000249439 0.0617174 0.047926 1.32413e-05 0.000486454 0.0218522 1.6154e-08 4.39793e-05 0.000657784 3.36616e-07 1.09149e-08 4.56178e-08 0.0028781 0.00405837 0.0133693 1.23167e-05 
0.0227525 0.0270171 0.0743358 0.0325797 0.000722695 1.95752e-05 0.0305632 0.0188201 0.547486 0.000705858 0.00245935 0.00603326 8.39437e-08 0.119983 0.000672897 5.01687e-08 2.31206e-08 0.000138601 0.0399295 0.000410367 0.0753704 4.59092e-07 
0.0413251 0.00896069 0.00365018 0.572933 0.00358272 0.000171003 0.0274686 0.0936763 0.0184874 0.00243304 0.00163318 0.0233402 0.0134981 0.0395361 0.0024149 0.000175877 0.000119809 0.028327 0.006724 0.010577 0.100582 0.000384145 
0.00889703 0.00117832 0.0364666 0.00386879 0.819297 8.97383e-05 0.000707163 0.118998 0.000234197 1.1198e-05 0.000787675 0.000164258 0.000155169 0.00188229 0.000671532 1.13627e-05 3.70929e-06 7.86797e-05 4.23803e-05 4.99726e-05 0.00639968 5.19189e-06 
0.155072 0.0756534 0.00915049 0.0539378 0.15896 0.000445799 0.00441561 0.0649693 0.013844 3.71115e-05 0.00125969 0.123589 0.00870963 0.111435 0.0105862 1.45573e-05 1.31e-05 0.00227386 0.00115088 0.0175699 0.185037 0.0018762 
0.098534 0.0492855 0.0624137 0.190916 0.0172097 0.00427701 0.0128081 0.0941726 0.0536449 3.50296e-05 0.0191076 0.00267623 0.000309245 0.0298468 0.00299062 9.92255e-06 4.22062e-07 0.00305654 0.0433056 0.0268411 0.288557 2.18281e-06 
0.0204302 0.291363 0.000127566 0.0112823 0.354021 0.000470371 0.00917329 0.0177207 0.0969511 1.10659e-06 0.000364351 0.000483033 3.53595e-05 0.0289209 0.0256789 3.05402e-07 2.49018e-08 0.0912611 0.0187506 1.08068e-06 0.0295547 0.00340911 
0.00133177 0.00136505 9.1031e-06 0.00668202 3.79576e-05 0.837309 0.000249439 0.0617174 0.047926 1.32413e-05 0.000486454 0.0218522 1.6154e-08 4.39793e-05 0.000657784 3.36616e-07 1.09149e-08 4.56178e-08 0.0028781 0.00405837 0.0133693 1.23167e-05 
0.00819636 0.00855203 0.000241137 0.00904728 0.0163381 0.499455 0.0758886 0.294623 0.0107661 0.000100663 0.00209044 0.0402222 0.000232064 0.00470735 0.00192108 0.000149497 8.85773e-05 0.00347026 0.00260364 0.00598218 0.015155 0.000168837 
0.0240283 0.0422127 0.0191607 0.0542977 0.00120394 3.25356e-05 0.050935 0.0313652 0.528366 0.000166134 0.00409578 0.0100542 2.58963e-08 0.0680642 0.00112099 1.54725e-08 1.16735e-08 0.000230877 0.0638434 0.000683515 0.100139 8.97647e-08 
0.0269427 0.000687952 0.0010261 0.334701 0.033352 8.51365e-05 0.000370308 0.444901 0.000251716 2.70078e-07 5.41999e-05 0.00642001 0.0155549 0.00753057 0.00143613 1.59166e-06 8.94617e-08 1.20773e-07 0.126019 0.000550394 0.00011437 1.2522e-07 
0.0421643 0.0153587 0.0436763 0.401431 0.104153 0.0637156 0.0179305 0.00200433 0.111425 0.0081911 0.0190637 0.0108705 0.040224 0.0496111 0.0469094 0.000762806 9.53545e-07 9.53938e-07 9.53865e-07 0.0170698 9.54053e-07 0.00543478 
0.0741863 0.0348575 0.00541125 0.185281 0.0113048 0.0140493 0.00548118 0.463887 0.0250513 0.0059061 0.00450186 0.0183042 0.00130127 0.0365032 0.00181313 0.00232953 0.000852079 0.00925885 0.00822001 0.0263552 0.0532011 0.011944 
0.00240213 0.00810483 2.10744e-06 0.0226477 0.508023 0.000270157 8.17711e-06 0.235432 0.00584657 0.00010011 7.39125e-05 0.0128051 2.61721e-06 0.00167622 6.58281e-06 6.26472e-05 1.24689e-09 2.63132e-07 0.00263733 0.128748 0.0711507 1.74527e-09 
0.0571536 0.0141484 0.0109787 0.000258526 0.835259 6.68411e-05 0.00231097 0.0157633 0.00112118 4.30685e-06 0.0214891 7.41319e-05 0.030208 0.007899 0.000422132 2.94975e-06 2.50804e-09 1.21075e-05 7.05945e-06 0.0019817 0.000839017 3.51051e-09 
0.0538554 0.0367985 0.000285775 0.0533055 0.00928327 0.00080668 0.0460613 0.0520517 0.0154488 0.000838192 0.00797147 0.0101046 0.00209633 0.0164703 0.495408 0.000201089 0.000181364 0.00211677 0.154961 0.00148709 0.0379153 0.00235234 
0.834414 0.00176551 0.0439507 0.0137774 0.00552963 4.48239e-06 0.000600174 0.0103024 0.00220038 2.33971e-06 0.000541075 0.0347877 2.16051e-06 0.0073412 0.0104166 0.000170434 1.44971e-08 0.000305084 0.000976296 0.000234991 0.0326752 1.8894e-06 
0.00177217 0.0129882 4.27403e-06 0.000731418 0.000399335 4.45e-06 0.0022921 0.841643 0.00587983 5.16273e-05 0.000330508 0.0972404 2.06086e-06 7.94551e-05 0.000656954 1.30005e-06 1.7957e-07 9.08291e-05 0.000830891 1.44012e-05 0.0349858 5.38733e-07 
0.0959635 0.155197 0.00256475 0.0976488 0.111557 0.000436023 0.00331823 0.32247 0.131669 3.89872e-06 0.0013776 0.0030615 5.59801e-10 0.00126819 4.04432e-10 1.02994e-09 3.36218e-10 5.49523e-07 0.0153854 5.59406e-07 0.0580771 4.70605e-10 
0.0125766 0.0137518 2.65591e-08 0.18869 5.58681e-08 0.000770388 0.000123539 0.469477 0.00306585 3.26907e-11 0.0423646 0.00407737 8.19178e-08 0.000402556 0.00720643 8.14656e-06 1.08286e-11 0.000172873 0.00363105 0.0440413 0.20964 5.24925e-10 
0.021802 0.0716849 0.000245554 0.0102136 0.0254762 0.452174 0.0663101 0.226339 0.0219752 0.000165095 0.00159084 0.0405441 0.000210012 0.00636753 0.00298456 0.000150032 6.94494e-05 0.00364457 0.00379202 0.00521003 0.0389065 0.000144047 
0.0624586 0.0194285 0.0147039 0.106383 0.300819 0.00554121 6.83933e-07 0.0548689 0.0223034 0.0135916 0.0063575 0.0064965 0.00389688 0.0821018 0.00369287 0.00191293 6.83824e-07 0.00896246 0.0213431 0.241669 0.0219631 0.00150472 
0.0362957 0.0687206 0.0350321 0.0476372 0.162195 0.000171247 0.0154924 0.0141859 0.0497194 0.00116327 0.0012108 0.00742154 0.012946 0.122315 0.287862 8.98476e-08 6.52721e-10 0.018856 0.00723933 0.00763161 0.103822 8.37985e-05 
0.0432559 0.111605 0.00165172 0.092923 0.0836381 0.00555229 0.0731338 0.188344 0.0673327 0.000461634 0.0052934 0.0217327 0.00484659 0.0283289 0.00809485 0.000634115 0.000287619 0.0219236 0.036506 0.0628688 0.14127 0.00031514 
0.013645 0.0293706 0.00187938 0.278677 2.46457e-08 3.56936e-05 0.112992 0.0731769 0.143091 8.13825e-08 0.00149649 0.000351421 0.000739248 0.000562497 0.0069332 7.65398e-08 1.2449e-11 1.07731e-06 0.108484 1.71958e-08 0.228563 1.74249e-11 
0.209993 0.0669383 0.00477891 0.118749 0.0826851 0.000112414 0.00149023 0.121394 0.0341019 0.00619521 0.000227294 0.00336534 0.000397822 0.0248076 0.000235707 3.15125e-05 4.83397e-08 4.02395e-05 0.0113113 0.00613989 0.306914 9.05522e-05 
0.265813 0.204109 0.00275805 0.0165644 0.397705 0.000212673 0.00955205 0.0410438 0.000801936 8.79104e-05 0.00512122 0.00447357 0.000175589 0.0243527 4.10484e-05 3.47695e-08 1.13503e-08 0.000199179 0.000185875 6.12464e-06 0.0267907 6.13024e-06 
0.0605529 0.0681125 0.0225656 0.0536061 0.0455131 0.00152212 0.151774 0.430748 0.0148161 0.00234272 0.0113402 0.00319398 0.00562591 0.0229062 0.0056418 0.00242547 0.000339315 0.00154264 0.0208094 0.00513021 0.0657639 0.00372728 
0.0221639 0.10579 0.00641871 0.00181455 0.593558 2.746e-07 0.00128905 0.0710775 0.000265085 4.91994e-10 0.00319464 0.00270441 0.000425268 0.060443 0.0122846 3.49742e-07 1.6297e-10 0.0621113 2.57924e-05 2.47951e-06 0.0564312 2.28109e-10 
0.122474 0.00635972 0.0017955 0.063477 0.55647 0.000303873 0.000373086 0.0160758 0.00111842 0.0060243 0.0104062 0.00764747 0.00750529 0.0736401 0.00925294 0.000166281 2.98635e-05 0.00698713 0.00777915 0.0200961 0.0342433 0.0477753 
0.11812 0.103754 0.0033113 0.0649112 0.0844464 0.00423883 0.255371 0.0943084 0.00177371 0.000174178 0.000104031 0.0406812 0.0336296 0.0252427 0.027561 2.28448e-06 3.34398e-07 0.0104496 0.0791899 0.0171053 0.0238138 0.0118109 
6.05999e-07 9.80894e-05 1.0808e-09 4.83963e-05 0.00014582 7.59429e-05 0.00180086 0.000227761 4.00964e-05 1.39292e-12 2.40177e-06 6.62572e-06 0.997391 3.84745e-06 1.68902e-06 1.41341e-12 4.61397e-13 8.75219e-05 4.1005e-05 1.84821e-09 2.80592e-05 6.45817e-13 
4.95964e-05 5.1572e-06 2.40131e-05 3.83229e-05 9.66737e-05 6.20925e-06 8.42682e-06 4.2635e-05 1.33862e-05 4.25015e-06 5.04393e-05 6.161e-06 0.999116 1.12256e-05 3.63469e-05 5.22011e-06 7.40578e-10 0.000322601 1.98013e-05 9.45253e-05 4.76715e-05 1.24494e-06 
0.251108 0.210866 0.000112693 0.0404972 0.105898 0.000257864 0.000383719 0.0242355 0.0745584 1.1656e-05 0.00963753 0.00984221 0.000598008 0.0347834 5.18242e-06 2.26491e-05 4.95658e-08 0.0485039 0.0446783 0.000938152 0.140712 0.00234979 
0.0213686 0.0069826 0.0102231 0.0308556 0.0697676 0.0286642 0.00290532 0.0445873 0.00391831 0.00202587 0.00360252 0.690256 0.0038924 0.0415305 0.0013962 0.00176631 0.000224406 0.0075111 0.00139999 0.00620528 0.0203913 0.000525557 
0.0367698 0.0174063 0.000187662 0.00449564 0.0528932 0.0198039 0.0863162 0.521367 0.0986061 4.51575e-05 0.0212849 0.00180691 7.39647e-05 0.00801328 0.00920084 0.000236177 4.21319e-05 0.00566278 0.0064412 0.00118771 0.107706 0.000452796 
0.00953121 0.0100423 0.0252025 0.0548248 0.150233 0.00256278 0.171849 0.253526 0.00176192 8.29647e-07 0.0580028 0.0198728 0.0553315 0.0304046 0.00216975 0.000152737 1.0605e-07 0.00231204 0.0113264 0.0982878 0.0426052 3.75502e-07 
0.70279 0.000448678 0.131434 0.00134728 0.00959549 3.50387e-06 0.000272306 0.000830066 3.3489e-06 0.000108522 4.68163e-05 0.0719491 7.05839e-08 0.0702813 3.34018e-05 2.50126e-05 4.23929e-08 0.000631128 3.00064e-07 1.70901e-05 0.0101827 5.93373e-08 
0.00819636 0.00855203 0.000241137 0.00904728 0.0163381 0.499455 0.0758886 0.294623 0.0107661 0.000100663 0.00209044 0.0402222 0.000232064 0.00470735 0.00192108 0.000149497 8.85773e-05 0.00347026 0.00260364 0.00598218 0.015155 0.000168837 
0.0803822 0.0995074 0.00186042 0.117101 2.23165e-07 7.15623e-07 0.0126811 0.00545098 0.397814 1.14867e-07 0.00328231 6.83925e-08 4.90864e-11 0.00835317 0.0789034 9.03111e-11 2.94814e-11 3.21144e-07 0.14525 1.2153e-07 0.0494127 4.12652e-11 
0.0304389 0.0084282 0.00154593 0.171479 0.105791 0.0401999 0.0159918 0.264651 0.0494599 0.00128017 0.0198736 0.0991009 0.000252996 0.0285976 0.000249851 0.00141038 1.4968e-05 0.000477962 0.0243638 0.0775719 0.0587712 4.89219e-05 
0.0626788 0.00292583 0.00157735 0.00717599 0.762003 0.00160519 0.0458372 0.0338336 0.00326128 0.000147957 0.000574167 0.00657501 0.000156544 0.0289348 0.000760636 3.64954e-05 3.3509e-05 0.0153395 0.00119214 0.00350165 0.0217975 5.13803e-05 
0.159191 0.0803373 0.00210296 0.0743159 0.00312355 3.09148e-05 0.0283771 0.0152233 0.454326 0.000232055 0.000346174 0.000577901 3.82664e-05 0.0162425 0.0386781 1.41086e-08 1.01315e-11 0.000685861 0.0506454 0.000904687 0.074621 1.41811e-11 
0.00218619 0.0334148 0.000422673 0.0497958 0.000808154 2.80923e-05 8.39412e-06 0.571593 0.053544 3.63261e-06 1.81284e-05 0.000182107 0.000405163 0.00140194 0.00049929 3.17747e-06 1.2767e-08 0.00011652 0.00302177 0.013792 0.268755 4.71568e-08 
0.182701 0.000728597 0.00219974 8.86344e-05 0.76945 4.61667e-05 0.000165141 0.00231005 0.000145916 0.00108008 0.0133614 7.20862e-05 0.000648357 0.00960556 0.00684057 2.89002e-07 9.43426e-08 0.0026777 0.0058862 4.94285e-05 0.00192384 1.89458e-05 
0.0440586 0.0334717 0.0125738 0.070708 0.041366 0.000100042 2.39461e-05 0.156871 0.0145992 2.65573e-05 0.0585732 0.00260364 4.17077e-05 0.0196436 0.000361755 7.57456e-08 1.19506e-08 0.000442803 0.00934203 0.512138 0.0230541 2.72097e-08 
0.306596 0.000806529 0.000866787 0.46012 0.000728606 1.05589e-05 1.38783e-06 0.0631478 0.0130614 1.95064e-08 8.7223e-05 3.95643e-05 1.07582e-08 0.00487025 0.0315825 1.26799e-05 6.46139e-09 9.9545e-06 0.0303921 0.0153318 0.0723345 1.59509e-08 
0.0212735 0.0673669 0.00824878 0.00131682 0.0236455 1.22312e-05 0.065624 0.231053 9.92928e-05 0.00119709 0.000358354 0.566327 1.21686e-07 0.00143143 0.000271075 0.000450506 7.30852e-08 0.00442737 0.000652604 0.00156596 0.00467853 1.02297e-07 
0.0119499 0.843806 1.43615e-05 0.000726702 0.000631802 3.02102e-09 0.000359725 0.00468012 0.00486677 1.83032e-09 0.000138373 0.000113121 0.000591637 0.000317075 9.23709e-06 1.37591e-09 2.24466e-13 1.04051e-05 0.0090614 1.93485e-09 0.122724 1.28847e-09 
0.295603 0.0212564 0.00999783 0.0366039 0.201388 0.00208338 0.000884536 0.0883247 0.0410053 1.31144e-05 0.00218411 0.00114912 8.79577e-07 0.0296714 0.000339431 4.34067e-07 5.20115e-09 5.87484e-05 0.123644 0.121606 0.0230058 0.00117979 
0.503592 0.0245164 0.0653217 0.00137718 0.213264 0.000651552 0.00352196 0.00731052 0.035519 7.32591e-06 0.000278219 0.0850474 4.93258e-05 0.0103261 0.00107038 6.06114e-05 3.59511e-06 5.1239e-05 0.000416715 0.000400667 0.0470808 0.000134191 
0.233336 0.000573596 0.0028326 0.0108028 1.29872e-06 1.34074e-07 0.0397208 0.00370336 0.255012 5.4014e-05 0.00204324 2.14697e-07 4.21552e-05 0.171786 0.000269987 3.10456e-06 1.26556e-07 0.226965 0.0484171 2.31179e-05 0.00441413 1.42608e-07 
0.0267596 0.0203391 0.00182018 0.141991 0.0093745 0.012816 0.00666278 0.205734 0.0252681 0.000856132 0.00463501 0.00097975 0.00150308 0.0691297 0.0262673 0.000757258 0.000182888 0.00514061 0.163235 0.138569 0.135535 0.00244407 
0.26656 0.00813347 0.000531571 0.303136 0.00879235 2.63898e-06 2.06743e-06 0.0476345 0.011546 9.28067e-06 0.0138044 0.00184372 0.000175299 0.00105365 0.000184878 2.75811e-07 5.04305e-09 5.97438e-06 8.29135e-05 0.00203003 0.334468 2.91012e-06 
0.202689 0.058176 0.000631761 0.0413468 0.183083 0.0176863 0.00190602 0.238489 0.0446106 0.000486852 0.0720844 0.021366 4.25888e-06 0.0106698 0.00959926 0.000224056 2.91266e-07 0.0309401 0.0507567 0.000136082 0.0151026 1.15058e-05 
0.118606 0.326186 0.000433285 0.00203436 0.0592575 0.00293663 0.00785797 0.0188262 0.236935 0.000324562 0.000288753 0.00980505 0.00125088 0.00701813 2.41803e-05 0.000240441 1.20315e-07 0.00145654 0.0186673 0.00107094 0.186287 0.000493289 
4.95964e-05 5.1572e-06 2.40131e-05 3.83229e-05 9.66737e-05 6.20925e-06 8.42682e-06 4.2635e-05 1.33862e-05 4.25015e-06 5.04393e-05 6.161e-06 0.999116 1.12256e-05 3.63469e-05 5.22011e-06 7.40578e-10 0.000322601 1.98013e-05 9.45253e-05 4.76715e-05 1.24494e-06 
0.0395965 0.286832 2.54159e-05 2.02059e-05 0.0433247 9.84931e-07 1.98211e-05 5.17965e-06 0.112618 6.04033e-06 1.58118e-05 2.41807e-10 3.58173e-10 0.517503 2.58764e-10 6.6557e-08 2.15119e-10 7.48152e-06 8.51855e-06 4.16856e-07 1.44257e-05 3.91734e-07 
0.00255425 0.00585298 6.76065e-06 0.0996133 0.00101954 0.00120029 0.0002119 0.687507 0.00540791 8.51142e-07 0.00557742 7.71981e-05 4.76018e-05 6.85069e-05 0.0031693 0.000119066 3.59572e-08 9.77968e-06 0.0146285 0.0348641 0.138064 5.80507e-08 
0.333972 0.0215287 1.11523e-06 0.0930348 0.24796 1.41451e-07 0.000793623 0.0529797 0.0268504 0.0277946 4.5182e-06 2.73873e-07 0.0322519 0.131097 0.000745191 1.2564e-06 3.87268e-08 8.69295e-08 0.00171691 0.0079845 0.0212828 1.61765e-07 
0.0295855 0.00304931 0.00128896 0.169098 0.0350572 8.45969e-05 0.00331501 0.0498432 0.125589 2.45055e-05 0.00490253 0.00354423 0.000751275 0.0259403 0.0464921 1.46514e-05 3.57046e-06 0.000170163 0.00829262 0.30118 0.191735 3.81648e-05 
0.0435218 0.683538 0.00017994 0.0568538 0.0292543 7.15201e-06 0.00043799 0.0787411 0.0513368 4.91278e-06 5.17282e-05 5.61576e-05 2.80587e-05 0.000567859 0.000295951 1.20634e-06 1.03545e-06 2.36391e-06 0.0113853 0.00042447 0.0433042 5.33052e-06 
0.0682354 0.165374 7.05978e-06 0.0240957 0.477939 5.71373e-07 0.0138761 0.032856 0.0684711 4.37032e-07 0.0194561 2.52229e-06 6.18705e-06 0.103023 0.0265776 1.88105e-08 6.14055e-09 1.1768e-06 4.34937e-05 1.27165e-05 5.19649e-06 1.67783e-05 
0.110744 0.012571 0.00128705 0.0108176 0.616465 0.000830121 0.000194813 0.0883731 0.00129661 0.000483115 0.00264395 0.00468345 0.00602213 0.0535605 0.00255178 0.000285571 0.000135695 0.000546688 0.00513222 0.0495382 0.0314217 0.000415494 
0.00772066 0.01914 0.000377606 0.013304 0.00541278 0.0144942 0.0574804 0.323657 0.00667803 3.7072e-05 0.00873094 0.00740056 0.477437 0.00399905 2.74468e-05 0.000880619 4.17899e-08 0.00576534 0.0156489 0.000116053 0.0316902 1.82647e-06 
0.250212 0.0299535 0.0030376 0.064856 0.00777277 0.11943 0.114532 0.0747751 0.0310622 0.000205843 0.00645269 0.220986 0.000975767 0.0098327 0.00650382 0.000845688 0.000140857 0.00163473 0.013268 0.000901171 0.0424464 0.000174248 
0.0354274 0.0141153 0.0263424 0.269933 0.00836561 1.29815e-05 0.0123717 0.0741226 0.326545 1.43268e-05 0.000486573 0.0133763 0.000766042 0.0620822 0.000397818 1.01851e-05 7.66314e-08 0.028347 0.0029195 0.11227 0.01209 4.14861e-06 
0.427281 0.00712413 1.93551e-06 0.0829174 0.0222261 5.00626e-07 0.00338402 0.0198762 0.0105565 0.0010025 0.00122998 4.97e-07 0.00147518 0.0574826 0.0156773 4.22065e-07 2.82559e-07 0.0183258 0.117298 0.0172963 0.196826 1.73492e-05 
0.0225314 0.28358 2.12297e-08 0.0229114 0.00148094 6.3931e-05 4.80564e-05 0.142891 0.0143995 1.53984e-05 0.00208651 2.16184e-05 2.71469e-09 0.00101085 0.000728546 3.57845e-08 3.64731e-12 1.60384e-05 0.0195908 2.56175e-05 0.488581 1.71573e-05 
0.0189802 0.000306519 0.000217066 0.264316 0.211537 3.5707e-07 1.19743e-06 0.017362 0.000780371 0.00396348 0.176554 0.00436029 0.00020699 0.152448 0.000118251 5.36949e-06 4.11633e-08 0.00222331 0.0306326 0.0714109 0.0445739 9.56047e-07 
0.00133177 0.00136505 9.1031e-06 0.00668202 3.79576e-05 0.837309 0.000249439 0.0617174 0.047926 1.32413e-05 0.000486454 0.0218522 1.6154e-08 4.39793e-05 0.000657784 3.36616e-07 1.09149e-08 4.56178e-08 0.0028781 0.00405837 0.0133693 1.23167e-05 
0.0227275 0.205252 0.00609883 0.00660194 0.204479 0.00201306 0.0498234 0.0172864 0.0105015 0.000102378 0.000321777 0.00485571 0.00916924 0.218162 0.000400017 1.48105e-05 4.25752e-06 0.00474147 0.00121693 5.46791e-06 0.161751 0.0744722 
0.00345357 0.00339173 1.14355e-07 0.0507501 3.86315e-05 2.85339e-06 0.00049363 0.739095 0.00576243 5.80879e-06 0.000542438 1.83786e-06 6.18759e-05 0.000249652 0.0143481 1.53599e-05 5.51323e-11 0.000187189 0.0308751 0.0191305 0.131594 3.51247e-08 
0.176639 0.0332132 0.00127865 0.0556081 0.127503 0.00912018 0.0606461 0.313385 0.0238118 0.00103658 0.000545335 0.00862297 0.000986791 0.0586454 0.000651815 0.00645914 7.2229e-08 0.00104373 0.0414313 0.0301912 0.0463184 0.0028626 
0.0940731 0.077634 0.0021555 0.0518797 0.0312262 0.180414 0.0250219 0.224011 0.065637 0.000110865 8.1873e-05 0.128377 0.000126855 0.00293233 0.00562087 0.000409814 3.34376e-05 0.000443148 0.0423285 0.00143642 0.0643296 0.00171685 
0.225578 0.0122864 0.0653177 0.0261984 0.0211657 2.1951e-05 6.31596e-05 0.0401186 0.00251814 0.000631555 0.104065 0.257379 1.33908e-07 0.225852 3.14403e-05 2.46369e-07 8.04253e-08 0.00140742 2.29866e-05 0.00100885 0.0162726 6.02395e-05 
0.105156 0.161458 0.000208927 0.0383643 0.0130068 3.03696e-05 9.47241e-05 0.0764028 0.129854 2.55975e-06 0.000209204 0.00435413 0.000172715 0.00138304 1.75826e-06 4.4022e-06 7.21064e-09 0.000745396 0.00115301 0.00106373 0.466332 1.10644e-06 
0.0741863 0.0348575 0.00541125 0.185281 0.0113048 0.0140493 0.00548118 0.463887 0.0250513 0.0059061 0.00450186 0.0183042 0.00130127 0.0365032 0.00181313 0.00232953 0.000852079 0.00925885 0.00822001 0.0263552 0.0532011 0.011944 
0.00888383 0.00396695 0.00258323 0.130965 0.00139614 2.28501e-07 1.23079e-07 0.0407885 0.346485 8.01341e-08 0.00474163 1.88723e-07 2.15602e-06 0.124215 0.247642 1.87986e-05 4.06937e-11 1.14944e-07 0.0225474 0.0121778 0.053145 0.000439417 
4.95964e-05 5.1572e-06 2.40131e-05 3.83229e-05 9.66737e-05 6.20925e-06 8.42682e-06 4.2635e-05 1.33862e-05 4.25015e-06 5.04393e-05 6.161e-06 0.999116 1.12256e-05 3.63469e-05 5.22011e-06 7.40578e-10 0.000322601 1.98013e-05 9.45253e-05 4.76715e-05 1.24494e-06 
0.0256217 0.00451861 0.0036171 0.0898031 0.000523972 0.000785909 0.0315407 0.0762154 0.0768031 0.000130919 0.0024048 0.00109654 0.00513669 0.0156533 0.00772351 0.0034651 1.63651e-07 0.533723 0.030777 0.0122579 0.0780541 0.000147412 
0.0803822 0.0995074 0.00186042 0.117101 2.23165e-07 7.15623e-07 0.0126811 0.00545098 0.397814 1.14867e-07 0.00328231 6.83925e-08 4.90864e-11 0.00835317 0.0789034 9.03111e-11 2.94814e-11 3.21144e-07 0.14525 1.2153e-07 0.0494127 4.12652e-11 
6.63168e-05 0.00142689 6.64508e-09 0.00806367 0.00019138 1.38784e-05 3.98442e-09 0.888166 0.00198269 3.0233e-06 1.00328e-05 4.79836e-07 2.16573e-08 0.000269916 0.00054299 3.9315e-09 4.32272e-13 3.59217e-06 0.000100591 0.042419 0.0567401 9.66944e-10 
0.0467546 0.0217522 0.00347048 0.0410105 0.0808863 0.00103022 0.00067217 0.427257 0.00473113 0.0100056 0.00803187 0.00053885 0.00374669 0.0251237 0.176048 0.000491586 1.14971e-05 0.000107929 0.0438161 0.0753702 0.0291139 2.97662e-05 
0.114689 0.102764 0.105756 0.0112336 0.17264 0.00232765 8.38121e-05 0.0830596 0.0124142 0.000162656 0.00136629 0.0607056 0.00380698 0.0200244 0.00428883 1.54742e-06 9.59539e-07 0.0397019 0.0012139 0.000278836 0.263465 1.50465e-05 
0.150593 0.0264969 0.0195402 0.0853746 0.0101182 0.000158641 0.00339784 0.55401 0.0213073 6.53293e-05 0.000691558 0.0492749 0.00377695 0.021713 0.00774536 1.75323e-05 5.53663e-06 0.000443182 0.00201345 0.0130811 0.0294755 0.000700132 
0.120713 0.000247943 0.000197863 0.139335 0.471628 4.85494e-05 4.1338e-06 0.016969 0.0193248 2.43236e-06 0.00019014 0.0108296 2.16663e-05 0.0556733 0.0313768 0.00719654 1.40533e-06 2.63808e-06 0.000654215 0.123046 0.00253471 1.48566e-06 
0.0200795 3.35449e-05 0.0131051 0.379246 0.00972876 6.95187e-07 0.0223609 0.0789041 0.016055 2.54652e-05 1.93117e-06 1.2506e-05 7.16104e-06 0.1161 0.10234 3.43049e-07 2.61387e-09 2.81935e-05 0.123012 2.69425e-05 0.118932 3.65864e-09 
0.00971887 0.00362907 0.0193284 0.0757247 0.0139253 0.00332924 0.0161219 0.146628 0.0270921 0.00231007 0.0013746 0.377709 0.00156885 0.160657 0.0153181 0.00120587 0.000258926 0.00566619 0.0464981 0.00183622 0.068305 0.00179407 
0.0120705 0.422421 0.000239955 0.0349486 0.000204979 0.000654672 0.000386881 0.340547 0.0549648 0.00506812 0.00102242 0.0024593 1.12066e-05 0.00089126 0.000765827 0.000669992 7.9608e-06 6.56184e-05 0.00798453 0.0337465 0.080859 1.01321e-05 
0.0566133 0.0424091 0.000348896 0.101507 0.00735585 7.21761e-05 0.0471529 0.153747 0.0256247 0.000945211 0.0190513 0.188475 0.0337475 0.00904955 0.175637 0.000288987 6.70586e-05 0.000169378 0.110052 0.00453209 0.0229636 0.000189528 
0.0209884 0.11092 0.000530751 0.0555583 0.0139149 0.00367587 0.04041 0.269433 0.25015 0.00044678 0.00290441 0.035192 0.00833245 0.0110579 0.0038101 0.000613485 0.000420603 0.0189799 0.0203516 0.00388364 0.120898 0.00752786 
0.0934558 0.0760332 0.000784154 0.0437276 0.000898055 2.07031e-05 0.000954356 0.0162618 0.142751 0.000423612 0.00329668 0.000691038 4.59652e-05 0.0533876 0.00964572 0.000189479 8.55462e-06 0.00176676 0.209997 0.00247798 0.343153 3.0422e-05 
0.00133177 0.00136505 9.1031e-06 0.00668202 3.79576e-05 0.837309 0.000249439 0.0617174 0.047926 1.32413e-05 0.000486454 0.0218522 1.6154e-08 4.39793e-05 0.000657784 3.36616e-07 1.09149e-08 4.56178e-08 0.0028781 0.00405837 0.0133693 1.23167e-05 
0.232302 0.0422117 0.00220834 0.0182342 0.380578 0.000792204 0.00463873 0.0402972 0.01325 4.14082e-05 0.0317064 0.00896438 0.00548102 0.00850429 0.0041298 0.0003928 1.49895e-05 0.00482801 0.00685808 0.135438 0.0585393 0.000588295 
0.03711 0.0486034 0.00101068 0.0057575 0.596796 0.000196088 0.000977839 0.00312646 0.0678822 2.74467e-07 0.0489222 4.0332e-05 2.66042e-06 0.170812 9.0217e-06 0.000664778 9.09155e-08 5.4162e-07 0.00765348 8.02958e-06 2.09769e-05 0.0104052 
0.608824 0.00353611 0.000862198 0.147493 0.11962 3.71563e-06 4.07291e-06 0.00327205 0.00199897 3.2242e-06 0.000163428 8.72917e-05 0.000198156 0.0597879 0.0162947 0.000371062 1.82656e-08 2.21155e-06 0.000593964 0.0248108 0.0120672 6.49051e-06 
0.0357587 0.0490778 0.00647269 0.217344 0.0113828 0.00257912 0.00861931 0.347347 0.0666726 0.00191658 0.00240102 0.00727193 0.00131665 0.0655734 0.00779257 0.000944324 0.00078405 0.00762345 0.031469 0.0159403 0.110373 0.00133965 
0.0272923 0.00185197 0.00415821 0.270856 5.94437e-08 1.0135e-07 0.00703587 0.0178746 0.243067 2.95995e-05 0.000118248 0.00122402 0.000260522 0.000677342 0.0130685 4.0643e-05 3.3625e-11 8.66523e-06 0.280186 0.000768748 0.131483 4.70649e-11 
0.036293 0.0198728 0.00120014 0.0199496 0.202475 0.402591 0.0377592 0.0466873 0.0285315 0.00111994 0.00042426 0.0961766 0.00526937 0.0225652 0.00666073 0.000527205 0.000355357 0.00190441 0.00434407 0.00505198 0.0525127 0.00772818 
0.0285113 0.115352 9.27599e-05 0.0477748 0.0225641 0.139469 0.00867829 0.354758 0.0152634 0.00196725 0.0155248 0.106588 0.000250903 0.00436578 0.0135095 9.12009e-05 4.34327e-05 0.0171547 0.0176042 0.00971258 0.0695489 0.0111757 
0.0732865 0.000707563 0.00101423 0.022718 0.767965 5.12306e-05 4.85724e-06 0.00367247 0.000543662 2.82145e-06 0.000378325 3.20626e-05 0.000313115 0.0659168 2.06687e-05 3.37474e-06 1.40988e-07 0.000181994 0.0467851 5.34482e-05 0.0163477 8.98899e-07 
0.048904 0.0181965 6.78094e-05 0.161231 0.00193569 0.00023382 0.302413 0.0494484 0.125693 0.00154028 0.0139107 0.000674937 0.00697524 0.00977434 0.0277798 2.41065e-05 9.23382e-06 0.000241142 0.0965555 0.000926824 0.133431 3.42447e-05 
0.0853681 0.0777921 0.00158757 0.064875 0.00187792 8.58142e-05 0.00504944 0.232606 0.0120212 0.000160695 0.00039261 0.00339796 3.80126e-05 0.170053 0.00036559 5.37439e-06 4.14438e-11 0.144717 0.00197713 0.000138864 0.19749 2.12173e-08 
0.00518513 0.00151201 0.00498405 0.421153 0.000685319 1.90734e-06 1.22392e-05 0.359685 0.00396572 0.00162092 0.00208639 2.12786e-06 4.44116e-06 0.00280415 0.000152057 3.61947e-06 2.4056e-09 0.000373199 0.00139348 0.020251 0.0507806 0.123344 
0.0367698 0.0174063 0.000187662 0.00449564 0.0528932 0.0198039 0.0863162 0.521367 0.0986061 4.51575e-05 0.0212849 0.00180691 7.39647e-05 0.00801328 0.00920084 0.000236177 4.21319e-05 0.00566278 0.0064412 0.00118771 0.107706 0.000452796 
0.0322657 0.00567259 0.00469647 0.505346 0.00330795 8.67789e-05 0.000496587 0.0489868 0.206162 8.05858e-06 0.000199599 0.0128563 2.57119e-05 0.0492466 0.0182379 0.000151738 4.09756e-07 6.73205e-05 0.0339231 0.00786502 0.0703957 2.01945e-06 
0.113942 0.174665 0.0016596 0.0332138 0.0646942 0.00132537 0.385859 0.0816508 0.0312445 9.24633e-06 0.00120787 0.00121769 1.23754e-06 0.0633577 1.4407e-08 0.000657972 1.35936e-09 0.00114644 0.00940062 1.32701e-06 0.0347456 1.9027e-09 
0.0107245 0.0308269 0.00270848 0.0198701 0.00899381 0.00018455 0.00130101 0.0579213 0.0210731 1.72484e-05 0.0624112 0.000396495 0.0381425 0.002917 0.00229035 1.66598e-05 1.17545e-06 0.00701729 0.0561311 0.566383 0.110669 3.42028e-06 
0.00193713 0.0570055 5.0357e-05 0.0129418 0.01376 0.652733 0.00473747 0.123169 0.0161002 0.00201931 0.000510884 0.0666331 0.000136208 0.0101525 0.00711649 0.000117265 2.10631e-05 0.00255428 0.0106948 0.00124591 0.0163344 2.90218e-05 
0.0197446 0.00714818 6.91732e-05 0.0306807 0.000872608 0.00530026 0.0448012 0.513812 0.0837951 0.000679255 0.00391436 0.000700122 0.000139564 0.00937314 0.00732181 2.06627e-05 3.05523e-06 0.0158681 0.0242088 1.85907e-05 0.231524 4.3696e-06 
0.0330001 0.00177348 0.0063705 0.0103752 0.014569 0.000131481 0.000337044 0.636323 0.0230058 0.000266788 0.110826 0.00223622 0.00525166 0.0176239 0.00841614 0.00478144 2.05069e-07 0.00352512 0.0658406 0.00289475 0.0524518 2.87035e-07 
0.00149776 0.0849734 2.71817e-07 0.0560356 0.0409216 0.00286792 0.000293324 0.0450384 0.0390654 2.5448e-07 0.0135209 0.00583692 0.0056656 0.0120372 0.621649 2.58222e-07 8.42949e-08 0.000169073 0.069961 0.000437446 4.34368e-06 2.37905e-05 
0.009491 0.000943618 0.000422679 0.0738988 0.00428354 9.53359e-06 7.42697e-08 0.774736 0.00884455 3.16184e-06 5.9552e-06 0.000142328 4.03689e-07 0.000714952 0.000300655 6.71916e-08 9.19836e-12 3.62565e-06 0.000313696 0.0181898 0.107696 1.80252e-08 
0.0950538 0.4204 0.00125306 0.0294317 0.109722 9.93714e-05 0.0197274 0.117556 0.0516917 8.43596e-05 0.0103681 0.000664843 0.00030692 0.0402322 0.00483781 0.000100856 5.73864e-07 0.000170931 0.0395249 2.56589e-05 0.0586957 5.21172e-05 
0.775847 1.61671e-06 0.0213122 0.000597306 0.000346796 1.37235e-05 2.04698e-05 0.0102143 0.0242838 7.62342e-05 3.54797e-06 3.59501e-05 0.0013861 0.0433241 0.058478 9.29083e-06 5.22179e-09 0.0278516 0.0300116 0.00053325 0.00564816 5.12367e-06 
0.114689 0.102764 0.105756 0.0112336 0.17264 0.00232765 8.38121e-05 0.0830596 0.0124142 0.000162656 0.00136629 0.0607056 0.00380698 0.0200244 0.00428883 1.54742e-06 9.59539e-07 0.0397019 0.0012139 0.000278836 0.263465 1.50465e-05 
0.0817728 0.00881528 0.00413631 0.10246 0.0807453 0.000178821 0.00314911 0.277175 0.00457014 0.000157816 0.176304 3.55299e-06 0.000843624 0.0299638 0.00958311 0.000202881 6.21422e-07 0.00330958 0.0813656 0.000686832 0.134154 0.00042204 
0.0495897 0.03229 0.00797241 0.202641 0.0135234 0.010944 0.0458521 0.221067 0.0544303 0.00163985 0.0064175 0.118089 0.00974161 0.0783255 0.00637934 0.00804119 0.00140415 0.0162994 0.0126502 0.0171656 0.0837957 0.00174053 
0.0868293 0.00198671 0.00135625 0.0285042 0.112342 0.0150162 0.0796205 0.187285 0.0154805 0.000625413 4.5896e-07 0.377742 0.0260146 0.00668008 0.00674516 6.87483e-05 7.58173e-08 0.00180274 0.00756677 0.00382641 0.0388431 0.00166347 
0.0652107 0.0475593 5.91307e-05 0.245225 0.00254435 0.00145536 0.00119992 0.39329 0.0364278 8.10884e-06 0.000174179 0.000184129 0.00114262 0.000281269 0.000670335 6.2171e-05 9.32872e-08 4.21949e-06 0.0818787 0.0481373 0.0744838 6.67369e-07 
0.0147724 0.00960437 5.28292e-07 0.00212087 0.00702631 0.000141238 3.38325e-07 0.892564 0.00251791 2.1783e-06 3.43774e-06 3.66422e-07 1.83656e-06 0.000598459 0.000152819 3.1513e-07 1.04763e-09 7.80938e-05 0.00153194 0.0562863 0.0124906 0.000105627 
7.49319e-05 0.000974496 6.7863e-09 0.0351071 9.57011e-05 6.9417e-06 4.29842e-09 0.839595 0.000991364 7.41787e-06 2.9032e-05 2.40755e-07 2.33632e-08 0.000134964 0.000271517 4.01599e-09 8.11235e-13 1.79718e-06 0.00588992 0.0356527 0.0811672 1.04357e-09 
0.113952 0.000836454 0.00606318 0.076813 0.00237209 0.0011909 0.00203542 0.352803 0.215043 5.80962e-06 0.000204021 2.67064e-05 1.24939e-05 0.000629126 0.00348204 0.00206704 2.04861e-11 0.00312733 0.00575587 0.0710595 0.142521 2.80432e-08 
0.013676 3.83418e-05 0.000454313 0.0472086 0.000486177 0.000110375 0.00019364 0.000513664 0.0216433 1.26436e-05 0.000680247 9.9385e-07 0.0360471 0.0379867 0.0515422 3.92301e-06 1.19216e-08 5.07508e-06 0.769557 0.00172017 0.0181192 1.66867e-08 
0.0412051 0.000771553 0.00270365 0.0233585 0.0139175 0.000118644 0.00380055 0.00499405 0.00195655 4.23684e-05 0.000146616 0.00113978 0.772018 0.0472165 0.000948064 1.47171e-06 1.22901e-06 0.0313704 0.00925312 0.0297251 0.0153085 2.87242e-06 
0.0403663 0.0177252 0.00929283 0.054271 0.0640215 0.000320463 0.0397483 0.103106 0.0177126 0.00441032 0.0100878 0.00581512 6.1667e-05 0.0466342 0.0107791 5.61364e-05 3.32318e-05 0.00708863 0.500539 3.87675e-05 0.0676704 0.000220983 
0.0656641 0.0136724 0.00429075 0.155023 0.00252812 0.0299348 0.0055855 0.0553687 0.0176427 0.000418981 0.00170239 0.0212819 0.00668863 0.0332857 0.428371 0.00190339 0.000122895 0.00672872 0.12289 0.00197202 0.0247 0.000223756 
0.19091 0.0775826 0.0105447 0.0621867 0.200675 0.000123128 0.000937939 0.0796039 0.229241 0.00469173 0.00314754 0.000695648 3.91458e-08 0.0287982 1.58415e-06 2.24998e-11 7.34491e-12 1.64867e-06 0.00211227 0.00205034 0.106696 1.02807e-11 
0.0213888 0.0079609 0.00458571 0.0853261 0.160759 0.00014543 0.00554753 0.463543 0.0150963 0.000223089 0.00360979 0.0096661 0.0289654 0.0147582 0.0282618 2.05553e-05 8.15974e-07 0.000265745 0.0148278 0.0172419 0.11703 0.000776632 
0.0116619 0.00636098 0.000797384 0.0123006 0.05209 3.88453e-05 0.000162475 0.828854 0.00580299 0.00164446 0.00721526 0.000986158 0.00612615 0.00650225 0.000218298 5.30126e-05 1.24989e-06 0.00038299 0.00843075 0.0205642 0.0297923 1.39678e-05 
0.0653213 0.152579 0.0018077 0.222157 0.0710669 2.51735e-07 0.0120588 0.0477774 0.177033 5.46403e-06 0.00137709 1.29028e-06 5.35235e-10 0.0394985 3.86684e-10 9.84746e-10 3.21464e-10 4.2027e-07 0.0773687 0.00247297 0.129473 4.49953e-10 
0.0183119 0.019316 0.000525813 0.579294 4.80338e-05 2.87608e-05 0.00266296 0.0556735 0.0326896 1.64096e-05 0.000751985 0.00299929 2.39269e-09 0.00273676 0.00890873 1.20292e-05 1.43706e-09 3.10593e-08 0.203138 0.00588716 0.0660519 0.000946964 
0.00763031 0.000158022 0.000418983 0.00172808 0.962013 3.27355e-05 0.00560152 0.00146289 7.35134e-05 9.26149e-06 5.17172e-06 0.00011078 0.00021276 0.0199664 0.000123237 9.3977e-06 3.06781e-06 3.53882e-05 4.99236e-05 6.52464e-05 0.000212105 7.79387e-05 
0.436781 0.0106077 0.00128458 0.0206225 0.189875 0.00131815 0.00861799 0.0756498 0.0106243 6.54865e-05 0.00528101 0.029622 0.00763701 0.141737 9.55492e-05 2.62082e-07 6.17249e-11 0.0190455 0.00652301 0.000890242 0.0337212 8.63964e-11 
0.0338697 0.0124359 0.00235599 0.151696 0.00620026 0.00297379 0.156053 0.291044 0.0377934 0.000980701 0.00212044 0.00149055 0.00158551 0.0229181 0.0276321 0.000997303 0.00026043 0.00225784 0.1067 0.0795998 0.0580823 0.00095322 
0.000198933 0.00282903 7.07857e-09 0.0126926 0.000332298 1.22548e-05 3.72047e-09 0.851039 0.0018682 9.05361e-06 1.75338e-05 1.43643e-06 2.02229e-08 0.000340972 0.00090018 4.18745e-09 2.5787e-13 1.07725e-05 0.000301747 0.0545562 0.0748896 9.02709e-10 
0.10763 0.0155723 0.0080847 0.0771394 0.170299 0.0368089 0.0060132 0.197735 0.0185648 0.000369877 0.000850262 0.0917557 0.00122581 0.10581 0.000708028 0.0320381 1.52707e-05 0.00168509 0.00637411 0.077915 0.0430533 0.000352809 
0.00352254 0.00160154 2.71986e-05 0.00374724 0.0069907 0.000461604 0.00256282 0.655275 0.00270728 0.00051745 0.0296662 0.00147227 0.228629 4.13242e-05 0.00535409 2.21373e-05 4.69771e-06 0.0412005 0.000829357 0.000163037 0.0151674 3.63952e-05 
0.119701 0.0125498 0.0286836 0.0985028 0.00690499 0.0121362 0.124235 0.156236 0.156707 2.96477e-05 0.0102317 0.149946 0.000867475 0.0305796 0.0454134 7.65959e-05 4.80368e-07 0.0097066 0.00429787 0.0101532 0.0230405 6.38955e-07 
