0.00156253 0.00233362 0.000552616 0.182471 0.000690218 0.00153044 2.06545e-05 0.696767 0.00317901 2.90405e-06 0.00062758 0.000890764 2.91982e-05 0.0034269 0.000773215 1.5138e-06 2.98695e-09 1.17412e-05 0.000279303 0.0200453 0.0848044 3.00128e-08 
0.0186364 0.0306365 0.00275958 0.0728489 0.0264989 0.0399807 0.00187833 0.373627 0.020546 0.000192343 0.0054195 0.0327671 0.00422976 0.0163587 0.00166058 0.0027237 0.000141706 0.00998345 0.00711825 0.110956 0.220813 0.000224039 
0.0394422 0.000811237 0.00154886 0.00241218 8.56799e-08 9.84182e-05 0.137852 1.34928e-07 0.303301 8.38136e-07 9.5755e-07 2.77099e-06 1.17252e-06 0.0127536 0.44751 4.64337e-10 1.5158e-10 8.68021e-05 2.73743e-07 0.00348529 0.0506925 2.12166e-10 
0.480933 0.000216104 0.0164665 0.0308811 0.0697534 0.000444704 0.000993049 0.0367866 0.0130403 3.92564e-05 0.0167125 0.00580939 8.86557e-05 0.0154825 0.124756 5.62289e-05 3.7924e-05 0.001145 0.102736 0.0411099 0.0424685 4.34806e-05 
0.334063 0.214077 8.39569e-05 0.176702 0.000222374 4.3931e-05 2.94686e-06 0.0718023 0.0101367 1.8236e-06 1.56699e-05 4.29089e-05 1.00575e-06 0.00328528 7.03641e-05 0.000183748 6.04057e-07 0.000119044 0.115596 0.00229481 0.0710345 0.000219411 
4.95964e-05 5.1572e-06 2.40131e-05 3.83229e-05 9.66737e-05 6.20925e-06 8.42682e-06 4.2635e-05 1.33862e-05 4.25015e-06 5.04393e-05 6.161e-06 0.999116 1.12256e-05 3.63469e-05 5.22011e-06 7.40578e-10 0.000322601 1.98013e-05 9.45253e-05 4.76715e-05 1.24494e-06 
0.0149749 0.00717814 0.00185327 0.0131069 0.455133 7.01394e-05 0.000384972 0.0157004 0.000908353 0.000325392 0.00107363 0.00284686 3.52706e-05 0.0302028 0.000964813 0.000119063 2.33161e-07 0.00646108 0.00366466 0.422843 0.0171593 0.00499401 
0.00824322 0.107033 0.000235625 0.0433885 0.039694 0.0527862 0.00359091 0.539258 0.0267704 7.20988e-06 0.00907137 0.11468 5.35854e-07 0.0170972 0.00108837 6.78908e-07 3.84946e-07 3.24151e-05 0.00506319 0.00956434 0.0223941 4.44773e-07 
0.0164336 0.00340116 0.315635 0.111264 0.0183881 2.94526e-05 1.33844e-07 0.0794186 0.0917922 3.92716e-07 7.84576e-07 0.0245731 3.9064e-07 0.0397106 0.00925605 1.84215e-07 2.1297e-10 0.0162224 0.167349 0.00175069 0.104775 4.71249e-09 
0.0154696 0.0338048 0.00214558 0.0469921 0.110623 0.0864017 0.109121 0.551543 0.00543126 6.33975e-05 0.00252219 0.0135585 3.88837e-05 0.00333534 9.88635e-05 0.00156807 7.73337e-08 0.000308498 0.00692352 0.000318396 0.00973175 1.70792e-07 
6.06041e-07 4.426e-05 9.74901e-07 4.61223e-06 1.98898e-05 3.3001e-05 0.000973987 8.54851e-05 1.90268e-05 1.51159e-12 4.42881e-10 5.50486e-07 0.998673 3.84753e-06 2.06918e-08 1.53382e-12 5.00704e-13 8.92594e-05 1.1947e-09 1.12145e-09 5.11116e-05 7.00836e-13 
0.0220741 9.08206e-05 0.0387963 0.0299312 0.694404 0.0002429 0.00985473 0.0698532 0.0136323 0.000959708 0.00496655 7.56762e-05 0.00470877 0.024121 0.00159038 9.4674e-06 8.61244e-08 0.000539745 0.0296898 0.00919764 0.0451598 0.000101943 
0.00746931 0.00465222 0.00049924 0.013493 0.0324007 0.88639 0.000687443 0.0162272 0.00449449 0.000296004 0.00025074 0.0076304 0.000377291 0.00496513 0.000382155 0.000395969 4.05947e-06 0.000172988 0.00165813 0.0139985 0.00353515 2.02327e-05 
0.224472 0.00455827 0.0054906 0.0103733 0.0256362 0.000196382 0.00103569 0.521819 0.0181807 0.000995981 0.00136721 0.00491635 0.000108404 0.00564062 7.64119e-08 1.94594e-07 6.35238e-08 0.000211026 7.21498e-05 0.0295109 0.141615 0.00379981 
0.0138578 0.000510365 0.00139978 0.806449 0.0112772 1.61236e-05 0.00545601 0.00779838 0.0217378 2.71523e-05 0.00990956 8.52549e-05 0.000220657 0.00857146 0.00381855 1.56324e-05 1.1896e-06 0.000190088 0.00338993 0.0800944 0.0248175 0.000356532 
0.310682 0.153814 0.00968545 0.0737288 0.0770214 0.000326433 0.00644419 0.0345097 0.0431612 0.00224752 0.00219919 0.0026028 0.0314262 0.055447 0.00126644 0.000281556 6.10605e-05 0.0155813 0.0323728 0.0113575 0.135706 7.74034e-05 
0.0448795 0.599855 2.60061e-06 0.000103773 0.224975 0.000191161 0.0139891 0.0186994 0.0515961 1.95757e-06 2.89241e-06 0.00834746 0.000254914 0.00164804 0.000138804 7.50912e-06 7.79747e-08 0.000190104 2.26013e-07 1.91874e-06 0.0350962 1.80711e-05 
0.0409363 0.140199 0.0135229 0.077572 0.0313225 0.00714121 0.0286308 0.0628908 0.0665179 0.00281276 0.000727678 0.00363574 0.232201 0.0377834 0.000925768 0.000429066 0.000294402 0.0103015 0.0125442 0.00769393 0.219723 0.0021937 
0.0318202 0.0044101 0.00295761 0.606789 0.0385652 0.000131462 0.00107054 0.0195988 0.0128549 5.24195e-05 0.0390405 0.000396535 6.21812e-05 0.0260015 0.0198251 0.0309276 3.4079e-05 0.000502902 0.0451749 0.040457 0.0719585 0.00736929 
0.0321922 0.00309485 0.00171251 0.0663386 1.68163e-07 1.90012e-08 0.184324 0.0474222 0.0359231 0.00058224 0.000706272 0.000286276 6.32048e-05 0.0233754 0.0181719 9.75564e-08 1.24636e-08 0.00025211 0.0117025 8.01638e-06 0.573822 2.27007e-05 
0.253871 0.0411311 1.80007e-07 0.286531 0.00106784 4.45294e-05 0.000241643 0.131651 0.0820595 2.92216e-06 0.000274788 3.98142e-07 8.27072e-05 0.00985254 0.00140273 2.02881e-07 5.51362e-10 1.70316e-05 0.0231535 1.71719e-06 0.168613 5.42395e-07 
0.0154696 0.0338048 0.00214558 0.0469921 0.110623 0.0864017 0.109121 0.551543 0.00543126 6.33975e-05 0.00252219 0.0135585 3.88837e-05 0.00333534 9.88635e-05 0.00156807 7.73337e-08 0.000308498 0.00692352 0.000318396 0.00973175 1.70792e-07 
0.0935322 0.0136392 0.00225614 0.131453 0.0027274 7.90605e-06 0.0172536 0.0246688 0.600093 5.5228e-05 0.00020427 0.000256705 5.89236e-08 0.0176918 0.00969072 2.09986e-08 6.49955e-12 3.20451e-05 0.0328956 0.00226129 0.0512804 9.09742e-12 
0.0346438 0.0267594 0.366933 0.0806375 0.0558737 0.00501668 0.117222 0.11089 0.0367686 0.000368851 0.00145295 0.0157983 0.0212518 0.0256306 0.00854256 1.07016e-06 3.26377e-07 0.000489802 0.00199313 0.0568129 0.0328914 2.18768e-05 
0.210119 0.0205064 0.000289363 0.00271348 0.000439408 0.000124527 0.613608 0.0192579 0.101981 5.26295e-05 1.75835e-06 0.00984364 0.000248646 0.000633798 0.000239913 9.99688e-06 5.56973e-08 0.000224185 0.00965049 2.33148e-06 0.00998754 6.60484e-05 
0.0664322 5.41048e-05 3.78392e-06 0.0551555 0.00820888 5.0127e-05 0.00014341 0.0879928 4.799e-05 2.02952e-08 0.0613284 0.202368 1.93633e-05 0.00568834 0.000131179 5.76664e-05 6.72265e-09 2.26763e-06 0.236497 9.82628e-05 0.275717 3.88287e-06 
0.00988412 0.00158559 0.0001482 0.0851578 0.00879993 8.49081e-07 4.39058e-06 0.00698467 0.00373764 1.34592e-06 0.0431349 2.45922e-06 0.00059695 0.000554419 0.0031583 5.17043e-06 2.2324e-07 1.7585e-06 0.791694 0.0045261 0.0399653 5.57522e-05 
0.018906 0.166855 0.000374009 0.0363199 0.0572462 0.00309466 0.0159736 0.427733 0.0372628 0.000405943 0.00528648 0.00637474 0.000359597 0.00190853 0.0118044 0.000801914 0.000127808 0.00135578 0.0253871 0.0023915 0.178386 0.00164462 
0.00819636 0.00855203 0.000241137 0.00904728 0.0163381 0.499455 0.0758886 0.294623 0.0107661 0.000100663 0.00209044 0.0402222 0.000232064 0.00470735 0.00192108 0.000149497 8.85773e-05 0.00347026 0.00260364 0.00598218 0.015155 0.000168837 
0.889203 0.00668646 0.000258973 0.0290391 0.000139997 1.16979e-05 0.00446977 0.00139917 0.00938802 0.000434173 0.000603288 0.00148212 7.5645e-07 0.0112991 0.00234779 1.60136e-07 5.97666e-08 1.86415e-06 0.0357209 1.23479e-06 0.00751202 1.6649e-07 
0.00819636 0.00855203 0.000241137 0.00904728 0.0163381 0.499455 0.0758886 0.294623 0.0107661 0.000100663 0.00209044 0.0402222 0.000232064 0.00470735 0.00192108 0.000149497 8.85773e-05 0.00347026 0.00260364 0.00598218 0.015155 0.000168837 
0.394148 0.0297811 0.00383253 0.0472791 0.150521 2.16091e-05 0.00074786 0.0356878 0.0281849 0.244962 1.18159e-07 0.000222422 6.83365e-06 0.0533059 7.46466e-08 0.00131376 2.33371e-08 5.59017e-05 0.0083519 2.57428e-06 0.00157511 9.76983e-08 
0.119718 0.0624223 0.00862257 0.0876931 0.0187412 9.73604e-05 0.0775484 0.0606483 0.0916797 0.00503724 0.0818281 0.0197883 0.000159387 0.064606 0.0334823 0.000334428 1.10446e-07 0.00435475 0.00786994 0.000806065 0.254478 8.47871e-05 
0.0343786 0.0449278 0.0116912 0.0217979 0.512813 0.00064159 0.000428351 0.0205399 0.0493634 0.000318771 0.037585 0.00571529 0.069281 0.00468773 0.00558872 1.37676e-05 1.97172e-06 0.0162131 0.0813029 0.0138989 0.0581178 0.0106937 
0.098534 0.0492855 0.0624137 0.190916 0.0172097 0.00427701 0.0128081 0.0941726 0.0536449 3.50296e-05 0.0191076 0.00267623 0.000309245 0.0298468 0.00299062 9.92255e-06 4.22062e-07 0.00305654 0.0433056 0.0268411 0.288557 2.18281e-06 
0.00133177 0.00136505 9.1031e-06 0.00668202 3.79576e-05 0.837309 0.000249439 0.0617174 0.047926 1.32413e-05 0.000486454 0.0218522 1.6154e-08 4.39793e-05 0.000657784 3.36616e-07 1.09149e-08 4.56178e-08 0.0028781 0.00405837 0.0133693 1.23167e-05 
0.099654 0.00935633 1.57984e-05 2.79081e-05 0.360718 0.000681704 1.51694e-05 0.0343351 4.51233e-05 1.19941e-05 4.63014e-05 5.01701e-05 8.68865e-05 0.00189625 0.257654 1.12808e-05 3.76327e-09 0.000158696 0.105621 0.0164165 0.113197 5.26745e-09 
0.284809 0.0131598 0.0107502 0.0569923 0.098787 0.000653782 0.0300878 0.059772 0.0266815 2.1198e-05 0.0033912 0.341187 0.000108319 0.0142405 0.00243991 1.36994e-07 8.03588e-11 7.92112e-07 0.00940883 0.00147242 0.046033 3.40287e-06 
0.00150736 0.00557229 0.000286921 0.0337411 0.00580867 9.99082e-05 7.06888e-05 0.854251 0.00306842 0.000548745 0.000241071 0.000161348 0.00105197 0.00547753 0.00257492 1.73341e-05 2.06267e-06 0.00993649 0.000221711 0.0270335 0.0481291 0.000198195 
0.0109181 0.0329639 0.00133419 0.0186452 0.0185365 0.00013404 0.0470143 0.0315609 0.157125 0.000217656 0.00767712 0.0029961 0.00215959 0.0241869 0.0471662 4.76015e-08 3.64145e-08 0.0158436 0.035269 0.00378605 0.542406 5.94402e-05 
0.021802 0.0716849 0.000245554 0.0102136 0.0254762 0.452174 0.0663101 0.226339 0.0219752 0.000165095 0.00159084 0.0405441 0.000210012 0.00636753 0.00298456 0.000150032 6.94494e-05 0.00364457 0.00379202 0.00521003 0.0389065 0.000144047 
0.0624586 0.0194285 0.0147039 0.106383 0.300819 0.00554121 6.83933e-07 0.0548689 0.0223034 0.0135916 0.0063575 0.0064965 0.00389688 0.0821018 0.00369287 0.00191293 6.83824e-07 0.00896246 0.0213431 0.241669 0.0219631 0.00150472 
0.0362957 0.0687206 0.0350321 0.0476372 0.162195 0.000171247 0.0154924 0.0141859 0.0497194 0.00116327 0.0012108 0.00742154 0.012946 0.122315 0.287862 8.98476e-08 6.52721e-10 0.018856 0.00723933 0.00763161 0.103822 8.37985e-05 
0.0432559 0.111605 0.00165172 0.092923 0.0836381 0.00555229 0.0731338 0.188344 0.0673327 0.000461634 0.0052934 0.0217327 0.00484659 0.0283289 0.00809485 0.000634115 0.000287619 0.0219236 0.036506 0.0628688 0.14127 0.00031514 
0.013645 0.0293706 0.00187938 0.278677 2.46457e-08 3.56936e-05 0.112992 0.0731769 0.143091 8.13825e-08 0.00149649 0.000351421 0.000739248 0.000562497 0.0069332 7.65398e-08 1.2449e-11 1.07731e-06 0.108484 1.71958e-08 0.228563 1.74249e-11 
0.0379448 0.225648 0.00185529 0.0138968 0.289598 0.000257682 0.0170232 0.0352896 0.00262376 0.00110076 0.000498198 0.00663584 0.000546717 0.017323 0.000818278 1.14133e-05 1.3289e-10 0.0136995 0.0062168 0.0576583 0.271353 1.41243e-06 
6.05999e-07 9.80894e-05 1.0808e-09 4.83963e-05 0.00014582 7.59429e-05 0.00180086 0.000227761 4.00964e-05 1.39292e-12 2.40177e-06 6.62572e-06 0.997391 3.84745e-06 1.68902e-06 1.41341e-12 4.61397e-13 8.75219e-05 4.1005e-05 1.84821e-09 2.80592e-05 6.45817e-13 
0.0605529 0.0681125 0.0225656 0.0536061 0.0455131 0.00152212 0.151774 0.430748 0.0148161 0.00234272 0.0113402 0.00319398 0.00562591 0.0229062 0.0056418 0.00242547 0.000339315 0.00154264 0.0208094 0.00513021 0.0657639 0.00372728 
0.0335614 0.0223091 0.00103048 0.171492 0.00274207 0.00279904 0.0116742 0.344924 0.140053 7.05829e-06 0.00891147 0.00314716 1.34708e-05 0.00490951 0.0200048 5.72271e-05 3.52542e-07 3.72848e-05 0.0791965 0.00576922 0.14736 5.93555e-07 
0.0221639 0.10579 0.00641871 0.00181455 0.593558 2.746e-07 0.00128905 0.0710775 0.000265085 4.91994e-10 0.00319464 0.00270441 0.000425268 0.060443 0.0122846 3.49742e-07 1.6297e-10 0.0621113 2.57924e-05 2.47951e-06 0.0564312 2.28109e-10 
0.122474 0.00635972 0.0017955 0.063477 0.55647 0.000303873 0.000373086 0.0160758 0.00111842 0.0060243 0.0104062 0.00764747 0.00750529 0.0736401 0.00925294 0.000166281 2.98635e-05 0.00698713 0.00777915 0.0200961 0.0342433 0.0477753 
0.209653 0.136484 0.00632044 0.11882 0.0104805 0.00778588 0.0199453 0.0286075 0.13299 0.00160334 0.0101823 0.00182902 0.00131043 0.0773697 0.0107373 0.00306858 0.000337681 0.00165711 0.0512469 0.0990672 0.0698864 0.000615891 
0.14973 0.0225336 0.000790158 0.0619839 0.136373 0.0158987 0.0269852 0.087654 0.00241056 0.000321223 0.343954 0.0291981 6.32117e-05 0.00418912 9.49085e-05 0.00772927 3.477e-05 0.00276088 0.0136813 0.000205956 0.00503003 0.088378 
6.05999e-07 9.80894e-05 1.0808e-09 4.83963e-05 0.00014582 7.59429e-05 0.00180086 0.000227761 4.00964e-05 1.39292e-12 2.40177e-06 6.62572e-06 0.997391 3.84745e-06 1.68902e-06 1.41341e-12 4.61397e-13 8.75219e-05 4.1005e-05 1.84821e-09 2.80592e-05 6.45817e-13 
0.0832974 0.403813 0.000762929 0.143059 0.00856782 0.000174545 0.00479031 0.0450836 0.107022 0.00603861 0.000448762 0.00159795 0.000786193 0.0122828 0.00247286 8.56332e-05 4.86255e-05 0.000788679 0.0616656 0.000497706 0.0932073 0.0235092 
0.044853 0.724028 3.71877e-06 5.66372e-06 0.0420307 0.000114444 0.00400093 0.0056183 0.129172 4.60888e-06 6.05262e-06 0.00087317 7.93416e-05 8.84485e-05 1.09805e-06 1.5067e-05 6.52256e-08 7.10358e-06 0.000371128 2.60724e-06 0.0486873 3.6498e-05 
0.0730773 0.0122415 0.00137848 0.10041 0.347526 1.09854e-05 0.000124642 0.0789847 0.0491187 0.00100799 0.00100359 0.000259371 0.000566873 0.0296248 0.096142 4.49346e-06 2.77452e-07 0.013041 0.00434864 0.0899454 0.10118 3.04585e-06 
0.70279 0.000448678 0.131434 0.00134728 0.00959549 3.50387e-06 0.000272306 0.000830066 3.3489e-06 0.000108522 4.68163e-05 0.0719491 7.05839e-08 0.0702813 3.34018e-05 2.50126e-05 4.23929e-08 0.000631128 3.00064e-07 1.70901e-05 0.0101827 5.93373e-08 
0.00819636 0.00855203 0.000241137 0.00904728 0.0163381 0.499455 0.0758886 0.294623 0.0107661 0.000100663 0.00209044 0.0402222 0.000232064 0.00470735 0.00192108 0.000149497 8.85773e-05 0.00347026 0.00260364 0.00598218 0.015155 0.000168837 
0.0593906 0.0441442 0.00173851 0.211663 0.00265537 2.05747e-06 1.12027e-07 0.0261143 0.134611 4.80528e-06 0.000981732 0.000618342 8.9467e-05 0.00207612 0.0139423 8.93187e-05 6.41267e-08 3.52718e-05 0.0210319 0.014643 0.466169 1.80334e-07 
0.0203711 0.457362 0.00025537 0.162857 0.00545525 0.00772537 0.0253463 0.0583198 0.0106893 0.000749511 0.000374412 0.0264923 0.0188029 0.00901051 0.0039074 0.00114483 2.49249e-05 0.0114982 0.0284526 0.0146006 0.136275 0.000285357 
0.0803822 0.0995074 0.00186042 0.117101 2.23165e-07 7.15623e-07 0.0126811 0.00545098 0.397814 1.14867e-07 0.00328231 6.83925e-08 4.90864e-11 0.00835317 0.0789034 9.03111e-11 2.94814e-11 3.21144e-07 0.14525 1.2153e-07 0.0494127 4.12652e-11 
0.0304389 0.0084282 0.00154593 0.171479 0.105791 0.0401999 0.0159918 0.264651 0.0494599 0.00128017 0.0198736 0.0991009 0.000252996 0.0285976 0.000249851 0.00141038 1.4968e-05 0.000477962 0.0243638 0.0775719 0.0587712 4.89219e-05 
0.0786163 2.16142e-06 0.00246426 0.124339 0.0173569 0.000131683 0.00192052 0.0719715 0.0173626 3.92895e-07 0.0239155 1.4629e-07 2.26913e-06 0.0273662 0.562277 0.00122448 1.30144e-07 0.000151378 0.00489495 0.000113258 0.0656928 0.000196993 
0.159191 0.0803373 0.00210296 0.0743159 0.00312355 3.09148e-05 0.0283771 0.0152233 0.454326 0.000232055 0.000346174 0.000577901 3.82664e-05 0.0162425 0.0386781 1.41086e-08 1.01315e-11 0.000685861 0.0506454 0.000904687 0.074621 1.41811e-11 
0.00218619 0.0334148 0.000422673 0.0497958 0.000808154 2.80923e-05 8.39412e-06 0.571593 0.053544 3.63261e-06 1.81284e-05 0.000182107 0.000405163 0.00140194 0.00049929 3.17747e-06 1.2767e-08 0.00011652 0.00302177 0.013792 0.268755 4.71568e-08 
0.182701 0.000728597 0.00219974 8.86344e-05 0.76945 4.61667e-05 0.000165141 0.00231005 0.000145916 0.00108008 0.0133614 7.20862e-05 0.000648357 0.00960556 0.00684057 2.89002e-07 9.43426e-08 0.0026777 0.0058862 4.94285e-05 0.00192384 1.89458e-05 
0.0280496 0.0116327 0.00230219 0.377599 0.00161276 7.90322e-06 0.000282708 0.144082 0.00821507 6.35857e-05 0.00123198 0.00261898 0.000193658 0.0191366 0.00150349 0.000518287 2.02263e-06 0.0361381 0.0484998 0.0117725 0.304446 9.17746e-05 
0.0519246 0.0485771 0.00927168 0.0478827 0.0441533 0.000120174 0.000765943 0.278234 0.0127283 0.00146542 3.91644e-05 0.000512593 5.63939e-07 0.0124001 0.136611 1.27091e-06 3.30858e-10 0.0059309 0.0031484 0.0106571 0.335576 4.15457e-08 
0.0440586 0.0334717 0.0125738 0.070708 0.041366 0.000100042 2.39461e-05 0.156871 0.0145992 2.65573e-05 0.0585732 0.00260364 4.17077e-05 0.0196436 0.000361755 7.57456e-08 1.19506e-08 0.000442803 0.00934203 0.512138 0.0230541 2.72097e-08 
0.0444955 0.00393572 0.00170704 0.0852591 0.0191792 0.00298696 0.546781 0.0930424 0.0120497 0.0096433 0.00637304 0.00780929 0.000445206 0.0954163 0.00419021 0.00107833 4.60864e-05 0.000799207 0.0119356 0.00317555 0.0491331 0.000518066 
0.199137 0.0528485 1.66975e-06 0.00175069 0.592835 1.58265e-06 0.00346934 0.000342326 2.0612e-05 4.9407e-06 0.00576368 9.22285e-07 3.47655e-06 0.00905707 1.88864e-05 1.35286e-08 4.41633e-09 0.00864978 4.75659e-06 0.110819 0.0152705 6.18153e-09 
0.306596 0.000806529 0.000866787 0.46012 0.000728606 1.05589e-05 1.38783e-06 0.0631478 0.0130614 1.95064e-08 8.7223e-05 3.95643e-05 1.07582e-08 0.00487025 0.0315825 1.26799e-05 6.46139e-09 9.9545e-06 0.0303921 0.0153318 0.0723345 1.59509e-08 
0.0119499 0.843806 1.43615e-05 0.000726702 0.000631802 3.02102e-09 0.000359725 0.00468012 0.00486677 1.83032e-09 0.000138373 0.000113121 0.000591637 0.000317075 9.23709e-06 1.37591e-09 2.24466e-13 1.04051e-05 0.0090614 1.93485e-09 0.122724 1.28847e-09 
0.0278754 0.0249487 0.00171511 0.274178 0.00244844 0.000882471 0.00261796 0.0892453 0.0522624 0.000344504 0.00996835 0.00276584 0.000867803 0.0239837 0.00281273 0.000903275 0.000227491 0.0110177 0.0639475 0.00924082 0.396672 0.00107531 
0.201224 0.00655122 0.0637005 0.34341 0.00208733 7.54985e-05 0.000763572 0.0464383 0.000580672 8.1808e-05 0.00163857 0.0284788 0.000107074 0.0402006 0.00434345 3.89853e-05 4.66782e-06 0.0246722 0.0196238 0.0441151 0.171173 0.000691261 
0.00133177 0.00136505 9.1031e-06 0.00668202 3.79576e-05 0.837309 0.000249439 0.0617174 0.047926 1.32413e-05 0.000486454 0.0218522 1.6154e-08 4.39793e-05 0.000657784 3.36616e-07 1.09149e-08 4.56178e-08 0.0028781 0.00405837 0.0133693 1.23167e-05 
0.00133177 0.00136505 9.1031e-06 0.00668202 3.79576e-05 0.837309 0.000249439 0.0617174 0.047926 1.32413e-05 0.000486454 0.0218522 1.6154e-08 4.39793e-05 0.000657784 3.36616e-07 1.09149e-08 4.56178e-08 0.0028781 0.00405837 0.0133693 1.23167e-05 
0.295603 0.0212564 0.00999783 0.0366039 0.201388 0.00208338 0.000884536 0.0883247 0.0410053 1.31144e-05 0.00218411 0.00114912 8.79577e-07 0.0296714 0.000339431 4.34067e-07 5.20115e-09 5.87484e-05 0.123644 0.121606 0.0230058 0.00117979 
0.00961332 0.0200835 0.00104252 0.0389343 0.00298263 0.016637 0.0165602 0.23034 0.0922167 1.02756e-05 0.00245427 0.067168 0.0179524 0.0153956 0.000934862 1.3162e-05 3.99027e-06 0.0107461 0.00264106 0.431556 0.022709 5.24471e-06 
0.233336 0.000573596 0.0028326 0.0108028 1.29872e-06 1.34074e-07 0.0397208 0.00370336 0.255012 5.4014e-05 0.00204324 2.14697e-07 4.21552e-05 0.171786 0.000269987 3.10456e-06 1.26556e-07 0.226965 0.0484171 2.31179e-05 0.00441413 1.42608e-07 
0.0512741 0.123742 0.00927541 0.0715079 0.439091 0.000985153 0.0102336 0.0810861 0.00119209 2.45944e-09 0.048639 0.0227662 0.000187958 0.00464412 0.000325255 0.000666987 8.14677e-10 0.00013163 0.0076868 0.0389241 0.0278806 0.0597601 
0.0267596 0.0203391 0.00182018 0.141991 0.0093745 0.012816 0.00666278 0.205734 0.0252681 0.000856132 0.00463501 0.00097975 0.00150308 0.0691297 0.0262673 0.000757258 0.000182888 0.00514061 0.163235 0.138569 0.135535 0.00244407 
0.0730773 0.0122415 0.00137848 0.10041 0.347526 1.09854e-05 0.000124642 0.0789847 0.0491187 0.00100799 0.00100359 0.000259371 0.000566873 0.0296248 0.096142 4.49346e-06 2.77452e-07 0.013041 0.00434864 0.0899454 0.10118 3.04585e-06 
0.000460991 0.392902 0.00030191 0.0701504 0.24656 9.04914e-06 6.21472e-06 0.00125413 0.0273324 0.0026741 0.000732775 1.06257e-07 0.000260816 0.00106767 2.37669e-06 6.67836e-05 1.05131e-07 2.34577e-06 0.132484 0.000146101 0.123582 2.94841e-06 
0.202689 0.058176 0.000631761 0.0413468 0.183083 0.0176863 0.00190602 0.238489 0.0446106 0.000486852 0.0720844 0.021366 4.25888e-06 0.0106698 0.00959926 0.000224056 2.91266e-07 0.0309401 0.0507567 0.000136082 0.0151026 1.15058e-05 
0.199137 0.0528485 1.66975e-06 0.00175069 0.592835 1.58265e-06 0.00346934 0.000342326 2.0612e-05 4.9407e-06 0.00576368 9.22285e-07 3.47655e-06 0.00905707 1.88864e-05 1.35286e-08 4.41633e-09 0.00864978 4.75659e-06 0.110819 0.0152705 6.18153e-09 
4.95964e-05 5.1572e-06 2.40131e-05 3.83229e-05 9.66737e-05 6.20925e-06 8.42682e-06 4.2635e-05 1.33862e-05 4.25015e-06 5.04393e-05 6.161e-06 0.999116 1.12256e-05 3.63469e-05 5.22011e-06 7.40578e-10 0.000322601 1.98013e-05 9.45253e-05 4.76715e-05 1.24494e-06 
0.00255425 0.00585298 6.76065e-06 0.0996133 0.00101954 0.00120029 0.0002119 0.687507 0.00540791 8.51142e-07 0.00557742 7.71981e-05 4.76018e-05 6.85069e-05 0.0031693 0.000119066 3.59572e-08 9.77968e-06 0.0146285 0.0348641 0.138064 5.80507e-08 
0.333972 0.0215287 1.11523e-06 0.0930348 0.24796 1.41451e-07 0.000793623 0.0529797 0.0268504 0.0277946 4.5182e-06 2.73873e-07 0.0322519 0.131097 0.000745191 1.2564e-06 3.87268e-08 8.69295e-08 0.00171691 0.0079845 0.0212828 1.61765e-07 
0.0295855 0.00304931 0.00128896 0.169098 0.0350572 8.45969e-05 0.00331501 0.0498432 0.125589 2.45055e-05 0.00490253 0.00354423 0.000751275 0.0259403 0.0464921 1.46514e-05 3.57046e-06 0.000170163 0.00829262 0.30118 0.191735 3.81648e-05 
0.0330867 0.00317604 0.000325731 0.06173 0.00073649 0.043981 0.0823133 0.130165 0.0144828 0.00296584 0.00025145 0.395132 0.00183598 0.0200772 0.00683641 4.81892e-06 6.51459e-07 0.000426955 0.00701026 0.00257596 0.187032 0.00585306 
0.112317 0.020151 0.00592384 0.134582 0.00239316 0.0117723 0.00018332 0.0527955 0.290581 0.000243156 0.000547734 6.04603e-05 4.09146e-05 0.0257625 0.0619313 0.000176529 2.52683e-08 0.0652859 0.00628955 0.00506806 0.203894 4.22063e-07 
0.0435218 0.683538 0.00017994 0.0568538 0.0292543 7.15201e-06 0.00043799 0.0787411 0.0513368 4.91278e-06 5.17282e-05 5.61576e-05 2.80587e-05 0.000567859 0.000295951 1.20634e-06 1.03545e-06 2.36391e-06 0.0113853 0.00042447 0.0433042 5.33052e-06 
0.0682354 0.165374 7.05978e-06 0.0240957 0.477939 5.71373e-07 0.0138761 0.032856 0.0684711 4.37032e-07 0.0194561 2.52229e-06 6.18705e-06 0.103023 0.0265776 1.88105e-08 6.14055e-09 1.1768e-06 4.34937e-05 1.27165e-05 5.19649e-06 1.67783e-05 
0.0307528 0.0289928 0.00224344 0.0746129 0.0105354 0.0135016 0.0989973 0.218898 0.00925538 0.00059552 0.137331 0.255779 8.77453e-05 0.00388337 0.000579186 0.000117394 2.63982e-05 0.000182611 0.0450125 0.00396292 0.0104511 0.0542025 
0.110744 0.012571 0.00128705 0.0108176 0.616465 0.000830121 0.000194813 0.0883731 0.00129661 0.000483115 0.00264395 0.00468345 0.00602213 0.0535605 0.00255178 0.000285571 0.000135695 0.000546688 0.00513222 0.0495382 0.0314217 0.000415494 
0.00772066 0.01914 0.000377606 0.013304 0.00541278 0.0144942 0.0574804 0.323657 0.00667803 3.7072e-05 0.00873094 0.00740056 0.477437 0.00399905 2.74468e-05 0.000880619 4.17899e-08 0.00576534 0.0156489 0.000116053 0.0316902 1.82647e-06 
0.250212 0.0299535 0.0030376 0.064856 0.00777277 0.11943 0.114532 0.0747751 0.0310622 0.000205843 0.00645269 0.220986 0.000975767 0.0098327 0.00650382 0.000845688 0.000140857 0.00163473 0.013268 0.000901171 0.0424464 0.000174248 
0.0321922 0.00309485 0.00171251 0.0663386 1.68163e-07 1.90012e-08 0.184324 0.0474222 0.0359231 0.00058224 0.000706272 0.000286276 6.32048e-05 0.0233754 0.0181719 9.75564e-08 1.24636e-08 0.00025211 0.0117025 8.01638e-06 0.573822 2.27007e-05 
0.0354274 0.0141153 0.0263424 0.269933 0.00836561 1.29815e-05 0.0123717 0.0741226 0.326545 1.43268e-05 0.000486573 0.0133763 0.000766042 0.0620822 0.000397818 1.01851e-05 7.66314e-08 0.028347 0.0029195 0.11227 0.01209 4.14861e-06 
0.384086 0.378129 4.06642e-05 0.00122816 0.121081 4.57517e-06 6.69811e-05 0.000852798 0.0268436 3.57109e-06 0.000141654 0.000349933 0.00476393 0.0366024 0.000635807 2.08822e-05 3.4857e-06 0.000771876 0.0338406 1.67632e-05 0.0104547 6.23259e-05 
0.427281 0.00712413 1.93551e-06 0.0829174 0.0222261 5.00626e-07 0.00338402 0.0198762 0.0105565 0.0010025 0.00122998 4.97e-07 0.00147518 0.0574826 0.0156773 4.22065e-07 2.82559e-07 0.0183258 0.117298 0.0172963 0.196826 1.73492e-05 
0.0278368 0.446465 3.88568e-05 0.120245 0.00398073 5.37503e-05 0.000111019 0.0336336 0.0786703 6.91406e-07 0.00144546 0.0048225 0.000131851 0.0107524 0.0146971 5.40121e-08 4.43423e-09 2.9253e-05 0.0286412 7.62774e-06 0.228426 1.13452e-05 
6.06041e-07 4.426e-05 9.74901e-07 4.61223e-06 1.98898e-05 3.3001e-05 0.000973987 8.54851e-05 1.90268e-05 1.51159e-12 4.42881e-10 5.50486e-07 0.998673 3.84753e-06 2.06918e-08 1.53382e-12 5.00704e-13 8.92594e-05 1.1947e-09 1.12145e-09 5.11116e-05 7.00836e-13 
0.423646 0.0272302 0.0844859 0.00938881 0.104787 9.67748e-07 0.00646041 0.0799171 0.00587387 0.0107984 0.00235155 0.0379009 0.000164254 0.0249963 0.0435659 2.2616e-06 1.21264e-07 6.75448e-05 0.0940906 0.000585759 0.0436859 3.16317e-07 
0.0189802 0.000306519 0.000217066 0.264316 0.211537 3.5707e-07 1.19743e-06 0.017362 0.000780371 0.00396348 0.176554 0.00436029 0.00020699 0.152448 0.000118251 5.36949e-06 4.11633e-08 0.00222331 0.0306326 0.0714109 0.0445739 9.56047e-07 
0.0923279 0.190644 0.00195485 0.0459093 0.000143654 5.76885e-05 0.0162961 0.00706163 0.0980535 2.75174e-05 0.00656505 1.7319e-05 0.000809728 0.0430866 0.0500796 1.01414e-08 2.01356e-12 0.0110583 0.132385 0.000179209 0.303343 5.55704e-09 
0.00824322 0.107033 0.000235625 0.0433885 0.039694 0.0527862 0.00359091 0.539258 0.0267704 7.20988e-06 0.00907137 0.11468 5.35854e-07 0.0170972 0.00108837 6.78908e-07 3.84946e-07 3.24151e-05 0.00506319 0.00956434 0.0223941 4.44773e-07 
0.00345357 0.00339173 1.14355e-07 0.0507501 3.86315e-05 2.85339e-06 0.00049363 0.739095 0.00576243 5.80879e-06 0.000542438 1.83786e-06 6.18759e-05 0.000249652 0.0143481 1.53599e-05 5.51323e-11 0.000187189 0.0308751 0.0191305 0.131594 3.51247e-08 
0.117876 0.00827189 0.00558405 0.0254741 0.525118 2.84826e-05 2.07652e-05 0.0433043 0.00148847 0.00379928 0.000470038 6.57568e-05 0.00256456 0.0626455 0.00269427 0.0340084 1.29038e-06 0.0507729 0.00678543 0.108707 0.000313631 5.71295e-06 
0.225578 0.0122864 0.0653177 0.0261984 0.0211657 2.1951e-05 6.31596e-05 0.0401186 0.00251814 0.000631555 0.104065 0.257379 1.33908e-07 0.225852 3.14403e-05 2.46369e-07 8.04253e-08 0.00140742 2.29866e-05 0.00100885 0.0162726 6.02395e-05 
0.0097238 0.265875 0.000999693 0.00952591 0.0556902 0.427733 0.00900959 0.106991 0.0132868 0.00102543 0.00239014 0.0113387 0.000257748 0.00543176 0.00319779 0.000424094 0.000225585 0.0051541 0.00810721 0.00405411 0.0502394 0.00931878 
0.0298076 0.0703991 0.000909196 0.0385119 0.00414181 0.568531 0.0671294 0.0526161 0.0355378 0.0015901 0.00298221 0.0127074 0.000948317 0.0247823 0.0137354 0.00170701 0.000547856 0.000583652 0.0103561 0.00571185 0.0560761 0.000688048 
0.0762942 1.56573e-06 0.00189607 0.0124707 0.595474 7.2233e-05 7.90809e-06 0.00790861 0.013039 5.15121e-07 0.000947053 4.01236e-08 4.45859e-07 0.072902 0.0461001 1.58949e-07 7.23881e-11 0.00194819 0.0811781 0.0637704 0.0259884 2.01193e-07 
0.000418293 0.00154091 1.01327e-08 0.0736257 0.000402138 6.94467e-06 6.7932e-09 0.688681 0.0151851 2.96887e-05 5.02483e-06 5.24446e-06 0.000104412 0.00442516 0.000725294 5.99719e-09 1.55057e-12 1.79831e-06 0.00129863 0.0615448 0.151999 8.17918e-07 
0.0472902 0.0931696 0.00639084 0.240455 0.00765585 2.09095e-05 5.59164e-08 0.00527239 0.00772702 1.6669e-05 0.000341491 0.0013365 4.46182e-11 0.00592679 0.00203851 5.35336e-08 2.67978e-11 0.000179642 0.0212446 7.84755e-08 0.560934 4.30335e-08 
6.63168e-05 0.00142689 6.64508e-09 0.00806367 0.00019138 1.38784e-05 3.98442e-09 0.888166 0.00198269 3.0233e-06 1.00328e-05 4.79836e-07 2.16573e-08 0.000269916 0.00054299 3.9315e-09 4.32272e-13 3.59217e-06 0.000100591 0.042419 0.0567401 9.66944e-10 
0.105156 0.161458 0.000208927 0.0383643 0.0130068 3.03696e-05 9.47241e-05 0.0764028 0.129854 2.55975e-06 0.000209204 0.00435413 0.000172715 0.00138304 1.75826e-06 4.4022e-06 7.21064e-09 0.000745396 0.00115301 0.00106373 0.466332 1.10644e-06 
0.0741863 0.0348575 0.00541125 0.185281 0.0113048 0.0140493 0.00548118 0.463887 0.0250513 0.0059061 0.00450186 0.0183042 0.00130127 0.0365032 0.00181313 0.00232953 0.000852079 0.00925885 0.00822001 0.0263552 0.0532011 0.011944 
0.0170781 0.0140052 1.35125e-05 0.0522712 4.43623e-08 0.00336517 0.00859896 0.170085 0.0655357 2.29442e-07 8.57405e-05 0.0022515 2.8457e-08 0.00279405 0.241265 3.91288e-07 1.08341e-10 0.000713015 0.0111825 0.0150162 0.395738 1.51644e-10 
4.95964e-05 5.1572e-06 2.40131e-05 3.83229e-05 9.66737e-05 6.20925e-06 8.42682e-06 4.2635e-05 1.33862e-05 4.25015e-06 5.04393e-05 6.161e-06 0.999116 1.12256e-05 3.63469e-05 5.22011e-06 7.40578e-10 0.000322601 1.98013e-05 9.45253e-05 4.76715e-05 1.24494e-06 
0.0421643 0.0153587 0.0436763 0.401431 0.104153 0.0637156 0.0179305 0.00200433 0.111425 0.0081911 0.0190637 0.0108705 0.040224 0.0496111 0.0469094 0.000762806 9.53545e-07 9.53938e-07 9.53865e-07 0.0170698 9.54053e-07 0.00543478 
0.0256217 0.00451861 0.0036171 0.0898031 0.000523972 0.000785909 0.0315407 0.0762154 0.0768031 0.000130919 0.0024048 0.00109654 0.00513669 0.0156533 0.00772351 0.0034651 1.63651e-07 0.533723 0.030777 0.0122579 0.0780541 0.000147412 
0.00722827 0.015996 0.00201092 0.0715917 0.0372674 0.0446108 0.0183404 0.492328 0.0535053 5.3176e-05 0.00158206 0.0560291 0.000830655 0.00286573 0.00480862 0.000818372 3.39638e-05 0.000296798 0.00934708 0.143828 0.0365305 9.6414e-05 
6.63168e-05 0.00142689 6.64508e-09 0.00806367 0.00019138 1.38784e-05 3.98442e-09 0.888166 0.00198269 3.0233e-06 1.00328e-05 4.79836e-07 2.16573e-08 0.000269916 0.00054299 3.9315e-09 4.32272e-13 3.59217e-06 0.000100591 0.042419 0.0567401 9.66944e-10 
0.114689 0.102764 0.105756 0.0112336 0.17264 0.00232765 8.38121e-05 0.0830596 0.0124142 0.000162656 0.00136629 0.0607056 0.00380698 0.0200244 0.00428883 1.54742e-06 9.59539e-07 0.0397019 0.0012139 0.000278836 0.263465 1.50465e-05 
0.0367698 0.0174063 0.000187662 0.00449564 0.0528932 0.0198039 0.0863162 0.521367 0.0986061 4.51575e-05 0.0212849 0.00180691 7.39647e-05 0.00801328 0.00920084 0.000236177 4.21319e-05 0.00566278 0.0064412 0.00118771 0.107706 0.000452796 
0.120713 0.000247943 0.000197863 0.139335 0.471628 4.85494e-05 4.1338e-06 0.016969 0.0193248 2.43236e-06 0.00019014 0.0108296 2.16663e-05 0.0556733 0.0313768 0.00719654 1.40533e-06 2.63808e-06 0.000654215 0.123046 0.00253471 1.48566e-06 
0.0200795 3.35449e-05 0.0131051 0.379246 0.00972876 6.95187e-07 0.0223609 0.0789041 0.016055 2.54652e-05 1.93117e-06 1.2506e-05 7.16104e-06 0.1161 0.10234 3.43049e-07 2.61387e-09 2.81935e-05 0.123012 2.69425e-05 0.118932 3.65864e-09 
0.00971887 0.00362907 0.0193284 0.0757247 0.0139253 0.00332924 0.0161219 0.146628 0.0270921 0.00231007 0.0013746 0.377709 0.00156885 0.160657 0.0153181 0.00120587 0.000258926 0.00566619 0.0464981 0.00183622 0.068305 0.00179407 
0.0120705 0.422421 0.000239955 0.0349486 0.000204979 0.000654672 0.000386881 0.340547 0.0549648 0.00506812 0.00102242 0.0024593 1.12066e-05 0.00089126 0.000765827 0.000669992 7.9608e-06 6.56184e-05 0.00798453 0.0337465 0.080859 1.01321e-05 
0.613469 0.0258607 0.000381027 0.0163861 0.0503562 6.69842e-05 0.0201724 0.0145058 0.0028798 0.00512743 0.0299537 0.000458255 1.69881e-06 0.0388834 0.00661244 8.06021e-08 3.59037e-10 3.56792e-05 0.119583 0.0122732 0.0429921 2.99565e-08 
0.0566133 0.0424091 0.000348896 0.101507 0.00735585 7.21761e-05 0.0471529 0.153747 0.0256247 0.000945211 0.0190513 0.188475 0.0337475 0.00904955 0.175637 0.000288987 6.70586e-05 0.000169378 0.110052 0.00453209 0.0229636 0.000189528 
0.00133177 0.00136505 9.1031e-06 0.00668202 3.79576e-05 0.837309 0.000249439 0.0617174 0.047926 1.32413e-05 0.000486454 0.0218522 1.6154e-08 4.39793e-05 0.000657784 3.36616e-07 1.09149e-08 4.56178e-08 0.0028781 0.00405837 0.0133693 1.23167e-05 
0.232302 0.0422117 0.00220834 0.0182342 0.380578 0.000792204 0.00463873 0.0402972 0.01325 4.14082e-05 0.0317064 0.00896438 0.00548102 0.00850429 0.0041298 0.0003928 1.49895e-05 0.00482801 0.00685808 0.135438 0.0585393 0.000588295 
0.03711 0.0486034 0.00101068 0.0057575 0.596796 0.000196088 0.000977839 0.00312646 0.0678822 2.74467e-07 0.0489222 4.0332e-05 2.66042e-06 0.170812 9.0217e-06 0.000664778 9.09155e-08 5.4162e-07 0.00765348 8.02958e-06 2.09769e-05 0.0104052 
0.0272923 0.00185197 0.00415821 0.270856 5.94437e-08 1.0135e-07 0.00703587 0.0178746 0.243067 2.95995e-05 0.000118248 0.00122402 0.000260522 0.000677342 0.0130685 4.0643e-05 3.3625e-11 8.66523e-06 0.280186 0.000768748 0.131483 4.70649e-11 
0.043054 0.00326371 0.00144938 4.64406e-05 0.939131 0.0008794 0.000307858 3.35942e-05 7.64583e-05 2.65257e-05 0.000554668 6.21113e-06 0.000108955 0.00740459 0.000109917 7.04201e-08 2.29882e-08 0.000114373 0.000125889 0.00105936 0.00187319 0.000373938 
0.036293 0.0198728 0.00120014 0.0199496 0.202475 0.402591 0.0377592 0.0466873 0.0285315 0.00111994 0.00042426 0.0961766 0.00526937 0.0225652 0.00666073 0.000527205 0.000355357 0.00190441 0.00434407 0.00505198 0.0525127 0.00772818 
0.0228778 0.141495 0.000510211 0.0815016 0.00299718 0.0129023 0.0114393 0.106407 0.042273 0.00448711 0.00258439 0.00464627 0.0004868 0.00718674 0.0025707 0.00131817 0.000158277 0.00995693 0.476285 0.00039722 0.0449835 0.0225352 
0.0285113 0.115352 9.27599e-05 0.0477748 0.0225641 0.139469 0.00867829 0.354758 0.0152634 0.00196725 0.0155248 0.106588 0.000250903 0.00436578 0.0135095 9.12009e-05 4.34327e-05 0.0171547 0.0176042 0.00971258 0.0695489 0.0111757 
0.00518513 0.00151201 0.00498405 0.421153 0.000685319 1.90734e-06 1.22392e-05 0.359685 0.00396572 0.00162092 0.00208639 2.12786e-06 4.44116e-06 0.00280415 0.000152057 3.61947e-06 2.4056e-09 0.000373199 0.00139348 0.020251 0.0507806 0.123344 
0.054884 0.0108566 0.000165648 0.0053207 0.0156164 0.000245834 0.00611183 0.722265 0.00692354 0.000673957 0.00726933 0.0955909 9.28777e-05 0.00310508 0.0100356 2.09635e-05 6.14583e-06 0.0242158 0.00197873 0.00337894 0.0312278 1.47723e-05 
0.0692314 0.485194 2.03218e-08 0.000312066 0.0359527 8.55008e-08 3.08503e-07 0.00240764 0.279712 5.18016e-08 2.57137e-08 5.81995e-07 1.10016e-07 0.000180159 1.53599e-09 5.06622e-05 6.35283e-12 2.60584e-08 4.54224e-07 1.64827e-05 0.126942 3.64662e-08 
0.113942 0.174665 0.0016596 0.0332138 0.0646942 0.00132537 0.385859 0.0816508 0.0312445 9.24633e-06 0.00120787 0.00121769 1.23754e-06 0.0633577 1.4407e-08 0.000657972 1.35936e-09 0.00114644 0.00940062 1.32701e-06 0.0347456 1.9027e-09 
0.0107245 0.0308269 0.00270848 0.0198701 0.00899381 0.00018455 0.00130101 0.0579213 0.0210731 1.72484e-05 0.0624112 0.000396495 0.0381425 0.002917 0.00229035 1.66598e-05 1.17545e-06 0.00701729 0.0561311 0.566383 0.110669 3.42028e-06 
0.0197446 0.00714818 6.91732e-05 0.0306807 0.000872608 0.00530026 0.0448012 0.513812 0.0837951 0.000679255 0.00391436 0.000700122 0.000139564 0.00937314 0.00732181 2.06627e-05 3.05523e-06 0.0158681 0.0242088 1.85907e-05 0.231524 4.3696e-06 
0.00453831 3.01468e-05 0.931375 0.00325114 0.00274176 1.80027e-05 4.40511e-05 0.00144862 0.00015987 1.30605e-05 0.000145459 1.80239e-05 0.00159512 0.0161546 0.00108157 1.58611e-05 2.81504e-07 0.0246724 0.000945536 0.00999505 0.0017517 3.96963e-06 
0.00149776 0.0849734 2.71817e-07 0.0560356 0.0409216 0.00286792 0.000293324 0.0450384 0.0390654 2.5448e-07 0.0135209 0.00583692 0.0056656 0.0120372 0.621649 2.58222e-07 8.42949e-08 0.000169073 0.069961 0.000437446 4.34368e-06 2.37905e-05 
0.009491 0.000943618 0.000422679 0.0738988 0.00428354 9.53359e-06 7.42697e-08 0.774736 0.00884455 3.16184e-06 5.9552e-06 0.000142328 4.03689e-07 0.000714952 0.000300655 6.71916e-08 9.19836e-12 3.62565e-06 0.000313696 0.0181898 0.107696 1.80252e-08 
0.0950538 0.4204 0.00125306 0.0294317 0.109722 9.93714e-05 0.0197274 0.117556 0.0516917 8.43596e-05 0.0103681 0.000664843 0.00030692 0.0402322 0.00483781 0.000100856 5.73864e-07 0.000170931 0.0395249 2.56589e-05 0.0586957 5.21172e-05 
0.0817728 0.00881528 0.00413631 0.10246 0.0807453 0.000178821 0.00314911 0.277175 0.00457014 0.000157816 0.176304 3.55299e-06 0.000843624 0.0299638 0.00958311 0.000202881 6.21422e-07 0.00330958 0.0813656 0.000686832 0.134154 0.00042204 
0.0495897 0.03229 0.00797241 0.202641 0.0135234 0.010944 0.0458521 0.221067 0.0544303 0.00163985 0.0064175 0.118089 0.00974161 0.0783255 0.00637934 0.00804119 0.00140415 0.0162994 0.0126502 0.0171656 0.0837957 0.00174053 
0.0868293 0.00198671 0.00135625 0.0285042 0.112342 0.0150162 0.0796205 0.187285 0.0154805 0.000625413 4.5896e-07 0.377742 0.0260146 0.00668008 0.00674516 6.87483e-05 7.58173e-08 0.00180274 0.00756677 0.00382641 0.0388431 0.00166347 
0.182933 0.0987492 0.00159624 0.00517188 0.10647 0.000621247 0.000881439 0.352381 0.00800546 0.000485121 0.0184363 0.00322098 0.000618819 0.0696374 0.0484944 5.94201e-05 3.36139e-06 0.00574391 0.02873 0.000644079 0.0670951 2.24039e-05 
0.0147724 0.00960437 5.28292e-07 0.00212087 0.00702631 0.000141238 3.38325e-07 0.892564 0.00251791 2.1783e-06 3.43774e-06 3.66422e-07 1.83656e-06 0.000598459 0.000152819 3.1513e-07 1.04763e-09 7.80938e-05 0.00153194 0.0562863 0.0124906 0.000105627 
0.0295331 0.105032 0.419641 0.00739102 0.00385053 1.18212e-05 0.0464691 0.0459815 0.0447771 3.67029e-05 0.0508467 0.000640381 0.140048 0.0159285 0.00290228 1.84219e-05 3.39476e-08 5.35242e-06 0.00860393 9.61014e-06 0.0781998 7.34671e-05 
0.001581 0.0383868 0.000760987 0.0480202 0.819306 6.94154e-06 0.00156246 0.0111385 0.0404424 7.78801e-07 0.000856057 0.000167587 9.46947e-05 0.011602 0.012874 5.17998e-05 2.57973e-07 2.59455e-06 0.00454283 0.000244161 0.00835754 3.61085e-07 
0.0412051 0.000771553 0.00270365 0.0233585 0.0139175 0.000118644 0.00380055 0.00499405 0.00195655 4.23684e-05 0.000146616 0.00113978 0.772018 0.0472165 0.000948064 1.47171e-06 1.22901e-06 0.0313704 0.00925312 0.0297251 0.0153085 2.87242e-06 
0.0246552 0.367421 0.000293652 0.114625 0.0125713 0.000115727 0.0244628 0.0203765 0.116783 5.9472e-05 0.000415718 0.000128111 7.56811e-05 0.0223664 0.00441979 8.23929e-05 2.92205e-05 0.0212905 0.070519 0.000179842 0.199057 7.20995e-05 
0.0656641 0.0136724 0.00429075 0.155023 0.00252812 0.0299348 0.0055855 0.0553687 0.0176427 0.000418981 0.00170239 0.0212819 0.00668863 0.0332857 0.428371 0.00190339 0.000122895 0.00672872 0.12289 0.00197202 0.0247 0.000223756 
0.0393752 0.202611 0.00290685 0.278929 0.0135277 0.00434692 0.0971579 0.144193 0.0617443 0.00011096 0.0104426 0.00876704 0.0010513 0.0226971 0.000103802 0.000273881 3.12728e-05 0.001741 0.0215342 0.000527894 0.0878214 0.000105751 
0.0213888 0.0079609 0.00458571 0.0853261 0.160759 0.00014543 0.00554753 0.463543 0.0150963 0.000223089 0.00360979 0.0096661 0.0289654 0.0147582 0.0282618 2.05553e-05 8.15974e-07 0.000265745 0.0148278 0.0172419 0.11703 0.000776632 
0.0316449 0.0293674 9.32667e-05 0.0130163 0.00420847 1.02612e-05 0.000408717 0.700326 0.00341749 2.39451e-05 0.000150878 0.00241774 0.000789526 0.00178362 0.000696328 1.19614e-05 5.05537e-11 0.00100928 0.00116889 0.00597255 0.203483 2.28809e-08 
0.0116619 0.00636098 0.000797384 0.0123006 0.05209 3.88453e-05 0.000162475 0.828854 0.00580299 0.00164446 0.00721526 0.000986158 0.00612615 0.00650225 0.000218298 5.30126e-05 1.24989e-06 0.00038299 0.00843075 0.0205642 0.0297923 1.39678e-05 
0.0653213 0.152579 0.0018077 0.222157 0.0710669 2.51735e-07 0.0120588 0.0477774 0.177033 5.46403e-06 0.00137709 1.29028e-06 5.35235e-10 0.0394985 3.86684e-10 9.84746e-10 3.21464e-10 4.2027e-07 0.0773687 0.00247297 0.129473 4.49953e-10 
