0.061995 0.0241377 0.00446534 0.0605449 0.00556195 0.0396568 0.0010089 0.0234854 0.0498701 0.000291385 0.00730856 0.000162802 0.00162897 0.0128119 0.00674568 0.00129727 0.00102227 0.000133544 0.132043 0.00590046 0.559578 0.000350362 
0.0232541 0.0154717 0.191901 0.0868506 0.0102203 8.87882e-10 4.78156e-06 0.348718 0.00437454 5.18031e-06 0.000432447 1.80946e-09 0.00156527 0.030212 0.0170577 9.72218e-05 9.68705e-05 5.45654e-10 0.0318127 0.148363 0.0895616 9.60912e-07 
0.00744177 0.00128039 0.00533212 0.324142 0.000400653 1.01249e-07 1.36511e-07 0.00521853 0.000786749 9.74355e-05 3.09457e-07 2.0634e-07 0.000219377 0.0437265 0.000664181 0.00011853 0.000138176 6.22231e-08 0.00296622 0.328929 0.278538 2.56938e-07 
0.0574108 0.00025477 0.0098207 0.620164 0.000179185 7.27701e-06 2.69082e-05 0.0103825 0.0296042 0.000366171 0.00204919 0.000416516 0.000473769 0.039983 0.0103465 7.95963e-05 0.00114668 7.59335e-07 0.161861 0.0237214 0.0317009 3.45391e-06 
0.0061661 0.0889408 0.000418598 0.0966874 0.000752397 3.55497e-06 0.0432476 0.0687948 0.125342 5.69893e-08 0.000318387 4.91571e-06 6.63481e-05 7.01762e-05 0.0165493 7.44723e-05 1.92623e-09 3.4767e-11 0.513957 9.93274e-11 0.0386065 1.43563e-10 
0.00139315 1.4639e-07 2.13133e-06 0.0201259 1.41216e-07 3.51944e-11 4.74516e-11 3.3821e-07 1.44348e-08 1.92633e-10 1.07568e-10 7.17244e-11 1.26437e-06 0.978476 7.67543e-11 5.67047e-07 3.1968e-08 2.1629e-11 2.94148e-11 6.17929e-11 1.59355e-07 8.93127e-11 
0.000692836 0.000550929 0.000429101 0.000609213 0.9874 9.19572e-05 0.00135886 0.00120937 0.00156256 0.000285886 0.000508346 0.000524188 0.000123136 0.00252011 2.79691e-05 1.65113e-05 0.000470942 1.82703e-06 0.00020674 0.000585516 0.000816887 7.54437e-06 
0.199787 0.0201201 0.341704 0.0695817 0.0381532 0.00457284 0.00704207 0.0161315 0.0370303 0.000850142 0.00121033 0.0117265 0.0134553 0.0919033 0.052496 0.00057374 0.00193223 0.000557228 0.00622017 0.0433089 0.0381181 0.00352524 
0.0428121 0.0523415 0.035151 0.0641881 0.0103273 0.0515963 0.0141145 0.13287 0.048866 4.95153e-05 0.106722 0.357815 9.68644e-05 0.0324306 0.000541133 0.000412964 8.66319e-05 1.33266e-05 0.00213945 0.00123302 0.0461567 3.62347e-05 
0.0367594 0.00102273 0.000205005 0.0245534 0.898528 1.91336e-05 3.3073e-05 2.33211e-05 0.00180503 6.57017e-07 7.76585e-05 2.44632e-07 3.62358e-07 0.00423094 0.0135987 3.60358e-06 2.83235e-05 7.37705e-08 7.43314e-05 0.0174397 0.00158398 1.26813e-05 
0.00763173 0.00358704 0.000650411 0.0020638 0.739406 6.757e-05 1.94097e-05 0.0121051 0.108289 5.84719e-05 0.00121438 0.00291708 8.11193e-05 0.00987461 0.00101602 2.18931e-08 0.0017874 2.42255e-09 2.92866e-06 0.102955 0.00627208 1.00035e-08 
0.0166582 0.0204802 0.00798795 0.070265 0.728678 0.00932925 0.0151887 0.00939574 0.017787 0.000363803 0.00028926 0.00344513 0.00124176 0.0533644 0.0130384 0.00147807 0.0202869 0.000232861 0.00146708 0.00452942 0.00377817 0.00071441 
2.4968e-06 2.82061e-06 0.000664953 0.93651 0.00135648 3.79812e-06 5.1209e-06 0.000469704 0.00557365 2.07886e-05 1.16086e-05 7.74038e-06 1.14653e-05 0.00639477 0.000647647 2.10943e-05 4.39691e-05 2.33416e-06 0.00069128 0.00100022 0.0465486 9.63848e-06 
0.00982188 0.00850637 6.57958e-07 0.312961 0.00034198 1.45714e-07 0.000654443 0.183626 0.00206356 1.06989e-09 0.454878 3.15834e-06 0.000422529 0.00417741 0.0056139 0.00104015 2.66471e-07 1.20128e-10 0.0141498 2.42688e-06 0.00145086 0.000285306 
0.168484 0.0130968 0.0119037 0.0164866 0.0659486 0.0135314 0.128635 0.139276 0.0360305 0.00291578 0.00226451 0.170432 0.000248399 0.176922 0.000349737 0.0230364 0.0114331 0.000116678 0.00182137 0.0013356 0.0151277 0.000604653 
0.178594 0.14165 0.000632292 0.0245149 0.0340309 0.0214311 0.015169 0.00924428 0.00560177 5.68236e-05 0.200502 0.00449586 8.55348e-05 0.0173856 0.000122109 0.0997174 2.19638e-05 1.14999e-08 0.00169874 0.00817289 0.0291319 0.207741 
0.00435853 2.06406e-05 6.46099e-05 0.250817 0.00197723 0.0144645 4.48419e-05 0.0758794 0.00710754 6.72839e-06 0.569731 0.000340582 0.000207567 0.00025272 0.0575478 8.15371e-05 3.85492e-05 1.6229e-07 0.00536274 0.00980021 0.00188811 8.72465e-06 
0.0829922 0.00329185 0.000270316 0.21155 0.00208533 1.05759e-05 1.55545e-07 0.0863094 0.0693607 1.23402e-05 2.02327e-07 0.00131295 1.00475e-05 0.00616715 2.34792e-09 9.84275e-07 4.89807e-11 1.66029e-11 0.000215639 0.0664183 0.469992 1.14599e-07 
0.0232356 0.00789922 0.00523279 0.40191 0.0117584 5.91639e-08 0.000935213 0.201046 0.106937 0.00576533 3.31934e-07 0.000219329 7.59134e-08 0.0387964 0.000427606 1.72886e-08 3.09517e-07 3.43688e-12 0.00603654 0.0103981 0.179402 1.41919e-11 
0.0888254 0.505397 0.00857592 0.00821807 0.19844 0.000367642 0.000194352 0.031632 0.00850114 1.19625e-05 0.00510793 0.0563996 0.000121566 0.0070088 0.0569483 7.03296e-06 0.000213376 6.8657e-06 0.00216471 0.00265835 0.00887004 0.0103298 
0.00886287 0.0833588 0.0253327 0.012931 0.00227162 2.64291e-05 0.000210867 0.0261292 6.29911e-05 1.82109e-06 8.17079e-06 0.000396422 5.42469e-06 0.0227579 0.000495019 2.55833e-06 0.00168327 2.04474e-07 0.765097 5.84172e-07 0.0503642 8.44336e-07 
0.000511677 0.00180402 0.000488526 0.00335522 0.000385151 2.31416e-06 0.000339212 0.00227713 0.000294996 0.00155726 7.07301e-06 4.71615e-06 0.00063169 0.0355765 5.04688e-06 1.28526e-05 0.000251485 1.42219e-06 0.9312 0.00180428 0.0194835 5.87264e-06 
7.14442e-05 0.0725186 0.00422918 0.0943371 0.568163 0.00188693 0.000592104 0.188182 0.0342787 0.00365368 1.26611e-05 8.08371e-06 7.80823e-05 9.58861e-05 8.53556e-06 2.39358e-06 7.17584e-07 5.41443e-09 0.0299703 0.000275655 0.00163206 2.75427e-06 
0.00584719 0.00161921 0.000893595 0.0613239 0.0209706 0.00985954 0.00590139 0.608585 0.061642 0.000226613 0.0019704 0.107552 0.000227768 0.0149876 0.00196206 8.21484e-05 0.000107505 4.76587e-05 0.0182119 0.0188682 0.0587983 0.000315979 
0.0200383 0.363893 0.00124287 0.0619216 0.00142853 0.00599439 0.00255082 0.298337 0.0729907 0.000479331 0.00359565 0.029367 2.79426e-06 0.00104233 0.00459364 3.56938e-05 5.31221e-06 1.6419e-06 0.0488048 0.00499453 0.0775933 0.00108762 
0.00316554 0.247429 3.36833e-05 0.0131127 0.000511399 1.15065e-05 0.00305936 0.00813141 6.35573e-07 2.45355e-12 0.00138332 2.22915e-08 0.00059318 0.0003913 9.86429e-08 2.01685e-08 1.33369e-05 2.75487e-13 0.640701 1.7323e-09 0.0814626 1.13757e-12 
0.507413 0.000413753 0.0523096 0.00203016 0.105512 6.09398e-05 1.69611e-05 0.0169891 4.23994e-05 1.69908e-07 0.00280553 0.00113255 5.8372e-05 0.263285 2.6908e-05 2.85298e-06 0.0199598 1.90774e-08 2.55895e-06 1.09333e-05 0.0279271 3.84979e-07 
0.000247993 0.00013538 2.8891e-05 0.000163632 0.000147677 9.41611e-06 6.0504e-05 0.000389196 6.34987e-05 8.48567e-05 1.66858e-05 7.50155e-05 1.41829e-05 4.09373e-05 7.82851e-05 7.42716e-05 3.80411e-05 8.59252e-06 9.05454e-05 0.998001 0.000219189 1.1923e-05 
0.064205 0.00141642 0.0154159 0.0147607 0.670141 2.6622e-05 1.63843e-06 0.00918941 0.00718334 1.83257e-05 2.78815e-05 0.000515534 1.31758e-05 0.0267409 0.0337431 6.92093e-05 9.02464e-07 1.76724e-07 0.0283008 0.117622 0.0106068 1.05193e-06 
0.0200311 0.00115118 0.00225907 0.0110752 0.0105736 1.03877e-05 0.00096803 0.00633565 0.00746256 0.000429687 0.000138545 0.000251852 1.1236e-05 0.934789 2.1294e-06 5.07791e-08 4.57246e-05 5.61889e-09 0.000533632 0.00206055 0.00187055 2.32021e-08 
0.0174455 5.95994e-06 1.99456e-06 0.060449 0.691326 4.41458e-08 5.95054e-06 0.128761 0.0158676 6.13565e-06 6.24587e-07 9.22182e-10 3.02262e-05 2.35166e-06 0.00154267 2.51316e-09 1.92843e-06 2.7809e-10 0.00394666 0.0806037 1.49351e-06 9.62105e-07 
0.940055 7.3877e-06 3.84257e-05 0.00227979 0.0575374 1.56203e-07 1.04778e-09 9.13934e-06 6.56609e-06 4.25352e-09 3.63431e-05 1.55222e-05 5.39791e-06 5.19972e-07 1.69481e-09 4.31608e-09 1.40895e-09 4.77589e-10 2.98839e-06 3.00315e-06 2.31829e-06 1.97211e-09 
0.0073273 0.0325207 3.36166e-06 0.000263534 3.25907e-08 5.9843e-09 9.50226e-12 0.0759662 0.00365198 1.43758e-07 7.82459e-05 1.43629e-11 1.08473e-08 0.000189585 1.53702e-11 3.91423e-11 1.27777e-11 4.33124e-12 0.000107297 1.23741e-11 0.879892 1.7885e-11 
0.722253 8.79202e-05 2.9473e-05 0.00553889 0.25582 6.87395e-07 0.0031166 8.77865e-05 0.0026038 2.35552e-07 9.32214e-06 8.7705e-08 1.29912e-07 0.000598365 3.52483e-05 2.39017e-07 2.85051e-05 2.6448e-08 0.0017832 5.76084e-05 0.00669182 0.00125675 
0.00941513 0.525558 2.35132e-07 0.000357118 0.384918 0.00309226 0.000417513 0.0322439 0.00201262 1.23188e-07 0.0020489 0.000884825 2.21402e-10 0.00414769 0.00260395 1.77119e-08 8.6254e-05 4.50742e-11 8.41704e-07 1.28774e-10 0.0322119 4.33003e-07 
0.0240139 0.0107523 0.00965581 0.0272462 0.635897 6.79752e-05 0.000491324 0.0578431 0.000125136 0.000140153 1.09567e-07 0.0140232 0.000499572 0.19726 0.000274048 7.88371e-07 2.98814e-05 2.20308e-08 0.00595557 0.0157157 2.78055e-06 5.15011e-06 
0.0140325 0.00639762 1.07301e-06 2.83477e-05 0.975164 8.80496e-06 8.10644e-05 0.000771333 0.00011338 2.62018e-05 2.03629e-06 0.000756094 2.01116e-06 0.00214804 1.45297e-06 0.000118134 0.000136965 4.09441e-07 5.56828e-07 5.38837e-05 0.000140032 1.57056e-05 
2.92909e-08 3.30896e-08 0.00116573 0.000184508 0.962773 0.00108311 6.00752e-08 0.0242055 0.000901679 2.43879e-07 1.36185e-07 9.08054e-08 0.000826007 0.000187523 0.00092763 1.21312e-05 8.07835e-08 2.7383e-08 3.72401e-08 0.0024062 0.00532563 1.13073e-07 
0.0501681 2.2301e-10 0.646357 5.40748e-06 2.5099e-06 7.81073e-07 4.05287e-07 0.0179365 0.00517144 1.64364e-09 9.17828e-10 6.1199e-10 9.065e-10 0.268591 6.54907e-10 1.66781e-09 5.445e-06 1.8455e-10 2.50982e-10 0.000159071 0.0116027 7.62062e-10 
0.0566869 0.0102643 0.00144649 0.00760677 0.324229 0.000705409 0.0206899 0.0137297 0.156673 0.000136121 0.0231406 0.00202486 0.000758953 0.00533036 2.57022e-07 1.68144e-07 0.00492069 5.4918e-12 0.00585276 0.0029307 0.362873 3.30922e-08 
0.052045 0.0220676 0.000746162 0.0581223 0.613047 0.000269825 0.00677922 0.0206873 0.00998192 1.48354e-06 4.30511e-06 0.00113268 0.0109442 0.188395 0.000844847 8.07094e-07 2.41762e-07 1.54718e-07 0.00211007 9.38181e-05 0.0127257 2.85168e-07 
0.208658 0.00562666 0.0021266 0.0592982 0.185286 0.000150656 0.00193235 0.0388683 0.046349 0.000187313 0.0202083 0.00199744 0.0490501 0.216627 0.000188679 2.64747e-05 0.000983567 4.61911e-06 0.00976178 0.0363089 0.116296 6.36899e-05 
0.000614536 0.000181999 1.92529e-08 0.000459869 0.996674 1.19542e-08 3.23961e-06 0.000222091 0.000214855 6.54299e-08 0.000471361 0.000126707 3.60859e-08 0.000166806 2.60705e-08 0.000239078 2.16733e-08 7.34653e-09 9.99107e-09 9.44697e-05 0.000531052 3.03361e-08 
0.298044 0.0535453 0.000107216 0.206291 0.0561317 0.000338266 0.0506684 0.136263 0.0163145 0.027726 0.00365438 0.00473938 0.000897678 0.0224674 0.000596763 0.0204123 4.11827e-05 3.73741e-05 0.00295435 0.0013295 0.0942638 0.0031768 
0.0130713 0.000108166 0.0626111 0.63475 0.00116174 4.12189e-09 5.55743e-09 0.00282197 0.206932 2.25607e-08 6.61352e-06 1.37282e-06 1.84316e-05 0.00138743 0.019972 2.28925e-08 7.47311e-09 2.53314e-09 4.07467e-05 0.00135328 0.0557639 1.04601e-08 
0.186826 0.00138956 0.000237468 0.00470278 0.743759 3.84295e-06 8.38977e-06 0.0125531 0.00625089 1.94167e-07 5.69821e-07 0.000260363 0.000720047 0.0140699 7.73655e-08 4.90603e-05 7.39405e-05 2.18012e-08 2.9649e-08 0.00711925 0.0219735 2.50557e-06 
0.00581872 2.78523e-05 1.99813e-05 0.0608288 0.928338 6.58605e-05 2.1443e-07 2.25491e-05 0.000421727 8.70492e-07 0.000527796 0.000366906 0.000175057 0.000463069 0.00252339 8.83295e-07 2.88346e-07 9.77398e-08 2.84975e-05 0.000302542 6.21885e-05 4.29237e-06 
0.00514667 3.90531e-07 2.23222e-06 3.58742e-08 0.980043 3.67117e-07 3.06239e-06 0.00151114 0.000109389 1.35892e-09 3.41537e-07 0.00556958 7.49473e-10 0.00743585 5.41461e-10 1.37891e-09 7.82203e-05 1.52581e-10 2.07506e-10 4.35917e-10 0.000100038 6.30055e-10 
0.910941 0.00113229 0.00470534 0.00126668 0.000231436 4.07177e-06 0.000271742 0.00371009 0.0418834 4.76906e-10 0.000124512 0.00131588 1.79859e-06 2.08652e-05 3.74213e-07 3.1752e-07 1.59631e-08 5.35475e-11 0.00423065 0.000110774 0.0300483 2.77092e-08 
0.128385 1.94218e-06 0.00211308 9.92711e-05 0.586077 2.06062e-07 2.77827e-07 3.00067e-06 9.58475e-05 1.12786e-06 0.00226119 0.000234454 6.22035e-07 0.279275 4.49393e-07 1.20471e-05 1.17568e-05 1.26637e-07 7.23621e-05 3.61795e-07 0.00135504 5.22922e-07 
0.000189494 4.30716e-09 1.40209e-05 2.07981e-06 0.904665 9.86556e-06 7.81978e-09 0.0628232 6.02892e-05 3.17448e-08 0.0253014 0.00680586 1.75079e-08 5.21904e-05 1.27753e-06 3.22117e-08 1.05153e-08 3.56434e-09 4.75094e-05 2.24131e-05 5.71683e-06 1.47183e-08 
0.0360989 0.0101542 0.000882511 0.364073 0.00377229 1.41181e-06 0.000928016 0.0163386 0.107498 2.25799e-06 1.95657e-06 1.27844e-06 2.91738e-06 0.0945847 0.00413667 1.64426e-08 1.25492e-06 1.81943e-09 0.00151338 0.0052505 0.354757 7.51299e-09 
0.388896 0.248635 0.0206443 0.00719636 0.062784 1.15124e-05 0.0262918 0.0659767 0.0555714 4.76509e-07 0.000472534 0.00104391 3.79847e-05 0.0559915 0.0113507 9.28413e-06 0.00193496 5.90591e-10 0.0059826 0.00132668 0.0458386 3.20697e-06 
0.000752798 0.241224 0.00184523 0.000281859 0.731087 4.04678e-09 5.45616e-09 0.0175134 1.17898e-06 8.89763e-07 1.23686e-08 1.1208e-05 1.22159e-08 3.62639e-07 3.70781e-06 2.24754e-08 0.00692358 2.48698e-09 0.000301182 7.10516e-09 5.33196e-05 1.02695e-08 
0.860125 0.016025 5.39305e-07 0.000990271 0.00300106 3.78635e-05 4.51478e-07 0.00010226 0.000179523 0.00489741 0.000541437 3.09992e-05 1.01082e-06 0.000799624 0.0414663 0.00024972 6.07104e-07 2.05789e-07 0.0578949 5.87927e-07 0.0136546 8.49764e-07 
0.026878 0.289135 0.00284292 0.533726 0.103493 1.30455e-05 0.000795821 0.00399456 0.00436429 1.3988e-05 0.00054638 4.43432e-05 0.000344149 0.0153123 0.000767226 3.77208e-07 0.00148822 3.30091e-07 0.00593022 0.000843039 0.00946423 2.18207e-06 
0.17082 0.365971 1.49996e-06 1.28686e-06 8.89513e-07 0.000188963 0.00580069 9.40813e-07 0.0581959 1.25833e-06 3.6963e-10 0.000433158 4.74953e-07 2.375e-06 2.63745e-10 6.71666e-10 0.105343 7.43222e-11 0.155099 2.12335e-10 0.13814 3.06899e-10 
0.910941 0.00113229 0.00470534 0.00126668 0.000231436 4.07177e-06 0.000271742 0.00371009 0.0418834 4.76906e-10 0.000124512 0.00131588 1.79859e-06 2.08652e-05 3.74213e-07 3.1752e-07 1.59631e-08 5.35475e-11 0.00423065 0.000110774 0.0300483 2.77092e-08 
0.029766 0.000823691 0.507195 0.00230729 0.155122 0.000164754 0.00195257 0.0526804 0.000258233 0.0217602 0.000421183 0.0349155 0.00252378 0.111985 2.93814e-05 0.0140408 0.000340699 2.4169e-05 0.0282457 0.00382061 0.031583 3.97024e-05 
0.00437994 0.00534412 0.000619684 0.41727 0.00113559 3.05527e-09 0.0405507 0.136448 0.145366 3.42134e-10 0.00904348 0.00706518 2.82203e-07 0.000892972 0.00307999 0.00104285 1.1333e-10 3.84152e-11 0.212952 1.38731e-06 0.0148071 2.3696e-07 
0.0365383 0.0169161 0.000363801 0.00127458 0.014968 4.90455e-07 0.00718952 0.038177 0.832698 2.68445e-06 0.00670222 0.00456161 0.00119217 0.00290854 0.000987466 0.000988196 2.61206e-05 3.01413e-07 0.0334151 8.61121e-07 0.000464362 0.000624297 
0.660208 0.0145278 0.00107169 0.070899 0.089323 1.39377e-06 0.000451922 0.0506261 0.00831432 6.34971e-07 1.65186e-05 0.0103554 0.0116149 0.0208793 0.0130234 5.35535e-05 1.20205e-06 4.88561e-07 0.00307778 0.0027435 0.0428082 1.84756e-06 
0.17082 0.365971 1.49996e-06 1.28686e-06 8.89513e-07 0.000188963 0.00580069 9.40813e-07 0.0581959 1.25833e-06 3.6963e-10 0.000433158 4.74953e-07 2.375e-06 2.63745e-10 6.71666e-10 0.105343 7.43222e-11 0.155099 2.12335e-10 0.13814 3.06899e-10 
0.0195565 0.674278 0.000320507 0.0106029 0.00679755 2.59233e-05 0.00325414 0.025479 0.104773 7.44173e-05 0.000311695 0.00020592 0.00546549 0.00382585 8.12568e-05 0.000103629 0.00121522 2.14861e-05 0.00685995 2.17911e-05 0.136302 0.000424068 
0.479882 0.00368963 0.000450774 0.00266916 0.299648 6.38113e-05 0.00106399 0.134326 3.73907e-06 2.75341e-07 2.2096e-05 0.0102898 1.51856e-07 0.0313494 0.00268175 0.000409646 0.000101231 3.09156e-08 1.39183e-05 0.0132107 0.0201199 3.17946e-06 
0.299742 0.142729 0.0239221 0.13171 0.0744243 6.2581e-05 3.08992e-09 0.148708 0.0872931 1.25437e-08 0.0146475 0.00153421 6.91811e-09 0.000623057 2.21219e-06 2.74482e-05 4.15504e-09 1.40842e-09 0.0666094 0.000459655 0.00749556 1.04463e-05 
0.945485 0.00970256 7.06373e-08 0.000311536 0.000729481 4.38589e-08 0.000791261 0.00150368 0.00339931 2.40057e-07 1.34051e-07 7.12777e-05 8.11529e-05 0.028222 0.00214441 2.43588e-07 7.95175e-08 2.69539e-08 0.00609517 7.70057e-08 0.00146249 1.11301e-07 
0.0322813 7.1899e-06 2.40805e-06 0.0141933 0.861032 2.11625e-05 0.00121418 0.0296896 0.00816378 0.000187338 7.57577e-07 3.91261e-09 0.00423197 0.0217646 0.00539639 2.30019e-07 0.00167869 1.17987e-09 0.00253339 0.0162036 0.0013971 1.16398e-06 
0.0285902 0.00659504 4.99323e-05 5.60193e-05 0.932953 1.16798e-05 7.63398e-07 0.00370197 5.37822e-05 1.56883e-05 0.00391493 4.70179e-05 3.18626e-05 4.24994e-05 0.000119277 3.14464e-06 2.45035e-05 3.47966e-07 0.000212525 0.0234515 0.000122934 1.43686e-06 
0.00548765 0.00082444 0.000180184 0.261913 0.000226543 0.00409149 0.00206989 0.146852 0.0360628 1.44963e-06 0.360233 0.00414531 5.61985e-08 0.00210277 0.0123062 6.59304e-06 1.59563e-05 1.31351e-08 0.137565 0.00352047 0.0220589 0.000337118 
0.000354201 9.67488e-06 1.67765e-06 0.0247886 4.92508e-05 6.64921e-06 8.74535e-07 0.00180256 0.000507776 9.02087e-08 1.02775e-06 3.35881e-08 4.97519e-08 3.6033e-05 0.642923 6.74942e-06 2.98811e-08 1.01287e-08 0.328926 2.89372e-08 0.00058577 4.18246e-08 
0.000427988 0.0013256 0.0160253 0.471996 0.00550638 7.39117e-07 0.0105803 0.293471 0.00022589 0.00031299 0.000373203 0.0743714 2.75116e-06 0.0044707 0.0121181 0.000437298 3.92688e-05 4.36407e-07 0.0593027 0.0450835 0.000292615 0.0036367 
0.402036 0.114473 0.000904055 0.0717757 0.0560682 0.000293678 0.00727136 0.0649768 6.29278e-07 0.000248219 0.0572541 0.013006 1.36555e-06 0.0428798 7.13511e-07 3.03069e-07 5.59668e-07 8.38171e-08 8.43557e-05 8.44754e-07 0.168724 1.38479e-07 
0.00285195 0.000421347 0.000368123 0.00124347 0.00963506 0.000110725 3.31702e-07 0.00213347 0.971709 0.000364162 0.00504326 5.01377e-07 0.000482433 0.000301906 7.78701e-05 0.000124083 0.000836212 1.51194e-07 2.05619e-07 0.00376352 0.000531654 6.24325e-07 
0.106492 3.88306e-06 3.38654e-05 0.124827 0.453127 1.91703e-06 8.63596e-09 0.120734 0.00864805 0.0065069 1.95769e-08 0.00413255 0.000105649 0.164193 1.39689e-08 3.55738e-08 1.50698e-05 3.93637e-09 1.86398e-05 0.00142985 0.00973185 1.62545e-08 
0.042515 0.158883 0.00129329 0.105119 0.292578 9.36887e-07 1.27018e-08 0.000681072 0.207958 5.15636e-08 1.48224e-05 1.49586e-06 0.0493169 0.107588 3.3142e-05 8.26178e-06 1.70801e-08 5.78961e-09 0.0222593 0.000396474 0.0113511 1.86267e-06 
0.0634705 0.0145891 0.00285603 0.0272604 0.803908 5.04858e-05 2.65766e-06 0.00610552 0.00691738 0.000178159 0.0148368 0.000848699 7.21999e-05 0.0279824 0.0155917 3.54527e-05 1.47547e-05 2.19631e-06 0.000347193 0.0122018 0.00272635 2.21439e-06 
0.0124399 3.06366e-07 0.0114076 0.622138 0.00175827 7.40973e-05 2.27042e-06 0.165517 0.00301378 0.000401695 0.00540348 0.000616725 1.9875e-08 0.00606355 0.00077793 3.8263e-05 0.000191474 2.6328e-09 0.0345007 0.0673242 0.0682848 4.60507e-05 
0.00172671 0.193451 2.74689e-08 0.00397968 0.000409554 2.74706e-08 0.000637396 0.0320648 0.0356406 1.56185e-07 0.000151743 7.98211e-08 2.3577e-07 0.000143487 0.0169018 0.000334124 5.93897e-09 4.37007e-11 0.707236 1.24851e-10 0.00732256 1.80454e-10 
0.0407221 0.0362758 1.22213e-07 0.389273 0.00315853 3.91918e-08 2.03586e-07 0.0344079 5.37341e-07 6.11829e-08 0.000760657 0.000763663 1.10015e-06 0.00362993 0.000412234 2.85718e-05 9.92877e-09 1.37588e-11 0.139515 0.013128 0.337923 5.68143e-11 
0.099095 0.00123605 0.000136075 0.538318 0.0459795 0.00905588 0.00287083 0.0947311 0.0728672 6.01276e-05 0.00688082 0.00187037 0.00147193 0.00269752 0.0425795 0.0115818 8.82968e-05 8.1835e-06 0.034664 0.0085865 0.0252128 8.34674e-06 
0.0270963 0.0219763 0.00336954 0.704499 0.0460928 0.000205188 1.56567e-06 0.0036195 3.7456e-06 3.06064e-06 0.00255146 1.32719e-09 0.00735188 0.0642582 0.0103388 3.6169e-09 0.00283632 4.00223e-10 0.0204167 0.0300083 0.0553716 1.65264e-09 
0.0247118 4.00288e-06 0.0143525 0.306405 1.97741e-07 3.10289e-05 0.0103691 0.00423233 0.352914 1.59918e-08 8.92998e-09 5.95434e-09 8.81977e-09 0.00613732 7.36813e-07 9.5941e-07 1.01451e-06 1.79557e-09 0.0206013 4.45529e-06 0.260234 7.41446e-09 
0.00344415 0.0185157 0.0160733 0.0909991 0.000139032 1.28217e-06 0.000223494 0.509882 0.00185354 0.00926988 0.00312293 0.000836711 8.87695e-12 0.00386673 0.0245682 0.000453018 0.000266532 1.80721e-12 0.0943959 0.0107039 0.162778 0.0486067 
0.00312504 0.00458445 0.00720433 0.0111202 0.0111271 0.000264254 0.00462907 0.00211484 0.00420051 9.03417e-07 0.000303192 0.917332 4.98252e-07 0.010788 0.0175307 9.16703e-07 0.00475838 1.01437e-07 0.000510556 2.89799e-07 0.000404468 4.18862e-07 
0.0084376 0.0264679 2.99588e-07 0.00751747 0.0108404 0.000781453 0.00378733 0.0097461 0.00256226 0.00112097 0.890105 0.00269191 0.00555964 0.00176435 4.05675e-07 1.03311e-06 3.37252e-07 1.14317e-07 9.34363e-05 3.26598e-07 0.028521 4.72051e-07 
0.000429827 2.14943e-05 0.0117128 0.658782 0.000105629 1.24404e-09 6.1962e-07 0.0015838 0.250359 0.000148441 0.00784207 5.46703e-06 0.000365349 0.0228112 0.000202606 0.000281343 0.000194788 7.64533e-10 0.000167301 0.00170786 0.0432781 6.55753e-08 
0.0447079 0.0210139 0.003222 0.159063 0.135605 0.00015719 0.00212965 0.0242853 0.0740641 1.18026e-05 4.36502e-05 0.0677619 0.000954525 0.0244601 0.00701947 1.0536e-05 0.0377247 3.6412e-06 0.0221984 0.354175 0.0190598 0.00232765 
0.686094 0.100338 0.00208401 0.00755794 0.0660673 0.000277238 0.00103274 0.0142919 0.0159234 5.61691e-05 1.83964e-05 0.0171182 8.70755e-05 0.0398225 0.0406783 1.58387e-07 3.10186e-05 1.75261e-08 0.000688605 8.08449e-06 0.0077852 3.96093e-05 
0.0195218 0.0843312 0.00880606 0.000188928 0.0210823 1.07899e-05 0.00018606 0.00134996 0.00493808 0.000320476 0.00124006 8.9393e-05 2.96172e-05 0.0702085 0.785503 3.81871e-05 4.01987e-07 1.3626e-07 0.000187143 0.00170286 0.000257908 7.019e-06 
0.013535 2.97266e-06 0.0045191 0.028579 0.0108117 0.000604661 8.64384e-07 0.0620135 0.00413506 8.27731e-07 0.559957 3.93245e-10 0.000704844 0.000241547 0.219792 1.07168e-09 0.000487059 1.18586e-10 0.000570467 0.0932958 0.00074823 2.70206e-07 
6.05236e-05 0.0906017 0.00909305 0.225361 0.105852 7.07756e-06 9.58589e-05 0.333991 5.1818e-06 1.15243e-08 4.58628e-05 0.011728 1.00021e-05 0.0562325 0.115155 9.20693e-06 2.79212e-07 1.29396e-09 0.0282479 9.33802e-06 0.0234946 5.34317e-09 
0.248705 0.0877043 0.0149669 0.0199218 0.415864 0.000142502 6.14476e-07 0.0161914 0.0100882 0.000185608 0.0154541 0.00615348 0.0141846 0.044558 0.00563469 8.77622e-07 0.00039894 8.12793e-11 0.00102478 0.00192922 0.0968908 3.35627e-10 
0.0182561 0.00342278 0.00208138 0.275244 0.00461973 0.00990724 0.000191619 0.038686 0.00662198 9.47795e-06 0.50976 0.00128973 0.000107602 0.00176032 0.00175148 6.81321e-06 1.80793e-05 3.63363e-06 0.0013056 0.087463 0.0215777 0.0159156 
0.018524 0.290592 0.000438595 0.154109 0.00285418 0.0516577 0.0135718 0.112149 0.0488951 1.79898e-05 0.00348298 0.000831969 7.51349e-05 0.0114398 0.00314456 0.00516868 8.29725e-05 1.78214e-05 0.183268 0.0214584 0.0778195 0.000400201 
0.0223269 0.130907 0.00629528 0.0601549 0.0169921 0.0216152 0.00887426 0.11573 0.113875 0.00307936 0.00227175 0.00540465 0.0173314 0.340198 0.0226425 0.00156288 0.0157998 0.000805782 0.0478946 0.0080615 0.0373139 0.00086365 
0.153126 0.568065 3.52184e-10 0.0020684 0.169843 2.18672e-10 2.9483e-10 6.47406e-06 5.02965e-05 4.30995e-06 0.106746 3.29821e-06 6.60102e-10 4.66001e-06 1.80749e-05 6.08455e-07 6.42301e-06 1.34387e-10 2.95345e-05 3.83936e-10 2.80362e-05 5.54923e-10 
0.0133201 0.0146647 0.326888 0.196467 0.0105917 8.75273e-06 0.015374 0.00823497 0.331772 1.76235e-05 0.00632929 0.000672869 0.000683766 0.0463789 4.0414e-05 0.00024555 0.00142411 4.45851e-06 0.0207937 0.00115345 0.00449936 0.000434779 
0.0760865 0.0166315 0.0109774 0.322768 0.0164888 0.0129054 0.0341331 0.0905102 0.0444022 0.00144808 0.204011 0.0427634 0.0133677 0.0176722 0.00621327 0.00382679 0.000217006 0.000211325 0.0463528 0.0125015 0.025577 0.000934795 
0.216017 0.0209962 0.00229027 0.135778 0.135245 0.000593897 0.00768766 0.141079 0.0153894 4.9305e-08 0.00613106 0.0321542 5.61409e-05 0.110158 0.0146341 0.000996418 0.000558446 4.38901e-08 0.0708655 0.000802465 0.0830559 0.00551123 
0.369134 1.24871e-05 0.0980931 0.00177556 0.425991 8.50195e-07 0.00207583 0.0388415 0.0118879 9.00069e-05 4.23012e-08 3.77141e-06 4.17791e-08 0.0481256 3.01836e-08 1.0578e-05 1.81836e-05 8.5056e-09 0.000211291 4.86162e-06 0.00372366 3.51222e-08 
0.0073273 0.0325207 3.36166e-06 0.000263534 3.25907e-08 5.9843e-09 9.50226e-12 0.0759662 0.00365198 1.43758e-07 7.82459e-05 1.43629e-11 1.08473e-08 0.000189585 1.53702e-11 3.91423e-11 1.27777e-11 4.33124e-12 0.000107297 1.23741e-11 0.879892 1.7885e-11 
0.000125156 0.00309047 8.57084e-05 0.00123028 0.00130869 6.54032e-06 4.56945e-06 0.970983 0.000665968 1.34675e-05 3.11257e-05 2.82555e-06 2.19278e-05 0.00121865 0.000115163 6.92026e-05 2.456e-05 2.6992e-06 0.000366332 0.00634996 0.0142778 5.43891e-06 
0.403105 0.00186716 0.00883562 0.289971 0.21567 0.000120329 1.31757e-06 1.85845e-06 3.47653e-06 3.97677e-07 0.000286997 0.00112898 7.11848e-06 0.0565102 0.00686153 2.16465e-07 3.10491e-05 2.96867e-10 2.71083e-06 2.51334e-05 0.0155685 9.34832e-07 
0.0233378 0.00750866 0.000609191 0.00778027 0.926741 9.7936e-06 6.55937e-05 0.0114659 0.000786506 4.68223e-06 0.000324714 1.07159e-05 8.77356e-06 5.06505e-06 1.19206e-05 4.28769e-08 0.000332472 4.74449e-09 1.93274e-05 0.0187522 0.0022146 1.06118e-05 
0.70047 8.04907e-06 2.45129e-06 0.0142845 0.0731302 9.91705e-10 1.33709e-09 2.95148e-06 4.46101e-05 2.81794e-06 9.85857e-06 3.70239e-06 0.000160091 0.090156 0.118598 5.50782e-09 1.79799e-09 6.0946e-10 8.28848e-10 0.00311034 1.67586e-05 2.51665e-09 
0.00641712 0.01862 1.33763e-05 1.17702e-05 0.0135282 0.000195739 6.78665e-07 0.170365 0.178769 5.35328e-06 0.00279827 5.36183e-10 1.9359e-06 0.0167981 0.0933782 2.39946e-08 0.000696844 1.6169e-10 0.498364 3.69643e-05 5.96187e-07 6.67666e-10 
0.000748538 1.51069e-06 0.000730297 0.235866 0.00344835 1.83116e-05 0.0216692 0.00287785 0.684699 3.64365e-05 3.16453e-05 6.13572e-07 0.000116099 0.000967315 0.000114223 4.81309e-07 1.5712e-07 5.32586e-08 0.0426377 1.52157e-07 0.00603602 2.19921e-07 
0.910941 0.00113229 0.00470534 0.00126668 0.000231436 4.07177e-06 0.000271742 0.00371009 0.0418834 4.76906e-10 0.000124512 0.00131588 1.79859e-06 2.08652e-05 3.74213e-07 3.1752e-07 1.59631e-08 5.35475e-11 0.00423065 0.000110774 0.0300483 2.77092e-08 
0.0182867 6.566e-08 0.00623362 0.113289 0.0135136 1.27968e-05 1.19208e-07 0.00498107 5.32258e-05 0.0047026 2.70233e-07 1.80186e-07 0.00411193 0.00495388 0.805069 4.91048e-07 0.000163881 5.43362e-08 0.00359791 0.00131215 0.019717 2.24371e-07 
0.0566869 0.0102643 0.00144649 0.00760677 0.324229 0.000705409 0.0206899 0.0137297 0.156673 0.000136121 0.0231406 0.00202486 0.000758953 0.00533036 2.57022e-07 1.68144e-07 0.00492069 5.4918e-12 0.00585276 0.0029307 0.362873 3.30922e-08 
0.403105 0.00186716 0.00883562 0.289971 0.21567 0.000120329 1.31757e-06 1.85845e-06 3.47653e-06 3.97677e-07 0.000286997 0.00112898 7.11848e-06 0.0565102 0.00686153 2.16465e-07 3.10491e-05 2.96867e-10 2.71083e-06 2.51334e-05 0.0155685 9.34832e-07 
0.0174093 0.013426 0.0152253 0.0872033 0.651156 9.63792e-08 0.00641717 0.00119488 0.0629527 5.27521e-07 0.000263531 1.96416e-07 2.90938e-07 0.00225754 0.00484493 0.000111804 0.00169525 5.92306e-08 0.090416 0.00495282 0.040472 2.44581e-07 
0.0216157 0.000301363 0.00158735 0.00137565 0.863132 0.000749829 0.000564035 0.00683155 0.000418605 7.95225e-07 5.56378e-10 0.0136007 2.0142e-06 0.00153724 0.000973641 1.01101e-09 3.82325e-08 1.11872e-10 0.00028764 0.0869077 3.65807e-07 0.000113911 
0.176014 0.00244951 0.000224268 2.01868e-05 0.413867 0.0108105 2.02027e-06 0.114926 0.00124681 8.02914e-07 1.84014e-06 0.000269084 0.17182 0.10013 1.24507e-06 5.35193e-07 0.000102236 2.38716e-08 0.0023896 3.76244e-05 0.00567723 9.78275e-06 
0.0183222 0.00855399 0.000110892 0.0252137 0.884481 0.000165469 1.14966e-05 0.000214667 0.00152484 0.000159245 0.000473775 0.000279616 0.000152862 0.0108536 0.0180225 3.08551e-06 1.64829e-06 2.65368e-07 0.00731877 0.0234848 0.000371689 0.000279596 
0.665965 1.29829e-10 1.54888e-06 6.77003e-06 0.0951553 0.000134929 2.35709e-10 0.00600439 0.0418038 6.70771e-07 3.20651e-06 3.56281e-10 0.0152578 0.0969074 0.031933 2.91382e-06 8.27294e-06 1.07439e-10 0.0223766 1.39357e-05 0.024424 4.43648e-10 
0.0368868 9.32151e-07 5.18546e-11 0.285437 5.16629e-07 3.21967e-11 0.0244147 5.32967e-07 0.16691 1.76225e-10 7.43165e-07 2.90317e-05 9.71916e-11 0.00312186 7.02167e-11 0.000126112 5.83736e-11 1.97867e-11 0.0568117 4.86474e-07 0.42626 8.17054e-11 
0.00220982 4.21728e-06 0.00444428 0.0781236 0.831802 9.6883e-06 0.000923943 0.0148551 0.00050387 6.35778e-05 0.000294718 1.03428e-07 0.0142744 0.0113144 0.0149081 2.81864e-07 0.00118782 3.11893e-08 4.24165e-08 0.0245261 0.000469731 8.43317e-05 
0.0537782 0.00134142 0.0155952 0.232719 0.0367012 2.0019e-05 0.00203924 0.0322136 0.328662 2.45285e-05 0.00087389 0.0126278 0.00074819 0.0565543 0.00853841 6.18686e-06 0.000166222 4.12863e-06 0.0335694 0.000301034 0.183377 0.000139596 
0.0473291 0.206583 0.00437796 0.034526 0.39317 0.00217063 0.00408096 0.0421832 0.0210978 2.0109e-05 0.0021758 0.000298177 0.00373213 0.028744 0.0440834 2.36003e-06 0.000170686 8.59077e-07 0.101192 0.0010761 0.0459084 0.0170771 
0.10401 0.0499005 8.31351e-06 0.029821 0.609553 0.00139013 8.07674e-05 1.51396e-05 0.098965 2.63924e-05 6.47764e-08 0.000115837 2.54572e-05 6.53577e-05 0.0370892 1.17707e-07 0.00026219 1.30247e-08 0.0567998 2.28928e-05 0.0118491 5.37831e-08 
0.00794572 0.0102828 0.00117762 0.385729 8.97389e-08 3.02024e-08 0.113739 0.0452909 0.177673 1.0248e-10 0.000146272 3.99524e-07 0.000115321 1.99091e-08 0.00331662 1.03988e-10 3.3946e-11 1.15066e-11 0.182898 3.28737e-11 0.0716859 4.30562e-09 
0.797738 2.78646e-05 3.98821e-06 0.00188089 0.000755968 2.07276e-09 6.71502e-06 1.68313e-05 0.0077307 3.44746e-06 1.51307e-05 4.22418e-09 6.25701e-09 0.0212038 3.78909e-07 1.15119e-08 3.75798e-09 1.27383e-09 8.17996e-06 1.54349e-05 0.170593 5.26004e-09 
0.00699201 2.02442e-07 8.24338e-05 0.26811 0.00045586 0.0171479 0.000177748 0.0379638 0.0109539 1.1051e-07 0.590227 0.000180298 0.000175532 2.71054e-06 0.0547168 1.15348e-05 7.64333e-05 1.00639e-08 0.00145937 0.00936571 0.00189508 5.80564e-06 
0.0299422 0.0173572 0.00223677 0.341759 0.00140203 8.84345e-06 0.000595993 0.0173801 0.0225477 1.85773e-05 0.0105377 0.000311413 0.000295177 0.000706944 0.00460962 0.000921263 0.000178205 2.88785e-08 0.494345 0.0166379 0.0381409 6.66203e-05 
0.11338 0.00184196 0.0148249 0.0512838 0.0372737 1.72177e-09 2.32142e-09 0.0141032 0.0223039 8.10416e-06 0.0253201 0.00126004 3.75972e-07 0.0314953 2.60488e-06 9.56253e-09 0.00117169 1.05813e-09 0.00793808 0.564072 0.0881609 0.0255594 
0.170967 0.00243692 0.0024299 0.0246372 0.286459 0.00046445 4.08696e-06 0.168179 0.0131605 0.00036158 0.00141146 0.0387108 0.000344054 0.0420951 3.0912e-06 0.000300097 5.39942e-09 7.94662e-11 0.0024815 0.00748895 0.238062 3.28668e-06 
0.00187591 0.00262499 0.000827733 2.98107e-05 0.991177 3.13131e-05 1.96205e-05 0.000549154 0.000154597 3.98762e-08 2.09034e-05 1.07237e-05 6.67878e-06 0.00220251 3.04205e-05 4.04627e-08 6.14588e-06 4.47734e-09 6.08906e-09 0.000407974 4.71915e-06 1.93639e-05 
0.0168402 0.670163 0.00130941 0.026198 0.015621 6.52459e-05 0.0229582 0.0894854 0.0302627 4.64453e-05 1.41924e-05 0.0199052 0.000709171 0.00868961 0.000744488 1.69781e-05 0.000120742 3.83678e-07 0.0512008 0.000216652 0.0454136 1.85263e-05 
1.97527e-05 6.40773e-05 0.0126408 0.00237016 0.66687 0.00110639 8.49861e-05 0.000407373 0.00496739 6.68467e-08 3.7328e-08 2.48896e-08 0.00402351 0.246972 0.0379492 6.78298e-08 0.00127584 7.50561e-09 6.23984e-05 0.000196613 0.0209888 3.0993e-08 
0.0790099 0.00598723 6.87335e-05 0.242208 0.0076813 0.00459516 0.0368628 0.00129981 0.00556375 0.000187093 0.572797 1.32848e-06 0.00178571 0.00110582 0.00294011 1.1482e-05 0.00146693 2.47221e-07 9.61072e-05 0.0351987 0.00113204 1.28083e-06 
0.0360973 0.0106282 0.121939 0.623226 0.00584746 2.57458e-06 0.00143932 0.0449247 0.036787 7.10568e-07 0.000706834 0.0287458 0.000423462 0.0151929 0.0326641 0.000126102 5.29465e-05 6.63447e-08 0.00412937 0.0185911 0.0184748 4.73619e-07 
0.00553865 0.000182689 1.82149e-07 0.00107554 0.985722 7.09954e-05 0.000136679 0.00530058 0.000215633 6.19023e-07 0.000473263 0.000127341 3.41403e-07 0.000167401 2.46649e-07 0.000240447 2.05048e-07 6.95045e-08 0.000118579 9.49666e-05 0.000532875 2.87005e-07 
0.0161149 0.0874979 0.00830279 0.0379528 0.439501 4.42905e-05 0.00342037 0.156185 0.0241739 0.00174103 0.00304467 0.00225914 0.000281856 0.0206925 0.027183 7.75342e-05 0.000216462 4.30585e-05 0.0105042 0.110075 0.0484146 0.00227415 
0.565846 1.38084e-09 0.0939486 0.0171571 1.02147e-06 1.85939e-09 5.5492e-05 0.000123866 7.76473e-06 0.000871625 5.68305e-09 5.65127e-07 1.81044e-06 0.314561 1.01238e-06 0.000553034 2.15839e-05 1.1427e-09 0.00346514 0.00272753 0.000656341 4.05088e-07 
0.0382359 3.44019e-05 3.68147e-11 0.314565 0.00109786 2.28584e-11 3.08193e-11 0.0649752 0.0559052 2.36305e-05 0.00567161 4.65843e-11 0.000245294 0.00261935 1.04462e-06 1.26953e-10 4.14429e-11 1.40478e-11 0.200159 0.0189332 0.297277 0.000255637 
0.172187 0.430101 0.000584902 0.030006 0.222043 2.42477e-05 3.19664e-07 0.0117057 0.0294786 0.000127259 0.0126436 0.000478884 0.000142172 0.00899083 0.00858235 5.28583e-07 3.99785e-05 1.58788e-10 0.0362271 0.000616112 0.0359763 4.3918e-05 
0.145962 0.0183868 0.0476053 0.194104 0.100135 3.44176e-05 0.000159178 0.0878901 0.0811603 1.4714e-06 0.0137073 0.000292125 0.00681155 0.0833675 0.146833 1.0807e-06 8.98682e-07 1.36261e-09 0.004314 0.0113495 0.0578844 5.04672e-07 
0.00187722 0.00393883 0.00383599 0.085272 0.0092549 2.38063e-05 0.00812694 0.0637456 0.00539811 6.20809e-05 0.00326102 9.70123e-05 0.000116707 0.0085441 0.0212457 3.68539e-05 0.00101564 7.8383e-07 0.00144114 0.728311 0.0543806 1.38561e-05 
0.402011 0.00728838 0.00190645 0.0584446 0.00577246 1.10048e-05 0.000636923 0.0936978 0.000463289 6.77612e-05 0.018588 0.00434321 0.222117 0.037588 0.000975875 0.0170141 6.85781e-05 4.26842e-06 0.0906669 0.00559063 0.032735 9.02425e-06 
0.0202257 0.0257011 0.0137364 0.0240724 0.551865 0.0167287 0.00173551 0.00685973 0.0799973 0.0017882 0.000126071 0.00264198 0.0131974 0.115906 0.00766385 0.0731654 0.000324537 8.4056e-06 0.00398849 0.0365262 0.00371839 2.32017e-05 
0.108155 0.0500753 0.001211 0.00939974 0.00151516 2.55193e-05 4.47415e-05 0.0534457 0.0141279 1.32678e-06 0.0503077 0.0182155 1.86969e-05 0.0254007 0.00966153 5.48608e-05 4.39487e-07 1.48972e-07 0.629061 4.25604e-07 0.0292686 8.46284e-06 
3.97552e-06 1.01783e-06 0.000670868 5.81393e-06 0.000181029 4.75808e-07 5.5723e-07 3.49674e-06 0.00307742 4.18684e-06 0.000189339 8.42269e-07 1.17803e-05 2.71383e-06 0.0880868 0.904495 0.00325205 2.53992e-07 3.52939e-06 4.73198e-06 3.19653e-06 1.04881e-06 
0.0456916 0.0214488 0.00385279 0.0123213 0.547093 0.000393747 5.21251e-07 0.0725024 0.0308699 0.00032168 0.00720327 0.00382754 0.000465645 0.0590256 8.26872e-09 6.79053e-12 0.00231072 7.51396e-13 7.85835e-08 0.155119 0.0375515 3.10274e-12 
0.00152358 2.68673e-09 5.82674e-09 0.26829 0.00477698 0.00197859 8.77025e-06 1.48908e-06 1.03389e-05 1.29738e-05 0.112726 3.68465e-06 0.00854723 8.10416e-08 0.175255 5.13298e-05 2.74882e-05 2.22337e-09 5.09961e-06 0.426776 2.8111e-07 4.23564e-06 
0.112368 0.00937356 0.00173856 0.48099 0.00185887 1.70707e-07 2.1771e-05 0.0157629 0.00239285 0.000977005 0.00356855 7.00543e-06 1.04418e-07 0.0691601 0.0449449 1.92113e-07 1.10311e-05 2.1258e-08 0.199103 0.0130675 0.0446537 8.77807e-08 
0.00191409 0.00236549 1.06975e-06 0.00115205 0.908891 6.64209e-07 8.95534e-07 4.23813e-06 0.00209928 3.63547e-06 0.000441828 0.000142707 0.00030307 0.0032817 1.44855e-06 3.68894e-06 1.20423e-06 4.08194e-07 5.55133e-07 8.74275e-05 0.079302 1.68556e-06 
0.0332051 0.0098941 0.000401394 0.184421 2.80808e-07 4.74735e-12 1.4727e-07 0.077494 0.0363357 3.45076e-05 0.0498544 1.05126e-08 6.13225e-08 0.0150771 0.00123899 0.000266747 4.19047e-08 2.91752e-12 0.0152298 0.00663491 0.569912 1.20473e-11 
0.219436 3.11408e-06 3.83703e-10 0.0172494 0.192089 2.38242e-10 3.21215e-10 1.97331e-06 0.104946 0.013231 1.23861e-06 4.85526e-10 0.278876 0.0343485 3.9493e-06 1.3364e-07 2.89443e-06 1.46414e-10 1.53341e-06 0.128473 0.0113368 6.04586e-10 
0.112368 0.00937356 0.00173856 0.48099 0.00185887 1.70707e-07 2.1771e-05 0.0157629 0.00239285 0.000977005 0.00356855 7.00543e-06 1.04418e-07 0.0691601 0.0449449 1.92113e-07 1.10311e-05 2.1258e-08 0.199103 0.0130675 0.0446537 8.77807e-08 
0.0279318 0.0226105 2.4636e-05 0.00224085 0.914729 0.000912589 0.000589137 0.0135155 0.00123173 0.000354384 4.33339e-05 0.000941729 2.02951e-05 0.00482736 0.000208836 5.63041e-05 0.000401151 1.24824e-06 0.000813425 0.00011352 0.0073469 0.00108564 
0.0384516 0.0272957 4.01485e-05 0.0269742 0.861726 6.4168e-05 0.00164829 4.30705e-06 0.000106367 1.19389e-07 1.55216e-05 4.44531e-08 0.00046607 0.039631 3.28433e-05 0.00293941 6.2209e-06 1.34051e-08 0.000483913 0.000106575 7.12414e-06 5.53539e-08 
0.00561358 9.35926e-11 6.84469e-05 0.077636 4.36286e-08 6.02665e-05 5.71791e-09 0.00176184 0.00906082 1.86746e-07 0.871209 3.17807e-05 3.23335e-07 0.000775072 0.0297223 1.55704e-07 3.58589e-05 7.74516e-11 0.00244425 0.00130543 0.000269194 5.30339e-06 
0.00224178 0.000214242 0.000846041 0.0553603 0.0257065 3.38547e-06 1.09617e-07 0.00158456 0.000348729 4.44996e-07 0.000411769 1.4054e-05 9.59628e-06 0.907123 3.60169e-05 4.51541e-07 1.47403e-07 4.99646e-08 0.00270729 0.00210641 0.0012769 8.35433e-06 
0.00490485 0.555273 1.82143e-06 3.37052e-06 0.407607 3.48129e-07 1.43685e-06 1.98014e-06 0.0231302 5.96271e-07 7.64355e-06 4.25461e-06 2.95444e-06 1.60636e-06 0.006078 1.20767e-09 0.00292355 1.33632e-10 4.46164e-05 3.85599e-08 1.32503e-05 5.51809e-10 
0.0341164 0.000129674 0.563711 0.0600102 0.0668089 0.000128649 0.00249905 0.00580079 0.00136877 0.00225216 0.0035626 0.00159211 0.00914355 0.161422 0.00263532 0.00682058 0.046789 1.66868e-07 0.0125886 0.012752 0.00586836 6.89048e-07 
0.17082 0.365971 1.49996e-06 1.28686e-06 8.89513e-07 0.000188963 0.00580069 9.40813e-07 0.0581959 1.25833e-06 3.6963e-10 0.000433158 4.74953e-07 2.375e-06 2.63745e-10 6.71666e-10 0.105343 7.43222e-11 0.155099 2.12335e-10 0.13814 3.06899e-10 
0.638772 1.31019e-07 0.0554714 0.0841661 0.022107 5.87889e-11 7.76861e-07 0.0525913 5.59933e-07 2.0275e-06 0.0320402 8.87794e-06 1.77465e-10 0.0563952 1.28211e-10 3.26507e-10 1.90799e-06 3.61292e-11 4.44674e-06 6.76094e-06 0.0584316 1.64256e-07 
0.0477587 0.57857 0.000214679 0.0205704 1.75091e-05 0.0166312 0.0513163 0.000141506 0.129416 3.02451e-05 0.00048513 3.48336e-05 1.13625e-05 3.6446e-05 7.35273e-05 0.000493723 1.93214e-08 6.54933e-09 0.0999742 2.03268e-05 0.0542012 2.55407e-06 
0.0266504 0.000186072 3.56487e-07 0.0164624 0.00456249 1.16829e-05 0.000160594 0.0818418 0.000912146 0.000355001 0.000128157 0.0190967 6.68166e-07 0.0281143 0.78785 3.16525e-05 5.50888e-06 1.36028e-07 0.0272499 0.00550293 2.50852e-05 0.000852493 
0.130726 0.00975887 1.83254e-06 3.88632e-06 0.448833 1.59802e-10 6.7493e-06 0.236565 0.0429497 8.74661e-10 0.0068643 0.00264499 4.82393e-10 0.0850997 4.3598e-05 2.02074e-06 5.77562e-06 9.82078e-11 0.00013028 0.00134469 0.0350193 4.0553e-10 
0.000123755 0.652034 1.59719e-06 3.69e-06 5.37115e-06 1.91469e-06 0.0119882 1.6503e-05 0.000227657 2.24715e-06 1.35932e-06 0.32075 6.1926e-06 0.0147024 7.45524e-10 5.71472e-07 1.55007e-06 2.10085e-10 9.9913e-05 6.00202e-10 3.28943e-05 8.67505e-10 
0.042121 0.20262 3.12682e-06 0.00697235 0.518223 0.00016456 1.23551e-05 0.0236151 0.00835084 3.37696e-05 1.03959e-06 0.00306169 1.50249e-08 0.00449969 4.64013e-06 1.76545e-05 0.000256587 3.05885e-09 3.21867e-05 0.0230131 0.166757 0.000240677 
