0.00108582 3.93701e-07 0.00017674 0.000852305 0.000176727 5.30739e-05 1.52407e-07 0.00237243 0.00100629 4.11444e-06 2.7446e-08 0.00770838 0.000300201 0.0565445 2.58441e-12 6.58156e-12 0.00284226 0.921502 0.000143563 5.84711e-08 0.0052306 1.73045e-10 
0.0262094 0.0196532 0.127283 0.0225085 0.0888259 4.15697e-05 0.00210063 0.0458416 0.0048549 0.00185266 1.04258e-05 0.0187141 0.000154668 0.229049 0.00283267 0.000550971 0.134251 0.266234 0.00604813 0.000212433 0.00275204 1.92277e-05 
0.063635 0.0487848 0.0119482 0.011652 0.0150485 0.000163592 0.152958 0.148554 0.0499389 0.00140069 0.00128694 0.00921739 0.000824447 0.150976 0.0687463 0.000610273 0.00209854 0.190624 0.0110722 0.0104124 0.0473951 0.00265326 
0.00315643 0.000799207 0.000534186 0.000918218 0.000379982 5.66468e-06 1.23138e-07 0.000478457 0.0018587 3.24724e-05 2.13109e-06 0.000147776 3.97993e-05 0.0144964 8.11109e-13 4.29893e-05 0.194662 0.779823 3.38484e-05 4.51182e-05 0.00254422 2.49968e-10 
0.00637742 0.00506735 0.000662034 0.0178638 0.00123199 0.000185485 0.000491656 0.0715513 0.00720541 0.00189697 0.00236979 0.00666863 0.00303751 0.0518025 0.00114391 9.02412e-05 0.00143306 0.753397 0.00139717 0.00115814 0.0649679 2.81388e-07 
8.49617e-08 9.14012e-12 0.00627536 6.29605e-12 6.99553e-08 1.23077e-11 1.65942e-11 5.63185e-12 8.50841e-08 6.73651e-11 3.76174e-11 1.05372e-07 2.60444e-08 0.34225 2.68415e-11 6.83558e-11 2.23143e-11 0.651474 1.02866e-11 2.16094e-11 3.27792e-12 3.12333e-11 
0.0314884 0.00700783 0.00654309 0.00426862 0.00456377 2.67747e-05 0.00151514 0.00149905 0.0181569 0.000459636 0.000115577 0.0083199 9.48351e-05 0.178768 0.00110339 1.74337e-05 0.247437 0.461286 0.00879927 0.000428275 0.0181008 1.56163e-07 
0.00209187 0.00460709 0.00127063 0.00335461 0.00036194 1.17906e-05 0.00010838 0.00371803 0.00253331 5.73184e-05 0.00284831 0.000357712 0.000919631 0.0746242 5.41895e-05 1.44425e-08 0.00314718 0.7287 0.0174434 0.000251824 0.153539 6.03404e-13 
0.0116733 0.00489126 0.00367295 0.013014 0.000348911 3.04705e-07 0.000208782 0.00219028 0.00779742 0.000179121 0.000126937 0.000809443 3.01006e-05 0.342397 0.01686 1.74932e-08 0.0332047 0.548825 0.00322609 0.00108657 0.00945788 3.16833e-09 
0.0307251 0.0176427 0.00924409 0.0257017 0.0199603 0.000598029 0.0110585 0.0260486 0.0225857 0.00319915 0.00140607 0.00414525 0.00367745 0.275794 0.00583328 0.0120747 0.0610487 0.397467 0.012354 0.00327649 0.0546593 0.0015004 
0.0256217 0.00451861 0.0036171 0.0898031 0.000523972 0.000785909 0.0315407 0.0762154 0.0768031 0.000130919 0.0024048 0.00109654 0.00513669 0.0156533 0.00772351 0.0034651 1.63651e-07 0.533723 0.030777 0.0122579 0.0780541 0.000147412 
0.00315643 0.000799207 0.000534186 0.000918218 0.000379982 5.66468e-06 1.23138e-07 0.000478457 0.0018587 3.24724e-05 2.13109e-06 0.000147776 3.97993e-05 0.0144964 8.11109e-13 4.29893e-05 0.194662 0.779823 3.38484e-05 4.51182e-05 0.00254422 2.49968e-10 
0.08074 0.0118696 0.00165052 0.0194295 0.00561854 1.64649e-05 0.00422364 0.00034067 0.0626271 1.9729e-05 0.000157205 5.25488e-05 0.000211904 0.252398 0.00091811 3.4489e-08 0.00959752 0.531448 0.0158275 9.27952e-05 0.00276061 3.67101e-11 
0.0180826 0.00416329 0.000961598 0.00327392 0.00894755 2.2295e-05 3.84013e-05 0.0021162 0.26953 9.03155e-05 6.76096e-05 6.24503e-05 6.48988e-05 0.0867021 9.24585e-11 1.01045e-06 0.0147655 0.343201 7.73144e-05 0.00036782 0.247464 7.5072e-08 
0.033116 0.00876928 0.00281543 0.0137314 0.00266078 6.24649e-05 0.000355789 0.00963303 0.00994656 0.00166196 0.00213356 0.000384314 0.000710291 0.256275 0.00559688 0.00014591 0.0952332 0.522236 0.00335112 0.00220607 0.0288201 0.000154703 
0.015666 0.00158587 0.00119708 0.00432598 0.000350462 1.90585e-05 0.00185273 0.012756 0.0255442 0.000185985 0.000753042 0.00113695 0.000258634 0.112951 0.00164148 5.7834e-05 0.00883026 0.780248 0.00905622 0.000506075 0.0210768 1.51401e-07 
0.0101498 0.00180731 0.00722564 0.0060599 0.0241136 3.16496e-05 5.19964e-07 0.0189844 0.00592325 0.000211081 4.74983e-06 8.39469e-05 0.000165717 0.107884 3.84806e-07 0.00132341 0.234796 0.564148 0.000484455 0.00131848 0.0152837 1.89178e-09 
0.0164857 0.00586077 0.00313243 0.00486895 0.0124983 1.43132e-05 0.0038306 0.00434694 0.0124526 0.00312486 0.000654188 0.010633 0.0057791 0.139844 0.000218227 4.69782e-05 0.0237257 0.706705 0.00459119 0.000746051 0.0404406 5.64866e-07 
0.0180826 0.00416329 0.000961598 0.00327392 0.00894755 2.2295e-05 3.84013e-05 0.0021162 0.26953 9.03155e-05 6.76096e-05 6.24503e-05 6.48988e-05 0.0867021 9.24585e-11 1.01045e-06 0.0147655 0.343201 7.73144e-05 0.00036782 0.247464 7.5072e-08 
0.0317214 0.0083011 0.00523787 0.0194914 0.00904831 9.06393e-05 0.0125621 0.0282553 0.0332491 0.00058878 0.00234669 0.00157125 0.000685663 0.239512 0.00058733 0.0019194 0.00682118 0.523511 0.0109407 0.00299315 0.0605619 4.68326e-06 
0.00108582 3.93701e-07 0.00017674 0.000852305 0.000176727 5.30739e-05 1.52407e-07 0.00237243 0.00100629 4.11444e-06 2.7446e-08 0.00770838 0.000300201 0.0565445 2.58441e-12 6.58156e-12 0.00284226 0.921502 0.000143563 5.84711e-08 0.0052306 1.73045e-10 
0.02379 0.0126978 0.00852139 0.0360992 0.0196336 0.0011896 0.0182254 0.080737 0.0804868 0.0693883 0.00148676 0.00366526 0.000410981 0.109325 0.000897382 0.00218362 0.00252279 0.470171 0.00608234 0.00531831 0.0471676 2.92232e-07 
0.0277347 0.0132754 0.00275819 0.0153531 0.0394713 0.000816243 0.0288269 0.0471247 0.00744419 0.01497 0.000451763 0.00176743 0.00021739 0.0650592 0.000309074 0.00135739 0.000552409 0.670892 0.00851299 0.00611573 0.0469652 2.512e-05 
0.00239514 0.00191873 0.00313789 0.00201361 0.000398394 6.69681e-13 1.07368e-06 0.000598712 0.00195361 3.66542e-12 3.1356e-05 9.40901e-08 1.27457e-08 0.0384244 5.63253e-05 5.76196e-10 1.4175e-05 0.946641 1.60969e-08 0.000893854 0.00152152 1.69945e-12 
0.00239514 0.00191873 0.00313789 0.00201361 0.000398394 6.69681e-13 1.07368e-06 0.000598712 0.00195361 3.66542e-12 3.1356e-05 9.40901e-08 1.27457e-08 0.0384244 5.63253e-05 5.76196e-10 1.4175e-05 0.946641 1.60969e-08 0.000893854 0.00152152 1.69945e-12 
0.0691843 0.164901 0.000417895 0.0749319 0.00298288 0.0149594 0.0224115 0.0901678 0.0195189 0.000240344 0.000215126 0.0437585 0.00176808 0.0449347 7.04847e-05 0.00253751 0.00185689 0.294472 0.00874175 0.000639118 0.14129 2.3135e-07 
0.00663899 0.000588443 0.00198363 0.000277248 0.000287348 1.04983e-06 1.32947e-05 0.000159867 0.016127 3.5777e-05 3.66351e-05 8.15571e-06 3.64524e-05 0.0769109 1.25818e-05 7.91105e-06 0.00354931 0.893195 3.13283e-05 3.9647e-05 5.90544e-05 4.36105e-10 
0.00405746 0.00169114 0.0027555 0.000817844 0.00258162 1.40811e-05 0.000377727 0.00798645 0.0064169 0.000389609 0.000126061 0.00325027 0.00125611 0.0845672 2.2238e-05 2.45154e-06 0.00297378 0.825697 0.00014317 0.000334548 0.0545383 9.60387e-07 
0.00139459 0.00308357 0.000853575 0.00223641 0.000241298 7.86111e-06 7.2255e-05 0.00247869 0.00168889 3.93473e-05 0.00189891 0.000238486 0.0006131 0.058882 3.61278e-05 9.72725e-09 0.00209813 0.809981 0.011629 0.000167886 0.102359 5.57445e-13 
0.0129362 7.96072e-05 0.00165816 0.0889709 0.000187705 3.11078e-06 1.09238e-07 0.00176843 3.6625e-05 5.00255e-06 0.000305184 3.93461e-06 0.000519485 0.0154965 5.57305e-05 0.00283253 5.25828e-05 0.857548 0.00246123 0.00661811 0.00846044 9.64145e-10 
0.00209187 0.00460709 0.00127063 0.00335461 0.00036194 1.17906e-05 0.00010838 0.00371803 0.00253331 5.73184e-05 0.00284831 0.000357712 0.000919631 0.0746242 5.41895e-05 1.44425e-08 0.00314718 0.7287 0.0174434 0.000251824 0.153539 6.03404e-13 
0.00260634 0.000619565 0.00049791 0.00232524 0.0161931 3.06314e-05 0.000175452 0.00559911 0.00492232 0.000388195 1.97344e-05 8.97549e-05 0.00108083 0.129539 1.13504e-06 6.92882e-05 0.000933813 0.803362 8.13285e-05 0.000488244 0.0309765 1.75247e-07 
0.00341383 0.00190671 0.00106333 0.00119763 0.00792536 0.000279957 0.000177759 0.00407186 0.00436285 0.00217071 2.73039e-05 0.0248289 0.00425214 0.349936 9.41137e-05 3.75987e-05 0.00298882 0.562021 0.00107689 0.000571529 0.0246991 0.00289586 
0.00405746 0.00169114 0.0027555 0.000817844 0.00258162 1.40811e-05 0.000377727 0.00798645 0.0064169 0.000389609 0.000126061 0.00325027 0.00125611 0.0845672 2.2238e-05 2.45154e-06 0.00297378 0.825697 0.00014317 0.000334548 0.0545383 9.60387e-07 
0.0514569 0.0759893 0.0016363 0.0924873 0.0104966 0.000600022 0.0141689 0.0684302 0.0198327 0.00169804 0.00624041 0.00122638 0.000921775 0.16554 0.00683602 0.0062284 0.0616863 0.278619 0.0366432 0.00559629 0.0936636 1.94643e-06 
0.101568 0.0122647 0.00215645 0.0199493 0.0546157 0.000180009 0.00383689 0.0517106 0.0374031 0.000419137 0.00316465 0.000854393 0.00527983 0.0655614 0.0101502 1.09523e-05 4.55152e-05 0.500219 0.00197741 0.0921062 0.0363298 0.000196913 
0.00405746 0.00169114 0.0027555 0.000817844 0.00258162 1.40811e-05 0.000377727 0.00798645 0.0064169 0.000389609 0.000126061 0.00325027 0.00125611 0.0845672 2.2238e-05 2.45154e-06 0.00297378 0.825697 0.00014317 0.000334548 0.0545383 9.60387e-07 
0.148167 0.00753904 0.0140395 0.0116731 0.0101072 3.48124e-05 0.00359402 0.0154277 0.0620284 0.00455216 0.000804108 0.0073253 0.000158584 0.153707 0.00447203 0.00129582 0.00164135 0.493419 0.0328464 0.000354891 0.0268097 2.71653e-06 
0.0301417 0.0126166 0.0103127 0.00398616 0.000629805 1.48706e-05 0.00106303 0.0162898 0.0355853 0.000288064 1.73945e-05 0.00357682 0.000497809 0.171912 8.55463e-05 0.00266595 0.272013 0.386445 0.00464044 0.000608558 0.0466093 3.04308e-08 
0.378645 0.000852998 0.0032588 0.000645387 0.00937463 1.30126e-05 1.4503e-09 0.00712024 0.0037056 0.000469508 6.2223e-06 1.71784e-05 3.24711e-09 0.0358763 2.3459e-09 6.95687e-08 0.157935 0.402065 3.0788e-06 4.61207e-06 4.21817e-06 2.20991e-06 
0.0041699 8.26488e-05 0.000194369 1.24748e-05 1.21307e-05 1.22882e-05 1.92796e-07 1.50425e-06 0.00417618 2.73488e-05 1.38709e-08 5.37893e-06 0.000133068 0.151893 0.000556674 5.20718e-07 0.00149371 0.831028 0.00619982 6.3166e-11 3.86861e-08 1.23124e-12 
0.0257149 0.00118369 0.000961208 0.000873742 0.243489 0.000378944 0.124289 0.0281649 0.00857953 0.000148251 0.00428731 0.00240786 1.71404e-06 0.109671 0.000106124 6.14325e-05 0.001048 0.30904 0.00130012 0.00255124 0.135715 2.77275e-05 
0.00139459 0.00308357 0.000853575 0.00223641 0.000241298 7.86111e-06 7.2255e-05 0.00247869 0.00168889 3.93473e-05 0.00189891 0.000238486 0.0006131 0.058882 3.61278e-05 9.72725e-09 0.00209813 0.809981 0.011629 0.000167886 0.102359 5.57445e-13 
0.00120921 0.00135787 0.00270433 0.00123035 0.000449577 0.000154166 3.59172e-05 0.00232387 0.00754202 0.00010491 1.47871e-05 0.00996543 0.0005227 0.317758 7.20038e-05 3.03124e-06 0.00130152 0.62771 0.000299074 0.00012905 0.0251118 3.77513e-07 
0.00355634 5.50167e-05 0.000147865 0.000280717 8.48591e-05 1.39783e-06 1.4155e-05 8.3443e-06 1.67672e-05 4.37103e-05 5.57551e-05 6.33481e-08 3.88357e-07 0.0303896 4.60956e-07 1.00583e-11 7.77755e-05 0.965085 4.1866e-06 2.80543e-05 0.000149289 4.59588e-12 
0.0041699 8.26488e-05 0.000194369 1.24748e-05 1.21307e-05 1.22882e-05 1.92796e-07 1.50425e-06 0.00417618 2.73488e-05 1.38709e-08 5.37893e-06 0.000133068 0.151893 0.000556674 5.20718e-07 0.00149371 0.831028 0.00619982 6.3166e-11 3.86861e-08 1.23124e-12 
0.0111291 0.00551031 0.00890886 0.00664009 0.00143465 2.37025e-06 6.12383e-06 0.00643262 0.00532352 7.98558e-07 5.19068e-05 2.89419e-06 3.69807e-05 0.0605522 6.07093e-05 1.9925e-06 0.00223519 0.856141 0.000151309 0.00251687 0.0328607 1.79776e-10 
0.0359595 5.31861e-08 0.00135028 0.000261742 1.49239e-11 1.07073e-08 2.05272e-08 6.05127e-06 0.0101044 7.33082e-11 4.09362e-11 3.43682e-05 3.25195e-08 0.300345 0.00120956 7.43864e-11 5.99958e-08 0.640236 0.0092185 5.44299e-07 0.00127357 3.39888e-11 
0.014342 0.00044142 0.00270161 0.000311047 0.000385797 2.06444e-05 0.00018016 0.00061337 0.00601761 0.000407688 1.36564e-05 0.00834508 0.000367026 0.124003 2.45979e-05 7.5712e-05 0.0881473 0.751827 4.58908e-05 6.15371e-05 0.00166744 1.00887e-09 
0.0180826 0.00416329 0.000961598 0.00327392 0.00894755 2.2295e-05 3.84013e-05 0.0021162 0.26953 9.03155e-05 6.76096e-05 6.24503e-05 6.48988e-05 0.0867021 9.24585e-11 1.01045e-06 0.0147655 0.343201 7.73144e-05 0.00036782 0.247464 7.5072e-08 
0.00463344 0.0010635 0.000777165 0.00133795 0.000569971 8.49587e-06 1.73972e-07 0.000717684 0.00278805 4.87071e-05 3.19632e-06 0.000175481 5.96976e-05 0.0196521 1.08906e-12 5.95671e-05 0.291096 0.673074 5.07718e-05 6.76761e-05 0.00381632 3.55127e-10 
0.0025655 0.00311108 0.000113075 0.0229024 1.70029e-06 5.16017e-06 0.00170198 0.0124109 0.00334326 3.91092e-06 0.00102953 3.5057e-05 0.0111732 0.00466273 0.000447772 0.000270049 4.43709e-05 0.916959 0.00595993 0.000346206 0.0129128 3.09198e-08 
0.030216 0.169153 0.0113942 0.0522394 0.013516 3.52267e-05 0.00427139 0.022431 0.0354648 0.00299572 0.00298069 0.00240709 0.00014829 0.173175 0.000262988 5.03175e-05 0.111191 0.262585 0.0493924 0.00668525 0.0493595 4.60148e-05 
0.00440618 0.000441999 0.00014842 0.00834127 8.75565e-05 1.01211e-06 2.4054e-05 1.34966e-05 0.00115216 2.36336e-05 0.00136566 1.28275e-06 1.54763e-06 0.170899 0.00633456 8.48316e-06 0.000119179 0.795415 0.00691995 0.000172533 0.00412097 1.83471e-06 
0.0505553 0.0223575 0.0149296 0.0100793 0.00189734 5.00709e-06 0.00160635 0.0117313 0.0119644 0.0001522 0.000210813 7.98106e-05 0.00147254 0.287358 0.000775684 5.15032e-07 0.0472468 0.41776 0.0035634 0.00562326 0.11063 2.2986e-07 
0.00340401 0.00187988 0.000189891 0.0409408 0.000169897 2.43769e-05 0.000730189 0.0783179 0.0017036 0.000166272 0.00457373 0.000167747 2.81457e-05 0.0155165 0.000979141 0.000620119 0.000431483 0.832646 0.00263487 0.000405564 0.0144695 2.65269e-07 
0.00108582 3.93701e-07 0.00017674 0.000852305 0.000176727 5.30739e-05 1.52407e-07 0.00237243 0.00100629 4.11444e-06 2.7446e-08 0.00770838 0.000300201 0.0565445 2.58441e-12 6.58156e-12 0.00284226 0.921502 0.000143563 5.84711e-08 0.0052306 1.73045e-10 
0.091721 0.0252095 0.0103343 0.0693957 0.0151095 1.02806e-05 0.00656235 0.273844 0.00378012 0.000207728 0.00736625 0.00162694 0.000327924 0.0709314 0.000480513 0.00189733 0.000334566 0.289943 0.0321964 0.0118885 0.0864764 0.00035571 
0.00108582 3.93701e-07 0.00017674 0.000852305 0.000176727 5.30739e-05 1.52407e-07 0.00237243 0.00100629 4.11444e-06 2.7446e-08 0.00770838 0.000300201 0.0565445 2.58441e-12 6.58156e-12 0.00284226 0.921502 0.000143563 5.84711e-08 0.0052306 1.73045e-10 
0.00261628 0.00136125 0.00138692 0.000998388 0.00296781 0.00017994 0.00016711 0.00533563 0.00485049 0.0019197 8.98644e-05 0.0210996 0.0136812 0.179548 0.000310462 1.66233e-06 0.00468537 0.689343 0.000567355 0.00146219 0.0674276 1.87772e-08 
0.0194659 0.0084069 0.00491365 0.00942116 0.014654 5.96462e-05 0.00298878 0.0189617 0.0214041 0.00072301 0.0130349 0.00119492 0.0117633 0.139317 0.00585368 0.000395235 0.000976225 0.647643 0.0156882 0.00340218 0.0597318 4.61256e-07 
0.00355634 5.50167e-05 0.000147865 0.000280717 8.48591e-05 1.39783e-06 1.4155e-05 8.3443e-06 1.67672e-05 4.37103e-05 5.57551e-05 6.33481e-08 3.88357e-07 0.0303896 4.60956e-07 1.00583e-11 7.77755e-05 0.965085 4.1866e-06 2.80543e-05 0.000149289 4.59588e-12 
0.0895702 0.00890833 0.00124128 0.0145811 0.00421908 1.26737e-05 0.00317452 0.00025676 0.0932669 1.58781e-05 0.000119169 4.02462e-05 0.000160771 0.189318 0.000692045 1.29881e-07 0.0072129 0.573186 0.0118807 7.11505e-05 0.00207213 8.20035e-10 
0.00299261 0.00175017 0.0015984 0.00128364 0.00364703 0.000231349 0.000202204 0.00686008 0.00623633 0.00246817 0.000115537 0.027128 0.0175901 0.17964 0.000399161 3.96324e-08 0.00602404 0.652604 0.000729451 0.00180707 0.0866926 2.39859e-10 
0.00315643 0.000799207 0.000534186 0.000918218 0.000379982 5.66468e-06 1.23138e-07 0.000478457 0.0018587 3.24724e-05 2.13109e-06 0.000147776 3.97993e-05 0.0144964 8.11109e-13 4.29893e-05 0.194662 0.779823 3.38484e-05 4.51182e-05 0.00254422 2.49968e-10 
0.0341908 0.077177 0.00461797 0.0209167 0.00385879 0.00329836 0.00766662 0.0482641 0.013421 0.000284525 0.000171956 0.00436724 0.0100527 0.0576669 0.000174567 0.0174241 0.00518869 0.568147 0.00223568 0.000917273 0.119956 2.29661e-06 
0.00209187 0.00460709 0.00127063 0.00335461 0.00036194 1.17906e-05 0.00010838 0.00371803 0.00253331 5.73184e-05 0.00284831 0.000357712 0.000919631 0.0746242 5.41895e-05 1.44425e-08 0.00314718 0.7287 0.0174434 0.000251824 0.153539 6.03404e-13 
0.00645063 0.0884514 0.000329679 0.0123378 0.000315912 0.00296561 0.0484635 0.00785877 0.113326 0.000143098 0.000597042 0.00210738 7.36737e-05 0.0167154 8.3178e-05 0.00582215 0.000558443 0.505253 0.148941 5.67704e-05 0.0391494 1.42935e-09 
0.00463344 0.0010635 0.000777165 0.00133795 0.000569971 8.49587e-06 1.73972e-07 0.000717684 0.00278805 4.87071e-05 3.19632e-06 0.000175481 5.96976e-05 0.0196521 1.08906e-12 5.95671e-05 0.291096 0.673074 5.07718e-05 6.76761e-05 0.00381632 3.55127e-10 
0.03264 0.00875022 0.0101862 0.0232005 0.0322319 5.75582e-07 5.75514e-07 0.0216465 5.7568e-07 0.00201201 0.00178362 5.75377e-07 0.0050622 0.100809 5.75347e-07 5.74681e-07 0.0964413 0.66408 5.75615e-07 0.000863726 5.75728e-07 0.000288214 
0.00899809 0.00784264 0.000137693 0.0436735 0.000143203 5.12895e-05 0.000720141 0.167598 0.00559107 0.000277665 0.00606164 0.000266433 5.82025e-05 0.0030322 0.00158831 0.000249387 0.000155788 0.70659 0.00179865 0.000429606 0.0447353 4.67583e-07 
0.00587174 0.0690079 0.00259169 0.00613616 0.00159726 4.71243e-05 0.00165766 0.00206441 0.0117052 0.000484385 0.00106053 0.00360003 0.000129979 0.0650942 6.11676e-05 3.29489e-05 0.145398 0.665357 0.00616708 0.000449488 0.0114864 1.20583e-07 
0.000984751 0.000333425 0.000139761 4.40414e-07 0.00011875 5.23151e-06 0.000487561 8.13392e-08 1.43296e-08 0.00330527 0.00101237 6.23444e-11 0.00177703 0.149878 5.04308e-08 9.92772e-05 0.00784146 0.82769 0.00210882 1.4291e-07 0.00421786 7.76324e-11 
0.0206797 0.0090604 0.00971251 0.0318806 0.0215246 0.0180008 0.0388618 0.0574557 0.057482 0.000477014 0.000188261 0.150143 0.00709812 0.198394 0.00284878 0.00515668 0.0700079 0.223167 0.00299371 0.00354008 0.0698807 0.00144707 
0.0056824 0.00194454 0.000102088 0.0221725 0.000126574 3.96361e-05 0.00147642 0.0403602 0.00630073 0.000214381 0.00210399 7.09277e-05 0.000104099 0.0412224 0.00182284 0.000244626 0.000540179 0.85482 0.00682411 0.0002111 0.0136157 9.8348e-08 
0.0293787 0.0088176 0.00287025 0.000130464 0.0010904 2.95713e-05 0.000737046 0.000295196 0.00370264 0.000912887 0.00173827 4.28337e-05 0.000267076 0.406983 4.40319e-06 3.40126e-09 0.0213491 0.484781 0.00532774 0.000613418 0.0309283 7.63465e-10 
0.0111666 0.016697 0.0016864 0.00668 0.000890393 0.000320912 0.0185443 0.00819554 0.00755347 0.0169681 7.91709e-05 0.00594978 0.000141821 0.403964 3.60191e-05 2.38828e-08 0.00511261 0.455057 0.00173986 0.00208727 0.0371299 1.23007e-10 
0.0101584 0.00810777 6.03814e-05 0.000804111 9.96206e-05 1.70464e-05 0.00508007 0.00186724 0.161208 0.000546317 2.64412e-05 0.000101732 3.03445e-05 0.0978738 0.000145966 8.17313e-06 0.1017 0.570068 0.0153993 1.57574e-07 0.0266959 3.94782e-08 
0.00239514 0.00191873 0.00313789 0.00201361 0.000398394 6.69681e-13 1.07368e-06 0.000598712 0.00195361 3.66542e-12 3.1356e-05 9.40901e-08 1.27457e-08 0.0384244 5.63253e-05 5.76196e-10 1.4175e-05 0.946641 1.60969e-08 0.000893854 0.00152152 1.69945e-12 
0.0126945 0.00541758 0.00221648 0.00841905 0.00166745 0.00032563 0.00355404 0.0103678 0.00933342 0.00080713 0.000937032 0.00427297 0.00147211 0.0987608 0.000984284 0.00142543 0.0902903 0.716357 0.0023484 0.00246779 0.0258733 8.01494e-06 
0.00404661 0.0010898 0.000224558 0.00252835 3.93996e-06 5.33892e-06 0.00158292 0.00284054 0.00984116 1.91327e-05 0.000312697 2.06451e-05 0.000133526 0.0578607 0.000663156 0.000194133 0.000682011 0.899753 0.0158115 1.20306e-05 0.00237447 1.96184e-08 
0.00725602 0.0058096 4.49825e-05 0.000574369 7.116e-05 1.21767e-05 0.00362864 0.00133375 0.115149 0.00039283 1.88882e-05 7.2669e-05 2.16765e-05 0.0818471 0.000104266 5.83877e-06 0.0726432 0.680946 0.0109995 1.13282e-07 0.0190685 2.82478e-08 
0.02762 0.0118678 0.004383 0.0189598 0.00412308 0.000109419 0.000226321 0.0143294 0.000138351 0.00054119 0.00159858 0.00407519 0.000411573 0.0542084 0.000627819 0.000108704 0.000555264 0.77722 0.00235486 0.0563189 0.0202218 4.24588e-07 
0.00899809 0.00784264 0.000137693 0.0436735 0.000143203 5.12895e-05 0.000720141 0.167598 0.00559107 0.000277665 0.00606164 0.000266433 5.82025e-05 0.0030322 0.00158831 0.000249387 0.000155788 0.70659 0.00179865 0.000429606 0.0447353 4.67583e-07 
0.0048652 0.00327128 0.000405233 0.0132995 0.000384614 1.23384e-05 0.000161296 0.0273275 0.00167465 0.00012944 0.00117394 0.000468367 0.000193981 0.0234723 0.000226904 0.000114991 0.000536203 0.892054 0.00050942 0.000635756 0.0290821 6.21384e-07 
0.152991 0.00830328 0.00842469 0.106533 0.00555873 2.42292e-05 0.000329794 0.0889545 1.16494e-05 0.00281606 0.00270352 0.000692623 0.0190316 0.0855035 0.000868958 0.000248269 0.00023106 0.251976 0.00215823 0.207484 0.055155 3.08989e-12 
0.0548509 0.00679351 0.0206415 0.00727919 0.0176218 0.00894161 0.00275915 0.0245565 0.0142048 0.000575849 0.00115023 0.0037235 0.00188599 0.371605 0.00270405 4.09432e-05 0.0213111 0.386849 0.0029471 0.0159882 0.0335409 2.9722e-05 
0.00543321 0.00134507 0.00177876 0.00159614 0.00642775 2.5434e-05 0.00127571 0.00231257 0.0120571 0.00025726 0.00057868 0.000221893 0.00562999 0.147109 6.47607e-05 3.20124e-05 0.00217365 0.768066 0.00232669 0.000393379 0.0408941 6.37321e-07 
0.00355634 5.50167e-05 0.000147865 0.000280717 8.48591e-05 1.39783e-06 1.4155e-05 8.3443e-06 1.67672e-05 4.37103e-05 5.57551e-05 6.33481e-08 3.88357e-07 0.0303896 4.60956e-07 1.00583e-11 7.77755e-05 0.965085 4.1866e-06 2.80543e-05 0.000149289 4.59588e-12 
0.00315643 0.000799207 0.000534186 0.000918218 0.000379982 5.66468e-06 1.23138e-07 0.000478457 0.0018587 3.24724e-05 2.13109e-06 0.000147776 3.97993e-05 0.0144964 8.11109e-13 4.29893e-05 0.194662 0.779823 3.38484e-05 4.51182e-05 0.00254422 2.49968e-10 
0.171617 0.00883435 0.0147062 0.0776343 0.00611537 9.55535e-07 0.000602817 0.0293328 0.00522867 8.70235e-06 0.0198096 9.15417e-05 0.000143592 0.150935 0.00017706 3.07639e-05 0.0749348 0.228532 0.0345423 0.0635171 0.113205 1.32111e-07 
0.00299261 0.00175017 0.0015984 0.00128364 0.00364703 0.000231349 0.000202204 0.00686008 0.00623633 0.00246817 0.000115537 0.027128 0.0175901 0.17964 0.000399161 3.96324e-08 0.00602404 0.652604 0.000729451 0.00180707 0.0866926 2.39859e-10 
0.00374993 0.00103662 0.000206875 0.00734003 3.27984e-09 8.13835e-07 0.00136582 0.0112817 0.00720143 3.49823e-06 0.00113093 4.17547e-05 5.97791e-05 0.00463195 0.000393002 0.000718111 9.92349e-05 0.937374 0.0177463 5.24639e-05 0.0055654 8.47472e-08 
0.0212475 0.0247788 0.00295948 0.00708102 0.0071129 0.00131181 0.0173644 0.0134193 0.0439389 0.00341544 0.000300108 0.00814448 0.000819113 0.228162 0.000488197 0.00727088 0.0177327 0.52613 0.0117462 0.00268103 0.0538902 4.7993e-06 
0.054835 0.0158778 0.011281 0.0101551 0.0167696 0.000221123 0.00804472 0.00971698 0.0286125 0.0242476 0.000711991 0.000643341 0.000444034 0.232522 0.00100714 0.0184329 0.186471 0.249624 0.00139291 0.00738719 0.100149 0.0214534 
0.0117861 0.0687211 2.187e-05 0.00696257 0.266892 4.44336e-05 6.42322e-07 0.0134068 1.22306e-07 7.14376e-11 3.13951e-06 1.7396e-06 1.02477e-07 0.131427 0.00154897 7.24882e-11 1.1834e-07 0.498966 4.58263e-08 0.000216592 1.69636e-07 3.31215e-11 
0.08074 0.0118696 0.00165052 0.0194295 0.00561854 1.64649e-05 0.00422364 0.00034067 0.0626271 1.9729e-05 0.000157205 5.25488e-05 0.000211904 0.252398 0.00091811 3.4489e-08 0.00959752 0.531448 0.0158275 9.27952e-05 0.00276061 3.67101e-11 
0.0063564 0.00671311 0.000759778 0.00226039 0.000851569 5.70658e-05 0.00283289 0.00346539 0.00799254 0.000155248 0.000177023 0.00878107 0.00127713 0.0430264 5.24261e-05 2.34275e-05 0.127206 0.747775 0.00345382 0.000706263 0.0360775 2.2933e-08 
0.00653364 0.00412319 0.00108544 0.000283669 0.000358162 2.28294e-07 1.35259e-08 0.00199967 2.57112e-08 2.19139e-08 3.9869e-09 3.25208e-08 1.92156e-08 0.055796 0.000318456 0.0920011 0.00126621 0.829729 0.000122393 0.000123302 0.00625843 8.95456e-07 
0.0179286 0.0491957 0.00229334 0.00148668 0.112134 0.000575831 0.035556 0.0123944 0.0120888 9.44899e-05 0.000845515 0.0296834 0.00346387 0.192778 0.00574886 4.01454e-06 0.00998761 0.391297 0.0108836 0.000370462 0.111189 4.01215e-07 
0.0233381 0.00946226 0.214832 0.00137504 0.000936703 9.584e-06 0.00214738 0.0417692 0.00010972 0.000313289 0.00537295 0.0027313 0.0016883 0.221048 0.008768 3.35345e-05 0.00238809 0.266482 0.138182 0.000691996 0.0583207 5.5562e-08 
0.00405746 0.00169114 0.0027555 0.000817844 0.00258162 1.40811e-05 0.000377727 0.00798645 0.0064169 0.000389609 0.000126061 0.00325027 0.00125611 0.0845672 2.2238e-05 2.45154e-06 0.00297378 0.825697 0.00014317 0.000334548 0.0545383 9.60387e-07 
0.00324623 0.00206803 3.53391e-05 0.00633981 2.44293e-05 2.84814e-07 8.03929e-13 0.00401194 6.88518e-10 1.22114e-05 5.62288e-05 6.39743e-06 7.6498e-06 0.0117365 1.73929e-05 4.07701e-05 3.83301e-05 0.961835 5.25383e-05 0.000453171 0.0100171 1.5871e-07 
0.0570305 0.0297076 0.00698733 0.0145843 0.00308854 1.6601e-05 0.00165526 0.0142071 0.0410656 0.000114854 0.0366937 0.00020093 0.00106744 0.139415 0.0257625 0.000220694 0.00537047 0.57542 0.0320461 0.000810274 0.014536 3.97957e-08 
0.00139459 0.00308357 0.000853575 0.00223641 0.000241298 7.86111e-06 7.2255e-05 0.00247869 0.00168889 3.93473e-05 0.00189891 0.000238486 0.0006131 0.058882 3.61278e-05 9.72725e-09 0.00209813 0.809981 0.011629 0.000167886 0.102359 5.57445e-13 
0.0184662 0.00320368 0.00349292 0.00984596 0.00671622 9.47868e-05 0.00532554 0.0102085 0.0098791 0.00188225 0.00239081 0.00398076 0.0023235 0.16679 0.0023405 0.000407992 0.0334373 0.620146 0.0026865 0.00749977 0.0888794 1.72924e-06 
0.00315643 0.000799207 0.000534186 0.000918218 0.000379982 5.66468e-06 1.23138e-07 0.000478457 0.0018587 3.24724e-05 2.13109e-06 0.000147776 3.97993e-05 0.0144964 8.11109e-13 4.29893e-05 0.194662 0.779823 3.38484e-05 4.51182e-05 0.00254422 2.49968e-10 
0.00209187 0.00460709 0.00127063 0.00335461 0.00036194 1.17906e-05 0.00010838 0.00371803 0.00253331 5.73184e-05 0.00284831 0.000357712 0.000919631 0.0746242 5.41895e-05 1.44425e-08 0.00314718 0.7287 0.0174434 0.000251824 0.153539 6.03404e-13 
0.00548482 0.00457736 0.000989029 0.00236207 0.00442926 9.99545e-05 0.00325646 0.00762449 0.0130051 0.000248266 0.000317549 0.00258445 0.00915995 0.0722767 0.000203087 0.000106587 0.0100595 0.830712 0.00377158 0.00106043 0.0274853 0.000186507 
0.00733996 0.00327845 0.00576764 0.0472276 0.000603659 5.62978e-06 0.000108051 0.0222529 0.00264173 7.83594e-05 0.0234965 0.00017055 0.0012515 0.169179 0.000321854 7.92776e-09 0.00186939 0.427079 0.0244983 0.0734012 0.189429 5.08891e-12 
0.00574555 0.00268458 0.000617379 0.00160966 0.0067937 8.28643e-05 0.00847026 0.00802815 0.0110787 0.00160721 0.000160264 0.00556358 0.00353355 0.0851918 7.34704e-05 8.23988e-06 0.00684267 0.808532 0.00284695 0.000480639 0.0400462 3.0882e-06 
0.0124636 0.0085803 7.13309e-06 0.000412211 9.43571e-05 5.6173e-07 0.000679582 0.00200567 0.0133608 0.00218579 2.26628e-06 1.41051e-05 3.70001e-10 0.177518 0.000238587 6.80743e-10 0.00609083 0.773169 0.00224388 2.15204e-10 0.000930761 2.58986e-06 
0.00261628 0.00136125 0.00138692 0.000998388 0.00296781 0.00017994 0.00016711 0.00533563 0.00485049 0.0019197 8.98644e-05 0.0210996 0.0136812 0.179548 0.000310462 1.66233e-06 0.00468537 0.689343 0.000567355 0.00146219 0.0674276 1.87772e-08 
1.15392e-05 1.32466e-09 2.33828e-05 3.37017e-05 1.17177e-05 2.48692e-06 7.94103e-13 1.07581e-08 1.06125e-05 2.97691e-09 1.80016e-12 0.00058906 6.39636e-08 0.0170154 1.28448e-12 9.07319e-10 0.00103305 0.981264 4.85893e-06 1.0341e-12 3.55837e-09 1.49465e-12 
0.00315643 0.000799207 0.000534186 0.000918218 0.000379982 5.66468e-06 1.23138e-07 0.000478457 0.0018587 3.24724e-05 2.13109e-06 0.000147776 3.97993e-05 0.0144964 8.11109e-13 4.29893e-05 0.194662 0.779823 3.38484e-05 4.51182e-05 0.00254422 2.49968e-10 
0.00682915 0.00603432 0.00011923 0.0329461 0.00012159 4.85013e-05 0.000564555 0.126097 0.00428831 0.000248489 0.00466072 0.000231393 5.28638e-05 0.00230077 0.00126066 0.00020967 0.000130791 0.778312 0.00138472 0.000348702 0.0338086 1.70716e-06 
0.08074 0.0118696 0.00165052 0.0194295 0.00561854 1.64649e-05 0.00422364 0.00034067 0.0626271 1.9729e-05 0.000157205 5.25488e-05 0.000211904 0.252398 0.00091811 3.4489e-08 0.00959752 0.531448 0.0158275 9.27952e-05 0.00276061 3.67101e-11 
0.0045233 0.0302941 0.00106237 0.00762209 0.000598186 0.00200682 0.0234188 0.0125248 0.0616434 6.00002e-05 0.00192489 0.00372052 0.000862827 0.0327094 0.000228028 0.0014587 0.00113483 0.644327 0.0884812 0.000162116 0.0812367 1.9105e-10 
0.00135356 0.000999531 0.00101994 0.000669548 0.000962837 5.49805e-05 8.59549e-05 0.00251422 0.00282516 0.0010416 0.000676388 0.00569598 0.00396065 0.109498 0.000112583 4.67692e-07 0.00262601 0.826219 0.00176527 0.000584689 0.0373336 3.7439e-09 
0.00690782 0.00336868 0.000847847 0.00223754 0.000241736 7.93836e-06 0.000193971 0.00247942 0.00511402 3.86167e-05 0.0019066 0.00023959 0.00061454 0.337081 3.63542e-05 1.6496e-08 0.0108278 0.513684 0.0116402 0.000168395 0.102363 2.8285e-11 
0.00958076 0.00687092 0.0011575 0.0115885 0.000525694 2.83343e-05 0.00122181 0.047786 0.0195671 0.000769614 0.000947286 0.00319621 5.37539e-05 0.055525 0.00128987 0.000603452 0.0340926 0.758402 0.00521685 0.00191132 0.039665 1.43493e-07 
0.0222526 0.0203998 0.00160788 0.00875315 0.00138957 0.00419469 0.14518 0.0179048 0.081163 0.00042535 0.000476894 0.00372555 0.00490671 0.269008 0.00429263 0.00186951 0.0097904 0.320797 0.0440787 0.000416461 0.0373666 1.79596e-08 
1.15392e-05 1.32466e-09 2.33828e-05 3.37017e-05 1.17177e-05 2.48692e-06 7.94103e-13 1.07581e-08 1.06125e-05 2.97691e-09 1.80016e-12 0.00058906 6.39636e-08 0.0170154 1.28448e-12 9.07319e-10 0.00103305 0.981264 4.85893e-06 1.0341e-12 3.55837e-09 1.49465e-12 
0.00877223 0.00484402 0.000976539 0.0184166 0.0105655 3.54172e-05 0.00464306 0.00823985 0.0369928 0.000172504 0.00111686 0.000357968 0.000402491 0.089766 0.0010805 0.000982263 0.0582592 0.729504 0.0107136 0.00138534 0.0127087 6.44187e-05 
7.80538e-05 4.87552e-05 0.000285714 1.59811e-05 1.32536e-05 5.82668e-07 7.34796e-06 8.05755e-05 9.84533e-06 0.000285172 7.804e-05 7.7093e-09 1.6265e-08 0.0442384 1.1814e-05 9.16542e-12 0.000161753 0.954469 6.03401e-06 8.63198e-05 0.000123003 4.18789e-12 
0.00965103 0.00783588 0.000539158 0.00116704 0.000159695 6.02382e-05 0.00155281 0.0042078 0.0067879 9.47378e-05 6.57873e-06 0.023901 0.000205517 0.0490659 1.41534e-05 1.33069e-05 0.287797 0.585054 0.00132232 0.00037767 0.0201862 4.8239e-11 
0.00020714 2.6354e-05 0.000946053 4.4267e-05 2.7491e-05 2.08186e-08 1.49029e-07 0.000129378 4.08285e-13 7.10415e-07 2.43708e-12 3.40533e-05 0.0882475 0.0377757 3.89325e-09 1.21262e-09 9.92375e-06 0.872468 6.66425e-13 2.3708e-09 8.2868e-05 2.02348e-12 
0.00261628 0.00136125 0.00138692 0.000998388 0.00296781 0.00017994 0.00016711 0.00533563 0.00485049 0.0019197 8.98644e-05 0.0210996 0.0136812 0.179548 0.000310462 1.66233e-06 0.00468537 0.689343 0.000567355 0.00146219 0.0674276 1.87772e-08 
1.66696e-09 6.63167e-05 0.00133726 0.0768046 0.129236 2.53577e-09 3.41891e-09 0.000137785 0.00238132 0.00116853 9.15942e-05 0.0289533 6.21741e-05 0.231458 5.53018e-09 1.40834e-08 1.20333e-05 0.246593 0.0425034 7.95025e-06 0.239185 6.43502e-09 
0.00663899 0.000588443 0.00198363 0.000277248 0.000287348 1.04983e-06 1.32947e-05 0.000159867 0.016127 3.5777e-05 3.66351e-05 8.15571e-06 3.64524e-05 0.0769109 1.25818e-05 7.91105e-06 0.00354931 0.893195 3.13283e-05 3.9647e-05 5.90544e-05 4.36105e-10 
0.00239514 0.00191873 0.00313789 0.00201361 0.000398394 6.69681e-13 1.07368e-06 0.000598712 0.00195361 3.66542e-12 3.1356e-05 9.40901e-08 1.27457e-08 0.0384244 5.63253e-05 5.76196e-10 1.4175e-05 0.946641 1.60969e-08 0.000893854 0.00152152 1.69945e-12 
0.00476048 0.00294209 4.75055e-05 0.00932917 3.66432e-05 4.27119e-07 1.11612e-12 0.0060179 9.97826e-10 1.8316e-05 8.43338e-05 5.83861e-06 1.1474e-05 0.0160157 2.60885e-05 5.67597e-05 4.49139e-05 0.944818 7.88059e-05 0.000679753 0.0150257 2.37991e-07 
0.0050262 0.007369 0.000451955 0.00465281 0.00236284 1.53818e-05 0.00131332 0.00524113 0.0150181 0.000302172 0.000327196 0.000647201 0.00634666 0.0362472 0.000434382 2.04506e-05 0.00111864 0.841641 0.000791308 0.00281896 0.0678535 1.35283e-07 
0.0753119 0.000892525 0.00262395 0.00325592 0.00092412 2.4978e-06 9.60939e-05 0.00107856 0.0121938 9.75337e-05 0.00298187 3.21498e-08 0.000146745 0.32874 0.000160379 2.41706e-05 0.0989444 0.468363 0.000965606 4.35184e-05 0.00315351 2.1964e-09 
0.0317658 0.00678408 0.00457206 0.00782484 0.00928641 0.000580471 0.00246267 0.0243434 0.0265688 0.00598771 0.000771311 0.000379365 0.00027531 0.101633 0.00066394 0.000665198 0.00327889 0.753981 0.00141177 0.00356945 0.0131932 1.22943e-06 
0.0195648 0.00143359 0.000449184 0.00267708 8.69129e-06 0.0696577 4.58401e-07 0.00161471 0.00905898 7.5365e-05 0.000125715 3.0201e-06 0.000262086 0.307197 0.000397774 1.70163e-06 0.00197813 0.551925 0.0214672 7.50321e-07 0.0121011 6.11236e-09 
0.210935 0.00562002 0.00888584 0.0307122 0.00906606 2.6704e-05 0.013069 0.0306563 0.032542 0.000207494 0.00237256 0.00393342 0.000177274 0.178878 3.35978e-05 0.000254267 0.00129947 0.395124 0.00437059 0.00125699 0.0705792 5.13724e-08 
0.00956232 0.0205354 0.00160186 0.0108743 0.00571079 0.00110667 0.0136769 0.0124836 0.0157138 0.00261452 0.00120264 0.00155693 0.000733171 0.113714 0.00089585 0.000338479 0.0290901 0.717107 0.00891643 0.00223713 0.0303184 9.59567e-06 
0.00550458 0.00332879 0.0011451 0.00223 0.00077791 3.92293e-05 0.000353815 0.00532801 0.0122846 0.000392139 0.000417777 0.00398137 0.0030785 0.0708099 0.00034533 0.00010077 0.00229626 0.861124 0.0033917 0.000463589 0.0226061 3.87584e-08 
0.0103491 0.0469092 0.00168683 0.0113262 0.0188701 0.00059071 0.0194649 0.014869 0.0295534 0.00121844 0.000319365 0.000972369 0.000696905 0.128441 0.0067737 0.000350481 0.0387176 0.581769 0.0154703 0.000434726 0.0391169 0.0321 
0.00374993 0.00103662 0.000206875 0.00734003 3.27984e-09 8.13835e-07 0.00136582 0.0112817 0.00720143 3.49823e-06 0.00113093 4.17547e-05 5.97791e-05 0.00463195 0.000393002 0.000718111 9.92349e-05 0.937374 0.0177463 5.24639e-05 0.0055654 8.47472e-08 
0.0124843 0.00344687 0.00248683 0.00587006 0.0344263 0.000116449 0.0024124 0.00977025 0.00219451 0.000646717 5.94122e-05 0.00100313 0.00120848 0.124687 2.42156e-05 7.53128e-05 0.00212387 0.730527 4.12331e-05 0.0198137 0.0465805 1.52836e-06 
0.0249679 0.0551689 0.00110216 0.0508736 0.00817901 0.0188304 0.00993837 0.0745431 0.013679 0.000844637 0.00320484 0.0182165 0.000560035 0.0363871 0.000482149 7.41527e-05 0.00246142 0.469007 0.010636 0.00392549 0.196881 3.7145e-05 
0.0128616 0.00151876 0.000904869 0.0198843 6.1467e-05 4.41837e-06 0.000814481 0.0117698 0.0876913 5.67576e-06 0.000227049 1.72534e-05 0.000146368 0.0103059 1.60541e-08 2.3891e-05 3.099e-08 0.685241 0.00167863 0.000198962 0.166644 3.56588e-10 
0.043142 0.0160596 0.012625 0.0335489 0.00173454 0.000500021 0.00676998 0.0421236 0.0681604 0.000669301 0.000547411 0.00377211 0.00141164 0.165959 0.00145063 0.0040254 0.0205319 0.484921 0.0159875 0.00226152 0.073798 3.98275e-07 
0.00746656 0.0388014 0.00185323 0.00746307 0.00521146 6.77085e-05 0.00548112 0.0078346 0.00458231 0.00281384 0.0014487 0.00205761 0.00198317 0.128148 0.00561062 0.00604017 0.00304574 0.706904 0.0132419 0.00938884 0.0356502 0.0049066 
0.0130438 0.00194982 2.51071e-08 0.00182267 0.00686785 9.0397e-05 2.52567e-08 0.00469473 0.0343701 0.00108663 1.3879e-08 0.00657937 1.10912e-08 0.353792 2.82136e-13 1.5701e-05 0.0425558 0.502185 1.86196e-06 0.000746057 0.0301978 1.67465e-09 
0.00899809 0.00784264 0.000137693 0.0436735 0.000143203 5.12895e-05 0.000720141 0.167598 0.00559107 0.000277665 0.00606164 0.000266433 5.82025e-05 0.0030322 0.00158831 0.000249387 0.000155788 0.70659 0.00179865 0.000429606 0.0447353 4.67583e-07 
0.00261628 0.00136125 0.00138692 0.000998388 0.00296781 0.00017994 0.00016711 0.00533563 0.00485049 0.0019197 8.98644e-05 0.0210996 0.0136812 0.179548 0.000310462 1.66233e-06 0.00468537 0.689343 0.000567355 0.00146219 0.0674276 1.87772e-08 
0.0184386 0.033194 0.0242322 0.0691575 0.030996 0.000142361 0.00456229 0.0255469 0.129596 0.00879872 0.000700492 0.00772686 0.00447373 0.186451 0.000806817 7.67232e-05 0.00480974 0.334383 0.00118286 0.0214934 0.0929891 0.000241815 
0.179195 0.000991161 7.77662e-05 0.00976115 0.0202476 1.21454e-06 3.4479e-05 0.000400304 0.0363096 7.51101e-05 8.2185e-05 8.29739e-05 8.51452e-05 0.000318175 0.0116541 3.05113e-05 0.00246334 0.714995 0.00121122 0.0216901 0.000291375 3.08214e-06 
0.0241025 0.0242338 0.00979603 0.0293576 0.0035242 0.00106724 0.00437688 0.115435 0.0191996 0.00512973 0.00182486 0.268712 0.000968141 0.0475415 0.0106726 0.00131239 0.00452476 0.308185 0.0670683 0.00200434 0.05095 1.3708e-05 
0.00261628 0.00136125 0.00138692 0.000998388 0.00296781 0.00017994 0.00016711 0.00533563 0.00485049 0.0019197 8.98644e-05 0.0210996 0.0136812 0.179548 0.000310462 1.66233e-06 0.00468537 0.689343 0.000567355 0.00146219 0.0674276 1.87772e-08 
0.0034052 0.00122559 0.00055948 0.00188636 0.00604055 4.59154e-05 0.00085508 0.00258083 0.00450744 0.000192831 1.04926e-05 0.000574358 0.00072149 0.0664858 2.62378e-07 7.8527e-05 0.0416828 0.851755 7.14587e-05 0.000358676 0.0169616 1.02927e-07 
0.0201735 0.0126516 0.00441609 0.00530557 0.00555503 0.00211033 0.00754547 0.0104269 0.0276571 8.97496e-05 9.46307e-05 0.000947726 0.000463773 0.323455 0.00491213 0.00211795 0.00233012 0.541845 0.0208649 6.53522e-05 0.00697128 9.25918e-07 
0.0380201 0.00896252 0.00409139 0.0128216 0.00459819 1.29574e-05 0.0249265 0.0162612 0.0223647 0.000600015 0.00104563 0.00234858 0.000139147 0.0818754 0.00205189 0.000297287 0.0312176 0.715672 0.0139842 0.00244761 0.0162599 1.85832e-06 
0.00653364 0.00412319 0.00108544 0.000283669 0.000358162 2.28294e-07 1.35259e-08 0.00199967 2.57112e-08 2.19139e-08 3.9869e-09 3.25208e-08 1.92156e-08 0.055796 0.000318456 0.0920011 0.00126621 0.829729 0.000122393 0.000123302 0.00625843 8.95456e-07 
0.0109094 0.00466172 0.00482909 0.0043133 0.0015563 0.000166449 0.00421283 0.0115806 0.0166549 0.000270708 0.000601624 0.00208709 0.00538593 0.083422 0.000190368 0.000114889 0.00250909 0.803752 0.00671368 0.00288239 0.0331859 1.74858e-07 
0.0162822 0.00233673 0.00524896 0.00677354 0.0337486 0.000116449 0.00155625 0.00801434 0.00480737 0.00058315 5.9414e-05 0.00145854 0.00120849 0.126656 7.09648e-05 7.53138e-05 0.00212387 0.718733 0.00019987 0.0171937 0.0527515 1.52823e-06 
0.00236998 0.00146783 0.0007028 0.00114312 8.16073e-07 9.78026e-07 0.0010186 0.000658943 0.0167716 0.0851395 0.000207414 2.55487e-06 0.000433263 0.0912419 7.01214e-05 4.79018e-06 2.04556e-05 0.789631 0.00502818 2.4992e-05 0.00406129 1.05465e-09 
0.0261926 0.007941 0.00758543 0.0079893 0.0687014 3.09476e-05 0.00300196 0.0133372 0.0454211 0.00169955 0.00103872 0.00113672 0.000815874 0.214231 0.00288058 0.000465471 0.0144693 0.518033 0.00451798 0.0102782 0.0502323 3.89208e-07 
0.00209187 0.00460709 0.00127063 0.00335461 0.00036194 1.17906e-05 0.00010838 0.00371803 0.00253331 5.73184e-05 0.00284831 0.000357712 0.000919631 0.0746242 5.41895e-05 1.44425e-08 0.00314718 0.7287 0.0174434 0.000251824 0.153539 6.03404e-13 
0.105316 0.016442 0.00897421 0.0762611 3.08434e-07 0.00154254 0.0178881 0.000463065 0.0320225 3.07972e-07 0.0172611 3.08336e-07 3.08233e-07 0.195601 0.0686634 3.07963e-07 3.08361e-07 0.199468 0.102225 0.00545839 0.152411 3.08284e-07 
0.00411277 0.000129932 9.66774e-05 0.000256374 1.07202e-12 6.97458e-09 0.00020907 0.000134693 0.0256842 1.11745e-08 0.0001366 4.20505e-06 1.11041e-05 0.00617337 9.69361e-08 1.1011e-08 1.11774e-08 0.955667 0.00671709 1.05326e-10 0.000666588 2.44149e-12 
0.0143162 8.43931e-05 0.000600443 0.000279815 9.67663e-05 4.71298e-05 0.000779173 4.28865e-05 0.00690262 0.000629479 3.32441e-05 2.45376e-05 0.0126576 0.281966 0.000166024 2.3155e-05 0.00103301 0.678169 0.00133044 0.000146126 0.000671485 4.36035e-11 
