0.00108582 3.93701e-07 0.00017674 0.000852305 0.000176727 5.30739e-05 1.52407e-07 0.00237243 0.00100629 4.11444e-06 2.7446e-08 0.00770838 0.000300201 0.0565445 2.58441e-12 6.58156e-12 0.00284226 0.921502 0.000143563 5.84711e-08 0.0052306 1.73045e-10 
0.00335538 0.00326005 0.000892345 0.00203303 0.000544204 3.03049e-05 0.000473564 0.00173546 0.00445522 5.75378e-05 0.000563784 0.00165917 0.000371033 0.0373742 8.21485e-06 1.09005e-05 0.0597568 0.837439 0.00439737 0.000135747 0.0414462 1.2193e-10 
0.0262094 0.0196532 0.127283 0.0225085 0.0888259 4.15697e-05 0.00210063 0.0458416 0.0048549 0.00185266 1.04258e-05 0.0187141 0.000154668 0.229049 0.00283267 0.000550971 0.134251 0.266234 0.00604813 0.000212433 0.00275204 1.92277e-05 
0.063635 0.0487848 0.0119482 0.011652 0.0150485 0.000163592 0.152958 0.148554 0.0499389 0.00140069 0.00128694 0.00921739 0.000824447 0.150976 0.0687463 0.000610273 0.00209854 0.190624 0.0110722 0.0104124 0.0473951 0.00265326 
0.00624227 0.00180881 0.00539738 0.00420695 0.0241238 3.19296e-05 2.62829e-06 0.0180553 0.00345562 0.000186089 4.91824e-06 5.80381e-05 0.000151413 0.160333 5.17735e-06 0.00115027 0.289871 0.474423 0.000485159 0.00113945 0.00886827 1.31336e-08 
0.00209187 0.00460709 0.00127063 0.00335461 0.00036194 1.17906e-05 0.00010838 0.00371803 0.00253331 5.73184e-05 0.00284831 0.000357712 0.000919631 0.0746242 5.41895e-05 1.44425e-08 0.00314718 0.7287 0.0174434 0.000251824 0.153539 6.03404e-13 
0.00637742 0.00506735 0.000662034 0.0178638 0.00123199 0.000185485 0.000491656 0.0715513 0.00720541 0.00189697 0.00236979 0.00666863 0.00303751 0.0518025 0.00114391 9.02412e-05 0.00143306 0.753397 0.00139717 0.00115814 0.0649679 2.81388e-07 
0.0144313 0.139538 0.00125704 0.00380295 0.116139 0.000331575 0.138788 0.0530831 0.139 0.000636296 6.78452e-05 0.000946459 0.000798232 0.0813533 0.0049185 0.000450975 0.0827831 0.140954 0.0244496 1.26695e-05 0.0562582 2.91486e-08 
8.49617e-08 9.14012e-12 0.00627536 6.29605e-12 6.99553e-08 1.23077e-11 1.65942e-11 5.63185e-12 8.50841e-08 6.73651e-11 3.76174e-11 1.05372e-07 2.60444e-08 0.34225 2.68415e-11 6.83558e-11 2.23143e-11 0.651474 1.02866e-11 2.16094e-11 3.27792e-12 3.12333e-11 
0.00209187 0.00460709 0.00127063 0.00335461 0.00036194 1.17906e-05 0.00010838 0.00371803 0.00253331 5.73184e-05 0.00284831 0.000357712 0.000919631 0.0746242 5.41895e-05 1.44425e-08 0.00314718 0.7287 0.0174434 0.000251824 0.153539 6.03404e-13 
0.00209187 0.00460709 0.00127063 0.00335461 0.00036194 1.17906e-05 0.00010838 0.00371803 0.00253331 5.73184e-05 0.00284831 0.000357712 0.000919631 0.0746242 5.41895e-05 1.44425e-08 0.00314718 0.7287 0.0174434 0.000251824 0.153539 6.03404e-13 
0.0116733 0.00489126 0.00367295 0.013014 0.000348911 3.04705e-07 0.000208782 0.00219028 0.00779742 0.000179121 0.000126937 0.000809443 3.01006e-05 0.342397 0.01686 1.74932e-08 0.0332047 0.548825 0.00322609 0.00108657 0.00945788 3.16833e-09 
0.0307251 0.0176427 0.00924409 0.0257017 0.0199603 0.000598029 0.0110585 0.0260486 0.0225857 0.00319915 0.00140607 0.00414525 0.00367745 0.275794 0.00583328 0.0120747 0.0610487 0.397467 0.012354 0.00327649 0.0546593 0.0015004 
0.00133273 0.00137084 1.46358e-05 0.000184455 0.00214528 9.08742e-06 1.22523e-05 0.000512615 4.65313e-06 0.00141506 0.000443635 0.00431647 2.7432e-05 0.00564871 0.00113257 5.04705e-05 1.64758e-05 0.979996 0.00132483 1.59553e-05 2.42025e-06 2.30611e-05 
0.135652 0.0138584 0.00620456 0.0888575 0.148602 1.52143e-05 1.63765e-07 0.135158 0.000699465 0.000285353 0.000216454 8.37772e-05 0.00595865 0.0961942 0.00106894 1.04439e-07 6.87855e-07 0.170552 0.0112892 0.0150495 0.170241 1.25993e-05 
0.0180826 0.00416329 0.000961598 0.00327392 0.00894755 2.2295e-05 3.84013e-05 0.0021162 0.26953 9.03155e-05 6.76096e-05 6.24503e-05 6.48988e-05 0.0867021 9.24585e-11 1.01045e-06 0.0147655 0.343201 7.73144e-05 0.00036782 0.247464 7.5072e-08 
0.00405746 0.00169114 0.0027555 0.000817844 0.00258162 1.40811e-05 0.000377727 0.00798645 0.0064169 0.000389609 0.000126061 0.00325027 0.00125611 0.0845672 2.2238e-05 2.45154e-06 0.00297378 0.825697 0.00014317 0.000334548 0.0545383 9.60387e-07 
0.00261628 0.00136125 0.00138692 0.000998388 0.00296781 0.00017994 0.00016711 0.00533563 0.00485049 0.0019197 8.98644e-05 0.0210996 0.0136812 0.179548 0.000310462 1.66233e-06 0.00468537 0.689343 0.000567355 0.00146219 0.0674276 1.87772e-08 
0.0307374 0.0146569 0.0249483 0.0274402 0.0109391 0.00770741 0.0131255 0.0402148 0.0222214 0.142608 0.00115934 0.00676649 0.00109184 0.265689 0.00374147 0.000221797 0.0216694 0.287596 0.00806767 0.00301841 0.0663267 5.32519e-05 
0.08074 0.0118696 0.00165052 0.0194295 0.00561854 1.64649e-05 0.00422364 0.00034067 0.0626271 1.9729e-05 0.000157205 5.25488e-05 0.000211904 0.252398 0.00091811 3.4489e-08 0.00959752 0.531448 0.0158275 9.27952e-05 0.00276061 3.67101e-11 
0.015666 0.00158587 0.00119708 0.00432598 0.000350462 1.90585e-05 0.00185273 0.012756 0.0255442 0.000185985 0.000753042 0.00113695 0.000258634 0.112951 0.00164148 5.7834e-05 0.00883026 0.780248 0.00905622 0.000506075 0.0210768 1.51401e-07 
0.0531487 0.0128059 0.00750264 0.0614117 0.211614 0.000359205 0.00771812 0.00922964 0.0067272 0.00080821 0.00382666 0.000130096 0.000825256 0.164357 0.000588858 6.26567e-05 0.00949341 0.296933 0.00113607 0.0195207 0.1318 1.91634e-08 
0.0101498 0.00180731 0.00722564 0.0060599 0.0241136 3.16496e-05 5.19964e-07 0.0189844 0.00592325 0.000211081 4.74983e-06 8.39469e-05 0.000165717 0.107884 3.84806e-07 0.00132341 0.234796 0.564148 0.000484455 0.00131848 0.0152837 1.89178e-09 
0.00899809 0.00784264 0.000137693 0.0436735 0.000143203 5.12895e-05 0.000720141 0.167598 0.00559107 0.000277665 0.00606164 0.000266433 5.82025e-05 0.0030322 0.00158831 0.000249387 0.000155788 0.70659 0.00179865 0.000429606 0.0447353 4.67583e-07 
0.0180826 0.00416329 0.000961598 0.00327392 0.00894755 2.2295e-05 3.84013e-05 0.0021162 0.26953 9.03155e-05 6.76096e-05 6.24503e-05 6.48988e-05 0.0867021 9.24585e-11 1.01045e-06 0.0147655 0.343201 7.73144e-05 0.00036782 0.247464 7.5072e-08 
0.0146798 0.00770643 0.0513683 0.00638051 0.0264709 3.35466e-06 8.53433e-05 0.033483 0.0325092 0.00165344 0.000578212 0.000819901 5.97595e-05 0.374443 0.000602529 0.000309748 0.000613561 0.392694 0.00106081 0.000673493 0.0538049 4.88842e-09 
0.00274974 5.79896e-05 0.00142762 0.000969344 1.29528e-06 6.92111e-07 3.78227e-05 0.00326252 0.000193361 8.21229e-05 1.8673e-05 2.68943e-06 5.67189e-06 0.123958 9.24278e-05 0.000559527 0.00215295 0.842165 0.000774997 0.000669217 0.0208179 1.76318e-07 
0.00288914 0.00233242 0.00235314 0.00188513 0.00209471 6.17002e-05 7.70159e-05 0.00376703 0.0050779 0.00065825 8.33394e-05 0.00727434 0.00497976 0.115542 0.000227468 7.16649e-07 0.00183754 0.814361 0.000411377 0.00157538 0.0325105 6.56764e-09 
0.02379 0.0126978 0.00852139 0.0360992 0.0196336 0.0011896 0.0182254 0.080737 0.0804868 0.0693883 0.00148676 0.00366526 0.000410981 0.109325 0.000897382 0.00218362 0.00252279 0.470171 0.00608234 0.00531831 0.0471676 2.92232e-07 
0.0277347 0.0132754 0.00275819 0.0153531 0.0394713 0.000816243 0.0288269 0.0471247 0.00744419 0.01497 0.000451763 0.00176743 0.00021739 0.0650592 0.000309074 0.00135739 0.000552409 0.670892 0.00851299 0.00611573 0.0469652 2.512e-05 
0.00239514 0.00191873 0.00313789 0.00201361 0.000398394 6.69681e-13 1.07368e-06 0.000598712 0.00195361 3.66542e-12 3.1356e-05 9.40901e-08 1.27457e-08 0.0384244 5.63253e-05 5.76196e-10 1.4175e-05 0.946641 1.60969e-08 0.000893854 0.00152152 1.69945e-12 
0.00558532 0.00228503 0.00381238 0.0011123 0.00361427 1.97132e-05 0.000528815 0.011181 0.00898366 0.000545447 0.000176483 0.00450438 0.00175855 0.114269 3.11324e-05 2.36422e-06 0.00403499 0.760531 0.000200437 0.000468365 0.0763536 1.3444e-06 
0.00663899 0.000588443 0.00198363 0.000277248 0.000287348 1.04983e-06 1.32947e-05 0.000159867 0.016127 3.5777e-05 3.66351e-05 8.15571e-06 3.64524e-05 0.0769109 1.25818e-05 7.91105e-06 0.00354931 0.893195 3.13283e-05 3.9647e-05 5.90544e-05 4.36105e-10 
0.00405746 0.00169114 0.0027555 0.000817844 0.00258162 1.40811e-05 0.000377727 0.00798645 0.0064169 0.000389609 0.000126061 0.00325027 0.00125611 0.0845672 2.2238e-05 2.45154e-06 0.00297378 0.825697 0.00014317 0.000334548 0.0545383 9.60387e-07 
0.00139459 0.00308357 0.000853575 0.00223641 0.000241298 7.86111e-06 7.2255e-05 0.00247869 0.00168889 3.93473e-05 0.00189891 0.000238486 0.0006131 0.058882 3.61278e-05 9.72725e-09 0.00209813 0.809981 0.011629 0.000167886 0.102359 5.57445e-13 
0.0129362 7.96072e-05 0.00165816 0.0889709 0.000187705 3.11078e-06 1.09238e-07 0.00176843 3.6625e-05 5.00255e-06 0.000305184 3.93461e-06 0.000519485 0.0154965 5.57305e-05 0.00283253 5.25828e-05 0.857548 0.00246123 0.00661811 0.00846044 9.64145e-10 
0.0166732 0.00465366 0.0555862 0.00643338 0.0072201 0.000314704 0.00223406 0.00400497 0.0118462 0.000533984 0.000483259 0.0504198 0.00934158 0.242359 0.000210582 1.84477e-06 0.224755 0.285667 0.0037947 0.00222488 0.0712415 1.2431e-07 
0.00260634 0.000619565 0.00049791 0.00232524 0.0161931 3.06314e-05 0.000175452 0.00559911 0.00492232 0.000388195 1.97344e-05 8.97549e-05 0.00108083 0.129539 1.13504e-06 6.92882e-05 0.000933813 0.803362 8.13285e-05 0.000488244 0.0309765 1.75247e-07 
0.00405746 0.00169114 0.0027555 0.000817844 0.00258162 1.40811e-05 0.000377727 0.00798645 0.0064169 0.000389609 0.000126061 0.00325027 0.00125611 0.0845672 2.2238e-05 2.45154e-06 0.00297378 0.825697 0.00014317 0.000334548 0.0545383 9.60387e-07 
0.00405746 0.00169114 0.0027555 0.000817844 0.00258162 1.40811e-05 0.000377727 0.00798645 0.0064169 0.000389609 0.000126061 0.00325027 0.00125611 0.0845672 2.2238e-05 2.45154e-06 0.00297378 0.825697 0.00014317 0.000334548 0.0545383 9.60387e-07 
0.0261729 0.015697 0.00615693 0.0353915 0.0089623 0.00111057 0.0283229 0.0281266 0.0338856 0.00106372 0.000322949 0.00960221 0.00127807 0.0849917 0.000716953 0.00159699 0.0316234 0.619472 0.0107998 0.00243123 0.0522678 6.70114e-06 
0.126693 0.00524073 0.0454945 0.0968802 0.0110123 0.000229594 0.0188655 0.0070235 0.0134448 0.000952741 0.0149083 0.0103956 0.00485223 0.0567064 4.55759e-05 8.20068e-06 0.024399 0.348996 0.0111679 0.00285296 0.19983 1.68147e-06 
0.00495878 0.00100634 4.16759e-05 0.000547938 0.00340628 1.93853e-06 4.31596e-05 0.00214962 0.00331287 0.000554923 3.16819e-05 0.000879379 6.40134e-05 0.317066 7.69531e-08 3.34051e-06 0.0111719 0.640853 0.0002567 5.08781e-05 0.0135996 1.62704e-07 
0.148167 0.00753904 0.0140395 0.0116731 0.0101072 3.48124e-05 0.00359402 0.0154277 0.0620284 0.00455216 0.000804108 0.0073253 0.000158584 0.153707 0.00447203 0.00129582 0.00164135 0.493419 0.0328464 0.000354891 0.0268097 2.71653e-06 
0.0301417 0.0126166 0.0103127 0.00398616 0.000629805 1.48706e-05 0.00106303 0.0162898 0.0355853 0.000288064 1.73945e-05 0.00357682 0.000497809 0.171912 8.55463e-05 0.00266595 0.272013 0.386445 0.00464044 0.000608558 0.0466093 3.04308e-08 
0.378645 0.000852998 0.0032588 0.000645387 0.00937463 1.30126e-05 1.4503e-09 0.00712024 0.0037056 0.000469508 6.2223e-06 1.71784e-05 3.24711e-09 0.0358763 2.3459e-09 6.95687e-08 0.157935 0.402065 3.0788e-06 4.61207e-06 4.21817e-06 2.20991e-06 
0.00556439 0.00268821 0.00263309 0.00258042 0.00201866 2.7366e-05 0.000643241 0.00295303 0.00628486 0.000216649 0.000475435 0.00176207 0.004756 0.0721148 7.06097e-05 4.20973e-05 0.0287886 0.843797 0.00162485 0.00081405 0.0201449 6.5085e-08 
0.00108582 3.93701e-07 0.00017674 0.000852305 0.000176727 5.30739e-05 1.52407e-07 0.00237243 0.00100629 4.11444e-06 2.7446e-08 0.00770838 0.000300201 0.0565445 2.58441e-12 6.58156e-12 0.00284226 0.921502 0.000143563 5.84711e-08 0.0052306 1.73045e-10 
0.00261628 0.00136125 0.00138692 0.000998388 0.00296781 0.00017994 0.00016711 0.00533563 0.00485049 0.0019197 8.98644e-05 0.0210996 0.0136812 0.179548 0.000310462 1.66233e-06 0.00468537 0.689343 0.000567355 0.00146219 0.0674276 1.87772e-08 
0.0041699 8.26488e-05 0.000194369 1.24748e-05 1.21307e-05 1.22882e-05 1.92796e-07 1.50425e-06 0.00417618 2.73488e-05 1.38709e-08 5.37893e-06 0.000133068 0.151893 0.000556674 5.20718e-07 0.00149371 0.831028 0.00619982 6.3166e-11 3.86861e-08 1.23124e-12 
0.00424508 0.00744781 0.000343047 8.19819e-08 0.00589095 4.68105e-05 2.25734e-08 0.107523 0.00091226 0.00131836 0.000204331 2.69292e-07 1.69892e-07 0.41797 7.54387e-13 0.000605158 0.00514599 0.426655 0.000316253 2.39297e-08 0.0213755 2.2832e-09 
0.00239514 0.00191873 0.00313789 0.00201361 0.000398394 6.69681e-13 1.07368e-06 0.000598712 0.00195361 3.66542e-12 3.1356e-05 9.40901e-08 1.27457e-08 0.0384244 5.63253e-05 5.76196e-10 1.4175e-05 0.946641 1.60969e-08 0.000893854 0.00152152 1.69945e-12 
0.0229919 0.00521431 0.00115592 0.02021 0.0386371 0.000239858 0.0033492 0.0308167 0.0638103 0.000158956 0.000995313 0.00388955 0.00492389 0.073026 0.0121171 0.000349558 0.0151295 0.620738 0.00132636 0.034125 0.0465594 0.000236122 
0.00421902 0.00535196 0.000916985 0.00420427 0.0240251 4.62619e-06 0.000226916 0.00207244 0.0920497 2.16481e-05 8.08309e-05 0.000346077 0.000762889 0.273528 0.0018994 0.11473 0.156169 0.29434 0.00116284 0.00313461 0.0207528 1.45934e-08 
0.0041699 8.26488e-05 0.000194369 1.24748e-05 1.21307e-05 1.22882e-05 1.92796e-07 1.50425e-06 0.00417618 2.73488e-05 1.38709e-08 5.37893e-06 0.000133068 0.151893 0.000556674 5.20718e-07 0.00149371 0.831028 0.00619982 6.3166e-11 3.86861e-08 1.23124e-12 
0.0359557 0.0128107 0.00796013 0.00756606 0.00198704 5.89565e-05 0.00493741 0.0177579 0.0596509 0.001022 0.000254994 0.00986563 6.21416e-05 0.113776 0.000267318 5.64299e-06 0.261464 0.318445 0.035335 0.000468136 0.110349 7.06355e-08 
0.0359595 5.31861e-08 0.00135028 0.000261742 1.49239e-11 1.07073e-08 2.05272e-08 6.05127e-06 0.0101044 7.33082e-11 4.09362e-11 3.43682e-05 3.25195e-08 0.300345 0.00120956 7.43864e-11 5.99958e-08 0.640236 0.0092185 5.44299e-07 0.00127357 3.39888e-11 
0.0180826 0.00416329 0.000961598 0.00327392 0.00894755 2.2295e-05 3.84013e-05 0.0021162 0.26953 9.03155e-05 6.76096e-05 6.24503e-05 6.48988e-05 0.0867021 9.24585e-11 1.01045e-06 0.0147655 0.343201 7.73144e-05 0.00036782 0.247464 7.5072e-08 
0.030216 0.169153 0.0113942 0.0522394 0.013516 3.52267e-05 0.00427139 0.022431 0.0354648 0.00299572 0.00298069 0.00240709 0.00014829 0.173175 0.000262988 5.03175e-05 0.111191 0.262585 0.0493924 0.00668525 0.0493595 4.60148e-05 
0.02762 0.0118678 0.004383 0.0189598 0.00412308 0.000109419 0.000226321 0.0143294 0.000138351 0.00054119 0.00159858 0.00407519 0.000411573 0.0542084 0.000627819 0.000108704 0.000555264 0.77722 0.00235486 0.0563189 0.0202218 4.24588e-07 
0.00440618 0.000441999 0.00014842 0.00834127 8.75565e-05 1.01211e-06 2.4054e-05 1.34966e-05 0.00115216 2.36336e-05 0.00136566 1.28275e-06 1.54763e-06 0.170899 0.00633456 8.48316e-06 0.000119179 0.795415 0.00691995 0.000172533 0.00412097 1.83471e-06 
0.0505553 0.0223575 0.0149296 0.0100793 0.00189734 5.00709e-06 0.00160635 0.0117313 0.0119644 0.0001522 0.000210813 7.98106e-05 0.00147254 0.287358 0.000775684 5.15032e-07 0.0472468 0.41776 0.0035634 0.00562326 0.11063 2.2986e-07 
0.00340401 0.00187988 0.000189891 0.0409408 0.000169897 2.43769e-05 0.000730189 0.0783179 0.0017036 0.000166272 0.00457373 0.000167747 2.81457e-05 0.0155165 0.000979141 0.000620119 0.000431483 0.832646 0.00263487 0.000405564 0.0144695 2.65269e-07 
0.0041699 8.26488e-05 0.000194369 1.24748e-05 1.21307e-05 1.22882e-05 1.92796e-07 1.50425e-06 0.00417618 2.73488e-05 1.38709e-08 5.37893e-06 0.000133068 0.151893 0.000556674 5.20718e-07 0.00149371 0.831028 0.00619982 6.3166e-11 3.86861e-08 1.23124e-12 
0.091721 0.0252095 0.0103343 0.0693957 0.0151095 1.02806e-05 0.00656235 0.273844 0.00378012 0.000207728 0.00736625 0.00162694 0.000327924 0.0709314 0.000480513 0.00189733 0.000334566 0.289943 0.0321964 0.0118885 0.0864764 0.00035571 
0.00108582 3.93701e-07 0.00017674 0.000852305 0.000176727 5.30739e-05 1.52407e-07 0.00237243 0.00100629 4.11444e-06 2.7446e-08 0.00770838 0.000300201 0.0565445 2.58441e-12 6.58156e-12 0.00284226 0.921502 0.000143563 5.84711e-08 0.0052306 1.73045e-10 
0.0180826 0.00416329 0.000961598 0.00327392 0.00894755 2.2295e-05 3.84013e-05 0.0021162 0.26953 9.03155e-05 6.76096e-05 6.24503e-05 6.48988e-05 0.0867021 9.24585e-11 1.01045e-06 0.0147655 0.343201 7.73144e-05 0.00036782 0.247464 7.5072e-08 
0.0194659 0.0084069 0.00491365 0.00942116 0.014654 5.96462e-05 0.00298878 0.0189617 0.0214041 0.00072301 0.0130349 0.00119492 0.0117633 0.139317 0.00585368 0.000395235 0.000976225 0.647643 0.0156882 0.00340218 0.0597318 4.61256e-07 
0.00355634 5.50167e-05 0.000147865 0.000280717 8.48591e-05 1.39783e-06 1.4155e-05 8.3443e-06 1.67672e-05 4.37103e-05 5.57551e-05 6.33481e-08 3.88357e-07 0.0303896 4.60956e-07 1.00583e-11 7.77755e-05 0.965085 4.1866e-06 2.80543e-05 0.000149289 4.59588e-12 
0.00299261 0.00175017 0.0015984 0.00128364 0.00364703 0.000231349 0.000202204 0.00686008 0.00623633 0.00246817 0.000115537 0.027128 0.0175901 0.17964 0.000399161 3.96324e-08 0.00602404 0.652604 0.000729451 0.00180707 0.0866926 2.39859e-10 
0.00315643 0.000799207 0.000534186 0.000918218 0.000379982 5.66468e-06 1.23138e-07 0.000478457 0.0018587 3.24724e-05 2.13109e-06 0.000147776 3.97993e-05 0.0144964 8.11109e-13 4.29893e-05 0.194662 0.779823 3.38484e-05 4.51182e-05 0.00254422 2.49968e-10 
0.0243941 0.18672 0.00902232 0.0635851 0.00432957 0.000174139 0.00929783 0.0360259 0.0952076 0.0042288 0.00688088 0.00123568 0.0207052 0.0870308 0.000389654 5.95725e-06 0.000135701 0.338119 0.0729023 0.00232212 0.0372708 1.65708e-05 
0.0378566 0.0129118 0.00796257 0.0141071 0.0145219 4.77972e-05 0.000409275 0.0229689 0.0125541 0.0020679 0.00435113 0.0025884 0.00124576 0.319628 0.000382506 4.6138e-05 0.034025 0.444341 0.00995923 0.000262902 0.0570923 0.000670284 
0.0341908 0.077177 0.00461797 0.0209167 0.00385879 0.00329836 0.00766662 0.0482641 0.013421 0.000284525 0.000171956 0.00436724 0.0100527 0.0576669 0.000174567 0.0174241 0.00518869 0.568147 0.00223568 0.000917273 0.119956 2.29661e-06 
0.00209187 0.00460709 0.00127063 0.00335461 0.00036194 1.17906e-05 0.00010838 0.00371803 0.00253331 5.73184e-05 0.00284831 0.000357712 0.000919631 0.0746242 5.41895e-05 1.44425e-08 0.00314718 0.7287 0.0174434 0.000251824 0.153539 6.03404e-13 
0.00645063 0.0884514 0.000329679 0.0123378 0.000315912 0.00296561 0.0484635 0.00785877 0.113326 0.000143098 0.000597042 0.00210738 7.36737e-05 0.0167154 8.3178e-05 0.00582215 0.000558443 0.505253 0.148941 5.67704e-05 0.0391494 1.42935e-09 
0.03264 0.00875022 0.0101862 0.0232005 0.0322319 5.75582e-07 5.75514e-07 0.0216465 5.7568e-07 0.00201201 0.00178362 5.75377e-07 0.0050622 0.100809 5.75347e-07 5.74681e-07 0.0964413 0.66408 5.75615e-07 0.000863726 5.75728e-07 0.000288214 
0.0223646 0.103948 0.034306 0.113306 0.0370809 2.0821e-07 0.000250031 0.0766986 0.0751768 2.0789e-07 0.00349566 2.08136e-07 0.00359976 0.108899 0.00557798 2.07884e-07 2.08152e-07 0.272813 2.08222e-07 0.0238758 0.118606 2.08101e-07 
0.00253495 0.00274266 0.000414781 0.000684766 0.000201676 9.80383e-06 0.000850407 0.00157614 0.0218289 0.000412468 0.00074347 0.000205571 0.000177461 0.0757387 8.34661e-05 8.77457e-07 0.0162219 0.838811 0.00608399 9.63362e-05 0.0305811 3.88135e-09 
0.00899809 0.00784264 0.000137693 0.0436735 0.000143203 5.12895e-05 0.000720141 0.167598 0.00559107 0.000277665 0.00606164 0.000266433 5.82025e-05 0.0030322 0.00158831 0.000249387 0.000155788 0.70659 0.00179865 0.000429606 0.0447353 4.67583e-07 
0.00587174 0.0690079 0.00259169 0.00613616 0.00159726 4.71243e-05 0.00165766 0.00206441 0.0117052 0.000484385 0.00106053 0.00360003 0.000129979 0.0650942 6.11676e-05 3.29489e-05 0.145398 0.665357 0.00616708 0.000449488 0.0114864 1.20583e-07 
0.0345975 0.00882332 0.0741985 0.00976886 0.0452036 6.63848e-05 0.00833439 0.0355529 0.011132 0.00293831 0.00168921 0.00448207 0.000298625 0.229758 0.000121184 9.70111e-06 0.0435364 0.387746 0.0045014 0.0219844 0.0728075 0.00244896 
0.000984751 0.000333425 0.000139761 4.40414e-07 0.00011875 5.23151e-06 0.000487561 8.13392e-08 1.43296e-08 0.00330527 0.00101237 6.23444e-11 0.00177703 0.149878 5.04308e-08 9.92772e-05 0.00784146 0.82769 0.00210882 1.4291e-07 0.00421786 7.76324e-11 
0.0206797 0.0090604 0.00971251 0.0318806 0.0215246 0.0180008 0.0388618 0.0574557 0.057482 0.000477014 0.000188261 0.150143 0.00709812 0.198394 0.00284878 0.00515668 0.0700079 0.223167 0.00299371 0.00354008 0.0698807 0.00144707 
0.0056824 0.00194454 0.000102088 0.0221725 0.000126574 3.96361e-05 0.00147642 0.0403602 0.00630073 0.000214381 0.00210399 7.09277e-05 0.000104099 0.0412224 0.00182284 0.000244626 0.000540179 0.85482 0.00682411 0.0002111 0.0136157 9.8348e-08 
0.0293787 0.0088176 0.00287025 0.000130464 0.0010904 2.95713e-05 0.000737046 0.000295196 0.00370264 0.000912887 0.00173827 4.28337e-05 0.000267076 0.406983 4.40319e-06 3.40126e-09 0.0213491 0.484781 0.00532774 0.000613418 0.0309283 7.63465e-10 
0.0111666 0.016697 0.0016864 0.00668 0.000890393 0.000320912 0.0185443 0.00819554 0.00755347 0.0169681 7.91709e-05 0.00594978 0.000141821 0.403964 3.60191e-05 2.38828e-08 0.00511261 0.455057 0.00173986 0.00208727 0.0371299 1.23007e-10 
0.00729729 0.006673 4.78654e-05 0.000601691 9.83744e-05 1.2393e-05 0.00450622 0.00134098 0.11853 0.000429037 2.07314e-05 7.7827e-05 2.35402e-05 0.0810921 0.000163335 6.41321e-06 0.0768456 0.669176 0.012639 3.90656e-06 0.0204144 3.50589e-08 
0.00108582 3.93701e-07 0.00017674 0.000852305 0.000176727 5.30739e-05 1.52407e-07 0.00237243 0.00100629 4.11444e-06 2.7446e-08 0.00770838 0.000300201 0.0565445 2.58441e-12 6.58156e-12 0.00284226 0.921502 0.000143563 5.84711e-08 0.0052306 1.73045e-10 
0.0093558 4.96369e-05 0.00167163 0.00098286 0.00106808 3.09946e-07 3.25171e-08 0.000169354 0.00375455 5.57694e-05 0.000970347 5.78515e-08 0.000273842 0.152958 0.000299308 3.01947e-08 0.134299 0.69157 0.000124611 8.11363e-05 0.00231572 2.60273e-09 
0.00209187 0.00460709 0.00127063 0.00335461 0.00036194 1.17906e-05 0.00010838 0.00371803 0.00253331 5.73184e-05 0.00284831 0.000357712 0.000919631 0.0746242 5.41895e-05 1.44425e-08 0.00314718 0.7287 0.0174434 0.000251824 0.153539 6.03404e-13 
0.00392074 0.00254651 0.00128679 0.000461272 0.000934454 2.96048e-05 4.23653e-05 0.00503404 0.00125493 0.000340038 1.9677e-05 0.00309232 0.00191617 0.0942114 0.000309626 0.0248028 0.00273787 0.834692 0.000258864 0.00045052 0.0216573 9.76963e-07 
0.0101584 0.00810777 6.03814e-05 0.000804111 9.96206e-05 1.70464e-05 0.00508007 0.00186724 0.161208 0.000546317 2.64412e-05 0.000101732 3.03445e-05 0.0978738 0.000145966 8.17313e-06 0.1017 0.570068 0.0153993 1.57574e-07 0.0266959 3.94782e-08 
0.003492 0.00145655 0.000652515 0.00087227 0.000992736 2.76343e-05 0.00133611 0.00256234 0.0224228 0.000382731 4.2773e-05 0.00364226 0.000507712 0.0497139 5.29191e-05 2.08617e-06 0.00320432 0.884635 0.00150688 8.0703e-05 0.022414 1.98312e-07 
0.00315643 0.000799207 0.000534186 0.000918218 0.000379982 5.66468e-06 1.23138e-07 0.000478457 0.0018587 3.24724e-05 2.13109e-06 0.000147776 3.97993e-05 0.0144964 8.11109e-13 4.29893e-05 0.194662 0.779823 3.38484e-05 4.51182e-05 0.00254422 2.49968e-10 
0.0753119 0.000892525 0.00262395 0.00325592 0.00092412 2.4978e-06 9.60939e-05 0.00107856 0.0121938 9.75337e-05 0.00298187 3.21498e-08 0.000146745 0.32874 0.000160379 2.41706e-05 0.0989444 0.468363 0.000965606 4.35184e-05 0.00315351 2.1964e-09 
0.0126945 0.00541758 0.00221648 0.00841905 0.00166745 0.00032563 0.00355404 0.0103678 0.00933342 0.00080713 0.000937032 0.00427297 0.00147211 0.0987608 0.000984284 0.00142543 0.0902903 0.716357 0.0023484 0.00246779 0.0258733 8.01494e-06 
0.00566854 0.00383686 0.000948025 0.000808517 0.000866637 1.54327e-05 0.00189997 0.00436301 0.0429965 0.000452738 6.84466e-05 0.00109206 0.00042084 0.0788924 9.0902e-05 5.1886e-06 0.0253331 0.793638 0.00319533 0.000102211 0.0353053 3.14031e-07 
7.80538e-05 4.87552e-05 0.000285714 1.59811e-05 1.32536e-05 5.82668e-07 7.34796e-06 8.05755e-05 9.84533e-06 0.000285172 7.804e-05 7.7093e-09 1.6265e-08 0.0442384 1.1814e-05 9.16542e-12 0.000161753 0.954469 6.03401e-06 8.63198e-05 0.000123003 4.18789e-12 
0.00139459 0.00308357 0.000853575 0.00223641 0.000241298 7.86111e-06 7.2255e-05 0.00247869 0.00168889 3.93473e-05 0.00189891 0.000238486 0.0006131 0.058882 3.61278e-05 9.72725e-09 0.00209813 0.809981 0.011629 0.000167886 0.102359 5.57445e-13 
0.00404661 0.0010898 0.000224558 0.00252835 3.93996e-06 5.33892e-06 0.00158292 0.00284054 0.00984116 1.91327e-05 0.000312697 2.06451e-05 0.000133526 0.0578607 0.000663156 0.000194133 0.000682011 0.899753 0.0158115 1.20306e-05 0.00237447 1.96184e-08 
0.00725602 0.0058096 4.49825e-05 0.000574369 7.116e-05 1.21767e-05 0.00362864 0.00133375 0.115149 0.00039283 1.88882e-05 7.2669e-05 2.16765e-05 0.0818471 0.000104266 5.83877e-06 0.0726432 0.680946 0.0109995 1.13282e-07 0.0190685 2.82478e-08 
8.90448e-09 6.01975e-06 4.44217e-06 6.69496e-05 5.66058e-09 3.09178e-08 2.21325e-07 0.000258736 4.72673e-13 5.99939e-10 2.82142e-12 5.77991e-06 0.135445 0.00414074 5.78137e-09 5.12689e-12 1.67364e-12 0.860032 7.71523e-13 3.15283e-09 4.02566e-05 2.34259e-12 
0.02762 0.0118678 0.004383 0.0189598 0.00412308 0.000109419 0.000226321 0.0143294 0.000138351 0.00054119 0.00159858 0.00407519 0.000411573 0.0542084 0.000627819 0.000108704 0.000555264 0.77722 0.00235486 0.0563189 0.0202218 4.24588e-07 
0.00171453 0.00137621 0.00224871 0.00144283 0.00028771 7.08827e-11 1.02145e-06 0.000430218 0.00139905 3.87969e-10 2.35479e-05 1.15249e-07 6.81981e-07 0.0332825 4.15363e-05 2.50003e-08 0.000626987 0.953002 8.73772e-07 0.000643105 0.00347832 1.79879e-10 
0.0197818 0.0184248 0.00774061 0.175867 0.00412782 7.93775e-06 0.0133149 0.0187277 0.259072 0.00048355 0.00270999 9.69717e-05 0.00065324 0.0216841 0.00189706 1.49926e-06 0.00432909 0.308008 0.0908617 0.0130422 0.0391669 3.19091e-09 
0.00261628 0.00136125 0.00138692 0.000998388 0.00296781 0.00017994 0.00016711 0.00533563 0.00485049 0.0019197 8.98644e-05 0.0210996 0.0136812 0.179548 0.000310462 1.66233e-06 0.00468537 0.689343 0.000567355 0.00146219 0.0674276 1.87772e-08 
0.152991 0.00830328 0.00842469 0.106533 0.00555873 2.42292e-05 0.000329794 0.0889545 1.16494e-05 0.00281606 0.00270352 0.000692623 0.0190316 0.0855035 0.000868958 0.000248269 0.00023106 0.251976 0.00215823 0.207484 0.055155 3.08989e-12 
0.0548509 0.00679351 0.0206415 0.00727919 0.0176218 0.00894161 0.00275915 0.0245565 0.0142048 0.000575849 0.00115023 0.0037235 0.00188599 0.371605 0.00270405 4.09432e-05 0.0213111 0.386849 0.0029471 0.0159882 0.0335409 2.9722e-05 
0.00355634 5.50167e-05 0.000147865 0.000280717 8.48591e-05 1.39783e-06 1.4155e-05 8.3443e-06 1.67672e-05 4.37103e-05 5.57551e-05 6.33481e-08 3.88357e-07 0.0303896 4.60956e-07 1.00583e-11 7.77755e-05 0.965085 4.1866e-06 2.80543e-05 0.000149289 4.59588e-12 
0.00139786 0.00292257 0.0035116 0.00974608 0.00345985 9.95252e-05 0.000241764 0.00306518 0.00335222 4.20291e-06 0.000439148 0.0187219 0.00130282 0.239857 0.000154238 7.35739e-11 0.0198982 0.660204 0.00103262 2.7509e-05 0.0305623 9.52072e-10 
0.171617 0.00883435 0.0147062 0.0776343 0.00611537 9.55535e-07 0.000602817 0.0293328 0.00522867 8.70235e-06 0.0198096 9.15417e-05 0.000143592 0.150935 0.00017706 3.07639e-05 0.0749348 0.228532 0.0345423 0.0635171 0.113205 1.32111e-07 
0.00299261 0.00175017 0.0015984 0.00128364 0.00364703 0.000231349 0.000202204 0.00686008 0.00623633 0.00246817 0.000115537 0.027128 0.0175901 0.17964 0.000399161 3.96324e-08 0.00602404 0.652604 0.000729451 0.00180707 0.0866926 2.39859e-10 
0.00355634 5.50167e-05 0.000147865 0.000280717 8.48591e-05 1.39783e-06 1.4155e-05 8.3443e-06 1.67672e-05 4.37103e-05 5.57551e-05 6.33481e-08 3.88357e-07 0.0303896 4.60956e-07 1.00583e-11 7.77755e-05 0.965085 4.1866e-06 2.80543e-05 0.000149289 4.59588e-12 
0.0650689 0.023732 0.0400258 0.0220504 0.0160268 9.7357e-05 0.00865137 0.0399568 0.0806427 0.0032916 0.00244967 0.00417436 0.00138639 0.20777 0.000923579 7.58308e-05 0.0366649 0.33342 0.0104439 0.0217679 0.081349 3.08015e-05 
0.00239514 0.00191873 0.00313789 0.00201361 0.000398394 6.69681e-13 1.07368e-06 0.000598712 0.00195361 3.66542e-12 3.1356e-05 9.40901e-08 1.27457e-08 0.0384244 5.63253e-05 5.76196e-10 1.4175e-05 0.946641 1.60969e-08 0.000893854 0.00152152 1.69945e-12 
0.08074 0.0118696 0.00165052 0.0194295 0.00561854 1.64649e-05 0.00422364 0.00034067 0.0626271 1.9729e-05 0.000157205 5.25488e-05 0.000211904 0.252398 0.00091811 3.4489e-08 0.00959752 0.531448 0.0158275 9.27952e-05 0.00276061 3.67101e-11 
0.0063564 0.00671311 0.000759778 0.00226039 0.000851569 5.70658e-05 0.00283289 0.00346539 0.00799254 0.000155248 0.000177023 0.00878107 0.00127713 0.0430264 5.24261e-05 2.34275e-05 0.127206 0.747775 0.00345382 0.000706263 0.0360775 2.2933e-08 
0.00428411 0.00198766 0.000730232 0.0017847 0.00233715 1.29741e-05 8.22737e-05 0.00360616 0.00229829 0.000212964 0.00104552 0.000532673 0.00268657 0.074192 6.09076e-05 0.00537396 0.00120328 0.852574 0.00497295 0.000304632 0.0397163 2.94623e-07 
0.0233381 0.00946226 0.214832 0.00137504 0.000936703 9.584e-06 0.00214738 0.0417692 0.00010972 0.000313289 0.00537295 0.0027313 0.0016883 0.221048 0.008768 3.35345e-05 0.00238809 0.266482 0.138182 0.000691996 0.0583207 5.5562e-08 
0.042112 0.105707 2.04557e-07 0.00724428 2.04593e-07 0.000941369 0.0131749 0.0179675 0.207316 0.00909095 0.00108382 0.00335446 2.04459e-07 0.184491 0.00507225 2.0428e-07 0.00711831 0.252982 0.0664787 2.04548e-07 0.0758648 2.04493e-07 
0.00324623 0.00206803 3.53391e-05 0.00633981 2.44293e-05 2.84814e-07 8.03929e-13 0.00401194 6.88518e-10 1.22114e-05 5.62288e-05 6.39743e-06 7.6498e-06 0.0117365 1.73929e-05 4.07701e-05 3.83301e-05 0.961835 5.25383e-05 0.000453171 0.0100171 1.5871e-07 
0.0409025 0.0118975 0.00574845 0.0161756 0.0101966 4.42104e-05 0.00621904 0.0168264 0.0254395 0.000235282 0.00203746 0.00303736 0.000398438 0.185641 0.000251084 6.13149e-05 0.147331 0.455491 0.00681657 0.00916991 0.0560804 5.22782e-08 
0.00139459 0.00308357 0.000853575 0.00223641 0.000241298 7.86111e-06 7.2255e-05 0.00247869 0.00168889 3.93473e-05 0.00189891 0.000238486 0.0006131 0.058882 3.61278e-05 9.72725e-09 0.00209813 0.809981 0.011629 0.000167886 0.102359 5.57445e-13 
0.0184662 0.00320368 0.00349292 0.00984596 0.00671622 9.47868e-05 0.00532554 0.0102085 0.0098791 0.00188225 0.00239081 0.00398076 0.0023235 0.16679 0.0023405 0.000407992 0.0334373 0.620146 0.0026865 0.00749977 0.0888794 1.72924e-06 
0.00613249 0.184528 0.000299806 0.00646297 0.00661444 7.1115e-05 0.00621156 0.00451061 0.0706824 0.000267066 7.81002e-05 0.000990444 0.000123028 0.271714 0.0258179 4.03467e-05 0.0179067 0.296645 0.0528468 0.00016068 0.0478957 5.77446e-07 
0.00209187 0.00460709 0.00127063 0.00335461 0.00036194 1.17906e-05 0.00010838 0.00371803 0.00253331 5.73184e-05 0.00284831 0.000357712 0.000919631 0.0746242 5.41895e-05 1.44425e-08 0.00314718 0.7287 0.0174434 0.000251824 0.153539 6.03404e-13 
0.00548482 0.00457736 0.000989029 0.00236207 0.00442926 9.99545e-05 0.00325646 0.00762449 0.0130051 0.000248266 0.000317549 0.00258445 0.00915995 0.0722767 0.000203087 0.000106587 0.0100595 0.830712 0.00377158 0.00106043 0.0274853 0.000186507 
0.00139459 0.00308357 0.000853575 0.00223641 0.000241298 7.86111e-06 7.2255e-05 0.00247869 0.00168889 3.93473e-05 0.00189891 0.000238486 0.0006131 0.058882 3.61278e-05 9.72725e-09 0.00209813 0.809981 0.011629 0.000167886 0.102359 5.57445e-13 
0.0175052 0.011369 0.00269978 0.0173468 0.00619488 1.24511e-05 0.00138124 0.0394817 0.043321 0.000307599 0.00920838 0.00161852 0.00440997 0.178615 0.00483156 0.00480736 0.0182653 0.534614 0.0260616 0.000814233 0.0771328 1.72373e-06 
0.00574555 0.00268458 0.000617379 0.00160966 0.0067937 8.28643e-05 0.00847026 0.00802815 0.0110787 0.00160721 0.000160264 0.00556358 0.00353355 0.0851918 7.34704e-05 8.23988e-06 0.00684267 0.808532 0.00284695 0.000480639 0.0400462 3.0882e-06 
0.00261628 0.00136125 0.00138692 0.000998388 0.00296781 0.00017994 0.00016711 0.00533563 0.00485049 0.0019197 8.98644e-05 0.0210996 0.0136812 0.179548 0.000310462 1.66233e-06 0.00468537 0.689343 0.000567355 0.00146219 0.0674276 1.87772e-08 
1.15392e-05 1.32466e-09 2.33828e-05 3.37017e-05 1.17177e-05 2.48692e-06 7.94103e-13 1.07581e-08 1.06125e-05 2.97691e-09 1.80016e-12 0.00058906 6.39636e-08 0.0170154 1.28448e-12 9.07319e-10 0.00103305 0.981264 4.85893e-06 1.0341e-12 3.55837e-09 1.49465e-12 
0.00315643 0.000799207 0.000534186 0.000918218 0.000379982 5.66468e-06 1.23138e-07 0.000478457 0.0018587 3.24724e-05 2.13109e-06 0.000147776 3.97993e-05 0.0144964 8.11109e-13 4.29893e-05 0.194662 0.779823 3.38484e-05 4.51182e-05 0.00254422 2.49968e-10 
0.00682915 0.00603432 0.00011923 0.0329461 0.00012159 4.85013e-05 0.000564555 0.126097 0.00428831 0.000248489 0.00466072 0.000231393 5.28638e-05 0.00230077 0.00126066 0.00020967 0.000130791 0.778312 0.00138472 0.000348702 0.0338086 1.70716e-06 
0.08074 0.0118696 0.00165052 0.0194295 0.00561854 1.64649e-05 0.00422364 0.00034067 0.0626271 1.9729e-05 0.000157205 5.25488e-05 0.000211904 0.252398 0.00091811 3.4489e-08 0.00959752 0.531448 0.0158275 9.27952e-05 0.00276061 3.67101e-11 
0.00525198 0.00164547 0.000994312 0.00119813 0.000181064 4.21587e-06 4.40577e-05 0.00132791 0.000904843 6.90119e-05 0.00101759 0.000127825 0.000328529 0.30442 1.93654e-05 9.28283e-07 0.00112407 0.619465 0.00623028 0.000103311 0.0555419 2.31453e-10 
0.00348432 0.00387442 0.00266319 0.00293239 0.000776354 5.83012e-07 0.000121072 0.00111713 0.00313515 3.32015e-06 2.60193e-05 3.00556e-05 2.50139e-05 0.0337362 3.3351e-05 5.07646e-06 0.02119 0.922516 8.73854e-05 0.000739279 0.00350406 1.12384e-10 
0.000802214 0.00183415 0.000518281 0.00138049 0.0001286 2.56877e-05 0.000486584 0.00228703 0.000703769 1.68805e-05 0.000791344 0.00018254 0.0430872 0.0341158 2.12773e-05 4.46352e-09 0.000874261 0.860796 0.00484561 8.58975e-05 0.0470161 1.17994e-12 
0.0301158 0.0326226 0.0323605 0.0169493 0.00734283 1.91049e-06 8.91124e-05 0.00735423 0.0267864 0.153454 0.00021391 0.000158644 3.44527e-05 0.290924 0.000299244 6.96746e-08 0.000327139 0.386637 0.000520057 0.00142433 0.0123846 4.42537e-09 
0.00135356 0.000999531 0.00101994 0.000669548 0.000962837 5.49805e-05 8.59549e-05 0.00251422 0.00282516 0.0010416 0.000676388 0.00569598 0.00396065 0.109498 0.000112583 4.67692e-07 0.00262601 0.826219 0.00176527 0.000584689 0.0373336 3.7439e-09 
0.000646227 0.00106416 0.000396071 0.000998428 0.000144765 3.21844e-05 2.40905e-05 0.00110651 0.000893721 1.63686e-05 0.000633071 0.00436254 0.000631735 0.0471489 1.20474e-05 3.6359e-08 0.00190305 0.900517 0.00438229 5.59716e-05 0.0350304 9.56279e-13 
0.00958076 0.00687092 0.0011575 0.0115885 0.000525694 2.83343e-05 0.00122181 0.047786 0.0195671 0.000769614 0.000947286 0.00319621 5.37539e-05 0.055525 0.00128987 0.000603452 0.0340926 0.758402 0.00521685 0.00191132 0.039665 1.43493e-07 
0.00139459 0.00308357 0.000853575 0.00223641 0.000241298 7.86111e-06 7.2255e-05 0.00247869 0.00168889 3.93473e-05 0.00189891 0.000238486 0.0006131 0.058882 3.61278e-05 9.72725e-09 0.00209813 0.809981 0.011629 0.000167886 0.102359 5.57445e-13 
0.0222526 0.0203998 0.00160788 0.00875315 0.00138957 0.00419469 0.14518 0.0179048 0.081163 0.00042535 0.000476894 0.00372555 0.00490671 0.269008 0.00429263 0.00186951 0.0097904 0.320797 0.0440787 0.000416461 0.0373666 1.79596e-08 
0.00355634 5.50167e-05 0.000147865 0.000280717 8.48591e-05 1.39783e-06 1.4155e-05 8.3443e-06 1.67672e-05 4.37103e-05 5.57551e-05 6.33481e-08 3.88357e-07 0.0303896 4.60956e-07 1.00583e-11 7.77755e-05 0.965085 4.1866e-06 2.80543e-05 0.000149289 4.59588e-12 
0.0180826 0.00416329 0.000961598 0.00327392 0.00894755 2.2295e-05 3.84013e-05 0.0021162 0.26953 9.03155e-05 6.76096e-05 6.24503e-05 6.48988e-05 0.0867021 9.24585e-11 1.01045e-06 0.0147655 0.343201 7.73144e-05 0.00036782 0.247464 7.5072e-08 
0.00437515 0.00263498 1.9929e-05 0.0347594 4.61761e-05 3.29664e-05 0.000684394 0.145309 0.00258932 0.000113196 0.00190398 0.000154443 2.47591e-05 0.000662078 0.00208869 0.000696104 3.994e-05 0.777222 0.00298108 0.000240874 0.0234212 4.21575e-07 
1.15392e-05 1.32466e-09 2.33828e-05 3.37017e-05 1.17177e-05 2.48692e-06 7.94103e-13 1.07581e-08 1.06125e-05 2.97691e-09 1.80016e-12 0.00058906 6.39636e-08 0.0170154 1.28448e-12 9.07319e-10 0.00103305 0.981264 4.85893e-06 1.0341e-12 3.55837e-09 1.49465e-12 
7.80538e-05 4.87552e-05 0.000285714 1.59811e-05 1.32536e-05 5.82668e-07 7.34796e-06 8.05755e-05 9.84533e-06 0.000285172 7.804e-05 7.7093e-09 1.6265e-08 0.0442384 1.1814e-05 9.16542e-12 0.000161753 0.954469 6.03401e-06 8.63198e-05 0.000123003 4.18789e-12 
0.00020714 2.6354e-05 0.000946053 4.4267e-05 2.7491e-05 2.08186e-08 1.49029e-07 0.000129378 4.08285e-13 7.10415e-07 2.43708e-12 3.40533e-05 0.0882475 0.0377757 3.89325e-09 1.21262e-09 9.92375e-06 0.872468 6.66425e-13 2.3708e-09 8.2868e-05 2.02348e-12 
0.00261628 0.00136125 0.00138692 0.000998388 0.00296781 0.00017994 0.00016711 0.00533563 0.00485049 0.0019197 8.98644e-05 0.0210996 0.0136812 0.179548 0.000310462 1.66233e-06 0.00468537 0.689343 0.000567355 0.00146219 0.0674276 1.87772e-08 
0.00442581 0.00392037 0.000282321 0.00160851 0.000735939 3.39452e-05 0.00114108 0.00230534 0.011059 0.000148279 9.18237e-05 0.00232299 0.00251118 0.0786336 0.000278196 5.06246e-06 0.00248719 0.853012 0.0018694 0.000664638 0.0324629 2.86856e-08 
1.66696e-09 6.63167e-05 0.00133726 0.0768046 0.129236 2.53577e-09 3.41891e-09 0.000137785 0.00238132 0.00116853 9.15942e-05 0.0289533 6.21741e-05 0.231458 5.53018e-09 1.40834e-08 1.20333e-05 0.246593 0.0425034 7.95025e-06 0.239185 6.43502e-09 
2.67415e-07 2.67408e-07 0.00155077 2.67428e-07 2.67373e-07 0.000214174 0.00267378 2.67433e-07 2.67429e-07 0.000881275 2.67194e-07 2.67288e-07 2.67199e-07 0.178654 2.67274e-07 2.66965e-07 0.0239244 0.789235 2.67399e-07 2.69989e-05 0.00283525 2.67243e-07 
1.15392e-05 1.32466e-09 2.33828e-05 3.37017e-05 1.17177e-05 2.48692e-06 7.94103e-13 1.07581e-08 1.06125e-05 2.97691e-09 1.80016e-12 0.00058906 6.39636e-08 0.0170154 1.28448e-12 9.07319e-10 0.00103305 0.981264 4.85893e-06 1.0341e-12 3.55837e-09 1.49465e-12 
0.00899809 0.00784264 0.000137693 0.0436735 0.000143203 5.12895e-05 0.000720141 0.167598 0.00559107 0.000277665 0.00606164 0.000266433 5.82025e-05 0.0030322 0.00158831 0.000249387 0.000155788 0.70659 0.00179865 0.000429606 0.0447353 4.67583e-07 
0.00239514 0.00191873 0.00313789 0.00201361 0.000398394 6.69681e-13 1.07368e-06 0.000598712 0.00195361 3.66542e-12 3.1356e-05 9.40901e-08 1.27457e-08 0.0384244 5.63253e-05 5.76196e-10 1.4175e-05 0.946641 1.60969e-08 0.000893854 0.00152152 1.69945e-12 
0.00476048 0.00294209 4.75055e-05 0.00932917 3.66432e-05 4.27119e-07 1.11612e-12 0.0060179 9.97826e-10 1.8316e-05 8.43338e-05 5.83861e-06 1.1474e-05 0.0160157 2.60885e-05 5.67597e-05 4.49139e-05 0.944818 7.88059e-05 0.000679753 0.0150257 2.37991e-07 
0.0075845 0.00106372 0.000973657 0.0268195 0.000391238 2.97392e-05 0.000351382 0.0027538 0.000993001 5.50436e-06 0.000176016 0.00124879 0.000596941 0.0329539 1.23913e-05 0.000640172 0.000601776 0.898176 0.000958553 0.00215045 0.0215187 2.19749e-09 
0.017177 0.019279 0.00240852 0.00990791 0.00214208 1.81183e-05 1.01385e-05 0.00188558 8.22896e-07 5.66455e-06 0.0018132 1.13444e-08 1.19964e-05 0.260921 3.5026e-08 3.12021e-06 0.020036 0.429457 0.0948465 1.97342e-05 0.140056 1.4531e-11 
0.0508087 0.0207069 0.00241455 0.0118879 0.00591178 6.3142e-05 0.000190388 0.0217821 0.0296261 9.86214e-05 0.000265151 0.00125797 3.13899e-05 0.0665854 4.48166e-08 0.000233933 0.12883 0.585144 0.00100168 0.000224063 0.0729364 3.03095e-08 
0.0050262 0.007369 0.000451955 0.00465281 0.00236284 1.53818e-05 0.00131332 0.00524113 0.0150181 0.000302172 0.000327196 0.000647201 0.00634666 0.0362472 0.000434382 2.04506e-05 0.00111864 0.841641 0.000791308 0.00281896 0.0678535 1.35283e-07 
0.0753119 0.000892525 0.00262395 0.00325592 0.00092412 2.4978e-06 9.60939e-05 0.00107856 0.0121938 9.75337e-05 0.00298187 3.21498e-08 0.000146745 0.32874 0.000160379 2.41706e-05 0.0989444 0.468363 0.000965606 4.35184e-05 0.00315351 2.1964e-09 
