0.061995 0.0241377 0.00446534 0.0605449 0.00556195 0.0396568 0.0010089 0.0234854 0.0498701 0.000291385 0.00730856 0.000162802 0.00162897 0.0128119 0.00674568 0.00129727 0.00102227 0.000133544 0.132043 0.00590046 0.559578 0.000350362 
0.0232541 0.0154717 0.191901 0.0868506 0.0102203 8.87882e-10 4.78156e-06 0.348718 0.00437454 5.18031e-06 0.000432447 1.80946e-09 0.00156527 0.030212 0.0170577 9.72218e-05 9.68705e-05 5.45654e-10 0.0318127 0.148363 0.0895616 9.60912e-07 
0.0199305 0.0106745 0.00112267 0.168518 0.156253 0.000134835 0.000202113 0.0507973 0.0306032 0.00069963 2.59064e-05 0.0340408 2.20906e-07 0.0190098 0.00195066 6.94266e-08 2.02955e-05 3.12809e-08 0.00182786 0.468272 0.035906 1.06806e-05 
0.0574108 0.00025477 0.0098207 0.620164 0.000179185 7.27701e-06 2.69082e-05 0.0103825 0.0296042 0.000366171 0.00204919 0.000416516 0.000473769 0.039983 0.0103465 7.95963e-05 0.00114668 7.59335e-07 0.161861 0.0237214 0.0317009 3.45391e-06 
0.0061661 0.0889408 0.000418598 0.0966874 0.000752397 3.55497e-06 0.0432476 0.0687948 0.125342 5.69893e-08 0.000318387 4.91571e-06 6.63481e-05 7.01762e-05 0.0165493 7.44723e-05 1.92623e-09 3.4767e-11 0.513957 9.93274e-11 0.0386065 1.43563e-10 
0.00139315 1.4639e-07 2.13133e-06 0.0201259 1.41216e-07 3.51944e-11 4.74516e-11 3.3821e-07 1.44348e-08 1.92633e-10 1.07568e-10 7.17244e-11 1.26437e-06 0.978476 7.67543e-11 5.67047e-07 3.1968e-08 2.1629e-11 2.94148e-11 6.17929e-11 1.59355e-07 8.93127e-11 
0.199787 0.0201201 0.341704 0.0695817 0.0381532 0.00457284 0.00704207 0.0161315 0.0370303 0.000850142 0.00121033 0.0117265 0.0134553 0.0919033 0.052496 0.00057374 0.00193223 0.000557228 0.00622017 0.0433089 0.0381181 0.00352524 
0.0678275 0.0572109 2.1471e-05 0.364292 0.00216697 6.07878e-05 0.231969 0.0179324 0.000376003 1.93977e-06 1.46968e-05 0.000378162 9.28662e-06 0.0725867 3.08652e-08 7.86028e-08 0.000105367 8.69768e-09 2.26226e-05 2.48488e-08 0.185023 9.87888e-07 
0.0166582 0.0204802 0.00798795 0.070265 0.728678 0.00932925 0.0151887 0.00939574 0.017787 0.000363803 0.00028926 0.00344513 0.00124176 0.0533644 0.0130384 0.00147807 0.0202869 0.000232861 0.00146708 0.00452942 0.00377817 0.00071441 
2.4968e-06 2.82061e-06 0.000664953 0.93651 0.00135648 3.79812e-06 5.1209e-06 0.000469704 0.00557365 2.07886e-05 1.16086e-05 7.74038e-06 1.14653e-05 0.00639477 0.000647647 2.10943e-05 4.39691e-05 2.33416e-06 0.00069128 0.00100022 0.0465486 9.63848e-06 
0.00982188 0.00850637 6.57958e-07 0.312961 0.00034198 1.45714e-07 0.000654443 0.183626 0.00206356 1.06989e-09 0.454878 3.15834e-06 0.000422529 0.00417741 0.0056139 0.00104015 2.66471e-07 1.20128e-10 0.0141498 2.42688e-06 0.00145086 0.000285306 
0.00435853 2.06406e-05 6.46099e-05 0.250817 0.00197723 0.0144645 4.48419e-05 0.0758794 0.00710754 6.72839e-06 0.569731 0.000340582 0.000207567 0.00025272 0.0575478 8.15371e-05 3.85492e-05 1.6229e-07 0.00536274 0.00980021 0.00188811 8.72465e-06 
0.0829922 0.00329185 0.000270316 0.21155 0.00208533 1.05759e-05 1.55545e-07 0.0863094 0.0693607 1.23402e-05 2.02327e-07 0.00131295 1.00475e-05 0.00616715 2.34792e-09 9.84275e-07 4.89807e-11 1.66029e-11 0.000215639 0.0664183 0.469992 1.14599e-07 
0.0888254 0.505397 0.00857592 0.00821807 0.19844 0.000367642 0.000194352 0.031632 0.00850114 1.19625e-05 0.00510793 0.0563996 0.000121566 0.0070088 0.0569483 7.03296e-06 0.000213376 6.8657e-06 0.00216471 0.00265835 0.00887004 0.0103298 
0.0821349 0.00229358 0.0010369 0.395764 0.000317604 1.93433e-06 0.00282576 0.0107097 0.074243 2.32584e-05 2.03899e-05 4.83225e-06 0.0059767 0.00861605 0.0343383 4.19808e-10 1.37043e-10 4.64532e-11 0.0114106 0.266452 0.103831 1.9182e-10 
7.14442e-05 0.0725186 0.00422918 0.0943371 0.568163 0.00188693 0.000592104 0.188182 0.0342787 0.00365368 1.26611e-05 8.08371e-06 7.80823e-05 9.58861e-05 8.53556e-06 2.39358e-06 7.17584e-07 5.41443e-09 0.0299703 0.000275655 0.00163206 2.75427e-06 
0.0913813 0.37768 0.000747014 0.0019782 0.426625 2.11486e-05 2.14268e-07 0.00646633 0.0574213 0.0027698 0.0013256 0.000747063 0.0104646 0.000475659 1.71324e-07 2.86189e-07 5.64421e-08 2.92285e-11 7.88945e-07 0.000890213 0.020698 0.000307629 
0.00584719 0.00161921 0.000893595 0.0613239 0.0209706 0.00985954 0.00590139 0.608585 0.061642 0.000226613 0.0019704 0.107552 0.000227768 0.0149876 0.00196206 8.21484e-05 0.000107505 4.76587e-05 0.0182119 0.0188682 0.0587983 0.000315979 
0.507413 0.000413753 0.0523096 0.00203016 0.105512 6.09398e-05 1.69611e-05 0.0169891 4.23994e-05 1.69908e-07 0.00280553 0.00113255 5.8372e-05 0.263285 2.6908e-05 2.85298e-06 0.0199598 1.90774e-08 2.55895e-06 1.09333e-05 0.0279271 3.84979e-07 
0.064205 0.00141642 0.0154159 0.0147607 0.670141 2.6622e-05 1.63843e-06 0.00918941 0.00718334 1.83257e-05 2.78815e-05 0.000515534 1.31758e-05 0.0267409 0.0337431 6.92093e-05 9.02464e-07 1.76724e-07 0.0283008 0.117622 0.0106068 1.05193e-06 
0.455165 0.0969846 1.11432e-10 0.268588 1.85103e-07 6.91885e-11 8.11671e-07 0.0326962 0.0384096 3.78695e-10 2.13583e-08 4.7955e-07 2.08858e-10 2.14558e-07 1.50891e-10 3.18978e-06 1.25441e-10 4.25203e-11 1.02359e-06 0.000869487 0.107281 8.7965e-08 
9.8225e-05 3.43096e-05 0.000988747 0.0368387 0.0297932 1.15982e-06 5.31747e-05 0.0233139 0.00213533 1.75545e-07 0.842696 1.38551e-05 1.00407e-06 0.00130307 0.000773387 6.15523e-05 2.25731e-06 1.97104e-08 2.73849e-05 0.0556521 0.00621276 8.13903e-08 
0.0253304 1.55494e-06 7.79628e-07 0.22242 1.81854e-07 1.46891e-07 7.33242e-11 0.0335437 0.305764 2.97664e-10 0.00102654 5.21019e-07 1.64167e-10 3.87358e-06 0.131279 3.02042e-10 9.85995e-11 3.3422e-11 0.0544913 3.06516e-06 0.226063 7.2455e-05 
0.0424523 0.00152586 0.00679943 0.260389 0.196204 1.77708e-07 0.000890227 0.0933872 0.0716561 5.47951e-06 8.0416e-10 1.45709e-05 2.47073e-06 0.00178841 3.74142e-06 5.69498e-07 6.22996e-07 1.61694e-10 0.00353455 0.218228 0.103118 6.67684e-10 
0.251247 6.09689e-10 5.5158e-07 3.46028e-06 9.1479e-10 8.20984e-10 4.75959e-06 4.42334e-06 0.0867785 4.49356e-09 0.000111105 8.43813e-06 2.47829e-09 1.14878e-06 8.84344e-07 0.579977 7.50236e-09 5.04542e-10 0.0641711 0.0122107 0.00548045 2.73363e-08 
0.0073273 0.0325207 3.36166e-06 0.000263534 3.25907e-08 5.9843e-09 9.50226e-12 0.0759662 0.00365198 1.43758e-07 7.82459e-05 1.43629e-11 1.08473e-08 0.000189585 1.53702e-11 3.91423e-11 1.27777e-11 4.33124e-12 0.000107297 1.23741e-11 0.879892 1.7885e-11 
0.00223548 0.00162275 0.0032637 0.89572 0.00240739 0.000459001 0.000258985 0.000447222 0.0138599 2.0136e-05 0.000104801 0.000923087 0.00197885 0.0439032 0.0194421 9.57264e-05 0.000387095 4.09402e-08 0.00859273 0.00233352 0.00194452 4.37706e-08 
0.00566354 0.000636222 0.00195805 0.096678 0.0414476 4.2352e-06 1.47168e-09 0.00146989 0.000701215 5.97438e-09 0.000192628 3.53501e-05 1.12908e-05 0.84044 0.000329827 6.06225e-09 1.97898e-09 6.70809e-10 0.00262422 0.00471256 0.00309204 3.27086e-06 
0.00941513 0.525558 2.35132e-07 0.000357118 0.384918 0.00309226 0.000417513 0.0322439 0.00201262 1.23188e-07 0.0020489 0.000884825 2.21402e-10 0.00414769 0.00260395 1.77119e-08 8.6254e-05 4.50742e-11 8.41704e-07 1.28774e-10 0.0322119 4.33003e-07 
0.0240139 0.0107523 0.00965581 0.0272462 0.635897 6.79752e-05 0.000491324 0.0578431 0.000125136 0.000140153 1.09567e-07 0.0140232 0.000499572 0.19726 0.000274048 7.88371e-07 2.98814e-05 2.20308e-08 0.00595557 0.0157157 2.78055e-06 5.15011e-06 
1.21136e-05 2.05313e-10 0.00157717 1.22121e-06 0.971796 2.76466e-10 0.000714247 0.000963128 2.37843e-06 1.51321e-09 8.44992e-10 5.63424e-10 8.34563e-10 0.0224854 3.23342e-06 8.03708e-07 7.67723e-06 1.69904e-10 1.65421e-07 1.16167e-06 0.00243577 7.01587e-10 
0.0501681 2.2301e-10 0.646357 5.40748e-06 2.5099e-06 7.81073e-07 4.05287e-07 0.0179365 0.00517144 1.64364e-09 9.17828e-10 6.1199e-10 9.065e-10 0.268591 6.54907e-10 1.66781e-09 5.445e-06 1.8455e-10 2.50982e-10 0.000159071 0.0116027 7.62062e-10 
0.0566869 0.0102643 0.00144649 0.00760677 0.324229 0.000705409 0.0206899 0.0137297 0.156673 0.000136121 0.0231406 0.00202486 0.000758953 0.00533036 2.57022e-07 1.68144e-07 0.00492069 5.4918e-12 0.00585276 0.0029307 0.362873 3.30922e-08 
0.208658 0.00562666 0.0021266 0.0592982 0.185286 0.000150656 0.00193235 0.0388683 0.046349 0.000187313 0.0202083 0.00199744 0.0490501 0.216627 0.000188679 2.64747e-05 0.000983567 4.61911e-06 0.00976178 0.0363089 0.116296 6.36899e-05 
0.00566877 0.029636 6.78865e-05 0.0637746 0.00171472 0.000353427 0.0109779 0.301166 0.033816 2.81516e-05 0.00876889 0.000629281 3.20273e-05 0.00385182 0.00303285 0.000216904 0.000551552 8.33698e-06 0.429943 0.00955401 0.0958787 0.000329386 
0.232569 0.0577272 1.44084e-07 0.0550526 1.50457e-07 0.000630554 1.89771e-06 0.308874 9.32421e-07 9.23716e-11 0.0031785 2.75181e-07 3.66853e-07 0.0188856 1.06739e-06 9.37301e-11 1.19361e-07 1.03716e-11 0.0252538 4.05975e-07 0.297823 4.28274e-11 
0.000614536 0.000181999 1.92529e-08 0.000459869 0.996674 1.19542e-08 3.23961e-06 0.000222091 0.000214855 6.54299e-08 0.000471361 0.000126707 3.60859e-08 0.000166806 2.60705e-08 0.000239078 2.16733e-08 7.34653e-09 9.99107e-09 9.44697e-05 0.000531052 3.03361e-08 
2.92909e-08 3.30896e-08 0.00116573 0.000184508 0.962773 0.00108311 6.00752e-08 0.0242055 0.000901679 2.43879e-07 1.36185e-07 9.08054e-08 0.000826007 0.000187523 0.00092763 1.21312e-05 8.07835e-08 2.7383e-08 3.72401e-08 0.0024062 0.00532563 1.13073e-07 
0.026878 0.289135 0.00284292 0.533726 0.103493 1.30455e-05 0.000795821 0.00399456 0.00436429 1.3988e-05 0.00054638 4.43432e-05 0.000344149 0.0153123 0.000767226 3.77208e-07 0.00148822 3.30091e-07 0.00593022 0.000843039 0.00946423 2.18207e-06 
0.298044 0.0535453 0.000107216 0.206291 0.0561317 0.000338266 0.0506684 0.136263 0.0163145 0.027726 0.00365438 0.00473938 0.000897678 0.0224674 0.000596763 0.0204123 4.11827e-05 3.73741e-05 0.00295435 0.0013295 0.0942638 0.0031768 
0.00581872 2.78523e-05 1.99813e-05 0.0608288 0.928338 6.58605e-05 2.1443e-07 2.25491e-05 0.000421727 8.70492e-07 0.000527796 0.000366906 0.000175057 0.000463069 0.00252339 8.83295e-07 2.88346e-07 9.77398e-08 2.84975e-05 0.000302542 6.21885e-05 4.29237e-06 
0.00982188 0.00850637 6.57958e-07 0.312961 0.00034198 1.45714e-07 0.000654443 0.183626 0.00206356 1.06989e-09 0.454878 3.15834e-06 0.000422529 0.00417741 0.0056139 0.00104015 2.66471e-07 1.20128e-10 0.0141498 2.42688e-06 0.00145086 0.000285306 
0.000497382 0.000443985 1.71358e-06 0.0203273 0.949896 1.06397e-06 1.46073e-05 0.0107116 6.18276e-05 0.000776761 3.25191e-06 0.000209573 3.21177e-06 0.000317626 2.32037e-06 5.90915e-06 1.929e-06 6.53868e-07 0.000411893 0.0162232 8.55007e-05 2.70002e-06 
0.00514667 3.90531e-07 2.23222e-06 3.58742e-08 0.980043 3.67117e-07 3.06239e-06 0.00151114 0.000109389 1.35892e-09 3.41537e-07 0.00556958 7.49473e-10 0.00743585 5.41461e-10 1.37891e-09 7.82203e-05 1.52581e-10 2.07506e-10 4.35917e-10 0.000100038 6.30055e-10 
0.910941 0.00113229 0.00470534 0.00126668 0.000231436 4.07177e-06 0.000271742 0.00371009 0.0418834 4.76906e-10 0.000124512 0.00131588 1.79859e-06 2.08652e-05 3.74213e-07 3.1752e-07 1.59631e-08 5.35475e-11 0.00423065 0.000110774 0.0300483 2.77092e-08 
0.128385 1.94218e-06 0.00211308 9.92711e-05 0.586077 2.06062e-07 2.77827e-07 3.00067e-06 9.58475e-05 1.12786e-06 0.00226119 0.000234454 6.22035e-07 0.279275 4.49393e-07 1.20471e-05 1.17568e-05 1.26637e-07 7.23621e-05 3.61795e-07 0.00135504 5.22922e-07 
0.0711044 0.0111632 0.000172562 0.000155931 0.743118 1.65549e-05 2.09882e-08 0.030583 0.00223701 0.000173525 5.05983e-05 3.17242e-08 0.00804803 0.0104475 3.3949e-08 8.64559e-08 2.82229e-08 9.56666e-09 5.32183e-07 2.73314e-08 0.122557 0.000171208 
0.293109 0.191635 0.00200685 0.265485 0.0248265 0.000212451 0.00471927 0.0210625 0.00355838 6.59769e-05 0.0210594 0.0116711 0.00196757 0.00843744 0.00279406 2.14336e-06 4.83462e-05 4.28186e-08 0.052517 0.00836679 0.0765126 0.00994313 
0.0360989 0.0101542 0.000882511 0.364073 0.00377229 1.41181e-06 0.000928016 0.0163386 0.107498 2.25799e-06 1.95657e-06 1.27844e-06 2.91738e-06 0.0945847 0.00413667 1.64426e-08 1.25492e-06 1.81943e-09 0.00151338 0.0052505 0.354757 7.51299e-09 
0.388896 0.248635 0.0206443 0.00719636 0.062784 1.15124e-05 0.0262918 0.0659767 0.0555714 4.76509e-07 0.000472534 0.00104391 3.79847e-05 0.0559915 0.0113507 9.28413e-06 0.00193496 5.90591e-10 0.0059826 0.00132668 0.0458386 3.20697e-06 
0.860125 0.016025 5.39305e-07 0.000990271 0.00300106 3.78635e-05 4.51478e-07 0.00010226 0.000179523 0.00489741 0.000541437 3.09992e-05 1.01082e-06 0.000799624 0.0414663 0.00024972 6.07104e-07 2.05789e-07 0.0578949 5.87927e-07 0.0136546 8.49764e-07 
0.17082 0.365971 1.49996e-06 1.28686e-06 8.89513e-07 0.000188963 0.00580069 9.40813e-07 0.0581959 1.25833e-06 3.6963e-10 0.000433158 4.74953e-07 2.375e-06 2.63745e-10 6.71666e-10 0.105343 7.43222e-11 0.155099 2.12335e-10 0.13814 3.06899e-10 
0.910941 0.00113229 0.00470534 0.00126668 0.000231436 4.07177e-06 0.000271742 0.00371009 0.0418834 4.76906e-10 0.000124512 0.00131588 1.79859e-06 2.08652e-05 3.74213e-07 3.1752e-07 1.59631e-08 5.35475e-11 0.00423065 0.000110774 0.0300483 2.77092e-08 
0.029766 0.000823691 0.507195 0.00230729 0.155122 0.000164754 0.00195257 0.0526804 0.000258233 0.0217602 0.000421183 0.0349155 0.00252378 0.111985 2.93814e-05 0.0140408 0.000340699 2.4169e-05 0.0282457 0.00382061 0.031583 3.97024e-05 
0.894561 2.80101e-10 0.0307082 1.33326e-05 0.0392982 3.77173e-10 4.98412e-06 4.50475e-06 3.59238e-06 1.30079e-05 2.19146e-06 5.69584e-05 1.70899e-06 2.20606e-05 8.22565e-10 2.09478e-09 0.00980519 2.31795e-10 3.15234e-10 5.3044e-07 0.0255045 9.57151e-10 
3.73473e-10 8.81834e-06 9.14999e-10 2.51686e-05 4.24201e-06 2.72758e-06 7.65989e-10 0.999709 2.26326e-05 3.10958e-09 1.73816e-06 1.15781e-09 1.71499e-09 4.62876e-06 1.32586e-05 3.15531e-09 1.03003e-09 3.49146e-10 4.74829e-10 0.000142243 6.57135e-05 1.44173e-09 
0.0365383 0.0169161 0.000363801 0.00127458 0.014968 4.90455e-07 0.00718952 0.038177 0.832698 2.68445e-06 0.00670222 0.00456161 0.00119217 0.00290854 0.000987466 0.000988196 2.61206e-05 3.01413e-07 0.0334151 8.61121e-07 0.000464362 0.000624297 
0.660208 0.0145278 0.00107169 0.070899 0.089323 1.39377e-06 0.000451922 0.0506261 0.00831432 6.34971e-07 1.65186e-05 0.0103554 0.0116149 0.0208793 0.0130234 5.35535e-05 1.20205e-06 4.88561e-07 0.00307778 0.0027435 0.0428082 1.84756e-06 
0.17082 0.365971 1.49996e-06 1.28686e-06 8.89513e-07 0.000188963 0.00580069 9.40813e-07 0.0581959 1.25833e-06 3.6963e-10 0.000433158 4.74953e-07 2.375e-06 2.63745e-10 6.71666e-10 0.105343 7.43222e-11 0.155099 2.12335e-10 0.13814 3.06899e-10 
0.0195565 0.674278 0.000320507 0.0106029 0.00679755 2.59233e-05 0.00325414 0.025479 0.104773 7.44173e-05 0.000311695 0.00020592 0.00546549 0.00382585 8.12568e-05 0.000103629 0.00121522 2.14861e-05 0.00685995 2.17911e-05 0.136302 0.000424068 
0.479882 0.00368963 0.000450774 0.00266916 0.299648 6.38113e-05 0.00106399 0.134326 3.73907e-06 2.75341e-07 2.2096e-05 0.0102898 1.51856e-07 0.0313494 0.00268175 0.000409646 0.000101231 3.09156e-08 1.39183e-05 0.0132107 0.0201199 3.17946e-06 
0.299742 0.142729 0.0239221 0.13171 0.0744243 6.2581e-05 3.08992e-09 0.148708 0.0872931 1.25437e-08 0.0146475 0.00153421 6.91811e-09 0.000623057 2.21219e-06 2.74482e-05 4.15504e-09 1.40842e-09 0.0666094 0.000459655 0.00749556 1.04463e-05 
0.945485 0.00970256 7.06373e-08 0.000311536 0.000729481 4.38589e-08 0.000791261 0.00150368 0.00339931 2.40057e-07 1.34051e-07 7.12777e-05 8.11529e-05 0.028222 0.00214441 2.43588e-07 7.95175e-08 2.69539e-08 0.00609517 7.70057e-08 0.00146249 1.11301e-07 
0.0285902 0.00659504 4.99323e-05 5.60193e-05 0.932953 1.16798e-05 7.63398e-07 0.00370197 5.37822e-05 1.56883e-05 0.00391493 4.70179e-05 3.18626e-05 4.24994e-05 0.000119277 3.14464e-06 2.45035e-05 3.47966e-07 0.000212525 0.0234515 0.000122934 1.43686e-06 
0.000427988 0.0013256 0.0160253 0.471996 0.00550638 7.39117e-07 0.0105803 0.293471 0.00022589 0.00031299 0.000373203 0.0743714 2.75116e-06 0.0044707 0.0121181 0.000437298 3.92688e-05 4.36407e-07 0.0593027 0.0450835 0.000292615 0.0036367 
0.402036 0.114473 0.000904055 0.0717757 0.0560682 0.000293678 0.00727136 0.0649768 6.29278e-07 0.000248219 0.0572541 0.013006 1.36555e-06 0.0428798 7.13511e-07 3.03069e-07 5.59668e-07 8.38171e-08 8.43557e-05 8.44754e-07 0.168724 1.38479e-07 
0.00285195 0.000421347 0.000368123 0.00124347 0.00963506 0.000110725 3.31702e-07 0.00213347 0.971709 0.000364162 0.00504326 5.01377e-07 0.000482433 0.000301906 7.78701e-05 0.000124083 0.000836212 1.51194e-07 2.05619e-07 0.00376352 0.000531654 6.24325e-07 
0.042515 0.158883 0.00129329 0.105119 0.292578 9.36887e-07 1.27018e-08 0.000681072 0.207958 5.15636e-08 1.48224e-05 1.49586e-06 0.0493169 0.107588 3.3142e-05 8.26178e-06 1.70801e-08 5.78961e-09 0.0222593 0.000396474 0.0113511 1.86267e-06 
0.61555 1.82926e-05 0.0212467 0.00795129 0.00356815 0.000204854 0.00258757 0.011335 2.7385e-05 8.29385e-06 0.0011675 0.000230049 1.47424e-05 0.0453457 0.0134711 1.32654e-07 3.57982e-07 1.46786e-08 0.100662 0.0311885 0.145422 6.06125e-08 
0.00172671 0.193451 2.74689e-08 0.00397968 0.000409554 2.74706e-08 0.000637396 0.0320648 0.0356406 1.56185e-07 0.000151743 7.98211e-08 2.3577e-07 0.000143487 0.0169018 0.000334124 5.93897e-09 4.37007e-11 0.707236 1.24851e-10 0.00732256 1.80454e-10 
0.0407221 0.0362758 1.22213e-07 0.389273 0.00315853 3.91918e-08 2.03586e-07 0.0344079 5.37341e-07 6.11829e-08 0.000760657 0.000763663 1.10015e-06 0.00362993 0.000412234 2.85718e-05 9.92877e-09 1.37588e-11 0.139515 0.013128 0.337923 5.68143e-11 
0.00825137 0.0085382 0.00965784 0.0267218 0.627703 1.06286e-08 1.25025e-05 0.129938 0.000436548 5.81747e-08 0.00047653 1.06424e-05 0.0161403 0.0361216 0.000239362 5.90303e-08 0.0027398 6.53191e-09 0.00017712 0.114378 0.0184578 2.69723e-08 
0.00312504 0.00458445 0.00720433 0.0111202 0.0111271 0.000264254 0.00462907 0.00211484 0.00420051 9.03417e-07 0.000303192 0.917332 4.98252e-07 0.010788 0.0175307 9.16703e-07 0.00475838 1.01437e-07 0.000510556 2.89799e-07 0.000404468 4.18862e-07 
0.0084376 0.0264679 2.99588e-07 0.00751747 0.0108404 0.000781453 0.00378733 0.0097461 0.00256226 0.00112097 0.890105 0.00269191 0.00555964 0.00176435 4.05675e-07 1.03311e-06 3.37252e-07 1.14317e-07 9.34363e-05 3.26598e-07 0.028521 4.72051e-07 
0.000429827 2.14943e-05 0.0117128 0.658782 0.000105629 1.24404e-09 6.1962e-07 0.0015838 0.250359 0.000148441 0.00784207 5.46703e-06 0.000365349 0.0228112 0.000202606 0.000281343 0.000194788 7.64533e-10 0.000167301 0.00170786 0.0432781 6.55753e-08 
0.0447079 0.0210139 0.003222 0.159063 0.135605 0.00015719 0.00212965 0.0242853 0.0740641 1.18026e-05 4.36502e-05 0.0677619 0.000954525 0.0244601 0.00701947 1.0536e-05 0.0377247 3.6412e-06 0.0221984 0.354175 0.0190598 0.00232765 
0.0208385 1.23187e-07 0.000374627 0.0682219 0.87491 4.34036e-06 2.2365e-07 1.56848e-06 0.00252422 9.0792e-07 3.06751e-05 2.10611e-05 6.63989e-06 0.0112359 0.0165654 0.00271854 3.00743e-07 1.01942e-07 0.00139085 0.00104187 0.000110651 1.77909e-06 
0.00561358 9.35926e-11 6.84469e-05 0.077636 4.36286e-08 6.02665e-05 5.71791e-09 0.00176184 0.00906082 1.86746e-07 0.871209 3.17807e-05 3.23335e-07 0.000775072 0.0297223 1.55704e-07 3.58589e-05 7.74516e-11 0.00244425 0.00130543 0.000269194 5.30339e-06 
0.185491 0.00740685 0.00626167 0.031333 0.636983 9.51674e-08 0.000223803 0.0198584 0.0188703 0.000112141 0.00395535 0.000118446 2.8728e-07 0.0664977 0.00157504 0.000524582 0.00485109 5.84859e-08 2.42386e-06 0.00133618 0.014598 2.41506e-07 
0.0195218 0.0843312 0.00880606 0.000188928 0.0210823 1.07899e-05 0.00018606 0.00134996 0.00493808 0.000320476 0.00124006 8.9393e-05 2.96172e-05 0.0702085 0.785503 3.81871e-05 4.01987e-07 1.3626e-07 0.000187143 0.00170286 0.000257908 7.019e-06 
0.013535 2.97266e-06 0.0045191 0.028579 0.0108117 0.000604661 8.64384e-07 0.0620135 0.00413506 8.27731e-07 0.559957 3.93245e-10 0.000704844 0.000241547 0.219792 1.07168e-09 0.000487059 1.18586e-10 0.000570467 0.0932958 0.00074823 2.70206e-07 
6.05236e-05 0.0906017 0.00909305 0.225361 0.105852 7.07756e-06 9.58589e-05 0.333991 5.1818e-06 1.15243e-08 4.58628e-05 0.011728 1.00021e-05 0.0562325 0.115155 9.20693e-06 2.79212e-07 1.29396e-09 0.0282479 9.33802e-06 0.0234946 5.34317e-09 
0.248705 0.0877043 0.0149669 0.0199218 0.415864 0.000142502 6.14476e-07 0.0161914 0.0100882 0.000185608 0.0154541 0.00615348 0.0141846 0.044558 0.00563469 8.77622e-07 0.00039894 8.12793e-11 0.00102478 0.00192922 0.0968908 3.35627e-10 
0.155532 0.0113513 0.0455031 0.0860099 0.579617 2.12812e-07 3.25053e-07 0.00432011 0.00653318 0.000156283 7.37138e-05 0.00212473 9.40153e-05 0.0702906 2.93086e-06 1.0522e-06 0.00552965 1.02074e-07 0.00167188 0.00191703 0.0292014 6.95796e-05 
0.0182561 0.00342278 0.00208138 0.275244 0.00461973 0.00990724 0.000191619 0.038686 0.00662198 9.47795e-06 0.50976 0.00128973 0.000107602 0.00176032 0.00175148 6.81321e-06 1.80793e-05 3.63363e-06 0.0013056 0.087463 0.0215777 0.0159156 
0.153126 0.568065 3.52184e-10 0.0020684 0.169843 2.18672e-10 2.9483e-10 6.47406e-06 5.02965e-05 4.30995e-06 0.106746 3.29821e-06 6.60102e-10 4.66001e-06 1.80749e-05 6.08455e-07 6.42301e-06 1.34387e-10 2.95345e-05 3.83936e-10 2.80362e-05 5.54923e-10 
0.472979 0.0177149 5.20439e-05 0.0401154 0.224676 3.73185e-06 0.0104263 0.0324355 0.0965209 1.38523e-08 7.73531e-09 5.15775e-09 9.73113e-06 0.105029 5.51945e-09 1.4383e-06 2.17016e-05 1.55535e-09 4.57446e-06 3.75651e-06 5.85151e-06 6.42253e-09 
0.216017 0.0209962 0.00229027 0.135778 0.135245 0.000593897 0.00768766 0.141079 0.0153894 4.9305e-08 0.00613106 0.0321542 5.61409e-05 0.110158 0.0146341 0.000996418 0.000558446 4.38901e-08 0.0708655 0.000802465 0.0830559 0.00551123 
0.369134 1.24871e-05 0.0980931 0.00177556 0.425991 8.50195e-07 0.00207583 0.0388415 0.0118879 9.00069e-05 4.23012e-08 3.77141e-06 4.17791e-08 0.0481256 3.01836e-08 1.0578e-05 1.81836e-05 8.5056e-09 0.000211291 4.86162e-06 0.00372366 3.51222e-08 
0.0073273 0.0325207 3.36166e-06 0.000263534 3.25907e-08 5.9843e-09 9.50226e-12 0.0759662 0.00365198 1.43758e-07 7.82459e-05 1.43629e-11 1.08473e-08 0.000189585 1.53702e-11 3.91423e-11 1.27777e-11 4.33124e-12 0.000107297 1.23741e-11 0.879892 1.7885e-11 
0.00467684 0.000389897 0.0013479 0.0129827 0.18965 8.7414e-06 0.0684692 0.238932 0.00489897 2.46764e-07 0.00018694 0.00150149 7.46447e-05 0.000464817 3.78617e-07 4.68794e-05 0.000183965 1.84458e-10 0.000261895 0.470369 0.00555364 3.37081e-07 
0.000125156 0.00309047 8.57084e-05 0.00123028 0.00130869 6.54032e-06 4.56945e-06 0.970983 0.000665968 1.34675e-05 3.11257e-05 2.82555e-06 2.19278e-05 0.00121865 0.000115163 6.92026e-05 2.456e-05 2.6992e-06 0.000366332 0.00634996 0.0142778 5.43891e-06 
0.0407221 0.0362758 1.22213e-07 0.389273 0.00315853 3.91918e-08 2.03586e-07 0.0344079 5.37341e-07 6.11829e-08 0.000760657 0.000763663 1.10015e-06 0.00362993 0.000412234 2.85718e-05 9.92877e-09 1.37588e-11 0.139515 0.013128 0.337923 5.68143e-11 
0.484428 0.0758181 4.0996e-06 7.55428e-06 0.356208 7.33334e-05 0.00106303 0.0714377 1.69283e-05 1.07136e-05 3.50518e-06 2.53153e-06 7.59615e-09 0.000586283 5.48789e-09 7.89875e-06 4.56227e-09 1.54646e-09 0.000327776 1.53918e-06 0.0100034 6.38581e-09 
0.70047 8.04907e-06 2.45129e-06 0.0142845 0.0731302 9.91705e-10 1.33709e-09 2.95148e-06 4.46101e-05 2.81794e-06 9.85857e-06 3.70239e-06 0.000160091 0.090156 0.118598 5.50782e-09 1.79799e-09 6.0946e-10 8.28848e-10 0.00311034 1.67586e-05 2.51665e-09 
0.00641712 0.01862 1.33763e-05 1.17702e-05 0.0135282 0.000195739 6.78665e-07 0.170365 0.178769 5.35328e-06 0.00279827 5.36183e-10 1.9359e-06 0.0167981 0.0933782 2.39946e-08 0.000696844 1.6169e-10 0.498364 3.69643e-05 5.96187e-07 6.67666e-10 
0.910941 0.00113229 0.00470534 0.00126668 0.000231436 4.07177e-06 0.000271742 0.00371009 0.0418834 4.76906e-10 0.000124512 0.00131588 1.79859e-06 2.08652e-05 3.74213e-07 3.1752e-07 1.59631e-08 5.35475e-11 0.00423065 0.000110774 0.0300483 2.77092e-08 
0.0182867 6.566e-08 0.00623362 0.113289 0.0135136 1.27968e-05 1.19208e-07 0.00498107 5.32258e-05 0.0047026 2.70233e-07 1.80186e-07 0.00411193 0.00495388 0.805069 4.91048e-07 0.000163881 5.43362e-08 0.00359791 0.00131215 0.019717 2.24371e-07 
0.0566869 0.0102643 0.00144649 0.00760677 0.324229 0.000705409 0.0206899 0.0137297 0.156673 0.000136121 0.0231406 0.00202486 0.000758953 0.00533036 2.57022e-07 1.68144e-07 0.00492069 5.4918e-12 0.00585276 0.0029307 0.362873 3.30922e-08 
0.04549 0.0206464 0.00517432 0.041824 0.00490046 0.0404017 0.000759435 0.326023 0.139721 0.000341564 3.7362e-05 0.00813933 3.00201e-07 0.0753786 0.00154516 0.180581 0.000757016 6.08242e-08 0.0320544 5.09518e-07 0.076212 1.24898e-05 
0.200983 0.00402953 0.012807 0.160673 0.0330687 3.74934e-08 1.33457e-10 0.021842 0.0489765 3.16322e-05 9.42575e-06 0.000133142 0.000119365 0.126175 0.00348604 5.49743e-10 5.89369e-08 6.08311e-11 0.0199856 0.0113318 0.356348 2.5119e-10 
0.403105 0.00186716 0.00883562 0.289971 0.21567 0.000120329 1.31757e-06 1.85845e-06 3.47653e-06 3.97677e-07 0.000286997 0.00112898 7.11848e-06 0.0565102 0.00686153 2.16465e-07 3.10491e-05 2.96867e-10 2.71083e-06 2.51334e-05 0.0155685 9.34832e-07 
0.0174093 0.013426 0.0152253 0.0872033 0.651156 9.63792e-08 0.00641717 0.00119488 0.0629527 5.27521e-07 0.000263531 1.96416e-07 2.90938e-07 0.00225754 0.00484493 0.000111804 0.00169525 5.92306e-08 0.090416 0.00495282 0.040472 2.44581e-07 
0.559907 0.00518668 0.0060056 0.141636 0.00733393 4.24677e-11 0.0081664 0.0325474 0.0925332 3.1847e-06 1.29799e-10 8.65471e-11 1.43593e-06 0.0172232 1.08371e-06 0.000165551 0.000145143 2.60989e-11 0.0392565 0.0191981 0.07069 1.0777e-10 
0.0216157 0.000301363 0.00158735 0.00137565 0.863132 0.000749829 0.000564035 0.00683155 0.000418605 7.95225e-07 5.56378e-10 0.0136007 2.0142e-06 0.00153724 0.000973641 1.01101e-09 3.82325e-08 1.11872e-10 0.00028764 0.0869077 3.65807e-07 0.000113911 
0.0183222 0.00855399 0.000110892 0.0252137 0.884481 0.000165469 1.14966e-05 0.000214667 0.00152484 0.000159245 0.000473775 0.000279616 0.000152862 0.0108536 0.0180225 3.08551e-06 1.64829e-06 2.65368e-07 0.00731877 0.0234848 0.000371689 0.000279596 
0.665965 1.29829e-10 1.54888e-06 6.77003e-06 0.0951553 0.000134929 2.35709e-10 0.00600439 0.0418038 6.70771e-07 3.20651e-06 3.56281e-10 0.0152578 0.0969074 0.031933 2.91382e-06 8.27294e-06 1.07439e-10 0.0223766 1.39357e-05 0.024424 4.43648e-10 
0.634485 0.0194799 0.00130772 0.0653537 0.00222385 2.85843e-05 3.93014e-05 0.00367771 0.175863 8.11503e-08 8.5479e-06 0.000116767 1.24535e-05 0.00263665 7.24503e-05 2.32554e-05 0.000116208 9.11164e-09 0.0116545 2.41014e-05 0.0828769 3.76247e-08 
0.00220982 4.21728e-06 0.00444428 0.0781236 0.831802 9.6883e-06 0.000923943 0.0148551 0.00050387 6.35778e-05 0.000294718 1.03428e-07 0.0142744 0.0113144 0.0149081 2.81864e-07 0.00118782 3.11893e-08 4.24165e-08 0.0245261 0.000469731 8.43317e-05 
0.0537782 0.00134142 0.0155952 0.232719 0.0367012 2.0019e-05 0.00203924 0.0322136 0.328662 2.45285e-05 0.00087389 0.0126278 0.00074819 0.0565543 0.00853841 6.18686e-06 0.000166222 4.12863e-06 0.0335694 0.000301034 0.183377 0.000139596 
0.0473291 0.206583 0.00437796 0.034526 0.39317 0.00217063 0.00408096 0.0421832 0.0210978 2.0109e-05 0.0021758 0.000298177 0.00373213 0.028744 0.0440834 2.36003e-06 0.000170686 8.59077e-07 0.101192 0.0010761 0.0459084 0.0170771 
0.10401 0.0499005 8.31351e-06 0.029821 0.609553 0.00139013 8.07674e-05 1.51396e-05 0.098965 2.63924e-05 6.47764e-08 0.000115837 2.54572e-05 6.53577e-05 0.0370892 1.17707e-07 0.00026219 1.30247e-08 0.0567998 2.28928e-05 0.0118491 5.37831e-08 
0.797738 2.78646e-05 3.98821e-06 0.00188089 0.000755968 2.07276e-09 6.71502e-06 1.68313e-05 0.0077307 3.44746e-06 1.51307e-05 4.22418e-09 6.25701e-09 0.0212038 3.78909e-07 1.15119e-08 3.75798e-09 1.27383e-09 8.17996e-06 1.54349e-05 0.170593 5.26004e-09 
0.00699201 2.02442e-07 8.24338e-05 0.26811 0.00045586 0.0171479 0.000177748 0.0379638 0.0109539 1.1051e-07 0.590227 0.000180298 0.000175532 2.71054e-06 0.0547168 1.15348e-05 7.64333e-05 1.00639e-08 0.00145937 0.00936571 0.00189508 5.80564e-06 
0.0299422 0.0173572 0.00223677 0.341759 0.00140203 8.84345e-06 0.000595993 0.0173801 0.0225477 1.85773e-05 0.0105377 0.000311413 0.000295177 0.000706944 0.00460962 0.000921263 0.000178205 2.88785e-08 0.494345 0.0166379 0.0381409 6.66203e-05 
0.170967 0.00243692 0.0024299 0.0246372 0.286459 0.00046445 4.08696e-06 0.168179 0.0131605 0.00036158 0.00141146 0.0387108 0.000344054 0.0420951 3.0912e-06 0.000300097 5.39942e-09 7.94662e-11 0.0024815 0.00748895 0.238062 3.28668e-06 
0.00187591 0.00262499 0.000827733 2.98107e-05 0.991177 3.13131e-05 1.96205e-05 0.000549154 0.000154597 3.98762e-08 2.09034e-05 1.07237e-05 6.67878e-06 0.00220251 3.04205e-05 4.04627e-08 6.14588e-06 4.47734e-09 6.08906e-09 0.000407974 4.71915e-06 1.93639e-05 
0.0122137 0.00879295 0.00888875 0.50891 0.000448466 0.00123588 0.0122794 0.0438014 0.198935 9.94126e-06 0.0709291 0.00198782 0.0002683 0.0174718 0.0241931 0.000626248 0.00152091 7.70083e-06 0.0401947 0.0213416 0.0258888 5.457e-05 
0.0168402 0.670163 0.00130941 0.026198 0.015621 6.52459e-05 0.0229582 0.0894854 0.0302627 4.64453e-05 1.41924e-05 0.0199052 0.000709171 0.00868961 0.000744488 1.69781e-05 0.000120742 3.83678e-07 0.0512008 0.000216652 0.0454136 1.85263e-05 
0.0404567 0.476402 0.000177495 0.0582534 0.0210831 0.000444586 8.76401e-05 0.0369875 0.0792523 3.22045e-06 0.00125613 0.019305 3.20211e-05 0.0189685 0.0491163 4.39349e-05 1.43692e-06 1.11598e-07 0.175931 2.44458e-05 0.0221724 8.05467e-07 
1.97527e-05 6.40773e-05 0.0126408 0.00237016 0.66687 0.00110639 8.49861e-05 0.000407373 0.00496739 6.68467e-08 3.7328e-08 2.48896e-08 0.00402351 0.246972 0.0379492 6.78298e-08 0.00127584 7.50561e-09 6.23984e-05 0.000196613 0.0209888 3.0993e-08 
0.0794463 6.52677e-05 6.7585e-05 0.000119118 0.698561 1.29802e-05 2.8581e-06 0.0863003 0.0270133 4.91431e-07 0.000617821 0.00321402 0.00727487 0.0378705 8.30451e-06 6.45385e-05 0.00145969 2.42514e-07 0.0286322 0.000179968 0.02907 1.90294e-05 
0.0790099 0.00598723 6.87335e-05 0.242208 0.0076813 0.00459516 0.0368628 0.00129981 0.00556375 0.000187093 0.572797 1.32848e-06 0.00178571 0.00110582 0.00294011 1.1482e-05 0.00146693 2.47221e-07 9.61072e-05 0.0351987 0.00113204 1.28083e-06 
0.00474141 0.720958 0.000579697 0.00478475 0.203664 2.02107e-05 0.00150217 0.0210162 0.011943 0.00164613 6.49979e-06 8.5589e-06 2.17233e-06 0.00195648 6.58254e-06 7.90843e-07 3.84017e-07 9.67441e-08 0.00540634 5.71741e-05 0.0216941 4.92158e-06 
0.0360973 0.0106282 0.121939 0.623226 0.00584746 2.57458e-06 0.00143932 0.0449247 0.036787 7.10568e-07 0.000706834 0.0287458 0.000423462 0.0151929 0.0326641 0.000126102 5.29465e-05 6.63447e-08 0.00412937 0.0185911 0.0184748 4.73619e-07 
0.00553865 0.000182689 1.82149e-07 0.00107554 0.985722 7.09954e-05 0.000136679 0.00530058 0.000215633 6.19023e-07 0.000473263 0.000127341 3.41403e-07 0.000167401 2.46649e-07 0.000240447 2.05048e-07 6.95045e-08 0.000118579 9.49666e-05 0.000532875 2.87005e-07 
0.907971 0.0199468 0.018817 0.010116 0.00743629 5.99277e-05 0.00176264 0.00349115 3.94678e-06 9.05267e-06 1.32367e-07 0.000888675 1.30734e-07 0.00506533 9.44493e-08 0.00302527 0.000112467 2.66154e-08 0.0210724 5.31753e-05 0.000168046 1.09903e-07 
0.565846 1.38084e-09 0.0939486 0.0171571 1.02147e-06 1.85939e-09 5.5492e-05 0.000123866 7.76473e-06 0.000871625 5.68305e-09 5.65127e-07 1.81044e-06 0.314561 1.01238e-06 0.000553034 2.15839e-05 1.1427e-09 0.00346514 0.00272753 0.000656341 4.05088e-07 
0.0406295 1.09804e-05 0.00317399 0.0161297 0.681054 3.65532e-05 1.61264e-05 0.0761231 0.000799733 7.90609e-05 6.13483e-05 1.73849e-08 1.32916e-05 0.0501399 6.40518e-05 0.000104247 1.54662e-08 5.24254e-09 7.1297e-09 0.041293 0.090261 9.95629e-06 
0.0382359 3.44019e-05 3.68147e-11 0.314565 0.00109786 2.28584e-11 3.08193e-11 0.0649752 0.0559052 2.36305e-05 0.00567161 4.65843e-11 0.000245294 0.00261935 1.04462e-06 1.26953e-10 4.14429e-11 1.40478e-11 0.200159 0.0189332 0.297277 0.000255637 
0.427645 0.029774 0.00787164 0.00747913 0.290151 7.58389e-05 0.00111111 0.0490831 0.0101025 0.00131545 4.27183e-05 0.00347159 0.00131953 0.116296 0.0193898 9.53339e-05 0.0060248 1.23836e-06 0.000525024 0.00331862 0.0183815 0.00652488 
0.0413859 0.0516289 0.00176153 0.107939 0.0335432 4.2254e-05 0.00109792 0.018789 0.191429 0.000273506 0.00104287 0.000225786 0.00343111 0.0741772 6.18511e-05 6.12729e-05 0.000393758 2.03622e-05 0.242584 0.061022 0.168903 0.000186911 
0.0641375 0.00167506 1.60773e-07 1.45464e-07 0.208098 4.35165e-05 0.00341951 1.20597e-07 0.45907 1.32435e-07 0.00193645 0.000429696 0.00108413 0.000118594 3.18344e-11 8.10709e-11 0.000255743 8.97078e-12 2.34872e-07 5.69024e-08 0.25973 5.55825e-08 
0.172187 0.430101 0.000584902 0.030006 0.222043 2.42477e-05 3.19664e-07 0.0117057 0.0294786 0.000127259 0.0126436 0.000478884 0.000142172 0.00899083 0.00858235 5.28583e-07 3.99785e-05 1.58788e-10 0.0362271 0.000616112 0.0359763 4.3918e-05 
0.00968593 0.00866389 0.00176625 0.294583 8.66558e-08 3.44672e-08 0.148831 0.0679358 0.205923 8.48401e-11 9.18005e-05 5.86269e-07 0.000126809 2.43543e-08 0.00497457 8.60879e-11 2.81028e-11 9.52593e-12 0.183843 2.72151e-11 0.0735746 3.93355e-11 
0.402011 0.00728838 0.00190645 0.0584446 0.00577246 1.10048e-05 0.000636923 0.0936978 0.000463289 6.77612e-05 0.018588 0.00434321 0.222117 0.037588 0.000975875 0.0170141 6.85781e-05 4.26842e-06 0.0906669 0.00559063 0.032735 9.02425e-06 
0.0202257 0.0257011 0.0137364 0.0240724 0.551865 0.0167287 0.00173551 0.00685973 0.0799973 0.0017882 0.000126071 0.00264198 0.0131974 0.115906 0.00766385 0.0731654 0.000324537 8.4056e-06 0.00398849 0.0365262 0.00371839 2.32017e-05 
3.97552e-06 1.01783e-06 0.000670868 5.81393e-06 0.000181029 4.75808e-07 5.5723e-07 3.49674e-06 0.00307742 4.18684e-06 0.000189339 8.42269e-07 1.17803e-05 2.71383e-06 0.0880868 0.904495 0.00325205 2.53992e-07 3.52939e-06 4.73198e-06 3.19653e-06 1.04881e-06 
0.0456916 0.0214488 0.00385279 0.0123213 0.547093 0.000393747 5.21251e-07 0.0725024 0.0308699 0.00032168 0.00720327 0.00382754 0.000465645 0.0590256 8.26872e-09 6.79053e-12 0.00231072 7.51396e-13 7.85835e-08 0.155119 0.0375515 3.10274e-12 
0.00152358 2.68673e-09 5.82674e-09 0.26829 0.00477698 0.00197859 8.77025e-06 1.48908e-06 1.03389e-05 1.29738e-05 0.112726 3.68465e-06 0.00854723 8.10416e-08 0.175255 5.13298e-05 2.74882e-05 2.22337e-09 5.09961e-06 0.426776 2.8111e-07 4.23564e-06 
0.112368 0.00937356 0.00173856 0.48099 0.00185887 1.70707e-07 2.1771e-05 0.0157629 0.00239285 0.000977005 0.00356855 7.00543e-06 1.04418e-07 0.0691601 0.0449449 1.92113e-07 1.10311e-05 2.1258e-08 0.199103 0.0130675 0.0446537 8.77807e-08 
0.00191409 0.00236549 1.06975e-06 0.00115205 0.908891 6.64209e-07 8.95534e-07 4.23813e-06 0.00209928 3.63547e-06 0.000441828 0.000142707 0.00030307 0.0032817 1.44855e-06 3.68894e-06 1.20423e-06 4.08194e-07 5.55133e-07 8.74275e-05 0.079302 1.68556e-06 
0.0332051 0.0098941 0.000401394 0.184421 2.80808e-07 4.74735e-12 1.4727e-07 0.077494 0.0363357 3.45076e-05 0.0498544 1.05126e-08 6.13225e-08 0.0150771 0.00123899 0.000266747 4.19047e-08 2.91752e-12 0.0152298 0.00663491 0.569912 1.20473e-11 
0.0146602 0.011238 0.00334161 0.0744571 0.000543668 1.88505e-06 5.84298e-05 0.00349588 0.013294 1.84831e-05 0.0845898 1.46256e-05 3.60132e-06 0.0103976 0.0966716 6.85812e-07 2.36969e-06 3.01339e-10 0.669563 8.60908e-10 0.00939238 0.00825499 
0.219436 3.11408e-06 3.83703e-10 0.0172494 0.192089 2.38242e-10 3.21215e-10 1.97331e-06 0.104946 0.013231 1.23861e-06 4.85526e-10 0.278876 0.0343485 3.9493e-06 1.3364e-07 2.89443e-06 1.46414e-10 1.53341e-06 0.128473 0.0113368 6.04586e-10 
0.112368 0.00937356 0.00173856 0.48099 0.00185887 1.70707e-07 2.1771e-05 0.0157629 0.00239285 0.000977005 0.00356855 7.00543e-06 1.04418e-07 0.0691601 0.0449449 1.92113e-07 1.10311e-05 2.1258e-08 0.199103 0.0130675 0.0446537 8.77807e-08 
0.00100526 0.00178511 0.000813182 0.00588886 0.963545 0.000218531 5.28898e-05 0.00622915 0.00420995 1.00791e-07 1.66495e-05 3.75284e-08 5.55883e-08 0.0104233 4.01601e-08 1.02274e-07 0.000255949 1.13169e-08 1.53907e-08 9.74706e-05 0.0054581 4.67311e-08 
3.53531e-09 0.00192643 3.25938e-07 0.498914 7.04946e-07 2.78584e-09 0.0111345 0.107474 0.000206237 1.06054e-09 0.228607 0.000773261 5.84911e-10 7.12184e-08 0.00652576 1.32551e-06 2.57401e-07 1.19079e-10 0.143538 0.000818263 1.23623e-07 8.05217e-05 
0.013064 0.000773885 5.50275e-05 0.00291015 0.0826055 4.21141e-05 0.000389815 0.000364113 0.000521051 0.0016572 0.00104283 3.34763e-08 4.65235e-06 5.86949e-05 0.889029 9.12307e-08 2.97816e-08 1.0095e-08 0.00546878 0.00150807 0.000503754 8.18583e-07 
0.00561358 9.35926e-11 6.84469e-05 0.077636 4.36286e-08 6.02665e-05 5.71791e-09 0.00176184 0.00906082 1.86746e-07 0.871209 3.17807e-05 3.23335e-07 0.000775072 0.0297223 1.55704e-07 3.58589e-05 7.74516e-11 0.00244425 0.00130543 0.000269194 5.30339e-06 
0.0324783 0.214519 0.000162227 0.0431254 0.00627428 1.19332e-07 9.77471e-05 0.0509684 0.0145329 4.39433e-08 9.52503e-06 2.1551e-07 0.000181861 0.020685 0.000836339 9.02862e-05 8.31348e-05 1.26109e-08 0.0838834 7.29726e-07 0.53207 2.43349e-07 
0.17082 0.365971 1.49996e-06 1.28686e-06 8.89513e-07 0.000188963 0.00580069 9.40813e-07 0.0581959 1.25833e-06 3.6963e-10 0.000433158 4.74953e-07 2.375e-06 2.63745e-10 6.71666e-10 0.105343 7.43222e-11 0.155099 2.12335e-10 0.13814 3.06899e-10 
0.638772 1.31019e-07 0.0554714 0.0841661 0.022107 5.87889e-11 7.76861e-07 0.0525913 5.59933e-07 2.0275e-06 0.0320402 8.87794e-06 1.77465e-10 0.0563952 1.28211e-10 3.26507e-10 1.90799e-06 3.61292e-11 4.44674e-06 6.76094e-06 0.0584316 1.64256e-07 
0.000291563 1.12153e-07 0.0754368 0.742749 0.0116676 1.51021e-07 0.000943205 0.00254521 0.000257087 0.000718608 0.00287298 0.00106934 4.55883e-07 0.118052 0.00469523 8.38752e-07 2.73805e-07 9.28109e-08 0.00548264 0.00962933 0.023587 3.83245e-07 
0.0280072 6.01013e-05 8.42336e-08 0.117405 3.93949e-12 3.53552e-12 0.00338322 0.00301949 0.0346684 1.93513e-11 0.00365715 8.77102e-09 1.06726e-11 0.000827462 0.0200765 0.00177122 3.49653e-08 2.17278e-12 0.0385006 5.11533e-08 0.748624 8.97207e-12 
0.0266504 0.000186072 3.56487e-07 0.0164624 0.00456249 1.16829e-05 0.000160594 0.0818418 0.000912146 0.000355001 0.000128157 0.0190967 6.68166e-07 0.0281143 0.78785 3.16525e-05 5.50888e-06 1.36028e-07 0.0272499 0.00550293 2.50852e-05 0.000852493 
0.130726 0.00975887 1.83254e-06 3.88632e-06 0.448833 1.59802e-10 6.7493e-06 0.236565 0.0429497 8.74661e-10 0.0068643 0.00264499 4.82393e-10 0.0850997 4.3598e-05 2.02074e-06 5.77562e-06 9.82078e-11 0.00013028 0.00134469 0.0350193 4.0553e-10 
0.000123755 0.652034 1.59719e-06 3.69e-06 5.37115e-06 1.91469e-06 0.0119882 1.6503e-05 0.000227657 2.24715e-06 1.35932e-06 0.32075 6.1926e-06 0.0147024 7.45524e-10 5.71472e-07 1.55007e-06 2.10085e-10 9.9913e-05 6.00202e-10 3.28943e-05 8.67505e-10 
0.277958 0.00289728 0.000285172 0.0184473 0.000188511 0.00421551 0.00216621 0.00778905 0.387706 1.66075e-07 0.000908882 6.81526e-05 1.50063e-07 0.00485624 0.00266467 0.143137 8.56287e-07 3.04046e-08 0.0764297 0.00290866 0.0673724 4.36851e-07 
0.295513 2.44678e-07 0.0037392 4.26776e-07 0.666353 1.46153e-07 1.18246e-07 0.00074058 8.31225e-07 2.90984e-07 8.12037e-11 3.57411e-07 1.12362e-07 0.0252118 1.12993e-06 2.80507e-07 2.68307e-06 1.63278e-11 5.77561e-08 0.000406286 0.00802885 6.74224e-11 
0.042121 0.20262 3.12682e-06 0.00697235 0.518223 0.00016456 1.23551e-05 0.0236151 0.00835084 3.37696e-05 1.03959e-06 0.00306169 1.50249e-08 0.00449969 4.64013e-06 1.76545e-05 0.000256587 3.05885e-09 3.21867e-05 0.0230131 0.166757 0.000240677 
1.99905e-05 0.0393625 0.00455886 0.167948 2.97098e-11 7.46839e-08 0.00081303 0.0423817 0.139327 1.45939e-10 1.17359e-06 8.09696e-07 8.04879e-11 0.000594359 1.22172e-07 1.48085e-10 4.83413e-11 1.63861e-11 0.00274423 7.96311e-08 0.602247 6.76633e-11 
0.00153668 0.0067248 0.746486 0.0566572 0.0854558 2.66114e-05 0.000277681 0.0356111 0.00533558 0.000613962 1.17139e-05 4.68907e-06 0.000425264 0.0467399 0.0117517 2.21864e-05 0.00107325 7.76976e-11 0.00122112 2.44607e-05 5.82078e-07 3.18993e-09 
