0.00380395 0.000145419 1.35845e-05 0.0385048 0.0331388 1.81807e-06 3.16909e-07 9.52677e-08 0.014691 1.8691e-05 5.05083e-10 9.02341e-05 2.18115e-05 0.187498 1.60359e-06 9.17802e-10 0.709897 0.0118457 1.38116e-10 1.09874e-07 0.000327458 8.47917e-09 
0.00375331 0.035732 3.48631e-05 0.0439465 0.75505 1.72022e-05 6.36952e-05 0.0666003 4.83226e-06 8.7366e-10 1.34279e-06 4.15449e-06 0.000144437 0.0428439 0.000247722 8.86509e-10 2.89395e-10 0.0252597 1.33407e-10 0.0185056 0.00779018 4.05066e-10 
0.00144557 0.0142993 2.95011e-05 0.000682281 0.949225 0.00141848 2.19712e-06 0.00456158 0.000189786 0.000561525 0.00133469 0.000680651 0.000669612 0.0165995 0.00116206 3.25534e-06 0.000704311 1.6494e-05 8.60241e-09 0.00557228 0.000832226 9.34411e-06 
0.242165 0.0322529 0.0111088 0.0345951 0.163296 0.00112503 0.033412 2.41645e-05 0.0865924 1.39596e-06 7.58033e-06 9.29767e-06 5.00147e-07 0.0806154 4.98988e-06 0.00474109 0.00254653 0.00196824 3.05203e-10 7.68412e-05 0.305457 9.26694e-10 
0.16636 0.0126751 5.48863e-07 1.80347e-05 2.1298e-05 6.68084e-11 0.00932744 0.206309 3.03434e-06 3.65669e-10 2.06236e-08 1.36152e-10 2.22043e-07 3.67808e-06 4.08108e-07 2.26376e-06 7.18286e-06 0.00207817 5.58372e-11 1.17299e-10 0.603193 4.91833e-07 
0.0294197 0.00104475 0.00994276 0.00899102 0.149243 4.06417e-05 0.000143491 0.00272987 0.0551582 0.000397979 1.03625e-05 0.000539273 0.0525517 0.6094 1.37582e-05 5.28089e-06 0.000763185 0.0719488 6.33116e-07 0.000219945 0.00743211 4.28002e-06 
0.0497952 0.00270318 0.00682474 0.00184329 0.588098 0.000199128 0.0101738 0.0211153 0.0154982 3.80341e-05 4.59841e-05 0.000256463 4.7744e-06 0.0317161 0.000379605 6.67965e-05 0.000102226 0.0148448 4.9474e-07 0.0919027 0.16439 1.07943e-06 
0.109921 0.000272274 0.0381032 0.00237829 0.500326 0.00171341 0.00273751 0.00429863 0.0147505 1.78995e-10 7.72554e-06 0.173469 4.8109e-05 0.0407662 5.85729e-07 1.81628e-10 0.00952555 0.000996282 2.73324e-11 0.00787635 0.0928089 1.29992e-07 
0.00839562 0.0337253 1.46181e-05 0.00219604 0.91606 1.13155e-07 1.63738e-06 0.0129668 1.44824e-07 1.82106e-10 2.03482e-07 4.43451e-06 2.61232e-07 0.0265398 2.90313e-07 1.84784e-10 6.03215e-11 6.09344e-07 2.78074e-11 9.32083e-05 4.3243e-07 2.5414e-08 
0.0102972 0.00787069 0.00339354 0.0749387 0.00146436 0.000212669 9.29797e-08 0.0377033 0.0112475 8.48576e-11 7.20735e-07 0.00136613 0.00697797 0.0344884 1.12417e-07 5.38571e-08 0.000465778 0.000553468 1.29577e-11 0.797824 0.0111933 1.64571e-06 
0.000397782 0.00025157 0.000955843 0.00166017 0.0013415 5.81052e-05 1.20507e-08 0.988693 0.000332262 0.000728965 1.6418e-05 0.000260491 0.000439812 0.000796379 0.00048538 0.000158898 0.000324108 0.00100739 7.47011e-09 0.00061517 2.3828e-06 0.00147432 
0.0840319 0.132601 0.00191442 0.00433979 0.1387 0.0011759 0.136205 0.000782487 0.0121496 0.0185014 1.65536e-06 0.0509185 0.0289322 0.281962 0.00214732 0.000119327 0.00105998 0.0738021 4.52661e-07 0.00128588 0.0293587 9.68582e-06 
0.0785533 0.00695517 0.00175542 0.00960561 0.752147 0.000524359 0.000805366 0.0706041 0.0102261 1.15965e-05 4.68769e-05 0.000113563 5.79271e-05 0.0222118 2.29598e-06 5.97891e-06 1.56013e-05 0.00155269 4.17185e-07 0.0191239 0.0253643 0.000316495 
0.155562 0.110611 0.0616947 0.0355712 0.00874978 7.83052e-10 0.0115324 0.285459 0.0355692 0.000259311 2.39332e-09 0.0113282 0.00122141 0.123735 0.111338 4.34899e-09 0.0469794 0.000170766 6.5446e-10 1.37485e-09 0.000103376 0.00011546 
4.31615e-06 0.000210517 1.50245e-09 2.75476e-06 0.997654 2.58546e-06 5.73202e-07 0.00163428 0.00017827 5.10601e-09 1.02586e-07 1.90116e-09 2.81606e-09 4.14513e-06 2.03448e-09 5.1811e-09 0.000302721 2.41997e-06 7.79682e-10 1.44919e-06 4.99789e-07 1.79928e-06 
0.0146652 7.08094e-05 0.000360587 0.203096 0.000420091 0.000330677 6.29589e-07 0.00180924 0.0102446 3.09572e-05 0.49942 1.50859e-06 4.49274e-05 7.77489e-05 0.00133863 2.86513e-07 6.80585e-05 1.35505e-07 1.69641e-08 0.228967 0.0390449 7.05442e-06 
0.00186374 0.00815826 0.00897846 0.00687007 0.000744189 0.00145729 4.49135e-06 0.00866014 0.000109074 1.26148e-06 3.09707e-05 4.69698e-07 3.14782e-05 0.000803969 3.49539e-05 0.00057995 4.17859e-07 0.000474719 1.92627e-07 0.960628 8.94647e-05 0.000478221 
0.00165447 0.0442887 7.45562e-05 2.00349e-06 0.949323 1.72464e-06 2.32529e-06 0.000343607 2.80057e-05 2.94344e-05 5.27121e-06 0.000363611 5.20615e-06 0.000457406 8.90068e-05 9.57848e-06 3.12683e-06 0.000148742 1.44142e-06 0.00267104 0.00049364 4.37662e-06 
2.82667e-05 3.29405e-06 5.4496e-08 0.00130167 0.962949 3.40425e-06 4.56211e-08 0.0155296 0.000107463 1.85202e-07 0.000260111 0.00449105 0.000167976 0.00267765 2.24036e-05 1.87925e-07 1.60225e-05 2.43074e-06 2.82801e-08 0.0116908 0.000737634 1.03495e-05 
0.00363934 0.000708447 6.93164e-05 0.000754358 0.795462 0.000236693 0.00113656 0.0100454 0.00016467 4.78738e-05 0.000334361 0.000326355 0.00028031 0.15819 0.000170491 7.82121e-05 0.00036081 0.00447619 1.38067e-05 0.000607257 0.0227677 0.000129574 
0.0314466 0.00431715 0.00183659 4.19521e-08 0.582563 0.000189028 0.0369894 0.0029257 0.095639 1.04497e-07 0.000110901 0.000357675 0.00011161 0.00664183 1.24002e-07 1.5029e-07 0.000275186 8.07608e-07 3.12882e-08 0.000484356 0.23594 0.000170692 
0.231407 0.00484163 0.00913019 0.0238092 0.416741 4.83858e-05 0.018124 0.0316362 0.000637879 0.000628264 3.69741e-06 0.000950647 0.000203155 0.124128 0.000266531 5.89607e-05 0.000736504 0.0011157 1.79133e-09 0.123339 0.0121938 1.71855e-07 
0.137412 0.0584834 3.36377e-07 0.0515115 0.106287 3.80654e-06 0.0155466 1.14463e-06 3.57742e-06 1.21459e-06 0.00342645 3.93991e-05 1.31321e-10 0.269252 0.00261004 5.55944e-07 0.00709681 0.00472535 3.63588e-11 0.0185061 0.325092 1.10397e-10 
0.0046724 0.085331 7.25719e-05 1.21941e-05 0.786343 1.38667e-07 1.86961e-07 3.67819e-06 0.00326881 7.58979e-07 4.23823e-07 2.82597e-07 0.000538762 0.000587882 0.0136495 9.81418e-05 3.46865e-05 3.67673e-06 1.15895e-07 0.000141329 0.105241 3.51895e-07 
0.458656 0.00205915 0.00162284 0.00045249 0.321263 1.49356e-05 2.57227e-05 0.00223986 0.00767922 1.61363e-07 0.000117206 0.00124995 3.03912e-07 0.179144 4.24717e-05 2.98613e-10 0.0222123 3.50814e-05 4.49369e-11 1.15803e-05 0.00317335 6.83984e-08 
0.0498568 1.75622e-06 1.07841e-06 0.000120325 0.902578 0.00134495 6.29599e-08 0.00294759 9.55477e-07 4.30801e-07 2.69101e-07 3.72427e-07 0.000356836 0.00731425 2.90887e-11 7.40785e-11 1.20431e-06 7.02077e-06 1.11477e-11 0.00925213 0.0262155 3.38481e-11 
0.0486782 0.122543 1.01312e-05 0.00233425 0.662564 0.000100786 0.0141738 0.0321573 0.00201105 0.00081404 4.22507e-07 1.30308e-06 5.19424e-05 0.106996 5.76017e-07 1.83815e-07 6.5837e-07 0.00303718 7.76503e-11 1.63123e-10 0.00452469 1.34241e-07 
0.0750809 0.000237756 0.00135344 0.619217 0.00654962 4.76966e-08 6.43079e-08 0.00024274 0.0449573 2.61062e-07 0.000253101 0.000146475 1.43981e-07 0.00665239 1.0402e-07 2.64901e-07 6.20906e-05 3.3921e-06 3.98639e-08 8.37436e-08 0.245243 1.21039e-07 
0.0145404 0.0329503 0.000279471 0.0023351 0.318201 0.430767 0.000769751 0.0211885 0.00390493 1.2457e-05 0.000107622 0.0625359 0.00100535 0.0039774 2.40123e-07 1.74006e-06 0.000200719 0.005524 8.61754e-11 0.0880983 0.0134781 0.000121597 
0.203576 0.00556194 0.00171164 0.000172039 0.0958438 0.000842153 0.210663 0.00570903 0.273342 0.000583153 6.72168e-05 0.000129642 0.000454498 0.0732829 0.00146864 0.000163485 0.00143651 0.0254279 3.40226e-05 0.000321941 0.0991267 8.17216e-05 
0.015986 0.146552 9.34312e-07 0.00865854 0.325164 1.82255e-06 7.83704e-10 0.437954 0.0204899 3.18149e-09 0.00416769 6.7847e-06 0.0131048 0.00725752 1.26766e-09 1.97825e-07 0.00104072 0.00272323 4.8581e-10 4.27651e-06 0.0168858 1.77978e-06 
0.231742 0.0277287 0.00540465 0.0153494 0.175263 5.33172e-08 0.00623676 0.0744345 1.0137e-06 0.00336632 0.00252536 0.0257509 1.34819e-06 0.287615 1.93983e-08 1.02126e-09 0.00170899 0.0890857 1.53685e-10 0.00191882 0.051867 4.66637e-10 
0.00386696 0.834118 6.53696e-05 6.25909e-05 0.00389467 7.88841e-05 1.92394e-05 0.00458116 0.00412938 5.33185e-12 6.96733e-08 0.000299227 2.94062e-12 0.000361335 0.000149563 5.41027e-12 9.71554e-09 3.17352e-09 8.14167e-13 1.71035e-12 0.148373 2.47207e-12 
4.31615e-06 0.000210517 1.50245e-09 2.75476e-06 0.997654 2.58546e-06 5.73202e-07 0.00163428 0.00017827 5.10601e-09 1.02586e-07 1.90116e-09 2.81606e-09 4.14513e-06 2.03448e-09 5.1811e-09 0.000302721 2.41997e-06 7.79682e-10 1.44919e-06 4.99789e-07 1.79928e-06 
0.00380395 0.000145419 1.35845e-05 0.0385048 0.0331388 1.81807e-06 3.16909e-07 9.52677e-08 0.014691 1.8691e-05 5.05083e-10 9.02341e-05 2.18115e-05 0.187498 1.60359e-06 9.17802e-10 0.709897 0.0118457 1.38116e-10 1.09874e-07 0.000327458 8.47917e-09 
0.00887829 2.85059e-07 0.77693 0.0105327 0.0237183 1.22385e-07 5.73948e-05 0.0100806 0.0542481 0.00388813 3.94995e-07 4.73561e-06 0.000505691 0.103714 4.69479e-10 3.89694e-05 1.03542e-06 1.07249e-08 1.7992e-10 2.92642e-06 0.00739805 3.44376e-09 
0.0271612 0.000601426 0.010502 0.0550668 0.446291 0.000199345 0.0363395 0.00676024 0.0961873 3.91289e-05 4.3717e-05 0.000254068 4.89051e-06 0.00651868 0.000379813 6.84419e-05 0.000103286 0.00146569 9.54679e-07 0.094096 0.217915 2.08506e-06 
0.0534567 0.000546073 3.94487e-07 2.39095e-08 0.701697 5.27777e-08 5.08368e-08 0.00544262 0.00117171 0.00311636 1.60947e-05 0.000365494 7.37778e-11 0.227499 8.49695e-08 1.74531e-07 0.00478003 0.00058475 2.04268e-11 2.6563e-07 0.0013231 9.56841e-08 
0.0141966 0.0078404 0.00221887 0.00414796 0.852911 8.75386e-05 0.000517554 0.00548718 0.0141607 1.35585e-05 1.41021e-05 0.0139357 0.000114612 0.0551196 7.54602e-05 9.78938e-06 0.00112846 0.00844394 4.54196e-06 0.000504415 0.00924487 0.00982315 
0.00533849 7.15515e-07 0.657494 0.04335 0.11213 3.07362e-07 3.52962e-05 0.0378407 0.0325588 0.00234473 9.91963e-07 1.18841e-05 0.00914796 0.0622423 1.29524e-06 3.19535e-05 2.59874e-06 1.18663e-08 6.58749e-10 0.0330174 0.00444243 7.9346e-06 
0.0209384 0.00142139 0.00421345 0.000622655 0.481086 0.000152262 1.11989e-05 0.0042613 1.12067e-06 7.6025e-07 0.000496264 1.67549e-06 0.42138 0.00704947 0.0206704 4.07801e-08 0.000288023 1.27718e-05 6.13681e-09 0.0356404 0.00175218 1.86333e-08 
0.090953 0.00460432 0.0600646 0.0905105 0.620524 0.000330361 3.19269e-05 0.0230319 0.0262906 0.000525503 1.8407e-05 0.000181055 1.81745e-05 0.0238555 1.47933e-06 1.79599e-06 0.000195825 0.01322 3.73564e-07 8.72053e-05 0.0455334 1.95219e-05 
0.000115202 0.000343537 0.000224583 0.000111335 0.000610981 9.42128e-09 1.27024e-08 0.000297898 3.57031e-05 0.00021663 0.000213113 0.993569 2.84398e-08 0.000111127 2.05465e-08 5.23247e-08 1.70811e-08 0.00321688 7.87412e-09 0.000501223 0.000430574 2.41474e-06 
0.167715 0.405415 0.00105584 0.0226224 0.0616235 0.000141187 0.0405116 0.0600331 0.0475289 0.000802095 0.000627661 0.00391799 2.85987e-06 0.0596562 5.59667e-06 0.00145754 0.00170315 0.00185443 1.5361e-06 4.34977e-06 0.123318 2.37385e-06 
0.544119 1.14557e-05 2.23363e-08 5.15029e-05 0.193817 1.38687e-08 1.04491e-05 0.00637603 2.30268e-07 7.59087e-08 0.000374499 1.8317e-05 0.0302248 0.0110441 3.23655e-05 2.73086e-05 2.43232e-05 2.21825e-06 1.15912e-08 0.0213454 0.192521 3.51945e-08 
0.0407826 0.00310714 0.00219076 6.23528e-05 0.557247 0.000502878 0.0206232 0.00027573 1.05408e-06 6.72782e-05 3.69817e-06 0.000180748 9.50729e-06 0.33564 3.37201e-07 4.08941e-07 0.0154511 0.0177481 8.51076e-08 3.55836e-07 0.00594131 0.000164799 
0.32381 0.0713123 0.000748264 9.51287e-05 0.42169 8.06663e-05 0.00620625 0.00413083 1.03791e-06 2.19972e-06 0.000233617 0.000733236 5.97275e-10 0.10813 1.10235e-06 1.09889e-09 0.000519953 0.000123008 1.65367e-10 3.47394e-10 0.0621825 4.99466e-08 
0.915581 0.000343079 0.000257568 0.000117373 0.00390183 1.04112e-06 1.16614e-05 0.0287582 0.00037912 8.39834e-05 8.7954e-06 0.0157528 1.87823e-08 0.030435 7.11979e-05 3.45564e-08 1.12807e-08 4.54588e-07 5.20024e-09 2.42977e-05 0.00427145 1.23644e-06 
0.548612 0.00887282 0.101031 5.561e-07 0.0346872 7.59755e-07 0.00648172 0.00282925 0.0131334 0.000195921 3.04368e-06 0.00172469 5.87853e-10 0.113833 4.24698e-10 2.27286e-06 0.000535439 3.55258e-07 1.62758e-10 1.04683e-06 0.168053 2.00617e-06 
0.0726331 0.104338 0.00328499 0.00522931 0.134119 0.000201155 0.00539067 0.349708 0.0166329 5.72128e-11 0.00381352 0.000215768 1.63484e-07 0.00172953 2.27964e-11 5.80543e-11 4.34713e-08 4.96522e-08 8.73633e-12 0.000821527 0.301882 5.63415e-08 
0.0338624 0.566662 2.30919e-05 2.15714e-05 0.268944 0.00171181 0.00246716 0.00153302 0.00138286 6.39398e-10 4.94433e-06 0.000102733 3.52641e-10 0.000121831 0.0136475 6.48802e-10 6.89524e-07 2.2523e-07 9.76354e-11 2.05107e-10 0.109514 5.94219e-08 
0.00461931 0.000349733 8.92644e-07 5.65611e-05 0.97539 1.75189e-05 0.000253043 0.000132692 2.51438e-05 2.19835e-07 1.22758e-07 0.0162469 0.000296847 0.00230704 4.49334e-05 2.23068e-07 5.0905e-05 9.41728e-05 3.35686e-08 2.77832e-06 6.68251e-05 4.45703e-05 
0.915581 0.000343079 0.000257568 0.000117373 0.00390183 1.04112e-06 1.16614e-05 0.0287582 0.00037912 8.39834e-05 8.7954e-06 0.0157528 1.87823e-08 0.030435 7.11979e-05 3.45564e-08 1.12807e-08 4.54588e-07 5.20024e-09 2.42977e-05 0.00427145 1.23644e-06 
0.0145404 0.0329503 0.000279471 0.0023351 0.318201 0.430767 0.000769751 0.0211885 0.00390493 1.2457e-05 0.000107622 0.0625359 0.00100535 0.0039774 2.40123e-07 1.74006e-06 0.000200719 0.005524 8.61754e-11 0.0880983 0.0134781 0.000121597 
0.0792209 0.000540847 2.36242e-05 0.00124043 0.0020884 2.45426e-05 0.00152248 0.00310092 0.145112 5.0626e-10 2.82702e-10 1.885e-10 0.000515476 0.0156515 0.739103 5.13706e-10 3.64789e-05 0.000487585 7.73054e-11 0.00380616 0.00752584 1.88305e-07 
0.0335336 0.00792431 1.98716e-06 0.00529754 0.879959 0.000917013 0.000273967 0.0154037 0.00115571 8.39654e-09 9.71895e-06 4.07823e-06 0.00137091 0.0322221 3.23216e-06 0.00112451 0.00103084 0.0026686 1.28214e-09 0.00103407 0.0018291 0.0142358 
0.00229979 8.06929e-07 0.00594117 2.69646e-07 4.93843e-11 2.75483e-07 3.33912e-05 8.21628e-07 7.70396e-06 2.1103e-06 1.3546e-10 6.04452e-07 2.34187e-06 0.826463 9.66564e-11 2.4615e-10 0.165189 5.7999e-05 3.7042e-11 7.78156e-11 4.16488e-07 6.96771e-08 
0.0210128 0.00865159 5.64939e-06 0.000109598 0.884762 0.000163412 0.000613827 0.00566493 1.07032e-05 6.40848e-05 5.21642e-06 0.0143769 3.46238e-07 0.0528373 3.43392e-06 1.21738e-06 0.00016633 0.000736487 8.21431e-10 0.000878029 0.00992549 1.10124e-05 
0.00380395 0.000145419 1.35845e-05 0.0385048 0.0331388 1.81807e-06 3.16909e-07 9.52677e-08 0.014691 1.8691e-05 5.05083e-10 9.02341e-05 2.18115e-05 0.187498 1.60359e-06 9.17802e-10 0.709897 0.0118457 1.38116e-10 1.09874e-07 0.000327458 8.47917e-09 
0.109547 0.00520289 0.00437528 0.0206327 0.280339 0.000379537 0.096243 0.0296778 0.0263098 0.000533888 0.000339335 0.0100873 0.000270883 0.0840531 0.00113286 0.000106159 0.000510568 0.139922 1.50972e-05 0.0213448 0.168953 2.36798e-05 
0.0639932 1.60826e-05 8.47293e-05 3.05144e-06 0.361328 2.57964e-06 2.41993e-05 0.00930417 3.52211e-06 6.61925e-06 3.53201e-06 1.08971e-05 0.565167 4.33469e-05 5.85964e-10 1.49224e-09 4.87132e-10 4.45847e-06 2.24561e-10 4.71744e-10 4.51541e-06 6.81839e-10 
0.359617 0.00324689 0.00880774 0.00937832 0.328844 0.00199667 0.00315225 0.0416769 1.39485e-06 0.00168915 0.000316673 0.000800903 0.000403128 0.184382 2.90288e-08 7.38243e-09 0.000855853 0.0180914 1.11095e-09 0.0367343 1.87586e-06 3.981e-06 
0.0726331 0.104338 0.00328499 0.00522931 0.134119 0.000201155 0.00539067 0.349708 0.0166329 5.72128e-11 0.00381352 0.000215768 1.63484e-07 0.00172953 2.27964e-11 5.80543e-11 4.34713e-08 4.96522e-08 8.73633e-12 0.000821527 0.301882 5.63415e-08 
0.123774 2.11283e-06 0.00365412 0.0101865 0.533706 0.00074322 0.000916763 0.00546239 0.00721377 1.33249e-06 0.000841715 0.304128 5.07477e-06 0.00719138 9.11722e-07 5.07257e-10 1.65591e-10 9.33111e-05 7.63349e-11 0.00207484 2.64811e-06 1.86119e-06 
0.215448 0.0047291 0.00157666 0.000701536 0.656041 7.88915e-05 0.000271398 0.000154892 0.000682118 2.00978e-06 1.07456e-06 0.000144863 0.0112397 0.106519 0.00146581 8.82655e-08 2.88137e-08 1.30513e-06 1.32827e-08 2.38289e-05 0.000915929 2.2176e-06 
0.000770771 0.000191597 8.1624e-05 0.0941759 0.250994 1.9007e-05 3.88222e-09 2.0819e-05 5.20466e-05 1.57601e-08 0.653224 6.74889e-05 8.692e-09 0.000227498 5.52668e-05 1.59919e-08 6.31725e-05 2.47756e-05 2.40655e-09 5.05553e-09 3.23626e-05 7.30705e-09 
0.0300615 0.00251456 0.0253225 0.00703509 0.902298 0.000194583 0.000385238 0.00595206 0.00645523 0.000378287 4.90616e-05 0.00157463 0.000277278 0.00841842 6.87771e-05 2.60763e-05 0.000705384 0.00119529 1.15124e-07 0.00619159 0.00065968 0.000236404 
0.0145404 0.0329503 0.000279471 0.0023351 0.318201 0.430767 0.000769751 0.0211885 0.00390493 1.2457e-05 0.000107622 0.0625359 0.00100535 0.0039774 2.40123e-07 1.74006e-06 0.000200719 0.005524 8.61754e-11 0.0880983 0.0134781 0.000121597 
0.0419359 0.00357123 0.00647082 0.0109513 0.137344 0.00117451 0.0607659 0.0404416 0.0928566 0.000209728 0.000228068 0.00147757 2.38353e-05 0.0390215 0.00223515 0.000375708 0.000595436 0.0086435 1.10149e-08 0.0451286 0.506549 2.4027e-08 
0.0800648 0.000932008 0.00191068 0.00230519 0.716908 0.000347422 0.0130012 0.00248071 0.00347252 0.000997761 6.36993e-05 0.000725417 0.000957768 0.101777 0.000694552 6.50469e-05 0.00080903 0.0444976 1.79054e-05 0.00141815 0.0265245 2.85533e-05 
0.00984221 0.00202407 0.0049498 0.0037416 0.955975 0.000874687 0.00101289 0.00271758 3.20436e-05 1.01639e-07 1.48609e-06 5.75021e-05 0.00031925 0.0172131 4.04981e-08 1.03134e-07 0.000155359 7.41804e-06 1.55202e-08 0.000320449 0.000750942 4.16282e-06 
0.0802068 0.00279776 0.000820819 0.000237322 0.59387 0.000201578 0.00628583 0.0368008 0.0124306 0.000453533 0.108244 0.00845819 8.72152e-05 0.105164 0.00984704 1.08732e-05 0.0107523 0.00652609 2.2593e-06 0.00197789 0.0146802 0.000145103 
0.0076981 0.0083921 0.000661483 0.000384054 0.95669 0.00101804 0.000454372 0.00257427 0.000512875 6.13364e-08 8.95156e-07 0.00140095 2.12249e-06 0.0120741 2.34593e-06 6.22385e-08 0.000124955 4.88056e-06 9.36601e-09 7.49984e-06 0.0079957 8.86855e-07 
0.0446349 0.00284434 0.242455 2.7481e-07 0.370204 0.00036726 0.00094391 0.00693646 0.000105908 0.00450316 1.97568e-07 0.00396304 0.00109834 0.287473 1.60574e-10 4.08925e-10 0.00467328 0.0203642 6.15374e-11 0.00534191 0.004084 7.27267e-06 
0.18848 0.0127164 1.36968e-06 1.5131e-06 0.193509 5.33647e-07 2.28406e-11 1.10076e-06 0.00570487 0.000821281 3.41783e-07 0.00312237 1.13021e-06 0.288661 3.69452e-11 9.40863e-11 0.023404 0.283571 1.41586e-11 1.86495e-06 2.84558e-06 4.29902e-11 
0.347638 0.00371329 6.55071e-05 0.0477086 0.357027 0.000476894 0.0229023 0.00345829 7.48753e-06 3.55375e-06 2.54275e-08 0.136349 2.51137e-08 0.078502 1.81435e-08 2.93158e-05 0.0016556 2.775e-05 6.95321e-09 5.91418e-06 0.000427807 8.80466e-07 
0.0735269 0.00204675 0.681175 0.00457635 0.00156762 1.53471e-05 0.000280354 0.0788083 3.26832e-06 6.07121e-07 0.000171664 1.20021e-06 3.84451e-05 0.0128003 0.000449067 2.09355e-07 3.21187e-05 2.0324e-06 1.56183e-08 3.28101e-08 0.144427 7.76102e-05 
0.067968 0.00317091 0.00150772 0.0208213 0.746302 7.49742e-06 6.15699e-11 0.00778625 0.00416588 6.05954e-07 0.000760086 1.1681e-06 0.035077 0.0173446 7.36941e-07 2.53623e-10 1.45642e-07 9.64628e-05 3.81666e-11 0.0616912 0.0332981 1.15886e-10 
0.0126253 0.00760533 0.00467006 0.00515906 0.0356623 0.00181952 7.78773e-08 0.00375317 0.0041377 0.00186559 0.00116534 0.0016128 0.00385356 0.86439 1.25969e-07 3.20797e-07 0.00521525 0.0304035 4.82754e-08 0.00635875 0.00970229 1.46579e-07 
0.0841962 0.00389113 0.0760019 0.0258346 0.444127 5.02755e-05 0.000536334 0.0366159 0.106805 0.0014592 0.000668768 0.0200938 0.0149084 0.0693545 0.00110979 0.000735169 0.000616121 0.0708708 1.00823e-06 0.0082619 0.0335936 0.000268512 
0.00853188 0.0224864 2.54629e-07 0.00610605 0.784569 1.83745e-07 5.06174e-11 0.1317 0.000266848 3.35097e-07 0.00674862 0.00783048 1.15188e-06 0.0203663 2.78077e-07 1.98295e-08 3.17121e-07 0.000378608 3.13773e-11 0.00111801 0.00989527 1.794e-07 
4.31615e-06 0.000210517 1.50245e-09 2.75476e-06 0.997654 2.58546e-06 5.73202e-07 0.00163428 0.00017827 5.10601e-09 1.02586e-07 1.90116e-09 2.81606e-09 4.14513e-06 2.03448e-09 5.1811e-09 0.000302721 2.41997e-06 7.79682e-10 1.44919e-06 4.99789e-07 1.79928e-06 
0.0324709 0.0068376 0.00433456 0.00109669 0.652224 0.000748786 0.0209643 0.0237278 0.0242267 0.000330849 2.3494e-05 0.000148641 0.00101842 0.0216284 0.00391219 3.79555e-05 0.00399372 0.000865653 4.87804e-08 0.00451985 0.196731 0.000158263 
0.915581 0.000343079 0.000257568 0.000117373 0.00390183 1.04112e-06 1.16614e-05 0.0287582 0.00037912 8.39834e-05 8.7954e-06 0.0157528 1.87823e-08 0.030435 7.11979e-05 3.45564e-08 1.12807e-08 4.54588e-07 5.20024e-09 2.42977e-05 0.00427145 1.23644e-06 
0.335808 0.00154908 0.0393949 0.000353329 0.206775 0.000237456 0.0983962 0.00278625 0.00376512 0.000178897 0.000115619 0.00031073 0.00373399 0.131853 3.99834e-07 4.84635e-07 3.28514e-07 0.00826893 1.0089e-07 0.00026108 0.166211 2.20081e-07 
0.0182928 0.000707294 1.2106e-05 1.73713e-06 0.974453 0.000236295 0.00022556 0.00014525 5.74835e-06 0.000122354 1.76528e-05 0.000663866 5.70109e-05 0.00269884 3.73902e-07 9.52195e-07 6.22693e-06 1.629e-05 1.43292e-07 9.93563e-06 0.00231445 1.17264e-05 
0.0255746 2.35315e-06 2.36715e-06 0.000899365 0.50506 0.000879366 0.387051 0.0192966 0.0121683 3.19075e-06 2.02539e-06 6.60065e-07 1.44393e-06 0.0486523 1.82548e-06 1.02407e-06 0.000398468 1.1482e-06 4.16395e-11 2.22192e-06 2.27163e-06 1.26431e-10 
0.0137627 0.0190499 3.87746e-05 0.0076595 0.865819 1.34193e-06 1.29309e-06 0.0191791 0.000490538 0.00110725 0.000433176 0.000155803 5.84221e-09 0.0506019 2.16119e-06 4.44059e-06 3.50885e-09 0.000221854 1.61753e-09 8.65362e-05 0.0210973 0.000287243 
0.0726331 0.104338 0.00328499 0.00522931 0.134119 0.000201155 0.00539067 0.349708 0.0166329 5.72128e-11 0.00381352 0.000215768 1.63484e-07 0.00172953 2.27964e-11 5.80543e-11 4.34713e-08 4.96522e-08 8.73633e-12 0.000821527 0.301882 5.63415e-08 
0.0228024 0.00451604 0.000878275 6.2244e-05 0.91693 0.000714487 0.00715363 0.00111619 4.69161e-07 6.69107e-05 2.14615e-05 0.00375692 0.000104525 0.0234821 0.000257391 1.81854e-07 0.000181389 0.000899892 3.78565e-08 1.58331e-07 0.00593998 0.0111149 
0.0146652 7.08094e-05 0.000360587 0.203096 0.000420091 0.000330677 6.29589e-07 0.00180924 0.0102446 3.09572e-05 0.49942 1.50859e-06 4.49274e-05 7.77489e-05 0.00133863 2.86513e-07 6.80585e-05 1.35505e-07 1.69641e-08 0.228967 0.0390449 7.05442e-06 
0.123774 2.11283e-06 0.00365412 0.0101865 0.533706 0.00074322 0.000916763 0.00546239 0.00721377 1.33249e-06 0.000841715 0.304128 5.07477e-06 0.00719138 9.11722e-07 5.07257e-10 1.65591e-10 9.33111e-05 7.63349e-11 0.00207484 2.64811e-06 1.86119e-06 
1.05705e-05 3.04144e-06 1.83664e-05 4.86729e-06 0.998675 0.000238842 1.0438e-10 1.54458e-06 3.76594e-06 4.23738e-10 2.3662e-10 1.16769e-06 6.07854e-07 5.95902e-06 4.56033e-07 4.2997e-10 1.40361e-10 4.13974e-07 6.47043e-11 0.00103384 1.84952e-06 1.96463e-10 
0.291695 0.061789 0.00289086 0.0214883 0.106434 0.000174042 0.212509 0.0253345 0.030432 0.00326487 0.000576548 0.000706733 3.87517e-05 0.231368 0.000379565 0.000135383 0.000102649 6.35771e-05 2.34215e-07 0.00899903 0.00161791 7.11151e-07 
0.0124236 3.26083e-06 0.436618 0.118193 1.73873e-05 7.53477e-07 6.83165e-10 0.0214593 0.00613594 9.45007e-06 4.77936e-05 3.37696e-06 5.70146e-06 0.352536 6.29174e-06 2.06161e-06 0.000902297 0.0407478 4.23487e-10 0.0107018 0.000167665 1.91093e-05 
0.254454 0.136178 0.00101092 0.00459572 0.539689 4.31982e-05 0.00152928 0.0174369 0.0195339 1.29158e-05 0.00234573 2.53293e-06 0.000795366 0.00373882 1.4983e-05 5.80458e-07 7.63785e-05 3.17848e-06 1.19558e-08 0.000267338 0.01827 9.32205e-07 
0.0612309 1.98875e-06 0.00114122 3.56765e-06 0.417638 2.63616e-09 0.00260629 0.0736342 4.04797e-05 2.15212e-06 0.0024903 0.00890198 0.002152 0.0372848 0.330303 2.18453e-05 0.00190029 1.77309e-06 2.20326e-09 0.0380119 0.0226326 6.68979e-09 
0.00162441 0.00040409 0.000172814 2.94398e-05 0.996412 4.0562e-05 6.99668e-07 4.41019e-05 0.000109929 2.84035e-06 6.64886e-05 0.000143249 1.56651e-06 0.000479513 0.00011757 2.88212e-06 0.000134039 5.25193e-05 4.33718e-07 9.10285e-05 6.83271e-05 1.3169e-06 
0.0145404 0.0329503 0.000279471 0.0023351 0.318201 0.430767 0.000769751 0.0211885 0.00390493 1.2457e-05 0.000107622 0.0625359 0.00100535 0.0039774 2.40123e-07 1.74006e-06 0.000200719 0.005524 8.61754e-11 0.0880983 0.0134781 0.000121597 
0.0516934 0.0216631 6.96658e-06 7.6944e-06 0.895957 2.71477e-06 1.87065e-09 0.00383361 0.00387476 2.78928e-06 1.74186e-06 2.40782e-06 5.75077e-06 1.27635e-05 3.02582e-09 7.70569e-09 0.00659585 4.53417e-05 1.1596e-09 0.0162794 1.44694e-05 3.5209e-09 
0.0124236 3.26083e-06 0.436618 0.118193 1.73873e-05 7.53477e-07 6.83165e-10 0.0214593 0.00613594 9.45007e-06 4.77936e-05 3.37696e-06 5.70146e-06 0.352536 6.29174e-06 2.06161e-06 0.000902297 0.0407478 4.23487e-10 0.0107018 0.000167665 1.91093e-05 
0.0726079 0.0301307 0.0201772 0.00213823 0.853604 1.58104e-05 0.00102132 0.00161432 0.00034387 2.46068e-05 0.00415836 0.000158114 1.39677e-07 0.00616762 0.000257836 1.61501e-05 2.4536e-05 9.83872e-05 3.86724e-08 0.000147156 0.00631758 0.000976455 
0.0146652 7.08094e-05 0.000360587 0.203096 0.000420091 0.000330677 6.29589e-07 0.00180924 0.0102446 3.09572e-05 0.49942 1.50859e-06 4.49274e-05 7.77489e-05 0.00133863 2.86513e-07 6.80585e-05 1.35505e-07 1.69641e-08 0.228967 0.0390449 7.05442e-06 
0.0145404 0.0329503 0.000279471 0.0023351 0.318201 0.430767 0.000769751 0.0211885 0.00390493 1.2457e-05 0.000107622 0.0625359 0.00100535 0.0039774 2.40123e-07 1.74006e-06 0.000200719 0.005524 8.61754e-11 0.0880983 0.0134781 0.000121597 
4.31615e-06 0.000210517 1.50245e-09 2.75476e-06 0.997654 2.58546e-06 5.73202e-07 0.00163428 0.00017827 5.10601e-09 1.02586e-07 1.90116e-09 2.81606e-09 4.14513e-06 2.03448e-09 5.1811e-09 0.000302721 2.41997e-06 7.79682e-10 1.44919e-06 4.99789e-07 1.79928e-06 
0.351524 0.00294671 0.000859677 0.030465 0.236536 5.38533e-05 0.00273327 0.0596005 0.00567059 0.000634388 0.000947531 0.00308895 0.0114562 0.138415 0.0267054 0.000492834 0.000676633 0.00845519 1.82384e-06 0.00081084 0.117904 2.12195e-05 
4.31615e-06 0.000210517 1.50245e-09 2.75476e-06 0.997654 2.58546e-06 5.73202e-07 0.00163428 0.00017827 5.10601e-09 1.02586e-07 1.90116e-09 2.81606e-09 4.14513e-06 2.03448e-09 5.1811e-09 0.000302721 2.41997e-06 7.79682e-10 1.44919e-06 4.99789e-07 1.79928e-06 
0.0512595 0.00240107 0.00224619 0.00058192 0.797379 1.38224e-06 0.0014998 0.000799729 0.000481624 2.33538e-05 5.82133e-06 0.00195174 0.0137901 0.120691 1.38716e-05 7.2798e-08 0.00373034 0.00210421 1.09551e-08 2.93509e-05 0.00101052 3.3263e-08 
0.0503506 2.78838e-06 2.86778e-05 4.50844e-07 0.840832 1.39407e-07 2.01725e-06 1.05788e-06 1.80523e-07 2.24354e-10 1.25282e-10 0.020766 0.0087543 0.0705888 3.57665e-07 2.27654e-10 2.23022e-07 7.50711e-07 3.42586e-11 0.000413774 0.0082582 1.0402e-10 
0.639866 0.0081125 0.00219235 4.53276e-05 0.141427 4.77939e-05 4.5416e-08 0.000104272 0.00377446 1.84369e-07 5.16187e-05 0.000259336 0.000515529 0.201182 0.00166239 1.87081e-07 0.000253025 0.000111997 2.8153e-08 5.91421e-08 0.000393768 8.54813e-08 
0.0841726 0.00739914 0.00157351 0.000828419 0.3259 0.000179161 0.329542 0.0421952 0.0105782 0.000288604 3.41814e-05 6.90361e-05 0.00613479 0.0512334 0.000544793 0.000178938 0.000322231 0.02229 1.77103e-05 0.000846292 0.115245 0.000427068 
0.0145404 0.0329503 0.000279471 0.0023351 0.318201 0.430767 0.000769751 0.0211885 0.00390493 1.2457e-05 0.000107622 0.0625359 0.00100535 0.0039774 2.40123e-07 1.74006e-06 0.000200719 0.005524 8.61754e-11 0.0880983 0.0134781 0.000121597 
0.0145404 0.0329503 0.000279471 0.0023351 0.318201 0.430767 0.000769751 0.0211885 0.00390493 1.2457e-05 0.000107622 0.0625359 0.00100535 0.0039774 2.40123e-07 1.74006e-06 0.000200719 0.005524 8.61754e-11 0.0880983 0.0134781 0.000121597 
0.0664969 0.00645368 0.000652047 0.00126038 0.75621 0.000113027 0.0162305 0.00121306 0.00152819 0.000113784 7.51737e-06 0.028126 0.000117685 0.0299014 0.000263867 3.22669e-06 0.000298511 0.00373675 6.69993e-07 3.32528e-05 0.086666 0.000573694 
0.0051339 0.00499541 0.0014675 0.0156764 0.0537648 0.182004 0.00506372 0.00690048 5.80529e-06 2.04967e-06 0.00224574 0.660154 0.000531143 0.0581559 4.31377e-08 8.42301e-07 1.19926e-06 1.45027e-07 1.65318e-08 3.4729e-08 0.000515724 0.00338182 
0.0413308 0.00362955 1.18934e-07 2.01769e-08 0.607028 0.00037114 2.86803e-07 0.0026119 7.58369e-08 2.89369e-07 4.48945e-08 0.00513332 1.93788e-07 0.307587 8.05289e-08 2.33017e-11 0.000313055 0.0303244 3.50657e-12 1.90797e-07 0.00166935 1.06471e-11 
0.0432437 0.000811172 3.53777e-05 0.00122256 0.000324094 8.82902e-06 0.00106698 0.00249626 0.131214 5.76274e-10 3.21798e-10 2.14569e-10 6.7439e-05 0.0140594 0.787721 5.8475e-10 1.96975e-07 0.000731237 8.79964e-11 0.00570876 0.0112886 1.60065e-08 
0.00602222 0.00660442 0.00281124 0.00319361 0.00838811 0.0022595 7.21883e-08 0.0227726 0.0100642 2.93053e-07 0.0123553 0.786879 0.0248742 0.00184413 0.00192677 0.000922123 0.000757255 0.00215197 4.47488e-08 0.0984236 0.0072325 0.000516447 
0.0145404 0.0329503 0.000279471 0.0023351 0.318201 0.430767 0.000769751 0.0211885 0.00390493 1.2457e-05 0.000107622 0.0625359 0.00100535 0.0039774 2.40123e-07 1.74006e-06 0.000200719 0.005524 8.61754e-11 0.0880983 0.0134781 0.000121597 
0.0368918 0.0146605 0.00170823 0.000789267 0.832617 0.000529854 0.000668927 0.0205218 0.0241209 1.77779e-09 0.00313363 0.00167494 0.00184872 0.0181947 9.31435e-07 0.00127885 0.00117147 0.00266171 2.71466e-10 7.88804e-05 0.01789 0.0195578 
0.0319415 0.00387997 4.22515e-05 0.00162603 0.703196 0.000900008 0.000502391 0.174368 0.00288855 3.22251e-07 1.79949e-07 0.000353077 1.77728e-07 0.000716322 0.000215147 0.000332264 0.00041083 2.06801e-05 4.92074e-08 1.03372e-07 0.078208 0.000398696 
0.0137503 0.00218546 0.000740427 4.15351e-05 0.938879 0.000687543 0.0149149 3.03826e-06 5.70968e-07 4.47284e-05 1.45806e-05 0.000179962 6.29351e-05 0.0208025 1.82599e-07 2.21371e-07 0.000234403 0.000578213 4.60795e-08 1.92705e-07 0.00667868 0.000200657 
0.0145404 0.0329503 0.000279471 0.0023351 0.318201 0.430767 0.000769751 0.0211885 0.00390493 1.2457e-05 0.000107622 0.0625359 0.00100535 0.0039774 2.40123e-07 1.74006e-06 0.000200719 0.005524 8.61754e-11 0.0880983 0.0134781 0.000121597 
0.0314466 0.00431715 0.00183659 4.19521e-08 0.582563 0.000189028 0.0369894 0.0029257 0.095639 1.04497e-07 0.000110901 0.000357675 0.00011161 0.00664183 1.24002e-07 1.5029e-07 0.000275186 8.07608e-07 3.12882e-08 0.000484356 0.23594 0.000170692 
2.24542e-06 0.0775969 1.13825e-06 2.7661e-09 0.921201 1.31171e-06 7.21826e-11 3.44197e-06 4.66298e-08 1.23102e-06 1.63631e-10 2.95688e-06 0.00118418 1.45989e-06 2.68659e-07 2.97339e-10 3.49528e-07 1.34929e-07 4.47453e-11 1.57926e-06 1.64402e-06 1.35861e-10 
0.0180229 0.0553202 0.000678768 0.00868585 0.237741 0.000451975 0.0175385 0.0460167 0.0112265 3.65932e-05 2.96188e-05 4.50768e-05 0.000234807 0.0818977 0.00314667 0.000127484 3.03325e-05 0.0246772 6.30731e-08 0.000320815 0.49356 0.000210867 
0.000259897 0.0342711 0.000219039 0.504257 0.000321956 3.88022e-05 0.00275285 0.0459984 0.278679 0.000295585 0.0201635 6.12396e-05 0.000280864 0.000925761 0.000169013 9.52549e-05 9.20647e-05 0.000106229 8.9081e-08 0.000205625 0.110807 2.70478e-07 
0.0143541 0.00270236 5.4722e-08 0.000382425 1.3138e-07 3.82688e-08 0.000878273 2.07008e-07 0.126157 2.30761e-10 1.2886e-10 8.59211e-11 8.73897e-08 0.00791795 0.809866 2.34155e-10 7.64383e-11 1.55053e-06 3.52369e-11 0.000114491 0.0376255 1.06991e-10 
0.00352446 0.00513884 0.00110439 0.667712 0.081456 3.62236e-06 0.000217121 0.0199885 0.0255788 7.08545e-05 7.70167e-06 8.23876e-05 0.000844808 0.0153985 8.06904e-05 8.37284e-06 0.00191555 0.0304365 1.74134e-06 0.000463973 0.145961 3.80234e-06 
0.0582393 0.0160499 0.00439446 0.07653 0.60523 9.22349e-05 0.00173361 0.0321781 0.00697309 6.76638e-05 0.000266806 0.00189008 0.0110458 0.130413 7.81542e-05 3.84608e-05 0.000290408 0.001848 2.27248e-06 0.0126905 0.0399234 2.52881e-05 
0.150556 0.00884477 0.00470487 0.16185 0.320638 3.79373e-10 5.11498e-10 0.0431069 0.00107009 0.000327855 0.000101482 0.117693 1.14521e-09 0.13372 4.18605e-05 2.107e-09 0.00139732 1.09876e-05 3.17073e-10 2.28933e-06 0.0559341 6.58243e-08 
0.0625872 0.0034474 0.00421201 0.0118219 0.193672 0.000272616 0.0246043 0.139305 0.0640686 0.00108327 0.000181091 0.0184473 9.7586e-05 0.138347 0.00388594 9.66378e-05 0.019934 0.000785343 3.55249e-11 0.0339789 0.27917 5.85166e-08 
0.158733 0.010767 0.00305239 0.00210953 0.589634 4.99291e-05 0.000680723 0.137143 0.0112504 6.8063e-05 0.000354268 2.13172e-06 9.34137e-07 0.0251401 8.70672e-07 1.81056e-05 9.91039e-07 0.000177681 3.68911e-07 0.00323374 0.0575276 5.48373e-05 
0.0337984 0.000115396 7.55706e-05 3.74297e-05 0.858731 0.0147007 1.62241e-07 0.000100043 1.20438e-05 7.33536e-05 7.18899e-05 0.0639923 0.000341794 3.73357e-05 0.000818268 6.68312e-07 0.0267685 1.07626e-05 1.00571e-07 0.000168442 0.000144554 1.10785e-06 
0.00380395 0.000145419 1.35845e-05 0.0385048 0.0331388 1.81807e-06 3.16909e-07 9.52677e-08 0.014691 1.8691e-05 5.05083e-10 9.02341e-05 2.18115e-05 0.187498 1.60359e-06 9.17802e-10 0.709897 0.0118457 1.38116e-10 1.09874e-07 0.000327458 8.47917e-09 
0.0113736 0.00969705 0.00184902 0.00685818 0.819918 0.000540998 0.00890227 0.0206077 0.0056483 0.000334786 0.000146083 0.000287491 0.00148349 0.0291851 0.000440827 7.88806e-05 0.000379308 0.0275772 1.69362e-05 0.0181904 0.0362093 0.000274974 
0.0792734 0.796446 3.08074e-10 1.00797e-06 1.22132e-05 4.59275e-07 1.16082e-06 0.0579512 9.50167e-07 1.04697e-09 5.84642e-10 3.89828e-10 5.77427e-10 4.5944e-07 4.17166e-10 1.06237e-09 8.67356e-07 3.53841e-08 1.59872e-10 1.24297e-06 0.0636289 0.0026818 
0.00914321 0.0243822 5.25363e-06 5.07573e-06 0.783833 2.75059e-09 3.70855e-09 0.1506 3.68584e-06 2.09865e-05 2.51288e-05 5.60557e-09 8.30317e-09 0.00609698 4.33337e-05 1.52765e-08 5.40023e-06 4.71108e-06 2.29889e-09 4.82938e-09 0.0258315 6.98017e-09 
0.114317 6.78427e-07 0.00290464 0.00247928 0.717984 0.000124311 0.00450706 0.00818749 0.00414071 0.000322507 0.000206823 0.000364979 1.36023e-10 0.0861465 1.95763e-07 2.50261e-10 0.00031351 0.0416084 3.76606e-11 2.46227e-06 0.0163893 1.1435e-10 
0.0204147 0.0249839 0.000134276 0.000288861 0.853933 1.99682e-05 1.92373e-05 0.0203858 0.00175548 0.000598022 0.000608161 0.000986384 5.49068e-08 0.0666646 0.000352781 6.60532e-05 3.29772e-08 0.000179804 1.5202e-08 3.19355e-08 0.00857255 3.62081e-05 
0.0145404 0.0329503 0.000279471 0.0023351 0.318201 0.430767 0.000769751 0.0211885 0.00390493 1.2457e-05 0.000107622 0.0625359 0.00100535 0.0039774 2.40123e-07 1.74006e-06 0.000200719 0.005524 8.61754e-11 0.0880983 0.0134781 0.000121597 
0.544119 1.14557e-05 2.23363e-08 5.15029e-05 0.193817 1.38687e-08 1.04491e-05 0.00637603 2.30268e-07 7.59087e-08 0.000374499 1.8317e-05 0.0302248 0.0110441 3.23655e-05 2.73086e-05 2.43232e-05 2.21825e-06 1.15912e-08 0.0213454 0.192521 3.51945e-08 
0.0302166 0.0115206 0.000801668 0.00618295 0.890186 1.47109e-05 7.07516e-05 0.0111441 0.00499799 0.000239469 0.000189079 0.00110665 0.000109258 0.0119427 0.000523571 1.84199e-06 1.61494e-06 0.000140207 4.72597e-07 0.0238237 0.00675066 3.5312e-05 
0.23324 0.032546 2.75941e-06 0.0103296 0.117511 0.0829723 0.399431 2.9975e-07 0.00592768 4.61598e-05 6.10913e-06 0.000323181 1.4414e-09 0.0571194 0.000399818 2.65194e-09 0.000134039 2.06172e-06 3.99079e-10 0.0117225 0.047276 0.00101004 
0.0544007 0.00187072 0.00606649 0.0164433 0.00612699 5.04768e-05 0.000224791 0.00500254 0.0056509 0.000628864 7.84409e-06 0.000751502 0.00262205 0.751302 1.34372e-06 1.60089e-06 0.00127944 0.133486 3.4539e-08 0.000352573 0.0137303 6.43585e-08 
0.0289419 0.000556337 3.19854e-05 0.000828384 0.000242463 8.47237e-06 0.000734469 0.00168449 0.0876129 3.06563e-08 1.71188e-08 1.14145e-08 6.64986e-05 0.00940766 0.857933 3.11072e-08 4.7696e-06 0.000511353 4.68119e-09 0.00387896 0.00755637 3.94887e-07 
0.080351 0.0858081 0.00549913 0.0101242 0.566599 0.000256256 0.0119781 0.179751 0.00609389 0.00162815 0.000131982 0.00125457 2.84166e-05 0.00753953 0.0179758 1.20001e-05 0.000164119 9.62484e-05 1.06783e-05 0.000182722 0.0241554 0.000359717 
0.0455161 0.0332831 0.00145704 1.58559e-05 0.811776 0.000414786 9.31606e-09 0.0116439 1.03594e-05 0.000309522 0.0234901 0.00133276 0.000147144 0.0381788 1.5069e-08 6.22754e-06 0.000657495 0.000784379 5.77494e-09 0.00206647 0.0289065 2.8455e-06 
0.00491528 0.000997737 0.0141889 0.000387938 0.868516 4.01732e-05 9.46096e-09 0.0196822 3.48222e-06 2.28105e-06 0.00112345 3.83739e-05 0.00512015 0.0195524 3.97571e-05 3.89722e-08 0.00200916 4.21606e-06 5.86476e-09 0.061876 0.00150192 1.78073e-08 
0.067199 0.153049 0.00189349 0.0495124 0.535785 0.00894009 0.0863339 0.00316951 0.00297663 0.0323018 0.000520991 0.00300228 0.000597274 0.00432496 0.0019889 5.94144e-05 3.90825e-06 1.39981e-05 2.901e-06 0.00107847 0.0456466 0.00159982 
0.0229558 0.00225053 5.16448e-05 0.0139433 0.288209 0.000696604 0.000113375 4.79363e-07 0.000194698 0.000250268 0.000401402 0.00401505 0.00945534 0.521927 0.0152664 2.34848e-09 0.119819 0.000427339 3.53412e-10 6.80806e-06 1.56443e-05 3.53117e-07 
0.00514607 0.00109343 0.000423327 3.96731e-05 0.870138 0.00177586 0.047471 0.000622428 0.0147501 6.03722e-05 3.49644e-05 8.01715e-05 3.33386e-05 0.00443304 9.87098e-05 9.34591e-05 0.000170794 0.00673313 2.13281e-05 0.000185611 0.0464198 0.000175626 
0.035141 0.00354659 4.51701e-06 0.0186767 0.690708 9.19885e-06 6.41624e-06 0.0846741 0.0301424 0.00400026 1.41987e-05 1.34965e-06 2.22188e-09 0.116822 3.72207e-07 7.55441e-06 1.20833e-05 4.43018e-06 6.15171e-10 0.0118611 0.00436818 1.86785e-09 
0.0221783 0.0108795 0.00118463 0.00544162 0.524746 0.000372875 0.00101631 0.0366125 0.00121749 9.72695e-07 0.000852597 6.58109e-05 0.00815459 0.145447 2.30098e-07 0.175882 0.00748906 0.0512777 1.38803e-07 0.000247026 0.00684773 8.63194e-05 
0.680785 0.0285319 0.00364531 0.00143601 0.0034023 1.93636e-06 1.47946e-06 0.0736482 3.0348e-05 0.000242223 9.10699e-05 1.1131e-08 1.64876e-08 0.0465618 5.19462e-05 3.03345e-08 0.000169738 4.59035e-05 4.56491e-09 0.000848054 0.160506 1.38605e-08 
0.00218028 0.000221111 0.00276496 0.110745 0.000504594 0.726034 0.0193255 3.22951e-05 0.00521452 0.000353461 0.00101738 0.0112231 0.000424002 0.019685 0.000258058 1.97901e-05 0.099872 1.20894e-05 4.22013e-09 7.55912e-05 2.03149e-06 3.47997e-05 
0.299494 0.0437675 2.86215e-06 0.0183202 0.371581 0.00231341 0.0081156 8.42328e-06 0.103058 4.85998e-07 0.000266846 0.0988472 1.74006e-07 0.0431298 0.00487136 6.14248e-07 0.0061883 2.9099e-07 1.30172e-11 2.67853e-05 7.42464e-06 3.56114e-08 
0.0104897 1.77907e-05 1.73034e-05 0.000325774 9.26171e-05 9.40859e-11 3.9804e-08 5.17664e-07 8.29244e-08 3.2854e-05 2.87565e-10 1.91743e-10 1.9353e-06 0.98599 2.05189e-10 5.22543e-10 4.80357e-07 6.03421e-08 7.86352e-11 9.5027e-08 0.00303036 2.38762e-10 
0.0107302 0.0747595 4.02216e-05 0.0305667 0.422566 0.0144179 0.00379623 0.0133852 0.0203302 2.40477e-06 0.000226102 0.000931094 2.02736e-05 0.0162408 5.23706e-06 7.20966e-07 1.00565e-05 1.048e-05 1.08495e-07 3.54155e-06 0.0727026 0.319254 
0.00560978 1.2453e-06 0.55762 0.00214392 0.105023 0.000238618 0.000130564 4.3696e-05 1.12379e-07 1.00988e-07 2.09994e-07 0.254074 1.27329e-06 0.039528 4.02387e-08 1.02474e-07 0.0106981 0.00011779 1.54208e-08 0.0239851 0.000785453 4.68225e-08 
4.31615e-06 0.000210517 1.50245e-09 2.75476e-06 0.997654 2.58546e-06 5.73202e-07 0.00163428 0.00017827 5.10601e-09 1.02586e-07 1.90116e-09 2.81606e-09 4.14513e-06 2.03448e-09 5.1811e-09 0.000302721 2.41997e-06 7.79682e-10 1.44919e-06 4.99789e-07 1.79928e-06 
0.0569402 0.00497466 0.000367172 0.0693074 0.0453238 4.111e-07 5.54275e-07 0.000270279 0.00026603 2.25011e-06 1.25649e-06 3.11434e-05 0.818919 0.00187184 0.000504948 2.2832e-06 7.45336e-07 3.8737e-06 3.43589e-07 0.000395158 0.000815472 1.04325e-06 
