0.0125617 0.0127384 0.360109 0.127129 0.00171291 5.02429e-05 0.021434 0.0645066 0.0141722 0.000871694 0.000710025 0.000299463 1.32965e-05 0.0649683 0.00649696 0.0134787 0.00573789 0.000378701 0.000309593 0.228984 0.0633368 2.61897e-08 
0.00945264 0.000191567 0.493273 0.0599656 0.00275652 0.000536769 0.00792208 0.00676223 0.0600032 2.69463e-06 7.73093e-05 0.255876 0.000955165 0.0328972 0.000740008 2.80274e-06 0.000611098 0.0162015 4.11097e-05 0.00179923 0.0499325 2.55622e-07 
0.00695678 0.0016049 0.758379 0.0172154 0.00428295 0.000324967 1.4351e-05 0.00357426 0.00352952 0.000150513 7.30119e-05 0.0301628 0.0395518 0.0809214 0.00606892 1.66608e-08 0.04255 7.28897e-06 0.000243898 5.57998e-05 0.00433278 7.64415e-10 
0.0845925 0.0397748 0.230729 0.026222 0.0660854 0.000375186 0.00127877 0.0214149 0.102853 0.000328411 0.00372934 0.00145123 0.00107718 0.196858 0.03542 0.00439609 0.00940746 0.0180411 0.00842277 0.00194261 0.143442 0.00215839 
0.0349011 0.094976 0.381767 0.0206125 0.005388 9.35313e-05 0.0362377 0.0126098 0.100448 0.00197102 0.000162059 0.00794989 0.000813396 0.0572015 0.00282516 5.02179e-05 0.0164186 0.00953669 0.00589027 0.0104333 0.199474 0.000240805 
0.0016426 0.00529577 0.469578 0.0284348 0.00246114 9.56235e-07 0.000138592 0.0151805 0.0351581 0.0001409 0.0117187 3.3146e-05 6.07351e-05 0.0929171 0.000257471 1.55241e-07 0.1662 0.00508733 0.00468428 0.028206 0.132804 2.90363e-09 
0.000125208 0.000822743 0.949308 0.00248535 0.000231288 1.88983e-07 2.24091e-08 2.46387e-06 0.00302097 2.37248e-05 0.000337196 2.97734e-05 2.86955e-05 0.0180765 3.62472e-08 6.39328e-07 0.00254953 0.000386201 0.00136489 0.0183177 0.00288876 4.2178e-08 
0.0333309 0.00789691 0.560073 0.0280461 0.00435644 2.75171e-05 0.00331914 0.042481 0.117789 0.000123276 8.61773e-07 0.00233153 0.000154179 0.15813 0.000927857 0.000829678 0.000770038 0.000930053 0.00137647 0.00261848 0.0344881 1.03241e-07 
0.199787 0.0201201 0.341704 0.0695817 0.0381532 0.00457284 0.00704207 0.0161315 0.0370303 0.000850142 0.00121033 0.0117265 0.0134553 0.0919033 0.052496 0.00057374 0.00193223 0.000557228 0.00622017 0.0433089 0.0381181 0.00352524 
0.0111434 0.00865333 0.94636 0.000283084 0.000175256 2.13721e-05 0.000590492 0.00432437 0.000641319 1.32109e-06 0.000339714 5.64734e-05 5.6978e-07 0.000244229 0.00119508 4.24552e-08 0.000179225 8.06286e-05 0.00135358 7.45907e-12 0.0233683 0.000987958 
0.0132277 0.00598227 0.407306 0.0907057 0.0244265 0.00840455 0.00346541 0.0892203 0.0928221 0.000143457 0.0604214 0.0346002 0.00711931 0.0585814 0.0131255 0.00138704 0.000473893 2.98686e-05 0.0110632 0.0506058 0.02644 0.000448731 
0.0259016 0.00902455 0.407022 0.0577141 0.028611 2.37469e-09 3.88922e-06 0.0201757 0.0539734 0.000587448 0.000250464 0.00139793 1.10768e-05 0.237082 0.00523384 1.75519e-05 0.090043 0.00144242 0.00686046 0.0243398 0.030303 4.7896e-06 
0.033019 0.0151626 0.528817 0.0097007 0.0197834 6.28926e-05 0.00102205 0.00403416 0.045285 0.00213569 0.000827338 0.000682945 0.000747749 0.125325 0.00982424 1.10118e-05 0.0343428 0.113109 0.0128612 0.000184356 0.041655 0.00140657 
0.032124 0.0325229 0.236076 0.0155118 0.00490943 0.0017267 0.121418 0.105833 0.0472101 0.00601216 0.00140954 0.00317243 0.145214 0.081896 0.00127591 0.000100336 0.00216825 0.00885015 0.0105422 0.0181753 0.123851 1.47596e-06 
0.00203827 0.00229262 0.928427 0.000358115 0.0161987 4.49769e-06 0.000231082 0.00249096 0.0115141 4.78793e-05 5.28603e-06 0.000227579 0.000141004 0.014087 0.00359484 6.4119e-07 0.00315129 0.00113055 0.00253221 3.35427e-08 0.010556 0.000970178 
0.0103164 4.1817e-07 0.815817 0.00300791 0.000305517 8.64316e-09 0.000511974 0.00996931 0.0455273 2.28919e-07 8.27242e-08 1.04817e-06 1.26964e-05 0.103157 0.00409389 4.69376e-06 3.67371e-07 0.000127025 1.69413e-07 0.00299826 0.00414844 1.52088e-09 
0.0111434 0.00865333 0.94636 0.000283084 0.000175256 2.13721e-05 0.000590492 0.00432437 0.000641319 1.32109e-06 0.000339714 5.64734e-05 5.6978e-07 0.000244229 0.00119508 4.24552e-08 0.000179225 8.06286e-05 0.00135358 7.45907e-12 0.0233683 0.000987958 
0.0381587 0.0271904 0.524979 0.00461561 0.0136957 5.03096e-05 0.00333124 0.0112272 0.0127451 0.00475261 0.000306413 0.000105732 0.000882009 0.0398125 0.0564715 2.65654e-08 0.00462939 0.00116653 0.00365167 2.77396e-06 0.252194 3.07554e-05 
0.030767 0.162599 0.400526 0.0101701 0.00977448 0.00016054 0.102747 0.0185254 0.0385089 9.15123e-05 0.00224877 0.000501957 0.0014543 0.00804599 0.00804207 2.99807e-05 0.0012902 0.0129443 0.0141112 0.00286488 0.174287 0.000309246 
0.0111434 0.00865333 0.94636 0.000283084 0.000175256 2.13721e-05 0.000590492 0.00432437 0.000641319 1.32109e-06 0.000339714 5.64734e-05 5.6978e-07 0.000244229 0.00119508 4.24552e-08 0.000179225 8.06286e-05 0.00135358 7.45907e-12 0.0233683 0.000987958 
0.00115145 3.76277e-12 0.867979 4.11625e-06 5.64573e-12 1.11521e-08 6.83142e-12 3.71191e-09 6.89594e-07 2.77326e-11 1.54862e-11 1.04292e-09 1.75909e-07 0.130827 1.105e-11 2.81404e-11 3.7206e-05 3.51895e-08 1.52493e-08 1.95802e-08 2.39931e-07 1.2858e-11 
0.00203827 0.00229262 0.928427 0.000358115 0.0161987 4.49769e-06 0.000231082 0.00249096 0.0115141 4.78793e-05 5.28603e-06 0.000227579 0.000141004 0.014087 0.00359484 6.4119e-07 0.00315129 0.00113055 0.00253221 3.35427e-08 0.010556 0.000970178 
0.00115145 3.76277e-12 0.867979 4.11625e-06 5.64573e-12 1.11521e-08 6.83142e-12 3.71191e-09 6.89594e-07 2.77326e-11 1.54862e-11 1.04292e-09 1.75909e-07 0.130827 1.105e-11 2.81404e-11 3.7206e-05 3.51895e-08 1.52493e-08 1.95802e-08 2.39931e-07 1.2858e-11 
0.0244412 0.00169571 0.620333 0.00219379 0.0372562 1.82933e-05 3.33777e-05 0.0029314 0.00155662 0.000416779 4.26785e-05 0.00798506 0.000803065 0.21687 0.00140222 2.75874e-07 0.00463491 0.0660697 0.00344602 0.00171383 0.00615598 1.43971e-07 
0.00497227 0.000618007 0.754284 0.013517 0.0767117 2.89805e-10 0.00882032 0.00366781 0.001836 4.08884e-07 4.60553e-05 0.0064668 1.3658e-05 0.0798755 9.54868e-05 4.55417e-08 0.000411815 0.000224789 6.93504e-05 0.0320162 0.0163527 3.07645e-08 
0.00656991 0.00251268 0.365258 0.0777155 0.000178327 5.68793e-06 0.0141852 0.00968211 0.207054 0.000101684 4.19307e-06 0.00300518 0.000169068 0.127535 0.00171922 0.000138375 0.00810529 0.00219508 0.000641827 0.00114083 0.172083 1.92541e-07 
0.0366108 0.0519658 0.298156 0.0160279 0.0175262 0.00243817 0.133328 0.0374844 0.00109794 0.00104801 0.276206 0.0141015 1.59448e-05 0.00527818 0.000736265 0.000172062 0.000526581 0.00136613 0.0220656 4.35574e-05 0.0130561 0.070748 
0.042667 0.00335503 0.260998 0.0493587 0.2018 1.60562e-05 0.000251009 0.0402976 0.0214096 0.000835148 0.00909023 0.0162056 0.000646192 0.25729 8.82116e-06 2.7602e-06 0.034134 0.00751614 0.00032973 0.000602881 0.0531849 1.37242e-06 
0.00220112 0.000113817 0.45948 2.5006e-05 0.000852105 2.12128e-06 7.34693e-05 5.49385e-05 0.0303471 0.000144518 6.79376e-08 3.57413e-05 0.000135279 0.433397 2.25236e-09 3.66254e-08 0.0550831 0.00703683 2.55091e-05 1.78936e-07 0.0109929 8.22214e-09 
0.0234228 0.0216349 0.403376 0.0129145 0.00527651 2.99134e-05 0.0599018 0.00451897 0.22479 5.39448e-05 0.000299393 0.00157632 0.00176953 0.0999026 0.00266503 4.3723e-11 0.00231801 0.000230364 0.00409441 0.000924608 0.130301 2.22617e-09 
0.0346438 0.0267594 0.366933 0.0806375 0.0558737 0.00501668 0.117222 0.11089 0.0367686 0.000368851 0.00145295 0.0157983 0.0212518 0.0256306 0.00854256 1.07016e-06 3.26377e-07 0.000489802 0.00199313 0.0568129 0.0328914 2.18768e-05 
0.052679 0.0256678 0.481387 0.0132906 0.115939 0.000146586 0.00104919 0.00780388 0.0131848 0.000614819 0.000757953 0.012934 0.0110155 0.210249 0.0002187 9.63312e-06 0.00469624 0.000639566 0.000840706 0.0146105 0.032265 1.01134e-07 
0.00350757 0.119667 0.385513 0.0508558 0.0919145 2.77085e-06 2.16352e-06 0.0389461 0.105501 7.56371e-05 0.00278745 0.00495229 1.94233e-07 0.120135 9.37356e-05 1.0306e-07 0.00113316 0.000414413 0.0265458 0.00462431 0.0431258 0.000202044 
0.101758 0.00198911 0.710033 0.041348 0.0206986 4.98994e-05 0.000133201 0.0179028 2.50065e-05 0.0190849 3.7031e-05 0.000121385 6.42175e-06 0.0227374 0.00075275 0.00132696 0.00609366 0.000947777 0.00793665 7.39042e-06 0.047009 1.1495e-06 
0.0111434 0.00865333 0.94636 0.000283084 0.000175256 2.13721e-05 0.000590492 0.00432437 0.000641319 1.32109e-06 0.000339714 5.64734e-05 5.6978e-07 0.000244229 0.00119508 4.24552e-08 0.000179225 8.06286e-05 0.00135358 7.45907e-12 0.0233683 0.000987958 
0.00203827 0.00229262 0.928427 0.000358115 0.0161987 4.49769e-06 0.000231082 0.00249096 0.0115141 4.78793e-05 5.28603e-06 0.000227579 0.000141004 0.014087 0.00359484 6.4119e-07 0.00315129 0.00113055 0.00253221 3.35427e-08 0.010556 0.000970178 
0.0387111 0.00191416 0.311282 0.241055 0.0248561 0.000856309 0.0251663 0.0657819 0.0291041 0.000337607 0.00115173 0.0615245 0.0369032 0.0756746 0.0052586 0.000130585 0.00177721 0.00825685 0.00365789 0.0170102 0.0495893 4.11998e-07 
0.0436433 0.0160298 0.564115 0.0398073 0.0103668 7.14725e-06 0.00104799 0.0373624 0.020063 0.00705626 0.00122666 0.00499038 0.000121199 0.134307 0.00412525 6.55551e-06 0.0020254 0.0171461 0.00950212 0.014218 0.072831 1.51896e-06 
0.277273 0.0582073 0.355613 0.0284176 0.00959928 3.722e-05 0.0285457 0.0276084 0.0186291 0.000299381 0.000158037 0.000610899 0.0045156 0.0197193 1.974e-05 0.0442908 0.0130539 0.0147298 0.0797522 0.000206214 0.018714 1.08539e-10 
3.20372e-05 0.1474 0.253043 3.20389e-05 0.0929255 3.20335e-05 0.089715 3.20395e-05 0.185857 3.19842e-05 3.20108e-05 3.20221e-05 0.153686 3.20411e-05 3.20204e-05 3.19833e-05 3.20246e-05 3.20378e-05 3.20353e-05 0.0768925 3.20416e-05 3.20166e-05 
0.00591284 0.000797774 0.587247 0.0150407 0.00117752 2.23218e-06 2.55804e-05 0.00332601 0.0553092 0.00175952 1.61619e-06 6.64963e-05 5.33188e-05 0.271646 0.00379405 5.64099e-06 0.0141456 0.00262032 0.000170022 8.56613e-05 0.036812 7.68304e-07 
0.0172134 0.00570435 0.258851 0.0159389 0.00052862 3.78493e-06 0.0185979 0.0577419 0.105525 0.00241768 0.000741087 0.0161739 0.0983001 0.165772 0.0212623 0.00249513 0.0018855 0.00392142 0.00866281 0.00684898 0.191414 1.87926e-07 
0.00918555 0.034144 0.464121 0.00182384 1.39549e-06 2.32259e-07 1.91363e-06 0.00144012 0.0741701 5.30084e-08 2.96005e-08 1.9737e-08 2.92352e-08 0.165668 2.11211e-08 5.3788e-08 0.00100337 1.61317e-06 0.24668 1.70041e-08 0.00175869 2.45769e-08 
0.0805261 0.00262159 0.796826 0.016826 0.00253752 1.83666e-05 0.000861584 0.0141026 0.0478164 0.000413383 6.75971e-06 0.00219119 0.000112441 0.0346527 1.02431e-06 2.0173e-07 0.000158877 6.13064e-05 1.0197e-06 0.000263269 1.40632e-06 3.52919e-08 
0.00203827 0.00229262 0.928427 0.000358115 0.0161987 4.49769e-06 0.000231082 0.00249096 0.0115141 4.78793e-05 5.28603e-06 0.000227579 0.000141004 0.014087 0.00359484 6.4119e-07 0.00315129 0.00113055 0.00253221 3.35427e-08 0.010556 0.000970178 
0.0608591 0.0112544 0.336507 0.0362987 0.0115675 0.000494055 0.00278476 0.0999807 0.237394 0.000187222 0.00194257 0.00180778 0.000499808 0.0815274 0.00464884 0.000819284 0.00351724 0.00258525 0.0273161 0.00130358 0.076672 3.29466e-05 
0.0501681 2.2301e-10 0.646357 5.40748e-06 2.5099e-06 7.81073e-07 4.05287e-07 0.0179365 0.00517144 1.64364e-09 9.17828e-10 6.1199e-10 9.065e-10 0.268591 6.54907e-10 1.66781e-09 5.445e-06 1.8455e-10 2.50982e-10 0.000159071 0.0116027 7.62062e-10 
0.00118696 0.000204838 0.651872 0.000169594 0.004729 0.000263411 0.0108349 0.00039292 0.00156782 0.000422437 4.71869e-05 0.000166179 7.39535e-05 0.0016676 0.000501284 0.000607558 0.000411868 0.00326481 0.000126485 0.317963 0.00324975 0.000275903 
0.0125331 0.0335439 0.444681 0.1701 0.00217992 1.64549e-06 0.0024889 0.0847161 0.123996 1.32677e-05 0.00075881 0.00386356 3.22931e-05 0.0133449 0.00727637 0.00210295 4.88636e-05 0.00247647 0.00896564 0.0134974 0.0733793 2.00002e-08 
0.147694 0.01538 0.219798 0.00613654 0.167441 0.000372623 0.00937931 0.00261217 0.090656 0.000175498 0.00357206 0.0138101 0.00727857 0.156266 0.000152326 1.12421e-07 0.0109003 0.00566386 0.0040919 0.0044193 0.134168 3.34386e-05 
0.00203827 0.00229262 0.928427 0.000358115 0.0161987 4.49769e-06 0.000231082 0.00249096 0.0115141 4.78793e-05 5.28603e-06 0.000227579 0.000141004 0.014087 0.00359484 6.4119e-07 0.00315129 0.00113055 0.00253221 3.35427e-08 0.010556 0.000970178 
0.00203827 0.00229262 0.928427 0.000358115 0.0161987 4.49769e-06 0.000231082 0.00249096 0.0115141 4.78793e-05 5.28603e-06 0.000227579 0.000141004 0.014087 0.00359484 6.4119e-07 0.00315129 0.00113055 0.00253221 3.35427e-08 0.010556 0.000970178 
0.00203827 0.00229262 0.928427 0.000358115 0.0161987 4.49769e-06 0.000231082 0.00249096 0.0115141 4.78793e-05 5.28603e-06 0.000227579 0.000141004 0.014087 0.00359484 6.4119e-07 0.00315129 0.00113055 0.00253221 3.35427e-08 0.010556 0.000970178 
0.0182124 0.00396753 0.54813 0.0326779 0.040872 2.72702e-06 0.000131037 0.062829 0.0120674 0.00010887 3.0341e-05 0.00242939 0.000441872 0.0979463 0.00270676 0.000150495 0.00511495 0.00448088 0.0022947 0.0421631 0.123241 1.88501e-06 
0.0111434 0.00865333 0.94636 0.000283084 0.000175256 2.13721e-05 0.000590492 0.00432437 0.000641319 1.32109e-06 0.000339714 5.64734e-05 5.6978e-07 0.000244229 0.00119508 4.24552e-08 0.000179225 8.06286e-05 0.00135358 7.45907e-12 0.0233683 0.000987958 
0.089444 0.000666803 0.560203 0.00240001 0.0182165 3.47244e-07 2.71625e-06 0.00107785 0.013013 6.37539e-06 2.40444e-05 0.000203891 6.53651e-06 0.268133 0.00016216 0.000188189 0.0272998 0.00146093 5.68465e-06 0.000316708 0.017168 3.89825e-07 
0.0334347 0.248314 0.395394 0.0160309 0.0198894 1.11617e-05 0.0142745 0.0666143 0.0135576 0.000713544 0.00352708 0.000556505 0.000969038 0.0725908 0.00048673 9.94802e-07 0.0013275 0.00235272 0.00399944 0.0248901 0.0810069 5.84041e-05 
0.0111434 0.00865333 0.94636 0.000283084 0.000175256 2.13721e-05 0.000590492 0.00432437 0.000641319 1.32109e-06 0.000339714 5.64734e-05 5.6978e-07 0.000244229 0.00119508 4.24552e-08 0.000179225 8.06286e-05 0.00135358 7.45907e-12 0.0233683 0.000987958 
0.00255482 0.00039 0.574418 0.00606394 0.000714642 3.12823e-09 7.39888e-05 0.00145315 0.0204785 0.000274973 0.00166923 0.000440029 0.000133713 0.29829 3.34109e-06 3.4625e-09 0.0464499 0.000779145 0.000653956 0.000158224 0.0449985 2.23223e-06 
0.0791076 0.0282504 0.347133 0.0922851 0.0560388 4.73929e-05 0.00343734 0.0601378 0.0446745 0.000341538 0.00134743 0.0322976 0.0010903 0.171749 1.41769e-05 7.80591e-07 0.000648501 0.0042298 0.00427316 0.0271899 0.0457058 3.46481e-07 
0.241073 0.0197086 0.458488 0.0010466 0.0160309 1.15041e-08 0.00208324 0.00274299 5.89059e-09 7.75825e-05 1.78169e-06 0.00421868 0.0242118 0.216226 8.87854e-07 2.29898e-05 5.98636e-07 0.000975266 0.000119606 0.000290035 0.0126805 1.06101e-06 
0.029766 0.000823691 0.507195 0.00230729 0.155122 0.000164754 0.00195257 0.0526804 0.000258233 0.0217602 0.000421183 0.0349155 0.00252378 0.111985 2.93814e-05 0.0140408 0.000340699 2.4169e-05 0.0282457 0.00382061 0.031583 3.97024e-05 
0.0111434 0.00865333 0.94636 0.000283084 0.000175256 2.13721e-05 0.000590492 0.00432437 0.000641319 1.32109e-06 0.000339714 5.64734e-05 5.6978e-07 0.000244229 0.00119508 4.24552e-08 0.000179225 8.06286e-05 0.00135358 7.45907e-12 0.0233683 0.000987958 
0.0111434 0.00865333 0.94636 0.000283084 0.000175256 2.13721e-05 0.000590492 0.00432437 0.000641319 1.32109e-06 0.000339714 5.64734e-05 5.6978e-07 0.000244229 0.00119508 4.24552e-08 0.000179225 8.06286e-05 0.00135358 7.45907e-12 0.0233683 0.000987958 
0.0738436 0.0014266 0.468817 0.0725567 0.000764112 9.0645e-05 0.0880831 0.0324948 0.0972039 5.80929e-07 0.000987693 0.0196162 0.000229645 0.0592011 0.0039316 5.77185e-06 0.00146491 9.06432e-07 0.0117464 0.000119993 0.0674143 1.50205e-08 
0.0446749 0.112065 0.325174 0.0112987 0.0490717 0.0054219 0.046601 0.0807892 0.0860391 8.20379e-06 0.000482009 0.034657 0.0132094 0.0498974 3.23236e-06 0.000250157 0.00285811 0.00142804 0.0278597 0.0509289 0.0572829 4.52015e-08 
0.0115517 0.00137582 0.95309 0.000985626 0.000330336 4.94021e-08 0.000466319 0.000443095 0.00415867 0.00210937 0.00173657 0.000594107 0.0012081 0.00732433 0.0024889 2.74374e-07 0.00560701 0.00098978 0.00239069 0.000286323 0.00274988 0.000112956 
0.00572912 0.00751181 0.49758 0.00190226 0.0158791 5.13843e-05 0.000513208 0.00677664 0.0170076 0.000312605 0.000674759 0.00161341 0.00274047 0.0763256 0.00284262 3.95182e-07 0.0090278 0.267206 0.0306327 4.12175e-05 0.0552635 0.0003675 
0.00127232 0.000336111 0.620649 0.00356152 0.00185574 1.46474e-06 1.01086e-10 0.00152548 0.012767 1.37727e-05 2.29153e-10 3.04887e-10 0.00186443 0.33674 0.0108001 2.80815e-07 0.00120479 0.00517013 0.000272153 1.43144e-06 0.00196411 1.90263e-10 
0.0643174 0.00317171 0.579773 0.0228074 0.00571801 1.19354e-05 0.000117132 0.00141418 0.0321282 0.000207622 0.00640872 0.00241206 0.000106398 0.111362 0.00143993 4.22073e-06 0.00380376 0.0147489 0.0160402 0.00788764 0.12612 9.29066e-08 
0.0195615 0.363796 0.415412 0.0174586 0.0596056 0.000332971 0.000445901 0.00656671 0.0397238 7.55675e-05 0.000131275 0.00232431 0.000635822 0.0146344 0.00538659 3.11408e-06 0.00168577 0.00157262 0.0231151 8.68319e-05 0.0270756 0.000370143 
0.00203827 0.00229262 0.928427 0.000358115 0.0161987 4.49769e-06 0.000231082 0.00249096 0.0115141 4.78793e-05 5.28603e-06 0.000227579 0.000141004 0.014087 0.00359484 6.4119e-07 0.00315129 0.00113055 0.00253221 3.35427e-08 0.010556 0.000970178 
0.140318 0.0943463 0.34546 0.00609847 0.0163651 0.000137738 0.00297275 0.0196432 0.0043964 0.000355456 0.00530587 0.00779044 0.000205328 0.186665 0.00119793 0.000117057 0.00723653 0.0917474 0.0110231 0.00141303 0.0570859 0.000118759 
0.0111434 0.00865333 0.94636 0.000283084 0.000175256 2.13721e-05 0.000590492 0.00432437 0.000641319 1.32109e-06 0.000339714 5.64734e-05 5.6978e-07 0.000244229 0.00119508 4.24552e-08 0.000179225 8.06286e-05 0.00135358 7.45907e-12 0.0233683 0.000987958 
0.00203827 0.00229262 0.928427 0.000358115 0.0161987 4.49769e-06 0.000231082 0.00249096 0.0115141 4.78793e-05 5.28603e-06 0.000227579 0.000141004 0.014087 0.00359484 6.4119e-07 0.00315129 0.00113055 0.00253221 3.35427e-08 0.010556 0.000970178 
0.0272117 0.00570511 0.322727 0.0114215 0.000528891 3.80598e-06 0.00602917 0.0185376 0.164166 0.00241843 0.000742391 0.0445025 0.0983495 0.136032 0.0131186 1.71573e-07 0.00187556 0.00392212 0.00442325 0.00684969 0.131435 4.67469e-08 
0.0366108 0.0519658 0.298156 0.0160279 0.0175262 0.00243817 0.133328 0.0374844 0.00109794 0.00104801 0.276206 0.0141015 1.59448e-05 0.00527818 0.000736265 0.000172062 0.000526581 0.00136613 0.0220656 4.35574e-05 0.0130561 0.070748 
0.0200732 0.0168664 0.424108 0.0257822 0.0127925 0.00721975 0.0093454 0.102424 0.0261551 0.000137122 1.98111e-06 4.17374e-05 0.000503848 0.166168 6.53097e-07 4.4029e-05 0.0563853 0.00688937 0.0366152 0.00421756 0.0842283 1.16305e-06 
0.0050063 0.00638689 0.402303 0.000730261 5.42166e-12 4.54845e-09 6.7915e-06 0.000119636 2.49144e-12 0.00136641 4.98482e-05 9.91605e-12 1.4688e-11 0.385016 1.06114e-11 2.70235e-11 0.175713 0.00073031 0.0160278 8.54299e-12 0.00654319 1.23477e-11 
0.00203827 0.00229262 0.928427 0.000358115 0.0161987 4.49769e-06 0.000231082 0.00249096 0.0115141 4.78793e-05 5.28603e-06 0.000227579 0.000141004 0.014087 0.00359484 6.4119e-07 0.00315129 0.00113055 0.00253221 3.35427e-08 0.010556 0.000970178 
0.13786 0.000429361 0.314792 0.0292236 0.224763 0.000509709 0.000398293 0.0287046 0.00446127 0.00172956 0.000194186 0.0209696 0.00604365 0.14518 0.00363555 2.42353e-06 0.00122564 4.09821e-05 0.00019506 0.0787363 0.000905105 1.06555e-09 
0.0348223 0.0190112 0.684542 0.0294395 0.174244 1.02982e-07 4.63742e-07 0.00232171 0.00165121 1.92999e-07 1.29146e-06 0.0101711 1.31544e-06 0.019075 6.82996e-08 3.00107e-10 0.00179083 0.000243222 7.31759e-07 0.0226828 3.93889e-08 1.37125e-10 
0.00572194 0.00926626 0.349961 0.238564 0.00618514 8.95217e-06 0.00800369 0.152116 0.0422127 3.13391e-06 0.000118016 0.00302964 0.00017799 0.0404286 0.000823661 9.20757e-07 9.05846e-05 0.00305194 0.000804171 0.0580339 0.0813951 2.5315e-06 
0.00497227 0.000618007 0.754284 0.013517 0.0767117 2.89805e-10 0.00882032 0.00366781 0.001836 4.08884e-07 4.60553e-05 0.0064668 1.3658e-05 0.0798755 9.54868e-05 4.55417e-08 0.000411815 0.000224789 6.93504e-05 0.0320162 0.0163527 3.07645e-08 
0.202437 0.026845 0.327453 0.0186655 0.00376789 7.56469e-09 0.0026339 0.00219342 0.155131 3.50335e-08 0.000264059 0.00689833 2.1941e-07 0.157773 1.28422e-07 4.0657e-11 0.000125939 7.28732e-05 0.00169442 4.71992e-07 0.0940437 1.85771e-11 
0.170495 3.8695e-07 0.367734 0.0289542 9.51628e-11 8.54045e-11 1.15148e-10 9.92242e-06 8.22178e-07 4.67452e-10 4.49497e-05 6.44159e-07 2.57809e-10 0.175051 8.38172e-06 4.74327e-10 1.15667e-05 5.40658e-07 0.238133 1.4995e-10 0.0195549 2.16731e-10 
0.23319 0.00898637 0.346899 0.0647648 0.0199591 2.32298e-07 0.0025536 0.0069138 0.0397589 0.00862821 0.00366484 0.00904508 3.34157e-06 0.185144 0.00197903 5.46982e-06 0.00439945 0.000757341 0.0117307 0.0198551 0.0315432 0.000218558 
0.000706913 0.00326025 0.981157 0.0025492 0.00462196 2.01751e-08 2.72015e-08 0.001214 0.000345049 0.00016575 0.00111 4.11158e-08 6.09022e-08 0.000779531 4.39992e-08 1.1205e-07 3.6578e-08 1.23988e-08 0.000628967 0.00346083 5.37323e-09 5.11983e-08 
0.0050738 0.0013295 0.280287 0.053503 0.00310081 0.00023149 0.0188895 0.277481 0.0806003 2.80093e-05 0.000189914 0.00272079 0.00134783 0.00889452 0.00847249 8.30568e-06 0.000116461 5.54287e-05 0.00376213 0.165903 0.0880029 1.01051e-06 
0.00203827 0.00229262 0.928427 0.000358115 0.0161987 4.49769e-06 0.000231082 0.00249096 0.0115141 4.78793e-05 5.28603e-06 0.000227579 0.000141004 0.014087 0.00359484 6.4119e-07 0.00315129 0.00113055 0.00253221 3.35427e-08 0.010556 0.000970178 
0.0247275 0.00529989 0.526045 0.00401893 0.202231 3.39624e-05 0.00052137 0.0434871 0.0291124 0.000980622 0.000103611 0.00168337 0.0144449 0.080675 0.00759251 1.72609e-06 0.00321383 0.0322639 0.00152646 0.00269417 0.0190821 0.000260702 
0.00705796 0.0124158 0.827404 0.00546408 0.0360773 2.27736e-06 7.97442e-06 0.00966133 0.000692646 5.72224e-05 0.000197082 0.0195391 4.34617e-05 0.0633398 3.35069e-08 3.39066e-05 0.011546 0.000449889 5.27548e-05 0.0057048 0.000252562 3.89892e-08 
0.0111434 0.00865333 0.94636 0.000283084 0.000175256 2.13721e-05 0.000590492 0.00432437 0.000641319 1.32109e-06 0.000339714 5.64734e-05 5.6978e-07 0.000244229 0.00119508 4.24552e-08 0.000179225 8.06286e-05 0.00135358 7.45907e-12 0.0233683 0.000987958 
0.0360851 8.11816e-06 0.498728 0.0010793 0.00101083 2.18891e-07 0.00115406 0.000887933 0.0925261 6.69828e-05 1.81969e-11 7.86839e-05 1.50993e-08 0.21116 0.000371239 2.05132e-08 0.0137362 0.00387117 1.03441e-05 7.14341e-05 0.139154 1.51086e-11 
0.018999 0.00680329 0.369264 0.0180597 0.00685948 0.000119463 0.0144728 0.0111323 0.161505 3.89271e-05 0.000147194 0.011284 0.00532454 0.139845 0.00690291 2.49135e-05 0.0319139 0.0124659 0.00358792 0.00226001 0.17899 6.92952e-07 
0.0111434 0.00865333 0.94636 0.000283084 0.000175256 2.13721e-05 0.000590492 0.00432437 0.000641319 1.32109e-06 0.000339714 5.64734e-05 5.6978e-07 0.000244229 0.00119508 4.24552e-08 0.000179225 8.06286e-05 0.00135358 7.45907e-12 0.0233683 0.000987958 
0.00203827 0.00229262 0.928427 0.000358115 0.0161987 4.49769e-06 0.000231082 0.00249096 0.0115141 4.78793e-05 5.28603e-06 0.000227579 0.000141004 0.014087 0.00359484 6.4119e-07 0.00315129 0.00113055 0.00253221 3.35427e-08 0.010556 0.000970178 
0.00234546 0.00352505 0.590537 0.067223 7.27546e-05 0.000582498 0.000889348 0.00163335 0.00042598 0.0484702 0.00202279 0.000756925 7.91966e-05 0.0668817 0.0797653 0.000775561 0.000354116 0.0314729 0.0434745 0.000461336 0.0582477 3.39595e-06 
0.0249141 0.00271511 0.52009 0.239214 0.0071437 0.000266051 0.00130499 0.0414665 0.0219008 9.17749e-05 0.00190212 0.0251268 0.00146645 0.0422686 0.00590874 0.000395155 0.00104112 0.000900829 0.00369722 0.00770262 0.0504761 7.0977e-06 
0.0111434 0.00865333 0.94636 0.000283084 0.000175256 2.13721e-05 0.000590492 0.00432437 0.000641319 1.32109e-06 0.000339714 5.64734e-05 5.6978e-07 0.000244229 0.00119508 4.24552e-08 0.000179225 8.06286e-05 0.00135358 7.45907e-12 0.0233683 0.000987958 
0.0425854 0.0526813 0.250997 0.0330883 0.0084645 0.00770291 0.0047156 0.0232916 0.114478 0.000192726 0.00311955 0.00354625 0.00137616 0.0384137 0.102373 0.000128707 0.00564905 0.0124793 0.0417698 0.00213194 0.248623 0.0021924 
0.0369203 0.00507145 0.423681 0.117463 0.00673202 4.54393e-06 8.0724e-05 0.0417781 0.00593465 7.98603e-07 0.0157383 0.0104618 2.90011e-05 0.119039 0.00101281 0.0148352 2.31742e-05 0.0389873 0.0680307 0.00339923 0.0907564 2.01434e-05 
0.00203827 0.00229262 0.928427 0.000358115 0.0161987 4.49769e-06 0.000231082 0.00249096 0.0115141 4.78793e-05 5.28603e-06 0.000227579 0.000141004 0.014087 0.00359484 6.4119e-07 0.00315129 0.00113055 0.00253221 3.35427e-08 0.010556 0.000970178 
0.0804964 0.00176936 0.495513 0.00183314 0.0572666 1.27992e-06 6.90915e-06 0.00579941 0.00738744 8.2681e-05 0.000214838 0.0493159 0.000954813 0.245958 0.00175389 3.14131e-06 0.00186518 0.00544521 0.000400026 0.0378925 0.00604061 3.1007e-09 
0.0108345 0.0070994 0.463601 0.0233282 0.0138157 4.52423e-05 0.00137538 0.0212004 0.0499061 0.000365295 0.000279937 0.0130811 0.000639729 0.191674 0.000663177 0.000312312 0.0479314 0.0166457 0.000433717 0.00416427 0.132604 1.41822e-10 
0.0475154 0.0526666 0.204216 0.0059745 0.0300426 9.18062e-05 6.81004e-05 0.0569373 0.0853783 4.05865e-05 0.000518307 0.104889 0.0163436 0.121678 0.00760744 3.80118e-06 0.00391934 0.0389 0.00140478 0.0659414 0.154855 0.00100833 
0.0609028 0.0060634 0.569642 0.0383845 0.00408972 8.35692e-06 0.010489 0.0206979 0.0738078 5.81061e-05 0.00220162 0.00118206 7.56832e-05 0.0700751 0.000985 6.88941e-05 0.0131573 0.000722396 0.011292 0.00142965 0.114665 2.09788e-06 
0.0888261 0.122884 0.214072 0.0742257 0.00576965 6.08791e-05 0.00388805 0.0175063 0.211335 0.000735556 0.0261044 0.000281901 0.0125675 0.0772804 0.00219649 5.1339e-05 0.0164834 0.000199381 0.0249443 0.00739295 0.0931569 3.68988e-05 
0.00203827 0.00229262 0.928427 0.000358115 0.0161987 4.49769e-06 0.000231082 0.00249096 0.0115141 4.78793e-05 5.28603e-06 0.000227579 0.000141004 0.014087 0.00359484 6.4119e-07 0.00315129 0.00113055 0.00253221 3.35427e-08 0.010556 0.000970178 
0.00203827 0.00229262 0.928427 0.000358115 0.0161987 4.49769e-06 0.000231082 0.00249096 0.0115141 4.78793e-05 5.28603e-06 0.000227579 0.000141004 0.014087 0.00359484 6.4119e-07 0.00315129 0.00113055 0.00253221 3.35427e-08 0.010556 0.000970178 
0.0503239 0.015922 0.587954 0.0285361 0.0180743 5.06507e-05 0.0029706 0.0192845 0.0236496 0.00196543 0.00148222 0.00570472 0.00298017 0.109036 0.00395535 0.000142658 0.0105256 0.0134089 0.00566293 0.0209359 0.0771818 0.000252593 
0.00256505 0.130384 0.305413 0.0176815 0.00511812 1.13565e-06 2.25802e-06 0.036646 0.132792 3.34758e-05 0.000313039 0.000147613 0.00122604 0.0882195 7.48149e-07 5.67009e-08 0.00157845 0.00196251 0.0170171 0.0747828 0.184115 1.64116e-06 
0.0389633 0.137183 0.475764 0.0113234 0.0160597 8.52239e-05 0.00747901 0.00884391 0.0304484 0.0626906 0.00323438 0.0027319 0.000764832 0.106071 0.0031868 0.000132677 0.0104844 0.00723883 0.00666271 0.0118636 0.0586868 0.000101557 
0.0586602 0.00384928 0.674251 0.0176558 0.00575058 8.14417e-06 0.00165441 0.01602 0.0587903 0.000164586 1.79615e-06 0.00454244 5.1116e-05 0.101401 0.000258117 0.000304849 0.00458379 0.00103472 0.00138964 0.000860684 0.0487668 3.74828e-08 
0.026034 0.00427081 0.322627 0.145672 0.000383223 6.01708e-06 0.00517523 0.0564083 0.120622 6.94705e-05 0.000345524 0.000448284 3.05325e-05 0.0674193 0.001182 0.00118365 0.00807181 0.0412207 0.00215748 0.0687922 0.12788 1.66268e-08 
0.00203827 0.00229262 0.928427 0.000358115 0.0161987 4.49769e-06 0.000231082 0.00249096 0.0115141 4.78793e-05 5.28603e-06 0.000227579 0.000141004 0.014087 0.00359484 6.4119e-07 0.00315129 0.00113055 0.00253221 3.35427e-08 0.010556 0.000970178 
0.00256505 0.130384 0.305413 0.0176815 0.00511812 1.13565e-06 2.25802e-06 0.036646 0.132792 3.34758e-05 0.000313039 0.000147613 0.00122604 0.0882195 7.48149e-07 5.67009e-08 0.00157845 0.00196251 0.0170171 0.0747828 0.184115 1.64116e-06 
0.130482 0.00368894 0.339332 0.0392194 0.0758465 3.46401e-05 0.00491553 0.0185749 0.0186401 0.000312429 0.00177342 0.00427782 4.94418e-05 0.22924 0.00135895 4.03011e-06 0.00388959 0.0199887 0.00885375 0.0017798 0.097736 1.43315e-06 
0.00818137 0.00154698 0.757198 0.00721005 0.105111 1.48983e-05 0.000312338 0.0326159 0.00618481 2.75471e-07 1.12612e-05 0.00548399 0.000118718 0.074061 1.08427e-06 1.4934e-05 0.000606341 4.51018e-08 1.46702e-07 4.1636e-08 0.00132757 4.15713e-10 
0.00270979 0.000172244 0.571892 0.0340859 6.43528e-05 6.66025e-08 6.23257e-08 0.00866838 0.0044881 3.48297e-08 3.11512e-07 3.47311e-06 2.11766e-05 0.138118 8.68246e-11 4.36697e-08 0.00571907 0.00024956 9.05076e-05 0.0379725 0.195745 1.01031e-10 
0.126456 0.00156319 0.580772 0.0351477 0.00467894 1.26066e-06 2.68376e-05 0.00785803 0.0421483 0.000160156 0.0212468 0.00291963 5.13632e-05 0.0807774 4.46385e-08 6.96795e-08 0.0037755 0.00020315 0.00167663 0.0011744 0.0893618 4.03213e-08 
0.129964 0.00117384 0.262302 0.0114597 0.168837 0.000446678 0.00172199 0.0111583 0.00256804 2.43257e-05 3.09455e-05 0.00028313 0.00794697 0.0600943 0.0736431 1.54643e-06 0.002621 0.0053288 0.0006107 0.000850619 0.0404836 0.218449 
0.00130792 9.37202e-05 0.612429 0.0554769 4.72718e-05 7.81487e-08 0.012182 0.00113518 0.0419114 3.47383e-06 0.230374 0.000208231 3.46301e-07 0.0112022 0.00176401 5.10551e-06 3.45026e-06 2.08316e-06 0.000128364 0.000855789 0.0308689 1.98318e-07 
0.0243152 0.0107524 0.379241 0.339973 0.0496331 9.40862e-05 0.0138957 0.00488763 0.0225528 0.000116865 0.000119571 0.00366019 0.0123386 0.0621422 0.00102929 8.16826e-07 0.000615942 0.000112821 0.000608638 0.0500257 0.0238844 8.29055e-09 
0.114872 0.0027118 0.230018 0.152118 0.0185 8.61545e-05 0.000764597 0.0618281 0.138429 0.000895169 1.09379e-08 0.0438075 0.00201445 0.16551 0.000369959 0.00851024 0.00552397 0.0055506 0.000769119 0.0183931 0.0293287 7.18167e-09 
0.00203827 0.00229262 0.928427 0.000358115 0.0161987 4.49769e-06 0.000231082 0.00249096 0.0115141 4.78793e-05 5.28603e-06 0.000227579 0.000141004 0.014087 0.00359484 6.4119e-07 0.00315129 0.00113055 0.00253221 3.35427e-08 0.010556 0.000970178 
0.0366108 0.0519658 0.298156 0.0160279 0.0175262 0.00243817 0.133328 0.0374844 0.00109794 0.00104801 0.276206 0.0141015 1.59448e-05 0.00527818 0.000736265 0.000172062 0.000526581 0.00136613 0.0220656 4.35574e-05 0.0130561 0.070748 
9.99105e-09 1.0057e-12 0.960727 6.40433e-10 1.50897e-12 3.4962e-10 1.82588e-12 6.19679e-13 0.000334332 1.00707e-06 4.13909e-12 3.50211e-11 5.49953e-09 0.0383335 2.9534e-12 7.52127e-12 0.000519398 1.13877e-06 2.36899e-07 2.37771e-12 8.38128e-05 3.43664e-12 
0.0470108 0.03376 0.221324 0.13058 0.0125412 0.000296899 0.0393369 0.11414 0.0793209 0.000422104 0.00813195 0.00495515 0.000409432 0.0123147 0.010387 0.000757389 0.00483388 0.00171878 0.0550108 0.00984212 0.20485 0.00805531 
0.00508826 2.53391e-05 0.751169 0.00502912 9.03647e-05 5.2653e-08 0.000799529 0.000288111 0.0531252 9.63226e-06 5.0294e-10 0.000194328 3.37861e-06 0.0773198 1.03461e-06 9.00332e-08 0.00994579 4.38416e-05 0.000788126 1.82507e-07 0.0960792 4.17585e-10 
0.069582 0.0119331 0.349818 0.0284742 0.0236122 0.00047728 0.00337558 0.0252113 0.0213942 0.00351376 0.00168711 0.00304833 0.00187547 0.302897 0.0109982 0.000804307 0.00832575 0.0237262 0.00622177 0.0395598 0.062562 0.00090199 
0.134509 0.00183536 0.348227 0.284033 9.97134e-05 3.81847e-05 0.000356997 0.041412 0.00772417 1.3195e-06 0.00580019 0.00519194 1.11458e-05 0.036278 0.000867457 2.49902e-05 0.000249424 0.000928722 0.0912269 0.00560983 0.0355741 9.40079e-08 
0.0111434 0.00865333 0.94636 0.000283084 0.000175256 2.13721e-05 0.000590492 0.00432437 0.000641319 1.32109e-06 0.000339714 5.64734e-05 5.6978e-07 0.000244229 0.00119508 4.24552e-08 0.000179225 8.06286e-05 0.00135358 7.45907e-12 0.0233683 0.000987958 
0.0111434 0.00865333 0.94636 0.000283084 0.000175256 2.13721e-05 0.000590492 0.00432437 0.000641319 1.32109e-06 0.000339714 5.64734e-05 5.6978e-07 0.000244229 0.00119508 4.24552e-08 0.000179225 8.06286e-05 0.00135358 7.45907e-12 0.0233683 0.000987958 
0.0383356 0.000141267 0.488909 0.00189496 0.00048142 8.94744e-10 0.000306307 0.000423826 0.221979 6.12662e-05 3.1975e-08 0.00036007 1.74466e-06 0.117865 0.00038091 1.69688e-08 0.00367309 0.00147121 0.000500158 0.000361735 0.122854 2.76258e-11 
0.0181338 0.0558865 0.328404 0.209652 0.103233 0.000175619 0.000711983 0.0346963 0.0129162 8.30786e-05 0.00710999 0.00336171 0.000881558 0.0774503 0.0328166 7.86148e-05 0.00145754 0.00102684 0.0340426 0.00819853 0.0694844 0.00019828 
0.000706913 0.00326025 0.981157 0.0025492 0.00462196 2.01751e-08 2.72015e-08 0.001214 0.000345049 0.00016575 0.00111 4.11158e-08 6.09022e-08 0.000779531 4.39992e-08 1.1205e-07 3.6578e-08 1.23988e-08 0.000628967 0.00346083 5.37323e-09 5.11983e-08 
0.0417242 0.00155268 0.698051 0.0316435 0.00312093 8.16141e-06 0.0109451 0.00677731 0.085847 0.00108905 0.00109549 0.00238246 5.43469e-05 0.0503825 0.00307062 0.00100265 0.00248972 0.0020609 0.00487842 0.00514915 0.0466742 6.6783e-07 
0.0892844 0.00655497 0.499083 0.00637923 0.00719898 1.14655e-07 0.00840554 0.00235971 0.199756 0.00280236 2.72034e-05 0.00208132 0.000265562 0.130664 0.00160769 6.36779e-07 0.00591863 0.00597994 0.000638518 2.01306e-07 0.0309921 2.90959e-07 
0.00409158 0.014866 0.533201 0.0072221 0.0170703 7.01946e-06 0.0013633 0.00787549 0.0138931 0.000238833 1.22058e-09 0.00323381 6.46962e-05 0.35613 0.0148024 0.00051723 0.00135091 0.00140787 7.02426e-06 0.0055968 0.00419069 0.0128701 
0.0341164 0.000129674 0.563711 0.0600102 0.0668089 0.000128649 0.00249905 0.00580079 0.00136877 0.00225216 0.0035626 0.00159211 0.00914355 0.161422 0.00263532 0.00682058 0.046789 1.66868e-07 0.0125886 0.012752 0.00586836 6.89048e-07 
0.0169425 0.00899944 0.440693 0.0418153 0.249421 1.50156e-05 0.00028595 0.00469482 0.0219269 0.000463455 0.00011971 0.0159648 0.0013568 0.117085 0.00102384 6.01205e-06 0.000777862 0.000630033 0.000403977 0.0281308 0.0492267 1.74085e-05 
0.0249012 0.00633308 0.355247 0.0182042 0.0054585 0.00406184 0.00544477 0.0552434 0.0109844 0.0249725 3.12186e-05 0.01186 4.94516e-05 0.314151 0.0011411 0.0368881 0.000710987 0.0386863 0.00742937 0.0232256 0.0549756 8.03657e-07 
0.0747997 0.00531346 0.478333 0.00751555 0.0967367 1.68437e-07 8.7609e-08 0.0117733 0.0123311 0.000822485 3.5964e-06 0.0249204 2.68252e-07 0.253601 1.73611e-05 1.76285e-09 1.1729e-06 0.0181004 5.52847e-06 0.00466659 0.0110572 1.57882e-06 
0.012909 0.00524991 0.532925 0.0407858 0.0243873 0.0002614 0.0113155 0.0608168 0.105043 4.42905e-05 0.00129965 0.00263502 6.10555e-06 0.189844 0.00046239 7.71903e-06 0.000251303 0.000389878 0.000389771 0.00764529 0.0033316 5.11123e-09 
0.0250784 0.00247672 0.467896 1.03803e-05 0.00205372 2.86759e-07 0.000576237 0.000377412 0.0191271 0.000205768 1.21431e-08 0.00253277 5.62803e-05 0.400449 5.22639e-07 6.55926e-09 0.0445208 0.0247568 2.16524e-05 9.85401e-06 0.00984994 1.47676e-09 
0.00857111 0.0363077 0.412032 0.000581503 0.00463991 2.35855e-05 0.00250273 0.0312455 0.00568035 0.000125271 0.000139915 7.59337e-05 1.01909e-06 0.378397 0.000234036 6.31299e-08 0.026803 0.0158918 0.000198086 6.943e-05 0.0764788 1.55927e-06 
0.0331312 0.0109371 0.564327 0.00716398 0.0388589 2.63768e-05 0.000825987 0.0147817 0.0696777 0.000327157 7.71278e-05 0.000880558 0.000388715 0.147776 0.00787914 1.51201e-06 0.0311971 0.0195847 0.00479098 0.000197928 0.0446417 0.00252715 
0.0116132 0.0096896 0.460098 0.00782146 0.00641981 2.5321e-05 0.0018566 0.0167458 0.0235474 0.000116576 0.000314546 0.000487413 0.000990091 0.0277022 0.00497412 0.000225105 0.00391643 0.377438 0.0233189 2.99229e-05 0.0221753 0.000493722 
0.00371275 0.000370036 0.66297 0.0622551 0.0360617 1.82135e-06 0.000609906 0.0176565 0.0142474 0.000434743 0.0026192 5.59105e-05 0.000162664 0.0936342 0.00935146 1.11024e-06 0.000114048 0.00252254 0.000195489 0.0528694 0.0401539 9.0323e-08 
0.00632474 0.00093095 0.485883 0.0206855 0.0120944 2.69508e-05 0.0062217 0.00364608 0.00880225 0.000152282 0.0020275 0.00212443 0.00396493 0.395436 0.00032095 9.50029e-05 0.0202091 0.00517987 0.00325794 0.000412002 0.0222021 2.90255e-06 
0.0851294 0.0204684 0.491134 0.00149699 0.0090349 3.35322e-05 0.00214262 0.0322538 0.0027263 0.000212083 0.00547175 0.000392262 1.82662e-07 0.00148891 0.0003241 8.14957e-11 0.00024623 0.000706086 0.000152194 0.000264678 0.345585 0.000736695 
0.0124236 3.26083e-06 0.436618 0.118193 1.73873e-05 7.53477e-07 6.83165e-10 0.0214593 0.00613594 9.45007e-06 4.77936e-05 3.37696e-06 5.70146e-06 0.352536 6.29174e-06 2.06161e-06 0.000902297 0.0407478 4.23487e-10 0.0107018 0.000167665 1.91093e-05 
0.00153668 0.0067248 0.746486 0.0566572 0.0854558 2.66114e-05 0.000277681 0.0356111 0.00533558 0.000613962 1.17139e-05 4.68907e-06 0.000425264 0.0467399 0.0117517 2.21864e-05 0.00107325 7.76976e-11 0.00122112 2.44607e-05 5.82078e-07 3.18993e-09 
0.0488782 0.0433877 0.391426 0.07442 0.00734008 5.895e-05 0.000405798 0.0317001 0.0648092 0.000617822 0.00532598 0.00601818 0.000149048 0.0880103 0.0250962 0.000240828 0.000662625 0.00545782 0.00418124 0.0137924 0.187609 0.000412112 
0.00881907 0.00356441 0.433748 0.0859863 1.42027e-05 4.38675e-09 0.000528265 0.0137901 0.336118 0.000724425 0.000830857 0.00748656 3.59414e-05 0.0796053 0.00366318 0.000492949 0.000514662 0.000230774 0.00126876 0.00411844 0.0184594 3.73287e-08 
0.0111434 0.00865333 0.94636 0.000283084 0.000175256 2.13721e-05 0.000590492 0.00432437 0.000641319 1.32109e-06 0.000339714 5.64734e-05 5.6978e-07 0.000244229 0.00119508 4.24552e-08 0.000179225 8.06286e-05 0.00135358 7.45907e-12 0.0233683 0.000987958 
0.00721334 2.75374e-06 0.848256 0.00653197 0.000885906 3.9702e-09 3.04627e-06 0.00223247 0.00306551 7.72486e-05 0.000127438 0.000416071 6.10614e-06 0.0445014 0.00170628 2.39595e-07 0.00150815 0.0375431 0.000704657 4.35493e-05 0.0451743 8.36319e-09 
0.0895012 0.0096216 0.259984 0.069165 0.0446715 1.65163e-07 4.39602e-08 0.0314638 0.0143182 0.000158462 0.170332 0.00801466 0.000330506 0.112688 0.00192153 2.58593e-10 8.9791e-07 1.03773e-05 0.00018611 0.069577 0.118014 4.09689e-05 
0.0804449 0.0208916 0.392381 0.0398112 0.0676526 0.00576483 0.00716785 0.0111799 0.0375221 0.00267322 8.40814e-05 0.0765639 0.000327019 0.19477 0.00248697 0.00361225 0.00737184 0.00194205 0.0132509 0.00408572 0.0299789 3.71636e-05 
0.00918316 0.000571599 0.559791 0.0030182 0.0124468 4.11503e-06 3.67276e-07 0.00020147 0.00501741 0.000100205 0.000187411 0.000166893 3.12138e-05 0.366546 1.54957e-06 1.11246e-07 0.0291113 0.00462474 0.000639941 0.000333866 0.00801791 4.67842e-06 
0.0186654 0.00282142 0.546944 0.010018 0.00155739 9.9101e-06 0.00286 0.0171722 0.0797382 7.89752e-05 5.20864e-06 0.000833714 5.53596e-05 0.297232 0.000332314 0.00232885 0.00150884 0.000380916 0.00240025 0.000935942 0.0141212 6.32515e-08 
0.00497227 0.000618007 0.754284 0.013517 0.0767117 2.89805e-10 0.00882032 0.00366781 0.001836 4.08884e-07 4.60553e-05 0.0064668 1.3658e-05 0.0798755 9.54868e-05 4.55417e-08 0.000411815 0.000224789 6.93504e-05 0.0320162 0.0163527 3.07645e-08 
0.0375898 0.000361763 0.600582 0.0629807 0.00174613 1.74435e-06 0.000152864 0.0230463 0.0957811 0.000323008 0.000264892 0.00301279 0.000252139 0.0840284 0.00965444 0.0001415 0.000457477 0.0136893 0.000870809 0.0216955 0.0433676 7.01522e-10 
0.0756307 0.0231155 0.522642 0.0599597 0.0100857 6.43758e-05 0.000107783 0.0432774 0.024176 2.21765e-07 0.000347622 0.0198502 0.000400362 0.0313356 7.36152e-07 1.71493e-08 0.00210073 0.000103272 0.00514965 0.021221 0.160431 2.81429e-09 
0.0111434 0.00865333 0.94636 0.000283084 0.000175256 2.13721e-05 0.000590492 0.00432437 0.000641319 1.32109e-06 0.000339714 5.64734e-05 5.6978e-07 0.000244229 0.00119508 4.24552e-08 0.000179225 8.06286e-05 0.00135358 7.45907e-12 0.0233683 0.000987958 
