0.0111434 0.00865333 0.94636 0.000283084 0.000175256 2.13721e-05 0.000590492 0.00432437 0.000641319 1.32109e-06 0.000339714 5.64734e-05 5.6978e-07 0.000244229 0.00119508 4.24552e-08 0.000179225 8.06286e-05 0.00135358 7.45907e-12 0.0233683 0.000987958 
0.00945264 0.000191567 0.493273 0.0599656 0.00275652 0.000536769 0.00792208 0.00676223 0.0600032 2.69463e-06 7.73093e-05 0.255876 0.000955165 0.0328972 0.000740008 2.80274e-06 0.000611098 0.0162015 4.11097e-05 0.00179923 0.0499325 2.55622e-07 
0.00695678 0.0016049 0.758379 0.0172154 0.00428295 0.000324967 1.4351e-05 0.00357426 0.00352952 0.000150513 7.30119e-05 0.0301628 0.0395518 0.0809214 0.00606892 1.66608e-08 0.04255 7.28897e-06 0.000243898 5.57998e-05 0.00433278 7.64415e-10 
0.0845925 0.0397748 0.230729 0.026222 0.0660854 0.000375186 0.00127877 0.0214149 0.102853 0.000328411 0.00372934 0.00145123 0.00107718 0.196858 0.03542 0.00439609 0.00940746 0.0180411 0.00842277 0.00194261 0.143442 0.00215839 
0.0016426 0.00529577 0.469578 0.0284348 0.00246114 9.56235e-07 0.000138592 0.0151805 0.0351581 0.0001409 0.0117187 3.3146e-05 6.07351e-05 0.0929171 0.000257471 1.55241e-07 0.1662 0.00508733 0.00468428 0.028206 0.132804 2.90363e-09 
0.000125208 0.000822743 0.949308 0.00248535 0.000231288 1.88983e-07 2.24091e-08 2.46387e-06 0.00302097 2.37248e-05 0.000337196 2.97734e-05 2.86955e-05 0.0180765 3.62472e-08 6.39328e-07 0.00254953 0.000386201 0.00136489 0.0183177 0.00288876 4.2178e-08 
0.199787 0.0201201 0.341704 0.0695817 0.0381532 0.00457284 0.00704207 0.0161315 0.0370303 0.000850142 0.00121033 0.0117265 0.0134553 0.0919033 0.052496 0.00057374 0.00193223 0.000557228 0.00622017 0.0433089 0.0381181 0.00352524 
0.0132277 0.00598227 0.407306 0.0907057 0.0244265 0.00840455 0.00346541 0.0892203 0.0928221 0.000143457 0.0604214 0.0346002 0.00711931 0.0585814 0.0131255 0.00138704 0.000473893 2.98686e-05 0.0110632 0.0506058 0.02644 0.000448731 
0.033019 0.0151626 0.528817 0.0097007 0.0197834 6.28926e-05 0.00102205 0.00403416 0.045285 0.00213569 0.000827338 0.000682945 0.000747749 0.125325 0.00982424 1.10118e-05 0.0343428 0.113109 0.0128612 0.000184356 0.041655 0.00140657 
0.000112137 0.000809712 0.962752 0.00245915 0.000222888 1.04904e-07 1.00884e-08 1.39174e-06 0.00300213 1.90937e-05 0.000304155 2.61214e-05 1.4169e-05 0.0180436 1.63183e-08 3.5074e-07 0.00251793 0.00037899 0.00134656 0.00511728 0.00287213 1.89882e-08 
0.118656 0.0499726 0.492169 0.00531893 0.00291322 0.000134034 0.00131039 0.0185515 0.00652633 2.938e-07 0.000195229 0.0132733 0.00818516 0.21514 0.00757433 0.000270651 0.0183542 7.42781e-06 0.0028469 0.000124128 0.0384387 3.7176e-05 
0.032124 0.0325229 0.236076 0.0155118 0.00490943 0.0017267 0.121418 0.105833 0.0472101 0.00601216 0.00140954 0.00317243 0.145214 0.081896 0.00127591 0.000100336 0.00216825 0.00885015 0.0105422 0.0181753 0.123851 1.47596e-06 
0.0164336 0.00340116 0.315635 0.111264 0.0183881 2.94526e-05 1.33844e-07 0.0794186 0.0917922 3.92716e-07 7.84576e-07 0.0245731 3.9064e-07 0.0397106 0.00925605 1.84215e-07 2.1297e-10 0.0162224 0.167349 0.00175069 0.104775 4.71249e-09 
1.68956e-06 0.00439185 0.961995 1.31476e-06 2.86382e-06 2.57015e-06 3.46526e-06 1.17606e-06 0.00934505 1.40674e-05 0.00786326 5.23783e-06 7.75846e-06 7.81315e-07 0.0162606 1.42743e-05 4.65975e-06 1.5795e-06 2.14808e-06 4.51256e-06 6.91352e-05 6.52225e-06 
0.0665422 0.0350025 0.448432 0.0119237 0.00821791 0.00021832 0.0177676 0.113958 0.0399556 0.000137203 0.00144959 0.00920215 0.000312436 0.0216908 0.00444674 0.000143008 0.00414865 0.0092986 0.00817532 0.00818109 0.190476 0.000321587 
0.0381587 0.0271904 0.524979 0.00461561 0.0136957 5.03096e-05 0.00333124 0.0112272 0.0127451 0.00475261 0.000306413 0.000105732 0.000882009 0.0398125 0.0564715 2.65654e-08 0.00462939 0.00116653 0.00365167 2.77396e-06 0.252194 3.07554e-05 
0.030767 0.162599 0.400526 0.0101701 0.00977448 0.00016054 0.102747 0.0185254 0.0385089 9.15123e-05 0.00224877 0.000501957 0.0014543 0.00804599 0.00804207 2.99807e-05 0.0012902 0.0129443 0.0141112 0.00286488 0.174287 0.000309246 
0.0111434 0.00865333 0.94636 0.000283084 0.000175256 2.13721e-05 0.000590492 0.00432437 0.000641319 1.32109e-06 0.000339714 5.64734e-05 5.6978e-07 0.000244229 0.00119508 4.24552e-08 0.000179225 8.06286e-05 0.00135358 7.45907e-12 0.0233683 0.000987958 
0.00115145 3.76277e-12 0.867979 4.11625e-06 5.64573e-12 1.11521e-08 6.83142e-12 3.71191e-09 6.89594e-07 2.77326e-11 1.54862e-11 1.04292e-09 1.75909e-07 0.130827 1.105e-11 2.81404e-11 3.7206e-05 3.51895e-08 1.52493e-08 1.95802e-08 2.39931e-07 1.2858e-11 
0.0244412 0.00169571 0.620333 0.00219379 0.0372562 1.82933e-05 3.33777e-05 0.0029314 0.00155662 0.000416779 4.26785e-05 0.00798506 0.000803065 0.21687 0.00140222 2.75874e-07 0.00463491 0.0660697 0.00344602 0.00171383 0.00615598 1.43971e-07 
0.00656991 0.00251268 0.365258 0.0777155 0.000178327 5.68793e-06 0.0141852 0.00968211 0.207054 0.000101684 4.19307e-06 0.00300518 0.000169068 0.127535 0.00171922 0.000138375 0.00810529 0.00219508 0.000641827 0.00114083 0.172083 1.92541e-07 
0.0366108 0.0519658 0.298156 0.0160279 0.0175262 0.00243817 0.133328 0.0374844 0.00109794 0.00104801 0.276206 0.0141015 1.59448e-05 0.00527818 0.000736265 0.000172062 0.000526581 0.00136613 0.0220656 4.35574e-05 0.0130561 0.070748 
0.042667 0.00335503 0.260998 0.0493587 0.2018 1.60562e-05 0.000251009 0.0402976 0.0214096 0.000835148 0.00909023 0.0162056 0.000646192 0.25729 8.82116e-06 2.7602e-06 0.034134 0.00751614 0.00032973 0.000602881 0.0531849 1.37242e-06 
0.0366108 0.0519658 0.298156 0.0160279 0.0175262 0.00243817 0.133328 0.0374844 0.00109794 0.00104801 0.276206 0.0141015 1.59448e-05 0.00527818 0.000736265 0.000172062 0.000526581 0.00136613 0.0220656 4.35574e-05 0.0130561 0.070748 
0.00587989 0.000810832 0.634933 0.000866228 0.0550717 9.30182e-05 0.00507367 0.00254097 0.0127304 3.775e-06 0.00304611 0.000652122 3.07049e-05 0.205526 0.0384681 5.89332e-06 0.00524953 0.00296692 0.000260209 0.00153458 0.0240817 0.000174537 
0.0366108 0.0519658 0.298156 0.0160279 0.0175262 0.00243817 0.133328 0.0374844 0.00109794 0.00104801 0.276206 0.0141015 1.59448e-05 0.00527818 0.000736265 0.000172062 0.000526581 0.00136613 0.0220656 4.35574e-05 0.0130561 0.070748 
0.00220112 0.000113817 0.45948 2.5006e-05 0.000852105 2.12128e-06 7.34693e-05 5.49385e-05 0.0303471 0.000144518 6.79376e-08 3.57413e-05 0.000135279 0.433397 2.25236e-09 3.66254e-08 0.0550831 0.00703683 2.55091e-05 1.78936e-07 0.0109929 8.22214e-09 
0.116928 0.128783 0.541016 0.000242838 0.0193082 2.20085e-06 0.000493277 0.00733044 0.0213771 0.000328939 1.84747e-08 8.10852e-06 0.00311353 0.0098258 5.9693e-06 5.63357e-07 0.0874362 0.000446909 0.00011377 0.0211922 0.04204 6.78593e-06 
4.13372e-05 0.00606379 0.538474 0.102499 0.225652 0.0282332 0.00123914 0.0157669 3.28681e-05 2.37735e-05 4.27314e-05 0.0130938 0.0425896 0.00734327 0.000508808 2.51144e-05 0.0173426 0.000984157 1.1685e-05 6.11156e-06 2.56753e-05 1.78311e-09 
0.00347397 0.00107391 0.531919 0.0093413 0.00060366 5.76442e-07 0.000202937 0.00709253 0.0472357 0.000395056 0.0012983 0.00361036 0.000139492 0.299261 3.96917e-05 3.60284e-05 0.0415001 0.0018631 0.000910099 0.000697138 0.0493037 1.87906e-06 
0.00350757 0.119667 0.385513 0.0508558 0.0919145 2.77085e-06 2.16352e-06 0.0389461 0.105501 7.56371e-05 0.00278745 0.00495229 1.94233e-07 0.120135 9.37356e-05 1.0306e-07 0.00113316 0.000414413 0.0265458 0.00462431 0.0431258 0.000202044 
0.101758 0.00198911 0.710033 0.041348 0.0206986 4.98994e-05 0.000133201 0.0179028 2.50065e-05 0.0190849 3.7031e-05 0.000121385 6.42175e-06 0.0227374 0.00075275 0.00132696 0.00609366 0.000947777 0.00793665 7.39042e-06 0.047009 1.1495e-06 
0.00203827 0.00229262 0.928427 0.000358115 0.0161987 4.49769e-06 0.000231082 0.00249096 0.0115141 4.78793e-05 5.28603e-06 0.000227579 0.000141004 0.014087 0.00359484 6.4119e-07 0.00315129 0.00113055 0.00253221 3.35427e-08 0.010556 0.000970178 
0.00203827 0.00229262 0.928427 0.000358115 0.0161987 4.49769e-06 0.000231082 0.00249096 0.0115141 4.78793e-05 5.28603e-06 0.000227579 0.000141004 0.014087 0.00359484 6.4119e-07 0.00315129 0.00113055 0.00253221 3.35427e-08 0.010556 0.000970178 
0.0436433 0.0160298 0.564115 0.0398073 0.0103668 7.14725e-06 0.00104799 0.0373624 0.020063 0.00705626 0.00122666 0.00499038 0.000121199 0.134307 0.00412525 6.55551e-06 0.0020254 0.0171461 0.00950212 0.014218 0.072831 1.51896e-06 
0.0062422 0.000969542 0.385316 0.00593229 0.00114003 1.8128e-06 5.60264e-05 0.00123838 0.0845954 0.000334818 0.00175148 7.3003e-06 0.000149618 0.335288 2.609e-06 5.94537e-08 0.0721106 0.014819 0.000777798 0.000202754 0.0890617 2.25095e-06 
3.20372e-05 0.1474 0.253043 3.20389e-05 0.0929255 3.20335e-05 0.089715 3.20395e-05 0.185857 3.19842e-05 3.20108e-05 3.20221e-05 0.153686 3.20411e-05 3.20204e-05 3.19833e-05 3.20246e-05 3.20378e-05 3.20353e-05 0.0768925 3.20416e-05 3.20166e-05 
0.00231466 0.00056652 0.566067 0.000579255 0.041728 4.0334e-06 1.54945e-07 0.0010097 0.00886092 0.00385034 0.00017208 0.000491432 0.000130426 0.302764 2.25897e-10 4.63759e-08 0.0488738 0.0199202 0.000109007 0.000295905 0.00226336 1.05253e-08 
0.00591284 0.000797774 0.587247 0.0150407 0.00117752 2.23218e-06 2.55804e-05 0.00332601 0.0553092 0.00175952 1.61619e-06 6.64963e-05 5.33188e-05 0.271646 0.00379405 5.64099e-06 0.0141456 0.00262032 0.000170022 8.56613e-05 0.036812 7.68304e-07 
0.0805261 0.00262159 0.796826 0.016826 0.00253752 1.83666e-05 0.000861584 0.0141026 0.0478164 0.000413383 6.75971e-06 0.00219119 0.000112441 0.0346527 1.02431e-06 2.0173e-07 0.000158877 6.13064e-05 1.0197e-06 0.000263269 1.40632e-06 3.52919e-08 
0.00203827 0.00229262 0.928427 0.000358115 0.0161987 4.49769e-06 0.000231082 0.00249096 0.0115141 4.78793e-05 5.28603e-06 0.000227579 0.000141004 0.014087 0.00359484 6.4119e-07 0.00315129 0.00113055 0.00253221 3.35427e-08 0.010556 0.000970178 
0.00118696 0.000204838 0.651872 0.000169594 0.004729 0.000263411 0.0108349 0.00039292 0.00156782 0.000422437 4.71869e-05 0.000166179 7.39535e-05 0.0016676 0.000501284 0.000607558 0.000411868 0.00326481 0.000126485 0.317963 0.00324975 0.000275903 
0.147694 0.01538 0.219798 0.00613654 0.167441 0.000372623 0.00937931 0.00261217 0.090656 0.000175498 0.00357206 0.0138101 0.00727857 0.156266 0.000152326 1.12421e-07 0.0109003 0.00566386 0.0040919 0.0044193 0.134168 3.34386e-05 
0.0206985 0.0012894 0.545413 0.000898807 0.00495991 1.6086e-06 0.000876725 4.86958e-05 0.0170608 2.53331e-05 2.3272e-05 0.000552462 0.00341069 0.388252 2.18211e-05 4.4583e-09 0.00175479 3.62928e-05 0.000192272 0.00167215 0.0128116 2.0371e-09 
0.00203827 0.00229262 0.928427 0.000358115 0.0161987 4.49769e-06 0.000231082 0.00249096 0.0115141 4.78793e-05 5.28603e-06 0.000227579 0.000141004 0.014087 0.00359484 6.4119e-07 0.00315129 0.00113055 0.00253221 3.35427e-08 0.010556 0.000970178 
0.00203827 0.00229262 0.928427 0.000358115 0.0161987 4.49769e-06 0.000231082 0.00249096 0.0115141 4.78793e-05 5.28603e-06 0.000227579 0.000141004 0.014087 0.00359484 6.4119e-07 0.00315129 0.00113055 0.00253221 3.35427e-08 0.010556 0.000970178 
0.00203827 0.00229262 0.928427 0.000358115 0.0161987 4.49769e-06 0.000231082 0.00249096 0.0115141 4.78793e-05 5.28603e-06 0.000227579 0.000141004 0.014087 0.00359484 6.4119e-07 0.00315129 0.00113055 0.00253221 3.35427e-08 0.010556 0.000970178 
0.0182124 0.00396753 0.54813 0.0326779 0.040872 2.72702e-06 0.000131037 0.062829 0.0120674 0.00010887 3.0341e-05 0.00242939 0.000441872 0.0979463 0.00270676 0.000150495 0.00511495 0.00448088 0.0022947 0.0421631 0.123241 1.88501e-06 
0.0111434 0.00865333 0.94636 0.000283084 0.000175256 2.13721e-05 0.000590492 0.00432437 0.000641319 1.32109e-06 0.000339714 5.64734e-05 5.6978e-07 0.000244229 0.00119508 4.24552e-08 0.000179225 8.06286e-05 0.00135358 7.45907e-12 0.0233683 0.000987958 
0.0245428 0.0584586 0.310065 0.0303213 0.0926597 1.885e-05 0.00091041 0.133273 0.117197 0.00144265 0.00926687 0.000467554 0.000142757 0.0909194 0.00697475 0.00296432 0.00364482 0.00112768 0.00387049 0.000697667 0.111034 1.34866e-08 
0.00255482 0.00039 0.574418 0.00606394 0.000714642 3.12823e-09 7.39888e-05 0.00145315 0.0204785 0.000274973 0.00166923 0.000440029 0.000133713 0.29829 3.34109e-06 3.4625e-09 0.0464499 0.000779145 0.000653956 0.000158224 0.0449985 2.23223e-06 
0.0791076 0.0282504 0.347133 0.0922851 0.0560388 4.73929e-05 0.00343734 0.0601378 0.0446745 0.000341538 0.00134743 0.0322976 0.0010903 0.171749 1.41769e-05 7.80591e-07 0.000648501 0.0042298 0.00427316 0.0271899 0.0457058 3.46481e-07 
0.241073 0.0197086 0.458488 0.0010466 0.0160309 1.15041e-08 0.00208324 0.00274299 5.89059e-09 7.75825e-05 1.78169e-06 0.00421868 0.0242118 0.216226 8.87854e-07 2.29898e-05 5.98636e-07 0.000975266 0.000119606 0.000290035 0.0126805 1.06101e-06 
0.029766 0.000823691 0.507195 0.00230729 0.155122 0.000164754 0.00195257 0.0526804 0.000258233 0.0217602 0.000421183 0.0349155 0.00252378 0.111985 2.93814e-05 0.0140408 0.000340699 2.4169e-05 0.0282457 0.00382061 0.031583 3.97024e-05 
0.0111434 0.00865333 0.94636 0.000283084 0.000175256 2.13721e-05 0.000590492 0.00432437 0.000641319 1.32109e-06 0.000339714 5.64734e-05 5.6978e-07 0.000244229 0.00119508 4.24552e-08 0.000179225 8.06286e-05 0.00135358 7.45907e-12 0.0233683 0.000987958 
0.139871 0.00260291 0.502975 0.00864126 0.0928499 2.47006e-05 0.000954865 0.0225319 0.00653059 0.000445965 0.000230467 0.00464929 1.9154e-05 0.167708 6.27855e-06 2.72161e-06 0.00655868 0.00115583 0.000254844 0.00134649 0.0405692 7.11942e-05 
0.0446749 0.112065 0.325174 0.0112987 0.0490717 0.0054219 0.046601 0.0807892 0.0860391 8.20379e-06 0.000482009 0.034657 0.0132094 0.0498974 3.23236e-06 0.000250157 0.00285811 0.00142804 0.0278597 0.0509289 0.0572829 4.52015e-08 
0.0115517 0.00137582 0.95309 0.000985626 0.000330336 4.94021e-08 0.000466319 0.000443095 0.00415867 0.00210937 0.00173657 0.000594107 0.0012081 0.00732433 0.0024889 2.74374e-07 0.00560701 0.00098978 0.00239069 0.000286323 0.00274988 0.000112956 
0.00127232 0.000336111 0.620649 0.00356152 0.00185574 1.46474e-06 1.01086e-10 0.00152548 0.012767 1.37727e-05 2.29153e-10 3.04887e-10 0.00186443 0.33674 0.0108001 2.80815e-07 0.00120479 0.00517013 0.000272153 1.43144e-06 0.00196411 1.90263e-10 
0.0339431 0.0671187 0.376264 0.10745 0.00101485 4.44048e-05 0.000578456 0.0219658 0.0321408 0.00139284 0.000685906 0.000376242 0.0161199 0.0354156 0.003491 5.24017e-05 0.0041054 0.0263338 0.00656405 0.0017973 0.262883 0.000262099 
0.00203827 0.00229262 0.928427 0.000358115 0.0161987 4.49769e-06 0.000231082 0.00249096 0.0115141 4.78793e-05 5.28603e-06 0.000227579 0.000141004 0.014087 0.00359484 6.4119e-07 0.00315129 0.00113055 0.00253221 3.35427e-08 0.010556 0.000970178 
0.338323 0.00681806 0.384603 0.0228098 0.0240072 3.59125e-06 0.00126665 0.0206916 0.0603105 7.14933e-07 0.0202718 0.00174841 2.31015e-10 0.0487765 0.000996656 4.25031e-10 0.000741462 0.000297094 0.0327609 0.000206674 0.0353661 1.94206e-10 
0.00148373 0.00120598 0.543824 0.0056668 0.00302261 1.28865e-06 5.04165e-07 0.00338419 0.0276573 0.000334299 1.93866e-09 0.000213782 0.00376784 0.379842 0.0173701 1.53067e-06 0.00421189 0.00645845 0.000368861 7.79652e-06 0.00117678 1.60964e-09 
0.0366108 0.0519658 0.298156 0.0160279 0.0175262 0.00243817 0.133328 0.0374844 0.00109794 0.00104801 0.276206 0.0141015 1.59448e-05 0.00527818 0.000736265 0.000172062 0.000526581 0.00136613 0.0220656 4.35574e-05 0.0130561 0.070748 
0.0200732 0.0168664 0.424108 0.0257822 0.0127925 0.00721975 0.0093454 0.102424 0.0261551 0.000137122 1.98111e-06 4.17374e-05 0.000503848 0.166168 6.53097e-07 4.4029e-05 0.0563853 0.00688937 0.0366152 0.00421756 0.0842283 1.16305e-06 
0.0050063 0.00638689 0.402303 0.000730261 5.42166e-12 4.54845e-09 6.7915e-06 0.000119636 2.49144e-12 0.00136641 4.98482e-05 9.91605e-12 1.4688e-11 0.385016 1.06114e-11 2.70235e-11 0.175713 0.00073031 0.0160278 8.54299e-12 0.00654319 1.23477e-11 
0.00203827 0.00229262 0.928427 0.000358115 0.0161987 4.49769e-06 0.000231082 0.00249096 0.0115141 4.78793e-05 5.28603e-06 0.000227579 0.000141004 0.014087 0.00359484 6.4119e-07 0.00315129 0.00113055 0.00253221 3.35427e-08 0.010556 0.000970178 
0.0755275 0.0824578 0.348222 0.163613 0.00215435 5.73215e-05 0.00354718 0.0209378 0.0311142 0.000331524 0.00632704 0.000139462 0.00105474 0.0325445 0.0113821 0.00385443 0.003545 0.0137512 0.120169 0.014832 0.064188 0.000249381 
0.131944 0.0217877 0.648889 0.00818983 0.00346149 4.00125e-05 0.000584793 0.0213352 0.011226 3.82826e-05 0.00126493 0.000578093 8.23246e-06 0.001876 0.00268674 1.67497e-06 0.000143598 0.00115075 0.00324782 0.000120267 0.134873 0.00655249 
0.037047 0.0067639 0.346235 0.0602585 0.00804551 0.00247826 0.0176476 0.045317 0.196221 1.3621e-05 0.00697549 0.0176008 0.0168104 0.103755 0.00453597 2.71058e-06 0.0448868 0.00959564 0.00237647 0.00480746 0.0686259 3.30449e-08 
0.0170165 0.00144035 0.480162 0.000655976 0.00699158 2.26944e-05 0.00101375 0.0101144 0.00365316 6.16413e-05 1.49162e-05 0.000191985 0.012886 0.456117 3.76199e-10 9.58046e-10 9.22822e-06 0.000113506 2.12496e-06 5.80353e-07 0.00953218 1.31434e-07 
0.0348223 0.0190112 0.684542 0.0294395 0.174244 1.02982e-07 4.63742e-07 0.00232171 0.00165121 1.92999e-07 1.29146e-06 0.0101711 1.31544e-06 0.019075 6.82996e-08 3.00107e-10 0.00179083 0.000243222 7.31759e-07 0.0226828 3.93889e-08 1.37125e-10 
0.00497227 0.000618007 0.754284 0.013517 0.0767117 2.89805e-10 0.00882032 0.00366781 0.001836 4.08884e-07 4.60553e-05 0.0064668 1.3658e-05 0.0798755 9.54868e-05 4.55417e-08 0.000411815 0.000224789 6.93504e-05 0.0320162 0.0163527 3.07645e-08 
0.170495 3.8695e-07 0.367734 0.0289542 9.51628e-11 8.54045e-11 1.15148e-10 9.92242e-06 8.22178e-07 4.67452e-10 4.49497e-05 6.44159e-07 2.57809e-10 0.175051 8.38172e-06 4.74327e-10 1.15667e-05 5.40658e-07 0.238133 1.4995e-10 0.0195549 2.16731e-10 
0.23319 0.00898637 0.346899 0.0647648 0.0199591 2.32298e-07 0.0025536 0.0069138 0.0397589 0.00862821 0.00366484 0.00904508 3.34157e-06 0.185144 0.00197903 5.46982e-06 0.00439945 0.000757341 0.0117307 0.0198551 0.0315432 0.000218558 
0.0225563 1.04003e-07 0.516326 0.0104143 0.000164468 1.99209e-11 8.00601e-10 0.00424109 0.274785 0.000604499 8.07448e-08 7.95689e-08 8.91806e-05 0.0277141 5.97958e-06 1.10638e-10 0.000695216 4.36339e-05 0.00107368 0.00109059 0.140194 1.18851e-06 
0.000574606 0.000353442 0.898423 0.000271421 0.0271764 1.47517e-06 3.45173e-05 0.00500389 0.000405129 0.000500683 7.50762e-09 4.33305e-07 5.59754e-08 0.0626287 0.00251599 2.75846e-07 0.00151891 4.06068e-06 0.00019936 2.93242e-05 0.000358745 2.12828e-11 
0.0050738 0.0013295 0.280287 0.053503 0.00310081 0.00023149 0.0188895 0.277481 0.0806003 2.80093e-05 0.000189914 0.00272079 0.00134783 0.00889452 0.00847249 8.30568e-06 0.000116461 5.54287e-05 0.00376213 0.165903 0.0880029 1.01051e-06 
0.00203827 0.00229262 0.928427 0.000358115 0.0161987 4.49769e-06 0.000231082 0.00249096 0.0115141 4.78793e-05 5.28603e-06 0.000227579 0.000141004 0.014087 0.00359484 6.4119e-07 0.00315129 0.00113055 0.00253221 3.35427e-08 0.010556 0.000970178 
0.0247275 0.00529989 0.526045 0.00401893 0.202231 3.39624e-05 0.00052137 0.0434871 0.0291124 0.000980622 0.000103611 0.00168337 0.0144449 0.080675 0.00759251 1.72609e-06 0.00321383 0.0322639 0.00152646 0.00269417 0.0190821 0.000260702 
0.00705796 0.0124158 0.827404 0.00546408 0.0360773 2.27736e-06 7.97442e-06 0.00966133 0.000692646 5.72224e-05 0.000197082 0.0195391 4.34617e-05 0.0633398 3.35069e-08 3.39066e-05 0.011546 0.000449889 5.27548e-05 0.0057048 0.000252562 3.89892e-08 
0.07644 0.00228419 0.473503 0.0262542 0.00254744 4.77115e-06 0.0014049 0.028293 0.15138 0.000152676 0.00087412 0.000579749 0.000218386 0.163663 6.13997e-05 0.00146004 0.00367355 0.000401783 0.000819366 0.00323679 0.0627457 1.63583e-06 
0.0111434 0.00865333 0.94636 0.000283084 0.000175256 2.13721e-05 0.000590492 0.00432437 0.000641319 1.32109e-06 0.000339714 5.64734e-05 5.6978e-07 0.000244229 0.00119508 4.24552e-08 0.000179225 8.06286e-05 0.00135358 7.45907e-12 0.0233683 0.000987958 
0.0360851 8.11816e-06 0.498728 0.0010793 0.00101083 2.18891e-07 0.00115406 0.000887933 0.0925261 6.69828e-05 1.81969e-11 7.86839e-05 1.50993e-08 0.21116 0.000371239 2.05132e-08 0.0137362 0.00387117 1.03441e-05 7.14341e-05 0.139154 1.51086e-11 
0.0111434 0.00865333 0.94636 0.000283084 0.000175256 2.13721e-05 0.000590492 0.00432437 0.000641319 1.32109e-06 0.000339714 5.64734e-05 5.6978e-07 0.000244229 0.00119508 4.24552e-08 0.000179225 8.06286e-05 0.00135358 7.45907e-12 0.0233683 0.000987958 
0.102958 0.0284942 0.563259 0.0311181 0.000961476 0.000207395 0.0313376 0.0309201 0.0424258 2.16289e-08 0.000747725 0.0175071 5.16533e-05 0.0108316 0.00224845 8.0728e-08 0.00127602 1.98678e-06 0.00970322 0.00150143 0.124449 1.67427e-08 
0.00234546 0.00352505 0.590537 0.067223 7.27546e-05 0.000582498 0.000889348 0.00163335 0.00042598 0.0484702 0.00202279 0.000756925 7.91966e-05 0.0668817 0.0797653 0.000775561 0.000354116 0.0314729 0.0434745 0.000461336 0.0582477 3.39595e-06 
0.0249141 0.00271511 0.52009 0.239214 0.0071437 0.000266051 0.00130499 0.0414665 0.0219008 9.17749e-05 0.00190212 0.0251268 0.00146645 0.0422686 0.00590874 0.000395155 0.00104112 0.000900829 0.00369722 0.00770262 0.0504761 7.0977e-06 
0.0189239 0.00051777 0.602228 0.0089356 2.20876e-06 0.000136901 0.00152363 0.00429436 0.000239953 0.00449848 2.06869e-06 0.00380093 3.63654e-05 0.14558 0.0233455 9.50257e-05 0.0102875 0.0160974 0.136399 2.21525e-05 0.0230324 8.6698e-08 
0.0650848 0.0288983 0.550959 0.0285983 0.000307902 0.144146 0.0790216 0.0135634 0.00810854 6.17198e-05 0.00173652 0.0185815 0.000252819 0.0010428 0.000857677 1.0246e-06 0.0285509 0.000194533 0.00359562 2.36875e-06 0.0259098 0.000524748 
0.00203827 0.00229262 0.928427 0.000358115 0.0161987 4.49769e-06 0.000231082 0.00249096 0.0115141 4.78793e-05 5.28603e-06 0.000227579 0.000141004 0.014087 0.00359484 6.4119e-07 0.00315129 0.00113055 0.00253221 3.35427e-08 0.010556 0.000970178 
0.0475154 0.0526666 0.204216 0.0059745 0.0300426 9.18062e-05 6.81004e-05 0.0569373 0.0853783 4.05865e-05 0.000518307 0.104889 0.0163436 0.121678 0.00760744 3.80118e-06 0.00391934 0.0389 0.00140478 0.0659414 0.154855 0.00100833 
0.0109661 0.0078287 0.414057 0.365541 5.71656e-05 7.04724e-05 0.0180398 0.0141723 0.0234477 0.00274396 0.000938659 0.0132884 0.000100299 0.0726786 2.66205e-10 1.25185e-06 9.96378e-05 0.000147798 0.0184512 6.40779e-05 0.037304 2.30049e-06 
0.0111434 0.00865333 0.94636 0.000283084 0.000175256 2.13721e-05 0.000590492 0.00432437 0.000641319 1.32109e-06 0.000339714 5.64734e-05 5.6978e-07 0.000244229 0.00119508 4.24552e-08 0.000179225 8.06286e-05 0.00135358 7.45907e-12 0.0233683 0.000987958 
0.0609028 0.0060634 0.569642 0.0383845 0.00408972 8.35692e-06 0.010489 0.0206979 0.0738078 5.81061e-05 0.00220162 0.00118206 7.56832e-05 0.0700751 0.000985 6.88941e-05 0.0131573 0.000722396 0.011292 0.00142965 0.114665 2.09788e-06 
0.0888261 0.122884 0.214072 0.0742257 0.00576965 6.08791e-05 0.00388805 0.0175063 0.211335 0.000735556 0.0261044 0.000281901 0.0125675 0.0772804 0.00219649 5.1339e-05 0.0164834 0.000199381 0.0249443 0.00739295 0.0931569 3.68988e-05 
0.0503239 0.015922 0.587954 0.0285361 0.0180743 5.06507e-05 0.0029706 0.0192845 0.0236496 0.00196543 0.00148222 0.00570472 0.00298017 0.109036 0.00395535 0.000142658 0.0105256 0.0134089 0.00566293 0.0209359 0.0771818 0.000252593 
0.0389633 0.137183 0.475764 0.0113234 0.0160597 8.52239e-05 0.00747901 0.00884391 0.0304484 0.0626906 0.00323438 0.0027319 0.000764832 0.106071 0.0031868 0.000132677 0.0104844 0.00723883 0.00666271 0.0118636 0.0586868 0.000101557 
0.0111434 0.00865333 0.94636 0.000283084 0.000175256 2.13721e-05 0.000590492 0.00432437 0.000641319 1.32109e-06 0.000339714 5.64734e-05 5.6978e-07 0.000244229 0.00119508 4.24552e-08 0.000179225 8.06286e-05 0.00135358 7.45907e-12 0.0233683 0.000987958 
0.026034 0.00427081 0.322627 0.145672 0.000383223 6.01708e-06 0.00517523 0.0564083 0.120622 6.94705e-05 0.000345524 0.000448284 3.05325e-05 0.0674193 0.001182 0.00118365 0.00807181 0.0412207 0.00215748 0.0687922 0.12788 1.66268e-08 
0.0111434 0.00865333 0.94636 0.000283084 0.000175256 2.13721e-05 0.000590492 0.00432437 0.000641319 1.32109e-06 0.000339714 5.64734e-05 5.6978e-07 0.000244229 0.00119508 4.24552e-08 0.000179225 8.06286e-05 0.00135358 7.45907e-12 0.0233683 0.000987958 
0.015359 0.000637648 0.648783 0.0178108 0.00535608 5.53225e-05 0.000260842 0.00916197 0.14796 0.000851389 0.000591195 0.0126771 0.0184856 0.0222768 0.00144498 2.74094e-05 0.000597549 0.00548591 0.00292938 0.00946271 0.0797852 8.48277e-07 
0.130482 0.00368894 0.339332 0.0392194 0.0758465 3.46401e-05 0.00491553 0.0185749 0.0186401 0.000312429 0.00177342 0.00427782 4.94418e-05 0.22924 0.00135895 4.03011e-06 0.00388959 0.0199887 0.00885375 0.0017798 0.097736 1.43315e-06 
0.00818137 0.00154698 0.757198 0.00721005 0.105111 1.48983e-05 0.000312338 0.0326159 0.00618481 2.75471e-07 1.12612e-05 0.00548399 0.000118718 0.074061 1.08427e-06 1.4934e-05 0.000606341 4.51018e-08 1.46702e-07 4.1636e-08 0.00132757 4.15713e-10 
0.126456 0.00156319 0.580772 0.0351477 0.00467894 1.26066e-06 2.68376e-05 0.00785803 0.0421483 0.000160156 0.0212468 0.00291963 5.13632e-05 0.0807774 4.46385e-08 6.96795e-08 0.0037755 0.00020315 0.00167663 0.0011744 0.0893618 4.03213e-08 
0.129964 0.00117384 0.262302 0.0114597 0.168837 0.000446678 0.00172199 0.0111583 0.00256804 2.43257e-05 3.09455e-05 0.00028313 0.00794697 0.0600943 0.0736431 1.54643e-06 0.002621 0.0053288 0.0006107 0.000850619 0.0404836 0.218449 
0.00130792 9.37202e-05 0.612429 0.0554769 4.72718e-05 7.81487e-08 0.012182 0.00113518 0.0419114 3.47383e-06 0.230374 0.000208231 3.46301e-07 0.0112022 0.00176401 5.10551e-06 3.45026e-06 2.08316e-06 0.000128364 0.000855789 0.0308689 1.98318e-07 
0.0243152 0.0107524 0.379241 0.339973 0.0496331 9.40862e-05 0.0138957 0.00488763 0.0225528 0.000116865 0.000119571 0.00366019 0.0123386 0.0621422 0.00102929 8.16826e-07 0.000615942 0.000112821 0.000608638 0.0500257 0.0238844 8.29055e-09 
0.114872 0.0027118 0.230018 0.152118 0.0185 8.61545e-05 0.000764597 0.0618281 0.138429 0.000895169 1.09379e-08 0.0438075 0.00201445 0.16551 0.000369959 0.00851024 0.00552397 0.0055506 0.000769119 0.0183931 0.0293287 7.18167e-09 
0.00203827 0.00229262 0.928427 0.000358115 0.0161987 4.49769e-06 0.000231082 0.00249096 0.0115141 4.78793e-05 5.28603e-06 0.000227579 0.000141004 0.014087 0.00359484 6.4119e-07 0.00315129 0.00113055 0.00253221 3.35427e-08 0.010556 0.000970178 
0.0735269 0.00204675 0.681175 0.00457635 0.00156762 1.53471e-05 0.000280354 0.0788083 3.26832e-06 6.07121e-07 0.000171664 1.20021e-06 3.84451e-05 0.0128003 0.000449067 2.09355e-07 3.21187e-05 2.0324e-06 1.56183e-08 3.28101e-08 0.144427 7.76102e-05 
0.00203827 0.00229262 0.928427 0.000358115 0.0161987 4.49769e-06 0.000231082 0.00249096 0.0115141 4.78793e-05 5.28603e-06 0.000227579 0.000141004 0.014087 0.00359484 6.4119e-07 0.00315129 0.00113055 0.00253221 3.35427e-08 0.010556 0.000970178 
0.0366108 0.0519658 0.298156 0.0160279 0.0175262 0.00243817 0.133328 0.0374844 0.00109794 0.00104801 0.276206 0.0141015 1.59448e-05 0.00527818 0.000736265 0.000172062 0.000526581 0.00136613 0.0220656 4.35574e-05 0.0130561 0.070748 
0.0470108 0.03376 0.221324 0.13058 0.0125412 0.000296899 0.0393369 0.11414 0.0793209 0.000422104 0.00813195 0.00495515 0.000409432 0.0123147 0.010387 0.000757389 0.00483388 0.00171878 0.0550108 0.00984212 0.20485 0.00805531 
0.00508826 2.53391e-05 0.751169 0.00502912 9.03647e-05 5.2653e-08 0.000799529 0.000288111 0.0531252 9.63226e-06 5.0294e-10 0.000194328 3.37861e-06 0.0773198 1.03461e-06 9.00332e-08 0.00994579 4.38416e-05 0.000788126 1.82507e-07 0.0960792 4.17585e-10 
0.069582 0.0119331 0.349818 0.0284742 0.0236122 0.00047728 0.00337558 0.0252113 0.0213942 0.00351376 0.00168711 0.00304833 0.00187547 0.302897 0.0109982 0.000804307 0.00832575 0.0237262 0.00622177 0.0395598 0.062562 0.00090199 
0.134509 0.00183536 0.348227 0.284033 9.97134e-05 3.81847e-05 0.000356997 0.041412 0.00772417 1.3195e-06 0.00580019 0.00519194 1.11458e-05 0.036278 0.000867457 2.49902e-05 0.000249424 0.000928722 0.0912269 0.00560983 0.0355741 9.40079e-08 
0.0111434 0.00865333 0.94636 0.000283084 0.000175256 2.13721e-05 0.000590492 0.00432437 0.000641319 1.32109e-06 0.000339714 5.64734e-05 5.6978e-07 0.000244229 0.00119508 4.24552e-08 0.000179225 8.06286e-05 0.00135358 7.45907e-12 0.0233683 0.000987958 
0.21173 0.00953326 0.503359 0.00457899 0.066651 0.000106531 0.00036466 0.00724538 0.0153705 2.82049e-05 0.000218301 0.00929159 8.33413e-07 0.0998312 1.68364e-07 1.46195e-06 0.00546074 0.00226433 0.000164138 0.00169734 0.0621014 6.59402e-10 
0.00255482 0.00039 0.574418 0.00606394 0.000714642 3.12823e-09 7.39888e-05 0.00145315 0.0204785 0.000274973 0.00166923 0.000440029 0.000133713 0.29829 3.34109e-06 3.4625e-09 0.0464499 0.000779145 0.000653956 0.000158224 0.0449985 2.23223e-06 
0.0383356 0.000141267 0.488909 0.00189496 0.00048142 8.94744e-10 0.000306307 0.000423826 0.221979 6.12662e-05 3.1975e-08 0.00036007 1.74466e-06 0.117865 0.00038091 1.69688e-08 0.00367309 0.00147121 0.000500158 0.000361735 0.122854 2.76258e-11 
0.0181338 0.0558865 0.328404 0.209652 0.103233 0.000175619 0.000711983 0.0346963 0.0129162 8.30786e-05 0.00710999 0.00336171 0.000881558 0.0774503 0.0328166 7.86148e-05 0.00145754 0.00102684 0.0340426 0.00819853 0.0694844 0.00019828 
0.0717647 0.0150882 0.6097 0.0124861 0.00721367 1.41175e-05 0.00465123 0.00656756 0.0333009 0.00119013 0.000724539 0.0377383 3.89683e-06 0.0298352 0.00214298 1.70191e-05 0.000881811 0.00127031 0.0044204 0.000229381 0.160586 0.000172919 
0.0417242 0.00155268 0.698051 0.0316435 0.00312093 8.16141e-06 0.0109451 0.00677731 0.085847 0.00108905 0.00109549 0.00238246 5.43469e-05 0.0503825 0.00307062 0.00100265 0.00248972 0.0020609 0.00487842 0.00514915 0.0466742 6.6783e-07 
0.0249012 0.00633308 0.355247 0.0182042 0.0054585 0.00406184 0.00544477 0.0552434 0.0109844 0.0249725 3.12186e-05 0.01186 4.94516e-05 0.314151 0.0011411 0.0368881 0.000710987 0.0386863 0.00742937 0.0232256 0.0549756 8.03657e-07 
0.0278513 0.000106362 0.546556 0.113195 0.0352693 7.17383e-05 6.46424e-05 0.00487631 0.00213087 8.44967e-05 5.74845e-05 3.67418e-05 0.000740764 0.015035 0.00238828 0.000245323 0.000249428 5.33941e-05 0.000726902 0.235201 0.0150582 1.2689e-06 
0.0331312 0.0109371 0.564327 0.00716398 0.0388589 2.63768e-05 0.000825987 0.0147817 0.0696777 0.000327157 7.71278e-05 0.000880558 0.000388715 0.147776 0.00787914 1.51201e-06 0.0311971 0.0195847 0.00479098 0.000197928 0.0446417 0.00252715 
0.0116132 0.0096896 0.460098 0.00782146 0.00641981 2.5321e-05 0.0018566 0.0167458 0.0235474 0.000116576 0.000314546 0.000487413 0.000990091 0.0277022 0.00497412 0.000225105 0.00391643 0.377438 0.0233189 2.99229e-05 0.0221753 0.000493722 
0.00203827 0.00229262 0.928427 0.000358115 0.0161987 4.49769e-06 0.000231082 0.00249096 0.0115141 4.78793e-05 5.28603e-06 0.000227579 0.000141004 0.014087 0.00359484 6.4119e-07 0.00315129 0.00113055 0.00253221 3.35427e-08 0.010556 0.000970178 
0.0124236 3.26083e-06 0.436618 0.118193 1.73873e-05 7.53477e-07 6.83165e-10 0.0214593 0.00613594 9.45007e-06 4.77936e-05 3.37696e-06 5.70146e-06 0.352536 6.29174e-06 2.06161e-06 0.000902297 0.0407478 4.23487e-10 0.0107018 0.000167665 1.91093e-05 
0.0488782 0.0433877 0.391426 0.07442 0.00734008 5.895e-05 0.000405798 0.0317001 0.0648092 0.000617822 0.00532598 0.00601818 0.000149048 0.0880103 0.0250962 0.000240828 0.000662625 0.00545782 0.00418124 0.0137924 0.187609 0.000412112 
0.268067 1.31478e-06 0.325728 2.66357e-06 0.0252488 1.99099e-10 2.6844e-10 0.0106142 0.108197 0.00301322 6.08528e-10 1.80864e-06 3.34152e-05 0.246328 3.34201e-07 1.10577e-09 0.000587646 0.0112807 1.11139e-06 3.14085e-06 0.000891186 2.99878e-07 
0.0111434 0.00865333 0.94636 0.000283084 0.000175256 2.13721e-05 0.000590492 0.00432437 0.000641319 1.32109e-06 0.000339714 5.64734e-05 5.6978e-07 0.000244229 0.00119508 4.24552e-08 0.000179225 8.06286e-05 0.00135358 7.45907e-12 0.0233683 0.000987958 
0.00721334 2.75374e-06 0.848256 0.00653197 0.000885906 3.9702e-09 3.04627e-06 0.00223247 0.00306551 7.72486e-05 0.000127438 0.000416071 6.10614e-06 0.0445014 0.00170628 2.39595e-07 0.00150815 0.0375431 0.000704657 4.35493e-05 0.0451743 8.36319e-09 
0.0895012 0.0096216 0.259984 0.069165 0.0446715 1.65163e-07 4.39602e-08 0.0314638 0.0143182 0.000158462 0.170332 0.00801466 0.000330506 0.112688 0.00192153 2.58593e-10 8.9791e-07 1.03773e-05 0.00018611 0.069577 0.118014 4.09689e-05 
0.00453831 3.01468e-05 0.931375 0.00325114 0.00274176 1.80027e-05 4.40511e-05 0.00144862 0.00015987 1.30605e-05 0.000145459 1.80239e-05 0.00159512 0.0161546 0.00108157 1.58611e-05 2.81504e-07 0.0246724 0.000945536 0.00999505 0.0017517 3.96963e-06 
0.00959006 6.9608e-06 0.390615 0.00467576 0.0088716 6.13973e-07 1.82088e-05 0.0014626 0.0166004 1.11763e-05 2.05126e-07 4.9892e-06 1.1822e-05 0.291431 1.09955e-10 6.32087e-05 0.143842 0.00918995 0.000793971 0.000168384 0.122642 1.27945e-10 
0.0804449 0.0208916 0.392381 0.0398112 0.0676526 0.00576483 0.00716785 0.0111799 0.0375221 0.00267322 8.40814e-05 0.0765639 0.000327019 0.19477 0.00248697 0.00361225 0.00737184 0.00194205 0.0132509 0.00408572 0.0299789 3.71636e-05 
0.00918316 0.000571599 0.559791 0.0030182 0.0124468 4.11503e-06 3.67276e-07 0.00020147 0.00501741 0.000100205 0.000187411 0.000166893 3.12138e-05 0.366546 1.54957e-06 1.11246e-07 0.0291113 0.00462474 0.000639941 0.000333866 0.00801791 4.67842e-06 
0.118607 0.0140089 0.325075 0.0409967 0.00229385 9.2033e-07 6.20614e-05 0.0227756 0.253469 0.00140873 3.36136e-06 0.00487501 0.000182627 0.139588 0.00156631 0.00559355 0.00162804 0.00318424 0.00703299 0.00246309 0.0551848 6.46488e-07 
0.0186654 0.00282142 0.546944 0.010018 0.00155739 9.9101e-06 0.00286 0.0171722 0.0797382 7.89752e-05 5.20864e-06 0.000833714 5.53596e-05 0.297232 0.000332314 0.00232885 0.00150884 0.000380916 0.00240025 0.000935942 0.0141212 6.32515e-08 
0.0299663 0.0140196 0.695252 0.00962906 0.00941108 0.0189301 0.0078893 0.0977377 0.00511027 4.6856e-05 0.00262475 0.00293319 3.83998e-06 0.000921592 0.00158689 4.60031e-06 0.000271458 0.00096753 0.00612584 0.00163581 0.0899188 0.00501351 
0.00203827 0.00229262 0.928427 0.000358115 0.0161987 4.49769e-06 0.000231082 0.00249096 0.0115141 4.78793e-05 5.28603e-06 0.000227579 0.000141004 0.014087 0.00359484 6.4119e-07 0.00315129 0.00113055 0.00253221 3.35427e-08 0.010556 0.000970178 
0.0756307 0.0231155 0.522642 0.0599597 0.0100857 6.43758e-05 0.000107783 0.0432774 0.024176 2.21765e-07 0.000347622 0.0198502 0.000400362 0.0313356 7.36152e-07 1.71493e-08 0.00210073 0.000103272 0.00514965 0.021221 0.160431 2.81429e-09 
0.0295331 0.105032 0.419641 0.00739102 0.00385053 1.18212e-05 0.0464691 0.0459815 0.0447771 3.67029e-05 0.0508467 0.000640381 0.140048 0.0159285 0.00290228 1.84219e-05 3.39476e-08 5.35242e-06 0.00860393 9.61014e-06 0.0781998 7.34671e-05 
0.0111434 0.00865333 0.94636 0.000283084 0.000175256 2.13721e-05 0.000590492 0.00432437 0.000641319 1.32109e-06 0.000339714 5.64734e-05 5.6978e-07 0.000244229 0.00119508 4.24552e-08 0.000179225 8.06286e-05 0.00135358 7.45907e-12 0.0233683 0.000987958 
0.00194963 0.000898746 0.600609 7.66438e-08 0.0533462 1.49826e-07 0.00188031 0.00140807 0.0220242 8.20056e-07 0.00100432 0.0103896 4.52277e-07 0.253148 3.26751e-07 8.32117e-07 0.0523693 9.20767e-08 9.75713e-06 0.000563446 0.00039649 3.80213e-07 
0.0881906 0.0156567 0.22188 0.213668 1.23154e-05 0.0063285 0.00562801 0.214638 0.0295741 1.19466e-06 0.00507098 0.00327289 2.71819e-05 0.0233352 0.00101989 1.64329e-05 0.00353336 0.00722362 0.065065 0.00179271 0.0940652 5.1866e-08 
0.0111434 0.00865333 0.94636 0.000283084 0.000175256 2.13721e-05 0.000590492 0.00432437 0.000641319 1.32109e-06 0.000339714 5.64734e-05 5.6978e-07 0.000244229 0.00119508 4.24552e-08 0.000179225 8.06286e-05 0.00135358 7.45907e-12 0.0233683 0.000987958 
0.0100215 0.015645 0.613874 0.00875046 0.01728 0.122557 0.00480442 0.0838838 0.0202444 0.00359536 0.000139844 0.00437963 0.00150539 0.0305659 0.00459635 0.000129831 0.00226656 0.00537289 0.0220829 6.72842e-05 0.0277161 0.000521835 
0.0115835 5.78839e-05 0.895809 8.16288e-08 0.044108 5.22419e-06 0.000100861 9.79542e-05 0.00171963 2.13507e-06 2.40499e-06 3.25197e-07 4.81693e-07 0.0252384 4.57564e-05 8.86238e-07 0.0146192 0.000903069 3.01928e-07 3.2885e-05 0.00562514 4.65695e-05 
0.0653136 0.051654 0.435432 0.0644596 0.00434489 6.78601e-06 0.00331716 0.0410927 0.0544996 0.000472184 0.00174374 0.0024699 0.000121863 0.114968 0.0062514 0.000136855 0.00111638 0.0249591 0.0190376 0.00665672 0.101908 3.79163e-05 
0.00643859 0.00176389 0.517978 0.0877521 8.49991e-05 9.30475e-09 0.000122105 0.0118952 0.259598 0.000594127 0.00114294 0.00186816 3.6089e-05 0.0839821 0.00225922 0.00037301 0.00198053 0.000339986 0.000845304 0.00199641 0.018949 3.38173e-07 
0.0139069 0.0933793 0.314688 0.0604964 0.00826653 7.8595e-06 0.00580559 0.0195409 0.131267 0.000206956 0.0116079 0.000123787 0.000882836 0.134273 0.00868691 2.21834e-07 0.00232316 0.000707049 0.0367138 0.0679152 0.0891876 1.25957e-05 
0.0111434 0.00865333 0.94636 0.000283084 0.000175256 2.13721e-05 0.000590492 0.00432437 0.000641319 1.32109e-06 0.000339714 5.64734e-05 5.6978e-07 0.000244229 0.00119508 4.24552e-08 0.000179225 8.06286e-05 0.00135358 7.45907e-12 0.0233683 0.000987958 
0.0219206 0.00250075 0.717224 0.0467888 0.0361418 6.07431e-05 0.00125125 0.00701749 0.0259936 8.59503e-05 6.39712e-05 0.00632591 0.000288684 0.0739705 0.0292839 8.7958e-05 0.000998367 0.00679393 0.00947262 0.00252352 0.00843248 0.00277331 
0.0383036 0.00181809 0.45538 0.234826 4.35802e-05 5.753e-05 0.0403379 0.0165159 0.138575 1.8026e-07 0.00072178 0.00146502 1.24512e-06 0.0120973 0.000116765 7.45022e-07 1.03682e-07 0.000394723 0.0221782 0.00084219 0.0363254 8.44319e-10 
0.0387845 0.0107382 0.296815 0.0195662 0.00833483 0.000292876 0.00540881 0.0183863 0.024573 0.00561069 0.00162192 0.00233556 0.00201323 0.217754 0.00228547 0.0022773 0.0124147 0.250918 0.00644585 0.00675122 0.0660956 0.000576856 
0.0544432 2.68722e-07 0.901857 0.00115913 0.00421511 4.26355e-08 3.37555e-05 0.00020671 0.00171935 0.00123903 6.16184e-10 0.0047695 4.03549e-08 0.0248061 7.37454e-05 4.82165e-07 0.000880951 9.00497e-06 0.000241972 0.000295968 0.00404873 5.11611e-10 
0.00218796 0.0291852 0.860366 0.0184688 0.0021587 1.17562e-07 0.00375365 0.00027705 0.0131807 1.08584e-05 3.25943e-07 2.58086e-07 9.1199e-08 0.0332129 0.0126865 5.91534e-05 0.000408059 0.000159136 0.00772652 0.00717061 0.00898698 6.22649e-08 
0.0111434 0.00865333 0.94636 0.000283084 0.000175256 2.13721e-05 0.000590492 0.00432437 0.000641319 1.32109e-06 0.000339714 5.64734e-05 5.6978e-07 0.000244229 0.00119508 4.24552e-08 0.000179225 8.06286e-05 0.00135358 7.45907e-12 0.0233683 0.000987958 
0.00695678 0.0016049 0.758379 0.0172154 0.00428295 0.000324967 1.4351e-05 0.00357426 0.00352952 0.000150513 7.30119e-05 0.0301628 0.0395518 0.0809214 0.00606892 1.66608e-08 0.04255 7.28897e-06 0.000243898 5.57998e-05 0.00433278 7.64415e-10 
0.00528317 0.00257793 0.566012 0.01645 0.0172716 2.41558e-05 8.47593e-05 0.0613254 0.0551924 8.53164e-05 0.00675658 0.00935659 0.000828319 0.0798429 0.00135838 0.0013474 0.00440237 0.0058827 0.00107855 0.0309343 0.133905 9.93695e-07 
0.13959 0.068523 0.409145 0.0200159 0.000988179 0.000531874 0.0181676 0.0799875 0.032325 0.00177161 0.0120215 0.000547538 1.2991e-06 0.0544926 9.46394e-05 5.27606e-05 0.0608803 0.00380411 0.00422344 0.000199994 0.0922403 0.000395191 
0.0111434 0.00865333 0.94636 0.000283084 0.000175256 2.13721e-05 0.000590492 0.00432437 0.000641319 1.32109e-06 0.000339714 5.64734e-05 5.6978e-07 0.000244229 0.00119508 4.24552e-08 0.000179225 8.06286e-05 0.00135358 7.45907e-12 0.0233683 0.000987958 
0.0296935 0.00661774 0.400054 0.281469 0.022502 4.71683e-05 0.0158976 0.0685437 0.0685559 0.000791177 0.00296003 0.00721447 0.000399425 0.0317131 0.024091 0.00017159 0.000613896 0.000224811 0.00724303 0.00802974 0.023167 3.54623e-09 
