0.00159507 0.0225544 1.33986e-08 9.7523e-05 0.000557597 6.05547e-06 0.003352 0.888441 0.00199741 0.000158628 0.000460318 0.0428049 2.63769e-06 0.000214679 0.000916561 1.63567e-06 1.68652e-07 8.87335e-05 0.000274037 1.95412e-05 0.0364567 6.65816e-07 
0.00217351 0.000735695 1.14322e-10 0.0120043 0.000339781 5.32345e-05 0.117982 0.808307 0.0125851 0.00018686 0.000469608 0.00629952 8.10452e-06 0.00116259 0.00456027 0.00638199 2.60794e-07 0.016804 0.00126088 1.24629e-10 0.00868437 4.17445e-07 
0.0723032 0.175562 4.20158e-09 4.20132e-05 3.97285e-07 1.54207e-05 0.000777953 0.000862047 0.698202 9.05707e-05 5.36158e-06 0.000373819 2.27385e-08 0.00454155 1.56197e-06 8.05433e-09 9.078e-08 0.00126218 0.00577778 1.13184e-08 0.0401819 7.539e-09 
0.0101347 0.00153483 8.75007e-10 8.95172e-05 0.0658132 8.97453e-05 0.0313204 0.700359 0.0176235 0.0238955 0.000788917 0.00126463 9.38713e-07 2.88579e-05 0.00102895 8.81202e-06 6.26194e-07 0.0889173 0.00719726 0.0498007 8.64315e-05 1.59515e-05 
0.0236688 0.0149536 2.88632e-07 0.509736 0.000782506 2.19434e-05 0.00476781 0.11958 0.0128761 9.31551e-07 0.197628 0.000143777 0.000284336 0.0410202 0.0160605 0.000482089 0.000861661 0.000146662 0.0486098 1.15573e-05 0.00824946 0.000114296 
0.0330753 0.869049 5.05609e-10 3.49357e-06 0.00230981 7.98265e-05 0.0237964 7.46459e-05 0.0564385 4.26692e-06 0.000430824 4.02021e-06 0.000177576 1.25027e-05 0.000127914 5.21255e-08 1.78202e-05 5.91943e-08 0.00118838 6.01434e-07 0.013209 7.96671e-10 
0.00159507 0.0225544 1.33986e-08 9.7523e-05 0.000557597 6.05547e-06 0.003352 0.888441 0.00199741 0.000158628 0.000460318 0.0428049 2.63769e-06 0.000214679 0.000916561 1.63567e-06 1.68652e-07 8.87335e-05 0.000274037 1.95412e-05 0.0364567 6.65816e-07 
0.00115958 0.014947 1.18601e-08 0.000916824 0.000398361 4.33394e-06 0.0200519 0.884524 0.00485216 0.000113379 0.000328917 0.0281977 1.89739e-06 0.000369522 0.00102325 1.17738e-06 1.24494e-07 6.34558e-05 0.000195796 0.00382934 0.039021 4.79906e-07 
0.00136049 0.954341 2.23097e-13 2.00623e-05 0.000813788 1.6624e-09 7.86469e-08 0.000444564 0.0228572 2.73294e-06 0.000265507 2.25666e-05 1.90264e-08 7.38021e-05 0.000757989 1.16016e-07 0.000103757 1.17487e-09 0.00711137 2.43211e-13 0.0118246 3.51526e-13 
0.0117056 0.0137092 8.56426e-09 0.00634865 0.000273026 0.178634 0.000395194 0.672782 0.00144881 0.000937765 0.00582071 0.000283772 1.24088e-08 0.00216453 0.00204304 3.11943e-05 5.0545e-05 0.0699485 0.00187238 2.34722e-08 0.0315451 5.84807e-06 
3.68672e-05 0.0743647 4.95115e-07 0.000179192 0.920688 1.35652e-05 2.47852e-06 0.00395327 0.000317969 1.42513e-05 3.59102e-06 6.26504e-07 0.000112102 6.48434e-05 4.12037e-06 8.79261e-06 5.57359e-07 0.000121051 0.000102323 5.39753e-07 6.17045e-06 4.66502e-06 
0.0330753 0.869049 5.05609e-10 3.49357e-06 0.00230981 7.98265e-05 0.0237964 7.46459e-05 0.0564385 4.26692e-06 0.000430824 4.02021e-06 0.000177576 1.25027e-05 0.000127914 5.21255e-08 1.78202e-05 5.91943e-08 0.00118838 6.01434e-07 0.013209 7.96671e-10 
0.062134 0.00698678 6.09594e-07 0.0193021 0.000890581 0.00013871 0.000137352 0.115099 0.00198031 7.37763e-07 0.739001 0.000228551 6.819e-05 0.00387544 0.0121995 6.13115e-07 1.98648e-05 0.000664305 0.0173399 3.81521e-06 0.0199069 2.11116e-05 
0.00114333 0.00678806 1.42222e-10 0.0210708 0.0121842 0.525245 0.011189 0.00733259 0.000361617 2.77394e-08 3.89194e-07 0.121114 0.175661 0.0111436 0.00280901 1.31295e-08 0.00014998 0.0803958 0.00851405 0.00170388 0.011381 0.00181252 
0.247203 0.0179144 8.71219e-05 0.017434 0.01269 0.000255269 0.0268843 0.368436 0.000995815 0.000194913 0.00158032 0.0229889 0.212645 0.00310654 0.00819682 0.00279322 0.000109032 0.00707141 0.00520902 0.00152984 0.0366341 0.00604008 
0.0101347 0.00153483 8.75007e-10 8.95172e-05 0.0658132 8.97453e-05 0.0313204 0.700359 0.0176235 0.0238955 0.000788917 0.00126463 9.38713e-07 2.88579e-05 0.00102895 8.81202e-06 6.26194e-07 0.0889173 0.00719726 0.0498007 8.64315e-05 1.59515e-05 
0.00775122 0.0415919 3.86091e-05 0.00303163 0.0935616 0.000898115 0.00888191 0.564098 0.0130459 0.0123021 0.00132641 0.0269736 0.000361712 0.0477506 0.0180626 0.0243334 0.0106714 0.0606773 0.0469221 9.11264e-05 0.0171825 0.000446197 
0.0146949 0.0350653 6.40835e-11 0.0908788 2.07571e-07 2.80988e-07 1.29817e-06 0.00220042 0.217257 1.66139e-07 0.00168813 4.4719e-07 0.000201732 0.0113799 0.0028776 2.20987e-10 3.49188e-07 1.07694e-07 0.421049 1.74656e-07 0.202705 1.00974e-10 
0.00159507 0.0225544 1.33986e-08 9.7523e-05 0.000557597 6.05547e-06 0.003352 0.888441 0.00199741 0.000158628 0.000460318 0.0428049 2.63769e-06 0.000214679 0.000916561 1.63567e-06 1.68652e-07 8.87335e-05 0.000274037 1.95412e-05 0.0364567 6.65816e-07 
0.0966554 0.195301 1.7367e-06 0.0625064 0.369091 5.46169e-05 0.000381811 0.0494588 0.000895462 7.8689e-05 0.00294711 0.00576419 0.00645171 0.0318541 0.0356768 3.04002e-05 0.000340627 7.26561e-05 0.00854159 0.0080888 0.125671 0.000136533 
0.00812698 0.0124727 7.98253e-08 0.106827 0.0183479 0.00809869 0.0302398 0.00663823 0.00194845 5.57437e-07 0.000634197 0.784555 0.00308779 0.00293827 8.26375e-05 1.551e-05 6.59699e-07 0.000459457 0.00107543 1.71525e-07 0.0144066 4.30377e-05 
0.132445 0.0367524 1.80354e-07 0.0959741 1.54845e-05 6.98564e-07 0.000700832 0.00672073 0.699123 4.74003e-07 2.38831e-07 0.00363199 9.16922e-07 0.00199731 1.6645e-05 3.71337e-07 6.80018e-06 2.16135e-07 0.00377547 5.96756e-05 0.0187776 3.19959e-07 
0.00547708 6.93876e-05 7.66488e-09 0.00175416 0.953863 1.38609e-05 3.82598e-05 5.95414e-05 3.48012e-05 5.80434e-06 1.45459e-08 0.000285349 1.43664e-08 0.0336399 8.86512e-05 2.64318e-08 1.12535e-05 0.00229921 2.32756e-05 0.00233497 1.40735e-06 1.20773e-08 
0.031219 0.134411 7.98792e-06 0.0145912 0.0840274 0.00760078 0.0822391 0.376311 0.00944907 0.000573399 0.01471 0.0608611 0.000241383 0.0471691 0.00305361 0.000817373 3.87121e-05 0.00871682 0.0251676 5.56212e-05 0.098631 0.000107605 
0.00407794 0.00286978 9.65907e-13 0.00148258 0.000536734 0.520759 0.000148061 0.00644531 0.00141907 0.000186818 1.83303e-12 0.456675 9.36765e-09 0.00280439 1.30794e-12 7.68625e-06 0.000366427 0.000639839 5.04337e-11 2.13996e-08 0.00158096 1.52195e-12 
0.0101347 0.00153483 8.75007e-10 8.95172e-05 0.0658132 8.97453e-05 0.0313204 0.700359 0.0176235 0.0238955 0.000788917 0.00126463 9.38713e-07 2.88579e-05 0.00102895 8.81202e-06 6.26194e-07 0.0889173 0.00719726 0.0498007 8.64315e-05 1.59515e-05 
0.0150254 0.0866309 7.00033e-06 0.00650789 0.784669 0.000213344 0.000244594 0.00539969 0.00201174 4.01037e-05 0.00496297 0.0023495 0.00057258 0.0201872 0.0034879 2.90868e-05 1.02846e-05 0.000137675 0.0150454 4.20692e-05 0.030563 0.021863 
0.0284739 0.0159359 6.16214e-07 0.00240403 0.560539 0.00016826 0.0377578 0.0240148 4.98358e-06 0.00373556 0.0273438 0.0580937 0.0260611 0.152803 0.0237452 0.000186255 0.00401213 0.000257233 0.0320154 0.000201228 0.00207156 0.000174642 
0.0161383 0.0246553 1.05047e-05 0.0528195 0.0371979 0.20306 0.419461 0.0451781 0.0599742 0.000926746 0.000942544 0.0509122 0.000100667 0.0171653 0.000850335 0.000251735 0.000806757 8.24662e-05 0.0280413 0.000171967 0.0409397 0.000313529 
0.00259644 1.72116e-05 1.33862e-08 0.126308 5.99818e-06 2.05827e-08 1.27042e-05 0.00699677 0.000201281 1.05159e-05 0.0086016 1.69385e-08 9.51161e-07 1.50646e-05 8.47746e-07 4.61614e-08 1.50691e-08 2.0884e-06 0.00457843 0.848308 0.00234383 2.10922e-08 
0.116512 0.025098 7.50871e-08 0.646569 0.0402993 3.76011e-05 0.000279398 0.00171311 0.0347589 2.5518e-07 9.92394e-05 0.0549328 1.25635e-06 0.0183363 0.00337927 1.55543e-06 0.0100747 4.4955e-05 0.000241616 0.000829432 0.0467609 3.05858e-05 
0.0557516 0.0727838 4.32876e-11 0.0320922 0.00265214 0.000316975 0.00440042 2.54624e-07 0.552375 2.82963e-07 0.00115823 0.000618809 0.00346154 0.000944147 0.0111938 1.49274e-10 0.000413512 7.71648e-08 0.0131943 1.25144e-07 0.248643 6.82068e-11 
0.0371655 0.0227571 4.50723e-08 0.0100822 0.590803 0.0253877 0.00154176 0.064706 0.0020052 0.000621658 0.00473881 0.145738 0.000648552 0.0692224 0.00219225 1.77806e-05 0.000104079 0.00162063 0.000315593 0.0122231 0.00806668 4.15192e-05 
0.0112567 0.0222903 2.12577e-07 0.239092 0.523124 3.87667e-05 0.00861913 0.0709437 0.0247401 7.08949e-05 0.0206695 0.00711862 0.0507061 0.00036815 0.00269137 7.33057e-07 0.000553831 0.00049245 0.00807955 0.00745488 0.00165724 3.22059e-05 
0.00159507 0.0225544 1.33986e-08 9.7523e-05 0.000557597 6.05547e-06 0.003352 0.888441 0.00199741 0.000158628 0.000460318 0.0428049 2.63769e-06 0.000214679 0.000916561 1.63567e-06 1.68652e-07 8.87335e-05 0.000274037 1.95412e-05 0.0364567 6.65816e-07 
0.0190853 0.00972001 1.83786e-06 0.0096818 0.0155506 0.000216884 0.000209953 0.797458 0.00156346 0.00125305 0.0312426 0.0237722 0.00152128 0.0150517 0.000417124 2.37052e-05 0.000433811 0.0604159 0.00010709 0.00045951 0.0118021 1.18383e-05 
0.0228041 0.00704804 4.2057e-11 0.873311 0.000149977 5.27196e-07 2.78919e-06 0.00712109 0.064446 6.9662e-07 0.00168249 1.08308e-05 3.92981e-05 1.14502e-06 0.0154045 6.47594e-08 7.39618e-07 0.000466473 0.00443887 2.47284e-05 0.00304666 6.62677e-11 
0.257112 0.024431 6.58061e-08 0.00388677 0.0107449 0.000139935 0.0177462 0.00156343 0.544932 2.45412e-05 0.00107177 0.0026887 9.21978e-06 0.0216043 0.000156574 2.52829e-07 0.00241724 0.00289635 0.0798596 0.000269367 0.0284447 2.40039e-07 
0.0511455 0.0797118 1.46094e-06 2.83495e-05 0.000127289 7.99053e-06 0.000134928 0.00672422 0.000799271 0.000380027 0.00133057 0.234181 2.73825e-06 0.0101141 8.52634e-05 5.03793e-06 9.88002e-05 0.0218076 0.580954 0.00955712 0.00280088 2.30194e-06 
0.0916185 0.3044 7.76208e-11 1.4172e-06 0.126985 0.000169856 0.00109111 0.171043 0.00313881 0.0006352 0.00390638 5.23395e-07 5.19423e-05 0.196503 0.00182507 5.04131e-07 1.24739e-07 0.000900028 0.0076479 4.51683e-08 0.0900457 3.62746e-05 
0.00448572 0.342829 4.31013e-07 6.02242e-06 0.443258 0.00642987 0.00109811 0.0197291 0.140877 0.00336728 3.93656e-06 0.000510612 6.99345e-06 0.0359245 4.12884e-05 5.88463e-07 5.15646e-07 0.000313379 0.000613656 0.000476939 1.55118e-05 1.15773e-05 
0.0675729 1.78345e-05 8.00497e-09 0.0152591 0.156717 4.72129e-06 0.026019 0.233122 0.0578822 0.000124433 0.0181905 0.0428895 0.0514701 0.29456 3.24923e-05 2.76046e-08 0.00021918 0.000598525 0.035318 8.72667e-09 2.32288e-06 1.26131e-08 
0.00217351 0.000735695 1.14322e-10 0.0120043 0.000339781 5.32345e-05 0.117982 0.808307 0.0125851 0.00018686 0.000469608 0.00629952 8.10452e-06 0.00116259 0.00456027 0.00638199 2.60794e-07 0.016804 0.00126088 1.24629e-10 0.00868437 4.17445e-07 
0.0104323 0.291302 2.64947e-10 7.59621e-05 0.00549523 9.4748e-08 2.60535e-06 1.00761e-06 0.0200932 0.000175962 0.00616308 0.000380244 1.46887e-06 0.0205769 0.00626526 9.54178e-08 0.608127 2.38331e-06 4.59653e-06 2.88833e-10 0.0309001 4.17467e-10 
0.00217351 0.000735695 1.14322e-10 0.0120043 0.000339781 5.32345e-05 0.117982 0.808307 0.0125851 0.00018686 0.000469608 0.00629952 8.10452e-06 0.00116259 0.00456027 0.00638199 2.60794e-07 0.016804 0.00126088 1.24629e-10 0.00868437 4.17445e-07 
0.131264 0.00229087 3.63271e-07 0.0718418 0.0841916 1.97535e-05 0.00640844 0.648323 1.03806e-06 1.00817e-06 3.16745e-05 0.000489566 0.00227202 0.00983275 1.15714e-06 4.64362e-06 0.000115719 4.28268e-05 0.000425005 0.0355368 0.00690582 4.56861e-07 
0.0392887 0.00375624 3.54899e-08 1.00143e-05 0.852673 8.67458e-05 0.00783856 0.000310768 0.0149018 8.15531e-05 0.0134709 1.13807e-05 2.86283e-05 0.0254799 1.25428e-06 2.59964e-06 8.66903e-06 6.93355e-07 1.61697e-05 3.86896e-08 0.0419068 0.00012522 
0.00155154 0.00417755 6.36631e-10 0.00642028 0.000300007 0.000201553 0.00103064 0.919805 0.000595486 0.000631854 0.00211771 0.000413174 6.60645e-05 0.000102708 0.00459781 0.000559722 7.63328e-06 0.0494509 0.00312079 1.75946e-08 0.00484715 1.97344e-06 
0.00217351 0.000735695 1.14322e-10 0.0120043 0.000339781 5.32345e-05 0.117982 0.808307 0.0125851 0.00018686 0.000469608 0.00629952 8.10452e-06 0.00116259 0.00456027 0.00638199 2.60794e-07 0.016804 0.00126088 1.24629e-10 0.00868437 4.17445e-07 
0.198568 0.450366 2.41332e-09 8.44104e-06 0.283861 5.19157e-05 0.02895 0.00398392 0.00393868 0.00466774 0.000100311 0.00699702 3.55328e-05 0.0080213 0.00102828 8.70705e-07 3.36121e-05 0.00323038 0.00128744 1.95853e-07 0.00486848 3.80259e-09 
0.0663277 0.182489 1.02967e-07 0.0183209 0.0981381 0.000212795 0.0103839 0.24207 0.00293284 0.000658661 0.000324038 0.00204038 0.00453164 0.0245221 0.0303789 2.47969e-05 0.00109421 0.000670783 0.000380631 0.160932 0.151764 0.00180195 
0.0101347 0.00153483 8.75007e-10 8.95172e-05 0.0658132 8.97453e-05 0.0313204 0.700359 0.0176235 0.0238955 0.000788917 0.00126463 9.38713e-07 2.88579e-05 0.00102895 8.81202e-06 6.26194e-07 0.0889173 0.00719726 0.0498007 8.64315e-05 1.59515e-05 
0.163652 0.0463285 9.88661e-11 0.0197468 0.519364 7.48521e-08 0.026242 0.0910355 0.0135717 0.000422717 3.89596e-07 0.00222903 1.85306e-10 0.0602113 0.00268093 0.000170537 0.00161055 8.04392e-07 1.16037e-06 3.7121e-07 0.0527321 7.60736e-08 
0.00115958 0.014947 1.18601e-08 0.000916824 0.000398361 4.33394e-06 0.0200519 0.884524 0.00485216 0.000113379 0.000328917 0.0281977 1.89739e-06 0.000369522 0.00102325 1.17738e-06 1.24494e-07 6.34558e-05 0.000195796 0.00382934 0.039021 4.79906e-07 
0.00114333 0.00678806 1.42222e-10 0.0210708 0.0121842 0.525245 0.011189 0.00733259 0.000361617 2.77394e-08 3.89194e-07 0.121114 0.175661 0.0111436 0.00280901 1.31295e-08 0.00014998 0.0803958 0.00851405 0.00170388 0.011381 0.00181252 
0.000333837 0.357501 6.59507e-07 0.000109898 0.0176091 0.0034507 0.00968543 0.000332757 0.00123363 4.85596e-06 9.28185e-06 5.10936e-05 0.000123594 5.99825e-06 0.000117329 3.0702e-06 4.98605e-05 6.47295e-06 0.000380006 7.18966e-07 0.000952982 0.608038 
0.00143147 0.00747132 3.57799e-10 0.0399877 0.142796 0.000130392 7.80442e-06 0.0858374 0.00644801 1.94511e-05 0.000392086 0.119354 3.4373e-06 0.425468 1.8935e-05 7.41085e-07 0.0280031 0.0152228 0.0037518 0.113971 0.00955832 0.000125594 
0.073077 0.00852773 8.71913e-07 0.0242895 0.0332623 9.72378e-05 8.95424e-05 0.788442 5.71177e-05 2.44419e-05 0.00284284 0.000835058 0.000239189 0.0226569 0.000352498 0.0019545 4.2211e-05 0.00181874 0.00468465 0.00336539 0.0112065 0.022134 
0.0951138 0.0644722 5.59665e-08 0.00242242 0.0218091 0.00395985 0.00569857 0.457668 0.00648099 0.00166892 0.0658401 0.0698334 0.00018613 0.0176445 0.051257 0.00216749 0.000597289 0.0178189 0.0916642 0.000160871 0.0235346 1.23812e-06 
0.00071768 0.00041377 9.89518e-08 0.433114 3.04279e-06 2.78053e-05 0.0547517 0.104654 0.0352888 6.237e-06 0.0410018 1.65202e-05 0.000309829 0.000338671 0.000502151 0.00303954 0.000124732 9.02173e-05 0.315765 0.00551513 0.00431968 8.42251e-07 
0.017556 0.430595 1.42949e-08 0.00892639 0.188737 6.19239e-05 0.00010272 0.0663791 0.194297 1.16258e-06 0.00478536 0.000322035 0.00251957 0.0195446 0.000104411 7.94743e-07 0.00210473 9.0543e-05 0.00148873 0.00589642 0.056485 1.85845e-06 
0.00136049 0.954341 2.23097e-13 2.00623e-05 0.000813788 1.6624e-09 7.86469e-08 0.000444564 0.0228572 2.73294e-06 0.000265507 2.25666e-05 1.90264e-08 7.38021e-05 0.000757989 1.16016e-07 0.000103757 1.17487e-09 0.00711137 2.43211e-13 0.0118246 3.51526e-13 
0.414725 0.00596833 2.30842e-05 0.0889385 0.170479 0.000536888 0.224582 0.0351528 0.00111275 0.00085677 8.29101e-05 0.00130294 0.000745977 0.0138071 0.0195745 0.0019539 0.000740138 0.00597175 7.31957e-05 0.000731488 0.0125865 5.39046e-05 
0.0111232 0.334577 1.5949e-05 0.0202153 0.0063821 0.205257 0.0398986 0.179596 0.0201577 0.000319585 0.00431597 0.0590493 0.000300202 0.00109035 0.0068077 0.000662462 0.000142879 0.000202601 0.0519994 4.05641e-05 0.0261433 0.0317029 
0.132445 0.0367524 1.80354e-07 0.0959741 1.54845e-05 6.98564e-07 0.000700832 0.00672073 0.699123 4.74003e-07 2.38831e-07 0.00363199 9.16922e-07 0.00199731 1.6645e-05 3.71337e-07 6.80018e-06 2.16135e-07 0.00377547 5.96756e-05 0.0187776 3.19959e-07 
0.0175102 0.141876 0.000236634 0.0599143 0.00873203 0.00368552 0.138185 0.0907525 0.102163 0.00944942 0.000787256 0.00454572 0.00321564 0.0301519 0.0440036 0.000695861 0.000858599 0.00136035 0.0654963 0.000486591 0.275492 0.000401325 
0.0840765 0.51013 5.27278e-10 0.000162201 0.32871 0.000218463 0.0296866 0.00205541 0.0148534 0.000525942 3.11981e-05 0.000420239 0.00014034 0.00957606 7.91093e-05 2.05604e-06 0.00081672 6.67171e-05 0.000717832 5.74816e-10 0.0177304 9.14092e-07 
0.012588 0.308564 3.03327e-05 0.0611854 0.00696629 0.00540932 0.130839 0.172686 0.0206483 0.000383882 0.000562409 0.0826234 0.00228176 0.00966898 0.00600501 0.00242337 0.023582 0.00740442 0.0354073 0.0023953 0.091937 0.016408 
0.0615073 0.0916737 9.97629e-07 0.0174789 0.0590255 0.112414 0.0354819 0.432576 0.0123662 0.000450708 0.000239889 0.0198615 0.0031188 0.0214994 0.00223822 0.017036 0.000512039 0.00182001 0.00545445 0.0308655 0.0743734 5.56556e-06 
0.116221 0.0200151 3.41034e-06 0.0679976 0.148207 0.010515 0.017528 0.103587 0.000983599 0.000279818 1.03334e-05 0.464452 6.55342e-05 0.0387188 4.69807e-05 0.000113058 0.000683985 0.000101217 0.000634069 3.38795e-05 0.00979399 8.88642e-06 
0.0816543 0.0324462 7.12188e-05 0.0605653 0.112578 0.0463952 0.00866951 0.30366 0.0270235 0.00214184 0.000653344 0.135801 0.00014695 0.0381167 0.000256284 8.2388e-05 0.00651369 0.0107853 0.0398576 0.0269509 0.0654895 0.000141048 
0.0629872 0.0707755 5.18277e-05 0.0312889 0.0637249 0.0263589 0.0414238 0.200001 0.0152504 0.000111134 0.00536994 0.355975 0.00122828 0.0536469 0.000715234 0.000196791 8.94517e-05 0.000433953 0.0090396 0.00202379 0.0587013 0.000606747 
0.00159507 0.0225544 1.33986e-08 9.7523e-05 0.000557597 6.05547e-06 0.003352 0.888441 0.00199741 0.000158628 0.000460318 0.0428049 2.63769e-06 0.000214679 0.000916561 1.63567e-06 1.68652e-07 8.87335e-05 0.000274037 1.95412e-05 0.0364567 6.65816e-07 
0.0186739 0.00765168 6.72441e-07 0.0098775 0.00653169 0.000235933 0.00113818 0.852091 0.0164974 0.00419486 0.0044742 0.000604361 0.00049184 0.000388053 0.000936114 9.29875e-05 1.74533e-05 0.0100455 0.00149772 0.00109671 0.0634446 1.74461e-05 
0.00114333 0.00678806 1.42222e-10 0.0210708 0.0121842 0.525245 0.011189 0.00733259 0.000361617 2.77394e-08 3.89194e-07 0.121114 0.175661 0.0111436 0.00280901 1.31295e-08 0.00014998 0.0803958 0.00851405 0.00170388 0.011381 0.00181252 
0.791541 0.00135463 7.5078e-09 0.000601654 0.202343 8.29817e-05 0.000383399 0.000104951 0.00113308 2.55149e-08 8.97753e-05 0.000132061 0.000126662 6.37716e-05 0.000483931 2.58901e-08 0.000103118 3.18026e-05 0.00081117 5.15716e-05 0.000561047 1.18298e-08 
0.0186192 0.295275 0.000101914 0.0228501 0.213756 0.0383926 0.00642824 0.10979 0.00560546 0.00069488 0.0168026 0.167664 0.0029182 0.00757947 0.000239144 0.000142692 0.000386572 0.00835017 0.00232134 0.00185972 0.00170109 0.0785207 
2.77691e-05 1.79568e-05 3.91055e-08 0.000383265 0.798984 7.85855e-06 1.60235e-05 0.000599681 0.0485406 1.29876e-05 4.06777e-07 1.00281e-05 2.04405e-06 0.146018 1.05157e-05 0.00443321 6.94861e-06 1.62308e-05 0.000902952 4.26311e-08 1.02282e-05 6.16171e-08 
0.0713686 0.0502683 4.08977e-12 0.000201898 1.35307e-08 4.28087e-06 0.000124937 0.00127719 0.817743 7.10219e-06 0.00022874 0.000242725 1.5603e-08 0.00194013 5.88284e-08 1.44874e-09 2.46952e-05 8.26326e-07 0.0379636 4.45849e-12 0.0186043 6.4441e-12 
0.0422965 0.000356318 8.97816e-10 3.47908e-05 8.69674e-06 6.24408e-06 0.956772 3.7013e-05 0.000193786 2.74911e-06 1.53513e-06 1.74966e-05 5.70481e-05 2.21662e-05 1.25234e-05 3.09605e-09 1.1826e-05 3.94012e-06 8.27933e-05 8.81864e-07 8.17756e-05 1.41466e-09 
0.00547708 6.93876e-05 7.66488e-09 0.00175416 0.953863 1.38609e-05 3.82598e-05 5.95414e-05 3.48012e-05 5.80434e-06 1.45459e-08 0.000285349 1.43664e-08 0.0336399 8.86512e-05 2.64318e-08 1.12535e-05 0.00229921 2.32756e-05 0.00233497 1.40735e-06 1.20773e-08 
0.00487385 0.905249 1.75708e-06 5.76285e-06 0.0669982 3.29121e-06 0.000105571 0.00258914 0.00162954 1.0397e-05 8.14093e-05 0.000736397 2.84769e-05 1.01492e-05 9.29728e-05 6.82899e-06 2.2201e-05 2.22547e-06 0.00730191 1.91549e-06 0.0100785 0.00017023 
0.00517119 0.0176507 3.63268e-12 0.150214 0.000620835 6.07333e-05 0.00152462 0.416437 0.0118908 0.0017098 0.00224702 0.157003 2.35533e-08 0.00138225 0.0219399 1.5133e-05 8.09151e-06 0.000511389 0.161223 0.0118932 0.025442 0.0130562 
0.132445 0.0367524 1.80354e-07 0.0959741 1.54845e-05 6.98564e-07 0.000700832 0.00672073 0.699123 4.74003e-07 2.38831e-07 0.00363199 9.16922e-07 0.00199731 1.6645e-05 3.71337e-07 6.80018e-06 2.16135e-07 0.00377547 5.96756e-05 0.0187776 3.19959e-07 
0.133881 0.0823751 1.25413e-05 0.0171934 0.519724 7.27282e-05 0.000347625 0.00744527 0.00486619 0.0503739 0.0697239 0.00849668 0.00276612 0.014388 0.00200106 4.94531e-05 0.000167724 0.012567 0.001651 0.0501871 0.0212484 0.000462532 
0.0197574 0.624733 1.75197e-05 0.0333116 0.00848818 0.00512635 0.0172132 0.128271 0.0293889 0.000215444 0.000573516 0.00427681 0.00032438 0.0047698 0.000183678 0.000113536 2.71371e-05 0.00189765 0.00558917 0.000937583 0.113904 0.000880187 
0.00114333 0.00678806 1.42222e-10 0.0210708 0.0121842 0.525245 0.011189 0.00733259 0.000361617 2.77394e-08 3.89194e-07 0.121114 0.175661 0.0111436 0.00280901 1.31295e-08 0.00014998 0.0803958 0.00851405 0.00170388 0.011381 0.00181252 
0.00159507 0.0225544 1.33986e-08 9.7523e-05 0.000557597 6.05547e-06 0.003352 0.888441 0.00199741 0.000158628 0.000460318 0.0428049 2.63769e-06 0.000214679 0.000916561 1.63567e-06 1.68652e-07 8.87335e-05 0.000274037 1.95412e-05 0.0364567 6.65816e-07 
0.0927419 0.0989971 2.45255e-06 5.38589e-05 0.658941 0.000543903 0.011448 0.00097571 0.00664094 1.22296e-05 4.25704e-05 0.00047634 0.000276743 0.0163263 0.00788662 0.000632387 0.000380507 0.000187357 0.0156359 0.00428694 0.0751641 0.00834712 
0.00114333 0.00678806 1.42222e-10 0.0210708 0.0121842 0.525245 0.011189 0.00733259 0.000361617 2.77394e-08 3.89194e-07 0.121114 0.175661 0.0111436 0.00280901 1.31295e-08 0.00014998 0.0803958 0.00851405 0.00170388 0.011381 0.00181252 
0.00114333 0.00678806 1.42222e-10 0.0210708 0.0121842 0.525245 0.011189 0.00733259 0.000361617 2.77394e-08 3.89194e-07 0.121114 0.175661 0.0111436 0.00280901 1.31295e-08 0.00014998 0.0803958 0.00851405 0.00170388 0.011381 0.00181252 
0.132445 0.0367524 1.80354e-07 0.0959741 1.54845e-05 6.98564e-07 0.000700832 0.00672073 0.699123 4.74003e-07 2.38831e-07 0.00363199 9.16922e-07 0.00199731 1.6645e-05 3.71337e-07 6.80018e-06 2.16135e-07 0.00377547 5.96756e-05 0.0187776 3.19959e-07 
0.0102174 0.00329972 8.71715e-08 0.10689 0.0332519 0.002472 0.00124723 0.512675 0.0023116 1.31878e-05 0.0275299 4.03974e-06 0.070379 0.0157434 0.00927901 1.03581e-06 5.90734e-06 8.40736e-05 0.00453032 0.0909477 0.109098 1.90596e-05 
0.279484 0.0692143 1.31367e-09 5.2412e-05 6.46385e-05 8.63119e-07 5.44066e-07 0.140371 0.0156083 3.00793e-06 3.18761e-06 9.59161e-07 8.04816e-06 0.0138623 0.0494436 7.50073e-07 3.70961e-05 2.58351e-05 0.300652 8.82119e-06 0.131158 1.99991e-08 
0.0462283 0.107675 1.65081e-06 0.00902023 0.474395 0.021774 0.0280206 0.209976 0.00295646 1.15203e-05 7.58165e-05 0.0291715 6.61696e-05 0.0315744 4.73572e-06 0.0019683 0.00402631 0.000633128 0.000680831 0.000730997 0.030195 0.000814042 
0.00271099 0.0498369 5.18524e-07 0.000225337 0.614309 0.000126414 7.65525e-06 0.00258552 0.254042 1.33456e-06 0.000148897 1.4437e-05 2.75372e-06 0.000270063 8.63533e-05 1.9078e-05 3.6852e-05 6.51306e-07 1.12604e-05 0.0138301 0.0617324 9.27157e-07 
0.0363049 0.214092 0.000206601 0.0449492 0.00936553 0.274835 0.0790366 0.0783506 0.0632457 0.000842251 0.00088015 0.0122768 0.00886813 0.0188084 0.00432704 0.0021564 0.00234069 0.0028421 0.0340559 0.0014846 0.10847 0.00226132 
0.00812698 0.0124727 7.98253e-08 0.106827 0.0183479 0.00809869 0.0302398 0.00663823 0.00194845 5.57437e-07 0.000634197 0.784555 0.00308779 0.00293827 8.26375e-05 1.551e-05 6.59699e-07 0.000459457 0.00107543 1.71525e-07 0.0144066 4.30377e-05 
0.00271099 0.0498369 5.18524e-07 0.000225337 0.614309 0.000126414 7.65525e-06 0.00258552 0.254042 1.33456e-06 0.000148897 1.4437e-05 2.75372e-06 0.000270063 8.63533e-05 1.9078e-05 3.6852e-05 6.51306e-07 1.12604e-05 0.0138301 0.0617324 9.27157e-07 
0.0236688 0.0149536 2.88632e-07 0.509736 0.000782506 2.19434e-05 0.00476781 0.11958 0.0128761 9.31551e-07 0.197628 0.000143777 0.000284336 0.0410202 0.0160605 0.000482089 0.000861661 0.000146662 0.0486098 1.15573e-05 0.00824946 0.000114296 
0.0557516 0.0727838 4.32876e-11 0.0320922 0.00265214 0.000316975 0.00440042 2.54624e-07 0.552375 2.82963e-07 0.00115823 0.000618809 0.00346154 0.000944147 0.0111938 1.49274e-10 0.000413512 7.71648e-08 0.0131943 1.25144e-07 0.248643 6.82068e-11 
0.0262758 0.0132883 3.57835e-07 5.1743e-05 0.920309 6.8814e-07 0.00531918 0.008029 2.12072e-06 2.2579e-05 5.73606e-05 3.67276e-05 6.70694e-07 0.0194429 7.70929e-05 1.23397e-06 0.000814471 0.0024448 0.000113621 0.00284122 0.000842026 2.96523e-05 
0.065723 0.00538937 7.79971e-10 0.0263056 0.00956472 0.000325215 0.00183187 0.80941 0.0544143 2.65069e-09 5.83706e-06 4.8275e-06 6.58495e-05 0.00303834 0.000228854 2.68967e-09 3.80862e-07 1.37534e-07 1.54188e-06 0.000704692 0.0229859 1.22897e-09 
0.0117056 0.0137092 8.56426e-09 0.00634865 0.000273026 0.178634 0.000395194 0.672782 0.00144881 0.000937765 0.00582071 0.000283772 1.24088e-08 0.00216453 0.00204304 3.11943e-05 5.0545e-05 0.0699485 0.00187238 2.34722e-08 0.0315451 5.84807e-06 
0.0279269 0.000848655 1.81153e-08 0.00779321 0.934443 6.40761e-06 0.000198432 0.00918462 0.000177199 1.22696e-05 3.4378e-08 0.00242914 0.00243256 0.00663188 0.000506998 4.09157e-05 0.000538958 1.02874e-05 3.09189e-05 0.00314873 0.00363917 2.85436e-08 
0.0115209 0.104342 1.15963e-08 0.383649 4.52011e-06 0.000375533 0.00700692 0.314972 0.00318831 1.41624e-06 5.96735e-05 0.00138751 1.25987e-05 0.000594063 0.00112126 0.00609026 0.000150809 0.00101997 0.0565786 0.00368889 0.104235 2.1662e-07 
0.0263058 0.645659 3.19868e-10 0.0133678 0.0939451 9.06067e-05 0.000135178 0.0995183 0.016585 6.13709e-07 0.00714429 0.000474657 0.0021351 0.00433725 0.000147533 7.4075e-07 0.00312784 0.000133376 0.00221394 2.22543e-06 0.0846748 9.25981e-07 
0.00271099 0.0498369 5.18524e-07 0.000225337 0.614309 0.000126414 7.65525e-06 0.00258552 0.254042 1.33456e-06 0.000148897 1.4437e-05 2.75372e-06 0.000270063 8.63533e-05 1.9078e-05 3.6852e-05 6.51306e-07 1.12604e-05 0.0138301 0.0617324 9.27157e-07 
0.0177636 0.0100886 4.04647e-09 2.75613e-07 0.678443 1.24311e-06 0.0059651 0.00822385 4.72021e-06 1.37517e-08 7.67911e-09 0.279346 4.45932e-06 6.40121e-07 1.27604e-05 1.3954e-08 4.55517e-09 2.48718e-07 5.2755e-06 9.63494e-05 2.42394e-05 1.97955e-05 
0.0226059 0.815538 1.64836e-11 1.01676e-06 0.010248 0.000315219 1.40766e-07 0.100698 1.09739e-06 6.1066e-07 0.00313164 3.75462e-07 5.56427e-08 0.00325708 0.0135245 5.68426e-11 1.85559e-11 6.98235e-08 4.26853e-07 3.23634e-08 0.0306776 5.19711e-08 
0.065723 0.00538937 7.79971e-10 0.0263056 0.00956472 0.000325215 0.00183187 0.80941 0.0544143 2.65069e-09 5.83706e-06 4.8275e-06 6.58495e-05 0.00303834 0.000228854 2.68967e-09 3.80862e-07 1.37534e-07 1.54188e-06 0.000704692 0.0229859 1.22897e-09 
0.0769929 0.0135482 2.98166e-05 0.0284587 0.452254 0.00435251 0.00796913 0.103265 0.00208643 0.000263131 0.000233777 0.171336 3.66157e-05 0.0519967 0.000773437 0.000657108 8.72982e-05 0.000384071 0.00408347 0.0250735 0.0552112 0.000907746 
0.0557516 0.0727838 4.32876e-11 0.0320922 0.00265214 0.000316975 0.00440042 2.54624e-07 0.552375 2.82963e-07 0.00115823 0.000618809 0.00346154 0.000944147 0.0111938 1.49274e-10 0.000413512 7.71648e-08 0.0131943 1.25144e-07 0.248643 6.82068e-11 
0.0557516 0.0727838 4.32876e-11 0.0320922 0.00265214 0.000316975 0.00440042 2.54624e-07 0.552375 2.82963e-07 0.00115823 0.000618809 0.00346154 0.000944147 0.0111938 1.49274e-10 0.000413512 7.71648e-08 0.0131943 1.25144e-07 0.248643 6.82068e-11 
0.000818029 0.00245043 9.64138e-12 0.002238 0.000273547 0.000176825 0.0241633 0.908049 0.00298875 0.000619888 0.00156198 0.000284405 2.53537e-07 0.000571676 0.00204479 0.00117645 7.40314e-07 0.0483008 0.00161474 1.05106e-11 0.00266547 1.3116e-06 
0.0117056 0.0137092 8.56426e-09 0.00634865 0.000273026 0.178634 0.000395194 0.672782 0.00144881 0.000937765 0.00582071 0.000283772 1.24088e-08 0.00216453 0.00204304 3.11943e-05 5.0545e-05 0.0699485 0.00187238 2.34722e-08 0.0315451 5.84807e-06 
0.0207222 0.101537 0.000950324 0.0590443 0.0121329 0.00857706 0.226563 0.253762 0.0549448 0.00427621 0.000960197 0.0241735 0.00479396 0.0147955 0.00256885 0.00558503 0.00158497 0.0117827 0.0438902 0.0220159 0.1232 0.00214042 
0.0340038 0.681731 1.12289e-11 0.0211395 0.00514417 0.000496931 0.0154578 0.0361481 0.0238184 1.20567e-07 1.7168e-07 0.000280804 1.09984e-08 0.00671785 0.00361709 3.87221e-11 0.0065028 0.000307291 0.0204341 6.39701e-09 0.0621272 0.0820724 
0.0330753 0.869049 5.05609e-10 3.49357e-06 0.00230981 7.98265e-05 0.0237964 7.46459e-05 0.0564385 4.26692e-06 0.000430824 4.02021e-06 0.000177576 1.25027e-05 0.000127914 5.21255e-08 1.78202e-05 5.91943e-08 0.00118838 6.01434e-07 0.013209 7.96671e-10 
0.345051 0.0509703 1.28003e-08 0.250585 0.238599 0.000635495 7.70423e-07 0.0361801 0.0496569 4.35011e-08 0.0190784 1.61971e-08 2.13268e-06 0.00404059 1.9064e-06 4.41408e-08 1.44095e-08 0.000112418 7.36293e-06 0.000237019 0.00483787 3.48994e-06 
0.00159507 0.0225544 1.33986e-08 9.7523e-05 0.000557597 6.05547e-06 0.003352 0.888441 0.00199741 0.000158628 0.000460318 0.0428049 2.63769e-06 0.000214679 0.000916561 1.63567e-06 1.68652e-07 8.87335e-05 0.000274037 1.95412e-05 0.0364567 6.65816e-07 
1.53043e-06 0.000310076 3.25062e-10 2.72567e-06 0.0001244 0.000119059 6.9197e-06 8.40875e-06 1.75138e-06 4.02352e-07 8.60167e-07 2.69623e-05 4.21257e-07 1.86592e-07 6.58373e-07 2.95195e-08 3.65927e-10 1.26862e-07 4.62712e-06 3.54368e-10 1.06906e-06 0.99939 
0.00721788 0.466617 0.000106664 0.0153886 0.00987951 0.00874156 0.0162674 0.313867 0.006526 0.0018782 0.00370108 0.00636168 0.000601081 0.00742361 0.00279529 0.00228167 0.000167281 0.00653411 0.00806854 0.000228952 0.115148 0.000198197 
0.00705548 0.684032 4.44166e-05 0.0325018 0.0240247 0.0356432 0.0146921 0.0734523 0.0196711 7.60143e-05 0.00100093 0.0185241 0.000399838 0.00350157 0.00197952 0.00589432 0.000598381 0.000779435 0.0328001 9.07425e-05 0.0197949 0.0234425 
0.0183369 0.187244 3.36144e-06 0.00549125 0.371236 0.0100785 0.0133079 0.129022 0.00886831 8.67357e-06 0.000378174 0.205063 0.000181885 0.0167267 0.00494796 0.000118168 0.00142349 0.00018939 0.00828168 0.00479382 0.0142859 1.31148e-05 
0.0549934 0.00525412 3.92558e-08 1.32473e-05 0.821072 0.000120985 0.0043675 0.000434396 0.0146779 0.000113042 0.0188144 1.50479e-05 3.78633e-05 0.0356673 1.63287e-06 3.37969e-06 1.14612e-05 9.05292e-07 2.13899e-05 4.27949e-08 0.0442063 0.000173884 
0.212587 0.00235731 9.29608e-11 0.164957 5.08151e-07 6.11886e-07 1.02259e-05 0.260103 3.84242e-07 1.10576e-05 2.18771e-06 1.90572e-06 1.74237e-10 0.0933904 1.25879e-10 3.20569e-10 1.04647e-10 0.00053389 9.74514e-07 7.39804e-06 0.266036 1.4794e-08 
7.91582e-06 1.14408e-05 1.42589e-09 0.00553927 0.825304 1.3289e-06 1.91108e-06 0.14107 1.02004e-05 4.84581e-09 2.70596e-09 3.97122e-06 2.67256e-09 0.0195766 3.08949e-05 4.91708e-09 1.60515e-09 4.90227e-07 0.00844114 1.55444e-09 8.01929e-07 2.24673e-09 
0.0240337 0.205387 0.000660861 0.0558325 0.012632 0.001367 0.00643549 0.114507 0.0200077 0.00581741 0.00926439 0.00241841 0.000923761 0.026541 0.246441 0.0021556 0.0361795 0.00748362 0.155418 0.00112765 0.0594727 0.00589367 
0.0638819 0.054913 5.81398e-12 0.0107673 0.0700818 0.00104163 0.00664254 0.154635 0.00686251 0.00228492 0.000194723 1.65536e-07 0.00406803 0.0319282 0.0130412 0.000479771 0.00375544 0.00234169 0.000236353 0.437397 0.135446 2.19952e-08 
0.00812698 0.0124727 7.98253e-08 0.106827 0.0183479 0.00809869 0.0302398 0.00663823 0.00194845 5.57437e-07 0.000634197 0.784555 0.00308779 0.00293827 8.26375e-05 1.551e-05 6.59699e-07 0.000459457 0.00107543 1.71525e-07 0.0144066 4.30377e-05 
0.000774531 0.0102308 7.33007e-11 9.97418e-07 0.809891 0.0062015 0.000797938 0.00148723 3.35361e-07 2.49109e-10 3.14683e-07 0.00130612 6.79185e-08 0.000199166 0.000814161 1.06449e-08 0.000135159 1.72375e-05 0.00905982 7.99093e-11 1.64484e-05 0.159067 
0.0557516 0.0727838 4.32876e-11 0.0320922 0.00265214 0.000316975 0.00440042 2.54624e-07 0.552375 2.82963e-07 0.00115823 0.000618809 0.00346154 0.000944147 0.0111938 1.49274e-10 0.000413512 7.71648e-08 0.0131943 1.25144e-07 0.248643 6.82068e-11 
0.00159507 0.0225544 1.33986e-08 9.7523e-05 0.000557597 6.05547e-06 0.003352 0.888441 0.00199741 0.000158628 0.000460318 0.0428049 2.63769e-06 0.000214679 0.000916561 1.63567e-06 1.68652e-07 8.87335e-05 0.000274037 1.95412e-05 0.0364567 6.65816e-07 
0.00135218 0.000464425 8.73621e-09 0.0189073 0.393991 4.35756e-06 7.80434e-06 0.293892 0.00306169 0.0213456 8.76301e-06 1.75956e-05 0.000177737 0.00268142 0.000236545 3.01262e-08 9.83449e-09 0.000174046 0.00830861 0.0100808 0.24528 7.27635e-06 
0.16566 0.0309711 2.1722e-05 0.0130884 0.0863165 0.000398438 0.000393121 0.439547 0.0261762 3.54943e-05 0.00320799 0.000832948 0.00193818 0.0245053 3.28575e-05 2.86139e-05 0.000331803 0.00372091 0.0052405 0.0259535 0.148995 0.0226051 
0.125239 0.00359906 1.54422e-06 0.0548556 0.34829 0.000827776 0.000569144 0.133917 0.00289855 0.000363208 0.000780255 0.00139527 0.0587032 0.223993 0.0147911 3.22648e-05 2.23669e-05 0.000114699 0.00685112 0.00709091 5.24418e-06 0.0156603 
0.0236688 0.0149536 2.88632e-07 0.509736 0.000782506 2.19434e-05 0.00476781 0.11958 0.0128761 9.31551e-07 0.197628 0.000143777 0.000284336 0.0410202 0.0160605 0.000482089 0.000861661 0.000146662 0.0486098 1.15573e-05 0.00824946 0.000114296 
0.0199203 0.0389465 2.00589e-08 0.0550472 0.000187383 5.2973e-05 0.000169678 0.62656 0.0271242 0.000185611 0.00646358 0.000146422 1.78188e-05 0.00424601 0.0109221 6.44854e-05 3.6977e-07 0.0679256 0.0111428 4.187e-08 0.130876 4.51425e-07 
0.142464 3.21691e-06 3.14245e-10 1.42741e-06 0.813674 8.00171e-07 5.39319e-06 1.87582e-07 2.19896e-07 1.06795e-09 2.26674e-06 0.0431465 5.88993e-10 1.42954e-06 4.25522e-10 1.08365e-09 1.73373e-06 0.000693692 2.75612e-06 4.7995e-07 6.34025e-07 1.13932e-06 
0.0661874 0.0487739 1.54728e-05 0.022697 0.564928 0.00827706 0.0239165 0.105603 0.00312832 3.84651e-05 0.000521975 0.0412145 0.000448334 0.0104688 0.0829798 0.000685305 0.000549 0.000143552 0.00501248 0.000342971 0.012031 0.00203742 
0.0354511 0.0503171 1.92316e-08 0.00548907 0.78703 0.00101456 0.000144593 0.00895182 0.00152875 4.87461e-05 9.95149e-08 0.0407559 4.09489e-07 0.0436721 2.22814e-05 1.29669e-05 0.00223391 0.00205012 6.67351e-05 1.611e-05 0.00174678 0.0194473 
0.0109503 0.0061527 2.86693e-07 0.122875 0.00387479 7.1144e-05 0.00117202 0.696621 0.00359532 0.000124073 0.00324013 0.00209421 7.72299e-05 0.00653989 0.034691 0.000247515 0.000235006 0.0126856 0.0345589 0.000873302 0.0593185 2.47301e-06 
0.00166374 0.0219979 1.1616e-08 0.000471961 0.000557536 9.62574e-06 0.00344101 0.884509 0.00139639 0.000158565 0.000460227 0.0398455 2.62718e-06 0.000214662 0.00091644 1.62864e-06 1.65515e-07 8.86754e-05 0.000273994 0.000204579 0.0437854 6.62452e-07 
0.00116867 0.015405 1.03177e-05 0.0303658 0.00230496 0.00113981 0.0127773 0.809381 0.0626488 0.00205589 0.000231355 0.00365207 0.000230685 0.00308021 0.000275948 0.00444769 0.000158987 0.000297328 0.0299896 0.0037419 0.0165988 3.81546e-05 
4.70151e-06 1.96628e-06 1.53484e-09 0.395567 4.03621e-07 2.84799e-06 0.081361 0.0127707 0.0506803 3.76661e-06 0.0609005 5.86155e-07 0.000280369 6.18405e-06 2.58846e-06 0.000650075 0.000120869 8.20126e-05 0.396476 9.8017e-05 0.000989821 3.39274e-07 
0.000460762 0.865978 1.44662e-10 7.6819e-06 0.0346314 5.64985e-07 2.67271e-05 0.000151786 0.00764618 2.01117e-06 0.000104188 9.20213e-06 6.46598e-06 2.58691e-05 0.000262986 2.36233e-07 3.80157e-05 3.9929e-07 0.00239117 1.30842e-06 0.0882554 2.27939e-10 
0.0101347 0.00153483 8.75007e-10 8.95172e-05 0.0658132 8.97453e-05 0.0313204 0.700359 0.0176235 0.0238955 0.000788917 0.00126463 9.38713e-07 2.88579e-05 0.00102895 8.81202e-06 6.26194e-07 0.0889173 0.00719726 0.0498007 8.64315e-05 1.59515e-05 
0.175423 0.0711674 5.04487e-09 4.9288e-05 0.647941 0.0394205 0.0603453 3.94342e-05 1.65724e-05 1.71447e-08 1.55528e-05 5.37104e-05 0.000401297 0.000540705 1.19042e-05 5.30927e-07 6.60369e-06 6.83812e-07 5.43298e-05 5.4997e-09 1.06224e-06 0.00451102 
0.00159507 0.0225544 1.33986e-08 9.7523e-05 0.000557597 6.05547e-06 0.003352 0.888441 0.00199741 0.000158628 0.000460318 0.0428049 2.63769e-06 0.000214679 0.000916561 1.63567e-06 1.68652e-07 8.87335e-05 0.000274037 1.95412e-05 0.0364567 6.65816e-07 
0.000232955 0.0574398 9.9048e-07 0.0156011 0.112074 6.92853e-05 0.0350708 0.0105739 0.000188087 3.36609e-06 0.00443373 1.25332e-06 1.85647e-06 0.00205741 0.737523 3.4156e-06 1.115e-06 4.16743e-05 0.00453329 1.07978e-06 0.0191983 0.000949778 
0.00166374 0.0219979 1.1616e-08 0.000471961 0.000557536 9.62574e-06 0.00344101 0.884509 0.00139639 0.000158565 0.000460227 0.0398455 2.62718e-06 0.000214662 0.00091644 1.62864e-06 1.65515e-07 8.86754e-05 0.000273994 0.000204579 0.0437854 6.62452e-07 
0.0342011 0.468345 9.28256e-09 6.72612e-06 0.00239376 1.70862e-06 0.00439858 8.75661e-05 0.45316 1.19716e-05 0.000277147 1.01719e-05 0.000209996 1.801e-05 0.000164785 8.91032e-07 0.0334269 1.20702e-06 0.00125965 1.01194e-08 0.00202378 1.46262e-08 
0.0441154 0.139484 1.91196e-07 0.0218021 0.0774154 6.37128e-05 0.0333692 0.257477 0.00872217 0.00102533 0.00214014 0.00525769 0.0154059 0.0208254 0.0206382 0.000668501 0.00205994 0.00253466 0.000617089 0.126876 0.219457 4.48729e-05 
0.114773 0.685218 1.20308e-08 0.0049607 0.00990434 1.13419e-05 0.000136674 0.0429996 0.00627667 2.74844e-05 0.00352124 0.00106783 9.04393e-07 0.000727631 0.00051406 4.14872e-08 2.52302e-05 3.18715e-06 0.00268023 9.31942e-05 0.127058 8.75865e-07 
0.0571651 0.183236 5.23126e-05 0.0119215 0.298035 0.00060072 0.00105524 0.109432 0.0147133 0.000370241 0.000122834 0.000845826 0.0324322 0.00152843 0.00145359 5.85088e-05 6.28727e-05 5.42633e-05 0.0464708 0.0175323 0.0351423 0.187714 
0.0264543 0.0335436 2.24559e-07 0.0585171 0.677837 3.38402e-06 1.16234e-05 0.031566 0.000196569 6.37267e-05 0.00155356 0.000217683 4.20893e-07 0.000186812 0.000319138 1.64763e-05 2.52789e-07 0.0928731 0.000175283 0.00242522 0.0740376 7.31436e-07 
0.00114333 0.00678806 1.42222e-10 0.0210708 0.0121842 0.525245 0.011189 0.00733259 0.000361617 2.77394e-08 3.89194e-07 0.121114 0.175661 0.0111436 0.00280901 1.31295e-08 0.00014998 0.0803958 0.00851405 0.00170388 0.011381 0.00181252 
0.000109556 7.62933e-05 1.14808e-07 0.298399 0.351962 0.000977369 0.000250479 0.0385404 0.0106046 0.00343351 2.17875e-07 0.000988026 8.86684e-05 0.0621038 8.92204e-06 9.86248e-05 0.000190064 0.000875794 1.03358e-05 0.231239 4.20638e-05 1.80899e-07 
0.00115958 0.014947 1.18601e-08 0.000916824 0.000398361 4.33394e-06 0.0200519 0.884524 0.00485216 0.000113379 0.000328917 0.0281977 1.89739e-06 0.000369522 0.00102325 1.17738e-06 1.24494e-07 6.34558e-05 0.000195796 0.00382934 0.039021 4.79906e-07 
3.72919e-06 0.0377983 1.97467e-08 0.00554918 0.736233 0.0139966 0.000651998 5.96906e-05 0.00498618 6.7108e-08 0.000504641 3.75237e-05 5.33012e-07 0.000308002 1.78857e-06 1.44142e-07 3.80082e-07 0.000112663 0.018291 2.1527e-08 1.74731e-06 0.181462 
0.0557516 0.0727838 4.32876e-11 0.0320922 0.00265214 0.000316975 0.00440042 2.54624e-07 0.552375 2.82963e-07 0.00115823 0.000618809 0.00346154 0.000944147 0.0111938 1.49274e-10 0.000413512 7.71648e-08 0.0131943 1.25144e-07 0.248643 6.82068e-11 
0.0330753 0.869049 5.05609e-10 3.49357e-06 0.00230981 7.98265e-05 0.0237964 7.46459e-05 0.0564385 4.26692e-06 0.000430824 4.02021e-06 0.000177576 1.25027e-05 0.000127914 5.21255e-08 1.78202e-05 5.91943e-08 0.00118838 6.01434e-07 0.013209 7.96671e-10 
0.00166374 0.0219979 1.1616e-08 0.000471961 0.000557536 9.62574e-06 0.00344101 0.884509 0.00139639 0.000158565 0.000460227 0.0398455 2.62718e-06 0.000214662 0.00091644 1.62864e-06 1.65515e-07 8.86754e-05 0.000273994 0.000204579 0.0437854 6.62452e-07 
