0.0146461 0.0453637 0.000260269 0.0348602 0.0271462 0.0107916 0.00617383 0.268366 0.0637873 0.00106309 0.00249311 0.00780426 0.000526509 0.0961933 0.00271524 0.00152799 1.77146e-05 0.0677249 0.00788124 4.88946e-06 0.340651 1.6838e-06 
0.0129459 0.0995036 6.81287e-05 0.00265857 0.0331323 1.31833e-05 1.90022e-05 0.00129327 0.0254819 1.76066e-06 7.57704e-09 1.08935e-05 0.000928447 0.00140917 4.7321e-10 8.80508e-07 1.63633e-06 5.12742e-05 9.95722e-05 0.000219549 0.822156 5.13317e-06 
0.132945 0.0220888 0.023456 0.0635275 0.0617479 0.000172819 0.0147712 0.152002 0.0194265 6.33454e-05 0.00147333 0.000205786 0.00104765 0.121442 1.18799e-07 3.71577e-05 0.00289171 0.00024749 8.67442e-05 0.00820728 0.374159 2.73453e-08 
0.225029 0.0095103 0.000113919 0.00665446 4.2118e-08 8.28439e-10 0.00232823 0.0032419 0.237593 8.90522e-09 1.30182e-08 0.000342209 8.92821e-13 0.0044969 1.77389e-08 1.64265e-12 5.73236e-08 5.54019e-08 5.07332e-05 5.19292e-13 0.510639 7.50562e-13 
0.01701 0.206381 3.75451e-05 0.00446176 0.00211448 3.72905e-06 0.0372841 0.00625414 0.23321 3.37505e-05 0.000746122 0.000198976 0.000220154 0.0097811 0.00238901 4.36108e-06 0.0033411 0.00184434 0.0137608 3.49772e-05 0.460888 2.09686e-07 
0.0758859 0.0472044 0.00415463 0.186302 0.0102488 0.00610382 0.00669331 0.0383895 0.0680357 0.000164608 0.0171098 0.0039655 0.000552497 0.0789301 0.00439519 0.00015729 0.00356147 0.0114473 0.0389172 0.00517307 0.392593 1.47437e-05 
0.027664 0.0773476 0.00593353 0.0791986 0.00558803 0.00650276 0.0110292 0.165876 0.0449974 0.00034764 0.0040377 0.0132857 0.00186608 0.0406825 0.00312019 0.00102747 0.00526191 0.0147898 0.057845 0.00548048 0.428108 1.0875e-05 
0.261952 0.0150836 5.89193e-05 0.02626 0.00155894 1.46987e-08 1.44107e-07 0.022137 0.104568 4.11207e-05 0.000183286 0.000948024 5.04263e-08 0.0242193 0.00012 1.48795e-06 9.14506e-05 0.000167154 0.00797426 2.95243e-08 0.534635 1.425e-08 
0.00119937 0.00286226 4.48744e-05 0.14906 0.0252552 1.1801e-05 2.74007e-05 0.0583994 0.000415249 0.000141177 0.00182731 1.83981e-05 0.000195964 0.00227025 0.000627389 0.000123131 5.15038e-05 0.0159293 0.000932183 0.00713858 0.733461 9.06525e-06 
0.0405656 0.0407254 0.00552875 0.264444 0.00837231 0.00213648 0.00832353 0.0904563 0.0442468 0.000294646 0.0121739 0.00492482 0.000717288 0.0323965 0.00588835 0.000917089 0.00493632 0.0143582 0.0874821 0.0572985 0.273581 0.000232425 
0.199039 0.0126638 0.0101478 0.0699891 0.0144986 2.57828e-05 0.000164228 0.0494237 0.0991613 3.92525e-05 0.00113491 0.000801287 0.000213502 0.0947238 0.00187989 4.30508e-06 0.000223459 0.00035504 0.0256713 0.00127724 0.418563 3.00792e-07 
0.0288017 0.0160545 0.0732026 0.0364063 0.0114572 6.84855e-08 0.00556043 0.0473873 0.0275564 0.00173692 0.00205318 0.00300551 1.37561e-05 0.245811 6.84575e-08 0.00018469 0.0177739 0.0176512 0.00292457 0.00224581 0.460172 6.84494e-08 
0.0868605 0.0404958 0.00375353 0.16195 0.00327633 0.000164092 0.0259272 0.0793592 0.0219841 7.29138e-05 0.000310396 0.0144828 0.000970548 0.0434434 0.00284531 3.95106e-05 0.00175496 0.032815 0.0508338 0.0415152 0.387145 7.89645e-10 
0.0141626 0.0410337 0.0595262 0.197828 0.000791839 0.00016927 0.000778741 0.0474951 0.000433444 5.98667e-07 0.00086961 0.111925 2.74301e-07 0.0163263 2.81377e-11 3.62132e-06 0.000173125 9.60969e-05 0.000119192 1.5123e-06 0.508266 1.47375e-09 
0.0238073 0.0865233 0.00225914 0.0132906 0.016324 6.0084e-05 0.000262516 0.0190124 0.0172388 0.00112853 0.000509137 0.00848936 0.00115256 0.0327039 0.004862 9.20803e-06 0.0045534 0.016609 0.0066899 0.002961 0.741487 6.68304e-05 
0.206771 0.02192 0.0170908 0.0185846 0.0486585 0.00020485 0.00398332 0.0257974 0.0797914 0.000282301 0.00469283 0.00897541 0.000488329 0.203967 0.0205839 5.57115e-05 0.0488031 0.0387439 0.0120387 0.00242748 0.236128 1.08088e-05 
0.00595976 0.0177329 0.0016399 0.0125474 0.000780386 1.42078e-05 6.07353e-05 0.0311893 0.0351548 0.000244168 0.000538978 7.58569e-05 1.12798e-05 0.0199694 0.000191546 9.37888e-10 0.000366256 0.00658994 0.0219611 0.00124004 0.843732 1.07535e-12 
0.16081 0.0663185 0.00391904 0.0701713 0.000305786 0.000120734 0.081481 0.0650198 0.225557 0.00115955 0.000146775 0.000649326 0.000483723 0.0154192 0.0010693 9.02991e-06 0.00118754 0.00220618 0.0236371 0.00104599 0.279227 5.65094e-05 
0.00967101 0.00875937 0.00264033 0.00722658 0.00503433 1.18862e-06 0.00123588 0.0152631 0.0676013 0.000349569 0.000741446 4.27828e-05 6.57772e-05 0.0852343 0.00193126 3.90077e-07 0.00744562 0.0144476 0.00695377 0.000503936 0.764849 1.34133e-06 
0.0624296 0.0185616 0.03615 0.071801 0.00509482 2.02591e-05 0.0132798 0.0464789 0.262579 6.38446e-05 0.000741256 0.00143847 9.97741e-05 0.0247642 0.000814637 1.44739e-05 0.00232596 0.0328673 0.0115894 0.00320126 0.40524 0.00044443 
0.0335811 0.0232437 0.0265149 0.0187034 0.00108772 8.42346e-05 0.030317 0.0924611 0.163949 0.000182523 0.00780668 0.00508468 0.0685088 0.0818466 0.0201498 7.45498e-07 0.00212366 0.0691004 0.0721496 0.0179482 0.265153 3.02539e-06 
0.0553796 0.207555 0.0070193 0.0291004 0.0400861 0.00559425 0.0233667 0.132907 0.0230647 0.0009029 0.000338992 3.57387e-06 0.00011354 0.107768 1.36975e-05 7.42717e-06 0.0156512 0.00107009 0.0104817 9.85039e-05 0.339477 8.63876e-07 
0.0810134 0.0318451 0.00632312 0.0959574 0.00497531 0.0119397 0.0419514 0.0633808 0.222372 0.000765408 0.00107312 0.0111989 0.00235655 0.043141 0.0163848 4.54604e-05 0.00125758 0.0195538 0.0100127 0.00595162 0.327293 0.00120834 
0.0220677 0.0219824 0.0056989 0.0801201 0.0964885 0.00541477 0.00244923 0.244377 0.0249372 0.000648233 0.00271467 0.00872448 0.00386161 0.0385639 0.0021644 0.000689093 0.000362423 0.0224556 0.00438537 0.0528181 0.359074 2.30417e-06 
0.0109159 0.0035501 0.0179801 0.0391001 3.00545e-05 1.85783e-10 0.000898405 0.0015544 0.128503 3.37188e-06 0.0017769 1.74146e-05 3.31382e-06 0.0266955 0.0561539 1.20571e-05 0.000342351 1.44435e-05 0.0140466 0.00354411 0.694858 1.22321e-08 
0.0354041 0.0115314 1.11717e-06 0.0237093 0.0175862 2.04383e-08 0.0155492 0.190827 1.33652e-07 9.02045e-08 0.000374867 0.0194868 1.22078e-06 0.219833 1.41498e-12 0.000140164 3.05374e-07 1.02754e-07 2.31554e-08 7.8505e-05 0.465476 1.6465e-12 
0.0910272 0.1046 0.0072761 0.01737 0.00908667 3.88437e-05 0.00789322 0.0104488 0.0500774 0.000172866 0.000491529 0.000381247 0.000782445 0.0815504 0.00764267 8.59986e-05 0.00920348 0.0189219 0.0204579 0.0033444 0.559141 5.35227e-06 
0.0071822 0.0972969 0.0011275 0.0214719 0.000399607 9.54512e-06 0.0213468 0.154719 0.137483 6.72611e-06 0.00187449 0.000236864 0.000250108 0.0076797 0.00306345 2.67253e-06 1.20214e-05 0.0157451 0.179392 0.00107213 0.349628 6.84492e-08 
0.0183166 0.101242 0.00204398 0.0971458 0.00914514 0.00788391 0.00947558 0.112922 0.0664308 0.000258123 0.00118496 0.00267653 0.000646452 0.0241428 0.00677543 0.000552773 0.000914531 0.0112682 0.0267954 0.0072633 0.492886 2.94596e-05 
0.0356042 0.0307026 0.00107177 0.0112398 0.00636316 8.89976e-07 0.000836171 0.0207749 0.392941 5.49751e-06 0.000184006 0.000104402 3.36976e-06 0.0296844 0.0603315 7.3041e-06 0.00500116 0.00239674 0.000662876 1.98238e-05 0.402024 4.00161e-05 
0.0380833 0.214444 0.00023269 0.084787 0.00037399 4.881e-06 7.19531e-05 0.00548969 0.0438887 4.13937e-05 0.0438723 0.00105715 4.36357e-05 0.0316437 0.00533231 9.22849e-07 0.00536353 0.0331511 0.0971893 0.000236913 0.394692 1.48984e-07 
0.0103763 0.0543928 0.0277646 0.0286871 0.00298697 0.00401079 0.0101901 0.175395 0.0655272 9.78861e-05 0.00184723 0.0009985 0.000389471 0.0356867 0.00152373 0.000377528 0.000296987 0.00957409 0.00585257 0.0133649 0.550659 9.05937e-07 
0.00514527 0.262604 0.00396072 0.163359 0.0113278 0.000115128 0.00140155 0.0893238 0.00762348 0.000241161 0.00102216 0.0373338 0.000128477 0.0346209 0.00166962 2.96786e-05 0.00176853 0.00142186 0.054299 0.00459046 0.318006 8.08836e-06 
0.0174527 0.0365152 0.00151634 0.0151186 0.0287714 3.60496e-05 0.0566557 0.0104604 0.201272 0.00178053 0.00111509 0.000711401 0.00109018 0.055774 0.0058435 4.43627e-10 0.00586221 0.00159584 0.0023165 0.000577363 0.555525 1.02853e-05 
0.168619 6.73301e-05 0.066586 0.0388937 0.000329188 8.79466e-08 0.000505172 0.00777323 0.187973 0.000271591 1.6024e-05 1.0663e-05 1.23773e-05 0.107383 0.00249503 4.77492e-05 0.000477235 0.00456783 0.0609516 0.0678296 0.28519 1.55243e-08 
0.0479535 0.0749829 0.00530438 0.0536425 0.0032882 0.00171261 0.0147039 0.0439518 0.130065 0.000228019 0.00396642 0.00244716 0.000634327 0.043502 0.0334101 0.00312588 0.00301972 0.00868267 0.0677429 0.00384207 0.452796 0.000997647 
0.0135359 0.0316621 0.00783959 0.0504384 0.0129354 2.39005e-05 0.0162808 0.10853 0.00984807 0.00216958 0.0182942 0.00210626 0.00165806 0.0418374 0.0269258 4.84453e-05 0.00727114 0.00084903 0.00222016 0.259004 0.386444 7.82733e-05 
0.0344849 0.268877 0.000317999 0.0348303 0.000478954 0.000133222 0.0670214 0.0377314 0.126237 1.27744e-05 0.00037127 0.000200142 6.12474e-05 0.0119545 0.00158082 5.00172e-06 0.029858 0.0116627 0.0124977 5.07988e-05 0.36163 3.32895e-06 
0.141672 0.0108761 0.0130483 0.128619 0.188923 3.12907e-06 0.0196434 0.0897919 0.0201741 0.000152055 0.00522862 0.00390404 0.0096672 0.0866703 0.00123957 2.1802e-08 0.0190148 0.000699625 0.00150233 0.0383532 0.220816 1.33432e-09 
0.090442 0.00586582 0.00107241 0.149585 0.000580806 4.91703e-05 0.00308969 0.0161716 0.0712908 0.000152889 0.00540522 0.000545372 4.20784e-05 0.0505289 0.00191759 1.21567e-05 0.00368855 0.00010432 0.0393773 0.000886048 0.559192 7.03812e-09 
0.0128376 0.0410408 0.00802877 0.205434 0.00333393 0.000975465 0.00950283 0.151395 0.0733775 0.000606929 0.00191066 0.00493014 0.000509386 0.0421084 0.0131989 5.20181e-05 0.00387045 0.0171179 0.0328114 0.00325803 0.37342 0.000280393 
0.040467 0.00566155 0.00517306 0.00662166 0.00244058 4.04061e-06 0.0011948 0.0143873 0.0321941 1.78689e-05 2.29971e-05 0.000213013 7.89692e-05 0.0278099 2.15061e-13 1.86205e-09 0.089807 0.0152156 0.000172683 0.00031879 0.758199 2.0648e-11 
0.0252188 0.0324217 0.00135741 0.010675 0.0148561 4.11114e-06 0.00246383 0.00803621 0.260902 6.27094e-05 0.0105396 0.00434949 0.00101096 0.0144966 0.00225793 0.000113268 0.00085926 0.127839 0.144484 0.000104496 0.337948 7.62575e-10 
0.0576927 0.00846874 0.00756414 0.00181 0.121929 1.99667e-05 0.117364 0.00663908 0.215416 0.000517781 2.71886e-05 0.000117498 0.000103069 0.0679015 0.000213184 0.00017332 0.0354248 0.0392058 0.00127252 0.000133325 0.317947 5.97392e-05 
0.100472 0.00683243 0.0908481 0.0298478 0.0119 5.09213e-07 0.000129868 0.0571069 0.043624 8.83773e-05 0.000330475 7.15107e-05 2.47947e-08 0.137741 5.34802e-05 7.98618e-05 0.00924359 0.00385334 0.0206838 0.000555162 0.486537 2.73585e-11 
0.0690072 0.0314969 3.42241e-07 0.138565 5.7065e-11 5.12134e-11 0.0285819 0.12186 0.133565 3.76136e-07 3.52137e-05 1.13768e-05 1.54597e-10 0.00738652 0.0257886 2.51168e-07 1.81356e-06 6.07163e-06 0.0629182 6.54426e-07 0.380774 9.44451e-08 
0.0959489 0.00300448 0.000323963 0.259081 0.000162389 3.37736e-05 0.0474183 0.00774326 0.0343028 1.3452e-05 0.000661493 0.00879223 0.0516029 0.0106087 0.00024856 0.00013867 1.82604e-05 0.00364793 0.00423353 0.0120209 0.459995 2.75061e-08 
0.0343333 0.0229 0.000185566 0.286798 0.00523771 2.69573e-05 8.46785e-05 0.0677751 0.0290421 0.000268223 0.000687285 0.00666509 0.000512906 0.0208103 0.000221623 0.000775568 6.97182e-05 0.0069266 0.0113436 0.0165116 0.488823 2.67832e-07 
0.0092133 0.0146695 0.00264075 0.0019562 0.0047692 3.28986e-06 0.0622752 0.00499797 0.10598 7.31616e-09 7.61668e-05 0.000115983 0.000535189 0.00336303 0.00529548 5.77551e-12 0.0116637 8.88418e-05 0.000128394 1.85362e-05 0.772209 1.51626e-09 
0.0407485 0.016456 0.0286966 0.12939 0.0293524 7.30337e-05 0.0466595 0.127045 0.153 0.000764464 0.000648484 0.0021099 0.000127114 0.0808583 0.00667016 0.000335036 0.00157854 0.0158281 0.00975744 0.0799087 0.22929 0.000703196 
0.276714 0.019732 0.00021222 0.0101137 0.00179897 1.69555e-05 0.00186872 0.00861689 0.0933431 8.12055e-09 0.000155561 0.000942508 0.000108708 0.0033895 1.41196e-12 1.07652e-08 0.00855994 1.93825e-08 6.06697e-05 1.62313e-08 0.574366 1.64299e-12 
0.0469155 0.00531597 0.0250705 0.141822 0.00186511 9.98448e-08 4.13094e-05 0.0783629 0.234724 6.24657e-05 0.000425028 0.00256082 3.93647e-05 0.0709613 0.00387687 2.382e-05 0.00973077 0.000533372 0.000611452 0.000715589 0.376341 8.22561e-10 
0.0115542 0.0155446 0.000528846 0.0107314 0.000435899 4.2281e-06 0.000305291 0.0201982 0.0659853 2.50095e-05 5.7061e-05 0.000134623 1.61907e-05 0.0462199 3.49894e-08 6.9768e-06 0.00360754 0.075266 0.000306115 0.00015895 0.748914 3.3972e-08 
0.0233668 0.0235736 0.00202751 0.0121897 0.0435838 7.35745e-06 0.00116195 0.0084203 0.237227 3.6616e-06 4.86571e-05 8.56798e-05 0.000158883 0.00832355 3.57022e-06 7.58556e-06 0.0399277 0.00326769 0.00281751 2.53884e-05 0.593772 9.26823e-11 
0.0642954 0.221942 0.000710796 0.0256993 0.109311 4.18664e-05 5.65403e-05 0.176187 0.0626612 0.000163317 0.000277997 0.00189621 8.29505e-05 0.0598212 0.000126948 3.45755e-05 0.00224563 0.00292195 0.000922715 0.00117097 0.269428 2.62382e-06 
0.0321894 0.00226534 0.000831928 0.114708 0.00324268 6.00008e-05 0.0471502 0.0407488 0.0269938 0.000160113 0.00135256 0.000331226 0.000570501 0.0300168 0.0743191 0.000146523 0.000233952 0.00440321 0.0216512 0.0052273 0.593388 8.86072e-06 
0.114494 0.0041953 0.00123752 0.0395949 0.0155476 7.58628e-06 2.90693e-08 0.0638631 0.0358554 7.09582e-09 0.000338644 0.00287483 0.000559325 0.00723051 4.71141e-13 1.19983e-12 4.33741e-07 0.000398132 2.8009e-05 0.00259894 0.711176 2.74662e-10 
0.0571524 0.00365159 9.2571e-12 0.403516 0.00158728 5.74777e-12 8.58719e-07 0.0380619 0.0116215 7.89119e-05 0.00482469 1.76392e-06 0.014146 0.000355753 0.0100735 4.01746e-07 1.04209e-11 0.00421835 0.00396489 0.0216265 0.425089 2.82556e-05 
0.0278619 0.000814597 0.00147328 0.142871 0.000489086 8.73751e-05 0.209016 0.0103667 0.196803 4.54026e-06 0.000515101 0.000784502 0.00357854 0.00360013 0.0102575 3.37783e-05 0.000320069 4.31041e-05 0.0417955 0.00200431 0.347281 1.58833e-11 
0.151772 0.0210348 0.0197156 0.0399809 0.0017103 2.36429e-05 0.0477969 0.00753804 0.0656386 0.0120467 0.00128284 0.000680803 1.19864e-05 0.0654953 0.000106493 2.95733e-05 0.0208717 0.00053043 0.0421216 0.00239542 0.499146 6.99088e-05 
0.0533744 0.0473301 0.0288747 0.0356557 0.0112175 1.86986e-05 0.00432679 0.0141237 0.0417782 0.000662415 0.0123247 0.000958177 0.000109714 0.0991797 0.0214684 5.2027e-06 0.00512604 0.0220084 0.0453907 0.00184733 0.55421 9.36e-06 
0.0645429 0.028199 0.00477998 0.0462263 0.022843 0.00232709 0.012965 0.0788378 0.109529 0.000387055 0.00201657 0.0119552 0.0148757 0.0681705 0.0155603 5.72494e-05 0.00621611 0.00863905 0.00595493 0.00469663 0.49113 9.10741e-05 
0.0415674 0.163518 0.0019449 0.0415264 0.00391729 0.000113121 0.080177 0.11374 0.0825637 0.000452789 0.0019591 0.000330538 0.000255733 0.0937053 0.00355486 0.000641074 0.00352348 0.0277268 0.0119516 0.00079205 0.326034 5.56408e-06 
0.26656 0.00813347 0.000531571 0.303136 0.00879235 2.63898e-06 2.06743e-06 0.0476345 0.011546 9.28067e-06 0.0138044 0.00184372 0.000175299 0.00105365 0.000184878 2.75811e-07 5.04305e-09 5.97438e-06 8.29135e-05 0.00203003 0.334468 2.91012e-06 
0.0133692 0.0012189 0.0043972 0.000722961 0.00372945 4.51843e-09 0.00366833 0.00724951 0.0803567 1.09943e-08 3.99293e-05 1.89248e-05 0.000171356 0.00593557 0.00111621 4.98395e-12 0.0158068 5.06836e-07 3.94422e-09 2.19752e-08 0.862198 1.48751e-09 
0.0123756 0.0676326 0.000450035 0.029096 0.0019049 3.15277e-05 0.000408457 0.129973 0.0459605 0.000109562 0.000322977 0.00026144 5.61809e-05 0.0369752 6.84987e-05 1.52805e-06 0.0056866 0.0236796 0.000397346 0.000367034 0.644239 1.56828e-06 
0.0267339 0.0421956 0.000271449 0.0308664 0.00734285 7.65226e-05 0.0249438 0.0354325 0.147939 6.89481e-05 0.0015182 0.00152117 0.000411185 0.00696282 0.00207214 8.16059e-06 0.00710345 0.00982512 0.00678207 0.00574225 0.642183 1.41127e-08 
0.152069 0.0199924 0.00560412 0.0433873 0.0695839 4.4824e-05 0.0202278 0.0415208 0.0656586 0.00308389 0.00151165 0.00145228 2.56208e-05 0.0533969 0.00183755 1.1245e-05 0.00335857 0.00793951 0.00437559 0.000484231 0.503287 0.0011474 
0.118597 0.0657193 0.00844893 0.158816 0.0202922 1.22658e-05 1.18719e-05 0.139431 0.0157624 1.50948e-06 0.000730975 0.00129479 0.00022929 0.0417218 0.000311879 0.000861512 0.000195593 0.00195279 0.0274259 0.0244463 0.373737 4.10376e-08 
0.00649981 0.00445097 0.0037626 0.00215546 0.00515608 2.94728e-06 0.000155609 0.0312403 0.0437889 0.000156191 0.000433975 8.90901e-05 7.73505e-05 0.124283 1.28547e-05 9.6274e-07 0.0183635 0.0257636 0.000336465 0.000851768 0.732419 4.0056e-08 
0.0513462 0.0442862 0.0178715 0.113393 0.0156367 0.000897481 0.0213465 0.0249096 0.247313 0.000187637 0.00142956 0.00450446 0.000125546 0.047772 0.0035153 0.000146253 0.0107322 0.02565 0.0313536 0.00743646 0.330082 6.57766e-05 
0.0528021 0.0105529 0.011018 0.00824654 0.00916247 1.1882e-08 0.000118962 0.0353508 0.00735306 0.00243364 0.000602116 0.0162469 1.67446e-07 0.204455 9.67799e-08 3.48891e-05 0.00187123 0.027172 0.000205479 3.99738e-05 0.612334 2.17593e-09 
0.0847955 0.115414 4.22397e-05 0.0167175 0.00301482 0.0345886 0.161401 0.0542182 0.169117 5.52178e-05 0.000288237 0.0724988 0.00164955 0.02152 1.7231e-08 0.00805931 0.0415284 0.0265236 0.00534808 5.11556e-05 0.183169 8.23445e-10 
0.0508998 0.109917 0.0164602 0.0750035 0.0883126 0.000154603 0.00823358 0.0698232 0.0185766 0.000122923 0.0218642 0.00141239 0.0343243 0.0361653 0.0211745 2.37951e-06 7.15826e-05 0.0206717 0.0412196 0.0857353 0.299851 2.88898e-06 
0.0105486 0.380551 0.0015969 0.00942089 0.0234178 2.26815e-08 0.000504845 0.0802477 0.0200062 8.38316e-07 0.00687976 0.000650547 1.45942e-07 0.0349909 0.00982106 0.000187819 0.00121996 0.000743219 0.00597449 0.000234725 0.413002 5.11623e-08 
0.05226 0.115923 0.0129323 0.0175577 0.234321 0.000149499 0.00493078 0.0304733 0.0627195 0.000437725 0.0130225 0.0039255 0.0135267 0.0778096 0.023381 1.39966e-06 0.00261982 0.045387 0.0279995 0.00807522 0.248881 0.00366597 
0.206079 0.014274 0.00120251 1.96365e-06 2.20092e-06 7.65117e-05 1.10779e-07 0.103356 0.0354961 1.58747e-07 9.88916e-05 1.40699e-11 2.08408e-11 0.160589 1.50566e-11 4.98852e-08 0.0115802 0.00479194 5.74717e-07 6.46095e-07 0.462339 0.000111867 
0.0260392 0.103496 0.000358374 0.00894465 0.00221975 0.000147636 0.00531757 0.0250943 0.127969 0.000517804 0.000723171 0.0107429 0.000108578 0.0350616 0.000102044 3.03721e-06 0.00600711 0.0126788 0.00340977 5.31093e-06 0.631054 8.5041e-10 
0.0560363 0.10139 0.00647362 0.0838158 0.00688011 0.000102937 0.00225567 0.0321382 0.220067 6.89728e-05 0.000421059 0.000277621 0.00103661 0.0307765 0.000294198 2.25188e-08 0.00639726 0.000512992 0.0234908 0.000268486 0.427295 3.37129e-07 
0.0419359 0.00357123 0.00647082 0.0109513 0.137344 0.00117451 0.0607659 0.0404416 0.0928566 0.000209728 0.000228068 0.00147757 2.38353e-05 0.0390215 0.00223515 0.000375708 0.000595436 0.0086435 1.10149e-08 0.0451286 0.506549 2.4027e-08 
0.0319078 0.250125 2.94692e-05 0.115802 0.000250642 8.21044e-05 0.0597386 0.0434458 0.150395 5.71953e-09 0.000736685 4.65132e-05 1.80174e-08 0.00369075 0.00832282 6.98089e-06 0.000747114 0.010438 0.033544 5.83998e-08 0.290687 3.28747e-06 
0.106908 0.0102558 0.0134963 0.204203 0.00266341 5.41036e-05 0.0152104 0.0166361 0.253925 0.0006297 0.000227063 0.000614107 0.00154965 0.0367652 0.00681428 8.6747e-05 0.0094056 0.0152384 0.00763646 0.00261336 0.295062 5.15846e-06 
2.72313e-05 2.72306e-05 2.72223e-05 0.133468 0.168835 2.72281e-05 0.00274971 0.10079 2.72327e-05 2.71862e-05 2.72088e-05 2.72184e-05 2.72093e-05 2.72345e-05 2.7217e-05 2.71855e-05 2.72205e-05 2.72317e-05 0.283216 2.72211e-05 0.310507 2.72138e-05 
0.0250102 0.0288184 0.00145357 0.00985776 0.0105532 1.6814e-05 0.0150164 0.00875154 0.309918 0.000557575 0.000757386 0.000609516 0.000964919 0.0503207 0.00239816 6.98867e-07 0.0114122 0.0193455 0.00473211 0.000639862 0.498863 2.39627e-06 
0.0147666 0.0357025 0.0013095 0.0541945 0.000116752 3.34522e-06 0.0133617 0.0330017 0.149957 8.85157e-06 0.000293381 0.00152174 0.000222396 0.00323651 0.0011521 0.000846404 4.84786e-05 0.012153 0.011995 0.000810853 0.665298 1.43362e-07 
0.127632 0.0286373 0.00182964 0.133974 0.0222217 0.0181492 0.00150086 0.0836036 0.03489 3.91841e-05 0.0023165 0.00237157 1.24707e-09 0.0804242 1.02801e-05 5.99769e-08 0.000226181 0.000582205 0.101003 0.00178866 0.358792 7.54641e-06 
0.237268 0.0322071 0.00383613 0.0663909 0.00928976 0.000977134 1.77607e-07 0.0217282 0.0523914 0.00212843 0.000727937 0.000976784 1.77505e-07 0.177795 0.000941224 0.000195262 0.00394242 0.00852746 0.0316021 1.77583e-07 0.348701 0.000372999 
0.013948 0.0315408 0.0849045 0.0159221 0.00287093 4.17861e-07 0.00140941 0.0204917 0.0314172 5.94034e-08 0.00139436 0.000174839 0.000411808 0.0408066 0.00155428 4.34135e-07 0.00542313 0.00528774 0.00348107 0.0195245 0.710843 0.00859358 
0.0910037 0.0333462 0.000682243 0.126615 0.00453241 3.26963e-08 0.0386372 0.0515111 0.129433 1.46774e-06 0.000595787 0.00103604 0.000850033 0.0128109 0.00237842 4.72977e-06 1.61828e-07 0.00123429 0.0433805 0.000641771 0.461304 2.34428e-10 
0.0365274 0.0147851 0.00845753 0.0962447 0.00287708 0.000446799 0.0199597 0.0850756 0.0185172 4.27591e-05 0.00668214 0.000876314 1.54275e-05 0.0584396 0.123412 0.00075269 0.00968303 0.0153659 0.0367715 0.0241643 0.374059 0.0668452 
0.00311968 0.00586397 0.000734906 0.0290546 0.00166417 5.99331e-06 0.040292 0.0102178 0.150787 5.13134e-05 0.000349656 3.09437e-05 0.000905127 0.00798251 0.0141507 1.95641e-08 5.09055e-05 0.000160184 0.0006282 0.000421351 0.733529 1.66966e-07 
0.0543588 0.0745578 0.00100114 0.0567791 0.0026479 1.51015e-05 0.00329088 0.0623596 0.0719611 0.000363175 0.00150723 0.00070961 0.000991719 0.0360226 0.00911996 0.000204472 0.000685555 0.0292891 0.108098 0.00188995 0.484147 1.54138e-07 
0.0230083 0.157691 0.00395904 0.0219515 0.0240381 0.00648104 0.0972506 0.0391051 0.20507 0.000171762 0.00159087 0.00319691 0.00418163 0.0213508 0.00140588 0.00302061 0.00353015 0.00858964 0.0145349 0.00208606 0.35775 3.60198e-05 
0.00800362 0.335188 0.00027422 0.0299334 0.000481075 3.82443e-06 0.00133509 0.0683034 0.0215438 1.03723e-05 0.0010383 0.000350413 0.00603701 0.00910687 0.0164145 5.23646e-05 0.00010786 0.0216103 0.0307529 0.0010083 0.448444 6.51468e-09 
0.199039 0.0126638 0.0101478 0.0699891 0.0144986 2.57828e-05 0.000164228 0.0494237 0.0991613 3.92525e-05 0.00113491 0.000801287 0.000213502 0.0947238 0.00187989 4.30508e-06 0.000223459 0.00035504 0.0256713 0.00127724 0.418563 3.00792e-07 
0.13995 0.0607729 0.000346482 0.0497169 0.00303341 0.00306017 0.0314242 0.113825 0.0578363 5.88774e-05 0.00130516 0.00456093 0.000198946 0.0252254 0.00128388 0.00383849 0.00454017 0.00286468 0.0276653 0.00218963 0.466304 2.3417e-08 
0.0624219 0.0567853 0.00344409 0.0406839 0.00159504 4.18013e-05 0.0191161 0.0473772 0.202687 0.00025553 0.0480754 0.00923638 3.19268e-05 0.0594495 0.00472079 9.83823e-05 0.00302897 0.127852 0.0539136 2.90104e-05 0.259148 8.8685e-06 
0.0278542 0.30729 0.000501812 0.0612827 0.00207191 0.000154938 0.000788306 0.0447135 0.132313 3.38851e-05 0.00950243 0.00303518 0.00116456 0.0170095 0.00199137 2.41439e-05 0.000261017 0.00973146 0.0618305 0.000519119 0.317927 1.30297e-10 
0.0454708 0.0454696 0.0454558 0.0454731 0.0454637 0.0454655 0.0454601 0.0454739 0.0454732 0.0453955 0.0454333 0.0454493 0.0454341 0.0454762 0.0454469 0.0453943 0.0454528 0.0454715 0.0454681 0.0454538 0.045477 0.0454415 
0.0685959 0.00342184 0.218448 0.19684 0.00652642 1.49838e-06 0.00810023 0.00706307 0.0561146 0.000576294 0.00500473 0.00669145 0.000443519 0.134615 0.000706353 0.000276468 0.0015574 0.0187596 0.0237844 0.00214999 0.240322 2.08344e-06 
0.0634856 0.0163354 0.00569599 0.0997852 0.00554181 0.00251645 0.00727811 0.0470279 0.0422972 0.000356826 0.00353375 0.00111031 0.00222422 0.0398655 0.00603194 7.25257e-05 0.00313161 0.0207425 0.0123397 0.0289048 0.591694 2.87535e-05 
0.0256845 0.0421643 0.00155346 0.0798578 0.0133589 5.94596e-05 0.0128341 0.229623 0.116498 1.24055e-05 0.00408972 0.00140541 0.000179023 0.0206783 0.00286497 3.03923e-06 0.000131384 0.0102559 0.064107 0.00760403 0.367032 4.1979e-06 
0.0173553 0.00376759 0.00810811 0.0233034 0.0567516 0.000113751 0.0350298 0.0050004 0.12832 0.000155746 0.00135101 0.00337169 0.00102462 0.0151584 0.00477644 0.000841224 0.000152795 0.0238193 0.00848076 0.0205732 0.641481 0.00106352 
0.0427124 0.0148256 0.00109727 0.367772 0.0328929 2.71549e-06 0.0174279 0.0319909 0.00281762 9.51483e-08 0.00657739 0.00170057 0.00103719 0.00151633 2.50458e-07 9.52375e-08 5.77569e-06 0.000681733 0.000268763 1.8911e-07 0.476672 3.1516e-10 
0.00925169 0.124553 0.00023477 0.0223278 0.00152734 0.0197797 0.00845318 0.025935 0.0616819 8.95866e-06 0.000467845 0.00152353 0.000354287 0.0123681 0.00108679 1.09526e-05 7.12924e-05 0.0107411 0.00234291 0.000248024 0.697032 9.61545e-11 
0.0730143 0.104857 0.0027579 0.0166363 0.0121096 5.06472e-06 0.000614028 0.0464078 0.0706379 1.50647e-05 0.000591954 0.00402308 6.94651e-05 0.0125374 3.15863e-06 8.20033e-06 0.000217264 0.000316639 0.0010918 0.000856245 0.653228 2.06552e-06 
0.15948 0.133472 0.0015136 0.00793859 0.00254329 4.34104e-06 0.000469413 0.00674737 0.202551 2.1129e-05 0.000315235 0.00105913 5.05649e-05 0.0634396 0.000452202 0.00217132 0.00468156 0.113473 0.00108076 0.000140913 0.298396 9.84057e-10 
0.0594992 0.000481637 0.00714999 0.000662082 0.0882133 5.84249e-08 0.166543 0.00392183 3.47745e-07 0.018955 1.04661e-08 0.000254362 1.6403e-08 0.101272 0.00544821 1.34757e-07 9.13527e-08 0.0207835 0.000112246 0.00152561 0.524883 0.000293799 
0.0172513 0.010045 0.00814126 0.0185426 0.0108778 4.37301e-05 0.0079638 0.204327 0.0455928 6.00584e-05 0.00145897 0.00415187 0.00170697 0.0541245 0.000895336 0.0149344 0.00172397 0.0108795 0.00311877 0.0321392 0.552021 7.03844e-08 
0.0711548 0.0588103 0.0209116 0.101845 0.0569462 0.000119802 0.00100557 0.1523 0.00775166 0.000832585 0.00414618 0.020452 0.000198643 0.0537067 0.00120071 1.00015e-05 0.00148915 0.00927446 0.00219297 0.0304699 0.405149 3.19666e-05 
0.10257 0.0181486 0.00555891 0.253025 0.0161069 0.00388637 0.00947297 0.0709419 0.0583805 0.000675685 0.00164467 0.0127799 0.000386757 0.0668861 0.010604 0.00107954 0.00442549 0.0171485 0.00738793 0.00690295 0.330579 0.00140762 
0.0252119 0.0352445 0.00693157 0.267018 0.00374974 0.00208634 0.0202681 0.0639476 0.058213 0.000404627 0.00313358 0.00243849 0.00307987 0.0455945 0.0151129 0.000142672 0.00425372 0.0172068 0.0380365 0.0489308 0.338937 5.77577e-05 
0.199039 0.0126638 0.0101478 0.0699891 0.0144986 2.57828e-05 0.000164228 0.0494237 0.0991613 3.92525e-05 0.00113491 0.000801287 0.000213502 0.0947238 0.00187989 4.30508e-06 0.000223459 0.00035504 0.0256713 0.00127724 0.418563 3.00792e-07 
0.0483158 0.0405098 0.000845394 0.0667304 0.00203256 0.0344551 0.05347 0.0433706 0.156913 4.79513e-05 0.00174193 0.0019913 0.000975738 0.0289432 0.019151 2.10085e-05 2.16144e-05 0.0284488 0.0441824 0.000620168 0.427211 3.18304e-07 
0.0229759 0.00527726 0.0405724 0.169207 0.00246289 0.038091 0.000542299 0.0390448 0.140541 6.19444e-05 0.00110086 6.13589e-05 0.00362347 0.150162 0.0103229 1.47733e-05 0.000150946 0.0917399 0.014886 0.0766885 0.192453 1.97899e-05 
0.0577242 0.00598739 0.0027505 0.0893694 0.000213444 0.00208361 4.07198e-05 0.0552132 0.0389753 8.97154e-06 0.000204172 5.00285e-06 3.15444e-05 0.0254218 1.19775e-10 8.23835e-07 0.00267573 0.0110654 0.00963549 0.00337111 0.695222 4.0834e-08 
0.0495706 0.0131039 0.00182622 0.0106859 0.00685753 5.72874e-05 0.0189165 0.00896848 0.407258 0.000265617 0.000302551 0.000489718 0.000182734 0.0266916 0.0025904 8.1674e-06 0.00595015 0.00839442 0.0232587 0.00219726 0.412424 5.86941e-09 
0.021757 0.178204 1.6049e-08 0.0269962 3.20683e-05 1.83896e-12 9.02817e-06 0.00620423 0.0419115 1.00653e-11 0.000575023 3.65492e-05 2.28878e-07 0.000481328 0.0172618 9.39417e-05 1.53133e-08 3.5055e-05 0.0402247 3.22876e-12 0.666177 4.66671e-12 
0.0813577 0.00977589 0.0911705 0.0396586 0.00656943 7.805e-05 0.00161423 0.10252 0.127905 5.46843e-06 0.0346434 0.00520262 0.006291 0.150976 0.00307629 2.98991e-06 0.0128336 0.00455315 0.00144357 0.0939829 0.226339 5.62877e-08 
0.0938189 0.0202964 0.0234658 0.112841 0.141391 0.00033334 0.0716447 0.0296125 0.0484391 0.0144495 0.00295674 0.000957588 0.001086 0.121771 0.0210743 8.58637e-05 0.00970613 0.0326211 0.0156113 0.0424539 0.195135 0.000248674 
0.174206 0.00160038 0.180363 0.107284 0.00199956 1.17224e-05 0.000160157 0.160189 0.0433716 0.0003623 0.0025863 0.000482155 3.19008e-05 0.0712371 0.00136872 1.67446e-05 0.00970672 0.00441977 0.00212681 0.000926056 0.23755 2.99921e-07 
0.0333038 0.0471179 0.00299678 0.0281166 0.00973082 0.000320495 0.00886887 0.0278363 0.196129 0.000398744 0.00229907 0.000549388 0.0035684 0.101645 0.000845858 0.000157711 0.033501 0.0633087 0.0300977 0.00113852 0.408069 1.15663e-08 
0.199039 0.0126638 0.0101478 0.0699891 0.0144986 2.57828e-05 0.000164228 0.0494237 0.0991613 3.92525e-05 0.00113491 0.000801287 0.000213502 0.0947238 0.00187989 4.30508e-06 0.000223459 0.00035504 0.0256713 0.00127724 0.418563 3.00792e-07 
0.0859334 0.050685 0.000162752 0.00987857 5.99105e-06 4.20931e-07 0.00840154 0.0041408 0.290611 1.39976e-05 0.000827563 0.000702416 1.45419e-06 0.00974861 0.000229428 1.49564e-05 0.00235672 0.00370244 0.0867916 0.000104513 0.445686 1.82505e-10 
0.175745 0.0187595 0.0093924 0.0395309 0.0114045 0.00274114 0.00267959 0.0521666 0.203792 0.000627546 0.0008704 0.0138241 0.00309455 0.0513807 0.00775965 0.000137467 0.00350153 0.00449908 0.0282485 0.0180501 0.351703 9.15658e-05 
0.0377611 0.00892364 0.000194531 0.0171064 0.0024562 2.26689e-08 0.0041555 0.00685102 0.127961 4.63546e-05 0.000261672 0.00190555 0.000114968 0.0129946 0.00343906 2.30909e-09 0.000101112 0.00239235 0.0160936 0.000161355 0.75708 1.1641e-07 
0.000551237 0.000200925 0.00208259 0.0432251 0.00180751 1.99826e-07 0.012989 0.00193592 0.0200062 1.11316e-05 0.00514491 3.46668e-06 0.0552248 0.0108895 0.0632889 4.35562e-06 5.73117e-05 0.000155244 0.0122633 0.0336003 0.736558 5.26365e-07 
0.199039 0.0126638 0.0101478 0.0699891 0.0144986 2.57828e-05 0.000164228 0.0494237 0.0991613 3.92525e-05 0.00113491 0.000801287 0.000213502 0.0947238 0.00187989 4.30508e-06 0.000223459 0.00035504 0.0256713 0.00127724 0.418563 3.00792e-07 
0.0252328 0.00726594 0.00268496 0.011213 0.000657514 7.76595e-07 4.99484e-05 0.00482072 0.12925 3.04064e-05 3.75515e-05 8.71623e-06 7.57173e-06 0.0621541 8.27876e-10 1.94502e-06 0.0461219 0.0485463 0.000419399 5.7077e-05 0.66144 3.99174e-10 
0.0256506 0.0772556 0.030136 0.0316061 0.00852389 0.00319149 0.0139879 0.0446032 0.0817759 0.000382151 0.00322462 0.00667 0.00336327 0.0422774 0.00155254 0.000102292 0.00367763 0.0117048 0.0142605 0.00732916 0.588616 0.00010902 
0.00909839 0.0342409 0.00200841 0.0156425 0.00033986 2.19216e-08 7.33165e-05 0.0292012 0.116742 2.81264e-08 9.60596e-05 1.72411e-07 2.48175e-08 0.00662747 2.58451e-07 6.53167e-08 9.87368e-08 5.38434e-07 0.000769753 0.0323057 0.752853 1.74125e-09 
0.0192233 0.0490006 0.00716948 0.0762089 0.00898822 0.00422612 0.00865315 0.313834 0.0672841 0.000176376 0.000832598 0.00489542 0.000918508 0.0268453 0.00372253 0.00109123 0.00394705 0.0062021 0.0158784 0.015048 0.36567 0.000184032 
0.00587879 0.0138406 0.00661755 0.0854585 0.00664144 1.94807e-06 0.00542665 0.0835103 0.185066 1.02514e-05 0.00181483 0.000907109 0.000608615 0.0376253 0.01149 6.99134e-05 0.00370237 0.000349502 0.0231614 0.00984602 0.517973 5.36034e-09 
0.0277298 0.00677679 0.0167029 0.0218559 2.47683e-07 1.32865e-12 0.00241481 0.0414293 0.0112491 1.84722e-07 0.0015352 1.18872e-07 8.06167e-10 0.070876 8.11625e-09 1.99312e-08 6.25348e-07 2.10422e-07 0.000730284 7.65179e-08 0.798698 3.37172e-12 
0.0092133 0.0146695 0.00264075 0.0019562 0.0047692 3.28986e-06 0.0622752 0.00499797 0.10598 7.31616e-09 7.61668e-05 0.000115983 0.000535189 0.00336303 0.00529548 5.77551e-12 0.0116637 8.88418e-05 0.000128394 1.85362e-05 0.772209 1.51626e-09 
0.00776185 0.0910963 0.000921261 0.0140636 0.00152609 0.0243291 0.0487377 0.0587659 0.014035 0.000178457 0.000672476 0.00772343 0.00362259 0.035847 0.00272728 1.84816e-07 0.000201978 0.0330893 0.00440895 0.00197929 0.648312 6.56744e-09 
0.00629513 0.0116229 0.000247827 0.0414721 2.36377e-07 6.23178e-09 0.00311647 0.0383718 0.0780798 1.51656e-08 0.000332969 0.000105788 0.00974266 0.0327679 0.0551352 2.49281e-08 9.26508e-07 8.00953e-05 0.000837543 5.5494e-05 0.721735 9.99277e-09 
0.0803015 0.0179837 0.000896433 0.0146557 0.00669693 7.80013e-07 0.00215161 0.0951249 0.0785731 1.29828e-07 0.0185828 0.00108833 0.000497515 0.0103328 0.0443336 6.42471e-06 0.0020082 0.000490049 0.0605711 0.0136658 0.552039 2.67837e-08 
0.00910761 0.016444 0.00014677 0.279314 0.000963997 3.59085e-12 6.89022e-06 0.0279687 0.00226715 3.03888e-08 0.033393 1.1496e-05 0.00045635 0.00674076 0.00133783 2.22755e-05 0.00152021 0.0270819 0.244214 0.00394872 0.345054 4.2377e-09 
0.0155193 0.026981 0.00154511 0.0293553 0.0114716 0.0272186 0.145521 0.138434 0.0207848 0.000111102 0.000479846 0.020493 0.000883368 0.0179276 0.00105242 2.5263e-05 0.000827002 0.00263214 0.0142358 0.000297031 0.524205 5.56952e-10 
0.0466105 0.0598421 0.0458729 0.0196933 0.00573546 4.51595e-07 4.51541e-07 0.152127 0.00989205 0.0060876 4.51275e-07 4.51434e-07 4.51283e-07 0.263884 0.00397287 4.50888e-07 0.00316073 0.0124661 4.51621e-07 0.0404531 0.330199 4.51357e-07 
0.0900295 0.0135988 0.00712736 0.00498544 0.124652 0.000147088 0.00586783 0.0615277 0.00475832 0.000735178 0.000868719 0.040868 0.00202013 0.227278 2.79608e-11 3.71357e-05 0.0016548 0.0396194 2.52193e-05 0.00247342 0.371726 3.40096e-07 
0.011786 0.0591435 0.0208301 0.110313 0.00501953 4.66365e-06 0.000218797 0.0762868 0.0629086 0.000126622 0.0106575 8.07157e-05 0.002495 0.0179689 0.00541468 9.55064e-06 0.000241343 0.00654784 0.00302448 0.0168923 0.59003 7.28248e-09 
0.037285 0.00853038 0.0117376 0.0595729 0.00330572 0.0246021 0.00386934 0.0308508 0.215317 0.000207128 0.00177357 0.0132526 0.000379351 0.0475887 0.0120143 0.00457542 0.00640938 0.00384023 0.0120268 0.00685301 0.495897 0.000110799 
0.0275212 0.00891309 0.0910637 0.0119706 0.0208613 0.000109469 0.00792143 0.0156717 0.0124508 0.0467011 0.000322108 0.00927678 0.00822508 0.0737208 0.00318143 8.61416e-05 0.00278959 0.0112361 0.00771982 0.0394418 0.600778 3.80093e-05 
0.151603 0.0632074 0.0104405 0.0898894 0.178949 0.000114528 0.011345 0.0111144 0.111177 7.76451e-05 7.2884e-05 0.000393182 0.00598075 0.0974617 0.0233723 1.86941e-05 0.0144862 0.00576729 0.000829779 0.0132753 0.210175 0.000249177 
0.0410068 0.0086884 0.00278843 0.00684292 0.00510819 4.0437e-05 0.0147971 0.0105251 0.139514 5.3008e-05 0.00864547 0.000667132 0.000302998 0.103427 5.25521e-10 1.22544e-06 0.0616698 0.0120456 0.000368837 1.15724e-05 0.583495 1.91794e-08 
0.0130837 0.0344682 0.363695 0.0252208 0.00946693 4.10636e-05 0.00761894 0.00691881 0.0724591 0.000747505 0.000134082 0.0104388 0.000516573 0.0507093 0.00435001 2.29661e-06 0.00135394 0.00874501 0.00768505 0.00720862 0.375002 0.000133975 
0.00928258 0.0557271 7.00403e-08 0.010045 1.08313e-07 2.13167e-12 1.87392e-07 0.0395028 0.0221315 1.16674e-11 3.84404e-07 4.40073e-07 6.43482e-12 1.13469e-07 9.14907e-07 1.26689e-07 1.07058e-07 3.53722e-08 2.31789e-07 0.00102412 0.862284 2.05615e-08 
0.0492419 0.0690836 0.0994706 0.230188 0.00665583 0.000109264 9.67878e-05 0.00721347 0.022128 1.00258e-05 0.000927204 0.0149001 2.4769e-07 0.0281981 0.00122327 3.60799e-06 4.6483e-07 0.000107808 0.0127471 5.80508e-08 0.457694 5.97653e-07 
0.0106843 0.00740841 0.00297968 0.00912718 0.00244717 1.77906e-05 0.00514908 0.153225 0.105735 0.000124452 2.59321e-05 0.000373192 1.8267e-05 0.0477664 0.000187963 0.1332 0.0031778 0.0421288 0.0561055 0.000675647 0.419434 7.72055e-06 
0.0448869 0.0266033 0.00912452 0.0254461 0.0061867 0.000330397 0.00112532 0.0198409 0.131089 0.000464058 0.00181285 0.000453412 0.000553975 0.12734 5.59671e-08 7.27288e-05 0.00613482 0.122808 0.00383559 0.000543018 0.471348 5.59605e-08 
0.0425253 0.250184 0.00309405 0.032623 0.0061646 0.00266986 0.0144784 0.0896814 0.021923 0.000836986 0.00255103 0.00280401 0.000471005 0.0298549 0.00172782 0.000275704 0.000704769 0.00241067 0.0378877 0.00427327 0.452848 9.91554e-06 
0.028622 0.13439 0.0300572 0.108147 0.00829516 0.0114869 0.0427359 0.044471 0.126484 0.000217586 0.00258998 0.00951827 0.0460468 0.048782 0.0239249 0.00027908 0.000316265 0.00673483 0.0476467 0.0137754 0.265478 6.80697e-07 
0.0598174 0.0406742 0.00589349 0.0560135 0.00704971 0.00543823 0.00663006 0.156837 0.166495 0.000534276 0.000981479 0.00622548 0.00436677 0.0524741 0.00936041 0.0126433 0.00197261 0.0609815 0.0338836 0.00660438 0.30511 1.39399e-05 
0.0433787 0.019535 0.00121054 0.0131141 0.00304169 2.21206e-09 0.000900126 0.0222796 0.19559 0.000328729 0.000274745 0.00020671 1.12039e-08 0.164356 8.17522e-13 2.7086e-09 7.44882e-08 0.00752848 0.00553066 6.38485e-09 0.522724 9.51284e-13 
0.00825571 0.00184613 0.000774146 0.0134432 0.00833875 2.41754e-05 0.0356927 0.00135375 0.0608444 0.000406234 0.000805936 0.00160094 0.0215627 0.256855 0.0211172 0.000619101 0.00766586 0.229887 0.0110203 0.00314895 0.314737 3.31224e-07 
0.157346 0.108644 0.000109202 0.0194756 0.0177045 0.000115717 0.000451721 0.130906 0.00847561 7.78245e-05 0.000891079 0.000467324 0.00086741 0.0783217 0.0316068 3.75592e-05 0.000964092 0.0162795 0.0012121 0.0715902 0.354456 2.32341e-09 
0.120989 0.250413 0.00387344 0.00540915 0.00307443 2.41723e-05 0.0064658 0.0736185 0.000433109 0.000257871 0.00136206 0.000360582 2.42956e-06 0.0307203 3.27565e-06 4.41631e-06 0.00143593 0.00568774 0.000150416 0.00372009 0.491994 2.89472e-07 
0.0389098 0.118127 0.0105224 0.058805 0.00660604 0.00259812 0.0786757 0.0576936 0.0697164 7.94904e-05 0.0910913 0.0122468 0.00708422 0.0353102 0.0146544 0.0019238 0.000918386 0.00404365 0.0323442 0.00315506 0.355492 3.25951e-06 
0.0295591 0.0388728 0.00409274 0.0746336 0.0254713 0.034092 0.0182978 0.289353 0.029279 0.0105312 0.000908759 0.0193863 0.00302894 0.0736765 0.00370539 0.00539062 0.00192112 0.0272346 0.00371889 0.0128472 0.29397 2.87901e-05 
0.0135582 0.00983392 0.0953244 0.000878406 0.0101498 3.37438e-05 0.00210988 0.0271367 0.00305954 0.00439233 0.000647363 0.00160894 0.000843795 0.0333591 0.00669648 1.54376e-07 0.00296061 0.00800183 0.000913853 0.000898383 0.777588 4.89795e-06 
0.0414062 0.0063251 0.00926937 0.00760301 0.09731 0.00603985 0.184241 0.0196926 0.0702196 0.00176697 0.000353748 0.00186904 0.000561349 0.125811 0.00526829 0.00250439 0.00520744 0.121827 0.00347026 0.00690748 0.279854 0.0024916 
0.0379081 0.00659316 0.00682357 0.00893578 0.0184399 5.3201e-05 0.0452848 0.0264002 0.049101 0.000196821 7.64975e-05 0.000112605 5.18072e-06 0.12035 7.34545e-05 4.96783e-05 0.00610658 0.0628689 0.00100511 0.00341684 0.606179 1.96521e-05 
0.0336709 0.0688902 0.00669363 0.0974297 0.00105844 2.51509e-05 0.00695547 0.135866 0.0229 0.00110772 0.045159 0.000213095 0.000141088 0.0213948 0.00749424 0.000127085 0.000494482 0.00609728 0.193064 0.00633631 0.344157 0.000724381 
0.00927614 0.172869 0.00533332 0.0789809 0.000839792 0.0354432 0.253698 0.0376063 0.0459627 0.000319076 0.00126564 0.00507447 0.00225319 0.0275112 0.00864441 6.64281e-05 0.00481005 0.0150855 0.0146291 0.00228878 0.277646 0.000397114 
0.081272 0.0452414 0.000229594 0.0862293 0.000195901 2.33449e-05 0.0262419 0.0217 0.284021 2.42267e-07 0.0013854 0.000207241 0.00090028 0.00355649 0.00099594 7.24159e-06 1.61969e-05 3.89277e-05 0.0831142 0.000310365 0.36431 2.72994e-06 
0.00515142 0.00821345 0.00357431 0.0129575 0.00298006 6.77015e-06 0.001669 0.044191 0.0170555 2.44354e-05 0.00293294 0.000118081 0.000400859 0.0283937 0.00311417 5.3592e-05 0.000660123 0.000701695 0.00217311 0.00216704 0.863461 3.80747e-07 
0.0120876 0.0457715 0.00364856 0.0236484 0.00509328 0.00330944 0.0981536 0.133499 0.0394009 0.00384673 0.000609596 0.035549 0.00189002 0.0311744 0.000645782 0.000486605 0.0046974 0.0127201 0.0120799 0.00409397 0.52759 4.87776e-06 
