0.0117691 0.0378366 0.000234959 0.0665025 0.000728532 0.0524865 0.0283387 0.0499961 0.114104 2.36565e-05 0.000536466 0.0036276 0.00124289 0.00602914 0.00262337 3.84446e-05 4.03273e-05 0.0075024 0.00807259 0.000872961 0.607393 1.17849e-10 
0.0324054 0.000336781 0.0363949 0.0520315 0.000448991 2.85025e-06 9.87248e-08 0.134806 0.00531894 2.37367e-05 4.17374e-07 4.50917e-08 1.07584e-07 0.0184697 3.96964e-07 1.46339e-07 0.00331667 0.00112286 0.010572 0.0104292 0.694319 4.23535e-10 
0.225029 0.0095103 0.000113919 0.00665446 4.2118e-08 8.28439e-10 0.00232823 0.0032419 0.237593 8.90522e-09 1.30182e-08 0.000342209 8.92821e-13 0.0044969 1.77389e-08 1.64265e-12 5.73236e-08 5.54019e-08 5.07332e-05 5.19292e-13 0.510639 7.50562e-13 
0.0214699 0.0562608 0.0042321 0.127774 0.00354146 0.00334396 0.0105752 0.23484 0.0941345 0.0003749 0.00448603 0.000983381 0.00316663 0.0555027 0.00291144 0.00145736 0.00145753 0.0168929 0.0562537 0.0625688 0.23757 0.000202265 
0.125607 0.00139989 0.0417623 0.24765 0.00442406 5.19507e-08 0.00183755 0.0231211 0.195372 1.26939e-07 3.95732e-05 0.00283397 0.000451937 0.0303534 4.03553e-10 1.27751e-06 0.00102104 0.000196919 0.0177454 0.0113567 0.294825 4.69582e-10 
0.01701 0.206381 3.75451e-05 0.00446176 0.00211448 3.72905e-06 0.0372841 0.00625414 0.23321 3.37505e-05 0.000746122 0.000198976 0.000220154 0.0097811 0.00238901 4.36108e-06 0.0033411 0.00184434 0.0137608 3.49772e-05 0.460888 2.09686e-07 
0.09422 0.0205696 0.00287553 0.0290289 0.0273005 0.0227273 0.0161886 0.0376566 0.0656773 0.000137234 0.00496916 0.00771361 0.00291154 0.109441 0.0014258 1.38605e-05 0.0215125 0.0220663 0.0250331 0.00138326 0.48714 8.36191e-06 
0.00385087 0.00609781 0.000202466 0.0215822 0.00135801 0.00147957 0.00181329 0.248933 0.0332548 3.90922e-05 0.00124894 0.000558828 4.27229e-05 0.0164125 0.000407603 0.000105372 0.00556736 0.0149547 0.00343362 0.00360765 0.63505 1.08254e-07 
0.16636 0.0126751 5.48863e-07 1.80347e-05 2.1298e-05 6.68084e-11 0.00932744 0.206309 3.03434e-06 3.65669e-10 2.06236e-08 1.36152e-10 2.22043e-07 3.67808e-06 4.08108e-07 2.26376e-06 7.18286e-06 0.00207817 5.58372e-11 1.17299e-10 0.603193 4.91833e-07 
0.0492419 0.0690836 0.0994706 0.230188 0.00665583 0.000109264 9.67878e-05 0.00721347 0.022128 1.00258e-05 0.000927204 0.0149001 2.4769e-07 0.0281981 0.00122327 3.60799e-06 4.6483e-07 0.000107808 0.0127471 5.80508e-08 0.457694 5.97653e-07 
0.0179529 0.00292105 0.0108337 0.0181113 0.00176117 6.84907e-08 0.00462866 0.0101491 0.0311286 5.08779e-05 0.000483945 1.47817e-05 0.00105307 0.335347 0.0558008 0.00426637 0.00536085 0.0901438 0.0119503 0.0130478 0.384978 1.57584e-05 
0.0448869 0.0266033 0.00912452 0.0254461 0.0061867 0.000330397 0.00112532 0.0198409 0.131089 0.000464058 0.00181285 0.000453412 0.000553975 0.12734 5.59671e-08 7.27288e-05 0.00613482 0.122808 0.00383559 0.000543018 0.471348 5.59605e-08 
0.0092133 0.0146695 0.00264075 0.0019562 0.0047692 3.28986e-06 0.0622752 0.00499797 0.10598 7.31616e-09 7.61668e-05 0.000115983 0.000535189 0.00336303 0.00529548 5.77551e-12 0.0116637 8.88418e-05 0.000128394 1.85362e-05 0.772209 1.51626e-09 
0.0625862 0.123244 0.00274662 0.220062 0.0278327 0.0518412 0.00945998 0.0701058 0.0205057 4.38794e-05 0.0032531 0.0036908 0.000318278 0.0351585 0.0134979 0.00126646 0.000161977 0.00635879 0.0150104 0.00439072 0.328464 5.61998e-07 
0.0730796 0.0178822 0.0214499 0.0731937 0.000723747 1.56672e-05 0.00157204 0.178302 0.0151575 0.000248247 0.000328616 8.5322e-06 0.000539088 0.00628483 0.00540287 0.00241553 0.000123167 0.0146352 0.00468038 0.0406163 0.543341 4.99486e-09 
0.0599272 0.0203449 0.0605463 0.109089 0.0671933 0.000268968 0.00220801 0.125092 0.0927513 9.50132e-05 5.92464e-05 0.000259235 0.00011521 0.209154 6.60014e-05 9.43912e-07 0.000423154 0.00023702 0.00367329 0.00202744 0.246468 4.96936e-08 
0.280334 0.0495811 0.00206249 0.0115024 0.044698 0.000335051 0.0221933 0.0216709 0.0199179 0.00124075 0.00927001 0.00553934 0.0298981 0.0864904 3.48517e-05 3.882e-05 0.0149788 0.0284876 0.000196848 0.003903 0.36759 3.56128e-05 
0.0333035 0.0134091 0.000837554 0.025664 0.14505 0.000318032 0.0282393 0.118685 0.0187031 5.91532e-05 0.000542631 0.000156412 8.01182e-05 0.0090609 0.00169431 0.00062389 0.000397302 0.00598872 0.0087123 0.0100403 0.578427 7.69924e-06 
0.0184768 0.0119753 0.00275581 0.090104 4.40416e-05 2.31396e-09 2.73159e-05 0.0334574 0.00524666 0.000144445 4.61872e-05 1.11625e-05 1.01379e-10 0.0218877 0.000164854 5.39798e-07 4.35057e-05 0.00232644 0.00450246 0.000922249 0.807863 9.16616e-11 
0.0288017 0.0160545 0.0732026 0.0364063 0.0114572 6.84855e-08 0.00556043 0.0473873 0.0275564 0.00173692 0.00205318 0.00300551 1.37561e-05 0.245811 6.84575e-08 0.00018469 0.0177739 0.0176512 0.00292457 0.00224581 0.460172 6.84494e-08 
0.00708761 0.0120678 0.000202585 0.0108514 0.00248541 2.38549e-05 0.0168635 0.0105744 0.187509 3.07916e-05 6.80525e-05 0.000246515 3.41359e-05 0.0470965 0.00215761 8.65332e-05 0.0071353 0.0396832 0.0187616 0.00343777 0.633596 1.34205e-09 
0.0610261 0.0032568 0.00536298 0.0182013 0.0041759 4.72937e-05 0.0126212 0.0512474 0.301438 2.03855e-05 0.000277534 0.000356008 0.000510443 0.0853913 0.000262271 6.34973e-06 0.000887255 0.00460424 0.046382 0.000342858 0.403582 1.00879e-06 
0.0192208 0.0125033 0.00273387 0.102447 0.00427889 0.000204459 0.0105061 0.130675 0.0130296 4.37769e-05 0.0033156 0.0156905 0.0016819 0.0502173 0.0287094 4.2579e-05 0.000441263 0.0288355 0.0155838 0.000377488 0.559176 0.000286901 
0.0797608 0.0130016 0.00241782 0.0101623 0.052111 0.000280312 0.00217131 0.0127088 0.213675 0.000303676 0.000257096 0.0114337 0.000686987 0.147706 0.000669448 1.18094e-08 0.0043477 0.0490688 0.00725428 0.00519967 0.386773 1.03872e-05 
0.00277273 0.0275612 0.000408033 0.00994496 0.00535763 0.120923 0.0078946 0.283086 0.00167491 0.000273398 0.000387278 0.0226717 0.0438442 0.0288952 0.000110012 9.95293e-06 0.00324459 0.0179566 0.00454739 0.00700346 0.411433 1.80955e-10 
0.0371934 0.0191591 0.00794298 0.121055 0.0612735 2.32356e-06 0.0232452 0.00113078 0.0904267 0.000169937 0.000233078 1.03627e-06 0.00236774 0.0530582 7.91359e-06 1.41696e-09 3.02138e-06 0.000280981 0.00218274 3.50186e-05 0.580224 7.04391e-06 
0.0561411 0.00491696 0.000662441 0.107269 0.0036561 5.36407e-08 0.00408304 0.000807255 0.378481 8.94852e-05 4.05233e-07 0.000493698 0.000112198 0.0179832 0.00013529 1.96103e-09 0.00350205 0.00690298 0.00117754 0.00942679 0.404141 1.84139e-05 
0.0157972 0.00531199 0.00665148 0.0433252 0.000142599 1.99018e-11 0.000144692 0.0232492 0.00567678 4.52131e-05 0.00121332 0.000152395 2.36027e-09 0.0345906 0.000403756 0.000164783 0.00115514 0.00137749 0.0010473 0.000822964 0.858728 4.94019e-08 
0.226993 0.0519663 0.0010535 0.064292 0.00694637 0.000518641 0.0012552 0.0183609 0.0295758 0.000373674 0.0319099 0.0344989 0.00168165 0.0891766 0.00314 2.0034e-07 0.0106115 0.0565944 0.00651869 0.0757965 0.288726 1.00693e-05 
0.0167498 0.0482971 0.000466152 0.0061226 0.0467251 1.03003e-05 0.00102858 0.0379962 0.0495285 0.000107632 0.00914353 0.000708525 0.000300923 0.0187557 0.00105796 2.96526e-06 0.00491246 0.0052581 0.000480848 0.00195838 0.750386 2.65863e-06 
0.0220677 0.0219824 0.0056989 0.0801201 0.0964885 0.00541477 0.00244923 0.244377 0.0249372 0.000648233 0.00271467 0.00872448 0.00386161 0.0385639 0.0021644 0.000689093 0.000362423 0.0224556 0.00438537 0.0528181 0.359074 2.30417e-06 
0.0133878 0.0990377 0.00139258 0.0810825 0.00143325 7.25106e-06 0.00118841 0.128078 0.0184067 9.11794e-05 0.00343311 0.000506481 0.000166987 0.0206017 0.00177349 5.37095e-05 0.00242278 0.029611 0.150851 0.00338481 0.443089 3.93484e-08 
0.0394744 0.0649894 0.00210581 0.0647843 0.0203611 0.000142825 0.0317459 0.0799191 0.133752 0.00297603 0.0149595 0.000832136 3.4848e-05 0.061568 0.00250823 0.00121465 0.000546553 0.0139546 0.0107661 0.00364167 0.449721 1.67677e-06 
0.0656943 0.0921895 0.000495103 0.0607019 0.0067995 1.3032e-06 0.001015 0.114583 0.0343238 5.42663e-06 0.0392789 0.000979967 5.73837e-05 0.00638952 0.00746489 0.000125732 0.000449717 0.00173774 0.010554 0.0119776 0.545175 1.9117e-07 
0.0183166 0.101242 0.00204398 0.0971458 0.00914514 0.00788391 0.00947558 0.112922 0.0664308 0.000258123 0.00118496 0.00267653 0.000646452 0.0241428 0.00677543 0.000552773 0.000914531 0.0112682 0.0267954 0.0072633 0.492886 2.94596e-05 
0.0215123 0.0396609 0.0019329 0.0428279 0.0397676 0.00931128 0.0344682 0.0562355 0.228118 0.000426865 0.00598308 0.0181584 0.00465462 0.0287571 0.00738299 0.00157879 0.00136867 0.0359783 0.0288291 0.0031791 0.389868 4.01898e-07 
0.134535 0.00900142 0.0161288 0.00969263 0.0112755 1.03866e-05 0.000430404 0.00239913 0.0443763 0.00012471 3.26071e-08 5.1087e-05 5.23187e-05 0.0418287 4.07441e-05 2.30173e-08 0.0320619 0.000911638 0.000113252 6.22005e-05 0.696904 1.5587e-08 
0.038526 0.117654 0.0239545 0.151002 0.00702099 0.00119579 0.0071386 0.154498 0.0940946 0.000350617 0.00346641 0.00119391 0.00136866 0.0645398 0.0174724 0.000392818 0.00455961 0.0151764 0.0935245 0.023368 0.178814 0.000688591 
0.10002 0.0167315 0.0229362 0.0164602 0.0034989 0.0241802 1.67498e-05 0.0582638 0.0673221 0.000159887 0.00273006 0.000178546 4.72382e-08 0.128617 7.15186e-13 1.55225e-05 0.0185338 0.00562276 0.00353663 0.000756253 0.53042 1.22023e-09 
0.169494 0.0701558 0.00914517 0.155098 0.00848497 0.0333022 0.0256506 0.0307698 0.154833 0.00123656 0.00127958 0.0181854 0.0094483 0.0555125 0.00177643 0.000600249 0.00397449 0.0308638 0.0202301 0.00540365 0.194553 2.23619e-06 
0.174206 0.00160038 0.180363 0.107284 0.00199956 1.17224e-05 0.000160157 0.160189 0.0433716 0.0003623 0.0025863 0.000482155 3.19008e-05 0.0712371 0.00136872 1.67446e-05 0.00970672 0.00441977 0.00212681 0.000926056 0.23755 2.99921e-07 
0.0216518 0.0166556 0.000869223 0.0398866 0.0327367 0.000101665 0.0515699 0.0107165 0.182902 0.000814807 0.000309179 0.00177311 0.0370278 0.0246342 0.00192335 2.82534e-05 0.000268539 0.103213 0.00523849 0.230002 0.237675 1.63151e-06 
0.200991 0.0325359 0.000405468 0.0160266 0.134529 0.000532099 0.0853313 0.0172079 0.072861 1.37378e-05 6.48031e-05 0.0202506 0.000112538 0.0720272 0.000683141 2.76159e-05 0.00310128 0.0425172 0.0026812 0.000132772 0.297941 2.80876e-05 
0.0244576 0.0287522 0.00171595 0.0184259 0.0271366 0.000145971 0.0105053 0.0169777 0.0549059 0.0010911 0.000343272 0.005438 0.000756845 0.0523135 0.00305942 1.57189e-07 0.00764162 0.0162152 0.0105215 0.00461812 0.714836 0.000142658 
0.127073 0.138762 0.00362842 0.210176 0.0189222 0.000244693 0.00967365 0.0472095 0.0294839 0.00591368 0.0246973 0.000832448 0.000389932 0.0488495 0.0226448 9.48494e-05 0.0303792 0.0231134 0.0296267 0.0109095 0.217368 7.60483e-06 
0.044005 0.017575 0.000553951 0.127009 0.00355523 1.4486e-05 0.00118444 0.00739157 0.0836935 5.72634e-05 0.000478415 0.000219041 0.000612733 0.0386068 4.99849e-08 2.78448e-06 0.00273455 0.053152 0.00144463 0.00847344 0.609236 1.28346e-08 
0.0273047 0.122919 0.000725387 0.0932155 0.025783 0.00392166 0.00195356 0.295374 0.0132145 4.61975e-05 0.00890873 0.00328049 0.000746572 0.00524018 0.000401991 3.30724e-06 0.000525297 0.000870673 0.0373492 0.0194764 0.338734 4.85511e-06 
0.0144719 0.0969689 0.000313313 0.00778154 0.00719813 6.11056e-05 0.000120173 0.0155333 0.00352823 0.00391916 0.000669909 0.0115723 0.00280793 0.039128 0.0313146 9.89119e-06 0.000561078 0.0303211 0.034415 0.00220783 0.697096 9.36084e-08 
0.0653085 0.146518 0.0132414 0.0584127 0.00409581 3.4429e-05 0.0437772 0.031208 0.111504 0.00145691 0.00116966 0.000919353 0.000513574 0.0579205 0.00942175 1.44608e-05 0.0034945 0.000230134 0.0991026 0.000707046 0.350718 0.000231684 
0.0574458 0.0862197 0.000580767 0.117158 0.00155683 0.00335223 0.0134857 0.0297196 0.211685 0.00139161 0.00533265 0.00298216 0.000802423 0.0220583 0.00530022 8.87338e-05 0.000680835 0.0148981 0.14806 0.00403627 0.273152 1.32416e-05 
0.0106503 0.015309 0.000504099 0.136985 0.0011829 0.00200989 0.000856563 0.342625 0.0180893 0.00169429 0.00127697 0.00318386 1.41702e-05 0.00231473 0.0050247 1.52107e-05 9.59598e-05 0.0229289 0.0166892 0.0144512 0.404098 1.88396e-09 
0.177519 0.0919544 0.0207031 0.0580601 0.013595 0.00390894 0.0422389 0.0432429 0.0960247 0.000352492 0.00349667 0.00403432 0.00124855 0.0567946 0.00324109 0.0004139 0.00512347 0.0130412 0.049176 0.0158069 0.299981 4.32174e-05 
0.0384134 0.334535 0.000915523 0.0293551 0.00275258 6.70963e-06 0.0294213 0.0120088 0.031695 0.000122106 0.00089971 0.000114142 0.0533966 0.00461659 0.0344691 7.51431e-08 1.43337e-07 0.00513468 0.00188506 2.92112e-07 0.420258 1.09285e-08 
0.0173879 0.00742886 0.0703742 0.0760833 0.00971426 2.79951e-05 0.00564769 0.0614904 0.0396932 0.00060473 0.00982201 0.00181766 0.00125105 0.119976 0.0169035 7.06185e-06 0.00244284 0.000976281 0.0402011 0.0330459 0.485103 1.13772e-06 
0.0255807 0.22444 0.0054586 0.0693863 0.00610978 1.74209e-05 0.00494199 0.0234027 0.0856134 0.00092819 0.00121861 0.000253508 0.0025979 0.0810524 0.0443064 1.82503e-05 0.00953472 0.00371063 0.0181151 0.00704459 0.383956 0.00231291 
0.0198514 1.93871e-05 0.0160513 0.00484398 0.00686262 5.55526e-09 7.16208e-08 0.00252482 0.291997 0.000154858 2.96924e-07 2.39274e-05 1.49168e-05 0.130772 6.88658e-11 1.08004e-05 0.0209784 0.0508397 0.0153259 2.45877e-05 0.439704 8.01335e-11 
0.132606 0.00352203 0.00101266 0.000683999 0.0125829 8.18053e-06 0.00028355 0.00491856 0.280942 2.58712e-05 1.36604e-09 0.000160807 4.91002e-05 0.00711039 8.15995e-11 1.28283e-05 7.29796e-07 0.000766931 0.00149129 0.000116659 0.553705 1.93727e-09 
0.10147 0.0952885 0.0905231 0.0430563 0.136414 1.44333e-05 0.000267901 0.0418927 0.109671 0.000520089 0.000233336 3.4101e-05 2.1726e-05 0.0748091 8.34526e-06 0.00147713 0.0477381 0.0223982 0.00918985 0.00432297 0.220558 9.19895e-05 
0.0106013 0.00474426 0.00205885 0.0042792 0.00653218 1.87384e-05 0.000491168 0.0140075 0.0373846 0.000142433 0.000524458 0.000852823 0.000121029 0.0513263 0.000455932 1.01284e-06 0.0258215 0.0300794 0.00172309 0.00284769 0.805979 7.40533e-06 
0.0605055 0.0828385 0.0010061 0.0267003 0.115635 0.00206084 0.217457 0.0361069 0.0649814 0.00081405 0.000280891 0.00223406 0.000991915 0.039917 0.00155664 0.000968335 0.000746205 0.0110327 0.0222281 0.0120021 0.299931 5.31247e-06 
0.0128376 0.0410408 0.00802877 0.205434 0.00333393 0.000975465 0.00950283 0.151395 0.0733775 0.000606929 0.00191066 0.00493014 0.000509386 0.0421084 0.0131989 5.20181e-05 0.00387045 0.0171179 0.0328114 0.00325803 0.37342 0.000280393 
0.0566869 0.0102643 0.00144649 0.00760677 0.324229 0.000705409 0.0206899 0.0137297 0.156673 0.000136121 0.0231406 0.00202486 0.000758953 0.00533036 2.57022e-07 1.68144e-07 0.00492069 5.4918e-12 0.00585276 0.0029307 0.362873 3.30922e-08 
0.0219291 0.248156 0.00103981 0.150161 0.00106944 5.77572e-06 0.00472739 0.0152132 0.110926 0.0004141 0.000283152 0.00027433 0.000330537 0.0192821 0.00712926 0.000212447 0.000806605 0.00624484 0.159802 0.00306467 0.248928 1.78107e-11 
0.0115305 0.0898932 0.00123036 0.0125161 0.00559997 3.46209e-05 0.0114473 0.0425057 0.0305456 0.000267543 0.000506346 0.0623277 0.0105406 0.122737 0.00142448 0.000185064 0.00508568 0.0662109 0.0110689 0.000186388 0.513823 0.00033368 
0.136421 0.110699 0.00329768 0.0574071 0.0549664 0.00360949 0.0364586 0.0761734 0.0789598 0.00239046 0.00686193 0.00645793 0.00429577 0.0668933 0.00172046 0.000930779 0.00605697 0.0234242 0.0247437 0.00448274 0.293587 0.000162253 
0.00286308 0.0766152 1.04461e-05 0.185075 6.60056e-05 8.99676e-06 1.10542e-05 0.286677 0.00973177 5.86218e-06 0.00297607 1.82924e-05 3.36801e-05 0.000983083 0.0015318 0.00157917 8.26646e-05 0.00423304 0.118163 0.011117 0.298217 2.76121e-07 
0.0329229 0.0306684 0.0482246 0.0422314 0.0776899 0.000166459 0.000848359 0.0573325 0.13025 0.00048096 0.00267334 0.00513204 0.00057517 0.0418248 0.022102 9.74153e-06 0.00165747 0.000677513 0.00305242 0.00614893 0.495329 1.61226e-06 
0.0390328 0.106476 0.0001549 0.0092482 0.00331151 5.31708e-06 6.92942e-12 0.30748 2.63162e-12 7.88881e-06 0.000433883 0.000187443 5.64364e-08 0.00862914 4.50962e-08 1.37649e-07 0.00016394 0.0010952 5.78318e-05 0.00102099 0.522695 3.24696e-09 
0.119324 0.0637702 0.000146276 0.0110318 0.00645543 8.05589e-06 0.000457481 0.0580855 0.006125 1.07555e-05 0.000434702 9.68729e-05 5.31616e-05 0.0152764 2.85967e-06 7.04605e-09 0.000884226 0.00192163 0.00583897 3.06583e-05 0.710046 1.78019e-07 
0.0576927 0.00846874 0.00756414 0.00181 0.121929 1.99667e-05 0.117364 0.00663908 0.215416 0.000517781 2.71886e-05 0.000117498 0.000103069 0.0679015 0.000213184 0.00017332 0.0354248 0.0392058 0.00127252 0.000133325 0.317947 5.97392e-05 
0.0624302 0.0209031 0.0140254 0.0942751 0.062168 0.000216766 0.00460213 0.0702396 0.0109828 0.000249902 0.00813143 0.00562206 0.0401286 0.0552833 0.00346415 8.20659e-06 0.00023791 0.00354003 0.0129451 0.0968894 0.433657 6.76711e-11 
0.128845 0.098225 0.000145998 0.00144863 0.00272586 3.09142e-05 5.63125e-05 0.00281007 0.170724 0.000156011 0.000276814 0.00060554 1.51618e-05 0.181974 1.82684e-07 4.8687e-07 0.00267519 0.0215314 0.00140264 8.34456e-05 0.386268 1.94386e-09 
0.0246194 0.0280951 0.00394948 0.0727614 0.00515809 1.48904e-05 0.0127217 0.0857005 0.0362503 0.000189609 0.00257722 0.00187609 0.00216737 0.0405701 0.00214328 0.000199691 0.00106953 0.00246958 0.00417572 0.00202503 0.671266 4.34849e-08 
0.0690072 0.0314969 3.42241e-07 0.138565 5.7065e-11 5.12134e-11 0.0285819 0.12186 0.133565 3.76136e-07 3.52137e-05 1.13768e-05 1.54597e-10 0.00738652 0.0257886 2.51168e-07 1.81356e-06 6.07163e-06 0.0629182 6.54426e-07 0.380774 9.44451e-08 
0.157441 0.0412699 0.000152152 0.152665 0.0925343 0.00021668 2.26058e-10 0.0468534 0.00319546 0.000864241 0.000612402 0.055943 5.06127e-10 0.116968 3.65655e-10 3.62784e-07 0.00169514 0.00724014 0.00744728 0.0104333 0.304469 3.51248e-07 
0.0457946 0.27212 8.24739e-05 0.00757461 0.0357066 3.67127e-05 0.000115812 0.126925 0.017905 2.79394e-09 0.000208059 1.19937e-07 8.60888e-12 0.00397671 6.50552e-05 1.12805e-07 8.01255e-05 2.0876e-06 6.5565e-08 4.46117e-09 0.489406 1.35429e-07 
0.037955 0.0179687 0.004774 0.0496636 0.00692758 3.43074e-05 0.00411478 0.20581 0.0307198 0.00120954 0.00348348 0.00133896 0.000434745 0.0202838 0.00535888 0.000492116 0.0020111 0.00560491 0.0090235 0.0141233 0.578586 8.2186e-05 
0.0464786 0.0887837 0.00223244 0.0499182 0.00499087 1.09451e-07 0.00713546 0.122466 0.0523484 1.09282e-07 0.00645312 0.0110835 1.09375e-07 0.0191695 0.0215313 0.0011694 0.00303105 0.00295568 0.0142405 0.00166333 0.543933 0.000415803 
0.0483555 0.0566387 0.00115661 0.0571009 0.00889759 0.0108329 0.0326448 0.0361834 0.203029 0.0001008 0.0038944 0.000870805 0.000291185 0.0385565 0.00618849 3.71146e-05 0.00400544 0.0325502 0.02674 0.0072371 0.424687 1.83502e-06 
0.00400085 0.013396 0.00182516 0.0116971 0.00074898 1.81338e-05 0.0200673 0.058649 0.0676586 1.61441e-05 0.00018674 0.000193039 0.000473587 0.101437 0.000593665 3.71909e-11 0.00327656 0.00129439 0.00667127 0.00101232 0.706784 5.72553e-07 
0.139963 0.0597776 0.00199715 0.0527429 0.0472674 2.53442e-05 0.00465143 0.0519578 0.0291654 0.000998797 0.0153269 0.002296 0.000619184 0.134217 0.00455163 8.56752e-06 0.0324459 0.0389243 0.00139862 0.0183928 0.363272 3.2182e-07 
0.0580827 0.19464 0.00112837 0.0405446 0.0108359 0.000115799 0.0128542 0.186392 0.0409722 0.00193019 0.000992021 0.00394068 0.00045159 0.0150957 0.0117318 0.000186121 0.00303874 0.014505 0.0359709 0.00861391 0.357697 0.000280796 
0.0373694 0.0187345 0.00130545 0.066584 0.0267658 0.000549952 0.0627216 0.214384 0.00568898 0.00671513 0.00166432 0.027597 0.00844848 0.122722 0.000144043 9.57769e-06 0.00033336 0.0146446 0.0130066 0.00147184 0.369139 4.38116e-07 
0.0278754 0.0249487 0.00171511 0.274178 0.00244844 0.000882471 0.00261796 0.0892453 0.0522624 0.000344504 0.00996835 0.00276584 0.000867803 0.0239837 0.00281273 0.000903275 0.000227491 0.0110177 0.0639475 0.00924082 0.396672 0.00107531 
0.14193 0.123058 0.01107 0.166381 0.070136 0.00984747 0.00502828 0.0290878 0.0676587 0.000419665 0.00192039 0.000937677 0.00202647 0.121649 0.010075 2.74729e-05 0.00489751 0.00209588 0.00736054 0.032379 0.191997 1.57532e-05 
0.30901 0.0727731 0.00330467 0.0631872 2.70899e-07 0.00075882 0.0067993 0.0337348 0.0835363 2.70493e-07 0.00389861 0.00403539 2.70723e-07 0.0124109 2.70799e-07 2.70486e-07 2.70835e-07 2.70946e-07 0.00195094 2.70841e-07 0.404598 2.70767e-07 
0.0404484 0.00237602 1.65967e-06 0.0108192 9.67838e-05 2.0031e-09 3.18046e-05 0.0137098 0.0593241 2.50122e-05 7.84335e-11 1.16943e-08 3.10629e-06 0.0323279 5.59654e-11 3.79712e-08 4.30702e-06 3.74044e-07 0.00252192 0.0114488 0.826861 6.51224e-11 
2.72313e-05 2.72306e-05 2.72223e-05 0.133468 0.168835 2.72281e-05 0.00274971 0.10079 2.72327e-05 2.71862e-05 2.72088e-05 2.72184e-05 2.72093e-05 2.72345e-05 2.7217e-05 2.71855e-05 2.72205e-05 2.72317e-05 0.283216 2.72211e-05 0.310507 2.72138e-05 
0.00997912 0.0216712 0.000694715 0.0148112 0.0148474 3.69677e-05 0.0326316 0.0184604 0.169549 3.5734e-05 0.000307009 0.00141308 0.00112705 0.0330872 0.000664983 8.30008e-05 0.00214738 0.0101793 0.00889929 0.00172114 0.657642 1.15611e-05 
0.0645429 0.028199 0.00477998 0.0462263 0.022843 0.00232709 0.012965 0.0788378 0.109529 0.000387055 0.00201657 0.0119552 0.0148757 0.0681705 0.0155603 5.72494e-05 0.00621611 0.00863905 0.00595493 0.00469663 0.49113 9.10741e-05 
0.0246939 1.96438e-11 0.00626398 0.323432 0.0170695 1.11123e-07 7.16844e-09 0.151536 1.35443e-11 0.00271155 1.21351e-07 1.6226e-08 7.98489e-11 1.1893e-06 5.76874e-11 1.46909e-10 5.41968e-07 2.82871e-07 8.06957e-07 1.46763e-06 0.474289 6.71261e-11 
0.0410068 0.0086884 0.00278843 0.00684292 0.00510819 4.0437e-05 0.0147971 0.0105251 0.139514 5.3008e-05 0.00864547 0.000667132 0.000302998 0.103427 5.25521e-10 1.22544e-06 0.0616698 0.0120456 0.000368837 1.15724e-05 0.583495 1.91794e-08 
0.378731 0.023858 0.000531153 0.0268573 0.00823506 5.83803e-05 0.00904178 0.00719622 0.104614 1.55184e-08 0.000336884 7.39962e-08 6.67141e-11 0.0298716 4.8198e-11 6.88845e-06 0.00233964 3.42158e-07 2.39196e-05 8.86126e-06 0.408289 5.60841e-11 
0.0999576 0.00825832 0.00404796 0.122202 0.117491 1.64561e-07 0.000455836 0.153352 0.0235962 8.99269e-05 0.000196832 0.00539935 0.0011343 0.125637 0.000175079 1.15109e-05 0.000356802 0.0108827 0.0162603 0.0772879 0.233207 2.98178e-10 
0.0905062 0.0607676 0.00142452 0.0866624 0.0231444 0.00127771 0.00602509 0.236708 0.091514 7.97776e-05 0.00361284 0.00137273 0.000841191 0.0263404 0.00156211 0.00118557 0.00176157 0.00390334 0.0134864 0.0195908 0.324754 0.00347983 
0.0460194 0.0288439 0.00227083 0.0412282 0.0332556 7.05774e-05 0.000746756 0.147139 0.0101021 0.000278228 0.00100167 0.00934239 0.00407535 0.0373841 0.14731 1.08563e-06 0.00755149 0.0354574 0.00988427 0.00528323 0.432754 8.33095e-09 
0.288036 0.0441101 0.00102174 0.00734685 0.0210453 3.3585e-05 0.00404046 0.025149 0.140763 0.000888411 8.69356e-05 0.00056466 0.000331989 0.012146 6.46322e-10 1.69742e-06 0.00677872 0.00354846 0.000523515 0.000292843 0.443286 4.94538e-06 
0.0650452 0.0087002 0.0102558 0.000664969 0.00669735 5.86396e-05 0.0172692 0.00350487 0.0721082 5.6236e-05 9.97083e-06 0.00135944 4.78305e-05 0.0730025 0.00021271 5.40606e-07 0.00432688 0.000150713 0.00263959 3.29699e-05 0.733847 9.16015e-06 
0.0171176 0.0300041 0.00127467 0.065062 0.00376251 0.00768941 0.055649 0.172887 0.0189116 0.000238157 0.0150223 0.00755581 0.00150359 0.029683 0.00435245 0.000517557 0.000820068 0.0128814 0.0355687 0.00741764 0.512044 3.77699e-05 
0.276714 0.019732 0.00021222 0.0101137 0.00179897 1.69555e-05 0.00186872 0.00861689 0.0933431 8.12055e-09 0.000155561 0.000942508 0.000108708 0.0033895 1.41196e-12 1.07652e-08 0.00855994 1.93825e-08 6.06697e-05 1.62313e-08 0.574366 1.64299e-12 
0.00137485 0.0177602 0.000432666 0.00172687 0.0744006 0.000596692 0.00726446 0.104062 0.00284062 5.64652e-05 0.00151034 0.00289434 0.031822 0.198918 0.00066771 1.15964e-06 0.155997 0.0918783 0.0434779 0.00372595 0.258591 3.01518e-09 
0.0465556 0.0095247 0.00459534 0.0222824 0.027492 4.78635e-05 0.0163545 0.0122421 0.0815299 9.24857e-05 0.000397632 0.0026036 0.000154371 0.0531846 0.00357873 0.000653472 0.00716904 0.05049 0.0170244 0.00248785 0.641421 0.000118201 
0.0210767 0.00561301 0.00333939 0.0903685 0.00763083 1.57041e-05 0.00261344 0.0854757 0.0410803 6.45264e-05 0.00282633 0.0113611 0.000813046 0.014307 0.00279258 0.00097148 0.0014678 0.00662732 0.0164339 0.00675668 0.678355 9.64555e-06 
0.047978 0.00867016 0.00116768 0.0579926 0.00225611 0.000182239 0.0806523 0.0251372 0.0972328 0.000391296 0.000333204 0.000358697 0.000185625 0.0340608 0.0373109 0.000192625 0.00337426 0.00955119 0.0166126 0.00467154 0.571684 4.04392e-06 
0.032023 0.0188212 0.00103201 0.0791487 0.00759847 2.59183e-05 0.000819026 0.11093 0.0357399 7.02331e-06 0.000859998 0.00177302 1.31136e-05 0.0038315 0.0033155 2.83626e-05 0.00229842 0.00283943 0.000665363 0.0118432 0.686387 3.74141e-08 
0.034562 0.0419413 0.00157212 0.291025 0.00058148 5.34338e-05 0.0203358 0.0503802 0.0722974 2.59942e-05 0.0368848 0.00132914 0.000617532 0.0296833 0.0166421 2.01985e-05 0.00461715 0.00165463 0.0761712 0.003525 0.31608 6.44479e-09 
0.0323515 0.00914026 0.000262747 0.00260557 0.0261466 1.43135e-05 0.0185462 0.0068344 0.0889088 0.000149866 0.000445895 0.000365774 0.000234402 0.00531845 8.42005e-05 3.61502e-05 0.000180282 2.29958e-05 0.000965628 3.11695e-05 0.807347 7.67908e-06 
0.036248 0.0479794 0.00449132 0.0460776 0.0086994 0.00547105 0.0349258 0.137465 0.0599604 0.000308213 0.00242311 0.025354 0.00184713 0.0525751 0.00220011 0.000661872 0.00504412 0.023871 0.0185446 0.0065429 0.479294 1.6756e-05 
0.0915254 0.0484236 0.0378498 0.0165713 0.0556068 0.000619311 0.114048 0.138856 0.0140968 0.000522554 0.00157254 0.0113439 0.0419732 0.11129 0.00197513 0.000205187 0.000923302 0.00119627 0.000714214 0.00256677 0.308118 1.70785e-06 
0.0250102 0.0288184 0.00145357 0.00985776 0.0105532 1.6814e-05 0.0150164 0.00875154 0.309918 0.000557575 0.000757386 0.000609516 0.000964919 0.0503207 0.00239816 6.98867e-07 0.0114122 0.0193455 0.00473211 0.000639862 0.498863 2.39627e-06 
0.0505954 0.00231441 0.00108218 0.169443 1.73743e-06 1.21857e-07 5.3698e-05 0.15496 0.00952918 5.07366e-05 9.62308e-05 3.53631e-07 3.42197e-06 0.0104534 0.000186502 0.00858961 4.44629e-05 1.2252e-06 0.00510618 0.188538 0.39895 4.02553e-11 
0.139731 0.0636309 0.0264447 0.0393478 0.0320963 1.07585e-05 3.24582e-08 0.233783 0.0313862 5.45914e-08 0.000292068 0.000268583 3.18216e-05 0.0825548 1.71423e-05 0.00109182 0.000662213 0.00702891 0.000155139 0.0118365 0.329631 8.34335e-08 
0.0699595 0.00141101 0.0122938 0.0204342 0.00428301 4.45023e-06 4.36635e-05 0.0741398 0.0830765 2.02169e-05 7.54244e-05 0.000737768 0.00046488 0.0900268 3.83821e-13 3.03623e-09 0.0192142 0.000948195 0.000241969 0.00120053 0.621424 2.23696e-07 
0.0548862 0.0323148 0.00467121 0.126263 0.000216146 6.24036e-05 0.00143404 0.019439 0.0937016 0.000116799 0.000269599 0.00696696 5.76123e-05 0.0443365 0.00261245 6.77164e-06 7.75985e-05 0.00129942 0.020397 0.0124418 0.57838 4.88413e-05 
0.0312321 0.103775 0.00115936 0.0935351 0.00127071 0.00835418 0.14544 0.136736 0.0950371 0.00170346 0.00313169 0.00524907 0.000400754 0.0235666 0.000972152 0.000354696 0.000829447 0.00337402 0.0503936 0.000917045 0.292557 1.11508e-05 
0.0365274 0.0147851 0.00845753 0.0962447 0.00287708 0.000446799 0.0199597 0.0850756 0.0185172 4.27591e-05 0.00668214 0.000876314 1.54275e-05 0.0584396 0.123412 0.00075269 0.00968303 0.0153659 0.0367715 0.0241643 0.374059 0.0668452 
0.0100985 0.199335 0.01577 0.0206044 0.0050901 0.000191145 0.00117234 0.0559535 0.103063 0.000101024 0.00349564 0.00393583 0.000188261 0.153946 0.00150847 8.66131e-06 0.0206959 0.0230142 0.0610726 0.00253298 0.318222 3.18113e-08 
0.0427336 0.0460684 0.0210718 0.244105 0.0110634 6.52247e-06 3.45179e-07 0.0819423 0.177137 0.0069295 0.000647815 0.00182663 0.000138782 0.022298 4.5408e-07 7.54656e-06 5.90614e-07 0.068798 0.00366668 0.00889906 0.262656 1.46644e-06 
0.0185177 0.167819 0.000528614 0.0178422 0.0246281 0.0668478 0.0161827 0.154923 0.0384672 0.000953494 0.00173592 0.014661 0.0309643 0.0347875 0.00144498 4.32162e-07 0.00058008 0.00696096 0.00553745 0.00486703 0.391751 1.52201e-08 
0.0162829 0.215109 0.0215976 0.0295212 0.00504057 0.00963473 0.0125437 0.0376246 0.190559 0.000341751 0.000155539 0.0172907 0.00741615 0.109889 0.0322747 0.000827139 0.0010812 0.0442707 0.0215059 0.000341059 0.226693 1.19439e-08 
0.0482795 0.0448619 0.00421292 0.156783 0.00272812 0.00110662 0.0321464 0.245724 0.0362116 0.000307111 0.0438469 0.00502314 0.000264431 0.0147228 0.00221847 0.000299056 0.000355318 0.041137 0.0204877 0.00192892 0.297356 2.03728e-07 
0.0466105 0.0598421 0.0458729 0.0196933 0.00573546 4.51595e-07 4.51541e-07 0.152127 0.00989205 0.0060876 4.51275e-07 4.51434e-07 4.51283e-07 0.263884 0.00397287 4.50888e-07 0.00316073 0.0124661 4.51621e-07 0.0404531 0.330199 4.51357e-07 
0.00678662 0.0554555 0.000601121 0.263756 6.00735e-09 4.10773e-09 0.000496719 0.128958 0.0641431 5.27041e-09 7.3744e-05 3.23068e-08 1.39558e-05 0.000833564 4.84294e-08 1.22392e-08 1.85016e-08 1.00893e-07 0.0150774 1.51376e-08 0.463804 3.26281e-10 
0.0133386 0.163151 0.000612661 0.171221 0.000118047 1.85192e-05 0.0680658 0.0135517 0.144595 0.00157435 0.00181368 0.000433918 0.000339018 0.0210984 0.00258821 4.48606e-06 0.00100527 0.000895807 0.0813107 0.00218147 0.312065 1.78192e-05 
0.0301396 0.0171156 0.0089753 0.026336 0.0013646 9.91658e-07 0.0460046 0.0125525 0.22175 6.56726e-08 2.2141e-05 5.87118e-05 0.000154018 0.00312399 0.00151711 0.000302995 0.00333752 2.56065e-05 0.00844694 0.000212993 0.618558 3.28139e-08 
0.0256845 0.0421643 0.00155346 0.0798578 0.0133589 5.94596e-05 0.0128341 0.229623 0.116498 1.24055e-05 0.00408972 0.00140541 0.000179023 0.0206783 0.00286497 3.03923e-06 0.000131384 0.0102559 0.064107 0.00760403 0.367032 4.1979e-06 
0.0617441 0.187158 0.00449012 0.132173 0.0150197 0.00655814 0.0136909 0.0951589 0.0280275 9.55448e-05 0.00497162 0.0110609 0.00808297 0.025281 0.00341083 0.000101384 0.001086 0.0374493 0.00675456 0.0261728 0.331512 1.86546e-08 
0.039141 0.00137902 0.00795089 0.0351313 0.000855471 1.34365e-07 1.01119e-06 0.0216232 0.0114198 1.24479e-06 4.29198e-05 3.1934e-05 9.31694e-05 0.012401 3.54175e-11 5.65919e-07 0.0205648 0.000660492 0.000679164 0.0100993 0.837924 2.72076e-09 
0.09562 0.195382 0.00467754 0.0251044 0.0149238 0.000168541 0.0788826 0.0831292 0.0346096 0.00174216 0.0019233 0.00496115 0.000327838 0.0685717 0.00654328 0.000107913 0.152235 0.0177965 0.0132343 0.00118161 0.197459 0.00141793 
0.00340037 0.0633054 2.01455e-08 0.00211717 0.000852931 3.52655e-05 3.80838e-08 0.110696 0.0031142 6.48363e-08 2.58255e-08 3.49445e-08 1.5155e-06 0.00586553 0.000529275 1.24256e-08 0.000159923 2.62465e-07 1.28975e-07 0.0013918 0.80853 2.10201e-12 
0.0448361 0.11303 0.000756194 0.166352 0.006886 0.000106302 0.0340041 0.0561168 0.0463137 5.12462e-05 0.00718596 0.00251006 0.000544433 0.0193102 0.001227 3.09188e-05 0.00521918 0.0293462 0.102501 0.00137805 0.362282 1.16509e-05 
0.0251171 0.03817 0.00372535 0.178486 0.00604803 3.09944e-08 0.0264861 0.0143266 0.100237 0.00175114 0.0177172 0.00011461 0.000169592 0.118273 0.059251 2.30347e-09 0.00106034 7.71157e-05 0.019197 0.00997609 0.379763 5.34129e-05 
0.0189276 0.289921 0.00364588 0.192649 0.0143261 0.000165645 0.000303405 0.0183909 0.0364704 1.33071e-05 0.0054551 9.99032e-05 0.000379689 0.0199065 0.000240923 3.6348e-05 0.00277145 0.0109296 0.0645144 0.00235719 0.318489 7.19123e-06 
0.0816916 0.197013 0.00342227 0.0048953 0.105681 0.000136325 0.000322368 0.0885268 0.0333734 0.000133161 0.00163817 0.0111901 0.000387075 0.118052 1.27793e-09 1.0583e-05 0.000667136 0.0140721 0.000354026 4.67096e-05 0.338384 2.08694e-06 
0.015773 0.236006 2.25094e-05 0.0050611 0.000148144 1.50267e-06 0.0243005 0.0120488 0.271838 3.57411e-06 0.00038725 9.71576e-05 0.00021424 0.0106531 0.00441454 6.26226e-07 2.98478e-05 0.0199121 0.0809991 3.797e-06 0.318085 5.4218e-07 
0.181012 0.0653832 0.00423049 0.0349368 0.0149403 2.29449e-05 3.67237e-08 0.119628 0.0685607 1.67548e-05 0.00067612 0.000369567 1.96815e-06 0.108059 2.20186e-07 0.000434965 0.00697035 0.0427464 0.00223666 0.000131044 0.349643 1.49127e-09 
0.0841606 0.0188826 0.0129246 0.0671697 0.0146566 0.00143416 0.00751678 0.0461928 0.00390333 0.000194251 0.000608898 0.0077336 7.02269e-05 0.0565982 0.000379798 0.00110912 0.0326944 0.000840729 0.0531246 7.01396e-05 0.589734 6.04585e-07 
0.243338 0.01606 0.00492031 0.0271425 0.011725 1.99032e-05 8.95602e-05 0.110988 0.080194 6.71299e-05 0.000352644 0.0179919 0.000932191 0.0697092 1.05139e-05 5.01627e-08 0.00532016 0.00472465 0.00394891 0.00441007 0.398055 2.07014e-07 
0.0172783 0.00975448 0.000877019 0.0262248 0.00252035 2.57986e-05 0.00159105 0.0156359 0.0484708 4.69883e-05 0.00114091 0.00154421 9.19093e-05 0.030481 0.000580857 1.42135e-05 0.00802682 0.0304921 0.00310456 0.000959799 0.801131 7.14384e-06 
0.0333177 0.000174351 0.029136 0.0781325 0.024604 1.80061e-05 1.049e-07 0.0146611 0.116826 4.25848e-07 7.24689e-05 0.000642877 0.000740692 0.041261 0.0142857 4.32111e-07 0.000112429 9.01947e-05 0.000738209 0.000830841 0.627934 0.016421 
0.00876477 0.0027764 0.00852651 0.0712882 1.04397e-05 8.65122e-06 0.00429286 0.0124508 0.0919743 5.33042e-07 3.89843e-06 0.000127845 5.65723e-06 0.00194457 0.000117367 4.81072e-06 5.81031e-08 0.002249 0.000817902 0.0203845 0.774251 1.16952e-09 
0.00515805 0.0116401 0.021247 0.00335501 0.0212151 0.000166681 0.00589409 0.00950627 0.0155476 0.000797966 0.00461052 0.00097048 0.00553228 0.153309 4.0272e-05 7.58278e-08 0.00172638 9.94739e-06 0.0017188 0.00279676 0.734757 3.46474e-08 
0.0175567 0.011066 0.0365745 0.0327806 0.0034278 5.55087e-05 0.000161605 0.109525 0.0299244 0.000183896 0.000147067 0.000952544 0.000213057 0.0793202 0.00183618 1.0378e-05 0.0191454 0.0376068 0.0103151 0.228718 0.380477 2.23044e-06 
0.0129459 0.0995036 6.81287e-05 0.00265857 0.0331323 1.31833e-05 1.90022e-05 0.00129327 0.0254819 1.76066e-06 7.57704e-09 1.08935e-05 0.000928447 0.00140917 4.7321e-10 8.80508e-07 1.63633e-06 5.12742e-05 9.95722e-05 0.000219549 0.822156 5.13317e-06 
0.0268056 0.0318792 0.00747034 0.112569 0.00130235 0.00891114 0.0260242 0.102951 0.13462 0.00017472 0.000535381 0.00589953 0.000365501 0.159474 0.00332415 0.00415359 0.00704007 0.0230093 0.0538237 0.00352624 0.28614 1.02488e-06 
0.0414062 0.0063251 0.00926937 0.00760301 0.09731 0.00603985 0.184241 0.0196926 0.0702196 0.00176697 0.000353748 0.00186904 0.000561349 0.125811 0.00526829 0.00250439 0.00520744 0.121827 0.00347026 0.00690748 0.279854 0.0024916 
0.180352 0.0102301 0.00379569 0.0609446 0.000475084 5.90413e-07 0.00131786 0.0128492 0.132297 0.00242855 3.36456e-05 4.07178e-05 1.07862e-05 0.0755151 0.00149561 9.42395e-05 7.19597e-05 0.000309439 0.0141447 0.00019321 0.503399 8.20031e-07 
0.028457 0.0143369 0.0314783 0.015184 0.00194204 1.53584e-05 4.14435e-05 0.262023 0.0246231 6.43191e-05 6.13472e-05 0.00116729 0.00012109 0.0590512 2.87674e-08 8.57235e-06 0.00815681 0.0129433 0.000230462 0.00480622 0.535287 7.23461e-07 
0.0138729 0.0818213 0.00283624 0.0132777 0.00195168 1.42115e-05 0.00147618 0.0466696 0.0910358 8.80764e-05 1.69543e-06 0.000352073 0.00010906 0.0227287 0.00396304 2.95493e-05 6.95719e-05 0.000564769 0.0035524 0.000788518 0.714783 1.38709e-05 
0.0377611 0.00892364 0.000194531 0.0171064 0.0024562 2.26689e-08 0.0041555 0.00685102 0.127961 4.63546e-05 0.000261672 0.00190555 0.000114968 0.0129946 0.00343906 2.30909e-09 0.000101112 0.00239235 0.0160936 0.000161355 0.75708 1.1641e-07 
0.0474282 0.0180894 0.00278645 0.0927778 0.00144105 1.88713e-05 0.00105107 0.135099 0.0214251 0.000201678 0.00250487 0.00148765 0.00751918 0.0484358 0.00269922 4.67394e-05 0.000890483 0.0173098 0.00526065 0.00257699 0.590938 1.25703e-05 
0.0139503 0.0321622 0.000591106 0.0155938 0.0109524 0.0674407 0.103152 0.222944 0.00644984 0.000600207 0.00132147 0.0404147 0.0669677 0.0440313 0.0029796 0.000607879 0.00261896 0.0379822 0.0171681 0.00855671 0.303514 8.46795e-08 
0.0341193 0.00980916 0.00230714 0.305951 0.0365215 0.00792876 0.0192841 0.0321438 0.0369535 0.000386383 0.00205095 0.000692421 0.00199512 0.0612978 0.00125902 1.05245e-06 0.0100474 0.00576288 0.0213704 0.0253135 0.384244 0.000560534 
0.0168735 0.00381346 0.00749858 0.00611178 0.0119053 1.4137e-05 0.00302338 0.0414176 0.0505729 0.000148757 0.000425714 0.000378281 0.000143924 0.136429 3.2206e-05 5.29978e-06 0.0111908 0.0228236 0.000308277 0.00175768 0.685125 1.41188e-06 
0.10995 0.0761587 0.0053586 0.0307595 0.0138343 0.00199201 0.115835 0.0296058 0.19717 0.00106185 0.00055157 0.0260434 0.00118274 0.0321713 0.00234024 0.000419481 0.00444567 0.0072641 0.0132691 0.00181945 0.328016 0.000751777 
0.0448869 0.0266033 0.00912452 0.0254461 0.0061867 0.000330397 0.00112532 0.0198409 0.131089 0.000464058 0.00181285 0.000453412 0.000553975 0.12734 5.59671e-08 7.27288e-05 0.00613482 0.122808 0.00383559 0.000543018 0.471348 5.59605e-08 
0.0618393 0.00360417 0.0017034 0.0646216 1.55169e-05 4.46824e-05 0.0364772 0.019332 0.310281 0.000477797 0.0013978 1.5267e-05 0.000582082 0.14501 0.0230418 0.000997916 8.33492e-05 0.000471827 0.0125378 0.00011616 0.317339 1.09683e-05 
0.289888 0.0698216 0.00311618 0.0166548 0.031227 3.08673e-05 0.00543475 0.0105141 0.153607 0.00184488 0.000323624 0.00038456 0.000242819 0.0500154 0.0142119 4.3103e-09 0.0026261 0.0162176 0.0022152 0.0012544 0.33037 5.82871e-12 
0.0532791 0.0158153 0.00589526 0.103328 0.0278599 5.95548e-05 0.0310914 0.0273937 0.282572 0.000175431 5.26974e-05 0.0315531 0.000994509 0.0250991 0.00233075 1.52126e-05 0.0112441 0.00128472 0.00661594 0.000465843 0.372867 8.33605e-06 
0.005434 0.00583651 0.000299232 0.00296451 0.00474351 1.27815e-06 0.000366555 0.0130218 0.0320636 9.162e-05 0.000690613 0.000301254 0.000172774 0.0312289 0.000943416 5.33993e-06 0.010884 0.0291723 0.00160246 0.00231446 0.857861 7.5569e-07 
0.107744 0.0912946 0.0120065 0.0795246 0.0170106 0.000550919 0.014716 0.022691 0.0217809 0.000550669 0.000898934 0.0310942 0.00270444 0.122233 0.00609788 0.000442117 0.0533346 0.0530096 0.0212877 0.0533756 0.287653 1.35844e-07 
0.0123756 0.0676326 0.000450035 0.029096 0.0019049 3.15277e-05 0.000408457 0.129973 0.0459605 0.000109562 0.000322977 0.00026144 5.61809e-05 0.0369752 6.84987e-05 1.52805e-06 0.0056866 0.0236796 0.000397346 0.000367034 0.644239 1.56828e-06 
0.12891 0.0616802 0.0182394 0.156879 0.0349394 0.000224946 0.0278395 0.0485797 0.118723 0.000243206 0.00171981 0.00725729 0.00189633 0.0406412 0.0167186 0.00379457 0.00748347 0.0137603 0.0267939 0.0137991 0.269258 0.000618874 
0.0165263 0.0242079 0.0550508 0.0642151 0.0391323 0.00111429 0.00600816 0.159469 0.10816 8.92018e-05 0.0010767 0.000104177 0.0567138 0.0585104 0.09237 2.15929e-07 0.000290203 7.11054e-05 0.0224796 0.0951934 0.199205 1.21485e-05 
0.00533902 0.211077 0.000164369 0.000532599 0.00104147 1.2623e-05 1.11694e-05 0.00626112 0.011496 9.90578e-09 0.000169645 4.94812e-05 6.51458e-09 0.0166484 1.50138e-05 1.58888e-09 5.86158e-05 0.00721951 1.24647e-08 3.71262e-09 0.739904 7.88658e-12 
0.0532519 0.0926883 0.0194987 0.0240443 0.00931441 0.00284704 0.00451922 0.0470251 0.169496 0.000130941 0.00379061 0.00818585 0.00147729 0.0480458 0.00418622 0.000110766 0.00585044 0.0122407 0.0198657 0.000844321 0.472103 0.000483554 
0.0256506 0.0772556 0.030136 0.0316061 0.00852389 0.00319149 0.0139879 0.0446032 0.0817759 0.000382151 0.00322462 0.00667 0.00336327 0.0422774 0.00155254 0.000102292 0.00367763 0.0117048 0.0142605 0.00732916 0.588616 0.00010902 
0.016608 0.0220669 0.00048922 0.0763508 0.00965028 7.65415e-06 3.81551e-05 0.0442214 0.0534088 2.6421e-05 0.000151028 0.0187259 0.000799008 0.050366 6.56659e-05 6.51507e-08 0.000966299 0.0109355 0.000493049 0.00109859 0.693531 4.54739e-08 
0.0743837 0.0395212 0.00390395 0.194127 0.00484245 0.00314547 0.00563826 0.210724 0.057626 0.000451864 0.00516132 0.00167871 0.000122408 0.0226445 0.00185132 0.000483998 0.000381727 0.0112454 0.0373363 0.000944288 0.323786 5.19252e-07 
