0.0136577 0.00378958 0.000471891 0.0145433 0.00108782 0.0208746 0.519403 0.0336652 0.0206139 0.000184233 0.000438658 0.0310889 0.271749 0.0267057 0.000697615 0.00102327 0.00118154 0.00816422 0.0180232 8.76329e-05 0.0125465 2.39547e-06 
0.0214699 0.0562608 0.0042321 0.127774 0.00354146 0.00334396 0.0105752 0.23484 0.0941345 0.0003749 0.00448603 0.000983381 0.00316663 0.0555027 0.00291144 0.00145736 0.00145753 0.0168929 0.0562537 0.0625688 0.23757 0.000202265 
0.00813499 0.24902 8.56662e-05 0.00363742 0.000865143 0.000320323 0.411277 0.00654197 0.152858 6.00075e-06 0.000125806 0.00196879 0.000602789 0.00461002 0.000945447 7.29664e-06 0.00391407 0.0361896 0.0246775 2.47223e-05 0.0941878 9.12884e-13 
0.153986 0.0231927 0.0144339 0.0257865 0.207565 0.0140913 0.00977849 0.0648843 0.0214179 0.000551764 5.9476e-05 0.270986 0.00108318 0.107678 1.72518e-05 0.000441043 0.00010521 0.0500774 0.0078674 0.000554792 0.0254424 2.04879e-08 
0.163296 0.0130615 0.000677507 0.0921239 0.190514 0.000434933 0.0169903 0.0838622 0.0096891 0.0025774 0.0032814 0.199966 0.000158757 0.112323 0.000746376 1.91651e-05 7.44195e-05 0.0111351 0.0947729 0.000928641 0.00336793 2.27498e-09 
0.0759413 0.00895785 6.31201e-09 0.00170012 0.000100411 7.62578e-08 6.47082e-05 0.00137802 0.851749 1.18337e-07 2.15308e-05 8.48425e-05 1.23604e-08 0.000867786 1.199e-08 1.15014e-09 1.14169e-05 3.74329e-08 0.0134035 5.60463e-08 0.0457194 6.2957e-12 
0.0070548 0.00505786 0.000575495 0.0115303 0.00126959 0.00853771 0.000875028 0.0544983 0.0182942 0.000129838 0.000164738 0.816171 0.00044463 0.0368179 6.55143e-05 0.0114959 0.00134152 0.0136452 0.00194442 0.00151195 0.00857365 3.96487e-09 
0.0190799 0.00346693 0.000517721 0.0161409 0.0314242 0.000170772 0.00210744 0.0407261 0.000413178 1.20608e-08 0.00572255 5.58836e-05 0.839466 0.00962434 0.000454353 2.44313e-06 0.000274192 0.0120725 0.00409984 0.000744784 0.0134362 1.88333e-09 
0.243476 0.148335 0.0135128 0.0250236 0.00450536 0.000399112 0.0722041 0.0167396 0.241706 0.000357841 0.000254423 0.00784717 0.000366915 0.0323019 0.000153472 0.000127552 0.00682526 0.009732 0.00932067 0.00260879 0.164202 2.65547e-07 
0.140287 0.0121489 0.0190388 0.0254193 0.506675 0.000285659 0.0537345 0.035102 0.000297751 5.45008e-07 0.00313877 0.00652725 3.10916e-06 0.0448019 0.000566651 0.000292257 4.30935e-07 9.92664e-05 6.51804e-05 0.0485474 0.102968 9.2755e-10 
0.00733996 0.00327845 0.00576764 0.0472276 0.000603659 5.62978e-06 0.000108051 0.0222529 0.00264173 7.83594e-05 0.0234965 0.00017055 0.0012515 0.169179 0.000321854 7.92776e-09 0.00186939 0.427079 0.0244983 0.0734012 0.189429 5.08891e-12 
0.0227625 0.0108913 0.00225718 0.0118526 8.93667e-05 0.000368127 0.526616 0.0447487 0.0728117 0.000104566 0.00120869 0.00282014 0.0278815 0.0547083 0.0016811 0.000250491 2.27003e-05 0.117 0.0869864 0.000440118 0.0144985 6.19071e-08 
0.0806047 0.496213 0.000262217 0.0494642 0.0018233 3.4536e-06 6.26847e-05 0.0660424 0.0100078 0.000371872 0.000581727 0.000125313 7.90246e-05 0.0031262 0.00022646 6.59545e-05 0.003717 0.000362415 0.000141104 0.00436357 0.282353 3.32217e-06 
0.0274656 0.0167233 0.0020504 0.00909276 0.013407 1.86293e-08 0.00133058 5.81175e-07 0.292621 9.32063e-05 0.00307934 0.00869318 7.15818e-07 0.00808921 0.00168507 0.000197934 8.24556e-09 0.0165555 0.0176059 2.08649e-08 0.581308 1.39499e-11 
0.106179 0.136545 0.000725586 0.0815528 0.0124699 8.53804e-06 0.0038828 0.0361071 0.475986 6.14375e-08 0.022222 0.0004343 1.56286e-05 0.000560933 0.000305561 1.56826e-05 3.79141e-08 9.64991e-08 0.0850635 3.56908e-07 0.0379253 6.94341e-10 
0.119779 0.00914693 0.00595067 0.0991047 0.00533511 1.23861e-05 0.000953431 0.278036 0.00918016 6.07204e-05 0.000348558 0.000953733 0.00338521 0.0186636 0.000594603 1.01018e-05 0.00432382 0.0011196 0.000427768 0.0738193 0.368794 3.06157e-10 
0.0207311 0.134302 0.0126907 0.000479674 0.00684792 3.7946e-05 0.00472962 0.00165983 0.0392844 1.19974e-05 0.000627539 0.000178408 0.0013245 0.00948857 1.92114e-07 8.61816e-07 0.00199461 8.5463e-05 0.000928539 6.56826e-05 0.76453 2.92288e-09 
0.0207651 0.0151984 0.000824887 0.0370453 0.00198563 8.2611e-05 0.00126029 0.244198 0.0425042 0.000207522 0.00503284 0.00253696 0.000639662 0.240344 0.0432333 1.80412e-06 0.00180224 0.0888645 0.100921 0.00711464 0.145437 1.28975e-07 
0.260848 0.00757291 0.000792426 0.0765102 0.00949894 1.83407e-05 0.00283736 0.154422 0.00930622 0.00429633 0.00248841 0.00391147 0.238801 0.0733783 0.0019481 3.45648e-05 0.000307089 0.071445 0.00701904 0.0010542 0.07351 2.40661e-07 
0.000280599 0.000480688 1.30553e-05 0.00119633 1.41282e-05 0.983442 0.000973796 0.00638072 0.00158933 2.89746e-06 2.75708e-05 0.00310412 6.01625e-06 0.000327594 8.9662e-05 0.000164155 5.66509e-06 2.10448e-05 0.000450003 7.53803e-05 0.00135555 1.91972e-08 
0.0103241 0.00683708 0.000654222 0.0178557 0.0077308 1.97854e-05 0.00226937 0.0147854 0.0161588 8.60808e-05 0.00023541 0.00208459 0.000279877 0.0097513 0.00221367 1.26632e-06 0.00185449 0.00764559 0.011622 0.00379915 0.883791 6.58326e-08 
0.0269415 0.0961257 0.000695962 0.0295196 0.00442979 4.72434e-05 0.00992345 0.131322 0.0878956 4.07022e-05 0.000658795 0.00299494 3.22605e-05 0.0431901 0.0029524 7.22726e-05 0.1106 0.0034693 0.00146732 0.0174388 0.43018 2.53845e-06 
0.0070548 0.00505786 0.000575495 0.0115303 0.00126959 0.00853771 0.000875028 0.0544983 0.0182942 0.000129838 0.000164738 0.816171 0.00044463 0.0368179 6.55143e-05 0.0114959 0.00134152 0.0136452 0.00194442 0.00151195 0.00857365 3.96487e-09 
0.00101498 0.000616794 5.95391e-05 0.0237531 0.015312 0.00141118 0.0108105 0.0791567 0.00215098 0.00036322 0.00170495 0.35464 0.286114 0.00161405 0.193583 2.69548e-05 4.44281e-05 0.00239036 0.00503041 0.0194183 0.000772665 1.16255e-05 
0.000280599 0.000480688 1.30553e-05 0.00119633 1.41282e-05 0.983442 0.000973796 0.00638072 0.00158933 2.89746e-06 2.75708e-05 0.00310412 6.01625e-06 0.000327594 8.9662e-05 0.000164155 5.66509e-06 2.10448e-05 0.000450003 7.53803e-05 0.00135555 1.91972e-08 
0.0105884 0.0203906 6.67638e-05 0.0242225 0.00792117 1.59228e-05 8.22906e-06 0.782703 0.00208963 5.87483e-05 0.000491335 0.000106875 5.59279e-05 0.0264821 0.00048479 0.000804416 0.00146438 0.00196447 0.00109738 0.0112414 0.10774 2.70455e-06 
0.013357 0.0271092 7.07262e-05 0.0034858 0.000633911 1.14728e-05 0.161402 0.00359918 0.561737 4.03105e-05 1.58136e-05 0.000211465 0.000114932 0.0286309 8.53725e-05 1.03751e-06 0.00414123 0.0668834 0.0142756 4.95945e-05 0.114144 8.04191e-08 
0.0087907 0.00133879 0.000135566 0.00810855 0.000302898 1.67323e-05 0.0208644 0.00398674 0.871377 7.54642e-05 2.24788e-05 0.00209594 4.51008e-05 0.0146228 8.33628e-05 1.10122e-05 0.00405509 0.0179846 0.0072738 0.000315581 0.0384924 1.44865e-06 
0.0317039 0.0149958 0.00142226 0.0788178 0.0431752 0.573033 0.00529974 0.0453067 0.0123272 0.000120154 0.00464306 0.0425332 0.00109555 0.0567138 0.0075279 0.00061021 0.00090086 0.000532103 0.00114504 0.00554102 0.0725555 2.28396e-08 
0.0228358 0.00338298 0.010041 0.212286 0.000843695 6.77972e-09 4.52709e-08 0.0411047 0.429999 3.85723e-08 2.77776e-05 2.59506e-05 9.57386e-05 0.0523057 0.0135681 3.58786e-05 0.000781433 1.24419e-08 0.00122818 0.000100843 0.211338 2.26898e-09 
0.000280599 0.000480688 1.30553e-05 0.00119633 1.41282e-05 0.983442 0.000973796 0.00638072 0.00158933 2.89746e-06 2.75708e-05 0.00310412 6.01625e-06 0.000327594 8.9662e-05 0.000164155 5.66509e-06 2.10448e-05 0.000450003 7.53803e-05 0.00135555 1.91972e-08 
0.000280599 0.000480688 1.30553e-05 0.00119633 1.41282e-05 0.983442 0.000973796 0.00638072 0.00158933 2.89746e-06 2.75708e-05 0.00310412 6.01625e-06 0.000327594 8.9662e-05 0.000164155 5.66509e-06 2.10448e-05 0.000450003 7.53803e-05 0.00135555 1.91972e-08 
0.0328572 0.0752471 3.84694e-05 0.107684 2.31886e-07 2.78895e-06 0.068218 0.0938312 0.278892 0.00023834 0.000661312 0.00274675 2.17589e-07 0.050333 0.00252675 0.00136119 9.76938e-08 0.0831425 0.109876 2.5394e-08 0.092344 1.62341e-09 
0.378596 0.00291134 0.00216259 0.00527683 5.5761e-07 9.81697e-06 0.00299026 0.00141337 0.0950085 0.000240311 0.00267675 6.99582e-06 0.000125884 0.263559 4.61673e-07 5.25453e-08 0.00702005 0.203515 0.0223348 0.000146394 0.0120045 6.11501e-11 
0.0420418 0.0392705 0.0279611 0.0120171 0.0260809 3.07414e-05 0.000207956 0.0208208 0.0135666 0.000423574 0.00338719 0.00236741 0.00018858 0.667305 0.000236884 8.09121e-06 0.0503318 0.0713026 0.0136717 0.00190084 0.00687841 2.52309e-07 
0.0708148 0.0132783 0.00897887 0.0367202 0.030779 0.269053 0.00987946 0.0598024 0.0334935 4.09179e-05 0.000990114 0.389111 0.000175881 0.0224691 0.000759923 4.12224e-05 0.000438064 0.000425878 0.00573892 0.00864414 0.0383372 2.80529e-05 
0.00152668 0.000279295 3.08077e-08 0.0787275 6.53924e-09 0.666514 0.0727086 7.52298e-06 0.000676125 4.44975e-05 8.3482e-05 0.0135189 9.00541e-05 0.000553564 2.10752e-07 7.03176e-07 0.165257 9.38502e-06 1.24459e-08 4.88036e-08 1.90823e-06 5.22342e-12 
0.000280599 0.000480688 1.30553e-05 0.00119633 1.41282e-05 0.983442 0.000973796 0.00638072 0.00158933 2.89746e-06 2.75708e-05 0.00310412 6.01625e-06 0.000327594 8.9662e-05 0.000164155 5.66509e-06 2.10448e-05 0.000450003 7.53803e-05 0.00135555 1.91972e-08 
0.0030274 0.0182679 0.000362221 0.00421547 0.438574 0.00203656 0.00628267 0.186287 0.00119587 0.000880528 1.79436e-05 4.94499e-06 0.000280049 0.0044027 0.00101537 0.321843 0.00092458 7.18989e-07 0.0103799 1.13603e-07 1.03868e-06 7.25817e-09 
0.0217966 0.00039448 0.0843071 0.169363 0.0279333 0.0386524 0.136465 0.0935729 0.00136786 3.99186e-07 0.0018272 0.295496 0.00016697 0.0422544 0.00153291 9.46788e-06 4.8221e-05 0.0148382 0.0178225 0.0185142 0.0336357 2.65815e-07 
0.172727 0.253291 0.00583741 0.0307893 0.0459368 0.000138322 0.00153558 0.118853 0.00153675 0.00146175 0.0338565 0.0632039 0.000478157 0.147515 0.00122404 0.00048688 0.0015459 0.0278349 0.0191848 0.00771471 0.0648485 1.07712e-07 
0.00854004 0.428557 6.45558e-05 0.00869289 0.00225444 7.69495e-05 0.254584 0.0204522 0.125675 2.3942e-06 0.00108688 0.00074469 0.00114737 0.00389606 0.00274269 1.8195e-05 0.00033579 0.00811519 0.0356394 0.000632738 0.0967404 2.68351e-12 
0.108156 0.0134389 0.0186106 0.041391 0.429478 0.031972 0.0305022 0.0520451 0.0174998 0.0024809 0.000331296 0.181717 0.00805927 0.0250478 0.00580792 0.00102125 0.000839571 0.000103591 0.023307 0.000492124 0.00763033 6.88892e-05 
0.0231286 0.785622 0.000191169 0.00616347 0.0119755 0.000419165 0.011336 0.0154417 0.0104919 0.00266746 0.00040464 0.0003501 2.29938e-05 0.0101303 0.00108378 2.38203e-06 2.53895e-05 0.00571685 0.00390282 0.0021261 0.108797 7.78048e-07 
0.0225505 0.016203 0.0045131 0.0773229 0.01261 0.0138727 0.016665 0.127439 0.0123682 0.000554777 0.00260446 0.204234 0.196781 0.0703883 0.00838671 0.000546395 0.00108454 0.044863 0.0107254 0.010855 0.145225 0.000207222 
0.015251 0.013259 0.00725123 0.0320477 0.000491846 4.08653e-05 0.0628436 0.0468101 0.638754 2.02272e-05 0.00375 0.00127225 7.25607e-05 0.0151183 0.00175914 9.7434e-06 6.99856e-06 0.0014392 0.045948 0.000363998 0.113486 4.09218e-06 
0.094554 0.0884413 0.000305544 0.118665 0.0142037 4.62553e-05 0.0141391 0.0362385 0.117456 0.00887693 2.67517e-06 1.36739e-05 0.000199776 0.101271 5.70922e-07 3.51803e-09 0.000324953 3.03118e-08 0.00759993 2.22821e-07 0.397661 1.60746e-09 
0.0036492 0.000570892 3.20494e-05 0.0116655 5.17602e-05 0.000178865 0.918927 0.0278397 0.00431092 0.00102293 9.99551e-05 0.00149406 0.000621137 0.012193 8.10267e-08 0.000108277 3.84197e-05 0.00105211 0.00694974 5.30994e-07 0.00919386 9.73967e-09 
0.131411 0.018609 4.36095e-05 0.0394279 0.00112838 1.74482e-05 0.00186876 0.0508299 0.521732 0.000134105 0.000896196 0.000337064 0.000413871 0.0160355 0.00384688 0.000298306 0.00185802 0.0153025 0.0314556 0.00420667 0.160148 1.44385e-07 
0.0207311 0.134302 0.0126907 0.000479674 0.00684792 3.7946e-05 0.00472962 0.00165983 0.0392844 1.19974e-05 0.000627539 0.000178408 0.0013245 0.00948857 1.92114e-07 8.61816e-07 0.00199461 8.5463e-05 0.000928539 6.56826e-05 0.76453 2.92288e-09 
0.00512421 0.00193184 0.00331935 0.0200657 0.00133881 5.16613e-06 0.00126516 0.00241592 0.159057 0.000291596 1.33866e-05 1.18509e-05 0.00297169 0.0883963 0.00757032 1.46391e-07 0.0339274 0.00524015 0.000743346 0.618287 0.0480235 3.49761e-09 
0.0521056 0.00192321 0.000658361 0.418449 0.0220156 1.09455e-08 0.0018184 0.243804 0.182642 3.16017e-05 6.98509e-05 0.0111775 5.41157e-06 0.00474292 0.00244126 6.86027e-06 0.00237311 1.69018e-05 0.0146237 0.00254271 0.0385514 1.09037e-09 
0.0370512 0.0775436 0.00160633 0.0188542 0.400873 0.00100451 0.048358 0.0151988 0.0171446 0.000160012 0.00205104 0.00220675 0.00470897 0.0388681 0.00291457 0.000360499 0.000320655 0.025996 0.0726107 0.0140318 0.218133 2.8616e-06 
0.00139459 0.00308357 0.000853575 0.00223641 0.000241298 7.86111e-06 7.2255e-05 0.00247869 0.00168889 3.93473e-05 0.00189891 0.000238486 0.0006131 0.058882 3.61278e-05 9.72725e-09 0.00209813 0.809981 0.011629 0.000167886 0.102359 5.57445e-13 
0.810592 6.5477e-07 0.00942038 0.0379149 0.0242305 8.04043e-06 4.12145e-05 0.0255785 0.000549638 0.000321287 0.000642989 5.69246e-07 0.00218985 0.0519314 2.37753e-08 3.33121e-07 1.59304e-05 0.00353934 4.23563e-07 0.0213104 0.0117118 1.44844e-08 
0.104281 0.105724 0.000205353 0.0994987 0.00799527 8.23514e-06 0.000877125 0.0539116 0.0400651 6.94022e-05 0.00215738 0.00211769 3.23139e-06 0.0541797 0.000709241 2.43631e-06 0.000733644 9.01043e-05 0.0116863 0.000966785 0.514717 1.14241e-06 
0.0680452 0.00873419 8.36281e-06 0.00288022 6.69414e-05 3.60099e-06 0.00209718 0.00131902 0.833963 1.73906e-06 0.000153983 8.93947e-05 1.27603e-05 0.00274605 6.48125e-05 3.01436e-07 3.90919e-05 0.00254884 0.0324759 6.19757e-07 0.0447487 4.3801e-12 
0.150949 0.0948142 0.0205971 0.0576791 0.0211061 0.00288604 0.0180217 0.0588175 0.133867 0.0038918 0.00330534 0.00705555 0.00187194 0.0549182 0.00441673 0.00137027 0.00792732 0.0153296 0.0283167 0.0144298 0.298279 0.000149272 
0.000280599 0.000480688 1.30553e-05 0.00119633 1.41282e-05 0.983442 0.000973796 0.00638072 0.00158933 2.89746e-06 2.75708e-05 0.00310412 6.01625e-06 0.000327594 8.9662e-05 0.000164155 5.66509e-06 2.10448e-05 0.000450003 7.53803e-05 0.00135555 1.91972e-08 
0.0194473 0.00363876 0.0082562 0.00279855 0.00639117 1.98156e-05 0.000209683 0.0179448 0.388515 0.000733816 0.000515233 0.00148525 0.00878871 0.0968686 0.00289287 9.97377e-07 0.00271227 0.0758853 0.00421913 0.00576607 0.35291 4.57229e-07 
0.00720083 6.18209e-08 0.00427112 0.00932996 3.11341e-07 0.00106697 0.00281693 7.69639e-08 0.00228674 4.81069e-05 1.97886e-08 0.000130415 8.82991e-05 0.105972 4.06618e-07 1.45908e-07 0.866204 0.000583292 6.07357e-08 3.14505e-08 6.65112e-08 1.68869e-08 
0.00336217 0.38856 0.0019081 0.00449383 0.199256 0.0390263 0.0116554 0.203955 0.062021 0.000170895 0.000418712 0.00754101 0.0015528 0.0171058 0.00304913 0.00816679 0.000302971 0.00105412 0.0329657 2.99155e-06 0.0134301 9.65883e-07 
0.020423 0.0132703 0.0017334 0.0109186 0.0147678 0.000373839 0.419784 0.0174798 0.177837 5.43568e-06 0.00105832 0.00125076 8.84222e-05 0.0355525 0.000433475 0.000890203 0.0542365 0.00108047 0.00306382 0.00126235 0.224491 9.18515e-12 
0.00335036 0.0500351 0.000234047 0.0529705 0.000793391 0.0117315 0.644963 0.0687455 0.0739372 0.000657692 0.000494388 0.00708094 0.000705021 0.00954124 0.000353188 0.00104078 0.000108072 0.00287752 0.0243948 0.000152733 0.0458319 1.45942e-06 
0.000280599 0.000480688 1.30553e-05 0.00119633 1.41282e-05 0.983442 0.000973796 0.00638072 0.00158933 2.89746e-06 2.75708e-05 0.00310412 6.01625e-06 0.000327594 8.9662e-05 0.000164155 5.66509e-06 2.10448e-05 0.000450003 7.53803e-05 0.00135555 1.91972e-08 
0.0985605 3.06663e-06 0.00215804 0.0171987 0.0164481 4.12643e-05 0.00115297 0.00250096 0.00325898 0.0276429 2.57861e-05 1.08371e-05 4.68176e-07 0.816389 0.000362017 3.98245e-06 0.00324849 0.00163261 0.00852336 2.2348e-06 0.000835378 1.79463e-09 
0.0025655 0.00311108 0.000113075 0.0229024 1.70029e-06 5.16017e-06 0.00170198 0.0124109 0.00334326 3.91092e-06 0.00102953 3.5057e-05 0.0111732 0.00466273 0.000447772 0.000270049 4.43709e-05 0.916959 0.00595993 0.000346206 0.0129128 3.09198e-08 
0.000280599 0.000480688 1.30553e-05 0.00119633 1.41282e-05 0.983442 0.000973796 0.00638072 0.00158933 2.89746e-06 2.75708e-05 0.00310412 6.01625e-06 0.000327594 8.9662e-05 0.000164155 5.66509e-06 2.10448e-05 0.000450003 7.53803e-05 0.00135555 1.91972e-08 
0.026827 0.0998647 0.00259499 0.0749436 7.53042e-05 5.04506e-06 4.98224e-05 0.0561126 0.021987 2.02786e-06 0.000438976 2.1652e-05 0.000655882 0.00770066 0.00240685 3.10291e-06 0.00273087 0.0024865 0.0077339 0.000139812 0.69322 1.11195e-10 
0.0583678 0.0210538 0.00263453 0.026904 0.00522775 0.000116566 0.00933207 0.0127223 0.0164717 0.00634157 0.00015498 0.0284894 0.000768569 0.750203 0.000330958 2.74318e-06 0.000830721 0.00766577 0.00114887 7.91464e-05 0.0511538 7.62875e-08 
0.00374584 0.0254984 0.000444868 0.0101174 2.58731e-05 1.74198e-05 0.00307018 0.00372586 0.0534713 1.78706e-05 0.0103472 3.5263e-05 0.00463877 0.00849256 0.00107253 2.54581e-05 0.0012162 0.0493082 0.792843 6.87436e-05 0.0318175 4.122e-10 
0.0407899 0.013574 3.01469e-05 0.00566782 0.167922 0.0559435 0.0072612 0.0152466 0.0290463 0.000135977 0.00288445 0.0563765 0.0116515 0.0329467 0.00396187 0.00143024 6.14455e-05 0.0411774 0.00030198 0.50411 0.00947523 5.7466e-06 
0.0583615 0.0252408 0.0019079 0.0254891 0.00103068 8.07748e-05 0.0281112 0.0146063 0.243314 8.62737e-05 0.000546926 0.000235713 0.0036356 0.0459982 0.0044018 0.0124629 0.00256851 0.0319909 0.0628781 0.00679294 0.43026 3.54667e-08 
0.140904 0.0276201 0.00344067 0.022106 0.130558 0.000621947 0.10174 0.0735922 0.117466 0.0488397 0.00187095 0.00367765 0.00062634 0.0843149 0.0038163 9.46151e-05 0.00194943 0.00438281 0.00631833 0.000634313 0.22538 4.68382e-05 
0.0308957 0.00213026 0.0022477 0.00306986 0.000983097 6.30634e-06 0.0082293 0.0178763 0.0610536 0.00184369 2.32198e-05 0.000302688 6.39003e-05 0.638209 0.00184159 0.0212696 0.0663862 0.0420951 0.004875 6.91253e-05 0.096527 1.88141e-06 
0.0521697 0.0496967 0.0686407 0.151723 0.0220688 0.00200234 0.00861085 0.137376 0.0574947 0.0011624 0.00338241 0.0118316 0.000843369 0.0678611 0.00223687 0.00102643 0.00225897 0.00996938 0.0150034 0.0302907 0.304304 4.62066e-05 
0.132821 0.0236524 0.0260281 0.0749758 0.0690281 9.11128e-05 0.0142898 0.102147 0.0572271 8.89926e-05 0.000391414 0.0321511 3.15335e-05 0.298228 0.00862962 6.55965e-05 0.0338909 0.00240228 0.0161252 0.0149248 0.0928104 2.35015e-09 
0.00773843 0.00451313 0.000263335 0.0110213 0.000376206 2.41666e-05 0.00140387 0.0116253 0.0332233 4.85643e-05 0.000170759 0.000448817 0.000207277 0.00413776 0.0094031 1.75115e-05 0.000280581 0.0037218 0.871966 5.9161e-06 0.0394026 2.71785e-09 
0.148959 0.016982 0.0035934 0.331177 0.00858958 0.00212372 0.0107957 0.0397981 0.138339 0.000271998 0.00383106 0.000372602 0.0011659 0.0427281 0.00193644 3.26945e-05 0.000238441 0.0349522 0.0146914 0.013565 0.185854 3.79389e-06 
0.0030274 0.0182679 0.000362221 0.00421547 0.438574 0.00203656 0.00628267 0.186287 0.00119587 0.000880528 1.79436e-05 4.94499e-06 0.000280049 0.0044027 0.00101537 0.321843 0.00092458 7.18989e-07 0.0103799 1.13603e-07 1.03868e-06 7.25817e-09 
0.0108787 0.0159329 0.00143923 0.0167275 0.00376259 2.26741e-05 0.000502687 0.377812 0.0461815 0.000231565 0.00119517 0.0031038 0.0002464 0.0255858 0.0010478 0.000188617 0.00656017 0.0219125 0.00195586 0.00662057 0.458092 4.99921e-07 
0.0386426 0.0115549 0.000462623 0.00876131 0.797362 0.0458876 0.00508615 0.00563487 0.00747935 0.000284713 0.0257459 0.0161192 7.13367e-05 0.0196231 0.000406296 0.00075003 0.000310764 5.25024e-05 0.000158391 0.0123597 0.00324462 1.58045e-06 
0.00374584 0.0254984 0.000444868 0.0101174 2.58731e-05 1.74198e-05 0.00307018 0.00372586 0.0534713 1.78706e-05 0.0103472 3.5263e-05 0.00463877 0.00849256 0.00107253 2.54581e-05 0.0012162 0.0493082 0.792843 6.87436e-05 0.0318175 4.122e-10 
0.000280599 0.000480688 1.30553e-05 0.00119633 1.41282e-05 0.983442 0.000973796 0.00638072 0.00158933 2.89746e-06 2.75708e-05 0.00310412 6.01625e-06 0.000327594 8.9662e-05 0.000164155 5.66509e-06 2.10448e-05 0.000450003 7.53803e-05 0.00135555 1.91972e-08 
0.00374584 0.0254984 0.000444868 0.0101174 2.58731e-05 1.74198e-05 0.00307018 0.00372586 0.0534713 1.78706e-05 0.0103472 3.5263e-05 0.00463877 0.00849256 0.00107253 2.54581e-05 0.0012162 0.0493082 0.792843 6.87436e-05 0.0318175 4.122e-10 
0.0985882 0.00711989 0.178083 0.146404 0.0215597 0.000245491 5.16479e-05 0.0375976 0.100228 0.000118153 0.0184051 0.00277414 0.00217144 0.0701064 1.56834e-05 3.58127e-05 0.0807562 0.00162261 0.00117872 0.195609 0.0373279 4.25521e-07 
0.0333583 0.328187 0.000245678 0.010219 0.000659612 2.24184e-05 0.0579792 0.00637145 0.17742 4.46029e-05 0.000314029 9.96443e-05 0.00107528 0.011993 0.00849738 5.45516e-06 0.000218689 0.0010127 0.0187335 0.000205012 0.343338 1.43931e-09 
0.0352638 0.110211 0.0064951 0.024709 0.00548562 0.00357049 0.024631 0.447838 0.0700863 0.000198039 0.00658652 0.0020759 0.000233736 0.0423555 0.00534936 0.00158789 0.000379098 0.0401032 0.0811957 7.15091e-05 0.0915704 3.16075e-06 
0.000135175 0.00586525 0.000524415 0.0210829 0.00370137 7.7367e-06 0.000931333 0.935114 0.000467828 2.01994e-05 2.2925e-05 1.55396e-08 0.000162026 0.000570807 0.0146144 0.00573583 3.17414e-05 5.26823e-09 0.0110114 1.14762e-07 1.16427e-07 1.45852e-09 
0.0467063 0.0333352 0.00556975 0.0511421 0.000516922 0.00596697 0.010368 0.004191 0.670933 2.16877e-06 1.45792e-05 0.00047655 0.000134797 0.0148418 0.00663725 0.000425259 0.000102933 2.01342e-05 0.0389705 0.00344924 0.106195 1.75716e-08 
0.0191048 0.137279 0.000968385 0.0205595 0.00134932 0.00521546 0.0833921 0.0320777 0.463561 9.09071e-05 0.000125126 0.00512156 0.000512103 0.0440922 0.00028184 0.000748084 0.00603867 0.00585625 0.0369152 2.33848e-05 0.136688 9.40038e-09 
0.0321894 0.00226534 0.000831928 0.114708 0.00324268 6.00008e-05 0.0471502 0.0407488 0.0269938 0.000160113 0.00135256 0.000331226 0.000570501 0.0300168 0.0743191 0.000146523 0.000233952 0.00440321 0.0216512 0.0052273 0.593388 8.86072e-06 
0.000280599 0.000480688 1.30553e-05 0.00119633 1.41282e-05 0.983442 0.000973796 0.00638072 0.00158933 2.89746e-06 2.75708e-05 0.00310412 6.01625e-06 0.000327594 8.9662e-05 0.000164155 5.66509e-06 2.10448e-05 0.000450003 7.53803e-05 0.00135555 1.91972e-08 
0.0603775 0.00784235 0.0324034 0.0201728 0.0100059 0.000722971 0.0069927 0.0137346 0.0330433 0.0156362 0.00132729 0.00244999 0.00171625 0.485957 0.00822674 0.000189155 0.12364 0.0732643 0.0330606 0.00598842 0.0631464 0.000102903 
0.00374584 0.0254984 0.000444868 0.0101174 2.58731e-05 1.74198e-05 0.00307018 0.00372586 0.0534713 1.78706e-05 0.0103472 3.5263e-05 0.00463877 0.00849256 0.00107253 2.54581e-05 0.0012162 0.0493082 0.792843 6.87436e-05 0.0318175 4.122e-10 
0.11569 0.0105585 0.212221 0.0384859 0.00238403 6.40761e-06 0.00216689 0.0095126 0.0234714 0.00108883 0.00235989 8.55774e-05 8.72821e-05 0.556786 0.000480461 4.2362e-06 0.000354714 0.000349819 0.0132364 0.00194073 0.00873013 5.61163e-09 
0.113758 0.0460731 0.00712759 0.0365218 0.127542 0.00930812 0.0509 0.165431 0.0219332 0.132954 0.000208725 0.00233139 0.000383461 0.155784 0.000910921 0.00631682 0.00182617 0.0144543 0.0157247 0.0456022 0.0448811 2.84391e-05 
0.237951 0.00623225 0.00217272 0.245556 0.027358 7.22692e-08 0.000135752 0.0327158 0.015875 5.98274e-05 0.000904852 0.0115153 8.21874e-08 0.0276291 8.50149e-07 5.90661e-05 0.000565491 1.77035e-06 5.38506e-07 8.88157e-05 0.391178 6.2243e-09 
0.0156423 0.0268178 0.00220765 0.0487067 0.000849735 0.00743257 0.395345 0.351419 0.0150726 1.91482e-06 5.49582e-05 0.0138423 0.000434866 0.0378223 0.00913526 0.0033828 1.87481e-05 0.00163901 0.00858102 0.00930819 0.0522846 1.40902e-08 
0.0265627 0.000646774 9.44005e-05 0.00926359 0.000212586 7.94698e-06 0.00125547 0.000309485 0.776997 0.000452511 5.6874e-05 0.000831302 3.43634e-08 0.0240171 8.19134e-06 2.32139e-08 0.00140553 0.00350337 0.00306184 1.13161e-07 0.151314 5.22417e-09 
0.000280599 0.000480688 1.30553e-05 0.00119633 1.41282e-05 0.983442 0.000973796 0.00638072 0.00158933 2.89746e-06 2.75708e-05 0.00310412 6.01625e-06 0.000327594 8.9662e-05 0.000164155 5.66509e-06 2.10448e-05 0.000450003 7.53803e-05 0.00135555 1.91972e-08 
0.100754 0.0169698 0.00208188 0.00471704 0.170928 0.00153529 0.235575 0.0952984 0.0060582 0.00125644 0.000224227 0.00476892 0.0023469 0.0885317 0.000217972 0.000440647 0.00145584 0.109093 0.000357527 0.00473332 0.152629 2.78268e-05 
0.00419975 0.286045 0.0027859 0.0260444 0.00127003 5.21354e-06 0.00106733 0.0716533 0.276421 6.99931e-06 0.00219919 2.98626e-05 0.00104764 0.0036033 0.0141336 1.57776e-05 0.000317201 0.00119557 0.272964 0.00560982 0.0293856 1.73172e-09 
0.390071 0.0141106 0.00377336 0.138386 0.00346157 4.48724e-05 0.00167118 0.0162722 0.0581722 0.00107971 0.00122476 0.00186582 0.000769798 0.0641754 0.00257977 0.00018131 0.0129608 0.0014268 0.113185 0.0304594 0.144128 1.35373e-10 
0.0250158 0.34014 0.000489622 0.00772294 0.00162567 7.32361e-05 0.0793077 0.0069659 0.238966 3.505e-05 0.000450296 0.0031554 0.0220146 0.00460842 0.00154421 3.06871e-06 0.0004205 0.00416471 0.0892715 0.00015505 0.173867 2.1632e-06 
0.118597 0.0657193 0.00844893 0.158816 0.0202922 1.22658e-05 1.18719e-05 0.139431 0.0157624 1.50948e-06 0.000730975 0.00129479 0.00022929 0.0417218 0.000311879 0.000861512 0.000195593 0.00195279 0.0274259 0.0244463 0.373737 4.10376e-08 
0.123857 0.0137839 0.000144535 0.0276295 0.000668021 0.00321378 0.0454325 0.0112463 0.313448 5.39316e-05 0.000110641 0.00182579 0.000125483 0.0175083 0.00243862 0.000270466 6.35682e-05 0.00334084 0.305778 8.49758e-05 0.128975 8.17225e-07 
0.000280599 0.000480688 1.30553e-05 0.00119633 1.41282e-05 0.983442 0.000973796 0.00638072 0.00158933 2.89746e-06 2.75708e-05 0.00310412 6.01625e-06 0.000327594 8.9662e-05 0.000164155 5.66509e-06 2.10448e-05 0.000450003 7.53803e-05 0.00135555 1.91972e-08 
0.0149508 0.0126907 8.43826e-06 0.00361297 0.000316744 7.28099e-05 0.0645933 0.00246661 0.821793 2.22369e-05 2.02387e-06 5.50537e-05 0.000139136 0.00371692 0.000248964 3.63312e-06 7.2625e-05 0.00309595 0.00992523 9.25301e-08 0.0622127 5.89034e-12 
0.000309793 0.00326412 0.0265301 0.0138793 1.72541e-06 0.789569 0.0010672 0.149997 0.000750272 0.00195695 8.10519e-05 0.000986571 1.62357e-06 0.00587316 1.49182e-05 0.00013506 3.90128e-06 3.89259e-05 0.00378838 6.13986e-05 0.00168898 3.89025e-08 
0.0129765 0.093966 0.000271448 0.0569515 0.006428 0.108876 0.0101953 0.280171 0.0908081 0.00274099 0.00110641 0.0172291 0.0195649 0.0216494 0.0106125 0.0105351 0.000914891 0.000535607 0.020595 0.0733824 0.16049 1.45021e-07 
0.0311266 0.00414568 0.00963079 0.00452368 0.00112801 0.00356035 0.103061 0.0255358 0.651279 5.65668e-05 0.000205555 0.000846282 7.5578e-05 0.0603173 0.00210129 0.00365432 0.00531738 0.0198624 0.0159722 0.00998572 0.0476137 1.16732e-07 
0.114377 0.0608688 0.00596032 0.0657342 0.0309867 0.00237269 0.0231445 0.0349807 0.167116 0.000795704 0.00434608 0.00489245 0.00238169 0.0462402 0.0143866 0.00176788 0.00307927 0.0125712 0.0139274 0.0324869 0.357118 0.000466166 
0.199253 0.0105559 0.0257098 0.00314155 0.0653329 0.0034674 0.0182258 0.0195113 0.0169014 6.34847e-05 7.88026e-05 0.00294595 0.000531491 0.496529 0.00171519 0.000869748 0.026691 0.0202115 0.000859415 0.000161685 0.0872424 4.42802e-07 
0.000280599 0.000480688 1.30553e-05 0.00119633 1.41282e-05 0.983442 0.000973796 0.00638072 0.00158933 2.89746e-06 2.75708e-05 0.00310412 6.01625e-06 0.000327594 8.9662e-05 0.000164155 5.66509e-06 2.10448e-05 0.000450003 7.53803e-05 0.00135555 1.91972e-08 
0.00813754 0.0742113 0.00188958 0.0190763 0.00409515 1.48742e-05 0.0113765 0.0586089 0.473252 7.29108e-05 0.00332438 5.04483e-05 0.000843402 0.0060528 0.00884603 1.63242e-06 0.000979203 0.00663748 0.26596 0.00369118 0.0528785 1.13343e-09 
0.306847 0.0164416 0.00631825 0.00377123 0.0347341 0.000245826 0.0134887 0.0109147 0.00739764 0.000938148 0.00836034 0.0045099 2.23143e-05 0.552537 0.00957443 2.62956e-06 0.000387849 0.0103378 0.000359511 0.00333743 0.0094728 4.14051e-08 
0.0276183 0.0149829 0.000640553 0.0544302 0.000254965 8.49883e-05 0.0135895 0.147585 0.0095432 0.000968954 0.00642686 0.000247739 7.27381e-05 0.0569711 0.592963 7.13129e-05 0.00205519 0.00414127 0.0261772 0.000642524 0.0405081 2.47718e-05 
0.0803485 0.00677087 0.0048006 0.25541 0.00569433 0.000900108 0.21724 0.086262 0.0686169 0.00724085 0.000845138 0.00241127 0.00114496 0.0834556 0.0015544 0.0006119 0.00201779 0.0103652 0.0491531 0.00138333 0.113753 1.99683e-05 
0.18791 6.38819e-07 0.00879454 0.140022 0.00212217 1.07017e-08 2.63449e-05 0.00571435 0.0190679 8.23584e-08 0.0439186 2.99271e-08 3.81729e-05 0.142201 4.5114e-07 1.31806e-08 3.59803e-07 0.030363 0.0191354 0.00205143 0.398633 4.95096e-11 
0.0557745 0.0211837 7.42693e-05 0.0896429 0.0347866 0.236435 0.0610972 0.098312 0.0605604 5.41885e-07 0.0147596 0.266175 8.37057e-05 0.00686322 0.00102503 0.000202173 1.02922e-06 3.50583e-06 0.0141046 1.41963e-05 0.0389002 4.01875e-07 
0.0914584 0.0214474 4.66237e-05 0.00816078 6.93978e-05 4.2447e-06 0.000561438 0.00454657 0.00268575 0.0292132 0.000280728 0.000816845 0.000148315 0.507663 0.0147746 4.18604e-06 1.6234e-06 0.0421902 0.141112 1.17072e-05 0.134803 2.5063e-08 
0.0363036 0.00465465 0.00241977 0.0526867 0.00486364 0.598949 0.0110577 0.0429935 0.0576239 0.00117053 0.000100924 0.0894532 7.85419e-05 0.0252139 0.00180893 0.000149942 0.000419413 0.00834271 0.0143341 0.00453405 0.0428409 3.91458e-08 
0.00121509 0.00189049 8.50306e-05 0.009405 1.09103e-09 0.000462708 0.924147 0.0099774 0.0242452 8.75196e-05 1.69563e-05 0.00136382 0.000470779 0.00408939 6.81991e-05 2.95082e-05 1.16684e-05 8.76775e-05 0.00238185 5.17912e-05 0.0199128 2.04066e-12 
0.00377289 0.513332 7.79038e-05 0.0325927 0.000262348 1.77911e-05 0.00216339 0.0226517 0.0351725 3.70566e-05 0.000150122 0.000197357 8.4681e-05 0.00106592 0.000816914 3.62101e-05 3.52585e-05 0.000169329 0.00375772 3.75035e-05 0.383564 4.79829e-06 
0.00512421 0.00193184 0.00331935 0.0200657 0.00133881 5.16613e-06 0.00126516 0.00241592 0.159057 0.000291596 1.33866e-05 1.18509e-05 0.00297169 0.0883963 0.00757032 1.46391e-07 0.0339274 0.00524015 0.000743346 0.618287 0.0480235 3.49761e-09 
0.000280599 0.000480688 1.30553e-05 0.00119633 1.41282e-05 0.983442 0.000973796 0.00638072 0.00158933 2.89746e-06 2.75708e-05 0.00310412 6.01625e-06 0.000327594 8.9662e-05 0.000164155 5.66509e-06 2.10448e-05 0.000450003 7.53803e-05 0.00135555 1.91972e-08 
0.237176 0.0409991 0.0027342 0.0214858 0.00667305 0.00059796 0.0235901 0.0585629 0.114285 0.0021814 0.000459552 0.00893163 0.13679 0.142157 4.35737e-05 0.000115168 0.014707 0.0574859 0.0284344 0.000633214 0.101946 1.08684e-05 
0.000280599 0.000480688 1.30553e-05 0.00119633 1.41282e-05 0.983442 0.000973796 0.00638072 0.00158933 2.89746e-06 2.75708e-05 0.00310412 6.01625e-06 0.000327594 8.9662e-05 0.000164155 5.66509e-06 2.10448e-05 0.000450003 7.53803e-05 0.00135555 1.91972e-08 
0.00666526 0.00121753 0.000223007 0.0129148 6.65089e-06 0.000772528 0.84626 0.00932566 0.0695455 0.00072453 0.000197307 0.00183836 0.000828383 0.0112217 0.000247494 0.00010858 6.13783e-05 0.00352308 0.0160974 8.35191e-06 0.0182129 1.90904e-13 
0.138347 0.038125 0.000406214 0.0172357 0.166224 0.0999003 0.00549957 0.236537 0.0786248 0.000533205 0.00627523 0.116607 0.000657454 0.018448 0.00195129 0.000363575 0.00134034 0.0224038 0.00264157 0.000118196 0.0477455 1.48051e-05 
0.0230083 0.157691 0.00395904 0.0219515 0.0240381 0.00648104 0.0972506 0.0391051 0.20507 0.000171762 0.00159087 0.00319691 0.00418163 0.0213508 0.00140588 0.00302061 0.00353015 0.00858964 0.0145349 0.00208606 0.35775 3.60198e-05 
0.095645 0.0598186 0.007296 0.0817593 0.0176513 0.00285613 0.0419585 0.0661539 0.0824109 0.00110797 0.0202309 0.0117006 0.00696837 0.0388738 0.0197456 0.00067045 0.00248173 0.019952 0.0841324 0.015205 0.323338 4.33447e-05 
0.100188 0.0202198 0.00609273 0.0995014 0.191174 0.000192584 0.000304337 0.168353 0.0135992 0.000186722 0.00246358 0.00344143 0.00375761 0.152044 0.00125469 2.47433e-05 0.02153 0.0363204 0.00271256 0.00793179 0.168701 6.13735e-06 
0.0683338 0.0751204 0.000139844 0.0213737 0.50245 0.000258628 3.30666e-06 0.107712 7.37208e-06 0.00102958 0.000551216 0.000447084 4.18091e-07 0.0257621 0.0371286 4.32263e-06 0.000224898 9.73712e-07 0.0191242 0.0013481 0.138979 9.97816e-10 
0.00512421 0.00193184 0.00331935 0.0200657 0.00133881 5.16613e-06 0.00126516 0.00241592 0.159057 0.000291596 1.33866e-05 1.18509e-05 0.00297169 0.0883963 0.00757032 1.46391e-07 0.0339274 0.00524015 0.000743346 0.618287 0.0480235 3.49761e-09 
0.0513454 0.0156009 0.00765552 0.0194686 0.529397 0.000214993 0.0120035 0.0623578 0.0109339 6.18339e-05 0.0167684 0.0030339 0.00457262 0.0729823 0.000132202 2.1502e-05 0.0015023 2.66615e-05 0.00411935 0.130714 0.0570839 3.17395e-06 
0.038538 0.0096985 0.00282979 0.123394 0.00157771 3.63343e-06 0.0049172 0.0719516 0.253262 8.3617e-05 0.000108978 0.000704602 0.00011105 0.0726175 0.0001975 0.00676277 0.0299249 0.0405311 0.00370451 0.000982314 0.338099 6.40124e-08 
0.0557283 0.00719131 0.0284173 0.0384373 0.154394 1.91921e-05 0.00330917 0.0126535 0.00168704 0.000229782 0.000458172 0.412144 0.00108649 0.0771379 2.59125e-05 9.4208e-06 0.000756833 0.00307235 2.49455e-05 0.000553874 0.202655 8.49623e-06 
0.00663899 0.000588443 0.00198363 0.000277248 0.000287348 1.04983e-06 1.32947e-05 0.000159867 0.016127 3.5777e-05 3.66351e-05 8.15571e-06 3.64524e-05 0.0769109 1.25818e-05 7.91105e-06 0.00354931 0.893195 3.13283e-05 3.9647e-05 5.90544e-05 4.36105e-10 
0.000280599 0.000480688 1.30553e-05 0.00119633 1.41282e-05 0.983442 0.000973796 0.00638072 0.00158933 2.89746e-06 2.75708e-05 0.00310412 6.01625e-06 0.000327594 8.9662e-05 0.000164155 5.66509e-06 2.10448e-05 0.000450003 7.53803e-05 0.00135555 1.91972e-08 
0.0841606 0.0188826 0.0129246 0.0671697 0.0146566 0.00143416 0.00751678 0.0461928 0.00390333 0.000194251 0.000608898 0.0077336 7.02269e-05 0.0565982 0.000379798 0.00110912 0.0326944 0.000840729 0.0531246 7.01396e-05 0.589734 6.04585e-07 
0.000280599 0.000480688 1.30553e-05 0.00119633 1.41282e-05 0.983442 0.000973796 0.00638072 0.00158933 2.89746e-06 2.75708e-05 0.00310412 6.01625e-06 0.000327594 8.9662e-05 0.000164155 5.66509e-06 2.10448e-05 0.000450003 7.53803e-05 0.00135555 1.91972e-08 
0.00436803 0.00191267 0.00104936 0.000428636 0.0555282 4.52812e-05 0.000631084 0.012146 0.00107761 0.000146523 0.000441803 0.000424875 0.00190525 0.0435202 0.00273653 1.1488e-06 0.000807723 0.0277836 0.000427742 0.803332 0.0412843 1.10104e-06 
0.0686536 0.114184 0.00126926 0.022042 0.126082 2.07857e-05 0.000254565 0.00163295 0.137534 1.57267e-05 0.00163383 0.0115504 0.178183 0.0234092 0.000570582 2.15665e-06 0.00424475 0.000162846 0.00237986 0.0087237 0.297451 4.87322e-07 
0.000280599 0.000480688 1.30553e-05 0.00119633 1.41282e-05 0.983442 0.000973796 0.00638072 0.00158933 2.89746e-06 2.75708e-05 0.00310412 6.01625e-06 0.000327594 8.9662e-05 0.000164155 5.66509e-06 2.10448e-05 0.000450003 7.53803e-05 0.00135555 1.91972e-08 
0.196202 0.000374999 0.000149025 0.186393 0.0299548 0.00251947 0.0208006 0.225995 1.1668e-07 9.73352e-08 0.0277249 0.2289 0.000100617 0.00667753 0.000954321 5.11657e-05 0.000252741 1.95227e-07 0.038742 0.000216985 0.0339908 3.81704e-08 
0.378596 0.00291134 0.00216259 0.00527683 5.5761e-07 9.81697e-06 0.00299026 0.00141337 0.0950085 0.000240311 0.00267675 6.99582e-06 0.000125884 0.263559 4.61673e-07 5.25453e-08 0.00702005 0.203515 0.0223348 0.000146394 0.0120045 6.11501e-11 
0.0115366 0.0224537 0.000144805 0.0107222 0.00185344 1.36033e-05 0.0476517 0.00139251 0.656023 2.68079e-05 3.06184e-05 0.000633679 3.2666e-05 0.0136445 0.00029786 0.000130663 0.00310673 0.0591358 0.00125618 4.5675e-05 0.169867 5.80591e-10 
0.0545243 0.0200543 0.00135884 0.0881818 0.0198638 0.00483859 0.202001 0.334078 0.00854294 0.000637308 0.00687107 0.00504204 0.00055421 0.0381963 0.00111181 0.00388157 0.00406557 0.154201 0.00695141 0.0120317 0.0330065 5.82805e-06 
0.000280599 0.000480688 1.30553e-05 0.00119633 1.41282e-05 0.983442 0.000973796 0.00638072 0.00158933 2.89746e-06 2.75708e-05 0.00310412 6.01625e-06 0.000327594 8.9662e-05 0.000164155 5.66509e-06 2.10448e-05 0.000450003 7.53803e-05 0.00135555 1.91972e-08 
0.349759 0.0564175 0.00270631 0.026638 0.000543669 0.0038037 0.197101 0.0125289 0.149274 0.000670241 0.000943599 0.00716158 0.000154543 0.0910147 0.00973541 0.000622132 0.013009 0.0235243 0.0185604 0.000170617 0.0356599 1.79307e-06 
0.0354697 0.0212665 0.00043342 0.0772085 0.00291562 0.027385 0.0571839 0.597079 0.0135412 0.00153367 0.00194728 0.0510579 0.00194574 0.0140202 0.00164533 0.00261491 0.00394372 0.0078501 0.0327726 0.00130648 0.0468238 5.50563e-05 
0.000280599 0.000480688 1.30553e-05 0.00119633 1.41282e-05 0.983442 0.000973796 0.00638072 0.00158933 2.89746e-06 2.75708e-05 0.00310412 6.01625e-06 0.000327594 8.9662e-05 0.000164155 5.66509e-06 2.10448e-05 0.000450003 7.53803e-05 0.00135555 1.91972e-08 
0.162161 0.0165755 0.0220923 0.0318513 0.239013 0.00473083 0.0184296 0.120318 0.14381 0.000169402 0.00023701 0.00647279 0.0243406 0.0790685 0.000188176 0.000290815 2.86223e-05 0.00780007 0.0100635 0.0484964 0.0638625 4.81345e-09 
0.210981 0.00157985 0.0294102 0.000897189 0.126315 1.17493e-06 0.00274906 0.00283445 0.0448006 7.56308e-05 8.32549e-06 0.00538867 0.000892698 0.406813 0.000666197 6.9072e-07 0.0450473 0.00811611 4.22638e-05 6.80196e-08 0.11338 3.63745e-11 
0.122489 0.0460333 0.00352308 0.0170977 0.193755 0.00346424 0.118415 0.0593351 0.116219 5.95113e-05 0.00109109 0.0114536 0.00132971 0.0445727 0.0267514 0.000689763 0.00370691 0.00809298 0.0130137 0.00123588 0.207668 3.40373e-06 
0.00374584 0.0254984 0.000444868 0.0101174 2.58731e-05 1.74198e-05 0.00307018 0.00372586 0.0534713 1.78706e-05 0.0103472 3.5263e-05 0.00463877 0.00849256 0.00107253 2.54581e-05 0.0012162 0.0493082 0.792843 6.87436e-05 0.0318175 4.122e-10 
0.000280599 0.000480688 1.30553e-05 0.00119633 1.41282e-05 0.983442 0.000973796 0.00638072 0.00158933 2.89746e-06 2.75708e-05 0.00310412 6.01625e-06 0.000327594 8.9662e-05 0.000164155 5.66509e-06 2.10448e-05 0.000450003 7.53803e-05 0.00135555 1.91972e-08 
0.153665 0.0438575 0.0193141 0.00912533 0.135015 0.000113581 0.0367964 0.0658138 0.0412953 0.000335716 0.00101385 0.0200718 0.00655862 0.232456 0.0319054 0.0147688 0.0312859 0.039584 0.0030502 0.000680825 0.113246 4.66255e-05 
0.0708081 1.15579e-06 0.154108 0.00493538 0.392381 0.000507158 0.000930461 0.0365962 0.000648923 0.000165773 6.46889e-07 0.0146552 0.00553427 0.103232 0.0106215 1.11265e-05 0.00253355 0.013552 0.0109159 0.000168709 0.177693 8.44012e-08 
0.00904044 0.0167976 6.62521e-05 0.017357 0.00639199 0.00273857 0.0115645 0.562584 0.00986883 1.52112e-05 0.0001719 0.00916784 0.000152996 0.00790036 0.000472099 0.00210351 0.00233011 0.00755612 0.00467026 0.0133499 0.3157 8.18314e-09 
0.0295115 0.0893749 0.000718568 0.0397499 0.00047303 7.33451e-06 0.0533565 0.124507 0.293288 3.13583e-05 8.41707e-05 0.187442 0.00012168 0.00651486 0.00374816 6.27942e-05 0.000143738 0.000198873 0.0253962 0.000125537 0.145144 5.38769e-08 
0.0145923 0.00135349 2.78027e-05 0.00590613 0.000245418 5.27375e-05 0.729887 0.123894 0.00239101 0.00123892 3.29569e-05 0.0993272 0.000190694 0.00398341 6.86525e-06 3.67514e-05 1.35897e-05 0.00031612 0.00636176 2.03961e-06 0.010139 8.7472e-07 
0.030541 0.357154 0.00105523 0.0331535 0.00261787 0.00131125 0.0239189 0.0267835 0.137987 0.000159384 0.00127916 0.00628527 0.0134103 0.0667025 0.037266 0.00047536 0.00164981 0.0137328 0.0204188 0.0018052 0.222293 7.646e-08 
0.0190029 0.0373616 3.98861e-05 0.00697976 0.000634847 0.00290186 0.058571 0.061803 0.459827 8.11125e-05 7.13509e-05 0.00305677 0.000374307 0.0304186 0.000226091 0.000270507 0.00611979 0.158365 0.0969733 8.54644e-06 0.0569124 5.74929e-10 
