0.0376622 0.0465526 0.0280547 0.028032 0.154694 0.000243154 0.000362849 0.135656 0.12697 0.0123069 0.00090495 0.000316538 0.000363485 0.293329 0.0074665 0.00296229 0.000956391 0.000540509 0.00672277 5.01846e-05 0.115852 3.0031e-07 
0.0266218 0.355583 2.63354e-05 0.0178509 0.00224269 6.07678e-06 0.00204479 0.0194584 0.118858 8.19354e-08 0.000542277 0.00471748 0.0138271 0.0135702 0.00212592 5.15478e-05 1.71339e-06 0.0238799 0.0406929 1.73113e-08 0.357899 1.15201e-11 
0.000280599 0.000480688 1.30553e-05 0.00119633 1.41282e-05 0.983442 0.000973796 0.00638072 0.00158933 2.89746e-06 2.75708e-05 0.00310412 6.01625e-06 0.000327594 8.9662e-05 0.000164155 5.66509e-06 2.10448e-05 0.000450003 7.53803e-05 0.00135555 1.91972e-08 
0.0198472 0.0246135 0.00165233 0.0270312 0.68626 1.10791e-05 1.05997e-08 0.0207041 0.00181773 5.7961e-06 0.0206023 1.091e-07 0.000162895 0.034621 0.000315732 3.64647e-08 0.00086013 0.0146042 0.00263467 0.0727109 0.0715451 2.09325e-10 
0.016118 0.00319911 0.00143499 0.0267259 0.00953796 2.67011e-06 0.0215712 0.0464141 0.00614189 3.00327e-05 0.00249234 0.725175 0.00245479 0.00767172 0.00217669 0.000107351 0.000148358 0.00107293 0.0117208 6.93618e-05 0.115734 1.17261e-06 
0.0345167 0.060003 0.0274108 0.0692866 0.0155123 0.00735018 3.28076e-05 0.00183742 0.187181 0.000104306 0.000972022 2.62306e-05 0.000363407 0.128732 0.295046 0.0180043 0.000214246 0.00190177 0.0410241 0.0205421 0.0899374 3.8499e-07 
0.000280599 0.000480688 1.30553e-05 0.00119633 1.41282e-05 0.983442 0.000973796 0.00638072 0.00158933 2.89746e-06 2.75708e-05 0.00310412 6.01625e-06 0.000327594 8.9662e-05 0.000164155 5.66509e-06 2.10448e-05 0.000450003 7.53803e-05 0.00135555 1.91972e-08 
0.952247 0.00030382 0.000190933 0.00865098 2.85217e-07 2.45634e-06 0.000213766 0.0078908 0.00287587 0.000546563 1.10731e-07 0.016951 0.0010944 0.00408783 0.00129818 3.86801e-05 3.6036e-08 0.000552111 0.000525806 0.000319291 0.00220962 2.17081e-10 
0.124091 0.00154928 0.177706 0.0335371 0.012491 6.28968e-05 0.0192239 0.0016907 0.170839 3.56613e-05 0.000101776 2.15673e-06 3.30401e-06 0.220138 0.00503928 0.000132096 0.10632 0.00112506 0.00576239 0.000486219 0.119664 5.38899e-11 
0.000280599 0.000480688 1.30553e-05 0.00119633 1.41282e-05 0.983442 0.000973796 0.00638072 0.00158933 2.89746e-06 2.75708e-05 0.00310412 6.01625e-06 0.000327594 8.9662e-05 0.000164155 5.66509e-06 2.10448e-05 0.000450003 7.53803e-05 0.00135555 1.91972e-08 
0.0874099 0.270615 0.00220017 0.0688129 0.0427981 0.000121874 0.0241732 0.053026 0.117208 0.00150355 0.00606609 0.000218504 0.000185875 0.0412025 0.0375861 4.43298e-05 0.017803 0.0299716 0.151945 0.00372051 0.0433652 2.17093e-05 
0.0549679 0.14419 0.00158715 0.00327824 0.026916 6.73598e-06 0.000272233 0.0200215 0.0603926 7.0619e-05 0.000384339 0.00312038 9.93295e-06 0.225003 0.0012423 0.00031468 0.007337 7.90965e-05 0.0135554 0.000438002 0.436812 1.17213e-06 
0.000280599 0.000480688 1.30553e-05 0.00119633 1.41282e-05 0.983442 0.000973796 0.00638072 0.00158933 2.89746e-06 2.75708e-05 0.00310412 6.01625e-06 0.000327594 8.9662e-05 0.000164155 5.66509e-06 2.10448e-05 0.000450003 7.53803e-05 0.00135555 1.91972e-08 
0.0481844 0.0638033 0.00160193 0.10836 0.00456819 0.00813652 0.0065327 0.0343868 0.0818808 0.00179182 0.00339234 0.00605089 0.00316116 0.0610801 0.00902922 0.000801745 0.0133507 0.0533277 0.00536492 0.0235078 0.461668 1.87341e-05 
0.00570962 0.0868428 0.000564881 0.00982905 0.00649418 0.000115844 0.562436 0.0182993 0.148065 1.88446e-05 0.000159203 0.0010761 0.000642473 0.0411281 0.000483314 2.08982e-12 0.000776433 2.54328e-05 0.00613088 0.000110981 0.111091 9.54884e-13 
0.0939141 0.0120731 0.0300858 0.0765789 0.0190677 0.0101597 0.0110455 0.025929 0.10733 3.10513e-05 0.00706112 0.0211396 0.00822444 0.309749 0.011808 1.16534e-05 0.0345644 0.0362069 0.0646607 0.00755863 0.1128 3.78945e-07 
0.000280599 0.000480688 1.30553e-05 0.00119633 1.41282e-05 0.983442 0.000973796 0.00638072 0.00158933 2.89746e-06 2.75708e-05 0.00310412 6.01625e-06 0.000327594 8.9662e-05 0.000164155 5.66509e-06 2.10448e-05 0.000450003 7.53803e-05 0.00135555 1.91972e-08 
0.209734 0.0170853 0.0222814 0.252913 0.125418 0.000162834 0.101212 0.0733632 0.05165 0.0025469 0.00551878 0.018125 0.00100155 0.016488 0.000654866 1.96933e-07 3.20108e-07 0.00133624 0.00382176 0.00219537 0.0944905 3.01432e-10 
0.000280599 0.000480688 1.30553e-05 0.00119633 1.41282e-05 0.983442 0.000973796 0.00638072 0.00158933 2.89746e-06 2.75708e-05 0.00310412 6.01625e-06 0.000327594 8.9662e-05 0.000164155 5.66509e-06 2.10448e-05 0.000450003 7.53803e-05 0.00135555 1.91972e-08 
0.000280599 0.000480688 1.30553e-05 0.00119633 1.41282e-05 0.983442 0.000973796 0.00638072 0.00158933 2.89746e-06 2.75708e-05 0.00310412 6.01625e-06 0.000327594 8.9662e-05 0.000164155 5.66509e-06 2.10448e-05 0.000450003 7.53803e-05 0.00135555 1.91972e-08 
0.0122984 0.156961 0.000151704 0.526167 0.000405435 0.000788851 0.00224013 0.0291003 0.0107774 1.17877e-05 0.00570149 0.00771405 0.00422635 0.0342375 0.0171852 8.28696e-06 8.36108e-05 0.000213174 0.0700153 0.00168876 0.120024 1.73895e-10 
0.000280599 0.000480688 1.30553e-05 0.00119633 1.41282e-05 0.983442 0.000973796 0.00638072 0.00158933 2.89746e-06 2.75708e-05 0.00310412 6.01625e-06 0.000327594 8.9662e-05 0.000164155 5.66509e-06 2.10448e-05 0.000450003 7.53803e-05 0.00135555 1.91972e-08 
0.0386252 0.0374975 0.000259373 0.0425146 0.0374793 0.0178756 0.135303 0.341628 0.1032 7.75328e-05 0.00279776 0.00641854 8.75849e-05 0.0137329 0.00303279 0.0190656 0.000783157 0.00235354 0.0173339 0.00455905 0.17537 5.4899e-06 
0.000280599 0.000480688 1.30553e-05 0.00119633 1.41282e-05 0.983442 0.000973796 0.00638072 0.00158933 2.89746e-06 2.75708e-05 0.00310412 6.01625e-06 0.000327594 8.9662e-05 0.000164155 5.66509e-06 2.10448e-05 0.000450003 7.53803e-05 0.00135555 1.91972e-08 
0.0100724 0.0472473 0.000465198 0.0152808 0.0160531 0.045256 0.0200792 0.261772 0.0206823 0.001211 0.00117255 0.150207 0.0221106 0.0706205 0.000281408 0.000145821 0.00112125 0.117019 0.0147481 0.000100896 0.184353 2.56266e-10 
0.0773986 0.0810834 0.00167807 0.0630712 0.0186432 2.66222e-05 0.0130133 0.0291172 0.220948 0.000258048 0.00343921 0.000357347 0.000154451 0.173726 0.00421535 0.00018452 0.00298108 0.0110115 0.015553 0.000825142 0.282314 1.60035e-08 
0.000280599 0.000480688 1.30553e-05 0.00119633 1.41282e-05 0.983442 0.000973796 0.00638072 0.00158933 2.89746e-06 2.75708e-05 0.00310412 6.01625e-06 0.000327594 8.9662e-05 0.000164155 5.66509e-06 2.10448e-05 0.000450003 7.53803e-05 0.00135555 1.91972e-08 
0.0261257 0.072753 0.00061732 0.0511994 0.0130557 0.0129096 0.00367333 0.30528 0.00185403 0.0429997 0.0050288 0.00310185 0.000451817 0.0241231 0.00454366 0.000183759 0.00210431 0.00080349 0.0103342 0.0344235 0.384411 2.30349e-05 
0.00481004 0.120336 0.00037141 0.0948332 0.00256989 0.0242096 0.387535 0.120436 0.104459 0.000112537 0.00112246 0.0120543 0.000565538 0.00956768 0.000500093 0.00213275 0.000208905 0.00696599 0.0432631 0.000210537 0.0637321 4.76762e-06 
0.000280599 0.000480688 1.30553e-05 0.00119633 1.41282e-05 0.983442 0.000973796 0.00638072 0.00158933 2.89746e-06 2.75708e-05 0.00310412 6.01625e-06 0.000327594 8.9662e-05 0.000164155 5.66509e-06 2.10448e-05 0.000450003 7.53803e-05 0.00135555 1.91972e-08 
0.00338303 0.00341906 0.000128437 0.00963267 0.00135441 0.0153857 0.858712 0.0334814 0.0292442 2.82774e-05 0.00018931 0.00734903 0.00141123 0.0116065 4.09516e-05 0.00388381 0.000582026 0.000395153 0.00548279 2.68253e-05 0.0142633 2.06943e-10 
0.000280599 0.000480688 1.30553e-05 0.00119633 1.41282e-05 0.983442 0.000973796 0.00638072 0.00158933 2.89746e-06 2.75708e-05 0.00310412 6.01625e-06 0.000327594 8.9662e-05 0.000164155 5.66509e-06 2.10448e-05 0.000450003 7.53803e-05 0.00135555 1.91972e-08 
0.0193235 0.000664882 0.000168097 0.0180757 0.000177917 2.0646e-05 0.0083499 0.000602339 0.772232 0.000272235 7.52353e-05 0.00085218 1.15735e-05 0.025981 2.71756e-05 1.51027e-06 0.0048514 0.00788165 0.00539961 3.82095e-05 0.134993 6.85661e-08 
0.0372232 0.117246 7.59825e-05 0.0225577 0.00116498 0.00247833 0.0683862 0.0501475 0.537944 0.000129597 0.000519517 0.0114434 0.000243301 0.0423091 0.00194981 0.00207136 0.0283309 0.00461767 0.0263251 1.10394e-05 0.0448255 1.47849e-09 
0.000280599 0.000480688 1.30553e-05 0.00119633 1.41282e-05 0.983442 0.000973796 0.00638072 0.00158933 2.89746e-06 2.75708e-05 0.00310412 6.01625e-06 0.000327594 8.9662e-05 0.000164155 5.66509e-06 2.10448e-05 0.000450003 7.53803e-05 0.00135555 1.91972e-08 
0.000280599 0.000480688 1.30553e-05 0.00119633 1.41282e-05 0.983442 0.000973796 0.00638072 0.00158933 2.89746e-06 2.75708e-05 0.00310412 6.01625e-06 0.000327594 8.9662e-05 0.000164155 5.66509e-06 2.10448e-05 0.000450003 7.53803e-05 0.00135555 1.91972e-08 
0.136696 0.00302815 0.0304554 0.0177965 0.070864 4.29614e-05 0.0021101 0.0128617 0.0375094 0.0114345 1.95026e-07 0.0170011 6.63927e-05 0.0914036 1.4087e-07 0.00127337 0.230673 0.102804 0.00141087 0.00668458 0.225884 5.5604e-08 
0.0583546 0.0653018 0.00065756 0.0332931 0.0172883 0.00519326 0.00131095 0.307455 0.174614 3.36618e-05 0.00125945 0.00143141 3.30342e-05 0.0198452 0.000978543 1.97426e-05 0.00214063 0.00406864 0.00558607 0.0113838 0.289749 1.69757e-06 
0.0087907 0.00133879 0.000135566 0.00810855 0.000302898 1.67323e-05 0.0208644 0.00398674 0.871377 7.54642e-05 2.24788e-05 0.00209594 4.51008e-05 0.0146228 8.33628e-05 1.10122e-05 0.00405509 0.0179846 0.0072738 0.000315581 0.0384924 1.44865e-06 
0.0281151 0.216546 0.000275549 0.0113255 0.000485987 0.000118328 0.0798274 0.0133416 0.212606 4.33876e-05 0.000520859 0.000603558 0.000855775 0.0146496 0.000170302 1.15135e-05 0.000266568 0.112828 0.0455377 5.17313e-05 0.26182 1.95256e-11 
0.000280599 0.000480688 1.30553e-05 0.00119633 1.41282e-05 0.983442 0.000973796 0.00638072 0.00158933 2.89746e-06 2.75708e-05 0.00310412 6.01625e-06 0.000327594 8.9662e-05 0.000164155 5.66509e-06 2.10448e-05 0.000450003 7.53803e-05 0.00135555 1.91972e-08 
0.0236652 0.0101886 0.000739293 0.0118733 0.00831402 3.45232e-05 0.00878417 0.101239 0.00274614 0.000980689 0.00313752 0.0294844 0.526652 0.104535 0.00991278 0.000164249 0.000748178 0.070391 0.0344385 7.15353e-05 0.0518714 2.82539e-05 
0.0328572 0.0752471 3.84694e-05 0.107684 2.31886e-07 2.78895e-06 0.068218 0.0938312 0.278892 0.00023834 0.000661312 0.00274675 2.17589e-07 0.050333 0.00252675 0.00136119 9.76938e-08 0.0831425 0.109876 2.5394e-08 0.092344 1.62341e-09 
0.0827918 0.145672 0.00175685 0.0204424 0.198231 0.00182839 0.00731865 0.0903621 0.00840733 0.000285866 0.00282885 0.0102032 0.185687 0.0753374 0.0417447 0.000144335 0.00104873 0.0348357 0.0248596 0.000712449 0.065474 2.76439e-05 
0.0222742 0.0385742 0.00471934 0.0662154 0.0122377 0.000506575 0.00101131 0.609924 0.00753357 0.000319314 0.00314732 0.00091781 0.000179647 0.0150512 0.00142084 0.000913766 0.000294066 0.00227679 0.0633346 0.0123966 0.136752 3.19847e-08 
0.00306223 0.0052104 5.44263e-05 0.0122995 0.000883876 0.0339173 0.851444 0.0304132 0.0263237 0.000498044 9.63662e-05 0.00948663 0.000816554 0.00321316 3.24589e-05 0.002286 5.06422e-05 0.000956281 0.007512 0.000282708 0.0111606 1.92906e-09 
0.0454407 0.00103608 0.0507012 0.30254 0.0121883 1.28496e-05 8.11363e-05 0.0655219 0.207448 0.0148767 0.00705413 0.00157554 0.000597551 0.0971146 0.080816 5.39708e-05 0.00690619 0.00201036 0.00702038 0.00924334 0.0877575 3.16512e-06 
0.000280599 0.000480688 1.30553e-05 0.00119633 1.41282e-05 0.983442 0.000973796 0.00638072 0.00158933 2.89746e-06 2.75708e-05 0.00310412 6.01625e-06 0.000327594 8.9662e-05 0.000164155 5.66509e-06 2.10448e-05 0.000450003 7.53803e-05 0.00135555 1.91972e-08 
0.00374584 0.0254984 0.000444868 0.0101174 2.58731e-05 1.74198e-05 0.00307018 0.00372586 0.0534713 1.78706e-05 0.0103472 3.5263e-05 0.00463877 0.00849256 0.00107253 2.54581e-05 0.0012162 0.0493082 0.792843 6.87436e-05 0.0318175 4.122e-10 
0.0227398 0.153998 1.26468e-05 0.00376182 0.472759 0.000170926 2.58339e-05 0.119747 0.0377539 5.5102e-05 0.000247366 0.00076483 0.0165499 0.0551753 0.00123208 2.39871e-05 0.00117568 0.000467243 0.00720639 0.0497224 0.056408 3.09608e-06 
0.042696 0.115814 0.00426504 0.0990667 0.00806745 0.00450713 0.0336499 0.119609 0.0780497 0.00175815 0.00631664 0.00646736 0.0129128 0.0372567 0.00819682 0.000432998 0.00372774 0.0167555 0.0863362 0.0121044 0.301973 3.66649e-05 
0.0525732 0.0101706 0.00105995 0.0380858 0.0479446 0.00452366 0.0142404 0.0763975 0.0494379 0.000189482 0.000685701 0.000766075 0.000241252 0.0607957 0.0282198 0.00123765 0.00138669 0.0216605 0.552249 0.00153915 0.0364698 0.000125485 
0.018796 0.00801574 0.00271101 0.00380914 0.00353856 0.00166683 0.0116071 0.0212907 0.0345376 0.00208652 5.80171e-05 0.00801339 0.00057694 0.666022 0.000126923 0.0024033 0.0461454 0.124278 0.0029187 0.000565244 0.0408303 2.60033e-06 
0.0236365 0.0183643 0.00480267 0.576493 6.63835e-05 3.34284e-07 8.58841e-05 0.0246166 0.0278468 0.000239707 0.00287262 0.000342493 0.000163598 0.0284079 0.000948861 0.000413498 0.000844711 0.0096748 0.024349 0.0010412 0.254789 9.47693e-08 
0.563222 0.0640587 0.00487745 0.0301579 0.119809 0.000214374 0.0214629 0.0445171 0.0211589 0.000351652 0.00143342 0.00194367 0.00819835 0.0537869 7.46078e-05 0.0001294 0.000223515 3.41902e-05 0.0106922 0.00162122 0.052033 2.47198e-08 
0.0467497 0.0211208 0.131437 0.0696426 0.44095 2.68531e-05 0.00370524 0.0398661 0.0252272 9.86043e-05 0.00972955 0.0293929 0.001509 0.0768877 0.0146301 0.000763897 0.0059945 0.000463334 0.0331713 0.00121665 0.0474149 1.86824e-06 
0.0904238 0.0956498 0.00613063 0.046178 0.0180179 0.00124587 0.0232792 0.0548873 0.0964808 0.000452669 0.0128618 0.00362017 0.000275049 0.0668367 0.0082466 6.15653e-05 0.00205177 0.00845858 0.0270865 0.00606742 0.431628 6.0007e-05 
0.00121509 0.00189049 8.50306e-05 0.009405 1.09103e-09 0.000462708 0.924147 0.0099774 0.0242452 8.75196e-05 1.69563e-05 0.00136382 0.000470779 0.00408939 6.81991e-05 2.95082e-05 1.16684e-05 8.76775e-05 0.00238185 5.17912e-05 0.0199128 2.04066e-12 
0.28587 0.00399224 4.65211e-08 0.000155814 0.000920519 3.82128e-08 0.00404044 0.00522973 0.00316668 0.0010115 2.94516e-10 0.000403414 2.17148e-06 0.242245 2.82683e-05 5.35175e-10 0.425844 0.00901171 0.000215352 0.000263229 0.0176005 2.44533e-10 
0.00355634 5.50167e-05 0.000147865 0.000280717 8.48591e-05 1.39783e-06 1.4155e-05 8.3443e-06 1.67672e-05 4.37103e-05 5.57551e-05 6.33481e-08 3.88357e-07 0.0303896 4.60956e-07 1.00583e-11 7.77755e-05 0.965085 4.1866e-06 2.80543e-05 0.000149289 4.59588e-12 
0.0762749 0.00864311 0.0153028 0.00415684 0.000488 4.89148e-08 0.00275514 0.00143392 0.0334085 0.000404761 7.20929e-05 0.00234209 0.000309322 0.13037 5.85263e-08 9.93256e-05 0.43059 0.252878 0.00231521 0.000282562 0.037874 2.65636e-09 
0.000280599 0.000480688 1.30553e-05 0.00119633 1.41282e-05 0.983442 0.000973796 0.00638072 0.00158933 2.89746e-06 2.75708e-05 0.00310412 6.01625e-06 0.000327594 8.9662e-05 0.000164155 5.66509e-06 2.10448e-05 0.000450003 7.53803e-05 0.00135555 1.91972e-08 
0.0014545 0.0297476 1.24903e-05 0.00877733 1.33518e-05 5.66007e-06 0.000451001 0.696171 0.00162449 4.1903e-08 8.87399e-05 9.71087e-05 3.03729e-07 0.00142013 9.56006e-05 8.59057e-07 4.40927e-06 0.00137488 0.00112531 0.00479159 0.252743 6.10428e-12 
0.000280599 0.000480688 1.30553e-05 0.00119633 1.41282e-05 0.983442 0.000973796 0.00638072 0.00158933 2.89746e-06 2.75708e-05 0.00310412 6.01625e-06 0.000327594 8.9662e-05 0.000164155 5.66509e-06 2.10448e-05 0.000450003 7.53803e-05 0.00135555 1.91972e-08 
0.0054173 0.00197568 0.100779 0.0125803 0.00162223 0.0608317 0.0067826 0.0139611 0.0725046 8.83094e-06 0.000926122 0.63808 0.00011813 0.023404 5.88491e-05 2.71366e-06 0.0328163 0.000276254 3.19096e-05 0.0045698 0.0232523 6.29005e-08 
0.000280599 0.000480688 1.30553e-05 0.00119633 1.41282e-05 0.983442 0.000973796 0.00638072 0.00158933 2.89746e-06 2.75708e-05 0.00310412 6.01625e-06 0.000327594 8.9662e-05 0.000164155 5.66509e-06 2.10448e-05 0.000450003 7.53803e-05 0.00135555 1.91972e-08 
0.000280599 0.000480688 1.30553e-05 0.00119633 1.41282e-05 0.983442 0.000973796 0.00638072 0.00158933 2.89746e-06 2.75708e-05 0.00310412 6.01625e-06 0.000327594 8.9662e-05 0.000164155 5.66509e-06 2.10448e-05 0.000450003 7.53803e-05 0.00135555 1.91972e-08 
0.00686374 0.23737 0.00099035 0.042468 0.115331 0.00014297 0.00829511 0.0131226 0.123785 8.53819e-07 0.000692545 3.72941e-05 0.22228 0.0181065 0.000570412 5.13478e-07 0.00252997 0.0015389 0.0374017 0.000481936 0.16799 1.15077e-07 
0.000280599 0.000480688 1.30553e-05 0.00119633 1.41282e-05 0.983442 0.000973796 0.00638072 0.00158933 2.89746e-06 2.75708e-05 0.00310412 6.01625e-06 0.000327594 8.9662e-05 0.000164155 5.66509e-06 2.10448e-05 0.000450003 7.53803e-05 0.00135555 1.91972e-08 
0.0421694 0.0679868 0.0349938 0.0223703 0.047566 5.4776e-06 0.0124757 0.022274 0.137485 0.000127529 0.00069021 0.00250493 9.79669e-05 0.242075 0.00131779 0.000128077 0.00899383 0.0173532 0.00396614 0.00273567 0.332684 4.6197e-11 
0.0549652 0.00123152 0.00198594 0.00328674 0.000326076 2.75781e-05 0.00208483 0.0853651 0.179773 3.15169e-06 1.32925e-05 1.73609e-05 0.000980563 0.0825558 2.21067e-06 2.53091e-06 0.00245862 0.00363661 0.0174624 6.94091e-05 0.563752 2.50174e-07 
0.0265297 0.0112329 0.0512894 0.299979 0.00939914 0.0103934 0.00911786 0.0949751 0.0563354 0.000372107 0.1416 0.00427284 0.000864101 0.0537888 0.0157215 0.010495 0.000714317 0.0114692 0.0611013 0.0319824 0.0983656 1.05272e-06 
0.000633306 6.57043e-05 0.000183213 0.000155062 0.00207479 2.0091e-05 0.000366507 0.00063139 0.000311677 8.12999e-06 6.42661e-05 1.26196e-05 0.989754 0.00176862 1.99026e-05 3.56022e-06 5.74971e-05 0.00017862 0.00267568 3.30322e-05 0.00098227 2.0032e-09 
0.0260237 0.313846 0.00581011 0.0468747 0.00336134 5.53585e-05 0.167222 0.0301158 0.179241 0.00169157 0.000147987 0.00140095 0.00546568 0.0228862 0.00673836 0.000384872 0.00069093 0.00234786 0.011074 0.00683967 0.167754 2.7861e-05 
0.0275474 0.11161 0.000634168 0.00628466 0.530486 0.00103328 0.00366506 0.0984796 0.00967198 0.00736771 0.000251136 0.0248881 0.00466832 0.0374109 0.0343686 0.000269837 0.00113315 0.0135582 0.0107527 2.18987e-05 0.0758968 2.0396e-07 
0.00512421 0.00193184 0.00331935 0.0200657 0.00133881 5.16613e-06 0.00126516 0.00241592 0.159057 0.000291596 1.33866e-05 1.18509e-05 0.00297169 0.0883963 0.00757032 1.46391e-07 0.0339274 0.00524015 0.000743346 0.618287 0.0480235 3.49761e-09 
0.020176 0.00386262 0.0107136 0.0326821 0.102136 0.494467 0.0381143 0.0612676 0.00759607 0.00017013 0.000102206 0.0864425 0.015134 0.0632221 3.09562e-05 0.00118706 0.000929891 0.00880409 0.000717804 0.000904023 0.0513301 9.72352e-06 
0.144113 0.00710058 0.0214501 0.0114726 0.0361172 8.85332e-05 0.223079 0.0197076 0.238916 0.000134464 0.000338482 0.0108641 0.000316394 0.0955482 0.000603801 3.82619e-05 0.00648625 0.0244021 0.0113922 0.00129642 0.146535 3.43199e-11 
0.000280599 0.000480688 1.30553e-05 0.00119633 1.41282e-05 0.983442 0.000973796 0.00638072 0.00158933 2.89746e-06 2.75708e-05 0.00310412 6.01625e-06 0.000327594 8.9662e-05 0.000164155 5.66509e-06 2.10448e-05 0.000450003 7.53803e-05 0.00135555 1.91972e-08 
0.000280599 0.000480688 1.30553e-05 0.00119633 1.41282e-05 0.983442 0.000973796 0.00638072 0.00158933 2.89746e-06 2.75708e-05 0.00310412 6.01625e-06 0.000327594 8.9662e-05 0.000164155 5.66509e-06 2.10448e-05 0.000450003 7.53803e-05 0.00135555 1.91972e-08 
0.0079068 0.0371187 7.41645e-05 0.0369943 0.00196023 0.0196863 0.367737 0.276163 0.0697464 4.65498e-05 0.00627115 0.0245045 0.00257162 0.00612452 0.000701778 0.000894091 5.46544e-05 0.000419243 0.0062618 0.00255224 0.132209 1.96556e-06 
0.0119778 0.0269533 0.00150237 0.0279124 0.00610889 8.72707e-06 0.00156107 0.494319 0.00331116 7.1413e-05 0.000731844 0.00139624 2.68444e-05 0.00520094 0.00207196 4.4903e-08 4.54325e-05 0.000386937 0.000122155 0.230294 0.185998 8.86134e-12 
0.136672 0.00444953 0.00354005 0.137634 0.00506079 0.128728 0.0242568 0.0475489 0.0224114 0.00488176 0.000451435 0.186536 0.00223602 0.0316815 2.11023e-05 0.000414846 0.237504 0.0061515 0.00282766 0.00114449 0.0158472 1.18215e-08 
0.0154616 0.0207997 0.000325081 0.0741312 0.00153082 0.00472212 0.0910471 0.176297 0.35407 0.000181221 9.89024e-05 0.00790564 0.000443587 0.0151408 0.00250692 0.0102719 0.00750192 0.00760667 0.0540795 0.000432419 0.155445 2.85763e-08 
0.0343843 0.0340069 0.000747302 0.272147 0.00483448 2.506e-05 0.000192656 0.126268 0.000564322 0.000128208 0.00360686 0.000482939 0.000182387 0.0143465 0.00148664 0.000874609 0.00136296 0.000636063 0.0751242 0.0358269 0.392771 1.02612e-08 
0.000280599 0.000480688 1.30553e-05 0.00119633 1.41282e-05 0.983442 0.000973796 0.00638072 0.00158933 2.89746e-06 2.75708e-05 0.00310412 6.01625e-06 0.000327594 8.9662e-05 0.000164155 5.66509e-06 2.10448e-05 0.000450003 7.53803e-05 0.00135555 1.91972e-08 
0.000280599 0.000480688 1.30553e-05 0.00119633 1.41282e-05 0.983442 0.000973796 0.00638072 0.00158933 2.89746e-06 2.75708e-05 0.00310412 6.01625e-06 0.000327594 8.9662e-05 0.000164155 5.66509e-06 2.10448e-05 0.000450003 7.53803e-05 0.00135555 1.91972e-08 
0.0323087 0.331411 0.0152778 0.0473185 0.0137536 0.00068212 0.0101214 0.0393277 0.229452 0.00142704 0.000527327 0.0341233 0.00179528 0.0690626 0.00431222 0.0025063 0.0099003 0.0290071 0.0680159 0.00149581 0.0581736 4.0575e-07 
0.0668673 0.0287598 0.0103054 0.0730238 0.00864466 0.0125247 0.0269993 0.0590366 0.259736 0.000711852 0.00841129 0.0898255 0.00111249 0.053699 0.00392852 0.000484426 0.0106926 0.00990284 0.0178498 0.00486104 0.252582 4.05954e-05 
0.093696 0.00290729 0.038716 0.159291 0.00413311 0.000579437 0.237236 0.0443793 0.179673 0.00248572 0.000204563 0.0204824 0.00822096 0.0894461 7.30049e-05 5.93956e-06 0.00179613 7.22435e-05 0.0290642 0.000814979 0.0867229 1.98537e-09 
0.0969906 0.00695593 0.000395155 0.0120482 0.00283459 0.078694 0.00666893 0.158251 0.0143221 0.000366144 1.55898e-06 0.526913 0.000254492 0.0677892 0.000152546 7.49951e-06 0.000394798 0.00280146 0.00107565 0.000924925 0.022158 1.79956e-08 
0.0955541 0.00927951 0.00726609 0.127716 0.0395106 5.78294e-05 0.00315024 0.136411 0.000983386 0.00274652 0.0143124 0.0448243 0.181233 0.139464 0.0166958 3.04758e-05 9.18339e-05 0.0667782 0.00775655 0.0146176 0.09152 4.10358e-08 
0.000280599 0.000480688 1.30553e-05 0.00119633 1.41282e-05 0.983442 0.000973796 0.00638072 0.00158933 2.89746e-06 2.75708e-05 0.00310412 6.01625e-06 0.000327594 8.9662e-05 0.000164155 5.66509e-06 2.10448e-05 0.000450003 7.53803e-05 0.00135555 1.91972e-08 
0.000280599 0.000480688 1.30553e-05 0.00119633 1.41282e-05 0.983442 0.000973796 0.00638072 0.00158933 2.89746e-06 2.75708e-05 0.00310412 6.01625e-06 0.000327594 8.9662e-05 0.000164155 5.66509e-06 2.10448e-05 0.000450003 7.53803e-05 0.00135555 1.91972e-08 
0.00904044 0.0167976 6.62521e-05 0.017357 0.00639199 0.00273857 0.0115645 0.562584 0.00986883 1.52112e-05 0.0001719 0.00916784 0.000152996 0.00790036 0.000472099 0.00210351 0.00233011 0.00755612 0.00467026 0.0133499 0.3157 8.18314e-09 
0.000280599 0.000480688 1.30553e-05 0.00119633 1.41282e-05 0.983442 0.000973796 0.00638072 0.00158933 2.89746e-06 2.75708e-05 0.00310412 6.01625e-06 0.000327594 8.9662e-05 0.000164155 5.66509e-06 2.10448e-05 0.000450003 7.53803e-05 0.00135555 1.91972e-08 
0.003492 0.00145655 0.000652515 0.00087227 0.000992736 2.76343e-05 0.00133611 0.00256234 0.0224228 0.000382731 4.2773e-05 0.00364226 0.000507712 0.0497139 5.29191e-05 2.08617e-06 0.00320432 0.884635 0.00150688 8.0703e-05 0.022414 1.98312e-07 
0.00333133 0.013626 0.000282573 0.0245838 0.00119582 0.130645 0.0154099 0.489761 0.002399 5.35071e-05 0.000224012 0.0914481 0.0192338 0.0172863 0.000582256 0.00113594 0.000712708 0.0434586 0.0109551 0.00305396 0.130621 9.97415e-09 
0.00904044 0.0167976 6.62521e-05 0.017357 0.00639199 0.00273857 0.0115645 0.562584 0.00986883 1.52112e-05 0.0001719 0.00916784 0.000152996 0.00790036 0.000472099 0.00210351 0.00233011 0.00755612 0.00467026 0.0133499 0.3157 8.18314e-09 
0.00330103 0.192252 3.79877e-05 0.00296375 0.00172555 4.04455e-05 0.71404 0.003592 0.0142597 2.93289e-06 1.04745e-05 0.00260922 0.000215483 0.00278418 0.000518703 8.54975e-06 0.00373155 0.0206817 0.00199178 1.55805e-05 0.0352174 2.65256e-09 
0.0451999 0.0288289 0.00364693 0.0347984 0.0828349 0.00966241 0.0565651 0.0112431 0.493144 0.000802058 0.00028333 0.00499617 0.00319128 0.104687 0.0206463 0.000402999 0.00866837 0.0132833 0.0241701 0.00136707 0.0514506 0.000127741 
0.0235351 0.0300924 0.000605388 0.00901332 0.000267711 9.58559e-06 0.00924283 0.0014927 0.818729 2.38438e-05 6.18787e-05 0.00143419 0.000125298 0.0112458 0.000266923 5.73602e-06 0.00170331 0.0012542 0.0148155 0.000287717 0.0757874 4.42631e-08 
0.000280599 0.000480688 1.30553e-05 0.00119633 1.41282e-05 0.983442 0.000973796 0.00638072 0.00158933 2.89746e-06 2.75708e-05 0.00310412 6.01625e-06 0.000327594 8.9662e-05 0.000164155 5.66509e-06 2.10448e-05 0.000450003 7.53803e-05 0.00135555 1.91972e-08 
0.000280599 0.000480688 1.30553e-05 0.00119633 1.41282e-05 0.983442 0.000973796 0.00638072 0.00158933 2.89746e-06 2.75708e-05 0.00310412 6.01625e-06 0.000327594 8.9662e-05 0.000164155 5.66509e-06 2.10448e-05 0.000450003 7.53803e-05 0.00135555 1.91972e-08 
0.0990045 0.000121272 4.39326e-05 0.0889883 0.00290333 3.77469e-05 7.31928e-05 0.00617067 0.449132 2.19647e-05 6.40289e-05 0.000774063 0.000941387 0.286222 0.00222436 1.18915e-05 7.89401e-05 2.4412e-06 0.0221934 0.015257 0.0257342 4.60288e-09 
0.0300071 0.0132958 0.00664539 0.0967282 0.0100884 0.0207109 0.00144293 0.0699561 0.0486737 0.00049184 0.00281596 0.000344881 0.00229269 0.0466846 0.0129681 4.04336e-05 0.00456401 0.00858761 0.00739861 0.145141 0.471095 2.65897e-05 
0.143241 0.187156 0.0119356 0.0278783 0.09265 0.00985586 0.0044108 0.0445782 0.0675851 0.000348507 0.00437938 0.0248798 0.000395844 0.08231 0.00266438 0.000131108 0.0116355 0.00733611 0.025042 0.01085 0.240726 1.05471e-05 
0.0286843 0.0921182 0.00203862 0.125257 0.0144909 0.00214009 0.0188722 0.118798 0.0996063 3.20264e-05 0.0449102 0.00141595 0.000546708 0.0139706 0.0135094 0.000501321 0.00189245 0.0233498 0.158912 0.00702074 0.231928 4.40648e-06 
0.000280599 0.000480688 1.30553e-05 0.00119633 1.41282e-05 0.983442 0.000973796 0.00638072 0.00158933 2.89746e-06 2.75708e-05 0.00310412 6.01625e-06 0.000327594 8.9662e-05 0.000164155 5.66509e-06 2.10448e-05 0.000450003 7.53803e-05 0.00135555 1.91972e-08 
0.0110149 0.00738508 0.00060215 0.0303898 0.000470714 0.210841 0.556244 0.0532314 0.0420027 0.000801942 0.000346173 0.00999589 0.00573591 0.0171568 0.00106155 0.00100522 0.00900309 0.00432901 0.0152691 0.000829073 0.0222843 5.2663e-07 
0.0482375 0.44308 3.42904e-06 0.0258039 0.0987236 6.23011e-06 0.0161287 0.00506368 0.0825898 7.36386e-05 0.00379246 0.000114051 0.000637105 0.000165304 0.00906739 1.77008e-05 4.75385e-05 3.33256e-06 0.184741 5.4728e-05 0.0816483 9.40346e-07 
0.000280599 0.000480688 1.30553e-05 0.00119633 1.41282e-05 0.983442 0.000973796 0.00638072 0.00158933 2.89746e-06 2.75708e-05 0.00310412 6.01625e-06 0.000327594 8.9662e-05 0.000164155 5.66509e-06 2.10448e-05 0.000450003 7.53803e-05 0.00135555 1.91972e-08 
0.00145558 0.00912909 0.000436325 0.00541975 0.0035947 0.000189592 0.0386077 0.14604 0.00291647 6.02821e-05 0.00380317 0.000356699 0.738106 0.00986299 0.00207664 3.21502e-05 0.000813859 0.00278212 0.00176508 0.00352633 0.0290219 2.83374e-06 
0.00771431 0.0201708 0.000665041 0.421802 0.0191 0.00217814 0.00168862 0.161499 0.0110677 0.00338365 0.0129166 0.0018599 2.78573e-05 0.0325164 0.113749 9.75711e-05 0.00030354 0.000188794 0.0648912 0.0121394 0.11204 9.87264e-08 
0.136663 0.0381285 0.0019409 0.059743 1.70269e-07 1.70276e-07 0.00708281 0.0248481 0.240658 0.000714228 0.00122529 0.00183849 0.0011062 0.0537179 0.0118806 0.000272185 0.00260466 0.00650558 0.0616095 1.70232e-07 0.349461 1.70186e-07 
0.0286527 0.0337182 6.09505e-05 0.00805348 0.163693 0.000310657 0.00691483 0.257812 0.00426302 0.00245571 8.87e-07 0.435818 0.0130787 0.0016406 0.000841661 5.24736e-10 2.38637e-06 0.000230063 0.000478259 0.00150108 0.0404746 2.39764e-10 
0.000280599 0.000480688 1.30553e-05 0.00119633 1.41282e-05 0.983442 0.000973796 0.00638072 0.00158933 2.89746e-06 2.75708e-05 0.00310412 6.01625e-06 0.000327594 8.9662e-05 0.000164155 5.66509e-06 2.10448e-05 0.000450003 7.53803e-05 0.00135555 1.91972e-08 
0.00428411 0.00198766 0.000730232 0.0017847 0.00233715 1.29741e-05 8.22737e-05 0.00360616 0.00229829 0.000212964 0.00104552 0.000532673 0.00268657 0.074192 6.09076e-05 0.00537396 0.00120328 0.852574 0.00497295 0.000304632 0.0397163 2.94623e-07 
0.128268 0.019704 0.00195599 0.0872367 8.84272e-06 9.40056e-07 0.000227259 0.0355943 0.0223454 9.71065e-07 0.0888894 0.000190258 5.92144e-06 0.016467 0.00531556 0.00260711 0.0702932 0.165608 0.0550184 0.000122346 0.30014 7.34955e-10 
0.0161785 0.0112947 0.041939 0.0519973 0.0124725 0.00279527 9.17037e-05 0.0281678 0.0412036 0.000778842 0.00155686 0.00280126 0.0118354 0.566859 0.013914 6.69973e-05 0.00411993 0.0473327 0.00298185 0.017657 0.123953 2.69064e-06 
0.000280599 0.000480688 1.30553e-05 0.00119633 1.41282e-05 0.983442 0.000973796 0.00638072 0.00158933 2.89746e-06 2.75708e-05 0.00310412 6.01625e-06 0.000327594 8.9662e-05 0.000164155 5.66509e-06 2.10448e-05 0.000450003 7.53803e-05 0.00135555 1.91972e-08 
0.000280599 0.000480688 1.30553e-05 0.00119633 1.41282e-05 0.983442 0.000973796 0.00638072 0.00158933 2.89746e-06 2.75708e-05 0.00310412 6.01625e-06 0.000327594 8.9662e-05 0.000164155 5.66509e-06 2.10448e-05 0.000450003 7.53803e-05 0.00135555 1.91972e-08 
0.0314249 0.00763301 0.0594173 0.0897568 0.462683 0.00427188 0.00898566 0.0416965 0.0266179 7.91921e-05 0.0512312 6.29518e-06 0.0281781 0.0306776 0.0219234 3.79525e-06 0.00167491 0.000223323 0.000500304 0.120866 0.0121482 1.24662e-06 
0.0490824 0.00587447 0.00739031 0.0111717 0.0055023 0.000129889 0.00526005 0.0129225 0.0225453 0.00274946 0.000259552 0.0098867 0.00170751 0.422534 0.0039099 0.000291067 0.0304778 0.333449 0.0159888 0.00200008 0.056768 9.87516e-05 
0.0185041 8.54557e-05 0.340809 0.04975 0.00133115 1.24597e-06 1.26241e-05 0.0112404 0.299061 5.66346e-06 1.96899e-07 0.00255285 0.000160893 0.0347939 0.000375562 3.46823e-08 0.013803 0.000485925 0.0193255 0.00134319 0.206358 1.80423e-08 
0.000280599 0.000480688 1.30553e-05 0.00119633 1.41282e-05 0.983442 0.000973796 0.00638072 0.00158933 2.89746e-06 2.75708e-05 0.00310412 6.01625e-06 0.000327594 8.9662e-05 0.000164155 5.66509e-06 2.10448e-05 0.000450003 7.53803e-05 0.00135555 1.91972e-08 
0.0544432 2.68722e-07 0.901857 0.00115913 0.00421511 4.26355e-08 3.37555e-05 0.00020671 0.00171935 0.00123903 6.16184e-10 0.0047695 4.03549e-08 0.0248061 7.37454e-05 4.82165e-07 0.000880951 9.00497e-06 0.000241972 0.000295968 0.00404873 5.11611e-10 
0.0625596 0.0266699 0.00419147 0.0109404 0.347285 0.000503387 0.000232335 0.0599155 0.0369553 0.00526707 0.000182515 0.137249 0.000135145 0.13303 0.000531683 0.000279615 0.112579 0.0162352 0.00114656 0.0244451 0.0196631 2.82665e-06 
0.039817 0.0148365 0.029225 0.00823993 0.071532 0.000460277 0.00176707 0.500708 0.00886322 0.000590553 0.00408869 0.00731447 0.0083026 0.162954 0.00122879 6.05818e-05 0.000843249 0.103032 0.000644166 0.00171069 0.0337749 6.99248e-06 
0.0580507 0.056345 0.00827075 0.0792795 0.0298225 0.00108579 0.030524 0.0702584 0.206634 0.00106919 0.0132785 0.011656 0.00455349 0.068095 0.017397 0.000607279 0.00224421 0.0375221 0.051565 0.0295278 0.222066 0.000147995 
0.00822834 0.00452206 0.000208082 0.00936394 0.000491035 0.0108563 0.854628 0.0166005 0.0463434 0.000469262 0.000107572 0.00283542 0.000703274 0.00836984 0.000291313 0.00069758 0.00012534 0.00476176 0.0161825 4.73528e-05 0.0141671 1.13643e-10 
0.099362 0.0384131 0.00653708 0.0467724 0.509653 8.9598e-05 0.00271784 0.0676093 0.0134662 0.000379169 0.000781745 0.000777319 0.00209816 0.0119472 0.00561468 1.29016e-05 0.00179743 0.00184616 0.00346704 0.119536 0.0671219 3.09271e-08 
0.000280599 0.000480688 1.30553e-05 0.00119633 1.41282e-05 0.983442 0.000973796 0.00638072 0.00158933 2.89746e-06 2.75708e-05 0.00310412 6.01625e-06 0.000327594 8.9662e-05 0.000164155 5.66509e-06 2.10448e-05 0.000450003 7.53803e-05 0.00135555 1.91972e-08 
0.00342872 0.00190749 0.000937008 0.942706 0.000508002 2.76513e-05 4.11014e-05 0.00334215 0.0038182 1.57643e-05 0.00111706 8.16642e-06 2.48607e-06 0.00710066 0.000416502 5.1893e-06 0.000173008 0.000920488 0.00320329 0.000504452 0.0298162 1.33422e-08 
0.16585 0.0242713 0.000411282 0.0479981 0.00601225 0.0001375 0.0117693 0.238012 0.0980385 0.000475064 0.00704281 0.0130664 0.00289722 0.0945922 0.00990518 3.77695e-05 0.0194032 0.0862049 0.0767042 0.00280482 0.0943655 9.29809e-08 
0.013872 0.0103602 0.000395535 0.020513 0.00229157 0.098632 0.523859 0.0396788 0.0800096 0.000905211 0.000288266 0.00669015 0.000824739 0.0446687 1.60586e-05 0.00121306 0.0269701 0.024962 0.00599527 0.000974135 0.0968799 4.94869e-07 
0.000280599 0.000480688 1.30553e-05 0.00119633 1.41282e-05 0.983442 0.000973796 0.00638072 0.00158933 2.89746e-06 2.75708e-05 0.00310412 6.01625e-06 0.000327594 8.9662e-05 0.000164155 5.66509e-06 2.10448e-05 0.000450003 7.53803e-05 0.00135555 1.91972e-08 
0.000280599 0.000480688 1.30553e-05 0.00119633 1.41282e-05 0.983442 0.000973796 0.00638072 0.00158933 2.89746e-06 2.75708e-05 0.00310412 6.01625e-06 0.000327594 8.9662e-05 0.000164155 5.66509e-06 2.10448e-05 0.000450003 7.53803e-05 0.00135555 1.91972e-08 
0.810592 6.5477e-07 0.00942038 0.0379149 0.0242305 8.04043e-06 4.12145e-05 0.0255785 0.000549638 0.000321287 0.000642989 5.69246e-07 0.00218985 0.0519314 2.37753e-08 3.33121e-07 1.59304e-05 0.00353934 4.23563e-07 0.0213104 0.0117118 1.44844e-08 
0.000280599 0.000480688 1.30553e-05 0.00119633 1.41282e-05 0.983442 0.000973796 0.00638072 0.00158933 2.89746e-06 2.75708e-05 0.00310412 6.01625e-06 0.000327594 8.9662e-05 0.000164155 5.66509e-06 2.10448e-05 0.000450003 7.53803e-05 0.00135555 1.91972e-08 
5.65387e-05 3.0718e-06 0.000968936 0.00148181 0.00119182 2.45944e-05 5.6404e-05 2.23883e-06 4.5085e-06 0.000486489 5.79958e-06 0.98634 1.08446e-07 0.00853954 7.70591e-07 1.17021e-07 6.53031e-05 0.000239463 0.000273934 2.22562e-05 0.000235856 9.76804e-10 
0.0154431 0.0331415 0.00902123 0.00991326 0.000123665 1.03217e-05 0.000699056 0.0082329 0.189597 0.0076277 0.0131172 0.000493464 4.57572e-05 0.00894155 0.00454291 5.25052e-06 9.96854e-06 0.014333 0.62568 0.00114666 0.0578748 2.48452e-08 
0.0508788 0.0841714 0.00330558 0.0196223 0.00600352 0.000126707 0.216148 0.0406882 0.0990705 0.000452866 0.00152029 0.00186609 0.00247477 0.0726002 0.0042472 8.15946e-06 0.00399413 0.00312112 0.00496026 0.00251374 0.382224 2.17868e-06 
0.350086 0.0579945 0.0026114 0.0286594 0.0190185 0.000411504 0.0930543 0.0401156 0.113875 0.00314879 0.000357539 0.00405877 0.000530767 0.0976171 0.00412529 6.45402e-06 0.0150061 0.00274094 0.0198375 0.000303741 0.146437 3.8231e-06 
0.000280599 0.000480688 1.30553e-05 0.00119633 1.41282e-05 0.983442 0.000973796 0.00638072 0.00158933 2.89746e-06 2.75708e-05 0.00310412 6.01625e-06 0.000327594 8.9662e-05 0.000164155 5.66509e-06 2.10448e-05 0.000450003 7.53803e-05 0.00135555 1.91972e-08 
0.137409 0.00352719 0.0102262 0.00652353 0.0453252 2.06683e-06 0.000639102 0.00282737 0.00388296 0.00012218 0.00017226 8.38482e-05 9.66985e-05 0.133349 0.000313103 9.45927e-05 0.640755 0.00158788 0.0015484 0.00226386 0.00925135 1.01802e-10 
0.0140241 0.114144 0.00181076 0.039475 0.000474457 1.82538e-05 0.000319385 0.544136 0.0148277 0.000104802 0.000712508 0.00360268 0.00068396 0.0206494 0.00187416 0.00390293 0.000211083 0.0257615 0.00438676 0.0107725 0.198107 1.94017e-06 
0.0333739 0.0248409 0.0566253 0.0427288 0.00502967 1.27983e-05 0.00316685 0.0912579 0.371925 6.30454e-05 0.00614909 0.0227811 9.79025e-06 0.0740201 0.0103336 3.34443e-06 0.0183428 0.0427812 0.0586895 9.86958e-05 0.137767 5.88413e-08 
0.000280599 0.000480688 1.30553e-05 0.00119633 1.41282e-05 0.983442 0.000973796 0.00638072 0.00158933 2.89746e-06 2.75708e-05 0.00310412 6.01625e-06 0.000327594 8.9662e-05 0.000164155 5.66509e-06 2.10448e-05 0.000450003 7.53803e-05 0.00135555 1.91972e-08 
0.000280599 0.000480688 1.30553e-05 0.00119633 1.41282e-05 0.983442 0.000973796 0.00638072 0.00158933 2.89746e-06 2.75708e-05 0.00310412 6.01625e-06 0.000327594 8.9662e-05 0.000164155 5.66509e-06 2.10448e-05 0.000450003 7.53803e-05 0.00135555 1.91972e-08 
0.0400606 0.00943566 0.00112877 0.0194685 0.00361865 8.1143e-05 0.0109872 0.0349208 0.312542 0.000155259 0.00553777 0.00171689 0.00162969 0.0181468 0.0119484 5.57221e-06 0.000775315 0.0241537 0.0304857 0.0242893 0.448912 2.94807e-11 
0.0200532 0.0458299 0.0018331 0.0648305 0.0114956 0.00309553 0.262076 0.0847289 0.0882991 0.000389391 0.0197974 0.00856575 0.00154051 0.0140688 0.0184293 0.00116537 0.000709904 0.000516551 0.25021 0.0077995 0.0945222 4.32057e-05 
0.0147371 0.00813469 0.0575143 0.0371229 0.0523793 0.000244168 0.00830664 0.0541979 0.0553404 0.000166936 0.404137 0.000622612 0.00500714 0.0753824 0.00820861 9.66542e-05 0.00102407 0.00027754 0.179878 0.00478637 0.032419 1.57119e-05 
0.0962633 0.0175659 0.0196118 0.0101654 0.00292324 0.0208916 0.000273402 0.0219338 0.0145166 0.00122514 0.00313241 3.06464e-05 0.000316621 0.311116 0.000430835 6.58901e-07 0.037313 0.233588 0.00889684 0.0106754 0.189129 5.5046e-07 
0.000280599 0.000480688 1.30553e-05 0.00119633 1.41282e-05 0.983442 0.000973796 0.00638072 0.00158933 2.89746e-06 2.75708e-05 0.00310412 6.01625e-06 0.000327594 8.9662e-05 0.000164155 5.66509e-06 2.10448e-05 0.000450003 7.53803e-05 0.00135555 1.91972e-08 
0.0339093 0.00608587 0.0192235 0.0287647 0.0260296 1.96969e-05 0.000104786 0.502042 0.00752516 6.26691e-05 0.00145276 0.00019567 4.64807e-05 0.0201864 0.00100634 0.000346781 3.56402e-05 0.000970452 0.00443235 0.27597 0.0715863 3.81837e-06 
0.00313531 0.00164792 0.00162212 0.00493967 0.880185 1.97748e-05 0.000829148 0.0461313 0.00186162 0.000475258 0.000917248 6.29824e-05 0.000250396 0.0251959 0.00257009 0.000251865 0.0111736 0.00523021 7.24929e-05 0.00713426 0.00629403 1.04944e-08 
0.334675 0.0124101 0.00486188 0.06789 0.0672648 3.60468e-05 0.00100351 0.0104295 0.107942 0.000221881 0.000140116 0.0159375 8.34171e-05 0.138048 0.00139 1.4555e-05 0.0280332 0.14778 0.00283547 0.000338389 0.0586639 1.26946e-06 
0.000280599 0.000480688 1.30553e-05 0.00119633 1.41282e-05 0.983442 0.000973796 0.00638072 0.00158933 2.89746e-06 2.75708e-05 0.00310412 6.01625e-06 0.000327594 8.9662e-05 0.000164155 5.66509e-06 2.10448e-05 0.000450003 7.53803e-05 0.00135555 1.91972e-08 
0.000280599 0.000480688 1.30553e-05 0.00119633 1.41282e-05 0.983442 0.000973796 0.00638072 0.00158933 2.89746e-06 2.75708e-05 0.00310412 6.01625e-06 0.000327594 8.9662e-05 0.000164155 5.66509e-06 2.10448e-05 0.000450003 7.53803e-05 0.00135555 1.91972e-08 
0.137519 0.0331199 0.00788991 0.00629686 0.0123742 0.000221566 0.0150956 0.0455936 0.0383899 0.000676553 0.00448317 0.000474809 0.000229377 0.332261 0.01288 1.3108e-05 0.0506821 0.0420575 0.0277536 0.00120832 0.230772 7.80948e-06 
0.000280599 0.000480688 1.30553e-05 0.00119633 1.41282e-05 0.983442 0.000973796 0.00638072 0.00158933 2.89746e-06 2.75708e-05 0.00310412 6.01625e-06 0.000327594 8.9662e-05 0.000164155 5.66509e-06 2.10448e-05 0.000450003 7.53803e-05 0.00135555 1.91972e-08 
0.0174664 0.1762 0.0109576 0.0557867 0.00142685 6.38955e-05 0.103084 0.018128 0.056519 0.000369171 0.00059825 0.00115922 0.00050345 0.0876986 0.0024029 7.43199e-05 0.000974595 9.39154e-05 0.372638 1.2276e-06 0.0938539 1.94738e-08 
0.00198382 0.00160749 0.00117613 0.00227999 0.00650296 0.0270785 0.00230869 0.0101318 0.00275466 9.9569e-06 2.50355e-05 0.886118 0.00225773 0.0366952 2.32412e-08 0.00142034 0.000611882 0.0148011 3.05646e-05 0.000798633 0.0014079 1.11431e-09 
0.0184768 0.0119753 0.00275581 0.090104 4.40416e-05 2.31396e-09 2.73159e-05 0.0334574 0.00524666 0.000144445 4.61872e-05 1.11625e-05 1.01379e-10 0.0218877 0.000164854 5.39798e-07 4.35057e-05 0.00232644 0.00450246 0.000922249 0.807863 9.16616e-11 
