0.0123643 0.0311787 0.001619 0.378632 0.000717092 0.00466078 0.0239316 0.0669481 0.0793621 0.00285345 8.66084e-05 0.0065197 8.45972e-05 0.0504768 0.000661568 4.44464e-05 0.00144701 0.000682134 0.0537624 8.71142e-05 0.283879 1.46132e-06 
0.0265859 0.0228598 0.00718395 0.460697 0.00958241 0.00501168 0.0207802 0.195833 0.0262113 0.000699998 0.0170298 0.00836839 0.00375093 0.0292779 0.009835 0.00132421 0.00117825 0.00337072 0.0675661 0.0185464 0.063151 0.00115635 
0.0251345 0.020999 0.0073908 0.296714 0.015272 0.0159393 0.126 0.0483863 0.0632319 0.000626424 0.00501182 0.0115947 0.133036 0.0715339 0.00154751 0.0087897 0.00191688 0.0295189 0.023591 0.00372103 0.0900137 3.04153e-05 
0.086457 0.00578787 0.0170318 0.306351 0.00747026 2.35028e-05 0.00142107 0.0181835 0.131684 0.00231034 0.0227446 0.000398197 4.95514e-05 0.104186 0.0183124 0.000157122 0.0270514 0.00340042 0.00253208 0.00306112 0.241362 2.42779e-05 
0.0259038 0.00607174 0.0508305 0.628608 0.00308121 5.84172e-06 0.000310372 0.0358876 0.0339956 8.95549e-05 0.00698188 0.000590887 3.94171e-05 0.131542 0.0259366 0.00174823 0.00347796 0.000367636 0.00409092 0.0210518 0.0181234 0.00126539 
0.0769319 0.00189099 0.00535158 0.30357 0.0112511 0.0557652 0.00593504 0.274712 0.00486634 0.00327917 0.000149459 0.0145065 0.000978759 0.0465331 0.000951467 5.81339e-05 6.55372e-06 7.26767e-05 0.138582 0.00571654 0.0488886 2.23054e-06 
0.284225 0.00283666 0.0233008 0.316699 0.0124103 3.63725e-05 0.000333008 0.00749176 0.105929 7.56639e-05 0.000191736 0.00273992 0.00227228 0.101237 0.00388385 6.25001e-05 0.0127716 0.0010509 0.00134804 0.00751437 0.0942905 0.0192991 
0.0144021 0.0276952 0.00342731 0.361001 0.0113056 0.00101026 0.00735386 0.328688 0.0368717 0.00066599 0.000696309 0.0111732 0.000171106 0.0682126 0.0072554 0.00371017 0.00129237 0.0143189 0.0380532 0.00884796 0.0336804 0.0201678 
0.00821882 0.00447453 0.000500932 0.520443 0.00197498 2.54682e-05 0.25602 0.00633129 0.0840615 7.07937e-07 0.00263988 0.00234669 6.84614e-05 0.00276467 0.00331298 1.13858e-05 0.00613181 5.15931e-05 0.0436741 0.01236 0.0445844 2.35989e-06 
0.0129393 0.0281381 0.0194379 0.193094 0.033591 5.94899e-05 0.00210865 0.169913 0.0364654 0.00141439 0.00837243 0.00404838 0.0151196 0.18255 0.0716208 0.00276274 0.0430091 0.0866138 0.0137406 0.000565166 0.0744348 1.17433e-06 
0.00870904 0.0239536 0.00228676 0.525798 0.00883519 0.00119931 0.00644211 0.101546 0.0136103 3.47108e-05 0.0038008 0.00367837 0.000137162 0.0078505 0.00926037 7.82314e-05 0.00170398 0.000287543 0.105317 0.0540992 0.121319 5.41976e-05 
0.0761026 0.0185316 0.0330358 0.310805 0.00120127 2.71327e-05 0.00129126 0.0259089 0.174057 0.000272893 1.52736e-05 0.00991388 0.000912843 0.0177896 0.00170013 0.00060225 0.000961525 0.00418979 0.0966979 0.134383 0.0915996 4.07644e-07 
0.000999846 0.000622481 0.000256507 0.725018 0.000990257 0.000158983 0.0188082 0.088561 0.00233658 0.000135189 0.0967517 0.00330696 8.63031e-08 0.0137799 0.00691373 0.000214708 3.11867e-05 0.00274137 0.0200211 4.56025e-05 0.0179907 0.000315769 
0.00366998 0.00127338 0.000726444 0.665293 0.000142184 3.78212e-06 0.000300516 0.000823494 0.0233576 9.96933e-05 6.28087e-05 1.60318e-05 4.67258e-05 0.0780529 0.0263027 4.53781e-06 0.00923472 1.93936e-05 0.0338806 0.0950471 0.0616381 4.14648e-06 
0.00725471 0.00153614 0.000175655 0.514562 0.000105652 0.0170322 0.0390637 0.0363975 0.249981 7.06981e-05 0.000627332 0.00148673 0.000289867 0.016843 0.000734104 0.000187023 0.000834043 0.00351176 0.0228423 0.00242171 0.0840405 2.55627e-06 
0.016006 0.00403399 0.0119785 0.745633 0.0325883 5.90781e-06 0.00116947 0.0381676 0.00191178 3.39699e-05 9.17916e-05 0.000151644 0.000107784 0.00200736 0.067978 0.000678463 0.020831 5.89811e-05 0.000389616 0.00621069 0.0166386 0.0333273 
0.139114 0.0053319 9.7678e-05 0.32545 0.000740554 0.0346781 0.00361702 0.174636 0.0294817 0.000108441 0.000403178 0.0104823 4.69318e-07 0.0144717 0.00127297 0.109797 0.000271444 0.0235334 0.0295495 0.00211029 0.0948521 1.20191e-08 
0.00092438 0.00198127 5.26541e-05 0.763202 1.48714e-08 4.02238e-06 0.000309027 0.000725095 0.170613 8.60779e-05 0.000191555 2.71994e-08 4.22139e-05 0.00105366 0.00605182 7.41248e-08 2.41975e-08 7.08866e-06 0.0227663 6.45527e-05 0.0318782 4.63385e-05 
0.0204395 0.0249416 0.00342847 0.656657 0.0222388 0.000307484 0.0019892 0.077128 0.00869666 1.19049e-06 0.0018008 0.00971628 0.000206094 0.0792204 0.00827618 0.00023037 0.0135019 0.00162127 0.0221443 0.0145215 0.0329317 1.32921e-06 
0.0142199 0.00452379 0.000366478 0.512739 0.00131901 1.79342e-08 0.000122261 0.255693 0.0441779 7.14712e-08 0.00123166 1.71984e-05 1.21222e-08 0.00349902 0.0025426 2.36418e-05 3.42601e-08 0.0085366 0.00634847 0.00191562 0.142724 6.7844e-08 
0.05273 0.0335101 0.0119444 0.284981 3.85827e-05 9.68692e-06 0.00341906 0.152122 0.178584 0.000302489 0.000614795 0.00158106 4.16305e-07 0.0439084 0.00709304 0.000175979 0.00243849 0.00395637 0.0208779 0.0517774 0.149838 9.72022e-05 
0.020011 0.0239635 0.00487779 0.313129 0.0251735 3.72678e-05 0.0246627 0.261872 0.00484298 0.0105669 0.00934569 0.00166663 0.00218011 0.0555491 0.0422842 0.000363752 0.0272056 0.00652456 0.0905719 0.00816656 0.0669571 4.83305e-05 
0.0223667 0.00832515 0.0112813 0.687294 0.0114881 0.00617525 0.000300945 0.0623794 0.00376642 1.57131e-05 0.00598958 0.000291811 0.000472658 0.00448685 0.00234935 9.88042e-07 0.000337115 0.00789235 0.0947471 0.00659036 0.063448 9.41452e-07 
0.000151055 0.0170449 0.000705737 0.892241 0.0283659 2.67521e-07 1.29942e-05 8.79477e-05 0.000115741 1.07243e-05 2.75474e-05 3.30349e-06 2.21789e-05 6.80651e-05 0.00048098 2.15793e-05 1.84172e-05 7.45852e-06 1.81923e-05 0.00992881 0.0506652 1.73571e-06 
0.00977538 0.0292058 0.00391227 0.473173 0.0150267 0.000807072 0.0217565 0.055839 0.0455872 0.000167196 0.0126572 0.00161201 0.000994598 0.0202798 0.000625084 0.000437701 0.000453201 0.0221423 0.0305584 0.0622752 0.192714 4.68233e-09 
0.032685 0.0187453 2.66987e-05 0.568117 3.14424e-05 6.44511e-07 1.65599e-06 0.0079813 0.00885535 2.5138e-05 0.00300539 9.27889e-07 4.28282e-05 0.0150007 8.33825e-05 3.42173e-06 0.000181158 0.00241967 0.0248655 1.33308e-07 0.317927 4.54509e-09 
0.0122984 0.156961 0.000151704 0.526167 0.000405435 0.000788851 0.00224013 0.0291003 0.0107774 1.17877e-05 0.00570149 0.00771405 0.00422635 0.0342375 0.0171852 8.28696e-06 8.36108e-05 0.000213174 0.0700153 0.00168876 0.120024 1.73895e-10 
0.0350115 0.0188103 0.0073262 0.450955 0.0275672 0.0696588 0.00167299 0.0376792 0.0592585 0.000101686 0.00184982 0.000802565 3.85311e-05 0.0196704 0.0204461 0.000130542 0.00010773 0.00119175 0.0198793 0.0449107 0.182931 2.31028e-07 
0.0101627 0.0198108 0.0114639 0.533256 0.00104645 1.18686e-05 0.00165632 0.00983396 0.0840279 0.000254946 0.00475239 3.41167e-05 5.817e-06 0.00817369 2.53581e-05 4.01066e-06 0.00018224 0.000539505 0.0733202 0.202224 0.0368904 0.00232328 
0.059371 0.0142065 0.00343175 0.387134 0.00347876 0.00041317 0.0661451 0.146243 0.0283465 0.00672558 0.000829439 0.0249829 0.0279413 0.0924899 0.00333844 0.00025076 0.000287898 0.0625827 0.00130439 0.00941037 0.060731 0.000355206 
0.00991935 0.00394175 0.00517053 0.653718 0.0358512 2.53149e-05 0.0053325 0.149136 0.0249564 0.000187769 0.000380207 0.000607299 0.000707083 0.0252033 0.00169759 1.34093e-05 0.0124112 0.00591701 0.0146315 0.00874968 0.0414416 2.10582e-06 
0.0646611 0.0686844 0.007859 0.199173 0.0448678 0.00245921 0.00916074 0.088311 0.109152 0.000702129 0.0242157 0.00295221 0.000515207 0.0675083 0.0167892 0.0024848 0.00188121 0.00941861 0.0717329 0.00620749 0.198111 0.00315268 
0.048346 0.0032339 0.00252548 0.649248 0.000338672 0.000260168 0.0102606 0.00261125 0.155724 9.80252e-06 0.000379165 0.000838516 0.000202315 0.00651396 0.00172059 0.000284085 0.00274428 2.35431e-05 0.0169767 0.000996856 0.0967624 5.1469e-08 
0.0718482 0.00874123 0.146011 0.272897 0.00616737 2.79707e-06 0.000358203 0.183389 0.0121434 0.000812818 2.22852e-05 0.0157823 1.61738e-10 0.0513837 0.00370854 5.64711e-05 1.78233e-05 0.000210211 0.0123709 0.172109 0.0419559 1.18944e-05 
0.0117883 0.0031422 0.000107488 0.573811 0.000175143 4.97448e-05 0.07347 0.0108977 2.28199e-06 0.146124 8.89421e-05 5.36362e-05 0.000520234 0.0668484 0.00722921 8.04755e-06 0.0280045 0.0006648 0.0656516 1.82511e-06 0.0113569 4.20454e-06 
0.086457 0.00578787 0.0170318 0.306351 0.00747026 2.35028e-05 0.00142107 0.0181835 0.131684 0.00231034 0.0227446 0.000398197 4.95514e-05 0.104186 0.0183124 0.000157122 0.0270514 0.00340042 0.00253208 0.00306112 0.241362 2.42779e-05 
0.110322 0.029912 0.0115371 0.401156 0.0810196 3.56199e-05 2.39896e-07 0.0993191 0.0779757 4.68185e-11 0.000639516 0.0548826 7.0753e-07 0.0892847 9.08509e-07 4.75071e-11 2.46598e-07 1.23541e-07 0.000291075 2.75139e-06 0.0436199 1.08752e-08 
0.003021 0.00153645 0.000127686 0.586407 0.00108783 0.000424438 0.021628 0.150068 0.0186615 8.55013e-09 0.0568492 0.00176826 1.10639e-05 0.000475805 0.025594 0.00012982 1.79732e-05 2.53817e-08 0.12809 0.000164678 0.00391155 2.46223e-05 
0.0413251 0.00896069 0.00365018 0.572933 0.00358272 0.000171003 0.0274686 0.0936763 0.0184874 0.00243304 0.00163318 0.0233402 0.0134981 0.0395361 0.0024149 0.000175877 0.000119809 0.028327 0.006724 0.010577 0.100582 0.000384145 
0.0365673 0.000630191 0.010729 0.601093 0.000761804 0.000884051 0.000145063 0.0142145 0.027637 0.000546843 0.000981626 9.06476e-05 4.56066e-05 0.0229513 0.000157206 2.20213e-05 0.036207 0.0196767 0.0088549 0.0122846 0.20552 9.91916e-08 
0.00977662 0.00466844 0.00121503 0.433338 3.47281e-05 0.0493202 0.202122 0.0730921 0.071222 4.11961e-05 0.000714467 0.000981209 0.000199165 0.0123046 0.00377213 0.0100451 0.000131459 0.0150239 0.0494047 0.00850274 0.0540896 6.69355e-08 
0.0471373 0.0293326 0.00185379 0.269482 0.0317294 0.000188683 0.0112076 0.12568 0.00507788 0.00164348 0.00340536 0.0041929 0.00307979 0.0963065 0.021418 0.00848387 0.00228557 0.00828362 0.0143963 0.250728 0.0625015 0.00158622 
0.00202324 0.192133 0.000227271 0.380889 0.000373577 1.60462e-05 0.00513785 0.0838373 0.0209783 1.18493e-05 0.0381919 0.000947251 1.60753e-05 0.0131493 0.016797 1.32942e-05 0.000619216 0.0201998 0.0924579 0.00122393 0.130757 2.26521e-07 
0.00223548 0.00162275 0.0032637 0.89572 0.00240739 0.000459001 0.000258985 0.000447222 0.0138599 2.0136e-05 0.000104801 0.000923087 0.00197885 0.0439032 0.0194421 9.57264e-05 0.000387095 4.09402e-08 0.00859273 0.00233352 0.00194452 4.37706e-08 
0.0166046 0.0133232 0.00150767 0.322692 0.00770271 0.0100332 0.00253422 0.245795 0.0444761 0.0015206 0.00293905 0.018307 0.000754339 0.0172307 0.00799105 0.00509586 0.000794392 0.0150137 0.0727484 0.0131815 0.179753 1.03503e-06 
0.0133927 0.000329343 0.00728726 0.674884 4.11548e-05 1.95265e-11 0.00436714 0.0078877 0.0377243 0.000147017 0.00319985 0.00168384 9.86695e-05 0.0179978 0.0182522 2.23823e-05 5.09957e-05 0.0148659 0.0124552 0.0432609 0.142052 2.34119e-10 
0.0484057 0.0261258 0.00585622 0.238207 0.0434887 0.00088091 0.0109833 0.071793 0.0699933 0.000376509 0.0132333 0.0045275 0.00589154 0.0594747 0.0109343 0.00360818 0.00851341 0.01244 0.144891 0.0132211 0.20712 3.43396e-05 
0.000540153 8.23661e-07 7.42743e-05 0.473426 3.91774e-10 2.36668e-05 0.025477 0.00300453 0.0137034 2.18919e-07 0.000383072 1.27585e-07 4.68394e-07 0.00559393 0.000734979 7.0974e-06 2.17757e-07 0.0128019 0.462086 0.000455549 0.001687 8.92253e-10 
0.168905 0.0096855 0.00999173 0.389565 0.00740932 2.66339e-07 2.94373e-05 0.0193347 0.0620006 0.000227745 0.00650433 0.000525612 8.01802e-05 0.0840541 0.0143108 1.55147e-05 0.000269738 0.0139883 0.00203453 0.00475427 0.205641 0.000672323 
0.00695701 0.000232756 0.00791655 0.524043 0.0094696 7.5952e-05 0.000374034 0.00700149 0.00112703 2.44684e-06 0.00791425 2.87088e-05 0.00128528 0.0327204 0.0383417 1.38383e-08 0.000409275 0.000259546 0.121622 0.171525 0.0684145 0.00027945 
0.0813796 0.0152809 0.0316074 0.172127 0.107017 0.00122843 1.39138e-06 0.0494052 0.0440177 0.00206524 4.8676e-05 0.041053 0.00122811 0.171634 0.0545547 9.02071e-07 0.0505768 0.0209484 0.00736864 0.0600486 0.0884078 7.82864e-07 
0.026878 0.289135 0.00284292 0.533726 0.103493 1.30455e-05 0.000795821 0.00399456 0.00436429 1.3988e-05 0.00054638 4.43432e-05 0.000344149 0.0153123 0.000767226 3.77208e-07 0.00148822 3.30091e-07 0.00593022 0.000843039 0.00946423 2.18207e-06 
0.000572476 1.19219e-06 5.70521e-05 0.857148 0.000463174 0.00735891 0.00711064 1.0675e-08 0.000252809 0.000754197 0.000124859 0.000188196 5.22906e-05 0.0207293 4.80372e-06 1.34099e-06 0.0845578 3.5041e-05 0.00625347 0.0142008 0.000127914 5.29664e-06 
0.0534526 0.0891693 0.000646107 0.332573 0.0161732 2.48968e-06 0.0241137 0.118217 0.119365 0.00366754 4.49954e-05 0.0378804 5.27349e-05 0.00512362 0.00314148 4.81709e-05 9.19907e-05 0.00224308 0.143636 0.000905847 0.0494486 3.61047e-06 
0.0178158 0.0306536 0.0183082 0.31511 0.0704312 0.000182347 7.80065e-05 0.17958 0.00163349 0.000153298 0.00384281 0.0540213 0.00366648 0.0310072 0.00205803 0.0001661 0.00013832 0.00402613 0.00413628 0.240551 0.00966794 0.0127723 
0.0264138 0.0517791 0.0071897 0.290687 0.00598514 0.00483717 0.0140459 0.169402 0.0943435 0.00243816 0.00403182 0.0037798 0.00684271 0.0263179 0.00922211 0.000499794 0.00235609 0.00597545 0.0983679 0.00997955 0.165447 5.76552e-05 
0.0627665 0.0501516 0.0176619 0.342802 0.00126904 0.00861935 0.00101655 0.0283865 0.0647829 0.000777863 0.002745 0.000438722 0.00700517 0.0473612 0.0674978 0.000228038 0.00109513 0.0015876 0.00462251 0.0100209 0.279149 1.48559e-05 
0.0229626 0.128229 0.00152221 0.353864 0.000650109 1.764e-05 0.00231846 0.0512391 0.00540355 0.000114869 0.0059535 0.000934619 0.000200067 0.10603 0.0336655 5.88567e-05 0.00410424 0.0176239 0.0488537 0.00457471 0.211677 1.88117e-06 
0.0252572 0.0154068 0.0190946 0.411237 0.0117356 0.0121086 0.0171733 0.265878 0.0283905 0.00284714 0.00597797 0.00820712 0.0108378 0.0344278 0.00405428 0.00188468 0.000353609 0.0019063 0.0207818 0.0251009 0.0771446 0.000194656 
0.165204 0.0308145 0.00148325 0.260552 0.0185205 6.42119e-05 0.00170859 0.188728 0.0711484 0.000483511 0.000622571 0.000969677 1.13466e-06 0.0174012 0.00118073 1.87461e-06 7.08233e-05 0.00107957 0.0403479 0.151427 0.0480917 9.94481e-05 
0.027358 0.0079044 0.00354276 0.709888 0.00182993 0.000354437 0.00647502 0.0379873 0.0145551 0.000187232 0.0010865 0.00140534 0.00013848 0.0328185 0.0336229 1.16628e-05 0.00109858 0.0106245 0.0664166 0.013875 0.028691 0.000128894 
0.0411256 0.0148701 0.000964797 0.184552 0.0029374 0.00430195 0.166597 0.166078 0.0793229 0.0215429 0.000940899 0.00170666 0.000167558 0.0493424 0.0335164 0.000558903 0.00556629 0.00526927 0.0616786 0.00156659 0.157393 1.49114e-06 
0.0113204 0.000195819 0.0206886 0.667456 0.00160644 8.08612e-06 1.34717e-06 0.17945 0.0458842 1.4363e-06 0.0116589 0.00197251 3.94944e-07 0.0286986 0.00304099 0.00346561 0.00103114 2.55925e-06 0.00959968 0.0116985 0.00221924 9.53427e-09 
0.0074645 0.182415 0.00457438 0.396095 0.000286222 2.83418e-05 0.000271402 0.00398094 0.0061258 0.000157701 0.0464455 5.37909e-05 0.00122509 0.00925975 0.000135609 0.00012656 0.000371824 0.0338688 0.0964225 0.0310438 0.179647 3.07777e-11 
0.0272985 0.0407557 0.00845104 0.238802 0.000111326 3.21344e-05 0.145055 0.0814126 0.167538 1.7975e-05 0.000305461 0.00194991 2.11602e-05 0.0254368 0.0162434 3.60347e-06 0.00323825 0.00173976 0.0114458 0.00311882 0.225629 0.00139427 
0.086457 0.00578787 0.0170318 0.306351 0.00747026 2.35028e-05 0.00142107 0.0181835 0.131684 0.00231034 0.0227446 0.000398197 4.95514e-05 0.104186 0.0183124 0.000157122 0.0270514 0.00340042 0.00253208 0.00306112 0.241362 2.42779e-05 
0.281809 9.00141e-08 1.95215e-07 0.33383 0.0519024 1.2121e-07 1.63423e-07 0.0248602 5.59044e-06 6.63427e-07 0.000358448 0.30624 3.65893e-07 0.000145844 2.64342e-07 6.73184e-07 2.19756e-07 0.000374669 0.00033836 2.12815e-07 0.000133096 3.07593e-07 
0.00325238 0.00320042 0.000716849 0.728633 1.21743e-05 9.86825e-05 0.0560661 0.0380703 0.0104882 0.00761363 0.000275284 0.00147908 0.000149835 0.0524016 0.000676419 5.55479e-05 0.000572519 7.06414e-05 0.0357137 5.03565e-09 0.0586344 0.00181895 
0.00747553 2.38307e-05 0.00880224 0.612538 0.0265854 0.00198285 0.0244586 0.0793922 0.109549 0.000137463 2.65115e-06 0.0122592 6.39624e-05 0.0111246 0.000551376 0.00312826 0.000697835 2.32446e-05 0.000241169 0.094525 0.00643418 2.83756e-06 
0.04011 0.0202596 0.0320385 0.20472 3.99171e-05 0.00504493 0.00917474 0.180952 0.0742038 8.7149e-05 0.000650337 0.0459152 5.76292e-06 0.169496 0.00160185 0.011146 0.00711251 0.000264 0.154888 0.00487411 0.0364696 0.000947246 
0.00546844 0.0177216 0.00620093 0.721339 3.23854e-05 5.83975e-06 0.0133365 0.0453428 0.0482238 5.83495e-06 0.00259337 7.31962e-05 6.22187e-05 0.00586451 0.000409373 0.00279244 5.13954e-06 0.00126658 0.00522738 0.0270067 0.0970217 4.08921e-08 
0.0228041 0.00704804 4.2057e-11 0.873311 0.000149977 5.27196e-07 2.78919e-06 0.00712109 0.064446 6.9662e-07 0.00168249 1.08308e-05 3.92981e-05 1.14502e-06 0.0154045 6.47594e-08 7.39618e-07 0.000466473 0.00443887 2.47284e-05 0.00304666 6.62677e-11 
0.0555142 0.00754592 0.00959808 0.329691 0.0115845 0.000203061 0.0570706 0.0958825 0.0692295 0.00601931 0.00518118 0.00128929 0.000610103 0.0782391 0.00218926 0.000105734 0.00088136 0.00101821 0.0371316 0.0239771 0.205518 0.00152046 
0.180598 0.00533002 0.00658945 0.222448 0.00159044 0.187944 0.0283337 0.0188469 0.0264634 1.76428e-05 0.0641202 0.044984 0.000521415 0.0212166 0.00494036 7.32391e-05 0.000800266 0.000513179 0.146304 0.00542764 0.0329384 2.42259e-09 
0.0224663 0.00226345 0.000583334 0.866296 0.00344138 5.41621e-05 0.00204251 0.00662626 0.0148374 3.92416e-05 0.000507662 0.000918509 0.00166648 0.0195425 0.000455565 0.0285748 0.000433309 0.000224579 0.00693841 0.00402082 0.0180651 2.60178e-06 
0.0124399 3.06366e-07 0.0114076 0.622138 0.00175827 7.40973e-05 2.27042e-06 0.165517 0.00301378 0.000401695 0.00540348 0.000616725 1.9875e-08 0.00606355 0.00077793 3.8263e-05 0.000191474 2.6328e-09 0.0345007 0.0673242 0.0682848 4.60507e-05 
0.0729747 0.00135921 0.0670098 0.722913 0.0256538 6.67783e-06 0.00296943 0.00639417 0.00337674 0.000364343 0.00181192 0.000157635 0.000199989 0.0548928 0.00876864 0.000111198 0.0011675 0.000408981 0.00649727 0.00759364 0.0153347 3.3935e-05 
0.00524307 0.00325567 0.0149444 0.504943 0.000488984 8.34026e-07 0.000184703 0.192641 0.0439751 2.46304e-06 0.000228376 1.92189e-05 0.000295975 0.00970056 0.00220872 6.97767e-05 5.11572e-05 0.000212064 0.00214045 0.0468298 0.172565 1.73694e-08 
0.0154839 0.0107513 0.0102738 0.668438 0.0069232 1.20066e-08 0.00137771 0.0539429 0.0417995 2.92646e-06 0.000735066 0.0344705 1.66647e-08 0.0260716 0.0166325 1.49681e-08 0.000181743 5.16624e-07 0.00567707 0.00642522 0.100813 3.85675e-10 
0.0407221 0.0362758 1.22213e-07 0.389273 0.00315853 3.91918e-08 2.03586e-07 0.0344079 5.37341e-07 6.11829e-08 0.000760657 0.000763663 1.10015e-06 0.00362993 0.000412234 2.85718e-05 9.92877e-09 1.37588e-11 0.139515 0.013128 0.337923 5.68143e-11 
0.0258445 0.00758226 0.00729867 0.271344 0.0527762 0.000384254 0.136906 0.0643183 0.0091806 0.000167686 0.213888 0.0134672 0.0173901 0.102996 0.0109373 1.76335e-05 6.36915e-05 0.0169644 0.00805727 0.028003 0.0121629 0.000250534 
0.0322809 0.0337955 0.00459857 0.599613 0.00557596 0.00216624 0.0158073 0.0691901 0.0166 0.00259519 0.00664619 0.00873101 0.000914465 0.043368 0.0164899 0.000528307 0.00301122 0.00204278 0.0445038 0.0231188 0.0649459 0.00347696 
0.00719163 0.0157596 0.0157776 0.523732 0.00521687 3.018e-05 2.14273e-05 0.0064026 0.0558853 6.44941e-06 0.00114209 1.30913e-07 2.57048e-07 0.00428221 0.0442458 3.47721e-07 5.55846e-06 3.13962e-06 0.0612698 0.122181 0.136845 4.09443e-08 
2.99723e-06 0.0962113 0.0209397 0.219689 0.00161845 8.18436e-06 0.125003 0.132603 0.0408433 3.7688e-06 8.52931e-07 0.0189878 1.281e-09 0.0303407 0.0082966 0.0121716 0.00191416 0.0263814 0.21627 0.00666995 0.0420434 1.07689e-09 
0.00427967 0.0612038 0.00134932 0.640101 0.00273902 1.70206e-07 0.0035444 0.0188727 0.0125645 0.000784233 0.0450216 0.000459158 0.00243913 0.00774292 0.00325158 0.000213353 0.000786024 0.0275486 0.0186367 0.0160482 0.132413 8.13809e-07 
0.0584165 0.0240299 0.0100373 0.2961 0.00383434 0.00822771 0.0193979 0.143944 0.0521986 0.00393231 0.0045228 0.0116243 0.000488316 0.0989172 0.00151502 0.0010656 0.00328427 0.00650591 0.0665335 0.0109905 0.17443 4.18899e-06 
0.0198943 0.0461314 0.0184823 0.245474 0.00173679 0.00267705 0.23599 0.0572304 0.0706838 0.000710302 0.00640401 0.0223315 0.00519428 0.0948531 0.0130238 0.000731651 0.00242631 0.00417086 0.0296613 0.00872373 0.11306 0.000409467 
0.0119866 0.0929554 0.00102949 0.275032 0.00332304 3.54254e-05 0.0677562 0.0274447 0.0251972 8.17036e-05 0.0105465 0.000394391 0.000209466 0.0194742 0.00648804 2.25614e-07 3.35049e-05 0.0162007 0.183356 0.00361699 0.254838 8.14829e-08 
0.000534261 0.00511435 0.000118208 0.791555 1.27673e-06 6.29467e-07 6.55608e-05 0.00017874 0.156067 0.000245503 0.000408553 1.26903e-09 7.43201e-07 0.00188309 0.00490412 3.4584e-09 4.47919e-07 1.65983e-05 0.0190947 0.00191678 0.0178929 7.3147e-07 
0.0736564 0.0112328 0.0408246 0.299497 0.00438991 1.27141e-05 0.00017066 0.00853419 0.200904 3.02449e-06 0.000328648 6.28134e-06 0.00119576 0.086141 0.00345264 5.37021e-05 0.0011258 0.00339804 0.0338739 0.00117405 0.230024 3.24363e-10 
0.0267689 0.116023 0.0243978 0.204082 0.0117775 1.27986e-05 0.0190572 0.173985 0.0508241 0.000111386 0.000209642 0.00909987 6.01044e-06 0.014587 0.0959588 1.91587e-05 0.00071037 6.52805e-05 0.167656 0.0140202 0.070557 7.069e-05 
0.00870059 0.012428 0.00116013 0.525027 0.00438065 2.943e-06 0.0289358 0.069892 0.0706193 3.24373e-05 0.00735721 7.13864e-06 5.09431e-05 0.00210644 0.00747944 1.26773e-06 8.49131e-06 7.4604e-06 0.0330726 0.0991264 0.129604 1.52817e-09 
0.0218646 0.00213436 0.051622 0.622444 0.00482732 0.0305168 9.74725e-05 0.0469235 0.00909335 0.000137259 0.00019646 0.00145132 9.13394e-05 0.125902 0.00181556 4.44905e-07 0.000578169 4.78728e-05 0.00255088 0.0129618 0.0647069 3.64401e-05 
0.0265037 0.0197484 0.00893345 0.250795 0.00321121 0.00464304 0.0152551 0.138531 0.184149 0.00586375 0.00180547 0.0250421 2.99737e-05 0.0409262 0.0040492 0.000442165 0.000161579 0.0340782 0.0331584 0.00356412 0.199109 7.83419e-08 
0.0302025 0.000906091 0.0042429 0.783459 0.0154933 0.000237938 0.010709 0.0146875 0.0408202 0.00022769 0.000372244 0.000556998 6.09152e-05 0.0227998 0.00512382 2.43327e-06 0.000291484 0.0248969 0.00297746 0.0168001 0.0251308 1.11182e-06 
0.0108091 0.0100868 0.0159927 0.386524 0.0528727 6.60289e-06 0.00066476 0.361071 0.0235788 0.000272358 0.000242385 0.0233122 1.55031e-06 0.00575473 0.00153369 4.3452e-06 0.00131157 6.95512e-06 0.0313153 0.0100188 0.0527161 0.0119039 
0.105261 0.0136077 0.0418034 0.3891 0.00805135 2.02563e-05 0.0023234 0.0226901 0.0682691 0.000184548 0.00290729 0.00210664 0.0340134 0.0557407 0.00113116 0.000358839 0.00138237 0.000322988 0.139281 0.0110649 0.0996449 0.000734646 
0.0314785 0.0185436 0.00893196 0.34298 0.00789752 0.000432448 0.172996 0.0442687 0.0332992 0.0021447 0.009335 0.00572869 0.0683684 0.0305158 0.0173596 0.00939867 0.000505547 0.0212886 0.040006 0.0141306 0.12039 5.13184e-08 
0.186068 0.0035899 9.80545e-07 0.485691 0.0560139 6.08824e-07 0.238747 0.00101906 4.33629e-05 0.011278 1.86081e-06 1.24075e-06 0.0126394 0.00163598 1.32776e-06 3.38134e-06 1.10382e-06 3.74157e-07 0.00326089 1.06895e-06 1.62148e-07 1.54501e-06 
0.0523546 0.0359994 0.0117562 0.384271 0.0246907 2.02534e-05 0.000983173 0.0417095 0.0416795 0.000581596 0.00666451 0.0020733 0.000118458 0.110109 0.00220275 7.7354e-05 0.0124032 0.0132722 0.00449784 0.0244031 0.230132 4.1649e-08 
0.195536 0.00762829 0.00443744 0.276416 0.208962 0.00490944 0.00368912 0.0547125 0.0220047 0.000727537 0.000304242 0.00101019 0.00729735 0.0863709 0.0158945 4.10961e-05 0.00666093 0.00411269 0.0117444 0.00637921 0.0811572 4.34469e-06 
0.00827162 6.11478e-05 0.0109586 0.642173 3.4673e-05 3.81478e-10 0.000189565 0.0165018 0.0409804 4.34157e-07 0.00688468 3.69927e-05 7.50911e-08 0.0305866 0.000765121 1.21178e-05 8.1899e-05 2.91313e-07 0.00203807 0.00520223 0.235221 9.68075e-10 
0.0140959 0.0153238 0.00745087 0.348276 0.014618 2.20332e-05 0.0544922 0.0603235 0.0441415 0.0055852 0.00334763 0.0245631 0.0062821 0.167336 0.0873923 3.2911e-06 0.0056467 0.0244043 0.000817474 0.0215363 0.0943417 4.1789e-08 
0.0409233 0.00824468 0.00153726 0.615301 0.123954 2.30887e-05 0.00184633 0.058968 0.00643489 3.11028e-07 0.000199144 1.78258e-06 0.0291384 0.0108235 0.00656996 8.30991e-06 5.60003e-05 0.0166073 0.0105792 0.00681745 0.0619662 1.75416e-07 
0.0227648 0.00511445 0.0104283 0.301637 0.00233156 0.000521072 0.00377727 0.193347 0.190246 9.94265e-06 0.00529834 0.000423561 0.000181893 0.075794 0.0127076 0.00714521 0.0165046 0.000246825 0.00980147 0.0765771 0.065139 2.53394e-06 
0.00314676 0.000156371 0.00562193 0.822504 0.000158149 4.72132e-10 2.17297e-06 0.0210628 0.0495026 2.21331e-06 7.45254e-06 0.000614553 5.11149e-05 0.014922 0.000398237 5.21793e-07 0.000103413 8.537e-07 0.00443377 0.0169402 0.0603706 2.4036e-07 
0.0268169 0.00630891 0.00485417 0.692299 0.00120937 0.00318928 0.0761932 0.0217804 0.0644584 0.000189761 0.00228473 0.000136834 0.000937879 0.0820208 0.000193586 0.000284371 0.00183538 1.9898e-05 0.0106837 3.15788e-06 0.00429982 2.22128e-07 
0.0038576 0.013858 0.00140256 0.497915 0.000197674 3.5636e-07 3.60352e-06 0.0203436 0.060794 0.000183186 4.70678e-05 0.000508468 1.29185e-05 0.0442324 0.293111 0.0109739 6.16478e-06 0.00012721 0.021724 0.00640293 0.0242976 1.28967e-07 
0.00420659 0.00947478 0.00472211 0.852567 0.000862777 5.82786e-06 3.01288e-08 0.0219414 0.0109791 0.000139281 0.000571559 0.00033558 8.91153e-06 0.00317431 0.00562722 2.4763e-06 0.00026083 0.00035328 0.0078897 0.0492296 0.0276434 4.27727e-06 
0.104507 5.25121e-06 0.0388525 0.794576 0.0141817 0.00683121 5.25011e-06 5.25171e-06 5.25163e-06 5.24265e-06 5.24701e-06 5.24887e-06 0.00210409 0.0341431 5.24859e-06 5.24251e-06 5.24928e-06 5.25143e-06 0.00473119 5.24939e-06 5.25207e-06 5.24797e-06 
0.045445 0.01178 0.0189511 0.41306 0.0128887 1.40534e-05 0.00630045 0.114009 0.0871267 0.00110156 0.00905476 0.0217927 0.000740274 0.0627133 0.00546002 0.00347348 0.00762688 0.0040276 0.0463736 0.0318415 0.0962161 3.26117e-06 
0.134897 0.00329761 0.000170173 0.310636 6.14464e-07 0.0236989 0.123966 0.0131453 0.222045 3.24248e-06 1.16474e-06 0.00010498 7.33097e-05 0.00135844 0.00114558 3.47402e-05 1.58392e-06 2.23774e-05 0.130212 0.000807217 0.0343779 3.13937e-07 
0.0664109 0.0142366 0.00225421 0.386748 0.0342659 3.65334e-05 0.00244331 0.199791 0.0707117 0.000355029 0.00898117 0.000734793 0.000678603 0.0737168 0.0233452 0.000431736 0.000314544 0.0013939 0.0417253 0.0325432 0.0388548 2.7397e-05 
0.0174852 0.00460032 0.000383105 0.508272 0.00149282 3.10084e-07 0.000160606 0.251461 0.0464458 3.48105e-06 0.00126553 1.78951e-05 5.53268e-08 0.00404435 0.00287404 2.65155e-05 6.22506e-07 0.0112571 0.00619389 0.00212374 0.141891 3.45102e-07 
0.0172211 0.0272732 0.000254794 0.51614 0.00296565 1.44719e-05 6.5158e-05 0.278397 0.00164701 4.63524e-05 4.68337e-05 0.000199845 0.000289547 0.00206422 7.36385e-05 0.000116315 1.00915e-05 0.000303714 0.00147511 0.0740003 0.0773949 1.95629e-07 
0.0883326 0.0228296 5.84331e-06 0.628001 0.000426703 1.74375e-05 4.70378e-05 0.0901002 0.0152102 0.000747124 0.00489326 0.000883903 0.000242673 0.00347699 0.00074526 1.67697e-06 3.5471e-06 4.53069e-05 0.102911 0.0070643 0.0340135 2.00786e-07 
0.0113204 0.000195819 0.0206886 0.667456 0.00160644 8.08612e-06 1.34717e-06 0.17945 0.0458842 1.4363e-06 0.0116589 0.00197251 3.94944e-07 0.0286986 0.00304099 0.00346561 0.00103114 2.55925e-06 0.00959968 0.0116985 0.00221924 9.53427e-09 
0.0260667 0.000826805 0.00150814 0.910437 0.0164444 0.00315507 0.00197709 0.000580253 0.00589734 2.87053e-08 0.000114193 0.00342792 0.00183192 0.020546 8.92178e-05 1.61961e-06 9.82353e-06 1.132e-05 0.000973336 0.000891938 0.00520984 7.12715e-11 
0.036744 0.00329205 0.000148034 0.812923 0.0209633 2.59394e-05 0.00371389 0.0105773 0.015984 0.000974346 0.0003568 0.00870188 0.000140089 0.03355 0.000221502 4.87283e-06 0.00451993 0.000485497 0.0129891 0.0241007 0.00958373 4.412e-09 
0.142052 0.0109264 0.0134126 0.352127 0.030357 1.40985e-07 7.32635e-07 0.0518965 0.0905093 0.00877073 6.4089e-07 4.09148e-07 3.95935e-06 0.100089 0.00380209 0.00157066 3.5605e-08 5.15493e-08 0.0230719 1.39817e-05 0.171395 2.26426e-11 
0.0119434 0.0128959 0.00125346 0.618369 0.00146916 9.32272e-05 3.73792e-07 0.0857441 0.0339577 3.37024e-07 0.000904129 0.00173319 0.000948062 0.00862216 0.000402878 1.57104e-05 3.78467e-05 0.00679724 0.00209309 0.143924 0.0687905 4.38755e-06 
0.00771431 0.0201708 0.000665041 0.421802 0.0191 0.00217814 0.00168862 0.161499 0.0110677 0.00338365 0.0129166 0.0018599 2.78573e-05 0.0325164 0.113749 9.75711e-05 0.00030354 0.000188794 0.0648912 0.0121394 0.11204 9.87264e-08 
0.00387927 0.0347023 1.12666e-05 0.393391 0.000233485 1.35721e-06 0.000725608 0.0976523 0.00862114 1.88549e-06 0.0455506 0.000111701 0.147693 0.00698592 2.78755e-05 2.77243e-06 1.43458e-05 0.00753414 0.094887 0.00839121 0.149582 9.52913e-10 
0.115458 0.0556305 0.0863365 0.209557 0.0128252 0.0011962 0.033838 0.193368 0.0645977 5.28921e-07 5.27348e-05 0.0193991 1.89924e-07 0.00154146 5.23216e-05 6.6779e-07 5.30379e-06 2.57254e-05 0.00140402 0.00150285 0.203208 8.69392e-09 
0.0360973 0.0106282 0.121939 0.623226 0.00584746 2.57458e-06 0.00143932 0.0449247 0.036787 7.10568e-07 0.000706834 0.0287458 0.000423462 0.0151929 0.0326641 0.000126102 5.29465e-05 6.63447e-08 0.00412937 0.0185911 0.0184748 4.73619e-07 
0.0211364 0.217128 6.96671e-05 0.256404 0.00310367 0.00041843 0.0433509 0.04361 0.061675 1.43454e-06 0.000373118 0.00199885 0.00011089 0.0290021 0.111504 0.0017793 0.000808031 0.00834971 0.0893348 3.69296e-05 0.109804 2.84918e-08 
0.0948049 7.32876e-06 0.0258176 0.557281 1.86648e-07 1.27627e-07 2.5094e-07 0.283654 5.23625e-06 1.63751e-07 0.00374383 1.00377e-06 1.44487e-07 0.0324063 0.00225856 3.80273e-07 5.74843e-07 3.13475e-06 9.53304e-07 4.70325e-07 1.43145e-05 1.01375e-08 
0.0562664 0.0720532 0.00402789 0.297353 0.180674 0.00824781 0.00774001 0.0359732 0.107014 6.54246e-05 0.000242079 0.0296924 0.00019118 0.124345 0.000200923 0.00237953 0.00283261 0.000249427 0.0186329 0.000146119 0.0516726 1.45789e-06 
0.0337547 0.0240769 0.0033388 0.308552 0.00234736 6.98626e-08 6.98543e-08 0.0346933 0.000943374 0.00166024 0.0420554 0.000356242 0.00118692 0.113379 0.00303786 0.00240655 0.00340841 0.245886 0.0234543 0.0266458 0.128817 6.98258e-08 
0.0689488 0.00675888 0.0505927 0.426429 0.013787 0.00113361 0.00298693 0.169082 0.0295807 3.82664e-05 0.0102634 0.08269 0.000430796 0.0188844 0.00158497 0.00378135 0.000407001 0.000320136 0.0516797 0.0326314 0.0279617 2.69424e-05 
0.0204934 0.122777 0.00119297 0.316303 0.0270826 0.00175458 0.0152176 0.164283 0.0490841 3.15192e-05 0.00287827 0.024414 0.000772137 0.0683257 0.0433253 3.90148e-05 0.0193187 0.00132323 0.0254737 0.00615917 0.0897139 3.74861e-05 
0.0124359 0.00464472 0.000885626 0.644272 0.00857206 0.00123095 0.000744585 0.130215 0.00869043 5.03525e-05 0.00354583 0.0077311 3.22143e-05 0.0178911 0.00194657 6.79712e-05 0.00081076 0.0107568 0.0226558 0.039902 0.0829177 3.38503e-07 
0.0258298 0.00180655 0.00499522 0.744031 0.0148591 1.0589e-07 9.42988e-06 1.65385e-05 0.0157975 5.00988e-06 4.96781e-06 9.48131e-06 0.000777988 0.00746286 5.12549e-06 1.22086e-08 8.0923e-06 5.77327e-07 0.0020138 0.0204924 0.161874 5.61819e-08 
0.00342872 0.00190749 0.000937008 0.942706 0.000508002 2.76513e-05 4.11014e-05 0.00334215 0.0038182 1.57643e-05 0.00111706 8.16642e-06 2.48607e-06 0.00710066 0.000416502 5.1893e-06 0.000173008 0.000920488 0.00320329 0.000504452 0.0298162 1.33422e-08 
0.131145 0.0267071 0.0103396 0.31683 0.0422082 0.0272623 0.0194612 0.0620578 0.0351486 0.00144073 0.0328977 0.0366747 0.000507128 0.072297 0.0285149 5.25321e-05 0.0156405 0.0143021 0.0345031 0.0109035 0.0804839 0.000622572 
0.0387967 0.19035 0.00619926 0.209566 0.00168599 0.00674232 0.00167798 0.155645 0.0762246 0.000426848 0.00853777 0.0135835 0.000402025 0.0446357 0.0238463 2.17806e-05 8.96499e-05 0.014563 0.092533 0.0381043 0.076369 5.78352e-08 
0.0114563 0.00238129 0.00346166 0.842107 0.000292744 7.57091e-05 0.000318481 0.0045924 0.0204011 2.4927e-05 0.00121886 0.000310844 0.000132236 0.04014 2.28486e-05 0.000282669 0.000128805 0.0391594 0.00707292 0.00532429 0.0210956 2.43723e-08 
0.0596807 0.0157403 0.00124127 0.252282 0.00424082 5.08219e-05 0.000390576 0.0103815 0.229036 3.254e-05 0.0057922 0.000966639 0.00189516 0.103181 0.00725966 0.00341927 0.00806465 0.015313 0.0442149 0.0740315 0.162784 1.11974e-06 
0.112368 0.00937356 0.00173856 0.48099 0.00185887 1.70707e-07 2.1771e-05 0.0157629 0.00239285 0.000977005 0.00356855 7.00543e-06 1.04418e-07 0.0691601 0.0449449 1.92113e-07 1.10311e-05 2.1258e-08 0.199103 0.0130675 0.0446537 8.77807e-08 
0.0139075 0.00562671 0.000474112 0.697513 0.000328509 4.72494e-06 0.0110765 0.00775913 0.120288 6.1038e-06 0.00132167 0.000168707 0.000109416 0.00626606 0.0066255 4.18489e-05 5.98859e-05 0.00247649 0.0501791 0.000397458 0.0753703 3.88224e-09 
0.0134455 0.0140717 0.248872 0.414039 0.00159716 0.0155262 0.0489879 0.0571751 0.0430432 0.00110985 0.000744876 0.00986961 8.64589e-05 0.0489459 0.000719545 5.72941e-06 4.60563e-05 0.000125713 0.0162557 0.0122785 0.053046 8.34225e-06 
0.0635799 0.170951 0.127239 0.250825 0.0252827 0.000775627 0.0306989 0.0665912 0.047827 0.000467852 9.91304e-05 0.0183322 0.00137288 0.0503474 0.000127889 0.000588288 0.00489554 0.00170039 0.00821834 0.0280772 0.101222 0.000780849 
0.0978884 0.0300581 0.00453193 0.599046 0.00184717 0.0216401 0.00185417 0.0404777 0.0182931 0.000527069 0.00300148 0.000834509 0.00072632 0.0189584 0.000380162 1.04388e-05 5.27071e-05 0.00555777 0.0656766 0.00849075 0.0801296 1.70383e-05 
0.0428464 0.0238245 0.0207182 0.447275 0.0356874 0.0061827 0.000870178 0.198569 0.0593559 0.000144701 0.00488089 0.00241607 0.00165765 0.0125508 0.0633009 0.00902505 5.20051e-05 6.51988e-05 0.0159324 0.0288494 0.0257923 3.4895e-06 
0.0945489 2.05669e-05 3.44046e-08 0.50131 0.160476 2.44061e-06 0.00215903 0.0338947 1.09382e-08 1.16922e-07 1.79344e-05 0.165183 0.0186335 0.0235944 7.90992e-05 1.18642e-07 4.45578e-05 5.52241e-06 2.90103e-05 3.75064e-08 1.00576e-06 5.42101e-08 
0.0067173 0.000116823 0.000256125 0.4139 0.000251517 1.07599e-07 0.00175842 0.0186888 0.113845 1.03155e-07 1.55919e-05 0.000112298 2.10644e-06 0.0400448 0.00293841 7.49248e-06 2.38932e-06 0.0253953 0.0310064 0.189469 0.155472 6.11314e-08 
0.0460798 0.0577632 0.00859683 0.218849 0.051212 9.46133e-08 1.52732e-05 0.205516 0.0218842 4.37348e-07 0.000589044 3.89553e-07 1.71618e-07 0.0843193 0.00271462 5.80529e-07 2.70701e-07 0.146302 0.00692982 0.118128 0.0309715 0.000127507 
0.00249976 0.000637271 0.000199827 0.443863 4.01325e-09 2.95686e-05 0.0415981 0.0607936 0.0193815 8.88141e-07 0.0010777 1.27345e-05 6.21736e-05 0.000235364 0.00252792 0.000511785 9.82386e-06 0.0316934 0.380919 0.00117539 0.0127712 2.75419e-09 
0.00518513 0.00151201 0.00498405 0.421153 0.000685319 1.90734e-06 1.22392e-05 0.359685 0.00396572 0.00162092 0.00208639 2.12786e-06 4.44116e-06 0.00280415 0.000152057 3.61947e-06 2.4056e-09 0.000373199 0.00139348 0.020251 0.0507806 0.123344 
0.000522416 0.00179977 0.00489979 0.430998 0.0725908 1.17294e-09 0.000844401 0.161047 0.0217832 0.00110575 0.0460359 5.46786e-07 0.045555 0.0172478 0.138274 1.34895e-06 0.0016931 1.19966e-06 0.000145253 0.0553974 4.76687e-07 5.62028e-05 
0.086457 0.00578787 0.0170318 0.306351 0.00747026 2.35028e-05 0.00142107 0.0181835 0.131684 0.00231034 0.0227446 0.000398197 4.95514e-05 0.104186 0.0183124 0.000157122 0.0270514 0.00340042 0.00253208 0.00306112 0.241362 2.42779e-05 
0.0638135 0.215446 8.45735e-07 0.446661 4.26673e-06 5.91699e-07 1.06852e-09 0.181116 0.00451604 4.33774e-09 0.0142894 0.000204068 2.39235e-09 0.00515612 6.00698e-07 2.55955e-06 1.43685e-09 1.38584e-07 4.83501e-06 1.39146e-09 0.0687848 2.01116e-09 
0.0299034 0.102086 0.00582569 0.219822 0.0223882 0.00978504 0.005734 0.148992 0.120728 0.000636625 0.00526518 0.0023362 0.00360909 0.117917 0.0145184 7.89735e-06 0.00429419 0.00388036 0.0493635 0.0129751 0.119796 0.000136894 
0.0688676 0.0263145 0.00709338 0.441356 0.0153631 0.00157285 0.0117491 0.0679742 0.0630825 0.00420947 0.0112351 0.00355853 0.00241073 0.0668894 0.0197182 0.00248398 0.00274022 0.00672644 0.0318623 0.0128246 0.130611 0.00135729 
0.00922266 0.0212785 0.00313438 0.311169 0.00529357 0.0306292 0.00723253 0.269828 0.0475445 0.000109126 0.000872495 0.0308787 1.8172e-05 0.0680596 0.0110888 0.00153112 0.000187406 0.00623455 0.0955747 0.018211 0.0558887 0.00601315 
0.085 0.0217256 0.000230853 0.700302 0.0140275 4.76522e-06 8.15118e-05 0.0427206 0.0539723 0.00143005 0.000285716 1.37866e-05 0.000132594 0.000758816 0.000138904 0.000150382 3.04487e-05 3.03536e-08 0.0013692 0.0562784 0.0213468 1.25339e-07 
0.0367129 0.0120111 0.00247602 0.412012 0.00372852 0.000186625 0.0514834 0.0932169 0.10456 0.00264632 0.00812102 0.0157611 0.000550918 0.031841 0.00305285 0.000117974 0.000838814 0.00663614 0.0712184 0.0117654 0.129849 0.00121314 
0.00350878 0.0290003 0.000232411 0.694509 0.00628957 2.68009e-05 0.00175767 0.109773 0.00136507 3.00623e-09 0.00112994 0.0184989 0.00606841 0.00562091 0.000194869 0.000332442 4.38693e-06 0.000113813 0.00215448 0.000768664 0.118584 6.70212e-05 
0.0408492 0.00853201 0.013689 0.424895 0.0279435 1.36528e-06 0.000413357 0.0370856 0.00855115 8.19011e-06 0.000660447 0.000226327 5.17706e-05 0.011974 0.000954689 8.09432e-07 0.000393336 1.0622e-05 0.00788882 0.0618885 0.353982 1.14911e-08 
0.0636858 0.11195 0.0848283 0.346406 0.00782249 8.61345e-07 0.000277424 0.0174374 0.0935382 0.000285469 0.000609686 0.0253543 9.62883e-07 0.0942898 0.000372278 0.0187118 7.64943e-05 0.0132066 0.0538799 0.00513449 0.0621301 1.86261e-06 
0.172832 0.0096598 0.00251573 0.325145 0.0136255 6.18002e-05 0.000598592 0.0737546 0.0510711 2.68448e-05 0.00169865 0.000495478 0.000197551 0.0327028 9.98033e-05 6.10808e-07 0.0050076 0.000426902 0.000246116 0.00499112 0.30481 3.25966e-05 
0.0901698 0.01063 0.0493925 0.169454 0.105902 1.11556e-06 0.0339358 0.0831136 0.148589 0.0013429 1.516e-05 9.03362e-05 0.0364872 0.155003 0.011493 1.57912e-06 0.00746234 0.00379803 0.0266415 0.0161287 0.0503482 1.09091e-07 
0.125105 0.00750209 0.0048187 0.613085 0.00895602 3.52605e-06 0.00126773 0.0254228 0.110888 5.06694e-05 0.000400292 0.00279838 0.00637066 0.0227781 9.98026e-06 1.91062e-05 5.36499e-05 0.00255935 0.00351817 0.0190218 0.0452172 0.000154236 
0.0140473 0.000431309 0.0142568 0.365073 0.00204174 0.117764 0.00352646 0.320664 0.00396773 4.84256e-05 0.00423927 0.0012178 6.59251e-05 0.0345518 0.0108325 0.00848062 0.000658687 0.000287382 0.0386702 0.0270117 0.0320887 7.46327e-05 
0.0109429 0.0624918 0.0013499 0.375943 0.00235668 6.67172e-05 0.0570352 0.0242522 0.0910492 0.00547864 0.000167823 0.000786823 0.000135927 0.167631 0.00192011 0.000106153 0.000398195 0.0147324 0.0402827 5.77603e-08 0.142873 7.78582e-08 
0.0133376 0.0121825 0.00135794 0.434989 0.0237675 0.0189953 0.0059013 0.151905 0.0182234 0.000704861 0.103191 0.00162034 0.001289 0.0148009 0.00166873 0.00019245 0.000219504 0.0126129 0.0271183 0.0447305 0.111192 1.07025e-07 
0.00336951 0.00181066 0.00234706 0.651035 0.000277174 2.69154e-06 0.000487007 0.0272404 0.0674701 7.48097e-06 9.0706e-05 0.00476365 9.49941e-06 0.00854437 5.09152e-05 1.81591e-08 4.97706e-05 5.04498e-05 0.00151862 0.0815226 0.149352 2.12184e-07 
0.0407221 0.0362758 1.22213e-07 0.389273 0.00315853 3.91918e-08 2.03586e-07 0.0344079 5.37341e-07 6.11829e-08 0.000760657 0.000763663 1.10015e-06 0.00362993 0.000412234 2.85718e-05 9.92877e-09 1.37588e-11 0.139515 0.013128 0.337923 5.68143e-11 
