0.222769 0.230076 2.21805e-05 5.08868e-09 0.327657 7.55684e-06 2.8145e-05 0.0435996 0.0347697 5.84341e-05 3.04037e-08 9.19842e-05 3.00284e-08 2.6589e-05 7.69631e-05 5.52474e-08 1.77251e-05 6.11333e-09 8.31395e-09 1.74655e-08 0.140799 2.52438e-08 
0.00714998 0.144675 1.46e-05 1.08615e-08 0.716727 0.000132543 0.00733053 0.00727031 0.000180229 0.000398124 0.000213324 0.000294139 0.000330874 0.0294642 0.000165141 1.17923e-07 1.46776e-06 0.0823257 4.1591e-05 1.0581e-05 0.00327387 5.38817e-08 
0.395212 0.0394374 0.0165933 3.05061e-11 0.434043 3.3541e-07 1.47591e-06 0.00111261 0.000632759 0.00096049 1.82267e-10 0.00284065 4.62529e-07 0.0870346 1.30055e-10 3.31203e-10 0.0164143 3.79374e-06 3.43849e-07 1.58288e-07 0.00571269 1.51334e-10 
0.00854601 0.000952407 0.0359608 1.23405e-10 0.873531 0.00127391 3.25253e-10 2.54183e-06 1.23523e-10 1.80007e-06 7.37317e-10 0.00018984 0.000193774 0.0760856 5.26105e-10 1.3398e-09 2.51141e-06 7.50306e-07 2.01621e-10 3.30138e-07 6.18992e-07 0.00325824 
1.1278e-05 2.19474e-05 7.89618e-06 7.37435e-10 0.942263 1.44156e-09 1.94362e-09 6.60299e-07 0.0200905 7.89024e-09 4.406e-09 1.05791e-05 0.00784469 5.04406e-05 0.0296669 8.00628e-09 1.98659e-05 4.25333e-06 1.20483e-09 5.82391e-06 1.72807e-06 3.65825e-09 
0.0188285 0.00299505 6.22613e-06 1.58092e-09 0.640076 3.09044e-09 1.21562e-05 0.245889 3.44011e-05 2.02114e-05 2.40937e-07 6.29817e-09 9.32906e-09 0.00735218 9.39433e-06 1.7164e-08 8.14352e-05 5.35474e-06 4.98657e-05 2.72237e-05 0.0846076 5.58175e-06 
0.999833 5.70112e-08 1.23641e-07 3.92714e-08 8.63962e-06 7.67691e-08 1.03506e-07 1.40865e-05 3.93089e-08 4.20187e-07 2.34637e-07 1.56452e-07 2.31742e-07 4.90322e-05 1.67423e-07 4.26367e-07 1.39185e-07 4.71791e-08 6.48038e-06 1.34788e-07 8.5893e-05 1.94817e-07 
0.943231 0.00697466 9.57284e-07 3.04057e-07 0.0166905 0.00142711 0.00336663 0.00454235 0.000761172 0.00553383 0.00327182 1.21132e-06 1.79425e-06 0.00809511 1.29627e-06 3.30113e-06 0.00280291 3.65281e-07 0.00317984 1.04359e-06 0.000110969 1.50836e-06 
0.103977 0.0629036 0.000216439 1.95606e-10 0.46281 0.000257276 0.0205961 0.011517 1.95793e-10 1.66376e-06 4.18779e-07 6.65183e-06 5.84351e-06 4.37238e-06 2.42058e-07 2.12368e-09 0.00327454 0.00299689 4.87014e-07 6.71362e-10 1.14205e-06 0.33143 
0.0569891 0.00653161 0.000489345 8.9055e-07 0.576202 9.54792e-06 0.00239915 0.0696196 0.00469757 4.5322e-05 1.60074e-05 0.0149521 2.66537e-05 0.214379 0.0141641 0.000305892 0.0197454 0.00394116 0.00594442 0.000192395 0.00911735 0.000231303 
0.0651377 0.110955 4.55431e-07 1.2688e-11 0.788647 0.00017276 0.00207731 0.00539814 3.13186e-06 1.35756e-10 7.20252e-07 4.39812e-07 4.56796e-07 0.000959194 5.40919e-11 1.37753e-10 0.000303771 1.52429e-11 2.07298e-11 1.61171e-07 0.0259817 0.000362219 
0.221101 0.0293166 0.0536576 1.8004e-07 0.00819188 2.22851e-05 0.000293951 0.00154032 0.00146638 0.001567 1.07569e-06 0.00506452 0.0019466 0.00080544 0.661963 1.95468e-06 6.38091e-07 0.00513012 0.00742845 6.17935e-07 0.00049939 8.93136e-07 
9.03784e-06 0.000600054 8.70355e-07 2.76446e-07 0.0059871 6.17975e-05 7.35169e-06 6.73936e-06 3.93068e-06 2.95786e-06 1.6517e-06 0.0026983 2.36067e-06 4.18187e-07 3.27794e-06 3.00136e-06 3.98269e-06 7.58406e-07 2.23824e-06 9.48824e-07 9.11164e-07 0.990602 
0.00538362 0.0268978 0.00438894 3.35366e-06 0.504324 0.000288223 0.131078 0.0236569 2.99856e-05 2.77879e-05 0.0139547 8.08245e-05 0.00158083 0.0716089 9.5616e-05 0.00370163 0.196531 0.0156919 0.000598005 1.05005e-05 6.19617e-05 5.8674e-06 
8.22753e-05 2.68622e-09 5.82563e-09 1.85036e-09 0.999849 8.32307e-06 4.87691e-09 1.09257e-05 1.85213e-09 1.97981e-08 1.10555e-08 7.37158e-09 4.25952e-05 1.21066e-06 3.16331e-06 2.00893e-08 6.55801e-09 2.22295e-09 3.02315e-09 6.35085e-09 2.60202e-06 9.17924e-09 
0.0149034 1.06973e-06 1.85542e-05 2.37623e-10 4.91761e-06 4.64513e-10 6.2629e-10 8.52342e-08 2.68794e-06 2.54272e-05 1.41974e-09 4.45022e-06 2.51011e-05 0.984948 1.01304e-09 2.57985e-09 6.40905e-05 2.56951e-06 3.88231e-10 8.15572e-10 3.72377e-08 1.17879e-09 
5.35124e-05 0.0247846 1.60997e-05 2.93871e-10 0.774442 5.74469e-10 7.74541e-10 4.57418e-06 8.82751e-07 3.14429e-09 2.45989e-06 0.0502659 1.73588e-06 0.150399 2.75751e-06 3.19054e-09 1.79153e-05 3.53045e-10 4.8013e-10 1.00863e-09 7.72655e-06 1.45783e-09 
0.013921 0.00406121 1.08361e-07 5.29425e-12 0.97865 2.69188e-08 0.000381932 6.91464e-08 2.01427e-08 5.66462e-11 3.16319e-11 0.00165396 3.12415e-11 0.00133191 2.25706e-11 5.74793e-11 2.25352e-08 6.36029e-12 8.64981e-12 1.8171e-11 1.62651e-08 1.0508e-07 
0.196067 0.000139869 0.00165459 6.06137e-10 0.755504 8.86399e-07 1.59756e-09 0.00121756 0.000110062 1.76835e-06 2.22003e-07 0.000357994 6.83768e-07 0.0347054 5.9434e-07 6.58079e-09 0.00823591 7.28187e-10 9.90314e-10 2.84665e-07 0.00200335 3.00691e-09 
1.12888e-06 0.0025253 2.94155e-05 8.78462e-07 0.996305 1.71725e-06 0.000125018 0.000229827 2.06165e-05 9.39917e-06 0.000422484 3.49967e-06 5.18382e-06 2.39578e-05 3.74509e-06 9.5374e-06 3.11342e-06 6.58046e-05 1.43524e-06 3.01507e-06 0.000205379 4.35785e-06 
0.0751582 0.0194903 0.00087392 2.15485e-07 0.660868 0.000298803 0.0197262 0.0127664 0.00925995 6.90368e-05 1.18782e-06 0.066216 0.00720711 0.0766886 0.00125524 0.00326062 0.00680787 0.00399303 0.000448219 0.0129257 0.0226844 3.51242e-07 
0.0108558 0.00112664 0.00384854 2.62779e-07 0.972363 3.81749e-05 0.00663087 9.03782e-05 0.000221592 2.81162e-06 1.57004e-06 7.04185e-05 6.33849e-05 0.00347356 1.12029e-06 2.85297e-06 9.00618e-05 1.36686e-05 3.25112e-05 9.01914e-07 0.000107769 0.000964379 
0.0247706 0.0117998 3.89282e-10 1.23645e-10 0.112926 1.04178e-05 2.72118e-05 7.58396e-05 1.34914e-06 0.040693 0.000778499 5.19684e-05 7.29635e-10 0.747831 0.00321925 1.34241e-09 4.38221e-10 1.48543e-10 0.0435785 4.24378e-10 0.014237 6.13378e-10 
0.00892982 0.00137592 6.5821e-06 8.48411e-08 0.980532 5.15477e-05 0.000425966 0.000654831 2.09262e-06 2.16701e-07 9.47175e-05 0.00394979 1.8317e-05 0.000687043 8.57643e-06 1.81497e-05 6.04678e-05 8.93458e-06 7.25465e-06 0.00102143 0.00210058 4.56281e-05 
0.306744 0.00553214 0.00107372 6.53086e-10 0.494008 1.95696e-07 0.000137038 9.23969e-07 0.0014998 9.6412e-06 1.9505e-06 1.19125e-06 1.23835e-06 0.158165 0.00164746 7.09051e-09 0.00037904 5.41653e-07 3.42571e-06 0.00830537 0.0224888 4.28564e-07 
3.1756e-07 0.0180452 7.85794e-05 2.47116e-07 0.01631 4.83071e-07 6.51311e-07 0.919839 0.000470216 2.64404e-06 1.47646e-06 9.84475e-07 1.45824e-06 0.00327494 0.0126433 2.68292e-06 0.0172546 0.000475297 0.00496643 8.48156e-07 0.00123523 0.00539512 
0.000403157 0.00384291 0.000144488 1.67525e-06 0.000884238 0.000131697 4.41537e-06 0.000308881 1.5587e-05 1.79245e-05 1.00092e-05 0.000243226 9.88569e-06 9.78445e-05 7.14198e-06 1.81881e-05 5.93737e-06 4.7545e-05 0.000112134 5.74982e-06 0.000367891 0.993319 
0.00714998 0.144675 1.46e-05 1.08615e-08 0.716727 0.000132543 0.00733053 0.00727031 0.000180229 0.000398124 0.000213324 0.000294139 0.000330874 0.0294642 0.000165141 1.17923e-07 1.46776e-06 0.0823257 4.1591e-05 1.0581e-05 0.00327387 5.38817e-08 
0.113668 2.36071e-07 0.00995661 1.73592e-10 0.825839 3.91531e-07 4.57528e-10 0.000581919 4.00785e-07 1.85736e-09 2.06911e-07 1.13809e-06 1.02437e-09 0.0490874 7.40064e-10 1.88468e-09 1.50097e-06 2.08547e-10 2.83617e-10 5.95807e-10 0.000862968 8.61153e-10 
0.0980393 0.00761748 0.0015094 4.38835e-11 0.833123 0.000346682 9.31249e-07 0.00705026 8.26915e-07 4.69535e-10 1.19517e-07 0.00514458 2.58958e-10 0.0372115 1.87086e-10 4.7644e-10 8.69253e-07 3.90109e-07 7.16974e-11 4.23328e-07 0.00995454 2.17696e-10 
0.191346 0.00651169 1.77742e-05 1.08581e-08 0.491478 2.12257e-08 2.86181e-08 5.04992e-06 1.08684e-08 1.16177e-07 0.00062708 0.0297333 0.246449 4.04188e-05 4.62905e-08 1.17885e-07 1.9779e-05 1.30444e-08 4.17123e-05 3.72673e-08 0.0337299 5.38645e-08 
0.327714 9.00501e-10 9.76662e-06 6.20298e-10 0.554925 1.21258e-09 1.63489e-09 3.55166e-06 6.20891e-10 6.63692e-09 3.70614e-09 2.47118e-09 5.60077e-05 0.113961 2.64448e-09 6.73454e-09 2.19844e-09 7.45201e-10 2.53465e-06 2.129e-09 0.00172304 0.00160535 
0.100514 0.00881894 4.75744e-07 3.0543e-11 0.868549 0.000381716 6.7139e-07 1.41513e-05 3.05722e-11 5.29349e-07 3.11843e-06 0.00362147 4.87915e-07 0.0156751 1.30212e-10 1.79266e-07 0.000552628 5.07864e-08 4.99016e-11 0.000238678 0.00134258 0.000287016 
0.000811525 8.40378e-05 1.64178e-08 5.2147e-09 0.550042 2.95724e-05 0.000137455 6.06441e-05 0.000190001 5.5795e-08 1.87251e-05 0.000405125 0.447082 0.000590343 2.22315e-08 5.66156e-08 0.000388135 3.75946e-05 8.51984e-09 1.7898e-08 0.000122717 2.58689e-08 
0.249669 0.0975732 6.86846e-07 1.24655e-11 0.327682 0.00103001 0.00492155 0.0163942 1.24774e-11 9.8711e-07 0.121898 0.0501853 7.35591e-11 0.118181 4.57087e-07 1.35337e-10 6.6274e-07 1.66243e-07 2.04887e-06 4.27842e-11 0.0124599 6.61732e-07 
5.78065e-05 7.17315e-06 2.72874e-09 8.66713e-10 0.363093 1.86541e-06 2.28435e-09 0.000924056 7.80874e-06 9.27346e-09 5.17841e-09 2.45187e-05 5.1145e-09 0.63583 3.695e-09 9.40985e-09 3.56357e-05 1.04123e-09 2.12549e-06 2.97475e-09 1.53876e-05 4.29957e-09 
1.09563e-08 7.18005e-05 2.68427e-08 8.52591e-09 0.000341726 3.50168e-05 0.000397765 0.000170078 5.12896e-06 9.12236e-08 5.09403e-08 3.3966e-08 0.998008 0.000338962 0.000323533 9.25652e-08 0.000238746 1.02427e-08 1.39297e-08 2.92628e-08 6.92505e-05 4.22951e-08 
0.00219668 0.00329249 3.51729e-07 1.11718e-07 0.970844 2.1839e-07 2.94449e-07 0.00848434 1.11825e-07 1.19533e-06 6.67488e-07 4.45068e-07 6.5925e-07 0.00055774 4.76279e-07 1.21291e-06 3.95947e-07 1.34213e-07 0.00463634 0.00253108 0.00745081 5.54207e-07 
0.0232909 0.000689033 0.000937504 1.17272e-10 0.965603 1.08177e-07 1.16744e-07 3.79053e-07 1.17384e-10 1.25476e-09 2.04356e-07 1.12561e-06 6.92026e-10 0.00861222 4.99958e-10 1.27322e-09 1.48461e-06 1.40886e-10 1.80634e-07 7.20617e-07 0.000862821 5.81761e-10 
0.00805595 0.00409893 9.45291e-08 5.08806e-12 0.981383 9.94632e-12 1.01932e-07 8.69344e-08 3.00533e-08 5.44401e-11 4.86704e-08 0.00508057 9.61094e-08 0.000622052 2.16916e-11 5.52408e-11 2.16576e-08 1.83439e-08 8.31294e-12 3.58016e-07 0.000758151 2.52407e-11 
0.00194963 0.000898746 0.600609 7.66438e-08 0.0533462 1.49826e-07 0.00188031 0.00140807 0.0220242 8.20056e-07 0.00100432 0.0103896 4.52277e-07 0.253148 3.26751e-07 8.32117e-07 0.0523693 9.20767e-08 9.75713e-06 0.000563446 0.00039649 3.80213e-07 
0.0115835 5.78839e-05 0.895809 8.16288e-08 0.044108 5.22419e-06 0.000100861 9.79542e-05 0.00171963 2.13507e-06 2.40499e-06 3.25197e-07 4.81693e-07 0.0252384 4.57564e-05 8.86238e-07 0.0146192 0.000903069 3.01928e-07 3.2885e-05 0.00562514 4.65695e-05 
0.00714998 0.144675 1.46e-05 1.08615e-08 0.716727 0.000132543 0.00733053 0.00727031 0.000180229 0.000398124 0.000213324 0.000294139 0.000330874 0.0294642 0.000165141 1.17923e-07 1.46776e-06 0.0823257 4.1591e-05 1.0581e-05 0.00327387 5.38817e-08 
0.925314 0.00108767 0.000970286 6.04167e-08 0.0376508 1.18105e-07 0.00189509 0.00184292 0.00536415 6.46433e-07 3.64586e-05 2.40692e-07 3.56521e-07 0.00650214 2.57571e-07 6.5594e-07 0.0126979 0.000834768 9.87096e-08 2.07363e-07 0.00493214 0.000869467 
0.0953544 0.0582099 2.34587e-06 6.53545e-11 0.467964 3.70623e-07 2.37724e-06 1.75971e-06 1.61319e-05 6.99265e-10 0.0734604 2.26542e-06 2.3529e-06 0.00437791 2.78622e-10 7.0955e-10 6.25626e-07 7.85142e-11 1.06777e-10 8.30173e-07 0.300604 8.10846e-07 
3.73105e-06 1.96348e-07 0.00280744 2.04896e-11 0.968771 4.00538e-11 5.40034e-11 3.18926e-07 2.05092e-11 2.1923e-10 1.71511e-07 9.4696e-07 1.2091e-10 0.0258284 8.7352e-11 2.22454e-10 1.24911e-06 2.46154e-11 3.34762e-11 7.03248e-11 0.00258639 1.01644e-10 
0.00124557 0.00111938 0.000324848 9.05005e-09 0.991515 5.13226e-05 0.000329192 0.000243678 0.00223388 9.68317e-08 0.000513738 0.000313707 0.000325821 8.65929e-05 3.85825e-08 9.82558e-08 8.66344e-05 1.08724e-08 1.47861e-08 0.000114959 0.0013829 0.000112283 
0.530365 1.59035e-09 0.0408377 1.09549e-09 5.20215e-05 2.1415e-09 2.88733e-09 2.29312e-05 1.8094e-05 1.17213e-08 1.63698e-05 4.36428e-09 1.48749e-05 0.0997749 4.67033e-09 1.18937e-08 3.88261e-09 5.27747e-07 3.0071e-05 0.314487 0.01438 5.48883e-07 
0.0021133 0.844249 1.4069e-07 4.46865e-08 0.0486292 0.00117064 0.00597145 0.00344166 4.47292e-08 0.00602488 2.66991e-07 0.00929306 0.00403481 0.0246409 1.90509e-07 4.85159e-07 0.000538638 0.0450951 7.30094e-08 0.00397253 0.000823609 2.2168e-07 
0.634875 0.0181364 2.698e-05 5.35855e-09 0.106219 1.04751e-08 2.46486e-05 3.38792e-06 5.36367e-09 1.12207e-05 3.20161e-08 0.000782147 2.13788e-05 0.22672 2.28448e-08 5.81775e-08 9.70934e-05 0.0111728 8.75487e-09 3.67839e-06 0.00190582 2.65826e-08 
0.0571211 0.00208647 4.28973e-07 1.11718e-07 0.823218 0.00074754 0.0268523 0.0037632 0.00805306 0.00050899 0.000130026 0.000396943 6.38061e-06 0.0330801 3.30233e-07 5.22397e-05 0.0022766 0.0180451 0.000330161 3.48516e-07 0.0233302 1.81794e-07 
0.120078 0.00130811 0.0138788 2.3289e-08 0.780181 4.55262e-08 0.000160853 1.65644e-05 6.46771e-05 2.49183e-07 1.39146e-07 0.000431091 0.00141448 0.0765492 9.92865e-08 5.3719e-05 0.00568975 4.36652e-06 3.80499e-08 3.35087e-05 0.000134824 1.15532e-07 
0.000205903 0.000131261 7.07347e-07 2.24671e-07 0.973663 2.63382e-05 0.000146982 8.0879e-05 2.24885e-07 2.40388e-06 1.34235e-06 9.22465e-05 0.0251728 1.13377e-05 9.57823e-07 2.43923e-06 7.96272e-07 2.6991e-07 3.6707e-07 7.71119e-07 0.000458014 1.11454e-06 
0.010168 0.00858237 3.86847e-10 1.22872e-10 0.977744 0.00350152 3.23848e-10 1.11009e-08 1.22989e-10 1.31468e-09 7.34132e-10 4.89505e-10 2.82851e-06 8.0393e-08 5.23832e-10 1.33401e-09 4.3548e-10 1.47613e-10 2.0075e-10 4.21724e-10 6.46107e-09 1.52446e-06 
0.00917118 4.07408e-06 1.91826e-06 6.98505e-10 0.984796 1.22128e-06 1.84101e-09 0.00356528 6.09865e-07 7.47371e-09 7.25678e-05 1.47142e-05 1.95193e-06 0.00235817 2.97789e-09 7.58363e-09 2.47562e-09 3.726e-07 1.7521e-06 7.26008e-06 2.60496e-06 3.46513e-09 
0.0597801 0.00610764 0.00117963 3.42424e-08 0.898416 0.000521844 3.75446e-05 0.00896912 0.0212106 3.66379e-07 1.83192e-05 0.00170182 2.02065e-07 5.84307e-05 0.000646423 3.71767e-07 1.21361e-07 4.11374e-08 0.000500358 0.000520416 0.000252574 7.84986e-05 
0.980746 6.23317e-05 4.87833e-05 1.313e-09 3.91844e-05 5.39264e-06 5.01824e-05 0.00013307 7.89867e-07 1.40485e-08 4.23702e-05 5.2308e-09 7.74805e-09 0.000182739 5.59763e-09 1.42552e-08 1.21037e-05 2.58707e-05 2.16686e-05 4.5065e-09 0.0186215 8.47405e-06 
0.0125805 0.00178421 1.23328e-07 1.35028e-11 0.31594 0.00102617 1.80438e-06 1.03996e-06 1.35157e-11 0.00182235 8.06763e-11 0.0359461 1.21919e-06 0.6113 1.90025e-07 1.46599e-10 1.62759e-07 1.36263e-05 2.20611e-11 0.0103244 0.00925814 6.69846e-11 
6.27457e-05 0.00040558 0.00360209 1.14859e-08 0.921992 1.41416e-05 3.59822e-05 0.000415212 8.88637e-06 6.57999e-05 2.95024e-06 0.000368436 6.77788e-08 0.072891 0.000104725 1.24702e-07 2.10412e-05 1.37987e-08 1.87659e-08 3.94223e-08 9.06345e-06 5.69792e-08 
0.000411278 0.267406 1.07473e-07 3.4136e-08 0.333659 6.67303e-08 4.35479e-05 0.0658798 3.41686e-08 3.65241e-07 2.03955e-07 1.35993e-07 0.000592638 4.47662e-05 1.4553e-07 3.70613e-07 1.20984e-07 4.10096e-08 5.57719e-08 0.331953 8.27203e-06 1.69341e-07 
0.0264287 0.0187295 1.7652e-05 3.05042e-07 0.924086 0.000198131 0.00056125 0.00145253 0.0118061 0.000168316 0.000422146 0.000487219 1.85404e-05 0.0135517 7.02794e-05 3.31182e-06 0.000161312 3.66464e-07 9.53814e-05 6.95282e-06 0.00172749 7.28085e-06 
0.0742099 0.254631 6.91488e-05 1.07122e-09 0.630764 0.00249386 0.000393726 0.00369998 8.06145e-07 1.14616e-08 6.40029e-09 0.0107082 6.3213e-09 0.000349395 4.56686e-09 1.16302e-08 3.73338e-05 2.63654e-06 6.33326e-06 3.67666e-09 0.00322623 0.0194078 
0.150775 0.104853 8.79052e-08 1.15465e-11 0.530457 0.00190516 0.000329523 0.005181 0.00231825 8.46936e-08 6.89876e-11 0.00063559 2.26615e-07 0.00335913 0.00392414 1.2536e-10 0.00748109 2.62505e-08 0.00136873 3.96301e-11 0.00658909 0.180823 
1.34593e-05 1.17082e-05 2.73632e-06 4.96611e-11 1.11959e-05 1.64073e-06 8.52103e-06 5.77937e-06 4.97086e-11 3.93254e-06 1.98208e-05 1.46999e-05 2.93052e-10 0.99744 1.82098e-06 5.39168e-10 2.64029e-06 6.62296e-07 0.00245691 1.70448e-10 1.9314e-06 2.63627e-06 
7.7502e-05 4.08146e-06 0.000975184 2.51207e-09 0.983482 4.91069e-09 6.62095e-09 0.00261467 2.51447e-09 2.68781e-08 3.57499e-06 1.9678e-05 1.48238e-08 0.00867426 1.07096e-08 2.72734e-08 2.59532e-05 3.0179e-09 4.10426e-09 8.62199e-09 0.00412347 1.24618e-08 
0.00251352 0.000132275 0.000756216 1.38033e-08 0.992702 2.69832e-08 3.63808e-08 0.000214853 1.38165e-08 1.4769e-07 0.000115543 0.000637943 8.14538e-08 0.0017226 5.88468e-08 1.49862e-07 0.000841496 1.65828e-08 2.25521e-08 4.73761e-08 0.000362922 6.84753e-08 
0.423347 0.0129897 4.62167e-05 6.29187e-08 0.139672 0.000108011 0.00108972 0.0513248 0.000316546 0.00510036 7.31518e-05 0.129642 0.000794279 0.23455 0.000134879 6.83104e-07 1.24923e-05 5.6071e-05 0.000513039 1.64983e-05 0.000195953 1.62134e-05 
0.00654924 0.0748963 5.91977e-07 1.61837e-09 0.812567 3.16364e-09 0.000600232 0.00859862 0.0024644 9.06283e-07 0.0678744 6.44734e-09 0.00273041 0.00205349 1.34052e-07 2.39403e-05 0.00401131 1.40148e-07 0.000923663 0.0152098 0.00149546 4.50173e-08 
0.0676819 0.00136849 0.000576337 2.09979e-11 0.891135 2.87743e-08 5.53432e-11 0.0087596 7.77874e-08 2.24669e-10 1.75766e-07 0.0304732 2.47943e-07 2.62045e-06 8.9519e-11 2.27973e-10 1.2801e-06 2.02061e-08 3.43067e-11 7.20695e-11 5.52084e-07 1.0001e-06 
0.00854601 0.000952407 0.0359608 1.23405e-10 0.873531 0.00127391 3.25253e-10 2.54183e-06 1.23523e-10 1.80007e-06 7.37317e-10 0.00018984 0.000193774 0.0760856 5.26105e-10 1.3398e-09 2.51141e-06 7.50306e-07 2.01621e-10 3.30138e-07 6.18992e-07 0.00325824 
0.311534 0.000351968 0.164184 2.85708e-08 0.134775 5.55259e-05 0.00148551 0.0219281 0.10927 1.495e-05 3.25999e-06 0.00136642 1.68597e-07 0.248046 4.14147e-06 8.56552e-06 1.0126e-07 2.29977e-06 0.00236073 9.80613e-08 0.000378771 0.00423025 
0.0126813 8.30091e-09 0.07875 5.71797e-09 0.334978 1.09318e-06 0.00768247 0.35619 5.72343e-09 6.11799e-08 3.14005e-05 4.25559e-05 0.0095041 0.0446501 0.000856514 6.20797e-08 2.02655e-08 6.86934e-09 0.136499 0.0181275 5.81874e-06 2.83656e-08 
0.00251352 0.000132275 0.000756216 1.38033e-08 0.992702 2.69832e-08 3.63808e-08 0.000214853 1.38165e-08 1.4769e-07 0.000115543 0.000637943 8.14538e-08 0.0017226 5.88468e-08 1.49862e-07 0.000841496 1.65828e-08 2.25521e-08 4.73761e-08 0.000362922 6.84753e-08 
0.186519 1.66338e-06 9.50957e-06 1.7358e-10 0.618115 3.3932e-10 4.57495e-10 0.00729761 1.73746e-10 1.85723e-09 1.45297e-06 8.02226e-06 1.0243e-09 0.168986 7.40011e-10 1.88454e-09 0.0190581 2.08532e-10 2.83597e-10 5.95763e-10 4.56381e-06 8.6109e-10 
0.0117491 0.00987642 3.01683e-05 6.2101e-09 0.898634 0.000409549 0.00548826 0.0504244 0.000848456 6.64455e-08 1.16183e-07 0.000456921 2.40507e-06 0.00361841 2.64751e-08 0.000283194 0.000441021 1.83602e-06 1.79954e-05 2.13144e-08 0.0168682 0.000848943 
0.00247359 4.61975e-05 0.00180619 4.18828e-12 9.12289e-12 1.14705e-08 5.53046e-09 1.50232e-09 5.24077e-08 0.00078908 2.00217e-07 1.66855e-11 9.91076e-09 0.691587 4.44624e-07 4.54718e-11 0.301262 0.00203516 5.81712e-08 1.43751e-11 6.52003e-08 8.33159e-09 
9.9841e-07 0.00366286 2.23793e-11 7.10821e-12 0.992551 0.0027495 0.000382372 0.000374886 8.82331e-08 3.42324e-07 7.22413e-08 2.83181e-11 4.19457e-11 1.76316e-06 9.39728e-08 1.9301e-07 2.26986e-08 5.29536e-08 1.16135e-11 2.43969e-11 1.65797e-07 0.000275241 
0.0378527 0.0248022 1.55109e-05 3.01236e-08 0.84723 8.75534e-05 0.00895708 0.00846423 0.0203962 4.83063e-06 1.79981e-07 0.00198423 1.7776e-07 0.0187784 0.0193195 3.2705e-07 2.11417e-05 0.00911104 0.00238437 0.000467866 0.000121779 1.49436e-07 
0.000132429 8.17366e-08 0.000729427 5.63031e-08 0.893966 3.88739e-05 0.00113974 0.00214946 1.24135e-06 0.000657609 3.36398e-07 0.000170349 3.32246e-07 0.00715005 2.40033e-07 6.11279e-07 0.093831 6.76402e-08 9.19888e-08 1.8478e-05 1.3281e-05 2.79307e-07 
6.43559e-05 0.0579684 2.71553e-06 2.36741e-08 0.921363 9.1066e-06 2.50555e-06 0.0111399 0.000150012 2.53303e-07 0.000121986 0.000110881 0.000773937 0.000111178 0.00498398 2.57028e-07 0.000585767 1.61525e-05 0.000168612 8.12547e-08 0.00224349 0.000183215 
8.50422e-05 0.00966544 9.09185e-09 2.88779e-09 0.191896 0.000405585 4.65386e-05 1.98987e-05 0.00266449 3.08982e-08 1.72539e-08 1.50534e-05 0.00115599 0.759356 0.0291366 3.13526e-08 2.7937e-05 3.02109e-06 4.71812e-09 9.91154e-09 0.00552173 1.43257e-08 
3.52145e-05 3.16469e-05 0.000927586 2.55861e-10 0.943924 1.45098e-06 9.30681e-06 6.88921e-06 0.0126943 2.7376e-09 1.45243e-05 8.86904e-06 9.21153e-06 0.00710203 1.09079e-09 2.77786e-09 2.4493e-06 3.0738e-10 4.18028e-10 3.2501e-06 0.0352263 3.17443e-06 
7.86026e-06 0.0190005 6.38402e-06 4.39005e-10 0.805398 8.58182e-10 1.15706e-09 2.27483e-06 0.00285025 4.69717e-09 0.00868197 0.00493321 0.0164328 9.31137e-06 5.71489e-06 4.76625e-09 1.55591e-09 1.61042e-06 5.62106e-07 0.114272 0.0283969 2.17781e-09 
0.000642835 1.39921e-08 3.03448e-08 9.63825e-09 0.00161446 1.88412e-08 2.54031e-08 0.000101742 8.68368e-05 1.03125e-07 2.88507e-05 0.000272659 5.68756e-08 0.00150409 0.00021371 1.04642e-07 0.000396286 1.1579e-08 0.0709329 3.30806e-08 0.924205 4.78132e-08 
0.00236644 0.0264152 2.99327e-07 4.24277e-11 0.480793 0.00389767 0.000611892 3.31223e-05 8.05302e-08 4.53958e-10 2.53495e-10 5.44105e-05 5.63376e-05 0.000363624 8.99881e-05 4.60634e-10 1.50371e-10 5.09708e-11 1.73782e-06 1.56956e-07 2.10295e-07 0.485316 
0.062507 0.00396484 0.000680015 1.01474e-07 0.628109 7.32355e-05 0.000674908 0.00868703 0.0514398 1.08573e-06 0.000449986 0.0978494 1.03854e-05 0.00107977 0.00029946 1.1017e-06 2.96132e-06 1.21907e-07 1.6579e-07 0.09418 0.0497091 0.00028018 
0.991928 0.000297251 0.00107475 6.45559e-06 0.00273049 1.26196e-05 1.70147e-05 0.000332946 6.46176e-06 6.90721e-05 3.85707e-05 2.57182e-05 3.80946e-05 0.0028216 2.75217e-05 7.0088e-05 2.28797e-05 7.75548e-06 1.05472e-05 0.000294403 0.000113486 5.38855e-05 
0.0100401 9.90627e-07 8.83865e-07 1.35433e-10 0.846826 7.26224e-07 0.000546928 1.67837e-06 0.00167523 0.0038765 3.36823e-08 5.39544e-10 4.72832e-07 0.125464 5.77381e-10 1.47038e-09 1.15639e-05 0.000194079 3.22271e-06 4.64834e-10 0.011357 7.92198e-07 
0.00917118 4.07408e-06 1.91826e-06 6.98505e-10 0.984796 1.22128e-06 1.84101e-09 0.00356528 6.09865e-07 7.47371e-09 7.25678e-05 1.47142e-05 1.95193e-06 0.00235817 2.97789e-09 7.58363e-09 2.47562e-09 3.726e-07 1.7521e-06 7.26008e-06 2.60496e-06 3.46513e-09 
1.19126e-05 0.0505834 1.88081e-05 1.37227e-09 0.924136 0.00757626 0.00417566 4.84943e-05 0.000514626 2.91877e-06 1.50926e-07 0.000889158 8.53888e-07 6.96418e-07 4.41279e-06 1.57102e-06 2.96811e-06 1.64859e-09 0.000109217 9.85998e-06 1.3216e-05 0.0118997 
0.00662358 0.0397301 0.000851171 3.75523e-08 0.732134 0.00665619 0.00446135 0.00291012 0.000464642 1.04447e-06 2.85604e-06 0.00151416 0.00196925 0.0206435 3.852e-05 1.21884e-05 0.00367091 0.000142176 0.000591665 1.47986e-05 0.00025721 0.17731 
0.0203995 2.19194e-05 5.08495e-05 3.69447e-07 0.949805 1.37479e-05 5.18116e-05 0.000908842 3.698e-07 3.95293e-06 5.45912e-05 1.47183e-06 2.18012e-06 0.0278018 0.000819264 4.01107e-06 1.30938e-06 4.43839e-07 6.03608e-07 1.26802e-06 9.32161e-06 4.70661e-05 
0.00128888 0.00102098 9.79417e-07 3.11087e-07 0.969696 1.27578e-05 6.27989e-05 0.00672163 9.83038e-06 6.58582e-05 1.85867e-06 0.00759863 0.000320041 0.00704518 5.61786e-05 0.000152972 6.69164e-06 0.000468434 5.08258e-07 0.00415033 0.00131756 1.54323e-06 
5.52531e-05 1.78081e-06 2.96854e-09 9.4288e-10 0.956655 1.84318e-09 1.76467e-05 1.42545e-05 3.78457e-07 1.00884e-08 5.63349e-09 1.50627e-06 6.28783e-05 0.0430517 4.01972e-09 4.60758e-05 4.11066e-05 3.73916e-06 1.54049e-09 2.8805e-05 1.88998e-05 9.40158e-07 
0.0100401 9.90627e-07 8.83865e-07 1.35433e-10 0.846826 7.26224e-07 0.000546928 1.67837e-06 0.00167523 0.0038765 3.36823e-08 5.39544e-10 4.72832e-07 0.125464 5.77381e-10 1.47038e-09 1.15639e-05 0.000194079 3.22271e-06 4.64834e-10 0.011357 7.92198e-07 
0.024443 0.0948696 0.000485093 2.47092e-09 0.854272 0.000416867 0.0025005 0.00726407 0.000307445 6.17387e-06 0.000159901 0.00225549 4.4942e-06 0.00598423 0.000202021 2.68266e-08 0.000334478 0.000340133 4.03702e-09 6.66038e-06 0.005961 0.000186336 
1.48918e-05 0.000216417 0.000942995 4.7235e-10 0.960204 9.23367e-10 1.24495e-09 0.00105151 4.72801e-10 5.05395e-09 6.86863e-07 3.78103e-06 2.78735e-09 0.0366954 2.01374e-09 5.12828e-09 4.98681e-06 5.67462e-10 7.71732e-10 1.62121e-09 0.000865075 2.34322e-09 
0.00251352 0.000132275 0.000756216 1.38033e-08 0.992702 2.69832e-08 3.63808e-08 0.000214853 1.38165e-08 1.4769e-07 0.000115543 0.000637943 8.14538e-08 0.0017226 5.88468e-08 1.49862e-07 0.000841496 1.65828e-08 2.25521e-08 4.73761e-08 0.000362922 6.84753e-08 
0.0263711 4.0414e-05 0.00088757 6.6537e-07 0.764288 6.81958e-06 0.000243329 0.081597 0.000459388 7.50849e-05 3.97543e-06 2.65074e-06 0.106142 0.0183599 2.83663e-06 7.22388e-06 0.000895343 7.99348e-07 5.93e-05 0.000510792 4.28362e-05 3.30075e-06 
0.00713861 0.0127681 3.27322e-06 9.47381e-08 0.00582871 2.16733e-07 8.24449e-06 0.000438429 0.00182851 2.74297e-05 0.945112 0.000990133 4.67828e-07 3.81223e-07 0.000324431 1.00264e-05 1.11923e-07 2.05269e-05 0.0243757 4.16476e-05 0.00107875 4.12618e-06 
0.00104115 0.0196091 0.00741566 8.63212e-07 0.171729 0.000374833 0.230841 0.017871 7.91801e-06 2.21191e-06 0.0234997 8.68428e-07 0.000168266 0.120316 0.000171359 0.00480718 0.371765 0.0295496 0.00080821 2.69519e-06 1.64006e-05 1.42939e-06 
0.372632 0.381903 0.0626426 4.10837e-10 0.022985 5.17212e-05 0.000123027 0.00755178 0.0553527 0.000120213 5.18595e-07 1.79386e-07 6.74649e-07 0.0629405 0.00857369 4.46044e-09 4.54788e-05 0.00718886 0.00624181 7.99359e-05 0.0115664 2.03807e-09 
6.08633e-05 3.20295e-06 1.83113e-05 3.34239e-10 0.999823 6.53382e-10 8.80937e-10 5.20252e-06 3.34558e-10 3.57622e-09 2.79779e-06 1.54474e-05 1.97235e-09 4.17116e-05 1.42494e-09 3.62881e-09 2.03763e-05 4.01541e-10 5.46084e-10 1.14718e-09 8.78792e-06 1.65809e-09 
0.0310613 0.00163461 0.00934509 1.70578e-07 0.121461 3.33451e-07 4.49583e-07 0.00265509 1.7074e-07 1.82511e-06 0.00142784 0.796236 1.00658e-06 0.0212873 7.27212e-07 1.85195e-06 0.010399 2.04925e-07 2.78692e-07 5.85459e-07 0.00448488 8.46197e-07 
0.0377009 2.27544e-05 0.000129679 8.14627e-08 0.952299 1.59246e-07 2.14707e-07 0.000907787 8.15405e-08 8.71616e-07 2.02484e-05 0.000109502 9.38848e-05 0.00506375 3.47294e-07 8.84435e-07 0.000144307 9.78659e-08 1.33095e-07 2.79598e-07 0.00350506 4.04118e-07 
0.126481 4.21187e-05 5.40383e-06 1.42913e-09 0.873167 2.79372e-09 3.76669e-09 0.000108535 1.4305e-09 1.52911e-08 8.53873e-09 5.69346e-09 8.43334e-09 7.1348e-06 6.09272e-09 1.5516e-08 5.06509e-09 1.20355e-06 5.93097e-05 3.23785e-05 9.53133e-05 7.08961e-09 
0.00627749 0.00181206 0.00445354 8.97525e-09 0.944876 0.000305406 2.85711e-05 0.0108543 0.00093582 0.000548805 5.3625e-08 9.0219e-05 0.000589005 0.0290061 3.82636e-08 1.27825e-06 6.6629e-05 3.44429e-07 5.24764e-08 0.00015315 1.23242e-06 4.45242e-08 
0.0021556 0.00298984 0.000390911 5.65194e-10 0.876883 0.000166486 0.00168717 1.19902e-06 5.65734e-10 6.04734e-09 5.88638e-06 7.9734e-06 2.63886e-06 0.107294 2.40956e-09 6.13628e-09 2.00315e-09 6.79001e-10 9.23422e-10 1.93987e-09 1.02556e-06 0.00841418 
0.148893 4.71991e-07 2.69838e-06 4.92539e-11 0.827722 9.62833e-11 1.29816e-10 0.00536734 4.9301e-11 5.26996e-10 4.12287e-07 2.27635e-06 2.90649e-10 6.14668e-06 2.09981e-10 5.34747e-10 3.00268e-06 5.91716e-11 2.25401e-07 7.27083e-07 0.0180018 2.44338e-10 
0.000255287 1.34346e-05 7.68055e-05 1.40194e-09 0.999259 2.74057e-09 3.69503e-09 2.18216e-05 1.40328e-09 1.50002e-08 1.17352e-05 6.47931e-05 8.27291e-09 0.000174957 5.97681e-09 1.52208e-08 8.54671e-05 1.68424e-09 2.29051e-09 4.81178e-09 3.68604e-05 6.95473e-09 
0.0736471 0.00164587 0.0015317 2.42097e-08 0.918277 0.000162076 5.54475e-06 0.00156935 2.18889e-05 5.2628e-06 8.05634e-07 0.000153864 3.15881e-06 0.000872253 1.03211e-07 2.62843e-07 0.000408313 4.43433e-07 0.00015591 5.70529e-07 0.00153711 1.27752e-06 
0.0937974 0.187644 0.00750216 1.31223e-10 0.675084 0.00210346 3.45858e-10 0.026114 4.72984e-07 1.40403e-09 7.05704e-06 3.30921e-05 7.7435e-10 0.00704161 5.70682e-06 1.42468e-09 4.65077e-10 0.000456322 1.13202e-05 4.50386e-10 1.46209e-06 0.000197829 
0.0553199 0.934447 0.0101832 3.25844e-10 7.87897e-06 7.01306e-07 5.15373e-06 3.46878e-06 8.41514e-06 3.4864e-09 1.94684e-09 1.94847e-06 1.92282e-09 8.32833e-07 4.86343e-06 3.53767e-09 3.4657e-06 3.91456e-10 3.24799e-06 9.50723e-06 8.14462e-07 1.61644e-09 
0.149838 0.00249061 3.41382e-06 8.89059e-07 0.799447 0.000541115 0.0336144 2.05971e-06 0.00339423 2.21503e-06 1.62502e-06 0.00713261 1.32122e-05 0.00233063 2.62795e-06 0.00010716 0.000412504 1.71139e-05 0.000627847 2.77349e-06 1.70349e-05 1.44656e-06 
0.949048 9.50353e-05 6.64146e-05 8.35349e-08 0.00269654 1.63297e-07 0.00621056 0.000766146 0.00156284 2.82821e-05 4.99101e-07 0.00305432 4.92941e-07 0.0360941 3.56129e-07 9.06933e-07 2.96062e-07 0.000155461 0.000164671 2.8671e-07 8.42829e-06 4.58307e-05 
0.811614 0.0218511 5.43383e-06 4.12391e-10 0.0481827 5.65704e-07 0.0127928 0.0153996 0.0648712 3.7147e-06 9.67117e-06 1.84362e-06 3.46872e-06 0.0252429 6.73193e-06 4.4773e-09 8.60455e-06 3.95814e-06 6.7377e-10 1.41542e-09 1.9976e-06 2.04578e-09 
0.215573 0.0733418 0.00046376 4.26266e-10 0.478999 0.00022835 0.00132904 6.18735e-07 4.06674e-05 5.64445e-06 3.34864e-07 0.00253101 0.00092743 0.034628 1.81727e-09 4.62795e-09 0.00388033 0.000135972 0.151453 2.05971e-05 0.0364374 4.463e-06 
0.0493149 0.000465866 0.0300424 3.96286e-10 0.273947 2.01477e-06 1.04447e-09 0.00792228 3.96665e-10 0.312028 1.78271e-06 0.00119683 1.54988e-06 0.289518 1.68946e-09 4.30246e-09 0.0344106 1.03761e-06 6.47458e-10 6.44285e-07 0.00114792 1.96589e-09 
0.00101455 0.000332189 0.625356 1.86641e-09 0.372144 3.64853e-09 0.000211531 2.90512e-05 1.86819e-09 9.58751e-05 1.11514e-08 5.87482e-05 1.10137e-08 0.000175799 7.95695e-09 2.02635e-08 9.26745e-06 0.000543743 3.04937e-09 6.40593e-09 2.93466e-05 9.25885e-09 
0.0597374 0.0128894 6.68221e-07 1.74045e-07 0.508937 0.0012405 0.0696525 0.0112543 0.0446253 0.000306885 6.65516e-05 0.00382238 8.51239e-05 0.16877 5.1461e-07 6.24444e-07 0.0608038 0.01083 0.0156403 8.64671e-05 0.0312498 2.83575e-07 
0.170442 0.000142016 2.50294e-05 1.71735e-07 0.52204 6.14927e-06 3.01093e-05 0.000243249 2.78541e-05 0.140383 1.02607e-06 0.00117666 0.0294282 0.0708221 7.32145e-07 0.000639912 0.0354946 0.0180145 0.0105113 2.03182e-05 0.000551013 8.51938e-07 
6.22767e-06 3.16166e-10 0.917101 2.17787e-10 1.08429e-06 4.25737e-10 5.74009e-10 3.10932e-07 8.34373e-05 3.40966e-06 1.30122e-09 0.0592915 1.28516e-09 0.0183521 9.28476e-10 2.3645e-09 0.00226929 8.8787e-08 3.55823e-10 2.29572e-07 0.00289116 1.08039e-09 
0.00627749 0.00181206 0.00445354 8.97525e-09 0.944876 0.000305406 2.85711e-05 0.0108543 0.00093582 0.000548805 5.3625e-08 9.0219e-05 0.000589005 0.0290061 3.82636e-08 1.27825e-06 6.6629e-05 3.44429e-07 5.24764e-08 0.00015315 1.23242e-06 4.45242e-08 
0.030631 0.167842 0.000172315 5.98693e-11 0.511379 0.000257671 0.000618294 0.0481746 5.99265e-11 4.99103e-06 9.86799e-05 0.100643 3.5329e-10 0.128044 7.2026e-05 6.49997e-10 0.00151764 0.000561222 3.84802e-07 2.05485e-10 0.00170476 0.00827874 
0.409126 0.00547023 5.1715e-06 5.70773e-10 0.43035 8.53407e-07 0.0165113 1.86098e-06 5.71318e-10 6.10703e-09 3.41024e-09 0.0128297 3.36815e-09 0.125359 9.68603e-08 6.19685e-09 1.66223e-05 0.000298762 2.02742e-06 5.12931e-07 2.60231e-05 1.21614e-06 
0.00220456 0.515534 0.00034269 1.97867e-08 0.00181883 4.25864e-05 5.21508e-08 0.000152232 1.98056e-08 0.000381288 0.00224631 0.474989 1.16762e-07 0.00126052 8.51993e-06 0.000129108 0.000238503 2.37709e-08 3.23277e-08 0.000360002 0.000232825 5.89925e-05 
0.567976 3.14704e-05 2.67415e-05 2.23461e-09 0.401734 6.55682e-06 1.35521e-05 5.79872e-06 2.23674e-09 2.39094e-08 1.33513e-08 0.00964213 0.00213227 0.018357 2.09682e-05 2.4261e-08 7.91984e-09 2.68457e-09 1.57027e-05 7.66967e-09 8.7267e-06 2.8833e-05 
0.774784 7.07858e-07 4.04683e-06 7.38674e-11 0.205183 1.44399e-10 1.94689e-10 1.14977e-06 7.3938e-11 7.9035e-10 6.18318e-07 0.00341731 4.35894e-10 0.0166022 3.14914e-10 8.01974e-10 4.5032e-06 8.87413e-11 1.20686e-10 2.53529e-10 1.94215e-06 3.6644e-10 
0.0185428 0.00255051 1.80781e-05 5.84333e-08 0.959518 0.000119439 0.000865113 8.99882e-06 4.01563e-06 5.27032e-05 1.23682e-05 0.000129971 3.44816e-07 0.00938268 2.49115e-07 6.34407e-07 0.00344759 1.12787e-06 4.71069e-05 1.44479e-06 0.00524689 4.95484e-05 
0.150775 0.104853 8.79052e-08 1.15465e-11 0.530457 0.00190516 0.000329523 0.005181 0.00231825 8.46936e-08 6.89876e-11 0.00063559 2.26615e-07 0.00335913 0.00392414 1.2536e-10 0.00748109 2.62505e-08 0.00136873 3.96301e-11 0.00658909 0.180823 
0.767173 9.74034e-05 0.00698664 5.28371e-07 0.103056 1.03288e-06 0.000363146 0.00061029 0.000142451 5.65334e-06 0.0008178 2.10495e-06 6.59677e-05 0.00378333 0.000124282 9.53665e-05 1.87264e-06 0.000159153 0.0786208 0.00315686 0.0347341 2.62113e-06 
0.150775 0.104853 8.79052e-08 1.15465e-11 0.530457 0.00190516 0.000329523 0.005181 0.00231825 8.46936e-08 6.89876e-11 0.00063559 2.26615e-07 0.00335913 0.00392414 1.2536e-10 0.00748109 2.62505e-08 0.00136873 3.96301e-11 0.00658909 0.180823 
0.000849941 4.9967e-05 0.000266166 3.78943e-06 0.997278 7.4077e-06 9.9876e-06 7.56218e-05 3.79305e-06 4.05453e-05 6.14602e-05 0.000229563 2.23615e-05 0.000581409 1.61552e-05 4.11416e-05 0.000296336 4.55246e-06 6.19121e-06 1.30061e-05 0.00012399 1.87985e-05 
1.06952e-06 0.00066509 1.67956e-10 5.3347e-11 0.106334 0.00469812 0.875871 2.52959e-07 5.39319e-09 4.74333e-05 3.18736e-10 2.12527e-10 6.32752e-08 0.00459451 2.27431e-10 5.79185e-10 1.89071e-10 1.34651e-07 8.7159e-11 1.83098e-10 4.72436e-08 0.00778812 
0.619787 1.94193e-06 0.225762 1.09108e-11 0.0204425 2.13288e-11 1.23658e-06 8.50845e-05 1.09212e-11 0.00151384 6.51895e-11 0.0187518 6.43849e-11 0.0936246 4.65153e-11 1.18458e-10 3.86698e-11 0.0200287 1.78262e-11 5.7674e-07 1.71557e-07 5.41261e-11 
0.0639706 0.0469337 0.00176164 3.78105e-11 0.737621 0.000261515 0.000773755 0.00177408 0.0742052 4.04556e-10 8.5386e-07 0.00437545 0.000779919 0.0251157 0.00270792 4.10506e-10 0.00829612 0.000643776 5.76914e-07 0.000421908 0.00992359 0.0204322 
0.00319999 0.000681296 0.000501497 1.40923e-06 0.00264164 6.44799e-05 3.71424e-06 0.000222081 1.41058e-06 0.000567916 0.988258 0.000497349 8.3159e-06 0.00182949 6.00787e-06 0.000202289 0.000350895 1.69299e-06 2.30242e-06 0.000527003 0.000338484 9.24305e-05 
9.1943e-05 5.09127e-09 0.00013251 3.50705e-09 0.000132927 0.145105 0.761082 1.91393e-05 3.5104e-09 3.7524e-08 2.09538e-08 1.39716e-08 0.00777728 5.04375e-05 1.49514e-08 3.80758e-08 0.0276471 4.21323e-09 5.72987e-09 1.92711e-05 0.0579298 1.21958e-05 
0.00916637 0.812155 1.10671e-06 4.52991e-10 0.0183027 8.85523e-10 1.19393e-09 0.127266 3.55284e-06 4.84681e-09 8.90321e-05 4.63883e-05 2.67311e-09 3.32515e-07 2.58063e-05 4.9181e-09 1.60548e-09 7.89018e-07 5.48075e-05 1.55476e-09 0.0328797 8.79959e-06 
0.000107842 0.00638372 8.41164e-08 2.67174e-08 0.53776 1.16499e-05 0.0158669 5.63784e-05 1.72345e-06 2.85865e-07 0.000272261 1.06438e-07 0.32178 0.117418 0.000107308 2.90069e-07 7.91955e-05 3.20972e-08 4.36513e-08 9.17e-08 2.29593e-05 0.00013093 
0.0896706 0.000163862 2.66868e-08 8.47639e-09 0.384453 1.65699e-08 2.23408e-08 0.00548116 0.00319542 9.06938e-08 5.06445e-08 0.000122997 2.9542e-05 0.167684 0.000101243 9.20276e-08 0.000178756 1.01832e-08 0.340204 2.90928e-08 0.00871589 4.20495e-08 
0.0132519 0.00655417 3.9333e-08 1.24931e-08 0.565414 0.000139286 0.000106943 2.63552e-05 0.0233527 0.00379733 6.77476e-06 0.000600616 5.65359e-06 0.268906 0.000164476 3.48727e-05 1.95935e-05 0.117291 2.04114e-08 4.28791e-08 0.000320747 7.50336e-06 
8.29319e-05 1.59529e-07 9.72989e-05 1.0989e-07 6.11378e-05 6.55148e-06 2.89631e-07 0.668898 5.68909e-05 1.17577e-06 6.56565e-07 4.37785e-07 6.48461e-07 1.88469e-05 4.68485e-07 0.000118405 3.89468e-07 1.32017e-07 1.79539e-07 0.330584 7.13599e-05 5.45138e-07 
0.0292147 0.000306554 2.41366e-10 7.66637e-11 0.259167 0.00661846 0.0139055 0.456517 1.23365e-06 8.18686e-05 7.90927e-05 6.52379e-06 1.499e-06 0.140397 0.0113555 8.32333e-10 6.90934e-06 1.28994e-07 0.0775063 2.63127e-10 0.00483471 3.80311e-10 
0.300443 0.221294 0.265833 1.86256e-10 0.066281 0.000129379 0.000339796 0.0179611 1.86434e-10 1.99286e-09 1.89774e-05 1.69745e-05 1.0991e-09 0.00609347 0.0287984 2.02217e-09 0.000222306 0.00015356 8.96207e-05 3.5119e-06 0.0649416 0.0273802 
0.0194355 0.000621383 1.32901e-07 4.22128e-08 0.973412 1.15412e-05 1.11258e-07 0.00184587 2.3316e-05 4.51659e-07 0.00131956 0.000150054 1.10417e-05 0.00295796 1.79963e-07 4.58301e-07 4.92281e-05 5.07127e-08 5.01261e-06 1.44883e-07 0.000156122 2.09408e-07 
0.930106 5.37317e-10 1.16529e-09 3.70124e-10 3.45869e-05 7.23531e-10 8.7894e-07 2.60893e-05 1.85983e-05 1.42605e-05 2.07894e-05 1.43044e-05 2.18411e-09 0.0697454 1.57792e-09 4.01841e-09 1.31178e-09 4.44652e-10 5.20114e-06 5.33671e-06 8.49815e-06 1.8361e-09 
0.00191987 0.00286929 5.79168e-09 1.83958e-09 0.978738 1.62717e-06 4.38289e-06 1.68222e-05 1.84134e-09 1.96827e-08 1.05128e-06 5.05178e-06 3.52012e-05 0.0145406 0.00181702 1.99722e-08 6.51978e-09 2.20999e-09 3.00553e-09 4.52744e-05 5.21329e-06 9.12574e-09 
0.000202138 8.07513e-05 0.000248643 3.37531e-07 0.680768 6.59818e-07 8.89615e-07 3.87042e-05 0.000150741 0.000107804 2.01667e-06 2.63737e-05 1.99178e-06 0.000354387 1.43898e-06 0.000138947 0.315127 0.00240346 9.10512e-05 0.000151383 0.000102446 1.67442e-06 
0.645299 1.18734e-06 6.78802e-06 1.23903e-10 0.273588 2.4221e-10 3.26564e-10 1.92858e-06 1.24021e-10 1.32571e-09 1.03715e-06 5.72637e-06 7.31154e-10 0.0618656 5.28227e-10 1.34521e-09 7.55352e-06 1.48852e-10 2.02434e-10 4.25262e-10 0.0192236 6.14654e-10 
0.659493 6.27224e-07 1.36027e-06 4.32055e-07 0.00101608 8.44596e-07 1.13874e-06 0.000445058 0.000264777 4.6228e-06 2.58143e-06 1.72124e-06 2.54957e-06 0.000246052 1.84195e-06 4.69079e-06 0.000148801 5.19053e-07 0.00295688 0.304332 0.031073 2.14333e-06 
0.006468 0.00361104 0.0132652 9.00297e-06 0.903031 0.000408309 0.0109708 0.0041049 8.31682e-05 2.24854e-05 0.000356276 0.00239717 1.58407e-05 0.0193147 2.66205e-05 0.00048865 0.00115352 0.00726951 0.00104048 2.80876e-05 0.0259206 1.46708e-05 
0.113621 0.0117418 0.00403767 1.11061e-07 0.555156 0.0004174 0.0524466 0.0131267 1.0266e-06 0.000195324 0.00862513 0.0797616 2.14023e-05 0.109171 0.00106075 0.000374425 0.00121039 0.00225776 0.00581023 0.000258827 0.039767 0.000937546 
0.801658 4.55224e-05 2.90767e-05 3.89635e-09 7.1733e-06 7.61672e-09 6.18037e-05 3.20341e-07 2.6904e-05 4.16893e-08 2.32798e-08 0.00788317 2.29925e-08 0.19013 1.6611e-08 4.23024e-08 1.38093e-08 4.68091e-09 0.000142375 1.33731e-08 9.54844e-06 5.92143e-06 
0.2241 2.66247e-06 3.26204e-10 1.0361e-10 0.761957 5.2681e-07 2.97684e-06 0.00574351 1.03709e-10 1.55313e-06 6.06727e-06 1.85787e-06 6.11407e-10 0.00818102 4.41715e-10 1.12489e-09 1.68954e-06 1.24473e-10 1.6928e-10 3.55613e-10 6.58153e-07 5.13988e-10 
0.203561 9.13249e-08 5.22105e-07 9.53007e-12 0.502165 2.05113e-08 2.51179e-11 0.000994015 1.57406e-07 7.14795e-08 7.97727e-08 4.40447e-07 1.91263e-07 0.271046 1.3083e-06 1.03467e-10 0.0151642 1.1449e-11 2.05544e-07 3.27093e-11 0.00706625 4.72765e-11 
0.017969 2.11913e-06 0.000311736 8.95489e-11 0.977912 0.000520573 1.86479e-06 0.00158529 6.09604e-07 1.7256e-06 1.01662e-05 1.53438e-06 5.2843e-10 5.70475e-06 3.81768e-10 5.84307e-07 0.00162017 1.0758e-10 1.46453e-07 1.62927e-06 1.0537e-06 5.36635e-05 
0.00673828 0.057789 0.000250724 2.39948e-08 0.717661 8.03077e-05 0.000435556 0.164352 2.40177e-08 7.5259e-05 0.000260411 9.55917e-08 1.41594e-07 0.00726759 0.000187948 2.6051e-07 0.000388717 0.000280338 0.000788216 0.000430317 0.042892 0.000121828 
8.40518e-05 2.99609e-07 3.23267e-09 1.02678e-09 0.99297 2.00718e-09 2.70622e-09 0.00674027 1.97339e-05 1.09861e-08 6.13474e-09 4.09053e-09 4.8533e-06 8.07267e-05 4.42118e-07 1.11476e-08 1.49238e-05 4.7122e-05 1.67756e-09 2.81964e-05 9.7297e-06 5.0936e-09 
