0.0236688 0.0149536 2.88632e-07 0.509736 0.000782506 2.19434e-05 0.00476781 0.11958 0.0128761 9.31551e-07 0.197628 0.000143777 0.000284336 0.0410202 0.0160605 0.000482089 0.000861661 0.000146662 0.0486098 1.15573e-05 0.00824946 0.000114296 
0.0267924 0.0163927 0.00422951 0.281239 0.00368635 0.134642 0.0962877 0.0530259 0.0411725 0.000334468 0.082148 0.0480745 0.00153387 0.0379475 0.0193497 0.0016596 0.000568702 0.00100081 0.0369047 0.00154207 0.111461 8.13258e-06 
0.00471092 0.000214489 0.00220254 0.335985 4.40622e-08 9.11131e-06 0.0121745 0.0184452 0.277014 4.57982e-06 0.000153864 0.00724619 0.00039539 0.00110885 0.00928365 2.302e-06 1.82246e-07 1.08987e-05 0.0890869 0.0268023 0.215106 4.38636e-05 
0.00349687 0.000140093 0.000784317 0.741234 0.00318153 1.38938e-07 0.000179174 0.0871772 0.0010739 1.08661e-07 0.000108327 0.000281225 4.70619e-05 0.00190871 0.00247269 2.10947e-05 3.32679e-07 2.77557e-07 0.0209204 0.00848804 0.00380068 0.124684 
0.0144021 0.0276952 0.00342731 0.361001 0.0113056 0.00101026 0.00735386 0.328688 0.0368717 0.00066599 0.000696309 0.0111732 0.000171106 0.0682126 0.0072554 0.00371017 0.00129237 0.0143189 0.0380532 0.00884796 0.0336804 0.0201678 
0.0543554 0.0587712 0.0258957 0.226811 0.0204274 0.003458 0.0353505 0.0869046 0.074691 0.00241331 0.00341562 0.00175788 0.013264 0.0833225 0.0339938 0.000564299 0.00093296 0.0024909 0.0621783 0.00266349 0.206329 9.43332e-06 
0.146955 0.0648855 0.000511845 0.338318 0.000339438 3.21782e-05 0.000881402 0.021567 0.0453928 0.000955038 0.00755899 2.44609e-05 8.64011e-05 0.0676847 0.0163587 1.24419e-06 0.00154453 0.0126641 0.0842744 0.00167459 0.187847 0.000442981 
0.0228185 0.0414393 0.000495236 0.622681 0.00108911 0.000110276 0.00116817 0.0355528 0.00789464 1.00855e-05 0.00190616 0.00119798 0.00237615 0.0240695 0.00173302 0.00154563 5.00351e-05 0.00707626 0.156832 0.00181402 0.0681399 6.77229e-10 
0.0582086 0.0607773 0.00691798 0.219484 0.00684633 0.000166955 0.0148288 0.158507 0.0060735 0.00087815 0.00169257 0.000374699 2.61155e-05 0.0285823 0.00234682 8.83756e-05 0.0662906 0.122572 0.0689051 0.0169256 0.159494 1.25962e-05 
0.0363449 0.0434658 0.00228936 0.590998 0.00571931 0.00377485 0.00304096 0.0455205 0.0308823 0.0001763 0.00500357 0.00164379 0.00169242 0.0169816 0.000303996 0.0473404 0.00171432 0.00618569 0.0163124 0.00635776 0.13419 6.12669e-05 
0.0263833 0.00952259 0.00143002 0.439027 0.00255805 5.91628e-05 1.96694e-06 0.168424 0.00370812 8.14145e-05 0.00161965 0.00160117 0.000168175 0.0200472 6.3844e-05 0.00713657 0.00139166 0.0663062 0.0117446 0.0771957 0.16153 4.98572e-08 
0.00142184 0.0029868 0.00102128 0.766754 0.00649715 3.02199e-05 2.95168e-05 0.00771798 0.00312702 0.00254618 0.000184064 5.34805e-06 0.000491931 0.141873 0.0077364 3.46069e-05 0.000737555 0.00385138 0.00891982 0.0271341 0.0168976 1.48338e-06 
0.0232356 0.00789922 0.00523279 0.40191 0.0117584 5.91639e-08 0.000935213 0.201046 0.106937 0.00576533 3.31934e-07 0.000219329 7.59134e-08 0.0387964 0.000427606 1.72886e-08 3.09517e-07 3.43688e-12 0.00603654 0.0103981 0.179402 1.41919e-11 
0.00441583 0.00198145 4.03341e-05 0.460148 0.143146 0.0170265 0.00399193 0.15571 0.0104218 5.30782e-07 0.0019209 0.0591473 9.54982e-06 0.0208388 0.000415586 1.79638e-05 4.31348e-06 3.04677e-06 0.0102094 0.0939464 0.0166039 3.45203e-08 
0.0514679 0.0602159 0.000635532 0.368117 0.0463319 4.44058e-05 0.00582118 0.0832241 0.0152833 0.000328115 0.119691 0.0019822 0.000863376 0.016701 0.0010269 3.14839e-05 0.000564882 0.00917043 0.0235813 0.00499125 0.189925 3.1261e-06 
0.0551443 0.00575655 0.00740927 0.688132 0.00299859 5.14778e-06 0.000168769 0.0544389 0.0115183 1.53862e-05 0.00128875 0.00109751 3.43919e-05 0.00225089 0.00621523 0.000423017 3.61896e-05 0.0396841 0.0193848 0.037843 0.066155 2.00752e-07 
0.0099699 0.013724 0.000847674 0.575362 0.00115399 0.0177695 0.0237142 0.0722521 0.0358008 0.00124538 0.000268953 0.000474329 0.000320635 0.0219984 0.00406645 5.69908e-06 0.000421979 0.00184775 0.0735289 0.0630295 0.0820642 0.000134052 
0.0350115 0.0188103 0.0073262 0.450955 0.0275672 0.0696588 0.00167299 0.0376792 0.0592585 0.000101686 0.00184982 0.000802565 3.85311e-05 0.0196704 0.0204461 0.000130542 0.00010773 0.00119175 0.0198793 0.0449107 0.182931 2.31028e-07 
0.0166712 0.00390308 0.000260329 0.427395 5.36883e-06 0.000247547 0.0010062 0.336154 0.0786513 5.03803e-06 0.00208088 0.000430218 6.39701e-06 0.00036917 0.000425367 0.000643461 6.33728e-09 8.74677e-06 0.0267983 0.0193167 0.0856219 1.4944e-09 
0.0289958 0.00497114 0.00502714 0.342196 0.0272394 5.286e-05 0.0123258 0.140629 0.0354307 0.000143365 0.00364543 0.00255996 0.0142821 0.133002 0.0358941 0.00287268 0.00370838 0.00792726 0.0628045 0.0469754 0.0892163 0.000100552 
0.00625911 0.0574784 0.000116917 0.606784 0.0276784 0.000178123 0.00449643 0.0336935 0.0246169 0.000127374 0.000107615 0.0110094 0.0297279 0.0413479 0.00161688 0.000155947 0.00129826 0.0212769 0.00541713 0.00450639 0.122105 1.84649e-06 
0.128717 0.00295922 0.00859107 0.648537 0.00369427 7.64063e-10 0.000719954 0.0313677 0.00380289 1.41786e-05 0.000348586 6.20768e-05 2.97358e-07 0.0242755 0.00342899 3.01458e-06 1.33417e-05 2.40742e-07 5.36743e-06 8.55591e-06 0.14345 1.93896e-09 
0.0474065 0.0594163 0.00505435 0.253416 0.0192844 0.00392554 0.0273368 0.123218 0.0876674 0.000895748 0.00945405 0.01085 0.00246303 0.0391083 0.0171008 0.00198844 0.00316744 0.008353 0.0888326 0.010266 0.173124 0.007671 
0.000532949 0.00109115 0.000117542 0.761124 6.86675e-07 5.87574e-07 6.49193e-05 0.000320724 0.156057 0.000244066 0.000407372 5.47452e-10 3.99114e-07 0.00188224 0.00843445 1.49194e-09 2.40813e-07 1.64349e-05 0.0426439 0.00917097 0.0178897 3.43554e-07 
0.0108646 0.0233725 0.0275806 0.30379 0.0394302 0.00185723 0.00263152 0.084349 0.015835 0.000807005 0.00703019 0.203108 0.00043736 0.111351 0.00943349 0.00699947 0.00118582 0.000122698 0.0673088 0.034729 0.0476765 0.000100168 
0.0249344 0.0459601 0.00119686 0.308048 0.0455788 2.43314e-05 0.0225888 0.234874 0.032258 2.20045e-06 0.00291022 0.00237553 0.0223858 0.0223079 0.00135754 2.46885e-05 0.00010672 0.000240678 0.106184 0.00168046 0.12496 7.54154e-09 
0.00243777 0.0944729 0.1439 0.383002 0.000313606 3.07467e-07 0.000428883 0.135877 0.0105419 5.23843e-05 0.000781776 0.00137964 0.000112815 0.0324262 0.00099739 0.000331013 0.000473518 0.00106669 0.164016 0.00523498 0.0221004 5.26252e-05 
0.0133927 0.000329343 0.00728726 0.674884 4.11548e-05 1.95265e-11 0.00436714 0.0078877 0.0377243 0.000147017 0.00319985 0.00168384 9.86695e-05 0.0179978 0.0182522 2.23823e-05 5.09957e-05 0.0148659 0.0124552 0.0432609 0.142052 2.34119e-10 
0.0699109 0.0298975 0.035394 0.194041 0.0174264 8.19889e-05 0.0664166 0.0638504 0.127957 0.000273945 0.00223879 4.59032e-05 0.000544768 0.159844 0.00520661 3.79485e-10 0.0101159 0.00617393 0.0873342 0.00170325 0.121543 4.08055e-08 
0.000540153 8.23661e-07 7.42743e-05 0.473426 3.91774e-10 2.36668e-05 0.025477 0.00300453 0.0137034 2.18919e-07 0.000383072 1.27585e-07 4.68394e-07 0.00559393 0.000734979 7.0974e-06 2.17757e-07 0.0128019 0.462086 0.000455549 0.001687 8.92253e-10 
0.0166184 0.00358722 0.00392383 0.456449 9.52995e-05 0.0287578 0.00816831 0.0476388 0.152616 2.32092e-05 0.000416783 8.07414e-06 4.01371e-05 0.0469787 0.0191249 0.000628148 0.000935416 0.0171455 0.115518 0.00168111 0.0796454 2.0091e-07 
0.0454407 0.00103608 0.0507012 0.30254 0.0121883 1.28496e-05 8.11363e-05 0.0655219 0.207448 0.0148767 0.00705413 0.00157554 0.000597551 0.0971146 0.080816 5.39708e-05 0.00690619 0.00201036 0.00702038 0.00924334 0.0877575 3.16512e-06 
0.00704637 0.00449251 0.00448004 0.2443 0.010709 2.84391e-06 0.000159026 0.022679 0.0044724 0.00014698 0.00170225 0.00101116 0.0150805 0.0322322 0.206151 5.16183e-05 0.000621621 0.00878477 0.23285 0.0309576 0.172069 6.35803e-11 
0.240024 0.00195517 0.0053943 0.601004 0.00128978 3.50655e-05 0.00186969 0.00105283 0.0482066 0.00232792 0.0002873 1.60961e-05 2.52831e-05 0.0439589 0.00479857 1.99575e-05 0.00283814 0.00198106 0.0129509 0.00164137 0.028324 3.16999e-09 
0.0271838 0.00194565 9.66481e-05 0.492673 0.139006 0.000240077 0.00035866 0.00704803 0.0159996 3.14372e-08 0.0160949 0.00332767 0.00251551 0.0222966 0.2 4.5195e-06 1.37256e-05 2.58208e-05 0.0244112 0.0282491 0.0176418 0.000867439 
0.0269402 0.00639949 0.000669113 0.458195 0.000741929 1.38987e-06 0.000224306 0.0815381 0.0860506 1.82301e-06 0.000107886 0.000275113 0.000120464 0.0061787 1.17876e-06 5.86491e-08 7.53451e-06 0.00080794 0.000384116 0.00590531 0.325449 2.07661e-07 
0.035912 0.0443652 0.00180601 0.496008 0.00641905 0.00297551 0.00359382 0.056273 0.0175652 0.000251935 0.0615899 0.00130455 0.000726403 0.00955177 0.00142435 0.00916432 0.000641308 0.00155484 0.061072 0.0496553 0.138145 6.3449e-07 
0.014535 0.00713147 0.00392006 0.558099 0.0026994 1.51402e-05 1.55163e-05 0.274344 0.0162709 8.02609e-05 6.95165e-05 0.000383773 0.000511924 0.0511782 0.0127873 2.86961e-05 0.000690446 0.00146001 0.0299365 0.00583686 0.0200056 5.56355e-07 
0.038776 0.14125 0.0550009 0.239492 0.0123317 0.00018095 0.00477543 0.040308 0.202216 4.47567e-06 0.00418171 0.000323037 0.000436604 0.00939306 0.0114016 6.77025e-06 3.87938e-05 0.000825499 0.123869 0.0214145 0.0937699 3.38258e-06 
0.0339252 0.0200663 0.00270311 0.379723 0.0316505 0.000958981 0.010806 0.20373 0.0251715 0.00200869 0.00920044 0.00918142 0.0124199 0.0364699 0.00852782 0.00073173 0.00116964 0.0109158 0.0532106 0.0105518 0.13637 0.000507764 
0.00246551 0.0105139 0.000813164 0.363427 0.000394974 1.18881e-05 0.00049657 0.0878841 0.0463899 0.00227758 0.00303539 0.000369497 0.0012596 0.0263775 0.329703 0.000196745 0.000382219 0.000111624 0.081173 0.00141839 0.0412949 2.9853e-06 
0.027358 0.0079044 0.00354276 0.709888 0.00182993 0.000354437 0.00647502 0.0379873 0.0145551 0.000187232 0.0010865 0.00140534 0.00013848 0.0328185 0.0336229 1.16628e-05 0.00109858 0.0106245 0.0664166 0.013875 0.028691 0.000128894 
0.0338416 0.011311 0.0238778 0.388644 0.000243604 5.57512e-08 1.27683e-05 0.0413827 0.245406 1.21355e-06 0.000320347 4.35974e-07 0.00255876 0.025733 0.00564775 1.6722e-07 0.0060646 0.000823409 0.00973444 0.0151499 0.189246 5.48421e-09 
0.00440582 0.00475191 0.000543725 0.415081 2.71521e-07 2.00575e-05 0.131922 0.0354097 0.099553 0.00855665 0.000321372 0.00182677 4.01077e-05 0.0500411 0.00322378 1.13607e-06 0.000486937 1.62897e-05 0.0522807 2.57393e-12 0.171486 0.0200322 
0.00062588 0.000850851 0.0132874 0.690651 0.000980564 0.0274688 2.95752e-05 0.0249199 0.0643676 0.000200748 0.000118287 7.01988e-05 1.74249e-06 0.0411577 0.00764597 6.43347e-08 1.45688e-05 6.74585e-07 0.0306485 0.0398693 0.0570893 1.24324e-06 
0.0495635 0.0138721 0.0175027 0.212653 0.00660663 0.0548916 0.0176529 0.0501803 0.190515 1.09893e-06 0.00384277 0.0642151 0.00114245 0.00492997 0.00279315 9.74481e-07 8.45762e-05 7.2308e-05 0.174304 0.0351087 0.100019 4.8813e-05 
0.0074645 0.182415 0.00457438 0.396095 0.000286222 2.83418e-05 0.000271402 0.00398094 0.0061258 0.000157701 0.0464455 5.37909e-05 0.00122509 0.00925975 0.000135609 0.00012656 0.000371824 0.0338688 0.0964225 0.0310438 0.179647 3.07777e-11 
0.366932 1.23967e-05 8.09574e-06 0.501894 0.104642 5.79388e-07 2.7889e-10 2.22906e-05 0.00133726 0.000127597 6.44926e-06 5.06283e-07 5.12083e-06 1.0942e-06 4.51112e-10 1.14882e-09 3.75025e-10 7.98577e-05 0.0248681 1.80866e-05 4.22707e-05 1.83775e-06 
0.026878 0.289135 0.00284292 0.533726 0.103493 1.30455e-05 0.000795821 0.00399456 0.00436429 1.3988e-05 0.00054638 4.43432e-05 0.000344149 0.0153123 0.000767226 3.77208e-07 0.00148822 3.30091e-07 0.00593022 0.000843039 0.00946423 2.18207e-06 
0.00290561 0.0185906 0.00368457 0.717312 0.000475109 3.81221e-11 0.000758572 0.015907 0.0802263 3.6981e-08 0.000623707 1.65668e-07 4.42927e-05 0.02412 0.00112672 2.76729e-05 0.000256735 0.000381276 0.00249298 0.0274329 0.103634 2.15484e-07 
0.0627725 0.00502775 0.214121 0.357069 0.0596127 0.00014092 0.000327716 0.103388 0.00345718 0.000128453 0.000118695 0.0010275 0.000176356 0.0217227 0.00404375 9.00764e-05 0.000257738 5.81473e-05 0.000348641 0.0929095 0.0731662 3.44929e-05 
0.086457 0.00578787 0.0170318 0.306351 0.00747026 2.35028e-05 0.00142107 0.0181835 0.131684 0.00231034 0.0227446 0.000398197 4.95514e-05 0.104186 0.0183124 0.000157122 0.0270514 0.00340042 0.00253208 0.00306112 0.241362 2.42779e-05 
0.0188877 0.0219269 0.00899588 0.391468 0.000699161 2.31232e-05 0.00549047 0.0824114 0.104257 1.00657e-07 0.000230002 2.4589e-11 5.19376e-05 0.0209133 0.125765 6.70106e-11 5.58125e-05 6.28091e-05 0.0538118 0.0130821 0.151867 1.99617e-08 
0.00834569 0.00560059 0.00132755 0.619709 0.0698316 2.9328e-05 0.00127742 0.145669 0.00825743 0.0070471 0.00271047 0.00779124 0.000411675 0.0516853 0.00285735 0.000809087 0.00285908 0.00416875 0.00750111 0.022824 0.0115433 0.0177434 
0.103063 0.030561 0.00510324 0.274419 0.0337261 0.00263565 0.0101572 0.0422423 0.0706192 0.000749622 0.00391724 0.00375187 0.0245032 0.0300316 0.00370167 0.000399864 0.000367029 1.66824e-07 0.0337295 0.148833 0.177489 1.66714e-07 
0.0110588 0.00300788 0.000439581 0.978965 0.00395002 0.000104837 6.45079e-05 1.66066e-06 0.000545021 1.98639e-05 1.10922e-05 0.000187547 1.09553e-05 0.000499979 1.99683e-05 3.83395e-05 6.57979e-06 2.23033e-06 0.00103212 1.66467e-05 7.94229e-06 9.20973e-06 
0.0729747 0.00135921 0.0670098 0.722913 0.0256538 6.67783e-06 0.00296943 0.00639417 0.00337674 0.000364343 0.00181192 0.000157635 0.000199989 0.0548928 0.00876864 0.000111198 0.0011675 0.000408981 0.00649727 0.00759364 0.0153347 3.3935e-05 
0.00524307 0.00325567 0.0149444 0.504943 0.000488984 8.34026e-07 0.000184703 0.192641 0.0439751 2.46304e-06 0.000228376 1.92189e-05 0.000295975 0.00970056 0.00220872 6.97767e-05 5.11572e-05 0.000212064 0.00214045 0.0468298 0.172565 1.73694e-08 
0.0258445 0.00758226 0.00729867 0.271344 0.0527762 0.000384254 0.136906 0.0643183 0.0091806 0.000167686 0.213888 0.0134672 0.0173901 0.102996 0.0109373 1.76335e-05 6.36915e-05 0.0169644 0.00805727 0.028003 0.0121629 0.000250534 
0.0270963 0.0219763 0.00336954 0.704499 0.0460928 0.000205188 1.56567e-06 0.0036195 3.7456e-06 3.06064e-06 0.00255146 1.32719e-09 0.00735188 0.0642582 0.0103388 3.6169e-09 0.00283632 4.00223e-10 0.0204167 0.0300083 0.0553716 1.65264e-09 
0.00588622 0.0174371 0.00405622 0.416964 1.06191e-05 5.44527e-05 0.000134821 0.0270194 0.246717 2.44988e-06 3.20842e-05 0.000199737 2.29861e-05 0.00160715 0.00101982 3.99765e-06 1.85755e-08 0.00826056 0.0204715 0.000410471 0.24969 3.30441e-10 
0.00719163 0.0157596 0.0157776 0.523732 0.00521687 3.018e-05 2.14273e-05 0.0064026 0.0558853 6.44941e-06 0.00114209 1.30913e-07 2.57048e-07 0.00428221 0.0442458 3.47721e-07 5.55846e-06 3.13962e-06 0.0612698 0.122181 0.136845 4.09443e-08 
0.0111301 0.0104578 0.0176681 0.269038 0.0051938 1.51402e-06 8.80312e-05 0.250279 0.00237357 0.000318104 3.28716e-05 0.00131259 0.00195238 0.110714 0.000852214 0.000180624 0.00803148 0.0336932 0.00116798 0.262543 0.0126603 0.00031107 
0.0547529 0.00359958 0.00332343 0.639991 0.00438665 0.00796643 0.0135819 0.00183784 0.0181774 0.001696 0.00243357 0.000428666 0.00592454 0.0812169 0.0217818 2.72383e-06 0.00453084 0.000207034 0.0932068 0.00671136 0.0342424 2.82626e-08 
0.0679296 0.0718585 0.0339258 0.205595 0.000934038 2.67612e-05 0.096049 0.0436987 0.121897 0.000806732 0.000332527 0.000911361 0.000127541 0.0610489 0.0639843 8.68809e-06 0.00345726 0.00106233 0.132044 0.000335676 0.0937102 0.0002565 
0.00821866 0.00688748 0.000274805 0.269376 2.32427e-08 0.0678328 0.0925987 0.116353 0.0632078 6.26821e-06 0.00155597 0.00139711 1.35954e-05 0.000702938 0.00237924 2.84934e-05 4.56941e-06 8.95365e-05 0.26092 0.000952275 0.1072 9.47441e-07 
0.0218357 0.0677442 0.000365626 0.600887 0.035674 0.00116081 0.00128015 0.103504 0.00592675 0.0336055 0.0117559 0.000360183 0.00251865 0.0140502 0.0233751 0.00067321 0.000879377 0.00011031 0.0317923 0.00323178 0.0392593 1.0126e-05 
0.0584165 0.0240299 0.0100373 0.2961 0.00383434 0.00822771 0.0193979 0.143944 0.0521986 0.00393231 0.0045228 0.0116243 0.000488316 0.0989172 0.00151502 0.0010656 0.00328427 0.00650591 0.0665335 0.0109905 0.17443 4.18899e-06 
0.0238209 0.0110508 0.00177605 0.518312 0.00145339 3.05297e-07 0.00232737 0.062772 0.12993 0.00360995 0.000273407 0.000281718 1.52099e-05 0.0376062 0.00223713 0.000449044 0.000151957 0.0124748 0.019357 0.00410152 0.167999 8.40446e-09 
0.0336397 0.000978401 0.0403317 0.465618 0.00277707 0.000141879 0.000700517 0.0677364 0.0741079 4.61135e-06 0.00247634 0.00270931 0.000308276 0.146449 0.0142965 0.047667 0.000135956 0.000128312 0.00423753 0.0753503 0.0202049 2.66204e-07 
7.73038e-06 0.0417275 3.55983e-06 0.60266 0.17388 9.812e-06 1.23789e-05 3.51172e-05 1.9193e-06 0.00010442 2.74802e-05 2.58368e-05 1.2945e-06 2.47606e-05 2.13591e-05 1.39841e-06 0.000182334 4.5034e-05 0.12829 1.31632e-06 1.5684e-05 0.0529216 
0.0744093 0.0413802 0.00300067 0.284463 0.0575944 6.83911e-05 0.0242078 0.0991365 0.0514561 0.00168521 0.0123764 0.000930129 0.000117226 0.0340835 0.00058587 2.61322e-05 0.00866793 0.0053907 0.0295864 0.0355192 0.234615 0.000699959 
0.041508 0.0749005 0.00365588 0.334497 0.0148247 0.00201403 0.00913636 0.1561 0.0463982 0.000637716 0.00610717 0.0396788 0.00205158 0.0262463 0.00883196 0.00866815 0.00111628 0.00404012 0.0585857 0.015625 0.144637 0.000739755 
0.0760865 0.0166315 0.0109774 0.322768 0.0164888 0.0129054 0.0341331 0.0905102 0.0444022 0.00144808 0.204011 0.0427634 0.0133677 0.0176722 0.00621327 0.00382679 0.000217006 0.000211325 0.0463528 0.0125015 0.025577 0.000934795 
0.0352943 0.0465398 0.022305 0.194098 0.00205431 0.01001 0.0321048 0.107957 0.125187 4.12409e-05 0.00120824 0.0331146 4.47369e-05 0.0699056 0.000687021 0.00678513 0.00296597 0.000633015 0.192458 0.00413846 0.112197 0.000270725 
0.0532731 0.01416 0.00173338 0.406351 0.0118904 0.000262669 0.0318857 0.166173 0.0882018 0.000361665 0.000763859 0.000953054 0.000685185 0.0116847 0.00387075 3.53519e-05 0.00023113 0.00490046 0.0219828 0.0380879 0.1425 1.20353e-05 
0.113515 0.015426 0.0142123 0.265964 0.0096737 8.8705e-05 0.0136166 0.130065 0.0316971 0.00379486 0.00642952 0.00351339 0.00563229 0.0398128 0.00238541 0.000819701 0.00301659 0.00926202 0.0149205 0.0978688 0.218278 7.82617e-06 
0.0218646 0.00213436 0.051622 0.622444 0.00482732 0.0305168 9.74725e-05 0.0469235 0.00909335 0.000137259 0.00019646 0.00145132 9.13394e-05 0.125902 0.00181556 4.44905e-07 0.000578169 4.78728e-05 0.00255088 0.0129618 0.0647069 3.64401e-05 
0.0407221 0.0362758 1.22213e-07 0.389273 0.00315853 3.91918e-08 2.03586e-07 0.0344079 5.37341e-07 6.11829e-08 0.000760657 0.000763663 1.10015e-06 0.00362993 0.000412234 2.85718e-05 9.92877e-09 1.37588e-11 0.139515 0.013128 0.337923 5.68143e-11 
0.0146196 0.00223337 0.0019827 0.750235 0.00484705 4.06132e-05 0.00213412 0.0446656 0.00814004 0.00214899 0.0120972 0.000328453 0.000114231 0.126441 0.00603765 0.000162341 0.00164551 0.000211077 0.019693 3.14875e-05 0.00219072 2.68823e-07 
0.0443525 0.0070549 0.000387563 0.477044 0.000831164 2.18338e-06 0.0232885 0.0246351 0.0680858 0.000608132 0.000312025 0.00152744 5.5198e-06 0.0222294 0.0411922 3.21166e-07 0.000111123 1.90692e-05 0.247732 0.0126532 0.0279191 8.939e-06 
0.195536 0.00762829 0.00443744 0.276416 0.208962 0.00490944 0.00368912 0.0547125 0.0220047 0.000727537 0.000304242 0.00101019 0.00729735 0.0863709 0.0158945 4.10961e-05 0.00666093 0.00411269 0.0117444 0.00637921 0.0811572 4.34469e-06 
0.0183178 0.0133198 0.013011 0.434089 0.00544852 2.5233e-05 0.00044973 0.169573 0.0199513 0.00840395 0.00511667 0.0013634 0.000686235 0.0472147 0.0099411 0.000767542 0.000929928 0.013658 0.0146785 0.0578797 0.165173 2.35603e-06 
0.141376 0.00355242 0.00397762 0.282388 0.00868144 0.000103329 0.0217413 0.0645905 0.0159112 0.0791748 0.000206609 0.0453233 0.00112617 0.0822875 0.00197105 0.00074859 0.173396 0.0093977 0.0362807 0.000345948 0.0274189 1.12183e-06 
0.0038576 0.013858 0.00140256 0.497915 0.000197674 3.5636e-07 3.60352e-06 0.0203436 0.060794 0.000183186 4.70678e-05 0.000508468 1.29185e-05 0.0442324 0.293111 0.0109739 6.16478e-06 0.00012721 0.021724 0.00640293 0.0242976 1.28967e-07 
0.00420659 0.00947478 0.00472211 0.852567 0.000862777 5.82786e-06 3.01288e-08 0.0219414 0.0109791 0.000139281 0.000571559 0.00033558 8.91153e-06 0.00317431 0.00562722 2.4763e-06 0.00026083 0.00035328 0.0078897 0.0492296 0.0276434 4.27727e-06 
0.0142199 0.00452379 0.000366478 0.512739 0.00131901 1.79342e-08 0.000122261 0.255693 0.0441779 7.14712e-08 0.00123166 1.71984e-05 1.21222e-08 0.00349902 0.0025426 2.36418e-05 3.42601e-08 0.0085366 0.00634847 0.00191562 0.142724 6.7844e-08 
0.0142199 0.00452379 0.000366478 0.512739 0.00131901 1.79342e-08 0.000122261 0.255693 0.0441779 7.14712e-08 0.00123166 1.71984e-05 1.21222e-08 0.00349902 0.0025426 2.36418e-05 3.42601e-08 0.0085366 0.00634847 0.00191562 0.142724 6.7844e-08 
0.0172211 0.0272732 0.000254794 0.51614 0.00296565 1.44719e-05 6.5158e-05 0.278397 0.00164701 4.63524e-05 4.68337e-05 0.000199845 0.000289547 0.00206422 7.36385e-05 0.000116315 1.00915e-05 0.000303714 0.00147511 0.0740003 0.0773949 1.95629e-07 
0.0883326 0.0228296 5.84331e-06 0.628001 0.000426703 1.74375e-05 4.70378e-05 0.0901002 0.0152102 0.000747124 0.00489326 0.000883903 0.000242673 0.00347699 0.00074526 1.67697e-06 3.5471e-06 4.53069e-05 0.102911 0.0070643 0.0340135 2.00786e-07 
0.0260667 0.000826805 0.00150814 0.910437 0.0164444 0.00315507 0.00197709 0.000580253 0.00589734 2.87053e-08 0.000114193 0.00342792 0.00183192 0.020546 8.92178e-05 1.61961e-06 9.82353e-06 1.132e-05 0.000973336 0.000891938 0.00520984 7.12715e-11 
0.00730203 0.0017579 0.00998127 0.766929 0.0298222 1.55413e-05 5.03559e-05 0.0463894 0.00104817 2.6948e-05 0.012095 0.000266069 1.35974e-05 0.00201492 0.000647776 7.83485e-05 4.54892e-06 0.00866757 0.0222704 0.054963 0.0356551 4.95379e-07 
0.0572851 0.0344994 0.116193 0.287388 0.0512316 1.54179e-06 0.000262033 0.0288437 0.0860636 0.00274419 0.000632957 0.0377952 1.26448e-05 0.20559 0.00182868 1.52749e-05 0.00382896 0.0133211 0.0361544 0.00579446 0.0301045 0.00041057 
0.0689958 0.0252669 0.219162 0.262467 0.0148489 3.78092e-05 0.016383 0.00960024 0.146313 8.99645e-05 0.000549328 0.0161649 4.66579e-06 0.0164022 0.00189822 4.31899e-05 0.000273231 0.00537883 0.00923835 0.0159251 0.170958 2.26627e-09 
0.203877 0.0284175 0.000104677 0.217574 0.00183952 5.11803e-06 6.87734e-05 0.0604597 0.026676 5.08208e-05 0.00309164 4.59062e-05 0.00011458 0.017369 0.0142306 0.000935759 0.00376287 0.00732239 0.205452 0.00574085 0.20286 2.6019e-07 
0.00636735 4.7677e-07 0.00276245 0.488194 5.40048e-06 2.22298e-05 1.2615e-06 0.0501652 0.165595 1.81445e-07 0.0169622 2.29977e-06 3.98513e-07 2.61001e-07 0.00160038 2.79427e-05 1.34113e-06 1.07621e-06 0.046427 0.154562 0.0673018 4.95531e-10 
0.0903528 0.00468573 0.146625 0.222135 0.00474332 6.35223e-07 0.00604355 0.0809557 0.0666719 0.000111412 0.00124904 0.0116594 0.000148488 0.0785544 0.000551348 0.00229647 0.000772829 0.00596283 0.0195324 0.0978714 0.159076 4.08044e-09 
0.0539972 0.0104853 0.00937596 0.344603 0.0115978 0.0745261 0.00617029 0.0841059 0.0957782 0.000239741 0.0189566 0.00474547 0.000366425 0.090665 0.0157374 0.00758462 0.00173766 0.00145414 0.0279601 0.0494324 0.0903489 0.000132296 
0.0211364 0.217128 6.96671e-05 0.256404 0.00310367 0.00041843 0.0433509 0.04361 0.061675 1.43454e-06 0.000373118 0.00199885 0.00011089 0.0290021 0.111504 0.0017793 0.000808031 0.00834971 0.0893348 3.69296e-05 0.109804 2.84918e-08 
0.000629256 0.000999084 0.000154722 0.771978 0.000274767 1.54203e-07 2.84908e-06 0.163983 0.0023458 0.00136964 0.000639549 2.25759e-05 6.87071e-05 0.000437261 0.00266967 2.21768e-05 3.64319e-07 1.23719e-05 0.0391174 0.0139143 0.0013387 1.99857e-05 
0.0717479 0.196876 0.0458182 0.227087 0.0185799 0.00119624 0.00394914 0.0480916 0.0516635 0.00057198 0.00378292 0.0184066 0.00125925 0.0642859 0.000511638 0.00268648 0.0214322 0.0122855 0.0424171 0.0331868 0.134164 3.55257e-09 
0.00431771 0.000183786 0.00202869 0.740405 8.0487e-05 5.48317e-12 0.00597303 0.00921875 0.0269627 1.47368e-08 0.00352143 0.000702959 3.26479e-06 0.00907281 0.000480689 9.62441e-05 5.87202e-05 6.11925e-09 0.00246079 0.0312396 0.163193 1.39146e-11 
0.00694118 1.54047e-08 0.0110038 0.852446 0.00935982 3.26667e-07 0.00119898 0.00451139 9.11816e-05 6.81601e-06 0.00785812 0.0113404 6.26175e-08 0.0115113 0.0243858 1.15206e-07 2.76892e-07 1.1082e-05 0.0296117 0.0183833 0.0113385 5.26403e-08 
0.0337547 0.0240769 0.0033388 0.308552 0.00234736 6.98626e-08 6.98543e-08 0.0346933 0.000943374 0.00166024 0.0420554 0.000356242 0.00118692 0.113379 0.00303786 0.00240655 0.00340841 0.245886 0.0234543 0.0266458 0.128817 6.98258e-08 
0.185861 0.0138202 0.00287826 0.288144 0.00395613 0.0358988 0.0198232 0.0491072 0.135054 0.000971609 0.00175964 0.00260229 0.00111384 0.0476287 0.0030518 6.39412e-05 0.0128482 0.0160993 0.0274239 0.00227823 0.149606 8.95845e-06 
0.0258298 0.00180655 0.00499522 0.744031 0.0148591 1.0589e-07 9.42988e-06 1.65385e-05 0.0157975 5.00988e-06 4.96781e-06 9.48131e-06 0.000777988 0.00746286 5.12549e-06 1.22086e-08 8.0923e-06 5.77327e-07 0.0020138 0.0204924 0.161874 5.61819e-08 
0.0142403 0.0163492 0.0461044 0.274734 0.0203556 0.00535362 0.0083 0.145664 0.112808 0.00237194 0.00382795 0.00427533 0.00261964 0.0779191 0.102521 0.00106344 0.00134913 0.00106716 0.0294186 0.00902589 0.116174 0.00445819 
0.0138416 0.201654 0.000190741 0.495289 0.0309562 9.0789e-05 0.00996434 0.0477741 0.00261529 2.99419e-11 0.00575117 0.0100699 0.001054 0.0558667 1.09478e-08 2.81081e-05 0.000232328 0.000118465 0.0131679 1.34095e-07 0.111335 1.4481e-07 
0.0214624 0.0154325 0.000415357 0.460544 0.0378008 4.68417e-05 0.00839593 0.0625495 0.033218 0.000458828 0.00850774 6.08871e-05 2.81498e-05 0.0240533 0.0282662 5.34879e-05 0.000163778 2.66208e-05 0.273148 0.000760515 0.0246022 5.27898e-06 
0.0349048 0.0220028 0.00773739 0.469821 0.00320967 8.37425e-05 0.0828375 0.123601 0.0319659 1.57088e-05 0.00100438 0.00156918 0.000208226 0.0118474 0.0100312 7.34845e-07 0.000116033 0.000509285 0.12599 0.00235852 0.069987 0.000198168 
0.0596807 0.0157403 0.00124127 0.252282 0.00424082 5.08219e-05 0.000390576 0.0103815 0.229036 3.254e-05 0.0057922 0.000966639 0.00189516 0.103181 0.00725966 0.00341927 0.00806465 0.015313 0.0442149 0.0740315 0.162784 1.11974e-06 
0.0684591 0.00410414 0.00143017 0.276892 0.1266 2.47751e-05 0.000143412 0.0188596 0.0390877 5.70557e-05 0.000248637 0.00050799 0.00170926 0.256165 0.00103751 3.46961e-05 0.00461431 0.00140646 0.00287781 0.00922876 0.186502 9.89613e-06 
0.00625911 0.0574784 0.000116917 0.606784 0.0276784 0.000178123 0.00449643 0.0336935 0.0246169 0.000127374 0.000107615 0.0110094 0.0297279 0.0413479 0.00161688 0.000155947 0.00129826 0.0212769 0.00541713 0.00450639 0.122105 1.84649e-06 
0.0782401 0.0238832 0.000695241 0.182783 0.140745 0.00357397 0.16766 0.0611778 0.0663579 0.000392271 0.000105932 0.0447021 3.0626e-05 0.115729 0.000448304 0.000107721 0.0059136 0.0115821 0.00693011 0.000142465 0.0885981 0.000201317 
0.0073205 0.0108066 0.135877 0.250316 0.104224 4.96204e-06 0.0073857 0.0615622 0.0743724 0.000818362 0.0121153 0.00212341 0.00268183 0.0383811 0.00394617 0.00119229 0.00195118 0.00188458 0.00488542 0.182791 0.0953591 1.25519e-06 
0.0505722 0.0467321 0.000212163 0.245173 0.0210872 0.106403 0.0524121 0.125741 0.0626646 0.000165484 0.00107109 0.0166987 0.0157488 0.0117539 0.000351563 0.0130484 0.000145284 0.000481216 0.0433981 0.0728452 0.113294 1.24587e-08 
0.00782562 0.00139163 0.00860117 0.457541 0.00304327 0.000229375 0.019289 0.0169816 0.162188 1.76421e-07 0.00678523 0.0016134 2.25737e-05 0.0175874 0.0816675 0.111875 2.65787e-05 1.34819e-06 0.00765726 0.0621802 0.0334931 1.88289e-08 
4.28498e-07 7.27894e-07 0.00580149 0.910631 0.0168535 9.78763e-08 2.07196e-09 0.00238558 0.00238302 8.41125e-09 0.0104718 3.13183e-09 4.63897e-09 1.1668e-06 0.050244 1.672e-06 2.11065e-06 9.44423e-10 0.00122384 2.69817e-09 4.09283e-10 3.89981e-09 
0.0282009 0.139407 0.0215845 0.24077 0.0111033 8.55518e-05 0.00124344 0.0711743 0.0223934 0.000817209 0.00154078 0.00994762 0.00101248 0.0509046 0.00223098 5.5457e-08 0.00427261 0.000628614 0.05874 0.145558 0.188385 1.50148e-07 
0.0927074 0.000871098 0.00422054 0.638585 0.00731855 1.36748e-05 0.0044183 0.114854 3.53972e-08 0.00105984 0.00829225 0.000175542 0.000637795 0.0804611 0.00425354 0.000165267 0.000126357 0.00191676 0.00245072 0.00279228 0.0346759 4.49732e-06 
0.0685615 0.0179692 0.0880635 0.535367 0.00883954 1.77807e-06 0.00816546 0.0676737 0.0505058 3.39436e-05 0.00156673 0.0198457 0.000209767 0.0229699 0.0364689 6.26475e-05 0.000182123 2.26153e-05 0.0289269 0.0122735 0.0322894 4.03629e-07 
0.0232291 0.0526503 0.00494619 0.330729 0.0157133 0.0134502 0.0169315 0.0908895 0.0462365 0.000723878 0.118272 0.00273916 0.00158092 0.019444 0.0159024 0.000317246 0.000811872 0.000624762 0.0293056 0.0749644 0.135083 0.00545523 
0.0460798 0.0577632 0.00859683 0.218849 0.051212 9.46133e-08 1.52732e-05 0.205516 0.0218842 4.37348e-07 0.000589044 3.89553e-07 1.71618e-07 0.0843193 0.00271462 5.80529e-07 2.70701e-07 0.146302 0.00692982 0.118128 0.0309715 0.000127507 
0.000522416 0.00179977 0.00489979 0.430998 0.0725908 1.17294e-09 0.000844401 0.161047 0.0217832 0.00110575 0.0460359 5.46786e-07 0.045555 0.0172478 0.138274 1.34895e-06 0.0016931 1.19966e-06 0.000145253 0.0553974 4.76687e-07 5.62028e-05 
0.0322657 0.00567259 0.00469647 0.505346 0.00330795 8.67789e-05 0.000496587 0.0489868 0.206162 8.05858e-06 0.000199599 0.0128563 2.57119e-05 0.0492466 0.0182379 0.000151738 4.09756e-07 6.73205e-05 0.0339231 0.00786502 0.0703957 2.01945e-06 
0.00693032 0.0112421 0.0371243 0.402841 0.0195759 3.86339e-08 0.000781686 0.0208704 0.198022 0.0002327 0.000323292 2.05773e-05 0.000152705 0.039425 0.00282045 1.79545e-10 5.74094e-06 0.00952512 0.00156781 0.0290283 0.219511 9.93071e-09 
0.0655015 0.1047 0.00351734 0.292843 0.00897317 0.000118334 0.0334068 0.101001 0.0313198 0.000367002 0.00814397 0.00460326 0.000943222 0.0422216 0.00431299 0.000441786 0.00649565 0.0203612 0.0859585 0.0194614 0.165181 0.000127444 
0.0114581 0.00918368 3.15586e-09 0.451992 9.83069e-05 4.51345e-05 0.00945429 0.0699383 0.000805318 0.00237826 0.102331 1.38618e-06 5.91506e-09 0.000644492 0.0359146 3.83225e-05 1.10565e-05 1.20422e-09 0.238911 0.0578889 0.00555236 0.00335395 
0.0248174 0.0365508 0.00130141 0.73925 8.42493e-05 6.36145e-06 0.000605743 0.106149 0.0147119 0.000113206 0.000276155 0.00214013 5.70434e-05 0.00227784 0.00222076 0.0079814 0.000376275 0.000397005 0.0137156 0.00118373 0.04577 1.38695e-05 
0.00509181 0.0207301 0.000295767 0.648936 6.37308e-05 5.46906e-05 0.000527572 0.0589362 0.0121598 1.46397e-05 0.00574321 0.000210626 6.25828e-06 0.00521433 0.0245944 5.20058e-05 0.000176716 5.34322e-05 0.104764 0.000692316 0.111682 5.6837e-07 
0.085 0.0217256 0.000230853 0.700302 0.0140275 4.76522e-06 8.15118e-05 0.0427206 0.0539723 0.00143005 0.000285716 1.37866e-05 0.000132594 0.000758816 0.000138904 0.000150382 3.04487e-05 3.03536e-08 0.0013692 0.0562784 0.0213468 1.25339e-07 
0.0367129 0.0120111 0.00247602 0.412012 0.00372852 0.000186625 0.0514834 0.0932169 0.10456 0.00264632 0.00812102 0.0157611 0.000550918 0.031841 0.00305285 0.000117974 0.000838814 0.00663614 0.0712184 0.0117654 0.129849 0.00121314 
0.0197258 0.0195506 0.00477327 0.350329 0.0080974 0.00691172 0.0111344 0.198528 0.0194488 0.000295695 0.0137486 0.00288629 0.0018123 0.0261422 0.00511751 0.00334073 0.000756544 0.0101411 0.031919 0.0561179 0.209119 0.000104531 
0.172832 0.0096598 0.00251573 0.325145 0.0136255 6.18002e-05 0.000598592 0.0737546 0.0510711 2.68448e-05 0.00169865 0.000495478 0.000197551 0.0327028 9.98033e-05 6.10808e-07 0.0050076 0.000426902 0.000246116 0.00499112 0.30481 3.25966e-05 
0.0364908 0.0245149 0.00528018 0.459322 0.00265425 9.59418e-05 0.00629531 0.162672 0.0390082 0.000498327 0.00319139 0.00330119 0.00312444 0.0340504 0.00875631 0.000385459 0.000306762 0.0199901 0.114489 0.00460334 0.0708664 0.000102749 
0.00794572 0.0102828 0.00117762 0.385729 8.97389e-08 3.02024e-08 0.113739 0.0452909 0.177673 1.0248e-10 0.000146272 3.99524e-07 0.000115321 1.99091e-08 0.00331662 1.03988e-10 3.3946e-11 1.15066e-11 0.182898 3.28737e-11 0.0716859 4.30562e-09 
0.0407477 0.00838386 0.000395759 0.539049 0.00314481 0.00235556 0.000125785 0.0275384 0.0015435 6.97595e-05 0.00165419 0.00487075 0.0294709 0.0220982 0.000288116 2.07549e-05 0.0142542 0.0362094 0.0107575 0.00505632 0.251965 2.26103e-07 
0.0225575 0.00357777 0.00790264 0.520743 0.000650981 2.06885e-07 0.00384932 0.0189771 0.119464 0.000267439 0.000873805 0.00131763 5.77438e-05 0.0177977 0.00498843 2.36261e-05 4.21178e-05 0.000100842 0.0171467 0.0225298 0.237126 5.53962e-06 
0.00528779 0.0740768 0.0146221 0.235631 0.0223557 0.00115935 0.00614067 0.129147 0.124584 8.52715e-05 0.00217874 0.0613965 1.01593e-07 0.176496 0.00131166 3.86911e-08 2.26667e-05 0.00508608 0.0888589 0.0142352 0.0373239 4.56483e-07 
0.144586 0.00189839 0.00667099 0.450935 0.00015075 1.09076e-05 0.0019877 0.00753476 0.0373399 4.74397e-05 0.0014984 0.000122597 0.0002983 0.0766524 0.000144149 0.000229326 0.00083895 0.0128067 0.0176213 0.0321185 0.206507 1.71911e-07 
0.147567 0.0323074 0.00569121 0.559394 0.0256344 1.11139e-05 0.000987851 0.0140849 0.00597836 0.000347893 0.0187215 0.000898726 2.48037e-06 0.0105783 0.0135129 1.49506e-06 0.000115672 0.00149802 0.0568219 0.0186602 0.0871848 1.51366e-07 
0.0183119 0.019316 0.000525813 0.579294 4.80338e-05 2.87608e-05 0.00266296 0.0556735 0.0326896 1.64096e-05 0.000751985 0.00299929 2.39269e-09 0.00273676 0.00890873 1.20292e-05 1.43706e-09 3.10593e-08 0.203138 0.00588716 0.0660519 0.000946964 
0.0262696 0.0155706 0.00855193 0.581565 0.00170702 8.78972e-05 0.0740963 0.0264018 0.0510274 5.41211e-05 0.000103293 0.000255173 0.000217774 0.117525 6.77409e-05 0.000362291 0.00029338 0.00035865 0.0148221 0.0133454 0.0672326 8.52848e-05 
0.0152731 0.00366257 1.42716e-07 0.464316 4.00573e-05 1.55514e-12 3.82631e-05 0.0235157 0.232779 8.5119e-12 5.26083e-08 1.58167e-08 1.36327e-08 0.00287336 0.000429088 1.23216e-08 2.20833e-08 4.26671e-07 0.0100945 0.0140176 0.23296 3.00055e-10 
0.0430822 0.00519899 0.0474008 0.276666 0.0225827 8.20312e-05 9.83787e-06 0.0390848 0.195957 5.97419e-08 0.109577 0.00773555 0.00346267 0.0198799 0.0118227 2.48692e-07 0.00034766 0.000105337 0.00261101 0.0181414 0.193892 0.00236124 
0.0363425 0.00162458 0.000344212 0.546781 0.00235434 4.60838e-05 0.0071069 0.0392964 0.116066 1.81901e-05 0.00245703 0.000161387 0.00796855 0.0370741 0.000749518 8.28802e-06 1.53075e-05 1.91172e-05 0.0191486 0.00220252 0.180214 1.2983e-06 
0.0343034 0.00114349 0.190624 0.256956 0.00120433 0.000110963 0.0847113 0.0553242 0.0802605 0.000233879 0.000835485 0.000379938 0.000111467 0.0090099 0.000547941 6.12544e-08 0.000211974 0.000253692 0.00710453 0.0471866 0.229486 1.94148e-07 
0.0107547 0.0981782 0.00588853 0.617775 0.00069801 2.41817e-05 0.000649972 0.0112806 0.0175542 0.000977233 0.0010194 7.71479e-05 0.000135032 0.0247437 0.0119007 2.75159e-06 0.000406885 6.27153e-05 0.0736146 0.013539 0.110705 1.23808e-05 
0.0710108 0.00620258 0.000226056 0.425519 1.30513e-06 0.115254 0.0359794 0.0395698 0.0724552 3.22752e-06 0.00142578 0.000740699 2.55805e-05 0.0298509 7.136e-05 0.0043518 2.15981e-07 0.000101132 0.0455363 0.000203939 0.151457 1.36764e-05 
0.00636735 4.7677e-07 0.00276245 0.488194 5.40048e-06 2.22298e-05 1.2615e-06 0.0501652 0.165595 1.81445e-07 0.0169622 2.29977e-06 3.98513e-07 2.61001e-07 0.00160038 2.79427e-05 1.34113e-06 1.07621e-06 0.046427 0.154562 0.0673018 4.95531e-10 
0.0366319 0.00139688 0.047854 0.287281 0.000213794 8.59362e-05 0.25688 0.0902567 0.0463348 0.00124591 0.000986917 0.000303387 0.000378296 0.154114 0.00163262 0.000351995 0.00040594 0.00990412 0.0146575 0.000473196 0.0486114 1.25284e-08 
0.0399621 0.00428706 0.00533707 0.397712 0.00263587 5.94324e-05 0.0170875 0.115486 0.0336808 3.61191e-05 0.000662517 0.00360135 0.000297423 0.0818902 0.0016648 9.92813e-05 6.1931e-05 0.000203349 0.203909 0.00512406 0.0862016 8.3653e-07 
0.00420659 0.00947478 0.00472211 0.852567 0.000862777 5.82786e-06 3.01288e-08 0.0219414 0.0109791 0.000139281 0.000571559 0.00033558 8.91153e-06 0.00317431 0.00562722 2.4763e-06 0.00026083 0.00035328 0.0078897 0.0492296 0.0276434 4.27727e-06 
0.000201131 0.00571303 8.89586e-05 0.339907 0.00203297 0.0287096 0.000221259 0.101162 0.000854736 7.93776e-06 0.302611 0.00123432 1.03936e-05 0.00130014 0.00611548 7.75085e-07 2.59219e-06 4.25436e-06 0.00325567 0.157387 0.00508679 0.0440923 
0.00920073 0.00115253 0.0195346 0.364557 0.00415524 0.000754254 0.00322867 0.119136 0.0613656 3.0297e-05 0.00401726 0.245012 0.00825317 0.0229487 0.00164805 2.02669e-06 3.23102e-05 0.0100709 0.00320414 0.0263523 0.0830055 0.0123388 
1.46196e-06 1.65156e-06 0.0034123 0.987638 1.60663e-05 2.22393e-06 2.99846e-06 0.0015579 1.13874e-06 1.21724e-05 0.0032412 0.00172984 6.71333e-06 6.76065e-07 4.85009e-06 1.23515e-05 4.03205e-06 1.36673e-06 0.0018059 3.90468e-06 5.92298e-07 0.000542741 
0.0325505 0.0154172 0.0115559 0.442223 0.0165028 0.00385341 0.00746757 0.2744 0.010871 0.000428369 0.00217193 0.00681451 0.000274902 0.0402221 0.0049553 0.000164436 0.00128151 0.00963986 0.0200629 0.0291141 0.0686392 0.00138927 
0.0308476 0.0632309 0.00421026 0.371563 0.00874582 0.00062218 0.00620162 0.0652524 0.066997 0.00243424 0.00928334 0.00396268 0.00111446 0.0294823 0.0170318 0.000420096 0.00180941 0.00855237 0.0872015 0.00974173 0.210946 0.000349378 
0.341529 0.00113252 0.052138 0.381698 0.0261944 1.27346e-07 0.00356688 0.0166636 0.0414478 0.00115178 0.0294893 0.000557796 0.000630042 0.0514151 0.000657178 4.49032e-06 3.53256e-05 0.000556161 0.0371525 0.00617248 0.00780769 8.42714e-09 
0.0354419 0.0236692 0.0100702 0.337129 0.00721587 0.00013506 0.00850069 0.0524874 0.096283 0.000389365 0.0060757 0.00288801 0.000596706 0.0335484 0.00687786 0.000101783 0.00313618 0.0103703 0.0377083 0.0528216 0.274549 4.32135e-06 
0.103212 0.0449042 0.00123542 0.282363 0.0070282 2.37901e-05 0.00558508 0.0733004 0.0557814 0.000325568 0.0180771 0.000530062 0.000188939 0.0217756 0.00357968 6.3435e-05 0.00125278 0.00560992 0.109988 0.0213388 0.243028 0.000808455 
0.00661748 0.0136685 0.0165798 0.550957 0.0183004 0.00126787 0.0067118 0.0634576 0.0839879 0.000696405 0.000206295 0.056339 0.00259833 0.0421746 0.00472012 0.00768304 0.00322581 0.00503757 0.00661069 0.0863005 0.0228522 7.14005e-06 
0.00589352 0.0051041 4.24633e-07 0.527081 0.00110007 9.00314e-08 0.00188606 0.119466 0.0157565 1.03132e-09 0.272935 2.03798e-06 0.000253692 0.00521963 0.0122694 0.0009287 2.04466e-07 8.85991e-09 0.030467 0.000594872 0.000870682 0.000171405 
0.000259897 0.0342711 0.000219039 0.504257 0.000321956 3.88022e-05 0.00275285 0.0459984 0.278679 0.000295585 0.0201635 6.12396e-05 0.000280864 0.000925761 0.000169013 9.52549e-05 9.20647e-05 0.000106229 8.9081e-08 0.000205625 0.110807 2.70478e-07 
0.0140119 0.0119698 0.0856197 0.36923 0.00368061 0.000678748 0.00636348 0.0464036 0.218794 0.000387892 0.000115963 0.0032532 0.00054164 0.0993536 0.00395373 0.00195475 0.00409403 0.00811787 0.0243941 0.0130299 0.0840514 5.78313e-07 
0.0259474 0.030075 0.00348773 0.74361 0.00169586 0.000838417 0.01268 0.00959749 0.00538245 0.000710536 0.00401995 0.0187919 0.00219834 0.0433793 0.0255867 0.000984104 0.0230733 0.00268411 0.0158647 0.00891511 0.0204774 1.86002e-07 
0.0240067 0.00130833 0.0191745 0.328878 0.0181595 2.12514e-07 0.00214756 0.12286 0.0594541 0.00111001 0.000407777 0.0896762 0.00104617 0.142079 0.0518452 0.000118272 0.00175627 0.000460687 0.0130887 0.0262981 0.0961245 3.80957e-08 
0.0322022 0.00398949 0.00332591 0.648537 0.00937632 0.00156811 0.0480731 0.115674 0.0165164 0.000954046 0.000803583 0.0186981 8.7149e-06 0.0255068 0.000122446 0.019991 5.36527e-05 3.28693e-05 0.00764091 0.000184728 0.0467294 1.19157e-05 
