0.0153676 0.00233374 3.83683e-07 0.0186367 0.929783 0.000521481 0.00869379 0.00217263 8.42441e-11 9.00516e-10 5.02859e-10 0.00416255 6.62903e-07 0.00197694 3.5881e-10 5.50531e-07 0.00117075 1.01111e-10 7.77256e-07 3.73216e-06 0.0151747 4.17518e-10 
0.109107 0.0178099 0.0704572 0.143157 0.21897 3.84106e-05 1.66406e-07 0.0818181 0.0499561 5.13134e-06 0.00405516 0.000788311 6.75373e-10 0.0677946 0.00334174 8.61755e-06 2.51368e-07 0.00356629 0.107135 0.0101817 0.111809 1.68339e-07 
0.0048275 0.0438751 0.00790888 0.00376463 0.279703 0.000257941 0.00949494 0.117137 0.00383517 0.000237678 0.0125676 0.0238233 0.0336591 0.0737766 0.0203045 8.41138e-05 0.00718479 0.0342174 0.0390896 0.186623 0.0976085 2.02264e-05 
0.108507 0.104745 0.00166551 0.0571565 0.396691 0.00201636 0.00533309 0.0589187 0.00669182 0.000630422 0.0047735 0.00657427 0.000807078 0.082989 0.000791174 7.8147e-05 0.00182007 0.00330353 0.0159845 0.00239174 0.0249637 0.113168 
4.91422e-06 5.55154e-06 0.00110138 0.000479575 0.985499 9.97083e-05 1.0079e-05 0.00102336 0.000121895 4.09163e-05 0.000892041 1.52347e-05 2.25661e-05 0.000149475 1.6303e-05 4.15181e-05 1.35533e-05 4.59412e-06 6.24787e-06 0.0104311 1.99095e-06 1.89705e-05 
0.0879332 0.0241135 0.00295745 0.0770759 0.247068 0.000369084 0.000344744 0.0217687 0.0102022 0.000448424 0.00147791 0.0445331 0.000190645 0.168312 0.00997984 1.48035e-05 0.0512127 0.0200971 0.0012578 0.0010979 0.22915 0.000395267 
0.211261 0.0568833 0.00122359 0.0363478 0.303588 0.0166218 0.025333 0.154098 0.0114162 0.000566541 0.00011928 0.0474139 0.000245366 0.0661224 9.37554e-05 0.000590674 0.00017478 0.000102827 0.00529371 0.00795473 0.0545461 3.7024e-06 
0.0414234 0.206414 0.000757642 0.00246882 0.531025 0.000420124 0.0146207 0.0124395 0.00474649 0.00111837 0.00313095 0.00160193 0.00049315 0.0269087 0.000749187 5.15886e-05 0.000722588 0.00416709 0.000556215 0.000440304 0.00277951 0.142965 
0.18038 0.0150877 0.0262582 0.0125661 0.354945 0.000297779 0.0487736 0.0373642 0.0134122 0.00124817 0.00142338 0.0293856 0.00112464 0.137121 0.000165796 5.51589e-05 0.000988783 0.00840653 0.00491826 0.0163283 0.104067 0.00568204 
0.00361069 0.0010239 0.000224446 0.000227223 0.90307 0.00278978 0.00307262 0.0019912 0.000174193 0.000297636 0.00011584 0.0119196 0.00366647 0.0512821 0.000169692 1.05285e-10 0.000671912 0.0140673 0.000258707 0.000795408 0.00042513 0.000145637 
0.0620375 0.0170681 0.00139328 0.0261844 0.787415 3.5134e-05 0.00210374 0.00752483 0.00102199 0.00048876 2.29428e-06 0.000751694 3.63611e-05 0.032494 0.00074686 9.53638e-08 6.32603e-05 0.0178423 0.00798208 0.0271561 0.00764118 1.0884e-05 
0.000417837 0.00572534 2.14021e-08 0.00138656 0.920143 0.0372858 0.00180343 0.0157589 6.42875e-09 0.0164925 1.59632e-07 2.49825e-07 4.08618e-11 5.42935e-06 2.95209e-11 7.51792e-11 1.24905e-05 6.6148e-09 0.000492458 2.37665e-11 5.03147e-06 0.000470715 
3.53579e-05 6.10182e-06 1.93989e-05 5.05197e-06 0.972146 7.84666e-06 0.000322756 1.17045e-05 4.67033e-05 0.0239218 1.40563e-06 4.95024e-06 2.20297e-06 4.96754e-05 1.49326e-05 1.80983e-05 1.2269e-05 9.7254e-05 3.7678e-06 0.00316773 9.68055e-05 8.21875e-06 
0.0999585 0.000965086 0.00404624 0.0400874 0.502493 0.000474216 0.00865787 0.0820855 0.0535464 6.40365e-05 1.03951e-06 0.00348133 0.00539308 0.12017 0.00778225 3.96648e-06 0.000312071 0.00615343 0.00367075 0.00857383 0.0520805 1.29381e-09 
0.000417837 0.00572534 2.14021e-08 0.00138656 0.920143 0.0372858 0.00180343 0.0157589 6.42875e-09 0.0164925 1.59632e-07 2.49825e-07 4.08618e-11 5.42935e-06 2.95209e-11 7.51792e-11 1.24905e-05 6.6148e-09 0.000492458 2.37665e-11 5.03147e-06 0.000470715 
0.0514105 0.0971586 0.00205366 0.0136264 0.341452 0.00952061 0.0420148 0.0558107 0.057935 0.000115622 0.0334431 0.00231936 0.0230293 0.0164783 0.00432554 0.00134751 0.000566099 0.0501926 0.0551108 0.104951 0.0371355 2.72911e-06 
0.0680925 0.0215128 0.000178664 0.00296013 0.831483 0.000101854 4.59417e-07 0.0246886 3.55289e-05 0.00033024 6.06913e-05 0.000488286 0.00028905 0.00281817 0.000921769 0.00070443 0.000393769 0.0113901 0.00010057 0.00345858 0.0299732 1.73735e-05 
0.103743 0.0177022 0.00709125 0.0457713 0.245445 0.00454637 0.00522057 0.179107 0.0964773 0.00245354 0.00177328 0.0330928 0.000101658 0.0753044 0.0133733 0.000539501 0.00287029 0.00627448 0.0263383 0.0117175 0.119152 0.00190617 
0.0634906 0.0608411 0.00163769 0.00661995 0.423928 0.000510333 0.0146818 0.0363519 0.0466673 0.000100716 0.000755108 0.000756865 0.000329836 0.0281881 0.00851906 7.54287e-05 0.000642176 0.0201205 0.000185023 0.000431571 0.285062 0.000104149 
0.0165733 0.0180693 0.000640804 0.00811828 0.614097 0.000275921 0.0506239 0.0525407 0.015985 2.60366e-05 0.000364988 0.00101146 7.09529e-06 0.0199038 0.00107118 0.00105003 0.000659931 0.01417 0.00214561 0.00376955 0.178828 6.81717e-05 
0.0490646 0.0725128 0.00294673 0.000622418 0.683953 0.000136055 0.000148139 0.0169405 0.0573506 0.000124101 8.92621e-06 0.00225969 0.00134167 0.0481979 2.11819e-06 3.45553e-06 0.00349937 0.000306982 0.00776838 4.79855e-05 0.0526933 7.08781e-05 
0.0662849 0.0206838 0.00298063 0.00709809 0.213134 0.000914677 0.00835341 0.183621 0.0517613 0.00028626 0.000154068 0.0622715 0.0714937 0.0725852 9.67762e-08 2.25227e-05 0.00166252 0.00511243 0.000721093 0.00630546 0.181255 0.0432984 
0.0842169 0.00189344 0.0102142 0.00618799 0.333042 0.000656188 0.106922 0.044874 0.0373382 0.00218261 9.03557e-06 0.000908889 1.56127e-05 0.175624 0.000744276 0.000190683 0.000736255 0.0373281 0.00165123 0.0665388 0.0817758 0.00694964 
0.0101915 0.111679 7.98107e-06 0.0323175 0.50013 0.000882466 0.00320462 0.104873 0.00750395 0.00639542 0.000398072 0.0169779 0.00163438 0.0295163 0.0228541 0.000181564 0.000717616 0.00534728 0.0267235 9.73295e-06 0.118454 1.436e-07 
0.0015759 0.0607981 0.00250247 0.00239107 0.410318 0.100966 0.011379 0.339611 0.00389075 0.000172109 0.000145456 0.00310771 0.000236125 0.0246106 0.00123521 0.0147624 0.000593785 0.000218724 0.012764 2.15961e-06 0.00871664 1.67014e-06 
0.0127258 0.0706088 0.000304991 0.0645361 0.775021 0.00108358 0.000208305 0.00830396 0.00141061 3.54724e-05 2.19515e-05 0.000725135 0.0199111 0.00173764 0.00151288 8.52182e-07 0.000404948 0.000121265 0.0212075 0.0015566 0.0185586 2.59885e-06 
0.0911744 0.0164605 0.0540352 0.0140625 0.433957 0.00154762 0.0388711 0.00767806 0.0145653 0.00128887 9.28989e-06 0.000166557 0.000534882 0.0686421 0.00859903 0.000255387 0.0040333 0.00606964 0.00192083 0.0111198 0.193306 0.0317033 
0.0141951 0.00884745 0.00295283 0.00356258 0.41366 0.000454171 0.091923 0.0521493 0.00492778 0.000262375 0.000986187 0.0111824 0.00366103 0.0543947 7.52165e-05 1.84271e-05 0.00155236 0.0164909 0.000724509 0.00122358 0.316737 1.93246e-05 
0.00240213 0.00810483 2.10744e-06 0.0226477 0.508023 0.000270157 8.17711e-06 0.235432 0.00584657 0.00010011 7.39125e-05 0.0128051 2.61721e-06 0.00167622 6.58281e-06 6.26472e-05 1.24689e-09 2.63132e-07 0.00263733 0.128748 0.0711507 1.74527e-09 
0.0639234 0.19606 0.00160972 0.00426868 0.393307 0.00187976 0.00168305 0.0188885 0.0374446 2.16953e-06 0.000445312 0.000192071 2.107e-05 0.0426408 1.35005e-06 3.96758e-05 0.0112315 0.0807511 0.000243773 1.2598e-05 0.141157 0.00419802 
0.0345506 0.0420411 0.000158333 0.0304533 0.746996 0.000211352 0.00469213 0.00998243 0.0059718 2.58156e-05 0.00728455 0.00185389 0.00126321 0.0104399 0.0196884 2.16454e-05 0.00190254 0.000104286 0.00507269 0.0584653 0.0188145 6.00686e-06 
0.0309733 0.0844973 0.0289285 0.122386 0.262105 2.66418e-06 2.31239e-05 0.0427854 0.00879667 0.00104404 0.0264766 0.00238309 0.00156993 0.0581969 0.212707 0.000134919 0.000509185 0.00323538 0.0121562 0.0710857 0.0300024 1.0968e-08 
0.0120971 0.000373537 0.0201977 0.0324081 0.82233 0.000288267 0.000782462 0.017029 0.00164104 6.78584e-07 0.00540261 6.58204e-05 0.0440528 0.0259607 2.4227e-05 1.99601e-05 0.000418503 1.90136e-07 0.000160789 0.0157521 0.00099456 1.54827e-08 
1.36408e-05 1.36404e-05 1.36363e-05 1.36415e-05 0.578292 0.00546933 1.36376e-05 0.0368464 1.36415e-05 1.36182e-05 1.36295e-05 1.36343e-05 1.36298e-05 1.36424e-05 0.0777255 1.36178e-05 0.0395562 0.0286598 0.18961 1.36357e-05 0.0177491 0.0259144 
0.178871 0.0670127 0.000129841 5.91894e-05 0.397027 6.07196e-06 0.000320539 0.00240918 0.000780856 1.19973e-06 0.00313677 6.54932e-05 0.000115818 0.0105968 6.82531e-05 1.21737e-06 8.88883e-05 4.62842e-05 0.290323 0.000891495 0.048048 5.56244e-07 
0.265813 0.204109 0.00275805 0.0165644 0.397705 0.000212673 0.00955205 0.0410438 0.000801936 8.79104e-05 0.00512122 0.00447357 0.000175589 0.0243527 4.10484e-05 3.47695e-08 1.13503e-08 0.000199179 0.000185875 6.12464e-06 0.0267907 6.13024e-06 
0.157558 0.18124 0.00127618 0.00390501 0.312913 0.000382661 0.000492626 0.0266034 0.0605653 7.53637e-05 0.000482989 0.000651433 8.38266e-08 0.0309804 0.000206218 1.12583e-07 0.00217684 0.00462035 1.99624e-08 0.000253871 0.215616 4.00418e-11 
0.246516 0.0427943 0.000748927 0.00739562 0.461364 0.00282834 0.0241623 0.199869 2.92945e-06 1.3608e-09 4.23601e-06 0.000112532 3.35405e-06 0.000812761 5.42208e-10 1.38081e-09 1.28775e-06 0.000124564 1.65472e-08 1.89049e-06 0.0132579 6.30923e-10 
0.0212177 0.00105274 0.0938643 0.0294604 0.618922 3.64483e-08 0.00821963 0.0126404 0.00093139 0.000241306 5.29729e-05 0.0118507 0.000109891 0.0277999 0.00350856 3.01841e-05 6.60817e-08 2.00509e-06 0.167085 0.00152707 0.00148318 9.24946e-08 
0.000752798 0.241224 0.00184523 0.000281859 0.731087 4.04678e-09 5.45616e-09 0.0175134 1.17898e-06 8.89763e-07 1.23686e-08 1.1208e-05 1.22159e-08 3.62639e-07 3.70781e-06 2.24754e-08 0.00692358 2.48698e-09 0.000301182 7.10516e-09 5.33196e-05 1.02695e-08 
0.00141437 0.0124191 0.000433153 0.00238404 0.729848 0.00846884 0.0224909 0.153697 0.0029209 0.000318842 8.81208e-06 0.00154018 0.000671357 0.0260871 0.000573383 0.015896 0.0158025 0.000442416 0.00458283 1.90986e-08 1.74634e-07 2.90215e-07 
0.0412413 0.013992 0.00121645 0.0167288 0.330143 0.00085371 0.00223563 0.0343224 0.0049169 0.00128632 0.000922754 0.0421729 0.289498 0.149718 0.000872665 0.000267723 0.00271353 0.00251388 0.00505518 0.0505805 0.00874877 3.58772e-08 
0.0666758 0.00297939 0.00411453 0.0479835 0.358395 8.43646e-05 0.16374 0.126052 0.000210117 0.0024254 0.0151731 0.111893 4.79822e-05 0.013181 0.000134662 0.000465111 1.19628e-05 0.04501 0.00142924 0.00534414 0.0346445 5.61828e-06 
0.0662849 0.0206838 0.00298063 0.00709809 0.213134 0.000914677 0.00835341 0.183621 0.0517613 0.00028626 0.000154068 0.0622715 0.0714937 0.0725852 9.67762e-08 2.25227e-05 0.00166252 0.00511243 0.000721093 0.00630546 0.181255 0.0432984 
9.66748e-05 0.0398631 0.0011827 0.000461068 0.690466 2.35652e-06 0.000288402 0.168686 0.000712624 0.000231091 0.000409932 6.9052e-07 0.000231889 0.0322434 0.00317485 0.000488257 0.0152005 0.000206099 0.00201488 0.000108767 0.0439304 2.06858e-08 
0.000136591 0.300629 0.000136546 0.000136598 0.696641 0.000136575 0.000136559 0.0001366 0.000136598 0.000136365 0.000136478 0.000136526 0.000136481 0.000136607 0.000136519 0.000136361 0.000136537 0.000136593 0.000136583 0.00013654 0.000136609 0.000136503 
0.0615982 0.0304453 0.0224232 0.13322 0.201602 9.25941e-05 2.87173e-05 0.156982 0.00201586 1.01077e-05 0.00978905 0.000614634 0.00650321 0.171258 0.000455394 2.44941e-05 0.000491852 0.000258173 0.0234014 0.0549924 0.0797257 0.0440674 
0.0730773 0.0122415 0.00137848 0.10041 0.347526 1.09854e-05 0.000124642 0.0789847 0.0491187 0.00100799 0.00100359 0.000259371 0.000566873 0.0296248 0.096142 4.49346e-06 2.77452e-07 0.013041 0.00434864 0.0899454 0.10118 3.04585e-06 
0.0305681 0.000277398 0.0388099 0.0494278 0.47531 2.24774e-06 8.47959e-05 0.00172184 0.00816673 4.29852e-05 9.71222e-06 0.00098367 0.000250531 0.0860062 1.09646e-06 1.1229e-07 0.00398249 0.00109015 0.000262598 0.00138701 0.301615 3.60951e-10 
0.0639254 0.0770819 0.00215464 0.0216946 0.340886 0.000252313 0.0981684 0.125744 0.00916758 0.00191489 0.00370799 0.0111294 0.00906054 0.116801 0.00434443 2.48583e-06 0.000740804 0.00266662 0.026984 0.0363667 0.0227719 0.0244338 
0.0219461 0.0467969 0.000292413 0.021728 0.693924 3.96919e-05 1.49404e-06 0.122615 0.000735164 8.49695e-06 0.000846039 9.46802e-05 3.45809e-05 0.00996253 2.03048e-06 5.39766e-07 9.89365e-05 0.00493406 6.89158e-05 0.0367836 0.0390291 5.86413e-05 
0.118148 0.0187425 0.00168553 0.0397321 0.353065 0.000172891 0.0325385 0.149126 0.0408921 0.000845299 0.000112288 0.0169309 0.0111468 0.0334157 0.0048295 1.30728e-05 0.0116574 0.00891833 0.0254635 0.000880049 0.13155 0.000134779 
0.124282 0.0680421 0.00454598 0.0524696 0.291476 0.00657265 0.0094481 0.0394476 0.0768603 0.00279925 0.0122763 0.0575719 0.0145152 0.161058 0.0114508 1.08526e-07 7.43121e-06 0.000786475 0.00129234 0.0170459 0.0480459 5.44189e-06 
0.0326081 0.00628156 0.00469808 0.0182731 0.545647 0.000226692 0.00269254 0.0767052 0.0379771 0.00128972 0.000820165 0.000279153 0.000242906 0.0641927 0.000258264 0.000259931 0.000921161 0.0422608 0.00128711 0.014592 0.148397 8.94874e-05 
0.0030274 0.0182679 0.000362221 0.00421547 0.438574 0.00203656 0.00628267 0.186287 0.00119587 0.000880528 1.79436e-05 4.94499e-06 0.000280049 0.0044027 0.00101537 0.321843 0.00092458 7.18989e-07 0.0103799 1.13603e-07 1.03868e-06 7.25817e-09 
0.186322 0.0014535 0.00240503 0.0122682 0.620484 0.000984378 0.00100578 0.0597572 0.00381911 0.000316361 0.000231156 0.000377426 8.96207e-06 0.078713 0.000290345 1.39779e-07 0.000118566 4.35714e-06 4.07138e-05 0.0192934 0.0120946 1.11317e-05 
0.0349467 0.204794 0.000342149 0.0243095 0.40383 1.76621e-06 0.211012 0.00774341 0.0202757 2.82055e-06 0.00180028 0.00368332 0.00177631 0.0312853 3.75219e-07 2.67415e-09 2.76744e-05 0.00982153 0.0154867 0.00543806 0.023247 0.000175231 
0.089856 0.0106579 0.00817249 0.0149698 0.310133 0.000308672 0.0131115 0.159261 0.0110089 0.000391109 0.00511962 0.0119152 0.0383384 0.126869 0.0081519 2.03854e-05 0.00201061 0.0671067 0.0134212 0.0058158 0.10331 5.09324e-05 
0.185491 0.00740685 0.00626167 0.031333 0.636983 9.51674e-08 0.000223803 0.0198584 0.0188703 0.000112141 0.00395535 0.000118446 2.8728e-07 0.0664977 0.00157504 0.000524582 0.00485109 5.84859e-08 2.42386e-06 0.00133618 0.014598 2.41506e-07 
0.310746 0.0183374 4.04726e-05 0.0112049 0.485778 0.00120366 0.0833956 0.0153052 0.0257392 1.34627e-06 0.00239864 4.09328e-06 0.0138233 0.00314994 0.00251516 9.93969e-09 0.000812981 1.62422e-06 0.0165459 0.00013226 0.00886225 2.36691e-06 
0.0411637 0.0214253 0.0088123 0.0569842 0.394499 0.000188247 2.25237e-06 0.047749 0.00114635 1.00148e-06 0.00117408 0.00238118 6.36062e-05 0.0544884 0.00718996 7.33552e-07 0.000147927 0.00319203 0.307381 0.000391062 0.0513424 0.000276631 
0.176512 7.22181e-05 0.0101718 0.0521737 0.508664 6.13026e-07 1.19743e-05 0.00282442 0.00422297 1.73625e-05 3.05696e-05 1.62699e-05 7.61484e-05 0.0846658 0.00243145 2.12636e-05 0.112394 0.000114649 0.00607642 0.00311214 0.0363858 4.7496e-06 
0.137614 0.100688 0.0274776 0.0222306 0.410748 0.0029021 9.61575e-05 0.0229587 0.00706502 9.68332e-07 0.00932812 0.00183271 0.00828881 0.105311 2.85053e-06 1.88984e-07 0.00137962 0.000608869 7.14292e-05 0.0776187 0.0307088 0.033068 
0.0856855 0.273712 0.000500764 0.00446503 0.379275 0.00170541 0.0313921 0.0425516 0.0244605 1.26486e-06 0.00014794 0.0166132 0.00256922 0.0166346 0.0014645 3.87151e-05 0.0176336 0.00722849 0.0508269 1.87928e-07 0.0392361 0.00385727 
0.124356 0.0610547 0.00172508 0.0194893 0.432004 0.0033026 0.0383144 0.0198005 0.0174458 0.0581132 4.49284e-05 0.000218084 0.00290192 0.105995 0.00372191 8.18579e-05 0.0012358 0.00267209 0.00113701 0.0018761 0.1045 8.9759e-06 
0.0963827 0.0409203 0.075701 0.0179914 0.366035 0.0012768 0.0263201 0.0268281 0.017611 0.00014507 0.000260368 0.0115915 0.000603559 0.253028 0.00437389 6.27884e-05 0.00348622 0.00329715 0.00627372 0.00186202 0.0447768 0.0011723 
0.000417837 0.00572534 2.14021e-08 0.00138656 0.920143 0.0372858 0.00180343 0.0157589 6.42875e-09 0.0164925 1.59632e-07 2.49825e-07 4.08618e-11 5.42935e-06 2.95209e-11 7.51792e-11 1.24905e-05 6.6148e-09 0.000492458 2.37665e-11 5.03147e-06 0.000470715 
0.113094 0.0315836 0.000187077 0.0173817 0.686188 0.0017741 1.59902e-05 0.000269201 0.10745 0.00140635 0.00996704 0.00229961 3.17223e-06 0.00294955 0.011713 2.12203e-05 1.39028e-05 8.88492e-05 0.00439091 0.0021285 0.00707412 4.73395e-07 
0.244981 0.0322638 0.0059163 0.00697001 0.296308 0.000118072 0.00456957 0.0829531 0.0467267 0.000208529 0.000459837 0.0492365 0.000580587 0.0445217 1.22919e-08 3.18459e-06 0.00816011 0.004879 0.00197206 0.0159744 0.153163 3.51089e-05 
0.144781 0.25833 0.00223152 0.0125245 0.307979 0.000195382 0.000752304 0.0303596 0.0832879 0.00208044 0.00152536 0.0077881 0.00437592 0.0384 0.000492051 2.29311e-05 0.00558333 0.00492587 0.0308779 0.0516265 0.011556 0.000304225 
0.0673919 0.0741933 0.000771697 0.011273 0.450507 4.07821e-06 0.00105286 0.0311541 0.0579811 0.000247483 0.0245909 0.00122101 0.0091635 0.0883753 0.00329126 0.000163995 0.0322816 0.00102096 0.0202096 0.00403029 0.121072 3.51711e-06 
0.184437 0.0102064 0.0052402 0.0536612 0.287516 0.0221425 0.000100168 0.194051 0.00943689 0.00258533 0.00115239 0.0234319 0.0012059 0.090993 0.000333286 6.57721e-05 0.000168483 0.00279863 0.00285122 0.00733691 0.100283 2.81614e-06 
0.0210128 0.00865159 5.64939e-06 0.000109598 0.884762 0.000163412 0.000613827 0.00566493 1.07032e-05 6.40848e-05 5.21642e-06 0.0143769 3.46238e-07 0.0528373 3.43392e-06 1.21738e-06 0.00016633 0.000736487 8.21431e-10 0.000878029 0.00992549 1.10124e-05 
0.0491573 0.0260158 0.00042789 0.00134505 0.484212 6.81384e-05 0.0045061 0.0268103 0.0270697 0.00219442 2.29518e-05 0.0288017 0.0158582 0.247507 3.54585e-05 0.00224138 0.0108665 0.020912 0.000285477 0.00235679 0.0493048 5.00122e-07 
0.0568056 0.0959622 0.00521325 0.00564134 0.692183 3.65335e-05 3.37174e-06 0.0494474 0.0437633 0.000246397 0.00212108 0.0193806 0.000308812 0.00838435 1.45681e-06 4.79681e-07 0.000425955 3.02134e-06 2.27692e-06 0.00544867 0.0146166 4.42266e-06 
0.0148982 0.0529447 1.20407e-05 0.00823175 0.598337 0.0242664 0.0709875 0.094097 0.0536761 9.86204e-05 0.000117759 0.0325385 0.00154116 0.0117323 0.00025159 0.0021991 0.000241692 0.00207768 0.00810265 0.000114534 0.0235316 1.55744e-06 
0.00811822 1.57347e-06 5.00227e-06 1.30273e-06 0.861594 0.000261318 0.0359686 0.00381509 0.00305722 0.000235695 0.000458743 1.27673e-06 5.68485e-07 0.0223081 3.8507e-06 4.66749e-06 3.16384e-06 0.00472713 0.0127447 4.06397e-06 0.0466832 2.11959e-06 
0.000373862 0.000793822 0.000349548 0.00112272 0.964884 1.76932e-05 0.000818051 0.0154454 0.000584133 4.5791e-05 4.78854e-05 1.38927e-05 2.95627e-05 0.00617832 0.00081489 0.000319898 0.00766071 6.00495e-05 5.12445e-05 9.52424e-06 0.000378855 3.66246e-10 
0.163652 0.0463285 9.88661e-11 0.0197468 0.519364 7.48521e-08 0.026242 0.0910355 0.0135717 0.000422717 3.89596e-07 0.00222903 1.85306e-10 0.0602113 0.00268093 0.000170537 0.00161055 8.04392e-07 1.16037e-06 3.7121e-07 0.0527321 7.60736e-08 
0.123774 2.11283e-06 0.00365412 0.0101865 0.533706 0.00074322 0.000916763 0.00546239 0.00721377 1.33249e-06 0.000841715 0.304128 5.07477e-06 0.00719138 9.11722e-07 5.07257e-10 1.65591e-10 9.33111e-05 7.63349e-11 0.00207484 2.64811e-06 1.86119e-06 
0.00361069 0.0010239 0.000224446 0.000227223 0.90307 0.00278978 0.00307262 0.0019912 0.000174193 0.000297636 0.00011584 0.0119196 0.00366647 0.0512821 0.000169692 1.05285e-10 0.000671912 0.0140673 0.000258707 0.000795408 0.00042513 0.000145637 
0.0297022 0.0998466 0.000312395 0.00533606 0.616778 0.00197019 0.00321588 0.0588165 0.00101893 2.51649e-05 0.000526484 0.00832229 1.26218e-05 0.0136558 0.0157623 6.26182e-05 0.000286644 0.000238304 0.0185082 3.38992e-08 0.00220105 0.123402 
0.103566 0.0950425 0.000518216 0.19808 0.287954 0.000321232 4.31671e-05 0.00981552 0.00106114 7.32225e-09 1.71145e-06 8.00969e-06 4.03836e-09 0.131033 0.0153885 7.42994e-09 0.00378123 0.00122459 0.152103 2.37746e-06 7.71233e-06 4.78708e-05 
0.00997583 0.0330724 2.12116e-10 2.49347e-07 0.956237 0.000710989 1.77572e-10 9.52258e-07 6.74375e-11 2.89066e-07 4.02539e-10 2.68405e-10 4.77483e-07 5.80581e-07 3.44961e-07 4.39611e-07 3.10654e-07 8.09393e-11 1.10075e-10 2.31239e-10 3.50765e-11 3.34223e-10 
0.108436 0.00760987 0.0451265 0.0425657 0.301299 0.000410491 0.00270917 0.0944414 0.0237094 0.000167966 0.0225471 0.00435002 0.000790483 0.135443 0.00222113 0.000210165 0.00362312 0.0614375 0.0294159 0.0142511 0.099232 2.68116e-06 
0.00385416 0.0054232 0.000885726 0.0553737 0.382253 2.83813e-05 0.00639247 0.162688 0.000355741 0.000163564 0.00346391 0.000553143 0.0579656 0.189219 0.00988444 0.0354097 0.0148721 0.00218773 0.0179274 0.0226321 0.0284635 4.11002e-06 
0.0153676 0.00233374 3.83683e-07 0.0186367 0.929783 0.000521481 0.00869379 0.00217263 8.42441e-11 9.00516e-10 5.02859e-10 0.00416255 6.62903e-07 0.00197694 3.5881e-10 5.50531e-07 0.00117075 1.01111e-10 7.77256e-07 3.73216e-06 0.0151747 4.17518e-10 
0.275861 0.0258879 0.00328484 0.0361826 0.29969 0.000620571 0.0394038 0.0268092 0.000866916 0.000234877 2.35324e-05 0.0166816 0.000108942 0.118075 0.000808712 0.000159199 0.00125317 0.00109004 0.00476877 0.00758642 0.113879 0.0267234 
0.0538608 0.00032132 0.000387366 0.0139705 0.872207 5.43121e-05 0.00285707 0.00570443 0.000962372 7.72627e-05 0.000826327 0.000240222 0.000201098 0.00243681 6.69328e-05 9.24742e-06 0.00416942 0.000163753 0.000311062 0.00013919 0.0410292 4.22535e-06 
0.0250426 0.0307905 0.0141993 0.0464604 0.453814 0.000104782 8.7385e-05 0.0444074 0.015048 4.20279e-05 0.00369885 0.228482 0.00729531 0.0394047 0.0012697 2.11931e-05 0.000390858 0.00423653 0.000899731 0.0153787 0.0688752 5.06642e-05 
0.165125 0.00142295 0.00463189 0.00170764 0.304616 0.000650075 0.12003 0.0720958 0.00909853 0.00117222 0.000590993 0.0191657 1.96307e-05 0.0794266 0.000908131 1.94477e-05 0.000553862 0.0461028 0.00585215 0.028885 0.133882 0.00404246 
0.0546542 0.0124974 0.000994451 0.0172502 0.629705 3.70532e-09 1.08077e-05 0.0550589 0.0154786 2.02806e-08 0.00101149 0.0363783 0.00221375 0.121561 8.0808e-09 2.05789e-08 0.000112562 0.000338835 0.000109018 0.00907737 0.0435485 9.40297e-09 
0.013921 0.00406121 1.08361e-07 5.29425e-12 0.97865 2.69188e-08 0.000381932 6.91464e-08 2.01427e-08 5.66462e-11 3.16319e-11 0.00165396 3.12415e-11 0.00133191 2.25706e-11 5.74793e-11 2.25352e-08 6.36029e-12 8.64981e-12 1.8171e-11 1.62651e-08 1.0508e-07 
0.00858235 0.0319039 4.8043e-05 0.0583316 0.603239 3.98456e-10 0.0186393 0.0304389 2.97574e-06 2.2182e-06 0.0155212 8.12035e-10 0.0687192 0.00842623 8.6898e-10 2.21298e-09 2.05173e-06 1.53927e-07 0.0828223 0.0324061 0.0409145 1.01116e-09 
0.0776774 0.0429094 0.0115598 0.000100446 0.784671 0.000165562 1.2159e-05 0.0135633 0.000921504 2.09686e-05 0.0130135 0.012572 0.0044206 0.0152688 0.000318726 1.2825e-07 6.62311e-07 0.000342976 1.07083e-05 0.0184763 0.00397281 1.57777e-06 
0.00783581 0.000185418 0.00203731 0.00697602 0.938058 0.00017675 0.000559103 0.00459886 0.00248136 9.72709e-08 0.000599991 0.00014561 0.00295168 0.0169673 0.00119294 1.19311e-07 0.000224897 0.00192223 0.000332269 0.0021626 0.0105907 7.88705e-07 
0.154118 0.0201496 0.00811128 0.0863536 0.307138 0.003927 2.61594e-06 0.165642 0.0457947 0.00235361 0.0585652 2.61532e-06 2.61444e-06 2.61687e-06 2.61518e-06 0.000786256 2.61552e-06 2.6166e-06 2.6164e-06 0.0761159 0.0709209 2.61487e-06 
0.004502 0.090697 0.000206487 0.0686557 0.585665 7.63767e-06 0.00969092 0.154615 0.000314835 1.54393e-10 1.04096e-06 0.0204292 3.84036e-08 1.41504e-07 0.000701528 9.0238e-05 0.000192202 1.18243e-08 0.0632507 0.000254656 0.000697072 2.85876e-05 
3.07809e-05 4.40479e-08 9.0173e-08 8.58213e-05 0.986202 9.44666e-06 0.000245313 0.0124712 6.10687e-05 3.03315e-08 9.49778e-10 3.34353e-09 4.54062e-05 0.000492312 1.19397e-07 0.000279739 7.62583e-05 2.7243e-13 1.61541e-08 7.78318e-13 1.18063e-13 1.12495e-12 
0.0699492 0.024451 0.00335453 0.000595303 0.699416 5.90727e-08 3.84047e-05 0.00784897 3.56647e-05 0.000215859 0.00372638 1.5435e-05 0.0176992 0.102637 0.000306855 0.000116799 0.000813623 0.00150463 0.000895182 0.0656004 0.000773503 5.83002e-06 
0.00361069 0.0010239 0.000224446 0.000227223 0.90307 0.00278978 0.00307262 0.0019912 0.000174193 0.000297636 0.00011584 0.0119196 0.00366647 0.0512821 0.000169692 1.05285e-10 0.000671912 0.0140673 0.000258707 0.000795408 0.00042513 0.000145637 
2.17587e-05 1.44054e-06 1.07691e-09 1.27247e-05 0.99892 5.35594e-07 1.17208e-05 3.45774e-06 3.42379e-10 3.65981e-09 1.67602e-05 1.36269e-09 2.01846e-09 0.000997581 3.35544e-06 3.71364e-09 1.21229e-09 4.10928e-10 6.03614e-06 1.174e-09 3.15224e-06 1.18949e-06 
0.0394307 0.0562844 0.000518944 0.0079418 0.508635 0.000742249 0.128494 0.0217378 0.00135348 0.000552402 0.00880813 0.00291629 3.01448e-06 0.183884 0.000157692 4.77626e-05 7.31159e-05 0.00374286 0.000152093 5.56865e-05 0.0341595 0.000309445 
0.0762942 1.56573e-06 0.00189607 0.0124707 0.595474 7.2233e-05 7.90809e-06 0.00790861 0.013039 5.15121e-07 0.000947053 4.01236e-08 4.45859e-07 0.072902 0.0461001 1.58949e-07 7.23881e-11 0.00194819 0.0811781 0.0637704 0.0259884 2.01193e-07 
0.00889689 0.0171753 0.000220583 0.00377024 0.722365 1.1643e-05 6.93933e-05 0.00537539 0.0531613 4.25277e-05 1.59569e-05 1.69671e-05 8.74676e-06 0.0438709 0.00033061 6.17225e-06 0.00469436 0.0206007 0.0574047 0.0020122 0.0599493 1.48557e-06 
0.269044 0.0681088 9.20086e-06 0.00275473 0.574045 1.32826e-09 0.031404 5.47074e-06 6.80122e-10 0.0187925 6.49956e-06 0.013971 2.56653e-05 0.0218115 2.89675e-09 7.38436e-06 3.61465e-06 1.02861e-05 1.12123e-07 2.3321e-09 3.53754e-10 3.37071e-09 
0.0571722 0.0110811 0.0481763 0.00199934 0.712605 0.00281595 0.00113834 0.01093 0.0230625 0.000139152 0.00956378 0.0163753 0.00118701 0.0806367 0.00338247 0.00128226 0.000671267 0.00206303 0.001441 0.0059355 0.00502798 0.00331399 
0.00357711 0.00144542 0.00113106 0.00235673 0.748156 0.00625526 0.0188027 0.00338886 3.04564e-07 6.59528e-09 3.68288e-09 0.000779917 0.170147 0.0428186 2.62788e-09 6.89992e-07 3.50371e-07 0.000280216 0.000116502 1.09647e-05 1.21216e-07 0.000731862 
0.0513454 0.0156009 0.00765552 0.0194686 0.529397 0.000214993 0.0120035 0.0623578 0.0109339 6.18339e-05 0.0167684 0.0030339 0.00457262 0.0729823 0.000132202 2.1502e-05 0.0015023 2.66615e-05 0.00411935 0.130714 0.0570839 3.17395e-06 
0.0411637 0.0214253 0.0088123 0.0569842 0.394499 0.000188247 2.25237e-06 0.047749 0.00114635 1.00148e-06 0.00117408 0.00238118 6.36062e-05 0.0544884 0.00718996 7.33552e-07 0.000147927 0.00319203 0.307381 0.000391062 0.0513424 0.000276631 
0.0148497 0.106105 0.0143768 0.232369 0.275952 0.000123661 0.0276664 0.0047061 0.00599061 9.75318e-05 5.63345e-06 0.01874 0.00364107 0.187219 0.00321173 3.13279e-07 0.00048283 0.000142533 0.0203405 0.006089 0.0778905 1.43144e-07 
0.0662849 0.0206838 0.00298063 0.00709809 0.213134 0.000914677 0.00835341 0.183621 0.0517613 0.00028626 0.000154068 0.0622715 0.0714937 0.0725852 9.67762e-08 2.25227e-05 0.00166252 0.00511243 0.000721093 0.00630546 0.181255 0.0432984 
0.0440395 0.000610385 0.00202945 0.000107043 0.723587 0.000295199 0.0244549 0.00046635 2.24785e-05 0.000121773 7.96098e-06 0.000310299 1.06324e-06 0.178498 7.18908e-06 8.71604e-06 0.00137653 0.0140952 1.81424e-06 7.58686e-06 0.00994741 3.95812e-06 
0.0251376 0.0167848 0.0172532 0.0441041 0.348114 0.00173411 0.00868713 0.0313865 0.0155663 0.00141139 0.000172372 0.00680167 1.98419e-06 0.0976458 0.000265306 0.000375946 0.00292695 0.0050083 0.0485968 0.155816 0.172195 1.43159e-05 
0.0218795 0.0212059 0.0012532 0.00179075 0.816879 0.0104348 0.00121769 0.0152721 0.026406 5.92783e-05 1.2984e-05 0.00473668 0.00017626 0.0380615 5.54628e-07 0.00183662 0.00123235 0.0084166 0.00182227 0.000669643 0.0266337 2.18646e-06 
0.167983 0.00125791 0.00792186 0.00135815 0.466311 0.0002585 0.0119306 0.000425563 0.0349974 0.000112243 1.15807e-05 0.000657585 8.79585e-08 0.264972 0.000302945 7.21564e-07 0.00090291 0.0046364 1.50201e-07 6.28166e-07 0.0359581 3.27676e-07 
0.147645 0.00364808 0.000980389 0.0136316 0.722548 7.03117e-05 0.000205922 0.00733304 2.96984e-06 0.000654846 0.000854299 0.00154469 0.0040072 0.0301451 0.000975578 0.000131166 0.000635799 0.000488618 2.30426e-05 0.0607514 0.00371548 7.35647e-06 
0.120521 0.021282 0.00212637 0.00999692 0.539768 0.000283933 0.00285217 0.168458 0.00505091 6.94885e-06 0.00246125 0.00051017 0.0133164 0.0265843 1.29402e-08 3.29541e-08 9.67189e-07 1.53099e-06 2.14898e-06 0.0183833 0.068394 1.50575e-08 
0.0251119 0.0139156 0.00372214 0.00235467 0.602348 0.000401804 0.000812954 0.0150195 0.000167539 0.0245279 0.0177969 0.032008 8.08665e-07 0.0542924 0.0893329 0.00202729 0.012698 0.000180017 0.00633072 0.0607769 0.036174 2.10592e-07 
0.0958942 0.000143926 0.00186906 0.0055987 0.572011 0.000233264 0.0639532 0.0114833 0.0160213 0.000228628 8.2618e-06 0.0421318 1.04484e-07 0.100286 7.06768e-07 4.59584e-05 0.000891748 0.00272421 0.000930914 0.000625731 0.0849178 3.89106e-07 
0.327714 9.00501e-10 9.76662e-06 6.20298e-10 0.554925 1.21258e-09 1.63489e-09 3.55166e-06 6.20891e-10 6.63692e-09 3.70614e-09 2.47118e-09 5.60077e-05 0.113961 2.64448e-09 6.73454e-09 2.19844e-09 7.45201e-10 2.53465e-06 2.129e-09 0.00172304 0.00160535 
0.00107362 0.00502817 0.0116331 0.0833879 0.799073 2.08067e-05 6.02173e-08 0.00920672 0.0584352 2.44456e-07 8.11074e-05 5.42882e-06 1.71613e-06 0.0139788 0.0158773 2.48051e-07 6.48438e-05 0.000259632 0.00117166 0.000116466 0.00058401 4.63167e-07 
0.270217 0.105703 0.000113628 0.00997169 0.294242 6.12007e-06 0.00472301 0.00432363 0.0160559 0.000243194 0.000185114 0.0636138 0.000101072 0.093421 4.84029e-05 1.70538e-05 0.0207097 0.00476475 0.00521312 0.00154715 0.104778 5.44015e-08 
1.05705e-05 3.04144e-06 1.83664e-05 4.86729e-06 0.998675 0.000238842 1.0438e-10 1.54458e-06 3.76594e-06 4.23738e-10 2.3662e-10 1.16769e-06 6.07854e-07 5.95902e-06 4.56033e-07 4.2997e-10 1.40361e-10 4.13974e-07 6.47043e-11 0.00103384 1.84952e-06 1.96463e-10 
0.029717 0.00307104 0.00117451 0.00125683 0.828513 0.000551359 0.00504261 9.26431e-05 1.67682e-06 0.000240478 5.3632e-07 0.00169785 0.000336892 0.118738 2.31007e-08 5.4928e-11 0.0011554 2.16314e-08 2.19413e-07 6.23355e-07 0.00840962 5.63578e-08 
0.0662849 0.0206838 0.00298063 0.00709809 0.213134 0.000914677 0.00835341 0.183621 0.0517613 0.00028626 0.000154068 0.0622715 0.0714937 0.0725852 9.67762e-08 2.25227e-05 0.00166252 0.00511243 0.000721093 0.00630546 0.181255 0.0432984 
0.00137901 0.0149622 2.58399e-10 1.02881e-07 0.867317 8.93403e-06 0.00101725 7.34155e-11 9.12695e-08 6.75695e-07 4.90372e-10 0.00160408 1.14224e-07 0.0256037 0.0881059 8.91071e-10 2.84926e-07 9.86001e-11 1.34093e-10 2.81695e-10 4.27302e-11 1.59768e-07 
0.129057 0.144371 0.000475345 0.0241711 0.45963 0.000629362 0.0365731 0.0489145 0.019224 0.00147582 0.000110776 0.00352833 0.00280585 0.0652552 0.00018891 8.30324e-05 0.000389402 0.00962501 0.00941847 0.00395944 0.0400477 6.71778e-05 
0.0149039 0.00984752 0.000948365 6.83723e-05 0.556559 0.000304719 0.0244124 0.030968 0.00624798 0.00988023 0.000257575 0.0130012 0.00240597 0.175579 0.00060518 1.19353e-06 0.00863542 0.0532681 0.0023838 1.61897e-05 0.0896619 4.45557e-05 
0.00361069 0.0010239 0.000224446 0.000227223 0.90307 0.00278978 0.00307262 0.0019912 0.000174193 0.000297636 0.00011584 0.0119196 0.00366647 0.0512821 0.000169692 1.05285e-10 0.000671912 0.0140673 0.000258707 0.000795408 0.00042513 0.000145637 
0.163841 0.0180125 0.0326644 0.0729219 0.35594 1.25593e-05 1.38824e-10 0.0227378 0.00835847 3.51172e-07 0.00131264 0.00697667 0.000813005 0.184214 0.00198909 1.93277e-07 0.000135798 0.0353177 2.52159e-07 0.0799609 0.0143245 0.000465911 
0.00162441 0.00040409 0.000172814 2.94398e-05 0.996412 4.0562e-05 6.99668e-07 4.41019e-05 0.000109929 2.84035e-06 6.64886e-05 0.000143249 1.56651e-06 0.000479513 0.00011757 2.88212e-06 0.000134039 5.25193e-05 4.33718e-07 9.10285e-05 6.83271e-05 1.3169e-06 
0.100141 0.0777961 0.00020488 0.0213098 0.304954 0.00337347 0.127788 0.023404 0.0564618 3.23612e-05 0.0018863 0.163769 0.00111756 0.0095832 8.56255e-06 8.5586e-06 0.000277986 6.43622e-05 0.0024204 0.034425 0.0709739 8.38171e-10 
0.00488176 0.0198282 0.00398019 0.0230108 0.784204 0.000526857 0.0108154 0.0164868 0.0146442 0.00196123 8.90084e-05 0.000199968 6.0154e-05 0.00404389 0.000363198 1.35022e-05 0.000376407 0.000664759 0.000494583 0.000166081 0.0673562 0.0458323 
0.0108388 0.0260132 0.0128329 0.00305917 0.711021 0.000133385 0.000148111 0.0174381 0.0615103 4.18493e-05 2.80968e-05 3.44745e-05 0.000456457 0.0369957 0.000201344 3.13283e-06 0.000289071 7.78919e-05 0.000285942 0.0995873 0.0190032 7.10619e-07 
0.0715846 0.00800238 0.0081508 0.00314653 0.614667 6.77051e-05 0.00259734 0.0723273 0.00184018 0.00032546 0.0319725 0.0463892 4.56406e-05 0.0455849 0.0038125 7.18071e-07 0.0155584 0.00369787 0.000434169 0.0531433 0.0165539 9.81538e-05 
0.0471348 0.0118391 0.00241741 0.0147757 0.75979 4.11125e-05 0.00408146 0.018021 0.00662212 0.0032599 0.00292782 0.00122424 0.00628381 0.0398236 0.000161913 2.06089e-05 0.00138092 2.00707e-06 0.000388181 0.0636247 0.0161506 2.94649e-05 
0.00362512 0.00865833 6.97164e-05 0.00350559 0.674508 4.16231e-07 0.0481711 0.0490006 0.000175161 9.28894e-06 4.66916e-09 0.00781504 9.61915e-07 0.099102 1.06735e-06 1.17798e-05 0.0144729 0.00340317 9.68503e-06 0.000161911 0.0872985 3.87674e-09 
0.165557 2.68121e-10 8.21052e-05 7.99732e-06 0.751417 3.61041e-10 3.554e-06 1.60268e-06 1.07242e-06 1.97612e-09 5.07714e-06 9.93381e-06 1.08987e-09 0.0348042 3.38654e-06 2.00518e-09 6.54579e-10 2.21881e-10 3.01751e-10 1.48973e-05 0.0480914 9.16213e-10 
0.0173424 0.0247902 0.00152756 0.0163956 0.704942 0.000308851 0.0127098 0.113348 9.01454e-07 1.35892e-06 0.0299616 0.00343765 0.00213607 0.0433427 0.00514099 2.73556e-06 0.000806622 0.000212755 0.000901143 0.0102004 0.00658992 0.00590145 
0.00252666 0.000878022 0.000477938 2.33509e-08 0.993531 0.000118729 0.000221623 0.000304979 8.88417e-05 2.49845e-07 1.39516e-07 0.00104199 1.37794e-07 0.000345541 9.95504e-08 2.53519e-07 8.27597e-08 2.80528e-08 3.8151e-08 8.01455e-08 1.21572e-08 0.000463469 
0.138437 0.115356 0.00204969 0.00989152 0.541679 4.79845e-05 0.0201561 0.00678266 0.00402547 0.00140975 0.0114869 0.0102281 0.000270661 0.1171 0.00311639 0.000616025 0.00235821 0.000144271 0.00323698 0.00455399 0.00705313 2.02539e-07 
0.00714998 0.144675 1.46e-05 1.08615e-08 0.716727 0.000132543 0.00733053 0.00727031 0.000180229 0.000398124 0.000213324 0.000294139 0.000330874 0.0294642 0.000165141 1.17923e-07 1.46776e-06 0.0823257 4.1591e-05 1.0581e-05 0.00327387 5.38817e-08 
0.0258988 0.0158973 0.00199677 0.000912927 0.742038 8.57347e-05 0.0291599 0.0326804 0.0420986 2.55932e-05 1.61727e-05 0.00065409 8.88388e-07 0.00744257 0.0478226 9.40671e-06 9.12015e-06 0.00604216 0.000872964 0.00772901 0.0385933 1.40588e-05 
0.102513 0.261324 4.9391e-05 0.000103313 0.578778 0.00100655 0.00228835 4.99361e-05 0.000998329 0.000106794 0.000788914 0.000303247 0.000179017 0.0201474 0.00333004 9.91172e-08 4.39038e-05 0.00285894 0.0018057 0.000172305 0.0228178 0.000335128 
0.0314867 0.00882131 0.00283768 0.0573909 0.310229 0.00108345 0.00166522 0.137264 0.0166737 5.39278e-05 6.19925e-05 0.000444288 0.274642 0.112265 0.0146297 0.000814306 0.000994733 8.02755e-05 0.00472374 0.000644462 0.0228469 0.000346829 
0.0439418 0.185332 0.0248562 0.0175694 0.549676 0.00157617 0.00395523 0.00169818 0.0490397 6.94261e-05 0.000899179 0.0362836 0.00247532 0.0428778 0.000859056 4.99126e-07 0.000392082 0.000967621 0.00305705 0.00036253 0.0341105 1.2883e-07 
0.0237623 0.0614709 0.000439026 0.011591 0.750654 0.000420646 0.00768793 0.0318601 0.0179681 9.80681e-05 0.000536102 0.00869215 0.00181258 0.0109426 0.000319766 4.97993e-05 0.000328105 0.000729224 0.0029881 0.0333949 0.0339283 0.000326114 
3.73105e-06 1.96348e-07 0.00280744 2.04896e-11 0.968771 4.00538e-11 5.40034e-11 3.18926e-07 2.05092e-11 2.1923e-10 1.71511e-07 9.4696e-07 1.2091e-10 0.0258284 8.7352e-11 2.22454e-10 1.24911e-06 2.46154e-11 3.34762e-11 7.03248e-11 0.00258639 1.01644e-10 
0.0328949 0.0010109 0.00168189 0.0295729 0.434258 0.000400804 0.00938004 0.137139 2.50361e-08 2.6762e-07 0.00351341 0.0891085 0.0207403 0.028714 0.00195633 2.1076e-05 0.00337239 0.000755064 0.000619617 0.0801476 0.124713 1.2408e-07 
0.0804061 0.0869111 0.00123203 0.0133891 0.205228 0.000451415 2.22408e-07 0.0483057 0.0456014 0.100447 0.00172301 0.00951168 0.000216141 0.184523 0.000503054 7.20642e-08 0.00112572 0.062712 0.00193041 0.000480139 0.155092 0.000211482 
1.81052e-09 2.04533e-09 2.3284e-05 1.4089e-09 0.941392 2.75416e-09 5.88598e-06 0.0310684 0.0157316 1.50746e-08 6.89861e-06 5.61284e-09 0.00672214 3.18552e-06 6.00646e-09 1.52963e-08 4.99337e-09 4.187e-06 0.00115356 0.00388895 7.33515e-10 6.98922e-09 
0.0279269 0.000848655 1.81153e-08 0.00779321 0.934443 6.40761e-06 0.000198432 0.00918462 0.000177199 1.22696e-05 3.4378e-08 0.00242914 0.00243256 0.00663188 0.000506998 4.09157e-05 0.000538958 1.02874e-05 3.09189e-05 0.00314873 0.00363917 2.85436e-08 
0.0132495 0.0107518 0.000339077 0.00557979 0.356546 0.000693909 0.000269451 0.066405 0.010618 5.39253e-07 0.000272828 7.16516e-07 0.149084 0.0109632 0.00301864 6.89072e-07 1.5149e-06 0.000326558 0.00103609 0.347961 0.0228821 8.11154e-08 
0.000271301 6.88934e-06 0.000228636 0.00024088 0.725195 1.43336e-07 1.86651e-05 5.19423e-06 7.33941e-08 7.84536e-07 4.38094e-07 2.92113e-07 4.32687e-07 0.27391 3.12598e-07 7.96075e-07 2.59873e-07 8.80885e-08 1.88548e-05 2.51664e-07 6.90545e-06 9.30765e-05 
0.0437153 0.116482 0.00982763 0.0209478 0.457921 7.25138e-05 0.00694457 0.165696 0.00950387 7.436e-05 0.000489484 0.000207571 0.000872118 0.049731 0.00539753 0.000103278 0.00514198 0.00939894 0.000155971 0.0678704 0.0270882 0.00235847 
0.16263 0.075091 0.00142973 0.0151554 0.591128 3.10588e-05 0.000416827 0.0183856 0.0121857 7.15966e-07 0.0016621 0.00736546 0.026884 0.027064 0.00426468 2.70438e-05 0.00113283 0.000365258 0.00270008 0.00018789 0.0246143 0.0272789 
0.114997 0.00125659 0.00306746 0.00026002 0.762057 0.000629651 0.0119204 0.000988179 0.00388252 0.000315176 1.13556e-05 0.000656369 2.14119e-08 0.0697502 0.000302167 1.75797e-07 0.00141162 0.00463323 3.65965e-08 0.000120956 0.0237398 7.98327e-08 
0.0572771 0.00131413 0.00227069 0.0185175 0.86552 2.01803e-06 0.000118575 0.00219223 0.00524228 6.88631e-06 0.000131931 0.000482444 0.000375072 0.0226193 0.000529079 3.72437e-08 0.00198293 4.12115e-09 0.00241119 0.000101847 0.0189033 9.63002e-07 
0.0723977 0.0659273 0.000483612 0.0344716 0.404712 0.000328712 0.00227465 0.0822558 0.00400923 0.000159081 0.000712221 0.00913108 0.00275058 0.0372823 0.00027131 0.000240497 0.00244499 0.023467 0.0593468 0.0501174 0.147216 1.82108e-07 
9.66748e-05 0.0398631 0.0011827 0.000461068 0.690466 2.35652e-06 0.000288402 0.168686 0.000712624 0.000231091 0.000409932 6.9052e-07 0.000231889 0.0322434 0.00317485 0.000488257 0.0152005 0.000206099 0.00201488 0.000108767 0.0439304 2.06858e-08 
0.000676754 0.00072095 0.00101375 0.000152824 0.983844 5.33379e-08 7.19141e-08 0.00232355 0.000243097 2.91939e-07 0.00063595 0.00209802 0.00423474 0.00280999 4.66456e-05 2.96233e-07 9.67033e-08 6.55913e-05 4.45788e-08 0.00113324 1.42055e-08 1.35356e-07 
0.259105 0.030282 0.00272265 0.00246887 0.599438 2.12483e-06 3.18603e-09 0.00962079 0.00324397 6.96999e-07 0.00773483 1.37977e-06 1.48568e-06 0.0295772 0.000526655 2.00478e-07 0.00976711 0.000762383 0.0115118 0.000291298 0.0329413 5.9967e-09 
0.0635439 0.0121721 0.0110076 0.0977319 0.236638 3.27942e-05 0.00110859 0.111827 0.0560272 4.95574e-05 0.018396 0.0205977 0.000165427 0.0833694 0.00225874 8.94409e-05 0.0748625 0.0242212 0.00131344 0.00198155 0.182592 1.35184e-05 
0.0339972 0.147281 0.00109298 0.0272737 0.203485 0.00112328 0.00513312 0.101777 0.0521638 3.77938e-07 0.00121828 0.00591361 6.38309e-05 0.060941 6.89291e-05 2.41271e-05 0.00922608 0.00252176 0.0121717 0.00198153 0.137096 0.195445 
0.00619454 0.000981647 0.0248675 0.00063161 0.945987 8.79636e-05 0.000105735 0.00127585 0.00341952 0.000103958 0.000121641 0.000188979 8.29155e-05 0.0012583 3.09628e-06 2.16036e-06 0.000243561 0.000104245 3.8941e-05 0.011236 0.00305856 6.37053e-06 
