0.0151639 0.186496 0.000465057 0.00518797 0.667592 0.00103971 0.000357335 0.017017 0.0201613 0.000233205 0.000525756 0.040556 0.000251345 0.016155 0.0111779 0.000120514 0.00290986 0.000423565 0.00131051 0.00707485 0.00578198 2.61983e-09 
0.148823 0.00151997 0.00312268 0.0168514 0.229953 0.00372948 0.0094096 0.105577 0.00942633 0.000384801 0.000343298 0.177195 0.00262833 0.199531 7.87364e-07 0.00212127 0.000503818 0.0153887 0.000880493 0.0454139 0.0271155 8.07714e-05 
0.0317727 0.00062203 0.00106549 0.000207329 0.85038 0.000198202 0.036423 1.32356e-07 5.2812e-07 0.000222576 1.59032e-08 0.000898727 2.49194e-08 0.0518067 1.68863e-07 2.0467e-07 0.000724371 0.00288614 4.26084e-08 1.78217e-07 0.0227912 9.29443e-08 
0.0166582 0.0204802 0.00798795 0.070265 0.728678 0.00932925 0.0151887 0.00939574 0.017787 0.000363803 0.00028926 0.00344513 0.00124176 0.0533644 0.0130384 0.00147807 0.0202869 0.000232861 0.00146708 0.00452942 0.00377817 0.00071441 
0.00854601 0.000952407 0.0359608 1.23405e-10 0.873531 0.00127391 3.25253e-10 2.54183e-06 1.23523e-10 1.80007e-06 7.37317e-10 0.00018984 0.000193774 0.0760856 5.26105e-10 1.3398e-09 2.51141e-06 7.50306e-07 2.01621e-10 3.30138e-07 6.18992e-07 0.00325824 
0.0826364 0.0060742 0.00374691 0.0232865 0.495895 0.000583515 0.0372075 0.0538615 0.00823258 0.000147771 0.00243504 0.103567 0.00031524 0.0306319 0.00010711 0.000125044 0.00355976 0.00542184 0.016245 0.0330283 0.0928448 4.77896e-05 
0.0342002 0.00391402 0.00742688 0.0198909 0.576079 0.00193139 0.000555044 0.0174868 0.0175409 0.000160074 0.00504125 0.0970055 0.00366114 0.0827797 0.000149831 1.51799e-06 0.00820265 0.00521764 0.00506077 0.0212723 0.0918431 0.000579185 
0.0563476 0.0353902 0.00219365 0.010565 0.372914 0.00120751 0.00549847 0.0267522 0.0263479 0.00644264 0.000154457 0.00235813 4.35261e-05 0.282138 0.00223833 3.69775e-05 0.0371071 0.0293458 0.00248129 0.000829056 0.0995777 3.02248e-05 
0.0229726 7.61992e-07 0.00455563 0.0002081 0.878777 0.000199331 0.0238757 1.46159e-06 5.83196e-06 0.000224915 1.75713e-07 0.000323738 2.75276e-07 0.0455344 1.86479e-06 2.26031e-06 0.000606423 0.00289735 4.70544e-07 1.96808e-06 0.0198092 1.02645e-06 
0.0586951 0.0129253 0.0221876 0.0223046 0.308642 0.00109313 0.012987 0.241736 6.93442e-11 1.26246e-06 0.00557159 0.0163969 0.079957 0.0189596 0.00283574 7.52147e-10 2.22284e-06 9.13387e-05 0.00284146 0.132821 0.0599507 3.43673e-10 
0.186322 0.0014535 0.00240503 0.0122682 0.620484 0.000984378 0.00100578 0.0597572 0.00381911 0.000316361 0.000231156 0.000377426 8.96207e-06 0.078713 0.000290345 1.39779e-07 0.000118566 4.35714e-06 4.07138e-05 0.0192934 0.0120946 1.11317e-05 
0.0985677 0.0159429 8.23515e-05 0.00941692 0.242542 0.0166083 0.049297 0.0465026 0.213694 0.000237685 0.00278476 0.0106399 0.00356255 0.0404771 8.00059e-08 5.41689e-06 0.0128208 0.0025252 0.0162239 5.98845e-08 0.218062 6.45058e-06 
0.109921 0.000272274 0.0381032 0.00237829 0.500326 0.00171341 0.00273751 0.00429863 0.0147505 1.78995e-10 7.72554e-06 0.173469 4.8109e-05 0.0407662 5.85729e-07 1.81628e-10 0.00952555 0.000996282 2.73324e-11 0.00787635 0.0928089 1.29992e-07 
0.0859236 0.221995 0.000213849 0.013757 0.483011 0.000263921 1.98597e-07 0.0683404 0.000203074 0.00216466 0.00794939 1.30251e-05 0.000954657 0.0278262 0.0191141 6.54242e-05 0.00994073 4.33172e-06 0.0462216 0.00250837 0.00950839 2.04964e-05 
0.00839562 0.0337253 1.46181e-05 0.00219604 0.91606 1.13155e-07 1.63738e-06 0.0129668 1.44824e-07 1.82106e-10 2.03482e-07 4.43451e-06 2.61232e-07 0.0265398 2.90313e-07 1.84784e-10 6.03215e-11 6.09344e-07 2.78074e-11 9.32083e-05 4.3243e-07 2.5414e-08 
0.0536171 0.00570319 3.68494e-07 2.17486e-05 0.933506 0.00571927 0.00110058 8.27325e-05 1.17155e-07 2.62737e-05 6.99304e-07 4.66282e-07 1.5514e-05 5.04465e-05 3.04083e-05 3.93549e-05 1.00596e-05 1.4061e-07 1.91226e-07 4.01717e-07 7.44144e-05 5.80624e-07 
1.31396e-06 7.96365e-07 3.74696e-07 2.59413e-08 0.932609 5.44904e-11 7.34678e-11 3.44576e-07 1.19126e-07 2.98247e-10 1.92954e-07 2.87634e-06 0.0503054 0.00179612 1.18836e-10 3.02633e-10 9.87926e-11 0.0002751 5.22887e-08 0.0150079 5.09238e-07 1.3828e-10 
0.0657137 0.0327302 0.000433893 0.000513566 0.287115 0.000127585 4.22194e-05 0.0117037 0.00103316 0.000292412 2.40091e-06 0.00194544 0.000476109 0.189544 0.027406 0.000415838 0.109563 0.0154543 0.171923 0.000276882 0.0430018 0.0402866 
0.0562236 2.19475e-05 8.05847e-06 3.5894e-07 0.692591 5.34808e-06 5.35241e-06 3.37069e-09 5.40413e-05 4.03183e-08 2.25142e-08 1.5012e-08 2.88258e-06 0.0154214 0.00182763 4.09113e-08 0.0615939 3.71022e-06 0.144929 1.29333e-08 0.0273005 1.13858e-05 
0.205443 0.10802 0.000484286 0.0137638 0.39437 4.51535e-05 1.0766e-05 0.0054456 0.0832521 0.00103967 0.000354314 0.000137953 0.0010124 0.0342875 0.000429552 4.1075e-05 0.0013391 0.000228397 0.00187088 0.000380952 0.148 4.38527e-05 
0.000417837 0.00572534 2.14021e-08 0.00138656 0.920143 0.0372858 0.00180343 0.0157589 6.42875e-09 0.0164925 1.59632e-07 2.49825e-07 4.08618e-11 5.42935e-06 2.95209e-11 7.51792e-11 1.24905e-05 6.6148e-09 0.000492458 2.37665e-11 5.03147e-06 0.000470715 
0.000417837 0.00572534 2.14021e-08 0.00138656 0.920143 0.0372858 0.00180343 0.0157589 6.42875e-09 0.0164925 1.59632e-07 2.49825e-07 4.08618e-11 5.42935e-06 2.95209e-11 7.51792e-11 1.24905e-05 6.6148e-09 0.000492458 2.37665e-11 5.03147e-06 0.000470715 
0.0186531 0.204555 1.2014e-05 0.00333146 0.331471 0.00151789 0.00578928 0.191823 0.00337477 0.0116573 0.000235459 0.0310575 0.00252672 0.0283619 0.0281869 0.000250293 0.00130002 0.00976711 0.0160374 1.48467e-05 0.110077 6.62447e-08 
0.156037 0.0140976 0.030908 0.000672166 0.378499 0.000321776 0.00627276 0.0213974 0.0390527 3.00874e-07 3.37509e-08 0.00137216 5.27925e-08 0.156245 3.5678e-07 4.32588e-07 0.000204067 0.0103267 0.000344132 0.0819736 0.102274 1.96447e-07 
0.0439451 0.204004 0.0223065 0.000271318 0.532648 0.000134916 0.000605298 0.0185697 0.0015649 0.000463428 0.00394194 0.000943357 8.77513e-06 0.0619655 0.0215469 2.18372e-05 0.000488683 0.000323709 0.0464975 4.32181e-05 0.0142448 0.0254611 
0.0490646 0.0725128 0.00294673 0.000622418 0.683953 0.000136055 0.000148139 0.0169405 0.0573506 0.000124101 8.92621e-06 0.00225969 0.00134167 0.0481979 2.11819e-06 3.45553e-06 0.00349937 0.000306982 0.00776838 4.79855e-05 0.0526933 7.08781e-05 
0.00363934 0.000708447 6.93164e-05 0.000754358 0.795462 0.000236693 0.00113656 0.0100454 0.00016467 4.78738e-05 0.000334361 0.000326355 0.00028031 0.15819 0.000170491 7.82121e-05 0.00036081 0.00447619 1.38067e-05 0.000607257 0.0227677 0.000129574 
0.129917 0.095926 0.000632682 0.0558253 0.41762 0.00014906 0.0068357 0.0403616 0.0714018 0.000443757 0.000335251 0.000647192 0.00115675 0.0279484 0.00279181 0.000553368 0.000250366 0.0993789 0.00367037 0.00221701 0.0390683 0.00286904 
0.0188285 0.00299505 6.22613e-06 1.58092e-09 0.640076 3.09044e-09 1.21562e-05 0.245889 3.44011e-05 2.02114e-05 2.40937e-07 6.29817e-09 9.32906e-09 0.00735218 9.39433e-06 1.7164e-08 8.14352e-05 5.35474e-06 4.98657e-05 2.72237e-05 0.0846076 5.58175e-06 
0.0758266 0.114381 0.00980161 0.166186 0.240204 4.93577e-05 0.00198482 0.0503705 0.0419922 0.0113724 7.74334e-05 0.000524204 0.0501941 0.0855133 0.00368146 4.98059e-06 4.86016e-05 0.00222974 0.0247553 0.0207287 0.100073 1.89783e-07 
0.0892617 0.00647119 0.00142067 0.00534638 0.437318 0.000683778 0.0803904 0.0330043 0.00196847 0.000439872 7.38942e-07 0.0115907 0.00446023 0.270442 2.2671e-07 0.000142739 0.0145014 0.00405993 0.000438556 0.000845779 0.0372118 6.36085e-07 
0.231407 0.00484163 0.00913019 0.0238092 0.416741 4.83858e-05 0.018124 0.0316362 0.000637879 0.000628264 3.69741e-06 0.000950647 0.000203155 0.124128 0.000266531 5.89607e-05 0.000736504 0.0011157 1.79133e-09 0.123339 0.0121938 1.71855e-07 
0.000105099 8.44885e-05 0.000179931 0.153031 0.773936 2.15532e-05 4.87283e-08 0.0105148 0.00961188 1.97815e-07 0.000106587 7.36541e-08 1.09099e-07 0.0285811 0.0192309 2.00725e-07 0.000157437 5.77207e-05 0.00129313 1.61857e-06 0.00308567 9.17155e-08 
0.0240139 0.0107523 0.00965581 0.0272462 0.635897 6.79752e-05 0.000491324 0.0578431 0.000125136 0.000140153 1.09567e-07 0.0140232 0.000499572 0.19726 0.000274048 7.88371e-07 2.98814e-05 2.20308e-08 0.00595557 0.0157157 2.78055e-06 5.15011e-06 
0.0015759 0.0607981 0.00250247 0.00239107 0.410318 0.100966 0.011379 0.339611 0.00389075 0.000172109 0.000145456 0.00310771 0.000236125 0.0246106 0.00123521 0.0147624 0.000593785 0.000218724 0.012764 2.15961e-06 0.00871664 1.67014e-06 
0.156156 0.0326356 3.04885e-06 3.05001e-06 0.544926 3.0495e-06 0.0161635 0.043009 3.05002e-06 0.00243889 3.04734e-06 0.0262194 0.0155448 0.115607 3.04825e-06 3.04472e-06 0.0289652 0.0183025 3.04967e-06 3.04872e-06 3.05027e-06 3.04789e-06 
0.0140325 0.00639762 1.07301e-06 2.83477e-05 0.975164 8.80496e-06 8.10644e-05 0.000771333 0.00011338 2.62018e-05 2.03629e-06 0.000756094 2.01116e-06 0.00214804 1.45297e-06 0.000118134 0.000136965 4.09441e-07 5.56828e-07 5.38837e-05 0.000140032 1.57056e-05 
0.0170035 0.0102705 0.00181246 0.00493069 0.714728 0.0184762 0.0443982 0.0916908 0.00749088 0.000278112 7.94873e-05 0.0106653 0.000288937 0.0304762 0.000999418 0.00745553 0.0110998 0.00229033 0.0021006 0.00124799 0.022209 7.84834e-06 
0.245349 0.105542 0.000118846 1.33307e-06 0.574492 0.00073381 0.00100496 0.00416177 0.0036788 4.58082e-07 4.10569e-06 0.00542439 1.40428e-08 0.0196713 8.063e-08 1.18155e-05 0.000857456 2.05711e-07 1.03684e-06 2.28894e-11 0.0386892 0.000257923 
0.0875788 0.150723 7.74645e-05 0.0088964 0.522397 0.000209373 0.00159282 0.0326877 0.00339703 0.000331891 0.000477972 0.00472548 7.75249e-06 0.0985168 0.00114585 5.16752e-06 0.00037431 0.000697379 0.00709165 5.08042e-06 0.0789313 0.000129414 
0.0200543 0.000711649 0.00687094 0.00244434 0.531338 0.000455857 0.042448 0.0372993 0.0641567 0.000227018 0.000135496 0.0578164 0.000768885 0.159827 0.00254817 1.67998e-05 0.00712247 0.00016773 0.00140589 0.00120537 0.0629794 8.71518e-07 
0.10937 0.0282739 0.00116764 0.0331744 0.403743 0.00139948 0.0768663 0.0532657 8.76437e-11 2.62414e-06 5.23151e-10 1.66394e-05 5.16694e-10 0.0134586 3.73289e-10 9.50634e-10 5.58899e-07 1.7893e-07 1.61669e-06 1.08219e-06 0.279258 4.34366e-10 
0.0141951 0.00884745 0.00295283 0.00356258 0.41366 0.000454171 0.091923 0.0521493 0.00492778 0.000262375 0.000986187 0.0111824 0.00366103 0.0543947 7.52165e-05 1.84271e-05 0.00155236 0.0164909 0.000724509 0.00122358 0.316737 1.93246e-05 
9.54597e-05 6.59079e-05 0.0130335 1.03158e-08 0.986758 2.01657e-08 2.71888e-08 9.22752e-09 1.03256e-08 1.10374e-07 6.16344e-08 4.10966e-08 3.04978e-05 1.22667e-05 4.39786e-08 1.11998e-07 3.65609e-08 1.2393e-08 3.38767e-06 3.5406e-08 5.37072e-09 5.11743e-08 
0.00129355 0.00981717 0.000108591 0.0584624 0.765388 3.50721e-06 6.06387e-07 0.0591157 0.00295228 0.00119118 0.0595991 9.16571e-07 0.000147196 0.00045216 0.000406217 0.000196512 8.15412e-07 6.44507e-05 0.000696739 0.0366173 0.00348188 3.82709e-06 
2.92909e-08 3.30896e-08 0.00116573 0.000184508 0.962773 0.00108311 6.00752e-08 0.0242055 0.000901679 2.43879e-07 1.36185e-07 9.08054e-08 0.000826007 0.000187523 0.00092763 1.21312e-05 8.07835e-08 2.7383e-08 3.72401e-08 0.0024062 0.00532563 1.13073e-07 
0.0688927 1.15538e-07 0.00319606 0.000621883 0.647112 0.000594456 0.0715093 2.21626e-07 8.84329e-07 0.000667412 2.66157e-08 0.000965542 4.17134e-08 0.136577 2.82749e-07 3.42692e-07 0.00181227 0.00865693 7.13434e-08 2.98415e-07 0.0593915 1.55623e-07 
0.0265247 0.151368 0.000265981 0.00122953 0.771881 0.00028964 3.04151e-06 0.0297483 0.00103325 4.77425e-06 0.000105052 0.00015253 0.00119608 0.00554845 0.000152401 2.68334e-05 2.99243e-05 5.64461e-06 0.000304218 9.86473e-08 0.0045251 0.00560544 
0.0821069 0.0193676 0.0549813 0.0721668 0.317817 4.25396e-05 0.00297715 0.0588054 0.0749631 0.000626887 0.111579 0.00259848 0.027964 0.0515968 0.00259528 0.0100322 0.000264471 0.011047 0.0118529 0.0280608 0.0584999 5.48629e-05 
0.0030274 0.0182679 0.000362221 0.00421547 0.438574 0.00203656 0.00628267 0.186287 0.00119587 0.000880528 1.79436e-05 4.94499e-06 0.000280049 0.0044027 0.00101537 0.321843 0.00092458 7.18989e-07 0.0103799 1.13603e-07 1.03868e-06 7.25817e-09 
0.0212209 0.000865436 2.49625e-06 1.63003e-05 0.94336 0.00019555 0.00412819 0.00517624 0.0229874 6.36512e-06 3.16007e-06 7.14251e-05 1.35055e-05 0.00122462 1.91701e-07 0.000479538 1.07164e-06 3.19877e-06 5.57433e-05 6.72271e-06 0.000177226 4.47885e-06 
0.0274802 0.170124 0.00921823 0.000975273 0.649512 0.00021307 0.00085107 0.00454035 0.013031 4.10717e-05 6.97851e-05 0.00430984 0.0240346 0.0651922 8.33102e-05 7.93902e-07 0.00353107 5.60487e-05 0.0114632 4.66359e-06 0.0152634 5.37858e-06 
0.00734949 0.00129802 0.0210953 0.0763399 0.422442 0.000116092 0.000194585 0.372396 0.000839012 0.000110346 0.00152063 0.00268256 0.0154317 0.0270844 0.00162073 0.000111425 0.00184944 0.00344566 0.00135948 0.0181178 0.0245936 1.49996e-06 
0.0221639 0.10579 0.00641871 0.00181455 0.593558 2.746e-07 0.00128905 0.0710775 0.000265085 4.91994e-10 0.00319464 0.00270441 0.000425268 0.060443 0.0122846 3.49742e-07 1.6297e-10 0.0621113 2.57924e-05 2.47951e-06 0.0564312 2.28109e-10 
2.65352e-06 2.99766e-06 6.50106e-06 2.0649e-06 0.999854 4.03653e-06 5.44234e-06 1.84706e-06 2.06687e-06 2.20935e-05 1.23373e-05 8.22625e-06 1.2185e-05 1.22709e-06 8.80313e-06 2.24184e-05 7.31835e-06 2.48068e-06 3.37365e-06 7.08717e-06 1.07505e-06 1.02435e-05 
0.151585 0.00512899 0.00638347 0.0415248 0.599571 0.000410408 0.0140002 0.0170599 0.0174588 0.0012319 0.00174156 0.00276448 0.0220307 0.060588 0.0162746 0.000433548 0.00109065 0.000492881 0.00290098 0.0144219 0.0225311 0.00037587 
0.00015214 0.0319404 8.92191e-07 2.83382e-07 0.939551 0.000744506 7.46895e-07 0.00540396 0.000893507 3.03206e-06 1.69314e-06 1.12895e-06 1.67224e-06 8.33863e-06 0.000821764 0.0169883 0.000481612 3.40443e-07 0.00300216 9.72628e-07 1.47537e-07 1.40579e-06 
0.000417837 0.00572534 2.14021e-08 0.00138656 0.920143 0.0372858 0.00180343 0.0157589 6.42875e-09 0.0164925 1.59632e-07 2.49825e-07 4.08618e-11 5.42935e-06 2.95209e-11 7.51792e-11 1.24905e-05 6.6148e-09 0.000492458 2.37665e-11 5.03147e-06 0.000470715 
0.0708504 0.10434 0.0299368 0.0258217 0.346646 8.41723e-05 0.0102647 0.0613514 0.039931 0.00107225 0.000191294 0.00659971 0.000561393 0.17961 0.019547 1.30231e-05 0.010682 0.0115593 0.0107446 0.00131417 0.0683134 0.000565043 
0.000327425 2.14932e-05 1.16241e-07 0.000173566 0.905464 7.21746e-08 9.7311e-08 3.30261e-08 0.000243948 3.9504e-07 0.000639945 1.47088e-07 2.17872e-07 2.19408e-08 1.57403e-07 8.05708e-05 1.30855e-07 4.43555e-08 0.0930472 1.26721e-07 1.92223e-08 1.83157e-07 
0.0235246 0.113425 0.0030693 0.0146338 0.356147 1.90643e-06 0.000740981 0.0931105 0.00357251 6.68055e-06 0.000635934 0.0421314 3.02667e-06 0.0950414 5.13477e-05 2.77017e-05 0.00121832 0.00404418 0.000802196 0.0443267 0.0365734 0.166913 
0.0921627 0.0126709 0.0161618 0.0230072 0.659263 2.39097e-05 1.18449e-06 0.0117967 0.0214957 4.36973e-06 0.00018269 0.000482466 3.42301e-05 0.136336 0.00172047 0.000458808 0.00238077 0.00122916 0.000719464 0.000615573 0.0192514 1.40721e-06 
0.120472 0.0236422 6.80888e-06 9.10015e-06 0.781242 4.39053e-05 6.849e-06 0.00546771 0.0656837 1.48856e-05 0.00275805 5.9427e-06 3.01172e-06 9.76665e-05 3.71743e-09 2.03513e-06 0.000177755 0.00015421 4.99892e-06 9.91646e-06 8.37034e-05 0.000113092 
9.66748e-05 0.0398631 0.0011827 0.000461068 0.690466 2.35652e-06 0.000288402 0.168686 0.000712624 0.000231091 0.000409932 6.9052e-07 0.000231889 0.0322434 0.00317485 0.000488257 0.0152005 0.000206099 0.00201488 0.000108767 0.0439304 2.06858e-08 
0.121225 0.0148823 0.00370012 0.0154708 0.499571 0.00030079 0.00119916 0.0274329 0.00962196 0.000173659 0.00730701 0.00738482 8.84673e-05 0.166028 0.00562286 6.41233e-05 0.00207805 0.0487282 0.0222034 0.00368213 0.0432137 2.13224e-05 
0.0534567 0.000546073 3.94487e-07 2.39095e-08 0.701697 5.27777e-08 5.08368e-08 0.00544262 0.00117171 0.00311636 1.60947e-05 0.000365494 7.37778e-11 0.227499 8.49695e-08 1.74531e-07 0.00478003 0.00058475 2.04268e-11 2.6563e-07 0.0013231 9.56841e-08 
0.0108122 0.0226174 9.91963e-05 0.00591247 0.660505 0.000164058 0.150781 0.00963186 0.0471245 1.4432e-07 9.88265e-05 0.000912435 9.83618e-05 0.0161228 0.000518709 3.02669e-08 0.000418611 7.03755e-05 0.00818867 7.0792e-07 0.0167382 0.0491837 
0.108692 0.00103695 5.31671e-08 1.68872e-08 0.85058 2.59468e-05 4.45087e-08 1.51057e-08 8.46214e-07 1.80686e-07 1.00897e-07 0.0224442 9.96516e-08 0.0143032 7.1994e-08 1.83343e-07 6.5021e-05 0.00276558 2.75905e-08 8.53675e-05 8.79198e-09 8.37735e-08 
0.135692 0.0183153 0.00697555 0.0179964 0.656802 6.68462e-06 8.17701e-06 0.00214754 2.42414e-06 0.0125342 0.00254917 0.00010899 0.00375156 0.0928187 0.00250373 7.8549e-08 0.0259895 0.0200546 1.79921e-06 0.00146233 0.000279003 7.61521e-07 
0.0316955 2.38776e-06 0.00173159 0.0317782 0.785026 0.0029496 0.0583572 0.0122293 1.04965e-08 0.000587617 1.64464e-06 0.000896924 4.71941e-10 0.028184 0.020474 4.71629e-07 0.00140677 1.41377e-05 0.0090714 2.74496e-10 0.0155912 1.76422e-06 
0.171261 0.0518676 0.0027153 0.015097 0.623472 3.06371e-05 8.95675e-06 0.0602114 0.000690575 0.000197969 0.00216628 0.000149665 0.000576399 0.0281599 9.10263e-06 1.18825e-06 0.000497317 0.000332202 2.82818e-05 0.00235446 0.0390683 0.00110389 
0.0730773 0.0122415 0.00137848 0.10041 0.347526 1.09854e-05 0.000124642 0.0789847 0.0491187 0.00100799 0.00100359 0.000259371 0.000566873 0.0296248 0.096142 4.49346e-06 2.77452e-07 0.013041 0.00434864 0.0899454 0.10118 3.04585e-06 
0.0265847 0.00481338 0.000493065 0.00158939 0.54005 2.66757e-06 0.23761 0.000176707 0.00899713 0.000125497 3.61748e-07 0.000633127 1.76422e-06 0.163201 0.00244059 1.31918e-08 0.000215859 0.000166439 0.00276339 0.000299084 0.00983503 6.02762e-09 
0.100506 0.0366056 0.00406049 0.0323713 0.646167 3.51581e-05 2.53806e-06 0.0377923 0.00419984 0.00139564 0.000593771 0.00138485 0.0112941 0.03296 4.46496e-05 6.09043e-05 0.000884586 0.00972734 0.00220234 0.0577349 0.0199662 1.0344e-05 
0.130157 0.0228009 0.058369 0.0116036 0.42155 8.06e-05 0.0100249 0.0274192 0.00392699 0.00484017 0.00558238 0.0109002 0.00157542 0.0896444 0.0040078 1.68161e-06 0.00149479 0.000846481 0.00879692 0.0353241 0.148664 0.00239015 
0.130327 0.0349005 0.00604025 0.0234909 0.655465 0.000675783 0.000732359 0.0310219 0.000125159 0.008967 0.000194061 0.0248343 0.000432472 0.0222826 0.00624745 2.58156e-05 0.015629 0.0160792 0.00142724 0.00614547 0.0142538 0.000702705 
0.0794311 0.00590378 0.00432395 0.0129433 0.553103 0.000126946 0.00134532 0.0488054 0.00577814 0.000221142 0.00366385 0.000994149 0.00407488 0.0778641 0.0134655 1.33333e-05 0.0646419 0.0150674 0.0774759 0.0219521 0.00880513 1.70318e-07 
0.374569 0.0154385 0.0010292 0.0108203 0.401554 1.04581e-05 0.00442375 0.00632593 0.0183943 1.39321e-05 0.00628962 4.20717e-05 0.0317449 0.0471012 0.0622308 1.32524e-05 7.46462e-05 0.000140884 0.0166874 0.000596524 0.00247565 2.36882e-05 
0.0504464 0.0171126 0.0123403 0.0560539 0.439796 0.005815 0.000820184 0.118144 0.0115518 1.39538e-05 0.00142085 0.0663932 3.96407e-05 0.0484757 0.000421381 0.00581788 0.0005046 0.00808201 0.0116061 0.0856343 0.0593683 0.000141614 
0.113439 0.0375458 0.00436965 0.00163868 0.683671 0.000106419 0.00247915 0.0508589 0.00139499 9.03421e-05 7.6002e-08 0.00474155 5.96078e-05 0.0526214 0.0412123 0.00010572 0.0022887 0.000217191 0.00108987 3.66997e-05 0.00201884 1.46456e-05 
0.133986 0.17126 0.00802684 0.00406525 0.306039 0.000272925 0.00150413 0.0659444 0.034809 0.000223121 0.000162158 0.00540977 0.000342349 0.0315551 0.000181382 2.50662e-06 0.000101954 0.015599 0.003002 0.0876207 0.129033 0.00085871 
0.0821212 0.00441327 0.0197496 0.0280319 0.3852 2.62573e-05 0.00177845 0.00840032 0.00962357 0.00021263 0.00124332 0.284169 0.000571003 0.045808 0.000249058 1.56182e-05 0.000398979 0.00510075 3.28576e-05 0.00180466 0.121035 1.39145e-05 
0.0401199 0.0730905 5.65208e-07 9.55875e-07 0.863089 0.00010374 1.13569e-06 0.00301347 0.00335777 3.40343e-06 7.59917e-07 0.00623004 2.5289e-07 0.00607101 4.57837e-11 3.06064e-09 0.000184764 1.43677e-07 1.3603e-07 3.85348e-07 0.00460065 0.000130926 
0.0764485 0.0218909 0.00122733 0.0345845 0.542125 0.000376942 0.000356201 0.00204198 0.0371147 9.51457e-05 6.97506e-06 0.00191514 0.00179695 0.0899866 9.36554e-07 5.75259e-06 0.0273458 0.128102 0.000229954 0.00837032 0.0259785 2.8922e-07 
0.0315926 0.0333451 0.000155114 0.00178186 0.651865 8.72894e-05 0.00359185 0.0397232 0.0437603 0.000115553 0.00126888 4.0566e-05 0.000461882 0.0376889 0.0121786 1.24713e-05 0.0323131 0.0379664 0.000142152 0.00182604 0.0700823 3.43568e-07 
0.0147321 0.000280684 0.000536692 0.000104666 0.92505 0.000389961 0.0119672 9.00833e-06 7.04863e-06 0.000114353 2.12702e-07 0.000163377 5.46922e-05 0.023269 2.25405e-06 2.73245e-06 0.000305018 0.00145743 5.68796e-07 2.37884e-06 0.0214222 0.00012895 
0.0662849 0.0206838 0.00298063 0.00709809 0.213134 0.000914677 0.00835341 0.183621 0.0517613 0.00028626 0.000154068 0.0622715 0.0714937 0.0725852 9.67762e-08 2.25227e-05 0.00166252 0.00511243 0.000721093 0.00630546 0.181255 0.0432984 
0.00538362 0.0268978 0.00438894 3.35366e-06 0.504324 0.000288223 0.131078 0.0236569 2.99856e-05 2.77879e-05 0.0139547 8.08245e-05 0.00158083 0.0716089 9.5616e-05 0.00370163 0.196531 0.0156919 0.000598005 1.05005e-05 6.19617e-05 5.8674e-06 
0.0141622 0.216456 0.000603133 0.0104858 0.380977 7.87032e-06 0.00892189 0.0117671 0.0736353 3.84702e-05 0.000874578 4.08088e-06 0.000827318 0.0685797 0.0313131 1.32565e-06 3.74887e-05 0.0514363 0.0020068 0.000837097 0.124092 0.00293668 
0.0809826 0.0784019 0.0114703 0.0253703 0.366805 0.00177925 0.0754806 0.09543 0.00846128 0.00526217 1.10209e-05 0.00206937 0.000198051 0.0253517 0.0323298 0.000408981 0.00186145 0.000221013 0.00998766 0.0246841 0.0531289 0.100304 
0.151836 1.99724e-06 0.00571285 0.00578219 0.625227 0.000156823 0.0156163 0.0120064 4.37425e-07 0.000246707 4.38843e-07 0.00401956 0.111875 0.0555333 2.34441e-10 5.97038e-10 7.27457e-07 5.53712e-07 0.00184753 2.9019e-07 0.0101355 2.728e-10 
0.00602848 0.000681475 0.011354 4.67956e-05 0.974466 8.42202e-05 9.23283e-05 0.00122108 0.00156082 6.4689e-07 0.000102663 0.000186337 7.90128e-05 0.00113458 6.9997e-08 9.25201e-08 0.000224548 0.000100429 1.54854e-07 0.000873788 0.00175744 5.35673e-06 
0.120469 0.00400222 0.00939247 0.00503367 0.195544 0.00491143 0.133864 0.0374879 0.00610544 3.24887e-05 4.57353e-05 0.163799 0.00100167 0.163274 0.000971743 1.49953e-05 0.00031374 0.04843 2.49647e-06 5.56041e-07 0.0134919 0.0918114 
0.0568056 0.0959622 0.00521325 0.00564134 0.692183 3.65335e-05 3.37174e-06 0.0494474 0.0437633 0.000246397 0.00212108 0.0193806 0.000308812 0.00838435 1.45681e-06 4.79681e-07 0.000425955 3.02134e-06 2.27692e-06 0.00544867 0.0146166 4.42266e-06 
0.0194967 0.00143579 0.00820301 0.00579045 0.612553 0.000475439 0.136731 0.00626392 0.0022723 0.000134972 0.000905191 0.00270663 1.31667e-05 0.1556 0.000389515 0.000120106 0.000340584 0.00228409 0.00435776 4.12833e-05 0.0397534 0.000132163 
0.0030274 0.0182679 0.000362221 0.00421547 0.438574 0.00203656 0.00628267 0.186287 0.00119587 0.000880528 1.79436e-05 4.94499e-06 0.000280049 0.0044027 0.00101537 0.321843 0.00092458 7.18989e-07 0.0103799 1.13603e-07 1.03868e-06 7.25817e-09 
0.0297022 0.0998466 0.000312395 0.00533606 0.616778 0.00197019 0.00321588 0.0588165 0.00101893 2.51649e-05 0.000526484 0.00832229 1.26218e-05 0.0136558 0.0157623 6.26182e-05 0.000286644 0.000238304 0.0185082 3.38992e-08 0.00220105 0.123402 
0.0662849 0.0206838 0.00298063 0.00709809 0.213134 0.000914677 0.00835341 0.183621 0.0517613 0.00028626 0.000154068 0.0622715 0.0714937 0.0725852 9.67762e-08 2.25227e-05 0.00166252 0.00511243 0.000721093 0.00630546 0.181255 0.0432984 
0.165572 2.36521e-06 0.00946037 0.125842 0.253756 0.00851635 0.0477696 0.0449457 2.3654e-06 0.00519735 2.36332e-06 0.0517774 0.0361618 0.0584316 2.36403e-06 2.36129e-06 0.0120605 2.36531e-06 0.0352429 0.00496757 0.140282 2.36375e-06 
0.0177804 0.000868605 0.000366556 7.41162e-05 0.937632 0.000551165 0.0181042 2.49305e-05 0.00110181 0.000102976 3.20879e-06 0.000357881 7.16452e-05 0.0151503 2.6202e-05 6.64478e-05 0.000429164 0.00103879 6.61221e-06 2.7652e-05 0.00611676 9.82151e-05 
0.102834 0.00110316 0.00680314 0.0106247 0.717791 6.55232e-05 0.000620666 0.0275793 0.00202431 0.000267974 0.00302217 0.00132043 0.015767 0.0623084 3.08745e-07 2.26263e-08 0.00642184 6.21846e-05 0.00235385 0.00113276 0.0378918 4.90643e-06 
0.044317 0.0173271 0.000756904 0.0140289 0.491547 0.0026891 0.185149 0.0167993 0.00079211 0.00307691 0.00033074 0.0147437 0.000617069 0.0432494 1.02536e-06 8.56327e-06 0.000580079 0.0311122 0.0158851 2.78516e-07 0.116417 0.000571896 
0.000580813 0.000580797 0.000580621 0.000580842 0.987807 0.000580745 0.000580676 0.000580853 0.000580843 0.000579851 0.000580333 0.000580538 0.000580344 0.000580882 0.000580507 0.000579835 0.000580583 0.000580822 0.000580778 0.000580596 0.000580892 0.000580439 
0.0415963 0.00567662 0.000703052 0.0157 0.459518 0.0114151 0.112262 0.188341 0.0110398 1.74625e-05 8.65729e-05 0.0196379 0.00157686 0.101982 0.00202727 0.00354213 0.000233053 0.000655801 0.00905288 0.00213058 0.00159316 0.0112128 
0.0556355 0.00388025 0.0243976 5.67878e-05 0.615171 4.45363e-06 3.55674e-05 0.0283748 0.00202973 2.27687e-07 1.70173e-05 0.165183 0.00519326 0.0689046 9.54683e-05 3.69623e-06 0.00230573 5.39367e-06 9.86803e-06 0.0195289 0.00916213 5.53409e-06 
0.0479192 0.0218379 0.0131943 0.0759103 0.272622 0.00363677 0.00299826 0.128851 0.131936 5.59863e-05 0.00192768 0.00747228 0.00517915 0.0955702 0.00412492 3.73916e-06 0.00429545 0.00724736 0.0313535 0.0935958 0.0502624 5.36398e-06 
0.0153676 0.00233374 3.83683e-07 0.0186367 0.929783 0.000521481 0.00869379 0.00217263 8.42441e-11 9.00516e-10 5.02859e-10 0.00416255 6.62903e-07 0.00197694 3.5881e-10 5.50531e-07 0.00117075 1.01111e-10 7.77256e-07 3.73216e-06 0.0151747 4.17518e-10 
9.66748e-05 0.0398631 0.0011827 0.000461068 0.690466 2.35652e-06 0.000288402 0.168686 0.000712624 0.000231091 0.000409932 6.9052e-07 0.000231889 0.0322434 0.00317485 0.000488257 0.0152005 0.000206099 0.00201488 0.000108767 0.0439304 2.06858e-08 
0.00121677 0.00121674 0.00121637 0.00121683 0.731162 0.00121662 0.244512 0.00121685 0.00121683 0.00121475 0.00121576 0.00121619 0.00121578 0.00121691 0.00121613 0.00121472 0.00121629 0.00121679 0.00121669 0.00121631 0.00121693 0.00121598 
0.000417837 0.00572534 2.14021e-08 0.00138656 0.920143 0.0372858 0.00180343 0.0157589 6.42875e-09 0.0164925 1.59632e-07 2.49825e-07 4.08618e-11 5.42935e-06 2.95209e-11 7.51792e-11 1.24905e-05 6.6148e-09 0.000492458 2.37665e-11 5.03147e-06 0.000470715 
0.0260398 0.0464297 0.00225692 0.0163764 0.50152 0.00108328 9.03388e-05 0.0522105 0.0995758 0.000481078 0.0026545 0.000574983 0.144477 0.037446 3.55203e-05 5.47956e-05 0.000745604 0.0105029 4.9151e-05 0.00101667 0.0562709 0.000107878 
0.00361069 0.0010239 0.000224446 0.000227223 0.90307 0.00278978 0.00307262 0.0019912 0.000174193 0.000297636 0.00011584 0.0119196 0.00366647 0.0512821 0.000169692 1.05285e-10 0.000671912 0.0140673 0.000258707 0.000795408 0.00042513 0.000145637 
0.0312716 0.0546889 0.0310033 0.00246008 0.530695 0.000476586 0.00816712 0.0487835 0.0553339 3.44282e-05 0.00438614 0.00131075 0.00125739 0.0494967 0.00317702 3.98675e-06 0.0245528 0.00704066 0.0154669 0.0218635 0.108515 1.53312e-05 
0.00638093 0.0202438 0.000469455 0.149279 0.548755 0.000397931 0.00601481 0.000138202 0.066477 0.00018785 2.72578e-05 6.73043e-09 6.79256e-05 0.00021328 0.000367694 8.09189e-07 4.00217e-05 2.02961e-09 0.0205684 0.18037 8.79567e-10 8.38087e-09 
0.191325 0.105174 0.0239569 0.00905519 0.294357 0.00025494 0.00775318 0.0202554 0.00976935 0.000151507 0.00018052 0.0333319 0.00255763 0.192792 0.00410525 2.87272e-05 0.00289144 0.0190234 0.000970836 0.00029088 0.0816637 0.000111335 
0.127381 0.0229095 0.0226699 0.11153 0.391826 1.84929e-05 0.00763177 0.0657127 0.0138288 0.00017973 0.000433329 0.00138484 0.00211751 0.0897575 0.00063762 4.17092e-05 0.0110636 0.0213468 0.000945348 0.0865652 0.0220172 1.74394e-06 
0.0438831 0.0594234 0.024414 0.0374994 0.534293 4.26023e-06 0.00577873 0.0157039 0.0657764 0.00807945 0.00573676 0.00676933 0.00365812 0.113881 0.00763817 0.0027561 0.00030534 0.00200693 0.00128581 0.0181914 0.0424798 0.00043614 
2.86768e-06 0.000261978 2.15494e-06 0.000941536 0.985913 0.00214141 3.74937e-07 0.000222088 0.00980646 8.38684e-10 2.60425e-07 3.12274e-10 4.62551e-10 7.76219e-07 3.34173e-10 8.51019e-10 2.77809e-10 3.09862e-07 0.000706907 2.69034e-10 8.36793e-08 3.8885e-10 
0.00213946 0.0160387 0.000741702 9.52928e-06 0.978974 1.14237e-06 0.000262593 3.40275e-06 8.05359e-06 2.65447e-08 5.51763e-05 9.82604e-06 6.23864e-07 0.000940063 1.05767e-08 2.69351e-08 1.77177e-06 7.92256e-07 1.23937e-06 8.51503e-09 0.000809403 2.43339e-06 
0.0394307 0.0562844 0.000518944 0.0079418 0.508635 0.000742249 0.128494 0.0217378 0.00135348 0.000552402 0.00880813 0.00291629 3.01448e-06 0.183884 0.000157692 4.77626e-05 7.31159e-05 0.00374286 0.000152093 5.56865e-05 0.0341595 0.000309445 
0.0383294 0.0147045 0.0114372 0.0492929 0.659137 0.000657496 0.00245371 0.0322856 0.0118029 0.00253097 0.00577982 0.00609995 0.00452921 0.0467506 0.012699 9.22889e-05 0.0028932 0.00398895 0.00497224 0.0470553 0.0423216 0.000186458 
0.00744955 0.00039484 0.0075835 0.0136917 0.860924 1.59182e-06 1.34635e-05 0.000498345 0.00126771 0.0185147 5.18259e-05 2.2546e-07 4.75236e-05 0.0018364 0.00399765 0.00843571 2.00577e-07 1.68235e-06 0.046546 0.0235014 0.00524133 2.80748e-07 
0.220852 0.0219499 0.00150592 0.0005754 0.425905 0.000444086 0.0119197 0.0125006 0.0566775 0.000325354 0.000101857 0.00188461 1.68038e-08 0.10491 1.13814e-07 4.53993e-05 0.00166562 0.00987086 0.000527326 0.0642249 0.0641135 6.26488e-08 
0.113668 2.36071e-07 0.00995661 1.73592e-10 0.825839 3.91531e-07 4.57528e-10 0.000581919 4.00785e-07 1.85736e-09 2.06911e-07 1.13809e-06 1.02437e-09 0.0490874 7.40064e-10 1.88468e-09 1.50097e-06 2.08547e-10 2.83617e-10 5.95807e-10 0.000862968 8.61153e-10 
0.0482906 0.0202208 0.0023133 0.00786191 0.472314 0.000188008 0.00817976 0.0510784 0.0117096 1.79518e-07 0.00088221 0.00860681 7.60649e-08 0.348091 0.000943437 4.15461e-10 0.00109468 8.92205e-06 0.0119551 0.000392373 0.00585355 1.51843e-05 
0.2201 0.0134468 0.00293563 0.0332499 0.316127 3.36985e-05 1.67648e-06 0.0606503 0.00144081 0.000217318 0.00291728 0.00252048 0.0196182 0.193853 0.000726546 1.82216e-06 0.077827 0.00421265 0.00186238 0.0314235 0.0168189 1.52077e-05 
1.32451e-05 1.49629e-05 0.00900334 0.00494489 0.407483 2.44463e-06 0.00505937 0.00642973 0.000727303 1.82053e-05 0.00103719 1.08963e-06 0.390712 0.152023 0.00358203 2.9695e-06 1.96153e-05 3.28586e-07 4.99021e-06 0.0189189 1.42399e-07 1.35683e-06 
0.0110131 0.00867842 0.000955664 0.000635291 0.94005 1.1145e-05 3.70642e-07 0.0261143 0.00548171 8.5636e-07 0.000364459 0.000939388 0.000217569 0.00298588 7.08835e-07 4.77682e-09 4.21152e-06 6.23035e-05 2.36514e-07 0.000950246 0.00153379 2.18264e-09 
0.0824093 0.0560579 0.00364289 0.0340116 0.272727 0.00142422 0.0766379 0.217645 0.0499995 0.00294982 0.000785094 0.00573119 0.00649318 0.132696 0.00355041 0.000969035 0.00571036 0.00752562 0.00794447 0.00976752 0.0211827 0.000140442 
0.000417837 0.00572534 2.14021e-08 0.00138656 0.920143 0.0372858 0.00180343 0.0157589 6.42875e-09 0.0164925 1.59632e-07 2.49825e-07 4.08618e-11 5.42935e-06 2.95209e-11 7.51792e-11 1.24905e-05 6.6148e-09 0.000492458 2.37665e-11 5.03147e-06 0.000470715 
0.0613186 0.058378 0.0468794 0.0010152 0.522092 0.000556325 0.021788 0.00479098 0.00331813 4.01098e-05 0.000534568 0.000323624 9.95389e-05 0.052621 0.0124968 4.35532e-06 0.00208504 0.000567646 0.002922 0.000257931 0.00782501 0.200086 
0.0153676 0.00233374 3.83683e-07 0.0186367 0.929783 0.000521481 0.00869379 0.00217263 8.42441e-11 9.00516e-10 5.02859e-10 0.00416255 6.62903e-07 0.00197694 3.5881e-10 5.50531e-07 0.00117075 1.01111e-10 7.77256e-07 3.73216e-06 0.0151747 4.17518e-10 
0.164898 0.0439559 5.70454e-07 3.58133e-06 0.59898 0.00155894 0.0374354 0.141652 3.48707e-11 0.000342777 7.28718e-07 0.00381118 1.33645e-06 0.00734796 2.9719e-07 2.3454e-06 1.2347e-10 1.13043e-07 2.42476e-06 1.1957e-10 5.33967e-06 3.97659e-07 
0.0198472 0.0246135 0.00165233 0.0270312 0.68626 1.10791e-05 1.05997e-08 0.0207041 0.00181773 5.7961e-06 0.0206023 1.091e-07 0.000162895 0.034621 0.000315732 3.64647e-08 0.00086013 0.0146042 0.00263467 0.0727109 0.0715451 2.09325e-10 
0.0623044 0.0056216 0.0114006 0.0013083 0.430855 0.000528679 0.00202591 0.0647895 0.00566023 0.000566374 0.000251426 0.0065226 0.000131911 0.0377579 0.000792386 3.34609e-09 0.312549 0.00454665 0.00513993 1.57292e-06 0.0472455 4.78103e-07 
0.0707093 0.254592 0.00566473 0.0255951 0.279629 0.000494847 0.00476038 0.0532004 0.00150867 0.00306975 0.00936902 0.0017024 0.000108799 0.0964597 0.0759359 7.57083e-05 0.000483032 0.00358005 0.0433416 0.000747446 0.0338627 0.0351094 
4.89314e-06 5.52773e-06 0.000192383 3.8077e-06 0.999355 7.44343e-06 1.00358e-05 3.40601e-06 3.81134e-06 4.07408e-05 2.27501e-05 1.51694e-05 2.24694e-05 0.000139824 1.62331e-05 4.134e-05 1.34952e-05 4.57442e-06 6.22108e-06 1.30689e-05 5.92576e-05 1.88892e-05 
0.000417837 0.00572534 2.14021e-08 0.00138656 0.920143 0.0372858 0.00180343 0.0157589 6.42875e-09 0.0164925 1.59632e-07 2.49825e-07 4.08618e-11 5.42935e-06 2.95209e-11 7.51792e-11 1.24905e-05 6.6148e-09 0.000492458 2.37665e-11 5.03147e-06 0.000470715 
0.123774 2.11283e-06 0.00365412 0.0101865 0.533706 0.00074322 0.000916763 0.00546239 0.00721377 1.33249e-06 0.000841715 0.304128 5.07477e-06 0.00719138 9.11722e-07 5.07257e-10 1.65591e-10 9.33111e-05 7.63349e-11 0.00207484 2.64811e-06 1.86119e-06 
0.0251119 0.0139156 0.00372214 0.00235467 0.602348 0.000401804 0.000812954 0.0150195 0.000167539 0.0245279 0.0177969 0.032008 8.08665e-07 0.0542924 0.0893329 0.00202729 0.012698 0.000180017 0.00633072 0.0607769 0.036174 2.10592e-07 
0.00430852 7.30832e-06 0.0967047 6.36113e-06 0.718512 1.28461e-07 8.10992e-10 0.0062233 0.0597487 3.29227e-09 1.83844e-09 0.00173069 0.00879895 0.0151869 0.0326629 1.11877e-05 0.0051443 0.03894 0.0120078 5.3327e-06 1.15524e-06 1.52644e-09 
0.0477198 0.00634686 0.000764059 0.000794482 0.652367 0.000221109 0.000405932 0.0165179 0.0270923 0.000314467 3.76116e-05 0.0015416 0.000111228 0.16436 4.67544e-08 3.40821e-07 0.00476723 0.0241203 7.26166e-05 0.00152458 0.0509204 7.64086e-08 
0.0254661 0.0820426 0.00623837 0.0486477 0.650013 4.87103e-05 2.3186e-08 0.00239398 0.0246241 7.33612e-06 0.00790269 7.49475e-05 0.000583225 0.0117944 0.000396668 9.55093e-08 0.0150824 0.00640614 0.0665936 0.00152132 0.0501626 4.36403e-08 
1.64385e-07 2.72198e-06 4.69578e-06 8.52231e-11 0.83936 1.66597e-10 4.20058e-06 7.84441e-06 8.53045e-11 7.11335e-06 5.09188e-10 3.39517e-10 5.02903e-10 0.16044 1.01768e-06 7.77312e-06 0.000160779 1.10584e-06 2.24188e-06 2.92504e-10 4.43698e-11 2.96363e-07 
0.0415552 0.011082 3.31162e-05 0.00431503 0.915073 0.00242947 5.71935e-06 0.0156011 3.40766e-08 1.89888e-09 2.20029e-06 0.00165492 0.000358149 0.00404937 2.17329e-07 1.92681e-09 6.69082e-07 7.36611e-07 1.30165e-06 9.82055e-07 0.00383572 9.36026e-07 
0.144755 0.0411126 0.00754306 0.0433638 0.545669 0.000815864 0.0045349 0.0630248 0.00250581 0.00165432 0.000302334 0.01823 0.00125847 0.0656 0.00629022 0.000267629 0.00141416 0.00165153 0.000608887 0.019059 0.0303342 4.32233e-06 
0.0030274 0.0182679 0.000362221 0.00421547 0.438574 0.00203656 0.00628267 0.186287 0.00119587 0.000880528 1.79436e-05 4.94499e-06 0.000280049 0.0044027 0.00101537 0.321843 0.00092458 7.18989e-07 0.0103799 1.13603e-07 1.03868e-06 7.25817e-09 
0.269532 0.00850227 0.00776885 0.0149008 0.543417 0.000102924 0.0128178 0.0275095 0.00696937 0.0119157 0.0012257 0.000980344 0.00333033 0.050866 0.000480315 3.85439e-05 0.00227266 0.000681928 8.05964e-05 0.00318902 0.0334163 1.03415e-06 
2.86768e-06 0.000261978 2.15494e-06 0.000941536 0.985913 0.00214141 3.74937e-07 0.000222088 0.00980646 8.38684e-10 2.60425e-07 3.12274e-10 4.62551e-10 7.76219e-07 3.34173e-10 8.51019e-10 2.77809e-10 3.09862e-07 0.000706907 2.69034e-10 8.36793e-08 3.8885e-10 
0.0421121 0.00537946 0.00123131 0.00191563 0.60079 0.000190568 0.105507 0.0117116 0.00401835 0.000107647 0.00559051 0.0242444 0.000521246 0.0926336 0.0394492 1.40601e-05 0.0041387 0.0226731 0.000997613 0.02751 0.00926111 3.53504e-06 
0.00324209 0.0105107 3.81917e-08 1.21306e-08 0.977253 0.00300796 0.000200229 0.000300209 1.49835e-05 1.29792e-07 7.24775e-08 3.22662e-06 2.05303e-05 0.00174591 1.87583e-05 1.31701e-07 1.08018e-06 7.87595e-06 3.58357e-06 0.000112874 6.31557e-09 0.00355685 
0.0259034 0.0107452 0.0512268 0.00884992 0.477198 0.000398022 0.0245127 0.0284237 0.0128071 0.000288967 0.000188832 0.00664226 5.50976e-05 0.179849 0.000631169 5.40668e-05 0.00033099 0.0116986 0.00205643 0.0276759 0.129631 0.000833203 
2.86768e-06 0.000261978 2.15494e-06 0.000941536 0.985913 0.00214141 3.74937e-07 0.000222088 0.00980646 8.38684e-10 2.60425e-07 3.12274e-10 4.62551e-10 7.76219e-07 3.34173e-10 8.51019e-10 2.77809e-10 3.09862e-07 0.000706907 2.69034e-10 8.36793e-08 3.8885e-10 
0.16131 0.0228904 0.0212696 0.0562967 0.464084 1.01085e-05 0.00405156 0.0277188 0.00252972 2.22278e-07 0.00112809 0.00838696 0.000205667 0.109593 0.0001568 0.00010325 2.21842e-05 0.000553507 0.000380692 0.0948168 0.0233857 0.0011057 
0.0668026 0.0253441 0.00249712 0.00694456 0.45392 0.000423501 0.0400523 0.0423379 0.00692177 0.00140722 0.000264969 0.0169161 0.00576006 0.240967 0.00188627 0.000216763 0.000285457 0.0422415 0.00206688 0.000149014 0.0423987 0.000196876 
0.148452 0.00567536 0.0234552 0.112049 0.370618 0.000610532 0.001097 0.0701826 0.00392029 1.91814e-10 0.01345 4.349e-07 0.000325751 0.112586 0.00167752 8.1647e-05 0.000800188 0.00382963 0.00621478 0.0273835 0.0895542 0.00803664 
0.0820144 0.0024595 0.00762106 0.00588357 0.742303 0.000290508 0.015839 3.48392e-07 0.00774272 0.000130062 3.18585e-07 0.00105311 5.4407e-05 0.0935944 0.000714927 2.13446e-05 0.000318953 0.0015395 0.00101067 0.000822887 0.035991 0.000594363 
0.185093 0.000387837 0.000777017 0.000736764 0.388848 1.71712e-10 0.000117631 0.000611829 4.39643e-06 2.66645e-06 0.000211206 0.00118593 5.18344e-10 0.380469 0.0305485 2.75345e-07 0.00323082 1.39212e-05 0.00214559 3.01485e-10 0.00561536 4.35753e-10 
0.141364 0.000200272 0.00167578 0.00158381 0.700586 5.64926e-05 2.45901e-05 0.013222 3.55824e-06 9.58897e-07 9.99114e-06 0.00546809 1.6793e-07 0.110499 1.13774e-06 1.37904e-06 0.00104809 7.40959e-06 2.87085e-07 1.20077e-06 0.0242448 6.26245e-07 
0.0251119 0.0139156 0.00372214 0.00235467 0.602348 0.000401804 0.000812954 0.0150195 0.000167539 0.0245279 0.0177969 0.032008 8.08665e-07 0.0542924 0.0893329 0.00202729 0.012698 0.000180017 0.00633072 0.0607769 0.036174 2.10592e-07 
0.216076 0.0612556 2.36689e-06 0.00931252 0.505616 6.65083e-10 8.96713e-10 0.0848923 1.42604e-05 3.64026e-09 2.57716e-05 0.0114622 2.00767e-09 7.77082e-07 2.7223e-06 3.6938e-09 1.20582e-09 4.08732e-10 0.00947286 1.89e-06 0.099771 0.00209358 
0.00144235 0.000373821 2.78861e-08 1.66792e-08 0.844241 0.000713081 0.00128791 0.00239166 2.79613e-08 8.80407e-05 2.74843e-11 0.00420832 0.000554896 0.0765902 1.96111e-11 4.99426e-11 0.000125546 0.0678028 2.7342e-05 0.000119131 3.37443e-05 6.76771e-08 
0.00361069 0.0010239 0.000224446 0.000227223 0.90307 0.00278978 0.00307262 0.0019912 0.000174193 0.000297636 0.00011584 0.0119196 0.00366647 0.0512821 0.000169692 1.05285e-10 0.000671912 0.0140673 0.000258707 0.000795408 0.00042513 0.000145637 
0.0172238 0.125156 0.00258477 0.00843378 0.746226 0.000111006 0.000629325 0.0144812 0.00203244 6.57327e-08 0.00101391 0.00132686 0.00228565 0.0364793 0.00617878 1.1956e-05 0.00275783 7.14495e-05 0.00106578 0.000217731 0.0317116 3.6236e-07 
0.0030274 0.0182679 0.000362221 0.00421547 0.438574 0.00203656 0.00628267 0.186287 0.00119587 0.000880528 1.79436e-05 4.94499e-06 0.000280049 0.0044027 0.00101537 0.321843 0.00092458 7.18989e-07 0.0103799 1.13603e-07 1.03868e-06 7.25817e-09 
