0.00990769 0.00896929 0.0255439 0.0185694 0.00352449 2.73812e-06 0.00117983 0.0241874 0.0409073 9.36879e-05 0.00324246 0.00789638 0.00122192 0.691952 0.000417351 3.40277e-05 0.0162322 0.0310252 0.014418 0.00558244 0.0389652 0.0561267 
0.0253235 0.00741456 0.00582875 0.0214234 0.00309882 9.64334e-05 0.0120087 0.0058962 0.023459 0.000983633 0.000928045 0.00193879 0.00325767 0.566277 0.0198023 0.000192538 0.170421 0.0746657 0.00623037 0.00370389 0.0463211 0.000728586 
0.585749 0.00209697 0.0106928 0.00689468 0.00850107 1.73657e-05 0.00199629 0.0271087 0.00811643 0.00113069 0.00139055 0.00756393 0.198502 0.0896113 0.00282859 4.28898e-05 0.000272222 0.0207632 0.00858753 0.000158446 0.0179521 2.35506e-05 
0.0266289 0.020332 0.00142334 0.00840301 0.0219654 2.11565e-08 0.0031767 0.00571639 0.0144404 0.000346129 0.00050428 0.00497387 3.32165e-06 0.122252 0.000206655 9.66359e-05 0.67308 0.0801131 0.002559 0.000306773 0.0134705 2.27027e-06 
0.0960233 0.0241341 0.0156131 0.215042 0.0170442 4.46862e-05 0.00673346 0.241248 0.0780441 0.00114013 0.00401911 0.00105301 0.00589757 0.0701839 0.0051607 0.00541275 0.00370287 0.036544 0.0182672 0.0252764 0.129365 5.12939e-05 
0.063635 0.0487848 0.0119482 0.011652 0.0150485 0.000163592 0.152958 0.148554 0.0499389 0.00140069 0.00128694 0.00921739 0.000824447 0.150976 0.0687463 0.000610273 0.00209854 0.190624 0.0110722 0.0104124 0.0473951 0.00265326 
0.137059 0.010913 0.190034 0.047501 0.00800337 3.0319e-05 0.00225549 0.0127895 0.0189874 0.000865521 0.0163828 0.000823954 0.00152723 0.385915 0.0248485 0.000564309 0.0267194 0.0157324 0.0106656 0.0182945 0.0689786 0.0011093 
0.086457 0.00578787 0.0170318 0.306351 0.00747026 2.35028e-05 0.00142107 0.0181835 0.131684 0.00231034 0.0227446 0.000398197 4.95514e-05 0.104186 0.0183124 0.000157122 0.0270514 0.00340042 0.00253208 0.00306112 0.241362 2.42779e-05 
0.086457 0.00578787 0.0170318 0.306351 0.00747026 2.35028e-05 0.00142107 0.0181835 0.131684 0.00231034 0.0227446 0.000398197 4.95514e-05 0.104186 0.0183124 0.000157122 0.0270514 0.00340042 0.00253208 0.00306112 0.241362 2.42779e-05 
0.0337277 0.27928 0.0309447 0.0151125 0.0135202 1.65755e-06 0.000540112 0.0190195 0.0265114 0.00684106 0.00068255 0.301735 5.25177e-05 0.0578547 0.00518952 5.6191e-06 0.0301155 0.0166796 0.0816079 0.00171001 0.0567585 0.0221103 
0.0179529 0.00292105 0.0108337 0.0181113 0.00176117 6.84907e-08 0.00462866 0.0101491 0.0311286 5.08779e-05 0.000483945 1.47817e-05 0.00105307 0.335347 0.0558008 0.00426637 0.00536085 0.0901438 0.0119503 0.0130478 0.384978 1.57584e-05 
0.358097 0.0216066 0.00629877 0.0258377 0.344585 9.37709e-07 0.0038946 0.00757727 0.00323159 0.028248 0.00371439 3.30873e-05 0.0015983 0.0928261 0.0301215 1.65176e-05 0.000115594 0.00185118 0.00176336 0.0494731 0.0189101 0.000199876 
0.284225 0.00283666 0.0233008 0.316699 0.0124103 3.63725e-05 0.000333008 0.00749176 0.105929 7.56639e-05 0.000191736 0.00273992 0.00227228 0.101237 0.00388385 6.25001e-05 0.0127716 0.0010509 0.00134804 0.00751437 0.0942905 0.0192991 
0.517602 0.0195116 0.00525077 0.101528 0.00514387 2.94235e-06 0.0033616 0.00894441 0.0091359 0.000113456 0.00375931 0.000283422 0.000425428 0.0786458 0.000606643 7.41303e-05 0.00336938 0.000589886 0.0154611 0.00315198 0.221609 0.0014295 
0.019629 0.00321083 0.00028396 0.0124693 0.00154313 6.89076e-07 0.00290044 0.00451331 0.0336218 0.000261811 0.00030213 0.00200731 0.000873151 0.371944 0.000875813 0.000371643 0.470092 0.0428598 0.000753671 0.00599634 0.0253905 9.86404e-05 
0.143425 2.58123e-06 0.179873 0.109747 4.37256e-10 3.92418e-10 5.29086e-10 0.00412699 0.101332 0.000131445 1.19939e-09 1.5944e-06 1.18458e-09 0.257543 0.0655584 2.17945e-09 7.11465e-10 0.000744999 1.23948e-06 0.0315899 0.105924 9.95838e-10 
0.0466948 0.424888 0.00457895 0.0181927 0.0107319 3.32236e-06 0.00229237 0.0205096 0.0157652 0.000620276 0.000841749 0.00548156 0.000340552 0.0166354 0.0212111 1.24241e-05 0.00411022 0.00171894 0.0502431 7.49107e-05 0.354577 0.000476401 
0.016006 0.00403399 0.0119785 0.745633 0.0325883 5.90781e-06 0.00116947 0.0381676 0.00191178 3.39699e-05 9.17916e-05 0.000151644 0.000107784 0.00200736 0.067978 0.000678463 0.020831 5.89811e-05 0.000389616 0.00621069 0.0166386 0.0333273 
0.0525043 0.123076 0.00126953 0.0330387 6.58379e-05 6.79778e-07 1.44645e-05 0.00498594 0.0192482 5.92783e-05 0.336108 0.00022016 5.6183e-05 0.0556756 0.0168068 1.87359e-06 0.00162231 0.0140763 0.295699 7.75097e-05 0.0453876 5.80936e-06 
0.00207241 0.0620655 0.002665 0.0570644 0.0012565 6.39486e-13 1.03551e-09 1.07773e-07 1.18207e-07 3.50016e-12 0.0161104 1.30324e-12 0.000357392 0.0320206 0.000321487 3.55163e-12 8.16233e-08 0.739562 1.40347e-06 0.00390229 0.0826002 1.62282e-12 
0.0529063 0.186985 0.000186416 0.00234346 0.0227861 2.97581e-07 3.16974e-05 8.96455e-06 0.00219574 1.84326e-06 0.000222882 3.50812e-06 0.00144681 0.0275493 0.0556181 1.38672e-06 0.00132172 6.34011e-06 0.63314 0.0109173 0.0020375 0.00028935 
0.460961 0.0335747 0.0282306 0.120886 0.0107338 3.75328e-06 7.21726e-05 0.00806111 0.0605383 0.0658697 0.0698816 0.000209969 0.00598955 0.0236008 0.0282677 0.000123063 0.00124145 1.0972e-05 0.0407926 0.000425156 0.0405063 1.95344e-05 
0.0951648 0.0268209 0.0084988 0.102554 0.0320459 2.45935e-05 0.00262506 0.105657 0.029038 6.09995e-05 0.00514455 0.00336097 0.000363355 0.0263741 0.00295094 6.59165e-05 0.00944984 0.000599375 0.00602348 0.0518354 0.490895 0.00044715 
0.011171 0.134483 0.00730167 0.000665472 0.00138306 3.46208e-10 3.07084e-07 0.0108541 0.252986 1.79768e-05 2.11774e-07 1.98435e-05 1.04509e-09 0.507114 0.0175025 5.63449e-07 0.0260658 0.00216261 0.00263131 0.000761926 0.0248776 8.7857e-10 
0.0307251 0.0176427 0.00924409 0.0257017 0.0199603 0.000598029 0.0110585 0.0260486 0.0225857 0.00319915 0.00140607 0.00414525 0.00367745 0.275794 0.00583328 0.0120747 0.0610487 0.397467 0.012354 0.00327649 0.0546593 0.0015004 
0.272825 0.115362 0.0116644 0.0496372 0.0292024 5.60705e-05 0.00580369 0.0445334 0.0658885 0.000983353 0.0102858 0.00132672 0.000388132 0.0692851 0.00496808 0.000107921 0.001845 0.0153975 0.0459952 0.0070375 0.247212 0.000194907 
0.00602133 0.00229982 7.12268e-05 0.00219372 0.351928 8.30967e-08 0.000163901 0.24712 0.0040407 2.02499e-07 4.89064e-05 0.000219293 5.81117e-07 0.000670551 1.75307e-05 2.42792e-06 0.242171 3.96489e-05 3.23845e-05 1.9638e-05 0.14294 3.94173e-07 
0.0518918 0.0591206 0.00420208 0.266481 0.0306649 4.43295e-05 0.00752053 0.214675 0.0127458 0.000553068 0.000810571 0.00504364 0.00369301 0.0313408 0.0141552 9.382e-05 0.00686898 0.0163651 0.0155853 0.0683659 0.171533 0.0182454 
0.00493564 0.00457704 0.000750728 0.00612122 0.79411 5.45256e-06 0.00188334 0.0110408 0.00690216 0.00124394 0.000617757 0.000207495 0.000768186 0.000984469 8.21383e-05 2.59622e-05 0.00334462 0.00829829 0.00225625 0.00203566 0.149605 0.000204067 
0.0284883 0.00424336 0.053755 0.223445 0.00319915 2.53179e-07 0.000415689 0.0796548 0.238653 0.000511066 2.03195e-05 0.00169992 0.000152871 0.104857 0.00179095 0.000137559 0.00625737 0.00359771 0.0026693 0.000613111 0.245837 1.7172e-06 
0.0907925 0.00332409 0.061002 0.0161466 0.057883 5.58709e-06 0.00493467 0.0269266 0.362926 6.49372e-05 0.000187275 0.000757796 0.00277076 0.12626 0.00381567 0.00373012 0.0284123 0.00289723 0.00343393 0.025049 0.178478 0.000202583 
0.46958 0.000422935 0.00805748 0.0105872 0.0236238 4.52159e-07 0.0112351 0.0380837 0.00815873 1.96454e-06 0.00101021 0.00397434 0.00155251 0.337617 0.021697 1.47974e-05 0.000216348 0.00433373 0.0432296 3.61242e-05 0.0165397 2.74013e-05 
0.00441117 2.75387e-07 0.0478397 0.413591 0.00075459 1.18192e-09 0.000637901 0.000455782 0.391701 6.46911e-09 3.61242e-09 2.40869e-09 6.77175e-06 0.0580625 0.0166785 4.01492e-07 0.00245345 7.57917e-05 0.000424106 0.00480466 0.0581022 2.99935e-09 
0.0292835 0.0152877 0.696006 0.0334065 0.0171578 7.09135e-05 0.000128989 0.00578411 0.0102477 0.000468054 0.00183964 0.00527511 0.000417178 0.103824 0.0148946 0.000935887 0.0026194 0.0128951 0.00386369 0.00348986 0.039783 0.00232079 
0.243282 0.00897424 0.00367697 0.0568021 0.214925 0.00054662 0.135805 0.0429717 0.00294417 0.000586323 0.00935597 0.00382211 0.00133627 0.141511 0.0133053 0.000614501 0.000968709 0.0141115 0.00897894 0.00154941 0.0883262 0.00560568 
0.161161 0.010663 1.13239e-06 0.100036 3.24896e-06 3.68946e-10 4.97439e-10 0.0385356 0.137653 0.029904 4.67383e-06 7.51893e-10 1.11373e-09 0.136857 8.04621e-10 4.15675e-06 6.68909e-10 6.68928e-07 0.0609713 0.0015928 0.322613 9.36272e-10 
0.00941112 0.00729225 0.000230702 0.0353651 0.0058933 4.77569e-07 2.81951e-05 0.147245 0.00146144 1.75042e-06 2.56207e-05 0.000296699 0.000245892 0.00418556 0.191578 0.56408 0.000914916 7.36864e-07 0.0159608 0.00607445 0.0096891 1.86001e-05 
0.119275 5.1507e-06 0.00619861 0.0637876 2.19041e-06 9.32312e-10 4.05293e-06 3.52629e-06 0.713225 6.54213e-06 2.84952e-09 0.0315428 7.00612e-07 0.000669513 2.9428e-06 5.17796e-09 0.000172671 1.18442e-06 0.00267267 1.72507e-05 0.0624133 2.36592e-09 
0.61955 2.48439e-06 0.00164023 5.74694e-06 7.83984e-07 7.74485e-09 4.8936e-05 1.08896e-05 0.0171073 5.17596e-05 2.36714e-08 1.57836e-08 2.33792e-08 0.164787 0.0897831 0.000327327 1.40416e-08 0.0869154 0.0179345 7.60813e-06 0.00182625 1.96541e-08 
0.566962 0.0240606 0.0245501 0.0476164 0.0255976 2.86191e-07 0.00160884 0.0183163 0.0398398 0.00105235 0.000389094 0.00154086 0.00115564 0.144114 0.0262967 0.000141076 0.00149986 0.00168839 0.0491358 0.000327264 0.0241056 1.33851e-06 
0.264086 0.00126708 0.185938 0.0858439 0.0495794 9.80414e-08 0.000768179 0.00854608 0.129739 7.57362e-05 0.000276839 0.0665364 0.000200164 0.0906561 0.025599 1.01745e-06 0.0502577 0.00044342 0.00014375 0.0103836 0.029652 7.18937e-06 
0.213717 0.554399 4.62321e-07 0.0365447 8.63307e-07 2.3336e-11 2.97646e-06 0.0515045 5.40106e-07 6.51535e-07 4.92211e-07 0.000655246 7.0444e-11 0.0105354 1.67997e-07 1.42696e-07 5.1621e-07 0.000880703 2.32115e-07 7.78889e-06 0.131748 5.92197e-11 
0.150594 0.0326846 0.00915199 0.0136664 0.0779471 2.21095e-08 0.0114302 0.0494863 0.0631393 0.000134527 0.00426405 0.000287061 2.48443e-07 0.452644 0.00406786 1.13902e-07 0.00576053 0.0633611 0.039259 0.000267593 0.0215135 0.000340289 
0.0384179 0.0291569 0.000136443 0.0410112 0.0362965 4.57448e-05 0.00324339 0.652134 0.00511601 0.000773069 0.00328384 0.00905535 0.00191579 0.0160656 0.0021522 0.000320938 0.000373858 0.0260947 0.000314232 0.0188877 0.115119 8.5269e-05 
0.0219625 0.0119152 0.00100215 0.00510859 0.0135286 1.46641e-08 0.00186376 0.00480301 0.0107362 0.000244825 0.000294186 0.00437298 6.40407e-06 0.110714 0.00015887 5.63795e-05 0.66102 0.142425 0.00170066 0.00022755 0.00785782 1.77366e-06 
0.129917 0.095926 0.000632682 0.0558253 0.41762 0.00014906 0.0068357 0.0403616 0.0714018 0.000443757 0.000335251 0.000647192 0.00115675 0.0279484 0.00279181 0.000553368 0.000250366 0.0993789 0.00367037 0.00221701 0.0390683 0.00286904 
0.031943 0.0036183 0.00450363 0.0150007 0.0881303 6.69385e-06 0.00130955 0.0128676 0.0231021 0.00544925 0.000496671 0.000814811 0.000503292 0.557316 0.00266402 0.00566244 0.00144029 0.197858 0.00537591 0.0143051 0.0276027 2.95201e-05 
0.0211496 0.041919 0.02188 0.0729985 0.00399279 1.52602e-06 9.78689e-05 0.0141036 0.0664862 0.379525 0.00130033 0.000438941 0.000474899 0.248689 0.00278256 0.0123736 0.000458142 0.0289478 0.0108845 0.0446779 0.026347 0.000470551 
0.144521 0.0344497 0.00734018 0.163296 0.0161575 1.63874e-07 0.00589892 0.120863 1.63902e-07 0.00106371 0.00550244 0.000852005 0.00445447 0.140834 0.138631 0.00227445 0.00622564 0.00747383 0.013537 0.0188899 0.167472 0.000262223 
0.0339933 0.0247749 0.00171019 0.0143669 0.00238322 4.48667e-08 0.00192371 0.00541561 0.359274 5.23957e-05 0.000885212 0.000674031 0.00061814 0.0906746 0.12866 0.000311739 0.0214224 0.0144113 0.0131769 9.11422e-07 0.284156 0.00111408 
0.00530884 2.39145e-08 0.00116495 0.00123682 7.27868e-09 1.47766e-12 4.85212e-10 8.87755e-05 0.00505859 6.9255e-05 3.06236e-08 0.0063647 7.54256e-05 0.0673688 7.55892e-09 1.5416e-08 0.817071 0.0915599 0.00395582 9.70201e-06 0.000667257 3.74986e-12 
0.115586 0.153243 0.0167493 0.0645433 0.0336479 1.40919e-05 7.24962e-05 0.0822156 0.0471355 2.85873e-05 0.000281273 0.00280461 0.000323364 0.233351 0.0122013 3.4976e-05 0.0255803 0.0131438 0.00378601 5.16932e-05 0.195162 4.45027e-05 
0.097594 0.00399516 0.099292 0.0546203 0.0545326 7.78626e-06 6.8425e-05 0.0388818 0.123335 0.00777628 0.000251201 0.0405711 0.00672676 0.395021 0.000793446 0.000113248 0.00714182 0.00467086 0.023621 0.0165388 0.0241417 0.00030567 
0.250252 0.084373 0.0421496 0.047879 0.328072 3.14887e-10 0.000373917 0.0184144 6.23241e-07 4.1973e-07 0.00675562 1.25153e-07 9.65667e-07 0.103031 0.0788591 9.08786e-07 0.000823246 3.29455e-07 8.11385e-07 0.0223797 0.0166327 4.85049e-08 
0.0133927 0.000329343 0.00728726 0.674884 4.11548e-05 1.95265e-11 0.00436714 0.0078877 0.0377243 0.000147017 0.00319985 0.00168384 9.86695e-05 0.0179978 0.0182522 2.23823e-05 5.09957e-05 0.0148659 0.0124552 0.0432609 0.142052 2.34119e-10 
0.152347 0.0166171 0.00342948 0.0339423 0.0636396 4.50775e-08 0.00832652 0.0539105 0.105504 0.000108498 0.000758742 0.00846763 0.000121186 0.209153 0.116037 2.02035e-06 0.00301666 0.000227494 0.02044 0.000288327 0.203663 6.68646e-08 
0.0356042 0.0307026 0.00107177 0.0112398 0.00636316 8.89976e-07 0.000836171 0.0207749 0.392941 5.49751e-06 0.000184006 0.000104402 3.36976e-06 0.0296844 0.0603315 7.3041e-06 0.00500116 0.00239674 0.000662876 1.98238e-05 0.402024 4.00161e-05 
0.105616 0.0027174 0.0442415 0.00223875 0.00412001 1.72869e-06 0.000189461 0.00031512 0.0568873 0.00379331 6.30296e-06 0.000205628 0.000147565 0.723898 0.00729442 9.43096e-05 0.0150255 0.0120439 0.0131933 0.000143533 0.0078231 4.02058e-06 
0.000726384 0.0581036 0.00649128 0.201814 0.471602 3.1441e-07 4.2391e-07 0.000175917 2.9474e-05 0.000104102 0.000800089 1.73075e-05 1.8163e-05 0.158836 6.63079e-05 1.7462e-06 0.00232618 0.0115981 0.0805376 0.00370932 0.00304004 7.97878e-07 
0.0610106 0.000892632 7.62885e-05 0.141879 1.9223e-06 1.34683e-10 0.0238019 0.023506 0.0203245 0.00174378 5.82197e-07 0.576405 5.75012e-07 2.13317e-07 2.93726e-10 7.48017e-10 2.44185e-10 1.00684e-08 0.0519793 2.36472e-10 0.0983771 3.41786e-10 
0.391741 0.00359945 0.0126858 0.00227108 0.0137488 3.25837e-07 0.000408779 0.00443074 5.53347e-05 0.00949198 0.00037192 2.16278e-06 7.66673e-05 0.308626 5.02645e-06 4.90292e-05 0.020896 0.0560769 0.00485988 0.0177271 0.152869 7.0046e-06 
0.0199082 0.0095322 0.000979159 0.0042321 0.0108229 1.24508e-08 0.00149102 0.00384242 0.00949663 0.000462487 0.000235355 0.014541 8.8746e-06 0.10446 0.0001271 4.51062e-05 0.662016 0.149447 0.00167962 0.000182043 0.00648951 1.41937e-06 
0.0161744 0.042516 0.0103567 0.0584425 0.000758052 3.10909e-06 8.44571e-05 0.72107 0.00836875 1.83575e-05 0.000934811 0.00898623 3.46158e-05 0.00133804 0.00254882 3.96022e-06 3.97643e-05 7.41292e-05 0.00613512 0.0281586 0.0937288 0.000225248 
0.0397062 0.0029378 0.00662106 0.659467 0.00219919 1.98626e-05 0.000905084 0.0434686 0.00275677 0.000927803 0.00011406 0.000172436 0.0197683 0.0366753 0.11687 0.000338721 0.000938709 0.000820302 0.00160307 0.0157532 0.0281223 0.0198143 
0.0534526 0.0891693 0.000646107 0.332573 0.0161732 2.48968e-06 0.0241137 0.118217 0.119365 0.00366754 4.49954e-05 0.0378804 5.27349e-05 0.00512362 0.00314148 4.81709e-05 9.19907e-05 0.00224308 0.143636 0.000905847 0.0494486 3.61047e-06 
0.0134995 0.00699722 0.0357662 0.0107949 0.00660764 6.06257e-06 0.000483877 0.0122598 0.023427 0.00162845 0.000245695 0.0096019 0.000386257 0.600367 0.000691677 0.000226564 0.0283096 0.190285 0.00141973 0.00116677 0.0558196 8.8119e-06 
0.0509622 0.0216266 0.0512656 0.0220825 0.00426522 2.74707e-07 0.00194921 0.00348217 0.100388 6.93336e-05 0.000233344 0.000817303 0.00030994 0.606914 5.40933e-06 4.60203e-06 0.00713118 0.0389594 0.0136009 0.0235282 0.0524034 5.36859e-07 
0.0342021 0.0511164 0.00209356 0.319609 0.0022247 6.94988e-06 0.00464496 0.041733 0.171228 0.000227285 0.00400628 0.000824696 3.78421e-05 0.0542344 0.00741151 8.35743e-05 0.00222548 0.00252098 0.0291091 0.00343761 0.268972 4.97231e-05 
0.0142624 0.000152608 0.00560438 0.0819883 0.000291428 6.62324e-07 8.92993e-07 0.000135348 4.44803e-06 8.10573e-05 0.835175 7.52783e-06 3.25032e-05 0.00739148 0.000546564 0.000117573 5.37918e-05 0.00829647 0.00415547 0.0143786 0.0273215 1.68078e-06 
0.00713838 0.00161351 0.191989 0.140407 0.00299725 1.19416e-07 0.00198344 0.0121394 0.00647816 0.0055092 0.000194962 1.78508e-05 5.95098e-05 0.457117 4.63121e-07 0.00063318 1.05682e-05 0.103859 0.0143263 0.050803 0.00272214 1.47267e-07 
0.0637774 0.225298 0.00229169 0.0737931 0.000352447 7.03758e-11 0.00467618 0.00457433 0.287967 1.47039e-06 0.000163729 0.000383115 3.4345e-07 0.129195 0.00111295 3.90859e-10 5.28989e-05 0.000296713 0.0401485 0.00389236 0.162023 1.14742e-07 
0.00114228 0.472127 0.000249628 0.000563354 0.350017 1.84867e-08 0.000700817 0.00647882 0.00236499 3.97381e-07 4.40897e-07 0.000415211 5.4692e-08 0.0161375 0.000392863 0.000504234 0.131079 0.000119252 0.0040256 2.1442e-07 1.44021e-06 0.0136792 
0.0116028 0.0189186 0.0106712 0.200749 0.001612 3.41643e-06 0.000565285 0.568586 0.00780486 0.000612635 0.00249463 0.00258497 3.59869e-05 0.00269403 0.00124141 4.35203e-06 1.22762e-05 0.00130277 0.00431686 0.0267698 0.087214 0.0502034 
0.192657 0.0151685 9.92194e-07 0.00226 0.412559 1.30498e-07 0.00456981 1.23004e-06 2.21515e-05 2.16898e-06 5.48823e-07 0.00447242 0.000140648 0.262745 0.00899667 2.96135e-07 0.0344933 0.0599519 0.00190955 1.44508e-06 1.21989e-05 3.56819e-05 
0.226017 0.0866784 0.201148 0.0308645 0.00674393 9.21053e-11 1.24183e-10 0.00501048 0.000869732 9.33958e-05 0.0005841 8.2971e-07 2.78037e-10 0.234115 0.00155895 5.11543e-10 0.161791 0.00274354 0.0230973 0.00414511 0.0141762 0.000363129 
0.167968 0.0861478 0.0118632 0.122048 0.0999294 9.3786e-08 0.00604587 0.150912 0.0216267 0.000198119 0.00285211 0.0430702 1.93195e-05 0.143335 0.0236313 0.000987319 0.00305344 0.00269685 0.0140149 0.00920051 0.0903551 4.50086e-05 
0.0417284 7.84512e-06 0.187472 0.0808375 0.00217114 4.46217e-13 4.88523e-08 0.0738904 0.0328058 6.20374e-08 0.000646514 0.0111104 3.08676e-06 0.194218 2.58866e-08 6.69373e-09 0.009346 0.000636087 0.00213555 0.00382644 0.359165 1.13236e-12 
0.0198739 0.105557 0.00755422 0.0215395 0.0102197 2.27763e-05 0.0491986 0.035478 0.203539 0.000258931 0.002138 0.0146404 0.00242952 0.0660409 0.0200687 5.3411e-05 0.00682215 0.0203655 0.0136637 0.000624559 0.399088 0.000824154 
0.0143401 0.0345878 0.00653571 0.0361529 0.00224499 2.27597e-05 0.00344983 0.173961 0.0605659 6.65826e-05 0.000867662 0.00141167 0.000324881 0.0228531 0.0062394 0.000322523 0.000289541 0.00547089 0.00808326 0.0154964 0.606554 0.000158574 
0.0115305 0.0898932 0.00123036 0.0125161 0.00559997 3.46209e-05 0.0114473 0.0425057 0.0305456 0.000267543 0.000506346 0.0623277 0.0105406 0.122737 0.00142448 0.000185064 0.00508568 0.0662109 0.0110689 0.000186388 0.513823 0.00033368 
0.000261921 0.0177136 4.62893e-08 0.000642785 3.48084e-06 3.07245e-10 6.00103e-07 0.677992 0.00676759 1.16359e-06 9.39064e-10 2.85743e-05 7.33288e-07 5.22505e-07 6.7006e-10 3.67995e-08 5.57044e-10 5.45533e-08 2.82791e-07 0.000142011 0.296444 7.79694e-10 
0.0271471 0.00588619 0.0027131 0.0321491 0.0084369 1.14991e-06 0.00188325 0.0247146 0.00467695 0.00231042 0.000176708 8.92066e-05 0.000888723 0.690876 0.0203123 0.00013084 0.121442 0.0119916 0.00441293 0.00500856 0.0347502 2.62534e-06 
0.106951 0.0445087 7.76054e-05 0.000654142 0.833691 7.9876e-08 1.07695e-07 0.00330037 9.70408e-07 4.37193e-07 0.00180067 3.28988e-05 2.98103e-06 0.000506862 2.78868e-05 0.000132725 1.44818e-07 2.77234e-06 0.00102305 0.000185892 5.1506e-05 0.00704806 
0.304068 0.223633 0.00932362 0.0447618 0.0518186 1.19585e-06 0.00288026 0.0137909 0.00612046 0.000244097 2.73168e-06 0.000658197 0.000357801 0.139588 0.0209416 5.61279e-06 0.00104786 0.00178019 0.167198 1.077e-05 0.00867745 0.00308945 
0.0219625 0.0119152 0.00100215 0.00510859 0.0135286 1.46641e-08 0.00186376 0.00480301 0.0107362 0.000244825 0.000294186 0.00437298 6.40407e-06 0.110714 0.00015887 5.63795e-05 0.66102 0.142425 0.00170066 0.00022755 0.00785782 1.77366e-06 
0.0576927 0.00846874 0.00756414 0.00181 0.121929 1.99667e-05 0.117364 0.00663908 0.215416 0.000517781 2.71886e-05 0.000117498 0.000103069 0.0679015 0.000213184 0.00017332 0.0354248 0.0392058 0.00127252 0.000133325 0.317947 5.97392e-05 
0.00561054 0.0278963 0.00158958 0.0189042 0.00041551 1.02351e-13 0.000303466 0.120717 0.00328249 9.10692e-09 0.000432653 0.000470846 3.98549e-11 0.0100233 3.01174e-08 5.35177e-06 0.000575537 0.000351406 0.000905331 0.00217032 0.806346 6.76936e-10 
0.0116858 0.00484671 0.00907367 0.0404884 0.0101647 2.83193e-07 0.00554188 0.013263 0.0336346 8.75908e-05 0.00201903 0.00117748 9.19772e-05 0.0359916 0.00221681 2.70738e-05 0.000507565 0.000965432 0.0112095 0.00503139 0.811934 4.16988e-05 
0.030216 0.169153 0.0113942 0.0522394 0.013516 3.52267e-05 0.00427139 0.022431 0.0354648 0.00299572 0.00298069 0.00240709 0.00014829 0.173175 0.000262988 5.03175e-05 0.111191 0.262585 0.0493924 0.00668525 0.0493595 4.60148e-05 
0.0598276 0.0137542 0.0208916 0.0199899 0.0227927 0.000413612 0.0108871 0.0331642 0.038941 0.0128701 0.00244673 0.00970148 0.00498558 0.535883 0.00348511 0.00197008 0.0336649 0.0866957 0.0094326 0.00493413 0.0691263 0.0041419 
0.0389717 0.0124887 0.0223943 0.338728 0.0295752 1.70962e-05 0.000164149 0.0155753 0.0322942 0.000276036 0.000923767 0.000353205 0.00275972 0.352249 0.0183899 0.000167421 0.081988 0.0350848 0.000329687 0.00107392 0.010433 0.00576206 
0.00440618 0.000441999 0.00014842 0.00834127 8.75565e-05 1.01211e-06 2.4054e-05 1.34966e-05 0.00115216 2.36336e-05 0.00136566 1.28275e-06 1.54763e-06 0.170899 0.00633456 8.48316e-06 0.000119179 0.795415 0.00691995 0.000172533 0.00412097 1.83471e-06 
0.445256 0.0894638 0.00347318 0.0926728 0.0499661 3.62638e-06 0.00455542 0.0630315 0.0613159 0.000111642 0.00085923 0.00264191 6.66523e-05 0.0511759 0.000478527 1.97751e-05 0.000254974 0.00959128 0.0225589 0.0084463 0.0940355 2.1538e-05 
0.0656729 0.00208818 0.00110245 0.0185097 7.72328e-05 1.28328e-07 0.00366079 0.00287208 0.313039 5.2269e-05 9.56188e-05 1.44764e-05 0.00024717 0.0377824 0.00305986 0.000178462 0.00210517 0.0133918 0.0090319 0.000131424 0.526887 3.64906e-07 
0.0637774 0.225298 0.00229169 0.0737931 0.000352447 7.03758e-11 0.00467618 0.00457433 0.287967 1.47039e-06 0.000163729 0.000383115 3.4345e-07 0.129195 0.00111295 3.90859e-10 5.28989e-05 0.000296713 0.0401485 0.00389236 0.162023 1.14742e-07 
0.0844783 0.0227029 0.237638 0.0209138 0.0267433 7.97152e-08 0.00200487 0.00836655 0.1251 9.69905e-05 6.27106e-05 0.000178555 2.26277e-05 0.311002 0.00032562 3.94124e-07 0.000424021 0.0204289 0.0036437 0.0228912 0.112974 1.82466e-06 
0.394154 0.0311976 0.070068 0.189249 0.00932597 2.56494e-05 0.0032966 0.0314675 0.079276 0.000198488 0.00130928 0.00611161 0.000971924 0.0509818 0.00542456 3.3509e-05 0.00287394 0.00118524 0.0216701 0.00412144 0.096475 0.000583485 
0.0912584 0.1781 0.0132265 0.0705947 0.00793131 9.12854e-07 6.01324e-05 0.0673066 0.041367 2.41319e-05 0.00946026 0.0015743 0.000285376 0.0918394 0.0097861 3.78261e-05 0.00245905 0.00683124 0.0471277 0.214234 0.146489 5.90857e-06 
0.00474667 0.00055297 0.00339813 0.00654902 4.35631e-06 5.83534e-09 0.00122745 0.00352529 0.0320956 9.47336e-05 0.00100697 0.00109855 3.68625e-05 0.646142 0.000390404 2.4019e-06 0.21381 0.0249764 0.00627127 0.0402068 0.0138642 7.97873e-09 
0.339641 0.0461866 0.00123575 0.106993 0.00373934 1.61001e-05 0.000587189 0.0719467 0.167867 0.00105252 0.00666745 0.00104204 0.000491258 0.00740953 0.00174619 0.0511304 0.000168357 0.000998272 0.003245 0.00281239 0.184978 4.57211e-05 
0.0496635 0.0444522 0.00381397 0.0473428 0.0125093 0.000103775 0.0264265 0.0719398 0.11896 0.000700784 0.0061037 0.0118115 0.00712605 0.0411484 0.013907 0.000798491 0.00277418 0.051504 0.101777 0.0114799 0.37546 0.000196549 
0.00427967 0.0612038 0.00134932 0.640101 0.00273902 1.70206e-07 0.0035444 0.0188727 0.0125645 0.000784233 0.0450216 0.000459158 0.00243913 0.00774292 0.00325158 0.000213353 0.000786024 0.0275486 0.0186367 0.0160482 0.132413 8.13809e-07 
0.109808 0.0644477 1.55937e-08 0.0187757 3.76627e-08 8.49239e-13 4.76334e-08 0.0044111 0.156324 1.95272e-08 0.000114034 0.00078327 1.66659e-08 0.00201944 0.00783433 3.17228e-05 0.000212053 0.00100486 0.011171 1.49106e-12 0.623062 2.15511e-12 
0.176512 7.22181e-05 0.0101718 0.0521737 0.508664 6.13026e-07 1.19743e-05 0.00282442 0.00422297 1.73625e-05 3.05696e-05 1.62699e-05 7.61484e-05 0.0846658 0.00243145 2.12636e-05 0.112394 0.000114649 0.00607642 0.00311214 0.0363858 4.7496e-06 
0.00497227 0.000618007 0.754284 0.013517 0.0767117 2.89805e-10 0.00882032 0.00366781 0.001836 4.08884e-07 4.60553e-05 0.0064668 1.3658e-05 0.0798755 9.54868e-05 4.55417e-08 0.000411815 0.000224789 6.93504e-05 0.0320162 0.0163527 3.07645e-08 
0.302673 0.0149449 0.0081085 0.0677267 0.0127182 1.26155e-05 0.00401975 0.0131625 0.048949 0.000102733 0.0109775 0.0354216 1.72175e-05 0.379176 0.0507475 0.000339435 0.00078333 0.0131803 0.000275538 0.00278234 0.03386 2.13076e-05 
0.170495 3.8695e-07 0.367734 0.0289542 9.51628e-11 8.54045e-11 1.15148e-10 9.92242e-06 8.22178e-07 4.67452e-10 4.49497e-05 6.44159e-07 2.57809e-10 0.175051 8.38172e-06 4.74327e-10 1.15667e-05 5.40658e-07 0.238133 1.4995e-10 0.0195549 2.16731e-10 
0.0571524 0.00365159 9.2571e-12 0.403516 0.00158728 5.74777e-12 8.58719e-07 0.0380619 0.0116215 7.89119e-05 0.00482469 1.76392e-06 0.014146 0.000355753 0.0100735 4.01746e-07 1.04209e-11 0.00421835 0.00396489 0.0216265 0.425089 2.82556e-05 
0.086457 0.00578787 0.0170318 0.306351 0.00747026 2.35028e-05 0.00142107 0.0181835 0.131684 0.00231034 0.0227446 0.000398197 4.95514e-05 0.104186 0.0183124 0.000157122 0.0270514 0.00340042 0.00253208 0.00306112 0.241362 2.42779e-05 
0.547473 0.00735992 0.00241915 0.233594 0.00809836 5.69564e-06 0.000340036 0.018721 0.0129486 8.39646e-05 0.00682598 5.83647e-05 0.00543886 0.0244378 0.000250676 0.000156071 0.000235445 0.00580732 0.00268812 0.0162965 0.106754 7.10041e-06 
0.0160405 0.00729206 0.0184529 0.034833 0.0164322 1.38919e-05 0.00155781 0.0203588 0.0397763 0.000933662 0.000692286 0.0020366 0.00256059 0.639589 0.00122398 0.00146857 0.0331611 0.108352 0.0188477 0.00504984 0.0312249 0.000102884 
0.864321 0.00208484 0.00111103 0.0378787 0.0318471 1.5085e-06 0.000655404 0.00803526 1.06907e-05 9.29149e-05 0.000242438 0.000415924 0.000145086 0.0247333 0.0142709 0.00016256 0.000872202 0.000176995 0.00869801 0.00129454 0.00294767 1.5875e-06 
0.14134 0.0157795 0.01233 0.0662098 0.00766266 1.00678e-05 0.00436004 0.0108189 0.0650654 0.00160557 0.000753792 0.00166512 0.000769082 0.0332756 0.0572572 0.000179085 0.00143334 0.00359314 0.0562662 0.00591745 0.513652 5.65782e-05 
0.00126017 0.00608596 1.65979e-06 0.190776 4.52523e-09 5.1412e-11 6.63598e-05 0.0214019 0.0214793 2.81398e-10 0.000114698 5.88923e-06 4.9643e-07 0.000107141 0.00613624 2.40615e-07 8.35631e-05 1.36866e-05 2.68109e-06 2.84318e-06 0.752462 5.91003e-09 
0.105261 0.0136077 0.0418034 0.3891 0.00805135 2.02563e-05 0.0023234 0.0226901 0.0682691 0.000184548 0.00290729 0.00210664 0.0340134 0.0557407 0.00113116 0.000358839 0.00138237 0.000322988 0.139281 0.0110649 0.0996449 0.000734646 
0.166112 0.0291404 0.026208 0.00675008 0.366732 6.94274e-09 4.16121e-05 0.00120036 0.0498198 3.28248e-06 0.000105515 0.000150937 2.09579e-08 0.212282 6.47896e-06 3.85592e-08 2.09011e-05 0.000877913 0.00465039 0.000201332 0.135696 1.76186e-08 
0.150695 0.0208963 0.00397472 0.0329751 0.000930396 1.72889e-10 0.000597659 0.0144488 0.005642 0.0106612 0.00169063 0.000154185 0.000203781 0.457837 0.016206 0.000161725 0.0576164 0.185539 0.0192114 0.00889936 0.0116546 5.53493e-06 
0.115074 6.53502e-07 0.00224445 0.00105864 4.37928e-12 3.93021e-12 2.20443e-07 2.6239e-07 0.763841 9.037e-08 8.65005e-08 8.65113e-08 7.71282e-08 3.76831e-07 5.98282e-07 3.49465e-08 1.09028e-07 9.22685e-08 0.0331587 1.31806e-07 0.0846206 9.97368e-12 
0.0771567 0.0363539 0.0112186 0.053064 0.0135171 1.01877e-05 0.00685512 0.126819 0.00760041 0.0052061 0.0123804 0.00118912 0.00493302 0.181852 0.0018547 1.47137e-05 0.00170988 0.156716 0.197641 0.011514 0.0923826 1.0914e-05 
0.00719517 0.0195191 0.0017296 0.100109 0.00259896 2.11253e-05 0.0078955 0.20892 0.0279716 0.00353007 0.00562866 0.0015512 0.000336218 0.042589 0.0239981 5.06768e-05 0.00122687 0.0105085 0.0985102 0.227119 0.206898 0.0020942 
0.00511241 0.00201453 2.26255e-05 0.00758818 0.932535 1.75546e-07 2.36684e-07 0.0112885 0.000721682 9.60834e-07 0.000358656 4.65987e-05 9.38661e-05 0.0387675 1.40842e-06 9.74965e-07 3.18271e-07 1.55289e-06 4.92084e-05 0.0013634 3.12513e-05 4.45483e-07 
0.0102563 0.0653375 1.97889e-07 0.122082 8.12827e-08 1.04658e-12 4.51686e-09 0.0658339 1.8006e-07 9.68147e-08 0.000643171 2.13288e-12 1.31016e-06 0.0129921 3.64464e-05 5.23192e-08 8.99423e-08 0.000946788 0.00167538 2.08892e-06 0.720192 2.6559e-12 
0.00919788 0.0107235 0.00239619 0.126206 0.000788112 3.83683e-09 2.53807e-05 0.201147 0.0337784 0.000143315 0.00452815 1.85452e-05 0.00651069 0.0589135 0.00137438 0.00010832 0.000963994 0.0338687 0.00718717 0.0427619 0.459359 2.36082e-08 
0.0610106 0.000892632 7.62885e-05 0.141879 1.9223e-06 1.34683e-10 0.0238019 0.023506 0.0203245 0.00174378 5.82197e-07 0.576405 5.75012e-07 2.13317e-07 2.93726e-10 7.48017e-10 2.44185e-10 1.00684e-08 0.0519793 2.36472e-10 0.0983771 3.41786e-10 
0.00171453 0.00137621 0.00224871 0.00144283 0.00028771 7.08827e-11 1.02145e-06 0.000430218 0.00139905 3.87969e-10 2.35479e-05 1.15249e-07 6.81981e-07 0.0332825 4.15363e-05 2.50003e-08 0.000626987 0.953002 8.73772e-07 0.000643105 0.00347832 1.79879e-10 
0.000544415 0.106883 0.000165447 0.00022474 0.00022957 1.74561e-06 2.35355e-06 0.000884582 0.0920398 0.000346261 0.000239475 0.000318162 0.000628943 0.00178029 0.000715112 0.784967 0.00383103 0.000318499 0.00222491 0.000135529 0.00351495 4.42982e-06 
0.201191 7.40496e-07 0.000359791 0.0978011 9.20868e-05 5.55607e-10 7.49109e-10 3.34436e-06 0.188187 3.21909e-07 0.000184121 2.62445e-06 1.1075e-06 0.00445357 0.0463825 0.000178863 4.29216e-06 5.0158e-07 0.422923 9.75511e-10 0.0382336 1.40996e-09 
0.042345 0.00973445 0.00767481 0.0841643 0.00347223 4.59791e-06 0.0121357 0.00707984 0.0633934 0.000365096 0.00236689 0.00119409 0.00265335 0.0503296 0.310239 5.12944e-06 0.000551111 0.00553559 0.0185918 0.0466019 0.331555 7.5238e-06 
0.0251885 0.167837 0.0109299 0.0783609 0.00792364 0.000167652 0.0212337 0.0314035 0.180655 0.00758095 0.000982576 0.00299453 0.000815685 0.0356384 0.00482607 0.0535825 0.00571374 0.0316438 0.00772297 0.0113872 0.307578 0.00583392 
0.0778933 6.88654e-05 0.00710964 0.00493546 0.00050471 7.22725e-11 9.7443e-11 5.16437e-05 0.00270116 0.000159717 2.20894e-10 3.43519e-05 0.00746754 0.719005 1.18688e-07 5.33378e-07 0.0536495 0.011168 0.112888 2.9204e-05 0.0023336 1.83406e-10 
0.0180124 0.0452734 1.1952e-06 0.0518276 0.729193 3.09405e-10 0.0109804 0.0880813 2.67121e-06 1.57335e-06 0.00495584 8.77846e-06 9.33997e-10 3.65541e-06 1.30532e-06 1.7184e-09 5.60961e-10 4.26654e-07 0.0516476 4.3585e-06 4.17437e-06 7.85177e-10 
0.307679 0.0123138 0.0148052 0.0136305 0.114561 1.20774e-06 0.0391073 0.0308732 0.000353538 0.00038859 8.15753e-05 0.00348394 2.00528e-06 0.048887 0.0479848 1.69394e-05 0.00671599 6.48063e-05 0.0159003 0.24399 0.0991565 2.74649e-06 
0.00474667 0.00055297 0.00339813 0.00654902 4.35631e-06 5.83534e-09 0.00122745 0.00352529 0.0320956 9.47336e-05 0.00100697 0.00109855 3.68625e-05 0.646142 0.000390404 2.4019e-06 0.21381 0.0249764 0.00627127 0.0402068 0.0138642 7.97873e-09 
0.0562093 0.0595952 0.00347834 0.0125632 0.0325644 2.69979e-06 0.00140983 0.046606 0.0152464 0.00826818 0.000263714 0.0491811 0.00084648 0.613365 0.00165734 0.00028877 0.0107224 0.00669208 0.0639708 0.000175378 0.0160746 0.0008189 
0.00779744 8.02163e-06 0.281773 0.0922941 0.2792 5.03633e-09 0.0119432 3.15152e-05 0.0190687 2.48628e-05 0.00280744 0.000676864 0.000474097 0.164149 0.00730298 2.79712e-08 2.16206e-05 0.000640205 0.000642062 0.102682 0.0284626 1.27807e-08 
0.0132879 0.0235305 0.00582809 0.0416235 0.00338082 4.41492e-06 0.00739888 0.398615 0.0107744 0.00118946 6.454e-05 0.0345579 0.000128276 0.00807229 0.0115892 0.000345067 0.000287773 7.8713e-05 0.00745202 0.0183648 0.413421 4.73397e-06 
0.0490303 0.012626 0.0681914 0.0445291 0.0271139 1.71133e-05 0.00522614 0.0314791 0.0661149 0.00297659 0.00178033 0.00445265 0.00133929 0.497452 0.0012879 0.000116937 0.0191565 0.0323285 0.00839531 0.00985293 0.116509 2.34132e-05 
0.00114228 0.472127 0.000249628 0.000563354 0.350017 1.84867e-08 0.000700817 0.00647882 0.00236499 3.97381e-07 4.40897e-07 0.000415211 5.4692e-08 0.0161375 0.000392863 0.000504234 0.131079 0.000119252 0.0040256 2.1442e-07 1.44021e-06 0.0136792 
0.0161873 0.495511 0.00598559 0.0532304 0.00235571 2.6509e-05 0.0479606 0.0920492 0.0794664 3.05289e-05 0.00519582 0.000476617 0.0298983 0.035144 0.0165769 8.98827e-05 0.00248962 0.00103801 0.0120111 0.00174451 0.102469 6.29348e-05 
0.0166004 0.0614157 0.000120017 0.00419611 0.00228015 6.91498e-09 0.0018536 0.0128704 0.29422 5.98494e-05 0.00240428 0.00185244 0.00145401 0.016356 0.000877685 0.00010195 0.00319013 0.000232196 0.0298263 1.98741e-06 0.550086 5.6118e-07 
0.0311652 0.312574 0.00836044 0.0246119 0.0335258 0.000122367 0.0703246 0.0982274 0.0319952 0.000132148 0.0112466 0.00357708 0.00223094 0.0179608 0.00307428 0.0017745 0.00261979 0.0393294 0.0122868 0.0155558 0.279055 0.000249417 
0.0705892 0.00305555 0.000569947 0.00814098 0.13522 2.05451e-08 0.000522333 0.0181247 0.048011 0.000154401 0.000192284 6.59285e-06 0.0311821 0.294706 0.000569566 5.1916e-05 0.280379 0.0352665 0.00247156 0.0103212 0.0604647 7.98786e-08 
0.0466948 0.424888 0.00457895 0.0181927 0.0107319 3.32236e-06 0.00229237 0.0205096 0.0157652 0.000620276 0.000841749 0.00548156 0.000340552 0.0166354 0.0212111 1.24241e-05 0.00411022 0.00171894 0.0502431 7.49107e-05 0.354577 0.000476401 
0.0465169 5.61707e-07 0.000623387 1.83392e-06 3.95338e-07 1.00789e-08 0.00178171 1.21416e-06 2.72706e-08 0.000409846 3.69541e-07 3.81399e-08 0.00124124 0.424067 6.64135e-06 2.77807e-07 0.520839 0.00450771 2.48415e-07 7.28443e-07 9.79134e-07 1.46194e-08 
0.0279115 0.0931016 0.00285896 0.422479 0.0106358 2.16427e-05 0.00224237 0.131991 0.0155354 5.40729e-05 0.0152731 0.00861786 0.00131446 0.0191706 0.00957494 6.56152e-05 0.00103977 0.00383737 0.0238093 0.00953242 0.200716 0.000217155 
0.124773 0.0959145 0.0123764 1.32309e-06 0.211852 5.18313e-11 6.98827e-11 2.54963e-06 1.80497e-07 2.83693e-10 1.76162e-05 2.12326e-06 1.56462e-10 0.122965 0.290254 2.59108e-06 0.00112298 1.46557e-07 0.00988849 0.109603 0.0212247 7.76165e-07 
0.000633283 0.0348439 0.00495986 5.90907e-07 0.00234965 1.38244e-11 7.58056e-08 6.53037e-07 8.87632e-08 2.14028e-07 0.000561065 5.63442e-08 2.89556e-06 0.0781177 5.49918e-05 1.15692e-07 9.21855e-06 0.035808 0.000342601 0.822878 0.0194372 3.50822e-11 
0.0333449 0.00373499 0.00328048 0.660791 0.00063023 2.52234e-08 4.95529e-08 0.00879339 0.0259249 6.88243e-06 0.000595846 0.000386102 5.33352e-05 0.0658658 0.00110783 6.57969e-06 0.0172536 0.000853056 0.00607055 0.000141554 0.171158 3.80495e-07 
0.0437541 0.0251555 0.328441 0.11113 0.00477398 6.36773e-08 0.0100859 0.00432932 0.119418 0.000224117 0.000309613 0.012225 0.00216203 0.105711 0.0170734 5.6419e-06 0.00134297 0.00039107 0.0381622 0.0548892 0.120415 4.57953e-07 
0.0483376 0.0093398 0.00320249 0.261565 0.008368 3.42269e-06 0.00289622 0.215328 0.0192696 0.00208791 0.0028052 0.000736155 0.00163201 0.00683217 0.00956899 0.00202106 0.00321136 0.000702169 0.19612 0.0022985 0.203571 0.00010391 
0.00811509 0.00819626 0.0254506 0.0477678 0.693844 1.08612e-07 0.01591 0.00648348 0.0064346 0.000898914 0.000708736 0.000115767 0.000155986 0.0917248 0.00806589 0.0545524 0.000198568 0.00425039 0.00450058 0.00395412 0.0186713 2.75624e-07 
0.011104 0.0392167 0.00815395 0.185527 0.0381877 5.06331e-05 0.00124588 0.498166 0.0457265 0.00020945 0.0116468 0.00144925 0.00428866 0.00828052 0.0335837 0.00119105 5.71778e-05 0.000446721 0.00848772 0.0439553 0.0589042 0.000121993 
0.0140299 0.175603 5.26819e-05 0.00116127 0.000340156 7.40429e-08 0.00271278 0.0489445 0.498415 6.06884e-06 0.00246192 0.000148352 5.21462e-07 0.0101435 1.76059e-07 1.3138e-06 0.00336031 0.00882389 8.26709e-05 1.19625e-06 0.233709 1.40664e-06 
0.101832 0.017437 0.00833653 0.183593 0.0263958 4.68748e-06 0.000550132 0.107669 0.10005 0.0008524 0.00167037 0.00147781 0.000534874 0.0723803 0.00518938 0.0011204 0.00197132 0.0222137 0.0108263 0.0653245 0.270508 6.13058e-05 
0.231912 0.00218855 1.50071e-06 1.46484e-05 1.77974e-05 1.00978e-07 0.0012003 0.0273551 5.08368e-05 1.60765e-05 0.348983 0.000757334 1.84576e-06 0.315912 0.0181373 5.60821e-07 0.00197903 0.000480297 0.0509803 1.77293e-07 1.15024e-05 2.56252e-07 
0.0950508 0.151332 0.00333162 0.0574642 0.304597 3.04614e-07 0.000954017 0.0880293 0.0372742 7.02196e-06 0.00130008 0.0302738 0.00567898 0.120799 0.00355589 8.35154e-06 0.00444355 0.0075346 0.0578887 4.52146e-06 0.0304664 6.57692e-06 
0.0573051 0.0159427 0.00209719 0.0978801 0.00298647 3.8506e-10 1.35067e-07 0.000731784 0.105628 1.64794e-06 0.000351937 0.00109839 1.16237e-09 0.108567 0.407467 0.000417889 0.000900301 0.00529049 0.0143604 0.000264861 0.178539 0.000169407 
0.00579523 0.00447764 0.00261846 0.0676524 0.000362684 1.58217e-06 0.00602936 0.018126 0.199551 0.000204812 0.000777831 0.000973133 0.000535129 0.0736458 0.000683532 1.66604e-06 0.156155 0.118847 0.00437791 0.0013673 0.337814 2.23282e-06 
0.00541959 0.00424238 0.00599149 0.0207206 0.665907 2.08506e-06 0.00148408 0.018839 0.00498076 0.00125258 0.000733514 0.000263404 0.00129943 0.0473209 0.000494868 1.96948e-05 0.00572818 0.0377299 0.00192589 0.0220916 0.153464 8.92957e-05 
0.346731 0.0439374 0.0517682 0.0562158 0.00478019 1.70531e-06 0.00199088 0.0504076 0.24706 0.00108075 0.0018497 0.022283 7.13971e-05 0.0475452 0.000728672 0.000226395 0.00029573 0.0072073 0.018813 0.000812322 0.0961876 6.94739e-06 
0.0998657 0.124576 0.0060361 0.190894 0.00545915 2.57199e-07 0.0173966 0.0637048 0.0708384 0.000806174 0.00513452 0.00176946 1.39884e-05 0.104878 0.147807 7.7966e-06 0.0031312 0.0163513 0.0991123 0.00894755 0.0332679 1.58391e-06 
0.0219625 0.0119152 0.00100215 0.00510859 0.0135286 1.46641e-08 0.00186376 0.00480301 0.0107362 0.000244825 0.000294186 0.00437298 6.40407e-06 0.110714 0.00015887 5.63795e-05 0.66102 0.142425 0.00170066 0.00022755 0.00785782 1.77366e-06 
0.0351361 0.0928801 0.000149008 7.84014e-06 0.660918 1.15881e-09 4.47263e-06 0.126853 0.00344341 6.34261e-09 7.52342e-06 2.89021e-06 3.49808e-09 0.0273694 0.0112151 2.56571e-05 2.58275e-05 7.11696e-07 0.0187903 2.03459e-09 0.0231627 8.07656e-06 
0.0432775 0.00675996 0.0330071 0.0723367 0.481915 3.75705e-06 0.00447936 0.0157752 0.0556521 1.53089e-05 0.00149036 0.000821925 2.50659e-05 0.108314 0.00863589 6.50392e-05 0.0166188 0.00386707 0.000167125 0.00248483 0.144255 3.33253e-05 
0.0527496 0.0156943 0.00604232 0.254725 0.000347272 1.12602e-05 0.00482843 0.0158206 0.238953 0.000144226 0.00109053 0.000356329 0.000185199 0.184738 0.0809808 0.00180619 0.00156223 0.000822 0.0109303 0.0159331 0.112255 2.46336e-05 
0.00907002 0.404861 0.00582513 0.100969 0.000606256 2.19891e-06 0.000134868 0.201054 0.0561829 3.01161e-06 0.0125503 0.00024481 0.00930346 0.0860519 0.016677 0.000208333 0.00381898 0.000315109 0.0222939 0.000430794 0.0693946 2.30243e-06 
0.127169 0.000946796 0.00208121 0.00322691 1.90831e-07 2.44801e-11 0.00266241 0.00399424 0.368181 0.0040957 7.4821e-11 1.04087e-07 0.000122474 0.167786 8.04122e-08 1.55181e-06 2.59733e-07 2.50999e-07 3.19363e-08 0.0731532 0.246578 6.2123e-11 
0.0760328 0.00804266 0.0289384 0.0223006 0.0457781 6.55282e-05 0.011202 0.0245277 0.015698 0.00589578 0.00155562 0.00145337 0.00166544 0.557347 0.00605261 0.000243628 0.0178224 0.0857162 0.00980387 0.00205669 0.0774202 0.000381635 
