0.0625757 0.0425494 0.00820979 0.0581999 0.00165245 2.88718e-05 0.0129504 0.0276373 0.48429 4.74469e-05 0.00938514 0.000445864 7.65609e-05 0.0403525 0.000207347 3.46387e-05 0.00685079 0.00746642 0.0100176 0.00186778 0.225012 0.000142706 
0.0183949 0.0123238 0.00153874 0.124906 0.000541568 7.47166e-05 0.0030736 0.0954841 0.0177912 0.000236334 0.035914 0.000255575 0.000242599 0.0279772 0.492673 0.000120437 0.000596453 0.0046538 0.0734313 0.0173023 0.0635924 0.0088758 
0.0445395 0.0214151 0.0495877 0.0826497 0.00539063 4.22497e-06 0.00378541 0.00668609 0.0333766 0.00604212 0.00092896 0.000645884 8.81242e-05 0.569933 0.0383016 0.00030513 0.0109639 0.0395478 0.0371813 0.00449331 0.0366773 0.00745676 
0.0358109 0.00378607 0.00890142 0.0588047 0.00130405 7.85374e-06 0.00596564 0.0681944 0.35212 0.000332176 9.84093e-05 0.000377596 1.18805e-05 0.131935 0.158886 0.000817601 0.000104175 0.0016668 0.0566847 0.00387507 0.110308 8.15001e-06 
0.0337277 0.27928 0.0309447 0.0151125 0.0135202 1.65755e-06 0.000540112 0.0190195 0.0265114 0.00684106 0.00068255 0.301735 5.25177e-05 0.0578547 0.00518952 5.6191e-06 0.0301155 0.0166796 0.0816079 0.00171001 0.0567585 0.0221103 
0.0441122 0.0704861 0.00131324 0.0340002 3.13814e-07 8.6526e-09 0.0945111 0.0651727 0.0679649 0.00174104 1.94412e-05 2.61648e-05 0.00384553 0.529966 0.00142408 0.00759556 0.00185698 0.00123652 0.0208652 3.07704e-06 0.0538592 2.19577e-08 
0.0864902 0.33911 0.00746847 0.0138793 0.113902 0.000277696 0.0104881 0.0894767 0.0803301 0.000383984 0.00114232 0.00353257 0.00330254 0.0386489 0.00435806 0.000411882 0.00709441 0.00387307 0.0146936 0.0130813 0.167359 0.000695211 
0.0663397 0.176197 0.00555847 0.06246 0.0070566 1.46156e-05 0.108999 0.0127069 0.0824239 1.70091e-05 0.00706542 0.00044816 0.000366293 0.0270658 0.0106123 3.15691e-05 0.0274989 0.0255639 0.279043 0.00303091 0.0812851 0.016216 
0.0696493 0.000383626 0.00763196 0.0545293 0.0170518 4.56083e-06 0.0004195 0.00440346 0.422458 9.21422e-05 0.00217013 4.1555e-05 6.71614e-06 0.138538 0.237545 3.19087e-05 0.0037249 0.00479498 0.00716552 0.00028519 0.0166541 0.0124185 
0.289993 0.0133366 0.0078378 0.0899945 0.0138682 1.39789e-05 0.00133613 0.143078 0.155544 0.00036635 0.000487257 0.0356455 4.77555e-05 0.022472 0.00109204 0.00236758 0.000180001 0.00716522 0.00833695 0.00589638 0.200844 9.71188e-05 
0.200087 0.00151488 0.0739432 0.119744 0.0406838 1.61674e-09 0.000883228 0.109848 0.110958 0.00039969 0.000460029 0.013414 8.81012e-05 0.139572 0.00297608 5.01204e-05 0.000645773 0.00553049 0.0161189 0.00113541 0.161942 5.16352e-06 
0.0191766 0.382852 0.000974439 0.0643078 0.000857534 8.48461e-06 0.000254744 0.0141038 0.24018 1.65771e-05 0.00052563 0.00947656 0.000110592 0.00408368 0.00155027 1.61152e-05 0.000152232 0.00455172 0.0282352 8.20329e-05 0.228447 3.72213e-05 
0.0142995 0.0962741 0.0130836 0.136067 0.0133461 0.000724755 0.0234043 0.0742757 0.235085 0.15146 0.0013805 0.0049085 0.00842413 0.0568542 0.0023536 0.00276482 0.00234785 0.012738 0.0122974 0.0498004 0.083279 0.00483046 
0.168992 0.00170205 0.0893742 0.0311749 0.180724 8.2624e-08 1.31035e-06 0.0359589 0.00670512 5.67639e-06 3.03982e-05 0.000301698 0.00182732 0.368446 0.00949253 1.20367e-05 0.0166607 0.00449029 0.000227239 0.000465837 0.0834073 7.57604e-07 
0.016006 0.00403399 0.0119785 0.745633 0.0325883 5.90781e-06 0.00116947 0.0381676 0.00191178 3.39699e-05 9.17916e-05 0.000151644 0.000107784 0.00200736 0.067978 0.000678463 0.020831 5.89811e-05 0.000389616 0.00621069 0.0166386 0.0333273 
0.0204193 0.00426379 0.011828 0.134201 0.00178651 8.67014e-09 0.0012045 0.0437117 0.0987732 4.17904e-05 6.78638e-05 5.75166e-08 2.9144e-08 0.496371 8.81186e-08 0.00311722 0.00808772 0.0203774 0.0959817 0.00407645 0.0556883 2.05688e-06 
0.0146235 0.0120517 0.017305 0.00902729 0.00194956 5.3247e-05 0.00861786 0.0138183 0.172162 5.80725e-05 0.000295676 0.00769497 0.228028 0.0253846 0.281134 0.00978509 0.0541647 0.0295263 0.0329606 0.00287776 0.0782805 0.000201217 
0.0529063 0.186985 0.000186416 0.00234346 0.0227861 2.97581e-07 3.16974e-05 8.96455e-06 0.00219574 1.84326e-06 0.000222882 3.50812e-06 0.00144681 0.0275493 0.0556181 1.38672e-06 0.00132172 6.34011e-06 0.63314 0.0109173 0.0020375 0.00028935 
0.460961 0.0335747 0.0282306 0.120886 0.0107338 3.75328e-06 7.21726e-05 0.00806111 0.0605383 0.0658697 0.0698816 0.000209969 0.00598955 0.0236008 0.0282677 0.000123063 0.00124145 1.0972e-05 0.0407926 0.000425156 0.0405063 1.95344e-05 
0.170495 3.8695e-07 0.367734 0.0289542 9.51628e-11 8.54045e-11 1.15148e-10 9.92242e-06 8.22178e-07 4.67452e-10 4.49497e-05 6.44159e-07 2.57809e-10 0.175051 8.38172e-06 4.74327e-10 1.15667e-05 5.40658e-07 0.238133 1.4995e-10 0.0195549 2.16731e-10 
0.094419 0.0119418 0.0228489 0.0269643 0.010637 2.35641e-05 0.0021554 0.0336566 0.483119 0.000781307 0.00104017 0.00389944 0.000431131 0.0784882 0.00118064 0.00406482 0.0020087 0.00579288 0.0189167 0.000811599 0.196482 0.00033708 
0.0552258 0.0126875 0.00776118 0.0185928 0.0427098 8.9905e-05 0.00410747 0.0343928 0.00889996 0.00537536 0.00057553 0.00766444 0.00449438 0.701953 0.00154669 0.000173735 0.00654754 0.0158749 0.00500466 0.00528063 0.0587124 0.00232977 
0.0805493 0.161435 0.00886514 0.00855052 0.181367 0.000203106 0.000920391 0.031923 0.0643616 0.00194584 0.00283077 0.0221698 0.0006992 0.0885619 0.0119103 0.000442017 0.00835021 0.00445048 0.00614356 0.00152658 0.276415 0.0363784 
0.0291682 0.494192 0.00718281 0.0359339 0.00237372 5.15378e-05 0.00359644 0.0807141 0.0623519 0.000984243 0.00316095 0.000424594 0.00804201 0.104743 0.00119904 5.17028e-05 0.00455467 7.64631e-05 0.0251571 0.0348262 0.100818 0.000398216 
0.00441117 2.75387e-07 0.0478397 0.413591 0.00075459 1.18192e-09 0.000637901 0.000455782 0.391701 6.46911e-09 3.61242e-09 2.40869e-09 6.77175e-06 0.0580625 0.0166785 4.01492e-07 0.00245345 7.57917e-05 0.000424106 0.00480466 0.0581022 2.99935e-09 
0.000151055 0.0170449 0.000705737 0.892241 0.0283659 2.67521e-07 1.29942e-05 8.79477e-05 0.000115741 1.07243e-05 2.75474e-05 3.30349e-06 2.21789e-05 6.80651e-05 0.00048098 2.15793e-05 1.84172e-05 7.45852e-06 1.81923e-05 0.00992881 0.0506652 1.73571e-06 
0.0496058 0.0863409 0.00739869 0.086658 0.00294372 2.67434e-05 0.00915843 0.0895234 0.0628181 0.000773724 0.0474686 0.00225265 0.00617128 0.0436821 0.0168921 0.000255413 0.0067846 0.014239 0.141558 0.00547724 0.318562 0.00140953 
0.033116 0.00876928 0.00281543 0.0137314 0.00266078 6.24649e-05 0.000355789 0.00963303 0.00994656 0.00166196 0.00213356 0.000384314 0.000710291 0.256275 0.00559688 0.00014591 0.0952332 0.522236 0.00335112 0.00220607 0.0288201 0.000154703 
0.161161 0.010663 1.13239e-06 0.100036 3.24896e-06 3.68946e-10 4.97439e-10 0.0385356 0.137653 0.029904 4.67383e-06 7.51893e-10 1.11373e-09 0.136857 8.04621e-10 4.15675e-06 6.68909e-10 6.68928e-07 0.0609713 0.0015928 0.322613 9.36272e-10 
0.00941112 0.00729225 0.000230702 0.0353651 0.0058933 4.77569e-07 2.81951e-05 0.147245 0.00146144 1.75042e-06 2.56207e-05 0.000296699 0.000245892 0.00418556 0.191578 0.56408 0.000914916 7.36864e-07 0.0159608 0.00607445 0.0096891 1.86001e-05 
0.119275 5.1507e-06 0.00619861 0.0637876 2.19041e-06 9.32312e-10 4.05293e-06 3.52629e-06 0.713225 6.54213e-06 2.84952e-09 0.0315428 7.00612e-07 0.000669513 2.9428e-06 5.17796e-09 0.000172671 1.18442e-06 0.00267267 1.72507e-05 0.0624133 2.36592e-09 
0.0221815 1.27559e-05 1.1876e-07 0.0485473 4.62679e-06 8.58573e-10 0.0144721 0.171633 0.000121169 4.6993e-09 0.243359 3.40255e-06 0.000183683 1.2998e-05 0.372891 3.50852e-06 1.55662e-09 2.76447e-06 0.0305506 1.50745e-09 0.0960172 2.40648e-06 
0.128717 0.00295922 0.00859107 0.648537 0.00369427 7.64063e-10 0.000719954 0.0313677 0.00380289 1.41786e-05 0.000348586 6.20768e-05 2.97358e-07 0.0242755 0.00342899 3.01458e-06 1.33417e-05 2.40742e-07 5.36743e-06 8.55591e-06 0.14345 1.93896e-09 
0.0315544 0.124476 0.024819 0.0257129 0.0296472 2.12195e-05 0.0162308 0.0284063 0.0961365 0.000146163 0.000461028 6.81528e-05 0.00176071 0.122914 0.024817 8.74148e-05 0.00671676 0.00888338 0.0123901 0.00267055 0.44191 0.000171375 
0.0148825 0.0144515 0.0300701 0.0346958 0.000668503 2.3967e-06 0.00445805 0.0268834 0.125081 5.8962e-05 0.000371543 0.000325982 0.002934 0.0424478 0.00480091 0.00011565 0.00196817 0.00945246 0.0517167 0.000338226 0.634273 2.70386e-06 
0.150594 0.0326846 0.00915199 0.0136664 0.0779471 2.21095e-08 0.0114302 0.0494863 0.0631393 0.000134527 0.00426405 0.000287061 2.48443e-07 0.452644 0.00406786 1.13902e-07 0.00576053 0.0633611 0.039259 0.000267593 0.0215135 0.000340289 
0.00347397 0.00107391 0.531919 0.0093413 0.00060366 5.76442e-07 0.000202937 0.00709253 0.0472357 0.000395056 0.0012983 0.00361036 0.000139492 0.299261 3.96917e-05 3.60284e-05 0.0415001 0.0018631 0.000910099 0.000697138 0.0493037 1.87906e-06 
0.00981119 0.0121206 0.0101367 0.0416156 0.00430016 2.90088e-10 0.00470675 0.289202 0.0181197 0.000122113 2.26051e-05 0.000574746 0.000197699 0.0472991 0.00756026 1.56081e-07 0.00195634 0.000598314 0.00247974 0.0213246 0.527851 2.20059e-08 
0.0233811 0.0797182 0.000241644 0.557243 0.00144497 1.40649e-06 3.35155e-05 0.120637 0.0352989 3.4717e-06 0.00124769 2.32202e-05 3.64372e-05 0.00555607 0.00668081 1.03357e-05 1.80979e-05 0.00701781 0.0126809 0.00500518 0.143713 7.57584e-06 
0.0211496 0.041919 0.02188 0.0729985 0.00399279 1.52602e-06 9.78689e-05 0.0141036 0.0664862 0.379525 0.00130033 0.000438941 0.000474899 0.248689 0.00278256 0.0123736 0.000458142 0.0289478 0.0108845 0.0446779 0.026347 0.000470551 
0.144521 0.0344497 0.00734018 0.163296 0.0161575 1.63874e-07 0.00589892 0.120863 1.63902e-07 0.00106371 0.00550244 0.000852005 0.00445447 0.140834 0.138631 0.00227445 0.00622564 0.00747383 0.013537 0.0188899 0.167472 0.000262223 
0.0627613 0.00755008 0.0343363 0.0318449 0.00735154 8.71246e-05 0.0138905 0.0210221 0.0337981 0.00198579 0.000457007 0.0095152 0.00172519 0.444925 0.0151395 0.000982798 0.202948 0.0350717 0.00723804 0.0102492 0.0545667 0.00255362 
0.00530884 2.39145e-08 0.00116495 0.00123682 7.27868e-09 1.47766e-12 4.85212e-10 8.87755e-05 0.00505859 6.9255e-05 3.06236e-08 0.0063647 7.54256e-05 0.0673688 7.55892e-09 1.5416e-08 0.817071 0.0915599 0.00395582 9.70201e-06 0.000667257 3.74986e-12 
0.0196784 0.0161902 0.000661141 0.30084 0.000720836 4.63724e-11 7.07382e-06 0.0143813 0.0112481 2.24559e-07 0.0191183 1.18957e-05 0.000974156 0.0102198 0.00217009 3.39191e-05 0.000983335 0.00220914 0.239757 0.000701327 0.360094 2.229e-08 
0.00787698 0.093535 0.00335694 0.0775647 0.008026 6.60361e-05 0.0283071 0.0324532 0.627937 0.000376105 0.000443805 0.00162462 0.00652303 0.0526611 0.00134963 0.00122539 0.00272057 0.0004905 0.00902882 0.000782303 0.0435722 7.9373e-05 
0.0199082 0.0095322 0.000979159 0.0042321 0.0108229 1.24508e-08 0.00149102 0.00384242 0.00949663 0.000462487 0.000235355 0.014541 8.8746e-06 0.10446 0.0001271 4.51062e-05 0.662016 0.149447 0.00167962 0.000182043 0.00648951 1.41937e-06 
0.00910761 0.016444 0.00014677 0.279314 0.000963997 3.59085e-12 6.89022e-06 0.0279687 0.00226715 3.03888e-08 0.033393 1.1496e-05 0.00045635 0.00674076 0.00133783 2.22755e-05 0.00152021 0.0270819 0.244214 0.00394872 0.345054 4.2377e-09 
0.0133578 0.00211365 0.0288912 0.0735308 0.00052413 4.83207e-08 0.00482 0.00527569 0.0159582 0.000401988 3.50649e-05 0.000106764 0.00131158 0.753005 0.0234276 6.46508e-06 0.00633455 0.0111956 0.0075363 0.00105453 0.0507182 0.00039478 
0.0610106 0.000892632 7.62885e-05 0.141879 1.9223e-06 1.34683e-10 0.0238019 0.023506 0.0203245 0.00174378 5.82197e-07 0.576405 5.75012e-07 2.13317e-07 2.93726e-10 7.48017e-10 2.44185e-10 1.00684e-08 0.0519793 2.36472e-10 0.0983771 3.41786e-10 
0.0821069 0.0193676 0.0549813 0.0721668 0.317817 4.25396e-05 0.00297715 0.0588054 0.0749631 0.000626887 0.111579 0.00259848 0.027964 0.0515968 0.00259528 0.0100322 0.000264471 0.011047 0.0118529 0.0280608 0.0584999 5.48629e-05 
0.0464967 0.0215086 0.00138628 0.0481519 0.00165968 6.2032e-05 0.071123 0.030097 0.551299 7.53308e-05 0.000250539 0.0147515 0.000166911 0.0374733 0.00543717 0.000343914 0.00199748 0.00353269 0.00593231 0.00384569 0.15416 0.000248347 
0.0760834 0.00468078 0.0172273 0.0976616 0.00225344 5.57489e-06 0.00255649 0.593359 0.000786497 0.000271302 0.00104022 0.00108227 0.000410368 0.0639773 0.000408739 0.000242862 7.35918e-05 0.00342216 0.0431152 0.0234705 0.0670943 0.000777394 
0.00296976 0.00891977 0.000774509 0.6588 0.00140952 2.5158e-10 2.8266e-06 0.00391125 0.0196156 0.000783616 0.000505452 5.12708e-10 9.1217e-05 0.143711 0.00047717 1.39725e-09 1.75777e-07 0.00696426 0.00119694 0.00101892 0.148847 6.38435e-10 
0.0142624 0.000152608 0.00560438 0.0819883 0.000291428 6.62324e-07 8.92993e-07 0.000135348 4.44803e-06 8.10573e-05 0.835175 7.52783e-06 3.25032e-05 0.00739148 0.000546564 0.000117573 5.37918e-05 0.00829647 0.00415547 0.0143786 0.0273215 1.68078e-06 
0.115334 0.195614 2.00857e-05 0.0535564 0.00455674 8.24471e-08 1.11161e-07 0.0017268 5.1175e-06 0.00192408 0.0675359 1.68023e-07 0.000553155 0.0660298 2.13264e-05 0.00137967 1.52117e-05 5.31966e-05 0.0699521 0.291843 0.129869 1.00724e-05 
0.0630603 0.000238418 0.604447 0.00145702 0.0321825 1.4838e-08 3.77447e-06 0.00323672 0.0180709 0.00244546 1.1513e-06 0.000154604 0.000499874 0.20397 3.23597e-08 3.156e-06 0.0476945 0.0190606 9.99729e-07 1.18457e-06 0.00346508 6.80562e-06 
0.017086 0.0222017 0.00624421 0.0671062 0.013097 1.42435e-06 0.456755 0.0163886 0.043285 0.000346286 0.000522445 0.000382234 0.000851797 0.0578565 0.179481 0.000222297 0.00254792 0.000866779 0.0100046 0.00256998 0.101824 0.00035876 
0.00255482 0.00039 0.574418 0.00606394 0.000714642 3.12823e-09 7.39888e-05 0.00145315 0.0204785 0.000274973 0.00166923 0.000440029 0.000133713 0.29829 3.34109e-06 3.4625e-09 0.0464499 0.000779145 0.000653956 0.000158224 0.0449985 2.23223e-06 
0.00168752 0.0227937 1.99422e-05 0.000787425 0.208264 5.04357e-11 6.80011e-11 0.0380341 0.0614592 0.000325948 0.00297683 0.000108171 0.00729118 0.33851 8.11562e-07 2.74705e-08 0.0547032 0.00251194 4.06733e-05 0.0130316 0.247453 1.27991e-10 
0.0328429 0.00432305 0.0340776 0.0164703 0.855245 2.41624e-08 9.1445e-06 0.00163622 4.00224e-05 1.3225e-07 1.30898e-05 0.00290441 2.75535e-05 0.0177448 0.000962383 1.34195e-07 2.7813e-06 2.483e-07 2.87758e-06 0.0303584 0.00333906 6.13168e-08 
0.256625 0.0320234 0.00200449 0.0986787 0.00276493 4.45815e-06 0.00821493 0.0563238 0.140479 0.000155033 0.00199817 0.000408827 2.39434e-05 0.0865901 0.00311741 1.24216e-05 0.000160306 0.050198 0.0834669 0.000170359 0.144981 0.0315995 
0.0168261 0.000267465 0.000797377 0.195539 5.17275e-05 6.21884e-07 0.0342845 0.0321748 0.0516795 0.000120103 0.00323641 0.000376681 0.0013213 0.0207832 0.108677 3.89349e-05 0.000121287 8.30768e-05 0.0464562 0.00486038 0.482301 3.00974e-06 
0.0166004 0.0614157 0.000120017 0.00419611 0.00228015 6.91498e-09 0.0018536 0.0128704 0.29422 5.98494e-05 0.00240428 0.00185244 0.00145401 0.016356 0.000877685 0.00010195 0.00319013 0.000232196 0.0298263 1.98741e-06 0.550086 5.6118e-07 
0.0115305 0.0898932 0.00123036 0.0125161 0.00559997 3.46209e-05 0.0114473 0.0425057 0.0305456 0.000267543 0.000506346 0.0623277 0.0105406 0.122737 0.00142448 0.000185064 0.00508568 0.0662109 0.0110689 0.000186388 0.513823 0.00033368 
0.0235246 0.113425 0.0030693 0.0146338 0.356147 1.90643e-06 0.000740981 0.0931105 0.00357251 6.68055e-06 0.000635934 0.0421314 3.02667e-06 0.0950414 5.13477e-05 2.77017e-05 0.00121832 0.00404418 0.000802196 0.0443267 0.0365734 0.166913 
0.0203783 0.00531543 0.00102687 0.00345764 0.0126788 1.28969e-12 7.53643e-05 0.00345984 0.00833457 0.000530941 0.000266552 0.00926648 1.8887e-06 0.114542 0.000158872 2.16963e-05 0.685142 0.128278 0.00180648 0.000167841 0.00508875 1.77389e-06 
0.113216 0.46554 0.00866256 0.0127228 0.170453 6.65662e-05 0.00564334 0.0308682 0.00185346 0.000187077 0.0138218 0.00751047 0.000281347 0.0645572 0.00641764 9.81856e-05 0.000308383 0.00401896 0.0126387 0.0036974 0.060288 0.0171496 
0.0427238 0.0116506 0.030454 0.0225037 0.0216956 6.56697e-05 0.0099191 0.0182069 0.0183386 0.00239861 0.001475 0.00436844 0.00115998 0.634107 0.0124478 0.000330131 0.0326024 0.0711841 0.0107154 0.00653913 0.0467302 0.000383553 
0.00834569 0.00560059 0.00132755 0.619709 0.0698316 2.9328e-05 0.00127742 0.145669 0.00825743 0.0070471 0.00271047 0.00779124 0.000411675 0.0516853 0.00285735 0.000809087 0.00285908 0.00416875 0.00750111 0.022824 0.0115433 0.0177434 
0.0106339 0.214131 0.00430382 0.0343475 0.00212214 3.69769e-07 0.283947 0.0206236 0.0214486 7.56583e-05 0.00263632 0.000225524 0.0136383 0.0184051 0.0646809 0.000109482 0.00143512 0.000989004 0.0204346 0.00288238 0.282924 4.59741e-06 
0.0166004 0.0614157 0.000120017 0.00419611 0.00228015 6.91498e-09 0.0018536 0.0128704 0.29422 5.98494e-05 0.00240428 0.00185244 0.00145401 0.016356 0.000877685 0.00010195 0.00319013 0.000232196 0.0298263 1.98741e-06 0.550086 5.6118e-07 
0.0729747 0.00135921 0.0670098 0.722913 0.0256538 6.67783e-06 0.00296943 0.00639417 0.00337674 0.000364343 0.00181192 0.000157635 0.000199989 0.0548928 0.00876864 0.000111198 0.0011675 0.000408981 0.00649727 0.00759364 0.0153347 3.3935e-05 
0.445256 0.0894638 0.00347318 0.0926728 0.0499661 3.62638e-06 0.00455542 0.0630315 0.0613159 0.000111642 0.00085923 0.00264191 6.66523e-05 0.0511759 0.000478527 1.97751e-05 0.000254974 0.00959128 0.0225589 0.0084463 0.0940355 2.1538e-05 
0.130123 0.46742 0.0178235 0.00319062 0.00672878 2.91051e-08 0.0223874 0.0551623 0.0442428 0.000112128 0.000245563 0.0300205 0.000152236 0.0819391 0.0256551 9.27828e-05 1.84094e-07 0.00311844 0.00456009 7.591e-08 0.105384 0.00164065 
0.0632374 0.0309896 0.0055411 0.0109709 0.0012346 4.12695e-07 4.41482e-05 1.24857e-05 4.93158e-06 2.5576e-06 0.00369127 4.88271e-06 0.268263 0.213772 0.0162849 1.92154e-06 0.0020969 0.020349 0.0310718 0.215152 0.117273 9.24169e-07 
4.79159e-06 8.59856e-07 2.26746e-07 6.92977e-07 1.02283e-06 7.18264e-12 2.25254e-06 6.38684e-05 0.799157 2.16263e-07 2.19531e-11 5.57717e-07 2.16821e-11 2.38438e-06 0.0021113 3.98916e-11 0.00097586 1.34543e-06 1.71095e-07 1.2611e-11 0.197677 1.82274e-11 
0.0407485 0.016456 0.0286966 0.12939 0.0293524 7.30337e-05 0.0466595 0.127045 0.153 0.000764464 0.000648484 0.0021099 0.000127114 0.0808583 0.00667016 0.000335036 0.00157854 0.0158281 0.00975744 0.0799087 0.22929 0.000703196 
0.109808 0.0644477 1.55937e-08 0.0187757 3.76627e-08 8.49239e-13 4.76334e-08 0.0044111 0.156324 1.95272e-08 0.000114034 0.00078327 1.66659e-08 0.00201944 0.00783433 3.17228e-05 0.000212053 0.00100486 0.011171 1.49106e-12 0.623062 2.15511e-12 
0.176512 7.22181e-05 0.0101718 0.0521737 0.508664 6.13026e-07 1.19743e-05 0.00282442 0.00422297 1.73625e-05 3.05696e-05 1.62699e-05 7.61484e-05 0.0846658 0.00243145 2.12636e-05 0.112394 0.000114649 0.00607642 0.00311214 0.0363858 4.7496e-06 
0.115074 6.53502e-07 0.00224445 0.00105864 4.37928e-12 3.93021e-12 2.20443e-07 2.6239e-07 0.763841 9.037e-08 8.65005e-08 8.65113e-08 7.71282e-08 3.76831e-07 5.98282e-07 3.49465e-08 1.09028e-07 9.22685e-08 0.0331587 1.31806e-07 0.0846206 9.97368e-12 
0.0144244 0.000239889 0.0160326 0.113796 5.3934e-06 1.06004e-09 3.26376e-06 0.00276502 1.66873e-07 4.31769e-06 3.2399e-09 2.1603e-09 3.19992e-09 5.54269e-06 1.47494e-06 5.88733e-09 1.92188e-09 1.37406e-05 0.00401401 0.0124295 0.836265 2.69005e-09 
0.517124 0.00466161 0.00192282 0.0333293 0.415267 6.48048e-06 0.000379595 0.0050399 0.00310094 0.000231253 0.000894254 9.878e-06 0.000149971 0.00565917 0.000403398 8.29128e-06 0.000408584 0.00598559 0.000169982 7.33086e-06 0.00522564 1.48283e-05 
0.0251511 6.83807e-07 0.00630855 0.00395234 0.00303418 1.26347e-08 0.00290186 3.3838e-07 0.0125569 0.00107282 8.70953e-08 0.000386262 1.91524e-07 0.592881 0.279179 6.46504e-06 0.0174096 0.0263746 0.00117963 6.13481e-07 0.0276032 7.26395e-07 
0.0571524 0.00365159 9.2571e-12 0.403516 0.00158728 5.74777e-12 8.58719e-07 0.0380619 0.0116215 7.89119e-05 0.00482469 1.76392e-06 0.014146 0.000355753 0.0100735 4.01746e-07 1.04209e-11 0.00421835 0.00396489 0.0216265 0.425089 2.82556e-05 
0.0160405 0.00729206 0.0184529 0.034833 0.0164322 1.38919e-05 0.00155781 0.0203588 0.0397763 0.000933662 0.000692286 0.0020366 0.00256059 0.639589 0.00122398 0.00146857 0.0331611 0.108352 0.0188477 0.00504984 0.0312249 0.000102884 
0.180174 0.0590094 0.00686411 0.0777213 0.201524 0.000219638 0.00542994 0.0741235 0.038708 0.00100009 0.00621924 0.00134185 0.00700617 0.0634723 0.0474004 0.000546976 0.00466079 0.0173054 0.017995 0.00985117 0.178746 0.000680286 
0.864321 0.00208484 0.00111103 0.0378787 0.0318471 1.5085e-06 0.000655404 0.00803526 1.06907e-05 9.29149e-05 0.000242438 0.000415924 0.000145086 0.0247333 0.0142709 0.00016256 0.000872202 0.000176995 0.00869801 0.00129454 0.00294767 1.5875e-06 
0.0100547 0.0721024 0.0020352 0.0172505 0.0133023 2.28957e-05 0.00615826 0.591346 0.0472645 8.49814e-05 0.000782094 0.0046592 0.000915501 0.0236883 0.016129 0.00147357 0.00634731 0.00408201 0.0152541 0.0116372 0.155245 0.000165458 
0.0532431 0.00502951 0.0127453 0.0404997 0.0037223 6.60687e-06 0.000906377 0.00651165 0.134089 0.000982338 0.000513169 6.42225e-05 0.000398101 0.499634 0.155202 6.94726e-05 0.00438236 0.0171655 0.0407726 0.00733515 0.0167018 2.60324e-05 
0.00126017 0.00608596 1.65979e-06 0.190776 4.52523e-09 5.1412e-11 6.63598e-05 0.0214019 0.0214793 2.81398e-10 0.000114698 5.88923e-06 4.9643e-07 0.000107141 0.00613624 2.40615e-07 8.35631e-05 1.36866e-05 2.68109e-06 2.84318e-06 0.752462 5.91003e-09 
0.754112 0.00617546 0.11405 0.0104328 0.0229265 2.86912e-08 0.000630586 0.0126153 3.36061e-05 0.000251057 2.45355e-05 0.010688 1.96334e-05 0.0609817 0.000439448 1.85375e-05 0.000981272 0.000752821 1.64587e-05 0.00472926 6.47863e-05 5.59248e-05 
0.115074 6.53502e-07 0.00224445 0.00105864 4.37928e-12 3.93021e-12 2.20443e-07 2.6239e-07 0.763841 9.037e-08 8.65005e-08 8.65113e-08 7.71282e-08 3.76831e-07 5.98282e-07 3.49465e-08 1.09028e-07 9.22685e-08 0.0331587 1.31806e-07 0.0846206 9.97368e-12 
0.34517 2.42331e-05 0.033532 0.0110585 0.0131899 4.97398e-09 0.000769439 0.0222663 0.0115358 2.72245e-08 0.0314638 0.0667905 9.85349e-07 0.342949 1.47324e-05 0.000865999 9.01797e-09 0.00198224 4.90101e-05 0.00284775 0.115487 1.88878e-06 
0.00255482 0.00039 0.574418 0.00606394 0.000714642 3.12823e-09 7.39888e-05 0.00145315 0.0204785 0.000274973 0.00166923 0.000440029 0.000133713 0.29829 3.34109e-06 3.4625e-09 0.0464499 0.000779145 0.000653956 0.000158224 0.0449985 2.23223e-06 
0.0510206 0.00359778 0.000892695 0.424488 0.0604422 1.15173e-05 0.0107663 0.0301713 0.106834 0.000342868 0.027022 0.000228958 7.1627e-05 0.140859 0.00451316 0.000313331 0.0646382 0.0184098 0.000513651 0.00796027 0.0467881 0.000115378 
4.70131e-06 0.0148775 1.76739e-05 0.00430755 0.00934214 7.50794e-11 7.78978e-05 0.0259791 0.00513942 4.10939e-10 0.935869 1.53008e-10 3.47766e-06 1.05848e-05 3.89205e-06 4.16983e-10 1.36121e-10 5.36121e-05 6.95988e-05 0.00423386 1.00997e-05 1.90529e-10 
0.33838 0.00974001 0.0484874 0.09627 0.00276096 7.35671e-06 1.86776e-05 0.0410608 0.13099 4.18707e-05 0.000850733 0.000176794 0.000506708 0.170636 0.000283154 9.14294e-05 0.0074847 9.80637e-05 0.014471 0.00620246 0.13142 2.15566e-05 
0.000544415 0.106883 0.000165447 0.00022474 0.00022957 1.74561e-06 2.35355e-06 0.000884582 0.0920398 0.000346261 0.000239475 0.000318162 0.000628943 0.00178029 0.000715112 0.784967 0.00383103 0.000318499 0.00222491 0.000135529 0.00351495 4.42982e-06 
0.0290468 0.00443112 0.0141969 0.160429 0.0094014 1.75633e-06 0.000116967 0.01748 0.00408641 0.0849036 0.00567611 0.000392135 0.000255373 0.651409 0.00262228 5.97351e-05 0.000136511 0.00653912 0.00124938 0.00334911 0.00418976 2.80128e-05 
0.0180124 0.0452734 1.1952e-06 0.0518276 0.729193 3.09405e-10 0.0109804 0.0880813 2.67121e-06 1.57335e-06 0.00495584 8.77846e-06 9.33997e-10 3.65541e-06 1.30532e-06 1.7184e-09 5.60961e-10 4.26654e-07 0.0516476 4.3585e-06 4.17437e-06 7.85177e-10 
0.0534526 0.0891693 0.000646107 0.332573 0.0161732 2.48968e-06 0.0241137 0.118217 0.119365 0.00366754 4.49954e-05 0.0378804 5.27349e-05 0.00512362 0.00314148 4.81709e-05 9.19907e-05 0.00224308 0.143636 0.000905847 0.0494486 3.61047e-06 
0.34082 0.00900071 0.0027436 0.0382215 0.00827861 1.84363e-05 0.00707906 0.0306702 0.062094 9.08771e-05 0.00224917 0.0020617 0.000108499 0.0782092 0.0149034 3.30338e-05 0.00274506 0.00866709 0.159264 0.000469934 0.232 0.00027156 
0.0266289 0.020332 0.00142334 0.00840301 0.0219654 2.11565e-08 0.0031767 0.00571639 0.0144404 0.000346129 0.00050428 0.00497387 3.32165e-06 0.122252 0.000206655 9.66359e-05 0.67308 0.0801131 0.002559 0.000306773 0.0134705 2.27027e-06 
0.00474667 0.00055297 0.00339813 0.00654902 4.35631e-06 5.83534e-09 0.00122745 0.00352529 0.0320956 9.47336e-05 0.00100697 0.00109855 3.68625e-05 0.646142 0.000390404 2.4019e-06 0.21381 0.0249764 0.00627127 0.0402068 0.0138642 7.97873e-09 
0.0538744 0.00905233 0.000258478 0.00386128 0.0404915 3.17178e-05 0.00627232 0.0343379 0.027813 0.41562 0.000480263 0.00912103 0.00685455 0.0530821 0.0026222 3.30208e-05 0.00023066 0.0026498 0.00561087 0.00542453 0.322085 0.00019309 
0.0105486 0.380551 0.0015969 0.00942089 0.0234178 2.26815e-08 0.000504845 0.0802477 0.0200062 8.38316e-07 0.00687976 0.000650547 1.45942e-07 0.0349909 0.00982106 0.000187819 0.00121996 0.000743219 0.00597449 0.000234725 0.413002 5.11623e-08 
0.0575408 0.0379273 0.0110539 0.0292719 0.0228445 3.29406e-05 0.00435552 0.0224094 0.0337325 0.00222537 0.00441775 0.00433757 0.000656585 0.378962 0.0310959 0.00280487 0.0281684 0.260864 0.0187725 0.00355416 0.044907 6.47526e-05 
0.0166004 0.0614157 0.000120017 0.00419611 0.00228015 6.91498e-09 0.0018536 0.0128704 0.29422 5.98494e-05 0.00240428 0.00185244 0.00145401 0.016356 0.000877685 0.00010195 0.00319013 0.000232196 0.0298263 1.98741e-06 0.550086 5.6118e-07 
0.0160611 1.71506e-05 0.0162478 0.08112 0.00148133 7.43995e-08 1.00311e-07 0.0247067 0.00274743 4.07218e-07 0.00315479 0.102125 2.04242e-05 0.0244991 3.42135e-05 4.13207e-07 4.74919e-05 7.15418e-06 0.00061437 0.718895 0.00821967 1.88803e-07 
0.0116196 0.0330348 0.00592176 0.497811 0.0213327 4.92856e-05 0.0104723 0.0627443 0.0115015 6.39481e-05 0.00105069 0.0403523 0.00215257 0.0244154 0.000691768 0.00226035 0.00073136 0.00404168 0.00845766 0.00301755 0.257779 0.00049841 
0.0389633 0.137183 0.475764 0.0113234 0.0160597 8.52239e-05 0.00747901 0.00884391 0.0304484 0.0626906 0.00323438 0.0027319 0.000764832 0.106071 0.0031868 0.000132677 0.0104844 0.00723883 0.00666271 0.0118636 0.0586868 0.000101557 
0.0279115 0.0931016 0.00285896 0.422479 0.0106358 2.16427e-05 0.00224237 0.131991 0.0155354 5.40729e-05 0.0152731 0.00861786 0.00131446 0.0191706 0.00957494 6.56152e-05 0.00103977 0.00383737 0.0238093 0.00953242 0.200716 0.000217155 
0.0406148 0.0768607 0.00183675 0.0693831 0.292645 9.35862e-06 0.000186355 0.0485081 0.00857888 2.75016e-05 0.00283273 0.00179911 3.19509e-05 0.0814287 2.68313e-05 1.89745e-05 0.0280841 0.133218 0.00121507 0.024059 0.188626 9.79203e-06 
0.0335079 0.053719 0.00228206 0.00608891 0.00697706 0.000288758 0.00913032 0.00875516 0.0205124 0.000982564 0.000326005 0.00574396 0.0028783 0.285899 0.0147189 0.000571672 0.392947 0.079456 0.0224218 0.000582976 0.0143861 0.0378246 
0.0699492 0.024451 0.00335453 0.000595303 0.699416 5.90727e-08 3.84047e-05 0.00784897 3.56647e-05 0.000215859 0.00372638 1.5435e-05 0.0176992 0.102637 0.000306855 0.000116799 0.000813623 0.00150463 0.000895182 0.0656004 0.000773503 5.83002e-06 
0.0236122 0.00807538 0.00419061 0.109786 0.00231921 5.58557e-06 0.000165209 0.107099 0.026091 9.14963e-05 0.0169151 0.000402448 0.000810833 0.0232844 0.566642 0.000616622 0.000571321 0.000101353 0.0733545 0.00389092 0.0290637 0.00291029 
0.0736258 0.260981 0.00493402 0.0149914 0.0106353 9.86249e-06 0.00289133 0.0291244 0.054605 0.000366464 0.00146172 0.00377659 0.000374471 0.118824 0.00511551 6.0358e-05 0.0154013 0.0116614 0.0542134 6.56878e-05 0.336824 5.82242e-05 
0.0610106 0.000892632 7.62885e-05 0.141879 1.9223e-06 1.34683e-10 0.0238019 0.023506 0.0203245 0.00174378 5.82197e-07 0.576405 5.75012e-07 2.13317e-07 2.93726e-10 7.48017e-10 2.44185e-10 1.00684e-08 0.0519793 2.36472e-10 0.0983771 3.41786e-10 
0.0675189 0.130756 0.0013394 0.0275362 0.0229416 9.48624e-05 0.00134502 0.487403 0.0371001 9.73849e-05 0.00280541 0.00286572 0.000764879 0.00652936 0.002204 0.00100566 0.000262224 0.00719092 0.00118734 0.0436791 0.155154 0.000218052 
0.0204754 0.000866505 0.000854093 0.331358 0.00149455 1.4829e-07 6.82949e-05 0.261944 0.00288278 0.00235513 0.000915253 3.59268e-06 2.8591e-05 0.0516562 0.00468158 0.00101224 0.000129421 0.00159612 0.00786501 0.003419 0.306394 3.27005e-07 
0.0610106 0.000892632 7.62885e-05 0.141879 1.9223e-06 1.34683e-10 0.0238019 0.023506 0.0203245 0.00174378 5.82197e-07 0.576405 5.75012e-07 2.13317e-07 2.93726e-10 7.48017e-10 2.44185e-10 1.00684e-08 0.0519793 2.36472e-10 0.0983771 3.41786e-10 
0.0472924 0.000515189 0.122669 0.0380437 0.000125987 4.43216e-08 0.000442283 0.0019609 0.00811095 9.42798e-05 0.0016968 6.08896e-06 0.000294924 0.645875 0.000327278 2.05506e-05 0.00492662 0.0373515 0.00634002 0.000179697 0.0837272 9.60083e-08 
0.0107174 1.66662e-08 0.00878421 0.0499481 2.30473e-05 2.35036e-11 0.00031914 0.000803739 0.00498712 1.28644e-10 0.00340453 0.000665632 2.51226e-07 0.0133165 0.0485756 0.000187946 5.47643e-05 1.74761e-05 0.00931886 0.00128043 0.847595 1.62272e-07 
0.0818829 0.255246 0.0272457 0.0998643 0.00621439 4.59095e-05 0.00113689 0.13003 0.117877 0.00184873 0.0055297 0.00727154 0.000533593 0.0928859 0.00296299 0.0041759 0.0126058 0.00901219 0.0489822 0.00638491 0.0882165 4.70767e-05 
0.00904448 0.000739195 0.00226724 0.678358 0.0202245 1.10391e-05 0.000394686 0.125217 0.00365127 8.40556e-05 0.00255329 0.000242824 0.00132413 0.0163915 0.00510084 0.000564323 0.00113316 0.00750894 0.013302 0.0604537 0.0241773 0.0272562 
0.02494 0.0590898 6.36887e-06 0.00812068 0.0332159 3.95446e-06 5.33168e-06 0.000372517 0.033358 2.16443e-05 0.57381 8.05899e-06 1.19372e-05 0.00174313 8.62414e-06 2.19626e-05 7.16954e-06 5.53959e-05 0.2649 6.94307e-06 8.59815e-05 0.000206875 
0.011104 0.0392167 0.00815395 0.185527 0.0381877 5.06331e-05 0.00124588 0.498166 0.0457265 0.00020945 0.0116468 0.00144925 0.00428866 0.00828052 0.0335837 0.00119105 5.71778e-05 0.000446721 0.00848772 0.0439553 0.0589042 0.000121993 
0.0140299 0.175603 5.26819e-05 0.00116127 0.000340156 7.40429e-08 0.00271278 0.0489445 0.498415 6.06884e-06 0.00246192 0.000148352 5.21462e-07 0.0101435 1.76059e-07 1.3138e-06 0.00336031 0.00882389 8.26709e-05 1.19625e-06 0.233709 1.40664e-06 
0.101832 0.017437 0.00833653 0.183593 0.0263958 4.68748e-06 0.000550132 0.107669 0.10005 0.0008524 0.00167037 0.00147781 0.000534874 0.0723803 0.00518938 0.0011204 0.00197132 0.0222137 0.0108263 0.0653245 0.270508 6.13058e-05 
0.108132 0.0263078 0.00194828 0.0593866 0.0149288 2.8754e-06 0.0432895 0.0630339 0.0806986 0.000137547 0.000249191 0.000194111 0.000324254 0.0186287 0.000908818 0.000301697 0.00066537 0.00123586 0.00672262 0.000592407 0.572295 1.65972e-05 
0.00130792 9.37202e-05 0.612429 0.0554769 4.72718e-05 7.81487e-08 0.012182 0.00113518 0.0419114 3.47383e-06 0.230374 0.000208231 3.46301e-07 0.0112022 0.00176401 5.10551e-06 3.45026e-06 2.08316e-06 0.000128364 0.000855789 0.0308689 1.98318e-07 
0.0735223 0.0569636 0.00457382 0.176627 0.071026 0.000149856 0.00720665 0.0214144 0.0460995 0.00327054 0.00360616 0.057938 0.00022726 0.114576 0.044658 0.000782226 0.00679869 0.0099718 0.228563 0.0383977 0.033359 0.00026862 
0.0783526 0.00832415 0.00318178 0.0675814 0.00180525 5.24968e-06 0.0099781 0.0288061 0.124204 0.00010401 0.00110434 0.000324676 0.00411723 0.043322 0.0254683 0.000118279 0.00139676 0.0221608 0.0381634 0.00515994 0.536309 1.23852e-05 
0.0685959 0.00342184 0.218448 0.19684 0.00652642 1.49838e-06 0.00810023 0.00706307 0.0561146 0.000576294 0.00500473 0.00669145 0.000443519 0.134615 0.000706353 0.000276468 0.0015574 0.0187596 0.0237844 0.00214999 0.240322 2.08344e-06 
0.134222 0.0360455 0.0189033 0.053537 0.412022 2.89238e-05 0.0050767 0.0421501 0.0620907 0.00682285 0.00685083 0.0149475 0.00115362 0.0627096 0.00252271 0.00456424 0.000582702 0.00643234 0.0327243 0.00121202 0.0948412 0.000559989 
0.294542 0.0148654 0.0262217 0.0307172 0.00868886 5.72842e-08 0.000274432 0.10914 0.149231 0.00351384 3.34484e-06 0.00131583 0.000191295 0.240946 0.0139281 0.00823975 0.0188594 0.00239791 0.0292577 0.00806509 0.0345242 0.00507709 
0.00579523 0.00447764 0.00261846 0.0676524 0.000362684 1.58217e-06 0.00602936 0.018126 0.199551 0.000204812 0.000777831 0.000973133 0.000535129 0.0736458 0.000683532 1.66604e-06 0.156155 0.118847 0.00437791 0.0013673 0.337814 2.23282e-06 
0.063786 0.00721148 0.0005331 0.0313461 4.22308e-06 4.49112e-08 0.00917021 0.00681921 0.370764 1.19098e-05 0.000110885 5.09256e-05 0.000594273 0.00645815 0.00192291 1.3432e-06 7.84586e-05 0.000344182 0.00189224 2.33691e-05 0.498876 6.15022e-07 
0.0534116 0.0171388 0.0163541 0.0316114 0.0406552 1.07041e-05 0.000150195 0.135068 0.031515 0.000693891 0.0407868 0.00134241 0.000262722 0.221416 0.0270492 0.00199613 0.0148304 0.000557705 0.036043 0.266272 0.0628148 2.08953e-05 
0.00216225 0.00376715 0.00530858 0.00624626 1.95798e-05 8.10459e-11 6.68282e-05 1.06225e-07 0.000461118 0.00587424 0.0154252 1.65167e-10 5.67709e-06 0.0207943 0.000640408 4.5012e-10 0.0038599 0.000753589 0.932816 2.03949e-05 0.00177847 8.59312e-08 
0.012029 0.379056 4.32846e-05 0.0399593 0.00974471 6.87328e-06 0.0076248 0.229974 0.0166162 0.000180658 0.0107643 0.000287782 0.00738383 0.0250571 0.0145262 0.000182981 0.000362211 0.00839599 0.175391 0.000243014 0.0621487 2.26329e-05 
0.0892844 0.00655497 0.499083 0.00637923 0.00719898 1.14655e-07 0.00840554 0.00235971 0.199756 0.00280236 2.72034e-05 0.00208132 0.000265562 0.130664 0.00160769 6.36779e-07 0.00591863 0.00597994 0.000638518 2.01306e-07 0.0309921 2.90959e-07 
0.380722 0.00478056 0.1037 0.00356174 0.000183677 4.57741e-12 0.000302495 0.000804728 0.063348 0.00152467 0.00185055 0.000324836 0.000906807 0.330976 0.00532739 2.54224e-11 0.0325227 0.00298981 0.0128258 8.7574e-05 0.0532519 9.42987e-06 
0.00281018 0.00050429 0.000132982 0.000406419 0.000599873 4.21249e-09 0.00132107 0.000370868 0.0109761 0.000126834 1.28751e-08 0.000327091 1.27162e-08 0.0013984 0.000252649 2.33957e-08 0.000816442 0.000789072 0.000100344 7.39612e-09 0.979067 1.069e-08 
0.0227459 0.0543781 0.0287627 0.0293556 0.00133928 9.33987e-06 0.00678508 0.030281 0.359686 8.97344e-05 0.00179446 0.000669746 4.89471e-05 0.120039 0.00233882 0.000304549 0.00372065 0.048195 0.0866124 0.000873448 0.201919 5.05413e-05 
0.000551237 0.000200925 0.00208259 0.0432251 0.00180751 1.99826e-07 0.012989 0.00193592 0.0200062 1.11316e-05 0.00514491 3.46668e-06 0.0552248 0.0108895 0.0632889 4.35562e-06 5.73117e-05 0.000155244 0.0122633 0.0336003 0.736558 5.26365e-07 
0.0460798 0.0577632 0.00859683 0.218849 0.051212 9.46133e-08 1.52732e-05 0.205516 0.0218842 4.37348e-07 0.000589044 3.89553e-07 1.71618e-07 0.0843193 0.00271462 5.80529e-07 2.70701e-07 0.146302 0.00692982 0.118128 0.0309715 0.000127507 
0.0242664 0.0118532 0.00391782 0.0184723 0.0127035 4.38262e-07 0.000319603 0.00618853 0.0199738 0.00112189 0.00105069 0.0172144 2.54769e-05 0.67511 0.000740931 2.43406e-06 3.8078e-05 0.0288542 0.00179054 0.000468498 0.175625 0.00026221 
0.013859 0.0116691 0.00723056 0.0454358 0.000475424 3.89533e-05 0.00642753 0.00795444 0.00780708 0.00837566 0.00116814 0.000710956 8.07678e-05 0.685575 0.00153428 0.0110365 0.106345 0.0272351 0.0034572 0.00157464 0.0496986 0.00230975 
0.0179472 0.263081 0.00305718 0.0748589 0.000898561 1.77295e-09 0.000400358 0.34917 0.0188502 1.57605e-05 0.0072349 0.000498382 7.28126e-05 0.00186781 0.00606383 5.46219e-06 0.00026226 0.000210335 0.0465078 0.0164385 0.191926 0.00063313 
0.0111056 0.000299111 0.0124609 0.0114978 0.430047 5.72202e-06 0.0322559 0.0505779 0.103912 1.90607e-05 0.00408873 0.0112773 0.115686 0.0424242 0.00277586 0.10871 0.000783888 0.0292724 0.00564232 0.0193979 0.0077442 1.50496e-05 
0.0116132 0.0096896 0.460098 0.00782146 0.00641981 2.5321e-05 0.0018566 0.0167458 0.0235474 0.000116576 0.000314546 0.000487413 0.000990091 0.0277022 0.00497412 0.000225105 0.00391643 0.377438 0.0233189 2.99229e-05 0.0221753 0.000493722 
0.0441368 0.0564306 0.0243206 0.15205 0.0104203 0.000158652 0.00450864 0.0542342 0.159187 0.000278024 0.00164895 0.00847955 0.00138564 0.0699693 0.00903021 0.000286871 0.00603394 0.0100719 0.0132482 0.0356091 0.338326 0.000184856 
0.420228 0.0525008 0.00398452 0.013643 0.000329663 1.01444e-05 0.00180081 0.131801 0.161353 0.000355793 9.84551e-05 0.00585727 7.99597e-05 0.0635457 0.0215774 0.00244127 0.0012528 0.0186534 0.0315836 0.00630077 0.0624165 0.000186151 
0.086457 0.00578787 0.0170318 0.306351 0.00747026 2.35028e-05 0.00142107 0.0181835 0.131684 0.00231034 0.0227446 0.000398197 4.95514e-05 0.104186 0.0183124 0.000157122 0.0270514 0.00340042 0.00253208 0.00306112 0.241362 2.42779e-05 
0.0557456 0.0473102 0.00292425 0.158289 0.0335941 2.2138e-06 0.000736771 0.139234 0.0657106 0.0561768 0.025996 0.00544608 0.000114518 0.0301638 0.0254463 0.00162603 0.00599978 0.0102484 0.0296602 0.00712305 0.298444 8.25638e-06 
0.783164 0.0123392 0.00465382 0.0204802 0.0360612 1.50042e-05 0.000198203 0.0220497 0.00647027 0.00384206 0.00252319 0.00264255 0.00427109 0.0566093 0.000428164 6.22819e-05 0.00169362 0.00278396 0.00213621 0.00174029 0.0346274 0.0012077 
0.0464144 0.00258932 0.170023 0.112263 0.000216702 1.58929e-10 7.69985e-05 0.00803829 9.11697e-07 0.12056 4.96359e-05 1.28557e-05 0.000537877 0.429018 0.000395825 8.82676e-10 0.0152874 0.00375195 0.00227548 0.0108258 0.0776608 2.72522e-06 
0.280622 0.0236282 0.0146652 0.0606156 0.00294363 1.58792e-05 0.0133028 0.00305413 0.0403069 5.95273e-05 0.000340735 4.14407e-05 1.67006e-05 0.261644 0.140888 6.57026e-05 0.000418121 0.0414447 0.042671 1.91176e-05 0.0384789 0.0347582 
0.0655015 0.1047 0.00351734 0.292843 0.00897317 0.000118334 0.0334068 0.101001 0.0313198 0.000367002 0.00814397 0.00460326 0.000943222 0.0422216 0.00431299 0.000441786 0.00649565 0.0203612 0.0859585 0.0194614 0.165181 0.000127444 
0.00459296 0.79819 0.00483559 0.00473919 0.000865683 3.64846e-08 0.00134848 0.00264497 0.136612 8.8538e-06 6.62397e-06 6.2493e-05 2.01876e-05 0.0251466 0.000781397 0.000260954 8.92187e-06 0.000241498 0.0054039 0.00439118 0.00983763 9.32718e-07 
0.0334464 0.00715383 8.50892e-05 0.0832694 0.000666228 1.13467e-10 0.00273972 0.00259372 2.72071e-07 1.41389e-07 5.13331e-07 2.31241e-10 0.000117397 0.0975964 1.66061e-06 6.30186e-10 0.670209 0.000947285 2.93457e-07 0.0535377 0.0471642 0.000471202 
0.00996584 0.0934756 6.32842e-05 0.059587 0.00511502 5.35128e-05 0.0500908 0.53609 0.00688144 0.000418538 0.00435649 0.00028367 0.00214009 0.021329 0.0114918 0.000149103 0.0237084 0.000568592 0.0533155 0.00392429 0.112607 0.00438529 
0.105916 0.00606587 0.00537039 0.0328058 0.0712765 2.89484e-05 0.00129863 0.428153 0.0526775 0.000213571 0.00202622 0.0242399 0.00453813 0.0604388 0.00538767 0.00195872 0.00446979 0.0218189 0.0102137 0.0395649 0.121506 3.09685e-05 
0.0215961 0.646717 0.0022238 0.029706 0.220685 9.89403e-05 0.00163107 0.00679739 0.0109992 0.00467631 0.000971937 0.00103683 0.000120561 0.0292607 0.00146146 0.000592354 0.000671784 0.000390125 0.000590428 0.000520466 0.0188408 0.000411248 
0.0227459 0.0543781 0.0287627 0.0293556 0.00133928 9.33987e-06 0.00678508 0.030281 0.359686 8.97344e-05 0.00179446 0.000669746 4.89471e-05 0.120039 0.00233882 0.000304549 0.00372065 0.048195 0.0866124 0.000873448 0.201919 5.05413e-05 
0.115074 6.53502e-07 0.00224445 0.00105864 4.37928e-12 3.93021e-12 2.20443e-07 2.6239e-07 0.763841 9.037e-08 8.65005e-08 8.65113e-08 7.71282e-08 3.76831e-07 5.98282e-07 3.49465e-08 1.09028e-07 9.22685e-08 0.0331587 1.31806e-07 0.0846206 9.97368e-12 
0.105842 0.0140375 0.00284826 0.121732 0.043236 2.40208e-05 0.00224581 0.0878721 0.0222619 0.000468078 0.0180426 0.00321492 3.38416e-05 0.0317919 0.0379519 5.87977e-05 0.000434538 0.000621277 0.104785 0.00422321 0.396908 0.00136699 
