0.0762519 4.12139e-06 4.12014e-06 0.146325 0.00577331 0.0107188 4.12052e-06 0.385391 0.0626542 0.00699906 4.11809e-06 0.0206019 4.11817e-06 0.0045383 4.11933e-06 4.11456e-06 4.11987e-06 4.12156e-06 0.0943805 4.11996e-06 0.186321 4.11884e-06 
0.0373894 0.0545518 0.00132353 0.269883 0.013657 0.000914885 0.00303941 0.299429 0.0098347 0.000339148 0.00552123 0.000829999 0.000952251 0.0354331 0.00145702 0.000685922 0.0013054 0.0188181 0.00869188 0.0221798 0.213731 3.2817e-05 
0.0119778 0.0269533 0.00150237 0.0279124 0.00610889 8.72707e-06 0.00156107 0.494319 0.00331116 7.1413e-05 0.000731844 0.00139624 2.68444e-05 0.00520094 0.00207196 4.4903e-08 4.54325e-05 0.000386937 0.000122155 0.230294 0.185998 8.86134e-12 
0.0079495 0.0141555 0.000127069 0.0438714 0.000756092 0.0281964 0.00721229 0.495699 0.0049855 0.0319468 0.00114854 0.00272476 8.8411e-07 0.00539145 0.00102423 0.0003129 7.95138e-09 0.000629842 0.0213819 0.000319533 0.332166 3.91606e-09 
0.00184981 0.0194787 3.60641e-07 0.00929463 0.00039624 1.25472e-07 2.54211e-07 0.949507 0.00427054 7.72322e-06 0.000858031 0.00156909 5.72064e-06 0.000725687 0.000382235 9.54635e-06 0.000188418 3.29257e-06 0.00516048 0.000168667 0.00612335 1.8057e-09 
0.0168317 0.0520644 8.4457e-05 0.007307 0.0639533 0.0106866 0.0105656 0.633481 0.013242 5.93724e-08 0.0115987 0.00621161 0.00220582 0.0135349 0.00613564 0.00109756 0.000134837 0.00372999 0.00895656 0.00266826 0.135273 0.000237517 
0.00152364 0.00370283 4.51887e-06 0.00545355 0.00548145 0.000262402 2.77428e-05 0.911291 0.000295291 3.28201e-05 6.15795e-06 2.7989e-06 3.31465e-06 2.24459e-05 0.000184395 0.000219665 9.28819e-07 1.31153e-06 0.0238304 0.0410637 0.00658879 6.65488e-07 
0.00219738 0.0230725 3.51156e-05 0.10543 1.39937e-05 2.74269e-06 0.000116574 0.573581 0.00271219 4.03448e-07 0.000141877 0.000124245 1.21949e-05 0.000294289 0.000680457 0.000230508 3.29903e-05 0.000560328 0.00494967 0.0063401 0.279471 4.86731e-08 
0.0036228 0.0410865 0.00247443 0.0401834 0.0233687 0.000462334 0.000775804 0.703811 0.00962072 1.4452e-05 0.0012348 0.000646561 7.84287e-05 0.00545712 0.00444731 4.53262e-05 3.33451e-05 0.00342902 0.0136365 0.016452 0.12912 2.70121e-07 
0.0116571 0.0113315 0.00977115 0.0514428 0.0023948 0.0470886 0.0020245 0.578016 0.0198587 8.13842e-05 0.000205037 0.100768 0.000103519 0.0148175 0.00266159 0.00506444 0.000675593 0.000806558 0.004694 0.0105135 0.126008 1.4738e-05 
0.0168317 0.0520644 8.4457e-05 0.007307 0.0639533 0.0106866 0.0105656 0.633481 0.013242 5.93724e-08 0.0115987 0.00621161 0.00220582 0.0135349 0.00613564 0.00109756 0.000134837 0.00372999 0.00895656 0.00266826 0.135273 0.000237517 
0.00632748 0.0383551 3.93277e-05 0.0557515 0.000591337 0.00132272 0.00705764 0.499036 0.0123695 8.61903e-06 0.00192184 0.00828696 0.000446149 0.00381554 0.00149938 0.00135835 7.79695e-05 0.00307018 0.015532 0.00241568 0.340717 1.33687e-07 
0.00294782 0.0526894 0.00733236 0.0263827 0.0717583 0.0207602 0.017959 0.593809 0.0250734 0.00360004 0.00679789 0.0103155 0.000556052 0.0166948 0.00537991 0.0294876 0.00391388 0.00167221 0.00810514 0.0543182 0.0404455 1.22852e-06 
0.00449303 0.0163583 0.0131561 0.00334582 0.16929 0.0322056 0.000713315 0.351207 0.00324462 0.000589342 0.00742037 0.0168075 0.278403 0.0183575 0.000830537 1.63907e-06 0.000567621 0.0013829 0.00632317 0.0105076 0.0647922 2.43113e-06 
0.0161744 0.042516 0.0103567 0.0584425 0.000758052 3.10909e-06 8.44571e-05 0.72107 0.00836875 1.83575e-05 0.000934811 0.00898623 3.46158e-05 0.00133804 0.00254882 3.96022e-06 3.97643e-05 7.41292e-05 0.00613512 0.0281586 0.0937288 0.000225248 
0.0082054 0.130796 0.00527047 0.118273 0.0174381 0.0890037 0.0672883 0.173182 0.0247372 0.000995914 0.00201819 0.140877 0.0064831 0.0511473 0.000197708 0.00315858 0.00463494 0.0222032 0.0242208 0.00711682 0.102752 6.81347e-07 
0.0916367 0.0472839 0.000700477 0.00714138 0.243869 0.000754357 0.0758742 0.290079 0.00608764 2.19042e-05 0.0456613 0.023283 0.0177246 0.0225808 0.00198927 0.00172324 0.00100691 0.00470175 0.0864424 0.000816076 0.0304974 0.00012493 
0.0781451 0.0255088 0.0107442 0.101859 0.0153735 0.00148285 0.0272785 0.377625 0.0345473 0.000650967 0.0162514 0.00500488 0.0108271 0.0511458 0.0464287 0.000100818 0.000660359 0.000652861 0.12575 0.0117334 0.0582164 1.21819e-05 
0.0730817 0.0314901 0.00698584 0.0389909 0.00995354 0.00960683 0.0089759 0.453916 0.0274009 0.000939061 0.00519883 0.0180694 0.000288052 0.0320441 0.00816066 0.0030598 0.000935358 0.00479801 0.0205001 0.0291012 0.215936 0.000567484 
0.0066918 0.0884393 0.00511997 0.0479412 0.0032526 1.87462e-05 0.00310481 0.471207 0.0981608 0.000244821 0.00011265 0.000297388 0.000199287 0.0482788 0.00258681 0.00214195 0.000399279 0.00280526 0.0537869 0.0187104 0.1465 3.89082e-07 
0.018785 0.0374006 0.00165349 0.0347031 0.0044057 0.00482015 0.00165641 0.436232 0.024552 7.82035e-05 0.00191722 0.00444655 0.00135307 0.0199265 0.00560551 0.00843263 0.000798703 0.00785983 0.00766078 0.00964307 0.368054 1.53721e-05 
0.0400822 0.0845085 0.000561378 0.0283143 0.00256325 0.011728 0.255173 0.350708 0.0132642 6.26275e-05 0.000395204 0.0526295 0.029496 0.0189281 0.000806651 0.000877052 0.000561279 0.00352221 0.0279388 1.48561e-05 0.0778267 3.80571e-05 
0.0865301 0.0620176 0.00502566 0.0233568 0.0121847 0.00306639 0.0366204 0.185043 0.0274911 0.000612984 0.149863 0.0996506 0.000839278 0.0558482 0.000450967 0.00152647 0.0376846 0.0199229 0.0155609 0.00010773 0.17657 2.6779e-05 
0.0275272 0.0207262 0.000464871 0.127269 0.0815698 0.000211646 0.093291 0.377692 0.050025 0.00112583 0.0056725 0.00104671 0.00210447 0.0304505 0.00233817 0.000242002 0.000183214 0.00909078 0.0227416 0.0578418 0.0882813 0.000104588 
0.0317481 0.0195979 0.000183554 0.0804577 4.07952e-05 3.2998e-05 0.0603888 0.314588 0.103582 1.61731e-05 0.000259016 0.000918364 0.000208636 0.00800235 0.00435158 0.000498103 0.000157129 0.00398199 0.087509 0.000393491 0.283084 5.13375e-10 
0.0335551 0.0676037 0.0209085 0.00630552 0.00539623 0.164726 1.07203e-07 0.254613 0.0421415 0.000506627 0.000304906 1.34116e-08 1.50875e-07 0.214235 0.002865 0.00224862 0.0013722 0.000602065 0.00759715 0.0062299 0.168774 1.39665e-05 
0.0419425 0.030577 0.00836779 0.0344689 0.0385565 0.000794065 0.00685135 0.503144 0.0315828 0.00621112 0.00448769 0.102608 0.00193237 0.0301691 0.00639494 1.47682e-05 0.00490882 0.0863462 0.0125085 0.0155981 0.0325337 7.74642e-07 
0.00147044 0.0487354 0.000107255 0.0791358 8.13955e-10 6.16477e-06 0.000855671 0.445931 0.00615801 5.25777e-06 0.000860768 6.03551e-05 6.17986e-05 0.000956988 0.001448 0.000811617 7.34826e-06 0.000342672 0.361212 0.00114119 0.0506918 1.73469e-07 
0.0280273 0.0492776 0.00467724 0.0261034 0.0353946 0.000369533 0.00988018 0.644781 0.0118303 9.67668e-05 0.00781108 0.000888337 0.000118719 0.000837176 0.00674936 6.24984e-05 0.000192227 0.0040459 0.00857748 0.00203029 0.157699 0.000550365 
0.00702906 0.00378648 0.00292052 0.0399765 0.0732748 0.00865234 0.000107528 0.364598 0.000591482 0.00082851 0.138168 0.000177072 0.0134883 0.0249959 0.0482717 1.53489e-05 0.000341299 0.00675637 0.00906749 0.178011 0.0789422 4.0676e-08 
0.0830385 0.0484913 0.00140233 0.062125 0.0290874 0.000278181 0.0600711 0.216067 0.0928219 7.95894e-06 0.000199451 0.18931 0.0303863 0.0111725 3.9669e-07 0.000203237 0.000841722 0.00358956 0.0161579 0.00339755 0.151351 4.77583e-08 
0.00294982 0.00257045 0.00321107 0.0262421 0.000859471 7.23176e-06 0.000361764 0.497399 0.0111328 4.83443e-05 7.4734e-05 6.45397e-05 0.000178894 0.0307791 0.000237319 6.51538e-05 0.00137566 0.000158302 0.00163655 0.006768 0.413879 3.28838e-07 
0.00425789 0.00689573 0.00460213 0.191661 0.00209761 0.00967853 0.00184373 0.39685 0.0783437 2.43638e-06 0.00247033 0.00460093 3.5263e-05 0.0046186 0.00976049 0.000802149 1.59536e-05 0.000746864 0.0118647 0.035403 0.233449 6.77293e-08 
0.0105884 0.0203906 6.67638e-05 0.0242225 0.00792117 1.59228e-05 8.22906e-06 0.782703 0.00208963 5.87483e-05 0.000491335 0.000106875 5.59279e-05 0.0264821 0.00048479 0.000804416 0.00146438 0.00196447 0.00109738 0.0112414 0.10774 2.70455e-06 
0.0329448 0.0711432 0.000206762 0.0203247 0.038672 0.149783 0.0649197 0.263285 0.0274494 0.00471701 0.000237435 0.022465 0.0021253 0.0395495 0.000715759 0.000520577 0.0121244 0.0556328 0.00729181 0.0407718 0.145097 2.38912e-05 
0.0113305 0.132961 0.00247908 0.00658604 0.00286804 0.00124008 0.0165508 0.637026 0.0243295 7.00598e-05 0.00226562 0.0119096 6.01654e-05 0.00152656 0.0015105 0.000891581 8.3058e-05 0.00177394 0.00284238 0.00587931 0.135809 7.55135e-06 
0.00366439 0.00678567 2.33955e-05 1.92101e-06 0.174672 2.8975e-05 3.79607e-05 0.437053 0.00091139 1.06887e-09 4.79544e-06 0.00429226 5.62234e-05 5.79353e-07 1.41142e-05 6.41326e-07 4.63793e-07 2.68559e-05 5.23726e-06 0.000214684 4.18192e-06 0.372201 
0.00987084 0.104452 0.00184873 0.0614627 0.00223303 0.00314909 0.00480501 0.406697 0.0712769 5.21301e-05 0.000578488 0.00240499 0.000271307 0.00988401 0.00111122 0.000361937 0.00282378 0.00362841 0.00857506 0.0130046 0.291508 7.51864e-07 
0.00177217 0.0129882 4.27403e-06 0.000731418 0.000399335 4.45e-06 0.0022921 0.841643 0.00587983 5.16273e-05 0.000330508 0.0972404 2.06086e-06 7.94551e-05 0.000656954 1.30005e-06 1.7957e-07 9.08291e-05 0.000830891 1.44012e-05 0.0349858 5.38733e-07 
0.0269927 0.0177852 1.84616e-05 0.0161786 0.0162965 0.000350014 0.000297133 0.769776 0.00206244 0.010699 0.00102576 0.0386132 0.000691114 0.0132871 0.00224674 8.11032e-05 0.00147619 0.0484152 0.00122073 9.40155e-06 0.0324747 3.03456e-06 
0.00487098 0.138502 4.23752e-05 0.00876809 0.00370478 0.000385813 0.000857043 0.733998 0.00222573 1.05167e-05 0.00819387 0.0010314 2.29769e-05 0.000112301 0.00160256 2.17984e-05 4.60526e-05 7.3539e-05 0.0374386 8.38667e-06 0.0115584 0.0465248 
0.1765 0.119439 0.0027579 0.0626522 0.0110253 0.000894241 0.00523657 0.296378 0.0161329 0.000333215 0.006706 0.00250012 0.0964609 0.0550916 0.0218279 0.000650489 0.000475694 0.00615206 0.0133906 0.000708677 0.10468 6.44011e-06 
0.0112665 0.119445 0.000730186 0.0378379 0.00173402 5.73882e-05 0.0211178 0.344553 0.140912 4.0731e-05 0.00255807 0.000472323 0.000201086 0.0450952 0.00213376 0.000419988 0.000272891 0.00535037 0.187334 0.000979778 0.0774874 2.05372e-07 
0.015065 0.0173905 0.0010007 0.0323566 0.140302 0.000859967 0.077668 0.270263 0.0127626 0.00902078 0.000319332 0.16788 0.0425895 0.168518 0.00171993 9.69087e-06 0.00098906 0.0132049 0.00240246 0.00210331 0.0235444 3.03107e-05 
0.0245128 0.0153358 0.000546155 0.0510634 0.0249317 0.00995409 0.205004 0.425293 0.018659 7.4349e-05 0.000454654 0.0158154 0.0112452 0.0223409 0.000715418 0.000581579 0.00207882 1.63774e-07 0.047739 0.00069147 0.122963 1.66931e-09 
0.0100231 0.0151617 0.000826912 0.0402299 0.0150209 0.111495 0.0116153 0.337397 0.00782231 0.000236519 0.00165702 0.288477 9.24883e-05 0.0347546 0.022604 1.69219e-05 0.00054577 0.00661289 0.0154169 0.00331635 0.0766771 6.0655e-07 
0.00912672 0.0124369 0.000178678 0.0225111 0.0476632 0.00220427 0.000372071 0.501731 0.0116195 0.000100563 0.300076 0.00161636 0.00128137 0.0144191 0.00112447 8.80913e-06 0.00011422 0.00855916 0.00147451 0.0287856 0.0340481 0.000549039 
0.0449261 0.0934875 2.013e-07 0.0266304 0.274188 0.0027497 0.163738 0.346695 0.0366019 3.45638e-09 8.62398e-07 1.54104e-05 7.50939e-06 1.9197e-10 9.44274e-07 3.50722e-09 0.00846467 7.97497e-07 0.00164219 0.000817748 2.71507e-05 4.95299e-06 
0.0179472 0.263081 0.00305718 0.0748589 0.000898561 1.77295e-09 0.000400358 0.34917 0.0188502 1.57605e-05 0.0072349 0.000498382 7.28126e-05 0.00186781 0.00606383 5.46219e-06 0.00026226 0.000210335 0.0465078 0.0164385 0.191926 0.00063313 
0.021673 0.0463289 0.0534184 0.0206365 0.072162 0.00557218 0.00210744 0.338214 0.283188 0.000136725 1.58454e-05 0.00251953 0.000166726 0.0551137 0.00995809 0.00232402 0.00163688 7.23234e-05 0.00433072 0.00274393 0.0776805 7.30416e-07 
0.0388213 0.0467505 0.0022005 0.129561 0.00739138 0.0103431 0.191577 0.220577 0.0987045 0.000386528 0.00120232 0.0147128 0.00559838 0.0538381 0.00519217 0.00152443 0.00208365 0.0146343 0.0276174 0.0044107 0.1208 0.00207302 
0.0160816 0.0286591 1.82455e-05 0.00949433 0.00607894 0.0732165 0.0124312 0.428164 0.0111106 0.0018264 0.000115397 0.365766 6.22186e-05 0.00274476 0.00140304 0.000267852 3.01946e-05 0.00148863 0.0185953 0.00131686 0.0211287 2.03573e-09 
0.0308356 0.0301666 0.00339144 0.0641754 0.0350434 2.66744e-05 0.00391907 0.529884 0.0368591 0.000393557 0.000427591 0.00119459 0.000244413 0.0201707 0.00205293 0.00294603 0.00619542 0.0276345 0.0140166 0.0379941 0.152428 3.38003e-07 
0.0443144 0.0074881 3.94038e-05 0.0263023 0.00530849 0.000308628 0.0227043 0.411263 0.00775937 7.58925e-05 0.000429144 0.373204 0.0125538 0.00853326 6.1053e-08 0.000864799 6.394e-05 0.00140979 0.0075026 0.00141001 0.068465 2.8091e-09 
0.0103462 0.0867206 0.00217161 0.0355672 0.0665874 0.000112461 0.00806932 0.371989 0.0400511 0.000569344 0.000633623 0.0487633 0.0022905 0.0459209 0.00116387 0.000968159 0.00110088 0.00137617 0.00126286 0.0442194 0.229692 0.00042384 
0.0295513 0.0867993 0.00153958 0.0958265 0.0159192 7.16331e-05 0.00161107 0.496874 0.0221369 0.000269466 0.0012257 0.000686861 0.00207277 0.0100481 0.013794 0.000286901 0.000676454 0.000502064 0.0774309 0.066332 0.0763328 1.20239e-05 
0.00294982 0.00257045 0.00321107 0.0262421 0.000859471 7.23176e-06 0.000361764 0.497399 0.0111328 4.83443e-05 7.4734e-05 6.45397e-05 0.000178894 0.0307791 0.000237319 6.51538e-05 0.00137566 0.000158302 0.00163655 0.006768 0.413879 3.28838e-07 
0.0321363 0.0410416 0.00299498 0.0373665 0.012921 5.6341e-05 0.0189507 0.33975 0.157063 0.00135101 0.000507248 0.00340262 0.000411655 0.0267418 0.00698368 0.00178687 0.00334241 0.00493052 0.013954 0.0140894 0.280214 4.89124e-06 
0.0547633 0.0117424 0.0112786 0.0739887 0.00418839 1.38264e-05 0.0029535 0.582337 0.00292587 0.000378302 0.00135926 0.00151955 0.00029242 0.0388147 0.00137419 0.000128319 7.57025e-05 0.00254204 0.0196016 0.0774222 0.112001 0.000299333 
0.167507 0.0283202 0.0222367 0.0270562 0.015996 0.030256 0.0292149 0.193282 0.026629 0.00530799 0.00194975 0.134721 0.0186908 0.140305 0.00475575 0.000267875 0.0123031 0.0232667 0.00478047 0.0276349 0.0843583 0.00115948 
0.0012462 0.0216196 0.00420021 0.0145415 0.00248881 0.0058054 0.00765129 0.535093 0.00602193 0.000145943 0.000193868 0.0165467 0.00208554 0.0140651 4.92855e-05 0.00024216 0.000482456 0.0492385 0.00576317 0.054972 0.257548 1.74541e-07 
0.00135223 0.0216557 0.000106403 0.336464 0.00340988 0.00820577 0.0408487 0.460969 0.0150004 1.59923e-05 0.000183497 0.0488351 0.000161907 0.00109397 0.000230593 0.00203088 0.00118993 2.82496e-05 0.0357436 0.000505879 0.00947415 0.0124945 
0.00421798 0.0522339 0.0232611 0.0162466 0.00233903 0.00688877 0.0234696 0.322702 0.19807 0.00017822 0.000414671 0.0427995 0.0104936 0.0338339 0.00126676 0.000405351 0.00419464 0.00168697 0.0137592 0.017839 0.223699 2.95094e-07 
0.241328 0.30535 2.90384e-07 0.000640339 0.000330176 1.41492e-05 3.14282e-09 0.341288 5.94549e-05 0.00126485 1.03115e-07 0.00113453 4.70532e-07 1.07037e-06 3.75455e-07 0.000975774 0.000217217 1.20589e-05 3.57646e-05 0.0268013 0.0803034 0.000242664 
0.00258625 0.0228555 4.42566e-07 0.0190321 0.00175232 5.04945e-05 0.00240497 0.68451 0.0656513 1.39866e-05 1.8119e-05 5.89218e-06 0.000246892 0.00206104 0.000827121 3.97464e-09 1.13636e-08 2.0979e-05 0.00514076 0.0227032 0.170119 9.7305e-10 
0.000833898 0.00591959 1.05829e-05 0.0423128 6.439e-07 0.00205547 0.00184751 0.776562 0.00320445 1.53171e-09 0.000270846 0.0015491 2.87826e-08 8.07246e-06 0.000316511 0.000107137 1.89646e-06 1.89536e-05 0.00484569 0.0071953 0.15294 8.46584e-09 
0.000248953 0.0079914 1.57198e-06 0.0131447 2.31917e-05 0.00439762 0.000323178 0.876484 0.000899605 1.1684e-08 0.00134618 0.000531606 4.79114e-13 5.02186e-05 0.000583012 5.00636e-06 1.14879e-07 0.000308387 0.00164115 0.0136955 0.0783243 5.67277e-10 
0.0182377 0.00535564 0.00291997 0.0332773 0.0105112 6.71037e-05 0.0104072 0.542131 0.0471148 7.99561e-05 3.10648e-05 0.00358108 4.92072e-05 0.0167236 0.000956613 0.0019874 0.000170708 0.00542367 0.000891597 0.028579 0.271499 4.566e-06 
0.00150866 0.037696 0.000589066 0.0688182 0.0110271 0.00012124 0.00246776 0.798919 0.0209018 0.0126488 0.000125685 0.000436096 1.77848e-05 0.000819007 0.00583796 0.00304585 0.000158758 3.38086e-05 0.0169574 0.00086262 0.0170073 7.96451e-08 
0.00944951 0.0195858 0.00136208 0.0450327 0.000927632 0.0822896 0.14733 0.317618 0.0143872 0.000310787 0.000289657 0.0709426 0.0474001 0.0549611 0.00247116 0.000620343 0.0308071 0.0274888 0.0171216 0.00219155 0.107412 1.02486e-06 
0.135808 0.114221 0.00498432 5.58664e-07 0.110244 1.87759e-07 0.0162999 0.30076 1.1723e-11 1.75561e-07 6.08854e-07 1.68016e-07 6.91115e-11 0.198921 4.39435e-07 1.27154e-10 9.09079e-07 6.55678e-07 1.02565e-06 1.60829e-07 0.118756 2.84745e-07 
0.0111579 0.0443805 0.000389984 0.0617024 0.00737945 0.0522914 0.0203883 0.483886 0.0108541 0.00125196 0.00669935 0.043513 0.00243364 0.0208897 0.0122922 0.0016698 0.000309195 0.00651434 0.0483351 0.00563875 0.151837 0.00618612 
0.0194776 0.0756498 0.101697 0.0321199 0.0322018 5.58833e-05 0.000714909 0.389922 0.0571879 0.0082437 0.00441869 0.00207235 0.000461247 0.12173 0.00193361 9.88694e-06 0.00141997 0.00753822 0.00364032 0.0265354 0.112139 0.000830276 
0.00155154 0.00417755 6.36631e-10 0.00642028 0.000300007 0.000201553 0.00103064 0.919805 0.000595486 0.000631854 0.00211771 0.000413174 6.60645e-05 0.000102708 0.00459781 0.000559722 7.63328e-06 0.0494509 0.00312079 1.75946e-08 0.00484715 1.97344e-06 
0.0277537 0.0530993 0.0025422 0.105154 0.0271056 0.00161047 0.0128634 0.476296 0.0425368 3.92042e-05 0.00478798 0.10807 2.8766e-05 0.0112171 0.0438452 0.00329244 0.000378891 0.00862705 0.0276262 0.00471076 0.0384114 3.52573e-06 
0.249072 0.00949186 0.00357242 0.0258794 5.58998e-05 1.58678e-05 3.07352e-05 0.251838 0.203747 1.45248e-05 1.31178e-05 2.53627e-07 2.14431e-06 0.0657878 0.0814548 0.000189197 8.55788e-07 5.67408e-05 0.0178149 0.0281686 0.0627944 1.54983e-09 
0.00219738 0.0230725 3.51156e-05 0.10543 1.39937e-05 2.74269e-06 0.000116574 0.573581 0.00271219 4.03448e-07 0.000141877 0.000124245 1.21949e-05 0.000294289 0.000680457 0.000230508 3.29903e-05 0.000560328 0.00494967 0.0063401 0.279471 4.86731e-08 
0.0663277 0.182489 1.02967e-07 0.0183209 0.0981381 0.000212795 0.0103839 0.24207 0.00293284 0.000658661 0.000324038 0.00204038 0.00453164 0.0245221 0.0303789 2.47969e-05 0.00109421 0.000670783 0.000380631 0.160932 0.151764 0.00180195 
0.00732426 0.0368715 0.00168805 0.000561443 0.104069 0.00156632 0.0173699 0.560718 0.0381829 0.00262902 0.00989884 0.0229824 2.20823e-06 0.0176258 0.0633805 6.39183e-05 0.000609709 0.00810321 0.0255271 0.00912515 0.0563879 0.0153126 
0.0881193 0.0358781 0.0024181 0.0294862 0.00155448 4.37413e-05 0.00221831 0.3794 0.0606581 0.000629166 0.000687605 0.000186517 6.71375e-06 0.198909 0.0339965 4.27761e-05 0.000380606 0.0182242 0.06099 0.000351541 0.0858155 3.58441e-06 
0.0584223 0.0737941 0.000550149 0.0142342 0.0789913 0.153488 0.0550517 0.166795 0.0112088 0.000321125 0.000413238 0.14239 0.00438502 0.0647632 0.00325811 0.00115405 0.0039308 0.0140885 0.00184943 0.000654427 0.149506 0.000751422 
0.0257945 0.0130315 0.0111279 0.238204 0.0103633 0.00718617 0.00187268 0.289663 0.0564997 3.14673e-07 0.00583024 0.140545 8.65133e-08 0.0247789 0.0152559 0.000935687 4.10005e-05 0.00394463 0.0171412 0.0399516 0.097833 2.06705e-09 
0.00870571 0.0469635 0.000345171 0.306113 0.00114111 5.97613e-05 0.0316791 0.375198 0.0323534 0.0018487 0.00209426 0.00519973 0.000135672 0.0434677 0.0133357 0.000301227 3.06732e-05 0.000275932 0.0324709 0.000212686 0.0980676 5.70462e-07 
0.0182639 0.0448648 0.00189467 0.0592128 0.0205145 0.0111724 0.00686314 0.328414 0.0175462 0.000425333 0.00256055 0.0446927 0.006352 0.013607 0.00313219 0.000166221 0.000576484 0.00532303 0.0117633 0.148204 0.253965 0.000485683 
0.0415573 0.0104357 0.00396126 0.24346 0.0619546 0.111275 0.00934847 0.375728 0.040013 5.50203e-11 0.000616162 0.00254492 2.37325e-06 0.0418534 9.62986e-07 3.91243e-05 4.39886e-07 0.00069777 0.0354456 0.00255361 0.0185123 2.55098e-11 
0.0133434 0.251584 0.0013129 0.0943533 0.00783182 0.00357239 0.0237186 0.287463 0.0646989 0.000555516 0.003341 0.0108896 0.000358189 0.060657 0.0111918 0.000535402 0.000210804 0.0137815 0.0594606 0.00146611 0.089666 7.5501e-06 
0.0403334 0.00221767 0.000375861 0.0379036 0.0180167 1.97138e-07 0.235694 0.434648 9.26004e-07 6.32714e-06 1.4195e-06 0.0018404 1.05732e-05 0.090781 5.1139e-06 8.4397e-07 1.96143e-06 0.00025715 0.00421497 2.69929e-06 0.133687 3.47654e-09 
0.0016347 0.112307 0.000146947 0.204296 0.199661 3.66705e-06 0.000617626 0.225577 0.000402032 6.32488e-05 1.32148e-06 2.81317e-06 0.00893318 0.0880903 0.0904445 0.013849 0.0440899 5.69197e-05 0.00963001 2.50962e-06 0.000189539 1.12248e-06 
0.114169 0.0056523 0.00432498 0.0325156 0.0840062 1.41046e-05 0.00210134 0.479842 0.00837023 0.0188198 0.000797487 0.0018165 0.000941134 0.14764 0.000185095 1.98974e-08 0.00234683 0.00130005 0.0761176 0.000539672 0.0183256 0.000175157 
0.0951138 0.0644722 5.59665e-08 0.00242242 0.0218091 0.00395985 0.00569857 0.457668 0.00648099 0.00166892 0.0658401 0.0698334 0.00018613 0.0176445 0.051257 0.00216749 0.000597289 0.0178189 0.0916642 0.000160871 0.0235346 1.23812e-06 
0.0414447 0.0874415 0.017672 0.0545816 0.0154666 5.88569e-05 0.00288336 0.250341 0.0235834 0.0361869 0.0125859 0.00109637 0.134462 0.0845811 0.0321254 0.00076786 0.00171018 0.036099 0.0839809 0.00180983 0.0811131 7.63188e-06 
0.00447415 0.00619091 0.0141781 0.0535721 0.00502956 0.000555002 0.00107605 0.499378 0.0586991 2.11563e-05 0.0165591 0.157355 0.000138386 0.00406402 0.00272738 0.000648154 7.41931e-05 0.000268103 0.0170899 0.0846699 0.0731115 0.000119602 
0.0168678 0.00736355 0.000317875 0.0634797 0.00282783 0.0336163 0.15123 0.42982 0.15535 0.00108891 0.000786194 0.00376569 0.000483254 0.0190648 0.000724506 0.000534859 0.00159588 0.00473943 0.0190119 0.00111791 0.0862124 1.28919e-06 
0.0012973 0.0187803 5.5308e-05 0.0219806 4.72132e-05 6.06116e-06 0.000560567 0.682458 0.00568225 8.33131e-07 0.00122844 0.00207268 0.00023019 0.000913481 0.00236673 0.000225416 1.25907e-06 0.000914388 0.00705712 4.64538e-05 0.254075 1.83338e-07 
0.0063218 0.0354241 0.00297666 0.0161688 0.000575069 4.6447e-05 0.00185867 0.577191 0.0682514 6.75852e-05 0.00143887 0.00128739 0.000185964 0.141581 0.00324976 0.000738228 0.000128394 0.00760144 0.0207688 0.0366348 0.0775021 7.8718e-07 
0.0172796 0.0503952 0.00128526 0.0725543 0.043075 0.00746343 0.00398287 0.512506 0.0235299 0.000425922 0.0085443 0.0457637 0.000165839 0.0143018 0.0327505 0.000300785 0.000205042 0.000864789 0.065775 0.00250378 0.0963098 1.73548e-05 
0.0352025 0.0154967 2.3094e-05 0.0571883 0.0105294 0.143997 0.16663 0.439482 0.0144588 9.36494e-08 0.0132603 0.0206042 4.08276e-05 0.00284519 4.05611e-05 0.00028127 1.10836e-07 0.00019413 0.00858191 0.00991659 0.0612266 1.85345e-09 
0.011104 0.0392167 0.00815395 0.185527 0.0381877 5.06331e-05 0.00124588 0.498166 0.0457265 0.00020945 0.0116468 0.00144925 0.00428866 0.00828052 0.0335837 0.00119105 5.71778e-05 0.000446721 0.00848772 0.0439553 0.0589042 0.000121993 
0.000418293 0.00154091 1.01327e-08 0.0736257 0.000402138 6.94467e-06 6.7932e-09 0.688681 0.0151851 2.96887e-05 5.02483e-06 5.24446e-06 0.000104412 0.00442516 0.000725294 5.99719e-09 1.55057e-12 1.79831e-06 0.00129863 0.0615448 0.151999 8.17918e-07 
0.0289715 0.0119928 0.0141938 0.0477551 0.0186931 0.000110184 0.0420519 0.33646 0.0254915 0.00048254 0.00217666 0.00156873 0.000905881 0.0297594 0.00171514 0.000442414 0.000710281 0.000750685 0.0121746 0.189319 0.234275 1.59469e-07 
0.175802 0.131805 0.0188109 0.010689 0.107706 0.00607449 0.100529 0.183521 0.0363543 0.00197342 0.000222437 0.0334249 0.0188689 0.115379 0.0015115 0.00187415 0.000119042 0.00436839 0.00241048 0.00224134 0.0463134 5.33294e-07 
0.0192868 0.104762 0.00568864 0.0383216 0.0025858 3.65888e-05 0.00506944 0.316998 0.0628259 0.000236054 0.00110876 0.00059028 8.02331e-05 0.0238771 0.00137366 0.000730001 0.00228306 0.0852646 0.0349444 0.00272873 0.2912 7.07027e-06 
0.291021 0.174373 5.42118e-07 2.21245e-06 1.02219e-06 1.93611e-07 2.96603e-11 0.383151 1.12643e-11 0.0123949 1.81607e-07 0.00801506 8.76641e-07 2.02299e-06 7.00505e-07 2.13825e-06 0.00215502 2.28033e-05 3.05228e-07 0.0238725 0.104985 5.02991e-08 
3.1756e-07 0.0180452 7.85794e-05 2.47116e-07 0.01631 4.83071e-07 6.51311e-07 0.919839 0.000470216 2.64404e-06 1.47646e-06 9.84475e-07 1.45824e-06 0.00327494 0.0126433 2.68292e-06 0.0172546 0.000475297 0.00496643 8.48156e-07 0.00123523 0.00539512 
0.0350864 0.0166387 0.000748197 0.0609565 0.00549223 0.0758846 0.00504858 0.417399 0.0348799 0.00123377 0.00234723 0.0820407 0.000871106 0.116319 2.0529e-05 0.000879576 0.000443354 0.052218 0.00551027 0.00152055 0.0844622 1.03441e-07 
0.00159507 0.0225544 1.33986e-08 9.7523e-05 0.000557597 6.05547e-06 0.003352 0.888441 0.00199741 0.000158628 0.000460318 0.0428049 2.63769e-06 0.000214679 0.000916561 1.63567e-06 1.68652e-07 8.87335e-05 0.000274037 1.95412e-05 0.0364567 6.65816e-07 
0.0231316 0.262128 0.000399118 0.033781 0.0366198 0.00403514 0.00748034 0.28865 0.0620312 0.000379305 0.000400255 4.65901e-07 0.00476242 0.069204 0.0489136 0.00825981 0.00476731 0.00697985 0.0197581 0.00175033 0.116568 6.84109e-10 
0.00722827 0.015996 0.00201092 0.0715917 0.0372674 0.0446108 0.0183404 0.492328 0.0535053 5.3176e-05 0.00158206 0.0560291 0.000830655 0.00286573 0.00480862 0.000818372 3.39638e-05 0.000296798 0.00934708 0.143828 0.0365305 9.6414e-05 
0.012663 0.020735 0.00108758 0.0240845 0.0223865 0.0464717 0.203107 0.27658 0.03542 2.33686e-05 0.000180222 0.263602 1.4696e-05 0.0261434 0.000452524 0.00792327 0.000866859 0.00097003 0.0107165 0.00252885 0.043539 0.000504068 
0.029295 0.00772296 0.00274669 0.202237 0.0769457 5.42018e-05 2.2701e-07 0.318009 0.0246255 1.03295e-06 0.00507658 0.000143924 0.0024945 0.0454988 0.00424134 9.92787e-06 0.000272674 6.90523e-06 0.00710244 0.251747 0.0217684 5.53774e-08 
0.0451159 0.00183865 0.117041 0.0525396 0.0931097 0.0746771 0.00879152 0.440339 0.0158842 0.000117694 0.00138793 0.0214215 2.85818e-05 0.00217952 0.000301367 3.21855e-05 0.000819201 0.00635914 0.0036753 0.0240301 0.0887525 0.00155798 
0.038138 0.00980862 0.000266073 0.0701264 0.0021589 0.00831141 0.18074 0.510538 0.0287119 0.00180304 0.000803963 0.0123143 0.000633153 0.0157506 0.0122103 0.00109591 0.000107332 0.0104213 0.0156907 0.00163579 0.078734 3.12535e-07 
0.0148155 0.00519087 0.00476554 0.10839 0.000931435 0.0254692 0.00110362 0.345054 0.136467 0.000158695 0.00947353 0.000188387 0.0132533 0.0301173 0.051842 0.0356086 7.06131e-05 0.00127599 0.0240382 0.0823781 0.109402 5.72626e-06 
0.0531798 0.0964627 0.00581601 0.0437215 0.0127821 0.00255734 0.0471277 0.323923 0.0743914 0.000675975 0.00244062 0.00574952 0.00100748 0.0559943 0.00598145 0.000196978 0.0062656 0.0130588 0.0235316 0.00396557 0.220505 0.000665805 
0.00575397 0.0633346 0.00770921 0.014777 0.000814662 0.00128142 0.00707716 0.613636 0.0266507 8.39956e-05 0.000347509 0.00571953 0.000376357 0.0282726 0.00212596 0.00846716 0.000438458 0.00158623 0.0139648 0.00969222 0.187842 4.82266e-05 
0.0209884 0.11092 0.000530751 0.0555583 0.0139149 0.00367587 0.04041 0.269433 0.25015 0.00044678 0.00290441 0.035192 0.00833245 0.0110579 0.0038101 0.000613485 0.000420603 0.0189799 0.0203516 0.00388364 0.120898 0.00752786 
0.0221248 0.0673447 0.0393331 0.0200107 0.0120068 0.000196808 0.0486802 0.364312 0.0520314 3.6982e-05 0.00104264 0.147695 0.0101621 0.0321962 0.0190722 0.000109502 0.000594388 0.0187379 0.00641914 0.00675863 0.130528 0.000606884 
0.0261137 0.0164869 0.00140787 0.0812261 0.00857913 4.68958e-05 0.00534207 0.580764 0.00202281 0.000422119 0.000704208 0.00881624 0.000460857 0.0259725 0.000871893 0.000250669 0.000223871 0.00248577 0.0149412 0.18064 0.0419642 0.000257443 
0.0280309 0.0176607 0.00102806 0.00779576 0.0566598 0.165236 0.013213 0.291713 0.0256337 0.00304967 0.00818293 0.197008 0.00527215 0.0453898 0.00154341 1.41346e-05 0.02908 0.0317624 0.00971163 0.000531923 0.0614828 2.20909e-09 
0.0119778 0.0269533 0.00150237 0.0279124 0.00610889 8.72707e-06 0.00156107 0.494319 0.00331116 7.1413e-05 0.000731844 0.00139624 2.68444e-05 0.00520094 0.00207196 4.4903e-08 4.54325e-05 0.000386937 0.000122155 0.230294 0.185998 8.86134e-12 
0.00517119 0.0176507 3.63268e-12 0.150214 0.000620835 6.07333e-05 0.00152462 0.416437 0.0118908 0.0017098 0.00224702 0.157003 2.35533e-08 0.00138225 0.0219399 1.5133e-05 8.09151e-06 0.000511389 0.161223 0.0118932 0.025442 0.0130562 
0.0357587 0.0490778 0.00647269 0.217344 0.0113828 0.00257912 0.00861931 0.347347 0.0666726 0.00191658 0.00240102 0.00727193 0.00131665 0.0655734 0.00779257 0.000944324 0.00078405 0.00762345 0.031469 0.0159403 0.110373 0.00133965 
0.107133 0.0163051 0.0165319 0.0530815 0.0347815 0.0381331 0.00837254 0.283455 0.0182019 0.000225047 0.00135411 0.168819 0.000547746 0.0795856 0.000365624 0.103136 0.000835696 0.010007 0.00449307 0.00189016 0.0527445 1.72109e-07 
0.0726331 0.104338 0.00328499 0.00522931 0.134119 0.000201155 0.00539067 0.349708 0.0166329 5.72128e-11 0.00381352 0.000215768 1.63484e-07 0.00172953 2.27964e-11 5.80543e-11 4.34713e-08 4.96522e-08 8.73633e-12 0.000821527 0.301882 5.63415e-08 
0.0179472 0.263081 0.00305718 0.0748589 0.000898561 1.77295e-09 0.000400358 0.34917 0.0188502 1.57605e-05 0.0072349 0.000498382 7.28126e-05 0.00186781 0.00606383 5.46219e-06 0.00026226 0.000210335 0.0465078 0.0164385 0.191926 0.00063313 
0.0591937 0.0235137 3.30872e-05 0.153323 0.000906708 0.0036979 0.0114156 0.486495 0.0174219 1.77055e-07 0.00269882 0.00249987 9.35588e-08 0.0139939 0.0010412 0.00022429 3.43886e-05 2.85846e-05 0.00229696 0.016573 0.204607 1.24891e-06 
0.0367698 0.0174063 0.000187662 0.00449564 0.0528932 0.0198039 0.0863162 0.521367 0.0986061 4.51575e-05 0.0212849 0.00180691 7.39647e-05 0.00801328 0.00920084 0.000236177 4.21319e-05 0.00566278 0.0064412 0.00118771 0.107706 0.000452796 
0.0119778 0.0269533 0.00150237 0.0279124 0.00610889 8.72707e-06 0.00156107 0.494319 0.00331116 7.1413e-05 0.000731844 0.00139624 2.68444e-05 0.00520094 0.00207196 4.4903e-08 4.54325e-05 0.000386937 0.000122155 0.230294 0.185998 8.86134e-12 
0.0217858 0.0140555 0.000281082 0.183896 0.00251511 1.9334e-05 0.0038349 0.422671 0.0370891 0.0200322 0.00163659 0.00788134 4.77544e-11 0.00161436 0.0162472 0.00239811 0.000124607 0.000448463 0.175386 0.00109114 0.0869856 6.99225e-06 
0.0019528 0.00567163 4.09934e-05 0.0983074 1.05033e-05 7.61717e-06 0.00073339 0.665214 0.130369 2.48348e-07 0.000571202 1.45981e-05 4.57126e-06 1.32022e-05 0.00456899 0.000121331 5.61627e-05 0.000357864 0.021425 0.00477078 0.0657885 3.17068e-07 
0.009491 0.000943618 0.000422679 0.0738988 0.00428354 9.53359e-06 7.42697e-08 0.774736 0.00884455 3.16184e-06 5.9552e-06 0.000142328 4.03689e-07 0.000714952 0.000300655 6.71916e-08 9.19836e-12 3.62565e-06 0.000313696 0.0181898 0.107696 1.80252e-08 
0.0429857 0.0738036 0.000159857 0.0143915 0.094803 0.000353173 0.00475029 0.558545 0.0226078 0.000120757 0.0232378 0.0476793 7.88123e-05 0.00525066 0.00162031 5.15543e-05 4.42294e-05 0.00977349 0.00621389 0.00297644 0.0905265 2.60224e-05 
0.16045 0.0477911 0.00132365 0.0358877 0.014709 4.52553e-05 0.00411043 0.558087 8.51723e-05 0.00964387 0.0107988 3.64934e-05 6.41362e-05 0.0371224 0.000164431 0.000175982 0.000253257 0.0158714 0.0159929 0.00243784 0.0849373 1.21873e-05 
0.00366439 0.00678567 2.33955e-05 1.92101e-06 0.174672 2.8975e-05 3.79607e-05 0.437053 0.00091139 1.06887e-09 4.79544e-06 0.00429226 5.62234e-05 5.79353e-07 1.41142e-05 6.41326e-07 4.63793e-07 2.68559e-05 5.23726e-06 0.000214684 4.18192e-06 0.372201 
0.00974159 3.09379e-05 0.00143792 0.143523 0.000241576 4.94395e-13 6.46648e-09 0.443693 9.03497e-08 2.70601e-12 0.000627973 0.00451475 1.70151e-08 0.00591885 2.86815e-08 2.74581e-12 0.000331112 0.000100097 0.00806794 0.097559 0.284212 1.25462e-12 
0.00333133 0.013626 0.000282573 0.0245838 0.00119582 0.130645 0.0154099 0.489761 0.002399 5.35071e-05 0.000224012 0.0914481 0.0192338 0.0172863 0.000582256 0.00113594 0.000712708 0.0434586 0.0109551 0.00305396 0.130621 9.97415e-09 
0.0134791 0.0122523 0.000165955 0.07482 0.0397629 0.00151248 0.00247946 0.619217 0.0129555 0.00150531 0.00607993 0.000866349 3.85221e-05 0.00199192 0.00578192 0.00011119 0.000594199 0.0184714 0.00346227 0.00298343 0.181406 6.20841e-05 
0.0124336 0.276979 0.00226821 0.0133794 0.029516 0.000136399 0.00192674 0.363413 0.0164278 8.81818e-06 0.0717777 0.0056619 2.56635e-07 0.0048527 0.0273022 8.84641e-05 8.95431e-05 0.000381083 0.0633429 1.35405e-07 0.109952 6.10262e-05 
0.131421 0.0506442 0.0191498 0.104652 0.0277586 0.0253672 0.110501 0.338442 0.0168182 1.02608e-05 0.00139584 0.0396357 0.000704623 0.0185874 0.00773448 0.000704558 0.00393848 0.00609716 0.0531812 0.00212781 0.0411256 3.06035e-06 
0.00919588 0.00841427 0.000149249 0.0695933 0.0112557 0.000295451 0.00110103 0.774066 0.00151734 1.30081e-05 0.000309284 0.0249785 1.48173e-05 0.000947048 0.00015714 0.000255074 0.000199973 0.000945822 0.0200971 0.00353276 0.0729588 2.23855e-06 
0.0337148 0.0152612 0.000266909 0.0200967 0.0359441 0.000376547 0.0143793 0.474417 0.00779023 0.000509449 0.0252836 0.00192048 0.000448864 0.0126533 0.00857355 2.0217e-05 5.97862e-05 0.0277305 0.201239 0.0176425 0.0864597 0.0152122 
0.00789546 0.0299999 0.000131961 0.28067 0.00455236 0.00023396 0.0667983 0.385476 0.0352318 1.3137e-05 0.00222993 0.00104272 1.29604e-05 0.00673553 0.0338757 0.000428947 0.0153947 0.000320721 0.102432 0.000329385 0.0261728 2.27767e-05 
0.0427389 0.00404415 0.00201696 0.179336 0.00196436 0.000947791 0.00142287 0.547882 0.045898 0.00012537 0.00175739 0.00962645 0.0117102 0.0112908 0.00999318 0.00044948 0.000218829 0.000416176 0.0210078 0.041021 0.066083 4.93535e-05 
0.00646795 0.101239 8.08278e-05 0.0290399 0.00213221 0.00807287 0.00422259 0.650085 0.0108789 2.67585e-05 0.0373288 0.00309744 2.03283e-06 0.00217351 0.0400619 0.000263808 0.000101805 0.00324598 0.0421128 0.000924968 0.0584153 2.54137e-05 
0.0160071 0.0957604 0.00887233 0.0789822 0.00755246 0.00563843 0.00687626 0.487252 0.0542414 0.00329629 0.00464356 0.0116558 0.000350694 0.0247655 0.0185236 0.000237119 0.00155046 0.0207642 0.0234458 0.00401974 0.125533 3.17802e-05 
0.0237608 0.0354231 0.00135161 0.116748 0.0155004 0.00381902 0.0609109 0.369173 0.00879245 0.00143055 0.00722959 0.00936336 0.0695487 0.0430087 0.00230828 0.000264151 0.0143619 0.00996478 0.0438665 0.0325915 0.130582 2.55974e-07 
0.0777903 0.0837464 0.00620603 0.00292104 0.076605 0.000207405 0.000343715 0.426963 0.0177103 0.00321874 0.00338273 0.00308605 0.000280227 0.0339757 0.00119473 1.17413e-05 0.000111828 0.00296044 0.0423385 2.16859e-05 0.0509111 0.166014 
0.014335 0.00890149 6.22216e-05 0.0388278 0.00485064 0.015118 0.00136913 0.773889 0.0133796 0.000248045 0.00379992 0.0269255 0.00041539 0.00607626 0.000814496 0.00141499 0.000138805 0.00215585 0.0124627 0.00758979 0.067225 1.6766e-07 
0.0242197 0.0445287 9.2635e-05 0.0122364 0.0328396 0.00399972 0.0191962 0.635625 0.0262319 4.55176e-05 0.00744986 0.00248621 0.00119891 0.00790261 0.00221304 0.000206934 7.29384e-05 0.00919211 0.00313888 0.00505658 0.161927 0.000138804 
0.0842862 0.029233 2.19972e-05 0.0180119 0.0974581 0.00215882 0.0089748 0.451489 0.000152611 0.000105128 0.000209383 0.249807 6.40414e-06 0.0381431 0.000369908 1.43275e-07 1.68997e-05 0.000181207 0.000653219 0.00148439 0.0172184 1.89504e-05 
0.00984905 0.0206243 0.00167061 0.0558641 0.0128541 0.00202201 0.0186158 0.398638 0.00622253 5.55565e-05 0.000931487 0.348407 0.000382213 0.0171077 0.00194527 0.00038121 0.000313461 0.00390244 0.00545166 0.0107492 0.0839469 6.50145e-05 
0.147238 0.00432649 0.00922637 0.0340546 0.000516625 0.000148936 0.049537 0.353022 0.0210531 0.000201387 0.000209701 0.00913298 0.000785514 0.0856517 0.00180431 2.16078e-07 0.183899 0.000218596 0.062323 0.0126113 0.02403 8.50008e-06 
0.00856061 0.0432765 0.00155832 0.180749 0.00279011 0.00485482 0.00729392 0.311191 0.141168 0.000966915 0.0014157 0.0035861 7.05624e-05 0.00973662 0.00581857 0.0121755 6.32483e-05 0.0452794 0.0417122 0.00387935 0.173824 2.95494e-05 
0.00675049 0.0695925 0.000292543 0.0598627 0.000188905 0.00103821 0.00290256 0.5518 0.041279 0.000194015 0.00109617 0.000458975 5.35347e-05 0.00327354 0.00139644 2.25965e-05 3.17453e-05 0.00286714 0.0572408 0.0118393 0.187817 1.69742e-06 
0.0535344 0.0389194 0.0037428 0.039639 0.0200178 6.99275e-06 0.000218389 0.647135 0.00412799 9.96239e-06 0.0162381 0.000559399 0.000301197 0.00370729 0.0064737 0.000342467 0.000155052 0.000140951 0.0442945 0.0272304 0.090417 0.00278792 
0.00118126 0.00638368 4.71666e-05 0.0834671 0.000255326 1.10743e-05 0.000456654 0.717951 0.0182943 5.43784e-09 4.69014e-05 4.30982e-06 1.20763e-06 0.0152512 0.00407778 1.19076e-06 2.91521e-07 0.000687901 0.00803031 0.0207353 0.123116 5.18306e-10 
0.106302 0.0360868 0.000101843 0.0122107 0.0609981 0.0369218 0.0248851 0.393982 0.110709 0.00248343 0.00281057 0.0402356 0.00160788 0.0649782 0.000742006 3.53827e-05 0.00963528 0.0117431 0.00245409 0.0232536 0.0578231 2.2417e-07 
0.0348963 0.0229875 0.0645347 0.00912322 0.00319674 4.84661e-05 8.71763e-05 0.512072 0.0270844 0.000180386 0.000814741 0.00443193 5.38592e-05 0.00780492 0.000994302 0.000225884 1.16798e-07 9.64972e-05 0.000506347 0.039749 0.271108 3.85951e-06 
0.112836 0.0172938 0.0170066 0.0727492 0.00861135 0.00403557 0.00808464 0.595689 0.0184211 0.000111362 0.000875647 0.0472786 0.00422071 0.0276347 0.00547815 0.000480125 3.41407e-05 0.00121952 0.00466426 0.0133385 0.0392203 0.00071723 
0.148761 0.0125787 0.00105866 0.0859377 0.123503 0.000402426 0.000529541 0.377917 0.00790468 0.00030589 0.0095346 0.0609104 0.0130111 0.00838339 0.0166186 0.000168774 0.000366128 0.000371921 0.030011 0.074211 0.0112842 0.0162305 
0.00916556 0.0478014 0.00109689 0.126078 0.0161321 0.000607565 0.0158991 0.410206 0.00661113 1.41422e-05 0.00323058 0.0181496 0.00076031 0.0448843 0.0308763 0.00251987 0.000267716 0.00568979 0.12647 0.0217865 0.111751 1.62568e-06 
0.0233034 0.0226717 0.00426494 0.0864007 0.00559862 0.0144625 0.000813057 0.491769 0.0574756 0.000181335 0.0010661 0.139082 1.31952e-05 0.0534368 0.000529812 1.05768e-05 3.89778e-05 0.000358985 0.0131514 0.0286908 0.0566698 1.1335e-05 
0.0015254 0.00183752 0.000165137 0.0831316 0.00100084 0.0129885 6.26287e-05 0.447386 0.0984406 6.11372e-07 0.00875127 0.000692556 9.9772e-08 0.00289351 0.0422943 1.4141e-05 2.75856e-07 1.06581e-05 0.244758 0.0153475 0.0385279 0.000170172 
0.00342589 0.133578 7.19444e-05 0.0240022 0.00202117 3.90804e-05 0.000177665 0.632523 0.0130069 2.64334e-05 0.000264324 8.09544e-05 5.29607e-05 0.00163642 0.00381921 4.24368e-05 4.3796e-08 6.08525e-05 0.00228237 0.017529 0.165358 5.70179e-07 
0.0526429 0.0216433 2.30297e-05 0.0152693 0.0151591 8.07239e-05 0.00813151 0.547786 0.0910664 0.0043904 0.00103817 0.0500979 8.9559e-05 0.1137 0.00217512 3.04451e-05 0.000264149 0.00218045 0.0453814 0.000223991 0.0286242 1.98073e-06 
0.000219959 0.00309055 4.95525e-06 0.0386376 1.06724e-06 0.000410613 0.000414725 0.807148 0.000296938 1.60137e-09 0.000374879 0.000377475 3.02173e-08 1.34439e-05 0.000429986 0.000178296 1.52679e-06 2.2167e-05 0.00699906 0.0112651 0.130114 1.44369e-09 
0.0825679 0.109947 0.00251851 0.0218173 0.180962 0.000760231 0.0312244 0.251483 0.0213833 0.00130148 0.0119945 0.0215951 0.00477948 0.0514607 0.00511135 0.000330548 0.00698106 0.0358472 0.0197512 0.0182255 0.10926 0.0106971 
0.00106539 0.223105 2.63096e-05 0.012434 0.065625 0.000543404 0.000697816 0.434743 0.0082138 1.93107e-06 8.62761e-05 1.98155e-05 9.11177e-05 0.00164283 0.000839339 5.55387e-05 5.3316e-05 2.67284e-05 0.0168387 1.94488e-05 0.233871 2.95406e-10 
0.023251 0.0464913 0.00619718 0.0190785 0.0062045 0.00108208 0.0213971 0.28713 0.172373 0.000203133 0.0120381 0.00295782 6.0157e-05 0.03926 0.00570761 0.00256199 0.00426871 0.003834 0.100255 1.4464e-06 0.245637 1.05199e-05 
