0.0960233 0.0241341 0.0156131 0.215042 0.0170442 4.46862e-05 0.00673346 0.241248 0.0780441 0.00114013 0.00401911 0.00105301 0.00589757 0.0701839 0.0051607 0.00541275 0.00370287 0.036544 0.0182672 0.0252764 0.129365 5.12939e-05 
0.0114993 0.0188425 0.000459022 0.194333 0.00734408 0.064108 0.0867913 0.278241 0.0314306 0.0152788 0.00146718 0.014952 0.00131139 0.123025 0.00276977 0.00713864 0.000696192 0.0164102 0.017346 0.00350036 0.103055 7.95508e-10 
0.11381 0.0723117 0.00126382 0.23586 0.0492729 0.0263 0.00362203 0.245739 0.0405469 2.17794e-06 0.00212108 0.0132167 1.46304e-07 0.031602 0.00770992 0.000316589 0.000305878 1.68016e-05 0.0181865 0.0783726 0.0593958 2.72572e-05 
0.0187488 0.109938 0.000960864 0.0127505 0.00475667 0.0115525 0.0174122 0.352323 0.0241475 0.000198027 0.0233753 0.0095947 0.00764389 0.0209218 0.00182259 5.66452e-05 0.00134223 0.0398902 0.0343377 0.0210293 0.287165 3.26943e-05 
0.00465697 0.0172235 5.92128e-05 0.0403873 7.42266e-09 0.00392227 0.00344669 0.516609 0.010419 2.45083e-08 0.00242097 0.0138428 1.77663e-07 0.00132177 0.00113181 5.45461e-05 1.35574e-08 0.00101535 0.00773104 0.000250811 0.375507 2.31266e-12 
0.00966257 0.0326739 0.00671799 0.0133251 0.229265 0.00143229 0.00369286 0.507233 0.000782957 0.000245814 0.0019315 0.0163997 0.000347412 0.00809438 0.00281911 1.55007e-06 0.000204401 0.00464109 0.00324221 0.0230897 0.132209 0.00198839 
0.0708705 0.177016 0.00154161 0.00702607 0.0172403 4.51845e-06 8.6394e-05 0.370092 0.0509541 0.000264851 0.0404572 0.00513947 1.54788e-07 0.0789929 0.0134286 2.53057e-08 0.000439785 0.00217031 0.106892 2.18953e-05 0.0573443 1.62121e-05 
0.130209 0.127587 0.00693491 0.100428 0.00220389 0.0267555 0.00154521 0.260632 0.0406676 0.00250265 0.00771642 0.00625149 0.00234257 0.107425 0.00220417 0.000185348 0.000132733 0.00121893 0.02645 0.0259268 0.120681 1.39324e-08 
0.0036228 0.0410865 0.00247443 0.0401834 0.0233687 0.000462334 0.000775804 0.703811 0.00962072 1.4452e-05 0.0012348 0.000646561 7.84287e-05 0.00545712 0.00444731 4.53262e-05 3.33451e-05 0.00342902 0.0136365 0.016452 0.12912 2.70121e-07 
0.032231 0.13778 0.00688826 0.0822948 0.0166616 0.00717205 0.0419938 0.242192 0.0370225 0.000171447 0.042861 0.00824739 0.00346038 0.0398058 0.00731445 0.00182635 0.00219297 0.00965746 0.0376304 0.00961769 0.232831 0.000147829 
0.0116571 0.0113315 0.00977115 0.0514428 0.0023948 0.0470886 0.0020245 0.578016 0.0198587 8.13842e-05 0.000205037 0.100768 0.000103519 0.0148175 0.00266159 0.00506444 0.000675593 0.000806558 0.004694 0.0105135 0.126008 1.4738e-05 
0.0168317 0.0520644 8.4457e-05 0.007307 0.0639533 0.0106866 0.0105656 0.633481 0.013242 5.93724e-08 0.0115987 0.00621161 0.00220582 0.0135349 0.00613564 0.00109756 0.000134837 0.00372999 0.00895656 0.00266826 0.135273 0.000237517 
0.00632748 0.0383551 3.93277e-05 0.0557515 0.000591337 0.00132272 0.00705764 0.499036 0.0123695 8.61903e-06 0.00192184 0.00828696 0.000446149 0.00381554 0.00149938 0.00135835 7.79695e-05 0.00307018 0.015532 0.00241568 0.340717 1.33687e-07 
0.0613732 0.203908 0.000828437 0.0373754 0.0167088 0.00370401 0.0138763 0.289411 0.0530122 7.09964e-05 0.00411091 0.00820539 0.000210573 0.0130943 0.00388039 0.00203302 0.00136147 0.0124078 0.0219969 0.0017948 0.250632 4.63317e-06 
0.0561294 0.00200702 0.0138975 0.0923235 0.0923094 0.00461574 0.0028267 0.569966 0.00596712 0.000205967 1.5771e-05 0.00323681 0.00226257 0.0150007 0.000585375 0.00790678 7.04007e-05 0.00343319 0.0123136 0.0167454 0.0979413 0.000239809 
0.0304459 0.106487 0.00243668 0.0637735 0.00742301 0.00170115 0.0449314 0.386108 0.086172 0.000805737 0.00839462 0.00242872 0.00015158 0.0198262 0.00424839 0.000567748 0.000962471 0.00996477 0.0648362 0.00335248 0.154965 1.7971e-05 
0.0280485 0.0414563 0.00377491 0.131434 0.00739478 0.00833982 0.000425401 0.387825 0.0493881 6.81292e-05 0.00488815 0.000880854 3.54721e-05 0.0193674 0.000691306 0.000140205 2.01869e-05 0.000527519 0.0245167 0.204941 0.0858339 2.28769e-06 
0.0334666 0.0243613 0.000257581 0.0368723 0.00168206 3.03066e-05 0.000258423 0.481508 0.00775231 1.28899e-05 0.000193136 0.000290061 4.8398e-05 0.00112459 0.000682723 0.000189742 0.000664388 0.000887418 0.00126727 0.0234638 0.384986 1.18061e-07 
0.0400822 0.0845085 0.000561378 0.0283143 0.00256325 0.011728 0.255173 0.350708 0.0132642 6.26275e-05 0.000395204 0.0526295 0.029496 0.0189281 0.000806651 0.000877052 0.000561279 0.00352221 0.0279388 1.48561e-05 0.0778267 3.80571e-05 
0.10424 0.0883025 0.0414116 0.203731 0.0149742 1.77673e-05 0.011538 0.275281 0.00641977 0.000149135 0.000953894 0.00633556 6.49995e-06 0.0154548 0.0145866 7.60001e-07 0.00713668 0.000280557 0.01655 5.38602e-06 0.188414 0.00421029 
0.147459 0.0295334 0.000142388 0.0230618 0.0179682 0.0526506 0.00210914 0.397931 0.0129299 0.00112825 0.00218305 0.246773 0.000152267 0.00831207 0.000612862 6.15682e-06 0.000149962 0.0102685 5.951e-05 0.00397559 0.0425934 4.49139e-07 
0.155562 0.110611 0.0616947 0.0355712 0.00874978 7.83052e-10 0.0115324 0.285459 0.0355692 0.000259311 2.39332e-09 0.0113282 0.00122141 0.123735 0.111338 4.34899e-09 0.0469794 0.000170766 6.5446e-10 1.37485e-09 0.000103376 0.00011546 
0.00054345 0.000261562 6.81268e-05 0.0251863 0.0612658 6.24426e-07 4.20513e-05 0.806835 0.00187126 0.00134992 4.88435e-06 2.50559e-06 0.000843544 2.79798e-05 0.0225123 5.01712e-05 2.19929e-05 8.25365e-07 0.0169865 0.0557587 0.00636533 9.75166e-07 
0.00254478 0.0150256 0.000918766 0.107139 0.000655788 0.00408704 0.00709422 0.275033 0.080096 4.77531e-05 0.0066925 0.000679538 0.000135744 0.0462475 0.00828776 0.0103901 0.00210768 0.0526038 0.112345 0.000398396 0.267469 8.21828e-07 
0.0497748 0.0297658 0.0167379 0.0565152 0.143614 0.0116614 0.0225115 0.455362 0.0279307 0.000395688 0.00313089 0.109856 0.00016552 0.0195132 0.000714229 0.000509274 1.14584e-05 0.0125209 0.00542439 0.00668405 0.0271271 7.39347e-05 
0.00147044 0.0487354 0.000107255 0.0791358 8.13955e-10 6.16477e-06 0.000855671 0.445931 0.00615801 5.25777e-06 0.000860768 6.03551e-05 6.17986e-05 0.000956988 0.001448 0.000811617 7.34826e-06 0.000342672 0.361212 0.00114119 0.0506918 1.73469e-07 
0.00770987 0.00946917 9.5878e-08 0.0150074 0.0112529 0.000553568 0.000395266 0.73505 0.00313146 0.00466186 0.00176755 0.00175364 0.000574687 0.00533423 0.00914522 0.000154376 0.00022265 0.192848 0.000228347 6.17061e-08 0.000244416 0.000495839 
0.059002 0.0429907 0.00741117 0.0369157 0.125691 0.00355889 0.0121545 0.225049 0.104369 1.47997e-06 1.4812e-06 0.143284 1.48123e-06 1.4826e-06 0.0343757 1.47993e-06 1.48184e-06 1.48245e-06 1.48233e-06 0.0265269 0.178658 1.48147e-06 
0.0280273 0.0492776 0.00467724 0.0261034 0.0353946 0.000369533 0.00988018 0.644781 0.0118303 9.67668e-05 0.00781108 0.000888337 0.000118719 0.000837176 0.00674936 6.24984e-05 0.000192227 0.0040459 0.00857748 0.00203029 0.157699 0.000550365 
0.00418081 0.00480652 0.000197256 0.236704 0.000363228 0.0146333 0.00103224 0.341783 0.0805417 2.26768e-11 0.000645719 0.240505 1.25067e-11 0.000803675 0.00270343 2.31979e-06 7.22559e-07 0.000232466 0.0138717 0.0151283 0.0418643 9.04069e-08 
0.00411538 0.0435397 0.000844952 0.0224567 0.129088 0.0310657 0.00237886 0.481518 0.0326133 0.000115913 0.000389393 0.158029 0.000182476 0.00273879 0.000393549 0.000569797 2.03768e-05 3.57735e-05 0.00209591 0.0277669 0.0600289 1.31064e-05 
0.00449303 0.0163583 0.0131561 0.00334582 0.16929 0.0322056 0.000713315 0.351207 0.00324462 0.000589342 0.00742037 0.0168075 0.278403 0.0183575 0.000830537 1.63907e-06 0.000567621 0.0013829 0.00632317 0.0105076 0.0647922 2.43113e-06 
0.012895 0.00591749 0.000502031 0.066527 0.0347437 0.00506314 0.0516384 0.72849 0.0021289 3.59623e-05 0.000158161 0.0105766 0.000660482 0.00606008 0.00195315 0.0245185 4.76075e-05 0.000770945 0.00458108 0.0023522 0.0403777 1.64415e-06 
0.0446879 0.0310286 0.0110678 0.0462114 0.00946292 2.89072e-05 0.00491053 0.447016 0.0157371 0.000163205 0.00149742 0.000903733 0.00112642 0.135918 0.0184098 7.47701e-05 0.000887564 0.0017706 0.0347577 0.053184 0.140788 0.000366856 
0.0318032 0.0558844 0.00760866 0.089395 0.00448352 0.00188098 0.0110695 0.53714 0.0456618 0.000143589 0.00181043 0.00696041 0.0035491 0.0103003 0.00316936 0.0034358 0.00123492 0.00440286 0.0154934 0.0125452 0.151758 0.00026976 
0.0414885 0.0215791 0.000480165 0.0146118 0.0094159 0.0348163 0.0444013 0.434964 0.00731457 0.000288278 0.000568803 0.0322669 0.000159585 0.0652693 0.00150958 0.0050045 0.000647613 0.0227274 0.00741196 0.000221241 0.254852 8.94261e-07 
0.0105284 0.0314821 0.00246634 0.0452734 0.00379603 0.000103399 0.0016398 0.71667 0.000539971 3.17953e-07 0.00234469 0.000153061 0.0191283 0.0183839 0.0109345 0.00018738 0.00111359 0.000399111 0.0320562 0.000412983 0.102359 2.73022e-05 
0.0075275 0.0399247 5.22298e-05 0.251505 0.000396336 0.000183163 0.0886158 0.37053 0.00708275 0.00339659 0.000189669 0.0865563 6.0487e-08 0.0608851 1.45875e-09 1.20461e-05 7.30572e-06 0.000145328 0.0167895 0.00170853 0.0644925 1.53876e-11 
0.00577128 0.0520323 0.00120389 0.00310879 0.00187934 0.000230334 0.00673392 0.52714 0.0103503 7.05648e-05 0.000933906 0.00552627 0.000136331 0.0116251 0.00380134 7.37157e-05 0.000175339 0.00277609 0.00723169 0.0024246 0.356726 4.90382e-05 
0.0222742 0.0385742 0.00471934 0.0662154 0.0122377 0.000506575 0.00101131 0.609924 0.00753357 0.000319314 0.00314732 0.00091781 0.000179647 0.0150512 0.00142084 0.000913766 0.000294066 0.00227679 0.0633346 0.0123966 0.136752 3.19847e-08 
0.0173973 0.0117563 0.000450429 0.0358717 0.03166 0.0965554 0.0746427 0.369755 0.00686685 0.000542681 0.00291637 0.17263 0.0144392 0.0135516 0.0013239 3.28109e-05 0.000864494 0.0395914 0.0227696 0.0109433 0.0732585 0.00218052 
0.00303794 0.00428934 0.000161662 0.0427284 3.98139e-05 0.000142778 0.294614 0.455871 0.00401684 9.37375e-05 0.00056731 0.00296518 0.00122237 0.011729 0.000134396 0.00102309 0.154879 0.000954216 0.00197517 0.00156248 0.0179904 2.19601e-06 
0.0120237 0.276495 0.000157402 0.00857576 0.00159723 0.000265841 0.000143443 0.510656 0.00743943 0.000790265 0.0514487 0.00127784 6.47895e-05 0.00659668 0.0380538 1.72772e-05 1.88117e-05 0.00948568 0.0491681 2.47204e-07 0.0257214 2.12494e-06 
0.00929133 0.0409633 0.00223323 0.101028 0.00154552 0.000453428 0.000899585 0.580285 0.0133702 8.55238e-05 0.000569286 0.00040787 7.92381e-05 0.00333799 0.0196916 0.000251148 6.59515e-05 0.00378835 0.0414149 0.0133427 0.166868 2.85614e-05 
0.00366439 0.00678567 2.33955e-05 1.92101e-06 0.174672 2.8975e-05 3.79607e-05 0.437053 0.00091139 1.06887e-09 4.79544e-06 0.00429226 5.62234e-05 5.79353e-07 1.41142e-05 6.41326e-07 4.63793e-07 2.68559e-05 5.23726e-06 0.000214684 4.18192e-06 0.372201 
0.0161744 0.042516 0.0103567 0.0584425 0.000758052 3.10909e-06 8.44571e-05 0.72107 0.00836875 1.83575e-05 0.000934811 0.00898623 3.46158e-05 0.00133804 0.00254882 3.96022e-06 3.97643e-05 7.41292e-05 0.00613512 0.0281586 0.0937288 0.000225248 
0.0317733 0.0128257 0.00220696 0.296063 0.0126201 0.0108844 0.00740834 0.47971 0.0220254 0.000323904 0.000542656 0.00884745 0.000623282 0.0274169 0.00434441 0.00239065 0.000445675 0.00318304 0.0160992 0.00785218 0.0522983 0.000114649 
0.0152405 0.0282389 0.000865052 0.059524 0.00198053 0.00081899 0.0199102 0.338329 0.0272374 0.000264547 0.146984 0.00319113 0.000505026 0.0137648 0.0351602 0.00102798 0.000154777 0.000228476 0.159344 0.0228042 0.124401 2.60043e-05 
0.0168317 0.0520644 8.4457e-05 0.007307 0.0639533 0.0106866 0.0105656 0.633481 0.013242 5.93724e-08 0.0115987 0.00621161 0.00220582 0.0135349 0.00613564 0.00109756 0.000134837 0.00372999 0.00895656 0.00266826 0.135273 0.000237517 
0.0144756 0.03943 0.00141523 0.0291311 0.058146 0.00429611 0.0245408 0.449798 0.0463777 0.00118413 0.0314934 0.0125622 0.00082745 0.0224522 0.0085898 0.00274556 0.000840403 0.0371674 0.0489811 0.00819882 0.157317 2.98789e-05 
0.0441596 0.03415 0.00206832 0.0355802 0.0333374 0.0126903 0.00756056 0.332275 0.03694 0.000202074 0.00421989 0.00398259 0.00247412 0.0341953 0.00546521 0.000869181 0.00178472 0.0936235 0.00499418 0.043424 0.26599 1.44357e-05 
0.00590381 0.0345448 0.000373829 0.000760122 0.000234762 4.1284e-05 4.76011e-07 0.658537 0.0158696 2.18864e-10 0.00561875 0.0303482 0.00338382 0.00184064 0.00466479 6.00371e-08 0.00113817 0.000843833 0.21389 9.63861e-06 0.0219962 1.01475e-10 
0.01064 0.015832 0.00332364 0.0211123 0.00437584 0.0134329 0.254494 0.364277 0.0314418 0.00976916 0.000701621 0.0678794 0.000852622 0.0144377 0.00137293 0.000785742 0.000129965 0.00974659 0.0149451 0.00584782 0.154589 1.34699e-05 
0.0079495 0.0141555 0.000127069 0.0438714 0.000756092 0.0281964 0.00721229 0.495699 0.0049855 0.0319468 0.00114854 0.00272476 8.8411e-07 0.00539145 0.00102423 0.0003129 7.95138e-09 0.000629842 0.0213819 0.000319533 0.332166 3.91606e-09 
0.00986581 0.0893422 9.74523e-05 0.0159379 0.00593041 7.59566e-05 0.000513994 0.436325 0.118501 8.11904e-07 0.000177852 0.000578814 5.68584e-06 0.00138561 0.000840696 5.80302e-06 0.000172711 0.000439024 0.006581 0.000282049 0.312941 1.21959e-09 
0.00770987 0.00946917 9.5878e-08 0.0150074 0.0112529 0.000553568 0.000395266 0.73505 0.00313146 0.00466186 0.00176755 0.00175364 0.000574687 0.00533423 0.00914522 0.000154376 0.00022265 0.192848 0.000228347 6.17061e-08 0.000244416 0.000495839 
0.00811608 0.22878 0.00104975 0.0443873 0.00899661 3.73102e-05 0.000383774 0.504504 0.0023185 0.000250229 0.0384353 0.0019782 2.92281e-08 0.00400675 0.00960896 0.000235135 0.000213569 0.000251882 0.114281 0.00222184 0.0296365 0.000308096 
0.0245128 0.0153358 0.000546155 0.0510634 0.0249317 0.00995409 0.205004 0.425293 0.018659 7.4349e-05 0.000454654 0.0158154 0.0112452 0.0223409 0.000715418 0.000581579 0.00207882 1.63774e-07 0.047739 0.00069147 0.122963 1.66931e-09 
0.0100231 0.0151617 0.000826912 0.0402299 0.0150209 0.111495 0.0116153 0.337397 0.00782231 0.000236519 0.00165702 0.288477 9.24883e-05 0.0347546 0.022604 1.69219e-05 0.00054577 0.00661289 0.0154169 0.00331635 0.0766771 6.0655e-07 
0.240909 0.0639526 0.00289644 0.0619806 0.0356988 0.000224453 0.0240428 0.282061 0.0144763 0.0107634 0.00110264 0.00846516 0.00050637 0.072231 0.000800699 0.000725123 0.000717445 0.0644137 0.0180307 0.00260484 0.0933956 1.39234e-06 
0.196336 0.0834068 0.00985117 0.0122048 0.00115194 0.000168906 0.00358339 0.440112 0.0129118 0.000374916 0.00447068 0.00159634 4.16142e-05 0.014461 0.00802059 1.84335e-05 0.000480785 0.0241619 0.044307 3.47652e-08 0.139625 0.00271515 
0.0449261 0.0934875 2.013e-07 0.0266304 0.274188 0.0027497 0.163738 0.346695 0.0366019 3.45638e-09 8.62398e-07 1.54104e-05 7.50939e-06 1.9197e-10 9.44274e-07 3.50722e-09 0.00846467 7.97497e-07 0.00164219 0.000817748 2.71507e-05 4.95299e-06 
0.00117925 0.0340633 0.00116361 0.0109789 0.0133324 0.000292781 0.00425174 0.764363 0.000551753 2.29932e-05 0.000173072 0.000390671 0.000182776 0.00102762 0.000910961 1.84755e-06 0.000146929 0.000134621 0.00120289 0.019259 0.146256 0.00011334 
0.0179472 0.263081 0.00305718 0.0748589 0.000898561 1.77295e-09 0.000400358 0.34917 0.0188502 1.57605e-05 0.0072349 0.000498382 7.28126e-05 0.00186781 0.00606383 5.46219e-06 0.00026226 0.000210335 0.0465078 0.0164385 0.191926 0.00063313 
0.0388213 0.0467505 0.0022005 0.129561 0.00739138 0.0103431 0.191577 0.220577 0.0987045 0.000386528 0.00120232 0.0147128 0.00559838 0.0538381 0.00519217 0.00152443 0.00208365 0.0146343 0.0276174 0.0044107 0.1208 0.00207302 
0.0451159 0.00183865 0.117041 0.0525396 0.0931097 0.0746771 0.00879152 0.440339 0.0158842 0.000117694 0.00138793 0.0214215 2.85818e-05 0.00217952 0.000301367 3.21855e-05 0.000819201 0.00635914 0.0036753 0.0240301 0.0887525 0.00155798 
0.0201881 0.000215223 0.204012 0.0878525 0.144144 0.000777396 5.28697e-11 0.216296 0.0060175 2.14628e-10 0.000614714 0.0426002 0.00452373 0.0493038 0.00317693 2.17784e-10 0.00038624 5.8972e-05 0.00297766 0.177828 0.0380576 0.000970098 
0.0308356 0.0301666 0.00339144 0.0641754 0.0350434 2.66744e-05 0.00391907 0.529884 0.0368591 0.000393557 0.000427591 0.00119459 0.000244413 0.0201707 0.00205293 0.00294603 0.00619542 0.0276345 0.0140166 0.0379941 0.152428 3.38003e-07 
0.00476738 0.000169884 0.000976432 0.000797074 0.00167166 2.5256e-06 9.93524e-05 0.946311 0.00571318 1.30489e-07 4.41973e-06 6.60426e-05 0.000135656 0.0119509 3.90538e-11 1.46473e-08 0.000193649 9.09218e-06 3.60434e-05 2.69073e-05 0.0270678 4.32654e-07 
0.0231316 0.262128 0.000399118 0.033781 0.0366198 0.00403514 0.00748034 0.28865 0.0620312 0.000379305 0.000400255 4.65901e-07 0.00476242 0.069204 0.0489136 0.00825981 0.00476731 0.00697985 0.0197581 0.00175033 0.116568 6.84109e-10 
0.00810461 0.0525042 0.00743625 0.0677087 0.000398946 0.00132247 0.00248715 0.676229 0.0128667 3.31904e-05 0.000374219 0.0229329 0.0203599 0.0231095 0.00484143 0.00345877 0.000201514 0.00164204 0.0282583 0.0159565 0.0497734 4.08593e-07 
0.0135748 0.0360594 0.0379152 0.0016605 0.124859 0.000604428 0.000185038 0.549667 0.0463525 1.22995e-05 6.53621e-07 0.00106192 1.07206e-05 0.000498675 0.0126116 0.000192519 7.41912e-06 5.98243e-05 0.0062955 0.000730822 0.167541 9.95931e-05 
0.0966627 0.0698141 9.01158e-05 0.224355 0.0173242 0.00364653 0.00246942 0.259393 0.0711074 0.000196373 0.000863279 0.00168839 0.00117757 0.0202452 0.000194653 0.00432149 9.82114e-05 0.000453809 0.0586419 0.04083 0.126418 8.2468e-06 
0.137239 0.0450739 0.00104989 0.0835309 0.0739381 0.0159537 0.00682664 0.403727 0.0978555 0.000390313 0.00939131 0.0158801 0.00132122 0.012548 0.00654416 4.8975e-05 0.00123934 0.00120753 0.0245671 0.0170502 0.0443183 0.000298435 
0.0304389 0.0084282 0.00154593 0.171479 0.105791 0.0401999 0.0159918 0.264651 0.0494599 0.00128017 0.0198736 0.0991009 0.000252996 0.0285976 0.000249851 0.00141038 1.4968e-05 0.000477962 0.0243638 0.0775719 0.0587712 4.89219e-05 
0.00571795 0.00312273 0.000174987 0.0048564 0.000464532 0.000299984 0.000439083 0.783817 0.00420281 0.000293064 0.000633182 0.000213882 0.00319619 0.00365754 0.0103289 0.000157158 0.000114278 0.0235892 0.00164514 0.0145338 0.138541 1.12505e-06 
0.0436471 0.0869484 0.000309976 0.0443519 0.00891093 2.01726e-05 1.38188e-05 0.48236 0.00392643 1.16071e-05 0.0013748 0.000728391 6.61074e-06 0.00548823 0.00011202 3.09093e-05 0.000396086 0.00299824 0.000108577 0.0445064 0.273745 4.89226e-06 
0.0295513 0.0867993 0.00153958 0.0958265 0.0159192 7.16331e-05 0.00161107 0.496874 0.0221369 0.000269466 0.0012257 0.000686861 0.00207277 0.0100481 0.013794 0.000286901 0.000676454 0.000502064 0.0774309 0.066332 0.0763328 1.20239e-05 
0.119911 0.14254 0.0109007 0.0448783 0.0703046 0.000272077 0.0118892 0.295539 0.0148015 0.000201141 0.052277 0.070197 0.00699322 0.015831 0.00197666 0.000124863 0.000883734 0.000366102 0.0022736 1.61628e-05 0.137801 2.19206e-05 
0.0176283 0.0213974 0.00044041 0.0123782 0.0246616 0.0405581 0.108575 0.503814 0.0300453 1.67405e-05 0.0142132 0.0637572 0.00235263 0.00548285 0.00420309 4.25983e-05 0.000199368 0.000493571 0.0223703 0.10567 0.0210651 0.000635846 
0.00147959 0.00740783 7.11163e-09 0.0203522 4.5336e-12 2.0424e-06 0.00352626 0.884116 0.00108195 2.22696e-11 0.000104198 0.00336729 1.22821e-11 2.52352e-05 1.02429e-07 3.16498e-08 4.12146e-08 1.54433e-06 0.000804124 0.000960027 0.0767714 1.03251e-11 
0.00392841 0.0177205 0.000450356 0.0390521 0.0190372 0.000114738 0.000291194 0.790003 0.00823005 9.72817e-05 0.000376777 0.00518759 5.16624e-06 0.01012 0.0288297 0.000207947 0.00017644 0.00151564 0.0233206 0.000636479 0.0506989 4.82643e-09 
0.0128856 0.00596444 0.0017908 0.0516344 0.0262505 0.0106352 0.0010805 0.379737 0.0261771 0.000111465 0.00164539 0.0387634 0.00813881 0.00771873 0.017055 2.53666e-05 0.000112776 0.00337843 0.0583552 0.299228 0.0492918 1.96722e-05 
0.0242082 5.97749e-11 0.000530555 0.00294682 0.00718981 1.39807e-06 1.08523e-10 0.684332 0.00717522 5.74919e-07 0.00460761 1.64036e-10 0.000201363 0.00678948 0.000546681 4.47036e-10 4.86449e-07 3.49617e-08 8.30959e-07 0.257013 0.00445587 1.03786e-07 
0.000316215 0.000319872 7.10322e-05 0.26447 0.00987074 1.31602e-08 0.000108533 0.686531 0.000139705 8.86321e-09 0.000141356 2.49336e-05 0.00029251 0.00381495 0.00117142 2.04265e-06 4.17313e-05 6.62516e-05 0.0112179 0.0172788 0.00412053 7.69554e-09 
0.0468759 0.0288982 9.86308e-06 0.100124 0.000669478 0.0129474 0.229227 0.322637 0.0306274 7.29588e-07 9.10712e-07 0.0117151 0.0140124 0.0018327 2.99901e-07 0.000527424 3.13242e-05 0.00303158 0.0198636 0.00391172 0.173056 1.51707e-08 
0.00421798 0.0522339 0.0232611 0.0162466 0.00233903 0.00688877 0.0234696 0.322702 0.19807 0.00017822 0.000414671 0.0427995 0.0104936 0.0338339 0.00126676 0.000405351 0.00419464 0.00168697 0.0137592 0.017839 0.223699 2.95094e-07 
0.000135175 0.00586525 0.000524415 0.0210829 0.00370137 7.7367e-06 0.000931333 0.935114 0.000467828 2.01994e-05 2.2925e-05 1.55396e-08 0.000162026 0.000570807 0.0146144 0.00573583 3.17414e-05 5.26823e-09 0.0110114 1.14762e-07 1.16427e-07 1.45852e-09 
0.00136859 0.101708 1.61693e-05 0.00794138 5.31125e-05 1.01172e-05 2.7612e-06 0.627461 0.0031193 1.36685e-07 1.95476e-05 9.54015e-05 9.90206e-08 0.000951979 0.00469751 1.80551e-10 0.000135969 1.44736e-07 0.0218109 0.0015847 0.229023 8.24976e-11 
0.000833898 0.00591959 1.05829e-05 0.0423128 6.439e-07 0.00205547 0.00184751 0.776562 0.00320445 1.53171e-09 0.000270846 0.0015491 2.87826e-08 8.07246e-06 0.000316511 0.000107137 1.89646e-06 1.89536e-05 0.00484569 0.0071953 0.15294 8.46584e-09 
0.0165875 0.0258638 0.00364513 0.123444 0.0562679 0.0104835 0.064296 0.185599 0.0879514 0.00774184 0.0748548 0.00365467 0.0103734 0.046436 0.0164183 0.00815269 0.00162363 0.0220595 0.0503704 0.0203694 0.163768 3.8283e-05 
0.0530045 0.0254732 0.0234198 0.151011 0.0086537 4.73204e-05 0.018218 0.234858 0.0310069 0.0279888 0.00608562 0.00277776 0.00140732 0.0457779 0.0195632 0.00207308 0.000853036 0.00692885 0.010509 0.13844 0.191899 3.29397e-06 
0.172072 0.0256214 0.00263094 0.0802428 0.0303168 0.000350161 0.00774728 0.218057 0.0128074 0.00567024 0.00930191 0.00213115 0.00907438 0.203438 0.00819872 4.06375e-05 0.00842628 0.117946 0.0218614 0.0106254 0.053389 5.18554e-05 
0.00615357 0.0693251 0.000417118 0.220021 0.0218518 0.00559518 0.0120441 0.400023 0.00608118 0.00101712 0.000384702 0.00154816 0.00112513 0.0249933 0.00307385 0.00598337 0.00605591 0.0260498 0.0336741 0.0395978 0.114984 2.16425e-07 
0.00944951 0.0195858 0.00136208 0.0450327 0.000927632 0.0822896 0.14733 0.317618 0.0143872 0.000310787 0.000289657 0.0709426 0.0474001 0.0549611 0.00247116 0.000620343 0.0308071 0.0274888 0.0171216 0.00219155 0.107412 1.02486e-06 
0.00904044 0.0167976 6.62521e-05 0.017357 0.00639199 0.00273857 0.0115645 0.562584 0.00986883 1.52112e-05 0.0001719 0.00916784 0.000152996 0.00790036 0.000472099 0.00210351 0.00233011 0.00755612 0.00467026 0.0133499 0.3157 8.18314e-09 
0.000879106 0.0164365 1.17978e-07 0.00501841 0.000901654 8.22082e-07 0.0175408 0.70591 0.170121 4.00492e-07 9.03675e-06 0.000139691 0.00010481 3.66823e-06 1.82472e-06 0.0102712 2.14617e-06 2.91931e-07 0.0268102 0.000160789 0.0456878 2.69554e-10 
0.0522872 0.0348346 6.26276e-05 0.0418226 0.185825 0.0402769 0.00531815 0.370466 0.0229289 5.67806e-06 0.000134853 0.120542 1.49633e-05 0.00677516 0.00033541 0.000469685 6.71857e-06 0.0069032 0.00829312 0.000186202 0.102509 2.26413e-06 
0.0411519 0.0523916 0.00836523 0.0161246 0.00663249 2.50348e-05 0.000213386 0.38923 2.96289e-07 7.156e-05 0.000262499 0.00190244 0.000120344 0.140491 1.00453e-05 6.59177e-08 0.000522165 0.0119038 0.000650024 0.0167884 0.313144 1.55253e-09 
0.0277537 0.0530993 0.0025422 0.105154 0.0271056 0.00161047 0.0128634 0.476296 0.0425368 3.92042e-05 0.00478798 0.10807 2.8766e-05 0.0112171 0.0438452 0.00329244 0.000378891 0.00862705 0.0276262 0.00471076 0.0384114 3.52573e-06 
0.079055 0.0262921 0.0174137 0.0398449 0.201983 0.00052789 0.00414147 0.210862 0.0114422 0.000128744 0.00386052 0.0117724 0.0490414 0.0668965 0.0116068 5.19287e-05 0.0352429 0.0611977 0.0136155 0.056226 0.0987964 5.44539e-07 
0.0222768 0.0439452 0.000127864 0.00627017 0.0335172 0.0203022 0.179051 0.553055 0.00200922 0.0061418 0.00126541 0.0603528 3.77793e-05 0.0131003 0.0156964 7.44819e-05 0.000263306 0.00528798 0.00327374 0.00328862 0.0300846 0.000578227 
0.0303467 0.0390086 0.00191883 0.119954 0.0006758 0.0368356 0.0284207 0.407833 0.0914958 4.61402e-05 0.00421971 0.00730735 0.000283065 0.0153455 0.00127475 0.0109541 0.00123773 0.00258969 0.0616712 0.00262977 0.135951 6.00755e-09 
0.00219738 0.0230725 3.51156e-05 0.10543 1.39937e-05 2.74269e-06 0.000116574 0.573581 0.00271219 4.03448e-07 0.000141877 0.000124245 1.21949e-05 0.000294289 0.000680457 0.000230508 3.29903e-05 0.000560328 0.00494967 0.0063401 0.279471 4.86731e-08 
0.00732426 0.0368715 0.00168805 0.000561443 0.104069 0.00156632 0.0173699 0.560718 0.0381829 0.00262902 0.00989884 0.0229824 2.20823e-06 0.0176258 0.0633805 6.39183e-05 0.000609709 0.00810321 0.0255271 0.00912515 0.0563879 0.0153126 
0.00333133 0.013626 0.000282573 0.0245838 0.00119582 0.130645 0.0154099 0.489761 0.002399 5.35071e-05 0.000224012 0.0914481 0.0192338 0.0172863 0.000582256 0.00113594 0.000712708 0.0434586 0.0109551 0.00305396 0.130621 9.97415e-09 
0.0206684 0.131755 0.00725582 0.056212 0.106486 0.00137777 0.0245165 0.333932 0.0296043 0.00165428 0.00841803 0.00634116 0.0152125 0.0507836 0.0147408 0.00310219 0.00465758 0.0202982 0.0378808 0.019075 0.105566 0.000462134 
0.0440162 0.061253 0.00963064 0.0491054 0.0190957 0.0289592 0.0269071 0.340142 0.0650945 0.000782461 0.00367811 0.0706683 0.00434273 0.0156351 0.00289651 0.000386593 0.00137172 0.00235268 0.0196057 0.0573085 0.176715 5.26783e-05 
0.0203792 0.0523107 0.00900734 0.120691 0.00214758 0.0301859 0.0193484 0.258744 0.128812 0.0012546 0.00482455 0.0171666 0.00340846 0.0410574 0.0200058 0.00172969 0.00361255 0.0205771 0.0617372 0.0143703 0.168629 1.86365e-07 
0.0176283 0.0213974 0.00044041 0.0123782 0.0246616 0.0405581 0.108575 0.503814 0.0300453 1.67405e-05 0.0142132 0.0637572 0.00235263 0.00548285 0.00420309 4.25983e-05 0.000199368 0.000493571 0.0223703 0.10567 0.0210651 0.000635846 
0.00870571 0.0469635 0.000345171 0.306113 0.00114111 5.97613e-05 0.0316791 0.375198 0.0323534 0.0018487 0.00209426 0.00519973 0.000135672 0.0434677 0.0133357 0.000301227 3.06732e-05 0.000275932 0.0324709 0.000212686 0.0980676 5.70462e-07 
0.060877 0.00547353 0.108747 0.0711284 0.00230438 9.34615e-06 0.029752 0.480473 0.0617479 0.000348757 0.00103209 0.00499625 0.0143893 0.060225 0.00295899 0.00364576 0.00102648 0.000369363 0.0417484 0.00496516 0.0437784 3.254e-06 
0.0393757 0.0298236 0.0648237 0.109191 0.0011695 0.00193254 0.00570658 0.251608 0.0581371 1.34428e-05 0.000896028 0.162345 0.000203472 0.0400325 0.0199757 0.000143456 0.0437798 0.041087 0.0302282 0.00725409 0.0922663 7.55518e-06 
0.0135628 0.0202568 0.00821654 0.0423371 0.00160417 0.0265082 0.000955323 0.639175 0.0160541 0.000281392 0.000823291 0.0047083 0.000120552 0.0305811 0.000480797 0.00276087 0.0002708 0.0167594 0.0200416 0.00869429 0.145807 1.09278e-06 
0.0772016 0.0398188 0.0132974 0.0808126 0.0196891 0.0453253 0.193131 0.291513 0.0611604 0.00178874 0.00536916 0.0277687 0.000348352 0.016821 0.00432242 0.000928698 0.00339619 0.00172758 0.0212814 0.00342265 0.0908498 2.61233e-05 
0.0771367 0.0652028 0.000133105 0.0222853 0.00838908 0.127449 0.0087719 0.434844 0.0370186 0.00372205 0.00564997 0.00760412 0.000253728 0.00656958 0.00114001 0.000144183 0.000394081 0.017984 0.00330483 0.000978235 0.171008 1.66616e-05 
0.00824322 0.107033 0.000235625 0.0433885 0.039694 0.0527862 0.00359091 0.539258 0.0267704 7.20988e-06 0.00907137 0.11468 5.35854e-07 0.0170972 0.00108837 6.78908e-07 3.84946e-07 3.24151e-05 0.00506319 0.00956434 0.0223941 4.44773e-07 
0.00487242 0.0319424 2.57995e-05 0.011781 0.00818453 0.0305346 0.167491 0.486808 0.00405241 1.71559e-05 0.00300949 0.191909 1.80548e-05 0.00237042 0.00121119 0.000275747 0.000161239 0.000144992 0.0193781 0.000943417 0.0161047 0.0187633 
0.0280309 0.0176607 0.00102806 0.00779576 0.0566598 0.165236 0.013213 0.291713 0.0256337 0.00304967 0.00818293 0.197008 0.00527215 0.0453898 0.00154341 1.41346e-05 0.02908 0.0317624 0.00971163 0.000531923 0.0614828 2.20909e-09 
0.0436471 0.0869484 0.000309976 0.0443519 0.00891093 2.01726e-05 1.38188e-05 0.48236 0.00392643 1.16071e-05 0.0013748 0.000728391 6.61074e-06 0.00548823 0.00011202 3.09093e-05 0.000396086 0.00299824 0.000108577 0.0445064 0.273745 4.89226e-06 
0.073077 0.00852773 8.71913e-07 0.0242895 0.0332623 9.72378e-05 8.95424e-05 0.788442 5.71177e-05 2.44419e-05 0.00284284 0.000835058 0.000239189 0.0226569 0.000352498 0.0019545 4.2211e-05 0.00181874 0.00468465 0.00336539 0.0112065 0.022134 
0.00799337 0.00160564 0.000667696 0.213441 9.99407e-05 0.00462469 0.00161153 0.496912 0.00577404 0.000187911 0.0181941 0.000144478 0.00107708 0.0110329 0.00799628 0.111475 7.29069e-05 0.00126481 0.0164322 0.0284327 0.0709591 1.26875e-07 
0.0136376 0.213463 0.00690593 0.0901105 0.00583197 2.55448e-05 0.000177064 0.27421 0.0692996 0.000241718 0.000516705 0.00108355 0.000387286 0.0269523 0.00204901 0.000893696 0.00351635 0.00920989 0.0513489 0.118184 0.111955 2.54367e-08 
0.293286 0.0931564 6.93377e-05 0.0598145 0.0873512 1.4749e-05 0.000604227 0.297055 0.00284919 9.68111e-05 0.00598934 0.000108422 2.64143e-10 0.00825476 0.00245844 6.6722e-08 0.0135437 3.67762e-05 0.00017448 0.0808673 0.0542655 3.68602e-06 
0.014402 0.219875 0.00130418 0.0626254 0.00623407 0.01797 0.0171227 0.236458 0.124783 7.854e-05 0.0120495 0.00459244 0.000203183 0.0399967 0.00326568 8.89745e-05 0.000459845 0.000830854 0.172013 0.00808174 0.0575648 4.89887e-10 
0.000308745 0.000328539 2.83794e-05 0.0725466 5.21089e-05 5.9356e-07 0.000135981 0.881765 0.00930221 1.62423e-08 4.89913e-05 1.45838e-07 2.86649e-07 0.000205947 5.32232e-05 3.78089e-06 5.86028e-08 4.94262e-08 0.00286164 0.0179522 0.0144057 1.41688e-08 
0.0265369 0.170811 6.89505e-05 0.0196902 0.0322476 0.00672296 0.0124167 0.388535 0.0225703 7.18873e-06 0.000287249 0.00864961 0.00114334 0.0034016 0.00357986 0.000678901 9.09053e-05 0.000901125 0.00810773 0.00604113 0.287497 1.4136e-05 
0.0982448 0.0324804 0.000206163 0.0852652 0.155169 3.90129e-06 0.0074284 0.201208 0.00992614 0.022567 0.000514249 0.0524941 0.0826963 0.152052 0.00116556 1.14057e-06 0.000575122 0.000351563 0.0355148 0.0125926 0.049535 8.38679e-06 
0.00824322 0.107033 0.000235625 0.0433885 0.039694 0.0527862 0.00359091 0.539258 0.0267704 7.20988e-06 0.00907137 0.11468 5.35854e-07 0.0170972 0.00108837 6.78908e-07 3.84946e-07 3.24151e-05 0.00506319 0.00956434 0.0223941 4.44773e-07 
0.00487676 0.0267255 0.0440843 0.00874643 0.000143277 7.29262e-06 4.90148e-05 0.540857 0.0211978 0.000180331 4.72621e-05 5.64603e-05 5.38365e-05 0.00266559 0.000376886 0.000267799 9.35815e-08 0.000149088 0.000659641 0.0109628 0.337893 4.57029e-08 
0.00366439 0.00678567 2.33955e-05 1.92101e-06 0.174672 2.8975e-05 3.79607e-05 0.437053 0.00091139 1.06887e-09 4.79544e-06 0.00429226 5.62234e-05 5.79353e-07 1.41142e-05 6.41326e-07 4.63793e-07 2.68559e-05 5.23726e-06 0.000214684 4.18192e-06 0.372201 
0.00211863 0.00849978 0.00220947 0.0182366 0.0216778 4.40399e-05 0.00155838 0.642732 0.084096 0.000124972 9.23914e-05 0.0117689 0.00278295 0.0431528 0.000368653 0.00796244 0.00047089 8.81738e-05 0.000376101 0.0225415 0.129098 7.56657e-08 
0.200422 0.191913 0.0327705 0.0178186 0.0604112 8.47162e-05 0.0047659 0.219907 0.0151415 0.000308171 0.0490802 0.00893848 0.000184561 0.0786414 5.57188e-05 4.50532e-06 0.0057729 0.00228416 0.00284155 0.000121308 0.104085 0.00444889 
0.175802 0.131805 0.0188109 0.010689 0.107706 0.00607449 0.100529 0.183521 0.0363543 0.00197342 0.000222437 0.0334249 0.0188689 0.115379 0.0015115 0.00187415 0.000119042 0.00436839 0.00241048 0.00224134 0.0463134 5.33294e-07 
0.000433171 0.0148048 5.08113e-06 0.0478677 6.37938e-06 2.2874e-05 3.10095e-05 0.831561 0.005412 1.20483e-05 0.0005861 0.00019073 3.67004e-06 9.89999e-05 0.000784298 0.000284192 0.00012733 6.7277e-05 0.00532818 0.0022866 0.0900867 1.52429e-08 
0.00392487 0.0536725 1.84964e-05 0.0150932 0.000553506 0.00283984 0.00213544 0.480059 0.00937954 4.43832e-05 0.00114642 0.00190832 2.40718e-05 0.00185652 0.0020931 0.00109988 7.31698e-05 0.0121448 0.00798698 1.40737e-05 0.403931 1.0706e-06 
0.0532701 0.0213959 0.000134198 0.00650469 0.0377824 0.0141505 0.061657 0.430974 0.235279 3.23759e-05 0.0223701 0.00129139 5.29104e-05 0.0133118 0.0148404 0.000168992 3.01866e-05 0.00404547 0.00460204 0.000848921 0.0769344 0.000323703 
0.0350864 0.0166387 0.000748197 0.0609565 0.00549223 0.0758846 0.00504858 0.417399 0.0348799 0.00123377 0.00234723 0.0820407 0.000871106 0.116319 2.0529e-05 0.000879576 0.000443354 0.052218 0.00551027 0.00152055 0.0844622 1.03441e-07 
0.00487242 0.0319424 2.57995e-05 0.011781 0.00818453 0.0305346 0.167491 0.486808 0.00405241 1.71559e-05 0.00300949 0.191909 1.80548e-05 0.00237042 0.00121119 0.000275747 0.000161239 0.000144992 0.0193781 0.000943417 0.0161047 0.0187633 
0.00066406 0.00661672 2.16143e-05 0.178016 8.75003e-05 1.76935e-06 5.55477e-05 0.681782 0.00728934 2.69507e-07 1.73766e-05 7.82621e-06 1.61413e-05 0.00039282 0.00128709 2.73901e-05 4.74641e-07 3.96154e-06 0.0119988 0.0152303 0.0964829 5.99332e-08 
0.026409 0.0614393 4.48203e-05 0.00992162 0.0263615 8.90512e-05 0.00982489 0.703876 0.0285322 0.000210671 0.0019216 0.0556721 2.03021e-05 0.00328592 0.00959387 3.20052e-05 1.07194e-06 0.00481736 0.00612606 0.00248702 0.0493311 2.41547e-06 
0.012663 0.020735 0.00108758 0.0240845 0.0223865 0.0464717 0.203107 0.27658 0.03542 2.33686e-05 0.000180222 0.263602 1.4696e-05 0.0261434 0.000452524 0.00792327 0.000866859 0.00097003 0.0107165 0.00252885 0.043539 0.000504068 
6.63168e-05 0.00142689 6.64508e-09 0.00806367 0.00019138 1.38784e-05 3.98442e-09 0.888166 0.00198269 3.0233e-06 1.00328e-05 4.79836e-07 2.16573e-08 0.000269916 0.00054299 3.9315e-09 4.32272e-13 3.59217e-06 0.000100591 0.042419 0.0567401 9.66944e-10 
0.029295 0.00772296 0.00274669 0.202237 0.0769457 5.42018e-05 2.2701e-07 0.318009 0.0246255 1.03295e-06 0.00507658 0.000143924 0.0024945 0.0454988 0.00424134 9.92787e-06 0.000272674 6.90523e-06 0.00710244 0.251747 0.0217684 5.53774e-08 
0.00460707 0.0610832 0.0304946 0.256886 0.0200442 0.000760918 0.000561501 0.403372 0.00908925 0.000317389 0.000147927 0.00234099 0.000442351 0.0146996 0.0042963 0.0297356 0.0015041 0.0502446 0.0135356 0.0254183 0.0704184 4.70075e-07 
0.0158054 0.00237913 0.00156117 0.00565175 0.0183806 0.0223093 0.00713942 0.626446 0.00936936 0.00151591 0.000633734 0.176045 2.75126e-07 9.77968e-06 3.27674e-07 0.000187646 1.60269e-06 0.00670654 0.00244555 0.00564869 0.0977623 2.40454e-11 
0.0531798 0.0964627 0.00581601 0.0437215 0.0127821 0.00255734 0.0471277 0.323923 0.0743914 0.000675975 0.00244062 0.00574952 0.00100748 0.0559943 0.00598145 0.000196978 0.0062656 0.0130588 0.0235316 0.00396557 0.220505 0.000665805 
0.00575397 0.0633346 0.00770921 0.014777 0.000814662 0.00128142 0.00707716 0.613636 0.0266507 8.39956e-05 0.000347509 0.00571953 0.000376357 0.0282726 0.00212596 0.00846716 0.000438458 0.00158623 0.0139648 0.00969222 0.187842 4.82266e-05 
0.00487242 0.0319424 2.57995e-05 0.011781 0.00818453 0.0305346 0.167491 0.486808 0.00405241 1.71559e-05 0.00300949 0.191909 1.80548e-05 0.00237042 0.00121119 0.000275747 0.000161239 0.000144992 0.0193781 0.000943417 0.0161047 0.0187633 
0.0346213 0.0264416 1.89931e-07 0.00408004 0.0124405 0.00149168 0.00796412 0.779333 0.00708319 0.0024633 0.0306857 0.00317388 0.0034368 5.68279e-05 0.00204384 1.54735e-05 7.00559e-07 0.0482981 0.00251879 2.68353e-08 0.0337294 0.000121152 
0.122835 0.0151208 0.0980196 0.106569 0.0901723 4.52737e-07 8.46148e-06 0.137759 0.0611144 0.00289117 0.0172273 0.00187227 0.00110264 0.00887835 0.0634649 1.562e-06 0.0428133 0.000122112 0.100465 0.0437384 0.0858215 1.69488e-06 
0.0281157 0.0482336 0.00359311 0.0859421 0.00528124 0.00873884 0.209947 0.221011 0.08667 0.0014765 0.00658665 0.0199888 0.0126469 0.059116 0.0231308 0.000646805 0.000722445 0.014751 0.0476252 0.00685647 0.108913 6.05422e-06 
0.0119778 0.0269533 0.00150237 0.0279124 0.00610889 8.72707e-06 0.00156107 0.494319 0.00331116 7.1413e-05 0.000731844 0.00139624 2.68444e-05 0.00520094 0.00207196 4.4903e-08 4.54325e-05 0.000386937 0.000122155 0.230294 0.185998 8.86134e-12 
0.0175321 0.00874882 0.00787061 0.0347756 0.00488082 5.92462e-05 0.000711645 0.517164 0.0701706 0.000261485 0.000869868 0.0149587 0.000612083 0.0529613 0.0103959 0.00284402 0.00132752 0.000626199 0.000964077 0.089251 0.163014 6.01384e-07 
0.00202323 0.0232329 4.04127e-06 0.00142702 0.000412731 0.000835946 0.000432266 0.919996 0.00357486 0.000217988 0.000238561 0.000331821 6.61348e-05 0.0004371 1.08444e-05 0.00068998 2.9836e-05 4.83451e-05 0.00134366 0.00028265 0.0443625 1.27676e-06 
0.0079495 0.0141555 0.000127069 0.0438714 0.000756092 0.0281964 0.00721229 0.495699 0.0049855 0.0319468 0.00114854 0.00272476 8.8411e-07 0.00539145 0.00102423 0.0003129 7.95138e-09 0.000629842 0.0213819 0.000319533 0.332166 3.91606e-09 
0.0634445 0.00783342 0.00384989 0.10291 0.00839837 0.116766 0.105162 0.418007 0.0215276 0.000105991 0.0082112 0.0181626 9.34815e-05 0.0769817 0.000245947 0.00212503 0.000987186 0.000718805 0.00829475 0.0135488 0.0226265 1.74817e-09 
0.011082 0.00951859 0.000677817 0.0401737 3.82304e-05 0.00323371 0.00452004 0.587302 0.0130085 0.000115404 0.00861911 0.0043511 3.20297e-12 0.0151917 0.00104595 0.000312952 3.54643e-05 0.00842002 0.00923314 0.00168525 0.281436 2.52128e-09 
0.19532 0.0147887 0.000100111 0.0377403 0.116417 0.000395356 0.0260441 0.399626 0.0248137 0.000236449 0.00163196 0.0128604 0.00102672 0.033935 0.00189701 1.12305e-05 0.00425292 0.0479256 0.00607853 0.00149445 0.0732881 0.000116961 
0.0190256 0.000737214 0.000331322 0.0175943 0.0107107 5.43643e-06 0.00125936 0.8724 0.0177656 0.00790972 0.000808476 0.000387812 0.00344243 0.00956403 0.0142882 0.00370068 0.000551574 0.00175738 0.00769677 0.000609455 0.00945436 3.25615e-08 
0.00494712 0.0574169 0.00312622 0.0997121 0.0482641 6.50862e-05 0.0338067 0.544477 0.0139052 0.000150748 0.00196666 2.59266e-05 0.000180088 0.0214631 0.0665144 0.000554541 0.000132166 0.00180572 0.0613358 0.000623759 0.039526 9.83056e-07 
0.0157335 0.0699574 0.00124924 0.0276719 0.00110995 0.00217328 0.0614832 0.282476 0.13075 0.000157671 0.00353678 0.014076 0.00131839 0.0348242 0.00306994 0.0020957 0.00371469 0.0263459 0.152343 0.000274667 0.165596 4.27169e-05 
0.00243909 0.0106112 4.58128e-05 0.0336526 0.00332401 0.0983056 0.00599322 0.546119 0.0229311 6.15747e-08 0.00293359 0.124738 0.00262741 0.0011598 0.000213463 0.000608293 6.33473e-05 0.000727038 0.00301844 0.0854028 0.0550865 3.84688e-07 
0.0141655 0.158247 0.0250182 0.0309426 0.0290363 0.0036283 0.0040129 0.346187 0.0245834 0.000129261 0.11623 0.0109819 9.20241e-05 0.0252993 0.015406 9.89032e-05 0.00166075 0.00106817 0.0587637 0.00320823 0.129862 0.0013788 
0.00476738 0.000169884 0.000976432 0.000797074 0.00167166 2.5256e-06 9.93524e-05 0.946311 0.00571318 1.30489e-07 4.41973e-06 6.60426e-05 0.000135656 0.0119509 3.90538e-11 1.46473e-08 0.000193649 9.09218e-06 3.60434e-05 2.69073e-05 0.0270678 4.32654e-07 
0.111069 0.0406694 0.0212453 0.0519299 0.012452 0.00761358 0.00663521 0.294715 0.0525554 0.00164205 0.000822844 0.00174359 0.000620323 0.029316 0.192077 0.00198467 0.000190997 0.00515936 0.0158919 0.0219984 0.129665 2.5278e-06 
0.00267347 0.00379712 0.000381284 0.162828 4.53011e-05 0.00236025 0.0020819 0.5651 0.0245975 1.26282e-05 0.0008967 0.00173074 0.000195967 0.0024534 0.00977851 0.00291739 0.000141622 0.00033121 0.0371245 0.0286878 0.151865 6.11136e-07 
0.0429857 0.0738036 0.000159857 0.0143915 0.094803 0.000353173 0.00475029 0.558545 0.0226078 0.000120757 0.0232378 0.0476793 7.88123e-05 0.00525066 0.00162031 5.15543e-05 4.42294e-05 0.00977349 0.00621389 0.00297644 0.0905265 2.60224e-05 
0.0652107 0.0475593 5.91307e-05 0.245225 0.00254435 0.00145536 0.00119992 0.39329 0.0364278 8.10884e-06 0.000174179 0.000184129 0.00114262 0.000281269 0.000670335 6.2171e-05 9.32872e-08 4.21949e-06 0.0818787 0.0481373 0.0744838 6.67369e-07 
