0.00216362 0.0131002 0.0269664 0.0399142 0.0413068 2.98937e-06 0.0137077 1.36789e-06 1.53068e-06 1.6362e-05 9.13671e-06 6.09218e-06 0.469253 0.00472645 0.0293439 0.00831791 5.41981e-06 1.83714e-06 2.49845e-06 0.0535408 0.297604 7.58611e-06 
0.0466158 0.0206004 5.33997e-10 1.69611e-10 0.924204 3.31561e-10 3.3979e-06 1.51718e-10 1.69773e-10 1.81476e-09 1.01338e-09 4.73062e-06 1.00088e-09 0.00856965 1.45341e-07 1.84145e-09 7.21955e-07 2.03763e-10 1.66544e-07 5.82141e-10 5.21083e-07 8.414e-10 
0.0500968 3.69598e-05 0.179357 0.0488427 0.520907 1.95219e-07 3.01909e-05 8.93296e-08 9.99602e-08 5.63229e-05 5.96669e-07 3.97847e-07 6.96462e-06 0.0744957 7.78804e-05 0.0273156 0.0446064 0.0388109 0.00145849 4.72767e-05 0.0138494 3.6829e-06 
0.000155533 5.52243e-08 1.19766e-07 0.000147816 0.000209072 7.43629e-08 0.000423671 3.40274e-08 0.331444 4.07017e-07 2.27283e-07 0.000106858 0.333208 0.000191577 1.62176e-07 4.13003e-07 0.000507515 1.22511e-05 0.000421075 1.30563e-07 0.333076 9.64067e-05 
0.00293675 0.000219988 0.000930673 0.00126903 0.00186943 3.18057e-06 4.28827e-06 1.45538e-06 1.62858e-06 1.74085e-05 0.00074254 6.48184e-06 0.00048063 0.000204589 0.00145113 1.76645e-05 5.76646e-06 1.95464e-06 0.000622918 0.988651 0.000553255 8.07132e-06 
0.0910415 7.7779e-07 0.00131185 0.488563 2.39772e-06 4.66023e-07 1.30373e-09 4.42469e-10 0.112048 5.29258e-09 2.95544e-09 3.3014e-06 2.91896e-09 0.0961335 1.99465e-05 5.37042e-09 2.84742e-06 5.94256e-10 0.195753 6.42807e-06 0.0151127 2.45386e-09 
0.0562236 2.19475e-05 8.05847e-06 3.5894e-07 0.692591 5.34808e-06 5.35241e-06 3.37069e-09 5.40413e-05 4.03183e-08 2.25142e-08 1.5012e-08 2.88258e-06 0.0154214 0.00182763 4.09113e-08 0.0615939 3.71022e-06 0.144929 1.29333e-08 0.0273005 1.13858e-05 
0.763215 7.47564e-09 0.00179574 0.193335 0.0146041 1.00664e-08 1.35723e-08 4.60625e-09 5.91073e-05 1.74286e-05 3.0767e-08 0.00690667 1.17899e-05 0.0199175 2.3301e-07 5.59077e-08 9.94208e-05 1.40159e-05 8.41331e-09 3.05755e-06 1.40667e-05 7.00274e-06 
0.981518 4.39117e-07 9.52318e-07 3.0248e-07 0.0139685 5.91298e-07 7.9723e-07 2.70569e-07 0.00175636 3.2364e-06 1.80724e-06 1.20504e-06 1.78494e-06 0.00149213 1.28954e-06 3.284e-06 1.07204e-06 3.63387e-07 4.94195e-07 1.03818e-06 0.00124425 1.50053e-06 
0.000572476 1.19219e-06 5.70521e-05 0.857148 0.000463174 0.00735891 0.00711064 1.0675e-08 0.000252809 0.000754197 0.000124859 0.000188196 5.22906e-05 0.0207293 4.80372e-06 1.34099e-06 0.0845578 3.5041e-05 0.00625347 0.0142008 0.000127914 5.29664e-06 
0.0318299 3.01443e-09 0.0322619 0.0471165 0.00434496 4.05911e-09 5.47279e-09 1.85739e-09 2.07843e-09 1.68669e-05 1.15426e-05 8.27227e-09 1.22532e-08 0.851807 8.16049e-06 2.25439e-08 7.35929e-09 0.000109475 0.0273736 1.81432e-07 0.00511939 1.84113e-07 
0.00542243 4.96347e-07 0.00273091 0.00168416 0.000367576 2.41368e-09 3.25429e-09 1.10446e-09 1.91007e-06 1.3211e-08 1.09477e-05 4.91895e-09 7.28612e-09 1.5367e-05 0.988712 4.89121e-06 3.40668e-06 4.94632e-07 0.000435866 3.80428e-06 0.000429764 0.000176303 
0.437902 4.27675e-07 0.00097984 0.0170281 5.83328e-05 0.0181909 0.00113859 2.14211e-07 0.119166 0.00180958 1.88986e-05 3.70405e-06 0.000491402 0.0834442 0.00109695 0.294648 0.000201785 0.000292977 0.00362529 0.00469367 0.0152051 3.83693e-06 
0.114971 1.21852e-06 0.00989815 8.92845e-11 0.0174238 1.74536e-10 1.88493e-07 7.98654e-11 8.93698e-11 5.7328e-06 5.33454e-10 5.69471e-07 5.2687e-10 0.82553 0.0298848 9.69356e-10 0.00186355 0.000418786 1.45874e-10 5.82548e-07 1.46895e-06 4.42921e-10 
0.0185013 1.64125e-09 0.0112228 0.000294567 0.701117 0.00195086 2.97973e-09 1.01128e-09 0.0180296 9.83328e-06 1.57283e-05 4.50395e-09 0.00236809 0.0458802 0.186711 1.22743e-08 3.67212e-07 1.69222e-06 5.90061e-06 3.8803e-09 0.0138918 5.60841e-09 
0.0659907 8.41383e-06 0.000970127 1.93854e-06 6.16416e-11 1.66516e-08 7.45872e-11 2.53139e-11 0.50666 3.02791e-10 1.22755e-05 1.12741e-10 1.66995e-10 0.181871 0.229839 3.07245e-10 4.71499e-07 1.9447e-06 1.58358e-05 9.71296e-11 0.0146282 2.52836e-07 
0.0110588 0.00300788 0.000439581 0.978965 0.00395002 0.000104837 6.45079e-05 1.66066e-06 0.000545021 1.98639e-05 1.10922e-05 0.000187547 1.09553e-05 0.000499979 1.99683e-05 3.83395e-05 6.57979e-06 2.23033e-06 0.00103212 1.66467e-05 7.94229e-06 9.20973e-06 
0.0326722 0.010181 0.00181608 3.19428e-06 1.10764e-06 9.60463e-10 1.29497e-09 4.39494e-10 0.268524 0.00374575 2.93556e-09 9.64362e-07 0.0411677 0.598791 3.43371e-05 1.04673e-06 1.73318e-06 8.7125e-07 0.0167482 0.0109718 0.0153395 2.43736e-09 
2.94328e-06 5.82343e-11 1.26293e-10 3.15253e-07 0.00996231 4.94522e-08 0.0100045 3.58821e-11 0.0562407 0.00141137 1.81327e-07 8.49403e-07 0.00182338 0.624044 1.71015e-10 3.88221e-08 0.137157 0.149467 2.12997e-07 1.3768e-10 0.00988485 7.03644e-08 
0.145974 7.12656e-06 2.61384e-06 1.43116e-10 0.792936 1.73484e-06 1.73552e-06 1.28018e-10 1.43253e-10 1.53128e-09 8.55086e-10 5.70154e-10 0.0142273 0.0420409 6.10138e-10 1.5538e-09 2.68882e-06 1.20371e-06 5.84798e-07 4.91206e-10 9.69384e-08 0.00480397 
0.00254435 6.83608e-12 0.000249639 0.00119717 1.0257e-11 9.20521e-12 5.21391e-08 4.21217e-12 0.0135859 5.08876e-09 2.84162e-09 1.87598e-11 2.77876e-11 0.00970783 0.972715 5.11247e-11 1.66893e-11 5.65713e-12 7.69353e-12 1.61621e-11 3.04026e-08 2.336e-11 
0.0335334 0.000974204 0.00357682 0.000483998 0.11768 0.000170619 5.17831e-07 1.75745e-07 0.0525121 0.000864845 1.17387e-06 0.764368 0.000496013 0.000260787 8.37606e-07 2.13308e-06 0.0117198 2.36033e-07 0.00252855 0.000554177 0.010271 9.74653e-07 
0.251542 0.0998879 9.97764e-10 0.00565661 5.31601e-06 1.92112e-06 8.35275e-10 2.83481e-10 2.81375e-05 5.08966e-06 1.89349e-09 1.88131e-05 1.87199e-06 0.54987 0.0205471 3.44072e-09 1.1232e-09 3.80728e-10 5.17779e-10 1.95898e-06 0.0724329 1.57214e-09 
1.96348e-08 2.21812e-08 4.81047e-08 9.78794e-07 0.998921 2.98683e-08 4.02707e-08 1.36673e-08 1.59284e-05 1.63481e-07 9.12897e-08 6.08702e-08 1.99902e-05 2.11945e-05 6.51389e-08 1.65885e-07 0.000851536 2.37476e-05 8.12065e-07 0.000143907 2.58772e-07 7.57968e-08 
0.00589553 1.26552e-06 2.70763e-05 2.95664e-06 0.929983 0.00194946 8.56896e-07 5.02103e-10 7.69369e-06 6.00587e-09 3.35375e-09 1.19315e-06 9.20098e-06 0.0612472 9.57811e-05 6.09421e-09 1.052e-05 6.74346e-10 9.1709e-10 1.92657e-09 0.000768255 2.78458e-09 
0.000323069 0.000306394 3.25711e-08 1.03454e-08 0.998694 2.02235e-08 0.000207255 9.254e-09 1.03553e-08 1.10691e-07 6.18113e-08 0.000288544 6.10484e-08 0.00010452 4.41048e-08 1.12319e-07 4.40356e-05 1.24285e-08 1.69024e-08 3.55076e-08 3.17834e-05 5.13212e-08 
9.99105e-09 1.0057e-12 0.960727 6.40433e-10 1.50897e-12 3.4962e-10 1.82588e-12 6.19679e-13 0.000334332 1.00707e-06 4.13909e-12 3.50211e-11 5.49953e-09 0.0383335 2.9534e-12 7.52127e-12 0.000519398 1.13877e-06 2.36899e-07 2.37771e-12 8.38128e-05 3.43664e-12 
9.99105e-09 1.0057e-12 0.960727 6.40433e-10 1.50897e-12 3.4962e-10 1.82588e-12 6.19679e-13 0.000334332 1.00707e-06 4.13909e-12 3.50211e-11 5.49953e-09 0.0383335 2.9534e-12 7.52127e-12 0.000519398 1.13877e-06 2.36899e-07 2.37771e-12 8.38128e-05 3.43664e-12 
0.000232945 0.0032008 7.61286e-05 0.00337372 9.07879e-05 2.47715e-09 3.33987e-09 1.13351e-09 0.000186632 1.35584e-08 0.68421 5.04831e-09 0.000139529 0.000179152 0.000175765 1.37578e-08 0.00122691 0.00096337 0.296241 0.000257627 0.00944495 6.28626e-09 
4.89314e-06 5.52773e-06 0.000192383 3.8077e-06 0.999355 7.44343e-06 1.00358e-05 3.40601e-06 3.81134e-06 4.07408e-05 2.27501e-05 1.51694e-05 2.24694e-05 0.000139824 1.62331e-05 4.134e-05 1.34952e-05 4.57442e-06 6.22108e-06 1.30689e-05 5.92576e-05 1.88892e-05 
0.159637 7.96629e-07 7.7819e-11 4.45158e-08 0.812988 1.98153e-07 1.33556e-06 2.21097e-11 2.47408e-11 1.22714e-05 1.4768e-10 2.22552e-06 1.45857e-10 0.0270111 4.5322e-07 2.68353e-10 4.29337e-07 1.0099e-07 4.03833e-11 0.000344794 1.57009e-07 2.8214e-07 
0.437902 4.27675e-07 0.00097984 0.0170281 5.83328e-05 0.0181909 0.00113859 2.14211e-07 0.119166 0.00180958 1.88986e-05 3.70405e-06 0.000491402 0.0834442 0.00109695 0.294648 0.000201785 0.000292977 0.00362529 0.00469367 0.0152051 3.83693e-06 
0.219548 1.85468e-07 9.70233e-05 0.0057616 2.2873e-07 1.40251e-10 1.89096e-10 6.41767e-11 0.187151 1.95445e-05 2.04887e-07 1.99081e-07 3.33858e-07 0.0974949 0.0315532 2.1589e-07 2.54278e-10 0.000161959 0.372331 0.000101909 0.0857775 3.55913e-10 
3.29685e-07 1.96218e-07 0.0010564 0.000915255 0.975231 1.36569e-08 1.80661e-11 6.13141e-12 5.56802e-07 7.33406e-11 4.63617e-07 4.76148e-07 4.04487e-11 0.0175847 3.20403e-08 7.44192e-11 2.42936e-11 0.00517747 2.9648e-07 3.21057e-05 1.01998e-06 3.40038e-11 
0.00752457 1.99045e-06 9.95182e-10 1.40953e-06 0.991361 0.000540341 0.000195979 2.82748e-10 4.70041e-07 3.38207e-09 3.8781e-08 1.10822e-06 1.42867e-05 0.000354927 2.50461e-06 4.05661e-07 7.67065e-07 3.79742e-10 5.16439e-10 1.0849e-09 1.9887e-07 1.56807e-09 
0.0056749 0.00186718 4.8782e-07 1.54943e-07 0.00243032 3.02889e-07 4.08377e-07 1.38598e-07 0.00107029 1.65783e-06 9.25751e-07 6.17273e-07 9.14325e-07 0.988576 6.6056e-07 1.68221e-06 5.49146e-07 1.86143e-07 2.53149e-07 5.318e-07 0.000371154 7.6864e-07 
0.0101496 8.74923e-12 1.89746e-11 0.157584 1.31275e-11 1.17814e-11 0.0732362 5.39099e-12 0.500718 6.4484e-11 3.60086e-11 8.67667e-05 3.55642e-11 0.000128976 2.56936e-11 0.000377204 2.136e-11 7.24033e-12 0.0117207 2.06852e-11 0.245999 2.98975e-11 
0.0358747 0.0317648 0.110628 0.0166451 0.0107642 1.54463e-09 2.57201e-06 7.06803e-10 0.00237273 6.91525e-07 4.72103e-09 0.00645104 4.66276e-09 0.504674 0.259988 8.57873e-09 9.47103e-06 1.06339e-06 0.014518 2.71201e-09 0.0063063 3.91981e-09 
0.121887 0.169384 5.8147e-05 1.96048e-08 2.95125e-05 3.83241e-08 0.000443798 1.75366e-08 0.0619542 4.64002e-05 0.000194856 8.607e-05 1.15688e-07 3.25072e-05 0.072961 0.000297054 0.0840945 8.15041e-06 0.171657 0.282547 0.034319 9.7255e-08 
3.05204e-08 1.65668e-06 0.903485 2.37501e-08 1.37306e-05 4.64276e-08 0.000213254 2.12446e-08 2.37728e-08 2.54116e-07 7.4644e-06 9.46172e-08 0.00027496 0.0485176 1.01252e-07 2.57854e-07 0.0474466 1.58718e-05 3.88033e-08 8.15157e-08 2.23447e-05 1.17819e-07 
0.437902 4.27675e-07 0.00097984 0.0170281 5.83328e-05 0.0181909 0.00113859 2.14211e-07 0.119166 0.00180958 1.88986e-05 3.70405e-06 0.000491402 0.0834442 0.00109695 0.294648 0.000201785 0.000292977 0.00362529 0.00469367 0.0152051 3.83693e-06 
0.159778 8.91717e-07 0.0031328 0.00163376 0.501605 0.000196129 0.00138025 3.73728e-11 4.18204e-11 4.88593e-07 2.49629e-10 0.00202502 2.46548e-10 0.0737065 4.7289e-07 4.53608e-10 0.000296259 0.000336207 1.197e-06 0.00283223 0.253075 3.1588e-07 
0.154885 0.0104211 0.00490165 1.22937e-07 0.756687 2.40321e-07 3.24019e-07 1.09968e-07 0.000420839 1.31537e-06 0.000364359 0.00111936 5.66253e-05 0.0662798 5.24109e-07 0.000968864 4.3571e-07 8.24018e-05 0.00277192 0.000529162 0.000508023 6.09863e-07 
0.0184675 4.35897e-07 0.000330068 3.00261e-07 0.962795 5.86961e-07 7.91384e-07 2.68585e-07 3.00548e-07 0.000117931 1.79399e-06 0.000225445 1.77185e-06 0.0172049 1.28008e-06 3.25992e-06 0.000134063 3.60722e-07 4.90571e-07 0.000660818 5.12234e-05 1.48953e-06 
0.999923 9.93435e-06 3.58482e-08 1.13863e-08 2.48263e-05 2.22583e-08 3.00102e-08 1.01851e-08 1.13971e-08 1.21828e-07 6.80302e-08 4.53612e-08 6.71906e-08 2.57192e-05 4.85423e-08 1.2362e-07 4.03549e-08 1.23247e-05 1.8603e-08 3.90801e-08 2.96994e-06 5.64847e-08 
0.0299536 1.42096e-07 1.95657e-05 5.16134e-05 0.939726 5.68881e-06 2.19383e-05 8.75547e-08 9.79741e-08 0.00642787 5.84814e-07 2.92391e-05 5.77596e-07 0.0236422 5.41347e-05 1.06268e-06 1.97826e-05 4.08734e-06 1.59919e-07 2.9502e-05 1.19105e-05 4.85564e-07 
0.0566793 2.82474e-11 0.0538428 0.000978131 4.23829e-11 3.80368e-11 5.1284e-11 1.74051e-11 9.27417e-07 6.00175e-07 1.16256e-10 7.75172e-11 1.14821e-10 0.888492 3.60507e-07 2.11252e-10 6.89619e-11 3.33251e-06 1.91971e-06 2.33976e-07 7.43328e-07 9.65259e-11 
0.000540208 4.10437e-07 0.000516011 0.000128521 0.996904 5.52678e-07 7.45161e-07 2.52898e-07 0.000708481 3.02502e-06 1.68921e-06 1.12633e-06 1.66836e-06 0.00108809 1.20532e-06 3.06951e-06 1.00202e-06 3.39653e-07 4.61918e-07 9.7037e-07 9.68409e-05 1.40253e-06 
0.00245861 2.69917e-08 0.000509335 0.000120873 0.992334 0.00014542 0.000573397 1.66314e-08 1.86106e-08 0.000557221 1.11088e-07 0.000763007 1.09717e-07 0.00160433 7.92657e-08 2.01862e-07 0.000514055 0.000105005 3.03773e-08 6.38148e-08 0.000313642 9.2235e-08 
0.0567778 0.154248 1.2173e-06 0.00603863 0.355601 7.55824e-07 1.01906e-06 3.45855e-07 0.00331475 4.13692e-06 0.316241 0.000358032 2.28159e-06 0.017451 1.82351e-05 4.19777e-06 1.37033e-06 0.00421643 0.0855849 1.32705e-06 0.000131864 1.91805e-06 
0.00245796 0.000892918 0.330244 0.0139724 0.335189 0.00240425 0.307182 2.22866e-07 0.00164135 2.6658e-06 1.48861e-06 9.92577e-07 0.000242844 0.00298766 0.000570099 2.705e-06 8.8303e-07 0.000438004 0.00100492 0.000562415 0.000199637 1.23598e-06 
9.99105e-09 1.0057e-12 0.960727 6.40433e-10 1.50897e-12 3.4962e-10 1.82588e-12 6.19679e-13 0.000334332 1.00707e-06 4.13909e-12 3.50211e-11 5.49953e-09 0.0383335 2.9534e-12 7.52127e-12 0.000519398 1.13877e-06 2.36899e-07 2.37771e-12 8.38128e-05 3.43664e-12 
0.0453807 2.30756e-05 6.04743e-06 8.49702e-06 0.795871 5.35643e-09 7.22193e-09 2.45103e-09 2.74271e-09 2.93178e-08 1.31135e-05 1.09161e-08 1.61694e-08 0.158555 8.99608e-05 2.9749e-08 9.71137e-09 3.29184e-09 2.14931e-05 2.35209e-05 7.99025e-06 1.3593e-08 
0.00778173 0.00931895 0.0164668 2.51316e-05 0.719584 2.14395e-09 6.66127e-07 9.81042e-10 1.09779e-09 1.17347e-08 1.45371e-05 4.36927e-09 0.00313255 0.11976 0.0237917 1.19073e-08 3.88705e-09 3.03628e-07 1.23005e-05 0.0342265 0.0658853 5.4407e-09 
0.53419 4.4183e-07 0.00323195 0.0113525 0.000679188 0.0121338 0.000759261 2.21301e-07 0.079446 0.00120708 0.000158389 2.48467e-06 0.00142099 0.129612 0.000732243 0.196463 0.000134733 0.000195695 0.00241722 0.00313007 0.0227298 2.59093e-06 
0.983252 9.24099e-07 2.00411e-06 0.00127374 1.38654e-06 1.24436e-06 0.000337223 5.694e-07 6.37161e-07 6.81085e-06 3.80326e-06 2.53594e-06 3.75632e-06 0.000340829 2.71378e-06 6.91102e-06 2.25605e-06 7.64729e-07 0.0121692 2.18479e-06 0.00258532 3.1578e-06 
5.74657e-05 0.0140864 0.00444765 0.00188403 0.602306 2.6981e-05 0.000524384 1.9032e-05 0.07467 0.000311543 0.00683378 0.000217589 0.000292937 0.132276 0.000135889 0.00158944 0.00155192 0.000158017 0.00346286 0.154892 0.000157275 9.81415e-05 
0.451219 0.000599085 2.28298e-09 0.205168 1.57947e-09 6.66371e-06 0.321805 6.48632e-10 0.000825914 7.75858e-09 4.33248e-09 6.2979e-05 0.000174588 3.45165e-07 2.47343e-05 0.0198729 2.56998e-09 8.71141e-10 2.46436e-05 2.4888e-09 0.000215793 3.59721e-09 
1.96348e-08 2.21812e-08 4.81047e-08 9.78794e-07 0.998921 2.98683e-08 4.02707e-08 1.36673e-08 1.59284e-05 1.63481e-07 9.12897e-08 6.08702e-08 1.99902e-05 2.11945e-05 6.51389e-08 1.65885e-07 0.000851536 2.37476e-05 8.12065e-07 0.000143907 2.58772e-07 7.57968e-08 
0.372314 3.75407e-09 0.000144113 5.19801e-05 0.110452 5.05509e-09 6.81563e-09 2.31314e-09 2.58841e-09 8.57999e-05 1.54504e-08 1.0302e-08 1.52597e-08 0.516718 0.000181915 2.80754e-08 9.16502e-09 3.47975e-05 4.22494e-09 8.87551e-09 1.68303e-05 1.28283e-08 
0.000989405 0.0517397 0.000321994 0.00022135 0.872239 8.62943e-07 0.000661321 3.9487e-07 0.0071149 0.000241965 2.6375e-06 0.000387811 2.60495e-06 0.0083306 0.000572557 0.000548667 0.0379084 0.000123853 0.015993 0.000830599 0.00176602 2.18989e-06 
0.0687505 0.00410382 0.00203007 2.59806e-11 0.879934 0.000184734 0.00092322 2.32397e-11 2.60054e-11 2.77981e-10 1.55228e-10 0.0342217 6.8447e-05 0.0091136 1.10761e-10 2.82069e-10 0.000342133 0.000106316 3.2788e-08 5.27712e-08 6.96517e-08 0.000220799 
4.02388e-05 0.364421 6.67973e-05 0.287947 0.0948265 3.06849e-06 3.05836e-06 6.10212e-10 0.0158812 7.29902e-09 4.07585e-09 0.00419316 4.02555e-09 2.64725e-05 2.93738e-07 7.40637e-09 3.31257e-05 8.19541e-10 3.34477e-06 2.34138e-09 0.232555 3.38413e-09 
0.00086373 4.55838e-07 9.88582e-07 0.00396445 0.915603 6.13814e-07 8.27588e-07 2.80873e-07 0.000158221 3.35964e-06 0.00321303 1.25092e-06 0.000199322 0.073663 0.000459597 3.40905e-06 0.000187485 0.000235844 8.32347e-06 0.00142855 2.65235e-06 1.55767e-06 
0.0395799 1.5419e-05 3.58048e-05 1.04109e-07 0.904884 9.50411e-06 3.65736e-05 9.31262e-08 1.04209e-07 1.11392e-06 3.80251e-05 4.14756e-07 6.14351e-07 0.0550057 0.000351406 1.13031e-06 3.68981e-07 1.25073e-07 1.70095e-07 3.57326e-07 6.57267e-06 3.28139e-05 
0.199956 4.80008e-06 0.000425494 1.15163e-06 0.344664 0.0143396 8.13346e-06 2.38513e-09 0.00404238 2.85296e-08 1.59313e-08 0.314505 1.44469e-07 0.0974013 0.00691554 8.02435e-06 4.36505e-06 6.84621e-07 4.73692e-06 1.45675e-06 0.0177168 1.32275e-08 
1.93219e-11 5.85351e-06 1.81208e-06 1.21436e-08 3.27508e-11 2.93924e-11 5.53245e-08 1.34495e-11 4.81147e-08 0.971187 8.9835e-11 5.99002e-11 8.87262e-11 0.0287903 6.41008e-11 1.63242e-10 5.32892e-11 1.46491e-05 4.97853e-09 5.16059e-11 2.30715e-08 7.45889e-11 
0.000678474 0.011881 1.36648e-06 7.3908e-05 0.926149 2.68671e-05 0.0597548 3.8824e-07 4.34442e-07 0.000166042 2.59321e-06 0.00110818 2.56121e-06 7.54848e-06 1.85036e-06 4.71221e-06 1.53827e-06 5.21423e-07 7.0912e-07 8.67634e-05 4.87327e-05 2.15311e-06 
0.10551 0.25831 0.000343288 0.0279305 0.476974 0.000884611 0.000172239 6.35103e-06 0.00392834 0.00767169 0.000176029 0.0162754 6.74918e-05 0.0597033 2.88426e-05 0.00014692 0.000592337 0.000167502 0.0308271 0.00148121 0.00872164 8.0562e-05 
0.0413215 0.148144 0.00123378 6.47411e-06 0.0898309 6.66367e-07 1.5577e-05 6.10173e-08 0.0243551 7.29855e-07 0.21562 0.465825 0.000309594 0.000105764 5.76816e-05 0.00046264 0.000658167 0.00236187 0.00939189 0.000169765 9.93459e-05 2.96278e-05 
7.18961e-09 1.05668e-05 1.76144e-08 5.59475e-09 0.00928974 1.09368e-08 1.47458e-08 5.00453e-09 5.60009e-09 0.732158 3.34273e-08 0.169296 3.30147e-08 7.68051e-05 2.38517e-08 6.07418e-08 1.98288e-08 6.7213e-09 9.14077e-09 1.93944e-06 0.0891667 2.77543e-08 
0.00141762 0.000503032 2.87013e-07 9.11622e-08 0.994772 1.78207e-07 2.40272e-07 8.1545e-08 9.12493e-08 9.75397e-07 5.44673e-07 0.000327222 0.000377103 0.000671815 3.88646e-07 9.89742e-07 0.00171272 1.09519e-07 1.48942e-07 3.12889e-07 0.000213625 4.52235e-07 
0.437902 4.27675e-07 0.00097984 0.0170281 5.83328e-05 0.0181909 0.00113859 2.14211e-07 0.119166 0.00180958 1.88986e-05 3.70405e-06 0.000491402 0.0834442 0.00109695 0.294648 0.000201785 0.000292977 0.00362529 0.00469367 0.0152051 3.83693e-06 
0.0223607 0.00422773 0.904004 0.00270426 0.0363917 1.35513e-06 1.82708e-06 6.20089e-07 6.93882e-07 7.41716e-06 4.14183e-06 2.76169e-06 4.09071e-06 0.01825 2.95536e-06 7.52624e-06 2.45689e-06 0.00541407 1.13259e-06 2.37928e-06 0.00660503 3.43891e-06 
4.08653e-06 8.46764e-07 6.78487e-07 3.00914e-06 0.00709922 7.26282e-07 0.153395 3.32303e-11 8.21417e-06 8.74859e-07 2.21959e-10 1.47998e-10 3.07127e-07 0.360414 1.58376e-10 0.00418364 0.311371 0.118924 6.06951e-11 1.27505e-10 0.0445952 1.8429e-10 
0.00112139 1.73847e-08 2.0868e-07 0.841223 6.56104e-08 0.0150325 0.0141362 3.83712e-12 0.000473994 9.22346e-08 0.000158122 0.000326316 4.29865e-07 0.0430054 7.20289e-07 2.55784e-07 0.0839806 1.28198e-07 0.000286428 1.4723e-11 0.000254436 2.128e-11 
0.134851 1.03029e-08 0.00518936 0.000366593 1.04918e-11 9.41594e-12 1.26952e-11 4.3086e-12 0.00928778 0.00015975 2.87789e-11 1.91892e-11 2.84237e-11 0.838406 0.00277183 5.22951e-11 4.40048e-08 1.26732e-06 0.00896583 8.89704e-08 2.8268e-07 2.38948e-11 
2.25924e-07 0.00242437 0.066606 0.756687 0.00188742 3.43675e-07 0.000605985 1.57261e-07 0.000367742 1.88107e-06 0.0529325 3.25378e-05 1.03744e-06 0.00022355 0.000457291 1.90873e-06 0.000224379 6.75241e-05 2.87237e-07 6.0341e-07 0.117476 8.72142e-07 
0.000283466 0.000253528 1.44654e-07 4.59457e-08 1.00079e-07 8.98163e-08 0.000121218 4.10987e-08 4.59896e-08 0.000885371 2.74515e-07 1.83041e-07 2.71127e-07 0.998107 1.95877e-07 4.9883e-07 1.6284e-07 5.51973e-08 7.50667e-08 0.000110544 0.000236839 2.27926e-07 
0.000449071 0.979978 0.000104177 1.43803e-08 0.0137446 2.81111e-08 0.000288088 1.28632e-08 0.000102212 1.53863e-07 8.60046e-05 0.000401081 8.48583e-08 0.000145285 0.000177851 1.56126e-07 6.12102e-05 1.72759e-08 2.34947e-08 4.93562e-08 0.00446213 7.13373e-08 
0.0512258 4.0681e-06 0.00012678 5.49354e-10 0.403306 9.67581e-07 3.18684e-06 4.914e-10 5.49879e-10 8.23488e-06 3.28226e-09 2.21044e-07 3.24175e-09 0.498028 2.34202e-09 5.9643e-09 0.0206921 0.00309269 8.97542e-10 1.51028e-06 0.0235067 3.81803e-06 
0.0476387 0.0120564 0.00647457 0.00081861 0.000204807 3.76675e-08 9.88958e-07 3.31763e-10 0.00872283 0.000268687 2.73266e-05 1.47757e-09 2.18863e-09 0.815307 0.0728711 4.02673e-09 1.23432e-06 0.00551791 0.0279089 4.89246e-07 0.00218011 1.8399e-09 
3.75043e-08 2.30676e-12 0.966045 2.40312e-09 3.46111e-12 1.20954e-07 4.188e-12 1.42135e-12 0.000557313 1.69955e-06 9.49379e-12 1.27436e-10 2.06388e-08 0.0313159 6.7742e-12 1.72515e-11 0.00193823 1.90384e-06 3.98964e-07 5.45373e-12 0.000139721 7.88258e-12 
0.00611256 0.000536295 3.3998e-06 4.86954e-08 1.06068e-07 0.000180611 0.000718048 4.35583e-08 0.00472023 7.20445e-06 2.90944e-07 3.91495e-07 0.000545205 0.0356705 0.00134382 0.949122 7.83319e-06 2.12371e-05 8.63277e-06 1.67133e-07 0.00100057 1.27447e-06 
1.42376e-05 0.000356675 1.2192e-07 3.87247e-08 0.998892 7.57004e-08 1.02065e-07 3.46394e-08 3.87617e-08 0.000192226 2.31371e-07 1.54274e-07 2.28515e-07 1.46714e-05 0.00038848 4.20432e-07 1.37247e-07 4.65223e-08 6.32689e-08 1.32912e-07 0.000139242 1.92105e-07 
0.247547 1.30464e-09 2.82938e-09 8.98681e-10 1.70322e-05 1.75677e-09 2.36861e-09 8.03875e-10 8.9954e-10 5.28949e-05 2.09461e-05 3.58022e-09 5.30314e-09 0.752355 3.83129e-09 9.75693e-09 3.18508e-09 1.07964e-09 5.58092e-06 3.08447e-09 1.54447e-06 4.45816e-09 
0.00256112 5.91734e-05 0.000115084 1.59405e-06 0.00133488 2.26207e-06 9.55145e-10 3.24164e-10 0.000486201 3.87747e-09 0.98877 1.44373e-09 2.1385e-09 5.83282e-05 0.000306066 4.68346e-07 6.98761e-05 4.35366e-10 0.00414003 0.00195533 0.000139049 2.13997e-07 
6.99413e-09 6.87483e-05 5.31371e-05 5.44263e-09 0.999634 1.80977e-05 6.74353e-05 4.86846e-09 3.70507e-05 5.82338e-08 3.25184e-08 2.16827e-08 3.21171e-08 6.372e-05 2.32032e-08 5.90903e-08 4.24564e-05 6.53855e-09 8.89224e-09 1.86803e-08 1.47376e-05 2.69997e-08 
0.606954 2.79251e-07 0.0029645 0.00399294 0.000394581 0.00125559 1.68604e-06 1.72066e-07 1.92542e-07 0.0188375 0.199682 7.66328e-07 1.13511e-06 0.0953803 0.00556084 0.00018179 0.000331699 3.9463e-05 0.000133834 0.0611005 0.00263486 0.000551152 
0.00388758 0.992569 4.15898e-07 0.000317171 2.87738e-07 2.58232e-07 3.48167e-07 1.18163e-07 1.32225e-07 1.41341e-06 7.89262e-07 5.26264e-07 7.79521e-07 0.00265343 5.6317e-07 1.43419e-06 4.68183e-07 1.58699e-07 0.000475033 4.53393e-07 8.94762e-05 6.55315e-07 
0.66451 9.3866e-09 0.0233241 0.0918518 0.00143883 1.26396e-08 1.70417e-08 5.78372e-09 0.0174376 1.68321e-05 0.000747178 0.00029385 3.42097e-05 0.0847587 0.000803854 7.01991e-08 0.00195175 0.00547503 0.00863477 0.00338467 0.0953361 3.20755e-08 
0.0299536 1.42096e-07 1.95657e-05 5.16134e-05 0.939726 5.68881e-06 2.19383e-05 8.75547e-08 9.79741e-08 0.00642787 5.84814e-07 2.92391e-05 5.77596e-07 0.0236422 5.41347e-05 1.06268e-06 1.97826e-05 4.08734e-06 1.59919e-07 2.9502e-05 1.19105e-05 4.85564e-07 
6.25603e-05 0.0779191 0.000127966 2.07783e-05 0.751685 2.9646e-09 3.99709e-09 1.35656e-09 1.518e-09 1.62264e-08 9.06103e-09 6.04172e-09 8.9492e-09 0.170069 3.42732e-05 1.64651e-08 5.37491e-09 1.82192e-09 2.27979e-05 3.74821e-05 6.00146e-06 1.43017e-05 
0.899185 0.00452778 0.00100455 0.00111436 1.66275e-06 1.38155e-10 3.64594e-08 6.32179e-11 0.0605263 0.000727778 4.22259e-10 0.00634327 6.76991e-07 0.0263835 3.01298e-10 3.91999e-07 2.5048e-10 4.76289e-07 8.57516e-08 0.000181789 4.06126e-07 1.74729e-06 
4.11614e-08 4.64996e-08 1.00844e-07 3.20306e-08 0.999567 6.26146e-08 8.44215e-08 2.86515e-08 6.41545e-05 3.42714e-07 1.91375e-07 1.27605e-07 1.89013e-07 3.61848e-05 1.36554e-07 3.47754e-07 1.13522e-07 3.84803e-08 5.23321e-08 0.000285943 4.50421e-05 1.58897e-07 
0.385778 5.01804e-06 0.1333 3.3884e-06 0.313624 0.00415826 9.58361e-10 3.25255e-10 4.5524e-06 3.89052e-09 2.64943e-05 1.81318e-06 1.23467e-05 0.150886 7.51008e-07 3.94774e-09 0.00663178 2.62287e-06 0.005543 1.06151e-05 1.06665e-05 1.80381e-09 
0.000144236 1.89446e-08 7.3995e-05 0.000475022 0.998301 2.551e-08 3.43945e-08 1.1673e-08 1.30622e-08 1.39626e-07 7.7969e-08 5.19882e-08 0.00014639 5.1966e-05 0.000344987 1.4168e-07 4.62504e-08 1.56774e-08 2.13208e-08 0.000340444 0.000120941 6.47367e-08 
0.00643904 0.000170608 2.48063e-06 3.09084e-06 5.87215e-07 2.47323e-09 3.33459e-09 1.13172e-09 0.10314 1.3537e-08 2.85383e-05 5.04033e-09 7.4659e-09 0.0196915 5.39379e-09 1.37361e-08 3.18442e-05 1.96694e-06 0.678922 4.3424e-09 0.191567 2.49357e-08 
2.94328e-06 5.82343e-11 1.26293e-10 3.15253e-07 0.00996231 4.94522e-08 0.0100045 3.58821e-11 0.0562407 0.00141137 1.81327e-07 8.49403e-07 0.00182338 0.624044 1.71015e-10 3.88221e-08 0.137157 0.149467 2.12997e-07 1.3768e-10 0.00988485 7.03644e-08 
0.273762 1.01498e-06 0.00243053 1.21883e-06 0.197129 6.39493e-06 4.92784e-07 3.34422e-11 3.21866e-07 2.04048e-06 1.25112e-06 0.251587 6.00102e-06 0.171398 7.97094e-07 4.059e-10 0.00139214 4.22239e-07 6.10822e-11 0.0791694 0.0231118 1.85465e-10 
0.0301981 0.039439 1.11566e-06 0.0444293 0.0027859 1.66009e-08 7.00407e-11 2.37709e-11 1.3839e-05 0.002761 1.58222e-07 1.05868e-10 4.60362e-07 0.093545 0.312402 5.15672e-07 9.41841e-11 6.38835e-09 0.100044 5.81209e-07 0.374379 1.3183e-10 
0.437902 4.27675e-07 0.00097984 0.0170281 5.83328e-05 0.0181909 0.00113859 2.14211e-07 0.119166 0.00180958 1.88986e-05 3.70405e-06 0.000491402 0.0834442 0.00109695 0.294648 0.000201785 0.000292977 0.00362529 0.00469367 0.0152051 3.83693e-06 
2.08771e-06 9.74645e-08 0.204033 0.0582051 0.00100882 6.90381e-11 1.54525e-06 3.15909e-11 2.49223e-06 3.77873e-10 5.63413e-06 1.83891e-05 1.2298e-06 0.252445 1.06915e-06 3.8343e-10 0.458494 2.21478e-06 5.77007e-11 1.5153e-06 0.0257774 1.75198e-10 
9.85838e-07 0.00412177 2.41528e-06 0.0242429 0.70901 1.49965e-06 2.02194e-06 6.86221e-07 7.67884e-07 8.20819e-06 0.00779663 3.05622e-06 4.52698e-06 0.00387551 0.223056 8.32892e-06 2.71892e-06 0.000185246 0.00839893 0.0171173 0.00215717 3.80567e-06 
7.03575e-07 7.94822e-07 1.72374e-06 0.000446702 0.948412 1.07028e-06 1.44302e-06 4.89743e-07 0.000168412 5.85804e-06 0.00158976 0.000280561 3.23082e-06 0.0200888 2.33413e-06 5.9442e-06 1.94044e-06 6.57747e-07 8.94516e-07 0.0264945 0.00248961 2.71604e-06 
0.113144 6.91495e-10 2.60956e-05 0.663235 0.0722685 9.3114e-10 4.01864e-06 4.26076e-10 2.33627e-05 8.66914e-06 2.84594e-09 9.67975e-06 2.81081e-09 4.5293e-06 1.29984e-05 5.17145e-09 1.68818e-09 1.2595e-06 0.084079 5.23316e-06 0.0671772 2.36295e-09 
0.00167782 1.37172e-06 4.24871e-05 0.990765 0.00068205 1.8471e-06 2.4904e-06 8.45208e-07 9.45791e-07 1.01099e-05 0.000314724 3.7643e-06 5.57581e-06 0.000232893 0.000460516 1.02586e-05 3.34885e-06 1.13515e-06 0.00319711 0.00202662 0.000554609 4.68738e-06 
0.000790395 2.69533e-12 0.00648234 0.0355124 4.04413e-12 3.62943e-12 0.00156809 1.66078e-12 0.0058282 1.98653e-11 1.1093e-11 0.000362539 1.09561e-11 0.902066 7.9153e-12 2.01574e-11 0.00245133 0.0376959 0.00258659 6.3724e-12 0.00465576 9.21039e-12 
0.767297 0.0105996 2.2365e-05 5.68345e-06 0.20997 4.93078e-09 0.00413901 2.25626e-09 6.91054e-06 2.69881e-08 1.50705e-08 1.00487e-08 1.48845e-08 0.00274415 1.07534e-08 2.7385e-08 0.000637263 0.00262057 4.12105e-09 8.65726e-09 0.00195766 1.25128e-08 
3.75043e-08 2.30676e-12 0.966045 2.40312e-09 3.46111e-12 1.20954e-07 4.188e-12 1.42135e-12 0.000557313 1.69955e-06 9.49379e-12 1.27436e-10 2.06388e-08 0.0313159 6.7742e-12 1.72515e-11 0.00193823 1.90384e-06 3.98964e-07 5.45373e-12 0.000139721 7.88258e-12 
0.000184361 0.00305939 6.43228e-05 0.00324258 4.71957e-05 1.89759e-09 2.55846e-09 8.68309e-10 0.330459 1.03862e-08 0.0298813 3.86719e-09 9.37442e-05 0.326062 8.46268e-05 1.0539e-08 0.00102974 0.00149309 0.294774 0.000205668 0.00931843 4.8155e-09 
7.31703e-05 0.0549468 1.18277e-05 3.55475e-05 0.311634 7.72955e-10 1.04215e-09 3.53693e-10 0.000214674 1.60808e-05 2.36246e-09 1.07132e-05 1.79688e-05 5.96605e-05 0.000382154 0.0104472 1.40139e-09 9.691e-06 0.0691103 2.45652e-05 0.553006 1.96153e-09 
2.94328e-06 5.82343e-11 1.26293e-10 3.15253e-07 0.00996231 4.94522e-08 0.0100045 3.58821e-11 0.0562407 0.00141137 1.81327e-07 8.49403e-07 0.00182338 0.624044 1.71015e-10 3.88221e-08 0.137157 0.149467 2.12997e-07 1.3768e-10 0.00988485 7.03644e-08 
3.29685e-07 1.96218e-07 0.0010564 0.000915255 0.975231 1.36569e-08 1.80661e-11 6.13141e-12 5.56802e-07 7.33406e-11 4.63617e-07 4.76148e-07 4.04487e-11 0.0175847 3.20403e-08 7.44192e-11 2.42936e-11 0.00517747 2.9648e-07 3.21057e-05 1.01998e-06 3.40038e-11 
0.000162443 0.000154059 1.63772e-08 5.20181e-09 0.99934 1.01687e-08 0.000104211 4.65304e-09 5.20677e-09 5.56571e-08 3.10796e-08 0.000145084 3.0696e-08 5.25541e-05 2.23984e-06 5.64757e-08 2.21417e-05 6.31172e-07 8.49878e-09 1.78537e-08 1.59811e-05 2.5805e-08 
0.0491183 0.0082759 0.00010062 0.0035623 3.82986e-06 1.78318e-07 9.24802e-09 3.13866e-09 0.00127948 0.00721078 0.00012684 0.000167791 2.07056e-08 0.638507 0.0182737 3.80951e-08 5.66622e-06 0.000312617 0.27304 1.2043e-08 1.54212e-05 1.74065e-08 
0.87856 0.0469222 1.14231e-06 3.62825e-07 0.0107413 7.09263e-07 0.0580426 3.24549e-07 0.000173632 3.88207e-06 2.1678e-06 0.0049622 2.14104e-06 1.69842e-05 1.54681e-06 0.00046347 1.28591e-06 4.35883e-07 5.92788e-07 1.24529e-06 6.16791e-05 3.98164e-05 
0.000226579 9.33193e-06 2.16754e-05 3.80025e-08 0.997451 0.000164447 2.21555e-05 3.39935e-08 8.89621e-06 4.06611e-07 2.29531e-05 1.51397e-07 2.24254e-07 0.00200882 1.62014e-07 4.12591e-07 1.34688e-07 4.56547e-08 6.20891e-08 1.30433e-07 4.28094e-05 1.98125e-05 
0.000302273 5.90444e-08 6.27305e-05 0.0793419 0.904416 0.00140853 0.0139918 3.63812e-08 4.07108e-08 6.89068e-05 2.43005e-07 9.39451e-05 2.40006e-07 0.000197235 1.73394e-07 4.41572e-07 6.33259e-05 1.29538e-05 6.64503e-08 1.39595e-07 3.85742e-05 2.01764e-07 
1.26497e-06 0.000908974 0.955354 0.000279462 0.0407089 1.92427e-06 2.59444e-06 8.80518e-07 9.85304e-07 1.05323e-05 0.00170368 3.92157e-06 5.80876e-06 0.000574727 4.19657e-06 1.06872e-05 3.48876e-06 8.01012e-06 1.60827e-06 3.37855e-06 0.000405874 4.88321e-06 
6.19378e-07 0.00489863 0.00318819 0.00694103 0.00535529 9.42196e-07 0.00952879 4.31135e-07 0.00501789 5.157e-06 2.87973e-06 0.00422625 0.00825099 0.00438257 0.021783 5.23285e-06 1.70823e-06 5.79034e-07 0.00551307 0.919112 0.00178188 2.39101e-06 
0.159493 0.0437794 8.56675e-05 8.0044e-05 0.695438 0.00521224 0.0486353 5.31641e-09 5.64913e-05 6.35919e-08 3.55105e-08 0.0444668 3.50722e-08 0.00271324 2.53381e-08 6.45272e-08 2.10645e-08 7.14016e-09 3.15996e-05 2.03991e-08 7.72848e-06 2.94839e-08 
2.7496e-06 3.10619e-06 6.73644e-06 2.13966e-06 0.00656769 4.18268e-06 5.63939e-06 1.91394e-06 2.1417e-06 2.28934e-05 1.2784e-05 8.5241e-06 1.26262e-05 0.00162526 9.12187e-06 2.32301e-05 0.00770623 2.5705e-06 0.98049 0.00220196 0.00127795 1.06144e-05 
0.00953389 2.90941e-07 2.58755e-05 8.67979e-05 5.8702e-06 3.9177e-07 2.58882e-05 1.79269e-07 0.000147699 0.00926092 1.19741e-06 6.25561e-05 0.00181958 0.000412783 8.54399e-07 2.17585e-06 7.10291e-07 2.40766e-07 0.0187257 0.959868 1.72663e-05 9.94194e-07 
0.0299536 1.42096e-07 1.95657e-05 5.16134e-05 0.939726 5.68881e-06 2.19383e-05 8.75547e-08 9.79741e-08 0.00642787 5.84814e-07 2.92391e-05 5.77596e-07 0.0236422 5.41347e-05 1.06268e-06 1.97826e-05 4.08734e-06 1.59919e-07 2.9502e-05 1.19105e-05 4.85564e-07 
6.66437e-09 1.83581e-12 0.00556913 5.77925e-08 3.96673e-08 2.47203e-12 3.33297e-12 1.13117e-12 0.000926953 1.35318e-07 7.55553e-12 2.36831e-08 0.00188365 0.984336 1.15916e-07 1.37294e-11 0.0071629 0.000120348 4.13237e-08 1.36723e-07 1.41557e-08 3.57637e-08 
3.75043e-08 2.30676e-12 0.966045 2.40312e-09 3.46111e-12 1.20954e-07 4.188e-12 1.42135e-12 0.000557313 1.69955e-06 9.49379e-12 1.27436e-10 2.06388e-08 0.0313159 6.7742e-12 1.72515e-11 0.00193823 1.90384e-06 3.98964e-07 5.45373e-12 0.000139721 7.88258e-12 
3.62121e-07 0.000941302 8.87188e-07 0.00493166 0.00270133 5.50858e-07 0.000520637 2.52065e-07 2.82062e-07 3.01506e-06 1.68365e-06 1.12262e-06 0.000666809 0.00237808 1.20135e-06 3.0594e-06 9.98722e-07 3.38534e-07 4.60397e-07 0.986715 0.00112981 1.39791e-06 
3.39683e-06 0.15436 0.00249452 0.0155418 2.37933e-06 9.90946e-06 0.00163356 9.77102e-07 0.00159697 1.16876e-05 6.52647e-06 0.499915 6.44591e-06 0.0212726 0.0024648 1.40183e-05 3.87144e-06 1.31229e-06 0.00420069 0.162423 0.134031 5.41885e-06 
0.0959861 4.69627e-08 2.71052e-06 0.00250634 6.4e-11 5.74372e-11 7.74409e-11 2.62824e-11 0.0241522 1.49961e-05 1.75551e-10 0.323974 8.15085e-07 0.0710931 1.25263e-10 3.19e-10 0.452452 2.84471e-05 0.018912 1.00846e-10 0.0108771 1.45758e-10 
0.0668896 0.000140238 1.45285e-05 2.27436e-05 0.859209 5.53911e-09 7.46823e-09 2.53462e-09 6.67321e-06 3.03177e-08 1.69298e-08 4.18248e-05 0.0347678 0.038847 4.40772e-05 1.03666e-05 1.00426e-08 3.40411e-09 4.62948e-09 9.72535e-09 6.54219e-06 1.40566e-08 
0.00542243 4.96347e-07 0.00273091 0.00168416 0.000367576 2.41368e-09 3.25429e-09 1.10446e-09 1.91007e-06 1.3211e-08 1.09477e-05 4.91895e-09 7.28612e-09 1.5367e-05 0.988712 4.89121e-06 3.40668e-06 4.94632e-07 0.000435866 3.80428e-06 0.000429764 0.000176303 
1.99956e-05 2.25865e-09 7.83792e-05 8.55871e-06 0.856083 0.00584803 4.10066e-09 1.39171e-09 2.22714e-05 1.66469e-08 9.2958e-09 6.19825e-09 2.66343e-05 0.137624 0.000277264 1.68917e-08 5.56932e-07 1.86913e-09 2.54196e-09 5.33999e-09 1.0693e-05 7.71819e-09 
0.0149167 0.00051537 0.000184389 0.000712349 0.000649037 7.02171e-07 0.00223017 2.21415e-08 0.825674 0.000178977 3.43783e-05 0.000428144 3.59844e-05 0.030995 2.60259e-08 1.17422e-05 0.0133152 0.00407937 0.00098912 2.601e-08 0.105049 2.01105e-07 
0.0246666 2.38858e-10 5.18015e-10 1.64534e-10 0.00281177 0.00170294 0.00249993 1.47177e-10 1.64691e-10 1.76045e-09 9.83053e-10 0.946563 9.7092e-10 0.0150366 7.01448e-10 1.78634e-09 0.00457505 2.01637e-06 2.68818e-10 5.64717e-10 0.00214239 8.16218e-10 
0.0223554 2.96576e-09 8.62979e-06 2.04293e-09 0.911832 4.90905e-06 1.17244e-06 1.82741e-09 5.48525e-06 2.18584e-08 1.2206e-08 9.65104e-06 0.000102251 2.10853e-05 8.70947e-09 2.21799e-08 6.77986e-06 2.45429e-09 6.12767e-06 0.040931 0.0247158 1.01345e-08 
6.03564e-05 1.33875e-08 0.000225419 3.26142e-05 0.827842 1.80271e-08 1.87059e-05 8.24896e-09 0.0152767 9.86695e-08 5.50982e-08 4.08751e-05 1.57394e-05 5.30787e-05 8.24468e-05 3.28057e-05 5.34154e-05 0.124226 1.50667e-08 1.58446e-05 0.0320235 4.57474e-08 
3.75043e-08 2.30676e-12 0.966045 2.40312e-09 3.46111e-12 1.20954e-07 4.188e-12 1.42135e-12 0.000557313 1.69955e-06 9.49379e-12 1.27436e-10 2.06388e-08 0.0313159 6.7742e-12 1.72515e-11 0.00193823 1.90384e-06 3.98964e-07 5.45373e-12 0.000139721 7.88258e-12 
4.10848e-09 2.62842e-05 1.00657e-08 3.1971e-09 0.983206 6.24981e-09 0.0166214 2.85982e-09 1.7676e-06 3.42076e-08 1.91019e-08 1.27368e-08 1.88662e-08 0.000143022 1.363e-08 3.47108e-08 1.13311e-08 3.84087e-09 5.22347e-09 1.09732e-08 1.60768e-06 1.58601e-08 
0.0182592 1.82068e-10 3.43564e-06 8.15327e-07 0.98092 0.000785709 3.86776e-06 1.12185e-10 1.50768e-07 3.75865e-06 7.49327e-10 5.14675e-06 7.40079e-10 1.08218e-05 1.01642e-06 1.36163e-09 3.46748e-06 7.08293e-07 2.04905e-10 4.30453e-10 2.11562e-06 6.22157e-10 
0.0326722 0.010181 0.00181608 3.19428e-06 1.10764e-06 9.60463e-10 1.29497e-09 4.39494e-10 0.268524 0.00374575 2.93556e-09 9.64362e-07 0.0411677 0.598791 3.43371e-05 1.04673e-06 1.73318e-06 8.7125e-07 0.0167482 0.0109718 0.0153395 2.43736e-09 
9.99105e-09 1.0057e-12 0.960727 6.40433e-10 1.50897e-12 3.4962e-10 1.82588e-12 6.19679e-13 0.000334332 1.00707e-06 4.13909e-12 3.50211e-11 5.49953e-09 0.0383335 2.9534e-12 7.52127e-12 0.000519398 1.13877e-06 2.36899e-07 2.37771e-12 8.38128e-05 3.43664e-12 
2.1379e-07 1.80538e-06 5.23779e-07 1.66365e-07 0.994856 3.25216e-07 4.3848e-07 1.48814e-07 5.26374e-05 1.78003e-06 0.000496898 8.76786e-05 9.81724e-07 2.55024e-05 7.09253e-07 2.51974e-05 5.89626e-07 1.99864e-07 2.71809e-07 0.00432765 0.000119413 8.253e-07 
0.899185 0.00452778 0.00100455 0.00111436 1.66275e-06 1.38155e-10 3.64594e-08 6.32179e-11 0.0605263 0.000727778 4.22259e-10 0.00634327 6.76991e-07 0.0263835 3.01298e-10 3.91999e-07 2.5048e-10 4.76289e-07 8.57516e-08 0.000181789 4.06126e-07 1.74729e-06 
0.619206 1.24902e-09 0.000105771 2.85245e-05 0.161286 1.68189e-09 2.26764e-09 7.69609e-10 1.64176e-05 9.20563e-09 5.14053e-09 0.00805052 5.07709e-09 0.0494291 3.14178e-05 9.34102e-09 3.04931e-09 1.03362e-09 0.00239133 2.76051e-05 0.159427 4.26812e-09 
0.0011761 6.35674e-08 0.000565363 0.00403726 0.970323 8.55974e-08 1.15409e-07 3.91681e-08 4.38293e-08 4.68508e-07 0.00442165 1.74443e-07 2.58391e-07 0.00073903 0.00173629 4.75398e-07 1.55191e-07 5.26045e-08 0.00656751 0.00966366 0.000768285 2.1722e-07 
0.00199434 1.23784e-07 0.902913 0.0117925 1.85727e-07 1.66682e-07 0.00402294 7.62714e-08 0.00477958 9.12317e-07 5.09448e-07 0.00237818 5.03161e-07 0.0458166 3.63512e-07 9.25735e-07 0.00583275 0.0133168 0.00406799 2.92654e-07 0.00308088 4.22989e-07 
0.00015521 6.46673e-05 0.000448657 4.30219e-07 0.013047 9.17817e-06 2.88845e-05 3.84833e-07 4.3063e-07 0.98102 0.00010609 1.71393e-06 2.53873e-06 0.00156093 1.83412e-06 0.000284036 0.00015079 0.00308336 7.02897e-07 1.47661e-06 2.92977e-05 2.13422e-06 
0.030619 1.73724e-11 0.000894821 0.000350916 7.3456e-06 7.55268e-05 2.06044e-07 1.07043e-11 0.00980775 0.0015429 7.14984e-11 1.96038e-08 0.0234474 0.922229 1.99845e-05 1.29922e-10 8.77962e-07 0.0109554 4.86111e-05 3.08144e-07 6.95111e-08 5.93643e-11 
0.00550659 2.13902e-07 0.000310148 0.586275 0.001265 2.80393e-11 4.17208e-07 1.28304e-11 0.141481 5.60396e-05 6.44162e-08 7.84048e-05 7.56986e-05 0.00588467 0.000309128 1.55727e-10 1.21575e-06 0.000100321 0.00550222 0.0330617 0.220092 1.11183e-07 
0.273828 1.85285e-06 0.000114086 0.26716 0.456875 5.4225e-08 7.311e-08 2.48126e-08 0.000163921 2.96794e-07 1.65733e-07 0.000328402 0.00119375 9.49895e-05 7.84042e-05 3.01159e-07 0.000108568 3.33244e-08 4.53202e-08 9.52059e-08 5.13677e-05 1.37606e-07 
0.00112139 1.73847e-08 2.0868e-07 0.841223 6.56104e-08 0.0150325 0.0141362 3.83712e-12 0.000473994 9.22346e-08 0.000158122 0.000326316 4.29865e-07 0.0430054 7.20289e-07 2.55784e-07 0.0839806 1.28198e-07 0.000286428 1.4723e-11 0.000254436 2.128e-11 
0.221465 0.00686626 0.00205852 1.66052e-06 0.730821 1.52807e-06 1.31365e-09 4.45834e-10 0.00871461 2.97821e-05 2.97791e-09 9.92402e-08 0.00310387 0.0228338 3.04173e-06 3.41957e-05 1.76647e-09 3.92411e-05 8.14316e-10 8.54802e-06 0.00400041 1.87734e-05 
0.437902 4.27675e-07 0.00097984 0.0170281 5.83328e-05 0.0181909 0.00113859 2.14211e-07 0.119166 0.00180958 1.88986e-05 3.70405e-06 0.000491402 0.0834442 0.00109695 0.294648 0.000201785 0.000292977 0.00362529 0.00469367 0.0152051 3.83693e-06 
0.0491183 0.0082759 0.00010062 0.0035623 3.82986e-06 1.78318e-07 9.24802e-09 3.13866e-09 0.00127948 0.00721078 0.00012684 0.000167791 2.07056e-08 0.638507 0.0182737 3.80951e-08 5.66622e-06 0.000312617 0.27304 1.2043e-08 1.54212e-05 1.74065e-08 
0.00370535 0.0101695 4.7967e-06 0.00385532 5.70784e-08 1.66414e-05 6.90658e-08 2.344e-08 0.0855938 2.80377e-07 1.56566e-07 1.04395e-07 0.00523098 0.0663926 0.0148478 0.000135755 9.28731e-08 3.1481e-08 4.28132e-08 0.00133975 0.808707 1.29994e-07 
0.815249 0.00431044 0.00312749 0.000755839 0.0498481 8.86368e-08 0.00052595 1.0105e-10 0.0339914 0.000291916 6.74956e-10 0.0199326 0.000423216 0.0698612 4.81608e-10 2.73934e-07 0.000202865 0.000819843 5.98772e-08 0.000134503 0.000523842 1.62165e-06 
0.000202044 6.30502e-09 1.36738e-08 0.000702288 9.46018e-09 8.49009e-09 0.933491 3.88495e-09 0.00125246 4.64696e-08 2.59492e-08 3.28918e-05 2.56289e-08 1.54883e-05 1.85158e-08 0.000113214 1.53928e-08 5.21765e-09 0.000244814 1.49066e-08 0.0639458 2.15453e-08 
0.107586 0.000133737 4.1914e-08 0.218247 0.667696 0.000209989 6.75605e-05 1.19085e-08 0.00236743 1.42443e-07 5.53916e-05 0.000305823 8.31197e-05 1.97742e-05 0.0031977 1.3994e-05 4.71833e-08 2.21448e-06 5.47387e-06 4.56928e-08 7.90916e-06 6.60424e-08 
