0.0723032 0.175562 4.20158e-09 4.20132e-05 3.97285e-07 1.54207e-05 0.000777953 0.000862047 0.698202 9.05707e-05 5.36158e-06 0.000373819 2.27385e-08 0.00454155 1.56197e-06 8.05433e-09 9.078e-08 0.00126218 0.00577778 1.13184e-08 0.0401819 7.539e-09 
0.0169263 0.0134913 0.0355841 0.300471 0.0138713 0.00185484 0.000732504 0.0183904 0.329507 0.000351695 0.000249447 2.23517e-05 0.000236817 0.0533756 0.00906126 4.49298e-07 0.00183755 0.00745541 0.00284164 0.0225444 0.171193 8.3219e-07 
0.0205532 0.0104209 0.00983746 0.00378833 0.0216748 1.27913e-05 0.0232602 0.00574577 0.62727 0.000197929 2.65256e-06 0.000117222 1.35931e-08 0.0562008 0.0463328 4.35442e-05 0.0139858 0.0680589 0.00603521 9.71854e-08 0.0863875 7.36849e-05 
0.150978 0.00532044 0.000156885 0.0141307 0.00336015 4.04842e-05 0.00106363 0.00256075 0.653986 8.08055e-05 0.000191517 0.000428035 0.00122396 0.0118467 5.30559e-05 4.66896e-05 0.00306431 0.000251638 0.00100173 0.00563169 0.144582 7.63882e-07 
0.295665 0.0662906 0.00878303 0.0027577 0.00354344 7.80357e-05 0.101332 0.00581397 0.298804 0.000101359 0.000225323 0.0014851 5.78576e-05 0.029683 0.00178155 4.897e-06 0.0162255 0.0514758 0.045743 2.65435e-05 0.0701196 2.08049e-06 
0.0793862 0.0303994 0.000776072 0.188848 0.00174072 4.97718e-05 0.0969673 0.00543467 0.349303 0.000206663 0.000775169 0.000106308 4.91317e-05 0.0331702 0.0182966 0.000245709 0.0215854 0.000619131 0.0087765 0.00130507 0.161859 9.91546e-05 
0.0358109 0.00378607 0.00890142 0.0588047 0.00130405 7.85374e-06 0.00596564 0.0681944 0.35212 0.000332176 9.84093e-05 0.000377596 1.18805e-05 0.131935 0.158886 0.000817601 0.000104175 0.0016668 0.0566847 0.00387507 0.110308 8.15001e-06 
0.0189016 0.000439506 2.86022e-05 0.00180726 3.88271e-05 2.44079e-05 0.0111472 0.000286638 0.847071 5.34477e-05 7.40308e-05 0.000204193 5.23467e-05 0.026205 3.97571e-08 1.55544e-06 0.00450519 0.0363245 0.00964472 2.36381e-07 0.0431893 1.20107e-07 
0.0128268 0.115005 4.41836e-05 0.0533587 0.000120715 4.21247e-05 0.046273 0.00441234 0.636495 2.07225e-08 3.55105e-05 0.000232385 0.000204303 0.000959852 0.000629523 0.000362624 4.34369e-09 3.32893e-08 0.018611 1.23171e-07 0.110387 4.42949e-12 
0.289452 0.0259371 0.000932275 0.0108041 0.00140686 0.000404757 0.00106052 0.0254458 0.409944 0.000110501 0.000491025 0.0105482 2.94377e-05 0.0827746 1.70356e-05 4.38751e-09 0.00499249 0.000956418 0.0541266 0.000228483 0.0803381 9.87201e-08 
0.0476106 0.0305855 0.00344328 0.00949211 0.000655788 3.58642e-05 0.00815655 0.0221037 0.779694 2.50123e-05 8.11712e-06 0.00349149 0.0272164 0.0179934 0.000725723 5.50896e-05 0.00247251 0.00140208 0.00525011 0.000767802 0.0388147 1.61525e-07 
0.0139521 0.00294191 0.000132538 0.0672161 0.000615409 4.3102e-08 0.00779837 0.0465984 0.261441 1.58676e-06 0.000464864 1.15856e-05 5.85856e-05 0.00561737 0.111171 5.64101e-06 6.90794e-08 0.0854614 0.156966 0.00204707 0.237499 9.24577e-10 
0.0189016 0.000439506 2.86022e-05 0.00180726 3.88271e-05 2.44079e-05 0.0111472 0.000286638 0.847071 5.34477e-05 7.40308e-05 0.000204193 5.23467e-05 0.026205 3.97571e-08 1.55544e-06 0.00450519 0.0363245 0.00964472 2.36381e-07 0.0431893 1.20107e-07 
0.0726627 0.000676997 0.000364314 0.0414825 1.86531e-12 0.000409645 0.0703262 0.0014906 0.712874 8.02479e-09 4.01753e-05 0.00174368 5.58916e-08 8.67319e-05 8.31863e-08 3.33932e-08 0.0272298 0.000211639 0.0027094 4.76672e-08 0.0676915 4.24819e-12 
0.00938886 0.0396436 7.50638e-05 0.0093602 0.000499659 1.78796e-05 0.0150315 0.00166398 0.838896 2.68261e-05 8.12849e-05 0.00235119 0.00018852 0.0138623 0.000125877 7.68862e-06 0.00268841 0.0014446 0.00739208 4.56818e-05 0.0572086 8.11479e-08 
0.0369097 0.0121835 4.65784e-05 0.0234459 0.000301616 4.22707e-05 0.00250501 0.000704372 0.717897 6.31257e-05 0.00303864 0.000191772 0.000114728 0.0305479 0.00112139 2.38066e-06 0.00792718 0.00132377 0.0432786 1.16576e-07 0.118354 1.31437e-07 
0.0726627 0.000676997 0.000364314 0.0414825 1.86531e-12 0.000409645 0.0703262 0.0014906 0.712874 8.02479e-09 4.01753e-05 0.00174368 5.58916e-08 8.67319e-05 8.31863e-08 3.33932e-08 0.0272298 0.000211639 0.0027094 4.76672e-08 0.0676915 4.24819e-12 
0.0128097 0.0328919 0.00624425 0.0046891 0.0122477 9.44435e-06 0.0680976 0.00690972 0.551924 9.42783e-05 3.60358e-05 0.000126716 1.98496e-05 0.0297696 0.0318705 2.07415e-05 0.00892424 0.0334422 0.00741069 5.60497e-06 0.192421 3.5094e-05 
0.012803 0.104162 0.0223805 0.0135201 3.35502e-06 8.38507e-06 0.00668588 0.207751 0.313536 0.000235407 0.00158157 0.00700763 0.000242936 0.0796436 0.0065721 0.0329919 0.00116624 0.0508039 0.0918758 0.00259032 0.0444384 4.10184e-07 
0.0235351 0.0300924 0.000605388 0.00901332 0.000267711 9.58559e-06 0.00924283 0.0014927 0.818729 2.38438e-05 6.18787e-05 0.00143419 0.000125298 0.0112458 0.000266923 5.73602e-06 0.00170331 0.0012542 0.0148155 0.000287717 0.0757874 4.42631e-08 
0.12497 0.0128033 0.0147096 0.201701 0.0128972 9.55312e-07 0.0151886 0.0620123 0.389834 9.53841e-07 9.54635e-07 9.54972e-07 9.54652e-07 0.00688084 0.018431 9.53816e-07 9.55046e-07 9.55439e-07 0.00640192 9.55067e-07 0.13416 9.54808e-07 
0.0216617 0.0145618 0.0111945 0.0412233 0.139766 0.00131973 0.0927613 0.0508676 0.222364 0.00240157 0.00123012 0.00746092 0.0023581 0.0618756 0.005725 0.000510852 0.0276863 0.0178601 0.0283416 0.170786 0.0761912 0.00185288 
0.0726627 0.000676997 0.000364314 0.0414825 1.86531e-12 0.000409645 0.0703262 0.0014906 0.712874 8.02479e-09 4.01753e-05 0.00174368 5.58916e-08 8.67319e-05 8.31863e-08 3.33932e-08 0.0272298 0.000211639 0.0027094 4.76672e-08 0.0676915 4.24819e-12 
0.0149508 0.0126907 8.43826e-06 0.00361297 0.000316744 7.28099e-05 0.0645933 0.00246661 0.821793 2.22369e-05 2.02387e-06 5.50537e-05 0.000139136 0.00371692 0.000248964 3.63312e-06 7.2625e-05 0.00309595 0.00992523 9.25301e-08 0.0622127 5.89034e-12 
0.0401956 0.0180559 0.00618895 0.0549309 0.00396154 0.000154393 0.0603093 0.029374 0.341725 0.000109599 0.000924941 0.00091527 0.000794999 0.0335176 0.00521169 6.97459e-05 0.00728117 0.0389071 0.0445619 0.00242918 0.310315 6.69348e-05 
0.0737946 0.00868324 0.00366401 0.163171 0.00650639 0.000212527 0.0285822 0.0198689 0.275902 0.000420644 0.00019294 0.00735456 0.00869461 0.157536 0.00330813 0.000157334 0.00262406 0.0437466 0.00447202 0.0276384 0.163469 4.99029e-07 
0.041687 0.096198 0.00566497 0.0708678 0.00420014 0.00299787 0.103066 0.0895659 0.208219 0.000277974 0.00181276 0.00994202 0.000518525 0.0396266 0.00580952 0.0776605 0.00397693 0.00749868 0.0327273 0.00404633 0.192838 0.000798508 
0.0318452 0.072721 0.00169336 0.0354511 0.00280202 0.0024036 0.0517897 0.0600203 0.419847 0.000145166 0.000225864 0.00806232 0.000175838 0.0480593 0.0010859 0.000426663 0.00284937 0.00157137 0.024985 6.9169e-05 0.233193 0.000577724 
0.0586372 0.090171 0.00536935 0.0305264 7.16125e-09 1.35426e-05 0.00514503 0.0101038 0.347144 0.000148727 0.00488062 0.000447884 0.000508963 0.0371975 0.0125713 2.7516e-06 0.000592366 0.0623757 0.247062 3.59325e-05 0.0870468 1.95382e-05 
0.023638 0.0799507 6.54522e-05 0.0104407 0.000180698 0.00522967 0.0251725 0.0641324 0.410028 7.8255e-05 0.000287183 0.00558799 0.00138353 0.0287767 0.000849102 0.000249533 0.00486652 0.153051 0.135728 3.28712e-05 0.0502707 4.43145e-08 
0.132445 0.0367524 1.80354e-07 0.0959741 1.54845e-05 6.98564e-07 0.000700832 0.00672073 0.699123 4.74003e-07 2.38831e-07 0.00363199 9.16922e-07 0.00199731 1.6645e-05 3.71337e-07 6.80018e-06 2.16135e-07 0.00377547 5.96756e-05 0.0187776 3.19959e-07 
0.209503 0.0420654 0.000449634 0.0125294 0.0157938 0.000134703 0.0270238 0.0172019 0.397886 8.16627e-05 0.000468902 0.00297028 0.00500703 0.0642409 0.00131853 0.00177466 0.0284098 0.0154123 0.00814344 0.00144135 0.148143 1.08961e-07 
0.0417861 0.156359 0.00108708 0.0445601 0.00188786 0.0157359 0.0742979 0.10932 0.19811 0.00637874 0.00503154 0.00195431 0.000636523 0.0121803 0.00359879 0.000548616 0.000218197 0.0114358 0.131498 0.000613146 0.18276 2.36427e-06 
0.0193235 0.000664882 0.000168097 0.0180757 0.000177917 2.0646e-05 0.0083499 0.000602339 0.772232 0.000272235 7.52353e-05 0.00085218 1.15735e-05 0.025981 2.71756e-05 1.51027e-06 0.0048514 0.00788165 0.00539961 3.82095e-05 0.134993 6.85661e-08 
0.0791357 0.0509857 0.000627464 0.00196491 0.00662762 7.07436e-05 0.0398444 0.00474546 0.383614 0.000150197 6.76863e-05 0.000468232 5.17807e-05 0.0801077 0.000277248 5.30362e-06 0.0455628 0.105437 0.00530402 5.26174e-05 0.194893 6.62723e-06 
0.232329 0.0447045 0.0126687 0.00989317 0.00954605 0.000211385 0.0907132 0.0249717 0.310256 2.27971e-05 0.000170605 0.0084566 0.000207522 0.0352495 9.43742e-05 0.00183132 0.0116748 0.00672929 0.00129339 0.000529941 0.198444 2.03232e-06 
0.0240283 0.0422127 0.0191607 0.0542977 0.00120394 3.25356e-05 0.050935 0.0313652 0.528366 0.000166134 0.00409578 0.0100542 2.58963e-08 0.0680642 0.00112099 1.54725e-08 1.16735e-08 0.000230877 0.0638434 0.000683515 0.100139 8.97647e-08 
0.0149508 0.0126907 8.43826e-06 0.00361297 0.000316744 7.28099e-05 0.0645933 0.00246661 0.821793 2.22369e-05 2.02387e-06 5.50537e-05 0.000139136 0.00371692 0.000248964 3.63312e-06 7.2625e-05 0.00309595 0.00992523 9.25301e-08 0.0622127 5.89034e-12 
0.0195726 0.0225934 0.000805949 0.0157995 0.00333917 0.000104747 0.264588 0.0168241 0.36563 0.000778899 0.000440621 0.00146414 0.00159873 0.024574 0.00587787 8.01365e-05 0.000405095 0.0132857 0.00998215 0.000704553 0.23155 4.35812e-07 
0.0814208 0.0273543 0.00250739 0.0235831 0.0014572 0.00144166 0.021088 0.0292185 0.429524 0.000359405 0.00258873 0.00140685 0.00436371 0.0308824 0.0136632 3.75612e-05 0.000655762 0.0297212 0.080387 0.00265301 0.215671 1.56198e-05 
0.0170131 0.0139071 0.000643652 0.0100003 0.00815261 4.94127e-05 0.0603479 0.00183618 0.457905 2.91881e-05 0.000181773 0.000750465 0.000240121 0.0259729 0.00162569 1.61252e-05 0.000597934 0.00141977 0.000621199 0.000235087 0.398454 5.51141e-09 
0.00938886 0.0396436 7.50638e-05 0.0093602 0.000499659 1.78796e-05 0.0150315 0.00166398 0.838896 2.68261e-05 8.12849e-05 0.00235119 0.00018852 0.0138623 0.000125877 7.68862e-06 0.00268841 0.0014446 0.00739208 4.56818e-05 0.0572086 8.11479e-08 
0.0296696 0.00272563 0.000812321 0.225318 0.00736774 1.35355e-06 0.0227075 0.0768803 0.232705 0.000130729 0.000134712 0.00051413 0.00498157 0.17203 0.000431483 2.01945e-06 5.53434e-05 0.00290257 0.00746167 0.0347228 0.1784 4.6633e-05 
0.03188 0.141346 0.00241641 0.0371572 0.00201607 0.0223608 0.0131706 0.11217 0.32721 9.16086e-05 0.00169837 0.0176796 0.00142594 0.0172427 0.00423063 0.0039603 0.0063001 0.00306635 0.0752508 0.000823619 0.178503 2.88907e-07 
0.0396326 0.0240014 0.0037518 0.0667171 0.00578636 0.000169179 0.0212886 0.0442774 0.468063 0.00070611 0.000229252 0.0068796 0.00251415 0.0770963 0.0062246 1.50147e-05 0.000657096 0.0445809 0.0126539 0.00597708 0.168778 4.61805e-07 
0.0287999 0.00285065 0.000423996 0.0181598 0.000903211 4.96381e-05 0.0104508 0.00137068 0.770977 0.00035601 0.000268036 0.000382858 6.52809e-05 0.0701236 0.00247989 5.98854e-05 0.00624473 0.0293794 0.0118726 6.69972e-05 0.0447066 8.21495e-06 
0.0513554 0.112895 0.000241523 0.00858208 0.00175166 1.53916e-05 0.04238 0.00122421 0.49453 9.57787e-05 0.000122061 0.00033159 1.76515e-05 0.0045169 0.00509912 0.000186608 0.0204103 0.000329568 0.119629 9.82827e-08 0.136285 1.87613e-07 
0.0960153 0.0159097 0.0340452 0.118288 0.0122728 2.90075e-05 0.00936466 0.0527232 0.28641 0.000513961 0.00345419 0.0052898 0.0192349 0.0429379 0.00412137 0.00116576 0.00649765 0.0107889 0.0380205 0.00587455 0.237038 4.50039e-06 
0.0732599 0.0848713 0.0001247 0.00256452 0.0031327 0.000193194 0.127849 0.00206536 0.520005 2.48972e-05 8.78562e-05 0.000254492 3.45526e-05 0.0150029 0.00129366 3.04415e-06 0.0239967 0.0115023 0.0137037 1.29057e-07 0.120004 2.58425e-05 
0.0274895 0.0463511 0.000174525 0.0531145 0.000102881 0.00022368 0.0429033 0.049858 0.362009 0.000137867 0.00089679 0.0016617 0.00270834 0.0137511 0.00139447 1.42189e-05 0.000226755 0.0075225 0.0303716 0.00139777 0.357691 6.75646e-08 
0.0191885 0.185001 0.000107384 0.0153121 0.00957671 0.0106482 0.0637779 0.0536817 0.267724 0.00033627 0.000559951 0.00919174 0.00154349 0.0544969 1.34581e-05 0.00139392 0.0111148 0.041803 0.0161389 0.000229869 0.23816 2.92608e-07 
0.00388751 0.105097 5.79181e-05 0.110363 2.37562e-05 0.0176262 0.159273 0.123163 0.185264 8.3252e-05 0.00152333 0.00365748 0.000157721 4.17771e-05 0.000614882 4.12549e-05 1.87462e-08 1.17289e-05 0.184442 0.00971589 0.094954 9.16238e-11 
0.0515444 0.0658308 1.32749e-05 0.00314983 0.000151998 1.48946e-05 0.0647046 0.00175361 0.721338 4.23905e-06 3.71577e-06 0.00161011 0.000211664 0.0114504 0.000340088 6.07779e-06 0.000110429 0.00405305 0.0100051 4.05642e-07 0.0637034 7.78241e-11 
0.161943 0.0724364 0.00764749 0.0175294 0.081786 0.022314 0.0131974 0.166558 0.263074 0.000231471 0.0309526 0.000773986 0.000100965 0.0841645 0.00767603 0.000353135 0.00281193 0.000657053 0.0122536 0.0148722 0.0386657 1.34883e-06 
0.0251046 0.00180352 1.37075e-05 0.00218503 0.000272245 2.06726e-05 0.014976 0.00144743 0.817 8.98144e-05 3.88527e-05 0.00010594 4.25867e-05 0.0155256 4.73488e-05 7.45467e-07 0.00299907 0.0186801 0.0139116 7.68595e-05 0.0856587 5.79194e-08 
0.0414761 0.146347 0.0971873 0.0480125 0.00836309 2.76064e-05 0.00129933 0.0883949 0.171604 0.00102116 0.00505382 0.00243518 0.000404784 0.0512945 0.0828032 2.58672e-06 0.0024809 0.0206987 0.161611 0.00232416 0.0671572 3.16239e-07 
0.174449 0.0182672 0.000121041 0.053237 0.0728907 0.000203845 0.0602677 0.00324085 0.428493 7.88648e-06 5.99974e-06 0.00885117 0.00533789 0.0554393 0.010496 2.86203e-05 0.000561373 0.00015685 0.0187164 0.00498651 0.0842413 2.21802e-07 
0.0107221 0.185614 0.0116413 0.013949 0.00270135 0.000128515 0.00608986 0.00975657 0.548635 8.43274e-05 0.000749048 0.00262239 0.000961862 0.0179148 0.000598025 0.000241006 0.0917582 0.000226795 0.00877693 0.00024606 0.0865828 2.61663e-08 
0.00938886 0.0396436 7.50638e-05 0.0093602 0.000499659 1.78796e-05 0.0150315 0.00166398 0.838896 2.68261e-05 8.12849e-05 0.00235119 0.00018852 0.0138623 0.000125877 7.68862e-06 0.00268841 0.0014446 0.00739208 4.56818e-05 0.0572086 8.11479e-08 
0.090277 0.159337 0.00260026 0.0239116 0.0139241 0.000162903 0.0217817 0.0351386 0.441476 0.000447644 0.00112256 0.00114098 2.79323e-05 0.0217686 0.000911441 8.86806e-06 3.58477e-05 0.0141702 0.0978101 0.000235945 0.0737102 1.0242e-07 
0.0691837 0.000977287 0.00144547 0.0249026 1.03913e-08 0.0247121 0.0282703 0.00309696 0.792372 3.13221e-06 1.87644e-05 0.000546504 3.55026e-05 0.000854857 0.00105494 0.000742755 0.0128058 0.000119531 0.00240451 8.83032e-05 0.0363655 5.22185e-09 
0.0134613 0.000732745 2.86045e-05 0.00932216 3.88306e-05 1.27694e-05 0.0148631 0.000286641 0.788678 5.34533e-05 0.000107507 0.000253211 3.28309e-05 0.0268146 4.78098e-08 1.55663e-06 0.00450522 0.0363245 0.015189 2.37711e-07 0.0892937 1.20323e-07 
0.104417 0.204886 0.0013959 0.0568307 0.0135158 8.66778e-06 0.00125304 0.0996084 0.28981 0.000276558 0.022054 0.00249653 0.00166095 0.0201682 0.0013139 2.0084e-05 0.000532015 0.00325182 0.0243507 0.000508191 0.151639 2.71111e-06 
0.00796279 0.0350776 0.00509788 0.140416 0.000297946 0.0185312 0.0825391 0.114543 0.331319 0.000271575 0.000189236 0.0495034 0.000122743 0.0812178 0.00608565 0.00115443 0.0498445 0.00230913 0.00621526 0.00606817 0.0612315 1.76382e-06 
0.0767156 0.0764439 0.00426793 0.0143719 0.00118401 0.00229652 0.0061113 0.00128382 0.462687 3.76406e-05 0.00126912 3.74939e-05 4.1668e-05 0.120126 0.0302162 3.74104e-05 0.00093273 0.00457136 0.0534133 0.0310213 0.112934 1.56441e-07 
0.0372232 0.117246 7.59825e-05 0.0225577 0.00116498 0.00247833 0.0683862 0.0501475 0.537944 0.000129597 0.000519517 0.0114434 0.000243301 0.0423091 0.00194981 0.00207136 0.0283309 0.00461767 0.0263251 1.10394e-05 0.0448255 1.47849e-09 
0.0283367 0.132179 0.000371497 0.0535028 0.000993227 0.000330782 0.24703 0.0372026 0.298313 0.00124869 0.00355288 0.000169245 0.000464078 0.059742 0.00253915 3.13757e-05 0.00889785 0.004808 0.0746224 0.00016517 0.0455008 2.89642e-09 
0.115074 6.53502e-07 0.00224445 0.00105864 4.37928e-12 3.93021e-12 2.20443e-07 2.6239e-07 0.763841 9.037e-08 8.65005e-08 8.65113e-08 7.71282e-08 3.76831e-07 5.98282e-07 3.49465e-08 1.09028e-07 9.22685e-08 0.0331587 1.31806e-07 0.0846206 9.97368e-12 
0.0618793 0.0294289 0.000738423 0.0422958 0.0498478 0.00205776 0.0466689 0.0285992 0.344473 2.40218e-05 1.08444e-05 0.0035389 0.00238171 0.148898 1.72271e-05 0.00885227 0.0233746 0.0745745 0.00403835 0.00186693 0.126434 2.91178e-08 
0.144453 0.0100704 0.0605148 0.0571548 4.45242e-05 2.42327e-07 0.0104911 0.00501937 0.411189 9.99653e-05 0.000675259 0.00333425 0.000124492 0.0349634 0.00102884 0.00130057 0.0394686 0.000206852 0.0339067 0.00626952 0.179684 6.27369e-11 
0.0813329 0.12877 0.000298071 0.0300062 0.000447305 0.00900627 0.253276 0.0208089 0.286243 8.82416e-05 0.000568876 0.0234755 0.00036012 0.0379416 0.000100463 0.00171871 0.0274675 0.0156821 0.034553 3.30998e-05 0.0478225 6.98296e-10 
0.00285195 0.000421347 0.000368123 0.00124347 0.00963506 0.000110725 3.31702e-07 0.00213347 0.971709 0.000364162 0.00504326 5.01377e-07 0.000482433 0.000301906 7.78701e-05 0.000124083 0.000836212 1.51194e-07 2.05619e-07 0.00376352 0.000531654 6.24325e-07 
0.0128268 0.115005 4.41836e-05 0.0533587 0.000120715 4.21247e-05 0.046273 0.00441234 0.636495 2.07225e-08 3.55105e-05 0.000232385 0.000204303 0.000959852 0.000629523 0.000362624 4.34369e-09 3.32893e-08 0.018611 1.23171e-07 0.110387 4.42949e-12 
0.037801 0.038012 0.00583045 0.0218175 0.00533982 0.0061498 0.140827 0.0200201 0.413711 8.8721e-05 0.000894064 0.00105866 0.000206218 0.0662296 0.00106856 0.00154001 0.0174349 0.00111455 0.00445826 0.00301547 0.213382 5.63145e-09 
0.185486 0.0125497 0.00124988 0.0880798 0.00228642 5.37589e-05 0.00364671 0.0255317 0.321968 0.00246091 0.00293522 0.00454362 0.000472764 0.0594828 0.0025386 1.78326e-05 0.00322162 0.0403736 0.0390126 0.00166663 0.202422 1.90958e-07 
0.0247118 4.00288e-06 0.0143525 0.306405 1.97741e-07 3.10289e-05 0.0103691 0.00423233 0.352914 1.59918e-08 8.92998e-09 5.95434e-09 8.81977e-09 0.00613732 7.36813e-07 9.5941e-07 1.01451e-06 1.79557e-09 0.0206013 4.45529e-06 0.260234 7.41446e-09 
0.0576578 0.10409 0.000331099 0.0463979 0.00156028 2.84197e-05 0.0926692 0.0246403 0.486814 3.08812e-05 0.00102247 0.00211004 0.000271335 0.0300907 0.00267841 5.00919e-05 0.00137717 0.00336229 0.0777535 0.000265365 0.0667989 7.78673e-12 
0.0925562 0.0698976 0.000367944 0.0469317 0.0292565 0.0106138 0.0244146 0.0548842 0.309292 0.00024917 0.000344796 0.0214253 0.0131352 0.0460015 0.000417201 0.000163526 0.00910231 0.0329775 0.0307553 0.0649014 0.142312 1.09852e-09 
0.0662853 0.125789 0.00991366 0.01772 0.000288926 2.02631e-05 0.0117555 0.0745565 0.276378 0.000400852 0.000476856 0.0299704 3.62489e-07 0.124341 0.000873581 0.145877 0.00165441 0.00347241 0.0386537 0.00105554 0.0705005 1.60598e-05 
0.105536 0.0851219 0.00828631 0.102102 0.00806331 7.51839e-05 0.0580333 0.0373572 0.260941 0.000917627 0.00681478 0.0161006 0.000968997 0.0483809 0.00405818 2.34236e-05 0.0221335 0.010956 0.0544719 0.00699723 0.162661 3.07354e-09 
0.021544 0.0035484 0.00456394 0.0314674 0.000136703 2.28013e-05 0.0266875 0.0108557 0.689947 6.51339e-05 6.8726e-05 0.00180872 0.000254971 0.00396594 0.000692024 0.000921513 0.0141041 0.000728031 0.00239227 0.00852669 0.177698 1.73379e-10 
0.0138753 0.00438605 7.64822e-05 5.33574e-08 1.02587e-08 9.29655e-09 0.00026256 0.00116318 0.65142 1.24278e-11 0.000509275 4.08088e-05 5.46229e-09 1.72593e-05 0.000237881 2.76229e-07 4.11663e-12 0.000750827 0.309404 1.43402e-08 0.0178561 8.07119e-09 
0.027307 0.0253337 0.0170612 0.135591 0.0306806 0.000175626 0.0217256 0.0923453 0.330482 0.000130071 0.00215514 0.000758896 0.00419567 0.100683 0.0272881 8.87553e-05 0.000471259 0.000572047 0.0331023 0.00636862 0.143481 3.85947e-06 
0.0607089 0.0205922 0.00720031 0.00543983 0.00165386 0.000844772 0.00463656 0.247771 0.477298 6.81229e-05 0.00259164 0.00190053 3.90264e-05 0.0322262 0.00678224 0.00195932 0.00695944 0.00630939 0.0128497 0.000237327 0.101849 8.32151e-05 
0.0220059 0.0197193 0.119644 0.0181304 0.0166026 0.000124546 0.055444 0.0102819 0.272721 0.000322128 0.000482677 0.00438491 0.00226192 0.171079 0.0636043 2.75075e-05 0.0184075 0.05486 0.00745428 0.000830619 0.141601 9.47641e-06 
0.0149508 0.0126907 8.43826e-06 0.00361297 0.000316744 7.28099e-05 0.0645933 0.00246661 0.821793 2.22369e-05 2.02387e-06 5.50537e-05 0.000139136 0.00371692 0.000248964 3.63312e-06 7.2625e-05 0.00309595 0.00992523 9.25301e-08 0.0622127 5.89034e-12 
0.12933 0.121866 0.0748871 0.0340581 0.0464798 0.000212926 0.000725404 0.0845969 0.277024 0.000860503 0.000793839 0.00211962 2.02483e-05 0.0832568 3.98499e-05 3.28383e-05 0.00730801 0.0308823 0.00752134 0.000974714 0.0970035 7.34328e-06 
0.016736 0.0681448 0.00407755 0.104221 0.000966083 7.65308e-06 0.110575 0.0155834 0.431627 0.00033585 0.000126251 0.0052749 0.00136779 0.0402962 0.0103619 0.00059579 0.000486137 0.0040183 0.0256742 0.00379192 0.155726 6.0665e-06 
0.0661448 0.0442728 0.000547562 0.0328467 0.00116836 4.81377e-05 0.0710497 0.00474033 0.577128 3.8818e-05 0.000360776 0.00121193 0.000222876 0.0270085 0.00155126 1.37527e-05 0.000604889 0.0108161 0.0473922 0.000326549 0.112506 7.84228e-08 
0.0534733 0.0321775 6.61059e-05 0.00669322 0.00209156 8.1239e-05 0.0698997 0.000887565 0.61149 2.32478e-05 3.62518e-05 0.000182694 1.72285e-05 0.0177835 0.000369694 1.51069e-05 0.0383776 0.021773 0.00951563 8.44496e-06 0.135028 8.61811e-06 
0.0653104 0.0646082 0.00281517 0.0262941 0.00464285 1.49453e-05 0.0168263 0.02233 0.449964 4.90156e-05 0.000531876 0.0001183 7.57074e-05 0.0467259 0.00457582 5.06134e-05 0.00568749 0.00822577 0.0189991 0.000254608 0.2619 2.0812e-07 
0.0216532 0.0681298 0.000180128 0.0194309 0.000103284 9.24802e-05 0.224693 0.000928445 0.591937 4.67521e-07 3.30573e-05 0.00589606 0.000488825 0.000434259 5.49734e-05 1.11392e-08 0.0050007 0.000214329 0.00755107 1.58991e-08 0.053178 2.04799e-12 
0.289452 0.0259371 0.000932275 0.0108041 0.00140686 0.000404757 0.00106052 0.0254458 0.409944 0.000110501 0.000491025 0.0105482 2.94377e-05 0.0827746 1.70356e-05 4.38751e-09 0.00499249 0.000956418 0.0541266 0.000228483 0.0803381 9.87201e-08 
0.00922694 0.000118527 0.00152127 0.138904 0.000166373 4.16668e-10 0.000242578 0.00150057 0.329212 3.19861e-07 0.000247297 4.65161e-08 1.13396e-05 0.0622015 0.000206154 8.15104e-07 2.45887e-06 0.0138916 0.152053 0.000657895 0.289835 2.53865e-08 
0.00938886 0.0396436 7.50638e-05 0.0093602 0.000499659 1.78796e-05 0.0150315 0.00166398 0.838896 2.68261e-05 8.12849e-05 0.00235119 0.00018852 0.0138623 0.000125877 7.68862e-06 0.00268841 0.0014446 0.00739208 4.56818e-05 0.0572086 8.11479e-08 
0.159732 0.0070066 0.000863767 0.0208914 0.0267338 2.28946e-05 0.000792404 0.0275308 0.344527 0.00378432 0.000333314 8.84672e-05 0.00583487 0.0617478 2.60579e-05 5.84283e-06 0.0040248 0.00303254 0.000147576 0.00273211 0.330128 1.26501e-05 
0.00938886 0.0396436 7.50638e-05 0.0093602 0.000499659 1.78796e-05 0.0150315 0.00166398 0.838896 2.68261e-05 8.12849e-05 0.00235119 0.00018852 0.0138623 0.000125877 7.68862e-06 0.00268841 0.0014446 0.00739208 4.56818e-05 0.0572086 8.11479e-08 
0.000748538 1.51069e-06 0.000730297 0.235866 0.00344835 1.83116e-05 0.0216692 0.00287785 0.684699 3.64365e-05 3.16453e-05 6.13572e-07 0.000116099 0.000967315 0.000114223 4.81309e-07 1.5712e-07 5.32586e-08 0.0426377 1.52157e-07 0.00603602 2.19921e-07 
0.0235351 0.0300924 0.000605388 0.00901332 0.000267711 9.58559e-06 0.00924283 0.0014927 0.818729 2.38438e-05 6.18787e-05 0.00143419 0.000125298 0.0112458 0.000266923 5.73602e-06 0.00170331 0.0012542 0.0148155 0.000287717 0.0757874 4.42631e-08 
0.0265627 0.000646774 9.44005e-05 0.00926359 0.000212586 7.94698e-06 0.00125547 0.000309485 0.776997 0.000452511 5.6874e-05 0.000831302 3.43634e-08 0.0240171 8.19134e-06 2.32139e-08 0.00140553 0.00350337 0.00306184 1.13161e-07 0.151314 5.22417e-09 
0.0154682 0.129006 0.000161457 0.0193645 0.000771967 3.58044e-05 0.0384588 0.00594881 0.586677 2.13265e-05 0.000604136 0.00491447 0.000394115 0.0112962 0.000739535 1.22241e-05 0.000671885 0.0204228 0.0426808 3.34956e-05 0.122317 3.26747e-08 
0.0295205 0.0188828 0.00179338 0.0318974 0.00403528 0.00635221 0.085175 0.0353841 0.423817 8.87007e-05 0.00371945 0.010547 0.00061348 0.0397877 0.00233962 0.000822008 0.00224611 0.0368294 0.0396883 0.00203312 0.224391 3.63983e-05 
0.0235351 0.0300924 0.000605388 0.00901332 0.000267711 9.58559e-06 0.00924283 0.0014927 0.818729 2.38438e-05 6.18787e-05 0.00143419 0.000125298 0.0112458 0.000266923 5.73602e-06 0.00170331 0.0012542 0.0148155 0.000287717 0.0757874 4.42631e-08 
0.0345975 0.0010002 0.00533813 0.0785546 0.127532 0.0207593 0.000600933 0.00990045 0.255245 0.0165871 0.00302484 0.0278091 0.00181112 0.199889 0.137178 9.73354e-05 0.00014234 0.00363331 0.00452404 0.00622381 0.0655519 5.99343e-07 
0.021544 0.0035484 0.00456394 0.0314674 0.000136703 2.28013e-05 0.0266875 0.0108557 0.689947 6.51339e-05 6.8726e-05 0.00180872 0.000254971 0.00396594 0.000692024 0.000921513 0.0141041 0.000728031 0.00239227 0.00852669 0.177698 1.73379e-10 
0.0605415 0.0323367 0.126907 0.0350218 0.0252763 4.35343e-06 0.000873592 0.16177 0.407849 4.91471e-06 0.000467046 0.0115245 1.96445e-05 0.0407897 8.19814e-06 9.27249e-07 0.00907802 1.81097e-06 0.0635102 0.0039864 0.0200272 1.14243e-07 
0.0860104 0.0547372 0.00344685 0.007663 0.00365923 0.00910666 0.00329914 0.00441439 0.687175 0.000130183 0.000223439 0.000221058 0.00010988 0.0334105 0.000928088 3.70006e-05 0.00188639 0.0224393 0.0347114 0.00013404 0.0462567 6.25883e-07 
0.0329025 0.0036113 0.149179 0.0909632 0.00233512 0.00068859 0.124294 0.100595 0.204972 0.00195048 0.00213987 0.0111076 0.00327257 0.0655077 0.00222848 0.0002172 0.00673835 0.000696759 0.0349261 0.0135737 0.148068 3.34544e-05 
0.115074 6.53502e-07 0.00224445 0.00105864 4.37928e-12 3.93021e-12 2.20443e-07 2.6239e-07 0.763841 9.037e-08 8.65005e-08 8.65113e-08 7.71282e-08 3.76831e-07 5.98282e-07 3.49465e-08 1.09028e-07 9.22685e-08 0.0331587 1.31806e-07 0.0846206 9.97368e-12 
0.0691837 0.000977287 0.00144547 0.0249026 1.03913e-08 0.0247121 0.0282703 0.00309696 0.792372 3.13221e-06 1.87644e-05 0.000546504 3.55026e-05 0.000854857 0.00105494 0.000742755 0.0128058 0.000119531 0.00240451 8.83032e-05 0.0363655 5.22185e-09 
0.111268 0.011957 0.0117979 0.116031 0.00988368 0.000383613 0.0494948 0.0151791 0.249384 7.63293e-05 0.000376393 0.000159279 0.000379651 0.115411 0.0282719 0.000271317 0.000788018 0.00677329 0.207525 0.00127901 0.057809 0.00550001 
0.0116157 0.0236185 0.000933029 0.0189075 0.00146728 6.97389e-09 0.0712308 0.011986 0.457008 1.3641e-11 8.00913e-05 1.74362e-05 9.17399e-05 0.000311875 0.004043 1.38416e-11 0.000118878 2.75412e-07 0.00152253 1.41917e-08 0.397048 6.32454e-12 
0.0691837 0.000977287 0.00144547 0.0249026 1.03913e-08 0.0247121 0.0282703 0.00309696 0.792372 3.13221e-06 1.87644e-05 0.000546504 3.55026e-05 0.000854857 0.00105494 0.000742755 0.0128058 0.000119531 0.00240451 8.83032e-05 0.0363655 5.22185e-09 
0.0224085 0.0110055 0.00240006 0.0160275 0.000179648 0.00560346 0.00332056 0.0171222 0.312873 0.000552658 0.000112846 0.000484507 6.03349e-05 0.18029 0.00293762 0.00172457 0.0555783 0.281266 0.0430819 0.00102538 0.0411272 0.000818041 
0.0287289 0.0732587 0.000133762 0.0137975 0.0012495 0.00104141 0.0179747 0.158538 0.337859 7.45653e-05 0.000850533 0.00261821 0.000995821 0.0111813 0.00499519 0.000374444 0.000344356 0.00377142 0.289801 7.70072e-05 0.0523351 6.68466e-08 
0.0111159 0.00691461 0.00129089 0.0400215 0.00111686 0.0123181 0.122256 0.203875 0.269354 0.000206844 0.000179218 0.0122916 7.47647e-05 0.027219 0.186492 0.000390728 0.0198423 0.00566627 0.0590815 3.14589e-05 0.0202595 1.96464e-06 
0.0604835 0.0452797 0.00101376 0.0564734 0.00373405 0.0146977 0.133429 0.11242 0.13987 0.000220048 0.0895123 0.0233435 0.000142985 0.030951 0.00473486 0.00434752 0.00752102 0.021317 0.121196 0.00117774 0.128134 1.04734e-07 
0.0344573 0.00886524 0.000332356 0.0905365 9.72284e-05 0.0940113 0.127844 0.00935054 0.240462 6.03592e-07 6.95025e-05 1.63291e-05 0.00465889 0.0117564 0.00204321 1.26105e-06 1.24463e-06 3.47735e-05 0.159558 0.000111472 0.215732 5.93264e-05 
0.0101494 0.00161229 0.00132724 0.0777263 5.00916e-05 4.40954e-05 0.00683026 0.00120337 0.740324 2.76153e-05 5.01767e-05 0.00016609 0.000110548 0.0228055 0.000371174 5.59075e-07 0.00206231 0.0255313 0.0251688 0.000491384 0.0839475 4.34731e-08 
0.0214215 0.00290023 0.0156713 0.024761 0.000111574 0.000382863 0.262299 0.0866861 0.364111 0.00114225 0.000300651 0.00292142 0.000382803 0.0630871 0.00212804 4.52865e-05 0.00146013 0.000112243 0.016332 0.000549333 0.133194 5.76435e-11 
0.0261276 0.305663 7.24983e-07 0.00649093 7.29649e-08 1.26031e-07 3.76819e-08 0.0329252 0.46678 6.2997e-08 1.35664e-07 0.00385917 8.27043e-12 1.96226e-07 2.1451e-07 1.52163e-11 9.98416e-10 1.13551e-06 0.0648041 1.10161e-07 0.0933469 1.91899e-07 
0.0235351 0.0300924 0.000605388 0.00901332 0.000267711 9.58559e-06 0.00924283 0.0014927 0.818729 2.38438e-05 6.18787e-05 0.00143419 0.000125298 0.0112458 0.000266923 5.73602e-06 0.00170331 0.0012542 0.0148155 0.000287717 0.0757874 4.42631e-08 
0.0799862 0.0900778 0.000495677 0.0132366 0.000806558 3.94812e-05 0.0189927 0.00501245 0.367601 0.000102339 0.000174236 1.13356e-05 0.000289706 0.014343 0.164869 2.58022e-06 8.89901e-05 0.0278426 0.0368244 0.00190697 0.177297 6.32456e-09 
0.0218028 0.010936 0.00215607 0.0317242 0.00202539 0.0414599 0.0279479 0.0361094 0.675508 0.000230287 0.000159132 0.00527144 0.00018433 0.0655193 0.00147011 0.000611048 0.00367717 0.00306942 0.0101015 0.00379588 0.0562335 6.82256e-06 
0.00643571 0.04885 0.0007016 0.00587403 0.000287185 1.30919e-05 0.0225986 0.0472369 0.598215 6.90973e-06 0.000222704 1.75857e-05 0.00100006 0.00697515 0.00990716 4.54699e-06 0.000466092 0.0185844 0.194118 0.000473018 0.0380125 1.92658e-09 
0.00938886 0.0396436 7.50638e-05 0.0093602 0.000499659 1.78796e-05 0.0150315 0.00166398 0.838896 2.68261e-05 8.12849e-05 0.00235119 0.00018852 0.0138623 0.000125877 7.68862e-06 0.00268841 0.0014446 0.00739208 4.56818e-05 0.0572086 8.11479e-08 
0.00556885 0.0129256 0.00903949 0.000105245 0.0277887 2.12881e-05 0.0195046 0.00305702 0.549333 0.000329682 4.40561e-06 0.000195317 1.48637e-08 0.09045 0.0575083 7.24976e-05 0.0233092 0.113431 0.00832651 1.06301e-07 0.0789064 0.000122759 
0.0423249 0.065979 0.000692862 0.0096814 0.00369974 3.41079e-06 0.000142641 0.0636808 0.533768 0.00383406 0.00128957 0.000140157 9.2835e-05 0.0529608 0.00204979 5.67342e-05 0.000137952 0.00137553 0.186075 0.0091473 0.0228681 2.48646e-08 
0.0128268 0.115005 4.41836e-05 0.0533587 0.000120715 4.21247e-05 0.046273 0.00441234 0.636495 2.07225e-08 3.55105e-05 0.000232385 0.000204303 0.000959852 0.000629523 0.000362624 4.34369e-09 3.32893e-08 0.018611 1.23171e-07 0.110387 4.42949e-12 
0.146308 0.0466314 8.4542e-05 0.0252455 0.00346206 5.09575e-05 0.0318012 0.0298783 0.519878 1.07017e-06 0.00171733 0.00194984 1.4889e-05 0.00640706 0.000147726 2.27434e-07 4.69723e-05 0.000602638 0.011506 0.00217977 0.172087 2.78174e-10 
0.0116157 0.0236185 0.000933029 0.0189075 0.00146728 6.97389e-09 0.0712308 0.011986 0.457008 1.3641e-11 8.00913e-05 1.74362e-05 9.17399e-05 0.000311875 0.004043 1.38416e-11 0.000118878 2.75412e-07 0.00152253 1.41917e-08 0.397048 6.32454e-12 
0.0488476 0.000293245 1.91832e-05 0.00120519 2.6116e-05 1.63264e-05 0.0328879 0.000191246 0.835512 3.5881e-05 0.000151186 0.000855927 3.50445e-05 0.0174714 2.96389e-07 1.08737e-06 0.00300548 0.0242188 0.00643109 2.54459e-07 0.0287943 8.87463e-08 
0.0194537 0.00682669 0.00244692 0.0264007 0.000933476 1.39915e-05 0.00383189 0.113196 0.721648 2.31589e-05 7.44067e-10 0.00708075 1.38225e-07 0.0440487 0.000741814 0.00905333 0.000282763 0.000892544 0.0231525 0.000417606 0.0195547 3.80628e-09 
0.0189016 0.000439506 2.86022e-05 0.00180726 3.88271e-05 2.44079e-05 0.0111472 0.000286638 0.847071 5.34477e-05 7.40308e-05 0.000204193 5.23467e-05 0.026205 3.97571e-08 1.55544e-06 0.00450519 0.0363245 0.00964472 2.36381e-07 0.0431893 1.20107e-07 
0.0416179 0.0213209 0.00151529 0.0186868 0.319879 0.000505903 0.0153948 0.022157 0.384983 7.98695e-05 0.00226005 0.000325053 0.0142378 0.00997407 0.000554135 0.000465786 5.81125e-05 0.0143922 0.00808456 0.00422677 0.11928 9.71719e-07 
0.0137142 0.0277565 0.000834661 0.0458334 0.00184891 0.0123383 0.02093 0.0289885 0.309179 0.000121193 0.0968516 0.00442773 0.000391742 0.0383182 0.000137965 0.00287334 0.0156281 0.158967 0.111907 0.00220029 0.10611 0.000642447 
0.163705 0.0284797 0.00233306 0.00327108 0.0105646 1.81119e-05 0.0590097 0.00908331 0.544251 8.60047e-06 0.00100319 2.96505e-05 0.00219248 0.085245 0.00427278 2.50406e-05 0.000161705 0.0085673 0.0341372 7.62967e-08 0.0436415 4.31702e-11 
0.0333739 0.0248409 0.0566253 0.0427288 0.00502967 1.27983e-05 0.00316685 0.0912579 0.371925 6.30454e-05 0.00614909 0.0227811 9.79025e-06 0.0740201 0.0103336 3.34443e-06 0.0183428 0.0427812 0.0586895 9.86958e-05 0.137767 5.88413e-08 
0.0247305 0.162344 0.000119559 0.0470216 0.00132948 2.44045e-05 0.00381951 0.184299 0.334833 0.000547472 0.0017495 0.00292492 0.00163308 0.0112397 0.00202239 0.00150062 0.000389081 0.0195991 0.0277746 0.0044405 0.167653 5.56683e-06 
0.029913 0.0593731 0.000706472 0.0538727 0.00181841 0.0044858 0.101744 0.0326905 0.379118 0.000154187 0.000152588 0.00241247 0.000439344 0.0389671 0.0010341 0.00062018 0.0142099 0.035775 0.105817 0.000172622 0.136524 3.22019e-08 
0.190497 0.203369 0.0114674 0.0197003 0.0277162 7.3482e-05 0.00107484 0.0930887 0.256107 1.20512e-05 1.53226e-05 0.00984796 0.00784299 0.0503794 0.000485542 0.00028845 0.000440993 0.00096649 0.00901492 0.000181075 0.0369798 0.0804516 
0.0235351 0.0300924 0.000605388 0.00901332 0.000267711 9.58559e-06 0.00924283 0.0014927 0.818729 2.38438e-05 6.18787e-05 0.00143419 0.000125298 0.0112458 0.000266923 5.73602e-06 0.00170331 0.0012542 0.0148155 0.000287717 0.0757874 4.42631e-08 
0.101308 0.0626121 0.000489144 0.00768032 0.00381252 0.000137262 0.0012745 0.00405753 0.632196 6.56214e-05 0.000351074 0.000365178 0.000123191 0.0250236 9.64895e-05 5.98154e-06 0.00255393 0.0378467 0.0539737 9.12329e-05 0.0659358 1.81176e-07 
0.0844059 0.00817266 0.000426242 0.00249899 0.000155545 1.86769e-05 0.000147257 0.00123587 0.415452 3.51327e-05 7.57643e-05 0.0145139 4.49277e-05 0.0161543 0.000324585 3.14183e-08 0.00139246 0.0161055 0.118605 3.6927e-06 0.320232 1.72085e-07 
0.136205 0.0302286 0.00438603 0.0275624 0.000775207 0.00013184 0.122609 0.0147341 0.448997 0.000131161 0.000611003 0.000916527 0.000190175 0.0226401 0.00218718 1.09045e-05 0.00887326 0.00860195 0.019439 0.00139398 0.149374 1.97714e-06 
0.0400113 0.194151 0.0017496 0.0810082 0.000104829 4.40959e-05 0.0387351 0.0250622 0.289013 1.54901e-05 0.0012273 0.000179362 0.0016123 0.0375869 0.00672819 2.2812e-06 5.009e-05 0.00140384 0.0948952 3.76766e-05 0.186381 2.0629e-07 
0.0691837 0.000977287 0.00144547 0.0249026 1.03913e-08 0.0247121 0.0282703 0.00309696 0.792372 3.13221e-06 1.87644e-05 0.000546504 3.55026e-05 0.000854857 0.00105494 0.000742755 0.0128058 0.000119531 0.00240451 8.83032e-05 0.0363655 5.22185e-09 
0.131703 0.150845 0.000375601 0.0565962 0.00720521 0.000521337 0.0428086 0.130374 0.180049 0.000231324 0.00224067 0.0782988 1.65236e-05 0.0269307 0.00362617 3.31406e-05 0.000562285 0.00852335 0.044874 0.00394255 0.130243 4.24352e-12 
0.12497 0.0128033 0.0147096 0.201701 0.0128972 9.55312e-07 0.0151886 0.0620123 0.389834 9.53841e-07 9.54635e-07 9.54972e-07 9.54652e-07 0.00688084 0.018431 9.53816e-07 9.55046e-07 9.55439e-07 0.00640192 9.55067e-07 0.13416 9.54808e-07 
0.111944 0.00966643 0.0046541 0.182941 0.0281649 8.65279e-05 0.0375422 0.0496197 0.295879 7.96824e-05 0.00102565 0.00342544 0.000229196 0.0465317 0.00648781 2.66921e-05 0.000551196 0.00129035 0.0556423 0.0103519 0.153808 5.15415e-05 
0.109705 0.0692068 0.000408736 0.015676 0.00178258 0.000122044 0.029264 0.0145989 0.503369 1.21788e-05 0.000633168 0.000179108 1.01707e-05 0.00789498 0.0063001 7.0316e-06 0.00431685 0.00537564 0.149208 3.45237e-05 0.0818944 4.40629e-08 
0.0682795 0.000757327 0.119945 0.0298883 0.00551341 1.29935e-05 0.0317476 0.011835 0.334634 8.35973e-05 0.000120731 0.000574666 0.000211347 0.0906806 0.00174087 6.13659e-05 0.0132499 0.0355748 0.0344494 0.00217778 0.218462 5.52961e-09 
0.0887333 0.0138461 6.40873e-05 0.00931762 7.33339e-05 1.56504e-05 0.046082 0.00198829 0.716447 2.33172e-06 0.000118477 0.000121755 0.00010304 0.00426669 0.000181795 1.43677e-05 0.000165315 0.00362248 0.00818967 1.61611e-05 0.10663 4.46866e-10 
0.0176903 0.0524489 0.00366335 0.065413 0.00156095 1.24155e-05 0.0150156 0.0371282 0.422326 0.000104779 0.000135037 0.000102084 0.000966897 0.0256794 0.00514163 0.000544266 0.00407266 0.0204117 0.0574275 0.0100546 0.260101 4.28566e-07 
0.0689265 0.0181916 0.000124974 0.0218976 0.00202639 2.71554e-08 0.0077381 0.0669006 0.449348 1.58103e-05 6.81142e-05 0.0103712 5.18666e-05 0.0102707 0.00069486 2.14016e-08 0.00017731 0.000102697 0.0983364 3.45617e-07 0.244757 3.34321e-08 
0.0205532 0.0104209 0.00983746 0.00378833 0.0216748 1.27913e-05 0.0232602 0.00574577 0.62727 0.000197929 2.65256e-06 0.000117222 1.35931e-08 0.0562008 0.0463328 4.35442e-05 0.0139858 0.0680589 0.00603521 9.71854e-08 0.0863875 7.36849e-05 
0.0508647 0.00121483 0.000206794 0.0623424 0.000331915 1.88232e-05 0.0251722 0.00662503 0.671743 1.83137e-05 0.000145396 0.000379076 0.000102161 0.0117996 0.00714467 0.000932868 2.28579e-07 0.00060897 0.079734 0.000651513 0.0799638 1.04869e-07 
0.0132977 0.00228331 1.2396e-08 0.0105447 3.88455e-05 3.17423e-06 0.00505971 0.000116863 0.802111 3.12956e-05 4.22013e-05 0.000230928 6.26698e-06 0.0164407 2.42447e-08 3.69383e-09 0.00397136 0.00151463 0.020967 1.80548e-08 0.12334 1.20948e-07 
0.0322643 0.0800097 0.0727981 0.196978 0.0051612 5.07898e-05 0.0436178 0.0258029 0.216654 6.09438e-07 0.00191988 0.00900192 0.000933048 0.109448 0.0023441 8.46745e-06 0.000554989 0.000186536 0.0128987 0.000713693 0.188182 0.000471029 
0.0259496 0.00146199 0.047124 0.0365601 2.07512e-07 7.29794e-06 0.00633518 0.0225722 0.755591 4.82591e-06 2.88438e-05 0.000425884 7.3079e-05 0.012247 0.000164441 0.000572224 0.000150559 2.19237e-05 0.00135241 0.0108989 0.0784577 4.37572e-07 
0.0359701 0.00176937 0.0029421 0.00514729 0.00136872 6.78902e-05 0.0476108 0.00225876 0.758386 5.88675e-05 0.000151509 0.000444643 0.000187382 0.0479429 0.000453349 1.12927e-06 0.00328417 0.0108268 0.0127006 0.00163405 0.0667938 3.46567e-08 
0.0386496 0.016659 0.000495126 0.0159457 0.00347798 3.24416e-05 0.040112 0.0269157 0.568019 5.89967e-05 0.000144302 0.00226696 0.000778725 0.0268185 0.00217941 0.000194477 0.000731395 0.0205749 0.00877991 4.17772e-05 0.227124 1.91547e-07 
0.0189016 0.000439506 2.86022e-05 0.00180726 3.88271e-05 2.44079e-05 0.0111472 0.000286638 0.847071 5.34477e-05 7.40308e-05 0.000204193 5.23467e-05 0.026205 3.97571e-08 1.55544e-06 0.00450519 0.0363245 0.00964472 2.36381e-07 0.0431893 1.20107e-07 
0.026007 7.68107e-08 5.71519e-08 0.00157893 0.000246632 3.21293e-06 0.000530422 3.52944e-08 0.66969 0.000110792 6.4699e-05 7.58396e-05 4.36014e-05 0.119452 4.74779e-13 1.57303e-09 0.00515221 0.0134094 0.000160796 3.70802e-09 0.163474 7.73996e-10 
0.0272041 0.122699 0.000740923 0.0950254 0.00171486 1.10795e-05 0.0274067 0.0139856 0.330308 5.59519e-05 0.00366952 0.000892124 3.43295e-05 0.068756 0.0101161 7.3256e-05 9.06368e-05 0.000313795 0.0441516 0.00205648 0.250694 1.89811e-07 
0.00938886 0.0396436 7.50638e-05 0.0093602 0.000499659 1.78796e-05 0.0150315 0.00166398 0.838896 2.68261e-05 8.12849e-05 0.00235119 0.00018852 0.0138623 0.000125877 7.68862e-06 0.00268841 0.0014446 0.00739208 4.56818e-05 0.0572086 8.11479e-08 
0.253123 0.0213779 0.00814011 0.0800842 0.00152196 1.15078e-05 0.0105381 0.0274613 0.406703 4.24483e-05 0.00539775 0.00442139 2.92694e-05 0.0188857 0.00291172 4.07293e-05 1.64723e-05 0.00583111 0.0373861 0.00403273 0.111355 0.000689033 
