0.0205532 0.0104209 0.00983746 0.00378833 0.0216748 1.27913e-05 0.0232602 0.00574577 0.62727 0.000197929 2.65256e-06 0.000117222 1.35931e-08 0.0562008 0.0463328 4.35442e-05 0.0139858 0.0680589 0.00603521 9.71854e-08 0.0863875 7.36849e-05 
0.039313 0.00196287 0.0111959 0.0494 0.00498116 1.68938e-05 0.000307049 0.0205396 0.619158 0.000306341 0.000190808 0.0106767 0.000322103 0.0307568 0.00712418 0.00185966 0.000822708 0.0132494 0.0031277 0.0418375 0.14285 1.00166e-06 
0.257254 0.0106522 0.0110539 0.159033 0.007937 0.0448436 5.46717e-08 0.038435 0.261239 8.51084e-08 0.00145352 0.000169536 0.00126961 0.0451717 0.0199713 3.78956e-07 0.000385337 0.000316477 0.00697166 0.0234841 0.109769 0.000590701 
0.0228358 0.00338298 0.010041 0.212286 0.000843695 6.77972e-09 4.52709e-08 0.0411047 0.429999 3.85723e-08 2.77776e-05 2.59506e-05 9.57386e-05 0.0523057 0.0135681 3.58786e-05 0.000781433 1.24419e-08 0.00122818 0.000100843 0.211338 2.26898e-09 
0.022052 0.203505 0.0265379 0.125489 0.00119108 0.00526928 0.0103887 0.051308 0.271751 0.00173143 0.000670618 0.000626462 0.000691669 0.036328 0.0179623 0.00072097 4.9222e-05 0.0465259 0.0491599 0.00850029 0.117762 0.00177932 
0.00422518 0.0418114 0.00562683 0.000387956 0.0135193 1.32086e-05 0.078189 0.00492018 0.496971 0.00013191 5.04282e-05 0.000177371 2.77539e-05 0.040346 0.0359802 2.90077e-05 0.0124937 0.0468187 0.00937759 7.82221e-06 0.208846 4.91118e-05 
0.0891985 0.00958037 0.00909901 0.119042 0.00340506 3.99405e-05 0.0205876 0.183528 0.22262 0.00019521 0.00104342 0.000959736 0.0254413 0.0235187 0.00149455 0.00166863 0.000234765 0.0543968 0.0399294 0.00866992 0.185163 0.000185715 
0.0691837 0.000977287 0.00144547 0.0249026 1.03913e-08 0.0247121 0.0282703 0.00309696 0.792372 3.13221e-06 1.87644e-05 0.000546504 3.55026e-05 0.000854857 0.00105494 0.000742755 0.0128058 0.000119531 0.00240451 8.83032e-05 0.0363655 5.22185e-09 
0.12497 0.0128033 0.0147096 0.201701 0.0128972 9.55312e-07 0.0151886 0.0620123 0.389834 9.53841e-07 9.54635e-07 9.54972e-07 9.54652e-07 0.00688084 0.018431 9.53816e-07 9.55046e-07 9.55439e-07 0.00640192 9.55067e-07 0.13416 9.54808e-07 
0.103745 0.000307757 0.0437925 0.00225484 0.06152 1.22633e-06 0.000236282 0.000270192 0.616326 2.05993e-05 1.42055e-05 0.00229037 0.000102023 0.0122229 1.19821e-05 2.57935e-06 0.0282707 0.000180243 0.0218333 0.000519594 0.106077 2.77472e-07 
0.0112457 0.00475472 0.00141286 0.0204762 0.00512586 9.47594e-05 0.0390705 0.00141591 0.722605 6.48937e-06 0.000450073 0.000384255 0.000337394 0.015011 0.00161245 0.0005092 0.00170549 0.00218721 0.00865529 0.00015671 0.16278 3.11119e-06 
0.0401956 0.0180559 0.00618895 0.0549309 0.00396154 0.000154393 0.0603093 0.029374 0.341725 0.000109599 0.000924941 0.00091527 0.000794999 0.0335176 0.00521169 6.97459e-05 0.00728117 0.0389071 0.0445619 0.00242918 0.310315 6.69348e-05 
0.041687 0.096198 0.00566497 0.0708678 0.00420014 0.00299787 0.103066 0.0895659 0.208219 0.000277974 0.00181276 0.00994202 0.000518525 0.0396266 0.00580952 0.0776605 0.00397693 0.00749868 0.0327273 0.00404633 0.192838 0.000798508 
0.0593396 0.0376043 0.0001653 0.00587231 0.00161181 0.0423535 0.0301252 0.0071085 0.585513 6.12931e-05 0.000331875 0.000111097 1.84696e-05 0.0253137 0.000309357 1.07938e-05 0.0317815 0.0219811 0.00783078 0.000164545 0.142365 2.75448e-05 
0.0558651 0.0217877 0.0923134 0.0203694 0.00105892 7.73439e-06 0.013953 0.00471141 0.494564 1.18854e-05 0.000200552 0.0019296 0.000277353 0.10921 0.003814 8.06531e-07 0.00234117 0.00213768 0.00475529 0.000227456 0.170463 5.06853e-07 
0.0474804 0.15518 0.00733296 0.0257436 0.00499166 0.0256371 0.0225016 0.0366101 0.295178 0.000178895 0.000588909 0.00424605 0.00364818 0.0777924 0.0114989 9.05564e-05 0.000746817 0.0186148 0.00711422 0.0285257 0.225879 0.000420452 
0.0253304 1.55494e-06 7.79628e-07 0.22242 1.81854e-07 1.46891e-07 7.33242e-11 0.0335437 0.305764 2.97664e-10 0.00102654 5.21019e-07 1.64167e-10 3.87358e-06 0.131279 3.02042e-10 9.85995e-11 3.3422e-11 0.0544913 3.06516e-06 0.226063 7.2455e-05 
0.0652566 0.0252688 0.000183205 0.113676 0.00217053 7.46097e-05 0.0741163 0.0213874 0.443526 2.23317e-05 0.00131543 6.96186e-05 0.00278241 0.00639323 0.00519088 9.01895e-06 4.46312e-05 0.000334337 0.0979299 0.00296246 0.137286 2.86017e-12 
0.0331865 0.00945344 0.0278433 0.174117 0.00394354 0.000156924 0.0203622 0.017715 0.392811 2.09156e-05 0.000439211 0.000310602 0.00713721 0.0420782 0.00137586 0.00165894 0.000597051 0.00689132 0.0415421 0.0235303 0.19483 1.35869e-08 
0.0196714 0.230376 4.20477e-05 0.021244 0.00145431 0.00804067 0.043453 0.0220999 0.469658 7.77512e-05 0.000248971 0.0295692 0.00222864 0.0127694 0.000390604 0.000268207 0.00603215 0.00698318 0.0623417 2.86602e-05 0.0630226 1.356e-09 
0.0814208 0.0273543 0.00250739 0.0235831 0.0014572 0.00144166 0.021088 0.0292185 0.429524 0.000359405 0.00258873 0.00140685 0.00436371 0.0308824 0.0136632 3.75612e-05 0.000655762 0.0297212 0.080387 0.00265301 0.215671 1.56198e-05 
0.0526557 0.00186275 0.012779 0.175406 1.29988e-07 0.000112657 0.0264918 0.0127677 0.419197 8.68071e-06 0.00760418 0.000203424 0.000105466 0.100822 0.000977758 5.61165e-05 0.000564332 0.000102036 0.018725 0.00025653 0.169301 2.35301e-08 
0.0287999 0.00285065 0.000423996 0.0181598 0.000903211 4.96381e-05 0.0104508 0.00137068 0.770977 0.00035601 0.000268036 0.000382858 6.52809e-05 0.0701236 0.00247989 5.98854e-05 0.00624473 0.0293794 0.0118726 6.69972e-05 0.0447066 8.21495e-06 
0.0813329 0.12877 0.000298071 0.0300062 0.000447305 0.00900627 0.253276 0.0208089 0.286243 8.82416e-05 0.000568876 0.0234755 0.00036012 0.0379416 0.000100463 0.00171871 0.0274675 0.0156821 0.034553 3.30998e-05 0.0478225 6.98296e-10 
0.0775678 0.0541757 0.00840471 0.0242765 0.00589317 0.000219627 0.0298491 0.0173835 0.374308 0.000115866 0.00164335 0.000262665 0.127613 0.033897 0.0133847 3.80853e-06 0.0008791 0.0341161 0.0383653 0.00115793 0.156475 7.87091e-06 
0.00938886 0.0396436 7.50638e-05 0.0093602 0.000499659 1.78796e-05 0.0150315 0.00166398 0.838896 2.68261e-05 8.12849e-05 0.00235119 0.00018852 0.0138623 0.000125877 7.68862e-06 0.00268841 0.0014446 0.00739208 4.56818e-05 0.0572086 8.11479e-08 
0.0173891 0.0268405 2.13554e-05 0.00755394 0.000451363 0.00549761 0.0405347 0.04659 0.473817 0.000129401 0.000131102 0.0075388 0.000482137 0.0386903 1.92718e-08 1.30486e-06 0.00988618 0.210054 0.0605171 1.4425e-08 0.0538745 9.21758e-10 
0.0975311 0.148253 0.00109027 0.0505245 0.0136902 0.000738064 0.143008 0.0215727 0.211546 0.000284264 0.000565727 0.00433111 0.00287144 0.028652 0.00215583 0.0101091 0.000413148 0.0160394 0.0449817 0.0162042 0.185438 4.99567e-08 
0.0475465 0.0201128 0.0136624 0.104027 0.0326314 0.0135764 0.0198831 0.168553 0.248489 0.000217962 0.0051551 0.00309935 0.000418028 0.0483587 0.00214393 0.000501334 0.00875149 0.0041672 0.0241276 0.00192609 0.232649 2.68625e-06 
0.0540986 0.171696 0.000810617 0.0158513 0.00670042 0.00536056 0.0289688 0.0295602 0.371001 0.000329038 0.000239081 0.026945 0.00212289 0.0723169 0.000260433 0.000657602 0.00881616 0.0559543 0.0433874 5.5372e-05 0.104868 9.72625e-10 
0.113896 0.0418946 0.00205079 0.132394 0.0041203 1.15622e-05 0.00662043 0.0475378 0.404017 4.34083e-05 0.000199494 0.00323621 5.3496e-05 0.0134493 0.00197181 3.08005e-05 6.58392e-08 0.000271776 0.0109715 0.00895899 0.20827 7.33123e-08 
0.0925562 0.0698976 0.000367944 0.0469317 0.0292565 0.0106138 0.0244146 0.0548842 0.309292 0.00024917 0.000344796 0.0214253 0.0131352 0.0460015 0.000417201 0.000163526 0.00910231 0.0329775 0.0307553 0.0649014 0.142312 1.09852e-09 
0.0372232 0.117246 7.59825e-05 0.0225577 0.00116498 0.00247833 0.0683862 0.0501475 0.537944 0.000129597 0.000519517 0.0114434 0.000243301 0.0423091 0.00194981 0.00207136 0.0283309 0.00461767 0.0263251 1.10394e-05 0.0448255 1.47849e-09 
0.115011 0.0237354 0.000272193 0.101017 3.88979e-06 0.00271695 0.0132872 0.104935 0.228824 0.00049387 0.000142277 0.00308874 0.000497602 0.0651487 0.0143905 0.16927 0.00147439 0.00104221 0.0894452 0.000957463 0.0642326 1.46659e-05 
0.221129 0.0857082 0.00154712 0.0127459 0.0102838 0.00429923 0.0080152 0.0550718 0.337899 0.000300931 0.00109851 0.000998814 0.000811141 0.036794 0.00121144 8.46774e-05 0.000243644 0.00788274 0.00849706 0.00196711 0.20341 6.57858e-07 
0.0194473 0.00363876 0.0082562 0.00279855 0.00639117 1.98156e-05 0.000209683 0.0179448 0.388515 0.000733816 0.000515233 0.00148525 0.00878871 0.0968686 0.00289287 9.97377e-07 0.00271227 0.0758853 0.00421913 0.00576607 0.35291 4.57229e-07 
0.257112 0.024431 6.58061e-08 0.00388677 0.0107449 0.000139935 0.0177462 0.00156343 0.544932 2.45412e-05 0.00107177 0.0026887 9.21978e-06 0.0216043 0.000156574 2.52829e-07 0.00241724 0.00289635 0.0798596 0.000269367 0.0284447 2.40039e-07 
0.0411954 1.13793e-06 1.13759e-06 0.18402 1.13779e-06 1.13783e-06 0.0772507 1.13804e-06 0.327867 1.13608e-06 1.13703e-06 0.00216225 1.13705e-06 0.00682972 1.13737e-06 0.00272765 1.13752e-06 1.13798e-06 0.0392586 1.13754e-06 0.318674 1.13723e-06 
0.168511 0.0942204 0.00857237 0.0410688 0.00469135 2.7715e-05 0.0994781 0.0104074 0.294142 0.00159204 0.000537038 0.00352491 0.00074041 0.0326034 0.00521076 1.43842e-05 0.00218296 0.0161548 0.0161632 0.00205079 0.198106 3.02744e-07 
0.00285195 0.000421347 0.000368123 0.00124347 0.00963506 0.000110725 3.31702e-07 0.00213347 0.971709 0.000364162 0.00504326 5.01377e-07 0.000482433 0.000301906 7.78701e-05 0.000124083 0.000836212 1.51194e-07 2.05619e-07 0.00376352 0.000531654 6.24325e-07 
0.0142217 0.047867 2.83833e-05 0.012614 0.00028296 7.43015e-05 0.0663456 0.00360411 0.755054 1.14847e-05 1.92738e-05 0.000126659 0.000175581 0.00270451 0.000428308 6.72586e-05 3.18051e-05 0.00147092 0.0184336 6.42916e-06 0.0764323 1.28189e-11 
0.0899636 0.0144273 0.000165944 0.0298438 0.00230136 3.50598e-07 0.139298 0.026536 0.385384 1.48573e-06 2.7901e-08 6.49089e-05 1.47752e-07 0.00675304 4.24692e-05 4.14846e-08 0.000123052 0.000257772 0.00574898 1.95188e-07 0.299087 7.68221e-12 
0.0582819 0.00461728 0.0189249 0.0677641 0.00900265 0.0932676 0.109604 0.0141088 0.327353 0.000148232 0.000441995 0.0180681 0.00152271 0.0719718 0.0229166 3.74312e-05 0.0177922 0.000162483 0.00547927 0.14397 0.0145502 1.4363e-05 
0.0842614 0.0421716 0.00354109 0.0994536 0.00807435 0.00105281 0.0653575 0.026032 0.311729 0.0001776 0.00451027 0.00048333 4.157e-05 0.0551688 0.00405597 7.4056e-05 6.09445e-05 0.0717386 0.0300134 4.65944e-06 0.191997 1.44432e-11 
0.021544 0.0035484 0.00456394 0.0314674 0.000136703 2.28013e-05 0.0266875 0.0108557 0.689947 6.51339e-05 6.8726e-05 0.00180872 0.000254971 0.00396594 0.000692024 0.000921513 0.0141041 0.000728031 0.00239227 0.00852669 0.177698 1.73379e-10 
0.0138753 0.00438605 7.64822e-05 5.33574e-08 1.02587e-08 9.29655e-09 0.00026256 0.00116318 0.65142 1.24278e-11 0.000509275 4.08088e-05 5.46229e-09 1.72593e-05 0.000237881 2.76229e-07 4.11663e-12 0.000750827 0.309404 1.43402e-08 0.0178561 8.07119e-09 
0.0537638 0.0107967 0.00108228 0.0257575 0.0103643 0.00172107 0.0346807 0.204195 0.518866 0.000127649 0.00236446 0.0112592 0.000301837 0.0149189 0.00204025 0.0005161 0.00195464 0.0119985 0.00942532 0.0018601 0.0818367 0.000168412 
0.144113 0.00710058 0.0214501 0.0114726 0.0361172 8.85332e-05 0.223079 0.0197076 0.238916 0.000134464 0.000338482 0.0108641 0.000316394 0.0955482 0.000603801 3.82619e-05 0.00648625 0.0244021 0.0113922 0.00129642 0.146535 3.43199e-11 
0.361435 0.0481472 3.46991e-06 5.91929e-05 1.5851e-05 1.11338e-06 5.77859e-06 0.00223593 0.384248 1.74315e-06 5.05844e-06 0.0709647 0.0503223 0.0745538 3.40997e-06 0.00165634 0.00118913 1.15949e-05 1.18895e-05 0.00510872 1.99307e-05 4.88496e-09 
0.0191048 0.137279 0.000968385 0.0205595 0.00134932 0.00521546 0.0833921 0.0320777 0.463561 9.09071e-05 0.000125126 0.00512156 0.000512103 0.0440922 0.00028184 0.000748084 0.00603867 0.00585625 0.0369152 2.33848e-05 0.136688 9.40038e-09 
0.0997267 0.0411661 0.00267883 0.136796 0.0089676 2.35994e-05 0.00219715 0.0248938 0.365925 0.000151396 0.000114406 0.0013116 0.000130358 0.0394285 5.21203e-05 1.36027e-05 0.00558217 0.0163243 0.0282771 0.000171083 0.226069 1.66032e-08 
0.0115366 0.0224537 0.000144805 0.0107222 0.00185344 1.36033e-05 0.0476517 0.00139251 0.656023 2.68079e-05 3.06184e-05 0.000633679 3.2666e-05 0.0136445 0.00029786 0.000130663 0.00310673 0.0591358 0.00125618 4.5675e-05 0.169867 5.80591e-10 
0.0534733 0.0321775 6.61059e-05 0.00669322 0.00209156 8.1239e-05 0.0698997 0.000887565 0.61149 2.32478e-05 3.62518e-05 0.000182694 1.72285e-05 0.0177835 0.000369694 1.51069e-05 0.0383776 0.021773 0.00951563 8.44496e-06 0.135028 8.61811e-06 
0.197137 0.109719 0.00841087 0.00662145 0.0723899 4.26875e-05 0.0135051 0.0373815 0.234784 0.000822051 0.0197582 1.98664e-05 4.48501e-05 0.110299 0.000572996 0.000807639 0.0105459 0.0784411 0.000773049 7.47025e-05 0.0977437 0.000105774 
0.289452 0.0259371 0.000932275 0.0108041 0.00140686 0.000404757 0.00106052 0.0254458 0.409944 0.000110501 0.000491025 0.0105482 2.94377e-05 0.0827746 1.70356e-05 4.38751e-09 0.00499249 0.000956418 0.0541266 0.000228483 0.0803381 9.87201e-08 
0.0128643 0.0118167 0.000725684 0.00666426 0.000904123 1.8334e-05 0.0263187 0.00918349 0.497859 3.48287e-05 6.12592e-05 0.00138722 0.000479061 0.0122 0.00081052 4.0146e-05 0.0050701 0.00347587 0.00518749 7.68048e-06 0.404891 8.69571e-08 
0.0299206 0.0255462 0.00766238 0.042136 0.0399212 0.0181018 0.0518363 0.0348715 0.198998 9.14345e-06 0.000598786 0.0560748 0.0744854 0.155124 0.0291325 0.000162733 0.00853142 0.00296211 0.00130726 0.165199 0.0573503 6.89505e-05 
0.135264 0.0407713 0.0018223 0.0139943 9.94012e-05 1.21939e-05 0.0098417 0.0136364 0.226582 0.000111696 0.000438676 1.04566e-05 5.9368e-05 0.162187 0.00540047 0.0410677 0.00276777 0.141178 0.162724 3.34342e-06 0.0419789 4.8657e-05 
0.0719354 0.213182 0.0203352 0.0703531 0.0167748 0.000873104 0.013675 0.0240013 0.226316 0.00167865 0.00174674 0.00212738 0.000733008 0.0743525 0.0248536 0.00819377 0.00123344 0.004388 0.0289148 0.0112258 0.179899 0.00320751 
0.122301 0.164231 5.1374e-08 0.0156378 1.97917e-12 7.20656e-06 0.00231848 0.0921273 0.251356 6.82469e-06 0.0132249 6.06152e-05 4.94465e-08 0.0281773 0.000619646 2.26623e-08 1.73346e-08 0.00490329 0.215842 1.08008e-08 0.0891851 2.43038e-09 
0.0729194 0.112436 0.00440659 0.0355977 0.0286163 0.00156664 0.0429065 0.0255285 0.399806 0.000121538 0.00251547 0.00387661 0.00294087 0.0318742 0.00119322 6.78742e-05 0.00269634 0.00634842 0.0173472 0.000375926 0.206793 6.65073e-05 
0.112317 0.020151 0.00592384 0.134582 0.00239316 0.0117723 0.00018332 0.0527955 0.290581 0.000243156 0.000547734 6.04603e-05 4.09146e-05 0.0257625 0.0619313 0.000176529 2.52683e-08 0.0652859 0.00628955 0.00506806 0.203894 4.22063e-07 
0.05847 0.0217615 0.103813 0.0112723 0.00788717 9.93493e-05 0.0354719 0.0271787 0.265502 2.42132e-05 0.000221779 0.0140259 0.00439454 0.130425 0.00201097 1.05974e-05 0.0320392 0.0291639 0.0217425 0.0254948 0.208989 1.19684e-06 
0.217211 0.0665783 0.000944621 0.0109413 0.0492622 0.000170074 0.0303959 0.038318 0.302395 0.000110638 0.000919585 0.00677328 0.0394886 0.0623028 0.00807541 0.0301144 0.0337472 0.00976922 0.0237468 0.00194183 0.0667573 3.66192e-05 
0.0990045 0.000121272 4.39326e-05 0.0889883 0.00290333 3.77469e-05 7.31928e-05 0.00617067 0.449132 2.19647e-05 6.40289e-05 0.000774063 0.000941387 0.286222 0.00222436 1.18915e-05 7.89401e-05 2.4412e-06 0.0221934 0.015257 0.0257342 4.60288e-09 
0.0390377 0.200758 0.000301945 0.0457504 0.00313237 2.98517e-05 0.00207044 0.0420662 0.377073 8.24712e-05 0.0010702 0.00482549 0.000290396 0.0110623 0.000423431 0.000156717 0.000940246 0.000486554 0.055273 0.00104646 0.214123 3.73167e-09 
0.00938886 0.0396436 7.50638e-05 0.0093602 0.000499659 1.78796e-05 0.0150315 0.00166398 0.838896 2.68261e-05 8.12849e-05 0.00235119 0.00018852 0.0138623 0.000125877 7.68862e-06 0.00268841 0.0014446 0.00739208 4.56818e-05 0.0572086 8.11479e-08 
0.00796279 0.0350776 0.00509788 0.140416 0.000297946 0.0185312 0.0825391 0.114543 0.331319 0.000271575 0.000189236 0.0495034 0.000122743 0.0812178 0.00608565 0.00115443 0.0498445 0.00230913 0.00621526 0.00606817 0.0612315 1.76382e-06 
0.0364931 0.120058 0.0657809 0.0344861 0.0139009 0.00388737 0.107704 0.0338648 0.30267 0.00071922 0.00353853 0.000611758 0.013103 0.0717863 0.00477372 0.00011387 0.0029063 0.00875906 0.0203085 0.0134895 0.141025 1.96559e-05 
0.0537782 0.00134142 0.0155952 0.232719 0.0367012 2.0019e-05 0.00203924 0.0322136 0.328662 2.45285e-05 0.00087389 0.0126278 0.00074819 0.0565543 0.00853841 6.18686e-06 0.000166222 4.12863e-06 0.0335694 0.000301034 0.183377 0.000139596 
0.0127884 0.0694406 0.00161604 0.0460653 0.00146591 0.0103041 0.046872 0.0412905 0.35774 0.000726355 0.00142013 0.00745207 0.000273163 0.0098335 0.0113648 0.00225471 0.000329264 0.00156938 0.0927447 0.0309638 0.253485 7.66451e-08 
0.0116157 0.0236185 0.000933029 0.0189075 0.00146728 6.97389e-09 0.0712308 0.011986 0.457008 1.3641e-11 8.00913e-05 1.74362e-05 9.17399e-05 0.000311875 0.004043 1.38416e-11 0.000118878 2.75412e-07 0.00152253 1.41917e-08 0.397048 6.32454e-12 
0.0691837 0.000977287 0.00144547 0.0249026 1.03913e-08 0.0247121 0.0282703 0.00309696 0.792372 3.13221e-06 1.87644e-05 0.000546504 3.55026e-05 0.000854857 0.00105494 0.000742755 0.0128058 0.000119531 0.00240451 8.83032e-05 0.0363655 5.22185e-09 
0.0181503 0.0269829 0.000221657 0.0271924 0.00340816 0.00621577 0.159105 0.163722 0.31623 5.62741e-05 0.000223235 0.0528753 0.000398371 0.0142314 0.000413326 0.00105816 0.000407356 0.0157623 0.105763 0.00024309 0.08734 1.80491e-10 
0.00813754 0.0742113 0.00188958 0.0190763 0.00409515 1.48742e-05 0.0113765 0.0586089 0.473252 7.29108e-05 0.00332438 5.04483e-05 0.000843402 0.0060528 0.00884603 1.63242e-06 0.000979203 0.00663748 0.26596 0.00369118 0.0528785 1.13343e-09 
0.0227459 0.0543781 0.0287627 0.0293556 0.00133928 9.33987e-06 0.00678508 0.030281 0.359686 8.97344e-05 0.00179446 0.000669746 4.89471e-05 0.120039 0.00233882 0.000304549 0.00372065 0.048195 0.0866124 0.000873448 0.201919 5.05413e-05 
0.0966657 0.00408215 0.00733555 0.00971143 0.0916089 0.000102243 0.000129932 0.0023971 0.262481 0.000433059 1.97268e-05 0.000175924 0.000207282 0.096267 2.6249e-06 7.1642e-08 0.00151964 0.112181 0.00820587 0.20615 0.100323 1.25218e-06 
0.0235351 0.0300924 0.000605388 0.00901332 0.000267711 9.58559e-06 0.00924283 0.0014927 0.818729 2.38438e-05 6.18787e-05 0.00143419 0.000125298 0.0112458 0.000266923 5.73602e-06 0.00170331 0.0012542 0.0148155 0.000287717 0.0757874 4.42631e-08 
0.00938886 0.0396436 7.50638e-05 0.0093602 0.000499659 1.78796e-05 0.0150315 0.00166398 0.838896 2.68261e-05 8.12849e-05 0.00235119 0.00018852 0.0138623 0.000125877 7.68862e-06 0.00268841 0.0014446 0.00739208 4.56818e-05 0.0572086 8.11479e-08 
0.0443343 0.0409994 0.00034329 0.0158603 0.00110464 0.00141045 0.0928561 0.0153441 0.438221 0.000242087 0.00020169 0.0011366 0.000331167 0.0158794 0.000885068 0.000161229 0.00421788 0.0115684 0.130413 5.82846e-05 0.184431 7.95294e-10 
0.101308 0.0626121 0.000489144 0.00768032 0.00381252 0.000137262 0.0012745 0.00405753 0.632196 6.56214e-05 0.000351074 0.000365178 0.000123191 0.0250236 9.64895e-05 5.98154e-06 0.00255393 0.0378467 0.0539737 9.12329e-05 0.0659358 1.81176e-07 
0.0778918 0.00775111 0.00224637 0.00642971 0.00182965 0.00469808 0.0122871 0.00764723 0.74324 5.21612e-05 7.03943e-05 0.000683763 0.000129717 0.0204457 0.00100647 0.00161312 0.000355936 0.00399048 0.00674434 0.00103803 0.0998443 4.98567e-06 
0.0141667 0.0466695 0.00468975 0.0132327 0.000379066 2.07393e-05 0.00576304 0.00718204 0.452262 0.00544961 0.00732879 0.00214525 0.000105569 0.0186184 0.00278756 7.48849e-06 0.000431713 0.0170961 0.334162 0.000676442 0.066825 1.12975e-06 
0.0261276 0.305663 7.24983e-07 0.00649093 7.29649e-08 1.26031e-07 3.76819e-08 0.0329252 0.46678 6.2997e-08 1.35664e-07 0.00385917 8.27043e-12 1.96226e-07 2.1451e-07 1.52163e-11 9.98416e-10 1.13551e-06 0.0648041 1.10161e-07 0.0933469 1.91899e-07 
0.0235351 0.0300924 0.000605388 0.00901332 0.000267711 9.58559e-06 0.00924283 0.0014927 0.818729 2.38438e-05 6.18787e-05 0.00143419 0.000125298 0.0112458 0.000266923 5.73602e-06 0.00170331 0.0012542 0.0148155 0.000287717 0.0757874 4.42631e-08 
0.338305 1.69442e-09 0.0121251 1.11403e-05 2.78086e-05 2.28164e-09 1.77928e-05 7.68274e-05 0.640876 1.24883e-08 4.99782e-05 0.000210299 7.7997e-06 1.64505e-06 5.84348e-06 1.2672e-08 4.13667e-09 1.17658e-06 0.000667025 4.006e-09 0.007617 5.7901e-09 
0.021544 0.0035484 0.00456394 0.0314674 0.000136703 2.28013e-05 0.0266875 0.0108557 0.689947 6.51339e-05 6.8726e-05 0.00180872 0.000254971 0.00396594 0.000692024 0.000921513 0.0141041 0.000728031 0.00239227 0.00852669 0.177698 1.73379e-10 
0.0117802 0.0105763 0.0202266 0.074895 0.000198285 2.17571e-05 0.0279151 0.0386976 0.457931 8.41788e-06 0.00124512 0.00823824 0.000245322 0.0228926 0.0111929 0.000328592 0.0015332 0.0161746 0.0492978 0.00239708 0.244205 2.70633e-08 
0.167 0.067561 0.000203656 0.0236933 0.0208162 0.000127259 0.0624129 0.0104864 0.328159 1.70299e-05 0.00142546 0.0270758 0.00231959 0.0125488 0.00159127 1.07057e-05 0.0175839 0.00668675 0.0139152 0.000129477 0.236181 5.54427e-05 
0.0591404 0.0348719 0.00020205 0.0109179 0.000470353 0.000184546 0.133838 0.00407864 0.445849 1.45654e-05 8.77081e-05 0.00049804 0.000161703 0.00835367 0.000831265 1.07307e-05 0.000156444 0.0174509 0.0788297 6.30761e-05 0.20399 8.82972e-11 
0.0104036 0.00381772 0.0073025 0.114853 0.00168963 8.01241e-05 0.015711 0.0361992 0.533467 1.2531e-05 7.73225e-05 0.000513056 1.68892e-05 0.0735194 6.44945e-05 0.000137388 0.00532783 0.00168704 0.0543303 0.000882504 0.139908 2.79014e-10 
0.0335348 0.0614331 0.00210164 0.0240565 0.00411221 8.1712e-05 0.0155704 0.00914985 0.517916 0.000282757 0.00327423 0.00418556 0.00021557 0.0418225 0.00220806 1.60143e-05 0.00444363 0.0125458 0.0336388 0.000753197 0.228505 0.000152999 
0.115074 6.53502e-07 0.00224445 0.00105864 4.37928e-12 3.93021e-12 2.20443e-07 2.6239e-07 0.763841 9.037e-08 8.65005e-08 8.65113e-08 7.71282e-08 3.76831e-07 5.98282e-07 3.49465e-08 1.09028e-07 9.22685e-08 0.0331587 1.31806e-07 0.0846206 9.97368e-12 
0.0128097 0.0328919 0.00624425 0.0046891 0.0122477 9.44435e-06 0.0680976 0.00690972 0.551924 9.42783e-05 3.60358e-05 0.000126716 1.98496e-05 0.0297696 0.0318705 2.07415e-05 0.00892424 0.0334422 0.00741069 5.60497e-06 0.192421 3.5094e-05 
0.0844934 0.00991007 0.0024721 0.0218735 0.0226572 0.00922234 0.00597391 0.020004 0.467208 0.000500353 0.000844389 0.00474765 9.22852e-05 0.07886 0.00677845 5.78521e-05 0.00562187 0.0374161 0.00520421 0.00862517 0.20739 4.64801e-05 
0.0188061 0.027952 0.000313967 0.0223664 0.000451239 0.0104228 0.213197 0.0402374 0.395548 0.000209767 0.000195596 0.00831403 0.00079677 0.0366789 0.000788922 0.00145358 0.0120797 0.0590972 0.0664137 3.90604e-05 0.0846382 1.10479e-10 
0.0665084 0.0449667 0.00223454 0.00896885 0.00231694 8.64828e-05 0.00142892 0.00978598 0.704901 8.47214e-05 0.000207039 0.00108959 0.00194655 0.028174 0.000245614 0.000304058 0.00258287 0.0342762 0.0343015 0.00529221 0.0502973 1.83624e-07 
0.0181068 0.0174456 0.000193636 0.00434054 0.000166649 0.00546417 0.0582484 0.0023156 0.806839 1.32711e-05 6.6311e-06 6.19542e-05 0.000260844 0.00877267 0.00245461 6.9718e-05 0.000175414 0.00304793 0.00961098 2.96808e-05 0.0623763 1.75578e-09 
0.0627822 0.156723 0.00104423 0.0280249 0.000333632 1.17024e-05 0.00151041 0.0139178 0.291798 4.13357e-05 0.00099137 0.000546697 0.00172413 0.0224767 0.0920174 3.13887e-05 0.000330127 0.00304848 0.0351947 0.00194215 0.285511 6.35212e-09 
0.01838 0.0179518 0.00117441 0.00817889 0.00262279 0.00052406 0.156111 0.0185367 0.538273 1.75676e-05 0.000907494 0.000752156 0.113328 0.00940645 0.00155333 2.59407e-06 0.000898388 0.00281611 0.0225037 2.10645e-06 0.0860602 3.64783e-09 
0.322168 0.0146908 0.0435791 0.0232659 0.0115873 1.04439e-05 8.85768e-06 0.0229688 0.390797 8.39216e-08 0.0301289 8.05818e-08 3.75129e-07 0.0960926 0.000289601 6.94476e-08 0.000314619 3.06333e-05 3.46816e-06 0.000221907 0.0438372 4.07445e-06 
0.0209933 0.131921 0.00295153 0.129575 0.0222168 0.00373903 0.125641 0.0850962 0.133195 0.00036157 0.0167458 0.00644147 0.00355493 0.0236957 0.0191683 0.00305683 0.000614083 0.0126977 0.0823796 0.065024 0.11078 0.000151716 
0.0429625 0.054537 0.00637996 0.0722678 0.000597864 2.21577e-05 0.190276 0.0901878 0.214453 6.48948e-05 0.00161815 0.00542103 0.000260068 0.049013 0.00562007 0.000152278 0.000130528 0.000586117 0.0535648 0.00239482 0.20949 2.04341e-09 
0.0691837 0.000977287 0.00144547 0.0249026 1.03913e-08 0.0247121 0.0282703 0.00309696 0.792372 3.13221e-06 1.87644e-05 0.000546504 3.55026e-05 0.000854857 0.00105494 0.000742755 0.0128058 0.000119531 0.00240451 8.83032e-05 0.0363655 5.22185e-09 
0.0143001 0.0755489 1.69608e-07 0.00304779 2.3249e-11 2.58465e-08 0.000519901 0.00742257 0.436261 7.98523e-08 1.47811e-07 1.06737e-05 1.45471e-07 0.0357245 0.00486975 1.15882e-10 3.78288e-11 0.0721657 0.250146 6.53214e-09 0.0999822 5.38273e-08 
0.0232931 0.0241619 0.000249613 0.100045 8.26206e-05 0.000102345 0.00379095 0.00435227 0.609575 1.81456e-05 0.00169098 0.000421813 0.000241782 0.00268365 0.0537097 2.20444e-06 5.29861e-05 2.87643e-05 0.033428 0.012776 0.129292 8.69639e-08 
0.0163187 0.00196504 0.00146571 0.0296888 0.000275745 1.99755e-05 0.0138431 0.021025 0.718685 4.48328e-05 4.772e-05 0.026496 2.50375e-05 0.019786 0.00125509 0.000269615 0.00151972 0.00818602 0.0221043 0.00646478 0.110514 6.15411e-07 
0.0400113 0.194151 0.0017496 0.0810082 0.000104829 4.40959e-05 0.0387351 0.0250622 0.289013 1.54901e-05 0.0012273 0.000179362 0.0016123 0.0375869 0.00672819 2.2812e-06 5.009e-05 0.00140384 0.0948952 3.76766e-05 0.186381 2.0629e-07 
0.0603017 0.0222442 0.00113168 0.00230093 0.0118084 1.77719e-05 0.00188971 0.0166375 0.462789 7.39655e-06 0.00154372 0.000203934 2.1685e-06 0.0112003 0.00173207 1.30988e-05 0.00617154 0.000665099 0.00215683 2.2816e-05 0.39711 4.9711e-05 
0.0295115 0.0893749 0.000718568 0.0397499 0.00047303 7.33451e-06 0.0533565 0.124507 0.293288 3.13583e-05 8.41707e-05 0.187442 0.00012168 0.00651486 0.00374816 6.27942e-05 0.000143738 0.000198873 0.0253962 0.000125537 0.145144 5.38769e-08 
0.00556885 0.0129256 0.00903949 0.000105245 0.0277887 2.12881e-05 0.0195046 0.00305702 0.549333 0.000329682 4.40561e-06 0.000195317 1.48637e-08 0.09045 0.0575083 7.24976e-05 0.0233092 0.113431 0.00832651 1.06301e-07 0.0789064 0.000122759 
0.0190029 0.0373616 3.98861e-05 0.00697976 0.000634847 0.00290186 0.058571 0.061803 0.459827 8.11125e-05 7.13509e-05 0.00305677 0.000374307 0.0304186 0.000226091 0.000270507 0.00611979 0.158365 0.0969733 8.54644e-06 0.0569124 5.74929e-10 
0.0122048 0.0163299 6.05056e-05 0.00280659 0.0001007 2.03909e-05 0.0622348 0.00517362 0.717085 2.48045e-06 4.2265e-05 6.61141e-05 0.000180391 0.00367108 0.000379416 3.61595e-06 0.000118951 0.00269848 0.00666157 8.54176e-08 0.170159 1.43864e-12 
0.258554 0.0147295 0.0119555 0.065124 0.0434546 0.118504 5.96862e-07 0.0606419 0.344224 0.000837161 0.00373778 7.46283e-08 8.39986e-07 3.89837e-06 1.05834e-05 0.00124527 9.55876e-07 1.7019e-07 1.58231e-06 0.0414956 0.0354785 1.8584e-07 
0.106978 0.0431652 0.000238399 0.000304237 0.00488978 1.18775e-05 0.000255008 0.00199353 0.740271 1.06042e-05 2.45051e-05 0.000295166 2.65239e-06 0.00973816 1.76714e-07 1.30391e-06 0.000134179 0.000394494 0.00550081 1.18407e-05 0.0857795 1.09816e-08 
0.0457045 0.143443 0.000458646 0.116025 0.00254223 1.27589e-08 1.81254e-06 0.016166 0.337636 8.60434e-09 0.00135621 0.000614386 0.000260939 0.00162948 0.0974612 8.17117e-05 0.000121365 0.00218444 0.0492387 1.43662e-07 0.185074 7.64731e-11 
0.0960776 0.0326409 0.00227387 0.0132125 0.00278579 0.0137207 0.010336 0.0153407 0.638155 8.76356e-05 0.00164148 0.00075239 1.62546e-05 0.0695894 0.00211421 4.93451e-05 0.0127843 0.000838014 0.0106037 0.00346954 0.0735 1.04049e-05 
0.0119722 0.00137638 0.132018 0.207136 0.0429636 1.30376e-05 2.59448e-05 0.011762 0.399802 0.00019444 0.00348275 0.000257616 0.00239136 0.135698 0.0438924 8.35061e-07 0.00107644 1.20433e-07 0.00142217 0.00335834 0.00115649 4.39319e-07 
0.135275 0.00857745 0.001453 0.0940339 0.00231605 7.02187e-05 0.00455404 0.111713 0.318652 0.000193776 0.000108375 0.0177502 0.000319223 0.150416 1.12949e-06 0.000348398 0.00044038 0.0127953 0.000714309 0.00015138 0.140118 7.2721e-08 
0.0189016 0.000439506 2.86022e-05 0.00180726 3.88271e-05 2.44079e-05 0.0111472 0.000286638 0.847071 5.34477e-05 7.40308e-05 0.000204193 5.23467e-05 0.026205 3.97571e-08 1.55544e-06 0.00450519 0.0363245 0.00964472 2.36381e-07 0.0431893 1.20107e-07 
0.0189016 0.000439506 2.86022e-05 0.00180726 3.88271e-05 2.44079e-05 0.0111472 0.000286638 0.847071 5.34477e-05 7.40308e-05 0.000204193 5.23467e-05 0.026205 3.97571e-08 1.55544e-06 0.00450519 0.0363245 0.00964472 2.36381e-07 0.0431893 1.20107e-07 
0.0189016 0.000439506 2.86022e-05 0.00180726 3.88271e-05 2.44079e-05 0.0111472 0.000286638 0.847071 5.34477e-05 7.40308e-05 0.000204193 5.23467e-05 0.026205 3.97571e-08 1.55544e-06 0.00450519 0.0363245 0.00964472 2.36381e-07 0.0431893 1.20107e-07 
0.00477751 0.00202309 0.33184 0.0526781 0.000518618 8.89308e-08 6.78678e-05 0.00204767 0.343767 9.59314e-10 0.00088273 0.00294981 0.000443956 0.0938632 0.048386 1.01583e-05 0.000306475 2.62768e-08 0.016431 0.0234984 0.0755078 2.54977e-09 
0.0632934 0.0366496 0.0054137 0.022588 0.000850271 0.0140611 0.00446721 0.049431 0.286641 8.24199e-05 0.00260223 0.000543268 0.00068788 0.0915209 0.0528163 2.1031e-05 0.000368553 0.0461419 0.0347767 0.175578 0.111466 2.41267e-07 
0.0170131 0.0139071 0.000643652 0.0100003 0.00815261 4.94127e-05 0.0603479 0.00183618 0.457905 2.91881e-05 0.000181773 0.000750465 0.000240121 0.0259729 0.00162569 1.61252e-05 0.000597934 0.00141977 0.000621199 0.000235087 0.398454 5.51141e-09 
0.249989 0.00843627 0.000153281 0.0219599 0.00509458 3.05846e-05 0.00152186 0.00399323 0.435247 4.94882e-05 0.000159975 0.000541035 0.00119298 0.0193536 2.17791e-07 2.16915e-05 0.00455085 2.1854e-06 0.00133411 0.00650542 0.239863 6.45562e-09 
0.0191048 0.137279 0.000968385 0.0205595 0.00134932 0.00521546 0.0833921 0.0320777 0.463561 9.09071e-05 0.000125126 0.00512156 0.000512103 0.0440922 0.00028184 0.000748084 0.00603867 0.00585625 0.0369152 2.33848e-05 0.136688 9.40038e-09 
0.0358281 0.0160984 0.0562703 0.0217945 0.00841149 0.00798205 0.0271385 0.023545 0.441657 2.06796e-05 0.00298298 0.00115759 0.000309898 0.0428961 0.00419306 0.000101979 0.00799993 0.000186538 0.00141482 0.00225688 0.296092 0.00166309 
0.0386496 0.016659 0.000495126 0.0159457 0.00347798 3.24416e-05 0.040112 0.0269157 0.568019 5.89967e-05 0.000144302 0.00226696 0.000778725 0.0268185 0.00217941 0.000194477 0.000731395 0.0205749 0.00877991 4.17772e-05 0.227124 1.91547e-07 
0.00422518 0.0418114 0.00562683 0.000387956 0.0135193 1.32086e-05 0.078189 0.00492018 0.496971 0.00013191 5.04282e-05 0.000177371 2.77539e-05 0.040346 0.0359802 2.90077e-05 0.0124937 0.0468187 0.00937759 7.82221e-06 0.208846 4.91118e-05 
0.0523346 0.106265 0.000521165 0.0109208 0.00552937 9.44837e-05 0.024118 0.0299306 0.405572 0.000100755 0.000605413 0.00102361 0.000290681 0.0262696 0.00296319 3.72585e-05 0.00769485 0.0358591 0.0257489 0.000148246 0.263948 2.45638e-05 
0.0654518 0.0227718 0.00041725 0.0151745 3.5666e-07 5.75872e-05 0.135888 0.0065897 0.467652 4.14094e-05 5.99579e-05 0.000531207 0.000139568 0.01084 0.00289903 1.2429e-05 4.64705e-08 0.0045544 0.180791 9.48568e-07 0.0861273 5.00529e-12 
0.0482756 0.107414 0.00985228 0.0628669 0.0103688 0.000455219 0.0674584 0.0302522 0.348529 0.00107131 0.00224208 0.00524477 0.00529142 0.0563459 0.00542053 0.000248318 0.00472379 0.0108363 0.0221693 0.00277891 0.198139 1.53876e-05 
0.0107221 0.185614 0.0116413 0.013949 0.00270135 0.000128515 0.00608986 0.00975657 0.548635 8.43274e-05 0.000749048 0.00262239 0.000961862 0.0179148 0.000598025 0.000241006 0.0917582 0.000226795 0.00877693 0.00024606 0.0865828 2.61663e-08 
0.0813329 0.12877 0.000298071 0.0300062 0.000447305 0.00900627 0.253276 0.0208089 0.286243 8.82416e-05 0.000568876 0.0234755 0.00036012 0.0379416 0.000100463 0.00171871 0.0274675 0.0156821 0.034553 3.30998e-05 0.0478225 6.98296e-10 
0.0731487 0.037663 0.0603287 0.0293245 0.0169723 0.000731482 0.00316367 0.227354 0.353079 1.02156e-07 2.11367e-06 0.0482131 0.000314922 0.0102241 0.0325353 0.000805787 0.00200765 0.00100105 0.0357873 0.0168786 0.0500591 0.00040608 
0.0149508 0.0126907 8.43826e-06 0.00361297 0.000316744 7.28099e-05 0.0645933 0.00246661 0.821793 2.22369e-05 2.02387e-06 5.50537e-05 0.000139136 0.00371692 0.000248964 3.63312e-06 7.2625e-05 0.00309595 0.00992523 9.25301e-08 0.0622127 5.89034e-12 
0.00667661 0.0186911 0.00446049 0.025215 0.00340136 0.0313465 0.0423037 0.0158517 0.586345 0.000988349 0.00072645 0.11706 0.00189251 0.0222595 0.0125125 0.000124136 0.00392061 0.0275191 0.000360005 0.00439784 0.0739316 1.54048e-05 
0.0185978 0.00682148 0.013739 0.0315632 0.0127128 0.00297928 0.0341228 0.0385393 0.336918 0.000228318 0.00060502 0.0026204 0.000570266 0.0669149 0.00863933 6.39638e-05 0.000866749 0.0149051 0.0489714 0.0840233 0.275591 6.62846e-06 
0.0243077 0.036851 2.52471e-05 0.00932686 0.000978468 8.50704e-05 0.0363414 0.00305732 0.668421 8.45567e-06 0.000311841 0.000209556 0.000924343 0.00269915 0.00273395 1.52746e-06 0.000220459 0.00145234 0.0133624 4.95179e-06 0.198677 1.33064e-11 
0.0260024 0.000890265 0.147806 0.117721 0.0298965 2.41939e-05 0.0221663 0.0265945 0.342331 0.000194276 4.94014e-05 0.00037715 0.000326904 0.046176 0.011104 0.00142651 0.000332721 0.0239392 0.0482895 0.0452329 0.109114 5.12747e-06 
0.0807904 0.0229538 0.000988976 0.0376449 0.0016522 7.4339e-06 0.199726 0.0178686 0.336692 9.25114e-06 2.28682e-05 3.89484e-05 0.000117905 0.0241284 0.00106811 3.11817e-08 0.000167428 0.000415703 0.00573263 0.00140597 0.268568 6.07277e-12 
0.0557516 0.0727838 4.32876e-11 0.0320922 0.00265214 0.000316975 0.00440042 2.54624e-07 0.552375 2.82963e-07 0.00115823 0.000618809 0.00346154 0.000944147 0.0111938 1.49274e-10 0.000413512 7.71648e-08 0.0131943 1.25144e-07 0.248643 6.82068e-11 
0.0235351 0.0300924 0.000605388 0.00901332 0.000267711 9.58559e-06 0.00924283 0.0014927 0.818729 2.38438e-05 6.18787e-05 0.00143419 0.000125298 0.0112458 0.000266923 5.73602e-06 0.00170331 0.0012542 0.0148155 0.000287717 0.0757874 4.42631e-08 
0.0691837 0.000977287 0.00144547 0.0249026 1.03913e-08 0.0247121 0.0282703 0.00309696 0.792372 3.13221e-06 1.87644e-05 0.000546504 3.55026e-05 0.000854857 0.00105494 0.000742755 0.0128058 0.000119531 0.00240451 8.83032e-05 0.0363655 5.22185e-09 
0.0751214 0.0622625 0.000135327 0.034579 0.0400863 1.89307e-06 0.000306803 0.0253924 0.513516 0.000103856 6.17202e-05 0.0440362 0.000325344 0.0199668 4.20213e-06 2.52475e-05 0.0181797 0.000115587 9.91632e-05 5.75756e-05 0.165623 6.43643e-10 
0.0799862 0.0900778 0.000495677 0.0132366 0.000806558 3.94812e-05 0.0189927 0.00501245 0.367601 0.000102339 0.000174236 1.13356e-05 0.000289706 0.014343 0.164869 2.58022e-06 8.89901e-05 0.0278426 0.0368244 0.00190697 0.177297 6.32456e-09 
0.027126 0.00587606 0.00661503 0.0216534 0.00788875 3.0595e-05 0.00729268 0.011002 0.683758 0.000163832 2.08542e-07 0.00749444 0.000237254 0.0756383 0.0671194 4.09564e-06 0.000656079 0.0266221 0.00302376 0.0242828 0.0235153 2.8924e-07 
0.0726627 0.000676997 0.000364314 0.0414825 1.86531e-12 0.000409645 0.0703262 0.0014906 0.712874 8.02479e-09 4.01753e-05 0.00174368 5.58916e-08 8.67319e-05 8.31863e-08 3.33932e-08 0.0272298 0.000211639 0.0027094 4.76672e-08 0.0676915 4.24819e-12 
0.0927064 0.132202 7.65362e-05 0.00170905 0.00626539 0.000213581 0.068085 0.00269062 0.472576 2.09556e-05 2.14527e-05 0.000327591 5.98384e-09 0.0133607 0.000318783 2.11839e-09 0.0392086 0.00128928 0.00212261 2.97846e-09 0.166754 5.16825e-05 
0.0903449 0.091871 0.000660094 0.0105355 0.00199505 0.000299599 0.142255 0.0104188 0.377638 3.18638e-05 0.00480402 0.00182971 0.00110602 0.00483634 0.00158274 0.000855357 0.000169152 0.0194164 0.0552366 0.000206405 0.183907 3.29939e-10 
0.00938886 0.0396436 7.50638e-05 0.0093602 0.000499659 1.78796e-05 0.0150315 0.00166398 0.838896 2.68261e-05 8.12849e-05 0.00235119 0.00018852 0.0138623 0.000125877 7.68862e-06 0.00268841 0.0014446 0.00739208 4.56818e-05 0.0572086 8.11479e-08 
0.021357 0.0294649 0.00948266 0.0033513 0.0556268 0.000222092 0.0117382 0.0185306 0.592831 9.57331e-05 8.79936e-06 5.62038e-05 4.93261e-08 0.0398038 0.0220742 2.11793e-05 0.00871837 0.0324153 0.00362221 0.0428639 0.10768 3.54061e-05 
0.0189016 0.000439506 2.86022e-05 0.00180726 3.88271e-05 2.44079e-05 0.0111472 0.000286638 0.847071 5.34477e-05 7.40308e-05 0.000204193 5.23467e-05 0.026205 3.97571e-08 1.55544e-06 0.00450519 0.0363245 0.00964472 2.36381e-07 0.0431893 1.20107e-07 
0.145304 0.101997 0.0142464 0.00309799 0.270838 0.018143 0.000396856 0.0109754 0.299522 2.52779e-05 0.000118091 0.00403883 9.72966e-05 0.0963196 0.00424678 0.00217352 0.00179396 0.00158835 0.000198893 0.000599953 0.0242735 5.36535e-06 
0.0716211 0.0717008 0.000703161 0.00272617 0.192065 0.000829798 0.193508 0.0286056 0.388083 1.70671e-06 1.32503e-05 0.00135731 0.00247516 0.000655149 9.87197e-07 5.17146e-05 0.000115475 0.000206079 0.0010731 0.000429884 0.0437705 6.47353e-06 
0.0156768 0.155149 0.000652647 0.0123951 0.030889 0.000149759 0.167454 0.0232801 0.381622 0.000121122 0.000626326 0.00917547 0.00260651 0.0400861 0.000960833 1.62939e-05 0.000903541 0.00398892 0.00528546 0.00124368 0.147717 1.12078e-07 
0.0761455 0.00753166 3.13465e-08 0.00544055 1.06467e-05 7.49774e-06 0.000585972 0.00218832 0.762895 3.3801e-05 0.00149902 2.69156e-05 1.2797e-05 0.00720004 0.000218703 3.13038e-07 0.000152518 6.15441e-07 0.111798 7.1539e-07 0.0242511 2.14509e-11 
0.0259819 0.0876613 5.04999e-05 0.0182963 0.0141876 0.00252431 0.0284037 0.0540123 0.283095 0.000226777 0.000128471 0.0191404 0.013305 0.120249 8.57089e-08 0.000851398 0.00966929 0.0873296 0.0432114 0.000144896 0.19153 3.02665e-07 
0.0265627 0.000646774 9.44005e-05 0.00926359 0.000212586 7.94698e-06 0.00125547 0.000309485 0.776997 0.000452511 5.6874e-05 0.000831302 3.43634e-08 0.0240171 8.19134e-06 2.32139e-08 0.00140553 0.00350337 0.00306184 1.13161e-07 0.151314 5.22417e-09 
0.122301 0.164231 5.1374e-08 0.0156378 1.97917e-12 7.20656e-06 0.00231848 0.0921273 0.251356 6.82469e-06 0.0132249 6.06152e-05 4.94465e-08 0.0281773 0.000619646 2.26623e-08 1.73346e-08 0.00490329 0.215842 1.08008e-08 0.0891851 2.43038e-09 
0.0428867 0.0593548 0.00174313 0.0161292 0.00440261 0.00270618 0.106145 0.0168523 0.478454 5.73646e-05 5.04486e-05 0.00281011 0.00282358 0.0264966 0.0025648 0.00182892 0.00862406 0.0182703 0.024486 2.32007e-05 0.183291 2.06954e-07 
0.113055 0.043048 0.00195113 0.0158977 0.00552654 0.00535445 0.029266 0.00975224 0.48498 7.41071e-05 0.000381559 0.000286414 3.70708e-05 0.0542491 0.00400847 0.000663828 0.0017457 0.0508943 0.0081982 0.000221875 0.170406 2.65987e-06 
0.0339513 0.0119912 0.00689539 0.0346685 0.0400168 1.42808e-05 0.000246678 0.00418453 0.552315 2.69626e-05 2.29274e-06 0.000399746 6.43644e-05 0.0959242 7.84654e-06 1.96911e-07 0.00193348 1.294e-05 0.000472771 7.95007e-06 0.216863 1.02176e-06 
0.0759413 0.00895785 6.31201e-09 0.00170012 0.000100411 7.62578e-08 6.47082e-05 0.00137802 0.851749 1.18337e-07 2.15308e-05 8.48425e-05 1.23604e-08 0.000867786 1.199e-08 1.15014e-09 1.14169e-05 3.74329e-08 0.0134035 5.60463e-08 0.0457194 6.2957e-12 
0.0272041 0.122699 0.000740923 0.0950254 0.00171486 1.10795e-05 0.0274067 0.0139856 0.330308 5.59519e-05 0.00366952 0.000892124 3.43295e-05 0.068756 0.0101161 7.3256e-05 9.06368e-05 0.000313795 0.0441516 0.00205648 0.250694 1.89811e-07 
0.00828162 0.0323991 6.04442e-06 0.00570368 1.1123e-05 8.73094e-06 0.0151394 0.0382818 0.6866 5.47517e-06 0.000497003 2.09204e-05 2.36519e-05 0.00357399 0.000405641 3.95129e-06 1.89713e-05 0.000250242 0.108336 3.57889e-06 0.100429 1.10259e-07 
