0.000348174 0.00115276 0.00144299 0.00194964 0.000592707 7.63158e-09 1.02895e-08 0.00215464 3.90768e-09 0.000705966 0.00101933 1.55528e-08 0.964916 0.00166203 6.3262e-05 0.000381508 0.000655852 0.00492784 0.000262156 0.0152322 0.00253333 1.93666e-08 
0.0153676 0.00233374 3.83683e-07 0.0186367 0.929783 0.000521481 0.00869379 0.00217263 8.42441e-11 9.00516e-10 5.02859e-10 0.00416255 6.62903e-07 0.00197694 3.5881e-10 5.50531e-07 0.00117075 1.01111e-10 7.77256e-07 3.73216e-06 0.0151747 4.17518e-10 
2.4141e-05 0.0481748 1.29553e-05 1.46335e-06 1.52276e-05 7.94983e-10 0.0442373 0.635638 4.07063e-10 0.000179923 2.42979e-09 0.0155564 2.3998e-09 1.35249e-05 0.106218 4.41525e-09 1.44133e-09 0.00137116 5.43885e-07 3.71018e-06 0.147369 0.00118426 
0.0817235 7.54381e-07 4.3128e-06 3.94399e-08 0.90253 1.53889e-10 2.07484e-10 1.22533e-06 7.87974e-11 8.42294e-10 6.58955e-07 3.63827e-06 4.64542e-10 0.0157285 3.35611e-10 8.54682e-10 4.79916e-06 9.45736e-11 1.28617e-10 2.70192e-10 2.06979e-06 3.90523e-10 
0.0624594 0.00872062 0.00305774 0.13071 0.560962 5.19244e-05 1.78018e-09 0.00823285 6.76067e-10 7.22673e-09 0.00343488 0.0954667 3.69437e-06 0.108017 2.87948e-09 7.33301e-09 0.00786746 1.56151e-06 0.000874314 0.00390138 0.00623871 3.35062e-09 
0.00972683 1.06785e-07 2.72266e-07 6.46128e-08 0.988961 0.000365431 3.06511e-07 8.97927e-10 9.94837e-12 2.97864e-07 5.93824e-11 4.07868e-07 2.28792e-07 0.000944218 4.23717e-11 1.07906e-10 2.7479e-07 5.61306e-08 1.62383e-11 3.41124e-11 1.67658e-07 1.2331e-07 
6.17286e-07 3.76128e-06 5.8247e-08 1.26377e-06 1.42134e-07 2.2619e-05 1.22559e-11 6.84742e-11 4.65447e-12 8.53483e-05 2.77828e-11 0.999851 2.6127e-09 3.29466e-05 1.98242e-11 1.55179e-07 8.09057e-09 1.30511e-06 6.9467e-07 5.22867e-09 7.79653e-08 2.30678e-11 
0.326159 0.0332232 0.0553296 0.0370268 0.288532 2.39368e-07 0.000513952 0.062277 2.5229e-10 1.87431e-05 0.00125291 0.00116908 0.00292797 0.0541263 0.00812672 8.10938e-05 0.000379634 0.00904397 0.00157998 0.0095582 0.108673 3.49468e-07 
0.0586951 0.0129253 0.0221876 0.0223046 0.308642 0.00109313 0.012987 0.241736 6.93442e-11 1.26246e-06 0.00557159 0.0163969 0.079957 0.0189596 0.00283574 7.52147e-10 2.22284e-06 9.13387e-05 0.00284146 0.132821 0.0599507 3.43673e-10 
0.0368657 0.000505909 0.000206068 0.00436445 0.790297 2.92646e-05 0.00493812 0.00693625 1.72004e-08 0.005948 0.000112164 0.000353551 1.01403e-07 0.137906 0.00109662 1.86566e-07 1.22114e-05 0.00213976 0.00159556 4.64118e-06 0.00668794 8.5246e-08 
0.273218 0.0245565 0.0491888 0.00212087 0.061515 0.00115403 0.0414849 0.00147238 5.27988e-11 5.64386e-10 4.41202e-06 0.00158014 3.1127e-10 0.0115773 6.66961e-07 2.33469e-05 0.00178394 0.00455299 2.13575e-07 8.51242e-07 0.0130167 0.512749 
0.0858629 0.440588 0.00734058 9.87253e-06 0.251382 1.98918e-06 4.96566e-10 0.209077 1.88584e-10 2.01584e-09 7.27191e-05 7.50573e-10 1.11177e-09 2.29857e-05 7.31005e-06 2.04549e-09 6.67735e-10 0.000204566 0.00335552 6.46642e-10 0.00207452 9.34628e-10 
0.150708 0.0116543 1.15352e-10 0.00179775 0.74032 0.000998565 4.07352e-07 0.0110081 3.66737e-11 1.26115e-07 2.18908e-10 2.44824e-07 2.16206e-10 0.0360959 1.50439e-07 0.000390964 7.26114e-08 2.03983e-08 5.12163e-07 1.38848e-06 3.8483e-07 0.0470226 
0.220228 0.00430847 0.000793326 6.13397e-07 0.674444 1.09162e-07 1.73007e-06 0.0151874 4.1401e-12 4.42551e-11 0.000720177 0.0103419 2.44075e-11 0.0500693 1.78098e-09 4.49059e-11 2.52153e-07 2.73345e-08 8.65054e-08 1.18539e-06 0.0239031 2.05185e-11 
0.0232194 0.0432335 0.00047312 1.20532e-07 0.00434882 0.00197224 0.0221439 0.0210817 1.40088e-11 6.70905e-05 0.758455 0.0488359 8.25872e-11 0.0089233 0.000693913 2.1937e-07 0.000660899 0.000225758 0.0656635 4.80353e-11 5.00975e-07 6.83812e-07 
0.0308548 0.000237768 9.26616e-08 8.81004e-05 0.883508 3.46928e-05 2.97943e-05 0.0122126 2.94597e-08 3.14905e-07 1.75847e-07 1.17251e-07 0.000109586 4.18142e-05 2.01766e-05 3.19537e-07 8.31847e-06 3.53579e-08 4.80857e-08 0.072811 4.16443e-05 1.46004e-07 
0.00401897 0.000968912 1.53368e-07 0.00173912 0.00701379 9.52267e-08 1.28391e-07 0.969988 4.87599e-08 0.00104295 0.00122271 0.0020379 0.000862665 0.000807693 0.00162009 5.28878e-07 0.00158854 5.85223e-08 7.95886e-08 0.00125413 0.0058332 2.41656e-07 
0.0232194 0.0432335 0.00047312 1.20532e-07 0.00434882 0.00197224 0.0221439 0.0210817 1.40088e-11 6.70905e-05 0.758455 0.0488359 8.25872e-11 0.0089233 0.000693913 2.1937e-07 0.000660899 0.000225758 0.0656635 4.80353e-11 5.00975e-07 6.83812e-07 
0.0232194 0.0432335 0.00047312 1.20532e-07 0.00434882 0.00197224 0.0221439 0.0210817 1.40088e-11 6.70905e-05 0.758455 0.0488359 8.25872e-11 0.0089233 0.000693913 2.1937e-07 0.000660899 0.000225758 0.0656635 4.80353e-11 5.00975e-07 6.83812e-07 
0.0536171 0.00570319 3.68494e-07 2.17486e-05 0.933506 0.00571927 0.00110058 8.27325e-05 1.17155e-07 2.62737e-05 6.99304e-07 4.66282e-07 1.5514e-05 5.04465e-05 3.04083e-05 3.93549e-05 1.00596e-05 1.4061e-07 1.91226e-07 4.01717e-07 7.44144e-05 5.80624e-07 
0.0232719 0.000241378 0.000121251 2.91253e-05 0.793659 8.06483e-07 0.00144812 0.00659077 4.12952e-07 4.4142e-06 0.000504509 0.00101332 6.72513e-05 0.00990846 7.23797e-05 4.47912e-06 1.46218e-06 5.52578e-05 3.38047e-06 0.0158285 0.147171 2.04661e-06 
0.0232194 0.0432335 0.00047312 1.20532e-07 0.00434882 0.00197224 0.0221439 0.0210817 1.40088e-11 6.70905e-05 0.758455 0.0488359 8.25872e-11 0.0089233 0.000693913 2.1937e-07 0.000660899 0.000225758 0.0656635 4.80353e-11 5.00975e-07 6.83812e-07 
0.0232194 0.0432335 0.00047312 1.20532e-07 0.00434882 0.00197224 0.0221439 0.0210817 1.40088e-11 6.70905e-05 0.758455 0.0488359 8.25872e-11 0.0089233 0.000693913 2.1937e-07 0.000660899 0.000225758 0.0656635 4.80353e-11 5.00975e-07 6.83812e-07 
0.0232194 0.0432335 0.00047312 1.20532e-07 0.00434882 0.00197224 0.0221439 0.0210817 1.40088e-11 6.70905e-05 0.758455 0.0488359 8.25872e-11 0.0089233 0.000693913 2.1937e-07 0.000660899 0.000225758 0.0656635 4.80353e-11 5.00975e-07 6.83812e-07 
0.0149857 0.014528 0.000149633 6.27163e-05 0.895318 0.000150813 0.00144278 0.00373305 5.65313e-10 6.04284e-09 0.000182997 0.000198671 3.74924e-05 0.0413554 2.16866e-05 2.69142e-05 0.000904377 0.0113198 0.00138705 0.00239825 0.0110922 0.000704101 
0.0232194 0.0432335 0.00047312 1.20532e-07 0.00434882 0.00197224 0.0221439 0.0210817 1.40088e-11 6.70905e-05 0.758455 0.0488359 8.25872e-11 0.0089233 0.000693913 2.1937e-07 0.000660899 0.000225758 0.0656635 4.80353e-11 5.00975e-07 6.83812e-07 
0.696903 0.0249809 0.00714063 0.00903373 0.128803 4.67185e-06 5.36878e-07 0.0198468 5.12923e-07 2.63836e-05 3.98402e-05 7.47064e-05 0.000932613 0.065668 7.23992e-05 0.00147865 0.000274833 0.00499083 0.000451249 0.00143898 0.0375968 0.000241208 
0.0232194 0.0432335 0.00047312 1.20532e-07 0.00434882 0.00197224 0.0221439 0.0210817 1.40088e-11 6.70905e-05 0.758455 0.0488359 8.25872e-11 0.0089233 0.000693913 2.1937e-07 0.000660899 0.000225758 0.0656635 4.80353e-11 5.00975e-07 6.83812e-07 
0.0232194 0.0432335 0.00047312 1.20532e-07 0.00434882 0.00197224 0.0221439 0.0210817 1.40088e-11 6.70905e-05 0.758455 0.0488359 8.25872e-11 0.0089233 0.000693913 2.1937e-07 0.000660899 0.000225758 0.0656635 4.80353e-11 5.00975e-07 6.83812e-07 
0.0374471 0.0539206 0.00515352 4.43396e-06 0.125604 3.09032e-05 0.00584117 0.519101 1.59908e-11 7.84556e-05 0.00061403 3.2048e-07 9.42722e-11 0.0500527 0.00225619 1.73446e-10 0.0076064 3.21784e-07 4.68425e-07 6.59394e-06 0.192282 1.39788e-07 
0.0586951 0.0129253 0.0221876 0.0223046 0.308642 0.00109313 0.012987 0.241736 6.93442e-11 1.26246e-06 0.00557159 0.0163969 0.079957 0.0189596 0.00283574 7.52147e-10 2.22284e-06 9.13387e-05 0.00284146 0.132821 0.0599507 3.43673e-10 
0.0294095 0.0428607 0.000568732 5.47211e-05 0.00787352 0.00180452 0.0204371 0.020973 1.55432e-11 0.000163485 0.727974 0.0453699 9.16331e-11 0.0332671 0.000680466 1.68244e-05 0.000692402 0.000220633 0.0669833 5.32967e-11 0.000543152 0.000106672 
0.0122857 0.0273658 0.00459184 0.00145848 0.0298247 0.000686575 0.00288312 0.897894 1.35161e-07 1.44478e-06 0.000646236 5.37948e-07 7.96827e-07 0.00227902 5.75673e-07 1.46603e-06 4.78577e-07 1.62222e-07 0.00542739 0.00319832 0.0114522 6.69863e-07 
0.10937 0.0282739 0.00116764 0.0331744 0.403743 0.00139948 0.0768663 0.0532657 8.76437e-11 2.62414e-06 5.23151e-10 1.66394e-05 5.16694e-10 0.0134586 3.73289e-10 9.50634e-10 5.58899e-07 1.7893e-07 1.61669e-06 1.08219e-06 0.279258 4.34366e-10 
0.0429227 4.57328e-05 6.29155e-05 0.00167838 0.901898 7.22168e-09 9.73679e-09 0.00492482 3.69779e-09 0.000300986 3.6478e-07 5.29367e-05 1.17586e-06 0.0417501 1.57495e-08 4.01084e-08 0.000396374 6.84434e-07 6.03574e-09 0.00167784 0.00428729 1.83264e-08 
0.0961615 0.00170751 0.0124201 0.000305204 0.187049 0.000708306 0.600488 0.00100501 2.22622e-07 0.00140806 1.32885e-06 0.00644066 1.31245e-06 0.0713735 9.48186e-07 2.41469e-06 0.00668718 0.000265196 0.0012908 7.6336e-07 0.0126819 1.10333e-06 
0.146338 0.0191381 4.87815e-07 0.0265208 0.101097 1.19596e-07 0.00208797 0.0246416 7.59683e-12 0.000381031 0.000486471 0.000470169 0.00175318 0.491075 1.24777e-05 5.21986e-07 0.00019918 0.129203 0.00269444 0.00444844 0.0494527 2.74873e-08 
0.14472 0.0310755 0.00473391 0.000731901 0.728883 0.000968052 0.00518183 0.00391017 1.13268e-10 0.000931805 4.54315e-06 0.0296126 0.00026566 0.0349392 0.00837099 1.22857e-09 1.68421e-08 0.000306563 1.5953e-06 0.000851992 0.00450161 8.88236e-06 
3.02486e-06 3.6644e-06 2.56867e-09 0.0636226 0.92793 0.000430629 2.79843e-07 3.63282e-08 8.16651e-10 8.72948e-09 6.66261e-06 3.25032e-09 2.54889e-07 0.000753025 3.61685e-06 8.85787e-09 2.89159e-09 9.80155e-10 4.14194e-05 2.80025e-09 0.00720485 4.04736e-09 
0.23425 7.9586e-09 1.72599e-08 2.5292e-05 0.765669 1.07167e-08 1.44491e-08 1.1678e-05 5.48741e-09 5.86569e-08 4.56519e-06 7.99201e-06 3.23504e-08 9.39092e-06 2.33718e-08 1.37862e-05 7.32215e-06 6.58606e-09 8.95685e-09 1.8816e-08 1.43319e-06 2.71958e-08 
0.00133102 0.326766 0.0164993 0.00160729 0.3334 6.45688e-07 0.000714919 0.00387648 3.30619e-07 3.5341e-06 0.00102196 0.00199729 1.94913e-06 0.000842675 0.010378 3.58608e-06 1.17065e-06 3.96813e-07 5.39653e-07 0.300328 0.00122324 1.63856e-06 
0.241073 0.0197086 0.458488 0.0010466 0.0160309 1.15041e-08 0.00208324 0.00274299 5.89059e-09 7.75825e-05 1.78169e-06 0.00421868 0.0242118 0.216226 8.87854e-07 2.29898e-05 5.98636e-07 0.000975266 0.000119606 0.000290035 0.0126805 1.06101e-06 
0.0153676 0.00233374 3.83683e-07 0.0186367 0.929783 0.000521481 0.00869379 0.00217263 8.42441e-11 9.00516e-10 5.02859e-10 0.00416255 6.62903e-07 0.00197694 3.5881e-10 5.50531e-07 0.00117075 1.01111e-10 7.77256e-07 3.73216e-06 0.0151747 4.17518e-10 
6.17286e-07 3.76128e-06 5.8247e-08 1.26377e-06 1.42134e-07 2.2619e-05 1.22559e-11 6.84742e-11 4.65447e-12 8.53483e-05 2.77828e-11 0.999851 2.6127e-09 3.29466e-05 1.98242e-11 1.55179e-07 8.09057e-09 1.30511e-06 6.9467e-07 5.22867e-09 7.79653e-08 2.30678e-11 
0.0258311 0.0010605 6.44807e-05 0.0186265 0.026169 0.000541113 0.490398 0.110108 2.94679e-05 0.00349965 0.00626557 0.0818697 0.000248871 0.0349714 0.0548352 0.000220466 0.000667945 0.123041 0.00828229 0.00857228 0.00462482 7.30172e-05 
0.0482736 0.00494501 2.34292e-07 0.000180754 0.935164 0.00147324 2.76549e-05 6.22896e-05 7.44879e-08 7.96228e-07 0.00023254 4.60528e-05 0.000128382 0.00613379 9.27506e-05 8.07938e-07 9.08946e-06 9.21714e-05 1.21583e-07 0.00290316 3.2667e-06 0.000230245 
0.0625976 0.106599 0.000157976 0.0563585 0.538026 0.000814792 0.00391567 0.0194833 5.60029e-06 0.00179548 8.91402e-05 0.0243285 0.00027963 0.0462496 4.85189e-05 6.41329e-05 0.0805106 0.00697208 5.81982e-05 0.037741 0.0138844 2.07746e-05 
0.0390328 0.106476 0.0001549 0.0092482 0.00331151 5.31708e-06 6.92942e-12 0.30748 2.63162e-12 7.88881e-06 0.000433883 0.000187443 5.64364e-08 0.00862914 4.50962e-08 1.37649e-07 0.00016394 0.0010952 5.78318e-05 0.00102099 0.522695 3.24696e-09 
0.275925 0.00105239 0.00261526 0.00224107 0.663402 1.1775e-05 0.00196433 7.07936e-05 1.06756e-08 0.00388818 8.81895e-05 0.000739245 6.2937e-08 0.0296573 0.00136197 1.15794e-07 0.000886888 1.83084e-06 3.7416e-05 0.000146287 0.015905 5.13128e-06 
0.0232194 0.0432335 0.00047312 1.20532e-07 0.00434882 0.00197224 0.0221439 0.0210817 1.40088e-11 6.70905e-05 0.758455 0.0488359 8.25872e-11 0.0089233 0.000693913 2.1937e-07 0.000660899 0.000225758 0.0656635 4.80353e-11 5.00975e-07 6.83812e-07 
6.17286e-07 3.76128e-06 5.8247e-08 1.26377e-06 1.42134e-07 2.2619e-05 1.22559e-11 6.84742e-11 4.65447e-12 8.53483e-05 2.77828e-11 0.999851 2.6127e-09 3.29466e-05 1.98242e-11 1.55179e-07 8.09057e-09 1.30511e-06 6.9467e-07 5.22867e-09 7.79653e-08 2.30678e-11 
0.24995 0.254996 7.44742e-05 0.00829378 0.0927562 0.000300253 0.00134093 0.0881441 3.94295e-07 2.39743e-06 0.00050519 0.00115474 2.42484e-05 4.84732e-06 0.000839005 3.56988e-05 0.000278054 0.000916645 0.203919 0.000109056 2.54065e-05 0.0963295 
0.0792857 0.00649543 0.00970217 0.000303788 0.120527 0.000580009 6.01234e-05 0.0114221 3.58657e-08 0.000505995 0.000530685 0.0152508 3.1362e-05 0.0502893 0.627046 3.8902e-07 0.00327928 0.000525691 5.85419e-08 0.0395197 0.0346439 1.77752e-07 
2.10974e-05 2.42162e-05 1.18548e-09 1.90532e-05 0.542134 7.65584e-06 9.9242e-10 0.419945 3.76897e-10 4.02879e-09 6.79439e-05 2.85028e-05 4.79965e-05 2.65608e-05 1.60527e-09 8.21696e-07 1.3213e-05 8.54999e-06 6.15191e-10 1.7965e-05 0.03763 7.47352e-06 
0.0473823 0.0516421 5.47692e-07 5.40894e-07 0.626128 3.26836e-05 2.1986e-07 0.0954953 2.38496e-11 5.12424e-08 0.0115337 9.77797e-07 1.40603e-10 0.0306812 4.16579e-07 8.79796e-07 0.00109419 2.86246e-11 3.54289e-07 0.000221105 0.135785 4.49276e-07 
0.818522 0.000814599 0.00124525 1.12527e-05 0.000541204 5.652e-05 4.57311e-05 0.114871 8.24319e-09 8.81145e-08 4.92041e-08 0.000412619 4.85969e-08 2.61373e-05 3.99886e-05 8.94104e-08 1.921e-05 1.9397e-06 0.0630233 2.82654e-08 4.05394e-05 0.000328309 
6.17286e-07 3.76128e-06 5.8247e-08 1.26377e-06 1.42134e-07 2.2619e-05 1.22559e-11 6.84742e-11 4.65447e-12 8.53483e-05 2.77828e-11 0.999851 2.6127e-09 3.29466e-05 1.98242e-11 1.55179e-07 8.09057e-09 1.30511e-06 6.9467e-07 5.22867e-09 7.79653e-08 2.30678e-11 
0.0294095 0.0428607 0.000568732 5.47211e-05 0.00787352 0.00180452 0.0204371 0.020973 1.55432e-11 0.000163485 0.727974 0.0453699 9.16331e-11 0.0332671 0.000680466 1.68244e-05 0.000692402 0.000220633 0.0669833 5.32967e-11 0.000543152 0.000106672 
0.461534 5.44832e-07 0.00145964 0.0598861 0.093226 1.21025e-07 7.6142e-07 0.0772856 6.45451e-12 6.85814e-06 1.44867e-06 1.15861e-06 2.07387e-06 0.266406 4.70123e-07 4.34129e-07 1.62286e-07 0.0286633 2.41271e-07 0.0115241 9.02756e-07 1.60264e-08 
0.214231 0.0708562 0.00209455 0.00222507 0.515319 0.00211551 0.00619342 0.0285753 1.16739e-06 6.76372e-05 0.00634999 0.00231323 0.00405417 0.0516892 0.000767674 2.27242e-05 0.00218052 0.00254118 0.04972 0.0119656 0.0202237 0.00649278 
0.0235512 0.00739484 0.000767092 0.000230795 0.920126 0.000325155 0.0399319 0.000400276 3.02201e-08 1.90755e-05 1.80386e-07 0.000235333 7.69089e-07 0.00614253 1.28713e-07 3.27785e-07 4.96695e-06 1.17934e-06 4.93269e-08 0.000863288 1.79322e-06 3.34276e-06 
2.45156e-05 6.60187e-06 0.00486411 2.15545e-05 4.6465e-06 1.2882e-08 2.05282e-06 1.42703e-05 2.47272e-11 1.50489e-06 4.34333e-06 0.000138103 3.47266e-06 0.0587762 0.0393443 0.00126965 0.00612411 0.00199307 0.887387 8.56157e-06 1.1508e-05 1.7184e-07 
0.24995 0.254996 7.44742e-05 0.00829378 0.0927562 0.000300253 0.00134093 0.0881441 3.94295e-07 2.39743e-06 0.00050519 0.00115474 2.42484e-05 4.84732e-06 0.000839005 3.56988e-05 0.000278054 0.000916645 0.203919 0.000109056 2.54065e-05 0.0963295 
0.231676 0.000904448 4.60856e-05 0.0125334 0.587485 2.82986e-06 0.00291145 0.00727691 8.32004e-08 8.8936e-07 0.0804373 9.42012e-05 4.90499e-07 0.0131213 0.000429999 1.72546e-06 2.94595e-07 3.10516e-06 0.0628878 8.7446e-05 1.69745e-05 8.29906e-05 
0.0050063 0.00638689 0.402303 0.000730261 5.42166e-12 4.54845e-09 6.7915e-06 0.000119636 2.49144e-12 0.00136641 4.98482e-05 9.91605e-12 1.4688e-11 0.385016 1.06114e-11 2.70235e-11 0.175713 0.00073031 0.0160278 8.54299e-12 0.00654319 1.23477e-11 
0.0426439 1.04269e-09 0.011077 9.56406e-06 0.486514 1.56582e-06 6.43511e-06 1.53915e-05 7.18929e-10 7.6849e-09 1.69786e-05 2.86138e-09 0.0817596 0.0451449 0.00555224 7.79792e-09 1.56024e-05 2.88513e-06 0.0040652 0.256486 0.0666879 3.56305e-09 
0.240169 0.0331814 0.00603518 1.55945e-05 0.661636 2.24467e-05 0.00234808 0.00418573 3.02115e-08 5.1129e-05 1.80334e-07 0.000157237 5.52827e-05 0.00245821 0.047674 3.27691e-07 0.00141744 4.47315e-06 7.42782e-06 1.03593e-07 0.000473449 0.000107722 
0.0095149 0.0459936 0.00116336 0.000247527 0.912305 5.14437e-05 2.37311e-06 0.0217823 9.01249e-07 9.63378e-06 0.00182199 3.58702e-06 5.31322e-06 0.000574751 0.000186435 9.77547e-06 3.19113e-06 0.00511147 0.000483544 3.09033e-06 0.00072103 4.46663e-06 
0.0164602 0.82348 0.000540717 7.32065e-05 0.0483563 5.93372e-07 4.28314e-06 7.61881e-07 7.65697e-11 8.18482e-10 0.0299508 7.99778e-07 1.32908e-06 0.00686586 0.0387021 8.30519e-10 0.000109727 0.000672406 0.0347603 1.12558e-05 9.36492e-06 3.79483e-10 
0.135808 0.114221 0.00498432 5.58664e-07 0.110244 1.87759e-07 0.0162999 0.30076 1.1723e-11 1.75561e-07 6.08854e-07 1.68016e-07 6.91115e-11 0.198921 4.39435e-07 1.27154e-10 9.09079e-07 6.55678e-07 1.02565e-06 1.60829e-07 0.118756 2.84745e-07 
0.0246939 1.96438e-11 0.00626398 0.323432 0.0170695 1.11123e-07 7.16844e-09 0.151536 1.35443e-11 0.00271155 1.21351e-07 1.6226e-08 7.98489e-11 1.1893e-06 5.76874e-11 1.46909e-10 5.41968e-07 2.82871e-07 8.06957e-07 1.46763e-06 0.474289 6.71261e-11 
0.625046 3.91788e-07 0.00107762 0.00142092 0.2997 0.00122656 7.11304e-07 0.0406318 2.70136e-07 2.88758e-06 1.61246e-06 0.000620398 0.00169518 0.000609888 1.15055e-06 0.0062348 9.56495e-07 0.000468663 0.00152438 0.0124645 0.00385245 0.00341822 
0.0467842 0.130668 0.00105246 0.0178314 0.00545834 4.03114e-05 1.86581e-08 0.187007 5.14835e-11 0.000307611 0.00109386 0.00215573 0.000837085 0.0297799 0.00243457 0.000232324 0.00755912 0.0288945 0.000867433 0.0348494 0.502146 2.27617e-09 
0.0153676 0.00233374 3.83683e-07 0.0186367 0.929783 0.000521481 0.00869379 0.00217263 8.42441e-11 9.00516e-10 5.02859e-10 0.00416255 6.62903e-07 0.00197694 3.5881e-10 5.50531e-07 0.00117075 1.01111e-10 7.77256e-07 3.73216e-06 0.0151747 4.17518e-10 
0.0183488 0.111467 1.19751e-08 0.00196729 0.559151 0.000167385 1.00249e-08 0.269747 3.80721e-09 4.06967e-08 0.00420915 0.00111945 0.00213772 0.00640456 1.62155e-08 1.03371e-06 0.0233382 0.000334069 6.21433e-09 0.000520078 0.0010202 6.65711e-05 
0.0232194 0.0432335 0.00047312 1.20532e-07 0.00434882 0.00197224 0.0221439 0.0210817 1.40088e-11 6.70905e-05 0.758455 0.0488359 8.25872e-11 0.0089233 0.000693913 2.1937e-07 0.000660899 0.000225758 0.0656635 4.80353e-11 5.00975e-07 6.83812e-07 
0.0232194 0.0432335 0.00047312 1.20532e-07 0.00434882 0.00197224 0.0221439 0.0210817 1.40088e-11 6.70905e-05 0.758455 0.0488359 8.25872e-11 0.0089233 0.000693913 2.1937e-07 0.000660899 0.000225758 0.0656635 4.80353e-11 5.00975e-07 6.83812e-07 
0.00292965 0.00100452 3.56655e-05 0.000134694 0.966211 0.000397954 0.0127423 0.0156279 1.40749e-08 1.50452e-07 8.40142e-08 1.0086e-05 8.87526e-06 0.000552148 4.59713e-06 1.52665e-07 0.000118915 6.02302e-07 0.00021596 4.82621e-08 4.2148e-06 6.9756e-08 
0.0232194 0.0432335 0.00047312 1.20532e-07 0.00434882 0.00197224 0.0221439 0.0210817 1.40088e-11 6.70905e-05 0.758455 0.0488359 8.25872e-11 0.0089233 0.000693913 2.1937e-07 0.000660899 0.000225758 0.0656635 4.80353e-11 5.00975e-07 6.83812e-07 
8.90448e-09 6.01975e-06 4.44217e-06 6.69496e-05 5.66058e-09 3.09178e-08 2.21325e-07 0.000258736 4.72673e-13 5.99939e-10 2.82142e-12 5.77991e-06 0.135445 0.00414074 5.78137e-09 5.12689e-12 1.67364e-12 0.860032 7.71523e-13 3.15283e-09 4.02566e-05 2.34259e-12 
6.62547e-05 4.98725e-07 4.89188e-05 0.0180206 0.956751 2.37271e-05 0.000751984 9.80127e-05 3.43868e-07 3.67573e-06 2.05257e-06 0.000276354 7.72675e-05 2.72922e-05 1.46459e-06 0.00028059 1.21756e-06 2.12194e-05 0.00558264 9.89142e-05 0.0178646 1.70423e-06 
0.0320161 8.20121e-06 1.08654e-05 5.36565e-06 0.223178 4.62048e-10 6.22967e-10 4.9476e-06 2.36588e-10 6.32495e-06 1.41221e-09 3.57914e-06 8.23061e-06 0.737305 1.00767e-09 2.56617e-09 5.69724e-06 0.00743882 3.86171e-10 8.11246e-10 8.98329e-06 1.17254e-09 
0.0232194 0.0432335 0.00047312 1.20532e-07 0.00434882 0.00197224 0.0221439 0.0210817 1.40088e-11 6.70905e-05 0.758455 0.0488359 8.25872e-11 0.0089233 0.000693913 2.1937e-07 0.000660899 0.000225758 0.0656635 4.80353e-11 5.00975e-07 6.83812e-07 
0.0265201 4.59333e-06 0.0199741 0.0189043 0.269867 0.000241577 5.59723e-08 0.000886801 2.12569e-08 0.176271 1.79321e-05 1.13986e-05 0.0600036 0.225316 0.0672056 0.00145106 7.52662e-08 0.00144564 0.00106446 0.129769 0.000892388 0.000153569 
0.180028 0.15726 0.163654 0.0390694 0.156001 3.52596e-09 4.75396e-09 0.00913033 1.80544e-09 1.16956e-05 1.0617e-05 7.18574e-09 0.0461735 0.059753 0.144066 1.95828e-08 3.5151e-06 8.76182e-07 0.00449384 0.0313605 0.00897838 6.27488e-06 
0.0153676 0.00233374 3.83683e-07 0.0186367 0.929783 0.000521481 0.00869379 0.00217263 8.42441e-11 9.00516e-10 5.02859e-10 0.00416255 6.62903e-07 0.00197694 3.5881e-10 5.50531e-07 0.00117075 1.01111e-10 7.77256e-07 3.73216e-06 0.0151747 4.17518e-10 
0.0232194 0.0432335 0.00047312 1.20532e-07 0.00434882 0.00197224 0.0221439 0.0210817 1.40088e-11 6.70905e-05 0.758455 0.0488359 8.25872e-11 0.0089233 0.000693913 2.1937e-07 0.000660899 0.000225758 0.0656635 4.80353e-11 5.00975e-07 6.83812e-07 
0.0232194 0.0432335 0.00047312 1.20532e-07 0.00434882 0.00197224 0.0221439 0.0210817 1.40088e-11 6.70905e-05 0.758455 0.0488359 8.25872e-11 0.0089233 0.000693913 2.1937e-07 0.000660899 0.000225758 0.0656635 4.80353e-11 5.00975e-07 6.83812e-07 
0.0987609 0.159944 2.41519e-06 0.00561338 0.619399 3.48636e-07 2.00148e-09 0.0197993 7.60114e-10 1.09389e-06 0.08713 4.61055e-06 4.48117e-09 0.00386641 0.000894916 1.66085e-06 1.60868e-06 0.00014578 5.10312e-06 3.21433e-07 6.70415e-06 0.00442228 
0.0232194 0.0432335 0.00047312 1.20532e-07 0.00434882 0.00197224 0.0221439 0.0210817 1.40088e-11 6.70905e-05 0.758455 0.0488359 8.25872e-11 0.0089233 0.000693913 2.1937e-07 0.000660899 0.000225758 0.0656635 4.80353e-11 5.00975e-07 6.83812e-07 
0.0232194 0.0432335 0.00047312 1.20532e-07 0.00434882 0.00197224 0.0221439 0.0210817 1.40088e-11 6.70905e-05 0.758455 0.0488359 8.25872e-11 0.0089233 0.000693913 2.1937e-07 0.000660899 0.000225758 0.0656635 4.80353e-11 5.00975e-07 6.83812e-07 
0.0153676 0.00233374 3.83683e-07 0.0186367 0.929783 0.000521481 0.00869379 0.00217263 8.42441e-11 9.00516e-10 5.02859e-10 0.00416255 6.62903e-07 0.00197694 3.5881e-10 5.50531e-07 0.00117075 1.01111e-10 7.77256e-07 3.73216e-06 0.0151747 4.17518e-10 
0.0153676 0.00233374 3.83683e-07 0.0186367 0.929783 0.000521481 0.00869379 0.00217263 8.42441e-11 9.00516e-10 5.02859e-10 0.00416255 6.62903e-07 0.00197694 3.5881e-10 5.50531e-07 0.00117075 1.01111e-10 7.77256e-07 3.73216e-06 0.0151747 4.17518e-10 
0.017053 7.20287e-06 2.28895e-06 0.000978056 0.942002 0.00024322 2.57674e-06 3.67264e-05 1.92768e-10 2.50494e-06 2.02094e-05 0.0023156 1.42764e-05 0.0302793 8.21033e-10 2.45277e-07 0.000814914 0.000318344 3.14647e-10 5.34371e-06 0.00590254 2.22329e-06 
0.00211439 0.000350964 9.33826e-07 5.67693e-05 0.99556 0.000431345 0.000253953 0.000133163 3.27458e-08 3.50032e-07 1.95462e-07 0.000687683 4.0681e-05 0.000159506 4.51408e-05 3.5518e-07 1.15946e-07 9.4514e-05 5.34495e-08 2.82947e-06 6.70632e-05 1.6229e-07 
0.303075 0.00547927 0.00188252 0.010179 0.0361812 7.99461e-06 2.5531e-07 0.0725321 2.09032e-11 0.000130705 1.24712e-06 3.88492e-07 6.95363e-07 0.495492 1.57685e-07 0.000252418 0.0139008 0.0342586 0.000180921 0.000318311 0.0261261 1.03597e-10 
0.0232194 0.0432335 0.00047312 1.20532e-07 0.00434882 0.00197224 0.0221439 0.0210817 1.40088e-11 6.70905e-05 0.758455 0.0488359 8.25872e-11 0.0089233 0.000693913 2.1937e-07 0.000660899 0.000225758 0.0656635 4.80353e-11 5.00975e-07 6.83812e-07 
0.00781759 0.00618805 0.00740418 0.00904519 0.957211 5.78385e-05 0.0016742 0.000576863 3.0694e-07 3.28099e-06 0.000511885 0.000683916 1.80953e-06 0.000941453 0.0071633 3.32925e-06 2.69252e-06 5.09039e-05 5.01004e-07 1.05248e-06 0.000659119 1.52121e-06 
0.154926 0.00356596 0.000124656 0.0767274 0.572046 9.83525e-05 2.02374e-08 0.102196 7.68566e-09 0.000131455 0.000275073 1.22684e-06 1.64146e-05 0.0112104 3.27345e-08 8.3363e-08 6.3112e-06 6.93195e-06 0.000187758 9.25273e-06 0.0784592 1.15446e-05 
0.0153676 0.00233374 3.83683e-07 0.0186367 0.929783 0.000521481 0.00869379 0.00217263 8.42441e-11 9.00516e-10 5.02859e-10 0.00416255 6.62903e-07 0.00197694 3.5881e-10 5.50531e-07 0.00117075 1.01111e-10 7.77256e-07 3.73216e-06 0.0151747 4.17518e-10 
0.0044972 0.00270357 0.0629919 0.000428076 0.000254146 1.49528e-08 9.27163e-08 0.000179451 2.58902e-11 0.0971104 1.29206e-07 1.03045e-10 1.52633e-10 0.72531 1.10271e-10 3.67426e-07 0.088754 0.0112355 0.000135232 2.15074e-07 0.00639971 1.52634e-07 
2.17587e-05 1.44054e-06 1.07691e-09 1.27247e-05 0.99892 5.35594e-07 1.17208e-05 3.45774e-06 3.42379e-10 3.65981e-09 1.67602e-05 1.36269e-09 2.01846e-09 0.000997581 3.35544e-06 3.71364e-09 1.21229e-09 4.10928e-10 6.03614e-06 1.174e-09 3.15224e-06 1.18949e-06 
9.9404e-07 1.95935e-07 0.000150982 1.25328e-07 0.986288 7.54158e-08 6.35111e-11 5.15183e-07 2.412e-11 2.57827e-10 1.43974e-10 9.59988e-11 1.27991e-06 0.0135561 1.02731e-10 2.61619e-10 8.54037e-11 8.36655e-07 3.93699e-11 5.37671e-07 1.45542e-07 1.67474e-07 
0.214686 0.00811601 5.99167e-05 0.000305328 0.669486 0.000169626 0.00603371 0.00827213 6.57675e-09 8.61439e-05 0.000433919 0.00729669 3.87725e-08 0.0615739 3.98856e-05 5.87102e-05 0.000315811 6.72333e-05 0.00363949 0.000160103 0.00256473 0.0166346 
0.0489838 0.0588133 6.33871e-06 3.30947e-06 0.828736 9.13914e-07 0.0217328 1.23548e-06 5.31713e-11 0.0407105 2.92024e-06 1.21051e-05 1.37956e-06 9.83964e-06 3.19339e-06 5.76726e-10 0.000969788 6.38168e-11 1.77059e-06 9.33502e-06 1.83639e-06 5.29672e-08 
6.17286e-07 3.76128e-06 5.8247e-08 1.26377e-06 1.42134e-07 2.2619e-05 1.22559e-11 6.84742e-11 4.65447e-12 8.53483e-05 2.77828e-11 0.999851 2.6127e-09 3.29466e-05 1.98242e-11 1.55179e-07 8.09057e-09 1.30511e-06 6.9467e-07 5.22867e-09 7.79653e-08 2.30678e-11 
0.291021 0.174373 5.42118e-07 2.21245e-06 1.02219e-06 1.93611e-07 2.96603e-11 0.383151 1.12643e-11 0.0123949 1.81607e-07 0.00801506 8.76641e-07 2.02299e-06 7.00505e-07 2.13825e-06 0.00215502 2.28033e-05 3.05228e-07 0.0238725 0.104985 5.02991e-08 
0.0232194 0.0432335 0.00047312 1.20532e-07 0.00434882 0.00197224 0.0221439 0.0210817 1.40088e-11 6.70905e-05 0.758455 0.0488359 8.25872e-11 0.0089233 0.000693913 2.1937e-07 0.000660899 0.000225758 0.0656635 4.80353e-11 5.00975e-07 6.83812e-07 
0.00161933 0.000654677 0.00262108 0.00136757 0.00413471 2.80989e-06 0.970737 0.000511273 1.43878e-06 0.00182197 0.00121393 5.72642e-06 0.000577837 0.00406265 0.00132427 1.56058e-05 0.00396867 1.72684e-06 0.000733213 0.00385836 0.0007588 7.13065e-06 
0.0232194 0.0432335 0.00047312 1.20532e-07 0.00434882 0.00197224 0.0221439 0.0210817 1.40088e-11 6.70905e-05 0.758455 0.0488359 8.25872e-11 0.0089233 0.000693913 2.1937e-07 0.000660899 0.000225758 0.0656635 4.80353e-11 5.00975e-07 6.83812e-07 
0.322362 4.95083e-07 1.3707e-05 1.07792e-05 0.0553582 1.70895e-10 2.30412e-10 1.90572e-05 8.7505e-11 1.31046e-06 5.22323e-10 1.60241e-06 7.89343e-06 0.103639 3.35802e-07 9.4913e-10 1.82835e-06 1.08186e-06 0.00335823 1.90534e-05 0.00368909 0.511516 
0.00286443 0.00328787 1.60954e-07 0.00258688 0.0198882 0.00103945 1.34742e-07 0.0167646 5.11718e-08 5.46994e-07 0.93171 0.00386987 0.00651656 0.00360619 2.17949e-07 0.000111563 0.00179395 0.00116084 8.35254e-08 0.00243913 0.00134414 0.00101469 
0.0431957 0.00478229 9.46856e-05 0.000274107 0.922712 2.94911e-05 0.0172933 0.00874225 1.35983e-09 1.63175e-05 2.06114e-05 0.00082737 8.01673e-09 0.00174993 7.48797e-05 1.47495e-08 0.000101473 1.63209e-09 2.89585e-05 4.66278e-09 5.62404e-05 6.73938e-09 
0.147645 0.00364808 0.000980389 0.0136316 0.722548 7.03117e-05 0.000205922 0.00733304 2.96984e-06 0.000654846 0.000854299 0.00154469 0.0040072 0.0301451 0.000975578 0.000131166 0.000635799 0.000488618 2.30426e-05 0.0607514 0.00371548 7.35647e-06 
0.750649 0.0083618 1.43979e-09 2.08018e-06 0.0957538 8.93971e-10 0.0204103 0.0091973 4.57749e-10 4.89305e-09 0.00633787 5.12078e-06 2.69861e-09 0.0669619 4.06804e-06 4.96501e-09 5.64999e-07 8.54e-07 0.0423131 1.5696e-09 2.34507e-06 2.26863e-09 
0.0685945 0.00903652 7.16947e-07 0.188183 0.0256436 5.89021e-07 4.82311e-07 0.398125 3.34153e-11 3.53815e-07 0.00405744 0.00026531 0.00232119 0.159932 1.8337e-05 2.09984e-05 0.000892639 0.0151093 0.00613686 0.0860613 0.0355779 2.18303e-05 
0.0153676 0.00233374 3.83683e-07 0.0186367 0.929783 0.000521481 0.00869379 0.00217263 8.42441e-11 9.00516e-10 5.02859e-10 0.00416255 6.62903e-07 0.00197694 3.5881e-10 5.50531e-07 0.00117075 1.01111e-10 7.77256e-07 3.73216e-06 0.0151747 4.17518e-10 
0.370583 3.15427e-05 2.20413e-06 0.0379567 0.114916 5.27594e-06 8.36078e-05 0.119147 4.93893e-10 5.27941e-09 2.48434e-05 4.30821e-05 0.311865 0.00105845 8.73189e-08 5.35705e-09 1.74877e-09 0.000316084 0.000616166 5.7286e-05 0.0432931 2.44776e-09 
0.0294095 0.0428607 0.000568732 5.47211e-05 0.00787352 0.00180452 0.0204371 0.020973 1.55432e-11 0.000163485 0.727974 0.0453699 9.16331e-11 0.0332671 0.000680466 1.68244e-05 0.000692402 0.000220633 0.0669833 5.32967e-11 0.000543152 0.000106672 
0.13243 0.000126739 4.83072e-06 0.0702172 0.124466 1.7679e-05 8.56191e-08 0.00260256 3.2516e-08 3.47576e-07 0.00523699 1.29416e-07 0.653371 0.00744142 0.000103968 3.52688e-07 1.15133e-07 1.34491e-05 0.000160351 0.00378532 1.58075e-06 1.97323e-05 
0.0232194 0.0432335 0.00047312 1.20532e-07 0.00434882 0.00197224 0.0221439 0.0210817 1.40088e-11 6.70905e-05 0.758455 0.0488359 8.25872e-11 0.0089233 0.000693913 2.1937e-07 0.000660899 0.000225758 0.0656635 4.80353e-11 5.00975e-07 6.83812e-07 
0.0945489 2.05669e-05 3.44046e-08 0.50131 0.160476 2.44061e-06 0.00215903 0.0338947 1.09382e-08 1.16922e-07 1.79344e-05 0.165183 0.0186335 0.0235944 7.90992e-05 1.18642e-07 4.45578e-05 5.52241e-06 2.90103e-05 3.75064e-08 1.00576e-06 5.42101e-08 
0.164898 0.0439559 5.70454e-07 3.58133e-06 0.59898 0.00155894 0.0374354 0.141652 3.48707e-11 0.000342777 7.28718e-07 0.00381118 1.33645e-06 0.00734796 2.9719e-07 2.3454e-06 1.2347e-10 1.13043e-07 2.42476e-06 1.1957e-10 5.33967e-06 3.97659e-07 
0.0927074 0.000871098 0.00422054 0.638585 0.00731855 1.36748e-05 0.0044183 0.114854 3.53972e-08 0.00105984 0.00829225 0.000175542 0.000637795 0.0804611 0.00425354 0.000165267 0.000126357 0.00191676 0.00245072 0.00279228 0.0346759 4.49732e-06 
0.0820289 0.013019 0.000985373 0.000661342 0.83715 0.00109242 0.00194335 0.00217254 1.96167e-07 6.2182e-05 0.00036739 0.010616 1.33469e-06 0.0405841 0.000296904 4.4306e-07 0.000681707 2.57833e-05 0.00038248 3.37701e-05 0.00488449 0.00300992 
0.000145008 4.75773e-05 5.06975e-05 0.0355867 3.35618e-05 1.23439e-09 2.33167e-06 1.87532e-05 6.32057e-10 0.0048875 3.77279e-09 2.51562e-09 3.72622e-09 0.935618 2.69203e-09 6.03366e-05 3.82717e-05 0.000135032 0.0232868 3.53288e-05 2.86018e-05 2.50631e-05 
0.0219159 0.0649677 2.58762e-07 0.00989568 0.00141447 0.00170323 0.0284644 0.0198354 8.22678e-08 0.0307797 0.00608965 0.00530469 4.85001e-07 0.752292 3.50392e-07 8.92324e-07 2.91293e-07 0.000928243 1.34282e-07 0.0205929 0.0357726 4.118e-05 
2.4141e-05 0.0481748 1.29553e-05 1.46335e-06 1.52276e-05 7.94983e-10 0.0442373 0.635638 4.07063e-10 0.000179923 2.42979e-09 0.0155564 2.3998e-09 1.35249e-05 0.106218 4.41525e-09 1.44133e-09 0.00137116 5.43885e-07 3.71018e-06 0.147369 0.00118426 
0.182004 2.68583e-06 0.000361898 0.00817301 0.0304692 0.000124547 0.635807 0.000425999 1.85673e-08 1.98472e-07 0.0618923 0.00106107 1.09461e-07 0.0432405 1.74897e-06 2.01391e-07 2.17266e-05 0.000956296 0.00615225 0.0292268 2.23075e-05 5.64043e-05 
0.000733791 0.161807 0.0153445 0.0117237 0.190101 0.000286562 0.0112551 0.0411561 8.54749e-08 9.13672e-07 0.000110997 3.40195e-07 0.48547 0.00205055 3.64052e-07 9.2711e-07 3.61994e-06 8.09388e-07 0.00361556 0.00367728 0.0726606 4.23617e-07 
0.000454233 0.001448 4.56095e-07 0.000585856 0.0304931 2.83191e-07 0.000387577 0.163401 1.45005e-07 1.55001e-06 0.000639219 0.795103 8.54863e-07 0.00590202 6.17601e-07 1.57281e-06 5.13433e-07 1.74037e-07 0.00151324 4.97215e-07 6.60081e-05 7.18652e-07 
0.0232194 0.0432335 0.00047312 1.20532e-07 0.00434882 0.00197224 0.0221439 0.0210817 1.40088e-11 6.70905e-05 0.758455 0.0488359 8.25872e-11 0.0089233 0.000693913 2.1937e-07 0.000660899 0.000225758 0.0656635 4.80353e-11 5.00975e-07 6.83812e-07 
6.56571e-08 7.41722e-08 1.60858e-07 0.997808 0.000445269 9.98775e-08 1.34662e-07 0.000493633 5.11413e-08 5.46668e-07 0.000397152 2.03545e-07 3.01498e-07 4.25377e-05 2.17819e-07 5.54708e-07 0.000525314 6.13805e-08 0.000133645 1.75361e-07 0.000151648 2.53459e-07 
0.0232194 0.0432335 0.00047312 1.20532e-07 0.00434882 0.00197224 0.0221439 0.0210817 1.40088e-11 6.70905e-05 0.758455 0.0488359 8.25872e-11 0.0089233 0.000693913 2.1937e-07 0.000660899 0.000225758 0.0656635 4.80353e-11 5.00975e-07 6.83812e-07 
0.022402 0.00627308 0.00826499 0.0176839 0.0844614 0.000308102 0.00355204 0.297977 1.65162e-05 2.55565e-05 0.00156727 0.0112458 0.15706 0.0427866 0.291939 2.24248e-05 0.00119534 0.0284361 0.00543936 0.00664621 0.0124664 0.000231782 
0.0232194 0.0432335 0.00047312 1.20532e-07 0.00434882 0.00197224 0.0221439 0.0210817 1.40088e-11 6.70905e-05 0.758455 0.0488359 8.25872e-11 0.0089233 0.000693913 2.1937e-07 0.000660899 0.000225758 0.0656635 4.80353e-11 5.00975e-07 6.83812e-07 
0.00020714 2.6354e-05 0.000946053 4.4267e-05 2.7491e-05 2.08186e-08 1.49029e-07 0.000129378 4.08285e-13 7.10415e-07 2.43708e-12 3.40533e-05 0.0882475 0.0377757 3.89325e-09 1.21262e-09 9.92375e-06 0.872468 6.66425e-13 2.3708e-09 8.2868e-05 2.02348e-12 
0.0837393 0.00289014 4.32928e-05 0.0021836 0.734041 5.09978e-08 5.47905e-06 5.46838e-06 2.61129e-08 2.34627e-05 8.02673e-06 0.000316746 1.53946e-07 0.0383177 0.00228902 2.83236e-07 9.4973e-06 3.15259e-06 0.000230012 0.00263608 8.51173e-06 0.133249 
0.0396447 0.126341 7.34738e-11 0.00016954 0.239921 3.78081e-05 0.000108738 0.0018943 2.33594e-11 4.75396e-05 0.0033484 0.00142131 1.37713e-10 0.0435931 0.043572 0.000422721 0.000163388 9.40739e-08 0.117034 0.00324653 0.378792 0.00024121 
5.17006e-05 0.0455624 1.55695e-05 5.46366e-07 0.899926 1.10701e-08 1.49255e-08 4.42353e-06 5.66833e-09 6.05908e-08 2.40842e-06 1.31415e-05 3.3417e-08 0.054332 2.41424e-08 6.1482e-08 1.73255e-05 6.8032e-09 9.25215e-09 2.12937e-05 7.46675e-06 4.5627e-05 
5.17218e-05 0.132333 6.43803e-06 4.54747e-05 9.80294e-06 8.92253e-11 4.33092e-06 0.138522 4.5687e-11 3.17486e-06 9.16329e-06 9.45732e-07 0.0102643 0.0256588 0.658892 6.8886e-06 6.14734e-06 2.50049e-06 0.00986184 1.80627e-05 0.0243033 3.62508e-07 
0.220228 0.00430847 0.000793326 6.13397e-07 0.674444 1.09162e-07 1.73007e-06 0.0151874 4.1401e-12 4.42551e-11 0.000720177 0.0103419 2.44075e-11 0.0500693 1.78098e-09 4.49059e-11 2.52153e-07 2.73345e-08 8.65054e-08 1.18539e-06 0.0239031 2.05185e-11 
0.483129 2.1106e-05 0.0026001 0.0151802 0.165647 6.87537e-07 2.04341e-09 7.28465e-06 7.76035e-10 8.29532e-09 2.5088e-05 0.000155261 1.47405e-05 0.293555 2.52456e-06 8.41733e-09 1.26885e-06 7.05641e-05 0.00790797 2.66098e-09 0.0316542 2.83676e-05 
0.206217 0.0584372 1.29375e-08 8.74786e-07 0.599338 0.00119045 0.0544104 0.0312022 4.07246e-11 4.35321e-10 2.26096e-06 0.00743105 6.24469e-07 0.0181985 6.93988e-07 4.41723e-10 1.44197e-10 1.45663e-06 6.6473e-11 4.20323e-08 0.0235697 2.01833e-10 
0.0381666 0.024241 0.000886399 2.05939e-06 0.804163 0.000188585 0.00561245 0.0410855 4.90515e-11 2.19063e-07 7.5865e-07 0.000353835 0.000107891 0.0635877 5.47547e-07 3.99473e-07 0.00596251 8.16814e-07 8.00645e-11 2.70896e-06 0.0156065 3.05409e-05 
0.133474 0.00641107 0.000492781 0.00595446 0.302408 9.58317e-05 0.0137178 0.0138983 6.22064e-08 0.000101786 0.0215431 0.476843 0.00145561 0.00748591 9.31924e-05 0.000371311 0.00281225 8.63718e-05 0.0011885 3.40706e-05 0.0115321 6.50367e-07 
0.0232194 0.0432335 0.00047312 1.20532e-07 0.00434882 0.00197224 0.0221439 0.0210817 1.40088e-11 6.70905e-05 0.758455 0.0488359 8.25872e-11 0.0089233 0.000693913 2.1937e-07 0.000660899 0.000225758 0.0656635 4.80353e-11 5.00975e-07 6.83812e-07 
0.0232194 0.0432335 0.00047312 1.20532e-07 0.00434882 0.00197224 0.0221439 0.0210817 1.40088e-11 6.70905e-05 0.758455 0.0488359 8.25872e-11 0.0089233 0.000693913 2.1937e-07 0.000660899 0.000225758 0.0656635 4.80353e-11 5.00975e-07 6.83812e-07 
0.0654644 4.34787e-09 9.52455e-05 0.000102132 1.76204e-05 1.40571e-05 7.8937e-09 0.0138259 2.99783e-09 3.20449e-08 1.78943e-08 1.31366e-05 1.23891e-05 0.0615348 1.27683e-08 3.25162e-08 1.06147e-08 3.59804e-09 4.89323e-09 0.643301 0.215619 1.48574e-08 
0.119359 0.025292 0.0123669 0.172804 0.46709 2.8133e-06 1.43975e-05 7.37938e-06 7.22734e-10 2.64611e-06 4.31405e-09 0.00137664 2.11765e-06 0.00738256 0.00263969 7.83919e-09 7.51658e-07 3.17668e-05 0.1254 0.00246875 0.0637588 3.5819e-09 
0.00955687 3.47898e-05 0.00296054 0.164787 0.174057 1.48772e-07 1.26449e-05 0.0215844 7.61774e-08 0.142646 0.000964891 3.0319e-07 3.70179e-05 0.195 0.00152505 8.26264e-07 2.69728e-07 0.000131971 0.00364389 0.259123 0.0239327 3.77538e-07 
0.457139 3.9832e-07 0.00703268 4.55437e-07 0.209645 0.00207926 4.7249e-06 0.00397996 2.01918e-10 5.59889e-05 1.20526e-09 7.11815e-07 1.19038e-09 0.292633 0.00167012 2.19012e-09 0.00120824 0.000578605 0.00243657 1.15479e-06 0.0215336 6.16904e-07 
0.0232194 0.0432335 0.00047312 1.20532e-07 0.00434882 0.00197224 0.0221439 0.0210817 1.40088e-11 6.70905e-05 0.758455 0.0488359 8.25872e-11 0.0089233 0.000693913 2.1937e-07 0.000660899 0.000225758 0.0656635 4.80353e-11 5.00975e-07 6.83812e-07 
0.21024 0.67003 0.118739 5.27681e-05 5.77722e-05 3.56576e-06 1.04491e-09 0.000228132 3.96829e-10 1.9941e-05 1.91889e-05 1.5794e-09 2.33947e-09 3.93447e-05 1.69016e-09 4.30424e-09 5.07251e-05 1.37649e-05 3.60143e-05 0.000275544 0.00019499 1.9667e-09 
0.0173424 0.0247902 0.00152756 0.0163956 0.704942 0.000308851 0.0127098 0.113348 9.01454e-07 1.35892e-06 0.0299616 0.00343765 0.00213607 0.0433427 0.00514099 2.73556e-06 0.000806622 0.000212755 0.000901143 0.0102004 0.00658992 0.00590145 
0.0239089 0.00211865 2.04218e-06 8.37257e-07 0.929217 4.46753e-07 1.25226e-06 0.00284638 2.18239e-10 2.33283e-09 3.287e-07 0.000100576 6.39473e-07 0.0365429 9.29515e-10 2.36714e-09 0.00350314 1.95323e-06 8.08462e-07 2.22071e-06 0.00175231 1.0816e-09 
0.0854761 2.43629e-05 0.000135841 0.00035859 0.836833 3.68151e-05 3.70226e-08 0.0167099 1.40603e-08 0.00238085 0.00734783 0.000339538 0.000285493 0.0417949 5.9885e-08 1.52506e-07 0.00114069 2.46175e-05 1.73297e-05 0.000341129 0.00675275 6.96833e-08 
0.0232194 0.0432335 0.00047312 1.20532e-07 0.00434882 0.00197224 0.0221439 0.0210817 1.40088e-11 6.70905e-05 0.758455 0.0488359 8.25872e-11 0.0089233 0.000693913 2.1937e-07 0.000660899 0.000225758 0.0656635 4.80353e-11 5.00975e-07 6.83812e-07 
0.00447617 0.001107 0.00216436 0.000548817 0.98488 0.000282411 0.000867953 0.000800941 5.78192e-08 6.18051e-07 3.45127e-07 0.00174917 3.40867e-07 0.00211458 2.46262e-07 6.27141e-07 2.04726e-07 6.93954e-08 0.000424785 1.98259e-07 0.000580452 2.86555e-07 
0.301507 0.0832731 0.00803613 8.09743e-06 0.318906 1.48399e-05 1.35614e-05 9.3983e-07 3.2356e-10 3.45865e-09 2.83044e-06 3.08145e-06 0.0224353 0.164145 9.11083e-06 1.54183e-05 1.0962e-05 1.82902e-05 2.91738e-06 1.16289e-05 0.100127 0.00145853 
0.44825 8.95467e-06 2.17893e-05 0.496108 0.0551213 1.98913e-06 1.25144e-05 7.13577e-05 1.06084e-10 0.000112718 6.33223e-10 1.90425e-05 3.40854e-05 6.21061e-05 7.72677e-06 7.13518e-06 2.66728e-06 8.41099e-05 3.96544e-06 5.56914e-05 1.48374e-05 5.25757e-10 
