0.421185 0.00049706 6.52534e-06 0.0297293 0.0290962 0.0231333 0.00160858 0.0141959 0.00183433 0.0293597 0.00683502 0.000929933 0.0268985 0.000415929 0.00101999 7.58604e-06 0.0348081 0.0137565 0.015197 0.0117206 1.40638e-05 0.0216407 0.285055 0.0293596 0.00169571 
0.812613 3.08296e-05 1.6121e-10 3.00818e-05 0.000314566 0.00052063 2.93599e-06 0.000485548 3.49919e-07 0.103951 0.000589255 9.48166e-06 0.00102456 1.21496e-06 2.11351e-05 0.000111371 0.00903196 6.22448e-05 0.0033919 6.57406e-08 1.02766e-05 0.00120338 0.0634718 0.00311266 9.72201e-06 
0.310051 0.00612134 5.36666e-09 0.022362 0.0753428 0.0266301 0.000381319 0.10464 0.0136113 0.03243 0.0044979 0.0101572 0.000813352 0.000683557 0.00650484 7.58464e-07 0.0447474 0.126509 0.0160281 0.0126455 1.84921e-06 0.0148686 0.0672667 0.0155024 0.0882039 
0.341879 2.21118e-06 0.000206929 0.00663006 0.0386309 0.0179608 0.00266126 0.0357564 0.00213207 0.0521605 1.00304e-05 0.00726478 0.000225747 0.00247572 0.0263595 7.67117e-06 0.030389 0.00499006 0.00702676 0.00062313 3.05293e-05 0.00417317 0.266971 0.149602 0.00183024 
0.533516 2.45281e-05 4.4115e-10 0.00867298 0.00513942 0.0167505 0.00043997 0.0171329 0.00195205 0.00145364 0.00311646 0.00039142 0.00824343 0.00022719 4.80045e-07 0.000806582 0.0150587 0.00156541 0.124308 0.0394045 1.33734e-05 0.0204996 0.196118 0.00451177 0.000652431 
0.390181 9.26289e-05 2.39946e-06 0.075374 0.0156874 0.0352876 0.000638693 0.0232709 0.00306312 0.0179828 0.00460728 0.0377307 0.00209135 0.00213233 0.000660142 5.60887e-06 0.0166623 0.00513909 0.0335455 0.0143124 6.68889e-07 0.0717845 0.231607 0.0168118 0.00132903 
0.451554 0.00650547 4.99484e-09 5.47202e-06 1.09315e-05 1.33665e-06 2.57431e-06 1.28307e-05 1.26663e-09 0.0334362 0.15231 8.09268e-10 1.03971e-09 4.12768e-09 3.04593e-09 0.00147748 0.0156351 1.59348e-06 0.0303576 9.91409e-10 0.0011244 7.02841e-10 0.307549 1.54448e-05 2.86223e-09 
0.574266 9.36594e-05 1.48535e-11 0.0167138 0.0146452 0.00995199 0.000259243 0.00707107 0.000360668 0.0306047 0.00421077 0.0101408 0.0154154 0.000895977 0.00453188 3.16477e-08 0.0368567 0.00356848 0.0140289 0.00108368 0.000532324 0.0102317 0.136796 0.107296 0.000444678 
0.959727 1.0173e-06 1.2351e-06 0.00672088 2.19814e-05 0.00292115 1.31614e-05 1.1e-05 4.54569e-06 9.22625e-05 2.32187e-05 0.000246559 2.63321e-05 0.000121314 0.000215663 1.64945e-06 0.0145234 8.81714e-07 0.000436232 0.000580469 9.91314e-07 0.000355294 0.00715591 0.00672414 7.33033e-05 
0.191879 0.0155068 0.00292916 0.014814 0.0535512 0.101669 0.00129245 0.051693 0.00149552 0.027775 0.00441885 0.000382216 0.144708 1.90528e-05 0.00321359 2.34616e-05 0.134021 0.00971184 0.0520634 0.00801142 0.000394646 0.0596304 0.0633129 0.0407814 0.0167017 
0.28712 8.40834e-05 3.70599e-09 0.0265233 0.0102417 0.0101161 0.000509108 0.0683122 8.0984e-05 0.00593513 0.00135875 0.000101104 0.0513594 2.23845e-05 0.00483223 4.82444e-06 0.16736 4.90253e-06 0.0542214 0.0284005 0.000105892 0.0461799 0.185377 0.0516229 0.000126651 
0.656922 3.15795e-07 2.25061e-08 0.00094168 0.026103 0.0877257 0.00051732 0.0302444 0.0100389 0.0214149 0.00428102 0.000480922 0.00495725 4.97451e-06 3.83498e-07 3.23464e-06 0.0211582 0.00779187 0.00104339 0.00327979 0.000783926 0.00214972 0.0575649 0.0611042 0.00148762 
0.589454 0.00010425 2.50618e-11 0.00595316 0.00091896 0.0534827 0.000180975 0.00115351 1.77769e-05 0.00104788 0.000921496 0.00300045 0.00224283 2.81037e-05 4.41183e-06 6.39206e-07 0.00454796 4.5155e-06 0.0262804 0.00168819 2.51163e-06 0.0311648 0.275034 0.00269309 7.31995e-05 
0.625027 7.53473e-06 9.51811e-07 0.00239941 0.0142355 0.00662238 0.000697277 0.042935 0.00249479 0.0103488 0.000533098 0.0221639 0.0806994 0.000476741 0.000232596 1.641e-05 0.0536496 0.000371727 0.0447083 0.00437542 3.70933e-06 0.0385568 0.0184003 0.0309988 4.4786e-05 
0.272728 7.75017e-08 3.04102e-05 0.0816123 0.155937 0.0100059 0.00100111 0.00550816 0.00504543 0.0261599 0.00175388 7.38004e-05 0.0127423 5.90297e-08 0.00251031 4.79901e-05 0.0835213 0.00277394 0.00869903 0.00726624 2.50871e-05 0.128498 0.0957573 0.0980076 0.000295861 
0.570335 5.24686e-10 6.37019e-10 0.0483081 0.00753571 1.8969e-06 9.85261e-07 0.000608163 0.00345747 6.70803e-07 7.3969e-05 1.04681e-05 7.62242e-05 7.10354e-07 0.0452692 0.000243373 0.00496467 6.19271e-06 0.0011294 2.26424e-06 3.25738e-06 0.00860651 0.0901468 0.218552 0.000666338 
0.708734 2.48274e-05 1.42312e-07 0.0397946 0.00397338 0.00658003 0.000118844 0.00316068 0.0200107 0.00297942 0.00129052 0.00056595 0.00238797 2.22206e-05 0.000227603 8.4303e-07 0.0264753 0.00284557 0.00369406 0.00526259 1.17142e-06 0.0239771 0.138028 0.00973748 0.000106803 
0.366028 7.8869e-05 1.06942e-05 0.0801602 0.0253484 0.0677508 0.000595342 0.00516643 0.00289273 0.0798042 0.00205826 0.00773066 0.0109428 0.000681825 0.000584724 6.21425e-06 0.0476502 0.0143871 0.0195826 0.0755592 0.000368365 0.0379984 0.121159 0.0329418 0.000513453 
0.203288 0.000346079 5.78682e-07 0.0184947 0.0934234 0.116719 0.00324229 0.0306227 0.0300168 0.0152512 0.0153617 0.00914501 0.0207376 0.00969537 0.000157204 2.31311e-06 0.0174578 0.0524305 0.0414441 0.138726 3.6914e-07 0.0814741 0.0806165 0.0105031 0.0108438 
0.574266 9.36594e-05 1.48535e-11 0.0167138 0.0146452 0.00995199 0.000259243 0.00707107 0.000360668 0.0306047 0.00421077 0.0101408 0.0154154 0.000895977 0.00453188 3.16477e-08 0.0368567 0.00356848 0.0140289 0.00108368 0.000532324 0.0102317 0.136796 0.107296 0.000444678 
0.631079 0.00167554 4.04283e-06 0.0125279 3.82496e-05 3.33812e-10 1.15661e-05 0.0049207 7.87916e-08 0.0135386 0.00250322 0.000111984 0.000948355 5.51315e-06 0.00622992 2.90839e-06 0.000505447 0.0847629 0.0602611 1.60579e-07 1.54281e-06 0.0223733 0.000630014 0.157865 3.13532e-06 
0.659921 2.04798e-12 2.48644e-12 0.0191642 0.00154658 0.00085572 5.68916e-05 0.00268022 0.000132452 0.000273223 0.000524669 2.62582e-05 0.000682826 9.04217e-06 0.0017302 1.7012e-06 0.0460159 0.000850378 0.00210759 0.000593968 4.00682e-07 0.00524384 0.255781 0.00172002 8.18149e-05 
0.928212 5.17546e-05 2.91606e-13 9.63541e-06 0.000289015 3.86536e-09 4.34278e-05 0.000424061 5.03263e-06 0.00195011 0.00655934 0.000141234 0.0153579 1.74994e-05 1.5117e-09 7.40309e-10 0.00747884 0.000926574 0.00171507 5.77646e-09 1.94841e-05 0.00316507 0.0294708 0.00415693 6.05278e-06 
0.389541 5.23931e-05 2.51391e-07 0.0186026 0.00800222 0.0627228 0.00185953 0.0189026 5.2234e-05 0.00946959 0.000484013 0.00738753 0.0149776 6.17728e-05 5.3214e-06 1.0403e-05 0.0512642 0.00965091 0.0240115 0.0384552 9.40909e-06 0.0841448 0.257347 0.00282791 0.000156495 
0.469152 0.000289616 5.42889e-10 0.127811 0.0230791 0.0126313 0.000641893 0.0165118 0.00168851 0.018464 0.00336541 2.63083e-05 0.0281941 0.00158214 0.0177019 3.52174e-05 0.0500565 0.0155462 0.00560322 0.00562299 1.24921e-05 0.0138882 0.157196 0.0304729 0.000426808 
0.577449 1.94228e-07 2.35812e-07 0.00678312 0.0516553 0.000279903 0.0022394 0.0141075 0.000180794 0.00355579 0.000516983 0.000464663 0.0025773 0.00180999 0.00270897 0.000455361 0.000594911 0.000493436 0.138484 0.001174 4.87555e-05 0.0182632 0.0638766 0.112276 4.67303e-06 
0.361544 0.000981886 1.28943e-11 0.180883 0.00726855 0.027951 0.000815889 0.00521136 0.000592643 0.00322504 0.00682846 0.0132581 0.0194461 0.000475155 0.00031874 2.89952e-05 0.00499571 0.00326278 0.0691207 0.0257932 0.000186476 0.0805568 0.183258 0.00388796 0.000109785 
0.472213 3.61743e-05 1.93174e-07 0.234882 0.0396545 0.0116173 0.000666769 0.084835 0.00205383 4.57514e-05 0.00208943 7.13735e-06 0.00117553 2.53388e-06 0.000100623 1.4413e-05 0.00158658 2.87388e-05 0.063234 0.055765 2.25469e-06 0.0179068 0.00941121 0.00261422 5.66856e-05 
0.230017 7.3839e-06 7.38109e-06 0.173795 7.39622e-06 0.0377249 7.39333e-06 0.0281087 7.39301e-06 7.39317e-06 7.39018e-06 0.0162752 0.13827 7.38387e-06 7.3873e-06 7.37573e-06 7.39467e-06 7.39544e-06 7.39454e-06 0.160454 7.38727e-06 7.3948e-06 0.167904 0.0473334 7.38792e-06 
0.418688 0.00327076 1.59606e-05 0.0518186 0.0329844 0.0329026 0.00145997 0.0402137 0.00349825 0.0588857 0.0046623 0.0088457 0.0185771 0.0037886 0.00354621 1.08975e-05 0.0207904 0.00471733 0.0203675 0.0106036 0.000742068 0.00841151 0.232586 0.0184728 0.000140709 
0.347494 1.59058e-05 3.39803e-08 0.0276882 0.0235196 0.0300343 0.00226027 0.0224112 0.00285462 0.0326374 0.0169503 0.00532907 0.0105707 0.00155503 0.00224785 1.56837e-05 0.182285 0.00811056 0.0270621 0.0440192 1.16637e-05 0.0327616 0.142206 0.0350972 0.0028616 
0.445008 1.6213e-06 1.66571e-09 0.0146916 0.00036351 0.00802715 0.000184209 0.00147627 8.25006e-07 0.00895714 0.000331242 4.55355e-05 0.00277596 6.1112e-07 1.80267e-06 2.22451e-09 0.0194498 4.31657e-06 0.00375424 0.374934 1.02062e-09 0.00942912 0.110533 1.71832e-05 1.24888e-05 
0.338957 2.67834e-06 5.40937e-12 0.00788888 0.00623093 0.173784 0.000213689 0.0404434 0.000219857 0.00176413 0.00291633 3.01281e-05 0.0126639 0.000609609 3.27114e-05 1.47511e-06 0.014959 0.00399461 0.130389 0.0230651 2.42899e-06 0.0241324 0.217158 0.00039452 0.000145902 
0.500975 2.0954e-05 2.98503e-07 0.0109851 0.0103119 8.11666e-08 0.000432793 0.00511591 0.00212564 0.000352484 2.41383e-06 2.71858e-05 1.64576e-05 0.319236 0.00103163 1.262e-07 0.00269978 0.000142102 0.0001203 0.00189011 9.15551e-08 0.0012117 0.0674717 0.074191 0.00163952 
0.335843 0.00402759 0.0553824 0.00792095 0.00390417 0.0291441 0.000678056 0.040779 0.000216482 0.316405 0.00373223 7.54459e-05 0.00791584 2.02391e-06 1.25355e-06 4.96212e-05 0.0139499 1.19039e-05 0.0294077 0.0200185 2.85942e-08 0.0264747 0.0758244 0.02682 0.00141637 
0.550082 1.46866e-07 5.85869e-05 0.0432023 0.0132049 0.00770477 0.000234074 0.0488054 0.016778 0.0198487 0.00165466 0.00413307 0.000185133 0.00722605 0.0616527 1.64829e-05 0.00139437 0.00385731 0.00719468 0.0490067 2.41996e-08 0.00345895 0.113197 0.0454171 0.00168711 
0.410738 3.208e-06 3.27986e-07 0.21754 0.0358018 0.00597686 0.00130064 0.0228963 0.00369101 0.0102559 0.000186876 0.000839492 0.00407127 0.000741197 0.000916654 1.87502e-06 0.0143089 0.0077756 0.00380709 0.068691 2.51366e-06 0.00772229 0.128844 0.0538429 4.41836e-05 
0.688188 0.000241547 1.73889e-09 0.000514659 0.00246128 0.0120493 0.0022148 0.00330243 0.000244677 0.00301011 0.0026538 0.000178686 0.013665 3.62375e-05 2.87961e-11 6.58923e-06 0.0419879 0.139652 0.00116756 0.0031617 7.49847e-07 0.0242008 0.0522399 0.00880746 1.44397e-05 
0.504966 8.09979e-05 6.62979e-06 0.0560107 0.0342517 0.0431948 0.000673763 0.0122498 0.00109174 0.0296833 0.00333288 0.00384063 0.00901099 0.00161267 0.00588016 9.76061e-07 0.0142121 0.00669047 0.0318378 0.0389449 1.56442e-06 0.00928537 0.174191 0.0185197 0.000428934 
0.826103 1.21174e-06 4.82831e-12 0.0105264 0.000102378 0.00324505 0.000298099 0.000505836 4.42486e-06 0.00093653 0.000629528 2.12221e-05 0.00241765 0.000309515 6.80136e-08 1.46509e-08 0.00611282 5.64023e-05 0.000823259 0.0121396 9.37785e-08 0.00572621 0.12954 0.000492055 8.74243e-06 
0.302719 0.00358408 8.40562e-06 0.00109236 0.0576245 0.00303334 9.54827e-05 0.0136307 5.5677e-05 0.120607 0.000705535 0.0068194 0.0273174 0.000646592 0.000380668 3.85569e-05 0.0817459 0.0090892 0.0742665 0.00462615 0.000126884 0.0330715 0.0826267 0.176013 7.66661e-05 
0.248607 4.67741e-06 2.00785e-09 0.118391 0.0971949 9.15488e-05 0.00253815 0.217781 0.00788869 2.30471e-05 0.0144178 0.16042 0.0001018 3.30373e-06 1.78847e-06 2.68143e-09 7.95694e-05 2.42956e-06 4.54029e-05 0.000176316 7.27007e-07 0.0501729 0.0537892 0.0282408 2.81862e-05 
0.742035 1.43176e-08 1.77583e-11 0.0255328 0.0315245 0.000992735 0.00348833 0.00539412 4.29604e-05 0.00100975 0.000504927 3.39652e-05 0.000339939 0.00362551 0.000404791 1.80448e-05 0.00937802 0.00201504 0.000435167 0.00386179 1.18854e-05 0.00754814 0.139256 0.0224036 0.000143755 
0.370299 0.00144238 1.39513e-10 0.0960974 0.0311375 2.11853e-07 0.00715386 0.00679454 0.0032348 0.00458757 3.89192e-07 7.92717e-06 0.00123547 1.15292e-10 5.84251e-07 5.15936e-08 0.013114 1.21066e-05 0.0032521 4.49456e-06 2.39877e-07 0.00162918 0.181022 0.278974 7.99465e-11 
0.571996 5.49194e-06 2.77154e-07 0.0217932 0.00216437 0.0263448 0.000157733 0.00772787 0.000481338 3.45757e-05 0.000553347 2.29093e-05 0.128912 1.31023e-05 0.000802104 2.09875e-05 0.0260291 0.00270792 0.01932 0.00820326 0.000185269 0.0802241 0.0987119 0.00329654 0.000291435 
0.558826 0.000120245 0.00019333 0.0113125 0.00412212 0.00530791 0.000720449 0.00335654 0.00201261 0.000625312 0.0122456 2.93826e-05 0.0389728 0.000803758 1.14422e-09 1.28873e-08 0.138909 0.000521084 0.0156843 0.0212828 1.22178e-06 0.156728 0.0257344 0.00233337 0.000156854 
0.295832 5.97741e-05 1.25391e-08 0.0126621 0.240576 0.0345337 0.00641183 0.00217692 0.000284731 0.160048 0.00222864 0.000250984 0.00710724 0.000220457 0.00744147 1.77195e-06 0.0279847 0.0451897 0.0205662 0.00476011 2.23502e-05 0.00909872 0.0710379 0.0492758 0.00222922 
0.737191 1.56728e-05 9.21912e-11 0.0148154 0.0147276 0.00298443 0.00157023 0.00958185 0.00156386 0.000937993 0.00340188 0.000102675 0.0271898 0.000129439 0.000652651 2.62158e-08 0.0251664 0.000197501 0.00312922 0.0149865 6.97851e-05 0.00637471 0.121126 0.0138304 0.00025431 
0.420494 7.81007e-08 1.65905e-11 0.0782789 0.0521558 0.0311411 0.00146563 0.000534998 7.25799e-05 0.00919229 0.00346017 0.0770498 0.000577183 0.00110654 0.000346103 1.76187e-06 0.0216472 0.0252817 0.0328803 0.0180921 1.48131e-09 0.00856988 0.21528 0.00177846 0.000593108 
0.369166 3.73364e-05 0.000117031 0.0776423 0.00781184 0.0931867 0.00373172 0.0257318 0.00168507 0.0203576 0.00824042 0.0196607 0.131252 0.000655751 3.11602e-05 1.4321e-05 0.0205792 0.00185465 0.0486855 0.0196571 0.000785757 0.029487 0.11444 0.00507492 0.000114224 
0.320825 0.000115247 2.64521e-07 0.0109949 0.0823667 0.045187 0.00767732 0.0289936 0.00311174 0.0208165 0.00440862 0.0031012 0.0241508 0.0509401 0.00106021 0.000254157 0.089619 0.0154463 0.00847593 0.0107752 8.80163e-05 0.0292174 0.227149 0.012677 0.00254888 
0.590916 8.80459e-07 1.60239e-08 0.0746036 0.0159792 0.00555574 0.00091845 0.0168604 0.00557973 0.00331038 0.00122698 0.000724599 0.0139449 0.00203422 0.00237396 6.12075e-05 0.0412155 0.00183049 0.00765307 0.0103418 1.4215e-07 0.0545755 0.137881 0.0123008 0.000111818 
0.276424 0.00221103 1.52978e-06 0.0622425 0.0471447 0.0654023 0.00880756 0.0474844 0.00481955 0.00341777 0.00722973 0.00619588 0.00777954 0.021813 0.00194327 9.94123e-05 0.0568285 0.00124605 0.00393698 0.0113744 0.00014624 0.103876 0.248047 0.0101734 0.00135546 
0.89069 9.24045e-06 1.12188e-05 0.0015149 0.000326688 0.00167592 2.60463e-06 0.0420432 0.000393133 0.00022088 2.60228e-05 3.43895e-05 0.000150514 9.27111e-06 0.000113358 1.49824e-05 0.000283327 4.80045e-05 0.00284476 0.000185387 3.31254e-05 0.000312749 0.0429543 0.0156505 0.000451514 
0.739959 0.000152999 3.51915e-12 0.0564011 0.0064435 0.00292819 0.000164958 0.00272688 0.000114546 0.0123001 0.00661016 0.00921814 0.00192672 5.33759e-05 0.00165831 1.89269e-07 0.00248084 0.00295829 0.00869459 0.0180207 1.53497e-05 0.00793009 0.0946282 0.0186111 0.00600235 
0.649854 1.8428e-05 4.05829e-09 0.0299792 0.0199045 0.0216629 0.000218739 0.0700374 0.00053185 0.00406384 0.00228928 0.00024294 0.00764735 3.95468e-05 7.77528e-05 3.50223e-05 0.0104185 0.120405 0.00605675 0.000435623 1.66512e-06 0.00811824 0.0444607 0.0028117 0.00068915 
0.537238 2.89451e-05 0.000203738 0.0624623 0.00503762 0.00974007 0.000614233 0.0226866 0.0498079 0.000569388 0.0032139 6.11503e-06 0.00985208 4.94902e-05 0.000181608 6.54325e-06 0.00848785 0.00321479 0.0128512 0.0393883 2.54621e-06 0.0323165 0.196218 0.00580809 1.42005e-05 
0.736601 0.000440022 1.00036e-09 2.17137e-05 9.90224e-05 0.00374541 2.93605e-05 0.000470223 2.84825e-07 0.199211 0.000445039 6.93091e-06 0.000733507 9.84801e-07 1.58002e-05 2.06562e-05 0.00672002 4.55885e-05 0.00202514 0.00010525 7.56376e-06 0.00178667 0.0449704 0.00249077 7.20074e-06 
0.467089 0.000100093 1.10759e-06 0.0705708 0.052409 0.00806846 0.001563 0.0197545 0.00319214 0.00162781 0.0170861 1.22462e-05 0.0105315 0.000615531 6.92286e-08 3.64924e-06 0.00197046 0.00122286 0.00107074 0.277224 1.88297e-07 0.0187348 0.0355524 0.0109127 0.000686754 
0.480522 0.00139002 1.01705e-09 0.0153742 0.0085988 0.0216895 0.000921455 0.00744599 0.000916996 0.00722884 0.000455788 0.0317183 0.0133181 0.000643695 2.50999e-07 3.77555e-05 0.153559 0.00168647 0.00370631 0.0204026 0.000318007 0.0783501 0.150306 0.00138221 2.77853e-05 
0.278358 0.000126046 0.000446932 0.0895406 0.0350659 0.0362054 0.000914327 0.0243137 0.021587 0.0279355 0.00233624 0.0107533 0.0102871 0.0018582 0.0193317 0.00107655 0.0145751 0.00223841 0.0302335 0.267753 2.90604e-05 0.0119704 0.0916874 0.0209934 0.000383059 
0.26321 7.954e-05 3.2008e-09 0.0354573 0.00999309 0.00458884 0.0011461 0.0140224 0.14411 0.0153758 0.00309396 0.0177538 0.0305487 0.00309461 0.00518171 3.00109e-05 0.137489 0.00102011 0.124435 0.0273269 6.28606e-05 0.00935607 0.0707606 0.0810409 0.0008228 
0.406888 0.00175786 0.00143641 0.0134193 0.0208002 0.00959968 0.000445273 0.0359559 0.0490418 0.0174568 0.00276056 0.00107727 0.0178178 0.00162074 6.01234e-05 0.000606862 0.0324444 0.00133121 0.211897 0.0189561 8.88919e-05 0.00935878 0.103429 0.0369906 0.00475937 
0.368359 0.000897349 1.37314e-06 0.0162214 0.0203154 0.0510105 0.000352262 0.0346348 0.00298869 0.0058461 0.000547523 3.18864e-05 0.0988012 7.93971e-05 6.38289e-09 3.5135e-05 0.036202 0.0133149 0.00735586 0.0101617 3.26529e-07 0.140617 0.164634 0.0275174 7.46041e-05 
0.430362 3.23093e-08 3.46793e-11 0.00441375 0.00148874 0.0913969 0.000747972 0.00875108 0.000130996 0.00178711 0.000143383 2.17454e-05 0.000664472 1.89401e-06 1.35264e-06 3.69322e-06 0.0175105 0.0001952 0.0148153 0.00229651 1.95778e-07 0.0555135 0.353812 0.015914 2.78361e-05 
0.6986 0.00052704 0.0213703 0.0952742 0.00412607 0.00381419 4.39787e-05 0.00867638 0.00335934 0.00572407 0.000229265 5.10728e-06 0.00375307 1.51822e-06 6.12695e-05 2.87225e-05 0.0074812 0.000968576 0.00396516 0.0242413 0.000223921 0.0192161 0.0897812 0.00848166 4.63437e-05 
0.444124 0.0136932 5.54973e-09 0.0014206 0.0184968 0.0237991 0.00130257 0.163289 0.000390018 0.00473009 0.0020561 0.000270888 0.0288541 3.47742e-06 2.00605e-08 0.000258815 0.0699732 0.0219232 0.00828933 0.00141081 0.003586 0.0103218 0.169121 0.0126517 3.43208e-05 
0.785027 1.87891e-05 4.50315e-08 0.0137117 0.0074211 0.00630396 0.000536125 0.0016713 0.00350968 0.00171727 0.000121953 0.000504657 0.000921247 0.000751387 0.000129104 2.74884e-05 0.0173385 0.030911 0.0110706 0.00395883 3.29527e-05 0.00764187 0.102186 0.0044659 2.17995e-05 
0.830826 2.92659e-08 2.85805e-11 0.00249841 0.00782995 0.00127788 0.000367188 0.00255678 0.000351103 0.00171918 0.000656081 8.36102e-07 0.00128804 0.0011999 1.4373e-09 3.81686e-11 0.007761 0.000313925 0.00832856 0.0718545 3.82527e-07 0.00613939 0.0539651 0.0009737 9.25556e-05 
0.28029 0.000408559 0.000340792 0.147311 0.0248791 0.0396176 0.00218289 0.032927 0.00629881 0.00665556 0.0102298 0.00219561 0.124203 0.000448537 0.00536439 2.89074e-05 0.0390026 0.00602051 0.0202145 0.0261921 6.69299e-05 0.0181842 0.185831 0.0185345 0.00257212 
0.661944 4.75591e-07 1.4984e-11 0.00495223 0.00147409 0.00158911 1.13183e-05 0.000980218 3.34088e-05 0.00224834 1.28195e-07 1.15318e-05 9.64605e-05 2.60698e-08 1.82688e-07 2.00108e-11 0.0087787 0.000505608 0.002082 0.00152638 5.42827e-09 0.00412258 0.309336 0.00027764 2.94693e-05 
0.32765 0.000121862 3.82746e-08 0.018651 0.0484951 0.17623 0.00597738 0.0219143 0.1194 0.00586768 0.00246698 0.0102102 0.000252105 0.00241512 5.70011e-05 1.34651e-06 0.0303454 2.6919e-05 0.0258987 0.000966138 1.04715e-06 0.101511 0.0820594 0.0192029 0.000278628 
0.584135 1.63198e-09 1.98139e-09 0.000808105 5.83606e-07 0.00685544 3.90614e-08 8.53502e-05 8.01436e-08 0.00518997 8.50092e-10 3.21026e-10 4.12441e-10 1.6374e-09 3.67574e-06 1.66756e-06 0.00647873 7.78208e-08 3.10036e-10 5.61422e-07 4.68026e-07 0.00120747 0.395227 4.56884e-06 1.11242e-06 
0.523196 6.1737e-06 5.67336e-05 0.0338445 0.0152277 0.0221079 0.00632813 0.0275505 0.0277527 0.00413554 0.00449163 4.27175e-05 0.00152648 0.00266434 0.00475137 1.44669e-05 0.0132058 0.0276916 0.020668 0.0279502 8.82467e-07 0.0313329 0.179522 0.0256152 0.000316809 
0.424737 0.000274578 0.000966474 0.171808 0.0259286 0.0254553 0.00268814 0.0230868 0.00507184 0.0173726 0.00659284 0.00519001 0.00809358 0.00741927 0.00392873 2.51017e-06 0.0136105 0.00267114 0.00494777 0.045231 1.47992e-06 0.0215369 0.148406 0.0339978 0.000981449 
0.275252 3.91388e-12 4.75183e-12 0.0046809 0.0543169 0.0583066 0.00133322 0.0169355 0.0266807 0.0326538 0.0270061 0.00297124 0.00317857 0.00720855 0.00338441 1.35126e-08 0.274247 0.0052569 0.0436061 0.0132664 1.02891e-06 0.00504654 0.13588 0.00804218 0.000745361 
0.661944 4.75591e-07 1.4984e-11 0.00495223 0.00147409 0.00158911 1.13183e-05 0.000980218 3.34088e-05 0.00224834 1.28195e-07 1.15318e-05 9.64605e-05 2.60698e-08 1.82688e-07 2.00108e-11 0.0087787 0.000505608 0.002082 0.00152638 5.42827e-09 0.00412258 0.309336 0.00027764 2.94693e-05 
0.436465 0.000893554 1.06911e-06 0.0896061 0.0173388 0.0191161 0.000869538 0.0364965 0.00346335 0.0918796 0.000765768 1.68579e-05 0.00914091 4.01842e-05 0.00069719 2.54874e-06 0.0151294 0.00115555 0.000609703 0.021839 2.27612e-07 0.0344559 0.188257 0.031499 0.000260667 
0.289095 5.9804e-05 3.42002e-08 0.213495 0.0479708 0.0487952 0.000497839 0.0295349 0.0121136 0.0144938 0.00609086 0.0134369 0.0339214 0.00105241 0.00447574 2.09558e-06 0.0202242 0.0184845 0.0136915 0.0254945 2.61053e-07 0.0186201 0.17353 0.00785077 0.00706853 
0.500975 2.0954e-05 2.98503e-07 0.0109851 0.0103119 8.11666e-08 0.000432793 0.00511591 0.00212564 0.000352484 2.41383e-06 2.71858e-05 1.64576e-05 0.319236 0.00103163 1.262e-07 0.00269978 0.000142102 0.0001203 0.00189011 9.15551e-08 0.0012117 0.0674717 0.074191 0.00163952 
0.288153 7.33923e-06 4.79435e-09 0.252477 0.0126892 0.0677379 0.00312898 0.0545897 0.000524471 0.000229502 0.00147767 0.00101247 0.0116302 6.26277e-07 0.000506535 3.16704e-05 0.0726645 0.00100727 0.00642982 0.0152035 1.09418e-07 0.0166144 0.190216 0.00363185 3.61977e-05 
0.327867 9.58679e-05 2.40546e-05 0.0127022 0.164679 0.0725843 0.00562849 0.00798061 0.000335995 0.126521 0.00175702 0.000262122 0.00952077 0.000177176 0.00155371 5.52497e-06 0.0305916 0.0323594 0.0133862 0.0295797 4.22476e-06 0.0139409 0.102915 0.0437727 0.00175524 
0.420494 7.81007e-08 1.65905e-11 0.0782789 0.0521558 0.0311411 0.00146563 0.000534998 7.25799e-05 0.00919229 0.00346017 0.0770498 0.000577183 0.00110654 0.000346103 1.76187e-06 0.0216472 0.0252817 0.0328803 0.0180921 1.48131e-09 0.00856988 0.21528 0.00177846 0.000593108 
0.596079 1.23433e-05 1.38457e-11 0.0146642 0.010688 0.0137707 0.00118596 0.00731105 0.0501786 0.0161551 0.00203936 3.75434e-05 0.00632667 8.45213e-05 0.000252226 2.56772e-06 0.0253138 0.0326429 0.00591365 0.0177378 3.5508e-07 0.0263386 0.170175 0.00219911 0.000890483 
0.252278 0.00032482 3.89458e-10 0.181828 0.0259605 0.0494576 0.000398201 0.0181527 0.000963978 0.172695 0.00254443 0.0342447 0.0249234 0.00121483 0.00461043 9.38071e-07 0.00730685 0.000609377 0.0194418 0.0606734 3.15812e-05 0.0198755 0.0281764 0.0941895 9.77228e-05 
0.603612 6.36132e-09 1.27982e-11 0.0371814 0.00146561 0.0323202 2.36885e-05 0.0019543 0.000176784 0.00122233 7.66777e-05 1.7691e-05 0.000126171 1.61877e-06 0.000162439 1.18499e-06 0.0109635 6.76909e-05 0.00188521 0.000558869 1.3729e-07 0.0336989 0.271494 0.00270348 0.000285958 
0.569784 2.01587e-05 2.85725e-05 0.0177936 0.0104654 0.0304772 0.000608132 0.0214494 0.00489111 0.00132571 0.00919385 6.08714e-05 0.0172129 0.000249743 0.00392084 1.26006e-06 0.0695319 0.000479552 0.00523396 0.0417993 2.35856e-07 0.0392657 0.123866 0.0282994 0.0040413 
0.2951 7.66356e-07 1.16755e-09 0.118928 0.0262817 0.0287811 0.00137416 0.0152956 0.0546113 0.286366 0.00552908 4.91577e-05 0.00280538 0.000354127 0.000194039 1.55924e-09 0.00504295 0.0228478 0.012448 0.0481346 5.74993e-08 0.00924544 0.0396344 0.0266057 0.000370916 
0.47273 0.00389575 6.50451e-05 0.0485859 0.0796478 0.0410894 0.000991681 0.00166255 0.000840989 0.00642463 0.000271417 3.4469e-06 0.00448475 7.88511e-07 0.00336298 8.74685e-07 0.0151656 0.00032203 0.0144776 0.201374 7.36203e-07 0.0208793 0.0586075 0.0248795 0.000235351 
0.402054 0.000187374 3.46175e-06 0.249926 0.0268789 0.0314408 0.000961207 0.0271187 0.0350532 0.00627422 0.000516363 4.60377e-05 0.00195002 7.74077e-05 0.0130353 1.33804e-06 0.00268827 0.000764216 0.00857162 0.0159265 4.28943e-06 0.0205919 0.126535 0.0291716 0.000221723 
0.695653 2.0672e-05 5.4957e-09 0.0767332 0.00414089 0.0136335 0.00016911 0.00184567 0.0013727 0.00226436 0.000534781 9.42749e-06 6.33871e-05 0.000611102 1.0532e-05 5.55027e-06 0.00250428 0.00562304 0.00212483 0.00310709 6.18343e-07 0.0353584 0.153436 0.000702734 7.44531e-05 
0.366973 0.0396961 2.18942e-08 6.07903e-05 0.00313725 0.0269181 0.00111726 0.011214 4.13621e-06 0.0465804 0.0647706 0.00102964 0.265081 6.52184e-06 7.33531e-09 8.79751e-05 0.0524296 0.00661518 0.00573057 0.00167299 0.000463155 0.0113117 0.0274835 0.0674908 0.000125722 
0.781514 1.41661e-05 2.01875e-08 0.000129946 0.00139648 0.0164261 6.64606e-06 0.00207572 1.25757e-08 0.0183365 0.00216062 6.64534e-05 0.000566264 0.0051689 3.45358e-07 1.34235e-06 0.000301722 0.0152649 0.147284 0.00129498 7.75715e-07 0.000335734 0.00677475 0.000877998 1.64477e-06 
0.652694 0.000250783 0.00110445 0.0327284 0.00725449 0.0425162 0.000272476 0.00477505 0.00129343 0.00404061 0.000396611 5.53187e-05 0.000596901 0.000375434 0.00167878 5.1113e-05 0.00908425 6.10101e-05 0.00204677 0.0163712 1.05953e-05 0.00491351 0.199304 0.0179526 0.000172466 
0.413474 3.15921e-05 1.06522e-10 0.0995989 0.0308818 0.0469897 0.00012728 0.0863382 0.000831136 0.00285576 0.00794058 0.0134549 0.0191895 8.51037e-05 0.000324026 2.86806e-07 0.0382397 0.0855433 0.00426777 0.0091608 4.56633e-06 0.0440413 0.0883236 0.00609049 0.00220536 
0.540757 0.000121876 1.73869e-11 0.0229421 0.000364975 0.0361825 2.78937e-05 0.000599559 4.48442e-05 0.000636262 0.000484764 0.000157093 0.00617595 1.62589e-05 4.88233e-09 2.30466e-08 0.00193659 8.5307e-06 0.0161151 0.0038176 2.73793e-08 0.0142648 0.355276 6.45886e-05 6.03933e-06 
0.971701 0.000246245 4.67406e-06 0.00451779 0.000922434 3.55434e-05 4.97245e-05 9.25635e-05 0.0007227 1.70808e-05 2.39304e-05 9.63388e-06 4.46908e-05 2.76786e-05 2.72935e-05 7.81641e-06 0.000698273 0.000208557 0.000411455 1.91788e-05 1.33782e-05 0.00331814 0.0157084 0.00113738 3.48625e-05 
0.674943 4.93378e-09 1.44174e-11 0.0257949 0.0012706 0.0100416 7.5169e-05 0.00248896 5.08788e-05 0.00140356 6.13617e-08 2.69119e-06 0.000921328 0.000216284 0.000191297 5.82045e-08 0.00351054 0.000604601 0.00136818 0.011386 2.05149e-07 0.00148931 0.262798 7.26378e-05 0.0013698 
0.268294 0.000830274 1.19061e-10 3.83688e-07 0.168529 2.46436e-07 7.3807e-07 0.0333719 3.56301e-07 3.23369e-07 2.35028e-07 1.75562e-07 2.82557e-07 9.8391e-11 7.26055e-11 9.5561e-08 0.116807 5.30052e-07 0.011839 6.19183e-07 4.45079e-07 0.00421819 0.135114 0.260993 6.82266e-11 
0.364396 0.000162645 1.02937e-05 0.0190689 0.105037 0.0180378 0.000765913 0.00753479 0.00197679 0.0174019 0.00157045 0.023321 0.0220824 0.0010862 0.000327868 0.000524838 0.0329163 0.0326504 0.0522348 0.0315299 1.90804e-05 0.0357616 0.0708272 0.160661 9.42749e-05 
0.383702 0.0487394 2.51506e-09 0.0342352 0.0969684 0.0186979 0.00679069 0.00796272 0.00232348 0.0113047 0.0619522 0.000118379 0.000490629 2.66298e-05 0.000296598 4.18061e-05 0.00872411 0.0157722 0.00111117 0.00269298 1.00985e-05 0.0156812 0.251313 0.0296809 0.00136385 
0.471446 0.000320463 8.88971e-09 0.0548026 0.00778293 0.0956795 0.00123489 0.0104893 0.00188802 0.170896 0.001978 0.00102826 0.00154675 0.00332639 0.00163837 2.53315e-05 0.0364258 0.00907461 0.0167215 0.0273014 9.43342e-06 0.0232322 0.0439474 0.0191915 1.23629e-05 
0.739063 4.29842e-08 1.1447e-11 0.114615 8.58835e-05 0.00798522 7.15671e-07 0.00127187 1.80947e-06 0.00133403 0.000264707 0.00159228 0.00707485 0.000116376 0.00019732 2.82132e-09 0.00767409 6.38047e-06 0.00110697 0.0127863 6.829e-08 0.00601244 0.0961268 0.00259669 8.77874e-05 
0.291335 0.000950209 3.07177e-06 0.138785 0.089154 0.0183517 0.00220568 0.0536026 0.00312565 0.0111992 0.00666338 0.000477277 0.0325612 0.000481172 0.00312329 5.70716e-05 0.0378581 0.00130195 0.00880222 0.166736 0.000761376 0.0457469 0.0733364 0.0133305 5.06564e-05 
0.545832 0.0015951 2.60505e-06 0.100501 0.0192676 0.0170945 0.00760388 0.0110157 0.000972109 0.00360396 0.00456841 0.00273836 0.0122128 0.0031735 0.037813 1.14691e-05 0.0200655 0.00310664 0.0185428 0.0116458 0.00291097 0.0105072 0.153915 0.0105798 0.000720057 
0.256649 1.24511e-05 0.00128886 0.00338177 0.169337 0.012715 0.00122281 0.0186751 0.0043594 0.0306606 0.00270441 0.000247643 0.00490559 0.00141001 0.000513638 0.00651914 0.0428148 0.0183757 0.110123 0.0882204 2.29994e-05 0.00784784 0.0895453 0.00730696 0.12114 
0.454014 4.67044e-05 2.0025e-08 0.00204312 0.088564 0.00618942 0.00143962 0.0196211 5.77141e-05 0.023091 0.000864036 0.000395235 0.00484917 0.00181205 0.00175344 1.98603e-05 0.0429434 0.00329849 0.0090566 0.241438 0.00409697 0.00649245 0.0740895 0.0137236 9.97532e-05 
0.443366 0.000728605 1.23395e-05 0.031103 0.0170232 0.0330889 0.00239124 0.0204752 0.00903972 0.0280251 0.00275191 0.00581296 0.00996705 0.000636003 0.000931861 1.15005e-05 0.0444744 0.0105163 0.0131003 0.0117525 0.000114607 0.0384334 0.260436 0.015301 0.000506438 
0.371835 0.00108981 2.00993e-07 0.00211041 0.0352737 0.0087014 0.000506784 0.0390348 0.00251479 0.0378354 0.0027354 0.000472984 0.0432034 0.000126781 0.00190229 0.000124966 0.0854608 0.00811837 0.00169268 0.000328932 0.000415285 0.00892414 0.10671 0.240568 0.000312707 
0.594752 7.73158e-06 3.99181e-08 0.0656069 0.00390974 0.0234206 9.32014e-06 0.0304389 0.000175755 6.85871e-05 0.000856332 4.93112e-07 0.00322035 2.0269e-05 9.10695e-05 1.2487e-06 0.00124275 0.00934725 0.00482494 0.00933838 6.51098e-07 0.0561309 0.194895 0.00164005 9.32894e-09 
0.258161 8.3762e-05 1.40426e-10 0.0771425 0.0177234 0.0946103 0.00169796 0.00919372 0.000833267 0.0696481 0.0269451 0.100961 0.00259681 0.008041 0.0277916 4.18549e-07 0.0845481 0.000576845 0.0240043 0.0117046 1.6644e-07 0.0329765 0.143137 0.00673626 0.000886525 
0.331521 6.08665e-05 3.13055e-11 0.254538 0.0572492 0.0162946 0.000139906 0.0114482 0.000729403 0.00292823 0.000589307 0.000189546 3.38779e-05 0.000789342 0.0571741 4.29226e-08 0.000412605 0.00940876 0.00252237 0.0470958 2.38049e-06 0.012063 0.0940326 0.0910358 0.00974151 
0.30239 0.000113846 0.000149788 0.191713 0.011272 0.0105609 0.00030171 0.0155218 0.00807038 0.0820951 0.00294174 0.0302775 0.00882303 0.00110831 0.00677014 1.01702e-06 0.0121358 6.98146e-05 0.00445755 0.125009 1.24009e-05 0.0238197 0.146311 0.015559 0.000514803 
0.566322 4.9813e-06 1.60549e-07 0.0145958 2.95065e-05 0.00226359 3.14139e-05 0.0124456 4.5691e-06 0.000253985 0.0058567 6.95643e-07 0.000255612 0.000317121 4.89905e-06 5.18656e-08 0.00272101 0.00123728 0.00272397 0.0285017 6.53283e-08 0.00111255 0.361293 3.24736e-06 2.01822e-05 
0.398523 0.000205864 1.29888e-07 0.0997773 0.0366875 0.0407237 0.000979433 0.00882915 0.000739904 0.00859831 0.00186155 7.86091e-05 0.0225642 0.000205314 0.00314804 1.04581e-05 0.00380495 0.0055884 0.0272445 0.00909583 5.33412e-05 0.0245257 0.277035 0.0171005 0.012619 
0.366424 1.39167e-05 2.43074e-11 0.0626761 0.0229133 0.00441797 0.00490958 0.00915434 0.00746503 0.00196295 0.00113384 1.86472e-05 0.00175253 0.000519651 0.00259448 2.68861e-05 0.0548634 0.00723951 0.00286868 0.020965 7.72659e-07 0.282561 0.129121 0.015868 0.00052995 
0.340517 1.63763e-05 3.74766e-05 0.144704 0.0379728 0.0149882 0.00822132 0.0274676 0.00975796 0.0130467 0.00716102 0.009756 0.00443266 0.00093205 0.0033798 3.37351e-05 0.0221641 0.0120733 0.123321 0.0245634 1.3344e-05 0.0161972 0.152421 0.025129 0.00169392 
0.183378 0.00647824 2.08629e-09 0.0687341 0.112929 0.0762493 0.000478667 0.180613 0.0537436 0.00147254 0.00410236 4.01579e-06 0.000354167 1.05855e-05 0.0490344 8.07608e-05 0.0025158 0.000460383 0.0124548 0.00560247 0.00475227 0.11868 0.0450262 0.0716469 0.00119867 
0.387606 0.000860176 7.98625e-10 0.0185708 0.126345 0.0178436 0.00183474 0.0281959 0.000259547 0.0453892 2.42642e-07 0.0592176 0.00930406 7.79726e-06 0.000540605 0.000862195 0.018879 0.00188884 0.0443219 0.00700565 9.91836e-05 0.00592678 0.107512 0.11752 9.33918e-06 
0.242599 1.86797e-05 9.42662e-06 0.0297919 0.0813035 0.00591603 0.000577372 0.136248 0.00223673 0.0290116 0.0134031 6.69048e-05 0.0648589 9.58074e-05 0.00872818 2.30994e-05 0.0782796 0.0194332 0.00200011 0.011742 8.08161e-06 0.0133224 0.148729 0.111532 6.51642e-05 
0.472762 0.00293032 2.82184e-05 0.0544019 0.103705 0.0248872 0.00152552 0.0348547 0.00240598 0.00385081 4.26582e-06 6.49083e-06 0.0335507 2.55976e-07 0.000433858 1.66111e-08 0.0627958 0.000110424 0.000534144 0.0307682 0.000148895 0.00687085 0.0788848 0.0843228 0.000216696 
0.392785 0.0016643 5.75234e-10 0.00492148 0.010746 0.0126939 0.000111454 0.00289666 0.000112857 0.190647 0.00152737 0.0598569 0.00656251 3.89642e-06 1.7111e-06 5.55799e-07 0.0360525 4.83425e-05 0.0110976 0.0555016 5.41489e-07 0.0075375 0.0408109 0.164419 3.87693e-07 
0.272871 1.00429e-06 4.78958e-09 0.0030623 0.103408 0.0256483 0.00060426 0.00385232 0.00189514 0.0171085 4.25409e-05 0.00015159 2.47024e-06 5.85609e-07 0.0127286 5.77281e-06 0.0254119 0.19361 0.0585199 0.0189922 1.23899e-07 0.00463302 0.255476 0.00139412 0.000579363 
0.316397 6.7383e-05 1.16645e-05 0.0531723 0.052133 0.0217175 0.00117636 0.125691 0.0017774 0.0298498 0.00480037 0.00654741 0.00474027 0.00581938 0.0184586 4.71561e-06 0.0252472 0.00168755 0.102424 0.0240339 3.06628e-05 0.00901539 0.0404925 0.154272 0.000433504 
0.459735 0.000566805 3.77192e-06 0.00943039 0.00199137 0.00885004 0.0247658 0.0178483 0.00172079 0.0301769 0.000212145 0.0671613 0.001092 1.79174e-05 3.90958e-07 0.000394449 0.00303782 0.00335272 0.0069948 0.034771 1.2526e-08 0.00734519 0.101796 0.218735 8.0488e-08 
0.832996 0.000129972 5.34157e-07 0.000497255 0.000817042 7.27452e-09 7.21924e-05 0.00129257 1.67958e-06 0.00537618 0.0310309 9.15443e-05 0.0568815 3.59267e-05 2.84527e-09 1.51903e-09 0.0293612 0.000308929 0.00455142 0.0040059 6.50267e-06 0.00967884 0.0191121 0.00374948 2.0209e-06 
0.233494 0.0246443 0.0026526 0.0155442 0.0148293 0.0890962 0.0302008 0.0262438 0.00214831 0.0118435 0.040827 0.0091328 0.0616658 0.00606872 4.26727e-06 1.62063e-06 0.0416851 0.000573524 0.0265135 0.150855 2.62461e-05 0.182029 0.0284273 0.00146458 2.85318e-05 
0.325437 0.00027683 4.16722e-09 0.000982605 0.00611731 0.00790043 0.00986331 0.00704043 0.000292172 0.0535793 0.000990373 0.0265219 0.00219222 0.00215145 4.36616e-05 9.91502e-05 0.211804 0.00276544 0.147716 0.0130941 0.0837193 0.0101053 0.0523077 0.0348973 0.000103511 
0.500975 2.0954e-05 2.98503e-07 0.0109851 0.0103119 8.11666e-08 0.000432793 0.00511591 0.00212564 0.000352484 2.41383e-06 2.71858e-05 1.64576e-05 0.319236 0.00103163 1.262e-07 0.00269978 0.000142102 0.0001203 0.00189011 9.15551e-08 0.0012117 0.0674717 0.074191 0.00163952 
0.471472 2.46978e-07 2.63473e-10 0.0351832 0.00888027 0.00495558 0.00049271 0.00689367 0.000635588 0.00377213 1.81369e-06 6.79986e-08 0.00031068 0.000152096 1.6067e-10 3.43121e-06 0.00871867 0.00671536 0.0121891 0.00478147 1.61437e-10 0.0316592 0.401526 0.00159391 6.33372e-05 
0.780366 4.21546e-08 3.09246e-10 0.0754591 0.000324734 0.0079201 1.4401e-05 0.000278033 2.77122e-05 6.4721e-05 0.000190243 2.76175e-06 0.00289641 2.4988e-05 3.02038e-06 1.31321e-06 0.00399964 2.23829e-06 0.00815439 0.0121558 6.8561e-08 0.0228179 0.0851104 0.00011897 6.70411e-05 
0.812613 3.08296e-05 1.6121e-10 3.00818e-05 0.000314566 0.00052063 2.93599e-06 0.000485548 3.49919e-07 0.103951 0.000589255 9.48166e-06 0.00102456 1.21496e-06 2.11351e-05 0.000111371 0.00903196 6.22448e-05 0.0033919 6.57406e-08 1.02766e-05 0.00120338 0.0634718 0.00311266 9.72201e-06 
0.415072 7.18361e-05 4.9155e-10 0.0744868 0.00890179 0.000475153 0.0182815 0.167818 1.75266e-07 1.1919e-10 0.000228632 6.40382e-06 0.00408626 1.5426e-08 0.130331 6.35386e-06 0.00821342 6.20829e-08 0.00554161 0.00122742 0.000122539 0.00809748 0.0827015 0.0743293 2.81677e-10 
0.275252 3.91388e-12 4.75183e-12 0.0046809 0.0543169 0.0583066 0.00133322 0.0169355 0.0266807 0.0326538 0.0270061 0.00297124 0.00317857 0.00720855 0.00338441 1.35126e-08 0.274247 0.0052569 0.0436061 0.0132664 1.02891e-06 0.00504654 0.13588 0.00804218 0.000745361 
0.485871 0.0016203 5.16801e-08 0.0896638 0.0190795 0.00479763 0.000598168 0.0139736 0.000306993 0.00185271 0.159197 0.000719511 0.03509 1.96012e-05 0.0406107 1.65088e-05 0.0309023 0.000412315 0.00236082 0.0223816 4.50798e-05 0.0120037 0.0311062 0.0422451 0.00512568 
0.240079 0.00175902 4.31919e-09 0.0468346 0.0414398 0.0307744 0.00121174 0.131505 0.00257708 0.00726306 0.00796449 0.000100148 0.0284646 0.000806423 0.00165959 2.31781e-08 0.0750278 0.0136278 0.00695956 0.0119827 4.65932e-05 0.118473 0.191295 0.0194826 0.020666 
0.459735 0.000566805 3.77192e-06 0.00943039 0.00199137 0.00885004 0.0247658 0.0178483 0.00172079 0.0301769 0.000212145 0.0671613 0.001092 1.79174e-05 3.90958e-07 0.000394449 0.00303782 0.00335272 0.0069948 0.034771 1.2526e-08 0.00734519 0.101796 0.218735 8.0488e-08 
0.355354 9.94765e-05 7.94353e-07 0.125788 0.0272209 0.0799412 0.000841113 0.0179526 0.00317776 0.0016098 0.0197954 0.0456332 0.0324296 0.041005 0.00070877 7.49555e-06 0.00292336 0.00103 0.00981382 0.0282824 9.87533e-06 0.0938652 0.0863981 0.00230865 0.0238037 
0.754675 0.000454955 1.16957e-10 0.00567766 0.00422144 0.00284481 0.000890727 0.00696938 0.000238252 0.028808 0.00617108 2.59051e-05 0.0378115 0.000347829 0.0376595 2.17254e-05 0.0319285 0.000658399 0.00780164 0.00603788 2.03019e-05 0.0114151 0.03785 0.017454 1.69654e-05 
0.656922 3.15795e-07 2.25061e-08 0.00094168 0.026103 0.0877257 0.00051732 0.0302444 0.0100389 0.0214149 0.00428102 0.000480922 0.00495725 4.97451e-06 3.83498e-07 3.23464e-06 0.0211582 0.00779187 0.00104339 0.00327979 0.000783926 0.00214972 0.0575649 0.0611042 0.00148762 
0.566624 3.22807e-05 2.31197e-11 0.144629 0.00548314 0.00354021 0.000101882 0.00469972 0.00382253 0.00529387 0.00122336 2.9071e-05 0.00116723 4.58795e-08 0.00276488 0.000118416 0.000600322 0.000363728 0.00315634 0.00254288 1.41661e-11 0.0140926 0.223436 0.0161544 0.000124225 
0.433639 0.000194343 5.74988e-08 0.0127609 0.0211712 0.00720271 0.00382206 0.0212529 0.016148 0.0780709 0.00295007 0.0137508 0.00193584 0.000719935 0.000485153 1.23532e-05 0.0571297 0.0225101 0.2055 0.00875723 9.43182e-06 0.00891872 0.0663426 0.0137168 0.00299933 
0.335327 0.000137529 0.0379551 0.0615667 0.00142928 0.0144345 4.99769e-05 0.00401287 1.09372e-08 0.249332 0.0166641 6.0833e-05 0.120706 8.9036e-06 9.47305e-12 1.24458e-05 0.0236206 0.000371031 0.00436087 0.0624572 1.7791e-09 0.0236918 0.0421431 0.00163867 1.9341e-05 
0.507104 5.93924e-12 7.21082e-12 0.0278954 0.0564944 0.0192251 0.000245537 0.00496882 0.000370594 0.0714956 2.35652e-05 0.00234133 0.0205068 0.00626317 5.13588e-06 9.85386e-07 0.0111367 3.73676e-05 0.0459795 0.137495 1.00385e-06 0.00193727 0.0808265 0.00561672 2.8998e-05 
0.218287 0.00012301 3.97436e-10 0.045831 0.0675091 0.0106162 0.00184378 0.0293745 0.00653476 0.184616 0.000200947 0.124147 0.00831764 0.00204993 0.000180743 3.21803e-08 0.0043944 0.000485115 0.143015 0.0564044 3.6137e-08 0.0122381 0.0410712 0.0427559 4.46321e-06 
0.56977 0.000191189 6.7923e-12 0.0181373 0.0158849 0.0276859 0.000326088 0.00970761 0.000578435 0.0180256 0.00131253 0.0037911 0.00914945 0.000287951 4.14206e-12 2.97071e-09 0.00607434 0.00750423 0.0117952 0.00777027 3.29395e-09 0.00749733 0.284312 0.000197704 8.78329e-07 
0.402343 7.94635e-07 5.02332e-12 0.037852 0.00235591 0.0047243 0.000281205 0.0133477 0.00012808 0.000613314 0.00176446 4.89061e-06 0.0293158 6.43253e-09 9.25528e-06 0.000203566 0.11194 0.000137808 0.00376871 0.00180027 0.0020301 0.139816 0.240302 0.00713659 0.000123917 
