0.34657 0.000565714 6.54467e-08 0.0408469 0.0316706 0.0200148 0.000187129 0.0391967 0.00446572 0.0671975 0.0319755 0.000137398 0.0356656 0.00335473 0.000276533 8.98266e-06 0.00925569 0.0257196 0.0151209 0.0315094 2.75319e-05 0.211888 0.00483542 0.0791636 0.000345588 
0.631079 0.00167554 4.04283e-06 0.0125279 3.82496e-05 3.33812e-10 1.15661e-05 0.0049207 7.87916e-08 0.0135386 0.00250322 0.000111984 0.000948355 5.51315e-06 0.00622992 2.90839e-06 0.000505447 0.0847629 0.0602611 1.60579e-07 1.54281e-06 0.0223733 0.000630014 0.157865 3.13532e-06 
0.273944 0.000695949 3.68585e-06 0.0289664 0.0329099 0.0154 0.00211834 0.0865322 0.00493548 0.00260575 0.00354028 2.98037e-05 0.0785017 5.67686e-05 0.00044394 9.60599e-08 0.136134 0.00698824 0.00962516 0.00915308 0.000478434 0.14819 0.0798714 0.0788375 3.79324e-05 
0.426381 0.000245824 0.000108884 0.0208301 0.014219 0.00523662 0.00105365 0.00941393 0.027633 0.0436526 0.00297411 0.000380707 0.00693837 0.000174059 0.00090174 1.72021e-05 0.0434248 0.00932349 0.00599991 0.00481342 0.000699105 0.00514687 0.240253 0.129693 0.000485089 
0.222598 0.000126729 0.00100121 0.0981239 0.10945 0.0490789 0.0400548 0.0446811 0.00666379 0.0323598 0.00835933 0.00104986 0.0042348 0.0193039 0.00137577 4.57891e-05 0.0166274 0.00720289 0.0321535 0.0902214 3.50549e-05 0.0289584 0.159859 0.0261184 0.000315981 
0.390181 9.26289e-05 2.39946e-06 0.075374 0.0156874 0.0352876 0.000638693 0.0232709 0.00306312 0.0179828 0.00460728 0.0377307 0.00209135 0.00213233 0.000660142 5.60887e-06 0.0166623 0.00513909 0.0335455 0.0143124 6.68889e-07 0.0717845 0.231607 0.0168118 0.00132903 
0.198997 7.26892e-06 9.92798e-09 0.0313213 0.115163 0.036285 0.00285796 0.00841821 0.000635856 0.0488658 0.00178917 0.0554385 0.00298333 0.00614663 0.000422709 0.000215147 0.011326 0.0152848 0.155275 0.15689 2.35981e-07 0.0090767 0.116188 0.0259956 0.000416595 
0.292156 0.000381167 1.8569e-06 0.0703458 0.0171009 0.0268351 0.00191503 0.0192674 0.00392916 0.00773057 0.00589926 0.0072535 0.0325632 0.0036367 0.00480593 3.83913e-05 0.230075 0.00632054 0.0697971 0.0252173 2.2962e-05 0.0452389 0.0895337 0.0397966 0.000138328 
0.566624 3.22807e-05 2.31197e-11 0.144629 0.00548314 0.00354021 0.000101882 0.00469972 0.00382253 0.00529387 0.00122336 2.9071e-05 0.00116723 4.58795e-08 0.00276488 0.000118416 0.000600322 0.000363728 0.00315634 0.00254288 1.41661e-11 0.0140926 0.223436 0.0161544 0.000124225 
0.669142 9.57484e-08 6.90043e-12 0.00573924 8.63309e-05 0.0163434 3.99102e-09 0.00284463 1.74987e-12 0.029775 1.07986e-07 2.69126e-06 0.000321964 3.60433e-08 4.20799e-12 9.21535e-12 0.00706546 1.29323e-05 0.00955322 0.0161893 4.22808e-12 0.00138695 0.241483 5.44804e-05 8.67001e-11 
0.939052 3.57763e-09 4.34359e-09 0.00068943 0.000806828 0.00108949 0.000378877 0.00137123 4.38797e-07 0.00591125 0.00079819 9.27838e-08 0.00213468 5.15339e-06 3.47388e-08 5.80076e-09 0.00431384 5.30784e-08 0.000377392 0.00104524 2.66144e-09 0.0229363 0.0135098 0.00557637 3.29262e-06 
0.474974 5.91072e-08 5.70791e-12 0.00487249 0.00122754 0.0284119 2.8135e-06 0.0059865 3.51544e-08 0.037086 0.000984369 0.00495818 0.00299312 3.47024e-05 3.48078e-12 7.62277e-12 0.0127943 0.00138621 0.00999979 0.017421 3.1852e-09 0.00545649 0.391225 0.0001838 1.80411e-06 
0.625027 7.53473e-06 9.51811e-07 0.00239941 0.0142355 0.00662238 0.000697277 0.042935 0.00249479 0.0103488 0.000533098 0.0221639 0.0806994 0.000476741 0.000232596 1.641e-05 0.0536496 0.000371727 0.0447083 0.00437542 3.70933e-06 0.0385568 0.0184003 0.0309988 4.4786e-05 
0.301644 7.63151e-05 1.56665e-06 0.00454865 0.0805456 0.0319802 0.00236908 0.0545537 0.00167026 0.0194129 0.014719 1.18327e-05 0.0856283 1.3952e-08 7.46336e-06 1.86724e-10 0.196934 0.00198573 0.0015006 0.00157376 3.19873e-05 0.0679606 0.0673618 0.0653469 0.000135581 
0.513209 0.000228914 0.045035 0.131488 0.0182725 0.00762161 0.000564564 0.0534792 0.00471687 0.00731464 0.00224322 0.000112349 0.00824942 7.814e-05 0.000974211 4.7098e-05 0.000855247 0.00776439 0.00503009 0.0213264 1.09806e-05 0.0278206 0.12492 0.0184724 0.000165299 
0.206937 0.00208676 1.59795e-09 0.119385 0.0408733 0.0893991 0.000636624 0.0126737 0.00593418 0.0421838 0.00184522 0.0207943 0.014703 0.000442906 0.0537282 0.000180679 0.0396955 0.000490107 0.0199221 0.0190629 5.33746e-05 0.00414855 0.101529 0.198263 0.0050331 
0.215119 1.54924e-05 6.65321e-08 0.0109163 0.161151 0.0511805 0.0584995 0.00806533 0.0890766 0.0308459 0.0641538 2.92861e-05 0.0183363 0.00193449 2.0284e-05 4.63826e-06 0.0359259 0.0822282 0.00602494 0.0814732 2.51805e-06 0.00864149 0.0667727 0.00695104 0.00263157 
0.366028 7.8869e-05 1.06942e-05 0.0801602 0.0253484 0.0677508 0.000595342 0.00516643 0.00289273 0.0798042 0.00205826 0.00773066 0.0109428 0.000681825 0.000584724 6.21425e-06 0.0476502 0.0143871 0.0195826 0.0755592 0.000368365 0.0379984 0.121159 0.0329418 0.000513453 
0.402986 0.000940134 0.000383571 0.0239637 0.114442 0.00668084 0.00376095 0.0521018 0.00503887 0.0153817 0.00453237 0.0259505 0.024787 0.00297897 0.00096859 2.43234e-05 0.00916068 0.00568228 0.00824782 0.00324897 6.09876e-05 0.0115118 0.0682574 0.208833 7.51594e-05 
0.203288 0.000346079 5.78682e-07 0.0184947 0.0934234 0.116719 0.00324229 0.0306227 0.0300168 0.0152512 0.0153617 0.00914501 0.0207376 0.00969537 0.000157204 2.31311e-06 0.0174578 0.0524305 0.0414441 0.138726 3.6914e-07 0.0814741 0.0806165 0.0105031 0.0108438 
0.23925 2.02518e-05 0.00043907 0.00569306 0.00519247 0.00327026 9.68298e-05 0.230517 0.000101116 0.0454972 0.00196784 0.000209683 0.00616194 0.00439926 0.036919 5.97807e-05 0.0600554 0.0180066 0.119656 0.00892568 0.000399343 0.000956785 0.0356443 0.0142688 0.162292 
0.512838 0.00108567 1.06835e-10 0.0513619 0.0141236 0.0176053 0.00118042 0.00728334 0.00969012 0.151684 0.00359365 0.0522446 0.000919167 0.00486288 4.98006e-05 7.77278e-06 0.0107837 0.000820918 0.00187908 0.0138761 0.000212218 0.0120316 0.128488 0.0032322 0.000146811 
0.69258 0.000139613 9.66198e-08 0.0070105 0.00743395 0.0382578 0.000223393 0.00216202 0.00308722 0.00801212 0.00192421 1.83119e-05 0.0625607 0.000360945 2.21539e-06 2.90731e-06 0.0283142 0.024648 0.00675448 0.00466707 4.38017e-06 0.0589853 0.0494895 0.00315215 0.000208801 
0.464641 3.08707e-05 1.85302e-10 0.00141119 0.00272071 0.00138233 1.9681e-06 0.0106423 0.126881 0.0896901 3.03752e-05 0.08392 0.00432671 0.000750475 0.000161501 2.97853e-08 0.012036 0.00015957 0.128044 0.0230409 2.23106e-09 0.0121574 0.0191642 0.0188069 4.21111e-08 
0.318488 5.69256e-08 1.8936e-09 0.0425684 0.0358702 0.0414306 0.0018734 0.0029905 0.0466165 0.0814996 0.00421341 0.0263997 0.0119595 0.000222523 0.0035033 3.4477e-09 0.0129917 0.0611166 0.022658 0.0556458 9.4704e-13 0.00841326 0.206239 0.0125771 0.00272251 
0.335212 5.6304e-06 2.74676e-10 0.0170746 0.0152169 0.0777284 3.99385e-05 0.0145252 0.00166722 0.00722563 0.0364011 0.0213897 0.080844 4.82777e-05 0.000414461 5.76791e-05 0.10197 0.00796447 0.0339445 0.059799 0.00267099 0.0707927 0.0844892 0.0305184 4.28634e-10 
0.392029 0.0193459 6.46057e-06 0.0315144 0.0216336 0.0623514 0.0020477 0.0278144 0.00131711 0.0105414 0.00358807 0.00166352 0.0213523 0.000494279 0.000230371 5.18498e-05 0.0638841 0.00994975 0.031838 0.0224315 4.69576e-05 0.0862873 0.167816 0.021638 0.000126904 
0.310106 3.51055e-08 3.63961e-11 0.158222 0.0481639 0.0387721 5.04506e-07 0.0280079 0.0032427 0.00154207 0.0123907 4.82047e-08 0.000621144 0.000491547 0.00041809 1.25265e-05 0.000188923 3.6411e-12 0.0162801 0.0604 1.90786e-08 0.0737028 0.228004 0.0194328 6.21981e-09 
0.475613 1.5389e-05 1.13795e-12 0.0109146 0.0344191 0.0262056 0.00197492 0.0125396 0.00056969 0.00593079 0.00228349 0.000120215 0.00581671 0.00125429 0.000502575 6.44858e-06 0.0199225 0.000226658 0.0165167 0.00949737 2.50039e-05 0.0296932 0.316731 0.0292116 9.80651e-06 
0.415072 7.18361e-05 4.9155e-10 0.0744868 0.00890179 0.000475153 0.0182815 0.167818 1.75266e-07 1.1919e-10 0.000228632 6.40382e-06 0.00408626 1.5426e-08 0.130331 6.35386e-06 0.00821342 6.20829e-08 0.00554161 0.00122742 0.000122539 0.00809748 0.0827015 0.0743293 2.81677e-10 
0.230017 7.3839e-06 7.38109e-06 0.173795 7.39622e-06 0.0377249 7.39333e-06 0.0281087 7.39301e-06 7.39317e-06 7.39018e-06 0.0162752 0.13827 7.38387e-06 7.3873e-06 7.37573e-06 7.39467e-06 7.39544e-06 7.39454e-06 0.160454 7.38727e-06 7.3948e-06 0.167904 0.0473334 7.38792e-06 
0.347494 1.59058e-05 3.39803e-08 0.0276882 0.0235196 0.0300343 0.00226027 0.0224112 0.00285462 0.0326374 0.0169503 0.00532907 0.0105707 0.00155503 0.00224785 1.56837e-05 0.182285 0.00811056 0.0270621 0.0440192 1.16637e-05 0.0327616 0.142206 0.0350972 0.0028616 
0.38407 1.12853e-07 8.72402e-08 0.135568 0.00035721 0.090692 1.76226e-05 0.0102591 6.8543e-05 0.00955527 0.00189937 0.000218731 0.00451889 0.000781858 5.65056e-06 4.5427e-11 0.00493356 6.52653e-06 0.00265617 0.177933 2.937e-09 0.0510083 0.124755 0.000681349 1.4054e-05 
0.61728 4.97935e-06 2.60339e-09 0.0231588 0.00108428 0.0155123 3.79352e-05 0.001933 3.6052e-05 0.000212347 0.000152018 5.30917e-06 0.0868573 0.000679729 1.13662e-09 2.81529e-06 0.0754443 0.000311161 0.00582368 0.0137808 4.8961e-07 0.0865538 0.0710075 7.38299e-05 4.71937e-05 
0.601709 0.00041352 6.55953e-11 0.0376856 0.00208089 0.0113521 0.000173551 0.012669 0.00247003 0.0118459 0.00177927 0.000370763 0.0118723 3.42418e-05 6.94872e-06 6.54277e-06 0.0197493 0.00370129 0.0195361 0.00206933 0.0010543 0.0219126 0.153259 0.0834331 0.000815155 
0.567711 0.000849008 5.45278e-07 0.0121929 0.00654228 0.0140478 0.0246726 0.0177775 0.00905524 0.00393858 0.000114691 0.000139609 3.89238e-05 0.000281099 0.00265958 2.94045e-06 0.0445842 0.000822912 0.000687936 0.00841183 0.000149173 0.00846906 0.183285 0.0932405 0.000324695 
0.552971 0.00109234 4.3542e-10 0.0346997 0.0147229 0.00499479 0.000164051 0.0156986 0.00185883 0.0354787 0.00471175 0.00315223 0.00706433 0.00058322 0.00362192 0.000166236 0.0211544 0.038131 0.0228722 0.00565779 3.75747e-06 0.0178871 0.192776 0.0205166 2.0245e-05 
0.571996 5.49194e-06 2.77154e-07 0.0217932 0.00216437 0.0263448 0.000157733 0.00772787 0.000481338 3.45757e-05 0.000553347 2.29093e-05 0.128912 1.31023e-05 0.000802104 2.09875e-05 0.0260291 0.00270792 0.01932 0.00820326 0.000185269 0.0802241 0.0987119 0.00329654 0.000291435 
0.414113 0.000101128 1.68319e-09 0.0166384 0.0220597 0.0379579 0.0247188 0.062454 0.000823365 0.0112231 0.000683545 2.68291e-05 0.00696799 5.52092e-05 0.00190871 9.42369e-05 0.0282003 0.00710498 0.0110646 0.038251 2.70782e-05 0.00959405 0.277669 0.0279808 0.000281658 
0.265094 0.000403316 5.87823e-08 0.195587 0.0164988 0.0512019 0.00143674 0.0133158 0.00156414 0.0169715 0.00957294 0.0108048 0.04555 0.00166703 0.00124393 0.000777029 0.014643 0.0144585 0.00965612 0.103504 1.73045e-06 0.0362551 0.176997 0.0122556 0.000539887 
0.459735 0.000566805 3.77192e-06 0.00943039 0.00199137 0.00885004 0.0247658 0.0178483 0.00172079 0.0301769 0.000212145 0.0671613 0.001092 1.79174e-05 3.90958e-07 0.000394449 0.00303782 0.00335272 0.0069948 0.034771 1.2526e-08 0.00734519 0.101796 0.218735 8.0488e-08 
0.498918 0.000156704 6.29416e-10 0.0119069 0.026881 0.0184096 0.000609168 0.0203347 0.00257852 0.00459691 0.00194821 0.00509587 0.0475536 0.000331824 0.00343505 1.48076e-05 0.0323196 0.0012335 0.111359 0.0150009 1.35417e-05 0.0159836 0.174555 0.00675991 4.71958e-06 
0.243318 0.00618398 2.55797e-09 0.0493318 0.0445683 0.023871 0.00413921 0.0250937 0.00601554 0.00261941 0.0268966 0.000149269 0.0428748 5.61685e-05 0.00244423 2.56955e-05 0.00724188 0.00252717 0.0216131 0.083939 1.59225e-06 0.0445198 0.241797 0.0395808 0.0811926 
0.361567 0.000133418 1.99669e-05 0.0276469 0.0196688 0.0164852 0.00252326 0.00787759 0.00221665 0.0364663 0.00488996 0.0143726 0.00278097 0.000459261 8.36773e-05 2.39264e-05 0.0422623 0.0192651 0.0406342 0.0221828 8.70875e-05 0.0405814 0.319814 0.0161208 0.00183651 
0.431186 6.63581e-05 1.60229e-07 0.0343789 0.00385487 0.0414477 0.00100679 0.011412 0.000393043 0.00321172 0.0218911 0.000298988 0.165917 0.000877225 0.00013843 5.63969e-07 0.0829499 3.08566e-06 0.0261419 0.068566 0.00013019 0.0407615 0.0651222 0.000240194 3.52729e-06 
0.566624 3.22807e-05 2.31197e-11 0.144629 0.00548314 0.00354021 0.000101882 0.00469972 0.00382253 0.00529387 0.00122336 2.9071e-05 0.00116723 4.58795e-08 0.00276488 0.000118416 0.000600322 0.000363728 0.00315634 0.00254288 1.41661e-11 0.0140926 0.223436 0.0161544 0.000124225 
0.749897 1.36879e-06 1.73329e-11 0.0640986 0.0015878 0.00439133 0.000155704 0.0148999 0.000957699 0.0121063 0.000333646 1.34178e-05 0.00411153 6.22859e-07 0.00010684 2.84675e-05 0.0210307 4.20153e-05 0.00257015 0.00326591 0.00062301 0.0145274 0.100703 0.00448092 6.59666e-05 
0.85429 8.44398e-06 2.13785e-07 0.032931 0.00509532 0.00134869 5.85051e-05 0.000412275 0.000424393 0.0012408 0.00123349 0.000108937 0.00020168 1.4804e-05 0.00106441 8.55849e-07 0.000324985 0.0090906 0.00055413 0.0020453 1.03153e-05 0.00502193 0.0697393 0.0142556 0.000523923 
0.345057 0.0002323 4.29193e-07 0.0446263 0.0151521 0.0318658 0.000317964 0.00989368 0.000538991 0.0105082 0.0294853 0.000964079 0.263806 0.000895973 0.000105455 0.000298089 0.0392998 0.000469589 0.0371957 0.0189525 7.23484e-05 0.0170224 0.127071 0.00536595 0.000802827 
0.661944 4.75591e-07 1.4984e-11 0.00495223 0.00147409 0.00158911 1.13183e-05 0.000980218 3.34088e-05 0.00224834 1.28195e-07 1.15318e-05 9.64605e-05 2.60698e-08 1.82688e-07 2.00108e-11 0.0087787 0.000505608 0.002082 0.00152638 5.42827e-09 0.00412258 0.309336 0.00027764 2.94693e-05 
0.338758 1.6637e-05 3.01396e-05 0.00933362 0.0574358 0.0100809 0.0010383 0.135015 0.00345579 0.00972908 0.0206398 0.000607494 0.0134032 0.000417935 0.0049009 9.42747e-06 0.0417653 0.00568401 0.029259 0.00875487 2.40346e-06 0.0257743 0.138746 0.104884 0.0402576 
0.424146 0.00975226 3.10969e-07 0.0172929 0.00841654 0.0160282 5.49947e-05 0.0371291 0.00100644 0.0104933 0.00189662 0.000271887 0.0241509 6.70169e-06 4.62145e-06 2.47799e-05 0.0863702 0.000319712 0.0163591 0.137614 1.94114e-05 0.0118723 0.0570411 0.139661 6.76304e-05 
0.714722 0.000154807 4.5082e-11 0.0163998 0.00108843 0.00139092 0.000109094 0.00532487 4.50674e-05 0.0014157 0.00122805 3.98746e-05 0.0165659 0.000141423 0.000666967 4.41301e-09 0.0074114 0.00018376 0.00101056 0.033799 1.38523e-06 0.00752412 0.183648 0.00677527 0.000353985 
0.363524 0.000713418 4.22282e-12 0.0217137 0.00889008 0.00866237 1.16675e-05 0.00292203 6.30241e-05 0.0282805 0.158075 0.00390969 0.00168099 0.000259024 2.57515e-12 6.50116e-09 0.0148472 0.00148298 0.0190841 0.0127884 2.92182e-09 0.00287498 0.346892 0.0033202 4.55067e-06 
0.406888 0.00175786 0.00143641 0.0134193 0.0208002 0.00959968 0.000445273 0.0359559 0.0490418 0.0174568 0.00276056 0.00107727 0.0178178 0.00162074 6.01234e-05 0.000606862 0.0324444 0.00133121 0.211897 0.0189561 8.88919e-05 0.00935878 0.103429 0.0369906 0.00475937 
0.468648 3.1813e-06 0.0136657 0.0689203 0.117143 0.00953754 0.00334788 0.0341601 0.00289355 0.00585651 0.00212732 0.00367971 0.00347227 2.19373e-05 0.0112839 5.12515e-06 0.0976152 0.000436424 0.00417465 0.0224788 3.60725e-06 0.00835561 0.0256477 0.0961508 0.000372148 
0.444124 0.0136932 5.54973e-09 0.0014206 0.0184968 0.0237991 0.00130257 0.163289 0.000390018 0.00473009 0.0020561 0.000270888 0.0288541 3.47742e-06 2.00605e-08 0.000258815 0.0699732 0.0219232 0.00828933 0.00141081 0.003586 0.0103218 0.169121 0.0126517 3.43208e-05 
0.648007 0.000169016 3.05855e-08 0.0291194 0.0142572 0.0248642 0.0143304 0.0089775 0.00472404 0.00352534 0.0125861 0.0023503 0.0308231 0.00470922 9.44796e-05 8.03697e-06 0.0283101 0.0199532 0.0103236 0.0310747 0.000104376 0.0301011 0.0575477 0.0229861 0.00105355 
0.726684 0.000417923 2.67201e-10 0.0266111 0.00113938 0.00163499 1.72663e-05 0.000434278 0.00209609 0.0022625 5.66841e-05 0.000552345 0.000378236 5.34706e-05 0.000120655 4.67238e-06 0.0150166 0.000152598 0.0114458 0.0020586 0.0025247 0.00109746 0.183298 0.0217239 0.000218984 
0.32765 0.000121862 3.82746e-08 0.018651 0.0484951 0.17623 0.00597738 0.0219143 0.1194 0.00586768 0.00246698 0.0102102 0.000252105 0.00241512 5.70011e-05 1.34651e-06 0.0303454 2.6919e-05 0.0258987 0.000966138 1.04715e-06 0.101511 0.0820594 0.0192029 0.000278628 
0.350679 0.00204332 1.44276e-09 0.0832911 0.0203276 0.00451869 0.000240764 0.00780208 0.00612659 0.180381 0.00443593 0.000135355 0.00534583 0.000493631 0.00074128 0.000117981 0.0148997 1.9392e-05 0.00207522 0.0163363 8.76357e-05 0.0308982 0.195921 0.0727463 0.000336286 
0.62008 1.13057e-05 2.37493e-11 0.0352544 0.00459223 0.00300037 8.55881e-05 0.00518832 0.00104349 0.00380924 0.000599394 3.43387e-05 0.000770829 8.50348e-06 0.000387435 2.40485e-05 0.00630826 0.00934522 0.00282709 0.00196645 5.9737e-08 0.00708477 0.293144 0.00400652 0.000427995 
0.363275 1.96773e-07 3.69907e-11 0.0110562 0.00229428 0.00351249 6.61561e-06 0.0123708 0.000154157 0.0988132 1.2673e-05 0.150098 0.011551 0.000231074 0.000791124 2.09839e-05 0.00154206 0.000168414 0.216959 0.0151126 2.70667e-09 0.0134334 0.0659794 0.0326168 6.42559e-08 
0.667949 1.46036e-05 3.21667e-10 0.017838 0.0340029 0.00773408 0.000556109 0.00157128 0.00782733 0.0618433 0.00176417 0.0017341 0.0125666 0.00378247 0.0004232 1.38231e-06 0.0371257 0.000420328 0.0105708 0.0159657 1.29553e-06 0.0125739 0.0813023 0.00979506 0.0126366 
0.690352 2.85362e-05 7.06952e-11 0.0415198 0.00237709 0.00736387 3.70393e-06 0.000856998 0.00117768 0.0111743 0.000369192 1.72595e-06 6.82808e-06 0.0333912 0.000270314 6.304e-07 0.00191271 0.000866018 0.00476147 0.0150701 2.15966e-07 0.0172746 0.168032 0.00302139 0.00016707 
0.168727 0.135264 9.14179e-08 0.0666066 0.0228 0.000987254 1.29045e-07 0.00207051 0.0366951 0.162889 0.000321407 0.00121096 0.0128255 3.00697e-05 0.00167112 2.13582e-07 0.0020097 0.000482203 0.0236202 0.0175771 4.83368e-05 0.00727894 0.0419962 0.137822 0.157066 
0.344922 1.69572e-08 1.47833e-06 0.0421504 0.0432106 0.0125897 0.0016375 0.0073105 0.0185164 0.0749103 0.00022602 9.09529e-05 0.00047564 0.00429022 0.0272031 2.83105e-05 0.0369362 0.00117127 0.0319091 0.00783309 5.26702e-06 0.0234767 0.285398 0.0327339 0.00297376 
0.749382 0.000860689 6.03594e-09 0.0194432 0.00071015 0.0105534 1.88236e-05 0.00517955 9.94812e-06 0.0670744 0.00221312 0.0243902 0.00779126 2.92929e-05 5.971e-12 9.52896e-05 0.0152647 0.0245606 0.00255117 0.0303167 1.20017e-06 0.00620282 0.0303538 0.00299506 2.64257e-06 
0.500975 2.0954e-05 2.98503e-07 0.0109851 0.0103119 8.11666e-08 0.000432793 0.00511591 0.00212564 0.000352484 2.41383e-06 2.71858e-05 1.64576e-05 0.319236 0.00103163 1.262e-07 0.00269978 0.000142102 0.0001203 0.00189011 9.15551e-08 0.0012117 0.0674717 0.074191 0.00163952 
0.250621 2.98594e-07 3.94457e-09 0.0113921 0.0644935 0.0351306 0.0043204 0.0168345 0.019399 0.207753 0.000170438 0.00204766 0.00413264 0.000547552 0.000666986 1.61974e-07 0.0538936 0.00100876 0.0804719 0.0328256 2.75427e-07 0.00670859 0.183672 0.0238696 3.99099e-05 
0.420494 7.81007e-08 1.65905e-11 0.0782789 0.0521558 0.0311411 0.00146563 0.000534998 7.25799e-05 0.00919229 0.00346017 0.0770498 0.000577183 0.00110654 0.000346103 1.76187e-06 0.0216472 0.0252817 0.0328803 0.0180921 1.48131e-09 0.00856988 0.21528 0.00177846 0.000593108 
0.354262 0.00822382 1.10961e-06 0.0536093 0.0158836 0.0846854 0.00142595 0.0747295 0.000320856 0.0550387 0.0052214 0.0157643 0.0207601 4.20566e-05 0.000168825 1.67314e-07 0.0287489 0.00110246 0.00392379 0.0412403 0.000442418 0.0421429 0.0488875 0.142467 0.000907492 
0.415072 7.18361e-05 4.9155e-10 0.0744868 0.00890179 0.000475153 0.0182815 0.167818 1.75266e-07 1.1919e-10 0.000228632 6.40382e-06 0.00408626 1.5426e-08 0.130331 6.35386e-06 0.00821342 6.20829e-08 0.00554161 0.00122742 0.000122539 0.00809748 0.0827015 0.0743293 2.81677e-10 
0.602586 5.31959e-05 1.23947e-09 0.0390946 0.0247509 0.0246485 0.000618532 0.0151101 0.00228196 0.00741361 0.00281928 0.00835261 0.011356 0.000115568 0.000287377 1.46799e-06 0.0138718 0.000528079 0.00387875 0.0352824 5.9869e-07 0.0835292 0.115208 0.00755404 0.00065691 
0.594752 7.73158e-06 3.99181e-08 0.0656069 0.00390974 0.0234206 9.32014e-06 0.0304389 0.000175755 6.85871e-05 0.000856332 4.93112e-07 0.00322035 2.0269e-05 9.10695e-05 1.2487e-06 0.00124275 0.00934725 0.00482494 0.00933838 6.51098e-07 0.0561309 0.194895 0.00164005 9.32894e-09 
0.286561 0.000202966 0.000796246 0.0432975 0.0700102 0.00294564 0.00132481 0.072162 0.0104445 0.00415524 0.000394487 7.83054e-06 0.0301752 0.00115825 0.000754366 0.000107586 0.00796926 0.281504 0.0151131 0.00909328 4.7401e-06 0.0258444 0.0970397 0.0386512 0.000282797 
0.464325 3.67988e-05 9.56098e-07 0.0849473 0.023465 0.0285748 0.00103416 0.024221 0.0148545 0.00699725 0.000952249 0.00346234 0.0208121 0.00180356 0.00111612 1.11897e-05 0.0493366 0.0152998 0.0131289 0.0194151 1.24764e-05 0.0155326 0.104304 0.103974 0.0023826 
0.174301 0.0119603 7.0155e-08 0.019124 0.0192518 0.0731337 0.00537947 0.0835797 0.00431794 0.00599576 0.00320533 0.000261573 0.0512899 2.41325e-05 0.000816783 6.48567e-06 0.0199461 0.00546163 0.0993445 0.0920867 4.26432e-05 0.0765129 0.119524 0.134359 7.4025e-05 
0.609474 3.59426e-06 0.000761621 0.0853668 0.0378543 0.00328386 0.000296838 0.0358481 0.0148769 0.00549404 0.00149518 1.98959e-05 0.0165823 8.31049e-05 0.000660005 0.000122197 0.000857417 0.00269525 0.010635 0.0216357 1.11642e-06 0.0140114 0.122054 0.015474 0.000412976 
0.327023 0.075081 1.43999e-05 0.00293474 0.00694109 0.00278117 0.000494075 0.00217668 4.41087e-05 0.215064 0.00279315 0.202948 0.00880951 0.000446658 8.18898e-06 2.39692e-06 0.0316366 0.000500817 0.0229277 0.0234421 0.00040406 0.00979552 0.0269032 0.0368115 1.56997e-05 
0.859701 5.95206e-07 6.08561e-10 0.0860162 0.00623767 0.00058163 4.347e-05 0.000204248 4.46381e-05 0.000443907 0.00109646 1.00916e-08 0.0278837 1.7651e-06 0.000346188 8.12718e-10 0.000853891 4.57504e-05 5.47001e-07 0.00664244 1.26224e-08 1.21589e-07 0.00450274 0.00485963 0.000492911 
0.500975 2.0954e-05 2.98503e-07 0.0109851 0.0103119 8.11666e-08 0.000432793 0.00511591 0.00212564 0.000352484 2.41383e-06 2.71858e-05 1.64576e-05 0.319236 0.00103163 1.262e-07 0.00269978 0.000142102 0.0001203 0.00189011 9.15551e-08 0.0012117 0.0674717 0.074191 0.00163952 
0.308799 9.90045e-06 4.76946e-05 0.176492 0.135253 0.00570569 0.00256059 0.0353177 0.00130363 0.0279256 0.00376474 0.00163911 0.000445439 5.283e-06 0.0149212 1.77791e-05 0.00108428 5.63451e-05 0.0129674 0.00633093 0.000129955 0.0234723 0.0580979 0.181023 0.0026285 
0.755842 2.85086e-05 1.28135e-11 0.0154665 1.25913e-05 0.00554685 7.30263e-06 0.000906851 1.57207e-06 0.00684558 0.000200705 0.00388036 0.000947914 0.000100342 2.44472e-07 7.28447e-07 0.00347619 1.35756e-05 0.00556397 0.0218001 2.54235e-09 0.00203589 0.177263 5.68955e-05 2.80066e-06 
0.81486 3.99555e-06 9.38823e-09 0.00717401 0.000363931 0.0204337 0.000375764 0.00129026 0.0065632 0.00152814 0.00291154 0.000126721 0.00546387 0.00268286 2.01813e-05 2.32357e-06 0.0314068 6.51649e-05 0.00981504 0.0413026 1.07217e-06 0.0125905 0.0251559 0.0158466 1.60125e-05 
0.910554 1.43914e-06 1.45745e-09 0.0198555 0.00172242 0.00288638 0.000165508 0.000166442 0.000400408 0.00103479 0.000219358 6.85248e-06 3.49053e-05 0.00307048 7.09569e-06 2.26795e-06 0.0005375 6.77297e-05 0.00137838 0.00212151 4.82193e-07 0.0111821 0.0441578 0.000368983 5.75958e-05 
0.246558 1.10043e-05 1.06098e-09 0.0108964 0.0476348 0.0113591 0.039601 0.00732393 0.00178995 0.113909 0.00157773 0.0718398 0.00314365 0.000583262 3.744e-05 0.00011915 0.0103105 0.024591 0.205931 0.0301931 4.33233e-06 0.00990265 0.120361 0.00408009 0.0382414 
0.639349 5.52408e-07 3.46616e-09 0.109923 0.0200023 0.00128323 0.000621784 0.0177474 0.00216802 0.0116052 0.000113153 0.0377079 0.00199581 0.00185489 0.000407438 1.67998e-07 0.00744737 0.00936366 0.00512236 0.0203629 4.59395e-08 0.00594155 0.0904167 0.0116168 0.00494932 
0.736058 3.07963e-06 5.98097e-09 0.0313794 0.002522 0.00120759 1.73592e-05 0.00295005 0.000416075 0.00231475 0.00344646 2.67932e-05 0.00177378 0.000907345 0.00347053 1.01024e-05 0.00498617 0.000268748 0.0240731 0.00929731 1.1742e-05 0.00640844 0.151083 0.0146171 0.00275088 
0.674943 4.93378e-09 1.44174e-11 0.0257949 0.0012706 0.0100416 7.5169e-05 0.00248896 5.08788e-05 0.00140356 6.13617e-08 2.69119e-06 0.000921328 0.000216284 0.000191297 5.82045e-08 0.00351054 0.000604601 0.00136818 0.011386 2.05149e-07 0.00148931 0.262798 7.26378e-05 0.0013698 
0.268294 0.000830274 1.19061e-10 3.83688e-07 0.168529 2.46436e-07 7.3807e-07 0.0333719 3.56301e-07 3.23369e-07 2.35028e-07 1.75562e-07 2.82557e-07 9.8391e-11 7.26055e-11 9.5561e-08 0.116807 5.30052e-07 0.011839 6.19183e-07 4.45079e-07 0.00421819 0.135114 0.260993 6.82266e-11 
0.316756 0.01849 1.45234e-05 0.00328878 0.00622779 0.00673988 9.5142e-06 0.0486028 0.000176911 0.0571592 0.000446092 0.132466 0.0005398 0.000545777 1.50985e-05 1.09601e-05 0.0107821 0.00912051 0.00416655 0.0194013 1.26266e-05 0.0382419 0.127565 0.199217 3.01853e-06 
0.396626 1.28019e-08 0.000124777 0.0252425 0.0196499 0.0202271 0.000473301 0.0056765 0.00103711 0.111653 0.00400888 0.0444111 0.0272174 0.00297375 0.000320488 1.33095e-05 0.0397478 0.0065659 0.0452319 0.0473121 0.000112629 0.0169885 0.165867 0.016821 0.00169732 
0.24136 0.000526498 3.72381e-08 0.136796 0.0126564 0.134587 0.0010012 0.0251755 0.00368975 0.0419233 0.00568704 0.0063323 0.0100512 0.000425998 0.000628527 4.76289e-08 0.038562 0.000812671 0.0341359 0.0933116 0.000125733 0.0746273 0.0854187 0.0505459 0.00161878 
0.661847 0.000187664 7.54284e-07 0.105738 0.126043 0.00379094 0.000149479 0.00333892 0.00097521 0.00036236 0.00939487 5.05348e-06 0.0156357 4.06947e-05 0.00623023 7.23847e-06 0.000402391 0.00699036 0.00131147 0.014933 1.10741e-05 0.0081135 0.0236795 0.0105912 0.000220675 
0.422303 4.85703e-10 8.63953e-08 0.084297 0.0282124 0.0106157 0.000205985 0.123661 0.00381252 0.00520209 0.000962543 0.0264334 0.00263583 0.000409229 0.000997599 1.62565e-05 0.0061163 0.0405138 0.0449738 0.0148655 7.89194e-06 0.00705512 0.0641598 0.089402 0.023141 
0.99321 1.68361e-08 1.73869e-06 0.000777744 1.87586e-06 0.000141878 9.59477e-08 0.00269897 1.08341e-06 5.23146e-06 9.73359e-06 2.0625e-07 9.5509e-06 1.29168e-05 1.36182e-06 2.7298e-08 3.7153e-05 1.90809e-07 3.64564e-05 0.00205614 3.59464e-08 5.16861e-05 0.000920359 2.41331e-05 1.37003e-06 
0.583402 3.76548e-06 2.11503e-13 0.0272946 0.000316494 0.00721955 6.52012e-05 0.0020428 5.33572e-05 0.000928404 0.00032029 4.08267e-06 0.000934711 0.000140861 7.81281e-07 2.11867e-09 0.0101346 0.000403168 0.00182444 0.0307043 3.05975e-07 0.00425479 0.329658 0.00025497 3.85724e-05 
0.474131 0.0529969 1.91954e-08 0.00948963 0.0103979 0.00402521 1.18874e-05 0.00169171 0.00100567 0.0498277 0.0266212 0.0013943 0.0347715 0.0120617 2.56748e-08 5.27485e-06 0.0100984 0.00833036 0.000981808 6.1481e-06 0.0180474 0.0185817 0.0765017 0.188965 5.57366e-05 
0.398923 2.19316e-07 9.57178e-11 0.0392383 7.44832e-07 0.0461192 2.93233e-08 0.0395535 0.00193536 0.0263536 7.01254e-07 5.35219e-08 0.0330969 0.000174546 6.89203e-08 1.27829e-10 0.042675 3.08956e-06 0.0227511 0.109667 1.91792e-05 0.00812113 0.20707 0.0228912 0.00140601 
0.291335 0.000950209 3.07177e-06 0.138785 0.089154 0.0183517 0.00220568 0.0536026 0.00312565 0.0111992 0.00666338 0.000477277 0.0325612 0.000481172 0.00312329 5.70716e-05 0.0378581 0.00130195 0.00880222 0.166736 0.000761376 0.0457469 0.0733364 0.0133305 5.06564e-05 
0.292279 0.00833826 2.91149e-06 0.0782614 0.014248 0.0514514 0.00222426 0.0312966 0.00820367 0.147857 0.00207817 0.0216054 0.00732566 0.000300222 0.00304373 6.06371e-05 0.0378439 0.00223964 0.041001 0.0202812 6.31452e-05 0.034024 0.159565 0.0343524 0.00205324 
0.79995 8.73622e-07 2.14692e-07 0.00433099 0.00168483 0.0129489 2.46741e-12 0.00394918 2.72228e-08 0.058267 2.28447e-07 2.13536e-08 0.00162011 2.28438e-08 2.20419e-08 1.41931e-11 0.0199233 0.000183787 0.00230057 0.00600288 5.40554e-08 0.00383316 0.0842347 0.000769528 6.09012e-12 
0.459735 0.000566805 3.77192e-06 0.00943039 0.00199137 0.00885004 0.0247658 0.0178483 0.00172079 0.0301769 0.000212145 0.0671613 0.001092 1.79174e-05 3.90958e-07 0.000394449 0.00303782 0.00335272 0.0069948 0.034771 1.2526e-08 0.00734519 0.101796 0.218735 8.0488e-08 
0.48789 1.1074e-08 9.97751e-10 0.025346 0.00667536 0.0112969 0.00240777 0.00489434 0.000629331 0.0273954 0.000366743 0.00102106 0.000573072 0.00216821 0.000376991 3.167e-06 0.0105187 0.00805984 0.0293003 0.00964929 2.84056e-07 0.00261767 0.355729 0.0129798 0.00010089 
0.415717 0.0047193 4.93157e-11 0.010673 0.0102585 0.00715723 4.84361e-05 0.0793866 0.00447093 0.011966 0.012124 0.209444 0.00423099 1.4075e-05 3.00735e-11 5.95942e-08 0.0497586 0.00589112 0.00707071 3.22e-07 1.70326e-05 0.00118445 0.140927 0.0248794 6.06514e-05 
0.225584 7.78778e-05 5.18326e-09 0.0668327 0.111117 0.0285889 0.0121085 0.041501 0.030655 0.0139994 0.00375826 0.15391 0.00330448 0.00030971 0.000553005 1.84844e-05 0.0229341 0.000513006 0.0127634 0.0464045 1.25583e-06 0.00991142 0.0492379 0.165914 7.20168e-07 
0.83523 2.20569e-05 1.96164e-10 0.00403501 0.00041879 0.00246845 2.10314e-06 0.000346868 2.52073e-07 0.0683699 0.000421009 6.78232e-06 0.000731928 8.74973e-07 1.51672e-05 7.96738e-05 0.00486574 4.453e-05 0.0218439 4.19003e-05 7.35752e-06 0.00207559 0.0567414 0.00222347 6.96834e-06 
0.500975 2.0954e-05 2.98503e-07 0.0109851 0.0103119 8.11666e-08 0.000432793 0.00511591 0.00212564 0.000352484 2.41383e-06 2.71858e-05 1.64576e-05 0.319236 0.00103163 1.262e-07 0.00269978 0.000142102 0.0001203 0.00189011 9.15551e-08 0.0012117 0.0674717 0.074191 0.00163952 
0.250233 0.000839449 0.000264277 0.0926145 0.0328818 0.0800512 0.00224265 0.0354685 0.00930915 0.0226671 0.00713395 0.0117507 0.0401491 0.00133822 0.0102122 0.000439604 0.0635881 0.0116339 0.100346 0.0861698 2.35292e-05 0.0340891 0.0931647 0.0119475 0.00144158 
0.562041 1.4562e-05 1.61449e-05 0.0566789 0.0330773 0.0170698 0.00174353 0.0228016 0.0158695 0.00768976 0.0192773 0.000345526 0.00477354 0.00387317 0.000168823 6.64377e-06 0.0191663 0.00248764 0.0139883 0.0211232 1.95925e-06 0.0243264 0.156822 0.0158144 0.000822501 
0.343825 0.000244054 0.00151456 0.0780388 0.0125973 0.0138538 0.000768744 0.0110999 0.00181311 0.0996831 0.00137414 0.010006 0.00622069 0.00010466 0.021323 0.000156377 0.019099 0.00538065 0.0146062 0.0197546 7.80252e-06 0.0250841 0.268627 0.0374571 0.00736115 
0.751091 2.21137e-06 4.2727e-09 0.000266963 0.00490656 0.00587523 0.000157164 0.00162747 5.3312e-05 0.0425655 0.000282451 0.00285019 0.00316519 0.000353981 1.07026e-05 0.000236073 0.012231 0.00232269 0.0791427 0.00524116 4.31288e-06 0.00566978 0.0783915 0.00351314 4.00467e-05 
0.406044 3.68478e-06 1.92337e-09 0.0105676 0.018499 0.00584995 0.000771711 0.00191678 0.000653332 0.161073 0.000406975 0.117648 0.000887399 0.00109466 5.52853e-05 3.38372e-06 0.0100443 0.0407814 0.0298736 0.0236452 1.42146e-08 0.00300576 0.146977 0.00327379 0.0169229 
0.594752 7.73158e-06 3.99181e-08 0.0656069 0.00390974 0.0234206 9.32014e-06 0.0304389 0.000175755 6.85871e-05 0.000856332 4.93112e-07 0.00322035 2.0269e-05 9.10695e-05 1.2487e-06 0.00124275 0.00934725 0.00482494 0.00933838 6.51098e-07 0.0561309 0.194895 0.00164005 9.32894e-09 
0.545688 2.50699e-07 1.24287e-09 0.114976 0.0104408 0.00605286 0.00032647 0.00969075 0.0009847 0.000544926 0.00332976 0.00672752 0.0523345 0.108088 0.000424968 1.01131e-05 0.000641707 0.00150947 0.0135203 0.0411111 1.77427e-05 0.00682389 0.0751788 0.000388894 0.00118802 
0.566322 4.9813e-06 1.60549e-07 0.0145958 2.95065e-05 0.00226359 3.14139e-05 0.0124456 4.5691e-06 0.000253985 0.0058567 6.95643e-07 0.000255612 0.000317121 4.89905e-06 5.18656e-08 0.00272101 0.00123728 0.00272397 0.0285017 6.53283e-08 0.00111255 0.361293 3.24736e-06 2.01822e-05 
0.376349 0.000206556 1.64145e-08 0.0433765 0.105018 0.00969685 0.00271181 0.00908984 0.123765 0.00885496 0.00283594 0.0236974 0.0160628 5.83226e-05 0.00199655 5.90128e-06 0.0196487 0.022709 0.0146676 0.0409486 2.09442e-07 0.0425564 0.0422583 0.0922605 0.00122463 
0.650969 9.05381e-05 7.03739e-07 0.0569046 0.00518673 0.0134689 0.000123954 0.00260128 0.00149068 0.00331548 0.00014982 9.95558e-06 0.00403279 7.32495e-06 3.87814e-09 6.99576e-05 0.0100925 0.0214954 0.0163174 0.103933 1.66984e-06 0.0775816 0.0284558 0.00289232 0.000808427 
0.65967 4.05069e-05 9.92439e-08 0.00186725 0.00152979 0.0151415 0.000278177 0.0438355 0.00105365 0.0237992 0.00153265 0.064059 0.00498592 0.00103691 0.000272612 1.53195e-05 0.0103157 0.00565688 0.080216 0.0336786 1.8987e-06 0.00965183 0.0253136 0.0160397 7.42419e-06 
0.346707 2.40618e-05 3.66431e-05 0.0166602 0.0548038 0.0481602 0.000742896 0.0352791 0.00661353 0.197865 0.00189965 0.0121196 0.0146664 0.000311556 0.00102605 0.000171121 0.0126292 0.0026799 0.00882628 0.0402009 1.46275e-06 0.0306136 0.157509 0.0101267 0.000327009 
0.308888 9.13586e-08 2.46244e-11 0.141015 0.00550461 0.0924211 0.000338666 0.107451 0.000830695 0.000278764 0.055725 1.0345e-05 0.000136494 0.0462777 0.0155285 3.25099e-08 0.00336877 3.76181e-05 0.00477924 0.0128903 4.11921e-06 0.0557059 0.146704 0.00163101 0.000472941 
0.183378 0.00647824 2.08629e-09 0.0687341 0.112929 0.0762493 0.000478667 0.180613 0.0537436 0.00147254 0.00410236 4.01579e-06 0.000354167 1.05855e-05 0.0490344 8.07608e-05 0.0025158 0.000460383 0.0124548 0.00560247 0.00475227 0.11868 0.0450262 0.0716469 0.00119867 
0.382175 0.278155 2.66577e-09 0.0121178 0.00298453 0.00535482 0.000259728 0.00255029 4.89375e-05 0.149321 0.000431936 0.0326696 0.00670056 2.10455e-05 0.000421878 5.15502e-06 0.00499415 0.00811095 0.00147386 0.00313146 0.000277868 0.00491703 0.0209862 0.0819514 0.000940259 
0.784605 4.77036e-06 9.38509e-09 0.0245339 0.00118416 0.0145677 2.7595e-05 0.000235993 0.00304078 0.00298823 0.0127269 0.000631599 0.00103043 0.000275111 7.02262e-07 7.41918e-08 0.00849026 6.35344e-05 0.00123296 0.0537279 9.47481e-08 0.0446953 0.0453647 0.000389132 0.000182872 
0.306483 2.04071e-12 2.47762e-12 0.0148724 0.0141917 0.0231573 2.50796e-07 0.00759344 3.553e-07 0.0340153 3.29539e-08 0.0222408 2.16042e-07 3.50242e-06 0.00199025 6.35324e-08 0.231492 2.84869e-07 0.0613972 0.00972708 4.55582e-09 3.93213e-05 0.254648 0.017853 0.000294261 
0.393632 1.55141e-05 1.45008e-11 0.0153502 0.0530429 0.118792 0.00644346 0.0521 0.00245251 0.00156059 0.000359425 2.28421e-05 0.00548959 0.003302 0.000396676 1.49449e-05 0.0152971 0.0175981 0.000656772 0.0105324 1.6366e-07 0.0102263 0.263547 0.029154 1.37513e-05 
0.459735 0.000566805 3.77192e-06 0.00943039 0.00199137 0.00885004 0.0247658 0.0178483 0.00172079 0.0301769 0.000212145 0.0671613 0.001092 1.79174e-05 3.90958e-07 0.000394449 0.00303782 0.00335272 0.0069948 0.034771 1.2526e-08 0.00734519 0.101796 0.218735 8.0488e-08 
0.566624 3.22807e-05 2.31197e-11 0.144629 0.00548314 0.00354021 0.000101882 0.00469972 0.00382253 0.00529387 0.00122336 2.9071e-05 0.00116723 4.58795e-08 0.00276488 0.000118416 0.000600322 0.000363728 0.00315634 0.00254288 1.41661e-11 0.0140926 0.223436 0.0161544 0.000124225 
0.560784 0.00397215 0.000113742 0.173667 0.00844353 0.0233503 0.000179589 0.00597252 0.00582379 0.00783889 0.000905582 4.77739e-05 0.0208898 0.00119197 0.0157806 6.04031e-06 0.0188789 0.000457701 0.000548982 0.0241104 0.000137424 0.0563214 0.0569118 0.013653 1.33049e-05 
0.208045 0.000456701 3.32766e-06 0.0165961 0.0233971 0.0723577 0.00103507 0.0273543 0.00174653 0.00832539 0.012474 0.00815271 0.0396208 0.00120776 0.00052207 4.70259e-05 0.083742 0.00945248 0.19063 0.0342338 3.59593e-05 0.0825065 0.164052 0.013828 0.000177372 
0.385518 5.40926e-07 0.000171068 0.0236087 7.07282e-06 9.25219e-06 1.01662e-05 1.70789e-05 1.16798e-05 0.00429606 0.000107417 1.32124e-05 0.000392569 0.000126404 4.00489e-07 3.42251e-05 0.0126321 2.04082e-05 2.8083e-05 0.00116849 4.024e-07 0.0390809 0.0596987 0.23534 0.237706 
0.31248 0.0050936 2.94552e-08 0.0199293 0.0230505 0.0431592 0.00412172 0.01558 0.00401648 0.00254695 0.000477892 3.57931e-05 0.00546943 0.000640268 8.25685e-05 1.75808e-05 0.0517503 0.0774889 0.00558682 0.00610099 4.03156e-05 0.102473 0.312095 0.0076246 0.000138304 
0.259399 0.000186338 1.9332e-08 0.00615525 0.0791249 0.0764922 0.0439643 0.155046 0.000664442 0.0202716 0.0027242 0.000126568 0.0311029 2.33633e-05 0.00311549 2.27407e-05 0.0133576 0.0753068 0.0268893 0.0211072 6.89594e-07 0.0643211 0.0980993 0.0193676 0.0031311 
0.471472 2.46978e-07 2.63473e-10 0.0351832 0.00888027 0.00495558 0.00049271 0.00689367 0.000635588 0.00377213 1.81369e-06 6.79986e-08 0.00031068 0.000152096 1.6067e-10 3.43121e-06 0.00871867 0.00671536 0.0121891 0.00478147 1.61437e-10 0.0316592 0.401526 0.00159391 6.33372e-05 
0.37903 6.58812e-05 0.00209608 0.0321117 0.0112696 0.115546 0.00125975 0.00695169 0.000795072 0.0183295 0.023456 0.000310053 0.102365 0.000112748 0.000390279 0.000100271 0.0328381 0.0444325 0.0988099 0.0240032 1.98783e-05 0.0246516 0.0133409 0.06519 0.00252486 
0.275252 3.91388e-12 4.75183e-12 0.0046809 0.0543169 0.0583066 0.00133322 0.0169355 0.0266807 0.0326538 0.0270061 0.00297124 0.00317857 0.00720855 0.00338441 1.35126e-08 0.274247 0.0052569 0.0436061 0.0132664 1.02891e-06 0.00504654 0.13588 0.00804218 0.000745361 
0.533701 0.000184156 1.83884e-05 0.0337188 0.0183881 0.00246396 0.000715477 0.0179061 0.00477881 0.00848278 0.0089839 0.000117417 0.0375784 2.54702e-06 0.00139171 1.04296e-05 0.00767374 0.041492 0.00710491 0.0172572 7.35464e-05 0.0288767 0.14937 0.0792285 0.000481178 
0.351131 3.87593e-06 2.23638e-07 0.0141831 0.019207 0.0119511 0.00830769 0.0147384 0.0173308 0.0411622 1.08044e-05 0.000131553 2.69964e-05 0.00245293 0.00174412 2.72213e-05 0.0533812 0.00558643 0.223156 0.00269739 5.08748e-06 0.0652631 0.135351 0.0294298 0.00272123 
0.390708 7.51688e-05 8.57939e-09 0.05049 0.111555 0.00960685 0.000757387 0.00359419 0.00120594 0.0229031 8.78573e-05 0.00816893 0.00479015 0.000131105 0.000218266 1.07413e-06 0.0581907 0.0022773 0.0158501 0.0181837 1.19275e-06 0.00740902 0.260342 0.0243887 0.00906459 
0.43434 0.000305177 1.66709e-05 0.0428987 0.029418 0.025472 0.00385196 0.0269226 0.00908721 0.0253242 0.0121858 0.00954371 0.0159088 0.00453376 0.00304281 2.68244e-05 0.0524198 0.0153348 0.0513021 0.0324728 0.000118682 0.0174188 0.0697139 0.110191 0.00814906 
0.285782 0.00133414 8.79079e-11 0.0713477 0.0202514 0.011856 0.039104 0.0188025 0.0012032 0.0480401 0.00307533 0.00177895 0.00974464 1.13473e-05 0.000682263 4.88824e-05 0.0504074 0.00350097 0.0235838 0.0188432 0.000701772 0.165239 0.181672 0.0425813 0.000408054 
0.374367 0.000679105 3.64817e-07 0.0261293 0.0696155 0.00625359 0.00462481 0.251007 0.0828447 0.000993687 0.040119 3.15038e-06 0.000415133 0.000300701 0.00551652 1.37636e-05 0.00890499 0.000858339 0.0238525 0.0141806 1.14832e-07 0.00720594 0.024196 0.0514214 0.00649706 
0.857455 5.94305e-05 3.7028e-05 0.0296844 1.35667e-05 0.00215901 1.26433e-07 0.00187724 1.97617e-05 0.000108671 0.000182617 1.16727e-06 0.000245467 1.1811e-05 3.32094e-07 9.62133e-06 0.00169301 0.0107119 0.000106517 0.00396173 2.20313e-06 0.00450116 0.0871577 8.03617e-08 3.12066e-07 
0.339781 0.000846808 1.95891e-11 0.0168175 0.0209491 0.0684484 0.00070586 0.0236081 0.00551478 0.00989582 0.0026573 0.00568028 0.00600615 0.00158161 0.000998574 9.00459e-06 0.0754709 0.0120141 0.0758877 0.00276792 3.14141e-05 0.0255733 0.264643 0.0399494 0.000161828 
0.257222 0.00232542 4.77234e-10 0.016807 0.0307356 0.049769 0.00131634 0.0156326 0.0351491 0.240072 0.00516559 0.000250246 0.00261423 0.000388316 0.000723574 2.5923e-05 0.0660741 0.018737 0.068078 0.00967365 0.000532945 0.0146801 0.121325 0.0321347 0.0105678 
0.406044 3.68478e-06 1.92337e-09 0.0105676 0.018499 0.00584995 0.000771711 0.00191678 0.000653332 0.161073 0.000406975 0.117648 0.000887399 0.00109466 5.52853e-05 3.38372e-06 0.0100443 0.0407814 0.0298736 0.0236452 1.42146e-08 0.00300576 0.146977 0.00327379 0.0169229 
0.335327 0.000137529 0.0379551 0.0615667 0.00142928 0.0144345 4.99769e-05 0.00401287 1.09372e-08 0.249332 0.0166641 6.0833e-05 0.120706 8.9036e-06 9.47305e-12 1.24458e-05 0.0236206 0.000371031 0.00436087 0.0624572 1.7791e-09 0.0236918 0.0421431 0.00163867 1.9341e-05 
