7.02294e-09 5.4023e-06 9.15346e-08 0.0110144 0.0175393 0.00331347 0.00322217 1.48787e-05 0.957861 0.000162038 2.57689e-05 1.48305e-08 3.6857e-05 7.56433e-08 5.58193e-08 7.68114e-06 0.00264733 0.000373844 2.60555e-06 6.96835e-05 5.60857e-08 0.000638823 0.00243986 0.000593092 3.10485e-05 
3.88474e-07 4.17037e-06 4.02119e-05 0.000765024 0.00307454 0.00115811 0.00481578 0.0083969 0.012774 1.22772e-06 0.00176655 8.2035e-07 1.05395e-06 0.000323696 0.00143918 6.76182e-06 7.53867e-07 5.06531e-07 0.000369283 0.000684706 3.10238e-06 0.950131 0.00146077 0.0123556 0.000425874 
3.92684e-09 3.18567e-06 5.11811e-08 0.0109702 0.0175156 0.00329788 0.0031987 8.77988e-06 0.958113 0.000155421 1.52055e-05 8.29241e-09 2.17494e-05 4.22955e-08 3.12111e-08 4.73036e-06 0.00262755 0.000368764 1.5392e-06 4.11763e-05 3.136e-08 0.000628153 0.00242772 0.000582121 1.83207e-05 
5.9288e-12 6.36473e-11 7.7274e-11 8.7991e-12 0.361017 4.93787e-08 0.000878674 9.86605e-08 0.00682276 4.87355e-08 3.31536e-11 1.252e-11 1.60852e-11 6.38585e-11 3.48757e-07 1.03198e-10 1.15054e-11 0.631281 2.41949e-08 3.08291e-09 4.73479e-11 1.08735e-11 9.87818e-09 9.57969e-08 4.42809e-11 
4.37188e-08 2.24014e-05 6.65996e-06 6.48843e-08 0.0751744 5.1277e-08 0.000234111 0.0183604 0.784275 3.67978e-05 4.73224e-05 5.02597e-06 3.29524e-05 0.0100877 3.47483e-07 7.60975e-07 0.00904939 0.0279648 0.00111259 0.0215267 1.29555e-05 8.01808e-08 0.0115435 0.0405029 2.91624e-06 
3.06067e-08 0.000137026 3.98917e-07 6.02833e-05 0.000182742 0.331201 0.000346875 0.000217783 1.01161e-07 9.67285e-08 0.000155932 6.4633e-08 8.30378e-08 3.29661e-07 2.43266e-07 0.000222174 0.0001545 3.9908e-08 0.00057463 0.000199788 0.000114646 0.000391225 0.332589 0.000101007 0.33335 
2.14228e-06 2.29979e-05 6.71841e-05 0.000430881 8.29509e-05 0.0002675 6.48248e-06 0.00151678 0.000471714 6.77039e-06 0.00121921 4.5239e-06 0.000174716 2.30742e-05 0.000591656 3.72888e-05 4.15728e-06 2.79331e-06 0.00014567 0.993151 1.71084e-05 3.92896e-06 0.000295924 0.00119764 0.000255988 
2.31516e-12 2.48538e-11 3.0175e-11 0.000779427 0.106183 6.58489e-07 0.00106521 0.00223389 0.889721 4.24445e-08 1.29462e-11 7.82727e-09 6.28116e-12 2.49363e-11 1.84012e-11 4.02979e-11 4.49277e-12 2.44548e-08 1.23239e-07 5.98933e-12 1.8489e-11 2.10607e-07 1.40414e-07 6.2789e-08 1.71168e-05 
3.29091e-10 3.53288e-09 4.28926e-09 2.47141e-05 1.53746e-05 3.34266e-05 2.04154e-05 3.3382e-05 1.30535e-05 0.0184175 1.93246e-05 6.94949e-10 0.0284561 3.5446e-09 6.80333e-06 8.0252e-06 0.000504198 0.000280161 0.00140662 1.20902e-05 3.41921e-06 0.000160788 0.000136085 0.950446 2.95195e-06 
2.01272e-09 2.1607e-08 2.6233e-08 2.98713e-09 3.13444e-05 2.36068e-09 6.09043e-09 3.22021e-09 6.65239e-09 6.36093e-09 1.1255e-08 4.2503e-09 5.46061e-09 2.16787e-08 3.20107e-05 3.50336e-08 3.90585e-09 2.62438e-09 4.1048e-09 9.32086e-05 0.999613 3.69134e-09 1.04152e-06 9.79432e-05 0.000130798 
4.42659e-10 4.75206e-09 5.76946e-09 0.18918 0.0840395 0.0449463 3.09041e-06 0.158088 0.000735929 5.37557e-06 2.72825e-05 6.5173e-07 0.124077 4.76783e-09 3.51831e-09 3.4297e-07 8.59018e-10 5.77183e-10 9.02773e-10 0.0737001 1.54176e-06 0.303282 0.0219117 1.85314e-06 3.30612e-09 
2.31516e-12 2.48538e-11 3.0175e-11 0.000779427 0.106183 6.58489e-07 0.00106521 0.00223389 0.889721 4.24445e-08 1.29462e-11 7.82727e-09 6.28116e-12 2.49363e-11 1.84012e-11 4.02979e-11 4.49277e-12 2.44548e-08 1.23239e-07 5.98933e-12 1.8489e-11 2.10607e-07 1.40414e-07 6.2789e-08 1.71168e-05 
3.27409e-09 1.22772e-05 4.26734e-08 0.000518029 0.00602214 0.00197847 0.0818991 1.5904e-05 1.08215e-08 1.03474e-08 3.01658e-05 0.000138787 6.65667e-05 3.52649e-08 1.14636e-05 5.69893e-08 5.11723e-06 2.44704e-06 0.000249318 8.47011e-09 1.21688e-05 0.000148083 0.00391492 0.904975 2.44535e-08 
1.68821e-08 1.81234e-07 6.43643e-05 6.58312e-05 0.0247679 0.177871 7.74038e-05 0.346671 0.00198321 0.012732 9.44036e-08 3.56503e-08 4.5802e-08 1.81835e-07 0.00293553 5.28384e-05 3.27611e-08 7.77914e-06 3.44298e-08 0.203912 1.34821e-07 2.17675e-05 0.00171027 0.227113 1.19286e-05 
2.97623e-07 3.19506e-06 3.87912e-06 4.4171e-07 0.00122821 3.49077e-07 9.00601e-07 0.976355 0.00432924 9.40599e-07 1.66429e-06 6.28498e-07 8.07468e-07 3.20566e-06 2.36555e-06 5.18046e-06 5.77564e-07 3.8807e-07 0.000304098 7.69953e-07 2.37684e-06 0.00207475 0.00136765 0.0143113 2.22288e-06 
1.3354e-10 1.43359e-09 5.03029e-08 1.05638e-06 0.01103 1.5996e-06 6.65238e-06 1.16007e-05 0.0199749 4.22037e-10 2.43845e-06 2.82e-10 3.62303e-10 4.42883e-07 0.000870308 2.32442e-09 2.59147e-10 1.74123e-10 0.00132534 9.44964e-07 1.06646e-09 2.15959e-06 0.000935647 0.965836 5.85387e-07 
1.10834e-07 1.18984e-06 1.44458e-06 0.000121787 0.00177275 0.00805839 3.62062e-05 0.0333747 3.66328e-07 3.50278e-07 0.0442495 2.34052e-07 3.007e-07 0.000117772 0.0334862 3.37795e-05 0.00417115 1.44517e-07 2.26039e-07 2.86729e-07 0.000147367 0.0936708 0.00303708 0.775818 0.00189938 
9.27735e-08 0.000399375 1.20918e-06 1.37688e-07 0.000191456 1.08812e-07 2.8073e-07 0.998987 3.06633e-07 2.93199e-07 5.18784e-07 1.95912e-07 2.517e-07 9.99252e-07 7.37376e-07 1.61483e-06 1.80035e-07 6.06045e-05 1.89205e-07 2.40006e-07 7.40896e-07 1.70147e-07 0.000191871 0.000160769 6.92905e-07 
1.65506e-08 1.3234e-05 2.15715e-07 0.0128437 0.00852587 9.89218e-05 0.03241 0.000890298 7.50857e-05 8.2536e-05 6.58794e-07 0.00545758 0.00694588 1.28637e-06 1.91793e-05 1.7849e-05 1.00372e-06 2.81294e-07 0.00822587 0.923148 1.32175e-07 6.51162e-05 0.00108475 6.49423e-05 2.74762e-05 
2.08562e-09 2.23897e-08 2.71832e-08 6.45423e-05 0.821262 2.95301e-06 2.90937e-06 0.0924761 0.0343395 6.59133e-09 1.16627e-08 4.40425e-09 0.0240776 2.2464e-08 1.65768e-08 6.9534e-06 4.04732e-09 0.000113464 9.03508e-06 5.59614e-05 1.66559e-08 9.6868e-06 0.0041224 0.0234569 1.5577e-08 
7.43711e-10 5.24189e-06 9.69328e-09 1.15247e-05 0.000857178 8.72286e-10 2.79256e-06 1.12249e-06 2.4581e-09 2.3504e-09 3.98868e-06 0.000247298 6.15866e-05 8.01043e-09 5.91112e-09 1.29451e-08 1.44324e-09 1.64927e-07 1.51675e-09 0.0112084 5.93933e-09 2.35413e-05 0.00235528 0.985222 5.55462e-09 
1.05148e-09 6.18024e-05 0.000480761 1.95742e-05 1.58463e-05 3.15093e-06 5.90083e-06 0.0082162 0.00254868 4.44726e-07 0.984873 2.22043e-09 7.41244e-06 5.27654e-06 8.35729e-09 1.83022e-08 7.43702e-07 4.35959e-07 2.14442e-09 0.00138642 8.39718e-09 0.00236883 2.68954e-06 2.62841e-06 7.85326e-09 
1.15838e-08 0.668094 1.50979e-07 1.97418e-05 1.49101e-05 1.35864e-08 3.50523e-08 0.177091 3.82865e-08 3.6609e-08 6.47759e-08 2.44618e-08 3.14275e-08 1.24768e-07 9.20695e-08 2.01629e-07 1.70944e-05 1.51041e-08 2.36243e-08 0.000185694 9.25089e-08 2.12448e-08 6.66684e-06 0.15457 8.65167e-08 
8.85429e-11 9.50531e-10 1.15404e-09 1.31409e-10 0.796749 1.0385e-10 0.0305392 0.0650278 0.000868521 2.79828e-10 1.63441e-06 1.86978e-10 2.40222e-10 9.53685e-10 7.03751e-10 1.54119e-09 4.691e-06 8.31362e-07 1.80577e-10 2.29061e-10 7.0711e-10 1.62389e-10 1.69345e-06 0.106806 6.61307e-10 
1.07659e-09 1.15575e-08 1.40319e-08 2.02828e-06 0.0126241 0.0187043 3.25774e-09 1.21633e-05 0.0680875 3.40242e-09 0.144309 0.00185723 1.87353e-05 1.15958e-08 0.311978 1.87393e-08 2.08922e-09 1.78197e-06 2.19563e-09 0.00754087 8.59773e-09 1.97448e-09 0.0197156 0.415144 4.266e-06 
8.29925e-09 8.90947e-08 1.0817e-07 8.4264e-06 3.58901e-05 4.75349e-06 3.26486e-05 1.32782e-08 2.07378e-06 0.000294746 4.6409e-08 1.75257e-08 2.25164e-08 1.2536e-05 0.00821194 0.944946 0.00271631 0.00163548 1.69258e-08 0.0116704 6.62784e-08 1.52209e-08 1.00029e-06 0.0304201 7.06389e-06 
7.77441e-12 8.34604e-11 1.01329e-10 1.88084e-07 3.98436e-08 4.66874e-07 0.000406717 0.0114537 1.77326e-07 9.09336e-08 2.52194e-07 4.106e-08 1.45559e-07 8.37373e-11 3.20707e-06 4.33168e-07 5.11461e-07 1.0137e-11 0.00114623 2.01125e-11 0.000628733 0.0553336 0.0226105 0.908097 0.000317532 
1.12347e-10 5.06675e-06 1.4643e-09 1.66738e-10 0.0347024 2.50495e-07 2.10809e-06 6.41718e-06 4.83098e-07 3.55059e-10 6.2824e-10 1.47117e-06 3.04805e-10 1.21008e-09 4.73355e-06 1.95553e-09 2.11501e-06 1.01092e-06 8.93814e-07 2.9355e-08 5.02529e-06 2.06046e-10 5.09809e-07 0.965255 1.25034e-05 
3.65132e-09 3.91978e-08 4.759e-08 0.000516979 0.000145312 0.000325907 0.000607695 3.2136e-05 3.74236e-05 0.124792 6.14581e-06 7.71058e-09 9.90623e-09 3.93279e-08 0.000148037 6.35553e-08 7.0857e-09 6.09449e-05 7.44661e-09 0.00152081 2.91597e-08 0.000170769 0.000121212 0.871422 9.27483e-05 
6.26809e-12 6.72896e-11 8.16961e-11 9.30264e-12 0.000256134 1.32338e-07 4.68507e-07 1.00285e-11 6.38892e-05 2.57722e-08 0.000447692 1.32497e-08 0.999231 3.10627e-07 2.49597e-08 1.09103e-10 1.21638e-11 1.29141e-07 1.91877e-08 1.62156e-11 5.00574e-11 9.19775e-08 3.63596e-10 1.20556e-11 1.87729e-08 
5.46995e-10 5.87213e-09 7.12934e-09 1.32333e-05 8.53998e-05 6.4156e-10 4.63471e-05 0.000273399 9.58373e-06 4.28737e-05 2.04968e-05 7.27831e-06 0.221624 5.89162e-09 8.95647e-05 1.61952e-05 3.52425e-05 4.92197e-06 1.11556e-09 3.68063e-06 4.36834e-09 6.23998e-05 1.84413e-05 0.777646 4.08538e-09 
1.01583e-08 0.000414509 1.324e-07 1.50763e-08 0.000131156 0.000150135 6.45824e-05 0.000575358 0.000188054 0.000661377 5.68049e-08 4.29248e-05 2.75877e-05 1.09414e-07 0.000621779 1.76817e-07 0.000141954 1.32454e-08 2.07172e-08 2.65425e-06 0.000275906 1.86305e-08 1.17268e-06 0.9967 7.58704e-08 
2.9037e-10 3.1172e-09 3.78458e-09 0.08519 0.568426 3.08218e-05 8.78652e-10 0.174572 9.59725e-10 7.15879e-06 0.0127069 1.77884e-06 7.8779e-10 3.12754e-09 9.25464e-07 4.24604e-05 0.0771869 3.78613e-10 4.74344e-07 1.78791e-05 2.31891e-09 9.58627e-06 0.0817941 1.12818e-05 2.17088e-06 
1.81687e-08 0.000436137 8.58614e-07 0.00109533 0.353629 0.00040529 0.200339 0.1589 0.0758941 0.000546887 0.00156537 5.56873e-05 4.92928e-08 7.03105e-06 0.00217428 8.74529e-05 2.31536e-05 4.62853e-05 1.55602e-05 0.00296452 1.45097e-07 0.000209954 0.00772196 0.193665 0.000216149 
1.64701e-11 0.000874352 2.14666e-10 2.44438e-11 0.0177352 2.4342e-07 0.00116239 0.0326508 0.00118941 0.00418312 9.21001e-11 0.0001671 4.9247e-05 1.77398e-10 0.0058481 2.86681e-10 0.00110498 3.52218e-07 1.57905e-07 4.30345e-09 4.47339e-07 3.02064e-11 4.63601e-08 0.935034 1.23012e-10 
5.94454e-10 6.38801e-06 7.7479e-09 8.82245e-10 0.0112206 6.97224e-10 1.08108e-06 0.202793 6.48571e-06 0.000114978 4.65713e-06 1.25532e-09 2.90464e-06 7.04946e-06 3.82756e-05 2.48435e-05 2.53906e-06 8.52695e-06 1.3822e-05 1.53786e-09 4.74735e-09 1.15576e-05 2.01468e-06 0.785721 1.99838e-05 
4.90378e-10 5.26434e-09 6.39142e-09 4.9176e-07 0.138421 0.000593839 0.000763982 0.0362136 0.00144547 0.000251562 0.00169778 1.03554e-09 3.8131e-07 5.2818e-09 8.37695e-06 1.13912e-06 9.51621e-10 1.08015e-06 2.13704e-06 1.26861e-09 3.76747e-07 0.0344656 0.0347483 0.751383 1.18615e-06 
4.17789e-09 0.000937635 5.44532e-08 6.20053e-09 0.0555209 0.00159904 1.98364e-06 0.222411 4.5598e-05 0.12685 1.77917e-07 0.000245684 1.13349e-08 4.49996e-08 0.00665308 0.000389518 2.14623e-05 0.00149947 0.00589308 0.000289645 1.74759e-06 1.71078e-05 2.98668e-06 0.577619 3.12038e-08 
4.83075e-10 5.62434e-07 6.29623e-09 1.70074e-06 0.00905968 7.41667e-06 3.88103e-07 3.71302e-07 0.0313141 4.55816e-07 8.66036e-05 0.00185572 1.31061e-09 5.20314e-09 0.49448 8.40846e-09 5.66589e-07 1.4942e-06 8.4789e-07 0.00169141 4.82176e-07 8.85964e-10 5.47382e-06 0.461493 3.60798e-09 
6.34226e-13 6.80858e-12 8.26628e-12 2.74337e-06 0.034968 0.000426891 0.00083032 1.22121e-08 0.963727 1.37089e-09 3.54656e-12 2.53664e-10 1.72069e-12 6.83117e-12 5.04091e-12 5.81985e-10 1.23077e-12 7.89561e-10 3.97642e-09 1.64075e-12 3.48172e-10 3.49531e-06 4.13566e-05 2.02645e-09 5.47084e-09 
1.67335e-08 0.000264566 2.18099e-07 0.0377234 0.0549153 0.00128788 0.0043725 0.0200965 0.647062 0.0891879 3.80899e-06 3.60145e-05 4.88731e-05 1.80235e-07 0.000293801 2.91265e-07 0.00324411 0.000674371 0.00209517 0.0481971 2.71589e-06 0.00645364 0.00259419 0.0794363 0.00200892 
5.47172e-10 5.87404e-09 7.13165e-09 8.12073e-10 0.114003 6.41768e-10 2.48525e-06 3.1254e-05 0.00776677 1.72927e-09 3.05976e-09 1.15548e-09 1.48451e-09 5.89353e-09 3.48354e-06 9.52415e-09 1.06184e-09 7.13457e-10 1.11592e-09 0.000257487 4.36976e-09 1.00352e-09 3.1429e-06 0.877871 6.0896e-05 
6.34226e-13 6.80858e-12 8.26628e-12 2.74337e-06 0.034968 0.000426891 0.00083032 1.22121e-08 0.963727 1.37089e-09 3.54656e-12 2.53664e-10 1.72069e-12 6.83117e-12 5.04091e-12 5.81985e-10 1.23077e-12 7.89561e-10 3.97642e-09 1.64075e-12 3.48172e-10 3.49531e-06 4.13566e-05 2.02645e-09 5.47084e-09 
4.30845e-06 4.62523e-05 5.61549e-05 6.39429e-06 0.000110219 5.0533e-06 1.30373e-05 6.89322e-06 0.00037515 1.36163e-05 2.40926e-05 9.09826e-06 1.16891e-05 4.64058e-05 0.000369569 7.49934e-05 8.36092e-06 5.61778e-06 8.78679e-06 1.1146e-05 3.44076e-05 7.90174e-06 2.81304e-05 0.998691 3.21789e-05 
8.32282e-11 8.93477e-10 1.08477e-09 0.00552354 0.0848397 0.545938 2.51847e-10 0.219497 8.9279e-05 2.63032e-10 0.0301814 1.75755e-10 0.0549595 1.13328e-06 6.61509e-10 4.53313e-07 0.0285463 7.49392e-05 2.35715e-07 0.00483147 6.64666e-10 1.89217e-06 0.0255144 6.12563e-07 3.17178e-07 
1.23263e-11 4.63277e-07 1.62264e-08 3.49431e-07 0.0122267 5.34445e-05 2.20069e-06 0.117824 0.0397053 3.03894e-07 8.06528e-07 8.59246e-08 3.34421e-11 1.46175e-07 6.56505e-07 2.14554e-10 2.39203e-11 1.60723e-11 1.68454e-07 3.12537e-07 9.8439e-11 0.00450139 0.0134193 0.812071 0.000193618 
2.89761e-07 3.11066e-06 3.77664e-06 6.015e-05 0.000385611 3.39855e-07 0.00021004 0.00123434 4.42022e-05 0.000194403 9.41113e-05 3.34546e-05 4.29811e-05 3.12098e-06 0.000406501 7.80919e-05 0.000159612 2.25881e-05 5.90947e-07 7.49613e-07 2.31405e-06 0.000282145 8.33929e-05 0.996652 2.16416e-06 
9.07888e-12 9.74642e-11 1.18331e-10 0.000177463 0.0149899 1.48387e-06 2.74725e-11 2.64961e-07 0.00075207 5.85285e-07 2.24088e-07 2.28346e-08 4.13071e-07 9.77876e-11 0.90385 1.58028e-10 1.76184e-11 0.00328525 1.85158e-11 0.00172714 7.25046e-11 4.18028e-07 0.00314348 0.072071 6.78082e-11 
1.29882e-07 1.39432e-06 1.69284e-06 1.92761e-07 0.988245 0.00181295 3.9302e-07 0.00164184 4.29283e-07 4.10475e-07 7.26293e-07 2.74275e-07 3.52377e-07 1.39894e-06 0.0024786 2.26074e-06 0.00221827 1.69353e-07 2.64885e-07 3.36005e-07 1.03725e-06 2.38205e-07 0.000343212 0.00324772 9.7006e-07 
1.26148e-09 1.35423e-08 3.25564e-06 0.000325347 0.739002 1.47956e-09 3.68691e-06 1.49642e-06 0.00157005 3.98673e-09 7.0541e-09 4.72603e-06 3.42246e-09 4.57562e-06 0.0157785 2.19574e-08 2.448e-09 0.242725 2.57269e-09 9.14557e-05 1.16891e-07 2.31356e-09 2.15818e-07 0.000490286 9.42169e-09 
4.65424e-10 6.16979e-06 6.06617e-09 0.00705104 0.434264 1.41176e-05 9.86269e-06 0.0291378 0.100431 0.00629322 0.343046 9.82847e-10 1.26272e-09 5.01302e-09 0.0229852 9.81631e-07 0.0122629 9.36948e-07 0.000344782 0.00456452 3.71691e-09 0.030516 0.00853621 0.000535176 3.18971e-07 
1.53851e-10 1.65163e-09 2.00524e-09 1.82441e-05 0.02 1.80449e-10 4.65549e-10 0.051975 0.335913 9.19015e-06 2.4958e-06 3.2489e-10 1.67004e-06 1.65711e-09 4.16996e-05 2.67794e-09 3.01546e-08 2.00606e-10 0.00166645 3.98013e-10 1.22866e-09 1.0725e-06 0.0332995 0.557072 1.14908e-09 
2.68088e-08 2.878e-07 3.49417e-07 3.97877e-08 0.211393 3.14436e-08 0.0552799 4.28923e-08 0.732615 8.47258e-08 1.49914e-07 5.66129e-08 7.27339e-08 2.88755e-07 2.1308e-07 4.66638e-07 4.8086e-06 3.4956e-08 9.29158e-05 6.93546e-08 2.14097e-07 4.91677e-08 2.4046e-05 1.7861e-05 0.000570055 
9.0399e-11 0.000165621 3.3771e-07 8.8517e-05 0.639477 0.00153724 0.0105438 0.07172 0.0145509 0.00135194 0.00703999 1.90898e-10 1.47814e-07 2.60265e-06 3.72425e-05 3.65921e-07 1.78044e-05 0.0108149 3.87389e-05 0.000332403 7.21933e-10 0.000845922 0.000892878 0.240538 3.56014e-06 
7.27614e-10 4.35283e-06 9.48348e-09 0.0171071 0.114413 8.53406e-10 0.0196599 0.109006 3.40757e-06 0.220288 0.160843 1.53652e-09 5.66633e-06 7.83705e-09 0.0382264 0.00939006 1.412e-09 4.35663e-06 1.48392e-09 0.0411246 5.81078e-09 1.33445e-09 8.19979e-06 0.269916 5.43439e-09 
5.65693e-11 6.07287e-10 7.37305e-10 1.36857e-06 2.89916e-07 3.39714e-06 9.2453e-07 0.0390872 0.00116255 6.61665e-07 1.83505e-06 1.19459e-10 0.0238317 6.09302e-10 2.33358e-05 3.15188e-06 5.81932e-07 7.37607e-11 5.95316e-06 1.46345e-10 0.000208942 2.18807e-05 0.260487 0.675156 3.29596e-06 
5.12076e-11 0.0129546 6.67423e-10 8.43142e-06 0.0836992 0.0520044 0.000356105 0.0764766 3.57386e-07 0.000871079 1.03188e-06 6.79755e-05 4.03115e-08 5.51551e-10 0.00185278 8.89086e-05 2.68289e-07 0.00112515 0.0020045 1.32474e-10 7.97652e-07 9.39153e-11 0.125659 0.642828 3.82459e-10 
3.86175e-08 4.63478e-05 5.03328e-07 9.40004e-05 0.253964 4.52938e-08 1.16856e-07 1.07222e-05 1.27638e-07 1.22046e-07 2.15947e-07 8.15497e-08 1.04772e-07 4.15945e-07 3.06937e-07 6.72182e-07 7.49407e-08 5.03534e-08 7.87578e-08 0.000268637 6.86485e-05 7.0825e-08 9.58908e-06 0.745535 2.88426e-07 
6.52156e-09 7.00106e-08 8.49997e-08 0.00177612 0.177579 7.94908e-05 0.00275498 0.0785378 0.000140883 0.000743468 0.000610206 3.98795e-05 5.12355e-05 7.02429e-08 0.00131192 4.10394e-05 0.00236304 2.88615e-05 1.33003e-08 1.68713e-08 5.20816e-08 0.00257854 0.000720658 0.730565 7.72567e-05 
1.08143e-07 1.16095e-06 1.4095e-06 0.000488514 0.0867608 0.00220389 3.27239e-07 0.00101494 0.00931716 0.000478051 6.04731e-07 2.28369e-07 0.00234857 0.000322194 8.59537e-07 3.89392e-05 0.00852399 6.85401e-05 0.000637257 0.000296369 8.63639e-07 1.98336e-07 0.0154786 0.87195 6.6436e-05 
4.9735e-13 5.33919e-12 6.48229e-12 1.58931e-05 0.034835 0.00093223 0.00547581 1.07272e-08 0.958396 5.07012e-05 2.78116e-12 2.22696e-10 1.34934e-12 5.3569e-12 3.95301e-12 5.04476e-10 9.65152e-13 6.93484e-10 1.50852e-05 1.28665e-12 3.97188e-12 6.22135e-06 0.000273336 1.77995e-09 4.80522e-09 
2.52982e-07 2.71583e-06 3.29728e-06 0.000144114 0.000112962 2.96718e-07 0.000174489 0.00993975 0.000288735 7.99518e-07 1.41466e-06 2.97979e-05 6.86355e-07 3.6865e-05 2.01074e-06 4.40344e-06 4.90934e-07 2.85518e-06 5.1594e-07 3.15965e-06 2.02033e-06 4.63972e-07 2.01702e-05 0.989226 1.88947e-06 
5.74559e-11 1.17255e-06 7.4886e-10 8.52719e-11 1.10924e-05 0.0374994 0.89656 0.00680079 0.0406703 1.81582e-10 8.67805e-07 1.21331e-10 1.16927e-06 6.18851e-10 4.56667e-10 1.00008e-09 1.54994e-06 7.49167e-11 2.64832e-06 1.04062e-06 4.58847e-10 0.00185186 0.0165953 3.06114e-06 4.29126e-10 
1.7884e-07 1.9199e-06 2.33094e-06 2.65422e-07 0.00064281 2.09759e-07 5.41167e-07 0.00603769 5.911e-07 5.65202e-07 1.00007e-06 3.77662e-07 4.85204e-07 0.000194553 1.42145e-06 3.11292e-06 0.000729161 0.000233423 3.64733e-07 4.62661e-07 1.42823e-06 3.27995e-07 0.000102816 0.992043 1.33572e-06 
1.59548e-07 0.000107841 2.0795e-06 2.3679e-07 0.000422174 1.87131e-07 0.000255907 0.000426092 9.85512e-05 9.42336e-05 8.92186e-07 3.88779e-05 0.000918776 1.71848e-06 0.0403665 2.77712e-06 7.11445e-05 0.000162823 7.32175e-05 4.12753e-07 1.27416e-06 2.92613e-07 2.14925e-05 0.956931 1.19163e-06 
1.06507e-08 1.14339e-07 1.38818e-07 0.126572 0.0564461 0.0104861 2.48759e-05 0.00239675 0.00684976 0.0598545 0.32115 2.24915e-08 0.0691583 1.63066e-05 4.93721e-05 6.83544e-06 0.00581263 1.04297e-05 2.68057e-05 0.0125068 8.50577e-08 0.0657093 0.00909444 0.253793 3.51666e-05 
5.92042e-08 0.00644877 7.71647e-07 0.0233429 0.0453752 0.0316574 0.000921 0.0195639 0.00132992 0.000961171 0.000572609 0.000155879 1.60624e-07 6.37682e-07 0.0278452 1.03052e-06 0.000331162 8.41645e-06 0.0816768 0.00094502 7.48346e-06 0.0023246 0.038663 0.717865 1.43734e-06 
6.06251e-08 0.00148863 7.90167e-07 8.99754e-08 0.0317134 2.27437e-05 8.9792e-05 0.0184233 7.90451e-05 0.000102879 0.680598 4.18179e-05 1.6448e-07 6.52986e-07 0.00601401 7.26454e-05 1.17648e-07 3.65464e-05 1.23641e-07 1.56838e-07 4.84157e-07 1.11187e-07 5.93257e-05 0.261255 4.52796e-07 
4.75429e-11 5.10385e-10 2.8381e-05 0.00518956 0.107763 1.65619e-06 1.78406e-06 0.0464496 3.10819e-05 0.0166097 0.0245703 0.00100168 1.28987e-10 5.12079e-10 1.00519e-05 8.27537e-10 4.0604e-07 6.19911e-11 5.8186e-07 1.46375e-06 3.79681e-10 1.55214e-06 2.35921e-06 0.798319 1.76128e-05 
7.52595e-10 7.44841e-06 9.80906e-09 1.53258e-05 0.00171329 8.82705e-10 3.63173e-06 1.5952e-06 2.48746e-09 2.37848e-09 5.18701e-06 1.0078e-06 8.1901e-05 8.10611e-09 5.98173e-09 1.30998e-08 1.46048e-09 2.14246e-07 1.53487e-09 0.0224063 6.01028e-09 3.13062e-05 4.60517e-05 0.975687 5.62097e-09 
4.88975e-07 0.000549452 6.37314e-06 7.25702e-07 0.00132829 0.995745 1.47963e-06 0.000811834 1.61615e-06 1.54534e-06 2.73432e-06 1.03258e-06 1.32662e-06 5.2667e-06 0.000663202 8.51117e-06 9.48899e-07 0.000180906 9.97232e-07 1.26498e-06 3.90499e-06 8.96786e-07 0.000119386 0.000559345 3.65205e-06 
1.81267e-08 0.00655806 2.36257e-07 2.69023e-08 0.00158994 9.9945e-05 0.000394981 0.00153421 0.000347548 0.000452624 0.0010036 0.000183775 4.91787e-08 1.9524e-07 0.00115273 0.00031583 3.51764e-08 0.000160744 3.69681e-08 4.68938e-08 1.44761e-07 3.32445e-08 0.000261319 0.985944 1.35384e-07 
8.21607e-10 8.82017e-09 1.07085e-08 1.21937e-09 0.0172194 9.63649e-10 7.79136e-07 0.0137411 2.28737e-06 5.03169e-06 4.59438e-09 3.90412e-06 2.50904e-06 8.84944e-09 1.63851e-06 1.4301e-08 0.045247 1.07129e-09 1.67561e-09 0.00251599 2.87616e-06 1.50684e-09 0.0103021 0.910955 6.13641e-09 
6.34226e-13 6.80858e-12 8.26628e-12 2.74337e-06 0.034968 0.000426891 0.00083032 1.22121e-08 0.963727 1.37089e-09 3.54656e-12 2.53664e-10 1.72069e-12 6.83117e-12 5.04091e-12 5.81985e-10 1.23077e-12 7.89561e-10 3.97642e-09 1.64075e-12 3.48172e-10 3.49531e-06 4.13566e-05 2.02645e-09 5.47084e-09 
3.87749e-11 4.16259e-10 3.77014e-08 0.00625516 0.00985197 1.22513e-06 5.09516e-06 0.0485424 0.0191384 0.000461688 0.00104649 3.34161e-05 1.05199e-10 8.95135e-05 0.00625426 6.74921e-10 0.0773781 5.05586e-11 1.32253e-05 0.151074 3.09659e-10 0.301905 0.00373496 0.374214 4.47899e-07 
1.90306e-10 0.0700864 2.48039e-09 0.0760941 0.331145 9.47076e-07 0.26682 0.0104016 9.26341e-07 0.00399385 5.47834e-06 3.06484e-07 7.25508e-07 2.04977e-09 0.0214595 5.34891e-07 7.67298e-05 0.000198362 7.94506e-07 0.00789861 1.0704e-06 0.0121201 1.48086e-05 0.193112 0.00656827 
1.15731e-09 9.95166e-06 1.5084e-08 4.98275e-06 0.0540825 1.35739e-09 3.502e-09 1.85162e-09 5.35897e-06 3.65753e-09 3.30116e-05 2.44392e-09 1.16206e-05 1.24653e-08 4.3242e-05 2.01443e-08 0.0122743 1.50902e-09 2.36026e-09 2.99397e-09 9.24237e-09 2.12252e-09 4.3211e-06 0.933531 8.6437e-09 
1.11163e-09 1.19336e-08 1.48749e-06 0.00363556 0.103239 9.94277e-06 3.36376e-09 5.67779e-05 0.0179972 3.51315e-09 4.52977e-05 2.34745e-09 6.33974e-06 1.19732e-08 0.172787 1.93491e-08 7.97821e-06 2.12279e-06 5.30344e-06 6.1498e-05 8.87753e-09 2.03874e-09 0.0974162 0.601665 0.00306418 
2.31235e-09 2.75706e-06 3.01384e-08 0.000955223 0.0384937 6.99237e-07 5.22687e-05 0.00161202 2.6434e-06 2.07967e-05 0.000324059 2.51301e-06 6.27355e-09 2.49061e-08 0.0266573 4.02491e-08 0.00310346 3.01508e-09 4.71589e-09 2.43463e-05 2.89471e-07 4.46808e-06 1.70097e-05 0.928725 1.16926e-06 
1.81137e-11 0.00160772 2.36088e-10 2.6883e-11 0.00630442 0.000120793 0.000475636 0.00868641 6.55229e-08 0.00226728 1.01291e-10 0.000271557 4.91435e-11 1.95101e-10 0.00190509 0.00958864 2.38423e-07 7.00582e-05 0.000132974 4.68603e-11 0.000374039 3.32207e-11 0.000239874 0.967955 1.02547e-07 
7.0853e-11 5.98406e-07 9.23474e-10 0.0163718 0.0262288 0.00491745 0.00475383 1.66815e-06 0.937644 0.000220651 2.88709e-06 1.49622e-10 4.13318e-06 7.63149e-10 5.63149e-10 1.53042e-06 0.00390403 0.000543582 2.97477e-07 7.99398e-06 5.65837e-10 0.000922105 0.00361869 0.000852492 3.47809e-06 
1.70178e-10 0.00199707 2.21804e-09 6.16181e-07 0.0238742 1.99599e-10 5.84436e-08 0.00261748 3.38604e-07 0.000112896 9.51625e-10 0.00206647 0.000163412 1.83297e-09 1.3526e-09 5.1219e-05 3.30245e-10 2.21895e-10 0.000168565 4.40251e-10 0.000547559 3.12108e-10 2.44097e-07 0.968399 5.30112e-07 
2.80832e-10 0.00214497 3.66027e-09 1.27186e-06 0.273019 5.38406e-07 0.00518387 0.0132899 0.000339232 0.000440978 5.40527e-06 0.000298245 5.60936e-07 3.02481e-09 0.0217855 0.00113979 1.74896e-06 0.000656327 0.00878585 1.05816e-05 2.24274e-09 5.15049e-10 0.000318393 0.672578 2.09747e-09 
6.39111e-10 6.92964e-07 8.32995e-09 0.150583 2.569e-05 7.49601e-10 3.03648e-05 5.15366e-05 7.37238e-05 7.67736e-06 3.57387e-09 4.32016e-06 1.73394e-09 6.88379e-09 5.07974e-09 1.11356e-05 4.01853e-05 8.33336e-10 1.30342e-09 1.38901e-05 2.55709e-06 0.267284 0.330249 0.251622 4.77338e-09 
1.96533e-10 2.10984e-09 2.58717e-07 5.5714e-06 2.24047e-05 8.43694e-06 0.0842469 6.11903e-05 9.3085e-05 6.27332e-08 1.28594e-05 4.56942e-07 5.33207e-10 0.000468458 0.0136181 3.42089e-09 3.8139e-10 1.79638e-07 0.00456864 0.0323955 1.56953e-09 1.13904e-05 1.06442e-05 0.864473 3.08399e-06 
2.59541e-09 1.84634e-05 3.38277e-08 0.00121322 0.10711 0.00670594 8.63848e-06 0.102611 0.000382519 0.157293 0.00812576 0.0188978 7.04149e-09 2.79548e-08 2.06287e-08 2.33935e-06 2.07956e-06 1.368e-06 0.00145905 2.44641e-06 1.21472e-06 1.67356e-05 0.00237189 0.593776 1.93845e-08 
8.00869e-10 8.59755e-09 1.04383e-08 1.18859e-09 0.952985 0.000165122 0.00171593 4.075e-07 0.0430283 2.0353e-06 4.47842e-09 1.69122e-09 2.17281e-09 8.62607e-09 1.55351e-06 1.394e-08 1.55416e-09 9.3209e-05 1.63332e-09 5.82719e-07 6.3958e-09 1.15891e-06 1.93821e-07 0.00199748 8.53937e-06 
3.8064e-08 4.08627e-07 4.96113e-07 9.99703e-06 1.75943e-05 2.47207e-05 6.82963e-06 4.1808e-05 9.49699e-06 4.92527e-06 0.00418305 8.03807e-08 7.79563e-06 4.09983e-07 0.000169808 2.35504e-05 7.32615e-05 4.96316e-08 4.332e-05 9.84718e-08 7.85163e-06 0.000159008 7.11525e-05 0.99512 2.42228e-05 
1.27815e-10 1.37212e-09 1.66589e-09 3.41637e-07 0.00648476 1.49912e-10 4.69149e-05 2.88358e-06 1.05655e-06 1.49499e-06 7.14733e-10 0.00123195 2.01161e-06 1.37668e-09 1.01589e-09 2.22476e-09 2.48036e-10 1.66657e-10 4.40558e-06 2.38106e-06 1.02074e-09 2.34413e-10 1.79857e-06 0.99222 9.5462e-10 
7.86992e-09 9.24378e-07 1.02574e-07 0.0319293 0.075413 0.000148695 1.06772e-05 0.171549 0.0157804 1.67975e-05 4.45601e-05 1.66191e-08 0.000205202 8.4766e-08 8.40123e-05 1.36985e-07 0.00761233 2.3256e-05 1.60502e-08 5.03625e-05 2.83184e-05 0.00530815 9.66528e-06 0.691785 5.87787e-08 
6.58535e-09 0.000469291 8.95709e-05 0.0014049 0.0343535 2.91769e-05 0.00109835 0.0392189 0.0441876 0.00149551 9.25773e-06 5.26879e-06 3.95456e-05 7.09301e-08 0.0011927 1.14625e-07 0.0130716 8.58663e-09 2.90449e-06 0.0305942 4.51222e-06 0.0368998 0.00238922 0.793388 5.55822e-05 
1.59983e-06 1.71746e-05 2.08516e-05 0.0240091 0.77643 4.19648e-05 4.84105e-06 2.55962e-06 5.28773e-06 5.05605e-06 0.00203866 3.3784e-06 0.0155913 1.72316e-05 1.27157e-05 2.78468e-05 5.34172e-05 2.08602e-06 0.000137697 0.00335019 1.27764e-05 0.090462 0.0832245 0.00451555 1.19488e-05 
3.14114e-11 1.08153e-06 1.01736e-08 0.00156244 0.138314 0.000831923 0.00834476 0.151169 0.0474198 7.87453e-07 0.034992 1.00809e-07 1.92061e-07 8.90977e-08 0.0584082 6.23335e-07 8.7974e-07 0.00013578 8.1895e-05 1.90012e-07 3.07156e-07 4.34227e-07 0.00392211 0.554814 1.17735e-07 
1.88415e-10 2.02268e-09 2.45573e-09 0.000103604 2.00623e-05 0.99947 5.4169e-06 3.69581e-05 2.12984e-05 5.65746e-06 1.11693e-05 3.9788e-10 2.7093e-05 2.02939e-09 1.49755e-09 3.27957e-09 4.9873e-05 2.45674e-10 1.97128e-05 2.37871e-05 1.50469e-09 5.25592e-05 0.000147645 3.62383e-10 5.34889e-06 
3.73533e-12 4.00997e-11 4.91718e-09 5.5437e-12 0.592782 4.68821e-08 0.401069 0.00130563 0.000765776 1.1805e-11 2.08877e-11 7.88798e-12 7.60163e-08 4.02328e-11 5.96747e-09 6.50176e-11 2.23268e-07 3.25354e-07 5.48568e-08 9.66331e-12 2.98306e-11 6.98833e-08 0.00119088 0.00288586 2.78983e-11 
7.29615e-08 4.61182e-05 9.50955e-07 1.08284e-07 0.00506331 8.55753e-08 1.31271e-05 0.00164854 0.000153776 6.50195e-05 0.000354629 6.54608e-06 1.97949e-07 7.8586e-07 1.0422e-05 1.26998e-06 3.59194e-05 9.51344e-08 1.488e-07 1.88752e-07 1.92619e-05 1.33812e-07 1.01565e-05 0.992569 5.44934e-07 
2.39684e-08 2.57307e-07 3.12395e-07 3.91649e-05 0.000425902 2.81121e-08 7.25278e-08 3.87312e-06 7.92198e-08 0.775398 0.00384679 2.53579e-05 6.50276e-08 2.58161e-07 1.90504e-07 4.17197e-07 4.65127e-08 3.12523e-08 4.88819e-08 6.20063e-08 1.91413e-07 0.00010994 0.220089 5.99748e-05 1.79015e-07 
8.24904e-08 8.85556e-07 1.07515e-06 1.22426e-07 0.00057647 9.67515e-08 2.49614e-07 0.000567641 2.72646e-07 2.607e-07 4.61282e-07 1.74197e-07 2.23801e-07 8.88494e-07 6.55645e-07 1.43584e-06 1.6008e-07 0.000129178 1.68233e-07 0.000789805 6.58774e-07 1.51288e-07 0.000279571 0.996725 0.000924771 
2.31672e-08 0.000391282 3.01953e-07 0.000114286 0.00814585 2.44552e-05 0.000700509 0.0026666 7.65717e-08 0.0364102 0.0013089 0.00402287 3.84457e-06 2.49531e-07 3.08639e-05 0.000721356 0.00427284 3.02076e-08 0.00226558 6.01426e-05 0.00208516 4.24888e-08 3.15098e-05 0.936743 1.7303e-07 
5.9288e-12 6.36473e-11 7.7274e-11 8.7991e-12 0.361017 4.93787e-08 0.000878674 9.86605e-08 0.00682276 4.87355e-08 3.31536e-11 1.252e-11 1.60852e-11 6.38585e-11 3.48757e-07 1.03198e-10 1.15054e-11 0.631281 2.41949e-08 3.08291e-09 4.73479e-11 1.08735e-11 9.87818e-09 9.57969e-08 4.42809e-11 
1.02897e-07 1.10463e-06 1.34113e-06 3.20556e-05 0.0179352 0.000139293 3.11365e-07 0.000226115 0.00993931 0.000201978 0.00162575 0.000835703 0.000315341 1.10829e-06 0.761338 0.000172086 9.18282e-05 2.81629e-05 2.09852e-07 0.000624131 8.21744e-07 1.88714e-07 0.00569917 0.20079 7.68517e-07 
2.49892e-09 2.25527e-05 3.25701e-08 2.62405e-05 0.108086 0.0340154 0.000292141 0.289589 1.84961e-05 7.89753e-09 0.000119404 5.27704e-09 0.0410791 2.69156e-08 1.98618e-08 4.34966e-08 4.84938e-09 7.4829e-05 0.000128707 1.81914e-05 1.99566e-08 0.0944976 0.237889 0.191446 0.00269662 
3.57711e-11 6.50904e-05 4.66228e-10 5.30888e-11 0.346979 0.0026632 0.344114 4.01768e-06 4.73037e-07 1.17584e-06 2.0003e-10 8.15893e-07 9.70489e-11 0.00768174 2.84313e-10 6.22636e-10 6.94169e-11 0.0764367 0.151307 1.52701e-06 2.88526e-08 3.48366e-06 0.0336151 0.0371252 5.88033e-07 
6.72549e-11 7.21999e-10 8.76577e-10 5.03905e-07 0.0656648 1.4557e-08 0.000494883 0.0733623 0.244444 0.00383607 3.76086e-10 1.42024e-10 1.82466e-10 7.24395e-10 1.12883e-06 0.0268772 1.07927e-07 0.000230884 1.37162e-10 4.79187e-07 5.37103e-10 1.23346e-10 0.000720015 0.58436 7.33003e-06 
3.37733e-08 0.000142437 4.4019e-07 0.000356137 0.000905022 3.96121e-08 9.08849e-05 3.04917e-05 1.11627e-07 1.06736e-07 0.000129825 1.92851e-05 0.0019031 3.63769e-07 2.68435e-07 5.87863e-07 6.55401e-08 5.37838e-06 6.88784e-08 0.0116756 2.69716e-07 0.000727464 0.00107007 0.982942 2.52246e-07 
2.16968e-12 5.51649e-08 2.82789e-11 0.000229907 0.0177634 0.000196641 0.0610381 0.00181532 0.000108532 0.000154174 6.77104e-09 0.0112668 5.64006e-05 2.45103e-07 2.27378e-07 9.42068e-06 1.16017e-08 3.87754e-08 0.0169942 0.888008 1.73273e-11 0.000106297 0.00225234 4.17301e-12 3.26507e-07 
3.0076e-08 3.22874e-07 3.92001e-07 0.976686 0.000288242 2.47282e-05 9.10094e-08 4.81196e-08 9.94067e-08 0.000503868 1.68184e-07 6.35123e-08 4.08806e-05 3.23945e-07 2.39048e-07 0.000209926 0.021099 0.000651026 6.1338e-08 8.56656e-05 2.40189e-07 5.51598e-08 8.46579e-05 0.000323996 2.24631e-07 
4.41028e-10 4.73455e-09 5.7482e-09 0.0149482 9.39497e-07 2.64849e-05 7.20785e-06 4.48072e-05 1.00594e-05 5.15849e-06 1.43065e-05 9.3133e-10 8.25728e-06 4.75026e-09 0.145727 2.45728e-05 2.57612e-07 5.75056e-10 4.64122e-05 1.14094e-09 8.10429e-06 0.000170587 7.63436e-05 0.838856 2.56961e-05 
3.64304e-08 3.9109e-07 4.74821e-07 0.000183882 0.998792 4.27285e-08 1.10238e-07 5.82861e-08 1.20409e-07 1.15133e-07 0.000570611 7.6931e-08 9.88377e-08 3.92387e-07 2.89554e-07 6.34112e-07 7.06963e-08 4.75015e-08 7.42973e-08 9.42457e-08 2.90936e-07 6.68137e-08 0.000232268 0.00021728 2.72091e-07 
1.70413e-08 1.82943e-07 2.22111e-07 2.52915e-08 0.99899 1.99874e-08 0.000201161 2.45657e-05 5.63246e-08 0.000188553 9.52941e-08 3.59866e-08 4.62341e-08 1.8355e-07 1.35447e-07 2.96623e-07 3.30702e-08 2.22201e-08 3.47546e-08 0.000440904 1.36093e-07 0.000131298 2.1542e-05 3.2776e-08 1.27278e-07 
1.50733e-12 1.61816e-11 1.96461e-11 4.58478e-06 0.0289426 0.000711597 0.0026073 4.70406e-08 0.967573 5.27785e-09 8.42892e-12 9.75162e-10 4.08948e-12 1.62353e-11 1.19805e-11 2.29922e-09 2.92511e-12 3.04024e-09 1.53156e-08 3.89948e-12 1.20377e-11 5.84386e-06 0.000154806 7.80427e-09 2.10672e-08 
2.64214e-08 2.83641e-07 3.44368e-07 3.92128e-08 1.67457e-05 3.09892e-08 7.99507e-08 1.81447e-05 8.73276e-08 8.35015e-08 0.000632851 5.57948e-08 7.16829e-08 2.84582e-07 0.965468 4.59895e-07 0.000241576 3.44509e-08 5.38847e-08 6.83524e-08 2.11003e-07 4.57006e-05 4.2351e-06 0.0335708 1.97336e-07 
2.74836e-09 9.14933e-05 3.58212e-08 4.07892e-09 4.02566e-06 3.2235e-09 4.16656e-06 0.222398 9.08383e-09 6.95736e-06 1.53687e-08 5.86182e-07 7.45646e-09 2.96023e-08 2.18443e-08 5.267e-05 5.33343e-09 2.15374e-06 3.64387e-05 7.11003e-09 6.58677e-05 7.06177e-06 1.48392e-05 0.777315 2.05269e-08 
7.2355e-07 7.7675e-06 9.4305e-06 3.1527e-05 0.000363325 8.48639e-07 2.18945e-06 1.15763e-06 0.000312424 2.28669e-06 4.04605e-06 1.52794e-06 1.96303e-06 7.79327e-06 0.99791 1.25942e-05 0.000274451 7.35642e-05 1.47563e-06 1.87183e-06 5.77832e-06 1.327e-06 6.27069e-05 0.000903453 5.40404e-06 
1.02034e-07 1.09536e-06 1.32988e-06 3.17955e-05 0.000245045 4.72283e-05 3.08753e-07 0.998732 0.000139209 6.8698e-05 5.70568e-07 2.15468e-07 2.76824e-07 0.000542445 8.1098e-07 1.77602e-06 1.98006e-07 1.03541e-05 5.13659e-05 2.63963e-07 8.32706e-06 7.26451e-05 1.51856e-05 2.79374e-05 7.62069e-07 
2.31516e-12 2.48538e-11 3.0175e-11 0.000779427 0.106183 6.58489e-07 0.00106521 0.00223389 0.889721 4.24445e-08 1.29462e-11 7.82727e-09 6.28116e-12 2.49363e-11 1.84012e-11 4.02979e-11 4.49277e-12 2.44548e-08 1.23239e-07 5.98933e-12 1.8489e-11 2.10607e-07 1.40414e-07 6.2789e-08 1.71168e-05 
6.06251e-08 0.00148863 7.90167e-07 8.99754e-08 0.0317134 2.27437e-05 8.9792e-05 0.0184233 7.90451e-05 0.000102879 0.680598 4.18179e-05 1.6448e-07 6.52986e-07 0.00601401 7.26454e-05 1.17648e-07 3.65464e-05 1.23641e-07 1.56838e-07 4.84157e-07 1.11187e-07 5.93257e-05 0.261255 4.52796e-07 
1.61178e-09 1.73029e-08 2.10073e-08 5.74337e-06 0.173998 1.22897e-05 4.8772e-09 7.53016e-05 0.000160354 1.02386e-06 2.61466e-05 3.40363e-09 4.37284e-09 1.73603e-08 0.00016527 2.80548e-08 9.38651e-06 2.10159e-09 3.28711e-09 6.21322e-05 2.06077e-05 1.56699e-05 8.60988e-06 0.82544 1.2038e-08 
8.00869e-10 8.59755e-09 1.04383e-08 1.18859e-09 0.952985 0.000165122 0.00171593 4.075e-07 0.0430283 2.0353e-06 4.47842e-09 1.69122e-09 2.17281e-09 8.62607e-09 1.55351e-06 1.394e-08 1.55416e-09 9.3209e-05 1.63332e-09 5.82719e-07 6.3958e-09 1.15891e-06 1.93821e-07 0.00199748 8.53937e-06 
1.58268e-11 0.175369 2.06281e-10 6.61053e-07 0.0651434 0.00580858 0.00414444 0.0218641 1.64637e-07 2.14404e-07 0.00404095 0.000132445 2.01718e-07 1.70469e-10 5.46038e-07 3.61551e-05 0.00354239 0.00010364 2.31925e-06 1.65159e-05 6.49954e-08 0.0177945 0.153836 0.548163 3.5401e-07 
2.08899e-08 2.24259e-07 2.72272e-07 3.10033e-08 0.0023884 2.45014e-08 6.32125e-08 3.34225e-08 6.9045e-08 6.60199e-08 5.85246e-05 4.41138e-08 5.66756e-08 2.25003e-07 0.000299031 3.63613e-07 4.05388e-08 2.72384e-08 0.000127853 5.40424e-08 1.66829e-07 3.83124e-08 2.16079e-05 0.997103 1.56022e-07 
3.51604e-10 0.167222 4.58269e-09 1.54686e-05 0.209336 8.28329e-06 0.00304925 0.063774 8.33867e-05 5.55999e-06 1.4976e-05 0.00243369 0.0195004 3.78709e-09 2.7946e-09 6.12007e-09 6.57268e-06 1.84893e-06 7.17073e-10 9.09602e-10 2.80794e-09 4.67098e-06 1.28314e-05 0.534513 1.80416e-05 
1.68642e-08 1.81041e-07 2.19802e-07 0.000790929 5.05147e-05 1.97797e-08 5.10306e-08 2.69815e-08 0.00017842 5.3297e-08 0.000613068 3.59686e-06 4.57534e-08 1.81642e-07 0.00163541 2.9354e-07 3.27264e-08 2.19892e-08 3.43933e-08 0.000484311 1.34678e-07 0.000145397 0.000187911 0.995909 1.25955e-07 
7.0853e-11 5.98406e-07 9.23474e-10 0.0163718 0.0262288 0.00491745 0.00475383 1.66815e-06 0.937644 0.000220651 2.88709e-06 1.49622e-10 4.13318e-06 7.63149e-10 5.63149e-10 1.53042e-06 0.00390403 0.000543582 2.97477e-07 7.99398e-06 5.65837e-10 0.000922105 0.00361869 0.000852492 3.47809e-06 
2.26011e-11 2.48162e-06 2.94575e-10 0.000479616 0.00696522 2.65084e-11 8.61379e-05 0.0227533 0.00825597 0.000984071 1.26384e-10 8.06394e-07 1.14724e-05 1.26418e-06 0.000365126 0.904068 6.01378e-05 0.000183655 4.60934e-11 7.71879e-06 1.80494e-10 5.91842e-07 2.35179e-05 0.0557479 2.83988e-06 
2.53961e-09 2.72634e-08 1.12421e-07 0.00228799 0.224404 2.61546e-06 0.0219555 0.446851 0.0106196 8.0261e-09 3.99587e-06 5.36296e-09 1.19788e-05 0.00220918 0.0373617 4.42047e-08 3.65567e-07 1.68298e-05 8.36753e-07 0.00511025 2.02815e-08 0.00657834 0.0201027 0.222482 9.73491e-07 
3.6607e-11 3.92986e-10 4.77123e-10 0.0499963 0.16892 4.29357e-11 0.00663928 0.141613 5.44587e-07 0.299099 1.31032e-06 6.60957e-06 8.93953e-07 3.9429e-10 0.0686097 6.37186e-10 7.10391e-11 6.49201e-07 5.22678e-07 2.74733e-07 2.92346e-10 0.00924041 0.0125109 0.243354 7.92916e-06 
2.22026e-11 2.3835e-10 2.89381e-10 0.00409366 0.0921486 0.265276 2.99531e-07 0.00532691 1.08472e-06 4.61792e-07 0.183327 4.68857e-11 0.00240537 2.80064e-07 1.4146e-07 0.00035723 0.0507633 2.89499e-11 8.95194e-07 0.0183878 1.77311e-10 0.0166723 0.344211 0.0170278 1.65826e-10 
1.43008e-07 5.19062e-05 1.86391e-06 0.0258733 6.13213e-06 1.30087e-05 2.78826e-05 5.57809e-05 0.000636686 4.51957e-07 7.99691e-07 4.65414e-05 3.87988e-07 1.54032e-06 0.00377073 2.48921e-06 0.00535148 1.86468e-07 2.91654e-07 0.00141263 6.13826e-06 2.62278e-07 0.000570868 0.962167 1.06809e-06 
4.19967e-08 4.50846e-07 5.4737e-07 6.23284e-08 4.97096e-05 4.92572e-08 1.27081e-07 1.74857e-05 2.58414e-05 1.32725e-07 2.34843e-07 8.86855e-08 1.13939e-07 4.52342e-07 3.33795e-07 7.31e-07 8.14983e-08 5.47595e-08 8.56494e-08 0.000251581 3.35389e-07 7.70224e-08 1.364e-06 0.99965 3.13664e-07 
4.16874e-08 4.47525e-07 5.43339e-07 0.00227066 0.000227517 4.88944e-08 1.26145e-07 6.66969e-08 1.37784e-07 1.31748e-07 0.991246 8.80323e-08 0.00158351 4.4901e-07 0.00205462 7.25616e-07 0.000647265 5.43561e-08 0.000314653 0.00136975 3.36247e-05 7.64551e-08 6.46684e-05 0.000184491 3.11354e-07 
5.28066e-07 5.66893e-06 6.88263e-06 0.0442321 0.0197751 6.19359e-07 1.59792e-06 8.44869e-07 1.74535e-06 0.000253249 2.95292e-06 1.11513e-06 0.00989101 5.68774e-06 0.0127247 9.19159e-06 1.02476e-06 6.88545e-07 4.16641e-05 0.000610883 4.21717e-06 0.000252811 0.000165949 0.912006 3.94401e-06 
1.82402e-09 0.827016 2.37736e-08 0.000185437 0.000370475 2.13936e-09 8.72128e-05 0.00043483 1.02548e-05 6.80279e-05 0.0027203 3.85183e-09 4.94867e-09 1.96463e-08 1.44976e-08 7.62297e-05 7.11472e-07 0.167425 0.000338148 4.71875e-09 7.28484e-05 3.34527e-09 0.000671823 0.000523423 1.36232e-08 
4.19006e-10 0.00139956 5.46117e-09 6.21858e-10 0.073087 4.91444e-10 1.2679e-09 0.000401129 1.38489e-09 0.000115125 2.34306e-09 0.0001368 4.11722e-06 4.51306e-09 1.79974e-06 1.85862e-06 2.37444e-06 5.46341e-10 8.54533e-10 1.08397e-09 0.00420778 7.68461e-10 5.88196e-07 0.92064 2.28699e-06 
3.26688e-11 3.50708e-10 4.25794e-10 1.46428e-06 0.00895271 6.7058e-07 0.0189416 0.106733 5.2919e-07 0.0975735 0.00133092 0.000315032 6.91421e-07 3.51872e-10 0.0390649 5.68638e-10 6.33967e-11 4.25968e-11 0.0105555 2.47636e-06 3.91604e-07 7.01065e-07 1.12203e-06 0.716522 3.39179e-06 
2.07929e-12 2.23218e-11 2.71008e-11 6.46491e-09 0.00245198 2.43877e-12 6.29189e-12 2.52817e-08 0.000100551 6.57134e-12 1.16273e-11 5.85057e-09 5.64124e-12 2.23958e-11 0.995464 3.61924e-11 4.03505e-12 0.000198461 4.24058e-12 1.36131e-08 1.66054e-11 3.81344e-12 3.18119e-09 0.00178522 1.55298e-11 
5.69692e-10 1.40725e-05 7.42517e-09 0.454347 4.62572e-06 0.237083 1.72387e-09 5.00404e-05 2.7116e-05 1.11645e-05 1.97545e-05 1.20303e-09 3.55644e-06 6.13608e-09 2.62669e-05 1.38925e-05 1.45942e-05 2.52633e-06 1.16185e-09 0.217641 4.5496e-09 2.17333e-05 0.0315238 0.0591955 4.2549e-09 
6.61396e-08 7.10026e-07 3.67186e-05 0.00077994 0.0251822 0.00118105 0.00491176 0.0386699 0.0130301 2.09026e-07 0.00180028 1.39669e-07 1.79441e-07 0.000326658 0.895555 1.15123e-06 1.2835e-07 8.62393e-08 0.00170505 0.000697641 5.28195e-07 0.0015945 0.00149 0.0126038 0.000431984 
