0.0240635 6.93907e-08 8.42471e-08 0.0341395 0.0656632 0.0225699 0.000626561 0.0584119 0.10797 0.000452697 0.00232933 1.0986e-05 0.0118926 0.000100293 0.00203884 2.55701e-05 0.458002 0.0046285 0.00290173 0.0161122 4.44635e-06 0.0669738 0.110469 0.0105856 2.79855e-05 
0.193388 3.26153e-10 3.95982e-10 0.0197435 0.0751714 0.027081 0.00157925 0.104844 0.0270263 0.00103469 4.09386e-05 3.52954e-05 0.000231614 0.00113951 0.00105639 1.41605e-05 0.0214573 0.00611266 0.000181746 0.00102996 5.26469e-06 0.0211098 0.392351 0.105357 9.91108e-06 
0.0100921 3.31285e-07 7.18158e-05 0.00121614 0.00822356 0.433009 0.0569921 0.0623175 0.0011956 0.0769759 5.1731e-06 7.78374e-07 6.16341e-05 1.92581e-06 3.22514e-05 0.000463199 0.000841486 8.56138e-05 0.00171665 0.00764174 4.94645e-07 0.002762 0.228012 0.107802 0.000478553 
0.0641248 0.000696571 0.00360394 0.0331025 0.0577245 0.0657306 0.00504612 0.0413913 0.00677887 0.0236132 0.0043967 0.00085432 0.00705821 0.00221041 0.00284335 0.00552441 0.210223 0.00617077 0.0450771 0.0204687 0.0900938 0.118116 0.140991 0.0405162 0.00364317 
0.0168149 1.65964e-09 5.08125e-08 0.0100208 0.00193922 0.0382539 5.74704e-05 0.0535124 0.00122534 0.00234401 8.64601e-05 1.06266e-06 0.000613941 1.66515e-09 0.00438016 1.97821e-06 9.18652e-06 4.23914e-05 0.00739548 0.00058772 2.15364e-05 0.0454005 0.408676 0.408075 0.000539964 
0.0457872 3.47617e-09 4.2204e-09 0.0219104 0.0871906 0.0029693 0.000484002 0.0784191 0.0013511 0.303893 0.0533824 0.000292835 0.0187628 0.000721226 0.000711574 1.09588e-05 0.00706455 0.0138399 0.0187719 0.0490932 9.98722e-08 0.0137149 0.0116744 0.269835 0.000118797 
0.0123645 1.75698e-07 0.00473258 0.165978 0.0285017 0.000585908 4.53618e-05 0.009026 0.0012615 0.00654278 0.000657036 1.16545e-05 0.00139588 2.74291e-06 0.662213 4.68205e-07 0.0031998 0.00661932 0.0010514 0.0018962 9.67757e-05 0.000886361 0.0141226 0.0786901 0.000118527 
0.717699 3.8872e-12 4.71944e-12 0.0390074 0.00708893 9.85065e-05 0.000343417 0.0226073 0.0015792 0.000519116 0.00144631 4.13587e-05 0.00175567 1.50767e-05 0.00122943 5.51011e-05 0.0271978 0.00385714 0.000932206 0.000164006 9.60487e-06 0.0109492 0.150693 0.0125011 0.000209209 
0.00366023 4.66305e-07 9.06415e-06 0.00111308 0.00142755 0.0143376 0.0116355 0.0115648 0.000179437 0.00435396 0.000657468 0.00011955 0.00033336 5.72784e-07 0.000116382 4.75141e-05 0.0417434 0.0115285 0.758284 0.000277774 2.34143e-06 0.0483857 0.0878158 0.00237201 3.45255e-05 
0.0188557 6.72652e-12 8.16665e-12 0.00031611 0.0117013 0.0021397 0.00132495 0.00171942 0.000404366 0.0719965 3.22523e-05 0.012318 0.00139969 0.000430491 0.806469 4.23468e-06 0.00282643 0.00874993 0.0527151 0.00244012 1.09461e-05 0.00116822 0.00243868 0.000432229 0.000106331 
0.0234096 3.9896e-10 0.000118492 0.0137967 0.142293 0.161371 0.0119335 0.087711 0.00493125 0.00872312 0.00209247 0.00171872 0.0206978 0.00124745 0.00433837 1.52382e-05 0.257582 0.00653715 0.0141632 0.015473 6.42227e-06 0.0203338 0.143869 0.0575328 0.000104935 
0.0584896 1.42071e-09 1.72488e-09 0.00215587 0.0741111 0.0184477 0.00677092 0.0152976 0.00302948 0.00172113 2.27074e-06 7.68518e-05 0.00493404 1.34497e-07 1.22452e-06 2.30354e-09 0.00114803 0.000661695 0.689048 0.00488721 2.34523e-07 0.0694028 0.0163658 0.033448 1.8133e-07 
0.161347 7.445e-11 9.03895e-11 1.62062e-05 0.0195814 0.000496896 0.259688 0.0090759 0.316414 0.00148288 6.38784e-07 9.41259e-06 0.00667058 9.50082e-05 7.23923e-08 3.86542e-08 0.0465361 0.0219816 0.0544016 0.000108801 2.9606e-08 0.00997132 0.0683561 0.00133695 0.0224291 
0.0334386 4.25237e-07 2.54619e-06 0.0209248 0.0903208 0.117387 0.000665504 0.192362 0.0112776 0.00422754 0.000998601 1.5597e-05 0.009648 4.25204e-06 0.00134204 2.53284e-06 0.00734296 0.000228136 0.00249781 0.0118074 1.8102e-06 0.0360598 0.423555 0.0356853 0.000204912 
0.049834 2.13594e-10 2.59324e-10 0.103978 0.0588609 0.204796 0.00380822 0.0637273 0.114337 0.00811967 0.016136 4.68244e-06 0.00144378 1.88834e-06 1.37314e-08 6.73041e-07 0.0153322 0.000647295 0.0255734 0.00189721 1.1905e-06 0.01802 0.312675 0.000795177 1.1875e-05 
0.0219517 2.03549e-05 0.00136996 0.0915816 0.173903 0.0644918 0.0013313 0.227555 0.0429365 0.0290835 0.00550253 0.00512758 0.0266975 0.000210321 0.00308442 5.56544e-05 0.0208477 0.0412539 0.0312705 0.0293528 0.000349978 0.00559206 0.161226 0.0150264 0.000179194 
0.000192438 2.51821e-08 3.05736e-08 0.0269957 9.10778e-05 0.00114763 0.000169909 0.000465097 0.000424986 0.000208293 0.000774056 5.79685e-08 0.000142133 8.775e-06 0.0164235 2.36239e-06 0.825551 0.000617805 0.0189556 0.00071986 1.36933e-05 0.0473097 0.0129233 0.0468422 2.05764e-05 
0.070083 3.41343e-10 4.14424e-10 0.000311266 0.00158285 0.0232803 5.14334e-07 0.0223949 7.2862e-07 0.0217528 0.000209916 0.00274461 0.0283688 0.000224045 0.580182 4.25445e-06 0.0393299 0.000278566 0.166396 0.00396796 2.31422e-07 0.00218696 0.0318999 0.00460636 0.00019432 
0.0512303 1.52356e-07 1.84974e-07 0.276248 0.0470312 0.146023 0.000100232 0.0232749 0.0162935 0.00190532 0.0018125 7.34934e-07 0.00535786 1.52861e-07 0.000550953 4.26355e-05 0.077256 4.92603e-05 0.0538504 0.00380702 6.88262e-06 0.0133375 0.10001 0.181501 0.000310544 
0.0926614 2.36133e-12 2.86688e-12 0.000149778 0.00959004 0.00143067 0.000437845 0.0039658 0.00015716 0.131569 2.96038e-09 0.0219734 0.000871249 0.00415519 6.45089e-05 2.8002e-05 0.000971288 0.000138296 0.694005 0.00311329 3.38242e-06 0.000977446 0.0237946 0.00966042 0.000282648 
0.0293699 1.58186e-09 1.92054e-09 0.0177025 0.0443571 0.00916989 0.172017 0.0509076 0.0105322 0.0546677 0.00515682 0.000786394 0.00136903 0.276025 7.12948e-06 2.83024e-06 0.00716296 0.0122462 0.0282671 0.000596733 0.0636005 0.0351025 0.0625445 0.117226 0.00118246 
0.183813 4.21725e-12 5.12015e-12 0.0338848 0.0457196 0.00209662 0.00197965 0.0820561 0.00252171 0.00833636 1.55117e-06 0.215363 0.00577363 0.000610914 0.000669327 6.89251e-08 0.00202837 0.00107407 0.181231 0.00633037 3.82356e-05 0.0140013 0.189145 0.0216121 0.00171296 
0.00709933 3.28029e-05 0.000356617 0.0249284 0.109575 0.00832841 0.00597809 0.025049 0.683347 0.00585712 0.0111089 4.33223e-05 0.00272028 0.000613439 0.00141034 0.0021881 0.0079965 0.0110623 0.000572205 0.0131352 0.00120224 0.0182756 0.0324091 0.0262994 0.000411441 
0.125376 7.04406e-12 2.59433e-09 0.066557 0.168257 0.0317475 0.00969796 0.164718 0.0345621 0.0461216 0.0171488 0.0201991 0.0068797 3.21182e-05 0.000520242 4.72039e-09 0.00451371 0.0157761 0.00197186 0.00863422 1.18605e-05 0.02376 0.239199 0.0102833 0.004033 
0.0584896 1.42071e-09 1.72488e-09 0.00215587 0.0741111 0.0184477 0.00677092 0.0152976 0.00302948 0.00172113 2.27074e-06 7.68518e-05 0.00493404 1.34497e-07 1.22452e-06 2.30354e-09 0.00114803 0.000661695 0.689048 0.00488721 2.34523e-07 0.0694028 0.0163658 0.033448 1.8133e-07 
0.017722 2.13654e-09 2.59397e-09 0.000391555 0.0183429 0.00104137 0.0237555 0.00383356 0.000499372 0.0503672 1.72272e-06 0.0116169 0.00025386 0.00385725 0.000134921 3.14307e-05 0.0068548 0.00830114 0.84106 0.000229046 1.2667e-06 0.00243362 0.00498116 0.00417498 0.000114311 
0.150372 4.74213e-10 5.75741e-10 0.0242762 0.00365049 0.00336204 0.00191765 0.00693098 0.000544592 3.36517e-05 0.270145 3.59536e-06 0.00319055 0.482497 1.7151e-07 2.35627e-06 0.00830695 4.98386e-06 0.000730244 0.0155771 6.82474e-05 0.00364008 0.0173912 0.00578564 0.00156909 
0.0227455 6.57871e-12 7.98719e-12 0.0014176 0.0112786 0.00234941 0.000432886 0.00380583 9.66116e-06 0.00332058 9.48776e-08 9.23537e-05 0.000916509 1.99364e-05 4.07407e-08 0.00180143 0.000387178 0.000798528 0.940954 0.00127811 8.07458e-06 0.000592143 0.00697957 0.000520847 0.000291238 
0.000972242 4.20902e-06 8.43424e-05 0.00958632 0.0350015 0.0237581 0.0105342 0.00275345 5.19946e-06 0.00807616 0.0250934 0.000598739 0.00445802 0.00012514 4.92712e-05 3.65383e-05 0.107475 0.000195857 4.75633e-06 0.113089 0.085171 0.061656 0.0265343 0.483585 0.00115237 
0.0293687 4.7246e-05 0.000553635 0.0373576 0.0701283 0.0344629 0.030544 0.0403947 0.00450833 0.00614526 0.0413056 0.00119434 0.134498 0.000237492 0.00194037 0.000464393 0.286907 0.00565723 0.0270661 0.0117833 0.000293943 0.0231432 0.127588 0.0675511 0.0168596 
0.0132121 1.04392e-05 1.16935e-05 0.00957318 0.0546722 0.108305 0.00886936 0.0402424 0.0244912 0.00494479 0.00673183 3.63772e-05 0.0236948 7.28353e-05 0.000129403 0.0305876 0.103726 0.00802351 0.00655053 0.0124934 0.000108427 0.00594467 0.461848 0.0756987 2.1921e-05 
0.0161874 3.9703e-10 4.82033e-10 0.000948867 0.0359952 0.224114 0.0702195 0.0377045 0.0051798 0.00214116 0.00191921 0.00275386 0.0188106 0.000737592 1.53756e-05 4.01132e-05 0.190695 0.000968885 0.159378 0.0554283 1.02275e-05 0.00376153 0.169823 0.00260985 0.000557916 
0.0227455 6.57871e-12 7.98719e-12 0.0014176 0.0112786 0.00234941 0.000432886 0.00380583 9.66116e-06 0.00332058 9.48776e-08 9.23537e-05 0.000916509 1.99364e-05 4.07407e-08 0.00180143 0.000387178 0.000798528 0.940954 0.00127811 8.07458e-06 0.000592143 0.00697957 0.000520847 0.000291238 
0.16653 1.72294e-13 4.60409e-10 0.0012269 0.0544173 0.0436851 0.00336886 0.00482086 0.00877127 0.300144 0.000395361 0.0334253 0.00260289 8.90069e-05 0.00146164 1.60972e-05 0.0367443 0.109406 0.0342231 0.00846236 3.84642e-10 0.00231735 0.169272 0.0145938 0.00402633 
0.0188557 6.72652e-12 8.16665e-12 0.00031611 0.0117013 0.0021397 0.00132495 0.00171942 0.000404366 0.0719965 3.22523e-05 0.012318 0.00139969 0.000430491 0.806469 4.23468e-06 0.00282643 0.00874993 0.0527151 0.00244012 1.09461e-05 0.00116822 0.00243868 0.000432229 0.000106331 
0.0479734 7.35343e-07 3.0366e-05 0.00465071 0.0485258 0.00475135 0.000738608 0.0254212 0.00127138 0.0125774 0.00261513 0.000228329 0.029958 3.59366e-05 0.216053 1.34504e-06 0.00347135 0.00052912 1.3805e-05 0.00853194 3.06441e-05 0.000951637 0.0102251 0.580463 0.000950148 
0.0617783 2.16759e-10 2.63167e-10 0.0280159 0.238926 9.71995e-07 0.19419 0.0204245 0.00105853 0.00457454 0.000756103 0.000177846 2.26691e-06 7.22667e-07 0.000864594 4.45515e-07 0.0382485 0.253359 0.030755 0.000994856 5.79663e-08 0.00521984 0.115103 0.00478507 0.000763782 
0.0166073 6.87359e-06 0.00238557 0.0085895 0.0417721 0.0113293 0.00182585 0.0138576 0.0207979 0.00100503 0.00896849 7.98365e-06 0.00413353 0.00062354 0.00958026 0.00314318 0.00643732 0.0241496 0.00301194 0.0156258 0.0016647 0.00154468 0.0486513 0.75411 0.000170545 
0.0188557 6.72652e-12 8.16665e-12 0.00031611 0.0117013 0.0021397 0.00132495 0.00171942 0.000404366 0.0719965 3.22523e-05 0.012318 0.00139969 0.000430491 0.806469 4.23468e-06 0.00282643 0.00874993 0.0527151 0.00244012 1.09461e-05 0.00116822 0.00243868 0.000432229 0.000106331 
0.0754236 2.48615e-08 2.45487e-06 0.0104585 0.209382 0.050416 0.0457511 0.0850044 0.0195035 0.00370438 0.00738683 1.49224e-05 0.00135204 2.12889e-05 0.00109225 1.79107e-05 0.112625 0.0110327 0.00416506 0.0133383 1.73776e-06 0.00989103 0.265823 0.0732748 0.000317755 
0.0649192 1.88973e-08 2.29432e-08 0.0879322 0.0343786 0.00854493 0.000234638 0.353097 0.000329255 5.69371e-06 0.00356031 4.51651e-05 1.58644e-07 9.66225e-05 0.00218909 0.000154879 1.12203e-06 0.00837158 0.00502121 0.0133069 3.76304e-06 0.00301821 0.0482572 0.363087 0.00344505 
0.00529438 3.84152e-09 4.66398e-09 0.0198069 0.0549442 0.00218006 0.00162846 0.0027133 0.000892765 0.785539 1.36682e-05 0.00116166 7.14076e-05 8.13062e-05 0.00682068 0.00427016 2.24495e-05 3.78182e-05 0.0677792 0.000795884 0.000115894 8.34373e-05 0.0108234 0.0347828 0.000140999 
0.10639 1.3459e-11 1.84582e-09 0.0273034 0.0998307 0.0842246 0.00181257 0.003975 0.0351666 0.0917117 0.000321295 0.0821399 0.00196969 4.17875e-05 0.000111512 1.83134e-06 0.0484042 0.0834959 0.105478 0.00663035 5.72336e-10 0.0042944 0.176346 0.00637618 0.0339744 
0.00515331 9.52603e-07 0.00980902 0.00505749 0.0438938 0.036448 9.53819e-07 0.0553356 0.0430162 0.0274704 0.0384235 0.0552355 9.53869e-07 0.000572511 0.0834876 0.00352168 9.53992e-07 9.54092e-07 0.0449333 0.343019 9.53038e-07 0.108376 0.0312034 0.0357758 0.0292618 
0.638533 2.0701e-06 0.00107096 0.0467338 0.0180549 0.0107131 0.0014735 0.0173983 0.00700138 0.0186168 0.00111228 0.0011975 0.00542503 0.00104369 0.00149952 1.51075e-05 0.0101556 0.00147539 0.016098 0.0140191 3.05591e-06 0.0294836 0.135924 0.0225556 0.000394237 
0.010944 3.83685e-09 4.65831e-09 0.320025 0.0391969 0.00745064 0.00210156 0.0254347 0.0107499 0.00693059 0.000514664 8.04166e-06 0.0904935 4.78929e-08 0.000323446 5.453e-07 0.0209685 0.0516414 0.00199754 0.00655486 1.05199e-07 0.300572 0.0905109 0.0131414 0.000439615 
0.0151368 7.98986e-05 0.00209475 0.0172723 0.23719 0.0893579 0.296003 0.0330223 0.0350004 0.0126138 0.0089044 0.00163973 0.00171058 0.0246205 0.0021414 0.00056459 0.0100519 0.0565528 0.013688 0.00623952 0.00022584 0.0194291 0.0859316 0.0292772 0.0012515 
0.0227455 6.57871e-12 7.98719e-12 0.0014176 0.0112786 0.00234941 0.000432886 0.00380583 9.66116e-06 0.00332058 9.48776e-08 9.23537e-05 0.000916509 1.99364e-05 4.07407e-08 0.00180143 0.000387178 0.000798528 0.940954 0.00127811 8.07458e-06 0.000592143 0.00697957 0.000520847 0.000291238 
0.0334386 4.25237e-07 2.54619e-06 0.0209248 0.0903208 0.117387 0.000665504 0.192362 0.0112776 0.00422754 0.000998601 1.5597e-05 0.009648 4.25204e-06 0.00134204 2.53284e-06 0.00734296 0.000228136 0.00249781 0.0118074 1.8102e-06 0.0360598 0.423555 0.0356853 0.000204912 
0.0293601 1.79718e-12 2.18195e-12 0.000625026 0.0304592 0.00167589 0.039212 0.00630044 0.000782046 0.0835127 4.74171e-09 0.0189193 0.000395566 0.00608537 0.000181017 3.44918e-05 0.0112571 0.0136415 0.737984 0.000317781 6.09042e-07 0.00397858 0.00823696 0.00687578 0.000164746 
0.0188557 6.72652e-12 8.16665e-12 0.00031611 0.0117013 0.0021397 0.00132495 0.00171942 0.000404366 0.0719965 3.22523e-05 0.012318 0.00139969 0.000430491 0.806469 4.23468e-06 0.00282643 0.00874993 0.0527151 0.00244012 1.09461e-05 0.00116822 0.00243868 0.000432229 0.000106331 
0.0320016 7.93121e-09 9.17199e-07 0.0395255 0.053536 0.147832 0.000680656 0.0344893 0.00444441 0.00140651 0.0402448 0.000141576 0.00617406 0.000343351 0.00203885 2.47205e-05 0.00918379 0.0234426 0.0154956 0.00987188 1.93763e-07 0.0121784 0.562612 0.00366228 0.000668489 
0.0179007 2.08002e-08 2.52535e-08 0.0201038 0.0323203 0.000600592 0.000591434 0.065925 0.00381309 0.0075334 0.0242285 4.91444e-05 0.000849215 6.04428e-05 0.0077955 2.95666e-05 0.00792871 0.000455361 0.0103149 0.000938659 4.40956e-05 0.000829162 0.0225213 0.774834 0.000333449 
0.0124951 2.0872e-11 2.53407e-11 4.99774e-07 0.036967 0.0150295 0.0601409 0.0774413 0.00267284 4.20907e-07 1.62648e-06 1.47847e-08 6.06089e-07 6.05221e-07 0.000795752 2.16621e-07 7.01739e-06 0.000719682 0.00965866 7.1826e-07 1.55284e-07 0.117721 0.264324 0.402022 6.6812e-08 
0.301713 2.98451e-10 2.31687e-07 0.192757 0.0977181 0.000708883 0.00898753 0.0163056 0.00761761 0.000176547 0.00504479 4.99827e-05 0.0109702 2.60978e-07 0.00380339 7.42093e-05 8.07161e-07 0.107793 0.00168186 0.000725214 1.93502e-07 0.00238091 0.030529 0.173617 0.0373439 
0.468648 3.1813e-06 0.0136657 0.0689203 0.117143 0.00953754 0.00334788 0.0341601 0.00289355 0.00585651 0.00212732 0.00367971 0.00347227 2.19373e-05 0.0112839 5.12515e-06 0.0976152 0.000436424 0.00417465 0.0224788 3.60725e-06 0.00835561 0.0256477 0.0961508 0.000372148 
0.352132 3.31631e-11 4.02633e-11 0.0109961 0.0172722 0.00553345 0.00293255 0.0211458 0.00227044 0.0369329 0.000799865 0.00670182 0.00314569 0.0182521 0.00196824 6.37383e-05 0.0180531 1.50933e-07 0.340038 0.0345568 3.35516e-07 0.0142947 0.0963568 0.0123398 0.00421312 
0.0846905 8.40743e-07 0.000392484 0.00571557 0.0893953 0.0120735 0.00397663 0.0381933 0.00993932 0.0116806 0.00135362 5.17839e-05 0.000614704 3.24082e-06 0.0181825 5.0965e-05 0.00822817 0.0122607 0.0171634 0.011411 3.99682e-06 0.0224689 0.0812336 0.533639 0.0372763 
0.00542926 1.57165e-10 1.65484e-08 8.46224e-07 0.0277148 0.120988 1.00026e-06 0.273089 5.82754e-05 3.75622e-07 0.000385681 0.000534283 0.000369815 9.80814e-08 2.89085e-05 6.85635e-05 0.38654 0.00645995 0.0179894 9.69392e-07 1.28192e-05 0.00176218 0.108559 0.0499957 1.13338e-05 
0.183356 5.53903e-11 6.72492e-11 0.022729 0.0136428 0.0209049 5.0895e-05 0.00833575 0.00541158 0.00689701 0.0017835 1.32845e-05 0.10458 7.1713e-06 5.82836e-08 3.14211e-05 0.289616 0.00461631 0.00818076 0.0257574 9.81863e-09 0.00450733 0.293916 0.0042775 0.00138563 
0.00120457 5.86732e-12 7.1235e-12 0.00986266 0.08353 0.0058242 0.495831 0.122074 0.0192143 0.00601632 1.47307e-08 3.75386e-08 9.9418e-05 4.48598e-05 1.6827e-08 8.31804e-06 0.00586711 0.204895 0.008393 9.84024e-09 2.02679e-09 0.0138887 0.0213586 0.00179862 8.90057e-05 
0.0227455 6.57871e-12 7.98719e-12 0.0014176 0.0112786 0.00234941 0.000432886 0.00380583 9.66116e-06 0.00332058 9.48776e-08 9.23537e-05 0.000916509 1.99364e-05 4.07407e-08 0.00180143 0.000387178 0.000798528 0.940954 0.00127811 8.07458e-06 0.000592143 0.00697957 0.000520847 0.000291238 
0.0320946 1.12392e-08 3.76634e-05 0.00869238 0.118175 0.0733261 0.00712428 0.00846078 0.00199124 0.0908566 0.000169471 3.43177e-05 0.00217638 0.000109309 0.00140481 1.02296e-06 0.0871288 0.0677607 0.0231594 0.00338547 7.78002e-07 0.00385629 0.452906 0.00546757 0.0116816 
0.285517 3.06022e-06 0.00280753 0.0558624 0.00862507 0.0212295 0.00590771 0.033821 0.000452185 0.00225919 0.00103584 4.43874e-06 0.247505 0.000182771 0.000222316 6.85357e-06 0.0992111 0.0849687 0.0130638 0.0271796 4.42644e-06 0.0285278 0.027156 0.0363437 0.0181034 
0.0188557 6.72652e-12 8.16665e-12 0.00031611 0.0117013 0.0021397 0.00132495 0.00171942 0.000404366 0.0719965 3.22523e-05 0.012318 0.00139969 0.000430491 0.806469 4.23468e-06 0.00282643 0.00874993 0.0527151 0.00244012 1.09461e-05 0.00116822 0.00243868 0.000432229 0.000106331 
0.32824 1.28857e-07 3.39527e-05 0.0969082 0.000748678 0.00646112 0.000115565 0.00219828 0.000185326 0.0001441 0.000763457 5.8797e-06 0.086913 0.00133751 1.96624e-05 1.13609e-06 0.0582738 0.00204097 0.0130806 0.0117998 3.77938e-07 0.0512298 0.339089 0.000357618 5.26274e-05 
0.0591866 3.84742e-11 4.67114e-11 0.00605532 0.0135029 0.000489074 0.000217003 0.0140286 0.00639002 0.00734078 8.46657e-05 6.91515e-05 0.00167922 2.08295e-07 0.000115948 7.00848e-05 0.507201 0.00011399 0.00320298 0.000457857 5.34585e-08 0.0058831 0.172601 0.201005 0.000305461 
0.0188557 6.72652e-12 8.16665e-12 0.00031611 0.0117013 0.0021397 0.00132495 0.00171942 0.000404366 0.0719965 3.22523e-05 0.012318 0.00139969 0.000430491 0.806469 4.23468e-06 0.00282643 0.00874993 0.0527151 0.00244012 1.09461e-05 0.00116822 0.00243868 0.000432229 0.000106331 
0.00713577 2.49384e-10 3.02776e-10 0.035551 0.000530976 1.48872e-06 4.74151e-07 0.0405753 0.00447595 0.029945 2.45059e-07 0.0023312 0.00647371 2.50211e-10 9.2407e-07 1.2369e-07 5.38852e-07 3.22595e-08 0.0269685 1.277e-06 4.86644e-07 0.00182289 0.0296413 0.371845 0.442698 
0.0584896 1.42071e-09 1.72488e-09 0.00215587 0.0741111 0.0184477 0.00677092 0.0152976 0.00302948 0.00172113 2.27074e-06 7.68518e-05 0.00493404 1.34497e-07 1.22452e-06 2.30354e-09 0.00114803 0.000661695 0.689048 0.00488721 2.34523e-07 0.0694028 0.0163658 0.033448 1.8133e-07 
0.0446768 6.60435e-08 8.01832e-08 0.169524 0.0296911 0.0497488 0.00140547 0.0934836 0.00978614 0.00139472 0.000541991 8.98146e-05 0.00294237 3.98336e-07 0.00977339 0.000155735 0.00237011 0.000158591 1.8345e-05 0.0307843 4.88801e-07 0.0250543 0.0785383 0.437812 0.0120489 
0.135252 4.23725e-10 5.14443e-10 0.0645858 0.0341634 0.00224876 0.00201824 0.0221765 0.0117349 0.591567 7.89587e-05 0.00716601 0.00556671 5.81026e-05 0.0303114 3.13403e-05 0.00982074 0.000114235 0.0087544 0.0122932 4.54744e-09 0.0132343 0.0289541 0.018519 0.00135087 
0.0188557 6.72652e-12 8.16665e-12 0.00031611 0.0117013 0.0021397 0.00132495 0.00171942 0.000404366 0.0719965 3.22523e-05 0.012318 0.00139969 0.000430491 0.806469 4.23468e-06 0.00282643 0.00874993 0.0527151 0.00244012 1.09461e-05 0.00116822 0.00243868 0.000432229 0.000106331 
0.136479 1.09584e-07 1.51972e-05 0.0681947 0.0187219 0.0374259 0.000148734 0.0288693 0.000628701 0.00636216 0.00257367 1.44783e-06 0.00934308 0.000409481 0.000650924 2.01285e-05 0.0147821 0.0369333 0.00244701 0.308153 2.89538e-07 0.00656823 0.319119 0.0018493 0.00030305 
0.0484438 2.22276e-06 6.64925e-06 0.0221849 0.0267653 0.027802 0.00111899 0.0148684 0.00234404 0.00453067 0.0030674 2.37046e-05 0.0124479 4.68131e-06 0.00202973 1.35665e-05 0.254406 0.0111975 0.319749 0.00744578 5.49374e-06 0.0625839 0.120849 0.057793 0.000316059 
0.00332452 3.40876e-07 4.13856e-07 0.133723 0.051606 0.0197318 0.00017282 0.0687198 0.0016797 0.000187849 4.06483e-05 0.000114942 0.298435 3.42007e-07 0.00204338 3.85245e-06 0.0356187 1.88272e-06 0.000886387 0.159642 1.98471e-05 0.105679 0.0572847 0.0610186 6.41469e-05 
0.0293601 1.79718e-12 2.18195e-12 0.000625026 0.0304592 0.00167589 0.039212 0.00630044 0.000782046 0.0835127 4.74171e-09 0.0189193 0.000395566 0.00608537 0.000181017 3.44918e-05 0.0112571 0.0136415 0.737984 0.000317781 6.09042e-07 0.00397858 0.00823696 0.00687578 0.000164746 
0.00611093 1.7407e-09 2.11338e-09 0.00311071 0.0109741 0.0227472 1.72315e-07 0.883636 0.000205904 0.0107963 0.0136222 9.88025e-06 0.0116223 3.99716e-08 0.00012504 2.28113e-07 0.00779559 1.74122e-06 0.00943804 0.0105533 2.00671e-07 0.00186221 0.00482654 0.0025603 7.51178e-07 
1.10912e-05 1.70559e-10 2.07076e-10 6.49583e-06 0.0374647 0.00338221 0.00875515 1.55132e-05 0.00568047 0.000309874 0.182777 1.58014e-06 0.747385 0.0013201 0.000336 2.76545e-10 1.33353e-06 0.00165608 0.00432488 1.22083e-05 7.72636e-08 0.00560397 0.00082577 4.99729e-06 0.000124798 
0.00120457 5.86732e-12 7.1235e-12 0.00986266 0.08353 0.0058242 0.495831 0.122074 0.0192143 0.00601632 1.47307e-08 3.75386e-08 9.9418e-05 4.48598e-05 1.6827e-08 8.31804e-06 0.00586711 0.204895 0.008393 9.84024e-09 2.02679e-09 0.0138887 0.0213586 0.00179862 8.90057e-05 
0.0747615 3.67232e-11 6.30437e-09 0.0434534 0.0341347 3.4366e-08 0.000150625 0.0473244 0.000913946 0.00386317 0.0889135 5.59616e-05 0.00210739 1.76118e-09 0.00376882 5.12192e-06 0.130643 0.000108976 0.0149173 1.35143e-05 8.92824e-09 0.190506 0.330192 0.0341666 2.20257e-08 
0.270465 3.59622e-12 4.36616e-12 0.00996834 0.0493093 0.062258 0.00136963 0.0171843 0.0303144 0.0334318 0.0261391 0.0361688 0.00281954 0.00937252 0.0034872 7.18943e-07 0.240176 0.00469643 0.0444465 0.0121212 1.95813e-06 0.00515307 0.132684 0.00776754 0.000663983 
0.0188557 6.72652e-12 8.16665e-12 0.00031611 0.0117013 0.0021397 0.00132495 0.00171942 0.000404366 0.0719965 3.22523e-05 0.012318 0.00139969 0.000430491 0.806469 4.23468e-06 0.00282643 0.00874993 0.0527151 0.00244012 1.09461e-05 0.00116822 0.00243868 0.000432229 0.000106331 
0.72849 5.68816e-10 6.90598e-10 0.000419848 3.98784e-06 0.137596 5.13819e-06 1.41376e-05 1.64152e-05 0.000319923 2.20791e-06 5.87088e-07 0.000119287 0.0065014 8.80924e-07 9.82586e-07 0.00345174 1.99669e-07 0.0563217 0.00235295 2.41707e-07 0.0102945 0.051388 0.00261684 8.23632e-05 
0.109275 2.69077e-06 1.52358e-05 0.0252669 0.102902 0.0106315 0.00174968 0.00703469 0.00413024 0.41683 0.000167821 0.00411046 0.00132956 0.00528017 0.00428037 3.2835e-06 0.0396868 0.0177293 0.0144989 0.0158589 0.000183595 0.000376581 0.105475 0.111152 0.00202956 
0.070083 3.41343e-10 4.14424e-10 0.000311266 0.00158285 0.0232803 5.14334e-07 0.0223949 7.2862e-07 0.0217528 0.000209916 0.00274461 0.0283688 0.000224045 0.580182 4.25445e-06 0.0393299 0.000278566 0.166396 0.00396796 2.31422e-07 0.00218696 0.0318999 0.00460636 0.00019432 
0.0108066 8.05347e-09 9.77769e-09 0.00359629 0.0219979 1.32684e-06 0.00204261 0.00480919 7.64537e-07 0.000819464 0.00444581 0.00111775 1.63465e-07 0.00132894 0.00851411 3.62501e-05 0.000951969 0.00117824 1.83579e-05 4.01749e-06 0.113695 5.59384e-08 0.00250925 0.819797 0.00232814 
0.0296995 2.69342e-11 3.27008e-11 0.00489486 0.00847673 0.00400568 0.000292622 0.0082323 0.000587986 0.00734578 0.00239468 3.24703e-07 0.0100104 1.16081e-05 0.00121951 1.15891e-05 0.659487 0.000375106 0.00729031 0.00428902 7.93957e-07 0.00672314 0.233632 0.0110163 2.58598e-06 
0.188962 2.27863e-11 2.76647e-11 0.00901146 0.0581352 0.0756466 0.00327179 0.137827 0.00122026 0.0625741 0.00117948 0.00626191 0.00433309 0.000693361 0.000196423 3.05692e-05 0.0750138 0.00312938 0.0574825 0.00742354 1.64563e-06 0.00626727 0.215086 0.0861653 8.6822e-05 
0.00133473 1.97523e-10 1.52055e-05 0.0177469 0.019084 0.0024845 0.0001086 0.0124903 0.000378207 0.00793079 0.000382113 5.69283e-08 0.00188403 1.45677e-05 0.00139103 0.000171382 0.0376963 0.00193709 0.337117 0.00140335 0.000182804 0.0187959 0.0334115 0.503575 0.000464251 
0.0322361 8.09441e-07 8.39417e-06 0.02393 0.0779532 0.00133582 0.00827589 0.0745217 0.00886719 0.00602329 0.0644614 0.000355735 0.00283173 9.69951e-05 0.00635176 6.59466e-05 0.00798811 0.0144787 0.00867713 0.0286847 1.42616e-05 0.0476871 0.00526955 0.57591 0.00397485 
0.0188557 6.72652e-12 8.16665e-12 0.00031611 0.0117013 0.0021397 0.00132495 0.00171942 0.000404366 0.0719965 3.22523e-05 0.012318 0.00139969 0.000430491 0.806469 4.23468e-06 0.00282643 0.00874993 0.0527151 0.00244012 1.09461e-05 0.00116822 0.00243868 0.000432229 0.000106331 
0.0803133 4.88298e-12 5.92842e-12 0.0206125 0.0105178 0.00696219 9.24941e-08 0.00844784 2.30018e-07 2.22829e-08 1.3992e-08 1.16868e-05 0.000959258 3.67488e-08 3.34302e-06 5.78038e-08 0.0320876 6.25111e-07 3.40455e-08 0.0133353 3.63614e-09 0.0061778 0.820226 0.000343497 1.36976e-06 
0.00513073 1.53515e-09 1.86383e-09 0.0104256 0.255351 0.0226683 0.00893698 0.0648051 0.00525546 0.00589649 1.66227e-06 6.22832e-05 0.0015175 0.00280797 0.0168008 9.66425e-08 9.2644e-05 0.00598439 0.000318528 0.000103152 8.75409e-07 0.534147 0.0509074 0.00878523 2.41109e-07 
0.0292671 1.82816e-08 2.21956e-08 0.00411231 0.00012557 0.0015096 0.000248899 0.000664803 0.000105822 0.00139662 0.00255783 5.21478e-05 0.0033635 0.92999 6.49825e-05 2.96417e-08 0.00205587 0.000109471 0.0028538 0.0158432 6.39328e-05 0.000634016 0.00363015 0.000265632 0.00108494 
0.174996 3.01035e-08 1.14255e-06 0.155431 0.0132189 0.00941449 4.09938e-05 0.0361895 0.0001059 0.0596541 0.00311059 7.86511e-05 0.0012917 9.60102e-06 1.27326e-05 1.48774e-06 0.130211 0.0116449 0.000900517 0.00612224 3.24521e-07 0.107697 0.0874511 0.175643 0.0267736 
0.019162 1.18444e-07 5.43658e-07 0.0700232 0.151301 0.0375384 0.0101131 0.0168472 0.214557 0.17158 0.006065 2.57989e-05 0.000544722 2.92888e-06 0.000702706 5.65734e-06 0.0052722 0.0138968 0.0113257 8.23643e-05 0.00744978 0.0510814 0.139202 0.0483504 0.0248693 
0.0107399 6.50579e-06 0.000497217 0.0566701 0.030433 0.0608756 0.00438166 0.0478363 0.00432742 0.049109 0.00504928 0.00026662 0.00525708 0.000252191 0.00288061 3.43332e-05 0.0470793 0.00669514 0.0840014 0.0949486 0.00102246 0.171219 0.290121 0.0110525 0.0152447 
0.0121903 1.46418e-07 3.49231e-07 0.00341409 0.540829 0.000244557 0.0639512 0.0085013 0.121845 0.000806983 1.55883e-07 7.58603e-05 0.000736414 1.29602e-05 0.142259 0.00738598 0.00117913 0.0253461 0.0207671 0.00490574 3.61023e-06 0.0102786 0.0333583 0.00102373 0.000884815 
6.89426e-05 2.07562e-11 2.52e-11 0.00228918 0.137833 0.00022692 0.362768 0.00574535 0.00444249 0.000209783 0.000392282 3.67349e-09 1.20221e-07 9.12494e-05 0.00012441 1.19978e-08 7.80585e-05 0.481522 0.00176021 5.69144e-08 2.24633e-08 0.00158068 6.22226e-08 0.000866577 7.57216e-07 
0.0188557 6.72652e-12 8.16665e-12 0.00031611 0.0117013 0.0021397 0.00132495 0.00171942 0.000404366 0.0719965 3.22523e-05 0.012318 0.00139969 0.000430491 0.806469 4.23468e-06 0.00282643 0.00874993 0.0527151 0.00244012 1.09461e-05 0.00116822 0.00243868 0.000432229 0.000106331 
0.440922 5.6162e-12 6.81861e-12 0.0311464 0.0133045 0.00990034 0.000131385 0.00419837 6.42772e-05 0.0205565 0.000445088 0.000286262 0.00247283 1.01474e-05 2.07419e-05 0.00307022 0.00512536 0.000210095 0.123477 0.00350616 8.34102e-07 0.0806512 0.256557 0.0035443 0.000399637 
0.0149281 1.7947e-09 2.17895e-09 0.000181484 0.0493272 2.18823e-06 0.00237372 0.172267 1.01327e-05 0.345543 4.05075e-07 0.00384485 3.5176e-07 4.71091e-05 0.162517 0.00494788 0.000135898 0.000916325 0.0177966 0.000159175 2.58516e-07 0.000917 2.27698e-06 0.223317 0.000765295 
0.000755283 2.77357e-09 3.36738e-09 0.00105518 0.0321703 0.00208207 1.19286e-06 0.92488 0.00423144 0.000357594 6.76623e-05 7.70712e-06 2.31269e-05 5.06911e-05 0.000948855 5.81056e-06 9.78523e-07 3.97599e-07 0.000129919 0.00133111 1.2305e-07 0.000406085 0.000542221 0.0294896 0.00146259 
0.0955117 1.03798e-09 1.26021e-09 0.104329 0.04548 0.0952126 0.00268377 0.0716253 0.0152243 0.00657609 0.00747802 0.00435398 0.0161769 9.66565e-07 0.00258927 1.48919e-06 0.109854 0.00482886 0.0839213 0.0972939 1.20087e-07 0.00574226 0.100768 0.123744 0.00660283 
0.0687858 4.44075e-06 2.1192e-05 0.0399574 0.332901 0.00718684 0.0134486 0.0136818 0.00957554 0.00959726 0.00374666 4.38864e-05 0.0147854 0.0190687 0.0144496 1.69375e-05 0.00619652 0.263987 0.0489469 0.00194153 2.21126e-05 0.0345127 0.0775036 0.00583808 0.0137801 
0.000880353 1.06261e-09 1.29011e-09 0.000323694 0.81868 0.0167519 0.00854029 0.00983912 0.00268237 0.0150016 0.000202542 0.000165581 5.81955e-06 2.42011e-06 2.03392e-07 1.73957e-05 0.000145755 0.0761914 0.0093792 9.70288e-05 4.42934e-07 0.00885815 0.0268771 0.00044443 0.00491333 
0.193388 3.26153e-10 3.95982e-10 0.0197435 0.0751714 0.027081 0.00157925 0.104844 0.0270263 0.00103469 4.09386e-05 3.52954e-05 0.000231614 0.00113951 0.00105639 1.41605e-05 0.0214573 0.00611266 0.000181746 0.00102996 5.26469e-06 0.0211098 0.392351 0.105357 9.91108e-06 
0.0106874 1.40559e-09 1.82282e-06 0.0213015 0.0194769 0.00772651 0.000376784 0.00558269 0.000986972 0.025196 0.00186171 7.08136e-06 0.00111676 0.000176364 0.049427 9.03364e-05 0.0246228 0.00582376 0.104573 0.00974205 0.000871154 0.013204 0.0424569 0.653851 0.00083916 
0.040806 8.76281e-10 1.06389e-09 0.00248901 0.0250487 0.0506717 0.00190889 0.0248808 0.000895801 0.00495879 0.129049 0.00026267 0.0842605 0.00121199 4.11626e-05 9.79786e-06 0.174201 0.00975348 0.0848786 0.121568 5.01735e-06 0.0366658 0.199038 0.00738969 5.39944e-06 
0.00792295 5.97614e-10 7.25562e-10 0.0217785 0.0270348 0.024321 1.66748e-06 0.0828195 0.00107154 0.00350011 0.00390638 2.79031e-05 0.00508268 0.000159849 0.0111628 0.000276291 0.23296 0.00217814 0.00426221 0.00384758 1.40522e-05 0.0028565 0.0823219 0.482493 5.33426e-07 
0.306483 2.04071e-12 2.47762e-12 0.0148724 0.0141917 0.0231573 2.50796e-07 0.00759344 3.553e-07 0.0340153 3.29539e-08 0.0222408 2.16042e-07 3.50242e-06 0.00199025 6.35324e-08 0.231492 2.84869e-07 0.0613972 0.00972708 4.55582e-09 3.93213e-05 0.254648 0.017853 0.000294261 
0.0145167 2.46885e-10 9.68885e-06 0.119784 0.024364 0.000703773 0.00901968 0.0315791 0.00602975 0.00610846 0.000119999 0.000295643 0.0041928 0.00105987 0.188228 8.34932e-05 0.0133785 0.000946718 0.00979772 0.00901924 1.33332e-07 0.00659372 0.0771143 0.475565 0.00148969 
0.00518136 1.89569e-11 3.9695e-06 0.00448571 0.00886527 0.00145576 0.000218351 0.00967512 8.38006e-05 0.206025 3.56563e-08 4.30407e-05 6.60338e-05 5.73385e-09 0.0175605 8.19661e-05 0.229069 0.00379699 0.200328 0.00413415 7.78011e-06 0.00969113 0.275141 0.0230089 0.00107602 
0.0163653 1.71668e-06 5.56802e-06 0.00454572 0.0132902 0.0211603 0.000165076 0.00527089 0.00739804 0.0062622 0.625377 2.38869e-05 0.12213 1.9848e-05 0.000188282 3.06388e-06 0.0168775 0.0102376 0.0555183 0.0176545 3.26916e-05 0.0323939 0.0353378 0.00964764 9.33096e-05 
0.00219689 1.58247e-11 1.92128e-11 0.000307199 0.057663 7.65635e-05 0.00370641 0.00632254 0.00163237 2.7649e-05 0.000332997 2.79796e-06 7.23334e-06 0.076403 8.26503e-05 2.17353e-08 0.00448493 0.843137 0.000309607 2.57953e-05 1.41225e-06 0.000100855 0.00262092 0.000558106 2.25086e-08 
0.0592444 1.84962e-09 2.24562e-09 0.0242712 0.0613583 0.136203 0.00037005 0.162265 0.00293524 0.00693242 5.99588e-06 0.0253521 0.0418463 2.53489e-07 3.71205e-06 5.42136e-07 0.0281798 0.000344403 0.00818196 0.0240295 5.91657e-05 0.0522406 0.324656 0.0415186 1.43706e-06 
0.0590404 9.67846e-09 1.17506e-08 0.0743774 0.0175863 0.000227528 0.000845908 0.187072 0.00823057 0.00289736 0.0286601 7.88466e-05 5.36496e-05 0.0183337 0.456755 3.57373e-06 0.0022665 0.0267356 0.00269994 0.000462475 1.09757e-05 0.0101431 0.000578508 0.101115 0.00182593 
0.0188557 6.72652e-12 8.16665e-12 0.00031611 0.0117013 0.0021397 0.00132495 0.00171942 0.000404366 0.0719965 3.22523e-05 0.012318 0.00139969 0.000430491 0.806469 4.23468e-06 0.00282643 0.00874993 0.0527151 0.00244012 1.09461e-05 0.00116822 0.00243868 0.000432229 0.000106331 
0.0188557 6.72652e-12 8.16665e-12 0.00031611 0.0117013 0.0021397 0.00132495 0.00171942 0.000404366 0.0719965 3.22523e-05 0.012318 0.00139969 0.000430491 0.806469 4.23468e-06 0.00282643 0.00874993 0.0527151 0.00244012 1.09461e-05 0.00116822 0.00243868 0.000432229 0.000106331 
0.0188557 6.72652e-12 8.16665e-12 0.00031611 0.0117013 0.0021397 0.00132495 0.00171942 0.000404366 0.0719965 3.22523e-05 0.012318 0.00139969 0.000430491 0.806469 4.23468e-06 0.00282643 0.00874993 0.0527151 0.00244012 1.09461e-05 0.00116822 0.00243868 0.000432229 0.000106331 
0.0188557 6.72652e-12 8.16665e-12 0.00031611 0.0117013 0.0021397 0.00132495 0.00171942 0.000404366 0.0719965 3.22523e-05 0.012318 0.00139969 0.000430491 0.806469 4.23468e-06 0.00282643 0.00874993 0.0527151 0.00244012 1.09461e-05 0.00116822 0.00243868 0.000432229 0.000106331 
0.00308623 3.97882e-09 1.3474e-08 0.00110909 0.00137012 0.0119779 0.00821655 0.0116373 0.000166467 0.00381884 0.000376416 0.000106868 0.000324083 7.1949e-09 0.0001043 3.95384e-05 0.0411449 0.00895489 0.76984 0.000279816 2.28579e-06 0.0477926 0.0872748 0.00234337 3.31483e-05 
0.0221789 1.94777e-07 2.36479e-07 0.000944374 0.114931 0.00571884 0.00604701 0.0144089 0.0161394 0.0712163 0.541131 3.65201e-05 0.00813125 2.08554e-05 0.00388343 0.00026765 0.00599188 0.000465819 0.0182077 0.00134131 0.000412563 0.000296318 0.00472104 0.158648 0.00485945 
0.022819 1.19305e-07 2.00141e-06 0.00311714 0.0565201 0.0190887 0.0163085 0.00289302 0.000121389 0.379305 1.0496e-05 0.017604 2.74832e-05 4.99785e-05 5.75364e-06 2.98352e-05 0.00187231 0.000365015 0.261777 0.000343881 0.000262193 0.0125473 0.00123362 0.203628 6.83892e-05 
0.00181026 1.1324e-12 1.08082e-08 0.00212778 0.0539353 0.00452135 0.00364281 0.000721827 0.0010049 0.000982276 2.07117e-05 1.17162e-06 0.00411495 3.28871e-09 5.00483e-06 2.89768e-07 0.000557689 0.812897 0.000227156 0.000441509 4.51381e-10 0.0313152 0.0806063 0.000703693 0.000362697 
0.000871239 7.37877e-10 8.95855e-10 0.00173756 0.303392 0.00658743 0.509484 0.0136394 0.094935 0.000251663 1.92275e-05 2.82806e-06 6.76106e-05 0.00239459 6.36433e-06 0.0113904 0.000541142 0.0142688 1.13773e-05 0.000423961 4.57619e-08 0.0376434 0.000678943 0.00141582 0.000237624 
0.078915 8.08538e-08 2.20933e-06 0.00384868 0.0565894 0.0043473 0.000923591 0.0143422 0.00500025 0.0715464 4.10433e-05 0.000118429 0.00190389 3.6871e-05 0.00323628 0.00317629 0.000149108 0.000712096 0.669794 0.00231381 0.000161513 0.00219013 0.0522957 0.0279921 0.000363849 
0.00754224 2.0327e-07 2.46789e-07 0.0577539 0.175485 5.1818e-05 0.00161151 0.291177 0.0660388 8.96515e-06 0.00157673 6.34455e-06 0.000328797 1.65328e-05 0.0243994 2.60139e-05 0.00184631 0.0214641 0.000173157 0.000800439 2.76002e-06 0.00338471 0.0137128 0.318094 0.014498 
0.00232062 5.96881e-09 7.24671e-09 0.672656 0.00825163 0.000905099 0.000390992 0.00520066 0.00247457 2.46905e-06 6.13074e-06 6.00175e-06 0.0530216 5.98861e-09 0.00627903 9.67781e-09 0.00118911 0.0183312 0.000791864 0.0145945 7.15458e-06 0.130316 0.071161 0.0120474 4.63068e-05 
0.0244066 1.01466e-11 1.21126e-06 0.153959 0.165 0.00322975 0.00500055 0.00446755 0.0066513 0.000701902 0.000247264 2.59982e-06 0.0342321 2.88943e-09 0.000149377 2.13264e-07 0.000519051 0.419196 0.000570178 0.0023774 1.17684e-09 0.042477 0.132795 0.0025586 0.00145825 
0.00762726 5.15215e-08 1.25608e-05 0.0077471 0.0162204 0.130663 0.188726 0.0965583 0.000915088 3.61237e-05 3.40642e-06 4.07803e-06 5.31449e-05 0.383753 6.29013e-06 1.45593e-06 9.89704e-05 0.00410205 0.131491 0.000776229 8.83428e-08 0.0146853 0.0150485 0.000206082 0.00126452 
0.0416535 3.43222e-10 4.16705e-10 0.00710629 0.291831 0.00723966 0.00390108 0.0199318 0.0023505 0.0163593 0.000468401 0.000149341 0.00191978 1.76783e-06 0.00264205 2.13046e-08 0.00482892 0.000210546 0.0138714 0.00021627 0.000740671 0.00327122 0.00885875 0.572445 2.37987e-06 
0.00626378 1.13223e-11 1.37463e-11 0.0027782 0.0750654 0.00264737 0.419977 0.0229509 0.0303426 0.00876725 0.000610469 2.68896e-08 0.00241524 1.79616e-05 5.2186e-05 3.03823e-05 0.0374918 0.342668 0.00319541 2.59994e-05 1.0346e-05 0.0249181 0.0193717 0.000383145 1.68725e-05 
0.0179007 2.08002e-08 2.52535e-08 0.0201038 0.0323203 0.000600592 0.000591434 0.065925 0.00381309 0.0075334 0.0242285 4.91444e-05 0.000849215 6.04428e-05 0.0077955 2.95666e-05 0.00792871 0.000455361 0.0103149 0.000938659 4.40956e-05 0.000829162 0.0225213 0.774834 0.000333449 
0.3625 2.63462e-10 3.19868e-10 0.108201 0.130661 0.0015266 0.00932385 0.00807264 1.2168e-06 0.00154845 0.223476 3.83447e-06 7.10097e-07 6.11576e-07 0.00121601 3.66854e-07 0.000672687 0.00678412 0.000109787 0.0389356 1.26703e-05 1.49346e-06 0.0239871 0.0783865 0.00457741 
0.102152 2.33901e-10 2.83978e-10 0.00147478 0.0187399 7.43173e-05 0.000460964 0.00339756 3.79532e-07 0.0150352 0.0021689 1.90815e-07 4.55601e-07 2.34677e-10 0.0618596 1.75094e-07 0.00577662 0.00020349 2.05153e-08 9.5565e-07 3.76929e-07 7.52788e-07 0.0186399 0.770012 1.42456e-06 
0.00724954 6.14682e-08 0.00148917 0.0132532 0.0800443 0.0856889 0.000431228 0.156796 0.0323724 0.0464816 0.0445519 0.0373797 0.00485549 8.28429e-06 0.041675 2.10672e-05 0.0531572 2.66299e-05 0.0532059 0.135659 0.00161115 0.0301183 0.0500304 0.104156 0.0197366 
0.000969822 5.475e-12 6.34804e-09 0.00118475 0.301899 0.00242225 0.00206183 0.00389427 0.00139777 0.000526301 1.11111e-05 6.30873e-07 0.00220491 4.38586e-07 5.51218e-05 1.57931e-07 0.000298801 0.621611 0.000121708 0.000238575 2.74914e-08 0.0167766 0.043743 0.000388086 0.000194387 
0.000842133 3.10366e-12 3.76814e-12 0.00457122 0.0288811 0.000468567 0.0322193 0.00557771 0.00351098 0.000443041 9.88548e-06 5.43542e-09 2.1592e-05 3.01961e-06 0.00025123 3.42671e-07 0.0030825 0.913517 0.000605359 0.000197479 4.48782e-10 0.0020824 0.00315918 0.000533312 2.27728e-05 
0.0248226 1.05059e-08 1.27552e-08 0.0116475 0.354974 0.0346724 0.046188 0.0980144 0.000192439 0.0113755 0.0231158 0.00123263 0.0580954 1.05408e-08 0.00537599 0.000500768 0.00967932 7.65551e-06 3.67386e-05 0.0119951 1.89815e-06 1.09191e-06 0.0318099 0.27624 2.10059e-05 
0.000940003 1.99127e-10 3.75068e-09 0.00221545 0.0837061 0.00238239 0.666924 0.115055 0.0328701 9.32965e-05 0.000348173 2.01672e-06 0.000410244 2.20415e-05 0.00272421 4.30127e-06 0.00163035 0.00117262 0.00134952 0.00300628 4.37417e-08 0.00446135 0.00884405 0.0716796 0.000159229 
0.00308623 3.97882e-09 1.3474e-08 0.00110909 0.00137012 0.0119779 0.00821655 0.0116373 0.000166467 0.00381884 0.000376416 0.000106868 0.000324083 7.1949e-09 0.0001043 3.95384e-05 0.0411449 0.00895489 0.76984 0.000279816 2.28579e-06 0.0477926 0.0872748 0.00234337 3.31483e-05 
0.00142169 1.9384e-10 2.35341e-10 0.00215673 0.00599588 0.163158 4.48223e-07 0.0804223 0.00017759 0.000984926 0.000331695 2.08481e-05 0.00408455 0.0240049 7.29009e-08 1.31051e-07 0.607918 9.44396e-08 0.0587538 0.00165848 9.3868e-08 0.00442485 0.0444839 6.56427e-07 4.04553e-08 
0.00699739 1.01669e-10 1.23436e-10 0.000466328 0.00978172 0.000306432 0.00587714 0.0032551 2.36555e-05 0.0367364 0.00113307 0.00144535 0.000178444 7.45844e-05 0.00124102 0.828349 0.00164435 0.00473153 0.0912707 0.000477119 8.03673e-07 0.00122487 0.00253694 0.00189462 0.000353586 
0.070083 3.41343e-10 4.14424e-10 0.000311266 0.00158285 0.0232803 5.14334e-07 0.0223949 7.2862e-07 0.0217528 0.000209916 0.00274461 0.0283688 0.000224045 0.580182 4.25445e-06 0.0393299 0.000278566 0.166396 0.00396796 2.31422e-07 0.00218696 0.0318999 0.00460636 0.00019432 
