0.0240635 6.93907e-08 8.42471e-08 0.0341395 0.0656632 0.0225699 0.000626561 0.0584119 0.10797 0.000452697 0.00232933 1.0986e-05 0.0118926 0.000100293 0.00203884 2.55701e-05 0.458002 0.0046285 0.00290173 0.0161122 4.44635e-06 0.0669738 0.110469 0.0105856 2.79855e-05 
0.0277584 2.42349e-05 4.61145e-05 0.0310465 0.0514191 0.0909578 0.00946944 0.0437867 0.0075894 0.0407922 0.00172292 0.00152098 0.00959536 0.00034384 0.021552 0.000368566 0.0409873 0.0123119 0.33023 0.0299345 5.44905e-05 0.0167252 0.199655 0.0313488 0.000759974 
0.016251 1.47789e-09 1.7943e-09 0.0462335 0.0184269 0.0783771 0.00125505 0.0358691 0.000907483 0.00170124 0.000194056 5.58099e-05 0.00159055 0.000206764 0.000265457 2.09233e-05 0.0968921 0.00555785 0.213508 0.00262148 4.06629e-06 0.0150225 0.448633 0.0163036 0.000102358 
0.571488 6.87427e-07 8.34603e-07 0.212134 0.000962011 0.000108473 2.02157e-06 2.06375e-05 0.00117152 0.00103373 0.119641 1.93351e-06 0.000302452 9.33316e-05 0.0132185 0.000238937 0.000109253 7.74127e-06 0.00166718 0.0154696 9.80787e-07 0.0133394 0.015325 0.0216775 0.0119854 
0.0511427 5.19104e-10 6.30242e-10 0.055401 0.426068 0.03933 0.00105742 0.0543114 0.00129261 0.0232961 0.0197419 5.61273e-05 0.0950462 1.80558e-06 0.00151922 1.6737e-06 0.00900993 0.00390393 0.00484865 0.027901 1.04089e-07 0.0761735 0.0145449 0.0935398 0.00181176 
0.0641248 0.000696571 0.00360394 0.0331025 0.0577245 0.0657306 0.00504612 0.0413913 0.00677887 0.0236132 0.0043967 0.00085432 0.00705821 0.00221041 0.00284335 0.00552441 0.210223 0.00617077 0.0450771 0.0204687 0.0900938 0.118116 0.140991 0.0405162 0.00364317 
0.00308623 3.97882e-09 1.3474e-08 0.00110909 0.00137012 0.0119779 0.00821655 0.0116373 0.000166467 0.00381884 0.000376416 0.000106868 0.000324083 7.1949e-09 0.0001043 3.95384e-05 0.0411449 0.00895489 0.76984 0.000279816 2.28579e-06 0.0477926 0.0872748 0.00234337 3.31483e-05 
0.0123645 1.75698e-07 0.00473258 0.165978 0.0285017 0.000585908 4.53618e-05 0.009026 0.0012615 0.00654278 0.000657036 1.16545e-05 0.00139588 2.74291e-06 0.662213 4.68205e-07 0.0031998 0.00661932 0.0010514 0.0018962 9.67757e-05 0.000886361 0.0141226 0.0786901 0.000118527 
0.00366023 4.66305e-07 9.06415e-06 0.00111308 0.00142755 0.0143376 0.0116355 0.0115648 0.000179437 0.00435396 0.000657468 0.00011955 0.00033336 5.72784e-07 0.000116382 4.75141e-05 0.0417434 0.0115285 0.758284 0.000277774 2.34143e-06 0.0483857 0.0878158 0.00237201 3.45255e-05 
0.725316 5.42353e-14 6.58469e-14 0.00342451 0.000665444 0.011687 0.000321943 0.00163046 0.000177532 0.0181841 0.000235243 0.00186293 0.00417997 0.0467277 5.07789e-05 1.68848e-09 0.0226202 0.000373252 0.0517661 0.0659292 5.69191e-07 0.00210042 0.0420052 0.000560928 0.000180247 
0.0266358 5.87182e-08 6.14619e-06 0.0249136 0.102192 7.41833e-05 0.0304764 0.62445 0.00139108 6.04428e-06 0.00226224 2.8064e-05 0.000147248 0.000168315 0.00633121 0.00012122 0.00360705 0.0315087 0.00424041 0.0129702 2.42744e-06 0.00400468 0.0570799 0.0672173 0.000165809 
0.0388473 5.24492e-07 6.36784e-07 0.0626765 0.0255513 0.0010823 0.00127832 0.057262 0.00525541 0.0169442 0.000610546 0.003268 0.0004872 3.31109e-05 0.00983176 0.000100772 0.00909837 0.00387075 0.0014454 0.0107519 4.41681e-06 0.0182302 0.0417321 0.688384 0.00325307 
0.0227455 6.57871e-12 7.98719e-12 0.0014176 0.0112786 0.00234941 0.000432886 0.00380583 9.66116e-06 0.00332058 9.48776e-08 9.23537e-05 0.000916509 1.99364e-05 4.07407e-08 0.00180143 0.000387178 0.000798528 0.940954 0.00127811 8.07458e-06 0.000592143 0.00697957 0.000520847 0.000291238 
0.0335235 4.37956e-09 5.31721e-09 0.0171367 0.183023 0.00465592 0.00408279 0.00358045 0.0175962 0.0316367 9.92395e-05 8.19819e-07 8.63598e-05 3.13707e-05 0.478391 3.75302e-07 0.00669574 0.000123587 2.04462e-05 0.00183952 3.27047e-07 0.00962478 0.0729931 0.11907 0.0157872 
0.161347 7.445e-11 9.03895e-11 1.62062e-05 0.0195814 0.000496896 0.259688 0.0090759 0.316414 0.00148288 6.38784e-07 9.41259e-06 0.00667058 9.50082e-05 7.23923e-08 3.86542e-08 0.0465361 0.0219816 0.0544016 0.000108801 2.9606e-08 0.00997132 0.0683561 0.00133695 0.0224291 
0.0334386 4.25237e-07 2.54619e-06 0.0209248 0.0903208 0.117387 0.000665504 0.192362 0.0112776 0.00422754 0.000998601 1.5597e-05 0.009648 4.25204e-06 0.00134204 2.53284e-06 0.00734296 0.000228136 0.00249781 0.0118074 1.8102e-06 0.0360598 0.423555 0.0356853 0.000204912 
7.76235e-06 7.5284e-09 9.14021e-09 0.000681993 0.0139579 0.0159797 0.00185034 0.0477575 0.00018725 0.00029279 0.00370918 2.17146e-07 0.380574 7.55338e-09 2.6349e-05 8.69284e-07 0.391387 5.30844e-06 0.0125992 8.93502e-07 0.000952454 0.0010133 0.0031152 0.0420252 0.0838752 
0.0481194 4.63912e-10 5.63234e-10 0.00165733 0.0507315 0.0141418 0.000171004 0.843889 0.0143257 0.0016699 0.0076625 3.31823e-05 2.3325e-08 4.6533e-08 0.000193483 2.54943e-05 0.0071143 0.00119026 5.12677e-07 0.0020147 5.03096e-06 0.00423318 0.00132239 0.00106262 0.000436877 
0.659921 2.04798e-12 2.48644e-12 0.0191642 0.00154658 0.00085572 5.68916e-05 0.00268022 0.000132452 0.000273223 0.000524669 2.62582e-05 0.000682826 9.04217e-06 0.0017302 1.7012e-06 0.0460159 0.000850378 0.00210759 0.000593968 4.00682e-07 0.00524384 0.255781 0.00172002 8.18149e-05 
0.00308623 3.97882e-09 1.3474e-08 0.00110909 0.00137012 0.0119779 0.00821655 0.0116373 0.000166467 0.00381884 0.000376416 0.000106868 0.000324083 7.1949e-09 0.0001043 3.95384e-05 0.0411449 0.00895489 0.76984 0.000279816 2.28579e-06 0.0477926 0.0872748 0.00234337 3.31483e-05 
0.6559 5.14406e-09 6.24539e-09 0.0293836 0.00664909 0.0221632 1.88767e-05 0.0091929 0.0153211 0.00140889 0.0305415 3.78892e-06 0.00897977 8.33418e-06 0.0123062 2.77609e-06 0.00186937 0.000311061 0.0118704 0.0242085 0.00012956 0.00917351 0.130049 0.0297828 0.000725657 
0.00308623 3.97882e-09 1.3474e-08 0.00110909 0.00137012 0.0119779 0.00821655 0.0116373 0.000166467 0.00381884 0.000376416 0.000106868 0.000324083 7.1949e-09 0.0001043 3.95384e-05 0.0411449 0.00895489 0.76984 0.000279816 2.28579e-06 0.0477926 0.0872748 0.00234337 3.31483e-05 
0.01887 5.21254e-09 3.22783e-05 0.00219296 0.0233714 0.0491713 0.00899082 0.030198 0.000955103 0.00927543 0.000274403 0.000245002 0.00959084 7.20416e-06 0.000122387 4.12458e-05 0.313867 0.0977486 0.269379 0.000584981 9.65536e-07 0.118609 0.0387224 0.00770279 4.75502e-05 
0.0145738 4.47989e-09 8.6659e-06 0.00419424 0.00200604 0.00319924 0.0153042 0.00445194 2.06856e-06 0.16852 0.0827645 2.81251e-05 1.25809e-06 0.000390432 2.31876e-06 0.000222162 0.423413 0.00257835 0.0429657 4.01451e-06 2.98302e-08 0.0694536 0.00686616 0.15141 0.00764018 
0.135172 2.75428e-06 0.068556 0.0465137 0.0297345 0.00406005 0.0184634 0.0093988 0.00900497 0.0297571 0.0527728 0.0024489 0.00420014 4.87993e-05 0.0112888 7.86464e-05 0.0164321 0.00491785 0.0176111 0.0289132 2.3986e-05 0.0981587 0.0608044 0.292215 0.0594223 
0.577449 1.94228e-07 2.35812e-07 0.00678312 0.0516553 0.000279903 0.0022394 0.0141075 0.000180794 0.00355579 0.000516983 0.000464663 0.0025773 0.00180999 0.00270897 0.000455361 0.000594911 0.000493436 0.138484 0.001174 4.87555e-05 0.0182632 0.0638766 0.112276 4.67303e-06 
0.0926614 2.36133e-12 2.86688e-12 0.000149778 0.00959004 0.00143067 0.000437845 0.0039658 0.00015716 0.131569 2.96038e-09 0.0219734 0.000871249 0.00415519 6.45089e-05 2.8002e-05 0.000971288 0.000138296 0.694005 0.00311329 3.38242e-06 0.000977446 0.0237946 0.00966042 0.000282648 
0.280885 2.59146e-06 0.0156611 0.191044 0.0290572 0.0100585 0.00975063 0.0341246 0.00514014 0.011454 0.0121436 3.17928e-05 0.00509317 0.000142762 0.00446498 3.16761e-05 0.0212336 0.0152877 0.023341 0.0548167 8.98743e-05 0.0205747 0.198397 0.052463 0.00471006 
0.135252 4.23725e-10 5.14443e-10 0.0645858 0.0341634 0.00224876 0.00201824 0.0221765 0.0117349 0.591567 7.89587e-05 0.00716601 0.00556671 5.81026e-05 0.0303114 3.13403e-05 0.00982074 0.000114235 0.0087544 0.0122932 4.54744e-09 0.0132343 0.0289541 0.018519 0.00135087 
0.00403911 1.31503e-11 1.59657e-11 0.0139932 0.133801 0.00501441 0.483131 0.0337336 0.0158623 0.0003022 0.000143221 4.46069e-08 2.09322e-05 0.172773 1.78275e-06 3.35175e-06 0.00165859 0.0874966 0.00998877 0.00030921 2.28599e-09 0.0175765 0.0184585 0.000579085 0.0011132 
0.00849945 5.68637e-07 6.90381e-07 0.000860412 6.29022e-05 0.00178942 0.000105653 0.0363895 1.77256e-05 4.20793e-05 6.22507e-05 6.74869e-07 0.0594362 2.88475e-05 0.000159983 1.02186e-05 0.804109 6.02715e-06 0.00243036 0.0247669 9.44765e-06 0.0124786 0.040072 0.0085701 9.13976e-05 
0.0913153 1.72608e-06 0.0110846 0.0222349 0.0122659 0.0391029 0.0217312 0.0339144 0.0068868 0.0144251 0.00052581 0.00407548 0.0301114 0.00316892 9.73454e-05 0.000149174 0.173117 0.00946105 0.0177296 0.0242387 5.93577e-06 0.0269994 0.294141 0.161432 0.0017848 
0.0216479 2.44856e-11 2.97279e-11 0.0428579 0.0152051 0.0306346 0.000452408 0.040487 3.45829e-05 1.26086e-05 0.00010121 4.06177e-06 0.0221805 3.889e-06 2.09296e-05 5.29777e-06 0.0114749 0.00339289 0.00224413 0.253433 7.59122e-09 0.00334164 0.551979 0.000427843 5.84602e-05 
0.00509306 6.98307e-10 8.47812e-10 0.00928051 0.573725 0.00625088 0.000214189 0.124398 0.186888 0.000656923 0.00062058 1.04894e-05 0.00524925 8.7977e-06 0.00291385 2.10091e-05 0.000771292 0.000106697 0.00242323 0.00824714 1.15294e-08 0.0718742 0.00056764 0.000658506 2.13246e-05 
0.017722 2.13654e-09 2.59397e-09 0.000391555 0.0183429 0.00104137 0.0237555 0.00383356 0.000499372 0.0503672 1.72272e-06 0.0116169 0.00025386 0.00385725 0.000134921 3.14307e-05 0.0068548 0.00830114 0.84106 0.000229046 1.2667e-06 0.00243362 0.00498116 0.00417498 0.000114311 
0.00267979 2.02072e-07 2.45335e-07 0.000133667 0.162473 0.000981875 0.000423282 0.0767062 0.006449 0.0484865 5.57142e-05 0.0183713 0.00705239 0.00591064 0.0201927 0.000342009 0.0192244 0.00048075 0.00400025 0.00116413 7.83585e-06 0.0195496 0.0199263 0.585254 0.000134311 
0.00521784 3.77904e-10 4.58812e-10 0.015264 0.139881 0.088669 0.208453 0.124827 0.00496839 0.00395646 0.00339175 7.01617e-06 0.0448526 0.00210826 3.55648e-05 6.92209e-05 0.110798 0.0373669 0.0359689 0.0242234 7.88177e-08 0.0505319 0.0772372 0.0221697 3.22379e-06 
0.0227455 6.57871e-12 7.98719e-12 0.0014176 0.0112786 0.00234941 0.000432886 0.00380583 9.66116e-06 0.00332058 9.48776e-08 9.23537e-05 0.000916509 1.99364e-05 4.07407e-08 0.00180143 0.000387178 0.000798528 0.940954 0.00127811 8.07458e-06 0.000592143 0.00697957 0.000520847 0.000291238 
0.00308623 3.97882e-09 1.3474e-08 0.00110909 0.00137012 0.0119779 0.00821655 0.0116373 0.000166467 0.00381884 0.000376416 0.000106868 0.000324083 7.1949e-09 0.0001043 3.95384e-05 0.0411449 0.00895489 0.76984 0.000279816 2.28579e-06 0.0477926 0.0872748 0.00234337 3.31483e-05 
0.0390357 1.51884e-09 6.2727e-06 0.00842777 0.430311 0.00712381 0.00278322 0.206247 0.0183243 0.000133609 0.0552166 0.000188459 1.32616e-05 0.00142335 0.00241699 2.16534e-05 0.0154255 0.0128687 0.00494998 4.36326e-05 5.61533e-08 0.0218656 0.136396 0.036776 4.40177e-07 
0.0232594 2.92727e-08 3.55399e-08 0.00336628 0.0287486 4.11488e-05 0.00116607 0.729217 0.0227403 0.00203731 0.0130647 2.75665e-05 0.0164113 2.93698e-08 0.000987245 3.51434e-05 0.0103513 0.00563846 0.000176777 6.19486e-06 9.11781e-06 0.00191081 0.00250532 0.138199 0.000101063 
0.0188557 6.72652e-12 8.16665e-12 0.00031611 0.0117013 0.0021397 0.00132495 0.00171942 0.000404366 0.0719965 3.22523e-05 0.012318 0.00139969 0.000430491 0.806469 4.23468e-06 0.00282643 0.00874993 0.0527151 0.00244012 1.09461e-05 0.00116822 0.00243868 0.000432229 0.000106331 
0.0142226 8.40655e-08 1.02064e-07 0.00195975 0.000726162 0.0013153 0.000845942 0.0313573 0.000105664 2.13506e-05 0.0332675 0.000213693 0.115031 1.01344e-05 2.37194e-05 3.11931e-06 0.620592 0.000344174 0.000863392 0.00131141 0.00301903 0.000660198 0.052268 0.121824 1.42485e-05 
0.00271538 1.22728e-12 1.60844e-08 0.00319166 0.0682284 0.006782 0.00490251 0.00108273 0.00150734 0.00147339 3.10639e-05 1.75663e-06 0.00617237 4.86322e-09 7.50517e-06 4.33907e-07 0.000836527 0.732582 0.000340729 0.000662258 5.38355e-10 0.0469727 0.120909 0.00105553 0.000544025 
0.0617783 2.16759e-10 2.63167e-10 0.0280159 0.238926 9.71995e-07 0.19419 0.0204245 0.00105853 0.00457454 0.000756103 0.000177846 2.26691e-06 7.22667e-07 0.000864594 4.45515e-07 0.0382485 0.253359 0.030755 0.000994856 5.79663e-08 0.00521984 0.115103 0.00478507 0.000763782 
0.269625 9.81131e-09 3.8602e-06 0.00791261 0.026283 0.0158055 0.00161283 0.00755327 0.000145173 0.114306 8.49574e-05 8.13763e-05 0.000184295 0.00287591 0.0195142 2.90913e-05 0.0862117 0.000161896 0.0395127 0.0102357 3.98406e-06 0.00486726 0.304333 0.0881895 0.000466464 
0.0188557 6.72652e-12 8.16665e-12 0.00031611 0.0117013 0.0021397 0.00132495 0.00171942 0.000404366 0.0719965 3.22523e-05 0.012318 0.00139969 0.000430491 0.806469 4.23468e-06 0.00282643 0.00874993 0.0527151 0.00244012 1.09461e-05 0.00116822 0.00243868 0.000432229 0.000106331 
0.0166073 6.87359e-06 0.00238557 0.0085895 0.0417721 0.0113293 0.00182585 0.0138576 0.0207979 0.00100503 0.00896849 7.98365e-06 0.00413353 0.00062354 0.00958026 0.00314318 0.00643732 0.0241496 0.00301194 0.0156258 0.0016647 0.00154468 0.0486513 0.75411 0.000170545 
0.00181026 1.1324e-12 1.08082e-08 0.00212778 0.0539353 0.00452135 0.00364281 0.000721827 0.0010049 0.000982276 2.07117e-05 1.17162e-06 0.00411495 3.28871e-09 5.00483e-06 2.89768e-07 0.000557689 0.812897 0.000227156 0.000441509 4.51381e-10 0.0313152 0.0806063 0.000703693 0.000362697 
0.0754236 2.48615e-08 2.45487e-06 0.0104585 0.209382 0.050416 0.0457511 0.0850044 0.0195035 0.00370438 0.00738683 1.49224e-05 0.00135204 2.12889e-05 0.00109225 1.79107e-05 0.112625 0.0110327 0.00416506 0.0133383 1.73776e-06 0.00989103 0.265823 0.0732748 0.000317755 
0.00308623 3.97882e-09 1.3474e-08 0.00110909 0.00137012 0.0119779 0.00821655 0.0116373 0.000166467 0.00381884 0.000376416 0.000106868 0.000324083 7.1949e-09 0.0001043 3.95384e-05 0.0411449 0.00895489 0.76984 0.000279816 2.28579e-06 0.0477926 0.0872748 0.00234337 3.31483e-05 
0.0188557 6.72652e-12 8.16665e-12 0.00031611 0.0117013 0.0021397 0.00132495 0.00171942 0.000404366 0.0719965 3.22523e-05 0.012318 0.00139969 0.000430491 0.806469 4.23468e-06 0.00282643 0.00874993 0.0527151 0.00244012 1.09461e-05 0.00116822 0.00243868 0.000432229 0.000106331 
0.0204682 1.43974e-06 1.74798e-06 0.0082329 0.0140244 0.047067 0.00334607 0.089891 0.000161447 5.49655e-05 0.685452 2.75404e-05 0.000168345 4.16782e-05 7.87836e-05 4.35308e-05 0.00817091 1.62155e-05 0.0150153 0.00131651 2.66267e-05 0.0178115 0.0703264 0.0181471 0.000107863 
0.00308623 3.97882e-09 1.3474e-08 0.00110909 0.00137012 0.0119779 0.00821655 0.0116373 0.000166467 0.00381884 0.000376416 0.000106868 0.000324083 7.1949e-09 0.0001043 3.95384e-05 0.0411449 0.00895489 0.76984 0.000279816 2.28579e-06 0.0477926 0.0872748 0.00234337 3.31483e-05 
0.00515331 9.52603e-07 0.00980902 0.00505749 0.0438938 0.036448 9.53819e-07 0.0553356 0.0430162 0.0274704 0.0384235 0.0552355 9.53869e-07 0.000572511 0.0834876 0.00352168 9.53992e-07 9.54092e-07 0.0449333 0.343019 9.53038e-07 0.108376 0.0312034 0.0357758 0.0292618 
0.0227455 6.57871e-12 7.98719e-12 0.0014176 0.0112786 0.00234941 0.000432886 0.00380583 9.66116e-06 0.00332058 9.48776e-08 9.23537e-05 0.000916509 1.99364e-05 4.07407e-08 0.00180143 0.000387178 0.000798528 0.940954 0.00127811 8.07458e-06 0.000592143 0.00697957 0.000520847 0.000291238 
0.00278476 1.62393e-10 1.97161e-10 0.0696385 0.00870937 0.19267 0.00887112 0.0256171 3.72612e-07 3.02453e-06 0.00138051 3.40762e-07 0.00589712 1.53745e-07 5.22271e-06 1.15216e-07 0.0159312 0.00478341 0.232137 0.000270544 7.39584e-08 0.126042 0.305067 0.000135322 5.51549e-05 
0.0164678 5.45572e-07 6.62378e-07 0.00276712 0.000504251 0.000620932 9.45288e-05 0.00733315 5.05094e-05 0.000132305 0.000214276 1.89044e-05 0.00769195 8.38744e-05 0.000671654 5.09369e-05 0.101708 0.00709801 0.809941 0.000465696 6.83104e-06 0.0041628 0.015913 0.0239476 5.34166e-05 
0.0227455 6.57871e-12 7.98719e-12 0.0014176 0.0112786 0.00234941 0.000432886 0.00380583 9.66116e-06 0.00332058 9.48776e-08 9.23537e-05 0.000916509 1.99364e-05 4.07407e-08 0.00180143 0.000387178 0.000798528 0.940954 0.00127811 8.07458e-06 0.000592143 0.00697957 0.000520847 0.000291238 
0.0133858 4.78574e-11 5.81035e-11 0.0301115 0.0182304 0.00736496 3.53662e-05 0.00791492 0.000997604 0.00731681 0.000121398 2.55614e-05 0.000430064 2.95876e-05 0.00206255 0.000810341 0.0541041 0.00610573 0.527564 0.00865407 0.00175331 0.000423358 0.119596 0.192326 0.000637322 
0.0179007 2.08002e-08 2.52535e-08 0.0201038 0.0323203 0.000600592 0.000591434 0.065925 0.00381309 0.0075334 0.0242285 4.91444e-05 0.000849215 6.04428e-05 0.0077955 2.95666e-05 0.00792871 0.000455361 0.0103149 0.000938659 4.40956e-05 0.000829162 0.0225213 0.774834 0.000333449 
0.468648 3.1813e-06 0.0136657 0.0689203 0.117143 0.00953754 0.00334788 0.0341601 0.00289355 0.00585651 0.00212732 0.00367971 0.00347227 2.19373e-05 0.0112839 5.12515e-06 0.0976152 0.000436424 0.00417465 0.0224788 3.60725e-06 0.00835561 0.0256477 0.0961508 0.000372148 
0.00509306 6.98307e-10 8.47812e-10 0.00928051 0.573725 0.00625088 0.000214189 0.124398 0.186888 0.000656923 0.00062058 1.04894e-05 0.00524925 8.7977e-06 0.00291385 2.10091e-05 0.000771292 0.000106697 0.00242323 0.00824714 1.15294e-08 0.0718742 0.00056764 0.000658506 2.13246e-05 
0.0149281 1.7947e-09 2.17895e-09 0.000181484 0.0493272 2.18823e-06 0.00237372 0.172267 1.01327e-05 0.345543 4.05075e-07 0.00384485 3.5176e-07 4.71091e-05 0.162517 0.00494788 0.000135898 0.000916325 0.0177966 0.000159175 2.58516e-07 0.000917 2.27698e-06 0.223317 0.000765295 
0.0187877 2.68804e-09 3.26354e-09 0.000238483 0.00329789 0.0133179 4.01021e-06 0.0138061 1.7114e-05 0.00292782 3.44661e-05 0.000141344 0.00205008 2.69696e-09 0.000191997 6.17884e-07 0.00512705 2.60761e-06 0.00653724 1.80869e-05 4.66933e-08 0.00118792 0.00517455 0.0219176 0.905219 
0.0139297 2.09006e-08 0.000813967 0.000987825 0.0138517 0.00223316 0.00158025 0.00413094 0.000338323 0.617743 0.000161239 0.0298528 0.0010771 0.000118092 0.264193 8.79942e-05 0.00253163 0.00521437 0.0251645 0.00327249 6.46652e-06 0.000793431 0.00760739 0.00224667 0.00206421 
0.183356 5.53903e-11 6.72492e-11 0.022729 0.0136428 0.0209049 5.0895e-05 0.00833575 0.00541158 0.00689701 0.0017835 1.32845e-05 0.10458 7.1713e-06 5.82836e-08 3.14211e-05 0.289616 0.00461631 0.00818076 0.0257574 9.81863e-09 0.00450733 0.293916 0.0042775 0.00138563 
0.888857 1.0209e-08 1.23947e-08 0.0226919 0.00220329 3.48253e-05 4.66216e-05 0.000335536 1.21906e-06 0.000214822 0.000481987 0.000266905 3.44332e-06 5.812e-07 0.00113413 3.89461e-06 0.00159429 2.73307e-05 9.97113e-05 0.000362318 0.000721506 0.00108539 0.0239305 0.0554776 0.000425348 
0.0194851 2.13667e-10 2.59412e-10 0.664328 0.0194777 0.0716529 0.000202883 0.00601349 0.00174 0.000278171 6.19554e-05 9.39666e-10 0.00264394 2.94889e-05 0.000619998 6.57716e-08 0.00697437 0.000546008 0.0102879 0.0216766 3.99515e-07 0.0782483 0.0954269 0.000283587 2.25197e-05 
0.017646 7.2891e-07 6.75717e-06 0.0378194 0.0515477 0.0140402 0.00108594 0.0232047 0.121827 0.068575 0.00491187 0.526647 0.000685909 0.000833282 0.000200228 2.79322e-05 0.00283084 0.00145247 0.0181909 0.0144368 0.000464514 0.00620684 0.0294203 0.05734 0.000597073 
0.0192791 1.37712e-10 1.67195e-10 0.00107804 0.00295444 0.0284259 0.000107688 0.013167 4.31139e-05 0.00278802 2.68681e-07 2.18318e-05 0.00023615 7.01981e-09 0.000369195 2.68134e-05 0.00323353 2.05254e-05 0.0503093 0.0013565 2.26089e-06 0.0186943 0.0462264 0.811652 8.06711e-06 
0.0591866 3.84742e-11 4.67114e-11 0.00605532 0.0135029 0.000489074 0.000217003 0.0140286 0.00639002 0.00734078 8.46657e-05 6.91515e-05 0.00167922 2.08295e-07 0.000115948 7.00848e-05 0.507201 0.00011399 0.00320298 0.000457857 5.34585e-08 0.0058831 0.172601 0.201005 0.000305461 
0.167079 1.7613e-07 0.0129834 0.163786 0.166674 6.7013e-05 0.0018808 0.0398704 0.0195404 0.00157788 0.00332536 7.79744e-05 0.0132499 8.65991e-06 0.00460141 1.00454e-05 0.017579 0.000254719 1.40461e-05 0.0120893 0.00652572 0.0127726 0.068104 0.273446 0.014482 
0.128034 8.62067e-12 1.04663e-11 0.0130948 0.0122428 0.0222372 0.00030091 0.00370647 0.00312582 0.0464651 0.000318314 0.0155156 0.0246876 7.18863e-07 8.16877e-08 9.78309e-06 0.0599578 0.00331317 0.109518 0.00278875 4.2246e-07 0.302262 0.216677 0.0121844 0.0235587 
0.00507248 4.55986e-08 5.53611e-08 0.535162 0.0466742 0.0538268 0.00908065 0.00614278 0.00189613 0.000237762 1.8149e-05 3.67614e-05 0.00470146 4.57499e-08 0.00743296 7.39334e-08 0.123723 1.79391e-05 0.000672456 0.0427194 2.82793e-05 0.0307234 0.00681992 0.125008 4.82029e-06 
0.0138882 3.01044e-06 3.99871e-05 0.00148789 0.626795 0.017848 0.0338006 0.0149393 0.0096478 0.00366181 0.0224315 0.000144794 0.12014 0.00233977 3.66217e-05 0.000560652 0.00713902 0.0350146 0.0255359 0.0146409 2.26055e-05 0.0127941 0.0266473 0.0103477 9.31674e-05 
0.00223805 2.91863e-07 3.5435e-07 0.0329659 0.0139392 0.00259973 0.000178395 0.0100711 0.00209543 0.000580884 0.014199 0.000262156 0.00339911 4.30316e-06 0.00247091 8.22534e-05 0.00338193 1.33826e-06 1.49631e-05 2.56468e-05 3.3944e-06 0.00325506 0.00853975 0.89962 7.09011e-05 
0.00403911 1.31503e-11 1.59657e-11 0.0139932 0.133801 0.00501441 0.483131 0.0337336 0.0158623 0.0003022 0.000143221 4.46069e-08 2.09322e-05 0.172773 1.78275e-06 3.35175e-06 0.00165859 0.0874966 0.00998877 0.00030921 2.28599e-09 0.0175765 0.0184585 0.000579085 0.0011132 
0.0188557 6.72652e-12 8.16665e-12 0.00031611 0.0117013 0.0021397 0.00132495 0.00171942 0.000404366 0.0719965 3.22523e-05 0.012318 0.00139969 0.000430491 0.806469 4.23468e-06 0.00282643 0.00874993 0.0527151 0.00244012 1.09461e-05 0.00116822 0.00243868 0.000432229 0.000106331 
0.0395952 1.9016e-08 0.000508502 0.00169202 0.0473109 0.000333794 0.000336534 0.00866156 0.0207082 0.0193585 0.00936434 0.000446139 0.00078512 1.40575e-05 0.000896363 4.44138e-05 3.25438e-05 0.000395388 4.05808e-07 0.000542748 5.8625e-06 0.0063364 0.0416971 0.799835 0.00109882 
0.353916 4.64727e-10 5.64224e-10 0.0317589 0.0197595 0.056082 0.000795342 0.0624129 0.00746649 0.00109651 0.00753176 4.95605e-05 0.00506772 2.22536e-06 0.0438663 7.53507e-10 0.00215043 7.61482e-05 0.00125873 0.115401 1.57906e-08 0.00457919 0.107575 0.151109 0.0280454 
0.0293601 1.79718e-12 2.18195e-12 0.000625026 0.0304592 0.00167589 0.039212 0.00630044 0.000782046 0.0835127 4.74171e-09 0.0189193 0.000395566 0.00608537 0.000181017 3.44918e-05 0.0112571 0.0136415 0.737984 0.000317781 6.09042e-07 0.00397858 0.00823696 0.00687578 0.000164746 
0.0400814 7.49261e-09 9.09676e-09 0.0468684 2.70009e-06 0.00148662 0.000948814 0.0022073 0.00180855 0.000350184 0.000258774 3.13534e-07 0.30293 8.53705e-08 3.45255e-06 1.13049e-06 0.013023 6.05119e-05 0.00827431 0.0122351 1.09592e-06 0.38615 0.13478 0.0485283 5.99049e-07 
1.10912e-05 1.70559e-10 2.07076e-10 6.49583e-06 0.0374647 0.00338221 0.00875515 1.55132e-05 0.00568047 0.000309874 0.182777 1.58014e-06 0.747385 0.0013201 0.000336 2.76545e-10 1.33353e-06 0.00165608 0.00432488 1.22083e-05 7.72636e-08 0.00560397 0.00082577 4.99729e-06 0.000124798 
0.00133473 1.97523e-10 1.52055e-05 0.0177469 0.019084 0.0024845 0.0001086 0.0124903 0.000378207 0.00793079 0.000382113 5.69283e-08 0.00188403 1.45677e-05 0.00139103 0.000171382 0.0376963 0.00193709 0.337117 0.00140335 0.000182804 0.0187959 0.0334115 0.503575 0.000464251 
0.0865122 2.42424e-09 7.08993e-05 0.0252487 0.0681996 0.0122974 0.00150527 0.0372077 0.00249143 0.0491232 0.0075547 0.00174284 0.00339948 0.000492679 0.00181731 0.000477317 0.00350833 0.000694568 0.527134 0.0445055 2.63042e-06 0.00204552 0.0450397 0.078799 0.000130339 
0.0390969 7.62549e-11 9.25808e-11 0.0462247 0.117134 0.0170847 0.00794213 0.44161 0.010277 0.000529777 0.0172731 1.84754e-09 0.0267526 3.36565e-07 0.000213857 1.23639e-10 0.00135975 0.191882 0.00609 1.91949e-06 1.21847e-08 0.0383445 0.0242256 0.0139566 3.59769e-07 
0.00120457 5.86732e-12 7.1235e-12 0.00986266 0.08353 0.0058242 0.495831 0.122074 0.0192143 0.00601632 1.47307e-08 3.75386e-08 9.9418e-05 4.48598e-05 1.6827e-08 8.31804e-06 0.00586711 0.204895 0.008393 9.84024e-09 2.02679e-09 0.0138887 0.0213586 0.00179862 8.90057e-05 
0.0570202 1.75973e-08 2.13648e-08 0.090574 0.0541924 0.0123946 0.00266185 0.145664 2.03273e-05 0.000706157 0.00415272 3.53877e-06 0.0701028 1.76557e-08 0.000436824 1.26902e-06 0.0115443 0.000362054 0.0240703 0.00121164 1.91024e-06 0.0198747 0.0183096 0.486674 2.10866e-05 
0.270465 3.59622e-12 4.36616e-12 0.00996834 0.0493093 0.062258 0.00136963 0.0171843 0.0303144 0.0334318 0.0261391 0.0361688 0.00281954 0.00937252 0.0034872 7.18943e-07 0.240176 0.00469643 0.0444465 0.0121212 1.95813e-06 0.00515307 0.132684 0.00776754 0.000663983 
0.249171 2.1519e-09 2.61261e-09 0.0676927 0.0419952 0.000138139 9.19854e-07 0.0197743 0.00135952 6.15445e-07 0.120403 6.20703e-06 0.00354839 7.45333e-07 0.0825236 3.48908e-09 0.0267194 2.72037e-07 1.15547e-06 4.23989e-06 2.83869e-08 0.00358092 0.25017 0.132909 7.95973e-07 
0.72849 5.68816e-10 6.90598e-10 0.000419848 3.98784e-06 0.137596 5.13819e-06 1.41376e-05 1.64152e-05 0.000319923 2.20791e-06 5.87088e-07 0.000119287 0.0065014 8.80924e-07 9.82586e-07 0.00345174 1.99669e-07 0.0563217 0.00235295 2.41707e-07 0.0102945 0.051388 0.00261684 8.23632e-05 
0.070083 3.41343e-10 4.14424e-10 0.000311266 0.00158285 0.0232803 5.14334e-07 0.0223949 7.2862e-07 0.0217528 0.000209916 0.00274461 0.0283688 0.000224045 0.580182 4.25445e-06 0.0393299 0.000278566 0.166396 0.00396796 2.31422e-07 0.00218696 0.0318999 0.00460636 0.00019432 
0.0186546 3.13084e-06 2.13979e-05 0.0120366 0.240599 0.0453999 0.0108749 0.0533981 0.0120738 0.0151416 0.000747583 0.000624421 0.0104536 0.000167929 0.00108472 8.35581e-06 0.0210915 0.00191383 0.00683774 0.0114593 6.97907e-06 0.0120523 0.0556688 0.469608 7.23195e-05 
0.0108066 8.05347e-09 9.77769e-09 0.00359629 0.0219979 1.32684e-06 0.00204261 0.00480919 7.64537e-07 0.000819464 0.00444581 0.00111775 1.63465e-07 0.00132894 0.00851411 3.62501e-05 0.000951969 0.00117824 1.83579e-05 4.01749e-06 0.113695 5.59384e-08 0.00250925 0.819797 0.00232814 
0.0296995 2.69342e-11 3.27008e-11 0.00489486 0.00847673 0.00400568 0.000292622 0.0082323 0.000587986 0.00734578 0.00239468 3.24703e-07 0.0100104 1.16081e-05 0.00121951 1.15891e-05 0.659487 0.000375106 0.00729031 0.00428902 7.93957e-07 0.00672314 0.233632 0.0110163 2.58598e-06 
0.0110925 3.35639e-07 8.61244e-06 0.00169545 0.0102146 0.0142292 2.58222e-05 0.00924956 3.39877e-05 0.000301811 0.00254044 2.46438e-05 0.855198 1.24316e-05 5.73323e-07 1.69754e-06 0.0397584 0.00394118 0.00239937 0.000270976 7.63977e-06 0.0280584 0.00248767 0.0184419 4.57982e-06 
0.0322361 8.09441e-07 8.39417e-06 0.02393 0.0779532 0.00133582 0.00827589 0.0745217 0.00886719 0.00602329 0.0644614 0.000355735 0.00283173 9.69951e-05 0.00635176 6.59466e-05 0.00798811 0.0144787 0.00867713 0.0286847 1.42616e-05 0.0476871 0.00526955 0.57591 0.00397485 
0.0216479 2.44856e-11 2.97279e-11 0.0428579 0.0152051 0.0306346 0.000452408 0.040487 3.45829e-05 1.26086e-05 0.00010121 4.06177e-06 0.0221805 3.889e-06 2.09296e-05 5.29777e-06 0.0114749 0.00339289 0.00224413 0.253433 7.59122e-09 0.00334164 0.551979 0.000427843 5.84602e-05 
0.00120414 4.25323e-11 5.16383e-11 0.00187396 0.281809 0.00537031 0.158155 0.104021 0.00375098 0.000605399 0.000240016 1.961e-09 0.000978705 1.24227e-05 7.17161e-05 1.41971e-08 0.000975591 0.433776 0.000704115 0.000757776 8.30899e-09 0.0032727 0.00093491 0.00141333 7.25806e-05 
0.00394217 4.15039e-10 5.03898e-10 0.00587976 0.0199597 0.00703955 0.00199603 0.0232486 0.000549003 0.00532894 0.00405541 6.37731e-05 0.00119545 4.2353e-05 0.00398841 3.99203e-05 0.0293584 0.00128579 0.398129 0.00215002 1.23504e-05 0.162886 0.233372 0.0953536 0.000123608 
0.0803133 4.88298e-12 5.92842e-12 0.0206125 0.0105178 0.00696219 9.24941e-08 0.00844784 2.30018e-07 2.22829e-08 1.3992e-08 1.16868e-05 0.000959258 3.67488e-08 3.34302e-06 5.78038e-08 0.0320876 6.25111e-07 3.40455e-08 0.0133353 3.63614e-09 0.0061778 0.820226 0.000343497 1.36976e-06 
0.0230854 1.71816e-07 2.08601e-07 0.0033116 0.0311 0.00204957 0.00636527 0.0155322 0.00413778 0.0312274 0.0397241 6.05039e-05 0.0317956 0.000186566 1.77934e-05 3.75263e-05 0.565259 0.0462244 0.00274264 0.0017681 5.34706e-06 0.00687851 0.0945708 0.0938866 3.28055e-05 
0.00308623 3.97882e-09 1.3474e-08 0.00110909 0.00137012 0.0119779 0.00821655 0.0116373 0.000166467 0.00381884 0.000376416 0.000106868 0.000324083 7.1949e-09 0.0001043 3.95384e-05 0.0411449 0.00895489 0.76984 0.000279816 2.28579e-06 0.0477926 0.0872748 0.00234337 3.31483e-05 
0.174996 3.01035e-08 1.14255e-06 0.155431 0.0132189 0.00941449 4.09938e-05 0.0361895 0.0001059 0.0596541 0.00311059 7.86511e-05 0.0012917 9.60102e-06 1.27326e-05 1.48774e-06 0.130211 0.0116449 0.000900517 0.00612224 3.24521e-07 0.107697 0.0874511 0.175643 0.0267736 
0.00308623 3.97882e-09 1.3474e-08 0.00110909 0.00137012 0.0119779 0.00821655 0.0116373 0.000166467 0.00381884 0.000376416 0.000106868 0.000324083 7.1949e-09 0.0001043 3.95384e-05 0.0411449 0.00895489 0.76984 0.000279816 2.28579e-06 0.0477926 0.0872748 0.00234337 3.31483e-05 
0.353916 4.64727e-10 5.64224e-10 0.0317589 0.0197595 0.056082 0.000795342 0.0624129 0.00746649 0.00109651 0.00753176 4.95605e-05 0.00506772 2.22536e-06 0.0438663 7.53507e-10 0.00215043 7.61482e-05 0.00125873 0.115401 1.57906e-08 0.00457919 0.107575 0.151109 0.0280454 
0.00351533 8.04048e-07 5.534e-06 0.00421575 0.815681 0.00632398 0.0517752 0.0210776 0.00760206 0.0222945 0.00477021 0.00019467 0.00184419 0.000227926 0.00027631 0.000123996 0.00425002 0.011497 0.0102663 0.00196884 0.000264026 0.0146926 0.00524279 0.011871 1.86831e-05 
0.0107399 6.50579e-06 0.000497217 0.0566701 0.030433 0.0608756 0.00438166 0.0478363 0.00432742 0.049109 0.00504928 0.00026662 0.00525708 0.000252191 0.00288061 3.43332e-05 0.0470793 0.00669514 0.0840014 0.0949486 0.00102246 0.171219 0.290121 0.0110525 0.0152447 
0.0293645 2.26204e-09 2.74633e-09 0.0266712 0.0281072 0.0666849 0.00243842 0.190658 0.00616576 0.00233149 0.00283293 5.11387e-08 0.00196952 5.12593e-07 0.0185322 7.1538e-05 0.0994881 0.00546668 1.97803e-05 0.00276015 5.21333e-08 1.41388e-06 0.461918 0.00674707 0.0477712 
0.0188557 6.72652e-12 8.16665e-12 0.00031611 0.0117013 0.0021397 0.00132495 0.00171942 0.000404366 0.0719965 3.22523e-05 0.012318 0.00139969 0.000430491 0.806469 4.23468e-06 0.00282643 0.00874993 0.0527151 0.00244012 1.09461e-05 0.00116822 0.00243868 0.000432229 0.000106331 
0.0492287 2.8769e-07 0.000859411 0.0106623 0.0106037 0.0193999 0.00243153 0.0147346 0.000590993 0.00611387 0.0429529 1.95359e-05 0.663459 0.000371409 0.00219908 1.53511e-05 0.0279139 0.000138438 0.00981148 0.0544528 0.000499114 0.00655304 0.0697026 0.00728413 1.70758e-06 
0.683449 2.02447e-10 2.4579e-10 0.214673 0.0044171 0.000212137 9.67466e-07 0.00678427 0.020608 0.000626175 0.000112457 3.41575e-06 0.000476955 6.73123e-05 0.0390991 3.76849e-08 6.96007e-05 6.59968e-06 8.46595e-05 0.00639705 3.94303e-07 0.000876476 0.0049515 0.0169392 0.000145324 
0.193388 3.26153e-10 3.95982e-10 0.0197435 0.0751714 0.027081 0.00157925 0.104844 0.0270263 0.00103469 4.09386e-05 3.52954e-05 0.000231614 0.00113951 0.00105639 1.41605e-05 0.0214573 0.00611266 0.000181746 0.00102996 5.26469e-06 0.0211098 0.392351 0.105357 9.91108e-06 
0.0618253 5.26097e-12 6.38732e-12 0.00411535 0.00783118 0.0089927 7.41609e-09 0.0370056 0.00218617 0.000900677 0.000286705 6.31381e-09 0.012792 5.27842e-12 0.00456117 8.53012e-12 0.172938 9.82164e-05 0.0191881 0.00468954 1.5326e-06 0.00534346 0.653509 0.00373521 1.57425e-08 
0.040806 8.76281e-10 1.06389e-09 0.00248901 0.0250487 0.0506717 0.00190889 0.0248808 0.000895801 0.00495879 0.129049 0.00026267 0.0842605 0.00121199 4.11626e-05 9.79786e-06 0.174201 0.00975348 0.0848786 0.121568 5.01735e-06 0.0366658 0.199038 0.00738969 5.39944e-06 
0.00271538 1.22728e-12 1.60844e-08 0.00319166 0.0682284 0.006782 0.00490251 0.00108273 0.00150734 0.00147339 3.10639e-05 1.75663e-06 0.00617237 4.86322e-09 7.50517e-06 4.33907e-07 0.000836527 0.732582 0.000340729 0.000662258 5.38355e-10 0.0469727 0.120909 0.00105553 0.000544025 
0.306483 2.04071e-12 2.47762e-12 0.0148724 0.0141917 0.0231573 2.50796e-07 0.00759344 3.553e-07 0.0340153 3.29539e-08 0.0222408 2.16042e-07 3.50242e-06 0.00199025 6.35324e-08 0.231492 2.84869e-07 0.0613972 0.00972708 4.55582e-09 3.93213e-05 0.254648 0.017853 0.000294261 
0.258133 6.74385e-08 4.62591e-07 0.253558 0.0223341 0.0422152 3.72967e-07 0.0774632 0.00533466 0.0243205 0.0013314 0.00636451 0.0168256 5.20854e-06 0.00867003 9.44931e-08 0.0271405 0.000965158 0.00425114 0.0583669 6.0997e-07 0.0553085 0.113153 0.0240505 0.000208029 
0.0564028 4.17878e-10 5.07345e-10 0.00436908 0.0511893 0.000949621 0.000433722 0.0260757 0.00137988 0.551385 7.84819e-05 3.64265e-05 0.00219898 1.06208e-06 0.00018686 0.00025721 0.0450457 0.000207175 3.4515e-07 1.08858e-06 4.22944e-07 0.00100759 0.0592874 0.199506 5.52867e-07 
0.0592444 1.84962e-09 2.24562e-09 0.0242712 0.0613583 0.136203 0.00037005 0.162265 0.00293524 0.00693242 5.99588e-06 0.0253521 0.0418463 2.53489e-07 3.71205e-06 5.42136e-07 0.0281798 0.000344403 0.00818196 0.0240295 5.91657e-05 0.0522406 0.324656 0.0415186 1.43706e-06 
0.17385 3.38388e-09 4.10836e-09 0.0197534 0.0703741 0.0123007 0.00451527 0.0212913 0.002021 0.00114806 2.41158e-06 0.00232877 0.0032912 1.44662e-07 0.000467789 5.48661e-09 0.0138584 0.000809984 0.459381 0.0032632 0.000482705 0.0462741 0.0201798 0.144406 1.33786e-07 
0.0590404 9.67846e-09 1.17506e-08 0.0743774 0.0175863 0.000227528 0.000845908 0.187072 0.00823057 0.00289736 0.0286601 7.88466e-05 5.36496e-05 0.0183337 0.456755 3.57373e-06 0.0022665 0.0267356 0.00269994 0.000462475 1.09757e-05 0.0101431 0.000578508 0.101115 0.00182593 
0.0188557 6.72652e-12 8.16665e-12 0.00031611 0.0117013 0.0021397 0.00132495 0.00171942 0.000404366 0.0719965 3.22523e-05 0.012318 0.00139969 0.000430491 0.806469 4.23468e-06 0.00282643 0.00874993 0.0527151 0.00244012 1.09461e-05 0.00116822 0.00243868 0.000432229 0.000106331 
0.0188557 6.72652e-12 8.16665e-12 0.00031611 0.0117013 0.0021397 0.00132495 0.00171942 0.000404366 0.0719965 3.22523e-05 0.012318 0.00139969 0.000430491 0.806469 4.23468e-06 0.00282643 0.00874993 0.0527151 0.00244012 1.09461e-05 0.00116822 0.00243868 0.000432229 0.000106331 
0.0563352 1.41185e-05 0.000232415 0.0130266 0.0446182 0.0799053 0.00441489 0.0338044 0.00177894 0.0712373 0.000601356 0.0135746 0.00179872 3.1225e-05 0.0146221 0.00054291 0.0110485 0.0300432 0.0881999 0.013178 2.51368e-05 0.0146111 0.447577 0.0565598 0.00221867 
0.263948 7.09337e-09 8.61205e-09 0.173016 0.00653972 0.026425 0.00315143 0.00309784 0.00112659 0.0329484 0.0016324 0.00278616 0.000267403 0.00237636 0.000412849 4.291e-07 0.0287089 0.000265476 0.0624805 0.228013 1.04205e-07 0.082515 0.0706266 0.00682936 0.00283298 
0.00713577 2.49384e-10 3.02776e-10 0.035551 0.000530976 1.48872e-06 4.74151e-07 0.0405753 0.00447595 0.029945 2.45059e-07 0.0023312 0.00647371 2.50211e-10 9.2407e-07 1.2369e-07 5.38852e-07 3.22595e-08 0.0269685 1.277e-06 4.86644e-07 0.00182289 0.0296413 0.371845 0.442698 
0.00181026 1.1324e-12 1.08082e-08 0.00212778 0.0539353 0.00452135 0.00364281 0.000721827 0.0010049 0.000982276 2.07117e-05 1.17162e-06 0.00411495 3.28871e-09 5.00483e-06 2.89768e-07 0.000557689 0.812897 0.000227156 0.000441509 4.51381e-10 0.0313152 0.0806063 0.000703693 0.000362697 
0.0416535 3.43222e-10 4.16705e-10 0.00710629 0.291831 0.00723966 0.00390108 0.0199318 0.0023505 0.0163593 0.000468401 0.000149341 0.00191978 1.76783e-06 0.00264205 2.13046e-08 0.00482892 0.000210546 0.0138714 0.00021627 0.000740671 0.00327122 0.00885875 0.572445 2.37987e-06 
0.000141896 3.67413e-09 4.46076e-09 8.79759e-05 0.741544 0.000165344 0.000130698 0.000170187 8.11076e-05 7.40929e-05 0.000286313 2.60257e-06 0.000106691 0.000106538 2.12206e-05 3.81322e-05 0.00123528 2.75346e-05 0.000215192 0.0633447 2.7335e-05 0.000213854 0.000354641 0.191613 1.1761e-05 
0.0188557 6.72652e-12 8.16665e-12 0.00031611 0.0117013 0.0021397 0.00132495 0.00171942 0.000404366 0.0719965 3.22523e-05 0.012318 0.00139969 0.000430491 0.806469 4.23468e-06 0.00282643 0.00874993 0.0527151 0.00244012 1.09461e-05 0.00116822 0.00243868 0.000432229 0.000106331 
0.00515331 9.52603e-07 0.00980902 0.00505749 0.0438938 0.036448 9.53819e-07 0.0553356 0.0430162 0.0274704 0.0384235 0.0552355 9.53869e-07 0.000572511 0.0834876 0.00352168 9.53992e-07 9.54092e-07 0.0449333 0.343019 9.53038e-07 0.108376 0.0312034 0.0357758 0.0292618 
0.349659 3.41744e-07 5.97458e-05 0.0602195 0.110874 0.0517676 0.00634531 0.0320057 0.0157204 0.0395103 0.021334 9.72938e-05 0.0185673 0.00286758 3.13826e-06 5.34864e-06 0.016386 0.0156513 0.0285461 0.133229 1.21474e-05 0.0266592 0.0257106 0.0443504 0.000418308 
0.00754224 2.0327e-07 2.46789e-07 0.0577539 0.175485 5.1818e-05 0.00161151 0.291177 0.0660388 8.96515e-06 0.00157673 6.34455e-06 0.000328797 1.65328e-05 0.0243994 2.60139e-05 0.00184631 0.0214641 0.000173157 0.000800439 2.76002e-06 0.00338471 0.0137128 0.318094 0.014498 
0.0244066 1.01466e-11 1.21126e-06 0.153959 0.165 0.00322975 0.00500055 0.00446755 0.0066513 0.000701902 0.000247264 2.59982e-06 0.0342321 2.88943e-09 0.000149377 2.13264e-07 0.000519051 0.419196 0.000570178 0.0023774 1.17684e-09 0.042477 0.132795 0.0025586 0.00145825 
0.0416535 3.43222e-10 4.16705e-10 0.00710629 0.291831 0.00723966 0.00390108 0.0199318 0.0023505 0.0163593 0.000468401 0.000149341 0.00191978 1.76783e-06 0.00264205 2.13046e-08 0.00482892 0.000210546 0.0138714 0.00021627 0.000740671 0.00327122 0.00885875 0.572445 2.37987e-06 
0.0372546 2.15367e-11 2.61476e-11 0.00179938 0.037845 0.00167609 0.0909571 0.0162131 0.000534494 0.0905266 1.38161e-08 0.0161037 0.00014021 0.0167263 0.000102195 5.6478e-06 0.0584615 0.0450052 0.554633 0.0149306 1.54156e-07 0.00272159 0.0106656 0.00367739 1.99623e-05 
0.00308623 3.97882e-09 1.3474e-08 0.00110909 0.00137012 0.0119779 0.00821655 0.0116373 0.000166467 0.00381884 0.000376416 0.000106868 0.000324083 7.1949e-09 0.0001043 3.95384e-05 0.0411449 0.00895489 0.76984 0.000279816 2.28579e-06 0.0477926 0.0872748 0.00234337 3.31483e-05 
0.0971904 6.29965e-06 2.7645e-05 0.0716091 0.0395733 0.00781439 0.00365701 0.127262 0.0233262 0.00113114 0.0471491 6.71849e-05 0.402163 0.000356534 0.0213613 1.62062e-05 0.00755758 0.00516213 0.00561801 0.0226158 1.394e-05 0.0319827 0.0371595 0.0469523 0.000227494 
0.000940003 1.99127e-10 3.75068e-09 0.00221545 0.0837061 0.00238239 0.666924 0.115055 0.0328701 9.32965e-05 0.000348173 2.01672e-06 0.000410244 2.20415e-05 0.00272421 4.30127e-06 0.00163035 0.00117262 0.00134952 0.00300628 4.37417e-08 0.00446135 0.00884405 0.0716796 0.000159229 
0.00142169 1.9384e-10 2.35341e-10 0.00215673 0.00599588 0.163158 4.48223e-07 0.0804223 0.00017759 0.000984926 0.000331695 2.08481e-05 0.00408455 0.0240049 7.29009e-08 1.31051e-07 0.607918 9.44396e-08 0.0587538 0.00165848 9.3868e-08 0.00442485 0.0444839 6.56427e-07 4.04553e-08 
0.594838 2.05341e-06 0.00330222 0.198041 0.025525 0.00118436 0.000227155 0.0234502 0.00376811 0.0220004 0.000677147 2.47699e-05 0.00895482 0.000150867 0.00242222 2.33603e-05 0.00638703 0.00301639 0.0174906 0.0201963 4.39293e-06 0.00408145 0.0545978 0.00919587 0.000438631 
0.00724954 6.14682e-08 0.00148917 0.0132532 0.0800443 0.0856889 0.000431228 0.156796 0.0323724 0.0464816 0.0445519 0.0373797 0.00485549 8.28429e-06 0.041675 2.10672e-05 0.0531572 2.66299e-05 0.0532059 0.135659 0.00161115 0.0301183 0.0500304 0.104156 0.0197366 
0.0444701 5.26228e-06 0.000246905 0.180416 0.0442854 0.00945725 0.0070257 0.0480427 0.123997 0.0288797 0.000156515 0.000401504 0.00117585 0.000113693 0.000540154 0.000676639 0.10043 0.000523786 0.209812 0.00402459 9.06749e-05 0.0555297 0.0945131 0.0446684 0.000517621 
0.000842133 3.10366e-12 3.76814e-12 0.00457122 0.0288811 0.000468567 0.0322193 0.00557771 0.00351098 0.000443041 9.88548e-06 5.43542e-09 2.1592e-05 3.01961e-06 0.00025123 3.42671e-07 0.0030825 0.913517 0.000605359 0.000197479 4.48782e-10 0.0020824 0.00315918 0.000533312 2.27728e-05 
