0.0445694 3.01622e-07 2.16908e-07 0.353242 0.0622976 0.00699061 0.00140114 0.00998585 0.362281 0.0056975 0.0179901 4.0384e-05 0.000488156 0.0092483 0.00332486 3.03176e-06 0.00621303 0.000393475 0.0277561 0.0103634 3.63841e-08 0.0141099 0.0575528 0.00603612 1.46536e-05 
0.00391166 3.04639e-07 3.69861e-07 0.046388 0.185689 4.08758e-06 0.00246947 0.0492107 0.657181 0.00519395 0.000394698 5.99253e-08 7.69896e-08 3.0565e-07 0.000456773 4.93941e-07 1.86843e-05 0.000200756 0.000857656 0.00839579 4.80106e-05 0.000120762 0.0042694 0.0350757 0.000111934 
0.0535031 6.23194e-06 2.81768e-09 0.0228626 0.0314667 0.0833569 0.00172401 0.0219087 0.00126415 0.508648 0.000307543 0.0301236 0.00403692 0.00253767 0.00190751 1.37422e-05 0.0139996 0.0219689 0.0238662 0.0126902 1.08754e-07 0.0249445 0.136125 0.00213479 0.000603252 
0.0422807 0.00121384 8.72938e-06 0.0352025 0.0329661 0.0701854 0.011463 0.0145808 0.00797007 0.00913944 0.0177848 0.00181931 0.00728977 0.0012559 0.00373471 3.62509e-05 0.234955 0.0163577 0.125453 0.0192961 0.0118483 0.154385 0.151846 0.0265301 0.00239752 
0.000454027 2.58461e-10 3.13797e-10 0.0014852 0.00152425 0.00015424 3.58856e-08 0.00146285 0.00557745 0.000766788 2.49527e-08 1.25706e-05 1.07923e-06 2.59319e-10 1.54065e-07 0.975817 0.000450007 1.11389e-05 4.91012e-11 1.2654e-05 1.92272e-10 0.000599197 0.000615838 0.0110017 5.41197e-05 
0.411622 2.18249e-07 7.21699e-11 0.384228 0.00713768 3.28247e-07 0.000100744 0.015936 0.0132956 0.000184647 0.0005169 4.63514e-06 7.31361e-07 2.00217e-06 0.00122099 1.1801e-07 0.00349527 0.00212789 0.00579567 0.0245 2.38716e-06 0.00112593 0.125462 0.0027198 0.000519926 
0.13135 0.0001089 0.0016585 0.0466688 0.0395927 0.211188 0.00703915 0.042179 0.00975748 0.0127346 0.0122798 0.00472901 0.02764 0.000522934 0.000415692 2.52234e-05 0.0195782 0.0140547 0.0546211 0.0419131 4.27849e-06 0.064583 0.252808 0.00432476 0.00022278 
0.0027578 1.78873e-06 7.17904e-10 0.00298644 0.0051129 0.0176737 1.66673e-10 0.056358 0.00330656 0.00105245 0.000104223 1.55391e-05 0.00183656 1.25835e-05 0.000813011 1.71452e-05 0.00204826 1.88386e-05 0.0125653 0.0012324 9.1417e-06 0.00214657 0.00402956 0.0652788 0.820622 
0.00421083 6.21755e-07 4.11168e-06 0.00733812 0.173563 0.000828605 0.0647502 0.0146456 0.00447526 0.00377352 3.46649e-05 6.70146e-06 0.000459192 0.000153029 6.0485e-05 0.66639 0.0028864 0.00264012 0.0313507 0.00359405 1.9665e-06 0.00342778 0.0140616 0.00129436 4.91489e-05 
0.0742747 6.87951e-05 0.000341634 0.00616434 0.0213211 0.0199189 0.000912057 0.00501501 0.00307617 0.624328 0.00170122 0.0412931 0.000723705 0.00335899 0.000967761 5.54644e-05 0.007419 0.00650857 0.0577029 0.00738783 2.1872e-05 0.00597168 0.103808 0.00593189 0.00172718 
0.861564 3.93587e-08 4.36985e-11 0.0358265 0.000708001 0.00547984 3.78858e-05 0.00124012 9.57346e-07 0.000288949 0.000941681 4.70836e-05 0.00403654 8.41186e-05 0.00014161 5.83582e-11 0.0269253 5.01127e-05 0.000748225 0.00130595 1.29852e-06 0.00982909 0.0463291 0.00440744 6.42832e-06 
0.0286919 2.64283e-09 7.53438e-07 0.0212524 0.118906 0.0278797 0.00459866 0.160163 0.245278 0.00369978 0.000203406 2.50604e-06 0.000927494 0.000649182 1.3257e-06 0.00296311 8.64182e-07 0.00111641 0.000220437 0.0093139 1.77325e-07 0.00917689 0.00595213 0.359002 1.83868e-09 
0.0291355 1.13623e-06 1.13579e-06 0.0295883 0.00250501 0.313868 0.00250402 0.0539397 1.13763e-06 1.13765e-06 1.13719e-06 1.13785e-06 1.13774e-06 0.00295531 1.13675e-06 0.000568618 0.0071698 1.138e-06 0.12198 0.0443738 1.13674e-06 0.0451758 0.346222 1.13789e-06 1.13684e-06 
0.0554218 3.29561e-07 5.97234e-07 0.00206457 0.0137693 0.0202087 0.00209486 0.0187117 0.000186167 2.15806e-05 2.49506e-05 6.13276e-06 0.00231224 0.000114933 0.0218832 1.47494e-05 0.0947561 5.44064e-05 0.000112209 2.23612e-05 2.45164e-07 0.00238361 0.00297132 0.762777 8.65627e-05 
0.0214699 2.20241e-05 2.14882e-05 0.0128617 0.0474442 0.312302 0.00773114 0.0323355 0.0100784 0.00201796 0.00122455 6.26029e-05 0.0295881 7.98867e-05 0.00119005 3.76972e-05 0.0387874 0.0116506 0.0255687 0.0093802 4.22403e-07 0.302114 0.107746 0.0262622 2.25219e-05 
0.161347 7.445e-11 9.03895e-11 1.62062e-05 0.0195814 0.000496896 0.259688 0.0090759 0.316414 0.00148288 6.38784e-07 9.41259e-06 0.00667058 9.50082e-05 7.23923e-08 3.86542e-08 0.0465361 0.0219816 0.0544016 0.000108801 2.9606e-08 0.00997132 0.0683561 0.00133695 0.0224291 
0.00887597 3.94834e-10 4.79367e-10 0.00301139 0.00388879 0.000713234 1.02739e-07 0.937581 0.000161042 0.020563 0.0132478 2.46817e-06 1.83966e-05 7.4909e-06 3.88781e-07 2.4147e-05 1.91925e-07 0.000666627 0.00326024 0.000899311 2.93721e-10 0.00297647 0.00268915 4.80185e-07 0.00141228 
0.049834 2.13594e-10 2.59324e-10 0.103978 0.0588609 0.204796 0.00380822 0.0637273 0.114337 0.00811967 0.016136 4.68244e-06 0.00144378 1.88834e-06 1.37314e-08 6.73041e-07 0.0153322 0.000647295 0.0255734 0.00189721 1.1905e-06 0.01802 0.312675 0.000795177 1.1875e-05 
0.0887072 2.14462e-07 7.19228e-08 0.0696072 0.0350521 0.0467889 0.00180336 0.167565 0.00143962 0.0025057 0.00833256 3.44033e-05 0.00285935 0.0384491 0.0420051 4.05721e-06 0.17498 0.00697143 0.0143186 0.01074 2.35924e-06 0.0156105 0.197536 0.0663473 0.00834022 
1.11722e-05 1.11542e-05 1.115e-05 0.032408 0.174308 1.11719e-05 1.11685e-05 1.11711e-05 0.0156463 1.11682e-05 0.0569459 1.11702e-05 0.0413367 1.11542e-05 0.0524602 1.11419e-05 0.0156498 1.11717e-05 1.11703e-05 1.11693e-05 1.11593e-05 1.11707e-05 0.0726358 0.538431 1.11603e-05 
0.0856729 1.63281e-06 1.17251e-08 0.0110135 0.017282 0.0868518 0.000267166 0.142726 0.000295471 0.0340757 0.000367461 0.00411884 0.00287554 0.000250296 0.00125211 3.69165e-05 0.0308187 0.00338043 0.308043 0.00457434 9.75768e-07 0.00933914 0.1332 0.123383 0.000173621 
0.0300503 9.68252e-06 1.27684e-06 0.00372205 0.288036 0.0112502 0.142952 0.00988353 0.0442252 0.0226472 0.000606888 5.30275e-05 4.29898e-05 1.21894e-05 0.00265475 1.87781e-05 0.0628587 0.00577062 0.0082223 0.101783 1.59168e-05 0.0486029 0.0423209 0.174257 2.26225e-06 
0.0280494 4.52859e-05 5.02338e-05 0.0879347 0.0821178 0.256889 0.00140104 0.0495976 0.00302514 0.00742638 0.0057844 0.00897179 0.00429072 4.12777e-05 0.000660775 9.24901e-05 0.0456928 0.0386221 0.0284609 0.0232973 2.78248e-06 0.0560245 0.242319 0.0287018 0.000501135 
0.0314869 2.43175e-08 0.000977687 0.00805535 0.46051 0.0284528 0.0112739 0.0793166 0.0544316 0.000174316 4.50368e-06 4.78347e-09 5.04885e-05 1.93751e-06 0.000748746 3.49014e-05 0.0853695 0.00345342 0.0433076 0.016374 1.809e-08 0.00390641 0.144904 0.0271627 2.69563e-06 
0.000398919 4.26306e-08 8.28175e-12 0.000487297 0.00712919 0.00783636 0.00440027 0.0148025 0.0112304 0.0010939 3.32109e-06 2.86508e-05 0.000650008 1.61331e-06 0.000568312 2.04498e-06 0.00305615 3.82927e-05 0.00916892 3.07452e-05 4.85354e-06 0.127183 0.793395 0.0174632 0.00102706 
0.0172343 2.5827e-05 1.61528e-07 0.185999 0.0555745 0.131693 0.00849492 0.056016 0.0770938 0.0123858 0.00185789 0.00278672 0.00739173 0.000163092 0.000365001 0.000148259 0.00187661 0.0242655 0.0352409 0.0036564 8.44364e-06 0.265808 0.0926346 0.019058 0.000221321 
0.00884677 2.36076e-06 4.99927e-08 0.0214888 0.228987 0.00988189 0.371233 0.187473 0.0360882 0.00137114 0.00313143 0.000863881 0.000845339 0.000113595 0.00513797 1.22074e-05 0.00140538 0.0086965 0.00436631 0.013197 7.2584e-07 0.0157441 0.0381933 0.0427206 0.000199276 
0.00998351 1.90661e-08 6.14905e-12 0.00489397 0.0778269 0.01429 0.191243 0.0159061 0.00312258 0.00512128 0.00215575 0.00039541 0.00258839 3.36965e-06 9.12803e-09 0.000513401 0.00331393 0.000682608 0.596965 0.00233163 3.23525e-05 0.0179696 0.0267662 0.00144209 0.022453 
0.0486242 2.93415e-05 1.91123e-12 0.0212923 0.0341923 0.0334218 0.0195081 0.0194234 0.00357931 0.0218267 0.000381176 0.000151372 0.00284349 0.000182003 0.000248641 4.42984e-05 0.198498 0.0245776 0.119907 0.00487675 0.00036054 0.0158574 0.408563 0.0206213 0.00099057 
0.855467 1.11092e-06 1.34877e-06 0.0282689 3.61282e-05 0.0067228 3.71948e-05 0.000249625 5.16358e-05 6.71781e-06 0.0171488 4.57136e-07 1.56718e-05 4.32486e-05 0.0743663 1.80125e-06 9.60825e-06 4.43932e-06 0.000742964 0.00178143 1.11892e-06 0.00203968 0.00526642 0.00684481 0.000890766 
0.0180356 9.613e-07 4.94682e-12 0.00171358 0.0041312 0.0191041 0.000201086 0.00200235 0.000182675 0.0147248 4.60145e-06 0.0138449 0.000562563 0.000797448 3.73125e-05 0.00159742 0.00337425 0.000451717 0.902905 0.00177931 5.52185e-07 0.00294785 0.010963 0.000535346 0.000102156 
1.18546e-05 3.04225e-08 3.69358e-08 6.16927e-05 0.506893 3.32381e-09 4.52761e-06 0.165623 0.0137183 8.95611e-09 1.57388e-06 2.34609e-07 0.0892362 5.4666e-06 1.18291e-05 1.71209e-06 0.00205147 7.29782e-05 2.83394e-06 4.0446e-05 2.58409e-06 6.1751e-06 0.147838 0.0744155 1.18651e-06 
0.00125916 3.29913e-09 1.60628e-12 0.000858227 0.00117491 0.00950784 0.0066865 0.005152 6.04418e-05 0.00463372 1.61971e-06 3.67461e-05 0.000117927 1.30824e-06 3.61872e-05 1.80121e-05 0.160719 0.0191916 0.731888 8.65773e-05 3.71845e-06 0.0174571 0.0390159 0.00191286 0.000180531 
0.0125942 2.83501e-11 3.44197e-11 0.00869965 0.0805609 0.00152287 0.328986 0.013291 0.0113285 0.0011189 1.63602e-08 1.86157e-05 3.06547e-05 0.000415657 0.00376509 2.40484e-06 0.00127426 0.49443 0.000595648 0.000808783 7.65224e-09 0.00319178 0.011891 0.0252196 0.000254658 
0.326382 7.06025e-06 1.86843e-09 0.055602 0.0252855 0.0311194 0.000159685 0.0224892 0.0132113 0.0353625 0.00249096 0.0210753 0.00523429 0.00185315 0.000906579 1.11282e-05 0.0323159 0.065831 0.0479629 0.0557917 0.000190383 0.0238723 0.21183 0.013705 0.00731098 
0.221966 1.04748e-06 7.30888e-10 0.00696175 0.0294392 0.00488995 0.000428581 0.00120282 0.00194311 0.0614662 0.000160976 0.115565 0.000755648 6.14123e-06 0.000349923 2.53717e-06 0.0143273 0.0193072 0.0168617 0.0218047 2.966e-10 0.00184414 0.431357 0.00773529 0.0416248 
0.0249705 7.00977e-06 1.84671e-07 0.0195001 0.0622502 0.0603653 0.0108134 0.504044 0.0246189 0.00217421 0.0126053 0.00109583 0.021506 0.000937974 0.00280134 2.99989e-05 0.0687571 0.00806965 0.00486771 0.0130773 2.37762e-05 0.022569 0.126134 0.00869987 8.19262e-05 
0.00271732 1.17791e-08 5.97949e-08 0.00454947 0.121745 0.00073931 0.00353934 0.00228679 0.00148554 4.79581e-06 0.000133768 2.31705e-09 4.44678e-05 0.000560748 1.7161e-05 1.90985e-08 0.000148818 0.842801 0.000283071 0.000834585 1.46452e-07 0.000435348 0.0176598 1.47212e-06 1.21264e-05 
0.0350154 0.00022703 0.000383623 0.0428205 0.0698181 0.00330344 0.000455863 0.105122 0.00384783 0.0389821 0.00744349 0.00106187 0.00895837 7.8877e-06 0.114583 0.00376413 0.00100384 0.0258273 0.00690593 0.0250505 6.36513e-05 0.00638128 0.0885776 0.135447 0.274948 
0.00264802 7.68811e-06 1.52215e-05 0.000947308 0.937846 0.00615285 0.0123148 0.00333454 0.00152378 0.000567731 0.00030392 2.35014e-05 9.54167e-05 2.72266e-05 0.000221272 3.5564e-06 0.000205428 0.000422143 0.00212171 0.000723074 5.17805e-07 0.0156833 0.0113112 0.00337531 0.000124737 
0.00458524 1.48253e-06 2.27498e-08 0.00271747 0.0175972 0.000839664 0.00653859 0.00453577 0.00159364 0.642028 0.000222214 0.264867 0.0002614 5.29435e-05 0.00133097 2.50054e-06 0.00208152 0.0161287 0.0159821 0.000942907 6.90061e-06 0.00135923 0.00939408 0.00642076 0.00050986 
0.0289621 2.24734e-07 1.58665e-10 0.00221785 0.0360532 0.000472604 0.332705 0.216513 0.00171992 0.00190283 0.000755456 2.63736e-05 0.00677384 0.0106782 0.000217547 3.10629e-05 1.25235e-05 0.00131108 0.0633282 0.00456906 8.97949e-08 0.207838 0.0326973 0.0425754 0.00863907 
0.0601326 1.58164e-07 8.93223e-09 0.00422335 0.0299323 0.0470221 9.58415e-05 0.100102 0.00261132 0.000410358 0.0111815 0.000550088 0.00652105 1.13752e-07 0.00192526 0.000102351 0.140045 0.000212974 0.00302995 0.0180102 0.0520166 0.00137555 0.052192 0.465363 0.00294434 
0.00264802 7.68811e-06 1.52215e-05 0.000947308 0.937846 0.00615285 0.0123148 0.00333454 0.00152378 0.000567731 0.00030392 2.35014e-05 9.54167e-05 2.72266e-05 0.000221272 3.5564e-06 0.000205428 0.000422143 0.00212171 0.000723074 5.17805e-07 0.0156833 0.0113112 0.00337531 0.000124737 
0.269625 9.81131e-09 3.8602e-06 0.00791261 0.026283 0.0158055 0.00161283 0.00755327 0.000145173 0.114306 8.49574e-05 8.13763e-05 0.000184295 0.00287591 0.0195142 2.90913e-05 0.0862117 0.000161896 0.0395127 0.0102357 3.98406e-06 0.00486726 0.304333 0.0881895 0.000466464 
0.000128683 6.85573e-08 8.32352e-08 0.0102033 0.108191 0.023316 0.0862719 0.604327 0.0225024 0.00310485 0.00302974 1.34858e-08 0.00323932 6.87847e-08 0.000923736 1.11159e-07 0.0136652 0.0136019 0.000202389 0.00604959 3.0621e-05 0.000367238 0.00866643 0.0921791 4.76969e-08 
0.0865002 4.64872e-06 8.28909e-09 0.000681753 0.0177767 0.00100965 0.00867853 0.00589316 7.56405e-05 0.0380173 0.0378121 0.000345953 0.00427507 0.000135395 0.000138573 5.01321e-06 0.0550732 0.00515467 0.00573893 0.00887991 5.41318e-07 0.0105661 0.148546 0.563708 0.000982865 
0.00738253 6.13254e-09 5.3328e-12 0.00146477 0.0040189 0.0139408 0.000107108 0.00148961 4.65766e-05 0.0029522 2.01505e-06 0.000330098 0.000233096 1.74886e-05 3.25203e-12 0.000905177 0.000841458 6.9817e-05 0.9513 0.000730338 1.126e-07 0.00150049 0.0125619 6.05468e-06 9.91142e-05 
0.35661 2.28113e-07 7.56051e-09 0.0549868 0.0383561 0.0453247 0.000630122 0.0300972 0.00390585 0.0155633 0.015058 0.0174101 0.00183445 0.000235319 0.0181405 4.17152e-05 0.0143196 0.00381556 0.0316552 0.0246389 4.6664e-07 0.0448975 0.219831 0.0576864 0.00496122 
0.053581 1.27338e-05 1.2729e-05 1.27533e-05 0.346951 1.2754e-05 1.27501e-05 0.0969361 0.271576 1.27498e-05 0.0178552 1.2752e-05 1.27507e-05 1.27338e-05 0.1083 1.27197e-05 1.27524e-05 1.27537e-05 1.27522e-05 0.104571 1.27396e-05 1.27526e-05 1.27552e-05 1.27524e-05 1.27407e-05 
0.0225486 3.97552e-09 1.47624e-12 0.000987057 0.00974338 0.017123 0.00169805 0.00260004 0.000210265 0.0203432 6.4751e-07 0.0123666 0.000733872 0.0031187 2.58175e-05 2.56996e-05 0.00226117 0.000302265 0.891151 0.000661923 2.43818e-07 0.00293152 0.00854724 0.00242577 0.000193825 
0.0227455 6.57871e-12 7.98719e-12 0.0014176 0.0112786 0.00234941 0.000432886 0.00380583 9.66116e-06 0.00332058 9.48776e-08 9.23537e-05 0.000916509 1.99364e-05 4.07407e-08 0.00180143 0.000387178 0.000798528 0.940954 0.00127811 8.07458e-06 0.000592143 0.00697957 0.000520847 0.000291238 
0.0157149 3.88872e-07 5.56184e-12 0.00129818 0.00714939 0.0567519 0.000387646 0.00530676 0.000114043 0.00198404 7.61172e-05 0.000301086 0.00124254 3.58021e-05 9.4718e-07 0.000501092 0.00122761 0.00133467 0.868626 0.000765949 6.93903e-07 0.0193206 0.0171727 0.000530229 0.000156742 
0.0368748 1.35641e-05 7.36843e-07 0.00705702 0.0407983 0.00560907 0.00254833 0.0094908 0.0027619 0.0232555 1.61897e-05 0.00028416 0.000893308 1.7194e-05 0.000120057 3.2986e-05 0.00418833 0.0158166 0.0660609 1.80048e-05 7.33231e-05 0.000393522 0.294631 0.486563 0.00248118 
0.0678247 2.69088e-08 7.57272e-10 0.0511268 0.01766 0.0271593 0.0066488 0.0577067 0.00213802 0.000350693 0.00319371 3.79557e-06 0.238786 7.68485e-06 0.000955507 4.36717e-05 0.0340478 0.0812111 0.0395412 0.044625 1.34203e-06 0.207903 0.10913 0.0029949 0.00694018 
0.259042 2.58224e-08 2.12758e-08 0.0274259 0.0392664 0.00566831 0.00102121 0.0159341 0.00580367 0.0572775 0.0123485 0.0128744 0.00913926 0.015371 0.0104431 1.10154e-05 0.0886603 0.00254342 0.0418656 0.0311071 1.25493e-06 0.00674282 0.260297 0.0949726 0.00218318 
0.0317404 2.82035e-06 4.95917e-10 0.00248852 0.0274444 0.0122024 0.00299393 0.00437157 0.00158004 0.871759 9.43967e-05 0.00535677 0.000251055 0.00634302 0.000309841 6.69232e-06 0.00341543 0.0106499 0.00233074 0.00415351 2.49844e-08 0.00612381 0.00553821 0.000810069 3.32626e-05 
0.192361 1.91038e-08 3.25243e-08 0.495374 0.0013744 0.00109304 9.82979e-05 0.0395891 8.38268e-05 0.0137824 9.36415e-05 8.42962e-06 0.0601107 3.33182e-05 9.03786e-05 3.20065e-07 0.00107814 0.00165488 0.000501394 0.0365137 1.114e-07 0.0280585 0.127146 0.000910358 4.3869e-05 
0.028941 2.77119e-07 3.3645e-07 9.76177e-06 0.00306447 7.41686e-05 6.98685e-06 0.00399967 1.90328e-05 0.000101256 1.56006e-05 0.000127595 8.66554e-05 6.54719e-07 5.20851e-06 1.06546e-05 0.00521537 5.22261e-05 2.184e-05 6.67808e-08 0.00535485 0.0498403 0.00889367 0.893558 0.000600861 
0.0454846 4.88393e-06 9.48582e-06 0.0131995 0.0130011 0.664752 0.000236848 0.0197456 0.0069237 0.00377141 0.00043702 3.788e-05 0.0149077 6.86053e-06 0.000273847 2.11964e-06 0.0135572 0.00118077 0.111085 0.00361509 8.94492e-07 0.0408635 0.0463184 0.000561607 2.32377e-05 
0.0334386 4.25237e-07 2.54619e-06 0.0209248 0.0903208 0.117387 0.000665504 0.192362 0.0112776 0.00422754 0.000998601 1.5597e-05 0.009648 4.25204e-06 0.00134204 2.53284e-06 0.00734296 0.000228136 0.00249781 0.0118074 1.8102e-06 0.0360598 0.423555 0.0356853 0.000204912 
0.0244162 1.84455e-10 2.23946e-10 0.00483122 0.0219111 6.58961e-08 0.0026557 2.96795e-06 5.67901e-11 1.34638e-07 0.466752 1.6463e-07 0.0265952 1.85067e-10 8.0894e-05 3.40526e-05 0.0623083 0.000213258 3.50418e-11 0.000132563 1.41933e-06 4.33134e-06 0.273285 0.116775 3.45693e-07 
0.0133858 4.78574e-11 5.81035e-11 0.0301115 0.0182304 0.00736496 3.53662e-05 0.00791492 0.000997604 0.00731681 0.000121398 2.55614e-05 0.000430064 2.95876e-05 0.00206255 0.000810341 0.0541041 0.00610573 0.527564 0.00865407 0.00175331 0.000423358 0.119596 0.192326 0.000637322 
0.0846905 8.40743e-07 0.000392484 0.00571557 0.0893953 0.0120735 0.00397663 0.0381933 0.00993932 0.0116806 0.00135362 5.17839e-05 0.000614704 3.24082e-06 0.0181825 5.0965e-05 0.00822817 0.0122607 0.0171634 0.011411 3.99682e-06 0.0224689 0.0812336 0.533639 0.0372763 
0.0203201 1.28633e-11 6.19392e-10 0.00852142 0.00617585 0.0820737 3.6258e-12 0.0362655 0.000951998 0.000621039 0.0136448 1.08651e-05 0.00119187 6.3113e-08 0.0509387 4.88912e-05 0.239399 0.00545983 0.086651 0.00459388 3.9069e-08 0.00260264 0.431636 0.00832124 0.000571746 
0.0774305 1.87333e-05 1.98629e-06 0.0046839 0.027112 0.0417532 0.00105088 0.00339733 0.000212778 0.181283 0.000173202 0.0464971 0.000699608 0.000172877 0.00242887 4.22689e-06 0.0268971 0.0237635 0.288151 0.00429055 2.73396e-05 0.00341044 0.218313 0.0217557 0.0264709 
0.000908195 1.93807e-07 7.15871e-09 0.000858424 0.322667 0.00556932 0.00719981 0.000882278 0.00293178 0.0163696 1.32794e-05 9.23233e-05 5.29711e-05 1.1554e-05 2.76741e-05 1.41996e-07 0.000328235 0.616076 0.000380918 0.000823386 2.79834e-07 0.00360579 0.0198917 0.000987996 0.000321008 
0.0132001 4.39364e-11 5.33431e-11 0.000899965 0.00295701 0.0639282 1.7797e-07 0.00236588 0.000262533 0.00134903 0.00117026 1.66987e-05 0.819676 1.18011e-07 3.44527e-05 1.34504e-07 0.00347492 0.000200631 4.72615e-08 0.00851746 3.26847e-11 0.00278345 0.0787144 0.000440523 8.29478e-06 
0.00120457 5.86732e-12 7.1235e-12 0.00986266 0.08353 0.0058242 0.495831 0.122074 0.0192143 0.00601632 1.47307e-08 3.75386e-08 9.9418e-05 4.48598e-05 1.6827e-08 8.31804e-06 0.00586711 0.204895 0.008393 9.84024e-09 2.02679e-09 0.0138887 0.0213586 0.00179862 8.90057e-05 
0.0692964 1.05055e-08 1.27547e-08 0.00253626 0.124681 0.259132 0.000998565 0.0421287 0.00295316 0.0144483 3.16344e-05 2.34812e-05 0.0361829 1.05403e-08 7.778e-09 1.70335e-08 0.0773797 1.81825e-07 0.0190782 0.056745 4.23418e-05 0.119515 0.113591 0.0606568 0.000579953 
0.0320946 1.12392e-08 3.76634e-05 0.00869238 0.118175 0.0733261 0.00712428 0.00846078 0.00199124 0.0908566 0.000169471 3.43177e-05 0.00217638 0.000109309 0.00140481 1.02296e-06 0.0871288 0.0677607 0.0231594 0.00338547 7.78002e-07 0.00385629 0.452906 0.00546757 0.0116816 
0.033478 2.9547e-06 1.18092e-12 0.00168213 0.00691801 0.063889 0.000463153 0.00564808 0.000645524 0.0374301 0.000106204 0.0331233 0.00145152 0.0027023 0.00858032 3.28898e-05 0.0120327 0.0123041 0.743381 0.00206564 2.83086e-06 0.0170739 0.0153561 0.00134515 0.000285148 
0.0192791 1.37712e-10 1.67195e-10 0.00107804 0.00295444 0.0284259 0.000107688 0.013167 4.31139e-05 0.00278802 2.68681e-07 2.18318e-05 0.00023615 7.01981e-09 0.000369195 2.68134e-05 0.00323353 2.05254e-05 0.0503093 0.0013565 2.26089e-06 0.0186943 0.0462264 0.811652 8.06711e-06 
0.00256168 1.12576e-06 5.72115e-05 0.00620171 0.053749 0.0500334 0.00252755 0.72834 0.0399727 0.00157208 5.64902e-05 2.1168e-06 5.28604e-05 6.00654e-09 0.00367758 1.4075e-05 0.000391728 0.000386825 0.00636753 0.000169767 1.53918e-06 0.0257534 0.0707458 0.00705577 0.000307497 
0.0627345 6.65938e-06 2.96857e-06 0.00671938 0.0656921 0.0419858 0.0066416 0.0142025 0.00354282 0.115973 2.26794e-05 0.000235239 0.000232745 3.53123e-05 0.00337681 1.9516e-05 0.00479024 0.00504216 0.0185072 0.00274741 0.0482713 0.00409263 0.174405 0.349704 0.0710158 
0.060939 1.52864e-05 0.000412776 0.00506181 0.370005 0.0405551 0.0229067 0.0118494 0.0601083 0.00634266 0.0485049 1.36765e-05 0.00020998 0.198248 0.000978384 1.90628e-05 0.000527178 0.0330645 0.00331259 0.0758091 4.44193e-06 0.00884159 0.021179 0.021048 0.0100438 
0.00839084 1.39432e-09 1.69284e-09 0.101305 0.0281843 0.000804554 7.42699e-05 0.0029472 8.8056e-05 0.000231644 0.0185513 2.4371e-05 0.579312 0.0415502 3.22167e-05 2.58352e-06 0.00883602 0.0178524 8.32218e-05 0.048863 1.03725e-09 0.109755 0.0330358 5.54354e-05 2.04138e-05 
4.50791e-06 1.20913e-12 1.468e-12 2.91374e-08 0.000113467 7.30288e-10 0.00011939 7.9629e-09 1.66281e-06 0.00106455 2.1312e-05 5.7185e-05 8.91149e-10 6.29362e-10 4.17303e-07 0.998524 2.2787e-06 8.50033e-05 3.74191e-07 9.44643e-10 8.99483e-13 3.74394e-06 8.32039e-07 6.38576e-07 6.48996e-07 
0.130903 3.21508e-05 8.03536e-05 0.0206855 0.0516904 0.041126 0.00676286 0.0493193 0.00342043 0.00568523 0.00594155 0.000145616 0.0432946 0.000455255 0.0129606 0.000167422 0.0201875 0.00255307 0.0317077 0.00729308 0.000150392 0.0236552 0.244907 0.296857 1.8121e-05 
0.022426 4.18442e-09 1.19735e-10 0.0205173 0.0758654 0.0762885 0.0216783 0.419229 0.00189204 0.00338459 0.00428416 3.79045e-05 0.0911461 9.89479e-11 0.000132492 0.000132385 0.0419 0.0683063 0.0555117 0.0367356 1.2696e-05 0.00889047 0.0458467 0.00578133 7.83021e-07 
0.0105277 7.84946e-08 9.53001e-08 0.0347008 0.113607 0.0143759 2.21255e-08 0.355583 0.0248628 0.019184 0.0002066 8.89245e-06 0.0850659 7.8755e-08 0.0107665 1.27271e-07 0.00634392 9.53391e-09 0.00466652 0.0123121 4.78757e-06 1.59247e-05 0.302308 0.00542794 3.0783e-05 
0.0304252 6.53127e-06 8.17568e-06 0.0309045 0.0340472 0.0509091 0.0013563 0.011079 0.00294515 0.00264668 0.00233367 1.44863e-05 0.00777573 7.28474e-06 0.00103496 1.43718e-05 0.272207 0.00261162 0.288066 0.00849557 4.89003e-06 0.0808811 0.152835 0.019274 0.000117109 
9.65578e-06 1.33557e-09 1.62151e-09 0.0773828 0.180286 0.0323368 0.00534239 0.0284705 4.87815e-07 0.00271769 0.0228709 2.68555e-07 0.0122278 1.34e-09 3.13858e-06 1.06839e-06 0.0255645 0.0157324 3.16899e-05 0.00327619 1.63163e-06 9.40585e-07 0.0241098 0.0758653 0.493768 
0.0317404 2.82035e-06 4.95917e-10 0.00248852 0.0274444 0.0122024 0.00299393 0.00437157 0.00158004 0.871759 9.43967e-05 0.00535677 0.000251055 0.00634302 0.000309841 6.69232e-06 0.00341543 0.0106499 0.00233074 0.00415351 2.49844e-08 0.00612381 0.00553821 0.000810069 3.32626e-05 
0.0742747 6.87951e-05 0.000341634 0.00616434 0.0213211 0.0199189 0.000912057 0.00501501 0.00307617 0.624328 0.00170122 0.0412931 0.000723705 0.00335899 0.000967761 5.54644e-05 0.007419 0.00650857 0.0577029 0.00738783 2.1872e-05 0.00597168 0.103808 0.00593189 0.00172718 
0.0498363 0.000136069 4.57993e-07 0.0525189 0.0450136 0.128641 0.00255071 0.0323266 0.00497701 0.00629455 0.0340937 0.00724907 0.0238492 0.00024088 0.00096484 0.000162292 0.045439 0.0230281 0.0152662 0.115486 1.03242e-05 0.038459 0.362441 0.00962031 0.00139579 
0.192534 1.43655e-05 4.14321e-06 0.0183983 0.118494 0.00233924 0.00138233 0.0281803 0.00217985 0.0546404 0.000374464 0.000346106 0.00647397 3.39792e-06 0.000167045 0.000153239 0.00840954 0.0139126 0.0838192 0.00719445 8.24952e-05 0.00469636 0.395135 0.0519231 0.00914214 
0.0551157 3.18017e-09 1.84967e-12 0.0189679 0.00701338 0.0318843 0.00274504 0.0270096 0.00232696 0.00033121 0.000532584 2.9656e-06 0.00233651 1.43618e-06 1.4329e-07 5.86718e-09 0.0809717 0.00201678 0.0014476 0.00997562 3.65177e-08 0.010902 0.745549 0.000839362 2.97957e-05 
0.00148625 4.35756e-08 5.2905e-08 0.0996308 0.0374783 0.00496233 0.00791889 0.00253205 0.02365 6.7251e-05 0.00053921 2.52984e-07 0.00219264 1.48647e-05 0.00918311 1.8614e-06 7.87705e-09 0.000637066 0.00106485 0.0117438 3.24163e-08 0.0127556 0.0247999 0.755267 0.0040736 
0.00738253 6.13254e-09 5.3328e-12 0.00146477 0.0040189 0.0139408 0.000107108 0.00148961 4.65766e-05 0.0029522 2.01505e-06 0.000330098 0.000233096 1.74886e-05 3.25203e-12 0.000905177 0.000841458 6.9817e-05 0.9513 0.000730338 1.126e-07 0.00150049 0.0125619 6.05468e-06 9.91142e-05 
0.0374175 3.67608e-05 1.19363e-06 0.00954208 0.0770446 0.0703461 0.00104015 0.0393047 0.001958 0.0558791 0.00463622 0.00109336 0.00348921 0.00135681 0.00298661 1.81857e-05 0.0561885 0.0118471 0.312985 0.00418498 0.000110332 0.0516234 0.159281 0.0959628 0.00166615 
0.0298358 3.80923e-07 2.67768e-05 0.00508325 0.107369 0.165966 0.0180364 0.148831 0.00555469 0.0785936 0.000822597 6.12821e-05 0.000537669 0.000550535 0.00105773 1.64837e-05 0.00675438 0.0786272 0.0151983 0.000160997 7.1782e-07 0.106175 0.0993913 0.128383 0.00296535 
0.000160303 1.12334e-07 2.12689e-05 1.72431e-05 0.0164752 2.16396e-05 0.000176996 0.0146671 5.67514e-05 0.00012118 0.00125061 2.767e-06 0.00811908 2.32112e-06 0.00101991 3.15928e-05 0.000101303 5.50113e-06 0.0152778 2.70706e-08 1.82069e-05 0.0257261 0.045502 0.871077 0.000147836 
0.0452939 3.28584e-08 8.97926e-07 0.0242368 0.0270343 0.0058683 0.00132686 0.00922572 0.00193099 0.00441095 0.000851347 4.95608e-05 0.0837909 0.000630478 0.00733914 1.63263e-05 0.115547 0.00181283 0.00698251 0.0448385 5.51526e-07 0.254215 0.287337 0.077222 3.86527e-05 
0.0126669 0.000218013 0.000332616 0.0248583 0.451854 0.029773 0.153119 0.0590716 0.0393432 0.00569673 0.0275384 0.000529972 0.0144154 0.000288353 0.0037026 0.000186093 0.00776075 0.0733501 0.0127742 0.00505776 0.000106508 0.014263 0.0504832 0.0106871 0.00192263 
0.0193768 4.18313e-07 0.00125251 0.00010204 0.00381425 0.0300669 0.000342766 0.0281366 0.000493798 0.0513872 0.000271059 0.00509494 0.00184133 0.000437868 0.000118957 7.70147e-05 0.177469 0.00362413 0.138294 0.00049965 0.000125203 0.328067 0.14955 0.0595372 2.00281e-05 
0.0424934 6.14439e-11 1.86057e-08 0.00207376 0.0678664 0.0316391 0.00261189 0.131838 0.00328401 0.000278643 2.25534e-06 7.42161e-06 0.000159677 5.14789e-08 0.0125091 4.25636e-06 0.00162551 0.00155042 0.118875 2.7086e-06 1.67443e-08 0.0258889 0.540839 0.0164498 5.11762e-07 
0.00014389 3.56884e-11 4.33291e-11 0.00137196 0.119792 0.00136073 0.201577 0.0162637 0.00370415 5.15612e-05 2.02303e-05 2.92587e-09 0.00121747 1.82562e-08 0.000133728 1.71974e-08 5.22093e-05 0.65045 5.6187e-05 1.56357e-07 9.50102e-09 0.00135387 0.00174508 0.000569853 0.000135399 
0.0190722 2.13475e-05 1.32821e-09 0.00752093 0.0811458 0.184942 0.0207663 0.205957 0.00457718 0.00963378 4.0239e-05 2.02116e-05 0.000333176 3.06019e-05 9.69904e-05 0.000541907 0.112646 0.0337443 0.0200981 0.00231858 5.23e-05 0.0119831 0.261413 0.0229469 9.79192e-05 
0.00271538 1.22728e-12 1.60844e-08 0.00319166 0.0682284 0.006782 0.00490251 0.00108273 0.00150734 0.00147339 3.10639e-05 1.75663e-06 0.00617237 4.86322e-09 7.50517e-06 4.33907e-07 0.000836527 0.732582 0.000340729 0.000662258 5.38355e-10 0.0469727 0.120909 0.00105553 0.000544025 
0.116016 1.09303e-06 3.08929e-09 0.0144478 0.0179437 0.00777408 0.00181148 0.058159 0.000207532 0.0982951 0.00119255 0.0345029 0.00108055 0.0082202 0.0426488 1.24807e-05 0.0130627 0.000728925 0.00864558 0.00120852 5.09817e-05 0.00342987 0.0206107 0.549164 0.000786098 
0.48789 1.1074e-08 9.97751e-10 0.025346 0.00667536 0.0112969 0.00240777 0.00489434 0.000629331 0.0273954 0.000366743 0.00102106 0.000573072 0.00216821 0.000376991 3.167e-06 0.0105187 0.00805984 0.0293003 0.00964929 2.84056e-07 0.00261767 0.355729 0.0129798 0.00010089 
0.694909 4.93519e-09 1.03564e-12 0.0198274 0.0138314 0.0134147 0.000462742 0.00252085 0.00260105 0.0698176 0.000440133 0.00283944 0.000552799 0.0248103 0.000156484 5.15221e-06 0.00590677 0.000972785 0.0303133 0.0150856 2.64825e-06 0.0157 0.0799014 0.00574326 0.000184865 
0.0301055 2.29425e-06 2.29338e-06 0.0294138 0.030337 2.29789e-06 2.29718e-06 0.0503226 0.0101094 0.0569713 2.2962e-06 2.29753e-06 0.00551582 2.29424e-06 0.231599 0.000689807 2.2976e-06 0.0027597 2.29756e-06 2.29735e-06 0.00413383 0.0307907 0.134672 0.382554 2.2955e-06 
0.0646264 7.87783e-05 0.0133797 0.0114613 0.26304 0.154743 0.0470406 0.0184358 0.00826834 0.00796706 0.00625845 0.000114014 0.00810222 0.000186709 0.000652686 0.000765665 0.00350931 0.0196906 0.180905 0.0271044 8.38383e-06 0.0562651 0.0945166 0.0116648 0.00121523 
0.0301055 2.29425e-06 2.29338e-06 0.0294138 0.030337 2.29789e-06 2.29718e-06 0.0503226 0.0101094 0.0569713 2.2962e-06 2.29753e-06 0.00551582 2.29424e-06 0.231599 0.000689807 2.2976e-06 0.0027597 2.29756e-06 2.29735e-06 0.00413383 0.0307907 0.134672 0.382554 2.2955e-06 
0.016457 2.96863e-05 0.000290846 0.0192698 0.457636 0.0362261 0.132281 0.0271985 0.0252191 0.00344708 0.004359 0.00231552 0.00735499 0.00220473 0.000423743 0.0446506 0.0304004 0.0521674 0.0217346 0.00710928 2.60851e-05 0.0397666 0.0419588 0.0262945 0.00117864 
0.000237275 1.46229e-10 1.77536e-10 0.00122944 0.00827237 0.000375649 0.000468341 0.979911 0.001651 7.72608e-05 0.000443082 1.54084e-08 0.00213618 3.49384e-07 0.000253528 2.37095e-10 0.000200293 5.29327e-05 0.000521849 0.000988017 1.08781e-10 0.0019922 4.06181e-05 0.000830887 0.000317943 
0.00834603 1.68817e-05 2.19529e-06 0.0268668 0.61212 0.0190878 0.0571353 0.029002 0.00900884 0.0291637 0.0140219 0.000381087 0.00528516 0.0041971 0.000950816 3.09621e-05 0.00705509 0.0614176 0.00947233 0.00800443 8.22606e-07 0.044906 0.0413773 0.0119621 0.000187918 
0.0354396 1.95888e-09 2.37827e-09 0.0666221 0.16765 7.67683e-07 0.00367421 0.0875495 0.00543954 0.00893779 0.000467696 4.88272e-07 0.000203115 1.96538e-09 0.000474784 1.58625e-06 1.24441e-05 0.00748859 1.09267e-06 0.00082981 1.37502e-06 0.00373897 2.14606e-06 0.611462 2.6555e-06 
0.0151275 5.86364e-10 1.08347e-09 0.000236296 0.00612139 0.0013402 0.000317158 0.000844371 0.00124451 0.0142961 3.00026e-08 0.000396045 0.000102696 1.22684e-10 1.30548e-08 5.29769e-06 0.00115309 0.0233312 0.00880405 7.32899e-05 6.195e-08 0.00057857 0.0181511 0.0035955 0.904282 
0.0463253 1.11976e-05 0.000185806 0.0127403 0.0100969 0.0351463 0.00065874 0.0999873 0.00409325 0.401831 0.00949576 0.130348 0.00433134 0.000630371 0.00223157 2.1761e-05 0.0182779 0.00121901 0.143195 0.0124296 2.64015e-06 0.0116069 0.0327574 0.0220499 0.000326569 
0.0703171 0.00010638 0.000670441 0.116417 0.0548031 0.110211 0.0128863 0.0420632 0.0191804 0.0477043 0.00798929 3.82648e-06 0.0181991 0.00304888 0.00132683 0.000162059 0.0104955 0.00382078 0.0180451 0.296945 1.85656e-06 0.0515182 0.0930188 0.0195008 0.00156451 
0.0429362 5.52946e-06 6.09905e-08 0.0232884 0.188171 0.000155226 0.00263009 0.0261 0.0214372 0.00345893 0.00122387 0.000185185 0.00211923 5.65042e-05 0.00162524 4.21808e-06 0.0131913 0.00406741 0.020562 0.00453024 4.09687e-05 0.0112309 0.0219973 0.423647 0.187336 
0.0121903 1.46418e-07 3.49231e-07 0.00341409 0.540829 0.000244557 0.0639512 0.0085013 0.121845 0.000806983 1.55883e-07 7.58603e-05 0.000736414 1.29602e-05 0.142259 0.00738598 0.00117913 0.0253461 0.0207671 0.00490574 3.61023e-06 0.0102786 0.0333583 0.00102373 0.000884815 
0.0270697 2.71552e-06 1.98763e-12 0.0118852 0.00461319 0.0199205 0.00010688 0.00421004 0.000853731 0.00292471 0.00273373 4.47099e-06 0.00613928 1.03861e-05 0.00215766 4.60535e-05 0.207007 0.0155518 0.417442 0.00633097 5.01362e-06 0.0101365 0.257093 0.00338349 0.00037215 
0.00102193 2.55708e-08 3.10454e-08 0.000242755 0.00257643 0.00742689 1.3785e-05 0.00902382 8.33964e-07 1.46022e-06 0.00541288 3.46302e-07 0.00279082 1.4181e-06 0.000326504 7.41536e-07 0.103544 2.67441e-05 0.00332334 0.848748 1.90223e-08 0.0106526 0.00121673 0.00364568 1.47783e-06 
0.00458524 1.48253e-06 2.27498e-08 0.00271747 0.0175972 0.000839664 0.00653859 0.00453577 0.00159364 0.642028 0.000222214 0.264867 0.0002614 5.29435e-05 0.00133097 2.50054e-06 0.00208152 0.0161287 0.0159821 0.000942907 6.90061e-06 0.00135923 0.00939408 0.00642076 0.00050986 
0.730226 6.38531e-05 1.66832e-06 0.0253725 0.0136187 0.012136 0.00159237 0.0117674 0.00107084 0.0101158 0.00364557 0.000364227 0.00688059 0.0006633 0.00202382 1.29855e-05 0.0211816 0.0101259 0.00920039 0.00696106 0.000150876 0.0244111 0.081022 0.0267255 0.000666118 
4.50791e-06 1.20913e-12 1.468e-12 2.91374e-08 0.000113467 7.30288e-10 0.00011939 7.9629e-09 1.66281e-06 0.00106455 2.1312e-05 5.7185e-05 8.91149e-10 6.29362e-10 4.17303e-07 0.998524 2.2787e-06 8.50033e-05 3.74191e-07 9.44643e-10 8.99483e-13 3.74394e-06 8.32039e-07 6.38576e-07 6.48996e-07 
0.0868104 8.76003e-05 5.22622e-06 0.0451599 0.0489225 0.0148584 0.00125491 0.0315786 0.0091812 0.0267257 0.00104842 0.000314888 0.01696 1.68355e-07 0.00136221 0.000124303 0.170427 0.00903833 0.0243831 0.0281498 9.21634e-05 0.104746 0.200466 0.177149 0.00115405 
0.00778456 4.07844e-08 2.41395e-10 4.40689e-07 0.00684713 8.28214e-07 0.099331 0.00193624 0.316601 0.000498069 1.43421e-06 1.30716e-08 5.3445e-07 0.000201658 1.06426e-07 4.23409e-05 0.523461 1.3794e-07 0.00388918 6.33352e-07 0.0252258 0.00863138 0.00139078 0.00414421 1.12994e-05 
0.0188557 6.72652e-12 8.16665e-12 0.00031611 0.0117013 0.0021397 0.00132495 0.00171942 0.000404366 0.0719965 3.22523e-05 0.012318 0.00139969 0.000430491 0.806469 4.23468e-06 0.00282643 0.00874993 0.0527151 0.00244012 1.09461e-05 0.00116822 0.00243868 0.000432229 0.000106331 
0.193388 3.26153e-10 3.95982e-10 0.0197435 0.0751714 0.027081 0.00157925 0.104844 0.0270263 0.00103469 4.09386e-05 3.52954e-05 0.000231614 0.00113951 0.00105639 1.41605e-05 0.0214573 0.00611266 0.000181746 0.00102996 5.26469e-06 0.0211098 0.392351 0.105357 9.91108e-06 
0.181051 2.75147e-06 5.3527e-07 0.0445521 0.0905253 0.404762 0.00125502 0.0111237 0.0452431 0.00428493 0.022357 0.0106445 3.5026e-05 0.00138274 0.03312 0.000664557 6.56886e-05 5.97409e-06 0.00151335 0.0515082 3.18162e-08 0.0319289 0.000442504 0.0633919 0.000139369 
0.0544929 1.2832e-05 0.00107336 0.0918404 0.0283973 0.302299 0.00457409 0.0447222 0.0026625 0.0012262 0.00448719 0.000955654 0.0251902 3.52486e-05 0.000459601 0.00313168 0.033434 0.00730062 0.0215121 0.017673 1.74013e-07 0.0459796 0.297233 0.00814586 0.00316125 
0.053554 3.82766e-06 9.79088e-09 0.00152987 0.00579937 0.0588671 0.00230385 0.14709 0.000378508 0.0276321 8.76273e-05 0.00184856 0.0202018 0.000349957 0.259328 1.56877e-05 0.0289989 0.000398611 0.140668 0.00214533 1.00994e-07 0.0129914 0.219881 0.0155377 0.000388207 
0.0186006 1.39752e-10 1.21013e-08 0.00344714 0.176532 0.0430866 0.0310727 0.00406667 4.02187e-07 0.0062947 0.000496912 0.00114882 0.00627886 5.59032e-05 1.5795e-05 2.25499e-06 0.360825 0.145173 0.0101613 8.13186e-05 1.59659e-05 0.00562559 0.0645472 0.115327 0.00714456 
0.00518136 1.89569e-11 3.9695e-06 0.00448571 0.00886527 0.00145576 0.000218351 0.00967512 8.38006e-05 0.206025 3.56563e-08 4.30407e-05 6.60338e-05 5.73385e-09 0.0175605 8.19661e-05 0.229069 0.00379699 0.200328 0.00413415 7.78011e-06 0.00969113 0.275141 0.0230089 0.00107602 
0.0792577 3.78474e-05 4.04414e-06 0.0138404 0.052702 0.0151621 0.0022691 0.0423691 0.00115028 0.111796 0.00501773 0.0798211 0.012497 4.21915e-05 0.00173969 0.0170381 0.0332709 0.0116324 0.0293105 0.381057 3.05361e-06 0.0223912 0.0630606 0.022816 0.00171331 
0.0132432 1.88808e-06 1.90832e-07 0.0403032 0.0159795 0.0149643 0.00146623 0.0247566 0.000961164 0.00390108 4.5675e-05 0.00117926 0.000106093 1.51727e-06 0.00728843 2.8469e-05 0.159763 0.0290375 0.0779293 0.0437531 2.0921e-05 0.00470062 0.0613037 0.49914 0.000124496 
4.50791e-06 1.20913e-12 1.468e-12 2.91374e-08 0.000113467 7.30288e-10 0.00011939 7.9629e-09 1.66281e-06 0.00106455 2.1312e-05 5.7185e-05 8.91149e-10 6.29362e-10 4.17303e-07 0.998524 2.2787e-06 8.50033e-05 3.74191e-07 9.44643e-10 8.99483e-13 3.74394e-06 8.32039e-07 6.38576e-07 6.48996e-07 
0.405359 7.98118e-05 3.15831e-06 0.0549646 0.0247827 0.00755678 0.00236888 0.0171517 0.00779349 0.0164553 0.00121312 0.000947015 0.00310152 0.00149317 0.001315 0.000123483 0.0586465 0.0117764 0.00885923 0.0252151 0.00168192 0.0208497 0.300339 0.0275351 0.000387926 
0.404502 5.1928e-08 6.30457e-08 1.00902e-05 0.24776 3.97456e-06 0.0601994 0.0217964 4.54126e-06 0.0196571 0.00174317 1.75154e-06 0.00135931 7.81659e-06 0.00108644 4.86857e-06 0.0387813 0.000113024 8.79922e-06 1.47493e-06 6.59887e-07 6.87618e-06 0.193305 0.00964158 4.99414e-06 
0.0391204 9.24101e-10 0.00167183 0.0104659 0.0248798 6.74095e-07 0.00213276 0.0106325 0.00276695 1.55741e-06 0.000483289 5.28068e-06 0.00273812 4.64872e-07 0.0973836 1.48771e-07 0.123449 0.000105423 1.31945e-07 0.0171495 6.87448e-10 0.109756 0.0502871 0.467997 0.0389727 
0.015806 7.99281e-11 1.33455e-09 0.123477 0.0110505 0.0134334 0.0224829 0.0399785 0.0088769 0.000342591 2.71883e-06 1.57226e-11 0.00016656 3.88867e-07 2.7777e-07 1.29595e-10 0.000594165 0.000564738 0.000121103 0.000414902 1.29497e-08 0.0125233 0.747411 0.00267594 7.6713e-05 
1.02835e-06 4.92817e-10 5.98328e-10 0.000647528 9.04294e-06 1.66918e-06 8.69601e-06 0.0183404 5.82652e-06 9.43042e-06 3.20909e-06 6.68995e-07 1.18332e-06 4.94452e-10 1.13113e-05 3.59653e-06 0.00657611 5.98573e-11 0.00636606 1.85277e-06 3.30317e-07 2.50903e-06 1.06255e-06 0.968007 1.81753e-06 
0.0738199 3.0304e-08 2.47002e-09 0.00916861 0.024756 0.00118023 0.00114892 0.00389592 0.000176989 0.269019 8.49431e-05 0.381524 5.28953e-06 1.71475e-05 0.00218629 0.000109731 0.0209718 0.0432127 0.0119783 0.00437264 3.98075e-09 0.000881618 0.136996 0.0108727 0.003621 
0.0216925 1.25732e-05 7.46889e-09 0.0429594 0.0151732 0.0195989 0.00470807 0.0170456 0.008355 0.000390421 8.5957e-05 0.000134462 0.0507826 3.43276e-05 0.000274574 4.89789e-06 0.186292 0.0107739 0.00516989 0.0215151 8.38158e-05 0.136151 0.439454 0.0190308 0.000276692 
0.119523 8.29102e-05 1.0753e-07 0.0197477 0.107316 0.0180442 0.0171261 0.0352555 0.0145202 0.0166205 0.00551629 0.0038041 0.00600264 0.00234129 0.0177931 0.000134036 0.147196 0.054436 0.0547794 0.0291598 6.84658e-06 0.0935975 0.191899 0.0375159 0.00758096 
0.37903 6.58812e-05 0.00209608 0.0321117 0.0112696 0.115546 0.00125975 0.00695169 0.000795072 0.0183295 0.023456 0.000310053 0.102365 0.000112748 0.000390279 0.000100271 0.0328381 0.0444325 0.0988099 0.0240032 1.98783e-05 0.0246516 0.0133409 0.06519 0.00252486 
0.0119421 3.651e-05 1.8185e-08 0.0108568 0.0559503 0.0564905 0.0164951 0.0617404 0.00551106 0.365897 0.000489358 0.155908 0.00106488 8.68615e-05 0.000688858 7.06282e-05 0.00685792 0.0143385 0.11318 0.0034853 6.85545e-06 0.00916452 0.0957405 0.0133071 0.000690998 
0.00738253 6.13254e-09 5.3328e-12 0.00146477 0.0040189 0.0139408 0.000107108 0.00148961 4.65766e-05 0.0029522 2.01505e-06 0.000330098 0.000233096 1.74886e-05 3.25203e-12 0.000905177 0.000841458 6.9817e-05 0.9513 0.000730338 1.126e-07 0.00150049 0.0125619 6.05468e-06 9.91142e-05 
0.000541085 8.38508e-09 1.01803e-08 0.0377503 0.000106655 1.35804e-05 2.58784e-05 0.0118588 0.000269141 0.0164992 0.00019074 0.000879302 0.00860629 8.4129e-09 0.0405117 0.00122415 3.21649e-05 9.45973e-06 0.00649357 0.716416 6.23775e-09 0.10429 0.0493861 0.00479382 0.000101907 
0.00133878 5.3792e-09 1.51317e-12 0.0013125 0.00200778 0.00708636 0.00861648 0.00770787 8.54701e-05 0.00555034 1.24569e-09 1.93411e-08 0.000131588 8.71901e-09 0.000120601 2.54261e-05 0.0316574 0.00357114 0.876988 0.000194199 6.92947e-07 0.0159516 0.0364208 0.00109747 0.000135056 
0.0253081 2.59248e-06 8.28643e-09 0.00803165 0.333604 0.0730183 0.0539177 0.0472438 0.00733643 0.00261198 0.00247787 3.6846e-06 0.125449 0.00013681 0.000319159 0.000116358 0.0269501 0.103735 0.00689017 0.0062302 1.69029e-07 0.0305682 0.142803 0.0029935 0.000252672 
