0.0010697 0.000123746 3.87336e-10 0.00212164 0.013604 0.0478105 0.000154853 0.00944428 0.000362202 1.74045e-07 0.76997 0.000187608 0.107017 5.56592e-06 2.36204e-10 2.1465e-07 0.00169349 0.0109718 0.00289715 0.00976836 3.0872e-06 0.0177103 0.00417153 9.44977e-07 0.000912106 
0.0111226 2.48353e-05 2.22907e-05 0.009646 0.176569 0.0459917 0.0038674 0.0113776 0.00682457 0.00216364 0.3257 3.48526e-05 0.0138632 2.12043e-05 0.00376302 0.000314115 0.0844765 0.000701302 0.0270134 0.0126887 2.58352e-05 0.167105 0.0516903 0.0440641 0.000928478 
0.00869638 1.64067e-05 1.80674e-09 0.0293202 0.124479 0.233271 0.000752482 0.0370808 0.0119321 1.1487e-05 0.492504 7.90955e-05 0.000571536 0.000266957 0.00665803 2.41285e-09 0.0118967 0.00869277 0.0094315 0.000603701 4.89221e-08 0.00121855 0.00811072 0.0141685 0.000238249 
0.0442543 5.14613e-05 5.12071e-09 0.021436 0.0144065 0.0311972 0.000120874 0.0100946 0.0577488 0.000959429 0.508801 5.51446e-06 0.0333491 0.000180511 0.000560201 2.45492e-06 0.188871 0.00211 0.00490857 0.0265564 5.80705e-06 0.0268881 0.0259972 0.00145789 3.71433e-05 
4.73223e-05 2.94939e-07 4.11405e-07 0.00382667 3.55289e-06 5.3124e-07 0.0695837 0.0393122 0.00748122 1.847e-11 0.585791 1.23415e-11 0.00174701 6.29478e-11 4.64509e-11 0.00208631 0.222875 2.24046e-07 4.62337e-06 0.00102231 1.87158e-08 1.21655e-06 0.0662163 1.12404e-11 4.36495e-11 
0.048946 1.15079e-05 0.00258639 0.00661013 0.213878 0.0109297 0.00122913 0.0197624 0.00640442 0.00122027 0.527836 0.000106081 0.0167384 0.000476033 0.00260777 1.52251e-05 0.011766 0.0006249 0.00419873 0.0601618 1.54446e-06 0.0100628 0.0277196 0.0252674 0.000840206 
0.00359848 2.93875e-05 2.82874e-07 0.185087 0.133653 0.141449 0.000729235 0.051939 0.0221384 7.93203e-05 0.190327 0.00737145 0.0283229 0.00500862 0.00155366 0.000184352 0.0316387 0.00150034 0.00148105 0.00233435 4.43917e-08 0.13152 0.0570763 0.00295207 2.52892e-05 
0.130726 0.000362109 1.65615e-08 5.76421e-05 0.00440314 0.0223015 1.71212e-06 0.00407385 6.397e-05 0.0752487 0.552721 5.23816e-05 0.0632333 0.000130335 8.60373e-07 0.0012851 0.0398429 7.30289e-06 0.00166627 0.00194369 1.12415e-06 0.00671564 0.00168006 0.0934814 9.49039e-09 
0.130986 6.78623e-05 2.76355e-08 0.0318945 0.03079 0.00211102 0.00021238 0.13501 0.00383946 0.00327251 0.277395 6.21751e-05 0.000403996 0.000990728 0.0173638 1.64724e-05 0.00686729 0.00335161 0.107986 0.00719275 1.75408e-05 0.0225893 0.166659 0.0474104 0.00350925 
0.130986 6.78623e-05 2.76355e-08 0.0318945 0.03079 0.00211102 0.00021238 0.13501 0.00383946 0.00327251 0.277395 6.21751e-05 0.000403996 0.000990728 0.0173638 1.64724e-05 0.00686729 0.00335161 0.107986 0.00719275 1.75408e-05 0.0225893 0.166659 0.0474104 0.00350925 
0.0164147 1.65104e-05 0.00404818 0.00661883 0.0658339 0.0330451 0.016379 0.138193 0.00162215 0.00110595 0.319275 0.000271282 0.0764811 0.000506808 0.000554338 2.77372e-05 0.000526854 0.000716677 0.000927832 0.00196834 6.51816e-06 0.19096 0.0234455 0.100974 8.0711e-05 
0.0195543 6.4174e-05 9.00952e-05 0.0225974 0.0714488 0.129024 4.99257e-05 0.109904 0.0721843 0.0149283 0.27239 1.38853e-05 0.0959623 7.46283e-07 0.00125318 2.46635e-07 0.0392976 0.00594424 0.00038889 0.0294657 3.60751e-07 0.0952093 0.0094871 0.0107412 2.92198e-07 
0.000228714 1.09018e-05 1.32359e-05 0.000228222 0.00280689 1.19108e-06 0.000186228 0.000319813 3.35646e-06 0.00180679 0.989929 2.14449e-06 2.75515e-06 1.0938e-05 8.07145e-06 1.76762e-05 0.000583671 0.00103858 2.07107e-06 0.000218864 8.10998e-06 0.000324314 0.000121425 0.00211958 7.58466e-06 
0.0126522 1.9323e-05 5.11507e-09 0.00652904 0.192577 0.0919162 0.00274398 0.0181092 0.00705285 0.000273034 0.487821 5.52058e-05 0.0192113 1.40968e-05 0.00337174 3.71631e-05 0.0945256 0.000103675 0.0310231 0.00139044 0.000502899 0.0121542 0.0167011 0.00119267 2.35089e-05 
0.000503413 0.000274123 7.08851e-10 0.00201392 0.00437084 0.0324881 8.46975e-05 0.00984154 0.000426812 5.0325e-07 0.826164 0.000247443 0.0746677 9.73855e-07 4.32269e-10 3.86531e-07 0.000696959 0.0157562 0.00314034 0.00531453 5.70638e-06 0.0202939 0.00368233 4.69785e-07 2.46584e-05 
0.00264487 0.000449376 2.76806e-06 0.087682 0.187485 0.0236719 0.0158715 0.0351302 0.00162979 0.00019661 0.611763 4.48484e-07 0.00356271 2.2875e-06 1.68801e-06 2.35814e-05 0.0126698 1.09583e-05 0.00223095 0.00235905 1.69607e-06 0.000783896 0.00997275 0.00151944 0.000334407 
1.61303e-06 1.14829e-10 1.39414e-10 0.00165416 0.00469283 9.39682e-07 3.23672e-11 2.13937e-07 8.94481e-07 3.38047e-11 0.824649 2.25879e-11 0.116346 2.99661e-07 2.89142e-07 2.82256e-05 2.06121e-05 5.84396e-07 8.95277e-06 0.00340353 8.54225e-11 1.54587e-06 0.0491891 2.24264e-07 7.98894e-11 
0.00471416 5.06579e-07 6.15036e-07 0.00587587 0.00103007 5.53463e-08 1.42791e-07 0.00154024 0.00174697 0.000566852 0.529175 9.96487e-08 0.00130598 0.00472731 0.0193909 0.00180782 0.00144694 0.000664572 0.419518 0.00279567 3.76849e-07 0.00123766 0.00020329 0.00225091 3.52439e-07 
0.000958348 4.22976e-05 1.25079e-06 1.42426e-07 0.00230789 6.93541e-06 2.90392e-07 0.000139484 4.64579e-05 3.03289e-07 0.941529 2.02654e-07 0.0197984 9.9845e-06 0.0097053 1.6704e-06 0.00334479 2.09282e-05 1.95717e-07 0.0206083 7.66394e-07 1.76003e-07 5.51164e-08 0.00142257 5.43561e-05 
0.142118 3.79305e-09 4.60513e-09 0.00437155 0.00105264 0.0838479 2.55663e-06 0.00822266 1.16781e-09 1.1383e-05 0.264648 7.46128e-10 0.251725 2.82683e-06 2.80828e-09 6.15004e-09 2.06471e-05 3.22809e-06 0.0932158 0.00991333 0.000218273 0.0884578 0.0519521 4.83631e-06 0.000211056 
0.0584659 0.000278961 0.000368197 0.000641374 0.0535691 0.0452287 0.0334548 0.0503796 0.218709 0.00934445 0.296855 3.58519e-06 0.139645 8.71717e-06 0.000256514 7.78667e-07 0.00522972 0.00372221 0.000382303 0.000374629 9.64111e-06 0.033657 0.000509228 0.0488308 7.48753e-05 
0.0502169 1.4082e-10 1.70969e-10 0.0248163 0.0247584 0.00102208 0.00325044 0.00336622 4.33557e-11 1.00204e-07 0.371098 8.6842e-08 0.0209812 1.41287e-10 0.00108038 1.70422e-05 0.0427311 0.000106652 4.86518e-07 0.00293317 7.48655e-07 0.0158029 0.281949 0.155869 2.57281e-07 
0.0155433 0.000297898 2.56348e-08 0.000526123 0.0394178 0.000270703 0.00250312 0.0300147 0.0166171 0.00310667 0.433479 6.31538e-05 0.0106829 7.39601e-05 0.000180628 2.16398e-05 0.10347 0.000209307 0.00111012 0.000883153 0.0900516 0.0145042 0.0264191 0.210545 8.91319e-06 
0.0562121 0.00182596 4.95056e-05 0.0242353 0.0801332 0.0466635 0.00666761 0.0575488 0.00942736 0.032305 0.198645 0.0015929 0.0659383 8.57427e-05 0.00466538 9.92605e-05 0.0550443 0.00538136 0.00533971 0.0112536 0.00212065 0.0278061 0.159338 0.146821 0.000800469 
0.289735 3.04122e-05 1.45882e-09 0.0208462 0.00482163 0.00129975 0.000113753 0.000348173 6.72049e-07 0.00599839 0.629358 0.00288985 0.000847847 2.15916e-06 3.57643e-05 2.51338e-07 0.000797131 0.00028856 0.000518497 0.0127351 0.00163141 0.00310211 0.0014533 0.0225563 0.000589366 
0.00902416 2.16549e-05 2.32678e-07 0.0690216 0.000879041 0.000122355 2.04744e-05 1.5151e-05 0.00046301 5.47314e-05 0.854146 3.76987e-08 0.00116386 7.73706e-05 0.0116943 3.10736e-07 3.67533e-05 2.91083e-07 0.000131033 0.00918799 1.42568e-07 0.00182984 0.0051683 0.0369394 2.29124e-06 
0.0409454 0.000310797 3.28487e-07 0.0190948 0.000994965 0.000728331 0.000331643 0.000200858 2.53876e-05 0.131934 0.475395 0.0011947 0.0072414 1.69187e-05 0.000472384 4.38687e-07 0.0131863 0.00129359 0.00763277 0.00844146 1.43196e-05 0.00320779 0.000698867 0.0178853 0.268752 
1.22406e-05 5.61612e-06 5.67736e-09 0.142763 0.00784145 0.0784487 1.31809e-09 3.4986e-05 5.77322e-07 2.58821e-05 0.434668 9.19851e-10 1.18179e-09 4.69171e-09 1.35059e-05 7.58197e-09 8.45305e-10 5.67968e-10 1.2971e-05 0.0568787 3.47867e-09 3.51516e-05 2.50174e-10 0.279233 2.63554e-05 
0.0662185 0.000808413 3.19918e-09 0.0107465 0.0928052 0.0402334 0.00443278 0.046615 0.0231245 9.7314e-05 0.308757 4.44836e-05 0.000985605 0.00535722 0.0042171 2.44796e-06 0.0501218 0.000251941 0.00417076 0.0321559 2.38448e-06 0.186126 0.038094 0.0792321 0.00539941 
0.0587725 1.24197e-05 0.0014135 0.0238815 0.0294269 0.0176454 0.00935451 0.0612557 0.00228746 0.0502893 0.529274 2.80459e-05 0.0983282 2.43217e-05 0.00142498 1.44065e-05 0.016355 0.0103829 0.00433544 0.0253981 0.000178405 0.0249015 0.0161808 0.0168944 0.00193974 
0.0204682 1.43974e-06 1.74798e-06 0.0082329 0.0140244 0.047067 0.00334607 0.089891 0.000161447 5.49655e-05 0.685452 2.75404e-05 0.000168345 4.16782e-05 7.87836e-05 4.35308e-05 0.00817091 1.62155e-05 0.0150153 0.00131651 2.66267e-05 0.0178115 0.0703264 0.0181471 0.000107863 
0.00371064 9.70768e-06 2.62691e-05 0.0999407 0.17032 0.0283395 0.00668807 0.0865723 0.0232393 0.00186175 0.234401 6.48448e-05 0.0258574 1.54778e-05 6.63725e-08 0.000105657 0.0217555 0.000586021 0.00882845 0.196787 2.50935e-05 0.0335886 0.00354906 0.0537251 2.42494e-06 
0.052211 4.65625e-06 1.61981e-08 0.0774072 0.00382472 0.00296527 7.68455e-07 0.0104089 3.51046e-05 0.00057771 0.60955 2.37319e-05 0.101237 0.00037701 7.40678e-06 2.16322e-08 0.00991821 5.86466e-06 0.00197079 0.100507 2.06309e-07 0.00954261 0.0116064 0.0078145 3.34257e-06 
0.0111455 0.000562771 5.54954e-06 0.000782446 0.198262 0.181959 0.0098915 0.0222778 0.00110039 0.000939984 0.327027 1.22495e-07 0.0585286 3.05528e-08 4.23576e-05 4.4548e-05 0.0333482 0.0158933 0.000191755 0.00692122 1.62106e-10 0.0249155 0.103379 0.00264048 0.00014078 
0.0635995 4.64753e-05 0.00016208 0.020455 0.0151671 0.0130288 0.000345595 0.0403081 0.000307976 0.0170602 0.487879 0.00103115 0.100683 0.000139148 0.000115545 2.74932e-05 0.0451401 0.00228871 0.0873886 0.0200236 0.000517751 0.0151268 0.0405696 0.0265313 0.00205795 
0.0801614 2.14588e-06 4.54422e-08 0.00426216 0.0322209 0.0634128 0.000313512 0.00767641 0.000299098 0.000722762 0.412844 8.8671e-07 0.00468046 4.42458e-07 0.00771859 6.90853e-07 0.146253 0.00120013 0.00132974 0.00162653 2.65296e-07 0.0115314 0.223081 0.000652601 9.77775e-06 
0.016569 9.37155e-06 4.36614e-08 0.0249847 0.00224358 0.0216581 6.09427e-06 0.0123352 0.0014376 7.23515e-06 0.497117 3.85088e-07 0.280486 1.05312e-05 3.4478e-05 5.83087e-08 0.00172044 3.85907e-08 6.54066e-05 0.110596 9.06685e-07 0.0195403 0.00309702 0.00808083 2.50196e-08 
0.00320772 0.00083891 2.99402e-10 0.0387919 0.0368509 0.00050501 0.00175939 0.00588883 0.00441466 0.0426989 0.626243 0.000250565 0.00789159 0.000614266 0.00808351 6.64948e-08 0.0141428 2.41074e-07 0.00023664 0.00422411 3.90055e-05 1.4411e-06 0.0261517 0.177045 0.000119889 
0.0203004 5.31652e-05 6.31418e-07 0.0100755 0.102119 0.232793 0.00156294 0.046504 0.0146786 0.00413987 0.395084 2.2248e-05 0.0015073 0.00693049 0.00163005 6.33163e-05 0.00577574 0.0185721 0.00183534 0.00570488 1.12028e-06 0.0167558 0.0874873 0.0263044 9.93263e-05 
0.0277197 5.80565e-06 2.1341e-08 0.0684744 0.0507487 0.0131949 0.00119638 0.0104705 0.0276489 0.036374 0.251713 1.19805e-06 0.00351146 7.94105e-05 0.160009 2.88452e-05 0.118135 0.00232621 0.00484913 0.0897574 2.44158e-07 0.00672876 0.0350982 0.0918846 4.41709e-05 
0.00475124 2.13898e-07 1.47091e-06 0.0406541 0.106265 0.0103835 0.000214292 0.02123 0.0083635 0.0167624 0.281842 9.13791e-05 0.00302701 1.62814e-08 0.00526861 5.40414e-07 0.0122519 0.0197728 0.0390431 0.00466399 0.000178383 0.0969113 0.110693 0.209814 0.00781731 
1.22406e-05 5.61612e-06 5.67736e-09 0.142763 0.00784145 0.0784487 1.31809e-09 3.4986e-05 5.77322e-07 2.58821e-05 0.434668 9.19851e-10 1.18179e-09 4.69171e-09 1.35059e-05 7.58197e-09 8.45305e-10 5.67968e-10 1.2971e-05 0.0568787 3.47867e-09 3.51516e-05 2.50174e-10 0.279233 2.63554e-05 
0.070042 0.00050844 1.31348e-05 0.0111536 0.165954 0.0478199 0.00999654 0.0262311 0.0101617 0.007323 0.207114 6.56838e-05 0.162841 0.000156677 0.00097629 1.8956e-05 0.0294213 0.0285858 0.0124194 0.00597401 3.25021e-05 0.019279 0.14596 0.0379125 3.89281e-05 
7.70364e-06 8.27006e-05 0.000100407 1.14332e-05 5.12671e-06 9.03546e-06 2.3311e-05 1.23253e-05 2.54619e-05 2.43463e-05 0.874533 1.6268e-05 0.00211094 8.2975e-05 0.104151 0.00013409 1.49496e-05 1.00448e-05 1.5711e-05 1.99294e-05 0.018518 1.41285e-05 4.42443e-06 1.48166e-05 5.75368e-05 
1.05148e-09 6.18024e-05 0.000480761 1.95742e-05 1.58463e-05 3.15093e-06 5.90083e-06 0.0082162 0.00254868 4.44726e-07 0.984873 2.22043e-09 7.41244e-06 5.27654e-06 8.35729e-09 1.83022e-08 7.43702e-07 4.35959e-07 2.14442e-09 0.00138642 8.39718e-09 0.00236883 2.68954e-06 2.62841e-06 7.85326e-09 
0.0244162 1.84455e-10 2.23946e-10 0.00483122 0.0219111 6.58961e-08 0.0026557 2.96795e-06 5.67901e-11 1.34638e-07 0.466752 1.6463e-07 0.0265952 1.85067e-10 8.0894e-05 3.40526e-05 0.0623083 0.000213258 3.50418e-11 0.000132563 1.41933e-06 4.33134e-06 0.273285 0.116775 3.45693e-07 
0.0512368 2.47043e-07 6.46386e-09 0.0826297 0.00521897 0.0136091 0.000385628 0.0129149 0.0127762 0.000302602 0.267752 0.000328121 0.177362 2.52227e-07 0.00392482 1.96595e-07 0.000692967 0.00405532 4.66733e-05 0.141676 3.96058e-09 0.00325394 0.154179 0.0665757 0.0010784 
0.00386532 0.000433837 2.84571e-06 0.0165073 0.00984005 0.0179012 0.000237142 0.0027254 0.000993462 1.03108e-05 0.608874 9.07463e-07 0.278226 0.000111926 1.28921e-05 6.84954e-07 0.00115598 0.000116484 0.00290361 0.00216998 2.52349e-08 0.00475619 0.0410099 4.26474e-05 0.0081023 
0.00197778 2.45943e-09 3.16096e-11 5.65102e-05 0.0610444 0.253997 0.000187839 0.00948917 0.000157593 7.66462e-12 0.608231 1.10146e-08 0.000561104 2.61218e-11 0.000741786 4.22138e-11 0.0150742 0.00255472 1.11218e-05 4.06695e-08 1.9368e-11 5.59951e-08 0.0459148 7.67349e-08 1.81135e-11 
0.00245146 0.000376888 0.000264051 0.0914619 0.0325408 0.000743713 0.0217388 0.0346886 0.000663125 0.0039077 0.535752 4.49971e-07 0.0644298 2.21745e-06 3.75887e-07 0.00781562 0.0472276 3.98385e-06 0.00535913 0.0905365 4.60711e-07 0.0168988 0.0056942 0.0374406 1.67329e-06 
0.000331514 9.52011e-08 3.95849e-09 0.0115123 0.0487591 0.00648745 1.12721e-06 0.0108233 0.00133064 0.0218743 0.780432 0.00165651 0.00525964 3.27126e-09 0.000402861 1.39756e-05 0.0269205 6.17248e-07 5.29945e-06 0.0186513 2.66039e-06 0.00378317 0.013244 0.0485069 7.15901e-07 
0.058785 5.77413e-07 1.23199e-09 1.67737e-07 0.00116861 0.0537845 9.81109e-05 0.00082893 0.000635348 1.6063e-06 0.79144 2.46716e-07 0.002306 4.11432e-07 1.32554e-05 1.64529e-09 0.00875341 1.03104e-07 0.00290494 8.94591e-07 6.56385e-07 0.0525552 0.0260561 0.000665268 1.84396e-07 
0.00292533 3.95334e-06 3.2931e-06 0.00198604 1.8916e-06 0.00162531 4.02233e-09 0.000659225 8.0135e-07 1.14726e-06 0.903031 2.35495e-07 0.0594298 3.35658e-06 1.05652e-08 2.31374e-08 0.0023682 1.54028e-08 2.86912e-05 0.0200849 5.24771e-08 0.00325332 0.00459261 2.55662e-09 6.7548e-07 
0.0128155 1.8622e-09 2.61408e-11 0.00639702 0.00673048 0.00177231 0.00953317 0.0079751 0.000496942 2.92722e-07 0.620006 5.10385e-06 0.00238664 0.000235997 8.38418e-08 0.000549404 0.228108 0.00180135 8.50163e-07 0.0012585 0.000209363 0.0121887 0.0404372 0.0467764 0.000315303 
0.023436 1.12202e-05 2.56485e-09 0.00432892 0.0581565 0.117426 0.0122508 0.0728463 0.00134958 0.00579484 0.225714 2.70156e-05 0.0530394 6.79205e-05 0.0212414 0.000132814 0.069922 0.00227904 0.0141581 0.218019 7.16499e-06 0.0504651 0.0197647 0.0295258 3.66302e-05 
0.289735 3.04122e-05 1.45882e-09 0.0208462 0.00482163 0.00129975 0.000113753 0.000348173 6.72049e-07 0.00599839 0.629358 0.00288985 0.000847847 2.15916e-06 3.57643e-05 2.51338e-07 0.000797131 0.00028856 0.000518497 0.0127351 0.00163141 0.00310211 0.0014533 0.0225563 0.000589366 
0.00238414 3.75693e-05 8.55605e-08 0.0288046 0.0300433 0.0241892 3.42061e-06 0.0122473 0.0233041 0.000294948 0.584677 5.25268e-06 0.0825157 1.06212e-06 2.42664e-05 3.55104e-06 0.0157058 3.86202e-05 0.0058456 0.162132 8.40024e-07 0.0043238 0.0108351 0.0125229 5.90365e-05 
0.0765445 2.1387e-06 0.000188912 0.017894 0.0236051 0.097932 1.15782e-05 0.0199734 0.00116066 0.000153238 0.523455 5.07442e-05 0.0651898 0.00151464 0.00818783 3.77076e-07 1.54952e-06 6.83725e-06 0.00546102 0.132508 1.73005e-07 0.0021901 0.0113888 0.0125793 1.61799e-07 
0.102034 0.000393128 9.21686e-08 7.43576e-05 0.00343408 0.0175338 9.31282e-06 0.00325369 6.37927e-05 0.0588076 0.649832 5.82919e-05 0.0496211 0.000109898 1.62363e-06 0.00105857 0.0312236 9.94785e-06 0.00131991 0.00160729 2.51241e-06 0.0053095 0.00136642 0.0728754 5.28161e-08 
0.0663648 0.000116441 1.05044e-06 0.0748825 0.0723675 0.0285072 0.000160297 0.148155 0.0103226 0.00373808 0.252012 3.96179e-05 0.0171996 1.5362e-06 0.00708855 6.76246e-06 0.0640876 0.00353233 0.00268665 0.00357968 1.35198e-06 0.00446959 0.230899 0.00956157 0.000218702 
0.114283 7.18073e-05 1.51496e-05 0.0181428 0.0308609 0.136167 0.00121998 0.0285617 0.00550432 0.000531688 0.177844 8.68403e-05 0.101145 7.04656e-05 0.000608023 8.01694e-07 0.0449597 0.0488283 0.00221962 0.0985028 1.51459e-05 0.0960186 0.0769582 0.0153191 0.00206454 
0.0172284 0.000158512 3.56543e-07 0.00581515 0.00820016 0.00183058 8.50388e-05 0.00279665 0.00106268 0.000105608 0.647669 5.36575e-05 0.0261269 0.000186548 4.02219e-06 6.00763e-05 0.0307739 0.000128114 0.000949687 0.15476 8.51394e-05 0.0433414 0.0406153 0.0179628 1.65717e-07 
0.000820319 6.34472e-10 7.70311e-10 0.00604509 0.0121108 0.0524426 0.000988969 0.0573618 0.00178933 8.31926e-07 0.297094 1.24807e-10 0.208034 6.36577e-10 1.51607e-05 1.02873e-09 0.0395787 1.23699e-05 0.0818949 0.224776 1.74208e-07 0.0117365 0.00276393 0.00253484 4.41418e-10 
0.000257069 3.28252e-08 3.9853e-08 4.53801e-09 0.00023048 3.58632e-09 5.56065e-05 4.89211e-09 1.1754e-05 9.66346e-09 0.992901 6.45702e-09 2.56835e-05 3.29341e-08 2.4303e-08 5.32227e-08 0.0060471 3.98693e-09 0.000112861 7.91029e-09 2.4419e-08 0.000321937 3.64512e-05 5.88096e-09 2.28373e-08 
0.00932284 0.00908523 2.6361e-06 0.131408 0.00546646 0.130168 8.12274e-07 0.0314218 0.0967642 0.0745867 0.176139 0.000120779 0.0201337 9.47863e-06 0.0473043 1.28017e-06 0.00103699 7.38605e-07 0.00194731 0.168555 1.94403e-07 0.0652102 0.0107816 0.0198758 0.0006569 
0.0201575 2.66026e-06 2.73811e-05 0.00178901 0.303008 0.0196482 0.000935398 0.0115952 0.00971017 0.000759349 0.488737 4.17057e-05 2.6345e-06 7.98568e-07 0.0156279 6.6237e-05 0.00640633 0.00175437 0.000357619 0.069952 2.40385e-09 0.00675194 0.0150836 0.0269969 0.000588316 
0.0181922 2.04147e-05 2.56353e-05 0.0233842 0.0263666 0.0113793 8.99078e-05 0.10234 0.000443988 0.000587838 0.418194 9.16731e-06 0.157422 3.72949e-05 1.75907e-06 2.98152e-07 0.00501728 0.0088981 0.0737379 0.0969627 8.02592e-08 0.0229378 0.0243965 0.009422 0.000133511 
2.77135e-06 0.0026409 2.33681e-08 0.00328409 0.273116 0.0450901 0.000674196 0.0812137 0.00312603 2.97678e-07 0.488459 0.000120414 0.0813056 6.90455e-07 1.42503e-08 3.90671e-07 0.00792902 0.00483158 0.00202903 0.000191505 1.08154e-07 0.00433666 0.00164713 1.82873e-07 8.6438e-07 
0.00320772 0.00083891 2.99402e-10 0.0387919 0.0368509 0.00050501 0.00175939 0.00588883 0.00441466 0.0426989 0.626243 0.000250565 0.00789159 0.000614266 0.00808351 6.64948e-08 0.0141428 2.41074e-07 0.00023664 0.00422411 3.90055e-05 1.4411e-06 0.0261517 0.177045 0.000119889 
0.289735 3.04122e-05 1.45882e-09 0.0208462 0.00482163 0.00129975 0.000113753 0.000348173 6.72049e-07 0.00599839 0.629358 0.00288985 0.000847847 2.15916e-06 3.57643e-05 2.51338e-07 0.000797131 0.00028856 0.000518497 0.0127351 0.00163141 0.00310211 0.0014533 0.0225563 0.000589366 
2.56931e-08 6.79266e-08 2.00945e-07 6.45794e-09 0.00631998 0.0149944 1.19592e-11 0.00290137 0.000344879 1.24903e-11 0.975088 8.3459e-12 1.07225e-11 4.25683e-11 3.14124e-11 6.8792e-11 3.06858e-08 5.15323e-12 0.000143943 0.000206213 3.15623e-11 4.07363e-07 2.61056e-08 7.60131e-12 2.95179e-11 
2.23683e-05 2.23323e-05 2.23238e-05 2.23665e-05 0.382542 2.23677e-05 2.23608e-05 2.23661e-05 2.23598e-05 2.23603e-05 0.57445 2.23642e-05 2.23619e-05 2.23322e-05 2.23426e-05 2.23076e-05 2.23648e-05 2.23672e-05 2.23645e-05 2.23624e-05 2.23425e-05 2.23652e-05 2.23698e-05 0.0425158 2.23444e-05 
0.183069 3.61152e-06 1.57497e-06 0.00498859 0.0966644 0.0252576 0.00651004 0.00781714 0.00320683 0.00216814 0.392771 0.0246065 0.00700464 0.0124184 0.000205664 5.75383e-05 0.11582 0.00443509 0.0365237 0.0014919 0.000331787 0.0315191 0.039959 0.00288303 0.000285806 
0.000540505 0.000554547 7.60641e-06 0.017426 0.19659 0.250431 0.0056544 0.0457788 0.00362066 0.00113083 0.302074 3.45433e-08 2.25346e-05 4.34567e-05 0.00842963 2.8668e-08 0.0252237 0.00137937 0.00374044 0.00365808 1.87353e-10 0.0399281 0.090652 0.0028774 0.000236769 
0.00382371 3.85846e-05 6.82587e-10 0.00263965 0.0141428 0.290114 9.28464e-05 0.0849685 0.000652233 1.65512e-10 0.587127 4.67576e-05 9.55006e-07 5.64083e-10 0.00106837 9.11578e-10 0.000934278 1.10788e-06 0.000350243 0.000337232 4.18239e-10 0.0023598 0.00670067 0.00389153 0.000710095 
0.0150152 1.17377e-06 2.71203e-08 0.00261009 0.051324 0.0949069 0.0166638 0.148245 0.0271792 0.00442335 0.28159 4.43913e-06 0.0492478 0.00014767 5.62915e-07 0.000131462 0.0291871 0.0019945 0.0249132 0.176063 7.20443e-07 0.0257448 0.0168568 0.0295691 0.00418056 
0.0127543 7.04171e-09 8.54933e-09 0.00387055 0.0229757 0.0224501 0.00228246 0.0167706 0.000100708 0.0011152 0.564463 1.43526e-07 0.00979241 3.07701e-05 1.94486e-06 2.92341e-06 0.0385809 0.000937531 0.000413779 0.198731 5.2384e-09 0.00130451 0.0841941 0.0142438 0.00498353 
0.0022832 2.61203e-07 3.17126e-07 0.074334 0.00544113 0.00543641 0.000105954 0.0115266 0.00463277 3.20937e-05 0.840861 5.13811e-08 0.00190281 2.6207e-07 0.000424678 4.23514e-07 4.72171e-08 3.17256e-08 4.96221e-08 0.0194942 1.94312e-07 0.00890378 0.0063194 0.0130444 0.00525629 
0.00156821 1.71383e-08 2.08075e-08 2.9319e-06 0.00115181 0.00028281 0.00117364 9.88453e-05 0.000177715 0.00624618 0.863269 5.27724e-06 0.00430696 1.71951e-08 1.01361e-05 6.98305e-06 0.103031 2.62576e-05 0.000236885 9.04401e-07 0.000110774 0.00128527 0.0120977 0.00491075 1.19235e-08 
0.0100914 0.00071435 2.44596e-07 0.0358645 0.0420598 0.0940623 0.000497166 0.0568707 0.00117077 2.17849e-05 0.502495 1.32757e-05 0.0540229 0.000211685 7.11799e-05 1.40661e-05 0.0125294 0.00185935 0.00535558 0.0746993 3.76828e-06 0.0250841 0.0536216 0.0279464 0.000719105 
0.0649699 7.15116e-05 0.00330313 0.023355 0.0400383 0.0321509 0.00016858 0.175383 0.00753707 0.0181961 0.214053 3.71953e-05 0.0396784 0.000380262 0.0436638 1.28695e-05 0.0426981 0.00603201 0.000663642 0.0882108 8.20331e-05 0.00533127 0.160316 0.0334816 0.000185472 
0.0168371 4.25761e-05 0.000105121 0.0262681 0.0446424 0.0163118 0.00440936 0.0619056 0.0302271 0.00302454 0.545758 9.59768e-06 0.0249661 0.000244215 0.0147214 2.90992e-05 0.0307884 0.00191168 0.00298783 0.00472209 0.00100925 0.0234793 0.0209759 0.124569 5.48019e-05 
7.91125e-05 4.56547e-08 3.34376e-11 8.84585e-05 0.090925 0.0390547 0.000763662 0.0020997 0.00192008 8.10788e-12 0.844081 5.4176e-12 2.36716e-05 6.01558e-08 4.11209e-08 6.45802e-08 0.0123867 3.46694e-08 4.13586e-05 0.000695586 2.04881e-11 0.0046741 0.00316681 4.93426e-12 1.9161e-11 
0.00499437 1.55616e-07 2.88107e-09 0.0123069 0.00030444 0.00596257 6.68888e-10 0.00123595 7.79207e-07 6.98595e-10 0.800685 5.55199e-08 0.109485 2.90135e-07 1.11376e-05 3.8476e-09 0.000113728 4.51299e-08 0.00138011 0.0588288 1.76531e-09 0.00198098 0.00202963 0.000132314 0.000548041 
0.0477971 5.5357e-07 0.209545 0.00962608 0.129144 3.95354e-06 0.000351364 0.0943573 4.42586e-07 0.00402967 0.210604 2.02148e-07 2.71364e-10 1.07732e-09 0.000690071 1.16473e-05 0.02483 2.98141e-05 2.30007e-07 5.63551e-07 6.64734e-07 0.117475 0.0444685 0.107035 7.47038e-10 
0.205614 4.10524e-06 1.04347e-09 0.0267197 0.0214715 0.00793913 0.00887485 0.0206851 0.000312595 0.0192655 0.241438 2.23753e-05 0.00393022 0.000106328 0.00162147 2.23838e-05 0.0217596 0.00794644 0.124268 0.0707242 8.34989e-06 0.0254177 0.124567 0.0667213 0.00056007 
0.0659827 1.83335e-09 2.22587e-09 0.00139047 0.0254786 0.0325568 0.00193499 0.00201094 6.41127e-06 0.000772909 0.603924 7.72127e-07 0.0243522 1.83943e-09 7.69382e-07 1.469e-06 0.00910227 0.000449045 0.000521875 0.137297 1.36385e-09 0.00309768 0.0221115 0.0681256 0.000881818 
0.00807833 5.40129e-05 0.08408 0.0323138 0.128792 0.133432 0.0015119 0.0464185 0.0547075 0.00198864 0.246773 0.0159367 0.0420074 0.000145593 9.12791e-05 1.80538e-05 0.0715077 0.00697751 0.00840281 0.0207854 6.76317e-08 0.0215472 0.06074 0.00156881 0.0121227 
0.0443149 0.000137674 0.000553761 0.0282452 0.207912 0.0493267 0.0351632 0.00651991 0.11402 0.0113341 0.209832 0.000545528 0.0297527 0.000193038 0.00795126 8.14022e-06 0.00283355 0.0399175 0.00337621 0.0239958 0.0261181 0.0133742 0.0393477 0.104983 0.000243533 
0.00471029 0.000799143 1.71303e-05 0.00708254 0.0135561 0.00211278 0.00739491 0.035311 6.81711e-05 0.00066213 0.361802 1.78439e-05 0.139297 1.90681e-06 0.00220672 6.6203e-06 0.0157036 0.000240285 0.00830717 0.329212 1.16755e-05 0.0269488 0.0302002 0.0141209 0.000209936 
0.0330445 7.50628e-05 1.15218e-06 0.0124599 0.0606794 0.01383 0.000233616 0.0373054 0.00494101 0.000410225 0.675208 2.05525e-05 0.000929735 2.68067e-05 0.00042182 0.00286581 0.00414445 0.00233118 0.0244633 0.000798635 0.000223334 0.0161622 0.0737645 0.0291388 0.00652112 
0.059499 6.64441e-05 9.59771e-07 0.00554001 0.16211 0.0414824 0.00352936 0.0676662 0.00146415 0.000918306 0.382999 4.47604e-06 0.0946018 0.0174571 4.52261e-08 3.21847e-06 0.0087911 0.024824 0.00539426 0.0621145 3.10424e-06 0.00185794 0.05752 0.000300689 0.00185221 
0.157836 0.000482456 3.33254e-05 0.00983878 0.0662787 0.00967462 0.00503496 0.0275998 0.00113635 0.00135501 0.472628 7.86154e-05 0.11302 5.83124e-05 2.53813e-05 1.18277e-05 0.00919475 0.00367759 0.030349 0.0228865 2.61513e-05 0.0153879 0.0516548 0.00169214 3.92068e-05 
0.0509381 9.27794e-05 5.87574e-06 0.152146 0.032866 0.00687027 0.00139266 0.109813 0.00415041 0.00139525 0.247239 6.80492e-06 0.018358 3.32807e-05 0.0095178 2.10171e-05 0.0111324 0.00201173 0.00910438 0.0995335 1.46254e-06 0.0129508 0.0139611 0.215632 0.000825837 
0.014271 1.31749e-05 6.50229e-08 0.252357 0.000105451 0.00272412 0.00668315 0.00122519 4.41727e-05 0.0140455 0.278725 6.59676e-06 0.132207 9.73823e-06 3.9652e-08 5.19592e-05 0.14023 0.000238435 0.000714896 0.00120272 2.28377e-06 0.0229516 0.111413 0.0207076 7.01096e-05 
0.170206 0.000374101 4.81316e-08 0.00267663 0.0276926 0.0678647 0.0322858 0.00883268 0.00130677 0.0378392 0.193879 0.0101884 0.00802267 0.000250959 8.41776e-05 1.15798e-05 0.0598402 0.00313286 0.145772 0.0398665 8.37656e-08 0.166873 0.0201608 0.00282723 1.08211e-05 
0.0477971 5.5357e-07 0.209545 0.00962608 0.129144 3.95354e-06 0.000351364 0.0943573 4.42586e-07 0.00402967 0.210604 2.02148e-07 2.71364e-10 1.07732e-09 0.000690071 1.16473e-05 0.02483 2.98141e-05 2.30007e-07 5.63551e-07 6.64734e-07 0.117475 0.0444685 0.107035 7.47038e-10 
0.0509873 0.000207982 0.00704782 0.0407132 0.0636609 0.0723805 0.00277749 0.0431231 0.00224149 0.00323959 0.367306 8.16799e-05 0.0399815 0.000773144 0.000210198 4.53653e-07 0.0399829 0.000450351 0.00467723 0.185115 0.00030113 0.0228252 0.0276893 0.01814 0.00608625 
0.0377735 0.0059912 1.33482e-08 0.104463 0.081825 0.0051246 0.000929631 0.0669301 0.00313368 0.117002 0.255209 0.000401165 0.0264612 0.016517 0.0196012 3.87956e-07 0.010103 0.00244368 0.0359716 0.10544 2.75482e-05 0.0252968 0.0145199 0.0647241 0.00010964 
0.215539 0.000443465 8.58458e-09 0.0370411 0.0257685 0.113478 0.00318792 0.0274123 0.0017544 0.00704751 0.395078 0.00284675 0.00893303 1.60307e-05 0.000368041 3.40232e-05 0.00153278 0.00704801 0.0299418 0.0138236 0.00243685 0.0135982 0.0352553 0.0567883 0.000626811 
0.12635 0.000143089 6.30422e-08 0.0102314 0.0101918 0.048641 0.000161159 0.0193072 6.08917e-05 0.00258319 0.437047 1.99559e-05 0.149549 1.81836e-05 0.000195118 5.57765e-06 0.0455595 0.00907381 0.00635121 0.0506808 1.13765e-05 0.0308117 0.02632 0.0266318 5.53014e-05 
0.0163653 1.71668e-06 5.56802e-06 0.00454572 0.0132902 0.0211603 0.000165076 0.00527089 0.00739804 0.0062622 0.625377 2.38869e-05 0.12213 1.9848e-05 0.000188282 3.06388e-06 0.0168775 0.0102376 0.0555183 0.0176545 3.26916e-05 0.0323939 0.0353378 0.00964764 9.33096e-05 
0.0714055 0.0067568 2.87953e-06 0.120657 0.0235573 0.0196433 0.00182562 0.0306854 0.00714186 0.00269184 0.369124 0.00195195 0.010518 0.00532392 0.0109175 8.36626e-07 0.0155217 4.84737e-05 0.0215836 0.0236768 8.37917e-06 0.0679329 0.0379512 0.0573727 0.0937005 
0.289735 3.04122e-05 1.45882e-09 0.0208462 0.00482163 0.00129975 0.000113753 0.000348173 6.72049e-07 0.00599839 0.629358 0.00288985 0.000847847 2.15916e-06 3.57643e-05 2.51338e-07 0.000797131 0.00028856 0.000518497 0.0127351 0.00163141 0.00310211 0.0014533 0.0225563 0.000589366 
2.4855e-06 2.51246e-10 3.05037e-10 0.0519745 0.0761574 3.45896e-07 0.0181551 0.0647874 0.0177138 7.39646e-11 0.340532 1.13721e-07 0.00534569 6.55658e-07 2.54861e-06 6.11461e-07 0.121788 1.61766e-07 4.77304e-11 7.08443e-07 1.68232e-06 1.33923e-06 0.023188 0.280347 5.94487e-07 
0.0262189 0.000918717 3.84045e-07 0.0331012 0.126755 0.130835 0.0178739 0.0696408 0.00216494 0.000695162 0.25796 1.93926e-06 0.0995997 4.92261e-07 1.30755e-09 1.23644e-06 0.0596194 0.00537886 0.0188929 0.0503128 6.98918e-08 0.0630717 0.0258346 0.00670714 0.00441511 
0.00257977 2.23816e-06 3.90703e-11 0.000894735 0.0644575 0.0269143 0.00192986 0.0073516 0.00180389 1.44159e-05 0.86467 1.15407e-09 0.000102699 5.20571e-05 0.000103081 2.76587e-06 0.00630073 4.92347e-05 0.000247319 0.00403882 1.22502e-08 0.00558012 0.0127064 0.000188378 1.02052e-05 
0.173069 3.24877e-05 0.0103451 0.0238525 0.0215606 0.0254887 0.0010398 0.0165842 0.00396915 0.00211579 0.400562 4.44799e-06 0.0673951 0.000770535 7.6551e-05 1.09053e-06 0.00876722 7.05571e-05 0.0017074 0.130576 1.20322e-06 0.05272 0.0531792 0.00451418 0.00159731 
0.0221789 1.94777e-07 2.36479e-07 0.000944374 0.114931 0.00571884 0.00604701 0.0144089 0.0161394 0.0712163 0.541131 3.65201e-05 0.00813125 2.08554e-05 0.00388343 0.00026765 0.00599188 0.000465819 0.0182077 0.00134131 0.000412563 0.000296318 0.00472104 0.158648 0.00485945 
0.0463567 0.000121754 3.8527e-07 0.0209028 0.0628206 0.104139 0.0185909 0.00917497 0.0164822 2.29336e-05 0.401816 6.08551e-06 0.000724675 0.000302059 0.00593031 5.12636e-05 0.00736925 0.00757146 0.00174767 0.170708 1.03596e-05 0.0123298 0.00404188 0.108524 0.000253461 
0.00119432 0.000176223 0.000427488 0.000136869 0.19599 0.165862 0.00804802 0.0437787 0.00246298 8.33022e-05 0.481987 1.18479e-05 0.00173304 2.83668e-06 0.000313382 1.82428e-05 0.0074541 0.0124704 0.00386538 0.000882849 2.07346e-10 0.00653286 0.0585047 0.00761933 0.000445104 
7.91125e-05 4.56547e-08 3.34376e-11 8.84585e-05 0.090925 0.0390547 0.000763662 0.0020997 0.00192008 8.10788e-12 0.844081 5.4176e-12 2.36716e-05 6.01558e-08 4.11209e-08 6.45802e-08 0.0123867 3.46694e-08 4.13586e-05 0.000695586 2.04881e-11 0.0046741 0.00316681 4.93426e-12 1.9161e-11 
0.0245602 4.11637e-07 4.99768e-07 0.00969413 0.12889 0.0350375 0.0157296 0.110407 0.0356751 0.00107696 0.410363 8.09729e-08 0.0418677 0.000161947 0.0100882 6.67428e-07 0.00559804 0.00157991 0.00116466 0.0139377 1.29916e-05 0.00223629 0.128687 0.022828 0.000403338 
0.0260259 1.04079e-05 2.29683e-11 0.0099347 0.349428 0.000246521 0.000889293 0.0487698 0.0305463 0.00444943 0.458176 4.70787e-06 0.000323366 4.05474e-05 0.000195493 3.7431e-08 0.00182526 0.0383939 0.00262113 0.00340258 4.90506e-09 0.00193709 0.00815756 0.0139938 0.000627873 
0.0733135 2.84729e-08 2.77471e-10 0.0253352 0.0329887 0.230719 0.00128936 0.0259564 0.000281887 0.000214271 0.28241 1.73253e-07 0.00485184 0.00087362 3.00442e-05 8.91016e-06 0.0390935 0.00142668 0.0011517 0.0509795 3.1652e-08 0.00359232 0.223791 0.00169097 1.67822e-06 
0.0447015 1.38436e-07 4.13205e-06 0.073578 0.0737452 0.286343 5.35561e-08 0.00889589 0.00282982 0.000379035 0.332282 1.81257e-07 0.00141093 2.78586e-05 0.00724633 1.07203e-07 0.0211412 7.86071e-08 0.00524376 0.0591423 3.93118e-08 0.0593066 0.0222136 0.00150879 6.43172e-11 
0.0118788 0.000877015 0.00652921 0.0379806 0.0413757 0.00630851 0.00178764 0.0321738 0.0163684 0.00578145 0.644251 0.000105088 0.00962377 0.00315095 0.00181764 2.08693e-06 0.0361398 0.00275945 0.00238293 0.0298125 0.0115076 0.00397953 0.0194798 0.0738967 2.99671e-05 
0.0335093 5.15233e-07 7.46452e-10 0.00652847 0.00520228 5.8166e-07 1.09741e-06 0.00805421 0.0126218 0.000174272 0.904294 4.95201e-09 2.51368e-05 1.95962e-05 0.000319047 9.96868e-10 0.000652147 1.48683e-05 0.000636891 0.000616067 2.85113e-07 0.0102807 0.0138109 0.00320415 3.34672e-05 
6.24385e-05 2.64028e-06 3.20556e-06 8.8335e-05 3.74944e-05 0.00135136 0.0510696 6.31383e-05 0.00680613 7.77276e-07 0.792094 5.19368e-07 1.46238e-05 0.142777 2.6439e-06 4.28094e-06 9.82023e-07 4.6165e-06 0.0015574 6.79242e-05 3.34891e-06 0.00345884 4.96535e-05 0.000276043 0.000203007 
6.67081e-05 2.86371e-06 3.47682e-06 3.95901e-07 0.000408242 0.00320929 8.07201e-07 0.00188007 8.8168e-07 0.000424804 0.688187 5.63318e-07 6.83211e-05 0.000360689 0.00148736 2.69142e-05 0.000389429 3.47824e-07 5.44033e-07 0.00220296 2.13034e-06 0.0345382 0.229726 0.0310028 0.00600943 
0.0419766 0.00018917 0.000181665 0.103252 0.00978778 0.175498 0.0208433 0.0607956 0.000584179 0.00331252 0.229512 0.000133748 0.0723179 1.38005e-05 0.000143043 1.05686e-05 0.00688263 4.65465e-05 0.0268157 0.134954 5.96028e-07 0.0670727 0.0354718 0.00982549 0.000378633 
0.0269149 5.55089e-05 2.91693e-07 0.0027529 0.0888911 0.0807028 0.00028891 0.00355901 0.0248592 0.00012641 0.643552 8.98911e-05 0.00169498 4.7926e-05 1.28606e-05 4.29955e-05 0.091798 4.99288e-05 0.00310434 0.00963176 0.00127231 0.0158247 0.00434604 0.000292985 8.78497e-05 
0.00320772 0.00083891 2.99402e-10 0.0387919 0.0368509 0.00050501 0.00175939 0.00588883 0.00441466 0.0426989 0.626243 0.000250565 0.00789159 0.000614266 0.00808351 6.64948e-08 0.0141428 2.41074e-07 0.00023664 0.00422411 3.90055e-05 1.4411e-06 0.0261517 0.177045 0.000119889 
0.0633772 5.08031e-05 0.000154269 0.0211763 0.20146 0.00742255 0.0038094 0.024461 0.0430112 0.00214784 0.360276 0.000105591 0.0269415 0.000280741 0.00514943 3.6076e-06 5.1237e-07 0.000831193 0.0120468 0.0771448 3.46836e-05 0.0278594 0.0231603 0.0981052 0.000989837 
0.00113355 0.000675167 0.00606535 0.0439809 0.100062 0.298345 0.00083469 0.0619741 0.00146253 0.00204769 0.321141 3.8394e-10 0.0033043 0.000412032 1.44508e-09 2.44876e-05 0.0216771 0.00662552 0.000945913 0.0201455 1.45198e-09 0.0137747 0.0898177 0.00555062 1.35792e-09 
0.0325433 6.38643e-07 4.03671e-06 0.000254578 0.0212123 0.000107778 0.0270349 0.00656112 1.96626e-07 6.52896e-05 0.786431 1.47886e-05 0.000847163 0.0135666 4.64634e-05 0.00321652 0.00659212 0.000805287 1.69477e-06 7.3603e-05 0.000267549 0.0115072 0.00138221 0.0682616 0.0192017 
0.181876 0.000226786 0.00045599 0.0230854 0.00960916 0.0220796 0.000180663 0.0178048 0.000305286 0.153245 0.207278 5.71796e-05 0.084044 0.000176066 8.87249e-05 0.00775103 0.0347463 0.000139343 0.0607788 0.008322 2.34847e-06 0.0505592 0.0390026 0.0250703 0.0731151 
0.0813973 4.46229e-05 1.96516e-05 0.00373711 0.116602 0.00269564 0.000994995 0.0157582 0.000141841 0.00558998 0.320171 0.000300964 0.209611 0.000827485 0.000631986 5.45891e-07 0.0155071 0.0253832 0.000345601 0.0124394 5.24627e-05 0.000640897 0.0200516 0.16704 1.54538e-05 
0.0092726 0.000263826 0.0258039 0.00302685 0.19688 0.0421329 0.018646 0.0414695 0.00242058 0.00230743 0.461289 0.000371758 0.0100745 0.000628221 0.00257877 5.41072e-05 0.0496461 0.00412812 0.0122214 0.0276721 0.00127091 0.0562365 0.027028 0.00432186 0.000255013 
0.000819252 1.3078e-05 0.00111303 0.00645808 0.0225893 0.0135266 0.000738061 0.00119651 0.000650766 0.000572206 0.628579 0.204198 0.0437189 0.000154064 1.65958e-05 5.05567e-06 0.000780519 4.3797e-05 0.00332434 0.0443666 1.31625e-06 0.0239477 0.0016682 0.00150544 1.32361e-05 
0.0670754 0.00794315 9.68297e-06 0.00530672 0.115858 0.00471846 0.00455862 0.0210237 0.00284375 0.0146021 0.619573 0.000248559 0.00285186 0.000236716 0.00137294 0.0138217 0.00611316 0.0325253 0.0044578 0.00366827 0.000115207 0.00593095 0.0238555 0.0398655 0.00142384 
0.0477971 5.5357e-07 0.209545 0.00962608 0.129144 3.95354e-06 0.000351364 0.0943573 4.42586e-07 0.00402967 0.210604 2.02148e-07 2.71364e-10 1.07732e-09 0.000690071 1.16473e-05 0.02483 2.98141e-05 2.30007e-07 5.63551e-07 6.64734e-07 0.117475 0.0444685 0.107035 7.47038e-10 
0.0049531 2.10752e-07 7.7018e-05 0.00199584 0.0018539 2.30257e-08 0.000190156 0.0053993 0.00025961 0.00153254 0.94358 0.000543126 0.00105997 2.13565e-05 0.00433795 0.000376225 0.00984052 0.000232965 0.00794751 0.00012194 1.5678e-07 0.000388888 0.011716 0.00357197 1.46625e-07 
0.0984176 4.48446e-05 6.16547e-08 0.00533128 0.00457952 0.0077163 0.00215198 0.00482296 0.00077881 0.00257866 0.787407 1.45012e-06 0.00243144 0.00598171 0.00122345 8.37292e-05 0.00287526 0.00192186 0.00379146 0.020245 2.24679e-07 0.0037347 0.0260816 0.0138847 0.00391469 
0.207339 6.91977e-05 3.24397e-06 0.111225 0.033394 0.000278958 0.00550968 0.0108173 0.00213879 0.00437043 0.244826 9.03646e-05 0.0671278 0.000235607 0.00282231 0.000112089 0.0482501 0.00684498 0.00401976 0.112312 4.23119e-05 0.0160031 0.0950837 0.0117525 0.0153318 
8.55349e-07 3.96305e-08 4.81153e-08 4.39335e-07 4.85699e-06 2.52556e-06 1.29677e-06 1.74579e-06 3.79328e-06 1.16669e-08 0.999021 3.15471e-06 0.00075577 3.9762e-08 2.93415e-08 6.42568e-08 0.000105315 1.44105e-05 1.34697e-06 2.04642e-06 2.31812e-07 6.77047e-09 7.3703e-05 3.27189e-06 4.06487e-06 
0.00360297 0.000120614 4.35827e-05 0.0073404 0.159144 0.033135 0.00215346 0.0318963 0.00414681 0.0035077 0.627587 8.26318e-05 0.01026 1.69642e-06 0.0065109 3.67741e-05 0.00228165 0.00113184 0.000440652 0.041771 3.14027e-05 0.0219493 0.0201848 0.0202106 0.00242793 
3.69098e-06 7.92186e-08 9.61791e-08 1.09518e-08 0.0715079 9.54906e-06 0.00732373 0.0222452 3.86203e-06 2.33213e-08 0.816179 1.5583e-08 0.0444084 0.0173804 5.86516e-08 0.000141069 9.95722e-06 0.00143457 1.50496e-08 0.0193171 5.89316e-08 2.21576e-05 3.65399e-06 9.25269e-06 5.51143e-08 
0.0622651 3.79818e-05 0.00257383 0.0428263 0.0290789 0.000207616 1.09191e-05 0.0100659 2.93118e-07 0.0309745 0.705867 4.73615e-05 0.0459541 1.7636e-05 7.04876e-07 1.54365e-06 0.023379 1.15635e-07 0.00135275 0.0274154 7.0824e-07 0.00171499 0.0048643 0.0096689 0.00167419 
0.0102614 0.00947607 2.07564e-05 0.0677737 0.164718 0.16607 0.00267047 0.0224636 0.00615506 0.0182982 0.212182 1.36362e-07 0.019537 5.22523e-06 0.000638423 8.58997e-05 0.0683535 0.000489324 0.00445819 0.0865219 0.00123505 0.0264218 0.0996734 0.0124406 5.07259e-05 
0.00320772 0.00083891 2.99402e-10 0.0387919 0.0368509 0.00050501 0.00175939 0.00588883 0.00441466 0.0426989 0.626243 0.000250565 0.00789159 0.000614266 0.00808351 6.64948e-08 0.0141428 2.41074e-07 0.00023664 0.00422411 3.90055e-05 1.4411e-06 0.0261517 0.177045 0.000119889 
0.00320772 0.00083891 2.99402e-10 0.0387919 0.0368509 0.00050501 0.00175939 0.00588883 0.00441466 0.0426989 0.626243 0.000250565 0.00789159 0.000614266 0.00808351 6.64948e-08 0.0141428 2.41074e-07 0.00023664 0.00422411 3.90055e-05 1.4411e-06 0.0261517 0.177045 0.000119889 
0.289735 3.04122e-05 1.45882e-09 0.0208462 0.00482163 0.00129975 0.000113753 0.000348173 6.72049e-07 0.00599839 0.629358 0.00288985 0.000847847 2.15916e-06 3.57643e-05 2.51338e-07 0.000797131 0.00028856 0.000518497 0.0127351 0.00163141 0.00310211 0.0014533 0.0225563 0.000589366 
0.0660462 2.10827e-06 6.20248e-10 0.0023978 0.0738092 0.221793 0.00131022 0.0301866 0.000165449 0.00575168 0.261465 4.72088e-06 0.0301476 1.45869e-07 0.000510572 7.24595e-05 0.0298118 0.00111809 0.00728204 0.04026 2.34905e-08 0.0155251 0.150995 0.0557327 0.00561192 
0.0124178 7.49924e-05 0.00624298 0.0135261 0.0517717 0.034328 0.00060598 0.0193487 0.00295856 0.000216509 0.729299 1.17268e-05 0.0604947 4.71792e-05 0.000382975 4.46899e-06 0.0135093 0.00671092 0.00174943 0.0170396 3.49294e-06 0.019898 0.00737085 0.00189857 8.86562e-05 
0.0316545 0.000678491 4.86975e-05 0.0542909 0.139612 0.168702 0.00113884 0.123756 0.0221531 0.0046509 0.177518 1.2601e-05 0.00301817 0.00456459 0.00174526 1.59272e-05 0.0425496 0.0176551 0.00726161 0.0410065 5.91198e-06 0.0491425 0.0919075 0.0164569 0.000453805 
