0.00506693 0.115577 5.63274e-11 0.000557146 0.0367472 0.000269123 0.00412414 0.00763852 0.00164373 0.000806898 2.41666e-11 2.89316e-07 2.48905e-08 8.23657e-05 0.000148175 1.53305e-07 6.05878e-09 0.00586239 8.2296e-08 1.11802e-11 2.73923e-07 0.000124009 0.00864 0.809841 0.00286985 
0.0015869 4.16829e-07 5.16817e-10 0.00448946 0.0672747 0.00413494 0.0469221 0.0253277 0.0540224 0.00408739 2.14417e-07 4.54159e-05 4.7919e-05 0.000262344 0.0836603 3.88545e-07 6.80729e-07 0.0162145 5.64816e-07 8.47704e-07 2.0089e-08 0.00730084 0.230257 0.451902 0.00246118 
0.00572662 2.03902e-07 2.47557e-07 0.00500076 0.00638457 0.00238146 0.00229904 0.0129182 0.00303849 0.00934629 1.06212e-07 0.000738055 0.00149445 0.000184325 0.823379 0.00264518 0.0207995 0.00129032 0.0147469 0.00634358 0.00257879 0.00864601 0.020217 0.0484366 0.00140455 
0.204827 0.00169857 0.000729348 0.0288161 0.00531973 0.075124 0.00188579 0.0191663 0.000547886 0.262448 0.00040143 0.00398617 0.00216932 0.000619778 0.00102333 3.68102e-05 0.0915285 0.00290128 0.0490455 0.0062483 4.82924e-05 0.0390832 0.183385 0.0178956 0.00106498 
5.82915e-08 1.89623e-11 2.3022e-11 0.000820304 0.719009 9.64949e-05 0.150847 0.000686994 2.5046e-07 4.28728e-07 9.87735e-12 5.67383e-05 1.92173e-07 6.08997e-08 0.124688 3.07454e-11 4.76493e-08 0.000414915 0.000755303 4.56957e-12 1.97628e-08 0.00214958 1.18593e-07 0.000474543 1.31925e-11 
0.00179961 2.56375e-08 1.50305e-11 0.000488319 0.0287093 0.00167837 0.00146259 0.000604817 0.00520573 0.92344 9.18962e-09 0.0164992 2.43242e-05 0.00179317 0.000500502 1.70397e-05 3.81273e-07 0.010579 6.6059e-07 0.000693707 1.27838e-09 0.000747054 1.1867e-07 0.00533787 0.000418317 
0.00010776 6.65969e-08 8.08551e-08 0.000637124 0.887839 0.000173733 0.0534323 0.000511116 0.000463006 0.00079255 3.469e-08 9.43475e-05 0.000355256 0.00011261 0.052831 1.0798e-07 7.92864e-05 0.000261466 0.000576895 1.60487e-08 3.65566e-05 0.00112644 0.00021923 0.000350023 4.63331e-08 
0.0323559 3.94236e-06 5.38082e-10 0.0250211 0.00270732 0.0233422 0.000650606 0.204078 0.00013428 0.00532826 2.30858e-10 1.8678e-05 0.000287673 4.06809e-06 4.15465e-06 1.34854e-06 0.0136184 6.57592e-07 0.0112541 0.000150238 1.31441e-06 0.0139327 0.638188 0.0288827 3.42922e-05 
0.000101147 8.55914e-08 3.92929e-12 0.000269097 9.02977e-05 1.40436e-05 3.39154e-07 2.50202e-05 1.12269e-05 9.55878e-05 1.68582e-12 0.000168879 8.17912e-13 3.24712e-12 2.39614e-12 1.33804e-07 2.51897e-07 4.13805e-05 0.00326721 3.34593e-09 7.88714e-07 0.000237439 7.00758e-06 8.30386e-05 0.995587 
0.0114407 0.00209446 7.95967e-11 0.000543901 1.64222e-08 7.16281e-12 1.19982e-06 0.000228971 5.95488e-08 0.000176937 3.41501e-11 0.0306996 2.26365e-07 6.5778e-11 1.05781e-07 1.98873e-07 0.0003509 1.58025e-07 0.000408965 2.84007e-08 0.000967767 0.000220703 4.96359e-05 0.952815 4.5612e-11 
0.0107849 3.4975e-05 2.67011e-09 0.0104091 0.127694 0.0081665 8.40635e-05 0.00182341 0.000442061 0.718343 6.59881e-06 4.61098e-05 1.25433e-05 4.00791e-05 0.0474705 7.6743e-09 0.00308504 0.00738728 0.000446005 0.0104855 2.67592e-05 8.04226e-06 0.0217433 0.0279775 0.00348288 
0.00179961 2.56375e-08 1.50305e-11 0.000488319 0.0287093 0.00167837 0.00146259 0.000604817 0.00520573 0.92344 9.18962e-09 0.0164992 2.43242e-05 0.00179317 0.000500502 1.70397e-05 3.81273e-07 0.010579 6.6059e-07 0.000693707 1.27838e-09 0.000747054 1.1867e-07 0.00533787 0.000418317 
0.162041 5.80472e-06 4.98906e-07 0.00753588 0.0131529 0.0415024 0.00232209 0.00325759 0.00027319 0.00181901 3.0244e-08 1.08294e-05 0.00254082 4.18766e-05 2.68216e-06 3.47372e-08 0.346922 0.00301301 0.000738515 0.000172089 5.53613e-09 0.0573975 0.355305 0.00182392 0.000121304 
0.000115071 2.16681e-09 2.63072e-09 0.00107612 1.02472e-05 0.00623925 2.77895e-05 0.0342735 6.67119e-10 9.96281e-06 1.12868e-09 0.000108365 7.8379e-05 2.59508e-07 1.60425e-09 5.10569e-07 0.731878 7.38743e-08 0.0663134 5.22162e-10 1.87981e-06 0.0515613 0.0178626 0.0900007 0.000442145 
0.0866737 9.06498e-05 1.07717e-08 1.22656e-09 0.111891 2.18285e-05 0.00527025 1.02244e-05 2.49619e-05 0.0414208 4.62148e-09 0.000174143 2.24221e-09 0.00134712 6.56876e-09 0.000185502 0.301878 0.017399 5.87475e-06 2.76926e-06 2.87739e-05 0.372163 0.000526269 0.0608823 3.32518e-06 
0.00560586 2.71075e-08 8.30754e-11 0.000797017 0.00300218 0.13519 0.000664873 0.298618 0.000101826 0.0165705 3.49863e-09 2.47522e-05 5.43756e-05 6.50585e-06 1.01175e-06 3.28344e-07 0.00805484 1.60138e-07 0.0159061 7.87266e-07 3.20067e-07 0.0150395 0.251353 0.248941 6.59444e-05 
0.00184561 3.73393e-05 1.96744e-11 0.00675811 0.0360933 0.497531 0.00383545 0.0191936 0.00283412 0.00130043 6.42128e-09 4.27587e-07 6.97567e-05 1.62068e-07 0.000121296 1.39125e-06 2.35974e-05 0.0330647 0.00318784 0.0015889 7.22685e-07 0.0071334 0.375385 0.00994402 4.99469e-05 
0.021942 2.23147e-06 5.28318e-13 0.0013231 0.00508099 0.0133308 0.000388121 0.00280742 0.000203699 0.0189221 4.61629e-07 0.0132124 0.000700697 0.00102449 9.95792e-05 0.000734085 0.00364238 0.00100086 0.900558 0.00180494 1.96645e-07 0.00211319 0.0102156 0.000707735 0.000184954 
0.0142596 0.000550061 1.50996e-05 0.00578803 0.0435293 0.0407758 0.00299923 0.0179562 0.00184303 0.0634395 2.49906e-06 8.51996e-05 0.000941237 2.88032e-05 0.00262337 2.63989e-06 0.155773 0.00308081 0.0234671 3.3811e-06 5.06315e-05 0.069998 0.143092 0.397068 0.012628 
0.00107953 8.84445e-08 1.29358e-11 0.00368503 0.0302748 0.0363841 1.87163e-06 0.0145335 0.00909211 0.00228917 5.54996e-12 2.09587e-12 1.07172e-07 2.03217e-08 7.88846e-12 7.77568e-08 1.17104e-07 2.79141e-07 0.00404727 9.26922e-08 7.92612e-12 0.0048494 0.881061 0.0127018 7.48685e-10 
0.0576265 0.00792172 0.0105529 0.00852122 0.119288 0.0712936 0.00909005 0.0285896 0.00258098 0.246661 9.2748e-05 7.37676e-06 0.00369316 0.000251737 0.00172511 0.000441429 0.132877 0.0200459 0.00937411 0.0195112 0.0117027 0.0638272 0.123843 0.0334982 0.0169839 
2.61256e-05 1.1955e-09 1.45145e-09 7.86729e-06 0.451532 3.48754e-06 3.36979e-10 0.064693 0.0003034 4.90264e-05 6.2273e-10 1.45827e-06 9.00381e-06 1.19947e-09 1.66412e-05 6.01091e-06 2.16108e-10 7.26169e-07 0.180506 1.38e-05 8.89345e-10 0.00357121 1.47106e-05 0.299245 8.31739e-10 
0.0383275 1.61156e-05 6.17615e-11 0.00179306 0.00578689 0.0120604 0.000297431 0.00278723 5.2174e-05 0.0136009 2.19925e-08 0.00904795 0.0018428 0.000419017 0.00219966 0.0008833 0.0236776 0.00126658 0.849659 0.00260676 1.42982e-06 0.00570235 0.0269985 0.000939542 3.39933e-05 
0.0206764 0.000859918 2.08156e-08 0.134554 0.0239574 0.0413054 6.62034e-05 0.0467505 0.0052262 0.0179557 3.34774e-05 5.40976e-05 0.0609225 0.0302932 0.0054444 5.55682e-07 0.00151767 0.000461366 0.00238104 0.441847 0.0153333 0.00189783 0.0923646 0.0549598 0.00113802 
0.0963747 1.68658e-06 1.49984e-07 6.09026e-06 4.99434e-06 1.0062e-05 4.80503e-05 0.171448 7.10029e-06 4.02028e-06 7.14194e-11 0.000240556 5.92561e-07 1.37564e-10 4.53769e-06 1.75645e-06 5.03158e-07 1.57041e-06 0.0152285 0.00197757 1.01997e-10 9.243e-06 0.524347 0.18515 0.0051329 
0.0114407 0.00209446 7.95967e-11 0.000543901 1.64222e-08 7.16281e-12 1.19982e-06 0.000228971 5.95488e-08 0.000176937 3.41501e-11 0.0306996 2.26365e-07 6.5778e-11 1.05781e-07 1.98873e-07 0.0003509 1.58025e-07 0.000408965 2.84007e-08 0.000967767 0.000220703 4.96359e-05 0.952815 4.5612e-11 
0.0260363 0.00159547 9.68518e-08 0.000252139 0.0494945 0.0160992 0.000769363 0.00732973 0.00094688 0.209911 4.01471e-05 0.00286623 0.00339551 0.000132458 2.5168e-05 0.00130953 0.00914618 0.00603979 0.0435784 0.00259162 0.000229464 0.015956 0.0438214 0.0286153 0.529818 
0.02831 4.70858e-06 1.17085e-08 0.128486 1.53422e-05 1.05363e-09 0.00328842 1.97503e-06 2.96914e-09 0.019463 5.02341e-09 2.09213e-06 2.15091e-06 9.6758e-09 2.41267e-05 1.56364e-08 0.103587 7.65691e-09 0.000875319 1.57086e-05 2.08615e-05 0.000307723 0.0826291 0.632967 6.70943e-09 
0.00213833 2.71337e-10 7.67344e-06 0.00149082 0.00178229 0.000851966 5.38304e-05 0.00775 9.95879e-07 0.826949 9.24981e-08 0.00622778 0.000809347 9.81646e-06 0.0215813 0.000339071 0.0085529 0.000165846 0.0325859 0.0678344 1.29662e-08 0.00156644 0.01755 0.00127941 0.000472406 
0.00299666 0.000406453 1.23404e-09 9.03879e-05 0.821908 0.00396224 0.0368797 0.0229455 0.00605111 0.00423126 3.15369e-06 1.66695e-05 0.000118741 0.000857276 7.03201e-05 2.25286e-06 0.00116386 0.061427 0.000297288 0.00163966 4.81969e-05 0.000995545 0.00179238 0.0320791 1.70903e-05 
0.000774125 1.14207e-05 2.72859e-10 0.00202933 0.0802166 0.293642 0.0192307 0.0113065 0.00162911 0.000341311 2.85684e-07 1.83001e-05 3.22928e-05 9.09394e-07 0.000197943 1.22136e-05 0.000220621 0.326442 0.00025191 0.000166775 6.2418e-07 0.0118607 0.230586 0.02099 3.82379e-05 
0.0263159 2.75358e-05 1.55328e-05 0.0217512 0.0887437 0.0284424 0.112007 0.0249006 0.0657665 0.00727436 1.7415e-05 0.0820935 0.000179887 0.00484046 0.00159075 0.000181403 0.0799615 0.0428471 0.0897049 0.0339293 3.82716e-07 0.119844 0.110804 0.0578512 0.000908453 
0.0305835 0.000454846 4.00206e-12 0.000105585 0.000771704 0.0346483 0.000138155 0.00820447 2.97301e-09 0.00561858 3.08804e-09 0.000136186 0.000157022 3.59659e-08 4.33661e-05 4.4231e-05 0.357688 6.58743e-05 0.206102 4.25015e-05 0.000289105 0.104941 0.196373 0.0530538 0.000539663 
4.07627e-07 6.4355e-10 7.81333e-10 0.0241597 0.367231 0.00731186 0.00113293 0.0116821 0.194678 0.00233642 3.35222e-10 1.72986e-05 0.00095405 6.45686e-10 3.68201e-07 0.00207225 0.00028079 0.0399819 0.00137025 0.0255572 5.6249e-08 0.000295529 0.0338065 0.28672 0.000411342 
0.0302156 3.83633e-05 9.42837e-11 0.0350742 0.0836872 0.0144276 0.00140665 0.0342456 0.0188492 0.473431 2.61773e-05 0.00645491 0.000260273 0.000355855 0.00099634 0.0030534 0.0546414 0.0359271 0.110688 0.0225764 1.30691e-06 0.0110524 0.051689 0.0107189 0.000183814 
3.14482e-06 3.56952e-11 4.33375e-11 7.50092e-07 5.90351e-06 5.83815e-07 1.01421e-06 0.00507654 3.71468e-07 0.135692 1.85935e-11 0.00411862 1.15109e-06 4.08311e-07 2.64279e-11 0.115622 2.06488e-07 6.26053e-07 0.731115 4.14183e-06 9.03101e-08 2.98207e-07 0.00581585 0.00254081 4.22204e-07 
0.00247743 4.89252e-05 2.63805e-11 0.00168117 0.339027 0.0127804 0.031889 0.000808507 0.00174624 0.358483 7.28318e-09 0.000813851 0.00103633 5.70501e-06 0.000577584 1.61403e-07 0.00185532 0.0696852 0.000119005 3.17818e-05 1.86564e-05 0.0551246 0.0554753 0.0661547 0.000160118 
0.0294147 5.3859e-09 2.93944e-12 0.000715281 0.00342386 1.12608e-08 2.26638e-08 0.000189536 0.000166993 0.00192649 1.26113e-12 8.35588e-05 8.1279e-08 3.35366e-09 1.79252e-12 7.97446e-10 8.40236e-07 0.000548313 0.01648 5.58272e-08 1.19407e-09 0.00347452 0.00261325 0.000458664 0.940504 
0.00976523 4.43157e-05 1.991e-10 0.00767103 0.0849068 0.00496655 0.00179539 0.198408 0.00142161 3.28187e-07 8.54218e-11 0.000638107 4.42436e-05 0.0011261 0.0102927 1.89035e-07 1.54538e-06 0.0107409 0.00447679 3.54247e-07 0.275494 0.00433446 0.00596073 0.372619 0.00529108 
0.105353 0.000785833 9.932e-05 0.0187493 0.0119978 0.00471365 0.00212844 0.0107724 0.0276866 0.00200294 8.56774e-07 6.0856e-06 9.84027e-05 1.54025e-07 6.84182e-07 7.21867e-05 0.000591946 0.00119109 0.00138549 0.00179567 7.10575e-06 0.00910978 0.767736 0.0334182 0.000297429 
0.000428519 0.00278798 3.85604e-05 0.828593 5.22758e-05 0.0679913 3.6493e-05 0.00970334 6.13799e-06 0.00179343 1.13656e-08 4.29208e-09 0.000133219 8.139e-06 1.61546e-08 3.53779e-08 4.10653e-05 9.22434e-06 0.000190468 0.00022526 1.62317e-08 0.0179445 0.0647858 0.00523092 1.51803e-08 
0.0147928 0.0958686 4.82947e-05 0.00208204 0.0650179 0.0440222 0.000147176 0.0203175 7.32315e-06 0.00518679 3.56557e-06 0.00383267 0.0557775 2.42379e-05 6.42515e-06 2.95534e-08 0.00582747 6.19958e-05 0.00508984 0.00782768 2.63657e-05 4.75189e-05 0.0171187 0.656865 1.26811e-08 
0.0319219 0.000262737 1.54516e-05 0.00302769 0.100993 0.0442214 0.00375396 0.235161 0.117117 2.46071e-06 4.00303e-10 0.000462116 0.000150769 2.41909e-07 4.22671e-06 7.02684e-07 5.66185e-08 0.000277086 0.0229117 1.79999e-06 1.25726e-07 0.0624485 0.0769621 0.300303 6.52657e-07 
0.0686228 4.23112e-05 9.39466e-11 0.00326948 0.0343551 0.0012195 0.00803643 0.062706 0.00902612 0.0320872 1.23657e-06 0.0083137 0.00661808 0.00034926 0.0102351 0.000283511 0.023449 0.00197698 0.613663 0.00669786 3.02785e-05 0.00616747 0.0555699 0.0472393 4.02112e-05 
0.00673599 0.00163362 0.0120791 0.00111144 0.0352645 0.00358458 0.00140583 0.00611118 0.00226769 0.00042111 2.44176e-06 0.000138315 8.82431e-06 7.79982e-08 0.000709047 0.000104823 1.64413e-05 0.0116427 0.000282809 3.99318e-05 0.000122424 0.00922802 0.054415 0.852548 0.000125719 
0.00814085 1.29018e-05 0.925468 0.00131956 0.00988413 0.00215363 0.000619181 0.0041279 0.000772692 0.000414 7.84333e-12 1.44276e-06 1.41893e-05 1.80942e-08 0.000149696 5.26143e-08 1.42504e-06 1.5283e-05 0.000665349 0.000114644 3.52163e-07 0.00358133 0.0378595 0.00457182 0.000112349 
0.0368748 1.35641e-05 7.36843e-07 0.00705702 0.0407983 0.00560907 0.00254833 0.0094908 0.0027619 0.0232555 1.61897e-05 0.00028416 0.000893308 1.7194e-05 0.000120057 3.2986e-05 0.00418833 0.0158166 0.0660609 1.80048e-05 7.33231e-05 0.000393522 0.294631 0.486563 0.00248118 
3.14482e-06 3.56952e-11 4.33375e-11 7.50092e-07 5.90351e-06 5.83815e-07 1.01421e-06 0.00507654 3.71468e-07 0.135692 1.85935e-11 0.00411862 1.15109e-06 4.08311e-07 2.64279e-11 0.115622 2.06488e-07 6.26053e-07 0.731115 4.14183e-06 9.03101e-08 2.98207e-07 0.00581585 0.00254081 4.22204e-07 
0.00459005 0.00206802 0.0030948 0.00152602 0.0606159 0.0174555 0.820503 0.00817818 0.00434279 0.000271652 1.65391e-05 2.17571e-05 0.000105641 5.53181e-07 0.000175102 3.77035e-05 0.00153038 0.0297763 0.000746804 0.0010381 2.35927e-06 0.0036463 0.0366798 0.00283612 0.000741069 
0.0108732 3.62746e-05 3.33074e-08 0.00235925 0.030901 0.0131076 0.0183762 0.0338794 0.00183795 0.00231855 6.6026e-07 0.00143581 0.000508957 4.44557e-05 0.00219768 4.51371e-06 0.0342383 0.0736578 0.00160129 4.26962e-05 0.0156322 0.0155462 0.174864 0.566489 4.66736e-05 
0.000902029 0.0084728 3.09764e-06 0.0244341 0.152198 0.0512426 0.00349866 0.0436472 0.0122688 0.00388842 1.48774e-07 2.85356e-05 5.85724e-06 1.39976e-10 0.00327251 1.3447e-07 0.000155998 0.00063116 0.00921895 0.000104403 7.49762e-05 0.0141968 0.15219 0.519491 7.3828e-05 
0.154112 6.61416e-06 2.05702e-11 0.0223243 0.0504995 0.063063 0.000517759 0.00324847 8.1281e-05 0.0161853 4.27454e-08 6.6723e-06 0.00180128 9.6953e-07 0.00130031 0.000750247 0.0264643 0.0272158 0.181583 0.0964434 8.56462e-06 0.018244 0.335575 0.000558647 9.64899e-06 
0.000198356 5.2103e-06 6.32581e-06 0.000709871 0.00998734 0.0182456 0.000601188 0.0583934 0.000682274 0.000114403 2.71402e-06 5.1356e-06 7.76574e-05 8.08175e-06 3.803e-05 3.58815e-05 6.23118e-05 0.788597 0.000174247 9.59951e-06 1.09968e-05 0.00872823 0.112832 0.000470758 3.62493e-06 
0.00365151 0.000624297 1.07709e-07 0.000451693 0.0548106 0.00454493 0.00524519 0.00105444 0.0005373 0.0303212 1.41734e-06 0.000108087 1.78141e-05 1.45088e-05 0.00078218 4.68711e-06 0.000626612 0.0174607 0.000344327 3.84444e-05 0.00200445 0.000394324 0.00591679 0.870619 0.000425575 
0.00179961 2.56375e-08 1.50305e-11 0.000488319 0.0287093 0.00167837 0.00146259 0.000604817 0.00520573 0.92344 9.18962e-09 0.0164992 2.43242e-05 0.00179317 0.000500502 1.70397e-05 3.81273e-07 0.010579 6.6059e-07 0.000693707 1.27838e-09 0.000747054 1.1867e-07 0.00533787 0.000418317 
0.0293601 1.79718e-12 2.18195e-12 0.000625026 0.0304592 0.00167589 0.039212 0.00630044 0.000782046 0.0835127 4.74171e-09 0.0189193 0.000395566 0.00608537 0.000181017 3.44918e-05 0.0112571 0.0136415 0.737984 0.000317781 6.09042e-07 0.00397858 0.00823696 0.00687578 0.000164746 
0.266163 5.72475e-09 2.63092e-06 7.91434e-10 0.000498933 6.25458e-10 1.01143e-05 8.26452e-06 0.159658 3.04142e-05 2.98199e-09 0.000391096 0.0245111 3.73524e-06 6.88449e-06 9.28209e-09 9.06492e-06 2.15323e-06 0.0901491 5.31378e-06 4.19223e-07 1.16522e-06 0.314745 0.143791 1.35368e-05 
0.0290673 1.43069e-05 2.20254e-12 0.00112048 0.0056228 0.0185232 0.000346178 0.00361847 0.000201526 0.0130419 6.18471e-06 0.00796649 0.000674851 0.000597731 0.00100974 0.000724042 0.00826066 0.000670502 0.871202 0.00172015 1.65142e-06 0.00764363 0.0270609 0.000784515 0.000120875 
0.0355354 0.00146429 3.2293e-10 0.00231905 0.320287 0.0724346 0.0909067 0.00469189 0.0126605 0.00418397 1.3855e-10 5.23215e-11 0.00611737 2.66866e-10 0.0233501 4.31265e-10 3.18312e-06 0.00265135 8.21145e-07 1.68019e-06 1.97868e-10 0.0120724 0.382429 0.0220898 0.00680074 
0.39556 0.177133 4.04201e-09 0.00654839 0.00201529 0.000290803 9.57602e-06 0.000923769 2.31942e-05 0.290357 6.55782e-07 0.0187856 0.000588339 7.59252e-06 7.09018e-07 2.54801e-06 0.0450534 1.85081e-05 0.00229066 0.00277014 0.00143256 0.00287712 0.0408984 0.0123861 2.5995e-05 
0.00766118 9.43501e-06 3.41356e-10 0.00793511 0.0243528 0.0245033 0.0972243 0.0245644 0.00702181 0.000872614 6.96433e-10 1.71102e-06 3.32306e-05 1.45317e-09 1.03209e-08 8.45902e-07 0.000461016 0.0120822 0.00415438 1.33483e-05 3.70078e-13 0.0111542 0.766403 0.0115088 4.2163e-05 
0.00282706 3.25935e-06 1.37011e-12 0.0011929 0.00203823 0.00500616 0.000129432 0.00557836 0.0003827 0.00132988 1.49031e-06 1.76528e-05 0.000241341 3.68562e-10 7.7384e-05 5.18189e-05 0.114638 0.000438879 0.0305764 7.43573e-06 1.39073e-05 0.484974 0.340539 0.00981293 0.000120802 
0.00212877 3.26881e-06 1.02548e-08 0.000275249 7.35953e-05 0.000145743 0.000137136 0.0449499 9.05403e-06 7.56572e-06 9.08221e-07 7.55861e-07 0.00117505 1.90379e-06 0.00267036 3.00853e-06 0.00563097 0.000119617 7.86755e-06 5.46478e-06 0.000135403 0.0125708 0.0313206 0.898624 2.79989e-06 
1.20226e-05 1.08023e-09 9.85277e-12 6.6419e-05 0.000100521 9.8969e-05 5.98715e-06 0.000211318 0.000610045 3.89013e-06 4.22722e-12 3.6863e-05 2.05093e-12 8.14224e-12 4.04156e-06 1.6634e-06 3.0557e-06 4.94156e-05 0.00609905 1.95564e-12 1.83086e-08 0.00119328 4.74801e-05 0.000156382 0.9913 
0.000503493 1.4906e-08 1.8129e-11 0.00135217 0.598601 0.0129842 0.133209 0.000417038 0.00907749 0.133872 4.13579e-09 0.000334952 1.65953e-05 8.67146e-09 0.000577606 1.50329e-07 9.04711e-05 0.096881 3.59289e-08 3.17505e-05 2.24564e-09 0.000175125 0.00785292 0.00361912 0.000404424 
0.27652 3.69618e-07 1.28178e-10 0.0581274 0.0308093 5.27937e-06 2.42535e-06 0.0242476 1.22869e-06 2.88116e-06 5.49932e-11 0.000458119 9.36538e-07 1.05925e-10 4.69066e-07 5.15247e-08 0.169657 0.00664699 7.07395e-06 3.33309e-07 9.66095e-07 2.82271e-06 0.153726 0.279782 5.95025e-07 
0.00677858 0.0270785 1.25201e-07 0.00174571 0.13276 0.0170516 0.0750213 0.155308 0.0425869 0.00143356 7.45777e-06 5.97653e-05 4.4587e-05 1.8022e-05 0.00097254 0.000123578 0.000104567 0.0226449 0.00513276 3.15649e-06 3.29161e-05 0.0179288 0.104102 0.387763 0.00129771 
5.82915e-08 1.89623e-11 2.3022e-11 0.000820304 0.719009 9.64949e-05 0.150847 0.000686994 2.5046e-07 4.28728e-07 9.87735e-12 5.67383e-05 1.92173e-07 6.08997e-08 0.124688 3.07454e-11 4.76493e-08 0.000414915 0.000755303 4.56957e-12 1.97628e-08 0.00214958 1.18593e-07 0.000474543 1.31925e-11 
0.0513476 0.000202391 6.58941e-12 0.00164215 0.107936 0.302504 0.0173557 0.019474 0.00148623 0.043858 8.19564e-06 0.00264283 0.00338447 0.000946051 0.000399831 1.68341e-05 0.0786365 0.0765338 0.0596569 0.00222501 4.41376e-07 0.0267924 0.180292 0.0189352 0.00372389 
0.0114407 0.00209446 7.95967e-11 0.000543901 1.64222e-08 7.16281e-12 1.19982e-06 0.000228971 5.95488e-08 0.000176937 3.41501e-11 0.0306996 2.26365e-07 6.5778e-11 1.05781e-07 1.98873e-07 0.0003509 1.58025e-07 0.000408965 2.84007e-08 0.000967767 0.000220703 4.96359e-05 0.952815 4.5612e-11 
0.005368 0.030858 8.75314e-05 0.00323257 0.118466 0.00078721 0.000582032 0.226819 8.0803e-07 0.000139454 4.96357e-07 4.50274e-05 0.000323744 6.12631e-07 0.00859125 4.48755e-07 0.0041192 0.0074293 0.000995967 5.76358e-05 0.000635373 3.24957e-06 0.106443 0.485014 3.98729e-07 
0.0958747 0.00820937 5.09977e-05 0.0273591 0.013947 0.0189795 0.00150219 0.0632002 0.00119071 0.000590168 4.02222e-05 4.10238e-06 0.0101603 6.27415e-05 5.17439e-05 0.000119364 0.013927 0.00868058 0.0117089 0.00410967 1.89331e-06 0.174004 0.403165 0.139241 0.00381866 
0.00680569 2.64703e-12 3.21375e-12 0.000567798 3.06855e-08 2.89201e-13 7.08496e-05 0.00222585 2.28199e-08 0.0048694 1.37882e-12 4.82169e-08 0.000262923 3.98398e-08 2.05798e-08 6.13782e-08 8.03919e-09 2.68277e-05 0.98262 6.37887e-13 4.92484e-09 0.000254344 0.00229548 1.07274e-07 1.06999e-07 
0.00430174 7.91291e-06 1.12802e-12 0.00123077 0.00240111 0.00348804 0.000146303 0.00225166 2.93857e-05 0.095897 5.48973e-10 0.228139 0.000289857 3.17642e-05 1.72836e-09 0.000861678 0.000448355 6.53912e-05 0.646709 0.00164547 9.88954e-08 0.00286052 0.0077973 0.00122407 0.000173608 
0.00349603 1.20243e-05 1.1331e-09 0.00370439 0.0169736 0.871991 0.00394804 0.0167475 5.93971e-05 0.000327608 8.99818e-07 3.28193e-05 0.000424686 1.91804e-06 8.28369e-05 0.000147639 0.0031239 0.00122886 0.0303048 0.00138493 2.9126e-06 0.00269345 0.0430463 0.000253709 1.09765e-05 
0.0204057 0.0675496 1.34775e-06 0.00510393 0.0280882 0.00877826 0.000608402 0.0552596 0.000401098 0.00626352 3.11829e-05 0.000269002 8.56216e-05 1.79558e-05 0.00100215 7.56473e-05 0.000173847 0.00528162 0.00130465 0.000421868 0.000323238 0.0345755 0.229198 0.533423 0.0013568 
5.82915e-08 1.89623e-11 2.3022e-11 0.000820304 0.719009 9.64949e-05 0.150847 0.000686994 2.5046e-07 4.28728e-07 9.87735e-12 5.67383e-05 1.92173e-07 6.08997e-08 0.124688 3.07454e-11 4.76493e-08 0.000414915 0.000755303 4.56957e-12 1.97628e-08 0.00214958 1.18593e-07 0.000474543 1.31925e-11 
3.14482e-06 3.56952e-11 4.33375e-11 7.50092e-07 5.90351e-06 5.83815e-07 1.01421e-06 0.00507654 3.71468e-07 0.135692 1.85935e-11 0.00411862 1.15109e-06 4.08311e-07 2.64279e-11 0.115622 2.06488e-07 6.26053e-07 0.731115 4.14183e-06 9.03101e-08 2.98207e-07 0.00581585 0.00254081 4.22204e-07 
0.00399813 4.40546e-12 5.34865e-12 9.25754e-08 0.900703 0.000792663 0.015484 0.00334054 0.00110035 0.0638141 2.29478e-12 8.61403e-08 1.42066e-07 5.03932e-08 3.2617e-12 4.45794e-06 2.54845e-08 0.00384796 3.63829e-06 0.00265864 6.69872e-06 0.000758206 2.47427e-07 0.00217894 0.00130796 
3.14482e-06 3.56952e-11 4.33375e-11 7.50092e-07 5.90351e-06 5.83815e-07 1.01421e-06 0.00507654 3.71468e-07 0.135692 1.85935e-11 0.00411862 1.15109e-06 4.08311e-07 2.64279e-11 0.115622 2.06488e-07 6.26053e-07 0.731115 4.14183e-06 9.03101e-08 2.98207e-07 0.00581585 0.00254081 4.22204e-07 
0.141793 1.443e-11 1.75194e-11 0.00034766 0.0474971 5.80188e-08 3.74244e-08 0.00302009 1.02631e-07 0.332585 7.51652e-12 0.000470902 0.00558136 1.7954e-07 1.06836e-11 2.33968e-11 1.23042e-06 1.3322e-08 0.00927877 2.75759e-07 3.7613e-05 0.0551782 0.265398 0.138747 6.32016e-05 
0.0961796 0.00168742 1.03437e-10 0.0111901 0.00517 0.0101707 0.000436336 0.0117441 0.000385246 0.0113135 2.15638e-06 0.0747456 0.00828305 2.05199e-05 3.74578e-05 0.000825755 0.0153169 0.00221515 0.37428 0.000805885 0.000494186 0.0355664 0.0137065 0.325357 6.63304e-05 
0.00247743 4.89252e-05 2.63805e-11 0.00168117 0.339027 0.0127804 0.031889 0.000808507 0.00174624 0.358483 7.28318e-09 0.000813851 0.00103633 5.70501e-06 0.000577584 1.61403e-07 0.00185532 0.0696852 0.000119005 3.17818e-05 1.86564e-05 0.0551246 0.0554753 0.0661547 0.000160118 
0.000939089 1.26974e-08 7.65223e-12 0.000243421 0.0562829 0.00100207 0.00728166 0.000395028 0.000561841 0.0210006 3.2831e-12 3.57458e-05 8.67258e-06 6.32372e-12 4.66645e-12 5.00131e-08 3.75911e-07 0.910852 2.42959e-07 5.0487e-05 4.68873e-12 0.000354677 7.65078e-07 0.000888785 0.000101713 
0.00932584 1.93454e-06 0.00011284 0.0115596 0.0217422 0.00308736 0.000221658 0.0123635 0.000321317 0.0875632 9.33443e-07 0.000648572 0.0024146 3.15963e-08 0.00596086 2.15197e-05 0.06672 0.0428963 0.0129545 0.0306888 4.39049e-06 0.00273385 0.266793 0.416274 0.00558859 
0.0293601 1.79718e-12 2.18195e-12 0.000625026 0.0304592 0.00167589 0.039212 0.00630044 0.000782046 0.0835127 4.74171e-09 0.0189193 0.000395566 0.00608537 0.000181017 3.44918e-05 0.0112571 0.0136415 0.737984 0.000317781 6.09042e-07 0.00397858 0.00823696 0.00687578 0.000164746 
1.20226e-05 1.08023e-09 9.85277e-12 6.6419e-05 0.000100521 9.8969e-05 5.98715e-06 0.000211318 0.000610045 3.89013e-06 4.22722e-12 3.6863e-05 2.05093e-12 8.14224e-12 4.04156e-06 1.6634e-06 3.0557e-06 4.94156e-05 0.00609905 1.95564e-12 1.83086e-08 0.00119328 4.74801e-05 0.000156382 0.9913 
0.00611422 3.64413e-07 2.1818e-09 0.00159726 0.00306887 0.168269 0.000121621 0.00259578 7.62276e-05 0.00495609 6.38975e-08 0.000366522 0.000484969 5.43697e-05 6.63002e-06 0.00148638 0.000127979 7.22933e-05 0.567973 0.000625531 3.37218e-06 0.235049 0.00654454 0.000225402 0.000179945 
0.115915 0.00299938 3.43355e-07 0.00102807 0.000413983 0.000269092 7.97156e-08 0.00204756 0.00286455 0.207872 1.47313e-07 0.000163782 0.00052408 0.000323223 0.000147901 0.000165707 0.0876201 0.000983191 0.163176 0.00517889 2.10383e-07 0.000473204 0.000643157 0.40706 0.00013039 
0.0686228 4.23112e-05 9.39466e-11 0.00326948 0.0343551 0.0012195 0.00803643 0.062706 0.00902612 0.0320872 1.23657e-06 0.0083137 0.00661808 0.00034926 0.0102351 0.000283511 0.023449 0.00197698 0.613663 0.00669786 3.02785e-05 0.00616747 0.0555699 0.0472393 4.02112e-05 
0.000505691 2.53221e-12 3.07435e-12 0.00172226 0.0102329 0.000126857 0.361741 0.0100716 0.00153672 0.00105322 1.31902e-12 1.51889e-08 2.26302e-06 2.68974e-05 3.91937e-05 4.98255e-06 0.000532704 0.606425 0.00124975 3.98161e-09 1.37553e-09 0.00112131 0.00302628 0.000553054 2.81975e-05 
0.00635002 9.78911e-07 3.73159e-09 0.000232486 0.603452 4.36214e-05 4.10454e-05 0.0221734 0.000251802 0.273998 2.72118e-07 3.14437e-05 6.23389e-05 5.89584e-05 1.56508e-06 9.01348e-07 1.02791e-06 3.58019e-05 0.0047707 0.00102789 3.47564e-06 0.000443833 0.0704533 0.0165528 1.23222e-05 
0.00179961 2.56375e-08 1.50305e-11 0.000488319 0.0287093 0.00167837 0.00146259 0.000604817 0.00520573 0.92344 9.18962e-09 0.0164992 2.43242e-05 0.00179317 0.000500502 1.70397e-05 3.81273e-07 0.010579 6.6059e-07 0.000693707 1.27838e-09 0.000747054 1.1867e-07 0.00533787 0.000418317 
0.13036 0.0322745 0.00370092 0.147775 0.0265167 0.0065989 0.000421837 0.0905078 0.00579383 0.013751 5.43627e-05 0.000609762 0.00127524 2.71016e-07 0.000838937 0.00012107 0.000220259 0.0237857 0.0184962 0.0177153 3.7318e-05 0.0108197 0.147052 0.318394 0.00287915 
0.0306544 2.86697e-06 4.05984e-12 0.0102468 0.00948636 0.0636509 0.0439968 0.125092 0.000772798 0.0408875 2.6013e-08 0.000375827 0.000100611 0.000119483 2.65055e-08 2.86866e-05 0.0301108 0.0668993 0.102318 0.00125094 1.42033e-09 0.0470878 0.422777 0.00398285 0.000158561 
2.88399e-05 6.15875e-10 1.41816e-12 3.86016e-06 3.00276e-05 9.36031e-06 4.40949e-09 6.94594e-06 7.71294e-06 9.32157e-06 6.08447e-13 4.26787e-05 2.95202e-13 1.17196e-12 3.47184e-07 1.87159e-07 7.32379e-06 3.94152e-05 0.00410123 2.81486e-13 4.15431e-08 0.000186206 1.21852e-05 1.25196e-05 0.995502 
0.0153017 8.20873e-05 2.2843e-10 0.019087 0.750375 0.0214256 0.0757711 0.00781261 0.00694729 0.00114051 7.96988e-07 1.35428e-06 1.71397e-05 0.000247778 0.0104469 1.28688e-06 0.000244798 0.0352292 0.00341425 0.000628659 0.000106034 0.0156077 0.0235144 0.0121481 0.000449222 
0.014066 0.00318111 5.87901e-09 0.00389789 0.0340278 0.554142 0.0158551 0.0544424 0.0018474 0.00817237 4.80933e-05 0.00048935 0.00123922 0.000951209 0.000161267 4.93823e-05 0.106101 0.0284235 0.0330686 0.00342341 3.24259e-07 0.0100972 0.121395 0.0048352 8.50976e-05 
0.00523027 0.17826 4.01214e-09 0.0591878 0.182263 0.00129305 0.00705022 0.00644128 0.0324516 0.031228 1.72136e-09 0.000237073 3.67722e-05 3.73608e-06 0.000165314 2.32631e-05 0.000186341 0.0134396 0.00233535 5.32301e-06 6.42846e-06 0.00368428 0.0939067 0.310077 0.0724873 
0.00814085 1.29018e-05 0.925468 0.00131956 0.00988413 0.00215363 0.000619181 0.0041279 0.000772692 0.000414 7.84333e-12 1.44276e-06 1.41893e-05 1.80942e-08 0.000149696 5.26143e-08 1.42504e-06 1.5283e-05 0.000665349 0.000114644 3.52163e-07 0.00358133 0.0378595 0.00457182 0.000112349 
4.67843e-07 8.20377e-11 9.96017e-11 4.08546e-07 0.00341307 1.94561e-07 0.000201794 0.00296025 2.48249e-07 0.00393927 4.2733e-11 4.6007e-05 1.22106e-07 1.51241e-08 0.000208199 2.16204e-07 0.00788376 1.05421e-07 1.20477e-06 5.18255e-07 0.00012427 0.000832025 0.011931 0.968457 1.1479e-07 
5.82915e-08 1.89623e-11 2.3022e-11 0.000820304 0.719009 9.64949e-05 0.150847 0.000686994 2.5046e-07 4.28728e-07 9.87735e-12 5.67383e-05 1.92173e-07 6.08997e-08 0.124688 3.07454e-11 4.76493e-08 0.000414915 0.000755303 4.56957e-12 1.97628e-08 0.00214958 1.18593e-07 0.000474543 1.31925e-11 
0.0777422 0.00561885 4.84682e-09 0.00600978 0.0061397 0.00959607 3.41176e-07 0.028023 0.00299837 0.053134 2.07947e-09 0.000523333 0.0310026 0.000952856 0.117938 2.18518e-06 0.0336449 0.000109985 0.00554732 0.0399792 0.0594452 0.0242733 0.0572824 0.438907 0.00112985 
0.0523298 7.05664e-05 6.96197e-10 0.0138617 0.0012289 0.0128167 0.00256803 0.0184713 0.000667288 0.00165249 1.23049e-08 2.45734e-05 0.0011076 9.97571e-06 2.10505e-08 1.2437e-05 0.000295038 0.00109694 0.00159798 0.00112009 6.71434e-10 0.0125243 0.876112 0.0024208 1.16744e-05 
0.00288143 5.27162e-07 8.52759e-06 0.0150817 0.0717323 0.0303382 0.0285061 0.473732 0.00403944 0.00223398 4.42585e-10 3.10191e-05 0.0016031 4.41259e-07 3.65128e-05 3.31013e-07 0.000112464 0.00292005 0.0589786 2.56301e-07 4.7126e-08 0.110623 0.190491 0.00652877 0.000120514 
0.00625971 0.000529722 2.31146e-07 0.00153948 0.0166534 0.0178808 0.013342 0.0950876 0.00596026 0.00184486 9.48102e-07 0.000190609 4.87267e-06 5.86497e-06 0.00261862 1.75449e-05 0.012875 0.062266 0.000319446 0.000795513 3.72254e-05 0.0302081 0.197677 0.533792 9.34498e-05 
0.0110443 0.00181034 0.0010702 0.0166602 0.0613911 0.090605 0.00769257 0.0658292 0.00090604 0.000914996 1.42795e-08 8.71651e-06 0.000179944 4.34377e-06 0.0269089 4.44481e-08 0.000266124 0.00211148 0.00920737 0.00105011 3.31648e-06 0.075896 0.560764 0.0588669 0.00680839 
0.0415242 0.00540755 4.85035e-09 0.00385335 0.0782719 0.00480294 0.00321262 0.0119961 0.012658 0.0131152 2.65175e-06 0.000211886 0.003155 0.00014593 0.00475443 0.00234136 0.00112184 0.00482257 0.000131372 0.000803523 3.50842e-05 0.00133388 0.0833339 0.722051 0.000914133 
7.26327e-06 7.83642e-10 9.51418e-10 8.43955e-06 0.682308 0.0621784 1.92194e-06 0.063148 2.97245e-05 5.46777e-06 4.08195e-10 8.78808e-07 1.39426e-05 7.94105e-08 5.8019e-10 1.2706e-09 0.074597 9.35636e-06 3.06977e-05 3.64487e-06 9.33316e-07 8.52801e-05 2.19266e-05 0.117549 5.45199e-10 
0.121646 0.00138296 0.068939 0.0375042 0.0441554 0.0346353 0.000207289 0.0266894 0.000158534 0.211758 9.41622e-08 1.14274e-07 0.0030577 1.78034e-08 8.74975e-07 1.34111e-05 0.00323092 3.45567e-05 0.0196597 0.302609 2.1171e-06 0.061875 0.0559409 0.00649907 1.91219e-08 
0.00568804 0.000746894 1.76584e-06 0.00506175 0.0234332 0.712694 0.00513351 0.0685836 0.000444025 0.00177121 7.96742e-06 1.89367e-05 0.00118449 8.04485e-06 7.88746e-05 1.81086e-05 0.010022 0.0134242 0.0089411 0.00144366 1.31191e-06 0.0455244 0.0786608 0.0169673 0.000140276 
0.134573 3.7453e-07 1.02446e-05 0.111746 1.16347e-06 0.0344513 6.82773e-07 0.172061 0.00707245 1.63143e-06 2.07521e-11 4.70285e-08 0.00792638 1.59926e-07 2.80216e-06 4.65151e-07 0.000715444 1.05009e-07 0.0222879 0.0159923 7.47945e-05 1.4048e-06 0.276025 0.217056 4.32416e-07 
0.022397 0.00739359 3.10318e-07 0.00508333 0.0115044 1.71724e-06 0.000780641 0.00659797 4.93834e-08 0.250687 3.45015e-11 1.31022e-08 1.07253e-06 6.54176e-08 0.0298394 1.07393e-10 0.00620991 0.000377363 0.0132395 0.001142 9.0737e-06 0.00409541 0.0104115 0.630228 5.83422e-08 
1.20226e-05 1.08023e-09 9.85277e-12 6.6419e-05 0.000100521 9.8969e-05 5.98715e-06 0.000211318 0.000610045 3.89013e-06 4.22722e-12 3.6863e-05 2.05093e-12 8.14224e-12 4.04156e-06 1.6634e-06 3.0557e-06 4.94156e-05 0.00609905 1.95564e-12 1.83086e-08 0.00119328 4.74801e-05 0.000156382 0.9913 
0.026052 0.127576 1.17421e-10 0.00642473 0.0177876 0.00157065 0.00139305 0.011181 0.000252184 0.237147 1.03562e-06 0.230342 0.000543783 1.40767e-06 0.00015289 1.6581e-05 0.0060516 0.00354007 0.0095179 0.00731833 0.000302635 0.0078538 0.0334435 0.271446 8.39678e-05 
0.0161304 3.52946e-08 1.7651e-09 0.028274 0.00204979 0.00044781 0.000121649 3.75574e-05 3.90447e-08 2.17984e-06 7.57296e-10 3.82528e-06 1.6619e-07 6.50482e-07 1.07639e-09 7.34534e-09 8.6576e-05 0.000889869 0.000296902 3.50348e-10 8.47385e-09 7.5045e-06 1.70003e-05 0.000180454 0.951454 
0.0646587 7.65445e-05 6.98019e-06 0.000378215 0.0210069 0.084453 0.00437811 0.054239 0.0724077 0.0859156 1.09761e-06 0.00556859 0.000285213 0.000672352 0.00251926 8.6974e-05 0.00267872 0.00532553 0.00941623 0.00843664 4.0817e-05 0.00708377 0.0992313 0.471107 2.60421e-05 
0.00420082 4.85594e-05 2.25886e-05 0.00191627 0.0745745 0.00408309 0.00787622 0.538448 0.000598799 0.0112434 3.3106e-08 3.94527e-05 6.26562e-05 7.37137e-07 0.00217268 3.85895e-05 0.000334131 0.000428007 0.000856026 4.6572e-05 4.72799e-08 0.000368256 0.0171875 0.335452 1.20075e-06 
0.0038786 4.30218e-05 1.34202e-09 0.00304297 0.0026076 0.0679086 0.00813096 0.24076 0.000347881 0.00412139 1.65954e-12 8.41765e-06 8.85771e-05 9.82217e-09 4.05316e-08 1.56916e-08 0.00232637 1.4027e-08 0.00716899 1.67514e-05 2.37006e-12 0.0197963 0.626454 0.0132572 4.20973e-05 
0.00231588 0.000518165 2.17351e-05 0.00650602 0.00117335 0.000618643 0.00295182 0.025567 0.000438931 0.00121624 5.38044e-06 2.90661e-05 0.000465108 1.03635e-05 0.000694507 0.00012453 3.27451e-05 9.76316e-05 0.00224016 0.00131834 7.68401e-06 0.00574473 0.0364494 0.91135 0.00010261 
0.0631362 2.85241e-05 5.5676e-11 0.00181307 0.0196108 0.00789497 0.00160912 0.00487684 0.0808046 0.739752 8.42026e-06 0.0090748 0.000293504 0.010117 0.00173126 2.15367e-05 0.0028015 0.00526828 0.0150928 0.00321708 5.41546e-07 0.00545572 0.012815 0.0145329 4.34018e-05 
0.135062 0.000599252 1.54394e-10 0.0526211 0.00138874 0.0310073 3.45828e-05 0.0495961 0.000261593 0.0110283 1.00384e-07 3.24823e-05 0.00401318 0.000357285 0.0401782 3.50624e-05 3.08742e-05 0.000111585 0.000432741 0.0830718 2.80395e-06 0.00787051 0.454456 0.127803 4.20361e-06 
0.0114407 0.00209446 7.95967e-11 0.000543901 1.64222e-08 7.16281e-12 1.19982e-06 0.000228971 5.95488e-08 0.000176937 3.41501e-11 0.0306996 2.26365e-07 6.5778e-11 1.05781e-07 1.98873e-07 0.0003509 1.58025e-07 0.000408965 2.84007e-08 0.000967767 0.000220703 4.96359e-05 0.952815 4.5612e-11 
0.000129912 0.991566 3.42748e-10 0.000605337 8.04908e-06 0.000532607 7.95747e-11 1.78436e-06 7.66472e-07 0.000302982 1.47052e-10 0.000699593 4.08666e-05 2.83244e-10 7.70547e-07 4.57732e-10 3.37076e-07 1.23664e-07 0.00159873 2.49662e-09 2.10011e-10 0.00106668 2.29361e-05 0.00342245 1.96408e-10 
0.00831858 2.91372e-05 2.04367e-05 0.0063584 0.527266 0.00370801 0.0566786 0.00707669 0.0446575 0.0019376 4.83272e-11 9.38188e-08 8.81102e-05 3.10867e-06 5.58999e-06 2.00671e-05 2.09381e-05 0.000206613 0.00149632 0.000394408 1.65611e-07 0.0195448 0.229354 0.0928134 1.25693e-06 
0.00221097 0.000222598 1.33684e-07 0.0200562 0.0119921 5.58661e-05 0.000146704 0.0117 0.00152502 0.0157893 5.73556e-08 0.000118777 6.60059e-05 7.19159e-07 0.00318088 1.78532e-07 0.0110646 0.000161409 6.79226e-06 2.65345e-08 1.94056e-06 0.00237419 0.0124724 0.903908 0.00294501 
0.00351469 6.73405e-05 1.40265e-07 0.0611281 0.0545217 0.00587991 0.00159857 0.00855487 0.0189447 0.00686433 3.75923e-05 0.000457606 0.00343024 0.000877337 0.00027014 1.24993e-05 0.00444634 0.000610386 0.0044561 0.0168066 0.00122844 0.0086011 0.0277172 0.720352 0.0496223 
0.00223731 0.000335016 3.48693e-10 0.0021699 0.822292 0.103986 0.00235434 0.000980253 0.000107576 0.00101208 2.42898e-08 2.44641e-06 7.54986e-05 5.09102e-08 0.000210259 8.04547e-08 0.000134423 0.00121969 0.0196124 0.000501316 1.32809e-08 0.0080556 0.0323696 0.00234435 7.48253e-08 
0.000503493 1.4906e-08 1.8129e-11 0.00135217 0.598601 0.0129842 0.133209 0.000417038 0.00907749 0.133872 4.13579e-09 0.000334952 1.65953e-05 8.67146e-09 0.000577606 1.50329e-07 9.04711e-05 0.096881 3.59289e-08 3.17505e-05 2.24564e-09 0.000175125 0.00785292 0.00361912 0.000404424 
0.0235485 0.0123078 0.0238969 0.0361136 0.493646 0.0126403 0.0237668 0.0125754 0.00959428 0.00718487 3.01894e-05 0.000369787 0.000604847 2.57383e-05 0.101795 3.26509e-08 0.000917771 0.0608462 0.000387509 0.00456662 3.21185e-05 0.00706686 0.0491375 0.117571 0.0013736 
0.000129912 0.991566 3.42748e-10 0.000605337 8.04908e-06 0.000532607 7.95747e-11 1.78436e-06 7.66472e-07 0.000302982 1.47052e-10 0.000699593 4.08666e-05 2.83244e-10 7.70547e-07 4.57732e-10 3.37076e-07 1.23664e-07 0.00159873 2.49662e-09 2.10011e-10 0.00106668 2.29361e-05 0.00342245 1.96408e-10 
0.00025799 5.70452e-10 6.92584e-10 0.00510442 0.141989 0.107189 0.000936242 0.0350247 1.15592e-06 5.99837e-06 2.97146e-10 5.76603e-08 0.00244912 1.57892e-07 4.22349e-10 3.17524e-07 0.555156 4.87781e-08 0.0218086 0.00234229 1.14226e-06 0.00815969 0.108812 0.00868571 0.0020766 
3.05064e-08 1.1006e-05 2.45459e-08 2.17184e-05 0.000233716 1.04656e-12 0.147139 0.00121733 2.81493e-08 0.0128125 4.98966e-12 0.654613 8.73768e-09 5.91062e-07 4.66513e-08 6.97363e-05 4.72729e-06 1.32329e-08 0.0599864 0.123051 7.12593e-12 0.000735442 9.61264e-05 7.73316e-06 7.62746e-09 
0.0326606 0.0596638 7.19498e-05 0.0159518 0.0967081 0.0133888 0.0295288 0.083932 0.00562527 0.00636145 3.98322e-07 0.000612348 2.43306e-08 1.3601e-07 0.0094911 1.69734e-05 3.45926e-05 0.00737249 0.0026255 0.0104752 0.000337778 0.0148593 0.248117 0.362132 3.29125e-05 
0.00628954 5.31918e-06 5.97408e-08 0.00758737 0.478732 0.0628433 0.0683623 0.0576667 0.0452678 0.00571408 3.23982e-06 4.17659e-05 0.00770541 0.000279885 0.00757958 0.000132648 0.00175837 0.0186427 0.00629229 0.000530663 2.19334e-05 0.0749808 0.0771948 0.0720545 0.000313044 
0.00138439 0.00137645 6.05116e-06 1.11019e-06 0.453317 0.00160156 0.360376 0.103917 0.0012604 0.000182127 1.0823e-10 7.72513e-06 1.61699e-07 2.08466e-10 1.53833e-10 3.36889e-10 0.000197788 0.0652619 0.000800024 5.90387e-08 3.31491e-08 0.00580283 5.04147e-06 0.00360949 0.000893288 
0.00172493 0.000262242 3.28799e-08 0.00267856 0.0405571 0.00317374 0.00808825 0.0832061 0.00124519 0.00600219 1.44839e-10 0.000165541 3.57318e-06 2.7898e-10 0.000964384 7.12018e-05 0.000490891 0.00373673 1.37773e-06 7.36536e-05 5.64475e-06 0.00336105 0.16495 0.678899 0.000338495 
0.000891818 0.00363701 2.57334e-07 0.0195489 0.0366105 0.00136145 0.0023132 0.851346 0.018567 0.00588161 7.19631e-08 8.88502e-05 0.000519562 1.09533e-09 0.0159311 3.14149e-07 6.30552e-06 1.73399e-07 0.000326393 0.00956918 7.93974e-08 0.00345976 0.000749743 0.0291903 6.46251e-07 
5.12023e-05 6.51871e-10 6.03161e-13 3.60021e-06 7.5062e-05 2.33958e-05 4.11123e-09 1.73537e-05 1.92684e-05 2.32972e-05 2.58779e-13 4.92829e-05 1.25553e-13 4.98446e-13 8.63209e-11 4.61748e-07 3.88233e-06 4.82898e-05 0.00493572 1.19719e-13 1.02767e-07 0.000255537 6.30698e-06 1.2663e-06 0.994486 
0.00499283 8.54151e-05 2.26249e-07 0.00598945 0.161253 0.0117936 0.00584029 0.00574854 0.000450794 0.00015638 1.98297e-06 3.15714e-05 3.36761e-06 4.14172e-06 0.0781916 6.55113e-06 0.314504 0.0260334 1.64484e-05 7.99367e-05 1.2505e-05 0.0353297 0.0504948 0.298974 5.95961e-06 
0.0462958 1.89875e-05 1.61217e-06 0.00111119 0.0099167 0.488479 0.00746722 0.0082525 0.00014059 0.0137756 1.63793e-07 1.3078e-06 9.65177e-07 1.52368e-06 7.55814e-07 6.63972e-07 1.12796e-05 0.00917843 0.00981152 3.43504e-07 1.09404e-08 0.181205 0.220872 0.00235623 0.00110171 
0.00727133 0.000116117 0.00303613 0.000569918 0.00658901 0.000199246 0.000853391 0.0170759 0.00125117 0.0847383 1.08162e-05 0.00097335 0.000698125 1.07381e-06 0.00102256 5.88985e-05 0.121652 5.78671e-05 0.00659245 0.0154615 0.130565 0.00374407 0.0219581 0.57529 0.000213953 
0.000349633 1.89523e-12 2.30099e-12 0.00114817 0.00781125 8.56562e-05 0.244388 0.00682586 0.00106109 0.000762629 9.87215e-13 1.07926e-08 1.5088e-06 2.12592e-05 2.61299e-05 3.32225e-06 0.000365444 0.7331 0.000833175 2.82919e-09 9.70431e-10 0.000747542 0.00207845 0.000371721 1.8799e-05 
