0.0797724 7.3947e-10 8.97788e-10 0.18341 0.0165883 0.00021526 0.00651038 0.0265432 0.033991 0.00183073 1.76229e-06 1.45461e-10 1.30068e-06 1.15247e-07 5.47486e-10 1.19897e-09 1.33672e-10 0.000882025 6.04932e-05 2.78027e-06 5.50099e-10 0.0198338 0.626743 0.00360211 1.18501e-05 
0.0410342 0.00130831 5.81503e-08 0.0173805 0.431701 0.0563542 0.0106776 0.0575254 0.00150878 0.0491441 0.00180893 1.09428e-05 0.079347 0.000174613 0.00191139 0.00323763 0.0124445 0.0930712 0.0164328 0.0101785 6.33896e-06 0.0696933 0.0192274 0.0258087 1.27509e-05 
0.047593 0.000367413 5.04791e-11 0.0107963 0.0775211 0.00964969 0.0115069 0.0332784 0.029719 0.00779187 0.039502 4.02068e-06 0.0105688 9.143e-06 0.00554071 0.000305069 0.104896 0.00908825 0.00790584 0.00824071 1.59962e-05 0.042335 0.158358 0.356569 0.0284384 
0.039247 0.000293337 3.55222e-05 0.000907988 0.0365307 0.00152055 0.0462733 0.06742 0.000264554 0.00785768 0.00177912 4.71355e-05 0.00161677 0.000135148 0.00437535 0.000191563 0.0255307 0.00248348 0.00671461 0.00053075 9.09525e-06 0.017508 0.273014 0.465355 0.000358356 
0.0253397 0.000221735 3.93692e-07 0.0491047 0.43696 0.0470326 0.00109381 0.0563133 0.0315487 0.000112654 0.00608926 4.01807e-06 1.80712e-05 3.25343e-07 0.0107804 1.07463e-05 0.00806228 0.00049304 0.00985779 0.00607228 1.71209e-05 0.000672981 0.0605877 0.249597 1.00843e-05 
0.000196116 3.58515e-05 0.000299862 0.0170281 0.0104525 0.625631 0.000282242 0.158551 0.0150094 7.13011e-05 0.00153862 6.79755e-06 0.000146632 1.87514e-05 0.00650627 3.45013e-08 8.66575e-06 1.08037e-05 0.000157165 0.00454301 1.58295e-08 0.0481431 0.040224 0.0708536 0.000284575 
0.0083801 1.88086e-05 8.33433e-09 0.00768825 0.10019 0.00639108 4.98728e-07 0.0119895 0.831737 0.00271153 0.00109537 1.59157e-08 5.76064e-08 4.41595e-06 6.68295e-05 8.44476e-08 3.19839e-07 3.92416e-07 0.00049411 7.61961e-05 1.00984e-08 0.023241 0.0053034 0.000597566 1.35187e-05 
0.0916266 0.00062271 8.98204e-08 0.0344512 0.151876 0.0973492 0.0023427 0.159107 0.0769955 0.0345022 0.00362068 2.12735e-08 0.00153114 0.0100447 0.000723174 2.33725e-07 0.00365793 0.00359655 0.0018206 0.0666545 2.73488e-06 0.0385644 0.155564 0.0652754 7.04842e-05 
0.0564362 4.94425e-05 0.000141933 0.00421018 0.150001 0.125581 0.0461331 0.052798 0.0115087 0.0440892 8.71037e-10 8.83409e-08 0.107658 1.59788e-06 0.00250875 1.47059e-07 0.00312041 0.000492641 0.00355289 0.00708908 1.24396e-09 0.00175066 0.170196 0.20845 0.00423037 
0.0573705 0.000137194 4.06162e-08 0.0243642 0.0361229 0.0623035 0.00205013 0.0272268 0.00058457 0.00430476 0.00112556 3.57181e-06 0.149971 0.000123302 0.00129387 2.10321e-05 0.0454651 0.0348037 0.00312828 0.0099512 9.6977e-06 0.0860205 0.425033 0.027912 0.000673792 
0.0107299 0.000275567 0.0260377 0.0655598 0.220532 0.00428889 0.0106987 0.154021 0.0325294 0.0093359 0.0935888 2.80736e-05 0.0127579 0.000128653 0.00316088 5.8263e-08 0.0112995 0.0369842 0.00540315 0.0460651 2.9102e-10 0.130288 0.0710438 0.0552009 4.20973e-05 
0.0433697 3.90238e-05 1.85548e-06 0.0319688 0.183696 0.00206839 0.024645 0.235046 0.11509 0.00580881 0.0144486 2.2547e-08 7.13185e-06 5.48011e-06 0.0132564 1.1894e-05 1.40443e-05 0.00561307 0.000154015 0.020529 1.22693e-06 0.00896841 0.049243 0.246014 1.16344e-06 
0.00762065 1.21576e-05 6.70111e-08 0.055093 0.91528 0.000247668 0.00129885 0.000138151 0.00111568 3.51112e-05 0.000165025 1.64772e-09 0.000500914 4.15343e-10 4.70619e-06 3.89534e-11 0.00300655 1.06121e-08 0.000674881 0.00659245 2.03011e-09 0.00319222 0.00451285 0.000498653 1.07632e-05 
0.839703 4.92863e-07 2.15928e-05 0.0197967 0.0160586 0.00465871 9.04235e-05 0.062821 0.000153409 8.39605e-05 0.00196569 7.83713e-09 0.0010995 0.00175 8.44551e-06 5.35794e-09 0.00557959 1.54896e-08 3.9397e-07 0.0421345 1.12683e-08 0.000358385 0.00285518 5.59054e-06 0.000854432 
0.16569 8.37861e-05 0.000298692 0.095932 0.0205352 0.153946 0.000809464 0.0819511 0.012403 0.00294892 0.00149073 3.18039e-05 0.0074852 0.00187314 8.8831e-05 9.38144e-06 0.0121225 0.05297 0.0458141 0.00499255 1.70388e-06 0.143605 0.167844 0.0056087 0.021464 
0.0102913 3.46554e-05 5.60454e-07 0.0112407 0.142631 0.00560388 0.00138005 0.00285921 0.00088131 1.98303e-05 0.00536867 1.52087e-05 0.00594487 3.79261e-05 0.00121777 0.00104891 0.00344086 0.0020617 0.000560264 0.750271 2.79982e-06 0.00854301 0.0386338 0.00679018 0.00112056 
0.440053 9.09574e-05 4.07377e-07 0.00631221 0.00183533 0.00088981 2.73155e-05 0.0831369 0.000205906 0.000735871 0.000226794 1.28954e-05 0.000133009 8.9927e-05 6.70259e-05 5.44042e-07 0.0276028 0.000255334 0.000527308 0.00381817 3.77772e-05 0.0248961 0.405655 0.00330138 8.77034e-05 
0.00730337 1.30825e-05 2.21573e-08 0.0806614 0.139 0.04705 0.000302323 0.332552 0.0134673 0.00626371 0.0278011 1.4993e-07 0.00976805 4.36126e-08 0.0314638 1.22778e-05 0.0498928 0.00180911 0.0136003 0.0241421 1.82417e-07 7.9043e-05 0.142152 0.0721173 0.000548731 
0.0866304 6.60909e-06 3.22664e-08 0.00610411 0.0564147 0.0147991 0.00163343 0.0772465 0.000579854 0.0327671 0.000778138 1.86179e-06 0.00073032 0.000113706 6.00777e-05 8.0745e-06 0.00109044 0.0104338 6.44524e-05 0.264078 1.94674e-06 0.00442579 0.436872 0.00509282 6.70004e-05 
0.0836088 0.00313634 9.72442e-07 0.0438707 0.0302165 0.0639497 0.011034 0.0268671 0.00384805 0.00378968 0.00413561 4.64318e-05 0.0193468 0.000321308 0.000179502 0.000145909 0.100435 0.000864055 0.0922739 0.00640322 6.37728e-06 0.0180941 0.485551 0.00135477 0.000520125 
0.00198063 0.0110331 3.36353e-05 0.0250642 0.0737755 0.0749989 0.00549917 0.0118618 0.30158 0.0109728 0.00108086 3.32088e-05 0.00790166 2.06158e-05 0.000333909 1.02471e-05 0.00249641 0.00720586 0.0110722 0.00214999 0.000341326 0.0914319 0.337729 0.0211802 0.000212574 
4.41757e-07 0.00034352 1.26761e-07 0.00228286 0.167741 0.495701 0.00509119 0.045008 0.0693753 0.00148684 0.106383 1.72291e-10 7.5815e-05 1.43756e-06 6.48471e-10 9.8548e-06 0.0018337 0.00162207 0.0415337 0.000776342 6.51566e-10 0.0463108 0.0130503 9.74874e-05 0.00127481 
0.0491491 0.000172292 1.02959e-06 0.0990136 0.070869 0.0946154 0.00059496 0.0931503 0.0168811 0.194556 0.0002322 1.66815e-07 0.00418883 0.0217833 2.33465e-06 3.27744e-05 0.000832921 8.15021e-05 0.000852853 0.0734001 4.06072e-06 0.00796664 0.021893 0.240457 0.00926921 
0.00507711 1.23267e-05 8.00092e-06 0.013574 0.0833796 0.0920218 0.00629649 0.00986474 0.00678006 0.000559938 0.000415762 9.26311e-07 0.0048326 7.89545e-07 0.000238683 1.73788e-06 0.00648521 0.0144983 0.00622899 0.00395027 4.13249e-05 0.0206587 0.720685 0.00433714 5.00769e-05 
0.0824521 0.000519122 0.000166607 0.0379171 0.334125 0.00196047 0.00049627 0.180263 0.00232696 0.0186223 0.00881151 3.23189e-05 0.0127311 5.73707e-05 0.00847433 5.29998e-05 0.00129883 0.0349354 0.0029542 0.00683874 3.20042e-06 0.023441 0.0563748 0.100374 0.0847707 
0.0544885 1.87713e-06 7.03695e-11 0.142207 0.00459229 0.317727 0.000257937 0.0095669 0.000321263 2.65575e-08 0.010721 6.32537e-09 0.00588867 3.6719e-07 1.46434e-05 1.49909e-05 3.75965e-08 0.00452379 0.156658 0.000189341 8.81821e-05 0.0971639 0.195472 4.01626e-08 0.000102343 
0.142118 3.79305e-09 4.60513e-09 0.00437155 0.00105264 0.0838479 2.55663e-06 0.00822266 1.16781e-09 1.1383e-05 0.264648 7.46128e-10 0.251725 2.82683e-06 2.80828e-09 6.15004e-09 2.06471e-05 3.22809e-06 0.0932158 0.00991333 0.000218273 0.0884578 0.0519521 4.83631e-06 0.000211056 
0.00415878 8.4912e-06 1.89705e-07 0.0285731 0.0909871 0.353022 0.0429257 0.0541718 0.203249 0.0648025 0.000441436 3.07363e-08 0.000142376 6.54722e-07 0.00134064 2.53347e-07 0.000780648 9.43331e-05 0.000679051 0.0460701 1.67805e-06 0.0100685 0.0234511 0.0749909 4.03901e-05 
0.0247257 0.000111957 2.67599e-06 0.0720677 0.0947741 0.108981 0.0140269 0.184061 0.097946 0.0192853 0.0014013 6.45677e-05 0.00982377 0.000229823 0.0010153 7.32682e-05 0.0178682 0.014901 0.0331753 0.0113693 1.30646e-05 0.0237517 0.248243 0.0214533 0.000634272 
5.84378e-08 4.80688e-08 2.50462e-12 4.03273e-08 0.709585 2.14864e-06 0.181553 0.00330941 0.00154807 0.00111514 1.33259e-08 1.11194e-08 2.34615e-08 7.82716e-05 0.000723693 4.41554e-08 5.06048e-08 0.0680717 0.0024238 8.05363e-08 7.21437e-09 0.00162992 8.84371e-07 0.0294936 0.000465522 
0.0573945 0.0340134 6.15562e-10 0.00179301 0.108483 0.0812909 0.00447372 0.0158297 0.000873452 0.00293398 0.0102539 7.64737e-05 0.00451634 3.88435e-06 0.00287134 0.000429899 0.147725 0.00574222 0.00710176 0.0029457 0.000862489 0.0858088 0.337585 0.0867447 0.000247531 
0.0622187 0.107396 1.13383e-09 0.57917 0.00142501 0.0460529 4.57278e-07 0.0211749 0.00134669 0.0258902 0.0136575 1.83704e-10 2.36015e-10 9.36984e-10 0.00290057 1.5142e-09 0.00542701 2.95347e-08 9.38099e-09 0.0108357 6.94727e-10 0.0123644 0.0597143 0.0497998 0.000626239 
0.112655 0.00177004 1.08002e-05 0.0100077 0.0665247 0.027014 0.00876223 0.0195571 0.00676767 0.00774282 0.0319977 7.98555e-06 0.0207493 0.000347631 0.00166299 9.17166e-05 0.0165396 0.0137265 0.00236971 0.0131326 0.000160497 0.0370036 0.0353866 0.565372 0.000640501 
0.000625854 1.54242e-07 2.75919e-05 0.0089319 0.0205182 0.376153 0.0607573 0.153742 0.155472 0.000957965 2.49506e-06 2.00008e-08 1.92596e-05 4.33581e-08 4.14417e-07 1.25283e-05 7.40231e-05 0.000184477 0.00692297 2.96105e-05 2.2497e-10 0.0214181 0.190888 0.00318979 7.24483e-05 
0.00131968 0.000224983 6.58649e-08 0.0169354 0.246562 0.106004 0.0121655 0.506738 0.000470645 0.0329291 0.000598414 2.1064e-09 2.66558e-06 4.91293e-07 0.00053804 8.62626e-06 6.18358e-06 0.000323582 2.99215e-05 0.00346673 7.96594e-09 0.00941427 0.0100578 0.0519997 0.000203435 
0.0347759 0.0037928 0.00611282 0.027569 0.158682 0.2023 0.000275161 0.0147516 0.232278 0.0182388 0.0264439 1.99063e-06 0.00143616 0.00101699 7.78689e-06 0.000125207 0.00189315 0.000546721 0.0520698 0.0216971 1.23536e-06 0.00745878 0.0766001 0.00577134 0.106154 
0.0681267 3.13977e-08 0.00022998 0.417602 0.00128963 0.0158616 0.00020328 0.00219909 0.00278924 0.000344825 0.000259365 2.26802e-07 0.00235565 0.435339 0.000326312 5.09082e-08 3.16401e-05 2.58097e-06 0.000967905 0.0180663 3.61334e-07 0.0140319 0.0187975 0.000988157 0.000187302 
0.00262524 1.14053e-05 1.90332e-12 0.0197978 0.0296049 0.0521941 0.000260567 0.00803692 0.00242872 0.00247683 0.00222373 1.39672e-06 0.00221942 9.59498e-06 0.00059628 4.17029e-05 0.0221287 0.00436361 0.661662 0.00413199 1.02702e-05 0.0121673 0.167531 0.00408808 0.00138837 
0.00484489 3.2292e-05 1.96424e-11 0.00151952 0.00264502 0.0351893 0.000440705 0.0118526 0.000277102 0.00127577 0.00490211 1.24561e-05 0.000223998 4.45519e-05 0.000157259 0.000280271 0.212772 3.90241e-05 0.526084 0.00111263 6.55606e-06 0.0344756 0.155662 0.00537185 0.00077824 
0.00237904 2.3374e-05 1.5007e-06 0.0632827 0.469516 0.011542 0.035318 0.0400662 0.12079 3.43248e-06 0.0137939 4.76562e-06 0.00025157 2.01259e-05 0.00835672 2.65611e-05 0.00126428 0.00298263 0.000403768 0.0317504 6.9679e-06 0.00894342 0.0363435 0.152784 0.000145657 
0.020953 7.18329e-05 2.74963e-10 0.0533375 0.01099 0.00755232 0.000462049 0.0222245 0.00064692 3.81571e-05 0.000136398 1.06625e-08 0.203621 1.40361e-05 0.00149712 7.75903e-08 0.00417839 0.00269525 0.000290059 0.0276912 2.66245e-08 0.13617 0.504946 0.00174195 0.000742152 
0.040786 0.0402896 9.84936e-12 0.00377311 0.0384768 0.0421225 0.0569275 0.0484918 0.00131798 0.0116591 0.0129008 0.000109711 0.0064691 5.69231e-05 0.000265971 0.000440603 0.216728 0.0101244 0.023264 0.0209119 0.00293351 0.0237787 0.351208 0.0461496 0.000814422 
0.00603621 3.96428e-05 2.80391e-05 0.0397398 0.0286058 0.125431 0.00791174 0.0142389 0.0114047 0.00104473 0.00844646 1.91178e-05 0.559591 9.51361e-05 0.00118875 2.45062e-06 0.00777948 0.00703162 0.0168057 0.0269055 6.84106e-06 0.0676177 0.0508024 0.00490243 0.0143255 
0.0304696 0.000102722 8.46724e-05 0.00231605 0.00417338 0.02786 0.00923302 0.00983828 0.00198857 0.000488486 3.74815e-05 1.86166e-06 9.81964e-05 1.13378e-05 0.00390956 1.83434e-05 0.0301471 9.92094e-05 0.000929418 0.000312344 1.10858e-07 0.000643316 0.413924 0.0826388 0.380674 
0.0366237 0.000155394 5.96918e-07 0.0429178 0.045597 0.0810434 0.00074453 0.0768957 0.00643563 0.00273114 0.00786625 7.30585e-06 0.0154081 5.43309e-05 0.000814794 5.2464e-06 0.00704829 0.000175977 0.051968 0.00851969 1.95132e-05 0.0304685 0.562239 0.0210206 0.001239 
0.175864 6.79583e-05 8.63414e-10 0.00493873 0.0650685 0.140483 0.00273579 0.0103157 0.00738647 0.00645959 0.000603291 4.47549e-10 3.88559e-08 0.00256389 1.75449e-13 6.64929e-05 0.0400836 0.0401505 0.022538 0.000806334 2.74088e-06 0.442578 0.0364324 0.000756794 9.73461e-05 
0.0275704 4.30665e-05 1.53066e-07 0.0089976 0.079644 0.0141831 0.0323939 0.0561465 0.00898437 0.00411296 0.0440245 2.51174e-05 0.00327653 1.5875e-05 0.000522907 7.81113e-05 0.414992 0.0416769 0.019198 0.00376821 4.81853e-05 0.00621131 0.194231 0.0380772 0.00177787 
0.0677836 8.40704e-05 3.65196e-08 0.000287314 0.247324 0.00807163 0.00524087 0.0545712 0.0022037 0.0147354 0.000551279 4.8268e-08 1.16434e-06 8.46224e-07 0.00124135 1.31335e-05 0.00835488 0.00176541 6.02568e-07 3.81583e-06 1.23219e-07 0.0047791 0.00142794 0.581192 0.000366374 
0.0119071 2.96499e-06 7.34677e-10 0.0028003 1.65016e-08 0.125213 1.92074e-07 0.0419741 2.48291e-07 0.649059 9.63617e-08 1.19033e-10 0.0017363 6.07129e-10 4.48018e-10 0.000317985 0.0123817 7.34977e-11 0.0146827 0.0885128 4.50156e-10 0.00151502 0.0458277 0.0040687 2.59107e-07 
0.00397335 1.18918e-05 6.96017e-08 0.0957624 0.0893276 0.212268 0.00118941 0.20119 0.152988 1.92773e-05 0.00236234 2.24073e-10 0.0122745 6.1893e-05 0.000106624 1.42106e-05 0.00444986 0.00244478 0.00389092 0.00954965 1.40997e-07 0.0106847 0.1889 0.008489 4.19539e-05 
0.00530776 0.000105839 1.29384e-07 0.000826348 0.163716 0.000206505 0.00961576 0.00932214 0.000979624 0.00183125 0.000954811 1.08954e-06 2.28164e-06 2.79229e-06 0.000113312 4.41599e-06 0.0020274 0.00016949 0.00630599 0.00107122 6.54086e-05 0.00691083 0.0487818 0.741674 4.03282e-06 
0.00277422 5.9909e-05 0.0672913 0.00213205 0.416287 0.0375911 0.0785884 0.0168367 0.227505 0.000911751 0.000610768 3.03993e-06 3.8694e-05 1.32838e-05 0.000682608 5.36058e-05 0.00116174 0.0242107 0.000290531 0.00121328 3.40873e-07 0.00749993 0.0468363 0.0672122 0.000196073 
0.0220116 2.09813e-07 7.11525e-12 0.014619 0.0345346 0.124798 0.00096336 0.613085 0.00139735 0.00646981 0.00295828 1.37197e-08 0.00167076 4.76335e-08 3.19914e-06 1.80637e-08 0.00986989 0.000199661 0.0120596 0.125062 4.3597e-12 0.0199983 4.17879e-07 0.0102982 5.84283e-07 
0.0293924 0.00367961 0.00192616 0.00400275 0.110889 0.0154316 0.00338212 0.119888 0.0065069 0.0112147 0.000480162 0.000127257 0.00237421 3.90052e-05 0.0078378 3.28832e-05 0.0957877 0.000624104 0.00625841 0.00413449 0.00325251 0.0106942 0.142923 0.418938 0.000182956 
0.00264823 5.0101e-05 2.02084e-07 0.00297305 0.00328433 0.0313459 0.00133249 0.0193665 0.000281904 0.00056846 0.00417912 3.27418e-08 0.00410562 0.000467766 1.23234e-07 0.000863881 0.896183 0.000699519 0.00435423 0.00415152 1.23822e-07 0.00649197 0.0152995 0.000912546 0.000440164 
0.0705604 0.000736351 2.03746e-07 0.0763644 0.0145957 0.0977983 0.000163316 0.620794 0.003323 9.92876e-05 0.00117074 6.41811e-06 0.000471983 3.45531e-05 0.0031817 0.000500083 0.00972615 0.00039001 0.000316124 0.000196185 3.02809e-05 0.00394737 0.00718701 0.0882615 0.000145439 
0.0266574 5.48992e-07 8.77188e-10 0.283784 0.0840713 0.0378111 0.0835008 0.0476713 0.0237845 0.00138173 0.000144779 3.25202e-08 0.000128515 6.24225e-08 0.000342432 4.12131e-05 0.00624547 0.0125539 0.00423147 0.00765215 1.05021e-06 0.0639634 0.308718 0.00723639 7.83791e-05 
0.0903557 0.000653708 1.40156e-09 0.112774 0.0391865 0.00826143 0.000132033 0.12736 0.00647967 0.0263308 0.00932886 5.61938e-08 0.000169488 6.37099e-05 0.00808742 7.2676e-08 0.0164291 0.000118012 0.00846287 0.012726 0.000200898 0.0797688 0.305639 0.146198 0.00127427 
0.0331091 2.44421e-08 2.17644e-09 0.00383365 0.0392772 0.131607 0.00437419 0.0434866 1.02888e-07 0.0046788 4.88699e-08 3.16654e-09 0.00200668 4.5477e-12 0.000238711 5.73123e-05 0.0261861 0.000410934 0.252677 0.00126184 3.03754e-06 0.034013 0.386326 0.0362823 0.000169887 
0.0143932 4.662e-07 2.09273e-09 0.108468 0.517937 0.00303014 0.00156182 0.00595841 0.133827 8.38602e-06 0.00483566 1.47247e-07 0.000321361 0.000189766 0.00156616 5.57338e-06 2.49675e-06 0.108401 0.00253328 0.0858622 5.47364e-08 0.00632854 0.00456353 0.000146341 6.00537e-05 
0.0645784 2.23932e-06 1.01709e-09 0.055685 0.268963 4.68877e-07 0.00734376 0.0536468 6.61235e-06 0.0540946 0.0009265 1.64789e-10 8.12786e-07 8.40509e-10 0.000946655 2.23102e-06 0.0151252 0.0561478 1.53859e-06 1.17458e-06 6.23196e-10 9.14999e-07 0.0469524 0.375572 1.62178e-06 
0.109819 0.000308838 0.000191685 0.0621729 0.112036 0.0323158 0.115838 0.131519 0.0130735 0.0363619 4.43029e-05 6.4788e-06 0.0163791 7.41807e-06 0.00111781 1.78814e-06 0.000756621 0.0075853 0.00415169 0.0027345 1.43526e-06 0.0346902 0.276993 0.0418072 8.65987e-05 
0.6986 0.00052704 0.0213703 0.0952742 0.00412607 0.00381419 4.39787e-05 0.00867638 0.00335934 0.00572407 0.000229265 5.10728e-06 0.00375307 1.51822e-06 6.12695e-05 2.87225e-05 0.0074812 0.000968576 0.00396516 0.0242413 0.000223921 0.0192161 0.0897812 0.00848166 4.63437e-05 
0.0958548 2.9086e-05 2.42036e-10 0.348791 0.0482471 0.0256957 0.000936474 0.0082051 0.0076381 0.00756589 0.00915145 1.86652e-05 0.0133604 0.000218182 0.00463217 1.88316e-05 0.013647 0.00078912 0.0400004 0.0197948 0.000217652 0.00267184 0.328624 0.0218699 0.00202194 
0.00386532 0.000433837 2.84571e-06 0.0165073 0.00984005 0.0179012 0.000237142 0.0027254 0.000993462 1.03108e-05 0.608874 9.07463e-07 0.278226 0.000111926 1.28921e-05 6.84954e-07 0.00115598 0.000116484 0.00290361 0.00216998 2.52349e-08 0.00475619 0.0410099 4.26474e-05 0.0081023 
0.114271 0.0228773 1.65037e-09 0.0123462 0.121926 0.0223712 0.00708958 0.124829 0.014601 0.0598991 0.0200253 1.42248e-06 0.00486625 0.0005497 0.000959055 0.000400047 0.0433574 0.00149699 0.00533503 0.0956472 0.000159481 0.049532 0.135209 0.141751 0.000498785 
0.034637 3.62926e-05 3.59791e-06 0.0508027 0.0269318 0.0207266 0.00687856 0.0193492 0.000958131 0.00706777 0.025998 3.40527e-05 0.0031187 0.0003491 0.000524339 1.63582e-05 0.0278278 0.00698558 0.00259423 0.00722744 9.45355e-05 0.00899078 0.722178 0.0262304 0.000438689 
0.135077 6.58187e-07 1.62358e-07 0.0358628 0.0256309 0.0243033 0.0018769 0.00967853 0.0288016 0.00374556 0.000508459 1.67452e-08 1.21284e-06 0.00261259 0.000105037 6.283e-07 0.00704191 2.92378e-06 0.002695 0.61205 7.48245e-08 0.107742 3.29206e-06 0.00225852 4.63566e-07 
0.0127959 1.34662e-07 1.63493e-07 0.0388366 0.014262 6.46644e-06 3.79575e-08 0.0171765 0.0415626 0.00469787 9.94552e-06 2.64893e-08 6.64267e-06 1.35109e-07 0.00947754 2.18341e-07 1.42518e-07 1.6356e-08 6.67456e-05 3.24511e-08 1.00176e-07 6.11472e-05 0.0039399 0.855646 0.00145332 
0.0877188 0.361984 2.85786e-08 0.0198952 0.0126464 0.000489342 0.000303949 0.0336258 0.00175946 0.107512 0.00732683 1.91303e-06 0.00716197 0.000326859 0.00499088 0.000194884 0.000989009 0.0429361 0.0177029 0.00337853 1.8242e-06 0.00328939 0.0407234 0.244119 0.000921889 
0.0882671 0.000866797 5.97298e-08 0.00445266 0.0347093 0.0258644 0.0125977 0.0375482 0.232855 0.0122752 0.00176248 0.000101981 0.0926037 0.000385282 0.00817291 0.000116887 0.133593 0.000264404 0.0342848 0.00478293 0.000274296 0.1242 0.0541358 0.0948986 0.000986449 
4.87682e-06 0.00743791 2.39595e-07 0.366569 0.0112489 0.11774 4.00209e-06 0.0619484 0.000220822 1.2871e-05 0.0684444 2.23178e-07 0.0121759 1.2867e-06 5.24185e-08 1.20012e-06 0.0502114 3.8298e-08 0.000534067 0.00991929 3.30105e-06 0.0103099 0.279417 0.00369148 0.000103916 
0.00960978 6.95757e-05 1.04729e-10 0.000637858 0.0116144 0.569355 0.00411817 0.00881445 0.000154229 0.00717672 0.000245587 5.98255e-09 0.00424213 4.55241e-05 5.76419e-05 2.13596e-06 0.164147 0.00019152 0.000884185 0.0015034 2.78962e-07 0.000229444 0.210282 0.00491593 0.00170261 
0.138122 9.25557e-06 4.48581e-12 0.000368526 0.0129098 5.86396e-05 0.00974989 0.000256755 0.719185 0.000285651 0.00135426 4.98956e-06 0.00169168 0.000187933 5.78132e-05 4.19595e-07 0.0382583 0.00012543 0.00246888 1.39867e-05 2.3234e-05 0.000979948 0.0709111 0.00285084 0.000126456 
0.0845051 0.000615015 4.11529e-09 0.00146705 0.0932013 0.0163736 0.00200762 0.0112393 0.000704484 0.0356084 0.012836 2.26064e-05 0.0190121 2.86828e-05 0.000106182 7.09271e-05 0.00847864 0.0616289 0.0155053 0.00365217 4.41235e-05 0.00190893 0.042606 0.015865 0.572512 
0.00222252 4.88863e-09 1.97184e-11 0.00995064 3.2047e-07 0.889139 1.30019e-07 0.0818256 0.000866493 5.54678e-08 4.0778e-07 3.1948e-12 0.00316521 4.56425e-08 1.20246e-11 8.42937e-08 0.00502249 6.82559e-08 4.24867e-07 4.05087e-07 1.2082e-11 0.00690532 1.49285e-06 0.000899415 4.29493e-08 
0.432112 0.40468 2.18558e-07 0.0164738 0.00439814 0.00387488 5.71665e-05 0.0014267 0.00015374 0.0144916 0.000143749 6.70217e-07 0.000467567 0.000361634 0.000280146 2.91879e-07 0.000752809 0.000136093 0.000162743 0.0716416 8.77274e-07 0.000313258 0.00474616 0.00796066 0.0353642 
0.000481913 2.75747e-05 2.1675e-05 0.0103047 0.00875822 0.472857 0.0261654 0.156398 0.0654207 0.00116606 3.11599e-06 3.28461e-06 1.86868e-05 4.51626e-06 9.76583e-05 1.86668e-05 0.00904884 0.000121699 0.00399546 0.00293328 3.90038e-06 0.0414248 0.186959 0.0137233 4.2381e-05 
0.0307978 7.44551e-05 7.64439e-06 0.00491469 0.149623 0.012729 0.111631 0.0131315 0.014164 0.192344 0.0135221 6.34879e-05 0.0330122 0.000132157 0.00168833 8.02364e-07 0.00724754 0.0447116 0.00670989 0.0024778 0.000168079 0.00159165 0.0507364 0.306312 0.00220939 
0.0192503 0.313707 1.22001e-07 0.010618 0.0547001 0.0904871 0.00897002 0.0358681 0.00318385 0.0025205 0.00516521 3.65898e-05 0.00143853 6.07544e-05 0.0101936 2.95613e-05 0.0457578 0.0277899 0.00227607 0.0351171 0.000104776 0.00960426 0.316941 0.00331301 0.00286695 
0.000566419 5.23242e-08 9.38051e-11 0.00415715 0.806166 8.4414e-12 0.078257 0.0177152 0.000308268 5.52092e-07 7.60159e-08 1.51984e-11 0.000151334 2.20242e-07 5.72039e-11 1.25274e-10 4.04015e-05 0.0925631 1.01917e-07 4.21548e-09 5.74769e-11 7.35994e-05 4.13354e-12 7.21739e-07 5.37539e-11 
0.00899379 2.82739e-06 0.000225382 0.00673538 0.0298527 0.0114566 0.0488049 0.00716337 0.0294467 0.00984721 0.000629997 1.63823e-06 0.000261361 0.000340613 2.60746e-06 3.90385e-06 0.649621 0.000106404 0.00362447 0.0251954 0.0128194 0.0792064 0.0577654 0.0178656 2.73378e-05 
0.187042 1.54781e-06 2.90129e-10 0.0229116 0.00625986 0.279038 0.00268942 0.0472472 3.16706e-07 0.00122491 0.00415245 9.68919e-09 0.0109455 1.75079e-07 3.10387e-07 5.47233e-08 0.0462719 9.22877e-08 0.0590307 0.0240036 1.63887e-07 0.0121438 0.296456 0.000580214 1.92667e-07 
0.120252 5.85044e-05 0.13676 0.0387021 0.00215243 0.00230939 4.94222e-05 0.0020461 0.00102438 0.000602432 0.000767421 8.73676e-08 0.00231918 2.57563e-05 0.00232523 1.53043e-05 0.00173874 1.80274e-07 0.00125397 0.673805 1.12514e-07 0.00599171 0.00555581 0.00210824 0.000136957 
0.048735 0.0024929 1.54141e-09 0.0580786 0.080245 0.00096888 0.00034718 0.0227351 0.0050932 0.217875 0.00267503 5.45436e-05 0.00649868 0.000428347 0.000629339 3.82377e-06 0.00358727 0.0135088 0.130153 0.333257 0.000333321 0.0102419 0.01043 0.0421556 0.00947296 
0.0845051 0.000615015 4.11529e-09 0.00146705 0.0932013 0.0163736 0.00200762 0.0112393 0.000704484 0.0356084 0.012836 2.26064e-05 0.0190121 2.86828e-05 0.000106182 7.09271e-05 0.00847864 0.0616289 0.0155053 0.00365217 4.41235e-05 0.00190893 0.042606 0.015865 0.572512 
0.00380794 0.0001599 4.61964e-08 0.0019463 0.00781027 0.768264 0.000571664 0.102474 0.00041471 0.000859702 0.00581321 4.05989e-06 0.00385719 6.95197e-06 0.00144284 6.34896e-06 0.0376307 0.00157986 0.000430347 0.00606368 5.03116e-08 0.0271315 0.0210859 0.00861773 2.10419e-05 
0.000555451 8.17948e-08 9.93068e-08 0.000487384 0.000241363 8.9365e-09 2.30557e-08 0.000132886 0.000324884 0.000859669 0.000272725 1.60898e-08 0.000105445 8.20662e-08 0.00107801 0.00184358 0.000285381 4.76967e-05 1.5539e-08 6.70374e-05 6.0848e-08 0.000283682 0.000764487 0.99265 5.69066e-08 
0.0502618 9.34958e-05 1.15457e-05 0.0439853 0.176576 0.0338996 0.00434165 0.0240844 0.0014132 0.00198335 0.00304822 0.000164556 0.00239623 0.000336012 0.00599503 0.00067034 0.104663 0.0165637 0.108406 0.0216484 0.000178288 0.150878 0.121484 0.123749 0.00316899 
0.334622 5.79016e-05 6.20685e-09 0.0373096 0.0258373 0.147643 0.00490306 0.0228458 0.00671476 0.00724841 0.00982979 4.07546e-05 0.00299036 0.00188488 0.00164158 8.40641e-05 0.0218212 0.00474534 0.0417748 0.00529907 1.24932e-06 0.0325926 0.272768 0.0168951 0.000448875 
0.0140127 0.000317561 6.89234e-12 0.00966517 0.00337546 0.726391 0.0217259 0.0176785 0.00440095 0.00544808 0.00012048 9.08996e-06 0.000243013 0.00102435 3.54744e-05 1.60852e-05 0.000890441 0.000503885 0.0507762 0.00580139 1.22907e-07 0.0205322 0.11582 0.00107113 0.000141142 
0.00551084 0.00439142 0.139067 0.00304281 0.262084 0.011539 0.472812 0.0167259 0.00900362 0.000491061 0.0184384 0.000113925 0.00171485 0.000809389 0.00038288 0.000303013 0.00139471 0.000317683 0.00349861 0.00840753 1.37855e-05 0.00539073 0.0280194 0.00645813 6.97926e-05 
0.0207812 3.52738e-08 5.71268e-07 0.0791149 0.0538446 0.338918 0.0012887 0.0288561 0.0110221 0.000245701 0.000493901 6.15834e-09 2.26861e-05 3.12315e-05 9.62404e-06 1.20076e-08 6.14978e-05 1.47784e-05 0.00380564 0.0332861 3.12426e-09 0.194563 0.231168 0.00246915 2.97894e-06 
0.0139235 3.0198e-05 8.06451e-09 0.00614302 0.0300369 0.448826 0.006641 0.0284243 0.0144369 0.0181747 0.0014127 1.96683e-05 0.00596403 8.08488e-05 0.00122384 8.5738e-05 0.0967282 0.0479565 0.0407482 0.00754687 1.60609e-06 0.0294828 0.179257 0.0191579 0.00369722 
0.00452486 7.68165e-06 1.28415e-09 0.0627497 0.568053 0.000767333 0.0282071 0.0893383 0.070659 9.68261e-05 0.0168896 9.29611e-09 0.000789717 4.15145e-09 0.000922876 0.000142062 0.000643216 0.00100182 0.000649023 0.0211738 1.16864e-05 0.00229631 0.129745 0.000717908 0.000613823 
0.00240658 7.66174e-05 9.29095e-11 0.460624 0.0121358 0.127319 0.00143578 0.0123759 0.0307013 2.89526e-08 0.00141238 1.50533e-11 0.010335 6.61458e-06 1.54367e-07 1.84809e-05 0.000292749 1.03295e-05 0.00178917 0.00110448 5.69282e-11 0.0208179 0.317138 1.14559e-07 5.32407e-11 
0.0176952 3.18146e-07 3.50173e-11 0.00783693 0.26996 0.017946 0.00203363 0.102627 0.0146358 0.00353516 9.8733e-08 4.64526e-08 0.000803966 0.000696085 0.00529116 0.000216714 0.0253832 0.0154341 9.28101e-07 0.00441392 1.62308e-07 0.0032315 0.143176 0.365017 6.54947e-05 
0.0694924 6.99656e-06 3.05475e-10 0.00421863 0.028471 0.0115189 0.00475206 0.00759002 0.0314451 0.00166784 0.000919946 1.816e-08 0.00702064 0.000179742 1.47876e-07 1.61332e-05 0.28278 0.000469967 0.00222191 0.000658559 4.11597e-06 0.025974 0.514699 0.00585265 3.9738e-05 
0.077692 0.00138438 2.29021e-10 0.149002 0.101112 0.012003 0.00526348 0.194838 0.00193583 0.0164295 0.0118146 0.000972709 0.00748523 0.00161077 0.00744385 0.0011793 0.0274668 0.00462141 0.110876 0.031727 0.0192574 0.0294202 0.154169 0.031832 0.000463692 
0.0313477 0.00039473 5.20883e-11 0.0257902 0.0226718 0.248262 0.00151553 0.0710842 0.00151741 0.00425814 0.000352384 1.11433e-05 0.00510554 3.55333e-05 0.000300119 6.54374e-08 0.0649648 0.000285052 0.0275537 0.010405 0.000739936 0.010314 0.460999 0.0119526 0.000139696 
1.87113e-05 2.5952e-09 3.15082e-09 0.00742282 8.17286e-06 0.000123368 1.71913e-05 0.284163 7.99011e-10 1.02384e-05 1.35182e-09 5.10499e-10 0.0694947 4.42907e-06 1.53906e-06 2.52891e-06 0.00142352 3.15211e-10 4.93022e-10 6.25396e-10 5.7937e-06 3.96814e-05 7.98759e-05 0.637184 1.80554e-09 
0.134972 0.000675776 2.03489e-10 0.00266887 0.463323 0.0104668 0.00155502 0.03046 0.0238368 0.0470799 0.00936603 1.01398e-08 0.00230828 4.92406e-05 5.05508e-05 1.08262e-07 0.0667059 0.0784934 0.000952959 0.00354946 4.69532e-06 0.00726715 0.0968001 0.0190537 0.000359959 
0.0140127 0.000317561 6.89234e-12 0.00966517 0.00337546 0.726391 0.0217259 0.0176785 0.00440095 0.00544808 0.00012048 9.08996e-06 0.000243013 0.00102435 3.54744e-05 1.60852e-05 0.000890441 0.000503885 0.0507762 0.00580139 1.22907e-07 0.0205322 0.11582 0.00107113 0.000141142 
0.266152 2.04716e-05 0.000115967 0.0192562 0.02085 0.0982646 0.00046529 0.00383925 0.000177382 0.00191601 0.000371202 6.37961e-06 0.0718657 0.000135578 3.7022e-07 0.00168033 0.00458069 1.94088e-05 0.13016 0.164638 5.24801e-06 0.0022686 0.213151 3.23752e-05 2.76572e-05 
0.0603034 0.000119231 1.63304e-06 0.0122045 0.0018802 0.0180956 0.000180676 0.0047329 4.23426e-05 2.37886e-05 0.000180787 7.57827e-06 0.0103068 0.00044213 3.93408e-05 6.0511e-05 0.0353849 0.00308906 0.00765712 0.0537438 6.50923e-06 0.706934 0.0308057 0.0537033 5.37045e-05 
0.00222252 4.88863e-09 1.97184e-11 0.00995064 3.2047e-07 0.889139 1.30019e-07 0.0818256 0.000866493 5.54678e-08 4.0778e-07 3.1948e-12 0.00316521 4.56425e-08 1.20246e-11 8.42937e-08 0.00502249 6.82559e-08 4.24867e-07 4.05087e-07 1.2082e-11 0.00690532 1.49285e-06 0.000899415 4.29493e-08 
0.411932 4.37178e-06 1.87417e-07 0.0242569 0.0213804 0.0112198 0.000133374 0.0356076 0.0103044 0.0414973 0.000811025 3.65117e-07 0.0995975 0.00519855 0.222505 1.74987e-06 0.000863486 0.000260768 3.20601e-06 0.00522468 0.000900738 0.0818279 0.015003 0.0114596 5.91344e-06 
0.0294421 0.0161785 1.64177e-08 0.0276588 0.515903 0.00413636 0.0547267 0.119845 0.000297303 3.63572e-05 0.00453355 1.6361e-10 0.00416879 4.88139e-06 0.00523468 0.000110984 0.00772518 0.170749 0.00364121 0.000491666 7.80282e-06 0.0235527 0.00992792 0.00129379 0.000333645 
0.0638788 8.08712e-05 0.000206801 0.0829324 0.0251216 0.00706689 0.000895207 0.0416994 0.0600493 0.00592296 0.0514206 2.31912e-05 0.00289416 3.63324e-05 0.0332405 5.82478e-06 0.00341343 0.0532518 0.00628409 0.0226935 6.30818e-07 0.019526 0.1579 0.345979 0.0154765 
0.00428208 0.350457 1.81693e-07 0.0131751 0.0351905 0.022168 0.000276824 0.00235681 7.95953e-05 0.000505716 1.96865e-05 1.70039e-05 0.000340695 1.5015e-07 3.78678e-05 2.07115e-05 0.00778019 0.00854582 0.0764066 3.95021e-05 0.000156755 0.243615 0.0959299 0.137384 0.00121518 
0.00120414 4.25323e-11 5.16383e-11 0.00187396 0.281809 0.00537031 0.158155 0.104021 0.00375098 0.000605399 0.000240016 1.961e-09 0.000978705 1.24227e-05 7.17161e-05 1.41971e-08 0.000975591 0.433776 0.000704115 0.000757776 8.30899e-09 0.0032727 0.00093491 0.00141333 7.25806e-05 
0.0654294 2.12782e-05 2.42613e-10 0.0128631 0.0057631 0.00580971 0.000701998 0.0115406 0.000369449 0.00311972 0.000602912 1.04025e-05 0.00819891 4.64779e-05 0.0265633 2.92549e-05 0.118446 0.00708713 0.00471229 0.0027 3.64943e-06 0.259659 0.117845 0.188673 0.159803 
0.0455168 2.26542e-06 1.44376e-05 0.0305729 0.124025 0.0663833 0.0134155 0.277535 0.00806902 0.00137723 0.012537 8.27087e-06 0.0948229 0.00048243 0.00574066 0.000890045 0.0692451 0.00571374 0.019436 0.010529 0.000123393 0.0746825 0.123457 0.0144703 0.000950626 
0.0830567 0.000130319 2.94692e-05 0.0960947 0.0263392 0.0531898 0.0297338 0.34191 0.00378504 0.014115 0.00056223 8.97275e-07 0.0521652 6.83431e-05 1.30912e-08 1.40836e-06 0.00200204 0.000247407 0.00254224 0.00335341 1.39593e-06 0.0219958 0.26624 0.00241635 1.97261e-05 
0.0371319 0.000161854 0.000633777 0.230373 0.0220265 0.188965 0.00334488 0.0280687 0.0116834 0.00192933 0.00476263 8.67736e-05 0.130276 1.61399e-05 0.00732301 8.768e-05 0.00598541 0.00445671 0.0417241 0.0275366 1.19142e-05 0.128246 0.108873 0.00480275 0.0114925 
0.00639121 7.89619e-07 2.05774e-09 0.0316541 0.0254547 0.059422 0.000108799 0.0110912 0.000263002 0.000970617 0.103015 1.14999e-08 3.22056e-05 1.82629e-06 9.11763e-08 7.76652e-08 0.0123128 0.00130118 0.000675361 0.000385677 1.12725e-06 0.0053713 0.736494 0.00505257 4.66088e-07 
0.0334789 2.86703e-05 2.21718e-08 0.122017 0.0237419 0.128403 1.0185e-05 0.489252 0.0300117 0.01941 0.00267537 8.77328e-08 0.00113389 9.01833e-05 0.000244757 1.72387e-06 0.00410956 0.000205059 0.00654382 0.0203498 7.21188e-07 0.030355 0.0829892 0.00451279 0.000435289 
0.0102054 0.000586304 0.000370105 0.00758551 0.373336 0.0174499 0.178047 0.0239762 0.016828 0.00767248 0.001364 0.000298801 0.00203941 0.00123287 0.00453804 0.000194411 0.00503088 0.252934 0.0254091 0.0041195 6.22876e-06 0.00968179 0.0405647 0.0147051 0.00182383 
0.0270799 0.00200073 2.14209e-06 0.0793504 0.0365223 0.0988242 0.00936385 0.0173021 0.00475082 0.00785719 0.00729854 0.000114933 0.00203571 0.0454777 0.000139013 5.49944e-05 0.0368522 0.0301466 0.0597045 0.00664767 0.0136356 0.194871 0.285428 0.0340051 0.000534035 
0.0703206 0.000120846 0.000263659 0.0906465 0.0140207 0.0648571 0.00199369 0.0188894 0.00314172 0.022101 0.00125728 5.1114e-06 0.00925214 0.000686612 0.00124358 1.0549e-05 0.00361191 0.00642654 0.00803532 0.0105198 1.65309e-05 0.0192211 0.641177 0.0117247 0.000456538 
0.0293645 2.26204e-09 2.74633e-09 0.0266712 0.0281072 0.0666849 0.00243842 0.190658 0.00616576 0.00233149 0.00283293 5.11387e-08 0.00196952 5.12593e-07 0.0185322 7.1538e-05 0.0994881 0.00546668 1.97803e-05 0.00276015 5.21333e-08 1.41388e-06 0.461918 0.00674707 0.0477712 
0.014927 0.00215333 1.57802e-06 0.0363083 0.558335 0.0129802 0.000621678 0.0436384 0.0292724 0.00506006 0.00150917 4.51476e-06 0.0067535 2.82274e-05 0.000700667 1.1096e-05 0.00925722 0.00882263 0.0201143 0.0182117 0.000134518 0.00785977 0.038729 0.183992 0.000574081 
0.0142238 6.97561e-06 0.00297654 0.0274454 0.562121 0.0702808 0.0086007 0.104417 0.0194922 0.00389886 0.0124672 1.97865e-07 1.83738e-05 0.000927786 0.000118229 7.19699e-06 0.00141512 0.00582002 0.00125713 0.0107475 9.19826e-07 0.111978 0.0386798 0.00309287 5.79729e-06 
0.0418385 0.00032602 3.58157e-06 0.0187133 0.0717565 0.00189701 0.175402 0.0817522 0.0156946 0.00323908 0.00111405 0.000131088 0.000591923 6.59855e-06 0.069504 0.00116579 0.020051 0.000436627 0.00469775 0.00157485 0.000290836 0.0376437 0.0850819 0.366839 0.000248449 
0.130046 0.000411663 0.111326 0.0416344 0.0405542 0.0653419 0.0255569 0.0882225 0.00538688 0.0549803 0.00603863 1.5477e-07 0.0118092 6.60235e-05 5.06597e-05 0.00496514 0.197977 0.0411102 0.0319549 0.019762 0.000128066 0.0729216 0.0200175 0.0297372 1.32877e-07 
0.0258454 0.000159091 0.00627362 0.0386933 0.0729695 0.297354 0.00448088 0.249005 0.00206294 0.00564243 0.00344225 1.03219e-05 0.0282437 2.09031e-05 0.00166612 8.47834e-05 0.0143241 0.00857227 0.016564 0.00721282 1.23438e-05 0.0167245 0.169114 0.0314444 7.78655e-05 
0.00262524 1.14053e-05 1.90332e-12 0.0197978 0.0296049 0.0521941 0.000260567 0.00803692 0.00242872 0.00247683 0.00222373 1.39672e-06 0.00221942 9.59498e-06 0.00059628 4.17029e-05 0.0221287 0.00436361 0.661662 0.00413199 1.02702e-05 0.0121673 0.167531 0.00408808 0.00138837 
0.00899736 0.000409899 0.000190622 0.0126841 0.6855 0.0136359 0.0138501 0.036343 0.0107966 0.00783685 0.00159585 4.6452e-05 0.00153285 0.00563699 0.00162091 0.000368895 0.00660478 0.0524993 0.00669582 0.00311121 1.52075e-05 0.0102219 0.0625317 0.0562069 0.00106672 
1.7795e-05 0.00355485 2.18087e-06 4.61174e-05 0.0205394 2.0484e-05 6.40268e-06 0.680864 4.08206e-06 5.90366e-09 0.000202576 3.94476e-09 1.03409e-05 2.01203e-08 1.48473e-08 3.25151e-08 8.72134e-06 2.43572e-09 2.29497e-05 0.000254399 1.49182e-08 0.00655997 0.239328 0.0485577 1.39519e-08 
0.0918166 3.51427e-06 4.10368e-07 0.0474182 0.0842211 0.0527995 0.000432155 0.0325831 0.000436419 0.0071536 0.00616728 3.50904e-06 0.342957 4.51476e-05 6.93449e-05 4.77617e-05 0.116606 0.000174794 0.00951072 0.00729142 8.68304e-07 0.0348466 0.100875 0.0645212 1.90144e-05 
0.0615831 0.000171871 3.88003e-06 0.00530077 0.0464539 0.0389628 0.022017 0.0503863 0.000217653 0.00915618 0.0163129 1.14797e-05 0.0123904 1.28477e-05 0.0012319 8.21432e-05 0.198352 0.000102729 0.0173407 0.00667702 0.00018368 0.0241397 0.14849 0.339657 0.000761922 
0.00352755 0.00056855 2.45364e-08 0.0204529 0.0243208 0.0731359 0.000949627 0.00225189 0.00882723 0.00172651 0.00678199 3.97541e-09 0.000108201 0.00219497 1.49627e-08 5.27435e-05 0.000420829 0.000287588 0.47636 0.00189279 1.07909e-05 0.115522 0.257613 0.00256814 0.000425548 
0.0024339 0.000167433 0.000171364 0.0023826 0.0173528 0.0406948 0.00195994 0.0383511 0.00535915 0.0017037 5.58097e-05 2.2492e-05 0.0015314 3.61164e-05 0.000519436 1.73628e-05 0.210061 0.00520471 0.00105264 0.000421427 0.000423691 0.531065 0.094032 0.0449571 2.27824e-05 
0.00262524 1.14053e-05 1.90332e-12 0.0197978 0.0296049 0.0521941 0.000260567 0.00803692 0.00242872 0.00247683 0.00222373 1.39672e-06 0.00221942 9.59498e-06 0.00059628 4.17029e-05 0.0221287 0.00436361 0.661662 0.00413199 1.02702e-05 0.0121673 0.167531 0.00408808 0.00138837 
0.00444137 0.00451256 2.3053e-09 0.00021934 0.0357904 0.258695 0.0955669 0.175994 0.00471063 0.00528249 0.000542032 0.000102067 0.00113577 7.14079e-05 0.00593621 0.000639461 0.0100487 0.00235938 0.0651132 0.00133846 0.000220589 0.192674 0.0395479 0.0946778 0.000380129 
0.0213307 2.84772e-05 0.000246563 0.00385832 0.00550585 0.00446131 0.000202018 0.00636764 0.00100465 0.00506431 0.00121381 6.13697e-05 0.00561732 6.47616e-05 0.00079627 1.03616e-05 0.806943 0.00559714 0.0110363 0.00706419 0.000209431 0.00321873 0.0914762 0.0183891 0.000232428 
0.136749 0.000425902 3.06364e-06 0.00382499 0.0654861 0.0192531 0.00593107 0.0229088 7.55493e-07 0.00669209 0.00460746 4.84556e-06 0.00907512 0.00128099 4.13999e-05 6.41002e-05 0.499473 0.000829722 0.00187373 0.0615171 0.000457831 0.0137353 0.145394 0.000338836 3.21365e-05 
0.661866 0.0713867 2.28589e-06 0.00227479 0.00555284 0.0190384 0.000116056 0.000511453 0.000776149 0.0757329 0.000279022 6.55707e-05 0.000125006 5.33675e-06 0.000612507 0.000958733 0.0263404 0.00153767 0.00342599 0.00103961 7.30193e-05 0.00511425 0.0948491 0.0281848 0.000131011 
0.00632503 0.0110829 0.000456801 0.0133759 0.127498 0.152105 0.0358497 0.022024 0.152422 0.00288986 0.00923159 7.4098e-05 0.00365748 0.00729721 0.000444085 4.70601e-05 0.00667098 0.0470486 0.0205627 0.00685334 4.76441e-06 0.160928 0.197646 0.0147864 0.000719105 
0.0233883 0.000570591 1.41194e-10 0.0137284 0.379242 0.00930288 0.00500118 0.00539501 0.0980806 0.00888361 0.000110137 1.56187e-06 0.0019239 2.39942e-06 0.00417946 0.000113855 0.00126935 0.0251669 0.000561171 0.00119559 3.87011e-09 0.00182716 0.389521 0.0305183 1.64019e-05 
0.0202078 0.00014736 2.96979e-07 0.0325734 0.0353588 0.133674 0.0342612 0.0522058 0.00622217 0.00277686 0.00618171 7.52762e-06 0.000395319 1.40163e-05 2.85365e-05 4.24178e-05 0.0131508 0.0125287 0.0145763 0.0015082 2.45399e-07 0.0152523 0.61311 0.00573878 3.70261e-05 
0.0751976 8.66307e-05 2.62294e-06 8.46402e-06 0.0360178 0.00411934 0.00108838 0.00330069 0.0001994 0.00667538 0.0466754 2.17745e-06 0.00595487 0.00241755 3.43352e-05 0.00019017 3.27785e-05 0.000678764 0.00209888 0.167399 2.83445e-06 0.00682504 0.0051213 0.635861 9.30817e-06 
0.0181949 0.163028 9.08607e-08 0.0310811 0.134875 0.0128136 0.0175136 0.0710598 0.00322337 0.0969225 0.000415424 3.08057e-06 0.0119116 5.50175e-06 0.0367023 0.000316876 0.0107115 0.0154811 0.0170348 0.024952 0.0466376 0.0303783 0.166321 0.0571773 0.0332402 
0.271675 1.47501e-05 3.05451e-07 0.0125013 0.0340318 2.74871e-08 0.226737 0.0251431 0.0205084 0.00113837 2.77854e-06 4.94894e-08 0.00164227 1.47185e-06 1.86269e-07 8.2905e-06 3.87033e-05 0.000108559 0.000159828 6.06279e-08 1.72797e-06 0.0144129 9.97143e-05 0.391767 6.17099e-06 
0.0319309 3.1595e-05 5.99987e-09 0.256401 0.0183424 0.0443554 0.000389202 0.0362564 9.13617e-05 0.000475727 0.0484375 3.30536e-08 0.0366293 4.00292e-05 1.63904e-08 4.00602e-06 0.000199885 8.01496e-05 0.150111 0.012747 9.32808e-06 0.0321149 0.330324 0.000278928 0.000750128 
0.0135046 6.70427e-05 3.50966e-08 0.000730767 0.184759 0.130077 0.189908 0.0213619 0.00472297 0.0046686 0.000351234 2.93825e-05 0.000238828 0.000238097 3.26481e-05 0.0012418 0.000250985 0.0132355 0.367972 0.00210544 1.00367e-06 0.00793046 0.0524651 0.00405036 5.78242e-05 
