0.0472776 0.0114021 0.000928706 0.0217574 0.162123 0.0272017 0.00570432 0.0443116 0.00581712 0.0109824 0.0384287 0.000133079 0.00589074 0.00528913 0.00247411 0.000396165 0.0431184 0.184819 0.166859 0.002138 0.00247906 0.0223099 0.0445809 0.143066 0.000511808 
0.0173344 3.01416e-09 1.21577e-11 0.0488298 1.97591e-07 0.149171 8.01651e-08 0.0842393 1.69598e-08 3.41995e-08 2.51423e-07 1.9698e-12 0.00311245 2.81416e-08 7.41397e-12 5.19726e-08 0.012225 4.21263e-05 0.00751844 0.00946627 7.44936e-12 3.90568e-07 0.66806 5.49003e-08 2.6481e-08 
7.91646e-08 0.000185326 4.05742e-12 0.00212126 0.000162828 0.125023 0.000964515 0.00238228 0.000211566 2.16453e-08 5.57227e-09 6.57387e-13 0.000587203 1.03977e-08 3.53847e-08 2.22216e-08 0.0116356 6.69789e-09 0.252666 1.62687e-08 3.48301e-09 0.019904 0.582959 0.00112931 6.75479e-05 
0.055653 2.8361e-05 3.87304e-08 2.10943e-05 0.00562296 0.00612686 7.89054e-07 0.0344274 0.0037227 0.222718 0.0122724 1.83802e-09 0.000363192 9.37482e-09 6.15268e-06 1.515e-08 0.00158112 7.46343e-07 0.103466 0.049367 6.36313e-05 0.00919213 0.0628249 0.432537 4.19661e-06 
0.033929 0.000176262 0.0228753 0.0250195 0.00303919 0.0054357 0.0263429 0.00278738 0.0140846 0.000677381 0.0370893 1.44571e-07 0.000101163 0.00109801 0.00141741 2.21221e-05 0.00381555 9.75953e-05 0.00357849 0.711785 3.03143e-06 0.00683409 0.00661152 0.0923761 0.000803729 
0.000109243 8.53481e-05 1.7938e-07 0.0303404 0.135803 0.458644 0.00588416 0.0139604 0.0261858 1.05911e-06 0.0349071 3.4603e-10 0.00074708 1.01106e-05 1.30239e-09 1.65044e-05 0.00535522 0.000422816 0.00624375 0.000170417 2.61026e-07 0.0392209 0.241798 9.11303e-05 2.67894e-06 
0.0205738 4.97255e-06 4.11511e-06 0.000438867 0.047263 0.000163269 0.000831632 0.0257771 0.00147111 0.00182014 0.000662646 2.466e-06 0.000172748 1.85784e-05 0.00149286 9.23137e-06 0.00106771 3.22585e-05 0.00121791 2.943e-05 3.63382e-06 0.00226039 0.0305461 0.86387 0.000265653 
0.060614 1.42297e-07 4.07567e-06 0.0609291 0.187875 1.39459e-06 1.15666e-05 0.3267 0.344861 0.00521395 2.83212e-06 9.29933e-11 0.0120148 4.74313e-10 3.50009e-10 7.66507e-10 3.30727e-06 4.65154e-07 9.52072e-07 2.14187e-06 3.5168e-10 1.9788e-06 5.46324e-07 0.00176259 3.289e-10 
0.162346 0.00532796 1.0439e-09 0.00342039 0.054832 0.249408 0.00250358 0.0207917 0.0174387 0.010274 0.00437194 1.69134e-10 0.0014938 3.04805e-05 6.94393e-08 0.000138288 0.0343436 0.00118132 0.162307 0.0340659 0.000148853 0.16271 0.0723105 0.000522593 3.30487e-05 
0.00845128 2.06914e-06 3.42654e-09 0.0115639 0.10192 0.0480562 0.011854 0.0304346 0.273344 0.00676861 0.000416601 5.55171e-10 2.43599e-05 0.143114 2.08956e-09 1.97616e-06 0.00334558 0.00222477 0.00220391 0.0390389 2.62745e-06 0.0331895 0.270838 0.0131062 0.000100139 
7.91646e-08 0.000185326 4.05742e-12 0.00212126 0.000162828 0.125023 0.000964515 0.00238228 0.000211566 2.16453e-08 5.57227e-09 6.57387e-13 0.000587203 1.03977e-08 3.53847e-08 2.22216e-08 0.0116356 6.69789e-09 0.252666 1.62687e-08 3.48301e-09 0.019904 0.582959 0.00112931 6.75479e-05 
0.0314869 2.43175e-08 0.000977687 0.00805535 0.46051 0.0284528 0.0112739 0.0793166 0.0544316 0.000174316 4.50368e-06 4.78347e-09 5.04885e-05 1.93751e-06 0.000748746 3.49014e-05 0.0853695 0.00345342 0.0433076 0.016374 1.809e-08 0.00390641 0.144904 0.0271627 2.69563e-06 
0.00328274 6.75507e-06 2.23137e-09 0.0337153 0.0928359 0.00173154 0.00253412 0.00321979 0.578458 0.0152573 1.15284e-06 3.61529e-10 8.4364e-05 4.82983e-08 0.192684 1.92068e-05 6.54773e-05 0.000154622 0.0108918 5.25691e-05 6.17165e-08 0.00140964 0.0217909 0.0418024 2.07177e-06 
4.41757e-07 0.00034352 1.26761e-07 0.00228286 0.167741 0.495701 0.00509119 0.045008 0.0693753 0.00148684 0.106383 1.72291e-10 7.5815e-05 1.43756e-06 6.48471e-10 9.8548e-06 0.0018337 0.00162207 0.0415337 0.000776342 6.51566e-10 0.0463108 0.0130503 9.74874e-05 0.00127481 
0.000223963 2.02545e-08 2.45909e-08 0.000258173 0.117642 0.00630969 0.000123188 0.829952 0.00167502 5.96275e-09 0.0250907 3.98425e-09 0.00997072 7.0715e-06 1.4996e-08 3.28406e-08 0.000234297 0.000370591 0.00332998 2.26299e-06 1.50675e-08 0.00479336 7.72971e-06 8.21727e-06 1.40915e-08 
0.000837249 2.4335e-07 2.38637e-05 0.0329369 0.430545 0.000181561 0.173718 0.0436999 0.316944 3.25591e-07 3.19151e-09 1.20523e-09 2.71021e-06 6.55269e-07 7.49892e-06 7.79199e-07 2.6715e-06 3.6216e-06 1.46788e-06 1.13371e-05 2.12223e-06 5.40582e-06 2.35763e-06 0.00107185 2.89335e-07 
0.120252 5.85044e-05 0.13676 0.0387021 0.00215243 0.00230939 4.94222e-05 0.0020461 0.00102438 0.000602432 0.000767421 8.73676e-08 0.00231918 2.57563e-05 0.00232523 1.53043e-05 0.00173874 1.80274e-07 0.00125397 0.673805 1.12514e-07 0.00599171 0.00555581 0.00210824 0.000136957 
0.0199633 3.6367e-05 2.83163e-06 0.352797 0.0221765 0.00837083 1.64825e-05 0.0555788 0.00265822 0.0264266 4.31907e-06 1.01024e-09 0.000408265 1.02615e-05 3.80235e-09 3.30991e-06 2.43733e-06 5.48866e-07 2.90136e-06 0.0927568 7.80904e-08 0.0877936 0.316445 0.0145138 3.13483e-05 
0.000332171 7.04788e-05 1.35315e-05 0.000280361 2.10175e-05 3.58476e-05 2.35337e-05 0.000132053 2.07375e-05 6.77874e-05 0.000103134 6.90192e-06 1.50494e-05 1.11823e-05 0.998243 3.91681e-05 4.09654e-05 7.80171e-06 4.68092e-05 0.00014153 2.45528e-05 6.46793e-05 0.000170088 7.95783e-05 7.75408e-06 
0.00907364 1.32382e-06 1.60724e-06 0.00500153 0.0866765 0.0296495 2.94408e-05 0.0127324 0.00556463 3.72556e-05 3.0532e-05 2.60407e-07 0.0118606 3.30181e-05 0.000338063 2.14643e-06 0.00518152 3.14165e-05 0.00404451 0.00294062 9.848e-07 5.6884e-05 6.70667e-05 0.82327 0.00337426 
0.00428654 4.26011e-10 5.17218e-10 0.00199578 0.161518 0.000203534 0.550625 0.244974 3.99526e-07 0.000102341 4.74825e-07 8.38002e-11 9.49225e-08 8.56648e-09 0.000648754 6.90732e-10 4.40898e-07 0.00467974 0.00970553 9.45285e-08 3.16914e-10 0.00255069 0.0131581 0.00554793 2.56069e-06 
0.000158676 6.93008e-09 8.4138e-09 0.00879906 0.154155 0.00211155 0.0365621 0.64187 0.00252675 0.000100081 0.000290256 4.81304e-09 0.0450704 6.95308e-09 3.93578e-07 2.0586e-06 0.000652194 0.100081 0.00017688 0.00138707 3.44364e-07 0.00588103 8.50253e-05 8.94485e-05 9.05621e-07 
0.0175042 0.0725394 4.26033e-06 0.0692617 0.0794862 3.6454e-05 0.0123034 0.0641415 0.613268 0.000430282 0.0345201 6.90262e-07 9.33002e-05 2.28114e-05 8.13481e-06 1.20171e-05 0.00423748 0.000185903 0.000409126 7.82721e-05 2.61042e-06 0.000835602 0.0231221 0.00748659 9.75289e-06 
0.0284799 0.000586972 0.00290478 0.0184036 0.0462293 0.0619911 0.0143457 0.389423 0.00118567 0.0036685 0.00117447 2.54516e-05 0.0010481 3.08488e-05 0.0024342 2.65139e-05 0.0199897 0.0208089 0.00581113 0.00343879 3.97965e-05 0.0439612 0.244199 0.0886559 0.00113743 
0.0340488 1.14014e-05 1.40327e-10 0.0655299 0.0343276 0.00863399 0.0029793 0.0136717 0.0043814 0.00094283 1.35756e-06 2.2736e-11 0.000285825 0.000125378 8.55739e-11 1.7345e-07 0.00142224 0.0011127 0.000867624 0.000888832 9.22466e-08 0.00493857 0.824885 0.000924619 2.12214e-05 
0.000388261 3.41294e-12 4.14365e-12 0.00294091 0.0373486 0.000337862 0.000434463 0.00296523 0.00376295 3.6962e-05 1.36742e-05 6.71358e-13 1.46882e-05 1.67424e-08 0.000295478 5.53374e-12 0.00210129 0.945824 2.36923e-05 0.000289891 2.53892e-12 0.00147646 0.00144148 0.00030442 1.69214e-08 
0.000388261 3.41294e-12 4.14365e-12 0.00294091 0.0373486 0.000337862 0.000434463 0.00296523 0.00376295 3.6962e-05 1.36742e-05 6.71358e-13 1.46882e-05 1.67424e-08 0.000295478 5.53374e-12 0.00210129 0.945824 2.36923e-05 0.000289891 2.53892e-12 0.00147646 0.00144148 0.00030442 1.69214e-08 
0.0265644 2.48551e-05 2.99125e-06 0.0737261 0.38057 0.0492193 0.00270074 0.020278 0.0345971 0.00237489 0.00871135 1.65937e-06 0.00484699 0.00968769 0.017686 0.207261 0.0387428 0.0203309 0.00143227 0.00964225 0.000264165 0.0349921 0.0489685 0.00597254 0.00140046 
0.00152377 1.34942e-07 4.69331e-09 0.0125748 0.655188 0.0607158 0.00811433 0.0145904 0.118943 2.09985e-06 4.30562e-07 3.2205e-11 4.13757e-11 6.74193e-06 0.000420624 1.28864e-07 2.13435e-05 0.0440895 0.0150245 0.000204141 1.53881e-08 0.0494919 0.0180281 0.000998647 6.13055e-05 
0.00386836 0.00138268 0.00130467 0.000759687 0.0867343 0.483746 0.0344648 0.026132 0.00103578 0.0027568 0.0761433 5.0078e-08 0.0020547 0.00397772 2.0663e-05 1.83141e-06 0.077397 0.0155037 0.00256181 0.0051921 4.34192e-07 0.0210975 0.148012 0.00464281 0.00120939 
0.364677 3.85912e-10 4.68535e-10 0.0446863 0.00136734 1.43396e-07 0.000422995 0.435621 1.18815e-10 1.13609e-10 2.41425e-07 7.59125e-11 3.30634e-06 3.87192e-10 2.42891e-06 6.25717e-10 4.3956e-07 2.20348e-07 1.23907e-06 7.06793e-06 2.87084e-10 7.50281e-06 0.153201 3.38855e-07 7.78885e-07 
0.0122636 3.59264e-05 0.000309879 0.43912 0.0415053 0.0161342 0.00540902 0.0211489 0.00282013 0.00154081 0.000110539 5.39582e-06 0.00372215 2.79007e-05 0.000467565 4.73007e-05 0.000276237 0.000767419 0.0191914 0.000247231 2.08414e-05 0.021356 0.404775 0.00709357 0.00160365 
0.00131968 0.000224983 6.58649e-08 0.0169354 0.246562 0.106004 0.0121655 0.506738 0.000470645 0.0329291 0.000598414 2.1064e-09 2.66558e-06 4.91293e-07 0.00053804 8.62626e-06 6.18358e-06 0.000323582 2.99215e-05 0.00346673 7.96594e-09 0.00941427 0.0100578 0.0519997 0.000203435 
0.0371883 5.12572e-05 1.54442e-07 3.43268e-05 7.79949e-05 0.00012966 3.58562e-08 0.336807 0.00302495 5.33475e-05 0.163998 2.50228e-08 6.73428e-05 1.27629e-07 9.41812e-08 2.06253e-07 0.185435 2.81634e-06 0.00067854 0.0013241 0.0157395 0.0628932 0.0256534 0.166673 0.000167527 
0.0482028 1.29022e-05 1.63444e-11 0.0212633 0.0177218 0.469945 0.00248973 0.017464 0.0173715 0.0105705 0.000251314 2.64814e-12 3.40221e-12 0.0427594 9.96708e-12 5.06895e-05 0.0028842 0.00208562 0.0700766 0.0170299 2.30546e-07 0.0785247 0.181234 5.25866e-05 9.19865e-06 
0.0416024 0.00012015 0.00255098 0.161296 0.114092 0.0866484 0.12269 0.0363289 0.0172658 0.00124009 0.000610029 6.62304e-09 0.0268878 4.30209e-07 0.00588294 3.1446e-05 0.000208123 0.00058449 0.000521971 0.335706 3.00629e-06 0.00840293 0.00680237 0.0288789 0.00164606 
0.0134536 0.00307009 1.19107e-06 0.736463 0.0110682 0.0164096 8.4644e-05 0.0133814 0.00275534 0.00217027 0.0113726 1.58488e-08 0.0105669 3.09805e-06 4.63433e-06 1.07353e-05 0.000171315 0.0143624 0.0124698 0.00506249 6.06007e-08 0.034908 0.112048 0.000114065 4.85369e-05 
0.0187037 1.08345e-05 5.54694e-10 0.0193721 0.193592 0.181099 0.00602233 0.0321007 0.00344475 0.0165285 0.0198796 8.98721e-11 0.0970689 1.80246e-06 0.00273885 2.50254e-06 0.0231094 0.000129077 0.0162716 0.0252466 1.25099e-06 0.0115969 0.225988 0.107014 7.69818e-05 
2.38981e-05 9.40356e-07 1.14168e-06 0.121459 0.147158 0.000172357 0.000119828 0.000741407 0.00433373 1.54947e-05 4.42134e-06 1.84977e-07 0.0251823 9.43476e-07 6.96217e-07 1.52469e-06 0.000961393 0.00875621 0.000161598 0.00104839 6.9954e-07 0.0889068 0.0152684 0.585661 1.9558e-05 
0.00643216 6.18579e-05 1.49427e-11 0.0110106 0.000295186 0.371373 0.000321606 0.0145774 0.000761965 5.45215e-08 5.84784e-05 2.42104e-12 0.000195824 1.55763e-08 0.000665171 5.59783e-08 0.0089792 1.68711e-08 0.22269 0.00216894 8.7759e-09 0.0197395 0.337588 0.00305795 2.25696e-05 
0.0101695 7.80313e-05 3.49588e-06 0.0147686 0.10125 0.625873 0.000717833 0.0250537 0.00551779 0.00936621 0.000492129 2.12051e-09 0.0065863 0.00366918 1.62515e-06 3.81121e-05 0.00561789 0.00249447 0.0010964 0.0418777 1.1648e-07 0.124311 0.0208745 0.000140214 1.77153e-06 
0.0319613 0.000971712 9.78336e-05 0.0325734 0.324203 0.0386095 0.0428481 0.0506307 0.129081 0.0155525 0.00462886 3.66485e-05 0.0020146 0.00044793 0.0116186 4.51774e-05 0.00806671 0.114049 0.0114089 0.00614468 0.000154321 0.0133764 0.119539 0.0406397 0.00130022 
0.00397335 1.18918e-05 6.96017e-08 0.0957624 0.0893276 0.212268 0.00118941 0.20119 0.152988 1.92773e-05 0.00236234 2.24073e-10 0.0122745 6.1893e-05 0.000106624 1.42106e-05 0.00444986 0.00244478 0.00389092 0.00954965 1.40997e-07 0.0106847 0.1889 0.008489 4.19539e-05 
0.00517413 1.24089e-07 2.16479e-07 0.018869 0.422092 0.022108 0.073681 0.0524165 0.0923315 2.43899e-05 0.0752926 9.00022e-11 6.14678e-06 3.44027e-06 0.000256467 5.08558e-08 2.43915e-07 0.00239102 0.000227281 0.00500885 3.40368e-10 0.0428576 0.16268 0.0244671 0.000112291 
0.00264823 5.0101e-05 2.02084e-07 0.00297305 0.00328433 0.0313459 0.00133249 0.0193665 0.000281904 0.00056846 0.00417912 3.27418e-08 0.00410562 0.000467766 1.23234e-07 0.000863881 0.896183 0.000699519 0.00435423 0.00415152 1.23822e-07 0.00649197 0.0152995 0.000912546 0.000440164 
0.00255061 1.16553e-09 4.70121e-12 0.0017845 0.00197134 0.341641 5.58286e-05 0.0922251 6.55811e-09 0.000825219 0.00276119 7.61695e-13 0.00165245 3.3745e-05 2.86687e-12 7.23694e-05 0.0807725 0.000960143 0.000364765 0.0053313 2.88056e-12 0.000649568 0.464693 0.00165589 1.02398e-08 
0.0431522 0.000485694 7.25502e-08 0.578744 0.0152094 0.0616587 0.000276969 0.0107901 0.0111505 0.00245079 0.00572556 1.61163e-08 0.0237819 8.54053e-05 0.000293389 3.99682e-08 0.00275017 1.97362e-05 0.00646476 0.00556718 7.95262e-08 0.00236481 0.22578 0.00109286 0.00215524 
0.0238216 3.66032e-05 0.0540348 0.0288906 0.054422 0.000233915 0.000580525 0.157846 0.00429422 0.00016689 0.00176466 6.39123e-06 0.00019074 2.96078e-05 0.00625968 2.32648e-05 0.00310421 9.18032e-05 0.000192713 0.000251238 1.97567e-05 0.000466078 0.160311 0.502882 7.99851e-05 
0.0478896 1.4026e-05 7.90008e-05 0.0328958 0.0696338 0.00625713 0.00118986 0.0183946 0.0218354 0.00281408 0.00070188 6.12804e-06 0.00256347 3.78574e-05 0.000664678 1.33887e-05 0.0241472 0.00155651 0.0417944 0.00139277 0.000100933 0.0141868 0.106917 0.604128 0.000786053 
0.00403177 1.3419e-06 1.18253e-09 0.193205 0.350255 0.0571226 0.000500503 0.060039 0.248255 0.000133067 7.10118e-07 1.91594e-10 2.46152e-10 8.27757e-07 0.000817166 2.33792e-06 0.000216221 0.00936424 0.000332199 0.000619184 7.24565e-10 0.0582083 0.0121315 0.00476374 2.0705e-07 
0.0228519 8.1239e-06 0.000490068 0.0208209 0.0394253 0.0482036 0.0135748 0.0158546 0.0091523 0.000750416 0.0967109 1.59787e-07 0.00551047 6.16322e-05 0.000392681 1.57199e-05 0.007889 0.000772641 0.576409 0.0229943 9.6665e-06 0.00867901 0.0728922 0.0361782 0.000352441 
0.00893468 5.16464e-05 1.44508e-06 0.0138354 0.756938 0.00651035 0.042458 0.0138908 0.00175005 5.30624e-08 0.00243326 5.69914e-10 0.0460689 0.0103665 2.14505e-09 0.000322563 0.000719145 0.083148 2.51227e-06 3.15472e-06 8.20447e-07 0.00650149 0.00556467 0.000498601 3.03992e-07 
0.000832953 2.17442e-06 1.62718e-10 0.000513048 0.212695 0.275783 0.0385786 0.0102824 0.0301105 0.000251059 0.00166247 2.63637e-11 3.38709e-11 5.76833e-06 9.92278e-11 2.17305e-10 0.0046726 0.055558 1.22968e-07 3.22973e-11 9.97015e-11 0.116493 0.245917 0.00662119 2.22221e-05 
0.135077 6.58187e-07 1.62358e-07 0.0358628 0.0256309 0.0243033 0.0018769 0.00967853 0.0288016 0.00374556 0.000508459 1.67452e-08 1.21284e-06 0.00261259 0.000105037 6.283e-07 0.00704191 2.92378e-06 0.002695 0.61205 7.48245e-08 0.107742 3.29206e-06 0.00225852 4.63566e-07 
0.0355354 0.00146429 3.2293e-10 0.00231905 0.320287 0.0724346 0.0909067 0.00469189 0.0126605 0.00418397 1.3855e-10 5.23215e-11 0.00611737 2.66866e-10 0.0233501 4.31265e-10 3.18312e-06 0.00265135 8.21145e-07 1.68019e-06 1.97868e-10 0.0120724 0.382429 0.0220898 0.00680074 
0.048983 2.0329e-08 2.9733e-12 0.0897975 0.192152 0.0272785 0.0286085 0.0436432 0.131625 0.0389952 2.13048e-08 4.81737e-13 0.0013524 4.67096e-09 2.41169e-08 1.78724e-08 2.69163e-08 6.41606e-08 7.26714e-08 0.00171723 1.82182e-12 0.0365438 0.354793 0.0045072 2.71913e-06 
0.00428654 4.26011e-10 5.17218e-10 0.00199578 0.161518 0.000203534 0.550625 0.244974 3.99526e-07 0.000102341 4.74825e-07 8.38002e-11 9.49225e-08 8.56648e-09 0.000648754 6.90732e-10 4.40898e-07 0.00467974 0.00970553 9.45285e-08 3.16914e-10 0.00255069 0.0131581 0.00554793 2.56069e-06 
0.154434 0.00110579 4.00444e-05 0.0384517 0.0226911 0.0664594 0.000704237 0.0112517 0.00585497 0.00487421 0.00111654 1.00191e-05 0.00438655 0.000320057 0.000582132 2.53038e-05 0.017281 0.0053739 0.0155785 0.00918261 0.00033772 0.0204992 0.614331 0.00470771 0.000400343 
0.0333133 4.95665e-05 8.28635e-12 0.00245013 0.200075 0.0210064 0.185937 0.0302764 0.23484 0.00185966 1.38185e-05 1.34256e-12 3.62672e-05 6.71729e-05 5.05315e-12 3.46837e-06 0.0220242 0.00182483 0.00351036 4.42094e-05 9.18251e-05 0.00454401 0.247819 0.00989926 0.000313891 
0.00222252 4.88863e-09 1.97184e-11 0.00995064 3.2047e-07 0.889139 1.30019e-07 0.0818256 0.000866493 5.54678e-08 4.0778e-07 3.1948e-12 0.00316521 4.56425e-08 1.20246e-11 8.42937e-08 0.00502249 6.82559e-08 4.24867e-07 4.05087e-07 1.2082e-11 0.00690532 1.49285e-06 0.000899415 4.29493e-08 
0.107745 0.00950686 0.00286621 0.10281 0.026592 0.0161596 0.00351167 0.333556 0.00953831 0.0112093 0.00855633 1.0048e-05 0.017409 2.43602e-05 8.66613e-05 0.000720443 0.038548 0.00343398 0.0164708 0.0340288 0.000263528 0.0408806 0.19553 0.0163796 0.00416229 
0.00260282 1.00147e-06 1.21588e-06 0.00911021 0.0295388 0.0137755 0.0242769 0.0554779 0.0345334 0.00524816 0.00271315 1.96998e-07 0.0089092 1.00479e-06 7.41464e-07 1.62378e-06 0.00684323 0.0024937 0.00327256 2.41336e-07 0.000373246 0.0139612 0.778162 0.00507785 0.00362377 
0.0291211 0.00116799 0.00015409 0.0961131 0.0421192 0.201624 0.00341991 0.0428174 0.00999955 0.0045941 0.00184364 1.89968e-05 0.0271907 2.21724e-05 0.0016321 2.95063e-05 0.142119 0.00552758 0.0438381 0.0141991 2.53184e-05 0.0972564 0.223355 0.0116229 0.00018927 
0.0122291 4.03117e-05 3.8278e-08 0.0682205 0.0376067 0.0607251 0.00139692 0.0132385 0.0072919 0.00312938 0.00104846 1.47504e-08 0.00537585 3.70443e-05 0.00258333 2.65194e-06 0.00205892 0.000948253 0.0172433 0.00402491 4.53772e-05 0.0128395 0.736892 0.0130026 1.94413e-05 
0.0078076 3.61663e-08 2.72712e-12 0.00159682 0.000625489 0.0604424 5.71299e-05 0.0234429 1.97793e-08 0.0126102 3.32303e-08 4.4185e-13 0.000734642 6.0808e-05 1.66304e-12 1.31148e-08 0.0636809 0.000387948 0.000198534 0.0031494 6.68558e-09 0.000604242 0.819418 0.00518251 1.42368e-07 
0.00899379 2.82739e-06 0.000225382 0.00673538 0.0298527 0.0114566 0.0488049 0.00716337 0.0294467 0.00984721 0.000629997 1.63823e-06 0.000261361 0.000340613 2.60746e-06 3.90385e-06 0.649621 0.000106404 0.00362447 0.0251954 0.0128194 0.0792064 0.0577654 0.0178656 2.73378e-05 
0.025344 0.00179636 0.0027774 0.0135873 0.512876 0.0328532 0.0550633 0.0426323 0.0215055 0.0183146 0.00455767 0.000296541 0.0046332 0.00177917 0.0034426 0.00559278 0.0109498 0.0840937 0.0148128 0.00735656 0.00258126 0.0179248 0.0663157 0.0446853 0.00422855 
0.138149 6.72467e-08 8.1644e-08 0.112903 0.0271964 0.000179727 0.00435443 1.66023e-05 0.00876406 0.00202923 7.95369e-05 1.3228e-08 5.50915e-05 6.74698e-08 0.0101597 1.09034e-07 6.11758e-05 3.02375e-05 9.35944e-05 0.0121924 5.00255e-08 0.022959 0.0110147 0.630236 0.0195251 
0.04111 7.37761e-06 4.25148e-11 0.203073 0.0134317 0.0412668 0.00436266 0.0296082 0.000247744 0.00390256 5.65106e-05 6.88829e-12 0.00128042 6.25211e-05 1.17389e-06 5.67775e-11 0.00787584 0.00062623 0.00695248 0.0283587 6.88448e-06 0.0138075 0.602271 0.00151659 0.000173766 
0.0412952 0.000183871 2.46297e-06 0.106026 0.0677641 0.0158332 6.48438e-05 0.0297379 0.00548872 0.00169102 0.037166 1.01474e-07 0.00121077 0.000193837 0.0480392 8.36407e-07 0.0104506 0.000289682 0.00243624 0.547023 2.00263e-07 0.054319 0.0249509 0.00583219 5.97655e-07 
0.00643216 6.18579e-05 1.49427e-11 0.0110106 0.000295186 0.371373 0.000321606 0.0145774 0.000761965 5.45215e-08 5.84784e-05 2.42104e-12 0.000195824 1.55763e-08 0.000665171 5.59783e-08 0.0089792 1.68711e-08 0.22269 0.00216894 8.7759e-09 0.0197395 0.337588 0.00305795 2.25696e-05 
0.00150978 4.24118e-05 1.89902e-10 0.00035563 0.842843 0.0011562 0.00898724 0.0035472 0.0116592 0.00084264 4.62156e-07 3.07681e-11 7.79253e-07 2.20542e-06 1.15805e-10 5.65488e-07 4.96105e-05 0.0181197 2.29884e-06 6.73973e-07 1.16358e-10 0.00129797 0.0838766 0.025705 7.65352e-07 
0.000820319 6.34472e-10 7.70311e-10 0.00604509 0.0121108 0.0524426 0.000988969 0.0573618 0.00178933 8.31926e-07 0.297094 1.24807e-10 0.208034 6.36577e-10 1.51607e-05 1.02873e-09 0.0395787 1.23699e-05 0.0818949 0.224776 1.74208e-07 0.0117365 0.00276393 0.00253484 4.41418e-10 
0.00191361 3.58464e-07 4.16422e-10 0.0167484 0.438739 0.00332438 0.0929016 0.234671 0.0142506 2.22915e-07 0.000484106 6.74692e-11 0.00075441 1.03841e-06 1.12327e-07 5.56122e-10 6.06589e-05 0.0113261 7.80792e-05 0.000361079 2.55153e-10 0.165019 0.0128428 1.12012e-07 0.00652353 
0.00240658 7.66174e-05 9.29095e-11 0.460624 0.0121358 0.127319 0.00143578 0.0123759 0.0307013 2.89526e-08 0.00141238 1.50533e-11 0.010335 6.61458e-06 1.54367e-07 1.84809e-05 0.000292749 1.03295e-05 0.00178917 0.00110448 5.69282e-11 0.0208179 0.317138 1.14559e-07 5.32407e-11 
0.259847 0.00132111 0.00156423 0.0736066 0.0701281 0.0633901 0.0754438 0.0435268 0.000269401 0.00186199 0.0883134 6.01239e-06 0.0202588 0.0291799 0.000199882 1.08104e-05 0.0466835 8.1151e-05 0.000211726 0.0527869 0.0239992 0.0448615 0.0497059 0.052735 7.0854e-06 
0.00255061 1.16553e-09 4.70121e-12 0.0017845 0.00197134 0.341641 5.58286e-05 0.0922251 6.55811e-09 0.000825219 0.00276119 7.61695e-13 0.00165245 3.3745e-05 2.86687e-12 7.23694e-05 0.0807725 0.000960143 0.000364765 0.0053313 2.88056e-12 0.000649568 0.464693 0.00165589 1.02398e-08 
0.00200485 3.89055e-08 1.97994e-07 0.0228108 0.0514922 0.00267985 0.115695 0.0906431 0.0320471 6.40807e-05 0.0140207 7.65307e-09 0.000475251 7.66296e-06 0.0109667 6.30813e-08 7.74397e-06 9.13958e-05 1.65684e-05 0.0316141 9.82577e-06 0.0173221 0.0451935 0.562625 0.000211764 
0.00776817 5.17173e-09 6.27898e-09 0.495787 2.77317e-06 3.79318e-06 1.45777e-09 0.011575 0.00791328 1.52251e-09 2.69393e-09 1.01733e-09 0.000910535 5.18889e-09 3.82903e-09 8.38543e-09 0.000591115 1.51592e-05 0.00137467 0.00568287 3.8473e-09 0.00338392 0.464991 1.35107e-06 3.5981e-09 
0.14673 3.74162e-05 9.53701e-06 0.0330902 0.0119987 0.120791 0.000406739 0.0246903 0.0207446 0.136053 0.0869623 3.66732e-07 0.0134352 6.22044e-06 6.96477e-06 5.75094e-07 0.15123 5.2495e-05 0.0367898 0.124132 0.000110877 0.00714916 0.0713871 0.0141601 2.61712e-05 
0.0142542 0.00023618 1.72226e-05 0.457178 0.0129359 0.013651 0.00117333 0.0468247 0.00282732 0.00286205 0.00022708 1.34712e-05 0.0474918 2.45255e-05 0.00777134 7.79406e-05 0.109015 0.00142914 0.00714283 0.00545935 0.0044847 0.0367679 0.098862 0.128582 0.000691401 
0.000118063 2.06261e-06 2.50421e-06 3.93793e-05 0.000877758 4.63932e-05 0.00132073 0.0160064 0.000106258 0.0062256 0.000356631 4.05734e-07 5.21271e-07 1.02227e-05 7.85945e-06 3.34431e-06 0.083478 0.00277345 0.00122422 4.97052e-07 1.5344e-06 0.019512 1.6015e-05 0.865879 0.00199154 
0.0252929 2.90504e-06 1.12606e-09 0.00529402 0.00386957 0.0240438 8.9501e-08 0.0114068 2.55701e-05 0.00302228 0.00022202 1.82446e-10 0.00149997 2.30644e-07 1.02806e-06 1.50383e-09 0.000843174 0.000141064 0.00425746 0.00630401 2.50099e-06 0.0166504 0.893442 0.00367807 4.2199e-08 
0.0363674 0.00380221 2.43296e-05 0.00989505 0.011709 0.00182917 1.04136e-05 0.0628357 0.00643257 0.000527986 0.000177927 4.73498e-08 0.277725 3.86225e-06 2.79975e-05 3.98554e-06 0.0127399 2.03332e-06 0.00376962 0.00500868 3.85796e-06 0.482364 0.0272611 0.0574305 4.82685e-05 
0.0549062 1.91131e-05 0.0748736 0.00987011 0.00780222 0.0562554 0.00694559 0.00658425 0.000476754 0.0680512 3.16537e-07 6.27428e-09 1.62163e-05 4.85367e-06 2.36152e-08 5.17165e-08 5.00173e-06 0.000347139 0.000526316 2.74146e-05 2.37279e-08 0.0081091 0.59673 0.108448 8.98473e-07 
0.0126147 9.46215e-06 2.32337e-05 0.0305073 0.026666 0.0635586 0.0458209 0.0403939 0.000994013 0.000994137 0.00207278 8.93978e-06 0.0093785 0.000425458 0.00168177 3.58788e-05 0.00172481 0.0240378 0.00935862 0.00087477 0.000254524 0.0334627 0.666223 0.0287686 0.000109044 
0.0160986 1.55374e-10 1.88639e-10 0.0114104 0.336108 0.038665 0.00601814 0.502652 0.015536 0.0249991 0.00648393 3.05635e-11 0.000168224 9.75681e-08 0.000621316 2.64016e-07 0.000722084 0.000410943 2.46187e-07 0.0136688 1.15584e-10 0.023632 4.31547e-07 0.000670863 0.0021326 
0.00222252 4.88863e-09 1.97184e-11 0.00995064 3.2047e-07 0.889139 1.30019e-07 0.0818256 0.000866493 5.54678e-08 4.0778e-07 3.1948e-12 0.00316521 4.56425e-08 1.20246e-11 8.42937e-08 0.00502249 6.82559e-08 4.24867e-07 4.05087e-07 1.2082e-11 0.00690532 1.49285e-06 0.000899415 4.29493e-08 
0.127524 5.3356e-08 1.65904e-08 0.000862365 0.00100973 0.0641827 0.000109973 3.58371e-07 0.00016747 9.56418e-08 0.00026166 8.54371e-09 0.0274318 4.04095e-08 5.97617e-07 8.8705e-08 0.217771 0.000368458 0.00892917 6.01185e-05 4.74351e-06 0.535104 0.0109738 0.00516944 6.74762e-05 
0.0274866 1.48777e-05 0.00240033 0.086396 0.053298 0.0664381 0.00587219 0.0246841 0.00169678 0.000531262 0.028194 1.38642e-05 0.0455688 0.000112367 0.00105906 2.79504e-05 0.108446 0.00371813 0.0123213 0.0624966 0.00290654 0.0475333 0.412807 0.00589481 8.10186e-05 
0.0653255 1.49275e-06 2.67852e-06 0.0516045 0.0783418 0.0584205 0.00305798 0.0232234 0.00854169 0.000362631 0.0012005 5.56886e-08 0.185805 8.26735e-08 1.78713e-06 1.79393e-05 0.000999525 0.00748446 0.00320854 0.0201738 6.06783e-06 0.0330083 0.454059 0.00476896 0.000384452 
0.135077 6.58187e-07 1.62358e-07 0.0358628 0.0256309 0.0243033 0.0018769 0.00967853 0.0288016 0.00374556 0.000508459 1.67452e-08 1.21284e-06 0.00261259 0.000105037 6.283e-07 0.00704191 2.92378e-06 0.002695 0.61205 7.48245e-08 0.107742 3.29206e-06 0.00225852 4.63566e-07 
0.0391853 0.000939685 9.62411e-08 0.00250732 0.000226972 0.010659 2.2344e-08 0.0367605 5.36255e-05 0.806855 0.00116241 1.55931e-08 2.00333e-08 3.9826e-05 1.91566e-05 0.000177329 0.0233765 3.09701e-05 1.47531e-05 4.80925e-05 0.000139568 0.0048502 0.0160018 0.0569249 2.6891e-05 
0.053488 9.02018e-05 4.63514e-05 0.187702 0.0212939 0.0568828 0.00348889 0.064185 0.00187918 0.0136512 0.000888216 1.67889e-07 0.0120667 3.91791e-05 8.25268e-06 0.000103008 0.00615012 1.19268e-05 0.0032242 0.436109 1.58415e-05 0.0373335 0.0993684 0.00194853 2.56561e-05 
0.0483294 7.26172e-05 2.94159e-06 0.0159656 0.0416234 0.0315412 0.00247031 0.00651883 0.0115483 0.00648499 0.00338142 1.45846e-07 0.0051213 0.150607 0.000447676 0.00417806 1.24242e-06 0.0214334 0.0603551 0.00262042 2.60281e-05 0.0134645 0.00728972 0.320036 0.246481 
0.0178398 0.000101633 0.000120791 0.106576 0.0311385 0.0477223 0.00240759 0.173686 0.00218295 0.00253909 0.00382801 3.90873e-05 0.0103915 7.12394e-05 0.00967043 0.000175145 0.0395566 0.00155907 0.343403 0.00253757 0.000105931 0.0631634 0.0625832 0.0781119 0.00048945 
0.0195333 1.26284e-05 1.32532e-08 0.103256 0.0383427 0.0963279 4.81689e-05 0.00131136 0.0017041 0.00111363 0.0317617 1.11075e-08 0.000301467 0.000853246 8.10962e-06 1.28907e-05 0.00749718 0.000144456 0.00194845 0.619424 3.61871e-07 0.0402044 0.033332 0.00285192 9.70412e-06 
0.000279941 4.11855e-10 5.00032e-10 0.00210846 0.0399238 0.000243334 0.00376858 0.00212308 0.00269655 2.75168e-05 1.07534e-05 8.10158e-11 1.12978e-05 5.95955e-08 0.000215495 6.67781e-10 0.00150831 0.942165 1.75884e-05 0.000209572 3.06383e-10 0.00105932 0.00341065 0.000219714 1.02447e-06 
7.13314e-06 3.23757e-09 3.93072e-09 0.0225784 0.00460063 0.530448 2.21842e-06 0.176406 0.000162035 3.78375e-06 0.0132153 6.3686e-10 0.226303 3.73478e-07 1.89325e-07 5.24938e-09 2.93686e-06 2.79518e-07 0.00167637 0.00662113 2.40846e-09 6.27809e-06 0.0179634 1.87986e-06 2.25245e-09 
4.78724e-05 2.5242e-07 1.19921e-09 0.000674722 0.935443 9.05514e-08 0.023755 0.00112837 0.00823973 0.0028505 0.000679355 1.94298e-10 2.49626e-10 8.53568e-07 0.000148203 0.00101551 4.74969e-07 0.0172314 0.000119377 9.45423e-08 2.81564e-06 0.00150083 4.33488e-07 0.0071004 6.06623e-05 
0.000203611 3.65967e-07 4.57427e-10 0.00329094 0.586868 0.000443761 0.0870361 0.155937 0.00935384 6.87076e-05 0.000159976 7.41128e-11 0.000428868 3.78013e-10 0.000192015 6.10883e-10 8.9937e-08 0.0125451 7.64067e-06 8.60635e-05 2.80278e-10 0.134991 0.00170326 0.000700732 0.00598349 
0.0142238 6.97561e-06 0.00297654 0.0274454 0.562121 0.0702808 0.0086007 0.104417 0.0194922 0.00389886 0.0124672 1.97865e-07 1.83738e-05 0.000927786 0.000118229 7.19699e-06 0.00141512 0.00582002 0.00125713 0.0107475 9.19826e-07 0.111978 0.0386798 0.00309287 5.79729e-06 
0.135077 6.58187e-07 1.62358e-07 0.0358628 0.0256309 0.0243033 0.0018769 0.00967853 0.0288016 0.00374556 0.000508459 1.67452e-08 1.21284e-06 0.00261259 0.000105037 6.283e-07 0.00704191 2.92378e-06 0.002695 0.61205 7.48245e-08 0.107742 3.29206e-06 0.00225852 4.63566e-07 
0.00436325 7.65169e-06 1.96612e-11 0.00679915 0.440967 0.0017485 0.0228375 0.0115036 0.0442557 0.00176012 8.43542e-12 3.18553e-12 4.42547e-05 4.10382e-07 0.000155097 3.66518e-06 0.00118996 0.00398703 0.00176289 0.00105982 1.20469e-11 0.00231756 0.416059 0.0389718 0.000205446 
0.0258454 0.000159091 0.00627362 0.0386933 0.0729695 0.297354 0.00448088 0.249005 0.00206294 0.00564243 0.00344225 1.03219e-05 0.0282437 2.09031e-05 0.00166612 8.47834e-05 0.0143241 0.00857227 0.016564 0.00721282 1.23438e-05 0.0167245 0.169114 0.0314444 7.78655e-05 
0.74816 6.87342e-05 0.00089706 0.0755703 0.005127 0.00548676 0.00104101 0.000328655 0.0183334 0.00102175 0.000227746 5.79219e-06 8.44142e-05 0.00255112 5.37852e-05 0.000180163 0.000812575 0.000232052 0.000657702 0.000532908 1.3803e-05 0.0205078 0.117794 0.000259906 5.10738e-05 
0.0199572 0.000493781 4.91252e-08 0.0150943 0.0843717 1.90576e-05 8.24624e-05 0.034 0.000257396 0.0475826 2.58519e-05 7.95932e-09 0.00093632 4.05966e-08 0.215486 6.56056e-08 0.00604014 0.000403028 7.04075e-06 0.00321522 3.01004e-08 0.00153847 0.0729748 0.494116 0.00339787 
0.00643216 6.18579e-05 1.49427e-11 0.0110106 0.000295186 0.371373 0.000321606 0.0145774 0.000761965 5.45215e-08 5.84784e-05 2.42104e-12 0.000195824 1.55763e-08 0.000665171 5.59783e-08 0.0089792 1.68711e-08 0.22269 0.00216894 8.7759e-09 0.0197395 0.337588 0.00305795 2.25696e-05 
0.0429066 0.00509821 3.07172e-05 0.00139842 0.590776 0.0334339 0.0183543 0.0273032 0.000491955 0.0097097 0.0150672 2.67446e-05 0.00414617 0.000182559 0.00831447 0.0230667 0.0982596 0.00818647 0.00242617 0.00825346 0.000345357 0.00237025 0.017832 0.0803063 0.00171334 
0.00643216 6.18579e-05 1.49427e-11 0.0110106 0.000295186 0.371373 0.000321606 0.0145774 0.000761965 5.45215e-08 5.84784e-05 2.42104e-12 0.000195824 1.55763e-08 0.000665171 5.59783e-08 0.0089792 1.68711e-08 0.22269 0.00216894 8.7759e-09 0.0197395 0.337588 0.00305795 2.25696e-05 
0.0041212 8.08604e-07 2.33812e-09 0.00618615 0.768803 0.022017 0.00811679 0.0166903 0.149716 1.42427e-06 1.39943e-07 6.02957e-12 7.74654e-12 0.000714107 1.08064e-07 8.76072e-09 0.00610963 7.72219e-05 6.7656e-06 3.19764e-08 4.39864e-08 0.0123415 0.00302036 0.00123574 0.000841532 
0.0138934 4.68405e-08 2.08944e-11 0.174794 0.00528852 0.0799291 0.00040993 0.0958554 0.000389768 5.06643e-12 0.000719738 3.38534e-12 0.00889532 0.000976697 1.27418e-11 1.8145e-08 8.23105e-05 1.30196e-07 0.0359983 0.00069631 1.28026e-11 0.02383 0.558234 4.8578e-09 6.73816e-06 
0.00901534 2.04909e-06 3.31737e-05 0.00695694 0.0280784 0.0114076 0.0507275 0.00707282 0.0299826 0.00972412 0.000447124 1.54411e-06 0.000213382 0.00033927 1.91192e-06 2.88199e-06 0.658155 0.000103187 0.00345642 0.0184862 0.0102505 0.0821498 0.0548755 0.0184946 2.22039e-05 
0.0751976 8.66307e-05 2.62294e-06 8.46402e-06 0.0360178 0.00411934 0.00108838 0.00330069 0.0001994 0.00667538 0.0466754 2.17745e-06 0.00595487 0.00241755 3.43352e-05 0.00019017 3.27785e-05 0.000678764 0.00209888 0.167399 2.83445e-06 0.00682504 0.0051213 0.635861 9.30817e-06 
0.0666516 0.00328457 5.96851e-09 0.435548 0.0221507 0.0352494 8.79623e-05 0.130164 0.000920522 0.0479227 0.000531776 9.67024e-10 0.000957831 1.79354e-05 6.77805e-05 4.59958e-07 0.0129575 0.00733832 0.00346283 0.102497 7.2782e-08 0.0193446 0.0899537 0.0176203 0.00327075 
0.0607378 0.000217644 0.000436912 0.021844 0.0366529 0.0972509 0.0044433 0.0301394 0.00244556 0.00481663 0.00168072 0.000135567 0.015738 0.000204587 0.00109231 0.000482189 0.0256638 0.0193639 0.0651158 0.0333702 0.00490472 0.0657958 0.484347 0.0225964 0.000523795 
0.000159011 5.39529e-08 7.74149e-10 0.00127917 0.000333885 1.98905e-06 2.1475e-05 0.00117553 2.16743e-06 1.87714e-10 0.00584013 1.25428e-10 0.697222 6.39749e-10 1.5537e-07 1.03386e-09 0.00234615 0.000578052 0.00255005 0.000254309 4.74342e-10 0.276206 0.0119114 9.16615e-05 2.67629e-05 
0.0129929 0.00216498 0.000547305 0.0572631 0.189404 0.00174769 0.00024788 0.0400276 0.0366803 0.0244146 0.0118228 4.23107e-06 0.00606989 0.0015775 0.0242141 1.73048e-05 0.00561896 0.00107497 0.0185227 0.0100929 1.26239e-05 0.0744408 0.0298895 0.448441 0.00271049 
7.32923e-05 3.28291e-10 3.98577e-10 0.00127946 0.0626254 0.00147739 0.000770498 0.905737 0.0196468 9.09494e-09 0.00108913 6.45779e-11 1.15956e-06 0.000188029 0.000318454 1.4921e-07 0.00041968 4.83544e-05 0.000351183 0.00250078 2.44219e-10 0.00256753 8.24843e-05 0.000674237 0.000149126 
0.00592096 4.16741e-07 2.20609e-06 0.00165386 0.559139 0.0494715 0.09523 0.0138933 0.195807 6.39405e-06 0.0460068 1.30661e-07 1.18167e-06 0.00209527 3.93569e-06 4.63925e-06 0.0045132 0.00593014 0.000440605 0.00443446 0.000144668 0.0102711 0.00203821 0.00275566 0.000235358 
3.89707e-05 3.75745e-07 6.55845e-08 0.00370764 0.879874 0.0317035 0.0165656 0.0570864 0.00266191 0.000381029 0.00163271 5.93359e-09 0.000278875 3.32037e-08 2.01665e-06 7.09848e-06 0.000952326 0.000148541 1.77489e-05 8.20997e-05 4.05761e-07 0.000926571 0.000672747 0.00325889 3.70872e-07 
0.00138754 0.000154457 3.37588e-12 0.00855283 0.00786476 0.0799112 1.49056e-05 0.00489099 0.00116524 2.76263e-05 0.001187 5.46964e-13 0.000338132 5.94738e-09 2.05867e-12 1.45845e-07 0.00013283 7.43426e-06 0.0428468 0.00038556 4.46913e-09 0.0428795 0.80818 2.34102e-05 4.93898e-05 
7.91646e-08 0.000185326 4.05742e-12 0.00212126 0.000162828 0.125023 0.000964515 0.00238228 0.000211566 2.16453e-08 5.57227e-09 6.57387e-13 0.000587203 1.03977e-08 3.53847e-08 2.22216e-08 0.0116356 6.69789e-09 0.252666 1.62687e-08 3.48301e-09 0.019904 0.582959 0.00112931 6.75479e-05 
0.019411 2.73036e-07 3.31492e-07 0.0219041 0.0575374 2.84979e-05 1.60792e-05 0.402654 0.0792664 0.218474 2.97141e-05 5.37086e-08 0.0379359 2.73941e-07 8.85773e-05 4.42699e-07 0.00372564 0.00296763 4.89046e-05 0.00063565 3.42231e-05 0.0027297 0.0125373 0.139974 1.89957e-07 
0.0070562 0.000470312 1.35787e-05 0.0985008 0.123138 0.0466378 0.053735 0.0268407 0.0337977 0.00245484 0.0199484 1.30934e-09 1.68218e-09 0.00144741 5.7342e-06 0.000105679 0.0154912 0.0352166 0.00690755 0.00233432 0.00107077 0.0188139 0.306316 0.199683 1.51359e-05 
0.0188608 8.53246e-08 1.55145e-10 0.0666904 0.198328 0.286279 0.00247229 0.0439266 0.0224787 1.32738e-06 0.00689874 2.51367e-11 0.0121922 0.150854 9.97783e-09 6.83729e-05 0.000360543 0.0028765 0.0295702 0.00200536 1.02088e-07 0.122782 0.0251048 7.30129e-08 0.0082495 
0.00643216 6.18579e-05 1.49427e-11 0.0110106 0.000295186 0.371373 0.000321606 0.0145774 0.000761965 5.45215e-08 5.84784e-05 2.42104e-12 0.000195824 1.55763e-08 0.000665171 5.59783e-08 0.0089792 1.68711e-08 0.22269 0.00216894 8.7759e-09 0.0197395 0.337588 0.00305795 2.25696e-05 
0.0245602 4.11637e-07 4.99768e-07 0.00969413 0.12889 0.0350375 0.0157296 0.110407 0.0356751 0.00107696 0.410363 8.09729e-08 0.0418677 0.000161947 0.0100882 6.67428e-07 0.00559804 0.00157991 0.00116466 0.0139377 1.29916e-05 0.00223629 0.128687 0.022828 0.000403338 
0.000744994 3.66503e-06 3.75363e-08 0.399473 0.00722219 0.0130669 1.39852e-05 0.055612 0.00345047 0.000478259 5.38491e-05 2.37531e-09 2.02681e-06 1.21153e-08 5.14253e-06 6.87765e-06 5.42389e-06 6.23944e-07 0.00200138 0.265396 2.47265e-07 0.00375032 0.231258 0.0166386 0.000816115 
0.00487745 0.000295602 2.18375e-09 0.071139 0.0273322 0.148108 0.00283271 0.0654671 0.148942 0.0109027 0.00188121 3.53813e-10 0.0333667 1.40195e-07 0.000545565 2.34073e-07 0.0170529 0.000102005 0.00390679 0.0433538 7.0256e-06 0.166946 0.217392 0.0354417 0.000107022 
0.0198512 0.000421752 1.8131e-11 0.0151191 0.00253404 0.173795 0.00032163 0.0203053 0.00323526 5.39213e-08 0.000145538 2.9376e-12 0.00758665 2.40353e-08 8.81497e-08 0.000177502 0.0413932 0.000296301 0.255195 0.00139721 8.68123e-09 0.00663515 0.451191 0.000376591 2.25753e-05 
0.0413097 0.00990646 0.0145896 0.00482406 0.137903 0.0567585 0.0112408 0.0338121 0.000992627 0.228101 0.000136007 1.08104e-05 0.00297415 0.000360527 0.00253006 0.000647367 0.176183 0.0256003 0.00589191 0.0100617 0.017163 0.0654339 0.0865318 0.0421291 0.0249086 
0.132883 0.00016594 9.79938e-06 0.163983 0.0866342 0.120876 0.00376341 0.0850614 0.00787229 0.00822178 0.00341637 6.01988e-06 0.00265839 0.000988795 0.0101165 6.6299e-06 0.0257408 0.0144055 0.00801633 0.0280574 7.43057e-05 0.0271598 0.253724 0.0157603 0.000398615 
0.00330909 0.00172661 1.45023e-06 0.0637426 0.107807 0.113046 0.000113593 0.0154522 0.0032868 0.00370077 0.0235973 3.02094e-10 0.0196266 1.54083e-09 0.000273601 5.57002e-06 0.03617 0.000203853 0.0657506 0.233755 1.98681e-06 0.0114157 0.28755 0.00942207 4.15972e-05 
0.0118304 1.33261e-05 6.37764e-06 0.00394104 0.280049 4.36391e-05 0.0133464 0.274024 1.85032e-05 5.21728e-05 6.54553e-06 1.03331e-06 0.398609 5.27042e-06 3.88919e-06 8.51718e-06 0.0117948 5.86764e-06 0.00396324 0.000267547 4.95636e-06 1.90022e-05 1.09827e-05 0.00197109 3.65463e-06 
1.75092e-06 0.00268419 2.44473e-05 0.000412845 0.180578 0.293998 3.81951e-06 0.0755225 0.00128973 0.0222253 0.0702926 4.95618e-11 0.000505092 1.53932e-06 0.000296471 0.00025961 0.106069 3.05645e-06 0.117241 0.00374955 1.87431e-10 0.0411809 0.071968 0.0105139 0.00117933 
0.0185257 0.00854638 0.0206265 0.0606319 0.038456 0.0278452 1.59432e-05 0.333753 0.018592 0.0545417 0.0304262 2.18869e-06 0.0110887 1.86889e-05 0.0165677 4.28419e-06 0.0203941 5.96439e-05 0.00176176 0.0395753 0.000297313 2.00176e-05 0.0639991 0.232369 0.00188258 
0.0389663 8.57554e-08 3.80321e-08 0.0300069 0.080225 0.0114453 0.0885588 0.0829821 0.0303994 0.00485884 0.00423742 3.20947e-09 0.00714176 7.20413e-06 0.00150277 2.64544e-08 0.017522 0.00277774 0.00721728 0.023833 1.21375e-08 0.0465626 0.0356741 0.486036 4.55142e-05 
0.0145907 0.000258397 0.00351386 0.0333778 0.458175 0.0351785 0.137705 0.0515515 0.0239504 0.0145494 0.00459734 6.113e-05 0.00459606 0.00813295 0.00233642 0.000293056 0.0120073 0.0478751 0.0208719 0.00962827 0.000177441 0.0191133 0.0766884 0.0135658 0.00720495 
7.32923e-05 3.28291e-10 3.98577e-10 0.00127946 0.0626254 0.00147739 0.000770498 0.905737 0.0196468 9.09494e-09 0.00108913 6.45779e-11 1.15956e-06 0.000188029 0.000318454 1.4921e-07 0.00041968 4.83544e-05 0.000351183 0.00250078 2.44219e-10 0.00256753 8.24843e-05 0.000674237 0.000149126 
0.0324322 0.000767957 9.70035e-05 0.0271083 0.0606598 0.0316599 0.000481616 0.089938 0.0198588 0.0155396 0.000861289 1.96227e-05 0.0212364 0.00442254 0.0214052 0.000339974 0.0151835 0.00624482 0.00867421 0.00800099 0.000644099 0.0729309 0.0830714 0.477827 0.000594441 
0.0112067 0.000427061 0.000246894 0.00750531 0.0852921 0.0045067 0.000860562 0.108709 0.00749917 0.10106 2.0611e-05 1.05021e-05 5.10772e-05 0.000154157 0.0138308 5.59966e-05 0.00526827 0.00117405 0.00378135 0.00208396 1.22033e-05 0.00813302 0.0958199 0.541223 0.00106795 
0.0486147 0.000570435 4.37374e-06 0.0175158 0.119702 0.0377871 0.0123054 0.054964 2.54506e-05 0.0765053 0.0107734 4.91282e-08 0.0222954 3.23524e-06 0.00222001 4.14348e-06 0.155942 0.00170348 0.00250859 0.015727 2.22935e-07 0.0174553 0.0244964 0.36355 0.0153264 
0.00113355 0.000675167 0.00606535 0.0439809 0.100062 0.298345 0.00083469 0.0619741 0.00146253 0.00204769 0.321141 3.8394e-10 0.0033043 0.000412032 1.44508e-09 2.44876e-05 0.0216771 0.00662552 0.000945913 0.0201455 1.45198e-09 0.0137747 0.0898177 0.00555062 1.35792e-09 
0.000192622 1.64113e-08 1.9925e-08 3.81186e-05 0.000107434 0.000746078 6.24545e-05 0.000331662 5.05274e-09 0.000193259 8.54859e-09 3.22826e-09 0.0784067 1.64658e-08 0.0380093 6.12278e-05 0.00110923 3.44863e-05 0.00625231 0.000133282 2.44293e-05 0.000648503 0.608264 0.2652 0.000184979 
