0.0356774 6.31779e-06 1.8403e-11 1.48156e-07 0.474589 0.0565977 0.119081 0.131913 0.0118491 3.50296e-07 0.00936876 2.98167e-12 9.1593e-07 1.5208e-11 6.7447e-09 8.36542e-05 0.119782 0.0054477 0.0069289 4.27375e-07 2.94079e-06 8.24775e-07 0.00342805 0.0252419 1.17067e-07 
0.00911612 0.000167407 5.10053e-05 0.00402537 0.0247457 0.0554913 0.000865618 0.0288193 0.00052834 0.00226097 8.18709e-05 9.30725e-06 0.000438887 0.000355578 0.000314838 1.50653e-05 0.0112706 6.58491e-05 0.441541 0.00215306 9.51859e-06 0.0434625 0.356576 0.01727 0.000364428 
0.00298832 6.03414e-05 6.43521e-11 0.370418 0.0156236 0.111789 0.00132274 0.0242351 0.0221151 6.94748e-06 0.00216079 1.04264e-11 0.00792523 3.87495e-05 9.10558e-08 1.53727e-05 0.000417238 1.02453e-05 0.0176826 0.000794546 1.04568e-08 0.0189458 0.403353 9.80721e-05 2.42036e-08 
0.00391166 3.04639e-07 3.69861e-07 0.046388 0.185689 4.08758e-06 0.00246947 0.0492107 0.657181 0.00519395 0.000394698 5.99253e-08 7.69896e-08 3.0565e-07 0.000456773 4.93941e-07 1.86843e-05 0.000200756 0.000857656 0.00839579 4.80106e-05 0.000120762 0.0042694 0.0350757 0.000111934 
0.0384816 9.99812e-06 0.000840532 0.0243391 0.0110486 0.274849 0.000494447 0.0734493 0.0166083 0.0180005 0.000699644 1.91925e-06 0.0116213 4.63773e-05 0.00223834 9.94542e-05 0.138436 0.00111926 0.0251425 0.0184229 5.96042e-06 0.0146152 0.276167 0.0523903 0.000871562 
0.0173344 3.01416e-09 1.21577e-11 0.0488298 1.97591e-07 0.149171 8.01651e-08 0.0842393 1.69598e-08 3.41995e-08 2.51423e-07 1.9698e-12 0.00311245 2.81416e-08 7.41397e-12 5.19726e-08 0.012225 4.21263e-05 0.00751844 0.00946627 7.44936e-12 3.90568e-07 0.66806 5.49003e-08 2.6481e-08 
0.000429231 1.97561e-05 7.54925e-07 0.0415851 0.0133943 0.0664831 6.0937e-05 0.000648984 0.00420909 0.00216188 4.41708e-07 3.50209e-07 0.00195176 9.19391e-07 0.000152575 1.45553e-06 4.8099e-05 0.0357709 0.00108253 7.32672e-05 0.000670974 0.0600183 0.0580813 0.713143 1.05308e-05 
0.0672452 0.000906196 5.34545e-05 0.0917721 0.0435787 0.284347 0.00459559 0.0328932 0.00287767 0.0107539 0.011441 1.6048e-06 0.122445 0.00490743 0.000372417 6.30064e-06 0.0806923 0.000854935 0.0176114 0.013591 2.50554e-06 0.0607595 0.14115 0.00677688 0.000364852 
0.00901742 0.000113172 6.25834e-08 0.0115359 0.178096 0.00197242 0.00929939 0.00633043 0.038984 0.631592 0.00130563 1.01398e-08 0.000638083 2.60326e-05 0.000334124 9.95241e-05 0.000157529 0.0240876 0.000404434 0.00081227 3.83466e-08 0.00336605 0.067178 0.0140989 0.000550848 
7.91646e-08 0.000185326 4.05742e-12 0.00212126 0.000162828 0.125023 0.000964515 0.00238228 0.000211566 2.16453e-08 5.57227e-09 6.57387e-13 0.000587203 1.03977e-08 3.53847e-08 2.22216e-08 0.0116356 6.69789e-09 0.252666 1.62687e-08 3.48301e-09 0.019904 0.582959 0.00112931 6.75479e-05 
0.116547 0.00163058 0.00236967 0.0561877 0.0219519 0.101623 0.000534125 0.298853 0.00677256 0.0732025 0.00147812 9.92563e-07 0.00223071 0.00188987 0.000843464 1.73502e-05 0.00543208 0.00754016 0.00896886 0.00864906 4.94059e-06 0.0468407 0.212462 0.0238919 7.74653e-05 
0.0916266 0.00062271 8.98204e-08 0.0344512 0.151876 0.0973492 0.0023427 0.159107 0.0769955 0.0345022 0.00362068 2.12735e-08 0.00153114 0.0100447 0.000723174 2.33725e-07 0.00365793 0.00359655 0.0018206 0.0666545 2.73488e-06 0.0385644 0.155564 0.0652754 7.04842e-05 
0.055653 2.8361e-05 3.87304e-08 2.10943e-05 0.00562296 0.00612686 7.89054e-07 0.0344274 0.0037227 0.222718 0.0122724 1.83802e-09 0.000363192 9.37482e-09 6.15268e-06 1.515e-08 0.00158112 7.46343e-07 0.103466 0.049367 6.36313e-05 0.00919213 0.0628249 0.432537 4.19661e-06 
0.000109243 8.53481e-05 1.7938e-07 0.0303404 0.135803 0.458644 0.00588416 0.0139604 0.0261858 1.05911e-06 0.0349071 3.4603e-10 0.00074708 1.01106e-05 1.30239e-09 1.65044e-05 0.00535522 0.000422816 0.00624375 0.000170417 2.61026e-07 0.0392209 0.241798 9.11303e-05 2.67894e-06 
0.0205738 4.97255e-06 4.11511e-06 0.000438867 0.047263 0.000163269 0.000831632 0.0257771 0.00147111 0.00182014 0.000662646 2.466e-06 0.000172748 1.85784e-05 0.00149286 9.23137e-06 0.00106771 3.22585e-05 0.00121791 2.943e-05 3.63382e-06 0.00226039 0.0305461 0.86387 0.000265653 
0.0126101 8.28116e-05 0.00028653 0.248338 0.0215341 0.0350875 0.0540234 0.0191536 0.0135258 0.00376323 0.000589665 4.20032e-05 0.00361655 0.00736138 0.00178647 0.00143798 0.00420488 0.026854 0.0370151 0.00138049 6.93254e-05 0.223254 0.0540062 0.00297912 0.226998 
0.422034 0.00370154 6.07158e-08 0.216907 0.0171489 0.0496054 0.000350056 0.0112462 0.0128195 0.00200747 0.00200226 2.38797e-09 0.00122977 0.0128217 3.54823e-08 6.03824e-06 0.00586042 0.00403657 0.00393906 0.0200835 1.21926e-07 0.0297615 0.183964 4.1014e-05 0.000434262 
0.0636048 5.58556e-05 0.00238635 0.0521996 0.0415178 0.159585 0.00122643 0.0852302 0.0176159 0.0228897 0.000887923 3.06268e-08 0.0258966 0.000240265 1.68663e-05 1.52124e-05 0.00405746 0.00359021 0.019032 0.265544 4.11364e-06 0.0770713 0.148518 0.00881402 6.92091e-07 
0.00222252 4.88863e-09 1.97184e-11 0.00995064 3.2047e-07 0.889139 1.30019e-07 0.0818256 0.000866493 5.54678e-08 4.0778e-07 3.1948e-12 0.00316521 4.56425e-08 1.20246e-11 8.42937e-08 0.00502249 6.82559e-08 4.24867e-07 4.05087e-07 1.2082e-11 0.00690532 1.49285e-06 0.000899415 4.29493e-08 
0.0162627 1.77257e-06 3.49487e-06 0.0432194 0.0763656 0.0611261 0.000282282 0.0236581 0.00194431 0.000539712 0.0356002 1.22121e-06 0.00758389 0.000135445 0.00304842 8.44432e-06 0.477172 0.00156563 0.000111597 0.0162659 1.70629e-06 0.0512123 0.181777 0.0020684 4.47272e-05 
0.162346 0.00532796 1.0439e-09 0.00342039 0.054832 0.249408 0.00250358 0.0207917 0.0174387 0.010274 0.00437194 1.69134e-10 0.0014938 3.04805e-05 6.94393e-08 0.000138288 0.0343436 0.00118132 0.162307 0.0340659 0.000148853 0.16271 0.0723105 0.000522593 3.30487e-05 
0.00107953 8.84445e-08 1.29358e-11 0.00368503 0.0302748 0.0363841 1.87163e-06 0.0145335 0.00909211 0.00228917 5.54996e-12 2.09587e-12 1.07172e-07 2.03217e-08 7.88846e-12 7.77568e-08 1.17104e-07 2.79141e-07 0.00404727 9.26922e-08 7.92612e-12 0.0048494 0.881061 0.0127018 7.48685e-10 
0.00883291 6.15851e-05 0.000409045 0.00884496 0.00548312 0.000868089 0.000188389 0.00307436 0.00089349 0.000741789 4.66855e-05 8.71148e-07 0.000349458 1.18319e-05 0.460274 2.53774e-05 0.00060634 0.0498335 0.00532805 0.000815806 1.80439e-05 0.00172624 0.43523 0.0158475 0.000488063 
0.0576265 0.00792172 0.0105529 0.00852122 0.119288 0.0712936 0.00909005 0.0285896 0.00258098 0.246661 9.2748e-05 7.37676e-06 0.00369316 0.000251737 0.00172511 0.000441429 0.132877 0.0200459 0.00937411 0.0195112 0.0117027 0.0638272 0.123843 0.0334982 0.0169839 
0.00264487 0.000449376 2.76806e-06 0.087682 0.187485 0.0236719 0.0158715 0.0351302 0.00162979 0.00019661 0.611763 4.48484e-07 0.00356271 2.2875e-06 1.68801e-06 2.35814e-05 0.0126698 1.09583e-05 0.00223095 0.00235905 1.69607e-06 0.000783896 0.00997275 0.00151944 0.000334407 
0.00328274 6.75507e-06 2.23137e-09 0.0337153 0.0928359 0.00173154 0.00253412 0.00321979 0.578458 0.0152573 1.15284e-06 3.61529e-10 8.4364e-05 4.82983e-08 0.192684 1.92068e-05 6.54773e-05 0.000154622 0.0108918 5.25691e-05 6.17165e-08 0.00140964 0.0217909 0.0418024 2.07177e-06 
4.41757e-07 0.00034352 1.26761e-07 0.00228286 0.167741 0.495701 0.00509119 0.045008 0.0693753 0.00148684 0.106383 1.72291e-10 7.5815e-05 1.43756e-06 6.48471e-10 9.8548e-06 0.0018337 0.00162207 0.0415337 0.000776342 6.51566e-10 0.0463108 0.0130503 9.74874e-05 0.00127481 
0.411779 3.66771e-05 4.01979e-08 0.255283 0.00492465 0.00392929 9.3326e-09 0.00566908 0.0344324 0.0238244 0.0152609 6.5129e-09 0.18656 4.19482e-06 4.76243e-05 2.62659e-05 1.09803e-05 0.00179051 0.000957918 0.0537522 2.46303e-08 0.00164211 6.72909e-05 2.04952e-06 2.30349e-08 
0.0491491 0.000172292 1.02959e-06 0.0990136 0.070869 0.0946154 0.00059496 0.0931503 0.0168811 0.194556 0.0002322 1.66815e-07 0.00418883 0.0217833 2.33465e-06 3.27744e-05 0.000832921 8.15021e-05 0.000852853 0.0734001 4.06072e-06 0.00796664 0.021893 0.240457 0.00926921 
3.49938e-06 2.17192e-09 1.71357e-06 0.162415 0.0893366 1.29445e-05 6.12206e-10 0.173593 6.68693e-10 2.66762e-06 1.13134e-09 4.27237e-10 6.5762e-06 1.50118e-06 4.33755e-06 1.09045e-05 5.38435e-06 1.08905e-06 5.68074e-07 0.0317968 7.79619e-07 0.105533 0.421196 0.0160776 1.51106e-09 
0.0328351 3.90486e-05 1.69149e-05 0.080198 0.0138391 0.0125727 0.0118382 0.0208855 0.00529924 0.000227674 0.000156775 2.36852e-07 0.000150932 4.95646e-06 0.00309635 9.42426e-06 0.00127243 0.00517367 0.00302655 0.00579725 2.27035e-06 0.00677807 0.789789 0.00697904 1.14708e-05 
0.855467 1.11092e-06 1.34877e-06 0.0282689 3.61282e-05 0.0067228 3.71948e-05 0.000249625 5.16358e-05 6.71781e-06 0.0171488 4.57136e-07 1.56718e-05 4.32486e-05 0.0743663 1.80125e-06 9.60825e-06 4.43932e-06 0.000742964 0.00178143 1.11892e-06 0.00203968 0.00526642 0.00684481 0.000890766 
0.120252 5.85044e-05 0.13676 0.0387021 0.00215243 0.00230939 4.94222e-05 0.0020461 0.00102438 0.000602432 0.000767421 8.73676e-08 0.00231918 2.57563e-05 0.00232523 1.53043e-05 0.00173874 1.80274e-07 0.00125397 0.673805 1.12514e-07 0.00599171 0.00555581 0.00210824 0.000136957 
0.142118 3.79305e-09 4.60513e-09 0.00437155 0.00105264 0.0838479 2.55663e-06 0.00822266 1.16781e-09 1.1383e-05 0.264648 7.46128e-10 0.251725 2.82683e-06 2.80828e-09 6.15004e-09 2.06471e-05 3.22809e-06 0.0932158 0.00991333 0.000218273 0.0884578 0.0519521 4.83631e-06 0.000211056 
0.026219 1.13657e-05 1.3799e-05 0.00138378 0.238761 0.000655274 0.000835845 0.00897663 0.00603343 3.34595e-06 0.0271526 2.23573e-06 0.00989531 1.14034e-05 8.41487e-06 1.84282e-05 0.000585795 0.00373836 0.000349623 0.674251 6.09414e-05 4.54758e-05 0.000130701 0.000848953 7.90736e-06 
0.0199633 3.6367e-05 2.83163e-06 0.352797 0.0221765 0.00837083 1.64825e-05 0.0555788 0.00265822 0.0264266 4.31907e-06 1.01024e-09 0.000408265 1.02615e-05 3.80235e-09 3.30991e-06 2.43733e-06 5.48866e-07 2.90136e-06 0.0927568 7.80904e-08 0.0877936 0.316445 0.0145138 3.13483e-05 
0.000332171 7.04788e-05 1.35315e-05 0.000280361 2.10175e-05 3.58476e-05 2.35337e-05 0.000132053 2.07375e-05 6.77874e-05 0.000103134 6.90192e-06 1.50494e-05 1.11823e-05 0.998243 3.91681e-05 4.09654e-05 7.80171e-06 4.68092e-05 0.00014153 2.45528e-05 6.46793e-05 0.000170088 7.95783e-05 7.75408e-06 
0.00907364 1.32382e-06 1.60724e-06 0.00500153 0.0866765 0.0296495 2.94408e-05 0.0127324 0.00556463 3.72556e-05 3.0532e-05 2.60407e-07 0.0118606 3.30181e-05 0.000338063 2.14643e-06 0.00518152 3.14165e-05 0.00404451 0.00294062 9.848e-07 5.6884e-05 6.70667e-05 0.82327 0.00337426 
0.000254032 0.00141098 5.07412e-05 6.10686e-05 0.00361894 0.000625567 3.72812e-06 0.803792 0.00200607 3.8937e-06 0.0026343 2.60173e-06 0.0440361 1.32701e-05 0.0106126 0.00206066 0.0280279 9.87592e-05 7.93969e-06 3.18729e-06 9.83915e-06 4.61832e-05 0.000717492 0.0998933 9.20183e-06 
0.0324599 1.01531e-07 0.0010387 0.0294676 0.43685 0.0358942 0.0245301 0.111985 0.00712206 0.00140589 0.00046625 1.62519e-08 0.0114845 7.68554e-08 0.000180912 0.000158654 0.0177198 0.0605378 0.0311813 0.00206126 2.69285e-08 0.058223 0.0173154 0.119918 1.43602e-07 
0.00271732 1.17791e-08 5.97949e-08 0.00454947 0.121745 0.00073931 0.00353934 0.00228679 0.00148554 4.79581e-06 0.000133768 2.31705e-09 4.44678e-05 0.000560748 1.7161e-05 1.90985e-08 0.000148818 0.842801 0.000283071 0.000834585 1.46452e-07 0.000435348 0.0176598 1.47212e-06 1.21264e-05 
0.00902416 2.16549e-05 2.32678e-07 0.0690216 0.000879041 0.000122355 2.04744e-05 1.5151e-05 0.00046301 5.47314e-05 0.854146 3.76987e-08 0.00116386 7.73706e-05 0.0116943 3.10736e-07 3.67533e-05 2.91083e-07 0.000131033 0.00918799 1.42568e-07 0.00182984 0.0051683 0.0369394 2.29124e-06 
0.0340488 1.14014e-05 1.40327e-10 0.0655299 0.0343276 0.00863399 0.0029793 0.0136717 0.0043814 0.00094283 1.35756e-06 2.2736e-11 0.000285825 0.000125378 8.55739e-11 1.7345e-07 0.00142224 0.0011127 0.000867624 0.000888832 9.22466e-08 0.00493857 0.824885 0.000924619 2.12214e-05 
0.0622187 0.107396 1.13383e-09 0.57917 0.00142501 0.0460529 4.57278e-07 0.0211749 0.00134669 0.0258902 0.0136575 1.83704e-10 2.36015e-10 9.36984e-10 0.00290057 1.5142e-09 0.00542701 2.95347e-08 9.38099e-09 0.0108357 6.94727e-10 0.0123644 0.0597143 0.0497998 0.000626239 
0.0265644 2.48551e-05 2.99125e-06 0.0737261 0.38057 0.0492193 0.00270074 0.020278 0.0345971 0.00237489 0.00871135 1.65937e-06 0.00484699 0.00968769 0.017686 0.207261 0.0387428 0.0203309 0.00143227 0.00964225 0.000264165 0.0349921 0.0489685 0.00597254 0.00140046 
0.134282 1.25681e-08 1.52589e-08 1.98654e-05 0.0328804 3.08793e-06 4.03172e-05 0.0130462 3.15686e-06 3.69995e-09 5.20952e-06 2.47227e-09 2.33858e-05 1.26098e-08 0.00453299 2.03779e-08 3.4436e-05 9.88042e-07 2.65233e-06 3.0287e-09 9.34956e-09 0.0260206 0.0653002 0.723804 8.74395e-09 
0.00152377 1.34942e-07 4.69331e-09 0.0125748 0.655188 0.0607158 0.00811433 0.0145904 0.118943 2.09985e-06 4.30562e-07 3.2205e-11 4.13757e-11 6.74193e-06 0.000420624 1.28864e-07 2.13435e-05 0.0440895 0.0150245 0.000204141 1.53881e-08 0.0494919 0.0180281 0.000998647 6.13055e-05 
0.00386836 0.00138268 0.00130467 0.000759687 0.0867343 0.483746 0.0344648 0.026132 0.00103578 0.0027568 0.0761433 5.0078e-08 0.0020547 0.00397772 2.0663e-05 1.83141e-06 0.077397 0.0155037 0.00256181 0.0051921 4.34192e-07 0.0210975 0.148012 0.00464281 0.00120939 
0.112655 0.00177004 1.08002e-05 0.0100077 0.0665247 0.027014 0.00876223 0.0195571 0.00676767 0.00774282 0.0319977 7.98555e-06 0.0207493 0.000347631 0.00166299 9.17166e-05 0.0165396 0.0137265 0.00236971 0.0131326 0.000160497 0.0370036 0.0353866 0.565372 0.000640501 
0.0122636 3.59264e-05 0.000309879 0.43912 0.0415053 0.0161342 0.00540902 0.0211489 0.00282013 0.00154081 0.000110539 5.39582e-06 0.00372215 2.79007e-05 0.000467565 4.73007e-05 0.000276237 0.000767419 0.0191914 0.000247231 2.08414e-05 0.021356 0.404775 0.00709357 0.00160365 
0.00196621 5.3203e-05 1.94438e-10 0.131634 0.0286595 0.318678 0.00121791 0.0203801 0.0185298 6.9763e-06 0.0101543 3.1503e-11 0.00259687 1.1963e-05 2.35205e-07 7.75083e-06 0.0118655 1.02656e-05 0.00630831 0.000486856 1.74482e-08 0.0152328 0.432038 0.00016039 1.65461e-06 
0.0483294 7.26172e-05 2.94159e-06 0.0159656 0.0416234 0.0315412 0.00247031 0.00651883 0.0115483 0.00648499 0.00338142 1.45846e-07 0.0051213 0.150607 0.000447676 0.00417806 1.24242e-06 0.0214334 0.0603551 0.00262042 2.60281e-05 0.0134645 0.00728972 0.320036 0.246481 
2.38981e-05 9.40356e-07 1.14168e-06 0.121459 0.147158 0.000172357 0.000119828 0.000741407 0.00433373 1.54947e-05 4.42134e-06 1.84977e-07 0.0251823 9.43476e-07 6.96217e-07 1.52469e-06 0.000961393 0.00875621 0.000161598 0.00104839 6.9954e-07 0.0889068 0.0152684 0.585661 1.9558e-05 
0.00643216 6.18579e-05 1.49427e-11 0.0110106 0.000295186 0.371373 0.000321606 0.0145774 0.000761965 5.45215e-08 5.84784e-05 2.42104e-12 0.000195824 1.55763e-08 0.000665171 5.59783e-08 0.0089792 1.68711e-08 0.22269 0.00216894 8.7759e-09 0.0197395 0.337588 0.00305795 2.25696e-05 
0.0149892 0.0025095 2.94018e-08 0.0823076 0.0544782 0.050641 0.000945791 0.0155512 0.00333265 6.90474e-05 0.102999 2.47259e-12 0.0170823 8.42946e-08 4.95538e-08 9.35181e-05 2.15703e-08 0.000127354 0.103491 0.00038989 0.000126257 0.0157813 0.533548 0.00132019 0.000215943 
0.0723659 0.000224672 0.0310839 0.031844 0.0455721 0.0654861 0.00282855 0.0721185 0.00346922 0.324394 0.0122492 3.84026e-05 0.0107566 0.000707671 0.0106816 8.25452e-05 0.0295682 0.00156183 0.00936809 0.0145798 5.74235e-05 0.101701 0.0593268 0.0993591 0.000575586 
0.0684456 0.00085125 8.96829e-08 0.177982 0.0260358 0.147603 7.87041e-07 0.023844 0.00807934 0.0160705 0.000182732 1.20919e-11 0.000346852 6.96901e-06 4.55118e-11 1.33032e-07 0.0180664 0.0687296 0.00346666 0.0222849 4.64772e-06 0.092761 0.248912 0.0762259 9.96532e-05 
0.00595241 0.000175977 1.23368e-06 0.00332999 0.00227295 8.78127e-05 4.51793e-05 0.00668708 0.00423257 2.76783e-05 5.29297e-07 1.99882e-07 0.000737397 1.0195e-06 0.0051361 0.000168993 0.000262237 1.79853e-05 0.000409155 8.21882e-05 7.55909e-07 0.00026839 0.00771382 0.0201429 0.942245 
0.0136862 1.18205e-06 2.05152e-07 0.0259409 0.0168073 0.00276323 5.23559e-07 0.000822303 6.27848e-07 4.35926e-07 7.44266e-07 2.55488e-11 3.54764e-05 1.30312e-10 4.3282e-07 4.23282e-08 6.26891e-07 0.190794 7.42691e-09 8.04417e-07 1.54688e-07 9.94083e-07 5.06552e-06 0.749139 5.06114e-07 
0.00428654 4.26011e-10 5.17218e-10 0.00199578 0.161518 0.000203534 0.550625 0.244974 3.99526e-07 0.000102341 4.74825e-07 8.38002e-11 9.49225e-08 8.56648e-09 0.000648754 6.90732e-10 4.40898e-07 0.00467974 0.00970553 9.45285e-08 3.16914e-10 0.00255069 0.0131581 0.00554793 2.56069e-06 
0.0373214 0.000297014 0.000125949 0.0605481 0.0431933 0.345763 0.00462851 0.0297136 0.00152417 0.0050408 0.00352445 2.42074e-06 0.0101727 5.80227e-05 0.000102638 1.02228e-05 0.0542868 0.00255027 0.0146048 0.150879 6.17266e-06 0.0314331 0.198833 0.00534757 3.24948e-05 
0.00708339 1.44472e-09 1.75403e-09 0.589601 0.154427 0.0069344 0.000783332 0.0035312 0.00115574 0.000105358 0.000378953 2.8419e-10 0.00615549 1.44951e-09 0.000188118 2.74382e-08 0.0056605 0.00670372 0.00119141 0.00525953 1.07474e-09 0.0234226 0.184398 0.00297616 4.40847e-05 
0.11196 4.58746e-06 1.3863e-06 0.707099 0.000892555 0.00922247 3.43211e-05 0.011764 0.000142475 0.000100012 0.000403811 1.31123e-06 0.00521678 2.66248e-05 0.000214894 1.85137e-06 0.0048231 6.61569e-05 0.000482722 0.00278563 1.91992e-06 0.0110376 0.110814 0.0228895 1.25938e-05 
0.0478896 1.4026e-05 7.90008e-05 0.0328958 0.0696338 0.00625713 0.00118986 0.0183946 0.0218354 0.00281408 0.00070188 6.12804e-06 0.00256347 3.78574e-05 0.000664678 1.33887e-05 0.0241472 0.00155651 0.0417944 0.00139277 0.000100933 0.0141868 0.106917 0.604128 0.000786053 
0.000388261 3.41294e-12 4.14365e-12 0.00294091 0.0373486 0.000337862 0.000434463 0.00296523 0.00376295 3.6962e-05 1.36742e-05 6.71358e-13 1.46882e-05 1.67424e-08 0.000295478 5.53374e-12 0.00210129 0.945824 2.36923e-05 0.000289891 2.53892e-12 0.00147646 0.00144148 0.00030442 1.69214e-08 
0.00138754 0.000154457 3.37588e-12 0.00855283 0.00786476 0.0799112 1.49056e-05 0.00489099 0.00116524 2.76263e-05 0.001187 5.46964e-13 0.000338132 5.94738e-09 2.05867e-12 1.45845e-07 0.00013283 7.43426e-06 0.0428468 0.00038556 4.46913e-09 0.0428795 0.80818 2.34102e-05 4.93898e-05 
0.0295107 0.000126654 0.000703214 0.0670075 0.0769943 0.154756 0.0114066 0.0163478 0.00493068 0.00215677 0.00392524 1.21767e-05 0.00523526 0.000214569 0.000686032 3.78785e-05 0.201174 0.00298715 0.020085 0.0148828 8.87717e-05 0.0247536 0.346144 0.0142745 0.0015585 
0.135077 6.58187e-07 1.62358e-07 0.0358628 0.0256309 0.0243033 0.0018769 0.00967853 0.0288016 0.00374556 0.000508459 1.67452e-08 1.21284e-06 0.00261259 0.000105037 6.283e-07 0.00704191 2.92378e-06 0.002695 0.61205 7.48245e-08 0.107742 3.29206e-06 0.00225852 4.63566e-07 
0.048983 2.0329e-08 2.9733e-12 0.0897975 0.192152 0.0272785 0.0286085 0.0436432 0.131625 0.0389952 2.13048e-08 4.81737e-13 0.0013524 4.67096e-09 2.41169e-08 1.78724e-08 2.69163e-08 6.41606e-08 7.26714e-08 0.00171723 1.82182e-12 0.0365438 0.354793 0.0045072 2.71913e-06 
0.00428654 4.26011e-10 5.17218e-10 0.00199578 0.161518 0.000203534 0.550625 0.244974 3.99526e-07 0.000102341 4.74825e-07 8.38002e-11 9.49225e-08 8.56648e-09 0.000648754 6.90732e-10 4.40898e-07 0.00467974 0.00970553 9.45285e-08 3.16914e-10 0.00255069 0.0131581 0.00554793 2.56069e-06 
0.0333133 4.95665e-05 8.28635e-12 0.00245013 0.200075 0.0210064 0.185937 0.0302764 0.23484 0.00185966 1.38185e-05 1.34256e-12 3.62672e-05 6.71729e-05 5.05315e-12 3.46837e-06 0.0220242 0.00182483 0.00351036 4.42094e-05 9.18251e-05 0.00454401 0.247819 0.00989926 0.000313891 
0.0129911 4.24497e-06 2.23174e-08 0.00920452 0.674979 0.0924769 0.00301218 0.0207106 0.0178442 0.00177807 0.0268345 7.63844e-11 5.85758e-05 0.000330903 0.0111517 1.07175e-06 0.00774208 0.0143833 0.00807737 0.00108985 9.4109e-07 0.026313 0.0686194 0.00238943 6.85016e-06 
0.0255249 8.72435e-06 5.67355e-07 0.0136733 0.230828 0.00989341 0.0186374 0.126938 0.00869266 0.018145 0.000134459 4.90759e-07 0.0278546 0.282221 0.000800645 3.85963e-05 0.00975387 0.000346931 0.00483646 0.10238 7.46595e-05 0.0179004 0.0926153 0.00638052 0.00231902 
0.0262881 3.6125e-06 1.13755e-05 0.0101271 0.0282467 0.190475 0.000911521 0.0450459 0.00284567 0.00256401 0.00137268 2.98845e-08 0.0143246 4.61388e-07 0.00019711 3.83882e-05 0.017234 0.000196435 0.0176084 0.13326 5.99323e-06 0.0102204 0.465692 0.03333 2.6215e-07 
0.00488315 8.96432e-05 0.00772966 0.0129669 0.732408 0.0272729 0.0539976 0.0201764 0.0105088 0.00586852 0.00207336 6.21343e-06 0.0085448 0.00126025 0.00127402 0.000268353 0.0137122 0.0379699 0.00133252 0.00571526 6.26243e-05 0.00578057 0.0350456 0.0100287 0.00102447 
0.107745 0.00950686 0.00286621 0.10281 0.026592 0.0161596 0.00351167 0.333556 0.00953831 0.0112093 0.00855633 1.0048e-05 0.017409 2.43602e-05 8.66613e-05 0.000720443 0.038548 0.00343398 0.0164708 0.0340288 0.000263528 0.0408806 0.19553 0.0163796 0.00416229 
0.151258 0.000188412 3.83233e-06 0.0092552 0.0411404 0.0532646 0.000311492 0.0125686 0.0237897 0.592263 0.000248725 3.92748e-08 0.000877041 9.42475e-05 0.00162379 2.97932e-05 0.00538097 0.000639097 0.00190869 0.00601562 4.56435e-07 0.00778856 0.0619779 0.0293535 1.85451e-05 
0.0616444 0.00179343 1.29605e-05 0.00693215 0.0631105 0.012196 0.010921 0.143916 0.000721582 0.00559748 4.13645e-06 1.17372e-06 0.000110667 0.000256302 1.29108e-05 1.13125e-05 0.00638881 0.000304124 0.0163204 7.67711e-05 0.000373923 0.00548121 0.628705 0.0346644 0.000442865 
0.00260282 1.00147e-06 1.21588e-06 0.00911021 0.0295388 0.0137755 0.0242769 0.0554779 0.0345334 0.00524816 0.00271315 1.96998e-07 0.0089092 1.00479e-06 7.41464e-07 1.62378e-06 0.00684323 0.0024937 0.00327256 2.41336e-07 0.000373246 0.0139612 0.778162 0.00507785 0.00362377 
0.00918006 0.00347217 1.54281e-07 0.0209433 0.908357 0.00746807 4.22855e-07 0.0204047 0.00540726 0.0080636 0.000178568 6.91165e-11 6.82096e-07 0.00186771 4.79452e-08 5.52853e-05 0.0017765 0.000183519 1.04678e-07 0.00343655 1.1743e-07 0.00482775 0.00280051 0.00145454 0.000121166 
0.0291211 0.00116799 0.00015409 0.0961131 0.0421192 0.201624 0.00341991 0.0428174 0.00999955 0.0045941 0.00184364 1.89968e-05 0.0271907 2.21724e-05 0.0016321 2.95063e-05 0.142119 0.00552758 0.0438381 0.0141991 2.53184e-05 0.0972564 0.223355 0.0116229 0.00018927 
0.0078076 3.61663e-08 2.72712e-12 0.00159682 0.000625489 0.0604424 5.71299e-05 0.0234429 1.97793e-08 0.0126102 3.32303e-08 4.4185e-13 0.000734642 6.0808e-05 1.66304e-12 1.31148e-08 0.0636809 0.000387948 0.000198534 0.0031494 6.68558e-09 0.000604242 0.819418 0.00518251 1.42368e-07 
0.025344 0.00179636 0.0027774 0.0135873 0.512876 0.0328532 0.0550633 0.0426323 0.0215055 0.0183146 0.00455767 0.000296541 0.0046332 0.00177917 0.0034426 0.00559278 0.0109498 0.0840937 0.0148128 0.00735656 0.00258126 0.0179248 0.0663157 0.0446853 0.00422855 
0.138149 6.72467e-08 8.1644e-08 0.112903 0.0271964 0.000179727 0.00435443 1.66023e-05 0.00876406 0.00202923 7.95369e-05 1.3228e-08 5.50915e-05 6.74698e-08 0.0101597 1.09034e-07 6.11758e-05 3.02375e-05 9.35944e-05 0.0121924 5.00255e-08 0.022959 0.0110147 0.630236 0.0195251 
0.0769045 0.000324708 4.40049e-06 0.000808602 0.181141 0.0929652 0.0037203 0.030358 0.00357188 0.00592611 0.0570875 3.32198e-06 0.0138991 1.57772e-05 6.52072e-06 8.04159e-05 0.238341 0.00553797 0.0615957 0.0020507 9.85979e-06 0.0413098 0.17323 0.0110674 4.00123e-05 
0.0412952 0.000183871 2.46297e-06 0.106026 0.0677641 0.0158332 6.48438e-05 0.0297379 0.00548872 0.00169102 0.037166 1.01474e-07 0.00121077 0.000193837 0.0480392 8.36407e-07 0.0104506 0.000289682 0.00243624 0.547023 2.00263e-07 0.054319 0.0249509 0.00583219 5.97655e-07 
0.00150978 4.24118e-05 1.89902e-10 0.00035563 0.842843 0.0011562 0.00898724 0.0035472 0.0116592 0.00084264 4.62156e-07 3.07681e-11 7.79253e-07 2.20542e-06 1.15805e-10 5.65488e-07 4.96105e-05 0.0181197 2.29884e-06 6.73973e-07 1.16358e-10 0.00129797 0.0838766 0.025705 7.65352e-07 
0.00240658 7.66174e-05 9.29095e-11 0.460624 0.0121358 0.127319 0.00143578 0.0123759 0.0307013 2.89526e-08 0.00141238 1.50533e-11 0.010335 6.61458e-06 1.54367e-07 1.84809e-05 0.000292749 1.03295e-05 0.00178917 0.00110448 5.69282e-11 0.0208179 0.317138 1.14559e-07 5.32407e-11 
0.00200485 3.89055e-08 1.97994e-07 0.0228108 0.0514922 0.00267985 0.115695 0.0906431 0.0320471 6.40807e-05 0.0140207 7.65307e-09 0.000475251 7.66296e-06 0.0109667 6.30813e-08 7.74397e-06 9.13958e-05 1.65684e-05 0.0316141 9.82577e-06 0.0173221 0.0451935 0.562625 0.000211764 
0.012954 1.25678e-10 1.52585e-10 0.0127118 0.0279211 0.00936775 0.00459145 0.0492089 1.68403e-06 3.05367e-05 3.43908e-05 2.4722e-11 1.8751e-07 3.02788e-08 3.43811e-06 2.03773e-10 2.36437e-07 3.39486e-07 0.000125418 3.02861e-11 9.34929e-11 0.0895042 0.792762 0.000782671 4.23069e-08 
0.14673 3.74162e-05 9.53701e-06 0.0330902 0.0119987 0.120791 0.000406739 0.0246903 0.0207446 0.136053 0.0869623 3.66732e-07 0.0134352 6.22044e-06 6.96477e-06 5.75094e-07 0.15123 5.2495e-05 0.0367898 0.124132 0.000110877 0.00714916 0.0713871 0.0141601 2.61712e-05 
3.05764e-07 8.80078e-08 1.29813e-08 0.00656095 0.761574 0.0687331 0.00497236 0.0209229 0.0129162 1.64881e-07 0.0158465 9.76942e-09 0.000570898 0.000370492 1.71267e-07 0.00032117 5.73363e-07 0.0401255 0.0178735 3.94599e-07 1.50103e-06 0.00126059 0.0244772 0.0234707 2.0642e-07 
0.00433217 0.000190296 4.98747e-08 8.79689e-05 0.739237 0.0643919 0.00761031 0.109874 0.00735374 0.00674559 0.0032139 4.47259e-08 0.00392812 0.00669207 0.000187043 1.5706e-05 0.0012332 0.0031015 0.0012115 2.79281e-05 0.000529246 0.0295123 0.00278423 0.00773926 3.73212e-07 
0.000908756 8.99105e-08 1.65077e-10 0.10075 0.050033 0.62758 0.00110625 0.0109408 0.00194402 0.000239018 0.000317945 2.6746e-11 0.0271508 6.81831e-07 2.24427e-07 2.20457e-10 4.19191e-07 0.0161568 0.0069177 0.0160418 1.26328e-08 0.0209413 0.118957 1.22544e-07 1.2881e-05 
0.18085 0.000136086 4.79604e-08 0.0317978 0.0415607 0.0373262 0.121869 0.0530497 0.00458779 0.186308 0.00594149 1.94485e-11 0.0804379 0.000132613 7.563e-05 1.07527e-07 0.0452737 0.00506592 0.00692244 0.0357089 7.355e-11 0.022106 0.0865991 0.0542507 5.2495e-07 
0.0479747 1.60023e-11 1.94284e-11 0.0690392 0.0439317 0.171104 0.0318123 0.0605526 0.0563292 0.0365928 2.87825e-05 3.1478e-12 0.000769041 1.62703e-08 0.000304713 2.59461e-11 2.48903e-07 1.82998e-07 0.000261088 2.63637e-07 1.19043e-11 0.102723 0.374618 0.00340005 0.000557628 
0.00222252 4.88863e-09 1.97184e-11 0.00995064 3.2047e-07 0.889139 1.30019e-07 0.0818256 0.000866493 5.54678e-08 4.0778e-07 3.1948e-12 0.00316521 4.56425e-08 1.20246e-11 8.42937e-08 0.00502249 6.82559e-08 4.24867e-07 4.05087e-07 1.2082e-11 0.00690532 1.49285e-06 0.000899415 4.29493e-08 
0.054322 2.23728e-05 0.0604873 0.0380777 0.0840018 0.018207 0.000998665 0.125726 0.0148288 0.00205804 0.00652558 6.41066e-06 0.0171817 0.000250371 0.00932142 6.72473e-06 0.156496 0.00124057 0.0108577 0.00825608 2.62381e-05 0.0680212 0.28006 0.0429928 2.7481e-05 
0.0160986 1.55374e-10 1.88639e-10 0.0114104 0.336108 0.038665 0.00601814 0.502652 0.015536 0.0249991 0.00648393 3.05635e-11 0.000168224 9.75681e-08 0.000621316 2.64016e-07 0.000722084 0.000410943 2.46187e-07 0.0136688 1.15584e-10 0.023632 4.31547e-07 0.000670863 0.0021326 
0.127524 5.3356e-08 1.65904e-08 0.000862365 0.00100973 0.0641827 0.000109973 3.58371e-07 0.00016747 9.56418e-08 0.00026166 8.54371e-09 0.0274318 4.04095e-08 5.97617e-07 8.8705e-08 0.217771 0.000368458 0.00892917 6.01185e-05 4.74351e-06 0.535104 0.0109738 0.00516944 6.74762e-05 
0.0167882 0.00709978 2.74725e-08 0.00315901 0.324807 0.00928142 6.37818e-09 0.245006 0.0372591 0.0547885 1.22057e-05 4.45112e-09 0.110179 7.21065e-05 7.48725e-05 0.00015704 4.08821e-05 0.00151664 2.99548e-05 5.45292e-09 3.84803e-06 5.16293e-06 0.172176 0.0175375 6.04177e-06 
0.201392 0.000350034 9.21515e-05 0.0874971 0.0573563 0.00881953 0.000370165 0.0525775 0.00218792 0.00299873 0.114845 8.43942e-07 0.187819 5.94207e-05 0.0316166 1.03038e-05 0.0762641 0.00409858 0.00213742 0.0620794 5.77995e-05 0.0659954 0.0277815 0.0135904 1.82151e-06 
0.0274866 1.48777e-05 0.00240033 0.086396 0.053298 0.0664381 0.00587219 0.0246841 0.00169678 0.000531262 0.028194 1.38642e-05 0.0455688 0.000112367 0.00105906 2.79504e-05 0.108446 0.00371813 0.0123213 0.0624966 0.00290654 0.0475333 0.412807 0.00589481 8.10186e-05 
0.0306945 0.00857402 2.20653e-10 0.277587 0.0128366 1.90225e-06 0.00221937 0.50728 0.00464201 4.82066e-08 0.0166726 3.57504e-11 1.79176e-07 7.31206e-08 6.86382e-07 2.94677e-10 0.0222596 4.85855e-08 6.87112e-07 0.0310105 1.352e-10 0.039115 0.0328005 0.0143022 1.7071e-06 
0.0653255 1.49275e-06 2.67852e-06 0.0516045 0.0783418 0.0584205 0.00305798 0.0232234 0.00854169 0.000362631 0.0012005 5.56886e-08 0.185805 8.26735e-08 1.78713e-06 1.79393e-05 0.000999525 0.00748446 0.00320854 0.0201738 6.06783e-06 0.0330083 0.454059 0.00476896 0.000384452 
0.135077 6.58187e-07 1.62358e-07 0.0358628 0.0256309 0.0243033 0.0018769 0.00967853 0.0288016 0.00374556 0.000508459 1.67452e-08 1.21284e-06 0.00261259 0.000105037 6.283e-07 0.00704191 2.92378e-06 0.002695 0.61205 7.48245e-08 0.107742 3.29206e-06 0.00225852 4.63566e-07 
0.053488 9.02018e-05 4.63514e-05 0.187702 0.0212939 0.0568828 0.00348889 0.064185 0.00187918 0.0136512 0.000888216 1.67889e-07 0.0120667 3.91791e-05 8.25268e-06 0.000103008 0.00615012 1.19268e-05 0.0032242 0.436109 1.58415e-05 0.0373335 0.0993684 0.00194853 2.56561e-05 
0.0483294 7.26172e-05 2.94159e-06 0.0159656 0.0416234 0.0315412 0.00247031 0.00651883 0.0115483 0.00648499 0.00338142 1.45846e-07 0.0051213 0.150607 0.000447676 0.00417806 1.24242e-06 0.0214334 0.0603551 0.00262042 2.60281e-05 0.0134645 0.00728972 0.320036 0.246481 
0.0178398 0.000101633 0.000120791 0.106576 0.0311385 0.0477223 0.00240759 0.173686 0.00218295 0.00253909 0.00382801 3.90873e-05 0.0103915 7.12394e-05 0.00967043 0.000175145 0.0395566 0.00155907 0.343403 0.00253757 0.000105931 0.0631634 0.0625832 0.0781119 0.00048945 
0.00643216 6.18579e-05 1.49427e-11 0.0110106 0.000295186 0.371373 0.000321606 0.0145774 0.000761965 5.45215e-08 5.84784e-05 2.42104e-12 0.000195824 1.55763e-08 0.000665171 5.59783e-08 0.0089792 1.68711e-08 0.22269 0.00216894 8.7759e-09 0.0197395 0.337588 0.00305795 2.25696e-05 
0.000279941 4.11855e-10 5.00032e-10 0.00210846 0.0399238 0.000243334 0.00376858 0.00212308 0.00269655 2.75168e-05 1.07534e-05 8.10158e-11 1.12978e-05 5.95955e-08 0.000215495 6.67781e-10 0.00150831 0.942165 1.75884e-05 0.000209572 3.06383e-10 0.00105932 0.00341065 0.000219714 1.02447e-06 
0.0738533 2.20946e-07 7.71285e-08 0.0655937 0.0115551 0.265096 0.000942656 0.0242005 4.14694e-05 0.0213347 0.00493079 8.52317e-09 0.0694997 0.00264945 1.2506e-05 4.4838e-07 0.0511778 8.45315e-05 0.0983621 0.255228 0.000281941 0.012686 0.0417756 0.000324508 0.000369325 
7.13314e-06 3.23757e-09 3.93072e-09 0.0225784 0.00460063 0.530448 2.21842e-06 0.176406 0.000162035 3.78375e-06 0.0132153 6.3686e-10 0.226303 3.73478e-07 1.89325e-07 5.24938e-09 2.93686e-06 2.79518e-07 0.00167637 0.00662113 2.40846e-09 6.27809e-06 0.0179634 1.87986e-06 2.25245e-09 
4.78724e-05 2.5242e-07 1.19921e-09 0.000674722 0.935443 9.05514e-08 0.023755 0.00112837 0.00823973 0.0028505 0.000679355 1.94298e-10 2.49626e-10 8.53568e-07 0.000148203 0.00101551 4.74969e-07 0.0172314 0.000119377 9.45423e-08 2.81564e-06 0.00150083 4.33488e-07 0.0071004 6.06623e-05 
0.000203611 3.65967e-07 4.57427e-10 0.00329094 0.586868 0.000443761 0.0870361 0.155937 0.00935384 6.87076e-05 0.000159976 7.41128e-11 0.000428868 3.78013e-10 0.000192015 6.10883e-10 8.9937e-08 0.0125451 7.64067e-06 8.60635e-05 2.80278e-10 0.134991 0.00170326 0.000700732 0.00598349 
0.0458803 7.59781e-05 4.57284e-13 0.0306312 0.28488 0.0547884 0.0322213 0.0101986 0.136318 0.01858 2.9233e-08 7.40897e-14 3.78855e-09 0.000870316 2.78859e-13 3.93095e-05 0.00201601 0.00877535 0.00748947 0.00128873 1.03698e-09 0.0537109 0.309185 0.00305102 6.51096e-07 
0.10126 2.10175e-09 6.06465e-07 0.00850749 3.61615e-06 1.22554e-06 0.000635469 0.00858016 1.54384e-06 1.26354e-05 0.00144504 4.13433e-10 0.00892976 2.10872e-09 0.0137489 3.40776e-09 0.00537204 4.11193e-07 0.0235894 7.72293e-06 1.56351e-09 0.0557551 5.37668e-06 0.772144 1.46223e-09 
0.00436325 7.65169e-06 1.96612e-11 0.00679915 0.440967 0.0017485 0.0228375 0.0115036 0.0442557 0.00176012 8.43542e-12 3.18553e-12 4.42547e-05 4.10382e-07 0.000155097 3.66518e-06 0.00118996 0.00398703 0.00176289 0.00105982 1.20469e-11 0.00231756 0.416059 0.0389718 0.000205446 
0.0301581 1.32932e-06 0.000986059 0.0451611 0.2439 0.08591 0.00689993 0.0675344 0.118707 0.0280789 0.00128803 7.66055e-07 0.00913252 0.000359071 5.97117e-05 0.0129721 0.0517513 0.0107884 0.00343089 0.128617 9.09223e-07 0.0378422 0.045307 0.0710849 2.77037e-05 
0.00186068 0.000157206 2.60734e-05 0.00132438 0.0038543 0.0205183 0.000438205 0.0177456 0.000190575 0.000938174 0.000221066 6.14896e-06 0.000455523 1.05446e-05 0.000482 2.09423e-05 0.00143472 3.42314e-05 0.045572 0.000311143 9.95664e-06 0.0610743 0.807002 0.036 0.00031235 
0.0024277 1.56307e-08 0.0512367 0.478166 0.0481128 0.00607876 0.000369945 0.0373712 0.0177142 1.07229e-05 1.0749e-06 3.07471e-09 0.046669 1.56826e-08 0.0313081 0.000165967 2.3959e-06 2.16793e-07 8.08869e-07 0.0126762 1.16279e-08 0.00252922 0.0427026 0.222456 7.99976e-07 
0.0600694 5.6901e-05 4.10591e-08 0.369446 0.0669836 0.0476038 0.00232166 0.08259 0.12841 0.0206003 0.000613449 2.22364e-08 0.00303686 0.00246822 4.95208e-06 5.45023e-05 0.00562082 0.00512117 0.0194405 0.0610308 3.85693e-08 0.0196568 0.0930059 0.0118313 3.27357e-05 
0.00901534 2.04909e-06 3.31737e-05 0.00695694 0.0280784 0.0114076 0.0507275 0.00707282 0.0299826 0.00972412 0.000447124 1.54411e-06 0.000213382 0.00033927 1.91192e-06 2.88199e-06 0.658155 0.000103187 0.00345642 0.0184862 0.0102505 0.0821498 0.0548755 0.0184946 2.22039e-05 
0.0260204 0.000290354 8.44985e-05 0.00948738 0.0682499 0.327916 0.00602587 0.0306603 0.0138027 0.00572117 0.00135005 1.76593e-05 0.00956105 2.83816e-05 5.63779e-05 6.78274e-05 0.100302 0.000505803 0.0386698 0.00691805 0.000125546 0.0363089 0.287492 0.0300958 0.00024289 
0.0147887 3.6064e-05 1.8597e-07 0.0148401 0.0242996 0.667092 9.08904e-07 0.0216566 0.000908874 0.0131546 0.000768858 9.13975e-11 0.00369005 0.000124779 7.63713e-08 1.5425e-07 0.00822401 7.15133e-07 0.000316671 0.0637137 1.85676e-08 0.146842 0.0193757 0.000164358 5.28119e-07 
0.0666516 0.00328457 5.96851e-09 0.435548 0.0221507 0.0352494 8.79623e-05 0.130164 0.000920522 0.0479227 0.000531776 9.67024e-10 0.000957831 1.79354e-05 6.77805e-05 4.59958e-07 0.0129575 0.00733832 0.00346283 0.102497 7.2782e-08 0.0193446 0.0899537 0.0176203 0.00327075 
9.14538e-07 5.54253e-08 6.72916e-08 0.00853223 0.354756 5.74516e-06 5.10145e-06 0.312297 0.295203 1.63167e-08 2.21786e-06 1.09027e-08 3.55186e-05 0.000278576 4.10355e-08 9.37833e-07 2.64922e-06 7.00175e-07 0.000139118 0.0214154 4.12314e-08 0.00211916 0.000373152 0.00483267 3.85607e-08 
0.0607378 0.000217644 0.000436912 0.021844 0.0366529 0.0972509 0.0044433 0.0301394 0.00244556 0.00481663 0.00168072 0.000135567 0.015738 0.000204587 0.00109231 0.000482189 0.0256638 0.0193639 0.0651158 0.0333702 0.00490472 0.0657958 0.484347 0.0225964 0.000523795 
0.0358841 0.00239639 0.000121863 0.0034203 0.138388 0.0425096 0.0382075 0.0216244 0.0185792 0.00514272 0.00174907 2.80498e-05 0.0034882 8.55758e-05 0.00104218 5.53577e-05 0.0393097 0.00507694 0.0057362 0.000601418 0.00765851 0.0100946 0.110066 0.508559 0.000175446 
0.00592096 4.16741e-07 2.20609e-06 0.00165386 0.559139 0.0494715 0.09523 0.0138933 0.195807 6.39405e-06 0.0460068 1.30661e-07 1.18167e-06 0.00209527 3.93569e-06 4.63925e-06 0.0045132 0.00593014 0.000440605 0.00443446 0.000144668 0.0102711 0.00203821 0.00275566 0.000235358 
0.0273348 1.63755e-09 1.98814e-09 2.24724e-05 0.385786 0.0208688 0.0133836 0.195564 0.0376141 4.8208e-10 0.158521 3.22121e-10 0.0369604 0.000167193 1.2124e-09 2.65511e-09 3.77483e-06 0.00255934 0.000339444 0.00566847 1.21819e-09 0.092215 4.02024e-05 0.0226349 0.000316543 
6.00445e-05 0.000751751 1.81506e-11 0.0199123 0.0097428 0.0534121 2.98882e-05 0.0010047 0.00114976 3.6889e-05 0.00822115 2.94077e-12 0.000244938 1.49994e-11 1.10685e-11 3.08623e-07 4.76489e-08 9.38606e-09 0.197527 0.000423828 2.30615e-08 0.128579 0.575423 0.00289312 0.000587547 
0.0684456 0.00085125 8.96829e-08 0.177982 0.0260358 0.147603 7.87041e-07 0.023844 0.00807934 0.0160705 0.000182732 1.20919e-11 0.000346852 6.96901e-06 4.55118e-11 1.33032e-07 0.0180664 0.0687296 0.00346666 0.0222849 4.64772e-06 0.092761 0.248912 0.0762259 9.96532e-05 
0.019411 2.73036e-07 3.31492e-07 0.0219041 0.0575374 2.84979e-05 1.60792e-05 0.402654 0.0792664 0.218474 2.97141e-05 5.37086e-08 0.0379359 2.73941e-07 8.85773e-05 4.42699e-07 0.00372564 0.00296763 4.89046e-05 0.00063565 3.42231e-05 0.0027297 0.0125373 0.139974 1.89957e-07 
0.00643216 6.18579e-05 1.49427e-11 0.0110106 0.000295186 0.371373 0.000321606 0.0145774 0.000761965 5.45215e-08 5.84784e-05 2.42104e-12 0.000195824 1.55763e-08 0.000665171 5.59783e-08 0.0089792 1.68711e-08 0.22269 0.00216894 8.7759e-09 0.0197395 0.337588 0.00305795 2.25696e-05 
0.0245602 4.11637e-07 4.99768e-07 0.00969413 0.12889 0.0350375 0.0157296 0.110407 0.0356751 0.00107696 0.410363 8.09729e-08 0.0418677 0.000161947 0.0100882 6.67428e-07 0.00559804 0.00157991 0.00116466 0.0139377 1.29916e-05 0.00223629 0.128687 0.022828 0.000403338 
0.000744994 3.66503e-06 3.75363e-08 0.399473 0.00722219 0.0130669 1.39852e-05 0.055612 0.00345047 0.000478259 5.38491e-05 2.37531e-09 2.02681e-06 1.21153e-08 5.14253e-06 6.87765e-06 5.42389e-06 6.23944e-07 0.00200138 0.265396 2.47265e-07 0.00375032 0.231258 0.0166386 0.000816115 
0.00487745 0.000295602 2.18375e-09 0.071139 0.0273322 0.148108 0.00283271 0.0654671 0.148942 0.0109027 0.00188121 3.53813e-10 0.0333667 1.40195e-07 0.000545565 2.34073e-07 0.0170529 0.000102005 0.00390679 0.0433538 7.0256e-06 0.166946 0.217392 0.0354417 0.000107022 
0.0198512 0.000421752 1.8131e-11 0.0151191 0.00253404 0.173795 0.00032163 0.0203053 0.00323526 5.39213e-08 0.000145538 2.9376e-12 0.00758665 2.40353e-08 8.81497e-08 0.000177502 0.0413932 0.000296301 0.255195 0.00139721 8.68123e-09 0.00663515 0.451191 0.000376591 2.25753e-05 
0.0413097 0.00990646 0.0145896 0.00482406 0.137903 0.0567585 0.0112408 0.0338121 0.000992627 0.228101 0.000136007 1.08104e-05 0.00297415 0.000360527 0.00253006 0.000647367 0.176183 0.0256003 0.00589191 0.0100617 0.017163 0.0654339 0.0865318 0.0421291 0.0249086 
0.132883 0.00016594 9.79938e-06 0.163983 0.0866342 0.120876 0.00376341 0.0850614 0.00787229 0.00822178 0.00341637 6.01988e-06 0.00265839 0.000988795 0.0101165 6.6299e-06 0.0257408 0.0144055 0.00801633 0.0280574 7.43057e-05 0.0271598 0.253724 0.0157603 0.000398615 
0.0118304 1.33261e-05 6.37764e-06 0.00394104 0.280049 4.36391e-05 0.0133464 0.274024 1.85032e-05 5.21728e-05 6.54553e-06 1.03331e-06 0.398609 5.27042e-06 3.88919e-06 8.51718e-06 0.0117948 5.86764e-06 0.00396324 0.000267547 4.95636e-06 1.90022e-05 1.09827e-05 0.00197109 3.65463e-06 
0.00222252 4.88863e-09 1.97184e-11 0.00995064 3.2047e-07 0.889139 1.30019e-07 0.0818256 0.000866493 5.54678e-08 4.0778e-07 3.1948e-12 0.00316521 4.56425e-08 1.20246e-11 8.42937e-08 0.00502249 6.82559e-08 4.24867e-07 4.05087e-07 1.2082e-11 0.00690532 1.49285e-06 0.000899415 4.29493e-08 
0.0749792 0.000221339 0.000612907 0.358711 0.0338788 0.0117522 0.00261998 0.0269366 0.0158564 0.00592941 0.00715288 2.38766e-05 0.000782151 0.00355489 0.010684 5.97639e-05 0.0199661 0.00181087 0.00677713 0.0650324 0.000513487 0.0219934 0.257821 0.0721182 0.000211973 
6.24385e-05 2.64028e-06 3.20556e-06 8.8335e-05 3.74944e-05 0.00135136 0.0510696 6.31383e-05 0.00680613 7.77276e-07 0.792094 5.19368e-07 1.46238e-05 0.142777 2.6439e-06 4.28094e-06 9.82023e-07 4.6165e-06 0.0015574 6.79242e-05 3.34891e-06 0.00345884 4.96535e-05 0.000276043 0.000203007 
