0.0298289 0.000454091 5.80847e-09 0.0193944 0.00799094 0.0529139 8.63818e-05 0.0511821 0.0067973 0.000287689 0.0588321 3.11788e-07 0.540104 2.69047e-07 0.00023826 1.40401e-06 0.00392373 3.62104e-05 3.80318e-05 0.0187324 3.55901e-09 0.0339093 0.173215 0.00172265 0.0003114 
0.083044 0.000304497 8.65056e-11 0.0228626 0.00193011 0.169808 0.00862203 0.0452379 0.000106988 0.0103009 0.0161994 1.81671e-06 0.387273 0.000407812 2.90594e-08 4.7497e-06 0.0306771 0.0156908 0.0539559 0.0238707 7.22306e-07 0.051781 0.0765666 0.00115967 0.000193288 
0.0313672 0.00100557 1.22855e-05 0.0399073 0.0621004 0.143073 0.00137918 0.13016 0.0110791 0.0225626 0.0198838 0.000247525 0.298425 0.000164039 0.0118198 3.04501e-05 0.0558299 0.0209317 0.0257012 0.0499372 1.29191e-05 0.0122107 0.0121931 0.0423118 0.00765409 
0.0762155 0.00123998 2.59741e-08 0.000115781 0.013062 1.03396e-06 0.0569749 0.118925 0.0357345 0.100543 0.0103539 0.000124344 0.209142 2.14648e-08 1.79933e-05 2.23162e-06 0.0740579 1.37569e-05 0.0089094 0.0217512 9.57883e-06 0.00452232 0.130345 0.137939 1.48842e-08 
0.173837 0.000998609 3.69306e-08 0.0219036 0.0196223 0.0328292 0.00940739 0.0114365 0.000937304 0.021694 0.00642153 0.00773071 0.364078 0.000529828 0.000103315 8.4524e-06 0.0231011 0.00629683 0.0236568 0.19585 1.15734e-06 0.0324936 0.0306033 0.0100323 0.00642734 
0.0796422 2.32598e-05 8.69209e-05 0.0674467 0.0205391 0.0847688 0.000359341 0.0225673 0.0105465 0.00612881 0.00366976 0.00946895 0.25279 0.000315263 0.000255551 0.000186478 0.0164456 0.0119867 0.182288 0.103932 2.72275e-05 0.0526249 0.0731294 0.000646559 0.000123984 
0.00603621 3.96428e-05 2.80391e-05 0.0397398 0.0286058 0.125431 0.00791174 0.0142389 0.0114047 0.00104473 0.00844646 1.91178e-05 0.559591 9.51361e-05 0.00118875 2.45062e-06 0.00777948 0.00703162 0.0168057 0.0269055 6.84106e-06 0.0676177 0.0508024 0.00490243 0.0143255 
0.196889 0.000119521 9.32567e-06 0.0236094 0.0125923 0.0355194 0.000145858 0.0252922 0.00433875 0.00461274 0.023968 0.0023515 0.550501 6.0709e-05 0.00104114 8.36868e-06 0.0371957 0.00260943 0.00934526 0.0237371 1.29216e-05 0.0199372 0.0215373 0.00455347 1.17308e-05 
0.108823 6.91353e-07 4.73049e-06 0.0243365 0.0027613 0.00568689 5.5354e-07 0.0467395 9.03062e-07 0.00330905 0.0128802 0.000286355 0.736154 9.13709e-07 0.000322734 3.57238e-09 0.00715655 0.000873528 0.000441437 0.00720679 1.63904e-09 0.00506456 0.02205 0.0157354 0.000164146 
0.20505 2.96773e-05 6.79657e-07 0.0863934 0.0712329 0.0757465 0.0031379 0.0263052 0.00805527 0.00693284 0.003805 1.62876e-05 0.273487 5.15603e-05 0.000113495 0.0189176 0.0147998 0.00236429 0.00799089 0.0252767 3.87532e-07 0.0941844 0.0681719 0.00570961 0.0022271 
6.18642e-06 5.37787e-09 6.52926e-09 7.43479e-10 8.73357e-05 1.80753e-06 0.00437609 1.43746e-06 2.35809e-05 3.53225e-07 0.000157205 1.81798e-07 0.994712 4.246e-06 3.44119e-07 8.71967e-09 9.72145e-10 1.76392e-06 1.27807e-06 1.29597e-09 4.00065e-09 1.25669e-06 2.42634e-08 1.69837e-05 0.000607899 
0.0467727 0.000775583 1.34927e-07 0.0783613 0.0171991 0.0298817 0.000922424 0.111647 0.00154988 0.00211038 0.00148304 0.000654821 0.261658 7.36877e-10 0.00172313 1.19082e-09 0.109676 9.99904e-05 0.00211653 0.0178049 2.34412e-07 0.0824483 0.152253 0.0808458 1.70139e-05 
0.00344502 2.26562e-08 6.57727e-06 0.0320685 0.0858702 0.0279339 0.000958436 0.0259869 0.00144906 0.00120616 0.0037584 2.82659e-06 0.698843 9.26274e-06 8.74493e-05 0.000883643 0.0150296 0.00883433 0.00457286 0.00719221 0.000140678 0.00658579 0.0702014 0.00466592 0.000268319 
0.0171967 2.07312e-07 2.74994e-09 0.00725464 0.006015 0.031239 4.9743e-06 0.00332435 0.00260687 0.0126042 0.00277886 1.49284e-08 0.838319 1.8313e-05 0.00247523 3.67248e-09 0.0067437 2.51821e-05 0.019864 0.00331568 1.47912e-06 0.00716239 0.0267808 0.0122661 3.5707e-06 
0.0178724 1.20672e-05 3.69743e-10 0.0137819 0.0389164 0.027789 0.00356818 0.00759852 0.00105613 6.08492e-05 0.0876956 1.90258e-05 0.75468 2.21589e-07 0.000482078 3.52708e-06 0.00760735 0.000549407 0.00566153 0.0137718 2.40172e-05 0.0101369 0.00751621 0.000795831 0.000400857 
0.00017028 2.16986e-05 1.98531e-08 7.54634e-05 0.0936718 0.00414357 0.137922 0.0530003 0.0001511 2.98803e-06 0.126141 1.931e-06 0.390017 0.155035 7.57343e-05 2.32552e-06 6.09264e-05 0.0228821 0.000917503 7.81043e-05 1.80408e-06 0.00104816 0.00490134 0.0096766 1.11344e-06 
0.0427113 0.00019845 6.9974e-08 0.0394869 0.00447002 0.0192558 5.71375e-05 0.0409349 0.0013646 0.00442405 0.0119486 3.15536e-05 0.714756 7.88074e-05 0.00696068 3.83112e-05 0.0352105 0.000136382 0.00311844 0.0145768 0.00169381 0.00709145 0.0344776 0.0168528 0.000125179 
0.181815 4.10122e-08 4.00284e-10 0.127108 0.0172678 0.00707009 9.0787e-05 0.00998814 0.000225433 0.000329563 0.0013951 2.07832e-07 0.273459 1.73519e-07 5.35101e-05 5.34569e-10 0.0551425 0.00280106 0.00349271 0.031991 3.13914e-07 0.113938 0.172346 0.00138407 0.000102296 
0.0127429 0.000231796 1.96195e-06 0.000341985 0.00468364 0.134378 0.00171525 0.00779086 0.000399902 0.000956869 0.00681018 2.26295e-05 0.724335 0.000103199 4.08664e-06 2.0708e-05 0.00349226 0.0166373 0.0239889 0.00680597 4.73985e-08 0.0364898 0.0168568 0.00086875 0.000321803 
0.00864557 1.58566e-05 0.00606941 0.0332682 0.00054606 0.015321 1.85353e-06 0.00620799 5.04917e-05 2.25987e-05 0.00512138 1.17852e-06 0.750217 1.71032e-05 0.00116758 1.41817e-06 0.00961506 2.76747e-06 0.000252688 0.0293541 2.60131e-08 0.0558764 0.0605552 0.016849 0.000819677 
0.00746605 7.31765e-05 1.49595e-08 0.000121043 0.00483247 0.144059 0.00238159 0.00864222 0.000331175 0.000346042 0.00825313 1.55352e-05 0.715349 0.000123955 2.41784e-09 9.68739e-06 0.00324662 0.0151621 0.0335754 0.00379605 7.46931e-09 0.0478424 0.00384862 8.7177e-05 0.000437464 
0.0382896 7.7209e-05 1.09e-08 0.000911064 0.031521 0.0218322 0.00161608 0.0337465 0.000224173 0.0124524 0.248684 2.80835e-05 0.484176 0.000549578 6.40845e-06 3.41153e-05 0.0253075 0.0460603 0.0174935 0.00713188 2.53572e-05 0.0130038 0.0145031 0.0022895 3.67847e-05 
0.0132001 4.39364e-11 5.33431e-11 0.000899965 0.00295701 0.0639282 1.7797e-07 0.00236588 0.000262533 0.00134903 0.00117026 1.66987e-05 0.819676 1.18011e-07 3.44527e-05 1.34504e-07 0.00347492 0.000200631 4.72615e-08 0.00851746 3.26847e-11 0.00278345 0.0787144 0.000440523 8.29478e-06 
0.30939 0.00106527 2.59671e-08 0.00256383 0.000173613 0.00163697 0.000150297 0.000318155 3.75823e-05 0.00813185 0.00516527 0.0276711 0.608521 0.000451242 7.11331e-05 3.46784e-08 0.00537256 5.82873e-05 0.0032118 0.00659041 0.000199254 0.00572616 0.0124635 0.000974274 5.65688e-05 
0.0577313 8.09381e-05 2.90508e-05 0.0287734 0.0248086 0.0284752 0.00401824 0.0201468 0.00409671 0.00160576 0.00292911 9.31693e-05 0.450251 2.45695e-05 1.72095e-05 2.24763e-05 0.0625521 0.00437181 0.0556572 0.0318296 0.00321937 0.102296 0.0912274 0.018389 0.00735466 
0.0492917 0.000346131 0.00112604 0.0152644 0.0587991 0.0457544 0.0108912 0.00871867 0.00193083 0.000592251 0.078532 2.52089e-05 0.640042 1.68317e-06 0.000786423 1.71443e-05 0.0257177 0.000927022 0.0117757 0.0169091 0.000212031 0.0125659 0.0178371 0.00133106 0.000605763 
0.159901 9.01874e-07 6.18053e-10 0.0231406 0.0236031 0.00842848 0.00430128 0.0182412 0.00283227 9.24068e-06 0.0328599 0.000167105 0.59681 0.000707702 3.76899e-10 8.25394e-10 0.0173129 0.000205935 0.0286852 0.037075 2.13875e-07 0.0281966 0.0117878 0.00573326 1.00737e-06 
0.259948 0.00355519 4.9861e-08 0.00442162 0.0136567 0.0922422 0.00113495 0.00874347 0.000185021 0.00249511 0.0097962 7.00781e-05 0.445522 1.0883e-05 9.99257e-06 8.25359e-05 0.0580553 0.00119647 0.0258707 0.00236722 0.000851822 0.0278392 0.0365695 0.00385199 0.00152345 
0.0127429 0.000231796 1.96195e-06 0.000341985 0.00468364 0.134378 0.00171525 0.00779086 0.000399902 0.000956869 0.00681018 2.26295e-05 0.724335 0.000103199 4.08664e-06 2.0708e-05 0.00349226 0.0166373 0.0239889 0.00680597 4.73985e-08 0.0364898 0.0168568 0.00086875 0.000321803 
0.0244127 0.00160349 1.4086e-06 0.00277472 0.00207489 0.000611974 0.00421193 0.0191129 3.19751e-05 0.0653992 0.00169962 0.000427745 0.339445 2.5253e-05 0.000721952 6.1985e-05 0.261895 0.000204467 0.00565172 0.0127446 2.07594e-05 0.0129832 0.0263444 0.217523 1.63344e-05 
0.00331161 0.0432061 3.44195e-07 0.0475875 0.011572 1.23577e-06 0.00166291 0.00499718 0.000123074 4.72347e-07 5.31233e-05 8.50568e-10 0.476235 7.67896e-06 1.60491e-05 1.64058e-06 0.00241473 0.00138992 8.21449e-10 0.317977 3.21666e-09 0.0697008 0.0162438 0.00297144 0.000526143 
0.0713625 4.01144e-05 1.30286e-05 0.0791004 0.0198998 0.0371803 0.000786865 0.0308783 0.00394177 0.00527537 0.00726663 0.00564207 0.492529 0.000132922 0.000841074 8.60012e-06 0.0316405 0.0075983 0.0104973 0.0128183 7.49949e-07 0.0854291 0.0890186 0.0070506 0.00104754 
0.00553982 7.55603e-05 4.51705e-09 0.00128099 0.000446597 0.000770134 3.53543e-07 0.00531092 2.10044e-05 0.00345725 0.0521589 1.23408e-06 0.752537 3.82607e-05 5.44933e-07 2.80349e-06 0.108896 2.70916e-05 0.000458726 0.00483813 1.6445e-08 0.0478943 0.0141851 0.00205897 5.43419e-07 
0.173909 0.000157712 2.24744e-06 0.051713 0.0173899 0.0412532 0.00069726 0.131295 0.00895598 0.0227384 0.00446006 0.00956515 0.240605 0.00148693 0.000761289 1.00872e-09 0.0103415 6.17832e-06 0.00647053 0.0395882 1.11238e-07 0.0288227 0.102405 0.107366 1.02605e-05 
0.159901 9.01874e-07 6.18053e-10 0.0231406 0.0236031 0.00842848 0.00430128 0.0182412 0.00283227 9.24068e-06 0.0328599 0.000167105 0.59681 0.000707702 3.76899e-10 8.25394e-10 0.0173129 0.000205935 0.0286852 0.037075 2.13875e-07 0.0281966 0.0117878 0.00573326 1.00737e-06 
5.18047e-05 1.98613e-08 2.41136e-08 0.000202916 0.000360013 2.16995e-09 0.000212184 3.72994e-05 5.32057e-05 5.84701e-09 1.65634e-05 3.91081e-06 0.869814 1.99272e-08 0.000744085 3.22031e-08 0.0247485 0.00502178 3.77316e-09 9.7644e-05 1.4775e-08 0.0982586 1.06257e-09 0.000377189 1.3818e-08 
0.0786479 0.00111088 5.0557e-08 0.0116231 0.0442904 0.12719 0.00334999 0.0127366 0.00335214 0.00347076 0.0130995 4.36049e-06 0.193808 5.41166e-05 0.000561764 1.25342e-05 0.0519238 0.0825582 0.0926141 0.082114 0.000392075 0.113817 0.077483 0.00521832 0.000567713 
0.00603621 3.96428e-05 2.80391e-05 0.0397398 0.0286058 0.125431 0.00791174 0.0142389 0.0114047 0.00104473 0.00844646 1.91178e-05 0.559591 9.51361e-05 0.00118875 2.45062e-06 0.00777948 0.00703162 0.0168057 0.0269055 6.84106e-06 0.0676177 0.0508024 0.00490243 0.0143255 
0.0678247 2.69088e-08 7.57272e-10 0.0511268 0.01766 0.0271593 0.0066488 0.0577067 0.00213802 0.000350693 0.00319371 3.79557e-06 0.238786 7.68485e-06 0.000955507 4.36717e-05 0.0340478 0.0812111 0.0395412 0.044625 1.34203e-06 0.207903 0.10913 0.0029949 0.00694018 
0.0252568 7.33835e-08 1.52935e-10 0.103438 0.0302335 0.0392879 0.000691201 0.00444688 0.00366439 0.00340099 0.183766 6.66018e-06 0.212418 1.67694e-05 0.000397117 5.71699e-08 0.00483407 0.00982514 0.00309357 0.153235 4.70136e-09 0.00966122 0.182651 0.0144274 0.0152474 
0.00746605 7.31765e-05 1.49595e-08 0.000121043 0.00483247 0.144059 0.00238159 0.00864222 0.000331175 0.000346042 0.00825313 1.55352e-05 0.715349 0.000123955 2.41784e-09 9.68739e-06 0.00324662 0.0151621 0.0335754 0.00379605 7.46931e-09 0.0478424 0.00384862 8.7177e-05 0.000437464 
0.0179511 0.000170388 1.2591e-10 0.00270322 0.00855082 0.0870048 1.47652e-05 0.00269866 0.00502272 0.00143023 0.0233922 5.46205e-06 0.570307 2.98581e-06 7.67817e-11 3.23929e-06 0.0229357 0.0214357 0.00393342 0.00130994 1.05183e-05 0.205375 0.0226075 0.00312952 4.34721e-06 
0.118494 3.26594e-05 0.17619 0.0364823 0.0159364 0.0379292 0.00144421 0.0120686 0.0034813 0.000609413 0.034221 4.77249e-06 0.322168 0.0116847 8.90825e-08 4.44673e-07 0.00520957 0.00102525 0.00174513 0.0539724 8.7721e-08 0.0860276 0.0812705 3.49875e-07 1.64188e-06 
0.0046252 0.000450598 2.68099e-06 1.91845e-05 0.00340503 0.00410456 2.05051e-05 0.00913647 4.70871e-05 0.00855934 0.217982 0.0142495 0.316718 0.0101342 4.54112e-06 6.18983e-06 0.00892032 0.000138502 0.00624575 0.296391 6.63458e-07 0.0963469 0.00149865 0.000979827 1.3525e-05 
0.0132001 4.39364e-11 5.33431e-11 0.000899965 0.00295701 0.0639282 1.7797e-07 0.00236588 0.000262533 0.00134903 0.00117026 1.66987e-05 0.819676 1.18011e-07 3.44527e-05 1.34504e-07 0.00347492 0.000200631 4.72615e-08 0.00851746 3.26847e-11 0.00278345 0.0787144 0.000440523 8.29478e-06 
0.0114383 0.00100253 3.75925e-07 0.0126599 0.00680474 0.0436627 4.05896e-05 0.00939288 4.56597e-05 0.0127247 0.0611149 4.13005e-06 0.712381 0.000101528 5.99542e-05 5.02038e-07 0.0571397 4.00456e-06 6.03479e-06 0.0355023 3.52985e-07 0.00784292 0.00388791 0.024137 4.59767e-05 
0.0352588 5.42529e-05 4.61058e-08 0.020237 0.0528526 0.0230326 0.021715 0.0180268 0.0027699 0.000188764 0.278867 6.63732e-06 0.429729 0.00135706 1.10929e-05 4.13466e-06 0.0119964 0.000112559 0.00653077 0.0263122 4.88433e-06 0.0108903 0.0198209 0.04013 9.17857e-05 
0.270193 0.00148128 8.82972e-06 0.0331729 0.00305405 0.000269192 0.000929292 0.0158413 0.000358438 0.0205814 0.0141862 0.000149883 0.388846 2.49848e-06 1.7627e-07 7.37033e-07 0.00412215 4.98182e-06 0.0714094 0.029899 6.08168e-08 0.00897231 0.0168171 0.0834176 0.0362826 
0.00371248 0.00069183 7.96143e-08 0.00300331 0.00534891 0.0356508 8.95725e-06 0.0743973 0.002329 0.00377757 0.00756883 1.80711e-07 0.538701 2.87384e-06 5.98302e-05 5.27763e-07 0.0655082 9.18929e-05 0.000466037 0.00633706 4.43507e-07 0.0699502 0.174412 0.00797982 8.39758e-07 
0.048391 0.000225255 0.00561109 0.00603914 0.052986 0.0232619 0.00144332 0.0044962 0.000668184 0.00441741 0.000133863 0.000264161 0.468532 0.000161486 2.7462e-08 0.0151915 0.00336256 0.000236948 0.140094 0.134394 7.24182e-05 0.00536658 0.0842307 0.000240352 0.000179397 
0.00858427 7.18016e-06 4.23131e-06 0.0871644 0.0197136 0.112702 0.0014515 0.173378 0.00102728 3.8899e-05 0.0177802 8.02493e-06 0.345436 6.61929e-05 7.22999e-06 2.56315e-05 0.0118052 7.60886e-05 0.0105786 0.0603812 5.17478e-07 0.0337959 0.11593 1.11811e-05 2.62464e-05 
0.105195 0.000104938 0.0294916 0.0278829 0.0214971 0.0802546 0.000145413 0.00224821 0.00089438 0.00055117 0.00158114 4.2221e-06 0.467239 0.000421911 0.000203805 4.92556e-07 0.0360608 0.0150816 0.013853 0.0424904 3.02512e-06 0.0844913 0.0632689 0.00701081 2.43194e-05 
0.137934 6.04367e-05 0.00509904 0.02498 0.00821234 0.0244501 0.000171431 0.0114996 7.21964e-05 0.115643 0.00243518 0.00162809 0.538168 1.97142e-05 3.78108e-07 0.000145707 0.0179204 8.90262e-05 0.0205244 0.0489214 4.89866e-07 0.0148023 0.0268147 0.000400723 8.26958e-06 
0.022773 1.51474e-05 1.51417e-05 1.51707e-05 0.13657 0.0986297 1.51668e-05 1.51704e-05 1.51661e-05 0.0530977 0.0136595 1.51691e-05 0.562732 1.51474e-05 1.51544e-05 1.51307e-05 0.0485575 1.51711e-05 1.51693e-05 1.51679e-05 1.51543e-05 1.51698e-05 1.51729e-05 0.0591764 0.00456186 
0.013177 2.09976e-05 1.37348e-08 0.000553129 0.00465381 0.124943 0.001304 0.00670262 0.000462854 0.0010822 0.00497353 2.72005e-05 0.752913 8.46974e-05 9.96991e-06 2.50894e-05 0.0038486 0.00797057 0.0112172 0.00767516 4.7717e-09 0.0242987 0.0326286 0.0012245 0.000204017 
0.00332452 3.40876e-07 4.13856e-07 0.133723 0.051606 0.0197318 0.00017282 0.0687198 0.0016797 0.000187849 4.06483e-05 0.000114942 0.298435 3.42007e-07 0.00204338 3.85245e-06 0.0356187 1.88272e-06 0.000886387 0.159642 1.98471e-05 0.105679 0.0572847 0.0610186 6.41469e-05 
0.0124924 0.000251941 2.13132e-06 0.000309676 0.00468235 0.135532 0.00178307 0.00793084 0.000388276 0.000920194 0.00706848 2.17321e-05 0.720864 0.000105746 3.35566e-06 1.95981e-05 0.00343652 0.0176106 0.025863 0.00659105 5.11762e-08 0.0382937 0.014699 0.000790562 0.00033953 
0.0131112 0.000247792 2.17759e-06 0.000410074 0.00476406 0.135794 0.00162029 0.00775059 0.000414622 0.000999227 0.00655068 2.46308e-05 0.719862 0.0001005 6.50321e-06 2.61279e-05 0.00361756 0.0167258 0.0227836 0.00701204 5.18762e-08 0.0351648 0.0217336 0.000970424 0.000307584 
1.10912e-05 1.70559e-10 2.07076e-10 6.49583e-06 0.0374647 0.00338221 0.00875515 1.55132e-05 0.00568047 0.000309874 0.182777 1.58014e-06 0.747385 0.0013201 0.000336 2.76545e-10 1.33353e-06 0.00165608 0.00432488 1.22083e-05 7.72636e-08 0.00560397 0.00082577 4.99729e-06 0.000124798 
0.00017028 2.16986e-05 1.98531e-08 7.54634e-05 0.0936718 0.00414357 0.137922 0.0530003 0.0001511 2.98803e-06 0.126141 1.931e-06 0.390017 0.155035 7.57343e-05 2.32552e-06 6.09264e-05 0.0228821 0.000917503 7.81043e-05 1.80408e-06 0.00104816 0.00490134 0.0096766 1.11344e-06 
0.00644745 5.72337e-07 6.94873e-07 0.000163455 0.00809689 4.67436e-05 1.61326e-07 0.0293992 0.000124023 0.000234374 0.00320616 5.85243e-06 0.750942 5.74236e-07 0.000523541 9.27986e-07 3.02444e-05 6.95157e-08 0.000315885 0.0164602 4.25767e-07 9.77779e-08 0.00129543 0.182705 3.98189e-07 
0.0373091 0.000441683 6.21767e-08 0.148179 0.0186943 0.175455 0.000951752 0.0115933 0.00782983 0.00953746 0.00372506 2.66267e-05 0.229758 0.0016071 0.000686175 2.72503e-05 0.0671045 0.00199099 0.0267967 0.0273893 2.36844e-06 0.134936 0.0796668 0.0162439 4.73651e-05 
0.137954 0.00198731 4.64134e-06 0.0118938 0.0337271 0.0636014 0.00540909 0.011102 0.000541694 0.00280307 0.014056 0.000114803 0.523775 2.81696e-05 0.00036591 6.63876e-05 0.0522727 0.00813593 0.026542 0.0121624 0.000476794 0.0570405 0.0314667 0.0035662 0.000906649 
2.00565e-06 2.15311e-05 2.61409e-05 2.97663e-06 1.33474e-06 0.000248244 6.06904e-06 3.20889e-06 6.62902e-06 6.33858e-06 4.5696e-05 4.23537e-06 0.993047 0.0064725 1.59411e-05 3.49105e-05 3.89213e-06 2.61516e-06 4.09038e-06 5.18862e-06 1.60172e-05 3.67837e-06 1.1519e-06 3.85751e-06 1.49797e-05 
0.0741353 8.25543e-06 2.13291e-07 0.0567968 0.0133062 0.0175038 0.000482321 0.0375132 0.00915995 0.000602112 0.0017692 0.000301276 0.36156 1.19498e-05 0.00207789 4.80484e-05 0.0316748 0.001172 0.0464354 0.00243839 1.99903e-07 0.0777911 0.247461 0.0174768 0.000274165 
0.0834199 0.000605745 1.94957e-07 0.19029 0.0678339 0.0922054 0.00595167 0.0568574 0.00675183 0.00958737 0.0134409 0.00552557 0.231891 0.000556857 0.00385575 3.31274e-05 0.0362022 0.013433 0.0248801 0.0574258 2.31803e-07 0.037657 0.0457572 0.0150545 0.000783727 
0.00300739 1.01922e-07 1.41112e-11 0.00577834 0.000665327 0.00469367 2.09737e-05 0.00567934 2.04391e-06 5.25073e-07 0.000234991 2.25537e-09 0.652987 3.15407e-08 1.86686e-08 1.88451e-11 0.1471 0.00118541 0.00367454 0.00341733 1.10104e-09 0.13935 0.0319125 0.000287435 2.93672e-06 
0.0623827 0.00665205 3.85695e-09 0.00964328 0.0108257 0.0353384 0.000411477 0.0208654 0.000301926 0.000625612 0.114232 1.72145e-05 0.534947 8.14582e-05 3.37121e-05 6.76762e-06 0.0138858 0.013338 0.0477806 0.0672292 2.25375e-06 0.034053 0.02533 0.00106425 0.00095159 
0.00747277 0.0151888 4.41188e-07 0.0549688 0.11954 0.0890186 0.00571443 0.00716908 0.0312989 0.00193166 0.051113 9.48862e-05 0.208912 2.12371e-05 0.000125534 2.80394e-05 0.104103 0.072513 0.0207892 0.00626724 0.000225163 0.0626666 0.122633 0.0175088 0.00069604 
0.159901 9.01874e-07 6.18053e-10 0.0231406 0.0236031 0.00842848 0.00430128 0.0182412 0.00283227 9.24068e-06 0.0328599 0.000167105 0.59681 0.000707702 3.76899e-10 8.25394e-10 0.0173129 0.000205935 0.0286852 0.037075 2.13875e-07 0.0281966 0.0117878 0.00573326 1.00737e-06 
0.153942 9.6394e-05 6.07532e-09 0.0868937 0.00434206 0.00561171 0.000203204 0.0211427 0.000367244 0.00135542 0.000643841 0.000127521 0.408019 2.50506e-06 0.000811304 9.15181e-07 0.00817116 0.000169866 5.39314e-05 0.00134807 1.52362e-06 0.0024028 0.080199 0.224079 1.41013e-05 
0.0110925 3.35639e-07 8.61244e-06 0.00169545 0.0102146 0.0142292 2.58222e-05 0.00924956 3.39877e-05 0.000301811 0.00254044 2.46438e-05 0.855198 1.24316e-05 5.73323e-07 1.69754e-06 0.0397584 0.00394118 0.00239937 0.000270976 7.63977e-06 0.0280584 0.00248767 0.0184419 4.57982e-06 
0.0184835 0.000115929 1.56853e-10 0.0067713 0.00863061 0.24394 3.41061e-05 0.0115287 0.00980101 0.00104753 0.0203596 3.584e-06 0.416818 3.34983e-06 9.56514e-11 6.96193e-06 0.0273785 0.0152663 0.00387767 0.00173668 6.914e-06 0.170374 0.0394555 0.00435539 5.33412e-06 
0.00934736 4.48793e-05 4.93658e-08 0.00217459 0.00387791 0.00592741 0.000265386 0.0186408 1.99433e-05 0.000126694 0.000471757 3.90977e-07 0.883389 1.93807e-06 0.00286426 5.37039e-07 0.0242912 0.000150804 0.00129069 0.000363279 6.18912e-07 0.0139003 0.00537559 0.0272782 0.000196433 
6.26809e-12 6.72896e-11 8.16961e-11 9.30264e-12 0.000256134 1.32338e-07 4.68507e-07 1.00285e-11 6.38892e-05 2.57722e-08 0.000447692 1.32497e-08 0.999231 3.10627e-07 2.49597e-08 1.09103e-10 1.21638e-11 1.29141e-07 1.91877e-08 1.62156e-11 5.00574e-11 9.19775e-08 3.63596e-10 1.20556e-11 1.87729e-08 
0.0613061 1.63827e-09 1.98902e-09 0.058563 4.87656e-05 2.95014e-05 8.59724e-06 0.00738786 0.053711 0.00180936 1.62085e-05 1.57997e-07 0.79597 1.64371e-09 4.43642e-05 2.65629e-09 0.000125077 0.00024447 3.11231e-10 2.58356e-05 1.21873e-09 0.020609 4.57529e-05 3.38891e-05 2.10055e-05 
0.164336 0.0701461 0.149016 0.0286598 0.0247538 0.0855815 3.13685e-08 0.0817978 0.00100434 0.0216274 7.08188e-07 6.61962e-08 0.187003 7.08158e-08 8.88972e-05 6.16424e-08 0.0203945 1.89851e-07 0.00322163 0.015098 0.000150982 0.0556557 0.0814285 0.0100358 1.88794e-11 
0.118494 3.26594e-05 0.17619 0.0364823 0.0159364 0.0379292 0.00144421 0.0120686 0.0034813 0.000609413 0.034221 4.77249e-06 0.322168 0.0116847 8.90825e-08 4.44673e-07 0.00520957 0.00102525 0.00174513 0.0539724 8.7721e-08 0.0860276 0.0812705 3.49875e-07 1.64188e-06 
0.153502 0.000292245 0.00672118 0.0278615 0.00844759 0.0573552 0.00416212 0.0653371 0.00261551 0.00546274 0.00762808 2.44087e-05 0.18039 1.73745e-06 0.00309615 2.76184e-05 0.100183 0.000445102 0.0144346 0.00951463 1.70498e-05 0.125276 0.0493633 0.177837 4.04798e-06 
0.00746605 7.31765e-05 1.49595e-08 0.000121043 0.00483247 0.144059 0.00238159 0.00864222 0.000331175 0.000346042 0.00825313 1.55352e-05 0.715349 0.000123955 2.41784e-09 9.68739e-06 0.00324662 0.0151621 0.0335754 0.00379605 7.46931e-09 0.0478424 0.00384862 8.7177e-05 0.000437464 
0.00900433 4.32437e-09 5.25021e-09 0.084518 0.0419186 0.00492658 0.000390974 0.00417841 0.000246839 0.000319636 0.00595954 1.95019e-05 0.778515 0.000113508 0.00133843 0.000710738 0.0016913 0.00852982 0.000140571 0.0245565 1.46002e-07 0.0220672 0.0100878 0.000448195 0.000318545 
0.0127429 0.000231796 1.96195e-06 0.000341985 0.00468364 0.134378 0.00171525 0.00779086 0.000399902 0.000956869 0.00681018 2.26295e-05 0.724335 0.000103199 4.08664e-06 2.0708e-05 0.00349226 0.0166373 0.0239889 0.00680597 4.73985e-08 0.0364898 0.0168568 0.00086875 0.000321803 
0.0598728 7.52676e-06 5.92468e-05 0.0727286 0.0132729 0.0207056 0.000685877 0.0465406 0.000901924 0.000448433 0.0108785 9.49123e-06 0.418723 0.00347664 0.000365795 4.1473e-06 0.0221206 0.0057502 0.0043442 0.0728618 3.47637e-06 0.0851966 0.158914 0.00205847 6.93389e-05 
0.118494 3.26594e-05 0.17619 0.0364823 0.0159364 0.0379292 0.00144421 0.0120686 0.0034813 0.000609413 0.034221 4.77249e-06 0.322168 0.0116847 8.90825e-08 4.44673e-07 0.00520957 0.00102525 0.00174513 0.0539724 8.7721e-08 0.0860276 0.0812705 3.49875e-07 1.64188e-06 
0.0918166 3.51427e-06 4.10368e-07 0.0474182 0.0842211 0.0527995 0.000432155 0.0325831 0.000436419 0.0071536 0.00616728 3.50904e-06 0.342957 4.51476e-05 6.93449e-05 4.77617e-05 0.116606 0.000174794 0.00951072 0.00729142 8.68304e-07 0.0348466 0.100875 0.0645212 1.90144e-05 
0.0217063 3.44685e-05 7.10035e-06 0.225113 0.135533 0.0025145 5.32328e-06 0.0065578 0.000326446 0.00570216 0.000170403 3.59327e-07 0.350865 1.33473e-08 0.0709054 0.00160502 0.0029497 0.00290598 0.000747834 0.000910722 1.81308e-06 0.000599895 0.0354679 0.135241 0.000128894 
0.00746605 7.31765e-05 1.49595e-08 0.000121043 0.00483247 0.144059 0.00238159 0.00864222 0.000331175 0.000346042 0.00825313 1.55352e-05 0.715349 0.000123955 2.41784e-09 9.68739e-06 0.00324662 0.0151621 0.0335754 0.00379605 7.46931e-09 0.0478424 0.00384862 8.7177e-05 0.000437464 
0.0658819 9.33286e-05 8.70354e-10 0.00597852 0.0302241 0.131469 0.00807058 0.0376335 2.52494e-06 0.0225851 0.0968885 0.000132703 0.234117 0.000126179 1.31421e-08 0.0115949 0.149222 0.00354642 0.0264722 0.0591597 5.72041e-06 0.0729498 0.025622 0.0182244 4.98746e-10 
0.0114621 0.0013754 3.09622e-06 0.0188767 0.0103346 0.0293161 0.00505082 0.0142886 0.00231403 0.00664557 0.00440123 0.000715506 0.768893 1.27599e-05 0.00244999 6.84715e-06 0.0273389 0.00381993 0.0101679 0.00327146 6.25415e-06 0.00886125 0.0489095 0.0206079 0.000870878 
0.0632318 0.000104861 1.63571e-06 0.0350901 0.0294866 0.0543676 0.00211433 0.00826121 0.00393599 0.00433522 0.114599 5.56138e-05 0.301963 0.000225906 1.37386e-05 0.000198826 0.0116072 0.00625243 0.147075 0.0295205 6.75859e-07 0.0487277 0.13606 0.00223306 0.000536976 
0.00746605 7.31765e-05 1.49595e-08 0.000121043 0.00483247 0.144059 0.00238159 0.00864222 0.000331175 0.000346042 0.00825313 1.55352e-05 0.715349 0.000123955 2.41784e-09 9.68739e-06 0.00324662 0.0151621 0.0335754 0.00379605 7.46931e-09 0.0478424 0.00384862 8.7177e-05 0.000437464 
0.0905339 0.000212495 6.96878e-05 0.0381102 0.0495465 0.0626188 0.00182349 0.0320896 0.0138776 0.00834474 0.00501933 0.000508552 0.456062 0.00129502 0.00358359 4.56491e-05 0.0363458 0.0052881 0.0138006 0.0118382 5.30224e-06 0.0316741 0.0958114 0.0395984 0.00189659 
0.0166465 2.40735e-07 1.44203e-09 0.00618959 0.208888 0.040061 0.0077385 0.0183022 0.00462893 8.41811e-05 0.0030445 5.59541e-06 0.592483 6.27806e-07 5.31167e-06 4.82801e-07 0.00435729 0.000414315 0.00396827 0.0412104 2.12122e-07 0.000538362 0.0428877 0.00839823 0.000146922 
0.128653 3.15912e-08 1.67321e-08 0.0022668 0.0108818 0.167253 0.00845865 0.0123748 0.000381206 0.0151663 0.0112067 6.98588e-06 0.278354 5.76683e-05 2.00357e-07 3.44258e-05 0.26232 0.00706665 0.00443399 0.00292004 1.88157e-08 0.00178643 0.0800963 0.00462384 0.00165649 
0.0339225 2.32444e-05 4.12995e-05 0.0410766 0.0085377 0.0382069 0.000416066 0.0225448 0.000742543 0.00115235 2.35552e-06 0.000337029 0.39999 7.69633e-07 1.36726e-06 9.10638e-05 0.0174025 0.00184145 0.215165 0.0156085 6.6184e-10 0.113954 0.0813107 0.00717 0.000460735 
0.0184835 0.000115929 1.56853e-10 0.0067713 0.00863061 0.24394 3.41061e-05 0.0115287 0.00980101 0.00104753 0.0203596 3.584e-06 0.416818 3.34983e-06 9.56514e-11 6.96193e-06 0.0273785 0.0152663 0.00387767 0.00173668 6.914e-06 0.170374 0.0394555 0.00435539 5.33412e-06 
0.0270957 0.000240593 2.4112e-09 0.00583439 0.00298015 0.014877 2.41227e-05 0.00773835 1.44327e-05 0.00014434 0.0488672 3.47739e-08 0.622183 0.000138377 6.11935e-07 1.39949e-06 0.0200564 0.000730032 0.00686591 0.149127 4.87487e-06 0.0596857 0.0329826 0.000391812 1.57358e-05 
0.0971904 6.29965e-06 2.7645e-05 0.0716091 0.0395733 0.00781439 0.00365701 0.127262 0.0233262 0.00113114 0.0471491 6.71849e-05 0.402163 0.000356534 0.0213613 1.62062e-05 0.00755758 0.00516213 0.00561801 0.0226158 1.394e-05 0.0319827 0.0371595 0.0469523 0.000227494 
0.212799 0.111734 1.11216e-09 0.00298683 0.0192365 0.0209144 0.00139783 0.0083447 0.00307323 0.157943 0.0201699 0.0320386 0.212918 1.48281e-05 0.0683753 1.48527e-09 0.00629586 6.1042e-05 0.0512634 0.00242038 2.8228e-05 0.0162655 0.0242615 0.0267578 0.000700345 
0.00444651 2.43452e-09 2.95575e-09 0.00334454 0.00940533 0.0312389 1.23692e-05 0.0213232 0.00323873 0.000176001 0.102228 8.06965e-06 0.582966 8.64327e-07 2.28917e-05 3.94733e-09 0.0181107 2.58321e-06 0.00274278 0.176623 0.00840899 0.0239058 0.0077307 0.00406415 1.69376e-09 
0.179598 1.15428e-06 2.83663e-07 0.0145646 0.0575394 0.0513733 2.58854e-07 0.0204491 0.000104344 0.0087369 0.0138848 0.00180287 0.392697 4.22856e-05 2.91229e-08 1.87527e-11 0.014381 0.00424009 0.015778 0.116081 7.14209e-08 0.0910703 0.0175264 0.000128318 8.0466e-12 
0.147047 5.24056e-08 1.29916e-10 0.0250861 0.000839125 0.00722462 8.67254e-07 0.00545501 1.15082e-05 0.00451248 0.0583358 1.7573e-05 0.366863 0.000224343 2.13131e-08 4.11264e-08 0.0342046 2.64327e-06 0.00545795 0.0634691 1.20957e-06 0.0518321 0.228541 0.000834128 3.9324e-05 
0.0113464 0.000143492 0.00447177 0.0143898 0.038806 0.155198 0.00142059 0.0153717 0.00253268 0.0130088 0.0596 0.000126538 0.35187 7.28807e-08 0.00147389 4.51961e-07 0.00933255 0.000276939 0.00333359 0.168052 0.000100617 0.0108484 0.0895586 0.0475966 0.00114075 
0.113439 0.000231912 4.94646e-06 0.165766 0.00873748 0.0778751 0.0219938 0.110199 0.0204319 0.00279767 0.0516847 1.57764e-06 0.168686 3.03331e-08 0.00416358 6.14426e-06 0.00815073 8.71429e-05 0.000301724 0.00855831 2.24905e-08 0.0251878 0.0901183 0.119444 0.00213324 
0.101051 0.000271351 0.000554902 0.0874793 0.0332362 0.0597628 0.00323315 0.0352434 0.00685659 0.00737385 0.0109029 0.00155766 0.251157 0.000503276 0.00173169 0.000115103 0.0319975 0.00808088 0.0219733 0.0450931 0.000139121 0.0454085 0.226977 0.0171159 0.00218429 
0.025652 0.00179123 4.50531e-08 0.0213513 0.00505077 0.2769 0.00465032 0.0273631 0.000320025 0.00299168 0.000582245 0.00873638 0.291938 2.92961e-06 4.27507e-05 5.71271e-07 0.0583104 7.36814e-05 0.000735949 0.0473533 2.76052e-08 0.217716 0.00713067 0.0012948 1.05218e-05 
0.0215324 0.000168221 0.000502427 0.0295738 0.0205402 0.0768793 0.000631766 0.0225493 0.00168257 0.00265275 0.253395 0.000970952 0.383553 0.000229496 0.00670158 2.05508e-05 0.0386252 0.00378381 0.0139914 0.0515337 2.5957e-05 0.00464087 0.0492991 0.0157958 0.000720435 
0.0273072 8.08613e-05 3.37024e-06 0.0498004 0.00624991 0.104478 0.00131332 0.0487115 0.000711138 0.0125488 0.000647045 8.14196e-06 0.201806 9.46118e-06 0.00185019 0.000472194 0.194949 0.00300852 0.0284987 0.0664702 1.45327e-05 0.133836 0.114986 0.00215541 8.31616e-05 
0.159901 9.01874e-07 6.18053e-10 0.0231406 0.0236031 0.00842848 0.00430128 0.0182412 0.00283227 9.24068e-06 0.0328599 0.000167105 0.59681 0.000707702 3.76899e-10 8.25394e-10 0.0173129 0.000205935 0.0286852 0.037075 2.13875e-07 0.0281966 0.0117878 0.00573326 1.00737e-06 
0.053271 0.000345142 0.000159127 0.0705819 0.0962393 0.0309955 0.002634 0.084142 0.00119947 0.0177774 0.00446397 0.000131982 0.29899 0.0176548 0.000391139 1.06731e-05 0.0230846 0.00139562 0.0323805 0.0357571 0.00010976 0.176303 0.0145457 0.0372567 0.000179771 
0.162241 0.00117577 1.31072e-05 0.0803471 0.0554137 0.0499356 0.0079008 0.017483 0.0018457 0.00157016 0.0317485 0.00268731 0.228571 0.00232091 3.93149e-05 0.000161612 0.0331216 0.00140129 0.108723 0.140917 1.6933e-05 0.0247718 0.0429511 0.0044862 0.000157679 
0.186287 2.38969e-06 1.96336e-08 0.0475921 0.0109303 0.0555236 0.000617166 0.0106862 0.001029 0.00447133 0.0457768 7.76957e-05 0.283959 0.000837529 1.88127e-07 4.00431e-07 0.0135481 0.00582818 0.051501 0.111638 1.21719e-05 0.0204307 0.142966 0.0060508 0.000234629 
0.0492282 8.69009e-08 1.05506e-07 0.00665963 0.0136535 0.024379 7.01169e-05 0.0378068 0.0055462 0.00781686 0.0187832 0.000128012 0.749311 0.00034106 0.000431089 1.40901e-07 0.00254723 0.00739067 0.0068203 0.00138128 7.09757e-05 0.0340212 0.00728724 0.0168912 0.00943532 
0.083044 0.000304497 8.65056e-11 0.0228626 0.00193011 0.169808 0.00862203 0.0452379 0.000106988 0.0103009 0.0161994 1.81671e-06 0.387273 0.000407812 2.90594e-08 4.7497e-06 0.0306771 0.0156908 0.0539559 0.0238707 7.22306e-07 0.051781 0.0765666 0.00115967 0.000193288 
0.214934 0.00186098 0.000343958 0.0261637 0.0277948 0.00274041 0.00032195 0.0457989 0.00230748 0.00359302 0.00265074 0.000106368 0.275739 1.53322e-06 1.10997e-05 4.23758e-09 0.00797618 0.00184533 0.00180437 0.0158384 1.03464e-06 0.013006 0.129098 0.225343 0.000719694 
0.000177806 5.02896e-07 1.28975e-09 0.000108566 2.24616e-05 1.96583e-07 8.4238e-08 0.00474338 1.87019e-07 0.00011424 0.000700116 2.08967e-10 0.990612 3.77792e-08 7.86513e-10 1.72243e-09 0.00144068 2.48383e-07 5.04225e-05 0.000179581 7.90267e-10 5.13371e-05 0.000679 0.00111958 4.1538e-08 
0.0463736 5.62788e-06 3.42914e-05 0.0138823 0.0322264 0.122601 0.000348369 0.00862256 0.00014971 0.000937789 0.046518 0.000116178 0.334362 5.91571e-05 6.95139e-05 0.000712355 0.00901967 0.000200814 0.0642968 0.101832 1.57754e-06 0.0221437 0.193409 0.0001444 0.00193297 
0.105731 8.75946e-05 4.5843e-06 0.0299606 0.0089319 0.0339691 0.00654597 0.0119677 0.0760614 0.00144779 0.000156105 6.17218e-06 0.331704 7.43013e-05 2.16016e-05 4.7771e-05 0.17127 0.00133858 0.00902373 0.0146166 7.09409e-06 0.0523167 0.139355 0.005063 0.000291868 
0.00197148 0.000123605 6.12706e-10 0.000117906 0.000976932 5.52406e-05 1.01526e-05 0.00117939 2.19685e-05 0.011027 0.00217979 1.4451e-05 0.66394 0.0015099 5.34485e-08 8.18254e-10 0.00808582 0.00167257 0.00104584 0.00397557 3.42141e-08 0.299357 0.00240803 0.000325533 1.46818e-06 
4.20024e-05 1.44035e-05 2.48314e-08 0.0148491 0.0405674 0.0808393 1.31726e-05 0.000183249 0.00354921 6.02105e-09 9.0465e-05 0.000187545 0.787423 4.25707e-06 0.000117934 5.80982e-06 0.00341922 8.8334e-06 0.000365519 0.0120044 4.33433e-06 0.0281829 0.0245062 3.53469e-05 0.00358594 
0.00960378 0.000123728 1.44657e-10 0.000176042 0.0284485 0.0384259 0.00163319 0.012369 0.000435101 0.0272894 0.0159988 4.10282e-05 0.714488 7.31211e-05 0.000321752 6.03804e-05 0.0781412 0.00309151 0.027162 0.00157516 1.5984e-05 0.0148508 0.0205152 0.00509144 6.8613e-05 
0.0138461 1.48346e-08 5.9889e-09 0.00515863 0.00334953 0.0245195 0.000242128 0.00597443 1.41447e-05 8.98413e-05 0.0128567 1.86809e-05 0.487364 1.05757e-05 6.34094e-07 3.27529e-08 0.00405557 0.0144542 0.0395277 0.0918085 1.75423e-06 0.283633 0.0128741 0.000189495 1.06539e-05 
0.0473518 0.000967592 4.75777e-09 0.0281739 0.0195994 0.00284334 0.000365986 0.00903638 0.00518781 0.00673527 0.00610869 4.67622e-05 0.556814 0.000100434 0.00029007 0.00020403 0.00372405 0.000550754 0.216378 0.0176023 9.1855e-05 0.00220884 0.0677451 0.0037114 0.00416177 
0.139378 9.42519e-06 1.8845e-05 0.0168289 0.0398557 0.0223102 0.00703914 0.0221842 7.6063e-05 0.00119254 0.0277337 6.24027e-05 0.448158 4.79347e-06 3.91037e-07 1.44065e-06 0.0339507 0.000155576 0.0113706 0.0619831 4.02715e-10 0.038889 0.128718 7.84452e-05 2.54507e-07 
0.0635154 0.000401003 0.000168084 0.0145891 0.0421848 0.0535115 0.00358165 0.00881465 0.00139047 0.00071291 0.0654088 2.82718e-05 0.656031 2.15311e-06 0.000494772 2.53634e-05 0.0278402 0.00115108 0.00882137 0.0155222 0.000227772 0.0136593 0.0194726 0.00155841 0.000887416 
6.18642e-06 5.37787e-09 6.52926e-09 7.43479e-10 8.73357e-05 1.80753e-06 0.00437609 1.43746e-06 2.35809e-05 3.53225e-07 0.000157205 1.81798e-07 0.994712 4.246e-06 3.44119e-07 8.71967e-09 9.72145e-10 1.76392e-06 1.27807e-06 1.29597e-09 4.00065e-09 1.25669e-06 2.42634e-08 1.69837e-05 0.000607899 
0.0127391 0.000255385 1.32661e-06 0.084748 0.0218471 0.0415062 0.000148858 0.0283175 0.0065184 0.00151823 0.0496448 3.99733e-06 0.628637 3.44933e-07 0.00674738 5.11931e-06 0.00391651 0.0027728 0.00785165 0.0246166 1.38877e-06 0.012215 0.05574 0.0100885 0.00015895 
0.100664 0.000523348 1.30043e-05 0.000651982 0.0381403 0.0289215 0.006603 0.0688628 0.00283758 0.0539172 0.101708 0.000158435 0.277583 0.000351321 0.0116188 7.39624e-05 0.0724564 0.00800973 0.0437699 0.00409148 0.00247576 0.039662 0.0368282 0.0999818 9.73796e-05 
0.0184835 0.000115929 1.56853e-10 0.0067713 0.00863061 0.24394 3.41061e-05 0.0115287 0.00980101 0.00104753 0.0203596 3.584e-06 0.416818 3.34983e-06 9.56514e-11 6.96193e-06 0.0273785 0.0152663 0.00387767 0.00173668 6.914e-06 0.170374 0.0394555 0.00435539 5.33412e-06 
0.122863 4.58662e-07 7.6699e-10 0.074069 0.000319021 6.90205e-11 1.52634e-07 0.0149549 1.44213e-07 3.02859e-07 0.0141599 3.43258e-05 0.408774 3.0863e-07 2.34963e-07 1.59034e-07 0.158512 2.13727e-07 0.00452515 0.0184671 1.83256e-07 0.087482 0.0622312 0.0315577 0.00204752 
0.0127429 0.000231796 1.96195e-06 0.000341985 0.00468364 0.134378 0.00171525 0.00779086 0.000399902 0.000956869 0.00681018 2.26295e-05 0.724335 0.000103199 4.08664e-06 2.0708e-05 0.00349226 0.0166373 0.0239889 0.00680597 4.73985e-08 0.0364898 0.0168568 0.00086875 0.000321803 
0.0853935 0.00013592 1.07733e-07 0.016936 0.00262264 0.0390192 0.000442034 0.0175173 0.000934121 0.000968295 0.025264 1.13042e-05 0.194005 0.000163054 0.000352907 1.25843e-05 0.0677359 0.00543022 0.0987774 0.188407 1.01467e-05 0.0668255 0.186266 0.00241779 0.00035068 
0.182222 1.4246e-05 1.59958e-07 0.136623 0.0168589 0.0102714 0.000139041 0.0118766 0.000793371 0.0107261 0.00917577 0.00650385 0.462935 0.0043344 0.000778204 2.04623e-06 0.021797 0.00444826 0.00720522 0.0514877 1.58851e-05 0.00638579 0.0482727 0.00700763 0.000125268 
0.013177 2.09976e-05 1.37348e-08 0.000553129 0.00465381 0.124943 0.001304 0.00670262 0.000462854 0.0010822 0.00497353 2.72005e-05 0.752913 8.46974e-05 9.96991e-06 2.50894e-05 0.0038486 0.00797057 0.0112172 0.00767516 4.7717e-09 0.0242987 0.0326286 0.0012245 0.000204017 
0.159901 9.01874e-07 6.18053e-10 0.0231406 0.0236031 0.00842848 0.00430128 0.0182412 0.00283227 9.24068e-06 0.0328599 0.000167105 0.59681 0.000707702 3.76899e-10 8.25394e-10 0.0173129 0.000205935 0.0286852 0.037075 2.13875e-07 0.0281966 0.0117878 0.00573326 1.00737e-06 
0.0068448 0.00361934 4.15938e-07 0.00274843 0.0150938 0.054749 5.77e-06 0.00165262 4.83877e-06 0.00164464 0.000455757 1.09667e-05 0.740433 3.43727e-07 2.53646e-07 5.55476e-07 0.050166 4.37829e-05 0.00283322 0.000259096 2.54857e-07 0.0935538 0.0244278 0.00138979 6.1666e-05 
0.0916679 8.07106e-07 2.31732e-10 0.0509682 0.0493598 0.00572623 0.0135312 0.0212764 0.00875581 0.00218701 0.00455418 3.75455e-11 0.391471 1.21609e-07 5.74221e-06 1.48093e-07 0.0290802 0.00136859 0.00597 0.04595 3.01503e-08 0.038956 0.0568764 0.134266 0.0480276 
6.18642e-06 5.37787e-09 6.52926e-09 7.43479e-10 8.73357e-05 1.80753e-06 0.00437609 1.43746e-06 2.35809e-05 3.53225e-07 0.000157205 1.81798e-07 0.994712 4.246e-06 3.44119e-07 8.71967e-09 9.72145e-10 1.76392e-06 1.27807e-06 1.29597e-09 4.00065e-09 1.25669e-06 2.42634e-08 1.69837e-05 0.000607899 
0.0131325 1.31173e-07 1.59257e-07 0.0101754 0.00808047 0.00366477 0.0148994 0.0288664 0.00180493 0.0118997 0.0148685 7.8142e-05 0.711648 3.85857e-06 0.000227918 3.19117e-05 0.00936103 0.00305301 0.0155825 0.0128865 2.43636e-05 0.0918627 0.00652162 0.0196025 0.021723 
0.0580376 0.000104873 4.83467e-06 0.130594 0.00535745 0.040008 0.000670104 0.0449191 0.000362659 0.000114743 0.0269956 4.08036e-05 0.480412 0.000588478 0.00123176 1.39766e-05 0.018293 0.0255534 0.00451632 0.0321331 2.43705e-05 0.0396967 0.081119 0.00916632 4.10875e-05 
0.00746605 7.31765e-05 1.49595e-08 0.000121043 0.00483247 0.144059 0.00238159 0.00864222 0.000331175 0.000346042 0.00825313 1.55352e-05 0.715349 0.000123955 2.41784e-09 9.68739e-06 0.00324662 0.0151621 0.0335754 0.00379605 7.46931e-09 0.0478424 0.00384862 8.7177e-05 0.000437464 
0.00603621 3.96428e-05 2.80391e-05 0.0397398 0.0286058 0.125431 0.00791174 0.0142389 0.0114047 0.00104473 0.00844646 1.91178e-05 0.559591 9.51361e-05 0.00118875 2.45062e-06 0.00777948 0.00703162 0.0168057 0.0269055 6.84106e-06 0.0676177 0.0508024 0.00490243 0.0143255 
0.00116602 0.000120334 1.94974e-10 1.13058e-06 0.00434764 0.000393762 0.00113908 0.000715885 2.8943e-05 0.00665003 0.00397766 7.33948e-07 0.978261 6.52966e-05 2.44478e-06 3.93555e-07 0.00203773 0.000150271 0.000365616 7.95293e-05 1.60858e-07 0.000195365 0.000137329 0.000163225 7.86779e-07 
0.00197803 1.64816e-06 1.3742e-06 0.0208365 0.000536989 0.0137202 0.000560831 0.0030184 0.00100082 0.000192941 0.000530505 9.64945e-09 0.835301 4.92171e-08 9.43518e-07 7.95366e-08 0.00108117 5.65595e-05 4.43575e-05 0.0006365 1.57338e-05 0.106423 0.0127854 0.000785494 0.000491993 
0.0711625 5.08639e-06 5.69842e-07 0.249885 0.00748885 0.011917 4.22545e-06 0.0213643 0.000178156 0.000422778 0.0430965 6.28515e-09 0.281241 7.67669e-09 1.64537e-06 6.61534e-07 0.0017185 1.23244e-05 0.000437948 0.153701 5.69188e-09 0.136529 0.0185789 0.00196809 0.000285693 
0.1636 2.57391e-05 1.86774e-08 0.0117249 0.00377404 0.109319 0.000743976 0.0624559 2.84718e-05 0.00153597 0.000385268 8.59678e-06 0.509669 0.000175969 5.36002e-07 4.53947e-06 0.0264259 0.0012263 0.0399023 0.0119134 3.44852e-07 0.031798 0.024725 0.000367693 0.000189538 
