0.000590433 3.77332e-05 2.11572e-07 5.45446e-05 9.90617e-06 1.90391e-08 2.58545e-05 8.53891e-05 4.34173e-05 9.3345e-05 4.16648e-05 0.000174707 4.40403e-08 1.74841e-07 1.92468e-05 2.82549e-07 0.000139639 2.11658e-08 0.000201158 6.17021e-05 8.74437e-05 0.000191951 0.000184842 0.997956 1.21239e-07 
0.0311231 0.000307019 4.44774e-11 0.00659448 0.024144 0.0224277 0.000294656 0.00665712 0.00272784 0.000809273 5.42048e-05 4.01628e-05 1.65889e-08 1.12762e-07 2.66252e-08 1.15046e-05 0.0144871 8.84774e-05 7.53803e-07 3.942e-05 0.000151015 0.0181791 0.865348 0.00645763 5.71411e-05 
0.000507364 0.00175406 5.13031e-08 0.00822184 0.00113682 0.00783693 0.00050339 0.00711361 9.16379e-05 6.69111e-05 5.14419e-09 9.05195e-06 9.91671e-09 1.64309e-06 0.00383134 2.07812e-06 9.15248e-05 3.83852e-05 2.67576e-05 4.44361e-07 5.18168e-08 0.1053 0.840474 0.0221099 0.000882076 
0.0281965 5.88614e-05 6.88934e-10 0.0112924 0.153685 0.0678462 0.00172275 0.0344251 0.577242 0.0181324 0.000360784 5.7783e-07 3.11386e-07 0.000620939 0.00104262 1.98321e-08 0.00399412 0.00057617 0.0118932 0.0107435 1.9456e-06 0.0389574 0.0294872 0.00952942 0.000190752 
0.000774459 8.50274e-09 1.2761e-11 0.000185506 0.505574 0.0187967 0.117698 1.15957e-06 0.000733224 0.0102701 1.6998e-06 2.49643e-05 4.14765e-09 0.000242217 1.36081e-08 9.90052e-08 8.0245e-05 0.329138 5.36775e-05 0.000135012 5.54792e-07 0.000431971 0.0148432 0.000991149 2.3713e-05 
0.0755034 3.1462e-10 3.81979e-10 2.71851e-06 2.97824e-06 0.0222211 7.18339e-06 0.0631026 5.61914e-07 2.92693e-06 1.63884e-10 6.18886e-11 7.95119e-11 2.43092e-06 1.53762e-06 5.10124e-10 5.6873e-11 0.000597967 0.00543125 2.45575e-05 2.34049e-10 0.0963604 0.736717 2.0839e-05 3.28552e-07 
0.129363 0.000123708 0.00708708 0.01655 0.386227 0.0154032 0.0197152 0.0597569 0.0841064 0.0136418 0.0109204 0.0308074 0.00135908 0.0032383 0.00202636 0.00297857 0.00910117 0.0251111 0.0142069 0.00685719 1.64334e-05 0.00361591 0.133256 0.0226468 0.00188385 
0.0187978 3.92588e-05 5.1675e-10 0.00893852 0.110706 0.0467505 0.00114853 0.0240373 0.702076 0.0124787 0.000240547 9.25342e-07 2.58449e-07 0.000414106 0.000695115 1.5975e-08 0.00266278 0.000384128 0.00829921 0.00872994 1.30061e-06 0.0259717 0.0211471 0.00635301 0.000127177 
0.000183209 0.358745 3.03325e-10 6.39734e-07 0.00876916 2.72958e-11 0.00211766 0.0889462 7.69195e-11 9.15661e-07 3.90776e-07 0.000697391 6.31394e-11 3.16274e-07 1.84972e-10 0.000604184 1.34758e-06 0.00331792 0.0127651 0.000564546 0.446372 0.000913454 0.0233716 0.0526293 1.73817e-10 
8.21247e-05 1.06373e-09 3.37667e-12 1.83414e-05 3.00311e-05 9.36284e-06 7.89559e-09 1.66811e-05 7.48579e-06 6.37271e-05 1.44872e-12 8.20476e-05 7.02879e-13 2.79044e-12 7.34081e-09 8.97043e-08 3.07348e-06 4.79937e-05 0.00437773 6.70223e-13 4.20937e-08 0.000193887 5.18807e-06 0.000256876 0.994805 
0.0481194 4.63912e-10 5.63234e-10 0.00165733 0.0507315 0.0141418 0.000171004 0.843889 0.0143257 0.0016699 0.0076625 3.31823e-05 2.3325e-08 4.6533e-08 0.000193483 2.54943e-05 0.0071143 0.00119026 5.12677e-07 0.0020147 5.03096e-06 0.00423318 0.00132239 0.00106262 0.000436877 
0.0655013 0.000126287 1.35901e-10 0.0153644 0.00621917 0.114971 0.000552582 0.342088 0.0326533 0.113143 5.61868e-05 0.000508849 0.000122197 0.0177814 0.000136415 0.000248453 0.0806156 0.00283755 0.0450244 0.00400137 0.000313195 0.0534985 0.0585942 0.0447869 0.000855518 
0.0145738 4.47989e-09 8.6659e-06 0.00419424 0.00200604 0.00319924 0.0153042 0.00445194 2.06856e-06 0.16852 0.0827645 2.81251e-05 1.25809e-06 0.000390432 2.31876e-06 0.000222162 0.423413 0.00257835 0.0429657 4.01451e-06 2.98302e-08 0.0694536 0.00686616 0.15141 0.00764018 
5.41689e-05 1.92547e-05 2.28465e-06 4.97437e-09 0.00472918 0.00175105 0.00739229 0.00450378 0.0544719 0.028452 1.47054e-05 1.21026e-05 5.17401e-09 1.60581e-07 6.8815e-06 0.802661 3.70085e-09 2.65042e-05 0.000718673 0.000384503 1.52301e-08 1.71038e-05 6.26331e-05 0.09472 1.86879e-07 
0.0421365 0.000159487 1.04151e-10 0.868888 0.0325222 5.27902e-07 0.00115635 0.00322309 0.00175827 0.0114954 3.75849e-07 1.1449e-07 9.8842e-08 1.96588e-06 0.00365474 1.39091e-10 0.00323279 0.000546121 1.1628e-07 1.51264e-06 2.21845e-05 0.013942 0.00758364 0.00967329 1.31301e-06 
0.0311231 0.000307019 4.44774e-11 0.00659448 0.024144 0.0224277 0.000294656 0.00665712 0.00272784 0.000809273 5.42048e-05 4.01628e-05 1.65889e-08 1.12762e-07 2.66252e-08 1.15046e-05 0.0144871 8.84774e-05 7.53803e-07 3.942e-05 0.000151015 0.0181791 0.865348 0.00645763 5.71411e-05 
0.000774459 8.50274e-09 1.2761e-11 0.000185506 0.505574 0.0187967 0.117698 1.15957e-06 0.000733224 0.0102701 1.6998e-06 2.49643e-05 4.14765e-09 0.000242217 1.36081e-08 9.90052e-08 8.0245e-05 0.329138 5.36775e-05 0.000135012 5.54792e-07 0.000431971 0.0148432 0.000991149 2.3713e-05 
0.00159755 2.1866e-05 1.62915e-08 2.12581e-06 0.247975 0.00792618 0.0122845 0.00487862 1.12589e-06 0.0865841 1.66763e-06 1.4835e-06 4.56117e-07 2.09407e-06 0.000819738 3.61336e-05 0.0374591 0.0274065 0.000120891 0.00286466 2.04394e-05 0.0335026 0.137049 0.399082 0.000362022 
0.119251 0.000107312 1.48168e-08 0.0257401 0.170295 0.00286292 0.0014981 0.0236055 0.0286043 0.00492766 0.0279405 3.68255e-07 1.6247e-06 0.000938605 0.00347225 5.32486e-06 0.0136416 0.00133654 0.00129515 0.00867104 0.000285255 0.0454916 0.0676415 0.452363 2.3801e-05 
8.55332e-05 8.19076e-07 9.94438e-07 1.13236e-07 3.81731e-05 7.24883e-06 2.30875e-07 0.00127548 2.52178e-07 2.41129e-07 8.70736e-05 0.00382813 2.07e-07 2.91935e-06 2.84677e-05 5.85386e-05 6.57265e-06 2.54844e-06 0.000300436 0.000417378 1.61617e-05 0.000385711 1.83816e-05 0.993426 1.22058e-05 
0.000888367 6.73059e-05 0.00278483 0.000525258 0.000520307 0.000260753 0.000346754 0.00020769 0.000795951 0.000364984 0.000320406 3.52953e-05 8.09604e-09 0.000109313 0.00136856 5.19416e-08 5.79091e-09 0.000680922 6.08587e-09 0.989384 7.39006e-05 0.000176232 0.000152192 0.000863784 7.35714e-05 
0.0171073 2.21381e-06 1.46701e-09 0.00285508 0.329781 9.96505e-06 0.00743151 0.0303669 0.000607943 0.119787 0.0106647 0.000671119 1.73043e-06 0.000223894 0.00994333 0.000563547 0.0788569 0.0653732 0.0366121 1.02829e-07 9.70171e-06 0.000644791 0.0447783 0.243703 4.50771e-06 
1.20226e-05 1.08023e-09 9.85277e-12 6.6419e-05 0.000100521 9.8969e-05 5.98715e-06 0.000211318 0.000610045 3.89013e-06 4.22722e-12 3.6863e-05 2.05093e-12 8.14224e-12 4.04156e-06 1.6634e-06 3.0557e-06 4.94156e-05 0.00609905 1.95564e-12 1.83086e-08 0.00119328 4.74801e-05 0.000156382 0.9913 
0.000172769 1.57558e-08 1.23854e-07 3.16474e-05 0.000379976 4.1593e-05 1.64818e-07 0.00105375 0.00845839 7.2637e-05 1.40506e-07 3.14426e-05 2.3924e-11 9.49787e-11 7.9686e-07 2.88643e-05 2.67716e-07 1.13567e-05 0.00641362 5.46519e-08 3.48363e-09 0.000828539 0.000117018 0.000143086 0.982214 
0.000774459 8.50274e-09 1.2761e-11 0.000185506 0.505574 0.0187967 0.117698 1.15957e-06 0.000733224 0.0102701 1.6998e-06 2.49643e-05 4.14765e-09 0.000242217 1.36081e-08 9.90052e-08 8.0245e-05 0.329138 5.36775e-05 0.000135012 5.54792e-07 0.000431971 0.0148432 0.000991149 2.3713e-05 
0.00114144 1.48632e-06 1.8901e-08 0.000691658 0.616752 0.00209969 0.00523758 0.0168935 0.000949653 0.0101462 0.000792229 2.26689e-05 3.29542e-06 0.000144111 0.039902 0.000108222 0.00211308 0.273508 0.000489012 0.000129297 0.0148711 0.000313979 0.000948715 0.0127364 4.96028e-06 
0.0292723 3.81344e-07 4.21765e-10 0.0352326 0.0573031 9.15289e-07 9.92293e-08 0.288861 0.00702978 3.58158e-07 0.183854 4.33015e-05 8.77936e-11 1.31363e-06 0.0195745 3.40131e-07 0.00392923 1.08612e-07 0.00353837 6.37252e-07 9.76312e-08 0.0868608 0.0064798 0.277088 0.000929007 
0.0467309 5.37466e-07 3.62318e-10 0.00986175 1.84998e-11 2.46494e-06 8.41181e-11 0.531037 9.27985e-09 0.000136658 1.55449e-10 4.70212e-08 7.54194e-11 2.06627e-06 2.20948e-10 4.83867e-10 7.52008e-06 5.07816e-08 2.04669e-06 2.16465e-08 4.66426e-07 0.0706448 0.340317 0.00125709 2.07622e-10 
0.567711 0.000849008 5.45278e-07 0.0121929 0.00654228 0.0140478 0.0246726 0.0177775 0.00905524 0.00393858 0.000114691 0.000139609 3.89238e-05 0.000281099 0.00265958 2.94045e-06 0.0445842 0.000822912 0.000687936 0.00841183 0.000149173 0.00846906 0.183285 0.0932405 0.000324695 
2.88399e-05 6.15875e-10 1.41816e-12 3.86016e-06 3.00276e-05 9.36031e-06 4.40949e-09 6.94594e-06 7.71294e-06 9.32157e-06 6.08447e-13 4.26787e-05 2.95202e-13 1.17196e-12 3.47184e-07 1.87159e-07 7.32379e-06 3.94152e-05 0.00410123 2.81486e-13 4.15431e-08 0.000186206 1.21852e-05 1.25196e-05 0.995502 
0.148475 1.17477e-06 4.69951e-09 0.0719932 0.00268893 1.26056e-05 8.05571e-07 2.66176e-06 1.35305e-06 0.0136044 0.00147545 7.61419e-10 9.78239e-10 3.88363e-09 0.00907433 1.1698e-05 4.35295e-06 4.70143e-10 6.27077e-06 0.0196899 2.72488e-06 0.021102 1.80509e-06 0.705029 0.00682221 
0.129066 9.88574e-05 3.15084e-09 0.00306798 0.054732 0.0238965 0.00174443 0.0449507 0.00434277 0.000332189 0.0211911 0.000115304 1.04746e-05 0.000201532 0.00363584 3.58272e-06 0.0272578 0.00116469 0.000519178 0.078194 2.78808e-05 0.00362034 0.0661438 0.364261 0.171422 
0.0622187 0.107396 1.13383e-09 0.57917 0.00142501 0.0460529 4.57278e-07 0.0211749 0.00134669 0.0258902 0.0136575 1.83704e-10 2.36015e-10 9.36984e-10 0.00290057 1.5142e-09 0.00542701 2.95347e-08 9.38099e-09 0.0108357 6.94727e-10 0.0123644 0.0597143 0.0497998 0.000626239 
0.00508962 0.000524254 5.30259e-07 0.00111479 0.00681853 0.000381753 0.000117235 0.000234258 4.64252e-06 0.00352207 1.78763e-05 1.07014e-06 1.10378e-07 2.57533e-05 0.00274752 7.08148e-07 0.00681117 0.0014768 0.00712763 0.00137616 1.01418e-06 7.10289e-06 0.00599134 0.956603 4.68737e-06 
0.00152377 1.34942e-07 4.69331e-09 0.0125748 0.655188 0.0607158 0.00811433 0.0145904 0.118943 2.09985e-06 4.30562e-07 3.2205e-11 4.13757e-11 6.74193e-06 0.000420624 1.28864e-07 2.13435e-05 0.0440895 0.0150245 0.000204141 1.53881e-08 0.0494919 0.0180281 0.000998647 6.13055e-05 
0.0463788 0.147948 5.67982e-06 0.0323068 0.148915 0.018703 0.00359471 0.0178498 0.00436241 0.000495293 8.34255e-08 0.000753644 3.17831e-06 4.71769e-08 0.000646422 0.000704568 0.0011398 0.0194876 5.15565e-05 0.00201478 1.18704e-05 0.0190094 0.0547087 0.48066 0.000248916 
0.0188518 3.65353e-05 2.13928e-06 0.0709182 0.10821 2.13368e-07 0.00320714 0.0647876 0.00923835 0.00307856 5.09024e-05 6.46928e-05 8.78343e-07 5.03145e-05 0.188716 1.35098e-05 0.000106672 0.00124957 0.00351314 0.000609518 3.35657e-05 0.0047324 0.0131341 0.509115 0.00027904 
0.00710593 5.21366e-05 2.82538e-05 0.000897894 0.0486053 0.102604 0.0134605 0.0701791 0.00633527 0.51191 5.09829e-07 0.00253021 1.7089e-05 4.6063e-05 0.0384198 0.000104886 0.00670745 0.00610094 0.00184595 0.000211586 1.70884e-07 0.00348814 0.0346778 0.139197 0.00547368 
7.45274e-05 8.20532e-05 5.01317e-06 6.6747e-05 0.00150991 8.22427e-05 0.00012561 0.00290088 1.66943e-05 0.000412225 2.15084e-06 6.42797e-06 1.04353e-06 8.23254e-05 0.000236362 6.69496e-06 3.21792e-05 5.01522e-07 0.00013296 9.95047e-07 1.94824e-05 8.62862e-05 0.00138126 0.992733 2.87274e-06 
0.00145598 7.42433e-06 6.21537e-08 0.00114015 0.000543441 1.3388e-06 0.11992 0.00935798 8.40543e-08 0.00854859 2.64699e-11 0.436442 1.68557e-08 5.17415e-05 1.18086e-07 0.000132333 0.000517418 1.8247e-08 0.225983 0.158252 3.78027e-11 0.00838162 0.0292591 5.4425e-06 4.60212e-08 
0.0482028 1.29022e-05 1.63444e-11 0.0212633 0.0177218 0.469945 0.00248973 0.017464 0.0173715 0.0105705 0.000251314 2.64814e-12 3.40221e-12 0.0427594 9.96708e-12 5.06895e-05 0.0028842 0.00208562 0.0700766 0.0170299 2.30546e-07 0.0785247 0.181234 5.25866e-05 9.19865e-06 
0.0311231 0.000307019 4.44774e-11 0.00659448 0.024144 0.0224277 0.000294656 0.00665712 0.00272784 0.000809273 5.42048e-05 4.01628e-05 1.65889e-08 1.12762e-07 2.66252e-08 1.15046e-05 0.0144871 8.84774e-05 7.53803e-07 3.942e-05 0.000151015 0.0181791 0.865348 0.00645763 5.71411e-05 
0.0725849 0.0480602 1.03695e-09 0.0170106 0.0208941 2.39359e-06 0.00434434 0.0469893 7.47779e-07 0.159454 0.0402106 0.000661432 5.33676e-08 8.56924e-10 2.58839e-07 9.555e-05 0.0398852 0.0189475 0.03508 0.00404761 2.81176e-05 0.0342205 0.0311775 0.425534 0.000771592 
0.0167748 3.02755e-07 3.91785e-10 4.30286e-07 0.0603808 3.52562e-11 0.00208076 0.0156239 6.05885e-06 1.33253e-06 7.733e-07 8.83294e-05 8.15531e-11 1.68454e-07 0.000790292 9.32084e-07 0.00994573 0.00200714 0.011851 3.75058e-07 7.14748e-08 0.00866291 0.00866036 0.863086 3.74315e-05 
0.000653646 1.40754e-09 3.38031e-12 1.7762e-05 0.00211569 1.40432e-05 0.000216329 0.000117275 0.00115053 9.95606e-06 5.40547e-05 4.64788e-05 3.00701e-10 2.79346e-12 5.93924e-08 1.33205e-07 2.51816e-07 1.10536e-05 0.00844972 4.07256e-09 6.28968e-08 0.000283498 2.94924e-05 0.000372308 0.986458 
0.00530776 0.000105839 1.29384e-07 0.000826348 0.163716 0.000206505 0.00961576 0.00932214 0.000979624 0.00183125 0.000954811 1.08954e-06 2.28164e-06 2.79229e-06 0.000113312 4.41599e-06 0.0020274 0.00016949 0.00630599 0.00107122 6.54086e-05 0.00691083 0.0487818 0.741674 4.03282e-06 
0.0886347 4.85971e-05 2.65935e-07 0.0141742 0.00378005 3.03809e-07 3.03699e-07 0.0108331 0.000107204 0.00128599 2.15169e-06 0.00047597 1.00491e-07 1.21395e-06 3.77063e-06 1.65398e-06 0.000629388 0.00221581 0.0176577 2.89383e-11 3.84717e-06 0.00553433 0.0496572 0.057898 0.747054 
0.0362805 7.50264e-05 3.21566e-07 0.00827891 0.205783 0.0102706 0.0143473 0.151966 0.00410807 0.00596166 1.77343e-05 3.90628e-05 5.6663e-06 7.47052e-05 0.00461232 1.40827e-06 0.0445989 0.00115113 0.0120208 0.000424453 1.324e-05 0.144821 0.137364 0.217717 6.76552e-05 
0.00556172 0.000244477 3.63087e-06 0.00437354 0.0779981 3.33219e-05 0.00296367 0.0233159 0.00976698 0.00137623 1.0543e-05 0.000424422 5.48569e-06 3.44851e-05 0.530952 0.00662211 0.028416 0.0303105 3.4722e-05 0.000321211 0.0865306 0.00312481 0.00840891 0.179137 2.93813e-05 
0.00142637 1.3997e-09 1.69937e-09 9.83946e-08 0.0121639 3.14989e-05 4.84212e-06 5.03355e-06 5.22924e-06 0.00314979 7.29098e-10 3.18092e-07 3.53738e-10 1.40435e-09 0.286957 3.05722e-06 2.53021e-10 1.17819e-07 1.62702e-06 3.37303e-10 1.74381e-06 6.84224e-07 0.000739821 0.695508 9.73807e-10 
0.011145 0.000701643 1.25064e-07 0.000733602 0.013879 0.491396 0.000900482 0.0377936 0.000145351 0.00168856 5.58775e-05 1.46564e-06 9.68298e-08 7.59108e-07 2.72826e-08 1.29104e-05 0.0888245 0.0104838 0.0136868 5.5867e-05 4.76151e-07 0.245053 0.0788069 0.00455799 7.54129e-05 
0.00119465 0.000322232 7.73727e-12 0.000374964 0.108863 0.0052977 0.673229 0.00508924 0.000730514 0.00470809 5.84807e-05 8.89798e-05 8.01111e-06 7.25051e-05 1.04569e-05 0.000266369 0.00102959 0.188445 0.00121934 0.00017507 1.22118e-06 0.00250155 0.00578872 0.000431453 9.42056e-05 
0.0246129 0.0286986 3.41065e-11 0.0139819 0.632111 0.0250127 0.0339115 0.00251953 0.0484854 0.00404572 3.9853e-05 8.37545e-05 1.41686e-08 0.00278551 5.81031e-08 2.36344e-05 0.00139245 0.099185 0.00207517 0.000785282 1.10354e-05 0.00804796 0.0171731 0.0534923 0.00152574 
0.0239007 0.000456052 0.000257101 0.0224222 0.0118179 0.0183727 0.00317585 0.00305686 0.0177332 0.0337061 0.000617652 0.108186 9.41062e-05 0.000764573 0.000858262 2.88072e-05 0.548202 0.000764625 0.0539222 0.0122618 0.00805349 0.0526002 0.0342403 0.0389316 0.00557563 
0.00252705 1.02959e-05 1.58283e-07 0.000805741 0.212135 0.00217676 0.0667022 0.0397665 0.535943 0.000213775 7.66049e-06 2.56451e-08 3.29478e-08 2.08384e-06 3.22205e-05 7.4852e-05 1.69499e-06 0.0240461 0.00178684 0.0144963 9.9205e-06 0.0115942 0.000827259 0.0868367 4.00307e-06 
3.90306e-07 3.21888e-07 1.11768e-09 0.000479542 0.191863 0.308764 0.00188159 0.0591904 8.91354e-07 0.012681 0.000684786 7.44285e-08 1.56895e-07 1.87509e-07 0.126656 2.9632e-07 0.0011973 0.0449085 0.00026567 5.38004e-07 5.16663e-06 0.00559013 5.90547e-06 0.245823 2.75699e-07 
0.312372 1.69045e-05 1.91809e-09 0.0167745 9.79367e-11 5.65566e-06 0.00176555 0.0096733 4.86405e-10 1.81503e-05 6.77993e-07 0.00109493 3.99265e-10 1.58509e-09 5.74572e-05 4.49678e-07 0.0421726 5.50446e-07 0.242144 0.00577069 2.71789e-06 0.00586624 2.39653e-05 0.362236 4.15578e-06 
0.000832953 2.17442e-06 1.62718e-10 0.000513048 0.212695 0.275783 0.0385786 0.0102824 0.0301105 0.000251059 0.00166247 2.63637e-11 3.38709e-11 5.76833e-06 9.92278e-11 2.17305e-10 0.0046726 0.055558 1.22968e-07 3.22973e-11 9.97015e-11 0.116493 0.245917 0.00662119 2.22221e-05 
0.00137338 2.47035e-08 9.64355e-13 6.84665e-08 0.00147549 0.0778022 0.00752973 0.0637453 0.00136572 0.00100064 1.98639e-09 3.3907e-09 1.52581e-09 2.40443e-05 4.26364e-08 4.38005e-09 1.37337e-07 0.000573908 0.000400056 1.93326e-11 7.97754e-09 0.257147 0.542162 0.0454003 5.80299e-09 
0.000196357 6.90585e-10 1.74257e-12 1.24575e-05 0.000378267 9.36072e-06 4.1606e-05 7.81789e-05 0.000766987 6.63572e-06 4.72462e-09 4.25403e-05 3.6273e-13 1.44004e-12 7.77882e-05 8.71489e-08 3.07221e-06 2.70014e-05 0.00633594 1.83764e-09 4.16296e-08 0.00030126 1.61512e-05 7.76711e-05 0.991629 
6.17721e-08 8.97567e-07 9.54183e-10 0.00141283 0.133758 0.00610963 0.798022 0.00261316 0.00012033 0.000164641 3.10492e-05 1.29823e-07 1.98621e-10 7.88528e-10 0.00314672 6.8741e-08 3.71344e-08 0.00918356 2.2978e-07 0.0183725 2.29123e-08 0.00996301 0.000618068 0.0164734 8.86598e-06 
0.00651969 0.00245302 2.21329e-08 0.00146438 0.00444088 0.00422375 0.000215324 0.00158786 0.000265467 0.0208145 0.000145551 0.845306 6.27937e-05 0.000215869 0.000201902 0.000247528 0.00601794 0.00155978 0.0040967 0.000658509 3.28363e-05 0.00688079 0.028448 0.0640057 0.000135646 
0.0195311 0.0264706 1.49663e-09 0.0279519 0.0227777 0.00743413 0.102715 0.0224428 0.0154735 0.000534002 8.71376e-05 0.000296401 3.15631e-08 0.000228337 7.20692e-05 4.00396e-06 1.23233e-06 0.044474 0.000248363 2.37048e-05 2.58758e-06 0.00217321 0.159207 0.538532 0.00932035 
0.0113471 0.00302636 7.0691e-10 0.0135831 0.120055 0.0497935 0.0157625 0.0281149 0.00234597 0.00355496 0.00719305 0.000443918 2.16081e-05 1.58884e-07 0.264044 4.65232e-05 0.00604332 0.00175909 0.000511265 0.000870267 0.00071909 0.00450503 0.0523507 0.41346 0.000448228 
0.00127848 0.000334076 3.0981e-08 6.92574e-05 0.0172811 0.0228387 0.00347193 0.0063919 0.00049825 0.00317824 2.28961e-05 0.000221719 4.02963e-05 4.8011e-05 0.000379453 0.000139236 0.160359 0.00302843 0.000665663 0.000138311 0.0002833 0.00414751 0.13561 0.639363 0.000210611 
1.20226e-05 1.08023e-09 9.85277e-12 6.6419e-05 0.000100521 9.8969e-05 5.98715e-06 0.000211318 0.000610045 3.89013e-06 4.22722e-12 3.6863e-05 2.05093e-12 8.14224e-12 4.04156e-06 1.6634e-06 3.0557e-06 4.94156e-05 0.00609905 1.95564e-12 1.83086e-08 0.00119328 4.74801e-05 0.000156382 0.9913 
5.7983e-05 0.0106917 6.03539e-07 8.00718e-05 0.00349799 9.10684e-06 1.10723e-05 0.000525326 1.5305e-07 0.00124982 0.000127 0.00081311 1.25631e-07 4.98758e-07 0.0409996 2.01001e-05 5.8338e-05 0.00011116 4.95063e-06 0.000188702 9.8778e-06 1.35664e-05 2.46537e-05 0.941413 9.18484e-05 
0.584135 1.63198e-09 1.98139e-09 0.000808105 5.83606e-07 0.00685544 3.90614e-08 8.53502e-05 8.01436e-08 0.00518997 8.50092e-10 3.21026e-10 4.12441e-10 1.6374e-09 3.67574e-06 1.66756e-06 0.00647873 7.78208e-08 3.10036e-10 5.61422e-07 4.68026e-07 0.00120747 0.395227 4.56884e-06 1.11242e-06 
0.0212522 0.000267714 3.1774e-08 0.000572273 0.00426613 0.00284603 0.000919249 0.0366066 0.00216723 0.00814194 1.25898e-05 0.000236776 4.5942e-06 8.09746e-05 0.00235143 9.47621e-05 0.0141484 0.0192711 0.00108813 2.89e-06 8.33463e-05 0.00634437 0.0286651 0.850532 4.43269e-05 
0.0292108 0.000556782 0.000312547 0.0186858 0.0131327 0.0224546 0.00292171 0.00373575 0.00829728 0.0411942 0.000754547 0.104537 0.000114912 0.000933194 0.00104795 3.50523e-05 0.509143 0.00093413 0.0659022 0.0149857 0.00547547 0.0625641 0.0418484 0.0444089 0.00681344 
0.0307288 5.36645e-05 1.52765e-08 0.0144141 0.0197885 0.00833733 0.00107088 0.00710024 1.65056e-06 0.00274107 0.00408034 7.71345e-06 3.17992e-09 1.26243e-08 0.0421302 1.95432e-05 5.30373e-06 1.52827e-09 0.00189436 0.00641404 3.32502e-06 0.00764613 0.00104674 0.846955 0.00556143 
0.00101295 3.50144e-07 4.55904e-10 0.00569311 0.320601 0.00774102 0.00348475 0.00046882 0.633054 1.34353e-06 0.0103529 8.89114e-06 9.49e-11 4.05289e-09 1.01265e-06 3.3642e-09 0.000167753 0.00585775 1.65128e-05 0.00199213 2.55593e-09 0.00467449 0.00149298 0.00268977 0.00068834 
1.20226e-05 1.08023e-09 9.85277e-12 6.6419e-05 0.000100521 9.8969e-05 5.98715e-06 0.000211318 0.000610045 3.89013e-06 4.22722e-12 3.6863e-05 2.05093e-12 8.14224e-12 4.04156e-06 1.6634e-06 3.0557e-06 4.94156e-05 0.00609905 1.95564e-12 1.83086e-08 0.00119328 4.74801e-05 0.000156382 0.9913 
0.00047988 1.96095e-06 1.59213e-08 3.76117e-06 0.0181898 0.000344657 2.38287e-06 0.392048 0.250759 0.00561535 6.83086e-09 1.67404e-05 3.31415e-09 1.31572e-08 9.70907e-09 0.141207 2.6236e-06 3.10794e-07 0.000276347 3.11038e-05 9.75542e-09 0.000389458 0.00138525 0.0794453 0.109801 
0.000196357 6.90585e-10 1.74257e-12 1.24575e-05 0.000378267 9.36072e-06 4.1606e-05 7.81789e-05 0.000766987 6.63572e-06 4.72462e-09 4.25403e-05 3.6273e-13 1.44004e-12 7.77882e-05 8.71489e-08 3.07221e-06 2.70014e-05 0.00633594 1.83764e-09 4.16296e-08 0.00030126 1.61512e-05 7.76711e-05 0.991629 
0.0239007 0.000456052 0.000257101 0.0224222 0.0118179 0.0183727 0.00317585 0.00305686 0.0177332 0.0337061 0.000617652 0.108186 9.41062e-05 0.000764573 0.000858262 2.88072e-05 0.548202 0.000764625 0.0539222 0.0122618 0.00805349 0.0526002 0.0342403 0.0389316 0.00557563 
0.027977 0.000203656 1.20942e-07 2.45742e-05 1.8719e-05 1.08834e-08 4.17567e-05 0.686239 3.06694e-08 0.0613494 0.000125036 9.05676e-05 2.5175e-08 9.99452e-08 7.37523e-08 1.61515e-07 0.00125068 2.93052e-07 2.06725e-05 2.40053e-08 0.000903474 0.00392365 0.000141825 0.217689 6.93043e-08 
0.00271749 0.000215401 4.58823e-07 0.0604347 0.120116 0.0108256 0.00335392 0.0132673 0.00581814 2.05563e-05 0.00103697 4.76992e-05 6.00312e-06 1.24176e-05 0.00147536 3.01499e-05 0.00094699 0.000405011 0.00108955 0.000668273 2.81133e-07 0.0149697 0.148365 0.612151 0.00202671 
7.83725e-06 6.10021e-05 1.03956e-06 0.00116291 0.122781 0.000200263 0.0230627 0.653427 2.6362e-07 0.000148218 0.044575 0.000230492 2.16393e-07 8.59082e-07 0.00514572 1.38831e-06 0.0174194 0.0033006 1.62664e-07 0.00828234 6.36967e-07 0.0662288 4.31144e-05 0.0538116 0.000106817 
1.8993e-07 7.00018e-07 8.75994e-09 7.11642e-07 2.28468e-06 0.791931 0.00263101 4.30126e-06 4.92921e-07 7.799e-07 3.62766e-07 3.24884e-08 9.07189e-12 3.60155e-11 1.67437e-06 2.27047e-07 6.48891e-12 1.42353e-06 3.72273e-06 8.6504e-12 2.406e-08 0.0133999 0.19202 1.41165e-06 2.4974e-11 
1.20226e-05 1.08023e-09 9.85277e-12 6.6419e-05 0.000100521 9.8969e-05 5.98715e-06 0.000211318 0.000610045 3.89013e-06 4.22722e-12 3.6863e-05 2.05093e-12 8.14224e-12 4.04156e-06 1.6634e-06 3.0557e-06 4.94156e-05 0.00609905 1.95564e-12 1.83086e-08 0.00119328 4.74801e-05 0.000156382 0.9913 
0.0966237 3.45642e-09 4.19643e-09 9.12728e-06 1.73579e-06 2.64719e-07 9.7427e-10 3.09128e-06 1.06417e-09 1.01754e-09 1.80043e-09 3.06028e-06 8.7352e-10 3.46789e-09 1.53568e-05 5.60423e-09 9.68514e-06 2.52309e-07 6.56633e-10 8.32935e-10 3.16291e-05 1.06348e-06 1.27611e-06 0.903298 2.16665e-06 
0.00286583 0.0121746 2.62615e-10 0.0174021 0.660312 0.0866143 0.0145739 0.0241418 0.000316455 0.0364108 2.846e-05 0.000134756 5.46655e-11 1.88085e-06 1.35162e-06 3.50717e-10 0.00871599 0.0873041 3.65656e-08 6.88489e-08 1.60912e-10 0.0058176 0.0113759 0.0317908 1.69185e-05 
1.58121e-06 0.369671 8.60312e-10 1.41135e-06 0.125246 0.0105429 0.000334812 0.322878 0.000165386 0.00650024 3.69107e-10 2.75658e-07 1.79081e-10 1.66801e-06 2.76882e-06 1.14893e-09 1.28092e-10 1.66723e-07 0.00788548 1.7076e-10 4.17306e-07 0.00428836 0.102635 0.0498446 4.92991e-10 
2.88399e-05 6.15875e-10 1.41816e-12 3.86016e-06 3.00276e-05 9.36031e-06 4.40949e-09 6.94594e-06 7.71294e-06 9.32157e-06 6.08447e-13 4.26787e-05 2.95202e-13 1.17196e-12 3.47184e-07 1.87159e-07 7.32379e-06 3.94152e-05 0.00410123 2.81486e-13 4.15431e-08 0.000186206 1.21852e-05 1.25196e-05 0.995502 
0.0425771 0.001616 1.7337e-07 0.00453094 0.0427425 0.00503276 0.00027071 0.526327 0.120827 2.484e-06 3.4878e-06 2.07538e-06 3.60884e-08 7.20473e-06 0.0191888 2.31532e-07 2.58132e-08 1.73441e-08 0.00813793 2.58986e-05 1.06229e-07 0.0037039 1.08868e-05 0.224991 1.44026e-06 
0.00437233 1.23736e-07 1.30338e-10 0.00760546 0.0308283 0.215363 0.00137698 0.037147 0.54743 2.2546e-07 2.00549e-05 8.54728e-09 2.71309e-11 3.00689e-09 3.13892e-05 0.000284604 2.51283e-06 1.60827e-07 0.000582497 0.000809785 3.57239e-06 0.0232592 0.130503 0.000335008 4.45635e-05 
0.856398 5.15615e-06 6.26007e-06 0.0094747 0.00981253 0.000140468 0.000282449 0.0623434 0.028542 5.57556e-05 0.0076365 9.1583e-05 3.14708e-06 0.000190021 3.81749e-06 8.36017e-06 7.51238e-05 6.26263e-07 0.000335735 0.0180413 3.83571e-06 0.00561875 0.000376386 0.000449843 0.000104286 
0.664024 1.19552e-06 5.16253e-09 0.0211393 0.00823808 6.95749e-07 0.000164523 0.0488138 3.48773e-07 0.00129138 0.00198959 5.68129e-05 2.46678e-07 4.26627e-09 0.0567083 1.205e-05 0.000321364 0.000172183 0.00324609 0.0494846 4.18872e-05 0.00231538 0.020083 0.11867 0.00322594 
0.0311231 0.000307019 4.44774e-11 0.00659448 0.024144 0.0224277 0.000294656 0.00665712 0.00272784 0.000809273 5.42048e-05 4.01628e-05 1.65889e-08 1.12762e-07 2.66252e-08 1.15046e-05 0.0144871 8.84774e-05 7.53803e-07 3.942e-05 0.000151015 0.0181791 0.865348 0.00645763 5.71411e-05 
0.00122495 0.00382475 1.74802e-06 0.001955 0.329554 0.0171925 0.500621 0.00482617 0.00157426 0.00208381 0.00147972 0.000127989 4.74954e-05 0.00285471 0.000131836 4.79673e-05 0.00175068 0.0724821 0.0107538 0.00110525 2.67907e-06 0.0104648 0.027502 0.00826698 0.000124026 
0.00155423 1.51882e-05 2.14013e-07 0.0489358 0.012182 0.00229316 0.000500552 0.0585765 8.16743e-05 3.96395e-05 9.18199e-08 3.46746e-08 4.45485e-08 1.76858e-07 1.30509e-07 1.19268e-05 1.92635e-05 2.141e-08 3.43388e-05 0.000183751 1.31131e-07 0.00657505 0.0115334 0.857463 1.22638e-07 
0.0520505 9.05973e-09 2.05265e-05 5.11943e-06 3.14375e-06 9.81993e-06 2.55369e-09 0.292216 3.88481e-06 6.6631e-06 5.6369e-07 3.62449e-05 2.28961e-09 4.95396e-06 2.66223e-05 5.9594e-06 0.00723284 1.10039e-09 8.5639e-06 2.18323e-09 6.73963e-09 3.78587e-05 0.0130301 0.6353 6.30307e-09 
0.00460946 0.00101717 5.39568e-06 0.000221125 0.00142235 0.0015603 0.000132755 0.00786487 0.000181464 7.17391e-05 0.00405165 0.000393926 1.12315e-06 4.03924e-05 0.00147136 1.58644e-05 0.00427415 0.000229874 0.000394038 0.000199036 0.000215737 0.0069714 0.0164338 0.94819 3.05861e-05 
6.17721e-08 8.97567e-07 9.54183e-10 0.00141283 0.133758 0.00610963 0.798022 0.00261316 0.00012033 0.000164641 3.10492e-05 1.29823e-07 1.98621e-10 7.88528e-10 0.00314672 6.8741e-08 3.71344e-08 0.00918356 2.2978e-07 0.0183725 2.29123e-08 0.00996301 0.000618068 0.0164734 8.86598e-06 
5.12023e-05 6.51871e-10 6.03161e-13 3.60021e-06 7.5062e-05 2.33958e-05 4.11123e-09 1.73537e-05 1.92684e-05 2.32972e-05 2.58779e-13 4.92829e-05 1.25553e-13 4.98446e-13 8.63209e-11 4.61748e-07 3.88233e-06 4.82898e-05 0.00493572 1.19719e-13 1.02767e-07 0.000255537 6.30698e-06 1.2663e-06 0.994486 
5.12023e-05 6.51871e-10 6.03161e-13 3.60021e-06 7.5062e-05 2.33958e-05 4.11123e-09 1.73537e-05 1.92684e-05 2.32972e-05 2.58779e-13 4.92829e-05 1.25553e-13 4.98446e-13 8.63209e-11 4.61748e-07 3.88233e-06 4.82898e-05 0.00493572 1.19719e-13 1.02767e-07 0.000255537 6.30698e-06 1.2663e-06 0.994486 
1.20226e-05 1.08023e-09 9.85277e-12 6.6419e-05 0.000100521 9.8969e-05 5.98715e-06 0.000211318 0.000610045 3.89013e-06 4.22722e-12 3.6863e-05 2.05093e-12 8.14224e-12 4.04156e-06 1.6634e-06 3.0557e-06 4.94156e-05 0.00609905 1.95564e-12 1.83086e-08 0.00119328 4.74801e-05 0.000156382 0.9913 
0.00437931 0.00150109 1.54661e-05 0.0110552 0.0791621 0.368029 0.0143049 0.0619815 0.00343738 0.00568796 0.00149466 0.000354668 7.70771e-08 7.69745e-08 0.00485172 0.000299947 7.70871e-08 0.0251717 0.0420812 7.70788e-08 6.9386e-05 0.0580632 0.301138 0.0169207 7.70168e-08 
0.000106823 5.74575e-05 1.12343e-07 0.00021004 0.0939268 2.95264e-05 0.000659143 0.0258242 0.000787209 0.000162413 0.00131057 3.40961e-05 2.33851e-08 9.28394e-08 0.046687 1.50032e-07 8.34421e-05 8.99837e-07 0.000375539 1.5305e-05 2.27454e-06 0.000433717 0.00193322 0.822967 0.00439292 
5.12023e-05 6.51871e-10 6.03161e-13 3.60021e-06 7.5062e-05 2.33958e-05 4.11123e-09 1.73537e-05 1.92684e-05 2.32972e-05 2.58779e-13 4.92829e-05 1.25553e-13 4.98446e-13 8.63209e-11 4.61748e-07 3.88233e-06 4.82898e-05 0.00493572 1.19719e-13 1.02767e-07 0.000255537 6.30698e-06 1.2663e-06 0.994486 
0.0069434 4.63772e-05 2.72511e-11 0.00379247 0.0998792 0.0439942 7.54159e-07 0.0324606 0.00958036 2.93393e-07 0.00359959 4.25635e-07 4.48188e-08 2.25201e-11 0.000588049 3.49411e-07 1.50129e-07 3.93777e-06 9.05271e-07 0.00325724 4.67547e-07 0.0321978 0.210063 0.55359 3.10773e-07 
0.000172462 1.46175e-08 5.19565e-12 4.00455e-09 0.0038332 4.6755e-13 1.83444e-08 2.03001e-09 1.66684e-08 3.10929e-08 2.22914e-12 2.78316e-08 1.08152e-12 4.29363e-12 3.16839e-12 2.16091e-09 3.723e-09 0.824628 2.48275e-07 1.03127e-12 3.18352e-12 2.59304e-08 3.87716e-05 1.54713e-08 0.171327 
0.0195846 3.55569e-05 9.97279e-08 0.141872 0.0807236 0.0320225 0.00479953 0.0421919 0.0174572 0.00125956 3.86545e-05 0.0073441 2.56586e-05 0.000415717 4.72882e-05 0.000138918 0.0268456 3.38156e-05 0.0540817 0.105673 9.8963e-06 0.457232 0.0062405 0.00168936 0.000238262 
0.0477971 5.5357e-07 0.209545 0.00962608 0.129144 3.95354e-06 0.000351364 0.0943573 4.42586e-07 0.00402967 0.210604 2.02148e-07 2.71364e-10 1.07732e-09 0.000690071 1.16473e-05 0.02483 2.98141e-05 2.30007e-07 5.63551e-07 6.64734e-07 0.117475 0.0444685 0.107035 7.47038e-10 
0.00569358 0.387266 3.57393e-08 0.00251293 0.064993 0.00906579 0.00248345 0.00622729 0.0428777 0.050331 0.00166585 0.000134889 7.1055e-07 0.000130721 0.000584907 5.52937e-06 0.00033673 0.00284454 0.00222001 0.000539369 4.7963e-05 0.0195674 0.0471353 0.311623 0.0417127 
0.026548 5.6376e-08 5.77937e-11 0.00776459 0.369186 0.0051664 0.00993065 0.31748 0.0256373 0.00497225 0.0024189 6.38438e-09 2.49839e-09 0.003045 0.00264654 1.07132e-05 0.0128019 0.181426 0.00555911 0.00207044 4.95025e-06 0.0121052 0.00274247 0.00837218 0.000111033 
0.000925791 3.04338e-07 1.36841e-11 0.000190191 0.494558 0.0228559 0.117287 8.82547e-05 0.000735878 0.015396 3.25617e-06 3.62976e-05 2.83361e-07 0.0006826 1.03983e-06 2.45127e-07 0.000165441 0.329283 6.58747e-05 0.000141538 7.57005e-07 0.000437612 0.0159731 0.00113858 3.2918e-05 
9.55339e-05 0.000210149 4.40005e-10 0.0246475 0.00183214 0.759682 0.000762063 0.0049569 3.43807e-05 0.000241759 1.90268e-05 2.2535e-06 5.88761e-08 0.0076856 7.7128e-08 1.24352e-05 8.00149e-05 5.05005e-05 0.108837 0.000143056 5.0928e-07 0.0152183 0.0754812 8.19459e-06 2.38786e-08 
1.20226e-05 1.08023e-09 9.85277e-12 6.6419e-05 0.000100521 9.8969e-05 5.98715e-06 0.000211318 0.000610045 3.89013e-06 4.22722e-12 3.6863e-05 2.05093e-12 8.14224e-12 4.04156e-06 1.6634e-06 3.0557e-06 4.94156e-05 0.00609905 1.95564e-12 1.83086e-08 0.00119328 4.74801e-05 0.000156382 0.9913 
2.9037e-10 3.1172e-09 3.78458e-09 0.08519 0.568426 3.08218e-05 8.78652e-10 0.174572 9.59725e-10 7.15879e-06 0.0127069 1.77884e-06 7.8779e-10 3.12754e-09 9.25464e-07 4.24604e-05 0.0771869 3.78613e-10 4.74344e-07 1.78791e-05 2.31891e-09 9.58627e-06 0.0817941 1.12818e-05 2.17088e-06 
0.000831041 0.00269041 3.36419e-06 0.103245 0.00110676 0.00712326 4.44855e-05 0.000880462 3.73767e-05 0.000215847 2.38706e-05 2.52111e-05 3.29728e-06 2.78014e-06 1.46675e-05 2.47397e-05 0.000370339 0.000228537 5.29882e-05 1.07612e-05 2.91555e-05 0.00251725 0.334043 0.546455 1.99367e-05 
0.0164892 5.53995e-06 1.12303e-07 0.000446417 0.0260015 0.000334196 3.69374e-05 0.00328668 0.000669331 0.00112326 0.000954535 3.38798e-05 2.33768e-08 9.28063e-08 0.013631 1.0576e-05 1.41798e-05 1.3084e-06 0.0003663 8.55471e-06 3.43283e-06 0.0126461 4.00964e-06 0.92392 1.27827e-05 
0.0041212 8.08604e-07 2.33812e-09 0.00618615 0.768803 0.022017 0.00811679 0.0166903 0.149716 1.42427e-06 1.39943e-07 6.02957e-12 7.74654e-12 0.000714107 1.08064e-07 8.76072e-09 0.00610963 7.72219e-05 6.7656e-06 3.19764e-08 4.39864e-08 0.0123415 0.00302036 0.00123574 0.000841532 
0.000461162 7.78054e-08 9.44634e-08 0.00113841 0.196656 0.00413722 0.000193307 1.15957e-08 0.015747 2.29053e-08 0.0266576 0.00252475 1.96633e-08 7.80636e-08 0.16588 1.26154e-07 8.92151e-05 5.0205e-06 4.87134e-05 0.0159368 5.78803e-08 0.000181756 0.0308845 0.538702 0.000755785 
0.0195311 0.0264706 1.49663e-09 0.0279519 0.0227777 0.00743413 0.102715 0.0224428 0.0154735 0.000534002 8.71376e-05 0.000296401 3.15631e-08 0.000228337 7.20692e-05 4.00396e-06 1.23233e-06 0.044474 0.000248363 2.37048e-05 2.58758e-06 0.00217321 0.159207 0.538532 0.00932035 
0.0426029 1.44368e-05 1.75277e-05 0.915403 0.000336208 0.00658535 4.06935e-06 0.000995594 0.00016957 0.000985432 7.52008e-06 0.000146021 3.64854e-06 1.44847e-05 1.06887e-05 0.000270454 0.000861322 0.000122045 0.000927026 3.47902e-06 1.07397e-05 2.46639e-06 0.027693 0.0028029 1.00441e-05 
0.311336 3.3615e-05 2.27151e-11 0.0418655 0.0244359 0.00533331 0.000351939 0.0107246 0.0294351 0.00327186 0.00261275 1.39815e-05 5.48765e-08 2.5356e-08 4.44564e-05 5.28891e-06 0.00299736 4.59312e-05 0.000281294 0.0117748 1.04645e-05 0.0143606 0.538272 0.00279276 1.83987e-07 
0.00183198 0.000454402 1.23573e-07 3.72945e-05 0.000836664 3.54246e-05 7.26122e-05 0.0041494 3.13367e-08 0.0026122 5.30178e-08 9.9855e-06 2.57228e-08 0.000295822 0.00601511 3.96786e-06 0.039266 1.394e-06 5.36055e-06 2.45277e-08 0.00102292 0.00126381 0.00954391 0.932536 5.45563e-06 
0.00526263 0.00483433 3.33067e-09 0.000918783 0.107267 1.61056e-05 0.000865389 0.0654589 0.00403463 0.0130725 0.00030998 0.00155851 3.5834e-07 2.75243e-09 0.000118968 2.79276e-06 0.00805128 0.00279043 0.00634834 0.00202007 0.240662 0.0451873 0.159522 0.316207 0.0154903 
0.344334 6.06621e-07 8.08178e-11 5.26661e-05 0.0487632 7.27269e-12 0.0424816 0.00383168 0.494659 0.00371475 0.00491253 0.000178668 1.47776e-08 9.43925e-06 0.00101292 0.000128862 0.00831751 8.88027e-08 0.000838514 0.000551509 0.00087153 3.19004e-08 2.74137e-07 0.0412649 0.00407501 
0.0070562 0.000470312 1.35787e-05 0.0985008 0.123138 0.0466378 0.053735 0.0268407 0.0337977 0.00245484 0.0199484 1.30934e-09 1.68218e-09 0.00144741 5.7342e-06 0.000105679 0.0154912 0.0352166 0.00690755 0.00233432 0.00107077 0.0188139 0.306316 0.199683 1.51359e-05 
5.12023e-05 6.51871e-10 6.03161e-13 3.60021e-06 7.5062e-05 2.33958e-05 4.11123e-09 1.73537e-05 1.92684e-05 2.32972e-05 2.58779e-13 4.92829e-05 1.25553e-13 4.98446e-13 8.63209e-11 4.61748e-07 3.88233e-06 4.82898e-05 0.00493572 1.19719e-13 1.02767e-07 0.000255537 6.30698e-06 1.2663e-06 0.994486 
0.012207 0.00066248 1.91961e-05 0.00384671 0.010437 5.7002e-07 9.36642e-05 0.00126712 4.2532e-07 0.00247731 0.134914 5.75967e-05 1.16005e-07 4.60543e-07 0.00637432 2.02318e-05 3.55929e-05 0.00381403 0.0235812 0.00292718 5.02046e-05 0.00223946 0.00460053 0.20943 0.580943 
0.040547 0.000260858 6.53783e-05 0.00262703 0.0171754 0.00736898 0.00112145 0.0306876 0.00216528 0.611805 0.000416526 0.00731172 1.17637e-05 7.33529e-05 0.000907653 1.45364e-06 0.00939851 5.05416e-05 0.010523 0.0184612 1.9986e-05 0.00382022 0.0118751 0.223293 1.1418e-05 
4.17789e-09 0.000937635 5.44532e-08 6.20053e-09 0.0555209 0.00159904 1.98364e-06 0.222411 4.5598e-05 0.12685 1.77917e-07 0.000245684 1.13349e-08 4.49996e-08 0.00665308 0.000389518 2.14623e-05 0.00149947 0.00589308 0.000289645 1.74759e-06 1.71078e-05 2.98668e-06 0.577619 3.12038e-08 
4.83075e-10 5.62434e-07 6.29623e-09 1.70074e-06 0.00905968 7.41667e-06 3.88103e-07 3.71302e-07 0.0313141 4.55816e-07 8.66036e-05 0.00185572 1.31061e-09 5.20314e-09 0.49448 8.40846e-09 5.66589e-07 1.4942e-06 8.4789e-07 0.00169141 4.82176e-07 8.85964e-10 5.47382e-06 0.461493 3.60798e-09 
0.0101319 0.000173146 3.22899e-09 0.000182034 0.0137396 0.00128627 0.000256914 0.0018164 0.000662938 0.0113976 0.000518143 6.37258e-05 1.01094e-05 2.2555e-05 3.10249e-05 1.35044e-05 0.000378166 0.0198559 0.00294893 4.60263e-05 1.30028e-06 0.000628235 0.010189 0.0019691 0.923677 
0.0195311 0.0264706 1.49663e-09 0.0279519 0.0227777 0.00743413 0.102715 0.0224428 0.0154735 0.000534002 8.71376e-05 0.000296401 3.15631e-08 0.000228337 7.20692e-05 4.00396e-06 1.23233e-06 0.044474 0.000248363 2.37048e-05 2.58758e-06 0.00217321 0.159207 0.538532 0.00932035 
0.0811665 1.56905e-05 5.36204e-09 0.00595863 0.031092 0.545259 0.00508822 0.0204498 0.00601024 0.0514553 4.91286e-05 5.76656e-06 4.05803e-10 0.0120841 6.56711e-07 3.20902e-06 0.00610737 0.00113168 0.014404 0.00657698 1.1609e-07 0.174732 0.0335935 0.00481643 1.63439e-07 
0.0585055 2.1907e-05 1.50472e-07 0.0019779 0.0779652 0.0502603 1.6294e-05 0.121954 0.117592 5.65709e-05 0.000445207 0.00103006 3.1322e-08 5.79981e-05 9.17604e-08 2.00952e-07 0.059425 2.43074e-06 0.00457083 0.00100888 4.31949e-06 1.27249e-05 0.0257821 0.472338 0.00697285 
0.0697934 2.27942e-06 2.76744e-06 0.00712214 0.0164338 2.49038e-07 0.00963826 0.00540179 7.0179e-07 0.0179175 0.0453576 0.0040359 5.76064e-07 2.28699e-06 0.0126589 0.00369954 0.640934 0.00307339 0.000433466 0.0202148 0.00797141 3.89416e-07 0.00948766 0.0956839 0.0301327 
0.00569117 4.87052e-07 5.91329e-07 0.0171769 0.504208 5.32129e-08 0.0312804 0.192475 0.000271364 0.0819865 4.95435e-05 9.58077e-08 1.2309e-07 7.26381e-05 0.0105946 0.000529229 0.00204085 0.00039823 0.00111242 0.000691232 3.62323e-07 4.95312e-05 3.65685e-06 0.151347 2.03509e-05 
0.000774459 8.50274e-09 1.2761e-11 0.000185506 0.505574 0.0187967 0.117698 1.15957e-06 0.000733224 0.0102701 1.6998e-06 2.49643e-05 4.14765e-09 0.000242217 1.36081e-08 9.90052e-08 8.0245e-05 0.329138 5.36775e-05 0.000135012 5.54792e-07 0.000431971 0.0148432 0.000991149 2.3713e-05 
0.00460726 0.00455757 4.41892e-09 0.0251858 0.416803 0.00130285 0.000157356 0.0534329 0.065813 0.0138551 2.87382e-07 1.36532e-08 9.19834e-10 8.05085e-09 0.000102092 0.315765 0.02146 0.00341577 4.08162e-05 1.38184e-06 9.7297e-08 0.000361176 0.0618282 0.0113103 7.5599e-07 
0.000653646 1.40754e-09 3.38031e-12 1.7762e-05 0.00211569 1.40432e-05 0.000216329 0.000117275 0.00115053 9.95606e-06 5.40547e-05 4.64788e-05 3.00701e-10 2.79346e-12 5.93924e-08 1.33205e-07 2.51816e-07 1.10536e-05 0.00844972 4.07256e-09 6.28968e-08 0.000283498 2.94924e-05 0.000372308 0.986458 
8.53541e-09 3.14612e-08 3.98554e-10 0.000232821 1.02669e-07 0.668065 0.000211326 0.0120106 2.21519e-08 0.000225923 1.63039e-08 2.39511e-06 1.42816e-12 1.71702e-08 7.52451e-08 1.26067e-05 1.66754e-07 6.39708e-08 0.212818 5.96717e-08 1.08421e-09 0.0252518 0.0803565 0.000811953 5.54437e-08 
0.0118318 0.00942577 1.10279e-10 0.131557 0.0313709 0.145453 7.14353e-07 0.141994 0.00271902 2.43363e-07 4.7314e-11 0.000139692 2.29555e-11 9.11336e-11 0.0550826 1.47275e-10 4.17072e-07 5.51731e-08 1.72558e-11 1.29167e-07 7.92067e-05 0.0068226 7.3087e-07 0.463522 8.22157e-08 
0.000215948 2.12658e-07 2.18399e-07 0.0100909 0.438733 0.00396985 0.0582376 0.166813 0.0502537 4.13567e-05 0.00875752 7.22577e-08 2.26721e-08 4.83029e-05 0.000405626 0.0397252 0.000304425 0.0101701 0.0164012 0.000351549 5.80363e-06 0.0241986 0.128902 0.0423653 8.32732e-06 
0.000304572 4.26818e-05 8.11644e-10 9.59173e-05 0.0497215 6.55278e-05 7.73842e-05 0.00674252 7.74838e-06 0.0104515 7.50587e-07 0.00155235 1.6895e-10 6.70735e-10 0.000599301 1.78955e-05 0.00594858 0.00722504 0.00307428 1.89073e-05 0.000539184 0.000131046 0.00222791 0.911117 3.79604e-05 
3.88036e-06 3.10775e-07 6.44169e-06 0.0320238 0.000182716 3.39537e-08 8.75989e-08 0.126919 9.56815e-08 0.00109326 0.000271935 1.27383e-05 7.85402e-08 3.11806e-07 0.705067 5.03889e-07 0.0182398 3.60048e-05 0.000143325 0.0578901 1.88102e-05 2.89615e-05 5.28248e-05 0.057811 0.000196426 
0.000507364 0.00175406 5.13031e-08 0.00822184 0.00113682 0.00783693 0.00050339 0.00711361 9.16379e-05 6.69111e-05 5.14419e-09 9.05195e-06 9.91671e-09 1.64309e-06 0.00383134 2.07812e-06 9.15248e-05 3.83852e-05 2.67576e-05 4.44361e-07 5.18168e-08 0.1053 0.840474 0.0221099 0.000882076 
