0.0362609 0.000153868 7.83796e-08 0.00320086 0.0117769 1.58736e-06 0.000466438 0.064771 0.00468551 0.00143572 3.02934e-06 2.83231e-05 0.00144433 3.01062e-10 0.0590329 1.3593e-07 0.000980207 0.00425286 0.000216024 0.00025736 6.03909e-06 1.10661e-06 0.0494993 0.761016 0.00050915 
0.000616436 4.68309e-05 4.40912e-08 0.0016642 0.0455914 0.000155355 0.000515939 0.0057985 0.00104822 0.000271109 1.89168e-08 4.74109e-05 2.09612e-05 3.64365e-08 0.00194398 1.28288e-06 2.15458e-06 0.000414952 3.2588e-06 0.000782083 8.94135e-08 0.000827761 0.00385806 0.936386 4.07128e-06 
0.0260957 0.000261054 6.87748e-08 0.00301198 0.0140403 0.0251798 0.000781699 0.00619008 0.0154654 0.00369482 0.00010917 0.000243555 0.00112113 3.25813e-07 0.000201209 3.54287e-05 0.165757 0.00703894 0.203295 0.000162513 0.000121626 0.124933 0.0398885 0.0073878 0.354984 
0.131763 2.32791e-05 2.94092e-09 0.0022783 0.00994544 0.000852175 0.000622555 0.023697 0.00082994 0.0013047 0.00104744 6.19938e-05 0.00377849 2.43034e-09 0.0280034 1.54694e-05 0.0647113 6.54612e-05 0.0434933 0.00025035 1.93927e-05 0.0799552 0.0444884 0.562757 3.64019e-05 
6.29633e-06 6.28618e-06 6.28379e-06 6.29583e-06 0.690123 6.29616e-06 0.026442 6.2957e-06 6.29394e-06 6.29408e-06 6.29153e-06 6.29517e-06 6.29454e-06 6.28616e-06 6.28908e-06 6.27923e-06 0.175646 6.29601e-06 6.29525e-06 6.29467e-06 0.000635193 0.0226699 6.29675e-06 0.0843643 6.28961e-06 
0.00224411 9.73963e-07 1.29473e-09 0.00102517 0.000136541 5.69931e-05 9.59326e-08 0.000228659 6.78514e-05 0.000221825 2.01971e-05 0.000311285 0.00028537 1.45792e-09 8.38062e-06 1.51936e-06 6.11415e-05 0.00304215 0.00326156 5.87806e-05 2.90767e-06 0.000308208 0.00115286 0.00127836 0.986225 
0.0109602 2.2493e-05 2.08953e-05 0.00850734 0.12679 0.0268397 0.00182038 0.541221 0.00389164 0.00730525 0.00170308 0.000437094 0.00108934 9.47835e-06 0.000804973 0.000153323 0.0933882 0.0514332 0.00470012 0.010568 6.86245e-08 0.00769985 0.0736971 0.0267284 0.000208588 
0.00452477 0.0204496 3.72497e-06 0.00115363 0.0142733 0.00342728 0.00086836 0.00668312 0.000304094 0.000851716 0.00158217 0.000249961 0.000934429 1.35638e-05 4.24049e-05 2.59934e-05 0.087725 0.00255051 0.00137291 0.000842365 0.134602 0.00525532 0.013001 0.69878 0.000482758 
0.00379455 3.2746e-05 2.44439e-11 0.00268705 0.044802 0.838588 0.0143816 0.000868799 0.00578396 0.000206115 4.02232e-05 9.00226e-07 0.00152518 6.60402e-09 2.91848e-05 1.04359e-08 6.10421e-05 0.00215746 0.000281234 0.0506311 2.29247e-07 0.000618111 0.021074 0.00674097 0.00569589 
0.637878 1.36329e-10 1.65516e-10 0.0491099 0.0586597 0.000351705 0.000360535 0.0134846 0.054052 0.00411674 1.0502e-06 2.18102e-08 1.06136e-06 1.36781e-10 1.766e-06 0.000916671 1.77106e-07 0.00160954 0.00857604 1.28674e-07 1.01416e-10 0.00698264 0.144463 0.0189367 0.000498087 
0.00122461 8.14677e-05 1.21458e-10 0.0006571 0.0376057 5.83046e-05 0.00125313 0.000930367 0.000137253 0.0169135 7.00051e-05 0.00218657 0.000219119 1.00372e-10 0.000371978 1.36014e-07 3.3654e-05 0.0125602 0.00191641 0.000364683 0.000337855 0.00027438 0.000329941 0.921118 0.00135548 
0.000288557 3.34615e-05 6.83954e-12 9.98478e-05 0.00127082 4.50481e-05 0.000119684 0.000286053 0.000132634 3.91907e-05 1.52532e-05 1.46848e-05 8.40836e-05 3.2832e-09 0.000267754 3.29496e-08 5.12908e-05 0.000123154 0.00073062 7.18389e-05 5.25239e-08 0.00315375 0.00067415 0.00175953 0.990739 
0.000560435 2.8289e-06 4.48528e-10 0.000287836 0.0226924 0.00356409 0.928606 0.0133743 0.0023035 0.000628601 1.16779e-05 2.84523e-06 0.000210045 2.01895e-12 1.89154e-05 4.52069e-06 0.000231271 0.00315999 0.0021677 4.68335e-05 6.07049e-10 0.00134292 0.0189351 0.00181353 3.41838e-05 
3.00139e-05 1.49909e-05 1.88882e-06 3.99387e-06 5.85252e-07 6.54475e-07 1.70795e-06 2.04165e-06 1.01455e-13 2.35805e-05 2.06755e-06 0.000159749 2.32443e-07 4.5035e-08 1.02744e-07 2.91775e-07 0.00104114 3.99892e-07 1.11702e-05 9.81574e-05 0.998291 3.20878e-05 5.49757e-06 0.000279069 6.17673e-10 
0.00320186 4.0625e-08 4.93227e-08 0.000614321 0.0819754 0.0157635 0.00819643 0.172425 0.0245149 0.000219351 0.000100288 7.99131e-09 0.000547984 4.07598e-08 0.0173399 0.000620165 0.013745 0.000510274 0.00882721 0.000134619 2.00365e-07 0.00122536 0.0186919 0.631232 0.000113849 
0.00333247 0.0221259 2.17569e-08 0.00863447 0.106477 3.13907e-06 0.00934538 0.0144422 0.0103519 0.0124008 0.00168986 0.000277899 1.90557e-05 1.79797e-08 0.0088816 4.33313e-06 0.00038092 0.0116632 0.000297147 0.0447088 0.000229641 0.0184239 0.0181974 0.663448 0.0446649 
0.00036231 5.94054e-06 2.75674e-05 0.00486043 0.0110661 0.483449 0.0329257 0.213143 0.0836314 0.000550475 5.04427e-06 8.25531e-07 0.000696251 2.40988e-06 1.4358e-05 1.69076e-05 5.14199e-05 0.00012169 0.00378555 2.22126e-05 6.20144e-07 0.0115863 0.102536 0.051087 5.13261e-05 
0.00192681 0.00154083 1.28838e-09 0.00425678 0.00344632 0.0532081 0.0138697 0.00816082 0.000357385 0.000181877 2.21431e-05 1.87022e-09 0.000158234 7.71381e-09 0.000133464 1.48361e-05 0.00909185 5.32877e-05 0.154763 2.77628e-05 1.18958e-06 0.0326237 0.706943 0.00909007 0.000129215 
0.0178724 1.20672e-05 3.69743e-10 0.0137819 0.0389164 0.027789 0.00356818 0.00759852 0.00105613 6.08492e-05 0.0876956 1.90258e-05 0.75468 2.21589e-07 0.000482078 3.52708e-06 0.00760735 0.000549407 0.00566153 0.0137718 2.40172e-05 0.0101369 0.00751621 0.000795831 0.000400857 
0.00251984 0.0126626 0.000465102 0.00174148 0.209105 0.0106923 0.0109833 0.0021087 0.615177 0.000901222 0.0351297 9.88957e-05 0.000549605 7.02812e-09 0.0266549 2.26857e-06 4.49621e-05 0.0014683 0.000682946 0.00128529 3.30149e-06 0.0190254 0.0244522 0.0241649 8.09906e-05 
0.021446 0.000263099 3.56337e-09 0.00417381 0.0117013 0.732457 0.00730869 0.0545595 0.000422962 0.000104716 4.71737e-06 2.88644e-05 0.0117063 2.361e-06 0.0132466 2.43506e-05 0.000271934 0.00130038 0.00805761 0.00738977 2.12152e-05 0.000837347 0.0964404 0.0282263 4.68213e-06 
0.000276338 0.000564392 5.22631e-11 0.000148089 0.0191576 0.0182998 0.923474 0.00217643 0.000678837 0.000137067 1.26839e-05 1.79622e-05 5.27818e-06 1.90477e-07 4.41152e-07 5.47049e-06 0.000445385 0.0107987 0.000692979 8.40603e-05 1.39488e-06 0.00207311 0.0201099 0.000823119 1.65832e-05 
0.0609397 0.00101681 8.96829e-07 0.00887191 0.0634357 0.0398096 0.000148492 0.143107 0.00349939 0.0290643 0.00054868 0.000219996 0.00102903 5.75839e-06 0.036332 4.68158e-05 0.0408398 0.00135065 0.014776 0.00649419 0.000129405 0.0757933 0.132895 0.339452 0.000193664 
0.000276338 0.000564392 5.22631e-11 0.000148089 0.0191576 0.0182998 0.923474 0.00217643 0.000678837 0.000137067 1.26839e-05 1.79622e-05 5.27818e-06 1.90477e-07 4.41152e-07 5.47049e-06 0.000445385 0.0107987 0.000692979 8.40603e-05 1.39488e-06 0.00207311 0.0201099 0.000823119 1.65832e-05 
0.00329132 2.63385e-06 1.81856e-09 0.628852 0.00195546 0.104524 2.78099e-07 0.0013223 0.000416088 1.1419e-08 0.00116294 7.34027e-08 0.0193358 1.50284e-09 9.7565e-08 2.42864e-09 0.00810309 1.62482e-05 0.00222692 0.105536 7.55662e-07 0.105565 0.0174657 0.000223717 3.53137e-07 
0.257984 7.10628e-06 0.00134504 0.0063186 0.0202987 0.0281652 0.000611058 0.00666078 0.0410187 0.0183204 0.00143476 0.000126995 0.0607008 1.88268e-05 5.27087e-05 3.22719e-05 0.0768992 0.00449902 0.000346037 0.00400362 3.36496e-08 0.378632 0.0604397 0.031965 0.000119542 
0.000158676 6.93008e-09 8.4138e-09 0.00879906 0.154155 0.00211155 0.0365621 0.64187 0.00252675 0.000100081 0.000290256 4.81304e-09 0.0450704 6.95308e-09 3.93578e-07 2.0586e-06 0.000652194 0.100081 0.00017688 0.00138707 3.44364e-07 0.00588103 8.50253e-05 8.94485e-05 9.05621e-07 
0.000204159 0.000210481 1.29506e-08 0.167901 0.0186128 0.320608 0.0067698 0.00857869 0.000642756 0.00124368 0.000134367 4.8954e-07 0.000201943 1.1794e-09 0.000380372 1.04203e-05 0.000399453 0.00754666 0.0151197 0.0162674 4.26082e-05 0.0493516 0.367318 0.0183265 0.000129384 
0.00347188 3.81277e-06 9.21455e-06 0.00507052 0.854165 0.0157325 0.00457311 0.0158567 0.00464088 0.0445956 0.00265376 1.91886e-05 0.000438897 7.65853e-09 0.00573898 4.14936e-08 2.09131e-05 0.00196287 0.00424186 0.000206392 1.27909e-08 0.00301471 0.0177135 0.0157665 0.000102819 
0.000135558 6.19535e-06 1.04477e-08 0.000255333 0.00391723 4.63011e-05 0.000498823 0.00767494 9.04566e-05 0.00057302 4.48248e-09 0.000160096 3.6064e-07 5.27994e-08 0.00300603 2.03739e-05 4.99076e-06 3.10552e-07 3.53901e-06 1.52371e-06 3.38235e-06 2.0754e-06 4.84996e-06 0.983579 1.51234e-05 
0.385916 4.54855e-05 1.66322e-10 0.128273 0.0201629 0.000388194 0.000506434 0.00453674 0.0139012 0.00149228 0.00405476 0.0111716 0.193457 1.29981e-05 0.0712564 1.34027e-05 0.00140882 0.00479479 0.00165807 0.0122695 1.28614e-06 0.00465751 0.0705709 0.052311 0.017139 
0.0577313 8.09381e-05 2.90508e-05 0.0287734 0.0248086 0.0284752 0.00401824 0.0201468 0.00409671 0.00160576 0.00292911 9.31693e-05 0.450251 2.45695e-05 1.72095e-05 2.24763e-05 0.0625521 0.00437181 0.0556572 0.0318296 0.00321937 0.102296 0.0912274 0.018389 0.00735466 
0.0306164 8.18857e-05 4.91558e-06 0.0464183 0.123994 0.0170489 0.00429547 0.0316485 0.561509 0.0164263 0.0164511 1.0008e-05 0.00206688 2.82105e-06 0.00211863 3.38931e-05 0.00891166 0.0133756 0.00288953 0.00717405 7.19706e-06 0.0161608 0.0763511 0.022284 0.00011882 
0.000276338 0.000564392 5.22631e-11 0.000148089 0.0191576 0.0182998 0.923474 0.00217643 0.000678837 0.000137067 1.26839e-05 1.79622e-05 5.27818e-06 1.90477e-07 4.41152e-07 5.47049e-06 0.000445385 0.0107987 0.000692979 8.40603e-05 1.39488e-06 0.00207311 0.0201099 0.000823119 1.65832e-05 
0.0164655 0.000320281 2.2493e-06 0.0392316 0.0286492 0.0113288 0.00196685 0.00297981 0.000302968 0.0193262 0.00482295 0.000222092 0.00427508 5.45785e-07 0.00193153 0.000123394 0.0158792 0.0416738 0.0191122 0.00272022 2.50957e-07 0.01933 0.115432 0.648109 0.00579439 
0.224099 1.99603e-07 7.25868e-10 0.0376675 0.0200355 0.00109879 1.25173e-05 0.0220545 0.0409321 0.0608557 0.000463553 0.000153883 0.0157189 5.9985e-10 0.00547567 3.30386e-05 0.00153653 6.06772e-05 0.0173479 0.00921522 4.44759e-10 0.00118976 0.0529708 0.418811 0.0702675 
0.00759211 0.00563827 0.000769634 0.21067 0.0311403 0.0258813 0.00657047 0.0617655 0.00537808 0.000491065 0.00020255 7.47697e-06 0.00216558 8.31645e-08 0.00767374 1.87993e-06 0.00516102 0.0153135 0.00313969 0.00190073 1.36019e-05 0.0308324 0.525559 0.0521315 7.89104e-07 
0.0138771 0.000115611 1.7029e-11 0.0237606 0.0046336 0.000119102 1.18051e-05 0.00043903 0.00148913 0.0061928 0.000759097 0.000111192 0.0035176 7.75946e-06 0.00298424 4.65136e-06 0.000865284 0.00636081 0.0263238 0.00497537 1.38449e-05 0.00141763 0.0120734 0.0101681 0.879778 
0.000279673 0.985705 5.86546e-13 7.38817e-05 0.00169687 0.00104857 0.00234164 0.000301496 1.43222e-05 0.000431021 3.92705e-05 0.000509992 1.18319e-05 3.31957e-10 1.50771e-06 1.0882e-06 9.74491e-05 0.00132081 7.22105e-05 4.91382e-05 0.000181715 0.000545391 0.00216243 0.00310572 8.49915e-06 
0.0115574 7.08597e-05 6.08898e-09 0.0332336 0.0167326 0.236717 0.00487945 0.010447 0.000311067 0.000423222 0.000163555 5.57978e-06 0.0349457 1.36047e-06 1.01115e-05 2.42329e-05 0.272005 0.00117857 0.139626 0.00145132 9.68089e-08 0.129486 0.10445 0.00223573 4.35087e-05 
0.018444 2.89472e-05 7.46825e-09 0.0159562 0.0317978 0.414949 0.0174459 0.015788 0.00265026 0.00445805 0.000436486 0.000133025 0.0224784 1.59522e-06 4.165e-05 6.55857e-06 0.0101075 0.0029279 0.173991 0.00410366 3.24807e-06 0.168709 0.0942907 0.0012146 3.59468e-05 
0.00110078 0.000124682 0.000303415 0.00476407 0.647202 0.0370951 0.00705603 0.0755947 0.00026823 0.0491307 0.000367803 1.32688e-07 0.0013999 6.24563e-09 0.00520461 2.68656e-05 0.0966153 0.00276165 0.0345255 0.000702814 3.28683e-05 0.00511525 0.0165911 0.0132418 0.000774966 
0.00433178 0.000157649 8.17559e-10 0.006236 0.221315 0.0120607 0.00468696 0.509684 0.00445313 0.0115606 3.26713e-06 5.32915e-05 0.00319098 4.31958e-08 0.00462045 0.000395121 0.000968881 0.0497909 0.0209391 0.00503456 1.52657e-07 0.0103028 0.0216955 0.106104 0.00241501 
0.00814836 0.00575813 1.20015e-09 0.00691379 0.00731103 0.0385814 0.000688727 0.01485 0.000346632 0.00428042 0.000161776 0.00020869 0.00401932 6.7343e-06 0.00478531 0.000139464 0.0826487 0.000741459 0.0180791 0.000119815 5.77272e-05 0.0439587 0.169991 0.587855 0.000348934 
0.0725849 0.0480602 1.03695e-09 0.0170106 0.0208941 2.39359e-06 0.00434434 0.0469893 7.47779e-07 0.159454 0.0402106 0.000661432 5.33676e-08 8.56924e-10 2.58839e-07 9.555e-05 0.0398852 0.0189475 0.03508 0.00404761 2.81176e-05 0.0342205 0.0311775 0.425534 0.000771592 
0.00379455 3.2746e-05 2.44439e-11 0.00268705 0.044802 0.838588 0.0143816 0.000868799 0.00578396 0.000206115 4.02232e-05 9.00226e-07 0.00152518 6.60402e-09 2.91848e-05 1.04359e-08 6.10421e-05 0.00215746 0.000281234 0.0506311 2.29247e-07 0.000618111 0.021074 0.00674097 0.00569589 
0.0632324 8.1817e-05 3.80699e-08 0.00256136 0.0355414 0.305603 0.0196596 0.0426425 0.00143396 0.0328103 0.000806462 0.00587733 0.00139179 5.29693e-06 0.157971 3.33655e-05 0.029607 0.02521 0.0472206 0.0202157 1.00569e-07 0.0220415 0.155404 0.0226638 0.00798654 
0.0396353 0.00233964 3.18553e-09 0.0537376 0.0122411 0.0113394 0.000520889 0.00342177 0.000886896 0.0277726 0.000600673 0.000587343 0.000413454 1.85657e-06 0.000238118 4.05268e-08 0.000996151 0.0241728 0.0020473 0.000593261 1.1238e-05 0.00154513 0.0423059 0.0287945 0.745797 
0.00193662 1.69505e-06 5.18437e-09 0.000512806 0.170151 0.00918951 2.42085e-06 0.0394037 0.0173796 1.2268e-06 0.00142447 6.66022e-07 1.3717e-05 4.28431e-09 9.82767e-07 6.9236e-09 1.69532e-05 0.000110355 1.66795e-05 2.1167e-06 3.1766e-09 0.000218621 0.00619735 0.753351 6.83019e-05 
0.00379455 3.2746e-05 2.44439e-11 0.00268705 0.044802 0.838588 0.0143816 0.000868799 0.00578396 0.000206115 4.02232e-05 9.00226e-07 0.00152518 6.60402e-09 2.91848e-05 1.04359e-08 6.10421e-05 0.00215746 0.000281234 0.0506311 2.29247e-07 0.000618111 0.021074 0.00674097 0.00569589 
0.0156172 1.29547e-06 6.78256e-10 0.00129246 0.0152076 0.000507941 9.30612e-05 0.000662665 0.000554858 0.00157463 0.000244149 0.000121639 0.000401784 1.72793e-08 0.000272903 6.94614e-07 0.000298382 0.00337484 0.00321978 0.000312321 4.21984e-07 0.00193289 0.00594327 0.00298025 0.945385 
0.0632324 8.1817e-05 3.80699e-08 0.00256136 0.0355414 0.305603 0.0196596 0.0426425 0.00143396 0.0328103 0.000806462 0.00587733 0.00139179 5.29693e-06 0.157971 3.33655e-05 0.029607 0.02521 0.0472206 0.0202157 1.00569e-07 0.0220415 0.155404 0.0226638 0.00798654 
0.0483509 0.000161044 9.40772e-05 0.13934 0.00386826 0.0573671 0.00033603 0.0534331 0.0200124 0.0859585 0.00191322 0.0591739 0.0714886 2.0995e-06 0.00230085 1.08279e-07 0.0107863 4.56006e-05 0.0349561 0.0836673 1.50118e-07 0.191281 0.115774 0.0184054 0.00128401 
0.000279673 0.985705 5.86546e-13 7.38817e-05 0.00169687 0.00104857 0.00234164 0.000301496 1.43222e-05 0.000431021 3.92705e-05 0.000509992 1.18319e-05 3.31957e-10 1.50771e-06 1.0882e-06 9.74491e-05 0.00132081 7.22105e-05 4.91382e-05 0.000181715 0.000545391 0.00216243 0.00310572 8.49915e-06 
0.0191926 3.83849e-05 1.75838e-10 0.00481041 0.0294787 0.147559 0.0825936 0.0231644 0.00116117 0.00115917 1.65641e-05 1.20594e-05 7.52992e-05 4.24367e-06 0.000104649 3.34021e-05 0.00131108 0.035879 0.00226043 0.00136328 3.42735e-07 0.00882337 0.627695 0.0132222 4.23446e-05 
0.00737158 0.000434138 2.29709e-06 0.0152953 0.0488069 0.00769738 0.00449599 0.00706058 0.00456265 0.0235553 0.00564202 0.00193914 0.000574939 6.39539e-07 0.0064665 7.86893e-09 0.000483736 0.00233867 0.001064 0.00223735 0.0163719 0.00481629 0.0226255 0.815231 0.000926526 
0.0213264 0.020267 2.02809e-08 0.169242 0.00578185 0.0516234 0.000209622 0.00155583 0.000703256 0.000703964 0.000222848 0.000232075 0.000810615 8.62074e-07 0.00016411 2.55888e-06 3.01963e-09 0.00138174 0.000396557 0.000408393 3.40045e-06 0.0377774 0.12356 0.563596 2.9804e-05 
0.000279673 0.985705 5.86546e-13 7.38817e-05 0.00169687 0.00104857 0.00234164 0.000301496 1.43222e-05 0.000431021 3.92705e-05 0.000509992 1.18319e-05 3.31957e-10 1.50771e-06 1.0882e-06 9.74491e-05 0.00132081 7.22105e-05 4.91382e-05 0.000181715 0.000545391 0.00216243 0.00310572 8.49915e-06 
0.0538508 2.45694e-05 2.97184e-11 0.00612006 0.0260342 0.0310116 0.00185907 0.0295669 0.00203686 0.0153297 0.000190987 0.00414677 0.0198896 1.3074e-06 0.000122276 0.0001838 0.214229 0.0257039 0.0647132 6.39579e-05 6.29108e-07 0.389951 0.0840756 0.030796 9.89906e-05 
0.0275034 0.000277083 0.000397542 0.00833951 0.0241077 0.0360989 0.000925932 0.00535614 0.00107833 0.0125138 0.00124036 0.0001059 0.000119662 0.000105717 0.4298 1.29762e-05 0.0128761 0.00137631 0.111077 0.0114068 0.0460556 0.0158204 0.0273195 0.226068 1.76285e-05 
0.0396353 0.00233964 3.18553e-09 0.0537376 0.0122411 0.0113394 0.000520889 0.00342177 0.000886896 0.0277726 0.000600673 0.000587343 0.000413454 1.85657e-06 0.000238118 4.05268e-08 0.000996151 0.0241728 0.0020473 0.000593261 1.1238e-05 0.00154513 0.0423059 0.0287945 0.745797 
0.0845051 0.000615015 4.11529e-09 0.00146705 0.0932013 0.0163736 0.00200762 0.0112393 0.000704484 0.0356084 0.012836 2.26064e-05 0.0190121 2.86828e-05 0.000106182 7.09271e-05 0.00847864 0.0616289 0.0155053 0.00365217 4.41235e-05 0.00190893 0.042606 0.015865 0.572512 
0.000604633 1.11469e-05 2.18881e-10 0.00197969 0.00041982 0.000255907 0.00912344 0.00145256 3.25021e-05 3.74832e-05 0.000189277 2.52408e-05 5.69258e-05 7.44622e-08 0.00365516 2.74203e-05 6.80641e-08 4.00873e-05 0.000137165 0.000257525 2.96587e-06 0.00107183 0.000831137 0.979718 6.97069e-05 
0.0140201 0.000752476 0.000526872 0.00200978 0.000859633 0.00719948 1.91099e-05 0.00459055 0.000102208 0.00959942 0.000343697 0.00191691 0.00164751 6.17791e-06 0.000959886 3.12865e-05 0.316312 0.00285552 0.00781345 0.00226996 0.322538 0.0711858 0.070149 0.162255 3.59631e-05 
0.000279673 0.985705 5.86546e-13 7.38817e-05 0.00169687 0.00104857 0.00234164 0.000301496 1.43222e-05 0.000431021 3.92705e-05 0.000509992 1.18319e-05 3.31957e-10 1.50771e-06 1.0882e-06 9.74491e-05 0.00132081 7.22105e-05 4.91382e-05 0.000181715 0.000545391 0.00216243 0.00310572 8.49915e-06 
0.0545659 0.000486172 2.2567e-08 0.0184185 0.14924 0.0838504 0.0247724 0.204017 0.00509297 0.0248448 0.000461835 0.00876422 0.00656962 0.00014018 0.00129888 0.00140187 0.0328121 0.0558994 0.0290531 0.00611958 1.60242e-05 0.0332051 0.223606 0.0352081 0.000155644 
0.0265881 0.37774 1.07668e-11 0.00131525 0.026408 0.0162882 0.00122461 0.00378232 0.00110274 0.0744028 3.71613e-05 0.181758 5.83136e-05 4.07971e-06 0.00196639 2.08371e-05 0.023291 0.0214323 0.0202266 0.00158234 0.000190853 0.0137176 0.0639924 0.142689 0.000180969 
0.000345421 0.000649913 5.5969e-11 0.000185109 0.0207153 0.0226905 0.908308 0.00263055 0.000826916 0.000162032 1.58542e-05 2.24523e-05 6.59737e-06 2.37855e-07 5.51e-07 6.83725e-06 0.000556728 0.0131278 0.000866221 0.000105074 1.74319e-06 0.00259138 0.0251374 0.00102889 1.84684e-05 
0.00939251 5.13413e-07 1.17382e-10 0.0120733 0.268242 0.00628401 0.0741305 0.0520083 0.0155681 0.000434595 0.000147924 2.40265e-06 0.00088454 3.51492e-07 0.00325272 7.80925e-06 0.0125589 0.405633 0.00635385 0.00137173 6.47366e-07 0.0109744 0.110674 0.00841 0.00159433 
0.0430085 3.20663e-05 6.83834e-07 0.0113015 0.336452 0.0315568 0.00906786 0.0455021 0.00593232 0.00303427 2.39121e-08 0.000322063 0.000337151 1.80347e-08 0.00267179 3.67508e-08 0.000824351 0.0118496 0.000447634 0.00239156 1.12506e-06 0.17308 0.190062 0.131705 0.000420305 
0.0961796 0.00168742 1.03437e-10 0.0111901 0.00517 0.0101707 0.000436336 0.0117441 0.000385246 0.0113135 2.15638e-06 0.0747456 0.00828305 2.05199e-05 3.74578e-05 0.000825755 0.0153169 0.00221515 0.37428 0.000805885 0.000494186 0.0355664 0.0137065 0.325357 6.63304e-05 
0.00626232 0.00110846 1.9408e-06 0.0118559 0.631668 0.0101697 0.27237 0.00631437 0.00418648 0.00231826 0.00157103 1.6596e-05 0.00502246 5.57063e-07 0.00214182 3.82954e-06 0.00296047 0.00623934 0.00116506 0.00635771 7.44927e-06 0.00364228 0.0139888 0.00794302 0.00268363 
0.120675 0.000298233 2.88683e-10 0.014894 0.0105959 0.384154 0.00868294 0.0406745 0.00408224 0.013198 0.000641474 6.71123e-05 0.00201914 3.13477e-05 0.000259414 0.000100826 0.0105433 0.00932797 0.0357249 0.00194358 4.07602e-06 0.0265533 0.304405 0.0110298 9.41546e-05 
0.0286412 0.000100792 1.08293e-07 0.000291214 0.0734712 0.0325489 0.00102685 0.0890747 0.0156124 0.00627414 0.00205754 2.77299e-05 8.69567e-05 6.74531e-06 0.00112203 0.000127175 0.000975412 0.000954244 0.00141444 1.98169e-05 6.63538e-08 0.00206239 0.0223034 0.721414 0.00038694 
0.000560435 2.8289e-06 4.48528e-10 0.000287836 0.0226924 0.00356409 0.928606 0.0133743 0.0023035 0.000628601 1.16779e-05 2.84523e-06 0.000210045 2.01895e-12 1.89154e-05 4.52069e-06 0.000231271 0.00315999 0.0021677 4.68335e-05 6.07049e-10 0.00134292 0.0189351 0.00181353 3.41838e-05 
0.00402866 0.019297 2.82579e-08 0.00071071 0.0299686 0.475681 0.0407765 0.00286201 0.00011577 0.000145522 0.000285682 7.19651e-06 0.000291163 1.89849e-06 2.11067e-05 0.00010926 0.0227959 0.0334601 0.0721097 2.38174e-05 4.45964e-06 0.0912763 0.180214 0.025786 2.75263e-05 
0.00612909 1.76401e-05 1.10841e-10 0.00643581 0.0126847 0.161866 0.000166497 0.029715 0.000333799 0.000921959 0.00208958 1.05804e-05 0.00260021 4.75022e-06 0.000185097 2.59633e-05 0.253126 0.000830011 0.163449 0.0014447 3.64025e-06 0.0425803 0.311275 0.00377013 0.00033455 
0.0141858 0.0171634 0.000105113 0.00324466 0.0796916 0.0216025 0.010091 0.0730318 0.00241174 0.00173652 0.00305726 0.000468847 0.00353479 1.4158e-05 0.0121681 2.5031e-05 0.0329216 0.00931777 0.00474506 0.000584663 0.000980807 0.0519961 0.0982693 0.558571 8.16744e-05 
0.0210709 5.74765e-07 5.74546e-07 0.0136434 0.0717358 5.75677e-07 0.148364 0.0344811 0.0106468 0.0032233 5.75254e-07 5.75587e-07 0.00259046 5.74762e-07 0.00523336 5.74129e-07 5.75603e-07 0.632193 0.00523847 5.75541e-07 0.00074811 5.75613e-07 0.0107092 0.0348822 0.00523379 
0.00549236 0.000128304 9.51573e-10 0.00384356 0.0355942 0.00538314 0.000962303 0.083704 0.00113806 0.00398302 0.000455109 0.000383541 0.0003435 7.8637e-10 0.00253381 6.84124e-05 0.000307566 0.00274197 2.50458e-06 4.8203e-07 9.10969e-05 0.00894752 0.0385116 0.805383 8.6026e-07 
0.0665291 1.95453e-07 0.0163727 0.00571846 0.0378168 0.00191103 0.000460674 0.0249073 0.000279777 0.0587925 5.88655e-06 5.01002e-05 0.00284418 3.84839e-06 0.00471774 0.0104357 1.35816e-05 0.00024177 0.660432 0.0104315 5.97503e-05 0.0023365 0.064865 0.0307423 3.20081e-05 
0.000616835 1.85896e-06 7.23216e-10 0.000639658 0.0152984 0.00374603 0.940825 0.0125613 0.00181457 0.000509365 7.6528e-06 1.86459e-06 0.000161413 6.35877e-12 3.99468e-05 2.96793e-06 0.000358805 0.00216476 0.00210943 0.000144974 9.1797e-10 0.00195415 0.0154418 0.00157681 2.23905e-05 
0.00637348 9.49165e-06 4.6163e-08 0.000611077 0.400162 0.007689 0.0132941 0.00785827 0.00182884 0.0179137 0.000340246 0.000159731 0.000388296 2.01407e-08 2.37905e-07 0.00096123 0.00992138 0.453448 0.0313565 0.00240959 4.47011e-09 0.00254808 0.0394253 0.00325105 4.96513e-05 
0.0193206 0.000127152 5.61728e-06 0.0143931 0.66868 0.0105761 0.0158067 0.00186219 0.141204 0.0179213 0.000382748 0.000112612 0.000165784 1.00811e-06 0.000138149 0.00121053 0.00303235 0.0356904 0.00165026 0.0185849 3.969e-08 0.00631995 0.0283509 0.0113537 0.00311012 
0.268294 0.000830274 1.19061e-10 3.83688e-07 0.168529 2.46436e-07 7.3807e-07 0.0333719 3.56301e-07 3.23369e-07 2.35028e-07 1.75562e-07 2.82557e-07 9.8391e-11 7.26055e-11 9.5561e-08 0.116807 5.30052e-07 0.011839 6.19183e-07 4.45079e-07 0.00421819 0.135114 0.260993 6.82266e-11 
0.000279673 0.985705 5.86546e-13 7.38817e-05 0.00169687 0.00104857 0.00234164 0.000301496 1.43222e-05 0.000431021 3.92705e-05 0.000509992 1.18319e-05 3.31957e-10 1.50771e-06 1.0882e-06 9.74491e-05 0.00132081 7.22105e-05 4.91382e-05 0.000181715 0.000545391 0.00216243 0.00310572 8.49915e-06 
0.01007 0.00018074 2.05987e-05 0.0596171 0.0203903 0.0296963 0.00111897 0.0333089 0.0072747 0.023817 0.00244138 0.000315102 0.00121072 1.06201e-06 0.00647485 3.04092e-05 0.00356802 0.0236522 0.0335941 0.694969 7.8743e-07 0.00478338 0.0264221 0.0170061 3.57779e-05 
0.00377179 7.04135e-05 5.73e-07 0.0912855 0.0846234 0.0523163 0.0185026 0.372964 0.00462687 0.000510365 0.0137412 0.001375 0.00281657 4.63139e-06 0.000948857 8.53524e-06 0.000833977 0.00572099 0.053558 0.190413 2.91989e-07 0.0449165 0.0551687 0.000507921 0.00131444 
0.0314109 9.84593e-08 1.67683e-10 0.0152582 0.291837 0.0329836 0.0885151 0.125177 0.0103528 0.0028546 0.00291917 1.95671e-05 0.004334 1.38572e-10 0.00117334 2.91846e-05 0.0454215 0.0902897 0.000783693 0.00102496 3.00979e-07 0.0824489 0.0877245 0.0845212 0.000920726 
0.00224411 9.73963e-07 1.29473e-09 0.00102517 0.000136541 5.69931e-05 9.59326e-08 0.000228659 6.78514e-05 0.000221825 2.01971e-05 0.000311285 0.00028537 1.45792e-09 8.38062e-06 1.51936e-06 6.11415e-05 0.00304215 0.00326156 5.87806e-05 2.90767e-06 0.000308208 0.00115286 0.00127836 0.986225 
0.00156821 1.71383e-08 2.08075e-08 2.9319e-06 0.00115181 0.00028281 0.00117364 9.88453e-05 0.000177715 0.00624618 0.863269 5.27724e-06 0.00430696 1.71951e-08 1.01361e-05 6.98305e-06 0.103031 2.62576e-05 0.000236885 9.04401e-07 0.000110774 0.00128527 0.0120977 0.00491075 1.19235e-08 
0.0881062 0.0225402 0.00325768 0.0216097 0.012433 0.00338528 0.000301296 0.00722865 0.00123588 0.232246 0.00185346 0.49185 0.00179343 0.000121683 0.000704101 1.04905e-05 0.0136319 0.00133238 0.0154521 0.0106104 0.00544908 0.00817059 0.043292 0.0130142 0.000370979 
0.0256877 0.0164634 2.49434e-08 0.0202902 0.176557 0.071461 0.0163618 0.0986434 0.0294271 0.0132735 0.00457867 0.000135904 0.0276095 1.8168e-05 0.026625 2.75261e-05 0.00611364 0.0160844 0.00799219 0.00387613 1.58527e-07 0.0047889 0.1421 0.28695 0.00493468 
0.000279673 0.985705 5.86546e-13 7.38817e-05 0.00169687 0.00104857 0.00234164 0.000301496 1.43222e-05 0.000431021 3.92705e-05 0.000509992 1.18319e-05 3.31957e-10 1.50771e-06 1.0882e-06 9.74491e-05 0.00132081 7.22105e-05 4.91382e-05 0.000181715 0.000545391 0.00216243 0.00310572 8.49915e-06 
0.00181026 1.1324e-12 1.08082e-08 0.00212778 0.0539353 0.00452135 0.00364281 0.000721827 0.0010049 0.000982276 2.07117e-05 1.17162e-06 0.00411495 3.28871e-09 5.00483e-06 2.89768e-07 0.000557689 0.812897 0.000227156 0.000441509 4.51381e-10 0.0313152 0.0806063 0.000703693 0.000362697 
0.00904195 0.00011123 9.26761e-12 0.0163665 0.0357684 0.0387232 0.000532881 0.0353384 0.00475614 0.00166575 0.0316364 1.25598e-05 0.00678925 4.29081e-06 0.00396856 1.83804e-05 0.101572 0.00689303 0.512578 0.00520274 5.3927e-06 0.024189 0.160373 0.00419599 0.000257637 
0.00241055 3.34811e-05 0.000128708 0.000348574 0.420279 0.00189566 0.0355013 0.0105881 0.398415 0.00232368 7.54691e-09 1.58886e-05 5.84943e-08 8.4246e-11 3.87118e-07 1.35474e-06 4.89417e-05 6.27321e-05 0.0097335 2.02346e-11 1.19977e-08 0.0637265 0.0159677 0.0255721 0.0129464 
0.00379455 3.2746e-05 2.44439e-11 0.00268705 0.044802 0.838588 0.0143816 0.000868799 0.00578396 0.000206115 4.02232e-05 9.00226e-07 0.00152518 6.60402e-09 2.91848e-05 1.04359e-08 6.10421e-05 0.00215746 0.000281234 0.0506311 2.29247e-07 0.000618111 0.021074 0.00674097 0.00569589 
0.083971 0.000790589 0.000465679 0.00244962 0.0742533 0.021102 0.00123589 0.0210369 0.00122699 0.00959828 0.00321669 0.000245551 0.130319 3.17742e-07 0.000730752 4.45565e-10 0.101844 0.000122203 0.0202939 0.00491123 6.12392e-06 0.108225 0.109735 0.254553 0.0496669 
0.00649546 5.47819e-05 6.73764e-11 0.0168367 0.0193382 0.0419358 0.0552886 0.00258156 0.124954 0.602902 2.45353e-05 0.0533467 0.000367765 1.92311e-06 7.99274e-05 9.01324e-05 0.000364693 0.000168396 0.0473432 0.00132819 2.12573e-06 0.00483257 0.0149955 0.00656179 0.000105146 
0.0293559 0.000885286 2.36742e-09 0.00495249 0.0147792 0.335537 0.00160797 0.0561566 0.000794049 0.000872011 0.000646583 3.39817e-05 0.0136357 1.87768e-06 9.39109e-10 0.000102932 0.097878 0.0310934 0.0157957 0.0114314 0.000215824 0.320294 0.0633065 0.000327411 0.000296658 
0.324716 0.00120828 5.17599e-07 0.0535518 0.021065 0.0454131 0.0159327 0.0176657 0.00131524 0.00377907 0.00135747 5.47701e-05 0.00168924 1.84088e-05 0.000350436 8.3401e-06 0.0349464 0.019962 0.00720312 0.00587241 2.817e-05 0.0303861 0.405822 0.00749376 0.000160128 
0.000917723 0.000249006 3.32967e-09 0.00318971 0.140945 0.0426458 0.632145 0.00441672 0.120205 0.00105303 0.000116661 9.04071e-06 0.000863369 1.13978e-07 4.7947e-06 5.76313e-05 0.00247269 0.00503073 0.00159661 0.000527538 1.50021e-06 0.00424265 0.0376541 0.00153086 0.000124098 
0.0443149 0.000137674 0.000553761 0.0282452 0.207912 0.0493267 0.0351632 0.00651991 0.11402 0.0113341 0.209832 0.000545528 0.0297527 0.000193038 0.00795126 8.14022e-06 0.00283355 0.0399175 0.00337621 0.0239958 0.0261181 0.0133742 0.0393477 0.104983 0.000243533 
0.0963747 1.68658e-06 1.49984e-07 6.09026e-06 4.99434e-06 1.0062e-05 4.80503e-05 0.171448 7.10029e-06 4.02028e-06 7.14194e-11 0.000240556 5.92561e-07 1.37564e-10 4.53769e-06 1.75645e-06 5.03158e-07 1.57041e-06 0.0152285 0.00197757 1.01997e-10 9.243e-06 0.524347 0.18515 0.0051329 
0.0200669 0.00190887 3.72321e-08 0.000506765 0.118457 5.65407e-05 0.00357482 0.0933217 0.000544312 0.0362497 2.63646e-05 9.50981e-05 0.00103913 1.26484e-06 3.43715e-05 0.00195689 0.0164129 0.000456944 0.0811127 8.57538e-06 3.47906e-05 0.00375813 0.0105632 0.609811 1.94674e-06 
0.00759777 6.27305e-05 3.06391e-05 0.0141172 0.106008 0.128961 0.00556996 0.0290955 0.00303439 0.00273823 0.00289394 2.54638e-05 0.00319 3.5036e-06 0.00160637 1.86787e-05 0.00724466 0.0376473 0.0956709 0.00216182 4.3431e-06 0.013325 0.523702 0.0150119 0.000279701 
0.00309117 0.00863106 1.67498e-09 0.0296005 0.0143145 0.292258 0.0219789 0.0295512 0.000775813 0.00354279 0.000978629 0.000123033 0.00292751 5.8173e-05 0.00020071 3.17295e-05 0.0533602 0.0102617 0.211201 0.00168933 0.000639858 0.126311 0.157212 0.0296733 0.00158752 
0.0344542 1.8799e-05 0.000101467 0.0163586 0.0128624 0.0200412 7.20886e-05 0.00544213 0.00214357 0.00248541 0.000125118 2.41989e-05 0.0205905 1.22096e-06 0.00241888 1.0801e-05 0.0838002 0.00237059 0.010052 0.0165155 3.55428e-06 0.705784 0.0559717 0.00834137 1.08746e-05 
8.06516e-05 1.35454e-05 1.73091e-09 3.1516e-05 4.76377e-06 1.01559e-05 0.0192969 0.198913 6.36502e-06 0.16025 6.61016e-06 0.0129686 3.33644e-05 1.43041e-09 0.0139616 2.47363e-05 0.000755187 2.02617e-06 0.000515467 6.32189e-06 5.40998e-06 0.00074199 0.000268146 0.592035 6.88372e-05 
2.9457e-07 4.94728e-08 6.32194e-12 0.090314 0.00384869 3.7093e-08 0.000742162 2.20086e-07 0.00326394 0.00146274 2.41428e-08 0.000288285 0.00982199 5.22439e-12 1.01782e-07 9.03463e-08 0.232245 0.00280991 0.0568588 2.30899e-08 1.97593e-08 0.505962 0.076098 0.0118334 0.00445037 
0.00558401 0.00013387 3.28357e-11 0.00172268 0.0226395 0.427824 0.00502691 0.0853698 0.00055887 0.00104667 5.21508e-05 0.000108212 0.00276682 9.9579e-06 0.000146905 1.41254e-05 0.0234119 0.0347394 0.00252767 0.00105445 2.05947e-06 0.315032 0.0489961 0.0211389 9.32289e-05 
0.00447798 0.152216 4.47006e-10 9.80193e-05 0.0083159 0.000233648 0.00602547 0.00214559 0.000405585 0.0250382 0.000759613 0.000241442 4.91061e-05 2.14999e-07 0.00107249 0.786614 0.000132712 0.000595054 6.54449e-05 0.000142334 8.33474e-06 0.000557769 0.000462384 0.00381168 0.00653052 
0.0254983 2.66034e-05 6.02029e-06 0.0805798 0.0140312 0.00606883 0.000453289 0.0436536 0.00550116 0.0723836 2.02062e-05 5.64906e-05 0.0016945 2.8232e-07 0.017486 1.67227e-05 0.0678027 0.000636892 0.0352659 0.0186161 5.73388e-06 0.0164719 0.536498 0.0557541 0.00147243 
0.0667326 0.00322126 2.00798e-05 0.198625 0.0384146 0.102796 0.00640715 0.0441025 0.00532201 0.0115864 0.00402605 0.00248302 0.010083 5.95241e-05 0.00255283 9.83989e-05 0.0410557 0.0104694 0.0283903 0.0264107 6.6523e-05 0.0228175 0.351561 0.0213217 0.00137678 
0.020201 6.58156e-05 8.28221e-08 0.0465938 0.046477 0.130502 0.000313886 0.0609796 0.00427493 0.0123839 0.000977645 5.6784e-05 0.00272409 1.03438e-05 0.00132957 2.41748e-05 0.0315372 0.00140677 0.00596514 0.0419346 6.0551e-05 0.0157735 0.574944 0.00144971 1.33934e-05 
0.00645262 0.0141119 4.11096e-10 0.00308973 0.16536 0.0484764 0.00283985 0.463661 0.0548734 0.00468636 0.000332486 1.27749e-05 0.00106491 2.0698e-08 6.9745e-05 6.64843e-05 0.0160827 0.0116295 0.0127712 6.98116e-05 3.58984e-05 0.00773032 0.121432 0.0649428 0.000207862 
0.0170949 0.000451439 0.000402217 0.0234947 0.159121 0.0112785 0.0297334 0.0253779 0.378276 0.00247581 0.00480814 0.000300203 0.00499762 4.57469e-06 0.00784621 0.000109359 0.0570556 0.004331 0.00948644 0.0147017 0.0525468 0.0382454 0.0120729 0.140177 0.00561176 
0.0001533 0.150821 1.10556e-10 0.0123256 0.06782 0.00171506 0.00246079 0.00986745 0.00022972 0.000448668 0.00149097 0.000135023 2.86047e-07 9.13622e-11 0.000161764 2.05792e-05 1.37068e-09 0.0268365 0.00076467 1.0229e-05 9.94109e-06 0.00400738 0.0165466 0.704169 4.74419e-06 
0.0354257 0.000751834 2.1661e-07 0.0587817 0.0417704 0.227147 0.000981179 0.190014 0.00707333 0.0055835 0.00375537 0.000314641 0.0256637 0.000138524 0.000835781 4.97564e-05 0.0889613 0.012618 0.0328789 0.0123681 0.000612557 0.0256633 0.209658 0.0175867 0.00136634 
0.00445979 1.35985e-05 1.61738e-05 4.38753e-07 0.261239 2.14472e-07 0.0184288 0.0030631 0.162149 0.00420168 1.71918e-10 6.42614e-05 1.10854e-08 3.31139e-10 0.00163267 6.60307e-05 0.00014836 0.01544 1.8051e-05 1.41688e-07 2.45523e-10 0.00153419 0.00418204 0.52238 0.000962858 
0.00174473 2.11893e-05 0.00339645 0.000601882 0.0153506 0.00645786 0.900429 0.00128112 0.000820071 0.000453678 6.43559e-05 1.21329e-05 7.88691e-05 7.84665e-07 5.8409e-07 2.44035e-05 0.00326659 0.000124568 0.000658495 2.00292e-05 7.27986e-11 0.0109037 0.0127682 0.0413668 0.000153526 
9.12851e-05 0.00025223 3.4963e-09 0.00791318 0.742964 0.00750824 0.0101756 0.0356525 0.0108604 7.4595e-05 0.00139875 3.72588e-06 0.000958372 1.61089e-06 2.13885e-05 5.4548e-06 0.000279843 0.0709301 0.00361407 0.00392848 2.67537e-07 0.00949974 0.0906951 0.00316567 5.19588e-06 
3.00139e-05 1.49909e-05 1.88882e-06 3.99387e-06 5.85252e-07 6.54475e-07 1.70795e-06 2.04165e-06 1.01455e-13 2.35805e-05 2.06755e-06 0.000159749 2.32443e-07 4.5035e-08 1.02744e-07 2.91775e-07 0.00104114 3.99892e-07 1.11702e-05 9.81574e-05 0.998291 3.20878e-05 5.49757e-06 0.000279069 6.17673e-10 
0.00670203 0.000112885 3.49722e-08 0.000445429 0.00407436 0.0149336 0.000126603 0.0242017 0.000928731 0.00680976 5.29543e-05 0.00154125 0.00165281 6.474e-11 0.000576224 3.24559e-05 0.346604 0.00362283 0.00910379 1.55496e-11 0.0660351 0.00835445 0.100566 0.403317 0.00020554 
0.00330909 0.00172661 1.45023e-06 0.0637426 0.107807 0.113046 0.000113593 0.0154522 0.0032868 0.00370077 0.0235973 3.02094e-10 0.0196266 1.54083e-09 0.000273601 5.57002e-06 0.03617 0.000203853 0.0657506 0.233755 1.98681e-06 0.0114157 0.28755 0.00942207 4.15972e-05 
0.0302042 0.00032748 2.3485e-07 0.0355052 0.0389354 0.0010631 0.00160102 0.043141 0.0548051 0.0200404 0.00435869 5.54723e-05 0.00611504 2.00537e-06 0.0152652 0.0129703 0.0430341 0.00269779 0.00156441 0.000808018 0.000128295 0.00333689 0.0528768 0.617999 0.0131647 
0.00396469 6.72915e-05 8.38017e-09 0.0330748 0.0530986 0.00675934 0.00148652 0.0184991 0.408824 0.0115751 0.00138383 4.70927e-05 0.000376606 5.10734e-08 0.00836886 2.27479e-07 0.000222467 0.000169164 0.0313057 0.251129 1.49213e-06 0.0135333 0.0657165 0.0763962 0.014 
0.533701 0.000184156 1.83884e-05 0.0337188 0.0183881 0.00246396 0.000715477 0.0179061 0.00477881 0.00848278 0.0089839 0.000117417 0.0375784 2.54702e-06 0.00139171 1.04296e-05 0.00767374 0.041492 0.00710491 0.0172572 7.35464e-05 0.0288767 0.14937 0.0792285 0.000481178 
0.122405 0.0523903 6.2049e-06 0.0271296 0.0136454 0.00574889 0.000130072 0.0120258 8.78283e-05 0.00308557 0.00283281 0.000771116 0.00552056 2.45579e-05 0.00012464 1.48197e-05 0.0541644 0.00318933 0.00419179 0.00753233 0.576858 0.0120154 0.0612965 0.0331514 0.00165788 
0.000604633 1.11469e-05 2.18881e-10 0.00197969 0.00041982 0.000255907 0.00912344 0.00145256 3.25021e-05 3.74832e-05 0.000189277 2.52408e-05 5.69258e-05 7.44622e-08 0.00365516 2.74203e-05 6.80641e-08 4.00873e-05 0.000137165 0.000257525 2.96587e-06 0.00107183 0.000831137 0.979718 6.97069e-05 
0.00175459 3.07984e-05 5.04124e-12 0.000986364 0.0110982 0.837748 0.00439821 0.00796061 0.000101823 0.0038415 2.36283e-05 2.24301e-05 0.00154424 5.82231e-06 9.00068e-06 1.25407e-05 0.0298155 0.00146918 0.0416153 0.000595775 2.1293e-07 0.0130663 0.0424993 0.00126957 0.000130824 
0.00675916 0.106121 1.72157e-10 0.0148452 0.22047 0.0513171 0.00404011 0.132251 0.00328805 0.00916472 0.00184498 7.43103e-05 0.000617339 1.90634e-06 0.00898947 2.81997e-05 0.000869527 0.00290091 0.00175399 0.00122148 5.75861e-06 0.00502683 0.188 0.240406 2.87954e-06 
0.0727136 3.02736e-07 3.02621e-07 0.0900208 0.154048 3.03216e-07 0.00648714 0.11958 0.00663838 0.00660825 0.00612078 3.03169e-07 0.00297106 3.02735e-07 0.0100255 0.000544625 0.072672 0.00797469 0.0512666 0.00448685 3.02874e-07 0.0162509 0.335692 0.0358967 3.02901e-07 
0.000664487 0.305147 1.21332e-10 0.000374687 0.142551 0.00308364 0.00169162 0.0729985 0.00789312 0.000845762 6.82555e-08 0.000223231 7.92297e-09 1.00267e-10 0.00317994 6.17347e-08 0.00215396 0.00551136 0.00413208 3.07191e-08 8.24703e-08 0.0111821 0.0803587 0.34734 0.0106677 
0.00619216 0.000280991 9.36668e-10 0.00815763 0.00353438 0.55447 2.1953e-05 0.108099 0.000136069 0.00770155 3.01628e-05 2.59045e-07 0.00127457 2.45952e-09 0.0183721 4.36654e-06 0.0145905 0.0001071 5.29993e-05 9.07899e-05 2.9415e-06 0.0938756 0.0741542 0.108847 3.55844e-06 
0.00448593 0.000991591 0.00126017 0.00388369 0.25907 0.019147 0.566613 0.00756731 0.00400488 0.0118653 0.00115947 0.000468919 0.00168759 9.42085e-08 6.58851e-05 1.20981e-05 0.00205879 0.0376795 0.00349072 0.00872061 0.000203844 0.00320114 0.0550944 0.00626593 0.001002 
0.000288557 3.34615e-05 6.83954e-12 9.98478e-05 0.00127082 4.50481e-05 0.000119684 0.000286053 0.000132634 3.91907e-05 1.52532e-05 1.46848e-05 8.40836e-05 3.2832e-09 0.000267754 3.29496e-08 5.12908e-05 0.000123154 0.00073062 7.18389e-05 5.25239e-08 0.00315375 0.00067415 0.00175953 0.990739 
0.000383729 1.07468e-05 1.61879e-12 6.41076e-05 0.021579 0.844218 0.00784971 0.017832 6.53631e-05 0.000246086 0.000109888 2.70387e-05 0.000927161 2.72943e-06 1.51517e-05 2.06472e-05 0.000460562 0.0346516 0.0320224 0.000234272 1.93807e-06 0.0147715 0.0241267 0.000352419 2.70956e-05 
8.59727e-08 7.32794e-06 0.00267623 0.000334177 0.532409 0.00136736 0.00835721 0.0169947 0.271859 0.00172903 0.00517308 5.36761e-05 1.4148e-06 1.65921e-08 0.000518364 0.0113708 1.73113e-11 0.00320732 8.69682e-07 0.000132657 7.12408e-11 0.00119031 0.00289714 0.137981 0.00173903 
0.00825058 2.75444e-07 1.27105e-05 0.0181023 0.4529 0.0386421 0.0455229 0.0110397 0.0718209 0.0182836 0.00134002 0.000303696 0.0138924 3.24696e-10 0.00741177 3.72475e-07 0.0189702 0.0272642 0.00269015 0.0107843 1.46988e-06 0.010921 0.00465784 0.014203 0.222984 
0.415465 1.77194e-08 2.15131e-08 6.84018e-05 0.0415431 0.000180253 0.271639 0.0185522 0.233006 5.38275e-05 0.000412609 1.15895e-05 0.000947687 1.77782e-08 2.76517e-05 7.66279e-05 0.000576268 0.0150279 0.00033538 4.97394e-05 1.31817e-08 0.000316503 0.000613374 0.000655371 0.000440743 
0.000587265 3.5651e-06 2.79743e-09 0.000304061 0.0229146 0.00444522 0.921344 0.0140892 0.00253628 0.000757258 1.60499e-05 3.06384e-06 0.000218504 2.04641e-12 2.21834e-05 4.78482e-06 0.000281746 0.00348943 0.00243659 5.16154e-05 2.83162e-08 0.00138214 0.0231359 0.00193962 3.65102e-05 
0.00402866 0.019297 2.82579e-08 0.00071071 0.0299686 0.475681 0.0407765 0.00286201 0.00011577 0.000145522 0.000285682 7.19651e-06 0.000291163 1.89849e-06 2.11067e-05 0.00010926 0.0227959 0.0334601 0.0721097 2.38174e-05 4.45964e-06 0.0912763 0.180214 0.025786 2.75263e-05 
0.00222225 3.07127e-06 1.47525e-08 0.00106406 0.0148844 0.724589 0.000393507 0.0419638 0.000221684 0.0202335 0.000235448 1.54279e-05 0.00252528 2.56964e-08 4.29609e-06 1.4082e-05 0.0577497 0.013903 0.00101149 0.000594372 1.76259e-07 0.000415245 0.116967 0.000956725 3.24138e-05 
