0.00497932 1.93222e-08 6.45573e-12 0.162377 0.00219886 0.000159702 0.000278012 0.000747406 0.0017329 0.00114794 6.19129e-05 9.61017e-05 0.0455954 5.33495e-12 3.97478e-08 1.96804e-05 0.129369 0.00204546 0.0317002 5.82506e-05 7.71835e-09 0.484033 0.12642 0.00448159 0.00249756 
0.0263603 3.38956e-05 1.97714e-09 0.00459906 0.059741 0.125022 0.0164626 0.0302362 0.00165557 0.00355438 0.000317349 7.9294e-06 0.00198791 1.48438e-09 6.2047e-05 2.47413e-05 0.0762509 0.00548138 0.180734 0.000906221 2.93604e-06 0.0368572 0.406948 0.0227327 2.21265e-05 
0.000560435 2.8289e-06 4.48528e-10 0.000287836 0.0226924 0.00356409 0.928606 0.0133743 0.0023035 0.000628601 1.16779e-05 2.84523e-06 0.000210045 2.01895e-12 1.89154e-05 4.52069e-06 0.000231271 0.00315999 0.0021677 4.68335e-05 6.07049e-10 0.00134292 0.0189351 0.00181353 3.41838e-05 
0.0716645 0.00102262 0.0014738 0.0111513 0.0236007 0.041621 0.00598718 0.0519773 0.00843375 0.000900601 0.00325373 9.79565e-06 0.00780007 6.26707e-07 0.00107191 2.99209e-05 0.0132704 0.000538173 0.00491228 0.000991258 9.39382e-06 0.0168196 0.66846 0.0647004 0.000299737 
0.032886 0.00565537 0.00486124 0.00752034 0.0574407 0.0221263 0.0383872 0.0318101 0.0135085 0.0178361 0.00529546 3.62326e-05 0.0127561 2.27101e-08 0.00156229 0.329112 0.198795 0.0152192 0.00213074 0.0032783 0.00257549 0.114969 0.0677858 0.0143824 6.88969e-05 
0.0350688 3.6749e-06 2.56761e-09 0.0256827 0.0341434 0.0822613 0.000879758 0.0745115 0.000218623 0.00560528 7.25304e-05 2.85513e-06 0.00100545 4.53579e-12 0.000158464 6.72093e-06 0.0514519 0.00355678 0.00389062 0.00102047 1.07084e-07 0.0160716 0.647674 0.0166486 6.44807e-05 
0.000172239 9.62395e-06 2.88548e-12 0.000119969 0.000184344 1.29571e-09 3.66467e-07 0.000105117 0.000234353 7.6958e-05 2.97366e-09 2.73185e-05 2.88739e-05 2.38453e-12 0.000278797 6.16494e-08 1.67504e-05 9.09389e-05 0.00194627 1.44029e-05 9.98093e-08 0.000393144 0.00030211 0.00150379 0.994494 
0.000172239 9.62395e-06 2.88548e-12 0.000119969 0.000184344 1.29571e-09 3.66467e-07 0.000105117 0.000234353 7.6958e-05 2.97366e-09 2.73185e-05 2.88739e-05 2.38453e-12 0.000278797 6.16494e-08 1.67504e-05 9.09389e-05 0.00194627 1.44029e-05 9.98093e-08 0.000393144 0.00030211 0.00150379 0.994494 
0.00242786 7.9439e-08 0.0036706 0.000441604 0.00329273 0.000673175 0.00010373 0.000529765 7.04456e-05 0.949707 1.65497e-05 0.0158761 6.16651e-05 6.52254e-09 0.00109524 1.53529e-05 0.000870133 0.00163544 0.000980026 0.00103725 1.05737e-07 0.000128321 0.0098285 0.00192976 0.00560846 
0.000560435 2.8289e-06 4.48528e-10 0.000287836 0.0226924 0.00356409 0.928606 0.0133743 0.0023035 0.000628601 1.16779e-05 2.84523e-06 0.000210045 2.01895e-12 1.89154e-05 4.52069e-06 0.000231271 0.00315999 0.0021677 4.68335e-05 6.07049e-10 0.00134292 0.0189351 0.00181353 3.41838e-05 
0.0401373 0.000464073 0.00789881 0.0217572 0.0481056 0.232209 0.00761808 0.036837 0.00966371 0.311347 0.000549709 0.00900328 0.012012 7.39914e-06 0.000673213 0.000170649 0.0123516 0.0164366 0.0213381 0.00674149 9.76566e-06 0.0263837 0.141731 0.0345562 0.00199642 
0.010353 0.00294487 0.000244343 0.0272123 0.0130925 0.193282 0.00168587 0.0266558 0.0113908 0.00136345 0.010743 1.99583e-05 0.00400497 4.65244e-07 6.70443e-05 8.20992e-05 0.0229029 0.00251803 0.0605923 0.000312579 9.21569e-06 0.18896 0.40806 0.0114564 0.00204598 
0.0124249 0.000131164 1.78029e-06 0.0302808 0.0448346 0.224905 0.0040686 0.040361 0.00450266 0.00191232 9.07944e-05 1.18596e-05 0.0107989 2.97781e-08 1.89184e-05 4.90086e-06 0.0125763 0.0325549 0.0201407 0.00859595 1.41015e-06 0.0792208 0.468785 0.00377525 1.36903e-06 
0.126179 3.2624e-05 6.56702e-06 0.261757 0.0482612 0.0631815 0.00350241 0.0359502 0.00159927 0.0144998 0.110222 1.52508e-05 0.00143139 9.49236e-08 0.00013819 4.18324e-07 0.030316 5.97696e-05 0.00334822 0.0219469 3.84556e-06 0.0561959 0.208435 0.0128464 7.15588e-05 
0.131763 2.32791e-05 2.94092e-09 0.0022783 0.00994544 0.000852175 0.000622555 0.023697 0.00082994 0.0013047 0.00104744 6.19938e-05 0.00377849 2.43034e-09 0.0280034 1.54694e-05 0.0647113 6.54612e-05 0.0434933 0.00025035 1.93927e-05 0.0799552 0.0444884 0.562757 3.64019e-05 
0.0344542 1.8799e-05 0.000101467 0.0163586 0.0128624 0.0200412 7.20886e-05 0.00544213 0.00214357 0.00248541 0.000125118 2.41989e-05 0.0205905 1.22096e-06 0.00241888 1.0801e-05 0.0838002 0.00237059 0.010052 0.0165155 3.55428e-06 0.705784 0.0559717 0.00834137 1.08746e-05 
0.0497307 0.000789033 6.03574e-10 0.0311989 0.107548 0.00362871 0.00289775 0.0492351 0.00304703 0.0131943 1.30093e-07 0.000128944 0.0208606 4.98788e-10 0.000619625 3.41845e-05 0.0275818 0.00830825 0.00653471 0.0206094 2.22794e-06 0.0415107 0.143486 0.444922 0.0241316 
0.0201654 0.0753082 9.41131e-07 0.00520202 0.0713593 0.0391187 0.00133871 0.0404035 0.00331147 0.498543 0.00324355 0.00086734 0.00235596 1.42529e-07 0.00188461 0.000217056 0.0015404 0.0590201 0.00796018 0.00476749 0.000358461 0.0260475 0.0845132 0.0511366 0.00133568 
0.000110854 9.60766e-07 1.1389e-12 5.45106e-06 0.000267081 1.81316e-05 9.63727e-05 7.63123e-06 8.45383e-06 3.06604e-05 2.82519e-06 5.171e-05 1.89236e-05 9.41176e-13 6.28069e-08 1.47378e-07 1.38169e-05 0.000402891 0.00392752 1.79679e-09 1.76948e-07 0.00431173 6.59235e-06 4.418e-05 0.990674 
0.00433503 0.000256213 1.78656e-05 0.0314165 0.0824333 0.0040407 0.00529951 0.0114527 0.111227 0.0399147 0.000146076 0.000141842 6.38905e-05 3.85107e-10 0.00206525 5.39784e-06 0.00037838 0.000580884 0.00302202 0.00225963 7.4485e-08 0.0184944 0.417378 0.0751614 0.18991 
0.0182076 9.38138e-06 1.0607e-05 0.0509174 0.00210059 5.92133e-06 0.000673728 0.00677458 0.000164122 0.0258837 4.43559e-05 2.96114e-05 0.00017326 3.13698e-08 0.0528266 0.000312868 0.00222974 7.47233e-05 9.64468e-05 0.00310771 5.54205e-05 0.0169329 0.00740346 0.810696 0.00126897 
0.000560435 2.8289e-06 4.48528e-10 0.000287836 0.0226924 0.00356409 0.928606 0.0133743 0.0023035 0.000628601 1.16779e-05 2.84523e-06 0.000210045 2.01895e-12 1.89154e-05 4.52069e-06 0.000231271 0.00315999 0.0021677 4.68335e-05 6.07049e-10 0.00134292 0.0189351 0.00181353 3.41838e-05 
0.00382101 2.2409e-07 3.22772e-09 0.0125635 0.237245 0.119508 0.00108296 0.0225066 0.00790376 0.0145216 0.00101919 1.09644e-06 0.0509545 3.65118e-10 0.00330355 8.72579e-06 0.0086184 0.000624541 0.255387 0.00107255 9.28846e-07 0.0778518 0.0907723 0.09123 2.93183e-06 
0.00242786 7.9439e-08 0.0036706 0.000441604 0.00329273 0.000673175 0.00010373 0.000529765 7.04456e-05 0.949707 1.65497e-05 0.0158761 6.16651e-05 6.52254e-09 0.00109524 1.53529e-05 0.000870133 0.00163544 0.000980026 0.00103725 1.05737e-07 0.000128321 0.0098285 0.00192976 0.00560846 
0.0879173 1.90337e-05 0.0117548 0.00536795 0.00717146 0.00475313 0.000161644 0.621309 0.00297111 0.00690553 2.36289e-05 0.000127882 0.00023951 1.66898e-07 0.00427199 0.00101957 8.68111e-05 0.000368515 0.000339019 0.000193553 7.35878e-06 0.0102102 0.169493 0.0651821 0.000106388 
0.00652806 0.0259479 0.000112269 0.00948537 0.26491 0.02239 0.515386 0.0396004 0.00444436 0.00290307 0.000610324 0.000261408 0.000965123 1.132e-05 0.00022553 2.34165e-05 0.00488324 0.0100484 0.00897701 0.00326532 3.85726e-05 0.020159 0.0339921 0.0244398 0.000391252 
0.00830456 1.94913e-08 1.73464e-09 0.0184302 0.0507909 0.0478391 0.0126416 0.0809322 0.00189836 0.000176548 4.83889e-09 7.12144e-07 0.00037936 7.70767e-10 3.15483e-05 4.66382e-06 0.000359671 0.00252412 0.000528242 5.21415e-05 1.90017e-09 0.0352025 0.69509 0.0448138 1.79699e-08 
0.115137 4.30573e-05 0.000278586 0.0107858 0.138459 0.00269727 0.0424213 0.0117623 0.0813915 0.0371926 0.00164822 5.62044e-05 0.000420998 2.31243e-05 0.0480736 0.000137166 0.00664203 0.130592 0.000387 0.00980143 2.38402e-05 0.00624324 0.0914259 0.248023 0.016334 
0.134377 0.00024901 0.045465 0.0734771 0.0341895 0.0223305 0.00843203 0.0750206 0.00186255 0.187724 0.0343005 0.00342336 0.000589971 7.33286e-07 0.00290617 0.00396796 0.00625483 0.000215964 0.0193635 0.0720928 3.40549e-05 0.0877113 0.143071 0.0428632 7.77467e-05 
0.052086 5.38203e-06 2.36131e-05 0.000132206 0.0773688 0.123826 0.000440382 0.113167 0.0020316 0.0636883 7.19879e-05 9.88708e-06 0.000174447 2.01958e-07 0.000430814 0.000123208 0.0597915 0.0161332 0.0144829 0.00164493 7.05837e-05 0.058188 0.0815969 0.334339 0.000172826 
0.0107656 0.000133141 8.5511e-07 0.0499276 0.00176405 0.00129411 0.000244916 0.0362654 0.000867716 0.000129392 0.00155278 3.66995e-05 0.0102023 7.06655e-07 0.000385405 1.08745e-05 0.0207859 0.00113017 0.701028 1.69397e-05 6.55256e-05 0.0103913 0.0586187 0.0943767 5.45872e-06 
0.0264333 0.000526609 0.00738995 0.00189595 0.118056 0.000739975 0.0498072 0.0380674 0.00166738 0.0108379 0.0104693 0.000185849 0.00328395 1.32445e-05 0.00991062 2.3923e-05 0.0104983 0.000397187 0.034889 0.000180902 0.000107193 0.00475156 0.0302926 0.637553 0.00202142 
0.253533 0.0024623 3.57839e-08 0.0433883 8.90248e-06 5.68163e-05 3.92828e-06 7.41423e-05 0.00786627 0.00289587 1.24966e-05 0.00148782 0.00630732 2.95715e-08 0.000512959 1.08173e-05 0.0294378 6.33644e-06 1.78923e-05 0.000240146 2.41133e-06 0.0214453 0.00586566 0.624269 9.37015e-05 
0.00428919 0.00184093 6.50508e-07 0.00978474 0.187747 0.100376 0.016503 0.032332 0.00674655 0.00120594 1.73022e-05 1.3759e-05 0.00106977 5.46421e-07 0.000295246 0.000178596 5.37621e-05 0.0803305 0.0132998 0.00468142 3.68401e-06 0.0189281 0.4681 0.0521941 8.00008e-06 
0.05183 0.000120899 6.36e-05 0.0144454 0.0143253 0.138965 0.00195487 0.176606 0.00332276 0.00195221 0.000349481 7.81594e-05 0.00565372 4.94894e-06 6.47986e-05 0.000766308 0.0463521 0.0020417 0.165001 0.0292885 8.58615e-06 0.0288645 0.315545 0.00207368 0.000322147 
0.0308764 0.00411451 0.00113413 0.0161072 0.0536295 0.00239059 0.000800503 0.0258832 0.00107661 0.00485094 0.00719332 0.000227894 0.0276154 2.19528e-06 0.0337772 6.42632e-06 0.00569417 0.0241305 0.000202637 0.0481414 0.00879968 0.00244175 0.0392428 0.65521 0.00645145 
0.108239 1.168e-05 0.00157365 0.012958 0.00408701 0.00152464 0.000501706 0.00685161 0.000203372 0.64253 0.000136834 0.0175406 0.000192957 1.29482e-06 0.0162227 0.00021075 0.00876561 0.0093576 0.00380741 0.00702474 7.65917e-06 0.00134473 0.149175 0.00490699 0.00282391 
5.67595e-05 8.36837e-05 1.09073e-10 0.00526158 0.044429 0.377841 0.00241314 0.0177539 0.00133429 0.000275796 0.000168937 4.04523e-10 2.85792e-09 4.4844e-13 2.0848e-08 1.10283e-05 5.29217e-09 0.000340334 0.0709292 2.77899e-09 2.30705e-06 0.0402017 0.437657 0.00124095 5.93963e-09 
0.0199139 0.000212172 3.62123e-05 0.00947806 0.0323819 0.0366476 0.137604 0.0113766 0.0970375 0.302646 0.00128837 0.0404434 0.00407187 6.05146e-06 0.00299872 0.000775031 0.0327609 0.00114831 0.0228878 0.00148924 0.00174093 0.024177 0.0203448 0.198409 0.000125058 
0.0121651 1.38996e-06 7.28647e-08 0.0380032 0.148073 1.93931e-05 0.0187486 0.0459275 0.000996177 0.00310961 0.00474974 3.65382e-05 0.00127845 2.00233e-08 0.0207824 1.98088e-06 0.0210055 0.0487482 0.0168423 0.00294003 9.30359e-05 0.00849738 0.0692837 0.538673 2.38961e-05 
0.00242786 7.9439e-08 0.0036706 0.000441604 0.00329273 0.000673175 0.00010373 0.000529765 7.04456e-05 0.949707 1.65497e-05 0.0158761 6.16651e-05 6.52254e-09 0.00109524 1.53529e-05 0.000870133 0.00163544 0.000980026 0.00103725 1.05737e-07 0.000128321 0.0098285 0.00192976 0.00560846 
0.015247 0.0207368 0.0019858 0.00398245 0.0244043 0.021512 0.00125496 0.0538357 0.00127168 0.00252133 0.000281401 0.000410632 0.00033583 1.44214e-05 0.00343475 2.58849e-05 0.0103981 0.0168086 0.00246747 0.000576812 8.99883e-05 0.033574 0.289275 0.494771 0.000784205 
0.00493745 0.340005 1.081e-06 0.0334796 0.0314698 0.0295169 0.000136129 0.0137043 0.000919422 0.0114458 0.00157841 0.00173892 0.000270686 1.07106e-07 0.000943143 4.15796e-06 8.05768e-05 0.0488273 0.0184122 0.000286314 0.00304627 0.0117834 0.308227 0.138475 0.000710309 
0.00725725 3.18773e-05 6.93719e-07 0.00693287 0.128298 0.274508 0.00612541 0.0601299 0.00362779 0.0119455 0.000868913 0.000228 0.00163023 1.34942e-08 0.00737298 1.21153e-05 0.00580099 0.0527412 0.0109017 0.00485281 5.44688e-05 0.00576882 0.327243 0.0832879 0.000380165 
0.0444092 0.000208208 1.60152e-06 0.0655884 0.112434 0.0586303 0.0010758 0.176644 0.010726 0.0142355 0.0051717 1.61999e-05 0.0176581 4.61221e-09 0.0466238 0.000364662 0.00201552 2.27816e-06 0.00491903 0.142841 0.000571264 0.00822757 0.02722 0.228097 0.0323176 
0.044213 0.0170503 2.73546e-08 4.94661e-07 0.0250667 0.00215533 0.0018143 0.026565 0.000628438 0.00198196 1.48955e-06 0.00603114 0.0107529 7.95656e-10 0.000150254 2.57795e-05 0.0576751 3.48756e-06 0.000204623 1.4268e-06 0.185728 0.000247968 0.00902316 0.610679 5.31538e-07 
0.05251 5.88686e-08 6.01056e-09 0.137969 0.0876619 0.0564354 3.91017e-07 0.11238 0.0202885 0.119256 0.00843255 2.89355e-08 0.0026856 4.91789e-11 0.0211026 7.94748e-11 2.68483e-07 1.61941e-07 0.0139707 0.0553571 6.20246e-08 0.00644846 0.190565 0.114753 0.000183021 
0.0203361 0.018653 5.92191e-05 0.0382975 0.0828161 0.123657 0.00666062 0.0478337 0.0066504 0.00583996 0.000213541 0.000139779 0.00175944 3.58659e-06 7.29596e-05 2.52937e-05 0.00960917 0.00151714 0.0307368 0.00393173 6.74668e-05 0.0336847 0.562964 0.00443935 3.08659e-05 
0.0814784 0.0125905 6.83582e-09 0.022705 0.0322718 6.00956e-06 0.00409821 0.0182582 0.00997578 0.0037968 0.00133111 0.000977654 0.00018224 5.64905e-09 3.13419e-05 0.000466894 0.000522694 1.17261e-05 0.00313334 0.0352664 0.00020163 0.064613 0.0189386 0.689083 5.92274e-05 
0.0254282 2.93558e-05 2.78795e-06 0.198797 0.082675 0.0430618 0.020246 0.190936 0.001225 0.0466681 0.00580275 0.000616396 0.0071914 2.82819e-07 0.00655745 9.86494e-07 0.00243568 0.0538502 0.00306381 0.00160285 1.64216e-05 0.0794066 0.21907 0.0106595 0.0006564 
0.000560435 2.8289e-06 4.48528e-10 0.000287836 0.0226924 0.00356409 0.928606 0.0133743 0.0023035 0.000628601 1.16779e-05 2.84523e-06 0.000210045 2.01895e-12 1.89154e-05 4.52069e-06 0.000231271 0.00315999 0.0021677 4.68335e-05 6.07049e-10 0.00134292 0.0189351 0.00181353 3.41838e-05 
0.00010411 4.0102e-06 1.06421e-11 0.000313739 0.00129671 1.16548e-05 6.5482e-05 0.0094146 0.000498439 3.84995e-05 3.97671e-09 3.25758e-05 1.03832e-05 8.79454e-12 0.000643042 5.12474e-07 1.05143e-05 0.000163915 0.00281535 3.28083e-05 7.50743e-08 0.00191578 0.00011423 0.00275201 0.979762 
0.0211448 0.0208235 5.32598e-05 0.00118496 0.223145 0.00102757 0.0333197 0.0491835 1.5196e-07 0.0354488 0.000222031 8.17225e-07 0.0182167 1.40986e-07 0.00385059 0.00112026 0.115685 0.00160648 0.0506322 0.00382474 0.234583 0.021432 0.0373194 0.126175 1.75696e-07 
0.000628529 0.0170134 3.0737e-09 0.00443506 0.0514513 0.00552516 0.00656605 0.0268359 0.0566537 0.000594887 0.0069499 9.33376e-05 0.000395735 2.54008e-09 0.00626078 1.70678e-05 0.00702042 0.00114613 0.00139373 0.00472735 3.24813e-07 0.0341075 0.0501779 0.69548 0.0225257 
0.000172239 9.62395e-06 2.88548e-12 0.000119969 0.000184344 1.29571e-09 3.66467e-07 0.000105117 0.000234353 7.6958e-05 2.97366e-09 2.73185e-05 2.88739e-05 2.38453e-12 0.000278797 6.16494e-08 1.67504e-05 9.09389e-05 0.00194627 1.44029e-05 9.98093e-08 0.000393144 0.00030211 0.00150379 0.994494 
0.000631037 0.0170884 1.30627e-10 3.69738e-07 0.0279973 1.35766e-06 9.29776e-05 0.00574536 4.24043e-07 0.000684767 2.60418e-07 0.000667687 9.98026e-05 1.07949e-10 0.000315505 2.35224e-07 7.44191e-08 2.64923e-06 0.00175428 1.17202e-07 0.000120304 0.00404206 2.85499e-06 0.940752 2.09144e-07 
0.000902029 0.0084728 3.09764e-06 0.0244341 0.152198 0.0512426 0.00349866 0.0436472 0.0122688 0.00388842 1.48774e-07 2.85356e-05 5.85724e-06 1.39976e-10 0.00327251 1.3447e-07 0.000155998 0.00063116 0.00921895 0.000104403 7.49762e-05 0.0141968 0.15219 0.519491 7.3828e-05 
0.00628213 3.13122e-05 1.00963e-06 0.00988673 0.0137224 0.211171 0.0002613 0.031745 0.000173655 0.00485535 0.0025374 8.49072e-06 0.00321875 3.9371e-09 0.000644129 1.43261e-06 0.00860116 0.00245685 0.0127548 0.00345865 8.84153e-05 0.0117632 0.671062 0.00525624 1.85634e-05 
0.0854226 0.000378359 1.12358e-08 0.0147824 0.0331996 0.0489651 0.000774877 0.0135878 5.18086e-05 0.523191 0.000352225 0.000185527 0.00310513 2.38303e-09 6.3118e-05 1.5115e-05 0.0138458 0.0126739 0.0110742 0.0128819 1.90516e-07 0.00927735 0.154413 0.0617523 6.46636e-06 
0.000560435 2.8289e-06 4.48528e-10 0.000287836 0.0226924 0.00356409 0.928606 0.0133743 0.0023035 0.000628601 1.16779e-05 2.84523e-06 0.000210045 2.01895e-12 1.89154e-05 4.52069e-06 0.000231271 0.00315999 0.0021677 4.68335e-05 6.07049e-10 0.00134292 0.0189351 0.00181353 3.41838e-05 
0.00183101 0.000136256 8.23687e-06 0.012042 0.0627567 0.326777 0.0328424 0.082455 0.0045234 0.00427367 1.04181e-06 1.68403e-05 1.08684e-05 2.0277e-08 0.000177806 1.08867e-05 0.0478229 0.00196636 0.00879033 0.000335266 1.67808e-06 0.179633 0.222475 0.0109804 0.000132106 
0.147329 0.00012169 7.67526e-06 0.0213822 0.0101576 1.43749e-05 4.72593e-05 0.0870371 0.0108712 0.000535232 0.00272361 1.88552e-05 0.00118884 8.12926e-09 0.101557 6.24478e-05 0.0380043 0.00115187 0.00748159 0.000696391 4.36867e-08 0.000905248 0.531591 0.0371159 1.2825e-08 
0.0239859 0.000250629 0.000136672 0.00396898 0.175424 0.0388316 0.00172317 0.0640646 0.00277129 0.00529044 0.00302204 7.23185e-06 0.00138602 2.71313e-07 0.00183636 1.52908e-06 0.024716 0.0018816 0.00524533 0.00206238 7.38497e-06 0.0141247 0.189903 0.438311 0.00104807 
0.0991405 0.00634851 0.00813556 0.0265815 0.0270904 0.0842908 0.00156141 0.0100209 0.000926602 0.00568255 0.00141507 0.000104426 0.0200494 2.10847e-05 0.00114969 0.00123065 0.0968309 0.00603165 0.0576735 0.0419448 2.37306e-05 0.0124193 0.472245 0.0190001 8.19027e-05 
0.000560435 2.8289e-06 4.48528e-10 0.000287836 0.0226924 0.00356409 0.928606 0.0133743 0.0023035 0.000628601 1.16779e-05 2.84523e-06 0.000210045 2.01895e-12 1.89154e-05 4.52069e-06 0.000231271 0.00315999 0.0021677 4.68335e-05 6.07049e-10 0.00134292 0.0189351 0.00181353 3.41838e-05 
0.00325548 7.66742e-06 8.66018e-13 0.000946546 0.000759787 0.0116132 0.000115992 0.00221703 4.55816e-05 0.00119116 3.40208e-05 1.38256e-05 0.000259464 7.15669e-13 6.66855e-05 4.17589e-05 0.0790473 2.55463e-05 0.759542 0.000123622 3.73602e-06 0.0528221 0.0849637 0.00267381 0.000229648 
0.00512872 8.39348e-07 2.61837e-09 0.0880017 0.427411 0.149279 0.0664833 0.057468 0.0128794 6.14095e-05 0.004384 1.07828e-05 0.0076646 8.90813e-11 0.00200315 1.60244e-05 0.0470509 0.017996 0.00231603 0.00893643 9.9674e-08 0.0303243 0.0460428 0.026424 0.000117576 
0.000653646 1.40754e-09 3.38031e-12 1.7762e-05 0.00211569 1.40432e-05 0.000216329 0.000117275 0.00115053 9.95606e-06 5.40547e-05 4.64788e-05 3.00701e-10 2.79346e-12 5.93924e-08 1.33205e-07 2.51816e-07 1.10536e-05 0.00844972 4.07256e-09 6.28968e-08 0.000283498 2.94924e-05 0.000372308 0.986458 
0.00256168 1.12576e-06 5.72115e-05 0.00620171 0.053749 0.0500334 0.00252755 0.72834 0.0399727 0.00157208 5.64902e-05 2.1168e-06 5.28604e-05 6.00654e-09 0.00367758 1.4075e-05 0.000391728 0.000386825 0.00636753 0.000169767 1.53918e-06 0.0257534 0.0707458 0.00705577 0.000307497 
0.0642267 0.00706081 0.000721731 0.0101188 0.144771 0.0292643 0.00714459 0.0881544 0.0163814 0.00373728 0.0093297 2.58276e-05 0.00705898 7.79879e-06 0.000715596 1.32393e-05 0.00960706 0.018158 0.00482616 0.00141713 1.04971e-05 0.0573396 0.23363 0.279706 0.00657348 
0.0689152 9.5037e-05 0.000837282 0.0767829 0.020966 0.0315005 0.00353196 0.00135556 0.00692957 0.0105617 0.00376029 7.96594e-05 0.000206311 3.1156e-07 0.00039311 1.01532e-05 0.0211004 0.000130284 0.0366801 0.580542 0.00657945 0.0281864 0.0657583 0.0340323 0.00106537 
0.0344542 1.8799e-05 0.000101467 0.0163586 0.0128624 0.0200412 7.20886e-05 0.00544213 0.00214357 0.00248541 0.000125118 2.41989e-05 0.0205905 1.22096e-06 0.00241888 1.0801e-05 0.0838002 0.00237059 0.010052 0.0165155 3.55428e-06 0.705784 0.0559717 0.00834137 1.08746e-05 
0.0739261 0.00864782 0.000933629 0.0969487 0.104514 0.00236522 0.00226611 0.119475 0.00952204 0.00612789 0.00142604 0.000133655 0.0188509 3.94909e-08 0.0255615 2.38446e-05 0.000599181 0.00102578 0.00118691 0.000816532 0.00031529 0.00492906 0.0514579 0.465852 0.00309361 
0.0911549 0.00380685 0.019659 0.045071 0.10384 0.00290093 0.00192947 0.0274518 0.00228103 0.0376723 0.00387194 0.000194898 0.0149515 2.42772e-05 0.0240016 8.94936e-05 0.029617 0.00306385 0.0787537 0.00496405 4.34047e-05 0.0148931 0.0296129 0.459719 0.000431497 
0.018418 0.00725593 0.0235471 0.00433683 0.0371106 0.0997522 0.029503 0.339709 0.000962479 0.00926401 0.00421092 0.000261963 0.000651257 9.84668e-06 0.00748016 5.17448e-05 0.018593 0.000727989 0.00256884 0.00252254 0.000293754 0.0696916 0.123358 0.198508 0.0012102 
0.000554895 2.98233e-07 8.14342e-12 0.00102885 0.00022069 0.000277603 9.94104e-09 0.00178521 4.14737e-06 5.00133e-06 3.43796e-08 4.71996e-05 5.93202e-05 6.72965e-12 0.00059032 1.07033e-07 6.17849e-05 2.27856e-05 0.00513358 0.000127865 2.34679e-08 0.000276308 0.00106832 0.00046015 0.988276 
9.56007e-05 1.02157e-05 3.14747e-09 0.0164639 9.91108e-06 0.0317995 1.34769e-05 2.06454e-05 2.52883e-05 6.59586e-05 1.03139e-05 9.91399e-05 5.22975e-05 2.60104e-09 4.42249e-06 1.14332e-05 1.2583e-05 4.82081e-05 0.00563304 8.5958e-06 4.10047e-06 0.000286192 0.0227366 2.13103e-05 0.922567 
0.0123652 0.00142505 1.09433e-05 0.0174625 0.436329 0.0100792 0.00348046 0.0343266 0.00953002 0.00266819 0.0116125 3.84084e-05 0.00142095 7.29478e-06 0.00321211 8.77773e-05 0.00656602 0.0173741 0.00251786 0.0253046 5.54942e-05 0.00380603 0.0969262 0.303377 1.65194e-05 
0.0083727 5.12868e-07 8.36158e-05 0.0452986 0.0521407 0.042306 0.000204322 0.151732 0.187498 0.0161077 2.69394e-05 3.64927e-07 0.00206381 9.5419e-09 0.0121565 1.92199e-05 0.00519845 0.00961444 0.0183598 0.00686729 1.32716e-05 0.0344093 0.164349 0.243175 1.16227e-06 
0.0442665 9.0096e-08 1.79935e-08 0.0352517 0.0451602 0.0128354 0.0131293 0.0121096 0.0897887 0.000102724 2.04629e-05 2.90329e-08 1.34759e-07 1.15702e-08 2.85735e-05 1.31652e-06 0.000110335 0.000257316 5.17118e-05 0.00180207 2.28839e-06 0.0146899 0.721365 0.00902314 3.16236e-06 
0.00180241 0.15802 4.04336e-07 0.00760572 0.202727 0.0177337 0.004963 0.027904 0.00145166 0.00101595 0.00394021 5.67019e-05 1.15274e-05 2.42469e-12 1.03533e-08 3.20328e-05 4.96316e-09 0.00479838 0.011353 8.28233e-09 0.000107133 0.0283872 0.451417 0.0765266 0.00014665 
0.0344542 1.8799e-05 0.000101467 0.0163586 0.0128624 0.0200412 7.20886e-05 0.00544213 0.00214357 0.00248541 0.000125118 2.41989e-05 0.0205905 1.22096e-06 0.00241888 1.0801e-05 0.0838002 0.00237059 0.010052 0.0165155 3.55428e-06 0.705784 0.0559717 0.00834137 1.08746e-05 
0.000554895 2.98233e-07 8.14342e-12 0.00102885 0.00022069 0.000277603 9.94104e-09 0.00178521 4.14737e-06 5.00133e-06 3.43796e-08 4.71996e-05 5.93202e-05 6.72965e-12 0.00059032 1.07033e-07 6.17849e-05 2.27856e-05 0.00513358 0.000127865 2.34679e-08 0.000276308 0.00106832 0.00046015 0.988276 
0.00242786 7.9439e-08 0.0036706 0.000441604 0.00329273 0.000673175 0.00010373 0.000529765 7.04456e-05 0.949707 1.65497e-05 0.0158761 6.16651e-05 6.52254e-09 0.00109524 1.53529e-05 0.000870133 0.00163544 0.000980026 0.00103725 1.05737e-07 0.000128321 0.0098285 0.00192976 0.00560846 
0.00883407 0.00111391 0.00367189 0.0039296 0.0252696 0.0198453 0.0172009 0.0120601 0.000474245 0.349664 0.000374661 0.088987 0.000632467 2.1685e-06 0.00649078 3.13474e-05 0.0556149 0.0462648 0.0397732 0.00821532 5.30829e-05 0.0071767 0.271781 0.0220006 0.0105381 
0.0257062 0.0866653 3.91701e-06 0.00644702 0.504119 0.0164993 0.00697535 0.0548294 0.000733148 2.4469e-05 2.7503e-06 5.56093e-06 0.00132651 1.37983e-09 1.70334e-06 2.22985e-09 0.0112039 0.00701639 0.00143464 0.0181726 5.27658e-05 0.0281634 0.165079 0.0655376 5.29551e-07 
0.0669805 0.000563368 0.00299865 0.00353998 0.000417274 0.0340623 0.000108076 0.0106495 4.51174e-05 0.00722636 0.00133598 0.000122455 0.00553556 7.21915e-06 0.00401093 3.2503e-05 0.484187 0.000399623 0.0423316 0.0193771 0.0296358 0.152432 0.0722411 0.0617373 2.24902e-05 
0.0443511 0.0281322 0.00425101 0.00625433 0.0595126 0.0218542 0.00510527 0.237951 0.00285288 0.00548639 0.0594063 0.000130865 0.0135942 2.31486e-05 0.00143777 2.33857e-05 0.166737 0.00659563 0.0225826 0.0360273 0.00746614 0.0135202 0.0450263 0.211386 0.000292205 
0.0344542 1.8799e-05 0.000101467 0.0163586 0.0128624 0.0200412 7.20886e-05 0.00544213 0.00214357 0.00248541 0.000125118 2.41989e-05 0.0205905 1.22096e-06 0.00241888 1.0801e-05 0.0838002 0.00237059 0.010052 0.0165155 3.55428e-06 0.705784 0.0559717 0.00834137 1.08746e-05 
0.00637633 0.0227832 4.53982e-08 0.00252183 0.0429328 0.634616 0.044639 0.0114415 0.000481055 5.88111e-05 0.000664089 1.08104e-05 1.52124e-05 5.72239e-09 9.8619e-05 8.20488e-05 0.00594251 0.0479378 0.00634067 0.00055929 6.18685e-08 0.0785683 0.0610988 0.032831 4.11259e-08 
0.0459468 0.00048211 0.00113491 0.0490742 0.0406324 0.014229 0.00790065 0.020674 0.00373507 0.0362278 0.000596263 0.00642087 0.00321994 5.39104e-05 0.00538602 5.77033e-05 0.0831752 0.0247964 0.0366639 0.00441299 0.258365 0.0275185 0.239908 0.0869848 0.0024034 
0.000560435 2.8289e-06 4.48528e-10 0.000287836 0.0226924 0.00356409 0.928606 0.0133743 0.0023035 0.000628601 1.16779e-05 2.84523e-06 0.000210045 2.01895e-12 1.89154e-05 4.52069e-06 0.000231271 0.00315999 0.0021677 4.68335e-05 6.07049e-10 0.00134292 0.0189351 0.00181353 3.41838e-05 
0.0843845 9.86965e-05 0.00364741 0.0195283 0.0200512 0.0187992 0.000136187 0.0201406 0.000168998 0.499164 0.00655802 0.0414858 0.000966716 3.47595e-06 0.00021414 0.00175817 0.00183658 0.000414099 0.090506 0.0191365 1.24823e-05 0.00576799 0.16074 0.00367528 0.000805442 
0.0001436 1.24224e-06 1.07863e-12 6.31304e-06 4.50394e-05 2.47952e-05 4.68459e-09 1.04158e-05 1.12142e-05 4.09488e-05 3.22359e-09 9.38768e-05 1.63453e-08 8.91371e-13 1.38229e-09 1.28346e-07 2.3691e-05 3.14276e-05 0.00717732 2.68659e-09 3.65801e-07 0.000299053 5.28105e-06 4.61728e-05 0.992039 
0.0055298 0.0134397 5.88806e-10 0.00338711 0.0267874 0.55796 0.00169698 0.00917547 0.000264988 0.00257654 7.08719e-05 1.85954e-05 1.61846e-08 1.03013e-11 0.000129357 1.29738e-05 9.63603e-09 0.01211 0.012848 0.00117002 4.13329e-06 0.0239497 0.315128 0.0137407 1.12221e-07 
0.0548632 5.45694e-05 8.18943e-05 0.823859 0.00150682 0.000744716 5.31652e-06 0.000203066 5.03764e-05 0.00416481 0.00228432 3.12155e-05 0.00125251 1.27647e-06 0.0248986 2.06281e-06 0.00344491 0.000487911 0.00168178 0.00804807 0.000218962 0.00303503 0.0489572 0.0200357 8.70861e-05 
0.0069434 4.63772e-05 2.72511e-11 0.00379247 0.0998792 0.0439942 7.54159e-07 0.0324606 0.00958036 2.93393e-07 0.00359959 4.25635e-07 4.48188e-08 2.25201e-11 0.000588049 3.49411e-07 1.50129e-07 3.93777e-06 9.05271e-07 0.00325724 4.67547e-07 0.0321978 0.210063 0.55359 3.10773e-07 
0.0216677 3.53976e-05 7.37609e-12 0.548538 0.0685879 0.00661118 0.000748767 0.0358841 0.0114318 0.00344826 0.000730816 3.28727e-05 0.000797332 6.09553e-12 0.0167132 7.51254e-09 0.0864854 0.00701167 1.7268e-08 0.00138075 3.44681e-09 0.00750283 0.113117 0.0688512 0.000424448 
0.0873767 0.00341213 3.09372e-10 0.0342514 0.0878 0.00192371 0.000206231 0.00242409 0.0244054 0.0262306 0.000186086 0.00124659 0.00198786 2.55662e-10 0.0259549 9.41521e-08 0.00936864 0.0128485 0.00363207 0.00953043 1.2563e-07 0.00648037 0.141354 0.49471 0.0246696 
0.00119307 1.51405e-05 4.39132e-09 0.00164611 0.00206441 0.000114864 0.00011973 0.000612677 0.00114263 8.19172e-06 7.97931e-05 6.6698e-05 0.000179919 3.62895e-09 0.000264543 1.66458e-06 5.70183e-05 0.000403393 0.00692276 4.91689e-05 1.36577e-05 0.00245047 0.00146149 0.000268098 0.980864 
3.50385e-06 3.70263e-06 2.86363e-09 0.0697982 0.0435174 6.24954e-06 0.00152344 0.410406 0.0115384 0.00504959 0.0122407 0.00010672 1.95186e-06 2.36647e-09 0.0399168 3.22238e-07 1.53812e-06 7.18441e-08 0.00114955 0.0913933 2.26758e-06 2.29063e-06 0.0268836 0.286445 1.03063e-05 
0.153502 0.000292245 0.00672118 0.0278615 0.00844759 0.0573552 0.00416212 0.0653371 0.00261551 0.00546274 0.00762808 2.44087e-05 0.18039 1.73745e-06 0.00309615 2.76184e-05 0.100183 0.000445102 0.0144346 0.00951463 1.70498e-05 0.125276 0.0493633 0.177837 4.04798e-06 
0.000560435 2.8289e-06 4.48528e-10 0.000287836 0.0226924 0.00356409 0.928606 0.0133743 0.0023035 0.000628601 1.16779e-05 2.84523e-06 0.000210045 2.01895e-12 1.89154e-05 4.52069e-06 0.000231271 0.00315999 0.0021677 4.68335e-05 6.07049e-10 0.00134292 0.0189351 0.00181353 3.41838e-05 
9.28849e-06 1.57145e-06 1.43304e-08 3.63082e-06 5.49291e-07 1.17076e-06 7.43744e-07 6.94075e-06 7.36545e-07 0.00339155 7.67253e-07 1.35869e-06 3.84501e-06 1.18425e-08 3.21766e-06 2.86737e-06 0.585765 2.34736e-07 5.93606e-05 7.30799e-07 6.31642e-07 0.0194414 3.08788e-05 0.391266 7.93502e-06 
0.00413313 1.3182e-05 3.97747e-08 0.00255106 0.169272 0.0185628 0.0105534 0.00129521 0.00221824 0.0431454 0.00324909 0.000151494 0.00030112 3.48431e-08 0.00514431 6.05597e-06 0.000984672 0.655383 0.000405014 0.000878692 4.69871e-08 0.000139473 0.0712476 0.00646289 0.00390212 
0.0344542 1.8799e-05 0.000101467 0.0163586 0.0128624 0.0200412 7.20886e-05 0.00544213 0.00214357 0.00248541 0.000125118 2.41989e-05 0.0205905 1.22096e-06 0.00241888 1.0801e-05 0.0838002 0.00237059 0.010052 0.0165155 3.55428e-06 0.705784 0.0559717 0.00834137 1.08746e-05 
0.0384041 0.00166519 0.000127504 0.0376047 0.00305274 0.104533 0.000331721 0.0171305 0.000707834 0.00275564 8.71117e-06 0.00372228 0.0035784 9.22828e-07 0.00164066 4.88856e-05 0.0943147 0.000664348 0.51828 0.00420144 0.0678507 0.0355983 0.00953162 0.0542419 3.88241e-06 
0.0217063 3.44685e-05 7.10035e-06 0.225113 0.135533 0.0025145 5.32328e-06 0.0065578 0.000326446 0.00570216 0.000170403 3.59327e-07 0.350865 1.33473e-08 0.0709054 0.00160502 0.0029497 0.00290598 0.000747834 0.000910722 1.81308e-06 0.000599895 0.0354679 0.135241 0.000128894 
0.0408127 0.0015928 1.59875e-05 0.0319264 0.0116854 0.0876679 0.000286323 0.0735622 0.000304541 0.076754 0.000386282 3.38117e-05 0.00320719 6.69558e-09 0.00578725 0.000173706 0.0840252 0.000168336 0.00615383 0.0107129 0.000401376 0.0688268 0.476844 0.0152526 0.00341877 
0.0383568 0.0403798 0.000219564 0.0403384 0.0208627 0.0475754 0.0163264 7.78311e-05 0.0134522 0.00286568 0.00372153 5.47342e-05 0.000183864 2.76933e-05 0.00102724 0.000170991 0.000346642 0.0037391 0.00101985 0.00028495 5.3647e-05 0.020725 0.0125645 0.734858 0.000767347 
8.06516e-05 1.35454e-05 1.73091e-09 3.1516e-05 4.76377e-06 1.01559e-05 0.0192969 0.198913 6.36502e-06 0.16025 6.61016e-06 0.0129686 3.33644e-05 1.43041e-09 0.0139616 2.47363e-05 0.000755187 2.02617e-06 0.000515467 6.32189e-06 5.40998e-06 0.00074199 0.000268146 0.592035 6.88372e-05 
0.00671509 6.21448e-06 9.79228e-08 0.00439501 0.150789 0.0299819 9.28288e-06 0.00277561 0.00257822 0.00105749 7.03125e-06 2.44948e-05 0.000334385 8.09224e-08 0.0128703 4.67497e-05 0.0605146 1.02911e-05 6.05633e-06 0.00943658 6.3127e-05 0.0584722 0.017416 0.642341 0.000149112 
0.0108586 1.13196e-07 3.56145e-08 0.00429708 0.00752062 0.00106093 0.000219632 0.0172962 0.000851418 0.0748257 3.00573e-05 0.00277375 0.00252455 3.11531e-09 0.0054345 4.4929e-06 0.000823907 0.0240082 0.0666223 0.00817196 4.1229e-05 0.000386234 0.0495957 0.00717367 0.715479 
0.0602812 0.00015641 0.00154118 0.0542661 0.17322 0.00802403 0.00145531 0.0129778 0.0376792 0.0412704 0.000643895 0.000117687 0.000389627 2.97802e-08 0.000839436 6.94775e-06 0.000162742 0.000413135 0.00125876 0.00227425 1.32949e-06 0.0208533 0.549869 0.0322484 4.9109e-05 
0.000616835 1.85896e-06 7.23216e-10 0.000639658 0.0152984 0.00374603 0.940825 0.0125613 0.00181457 0.000509365 7.6528e-06 1.86459e-06 0.000161413 6.35877e-12 3.99468e-05 2.96793e-06 0.000358805 0.00216476 0.00210943 0.000144974 9.1797e-10 0.00195415 0.0154418 0.00157681 2.23905e-05 
0.00526263 0.00483433 3.33067e-09 0.000918783 0.107267 1.61056e-05 0.000865389 0.0654589 0.00403463 0.0130725 0.00030998 0.00155851 3.5834e-07 2.75243e-09 0.000118968 2.79276e-06 0.00805128 0.00279043 0.00634834 0.00202007 0.240662 0.0451873 0.159522 0.316207 0.0154903 
0.00466725 7.08503e-06 5.40563e-08 0.0221746 0.101971 0.00724982 0.0158777 0.0259295 0.00849345 0.0190093 0.00012777 4.12574e-05 0.00925691 4.46716e-08 0.105558 0.000348582 0.0215504 0.0392179 0.126598 0.00231814 2.11707e-06 0.00669072 0.00715578 0.475679 7.43874e-05 
0.0368636 0.00411731 1.25068e-06 0.021258 0.0714975 0.3892 0.0003161 0.116016 0.000972684 0.00181937 0.0260503 4.09563e-06 0.0803382 1.9404e-07 8.25747e-06 3.44875e-06 0.022279 0.00531107 0.00401045 0.113699 4.53022e-06 0.0342189 0.0528978 0.0191101 3.44957e-06 
0.000560435 2.8289e-06 4.48528e-10 0.000287836 0.0226924 0.00356409 0.928606 0.0133743 0.0023035 0.000628601 1.16779e-05 2.84523e-06 0.000210045 2.01895e-12 1.89154e-05 4.52069e-06 0.000231271 0.00315999 0.0021677 4.68335e-05 6.07049e-10 0.00134292 0.0189351 0.00181353 3.41838e-05 
0.0344542 1.8799e-05 0.000101467 0.0163586 0.0128624 0.0200412 7.20886e-05 0.00544213 0.00214357 0.00248541 0.000125118 2.41989e-05 0.0205905 1.22096e-06 0.00241888 1.0801e-05 0.0838002 0.00237059 0.010052 0.0165155 3.55428e-06 0.705784 0.0559717 0.00834137 1.08746e-05 
0.00242786 7.9439e-08 0.0036706 0.000441604 0.00329273 0.000673175 0.00010373 0.000529765 7.04456e-05 0.949707 1.65497e-05 0.0158761 6.16651e-05 6.52254e-09 0.00109524 1.53529e-05 0.000870133 0.00163544 0.000980026 0.00103725 1.05737e-07 0.000128321 0.0098285 0.00192976 0.00560846 
0.00301456 4.27513e-06 0.0018187 0.0158978 0.00430116 0.00579985 0.000962072 0.00309152 0.000126361 0.758055 0.0103084 0.0113033 0.0212341 8.89007e-09 0.000542914 0.000210741 0.0577297 0.0174422 0.00987318 0.00938597 9.58631e-08 0.00294415 0.048945 0.0120157 0.0049929 
0.021724 0.000106832 0.0164709 0.0119129 0.0315495 0.000635578 0.000513542 0.0173379 0.00412341 0.00178978 0.0294961 0.000123696 0.027467 3.45779e-07 0.000614627 0.000211589 0.00129215 0.00301481 0.00099001 0.0440581 6.81354e-05 0.053369 0.0552934 0.677786 5.08792e-05 
0.0163386 1.19123e-06 3.64407e-10 0.0120379 0.0611944 5.62823e-08 0.00128228 0.112514 9.09193e-07 0.0455246 0.00089276 0.000254527 0.000107005 3.01143e-10 0.0014965 1.26729e-06 0.00386225 0.0335557 0.000298052 0.000235465 3.89816e-06 0.00455264 0.00356183 0.702284 1.10252e-07 
0.00574031 0.000761963 0.000356546 0.0178764 0.0674476 0.00159611 0.00228216 0.0260804 0.012338 0.227741 5.10365e-07 6.46329e-06 0.000127112 3.09979e-08 0.0106313 0.000116372 0.00154893 0.00189135 0.00104736 0.00451541 1.06151e-07 0.00319788 0.14561 0.468382 0.000705004 
2.02565e-07 0.10698 4.01398e-10 0.00040711 0.249027 0.021892 0.00159796 0.10446 0.000375969 0.0008432 0.000529855 0.000251889 1.30218e-05 3.31711e-10 0.00642604 6.24628e-05 6.73071e-07 0.010792 6.62883e-07 1.27603e-07 3.42563e-07 0.00715781 0.0314047 0.457777 2.27761e-07 
0.0839252 0.000249642 0.00400883 0.00349383 0.00570118 0.0491702 0.00107474 0.0309459 4.5016e-05 0.00488648 0.000381871 0.000215379 0.0246023 7.66386e-06 0.000817105 8.94978e-05 0.422963 0.0123901 0.0147792 0.0144868 0.0432937 0.131596 0.0623524 0.0878184 0.000705422 
0.00347188 3.81277e-06 9.21455e-06 0.00507052 0.854165 0.0157325 0.00457311 0.0158567 0.00464088 0.0445956 0.00265376 1.91886e-05 0.000438897 7.65853e-09 0.00573898 4.14936e-08 2.09131e-05 0.00196287 0.00424186 0.000206392 1.27909e-08 0.00301471 0.0177135 0.0157665 0.000102819 
0.0215706 0.0027923 0.00016836 0.0150937 0.0543824 0.116041 0.0177826 0.0428548 0.00352059 0.00651217 0.00792169 5.79756e-05 0.00601816 2.98992e-05 0.000106388 4.4351e-05 0.0648974 0.0239868 0.0266049 0.00911112 0.000264661 0.0671203 0.493308 0.0181248 0.00168415 
0.0332252 0.000281934 1.27394e-07 0.295769 0.0316255 0.0251799 0.000176236 0.0310268 0.00494797 0.000603206 0.0013112 4.40405e-06 0.0775002 3.98547e-08 0.0258259 6.45282e-06 0.23465 0.0296544 0.0296091 0.00368439 1.99377e-06 0.0226761 0.0823479 0.0692617 0.00063083 
0.0220525 0.000107205 5.05676e-05 0.0587057 0.00947141 0.00852987 0.000437859 0.0131745 0.000570579 0.000710257 0.00182739 6.17422e-05 0.00495973 1.31192e-06 0.53355 6.75514e-05 0.00468183 0.00177196 0.0535136 0.00239066 0.000122405 0.107166 0.140493 0.035453 0.000128972 
0.0189369 0.0448325 0.00447407 0.00447776 0.110835 0.0104487 0.122351 0.010823 0.00906248 0.00840773 0.0148952 0.000775292 0.00481924 0.000126764 0.00371735 0.000156346 0.0624723 0.00790781 0.00487514 0.0973549 0.0440402 0.0282293 0.0752662 0.27849 0.0322245 
0.0205999 6.98641e-06 0.000569205 0.00333125 0.0135164 0.00390907 0.000599424 0.0216572 0.000491971 0.787906 6.29336e-05 5.51513e-05 0.000594296 1.77923e-07 0.00274049 7.1697e-06 0.00360586 0.000231198 0.0236727 0.00165491 6.76825e-05 0.00902188 0.0493024 0.0559116 0.000484009 
0.000587265 3.5651e-06 2.79743e-09 0.000304061 0.0229146 0.00444522 0.921344 0.0140892 0.00253628 0.000757258 1.60499e-05 3.06384e-06 0.000218504 2.04641e-12 2.21834e-05 4.78482e-06 0.000281746 0.00348943 0.00243659 5.16154e-05 2.83162e-08 0.00138214 0.0231359 0.00193962 3.65102e-05 
0.0906806 9.74015e-05 6.78536e-09 0.0622927 0.0239082 0.0136453 0.00957077 0.0248317 0.00831142 0.00680714 2.95789e-05 9.11372e-05 0.00132896 5.60735e-09 0.0592387 8.76031e-05 0.0108654 0.000905246 0.0100044 0.000571626 6.99609e-06 0.203762 0.0669478 0.406014 1.92908e-06 
0.0119723 1.10433e-05 4.05809e-09 0.000145371 0.74215 0.00605581 0.0650506 0.00805217 0.012381 0.000714019 0.000257688 3.82108e-06 0.00397835 4.03337e-10 0.00205028 4.92421e-06 0.0174119 0.0111178 0.00029366 0.000402394 2.64927e-05 0.000255312 0.0644411 0.0532234 1.10381e-07 
0.0309305 0.00551264 0.00486023 0.0057925 0.0436741 0.0350599 0.0300366 0.0354542 0.0116163 0.0156954 0.0071347 3.91525e-05 0.0157053 1.21608e-05 0.00156208 0.33757 0.224187 0.0147101 0.00322341 0.0026614 0.00203288 0.110456 0.0476796 0.0141962 0.000197448 
0.0645587 0.000100132 2.0738e-05 0.00404236 0.100393 0.0125439 0.0151548 0.115125 0.0041253 0.00962442 8.62342e-06 0.00026635 0.00347475 1.87529e-11 8.12869e-05 4.21015e-08 0.000202473 0.000118702 0.0673617 6.03362e-05 1.01741e-06 0.0327541 0.51381 0.0560189 0.000153273 
0.0130836 0.505872 1.75514e-09 0.0113431 0.00397738 0.00588195 0.00050706 0.0775654 0.000211602 0.0108121 0.000371571 3.89926e-06 0.000145715 5.98883e-11 0.000205842 2.37809e-08 0.00749775 0.000663449 0.00244648 2.66202e-07 0.000278026 0.00253988 0.340556 0.0160368 2.57492e-07 
0.018002 0.00164313 0.000421421 0.0109291 0.132396 0.0407514 0.010868 0.013065 0.0114058 0.00220619 4.87387e-05 1.25953e-05 0.000299594 9.76781e-07 9.75101e-05 4.35917e-06 0.000606499 0.0222023 0.00180145 0.00112494 3.00107e-06 0.0187964 0.698054 0.0150957 0.000163281 
0.029801 0.072 0.0487336 0.000395579 0.0779396 0.00454208 0.0010924 0.0190892 0.000193474 0.0477715 1.17857e-05 0.00109565 0.00487376 4.28003e-06 0.000101535 0.000317091 0.00311983 0.0168097 0.00139826 0.000127188 3.52049e-05 0.0382119 0.0345134 0.597776 4.59546e-05 
0.0333311 0.000572567 4.85365e-06 0.0280583 0.0381658 0.0117149 0.00468543 0.108466 0.00099685 0.0584187 0.00205075 0.000853704 0.000901618 6.58342e-07 0.00284211 1.08555e-05 0.000374245 0.0129498 0.01981 0.0803866 8.68862e-05 0.00383629 0.00585081 0.58356 0.002071 
0.0151275 5.86364e-10 1.08347e-09 0.000236296 0.00612139 0.0013402 0.000317158 0.000844371 0.00124451 0.0142961 3.00026e-08 0.000396045 0.000102696 1.22684e-10 1.30548e-08 5.29769e-06 0.00115309 0.0233312 0.00880405 7.32899e-05 6.195e-08 0.00057857 0.0181511 0.0035955 0.904282 
0.000560435 2.8289e-06 4.48528e-10 0.000287836 0.0226924 0.00356409 0.928606 0.0133743 0.0023035 0.000628601 1.16779e-05 2.84523e-06 0.000210045 2.01895e-12 1.89154e-05 4.52069e-06 0.000231271 0.00315999 0.0021677 4.68335e-05 6.07049e-10 0.00134292 0.0189351 0.00181353 3.41838e-05 
0.155653 0.0305592 9.41853e-09 0.023818 0.34491 0.00716158 0.0583014 0.0194984 0.00418439 0.112201 9.74107e-05 0.00274443 7.18418e-06 1.38321e-09 0.00886011 4.46709e-05 0.0095416 0.0209086 0.00278758 0.0024208 8.89207e-05 0.0169676 0.0430311 0.133465 0.00274714 
