0.00781447 0.000606637 6.37325e-05 0.0802103 0.0300251 0.212905 0.00354125 0.0754219 0.007722 0.00830127 0.00146033 2.69767e-05 0.00707358 0.242013 0.00108823 0.0013263 0.00192793 0.0117768 0.00161263 0.0153264 1.00492e-06 0.0635743 0.209002 0.0168983 0.000280015 
0.0293699 1.58186e-09 1.92054e-09 0.0177025 0.0443571 0.00916989 0.172017 0.0509076 0.0105322 0.0546677 0.00515682 0.000786394 0.00136903 0.276025 7.12948e-06 2.83024e-06 0.00716296 0.0122462 0.0282671 0.000596733 0.0636005 0.0351025 0.0625445 0.117226 0.00118246 
0.217864 2.62003e-08 1.19055e-10 0.0400297 0.0605296 0.0683139 0.0087502 0.0538058 0.0049947 0.0309455 0.0105784 2.51257e-08 0.00283465 0.285467 2.99728e-09 1.71547e-05 0.00181938 0.000390603 0.00633698 0.110006 5.23957e-08 0.080462 0.0097334 0.00633801 0.000782659 
0.150372 4.74213e-10 5.75741e-10 0.0242762 0.00365049 0.00336204 0.00191765 0.00693098 0.000544592 3.36517e-05 0.270145 3.59536e-06 0.00319055 0.482497 1.7151e-07 2.35627e-06 0.00830695 4.98386e-06 0.000730244 0.0155771 6.82474e-05 0.00364008 0.0173912 0.00578564 0.00156909 
0.0629932 2.25793e-06 1.522e-08 0.00387485 0.015386 0.00151474 0.000422177 0.00244843 1.33479e-05 3.6269e-05 0.000662197 3.85333e-07 0.000441212 0.885872 5.20836e-07 2.0326e-08 0.00337461 0.000620807 0.000789362 0.0100031 5.94747e-07 0.00127719 0.00530992 0.00449049 0.000465867 
0.0681267 3.13977e-08 0.00022998 0.417602 0.00128963 0.0158616 0.00020328 0.00219909 0.00278924 0.000344825 0.000259365 2.26802e-07 0.00235565 0.435339 0.000326312 5.09082e-08 3.16401e-05 2.58097e-06 0.000967905 0.0180663 3.61334e-07 0.0140319 0.0187975 0.000988157 0.000187302 
0.0835624 1.64061e-06 1.06381e-08 0.0144485 0.132731 0.0191075 0.00569401 0.0745604 0.00682684 0.0037371 0.0318363 1.12373e-05 0.00663616 0.26221 0.003785 1.40893e-06 0.00697557 0.00301765 0.00341607 0.0137416 1.00677e-06 0.171844 0.140337 0.015375 0.000143437 
0.00391222 1.16569e-06 0.096416 0.00626869 0.188445 0.0156952 0.0277172 0.0267481 0.0169117 0.000378981 0.0281659 4.21225e-05 0.000224376 0.532173 0.00209287 9.9851e-11 1.98717e-09 0.0142401 0.00122914 0.00711597 1.1592e-07 0.0114277 0.00594838 0.0139539 0.000892793 
4.48086e-05 2.56495e-06 3.1141e-06 3.54599e-07 1.59004e-07 1.10902e-05 1.19619e-05 3.82268e-07 7.89699e-07 7.55099e-07 9.97978e-05 3.42014e-05 7.73923e-06 0.54894 0.000454417 4.1588e-06 2.58237e-05 3.11537e-07 4.87276e-07 5.72014e-05 1.90809e-06 0.0184725 1.37223e-07 0.431824 1.7845e-06 
0.0255249 8.72435e-06 5.67355e-07 0.0136733 0.230828 0.00989341 0.0186374 0.126938 0.00869266 0.018145 0.000134459 4.90759e-07 0.0278546 0.282221 0.000800645 3.85963e-05 0.00975387 0.000346931 0.00483646 0.10238 7.46595e-05 0.0179004 0.0926153 0.00638052 0.00231902 
0.00765711 7.24259e-07 0.00017646 0.0077754 0.237583 0.00925987 0.189521 0.0161702 0.000937558 0.000202044 1.08883e-05 2.28802e-05 5.60521e-05 0.459247 1.52077e-05 8.84538e-06 0.000154192 0.00430533 0.0238381 0.000786413 6.94339e-07 0.00863737 0.0150811 0.0172653 0.00128799 
0.0194097 0.00613039 2.40015e-06 0.127523 0.01364 0.00524868 0.00256384 0.00592229 0.00493066 0.0105927 0.034189 0.00175033 0.00864378 0.480991 0.0497657 0.00032374 0.00436014 0.00333782 3.75562e-07 0.025726 0.00132504 0.00533652 1.05763e-07 0.178933 0.00935397 
0.0292671 1.82816e-08 2.21956e-08 0.00411231 0.00012557 0.0015096 0.000248899 0.000664803 0.000105822 0.00139662 0.00255783 5.21478e-05 0.0033635 0.92999 6.49825e-05 2.96417e-08 0.00205587 0.000109471 0.0028538 0.0158432 6.39328e-05 0.000634016 0.00363015 0.000265632 0.00108494 
0.00516897 0.0121835 6.31212e-06 0.0194797 0.0362161 0.139903 0.0116965 0.00577796 0.00623511 0.00108051 0.000722418 0.00451332 0.00109275 0.604218 0.0014007 9.47597e-06 0.00501446 0.00923528 0.00637996 0.00347411 9.05596e-06 0.0664072 0.0510617 0.00868019 3.38487e-05 
0.0934038 2.08914e-07 1.05584e-09 2.75099e-06 0.0222363 0.170845 5.0443e-07 0.018444 0.0100542 1.04848e-06 0.00789279 1.04598e-07 0.00677214 0.260103 2.39809e-06 3.85258e-07 0.0874581 0.259428 8.74667e-07 0.0108003 3.62252e-08 0.0247593 0.0217096 0.00381071 0.0022745 
0.00762726 5.15215e-08 1.25608e-05 0.0077471 0.0162204 0.130663 0.188726 0.0965583 0.000915088 3.61237e-05 3.40642e-06 4.07803e-06 5.31449e-05 0.383753 6.29013e-06 1.45593e-06 9.89704e-05 0.00410205 0.131491 0.000776229 8.83428e-08 0.0146853 0.0150485 0.000206082 0.00126452 
0.0846381 4.88838e-06 2.08883e-05 0.00647162 0.0446528 0.17095 0.00373201 0.000615618 1.07295e-05 0.123714 0.0835858 9.39468e-05 1.05694e-05 0.240197 8.48415e-06 3.55767e-06 0.000979617 0.00180312 0.00311895 0.000606307 2.46896e-07 0.0703879 0.158629 0.00540674 0.000359226 
0.022966 0.000153873 1.52542e-06 0.00237378 0.0103293 0.00619908 0.0016025 0.00446469 0.00159548 0.00591842 0.000811305 0.00511528 0.000704627 0.901381 0.000101436 7.99892e-06 0.00271311 0.00721728 0.00892333 0.00374279 1.47999e-05 0.00429081 0.00758888 0.0013 0.00048297 
0.0583034 8.74988e-06 4.61858e-05 0.0327475 0.102961 0.0519074 0.00189162 0.0690431 0.0140191 0.0254073 0.00132464 7.22816e-05 0.000398665 0.313826 0.000492046 1.78425e-05 0.00574929 0.00665201 0.0015084 0.0332272 1.43652e-07 0.0447683 0.2094 0.0261385 9.02223e-05 
0.00724984 3.66809e-07 4.45341e-07 4.02093e-06 2.79543e-05 2.53117e-05 1.78316e-05 1.50835e-05 6.02378e-06 1.07985e-07 0.000682214 7.21546e-08 0.00321529 0.867388 0.000968658 5.94742e-07 0.000128709 4.45415e-07 7.16267e-06 0.00612091 3.3537e-07 0.00568754 1.64397e-05 0.108395 4.08496e-05 
0.0551338 1.61206e-10 1.9572e-10 0.0107173 0.110545 0.0192118 0.00803547 0.000161698 0.0207272 0.0542173 0.000680041 6.40691e-09 0.00163606 0.68428 3.09508e-08 2.26611e-05 0.00337006 2.42576e-05 0.00108079 0.00220708 5.37139e-08 0.00909983 0.00150461 0.00545937 0.0118854 
0.0183356 0.160729 7.18283e-08 0.052187 0.0192407 0.164266 3.31136e-05 0.032521 0.00222576 1.74168e-08 1.23598e-05 1.26421e-05 3.08161e-06 0.499748 0.000689847 9.5925e-08 0.000319522 0.000275788 1.33174e-05 2.41672e-05 6.38545e-05 0.00450078 2.89052e-05 0.0422925 0.00247722 
0.0150898 4.35381e-06 4.16657e-09 0.00410207 0.00734802 0.0147192 0.00079935 0.00108995 0.00640052 0.00358264 0.000413452 6.67861e-08 0.000120501 0.92351 8.92308e-07 2.47811e-06 0.000535896 0.000764132 0.00117207 0.00167087 2.18473e-07 0.0128857 0.0055338 3.2507e-05 0.000221808 
0.00724984 3.66809e-07 4.45341e-07 4.02093e-06 2.79543e-05 2.53117e-05 1.78316e-05 1.50835e-05 6.02378e-06 1.07985e-07 0.000682214 7.21546e-08 0.00321529 0.867388 0.000968658 5.94742e-07 0.000128709 4.45415e-07 7.16267e-06 0.00612091 3.3537e-07 0.00568754 1.64397e-05 0.108395 4.08496e-05 
0.047937 2.35615e-08 2.86059e-08 0.00225494 0.00263228 0.00802041 0.00174982 0.00332414 0.00129995 0.041228 0.00341498 0.0271574 0.00140185 0.293384 0.000308123 0.000254205 0.21215 0.000736261 0.0326123 0.0339826 0.216858 0.0259545 0.0243312 0.0188667 0.000141577 
0.0138966 1.2614e-05 3.07849e-06 0.04509 0.026819 0.127101 0.00385577 0.0324715 0.00338563 0.000531302 0.0147483 1.68179e-05 0.00160621 0.64225 0.0010442 0.000195516 0.00837848 0.00146956 0.00295811 0.0229351 4.02158e-07 0.00275554 0.0323219 0.0160456 0.000107593 
0.00257326 6.20331e-05 0.000608345 0.00426768 0.0998303 0.0274257 0.00908275 0.327882 0.0104303 0.000319769 2.90421e-06 0.000143311 4.74302e-05 0.332974 0.00599597 5.07011e-05 0.000310523 2.94155e-05 0.00194944 1.91235e-05 7.27319e-05 0.0206713 0.111018 0.0441983 3.46596e-05 
3.36508e-05 2.66344e-08 3.23367e-08 0.000673208 0.0908717 4.09999e-05 0.00460805 0.00245394 0.00217861 7.84094e-09 8.82061e-06 5.23923e-09 2.26124e-06 0.870026 0.00148459 4.31849e-08 3.691e-08 0.0266588 1.12565e-05 2.0742e-05 1.22893e-05 4.92949e-05 0.000710816 9.02811e-05 6.46308e-05 
0.069253 7.91978e-06 0.000576127 0.0122187 0.0761695 0.0208272 0.00241003 0.0478211 0.0262992 0.0136166 0.0141905 0.000111133 0.00370038 0.190635 0.000156734 0.00055801 0.1413 0.00111706 0.0596035 0.185144 1.13404e-05 0.0368967 0.0721369 0.0251812 5.80978e-05 
0.000557116 0.00016279 7.42388e-07 0.0198822 0.00239733 0.00546244 0.00237733 0.202249 0.000360996 0.186751 2.46457e-05 8.0509e-06 0.0657361 0.208421 0.000382452 0.000105542 0.0143985 2.84988e-06 0.00104413 0.000269885 1.91133e-05 0.0390284 0.175403 0.0748694 8.45158e-05 
0.00508664 6.04504e-07 6.04274e-07 6.05431e-07 0.0464435 0.00472321 0.0171905 6.05419e-07 6.0525e-07 6.05263e-07 0.00266269 6.05368e-07 6.05307e-07 0.902218 6.04782e-07 6.03835e-07 6.05385e-07 0.00460202 0.000848129 6.0532e-07 6.0478e-07 0.000969243 6.0552e-07 0.00532801 0.00991987 
0.00588068 1.77523e-06 2.1553e-06 0.0384977 0.0599966 7.89852e-06 0.00330229 0.248308 0.187611 5.22612e-07 1.01001e-05 2.63882e-05 1.81719e-06 0.342403 1.38191e-06 2.66868e-05 0.00116869 0.000428977 0.00211515 0.0222692 1.4564e-06 0.00060918 0.0165427 0.0707658 2.09614e-05 
0.0429108 4.5465e-05 9.50732e-08 0.0300007 0.00250188 2.68199e-05 1.99421e-05 0.00554646 0.000663695 0.000489311 0.00615075 1.26874e-05 0.00924196 0.366021 9.83475e-08 1.26968e-07 0.000192104 5.14167e-05 0.000947245 0.20573 1.3938e-07 0.205405 0.11758 0.00641686 4.49874e-05 
2.94923e-05 8.41855e-08 1.02209e-07 0.000163869 0.000397364 0.00334709 0.00368844 0.00886554 5.43729e-06 2.47835e-08 7.65492e-06 1.65601e-08 1.09671e-06 0.979094 7.2553e-08 1.36498e-07 2.29764e-08 2.577e-07 0.00285242 1.54282e-05 8.35419e-08 0.00132641 2.69089e-05 0.000129855 4.82352e-05 
0.00131154 0.000133589 5.20706e-06 0.00710114 0.00120625 0.00173406 0.00228794 0.000909554 0.000456154 4.61099e-06 8.54083e-05 2.71772e-09 1.79945e-06 0.917608 0.000670147 3.04544e-07 2.21792e-06 2.93807e-05 0.000184322 0.00371589 8.33873e-08 0.0407436 0.00565379 0.00575481 0.0104006 
1.59272e-05 0.000134936 4.74282e-06 0.00994904 0.0107422 0.0596322 0.000127715 0.000268912 0.00115002 4.13978e-07 0.000268935 0.0319304 4.81515e-06 0.51998 0.0408403 1.03978e-05 0.00829254 8.01356e-07 7.66239e-05 0.00236941 4.49366e-07 0.310418 5.89795e-05 0.00370033 2.27658e-05 
0.00568814 4.0778e-06 3.90153e-11 0.00863922 0.106334 0.187296 0.167649 0.00584075 0.0448581 0.000378662 0.00111811 2.01462e-06 0.00201265 0.207041 0.00193166 2.02504e-06 0.0071498 0.197778 0.00773918 0.00352257 2.83083e-08 0.0146798 0.0229926 0.00557265 0.00176883 
0.101368 1.13264e-06 7.32556e-10 0.0023453 0.153452 0.00713451 0.000423624 0.0499489 2.0838e-07 0.00815562 0.0175562 0.0827155 0.014879 0.229374 7.47702e-07 9.78311e-10 0.0180739 0.010744 0.0396661 0.0762783 4.48857e-10 0.00539144 0.00696998 0.000192234 0.17533 
0.0332053 3.60689e-06 6.64541e-08 0.159945 0.0186661 0.0112813 0.0214977 1.55051e-05 0.0232521 3.23868e-05 0.0164398 1.27224e-07 1.69887e-06 0.504879 6.97298e-08 8.87479e-08 0.00400986 4.67169e-07 7.7039e-06 0.0320587 9.9407e-08 0.148028 1.66401e-05 0.0266161 4.24105e-05 
4.12717e-05 4.11198e-09 4.99234e-09 0.000187104 0.0225225 5.3121e-05 0.00107595 0.000594538 0.000460457 1.21053e-09 1.08091e-05 8.08864e-10 1.12335e-06 0.925409 4.46153e-05 6.66715e-09 0.00365141 0.0422219 8.87707e-06 2.03784e-05 3.46838e-07 0.000695986 0.00152449 0.00141207 6.3783e-05 
0.0200084 8.59463e-05 0.000242139 0.00505788 0.0288562 0.087034 0.00373796 0.00744228 0.00235892 0.0111985 0.00252588 0.016192 0.00142129 0.557149 0.000765505 3.67462e-05 0.00874099 0.0008247 0.0516412 0.0403165 6.88922e-06 0.120209 0.0165676 0.0174054 0.000175251 
0.0159549 0.000471932 2.62705e-07 0.233522 0.00845291 2.53058e-05 0.00624693 0.00455399 0.000182707 6.37001e-08 0.0158857 1.04407e-06 0.00416152 0.288902 0.12978 7.57376e-06 0.00290463 0.0139279 0.000366435 0.190278 2.50357e-07 0.027742 0.0316707 0.000595053 0.024367 
1.02464e-06 1.09998e-05 1.33548e-05 1.52069e-06 6.81889e-07 1.20178e-06 3.10053e-06 1.63935e-06 3.38662e-06 3.23824e-06 5.72973e-06 2.16376e-06 2.7799e-06 0.999895 8.14397e-06 1.7835e-05 1.9884e-06 1.33603e-06 2.08968e-06 2.65075e-06 8.18284e-06 1.8792e-06 5.88482e-07 1.97072e-06 7.6528e-06 
1.00491e-06 3.77952e-06 6.0012e-07 6.8335e-08 0.0354492 0.00329896 1.09429e-05 0.0121322 1.97281e-06 1.45516e-07 0.00153195 0.000242665 2.61569e-06 0.9383 3.65963e-07 2.75456e-06 8.93522e-08 2.43472e-05 0.00431451 1.19116e-07 7.04773e-06 0.0041418 0.000189457 8.85575e-08 0.000343511 
1.26711e-05 1.19488e-07 1.4507e-07 8.30468e-05 0.000564143 0.005001 0.000654768 0.0133694 3.19346e-06 3.51763e-08 2.59966e-06 2.35044e-08 7.2426e-07 0.973777 9.9171e-08 1.93738e-07 2.94406e-08 1.89097e-07 0.00432793 7.42706e-06 1.104e-07 0.00196608 1.00836e-05 0.000195906 2.32353e-05 
1.92532e-05 5.96251e-08 7.23907e-08 2.30811e-06 0.0527464 2.34416e-05 1.58548e-05 0.0132515 0.000440277 1.75531e-08 4.12906e-06 1.17288e-08 1.12647e-06 0.899726 6.21608e-08 9.6676e-08 3.62758e-05 2.15175e-05 6.1691e-06 1.14042e-05 8.05592e-08 0.000347174 0.00010612 0.0332045 3.56503e-05 
0.0365777 3.62499e-08 4.40109e-08 0.00389736 4.93562e-05 0.0409261 3.45105e-05 2.82184e-05 1.22616e-05 1.06717e-08 0.00181095 7.13069e-09 0.004066 0.666402 1.02746e-07 5.87755e-08 0.00134542 9.31119e-07 0.000148253 2.52693e-05 1.79506e-07 0.238216 2.9635e-05 0.000374725 0.00605563 
0.0226878 7.80808e-06 7.80511e-06 7.82006e-06 0.0578841 0.10011 7.81805e-06 0.216619 7.81772e-06 0.0242433 0.00391518 0.00782706 7.81846e-06 0.248304 7.81168e-06 7.79945e-06 7.81947e-06 7.82029e-06 7.81934e-06 0.0563019 7.81165e-06 7.81961e-06 0.132186 0.129812 7.81234e-06 
3.89228e-05 1.83435e-06 2.22708e-06 1.13281e-05 5.02439e-05 4.748e-05 3.60343e-05 2.95964e-05 1.33926e-05 5.40017e-07 1.5986e-05 3.60834e-07 4.05319e-06 0.999524 1.44486e-06 2.97421e-06 3.95133e-07 1.2308e-06 1.49236e-05 2.69078e-05 1.53892e-06 5.67829e-05 3.05779e-05 4.24956e-06 8.31137e-05 
3.20626e-05 8.41986e-09 1.02225e-08 0.000107424 0.0638466 0.00427231 0.00350142 0.015932 0.00192201 0.000659033 8.18533e-06 1.65626e-09 9.77725e-07 0.514047 0.0027356 6.66435e-06 0.00245291 0.0707136 7.26644e-06 3.55833e-05 3.23332e-05 0.286346 0.0277441 0.00531086 0.000285976 
0.267255 0.00024273 2.16347e-09 0.00228497 0.0492282 0.0308665 0.000149275 0.0143065 5.85609e-06 0.0114523 0.00979168 0.0177208 0.00731693 0.427891 5.8202e-05 4.98278e-07 0.00564399 0.00505391 0.0612046 0.01984 1.90532e-07 0.0122232 0.0220344 0.000702726 0.0347268 
0.00712768 7.94361e-09 3.2757e-09 0.0308887 0.0783442 0.0930079 0.0595758 0.0544417 0.0316605 1.50893e-08 0.00458863 1.12928e-06 3.98049e-05 0.282635 1.04186e-06 7.63358e-09 3.06527e-06 0.000951582 0.00209835 0.000807285 6.93694e-10 0.156458 0.194432 0.00105367 0.00188355 
0.0711603 0.0158581 0.00011173 0.0158839 0.0159586 0.0244203 0.00231091 0.00709487 0.000933124 0.000811889 0.0055592 1.11511e-05 0.00334923 0.543584 9.5801e-05 2.03543e-05 0.00222779 0.000145605 0.00486994 0.107281 1.06809e-05 0.150389 0.0268026 0.00048578 0.000624412 
0.00013126 0.000131049 0.000130999 0.078881 0.380807 0.000131256 0.000131216 0.000131247 0.00013121 0.000131213 0.00013116 0.000131236 0.000131223 0.537426 0.000131109 0.000130904 0.00013124 0.000131253 0.000131237 0.000131225 0.000131108 0.000131242 0.000131269 0.00013124 0.00013112 
8.79561e-06 7.20822e-07 8.75149e-07 0.00334116 0.00123927 1.07333e-05 0.000489251 6.82311e-06 0.00222992 7.70244e-05 0.000127534 5.78326e-05 1.00539e-05 0.859886 0.000596131 0.00010182 1.46574e-07 3.3753e-07 0.000363932 6.32067e-06 5.80873e-07 0.0329356 0.00133941 0.0971505 1.94678e-05 
3.45084e-05 1.72145e-09 2.09e-09 4.88113e-05 2.07134e-05 4.35963e-05 1.92156e-05 3.48149e-05 1.34625e-05 5.06779e-10 5.19195e-05 3.38624e-10 7.74435e-06 0.980828 3.8363e-07 2.79115e-09 2.80375e-07 2.38379e-06 1.73003e-05 0.0187053 7.69641e-07 3.17034e-05 2.74725e-05 3.08414e-10 0.000111622 
0.0412385 7.7694e-07 1.40518e-08 0.0495646 0.0998488 0.0289267 0.00190797 0.263388 0.0019393 0.0268706 0.0244376 2.31696e-05 0.00162876 0.307793 2.21916e-05 7.80596e-07 0.00031386 0.0986015 0.0152493 0.00145723 5.14871e-06 0.0139736 0.0128603 0.00952827 0.000420451 
0.0727789 6.94215e-07 6.26752e-09 0.0222736 0.0571019 0.0140984 0.00131701 0.0165142 0.0190937 0.00135215 0.122449 6.55094e-07 0.0277699 0.545539 6.64281e-06 8.37012e-09 0.0120785 0.000266534 0.00657064 0.0141399 1.06306e-06 0.0224533 0.0334512 0.00907496 0.00166869 
0.0993636 0.00107304 1.6663e-08 0.0096066 0.0147974 0.0299255 0.00195742 0.090109 0.00104862 0.0050805 0.000600061 2.39077e-06 0.00656784 0.352265 2.16149e-05 2.15965e-05 0.159786 5.48927e-05 0.0132707 0.0287794 0.000194045 0.0632758 0.0818429 0.0402778 7.83893e-05 
0.116445 4.46647e-05 0.000413824 0.0543842 0.0322707 0.131123 0.00658877 0.0155429 0.0104994 0.00562521 0.00745974 0.0276536 0.0632797 0.20866 0.000122481 1.11863e-05 0.00400546 0.000321829 0.0191176 0.0769609 1.91829e-05 0.1327 0.0847369 0.000465974 0.00154818 
0.0914796 3.51083e-07 4.26248e-07 0.00242072 0.000967325 0.00136173 0.000129288 0.00038176 2.88382e-05 3.9822e-05 0.000516911 1.55201e-06 0.000370187 0.859882 2.1913e-06 5.69244e-07 0.0163513 9.2508e-06 0.000867297 0.00614195 8.2463e-05 0.000472518 0.00392659 0.0140883 0.000476768 
0.00607094 3.13897e-05 2.4663e-07 0.00277116 0.192685 0.0110854 0.166211 0.00372098 0.0284282 0.00162603 0.00661782 1.10335e-10 1.91115e-05 0.376636 0.0158852 1.62093e-05 0.00488534 0.00090196 0.00377538 9.58561e-05 3.43012e-05 0.163127 0.00101468 0.00212386 0.0122369 
0.0356957 7.16032e-06 1.56455e-07 0.0130534 0.0142623 0.034702 0.0110975 0.054285 0.00805964 0.00144418 0.00179657 6.49226e-05 0.00440195 0.303935 0.000105723 4.51697e-06 0.0533269 0.0018873 0.171539 0.00138105 2.05035e-06 0.208167 0.0618287 0.0180318 0.000920974 
0.0321363 3.12117e-08 3.78941e-08 0.0626255 0.0255188 0.016045 0.000998103 0.017959 0.0854641 1.95306e-06 0.00128702 7.87166e-08 0.000345229 0.658741 5.14465e-05 5.06066e-08 0.00150561 1.87466e-05 0.000377634 0.0724318 1.5067e-07 0.0197499 0.000996708 0.00361245 0.000133201 
0.0467977 2.1711e-07 2.17028e-07 0.0445979 0.0422117 0.0504062 0.00860877 0.0295067 0.00552161 2.17383e-07 0.0125816 2.17421e-07 0.00386992 0.613399 6.53803e-05 2.1687e-07 0.000195902 0.00247914 0.0115019 0.0195665 0.000130543 0.0234392 0.064873 2.17427e-07 0.0202459 
0.10341 0.000435851 2.05689e-06 0.0184698 0.0103681 0.01322 0.00307074 0.00781416 0.00526388 0.00102488 0.00127445 3.97275e-07 0.035076 0.725134 4.1503e-06 5.73066e-07 0.00203868 0.00054429 0.00102516 0.0111069 3.30043e-06 0.0375246 0.0224377 0.000518287 0.000231896 
9.09286e-06 9.76143e-05 0.000118513 1.3495e-05 6.05123e-06 1.06649e-05 2.75148e-05 1.4548e-05 3.00536e-05 2.87368e-05 5.08468e-05 1.92016e-05 2.46695e-05 0.999067 7.22713e-05 0.000158272 1.76455e-05 1.18562e-05 1.85443e-05 2.35233e-05 7.26163e-05 1.66764e-05 5.22231e-06 1.74886e-05 6.79126e-05 
0.0313073 1.8592e-05 8.7074e-08 0.0223727 0.0786509 0.0446184 0.0552288 0.0475391 0.00823937 0.00131892 0.00202521 7.02225e-05 0.00668853 0.259967 6.46983e-05 4.28793e-06 0.0325252 0.00618027 0.159698 0.00106697 1.49923e-06 0.13443 0.0916611 0.0149578 0.00136495 
0.116311 0.000446396 7.09494e-11 0.0376245 0.0979845 0.14778 0.0156882 0.0306082 0.0631313 0.00793134 0.000308385 1.06269e-07 5.86733e-07 0.314457 6.01261e-09 8.85813e-06 0.0265372 0.000826137 0.006704 0.00463549 5.14047e-05 0.0576823 0.0462249 0.0243947 0.000663804 
0.128217 2.76796e-05 6.72587e-07 0.00244783 0.00880868 0.208705 0.000605296 0.00135593 0.00235992 0.000374764 0.0109865 0.00155578 0.00635846 0.303499 4.10155e-07 4.11328e-05 0.210275 0.00213504 0.00065528 0.0415524 3.8662e-06 0.032189 0.0282887 0.00899145 0.000565633 
0.19523 0.000367799 0.118459 0.0130325 0.00383309 0.00407225 0.000468233 0.00190161 0.00036518 0.00989196 0.0101341 3.34891e-05 0.00835154 0.560151 4.64948e-06 1.24027e-05 0.0112926 0.000128179 0.00584747 0.0309615 6.06475e-06 0.0145662 0.0102313 0.000562422 9.49416e-05 
0.0530004 6.60789e-05 3.98595e-08 0.0187555 0.0237161 0.0619977 0.000891498 0.147226 0.000631327 0.000253002 0.00567765 2.86094e-05 0.0614067 0.323373 0.000399602 6.40106e-06 0.0101453 0.0187952 0.0108549 0.161872 1.76995e-05 0.065028 0.0332058 0.00236188 0.000289562 
0.106616 0.0124218 0.000121222 0.0286978 0.0611358 0.0689958 0.00449779 0.0641093 0.0046924 0.010934 0.0373264 0.00347952 0.00493468 0.305778 0.00027338 2.3588e-05 0.0289354 0.00526976 0.0292681 0.00864995 6.71426e-05 0.108831 0.0905284 0.0142416 0.000170382 
0.0185998 2.85081e-06 3.11703e-08 0.239255 0.00845066 0.14028 0.000185012 0.00125899 0.0136259 4.40224e-05 0.000129509 5.05025e-09 3.24772e-07 0.488772 3.47234e-08 2.73724e-06 1.23374e-05 0.00371464 0.0380069 0.0241967 4.1417e-07 0.0108291 0.0125809 2.42495e-06 4.85999e-05 
0.091353 2.157e-09 2.61881e-09 0.0106784 0.0210452 0.0175324 0.0527671 0.0139294 0.00937618 0.000172034 0.000471619 2.41948e-08 0.00010664 0.480765 4.41119e-08 3.49736e-09 0.00128752 0.000623981 0.00132079 0.00204184 6.09715e-08 0.0230204 0.26912 0.00385939 0.00052917 
0.00200939 7.43839e-08 9.03092e-08 0.0189565 7.28282e-05 0.0119727 4.32948e-05 0.000791689 1.11043e-05 2.1898e-08 1.54196e-05 1.4632e-08 0.00092627 0.96143 7.0549e-08 3.36253e-05 2.53602e-08 4.79097e-07 1.49382e-05 3.21914e-05 8.72288e-08 0.00232547 5.70945e-05 4.08078e-06 0.00130298 
0.0255936 3.81026e-05 7.67224e-09 0.065408 0.0189075 0.0833372 0.00069155 0.137858 0.00127808 0.000427123 0.00460755 7.80467e-05 0.107561 0.316885 0.00855945 2.34343e-06 0.0154396 0.105438 0.00332484 0.0268716 2.79137e-07 0.00577592 0.0471839 0.0209653 0.00376722 
0.00568814 4.0778e-06 3.90153e-11 0.00863922 0.106334 0.187296 0.167649 0.00584075 0.0448581 0.000378662 0.00111811 2.01462e-06 0.00201265 0.207041 0.00193166 2.02504e-06 0.0071498 0.197778 0.00773918 0.00352257 2.83083e-08 0.0146798 0.0229926 0.00557265 0.00176883 
1.22368e-05 5.488e-06 6.66296e-06 1.73443e-05 0.000520503 1.54132e-05 8.07603e-06 1.26476e-05 6.26391e-06 1.61562e-06 2.05002e-05 1.07954e-06 0.000543425 0.997899 0.000828817 8.89822e-06 1.08721e-06 1.47649e-06 6.92097e-06 1.40088e-05 4.34366e-06 1.171e-05 9.62848e-06 9.83228e-07 4.1746e-05 
0.0117211 8.496e-06 1.92286e-08 0.0795329 0.0438441 3.08235e-05 0.0014101 0.00614154 0.000535544 1.57889e-05 0.000150846 3.45283e-06 0.00686135 0.679097 0.0641848 2.56785e-06 3.40289e-05 0.0122217 0.000746368 0.0107653 1.99279e-08 0.0292597 0.047621 0.00551003 0.000301165 
0.00432005 0.041413 2.80047e-08 0.0260119 0.0426732 0.0260582 0.00176837 0.107533 2.93305e-06 0.00900032 0.0202746 1.27312e-06 1.48667e-06 0.310314 5.78084e-05 3.73996e-08 0.0133008 0.000729273 0.0048562 0.0131625 1.18663e-07 0.0875363 0.0153828 0.275552 5.02901e-05 
0.00756327 2.49816e-06 1.63292e-07 0.00274699 0.0787378 0.00602625 1.02952e-05 0.0157873 0.000979589 0.0001762 1.90252e-05 4.17334e-07 0.00241453 0.403668 9.95778e-08 6.87309e-05 6.37823e-05 3.29246e-05 5.82632e-06 0.000269425 1.00053e-07 0.0641188 0.0554536 0.361756 9.81883e-05 
0.00512193 0.000151645 5.59269e-07 0.00159075 0.00194623 0.00441652 8.38427e-05 0.000592672 0.000225634 0.00541489 0.000160383 9.06133e-08 1.16416e-07 0.973486 3.41051e-07 1.12807e-05 4.00785e-05 4.91284e-05 0.00095469 0.000429124 1.75434e-06 0.00262316 0.00267144 1.94131e-05 8.09603e-06 
0.0126408 2.38442e-09 2.89492e-09 0.0305734 0.238596 0.151928 0.00117078 0.0205809 0.000742873 4.18017e-07 0.0096125 8.15878e-08 0.000132688 0.459858 9.78558e-06 0.000138839 0.021672 0.000497041 0.000398438 0.00106073 8.34464e-08 0.000275641 0.0162911 0.0337471 7.34202e-05 
2.81875e-05 1.43393e-06 1.74093e-06 9.98589e-06 3.56682e-05 3.42453e-05 3.33709e-05 2.27574e-05 1.33232e-05 4.22137e-07 0.144701 2.82067e-07 0.00501022 0.600476 1.13832e-06 2.32497e-06 0.000463871 1.23455e-06 1.30322e-05 0.244876 1.22079e-06 4.37695e-05 2.16269e-05 0.00414045 6.71415e-05 
0.00762726 5.15215e-08 1.25608e-05 0.0077471 0.0162204 0.130663 0.188726 0.0965583 0.000915088 3.61237e-05 3.40642e-06 4.07803e-06 5.31449e-05 0.383753 6.29013e-06 1.45593e-06 9.89704e-05 0.00410205 0.131491 0.000776229 8.83428e-08 0.0146853 0.0150485 0.000206082 0.00126452 
0.0724068 0.00015807 5.73811e-10 0.00908943 0.174299 0.0241371 0.00247789 0.0495716 0.00107345 0.00582617 0.0125408 0.0590865 0.0106284 0.320671 5.63368e-07 9.52903e-08 0.0129102 0.00767448 0.0340755 0.0544853 3.5159e-10 0.0182559 0.00497875 0.00041577 0.125237 
4.13253e-06 2.04346e-06 2.48095e-06 0.0143317 0.00883302 5.20363e-06 2.7711e-06 0.0604546 0.0078104 0.0009606 0.0186044 4.01967e-07 1.40109e-06 0.809622 0.00222358 3.31325e-06 4.01385e-07 5.20494e-07 0.000386062 0.0400749 1.60792e-06 0.0172693 0.00822005 0.00292152 0.00826374 
0.118884 2.45794e-07 2.98418e-07 0.1668 0.00921162 0.00178487 3.52153e-05 0.0085431 0.00657766 0.000650666 0.000476851 1.35593e-05 0.128375 0.435203 2.00898e-06 0.000139507 0.00029603 6.56607e-06 0.00647883 0.0157715 2.06521e-06 0.031467 0.067497 4.08116e-05 0.00174299 
0.0356957 7.16032e-06 1.56455e-07 0.0130534 0.0142623 0.034702 0.0110975 0.054285 0.00805964 0.00144418 0.00179657 6.49226e-05 0.00440195 0.303935 0.000105723 4.51697e-06 0.0533269 0.0018873 0.171539 0.00138105 2.05035e-06 0.208167 0.0618287 0.0180318 0.000920974 
0.165231 1.76819e-06 7.86118e-11 0.0144627 0.0190749 0.076968 0.00331734 0.00104592 0.00316597 0.00431141 0.0204903 3.3153e-08 0.0020608 0.606398 6.69323e-08 1.01605e-06 0.00508039 0.000391101 0.00721058 0.051375 3.40482e-07 0.00778426 0.011047 0.000103223 0.000479032 
0.0147827 4.13847e-06 4.01764e-07 0.00823719 0.0417046 0.00687175 0.000699379 0.00675468 0.00186358 0.00779676 9.75987e-05 0.000257191 3.87242e-05 0.886464 0.00638936 9.58425e-06 0.00158589 0.000646398 0.00481731 0.00119156 1.02466e-06 0.00369571 0.003476 0.00250986 0.000105024 
0.00493494 4.03309e-05 1.55362e-05 0.0234868 0.00219348 0.0111716 0.000271696 0.00373914 0.000533473 1.92483e-07 0.0105431 0.113203 0.00469737 0.768678 9.72484e-07 8.39027e-07 0.00193543 1.25289e-06 0.000715094 0.00732593 2.44704e-05 0.0317737 0.0129878 0.00139468 0.000331221 
0.137051 2.12278e-06 3.72557e-09 0.00645947 0.0128699 0.031568 0.00531273 0.000691647 0.000680429 0.000909738 0.00116832 5.78046e-07 0.00142714 0.765466 7.65985e-07 2.02751e-06 0.003688 0.000255431 0.00302127 0.00717189 1.18006e-06 0.00585326 0.00734724 0.00860529 0.000447133 
0.11787 2.32234e-09 2.81955e-09 0.0444151 0.00820281 0.0140257 0.0022486 0.00164319 0.000501448 0.000731246 0.00168314 4.09359e-06 0.00148953 0.72469 0.000234214 6.81437e-05 0.00352287 5.26746e-05 0.0136222 0.017321 4.48912e-08 0.0130611 0.0149354 0.0145287 0.00514836 
0.0217004 6.25282e-06 3.33321e-07 0.00674378 0.0215828 0.245685 0.00070087 0.0315421 0.00053253 0.000588059 0.00511883 7.98091e-06 0.00722264 0.330103 6.30085e-06 2.05365e-05 0.171419 0.00033898 0.0178555 0.00356446 7.54968e-06 0.0453098 0.0477807 0.0420007 0.000162294 
3.36665e-05 0.000171721 0.037265 2.04714e-05 0.0464755 0.00741434 0.00684162 0.0111541 0.0032716 3.42232e-05 0.0213935 5.2998e-09 2.26563e-06 0.859922 6.38802e-08 4.36842e-08 3.70496e-08 9.35601e-05 1.12676e-05 0.00113625 1.08327e-07 0.00466541 2.66968e-05 1.99498e-06 6.46845e-05 
0.0724068 0.00015807 5.73811e-10 0.00908943 0.174299 0.0241371 0.00247789 0.0495716 0.00107345 0.00582617 0.0125408 0.0590865 0.0106284 0.320671 5.63368e-07 9.52903e-08 0.0129102 0.00767448 0.0340755 0.0544853 3.5159e-10 0.0182559 0.00497875 0.00041577 0.125237 
0.00712768 7.94361e-09 3.2757e-09 0.0308887 0.0783442 0.0930079 0.0595758 0.0544417 0.0316605 1.50893e-08 0.00458863 1.12928e-06 3.98049e-05 0.282635 1.04186e-06 7.63358e-09 3.06527e-06 0.000951582 0.00209835 0.000807285 6.93694e-10 0.156458 0.194432 0.00105367 0.00188355 
0.0313073 1.8592e-05 8.7074e-08 0.0223727 0.0786509 0.0446184 0.0552288 0.0475391 0.00823937 0.00131892 0.00202521 7.02225e-05 0.00668853 0.259967 6.46983e-05 4.28793e-06 0.0325252 0.00618027 0.159698 0.00106697 1.49923e-06 0.13443 0.0916611 0.0149578 0.00136495 
0.243791 3.99989e-09 4.85625e-09 0.0240652 0.0505769 0.161038 0.00334383 0.00439729 0.00873915 1.27229e-06 0.0244864 4.82455e-08 0.00356533 0.263385 1.9548e-07 6.4854e-09 0.000457491 0.00054412 0.00629343 0.0909817 1.08876e-05 0.100874 0.0038331 0.00913446 0.000480224 
0.0779452 3.14183e-07 7.10404e-10 0.0268815 0.0485792 0.212547 0.0115689 1.05388e-06 6.40548e-06 0.00566087 0.171666 1.151e-10 0.00175812 0.305156 8.70531e-06 3.0017e-07 0.0548753 1.39402e-06 0.0182642 0.0167448 1.29746e-05 0.0470851 1.56958e-06 0.000987268 0.00024828 
0.166914 0.000365291 1.26678e-08 0.01566 0.0391498 0.0186698 0.00200861 0.00644381 0.00242548 0.00234203 0.00189478 0.0990004 0.00222989 0.484309 4.54383e-05 9.05321e-06 0.0184369 0.0146295 0.022842 0.0176251 0.00130877 0.0170129 0.0548985 0.0115444 0.000233917 
0.0226878 7.80808e-06 7.80511e-06 7.82006e-06 0.0578841 0.10011 7.81805e-06 0.216619 7.81772e-06 0.0242433 0.00391518 0.00782706 7.81846e-06 0.248304 7.81168e-06 7.79945e-06 7.81947e-06 7.82029e-06 7.81934e-06 0.0563019 7.81165e-06 7.81961e-06 0.132186 0.129812 7.81234e-06 
0.033822 6.09647e-05 7.27877e-09 0.0437171 0.048337 0.0142372 0.00195845 0.00625594 0.00155957 0.0219049 0.000478829 0.000595757 0.00119106 0.276021 0.00496727 6.51043e-06 0.0788458 0.00774858 0.0414651 0.0822659 2.09358e-06 0.177399 0.145361 0.011154 0.000644779 
0.0366606 2.06622e-08 1.65627e-05 0.020988 0.102823 0.0410224 1.03311e-05 0.0875172 0.0448238 0.122307 0.0198848 4.2553e-05 0.00992088 0.160552 0.00152379 3.35017e-08 0.00129059 0.000346404 0.000122918 0.154163 6.18994e-05 0.0014107 0.108626 0.0808417 0.00504373 
0.0197972 8.546e-07 2.45158e-10 2.70352e-07 0.00269676 0.00756539 1.30484e-05 0.0176011 3.55456e-06 4.40215e-06 0.0103943 1.48039e-05 0.233159 0.624249 2.26706e-09 3.27402e-10 0.0134591 0.000195831 0.00710774 0.00651273 4.45892e-07 0.0539939 0.00116888 0.00203243 2.9085e-05 
0.0340298 0.000117375 5.01778e-09 0.0642817 0.0788472 0.0249567 0.000358679 0.00650699 0.00730141 0.016934 0.000241956 8.58307e-07 0.000212212 0.345683 0.00444718 2.01408e-07 0.00796135 0.00150548 0.0059751 0.152666 7.84507e-09 0.199748 0.0222139 0.0260113 4.39665e-08 
0.0933671 9.36741e-07 3.58724e-07 0.0100153 0.0795635 0.00658437 0.00585807 0.0637893 0.00828516 0.00693884 0.157793 0.0534597 0.000534351 0.248457 0.0199972 0.076521 0.000285436 0.00396199 0.0093792 0.0307609 1.88584e-07 0.034447 0.0581756 0.0290883 0.00273642 
3.89228e-05 1.83435e-06 2.22708e-06 1.13281e-05 5.02439e-05 4.748e-05 3.60343e-05 2.95964e-05 1.33926e-05 5.40017e-07 1.5986e-05 3.60834e-07 4.05319e-06 0.999524 1.44486e-06 2.97421e-06 3.95133e-07 1.2308e-06 1.49236e-05 2.69078e-05 1.53892e-06 5.67829e-05 3.05779e-05 4.24956e-06 8.31137e-05 
0.0870076 6.90144e-05 6.99377e-08 0.00133138 0.00812026 0.0754686 0.0903952 0.0934376 0.000646609 0.021767 6.96144e-05 0.0194956 0.00552236 0.120959 0.00369882 5.52779e-05 0.111989 0.00608673 0.113627 0.000350979 4.46668e-09 0.0530975 0.0998161 0.0868085 0.000180204 
0.038264 3.26619e-06 1.34447e-06 0.0215648 0.0214475 0.0145468 0.00129532 0.00412136 0.0027082 0.000209539 0.00399831 0.0193948 0.00043483 0.698444 0.106045 3.11565e-06 0.000364634 5.48799e-05 0.0032557 0.0244819 2.22129e-06 0.0277388 0.0104956 0.000343533 0.000780722 
6.35759e-05 1.64714e-07 1.99979e-07 3.76068e-05 7.37675e-05 8.07178e-05 4.48224e-05 4.25535e-05 1.18952e-05 4.84904e-08 1.68736e-05 3.24008e-08 2.44343e-06 0.999332 1.47197e-07 2.67067e-07 4.88448e-08 5.80291e-07 1.56789e-05 3.34806e-05 1.74059e-07 7.60861e-05 5.79462e-05 4.49219e-06 0.000104624 
0.144507 2.70897e-05 0.000276175 0.0436984 0.110287 0.0121405 0.00170099 0.0175918 0.00252902 0.0151245 0.00211768 0.00010776 0.0179354 0.243934 0.00431766 0.000245399 0.0246233 0.00974145 0.0519363 0.201295 0.000119156 0.00485388 0.0717851 0.0182855 0.000820483 
2.75623e-07 2.95889e-06 3.59237e-06 2.08765e-05 8.04489e-05 1.53764e-05 4.54596e-05 1.00703e-05 6.37499e-05 9.05888e-06 1.54127e-06 5.21136e-06 7.47781e-07 0.986204 1.29618e-05 4.79753e-06 5.3487e-07 3.59384e-07 5.62114e-07 4.82482e-05 5.06593e-06 3.7348e-05 0.00173385 0.00920479 0.00248806 
0.0215853 5.012e-06 7.99258e-08 0.214793 0.0628929 0.00255472 0.0139323 0.00420038 2.57654e-05 0.0103384 0.000205801 5.36491e-05 8.26005e-05 0.298511 0.000100629 8.05032e-06 0.00866248 0.00272219 0.06693 0.0653303 6.85446e-08 0.166474 0.0201309 0.0401765 0.000283734 
0.034112 0.000167815 2.46314e-08 0.0645819 0.152283 0.0127973 0.00143257 0.0143227 0.00345081 0.000913076 0.00178278 4.63739e-05 0.000151245 0.335971 0.00553565 3.28947e-08 2.42237e-08 0.0249877 0.000455521 0.00556626 2.71316e-06 0.00914684 0.0347691 0.296933 0.000591642 
0.215456 0.0199197 0.000117981 0.118625 0.0575311 0.0109611 0.00271104 0.0758384 0.000857412 0.00184639 0.00415706 0.000228771 0.00686426 0.357343 0.0264051 0.000288546 0.00398384 0.00612241 0.00421097 0.0010992 0.00358607 0.0104476 0.0153635 0.0558336 0.000203017 
