7.76032e-05 8.47147e-06 2.89857e-11 0.00169226 0.843841 0.0354323 0.0208386 0.0144613 0.0653359 0.00814458 0.00119869 6.45032e-06 1.98848e-05 2.39535e-11 6.02949e-05 1.15104e-05 0.000711273 0.000540565 0.00439386 0.000121117 6.06507e-08 0.00162982 0.000389628 0.000430528 0.000654692 
0.00014468 0.00100779 3.51455e-08 0.0185946 0.0220356 0.0368833 0.000668186 0.0152848 3.10777e-05 0.00033166 0.00408287 4.78061e-07 2.68747e-06 3.20673e-09 6.00814e-06 9.69287e-06 0.000175047 0.00344629 0.0130743 4.04519e-07 7.34008e-06 0.00109935 0.876822 0.00628538 6.52335e-06 
0.0111226 2.48353e-05 2.22907e-05 0.009646 0.176569 0.0459917 0.0038674 0.0113776 0.00682457 0.00216364 0.3257 3.48526e-05 0.0138632 2.12043e-05 0.00376302 0.000314115 0.0844765 0.000701302 0.0270134 0.0126887 2.58352e-05 0.167105 0.0516903 0.0440641 0.000928478 
0.0716645 0.00102262 0.0014738 0.0111513 0.0236007 0.041621 0.00598718 0.0519773 0.00843375 0.000900601 0.00325373 9.79565e-06 0.00780007 6.26707e-07 0.00107191 2.99209e-05 0.0132704 0.000538173 0.00491228 0.000991258 9.39382e-06 0.0168196 0.66846 0.0647004 0.000299737 
0.00500965 0.000308506 0.000662132 0.000251225 0.0125512 0.02003 0.000657855 0.00313404 5.60452e-05 0.00312747 0.00017057 8.90899e-05 0.000223965 3.18417e-08 0.593805 1.46747e-05 0.0178434 6.40736e-05 0.152149 0.00272846 0.0828972 0.00559757 0.0202366 0.0783926 1.25046e-07 
0.191879 0.0155068 0.00292916 0.014814 0.0535512 0.101669 0.00129245 0.051693 0.00149552 0.027775 0.00441885 0.000382216 0.144708 1.90528e-05 0.00321359 2.34616e-05 0.134021 0.00971184 0.0520634 0.00801142 0.000394646 0.0596304 0.0633129 0.0407814 0.0167017 
0.0155045 0.000117838 9.53377e-07 0.00398149 0.00768853 0.132672 0.000112421 0.0572867 0.000724333 0.00228443 0.00029107 3.82162e-05 0.00335076 6.8588e-08 4.42358e-05 6.79698e-05 0.233805 0.000118283 0.239629 0.00134663 2.04268e-05 0.0513515 0.240706 0.00861305 0.000244317 
0.00242786 7.9439e-08 0.0036706 0.000441604 0.00329273 0.000673175 0.00010373 0.000529765 7.04456e-05 0.949707 1.65497e-05 0.0158761 6.16651e-05 6.52254e-09 0.00109524 1.53529e-05 0.000870133 0.00163544 0.000980026 0.00103725 1.05737e-07 0.000128321 0.0098285 0.00192976 0.00560846 
0.00122461 8.14677e-05 1.21458e-10 0.0006571 0.0376057 5.83046e-05 0.00125313 0.000930367 0.000137253 0.0169135 7.00051e-05 0.00218657 0.000219119 1.00372e-10 0.000371978 1.36014e-07 3.3654e-05 0.0125602 0.00191641 0.000364683 0.000337855 0.00027438 0.000329941 0.921118 0.00135548 
0.0344542 1.8799e-05 0.000101467 0.0163586 0.0128624 0.0200412 7.20886e-05 0.00544213 0.00214357 0.00248541 0.000125118 2.41989e-05 0.0205905 1.22096e-06 0.00241888 1.0801e-05 0.0838002 0.00237059 0.010052 0.0165155 3.55428e-06 0.705784 0.0559717 0.00834137 1.08746e-05 
0.00433503 0.000256213 1.78656e-05 0.0314165 0.0824333 0.0040407 0.00529951 0.0114527 0.111227 0.0399147 0.000146076 0.000141842 6.38905e-05 3.85107e-10 0.00206525 5.39784e-06 0.00037838 0.000580884 0.00302202 0.00225963 7.4485e-08 0.0184944 0.417378 0.0751614 0.18991 
0.0467727 0.000775583 1.34927e-07 0.0783613 0.0171991 0.0298817 0.000922424 0.111647 0.00154988 0.00211038 0.00148304 0.000654821 0.261658 7.36877e-10 0.00172313 1.19082e-09 0.109676 9.99904e-05 0.00211653 0.0178049 2.34412e-07 0.0824483 0.152253 0.0808458 1.70139e-05 
0.0301052 0.0287259 1.77099e-06 0.0126146 0.0592354 0.0633167 0.00188769 0.252326 0.00169203 0.0241267 5.598e-05 3.9383e-05 0.00034213 3.90839e-08 0.000309201 4.37655e-08 0.0310107 0.0606253 0.00108541 0.000545502 2.41667e-06 0.0570536 0.233508 0.141163 0.000227296 
0.000560435 2.8289e-06 4.48528e-10 0.000287836 0.0226924 0.00356409 0.928606 0.0133743 0.0023035 0.000628601 1.16779e-05 2.84523e-06 0.000210045 2.01895e-12 1.89154e-05 4.52069e-06 0.000231271 0.00315999 0.0021677 4.68335e-05 6.07049e-10 0.00134292 0.0189351 0.00181353 3.41838e-05 
0.121066 3.33757e-07 6.31016e-07 0.105818 0.132333 0.000171622 5.34884e-07 0.160618 0.0075085 8.23705e-06 0.0020727 0.000387953 0.00419356 5.97313e-08 0.00119931 4.575e-05 0.0122351 0.12509 2.9667e-07 0.000879759 2.02332e-05 0.0111575 0.142604 0.16698 0.00560901 
0.0207807 0.000366714 2.45888e-09 0.0371411 0.217818 0.00352793 0.0118341 0.104641 0.0448466 0.0840304 0.000296173 0.000403268 0.00161906 2.03199e-09 0.0359683 2.5109e-05 0.00187165 0.125677 0.0224165 0.0400884 0.000427008 0.0316103 0.0421916 0.172406 1.41678e-05 
0.05183 0.000120899 6.36e-05 0.0144454 0.0143253 0.138965 0.00195487 0.176606 0.00332276 0.00195221 0.000349481 7.81594e-05 0.00565372 4.94894e-06 6.47986e-05 0.000766308 0.0463521 0.0020417 0.165001 0.0292885 8.58615e-06 0.0288645 0.315545 0.00207368 0.000322147 
0.0255465 0.000434709 0.000520837 0.00591849 0.0245732 0.0279388 0.0131039 0.0658787 0.000984335 0.0206909 0.00416662 0.000127799 0.00466897 1.19102e-05 0.00218773 0.000126568 0.0730098 0.0406083 0.455473 0.0121568 0.000913792 0.0632763 0.141967 0.0150455 0.000669975 
0.00360609 3.08019e-06 1.81737e-06 0.0211377 0.011064 0.00581105 0.0494971 0.0311635 0.495609 1.73173e-05 1.18431e-05 1.18089e-06 3.51646e-06 6.10804e-07 0.000426049 5.53966e-06 0.187013 0.000319485 0.00453977 3.53837e-05 7.72753e-06 0.0227256 0.0469437 0.0902827 0.0297732 
0.0451051 0.00290319 0.000603994 0.0578429 0.0271783 0.272932 0.00354565 0.0604598 0.0207255 0.00355779 0.000172146 9.87264e-06 0.00540677 5.30979e-07 0.00252549 0.000123241 0.00828942 0.032097 0.0336432 0.00792927 4.23396e-05 0.0348275 0.373414 0.00657205 9.34364e-05 
0.00207294 5.48905e-05 1.96198e-10 0.00332325 0.0297353 0.191917 0.00342801 0.0247393 0.000417324 0.00161926 8.12494e-09 3.56622e-06 7.13201e-09 8.06648e-13 3.75012e-08 1.53066e-06 8.33489e-08 0.0274993 0.0294078 2.53825e-09 5.38878e-10 0.0161906 0.662536 0.00705379 4.53129e-09 
0.00114831 5.05784e-05 2.43295e-06 0.028936 0.0815695 0.197944 0.0272052 0.0522913 0.00867257 0.00404471 0.00132444 1.4446e-05 0.00066463 5.14459e-11 0.00107548 5.14397e-08 0.000935765 0.00324876 0.0377156 0.00108146 2.17248e-05 0.0235029 0.478599 0.0499502 3.91374e-07 
0.015247 0.0207368 0.0019858 0.00398245 0.0244043 0.021512 0.00125496 0.0538357 0.00127168 0.00252133 0.000281401 0.000410632 0.00033583 1.44214e-05 0.00343475 2.58849e-05 0.0103981 0.0168086 0.00246747 0.000576812 8.99883e-05 0.033574 0.289275 0.494771 0.000784205 
0.00330093 6.40798e-06 1.23631e-07 0.0232265 0.0806008 0.00351058 0.000467237 0.0328639 9.96871e-05 0.00296777 0.00590788 1.9879e-05 0.0029336 1.02167e-07 0.0434803 1.65106e-07 0.00246759 6.36943e-05 0.00158195 0.067929 4.51942e-06 0.00318916 0.00341809 0.721957 3.51107e-06 
0.000560435 2.8289e-06 4.48528e-10 0.000287836 0.0226924 0.00356409 0.928606 0.0133743 0.0023035 0.000628601 1.16779e-05 2.84523e-06 0.000210045 2.01895e-12 1.89154e-05 4.52069e-06 0.000231271 0.00315999 0.0021677 4.68335e-05 6.07049e-10 0.00134292 0.0189351 0.00181353 3.41838e-05 
0.000560435 2.8289e-06 4.48528e-10 0.000287836 0.0226924 0.00356409 0.928606 0.0133743 0.0023035 0.000628601 1.16779e-05 2.84523e-06 0.000210045 2.01895e-12 1.89154e-05 4.52069e-06 0.000231271 0.00315999 0.0021677 4.68335e-05 6.07049e-10 0.00134292 0.0189351 0.00181353 3.41838e-05 
0.0666526 0.000568578 1.0445e-05 0.0174727 0.00311231 3.05592e-05 1.73585e-05 0.0400801 0.00056833 5.76715e-06 0.000445819 1.05808e-05 0.000833163 1.80873e-07 0.0293541 9.06819e-06 0.00781601 0.000347772 3.67466e-06 0.00400929 1.57442e-05 0.002432 0.0145436 0.811373 0.000286799 
0.000204159 0.000210481 1.29506e-08 0.167901 0.0186128 0.320608 0.0067698 0.00857869 0.000642756 0.00124368 0.000134367 4.8954e-07 0.000201943 1.1794e-09 0.000380372 1.04203e-05 0.000399453 0.00754666 0.0151197 0.0162674 4.26082e-05 0.0493516 0.367318 0.0183265 0.000129384 
0.0284275 0.0217455 0.000118155 0.0322486 0.120954 0.0480978 0.0145842 0.0831424 0.00446551 0.0352955 0.0151203 0.000251531 0.0515627 1.87758e-07 0.0203372 2.26149e-06 0.0201658 0.00410762 0.0197448 0.00615153 1.31057e-05 0.0321637 0.0348608 0.404483 0.00195656 
0.0203361 0.018653 5.92191e-05 0.0382975 0.0828161 0.123657 0.00666062 0.0478337 0.0066504 0.00583996 0.000213541 0.000139779 0.00175944 3.58659e-06 7.29596e-05 2.52937e-05 0.00960917 0.00151714 0.0307368 0.00393173 6.74668e-05 0.0336847 0.562964 0.00443935 3.08659e-05 
0.287013 2.63731e-05 2.5431e-05 0.0241629 0.147285 0.0064607 0.000774801 0.00864954 0.0294786 0.163512 0.0246016 0.000644406 0.0230026 6.34046e-06 0.000897094 1.6382e-05 0.0326288 0.0116978 0.0619104 0.0292894 0.000190328 0.0361398 0.0592118 0.0519242 0.000450373 
0.0814784 0.0125905 6.83582e-09 0.022705 0.0322718 6.00956e-06 0.00409821 0.0182582 0.00997578 0.0037968 0.00133111 0.000977654 0.00018224 5.64905e-09 3.13419e-05 0.000466894 0.000522694 1.17261e-05 0.00313334 0.0352664 0.00020163 0.064613 0.0189386 0.689083 5.92274e-05 
0.00103148 6.31473e-08 2.11517e-09 0.0309834 0.599001 0.0244443 0.0862877 0.0219032 0.0416518 1.05956e-07 0.00102924 7.02701e-08 2.57446e-05 3.38682e-11 0.00628814 2.40759e-05 0.00158521 0.0296011 0.00035213 0.00113657 3.02196e-09 0.0229656 0.0388028 0.0924759 0.000410541 
0.0188219 5.25825e-08 1.14932e-06 0.0178252 0.125184 0.440506 0.000122075 0.0279321 0.0870332 0.00687699 0.000300658 1.99676e-05 0.0146986 4.95617e-08 1.52675e-07 4.96579e-05 0.0273785 9.15658e-05 0.105936 0.00275656 3.7712e-07 0.0837387 0.0377079 0.00301889 6.3487e-08 
0.00574144 0.000447021 5.67418e-09 0.0640907 0.0163457 3.67864e-06 0.000150322 0.0460172 0.000639174 0.00214412 1.57563e-07 0.000430533 0.000826923 4.68909e-09 0.0157062 9.75308e-06 9.52368e-05 2.05079e-05 0.00805147 3.28116e-05 6.25891e-06 0.001656 0.0289354 0.808488 0.000161446 
0.105353 0.000785833 9.932e-05 0.0187493 0.0119978 0.00471365 0.00212844 0.0107724 0.0276866 0.00200294 8.56774e-07 6.0856e-06 9.84027e-05 1.54025e-07 6.84182e-07 7.21867e-05 0.000591946 0.00119109 0.00138549 0.00179567 7.10575e-06 0.00910978 0.767736 0.0334182 0.000297429 
0.0433883 1.01928e-06 5.63829e-05 0.0694667 0.199787 0.0820797 0.0140037 0.0101708 0.0343484 0.0164737 0.0355739 4.27955e-05 1.15341e-05 1.54244e-07 5.02239e-05 1.07747e-05 0.01045 0.000696098 0.00160114 0.0668335 6.8387e-06 0.00316684 0.0167596 0.39443 0.000590318 
0.0053222 0.0105289 1.08259e-09 0.00900297 0.050716 0.0238276 0.0255396 0.0311353 0.00437702 0.00107585 1.30788e-08 0.00034653 1.58503e-05 1.55429e-12 0.00135004 7.53106e-05 0.00012332 0.0917127 0.00194857 0.000348266 3.51611e-06 0.023529 0.468501 0.250128 0.000392606 
0.00759211 0.00563827 0.000769634 0.21067 0.0311403 0.0258813 0.00657047 0.0617655 0.00537808 0.000491065 0.00020255 7.47697e-06 0.00216558 8.31645e-08 0.00767374 1.87993e-06 0.00516102 0.0153135 0.00313969 0.00190073 1.36019e-05 0.0308324 0.525559 0.0521315 7.89104e-07 
0.0124249 0.000131164 1.78029e-06 0.0302808 0.0448346 0.224905 0.0040686 0.040361 0.00450266 0.00191232 9.07944e-05 1.18596e-05 0.0107989 2.97781e-08 1.89184e-05 4.90086e-06 0.0125763 0.0325549 0.0201407 0.00859595 1.41015e-06 0.0792208 0.468785 0.00377525 1.36903e-06 
7.64119e-07 1.16165e-07 2.25342e-08 0.00541506 0.0200744 0.0562591 6.91357e-07 0.116445 0.00247719 0.454662 2.75167e-06 0.00720549 9.38662e-07 5.34773e-10 6.67748e-07 1.57926e-06 3.74825e-05 0.0106775 0.125874 1.95518e-07 0.000131457 0.0016578 0.0312954 0.16778 7.40355e-07 
0.0344542 1.8799e-05 0.000101467 0.0163586 0.0128624 0.0200412 7.20886e-05 0.00544213 0.00214357 0.00248541 0.000125118 2.41989e-05 0.0205905 1.22096e-06 0.00241888 1.0801e-05 0.0838002 0.00237059 0.010052 0.0165155 3.55428e-06 0.705784 0.0559717 0.00834137 1.08746e-05 
0.0344542 1.8799e-05 0.000101467 0.0163586 0.0128624 0.0200412 7.20886e-05 0.00544213 0.00214357 0.00248541 0.000125118 2.41989e-05 0.0205905 1.22096e-06 0.00241888 1.0801e-05 0.0838002 0.00237059 0.010052 0.0165155 3.55428e-06 0.705784 0.0559717 0.00834137 1.08746e-05 
0.0436717 0.000378515 5.00798e-09 0.00365809 0.0113492 0.00504908 7.61053e-05 0.164392 0.000127471 0.0275403 1.54085e-05 0.000117459 0.00922641 5.84622e-10 0.0015317 2.05476e-07 0.104048 6.05482e-06 0.0244668 0.00120403 8.0935e-05 0.085232 0.167569 0.35006 0.000198703 
0.0355614 2.97053e-06 2.44687e-07 0.00180983 0.000435615 0.00014898 1.15653e-05 0.000352796 0.000108915 0.00242436 2.70999e-05 0.000126233 0.00330067 4.14637e-11 3.28644e-05 1.45662e-07 0.525955 6.50644e-06 0.000130361 0.000243187 4.20998e-08 0.0945196 0.327662 0.00713233 7.60058e-06 
0.000628529 0.0170134 3.0737e-09 0.00443506 0.0514513 0.00552516 0.00656605 0.0268359 0.0566537 0.000594887 0.0069499 9.33376e-05 0.000395735 2.54008e-09 0.00626078 1.70678e-05 0.00702042 0.00114613 0.00139373 0.00472735 3.24813e-07 0.0341075 0.0501779 0.69548 0.0225257 
0.0171228 0.00497056 1.44241e-08 0.000979989 0.141983 0.04264 0.00760214 0.0951767 0.00386551 0.0149444 0.000637857 0.000344164 0.00809881 1.09449e-08 0.000316961 0.000133932 0.0915878 0.00791331 0.00834829 0.000628913 0.00010148 0.0690789 0.294346 0.189146 3.19556e-05 
0.0240107 1.28262e-07 5.07332e-10 0.00436141 0.000120136 0.0179867 6.08099e-08 5.68853e-07 0.000644579 0.00200133 0.00111869 1.11264e-07 0.000517618 4.19254e-10 2.63345e-07 2.34148e-07 0.0857291 3.4867e-06 4.86569e-06 1.56142e-05 5.13669e-08 0.84431 0.0140188 0.00504578 0.000109535 
1.20076e-05 6.55124e-07 6.30567e-09 0.00686755 0.478774 0.00708455 0.00719524 0.0182846 0.448662 0.00136879 8.18823e-06 6.26412e-07 0.000601534 5.21094e-09 8.64842e-05 2.85093e-08 0.000777038 0.000167425 0.00138435 0.000426274 1.24974e-08 0.00585337 0.00901807 0.00899639 0.00443069 
0.00149638 0.000123415 1.26032e-08 0.066368 0.316825 0.0141807 0.00824432 0.0119388 0.453251 0.000765417 0.00557732 5.86598e-07 0.0011337 1.04152e-08 2.12218e-05 1.25815e-07 0.00222233 0.00107191 0.00220944 0.000310067 1.81946e-07 0.00481503 0.0963744 0.0130221 4.85078e-05 
0.00242786 7.9439e-08 0.0036706 0.000441604 0.00329273 0.000673175 0.00010373 0.000529765 7.04456e-05 0.949707 1.65497e-05 0.0158761 6.16651e-05 6.52254e-09 0.00109524 1.53529e-05 0.000870133 0.00163544 0.000980026 0.00103725 1.05737e-07 0.000128321 0.0098285 0.00192976 0.00560846 
0.0277962 0.364924 1.14749e-10 0.00369715 0.0752192 0.00832209 0.000747503 0.0045674 0.000758757 0.000506182 8.98696e-05 0.0003335 0.000235214 9.48276e-11 0.000922586 4.23382e-06 0.00107001 0.25899 0.00124131 0.000140113 1.62798e-05 0.00206854 0.0651395 0.183203 7.7151e-06 
0.147329 0.00012169 7.67526e-06 0.0213822 0.0101576 1.43749e-05 4.72593e-05 0.0870371 0.0108712 0.000535232 0.00272361 1.88552e-05 0.00118884 8.12926e-09 0.101557 6.24478e-05 0.0380043 0.00115187 0.00748159 0.000696391 4.36867e-08 0.000905248 0.531591 0.0371159 1.2825e-08 
0.029602 0.137474 1.62897e-09 0.00515966 0.0843162 0.0141755 0.00116605 0.00524827 0.00145857 0.00291064 0.0118971 0.00109275 0.00125716 1.34617e-09 0.0019608 5.06556e-07 0.0132654 0.100176 1.30716e-06 0.000189709 6.75955e-07 0.00974109 0.0472427 0.531566 9.80451e-05 
0.0991405 0.00634851 0.00813556 0.0265815 0.0270904 0.0842908 0.00156141 0.0100209 0.000926602 0.00568255 0.00141507 0.000104426 0.0200494 2.10847e-05 0.00114969 0.00123065 0.0968309 0.00603165 0.0576735 0.0419448 2.37306e-05 0.0124193 0.472245 0.0190001 8.19027e-05 
0.00987435 7.08694e-08 1.67995e-08 0.0400325 0.0621793 0.00137538 0.000415232 0.00225306 0.0178828 0.0391099 0.000177294 1.04024e-06 0.000359875 1.3883e-08 0.00226943 3.08419e-08 0.000330034 0.0148674 6.76292e-05 0.000600213 2.29276e-08 0.00840197 0.0379016 0.00595916 0.755942 
0.6986 0.00052704 0.0213703 0.0952742 0.00412607 0.00381419 4.39787e-05 0.00867638 0.00335934 0.00572407 0.000229265 5.10728e-06 0.00375307 1.51822e-06 6.12695e-05 2.87225e-05 0.0074812 0.000968576 0.00396516 0.0242413 0.000223921 0.0192161 0.0897812 0.00848166 4.63437e-05 
0.0151275 5.86364e-10 1.08347e-09 0.000236296 0.00612139 0.0013402 0.000317158 0.000844371 0.00124451 0.0142961 3.00026e-08 0.000396045 0.000102696 1.22684e-10 1.30548e-08 5.29769e-06 0.00115309 0.0233312 0.00880405 7.32899e-05 6.195e-08 0.00057857 0.0181511 0.0035955 0.904282 
0.0413971 0.00100396 7.35079e-05 0.0262634 0.0480375 0.0549084 0.101603 0.0721842 0.0137448 0.00813925 8.16853e-08 0.000662116 0.00139756 8.16155e-08 0.00364999 0.000644133 0.0016593 0.00770849 0.0199022 0.00157739 8.16531e-08 0.0322532 0.503745 0.0581138 0.00133115 
0.0355614 2.97053e-06 2.44687e-07 0.00180983 0.000435615 0.00014898 1.15653e-05 0.000352796 0.000108915 0.00242436 2.70999e-05 0.000126233 0.00330067 4.14637e-11 3.28644e-05 1.45662e-07 0.525955 6.50644e-06 0.000130361 0.000243187 4.20998e-08 0.0945196 0.327662 0.00713233 7.60058e-06 
0.00639384 3.23106e-05 3.85074e-05 0.0103525 0.0136275 0.217973 0.000301072 0.0326934 0.000215805 0.0105293 0.00255617 4.20472e-05 0.00322194 2.85759e-07 0.000872726 2.01893e-06 0.00870984 0.00271757 0.0124776 0.00348757 0.000530826 0.0118175 0.655576 0.00579966 3.11603e-05 
0.000198529 2.0667e-06 5.34655e-13 1.05194e-05 7.50615e-05 4.13217e-05 3.68072e-09 1.7353e-05 1.8682e-05 6.8241e-05 2.16975e-09 0.000111895 1.10022e-08 4.41834e-13 9.30316e-10 2.1033e-07 1.60948e-05 3.52633e-05 0.00804988 1.80834e-09 6.08545e-07 0.00031553 8.80057e-06 4.1664e-05 0.990988 
0.0297513 0.00382065 0.000277705 0.00660239 0.0342542 0.0510317 0.0314939 0.00126085 8.98178e-05 0.0140452 0.0279205 7.07757e-05 0.0225363 1.76641e-05 0.000161863 0.000594471 0.0320066 0.00464193 0.242478 0.00242428 4.493e-05 0.0960731 0.0622617 0.336052 8.72736e-05 
0.000331514 9.52011e-08 3.95849e-09 0.0115123 0.0487591 0.00648745 1.12721e-06 0.0108233 0.00133064 0.0218743 0.780432 0.00165651 0.00525964 3.27126e-09 0.000402861 1.39756e-05 0.0269205 6.17248e-07 5.29945e-06 0.0186513 2.66039e-06 0.00378317 0.013244 0.0485069 7.15901e-07 
0.0739261 0.00864782 0.000933629 0.0969487 0.104514 0.00236522 0.00226611 0.119475 0.00952204 0.00612789 0.00142604 0.000133655 0.0188509 3.94909e-08 0.0255615 2.38446e-05 0.000599181 0.00102578 0.00118691 0.000816532 0.00031529 0.00492906 0.0514579 0.465852 0.00309361 
0.0953392 0.0304698 2.92898e-06 0.0457697 0.0459313 0.0586507 0.000439439 0.0712947 0.0208411 0.00491455 0.0122557 9.35153e-06 0.00276788 2.09999e-07 0.000422098 0.000184739 0.000314047 0.000859708 0.0273264 0.00233905 7.48536e-05 0.0176081 0.461255 0.100806 0.000124193 
0.018418 0.00725593 0.0235471 0.00433683 0.0371106 0.0997522 0.029503 0.339709 0.000962479 0.00926401 0.00421092 0.000261963 0.000651257 9.84668e-06 0.00748016 5.17448e-05 0.018593 0.000727989 0.00256884 0.00252254 0.000293754 0.0696916 0.123358 0.198508 0.0012102 
0.014483 0.100166 5.31015e-08 0.0313143 0.0243272 0.020424 0.000295311 0.00870545 0.000906846 0.00048301 3.89352e-05 2.8623e-05 1.12302e-05 4.38826e-08 7.5868e-06 9.35124e-05 1.68069e-05 0.00992292 0.0262446 0.000203801 5.0761e-06 0.0275643 0.717655 0.0170852 1.76512e-05 
0.000554895 2.98233e-07 8.14342e-12 0.00102885 0.00022069 0.000277603 9.94104e-09 0.00178521 4.14737e-06 5.00133e-06 3.43796e-08 4.71996e-05 5.93202e-05 6.72965e-12 0.00059032 1.07033e-07 6.17849e-05 2.27856e-05 0.00513358 0.000127865 2.34679e-08 0.000276308 0.00106832 0.00046015 0.988276 
1.36061e-06 0.0667997 1.74373e-09 0.000410458 0.0498271 0.000414147 0.00160589 0.028821 0.000380342 0.000849094 0.000535918 0.000254763 1.39497e-05 1.441e-09 0.00116535 0.000960799 3.46276e-06 0.0285861 4.45261e-06 8.56955e-07 2.3005e-06 0.00717336 0.016426 0.795762 1.52938e-06 
0.00613783 7.586e-05 0.0345608 0.00198599 0.0665698 0.0156361 0.000721229 0.00817591 0.00211404 0.568965 0.00368345 0.000841185 0.0159075 3.07091e-10 0.00152956 6.38242e-06 0.0391046 0.0004291 0.00448289 0.020883 0.13244 0.00177359 0.0139667 0.0599758 3.35108e-05 
0.00758532 1.01358e-07 1.29741e-10 0.000955679 0.380452 0.00376984 0.190666 0.293597 0.00998197 0.00189722 0.00011404 9.02374e-07 0.00946839 1.07216e-10 0.0213236 0.000238931 0.00702706 0.00560054 0.00957561 0.001198 0.00014386 0.000590049 0.0383681 0.0163396 0.0011067 
0.00932584 1.93454e-06 0.00011284 0.0115596 0.0217422 0.00308736 0.000221658 0.0123635 0.000321317 0.0875632 9.33443e-07 0.000648572 0.0024146 3.15963e-08 0.00596086 2.15197e-05 0.06672 0.0428963 0.0129545 0.0306888 4.39049e-06 0.00273385 0.266793 0.416274 0.00558859 
0.0157942 1.45948e-06 2.66771e-07 0.268534 0.0233769 0.0221973 6.42557e-05 0.00763426 0.00287771 0.0682326 0.00111396 4.89947e-05 0.00180414 4.0648e-08 0.00438364 1.24469e-06 0.0191318 3.99009e-05 0.00467599 0.381607 0.00264586 0.0578125 0.011871 0.105492 0.000658646 
0.0207294 0.0120986 0.0687838 0.0210774 0.0797135 0.0139022 0.00594301 0.037764 0.00871586 0.000831477 9.35743e-05 9.453e-06 3.44657e-05 8.66248e-07 0.00257378 0.000227195 2.01123e-05 0.000188963 0.000322994 0.00108791 2.42166e-06 0.0237045 0.12615 0.575972 5.28156e-05 
0.0286721 0.00853037 2.55986e-05 0.0127824 0.344444 0.000754959 0.045301 0.12272 0.000583123 0.00319958 0.000175445 6.25182e-05 0.00761802 5.51053e-06 0.0359961 4.02631e-05 0.0133057 0.0570562 0.000113308 0.0959119 8.87058e-06 0.0270924 0.147337 0.0478169 0.000446035 
0.0141858 0.0171634 0.000105113 0.00324466 0.0796916 0.0216025 0.010091 0.0730318 0.00241174 0.00173652 0.00305726 0.000468847 0.00353479 1.4158e-05 0.0121681 2.5031e-05 0.0329216 0.00931777 0.00474506 0.000584663 0.000980807 0.0519961 0.0982693 0.558571 8.16744e-05 
0.0413971 0.00100396 7.35079e-05 0.0262634 0.0480375 0.0549084 0.101603 0.0721842 0.0137448 0.00813925 8.16853e-08 0.000662116 0.00139756 8.16155e-08 0.00364999 0.000644133 0.0016593 0.00770849 0.0199022 0.00157739 8.16531e-08 0.0322532 0.503745 0.0581138 0.00133115 
0.00194567 6.97025e-06 1.46483e-09 0.364184 0.0191069 0.2744 0.00143962 0.00664041 0.0012084 0.0020067 3.59375e-06 7.79331e-08 7.89191e-06 1.40545e-09 0.000179574 4.64018e-07 2.5422e-08 0.000235868 0.058435 0.00272801 1.25581e-08 0.0742232 0.193089 0.000157276 3.86988e-07 
0.021724 0.000106832 0.0164709 0.0119129 0.0315495 0.000635578 0.000513542 0.0173379 0.00412341 0.00178978 0.0294961 0.000123696 0.027467 3.45779e-07 0.000614627 0.000211589 0.00129215 0.00301481 0.00099001 0.0440581 6.81354e-05 0.053369 0.0552934 0.677786 5.08792e-05 
0.012117 0.000899753 7.31082e-07 0.0460087 0.0541203 0.0019753 0.0030142 0.0128762 0.0306635 0.000879116 1.29624e-05 0.00203633 0.00208294 1.52988e-07 0.00894209 1.98207e-05 0.0296911 0.00034813 2.06978e-06 0.00207658 0.0526256 0.00640739 0.0260695 0.701686 0.00544422 
0.00549236 0.000128304 9.51573e-10 0.00384356 0.0355942 0.00538314 0.000962303 0.083704 0.00113806 0.00398302 0.000455109 0.000383541 0.0003435 7.8637e-10 0.00253381 6.84124e-05 0.000307566 0.00274197 2.50458e-06 4.8203e-07 9.10969e-05 0.00894752 0.0385116 0.805383 8.6026e-07 
0.0669805 0.000563368 0.00299865 0.00353998 0.000417274 0.0340623 0.000108076 0.0106495 4.51174e-05 0.00722636 0.00133598 0.000122455 0.00553556 7.21915e-06 0.00401093 3.2503e-05 0.484187 0.000399623 0.0423316 0.0193771 0.0296358 0.152432 0.0722411 0.0617373 2.24902e-05 
0.0403259 0.488916 4.87435e-07 0.0588767 0.0145829 0.034376 4.28604e-06 0.0101247 0.000884306 0.0604901 0.0594047 0.000182312 0.0225621 8.48937e-09 0.0121679 1.37191e-08 0.0107591 1.43997e-07 0.000857974 0.16984 1.55568e-05 0.000721705 9.58109e-05 0.0146554 0.000156153 
3.00145e-05 0.000267473 1.0224e-12 2.2209e-06 0.00331051 0.000120286 0.99535 0.000163659 3.62591e-05 1.71448e-05 2.02028e-05 3.16211e-05 1.1608e-06 8.44897e-13 8.62844e-10 1.55954e-06 4.21529e-05 6.30525e-05 0.000126603 6.99193e-05 2.28068e-06 0.000139275 0.000147389 2.52694e-05 3.21582e-05 
0.0151275 5.86364e-10 1.08347e-09 0.000236296 0.00612139 0.0013402 0.000317158 0.000844371 0.00124451 0.0142961 3.00026e-08 0.000396045 0.000102696 1.22684e-10 1.30548e-08 5.29769e-06 0.00115309 0.0233312 0.00880405 7.32899e-05 6.195e-08 0.00057857 0.0181511 0.0035955 0.904282 
0.0238963 0.00129165 2.06111e-07 0.139744 0.020787 0.0444181 0.000282383 0.00622622 0.00174269 0.0319414 0.0295664 0.000269551 0.0061654 3.34006e-08 0.00526413 3.66523e-08 0.00194925 0.0151019 0.0252025 0.0158643 5.59217e-07 0.027548 0.499836 0.10222 0.000680997 
0.0217739 7.94854e-05 1.74137e-06 0.0160862 0.0364816 0.372587 0.0214781 0.0220949 0.000581496 0.0184178 0.000498828 2.17033e-05 0.00691955 1.75031e-07 0.000683698 0.00013723 0.0690672 0.0443723 0.02127 0.0102456 1.53279e-05 0.010103 0.31975 0.00724862 8.45533e-05 
0.0269 0.000251919 1.12613e-05 0.00610851 0.00925611 0.363314 0.00547057 0.164194 0.00026414 0.00957463 0.000169384 3.47122e-06 0.000450043 3.13227e-07 6.63098e-05 2.7629e-05 0.0352092 0.000215222 0.00088802 0.0032406 1.27843e-06 0.0691081 0.290245 0.0146446 0.00038533 
0.0231727 0.000386751 0.000615419 0.0342479 0.00432046 0.0579982 3.67692e-05 0.626038 0.00204509 0.00467676 0.000290123 1.49516e-06 0.000807786 3.7475e-08 0.00126543 6.421e-06 0.00160454 0.000876008 0.00214653 0.0249305 4.23305e-06 0.0229101 0.174925 0.0166407 5.35739e-05 
0.121646 0.00138296 0.068939 0.0375042 0.0441554 0.0346353 0.000207289 0.0266894 0.000158534 0.211758 9.41622e-08 1.14274e-07 0.0030577 1.78034e-08 8.74975e-07 1.34111e-05 0.00323092 3.45567e-05 0.0196597 0.302609 2.1171e-06 0.061875 0.0559409 0.00649907 1.91219e-08 
0.000198529 2.0667e-06 5.34655e-13 1.05194e-05 7.50615e-05 4.13217e-05 3.68072e-09 1.7353e-05 1.8682e-05 6.8241e-05 2.16975e-09 0.000111895 1.10022e-08 4.41834e-13 9.30316e-10 2.1033e-07 1.60948e-05 3.52633e-05 0.00804988 1.80834e-09 6.08545e-07 0.00031553 8.80057e-06 4.1664e-05 0.990988 
0.0142866 2.555e-08 2.72082e-12 0.00193299 0.000386862 0.00020728 0.000100991 0.0035989 3.13071e-05 0.000288896 0.000222157 1.82746e-06 5.26772e-09 2.24846e-12 0.967013 9.08759e-09 0.000191214 1.16647e-05 1.92438e-08 5.97837e-08 7.00358e-09 0.000343309 0.00610117 0.00528143 1.09296e-09 
0.0055298 0.0134397 5.88806e-10 0.00338711 0.0267874 0.55796 0.00169698 0.00917547 0.000264988 0.00257654 7.08719e-05 1.85954e-05 1.61846e-08 1.03013e-11 0.000129357 1.29738e-05 9.63603e-09 0.01211 0.012848 0.00117002 4.13329e-06 0.0239497 0.315128 0.0137407 1.12221e-07 
0.0151275 5.86364e-10 1.08347e-09 0.000236296 0.00612139 0.0013402 0.000317158 0.000844371 0.00124451 0.0142961 3.00026e-08 0.000396045 0.000102696 1.22684e-10 1.30548e-08 5.29769e-06 0.00115309 0.0233312 0.00880405 7.32899e-05 6.195e-08 0.00057857 0.0181511 0.0035955 0.904282 
0.000512702 0.802087 1.03534e-06 0.0181791 0.0200967 0.000781556 3.38798e-06 0.0114451 8.91672e-06 0.000748672 0.00503214 3.52619e-05 0.00454104 3.93013e-08 0.104457 2.737e-06 0.00440885 1.30708e-06 2.57878e-05 0.00295707 0.000356527 0.000420974 0.000440683 0.0230797 0.000377033 
0.015266 3.64704e-05 1.81383e-07 0.224157 0.0514335 0.0308759 0.00230136 0.17311 0.0229431 0.00430117 0.00136005 5.29639e-06 0.00157445 7.8459e-08 0.000492353 0.000308603 0.00768444 0.065639 0.0968064 0.00233847 4.28067e-07 0.010371 0.232557 0.0560519 0.000386602 
0.0151275 5.86364e-10 1.08347e-09 0.000236296 0.00612139 0.0013402 0.000317158 0.000844371 0.00124451 0.0142961 3.00026e-08 0.000396045 0.000102696 1.22684e-10 1.30548e-08 5.29769e-06 0.00115309 0.0233312 0.00880405 7.32899e-05 6.195e-08 0.00057857 0.0181511 0.0035955 0.904282 
3.00145e-05 0.000267473 1.0224e-12 2.2209e-06 0.00331051 0.000120286 0.99535 0.000163659 3.62591e-05 1.71448e-05 2.02028e-05 3.16211e-05 1.1608e-06 8.44897e-13 8.62844e-10 1.55954e-06 4.21529e-05 6.30525e-05 0.000126603 6.99193e-05 2.28068e-06 0.000139275 0.000147389 2.52694e-05 3.21582e-05 
0.00119872 2.69946e-05 5.41353e-08 0.00819092 0.000566361 0.00114849 9.56862e-05 0.00122214 0.000126868 0.000264419 1.01351e-05 4.87591e-06 0.000172892 4.47369e-08 7.52497e-05 4.39211e-05 0.191004 0.000468419 0.00783773 0.00119705 5.93346e-07 0.383409 0.00916807 0.39376 7.16007e-06 
0.000554895 2.98233e-07 8.14342e-12 0.00102885 0.00022069 0.000277603 9.94104e-09 0.00178521 4.14737e-06 5.00133e-06 3.43796e-08 4.71996e-05 5.93202e-05 6.72965e-12 0.00059032 1.07033e-07 6.17849e-05 2.27856e-05 0.00513358 0.000127865 2.34679e-08 0.000276308 0.00106832 0.00046015 0.988276 
0.00623111 7.13735e-06 0.00154051 0.00118963 0.35063 0.00747492 0.446611 0.0836014 0.00491241 0.000315447 0.000132212 9.77497e-06 0.00109233 9.94932e-13 8.10781e-07 3.05579e-06 0.000650022 0.0180568 0.00242966 3.85344e-06 7.58133e-08 0.0152507 0.0531429 0.00585401 0.000860624 
0.0129833 0.00018143 1.01823e-05 0.0121114 0.0606821 0.0933062 0.0166315 0.0310177 0.00627925 0.000986893 0.00150497 1.9355e-05 0.00433689 4.11486e-06 0.000667515 1.08127e-05 0.0268922 0.028941 0.00899063 0.00296663 8.99086e-05 0.0696963 0.605618 0.0159676 0.000104285 
0.011012 5.07779e-05 1.59974e-06 0.00456896 0.566105 0.00537375 0.00096041 0.291758 0.000251883 0.002758 0.00220327 9.88244e-05 0.00918914 9.6537e-07 0.00296947 0.000654324 0.00616231 0.00962814 0.0143798 0.000608399 1.47821e-06 0.00141274 0.00874253 0.0610878 2.07245e-05 
0.0151275 5.86364e-10 1.08347e-09 0.000236296 0.00612139 0.0013402 0.000317158 0.000844371 0.00124451 0.0142961 3.00026e-08 0.000396045 0.000102696 1.22684e-10 1.30548e-08 5.29769e-06 0.00115309 0.0233312 0.00880405 7.32899e-05 6.195e-08 0.00057857 0.0181511 0.0035955 0.904282 
2.9457e-07 4.94728e-08 6.32194e-12 0.090314 0.00384869 3.7093e-08 0.000742162 2.20086e-07 0.00326394 0.00146274 2.41428e-08 0.000288285 0.00982199 5.22439e-12 1.01782e-07 9.03463e-08 0.232245 0.00280991 0.0568588 2.30899e-08 1.97593e-08 0.505962 0.076098 0.0118334 0.00445037 
0.000970563 3.74755e-09 9.07688e-13 0.000629773 0.00104938 0.0206864 0.000149598 0.00126215 3.32532e-05 0.000428575 1.8412e-05 1.6037e-09 0.000112488 7.50104e-13 2.74019e-05 2.63112e-05 0.0199484 3.28086e-05 0.903837 0.000156689 2.24351e-06 0.00958289 0.0405134 0.000465073 6.67299e-05 
0.000616835 1.85896e-06 7.23216e-10 0.000639658 0.0152984 0.00374603 0.940825 0.0125613 0.00181457 0.000509365 7.6528e-06 1.86459e-06 0.000161413 6.35877e-12 3.99468e-05 2.96793e-06 0.000358805 0.00216476 0.00210943 0.000144974 9.1797e-10 0.00195415 0.0154418 0.00157681 2.23905e-05 
0.00120596 0.0556619 4.64066e-11 0.00195198 0.0121641 0.0530674 0.000907227 0.222149 0.000182692 0.0117838 6.3625e-08 0.000276207 3.18124e-05 3.83499e-11 0.000438497 0.000121114 8.77924e-07 0.00136322 0.00423564 4.86379e-05 0.000173919 0.0103884 0.240887 0.382961 5.1101e-08 
0.0264853 5.10341e-06 3.08885e-06 0.022072 0.0140106 0.0139477 0.0082354 0.00802243 0.000867392 0.014557 0.00118217 7.20358e-05 0.0521402 1.30306e-06 0.0011472 1.22309e-05 0.073633 0.0660445 0.0499218 0.00675446 2.88718e-05 0.441609 0.191396 0.00714901 0.000703076 
0.0120092 5.42216e-06 5.62412e-12 0.104659 0.0327827 0.0223783 0.00158804 0.00787241 0.0073609 0.000530466 0.00174972 7.22723e-05 0.0342658 4.64772e-12 4.91851e-06 1.08264e-05 0.073284 0.00309524 0.179907 0.000892685 3.15458e-07 0.362881 0.149272 0.00415042 0.00122652 
0.0001533 0.150821 1.10556e-10 0.0123256 0.06782 0.00171506 0.00246079 0.00986745 0.00022972 0.000448668 0.00149097 0.000135023 2.86047e-07 9.13622e-11 0.000161764 2.05792e-05 1.37068e-09 0.0268365 0.00076467 1.0229e-05 9.94109e-06 0.00400738 0.0165466 0.704169 4.74419e-06 
0.00347188 3.81277e-06 9.21455e-06 0.00507052 0.854165 0.0157325 0.00457311 0.0158567 0.00464088 0.0445956 0.00265376 1.91886e-05 0.000438897 7.65853e-09 0.00573898 4.14936e-08 2.09131e-05 0.00196287 0.00424186 0.000206392 1.27909e-08 0.00301471 0.0177135 0.0157665 0.000102819 
2.14477e-05 0.000336215 4.31942e-12 1.58978e-06 0.00387211 5.44194e-05 0.99492 0.000143204 1.31628e-05 2.44872e-05 1.44471e-05 2.25991e-05 8.33751e-07 3.56952e-12 6.61848e-10 1.12111e-06 3.01368e-05 2.44564e-05 9.04536e-05 4.9962e-05 1.63965e-06 9.95117e-05 0.000141105 0.000134067 3.18657e-06 
0.00713089 1.14678e-07 1.67568e-09 0.00378488 0.0366786 0.293227 0.000990172 0.0162236 0.000331362 0.00154372 0.00842962 1.92735e-06 0.00364982 2.06805e-10 0.000122249 1.56146e-05 0.0149732 0.000222485 0.346564 0.00149568 1.60745e-06 0.0116939 0.242221 0.0106928 4.87311e-06 
0.00122461 8.14677e-05 1.21458e-10 0.0006571 0.0376057 5.83046e-05 0.00125313 0.000930367 0.000137253 0.0169135 7.00051e-05 0.00218657 0.000219119 1.00372e-10 0.000371978 1.36014e-07 3.3654e-05 0.0125602 0.00191641 0.000364683 0.000337855 0.00027438 0.000329941 0.921118 0.00135548 
0.00637633 0.0227832 4.53982e-08 0.00252183 0.0429328 0.634616 0.044639 0.0114415 0.000481055 5.88111e-05 0.000664089 1.08104e-05 1.52124e-05 5.72239e-09 9.8619e-05 8.20488e-05 0.00594251 0.0479378 0.00634067 0.00055929 6.18685e-08 0.0785683 0.0610988 0.032831 4.11259e-08 
0.000587265 3.5651e-06 2.79743e-09 0.000304061 0.0229146 0.00444522 0.921344 0.0140892 0.00253628 0.000757258 1.60499e-05 3.06384e-06 0.000218504 2.04641e-12 2.21834e-05 4.78482e-06 0.000281746 0.00348943 0.00243659 5.16154e-05 2.83162e-08 0.00138214 0.0231359 0.00193962 3.65102e-05 
0.00613783 7.586e-05 0.0345608 0.00198599 0.0665698 0.0156361 0.000721229 0.00817591 0.00211404 0.568965 0.00368345 0.000841185 0.0159075 3.07091e-10 0.00152956 6.38242e-06 0.0391046 0.0004291 0.00448289 0.020883 0.13244 0.00177359 0.0139667 0.0599758 3.35108e-05 
0.00242786 7.9439e-08 0.0036706 0.000441604 0.00329273 0.000673175 0.00010373 0.000529765 7.04456e-05 0.949707 1.65497e-05 0.0158761 6.16651e-05 6.52254e-09 0.00109524 1.53529e-05 0.000870133 0.00163544 0.000980026 0.00103725 1.05737e-07 0.000128321 0.0098285 0.00192976 0.00560846 
3.00145e-05 0.000267473 1.0224e-12 2.2209e-06 0.00331051 0.000120286 0.99535 0.000163659 3.62591e-05 1.71448e-05 2.02028e-05 3.16211e-05 1.1608e-06 8.44897e-13 8.62844e-10 1.55954e-06 4.21529e-05 6.30525e-05 0.000126603 6.99193e-05 2.28068e-06 0.000139275 0.000147389 2.52694e-05 3.21582e-05 
0.00188316 1.61057e-07 5.91259e-06 0.0142746 0.00439614 0.00586339 2.10702e-05 0.0164416 0.000365879 7.70636e-05 2.14942e-05 3.8801e-05 0.00192824 1.01117e-10 0.00298983 8.88373e-06 2.85241e-05 3.11006e-05 0.00121042 0.91169 2.48705e-07 0.00120779 0.0315172 0.0018151 0.00418295 
0.147329 0.00012169 7.67526e-06 0.0213822 0.0101576 1.43749e-05 4.72593e-05 0.0870371 0.0108712 0.000535232 0.00272361 1.88552e-05 0.00118884 8.12926e-09 0.101557 6.24478e-05 0.0380043 0.00115187 0.00748159 0.000696391 4.36867e-08 0.000905248 0.531591 0.0371159 1.2825e-08 
0.0269037 7.78285e-05 1.18498e-09 0.0014836 0.000815153 2.98164e-07 0.000138727 0.00690403 0.00864776 0.000512412 1.94487e-07 3.45882e-07 0.000919082 9.79254e-10 0.000229897 7.27496e-07 0.0615527 5.95791e-08 1.51285e-05 1.85765e-07 4.70613e-06 0.274247 0.190392 0.427152 2.02094e-06 
0.00727133 0.000116117 0.00303613 0.000569918 0.00658901 0.000199246 0.000853391 0.0170759 0.00125117 0.0847383 1.08162e-05 0.00097335 0.000698125 1.07381e-06 0.00102256 5.88985e-05 0.121652 5.78671e-05 0.00659245 0.0154615 0.130565 0.00374407 0.0219581 0.57529 0.000213953 
0.0210335 0.388703 5.95053e-05 0.00796827 0.0827029 0.0173532 0.0109582 0.0238693 0.000609611 0.0386976 0.00651241 0.00857825 0.00097349 1.37714e-06 0.00729702 9.61834e-05 0.00636775 0.0162903 0.00416718 0.00230461 0.00556637 0.0134473 0.0619114 0.273654 0.000877156 
0.000983071 1.78304e-05 0.0052203 0.00922958 0.776975 0.019625 0.0189243 0.00372733 0.0330063 4.70074e-05 0.00131852 1.63394e-08 0.00627639 6.66239e-09 1.05594e-07 9.30638e-06 0.000485015 0.00244437 0.0205401 0.0456889 6.57705e-06 0.0178841 0.0365161 0.000185543 0.00088969 
0.0126525 0.00359334 0.000298063 0.0330269 0.0160011 0.128973 0.00206003 0.0325778 0.00104762 0.000433608 0.00695228 2.43193e-05 0.00489342 5.47793e-07 8.17891e-05 0.000100095 0.0230909 0.00300847 0.0525891 0.000381705 1.11783e-05 0.165422 0.498324 0.0140008 0.000454709 
0.00507395 3.78872e-05 1.52571e-06 0.038917 0.0687295 0.0501521 0.00511555 0.127599 0.574951 0.00217031 1.18896e-06 1.88479e-06 0.0201429 6.18662e-08 1.72244e-07 2.9021e-05 0.00125126 0.000113303 0.000404508 0.00295333 4.89489e-06 0.00868839 0.0642733 0.0293548 3.33161e-05 
1.44246e-06 0.159327 5.09764e-09 2.86552e-06 0.0735873 0.000414957 0.00200579 0.0116496 0.000689465 0.00123963 0.000171206 0.000294751 8.21939e-06 4.21264e-09 0.00110458 1.86084e-05 2.54773e-06 0.0108846 0.000626091 9.08997e-07 2.44047e-06 0.00383521 0.00774182 0.726389 1.62297e-06 
0.0712834 3.37797e-06 1.3213e-05 0.0375691 0.0174823 0.0111149 0.00298512 0.0266857 0.0226009 0.00919505 0.000370533 7.20889e-05 0.00211361 3.72816e-07 0.00919568 0.000351855 0.0555821 0.00731925 0.0267855 0.00139535 4.28661e-07 0.399758 0.0938688 0.204243 1.05428e-05 
0.0403779 3.54691e-06 1.68208e-10 0.0106979 0.0486265 1.1383e-06 2.26542e-07 0.0258649 2.22239e-06 3.42612e-06 6.0628e-07 0.000235629 5.86485e-06 1.39005e-10 1.37462e-06 4.49498e-07 0.237312 0.00115778 2.7902e-07 0.0028792 5.16357e-08 0.0210197 0.0684096 0.541236 0.00216395 
0.0364428 0.12565 1.24501e-07 0.0538369 0.0727122 0.0416561 0.000350881 0.0785841 0.00138296 0.017817 0.001671 8.3134e-05 0.00261472 1.79273e-08 0.000175973 1.42045e-05 0.178204 0.024521 0.0726472 0.0130115 1.43996e-06 0.0032623 0.115668 0.158684 0.00100925 
0.00875673 0.000612013 0.00227753 0.0140899 0.0526441 0.0167916 0.00563591 0.0363991 0.0088979 0.172855 0.000127539 4.49123e-05 0.000908061 5.66418e-06 0.0104843 0.000161228 0.0238765 0.0109035 0.0860769 0.00535599 9.91344e-06 0.0196442 0.191547 0.330756 0.00113907 
0.0108724 0.854386 5.07551e-07 0.0101849 0.0158382 0.0348465 4.41891e-05 0.00361834 0.00569025 0.000583374 0.0195496 2.60075e-07 0.00110111 6.37181e-08 0.000431838 1.02971e-07 0.00763277 4.04173e-05 1.32634e-05 0.0315957 3.68613e-07 0.0005849 0.00083379 0.00162884 0.000522092 
0.0220525 0.000107205 5.05676e-05 0.0587057 0.00947141 0.00852987 0.000437859 0.0131745 0.000570579 0.000710257 0.00182739 6.17422e-05 0.00495973 1.31192e-06 0.53355 6.75514e-05 0.00468183 0.00177196 0.0535136 0.00239066 0.000122405 0.107166 0.140493 0.035453 0.000128972 
0.0528749 0.000177766 0.0212347 0.0134758 0.0241923 0.0127418 0.00101194 0.0227323 0.000934971 0.00659426 0.0153164 0.000122837 0.00314162 3.96506e-05 0.0207168 0.000155108 0.221377 0.00478141 0.00269963 0.0121355 4.10527e-05 0.121018 0.214251 0.228132 0.000101111 
0.000457561 0.00180101 1.46142e-10 3.64365e-05 0.0516097 0.00993734 0.862801 0.00160801 0.00361577 0.0048257 0.00121002 0.000234357 0.000192611 1.20771e-10 2.13349e-06 4.95016e-05 0.00694247 0.0017144 9.05967e-05 0.000968962 1.69202e-06 0.00260084 0.0422582 0.00641925 0.000622496 
0.00628213 3.13122e-05 1.00963e-06 0.00988673 0.0137224 0.211171 0.0002613 0.031745 0.000173655 0.00485535 0.0025374 8.49072e-06 0.00321875 3.9371e-09 0.000644129 1.43261e-06 0.00860116 0.00245685 0.0127548 0.00345865 8.84153e-05 0.0117632 0.671062 0.00525624 1.85634e-05 
0.0110177 0.000506778 1.67998e-06 0.00313286 0.0297029 0.00643579 0.00179583 0.0326759 0.0052743 0.00650943 0.00161425 0.000295912 0.00294408 3.9217e-07 0.016552 8.83523e-07 0.00614461 0.00154988 0.0136831 0.00771447 0.000130545 0.00318863 0.0153235 0.833493 0.000311485 
0.0367109 0.00595229 2.23468e-05 0.473113 0.0542079 0.0641429 0.0123247 0.0336374 0.00334648 0.00155498 0.000617872 0.00686825 0.00782884 4.00342e-06 0.0165166 0.000105533 0.0195144 0.00504047 0.0174571 0.0438007 0.00149727 0.00755006 0.169924 0.017478 0.000784156 
0.000156203 9.5773e-08 5.83911e-05 0.000501392 5.1485e-05 5.7632e-06 1.4523e-05 0.00350878 0.00120792 0.000233329 9.64465e-08 2.02422e-05 4.87834e-07 5.31389e-10 3.16693e-06 1.89562e-05 1.17435e-07 5.33277e-06 0.00274481 8.02829e-08 1.96731e-07 0.000275171 0.000224283 6.33209e-05 0.990906 
0.0344542 1.8799e-05 0.000101467 0.0163586 0.0128624 0.0200412 7.20886e-05 0.00544213 0.00214357 0.00248541 0.000125118 2.41989e-05 0.0205905 1.22096e-06 0.00241888 1.0801e-05 0.0838002 0.00237059 0.010052 0.0165155 3.55428e-06 0.705784 0.0559717 0.00834137 1.08746e-05 
0.102719 1.77112e-06 2.63447e-06 0.0508391 0.0370157 2.52812e-05 0.00176672 0.00935178 0.000176567 0.00674961 0.00340681 0.00206901 0.000106735 1.66051e-09 0.0734031 2.74611e-06 0.032777 0.0138667 0.0135177 0.00265021 1.91021e-06 0.000731987 0.165131 0.483322 0.000364962 
0.00246332 4.76704e-06 1.26538e-07 0.00294167 0.00863448 0.00145474 0.00190219 0.0122304 0.00456034 0.000218105 0.000126612 2.62471e-05 0.0488617 1.0457e-07 0.041047 4.51212e-06 0.0124434 0.0023076 4.7314e-07 0.0224343 1.99806e-05 0.183075 0.0324122 0.622509 0.000321897 
