0.00746605 7.31765e-05 1.49595e-08 0.000121043 0.00483247 0.144059 0.00238159 0.00864222 0.000331175 0.000346042 0.00825313 1.55352e-05 0.715349 0.000123955 2.41784e-09 9.68739e-06 0.00324662 0.0151621 0.0335754 0.00379605 7.46931e-09 0.0478424 0.00384862 8.7177e-05 0.000437464 
9.83214e-05 3.0626e-07 3.71829e-07 1.19607e-05 0.0718461 0.000101896 2.56596e-06 0.830015 2.78104e-05 0.000111277 0.0189235 4.58827e-06 5.12852e-05 1.23697e-05 2.26748e-07 2.42392e-05 0.0374507 0.0376577 4.26184e-05 4.8938e-05 0.000254505 6.54276e-05 0.000257814 0.00282306 0.0001675 
0.089756 2.33872e-11 2.83944e-11 0.030549 0.0105259 0.00201092 0.000337405 0.00410884 9.7905e-09 0.00954329 0.00281376 4.20466e-08 0.187055 5.93563e-08 1.73154e-11 4.35455e-08 0.0642437 0.000738381 0.0522897 0.00218716 1.46815e-08 0.38613 0.113937 0.0035871 0.0401869 
0.179192 0.128405 6.47338e-11 0.0471388 0.0419956 0.010907 0.00352419 0.0393187 5.6765e-06 0.335829 0.00195836 0.0565146 0.00998161 3.37485e-08 3.94757e-11 1.2224e-07 0.0190252 1.25975e-05 0.00750186 0.0496116 1.51334e-05 0.0429369 0.0177142 0.00840556 5.50015e-06 
0.0526417 0.000108911 3.10666e-05 0.0458133 0.00223361 0.000122498 0.000119 0.397442 1.34895e-05 0.000343652 6.68394e-05 1.11761e-05 0.0110665 1.19583e-05 3.90568e-07 1.05939e-05 0.319621 0.000291268 0.000704322 0.0169209 0.000132057 0.016337 0.130346 0.00559213 1.84066e-05 
0.0136591 2.56228e-05 1.07663e-11 0.00464262 0.000998116 0.598483 2.28532e-05 0.0263066 4.16211e-05 0.000500994 2.76446e-05 5.10683e-05 0.00611902 1.22743e-05 6.56546e-12 1.24538e-05 0.0874341 1.21578e-05 0.139064 0.000950615 7.18008e-09 0.0195556 0.101983 1.02119e-05 8.74714e-05 
0.0336061 4.63233e-07 6.54835e-09 0.00675329 0.11108 0.153157 0.0266479 0.134871 0.00168859 0.00156651 0.000110637 4.13698e-05 0.0100194 1.73964e-05 3.99329e-09 6.35059e-06 0.386266 0.00210162 0.0586474 0.000592312 1.30497e-05 0.00763099 0.0332672 0.00786925 0.0240458 
0.0217814 7.10173e-06 6.74396e-06 0.0131424 0.00892672 0.0455503 0.000326818 0.00425884 0.0486763 0.0262012 6.52174e-05 0.00595228 0.00207076 1.8574e-06 5.01413e-07 1.94858e-05 0.0252118 0.0316464 0.00111984 0.004063 9.12964e-07 0.326719 0.233454 0.200794 3.09866e-06 
0.0140747 0.000165159 2.68935e-10 0.0554294 0.00950997 0.0774719 0.000604793 0.159954 0.00435771 0.00109989 6.83953e-07 3.35111e-09 0.000117626 1.80784e-05 1.64001e-10 0.000261562 0.020692 0.00013966 0.0249421 0.0012109 3.29992e-08 0.0121539 0.617135 0.000661807 9.60383e-08 
0.0338061 8.75799e-05 1.72309e-06 0.0464517 0.168593 0.0250797 0.0356863 0.0519976 0.0205687 0.0031304 0.000313723 3.13115e-05 0.0033487 7.32758e-06 4.71328e-07 2.43442e-05 0.00370838 0.0206254 0.00628151 0.0437313 3.27661e-05 0.0184023 0.441299 0.0767538 3.71769e-05 
0.00898438 7.04499e-06 0.00306935 0.000352454 0.78447 0.0141415 0.0519552 0.0115203 0.0262971 0.00336845 0.000882657 1.01538e-06 0.000158412 3.42503e-07 2.57479e-10 1.58671e-06 0.0145779 0.0237143 0.0020841 3.0489e-05 3.38824e-07 0.0317234 0.0205974 0.00196585 9.68619e-05 
0.349899 4.63383e-06 2.26858e-09 0.00865526 0.268615 0.0126099 0.0107042 0.000699129 3.45018e-07 0.16805 0.000611653 0.000971648 0.00560924 1.87473e-09 1.38342e-09 1.07827e-06 0.000719743 3.97106e-05 0.0066166 0.00536373 3.04978e-07 0.0341703 0.0025597 0.124097 1.61259e-06 
0.0109266 1.3797e-08 8.77048e-12 0.209124 0.0263881 0.0030654 0.0023173 0.00185076 0.00578929 0.0011491 9.56346e-08 2.01992e-05 0.0447028 7.24784e-12 5.34838e-12 1.53182e-06 0.0609069 0.126067 0.0137228 0.000113382 5.37391e-12 0.169261 0.320312 0.00313631 0.00114495 
0.00199409 9.56734e-05 1.08893e-11 0.00283532 1.81798e-08 0.541754 0.0561172 0.0825004 4.84388e-08 0.00371368 4.42652e-09 0.000457186 0.00111339 2.40118e-08 6.64044e-12 2.02136e-08 3.67107e-08 8.79459e-05 0.227615 0.00220892 6.67214e-12 0.0227986 0.0566709 3.70314e-05 3.07633e-08 
0.154557 6.20968e-05 3.12397e-07 0.00818863 0.0623923 0.130165 0.00333197 0.00905626 0.0223287 0.0149191 0.000669227 5.17401e-07 0.00303384 0.0336796 1.54153e-13 5.82983e-05 0.0466847 0.0373749 0.0199011 0.00135563 2.42286e-06 0.418748 0.0327283 0.000677276 8.54672e-05 
0.0141877 0.000764534 9.97044e-08 0.00475249 0.0042264 0.00255643 0.000525498 0.00392805 0.000108221 1.20454e-05 3.45387e-05 2.90485e-07 0.00526399 0.000131986 7.36743e-08 1.71268e-05 0.0017796 0.912055 0.0032549 6.00449e-05 4.33622e-07 0.041395 0.00486516 6.27772e-05 1.75717e-05 
0.000503413 0.000274123 7.08851e-10 0.00201392 0.00437084 0.0324881 8.46975e-05 0.00984154 0.000426812 5.0325e-07 0.826164 0.000247443 0.0746677 9.73855e-07 4.32269e-10 3.86531e-07 0.000696959 0.0157562 0.00314034 0.00531453 5.70638e-06 0.0202939 0.00368233 4.69785e-07 2.46584e-05 
0.00738253 6.13254e-09 5.3328e-12 0.00146477 0.0040189 0.0139408 0.000107108 0.00148961 4.65766e-05 0.0029522 2.01505e-06 0.000330098 0.000233096 1.74886e-05 3.25203e-12 0.000905177 0.000841458 6.9817e-05 0.9513 0.000730338 1.126e-07 0.00150049 0.0125619 6.05468e-06 9.91142e-05 
0.152277 4.40523e-05 2.88631e-08 0.002666 0.0232967 0.0219717 0.00220074 0.00786298 0.00167115 0.000442704 5.83633e-05 1.49233e-08 0.00358926 1.86309e-06 7.05098e-11 6.79301e-06 0.0340034 0.00307914 0.00843045 0.0186008 1.20112e-07 0.0889887 0.626533 0.0042711 3.02117e-06 
0.007844 4.16428e-07 6.21523e-07 0.00598687 0.0199134 0.0501029 0.00124607 0.00544495 0.000478011 0.00153874 2.20145e-06 0.000383402 0.000839729 2.27775e-05 1.86163e-10 0.000652504 0.00148089 0.00160177 0.845598 0.000738649 1.11454e-07 0.0308127 0.0252157 3.5825e-06 9.16629e-05 
0.00671197 0.000138015 5.99118e-07 0.0785429 0.105442 0.158868 0.0296057 0.0893418 0.00520509 0.00112755 0.00261669 4.95096e-06 0.00436191 0.00095003 1.34551e-07 2.3372e-06 0.000226262 0.0555579 0.0180576 0.0011589 2.01089e-07 0.181233 0.247545 0.00207954 0.0112211 
0.0286316 2.1884e-05 1.32484e-08 0.077504 0.0246947 0.0197527 0.000332553 0.0207241 0.00239366 0.00038215 0.000145307 1.54366e-06 0.000233045 4.94737e-07 3.60055e-12 9.9552e-07 0.0183131 0.00199129 0.000449557 0.00265588 9.42434e-10 0.00436801 0.796743 0.000660062 6.15373e-11 
0.019645 6.10192e-06 2.5857e-10 0.00680287 0.000484594 0.128897 3.63649e-07 0.0237798 0.000227243 1.68997e-05 0.0262471 5.74283e-05 0.206079 1.08472e-06 1.5768e-10 9.06347e-08 0.0217036 0.00108878 0.0806096 0.369223 7.84671e-06 0.0984984 0.0158659 0.000753485 4.45672e-06 
0.00738253 6.13254e-09 5.3328e-12 0.00146477 0.0040189 0.0139408 0.000107108 0.00148961 4.65766e-05 0.0029522 2.01505e-06 0.000330098 0.000233096 1.74886e-05 3.25203e-12 0.000905177 0.000841458 6.9817e-05 0.9513 0.000730338 1.126e-07 0.00150049 0.0125619 6.05468e-06 9.91142e-05 
0.775993 5.24686e-05 5.64755e-09 0.00137188 0.00502391 0.00645209 0.000391643 0.00150442 0.00163777 0.00165162 0.0015122 0.00346287 0.00836721 0.000166935 3.57255e-12 3.03962e-08 0.0683503 0.00155385 0.01799 0.00126305 1.94036e-06 0.0589489 0.0422328 0.00201832 5.22958e-05 
0.00738253 6.13254e-09 5.3328e-12 0.00146477 0.0040189 0.0139408 0.000107108 0.00148961 4.65766e-05 0.0029522 2.01505e-06 0.000330098 0.000233096 1.74886e-05 3.25203e-12 0.000905177 0.000841458 6.9817e-05 0.9513 0.000730338 1.126e-07 0.00150049 0.0125619 6.05468e-06 9.91142e-05 
0.000606076 0.00190106 4.8375e-07 0.0679997 0.0551094 0.0809601 0.000557525 0.0498665 0.0487593 0.00011456 0.00231747 1.63848e-05 0.00676845 3.07391e-05 2.94999e-07 1.18528e-05 0.00214295 0.000382236 0.0215551 0.000337782 1.12974e-06 0.0225063 0.637942 1.87363e-05 9.38007e-05 
0.0294433 0.000554856 1.91069e-08 6.639e-06 5.48981e-05 0.000595243 6.47843e-07 0.00371673 3.4044e-06 0.950116 7.54448e-05 0.00024379 0.00031701 1.57898e-08 1.16517e-08 3.00895e-06 2.30274e-07 2.8514e-06 1.83998e-06 0.00426433 1.17073e-08 2.72321e-06 0.00722216 0.00336272 1.16342e-05 
0.0175633 8.9751e-05 1.55841e-07 0.000597975 0.000752099 0.0237626 1.40635e-05 0.165923 0.000309783 0.0714521 8.26982e-05 0.000150033 0.00109954 2.09208e-05 9.50346e-08 1.6e-05 0.00538249 0.00077397 0.268536 2.57124e-05 0.000155754 0.398761 0.00764337 0.0367501 0.00013835 
0.197306 2.2979e-06 1.91324e-06 0.0521049 0.0410232 0.141154 0.00351591 0.0238149 0.0200745 0.00253677 0.0250293 3.8499e-07 0.184638 0.00411077 4.42955e-08 2.62639e-06 0.00604131 0.0259158 0.0579638 0.0540898 3.68467e-05 0.064412 0.0769937 0.00824795 0.0109831 
0.0744957 0.0517696 1.2248e-06 0.0167821 0.0124457 0.0717758 0.0377023 0.0246111 7.30062e-05 0.040581 0.000137857 0.000109539 0.0529804 8.95643e-05 3.37672e-07 0.000198942 0.0772843 0.00403827 0.0293406 0.00363986 6.52899e-06 0.30843 0.148466 0.0450245 1.54459e-05 
0.0498606 2.53323e-10 3.07559e-10 0.0350858 0.172467 0.0932464 0.00129045 0.0999986 0.00501199 0.000504915 0.00254461 0.000121554 0.00459996 6.71678e-05 1.87554e-10 7.87134e-05 0.002596 0.000390557 0.459935 0.0163618 5.79739e-08 0.0234549 0.0245909 0.00736711 0.000426612 
0.0209452 2.04159e-05 5.83652e-06 0.0275708 0.047346 0.249974 0.0201779 0.0929344 0.012841 0.00502736 0.00466635 1.91789e-05 0.0165208 2.39938e-05 4.87851e-08 3.99212e-06 0.00777726 0.013893 0.0329005 0.00291915 5.84684e-07 0.120724 0.319838 0.00332025 0.000550072 
0.61728 4.97935e-06 2.60339e-09 0.0231588 0.00108428 0.0155123 3.79352e-05 0.001933 3.6052e-05 0.000212347 0.000152018 5.30917e-06 0.0868573 0.000679729 1.13662e-09 2.81529e-06 0.0754443 0.000311161 0.00582368 0.0137808 4.8961e-07 0.0865538 0.0710075 7.38299e-05 4.71937e-05 
0.000357605 2.88243e-11 3.49955e-11 0.000419316 0.363761 2.24128e-07 0.22441 0.0603318 0.312615 8.53906e-08 0.000487218 3.85931e-09 0.00604748 2.892e-11 2.13408e-11 4.67357e-11 0.00927605 0.000514541 0.000167337 0.000244001 6.08199e-09 0.00768582 0.0132082 0.000473659 5.89671e-08 
0.00560344 3.63963e-05 1.74695e-09 0.00400644 0.0484643 2.03147e-06 0.0208877 0.00523518 4.64019e-05 0.000150597 0.345491 9.9103e-08 0.0120324 2.1387e-06 1.06532e-09 6.03348e-07 0.000419764 0.00085401 0.0739562 0.466595 1.2515e-06 0.00222865 0.0137488 0.000237801 6.47581e-07 
0.0407612 1.22176e-07 1.49737e-10 0.00437019 0.167784 0.00160924 0.000466751 0.399802 8.06194e-05 0.0435305 0.00675226 0.00060757 0.000572283 0.00218187 9.13123e-11 0.00135885 0.0766589 0.000244034 0.151062 0.0251365 1.30036e-08 0.00729678 0.0571149 0.0124284 0.000181321 
0.00746605 7.31765e-05 1.49595e-08 0.000121043 0.00483247 0.144059 0.00238159 0.00864222 0.000331175 0.000346042 0.00825313 1.55352e-05 0.715349 0.000123955 2.41784e-09 9.68739e-06 0.00324662 0.0151621 0.0335754 0.00379605 7.46931e-09 0.0478424 0.00384862 8.7177e-05 0.000437464 
0.00530023 9.40826e-08 1.11228e-09 0.00222724 0.0774551 0.0286133 0.000562214 0.00430617 2.07254e-05 0.00147564 9.26534e-06 0.000771286 0.00601296 2.63689e-05 6.78287e-10 0.000257044 0.000275646 0.000153564 0.852699 0.00776878 1.30633e-08 0.00485869 0.00644916 0.000217636 0.000539996 
0.0621567 0.0347463 1.59488e-08 0.018508 0.0018967 0.181413 0.0081578 0.0351755 0.000211834 0.000972906 0.00291893 0.0001812 0.0101079 8.84016e-06 1.12322e-12 9.06294e-06 0.226659 0.00557918 0.00431176 0.0147943 4.16839e-05 0.0634624 0.328231 0.000378074 7.83351e-05 
0.00255821 0.16208 1.95416e-09 5.61791e-06 0.240225 0.254891 0.00049947 0.0614261 2.06518e-06 2.70917e-07 0.0825664 1.70965e-05 7.95593e-06 1.6149e-09 1.19168e-09 1.729e-06 0.0125962 7.8821e-05 0.00136813 0.0596564 1.43577e-05 0.0042983 0.0974672 0.0202382 2.13086e-06 
0.00274415 0.081231 3.91257e-10 0.000937765 0.690862 0.00124578 0.0257144 0.0192457 0.0047926 0.00541252 0.000341781 3.54265e-05 1.98901e-05 0.00123546 2.38595e-10 3.79002e-06 0.0013745 0.000663639 0.0676468 0.00347689 0.000188075 0.0125147 0.0696201 0.0100598 0.000633632 
0.0577313 8.09381e-05 2.90508e-05 0.0287734 0.0248086 0.0284752 0.00401824 0.0201468 0.00409671 0.00160576 0.00292911 9.31693e-05 0.450251 2.45695e-05 1.72095e-05 2.24763e-05 0.0625521 0.00437181 0.0556572 0.0318296 0.00321937 0.102296 0.0912274 0.018389 0.00735466 
0.105701 0.000215631 1.41649e-09 0.0611039 0.00230715 0.02303 1.64802e-05 0.000868634 0.000448427 0.723293 0.000715789 0.00468818 0.000930139 1.69344e-06 8.638e-10 1.89169e-09 0.00173729 9.55432e-07 0.00103075 0.0558475 8.67923e-10 0.0153061 0.00145544 0.00130119 4.90671e-08 
6.15436e-07 7.01589e-05 5.77489e-11 2.94602e-07 7.24483e-07 4.05606e-06 0.447679 2.28335e-06 0.00518117 0.000147945 1.17691e-06 6.49353e-07 4.532e-07 1.43646e-08 3.52162e-11 7.71222e-11 0.417319 2.35718e-07 1.83453e-05 8.78031e-07 0.0129754 0.100148 0.00778778 0.00866232 2.08515e-07 
0.060424 5.11612e-05 0.000288488 0.00717642 0.0505092 0.166719 0.000951538 0.00616731 0.000395943 0.00237232 1.0613e-07 3.78802e-08 0.0297154 1.60494e-06 2.49981e-09 0.00387799 0.00448404 3.39776e-08 0.247389 0.195692 9.16521e-06 0.00423561 0.219533 3.4466e-08 6.02284e-06 
0.109891 0.000101763 2.37994e-08 0.0227858 0.0351411 0.154668 0.00301888 0.0933637 0.00028753 0.0100372 0.00743484 0.00437447 0.125775 3.08073e-05 1.45133e-08 5.26304e-06 0.014871 0.0123415 0.322174 0.0240737 1.52261e-07 0.012562 0.0458421 2.10943e-05 0.0011985 
0.195978 0.00562816 0.000740912 0.0314306 0.00209489 0.0347178 6.95674e-05 0.0109638 3.89258e-05 0.400615 0.000520324 0.00979684 0.0047827 0.000101004 6.7086e-06 0.00119296 0.0645697 0.000226513 0.00826852 0.0591374 0.0447201 0.00513014 0.101436 0.0177403 9.26098e-05 
0.159901 9.01874e-07 6.18053e-10 0.0231406 0.0236031 0.00842848 0.00430128 0.0182412 0.00283227 9.24068e-06 0.0328599 0.000167105 0.59681 0.000707702 3.76899e-10 8.25394e-10 0.0173129 0.000205935 0.0286852 0.037075 2.13875e-07 0.0281966 0.0117878 0.00573326 1.00737e-06 
0.159901 9.01874e-07 6.18053e-10 0.0231406 0.0236031 0.00842848 0.00430128 0.0182412 0.00283227 9.24068e-06 0.0328599 0.000167105 0.59681 0.000707702 3.76899e-10 8.25394e-10 0.0173129 0.000205935 0.0286852 0.037075 2.13875e-07 0.0281966 0.0117878 0.00573326 1.00737e-06 
0.0829826 0.00387932 1.19004e-06 0.0036897 0.000950267 0.0114155 0.00044659 0.00297169 4.83893e-08 0.0420952 8.0992e-06 0.000570876 0.000233014 6.52811e-05 7.48869e-09 1.99e-06 0.266746 1.53087e-05 0.00296083 0.0277241 0.346552 0.0457104 0.108974 0.0514009 0.000604532 
0.135291 2.64459e-05 3.59452e-07 0.000352916 0.0718365 0.0130184 0.000327633 0.00416774 4.14162e-05 0.00589963 0.000369296 1.71016e-05 0.002896 1.38079e-06 4.11699e-09 1.9088e-06 0.031697 1.84497e-05 0.0055416 0.017492 4.54816e-07 0.0639336 0.609466 0.0375993 4.64121e-06 
0.0646261 0.00406593 0.00120655 0.07576 0.0607715 0.250146 0.00147225 0.0179845 0.00690908 0.0149683 0.0126463 0.00151127 0.0524362 0.000313076 9.82807e-05 0.000476437 0.0668577 0.0083045 0.0447112 0.114142 0.00348405 0.0350848 0.153585 0.00821136 0.000227507 
0.16384 0.00255406 4.36618e-08 0.0303702 0.0138466 0.0548249 0.000607073 0.0221208 0.0696314 0.331194 0.000580661 0.00689267 0.0270984 5.14549e-06 1.84813e-10 4.62226e-05 0.00979969 0.000200343 0.021086 0.00973256 0.000101813 0.0250145 0.191445 0.0190062 1.36233e-06 
0.00738253 6.13254e-09 5.3328e-12 0.00146477 0.0040189 0.0139408 0.000107108 0.00148961 4.65766e-05 0.0029522 2.01505e-06 0.000330098 0.000233096 1.74886e-05 3.25203e-12 0.000905177 0.000841458 6.9817e-05 0.9513 0.000730338 1.126e-07 0.00150049 0.0125619 6.05468e-06 9.91142e-05 
0.451969 0.0310831 0.000171364 0.000442667 0.0592981 0.0552778 0.020412 0.0180435 0.000592357 0.0469927 0.00294159 0.00616097 0.0606565 0.00355413 5.66523e-07 1.88825e-05 0.0533376 0.00122527 0.00871681 0.00178246 0.000119443 0.0344106 0.0470774 0.0947987 0.000915895 
0.126137 0.0013548 4.96502e-10 0.0030681 0.00638938 0.00918165 1.43367e-06 0.021863 4.89418e-05 0.684483 5.70661e-05 0.00028425 0.000364236 0.00206552 3.02775e-10 4.76899e-05 0.0107037 2.58524e-06 0.0129834 0.0041838 0.000432624 0.00158944 0.0369282 0.0760763 0.00175323 
0.034143 9.82517e-05 1.40413e-05 0.00286878 0.00580311 0.0323145 0.000589098 0.0232621 0.000181201 0.00142035 8.4797e-05 0.000517538 0.00114196 1.45142e-06 7.70216e-07 4.22937e-06 0.317195 2.38842e-05 0.00331038 0.0236556 0.00985366 0.220634 0.0527492 0.270022 0.000110866 
0.00530023 9.40826e-08 1.11228e-09 0.00222724 0.0774551 0.0286133 0.000562214 0.00430617 2.07254e-05 0.00147564 9.26534e-06 0.000771286 0.00601296 2.63689e-05 6.78287e-10 0.000257044 0.000275646 0.000153564 0.852699 0.00776878 1.30633e-08 0.00485869 0.00644916 0.000217636 0.000539996 
0.430952 8.36265e-05 6.01062e-07 0.014291 0.0173532 0.0473382 0.0022478 0.0109181 0.000265262 0.00406018 0.000864469 0.00600011 0.00222505 9.85932e-05 1.44627e-07 1.19247e-06 0.0040326 0.0001524 0.0101219 0.0109566 2.74265e-06 0.0379229 0.397954 0.00179985 0.000357362 
0.159901 9.01874e-07 6.18053e-10 0.0231406 0.0236031 0.00842848 0.00430128 0.0182412 0.00283227 9.24068e-06 0.0328599 0.000167105 0.59681 0.000707702 3.76899e-10 8.25394e-10 0.0173129 0.000205935 0.0286852 0.037075 2.13875e-07 0.0281966 0.0117878 0.00573326 1.00737e-06 
0.0441962 0.000308907 2.646e-12 0.00293353 0.0164453 0.0932219 0.00135616 0.0126202 2.51182e-07 0.017287 0.000373181 1.93104e-05 0.000473556 0.00233556 1.61357e-12 6.32777e-05 0.556505 0.00197418 0.0106825 0.00135935 6.74613e-05 0.029875 0.189969 0.0178206 0.000112386 
0.167791 0.000640888 2.95769e-06 0.000208013 0.0183588 0.00557788 0.0700261 0.00372733 0.00897766 0.00758701 0.00150932 0.0127858 0.0338587 8.92346e-05 2.32474e-07 1.34637e-05 0.454375 0.000799078 0.0142592 0.00467902 1.61339e-06 0.0143056 0.0759857 0.104429 1.11795e-05 
0.00371064 9.70768e-06 2.62691e-05 0.0999407 0.17032 0.0283395 0.00668807 0.0865723 0.0232393 0.00186175 0.234401 6.48448e-05 0.0258574 1.54778e-05 6.63725e-08 0.000105657 0.0217555 0.000586021 0.00882845 0.196787 2.50935e-05 0.0335886 0.00354906 0.0537251 2.42494e-06 
0.0482563 0.000454187 0.0166541 8.16058e-05 0.0505541 0.00293898 0.000643612 0.0029185 0.00183277 0.607391 0.0392504 2.34374e-07 0.00217945 9.90756e-09 7.31107e-09 0.01411 0.0157411 0.0106965 0.00329721 0.000140893 0.111677 0.00413704 0.00178418 0.0652594 8.63918e-07 
0.065593 3.71285e-08 1.95132e-12 0.0148483 0.000559235 0.540103 2.01151e-08 0.0257603 7.06129e-08 0.00365648 6.44723e-09 4.44517e-08 0.0124587 3.4994e-08 1.18995e-12 2.94498e-08 0.0112118 1.41726e-08 0.157136 0.00174618 1.19563e-12 0.0695138 0.097413 3.3981e-09 4.48402e-08 
0.00199409 9.56734e-05 1.08893e-11 0.00283532 1.81798e-08 0.541754 0.0561172 0.0825004 4.84388e-08 0.00371368 4.42652e-09 0.000457186 0.00111339 2.40118e-08 6.64044e-12 2.02136e-08 3.67107e-08 8.79459e-05 0.227615 0.00220892 6.67214e-12 0.0227986 0.0566709 3.70314e-05 3.07633e-08 
0.108847 0.000241609 1.17692e-07 0.0491235 0.00844738 0.0477869 0.000172699 0.0212952 0.00032542 0.0392349 0.0114098 1.62537e-05 0.00430216 4.1477e-07 2.39053e-08 4.75135e-07 0.0655463 0.000380959 0.0461845 0.125434 7.23213e-06 0.369058 0.0392212 0.0629375 2.63188e-05 
0.0163182 1.68322e-05 5.21352e-06 0.00131022 0.0069053 0.666081 0.000497711 0.044323 4.2848e-05 3.3241e-05 0.000215072 4.54576e-06 0.0110168 1.27425e-05 1.46728e-08 3.50258e-05 0.0803224 0.00187112 0.00328945 0.00302927 9.21656e-05 0.129725 0.0344265 0.000134987 0.000291429 
0.0702859 4.3448e-06 8.93778e-08 0.277555 0.0432326 0.136028 0.000266078 0.0100698 0.00875695 0.0508697 0.00148979 8.39559e-05 0.00725581 0.00381925 5.4504e-08 1.20303e-06 0.00108265 0.000421711 0.0174707 0.196348 1.03864e-06 0.0669426 0.0874281 0.020478 0.00010862 
0.363524 0.000713418 4.22282e-12 0.0217137 0.00889008 0.00866237 1.16675e-05 0.00292203 6.30241e-05 0.0282805 0.158075 0.00390969 0.00168099 0.000259024 2.57515e-12 6.50116e-09 0.0148472 0.00148298 0.0190841 0.0127884 2.92182e-09 0.00287498 0.346892 0.0033202 4.55067e-06 
0.0921673 0.000131524 3.88228e-11 0.00523836 0.000558229 0.142324 1.11592e-05 0.0221717 0.0014004 0.00365473 0.00212778 2.84033e-05 0.0157689 7.90358e-07 2.36748e-11 5.18469e-11 0.0138175 1.0144e-06 0.250538 0.144475 1.13558e-07 0.0804394 0.224435 0.000101895 0.00060866 
0.00746605 7.31765e-05 1.49595e-08 0.000121043 0.00483247 0.144059 0.00238159 0.00864222 0.000331175 0.000346042 0.00825313 1.55352e-05 0.715349 0.000123955 2.41784e-09 9.68739e-06 0.00324662 0.0151621 0.0335754 0.00379605 7.46931e-09 0.0478424 0.00384862 8.7177e-05 0.000437464 
0.00762317 6.22129e-05 4.97298e-06 0.00372186 0.0174925 0.17141 0.00893978 0.0326025 0.00550476 2.32548e-05 0.00519609 0.0042738 0.03737 6.97227e-05 8.63245e-08 2.55381e-05 0.106728 0.00018818 0.00201624 0.00254583 5.7398e-07 0.550917 0.0420854 0.00114343 5.52288e-05 
0.0179511 0.000170388 1.2591e-10 0.00270322 0.00855082 0.0870048 1.47652e-05 0.00269866 0.00502272 0.00143023 0.0233922 5.46205e-06 0.570307 2.98581e-06 7.67817e-11 3.23929e-06 0.0229357 0.0214357 0.00393342 0.00130994 1.05183e-05 0.205375 0.0226075 0.00312952 4.34721e-06 
0.368359 0.000897349 1.37314e-06 0.0162214 0.0203154 0.0510105 0.000352262 0.0346348 0.00298869 0.0058461 0.000547523 3.18864e-05 0.0988012 7.93971e-05 6.38289e-09 3.5135e-05 0.036202 0.0133149 0.00735586 0.0101617 3.26529e-07 0.140617 0.164634 0.0275174 7.46041e-05 
0.00274415 0.081231 3.91257e-10 0.000937765 0.690862 0.00124578 0.0257144 0.0192457 0.0047926 0.00541252 0.000341781 3.54265e-05 1.98901e-05 0.00123546 2.38595e-10 3.79002e-06 0.0013745 0.000663639 0.0676468 0.00347689 0.000188075 0.0125147 0.0696201 0.0100598 0.000633632 
0.0692964 1.05055e-08 1.27547e-08 0.00253626 0.124681 0.259132 0.000998565 0.0421287 0.00295316 0.0144483 3.16344e-05 2.34812e-05 0.0361829 1.05403e-08 7.778e-09 1.70335e-08 0.0773797 1.81825e-07 0.0190782 0.056745 4.23418e-05 0.119515 0.113591 0.0606568 0.000579953 
0.00574417 0.0166869 1.56589e-10 0.00255631 0.0651998 0.552632 0.0234163 0.128326 0.00405846 0.00592856 9.84229e-05 8.18589e-05 0.00261492 1.45468e-07 9.54905e-11 4.98563e-06 0.0359106 0.0068351 0.00203676 0.000101479 2.68864e-07 0.0675739 0.0692981 0.0108313 6.34621e-05 
0.048391 0.000225255 0.00561109 0.00603914 0.052986 0.0232619 0.00144332 0.0044962 0.000668184 0.00441741 0.000133863 0.000264161 0.468532 0.000161486 2.7462e-08 0.0151915 0.00336256 0.000236948 0.140094 0.134394 7.24182e-05 0.00536658 0.0842307 0.000240352 0.000179397 
0.0407612 1.22176e-07 1.49737e-10 0.00437019 0.167784 0.00160924 0.000466751 0.399802 8.06194e-05 0.0435305 0.00675226 0.00060757 0.000572283 0.00218187 9.13123e-11 0.00135885 0.0766589 0.000244034 0.151062 0.0251365 1.30036e-08 0.00729678 0.0571149 0.0124284 0.000181321 
0.0390261 9.97878e-08 4.2766e-10 0.0161494 0.0629981 0.237322 0.000152385 0.0446392 0.00132959 0.00972442 6.35605e-06 6.4778e-06 0.0231347 0.000125671 2.60794e-10 1.62109e-05 0.337403 7.30685e-05 0.105575 0.0134567 4.13562e-06 0.0153959 0.0570713 0.00869575 0.0276946 
9.82744e-08 1.54789e-08 1.02159e-10 2.64447e-05 0.432071 0.0208713 0.43796 0.00345731 0.00031874 4.23419e-06 0.000232052 1.23806e-08 0.00186142 0.000348268 6.22983e-11 1.36431e-10 1.71982e-07 0.0109817 0.000563973 0.0858208 6.25957e-11 0.00546721 9.70194e-08 2.77209e-08 1.58133e-05 
0.00199409 9.56734e-05 1.08893e-11 0.00283532 1.81798e-08 0.541754 0.0561172 0.0825004 4.84388e-08 0.00371368 4.42652e-09 0.000457186 0.00111339 2.40118e-08 6.64044e-12 2.02136e-08 3.67107e-08 8.79459e-05 0.227615 0.00220892 6.67214e-12 0.0227986 0.0566709 3.70314e-05 3.07633e-08 
0.0322498 9.79524e-05 4.70933e-08 0.00356963 0.128892 0.322219 0.00242304 0.305451 6.37533e-05 0.00274972 0.000140092 3.61159e-05 0.00136653 1.06624e-05 2.87183e-08 1.27563e-05 0.0177413 0.0199718 0.0100833 0.00494445 1.45797e-06 0.0354553 0.11169 0.000717349 0.000112821 
0.137934 6.04367e-05 0.00509904 0.02498 0.00821234 0.0244501 0.000171431 0.0114996 7.21964e-05 0.115643 0.00243518 0.00162809 0.538168 1.97142e-05 3.78108e-07 0.000145707 0.0179204 8.90262e-05 0.0205244 0.0489214 4.89866e-07 0.0148023 0.0268147 0.000400723 8.26958e-06 
0.339083 0.00051942 1.48991e-05 0.0129756 0.0327223 0.0821037 0.00334298 0.0109693 0.00422067 0.198626 0.00232855 0.000185395 0.00711642 0.000700045 1.07549e-11 1.48473e-05 0.00953381 0.0506875 0.00513638 0.0224054 1.04745e-06 0.106301 0.0793183 0.0316833 9.46289e-06 
0.0407612 1.22176e-07 1.49737e-10 0.00437019 0.167784 0.00160924 0.000466751 0.399802 8.06194e-05 0.0435305 0.00675226 0.00060757 0.000572283 0.00218187 9.13123e-11 0.00135885 0.0766589 0.000244034 0.151062 0.0251365 1.30036e-08 0.00729678 0.0571149 0.0124284 0.000181321 
5.62304e-06 2.27249e-09 4.25448e-10 2.13402e-05 0.139733 0.00569116 0.0076676 0.00511138 0.000218569 1.8821e-05 0.000896253 1.98407e-05 0.00123761 1.08709e-06 1.85516e-12 5.02691e-09 0.000181066 0.839022 2.26396e-07 2.19588e-08 1.31305e-09 2.14136e-07 2.0771e-05 3.43206e-05 0.000119996 
0.00738253 6.13254e-09 5.3328e-12 0.00146477 0.0040189 0.0139408 0.000107108 0.00148961 4.65766e-05 0.0029522 2.01505e-06 0.000330098 0.000233096 1.74886e-05 3.25203e-12 0.000905177 0.000841458 6.9817e-05 0.9513 0.000730338 1.126e-07 0.00150049 0.0125619 6.05468e-06 9.91142e-05 
0.00197192 4.16557e-05 3.86669e-11 0.00013396 0.00749035 0.0474337 0.00543716 0.00251594 3.17119e-05 0.000275973 0.374826 4.74555e-08 0.00837361 7.343e-08 2.35797e-11 0.00118579 0.393368 0.00316902 1.52612e-06 0.000869094 1.17904e-08 0.0208742 0.124646 0.0049012 0.0024524 
0.775993 5.24686e-05 5.64755e-09 0.00137188 0.00502391 0.00645209 0.000391643 0.00150442 0.00163777 0.00165162 0.0015122 0.00346287 0.00836721 0.000166935 3.57255e-12 3.03962e-08 0.0683503 0.00155385 0.01799 0.00126305 1.94036e-06 0.0589489 0.0422328 0.00201832 5.22958e-05 
0.136565 4.47662e-05 9.41689e-08 0.141167 0.000947794 0.0747318 2.84137e-05 0.00753201 0.000240337 0.00766478 0.0221229 0.0611685 0.0256479 2.79726e-05 5.74257e-08 1.29952e-06 0.0194355 6.52509e-05 0.205893 0.0844844 4.24117e-06 0.0182887 0.193911 2.29053e-05 3.70155e-06 
0.161277 0.00152449 0.000931304 0.139844 0.00358609 0.0417255 7.70886e-08 0.0331097 0.00161116 0.00490281 0.00475442 0.000223668 0.00850341 0.00042352 7.70258e-08 0.000223102 0.0284123 0.0892632 0.00624527 0.0379613 0.000107912 0.0483288 0.38704 7.71028e-08 7.70322e-08 
0.0208711 4.61283e-07 2.46979e-09 0.0196121 0.0885706 0.0368029 6.81593e-05 0.136852 0.000946199 0.0018505 0.012579 6.57772e-09 0.00025175 2.04101e-09 1.50612e-09 5.61766e-07 0.0019324 4.01863e-07 0.0497096 0.601503 1.38169e-07 0.0158122 0.00361612 0.0090184 2.96195e-06 
0.139905 0.00012241 4.43547e-09 0.00114723 0.0059019 0.0432712 6.85001e-06 0.00572746 0.000126841 0.00143195 2.07808e-08 2.29754e-09 0.0105603 1.34305e-06 3.60634e-12 2.12027e-05 0.0512923 0.00197368 0.0512036 0.138919 2.55045e-06 0.46351 0.0846696 0.000197731 9.14885e-06 
0.366973 0.0396961 2.18942e-08 6.07903e-05 0.00313725 0.0269181 0.00111726 0.011214 4.13621e-06 0.0465804 0.0647706 0.00102964 0.265081 6.52184e-06 7.33531e-09 8.79751e-05 0.0524296 0.00661518 0.00573057 0.00167299 0.000463155 0.0113117 0.0274835 0.0674908 0.000125722 
0.00221597 2.63073e-06 4.3802e-06 4.64661e-05 0.429511 0.0178475 0.00961325 0.0303006 0.0113065 0.00160331 0.00409196 3.00879e-05 0.000454755 7.48372e-07 9.45088e-11 1.47434e-06 0.0020747 0.444136 0.00916806 1.76211e-05 8.66085e-09 0.037218 0.000215625 0.000139466 7.77719e-08 
0.159901 9.01874e-07 6.18053e-10 0.0231406 0.0236031 0.00842848 0.00430128 0.0182412 0.00283227 9.24068e-06 0.0328599 0.000167105 0.59681 0.000707702 3.76899e-10 8.25394e-10 0.0173129 0.000205935 0.0286852 0.037075 2.13875e-07 0.0281966 0.0117878 0.00573326 1.00737e-06 
0.0593702 1.30829e-05 5.21427e-13 0.0103011 0.00532829 0.0382904 0.000738012 0.0117575 0.000290407 0.0017452 1.17228e-08 9.19226e-06 0.000245357 2.7582e-09 3.17975e-13 2.07527e-06 0.0365364 0.0322904 0.00553955 0.000754289 6.39303e-10 0.00748334 0.785949 0.00333032 2.54184e-05 
0.0498033 3.19682e-05 2.28598e-09 0.00633938 4.16113e-05 0.337662 0.122322 0.0632827 9.00476e-05 0.00112911 2.1447e-07 0.000263085 0.0279722 1.16075e-06 1.39403e-09 9.78273e-07 0.0291747 2.73044e-05 0.0683772 0.00498873 1.40068e-09 0.00943998 0.278869 0.000183135 1.48627e-06 
0.0210653 1.29502e-05 3.63667e-09 0.0338381 0.037065 0.0133712 0.00917074 0.0153748 0.00754455 0.000397037 0.000197934 1.08758e-06 0.000209243 4.39338e-06 6.50098e-13 1.28952e-06 0.00781201 0.00752182 0.000554653 0.000693086 2.58395e-10 0.00728779 0.836607 0.0012696 9.77103e-08 
0.00274415 0.081231 3.91257e-10 0.000937765 0.690862 0.00124578 0.0257144 0.0192457 0.0047926 0.00541252 0.000341781 3.54265e-05 1.98901e-05 0.00123546 2.38595e-10 3.79002e-06 0.0013745 0.000663639 0.0676468 0.00347689 0.000188075 0.0125147 0.0696201 0.0100598 0.000633632 
0.00101577 4.74565e-06 1.30533e-06 0.000288602 0.0090593 0.0402045 0.000193862 0.838822 0.000482293 0.000102177 0.0241365 1.36251e-05 0.00176251 3.1795e-05 7.96013e-07 8.36841e-06 0.00642107 0.00320322 0.0556669 0.00146937 2.52928e-06 0.0103912 0.00669377 7.39231e-06 1.64323e-05 
0.00357261 9.74063e-08 0.00107271 0.00835035 0.87669 0.00907768 0.0356396 0.00210061 0.000987303 0.000185054 5.87661e-05 1.09929e-05 0.00032104 1.41682e-09 4.32765e-11 1.23432e-07 0.00702443 0.000385697 0.0102893 0.004515 1.58953e-07 0.0271511 0.00980785 0.00275178 7.25125e-06 
0.0302544 0.000109897 9.2792e-08 0.0560848 0.106509 0.118126 0.00437805 0.0617583 0.0406866 0.0339017 3.13339e-05 0.000259887 0.00409726 4.81315e-06 3.49609e-08 0.000556847 0.0056026 8.24216e-05 0.312395 0.0216552 1.40739e-06 0.0456454 0.128768 0.0226766 0.00641312 
0.00738253 6.13254e-09 5.3328e-12 0.00146477 0.0040189 0.0139408 0.000107108 0.00148961 4.65766e-05 0.0029522 2.01505e-06 0.000330098 0.000233096 1.74886e-05 3.25203e-12 0.000905177 0.000841458 6.9817e-05 0.9513 0.000730338 1.126e-07 0.00150049 0.0125619 6.05468e-06 9.91142e-05 
0.288149 3.91162e-07 1.62187e-09 0.0339133 9.56713e-07 0.00674023 9.45101e-07 0.0220563 3.72366e-06 0.000271778 1.22372e-06 1.95934e-07 7.29598e-07 2.89059e-07 9.89041e-10 7.21407e-07 0.000389405 3.90609e-06 0.000185048 6.00713e-06 6.76591e-08 0.00128013 0.646994 1.55762e-06 3.28253e-07 
0.00180312 0.00017063 3.92101e-11 0.0203997 0.000660493 0.143322 1.42508e-05 0.276519 9.6554e-05 0.00144006 0.000613188 1.65634e-07 0.009609 1.07397e-05 2.3911e-11 5.10248e-05 0.0534834 0.000131287 0.00099009 0.000755572 2.40251e-11 0.00594009 0.482732 0.00125718 2.2643e-07 
0.0265039 2.75947e-08 8.53829e-09 0.0019366 0.0112321 0.4528 0.000700836 0.0731059 2.18003e-05 3.95969e-06 0.000251803 1.28009e-06 0.0176114 2.08876e-08 1.68875e-11 5.56537e-06 0.132417 0.00264538 0.00504362 0.00461257 6.15816e-05 0.213723 0.0568907 0.000146725 0.000284455 
0.00293685 5.76865e-05 1.50637e-12 0.0225088 0.401712 0.0289046 0.0115516 0.0237727 0.035404 0.000614004 8.75083e-08 1.80631e-09 0.00255468 2.36645e-09 9.18607e-13 9.05473e-09 0.00319644 0.00128726 0.0522404 0.00112906 9.32218e-11 0.0197475 0.391577 0.000804469 1.0463e-06 
0.0184835 0.000115929 1.56853e-10 0.0067713 0.00863061 0.24394 3.41061e-05 0.0115287 0.00980101 0.00104753 0.0203596 3.584e-06 0.416818 3.34983e-06 9.56514e-11 6.96193e-06 0.0273785 0.0152663 0.00387767 0.00173668 6.914e-06 0.170374 0.0394555 0.00435539 5.33412e-06 
0.0118069 0.00051257 4.69291e-10 0.00708843 0.230558 0.157616 0.0391295 0.126276 0.0124177 0.00762156 0.000719821 7.85644e-05 0.000629985 0.00209725 2.86181e-10 0.000194325 0.140714 0.0338928 0.0145207 0.00754617 0.0544311 0.0750271 0.0730006 0.00405308 6.70817e-05 
0.0585443 0.000879138 3.19104e-10 0.0188964 0.400868 0.0451791 0.030465 0.0960884 0.0042772 0.000519525 0.00701211 1.21604e-07 0.00207702 3.1086e-06 1.94595e-10 0.000189201 0.0313202 0.0285315 0.00352267 0.00201306 2.63309e-07 0.116978 0.14401 0.00862607 5.28525e-08 
0.0057259 0.000110822 4.72785e-06 2.35349e-05 0.11217 0.000568683 0.00796511 0.058144 0.000830159 0.00148672 0.00187613 0.000129184 0.00886375 0.000109729 2.88312e-06 1.79229e-05 0.0111129 0.0125341 0.000523993 0.00166016 5.92735e-06 0.747332 0.0120595 0.0166985 4.37567e-05 
0.0141514 1.82688e-05 2.22893e-07 0.034633 0.122725 0.00883549 0.00677469 0.0792186 0.00431609 0.45406 0.0168964 0.000287816 0.00804933 0.000959673 1.35924e-07 2.74621e-05 0.0492031 0.046768 0.00028867 0.0267023 0.000328509 0.000662077 0.00276537 0.122305 2.29269e-05 
0.079557 0.00015742 8.47776e-11 0.00995303 0.137998 0.250944 0.00584529 0.118989 0.00146414 0.010752 0.000278612 0.000147828 0.00763659 8.85853e-06 5.16988e-11 0.000222552 0.0115749 0.0278536 0.0651849 0.0220524 4.0155e-07 0.0454699 0.18505 0.0185694 0.000289679 
0.415717 0.0047193 4.93157e-11 0.010673 0.0102585 0.00715723 4.84361e-05 0.0793866 0.00447093 0.011966 0.012124 0.209444 0.00423099 1.4075e-05 3.00735e-11 5.95942e-08 0.0497586 0.00589112 0.00707071 3.22e-07 1.70326e-05 0.00118445 0.140927 0.0248794 6.06514e-05 
0.00609878 1.89121e-07 5.23828e-10 0.00239098 0.40027 0.041989 0.00159217 0.178707 0.000194857 2.22107e-06 0.00269135 3.89334e-08 0.0242051 0.12974 3.19439e-10 6.9568e-05 0.0938271 0.00892436 0.000737334 0.000380371 1.89834e-05 0.0607511 0.047409 4.26302e-07 2.43393e-07 
0.0830567 0.000130319 2.94692e-05 0.0960947 0.0263392 0.0531898 0.0297338 0.34191 0.00378504 0.014115 0.00056223 8.97275e-07 0.0521652 6.83431e-05 1.30912e-08 1.40836e-06 0.00200204 0.000247407 0.00254224 0.00335341 1.39593e-06 0.0219958 0.26624 0.00241635 1.97261e-05 
0.0109266 1.3797e-08 8.77048e-12 0.209124 0.0263881 0.0030654 0.0023173 0.00185076 0.00578929 0.0011491 9.56346e-08 2.01992e-05 0.0447028 7.24784e-12 5.34838e-12 1.53182e-06 0.0609069 0.126067 0.0137228 0.000113382 5.37391e-12 0.169261 0.320312 0.00313631 0.00114495 
0.0241067 4.43527e-09 5.38485e-09 0.00132833 0.184472 0.00101306 0.0251061 7.22032e-05 1.40432e-05 0.00157724 0.0183238 0.000151265 0.00137439 4.44999e-09 3.28377e-09 1.42292e-07 1.30361e-06 0.000310135 0.00611064 0.00450765 3.13225e-07 2.14058e-06 7.42938e-07 0.730316 0.00121189 
0.00738253 6.13254e-09 5.3328e-12 0.00146477 0.0040189 0.0139408 0.000107108 0.00148961 4.65766e-05 0.0029522 2.01505e-06 0.000330098 0.000233096 1.74886e-05 3.25203e-12 0.000905177 0.000841458 6.9817e-05 0.9513 0.000730338 1.126e-07 0.00150049 0.0125619 6.05468e-06 9.91142e-05 
0.0159583 0.000278629 1.76031e-09 0.0457652 0.0292842 0.308638 0.00261256 0.012334 0.00911508 0.00399667 4.74813e-07 1.91156e-06 0.0080546 1.23388e-07 1.07347e-09 1.16565e-05 0.0996579 0.268521 0.0297326 0.0885153 1.81267e-08 0.0413756 0.0267211 0.00907918 0.000345386 
0.000306458 4.4077e-07 1.14718e-09 0.00269791 0.131928 0.0385845 0.00110149 0.282823 9.39497e-05 2.21633e-06 1.38038e-06 0.00115832 8.23035e-07 3.2557e-07 6.99567e-10 8.13023e-07 0.147087 3.00703e-05 0.00146945 0.00592905 7.59188e-08 0.0668407 0.257938 0.0619361 6.97104e-05 
0.348985 0.0407032 7.50537e-11 0.157929 0.0523378 0.0104663 3.17308e-05 0.0660005 0.0115244 0.0523533 6.99114e-07 0.0999209 0.00524214 1.20138e-05 4.5769e-11 1.00232e-10 0.012921 0.000484261 0.0391862 0.0107839 4.59875e-11 0.0553213 0.0286671 0.00712402 5.68169e-06 
0.0108341 9.13291e-07 1.2731e-12 0.00231464 0.0115427 0.071304 0.000268143 0.00600742 0.000177544 0.00291521 0.000125443 0.000258877 0.00153002 2.38096e-05 7.76356e-13 0.000950557 0.00214601 0.00316881 0.849958 0.00179692 6.04186e-07 0.0145893 0.0200011 8.46961e-06 7.74511e-05 
0.0445912 0.00387179 7.50056e-11 0.014604 0.0324943 0.0534484 1.41924e-06 0.126499 0.0177598 0.0192216 2.76782e-07 0.000178738 5.48032e-07 6.19839e-11 4.57396e-11 3.01507e-08 0.19919 6.47189e-06 0.0273245 1.95042e-07 4.5958e-11 1.65176e-06 0.419745 0.0407466 0.00031372 
0.121352 7.18366e-06 2.74803e-08 0.0687959 0.153303 9.79344e-06 0.0947653 0.000737471 0.126132 0.0622708 0.142814 3.94482e-06 0.019148 9.87192e-05 1.67579e-08 2.32584e-05 0.0229761 8.51278e-06 0.00357883 0.00442857 7.69143e-05 0.102318 0.0597303 0.0165558 0.000865427 
0.108847 0.000241609 1.17692e-07 0.0491235 0.00844738 0.0477869 0.000172699 0.0212952 0.00032542 0.0392349 0.0114098 1.62537e-05 0.00430216 4.1477e-07 2.39053e-08 4.75135e-07 0.0655463 0.000380959 0.0461845 0.125434 7.23213e-06 0.369058 0.0392212 0.0629375 2.63188e-05 
0.03285 0.000777888 1.05939e-10 0.0128684 0.00023459 0.189063 0.00016626 0.00873674 0.000439003 0.527171 3.28921e-05 7.90062e-05 0.00385839 0.00148465 6.46032e-11 9.8155e-05 0.0279407 0.00041906 0.0695494 0.00908571 6.49116e-11 0.0738846 0.0408797 0.000379798 5.85618e-07 
0.00738253 6.13254e-09 5.3328e-12 0.00146477 0.0040189 0.0139408 0.000107108 0.00148961 4.65766e-05 0.0029522 2.01505e-06 0.000330098 0.000233096 1.74886e-05 3.25203e-12 0.000905177 0.000841458 6.9817e-05 0.9513 0.000730338 1.126e-07 0.00150049 0.0125619 6.05468e-06 9.91142e-05 
0.0170418 0.200672 8.51736e-07 0.00629939 0.294334 0.0201379 0.231201 0.115981 0.000755151 0.00859031 8.10898e-08 0.000321232 0.00235727 3.17294e-11 2.3414e-11 5.12759e-11 0.0059622 0.0270715 0.00574737 0.00217839 0.000152472 0.0243975 0.0311092 0.00515558 0.000534628 
0.00845657 6.07447e-12 7.37499e-12 0.0175685 0.00591411 0.0180868 6.50707e-05 0.00234926 0.000281999 0.00168201 0.000700004 3.95551e-05 0.0402474 6.09462e-12 4.49739e-12 1.93305e-08 0.0184262 0.000573518 0.025827 0.000338702 5.46748e-09 0.694867 0.163164 0.0013009 0.000110895 
0.0813913 6.52947e-05 2.58978e-10 0.0252137 0.047204 0.00698478 0.0603828 0.0494584 0.00725422 6.44385e-06 0.0773394 1.07941e-05 0.50751 0.00360542 1.57929e-10 1.44164e-07 0.0103817 0.000287724 0.0180013 0.0351911 3.72706e-06 0.0182675 0.0238031 0.0276368 5.97726e-07 
0.0621567 0.0347463 1.59488e-08 0.018508 0.0018967 0.181413 0.0081578 0.0351755 0.000211834 0.000972906 0.00291893 0.0001812 0.0101079 8.84016e-06 1.12322e-12 9.06294e-06 0.226659 0.00557918 0.00431176 0.0147943 4.16839e-05 0.0634624 0.328231 0.000378074 7.83351e-05 
0.0159195 2.91378e-05 1.39909e-10 0.00036619 0.839252 0.000561587 0.00650654 0.0206121 0.000103471 0.0274162 0.00024303 3.26018e-05 3.63953e-05 1.17495e-06 8.53187e-11 0.000143535 0.0196829 0.0434645 0.00078911 0.00125486 8.57259e-11 0.00117823 0.00801871 0.00304176 0.0113461 
0.650969 9.05381e-05 7.03739e-07 0.0569046 0.00518673 0.0134689 0.000123954 0.00260128 0.00149068 0.00331548 0.00014982 9.95558e-06 0.00403279 7.32495e-06 3.87814e-09 6.99576e-05 0.0100925 0.0214954 0.0163174 0.103933 1.66984e-06 0.0775816 0.0284558 0.00289232 0.000808427 
0.159901 9.01874e-07 6.18053e-10 0.0231406 0.0236031 0.00842848 0.00430128 0.0182412 0.00283227 9.24068e-06 0.0328599 0.000167105 0.59681 0.000707702 3.76899e-10 8.25394e-10 0.0173129 0.000205935 0.0286852 0.037075 2.13875e-07 0.0281966 0.0117878 0.00573326 1.00737e-06 
0.00746605 7.31765e-05 1.49595e-08 0.000121043 0.00483247 0.144059 0.00238159 0.00864222 0.000331175 0.000346042 0.00825313 1.55352e-05 0.715349 0.000123955 2.41784e-09 9.68739e-06 0.00324662 0.0151621 0.0335754 0.00379605 7.46931e-09 0.0478424 0.00384862 8.7177e-05 0.000437464 
0.0359996 0.000170365 2.81382e-10 0.00260969 0.0380657 0.0248142 0.000802557 0.010858 0.00236979 0.0199808 0.0627859 0.000220661 0.338192 1.33225e-05 1.71592e-10 2.21543e-06 0.141817 0.000421735 0.0185579 0.273041 1.12224e-08 0.00876073 0.0161236 0.00411196 0.000281864 
0.505825 5.48428e-06 7.199e-08 0.00545392 0.00108627 0.0071717 3.8571e-05 0.00114374 3.67108e-05 0.000213877 0.000154255 5.53703e-06 0.0116554 0.000687824 4.98989e-08 3.86527e-07 0.0638243 0.000314857 0.00386679 0.00685985 5.9685e-07 0.315348 0.0761835 7.45499e-05 4.83218e-05 
0.00738253 6.13254e-09 5.3328e-12 0.00146477 0.0040189 0.0139408 0.000107108 0.00148961 4.65766e-05 0.0029522 2.01505e-06 0.000330098 0.000233096 1.74886e-05 3.25203e-12 0.000905177 0.000841458 6.9817e-05 0.9513 0.000730338 1.126e-07 0.00150049 0.0125619 6.05468e-06 9.91142e-05 
0.22099 2.93787e-05 2.00981e-08 0.00252071 0.0155312 0.0163871 0.00150987 0.00562509 0.00120532 0.000532262 3.89167e-05 1.03865e-08 0.0023929 1.24473e-06 5.75543e-11 4.53472e-06 0.0346112 0.00225981 0.00562037 0.0141183 8.09065e-08 0.0640427 0.60973 0.00284744 2.01851e-06 
0.200164 2.90953e-07 4.05981e-11 0.0180833 0.0294141 6.5136e-06 0.000917255 0.0427806 0.0211754 0.00439887 9.12734e-07 0.000102369 0.0044089 2.14753e-07 2.47574e-11 5.3681e-07 0.000500986 2.91492e-06 1.22287e-06 0.233557 4.97759e-08 0.0245754 0.411191 0.00871801 2.44299e-07 
0.00738253 6.13254e-09 5.3328e-12 0.00146477 0.0040189 0.0139408 0.000107108 0.00148961 4.65766e-05 0.0029522 2.01505e-06 0.000330098 0.000233096 1.74886e-05 3.25203e-12 0.000905177 0.000841458 6.9817e-05 0.9513 0.000730338 1.126e-07 0.00150049 0.0125619 6.05468e-06 9.91142e-05 
