0.00513276 3.42545e-06 7.35238e-12 0.00703781 0.0697472 0.00314017 0.674286 0.041199 0.0760485 0.00683756 3.76011e-05 3.7648e-07 0.00183065 2.85064e-05 7.79736e-09 5.72649e-05 0.0160337 0.0660663 0.0101421 6.04564e-05 2.27563e-05 0.00775736 0.0128348 0.00169134 4.38889e-06 
0.00648625 0.00725026 2.41617e-06 0.0132362 0.0398155 0.114717 0.00167126 0.0309659 0.00114581 0.000784582 0.000350928 8.22286e-05 0.000741733 5.62386e-05 5.30393e-05 4.71119e-05 0.0442182 0.0171792 0.257236 0.000871561 0.000343823 0.120295 0.308888 0.0287466 0.00481508 
0.0140747 0.000165159 2.68935e-10 0.0554294 0.00950997 0.0774719 0.000604793 0.159954 0.00435771 0.00109989 6.83953e-07 3.35111e-09 0.000117626 1.80784e-05 1.64001e-10 0.000261562 0.020692 0.00013966 0.0249421 0.0012109 3.29992e-08 0.0121539 0.617135 0.000661807 9.60383e-08 
0.0119384 4.87335e-06 1.58133e-11 0.00240747 0.135333 0.154545 0.00249725 0.363688 0.00127438 4.46053e-05 0.000138024 4.80199e-06 0.00253356 2.83368e-06 1.5574e-08 9.13877e-05 0.0214052 0.000536375 2.02247e-07 0.00741663 1.11801e-08 0.00318097 0.288432 0.00452281 1.8768e-06 
0.0591957 6.5586e-05 0.000114923 0.00492158 0.0633739 0.00268801 0.00130878 0.0712781 0.000241553 0.635582 0.00120109 0.0628547 6.76104e-05 1.33852e-06 5.20951e-07 1.60528e-05 0.00034998 0.00269052 0.0143962 0.00357646 2.37238e-08 0.0147879 0.0484772 0.0126178 0.000192819 
0.00752959 9.10279e-07 4.50536e-13 0.00155957 0.00956021 0.0446953 0.000445072 0.0067833 0.000135541 0.00389043 4.87377e-06 0.000605085 0.00258131 8.58126e-05 1.04903e-09 0.000854183 0.0005196 0.00281296 0.896158 0.00119038 6.29337e-07 0.0102305 0.00995141 0.00011924 0.000285656 
0.154409 5.07011e-07 1.60319e-10 0.000152041 0.00112258 0.00046162 1.30572e-07 0.00148416 3.58036e-07 0.00305654 0.00154455 4.1275e-05 0.053534 1.32486e-10 9.77651e-11 4.25856e-08 0.145566 1.33072e-05 0.000238209 8.5307e-07 7.56744e-06 0.402043 0.227581 0.00874366 1.29668e-07 
0.00285123 0.000628782 4.14775e-11 0.00121723 0.0233515 0.799233 0.00910589 0.0305682 9.19226e-05 0.000645772 0.000218796 2.20195e-05 0.0294209 2.26984e-06 6.00941e-08 2.78188e-05 0.0214608 0.00158537 0.00585612 0.00388825 3.29063e-07 0.00278544 0.0662094 0.000711948 0.000117249 
0.00558869 2.17479e-06 7.05711e-10 0.00246744 0.00516218 0.0277135 0.00112605 0.0028782 0.000210494 7.6344e-05 0.000137224 9.4576e-06 0.0515098 2.11598e-06 2.66953e-09 2.72537e-06 0.00936019 0.0414416 0.00684523 0.00174562 2.59703e-07 0.825782 0.0151733 0.000167648 0.00259798 
0.0407612 1.22176e-07 1.49737e-10 0.00437019 0.167784 0.00160924 0.000466751 0.399802 8.06194e-05 0.0435305 0.00675226 0.00060757 0.000572283 0.00218187 9.13123e-11 0.00135885 0.0766589 0.000244034 0.151062 0.0251365 1.30036e-08 0.00729678 0.0571149 0.0124284 0.000181321 
0.30658 0.138164 1.21588e-05 0.00184224 0.00959821 0.0101534 0.000399261 0.0166456 6.08266e-05 0.305401 0.00842966 0.0458174 0.00258852 9.90606e-05 1.63503e-05 3.65136e-06 0.044045 0.000103777 0.00873496 0.0338147 0.00969422 0.00278343 0.0262865 0.0287093 1.75504e-05 
0.0684456 0.00085125 8.96829e-08 0.177982 0.0260358 0.147603 7.87041e-07 0.023844 0.00807934 0.0160705 0.000182732 1.20919e-11 0.000346852 6.96901e-06 4.55118e-11 1.33032e-07 0.0180664 0.0687296 0.00346666 0.0222849 4.64772e-06 0.092761 0.248912 0.0762259 9.96532e-05 
0.00558869 2.17479e-06 7.05711e-10 0.00246744 0.00516218 0.0277135 0.00112605 0.0028782 0.000210494 7.6344e-05 0.000137224 9.4576e-06 0.0515098 2.11598e-06 2.66953e-09 2.72537e-06 0.00936019 0.0414416 0.00684523 0.00174562 2.59703e-07 0.825782 0.0151733 0.000167648 0.00259798 
0.00199409 9.56734e-05 1.08893e-11 0.00283532 1.81798e-08 0.541754 0.0561172 0.0825004 4.84388e-08 0.00371368 4.42652e-09 0.000457186 0.00111339 2.40118e-08 6.64044e-12 2.02136e-08 3.67107e-08 8.79459e-05 0.227615 0.00220892 6.67214e-12 0.0227986 0.0566709 3.70314e-05 3.07633e-08 
0.213847 8.38274e-05 1.1459e-12 0.017227 0.00152848 0.0515477 0.000283199 0.00487917 0.000100616 0.00774147 0.00104648 0.00353483 0.00307643 9.82632e-05 1.24625e-05 2.33539e-05 0.0409999 0.000520669 0.386502 0.0237955 2.72157e-06 0.0217682 0.219915 0.00127043 0.000195181 
0.00207882 1.46249e-06 3.6985e-09 0.00304466 0.503622 0.0111407 0.072826 0.274274 0.00509175 0.00354246 0.00385835 0.000161496 0.00261943 2.05347e-05 1.41883e-06 0.00054267 0.00176997 0.0398822 0.0269255 0.0170123 4.48656e-08 0.00580953 0.00625427 0.0187634 0.000756469 
0.150372 4.74213e-10 5.75741e-10 0.0242762 0.00365049 0.00336204 0.00191765 0.00693098 0.000544592 3.36517e-05 0.270145 3.59536e-06 0.00319055 0.482497 1.7151e-07 2.35627e-06 0.00830695 4.98386e-06 0.000730244 0.0155771 6.82474e-05 0.00364008 0.0173912 0.00578564 0.00156909 
0.0554752 6.48006e-05 4.35544e-05 0.043305 0.297459 0.0375082 0.036063 0.0561282 0.0204985 0.00090899 0.0128639 1.03921e-05 0.111639 0.000870015 5.9752e-07 0.0131359 0.0321204 0.0162538 0.0106989 0.0103453 8.44623e-06 0.082352 0.139001 0.0232205 2.59356e-05 
0.02945 4.97038e-09 4.02756e-12 0.00911484 0.0139582 0.07871 0.000965598 0.0127261 3.71689e-05 0.00210269 9.11063e-05 0.000539159 0.00369787 6.54711e-06 2.67455e-09 0.000655853 0.00125704 0.000188912 0.75429 0.0307128 1.4465e-07 0.0351129 0.0261447 0.000217086 2.16817e-05 
0.0561458 0.000813947 1.09689e-08 0.0218336 0.0084972 0.0293434 0.00125978 0.0189549 0.000582896 0.00472705 0.00117969 0.000437458 0.00583934 0.000603028 4.31683e-05 0.000132892 0.237311 0.0201131 0.0106403 0.061977 0.049984 0.156725 0.310584 0.00223171 3.85626e-05 
0.00210386 1.70006e-05 1.11736e-11 0.00317708 0.00916368 0.840969 0.00280646 0.0188301 0.000589916 0.00222545 9.14302e-05 1.20232e-05 0.0025249 5.21819e-06 4.8303e-06 1.08813e-05 0.0288739 0.00116852 0.0267069 0.000701818 1.15258e-07 0.0121629 0.0464928 0.00127937 8.16938e-05 
0.0407612 1.22176e-07 1.49737e-10 0.00437019 0.167784 0.00160924 0.000466751 0.399802 8.06194e-05 0.0435305 0.00675226 0.00060757 0.000572283 0.00218187 9.13123e-11 0.00135885 0.0766589 0.000244034 0.151062 0.0251365 1.30036e-08 0.00729678 0.0571149 0.0124284 0.000181321 
0.0402968 0.00443582 2.81279e-09 0.00823844 0.022975 0.270251 0.00222607 0.109974 0.0010597 0.00120704 0.000264821 2.14193e-05 0.0402269 1.10234e-06 1.16353e-06 0.000177563 0.141911 0.00729972 0.00422232 0.00985657 0.000172451 0.222888 0.107127 0.00423488 0.000931108 
0.0032038 0.0379678 3.5586e-08 5.956e-05 0.0668717 0.534647 0.0743974 0.00193054 8.3698e-08 9.79706e-05 0.00055229 1.79784e-05 2.53179e-05 4.48351e-09 2.89172e-08 0.000136654 0.00755856 0.0798956 0.00333796 2.31317e-08 6.20945e-08 0.108207 0.0396811 0.0414122 4.12749e-08 
0.0171136 5.45836e-05 2.47657e-09 0.0115914 0.194563 0.222782 0.0151062 0.026365 0.0186109 0.00216628 0.0034519 0.00255924 0.000570447 0.0339302 1.76225e-06 2.24813e-05 0.00486711 0.0923988 0.0267938 0.00228609 3.43906e-07 0.109415 0.212698 0.00251169 0.000139868 
0.00558869 2.17479e-06 7.05711e-10 0.00246744 0.00516218 0.0277135 0.00112605 0.0028782 0.000210494 7.6344e-05 0.000137224 9.4576e-06 0.0515098 2.11598e-06 2.66953e-09 2.72537e-06 0.00936019 0.0414416 0.00684523 0.00174562 2.59703e-07 0.825782 0.0151733 0.000167648 0.00259798 
0.00384308 0.000445885 0.0014475 0.00916682 0.607772 0.0297955 0.056307 0.0282081 0.0648554 0.0045317 0.0158872 0.000382412 0.00071608 0.0121668 0.000111042 2.77656e-05 0.0251163 0.0084164 0.000991361 0.00232663 4.23374e-05 0.0739084 0.0357034 0.0168541 0.00097626 
0.000276338 0.000564392 5.22631e-11 0.000148089 0.0191576 0.0182998 0.923474 0.00217643 0.000678837 0.000137067 1.26839e-05 1.79622e-05 5.27818e-06 1.90477e-07 4.41152e-07 5.47049e-06 0.000445385 0.0107987 0.000692979 8.40603e-05 1.39488e-06 0.00207311 0.0201099 0.000823119 1.65832e-05 
0.0907926 3.70989e-07 7.02049e-10 0.0306281 0.0673245 0.110633 6.91165e-05 0.0287793 0.156754 0.0256593 1.56357e-07 1.13747e-10 0.00616201 5.80166e-10 4.28121e-10 9.37569e-10 0.0137183 3.8817e-08 0.0168545 0.330094 4.30164e-10 0.0419662 0.0794645 0.00109946 4.02301e-10 
0.0262743 0.00220209 4.01635e-06 0.176515 0.0500736 0.0250348 0.00422447 0.0435553 0.000791063 0.00128584 0.000586516 0.000162099 0.000301384 6.02585e-05 1.04236e-07 1.64953e-05 0.0071836 0.00236273 0.00958582 0.00204563 0.0101557 0.0263186 0.60143 0.00970534 0.000126085 
0.0646261 0.00406593 0.00120655 0.07576 0.0607715 0.250146 0.00147225 0.0179845 0.00690908 0.0149683 0.0126463 0.00151127 0.0524362 0.000313076 9.82807e-05 0.000476437 0.0668577 0.0083045 0.0447112 0.114142 0.00348405 0.0350848 0.153585 0.00821136 0.000227507 
0.00558869 2.17479e-06 7.05711e-10 0.00246744 0.00516218 0.0277135 0.00112605 0.0028782 0.000210494 7.6344e-05 0.000137224 9.4576e-06 0.0515098 2.11598e-06 2.66953e-09 2.72537e-06 0.00936019 0.0414416 0.00684523 0.00174562 2.59703e-07 0.825782 0.0151733 0.000167648 0.00259798 
0.0171953 2.10926e-05 1.09424e-09 0.123019 0.00734915 0.0427932 0.000243349 0.0165765 0.0011579 0.000556429 0.00129788 8.98436e-05 0.255844 3.14929e-07 2.97903e-08 8.85056e-06 0.00259027 0.00105839 0.00350044 0.0614518 8.27246e-09 0.248219 0.215786 0.00117296 6.80395e-05 
0.00500873 4.07863e-05 1.66579e-10 0.00119328 0.216443 0.0468536 0.46753 0.0166618 0.0240598 0.00780631 0.0043128 0.0018922 0.000862373 0.00581676 1.8583e-05 3.82103e-05 0.013664 0.0555481 0.0567612 0.00101055 2.02173e-06 0.0135902 0.0570838 0.0035787 0.000222844 
0.00387243 1.60267e-06 6.85181e-12 0.0035622 0.0609054 0.00192591 0.692433 0.031213 0.0439697 0.00510232 8.05713e-05 2.67219e-06 0.000952279 1.46453e-05 4.62758e-09 0.00202291 0.0078709 0.128917 0.00532197 6.52053e-05 1.06263e-05 0.00478849 0.00598962 0.000967408 1.03993e-05 
0.0380165 0.000738496 1.74853e-08 0.000113241 0.00847429 0.000251188 0.00919946 0.00279975 0.000585814 0.00755834 0.000253707 0.00133258 0.000194078 8.49707e-05 3.18524e-05 0.0247799 0.384921 0.013241 0.00338198 1.13357e-05 0.0305215 0.055082 0.108869 0.308875 0.000683142 
0.124985 0.000480201 2.86474e-07 0.0301585 0.0952867 0.0114229 0.00230973 0.21449 0.00357554 0.00470109 0.00171096 5.65704e-05 0.00711992 4.2172e-09 7.16866e-08 4.14538e-05 0.0625367 0.00397414 0.00663852 0.00711448 2.35055e-06 0.0786855 0.32527 0.016911 0.00252818 
0.317015 0.0117756 4.69191e-11 0.00726496 0.00506947 0.0097819 0.00080435 0.00411238 2.27088e-06 0.414713 0.00123011 0.0212177 4.39828e-07 0.00013213 2.86121e-11 3.64819e-08 0.00194559 0.00759508 0.00280955 1.20805e-06 2.87486e-11 0.0111333 0.11724 0.0661546 1.14096e-06 
5.62304e-06 2.27249e-09 4.25448e-10 2.13402e-05 0.139733 0.00569116 0.0076676 0.00511138 0.000218569 1.8821e-05 0.000896253 1.98407e-05 0.00123761 1.08709e-06 1.85516e-12 5.02691e-09 0.000181066 0.839022 2.26396e-07 2.19588e-08 1.31305e-09 2.14136e-07 2.0771e-05 3.43206e-05 0.000119996 
0.0179511 0.000170388 1.2591e-10 0.00270322 0.00855082 0.0870048 1.47652e-05 0.00269866 0.00502272 0.00143023 0.0233922 5.46205e-06 0.570307 2.98581e-06 7.67817e-11 3.23929e-06 0.0229357 0.0214357 0.00393342 0.00130994 1.05183e-05 0.205375 0.0226075 0.00312952 4.34721e-06 
0.00558869 2.17479e-06 7.05711e-10 0.00246744 0.00516218 0.0277135 0.00112605 0.0028782 0.000210494 7.6344e-05 0.000137224 9.4576e-06 0.0515098 2.11598e-06 2.66953e-09 2.72537e-06 0.00936019 0.0414416 0.00684523 0.00174562 2.59703e-07 0.825782 0.0151733 0.000167648 0.00259798 
0.00515334 2.8306e-07 4.58547e-06 0.143862 0.0284643 0.0577781 1.71831e-06 0.0263443 0.00281039 6.18696e-07 9.2147e-12 4.94168e-08 1.22502e-07 1.77488e-11 1.30973e-11 2.89695e-09 5.62844e-08 7.32706e-08 0.00616415 4.263e-12 2.50168e-08 0.169617 0.558559 1.24588e-06 0.00123877 
0.110022 2.76474e-08 7.9821e-10 0.177135 0.00197789 0.0344808 0.000227769 0.00960561 0.00279814 0.000519745 0.000686875 3.1647e-05 0.0281714 1.10318e-06 8.61267e-08 1.11585e-05 0.00300468 0.0492552 0.115013 0.000159656 1.38719e-06 0.168685 0.293529 0.000179875 0.00450249 
0.00095973 8.222e-10 9.98231e-10 0.00026074 0.513242 0.090911 1.79555e-05 0.062721 1.46157e-06 2.42049e-10 0.00460291 5.85468e-08 0.0066376 8.24928e-10 6.08737e-10 4.7564e-06 0.276845 1.15707e-06 0.00123521 0.0113051 6.11643e-10 0.031252 4.39872e-11 2.09153e-06 1.03821e-07 
0.00274415 0.081231 3.91257e-10 0.000937765 0.690862 0.00124578 0.0257144 0.0192457 0.0047926 0.00541252 0.000341781 3.54265e-05 1.98901e-05 0.00123546 2.38595e-10 3.79002e-06 0.0013745 0.000663639 0.0676468 0.00347689 0.000188075 0.0125147 0.0696201 0.0100598 0.000633632 
0.0333133 4.95665e-05 8.28635e-12 0.00245013 0.200075 0.0210064 0.185937 0.0302764 0.23484 0.00185966 1.38185e-05 1.34256e-12 3.62672e-05 6.71729e-05 5.05315e-12 3.46837e-06 0.0220242 0.00182483 0.00351036 4.42094e-05 9.18251e-05 0.00454401 0.247819 0.00989926 0.000313891 
0.0275842 0.000567687 6.83616e-08 0.0317258 0.24151 0.0260765 0.0426737 0.0227118 0.0499298 0.00892215 6.84458e-08 6.84855e-08 0.00272551 0.000130004 6.84192e-08 0.000307472 0.0041641 0.0147743 0.0106976 0.00247219 6.84189e-08 0.0240053 0.462366 0.0266486 6.91093e-06 
0.105521 8.37691e-12 1.01704e-11 2.43811e-05 0.268222 1.38657e-07 0.302908 0.0171516 0.044726 5.26772e-05 0.0130124 1.03829e-08 0.017151 1.77348e-07 6.20207e-12 2.31034e-08 0.13983 0.0144548 0.0183281 0.000344892 1.43391e-08 0.013352 0.021808 0.0215231 0.00158893 
0.832484 1.07694e-06 8.36139e-10 0.00995483 2.62083e-05 0.00490801 4.50393e-08 0.00166148 2.12035e-10 0.00894395 1.2142e-06 3.02527e-05 9.85764e-05 4.05791e-07 5.09891e-10 1.11664e-09 0.0041345 4.02569e-06 0.0155133 0.00486437 5.12325e-10 0.000418077 0.116939 1.67287e-05 1.40929e-09 
0.247423 2.86274e-06 3.14884e-09 0.0364409 0.063146 0.312589 0.00410716 0.0682183 0.000528397 0.00640853 0.00740936 0.00301084 0.0245718 0.0633743 5.13805e-06 1.30227e-05 0.0281759 0.00122274 0.0340208 0.0253596 3.71866e-05 0.0338385 0.0385317 0.000165931 0.00139899 
2.14288e-05 1.81937e-05 2.31206e-07 9.80626e-06 3.81897e-07 1.20185e-06 1.95692e-06 1.20731e-06 9.07187e-13 1.31841e-05 1.43491e-06 9.37745e-05 4.27315e-07 8.36292e-08 1.45604e-09 3.77372e-07 0.00107602 4.32522e-07 9.78704e-06 1.30645e-05 0.998595 1.57446e-05 5.78061e-06 0.000120234 2.00474e-11 
0.02945 4.97038e-09 4.02756e-12 0.00911484 0.0139582 0.07871 0.000965598 0.0127261 3.71689e-05 0.00210269 9.11063e-05 0.000539159 0.00369787 6.54711e-06 2.67455e-09 0.000655853 0.00125704 0.000188912 0.75429 0.0307128 1.4465e-07 0.0351129 0.0261447 0.000217086 2.16817e-05 
0.0144916 0.000144529 3.45852e-10 0.000487549 0.0215319 0.185892 0.0169501 0.0122151 0.000672255 0.0116369 0.000105852 0.00224389 0.00143637 0.000512911 3.05098e-08 3.01924e-05 0.0542258 0.0702087 0.46566 0.00252213 4.41929e-07 0.0468106 0.0905453 0.00163041 4.56293e-05 
0.136667 0.00130819 0.000720156 0.0172313 0.0018466 0.0451808 1.71431e-05 0.00415161 7.70661e-07 0.00713799 0.00139295 0.00324829 0.02855 5.77389e-06 3.41898e-07 8.78781e-06 0.00484535 8.81158e-09 0.00602767 0.687556 1.55022e-08 0.0331446 0.020146 0.000809931 3.20071e-06 
0.02205 1.10109e-05 1.27524e-07 0.00364987 0.0583183 0.026064 0.0305467 0.0275422 0.00226241 0.0491535 0.00136807 2.73918e-05 0.0124302 1.73651e-05 9.37633e-08 0.000621852 0.0259794 0.0183784 0.00871067 0.00233864 1.94043e-08 0.361694 0.33729 0.0114679 7.85029e-05 
0.0294147 5.3859e-09 2.93944e-12 0.000715281 0.00342386 1.12608e-08 2.26638e-08 0.000189536 0.000166993 0.00192649 1.26113e-12 8.35588e-05 8.1279e-08 3.35366e-09 1.79252e-12 7.97446e-10 8.40236e-07 0.000548313 0.01648 5.58272e-08 1.19407e-09 0.00347452 0.00261325 0.000458664 0.940504 
0.0128155 1.8622e-09 2.61408e-11 0.00639702 0.00673048 0.00177231 0.00953317 0.0079751 0.000496942 2.92722e-07 0.620006 5.10385e-06 0.00238664 0.000235997 8.38418e-08 0.000549404 0.228108 0.00180135 8.50163e-07 0.0012585 0.000209363 0.0121887 0.0404372 0.0467764 0.000315303 
9.82744e-08 1.54789e-08 1.02159e-10 2.64447e-05 0.432071 0.0208713 0.43796 0.00345731 0.00031874 4.23419e-06 0.000232052 1.23806e-08 0.00186142 0.000348268 6.22983e-11 1.36431e-10 1.71982e-07 0.0109817 0.000563973 0.0858208 6.25957e-11 0.00546721 9.70194e-08 2.77209e-08 1.58133e-05 
0.00430174 7.91291e-06 1.12802e-12 0.00123077 0.00240111 0.00348804 0.000146303 0.00225166 2.93857e-05 0.095897 5.48973e-10 0.228139 0.000289857 3.17642e-05 1.72836e-09 0.000861678 0.000448355 6.53912e-05 0.646709 0.00164547 9.88954e-08 0.00286052 0.0077973 0.00122407 0.000173608 
0.159873 0.00159091 5.71203e-07 0.106352 0.120501 0.0142703 0.000387247 0.0225577 0.0142593 0.000944765 0.016346 0.158739 0.295008 0.000760974 7.21325e-05 3.67036e-05 0.0478777 9.02088e-05 0.000605989 0.0106134 0.000145264 0.00548968 0.0101605 0.0112342 0.00208272 
0.00558869 2.17479e-06 7.05711e-10 0.00246744 0.00516218 0.0277135 0.00112605 0.0028782 0.000210494 7.6344e-05 0.000137224 9.4576e-06 0.0515098 2.11598e-06 2.66953e-09 2.72537e-06 0.00936019 0.0414416 0.00684523 0.00174562 2.59703e-07 0.825782 0.0151733 0.000167648 0.00259798 
0.137934 6.04367e-05 0.00509904 0.02498 0.00821234 0.0244501 0.000171431 0.0114996 7.21964e-05 0.115643 0.00243518 0.00162809 0.538168 1.97142e-05 3.78108e-07 0.000145707 0.0179204 8.90262e-05 0.0205244 0.0489214 4.89866e-07 0.0148023 0.0268147 0.000400723 8.26958e-06 
0.00899379 2.82739e-06 0.000225382 0.00673538 0.0298527 0.0114566 0.0488049 0.00716337 0.0294467 0.00984721 0.000629997 1.63823e-06 0.000261361 0.000340613 2.60746e-06 3.90385e-06 0.649621 0.000106404 0.00362447 0.0251954 0.0128194 0.0792064 0.0577654 0.0178656 2.73378e-05 
0.062826 5.71337e-06 9.01602e-12 0.171789 0.00127429 0.1048 5.23611e-05 0.0102337 0.00297154 0.000536999 0.000565622 5.15721e-05 0.000673225 2.27944e-06 3.23667e-09 2.31227e-05 0.00491194 0.00766135 0.00405313 0.021138 1.8502e-09 0.340245 0.26616 4.30949e-08 2.504e-05 
0.000276338 0.000564392 5.22631e-11 0.000148089 0.0191576 0.0182998 0.923474 0.00217643 0.000678837 0.000137067 1.26839e-05 1.79622e-05 5.27818e-06 1.90477e-07 4.41152e-07 5.47049e-06 0.000445385 0.0107987 0.000692979 8.40603e-05 1.39488e-06 0.00207311 0.0201099 0.000823119 1.65832e-05 
0.0101234 2.05609e-05 3.52173e-08 0.00066631 0.405531 0.0179804 0.464841 0.00348433 0.000984739 0.00780948 0.00393064 0.00206849 0.001294 9.33308e-05 5.40979e-07 2.62517e-05 0.00752538 0.0127659 0.0345343 0.00627428 1.21769e-07 0.00494557 0.0104875 0.00460789 4.84019e-06 
0.00210386 1.70006e-05 1.11736e-11 0.00317708 0.00916368 0.840969 0.00280646 0.0188301 0.000589916 0.00222545 9.14302e-05 1.20232e-05 0.0025249 5.21819e-06 4.8303e-06 1.08813e-05 0.0288739 0.00116852 0.0267069 0.000701818 1.15258e-07 0.0121629 0.0464928 0.00127937 8.16938e-05 
0.0184362 8.15376e-05 4.42279e-09 0.627047 0.00909861 0.0490606 0.000277786 0.0320185 0.000346637 0.000735251 0.00471274 1.82051e-05 0.035715 1.59111e-05 9.27823e-07 2.45263e-06 0.0127878 0.0443795 0.000456173 0.00436608 2.70996e-09 0.0454644 0.114837 9.7557e-05 4.38685e-05 
0.0961407 0.00213907 1.72733e-11 0.00241061 0.00329375 0.0245107 0.000189227 0.022802 4.98711e-08 0.00119627 2.33223e-08 4.28604e-05 0.000235277 9.15049e-08 1.05336e-11 2.48721e-08 0.119631 9.02978e-09 5.67415e-08 1.35516e-07 9.72486e-05 0.0038155 0.617108 0.106388 3.51961e-08 
3.00145e-05 0.000267473 1.0224e-12 2.2209e-06 0.00331051 0.000120286 0.99535 0.000163659 3.62591e-05 1.71448e-05 2.02028e-05 3.16211e-05 1.1608e-06 8.44897e-13 8.62844e-10 1.55954e-06 4.21529e-05 6.30525e-05 0.000126603 6.99193e-05 2.28068e-06 0.000139275 0.000147389 2.52694e-05 3.21582e-05 
0.103824 0.11447 0.000149319 0.0178327 0.0143873 0.491331 0.00323365 0.0505581 0.00121408 0.0202772 0.00160278 0.00673873 0.00438509 0.000447348 0.00012058 2.00212e-05 0.0111638 0.0114188 0.0309935 0.00298333 5.07142e-05 0.0221778 0.0738468 0.0160059 0.000767308 
0.00558869 2.17479e-06 7.05711e-10 0.00246744 0.00516218 0.0277135 0.00112605 0.0028782 0.000210494 7.6344e-05 0.000137224 9.4576e-06 0.0515098 2.11598e-06 2.66953e-09 2.72537e-06 0.00936019 0.0414416 0.00684523 0.00174562 2.59703e-07 0.825782 0.0151733 0.000167648 0.00259798 
0.0510659 1.3752e-05 6.47827e-05 0.0137696 0.00592721 0.0727016 0.000103422 0.0134763 7.1165e-05 0.00105293 0.0134182 6.54362e-05 0.0132496 5.59187e-05 5.43062e-05 1.87174e-05 0.466531 0.0040095 0.106061 0.053405 0.000179494 0.0246441 0.143284 0.0163376 0.000439751 
0.540757 0.000121876 1.73869e-11 0.0229421 0.000364975 0.0361825 2.78937e-05 0.000599559 4.48442e-05 0.000636262 0.000484764 0.000157093 0.00617595 1.62589e-05 4.88233e-09 2.30466e-08 0.00193659 8.5307e-06 0.0161151 0.0038176 2.73793e-08 0.0142648 0.355276 6.45886e-05 6.03933e-06 
0.0022122 0.000197378 6.48908e-12 0.00353962 0.00207168 0.631152 0.0182186 0.0186206 0.000808206 0.00102332 7.69608e-05 1.27231e-05 0.000315718 1.65718e-05 1.35861e-08 1.42286e-05 0.000492498 7.7192e-05 0.101207 0.000551325 5.10532e-09 0.0152653 0.203502 0.000564318 6.12141e-05 
0.00558869 2.17479e-06 7.05711e-10 0.00246744 0.00516218 0.0277135 0.00112605 0.0028782 0.000210494 7.6344e-05 0.000137224 9.4576e-06 0.0515098 2.11598e-06 2.66953e-09 2.72537e-06 0.00936019 0.0414416 0.00684523 0.00174562 2.59703e-07 0.825782 0.0151733 0.000167648 0.00259798 
0.081226 2.46323e-06 0.000121016 0.00869152 0.00638176 0.0218851 4.3124e-05 0.0152547 0.000125614 0.00140885 9.23388e-06 0.0606841 0.00635147 2.81018e-05 9.91024e-07 3.25715e-07 0.174185 0.000269892 0.0492845 0.00296296 0.00114418 0.097756 0.226068 0.246097 1.84048e-05 
0.0182762 0.00113072 4.27567e-10 0.0107377 0.0855374 0.405175 0.014805 0.180543 0.000827435 0.0238558 2.84793e-05 0.000323305 0.0010932 9.06686e-06 1.50049e-06 2.11684e-05 0.100507 0.000728442 0.0019761 0.00312413 1.25242e-05 0.0641574 0.0653187 0.021734 7.77732e-05 
0.0150152 1.17377e-06 2.71203e-08 0.00261009 0.051324 0.0949069 0.0166638 0.148245 0.0271792 0.00442335 0.28159 4.43913e-06 0.0492478 0.00014767 5.62915e-07 0.000131462 0.0291871 0.0019945 0.0249132 0.176063 7.20443e-07 0.0257448 0.0168568 0.0295691 0.00418056 
0.0180198 1.84422e-06 1.05246e-10 0.00133834 0.439732 0.279437 0.00814364 0.0442759 0.0459757 0.00718674 0.00341367 0.00299572 0.00064635 0.00510714 4.84211e-07 6.3562e-06 0.0374402 0.0121363 0.0173905 0.0050971 5.605e-09 0.00593311 0.065468 0.000244286 9.37726e-06 
0.278171 4.97741e-09 3.93607e-12 0.0886741 0.000142273 0.0164286 2.78023e-05 0.00729117 2.45473e-05 0.000791638 0.001318 1.38718e-06 0.0227498 7.06947e-05 1.99658e-09 1.0033e-05 0.0169151 0.000242851 0.00697209 0.0328531 1.55554e-07 0.0291151 0.497841 0.000156663 0.00020349 
0.0201379 5.6255e-11 6.8299e-11 0.0393665 0.585693 2.01348e-06 0.0207755 0.0295919 0.00107528 3.61046e-07 1.34796e-06 7.0712e-07 0.0131657 7.90747e-08 4.16498e-11 9.12116e-11 4.13891e-07 0.000179378 4.82628e-06 0.231148 4.18486e-11 0.0586426 0.000116087 9.88553e-05 3.91379e-11 
0.000276338 0.000564392 5.22631e-11 0.000148089 0.0191576 0.0182998 0.923474 0.00217643 0.000678837 0.000137067 1.26839e-05 1.79622e-05 5.27818e-06 1.90477e-07 4.41152e-07 5.47049e-06 0.000445385 0.0107987 0.000692979 8.40603e-05 1.39488e-06 0.00207311 0.0201099 0.000823119 1.65832e-05 
0.00201256 2.67561e-05 2.62755e-10 9.57929e-05 0.0828636 0.148208 0.138146 0.00913674 0.000406535 0.000237291 3.74958e-05 5.49925e-06 0.000513145 1.07115e-05 4.72081e-09 3.40547e-05 0.00625717 0.552431 0.013573 0.00013613 8.95793e-08 0.0268367 0.0182985 0.000718734 1.42704e-05 
0.474131 0.0529969 1.91954e-08 0.00948963 0.0103979 0.00402521 1.18874e-05 0.00169171 0.00100567 0.0498277 0.0266212 0.0013943 0.0347715 0.0120617 2.56748e-08 5.27485e-06 0.0100984 0.00833036 0.000981808 6.1481e-06 0.0180474 0.0185817 0.0765017 0.188965 5.57366e-05 
0.0104009 0.000529743 3.18847e-06 0.0104435 0.0156017 0.58557 0.000444188 0.0803341 0.000618466 0.00059759 0.00145643 4.82642e-05 0.0249241 3.86807e-06 1.565e-07 1.46613e-06 0.0953389 0.00124357 0.0502989 0.0057791 6.24993e-07 0.094781 0.0199681 0.00154315 6.87303e-05 
0.0194274 0.000304934 8.08666e-10 0.0518722 0.159197 0.153442 0.0478207 0.0804331 0.0039162 0.00155495 0.000166219 4.15835e-06 0.00192928 8.1909e-06 2.71204e-08 4.30121e-05 0.0127321 0.00479386 0.00388026 6.47596e-05 4.32374e-12 0.0382873 0.387259 0.0328641 5.61065e-08 
0.053488 9.02018e-05 4.63514e-05 0.187702 0.0212939 0.0568828 0.00348889 0.064185 0.00187918 0.0136512 0.000888216 1.67889e-07 0.0120667 3.91791e-05 8.25268e-06 0.000103008 0.00615012 1.19268e-05 0.0032242 0.436109 1.58415e-05 0.0373335 0.0993684 0.00194853 2.56561e-05 
0.152937 0.000340985 9.91791e-12 0.0167392 0.0183652 0.0342425 0.00179524 0.00881449 0.000396013 0.0182779 0.0748784 0.0412254 0.00602296 0.000227189 7.06155e-05 0.000290627 0.0446893 0.0322209 0.269439 0.00634882 6.23089e-06 0.0255378 0.176955 0.00515529 0.0650248 
0.0830567 0.000130319 2.94692e-05 0.0960947 0.0263392 0.0531898 0.0297338 0.34191 0.00378504 0.014115 0.00056223 8.97275e-07 0.0521652 6.83431e-05 1.30912e-08 1.40836e-06 0.00200204 0.000247407 0.00254224 0.00335341 1.39593e-06 0.0219958 0.26624 0.00241635 1.97261e-05 
0.00143754 1.91139e-05 2.32192e-10 6.84253e-05 0.0699309 0.105863 0.101691 0.00652625 0.000290386 0.000169498 2.67853e-05 3.92851e-06 0.000366538 7.65202e-06 3.86407e-09 2.43282e-05 0.00446942 0.66655 0.00969505 9.72378e-05 6.41055e-08 0.0191691 0.0130704 0.000513387 1.01947e-05 
0.0161304 3.52946e-08 1.7651e-09 0.028274 0.00204979 0.00044781 0.000121649 3.75574e-05 3.90447e-08 2.17984e-06 7.57296e-10 3.82528e-06 1.6619e-07 6.50482e-07 1.07639e-09 7.34534e-09 8.6576e-05 0.000889869 0.000296902 3.50348e-10 8.47385e-09 7.5045e-06 1.70003e-05 0.000180454 0.951454 
0.00558869 2.17479e-06 7.05711e-10 0.00246744 0.00516218 0.0277135 0.00112605 0.0028782 0.000210494 7.6344e-05 0.000137224 9.4576e-06 0.0515098 2.11598e-06 2.66953e-09 2.72537e-06 0.00936019 0.0414416 0.00684523 0.00174562 2.59703e-07 0.825782 0.0151733 0.000167648 0.00259798 
0.00558869 2.17479e-06 7.05711e-10 0.00246744 0.00516218 0.0277135 0.00112605 0.0028782 0.000210494 7.6344e-05 0.000137224 9.4576e-06 0.0515098 2.11598e-06 2.66953e-09 2.72537e-06 0.00936019 0.0414416 0.00684523 0.00174562 2.59703e-07 0.825782 0.0151733 0.000167648 0.00259798 
0.0293559 0.000885286 2.36742e-09 0.00495249 0.0147792 0.335537 0.00160797 0.0561566 0.000794049 0.000872011 0.000646583 3.39817e-05 0.0136357 1.87768e-06 9.39109e-10 0.000102932 0.097878 0.0310934 0.0157957 0.0114314 0.000215824 0.320294 0.0633065 0.000327411 0.000296658 
0.00516739 0.000144884 0.000121369 0.0335615 0.00849371 0.436886 0.000426577 0.101423 0.00179984 0.0018664 0.00023611 7.17598e-06 0.0439937 1.92838e-05 3.61208e-06 1.32225e-07 0.0404145 0.00153576 0.00502924 0.0202213 3.50254e-08 0.236557 0.0558912 0.00613638 6.39778e-05 
0.0170418 0.200672 8.51736e-07 0.00629939 0.294334 0.0201379 0.231201 0.115981 0.000755151 0.00859031 8.10898e-08 0.000321232 0.00235727 3.17294e-11 2.3414e-11 5.12759e-11 0.0059622 0.0270715 0.00574737 0.00217839 0.000152472 0.0243975 0.0311092 0.00515558 0.000534628 
0.00558869 2.17479e-06 7.05711e-10 0.00246744 0.00516218 0.0277135 0.00112605 0.0028782 0.000210494 7.6344e-05 0.000137224 9.4576e-06 0.0515098 2.11598e-06 2.66953e-09 2.72537e-06 0.00936019 0.0414416 0.00684523 0.00174562 2.59703e-07 0.825782 0.0151733 0.000167648 0.00259798 
0.00868481 1.36398e-06 2.99881e-13 0.00233934 0.01202 0.059985 0.000403316 0.00940703 0.00020144 0.00517713 7.30268e-06 0.000474678 0.00299952 7.08046e-05 9.66882e-10 0.00109472 0.000644773 0.00394681 0.863159 0.00156687 9.43424e-07 0.0153457 0.0120175 0.000178856 0.000272789 
0.00998351 1.90661e-08 6.14905e-12 0.00489397 0.0778269 0.01429 0.191243 0.0159061 0.00312258 0.00512128 0.00215575 0.00039541 0.00258839 3.36965e-06 9.12803e-09 0.000513401 0.00331393 0.000682608 0.596965 0.00233163 3.23525e-05 0.0179696 0.0267662 0.00144209 0.022453 
0.00558869 2.17479e-06 7.05711e-10 0.00246744 0.00516218 0.0277135 0.00112605 0.0028782 0.000210494 7.6344e-05 0.000137224 9.4576e-06 0.0515098 2.11598e-06 2.66953e-09 2.72537e-06 0.00936019 0.0414416 0.00684523 0.00174562 2.59703e-07 0.825782 0.0151733 0.000167648 0.00259798 
3.00145e-05 0.000267473 1.0224e-12 2.2209e-06 0.00331051 0.000120286 0.99535 0.000163659 3.62591e-05 1.71448e-05 2.02028e-05 3.16211e-05 1.1608e-06 8.44897e-13 8.62844e-10 1.55954e-06 4.21529e-05 6.30525e-05 0.000126603 6.99193e-05 2.28068e-06 0.000139275 0.000147389 2.52694e-05 3.21582e-05 
0.007165 4.06916e-05 9.34395e-10 0.0149377 0.0985716 0.150197 0.0765053 0.0309551 0.0240766 0.00219982 0.000785473 0.000866932 0.00061921 9.81566e-05 3.12964e-05 0.396092 0.00607827 0.018723 0.0318528 0.00114269 8.09176e-06 0.063631 0.0726274 0.00269444 0.000100711 
0.00738253 6.13254e-09 5.3328e-12 0.00146477 0.0040189 0.0139408 0.000107108 0.00148961 4.65766e-05 0.0029522 2.01505e-06 0.000330098 0.000233096 1.74886e-05 3.25203e-12 0.000905177 0.000841458 6.9817e-05 0.9513 0.000730338 1.126e-07 0.00150049 0.0125619 6.05468e-06 9.91142e-05 
0.000860345 5.11107e-05 2.47567e-11 0.0026771 0.0192709 0.772024 0.00914291 0.0172808 0.000312679 0.00153947 1.5831e-05 2.02013e-05 0.000164369 7.08015e-06 2.10937e-08 0.000131513 0.00900834 0.00558911 0.0935697 0.00125207 5.83772e-08 0.0146733 0.0488837 0.00344407 8.1468e-05 
0.112356 0.00433906 0.0183472 0.00165445 0.000955463 0.00583931 0.000232473 0.00373524 3.77929e-05 0.134341 0.000935311 0.175433 0.0161759 0.000509342 5.41063e-05 1.86567e-05 0.311375 0.000217706 0.0707198 0.0170007 0.012957 0.0377176 0.0466977 0.0282361 0.000114761 
0.00849309 0.000875248 2.58426e-05 0.00166752 0.219477 0.0216344 0.468543 0.0299413 0.00236597 0.00475549 0.0166957 0.000439752 0.00295622 0.000154393 0.000254541 0.00120278 0.0494517 0.0728456 0.010355 0.00315017 0.0430729 0.00627807 0.0143102 0.0167874 0.00426611 
0.832996 0.000129972 5.34157e-07 0.000497255 0.000817042 7.27452e-09 7.21924e-05 0.00129257 1.67958e-06 0.00537618 0.0310309 9.15443e-05 0.0568815 3.59267e-05 2.84527e-09 1.51903e-09 0.0293612 0.000308929 0.00455142 0.0040059 6.50267e-06 0.00967884 0.0191121 0.00374948 2.0209e-06 
0.0585443 0.000879138 3.19104e-10 0.0188964 0.400868 0.0451791 0.030465 0.0960884 0.0042772 0.000519525 0.00701211 1.21604e-07 0.00207702 3.1086e-06 1.94595e-10 0.000189201 0.0313202 0.0285315 0.00352267 0.00201306 2.63309e-07 0.116978 0.14401 0.00862607 5.28525e-08 
0.000276338 0.000564392 5.22631e-11 0.000148089 0.0191576 0.0182998 0.923474 0.00217643 0.000678837 0.000137067 1.26839e-05 1.79622e-05 5.27818e-06 1.90477e-07 4.41152e-07 5.47049e-06 0.000445385 0.0107987 0.000692979 8.40603e-05 1.39488e-06 0.00207311 0.0201099 0.000823119 1.65832e-05 
0.0444901 0.000651586 1.16715e-09 0.00585698 0.0346194 0.506035 0.0360515 0.0320555 0.00094033 0.018023 0.000188269 0.00189067 0.00446951 0.00171354 2.07487e-07 7.92475e-05 0.120871 0.00384238 0.124889 0.00108065 3.5503e-07 0.0262374 0.0347837 0.00118048 4.9934e-05 
0.633657 0.000870664 4.24332e-06 0.0104212 0.000524682 0.000784995 1.8469e-06 0.00493337 2.93674e-06 0.0060695 0.00744937 0.00629205 0.292005 1.52268e-05 4.45308e-07 2.86591e-07 0.00296062 0.00119891 0.00334737 0.0189624 4.60107e-06 0.0020913 0.00798383 0.000418113 3.226e-07 
0.0622978 1.65343e-08 2.00742e-08 0.000237957 4.32552e-05 0.000297344 3.72891e-05 0.379599 5.09058e-09 0.000198601 0.000173984 3.90326e-05 0.00036605 1.65891e-08 1.22416e-08 2.68086e-08 0.000280059 2.36993e-05 0.000422481 3.98446e-09 1.23e-08 0.00214424 0.000430524 0.553342 6.67307e-05 
0.187358 1.66875e-05 8.10968e-09 0.00497389 0.0381909 0.02845 0.00079487 0.0872051 0.00569851 0.129481 0.000479157 0.0062293 0.000424906 0.00127622 4.95435e-06 4.98518e-06 0.0459756 8.53179e-05 0.00601097 0.0735806 2.58293e-05 0.0189645 0.207334 0.157418 1.71037e-05 
0.010876 0.000897286 8.16331e-10 0.000451214 0.0861801 0.41871 0.00464962 0.180795 0.00303655 0.000405395 0.0042833 0.00012725 0.00309166 2.43993e-05 4.53228e-06 4.64267e-06 0.0260338 0.00602489 0.11262 0.00100336 2.59172e-05 0.070183 0.0375315 0.0303635 0.00267665 
0.0184835 0.000115929 1.56853e-10 0.0067713 0.00863061 0.24394 3.41061e-05 0.0115287 0.00980101 0.00104753 0.0203596 3.584e-06 0.416818 3.34983e-06 9.56514e-11 6.96193e-06 0.0273785 0.0152663 0.00387767 0.00173668 6.914e-06 0.170374 0.0394555 0.00435539 5.33412e-06 
0.019709 0.000240015 8.55058e-10 0.0313435 0.326721 0.0517759 0.0165769 0.365262 0.0111671 0.000368595 3.10497e-07 6.00589e-08 0.0013675 2.64564e-06 5.21428e-10 1.14191e-09 0.00461033 0.00334958 0.0200222 0.0124977 5.23917e-10 0.0347673 0.0981998 0.000714703 0.00130396 
0.0022122 0.000197378 6.48908e-12 0.00353962 0.00207168 0.631152 0.0182186 0.0186206 0.000808206 0.00102332 7.69608e-05 1.27231e-05 0.000315718 1.65718e-05 1.35861e-08 1.42286e-05 0.000492498 7.7192e-05 0.101207 0.000551325 5.10532e-09 0.0152653 0.203502 0.000564318 6.12141e-05 
0.656233 0.000562662 5.65182e-09 0.0261198 0.009796 0.00479377 0.000108534 0.0276337 0.00479842 0.00705434 2.01082e-05 0.0487078 0.00133458 3.71927e-06 3.44657e-09 7.54786e-09 0.0114145 2.17398e-05 0.00331202 0.000671627 8.47217e-07 0.00518514 0.176561 0.00447056 0.0111965 
2.14423e-05 0.00247518 2.53655e-12 1.58769e-06 0.00528624 9.20031e-05 0.990284 0.00104683 2.59048e-05 1.22502e-05 1.4437e-05 2.25915e-05 8.30921e-07 2.09618e-12 1.56548e-09 1.11689e-06 0.000101243 0.00014755 0.000156413 4.99502e-05 1.63315e-06 9.94938e-05 0.000105285 3.11881e-05 2.29819e-05 
0.00285384 0.617282 6.37833e-09 0.0148456 0.0356773 0.0728536 0.00198655 0.0395953 0.000864122 0.0607531 0.00697541 2.74628e-06 6.32354e-05 3.84803e-05 6.33532e-07 5.87373e-06 0.0125724 0.00214909 0.00638263 0.00172025 5.74097e-05 0.0112946 0.0972288 0.0147939 2.77322e-06 
0.000228462 0.000496437 1.4551e-08 0.00012423 0.0156929 0.0150025 0.936798 0.00178983 0.000565298 0.000115091 0.000228206 1.54895e-05 4.87479e-06 5.41183e-07 1.0742e-06 5.81821e-06 0.000368932 0.00885831 0.000572224 7.0651e-05 0.000186945 0.00170528 0.0164743 0.000680039 1.4918e-05 
0.00362781 0.000253548 9.88585e-09 0.00439519 0.000780921 0.520252 0.0372472 0.103379 0.000441264 0.00117438 4.80769e-05 0.0541253 0.00045656 0.0027335 1.69692e-08 4.56842e-06 5.36767e-05 3.89956e-05 0.12828 0.00193678 1.12624e-11 0.105867 0.034185 0.000682972 3.55905e-05 
0.0106587 4.47989e-05 2.29968e-09 0.00913392 0.0224534 0.0894097 0.0117902 0.0566654 0.00220447 0.00229669 0.000347897 8.15397e-06 0.00280009 2.45452e-08 6.92265e-08 1.51335e-05 0.0096945 0.000177392 0.219029 0.00100437 1.36554e-06 0.0421237 0.517425 0.0023481 0.000368105 
0.755842 2.85086e-05 1.28135e-11 0.0154665 1.25913e-05 0.00554685 7.30263e-06 0.000906851 1.57207e-06 0.00684558 0.000200705 0.00388036 0.000947914 0.000100342 2.44472e-07 7.28447e-07 0.00347619 1.35756e-05 0.00556397 0.0218001 2.54235e-09 0.00203589 0.177263 5.68955e-05 2.80066e-06 
0.000276338 0.000564392 5.22631e-11 0.000148089 0.0191576 0.0182998 0.923474 0.00217643 0.000678837 0.000137067 1.26839e-05 1.79622e-05 5.27818e-06 1.90477e-07 4.41152e-07 5.47049e-06 0.000445385 0.0107987 0.000692979 8.40603e-05 1.39488e-06 0.00207311 0.0201099 0.000823119 1.65832e-05 
0.06283 2.43361e-05 6.83571e-07 0.00344538 0.217321 0.119457 0.0259366 0.0742872 7.15561e-05 2.46454e-06 0.010526 9.87462e-09 0.103258 0.154132 6.94717e-11 6.86961e-05 0.040662 0.0377066 0.00738628 1.87544e-05 0.000913983 0.132132 0.00786021 0.0019589 8.72139e-08 
0.0178348 0.000428826 2.55239e-06 0.0337351 0.0198562 0.667593 0.0035133 0.0183441 0.000939814 0.0226365 0.000294984 9.89844e-06 0.00222994 0.0117879 1.95497e-06 1.00306e-05 0.00302174 0.00784793 0.0624973 0.00548278 4.30181e-07 0.0410182 0.0799545 0.000944657 1.30765e-05 
0.151586 0.232305 3.01952e-11 0.012551 0.0482821 0.00920205 0.0030713 0.0216778 0.000250961 0.232953 0.000136932 0.0657222 0.00175352 3.25221e-05 5.70085e-07 4.0325e-11 0.010533 0.00024131 0.00579456 0.0192897 0.000490692 0.0108075 0.0712622 0.102051 5.4356e-06 
0.0655277 4.40848e-05 5.5826e-10 0.0205947 0.031222 0.0235148 0.0107933 0.0126438 0.00104103 0.0209648 0.000101309 0.00350508 0.0174439 0.000684138 2.92678e-05 3.23367e-05 0.0962186 0.0055874 0.273653 0.00458398 1.39715e-05 0.202056 0.19819 0.0103324 0.00122129 
0.0622651 3.79818e-05 0.00257383 0.0428263 0.0290789 0.000207616 1.09191e-05 0.0100659 2.93118e-07 0.0309745 0.705867 4.73615e-05 0.0459541 1.7636e-05 7.04876e-07 1.54365e-06 0.023379 1.15635e-07 0.00135275 0.0274154 7.0824e-07 0.00171499 0.0048643 0.0096689 0.00167419 
0.0130208 0.000157841 3.50597e-06 0.000589606 0.013937 0.000798256 0.0449757 0.0119007 0.125399 0.0148754 0.00202941 0.000153571 0.00512397 5.31896e-05 3.04041e-05 6.40313e-05 0.407344 3.7747e-05 0.00440422 0.0102653 0.312574 0.010143 0.00415788 0.0179536 8.28826e-06 
9.82744e-08 1.54789e-08 1.02159e-10 2.64447e-05 0.432071 0.0208713 0.43796 0.00345731 0.00031874 4.23419e-06 0.000232052 1.23806e-08 0.00186142 0.000348268 6.22983e-11 1.36431e-10 1.71982e-07 0.0109817 0.000563973 0.0858208 6.25957e-11 0.00546721 9.70194e-08 2.77209e-08 1.58133e-05 
3.14482e-06 3.56952e-11 4.33375e-11 7.50092e-07 5.90351e-06 5.83815e-07 1.01421e-06 0.00507654 3.71468e-07 0.135692 1.85935e-11 0.00411862 1.15109e-06 4.08311e-07 2.64279e-11 0.115622 2.06488e-07 6.26053e-07 0.731115 4.14183e-06 9.03101e-08 2.98207e-07 0.00581585 0.00254081 4.22204e-07 
0.00558869 2.17479e-06 7.05711e-10 0.00246744 0.00516218 0.0277135 0.00112605 0.0028782 0.000210494 7.6344e-05 0.000137224 9.4576e-06 0.0515098 2.11598e-06 2.66953e-09 2.72537e-06 0.00936019 0.0414416 0.00684523 0.00174562 2.59703e-07 0.825782 0.0151733 0.000167648 0.00259798 
0.32338 7.99127e-06 6.15321e-09 0.00264389 0.00198625 0.0102112 7.23703e-07 0.115556 7.64179e-07 2.10111e-06 3.05032e-06 7.99078e-07 0.0699317 1.08055e-06 3.75233e-09 8.21746e-09 0.0283856 1.87353e-07 2.30402e-05 0.166021 3.77024e-09 0.0108277 0.243103 0.0279147 3.52602e-09 
0.0205501 6.52539e-07 1.71366e-12 0.00501943 0.0085523 0.10812 0.000410055 0.00886296 0.000140652 0.00150761 0.00013037 0.00014328 0.00279548 8.56772e-06 1.57249e-09 0.000758782 0.00225143 0.00180029 0.771372 0.00468428 6.88437e-07 0.0344569 0.0282419 0.000144321 4.88539e-05 
0.0625501 1.38698e-05 6.76442e-11 0.0134975 0.0469782 0.0492353 0.0743621 0.0264811 0.00658395 0.0074174 0.000678561 1.80367e-05 0.0196761 0.000307669 4.12506e-11 0.00012751 0.214547 0.0104469 0.00750045 0.00313848 6.03128e-09 0.375961 0.0670126 0.013199 0.000266908 
0.0258553 8.96548e-05 6.89196e-11 0.0846999 0.0383041 0.0752545 0.0130166 0.0272861 0.00301095 0.00618304 0.000946968 2.95151e-06 0.00969927 3.08995e-07 1.47096e-07 7.86201e-06 0.00745149 0.000529899 0.0615918 0.0383104 4.72142e-06 0.106208 0.494858 0.00605533 0.000632454 
0.02945 4.97038e-09 4.02756e-12 0.00911484 0.0139582 0.07871 0.000965598 0.0127261 3.71689e-05 0.00210269 9.11063e-05 0.000539159 0.00369787 6.54711e-06 2.67455e-09 0.000655853 0.00125704 0.000188912 0.75429 0.0307128 1.4465e-07 0.0351129 0.0261447 0.000217086 2.16817e-05 
0.0193464 0.00149049 2.3922e-08 0.0147006 0.150683 0.172155 0.00239311 0.0496926 0.00258059 0.0726453 0.0141858 2.75601e-05 0.0239885 4.25579e-05 2.94602e-06 3.20549e-06 0.219361 0.000246157 0.117744 0.00651889 3.707e-05 0.032494 0.077317 0.0223292 1.47815e-05 
0.414773 0.000275152 4.36678e-08 0.0354407 0.0145989 0.0663041 0.00221167 0.0160491 0.00101581 0.0164854 0.0014419 0.0161962 0.0128247 0.0131554 0.000227746 3.0633e-05 0.0130041 0.00965116 0.1479 0.0199534 0.00023728 0.0200586 0.168985 0.00562253 0.00355824 
0.0176511 0.00862193 2.83073e-11 0.00228637 0.0402067 0.310669 0.00500515 0.125444 0.000211759 0.000573483 0.000308193 6.03877e-07 0.0343849 2.33929e-11 2.11247e-09 0.000389606 0.194541 0.0124277 0.00638397 0.0125497 0.000283914 0.105974 0.119235 0.00120026 0.00165138 
0.00558869 2.17479e-06 7.05711e-10 0.00246744 0.00516218 0.0277135 0.00112605 0.0028782 0.000210494 7.6344e-05 0.000137224 9.4576e-06 0.0515098 2.11598e-06 2.66953e-09 2.72537e-06 0.00936019 0.0414416 0.00684523 0.00174562 2.59703e-07 0.825782 0.0151733 0.000167648 0.00259798 
0.058012 2.82561e-10 3.43056e-10 0.00576822 6.01055e-05 0.00226755 3.42553e-08 0.001545 1.68067e-07 0.00411967 2.82954e-06 5.55823e-11 0.000273345 2.83498e-10 2.09201e-10 7.47487e-07 0.00850917 6.87853e-06 0.0042085 0.000997538 2.102e-10 0.0518304 0.862335 6.07976e-05 1.56073e-06 
