0.0127215 4.37615e-05 4.86329e-13 0.0630873 0.00122386 0.4338 8.99561e-05 0.011268 0.002402 0.00501328 1.69706e-05 0.000384139 0.00358293 4.94852e-06 2.96572e-13 1.64155e-05 0.00367233 0.00690682 0.107819 0.00363619 2.97987e-13 0.28387 0.060428 2.61588e-07 1.25158e-05 
0.089756 2.33872e-11 2.83944e-11 0.030549 0.0105259 0.00201092 0.000337405 0.00410884 9.7905e-09 0.00954329 0.00281376 4.20466e-08 0.187055 5.93563e-08 1.73154e-11 4.35455e-08 0.0642437 0.000738381 0.0522897 0.00218716 1.46815e-08 0.38613 0.113937 0.0035871 0.0401869 
0.0986318 1.22213e-06 6.3093e-09 0.107852 0.0278252 0.00561953 4.34981e-05 0.0913662 0.00724709 0.00998074 0.208545 2.37113e-05 0.0783931 6.3888e-07 3.84752e-09 8.42592e-09 0.00262374 0.000655006 0.211865 0.00442333 7.21556e-06 0.011478 0.102021 0.0313965 7.21659e-07 
0.300961 4.11122e-06 1.55945e-10 0.00435888 0.00925683 0.00579621 0.00010251 0.00625551 1.04377e-07 0.231894 8.51204e-06 0.000209546 0.00692232 8.96461e-06 9.50981e-11 0.000168047 0.00336592 7.02733e-05 0.109225 0.250956 2.54551e-08 0.00175608 0.0672629 0.00141349 4.16025e-06 
0.363524 0.000713418 4.22282e-12 0.0217137 0.00889008 0.00866237 1.16675e-05 0.00292203 6.30241e-05 0.0282805 0.158075 0.00390969 0.00168099 0.000259024 2.57515e-12 6.50116e-09 0.0148472 0.00148298 0.0190841 0.0127884 2.92182e-09 0.00287498 0.346892 0.0033202 4.55067e-06 
0.179192 0.128405 6.47338e-11 0.0471388 0.0419956 0.010907 0.00352419 0.0393187 5.6765e-06 0.335829 0.00195836 0.0565146 0.00998161 3.37485e-08 3.94757e-11 1.2224e-07 0.0190252 1.25975e-05 0.00750186 0.0496116 1.51334e-05 0.0429369 0.0177142 0.00840556 5.50015e-06 
0.399162 0.000290431 4.85658e-11 0.0057352 1.64304e-05 0.0875417 0.000145648 0.00462788 0.000211044 0.199765 1.12031e-05 7.92018e-05 0.000272996 0.000384164 2.96162e-11 0.000317201 0.00109421 9.02469e-06 0.258409 0.0128914 2.97576e-11 0.00264218 0.0261523 0.000236944 4.95465e-06 
0.653509 4.59639e-05 1.19905e-09 0.000580114 0.00235776 2.43369e-08 0.000199676 0.00679122 1.52955e-05 0.00127596 0.0017574 0.190669 0.00796154 5.89588e-05 1.07768e-12 3.82273e-06 0.00514872 0.0690007 0.00213658 9.95992e-05 4.98402e-05 0.00353879 0.0468347 0.00796021 5.11525e-06 
0.00199409 9.56734e-05 1.08893e-11 0.00283532 1.81798e-08 0.541754 0.0561172 0.0825004 4.84388e-08 0.00371368 4.42652e-09 0.000457186 0.00111339 2.40118e-08 6.64044e-12 2.02136e-08 3.67107e-08 8.79459e-05 0.227615 0.00220892 6.67214e-12 0.0227986 0.0566709 3.70314e-05 3.07633e-08 
0.272691 0.529907 3.24496e-05 0.00238095 0.000548874 0.0263432 1.09925e-05 0.00650931 4.11535e-06 0.00795196 0.000420948 0.0296562 0.020555 0.000112715 3.33452e-06 3.43813e-06 0.0205365 9.09836e-05 0.00129449 0.00224176 0.000226435 0.0253071 0.0357562 0.0173186 9.68386e-05 
0.000887793 1.92441e-05 4.80309e-05 0.00170404 0.0284681 0.0277646 0.00681073 0.00058717 0.000494296 7.01414e-06 0.014306 2.15264e-06 0.000265684 1.60616e-06 6.02754e-07 1.34382e-05 0.0121799 1.2545e-05 8.03017e-05 0.881143 2.43455e-06 4.88272e-05 0.024737 0.000391874 2.41484e-05 
0.349899 4.63383e-06 2.26858e-09 0.00865526 0.268615 0.0126099 0.0107042 0.000699129 3.45018e-07 0.16805 0.000611653 0.000971648 0.00560924 1.87473e-09 1.38342e-09 1.07827e-06 0.000719743 3.97106e-05 0.0066166 0.00536373 3.04978e-07 0.0341703 0.0025597 0.124097 1.61259e-06 
0.00596527 0.355863 1.85948e-10 0.00908215 0.10386 0.0547802 0.0136412 0.00740676 7.87782e-06 0.00341302 0.0255299 4.01057e-06 0.000280698 1.53666e-10 1.13394e-10 3.0987e-08 0.0189547 0.00064655 0.00212239 0.0235117 1.00862e-05 0.010905 0.310254 0.0523513 0.00140904 
0.00770836 0.000195086 4.39117e-05 0.00045268 0.00531448 0.790074 0.0179215 0.000653835 0.00016552 0.00013281 0.000225249 1.91034e-05 0.00088065 2.16553e-05 1.80782e-06 7.36155e-05 0.00915676 0.00597976 0.00125692 0.000112175 6.5953e-06 0.153523 0.00508368 0.000969092 2.73947e-05 
4.84518e-05 0.000267378 6.1496e-13 2.22041e-06 0.00181733 0.000111323 0.996397 0.000136804 3.65745e-05 1.71434e-05 2.02004e-05 3.16193e-05 1.16013e-06 5.08197e-13 3.75013e-13 1.5585e-06 4.21489e-05 0.000420217 0.000196035 6.99165e-05 2.27914e-06 0.000199808 0.000147386 2.52679e-05 7.75684e-06 
0.154557 6.20968e-05 3.12397e-07 0.00818863 0.0623923 0.130165 0.00333197 0.00905626 0.0223287 0.0149191 0.000669227 5.17401e-07 0.00303384 0.0336796 1.54153e-13 5.82983e-05 0.0466847 0.0373749 0.0199011 0.00135563 2.42286e-06 0.418748 0.0327283 0.000677276 8.54672e-05 
0.0924141 0.20851 3.38502e-06 0.0154716 0.0123402 0.014669 0.00115849 0.0185465 0.000991994 0.510097 6.51478e-05 0.0534684 0.00215016 0.000996336 7.3845e-08 6.32958e-06 0.00505943 0.000134274 0.00802629 0.0135366 8.40655e-06 0.00543826 0.0255898 0.0112872 3.12382e-05 
0.007844 4.16428e-07 6.21523e-07 0.00598687 0.0199134 0.0501029 0.00124607 0.00544495 0.000478011 0.00153874 2.20145e-06 0.000383402 0.000839729 2.27775e-05 1.86163e-10 0.000652504 0.00148089 0.00160177 0.845598 0.000738649 1.11454e-07 0.0308127 0.0252157 3.5825e-06 9.16629e-05 
0.0286316 2.1884e-05 1.32484e-08 0.077504 0.0246947 0.0197527 0.000332553 0.0207241 0.00239366 0.00038215 0.000145307 1.54366e-06 0.000233045 4.94737e-07 3.60055e-12 9.9552e-07 0.0183131 0.00199129 0.000449557 0.00265588 9.42434e-10 0.00436801 0.796743 0.000660062 6.15373e-11 
0.019645 6.10192e-06 2.5857e-10 0.00680287 0.000484594 0.128897 3.63649e-07 0.0237798 0.000227243 1.68997e-05 0.0262471 5.74283e-05 0.206079 1.08472e-06 1.5768e-10 9.06347e-08 0.0217036 0.00108878 0.0806096 0.369223 7.84671e-06 0.0984984 0.0158659 0.000753485 4.45672e-06 
0.00289692 0.0478144 9.87412e-11 0.00102869 0.647146 0.00152817 0.0385403 0.0256719 0.0430788 0.0213984 0.000446987 7.90018e-05 5.89814e-05 0.000970464 6.0214e-11 2.79749e-06 0.00103013 0.000497582 0.0572027 0.00260713 5.94323e-05 0.0116662 0.0837637 0.0116811 0.000830085 
0.00293685 5.76865e-05 1.50637e-12 0.0225088 0.401712 0.0289046 0.0115516 0.0237727 0.035404 0.000614004 8.75083e-08 1.80631e-09 0.00255468 2.36645e-09 9.18607e-13 9.05473e-09 0.00319644 0.00128726 0.0522404 0.00112906 9.32218e-11 0.0197475 0.391577 0.000804469 1.0463e-06 
0.000606076 0.00190106 4.8375e-07 0.0679997 0.0551094 0.0809601 0.000557525 0.0498665 0.0487593 0.00011456 0.00231747 1.63848e-05 0.00676845 3.07391e-05 2.94999e-07 1.18528e-05 0.00214295 0.000382236 0.0215551 0.000337782 1.12974e-06 0.0225063 0.637942 1.87363e-05 9.38007e-05 
0.0294433 0.000554856 1.91069e-08 6.639e-06 5.48981e-05 0.000595243 6.47843e-07 0.00371673 3.4044e-06 0.950116 7.54448e-05 0.00024379 0.00031701 1.57898e-08 1.16517e-08 3.00895e-06 2.30274e-07 2.8514e-06 1.83998e-06 0.00426433 1.17073e-08 2.72321e-06 0.00722216 0.00336272 1.16342e-05 
0.0175633 8.9751e-05 1.55841e-07 0.000597975 0.000752099 0.0237626 1.40635e-05 0.165923 0.000309783 0.0714521 8.26982e-05 0.000150033 0.00109954 2.09208e-05 9.50346e-08 1.6e-05 0.00538249 0.00077397 0.268536 2.57124e-05 0.000155754 0.398761 0.00764337 0.0367501 0.00013835 
0.0554752 6.48006e-05 4.35544e-05 0.043305 0.297459 0.0375082 0.036063 0.0561282 0.0204985 0.00090899 0.0128639 1.03921e-05 0.111639 0.000870015 5.9752e-07 0.0131359 0.0321204 0.0162538 0.0106989 0.0103453 8.44623e-06 0.082352 0.139001 0.0232205 2.59356e-05 
0.0744957 0.0517696 1.2248e-06 0.0167821 0.0124457 0.0717758 0.0377023 0.0246111 7.30062e-05 0.040581 0.000137857 0.000109539 0.0529804 8.95643e-05 3.37672e-07 0.000198942 0.0772843 0.00403827 0.0293406 0.00363986 6.52899e-06 0.30843 0.148466 0.0450245 1.54459e-05 
0.0498606 2.53323e-10 3.07559e-10 0.0350858 0.172467 0.0932464 0.00129045 0.0999986 0.00501199 0.000504915 0.00254461 0.000121554 0.00459996 6.71678e-05 1.87554e-10 7.87134e-05 0.002596 0.000390557 0.459935 0.0163618 5.79739e-08 0.0234549 0.0245909 0.00736711 0.000426612 
0.000357605 2.88243e-11 3.49955e-11 0.000419316 0.363761 2.24128e-07 0.22441 0.0603318 0.312615 8.53906e-08 0.000487218 3.85931e-09 0.00604748 2.892e-11 2.13408e-11 4.67357e-11 0.00927605 0.000514541 0.000167337 0.000244001 6.08199e-09 0.00768582 0.0132082 0.000473659 5.89671e-08 
0.00560344 3.63963e-05 1.74695e-09 0.00400644 0.0484643 2.03147e-06 0.0208877 0.00523518 4.64019e-05 0.000150597 0.345491 9.9103e-08 0.0120324 2.1387e-06 1.06532e-09 6.03348e-07 0.000419764 0.00085401 0.0739562 0.466595 1.2515e-06 0.00222865 0.0137488 0.000237801 6.47581e-07 
0.0407612 1.22176e-07 1.49737e-10 0.00437019 0.167784 0.00160924 0.000466751 0.399802 8.06194e-05 0.0435305 0.00675226 0.00060757 0.000572283 0.00218187 9.13123e-11 0.00135885 0.0766589 0.000244034 0.151062 0.0251365 1.30036e-08 0.00729678 0.0571149 0.0124284 0.000181321 
0.00746605 7.31765e-05 1.49595e-08 0.000121043 0.00483247 0.144059 0.00238159 0.00864222 0.000331175 0.000346042 0.00825313 1.55352e-05 0.715349 0.000123955 2.41784e-09 9.68739e-06 0.00324662 0.0151621 0.0335754 0.00379605 7.46931e-09 0.0478424 0.00384862 8.7177e-05 0.000437464 
0.000199722 1.31328e-06 1.26138e-09 0.0368146 0.0499547 0.0368548 0.000223545 0.00186263 0.0591036 0.000177624 2.66349e-06 0.000304567 0.000403538 1.04239e-09 7.69208e-10 8.66044e-07 0.00100901 0.000207982 0.0515565 0.000108107 9.72998e-06 0.0654461 0.616728 0.0774028 0.00162696 
0.00274415 0.081231 3.91257e-10 0.000937765 0.690862 0.00124578 0.0257144 0.0192457 0.0047926 0.00541252 0.000341781 3.54265e-05 1.98901e-05 0.00123546 2.38595e-10 3.79002e-06 0.0013745 0.000663639 0.0676468 0.00347689 0.000188075 0.0125147 0.0696201 0.0100598 0.000633632 
0.000755239 4.25761e-11 5.16915e-11 0.000793998 0.00491683 0.258674 0.00128795 0.0121426 1.32355e-07 9.51609e-06 9.1881e-08 1.16826e-08 7.67921e-05 1.50349e-07 3.15223e-11 2.95947e-07 0.659607 0.000152545 0.0198823 7.17956e-08 1.58255e-06 0.00677429 0.0175665 0.017358 1.45702e-07 
0.00199409 9.56734e-05 1.08893e-11 0.00283532 1.81798e-08 0.541754 0.0561172 0.0825004 4.84388e-08 0.00371368 4.42652e-09 0.000457186 0.00111339 2.40118e-08 6.64044e-12 2.02136e-08 3.67107e-08 8.79459e-05 0.227615 0.00220892 6.67214e-12 0.0227986 0.0566709 3.70314e-05 3.07633e-08 
0.0136441 0.000191104 7.78265e-08 0.00401812 0.00429364 0.00200826 0.000548166 0.00405434 0.000112344 8.85055e-06 3.33279e-05 2.52972e-07 0.00509246 0.000128977 5.58423e-10 1.76951e-05 5.44013e-05 0.923104 0.00301555 5.42399e-05 4.03303e-07 0.0346839 0.00486359 5.6604e-05 1.56138e-05 
0.00738253 6.13254e-09 5.3328e-12 0.00146477 0.0040189 0.0139408 0.000107108 0.00148961 4.65766e-05 0.0029522 2.01505e-06 0.000330098 0.000233096 1.74886e-05 3.25203e-12 0.000905177 0.000841458 6.9817e-05 0.9513 0.000730338 1.126e-07 0.00150049 0.0125619 6.05468e-06 9.91142e-05 
0.0212484 2.84234e-05 7.1069e-11 0.0279494 0.00976042 0.440279 0.000680989 0.0723347 0.000107764 0.000272896 0.000188225 0.000103713 0.0113473 0.000126353 4.3339e-11 6.52776e-05 0.081202 0.000466227 0.0936285 0.0159576 2.5176e-09 0.0168063 0.207406 3.57553e-05 4.76263e-06 
0.064009 6.83085e-06 6.59921e-07 0.0134418 0.00920965 0.107339 0.000489673 0.0120387 0.000739197 0.00375399 0.000868229 5.19126e-07 0.10292 0.00193887 8.78288e-09 1.55356e-05 0.204718 0.00416519 0.00674919 0.00229046 2.79391e-07 0.37354 0.0907885 0.000941197 3.57936e-05 
0.159901 9.01874e-07 6.18053e-10 0.0231406 0.0236031 0.00842848 0.00430128 0.0182412 0.00283227 9.24068e-06 0.0328599 0.000167105 0.59681 0.000707702 3.76899e-10 8.25394e-10 0.0173129 0.000205935 0.0286852 0.037075 2.13875e-07 0.0281966 0.0117878 0.00573326 1.00737e-06 
0.125816 1.41204e-06 4.35961e-07 1.96354e-06 0.0104526 2.02825e-05 2.83649e-06 9.50661e-06 2.31353e-06 2.53624e-06 0.00409083 0.000158411 1.96194e-05 1.06857e-06 8.8589e-11 2.34767e-06 4.1559e-05 0.0364974 0.346462 1.03519e-06 3.73939e-07 0.431736 0.0412775 3.28849e-06 0.00339859 
0.16384 0.00255406 4.36618e-08 0.0303702 0.0138466 0.0548249 0.000607073 0.0221208 0.0696314 0.331194 0.000580661 0.00689267 0.0270984 5.14549e-06 1.84813e-10 4.62226e-05 0.00979969 0.000200343 0.021086 0.00973256 0.000101813 0.0250145 0.191445 0.0190062 1.36233e-06 
0.00738253 6.13254e-09 5.3328e-12 0.00146477 0.0040189 0.0139408 0.000107108 0.00148961 4.65766e-05 0.0029522 2.01505e-06 0.000330098 0.000233096 1.74886e-05 3.25203e-12 0.000905177 0.000841458 6.9817e-05 0.9513 0.000730338 1.126e-07 0.00150049 0.0125619 6.05468e-06 9.91142e-05 
0.0867589 2.04999e-05 4.96538e-11 0.0137631 0.0359608 0.38036 0.00721306 0.00550417 0.0548616 0.00531521 0.000384853 1.13164e-07 4.21738e-07 0.000751052 3.02797e-11 2.23809e-05 0.00680785 0.00730386 0.019707 0.00496988 5.98471e-07 0.100338 0.267733 0.000381535 0.00184232 
0.00189972 1.76306e-08 1.20567e-10 0.00113479 0.174795 0.0243846 0.0169663 0.514151 0.00307759 4.97547e-06 0.000168856 1.21432e-05 0.00441823 7.25271e-08 7.35235e-11 1.19016e-05 0.00346481 0.178756 0.0061177 0.000688183 1.02003e-08 0.0636524 0.00618748 5.38291e-07 0.000107528 
0.0672052 0.000831075 3.47536e-06 0.088378 0.013406 0.0510251 0.000126245 0.00390672 0.480299 0.00521007 0.00324209 8.34502e-06 0.00057599 0.00390811 5.82146e-09 1.23565e-05 0.0411238 0.00198712 0.0087234 0.0348196 3.15881e-07 0.0988851 0.0838327 0.0123556 0.000134937 
0.0126394 1.37907e-05 5.46866e-06 0.096026 0.00592981 0.0104919 5.06555e-05 0.00752236 9.22681e-06 0.719636 0.000318202 0.00746357 0.000119514 2.09724e-05 5.28803e-07 1.15806e-06 0.00132883 0.000151832 0.00727662 0.0225022 5.31327e-07 0.00141594 0.00792851 0.0991464 6.07031e-07 
0.00371064 9.70768e-06 2.62691e-05 0.0999407 0.17032 0.0283395 0.00668807 0.0865723 0.0232393 0.00186175 0.234401 6.48448e-05 0.0258574 1.54778e-05 6.63725e-08 0.000105657 0.0217555 0.000586021 0.00882845 0.196787 2.50935e-05 0.0335886 0.00354906 0.0537251 2.42494e-06 
0.065593 3.71285e-08 1.95132e-12 0.0148483 0.000559235 0.540103 2.01151e-08 0.0257603 7.06129e-08 0.00365648 6.44723e-09 4.44517e-08 0.0124587 3.4994e-08 1.18995e-12 2.94498e-08 0.0112118 1.41726e-08 0.157136 0.00174618 1.19563e-12 0.0695138 0.097413 3.3981e-09 4.48402e-08 
0.00199409 9.56734e-05 1.08893e-11 0.00283532 1.81798e-08 0.541754 0.0561172 0.0825004 4.84388e-08 0.00371368 4.42652e-09 0.000457186 0.00111339 2.40118e-08 6.64044e-12 2.02136e-08 3.67107e-08 8.79459e-05 0.227615 0.00220892 6.67214e-12 0.0227986 0.0566709 3.70314e-05 3.07633e-08 
0.108847 0.000241609 1.17692e-07 0.0491235 0.00844738 0.0477869 0.000172699 0.0212952 0.00032542 0.0392349 0.0114098 1.62537e-05 0.00430216 4.1477e-07 2.39053e-08 4.75135e-07 0.0655463 0.000380959 0.0461845 0.125434 7.23213e-06 0.369058 0.0392212 0.0629375 2.63188e-05 
0.0453292 1.51909e-05 5.28594e-12 0.0107185 0.0037554 0.458303 9.17972e-08 4.64137e-07 0.00195489 1.9085e-07 1.18839e-07 1.90137e-08 5.67598e-05 2.79611e-08 3.22345e-12 6.98935e-08 6.45834e-07 3.79527e-07 1.5922e-07 0.0467521 6.48091e-09 4.84737e-07 0.426873 0.00614401 9.54561e-05 
0.0302004 3.64066e-05 4.01985e-07 0.0118751 0.314795 0.0224198 0.0346072 0.071885 0.0652156 0.000475694 0.00157529 5.04625e-07 0.000612965 1.34259e-07 3.47401e-08 7.09428e-07 0.000374593 0.00194514 0.000674295 0.0128197 4.14426e-07 0.0204597 0.400962 0.00897102 9.3298e-05 
0.0163182 1.68322e-05 5.21352e-06 0.00131022 0.0069053 0.666081 0.000497711 0.044323 4.2848e-05 3.3241e-05 0.000215072 4.54576e-06 0.0110168 1.27425e-05 1.46728e-08 3.50258e-05 0.0803224 0.00187112 0.00328945 0.00302927 9.21656e-05 0.129725 0.0344265 0.000134987 0.000291429 
0.0702859 4.3448e-06 8.93778e-08 0.277555 0.0432326 0.136028 0.000266078 0.0100698 0.00875695 0.0508697 0.00148979 8.39559e-05 0.00725581 0.00381925 5.4504e-08 1.20303e-06 0.00108265 0.000421711 0.0174707 0.196348 1.03864e-06 0.0669426 0.0874281 0.020478 0.00010862 
0.317015 0.0117756 4.69191e-11 0.00726496 0.00506947 0.0097819 0.00080435 0.00411238 2.27088e-06 0.414713 0.00123011 0.0212177 4.39828e-07 0.00013213 2.86121e-11 3.64819e-08 0.00194559 0.00759508 0.00280955 1.20805e-06 2.87486e-11 0.0111333 0.11724 0.0661546 1.14096e-06 
0.0981653 0.000370584 7.92675e-11 0.0647925 0.0119974 0.301314 0.000168817 0.00851563 0.000445572 0.0189463 0.0310762 0.00479928 0.00540427 0.00076884 4.83386e-11 6.67386e-06 0.0279239 0.000228377 0.114359 0.0324181 1.46009e-05 0.0398686 0.231115 0.00725017 5.06203e-05 
5.62304e-06 2.27249e-09 4.25448e-10 2.13402e-05 0.139733 0.00569116 0.0076676 0.00511138 0.000218569 1.8821e-05 0.000896253 1.98407e-05 0.00123761 1.08709e-06 1.85516e-12 5.02691e-09 0.000181066 0.839022 2.26396e-07 2.19588e-08 1.31305e-09 2.14136e-07 2.0771e-05 3.43206e-05 0.000119996 
0.363524 0.000713418 4.22282e-12 0.0217137 0.00889008 0.00866237 1.16675e-05 0.00292203 6.30241e-05 0.0282805 0.158075 0.00390969 0.00168099 0.000259024 2.57515e-12 6.50116e-09 0.0148472 0.00148298 0.0190841 0.0127884 2.92182e-09 0.00287498 0.346892 0.0033202 4.55067e-06 
0.011145 0.000701643 1.25064e-07 0.000733602 0.013879 0.491396 0.000900482 0.0377936 0.000145351 0.00168856 5.58775e-05 1.46564e-06 9.68298e-08 7.59108e-07 2.72826e-08 1.29104e-05 0.0888245 0.0104838 0.0136868 5.5867e-05 4.76151e-07 0.245053 0.0788069 0.00455799 7.54129e-05 
0.0179511 0.000170388 1.2591e-10 0.00270322 0.00855082 0.0870048 1.47652e-05 0.00269866 0.00502272 0.00143023 0.0233922 5.46205e-06 0.570307 2.98581e-06 7.67817e-11 3.23929e-06 0.0229357 0.0214357 0.00393342 0.00130994 1.05183e-05 0.205375 0.0226075 0.00312952 4.34721e-06 
0.0924141 0.20851 3.38502e-06 0.0154716 0.0123402 0.014669 0.00115849 0.0185465 0.000991994 0.510097 6.51478e-05 0.0534684 0.00215016 0.000996336 7.3845e-08 6.32958e-06 0.00505943 0.000134274 0.00802629 0.0135366 8.40655e-06 0.00543826 0.0255898 0.0112872 3.12382e-05 
0.0422227 0.0102898 1.47032e-12 0.00533992 0.00821772 0.163489 0.0505687 0.0268294 0.000372257 0.00152066 0.000925434 0.000187228 0.00405515 2.71885e-06 8.96627e-13 9.04966e-06 0.211968 0.00873596 0.0108721 0.005111 1.77337e-05 0.0293849 0.416385 0.00337695 0.000118332 
0.00245146 0.000376888 0.000264051 0.0914619 0.0325408 0.000743713 0.0217388 0.0346886 0.000663125 0.0039077 0.535752 4.49971e-07 0.0644298 2.21745e-06 3.75887e-07 0.00781562 0.0472276 3.98385e-06 0.00535913 0.0905365 4.60711e-07 0.0168988 0.0056942 0.0374406 1.67329e-06 
0.0692964 1.05055e-08 1.27547e-08 0.00253626 0.124681 0.259132 0.000998565 0.0421287 0.00295316 0.0144483 3.16344e-05 2.34812e-05 0.0361829 1.05403e-08 7.778e-09 1.70335e-08 0.0773797 1.81825e-07 0.0190782 0.056745 4.23418e-05 0.119515 0.113591 0.0606568 0.000579953 
0.474974 5.91072e-08 5.70791e-12 0.00487249 0.00122754 0.0284119 2.8135e-06 0.0059865 3.51544e-08 0.037086 0.000984369 0.00495818 0.00299312 3.47024e-05 3.48078e-12 7.62277e-12 0.0127943 0.00138621 0.00999979 0.017421 3.1852e-09 0.00545649 0.391225 0.0001838 1.80411e-06 
5.62304e-06 2.27249e-09 4.25448e-10 2.13402e-05 0.139733 0.00569116 0.0076676 0.00511138 0.000218569 1.8821e-05 0.000896253 1.98407e-05 0.00123761 1.08709e-06 1.85516e-12 5.02691e-09 0.000181066 0.839022 2.26396e-07 2.19588e-08 1.31305e-09 2.14136e-07 2.0771e-05 3.43206e-05 0.000119996 
0.0389748 8.73463e-05 2.06947e-08 0.0276645 0.0688782 0.146061 0.00261036 0.200892 0.355877 0.0626263 0.00214275 3.4467e-05 0.00395161 7.73531e-06 1.26199e-08 3.63421e-06 0.00372714 1.73785e-06 0.0249611 0.00315787 2.6878e-07 0.00319769 0.0498327 0.00517223 0.00013767 
0.048391 0.000225255 0.00561109 0.00603914 0.052986 0.0232619 0.00144332 0.0044962 0.000668184 0.00441741 0.000133863 0.000264161 0.468532 0.000161486 2.7462e-08 0.0151915 0.00336256 0.000236948 0.140094 0.134394 7.24182e-05 0.00536658 0.0842307 0.000240352 0.000179397 
0.775993 5.24686e-05 5.64755e-09 0.00137188 0.00502391 0.00645209 0.000391643 0.00150442 0.00163777 0.00165162 0.0015122 0.00346287 0.00836721 0.000166935 3.57255e-12 3.03962e-08 0.0683503 0.00155385 0.01799 0.00126305 1.94036e-06 0.0589489 0.0422328 0.00201832 5.22958e-05 
0.0390261 9.97878e-08 4.2766e-10 0.0161494 0.0629981 0.237322 0.000152385 0.0446392 0.00132959 0.00972442 6.35605e-06 6.4778e-06 0.0231347 0.000125671 2.60794e-10 1.62109e-05 0.337403 7.30685e-05 0.105575 0.0134567 4.13562e-06 0.0153959 0.0570713 0.00869575 0.0276946 
0.00757692 4.02512e-07 1.64407e-08 0.00353168 0.217427 0.182271 1.81466e-05 0.199197 0.00684853 0.0466826 4.9344e-05 3.63114e-08 0.000944563 1.8316e-09 1.35159e-09 5.72846e-07 0.0190829 3.39752e-06 2.62137e-06 0.0011499 1.35804e-09 0.110016 0.205196 6.61518e-07 1.98526e-07 
0.749382 0.000860689 6.03594e-09 0.0194432 0.00071015 0.0105534 1.88236e-05 0.00517955 9.94812e-06 0.0670744 0.00221312 0.0243902 0.00779126 2.92929e-05 5.971e-12 9.52896e-05 0.0152647 0.0245606 0.00255117 0.0303167 1.20017e-06 0.00620282 0.0303538 0.00299506 2.64257e-06 
0.49547 0.000450099 1.00274e-06 0.0285689 0.0154455 0.00975813 0.000592425 0.00783264 0.000360278 0.0414022 0.000581651 0.000224803 0.00707027 0.000780277 3.95254e-07 9.34923e-06 0.0213498 0.0178261 0.0246039 0.00730955 2.19916e-05 0.0116831 0.284915 0.0237257 1.70535e-05 
9.82744e-08 1.54789e-08 1.02159e-10 2.64447e-05 0.432071 0.0208713 0.43796 0.00345731 0.00031874 4.23419e-06 0.000232052 1.23806e-08 0.00186142 0.000348268 6.22983e-11 1.36431e-10 1.71982e-07 0.0109817 0.000563973 0.0858208 6.25957e-11 0.00546721 9.70194e-08 2.77209e-08 1.58133e-05 
0.137934 6.04367e-05 0.00509904 0.02498 0.00821234 0.0244501 0.000171431 0.0114996 7.21964e-05 0.115643 0.00243518 0.00162809 0.538168 1.97142e-05 3.78108e-07 0.000145707 0.0179204 8.90262e-05 0.0205244 0.0489214 4.89866e-07 0.0148023 0.0268147 0.000400723 8.26958e-06 
0.221888 0.000907107 2.07019e-07 0.00427717 0.0735277 0.143504 0.00370345 0.014278 0.0078782 0.00981465 0.00176675 1.51054e-05 0.000615316 0.000828901 9.44462e-09 1.17039e-08 0.00708776 0.000566356 0.0758824 0.00237977 9.75912e-06 0.0918984 0.33392 0.00515177 9.97753e-05 
0.00744366 0.000338451 1.00119e-10 0.0109122 0.00240364 0.103885 0.000179038 0.0114971 1.58451e-06 0.177193 2.90647e-05 0.338017 0.000594516 8.06739e-06 6.10543e-11 6.96511e-06 0.0437144 3.79073e-05 0.12918 0.00300754 0.000516138 0.0549545 0.103833 0.0122326 1.4498e-05 
0.0407612 1.22176e-07 1.49737e-10 0.00437019 0.167784 0.00160924 0.000466751 0.399802 8.06194e-05 0.0435305 0.00675226 0.00060757 0.000572283 0.00218187 9.13123e-11 0.00135885 0.0766589 0.000244034 0.151062 0.0251365 1.30036e-08 0.00729678 0.0571149 0.0124284 0.000181321 
0.0323059 3.87048e-08 5.40067e-12 0.0133051 0.000209031 0.238978 0.000206431 0.0224781 7.95718e-08 1.94992e-07 1.21419e-07 1.94264e-08 7.23992e-08 7.43054e-05 3.29342e-12 3.57766e-05 0.00415773 3.87765e-07 0.017439 0.0232576 6.62157e-09 0.0196622 0.62789 1.54611e-07 3.24985e-08 
0.00738253 6.13254e-09 5.3328e-12 0.00146477 0.0040189 0.0139408 0.000107108 0.00148961 4.65766e-05 0.0029522 2.01505e-06 0.000330098 0.000233096 1.74886e-05 3.25203e-12 0.000905177 0.000841458 6.9817e-05 0.9513 0.000730338 1.126e-07 0.00150049 0.0125619 6.05468e-06 9.91142e-05 
0.00197192 4.16557e-05 3.86669e-11 0.00013396 0.00749035 0.0474337 0.00543716 0.00251594 3.17119e-05 0.000275973 0.374826 4.74555e-08 0.00837361 7.343e-08 2.35797e-11 0.00118579 0.393368 0.00316902 1.52612e-06 0.000869094 1.17904e-08 0.0208742 0.124646 0.0049012 0.0024524 
0.0961407 0.00213907 1.72733e-11 0.00241061 0.00329375 0.0245107 0.000189227 0.022802 4.98711e-08 0.00119627 2.33223e-08 4.28604e-05 0.000235277 9.15049e-08 1.05336e-11 2.48721e-08 0.119631 9.02978e-09 5.67415e-08 1.35516e-07 9.72486e-05 0.0038155 0.617108 0.106388 3.51961e-08 
0.136565 4.47662e-05 9.41689e-08 0.141167 0.000947794 0.0747318 2.84137e-05 0.00753201 0.000240337 0.00766478 0.0221229 0.0611685 0.0256479 2.79726e-05 5.74257e-08 1.29952e-06 0.0194355 6.52509e-05 0.205893 0.0844844 4.24117e-06 0.0182887 0.193911 2.29053e-05 3.70155e-06 
0.00189972 1.76306e-08 1.20567e-10 0.00113479 0.174795 0.0243846 0.0169663 0.514151 0.00307759 4.97547e-06 0.000168856 1.21432e-05 0.00441823 7.25271e-08 7.35235e-11 1.19016e-05 0.00346481 0.178756 0.0061177 0.000688183 1.02003e-08 0.0636524 0.00618748 5.38291e-07 0.000107528 
0.0208711 4.61283e-07 2.46979e-09 0.0196121 0.0885706 0.0368029 6.81593e-05 0.136852 0.000946199 0.0018505 0.012579 6.57772e-09 0.00025175 2.04101e-09 1.50612e-09 5.61766e-07 0.0019324 4.01863e-07 0.0497096 0.601503 1.38169e-07 0.0158122 0.00361612 0.0090184 2.96195e-06 
0.139905 0.00012241 4.43547e-09 0.00114723 0.0059019 0.0432712 6.85001e-06 0.00572746 0.000126841 0.00143195 2.07808e-08 2.29754e-09 0.0105603 1.34305e-06 3.60634e-12 2.12027e-05 0.0512923 0.00197368 0.0512036 0.138919 2.55045e-06 0.46351 0.0846696 0.000197731 9.14885e-06 
0.142747 0.000526809 1.13277e-05 0.0246191 0.000120132 0.00766402 2.45584e-05 0.00207171 1.6642e-05 0.464257 0.000433756 0.0204198 0.000980846 7.83182e-06 7.18257e-08 0.00128248 0.0275501 7.36343e-07 0.00701062 0.112758 0.165916 0.0104973 0.00312475 0.00795061 8.91407e-06 
0.366973 0.0396961 2.18942e-08 6.07903e-05 0.00313725 0.0269181 0.00111726 0.011214 4.13621e-06 0.0465804 0.0647706 0.00102964 0.265081 6.52184e-06 7.33531e-09 8.79751e-05 0.0524296 0.00661518 0.00573057 0.00167299 0.000463155 0.0113117 0.0274835 0.0674908 0.000125722 
0.0286316 2.1884e-05 1.32484e-08 0.077504 0.0246947 0.0197527 0.000332553 0.0207241 0.00239366 0.00038215 0.000145307 1.54366e-06 0.000233045 4.94737e-07 3.60055e-12 9.9552e-07 0.0183131 0.00199129 0.000449557 0.00265588 9.42434e-10 0.00436801 0.796743 0.000660062 6.15373e-11 
2.77135e-06 0.0026409 2.33681e-08 0.00328409 0.273116 0.0450901 0.000674196 0.0812137 0.00312603 2.97678e-07 0.488459 0.000120414 0.0813056 6.90455e-07 1.42503e-08 3.90671e-07 0.00792902 0.00483158 0.00202903 0.000191505 1.08154e-07 0.00433666 0.00164713 1.82873e-07 8.6438e-07 
0.00221597 2.63073e-06 4.3802e-06 4.64661e-05 0.429511 0.0178475 0.00961325 0.0303006 0.0113065 0.00160331 0.00409196 3.00879e-05 0.000454755 7.48372e-07 9.45088e-11 1.47434e-06 0.0020747 0.444136 0.00916806 1.76211e-05 8.66085e-09 0.037218 0.000215625 0.000139466 7.77719e-08 
0.00603524 0.000204897 3.92308e-10 0.00011614 0.244435 0.226079 0.00301221 0.264607 0.000220433 0.00319907 0.00483715 2.95509e-05 0.049804 1.58617e-07 2.39236e-10 3.23739e-05 0.0357481 0.0497238 0.0162136 0.00517483 2.23722e-08 0.0221348 0.0449926 0.0232421 0.00015768 
0.000504286 3.50803e-06 4.26982e-09 0.000843824 0.162268 0.231379 0.000834309 0.252569 0.00279002 3.04055e-05 0.000542973 1.3035e-06 0.00795731 1.588e-07 2.60381e-09 8.88656e-08 0.00464325 0.226286 0.0576125 0.0145019 2.43256e-08 0.0346113 0.000897091 0.0017216 2.01718e-06 
0.00101577 4.74565e-06 1.30533e-06 0.000288602 0.0090593 0.0402045 0.000193862 0.838822 0.000482293 0.000102177 0.0241365 1.36251e-05 0.00176251 3.1795e-05 7.96013e-07 8.36841e-06 0.00642107 0.00320322 0.0556669 0.00146937 2.52928e-06 0.0103912 0.00669377 7.39231e-06 1.64323e-05 
0.0302544 0.000109897 9.2792e-08 0.0560848 0.106509 0.118126 0.00437805 0.0617583 0.0406866 0.0339017 3.13339e-05 0.000259887 0.00409726 4.81315e-06 3.49609e-08 0.000556847 0.0056026 8.24216e-05 0.312395 0.0216552 1.40739e-06 0.0456454 0.128768 0.0226766 0.00641312 
0.00180312 0.00017063 3.92101e-11 0.0203997 0.000660493 0.143322 1.42508e-05 0.276519 9.6554e-05 0.00144006 0.000613188 1.65634e-07 0.009609 1.07397e-05 2.3911e-11 5.10248e-05 0.0534834 0.000131287 0.00099009 0.000755572 2.40251e-11 0.00594009 0.482732 0.00125718 2.2643e-07 
0.00738253 6.13254e-09 5.3328e-12 0.00146477 0.0040189 0.0139408 0.000107108 0.00148961 4.65766e-05 0.0029522 2.01505e-06 0.000330098 0.000233096 1.74886e-05 3.25203e-12 0.000905177 0.000841458 6.9817e-05 0.9513 0.000730338 1.126e-07 0.00150049 0.0125619 6.05468e-06 9.91142e-05 
0.00293685 5.76865e-05 1.50637e-12 0.0225088 0.401712 0.0289046 0.0115516 0.0237727 0.035404 0.000614004 8.75083e-08 1.80631e-09 0.00255468 2.36645e-09 9.18607e-13 9.05473e-09 0.00319644 0.00128726 0.0522404 0.00112906 9.32218e-11 0.0197475 0.391577 0.000804469 1.0463e-06 
0.0407612 1.22176e-07 1.49737e-10 0.00437019 0.167784 0.00160924 0.000466751 0.399802 8.06194e-05 0.0435305 0.00675226 0.00060757 0.000572283 0.00218187 9.13123e-11 0.00135885 0.0766589 0.000244034 0.151062 0.0251365 1.30036e-08 0.00729678 0.0571149 0.0124284 0.000181321 
0.23642 9.68526e-07 9.79833e-09 5.02203e-05 0.0592917 0.00677634 0.000319812 0.0572203 8.84158e-08 0.00268663 0.0243072 2.69993e-05 0.0216951 4.32699e-06 5.97518e-09 4.10304e-05 0.0281507 3.2197e-05 0.0623207 0.474 6.0037e-09 0.0195926 9.08401e-06 0.00705221 1.54097e-06 
0.251051 3.94328e-11 4.78753e-11 0.00770535 0.00299931 0.0353469 6.44783e-08 0.0221606 6.32536e-07 2.23004e-06 1.72559e-07 2.48296e-08 0.00117015 3.95637e-11 2.91951e-11 1.27936e-07 0.0926699 3.30728e-05 0.00690916 0.00821491 2.93345e-11 0.00468912 0.562239 0.00480761 1.81094e-07 
0.56977 0.000191189 6.7923e-12 0.0181373 0.0158849 0.0276859 0.000326088 0.00970761 0.000578435 0.0180256 0.00131253 0.0037911 0.00914945 0.000287951 4.14206e-12 2.97071e-09 0.00607434 0.00750423 0.0117952 0.00777027 3.29395e-09 0.00749733 0.284312 0.000197704 8.78329e-07 
0.0311318 0.000164943 0.0928761 0.0122662 0.3665 0.0140673 0.0386099 0.139052 0.0326757 0.00198264 0.000519975 8.44549e-06 0.000602633 6.99106e-05 5.65195e-09 1.14997e-06 0.00110189 0.00113072 0.000372933 0.000453238 2.58266e-06 0.00753637 0.0984541 0.159895 0.000524547 
0.079557 0.00015742 8.47776e-11 0.00995303 0.137998 0.250944 0.00584529 0.118989 0.00146414 0.010752 0.000278612 0.000147828 0.00763659 8.85853e-06 5.16988e-11 0.000222552 0.0115749 0.0278536 0.0651849 0.0220524 4.0155e-07 0.0454699 0.18505 0.0185694 0.000289679 
0.00225312 8.87392e-11 1.07738e-10 0.0124082 0.373972 0.117269 0.00109379 0.222092 0.0772899 3.94227e-06 0.0584907 1.20277e-05 0.0135026 0.000120857 6.57004e-11 9.16528e-08 0.0328948 1.80493e-07 0.000209931 0.0253685 6.6014e-11 0.0609173 0.00192435 0.00016382 1.29764e-05 
0.0104009 0.000529743 3.18847e-06 0.0104435 0.0156017 0.58557 0.000444188 0.0803341 0.000618466 0.00059759 0.00145643 4.82642e-05 0.0249241 3.86807e-06 1.565e-07 1.46613e-06 0.0953389 0.00124357 0.0502989 0.0057791 6.24993e-07 0.094781 0.0199681 0.00154315 6.87303e-05 
0.167414 9.80392e-05 0.00138478 0.0112638 0.0987529 0.0572303 0.0870203 0.225359 0.00247829 0.0189475 0.015917 3.07123e-05 0.0832389 2.39041e-06 7.22296e-08 0.000104828 0.0534332 0.00480572 0.0434045 0.0278225 1.08084e-07 0.0220535 0.0691873 0.0100283 2.29025e-05 
0.0830567 0.000130319 2.94692e-05 0.0960947 0.0263392 0.0531898 0.0297338 0.34191 0.00378504 0.014115 0.00056223 8.97275e-07 0.0521652 6.83431e-05 1.30912e-08 1.40836e-06 0.00200204 0.000247407 0.00254224 0.00335341 1.39593e-06 0.0219958 0.26624 0.00241635 1.97261e-05 
0.00358747 5.36574e-05 7.5477e-08 0.00121225 0.0542176 0.00616885 0.00337961 0.00471077 0.000168009 2.38733e-05 0.000335622 6.66183e-06 0.0032781 4.31477e-05 4.65929e-10 5.39021e-06 0.000874952 0.899126 0.00325467 4.84189e-05 1.78664e-07 0.0175264 0.00174762 0.000142007 8.82637e-05 
0.0159583 0.000278629 1.76031e-09 0.0457652 0.0292842 0.308638 0.00261256 0.012334 0.00911508 0.00399667 4.74813e-07 1.91156e-06 0.0080546 1.23388e-07 1.07347e-09 1.16565e-05 0.0996579 0.268521 0.0297326 0.0885153 1.81267e-08 0.0413756 0.0267211 0.00907918 0.000345386 
0.451737 0.00767324 0.00374347 0.122025 0.000939874 0.0125923 0.00218777 0.00269067 6.72831e-05 0.0243216 0.00325207 0.000398172 0.000151313 3.64454e-05 8.97154e-08 1.70749e-06 0.0690597 7.57058e-05 0.00632707 0.0549009 2.50781e-05 0.0271534 0.182153 0.0272719 0.00121567 
0.0313137 7.78282e-07 1.59515e-11 0.0604422 0.0238123 0.0193122 0.000224808 0.040699 4.94911e-05 0.000366966 0.0514505 9.45001e-09 0.00608788 8.30921e-08 9.72748e-12 0.000102694 0.000333592 0.000176112 0.341441 0.000290798 0.00011014 0.00545382 0.418323 2.46782e-07 8.59198e-06 
0.00327623 8.62552e-07 3.56078e-07 0.114635 0.0943001 0.328927 5.61215e-05 0.00557111 0.00275808 0.0681498 0.0743902 2.71357e-06 0.148842 7.98894e-07 2.44321e-08 3.86153e-05 0.00327391 0.000354421 0.102066 0.00165372 2.45487e-08 0.0293906 0.0218609 0.000313987 0.000137698 
0.000306458 4.4077e-07 1.14718e-09 0.00269791 0.131928 0.0385845 0.00110149 0.282823 9.39497e-05 2.21633e-06 1.38038e-06 0.00115832 8.23035e-07 3.2557e-07 6.99567e-10 8.13023e-07 0.147087 3.00703e-05 0.00146945 0.00592905 7.59188e-08 0.0668407 0.257938 0.0619361 6.97104e-05 
0.00738253 6.13254e-09 5.3328e-12 0.00146477 0.0040189 0.0139408 0.000107108 0.00148961 4.65766e-05 0.0029522 2.01505e-06 0.000330098 0.000233096 1.74886e-05 3.25203e-12 0.000905177 0.000841458 6.9817e-05 0.9513 0.000730338 1.126e-07 0.00150049 0.0125619 6.05468e-06 9.91142e-05 
0.0445912 0.00387179 7.50056e-11 0.014604 0.0324943 0.0534484 1.41924e-06 0.126499 0.0177598 0.0192216 2.76782e-07 0.000178738 5.48032e-07 6.19839e-11 4.57396e-11 3.01507e-08 0.19919 6.47189e-06 0.0273245 1.95042e-07 4.5958e-11 1.65176e-06 0.419745 0.0407466 0.00031372 
0.0293559 0.000885286 2.36742e-09 0.00495249 0.0147792 0.335537 0.00160797 0.0561566 0.000794049 0.000872011 0.000646583 3.39817e-05 0.0136357 1.87768e-06 9.39109e-10 0.000102932 0.097878 0.0310934 0.0157957 0.0114314 0.000215824 0.320294 0.0633065 0.000327411 0.000296658 
0.0621567 0.0347463 1.59488e-08 0.018508 0.0018967 0.181413 0.0081578 0.0351755 0.000211834 0.000972906 0.00291893 0.0001812 0.0101079 8.84016e-06 1.12322e-12 9.06294e-06 0.226659 0.00557918 0.00431176 0.0147943 4.16839e-05 0.0634624 0.328231 0.000378074 7.83351e-05 
0.059499 6.64441e-05 9.59771e-07 0.00554001 0.16211 0.0414824 0.00352936 0.0676662 0.00146415 0.000918306 0.382999 4.47604e-06 0.0946018 0.0174571 4.52261e-08 3.21847e-06 0.0087911 0.024824 0.00539426 0.0621145 3.10424e-06 0.00185794 0.05752 0.000300689 0.00185221 
0.000390901 6.08444e-09 4.17206e-12 0.00636454 0.017041 0.608621 0.000279163 0.0325788 0.125359 0.000393782 0.000229366 1.19907e-08 0.00139343 2.5126e-08 2.54419e-12 1.79256e-05 0.00212103 0.00141225 0.0959419 0.000501219 3.51507e-09 0.0830533 0.0242662 3.476e-05 3.1857e-08 
0.00746605 7.31765e-05 1.49595e-08 0.000121043 0.00483247 0.144059 0.00238159 0.00864222 0.000331175 0.000346042 0.00825313 1.55352e-05 0.715349 0.000123955 2.41784e-09 9.68739e-06 0.00324662 0.0151621 0.0335754 0.00379605 7.46931e-09 0.0478424 0.00384862 8.7177e-05 0.000437464 
0.0197656 1.90964e-06 3.17103e-12 0.0067621 0.0651878 0.00920396 0.00528041 0.0134128 0.00541761 0.00614347 4.72015e-06 1.08783e-06 0.00030775 1.0184e-07 1.93374e-12 1.31436e-05 0.0532574 0.000688973 0.000770677 0.000551872 1.94297e-12 0.0028597 0.807547 0.00282167 1.68708e-07 
0.00200542 0.0159301 2.41546e-06 0.0224762 0.0337186 0.0834368 0.000898512 0.00716831 0.0029217 0.000804755 0.00844333 7.08725e-05 0.000172978 0.000147176 1.5231e-07 3.15767e-06 9.46839e-05 0.0181128 0.030751 0.000322 3.696e-06 0.544146 0.223214 0.00350501 0.00164992 
0.00293685 5.76865e-05 1.50637e-12 0.0225088 0.401712 0.0289046 0.0115516 0.0237727 0.035404 0.000614004 8.75083e-08 1.80631e-09 0.00255468 2.36645e-09 9.18607e-13 9.05473e-09 0.00319644 0.00128726 0.0522404 0.00112906 9.32218e-11 0.0197475 0.391577 0.000804469 1.0463e-06 
0.0225859 0.000190632 9.63521e-08 0.0553332 0.132047 0.203236 0.0151454 0.0970254 0.0893523 0.00287968 0.0136698 5.39354e-06 0.000609875 0.000149796 7.9587e-08 7.63224e-07 0.0068835 0.0264277 0.0409363 0.019911 8.07833e-08 0.0902844 0.172731 0.00530045 0.00529563 
0.103281 1.79808e-08 4.62875e-12 0.0535865 1.69063e-07 0.0115627 9.706e-07 0.00873662 0.00152352 0.000197069 3.48382e-09 5.01992e-09 0.0509526 1.1029e-05 2.82269e-12 2.16779e-09 2.2835e-08 0.000222618 0.000531337 0.000848372 2.83616e-12 0.00702618 0.761519 6.85113e-08 1.01755e-08 
0.00738253 6.13254e-09 5.3328e-12 0.00146477 0.0040189 0.0139408 0.000107108 0.00148961 4.65766e-05 0.0029522 2.01505e-06 0.000330098 0.000233096 1.74886e-05 3.25203e-12 0.000905177 0.000841458 6.9817e-05 0.9513 0.000730338 1.126e-07 0.00150049 0.0125619 6.05468e-06 9.91142e-05 
0.200164 2.90953e-07 4.05981e-11 0.0180833 0.0294141 6.5136e-06 0.000917255 0.0427806 0.0211754 0.00439887 9.12734e-07 0.000102369 0.0044089 2.14753e-07 2.47574e-11 5.3681e-07 0.000500986 2.91492e-06 1.22287e-06 0.233557 4.97759e-08 0.0245754 0.411191 0.00871801 2.44299e-07 
0.0787142 4.35309e-05 4.16005e-13 0.00605837 0.00130215 0.190207 0.000174117 0.018242 7.66219e-05 0.000708955 0.000844558 3.65132e-05 0.00505704 1.62862e-05 2.53686e-13 4.89612e-05 0.265532 0.000543643 0.0101824 0.00941663 8.16586e-07 0.0284477 0.383487 0.00075626 0.000103639 
0.0784768 0.000197975 3.2106e-06 0.571612 0.0613823 0.035734 0.000682792 0.0268647 0.00295395 0.0976951 0.0013623 2.80226e-05 0.00463253 0.00140838 6.71417e-08 3.3449e-06 0.00225653 0.000305859 0.037822 0.00381864 4.01e-07 0.0124071 0.0600187 0.000307116 2.61187e-05 
0.0187194 1.29804e-06 4.66547e-09 0.0762926 0.0154268 0.153982 3.6475e-05 0.0358819 0.508429 0.0083384 0.00127768 0.000401946 0.0379084 1.22364e-06 2.84508e-09 1.03272e-06 0.00419416 0.000239723 0.0728147 0.00763615 2.85866e-09 0.0238612 0.0333191 0.00123472 1.5657e-06 
0.00575444 7.30715e-06 0.0030724 0.000352995 0.830061 0.00660248 0.0239126 0.0160431 0.0129711 0.00726395 0.000418236 1.05879e-06 0.000160732 4.67871e-07 1.22768e-09 1.02698e-06 0.00724397 0.0323385 0.00124899 3.06377e-05 3.91766e-07 0.0317355 0.0203137 0.00036837 9.73669e-05 
0.0924141 0.20851 3.38502e-06 0.0154716 0.0123402 0.014669 0.00115849 0.0185465 0.000991994 0.510097 6.51478e-05 0.0534684 0.00215016 0.000996336 7.3845e-08 6.32958e-06 0.00505943 0.000134274 0.00802629 0.0135366 8.40655e-06 0.00543826 0.0255898 0.0112872 3.12382e-05 
0.0585443 0.000879138 3.19104e-10 0.0188964 0.400868 0.0451791 0.030465 0.0960884 0.0042772 0.000519525 0.00701211 1.21604e-07 0.00207702 3.1086e-06 1.94595e-10 0.000189201 0.0313202 0.0285315 0.00352267 0.00201306 2.63309e-07 0.116978 0.14401 0.00862607 5.28525e-08 
0.00844913 1.58847e-07 7.18219e-10 0.422956 0.000111656 0.246344 1.50219e-06 0.0169383 0.00017804 0.000514134 0.0154142 8.7066e-05 0.0292062 1.4142e-05 4.37982e-10 1.2648e-07 0.0188249 6.04827e-08 0.0262545 0.00791231 1.98903e-07 0.0425786 0.163655 7.16177e-05 0.0004885 
0.0242159 0.0333176 1.18518e-05 0.0124183 0.49384 0.0238587 0.126231 0.0601539 0.0139019 0.0195037 0.00704768 0.0121577 0.00148359 0.00400228 4.9598e-08 9.77551e-07 0.00533764 0.0146205 0.0068691 0.00132977 2.74203e-05 0.108991 0.0245237 0.00560331 0.000551153 
0.0924141 0.20851 3.38502e-06 0.0154716 0.0123402 0.014669 0.00115849 0.0185465 0.000991994 0.510097 6.51478e-05 0.0534684 0.00215016 0.000996336 7.3845e-08 6.32958e-06 0.00505943 0.000134274 0.00802629 0.0135366 8.40655e-06 0.00543826 0.0255898 0.0112872 3.12382e-05 
0.096924 0.00015579 2.75677e-06 0.0922654 0.364906 0.10198 0.038766 0.0346272 0.0207236 0.00838388 8.58943e-05 1.06035e-05 0.00881743 0.0048733 2.62227e-09 2.04808e-07 0.000247244 0.000304572 0.00618497 0.0133169 9.42934e-08 0.091871 0.0891849 0.0257056 0.000662563 
0.060424 5.11612e-05 0.000288488 0.00717642 0.0505092 0.166719 0.000951538 0.00616731 0.000395943 0.00237232 1.0613e-07 3.78802e-08 0.0297154 1.60494e-06 2.49981e-09 0.00387799 0.00448404 3.39776e-08 0.247389 0.195692 9.16521e-06 0.00423561 0.219533 3.4466e-08 6.02284e-06 
0.0348545 4.35626e-05 1.69373e-09 0.0023191 0.0033008 0.132706 0.000118311 0.00918154 3.80553e-05 0.000199952 0.000160519 1.16789e-06 0.0102185 2.47861e-06 2.04589e-12 4.34448e-06 0.385949 0.000870113 0.0573231 0.00360572 3.73706e-06 0.0867254 0.270178 0.00214664 5.00847e-05 
0.174066 0.153023 2.27708e-06 0.0109291 0.0231438 0.0258307 0.00225728 0.00689721 0.000862498 0.382458 9.70658e-05 0.0622022 0.00191247 0.00694266 6.14097e-08 4.23887e-06 0.022451 0.00129317 0.0146683 0.0214721 0.000294987 0.0219984 0.0441458 0.0230357 1.22048e-05 
0.0161196 7.00348e-05 3.21516e-11 0.00156931 0.00936355 0.302713 0.000834385 0.012848 0.000163436 0.00116874 0.000582282 9.67843e-07 0.00178982 1.71273e-06 1.96066e-11 2.66957e-06 0.277984 0.016905 0.0588658 0.000490168 5.94292e-06 0.0288114 0.266914 0.00265078 0.00014525 
0.00846721 1.30139e-05 6.56006e-09 0.0745409 0.0746428 0.129263 0.0026099 0.0551201 0.0452661 0.000390629 0.0307623 5.01624e-06 0.0320157 4.05917e-06 4.00043e-09 7.12424e-06 0.00807275 0.035367 0.0538797 0.00312013 2.76571e-06 0.0821762 0.361027 0.0032467 2.06151e-07 
