0.000279673 0.985705 5.86546e-13 7.38817e-05 0.00169687 0.00104857 0.00234164 0.000301496 1.43222e-05 0.000431021 3.92705e-05 0.000509992 1.18319e-05 3.31957e-10 1.50771e-06 1.0882e-06 9.74491e-05 0.00132081 7.22105e-05 4.91382e-05 0.000181715 0.000545391 0.00216243 0.00310572 8.49915e-06 
0.00409739 0.698038 1.06898e-09 0.00160269 0.0157298 0.00265464 0.00712303 0.00774837 0.000561413 0.0051044 1.7801e-05 0.00638432 1.8616e-05 7.08573e-05 0.00101518 7.17171e-06 0.000773305 0.011714 3.13065e-05 0.000534049 0.000107099 0.00206259 0.0129789 0.221534 9.12693e-05 
0.0235796 3.88469e-07 3.88321e-07 0.00719809 0.00548694 3.89085e-07 3.88965e-07 3.89057e-07 3.88948e-07 0.0204595 0.00338295 0.00871455 3.88985e-07 3.88467e-07 3.88648e-07 3.88039e-07 0.0482797 3.89076e-07 0.00552461 0.0494413 0.756072 0.0368816 3.89122e-07 0.0343523 0.000622278 
0.181092 1.1379e-05 3.71408e-07 0.0495169 0.00740195 0.0317855 0.00105025 0.0248601 0.000358425 0.00872559 0.00225322 2.81096e-05 0.160292 0.000282372 6.85017e-05 7.06137e-06 0.0214115 0.0137571 0.103827 0.261885 1.3885e-06 0.0443952 0.0741398 0.0128245 2.41818e-05 
0.00512822 1.29811e-06 4.59881e-11 0.00036866 0.000293214 0.00068593 2.50952e-05 0.000198976 5.91618e-05 0.00578769 4.10294e-05 0.981521 6.37901e-05 0.000352596 5.90632e-06 4.65011e-07 0.000378049 2.06126e-05 0.0018403 0.000600884 2.00444e-08 0.00110591 0.00145608 6.36712e-05 1.51264e-06 
0.00684256 0.003362 5.07628e-09 0.00309503 0.484239 0.00776193 0.0964498 0.0533386 0.0222357 0.000330958 0.0741903 5.14796e-05 0.00997503 7.31111e-06 1.46464e-05 3.89784e-06 0.0769187 0.0660408 0.00200972 0.00250391 1.6941e-06 0.0354488 0.0440601 0.0110947 2.32076e-05 
0.0422807 0.00121384 8.72938e-06 0.0352025 0.0329661 0.0701854 0.011463 0.0145808 0.00797007 0.00913944 0.0177848 0.00181931 0.00728977 0.0012559 0.00373471 3.62509e-05 0.234955 0.0163577 0.125453 0.0192961 0.0118483 0.154385 0.151846 0.0265301 0.00239752 
0.574266 9.36594e-05 1.48535e-11 0.0167138 0.0146452 0.00995199 0.000259243 0.00707107 0.000360668 0.0306047 0.00421077 0.0101408 0.0154154 0.000895977 0.00453188 3.16477e-08 0.0368567 0.00356848 0.0140289 0.00108368 0.000532324 0.0102317 0.136796 0.107296 0.000444678 
0.08158 9.21599e-05 1.4909e-10 0.00817765 0.0716493 0.0106343 0.00706645 0.00503838 0.0034113 0.64875 0.000606404 0.0151264 0.000208244 2.22922e-06 0.00363712 1.17664e-06 0.0110438 0.0121767 0.0429833 0.0276853 2.98992e-09 0.000877802 0.031404 0.0177981 4.94261e-05 
0.122092 0.0112739 1.05313e-06 0.00506577 0.0623689 0.120611 1.05488e-06 0.111528 0.0122371 0.0973644 0.0359572 0.00495975 0.0459962 1.05353e-06 1.05402e-06 1.05237e-06 0.0635163 0.00991974 0.126818 1.05496e-06 0.00527114 0.0795548 1.0553e-06 0.0802922 0.00516618 
0.228684 8.46461e-05 9.92331e-11 0.0410179 0.00798129 0.00716117 0.00790702 0.01901 0.0012267 0.12892 0.000453318 0.0805127 0.00384499 0.00041328 0.000234236 1.6523e-06 0.00874853 0.00352712 0.345707 0.0565673 1.62373e-09 0.0148195 0.0400915 0.00306573 2.04343e-05 
0.00512822 1.29811e-06 4.59881e-11 0.00036866 0.000293214 0.00068593 2.50952e-05 0.000198976 5.91618e-05 0.00578769 4.10294e-05 0.981521 6.37901e-05 0.000352596 5.90632e-06 4.65011e-07 0.000378049 2.06126e-05 0.0018403 0.000600884 2.00444e-08 0.00110591 0.00145608 6.36712e-05 1.51264e-06 
0.366028 7.8869e-05 1.06942e-05 0.0801602 0.0253484 0.0677508 0.000595342 0.00516643 0.00289273 0.0798042 0.00205826 0.00773066 0.0109428 0.000681825 0.000584724 6.21425e-06 0.0476502 0.0143871 0.0195826 0.0755592 0.000368365 0.0379984 0.121159 0.0329418 0.000513453 
0.0959266 0.0202107 4.52896e-11 0.00111864 0.0352494 0.011182 0.0356923 0.0239355 0.000700245 0.539081 0.00193866 0.000695125 0.0270564 0.00134063 0.000297357 3.52731e-05 0.056491 0.0107538 0.0343087 0.00619158 5.74634e-05 0.00288031 0.0865012 0.00818068 0.000175806 
0.034273 0.000164289 5.61388e-09 0.811995 0.0259064 0.000684822 0.00127716 0.00990481 0.00819113 0.000142416 2.00187e-06 4.19343e-05 0.0214836 5.73223e-05 0.0189554 1.90626e-06 0.00138218 6.855e-06 0.0173073 0.0026975 6.04704e-06 0.00765682 0.01635 0.0215051 7.24518e-06 
0.0413741 0.0765075 3.16675e-06 0.0228902 0.144431 0.00433978 0.00287638 0.159253 0.00560709 0.015612 0.0185482 0.000665553 0.00894703 0.000256518 0.00624761 8.28846e-05 0.00284257 0.0100366 0.00761102 0.0260531 0.000392563 0.0169127 0.104436 0.320975 0.00309903 
0.0742747 6.87951e-05 0.000341634 0.00616434 0.0213211 0.0199189 0.000912057 0.00501501 0.00307617 0.624328 0.00170122 0.0412931 0.000723705 0.00335899 0.000967761 5.54644e-05 0.007419 0.00650857 0.0577029 0.00738783 2.1872e-05 0.00597168 0.103808 0.00593189 0.00172718 
0.0321676 3.38996e-05 4.04572e-10 0.0390282 0.0399764 0.0194722 0.000266135 0.0223426 2.42582e-05 0.0208255 0.00431495 0.000941351 0.0591421 6.8347e-06 6.08174e-05 4.43353e-06 0.196825 0.000347726 0.0253565 0.372089 2.20835e-08 0.00580152 0.156923 0.000107156 0.00394264 
0.00918366 3.28444e-06 4.56234e-08 0.0167406 0.13234 0.0218645 7.25398e-05 0.0580728 0.0109902 0.000591117 0.00214043 4.23824e-05 6.75954e-05 6.45235e-07 0.000256043 6.36462e-07 0.15559 0.00495215 0.0024692 1.15715e-08 2.09923e-05 0.0594746 0.0619518 0.463169 5.84423e-06 
0.00512822 1.29811e-06 4.59881e-11 0.00036866 0.000293214 0.00068593 2.50952e-05 0.000198976 5.91618e-05 0.00578769 4.10294e-05 0.981521 6.37901e-05 0.000352596 5.90632e-06 4.65011e-07 0.000378049 2.06126e-05 0.0018403 0.000600884 2.00444e-08 0.00110591 0.00145608 6.36712e-05 1.51264e-06 
0.00940886 4.53635e-05 1.50957e-09 0.00858173 0.0120856 0.0630412 0.0335428 0.0634209 0.00301703 0.00409587 1.52462e-05 2.14995e-05 0.00276571 3.69833e-06 4.52417e-08 1.75281e-08 0.00175648 0.000615919 0.012311 4.83412e-05 4.75196e-09 0.141529 0.632186 0.0114159 9.19107e-05 
0.0155433 0.000297898 2.56348e-08 0.000526123 0.0394178 0.000270703 0.00250312 0.0300147 0.0166171 0.00310667 0.433479 6.31538e-05 0.0106829 7.39601e-05 0.000180628 2.16398e-05 0.10347 0.000209307 0.00111012 0.000883153 0.0900516 0.0145042 0.0264191 0.210545 8.91319e-06 
0.00512822 1.29811e-06 4.59881e-11 0.00036866 0.000293214 0.00068593 2.50952e-05 0.000198976 5.91618e-05 0.00578769 4.10294e-05 0.981521 6.37901e-05 0.000352596 5.90632e-06 4.65011e-07 0.000378049 2.06126e-05 0.0018403 0.000600884 2.00444e-08 0.00110591 0.00145608 6.36712e-05 1.51264e-06 
0.0249473 0.00528013 0.0364078 0.0601759 0.190014 0.0175171 0.0158348 0.223568 0.00674417 0.00181644 0.199875 2.46708e-05 0.0165058 0.00145815 3.84644e-07 2.34855e-05 0.00902897 0.0186868 0.00111445 0.00446955 1.77373e-07 0.0641735 0.0745725 0.0276771 8.36824e-05 
0.00264802 7.68811e-06 1.52215e-05 0.000947308 0.937846 0.00615285 0.0123148 0.00333454 0.00152378 0.000567731 0.00030392 2.35014e-05 9.54167e-05 2.72266e-05 0.000221272 3.5564e-06 0.000205428 0.000422143 0.00212171 0.000723074 5.17805e-07 0.0156833 0.0113112 0.00337531 0.000124737 
0.00976523 4.43157e-05 1.991e-10 0.00767103 0.0849068 0.00496655 0.00179539 0.198408 0.00142161 3.28187e-07 8.54218e-11 0.000638107 4.42436e-05 0.0011261 0.0102927 1.89035e-07 1.54538e-06 0.0107409 0.00447679 3.54247e-07 0.275494 0.00433446 0.00596073 0.372619 0.00529108 
5.13971e-05 1.26854e-05 1.60556e-06 5.88028e-06 1.52653e-05 3.61437e-06 5.8458e-06 4.10253e-06 1.97925e-10 3.13006e-05 1.7497e-06 0.00016409 2.91768e-07 2.97511e-07 7.61451e-07 2.47018e-07 0.000880966 1.61046e-05 1.37418e-05 8.30577e-05 0.998147 2.7529e-05 1.1024e-05 0.000521195 3.23498e-08 
0.476044 0.06439 6.41681e-06 0.0156684 0.0100644 0.0014419 3.49502e-05 0.00903165 1.8189e-05 0.000784528 0.259478 0.00259085 0.00391232 0.000913428 0.000123124 3.36686e-09 0.0141357 0.000181644 0.0654254 0.0252658 0.000587682 0.00354346 0.0414754 0.00478481 9.79097e-05 
0.030873 0.111025 0.000196838 0.0482167 0.0206618 0.0476077 0.000570331 0.114328 0.00382828 0.044698 0.00180026 8.29736e-05 0.0081259 0.00029879 0.00202453 3.57518e-06 0.000807079 0.00484574 0.00881937 0.00141983 3.33465e-05 0.340649 0.182675 0.0249184 0.00149025 
0.034143 9.82517e-05 1.40413e-05 0.00286878 0.00580311 0.0323145 0.000589098 0.0232621 0.000181201 0.00142035 8.4797e-05 0.000517538 0.00114196 1.45142e-06 7.70216e-07 4.22937e-06 0.317195 2.38842e-05 0.00331038 0.0236556 0.00985366 0.220634 0.0527492 0.270022 0.000110866 
0.021705 0.000168454 2.95422e-05 0.0378588 0.0990151 0.0149911 0.00356029 0.0311031 0.0121512 0.000752376 0.018853 0.0002249 0.0134447 3.06922e-05 0.0117167 6.42289e-06 0.0109552 0.000881751 0.00295387 0.00417178 0.000299918 0.0108647 0.0505788 0.653616 6.62687e-05 
0.150116 4.68214e-05 4.68035e-05 4.68932e-05 4.68995e-05 4.68956e-05 4.68812e-05 4.68923e-05 4.68791e-05 4.68802e-05 4.68612e-05 4.68883e-05 4.68836e-05 4.68212e-05 0.0515741 4.67696e-05 0.309518 4.68945e-05 4.68889e-05 4.68846e-05 4.68427e-05 4.68905e-05 0.487807 4.68898e-05 4.68469e-05 
0.19144 1.88521e-05 6.92057e-09 0.0679011 0.0314531 0.0415195 0.010083 0.0808401 0.00781046 0.0116428 0.0430108 0.00363067 0.0102113 0.000800243 0.0380409 2.03013e-05 0.021841 0.0368318 0.0648367 0.00378926 2.1563e-05 0.0580084 0.0506523 0.219917 0.00567864 
0.196741 0.000211941 7.92685e-10 0.428916 0.00790273 0.00968529 0.000653948 0.01195 0.00458036 0.119803 0.00204292 0.0220172 0.00510093 0.000468714 0.00698869 2.6356e-06 0.00285411 0.00319316 0.00642683 0.068557 1.13782e-06 0.0168707 0.0405033 0.0442759 0.000253282 
0.0785986 0.000320798 8.91825e-05 0.118176 0.0535234 0.0941797 0.0108159 0.0465024 0.00695413 0.0112288 0.00845384 0.000857855 0.105184 0.002463 0.0132917 2.34042e-05 0.0193594 0.0123185 0.0271655 0.0545306 2.60778e-05 0.0634822 0.230223 0.0383942 0.00383782 
5.13971e-05 1.26854e-05 1.60556e-06 5.88028e-06 1.52653e-05 3.61437e-06 5.8458e-06 4.10253e-06 1.97925e-10 3.13006e-05 1.7497e-06 0.00016409 2.91768e-07 2.97511e-07 7.61451e-07 2.47018e-07 0.000880966 1.61046e-05 1.37418e-05 8.30577e-05 0.998147 2.7529e-05 1.1024e-05 0.000521195 3.23498e-08 
0.160683 0.00041099 0.00704023 0.0914437 0.0332327 0.118566 0.000395266 0.0214481 0.00349957 0.0238244 0.0042429 0.00622813 0.017105 0.00721634 0.00361134 2.91519e-06 0.0295553 0.00447485 0.0215515 0.341897 0.000137962 0.0402049 0.048702 0.0110177 0.00350912 
0.00379455 3.2746e-05 2.44439e-11 0.00268705 0.044802 0.838588 0.0143816 0.000868799 0.00578396 0.000206115 4.02232e-05 9.00226e-07 0.00152518 6.60402e-09 2.91848e-05 1.04359e-08 6.10421e-05 0.00215746 0.000281234 0.0506311 2.29247e-07 0.000618111 0.021074 0.00674097 0.00569589 
0.157992 1.75713e-05 4.38663e-05 0.0795319 0.0167549 0.0474261 0.00261277 0.024675 0.00142319 0.0189146 0.000596253 5.06491e-05 0.013435 6.94817e-05 0.00682172 1.96422e-05 0.16626 0.0133208 0.0451802 0.0164399 5.084e-07 0.0320232 0.35216 0.00359785 0.000632231 
0.0638832 2.02932e-05 1.05505e-08 0.0908707 0.00835135 0.0471219 0.0177964 0.066775 0.00108775 0.0128333 0.00293624 2.23058e-05 0.115309 4.56757e-06 1.67242e-05 1.1249e-07 0.00935402 0.00219666 0.00605767 0.0218981 2.76235e-08 0.0259264 0.505713 0.00113571 0.00068956 
0.00512822 1.29811e-06 4.59881e-11 0.00036866 0.000293214 0.00068593 2.50952e-05 0.000198976 5.91618e-05 0.00578769 4.10294e-05 0.981521 6.37901e-05 0.000352596 5.90632e-06 4.65011e-07 0.000378049 2.06126e-05 0.0018403 0.000600884 2.00444e-08 0.00110591 0.00145608 6.36712e-05 1.51264e-06 
0.137536 0.00023806 1.54008e-07 0.406537 0.0252336 0.079026 0.00678483 0.0182902 0.00597469 0.00853379 0.00207082 0.00879211 0.00960917 0.000160731 0.000912748 2.71385e-05 0.0327123 0.00225423 0.0147551 0.0107806 0.0142017 0.0170956 0.172427 0.0256424 0.000403738 
0.647992 3.05634e-07 3.0904e-10 3.37343e-07 0.00159655 0.0546596 0.00274673 0.00257784 1.67691e-07 0.0801844 1.14256e-07 3.53115e-08 0.116302 3.02306e-08 1.78329e-06 4.12715e-10 0.0572607 0.00143236 0.00550835 0.00257111 1.89357e-10 0.00587012 0.0136943 0.00100911 0.00659214 
0.0509243 0.203091 0.00101793 0.352317 0.0904559 0.0323966 0.000380825 0.0335957 0.00450396 0.0239359 0.0145237 0.000100169 0.0010247 1.11382e-07 0.00525528 9.55245e-08 0.0215949 0.00590293 0.0111372 0.0819989 2.14673e-08 0.0241673 0.00966974 0.028835 0.00317061 
0.00379455 3.2746e-05 2.44439e-11 0.00268705 0.044802 0.838588 0.0143816 0.000868799 0.00578396 0.000206115 4.02232e-05 9.00226e-07 0.00152518 6.60402e-09 2.91848e-05 1.04359e-08 6.10421e-05 0.00215746 0.000281234 0.0506311 2.29247e-07 0.000618111 0.021074 0.00674097 0.00569589 
0.0424801 0.00883842 4.99916e-06 0.030852 0.0651532 0.0998378 0.00299729 0.0608217 0.00552188 0.00821977 0.00339108 0.00154095 0.0157177 4.56687e-05 0.000363524 1.44832e-05 0.0806095 0.00809358 0.0387563 0.0220284 7.59427e-06 0.0316669 0.412215 0.0606678 0.000154261 
0.0185437 0.000289395 1.69299e-09 0.0105761 0.0937975 0.0192094 0.012957 0.0106588 0.00656513 0.0314502 0.0216048 0.000271409 0.0041874 3.38784e-06 0.00220964 6.2318e-05 0.0223958 0.00985795 0.0215995 0.000712275 0.000638667 0.0237364 0.056217 0.632337 0.000119431 
0.0943866 0.000867814 3.2238e-09 0.0115167 0.00780768 0.239628 0.000160095 0.00443783 0.000174594 0.34458 0.000440804 0.028252 0.00591843 6.46278e-05 0.000210873 2.71368e-07 0.0101274 0.000167321 0.0909378 0.0146134 2.11206e-08 0.00909068 0.132172 0.00422525 0.000219496 
0.0648676 7.08431e-05 1.14375e-08 0.051404 0.0448392 0.0215544 0.00155273 0.0151177 0.00673798 0.00421338 0.00014285 1.21585e-05 0.00182738 2.66831e-06 6.77879e-05 2.44247e-07 0.0104376 0.0182076 0.0014602 0.00337752 1.77218e-06 0.0101392 0.737982 0.00589476 8.8095e-05 
0.00512822 1.29811e-06 4.59881e-11 0.00036866 0.000293214 0.00068593 2.50952e-05 0.000198976 5.91618e-05 0.00578769 4.10294e-05 0.981521 6.37901e-05 0.000352596 5.90632e-06 4.65011e-07 0.000378049 2.06126e-05 0.0018403 0.000600884 2.00444e-08 0.00110591 0.00145608 6.36712e-05 1.51264e-06 
0.0178391 9.84495e-05 1.29881e-08 0.00309405 0.0670302 0.03743 0.143411 0.550041 0.00607533 0.049729 0.0131875 0.00635162 0.000109438 0.000856969 0.000296412 3.82882e-05 0.00238339 0.00833437 0.0059538 0.00353592 3.32566e-07 0.019156 0.00834785 0.00953819 0.047162 
0.0145202 7.36434e-05 2.77804e-06 0.00518264 0.00904361 0.00276866 0.00887281 0.102755 0.00270142 0.000800484 9.67147e-05 5.94666e-05 0.153327 6.77644e-06 3.07113e-05 6.76703e-07 0.57567 4.75354e-05 0.00118894 0.000100399 0.000102125 0.0610982 0.0342861 0.0272603 3.37081e-06 
0.0191426 1.20433e-05 6.77255e-11 0.0366294 0.0493399 0.135475 0.00814466 0.00161171 0.00233926 0.00144497 0.000211809 5.80449e-06 0.000701527 5.70001e-06 0.000239261 1.035e-06 0.0102664 0.0214123 0.0110917 0.00140315 4.15669e-08 0.00538291 0.692154 0.0013496 0.00163552 
0.0111111 0.000281905 4.47641e-12 0.0115207 0.0172669 0.00328481 0.000497446 0.0065204 0.0021044 0.0148974 0.00218542 0.000976767 0.00285748 5.70635e-09 0.0451646 2.19654e-07 0.000630323 0.00691003 0.00910121 0.018665 9.64982e-07 0.00419048 0.0163647 0.0363663 0.789101 
0.00512822 1.29811e-06 4.59881e-11 0.00036866 0.000293214 0.00068593 2.50952e-05 0.000198976 5.91618e-05 0.00578769 4.10294e-05 0.981521 6.37901e-05 0.000352596 5.90632e-06 4.65011e-07 0.000378049 2.06126e-05 0.0018403 0.000600884 2.00444e-08 0.00110591 0.00145608 6.36712e-05 1.51264e-06 
0.482089 8.94234e-05 6.8225e-05 0.0109326 0.0070774 0.00226919 0.000312029 0.00258754 0.000596799 0.0192681 0.00375723 0.0835605 0.00704497 0.000133329 7.95193e-05 6.40949e-07 0.0582776 0.000922005 0.0233135 0.0340009 6.06967e-07 0.0179649 0.234651 0.00563908 0.00536334 
0.0391731 0.000806272 0.00020661 0.0547359 0.0410924 0.101689 0.00684868 0.0746473 0.00200389 0.00239404 0.00130753 6.9337e-05 0.00527332 0.000181779 0.00118442 0.000172718 0.0195226 0.0232689 0.381347 0.0279263 9.70874e-06 0.0354096 0.158629 0.0212057 0.000894462 
0.0551157 3.18017e-09 1.84967e-12 0.0189679 0.00701338 0.0318843 0.00274504 0.0270096 0.00232696 0.00033121 0.000532584 2.9656e-06 0.00233651 1.43618e-06 1.4329e-07 5.86718e-09 0.0809717 0.00201678 0.0014476 0.00997562 3.65177e-08 0.010902 0.745549 0.000839362 2.97957e-05 
0.081813 8.37355e-08 7.87728e-11 0.306593 0.0209493 0.0267267 0.00062802 0.0297543 0.0024187 8.57769e-05 0.000198712 2.76939e-05 0.0267229 1.65802e-09 2.47327e-08 1.05199e-10 0.065705 5.28819e-05 0.0617498 0.0174474 1.15975e-09 0.243697 0.114691 0.000663493 7.49927e-05 
0.00159036 1.9635e-05 6.12539e-10 0.00756456 0.739152 0.0114463 0.00473481 0.031697 0.0763971 0.0285537 0.0131551 0.00013049 0.00210501 0.00869043 0.000128681 8.18031e-10 0.00309127 0.00723642 0.00196971 0.0299642 1.23351e-06 0.0178155 0.0070095 0.00298837 0.00455873 
0.0102477 7.21536e-05 8.72207e-09 0.014514 0.0107128 0.00938083 0.100905 0.0201399 0.0106869 0.000446403 5.91333e-05 3.86221e-06 0.000235099 0.0640846 0.0949446 3.27774e-06 0.00123647 0.0186513 0.000259666 0.00046587 1.42436e-06 0.00861954 0.0614147 0.572899 1.56031e-05 
0.0841493 0.00871186 1.55888e-11 0.00268299 0.00165398 0.00732846 0.000313308 0.015064 0.000815371 0.652935 0.000237248 0.00117992 0.0297789 0.00459542 0.000347475 1.22408e-08 0.0305879 0.00115675 0.0499712 0.0202321 9.44392e-07 0.00602144 0.077238 0.0049194 7.93434e-05 
0.0122353 0.106249 1.83678e-09 0.00447661 0.234802 0.019755 0.016237 0.124249 0.0485704 0.0500609 0.00268986 3.66534e-05 0.000919748 2.84235e-05 0.000111102 2.3918e-05 0.0668353 0.104509 0.00589025 0.00357928 0.000430426 0.00589816 0.0974922 0.0948704 4.90824e-05 
0.00512822 1.29811e-06 4.59881e-11 0.00036866 0.000293214 0.00068593 2.50952e-05 0.000198976 5.91618e-05 0.00578769 4.10294e-05 0.981521 6.37901e-05 0.000352596 5.90632e-06 4.65011e-07 0.000378049 2.06126e-05 0.0018403 0.000600884 2.00444e-08 0.00110591 0.00145608 6.36712e-05 1.51264e-06 
0.227577 0.000393702 1.24642e-05 0.0918635 0.05073 0.0189522 0.000763524 0.00753743 0.00268733 0.0139129 0.000732164 0.00045063 0.00693611 0.00234843 0.00155687 4.28061e-06 0.00996048 0.00392156 0.00894036 0.476704 4.18084e-06 0.00933705 0.0480379 0.0165834 5.34536e-05 
0.0459542 0.000865939 1.40774e-10 0.0334144 0.00293831 7.57876e-07 5.23236e-08 0.0402481 1.20055e-07 0.00324287 0.000439525 7.97686e-06 0.0265064 1.53753e-07 0.0162851 3.88027e-08 0.0472292 8.69203e-09 0.00040784 0.225881 1.24849e-07 0.0258129 0.526851 0.00391329 1.24975e-06 
0.0928621 0.00150556 5.37451e-10 0.330064 0.00650687 0.0123 0.00035028 0.263411 0.00140597 0.00236921 0.0001696 0.000252373 0.00470692 0.000966326 0.00050876 2.47216e-07 0.0249896 0.00184298 0.00674262 0.000352288 0.000135828 0.0918679 0.122588 0.0339297 0.000171989 
0.000808147 2.35641e-06 7.28331e-11 0.00135259 0.597896 0.0169923 0.249322 0.00725115 0.0040421 0.00184487 0.00113956 2.34602e-05 9.62744e-05 4.02448e-05 0.00100273 1.24433e-07 0.000826307 0.0927814 0.00012168 0.00252435 9.67487e-08 0.00193001 0.00660108 0.0110347 0.00236738 
0.00297242 3.22424e-05 0.000212638 0.000361132 0.856076 0.0113399 0.0756236 0.00418279 0.00063851 0.000779744 0.000281809 1.51456e-05 3.91043e-05 2.42391e-05 0.000113709 2.71771e-06 0.000227227 0.023352 0.00144864 0.000324232 3.31802e-07 0.00584975 0.0113884 0.00465374 6.0316e-05 
0.0571526 0.00110278 1.06018e-08 0.000977584 0.0508469 0.0113949 0.00516354 0.0302647 0.000726294 0.0148444 4.08107e-06 0.000100424 0.000207789 0.000141451 0.000786968 3.31754e-06 0.0177291 0.00108169 0.0591762 0.00115892 6.48305e-06 0.0157662 0.135239 0.596123 1.76016e-06 
0.00512822 1.29811e-06 4.59881e-11 0.00036866 0.000293214 0.00068593 2.50952e-05 0.000198976 5.91618e-05 0.00578769 4.10294e-05 0.981521 6.37901e-05 0.000352596 5.90632e-06 4.65011e-07 0.000378049 2.06126e-05 0.0018403 0.000600884 2.00444e-08 0.00110591 0.00145608 6.36712e-05 1.51264e-06 
0.000279673 0.985705 5.86546e-13 7.38817e-05 0.00169687 0.00104857 0.00234164 0.000301496 1.43222e-05 0.000431021 3.92705e-05 0.000509992 1.18319e-05 3.31957e-10 1.50771e-06 1.0882e-06 9.74491e-05 0.00132081 7.22105e-05 4.91382e-05 0.000181715 0.000545391 0.00216243 0.00310572 8.49915e-06 
0.367043 0.149868 7.25839e-06 0.0877384 0.00384417 0.0179882 0.000218493 0.00374568 0.000164621 0.166457 0.00344328 0.0428553 0.0141219 3.44919e-05 0.000211885 1.32386e-08 0.019261 0.000543476 0.00661313 0.00310916 0.000455562 0.0343427 0.0168802 0.0592872 0.00176539 
0.0570213 0.00802196 2.72251e-06 0.0268471 0.27523 0.0665107 0.0243461 0.0216945 0.0259575 0.0176487 0.0126653 0.000124517 0.000612572 0.000519909 0.00177843 5.72516e-05 0.00601594 0.0758951 0.0031012 0.0016027 2.34585e-05 0.0252052 0.150469 0.198071 0.000577929 
0.212156 0.000412927 1.07679e-05 0.00808114 0.00107223 0.0147568 0.00106293 0.000572253 8.08713e-05 0.138784 0.000178137 0.00608836 0.000758723 0.00190153 2.81936e-05 7.38695e-06 0.0518753 1.84927e-05 0.0532903 0.480608 0.00574648 0.00292338 0.0151498 0.00430765 0.000127912 
0.00512822 1.29811e-06 4.59881e-11 0.00036866 0.000293214 0.00068593 2.50952e-05 0.000198976 5.91618e-05 0.00578769 4.10294e-05 0.981521 6.37901e-05 0.000352596 5.90632e-06 4.65011e-07 0.000378049 2.06126e-05 0.0018403 0.000600884 2.00444e-08 0.00110591 0.00145608 6.36712e-05 1.51264e-06 
0.00512822 1.29811e-06 4.59881e-11 0.00036866 0.000293214 0.00068593 2.50952e-05 0.000198976 5.91618e-05 0.00578769 4.10294e-05 0.981521 6.37901e-05 0.000352596 5.90632e-06 4.65011e-07 0.000378049 2.06126e-05 0.0018403 0.000600884 2.00444e-08 0.00110591 0.00145608 6.36712e-05 1.51264e-06 
0.00512822 1.29811e-06 4.59881e-11 0.00036866 0.000293214 0.00068593 2.50952e-05 0.000198976 5.91618e-05 0.00578769 4.10294e-05 0.981521 6.37901e-05 0.000352596 5.90632e-06 4.65011e-07 0.000378049 2.06126e-05 0.0018403 0.000600884 2.00444e-08 0.00110591 0.00145608 6.36712e-05 1.51264e-06 
0.00512822 1.29811e-06 4.59881e-11 0.00036866 0.000293214 0.00068593 2.50952e-05 0.000198976 5.91618e-05 0.00578769 4.10294e-05 0.981521 6.37901e-05 0.000352596 5.90632e-06 4.65011e-07 0.000378049 2.06126e-05 0.0018403 0.000600884 2.00444e-08 0.00110591 0.00145608 6.36712e-05 1.51264e-06 
0.652694 0.000250783 0.00110445 0.0327284 0.00725449 0.0425162 0.000272476 0.00477505 0.00129343 0.00404061 0.000396611 5.53187e-05 0.000596901 0.000375434 0.00167878 5.1113e-05 0.00908425 6.10101e-05 0.00204677 0.0163712 1.05953e-05 0.00491351 0.199304 0.0179526 0.000172466 
0.00512822 1.29811e-06 4.59881e-11 0.00036866 0.000293214 0.00068593 2.50952e-05 0.000198976 5.91618e-05 0.00578769 4.10294e-05 0.981521 6.37901e-05 0.000352596 5.90632e-06 4.65011e-07 0.000378049 2.06126e-05 0.0018403 0.000600884 2.00444e-08 0.00110591 0.00145608 6.36712e-05 1.51264e-06 
0.00879873 0.0313666 7.09535e-06 0.000727304 0.474259 0.00733763 0.0378261 0.00571611 0.00101957 0.003 0.000476034 4.55799e-05 9.44172e-05 2.73988e-06 2.60141e-05 1.35566e-05 0.00361681 0.0659264 0.000957988 0.000318542 2.97286e-05 0.00905828 0.0246623 0.323327 0.00138589 
0.0126669 0.000218013 0.000332616 0.0248583 0.451854 0.029773 0.153119 0.0590716 0.0393432 0.00569673 0.0275384 0.000529972 0.0144154 0.000288353 0.0037026 0.000186093 0.00776075 0.0733501 0.0127742 0.00505776 0.000106508 0.014263 0.0504832 0.0106871 0.00192263 
0.00512822 1.29811e-06 4.59881e-11 0.00036866 0.000293214 0.00068593 2.50952e-05 0.000198976 5.91618e-05 0.00578769 4.10294e-05 0.981521 6.37901e-05 0.000352596 5.90632e-06 4.65011e-07 0.000378049 2.06126e-05 0.0018403 0.000600884 2.00444e-08 0.00110591 0.00145608 6.36712e-05 1.51264e-06 
0.0330801 0.00415752 0.00725611 0.0386289 0.236133 0.119957 0.0320779 0.0507551 0.019094 0.01295 0.0183274 0.00201581 0.0186334 0.00597212 0.00713021 0.00098904 0.0255415 0.0105086 0.0245829 0.136216 0.000561475 0.060831 0.0968338 0.0374696 0.000297434 
0.398923 2.19316e-07 9.57178e-11 0.0392383 7.44832e-07 0.0461192 2.93233e-08 0.0395535 0.00193536 0.0263536 7.01254e-07 5.35219e-08 0.0330969 0.000174546 6.89203e-08 1.27829e-10 0.042675 3.08956e-06 0.0227511 0.109667 1.91792e-05 0.00812113 0.20707 0.0228912 0.00140601 
0.0343907 3.5539e-06 1.16297e-05 0.0102343 0.00552742 0.0304218 0.000737895 0.0153335 0.00518319 0.0138685 2.38621e-05 2.64531e-05 0.000908448 1.65025e-05 0.00973988 3.14035e-07 0.022089 4.49585e-05 0.00105886 0.0012455 1.37381e-06 0.0254154 0.0259302 0.797605 0.000181752 
0.0238258 0.00019454 0.0298917 0.00421716 0.274836 0.0743849 0.0192113 0.0617814 0.0410027 0.0145758 0.0357532 0.000691223 0.00107978 4.03083e-06 0.00715291 5.57228e-05 0.000211465 0.00428991 0.00394687 0.00723905 3.12137e-07 0.0440782 0.0914369 0.259444 0.000695296 
0.00122461 8.14677e-05 1.21458e-10 0.0006571 0.0376057 5.83046e-05 0.00125313 0.000930367 0.000137253 0.0169135 7.00051e-05 0.00218657 0.000219119 1.00372e-10 0.000371978 1.36014e-07 3.3654e-05 0.0125602 0.00191641 0.000364683 0.000337855 0.00027438 0.000329941 0.921118 0.00135548 
0.0268486 0.000264888 5.20969e-08 0.00664007 0.0402801 0.0662528 0.00667981 0.0269214 0.00193033 0.00329046 0.000528557 0.000114203 0.00530893 0.00011863 0.0059153 6.15272e-05 0.009043 0.0428308 0.487538 0.000169443 5.14109e-06 0.106462 0.157239 0.00484373 0.00071234 
0.226946 0.00062475 6.2208e-09 0.0304416 0.0164081 0.0376017 0.00518948 0.0504138 0.0116727 0.0968236 0.00837838 0.0433743 0.00797847 0.000680397 0.00101002 8.84198e-05 0.0263943 0.00124377 0.231193 0.0228261 2.99566e-05 0.0351346 0.0944414 0.0509819 0.00012394 
0.00512822 1.29811e-06 4.59881e-11 0.00036866 0.000293214 0.00068593 2.50952e-05 0.000198976 5.91618e-05 0.00578769 4.10294e-05 0.981521 6.37901e-05 0.000352596 5.90632e-06 4.65011e-07 0.000378049 2.06126e-05 0.0018403 0.000600884 2.00444e-08 0.00110591 0.00145608 6.36712e-05 1.51264e-06 
0.00512822 1.29811e-06 4.59881e-11 0.00036866 0.000293214 0.00068593 2.50952e-05 0.000198976 5.91618e-05 0.00578769 4.10294e-05 0.981521 6.37901e-05 0.000352596 5.90632e-06 4.65011e-07 0.000378049 2.06126e-05 0.0018403 0.000600884 2.00444e-08 0.00110591 0.00145608 6.36712e-05 1.51264e-06 
0.0105601 8.54038e-05 1.32498e-06 0.0207581 0.0520459 0.0738559 0.00769016 0.0112448 0.00174819 0.00984082 0.00120565 5.72254e-05 0.00143269 8.0782e-07 0.00565187 2.864e-05 0.0146883 0.0161311 0.0290047 0.00452527 0.000167584 0.0148391 0.681287 0.0428632 0.000286132 
0.0188557 6.72652e-12 8.16665e-12 0.00031611 0.0117013 0.0021397 0.00132495 0.00171942 0.000404366 0.0719965 3.22523e-05 0.012318 0.00139969 0.000430491 0.806469 4.23468e-06 0.00282643 0.00874993 0.0527151 0.00244012 1.09461e-05 0.00116822 0.00243868 0.000432229 0.000106331 
0.0366019 1.6112e-05 0.00033388 0.0141241 0.0320421 0.263122 0.0208831 0.110802 0.005389 0.0448355 0.00365576 0.00525103 0.00365964 0.00211648 0.00595299 1.45645e-05 0.074192 0.0346827 0.123291 0.0201406 0.000110332 0.032483 0.147343 0.0188308 0.000126654 
0.566322 4.9813e-06 1.60549e-07 0.0145958 2.95065e-05 0.00226359 3.14139e-05 0.0124456 4.5691e-06 0.000253985 0.0058567 6.95643e-07 0.000255612 0.000317121 4.89905e-06 5.18656e-08 0.00272101 0.00123728 0.00272397 0.0285017 6.53283e-08 0.00111255 0.361293 3.24736e-06 2.01822e-05 
0.0555362 0.0763772 5.78315e-06 0.0201882 0.0332709 0.0334985 0.0036468 0.105759 0.00052051 0.0236575 0.0221769 0.0586805 0.00992549 0.000175108 0.00393538 1.46482e-05 0.0253339 0.00476656 0.101047 0.0167868 0.00156171 0.0762442 0.0762569 0.250275 0.000359386 
0.00512822 1.29811e-06 4.59881e-11 0.00036866 0.000293214 0.00068593 2.50952e-05 0.000198976 5.91618e-05 0.00578769 4.10294e-05 0.981521 6.37901e-05 0.000352596 5.90632e-06 4.65011e-07 0.000378049 2.06126e-05 0.0018403 0.000600884 2.00444e-08 0.00110591 0.00145608 6.36712e-05 1.51264e-06 
0.013615 1.21093e-05 2.30707e-05 0.00285022 0.134848 0.00223069 0.0251522 0.727787 0.00869632 0.000888877 0.000230862 0.000121409 0.010658 1.00269e-08 0.000172827 5.58803e-06 0.000125031 0.000404063 0.00713796 0.000837994 1.00772e-06 0.00511262 0.0498274 0.00860935 0.000652185 
0.0828368 0.00163119 3.58919e-07 0.351912 0.0282245 0.061375 0.000724594 0.0274781 0.0470264 0.0321929 0.00102155 0.0705311 0.000105911 0.00598944 0.00621282 1.17393e-05 0.0613946 0.00274481 0.121222 0.00640392 3.36134e-07 0.0546223 0.017734 0.0164804 0.00212319 
0.0284774 0.12977 3.3862e-10 0.0534791 0.0369885 0.0381949 0.000583843 0.0452572 0.0039582 0.00367825 0.00200974 0.00021555 0.00055788 0.00014207 0.022595 6.82608e-08 0.00987221 0.0333401 0.00214246 0.00227831 6.48751e-05 0.0158431 0.0221688 0.548135 0.000246999 
0.00259348 1.7649e-07 5.75941e-10 0.0158236 0.103605 0.00543443 0.000925203 0.00227055 0.00373437 0.758241 0.00237379 6.13499e-06 0.000120997 3.97664e-05 0.000168545 2.55784e-09 0.00164044 0.00837048 1.34907e-05 0.00187555 2.39601e-08 1.4026e-06 0.0775935 0.00322018 0.0119483 
0.00379455 3.2746e-05 2.44439e-11 0.00268705 0.044802 0.838588 0.0143816 0.000868799 0.00578396 0.000206115 4.02232e-05 9.00226e-07 0.00152518 6.60402e-09 2.91848e-05 1.04359e-08 6.10421e-05 0.00215746 0.000281234 0.0506311 2.29247e-07 0.000618111 0.021074 0.00674097 0.00569589 
0.313356 8.42407e-07 9.3119e-10 2.44826e-07 0.000484126 0.00105098 5.25195e-07 0.000105976 1.80786e-07 0.0156296 0.0182661 5.9435e-05 7.60258e-06 6.00043e-07 0.000125695 1.24358e-09 5.47721e-06 1.50463e-07 1.73108e-06 1.30608e-06 0.495612 4.85451e-06 5.35626e-06 0.155232 4.95399e-05 
0.06308 3.60159e-05 2.59111e-06 0.0806563 0.0933983 0.0959371 0.000796151 0.325895 0.00326855 0.0063955 0.0042131 8.78087e-05 0.0129 0.000142705 0.0184182 5.91e-06 0.0472726 0.06111 0.00495108 0.00295944 3.46725e-08 0.0800294 0.052454 0.0458672 0.000123185 
0.0326416 4.75559e-05 1.07805e-09 0.0102403 0.0404039 0.00844949 0.00569968 0.0113629 0.000289509 0.000619597 0.00167039 0.000166942 2.70736e-05 1.49015e-05 0.0921317 4.09085e-07 0.0164021 0.00288396 0.037663 0.00685636 0.000148258 0.000483543 0.141341 0.582362 0.00809376 
0.0504355 0.00460762 0.00399168 0.0486993 0.0271724 0.0509857 0.0136679 0.0474774 0.00464788 0.00585087 0.00248167 0.000136871 0.00530516 3.64441e-05 0.000616676 0.000133172 0.115171 0.0132595 0.240224 0.0139503 0.00724417 0.0941816 0.218176 0.0312733 0.000274134 
0.0673363 0.00311691 1.33759e-07 0.0209364 0.279988 0.0532699 0.0128435 0.0618886 0.026494 0.150556 0.0150394 0.000251753 0.00355607 0.0116734 0.00109629 3.87811e-06 0.00173612 0.0113703 0.0199355 0.00422345 6.10832e-06 0.00485292 0.035157 0.213197 0.00147155 
0.148768 0.000897702 6.36959e-05 0.0268215 0.209366 0.0389899 0.00539878 0.017102 0.00292844 0.0617835 0.0031112 0.00418429 0.0210114 0.00028111 0.00247999 0.000325289 0.04798 0.00471951 0.13314 0.0188101 0.000484773 0.083357 0.125598 0.039825 0.00257316 
0.261224 0.000120074 5.63692e-07 0.140188 0.0321422 0.0483477 0.00192005 0.0209359 0.00313572 0.0367053 0.00195839 0.000182927 0.0189249 0.000138629 0.000611975 2.76167e-07 0.00259317 6.78415e-05 0.0532529 0.0311317 5.81195e-06 0.0696971 0.141383 0.0563119 0.0790198 
0.000936377 1.82089e-05 0.000182798 0.00996547 0.0207512 0.00900755 0.000246356 0.00832362 0.000937047 0.000299209 0.00738072 9.32282e-06 0.00395907 1.2624e-05 0.901743 3.60545e-06 0.00574227 0.00264029 0.000615667 0.0091332 0.000355571 0.013616 0.00251502 0.00158456 2.1301e-05 
0.000279673 0.985705 5.86546e-13 7.38817e-05 0.00169687 0.00104857 0.00234164 0.000301496 1.43222e-05 0.000431021 3.92705e-05 0.000509992 1.18319e-05 3.31957e-10 1.50771e-06 1.0882e-06 9.74491e-05 0.00132081 7.22105e-05 4.91382e-05 0.000181715 0.000545391 0.00216243 0.00310572 8.49915e-06 
0.00512822 1.29811e-06 4.59881e-11 0.00036866 0.000293214 0.00068593 2.50952e-05 0.000198976 5.91618e-05 0.00578769 4.10294e-05 0.981521 6.37901e-05 0.000352596 5.90632e-06 4.65011e-07 0.000378049 2.06126e-05 0.0018403 0.000600884 2.00444e-08 0.00110591 0.00145608 6.36712e-05 1.51264e-06 
0.0841493 0.00871186 1.55888e-11 0.00268299 0.00165398 0.00732846 0.000313308 0.015064 0.000815371 0.652935 0.000237248 0.00117992 0.0297789 0.00459542 0.000347475 1.22408e-08 0.0305879 0.00115675 0.0499712 0.0202321 9.44392e-07 0.00602144 0.077238 0.0049194 7.93434e-05 
0.000102952 8.52225e-06 6.74e-11 0.000113754 0.0761626 0.00425417 0.00847419 0.00639373 0.00232221 1.54425e-05 5.13468e-06 1.39063e-06 4.03358e-05 8.09269e-05 1.66739e-05 3.86052e-09 0.000169721 0.898106 1.24081e-05 6.71566e-05 6.32486e-10 0.00257881 1.13578e-05 0.000972049 9.07187e-05 
0.162562 6.82312e-05 9.95881e-08 0.164365 0.04808 0.0352852 0.000833425 0.0227268 0.00535664 0.0444499 0.0031789 0.00451349 0.0193956 1.7721e-05 3.03022e-05 9.2881e-06 0.0453401 0.0140248 0.00544453 0.0152523 9.05831e-08 0.327786 0.0702066 0.0105287 0.000544897 
0.187358 1.66875e-05 8.10968e-09 0.00497389 0.0381909 0.02845 0.00079487 0.0872051 0.00569851 0.129481 0.000479157 0.0062293 0.000424906 0.00127622 4.95435e-06 4.98518e-06 0.0459756 8.53179e-05 0.00601097 0.0735806 2.58293e-05 0.0189645 0.207334 0.157418 1.71037e-05 
0.00512822 1.29811e-06 4.59881e-11 0.00036866 0.000293214 0.00068593 2.50952e-05 0.000198976 5.91618e-05 0.00578769 4.10294e-05 0.981521 6.37901e-05 0.000352596 5.90632e-06 4.65011e-07 0.000378049 2.06126e-05 0.0018403 0.000600884 2.00444e-08 0.00110591 0.00145608 6.36712e-05 1.51264e-06 
0.00285453 0.00193968 3.37164e-09 0.000915615 0.00844152 0.00478045 0.904153 0.00794627 1.19436e-05 0.00169296 0.0119364 5.56884e-05 0.0218014 1.70281e-05 0.00018944 2.25252e-06 0.00326325 0.000906191 0.0020177 0.00029683 2.06799e-06 0.00149381 0.0143421 0.0108642 7.59256e-05 
0.029691 0.00038587 9.79859e-12 0.00170709 0.527092 0.00169448 0.00487646 0.00863118 0.00311461 0.0122217 0.0023778 2.67658e-06 0.000326861 2.46487e-05 0.000438236 1.03187e-08 4.85413e-05 0.293872 0.000868271 0.00199462 1.58408e-05 0.00165119 0.0248504 0.0572488 0.0268651 
0.0108724 0.854386 5.07551e-07 0.0101849 0.0158382 0.0348465 4.41891e-05 0.00361834 0.00569025 0.000583374 0.0195496 2.60075e-07 0.00110111 6.37181e-08 0.000431838 1.02971e-07 0.00763277 4.04173e-05 1.32634e-05 0.0315957 3.68613e-07 0.0005849 0.00083379 0.00162884 0.000522092 
0.00724954 6.14682e-08 0.00148917 0.0132532 0.0800443 0.0856889 0.000431228 0.156796 0.0323724 0.0464816 0.0445519 0.0373797 0.00485549 8.28429e-06 0.041675 2.10672e-05 0.0531572 2.66299e-05 0.0532059 0.135659 0.00161115 0.0301183 0.0500304 0.104156 0.0197366 
0.22062 0.000235114 3.31324e-10 0.0319869 0.222685 0.0119049 0.00948611 0.00809383 0.00677985 0.0225333 0.000928158 7.99799e-05 0.00044924 0.000475591 0.000547563 3.58999e-08 0.00659189 0.0116983 0.000855157 0.0010748 2.02253e-08 0.0131318 0.149979 0.277469 0.00239457 
0.000279673 0.985705 5.86546e-13 7.38817e-05 0.00169687 0.00104857 0.00234164 0.000301496 1.43222e-05 0.000431021 3.92705e-05 0.000509992 1.18319e-05 3.31957e-10 1.50771e-06 1.0882e-06 9.74491e-05 0.00132081 7.22105e-05 4.91382e-05 0.000181715 0.000545391 0.00216243 0.00310572 8.49915e-06 
0.00512822 1.29811e-06 4.59881e-11 0.00036866 0.000293214 0.00068593 2.50952e-05 0.000198976 5.91618e-05 0.00578769 4.10294e-05 0.981521 6.37901e-05 0.000352596 5.90632e-06 4.65011e-07 0.000378049 2.06126e-05 0.0018403 0.000600884 2.00444e-08 0.00110591 0.00145608 6.36712e-05 1.51264e-06 
0.0146078 0.000206335 2.99998e-05 0.00287862 0.0016713 0.0448288 0.000359248 0.0123973 0.000375456 0.0255023 0.000598888 0.000492807 0.00218251 7.5978e-06 0.00108339 4.85886e-05 0.360642 0.00170483 0.0167759 0.00103245 0.266032 0.039751 0.0911802 0.115522 8.87862e-05 
0.0513544 0.00141415 7.52343e-09 0.298291 0.0204799 0.0215892 0.00121019 0.014137 0.00156315 0.00112133 0.0135861 0.000127695 0.0148288 0.000160212 0.000358184 9.12354e-05 0.0107415 0.0116701 0.163779 0.00310625 0.0571535 0.0530431 0.253326 0.00667141 0.000197254 
0.0345035 4.49014e-05 0.00123242 0.00983953 0.111304 0.0252023 0.00212041 0.00417159 0.0555794 0.00621504 0.000152297 3.1605e-05 0.0360339 1.16442e-05 0.0461559 3.90201e-05 0.114203 0.00101609 0.0045715 0.00230535 5.32576e-05 0.0557387 0.0274339 0.461217 0.000823609 
0.0841493 0.00871186 1.55888e-11 0.00268299 0.00165398 0.00732846 0.000313308 0.015064 0.000815371 0.652935 0.000237248 0.00117992 0.0297789 0.00459542 0.000347475 1.22408e-08 0.0305879 0.00115675 0.0499712 0.0202321 9.44392e-07 0.00602144 0.077238 0.0049194 7.93434e-05 
0.0356907 0.000173307 0.000146745 0.0183355 0.0770251 0.0445207 0.00202764 0.0650516 0.209083 0.0605682 0.004787 9.49792e-05 0.0311432 6.62672e-06 0.000680246 3.22894e-05 0.0294584 0.00523651 0.00468634 0.00623185 1.44392e-05 0.00715448 0.116216 0.27712 0.00451523 
0.138223 7.04272e-05 2.27738e-11 0.00300948 0.0145462 0.00157565 0.000813349 0.0124369 0.000544437 0.0305672 0.00199483 0.000254845 0.0053176 3.96837e-06 0.000166586 1.39135e-05 0.273983 0.00336995 0.00290976 0.0037125 0.000229662 0.011444 0.220478 0.273231 0.00110339 
0.218287 0.00012301 3.97436e-10 0.045831 0.0675091 0.0106162 0.00184378 0.0293745 0.00653476 0.184616 0.000200947 0.124147 0.00831764 0.00204993 0.000180743 3.21803e-08 0.0043944 0.000485115 0.143015 0.0564044 3.6137e-08 0.0122381 0.0410712 0.0427559 4.46321e-06 
0.0566909 0.000405676 7.03658e-10 0.123382 0.0694865 0.100662 0.00134865 0.0170498 0.0957608 0.056846 0.00350275 0.0010063 0.00373752 0.000525156 0.0113009 0.00019762 0.00792862 0.0119538 0.228627 0.0105549 2.16043e-05 0.0551902 0.115566 0.0226434 0.00561194 
0.00512822 1.29811e-06 4.59881e-11 0.00036866 0.000293214 0.00068593 2.50952e-05 0.000198976 5.91618e-05 0.00578769 4.10294e-05 0.981521 6.37901e-05 0.000352596 5.90632e-06 4.65011e-07 0.000378049 2.06126e-05 0.0018403 0.000600884 2.00444e-08 0.00110591 0.00145608 6.36712e-05 1.51264e-06 
9.37719e-08 7.5744e-08 0.545733 3.7103e-05 0.216169 0.0171339 0.0191971 0.0495945 0.0289824 0.000560054 0.106518 3.75893e-08 4.85874e-08 0.00268269 1.94098e-07 1.88911e-11 2.10614e-12 0.000191713 8.47761e-08 0.00367481 8.66738e-12 0.00952502 1.00731e-07 5.25404e-07 5.0265e-08 
0.00512822 1.29811e-06 4.59881e-11 0.00036866 0.000293214 0.00068593 2.50952e-05 0.000198976 5.91618e-05 0.00578769 4.10294e-05 0.981521 6.37901e-05 0.000352596 5.90632e-06 4.65011e-07 0.000378049 2.06126e-05 0.0018403 0.000600884 2.00444e-08 0.00110591 0.00145608 6.36712e-05 1.51264e-06 
0.044546 4.24141e-06 1.83778e-05 0.235854 0.0628589 0.0450104 0.0587623 0.00603102 0.00825787 0.000343127 0.00091686 2.28843e-05 0.0073211 0.000380424 0.0250043 1.14394e-05 0.0488552 0.0223699 0.00074557 0.00466957 6.59163e-07 0.0107565 0.10308 0.313217 0.000961615 
0.014573 0.0366876 5.73352e-09 0.00215155 0.037543 0.0238048 0.00130671 0.049764 0.00497338 0.00628662 0.000173695 0.00244593 0.0285879 1.67557e-05 0.00172129 9.49759e-05 0.0291919 0.00552441 0.0144084 0.000310995 0.000101926 0.0589445 0.125442 0.55564 0.000304754 
0.00595788 3.46028e-05 0.0228466 0.00171168 0.0356065 0.00776592 0.000596378 0.00434431 0.00187425 0.760791 0.00152766 0.0117155 0.0070511 2.64892e-09 0.00174061 4.97299e-05 0.0187923 0.000603018 0.00414929 0.0160882 0.0521922 0.00104224 0.0123072 0.0293985 0.00181339 
0.098625 0.000249605 3.17337e-08 0.100777 0.0455807 0.0322707 0.0549413 0.0404773 0.0972314 0.0513085 0.00594177 0.000374981 7.81108e-05 0.000617856 0.03045 4.55871e-05 0.00702517 0.0308701 0.00277296 0.0760549 5.8585e-06 0.0505904 0.131391 0.140846 0.00147368 
0.0858589 8.95791e-06 3.0371e-10 0.00107069 0.00262488 0.168172 0.000939969 0.020895 0.000242003 0.00353403 0.000264126 6.17075e-05 0.00427808 1.74777e-05 4.40606e-05 4.58359e-06 0.0186602 0.00124238 0.0351104 0.000794225 3.63744e-06 0.583297 0.0617532 0.0110747 4.78279e-05 
0.0374068 0.00140276 1.45336e-07 0.0138709 0.00204024 0.0519734 0.000462727 0.136534 0.000978662 0.000236286 2.30738e-05 0.000680118 0.000121522 6.79358e-07 0.0103461 5.7694e-07 0.0385286 3.55414e-05 0.00463257 0.370991 0.0602161 0.0056521 0.071836 0.191797 0.000233049 
0.0840484 9.73917e-12 3.6731e-10 0.15691 0.043735 0.0125277 0.000234462 0.0846898 0.00171756 0.0036769 0.000744102 0.00714554 0.0111929 3.76479e-05 0.000348216 1.57911e-11 0.0097316 0.000654778 0.000779863 0.00952785 8.17312e-06 0.0102838 0.516382 0.0452961 0.000327626 
0.181284 0.000125519 3.2229e-05 0.0263449 0.0677718 0.0441569 0.00521534 0.0156037 0.00675953 0.0298814 0.00139064 0.00319175 0.00859695 0.000397112 0.000790747 5.73325e-05 0.105434 0.0116173 0.0598079 0.0108374 8.82437e-06 0.108075 0.279207 0.0328454 0.000567852 
