0.0247981 0.00021119 0.000465975 0.0302278 0.0803065 0.0224224 0.0326068 0.00368045 0.0287615 0.0324771 0.000662766 0.0522347 0.00284206 0.000358315 0.000586036 1.83964e-05 0.303641 0.113641 0.0331175 0.013581 0.00400505 0.0858494 0.0863178 0.0388047 0.00838195 
0.043479 4.01897e-06 4.01744e-06 0.175097 4.02568e-06 0.134048 4.02411e-06 0.102643 4.02393e-06 4.02402e-06 4.02239e-06 4.02472e-06 0.0269669 4.01896e-06 0.000808187 4.01453e-06 4.02483e-06 4.02525e-06 4.02477e-06 0.0245529 4.02081e-06 0.0740622 0.418278 4.02485e-06 4.02116e-06 
0.22359 0.00103886 0.000544473 0.0739636 0.0433749 0.0653707 0.00315214 0.0518482 0.0103068 0.0152327 0.00821708 0.00289246 0.0490907 0.000402859 0.00146142 3.13753e-05 0.0275249 0.0114025 0.0298173 0.0268748 0.000170567 0.131312 0.206702 0.0150643 0.00061318 
0.273944 0.000695949 3.68585e-06 0.0289664 0.0329099 0.0154 0.00211834 0.0865322 0.00493548 0.00260575 0.00354028 2.98037e-05 0.0785017 5.67686e-05 0.00044394 9.60599e-08 0.136134 0.00698824 0.00962516 0.00915308 0.000478434 0.14819 0.0798714 0.0788375 3.79324e-05 
0.426381 0.000245824 0.000108884 0.0208301 0.014219 0.00523662 0.00105365 0.00941393 0.027633 0.0436526 0.00297411 0.000380707 0.00693837 0.000174059 0.00090174 1.72021e-05 0.0434248 0.00932349 0.00599991 0.00481342 0.000699105 0.00514687 0.240253 0.129693 0.000485089 
0.0235796 3.88469e-07 3.88321e-07 0.00719809 0.00548694 3.89085e-07 3.88965e-07 3.89057e-07 3.88948e-07 0.0204595 0.00338295 0.00871455 3.88985e-07 3.88467e-07 3.88648e-07 3.88039e-07 0.0482797 3.89076e-07 0.00552461 0.0494413 0.756072 0.0368816 3.89122e-07 0.0343523 0.000622278 
0.204827 0.00169857 0.000729348 0.0288161 0.00531973 0.075124 0.00188579 0.0191663 0.000547886 0.262448 0.00040143 0.00398617 0.00216932 0.000619778 0.00102333 3.68102e-05 0.0915285 0.00290128 0.0490455 0.0062483 4.82924e-05 0.0390832 0.183385 0.0178956 0.00106498 
0.1901 0.000647817 6.19914e-07 0.0129881 0.151028 0.0233664 0.00207932 0.0284978 0.00129723 0.118086 0.0219775 3.29803e-06 0.0124493 0.00234465 0.000483714 2.6007e-07 0.00673161 0.0343192 0.00254307 0.0977955 1.11607e-05 0.118866 0.16419 0.00919773 0.000994865 
0.338367 0.00033628 7.5452e-05 0.0881125 0.0236785 0.0568928 0.00910968 0.032912 0.00392838 0.0120221 0.00374669 0.00617858 0.0392255 0.000935066 0.00448857 2.44302e-05 0.0428156 0.00751839 0.0336556 0.0268292 4.86312e-05 0.0230599 0.232974 0.0116682 0.00139748 
6.29633e-06 6.28618e-06 6.28379e-06 6.29583e-06 0.690123 6.29616e-06 0.026442 6.2957e-06 6.29394e-06 6.29408e-06 6.29153e-06 6.29517e-06 6.29454e-06 6.28616e-06 6.28908e-06 6.27923e-06 0.175646 6.29601e-06 6.29525e-06 6.29467e-06 0.000635193 0.0226699 6.29675e-06 0.0843643 6.28961e-06 
0.0159351 0.0359862 9.79383e-05 0.0365919 0.0701718 0.0088139 0.0719231 0.144943 0.0104782 0.102963 0.000208208 0.000243375 0.00348255 6.79321e-06 0.0448836 1.12254e-09 0.00991619 0.0204301 0.00109899 0.0102316 0.00055763 0.00354143 0.247383 0.158368 0.00174377 
0.0853122 0.00032961 1.71448e-05 0.0214434 0.0448855 0.00539329 0.000429087 0.007795 0.000432219 0.00448339 0.00386234 0.000153393 0.00325058 1.38244e-05 0.000320131 1.85252e-06 0.00363017 0.000116751 2.39208e-05 0.00265042 6.15163e-05 0.000569443 0.0761994 0.668722 0.0699037 
0.0712406 0.00361919 0.000350618 0.00736136 0.00583207 0.0551241 3.95349e-05 0.0825104 0.000383161 0.00755372 0.000565832 9.18255e-05 0.0372728 3.73185e-05 0.000802799 4.51187e-08 0.0797921 0.000141126 0.0035833 0.0010781 8.82849e-05 0.0261916 0.593392 0.0225037 0.00044432 
0.161256 0.000714086 0.000392377 0.0298988 0.0354792 0.0494868 0.00692037 0.0223155 0.0050023 0.0229522 0.0018278 0.00656825 0.0273458 0.000942323 0.00203276 2.38563e-05 0.0456672 0.0144152 0.0256783 0.0132078 8.19733e-05 0.0634235 0.450951 0.0118252 0.00159124 
0.0201978 1.35976e-06 1.25858e-07 0.170045 0.0635918 0.0955089 0.0022316 0.138158 0.000709737 0.000716129 0.0324628 4.32459e-05 0.0202428 1.73054e-05 1.01529e-05 1.11519e-07 0.0783104 0.0123012 0.0055218 0.0874182 0.000943703 0.0131799 0.254552 0.00367602 0.00015933 
0.0774603 2.41665e-06 2.41573e-06 0.0970586 0.660608 0.063419 0.0181504 2.42031e-06 2.41963e-06 2.41968e-06 2.41871e-06 2.42011e-06 0.0140376 2.41664e-06 2.41776e-06 2.41398e-06 0.0285605 0.03171 2.42013e-06 2.41991e-06 2.41775e-06 2.42022e-06 2.42071e-06 0.00895709 2.41797e-06 
0.0720813 4.6333e-05 4.10836e-06 0.725937 0.0392008 0.0024176 1.73866e-06 0.000861476 0.00573314 0.0534171 0.00565488 0.00194575 0.0209052 5.70645e-06 0.00160634 1.79339e-07 0.000246502 5.70593e-06 0.00338954 0.00607443 4.09967e-07 0.00865987 0.0236071 0.0279203 0.000277331 
0.179385 0.00059361 0.000138617 0.0166519 0.0436076 0.0490826 0.000402738 0.0430188 0.00206574 0.0265917 0.00405084 0.000149534 0.200504 5.43168e-05 0.00398895 1.19259e-05 0.106401 0.00824946 0.0206876 0.0090932 0.000123472 0.015572 0.216428 0.052613 0.000534906 
0.0213672 0.00652209 8.01795e-05 0.0249066 0.572343 0.045715 0.0682593 0.0325364 0.0298244 0.0104067 0.00564979 0.000135835 0.00294848 0.00101664 0.0253 1.45443e-05 0.0101492 0.0265666 0.0117095 0.00699928 2.42118e-05 0.0219745 0.0394375 0.033785 0.00232819 
0.481422 0.000135095 9.8041e-05 0.0363536 0.0943193 0.0207104 0.0080161 0.0193864 0.0166268 0.0294482 0.00885346 0.00270483 0.0171355 0.000229686 0.000552552 1.23688e-05 0.0304374 0.0310361 0.00813953 0.0197135 1.67507e-05 0.0378862 0.0822733 0.0514719 0.00302143 
0.00708046 5.61924e-05 4.79583e-07 0.0111566 0.0200056 0.00120909 0.000227624 0.00247206 0.00546298 0.0108324 0.0025786 0.00160055 0.00305844 5.69373e-06 0.0106275 3.54808e-10 0.00125447 0.0144091 0.0147999 0.00750505 0.000543257 0.000715113 0.0173823 0.0273827 0.839634 
0.274345 0.00108428 0.000248939 0.0647023 0.0143681 0.0135105 0.00151148 0.0482085 0.00247594 0.029431 0.00902004 0.000257794 0.0487133 0.000274308 0.000390712 2.4032e-06 0.0337301 0.0130824 0.0176726 0.0166847 1.40429e-05 0.0305995 0.101994 0.20972 0.0679576 
0.0588071 2.10055e-05 6.91858e-06 0.0217796 0.0333889 0.024195 0.000404352 0.0397048 0.0146528 0.635998 0.00271172 0.0109846 0.000616157 4.79004e-05 0.00022963 4.99747e-06 0.00364007 2.10656e-05 0.0118486 0.0523687 0.000442704 0.0277712 0.0212435 0.0391046 5.86773e-06 
0.0206164 0.0105946 7.12396e-05 0.0616745 0.105518 0.172919 0.00663509 0.0536349 0.012851 0.0147947 0.00561244 0.000127997 0.00173522 0.00448111 0.000141992 6.78497e-05 0.00517489 0.0360275 0.0222588 0.0057808 0.000141042 0.185941 0.256238 0.0166039 0.000358718 
0.0564672 3.31905e-05 0.036352 0.373257 0.0511002 0.00538737 0.0171246 0.0253937 0.035995 0.0271068 0.00491146 8.2016e-05 0.00904634 2.91908e-06 0.00742632 2.36846e-06 0.00231679 0.0301305 0.00240534 0.119001 5.98179e-06 0.0104226 0.116329 0.0687936 0.000905952 
0.0345628 0.000185725 0.00101475 0.0133419 0.0399189 0.0173007 0.00105766 0.0962253 0.00108391 0.0111271 0.000920078 0.000416453 0.00518453 0.000201817 0.00408694 4.1617e-05 0.223361 0.000794557 0.014494 0.00760389 0.0317736 0.101312 0.0666959 0.327189 0.00010619 
0.147647 0.00305873 0.000574766 0.0386298 0.0827982 0.0604448 0.00457383 0.0717976 0.00507925 0.0492358 0.00586797 0.00459018 0.0103408 0.00388573 0.00231724 2.61117e-05 0.0165811 0.00626131 0.00544385 0.00351079 0.000289604 0.0336104 0.107606 0.335689 0.000139365 
0.0520644 2.16495e-05 0.0108423 0.088921 0.271093 2.16839e-05 2.16772e-05 0.00652636 0.351176 0.0238661 2.1668e-05 2.16805e-05 2.16783e-05 0.0108464 2.16595e-05 2.16256e-05 2.16811e-05 0.0629036 2.16807e-05 2.16788e-05 2.16594e-05 2.16815e-05 2.16859e-05 0.121436 2.16613e-05 
0.129514 0.00217275 0.00398454 0.0200467 0.0291583 0.0513721 0.0104685 0.0269712 0.00344714 0.0926806 0.00521028 0.0218299 0.00878115 2.5485e-05 0.00183752 1.7353e-05 0.128662 0.00407258 0.00254231 0.0306614 0.00675137 0.0568817 0.0471273 0.315632 0.000152481 
0.027176 4.70222e-07 4.70043e-07 0.0490257 0.019877 0.0775218 0.00376705 0.0250071 4.70803e-07 0.0192096 0.00950704 0.00565121 0.0412467 4.7022e-07 4.70439e-07 4.69702e-07 0.0441245 0.00555777 0.0633365 4.70857e-07 4.70437e-07 0.357473 0.229242 0.0195432 0.00272925 
0.0547995 0.00151166 0.000452589 0.0540132 0.113362 0.114943 0.00777824 0.0879617 0.0157003 0.00941723 0.0151735 0.00117627 0.0156366 0.0060298 0.00329981 5.17374e-05 0.0747049 0.0152028 0.0182676 0.030817 9.3926e-05 0.0516437 0.219881 0.0850957 0.00298664 
0.546292 0.0046337 6.02195e-05 0.034593 0.0063421 0.0189512 0.000387886 0.00489362 0.000698683 0.0396517 0.000631 0.00526184 0.00299403 0.000298876 8.22233e-05 8.48905e-06 0.0781543 0.000429249 0.0121458 0.0255337 6.88021e-05 0.0359017 0.173691 0.00815823 0.00013736 
0.0788607 1.48064e-05 6.35075e-05 0.0872496 0.0137361 0.0065207 0.000769338 0.0039388 0.00307192 0.00768847 0.000168744 0.000834675 0.00477313 1.29731e-05 0.00143315 3.17447e-06 0.00722156 7.83843e-06 0.00291113 0.00937218 5.06772e-05 0.0271278 0.0406817 0.702177 0.00131041 
0.159622 0.00186857 1.69651e-06 1.69976e-06 0.118151 1.69985e-06 0.00679899 0.118473 1.69925e-06 0.0530195 0.00153044 0.0161478 0.0586315 1.69715e-06 1.69794e-06 1.69528e-06 1.69963e-06 1.69981e-06 0.200215 1.69945e-06 1.69793e-06 0.0322953 0.151812 0.0814143 1.69808e-06 
0.053581 1.27338e-05 1.2729e-05 1.27533e-05 0.346951 1.2754e-05 1.27501e-05 0.0969361 0.271576 1.27498e-05 0.0178552 1.2752e-05 1.27507e-05 1.27338e-05 0.1083 1.27197e-05 1.27524e-05 1.27537e-05 1.27522e-05 0.104571 1.27396e-05 1.27526e-05 1.27552e-05 1.27524e-05 1.27407e-05 
0.067905 1.07565e-05 4.26329e-07 0.00558685 0.025614 0.00288854 0.000856595 0.000756456 0.000364189 0.364385 0.00529091 0.411418 0.00329562 4.06774e-05 0.00109103 3.55246e-07 0.00740825 0.0117672 0.00912437 0.0241403 4.43981e-06 0.000281061 0.0551346 0.00241868 0.000216384 
0.117765 0.00041824 1.22402e-06 0.0579394 0.132237 0.0163272 0.00277178 0.0131426 0.00269837 0.00542219 5.32844e-08 3.26082e-05 9.18246e-05 1.52663e-06 0.00450896 1.80183e-08 0.000880496 1.95642e-08 0.00608337 3.12741e-07 5.098e-07 0.0216523 0.492739 0.125283 4.36714e-06 
0.18213 4.91319e-05 4.91132e-05 4.92073e-05 4.92139e-05 4.92099e-05 4.91947e-05 4.92063e-05 4.91926e-05 4.91936e-05 4.91737e-05 4.92022e-05 0.0886044 4.91317e-05 0.0688656 4.90776e-05 4.92036e-05 4.92087e-05 0.0738531 0.0935258 4.91544e-05 4.92044e-05 4.92145e-05 0.492086 4.91587e-05 
0.0336643 0.00259981 0.000319093 0.00276697 0.0205927 0.0148996 0.00103178 0.0345245 0.020824 0.240583 0.00997534 0.0321563 0.000723297 0.000529908 0.0279335 8.26769e-06 0.0169397 0.000117825 0.0268929 0.0314541 2.29896e-05 0.028823 0.00546265 0.44193 0.00522425 
0.000160667 0.000160408 0.000160347 0.000160654 0.000160676 0.000160663 0.000160613 0.000160651 0.000160606 0.00016061 0.000160545 0.000160638 0.000160622 0.000160408 0.000160482 0.000160231 0.273253 0.000160659 0.00016064 0.000160625 0.000160482 0.000160645 0.000160678 0.723054 0.000160496 
0.0635995 4.64753e-05 0.00016208 0.020455 0.0151671 0.0130288 0.000345595 0.0403081 0.000307976 0.0170602 0.487879 0.00103115 0.100683 0.000139148 0.000115545 2.74932e-05 0.0451401 0.00228871 0.0873886 0.0200236 0.000517751 0.0151268 0.0405696 0.0265313 0.00205795 
0.0697003 1.91949e-05 0.0412131 0.146412 0.0400667 0.0100648 0.00150999 0.0339703 0.0119744 0.00112076 0.0956048 2.04033e-05 0.00253978 0.000344359 0.00169061 4.59317e-06 0.000604678 0.000796944 0.00748097 0.459142 2.37416e-05 0.0062701 0.0652054 0.00407808 0.000141752 
0.0198848 0.029634 3.32964e-05 0.00753841 0.0308323 0.630473 0.00397865 0.0322106 0.00107257 0.0469706 0.000800517 0.000196093 0.00197832 0.000368533 0.000105267 1.31923e-05 0.0171769 0.00360353 0.0198017 0.0186029 1.37233e-05 0.0153943 0.116132 0.0030506 0.000134762 
0.0586099 2.15478e-05 0.000219848 0.391325 0.00554906 0.0494397 5.59131e-06 0.0376958 0.000848271 0.00201809 0.000152634 6.89341e-07 0.000207915 8.96059e-08 1.14868e-06 7.6802e-08 0.00139827 0.00143424 0.00526414 0.00924433 7.78937e-07 0.036037 0.398335 0.00206283 0.000128742 
0.0135687 6.50747e-06 7.04443e-06 0.00580743 0.142135 0.0543273 0.00484371 0.13636 0.017025 0.0145154 0.0132824 3.09685e-05 0.0054662 0.00127516 0.000415156 1.30446e-06 0.00366853 0.500626 0.00960824 0.00287329 2.1787e-06 0.0338803 0.0209552 0.0192321 8.64059e-05 
0.0259808 0.00351345 0.00279197 0.0374512 0.0461249 0.0640038 0.012824 0.0325071 0.00301066 0.00475204 0.015135 0.00113904 0.114222 3.47609e-05 0.00316858 2.77431e-05 0.0870693 0.0111538 0.0266564 0.0468172 5.22016e-05 0.0982398 0.351193 0.0118092 0.000322217 
0.281109 0.00456379 0.000675153 0.101957 0.0342951 0.0283395 0.00206357 0.0264857 0.00884431 0.027081 0.0109421 0.000943466 0.08266 0.000587525 0.00216664 3.76682e-06 0.0104523 0.0100827 0.0192107 0.0570408 0.000906481 0.0180331 0.218979 0.0388872 0.0136898 
0.127213 0.000624618 0.000515996 0.0950223 0.046907 0.235535 0.00511836 0.0347186 0.00617882 0.015218 0.0107933 0.00660473 0.0670177 0.000932364 0.000553229 9.10172e-06 0.0338513 0.0108649 0.0632935 0.0558408 1.88135e-05 0.068142 0.109395 0.00452169 0.00110994 
0.0115665 3.74161e-06 9.32134e-05 3.51898e-05 0.113534 0.00201099 0.0121944 0.262904 0.00559589 0.00867367 0.000297264 2.23491e-05 0.000154283 0.0348416 0.000286642 4.28302e-07 0.00149539 0.00204791 4.79696e-06 0.000971224 3.10713e-05 0.00617368 0.00431796 0.532728 1.63088e-05 
0.264972 0.000237712 7.14987e-06 0.0325948 0.0679562 0.0312848 0.00806209 0.0228667 0.0272966 0.00756154 0.00349101 9.18195e-05 0.0174878 0.000208392 0.00354646 4.62383e-06 0.0203321 0.0264743 0.00865351 0.0162681 7.04563e-05 0.00870924 0.375712 0.0544556 0.00165481 
0.00737158 0.000434138 2.29709e-06 0.0152953 0.0488069 0.00769738 0.00449599 0.00706058 0.00456265 0.0235553 0.00564202 0.00193914 0.000574939 6.39539e-07 0.0064665 7.86893e-09 0.000483736 0.00233867 0.001064 0.00223735 0.0163719 0.00481629 0.0226255 0.815231 0.000926526 
0.0864045 1.7569e-06 1.75623e-06 0.112616 0.0835938 0.0542 0.00985294 0.233143 0.0260358 1.7591e-06 0.00580445 1.75941e-06 0.0796949 1.75689e-06 0.00105638 1.75495e-06 0.0249861 0.0510313 0.0448673 1.75927e-06 1.7577e-06 0.0573611 0.0608925 0.0684448 1.75785e-06 
0.115367 0.000235108 2.82072e-05 0.312469 0.019012 2.42057e-05 0.000592346 0.0327425 0.28413 0.00705403 0.00180814 0.000134144 5.19935e-05 0.000234783 0.0176716 1.1907e-05 0.000274401 4.84521e-05 0.00202597 0.00699854 3.65097e-05 0.0475722 0.0632823 0.0871012 0.00109334 
0.0362887 0.00488641 4.78723e-05 0.049494 0.493344 0.0289616 0.00229682 0.169287 0.00693577 0.00294766 0.0143786 0.000153848 0.00443212 0.00048444 0.0158442 9.60506e-06 0.0173442 0.00605633 0.00126758 0.00614804 2.17594e-05 0.0113217 0.0586226 0.0692942 0.000130372 
0.0504264 0.0102153 0.000956632 0.0988007 0.0176163 0.00120562 7.48903e-05 0.0143979 0.00120087 0.00618605 0.00397288 0.0118601 0.0495968 7.7041e-05 0.00180575 6.54602e-06 0.0120019 0.010719 0.00273742 0.669773 0.00347237 0.00532624 0.00609987 0.0175795 0.00389118 
0.0258777 0.040467 5.60869e-06 0.0169 0.124838 0.0963764 0.00110898 0.00361923 0.0381892 0.00578788 0.0640348 7.47393e-06 0.505902 3.4488e-06 0.000858749 1.11526e-07 0.0164009 0.000207218 0.0375892 0.00378297 1.70594e-06 0.00572397 0.0108129 0.00149545 9.32381e-06 
0.0307978 7.44551e-05 7.64439e-06 0.00491469 0.149623 0.012729 0.111631 0.0131315 0.014164 0.192344 0.0135221 6.34879e-05 0.0330122 0.000132157 0.00168833 8.02364e-07 0.00724754 0.0447116 0.00670989 0.0024778 0.000168079 0.00159165 0.0507364 0.306312 0.00220939 
0.0118092 3.46668e-06 3.46536e-06 0.0406258 0.471565 0.0180588 0.0506817 0.013544 0.0843474 0.00139189 3.46963e-06 0.00729392 3.47129e-06 3.46666e-06 0.0263624 3.46284e-06 3.47173e-06 3.4721e-06 3.47168e-06 3.47136e-06 3.46826e-06 3.47179e-06 3.4725e-06 0.274271 3.46857e-06 
0.127479 0.000278336 5.09577e-05 0.117639 0.0451963 0.135192 0.00284096 0.088513 0.0044977 0.0129465 0.00474759 0.00500988 0.0233843 0.000771977 0.00896247 4.08349e-05 0.0282873 0.0343724 0.0257758 0.024044 0.000167412 0.0623791 0.221063 0.0243466 0.00201412 
0.167041 2.2107e-05 1.13155e-06 0.138896 0.0581731 0.00237898 0.00250848 0.0194374 0.039273 0.00889563 0.00156955 4.96082e-05 0.000324349 1.16248e-06 0.311604 7.68213e-07 0.0332854 1.41258e-05 0.00124258 0.00862155 0.000572868 0.0036037 0.045258 0.147268 0.00995754 
0.0867409 1.66293e-05 1.03767e-05 0.0363542 0.0277454 0.0912361 0.000770816 0.0658962 0.0248392 0.00192165 0.0388309 0.00131078 0.0223418 0.000575953 0.00634776 6.33974e-06 0.0768589 0.00157165 0.0222734 0.00855046 7.2313e-06 0.0294213 0.445857 0.00993568 0.000579643 
0.0239007 0.000456052 0.000257101 0.0224222 0.0118179 0.0183727 0.00317585 0.00305686 0.0177332 0.0337061 0.000617652 0.108186 9.41062e-05 0.000764573 0.000858262 2.88072e-05 0.548202 0.000764625 0.0539222 0.0122618 0.00805349 0.0526002 0.0342403 0.0389316 0.00557563 
0.0760728 0.0126066 2.73078e-05 0.256073 0.00226767 0.120622 0.000318517 0.114703 4.6899e-05 0.0190505 0.00553166 0.0041296 0.0840167 0.0157976 0.021056 1.9052e-07 9.5717e-07 9.27589e-06 0.000596056 0.110814 7.56767e-06 0.0157024 0.0404823 0.098247 0.00182059 
0.0599354 0.0073275 0.000191253 0.110919 0.0432046 0.0305838 0.00385761 0.0333162 0.0027107 0.0231185 0.00908028 0.00271292 0.0403863 0.00180062 0.00146696 7.58618e-05 0.0309896 0.00213899 0.0158372 0.464516 0.0035874 0.0118237 0.0793208 0.0197859 0.00131315 
0.212156 0.000412927 1.07679e-05 0.00808114 0.00107223 0.0147568 0.00106293 0.000572253 8.08713e-05 0.138784 0.000178137 0.00608836 0.000758723 0.00190153 2.81936e-05 7.38695e-06 0.0518753 1.84927e-05 0.0532903 0.480608 0.00574648 0.00292338 0.0151498 0.00430765 0.000127912 
0.0344421 3.10345e-07 3.10227e-07 0.0149197 0.193388 0.109477 0.0122435 0.41211 0.0077374 0.0216585 0.0118035 3.10789e-07 0.00469274 0.00251409 3.10488e-07 3.10002e-07 0.0351826 0.0152932 0.0335969 0.0259491 3.10487e-07 0.047864 3.10866e-07 0.0171253 3.10514e-07 
2.34112e-05 0.0420957 2.33646e-05 2.34093e-05 2.34125e-05 2.34106e-05 2.34033e-05 0.0725907 0.00704408 2.34028e-05 2.33934e-05 2.34069e-05 0.0210875 2.33734e-05 2.33843e-05 2.33476e-05 0.187284 2.341e-05 2.34072e-05 0.248117 2.33842e-05 2.3408e-05 2.34128e-05 0.42136 2.33862e-05 
0.0522454 0.0063751 0.00340103 0.0319958 0.0740031 0.0272844 0.00268591 0.0255196 0.0348434 0.00486993 0.0100352 0.00230394 0.0403903 0.000736665 0.000312991 5.8899e-05 0.274454 0.00308614 0.0220679 0.237792 0.0154537 0.0261535 0.0564145 0.0471268 0.000390145 
5.4197e-06 5.41096e-06 5.4089e-06 5.41926e-06 0.672086 5.41955e-06 0.263314 5.41916e-06 0.0411793 5.41776e-06 5.41557e-06 5.4187e-06 5.41815e-06 5.41094e-06 5.41346e-06 5.40498e-06 0.00488239 5.41942e-06 5.41876e-06 5.41827e-06 5.41343e-06 5.41895e-06 5.42006e-06 0.0184296 5.41391e-06 
0.0456576 1.00864e-05 1.10284e-06 0.0716244 0.471293 0.0251787 0.00481567 0.0384651 0.0400512 0.00454727 0.0312314 4.52524e-05 0.0131348 0.00011254 0.00901027 1.05077e-06 0.00394323 0.0116559 0.00530802 0.123731 0.000187433 0.0168227 0.0612438 0.0216213 0.000306634 
0.0326245 0.00146112 2.70425e-07 0.0265798 0.0146874 0.0907168 0.000135708 0.288495 0.00216716 0.0148709 2.70758e-07 0.000542102 0.00528258 2.70527e-07 2.70653e-07 2.70229e-07 0.037225 2.70951e-07 0.0136274 0.00208615 2.70652e-07 0.0306693 0.424956 0.0138716 2.70676e-07 
0.0457339 0.000227845 0.0134324 0.0187872 0.141364 0.0114241 0.0019854 0.0294082 0.00793284 0.0366874 0.0137803 0.000451333 0.00557672 2.7456e-06 0.0188101 1.44652e-06 0.0209149 0.00559293 0.0342081 0.00488779 7.62834e-06 0.0358695 0.105432 0.216237 0.231244 
0.0124412 0.00136757 0.00291704 0.0109826 0.18746 0.00979528 0.00277587 0.029542 0.0506137 0.0243862 0.00855343 0.000749657 0.000510465 1.57781e-05 0.00039792 5.40886e-06 0.0246188 0.00286358 0.0312586 0.0050666 0.000104946 0.0267386 0.0303091 0.536002 0.000522728 
2.23683e-05 2.23323e-05 2.23238e-05 2.23665e-05 0.382542 2.23677e-05 2.23608e-05 2.23661e-05 2.23598e-05 2.23603e-05 0.57445 2.23642e-05 2.23619e-05 2.23322e-05 2.23426e-05 2.23076e-05 2.23648e-05 2.23672e-05 2.23645e-05 2.23624e-05 2.23425e-05 2.23652e-05 2.23698e-05 0.0425158 2.23444e-05 
0.19958 9.83592e-05 0.00116245 0.256327 0.0746672 0.0477551 0.000508552 0.0173612 0.00177349 0.0122093 0.0168965 0.0110312 0.0388366 0.0010029 0.00149362 2.50117e-05 0.0436055 0.00499309 0.034443 0.0692998 0.00033244 0.0459595 0.102103 0.0177363 0.000798684 
0.0332279 0.00180904 0.000229295 0.0316473 0.117079 0.0170858 0.00854416 0.0271485 0.00856581 0.0241049 0.0832538 0.000974037 0.0120761 0.00148788 0.00302545 5.31285e-05 0.158447 0.0178065 0.033821 0.00498262 0.010104 0.0338579 0.0734346 0.295508 0.00172696 
9.08819e-07 9.07354e-07 9.07009e-07 0.00681651 0.0379008 9.08794e-07 0.00445262 0.0121779 0.0128104 9.08494e-07 0.0224317 9.08652e-07 0.073776 9.0735e-07 0.00217956 9.06351e-07 0.812358 0.00418127 9.08662e-07 0.00454381 0.00163489 9.08693e-07 9.08879e-07 0.00472604 9.07848e-07 
0.0343907 3.5539e-06 1.16297e-05 0.0102343 0.00552742 0.0304218 0.000737895 0.0153335 0.00518319 0.0138685 2.38621e-05 2.64531e-05 0.000908448 1.65025e-05 0.00973988 3.14035e-07 0.022089 4.49585e-05 0.00105886 0.0012455 1.37381e-06 0.0254154 0.0259302 0.797605 0.000181752 
0.0373361 1.76655e-06 1.76588e-06 1.76926e-06 0.231806 0.0249496 0.0104377 0.097663 1.76873e-06 0.0123831 1.76805e-06 0.0203461 0.00707736 1.76654e-06 0.0148477 1.7646e-06 1.76913e-06 0.00902526 0.0185773 1.76893e-06 1.76736e-06 1.76916e-06 0.0238902 0.48722 0.00442055 
0.116872 0.00489138 0.00015373 0.138298 0.0390584 0.128337 0.00265379 0.0942472 0.00216047 0.0127839 0.00182542 0.000767946 0.0182142 0.00134269 0.00260631 5.41929e-05 0.0433702 0.0236853 0.00496161 0.0966506 0.000693492 0.0163138 0.206809 0.0376431 0.00560749 
0.13628 0.00124961 0.000548268 0.0292842 0.0739428 0.0603373 0.0212378 0.114258 0.00126187 0.0813126 0.00433285 0.00338164 0.0226136 0.000129207 0.00149657 8.72244e-05 0.157447 0.0357037 0.0261262 0.0234795 0.000638568 0.0212813 0.160438 0.0194262 0.00370595 
0.117262 0.00280692 1.27481e-06 0.0504524 0.0514813 0.0298904 1.27692e-06 0.0498128 0.0107269 0.0236238 1.27638e-06 0.0106013 1.27699e-06 0.0295879 0.152469 1.27388e-06 1.27715e-06 0.026952 1.27713e-06 0.0664059 1.27587e-06 1.27717e-06 0.0585078 0.307285 0.0121232 
2.4757e-06 2.47171e-06 2.47077e-06 0.0475322 0.01461 0.577568 0.00371478 0.00792394 2.47476e-06 0.0272255 0.0299357 2.47525e-06 2.475e-06 2.4717e-06 0.145407 2.46898e-06 2.47532e-06 2.47558e-06 0.009161 2.47505e-06 0.00247532 2.47536e-06 2.47587e-06 0.134413 2.47306e-06 
0.0649699 7.15116e-05 0.00330313 0.023355 0.0400383 0.0321509 0.00016858 0.175383 0.00753707 0.0181961 0.214053 3.71953e-05 0.0396784 0.000380262 0.0436638 1.28695e-05 0.0426981 0.00603201 0.000663642 0.0882108 8.20331e-05 0.00533127 0.160316 0.0334816 0.000185472 
0.0343907 3.5539e-06 1.16297e-05 0.0102343 0.00552742 0.0304218 0.000737895 0.0153335 0.00518319 0.0138685 2.38621e-05 2.64531e-05 0.000908448 1.65025e-05 0.00973988 3.14035e-07 0.022089 4.49585e-05 0.00105886 0.0012455 1.37381e-06 0.0254154 0.0259302 0.797605 0.000181752 
0.367043 0.149868 7.25839e-06 0.0877384 0.00384417 0.0179882 0.000218493 0.00374568 0.000164621 0.166457 0.00344328 0.0428553 0.0141219 3.44919e-05 0.000211885 1.32386e-08 0.019261 0.000543476 0.00661313 0.00310916 0.000455562 0.0343427 0.0168802 0.0592872 0.00176539 
0.0776542 0.000191517 0.000220085 0.000221824 0.0589399 0.0121569 0.000836507 0.291561 0.0344349 0.00171925 6.05133e-05 5.07107e-05 0.000117857 8.01502e-06 5.15462e-05 2.26956e-06 0.0305195 3.595e-05 0.000876187 0.000581601 5.64794e-05 0.00299166 0.0472764 0.439334 0.000101467 
0.412925 0.000270536 8.59709e-05 0.0347028 0.0842547 0.0143346 0.0158955 0.0520766 0.0508644 0.0272905 0.00882048 0.000747773 0.0874468 0.00641952 0.000478682 2.85539e-05 0.0292289 0.00296822 0.0176561 0.0279317 0.000186996 0.0304256 0.0775961 0.0151903 0.00217343 
0.049789 0.000197659 2.09901e-05 4.26722e-06 0.0166463 0.000227432 0.00132785 0.00690222 0.0057205 0.0142485 0.00287716 0.00191696 0.00246206 0.000106391 0.0369358 1.04437e-07 0.0899831 0.000267022 0.00803232 0.0108541 0.150234 0.0100318 0.00869601 0.582455 6.24901e-05 
0.250286 0.000437335 1.65576e-05 0.0717163 0.0256776 0.00521261 9.47721e-05 0.00169164 0.000258419 0.428067 0.000804312 0.00359594 0.117105 1.43695e-05 1.33003e-05 3.67847e-06 0.0157149 0.000234389 0.00314916 0.0318313 9.10981e-05 0.0137572 0.00517963 0.0245953 0.000452187 
0.0987911 2.46458e-05 2.07808e-06 0.063481 0.0699227 0.0545083 0.000669964 0.166631 0.00452951 0.0121603 0.0012339 0.0146713 0.00144716 0.000556275 0.000664891 1.02424e-07 0.0539712 0.0126215 0.00323379 0.0101441 1.10673e-05 0.0102172 0.407416 0.0128441 0.000246544 
0.0631087 0.00257467 0.0394947 0.0263295 0.0883904 0.0192265 0.00741289 0.129385 0.0124521 0.0395043 0.00368827 0.0102629 0.00603291 0.00667141 0.00147696 2.08454e-05 0.0484907 0.024418 0.0237914 0.00927051 3.42617e-05 0.023506 0.156326 0.250597 0.0075342 
0.550389 0.000124591 0.00052741 0.0336451 0.0206487 0.0171553 0.002579 0.00584091 0.00285494 0.0123394 0.003483 0.012333 0.00747774 0.00124034 0.000607425 5.90077e-06 0.0211373 0.0194268 0.0139018 0.0101377 8.01967e-06 0.0264765 0.22362 0.013824 0.000216461 
0.0610333 0.000182612 4.73034e-08 0.053238 0.0203067 0.000752359 0.000272944 0.0421827 0.000810582 0.00135263 9.98893e-07 0.0008133 0.00665272 1.65303e-06 0.0127465 3.38956e-08 0.0339404 0.0289116 3.52087e-06 0.00125775 4.23236e-06 0.00824875 0.0516637 0.675499 0.000124327 
0.0178975 0.00144697 6.75538e-05 0.0267462 0.687773 0.00520243 0.000728771 0.0168046 0.0164349 0.0018097 0.0708766 8.59773e-07 0.00559786 6.10296e-05 0.0123338 3.33451e-08 0.00161939 0.0053886 0.000372979 0.0966323 1.80675e-06 0.0041073 0.0091821 0.0189079 5.72993e-06 
0.088741 0.360718 0.00153896 0.00195888 0.0883117 0.00314015 0.00267617 0.0165874 0.00179093 0.0525662 0.00179887 0.0280441 0.00279969 0.00128496 0.00808581 2.35511e-05 0.00820175 0.0015689 0.00401941 0.018203 0.000354334 0.0863031 0.00420064 0.216573 0.000509588 
9.32577e-05 9.31074e-05 9.30719e-05 9.32502e-05 9.32627e-05 9.32551e-05 9.32263e-05 9.32484e-05 9.32223e-05 9.32243e-05 9.31866e-05 9.32405e-05 9.32311e-05 9.3107e-05 0.0932436 9.30044e-05 9.32432e-05 9.32529e-05 9.32416e-05 9.32331e-05 9.31499e-05 9.32448e-05 0.261232 0.643474 9.31581e-05 
0.181361 0.000541332 6.43035e-06 0.0537043 0.0251991 0.000480379 0.000110771 0.0099607 0.00210395 0.0015359 0.0208805 0.000434132 0.0121214 2.30449e-05 0.026958 2.66979e-07 0.0017503 0.000445306 0.00260745 0.0192918 4.87319e-06 0.0042464 0.021568 0.613457 0.00120839 
0.127409 0.015592 5.93262e-06 0.0730474 0.0875816 0.0645547 0.00891973 0.0421242 0.00518038 0.0482468 0.00333862 0.00355584 0.0080447 0.0031626 0.260925 1.63013e-06 0.0336987 0.0126423 0.00571131 0.0562199 3.20221e-06 0.0413386 0.0389499 0.0577376 0.00200864 
0.0803505 8.34237e-06 0.000433389 0.0186704 0.094358 0.0603342 0.00406077 0.353229 0.00420584 0.0219961 0.00765363 0.00368595 0.0100555 0.00100533 0.0209612 6.31345e-06 0.0389577 0.0158777 0.0201829 0.00551554 0.00147683 0.0232483 0.178422 0.0351067 0.000198215 
0.284989 1.98749e-05 2.59565e-07 0.0640295 0.0377824 0.0310228 0.000597685 0.0102746 0.00567565 0.00700502 0.0420445 0.00220284 0.0877902 7.55622e-05 0.000482292 2.82931e-09 0.0119232 0.000184876 0.00755885 0.260568 1.65622e-07 0.0216798 0.103791 0.0202475 5.48015e-05 
0.12072 0.0002826 0.00146496 0.0169429 0.0265189 0.0716028 0.0209328 0.0106371 0.000454607 0.0203789 0.000653857 0.0253492 0.0117248 0.000569084 0.00392462 3.76965e-05 0.07854 0.00201974 0.392902 0.0129489 4.91617e-05 0.0433984 0.121087 0.0162793 0.000580918 
0.0305023 9.17156e-09 1.17951e-05 0.0365984 0.0791197 0.0329629 0.0297499 0.0659061 0.0132968 0.00389072 6.2624e-06 1.60118e-09 0.000132241 2.3001e-09 2.08746e-08 1.44304e-12 1.82369e-09 0.000804931 0.00117398 1.47148e-08 1.08138e-06 0.0464314 0.646254 0.0126304 0.00052716 
0.0118551 0.00158381 7.53548e-07 0.0271804 0.769742 7.55031e-07 7.54797e-07 0.0340502 0.050268 0.00256702 7.54476e-07 7.54913e-07 7.54837e-07 0.00527758 7.54182e-07 7.53001e-07 0.0096639 7.55013e-07 0.000453707 7.54853e-07 7.54179e-07 0.0865933 0.000227286 7.54936e-07 0.000528727 
0.0409072 0.0033264 4.77485e-05 0.0612274 0.0460854 0.152846 0.00874516 0.0401038 0.0070415 0.0084969 0.00401411 0.000987257 0.0403303 0.000123026 0.000969574 3.24814e-05 0.0633082 0.0105722 0.102251 0.0137681 6.38546e-05 0.118275 0.247888 0.0280505 0.000539761 
0.0332172 9.91027e-06 8.09765e-07 0.00149805 0.155265 0.00219569 0.00169114 0.0398175 0.309942 0.00856275 0.00142051 1.19445e-05 0.177803 2.32281e-05 7.1411e-06 1.08832e-07 0.0553819 0.161456 0.00543287 0.00123309 8.66162e-06 0.00205641 0.033175 0.00668246 0.0031071 
0.147851 2.72023e-05 2.3268e-05 0.0620613 0.0303381 0.0667515 0.00434035 0.0303371 0.00306016 0.0161239 0.00366959 0.0112801 0.0273805 0.000459138 0.000778599 1.28707e-05 0.128588 0.0083542 0.0375397 0.0209518 4.40566e-05 0.0323893 0.363164 0.00402176 0.000452546 
0.118785 5.46489e-06 0.00929223 0.096335 0.230462 0.00602638 5.47187e-06 0.221668 0.161418 5.47175e-06 0.0563417 5.4727e-06 5.47215e-06 5.46487e-06 5.46741e-06 5.45884e-06 5.47286e-06 5.47343e-06 5.47277e-06 0.0788063 5.46739e-06 5.47295e-06 5.47407e-06 5.47288e-06 0.0207834 
0.0384054 1.53313e-05 1.53254e-05 1.53548e-05 0.466864 1.53556e-05 1.53508e-05 1.53545e-05 0.0138305 1.53505e-05 1.53443e-05 1.53532e-05 1.53516e-05 1.53312e-05 0.0138199 1.53143e-05 1.53536e-05 1.53552e-05 1.53534e-05 1.5352e-05 1.53383e-05 1.53539e-05 0.0291937 0.437595 1.53396e-05 
0.173069 3.24877e-05 0.0103451 0.0238525 0.0215606 0.0254887 0.0010398 0.0165842 0.00396915 0.00211579 0.400562 4.44799e-06 0.0673951 0.000770535 7.6551e-05 1.09053e-06 0.00876722 7.05571e-05 0.0017074 0.130576 1.20322e-06 0.05272 0.0531792 0.00451418 0.00159731 
0.284993 9.77384e-06 6.12296e-06 0.438258 0.0140002 0.0133504 0.02618 0.0138824 0.0034918 0.00477455 0.0431776 8.6612e-06 0.0166144 0.0102389 0.00310183 2.84866e-07 0.0148122 0.000213439 0.00208788 0.0456353 6.90225e-07 0.0111492 0.0499161 0.00168528 0.00241244 
0.832996 0.000129972 5.34157e-07 0.000497255 0.000817042 7.27452e-09 7.21924e-05 0.00129257 1.67958e-06 0.00537618 0.0310309 9.15443e-05 0.0568815 3.59267e-05 2.84527e-09 1.51903e-09 0.0293612 0.000308929 0.00455142 0.0040059 6.50267e-06 0.00967884 0.0191121 0.00374948 2.0209e-06 
0.0638848 0.00346876 0.000371962 0.0183209 0.0104018 0.176417 0.00735778 0.0384294 0.00105889 0.00673605 0.000487317 0.00545922 0.0113595 0.00078806 0.00277707 1.16023e-05 0.0565118 0.00749212 0.0146197 0.0172737 2.64056e-05 0.109635 0.414343 0.0322414 0.00052643 
0.0118788 0.000877015 0.00652921 0.0379806 0.0413757 0.00630851 0.00178764 0.0321738 0.0163684 0.00578145 0.644251 0.000105088 0.00962377 0.00315095 0.00181764 2.08693e-06 0.0361398 0.00275945 0.00238293 0.0298125 0.0115076 0.00397953 0.0194798 0.0738967 2.99671e-05 
0.0264836 0.000827534 0.000513068 0.0206567 0.517057 0.0214766 0.0365466 0.0567093 0.015456 0.00788229 0.0197757 0.000627797 0.0115434 0.00310732 0.00547785 0.000275477 0.0152434 0.0627357 0.014677 0.012608 0.000377813 0.029185 0.0587327 0.0509032 0.011121 
0.0346307 0.0363331 0.00518568 0.0342946 0.0888869 0.00742372 0.00436735 0.039033 0.000587869 0.0289843 0.0244589 0.000184171 0.00691669 3.65249e-05 0.00967684 1.01196e-05 0.0340077 0.0130449 0.00623362 0.037497 0.0245672 0.0047558 0.107995 0.449186 0.00170199 
0.0393885 3.78309e-05 5.99393e-07 0.0699988 0.00972629 0.132375 1.23031e-05 0.0787838 5.7359e-05 0.19823 0.00290552 0.000695765 0.00268823 1.67443e-06 0.00473805 6.17768e-09 0.196479 0.000226289 0.00418471 0.168564 1.51121e-06 0.00689322 0.0513313 0.0326803 1.07186e-06 
0.0197937 0.489256 0.00265145 0.0021394 0.00680599 0.00211387 0.00072439 0.0177903 3.10298e-05 0.2639 0.00631382 0.000729281 0.00633467 0.000146522 0.00043882 1.24137e-06 0.038762 0.00104567 0.0761508 0.0117213 0.0265047 0.00120947 0.00525552 0.0201524 2.70324e-05 
0.0239007 0.000456052 0.000257101 0.0224222 0.0118179 0.0183727 0.00317585 0.00305686 0.0177332 0.0337061 0.000617652 0.108186 9.41062e-05 0.000764573 0.000858262 2.88072e-05 0.548202 0.000764625 0.0539222 0.0122618 0.00805349 0.0526002 0.0342403 0.0389316 0.00557563 
0.100285 7.41304e-08 5.08474e-07 0.171868 0.0228261 0.0173289 1.41003e-07 0.234314 0.00393905 0.000932798 0.0436529 8.90134e-07 0.016026 1.14007e-07 0.0124678 2.5016e-11 0.000286334 0.000513212 0.000340605 0.0447494 4.12006e-09 0.0178239 0.279583 0.0253861 0.0076747 
0.0479315 0.000852287 0.00131631 0.0341454 0.00705986 0.00390355 0.000277166 0.153358 0.00161693 0.0156797 0.00872206 0.000480931 0.0802605 2.97477e-05 0.299211 1.15581e-05 0.00524844 0.00517382 0.0111548 0.00643589 0.000830664 0.016781 0.0513847 0.244045 0.00408999 
0.0108488 0.000620497 0.00010114 0.000368768 0.0500668 0.0008307 0.00050436 0.00498928 0.000532322 0.0129318 0.000201956 0.00250486 0.00113143 2.38294e-05 0.000900735 1.75944e-06 0.0168055 0.00595691 0.000764847 0.000523483 0.0049336 0.0329205 0.0344048 0.8137 0.00343102 
0.0168272 6.02131e-07 6.01902e-07 0.0396816 0.286973 0.0759292 0.05185 0.224152 0.0675222 0.010732 0.00313434 6.02992e-07 0.0212238 6.02129e-07 6.02409e-07 6.01465e-07 0.0227943 0.0123636 0.0103722 6.02944e-07 0.000301805 0.049207 0.0867326 0.0170658 0.00313338 
0.00724912 0.000564914 0.000101863 0.00135917 0.00397722 0.0010429 0.000197484 0.0171872 7.24585e-05 0.0014022 0.000214994 0.000844784 0.000104793 3.94516e-05 9.73532e-05 2.21919e-06 0.00635049 4.06628e-06 0.00136135 0.00293642 0.00262844 0.00173082 0.00521604 0.945303 1.1322e-05 
0.0092726 0.000263826 0.0258039 0.00302685 0.19688 0.0421329 0.018646 0.0414695 0.00242058 0.00230743 0.461289 0.000371758 0.0100745 0.000628221 0.00257877 5.41072e-05 0.0496461 0.00412812 0.0122214 0.0276721 0.00127091 0.0562365 0.027028 0.00432186 0.000255013 
0.081697 0.000442765 0.000471819 0.372557 0.0339803 0.0520249 0.00286454 0.024208 0.050959 0.00393916 0.0108724 6.28425e-05 0.0110408 0.000149516 0.00697374 3.47657e-05 0.0109001 0.00350611 0.0105562 0.147838 0.00010004 0.0429525 0.117969 0.0115027 0.00239654 
0.0326245 0.00146112 2.70425e-07 0.0265798 0.0146874 0.0907168 0.000135708 0.288495 0.00216716 0.0148709 2.70758e-07 0.000542102 0.00528258 2.70527e-07 2.70653e-07 2.70229e-07 0.037225 2.70951e-07 0.0136274 0.00208615 2.70652e-07 0.0306693 0.424956 0.0138716 2.70676e-07 
0.00264201 0.0103676 1.45103e-05 0.0163872 0.128337 0.0429561 0.00111111 0.00804565 0.00408081 0.0697117 0.0449048 0.00296109 0.0039901 0.000255253 0.0206092 6.32683e-06 0.000795366 0.0226691 0.00260123 0.00107771 0.000188762 0.0199686 0.114557 0.480726 0.0010354 
0.0315197 0.0148846 5.40491e-05 0.00518249 0.100072 0.0019838 0.0015279 0.0216256 0.000405852 0.0133283 0.181514 0.000321079 0.00988836 1.56456e-05 0.00125264 1.07194e-05 0.147219 0.00150047 0.00426187 0.0234852 0.0446854 0.0164307 0.0369165 0.341862 5.2403e-05 
0.0619752 0.00820118 9.3149e-07 9.33275e-07 9.334e-07 9.33324e-07 0.00597236 0.0231457 9.32995e-07 0.0873311 9.32638e-07 0.0185711 9.33083e-07 9.31841e-07 9.32275e-07 9.30814e-07 0.279122 9.42635e-05 0.00438692 9.33103e-07 0.048945 0.00466704 0.10697 0.350607 9.32353e-07 
0.0272058 0.0163526 9.35628e-05 0.0745721 0.0987081 0.014337 0.00370496 0.0106382 0.0193895 0.014502 0.000521913 0.000189398 0.00160047 7.61699e-05 0.00492867 5.8132e-05 0.00256317 0.012763 0.00437478 0.00646394 0.000115371 0.0133333 0.12955 0.457857 0.0861008 
0.125758 0.117541 2.73063e-05 0.0102341 0.10307 0.004805 0.000742519 0.00125801 0.000948258 0.162887 0.00810658 0.0535199 0.00565303 0.000359179 0.000435523 1.52222e-07 0.022335 0.00093385 0.0260332 0.0240442 0.0439066 0.110732 0.0302986 0.146365 5.62142e-06 
0.00168194 1.82024e-05 2.86669e-08 0.00943131 0.733565 0.00932001 0.0203066 0.0168957 0.155388 8.18344e-06 0.00704111 1.02829e-06 0.0018905 3.2113e-08 7.33515e-08 8.77679e-11 0.000950288 0.0231802 0.00213817 0.00777413 2.4474e-08 0.00802847 0.00235729 1.16081e-05 1.18137e-05 
9.74583e-07 9.73013e-07 9.82369e-05 0.018614 0.166956 0.0356698 0.0574821 0.189636 0.139605 9.74235e-07 0.0113949 9.74404e-07 9.74306e-07 0.00107128 0.00652315 9.71936e-07 9.74432e-07 9.74534e-07 0.00652955 0.00954937 9.73457e-07 0.0307936 0.0919103 0.232112 0.00204541 
0.611888 0.000475167 2.82029e-05 0.0217296 0.0138916 0.0171629 0.000279913 0.00481977 0.0528184 0.00110856 0.0142247 5.1835e-05 0.0743325 0.000383669 5.003e-06 2.11712e-08 0.0348973 0.00165437 0.0768318 0.012987 4.88257e-06 0.0115885 0.0465088 0.00222043 0.00010718 
0.281704 3.68481e-05 9.05719e-06 0.0621329 0.0158291 0.00477135 4.19243e-05 0.0551045 0.000686327 0.00391698 0.015829 1.91488e-05 0.106582 0.0031263 5.51648e-05 3.61801e-09 0.0100298 0.000387794 0.00254761 0.396174 3.1746e-06 0.00745232 0.0323268 0.000856292 0.00037708 
0.0499121 0.00203699 7.01359e-05 0.152345 0.0651624 0.0838319 0.008849 0.0363661 0.0175331 0.0169573 0.00555955 0.000195968 0.0030949 0.000304906 0.00318142 1.38818e-05 0.0328783 0.00964671 0.0136849 0.0185788 2.47092e-05 0.113803 0.342259 0.0228448 0.00086576 
0.0126316 4.22094e-05 0.000606924 0.110917 0.0201131 0.00345852 0.00320934 0.0485021 0.0167416 0.00036296 0.00346581 1.70284e-06 0.00134141 2.35637e-05 0.0806555 1.61104e-06 0.00043789 0.00266175 0.00215178 0.00641952 3.19486e-06 0.00159423 0.0608855 0.622921 0.000849508 
0.0293823 0.0103911 2.44832e-05 0.0232947 0.0112324 0.000530319 0.000229247 0.00218397 0.00137977 0.00216252 1.71096e-05 0.000120436 4.08852e-05 1.74297e-05 0.0126547 5.28044e-06 9.93652e-06 0.000565748 0.00338261 0.0300627 0.00747813 0.000749435 0.00932609 0.837482 0.0172763 
0.11035 9.89858e-07 9.89481e-07 0.0399535 0.164493 0.013187 0.023788 0.077525 0.0401396 9.91102e-07 0.0214002 0.00178529 9.91174e-07 0.00316853 0.00861674 9.88763e-07 0.0554147 0.0292475 0.0276579 0.0462897 9.9031e-07 0.0574975 0.135047 0.142551 0.00188275 
0.027442 6.91929e-07 2.32935e-06 0.0021402 0.327879 0.0491938 0.00103697 0.287368 0.006208 0.0101701 0.0216417 3.86888e-07 0.025357 7.31877e-06 0.0209378 5.20837e-09 0.000937712 0.00304797 0.00803658 0.00521383 2.98623e-07 0.00163007 0.0160153 0.185733 2.673e-07 
0.0105696 0.000839319 3.54385e-05 0.0014223 0.033255 0.00355025 0.00305482 0.0385247 0.0213805 0.00628575 0.0211321 0.000638694 0.0114698 2.97467e-05 0.00173191 9.333e-06 0.390624 0.00175044 0.000380378 0.00298534 0.0349937 0.012328 0.0131578 0.389811 3.96135e-05 
0.0190531 2.32545e-05 3.50027e-05 0.00108912 0.117747 0.000606083 0.00639517 0.211071 0.00126161 0.000953155 0.0589899 8.66869e-05 0.00488315 0.000315002 0.0186354 4.96789e-06 0.0194533 0.0206939 0.00176383 0.00192276 0.000133891 0.00744758 0.083872 0.423351 0.000211528 
0.053271 0.000345142 0.000159127 0.0705819 0.0962393 0.0309955 0.002634 0.084142 0.00119947 0.0177774 0.00446397 0.000131982 0.29899 0.0176548 0.000391139 1.06731e-05 0.0230846 0.00139562 0.0323805 0.0357571 0.00010976 0.176303 0.0145457 0.0372567 0.000179771 
0.0161976 0.000325377 5.86808e-05 0.00137109 0.000200775 0.04119 3.39839e-05 0.00797298 2.13549e-05 0.00118684 0.00253474 0.00112483 0.0538551 9.24657e-06 2.33109e-05 6.35415e-07 0.733306 2.23463e-05 0.0118802 0.015737 0.000131715 0.0487388 0.0635071 0.000561986 8.27521e-06 
0.0635736 0.00103481 3.40144e-05 0.00575224 0.0113134 0.0189139 0.0010613 0.0186709 0.00176415 0.00182048 0.00342882 0.00015453 0.000682158 3.55332e-06 0.00947274 3.35245e-06 0.258407 0.0001513 0.00848754 0.00521503 0.000350048 0.00985805 0.138998 0.440599 0.000249229 
0.140457 0.000806929 0.000266953 0.286179 0.0316837 0.0336095 0.00228291 0.0280326 0.0135136 0.00997082 0.0072388 0.00989547 0.00697828 0.000886526 0.0683341 1.94838e-05 0.045758 0.0194643 0.0261976 0.0274251 0.00950751 0.0787123 0.099935 0.0514601 0.00138481 
0.040812 0.000240306 1.86051e-05 0.00165603 0.385457 0.0404235 0.108023 0.000415952 0.0119492 0.0048001 0.000894639 1.66104e-07 1.47626e-05 0.00158414 4.4778e-05 1.37216e-07 0.00355717 0.0138657 0.000399625 0.00355506 0.000147098 0.00464992 0.0741009 0.303031 0.000359404 
