0.00464651 6.48317e-05 2.77748e-06 0.165261 0.46964 0.000168536 0.0179078 0.0249726 0.0368807 0.00147597 0.00663388 0.000333428 0.0164531 2.12063e-05 0.000304282 2.51757e-07 0.000121016 0.00748238 0.00271015 0.00310362 3.79836e-06 0.0672378 0.0389067 0.00309206 0.132575 
0.0127425 6.15161e-05 4.53951e-07 0.0585705 0.0262146 0.0508091 0.000336256 0.00999975 0.00846479 0.0044616 0.0016757 1.10654e-05 0.00836414 6.49237e-07 0.000380298 3.92762e-08 0.0119093 0.000483146 0.00821087 0.00546775 9.67519e-05 0.0100097 0.778184 0.00241179 0.00113333 
0.22359 0.00103886 0.000544473 0.0739636 0.0433749 0.0653707 0.00315214 0.0518482 0.0103068 0.0152327 0.00821708 0.00289246 0.0490907 0.000402859 0.00146142 3.13753e-05 0.0275249 0.0114025 0.0298173 0.0268748 0.000170567 0.131312 0.206702 0.0150643 0.00061318 
0.273944 0.000695949 3.68585e-06 0.0289664 0.0329099 0.0154 0.00211834 0.0865322 0.00493548 0.00260575 0.00354028 2.98037e-05 0.0785017 5.67686e-05 0.00044394 9.60599e-08 0.136134 0.00698824 0.00962516 0.00915308 0.000478434 0.14819 0.0798714 0.0788375 3.79324e-05 
0.426381 0.000245824 0.000108884 0.0208301 0.014219 0.00523662 0.00105365 0.00941393 0.027633 0.0436526 0.00297411 0.000380707 0.00693837 0.000174059 0.00090174 1.72021e-05 0.0434248 0.00932349 0.00599991 0.00481342 0.000699105 0.00514687 0.240253 0.129693 0.000485089 
0.0235796 3.88469e-07 3.88321e-07 0.00719809 0.00548694 3.89085e-07 3.88965e-07 3.89057e-07 3.88948e-07 0.0204595 0.00338295 0.00871455 3.88985e-07 3.88467e-07 3.88648e-07 3.88039e-07 0.0482797 3.89076e-07 0.00552461 0.0494413 0.756072 0.0368816 3.89122e-07 0.0343523 0.000622278 
0.1901 0.000647817 6.19914e-07 0.0129881 0.151028 0.0233664 0.00207932 0.0284978 0.00129723 0.118086 0.0219775 3.29803e-06 0.0124493 0.00234465 0.000483714 2.6007e-07 0.00673161 0.0343192 0.00254307 0.0977955 1.11607e-05 0.118866 0.16419 0.00919773 0.000994865 
0.0475961 0.0208697 6.31744e-05 0.0406862 0.113444 0.217251 0.00172366 0.0582185 0.00155041 0.00827172 0.0361024 3.85561e-05 0.0108796 0.0233987 0.00391353 1.63088e-05 0.0159607 0.0241007 0.0148806 0.0160471 2.29423e-05 0.0400706 0.294966 0.00953043 0.000397941 
0.0482542 0.000620205 5.36784e-06 0.0868701 0.00739013 0.501275 2.56949e-05 0.013776 0.00440697 0.0086496 0.00268192 1.50725e-05 0.0143508 0.00498162 5.13402e-06 4.42576e-06 0.00784174 0.0042511 0.0386909 0.0390368 4.54816e-06 0.0973001 0.119502 4.80277e-05 1.26435e-05 
0.73817 0.000124506 2.08712e-06 0.020933 0.00119635 0.000760483 0.000745975 0.0021427 0.00198633 0.000853123 0.0172377 2.14643e-05 0.0220737 0.000626282 2.39979e-07 1.16335e-11 0.0490455 1.86363e-05 0.0130533 0.030072 3.77344e-07 0.0366298 0.0614367 0.00270482 0.000165216 
0.0470157 0.000135322 0.000407327 0.0586446 0.0350566 0.0373649 0.000346217 0.0163161 0.021658 0.00212571 0.010582 0.00333435 0.0128153 0.00076941 4.50552e-05 3.06729e-05 0.059117 0.0433399 0.0350535 0.0252893 3.45651e-05 0.459268 0.127553 0.00332749 0.000369788 
0.169734 6.78417e-05 5.36837e-05 0.0331222 0.0301948 0.0530385 0.0107051 0.0438609 0.0275865 0.41198 0.00235688 8.93813e-05 0.000369231 2.87515e-05 4.04955e-05 2.09415e-07 0.000637054 0.000149862 0.00609323 0.0869107 9.02154e-06 0.0110675 0.0487318 0.0631387 3.32738e-05 
0.181361 0.000541332 6.43035e-06 0.0537043 0.0251991 0.000480379 0.000110771 0.0099607 0.00210395 0.0015359 0.0208805 0.000434132 0.0121214 2.30449e-05 0.026958 2.66979e-07 0.0017503 0.000445306 0.00260745 0.0192918 4.87319e-06 0.0042464 0.021568 0.613457 0.00120839 
0.0159351 0.0359862 9.79383e-05 0.0365919 0.0701718 0.0088139 0.0719231 0.144943 0.0104782 0.102963 0.000208208 0.000243375 0.00348255 6.79321e-06 0.0448836 1.12254e-09 0.00991619 0.0204301 0.00109899 0.0102316 0.00055763 0.00354143 0.247383 0.158368 0.00174377 
0.153175 0.000891362 0.0179395 0.0404323 0.0741117 0.0328905 0.0015436 0.00740409 0.00363847 0.0322476 0.00936732 0.000921244 0.00344554 0.00347202 0.000218414 1.08537e-05 0.0483479 0.015249 0.0171619 0.464622 0.00386142 0.00888931 0.0428051 0.0172189 0.00013558 
0.0219026 0.000793043 0.082721 0.00157798 0.0141085 0.00136319 0.00249891 0.0349203 0.0465205 0.00818452 0.00568316 0.00258415 0.0569087 0.000211016 0.00719564 1.11021e-05 0.0767306 0.000177119 0.0027717 0.005945 0.263157 0.00954862 0.0642415 0.290144 0.00010013 
0.0310349 0.0724454 0.0035426 0.162329 0.120117 0.0357885 0.0003376 0.0138001 0.168955 0.147575 0.00431135 0.0170384 0.00146436 9.29625e-05 0.00554722 4.19126e-09 0.00291777 8.97194e-08 0.000388551 0.0897647 7.6189e-08 0.00975393 0.0099247 0.10287 9.22524e-07 
0.0176133 0.0108098 0.000194662 0.00861777 0.519606 0.0242626 0.114272 0.0352595 0.0153606 0.00460101 0.102861 0.000651731 0.0089117 0.000389737 0.000466796 3.07938e-05 0.0105197 0.0479169 0.00984273 0.00306545 0.000345752 0.0154396 0.0344811 0.0123768 0.00210327 
0.134864 0.000135917 0.00322978 0.0644598 0.0622338 0.0244338 0.00479021 0.177984 0.00110759 0.00272635 0.0272253 0.000105653 0.222126 9.69327e-06 2.3247e-05 1.04155e-08 0.00616516 0.0338131 0.000541844 0.0421678 2.42411e-08 0.0171998 0.16425 0.0103972 1.03737e-05 
0.0213672 0.00652209 8.01795e-05 0.0249066 0.572343 0.045715 0.0682593 0.0325364 0.0298244 0.0104067 0.00564979 0.000135835 0.00294848 0.00101664 0.0253 1.45443e-05 0.0101492 0.0265666 0.0117095 0.00699928 2.42118e-05 0.0219745 0.0394375 0.033785 0.00232819 
1.11722e-05 1.11542e-05 1.115e-05 0.032408 0.174308 1.11719e-05 1.11685e-05 1.11711e-05 0.0156463 1.11682e-05 0.0569459 1.11702e-05 0.0413367 1.11542e-05 0.0524602 1.11419e-05 0.0156498 1.11717e-05 1.11703e-05 1.11693e-05 1.11593e-05 1.11707e-05 0.0726358 0.538431 1.11603e-05 
0.528619 0.00034464 3.34026e-05 0.00840485 0.0285423 0.0162332 0.000629702 0.00437776 0.00111959 0.0341871 0.0123476 0.00533264 0.0145435 0.000577179 0.0017733 2.45563e-05 0.0315317 0.0671533 0.0473418 0.0130468 8.78005e-05 0.00193924 0.167259 0.0129947 0.00155518 
0.0195543 6.4174e-05 9.00952e-05 0.0225974 0.0714488 0.129024 4.99257e-05 0.109904 0.0721843 0.0149283 0.27239 1.38853e-05 0.0959623 7.46283e-07 0.00125318 2.46635e-07 0.0392976 0.00594424 0.00038889 0.0294657 3.60751e-07 0.0952093 0.0094871 0.0107412 2.92198e-07 
0.0374166 0.00392769 3.31041e-05 0.0337378 0.0648485 0.0426897 0.00280221 0.260587 0.00441958 0.00356211 0.0022422 5.37891e-05 0.0314614 0.000205014 0.00624354 1.33363e-05 0.0658421 0.0147916 0.0151022 0.0108129 0.000291555 0.0715478 0.276269 0.0507303 0.000369072 
0.0400234 0.0399589 0.0399437 0.0400202 0.0400256 0.0400223 0.04001 0.0400194 0.0400082 0.0400091 0.0399929 0.0400161 0.040012 0.0399588 0.0399773 0.0399147 0.0400172 0.0400214 0.0400165 0.0400129 0.0399772 0.0400179 0.0400261 0.0400173 0.0399807 
0.0180891 0.00179887 0.0128722 0.00678491 0.0912651 0.0793595 0.0188573 0.145083 0.00923939 0.273241 0.00399827 0.0017583 0.0157699 4.81553e-05 0.0080923 1.58457e-05 0.0354241 0.00244446 0.00979022 0.0200894 0.0421383 0.0299782 0.0895107 0.0840039 0.000347496 
0.00198063 0.0110331 3.36353e-05 0.0250642 0.0737755 0.0749989 0.00549917 0.0118618 0.30158 0.0109728 0.00108086 3.32088e-05 0.00790166 2.06158e-05 0.000333909 1.02471e-05 0.00249641 0.00720586 0.0110722 0.00214999 0.000341326 0.0914319 0.337729 0.0211802 0.000212574 
0.24964 0.120934 7.49709e-05 0.0162279 0.0272417 0.00960097 0.000749943 0.0232645 0.00107101 0.132608 0.00250555 0.0211402 0.0102711 1.51178e-05 0.00672433 6.2895e-06 0.0111551 0.0245312 0.0139791 0.00737075 0.000483901 0.00861899 0.0723454 0.171713 0.0677273 
0.0197937 0.489256 0.00265145 0.0021394 0.00680599 0.00211387 0.00072439 0.0177903 3.10298e-05 0.2639 0.00631382 0.000729281 0.00633467 0.000146522 0.00043882 1.24137e-06 0.038762 0.00104567 0.0761508 0.0117213 0.0265047 0.00120947 0.00525552 0.0201524 2.70324e-05 
0.000424461 0.000134153 2.28503e-05 0.129029 0.000298288 0.000114789 5.60925e-05 0.000129523 0.000107853 0.430449 0.000747698 3.82947e-05 0.000189047 0.000104236 0.0315259 7.23054e-06 0.00907368 0.00148718 0.228687 0.0430754 2.90455e-05 0.000116715 4.79886e-05 0.1239 0.000204618 
0.0277822 2.78776e-05 0.000130125 0.0147918 0.0210197 0.00178477 0.000171686 0.0416326 6.72887e-05 0.0163416 0.0317133 1.29305e-05 0.0361892 7.83027e-05 0.00637171 3.13181e-07 0.00454918 0.000101307 0.0022576 0.0135948 4.40478e-06 0.00872526 0.126526 0.642634 0.0034918 
0.105611 0.000547821 0.0159257 0.00446044 0.0214285 0.00982347 0.00195252 0.0113182 0.000316429 0.0137272 0.0868794 0.00103356 0.00945532 3.71134e-05 3.54693e-05 2.5119e-05 0.102233 4.9944e-05 0.00554348 0.00642441 0.44273 0.0306214 0.0529522 0.0768336 3.50006e-05 
0.104911 0.00179868 0.00179141 0.0588792 0.0376484 0.104103 0.00420232 0.0427932 0.00558172 0.025872 0.00781873 0.00352978 0.0409219 0.00204298 0.00347831 0.000192517 0.0621282 0.00801934 0.0421444 0.164948 0.00882351 0.0632659 0.177435 0.0259541 0.00171664 
0.0738971 4.93034e-06 3.96818e-06 0.00848975 0.412918 0.101341 0.0320313 0.0436052 0.0678809 0.000133653 0.00652756 0.00339215 0.00660154 0.00168335 0.00063443 2.17304e-06 0.0297595 0.063358 0.0162825 0.00124529 3.21616e-06 0.0502583 0.0630837 0.0166254 0.000236629 
0.0584659 0.000278961 0.000368197 0.000641374 0.0535691 0.0452287 0.0334548 0.0503796 0.218709 0.00934445 0.296855 3.58519e-06 0.139645 8.71717e-06 0.000256514 7.78667e-07 0.00522972 0.00372221 0.000382303 0.000374629 9.64111e-06 0.033657 0.000509228 0.0488308 7.48753e-05 
0.157444 0.00207365 1.47956e-06 0.0662643 1.48259e-06 0.10244 1.48201e-06 0.0265357 1.48195e-06 0.205404 0.0200001 1.48224e-06 1.48209e-06 1.48011e-06 0.00281501 1.47848e-06 0.0373549 1.48243e-06 1.48225e-06 1.48212e-06 1.4808e-06 0.0423953 0.143518 0.193736 1.48093e-06 
0.16987 9.18128e-05 0.00282571 0.0271728 0.0283676 0.0384766 0.00101695 0.0214383 0.0169643 0.00372938 0.0663872 0.000243927 0.0596783 0.000253456 0.00306664 4.08411e-05 0.295754 0.000817182 0.0679471 0.0433109 4.64631e-05 0.0281823 0.108731 0.0154306 0.000157041 
0.0785074 9.80097e-05 4.38844e-05 0.0876811 0.0339419 0.0223871 0.00255707 0.0167416 0.00538191 0.0483384 0.016449 0.00151638 0.242935 0.00039928 0.00197746 1.55776e-05 0.0720079 0.0241472 0.0326968 0.0302796 0.00745097 0.060524 0.0535642 0.0914166 0.0689417 
0.234614 0.0951078 0.000155481 0.0153866 0.0303459 0.00778534 0.000462962 0.0127974 0.000274937 0.116624 0.00710574 0.0189842 0.0326028 2.77363e-05 0.00114199 1.97112e-05 0.0359241 0.0068815 0.00394151 0.00930237 0.00332883 0.00525903 0.0569922 0.304466 0.000467434 
0.602054 0.000146715 3.80397e-05 0.156946 0.00887037 0.0158062 0.000172578 0.0049038 0.00436474 0.0243703 0.00103144 0.00147051 0.00237107 6.28671e-05 0.00272083 1.75456e-06 0.012249 0.0017805 0.00413401 0.0211923 3.24371e-06 0.0105539 0.090612 0.0335085 0.000635925 
0.138073 9.8661e-05 0.00169239 0.00150121 0.00442894 0.02926 0.000539312 0.0109898 6.17277e-05 0.00581732 0.00235951 0.00224357 0.00860581 0.0022609 0.000171219 9.77755e-06 0.594818 7.60347e-05 0.0323177 0.0362226 0.0118018 0.0428993 0.0418919 0.0318064 5.29684e-05 
0.0661686 0.000434602 1.07929e-05 0.00779526 0.00484459 0.0214288 0.000178509 0.00259978 0.000444198 0.00213014 0.00039648 5.30957e-05 0.26336 3.40224e-06 6.02955e-06 1.78116e-06 0.0207748 0.0307061 0.000821767 0.00423941 3.80195e-06 0.552352 0.0208609 0.000370566 1.51484e-05 
0.286455 0.00905859 0.000118559 0.0207348 0.0107001 0.0589268 0.00496594 0.00768459 0.00161337 0.00521669 0.00195393 0.000224653 0.0238792 5.00404e-05 0.000170648 1.21824e-05 0.157429 0.0434588 0.00615373 0.0117564 0.000862696 0.103603 0.231661 0.0132032 0.000107246 
0.015932 6.90262e-05 5.68414e-05 0.00357947 0.0356168 0.0116449 0.119614 0.0127017 0.00319221 0.00454553 0.00245354 0.000103833 0.00335088 5.01763e-05 0.000314008 3.34766e-05 0.144868 0.0703896 0.03323 0.000691551 3.58833e-05 0.00238774 0.166127 0.327751 0.0412609 
0.173909 0.000157712 2.24744e-06 0.051713 0.0173899 0.0412532 0.00069726 0.131295 0.00895598 0.0227384 0.00446006 0.00956515 0.240605 0.00148693 0.000761289 1.00872e-09 0.0103415 6.17832e-06 0.00647053 0.0395882 1.11238e-07 0.0288227 0.102405 0.107366 1.02605e-05 
0.067905 1.07565e-05 4.26329e-07 0.00558685 0.025614 0.00288854 0.000856595 0.000756456 0.000364189 0.364385 0.00529091 0.411418 0.00329562 4.06774e-05 0.00109103 3.55246e-07 0.00740825 0.0117672 0.00912437 0.0241403 4.43981e-06 0.000281061 0.0551346 0.00241868 0.000216384 
0.222299 6.5572e-05 7.28301e-06 0.0798752 0.00812955 0.008402 0.000601385 0.00836175 0.0520975 0.178333 0.000310971 0.290324 4.71999e-05 0.00119199 0.00232146 3.1756e-07 7.35242e-05 0.00198377 0.0176766 0.0166814 5.75033e-07 0.0447621 0.0373516 0.0289665 0.000135805 
0.00712238 7.2222e-05 4.95491e-07 0.0138622 0.0158279 0.00155446 0.000127941 0.00317821 0.00702371 0.0139266 0.00197718 0.00194369 0.00387105 7.31374e-06 0.0136635 3.93305e-10 0.00161277 0.0185258 0.0157478 0.00964917 0.000698142 0.0009194 0.0173882 0.0255867 0.825713 
1.53089e-05 1.52842e-05 1.52784e-05 0.319946 0.0306347 0.133199 1.53037e-05 0.211257 1.53031e-05 1.53034e-05 0.0229611 1.53061e-05 1.53045e-05 1.52841e-05 1.52912e-05 1.52673e-05 1.53065e-05 1.53081e-05 1.53062e-05 1.53048e-05 0.00460264 1.53068e-05 0.277125 1.53065e-05 1.52925e-05 
0.132775 0.000112849 4.88798e-05 0.0166327 0.0327115 0.0365897 0.00356395 0.0282524 0.00599083 0.0100834 0.0148301 0.000750154 0.00477652 0.000552073 0.000712311 6.99768e-06 0.179639 0.0235042 0.0307243 0.0051482 6.06757e-05 0.0289839 0.387631 0.0544801 0.00143965 
0.369166 3.73364e-05 0.000117031 0.0776423 0.00781184 0.0931867 0.00373172 0.0257318 0.00168507 0.0203576 0.00824042 0.0196607 0.131252 0.000655751 3.11602e-05 1.4321e-05 0.0205792 0.00185465 0.0486855 0.0196571 0.000785757 0.029487 0.11444 0.00507492 0.000114224 
0.0785986 0.000320798 8.91825e-05 0.118176 0.0535234 0.0941797 0.0108159 0.0465024 0.00695413 0.0112288 0.00845384 0.000857855 0.105184 0.002463 0.0132917 2.34042e-05 0.0193594 0.0123185 0.0271655 0.0545306 2.60778e-05 0.0634822 0.230223 0.0383942 0.00383782 
0.0212552 0.00299952 9.85892e-05 0.00684595 0.462558 0.059508 0.0543205 0.0124449 0.0757589 0.0347679 0.000457541 0.000181842 0.0035668 0.000733676 0.0125004 3.02626e-05 0.00410282 0.0592063 0.00384537 0.00218025 9.22827e-05 0.0130181 0.0983596 0.0706445 0.000522289 
0.106326 0.000462441 3.83547e-05 0.0420495 0.0483153 0.0893988 0.00658024 0.0233774 0.0161432 0.0219323 0.0131504 0.000346817 0.0647494 0.000173307 0.00356007 3.40511e-05 0.149821 0.0138296 0.0149675 0.0147627 0.00110303 0.129863 0.110936 0.109088 0.0189925 
0.0266517 1.99514e-06 0.000980791 0.0141779 0.232122 0.00532568 0.0166182 0.319953 0.0250735 0.0118621 0.00574834 5.57518e-05 0.0112202 6.36029e-06 0.0270129 2.80557e-07 0.00658081 0.0131711 0.00819424 0.0568239 9.75582e-06 0.0171538 0.111897 0.0893561 2.20839e-06 
0.196058 0.000421713 3.87373e-05 0.0687803 0.147277 0.0292948 0.00470662 0.0186994 0.0156355 0.0116191 0.00719217 7.70378e-05 0.00394747 0.000165385 0.00799839 1.29167e-06 0.0159198 0.0148115 0.0025129 0.0150039 2.75827e-06 0.0542406 0.151612 0.23322 0.000763872 
0.0204911 0.000229028 1.30974e-05 0.0885323 0.0529538 0.112898 0.00764804 0.0599262 0.00758435 0.00171842 0.0030579 3.95684e-06 0.00743946 2.71564e-05 1.82145e-05 4.48697e-07 0.00294519 0.000467665 0.0140934 0.00115725 1.66943e-05 0.0336722 0.58165 0.00285828 0.000597882 
0.0727142 4.55575e-05 3.39467e-08 0.0716901 0.0168317 0.00826429 0.000193238 0.0223007 0.00229606 0.00614837 0.00165776 3.74069e-05 0.0188644 3.56587e-05 0.00586487 1.81907e-08 0.0406637 0.0123902 0.00241479 0.0164161 2.56102e-05 0.00710337 0.688677 0.00514854 0.000215901 
2.34133e-06 2.33756e-06 0.000236003 0.0435476 0.709465 2.34127e-06 0.00749207 0.0854523 0.0437685 2.34049e-06 0.0514724 2.3409e-06 0.000236407 2.33755e-06 0.000236202 2.33497e-06 0.0199005 0.0210732 2.34093e-06 0.0161533 2.33862e-06 0.000938744 2.34148e-06 2.34097e-06 2.33883e-06 
0.0586099 2.15478e-05 0.000219848 0.391325 0.00554906 0.0494397 5.59131e-06 0.0376958 0.000848271 0.00201809 0.000152634 6.89341e-07 0.000207915 8.96059e-08 1.14868e-06 7.6802e-08 0.00139827 0.00143424 0.00526414 0.00924433 7.78937e-07 0.036037 0.398335 0.00206283 0.000128742 
0.281109 0.00456379 0.000675153 0.101957 0.0342951 0.0283395 0.00206357 0.0264857 0.00884431 0.027081 0.0109421 0.000943466 0.08266 0.000587525 0.00216664 3.76682e-06 0.0104523 0.0100827 0.0192107 0.0570408 0.000906481 0.0180331 0.218979 0.0388872 0.0136898 
0.515757 9.90724e-06 2.67019e-06 0.0147797 0.008007 0.00862143 0.000656846 0.00613649 0.000491778 0.0119166 0.00650313 0.000654725 0.0917494 0.00195294 0.000462895 4.86743e-07 0.0779413 0.0188882 0.00894933 0.0284653 1.26658e-06 0.00477478 0.182007 0.0111849 8.51547e-05 
0.00391222 1.16569e-06 0.096416 0.00626869 0.188445 0.0156952 0.0277172 0.0267481 0.0169117 0.000378981 0.0281659 4.21225e-05 0.000224376 0.532173 0.00209287 9.9851e-11 1.98717e-09 0.0142401 0.00122914 0.00711597 1.1592e-07 0.0114277 0.00594838 0.0139539 0.000892793 
0.0483509 0.000161044 9.40772e-05 0.13934 0.00386826 0.0573671 0.00033603 0.0534331 0.0200124 0.0859585 0.00191322 0.0591739 0.0714886 2.0995e-06 0.00230085 1.08279e-07 0.0107863 4.56006e-05 0.0349561 0.0836673 1.50118e-07 0.191281 0.115774 0.0184054 0.00128401 
0.160839 9.8007e-06 4.23423e-07 0.076333 0.0607891 0.0197518 0.00100503 0.0063439 0.00983749 0.00127848 0.0678637 2.88558e-05 0.135231 9.40268e-05 0.000835848 4.34582e-09 0.00955922 0.000235605 0.00513859 0.33688 2.84977e-07 0.0298112 0.0450947 0.0329444 9.48534e-05 
0.28029 0.000408559 0.000340792 0.147311 0.0248791 0.0396176 0.00218289 0.032927 0.00629881 0.00665556 0.0102298 0.00219561 0.124203 0.000448537 0.00536439 2.89074e-05 0.0390026 0.00602051 0.0202145 0.0261921 6.69299e-05 0.0181842 0.185831 0.0185345 0.00257212 
0.215371 0.000272683 0.00210921 0.0641293 0.0437515 0.0907556 0.00339469 0.0351919 0.00211212 0.0286597 0.00212686 0.00944722 0.0080955 0.00136376 0.0041661 3.42008e-05 0.0312202 0.0142258 0.274388 0.0223076 0.000458179 0.0363934 0.0999145 0.00908603 0.00102411 
0.0292108 0.000556782 0.000312547 0.0186858 0.0131327 0.0224546 0.00292171 0.00373575 0.00829728 0.0411942 0.000754547 0.104537 0.000114912 0.000933194 0.00104795 3.50523e-05 0.509143 0.00093413 0.0659022 0.0149857 0.00547547 0.0625641 0.0418484 0.0444089 0.00681344 
0.0580409 0.000460811 0.000132683 0.0666818 0.0219084 0.0217882 0.00196905 0.0303989 0.00422383 0.00859451 0.00572875 0.00112951 0.545883 0.000107853 0.00346059 7.15475e-05 0.028303 0.00984695 0.0108123 0.016395 0.000259596 0.0498317 0.0967296 0.0165997 0.00064174 
0.0104283 0.758074 0.000718113 0.00127814 0.0059963 0.0024274 0.00451914 0.00794261 7.23983e-05 0.10059 0.00269704 0.0010519 0.00388078 4.90716e-05 0.000194285 2.11907e-06 0.0169197 0.0036244 0.025197 0.00508094 0.0232732 0.00191793 0.00564264 0.0183833 3.91378e-05 
0.0349482 5.19765e-05 0.00105068 0.0512591 0.030342 0.00394444 0.0148875 0.022667 0.00151145 0.0090982 0.0193454 0.000944177 0.183491 3.53603e-06 0.0301874 1.18454e-09 0.0163622 0.0122329 0.00718342 0.0745763 0.000406134 0.00606972 0.026607 0.226421 0.22641 
0.043653 0.0343758 6.7352e-05 0.0162857 0.0159238 0.179543 0.0122142 0.0480077 0.0016832 0.0729119 0.00017581 0.000173843 0.00216618 0.000248217 0.0112155 2.48824e-05 0.00783576 0.0131793 0.0201684 0.00444853 3.51624e-05 0.0445574 0.397151 0.0731428 0.000811563 
0.354262 0.00822382 1.10961e-06 0.0536093 0.0158836 0.0846854 0.00142595 0.0747295 0.000320856 0.0550387 0.0052214 0.0157643 0.0207601 4.20566e-05 0.000168825 1.67314e-07 0.0287489 0.00110246 0.00392379 0.0412403 0.000442418 0.0421429 0.0488875 0.142467 0.000907492 
0.0152234 0.000548401 0.000228513 0.0213174 0.0680989 0.0689067 0.018753 0.0422034 0.00122226 0.00527923 0.034468 0.0029246 0.350458 0.000112806 0.000949436 2.55942e-06 0.138753 0.00153684 0.0325746 0.0338701 0.0737431 0.0526604 0.000706902 0.0354213 3.721e-05 
0.216054 3.26417e-05 0.000220959 0.039566 0.00783027 0.0135832 5.91051e-05 0.0173325 0.000815371 0.0432713 0.00571874 0.0053715 0.0018821 0.00073146 0.00209498 1.85767e-05 0.049058 0.0108487 0.287917 0.0138324 0.000643414 0.003922 0.176118 0.00767683 0.0954014 
0.682116 3.87211e-05 0.000679903 0.0571832 0.00905627 0.0261439 0.000962219 0.00292811 0.00213914 0.00642842 0.000761969 8.14331e-05 0.000123003 0.0068294 5.5038e-05 9.93274e-06 0.0311869 0.00465141 0.00468939 0.0245445 0.00438799 0.0267757 0.10133 0.00677505 0.000122785 
0.0315235 0.00129319 0.0248849 0.00336222 0.201115 0.00238184 0.0287595 0.0947187 0.00277463 0.00721626 0.000771313 0.000283878 0.000582414 0.000198938 0.00897056 3.56829e-05 0.0758219 0.00713215 0.00718446 0.00489269 0.0182678 0.00443097 0.0338707 0.438186 0.0013403 
0.0867409 1.66293e-05 1.03767e-05 0.0363542 0.0277454 0.0912361 0.000770816 0.0658962 0.0248392 0.00192165 0.0388309 0.00131078 0.0223418 0.000575953 0.00634776 6.33974e-06 0.0768589 0.00157165 0.0222734 0.00855046 7.2313e-06 0.0294213 0.445857 0.00993568 0.000579643 
0.0599354 0.0073275 0.000191253 0.110919 0.0432046 0.0305838 0.00385761 0.0333162 0.0027107 0.0231185 0.00908028 0.00271292 0.0403863 0.00180062 0.00146696 7.58618e-05 0.0309896 0.00213899 0.0158372 0.464516 0.0035874 0.0118237 0.0793208 0.0197859 0.00131315 
5.38796e-06 5.37928e-06 5.37723e-06 0.0237105 0.42029 5.38781e-06 0.0328609 0.176174 0.185281 5.38604e-06 0.0156186 5.38697e-06 5.38643e-06 5.37926e-06 0.00807803 5.37333e-06 5.38712e-06 5.38769e-06 5.38704e-06 5.38654e-06 5.38174e-06 0.0420257 0.0371847 0.0264024 0.0322988 
0.240105 5.17524e-07 5.17327e-07 0.228372 0.000881777 0.00176289 5.23367e-05 0.079146 5.18163e-07 5.18174e-07 0.000622076 5.18264e-07 0.0175679 5.17522e-07 5.17762e-07 5.16951e-07 5.18279e-07 0.00243668 0.00875929 0.0393854 5.1776e-07 0.0589817 0.31788 0.00254009 0.00150216 
0.0352241 0.000171711 4.54439e-07 0.0178186 0.0649678 0.298311 0.00590825 0.0945089 0.00752814 0.0292397 0.000204284 3.22481e-05 0.00255663 2.11145e-08 0.000237201 1.78405e-08 0.0671123 3.3229e-05 0.0500537 0.000912803 3.83579e-05 0.0532294 0.231899 0.0397205 0.000291905 
1.38877e-05 1.38653e-05 1.386e-05 1.38866e-05 1.38884e-05 1.38873e-05 1.3883e-05 1.38863e-05 1.38824e-05 1.38827e-05 1.38771e-05 1.38851e-05 1.38837e-05 1.38652e-05 1.38717e-05 1.385e-05 1.38855e-05 1.3887e-05 1.38853e-05 0.973284 1.38716e-05 1.38858e-05 1.38886e-05 0.0263966 1.38729e-05 
0.367682 0.0121096 0.000309738 0.0369743 0.0923255 0.0129433 0.00101615 0.0393611 0.0213208 0.0100535 0.0921467 8.82216e-05 0.0524443 0.00097986 0.00509695 1.32882e-06 0.00965488 0.019431 0.0210586 0.0480667 1.62677e-05 0.0169191 0.0674146 0.0717597 0.000825839 
0.327585 0.0051923 2.04668e-07 0.269801 0.00727649 0.0253359 0.000331906 0.00623175 0.00123332 0.129279 0.012251 0.00693421 0.0448467 2.64523e-05 0.0037502 8.34944e-08 0.0057052 0.00338053 0.00170352 0.0359966 2.82211e-05 0.0264986 0.0343609 0.0462527 0.00599927 
0.0986677 0.00175978 1.09254e-07 0.0218162 0.0190603 0.0575482 0.00548284 0.0374468 0.00312982 0.0334429 1.09389e-07 1.09452e-07 0.00818632 0.00095098 1.09346e-07 1.09175e-07 0.0438698 0.00263825 0.0141415 0.0115355 0.000437493 0.0400725 0.571779 0.0180712 0.00996242 
2.34112e-05 0.0420957 2.33646e-05 2.34093e-05 2.34125e-05 2.34106e-05 2.34033e-05 0.0725907 0.00704408 2.34028e-05 2.33934e-05 2.34069e-05 0.0210875 2.33734e-05 2.33843e-05 2.33476e-05 0.187284 2.341e-05 2.34072e-05 0.248117 2.33842e-05 2.3408e-05 2.34128e-05 0.42136 2.33862e-05 
0.0522454 0.0063751 0.00340103 0.0319958 0.0740031 0.0272844 0.00268591 0.0255196 0.0348434 0.00486993 0.0100352 0.00230394 0.0403903 0.000736665 0.000312991 5.8899e-05 0.274454 0.00308614 0.0220679 0.237792 0.0154537 0.0261535 0.0564145 0.0471268 0.000390145 
0.303268 5.79e-05 2.30312e-05 0.0240786 0.0993811 0.00103113 0.00514975 0.138177 0.00276877 0.0224439 0.00393928 1.48956e-05 0.0720173 1.94001e-05 0.0256394 5.18241e-06 0.0108811 0.000839316 0.00593851 0.110379 2.308e-05 0.0102295 0.0394703 0.118558 0.0056665 
0.252291 0.0019458 6.40887e-05 0.0786402 0.037643 0.0839621 0.00393147 0.022972 0.00404368 0.0818667 0.0104607 0.00571316 0.0291178 0.00727647 0.00169099 2.18514e-05 0.0649093 0.0198598 0.0304032 0.01302 0.000353601 0.0578762 0.169391 0.0211515 0.0013951 
0.0666961 9.53979e-07 9.53616e-07 0.0774873 0.0104167 0.420034 9.55197e-07 0.115798 0.0138507 9.55177e-07 0.00458395 9.55343e-07 9.55246e-07 9.53975e-07 0.00820894 9.52923e-07 0.0084082 9.5547e-07 0.0383106 0.0582722 9.54414e-07 0.0282804 0.132445 0.0171976 9.54498e-07 
0.108909 2.22344e-08 0.0776523 0.0163998 0.0822032 0.0171036 0.00398409 0.135082 0.00206983 0.0787552 0.00532772 0.000293782 0.0478411 0.000731544 0.00182793 1.42989e-10 0.0295682 3.69198e-08 0.0202239 0.0515402 4.52239e-08 0.013954 0.0762771 0.230226 2.90427e-05 
0.00971599 0.000661532 4.22354e-05 0.00466779 0.0704806 0.00958409 0.00049099 0.0425745 0.000323621 0.0206599 0.000371145 0.000251836 0.00025538 3.26015e-05 0.701305 2.37693e-05 0.00165308 0.0519328 0.00220085 0.000390396 0.000139195 0.00202245 0.0538844 0.0262293 0.000107018 
0.0133281 0.00020613 4.32336e-05 0.0191209 0.0286449 0.344526 0.00359667 0.0270122 0.00229838 0.00585497 0.00143967 0.00261596 0.00617568 9.34124e-05 0.000403644 3.42552e-05 0.0105956 0.0177573 0.0543461 0.00287686 4.24047e-05 0.0897275 0.360329 0.00874128 0.000188893 
0.00956488 0.000695467 5.85359e-07 0.00295614 0.0198666 0.053387 0.000611448 0.0304636 0.000453837 0.00301078 4.03793e-05 4.41773e-06 0.000606897 2.5501e-05 1.36122e-07 4.41834e-08 0.00729594 0.000149671 0.121493 0.00154334 7.14792e-06 0.0189645 0.696588 0.032034 0.000236716 
0.0139789 0.000191085 1.24333e-06 0.0038142 0.119308 0.0318957 0.139576 0.205148 0.000287118 0.00326937 0.00019764 1.24875e-06 0.000269261 1.77542e-05 0.00042227 1.27894e-07 0.00390348 0.00864138 0.125118 0.00057183 2.10761e-06 0.0112511 0.300977 0.0300384 0.0011192 
0.0141589 0.00139826 1.56734e-05 0.105809 0.0329858 0.226564 0.000957745 0.0869484 0.0045279 0.00733363 0.0362408 7.66901e-06 0.00570154 7.95642e-05 0.00191061 4.88557e-06 0.0112935 0.00317685 0.0109989 0.00780997 6.93314e-05 0.00919484 0.392815 0.0392856 0.0007119 
0.250318 3.08197e-05 3.05029e-07 0.0393021 0.0195317 0.0637544 0.00406392 0.0958383 3.05521e-07 0.210723 0.00427597 3.05581e-07 0.0139334 3.05143e-07 0.0040606 3.04807e-07 0.00583707 0.00302596 3.05585e-07 0.043756 3.05284e-07 0.0467564 0.168417 0.0263728 3.05311e-07 
0.0400234 0.0399589 0.0399437 0.0400202 0.0400256 0.0400223 0.04001 0.0400194 0.0400082 0.0400091 0.0399929 0.0400161 0.040012 0.0399588 0.0399773 0.0399147 0.0400172 0.0400214 0.0400165 0.0400129 0.0399772 0.0400179 0.0400261 0.0400173 0.0399807 
0.478717 0.000324441 1.41888e-07 0.194218 0.0433723 0.0233309 0.0011059 0.00451141 0.000920014 0.0516663 0.00196667 0.0228626 0.00297626 0.00117845 0.00435972 2.73026e-08 0.0107019 0.0170764 0.0384008 0.0156477 2.3067e-07 0.00339292 0.0721346 0.010582 0.000553026 
0.0239007 0.000456052 0.000257101 0.0224222 0.0118179 0.0183727 0.00317585 0.00305686 0.0177332 0.0337061 0.000617652 0.108186 9.41062e-05 0.000764573 0.000858262 2.88072e-05 0.548202 0.000764625 0.0539222 0.0122618 0.00805349 0.0526002 0.0342403 0.0389316 0.00557563 
0.0768493 0.00148097 3.79495e-07 0.0461593 0.108416 3.80242e-07 0.0227698 0.0219007 0.00961709 0.0114039 3.79962e-07 0.00235751 0.0118229 3.79638e-07 3.79814e-07 3.7922e-07 0.12554 0.00498143 0.0212148 0.026421 0.00592545 0.0455863 0.450782 0.00676784 3.79846e-07 
0.0661847 0.000158418 7.77126e-06 0.077203 0.0437899 0.0344224 0.000711543 0.0966947 0.00142751 0.045743 0.00160738 0.000410403 0.000316269 2.04348e-05 0.00698533 2.08349e-06 0.00692893 0.00661067 0.00411557 0.00482039 8.08571e-06 0.0208869 0.280001 0.289065 0.0118792 
0.067709 0.00162751 1.74988e-06 0.202926 0.0217486 0.00244859 0.00105808 0.0034303 0.00245327 0.0375488 0.00208404 0.000897139 0.134214 3.58936e-06 0.00268317 1.99127e-09 0.00123966 0.000354693 0.00234384 0.019889 6.30154e-06 0.00923742 0.0238594 0.105054 0.357182 
5.25242e-06 5.24395e-06 5.24196e-06 0.0567268 0.0309963 0.0325693 5.25065e-06 0.114497 0.046734 5.25054e-06 5.24841e-06 0.013659 0.0036809 5.24393e-06 0.000529884 5.23815e-06 5.2516e-06 5.25215e-06 5.25151e-06 0.598099 5.24635e-06 5.25169e-06 0.0824737 0.0199614 5.24681e-06 
0.0116587 5.87884e-06 6.83568e-06 0.0465487 0.00527195 0.0360746 1.80626e-05 0.108213 0.000313152 0.00180367 0.0033291 7.09545e-06 0.000715412 1.76175e-05 0.000634983 1.0505e-06 0.0159142 0.00171195 0.0327248 0.00121471 1.77323e-05 0.000607023 0.727858 0.00529191 4.0016e-05 
0.412925 0.000270536 8.59709e-05 0.0347028 0.0842547 0.0143346 0.0158955 0.0520766 0.0508644 0.0272905 0.00882048 0.000747773 0.0874468 0.00641952 0.000478682 2.85539e-05 0.0292289 0.00296822 0.0176561 0.0279317 0.000186996 0.0304256 0.0775961 0.0151903 0.00217343 
0.420116 0.00147717 9.54802e-05 0.0328225 0.0100016 0.0298124 0.00249331 0.0109283 0.0022624 0.0265247 0.00103621 0.0225502 0.00506475 0.00313176 0.000637193 2.78573e-05 0.0478167 0.00438891 0.157145 0.0101679 9.78481e-05 0.0283168 0.167744 0.0150785 0.000262497 
0.114962 0.00908626 0.0049086 0.169235 0.0113807 0.0414013 0.00104927 0.0102726 0.000636631 0.0256881 0.00340155 0.026205 0.0116908 0.00191618 0.000387589 3.70709e-05 0.339831 0.00223618 0.0333698 0.0458329 0.0247622 0.0275349 0.0727202 0.0209592 0.00049443 
0.550389 0.000124591 0.00052741 0.0336451 0.0206487 0.0171553 0.002579 0.00584091 0.00285494 0.0123394 0.003483 0.012333 0.00747774 0.00124034 0.000607425 5.90077e-06 0.0211373 0.0194268 0.0139018 0.0101377 8.01967e-06 0.0264765 0.22362 0.013824 0.000216461 
0.0125804 0.0216736 0.000131713 0.00437332 0.0925463 0.00231514 0.00180269 0.18958 0.00177085 0.0333675 0.00284565 0.000338177 5.4909e-05 7.44136e-05 0.00279473 2.56916e-06 0.00122802 0.0010906 0.0189661 0.0363182 0.0184711 0.00935461 0.130639 0.417577 0.000102255 
5.25242e-06 5.24395e-06 5.24196e-06 0.0567268 0.0309963 0.0325693 5.25065e-06 0.114497 0.046734 5.25054e-06 5.24841e-06 0.013659 0.0036809 5.24393e-06 0.000529884 5.23815e-06 5.2516e-06 5.25215e-06 5.25151e-06 0.598099 5.24635e-06 5.25169e-06 0.0824737 0.0199614 5.24681e-06 
0.0258939 0.00203426 0.000588828 0.122317 0.0551653 0.357087 0.000748409 0.0805945 0.0137173 0.0274555 0.00106703 2.13341e-05 0.00494646 4.52171e-06 0.00476454 2.37041e-06 0.0100584 6.9418e-06 0.00756222 0.0630865 3.38824e-05 0.133139 0.0850518 0.00357595 0.00107748 
0.0610333 0.000182612 4.73034e-08 0.053238 0.0203067 0.000752359 0.000272944 0.0421827 0.000810582 0.00135263 9.98893e-07 0.0008133 0.00665272 1.65303e-06 0.0127465 3.38956e-08 0.0339404 0.0289116 3.52087e-06 0.00125775 4.23236e-06 0.00824875 0.0516637 0.675499 0.000124327 
0.0366019 1.6112e-05 0.00033388 0.0141241 0.0320421 0.263122 0.0208831 0.110802 0.005389 0.0448355 0.00365576 0.00525103 0.00365964 0.00211648 0.00595299 1.45645e-05 0.074192 0.0346827 0.123291 0.0201406 0.000110332 0.032483 0.147343 0.0188308 0.000126654 
0.566322 4.9813e-06 1.60549e-07 0.0145958 2.95065e-05 0.00226359 3.14139e-05 0.0124456 4.5691e-06 0.000253985 0.0058567 6.95643e-07 0.000255612 0.000317121 4.89905e-06 5.18656e-08 0.00272101 0.00123728 0.00272397 0.0285017 6.53283e-08 0.00111255 0.361293 3.24736e-06 2.01822e-05 
0.000579804 0.00057887 0.00057865 0.000579758 0.000579836 0.000579788 0.000579609 0.000579746 0.000579584 0.000579597 0.000579362 0.000579698 0.000579639 0.000578867 0.000579137 0.00057823 0.000579714 0.000579775 0.000579704 0.000579651 0.000579134 0.000579724 0.000579843 0.986093 0.000579185 
0.00615023 0.00143922 2.74e-06 0.0040645 0.0538167 0.0513122 0.00100915 0.00138742 0.0024868 0.6038 0.0181361 0.143824 0.00694607 3.15131e-05 0.000900587 1.6407e-06 0.00514152 0.0183955 0.0258241 0.00185262 0.00190118 0.0107693 0.0275805 0.0131454 8.12571e-05 
0.0213307 2.84772e-05 0.000246563 0.00385832 0.00550585 0.00446131 0.000202018 0.00636764 0.00100465 0.00506431 0.00121381 6.13697e-05 0.00561732 6.47616e-05 0.00079627 1.03616e-05 0.806943 0.00559714 0.0110363 0.00706419 0.000209431 0.00321873 0.0914762 0.0183891 0.000232428 
0.0901134 6.71354e-06 6.71098e-06 6.72384e-06 0.317413 0.0242138 0.0349617 0.0356424 6.72182e-06 6.72197e-06 6.71925e-06 0.0228654 0.041686 6.71351e-06 6.71663e-06 6.70611e-06 0.0806866 6.72403e-06 6.72322e-06 6.7226e-06 6.7166e-06 6.72345e-06 6.72482e-06 0.35231 6.71719e-06 
0.0735539 2.71882e-05 2.71778e-05 0.106224 2.72336e-05 2.72313e-05 2.72229e-05 2.72294e-05 2.72218e-05 2.72223e-05 2.72113e-05 2.72271e-05 0.0708104 2.71881e-05 2.72007e-05 2.71581e-05 0.027255 2.72307e-05 2.72274e-05 0.0517545 2.72006e-05 0.277756 0.212452 0.179731 2.7203e-05 
0.227164 0.000652066 0.00416925 0.0439038 0.0278342 0.0456313 0.00474754 0.02553 0.00434278 0.0381998 0.00936922 0.00799427 0.0114203 0.0017823 0.0024587 9.59507e-06 0.0529527 0.0052511 0.0284806 0.318708 0.00801644 0.0165698 0.0776484 0.0275689 0.00959463 
0.0669562 1.87026e-05 0.000497834 0.0555471 0.028302 0.0297767 0.000163571 0.0127568 0.0286053 0.00672168 0.00256404 0.000174324 0.00299945 0.000134254 0.000316578 7.61242e-06 0.0248567 0.00476102 0.00179107 0.671087 0.00073889 0.00480043 0.0398483 0.0155054 0.00106844 
0.0342764 0.138628 2.87963e-05 0.0271641 0.0394013 0.00707562 0.000834297 0.0104256 0.00236797 0.00596849 0.000290605 0.000797647 0.000298061 1.13481e-05 0.0448401 3.14461e-06 1.67765e-05 0.00981847 0.000366702 0.00459789 1.30338e-05 0.0109119 0.116357 0.543867 0.00163942 
3.68741e-05 3.68146e-05 3.68006e-05 3.68711e-05 0.0959148 3.68731e-05 3.68617e-05 3.68704e-05 3.68601e-05 0.353902 3.6846e-05 3.68673e-05 3.68636e-05 3.68145e-05 3.68316e-05 3.67739e-05 3.68683e-05 3.68722e-05 0.202809 3.68643e-05 3.68315e-05 3.6869e-05 3.68765e-05 0.3466 3.68347e-05 
0.0384054 1.53313e-05 1.53254e-05 1.53548e-05 0.466864 1.53556e-05 1.53508e-05 1.53545e-05 0.0138305 1.53505e-05 1.53443e-05 1.53532e-05 1.53516e-05 1.53312e-05 0.0138199 1.53143e-05 1.53536e-05 1.53552e-05 1.53534e-05 1.5352e-05 1.53383e-05 1.53539e-05 0.0291937 0.437595 1.53396e-05 
0.173069 3.24877e-05 0.0103451 0.0238525 0.0215606 0.0254887 0.0010398 0.0165842 0.00396915 0.00211579 0.400562 4.44799e-06 0.0673951 0.000770535 7.6551e-05 1.09053e-06 0.00876722 7.05571e-05 0.0017074 0.130576 1.20322e-06 0.05272 0.0531792 0.00451418 0.00159731 
0.832996 0.000129972 5.34157e-07 0.000497255 0.000817042 7.27452e-09 7.21924e-05 0.00129257 1.67958e-06 0.00537618 0.0310309 9.15443e-05 0.0568815 3.59267e-05 2.84527e-09 1.51903e-09 0.0293612 0.000308929 0.00455142 0.0040059 6.50267e-06 0.00967884 0.0191121 0.00374948 2.0209e-06 
0.0582021 1.57321e-06 0.000930713 0.0650692 0.135575 0.0236454 0.00143027 0.171592 0.00245448 0.00133746 0.00230796 4.01035e-06 0.0128368 0.00292806 0.00175119 2.02456e-08 0.004549 6.45851e-05 0.00847463 0.426352 6.32178e-08 0.0393391 0.0309791 0.00778578 0.00238942 
0.0606246 0.0306 0.00028851 0.0447033 0.0396294 0.0359062 0.00108628 0.0886952 0.00454394 0.167687 0.00468115 5.88413e-05 0.0111941 2.42801e-05 0.00294606 3.06596e-06 0.00164693 0.0105506 0.000155292 0.00292381 1.41378e-05 0.342426 0.123484 0.0226459 0.00348061 
0.128069 6.22486e-05 1.18447e-05 0.168596 0.063891 0.0107946 0.00476568 0.330976 0.0132506 0.00476755 0.00350687 8.75924e-05 0.00285124 0.000222488 0.00265748 9.54078e-08 0.0532532 0.000101041 0.00502071 0.0176813 4.26032e-05 0.0230184 0.123687 0.0415049 0.00118039 
0.0346307 0.0363331 0.00518568 0.0342946 0.0888869 0.00742372 0.00436735 0.039033 0.000587869 0.0289843 0.0244589 0.000184171 0.00691669 3.65249e-05 0.00967684 1.01196e-05 0.0340077 0.0130449 0.00623362 0.037497 0.0245672 0.0047558 0.107995 0.449186 0.00170199 
0.134126 0.00936596 0.000217218 0.0229178 0.0918509 0.0183033 0.0153608 0.280746 0.00858448 0.116142 0.0082395 0.0028942 0.011199 0.000121396 0.000578903 9.38179e-06 0.046455 0.00545773 0.0123074 0.0376593 1.62295e-05 0.0418247 0.0704772 0.0625595 0.00258611 
0.0359347 2.93359e-05 0.000461864 0.176199 0.0313483 0.0544636 0.00028297 0.00540773 0.0108054 0.561934 0.00288657 0.000180338 0.00153358 3.44302e-07 0.0173262 9.97513e-08 0.0050341 0.000114008 0.00300522 0.0227058 1.08814e-07 0.00921264 0.0234446 0.0361098 0.00157919 
0.0239007 0.000456052 0.000257101 0.0224222 0.0118179 0.0183727 0.00317585 0.00305686 0.0177332 0.0337061 0.000617652 0.108186 9.41062e-05 0.000764573 0.000858262 2.88072e-05 0.548202 0.000764625 0.0539222 0.0122618 0.00805349 0.0526002 0.0342403 0.0389316 0.00557563 
0.172521 0.0577102 0.000143884 0.0221553 0.0221629 0.0499645 0.00414154 0.0217106 0.00262497 0.0147355 0.00432219 0.00111776 0.0385139 0.00448965 0.00248736 2.39549e-05 0.183127 0.00741877 0.0185241 0.0120097 0.0307683 0.125205 0.158461 0.0447843 0.000876243 
0.00724912 0.000564914 0.000101863 0.00135917 0.00397722 0.0010429 0.000197484 0.0171872 7.24585e-05 0.0014022 0.000214994 0.000844784 0.000104793 3.94516e-05 9.73532e-05 2.21919e-06 0.00635049 4.06628e-06 0.00136135 0.00293642 0.00262844 0.00173082 0.00521604 0.945303 1.1322e-05 
3.27649e-05 3.27121e-05 3.26997e-05 3.27623e-05 0.0360762 3.2764e-05 3.27539e-05 3.27616e-05 3.27525e-05 3.27532e-05 3.27399e-05 3.27589e-05 3.27556e-05 3.2712e-05 3.27272e-05 3.26759e-05 3.27598e-05 3.27632e-05 0.11469 3.27563e-05 3.27271e-05 3.27604e-05 3.27671e-05 0.848513 3.27299e-05 
0.0521191 0.000478319 0.000764783 0.0178731 0.0263634 0.0345663 0.00249494 0.0145328 0.00166163 0.0303776 0.004933 0.00290938 0.00581802 9.43475e-05 0.00159005 3.14156e-05 0.0772533 0.0188686 0.0106839 0.00792206 0.000581927 0.0324959 0.624152 0.0290048 0.00242921 
0.00966491 0.0004588 0.000215612 0.579292 0.0335416 0.0282546 0.000922537 0.0222833 0.069144 0.000719218 0.000960596 2.94792e-05 0.00152653 0.000553948 0.0161909 1.06868e-06 0.00263155 0.00185279 0.00123236 0.0136555 4.24777e-06 0.0136392 0.173295 0.0292595 0.000670711 
0.119923 1.46546e-06 1.4649e-06 0.126958 0.155893 1.46778e-06 0.010713 0.057094 0.134843 0.00469683 1.4667e-06 1.46755e-06 1.4674e-06 1.46545e-06 1.46613e-06 1.46384e-06 1.46759e-06 0.013358 1.46757e-06 1.46744e-06 1.46613e-06 0.0457912 0.25953 0.0711801 1.46626e-06 
0.066262 0.000191689 0.00116311 0.0358566 0.0268433 0.176224 0.00191241 0.0590219 0.00117708 0.00462038 0.014655 0.000442385 0.0472897 0.000141473 0.00181938 4.05942e-05 0.109871 0.00981881 0.0310869 0.0350007 0.000692583 0.099009 0.267117 0.0075364 0.00220647 
0.125758 0.117541 2.73063e-05 0.0102341 0.10307 0.004805 0.000742519 0.00125801 0.000948258 0.162887 0.00810658 0.0535199 0.00565303 0.000359179 0.000435523 1.52222e-07 0.022335 0.00093385 0.0260332 0.0240442 0.0439066 0.110732 0.0302986 0.146365 5.62142e-06 
0.59801 4.74109e-07 4.73928e-07 0.00916479 4.749e-07 4.74861e-07 4.74714e-07 4.74827e-07 0.00208912 0.0589587 4.74512e-07 4.74787e-07 0.00408323 0.000853866 4.74327e-07 4.73584e-07 0.0253073 4.7485e-07 0.0583049 0.04814 4.74325e-07 0.011111 0.163225 0.0169983 0.00374797 
0.0143649 9.15384e-05 0.000132893 0.0175811 0.0590656 0.263421 0.012735 0.260512 0.00184475 0.00738652 0.00306401 0.00179383 0.00486286 0.001925 0.000808651 3.04868e-05 0.0996907 0.00764854 0.0263054 0.0133687 0.000387836 0.0670033 0.125848 0.00995841 0.000168674 
0.281704 3.68481e-05 9.05719e-06 0.0621329 0.0158291 0.00477135 4.19243e-05 0.0551045 0.000686327 0.00391698 0.015829 1.91488e-05 0.106582 0.0031263 5.51648e-05 3.61801e-09 0.0100298 0.000387794 0.00254761 0.396174 3.1746e-06 0.00745232 0.0323268 0.000856292 0.00037708 
0.347315 0.000863054 2.57472e-05 0.0275759 0.0106265 0.00846802 0.000115805 0.00531349 0.00311993 0.384551 0.00611703 0.00145562 0.00204064 5.38668e-05 0.000333149 1.48264e-06 0.0133346 0.00589084 0.00409647 0.0164492 4.40795e-06 0.0554191 0.0584577 0.0474491 0.000922057 
0.0782772 0.00159123 4.51821e-06 0.0751187 0.214996 0.065223 0.0100247 0.109487 0.00146505 0.000866054 1.70032e-05 7.68886e-05 1.49354e-05 4.05007e-06 0.0139516 5.60685e-08 0.00423938 6.88928e-05 0.00787796 8.29865e-07 5.69111e-06 0.0444749 0.0743181 0.297867 2.98954e-05 
0.0499121 0.00203699 7.01359e-05 0.152345 0.0651624 0.0838319 0.008849 0.0363661 0.0175331 0.0169573 0.00555955 0.000195968 0.0030949 0.000304906 0.00318142 1.38818e-05 0.0328783 0.00964671 0.0136849 0.0185788 2.47092e-05 0.113803 0.342259 0.0228448 0.00086576 
