7.06674e-08 0.399288 6.96181e-12 1.40394e-07 0.0747322 0.00242352 0.00138737 0.00917744 0.000934008 0.0005922 0.000978903 0.000522044 1.14498e-08 5.75317e-12 0.00044501 8.93528e-05 1.03655e-12 0.00684165 2.31268e-07 4.44961e-08 1.19443e-07 6.47628e-07 0.0272122 0.475374 7.93927e-08 
0.0797724 7.3947e-10 8.97788e-10 0.18341 0.0165883 0.00021526 0.00651038 0.0265432 0.033991 0.00183073 1.76229e-06 1.45461e-10 1.30068e-06 1.15247e-07 5.47486e-10 1.19897e-09 1.33672e-10 0.000882025 6.04932e-05 2.78027e-06 5.50099e-10 0.0198338 0.626743 0.00360211 1.18501e-05 
0.0609221 2.74689e-05 4.43466e-08 0.0247498 0.0415057 0.000675994 7.28256e-05 0.0311804 0.161435 0.00385993 5.48139e-06 0.000214799 0.0010843 0.000177473 0.00674066 1.10437e-07 7.03185e-07 0.00122294 0.00185618 0.00059524 3.55312e-06 0.00616341 0.00915028 0.648254 0.00010157 
1.14843e-06 6.59257e-10 8.00402e-10 8.03771e-05 7.08249e-06 7.20271e-11 0.000993578 0.00976868 5.33837e-06 2.50381e-06 2.40726e-07 1.29682e-10 1.6661e-10 6.61444e-10 2.00168e-06 1.06892e-09 1.19172e-10 9.62715e-05 1.25242e-10 1.58869e-10 4.90428e-10 6.98402e-07 1.70357e-06 0.98904 4.58661e-10 
0.194749 0.00274357 1.61211e-09 3.25104e-05 0.722279 0.00011938 4.46143e-05 4.01727e-05 3.72841e-05 1.73564e-05 2.28946e-05 2.51796e-05 2.65137e-06 1.33224e-09 1.28795e-05 2.06704e-05 2.40029e-10 0.000232949 0.0107643 0.0680151 2.7659e-05 0.000149968 0.000251042 0.000393142 1.83846e-05 
0.00231826 0.440043 8.56578e-07 0.000357003 0.00248489 0.0332849 1.98869e-07 0.442657 0.000157974 2.07701e-07 0.000161623 2.43177e-05 1.14247e-05 7.07868e-07 6.77019e-05 1.14394e-06 1.27536e-07 5.741e-07 0.00192794 1.92068e-05 5.24849e-07 0.0214547 0.0163473 0.0324409 0.00623745 
0.000405493 3.76394e-05 1.68432e-10 4.4603e-07 0.0261106 0.00214943 6.12103e-07 0.000581127 5.11541e-07 2.3815e-07 3.14157e-07 0.00121862 3.6405e-08 1.39191e-10 0.0257042 2.83774e-07 2.50779e-11 3.19587e-06 0.00537621 1.41388e-07 0.00159094 2.05745e-06 0.0126021 0.923989 0.000227094 
0.0755034 3.1462e-10 3.81979e-10 2.71851e-06 2.97824e-06 0.0222211 7.18339e-06 0.0631026 5.61914e-07 2.92693e-06 1.63884e-10 6.18886e-11 7.95119e-11 2.43092e-06 1.53762e-06 5.10124e-10 5.6873e-11 0.000597967 0.00543125 2.45575e-05 2.34049e-10 0.0963604 0.736717 2.0839e-05 3.28552e-07 
4.24872e-06 8.53388e-06 1.25807e-08 0.178771 0.00436462 0.0517588 2.92081e-09 0.00489994 0.0351016 0.00103523 5.04087e-07 2.0736e-06 3.79919e-06 8.34836e-06 0.0159786 1.68012e-08 1.87314e-09 1.25858e-09 1.88435e-06 4.0078e-06 5.71435e-06 0.0189392 0.0123519 0.67676 7.2092e-09 
1.49185e-08 3.37126e-06 1.21451e-10 1.38295e-11 8.1733e-07 5.13781e-08 2.03045e-07 0.00268229 1.78662e-07 2.32678e-07 5.15914e-07 0.000453562 2.5281e-11 1.00366e-10 0.001245 1.62357e-07 1.80829e-11 8.26327e-08 1.9004e-11 2.41064e-11 1.6379e-07 1.70898e-11 1.34335e-07 0.995613 2.01898e-07 
0.000470967 1.27252e-06 1.54497e-06 0.000612461 0.0271334 0.00109453 0.000273939 0.215646 0.0111668 0.00317839 2.47715e-05 1.47102e-05 0.00944537 1.27675e-06 2.82919e-05 0.00411629 2.30031e-07 2.1532e-06 0.0117804 0.000157952 9.46644e-07 0.00470207 0.00644193 0.703694 1.0356e-05 
0.0143937 7.08153e-11 8.59766e-11 0.00731693 0.0304326 0.00661089 1.99609e-11 0.26226 0.000786916 2.90407e-06 3.68873e-11 0.000155571 5.33339e-07 3.55322e-07 0.0170542 0.0002852 1.28011e-11 4.30145e-08 0.0344181 0.00825696 2.63927e-08 0.00544726 8.71378e-07 0.612574 2.67036e-06 
7.23441e-07 0.133225 4.7984e-10 1.43723e-06 0.0249191 0.000813117 0.000465049 0.00306352 0.00294823 0.000198925 0.000329016 0.000175409 1.17294e-07 3.96535e-10 0.000150881 3.12145e-05 7.14436e-11 0.00229079 2.36752e-06 4.5558e-07 1.22297e-06 6.62971e-06 0.00908194 0.822294 8.12963e-07 
0.0021721 0.000414833 9.91153e-09 1.22743e-05 0.170277 0.0119836 0.01736 0.0133305 0.000145981 0.11455 0.0180838 0.00212716 0.000383489 8.19079e-09 0.00591555 6.42367e-07 4.69082e-07 0.000491658 0.00177246 9.05852e-07 1.08967e-06 0.000364203 0.00152488 0.639086 8.50263e-07 
0.128668 0.0232274 2.52518e-10 0.0631195 0.00528353 2.25942e-08 8.95678e-05 0.0476467 2.76522e-07 0.376203 2.74993e-06 0.00185455 0.193848 3.93787e-05 6.0532e-08 3.37232e-10 3.75976e-11 1.28791e-07 0.0195945 0.0404187 7.61342e-06 0.00269141 0.0475441 0.0496737 8.6535e-05 
0.00186416 1.00691e-10 1.22248e-10 0.00670632 0.0272976 0.00253287 0.0132258 0.0251932 0.0958718 0.208688 2.63538e-07 0.00107057 2.87906e-07 1.01025e-10 0.0010762 1.6326e-10 1.82016e-11 0.000770824 0.00137011 0.000209377 3.55575e-08 0.00806324 0.0174232 0.588636 3.79713e-07 
0.000604633 1.11469e-05 2.18881e-10 0.00197969 0.00041982 0.000255907 0.00912344 0.00145256 3.25021e-05 3.74832e-05 0.000189277 2.52408e-05 5.69258e-05 7.44622e-08 0.00365516 2.74203e-05 6.80641e-08 4.00873e-05 0.000137165 0.000257525 2.96587e-06 0.00107183 0.000831137 0.979718 6.97069e-05 
5.41689e-05 1.92547e-05 2.28465e-06 4.97437e-09 0.00472918 0.00175105 0.00739229 0.00450378 0.0544719 0.028452 1.47054e-05 1.21026e-05 5.17401e-09 1.60581e-07 6.8815e-06 0.802661 3.70085e-09 2.65042e-05 0.000718673 0.000384503 1.52301e-08 1.71038e-05 6.26331e-05 0.09472 1.86879e-07 
0.000705813 2.11784e-06 2.57126e-06 0.0177693 0.0258776 0.0339269 5.96961e-07 0.024216 0.00422796 0.000283032 0.000209104 4.16598e-07 0.011716 0.000300072 0.0148924 0.00161314 3.82836e-07 0.000146173 0.000451562 7.02673e-05 0.000105841 0.017732 0.0290138 0.816708 2.89116e-05 
4.42659e-10 4.75206e-09 5.76946e-09 0.18918 0.0840395 0.0449463 3.09041e-06 0.158088 0.000735929 5.37557e-06 2.72825e-05 6.5173e-07 0.124077 4.76783e-09 3.51831e-09 3.4297e-07 8.59018e-10 5.77183e-10 9.02773e-10 0.0737001 1.54176e-06 0.303282 0.0219117 1.85314e-06 3.30612e-09 
2.31516e-12 2.48538e-11 3.0175e-11 0.000779427 0.106183 6.58489e-07 0.00106521 0.00223389 0.889721 4.24445e-08 1.29462e-11 7.82727e-09 6.28116e-12 2.49363e-11 1.84012e-11 4.02979e-11 4.49277e-12 2.44548e-08 1.23239e-07 5.98933e-12 1.8489e-11 2.10607e-07 1.40414e-07 6.2789e-08 1.71168e-05 
0.00183135 4.6769e-09 5.67822e-09 0.391636 0.0651901 0.11167 3.99561e-05 0.00298488 0.050647 1.63903e-07 0.00348731 9.1999e-10 1.18197e-09 4.43612e-07 1.3218e-06 7.58312e-09 8.45433e-10 5.68054e-10 0.00833873 0.00804298 3.4792e-09 0.324475 0.0316438 9.9946e-06 6.82541e-08 
2.61256e-05 1.1955e-09 1.45145e-09 7.86729e-06 0.451532 3.48754e-06 3.36979e-10 0.064693 0.0003034 4.90264e-05 6.2273e-10 1.45827e-06 9.00381e-06 1.19947e-09 1.66412e-05 6.01091e-06 2.16108e-10 7.26169e-07 0.180506 1.38e-05 8.89345e-10 0.00357121 1.47106e-05 0.299245 8.31739e-10 
2.18161e-07 0.128054 2.14922e-11 4.33417e-07 0.0152306 0.000160744 5.94783e-07 0.0164425 0.00338048 0.00180507 3.05223e-07 0.0011081 3.53472e-08 1.77609e-11 1.71705e-07 2.7557e-07 3.19998e-12 3.1056e-06 7.1396e-07 1.37366e-07 3.6874e-07 0.0125977 0.0672742 0.753695 0.000245343 
2.86423e-07 2.80474e-11 3.40523e-11 0.000223078 0.00286688 6.57289e-05 5.19886e-05 0.994606 7.1839e-08 1.16532e-07 1.20705e-05 8.08739e-09 3.15915e-09 6.285e-09 0.000191551 3.69221e-08 5.07006e-12 2.8498e-07 6.96248e-08 7.87111e-05 2.08647e-11 0.000356162 6.3058e-08 0.000518624 0.0010284 
3.7761e-05 1.76556e-09 2.36006e-06 7.20783e-05 1.02446e-05 1.24034e-05 4.97663e-10 3.79699e-05 1.89715e-05 2.44342e-06 2.99822e-05 5.34881e-06 3.13236e-05 2.65889e-06 1.90861e-05 6.01448e-06 3.19156e-10 0.000274166 1.42218e-05 1.62533e-05 1.97144e-06 1.59262e-05 3.64792e-05 7.86052e-05 0.999274 
0.000377053 1.22846e-06 1.1123e-06 0.214011 0.205815 0.0107737 0.165176 0.216276 0.0470646 0.00660861 0.00553074 6.37986e-06 0.0287296 1.30929e-08 0.009051 5.55867e-07 2.35894e-09 1.58852e-06 0.0055141 2.53962e-05 1.65268e-06 0.0208968 0.0192689 0.044762 0.00010654 
1.68821e-08 1.81234e-07 6.43643e-05 6.58312e-05 0.0247679 0.177871 7.74038e-05 0.346671 0.00198321 0.012732 9.44036e-08 3.56503e-08 4.5802e-08 1.81835e-07 0.00293553 5.28384e-05 3.27611e-08 7.77914e-06 3.44298e-08 0.203912 1.34821e-07 2.17675e-05 0.00171027 0.227113 1.19286e-05 
0.0150378 1.29603e-10 3.37513e-09 0.00108341 0.0285061 6.79619e-07 8.51849e-07 0.111114 0.00298783 0.150085 1.09131e-07 2.2024e-07 2.847e-07 1.30033e-10 0.261998 2.10138e-10 2.3428e-11 0.000231285 0.00327435 5.09063e-07 3.25401e-05 0.0021982 0.0891742 0.334274 4.92414e-07 
0.087698 0.000722757 1.80357e-05 0.0176434 0.0613158 0.00143061 0.000612662 0.0893168 0.00081263 0.00401807 0.000498386 0.000190938 0.000941593 3.15476e-05 0.00641063 6.95664e-09 7.75587e-10 0.0107779 0.000413422 0.00485282 3.67189e-05 0.00100419 0.0320161 0.67661 0.00262669 
0.00748843 2.05234e-07 2.49174e-07 0.0103582 0.197363 0.451787 0.144749 0.120138 0.000611768 5.26281e-06 1.06906e-07 4.03715e-08 5.18676e-08 8.073e-06 1.51951e-07 7.73317e-06 3.70997e-08 0.00596407 0.00012712 4.94578e-08 1.52676e-07 0.0105123 0.0508328 6.82722e-06 3.91699e-05 
1.22406e-05 5.61612e-06 5.67736e-09 0.142763 0.00784145 0.0784487 1.31809e-09 3.4986e-05 5.77322e-07 2.58821e-05 0.434668 9.19851e-10 1.18179e-09 4.69171e-09 1.35059e-05 7.58197e-09 8.45305e-10 5.67968e-10 1.2971e-05 0.0568787 3.47867e-09 3.51516e-05 2.50174e-10 0.279233 2.63554e-05 
0.00530917 0.0871725 1.82872e-11 0.00634348 0.0789406 0.0364294 0.00207547 0.0418341 0.000761707 0.000649918 2.59709e-07 2.85628e-07 3.00762e-08 4.23297e-08 0.000920581 2.34477e-07 2.7228e-12 2.64249e-06 0.015188 1.16882e-07 3.13753e-07 0.030623 0.230384 0.463364 2.08548e-07 
0.182492 2.11391e-11 2.5665e-11 0.0382477 0.39554 2.30956e-12 0.00258258 0.0703909 0.00770579 0.00577879 2.47806e-07 1.38942e-05 0.000203247 6.99536e-06 1.08556e-07 3.76298e-08 3.82127e-12 0.207842 0.00727792 0.00967581 1.57256e-11 0.0286506 0.0345223 0.00323743 0.00583115 
0.00303722 0.0179617 1.05688e-06 0.00187274 0.0321288 0.000781618 0.00789521 0.0153707 0.000244347 0.00108745 0.00580024 0.000165009 0.00130923 0.000433219 0.00825878 0.000456578 1.5736e-07 0.639509 0.000350755 6.76617e-05 0.000181712 0.00662567 0.0016435 0.254696 0.000120955 
4.85895e-08 8.1464e-06 4.78681e-12 0.00157357 3.89863e-07 0.0181493 0.000715481 0.00757462 0.000763983 0.000190734 0.000394356 7.47651e-08 5.43292e-05 3.95577e-12 0.00198484 0.000196465 7.1271e-13 6.91689e-07 0.00820535 3.05947e-08 0.000188974 0.0939134 0.224668 0.640991 0.000425849 
0.0014582 1.3073e-05 7.68166e-12 0.000170557 0.108423 5.6884e-07 0.00565499 0.0100115 0.00467255 0.00106695 1.09092e-07 1.1998e-07 1.26337e-08 6.34805e-12 0.000251679 9.84935e-08 1.14373e-12 0.0016661 2.55182e-07 4.9097e-08 1.31794e-07 0.00443119 0.0577779 0.8044 8.76019e-08 
6.73786e-06 0.135209 3.72833e-07 1.33717e-05 0.507486 0.000456201 0.000262965 0.00159808 0.000182804 0.000700285 0.000206705 0.000103603 1.16454e-06 3.08106e-07 0.000118746 3.45468e-05 5.55113e-08 0.0012411 2.20153e-05 4.29843e-06 1.15682e-05 6.15395e-05 0.00782409 0.344419 3.63295e-05 
0.00197255 0.0924985 1.67313e-10 0.00761982 0.0288832 0.00243688 0.00474011 0.0636443 0.00211245 0.00131074 0.00367194 0.000219229 0.000245503 1.11046e-05 0.000287584 7.95083e-06 8.93208e-08 0.0050446 0.00326503 0.00509703 7.9977e-05 0.006073 0.126728 0.64374 0.00031025 
0.0113964 0.0019644 1.88908e-09 4.68957e-06 0.293863 7.31155e-07 9.12295e-06 9.0461e-07 0.626796 1.55787e-06 8.1049e-10 3.06071e-10 6.68882e-07 1.56112e-09 1.15199e-09 2.52282e-09 2.81267e-10 1.88986e-10 2.95593e-10 1.91266e-06 1.15749e-09 5.26349e-06 0.0263824 0.0395723 2.17586e-07 
0.0101831 0.158778 7.68162e-08 0.0136303 0.122781 0.0633364 0.00917173 0.0156234 0.00701701 0.0034163 0.00254582 0.00741857 0.000607963 7.68451e-08 0.00100722 0.000736976 7.69575e-08 0.111169 0.0163378 0.00247784 0.00215273 0.0508775 0.272021 0.12718 0.00153013 
0.00400753 3.43073e-08 4.16524e-08 0.00394486 0.0322079 3.74825e-09 2.68777e-06 0.00997657 0.000271633 1.36655e-06 0.000129772 6.74857e-09 8.67028e-09 3.44212e-08 0.000336383 5.56258e-08 6.20165e-09 4.02068e-05 6.51753e-09 0.000704132 2.55216e-08 3.84192e-07 0.00224352 0.94613 2.59845e-06 
0.000273822 0.0459083 2.69756e-08 0.490142 0.00219704 0.00199759 0.000746535 0.000672212 0.437336 0.000290426 0.000383098 0.000421332 4.43656e-05 2.22924e-08 0.000215514 0.000345879 4.01641e-09 0.00389795 0.000896119 0.000172414 0.000462819 0.00250943 0.0042007 0.00657847 0.000307631 
0.0149892 0.0025095 2.94018e-08 0.0823076 0.0544782 0.050641 0.000945791 0.0155512 0.00333265 6.90474e-05 0.102999 2.47259e-12 0.0170823 8.42946e-08 4.95538e-08 9.35181e-05 2.15703e-08 0.000127354 0.103491 0.00038989 0.000126257 0.0157813 0.533548 0.00132019 0.000215943 
5.14384e-05 4.56329e-08 5.54028e-08 0.000334996 0.000103821 0.000153562 1.28627e-08 0.000420983 1.40495e-08 0.000201523 2.377e-08 8.97642e-09 0.00016608 0.00010535 0.000821023 4.44675e-05 8.24895e-09 5.54255e-09 8.66912e-09 0.000306819 3.39468e-08 0.000201142 0.000380607 0.996708 3.17479e-08 
7.06674e-08 0.399288 6.96181e-12 1.40394e-07 0.0747322 0.00242352 0.00138737 0.00917744 0.000934008 0.0005922 0.000978903 0.000522044 1.14498e-08 5.75317e-12 0.00044501 8.93528e-05 1.03655e-12 0.00684165 2.31268e-07 4.44961e-08 1.19443e-07 6.47628e-07 0.0272122 0.475374 7.93927e-08 
0.000221206 3.66042e-05 0.000998681 0.000147004 0.000983772 0.0105221 6.6579e-05 0.79557 0.00844228 0.000159048 5.29804e-08 4.60322e-06 2.3579e-05 1.56865e-05 0.000273206 0.00535436 3.66859e-06 1.02473e-05 0.000102488 0.000116343 8.16423e-06 0.000136946 0.000364069 0.176397 4.22167e-05 
0.000604633 1.11469e-05 2.18881e-10 0.00197969 0.00041982 0.000255907 0.00912344 0.00145256 3.25021e-05 3.74832e-05 0.000189277 2.52408e-05 5.69258e-05 7.44622e-08 0.00365516 2.74203e-05 6.80641e-08 4.00873e-05 0.000137165 0.000257525 2.96587e-06 0.00107183 0.000831137 0.979718 6.97069e-05 
0.000924036 0.144234 4.20447e-10 0.000112866 0.0201086 0.00350611 0.00116375 0.00960066 0.000318766 0.000811949 0.000252035 0.000448661 1.22657e-07 3.47453e-10 0.00852364 1.74433e-05 6.26006e-11 0.00291376 0.00015637 1.59547e-06 0.000221419 0.000444748 0.00873148 0.797506 1.83616e-06 
0.00501801 0.1331 2.28348e-11 0.00202278 0.0524798 0.00518192 0.000462547 0.0359187 0.000622226 0.00826988 0.000326409 0.000466877 0.000103389 1.88705e-11 0.00215337 0.000189868 3.39989e-12 0.00386582 0.0135658 0.000645278 7.59763e-08 0.00684125 0.0892202 0.639545 5.05036e-08 
0.00416808 0.130987 4.29963e-12 0.00449154 0.158984 0.138374 0.00155889 0.000171537 0.0017204 0.00147672 6.10617e-08 6.71559e-08 7.07141e-09 3.55317e-12 3.43506e-08 5.51294e-08 6.40174e-13 0.00894723 0.0209535 0.000313311 7.37685e-08 0.00192029 0.473505 0.052428 4.90331e-08 
1.22406e-05 5.61612e-06 5.67736e-09 0.142763 0.00784145 0.0784487 1.31809e-09 3.4986e-05 5.77322e-07 2.58821e-05 0.434668 9.19851e-10 1.18179e-09 4.69171e-09 1.35059e-05 7.58197e-09 8.45305e-10 5.67968e-10 1.2971e-05 0.0568787 3.47867e-09 3.51516e-05 2.50174e-10 0.279233 2.63554e-05 
2.08562e-09 2.23897e-08 2.71832e-08 6.45423e-05 0.821262 2.95301e-06 2.90937e-06 0.0924761 0.0343395 6.59133e-09 1.16627e-08 4.40425e-09 0.0240776 2.2464e-08 1.65768e-08 6.9534e-06 4.04732e-09 0.000113464 9.03508e-06 5.59614e-05 1.66559e-08 9.6868e-06 0.0041224 0.0234569 1.5577e-08 
7.43711e-10 5.24189e-06 9.69328e-09 1.15247e-05 0.000857178 8.72286e-10 2.79256e-06 1.12249e-06 2.4581e-09 2.3504e-09 3.98868e-06 0.000247298 6.15866e-05 8.01043e-09 5.91112e-09 1.29451e-08 1.44324e-09 1.64927e-07 1.51675e-09 0.0112084 5.93933e-09 2.35413e-05 0.00235528 0.985222 5.55462e-09 
0.0704662 1.85949e-06 4.33459e-09 1.4121e-05 0.0226947 0.00473663 3.14882e-06 0.00338484 2.09951e-06 5.20094e-06 1.1536e-05 0.0012021 9.06626e-07 1.38409e-06 2.6039e-05 5.78874e-09 6.45379e-10 3.29581e-05 0.00342318 0.00650476 0.00122915 1.86473e-06 0.010602 0.875582 7.30446e-05 
0.0337753 0.00685367 6.5899e-08 0.0015498 0.127258 0.0138344 0.00453703 0.467829 0.012016 0.0405267 0.00192307 0.000209818 0.00229031 4.11131e-05 0.0139224 0.000102488 3.62047e-05 0.00025459 0.00918559 0.00554738 6.72145e-05 0.000445064 0.0151328 0.242528 0.000134302 
2.63331e-06 5.43274e-07 6.59587e-07 0.000136491 0.195168 2.44947e-05 0.000782629 0.0752654 0.00113977 0.000249476 2.82989e-07 1.06867e-07 0.000406705 5.45076e-07 0.00606458 8.80862e-07 9.82062e-08 3.36113e-07 1.03208e-07 8.16816e-06 4.04147e-07 0.000776992 0.000784267 0.719186 3.77969e-07 
0.00625331 7.39516e-05 2.99182e-08 1.73779e-05 4.24692e-05 2.71922e-07 6.94601e-09 0.000117893 7.58691e-09 5.87688e-05 1.28361e-08 3.39801e-06 6.41517e-05 2.47241e-08 1.64385e-05 3.99551e-08 4.45454e-09 2.99305e-09 4.68143e-09 1.36642e-05 1.83317e-08 2.35797e-05 3.96825e-07 0.993309 5.16044e-06 
0.0321188 0.000147711 0.00014699 0.0172973 0.086459 0.0387556 0.0510963 0.0380336 0.0192103 0.0896218 0.000625596 0.000312763 0.00101846 2.85123e-05 0.0397053 0.00116343 5.6652e-07 0.0499116 0.00662262 0.00302325 5.19014e-10 0.00717308 0.178878 0.338042 0.0006079 
0.00164515 1.24451e-07 9.46542e-10 0.000714108 0.089945 0.0342476 8.82863e-07 0.0152928 0.8135 0.000380707 6.60974e-07 3.32385e-08 1.82724e-07 4.56801e-05 5.77217e-10 1.49044e-06 1.40931e-10 9.4693e-11 0.000232538 0.000205632 7.418e-08 0.00940895 0.0109962 0.0231877 0.000194056 
0.0213264 0.020267 2.02809e-08 0.169242 0.00578185 0.0516234 0.000209622 0.00155583 0.000703256 0.000703964 0.000222848 0.000232075 0.000810615 8.62074e-07 0.00016411 2.55888e-06 3.01963e-09 0.00138174 0.000396557 0.000408393 3.40045e-06 0.0377774 0.12356 0.563596 2.9804e-05 
2.79794e-06 7.15756e-10 8.68998e-10 0.00022481 0.0216833 7.82e-11 0.00264057 0.949925 0.00124612 0.00861302 1.4225e-05 7.90878e-08 3.09715e-08 6.18376e-08 0.000193506 3.61385e-07 1.29386e-10 0.00172262 6.80207e-07 0.00425858 5.32458e-10 0.00140245 3.61382e-06 0.00735509 0.000713161 
5.13115e-05 0.00860275 5.05496e-09 0.00010194 0.000411702 0.000374328 0.000139893 0.000125966 0.000116908 5.44229e-05 7.17886e-05 7.89533e-05 8.31367e-06 4.17737e-09 4.03851e-05 6.48141e-05 7.52635e-10 0.000730437 0.000167924 3.23086e-05 8.67277e-05 0.000470241 0.000787169 0.987424 5.76469e-05 
5.17603e-08 2.30774e-05 1.79526e-06 0.0154466 2.14345e-05 3.34825e-06 1.04596e-05 0.608971 2.26213e-05 3.94014e-05 9.61595e-10 3.63134e-10 9.33548e-07 1.85217e-09 1.36677e-09 2.09821e-06 3.33705e-10 2.24219e-10 3.50702e-10 5.51674e-06 1.37329e-09 7.69555e-06 0.0164301 0.359013 9.00322e-07 
6.95381e-08 1.37519e-06 3.48276e-07 1.36888e-07 0.0547269 0.000813288 0.920487 0.00514818 0.00376011 0.000260773 3.50599e-07 0.000960602 3.60309e-08 1.29173e-07 1.43937e-07 1.11728e-08 1.59466e-12 0.000192987 0.0034016 0.00898592 6.5625e-12 0.00120092 3.4177e-06 3.89622e-07 5.56391e-05 
6.57726e-05 0.0539234 8.43815e-08 0.000130667 0.00563858 0.000533541 0.000179321 0.00593569 0.00141086 0.000818726 9.2046e-05 0.000512115 1.0672e-05 6.9732e-08 5.18096e-05 8.31773e-05 1.25636e-08 0.000936219 0.000215242 4.14258e-05 0.000111208 0.00487037 0.0235016 0.900737 0.000200272 
0.0864417 0.000614206 5.11372e-06 0.000637744 0.00390826 4.60177e-07 1.18723e-06 0.0269663 0.00362364 0.0509917 0.000672985 8.2853e-07 0.000275128 4.22593e-06 0.00326487 0.749041 7.61384e-07 5.11581e-07 8.00166e-07 1.01501e-06 3.13331e-06 0.00048704 0.0681626 0.0048917 2.93036e-06 
0.0647935 0.151914 4.552e-07 0.0548864 0.0659389 5.60983e-05 0.00212614 0.0160806 0.00665439 0.00100003 0.0260097 0.000109353 0.000206775 0.00238651 0.00156354 1.2565e-05 6.93072e-06 0.0131732 0.00223728 0.00375015 0.000206979 0.00337896 0.109883 0.467158 0.00646711 
0.0760728 0.0126066 2.73078e-05 0.256073 0.00226767 0.120622 0.000318517 0.114703 4.6899e-05 0.0190505 0.00553166 0.0041296 0.0840167 0.0157976 0.021056 1.9052e-07 9.5717e-07 9.27589e-06 0.000596056 0.110814 7.56767e-06 0.0157024 0.0404823 0.098247 0.00182059 
4.01223e-05 0.000543182 5.58537e-06 0.00080634 0.0064082 9.849e-05 5.84519e-06 0.6024 4.90734e-05 0.00744124 0.104678 0.000160453 0.00293913 6.18153e-07 0.0485497 9.39715e-06 4.75689e-06 0.00239621 1.18493e-05 4.40754e-05 0.000109481 6.87177e-05 7.94989e-05 0.221913 0.00123752 
0.0384713 3.77875e-07 5.45074e-09 0.0558012 0.0539816 0.0205592 2.66612e-06 0.00918702 0.717672 0.000237844 1.50315e-06 1.00773e-07 5.52215e-07 3.45425e-05 2.38243e-05 7.28501e-06 8.11564e-10 5.45297e-10 0.000140865 0.00148968 0.000108852 0.0056522 0.00793131 0.0845024 0.00419375 
7.06674e-08 0.399288 6.96181e-12 1.40394e-07 0.0747322 0.00242352 0.00138737 0.00917744 0.000934008 0.0005922 0.000978903 0.000522044 1.14498e-08 5.75317e-12 0.00044501 8.93528e-05 1.03655e-12 0.00684165 2.31268e-07 4.44961e-08 1.19443e-07 6.47628e-07 0.0272122 0.475374 7.93927e-08 
0.00874728 0.000459455 9.09001e-07 0.00104928 0.000128007 0.0462919 2.6763e-05 0.000499406 0.000500827 0.000277533 3.89997e-07 1.47277e-07 0.890475 7.51189e-07 0.0470788 1.21395e-06 1.35342e-07 9.09373e-08 0.000329261 0.00247252 1.57907e-05 0.000165954 0.000526565 0.000452866 0.000499166 
0.0101831 0.158778 7.68162e-08 0.0136303 0.122781 0.0633364 0.00917173 0.0156234 0.00701701 0.0034163 0.00254582 0.00741857 0.000607963 7.68451e-08 0.00100722 0.000736976 7.69575e-08 0.111169 0.0163378 0.00247784 0.00215273 0.0508775 0.272021 0.12718 0.00153013 
0.114731 6.61871e-11 8.03576e-11 0.00780363 0.258642 1.88085e-08 5.07472e-07 0.394001 1.29604e-06 2.10244e-06 4.38545e-06 1.45833e-07 0.0023837 1.12958e-07 0.0643547 6.65465e-07 1.19645e-11 0.0303417 1.25614e-06 3.77058e-06 2.46678e-08 1.71761e-06 1.13772e-06 0.127723 2.21495e-06 
0.00147669 0.000829786 0.000178381 0.00186271 0.0016573 0.00362761 0.000209058 0.952169 0.00180175 0.000678762 0.00692279 0.000236889 0.000900007 7.36695e-08 0.00575708 0.000309654 0.000171235 0.00563456 0.000432436 0.00161905 5.46223e-08 0.00252889 0.00292891 0.00768909 0.000378074 
0.0021867 2.32018e-06 1.2829e-10 0.000422025 0.00484052 0.000188331 4.35549e-05 0.00137741 0.000168214 3.47983e-05 0.00109763 0.000139711 0.000145192 8.44922e-08 0.00458238 1.71328e-10 1.35106e-08 0.000947376 0.00324549 3.21218e-05 3.42685e-06 0.000291529 0.000240544 0.00114332 0.978867 
0.0505791 3.46824e-05 9.09559e-10 0.0178014 0.0776193 0.00138422 0.000426586 0.0644594 0.000910687 0.00478817 0.00044994 0.000728934 0.000487191 1.75505e-07 0.0489052 1.24942e-07 1.13937e-07 0.001042 0.00097203 0.0028526 1.84986e-05 0.00138698 0.0140992 0.710345 0.000708352 
0.0987578 3.91345e-05 8.37423e-06 0.248816 0.0213191 0.0709318 0.000348276 0.0087794 0.00314777 0.00343328 0.0278379 0.030416 0.00703992 0.0052469 0.000807162 2.19947e-05 4.53875e-08 9.98873e-06 0.0997027 0.0119589 5.39293e-08 0.133933 0.225072 0.00155922 0.000813378 
5.769e-08 7.91804e-07 4.90044e-10 5.58008e-11 0.605308 0.006879 0.198106 2.58278e-06 1.24269e-10 6.66206e-07 1.27052e-07 8.78963e-08 1.02007e-10 4.24242e-07 2.46235e-06 4.28376e-07 7.29629e-11 0.1446 0.0208731 9.72672e-11 6.06826e-08 0.00242383 0.00478177 0.0144532 0.00256609 
1.99728e-05 0.000426422 9.72318e-09 0.233197 0.0766271 1.36362e-05 1.30815e-05 4.7048e-06 2.46568e-09 1.30737e-05 0.00624427 1.57536e-09 0.000373303 4.09372e-07 0.117155 1.29851e-08 1.44769e-09 2.09013e-06 1.52143e-09 6.84598e-06 5.95766e-09 7.72352e-06 0.0449693 0.4134 0.107527 
0.00595783 0.0304536 7.84961e-06 0.00852045 0.0066215 1.55829e-06 1.11321e-05 0.0952061 2.83767e-06 9.85667e-06 3.68714e-08 1.3924e-08 8.32039e-05 7.34883e-06 5.24074e-08 3.42229e-05 1.27956e-08 2.11542e-06 1.34473e-08 7.90399e-05 5.26575e-08 3.00313e-05 0.19321 0.645692 0.014069 
0.00180241 0.15802 4.04336e-07 0.00760572 0.202727 0.0177337 0.004963 0.027904 0.00145166 0.00101595 0.00394021 5.67019e-05 1.15274e-05 2.42469e-12 1.03533e-08 3.20328e-05 4.96316e-09 0.00479838 0.011353 8.28233e-09 0.000107133 0.0283872 0.451417 0.0765266 0.00014665 
0.526538 1.80267e-09 0.000482966 0.349218 0.0101139 0.000228134 0.00268869 0.0221358 3.73967e-06 5.3069e-10 7.4178e-06 4.39709e-07 0.00138973 1.80865e-09 0.00920014 2.26631e-06 3.25864e-10 1.23359e-07 0.00137565 0.00226043 1.34102e-09 2.49602e-06 0.0577544 0.0165959 1.70437e-06 
1.28429e-05 0.0204183 7.66335e-08 0.132994 0.232632 6.89615e-09 0.00246152 0.240705 0.0917185 0.00806693 0.0114661 5.64604e-07 0.00309995 6.33292e-08 0.000206866 0.000238119 1.141e-08 0.000545029 0.0125761 1.61712e-05 3.24173e-06 3.84734e-06 0.0631927 0.179643 4.39139e-08 
1.58121e-06 0.369671 8.60312e-10 1.41135e-06 0.125246 0.0105429 0.000334812 0.322878 0.000165386 0.00650024 3.69107e-10 2.75658e-07 1.79081e-10 1.66801e-06 2.76882e-06 1.14893e-09 1.28092e-10 1.66723e-07 0.00788548 1.7076e-10 4.17306e-07 0.00428836 0.102635 0.0498446 4.92991e-10 
0.00348084 0.273332 1.38838e-06 0.0120923 0.0459585 0.106807 0.000703755 0.0599852 0.00170673 0.00153555 8.80626e-08 9.68515e-08 0.000266186 5.12435e-12 6.44516e-05 0.000111389 2.27129e-08 8.96022e-07 0.00809563 0.00119299 9.58557e-05 0.0470132 0.366935 0.070621 7.07151e-08 
0.000604633 1.11469e-05 2.18881e-10 0.00197969 0.00041982 0.000255907 0.00912344 0.00145256 3.25021e-05 3.74832e-05 0.000189277 2.52408e-05 5.69258e-05 7.44622e-08 0.00365516 2.74203e-05 6.80641e-08 4.00873e-05 0.000137165 0.000257525 2.96587e-06 0.00107183 0.000831137 0.979718 6.97069e-05 
0.0289156 1.13468e-06 9.55186e-10 0.00205551 0.0131657 0.000405267 3.70301e-07 0.0243637 2.42392e-06 0.000520437 4.09812e-10 1.65761e-05 1.97744e-06 7.89356e-10 0.0464554 7.29131e-05 1.42218e-10 4.9023e-08 1.64543e-07 9.4024e-07 3.22453e-07 8.46683e-07 0.00443037 0.87959 3.30624e-07 
0.0356147 8.44293e-05 6.99175e-07 0.000208218 9.52569e-05 0.00298138 1.62325e-07 0.000459111 9.87504e-05 0.000207754 2.99973e-07 0.000587644 1.45539e-07 0.000887783 0.00337267 9.33731e-07 1.04101e-07 9.77512e-05 1.09403e-07 0.000477762 0.00128152 9.83833e-08 0.0042772 0.949013 0.000252319 
3.7761e-05 1.76556e-09 2.36006e-06 7.20783e-05 1.02446e-05 1.24034e-05 4.97663e-10 3.79699e-05 1.89715e-05 2.44342e-06 2.99822e-05 5.34881e-06 3.13236e-05 2.65889e-06 1.90861e-05 6.01448e-06 3.19156e-10 0.000274166 1.42218e-05 1.62533e-05 1.97144e-06 1.59262e-05 3.64792e-05 7.86052e-05 0.999274 
0.0179308 0.000687961 5.959e-07 8.21411e-06 0.0648493 0.000377425 0.145413 0.000318027 0.00283415 0.000100523 5.99233e-06 0.000304778 0.00651991 4.92446e-07 0.000102526 5.97476e-06 8.87238e-08 0.011582 0.0560431 5.99109e-05 7.29554e-06 0.0348535 6.29312e-05 0.657926 4.94797e-06 
0.0022832 2.61203e-07 3.17126e-07 0.074334 0.00544113 0.00543641 0.000105954 0.0115266 0.00463277 3.20937e-05 0.840861 5.13811e-08 0.00190281 2.6207e-07 0.000424678 4.23514e-07 4.72171e-08 3.17256e-08 4.96221e-08 0.0194942 1.94312e-07 0.00890378 0.0063194 0.0130444 0.00525629 
0.000446606 0.0110442 1.56173e-07 0.00024261 0.000528544 0.00048057 0.000545329 0.000161731 0.000150123 6.99036e-05 9.22253e-05 0.000640467 1.07041e-05 1.2906e-07 0.0118873 8.34072e-05 2.32527e-08 0.000937738 0.00697348 4.15069e-05 0.00105716 0.000603709 0.00101056 0.962918 7.40919e-05 
0.000555425 6.12228e-07 7.43305e-07 0.00106114 2.67195e-05 2.49378e-05 1.7257e-07 6.18859e-05 0.000192091 3.20924e-05 3.18907e-07 1.20431e-07 1.54725e-07 6.1426e-07 0.000263295 3.17507e-05 1.10671e-07 7.43609e-08 1.16308e-07 1.47536e-07 4.55443e-07 0.0221883 3.27539e-08 0.975558 4.25942e-07 
9.88983e-06 0.794454 5.99453e-08 1.96457e-05 0.0253867 0.00090473 0.000587935 0.0034663 0.000420556 0.000320838 0.000590604 0.000235061 1.61393e-06 4.95382e-08 0.000443829 0.000121075 8.92528e-09 0.00246106 3.23602e-05 6.23604e-06 1.67445e-05 9.06016e-05 0.00928726 0.161132 1.11396e-05 
0.000604633 1.11469e-05 2.18881e-10 0.00197969 0.00041982 0.000255907 0.00912344 0.00145256 3.25021e-05 3.74832e-05 0.000189277 2.52408e-05 5.69258e-05 7.44622e-08 0.00365516 2.74203e-05 6.80641e-08 4.00873e-05 0.000137165 0.000257525 2.96587e-06 0.00107183 0.000831137 0.979718 6.97069e-05 
0.00154185 0.0477357 1.28704e-07 0.00109795 0.15356 0.00390148 0.00127871 1.44947e-05 0.0563222 0.00070812 0.00597822 0.00242658 2.31168e-06 5.05576e-06 0.0369712 1.42118e-05 5.53446e-07 0.00519518 0.000411466 0.0011415 2.92526e-05 0.000139074 0.00443044 0.67705 4.41474e-05 
0.0303338 0.000147108 2.13852e-07 6.70787e-05 0.000105947 0.000124388 0.00123376 2.47476e-06 5.42304e-08 2.70637e-05 9.17509e-08 0.000213987 0.0211236 1.76725e-07 8.16305e-06 2.85594e-07 3.18406e-08 1.05317e-05 0.000848416 4.24468e-08 1.15813e-05 3.00919e-08 0.000700253 0.945021 1.9755e-05 
0.00683766 0.000561198 3.27199e-08 6.65339e-06 2.68577e-05 2.4421e-05 9.13297e-06 8.22093e-06 0.00968635 0.00629161 0.00189079 5.15551e-06 5.49057e-07 2.70394e-08 2.65414e-06 4.27119e-06 4.87169e-09 4.76508e-05 0.0051465 0.00974225 5.67724e-06 0.00433925 0.0469079 0.908451 3.77896e-06 
0.0221522 0.0001864 3.43532e-05 0.0454239 0.134878 0.0772812 0.00420776 0.0806242 0.120792 0.0013555 0.0944259 0.0253124 0.00441092 0.000303789 0.000469491 9.33874e-06 2.6743e-05 0.00313335 0.00611418 0.0184784 1.29638e-08 0.140731 0.0586221 0.158956 0.00207114 
5.25031e-07 2.98768e-11 3.62733e-11 0.000944239 0.00477818 3.26419e-12 0.000105534 0.991519 1.31679e-07 2.13606e-07 2.01584e-05 1.48205e-08 5.78549e-09 1.14992e-08 0.000319285 6.76457e-08 5.40075e-12 5.22385e-07 1.27623e-07 0.000131221 2.22257e-11 0.000593628 1.15588e-07 0.000864406 0.00072237 
0.00547321 3.42851e-07 1.06792e-09 0.00636232 0.0415491 0.00534005 1.60352e-06 0.048466 0.000204245 0.00128716 4.04458e-06 0.000163011 0.027164 3.61909e-06 0.173777 8.76539e-07 1.59003e-10 0.000534819 4.53536e-06 0.0232184 0.0383907 2.07468e-05 0.0258639 0.569561 0.0326092 
0.0217892 0.0882051 2.73906e-05 0.0133642 0.0501472 0.0317686 0.000290591 0.00169 0.000479852 0.00748353 0.000214827 1.66896e-05 0.00115248 4.38523e-07 0.00327089 1.74872e-05 1.02103e-07 0.00528172 0.0106972 0.000139304 9.03095e-06 0.0210244 0.066235 0.675002 0.00169269 
4.98364e-05 0.0516746 2.26101e-08 2.01983e-05 0.00759535 0.000319015 0.000509177 0.0036261 0.000125429 0.000315811 0.000137749 0.000541941 6.36664e-06 5.27735e-06 0.000663405 2.98566e-05 3.36643e-09 0.000832883 0.000434188 6.40512e-06 0.00018489 9.31652e-05 0.00500545 0.927689 0.000133838 
0.042728 0.000284341 6.35106e-07 0.0851093 0.00586816 0.000329522 0.00160256 0.000301749 0.0118053 1.53999e-07 0.0285114 1.029e-07 0.000192004 5.24845e-07 0.0417967 8.48168e-07 9.45612e-08 6.35366e-08 0.00162169 0.0357842 0.000164695 0.000754068 0.00274777 0.730808 0.00958767 
0.00508842 8.25012e-05 5.13004e-06 0.00995399 0.00329005 0.00222105 0.0139838 0.00880612 0.0027671 0.00188718 0.000548331 0.000110014 3.20294e-05 2.88631e-05 0.00930016 9.88621e-06 4.59946e-08 0.000778546 0.000180604 0.00332783 3.7224e-05 0.00371425 0.00339096 0.930358 9.81208e-05 
0.0176558 0.875222 1.58174e-09 1.68538e-06 0.0159431 0.00129433 0.00120213 0.00395175 0.00062062 0.0263472 0.000343605 6.341e-05 1.56539e-06 2.58657e-08 2.32063e-06 0.0168356 6.84351e-07 5.14665e-05 0.000118668 3.26223e-06 4.75814e-05 0.000714968 0.00130668 0.0105944 0.0276767 
0.00178557 1.53292e-08 2.19768e-11 0.00217996 0.36495 0.00441007 0.00638047 1.93599e-05 0.00290862 0.0325219 5.13186e-08 1.0716e-07 2.55433e-08 1.02667e-07 3.74223e-08 2.36599e-09 3.27213e-12 0.358929 7.08411e-08 0.0115308 1.90046e-09 5.47795e-06 0.213464 0.000496005 0.000418009 
0.000604633 1.11469e-05 2.18881e-10 0.00197969 0.00041982 0.000255907 0.00912344 0.00145256 3.25021e-05 3.74832e-05 0.000189277 2.52408e-05 5.69258e-05 7.44622e-08 0.00365516 2.74203e-05 6.80641e-08 4.00873e-05 0.000137165 0.000257525 2.96587e-06 0.00107183 0.000831137 0.979718 6.97069e-05 
0.0006304 3.20179e-05 1.88136e-11 0.0252685 0.184488 1.39318e-06 0.00859137 0.0198316 4.35111e-07 0.000952198 2.67184e-07 2.9385e-07 3.0942e-08 1.55474e-11 0.000105365 2.41227e-07 2.80117e-12 0.104395 6.24981e-07 1.20247e-07 3.22785e-07 0.013828 2.9297e-06 0.64187 2.14551e-07 
0.0028306 0.161444 3.04661e-11 0.00876867 0.0392558 0.0171728 0.000697659 0.0159154 0.00179701 0.00343517 0.00272706 0.00109263 0.000348509 6.90587e-08 0.00226857 5.06449e-05 2.07139e-08 0.00393268 0.000389123 0.00315011 5.09934e-08 0.0164814 0.116334 0.601881 2.68622e-05 
0.000604633 1.11469e-05 2.18881e-10 0.00197969 0.00041982 0.000255907 0.00912344 0.00145256 3.25021e-05 3.74832e-05 0.000189277 2.52408e-05 5.69258e-05 7.44622e-08 0.00365516 2.74203e-05 6.80641e-08 4.00873e-05 0.000137165 0.000257525 2.96587e-06 0.00107183 0.000831137 0.979718 6.97069e-05 
0.0135309 3.29989e-05 0.000897912 0.0206957 0.0875488 9.37694e-05 0.00325315 0.0134185 0.0150634 0.0237506 5.14191e-05 4.15637e-06 2.12205e-05 1.41945e-05 0.498953 0.0262437 3.31469e-06 0.000156215 9.21531e-05 0.0028805 7.40814e-06 0.0172481 0.0078133 0.263794 0.00443158 
0.128668 0.0232274 2.52518e-10 0.0631195 0.00528353 2.25942e-08 8.95678e-05 0.0476467 2.76522e-07 0.376203 2.74993e-06 0.00185455 0.193848 3.93787e-05 6.0532e-08 3.37232e-10 3.75976e-11 1.28791e-07 0.0195945 0.0404187 7.61342e-06 0.00269141 0.0475441 0.0496737 8.6535e-05 
0.000146876 0.000340929 2.84524e-06 0.0519404 1.45277e-07 0.000194109 1.12058e-05 0.000337919 0.00086916 1.32769e-05 1.22072e-06 0.000192652 2.61828e-06 8.38377e-06 0.0547114 3.79975e-06 4.23629e-07 2.57035e-05 0.000925251 0.000509273 9.69496e-06 4.00364e-07 3.23483e-06 0.889743 5.81351e-06 
1.05095e-06 0.105896 1.03535e-10 0.0187933 0.215879 0.000774357 2.86526e-06 0.0327687 0.0112565 0.00624332 1.47036e-06 1.61711e-06 0.000647231 8.556e-11 8.27159e-07 1.32751e-06 1.54153e-11 0.023952 3.43938e-06 6.61738e-07 1.77634e-06 0.000972771 0.125773 0.457028 1.18071e-06 
0.00364343 0.00188307 7.83409e-08 0.00334891 0.013619 0.00148786 0.000476377 0.00192581 0.00195351 0.000135635 0.000684928 0.000159742 0.000719918 8.78731e-08 0.0780035 5.46267e-06 7.17144e-08 0.00176132 0.00264402 0.00244324 1.31905e-06 0.0012492 0.00807703 0.87247 0.00330689 
0.0001533 0.150821 1.10556e-10 0.0123256 0.06782 0.00171506 0.00246079 0.00986745 0.00022972 0.000448668 0.00149097 0.000135023 2.86047e-07 9.13622e-11 0.000161764 2.05792e-05 1.37068e-09 0.0268365 0.00076467 1.0229e-05 9.94109e-06 0.00400738 0.0165466 0.704169 4.74419e-06 
0.0954613 1.66697e-05 3.04231e-09 0.283446 0.0301227 3.44981e-06 0.000573989 0.00655742 0.00572851 0.0142074 0.0106731 0.00131044 0.0045681 0.000557033 5.19763e-06 4.35991e-06 7.09525e-07 0.000324294 0.240641 0.208738 1.8641e-09 0.0645743 0.00398309 0.0285005 1.90894e-06 
0.000604633 1.11469e-05 2.18881e-10 0.00197969 0.00041982 0.000255907 0.00912344 0.00145256 3.25021e-05 3.74832e-05 0.000189277 2.52408e-05 5.69258e-05 7.44622e-08 0.00365516 2.74203e-05 6.80641e-08 4.00873e-05 0.000137165 0.000257525 2.96587e-06 0.00107183 0.000831137 0.979718 6.97069e-05 
6.3657e-12 6.83375e-11 8.29684e-11 0.00101294 4.23632e-12 0.0132123 0.000701146 0.0349325 8.46576e-05 0.000248942 0.00106195 3.0362e-08 0.000590101 6.85643e-11 0.00512834 7.92393e-05 1.23532e-11 3.4946e-09 0.0241238 1.64681e-11 7.56096e-08 0.588631 0.21916 0.110181 0.000851556 
0.00121977 0.00109924 1.25808e-07 0.300029 0.0177085 0.0499477 0.000319378 0.0236061 0.00135962 6.9923e-05 2.17831e-06 2.85013e-11 0.00785805 6.59777e-05 2.11919e-07 0.00057746 2.61915e-11 4.96394e-08 0.00254867 0.00101358 2.02722e-07 0.00189923 0.590675 1.91961e-08 2.98656e-07 
0.00706807 2.10047e-10 2.55017e-10 0.109582 0.135936 0.00632337 0.00697491 0.00509465 0.5863 7.19128e-05 3.0364e-06 2.60716e-07 2.38546e-05 2.10744e-10 2.51331e-07 3.40569e-10 3.79696e-11 2.64545e-05 0.000291923 0.00309591 1.56256e-10 0.00358142 0.135344 0.000269617 1.3184e-05 
0.128668 0.0232274 2.52518e-10 0.0631195 0.00528353 2.25942e-08 8.95678e-05 0.0476467 2.76522e-07 0.376203 2.74993e-06 0.00185455 0.193848 3.93787e-05 6.0532e-08 3.37232e-10 3.75976e-11 1.28791e-07 0.0195945 0.0404187 7.61342e-06 0.00269141 0.0475441 0.0496737 8.6535e-05 
1.85546e-06 0.133433 1.24634e-09 3.68618e-06 0.0249326 0.000821652 0.00046923 0.00307055 0.000317074 0.00378381 0.00316569 0.000177661 3.00837e-07 1.02996e-09 0.000154968 3.35199e-05 1.85568e-10 0.00230735 6.07214e-06 1.16846e-06 3.13665e-06 1.70037e-05 0.00910003 0.818198 2.08507e-06 
0.00463194 0.000126381 3.52136e-06 0.0170941 0.0772169 0.0156434 0.00157378 0.00618606 0.0106387 0.00176055 0.00616075 0.0160538 0.000531633 0.126469 0.339563 0.000175826 1.8777e-05 1.76945e-05 0.00928807 0.0298994 2.16118e-05 0.0980535 0.0334097 0.193932 0.0115311 
0.00769861 9.56089e-06 0.000418183 0.0112003 0.00153538 0.000988472 1.73493e-05 0.005734 0.000772284 0.00015038 5.08656e-05 0.000904539 0.000291117 1.18961e-05 0.0018175 3.54371e-05 9.60365e-07 0.00230247 0.00266252 0.000680947 4.13284e-05 0.00107649 0.0198726 0.931878 0.00984848 
0.0195311 0.0264706 1.49663e-09 0.0279519 0.0227777 0.00743413 0.102715 0.0224428 0.0154735 0.000534002 8.71376e-05 0.000296401 3.15631e-08 0.000228337 7.20692e-05 4.00396e-06 1.23233e-06 0.044474 0.000248363 2.37048e-05 2.58758e-06 0.00217321 0.159207 0.538532 0.00932035 
3.8486e-07 1.39953e-09 1.69917e-09 3.3781e-08 0.0364818 1.52906e-10 1.6564e-06 0.0343747 0.0172122 8.39178e-07 7.29008e-10 2.89882e-07 3.53695e-10 1.40417e-09 0.000317596 2.26919e-09 2.5299e-10 8.82075e-06 2.65876e-10 1.29351e-07 1.04112e-09 0.000288283 0.000284939 0.911028 9.73686e-10 
6.24385e-05 2.64028e-06 3.20556e-06 8.8335e-05 3.74944e-05 0.00135136 0.0510696 6.31383e-05 0.00680613 7.77276e-07 0.792094 5.19368e-07 1.46238e-05 0.142777 2.6439e-06 4.28094e-06 9.82023e-07 4.6165e-06 0.0015574 6.79242e-05 3.34891e-06 0.00345884 4.96535e-05 0.000276043 0.000203007 
3.76061e-05 1.52459e-09 0.00171717 2.27002e-05 0.199889 1.66569e-10 4.16891e-06 0.436427 0.0305954 3.81546e-06 7.94149e-10 2.999e-10 3.85299e-10 1.52964e-09 1.12877e-09 3.9576e-06 2.75596e-10 2.4445e-06 2.89633e-10 0.000931427 1.13415e-09 2.6046e-10 5.56276e-06 0.330344 1.58053e-05 
2.43245e-05 0.00407818 2.39633e-09 4.83251e-05 0.00019517 0.000177452 6.6317e-05 5.97147e-05 5.5421e-05 2.57995e-05 3.40318e-05 3.74283e-05 3.94114e-06 1.9803e-09 1.91448e-05 3.07255e-05 3.56791e-10 0.000346268 7.96051e-05 1.53161e-05 4.11137e-05 0.00022292 0.000373162 0.994038 2.73278e-05 
6.34226e-13 6.80858e-12 8.26628e-12 2.74337e-06 0.034968 0.000426891 0.00083032 1.22121e-08 0.963727 1.37089e-09 3.54656e-12 2.53664e-10 1.72069e-12 6.83117e-12 5.04091e-12 5.81985e-10 1.23077e-12 7.89561e-10 3.97642e-09 1.64075e-12 3.48172e-10 3.49531e-06 4.13566e-05 2.02645e-09 5.47084e-09 
0.000604633 1.11469e-05 2.18881e-10 0.00197969 0.00041982 0.000255907 0.00912344 0.00145256 3.25021e-05 3.74832e-05 0.000189277 2.52408e-05 5.69258e-05 7.44622e-08 0.00365516 2.74203e-05 6.80641e-08 4.00873e-05 0.000137165 0.000257525 2.96587e-06 0.00107183 0.000831137 0.979718 6.97069e-05 
0.0159232 6.59659e-06 3.87614e-12 0.00566721 0.0590351 2.87035e-07 0.00363656 0.0155705 0.00251014 0.0152487 5.50475e-08 0.00560619 0.000391427 4.80512e-08 0.000325187 0.000710752 9.69616e-09 0.0108665 0.45245 2.47742e-08 0.000166323 0.032705 0.162792 0.213819 0.00256827 
0.00167318 0.00324285 7.388e-11 0.000861191 0.467134 0.0104043 0.00590078 0.0188629 0.12451 0.00261711 1.61916e-05 0.000127469 4.66623e-06 1.49706e-08 5.22107e-05 1.04911e-07 1.27708e-08 0.273392 2.71593e-07 5.22656e-08 1.40305e-07 0.0100905 0.0420061 0.0353972 0.00370559 
1.49399e-06 7.20445e-06 1.65004e-09 5.91865e-06 0.0486436 0.0811186 3.86955e-06 0.143942 4.18431e-10 4.00098e-10 3.75274e-06 2.67341e-10 0.00252982 1.36358e-09 2.16348e-05 2.20359e-09 2.45676e-10 1.66723e-08 4.33783e-06 8.8759e-06 1.01103e-09 0.0427877 0.0129697 0.300572 0.367379 
0.180446 6.27288e-06 6.44603e-09 0.00791504 0.00186985 0.00538739 1.49655e-09 0.162477 2.02954e-06 6.58824e-05 2.7656e-09 1.96033e-06 1.21002e-05 5.32694e-09 2.2365e-05 8.08342e-06 9.59753e-10 9.7627e-07 5.9148e-05 0.00917949 3.94966e-09 9.5794e-06 0.0361679 0.279184 0.317185 
0.0053037 0.000121991 3.23915e-07 0.00413026 0.0116122 0.00190194 0.000251989 0.000824987 0.00147055 8.58932e-05 1.38972e-07 0.000455978 6.74254e-08 2.6768e-07 0.205321 4.3258e-07 4.82278e-08 3.24047e-08 5.06843e-08 0.00190079 2.1645e-05 0.00503911 0.00935819 0.752199 1.85615e-07 
0.0797194 0.000114589 1.63402e-07 0.0739994 0.0139015 0.0329905 0.00530319 0.0328571 0.00191505 1.6367e-07 0.00330496 0.00040941 0.0164011 0.0046589 0.000490784 0.000359387 1.63703e-07 0.524446 0.0550526 0.00283192 0.000327242 0.0765654 0.0714888 1.63704e-07 0.00286236 
0.000604633 1.11469e-05 2.18881e-10 0.00197969 0.00041982 0.000255907 0.00912344 0.00145256 3.25021e-05 3.74832e-05 0.000189277 2.52408e-05 5.69258e-05 7.44622e-08 0.00365516 2.74203e-05 6.80641e-08 4.00873e-05 0.000137165 0.000257525 2.96587e-06 0.00107183 0.000831137 0.979718 6.97069e-05 
