0.0247981 0.00021119 0.000465975 0.0302278 0.0803065 0.0224224 0.0326068 0.00368045 0.0287615 0.0324771 0.000662766 0.0522347 0.00284206 0.000358315 0.000586036 1.83964e-05 0.303641 0.113641 0.0331175 0.013581 0.00400505 0.0858494 0.0863178 0.0388047 0.00838195 
0.08741 8.98943e-05 0.00012745 0.00605981 0.00275406 0.0461091 0.000871173 0.0100079 0.0160714 0.0747301 0.00117026 0.00376531 0.0146449 0.000143294 0.000847477 1.96382e-05 0.506148 0.000981698 0.0220507 0.0678138 0.00410062 0.106362 0.0184988 0.00921626 6.35496e-06 
0.0780181 2.05241e-08 1.02335e-11 0.00220539 0.0134505 0.00196225 0.00121209 0.0239354 0.000135081 0.00182228 1.41261e-05 1.40835e-05 0.00196719 1.1288e-05 1.45324e-08 2.65541e-05 0.549759 0.00429801 0.00536443 3.38065e-05 1.12869e-05 0.00267982 0.272941 0.040004 0.000134225 
0.00133221 1.9049e-05 1.77516e-06 0.000425227 0.0153038 0.00564038 5.73644e-05 0.00131265 0.0057644 0.000319257 0.000348053 2.03104e-05 0.000799336 2.52436e-05 7.21872e-05 2.91657e-05 0.769246 5.38029e-05 0.0196676 0.000145812 9.7731e-06 0.00416326 0.119464 0.0557639 1.59719e-05 
0.0130208 0.000157841 3.50597e-06 0.000589606 0.013937 0.000798256 0.0449757 0.0119007 0.125399 0.0148754 0.00202941 0.000153571 0.00512397 5.31896e-05 3.04041e-05 6.40313e-05 0.407344 3.7747e-05 0.00440422 0.0102653 0.312574 0.010143 0.00415788 0.0179536 8.28826e-06 
0.0630394 0.00015031 1.99015e-06 0.017398 0.0236911 0.0949483 0.0216877 0.0721166 0.00295391 0.0131855 0.000999107 4.04225e-05 0.0214428 0.00030424 0.00047544 2.09988e-05 0.170333 0.0118426 0.0958244 0.0431682 7.99091e-06 0.158943 0.148293 0.0371326 0.00199945 
0.00209186 5.85756e-06 1.31988e-10 0.00134659 0.00197446 0.000391104 6.57559e-05 0.003725 3.83013e-05 0.00267684 1.50511e-05 6.72236e-05 0.00100779 4.70832e-06 0.000884032 8.0077e-05 0.572756 3.14268e-05 0.000466654 0.0108351 5.49945e-07 0.353482 0.0243447 0.023704 5.67768e-06 
0.0207963 1.6528e-06 2.67746e-06 0.00192964 0.00513102 0.0140366 6.39867e-05 0.016028 0.000247812 0.0553874 0.000142503 6.28457e-05 0.00157364 2.78075e-07 0.0138083 4.18174e-05 0.495401 6.77769e-05 0.0987896 0.00167781 3.39958e-05 0.0185333 0.233486 0.0219633 0.000793757 
0.0620662 0.00669414 0.0209377 0.014707 0.0611493 0.0196506 0.0151621 0.0349006 0.0297776 0.0149546 0.00700091 5.56045e-05 0.00643461 1.43764e-05 0.00184622 0.228194 0.232981 0.00619645 0.00396155 0.00511178 0.00305193 0.0681405 0.145335 0.0115431 0.000133388 
0.0614396 0.000168868 1.69103e-06 0.0110465 0.00384846 0.0360277 0.000154806 0.00877884 0.000895367 0.00869075 9.0363e-05 0.000551656 0.00046601 0.00330231 1.3536e-05 1.00634e-05 0.674242 0.00201673 0.0399938 0.00198303 0.000141673 0.0170117 0.119137 0.00992759 5.97565e-05 
0.00826755 5.42973e-05 1.32899e-06 0.00171324 0.0178094 0.0706726 0.00864431 0.00928812 0.000237672 0.00178128 0.00023874 5.26503e-05 0.00109714 4.84023e-06 9.61718e-05 0.000496425 0.649853 0.00192131 0.0736797 0.00274206 3.27925e-05 0.0129761 0.115047 0.0229993 0.0002924 
0.0435206 3.87733e-06 2.92049e-09 0.000429215 0.00265223 0.000389579 4.32384e-05 0.00469132 0.000105749 0.00378164 0.000410673 2.54518e-05 0.000391158 1.84038e-08 0.00146978 4.05602e-06 0.662844 0.00244729 0.0121542 0.00489559 0.000237047 0.00600305 0.0985134 0.154381 0.000605292 
0.145437 0.00403654 5.31043e-07 0.0538099 0.0310217 0.0233628 7.11774e-08 0.0610539 0.0248188 0.0185136 0.000163979 0.00199502 0.00158995 7.85783e-08 6.06467e-07 1.52354e-07 0.419379 0.000304738 0.0227266 0.00026891 6.28501e-06 0.0504911 0.0885934 0.0521185 0.000306792 
0.0254493 6.62946e-05 9.04835e-07 0.00914853 0.0365891 0.00140635 0.00679894 0.0369407 0.00354893 0.00264819 0.0111568 0.000471353 0.038086 3.24267e-06 4.47505e-05 1.20838e-06 0.627176 0.000226707 1.41583e-07 0.0223707 2.40428e-06 0.000569985 0.0151152 0.161391 0.000786994 
0.01887 5.21254e-09 3.22783e-05 0.00219296 0.0233714 0.0491713 0.00899082 0.030198 0.000955103 0.00927543 0.000274403 0.000245002 0.00959084 7.20416e-06 0.000122387 4.12458e-05 0.313867 0.0977486 0.269379 0.000584981 9.65536e-07 0.118609 0.0387224 0.00770279 4.75502e-05 
0.0145738 4.47989e-09 8.6659e-06 0.00419424 0.00200604 0.00319924 0.0153042 0.00445194 2.06856e-06 0.16852 0.0827645 2.81251e-05 1.25809e-06 0.000390432 2.31876e-06 0.000222162 0.423413 0.00257835 0.0429657 4.01451e-06 2.98302e-08 0.0694536 0.00686616 0.15141 0.00764018 
0.0162627 1.77257e-06 3.49487e-06 0.0432194 0.0763656 0.0611261 0.000282282 0.0236581 0.00194431 0.000539712 0.0356002 1.22121e-06 0.00758389 0.000135445 0.00304842 8.44432e-06 0.477172 0.00156563 0.000111597 0.0162659 1.70629e-06 0.0512123 0.181777 0.0020684 4.47272e-05 
0.0358198 7.20368e-05 1.19566e-08 0.000834523 0.00388416 0.00575929 0.000777062 0.00814386 0.00273696 0.0131791 4.30167e-05 0.0424552 0.0145531 8.44908e-07 0.000327172 9.33331e-05 0.420843 0.000276561 0.0442336 0.00166708 0.076738 0.117323 0.0740501 0.135946 0.000243523 
0.0934158 0.000340602 3.64301e-08 0.0221295 0.107492 0.0403136 0.00790238 0.0254293 0.0106725 0.00752842 0.000751857 5.16517e-05 0.0140045 1.53765e-05 0.0225253 0.000175883 0.379103 0.000101714 0.00788493 0.00117706 0.00174984 0.0572251 0.181039 0.0109152 0.00805595 
0.0956457 0.00188538 4.10097e-08 0.0121374 0.0495591 0.0674737 0.0248844 0.0987911 0.0296175 0.0114048 0.0175496 4.39938e-05 0.0346262 0.00637984 0.00196767 1.8173e-05 0.192412 0.00681245 0.0302997 0.00956437 4.30857e-06 0.153817 0.129962 0.0246456 0.000499 
0.011374 4.90585e-06 1.37108e-08 9.6364e-05 0.00109047 0.204696 1.61377e-05 0.00310256 2.20914e-05 0.00159334 6.48065e-05 1.30891e-06 0.0052082 1.90136e-06 7.04152e-08 5.55711e-06 0.651017 0.000790731 0.0126416 0.000245062 1.54153e-07 0.0957091 0.00990227 0.00042726 0.00198898 
0.0473264 0.000140121 2.06156e-07 0.019082 0.0402366 0.0635684 0.00974249 0.0655241 0.00274383 0.00876046 0.0203357 2.95643e-05 0.0717183 0.000190252 0.00299789 1.03695e-05 0.289885 0.0483724 0.0487652 0.0143031 1.67989e-05 0.0365582 0.206651 0.00296698 7.50348e-05 
0.0290807 1.47663e-05 3.10127e-07 0.010429 0.0166417 0.0115732 0.0039307 0.0380925 0.000483022 0.00874924 0.000563121 0.000950166 0.00616971 0.000588015 0.00390401 0.00317488 0.523473 0.0180345 0.193387 0.0019388 4.6626e-06 0.0382092 0.0543612 0.0361076 0.000139336 
0.208471 0.00027527 0.00141502 0.0220042 0.000790427 0.0204323 5.99402e-05 0.010078 0.000967349 0.0778082 0.000933896 0.00480098 0.016228 3.08204e-05 6.73422e-06 6.73735e-07 0.301994 3.39208e-06 0.00516141 0.0276565 0.000192483 0.173493 0.115432 0.0117646 1.02139e-07 
0.029269 0.000616054 0.00486955 0.00107115 0.264644 0.137516 0.0428017 0.0884999 0.00131418 0.0014502 0.000554194 3.41435e-05 0.0114124 1.85631e-05 1.0462e-05 8.8568e-07 0.275222 0.00322073 0.0058859 0.00613203 0.000126398 0.00881773 0.0261751 0.0889701 0.00136812 
0.0127299 3.45081e-06 3.65805e-12 0.000154791 0.000349259 0.0219385 1.78623e-05 0.00563907 7.31734e-05 0.00103953 1.04073e-05 1.43819e-05 0.00116134 1.77541e-07 2.80506e-05 1.08587e-05 0.613272 1.99592e-05 0.131904 0.000216168 2.65631e-05 0.0677506 0.133706 0.00976739 0.000167045 
0.0768829 0.00294596 5.40475e-07 0.00569313 0.0182743 0.0499954 0.00204539 0.0274622 0.0015805 0.00199738 0.00119792 4.39339e-05 0.00214956 2.896e-05 5.45586e-05 0.000125496 0.373991 0.00150457 0.00535592 0.0165202 0.00180463 0.0429256 0.348611 0.0187998 9.61346e-06 
0.0144766 6.21417e-08 1.46958e-10 0.00563321 6.27635e-05 0.0172176 1.23679e-05 0.000603317 5.17053e-06 0.000153014 0.000167902 1.26428e-05 0.0593367 3.16608e-08 1.02936e-06 6.14966e-08 0.630887 1.39786e-06 0.00120735 0.0318901 2.29184e-08 0.00107271 0.237243 1.60402e-05 1.22439e-07 
0.0583597 0.00584236 0.00189566 0.00865116 0.030419 0.00822052 0.00107932 0.0538245 0.000116906 0.00106387 0.0360416 4.92969e-05 0.0312343 0.00148888 3.92904e-05 0.00345798 0.442421 0.000313345 0.00398566 0.0229526 0.00298995 0.0145041 0.242731 0.0283015 1.65165e-05 
0.0126715 0.000623388 2.79589e-05 2.7344e-07 0.015035 0.0222762 0.000179022 0.0271408 0.000115764 0.000746977 9.25637e-08 0.00116512 1.37315e-05 7.28769e-08 0.000195144 0.00013865 0.364376 0.0389643 0.00259077 1.24168e-07 0.000297973 0.0123446 0.161627 0.339239 0.000230427 
0.0289154 2.80179e-07 1.26131e-09 0.00644998 0.00547585 0.00177348 5.88756e-05 0.00330969 9.98357e-05 0.000688282 0.00105298 0.000141289 0.0111599 1.93993e-08 0.00010165 0.000113433 0.544897 1.68206e-05 0.0195496 0.00136895 0.000867123 0.0233871 0.214419 0.136114 3.97169e-05 
0.0305835 0.000454846 4.00206e-12 0.000105585 0.000771704 0.0346483 0.000138155 0.00820447 2.97301e-09 0.00561858 3.08804e-09 0.000136186 0.000157022 3.59659e-08 4.33661e-05 4.4231e-05 0.357688 6.58743e-05 0.206102 4.25015e-05 0.000289105 0.104941 0.196373 0.0530538 0.000539663 
0.0116067 0.000625137 0.000195045 0.0249976 0.0149984 0.0791604 0.00165731 0.0273259 0.000175393 0.0106543 0.000118422 0.00055953 0.05419 1.41394e-06 2.18807e-06 7.82073e-05 0.414129 0.000950916 0.0603019 0.0300541 5.37365e-06 0.151134 0.109172 0.00787946 2.67993e-05 
0.139764 8.00209e-07 0.0293794 0.0473892 0.0887193 0.030522 0.000466973 0.0292197 0.00175002 0.000812504 0.00172642 0.000221014 0.0377986 1.41999e-06 0.000131724 2.18516e-05 0.252002 0.00194168 0.0294805 0.0619428 4.31701e-05 0.117024 0.101903 0.0274452 0.000293426 
0.0475798 1.60464e-06 1.55703e-09 0.00272262 0.00977046 0.027841 0.00211565 0.0286391 0.000194021 0.00091282 0.016427 6.92908e-06 0.0272072 3.09129e-05 0.000213119 0.000118112 0.58529 0.0159243 0.0102799 0.0042596 1.42391e-07 0.00910789 0.138799 0.0722532 0.00030567 
0.0142226 8.40655e-08 1.02064e-07 0.00195975 0.000726162 0.0013153 0.000845942 0.0313573 0.000105664 2.13506e-05 0.0332675 0.000213693 0.115031 1.01344e-05 2.37194e-05 3.11931e-06 0.620592 0.000344174 0.000863392 0.00131141 0.00301903 0.000660198 0.052268 0.121824 1.42485e-05 
0.0636682 0.000279126 1.7421e-08 0.0241868 0.0567345 0.0205471 9.03456e-05 0.0228494 0.000513811 0.022954 0.000963007 1.19309e-05 0.000558914 0.000127845 2.69295e-05 2.77341e-06 0.4053 4.5041e-07 0.00221454 0.000480725 3.71401e-08 0.0141185 0.338647 0.0254028 0.000321593 
0.000560268 6.70223e-07 8.13716e-07 7.3731e-05 0.00025526 0.000429575 5.12069e-05 0.000426426 4.97235e-06 0.000133426 2.69769e-05 6.21935e-07 0.000171252 7.95018e-06 1.74303e-06 7.99424e-06 0.99157 1.61917e-05 4.29928e-05 5.33977e-05 2.75875e-06 0.000231406 0.00545903 0.000467599 3.41919e-06 
0.0441182 3.06168e-06 3.03338e-10 0.157137 0.00222258 0.00240808 7.02979e-08 0.025965 0.00469886 0.00237942 0.00484708 8.66823e-05 0.000883222 1.7483e-07 6.3067e-08 1.49587e-07 0.407105 0.000328088 0.00308389 0.00030402 1.02666e-05 0.0367612 0.280212 0.0270315 0.000414117 
0.034143 9.82517e-05 1.40413e-05 0.00286878 0.00580311 0.0323145 0.000589098 0.0232621 0.000181201 0.00142035 8.4797e-05 0.000517538 0.00114196 1.45142e-06 7.70216e-07 4.22937e-06 0.317195 2.38842e-05 0.00331038 0.0236556 0.00985366 0.220634 0.0527492 0.270022 0.000110866 
0.00253483 5.81445e-07 7.0593e-07 0.00110937 0.00107416 6.35258e-08 1.63893e-07 0.00327567 0.00211256 0.000599274 3.02872e-07 0.000183116 0.0011904 5.83374e-07 0.00331519 9.42753e-07 0.957549 7.06219e-08 0.00195524 7.01991e-05 4.32543e-07 0.00248345 0.00579216 0.0167508 4.04525e-07 
0.0119723 1.40497e-05 3.63828e-12 0.0159876 0.00367053 0.0249902 3.11436e-05 0.00394644 0.000204147 0.00273393 0.000295995 5.20066e-05 0.00222514 4.20401e-05 0.00036648 5.64851e-05 0.432248 0.00188783 0.348916 0.00304079 0.000406786 0.0196941 0.104561 0.0198107 0.00284587 
0.0767364 5.02853e-07 3.46516e-05 0.0308691 0.283638 0.132791 0.00379024 1.14979e-05 0.00878662 0.000119936 1.75905e-06 0.000219713 9.94231e-06 0.00677295 4.04765e-05 3.70158e-06 0.302641 0.00108356 0.0350803 3.14608e-05 5.80989e-07 0.000870536 0.0537122 0.0627505 3.96202e-06 
0.0355614 2.97053e-06 2.44687e-07 0.00180983 0.000435615 0.00014898 1.15653e-05 0.000352796 0.000108915 0.00242436 2.70999e-05 0.000126233 0.00330067 4.14637e-11 3.28644e-05 1.45662e-07 0.525955 6.50644e-06 0.000130361 0.000243187 4.20998e-08 0.0945196 0.327662 0.00713233 7.60058e-06 
0.0441962 0.000308907 2.646e-12 0.00293353 0.0164453 0.0932219 0.00135616 0.0126202 2.51182e-07 0.017287 0.000373181 1.93104e-05 0.000473556 0.00233556 1.61357e-12 6.32777e-05 0.556505 0.00197418 0.0106825 0.00135935 6.74613e-05 0.029875 0.189969 0.0178206 0.000112386 
0.0211643 5.43752e-05 8.33685e-06 0.0482637 0.0195796 0.0252896 0.000258689 0.0309945 0.00548509 0.0253019 0.0517284 0.000378667 0.000765628 1.19583e-06 0.0030091 2.52315e-05 0.366018 0.0099311 0.00104903 0.00457664 0.0019219 0.0052121 0.205433 0.173017 0.00053295 
0.0115574 7.08597e-05 6.08898e-09 0.0332336 0.0167326 0.236717 0.00487945 0.010447 0.000311067 0.000423222 0.000163555 5.57978e-06 0.0349457 1.36047e-06 1.01115e-05 2.42329e-05 0.272005 0.00117857 0.139626 0.00145132 9.68089e-08 0.129486 0.10445 0.00223573 4.35087e-05 
0.0341121 0.000354916 0.000188438 0.0167715 0.0290442 0.0282707 0.0171515 0.010519 0.0110679 0.0728989 0.00142326 0.0474605 0.00244787 0.00055867 0.000505646 0.000267043 0.321946 0.0063597 0.0492547 0.0187876 0.00244054 0.149035 0.122115 0.0529082 0.00411125 
0.00952595 9.06829e-08 6.89664e-09 0.0500615 0.00455869 0.0282956 0.0336088 0.0747174 0.000850782 0.00815857 0.00305351 1.45748e-05 0.0602752 5.61975e-06 2.6384e-05 1.95443e-05 0.383039 0.00398133 0.0209561 0.00121426 5.3325e-08 0.251088 0.00556748 0.0546261 0.00635542 
0.00264823 5.0101e-05 2.02084e-07 0.00297305 0.00328433 0.0313459 0.00133249 0.0193665 0.000281904 0.00056846 0.00417912 3.27418e-08 0.00410562 0.000467766 1.23234e-07 0.000863881 0.896183 0.000699519 0.00435423 0.00415152 1.23822e-07 0.00649197 0.0152995 0.000912546 0.000440164 
0.00048419 1.03938e-06 1.2619e-06 1.43692e-07 0.000148259 1.13557e-07 2.92972e-07 0.00164213 3.20004e-07 0.000826462 5.41406e-07 0.000184214 0.000972162 0.00312953 7.6953e-07 1.68524e-06 0.984895 1.26242e-07 1.97456e-07 2.50471e-07 7.73203e-07 1.77567e-07 5.56061e-08 0.00770948 7.2312e-07 
0.00778456 4.07844e-08 2.41395e-10 4.40689e-07 0.00684713 8.28214e-07 0.099331 0.00193624 0.316601 0.000498069 1.43421e-06 1.30716e-08 5.3445e-07 0.000201658 1.06426e-07 4.23409e-05 0.523461 1.3794e-07 0.00388918 6.33352e-07 0.0252258 0.00863138 0.00139078 0.00414421 1.12994e-05 
0.103189 0.00133093 1.17701e-10 0.00943134 0.0196314 0.0233967 0.000969686 0.156699 0.00280031 0.0138144 0.00669452 0.000196959 0.0133776 0.000164094 0.000845008 7.11848e-06 0.253188 0.000186447 0.0145005 0.0125296 0.000689732 0.0337053 0.20542 0.127149 8.3052e-05 
0.011233 1.38374e-10 0.000539343 0.00484027 0.0110913 0.0135192 4.72956e-05 0.00914409 0.000173123 0.00187276 0.00109191 0.000555055 0.00099766 4.46715e-07 0.000438229 2.17607e-05 0.652859 0.00627452 0.0402465 0.00065556 7.09283e-06 0.00225724 0.182151 0.0598472 0.000136809 
0.0591866 3.84742e-11 4.67114e-11 0.00605532 0.0135029 0.000489074 0.000217003 0.0140286 0.00639002 0.00734078 8.46657e-05 6.91515e-05 0.00167922 2.08295e-07 0.000115948 7.00848e-05 0.507201 0.00011399 0.00320298 0.000457857 5.34585e-08 0.0058831 0.172601 0.201005 0.000305461 
0.0579337 2.62555e-09 3.18767e-09 0.00112827 0.00545136 0.00449756 0.000136996 0.00463595 0.00123362 0.00167908 7.78891e-05 6.70916e-06 0.0178785 0.000111764 1.94389e-09 3.79035e-05 0.836959 0.000164742 7.8336e-05 0.000517985 1.54162e-07 0.00161901 0.060513 0.00524728 9.12198e-05 
0.0390261 9.97878e-08 4.2766e-10 0.0161494 0.0629981 0.237322 0.000152385 0.0446392 0.00132959 0.00972442 6.35605e-06 6.4778e-06 0.0231347 0.000125671 2.60794e-10 1.62109e-05 0.337403 7.30685e-05 0.105575 0.0134567 4.13562e-06 0.0153959 0.0570713 0.00869575 0.0276946 
0.0296126 4.33765e-05 0.000138781 0.00842723 0.00369821 0.0786567 0.00203305 0.00937265 0.000573872 0.00187984 5.57389e-06 4.51063e-05 0.000328757 8.50845e-05 0.000615482 7.60658e-05 0.535151 2.77903e-05 0.0141686 0.000247911 8.90301e-06 0.10883 0.166552 0.0340754 0.00534581 
0.127212 0.000522214 1.39378e-09 0.000593725 0.00426233 0.0637837 0.000370679 0.0181064 0.00015962 0.00103819 0.00023536 1.34532e-05 0.00745227 1.77134e-07 1.96364e-06 4.34914e-05 0.396522 0.000799834 0.0282676 0.000751714 0.000579004 0.160901 0.178922 0.00944371 1.79026e-05 
0.000684484 1.173e-09 1.42413e-09 0.0168979 0.00148081 0.00187088 0.00330001 0.00380082 6.42247e-05 0.00531905 1.3729e-06 9.48744e-06 2.39252e-05 4.27747e-06 2.54478e-05 1.25172e-05 0.408149 0.0299883 0.408017 0.00727862 1.30998e-06 0.0926112 0.0126656 0.00774966 4.44242e-05 
0.00899379 2.82739e-06 0.000225382 0.00673538 0.0298527 0.0114566 0.0488049 0.00716337 0.0294467 0.00984721 0.000629997 1.63823e-06 0.000261361 0.000340613 2.60746e-06 3.90385e-06 0.649621 0.000106404 0.00362447 0.0251954 0.0128194 0.0792064 0.0577654 0.0178656 2.73378e-05 
0.133444 2.13783e-05 1.67239e-12 0.00125338 0.00111837 0.0179583 0.00038512 0.0195724 0.000139579 0.018591 4.37671e-05 0.00807006 0.00105084 0.000707812 0.00125387 3.97209e-05 0.285507 0.000379796 0.0649007 0.000161755 0.000104913 0.213983 0.171918 0.059325 6.92552e-05 
0.128287 0.00249758 2.89058e-11 0.0165982 0.0412088 0.0531791 0.00141822 0.0102885 0.000908236 0.114802 0.000717991 0.00645719 0.00440066 0.000119166 0.000152822 0.000195796 0.208739 0.0548968 0.123063 0.0073331 0.000169953 0.044971 0.136323 0.04267 0.000603014 
0.0132188 2.17292e-08 2.59275e-11 0.00573286 0.021346 0.0005419 0.0133607 0.00748109 0.00159103 0.0006098 0.000809235 1.85557e-06 0.0173347 1.18024e-08 2.18873e-07 1.70986e-05 0.611614 0.00127206 0.00674382 0.00539074 2.38882e-05 0.00669252 0.285921 0.000295645 1.50842e-08 
0.0734869 2.95939e-07 9.27209e-08 0.0140717 0.00727961 0.0302484 0.000613706 0.0374996 0.000425067 0.00125629 0.00374519 7.70778e-06 0.00387417 0.000721463 6.19731e-05 4.66846e-05 0.547221 0.00221347 0.0662541 0.00797492 3.41295e-05 0.0881048 0.0966026 0.0181939 6.19468e-05 
0.0253034 0.00118317 3.1156e-08 0.0138273 0.0604071 0.0286643 0.0310791 0.153694 0.00962696 2.8948e-05 0.146711 0.000631898 0.0252397 1.32553e-05 7.07049e-05 3.11686e-06 0.291483 3.84959e-05 0.00325067 0.0215604 0.113234 0.0338159 0.0134022 0.0265262 0.000205754 
0.0522454 0.0063751 0.00340103 0.0319958 0.0740031 0.0272844 0.00268591 0.0255196 0.0348434 0.00486993 0.0100352 0.00230394 0.0403903 0.000736665 0.000312991 5.8899e-05 0.274454 0.00308614 0.0220679 0.237792 0.0154537 0.0261535 0.0564145 0.0471268 0.000390145 
0.00209186 5.85756e-06 1.31988e-10 0.00134659 0.00197446 0.000391104 6.57559e-05 0.003725 3.83013e-05 0.00267684 1.50511e-05 6.72236e-05 0.00100779 4.70832e-06 0.000884032 8.0077e-05 0.572756 3.14268e-05 0.000466654 0.0108351 5.49945e-07 0.353482 0.0243447 0.023704 5.67768e-06 
0.116403 3.34119e-05 5.06019e-06 0.18532 0.0424283 2.55004e-05 1.34065e-05 0.0143066 0.000218164 0.00849202 0.000165312 9.17036e-06 0.000526945 0.000194868 0.000240555 8.28731e-06 0.335977 1.64328e-05 0.00168217 0.0133956 9.41645e-06 0.000865292 0.00132548 0.277568 0.000769687 
0.0123261 2.62685e-05 9.79259e-10 0.00067988 0.000514653 0.10099 4.38633e-05 0.00677154 5.03372e-05 0.00676924 0.000122868 1.2457e-05 0.0125979 6.42664e-06 3.92078e-05 1.94479e-05 0.393244 0.00041404 0.0446858 0.000750738 6.78725e-07 0.371699 0.0434254 0.00439851 0.00041159 
0.227195 0.000979018 8.06433e-09 0.00733672 0.0296136 0.0327093 0.0166965 0.0572137 0.0107944 0.0268985 0.00122834 0.0188813 0.00373951 0.00341706 0.00049293 4.29545e-05 0.241866 0.0142532 0.0121523 0.00189772 0.000142756 0.0185047 0.212713 0.0568403 0.0043907 
0.0264397 5.04613e-09 6.12649e-09 0.0271316 0.0561342 0.0116168 2.67829e-05 0.00449521 0.00255815 0.0111193 0.0251348 3.23418e-06 0.179266 1.93093e-05 0.00147986 1.00452e-05 0.316465 0.108733 0.00994625 0.00765402 6.88096e-07 0.0162117 0.122204 0.0726527 0.000698301 
0.0669805 0.000563368 0.00299865 0.00353998 0.000417274 0.0340623 0.000108076 0.0106495 4.51174e-05 0.00722636 0.00133598 0.000122455 0.00553556 7.21915e-06 0.00401093 3.2503e-05 0.484187 0.000399623 0.0423316 0.0193771 0.0296358 0.152432 0.0722411 0.0617373 2.24902e-05 
0.0510659 1.3752e-05 6.47827e-05 0.0137696 0.00592721 0.0727016 0.000103422 0.0134763 7.1165e-05 0.00105293 0.0134182 6.54362e-05 0.0132496 5.59187e-05 5.43062e-05 1.87174e-05 0.466531 0.0040095 0.106061 0.053405 0.000179494 0.0246441 0.143284 0.0163376 0.000439751 
0.078748 1.19815e-05 1.10653e-06 0.00270439 0.074546 0.0376081 0.00178482 0.150082 0.00304797 0.010088 0.00108818 0.00624529 0.000861881 0.00025436 0.00543749 0.000114364 0.16785 0.0430784 0.0920172 0.000870753 8.005e-05 0.1196 0.0866917 0.0295252 0.0876625 
0.0130208 0.000157841 3.50597e-06 0.000589606 0.013937 0.000798256 0.0449757 0.0119007 0.125399 0.0148754 0.00202941 0.000153571 0.00512397 5.31896e-05 3.04041e-05 6.40313e-05 0.407344 3.7747e-05 0.00440422 0.0102653 0.312574 0.010143 0.00415788 0.0179536 8.28826e-06 
0.01196 1.38634e-06 2.2977e-10 0.00894883 0.029739 0.0244645 0.00150682 0.0104538 0.000681615 0.00701897 0.00244599 7.16781e-07 0.00429008 3.78622e-05 0.00840999 1.07348e-05 0.544897 0.000408737 0.0108624 0.0144466 1.64276e-05 0.0334326 0.274943 0.0109886 3.47671e-05 
0.0515518 0.00878594 0.000110265 0.0227878 0.0179459 0.0282244 0.00298154 0.0304055 0.0013088 0.00659337 0.00180846 0.000294492 0.00810682 2.31273e-05 0.000471187 0.000251694 0.36175 0.00674273 0.0166057 0.0046149 0.00375739 0.0753986 0.30112 0.0474164 0.00094246 
0.163814 2.52672e-05 6.06434e-09 0.013641 0.00148916 0.0292008 0.0821383 0.0830857 6.6914e-05 0.00218856 0.00160068 4.5465e-06 0.00406387 0.00139289 1.74477e-05 2.70487e-06 0.31444 0.000141859 0.00865926 0.0337348 5.34886e-06 0.00289824 0.256855 0.0004954 3.83256e-05 
0.0397775 1.32301e-05 1.31732e-08 0.000726795 0.00382695 0.00443894 0.000149093 0.00265701 0.000239682 4.152e-07 4.90276e-05 0.210456 0.00331515 3.81531e-06 8.03321e-09 2.15755e-06 0.427351 0.000352495 0.0289454 0.000245698 0.0111668 0.00372413 0.0342798 0.228278 8.61576e-07 
0.109751 0.000210779 4.54987e-09 0.0193467 0.0003793 0.0280674 3.01769e-06 0.0517785 0.000137779 0.000157077 7.12371e-06 2.99631e-05 0.00673879 1.19478e-05 0.00306753 2.13458e-06 0.481432 4.97075e-06 0.0032019 0.00471813 8.12971e-05 0.132216 0.0879239 0.0707279 5.87156e-06 
0.00731113 2.40991e-05 1.52469e-11 0.00400776 0.00597001 0.112738 0.000620551 0.0208424 0.00032489 0.00157941 0.000281381 8.27228e-05 0.0044524 3.16701e-05 0.00514935 7.64545e-06 0.303679 0.0184887 0.267254 0.00160007 4.31876e-06 0.0759145 0.161792 0.00740753 0.000436834 
0.0340451 2.10304e-06 8.31857e-08 0.00193382 0.000495195 0.00131706 2.5269e-05 0.0141176 0.000107036 0.00149124 4.53539e-06 1.36676e-05 0.00209338 9.50045e-07 2.7058e-05 5.7036e-06 0.534117 1.68518e-05 0.0015477 0.000140941 0.000626148 0.00714942 0.103488 0.296761 0.000473307 
0.00862662 0.0825481 3.37043e-08 0.000874402 0.0526513 0.00722905 0.0269463 0.0680889 0.00877902 9.41095e-05 2.71002e-06 0.00313135 0.00522568 6.56806e-05 0.000125479 3.32347e-06 0.435212 0.000225786 0.0133858 0.000796302 0.000626666 0.0100607 0.0522317 0.221596 0.00147252 
0.011374 4.90585e-06 1.37108e-08 9.6364e-05 0.00109047 0.204696 1.61377e-05 0.00310256 2.20914e-05 0.00159334 6.48065e-05 1.30891e-06 0.0052082 1.90136e-06 7.04152e-08 5.55711e-06 0.651017 0.000790731 0.0126416 0.000245062 1.54153e-07 0.0957091 0.00990227 0.00042726 0.00198898 
0.0708684 0.000715288 2.01049e-08 0.00788219 0.000386319 0.0272804 0.000688254 0.0237328 0.000190803 0.000787489 0.000518849 3.93028e-05 0.000561752 2.94564e-06 8.21109e-05 9.40131e-06 0.649082 4.83445e-05 0.000176284 0.000259651 0.000629738 0.0382983 0.116934 0.060808 1.69502e-05 
0.0550299 0.000882632 6.88754e-08 0.0178944 0.0244972 0.0320067 0.00205309 0.0471118 0.0013683 0.00695299 5.98711e-05 0.00413191 0.0016284 0.000653537 0.00277134 5.8751e-05 0.282205 0.0242749 0.0954735 0.00292688 0.0341861 0.147028 0.146387 0.0703158 0.000101916 
0.0459324 0.0206678 0.000257688 0.0034149 0.018348 0.0380115 0.00126012 0.0399239 0.00695992 0.00688439 0.0161298 0.0202009 0.0133408 0.000182038 0.000893132 0.000477951 0.285122 0.00265352 0.222919 0.00412228 0.0618833 0.0227182 0.0754282 0.0921604 0.000107389 
0.0266191 2.7257e-08 1.03564e-11 0.00121327 0.00037935 0.0176503 0.000196517 0.00322519 9.96518e-05 0.000559455 0.00134116 1.81782e-05 0.0212386 1.55849e-05 0.000149554 6.72004e-06 0.703051 2.31496e-05 0.0058006 0.00594878 1.16865e-06 0.00424536 0.207767 0.00044072 9.60593e-06 
0.00378361 0.00973606 3.88694e-07 0.0216144 1.35287e-05 0.0247282 6.31305e-05 0.0427253 3.15184e-06 0.000224837 0.000220571 3.0655e-06 0.0399077 3.80778e-05 0.00215753 8.5716e-06 0.260446 4.26503e-06 0.0261456 0.023731 7.94173e-06 0.230619 0.0898614 0.22378 0.000176826 
0.136749 0.000425902 3.06364e-06 0.00382499 0.0654861 0.0192531 0.00593107 0.0229088 7.55493e-07 0.00669209 0.00460746 4.84556e-06 0.00907512 0.00128099 4.13999e-05 6.41002e-05 0.499473 0.000829722 0.00187373 0.0615171 0.000457831 0.0137353 0.145394 0.000338836 3.21365e-05 
0.0369378 4.97275e-05 2.20444e-06 0.000892799 0.0118925 0.0285458 5.02653e-06 0.0329073 0.000311633 0.0150901 0.0372685 0.000249623 0.0194756 1.19634e-07 1.0575e-06 3.35767e-06 0.387862 7.51455e-07 0.023883 0.0270955 2.47222e-07 0.177684 0.0331478 0.16665 4.37995e-05 
0.0300539 6.45739e-05 1.23911e-07 0.0284371 0.0301146 0.249112 0.00181938 0.113696 0.00129847 0.00150551 0.00278167 0.000513246 0.0386961 3.38988e-05 0.0171987 2.94999e-05 0.300793 0.00357733 0.0331321 0.0074727 2.07791e-05 0.00575397 0.101817 0.0314096 0.000669883 
0.146962 4.36847e-06 5.63507e-07 0.0128332 0.0210928 0.0139268 0.000448275 0.0393544 0.00129317 0.00142809 0.0636509 0.000117657 0.0438227 0.000130851 0.000108046 5.17361e-06 0.279256 0.00716353 0.0153768 0.0637287 0.00185281 0.233249 0.0408507 0.00646753 0.00687591 
0.00886216 0.000133656 4.26047e-08 0.0397106 0.0524628 0.101012 0.0027196 0.14834 0.0013432 0.0175598 0.00140784 0.0446553 0.0326706 3.1323e-05 0.00149716 1.10101e-05 0.1752 0.00288857 0.115508 0.077495 1.10421e-06 0.0601077 0.0763877 0.0392298 0.000764215 
0.0280152 0.000517319 1.66689e-05 0.00202006 0.00449888 0.00418932 7.16269e-05 0.149733 0.000143627 0.00499251 0.000361774 0.000209392 0.000228929 2.28038e-08 1.76378e-06 4.82582e-06 0.405578 4.69594e-06 0.00248374 0.0048357 0.176073 0.0454013 0.0473305 0.123287 1.23949e-10 
0.0136562 0.0010436 8.09838e-06 0.00408368 0.0178157 0.0441863 0.00518177 0.0570892 0.000620401 0.0133145 0.000923863 0.00102407 0.00563108 1.78032e-06 2.90989e-05 0.00011209 0.292939 2.36888e-05 0.0277552 0.00504808 0.144246 0.0869502 0.0355138 0.242757 4.60869e-05 
0.0831938 0.000845178 3.60255e-07 0.0024001 0.00351249 0.0103108 0.000110243 0.0385731 0.00069719 0.00127987 0.00172174 5.65318e-05 0.00715393 2.11552e-05 2.0255e-05 0.000718638 0.534215 0.000269008 0.113888 0.00122589 5.12319e-05 0.0183533 0.170425 0.0108991 5.8913e-05 
0.112356 0.00433906 0.0183472 0.00165445 0.000955463 0.00583931 0.000232473 0.00373524 3.77929e-05 0.134341 0.000935311 0.175433 0.0161759 0.000509342 5.41063e-05 1.86567e-05 0.311375 0.000217706 0.0707198 0.0170007 0.012957 0.0377176 0.0466977 0.0282361 0.000114761 
0.00025799 5.70452e-10 6.92584e-10 0.00510442 0.141989 0.107189 0.000936242 0.0350247 1.15592e-06 5.99837e-06 2.97146e-10 5.76603e-08 0.00244912 1.57892e-07 4.22349e-10 3.17524e-07 0.555156 4.87781e-08 0.0218086 0.00234229 1.14226e-06 0.00815969 0.108812 0.00868571 0.0020766 
0.0323227 5.84714e-06 3.38972e-12 0.000617865 0.00160531 0.00917191 2.74418e-05 0.0110892 0.000302135 0.00190356 7.98561e-05 4.67144e-05 0.00124596 9.66542e-07 3.18769e-05 1.16738e-05 0.639786 5.28051e-05 0.0119274 0.00113399 9.87613e-05 0.0271685 0.216686 0.0446548 2.87987e-05 
0.00143254 0.239058 6.09503e-10 0.000428549 0.00105114 0.106646 0.00386032 0.0262414 9.76684e-07 0.00172907 0.00188391 0.00584518 0.000442698 1.20213e-06 3.71685e-10 2.25589e-06 0.417824 0.000783622 3.74017e-05 0.0027266 0.00250718 0.000618257 0.121382 0.0654966 5.19087e-07 
0.0503018 0.0023049 7.45724e-09 0.0379313 0.0812846 0.170454 0.00534414 0.158913 0.00870846 0.000661266 0.0274025 0.000253619 0.0487195 0.000178184 0.00609602 0.000228656 0.212745 0.013324 0.0147692 0.0557864 2.35803e-05 0.0311836 0.0396967 0.0335273 0.000162119 
0.0239007 0.000456052 0.000257101 0.0224222 0.0118179 0.0183727 0.00317585 0.00305686 0.0177332 0.0337061 0.000617652 0.108186 9.41062e-05 0.000764573 0.000858262 2.88072e-05 0.548202 0.000764625 0.0539222 0.0122618 0.00805349 0.0526002 0.0342403 0.0389316 0.00557563 
0.046105 0.00873393 0.00112082 0.002484 0.0519404 0.0389712 0.0116317 0.0366386 0.000258385 0.00759954 0.0185787 0.0014466 0.00567491 0.00015248 4.13291e-05 0.00198997 0.390644 0.00134164 0.0333379 0.00782638 0.125358 0.0234154 0.0527714 0.131879 5.89885e-05 
0.127447 7.43068e-06 2.82347e-11 0.0419987 0.0779441 0.0542565 0.0204401 0.0761375 0.0375716 0.0169611 0.00219137 2.86155e-05 0.0212195 0.00435643 1.94481e-05 0.000485726 0.166157 0.00665953 0.0121973 0.0194659 0.000108351 0.150416 0.138487 0.0250748 0.000368803 
1.05459e-05 1.16035e-05 0.000231181 0.0403016 0.000171866 0.000681564 2.2787e-06 1.07369e-06 0.0120632 1.44076e-05 0.00270206 3.56058e-06 0.000651618 6.86724e-07 1.50893e-06 6.70829e-07 0.870967 2.68625e-05 3.46869e-06 0.0658862 0.000406379 0.000175104 2.79523e-05 0.0056575 5.24129e-08 
0.00499283 8.54151e-05 2.26249e-07 0.00598945 0.161253 0.0117936 0.00584029 0.00574854 0.000450794 0.00015638 1.98297e-06 3.15714e-05 3.36761e-06 4.14172e-06 0.0781916 6.55113e-06 0.314504 0.0260334 1.64484e-05 7.99367e-05 1.2505e-05 0.0353297 0.0504948 0.298974 5.95961e-06 
0.0357234 2.00641e-05 3.97593e-12 0.00181681 0.00963854 0.0565547 0.000905891 0.00870593 0.000328279 0.0138888 0.00284529 0.00147691 0.0136866 0.000344775 7.03624e-05 7.02978e-05 0.373349 0.00502234 0.151502 0.00392641 1.3222e-06 0.131273 0.176254 0.0123815 0.000213273 
0.00209186 5.85756e-06 1.31988e-10 0.00134659 0.00197446 0.000391104 6.57559e-05 0.003725 3.83013e-05 0.00267684 1.50511e-05 6.72236e-05 0.00100779 4.70832e-06 0.000884032 8.0077e-05 0.572756 3.14268e-05 0.000466654 0.0108351 5.49945e-07 0.353482 0.0243447 0.023704 5.67768e-06 
0.000311162 4.71579e-05 4.58748e-07 0.00114616 0.285019 0.00225436 0.00625405 0.0323836 0.00012976 0.00287208 0.0178954 4.9229e-07 0.00446205 0.000350636 9.30946e-05 0.0481124 0.435819 0.00159511 7.12317e-05 0.00440283 2.81087e-07 0.00251614 0.0786436 0.0755736 4.66707e-05 
0.0131844 7.88724e-06 6.45278e-11 0.0162235 0.0244904 0.136194 0.00058662 0.0296516 0.000426408 0.00297921 0.0033761 2.41635e-05 0.00322351 0.000130569 0.000683792 0.000110388 0.402678 0.0253344 0.099749 0.00473042 0.000257919 0.0346957 0.182654 0.0180409 0.000566704 
0.00488104 4.28556e-05 9.49984e-11 0.00700137 0.0156677 0.0196943 0.000335997 0.024212 0.000550003 0.00240597 0.00208999 0.000130793 0.00796818 4.34365e-06 0.00183535 0.000116872 0.434068 0.0018802 0.102646 0.019683 3.83712e-06 0.266179 0.0715608 0.0170078 3.39417e-05 
0.172521 0.0577102 0.000143884 0.0221553 0.0221629 0.0499645 0.00414154 0.0217106 0.00262497 0.0147355 0.00432219 0.00111776 0.0385139 0.00448965 0.00248736 2.39549e-05 0.183127 0.00741877 0.0185241 0.0120097 0.0307683 0.125205 0.158461 0.0447843 0.000876243 
0.236212 2.75112e-05 0.000584315 0.0117941 0.0230216 0.0091333 0.00149839 0.00413433 0.000543362 0.00476691 0.00644781 8.54139e-06 0.0534958 0.000137491 4.14014e-11 2.95739e-06 0.435444 0.010605 0.0271995 0.00771602 6.95852e-06 0.066737 0.0805513 0.016229 0.00370231 
0.0130208 0.000157841 3.50597e-06 0.000589606 0.013937 0.000798256 0.0449757 0.0119007 0.125399 0.0148754 0.00202941 0.000153571 0.00512397 5.31896e-05 3.04041e-05 6.40313e-05 0.407344 3.7747e-05 0.00440422 0.0102653 0.312574 0.010143 0.00415788 0.0179536 8.28826e-06 
0.0974242 0.000146772 0.00668056 0.0155933 0.00763781 0.0700505 0.000541745 0.0206004 0.0013602 0.0118935 0.00112208 0.0123124 0.0613739 0.00107638 0.000339371 0.00244177 0.50167 0.0119542 0.0242478 0.079129 0.0117305 0.0195657 0.0377498 0.00328231 7.54421e-05 
0.00101763 5.26583e-09 6.39322e-09 0.00207829 0.00596714 0.0136785 4.55613e-06 0.00619824 3.52426e-05 0.000239308 0.000970329 1.45121e-06 0.00576903 3.06591e-07 5.57478e-06 2.6624e-06 0.926348 0.003843 0.00149018 0.00104952 1.88898e-06 0.00102855 0.0137964 0.0164706 3.08891e-06 
0.238791 3.12661e-06 7.51336e-07 0.0150914 0.0134555 0.00132841 0.000295399 0.0187712 0.0477214 9.73441e-06 0.00114394 1.23894e-05 0.0332991 0.000273589 0.000661413 0.000359284 0.285236 0.000590622 0.0104814 0.000435352 1.20239e-06 0.252172 0.0176871 0.0621134 6.61213e-05 
0.011374 4.90585e-06 1.37108e-08 9.6364e-05 0.00109047 0.204696 1.61377e-05 0.00310256 2.20914e-05 0.00159334 6.48065e-05 1.30891e-06 0.0052082 1.90136e-06 7.04152e-08 5.55711e-06 0.651017 0.000790731 0.0126416 0.000245062 1.54153e-07 0.0957091 0.00990227 0.00042726 0.00198898 
0.0207963 1.6528e-06 2.67746e-06 0.00192964 0.00513102 0.0140366 6.39867e-05 0.016028 0.000247812 0.0553874 0.000142503 6.28457e-05 0.00157364 2.78075e-07 0.0138083 4.18174e-05 0.495401 6.77769e-05 0.0987896 0.00167781 3.39958e-05 0.0185333 0.233486 0.0219633 0.000793757 
0.0117664 0.00158122 1.06296e-09 0.000169609 0.0552533 0.00959258 0.0155336 0.0305774 0.0136169 0.000278424 4.56052e-10 1.72222e-10 0.0656807 2.05515e-06 6.48211e-10 3.50075e-06 0.461225 4.1689e-06 4.72193e-06 1.38448e-06 4.58282e-08 0.0114464 0.110086 0.213176 9.72854e-07 
0.0342521 0.000155607 4.44685e-11 0.0125333 0.0845053 0.0719811 0.00534105 0.0202084 0.00774016 0.00495702 0.0107221 6.29979e-06 0.0310021 3.69964e-05 4.17277e-08 9.81581e-06 0.24585 8.74489e-05 0.160904 0.00818013 1.59791e-05 0.233541 0.0630204 0.004652 0.00029719 
0.0762186 1.01261e-05 2.26059e-05 0.00192482 0.00960582 0.00229299 0.00325603 0.012305 5.31754e-05 0.00342803 0.00416926 2.80881e-05 0.000219283 6.00669e-06 1.19234e-05 1.46645e-05 0.4804 0.00367612 0.139943 0.00259565 0.056362 0.0705334 0.0591625 0.0737608 3.05554e-08 
0.162587 4.15974e-08 1.51806e-11 0.00627384 0.00601875 0.0222259 0.000192196 0.029206 0.000811408 7.86085e-05 0.018575 0.000415436 0.011833 1.79699e-06 0.00168657 3.04288e-06 0.422516 4.04677e-05 0.0275099 8.28198e-05 0.0755547 0.0225653 0.130693 0.0601767 0.000951928 
0.0786798 9.80796e-07 5.79278e-10 0.0175252 0.06064 0.0891378 0.00140189 0.0983665 0.00417161 0.00661164 0.0037702 4.83493e-05 0.00825488 0.0104016 0.00112101 7.16201e-08 0.387947 2.67956e-05 0.0690844 0.00332521 3.26259e-06 0.00552308 0.0753678 0.0613641 0.0172275 
0.0214893 0.000364289 2.06639e-07 0.0159737 0.0468466 0.0346234 4.55116e-05 0.0951159 0.0153838 0.146742 0.00772268 0.000591178 0.065515 1.70765e-07 0.000229696 8.81043e-05 0.326561 0.00296538 3.23337e-08 0.00520517 0.0518946 0.00223171 0.0686334 0.091431 0.000346014 
0.0200137 0.000504703 0.000627915 0.062295 0.125505 0.0178119 0.00401573 0.0491432 0.00722006 0.00524875 0.0280943 0.00489437 0.061394 4.36247e-05 0.0172013 0.00226249 0.232932 0.0358494 0.0159252 0.167044 0.00436119 0.0057593 0.0953977 0.0338287 0.00262666 
0.00796488 5.06987e-12 6.15532e-12 9.54994e-05 0.00282295 0.00179534 0.000142096 0.00883882 0.000496589 0.00343438 2.14791e-08 0.000128247 0.000378914 2.67638e-09 0.00050314 3.85019e-05 0.424374 8.32675e-05 0.00255067 9.20355e-08 7.57617e-05 0.0158044 0.38138 0.149092 2.03792e-08 
0.0413955 0.066043 1.63208e-07 0.00293454 0.0384597 0.0288727 0.000232889 0.013053 5.59419e-05 0.0687428 0.00123408 0.00145525 0.000772409 9.1629e-05 0.0235995 0.00312834 0.381797 0.000826091 0.0209625 0.000196991 0.000383275 0.0360074 0.0633506 0.206397 8.13716e-06 
0.167791 0.000640888 2.95769e-06 0.000208013 0.0183588 0.00557788 0.0700261 0.00372733 0.00897766 0.00758701 0.00150932 0.0127858 0.0338587 8.92346e-05 2.32474e-07 1.34637e-05 0.454375 0.000799078 0.0142592 0.00467902 1.61339e-06 0.0143056 0.0759857 0.104429 1.11795e-05 
0.0119723 1.40497e-05 3.63828e-12 0.0159876 0.00367053 0.0249902 3.11436e-05 0.00394644 0.000204147 0.00273393 0.000295995 5.20066e-05 0.00222514 4.20401e-05 0.00036648 5.64851e-05 0.432248 0.00188783 0.348916 0.00304079 0.000406786 0.0196941 0.104561 0.0198107 0.00284587 
0.0780181 2.05241e-08 1.02335e-11 0.00220539 0.0134505 0.00196225 0.00121209 0.0239354 0.000135081 0.00182228 1.41261e-05 1.40835e-05 0.00196719 1.1288e-05 1.45324e-08 2.65541e-05 0.549759 0.00429801 0.00536443 3.38065e-05 1.12869e-05 0.00267982 0.272941 0.040004 0.000134225 
1.50966e-06 5.29408e-05 2.90593e-07 1.67133e-07 0.00015062 9.83277e-06 1.43397e-06 3.45761e-06 7.36908e-08 8.84264e-07 2.55583e-05 4.70821e-08 1.79907e-05 5.92008e-07 1.77208e-07 5.88771e-07 0.982708 2.90712e-08 0.00140321 5.76788e-08 6.38449e-07 0.00113772 0.00246995 0.0119904 2.35209e-05 
0.0342521 0.000155607 4.44685e-11 0.0125333 0.0845053 0.0719811 0.00534105 0.0202084 0.00774016 0.00495702 0.0107221 6.29979e-06 0.0310021 3.69964e-05 4.17277e-08 9.81581e-06 0.24585 8.74489e-05 0.160904 0.00818013 1.59791e-05 0.233541 0.0630204 0.004652 0.00029719 
0.0523741 0.00348302 1.90957e-06 0.0109473 0.0145011 0.101246 0.0184228 0.0223235 0.000849174 0.020091 0.00516114 0.000296248 0.0280551 2.19915e-06 7.00572e-05 9.21736e-05 0.344778 0.0102493 0.0053938 0.00548965 0.000447124 0.0933405 0.244624 0.0149925 0.00276891 
0.0207963 1.6528e-06 2.67746e-06 0.00192964 0.00513102 0.0140366 6.39867e-05 0.016028 0.000247812 0.0553874 0.000142503 6.28457e-05 0.00157364 2.78075e-07 0.0138083 4.18174e-05 0.495401 6.77769e-05 0.0987896 0.00167781 3.39958e-05 0.0185333 0.233486 0.0219633 0.000793757 
0.0427218 5.92002e-11 6.41368e-09 0.00175212 0.00206089 0.0134893 0.000821092 0.00495509 0.000172343 0.000208642 0.000821168 0.000263417 0.14409 0.000231704 0.000538157 1.9282e-06 0.417847 0.00638395 0.00412512 0.0162458 3.90697e-07 0.130845 0.210595 0.00157849 0.000251046 
0.0661834 1.29538e-05 5.01097e-08 0.00681811 0.0315363 0.00632839 0.0291554 0.0580646 0.00430058 0.0197974 0.00285024 0.000463461 0.00587007 0.000255415 0.00755336 0.0101935 0.322667 0.0262464 0.0451303 0.000364827 0.000115274 0.0196434 0.157856 0.178405 0.000188411 
0.0286411 0.000648301 1.84491e-09 0.110482 0.0298754 0.0350826 0.000823494 0.00494796 0.16723 0.00128425 0.00275107 4.87184e-08 0.00445815 0.000220125 0.000368165 1.52972e-05 0.264768 0.000161622 0.00423886 0.000545428 5.09773e-07 0.0999198 0.239153 0.00438447 2.19878e-07 
0.0119723 1.40497e-05 3.63828e-12 0.0159876 0.00367053 0.0249902 3.11436e-05 0.00394644 0.000204147 0.00273393 0.000295995 5.20066e-05 0.00222514 4.20401e-05 0.00036648 5.64851e-05 0.432248 0.00188783 0.348916 0.00304079 0.000406786 0.0196941 0.104561 0.0198107 0.00284587 
0.020122 5.70873e-05 1.3412e-06 0.000869424 0.0198168 0.00119 0.000955047 0.0115105 0.00101828 0.0101241 0.000667294 7.31602e-05 0.00158435 4.21124e-05 0.000511075 6.7037e-05 0.582396 0.111401 0.000867456 0.00111357 4.80694e-05 0.00447055 0.151343 0.0792156 0.000535086 
0.078775 0.000158377 1.85292e-06 0.0580029 0.159211 0.0649715 0.0297182 0.00297696 0.0631246 0.00254391 0.00860864 1.62683e-05 0.00119851 0.00796406 6.73973e-05 0.000120747 0.377429 0.00174314 0.00186387 0.0118114 6.07968e-05 0.0176761 0.105608 0.00633187 1.65294e-05 
0.054958 1.13618e-07 6.1411e-11 0.00888686 0.0347779 0.0226727 5.72933e-05 0.00696931 0.000347492 0.0224174 0.00121753 7.26307e-06 0.0475679 5.33786e-07 0.00244062 7.82088e-08 0.438009 0.0246223 0.00578751 0.00334683 2.38913e-06 0.0666041 0.247144 0.00776193 0.00440094 
0.0577213 0.000427018 2.44019e-07 0.00535847 0.0360546 0.0155773 0.000192808 0.0216174 0.00706531 0.00318207 0.0393131 1.30366e-05 0.00175644 5.88491e-05 0.000662031 5.67976e-05 0.5355 0.00190072 0.00212912 0.0124125 0.000631724 0.0324134 0.207427 0.0185219 6.49092e-06 
0.01038 0.00432075 1.03893e-05 0.00186429 0.00163884 0.0270651 0.000289481 0.0321943 2.44074e-05 0.00239602 0.000195417 0.000490228 0.00123244 8.22102e-05 7.83489e-05 2.00186e-05 0.393991 0.000313855 0.0150123 0.00108897 0.230422 0.0885355 0.103658 0.0845267 0.000168938 
