0.0866873 1.86933e-05 7.36992e-07 0.0319309 0.0286255 0.0217351 0.00111853 0.0318765 0.000457642 0.0134345 0.00527156 0.00510531 0.0157092 0.00330432 0.00019163 1.36385e-05 0.219104 0.0014529 0.110597 0.0223463 0.000861553 0.193439 0.111741 0.0949497 2.78366e-05 
0.08741 8.98943e-05 0.00012745 0.00605981 0.00275406 0.0461091 0.000871173 0.0100079 0.0160714 0.0747301 0.00117026 0.00376531 0.0146449 0.000143294 0.000847477 1.96382e-05 0.506148 0.000981698 0.0220507 0.0678138 0.00410062 0.106362 0.0184988 0.00921626 6.35496e-06 
0.0780181 2.05241e-08 1.02335e-11 0.00220539 0.0134505 0.00196225 0.00121209 0.0239354 0.000135081 0.00182228 1.41261e-05 1.40835e-05 0.00196719 1.1288e-05 1.45324e-08 2.65541e-05 0.549759 0.00429801 0.00536443 3.38065e-05 1.12869e-05 0.00267982 0.272941 0.040004 0.000134225 
0.0074164 4.71724e-06 2.42021e-09 0.000524492 0.00169835 0.000476061 5.279e-05 0.00327158 0.000129165 0.00169407 0.000501629 3.10827e-05 0.000477892 2.03638e-08 0.00179491 4.91652e-06 0.706235 0.000522516 0.0148534 0.00067254 0.000124503 0.00733664 0.0966241 0.154815 0.000739164 
0.11015 0.000453824 0.000389331 0.282207 0.0112108 0.0224381 0.000361942 0.028638 0.00185972 0.00358355 0.00225887 6.03865e-05 0.0147645 0.000121621 0.00949944 1.0314e-05 0.313195 0.006348 0.0189047 0.0211805 0.000910421 0.0310214 0.0834644 0.0365011 0.000467272 
0.0239007 0.000456052 0.000257101 0.0224222 0.0118179 0.0183727 0.00317585 0.00305686 0.0177332 0.0337061 0.000617652 0.108186 9.41062e-05 0.000764573 0.000858262 2.88072e-05 0.548202 0.000764625 0.0539222 0.0122618 0.00805349 0.0526002 0.0342403 0.0389316 0.00557563 
0.0336061 4.63233e-07 6.54835e-09 0.00675329 0.11108 0.153157 0.0266479 0.134871 0.00168859 0.00156651 0.000110637 4.13698e-05 0.0100194 1.73964e-05 3.99329e-09 6.35059e-06 0.386266 0.00210162 0.0586474 0.000592312 1.30497e-05 0.00763099 0.0332672 0.00786925 0.0240458 
0.030361 8.78141e-05 4.2416e-11 0.0372906 0.0320549 0.274953 0.0263577 0.0163777 0.0010425 0.0102448 0.000248903 2.40119e-05 0.00170976 2.75693e-05 8.7681e-06 8.89784e-08 0.455588 0.00173648 0.0142917 4.63865e-08 1.26578e-05 0.0131281 0.046093 0.0366548 0.00170681 
0.00209186 5.85756e-06 1.31988e-10 0.00134659 0.00197446 0.000391104 6.57559e-05 0.003725 3.83013e-05 0.00267684 1.50511e-05 6.72236e-05 0.00100779 4.70832e-06 0.000884032 8.0077e-05 0.572756 3.14268e-05 0.000466654 0.0108351 5.49945e-07 0.353482 0.0243447 0.023704 5.67768e-06 
0.0207963 1.6528e-06 2.67746e-06 0.00192964 0.00513102 0.0140366 6.39867e-05 0.016028 0.000247812 0.0553874 0.000142503 6.28457e-05 0.00157364 2.78075e-07 0.0138083 4.18174e-05 0.495401 6.77769e-05 0.0987896 0.00167781 3.39958e-05 0.0185333 0.233486 0.0219633 0.000793757 
0.0620662 0.00669414 0.0209377 0.014707 0.0611493 0.0196506 0.0151621 0.0349006 0.0297776 0.0149546 0.00700091 5.56045e-05 0.00643461 1.43764e-05 0.00184622 0.228194 0.232981 0.00619645 0.00396155 0.00511178 0.00305193 0.0681405 0.145335 0.0115431 0.000133388 
0.000115071 2.16681e-09 2.63072e-09 0.00107612 1.02472e-05 0.00623925 2.77895e-05 0.0342735 6.67119e-10 9.96281e-06 1.12868e-09 0.000108365 7.8379e-05 2.59508e-07 1.60425e-09 5.10569e-07 0.731878 7.38743e-08 0.0663134 5.22162e-10 1.87981e-06 0.0515613 0.0178626 0.0900007 0.000442145 
0.011233 1.38374e-10 0.000539343 0.00484027 0.0110913 0.0135192 4.72956e-05 0.00914409 0.000173123 0.00187276 0.00109191 0.000555055 0.00099766 4.46715e-07 0.000438229 2.17607e-05 0.652859 0.00627452 0.0402465 0.00065556 7.09283e-06 0.00225724 0.182151 0.0598472 0.000136809 
0.00826755 5.42973e-05 1.32899e-06 0.00171324 0.0178094 0.0706726 0.00864431 0.00928812 0.000237672 0.00178128 0.00023874 5.26503e-05 0.00109714 4.84023e-06 9.61718e-05 0.000496425 0.649853 0.00192131 0.0736797 0.00274206 3.27925e-05 0.0129761 0.115047 0.0229993 0.0002924 
7.76235e-06 7.5284e-09 9.14021e-09 0.000681993 0.0139579 0.0159797 0.00185034 0.0477575 0.00018725 0.00029279 0.00370918 2.17146e-07 0.380574 7.55338e-09 2.6349e-05 8.69284e-07 0.391387 5.30844e-06 0.0125992 8.93502e-07 0.000952454 0.0010133 0.0031152 0.0420252 0.0838752 
0.01887 5.21254e-09 3.22783e-05 0.00219296 0.0233714 0.0491713 0.00899082 0.030198 0.000955103 0.00927543 0.000274403 0.000245002 0.00959084 7.20416e-06 0.000122387 4.12458e-05 0.313867 0.0977486 0.269379 0.000584981 9.65536e-07 0.118609 0.0387224 0.00770279 4.75502e-05 
0.0934158 0.000340602 3.64301e-08 0.0221295 0.107492 0.0403136 0.00790238 0.0254293 0.0106725 0.00752842 0.000751857 5.16517e-05 0.0140045 1.53765e-05 0.0225253 0.000175883 0.379103 0.000101714 0.00788493 0.00117706 0.00174984 0.0572251 0.181039 0.0109152 0.00805595 
0.0119723 1.40497e-05 3.63828e-12 0.0159876 0.00367053 0.0249902 3.11436e-05 0.00394644 0.000204147 0.00273393 0.000295995 5.20066e-05 0.00222514 4.20401e-05 0.00036648 5.64851e-05 0.432248 0.00188783 0.348916 0.00304079 0.000406786 0.0196941 0.104561 0.0198107 0.00284587 
0.0193231 6.29851e-06 2.35735e-07 0.00575932 0.00454297 0.0772007 0.0102682 0.0549851 1.20786e-05 0.00405355 0.00192882 1.46474e-05 0.00331572 4.75996e-06 0.00128075 9.13462e-06 0.775774 4.67874e-05 6.88996e-05 0.000354298 3.11988e-06 0.0322221 0.00153733 0.00727932 8.60729e-06 
0.0735892 0.000157606 3.20776e-06 0.00197101 0.00370887 0.0123784 0.000425665 0.0378067 1.69824e-05 0.0119971 2.26298e-05 0.000993074 0.00400225 7.60129e-05 0.000167608 0.000272767 0.439558 0.00214704 0.0589428 0.000701972 0.00105784 0.0630064 0.210802 0.0758067 0.000388065 
0.00849945 5.68637e-07 6.90381e-07 0.000860412 6.29022e-05 0.00178942 0.000105653 0.0363895 1.77256e-05 4.20793e-05 6.22507e-05 6.74869e-07 0.0594362 2.88475e-05 0.000159983 1.02186e-05 0.804109 6.02715e-06 0.00243036 0.0247669 9.44765e-06 0.0124786 0.040072 0.0085701 9.13976e-05 
0.0794907 0.0139837 2.48574e-06 0.0265591 0.0361415 0.0316885 0.0049152 0.0219788 0.00505395 0.0200438 0.00156014 0.00260775 0.00806215 0.00346495 0.00104526 5.17998e-05 0.41054 0.0207116 0.0355989 0.00859087 0.0105141 0.0490716 0.177759 0.0302375 0.000326279 
9.08819e-07 9.07354e-07 9.07009e-07 0.00681651 0.0379008 9.08794e-07 0.00445262 0.0121779 0.0128104 9.08494e-07 0.0224317 9.08652e-07 0.073776 9.0735e-07 0.00217956 9.06351e-07 0.812358 0.00418127 9.08662e-07 0.00454381 0.00163489 9.08693e-07 9.08879e-07 0.00472604 9.07848e-07 
0.0872404 4.39488e-05 5.78982e-10 0.00217717 0.0393375 0.02569 0.000212459 0.0639432 0.000176991 0.0100228 0.000286242 0.00478072 0.00378895 0.000208917 0.0233257 3.17229e-05 0.28364 0.00650551 0.127101 0.00408197 1.34552e-06 0.00695473 0.139558 0.170848 4.28586e-05 
0.0583597 0.00584236 0.00189566 0.00865116 0.030419 0.00822052 0.00107932 0.0538245 0.000116906 0.00106387 0.0360416 4.92969e-05 0.0312343 0.00148888 3.92904e-05 0.00345798 0.442421 0.000313345 0.00398566 0.0229526 0.00298995 0.0145041 0.242731 0.0283015 1.65165e-05 
0.0713866 0.000393396 4.53207e-07 0.000596097 0.0155104 0.201313 0.0224703 0.0191809 0.000332285 0.00123387 5.83697e-05 1.76757e-05 0.000107421 7.38464e-05 0.00217398 7.70551e-05 0.349763 0.0175791 0.00400315 0.000181704 8.60884e-06 0.0133917 0.256221 0.0238185 0.000107092 
0.0126715 0.000623388 2.79589e-05 2.7344e-07 0.015035 0.0222762 0.000179022 0.0271408 0.000115764 0.000746977 9.25637e-08 0.00116512 1.37315e-05 7.28769e-08 0.000195144 0.00013865 0.364376 0.0389643 0.00259077 1.24168e-07 0.000297973 0.0123446 0.161627 0.339239 0.000230427 
0.0289154 2.80179e-07 1.26131e-09 0.00644998 0.00547585 0.00177348 5.88756e-05 0.00330969 9.98357e-05 0.000688282 0.00105298 0.000141289 0.0111599 1.93993e-08 0.00010165 0.000113433 0.544897 1.68206e-05 0.0195496 0.00136895 0.000867123 0.0233871 0.214419 0.136114 3.97169e-05 
0.0305835 0.000454846 4.00206e-12 0.000105585 0.000771704 0.0346483 0.000138155 0.00820447 2.97301e-09 0.00561858 3.08804e-09 0.000136186 0.000157022 3.59659e-08 4.33661e-05 4.4231e-05 0.357688 6.58743e-05 0.206102 4.25015e-05 0.000289105 0.104941 0.196373 0.0530538 0.000539663 
0.0187594 3.16403e-05 2.69384e-10 0.00461271 0.00391514 0.115248 0.00246271 0.00415172 0.000230948 0.0103023 3.24492e-05 7.27104e-05 0.00059672 7.02381e-06 0.000421628 3.96973e-05 0.357119 0.0364943 0.287515 0.000835173 4.41067e-07 0.0332153 0.122094 0.00162249 0.000220765 
0.197733 3.3583e-11 2.63966e-08 0.0180919 0.000871796 0.0321142 7.05598e-05 0.006464 2.46018e-05 0.00135542 0.0010002 3.33095e-06 0.0105374 0.000691186 4.50239e-05 1.85395e-07 0.456475 6.4942e-09 0.000878862 0.0416521 1.62642e-06 0.00823472 0.215476 0.0081598 0.000118389 
0.139764 8.00209e-07 0.0293794 0.0473892 0.0887193 0.030522 0.000466973 0.0292197 0.00175002 0.000812504 0.00172642 0.000221014 0.0377986 1.41999e-06 0.000131724 2.18516e-05 0.252002 0.00194168 0.0294805 0.0619428 4.31701e-05 0.117024 0.101903 0.0274452 0.000293426 
0.0305835 0.000454846 4.00206e-12 0.000105585 0.000771704 0.0346483 0.000138155 0.00820447 2.97301e-09 0.00561858 3.08804e-09 0.000136186 0.000157022 3.59659e-08 4.33661e-05 4.4231e-05 0.357688 6.58743e-05 0.206102 4.25015e-05 0.000289105 0.104941 0.196373 0.0530538 0.000539663 
0.0376903 0.000379888 1.40981e-08 0.00711262 0.0441314 0.152152 0.00370745 0.0230887 0.000595523 0.00104982 0.00309664 8.1682e-05 0.0185451 0.000330279 0.000468531 4.3409e-05 0.39126 0.0323763 0.0104111 0.0341387 0.000119445 0.111369 0.117797 0.00998476 7.05754e-05 
0.0629178 0.000615022 2.76538e-08 0.0201076 0.0138515 0.0198295 0.000217542 0.0761793 0.00283409 0.0332224 0.00117728 0.000762184 0.00335673 0.00225272 0.000249389 0.00055585 0.359374 0.00100196 0.0766272 0.0172779 0.0783994 0.0341408 0.130343 0.0629717 0.00173508 
0.0235992 1.04418e-12 1.26774e-12 0.00338788 0.0105234 0.00293225 0.00130009 0.0138523 2.30507e-08 0.0052285 0.000504575 4.80846e-06 0.00307462 3.0278e-08 6.03087e-09 9.10425e-05 0.721933 0.000683154 0.00160849 0.00235006 7.76856e-09 0.00591366 0.198715 0.00425971 3.84418e-05 
0.0123261 2.62685e-05 9.79259e-10 0.00067988 0.000514653 0.10099 4.38633e-05 0.00677154 5.03372e-05 0.00676924 0.000122868 1.2457e-05 0.0125979 6.42664e-06 3.92078e-05 1.94479e-05 0.393244 0.00041404 0.0446858 0.000750738 6.78725e-07 0.371699 0.0434254 0.00439851 0.00041159 
0.0142226 8.40655e-08 1.02064e-07 0.00195975 0.000726162 0.0013153 0.000845942 0.0313573 0.000105664 2.13506e-05 0.0332675 0.000213693 0.115031 1.01344e-05 2.37194e-05 3.11931e-06 0.620592 0.000344174 0.000863392 0.00131141 0.00301903 0.000660198 0.052268 0.121824 1.42485e-05 
0.128715 0.00318751 9.36097e-10 0.0391275 0.0175949 0.0276002 0.00567756 0.0370978 0.000622098 0.0277946 0.00244048 0.00511351 0.00083929 0.00135389 0.00469702 5.3827e-05 0.251847 0.0715881 0.0996084 0.0063934 0.000228501 0.00707212 0.108963 0.150517 0.00186704 
0.16987 9.18128e-05 0.00282571 0.0271728 0.0283676 0.0384766 0.00101695 0.0214383 0.0169643 0.00372938 0.0663872 0.000243927 0.0596783 0.000253456 0.00306664 4.08411e-05 0.295754 0.000817182 0.0679471 0.0433109 4.64631e-05 0.0281823 0.108731 0.0154306 0.000157041 
0.00426293 1.97763e-09 2.40104e-09 0.00111181 3.75424e-07 0.00145315 0.0154981 6.87333e-07 6.08875e-10 0.000211972 1.33523e-06 2.8488e-07 5.66578e-06 3.52418e-07 1.46419e-09 3.20653e-09 0.781079 2.3161e-08 0.00075836 1.35099e-06 1.47118e-09 0.180693 1.05802e-10 0.0149174 3.48437e-06 
0.0636682 0.000279126 1.7421e-08 0.0241868 0.0567345 0.0205471 9.03456e-05 0.0228494 0.000513811 0.022954 0.000963007 1.19309e-05 0.000558914 0.000127845 2.69295e-05 2.77341e-06 0.4053 4.5041e-07 0.00221454 0.000480725 3.71401e-08 0.0141185 0.338647 0.0254028 0.000321593 
0.0538216 0.000191753 7.75404e-11 0.00916711 0.0246343 0.142497 0.00424089 0.0312466 0.012793 0.0119704 0.00109446 0.00130087 0.0111193 0.0064306 7.69654e-05 6.04862e-06 0.332866 0.00485011 0.0827647 0.00505992 1.04897e-05 0.0677729 0.190102 0.00595414 2.83818e-05 
0.0441182 3.06168e-06 3.03338e-10 0.157137 0.00222258 0.00240808 7.02979e-08 0.025965 0.00469886 0.00237942 0.00484708 8.66823e-05 0.000883222 1.7483e-07 6.3067e-08 1.49587e-07 0.407105 0.000328088 0.00308389 0.00030402 1.02666e-05 0.0367612 0.280212 0.0270315 0.000414117 
0.187228 8.17791e-05 1.01037e-08 0.00106466 0.00953177 0.00602355 0.00189361 0.0586284 0.0106998 0.0095131 0.00117671 0.00264293 0.00326868 0.0274646 0.000104201 8.72617e-06 0.432262 0.000612577 0.0545545 0.00352843 1.47122e-05 0.0542469 0.126276 0.00896456 0.000210104 
0.0119723 1.40497e-05 3.63828e-12 0.0159876 0.00367053 0.0249902 3.11436e-05 0.00394644 0.000204147 0.00273393 0.000295995 5.20066e-05 0.00222514 4.20401e-05 0.00036648 5.64851e-05 0.432248 0.00188783 0.348916 0.00304079 0.000406786 0.0196941 0.104561 0.0198107 0.00284587 
0.0355614 2.97053e-06 2.44687e-07 0.00180983 0.000435615 0.00014898 1.15653e-05 0.000352796 0.000108915 0.00242436 2.70999e-05 0.000126233 0.00330067 4.14637e-11 3.28644e-05 1.45662e-07 0.525955 6.50644e-06 0.000130361 0.000243187 4.20998e-08 0.0945196 0.327662 0.00713233 7.60058e-06 
0.0441962 0.000308907 2.646e-12 0.00293353 0.0164453 0.0932219 0.00135616 0.0126202 2.51182e-07 0.017287 0.000373181 1.93104e-05 0.000473556 0.00233556 1.61357e-12 6.32777e-05 0.556505 0.00197418 0.0106825 0.00135935 6.74613e-05 0.029875 0.189969 0.0178206 0.000112386 
0.167791 0.000640888 2.95769e-06 0.000208013 0.0183588 0.00557788 0.0700261 0.00372733 0.00897766 0.00758701 0.00150932 0.0127858 0.0338587 8.92346e-05 2.32474e-07 1.34637e-05 0.454375 0.000799078 0.0142592 0.00467902 1.61339e-06 0.0143056 0.0759857 0.104429 1.11795e-05 
0.0130208 0.000157841 3.50597e-06 0.000589606 0.013937 0.000798256 0.0449757 0.0119007 0.125399 0.0148754 0.00202941 0.000153571 0.00512397 5.31896e-05 3.04041e-05 6.40313e-05 0.407344 3.7747e-05 0.00440422 0.0102653 0.312574 0.010143 0.00415788 0.0179536 8.28826e-06 
0.0115574 7.08597e-05 6.08898e-09 0.0332336 0.0167326 0.236717 0.00487945 0.010447 0.000311067 0.000423222 0.000163555 5.57978e-06 0.0349457 1.36047e-06 1.01115e-05 2.42329e-05 0.272005 0.00117857 0.139626 0.00145132 9.68089e-08 0.129486 0.10445 0.00223573 4.35087e-05 
0.106326 0.000462441 3.83547e-05 0.0420495 0.0483153 0.0893988 0.00658024 0.0233774 0.0161432 0.0219323 0.0131504 0.000346817 0.0647494 0.000173307 0.00356007 3.40511e-05 0.149821 0.0138296 0.0149675 0.0147627 0.00110303 0.129863 0.110936 0.109088 0.0189925 
0.105711 1.31262e-06 9.49069e-08 0.00970685 0.0128403 0.139817 0.0319273 0.011344 0.000116191 0.0025317 0.0201898 5.59679e-05 0.0327507 2.17597e-07 7.44435e-06 7.29974e-06 0.424291 0.00612768 0.0345415 0.0528 2.9582e-07 0.0492496 0.0190536 0.0466044 0.000325375 
0.120399 0.000705638 1.23562e-10 0.00918574 0.11838 0.00110611 0.00688598 0.122668 0.00930347 0.0174264 0.00572404 0.000221795 0.0303365 0.000258466 0.0461157 0.0148347 0.2029 0.0265008 0.00478766 0.0128791 0.000170222 0.0125457 0.106255 0.129916 0.000494514 
0.0137929 5.52156e-05 5.15523e-09 0.000159177 0.0504936 0.187236 0.00106008 0.0811504 0.00111173 0.000605589 0.00165807 1.69888e-05 0.00507994 1.68557e-05 3.14375e-09 3.16468e-06 0.235805 0.0292366 0.0489038 0.000281644 6.56185e-06 0.0871126 0.229113 0.026247 0.000854311 
0.0275704 4.30665e-05 1.53066e-07 0.0089976 0.079644 0.0141831 0.0323939 0.0561465 0.00898437 0.00411296 0.0440245 2.51174e-05 0.00327653 1.5875e-05 0.000522907 7.81113e-05 0.414992 0.0416769 0.019198 0.00376821 4.81853e-05 0.00621131 0.194231 0.0380772 0.00177787 
0.0149815 0.000275664 5.70161e-06 0.00123621 0.000291195 0.00130732 4.51546e-05 0.0132208 0.000115208 0.0164833 0.000407438 9.23781e-07 0.00162407 4.71175e-06 0.00305025 7.61436e-06 0.930173 5.70394e-07 0.00356484 0.00097838 3.49353e-06 0.00256099 0.00313545 0.00652296 3.26724e-06 
0.011233 1.38374e-10 0.000539343 0.00484027 0.0110913 0.0135192 4.72956e-05 0.00914409 0.000173123 0.00187276 0.00109191 0.000555055 0.00099766 4.46715e-07 0.000438229 2.17607e-05 0.652859 0.00627452 0.0402465 0.00065556 7.09283e-06 0.00225724 0.182151 0.0598472 0.000136809 
0.0341121 0.000354916 0.000188438 0.0167715 0.0290442 0.0282707 0.0171515 0.010519 0.0110679 0.0728989 0.00142326 0.0474605 0.00244787 0.00055867 0.000505646 0.000267043 0.321946 0.0063597 0.0492547 0.0187876 0.00244054 0.149035 0.122115 0.0529082 0.00411125 
0.00264823 5.0101e-05 2.02084e-07 0.00297305 0.00328433 0.0313459 0.00133249 0.0193665 0.000281904 0.00056846 0.00417912 3.27418e-08 0.00410562 0.000467766 1.23234e-07 0.000863881 0.896183 0.000699519 0.00435423 0.00415152 1.23822e-07 0.00649197 0.0152995 0.000912546 0.000440164 
0.00048419 1.03938e-06 1.2619e-06 1.43692e-07 0.000148259 1.13557e-07 2.92972e-07 0.00164213 3.20004e-07 0.000826462 5.41406e-07 0.000184214 0.000972162 0.00312953 7.6953e-07 1.68524e-06 0.984895 1.26242e-07 1.97456e-07 2.50471e-07 7.73203e-07 1.77567e-07 5.56061e-08 0.00770948 7.2312e-07 
0.0566966 0.0249869 4.60529e-07 0.0121095 0.0565871 0.0464102 0.000360436 0.0150508 0.00316334 0.00124918 0.00276773 7.75259e-05 0.0183874 2.87647e-09 3.36957e-05 1.4673e-05 0.341326 0.00128897 0.00820893 0.00179127 0.000605867 0.0549959 0.317731 0.0361519 4.28789e-06 
0.103189 0.00133093 1.17701e-10 0.00943134 0.0196314 0.0233967 0.000969686 0.156699 0.00280031 0.0138144 0.00669452 0.000196959 0.0133776 0.000164094 0.000845008 7.11848e-06 0.253188 0.000186447 0.0145005 0.0125296 0.000689732 0.0337053 0.20542 0.127149 8.3052e-05 
0.00542926 1.57165e-10 1.65484e-08 8.46224e-07 0.0277148 0.120988 1.00026e-06 0.273089 5.82754e-05 3.75622e-07 0.000385681 0.000534283 0.000369815 9.80814e-08 2.89085e-05 6.85635e-05 0.38654 0.00645995 0.0179894 9.69392e-07 1.28192e-05 0.00176218 0.108559 0.0499957 1.13338e-05 
0.132633 1.65802e-06 6.48998e-11 0.00483477 0.0459245 0.00411429 0.00992765 0.0645469 0.00475666 0.00154821 0.0171333 2.0263e-05 0.01438 4.87767e-07 2.85603e-06 1.16721e-05 0.426741 0.000388768 0.00520206 0.00153892 9.82816e-07 0.00983601 0.21758 0.0365338 0.0023414 
0.011233 1.38374e-10 0.000539343 0.00484027 0.0110913 0.0135192 4.72956e-05 0.00914409 0.000173123 0.00187276 0.00109191 0.000555055 0.00099766 4.46715e-07 0.000438229 2.17607e-05 0.652859 0.00627452 0.0402465 0.00065556 7.09283e-06 0.00225724 0.182151 0.0598472 0.000136809 
0.0531393 6.74809e-05 2.49607e-07 0.00690432 0.011033 0.0932658 0.0143086 0.0615793 0.000694414 0.00559501 0.00218517 4.07441e-05 0.00670389 0.000175281 6.3919e-05 1.86915e-05 0.353454 0.0138088 0.0675526 0.00647109 1.48603e-05 0.0514272 0.235121 0.0156994 0.000676162 
0.035406 4.27365e-05 2.31141e-08 0.00127304 0.0229633 0.0184495 0.0305725 0.0874985 0.00245625 0.000529883 0.00140492 8.71982e-05 0.00528838 0.000160677 0.000991904 9.15422e-05 0.511727 0.00312572 0.00319693 0.000290487 0.0126477 0.0246316 0.145677 0.0911182 0.000369078 
0.195408 1.16085e-07 4.06283e-11 0.000966976 0.0163999 0.0117327 7.23973e-08 0.000588101 0.000139785 0.000881158 0.0976012 4.96399e-08 1.04828e-06 6.24114e-05 0.00307541 4.57206e-08 0.394879 0.000334386 0.021953 1.80075e-07 1.32029e-07 0.00918423 0.229206 0.0175857 3.70073e-08 
0.0591866 3.84742e-11 4.67114e-11 0.00605532 0.0135029 0.000489074 0.000217003 0.0140286 0.00639002 0.00734078 8.46657e-05 6.91515e-05 0.00167922 2.08295e-07 0.000115948 7.00848e-05 0.507201 0.00011399 0.00320298 0.000457857 5.34585e-08 0.0058831 0.172601 0.201005 0.000305461 
0.0579337 2.62555e-09 3.18767e-09 0.00112827 0.00545136 0.00449756 0.000136996 0.00463595 0.00123362 0.00167908 7.78891e-05 6.70916e-06 0.0178785 0.000111764 1.94389e-09 3.79035e-05 0.836959 0.000164742 7.8336e-05 0.000517985 1.54162e-07 0.00161901 0.060513 0.00524728 9.12198e-05 
0.205422 9.1302e-06 8.80035e-08 8.79499e-05 0.00975558 0.038037 0.00049216 0.00437505 0.198727 0.0133141 0.000430261 0.0335717 0.00276275 0.00302658 0.00015442 4.64898e-06 0.378202 0.00156842 0.0401604 0.00124343 5.24163e-06 0.0450511 0.0166944 0.00611562 0.000788727 
0.0222558 3.7034e-05 3.41052e-08 0.00266472 0.121156 0.000900185 0.00513053 0.248395 2.59753e-05 2.06008e-06 0.000571236 1.30608e-06 5.37207e-06 1.74797e-06 0.00608349 0.000417392 0.34971 0.000929214 0.00507977 0.0655491 0.000956732 0.0303227 0.0103025 0.129501 7.05193e-07 
0.0390261 9.97878e-08 4.2766e-10 0.0161494 0.0629981 0.237322 0.000152385 0.0446392 0.00132959 0.00972442 6.35605e-06 6.4778e-06 0.0231347 0.000125671 2.60794e-10 1.62109e-05 0.337403 7.30685e-05 0.105575 0.0134567 4.13562e-06 0.0153959 0.0570713 0.00869575 0.0276946 
0.00684663 4.17266e-10 1.93372e-10 0.00953888 0.0187799 0.214015 0.000394416 0.0829454 0.000510305 0.00107244 0.0128591 4.17707e-06 0.00235311 3.17283e-05 0.000358408 4.67458e-05 0.341844 0.00454648 0.0175672 0.00487871 8.10413e-09 0.00729099 0.265608 0.0083999 0.000109014 
0.0156153 0.00152578 6.61153e-07 0.00385809 0.00115973 0.012283 2.4443e-05 0.00693899 0.00178937 0.000851209 0.00791992 0.00363838 0.00707054 2.11412e-06 0.00039763 3.94046e-06 0.662683 0.000336243 0.00761582 0.000283869 0.0462861 0.00232388 0.0837019 0.13353 0.000160376 
0.127212 0.000522214 1.39378e-09 0.000593725 0.00426233 0.0637837 0.000370679 0.0181064 0.00015962 0.00103819 0.00023536 1.34532e-05 0.00745227 1.77134e-07 1.96364e-06 4.34914e-05 0.396522 0.000799834 0.0282676 0.000751714 0.000579004 0.160901 0.178922 0.00944371 1.79026e-05 
0.000684484 1.173e-09 1.42413e-09 0.0168979 0.00148081 0.00187088 0.00330001 0.00380082 6.42247e-05 0.00531905 1.3729e-06 9.48744e-06 2.39252e-05 4.27747e-06 2.54478e-05 1.25172e-05 0.408149 0.0299883 0.408017 0.00727862 1.30998e-06 0.0926112 0.0126656 0.00774966 4.44242e-05 
0.0403527 1.03611e-07 8.11982e-10 0.000188438 5.96713e-05 0.0320736 2.59481e-06 0.0047637 2.73409e-08 9.817e-08 0.00186804 3.39734e-08 0.237936 0.000532775 2.56358e-08 1.02831e-07 0.492458 6.87578e-07 0.00554102 0.0319702 8.24031e-07 0.146461 0.00568843 0.000101145 2.03549e-07 
0.128287 0.00249758 2.89058e-11 0.0165982 0.0412088 0.0531791 0.00141822 0.0102885 0.000908236 0.114802 0.000717991 0.00645719 0.00440066 0.000119166 0.000152822 0.000195796 0.208739 0.0548968 0.123063 0.0073331 0.000169953 0.044971 0.136323 0.04267 0.000603014 
0.0769045 0.000324708 4.40049e-06 0.000808602 0.181141 0.0929652 0.0037203 0.030358 0.00357188 0.00592611 0.0570875 3.32198e-06 0.0138991 1.57772e-05 6.52072e-06 8.04159e-05 0.238341 0.00553797 0.0615957 0.0020507 9.85979e-06 0.0413098 0.17323 0.0110674 4.00123e-05 
0.0264098 0.00402145 2.30378e-08 0.084746 0.00843833 0.159293 0.000137139 0.0262003 0.0326371 0.00461962 0.000285816 2.27031e-06 0.00193297 6.31585e-08 1.71914e-07 5.88822e-07 0.32267 4.2628e-05 0.026665 0.000609206 0.000386234 0.0496179 0.242379 0.00890519 8.32935e-08 
0.019855 1.22468e-05 4.43516e-07 0.00879229 0.0135986 0.0459183 0.000146073 0.0270475 0.000480414 0.00119233 0.0140072 3.48087e-05 0.051822 0.000168925 8.01271e-05 8.8186e-05 0.468049 0.000280964 0.0195448 0.0050532 0.000196037 0.121287 0.190109 0.0121248 0.000111351 
0.00197192 4.16557e-05 3.86669e-11 0.00013396 0.00749035 0.0474337 0.00543716 0.00251594 3.17119e-05 0.000275973 0.374826 4.74555e-08 0.00837361 7.343e-08 2.35797e-11 0.00118579 0.393368 0.00316902 1.52612e-06 0.000869094 1.17904e-08 0.0208742 0.124646 0.0049012 0.0024524 
0.0127299 3.45081e-06 3.65805e-12 0.000154791 0.000349259 0.0219385 1.78623e-05 0.00563907 7.31734e-05 0.00103953 1.04073e-05 1.43819e-05 0.00116134 1.77541e-07 2.80506e-05 1.08587e-05 0.613272 1.99592e-05 0.131904 0.000216168 2.65631e-05 0.0677506 0.133706 0.00976739 0.000167045 
0.0132188 2.17292e-08 2.59275e-11 0.00573286 0.021346 0.0005419 0.0133607 0.00748109 0.00159103 0.0006098 0.000809235 1.85557e-06 0.0173347 1.18024e-08 2.18873e-07 1.70986e-05 0.611614 0.00127206 0.00674382 0.00539074 2.38882e-05 0.00669252 0.285921 0.000295645 1.50842e-08 
0.0522454 0.0063751 0.00340103 0.0319958 0.0740031 0.0272844 0.00268591 0.0255196 0.0348434 0.00486993 0.0100352 0.00230394 0.0403903 0.000736665 0.000312991 5.8899e-05 0.274454 0.00308614 0.0220679 0.237792 0.0154537 0.0261535 0.0564145 0.0471268 0.000390145 
0.0040407 7.46148e-07 2.88249e-09 0.00487096 0.00329751 0.195757 1.004e-06 0.000993431 0.00021046 3.73936e-06 0.000166046 2.46055e-07 1.53793e-06 2.38206e-09 0.000302089 3.68116e-05 0.382158 0.0352795 0.0851421 5.36379e-06 1.76618e-09 0.0226735 0.0826974 0.182359 3.1434e-06 
0.00209186 5.85756e-06 1.31988e-10 0.00134659 0.00197446 0.000391104 6.57559e-05 0.003725 3.83013e-05 0.00267684 1.50511e-05 6.72236e-05 0.00100779 4.70832e-06 0.000884032 8.0077e-05 0.572756 3.14268e-05 0.000466654 0.0108351 5.49945e-07 0.353482 0.0243447 0.023704 5.67768e-06 
0.00394015 9.82883e-07 6.30873e-08 2.01555e-05 5.48147e-05 1.98581e-05 4.81367e-06 0.000120667 8.16905e-06 9.01283e-07 0.00491417 3.16259e-07 0.0111415 5.25536e-07 0.000547214 1.00436e-06 0.885923 1.53272e-06 9.85298e-06 3.21391e-05 8.68432e-07 0.00156821 0.00144887 0.0902385 1.87267e-06 
0.116403 3.34119e-05 5.06019e-06 0.18532 0.0424283 2.55004e-05 1.34065e-05 0.0143066 0.000218164 0.00849202 0.000165312 9.17036e-06 0.000526945 0.000194868 0.000240555 8.28731e-06 0.335977 1.64328e-05 0.00168217 0.0133956 9.41645e-06 0.000865292 0.00132548 0.277568 0.000769687 
0.0123261 2.62685e-05 9.79259e-10 0.00067988 0.000514653 0.10099 4.38633e-05 0.00677154 5.03372e-05 0.00676924 0.000122868 1.2457e-05 0.0125979 6.42664e-06 3.92078e-05 1.94479e-05 0.393244 0.00041404 0.0446858 0.000750738 6.78725e-07 0.371699 0.0434254 0.00439851 0.00041159 
0.00452811 0.000157714 1.09518e-10 0.00822403 0.1923 0.116294 0.00900388 0.065756 0.00529192 0.000439751 0.00568787 0.000124927 0.0451052 5.60357e-05 3.92152e-05 1.9557e-06 0.214407 0.0951633 0.0225076 0.000958859 7.45886e-06 0.03014 0.143045 0.0401238 0.000636917 
0.00203315 3.79019e-07 1.79239e-08 0.0100296 0.0175724 0.00766254 7.032e-06 0.0111343 1.37617e-05 2.63148e-05 0.0935547 1.22652e-07 0.217424 2.00047e-07 1.09303e-08 1.26459e-05 0.306766 0.00120935 0.00185544 0.302938 4.06781e-08 0.00728733 0.0199468 0.000525034 7.28876e-07 
0.0712457 3.19399e-05 2.52489e-05 0.00339664 0.00353368 5.12463e-05 0.000719952 0.00775346 5.68104e-08 0.00242608 0.00140469 0.00430225 0.000166772 9.27148e-06 0.000199815 0.000108183 0.429882 0.000331485 0.026135 0.00901412 0.121358 0.0664514 0.036718 0.214699 3.63294e-05 
0.14673 3.74162e-05 9.53701e-06 0.0330902 0.0119987 0.120791 0.000406739 0.0246903 0.0207446 0.136053 0.0869623 3.66732e-07 0.0134352 6.22044e-06 6.96477e-06 5.75094e-07 0.15123 5.2495e-05 0.0367898 0.124132 0.000110877 0.00714916 0.0713871 0.0141601 2.61712e-05 
0.0144907 0.000113375 1.78107e-07 0.000857509 0.185637 1.19721e-05 0.0544388 0.0637119 4.81489e-05 0.0029753 2.8413e-05 3.76176e-06 0.000437194 1.38647e-05 1.08613e-07 2.37858e-07 0.469419 0.0200396 7.9591e-06 3.53519e-08 7.32044e-06 1.49573e-06 1.09048e-05 0.187741 4.06284e-06 
0.00684663 4.17266e-10 1.93372e-10 0.00953888 0.0187799 0.214015 0.000394416 0.0829454 0.000510305 0.00107244 0.0128591 4.17707e-06 0.00235311 3.17283e-05 0.000358408 4.67458e-05 0.341844 0.00454648 0.0175672 0.00487871 8.10413e-09 0.00729099 0.265608 0.0083999 0.000109014 
0.0123261 2.62685e-05 9.79259e-10 0.00067988 0.000514653 0.10099 4.38633e-05 0.00677154 5.03372e-05 0.00676924 0.000122868 1.2457e-05 0.0125979 6.42664e-06 3.92078e-05 1.94479e-05 0.393244 0.00041404 0.0446858 0.000750738 6.78725e-07 0.371699 0.0434254 0.00439851 0.00041159 
0.0296995 2.69342e-11 3.27008e-11 0.00489486 0.00847673 0.00400568 0.000292622 0.0082323 0.000587986 0.00734578 0.00239468 3.24703e-07 0.0100104 1.16081e-05 0.00121951 1.15891e-05 0.659487 0.000375106 0.00729031 0.00428902 7.93957e-07 0.00672314 0.233632 0.0110163 2.58598e-06 
0.0130208 0.000157841 3.50597e-06 0.000589606 0.013937 0.000798256 0.0449757 0.0119007 0.125399 0.0148754 0.00202941 0.000153571 0.00512397 5.31896e-05 3.04041e-05 6.40313e-05 0.407344 3.7747e-05 0.00440422 0.0102653 0.312574 0.010143 0.00415788 0.0179536 8.28826e-06 
0.0515518 0.00878594 0.000110265 0.0227878 0.0179459 0.0282244 0.00298154 0.0304055 0.0013088 0.00659337 0.00180846 0.000294492 0.00810682 2.31273e-05 0.000471187 0.000251694 0.36175 0.00674273 0.0166057 0.0046149 0.00375739 0.0753986 0.30112 0.0474164 0.00094246 
9.08819e-07 9.07354e-07 9.07009e-07 0.00681651 0.0379008 9.08794e-07 0.00445262 0.0121779 0.0128104 9.08494e-07 0.0224317 9.08652e-07 0.073776 9.0735e-07 0.00217956 9.06351e-07 0.812358 0.00418127 9.08662e-07 0.00454381 0.00163489 9.08693e-07 9.08879e-07 0.00472604 9.07848e-07 
0.00290927 6.04561e-08 1.60922e-07 0.0310603 0.000806561 5.91682e-06 2.86573e-05 0.00142526 8.48852e-06 1.56158e-06 1.41421e-06 5.27479e-06 0.00325889 2.24041e-05 0.0360711 1.57939e-07 0.293018 2.67194e-06 0.000644841 0.00689208 2.66944e-07 0.249044 0.123521 0.250977 0.00029396 
0.173635 0.000904569 2.39106e-09 0.0114951 0.0710521 0.0938258 0.00282325 0.098026 0.000601687 0.014025 0.00358204 0.00478648 0.0504065 0.000714084 8.14419e-06 0.00161566 0.212322 0.000307019 0.102476 0.00436443 0.000151422 0.0287997 0.104607 0.019422 4.76096e-05 
0.00810788 4.49972e-06 1.88585e-09 0.00475587 0.00417874 0.209182 0.000590819 0.0403366 0.000424283 0.00525495 0.000194007 7.06724e-05 0.00599525 3.76568e-06 0.000399247 2.32679e-05 0.338374 0.00376715 0.164386 0.000545254 2.84182e-05 0.04912 0.143811 0.00347452 0.016973 
0.0939625 0.000247947 4.75893e-09 0.00966177 0.0136633 0.0618915 0.000211978 0.0708575 0.000239096 0.000441661 0.00125493 2.19951e-05 0.0311547 1.70867e-05 0.000257767 3.82996e-05 0.306917 9.75865e-05 0.0112369 0.00542832 1.46084e-07 0.228461 0.156453 0.00724125 0.000242845 
0.00228852 9.93625e-06 1.35324e-10 0.00141717 0.002247 0.000694123 7.2927e-05 0.00385468 4.93074e-05 0.00281105 1.68883e-05 6.66626e-05 0.00117491 5.17708e-06 0.00105868 9.29915e-05 0.575006 3.7429e-05 0.000526891 0.0157199 1.09718e-06 0.343749 0.0262329 0.0228598 6.44177e-06 
0.00862662 0.0825481 3.37043e-08 0.000874402 0.0526513 0.00722905 0.0269463 0.0680889 0.00877902 9.41095e-05 2.71002e-06 0.00313135 0.00522568 6.56806e-05 0.000125479 3.32347e-06 0.435212 0.000225786 0.0133858 0.000796302 0.000626666 0.0100607 0.0522317 0.221596 0.00147252 
0.011374 4.90585e-06 1.37108e-08 9.6364e-05 0.00109047 0.204696 1.61377e-05 0.00310256 2.20914e-05 0.00159334 6.48065e-05 1.30891e-06 0.0052082 1.90136e-06 7.04152e-08 5.55711e-06 0.651017 0.000790731 0.0126416 0.000245062 1.54153e-07 0.0957091 0.00990227 0.00042726 0.00198898 
0.0155759 5.12021e-08 2.9856e-08 0.000852864 5.86101e-05 3.35325e-08 8.22307e-05 0.00235063 0.000410203 2.16535e-08 0.00164289 0.000214908 0.000364347 2.16552e-09 0.000568887 4.40454e-11 0.6569 6.08636e-09 0.000885235 6.54629e-12 0.227425 0.00184294 0.0236483 0.0671628 1.41328e-05 
0.000235967 3.05238e-05 3.70589e-05 0.000173189 0.000378409 0.00110295 0.00104136 0.000115246 6.99808e-05 0.000108118 1.58997e-05 6.00432e-06 0.000116629 0.000233614 3.79887e-05 4.94913e-05 0.995134 7.08636e-05 5.79876e-06 7.3557e-06 2.2707e-05 2.95988e-05 0.000625563 0.00016014 0.00019188 
0.0708684 0.000715288 2.01049e-08 0.00788219 0.000386319 0.0272804 0.000688254 0.0237328 0.000190803 0.000787489 0.000518849 3.93028e-05 0.000561752 2.94564e-06 8.21109e-05 9.40131e-06 0.649082 4.83445e-05 0.000176284 0.000259651 0.000629738 0.0382983 0.116934 0.060808 1.69502e-05 
0.0962236 0.00118904 0.000535409 0.0105442 0.0335379 0.0163722 0.000157532 0.00044631 0.000141937 0.0011932 0.000642527 3.95966e-05 0.0224602 4.96484e-05 0.00254631 1.59227e-05 0.719907 0.000327097 0.00563875 0.00226881 0.00192418 0.0162804 0.0255475 0.0420073 3.02875e-06 
0.0459324 0.0206678 0.000257688 0.0034149 0.018348 0.0380115 0.00126012 0.0399239 0.00695992 0.00688439 0.0161298 0.0202009 0.0133408 0.000182038 0.000893132 0.000477951 0.285122 0.00265352 0.222919 0.00412228 0.0618833 0.0227182 0.0754282 0.0921604 0.000107389 
0.0119723 1.40497e-05 3.63828e-12 0.0159876 0.00367053 0.0249902 3.11436e-05 0.00394644 0.000204147 0.00273393 0.000295995 5.20066e-05 0.00222514 4.20401e-05 0.00036648 5.64851e-05 0.432248 0.00188783 0.348916 0.00304079 0.000406786 0.0196941 0.104561 0.0198107 0.00284587 
0.0266191 2.7257e-08 1.03564e-11 0.00121327 0.00037935 0.0176503 0.000196517 0.00322519 9.96518e-05 0.000559455 0.00134116 1.81782e-05 0.0212386 1.55849e-05 0.000149554 6.72004e-06 0.703051 2.31496e-05 0.0058006 0.00594878 1.16865e-06 0.00424536 0.207767 0.00044072 9.60593e-06 
0.000755239 4.25761e-11 5.16915e-11 0.000793998 0.00491683 0.258674 0.00128795 0.0121426 1.32355e-07 9.51609e-06 9.1881e-08 1.16826e-08 7.67921e-05 1.50349e-07 3.15223e-11 2.95947e-07 0.659607 0.000152545 0.0198823 7.17956e-08 1.58255e-06 0.00677429 0.0175665 0.017358 1.45702e-07 
0.0343579 9.07146e-08 1.83815e-05 0.00907728 0.01098 0.105242 9.89437e-07 0.0080707 3.1656e-06 0.0152438 0.00795723 7.19367e-05 0.00644449 4.62248e-08 0.00870234 1.09068e-05 0.413713 8.55931e-07 0.00330457 0.025667 1.94179e-08 0.019991 0.33101 0.000132122 1.7872e-07 
0.00378361 0.00973606 3.88694e-07 0.0216144 1.35287e-05 0.0247282 6.31305e-05 0.0427253 3.15184e-06 0.000224837 0.000220571 3.0655e-06 0.0399077 3.80778e-05 0.00215753 8.5716e-06 0.260446 4.26503e-06 0.0261456 0.023731 7.94173e-06 0.230619 0.0898614 0.22378 0.000176826 
0.00209186 5.85756e-06 1.31988e-10 0.00134659 0.00197446 0.000391104 6.57559e-05 0.003725 3.83013e-05 0.00267684 1.50511e-05 6.72236e-05 0.00100779 4.70832e-06 0.000884032 8.0077e-05 0.572756 3.14268e-05 0.000466654 0.0108351 5.49945e-07 0.353482 0.0243447 0.023704 5.67768e-06 
0.0213307 2.84772e-05 0.000246563 0.00385832 0.00550585 0.00446131 0.000202018 0.00636764 0.00100465 0.00506431 0.00121381 6.13697e-05 0.00561732 6.47616e-05 0.00079627 1.03616e-05 0.806943 0.00559714 0.0110363 0.00706419 0.000209431 0.00321873 0.0914762 0.0183891 0.000232428 
0.00731113 2.40991e-05 1.52469e-11 0.00400776 0.00597001 0.112738 0.000620551 0.0208424 0.00032489 0.00157941 0.000281381 8.27228e-05 0.0044524 3.16701e-05 0.00514935 7.64545e-06 0.303679 0.0184887 0.267254 0.00160007 4.31876e-06 0.0759145 0.161792 0.00740753 0.000436834 
0.00778456 4.07844e-08 2.41395e-10 4.40689e-07 0.00684713 8.28214e-07 0.099331 0.00193624 0.316601 0.000498069 1.43421e-06 1.30716e-08 5.3445e-07 0.000201658 1.06426e-07 4.23409e-05 0.523461 1.3794e-07 0.00388918 6.33352e-07 0.0252258 0.00863138 0.00139078 0.00414421 1.12994e-05 
0.136749 0.000425902 3.06364e-06 0.00382499 0.0654861 0.0192531 0.00593107 0.0229088 7.55493e-07 0.00669209 0.00460746 4.84556e-06 0.00907512 0.00128099 4.13999e-05 6.41002e-05 0.499473 0.000829722 0.00187373 0.0615171 0.000457831 0.0137353 0.145394 0.000338836 3.21365e-05 
0.123305 0.000305845 4.14322e-07 0.0177199 0.0280628 0.188615 0.00630214 0.104795 1.05067e-07 0.00122645 0.0304131 7.30359e-05 0.000131837 1.0252e-06 0.011728 1.932e-05 0.341685 5.352e-05 0.00225331 0.00207978 9.91915e-05 0.00121577 0.0845478 0.0540623 0.00130472 
0.00560386 1.11623e-05 1.36248e-08 0.010987 0.0030117 0.00542053 0.000570333 0.011647 0.000258004 1.66355e-06 0.0231349 4.69642e-06 0.0282733 6.1809e-06 4.40405e-05 2.88839e-06 0.806857 4.24517e-06 2.09746e-05 0.000485528 0.000103236 0.00589732 0.0739478 0.0232178 0.000488607 
0.0369378 4.97275e-05 2.20444e-06 0.000892799 0.0118925 0.0285458 5.02653e-06 0.0329073 0.000311633 0.0150901 0.0372685 0.000249623 0.0194756 1.19634e-07 1.0575e-06 3.35767e-06 0.387862 7.51455e-07 0.023883 0.0270955 2.47222e-07 0.177684 0.0331478 0.16665 4.37995e-05 
0.163441 0.000100987 1.4563e-07 0.00554541 0.0151979 0.0295799 0.00106617 0.00512261 0.000856984 0.156997 0.00122959 5.79404e-05 0.00774663 7.93798e-06 0.000171904 1.25282e-05 0.246645 0.106889 0.0265239 0.00314809 3.16776e-06 0.00057719 0.180364 0.0467433 0.00197131 
0.00886216 0.000133656 4.26047e-08 0.0397106 0.0524628 0.101012 0.0027196 0.14834 0.0013432 0.0175598 0.00140784 0.0446553 0.0326706 3.1323e-05 0.00149716 1.10101e-05 0.1752 0.00288857 0.115508 0.077495 1.10421e-06 0.0601077 0.0763877 0.0392298 0.000764215 
0.0280152 0.000517319 1.66689e-05 0.00202006 0.00449888 0.00418932 7.16269e-05 0.149733 0.000143627 0.00499251 0.000361774 0.000209392 0.000228929 2.28038e-08 1.76378e-06 4.82582e-06 0.405578 4.69594e-06 0.00248374 0.0048357 0.176073 0.0454013 0.0473305 0.123287 1.23949e-10 
0.127212 0.000522214 1.39378e-09 0.000593725 0.00426233 0.0637837 0.000370679 0.0181064 0.00015962 0.00103819 0.00023536 1.34532e-05 0.00745227 1.77134e-07 1.96364e-06 4.34914e-05 0.396522 0.000799834 0.0282676 0.000751714 0.000579004 0.160901 0.178922 0.00944371 1.79026e-05 
0.0864705 7.78242e-05 3.91867e-08 0.0338616 0.0300892 0.0572388 0.0115205 0.0272113 0.00640101 0.00318625 0.00625929 3.79635e-05 0.0083115 0.000256095 5.28578e-05 2.50879e-05 0.203151 0.000934978 0.15245 0.00394081 0.000329098 0.184962 0.145765 0.011431 0.0260358 
0.0227709 0.000169043 3.89238e-11 0.029461 0.026624 0.327211 0.0250273 0.0134704 0.0007819 0.00923493 0.0001867 1.80151e-05 0.00169669 0.000121005 6.58644e-06 6.75914e-08 0.409428 0.0014629 0.0290557 3.65429e-05 9.49705e-06 0.0143333 0.057943 0.0293251 0.00162593 
0.0186006 1.39752e-10 1.21013e-08 0.00344714 0.176532 0.0430866 0.0310727 0.00406667 4.02187e-07 0.0062947 0.000496912 0.00114882 0.00627886 5.59032e-05 1.5795e-05 2.25499e-06 0.360825 0.145173 0.0101613 8.13186e-05 1.59659e-05 0.00562559 0.0645472 0.115327 0.00714456 
0.0130208 0.000157841 3.50597e-06 0.000589606 0.013937 0.000798256 0.0449757 0.0119007 0.125399 0.0148754 0.00202941 0.000153571 0.00512397 5.31896e-05 3.04041e-05 6.40313e-05 0.407344 3.7747e-05 0.00440422 0.0102653 0.312574 0.010143 0.00415788 0.0179536 8.28826e-06 
0.0323227 5.84714e-06 3.38972e-12 0.000617865 0.00160531 0.00917191 2.74418e-05 0.0110892 0.000302135 0.00190356 7.98561e-05 4.67144e-05 0.00124596 9.66542e-07 3.18769e-05 1.16738e-05 0.639786 5.28051e-05 0.0119274 0.00113399 9.87613e-05 0.0271685 0.216686 0.0446548 2.87987e-05 
0.049771 0.000188621 1.07145e-08 0.0702947 0.0029303 0.0630596 0.000787022 0.080673 2.02934e-05 0.00528568 0.00747073 2.73073e-05 0.102716 3.77261e-05 0.0236933 7.4608e-06 0.316849 0.000382072 0.00713825 0.011435 1.2392e-06 0.0245628 0.215549 0.0170917 2.84926e-05 
0.0249731 2.2671e-06 2.79363e-08 0.014919 0.0462485 0.00394027 0.00401238 0.0065926 0.00013786 0.00138752 0.0986838 7.73753e-05 0.00583899 7.13693e-05 0.000713593 3.53525e-05 0.430075 0.00114179 0.00326395 0.0149809 0.0467076 0.0150632 0.161406 0.119709 1.85448e-05 
0.0988284 0.000247362 2.50824e-06 0.00243302 0.0123134 0.084298 0.000804338 0.0916578 0.000103545 0.0544581 0.000663333 2.06141e-05 0.00871231 0.00141468 2.28362e-05 3.93089e-06 0.310361 0.0004068 0.0155031 0.0362959 4.88027e-05 0.16096 0.0597034 0.0604267 0.000309878 
0.0503018 0.0023049 7.45724e-09 0.0379313 0.0812846 0.170454 0.00534414 0.158913 0.00870846 0.000661266 0.0274025 0.000253619 0.0487195 0.000178184 0.00609602 0.000228656 0.212745 0.013324 0.0147692 0.0557864 2.35803e-05 0.0311836 0.0396967 0.0335273 0.000162119 
0.018784 1.49196e-08 1.81138e-08 0.00601524 4.48411e-07 0.00507044 0.00470084 7.94872e-07 4.59345e-09 0.00975491 1.59859e-06 3.31157e-07 6.5399e-06 4.32805e-07 1.10461e-08 2.41905e-08 0.893447 9.6024e-08 0.000229595 1.56171e-06 1.10988e-08 0.0574979 7.98188e-10 0.00448393 4.1633e-06 
0.046105 0.00873393 0.00112082 0.002484 0.0519404 0.0389712 0.0116317 0.0366386 0.000258385 0.00759954 0.0185787 0.0014466 0.00567491 0.00015248 4.13291e-05 0.00198997 0.390644 0.00134164 0.0333379 0.00782638 0.125358 0.0234154 0.0527714 0.131879 5.89885e-05 
0.00142169 1.9384e-10 2.35341e-10 0.00215673 0.00599588 0.163158 4.48223e-07 0.0804223 0.00017759 0.000984926 0.000331695 2.08481e-05 0.00408455 0.0240049 7.29009e-08 1.31051e-07 0.607918 9.44396e-08 0.0587538 0.00165848 9.3868e-08 0.00442485 0.0444839 6.56427e-07 4.04553e-08 
0.0541553 1.38415e-06 2.77456e-05 0.000390936 0.00809319 0.0233737 0.00222518 0.0201436 1.28008e-06 0.0388422 8.60225e-05 0.0262788 0.00325588 0.000655672 0.00355575 6.77416e-06 0.483933 4.36458e-05 0.0780582 0.188491 0.000798525 0.0476674 0.0118929 0.00802209 2.86471e-07 
0.00209186 5.85756e-06 1.31988e-10 0.00134659 0.00197446 0.000391104 6.57559e-05 0.003725 3.83013e-05 0.00267684 1.50511e-05 6.72236e-05 0.00100779 4.70832e-06 0.000884032 8.0077e-05 0.572756 3.14268e-05 0.000466654 0.0108351 5.49945e-07 0.353482 0.0243447 0.023704 5.67768e-06 
