7.06674e-08 0.399288 6.96181e-12 1.40394e-07 0.0747322 0.00242352 0.00138737 0.00917744 0.000934008 0.0005922 0.000978903 0.000522044 1.14498e-08 5.75317e-12 0.00044501 8.93528e-05 1.03655e-12 0.00684165 2.31268e-07 4.44961e-08 1.19443e-07 6.47628e-07 0.0272122 0.475374 7.93927e-08 
0.0797724 7.3947e-10 8.97788e-10 0.18341 0.0165883 0.00021526 0.00651038 0.0265432 0.033991 0.00183073 1.76229e-06 1.45461e-10 1.30068e-06 1.15247e-07 5.47486e-10 1.19897e-09 1.33672e-10 0.000882025 6.04932e-05 2.78027e-06 5.50099e-10 0.0198338 0.626743 0.00360211 1.18501e-05 
0.00364343 0.00188307 7.83409e-08 0.00334891 0.013619 0.00148786 0.000476377 0.00192581 0.00195351 0.000135635 0.000684928 0.000159742 0.000719918 8.78731e-08 0.0780035 5.46267e-06 7.17144e-08 0.00176132 0.00264402 0.00244324 1.31905e-06 0.0012492 0.00807703 0.87247 0.00330689 
0.0032044 1.96568e-05 2.58249e-07 0.0015645 0.0421216 0.00831942 0.00380636 0.0884032 0.00195807 3.55193e-06 0.000467008 1.86094e-06 1.18304e-05 2.13414e-07 0.00800545 1.57707e-05 3.84508e-08 2.36444e-05 0.00158086 0.000474364 1.03027e-06 0.00885224 0.00839971 0.822761 3.55132e-06 
0.194749 0.00274357 1.61211e-09 3.25104e-05 0.722279 0.00011938 4.46143e-05 4.01727e-05 3.72841e-05 1.73564e-05 2.28946e-05 2.51796e-05 2.65137e-06 1.33224e-09 1.28795e-05 2.06704e-05 2.40029e-10 0.000232949 0.0107643 0.0680151 2.7659e-05 0.000149968 0.000251042 0.000393142 1.83846e-05 
0.00231826 0.440043 8.56578e-07 0.000357003 0.00248489 0.0332849 1.98869e-07 0.442657 0.000157974 2.07701e-07 0.000161623 2.43177e-05 1.14247e-05 7.07868e-07 6.77019e-05 1.14394e-06 1.27536e-07 5.741e-07 0.00192794 1.92068e-05 5.24849e-07 0.0214547 0.0163473 0.0324409 0.00623745 
2.10874e-05 0.0472361 1.36466e-09 4.88045e-05 0.0618916 0.0418988 0.00415126 0.129203 0.000885571 0.00469171 6.44264e-06 0.000738657 1.61905e-06 0.000717393 1.17171e-05 1.82247e-09 2.03185e-10 0.00199673 0.1305 0.00591807 6.84464e-08 0.0247416 0.237543 0.307796 1.32688e-06 
0.000405493 3.76394e-05 1.68432e-10 4.4603e-07 0.0261106 0.00214943 6.12103e-07 0.000581127 5.11541e-07 2.3815e-07 3.14157e-07 0.00121862 3.6405e-08 1.39191e-10 0.0257042 2.83774e-07 2.50779e-11 3.19587e-06 0.00537621 1.41388e-07 0.00159094 2.05745e-06 0.0126021 0.923989 0.000227094 
0.0755034 3.1462e-10 3.81979e-10 2.71851e-06 2.97824e-06 0.0222211 7.18339e-06 0.0631026 5.61914e-07 2.92693e-06 1.63884e-10 6.18886e-11 7.95119e-11 2.43092e-06 1.53762e-06 5.10124e-10 5.6873e-11 0.000597967 0.00543125 2.45575e-05 2.34049e-10 0.0963604 0.736717 2.0839e-05 3.28552e-07 
3.7761e-05 1.76556e-09 2.36006e-06 7.20783e-05 1.02446e-05 1.24034e-05 4.97663e-10 3.79699e-05 1.89715e-05 2.44342e-06 2.99822e-05 5.34881e-06 3.13236e-05 2.65889e-06 1.90861e-05 6.01448e-06 3.19156e-10 0.000274166 1.42218e-05 1.62533e-05 1.97144e-06 1.59262e-05 3.64792e-05 7.86052e-05 0.999274 
3.39137e-05 0.0400156 2.18571e-09 0.000873951 0.0610695 0.000245907 0.000140489 0.0223935 9.48853e-05 6.02549e-05 0.0109199 0.000252914 7.79303e-08 1.80625e-09 0.00632664 9.90598e-06 3.25432e-10 0.000691062 1.56542e-06 3.01547e-07 7.8959e-05 4.38305e-06 0.00272876 0.853988 6.92125e-05 
0.000470967 1.27252e-06 1.54497e-06 0.000612461 0.0271334 0.00109453 0.000273939 0.215646 0.0111668 0.00317839 2.47715e-05 1.47102e-05 0.00944537 1.27675e-06 2.82919e-05 0.00411629 2.30031e-07 2.1532e-06 0.0117804 0.000157952 9.46644e-07 0.00470207 0.00644193 0.703694 1.0356e-05 
0.0143937 7.08153e-11 8.59766e-11 0.00731693 0.0304326 0.00661089 1.99609e-11 0.26226 0.000786916 2.90407e-06 3.68873e-11 0.000155571 5.33339e-07 3.55322e-07 0.0170542 0.0002852 1.28011e-11 4.30145e-08 0.0344181 0.00825696 2.63927e-08 0.00544726 8.71378e-07 0.612574 2.67036e-06 
7.23441e-07 0.133225 4.7984e-10 1.43723e-06 0.0249191 0.000813117 0.000465049 0.00306352 0.00294823 0.000198925 0.000329016 0.000175409 1.17294e-07 3.96535e-10 0.000150881 3.12145e-05 7.14436e-11 0.00229079 2.36752e-06 4.5558e-07 1.22297e-06 6.62971e-06 0.00908194 0.822294 8.12963e-07 
1.42355e-05 0.286485 4.82887e-09 0.000670632 7.75673e-07 0.0893745 1.1211e-09 0.186585 3.2788e-06 1.63763e-05 1.87645e-07 1.87319e-06 7.26152e-06 3.99053e-09 2.94472e-09 0.259298 7.18972e-10 3.15792e-07 7.55593e-10 9.58465e-10 2.95878e-09 0.135401 0.0260556 0.0160837 2.89253e-06 
0.00204106 0.0337446 1.59807e-05 0.00187352 0.39374 0.0489936 0.021612 0.173175 0.0240132 0.00283681 0.0924497 0.000104346 0.000598763 1.73125e-05 0.00468347 0.000141297 2.00217e-06 0.0035178 0.0109804 0.00808508 0.00025287 0.00598908 0.0240269 0.147098 7.82236e-06 
0.128668 0.0232274 2.52518e-10 0.0631195 0.00528353 2.25942e-08 8.95678e-05 0.0476467 2.76522e-07 0.376203 2.74993e-06 0.00185455 0.193848 3.93787e-05 6.0532e-08 3.37232e-10 3.75976e-11 1.28791e-07 0.0195945 0.0404187 7.61342e-06 0.00269141 0.0475441 0.0496737 8.6535e-05 
0.236122 2.50184e-09 4.52171e-05 0.0969709 0.028107 0.00469739 0.00247143 0.0145372 0.121474 0.0280417 0.0380942 0.00075347 7.24084e-06 2.51014e-09 0.0822606 1.21746e-06 4.52251e-10 2.97147e-08 4.75287e-10 0.00707162 1.86114e-09 0.014178 0.0100015 0.312195 0.00296988 
6.87693e-06 0.00115297 6.77483e-10 1.36623e-05 5.51778e-05 5.01687e-05 0.00376854 1.68824e-05 1.56684e-05 7.29395e-06 9.62135e-06 1.05816e-05 1.11423e-06 5.59865e-10 0.00920674 0.0104326 1.00871e-10 9.78956e-05 2.25057e-05 4.3301e-06 1.16235e-05 6.30233e-05 0.000105499 0.974939 7.72603e-06 
0.00186416 1.00691e-10 1.22248e-10 0.00670632 0.0272976 0.00253287 0.0132258 0.0251932 0.0958718 0.208688 2.63538e-07 0.00107057 2.87906e-07 1.01025e-10 0.0010762 1.6326e-10 1.82016e-11 0.000770824 0.00137011 0.000209377 3.55575e-08 0.00806324 0.0174232 0.588636 3.79713e-07 
0.0425019 6.51451e-05 2.22457e-05 0.0168191 0.0212718 0.0107 0.00166792 0.1144 0.00141998 0.00707315 3.67505e-05 1.78859e-05 0.000321136 8.52493e-06 0.0213363 3.0196e-05 1.12671e-06 9.39023e-05 0.00356785 0.00156561 1.15753e-05 0.0334475 0.373402 0.349391 0.000827994 
4.52024e-05 0.39565 1.66725e-11 0.000120181 0.0648315 0.00368848 0.00118027 0.0104099 0.000795977 0.000592481 0.00117302 0.000443462 4.4456e-07 1.3778e-11 0.000768561 7.97624e-05 2.48238e-12 0.0116344 0.000237288 6.94985e-06 1.6233e-05 0.00206828 0.0369781 0.469272 7.68394e-06 
5.41689e-05 1.92547e-05 2.28465e-06 4.97437e-09 0.00472918 0.00175105 0.00739229 0.00450378 0.0544719 0.028452 1.47054e-05 1.21026e-05 5.17401e-09 1.60581e-07 6.8815e-06 0.802661 3.70085e-09 2.65042e-05 0.000718673 0.000384503 1.52301e-08 1.71038e-05 6.26331e-05 0.09472 1.86879e-07 
0.0123094 3.01201e-11 3.65688e-11 0.000218232 0.0301909 8.7867e-08 2.25844e-07 0.0448427 0.00100023 0.0159353 1.56894e-11 3.67404e-08 2.26847e-07 3.02201e-11 0.00171941 1.51442e-07 5.44474e-12 2.74615e-05 1.10895e-06 3.47685e-07 2.24067e-11 0.00111364 0.0179016 0.874739 2.09553e-11 
0.000705813 2.11784e-06 2.57126e-06 0.0177693 0.0258776 0.0339269 5.96961e-07 0.024216 0.00422796 0.000283032 0.000209104 4.16598e-07 0.011716 0.000300072 0.0148924 0.00161314 3.82836e-07 0.000146173 0.000451562 7.02673e-05 0.000105841 0.017732 0.0290138 0.816708 2.89116e-05 
0.000888367 6.73059e-05 0.00278483 0.000525258 0.000520307 0.000260753 0.000346754 0.00020769 0.000795951 0.000364984 0.000320406 3.52953e-05 8.09604e-09 0.000109313 0.00136856 5.19416e-08 5.79091e-09 0.000680922 6.08587e-09 0.989384 7.39006e-05 0.000176232 0.000152192 0.000863784 7.35714e-05 
2.61256e-05 1.1955e-09 1.45145e-09 7.86729e-06 0.451532 3.48754e-06 3.36979e-10 0.064693 0.0003034 4.90264e-05 6.2273e-10 1.45827e-06 9.00381e-06 1.19947e-09 1.66412e-05 6.01091e-06 2.16108e-10 7.26169e-07 0.180506 1.38e-05 8.89345e-10 0.00357121 1.47106e-05 0.299245 8.31739e-10 
0.00335113 0.000257711 3.52412e-08 0.00190259 0.22561 1.12156e-05 0.000125643 0.0321793 0.00274639 1.63866e-06 2.16537e-06 0.000739682 0.00109438 2.91229e-08 1.23107e-06 0.000564738 5.24707e-09 0.00444794 0.00222204 9.74717e-07 2.61929e-06 0.00466282 2.358e-05 0.72005 1.74683e-06 
2.18161e-07 0.128054 2.14922e-11 4.33417e-07 0.0152306 0.000160744 5.94783e-07 0.0164425 0.00338048 0.00180507 3.05223e-07 0.0011081 3.53472e-08 1.77609e-11 1.71705e-07 2.7557e-07 3.19998e-12 3.1056e-06 7.1396e-07 1.37366e-07 3.6874e-07 0.0125977 0.0672742 0.753695 0.000245343 
0.00104915 0.000115466 2.00101e-06 0.0681799 0.0243418 0.000351621 7.80791e-08 0.0013044 0.00284059 0.0236528 5.65678e-05 2.27132e-05 0.0287875 2.77921e-07 0.00343361 4.49129e-07 5.00729e-08 4.53322e-05 0.00087555 0.000263412 1.75462e-05 0.0810684 0.00158178 0.761754 0.000254894 
2.86423e-07 2.80474e-11 3.40523e-11 0.000223078 0.00286688 6.57289e-05 5.19886e-05 0.994606 7.1839e-08 1.16532e-07 1.20705e-05 8.08739e-09 3.15915e-09 6.285e-09 0.000191551 3.69221e-08 5.07006e-12 2.8498e-07 6.96248e-08 7.87111e-05 2.08647e-11 0.000356162 6.3058e-08 0.000518624 0.0010284 
3.7761e-05 1.76556e-09 2.36006e-06 7.20783e-05 1.02446e-05 1.24034e-05 4.97663e-10 3.79699e-05 1.89715e-05 2.44342e-06 2.99822e-05 5.34881e-06 3.13236e-05 2.65889e-06 1.90861e-05 6.01448e-06 3.19156e-10 0.000274166 1.42218e-05 1.62533e-05 1.97144e-06 1.59262e-05 3.64792e-05 7.86052e-05 0.999274 
0.000377053 1.22846e-06 1.1123e-06 0.214011 0.205815 0.0107737 0.165176 0.216276 0.0470646 0.00660861 0.00553074 6.37986e-06 0.0287296 1.30929e-08 0.009051 5.55867e-07 2.35894e-09 1.58852e-06 0.0055141 2.53962e-05 1.65268e-06 0.0208968 0.0192689 0.044762 0.00010654 
0.0150378 1.29603e-10 3.37513e-09 0.00108341 0.0285061 6.79619e-07 8.51849e-07 0.111114 0.00298783 0.150085 1.09131e-07 2.2024e-07 2.847e-07 1.30033e-10 0.261998 2.10138e-10 2.3428e-11 0.000231285 0.00327435 5.09063e-07 3.25401e-05 0.0021982 0.0891742 0.334274 4.92414e-07 
0.087698 0.000722757 1.80357e-05 0.0176434 0.0613158 0.00143061 0.000612662 0.0893168 0.00081263 0.00401807 0.000498386 0.000190938 0.000941593 3.15476e-05 0.00641063 6.95664e-09 7.75587e-10 0.0107779 0.000413422 0.00485282 3.67189e-05 0.00100419 0.0320161 0.67661 0.00262669 
0.00748843 2.05234e-07 2.49174e-07 0.0103582 0.197363 0.451787 0.144749 0.120138 0.000611768 5.26281e-06 1.06906e-07 4.03715e-08 5.18676e-08 8.073e-06 1.51951e-07 7.73317e-06 3.70997e-08 0.00596407 0.00012712 4.94578e-08 1.52676e-07 0.0105123 0.0508328 6.82722e-06 3.91699e-05 
0.00530917 0.0871725 1.82872e-11 0.00634348 0.0789406 0.0364294 0.00207547 0.0418341 0.000761707 0.000649918 2.59709e-07 2.85628e-07 3.00762e-08 4.23297e-08 0.000920581 2.34477e-07 2.7228e-12 2.64249e-06 0.015188 1.16882e-07 3.13753e-07 0.030623 0.230384 0.463364 2.08548e-07 
0.00303722 0.0179617 1.05688e-06 0.00187274 0.0321288 0.000781618 0.00789521 0.0153707 0.000244347 0.00108745 0.00580024 0.000165009 0.00130923 0.000433219 0.00825878 0.000456578 1.5736e-07 0.639509 0.000350755 6.76617e-05 0.000181712 0.00662567 0.0016435 0.254696 0.000120955 
4.85895e-08 8.1464e-06 4.78681e-12 0.00157357 3.89863e-07 0.0181493 0.000715481 0.00757462 0.000763983 0.000190734 0.000394356 7.47651e-08 5.43292e-05 3.95577e-12 0.00198484 0.000196465 7.1271e-13 6.91689e-07 0.00820535 3.05947e-08 0.000188974 0.0939134 0.224668 0.640991 0.000425849 
0.0014582 1.3073e-05 7.68166e-12 0.000170557 0.108423 5.6884e-07 0.00565499 0.0100115 0.00467255 0.00106695 1.09092e-07 1.1998e-07 1.26337e-08 6.34805e-12 0.000251679 9.84935e-08 1.14373e-12 0.0016661 2.55182e-07 4.9097e-08 1.31794e-07 0.00443119 0.0577779 0.8044 8.76019e-08 
0.000253294 1.63374e-06 2.32166e-09 7.29722e-05 0.0423192 0.00954948 0.203807 0.0546862 0.0107289 0.00530608 1.65313e-05 6.97626e-06 4.83272e-10 3.74737e-07 0.00373484 9.4307e-07 3.45674e-10 0.000404907 0.000280905 4.60819e-10 3.95949e-05 0.00415942 0.0125931 0.652037 5.23346e-07 
1.88967e-06 1.21467e-09 1.47472e-09 3.79527e-06 9.48841e-07 4.95014e-06 3.42382e-10 5.59394e-06 3.73973e-10 2.93258e-06 1.01298e-06 2.38936e-10 0.00370535 1.2187e-09 3.05856e-06 1.96946e-09 2.19572e-10 1.77187e-07 3.13852e-06 0.00135389 0.973304 4.54476e-06 2.37198e-06 0.0215927 9.71921e-06 
6.73786e-06 0.135209 3.72833e-07 1.33717e-05 0.507486 0.000456201 0.000262965 0.00159808 0.000182804 0.000700285 0.000206705 0.000103603 1.16454e-06 3.08106e-07 0.000118746 3.45468e-05 5.55113e-08 0.0012411 2.20153e-05 4.29843e-06 1.15682e-05 6.15395e-05 0.00782409 0.344419 3.63295e-05 
0.000273822 0.0459083 2.69756e-08 0.490142 0.00219704 0.00199759 0.000746535 0.000672212 0.437336 0.000290426 0.000383098 0.000421332 4.43656e-05 2.22924e-08 0.000215514 0.000345879 4.01641e-09 0.00389795 0.000896119 0.000172414 0.000462819 0.00250943 0.0042007 0.00657847 0.000307631 
7.06674e-08 0.399288 6.96181e-12 1.40394e-07 0.0747322 0.00242352 0.00138737 0.00917744 0.000934008 0.0005922 0.000978903 0.000522044 1.14498e-08 5.75317e-12 0.00044501 8.93528e-05 1.03655e-12 0.00684165 2.31268e-07 4.44961e-08 1.19443e-07 6.47628e-07 0.0272122 0.475374 7.93927e-08 
0.000924036 0.144234 4.20447e-10 0.000112866 0.0201086 0.00350611 0.00116375 0.00960066 0.000318766 0.000811949 0.000252035 0.000448661 1.22657e-07 3.47453e-10 0.00852364 1.74433e-05 6.26006e-11 0.00291376 0.00015637 1.59547e-06 0.000221419 0.000444748 0.00873148 0.797506 1.83616e-06 
0.00501801 0.1331 2.28348e-11 0.00202278 0.0524798 0.00518192 0.000462547 0.0359187 0.000622226 0.00826988 0.000326409 0.000466877 0.000103389 1.88705e-11 0.00215337 0.000189868 3.39989e-12 0.00386582 0.0135658 0.000645278 7.59763e-08 0.00684125 0.0892202 0.639545 5.05036e-08 
0.00416808 0.130987 4.29963e-12 0.00449154 0.158984 0.138374 0.00155889 0.000171537 0.0017204 0.00147672 6.10617e-08 6.71559e-08 7.07141e-09 3.55317e-12 3.43506e-08 5.51294e-08 6.40174e-13 0.00894723 0.0209535 0.000313311 7.37685e-08 0.00192029 0.473505 0.052428 4.90331e-08 
0.00142637 1.3997e-09 1.69937e-09 9.83946e-08 0.0121639 3.14989e-05 4.84212e-06 5.03355e-06 5.22924e-06 0.00314979 7.29098e-10 3.18092e-07 3.53738e-10 1.40435e-09 0.286957 3.05722e-06 2.53021e-10 1.17819e-07 1.62702e-06 3.37303e-10 1.74381e-06 6.84224e-07 0.000739821 0.695508 9.73807e-10 
0.0704662 1.85949e-06 4.33459e-09 1.4121e-05 0.0226947 0.00473663 3.14882e-06 0.00338484 2.09951e-06 5.20094e-06 1.1536e-05 0.0012021 9.06626e-07 1.38409e-06 2.6039e-05 5.78874e-09 6.45379e-10 3.29581e-05 0.00342318 0.00650476 0.00122915 1.86473e-06 0.010602 0.875582 7.30446e-05 
2.63331e-06 5.43274e-07 6.59587e-07 0.000136491 0.195168 2.44947e-05 0.000782629 0.0752654 0.00113977 0.000249476 2.82989e-07 1.06867e-07 0.000406705 5.45076e-07 0.00606458 8.80862e-07 9.82062e-08 3.36113e-07 1.03208e-07 8.16816e-06 4.04147e-07 0.000776992 0.000784267 0.719186 3.77969e-07 
2.04268e-07 0.102775 2.01235e-11 4.05816e-07 0.319272 0.000150508 0.00662775 5.01462e-07 0.0020017 0.00634819 2.85786e-07 3.14308e-07 4.63679e-05 9.99451e-09 1.6077e-07 2.58021e-07 2.99619e-12 2.90782e-06 6.68493e-07 1.28618e-07 0.000552756 0.0350083 0.0413677 0.485843 2.29489e-07 
0.000224223 6.41551e-07 7.78905e-07 0.00181423 0.187785 0.00911785 0.0547865 0.0346697 0.611343 0.000147747 0.00017108 1.26199e-07 1.62135e-07 0.000170182 5.94064e-05 1.04021e-06 1.15972e-07 0.00147642 3.77586e-06 1.54602e-07 1.54266e-05 0.0242154 0.0209184 0.0530744 4.49553e-06 
2.70333e-06 8.79394e-10 0.000123957 0.023275 0.434581 3.69909e-06 1.5123e-06 0.380156 0.0698641 1.81246e-06 0.000532876 1.72985e-10 6.40084e-06 8.82312e-10 0.00615783 4.42154e-06 1.58966e-10 1.48478e-06 1.28473e-05 2.0747e-05 6.5419e-10 0.0157058 0.0330195 0.036524 3.67152e-06 
0.0699515 2.49368e-05 8.26454e-10 9.35708e-07 6.73451e-07 0.00523813 0.000117813 0.0342192 4.37581e-06 0.00198085 3.54581e-10 0.00177303 1.46493e-06 6.82973e-10 0.00241156 1.10371e-09 1.23051e-10 0.000504655 0.00333134 4.01612e-07 5.06391e-10 1.31168e-06 0.0121051 0.868331 1.93213e-06 
0.0213264 0.020267 2.02809e-08 0.169242 0.00578185 0.0516234 0.000209622 0.00155583 0.000703256 0.000703964 0.000222848 0.000232075 0.000810615 8.62074e-07 0.00016411 2.55888e-06 3.01963e-09 0.00138174 0.000396557 0.000408393 3.40045e-06 0.0377774 0.12356 0.563596 2.9804e-05 
5.13115e-05 0.00860275 5.05496e-09 0.00010194 0.000411702 0.000374328 0.000139893 0.000125966 0.000116908 5.44229e-05 7.17886e-05 7.89533e-05 8.31367e-06 4.17737e-09 4.03851e-05 6.48141e-05 7.52635e-10 0.000730437 0.000167924 3.23086e-05 8.67277e-05 0.000470241 0.000787169 0.987424 5.76469e-05 
3.7761e-05 1.76556e-09 2.36006e-06 7.20783e-05 1.02446e-05 1.24034e-05 4.97663e-10 3.79699e-05 1.89715e-05 2.44342e-06 2.99822e-05 5.34881e-06 3.13236e-05 2.65889e-06 1.90861e-05 6.01448e-06 3.19156e-10 0.000274166 1.42218e-05 1.62533e-05 1.97144e-06 1.59262e-05 3.64792e-05 7.86052e-05 0.999274 
6.95381e-08 1.37519e-06 3.48276e-07 1.36888e-07 0.0547269 0.000813288 0.920487 0.00514818 0.00376011 0.000260773 3.50599e-07 0.000960602 3.60309e-08 1.29173e-07 1.43937e-07 1.11728e-08 1.59466e-12 0.000192987 0.0034016 0.00898592 6.5625e-12 0.00120092 3.4177e-06 3.89622e-07 5.56391e-05 
6.57726e-05 0.0539234 8.43815e-08 0.000130667 0.00563858 0.000533541 0.000179321 0.00593569 0.00141086 0.000818726 9.2046e-05 0.000512115 1.0672e-05 6.9732e-08 5.18096e-05 8.31773e-05 1.25636e-08 0.000936219 0.000215242 4.14258e-05 0.000111208 0.00487037 0.0235016 0.900737 0.000200272 
1.05413e-06 3.17402e-10 3.85357e-10 0.000149311 0.011614 0.00172413 3.48927e-05 0.981829 2.64452e-07 0.000597543 8.78699e-06 2.98058e-08 1.16806e-08 2.33453e-08 0.000128354 1.3623e-07 5.7376e-11 1.04883e-06 2.56278e-07 5.31303e-05 2.36119e-10 0.000237899 0.00150157 0.00143131 0.000687045 
1.42355e-05 0.286485 4.82887e-09 0.000670632 7.75673e-07 0.0893745 1.1211e-09 0.186585 3.2788e-06 1.63763e-05 1.87645e-07 1.87319e-06 7.26152e-06 3.99053e-09 2.94472e-09 0.259298 7.18972e-10 3.15792e-07 7.55593e-10 9.58465e-10 2.95878e-09 0.135401 0.0260556 0.0160837 2.89253e-06 
0.00622361 0.24751 4.11577e-05 0.0115851 0.100629 1.91594e-05 0.000203218 0.0161819 0.0144511 0.086941 0.00965934 0.000311127 0.000261203 3.6933e-07 0.201859 0.000138204 6.65421e-08 0.0010297 0.000270823 0.0467367 2.7384e-07 4.39816e-05 0.0527836 0.117956 0.0851634 
4.95938e-05 2.86875e-08 3.48294e-08 0.0352295 0.131478 0.00960479 8.08621e-09 0.0125218 0.00177764 0.00377502 2.59946e-05 1.83904e-06 7.25001e-09 2.87827e-08 0.0128328 9.1005e-07 5.18576e-09 0.000977783 5.07272e-06 0.0637079 2.13409e-08 3.68851e-07 0.00203292 0.725973 4.89345e-06 
0.0006304 3.20179e-05 1.88136e-11 0.0252685 0.184488 1.39318e-06 0.00859137 0.0198316 4.35111e-07 0.000952198 2.67184e-07 2.9385e-07 3.0942e-08 1.55474e-11 0.000105365 2.41227e-07 2.80117e-12 0.104395 6.24981e-07 1.20247e-07 3.22785e-07 0.013828 2.9297e-06 0.64187 2.14551e-07 
7.06674e-08 0.399288 6.96181e-12 1.40394e-07 0.0747322 0.00242352 0.00138737 0.00917744 0.000934008 0.0005922 0.000978903 0.000522044 1.14498e-08 5.75317e-12 0.00044501 8.93528e-05 1.03655e-12 0.00684165 2.31268e-07 4.44961e-08 1.19443e-07 6.47628e-07 0.0272122 0.475374 7.93927e-08 
0.0172707 0.0129391 1.57791e-08 0.114666 0.0374097 0.0569211 0.000739974 0.0276226 0.127084 0.000186716 1.08372e-06 0.000270731 2.24237e-05 1.30397e-08 0.0124979 9.93326e-07 2.34935e-09 0.00223117 2.52168e-06 0.0452635 1.31073e-06 0.0060758 0.0375169 0.500552 0.000724676 
0.114731 6.61871e-11 8.03576e-11 0.00780363 0.258642 1.88085e-08 5.07472e-07 0.394001 1.29604e-06 2.10244e-06 4.38545e-06 1.45833e-07 0.0023837 1.12958e-07 0.0643547 6.65465e-07 1.19645e-11 0.0303417 1.25614e-06 3.77058e-06 2.46678e-08 1.71761e-06 1.13772e-06 0.127723 2.21495e-06 
1.8993e-07 7.00018e-07 8.75994e-09 7.11642e-07 2.28468e-06 0.791931 0.00263101 4.30126e-06 4.92921e-07 7.799e-07 3.62766e-07 3.24884e-08 9.07189e-12 3.60155e-11 1.67437e-06 2.27047e-07 6.48891e-12 1.42353e-06 3.72273e-06 8.6504e-12 2.406e-08 0.0133999 0.19202 1.41165e-06 2.4974e-11 
1.8993e-07 7.00018e-07 8.75994e-09 7.11642e-07 2.28468e-06 0.791931 0.00263101 4.30126e-06 4.92921e-07 7.799e-07 3.62766e-07 3.24884e-08 9.07189e-12 3.60155e-11 1.67437e-06 2.27047e-07 6.48891e-12 1.42353e-06 3.72273e-06 8.6504e-12 2.406e-08 0.0133999 0.19202 1.41165e-06 2.4974e-11 
8.3147e-07 0.879618 1.83053e-06 0.0450165 0.00102446 0.0166284 7.05761e-08 2.392e-05 0.000185837 0.000137327 0.00472214 9.27279e-07 0.00549604 2.51214e-07 0.0146089 4.0597e-07 4.52611e-08 1.21435e-07 2.78247e-07 0.0295398 1.86262e-07 0.000578852 5.98905e-05 0.00235112 4.02317e-06 
0.0987578 3.91345e-05 8.37423e-06 0.248816 0.0213191 0.0709318 0.000348276 0.0087794 0.00314777 0.00343328 0.0278379 0.030416 0.00703992 0.0052469 0.000807162 2.19947e-05 4.53875e-08 9.98873e-06 0.0997027 0.0119589 5.39293e-08 0.133933 0.225072 0.00155922 0.000813378 
1.99728e-05 0.000426422 9.72318e-09 0.233197 0.0766271 1.36362e-05 1.30815e-05 4.7048e-06 2.46568e-09 1.30737e-05 0.00624427 1.57536e-09 0.000373303 4.09372e-07 0.117155 1.29851e-08 1.44769e-09 2.09013e-06 1.52143e-09 6.84598e-06 5.95766e-09 7.72352e-06 0.0449693 0.4134 0.107527 
0.00595783 0.0304536 7.84961e-06 0.00852045 0.0066215 1.55829e-06 1.11321e-05 0.0952061 2.83767e-06 9.85667e-06 3.68714e-08 1.3924e-08 8.32039e-05 7.34883e-06 5.24074e-08 3.42229e-05 1.27956e-08 2.11542e-06 1.34473e-08 7.90399e-05 5.26575e-08 3.00313e-05 0.19321 0.645692 0.014069 
0.526538 1.80267e-09 0.000482966 0.349218 0.0101139 0.000228134 0.00268869 0.0221358 3.73967e-06 5.3069e-10 7.4178e-06 4.39709e-07 0.00138973 1.80865e-09 0.00920014 2.26631e-06 3.25864e-10 1.23359e-07 0.00137565 0.00226043 1.34102e-09 2.49602e-06 0.0577544 0.0165959 1.70437e-06 
1.58121e-06 0.369671 8.60312e-10 1.41135e-06 0.125246 0.0105429 0.000334812 0.322878 0.000165386 0.00650024 3.69107e-10 2.75658e-07 1.79081e-10 1.66801e-06 2.76882e-06 1.14893e-09 1.28092e-10 1.66723e-07 0.00788548 1.7076e-10 4.17306e-07 0.00428836 0.102635 0.0498446 4.92991e-10 
0.0052761 0.000691176 2.49992e-06 0.0147403 0.0568112 0.00703378 0.00437175 0.0487594 0.0397846 0.00529059 2.51619e-06 2.00143e-07 0.000304451 0.000604327 0.00627202 1.02283e-09 1.14034e-10 6.88487e-05 0.000350178 0.00751513 8.31708e-07 0.0216894 0.0746824 0.705748 2.6788e-07 
0.00148625 4.35756e-08 5.2905e-08 0.0996308 0.0374783 0.00496233 0.00791889 0.00253205 0.02365 6.7251e-05 0.00053921 2.52984e-07 0.00219264 1.48647e-05 0.00918311 1.8614e-06 7.87705e-09 0.000637066 0.00106485 0.0117438 3.24163e-08 0.0127556 0.0247999 0.755267 0.0040736 
4.30457e-06 0.000721693 4.24065e-10 8.55182e-06 0.262525 3.14028e-05 0.0774677 0.14267 9.80754e-06 4.56559e-06 6.02242e-06 6.62347e-06 6.97442e-07 3.50443e-10 0.00135856 5.43732e-06 6.31393e-11 6.12771e-05 0.0155101 2.7104e-06 7.27567e-06 3.9449e-05 0.323645 0.175909 4.83605e-06 
0.0289156 1.13468e-06 9.55186e-10 0.00205551 0.0131657 0.000405267 3.70301e-07 0.0243637 2.42392e-06 0.000520437 4.09812e-10 1.65761e-05 1.97744e-06 7.89356e-10 0.0464554 7.29131e-05 1.42218e-10 4.9023e-08 1.64543e-07 9.4024e-07 3.22453e-07 8.46683e-07 0.00443037 0.87959 3.30624e-07 
0.20368 8.80941e-07 1.6452e-10 0.186526 0.000118527 3.06477e-07 8.7473e-07 0.0615279 0.00215685 3.98925e-11 4.65936e-07 1.11981e-07 9.692e-07 1.35958e-10 0.00130503 2.19713e-10 2.44955e-11 3.1767e-07 2.57432e-11 3.29849e-07 1.00806e-10 2.84771e-07 0.537987 0.00669403 9.42764e-11 
5.66671e-05 0.0667175 1.537e-09 1.83128e-06 0.0124668 0.00107417 0.000234728 0.00227329 0.000158638 0.000100832 0.000167012 0.000421952 1.49637e-07 1.27017e-09 0.000343808 1.6857e-05 2.28845e-10 0.00115364 3.01658e-06 5.80636e-07 0.000132025 8.447e-06 0.0284808 0.886071 0.00011576 
3.7761e-05 1.76556e-09 2.36006e-06 7.20783e-05 1.02446e-05 1.24034e-05 4.97663e-10 3.79699e-05 1.89715e-05 2.44342e-06 2.99822e-05 5.34881e-06 3.13236e-05 2.65889e-06 1.90861e-05 6.01448e-06 3.19156e-10 0.000274166 1.42218e-05 1.62533e-05 1.97144e-06 1.59262e-05 3.64792e-05 7.86052e-05 0.999274 
0.0179308 0.000687961 5.959e-07 8.21411e-06 0.0648493 0.000377425 0.145413 0.000318027 0.00283415 0.000100523 5.99233e-06 0.000304778 0.00651991 4.92446e-07 0.000102526 5.97476e-06 8.87238e-08 0.011582 0.0560431 5.99109e-05 7.29554e-06 0.0348535 6.29312e-05 0.657926 4.94797e-06 
0.000446606 0.0110442 1.56173e-07 0.00024261 0.000528544 0.00048057 0.000545329 0.000161731 0.000150123 6.99036e-05 9.22253e-05 0.000640467 1.07041e-05 1.2906e-07 0.0118873 8.34072e-05 2.32527e-08 0.000937738 0.00697348 4.15069e-05 0.00105716 0.000603709 0.00101056 0.962918 7.40919e-05 
9.88983e-06 0.794454 5.99453e-08 1.96457e-05 0.0253867 0.00090473 0.000587935 0.0034663 0.000420556 0.000320838 0.000590604 0.000235061 1.61393e-06 4.95382e-08 0.000443829 0.000121075 8.92528e-09 0.00246106 3.23602e-05 6.23604e-06 1.67445e-05 9.06016e-05 0.00928726 0.161132 1.11396e-05 
0.00683766 0.000561198 3.27199e-08 6.65339e-06 2.68577e-05 2.4421e-05 9.13297e-06 8.22093e-06 0.00968635 0.00629161 0.00189079 5.15551e-06 5.49057e-07 2.70394e-08 2.65414e-06 4.27119e-06 4.87169e-09 4.76508e-05 0.0051465 0.00974225 5.67724e-06 0.00433925 0.0469079 0.908451 3.77896e-06 
6.64644e-08 1.51782e-07 1.62257e-07 0.00891563 0.614276 0.0121457 0.0102662 0.0646725 0.174985 3.03673e-06 0.00873338 6.70018e-08 6.01071e-06 7.25873e-07 0.000441362 5.46837e-07 1.95486e-10 8.31e-07 1.5742e-05 0.000420074 0.0118572 0.0105799 0.000354816 0.0821836 0.00014101 
0.00547321 3.42851e-07 1.06792e-09 0.00636232 0.0415491 0.00534005 1.60352e-06 0.048466 0.000204245 0.00128716 4.04458e-06 0.000163011 0.027164 3.61909e-06 0.173777 8.76539e-07 1.59003e-10 0.000534819 4.53536e-06 0.0232184 0.0383907 2.07468e-05 0.0258639 0.569561 0.0326092 
0.0217892 0.0882051 2.73906e-05 0.0133642 0.0501472 0.0317686 0.000290591 0.00169 0.000479852 0.00748353 0.000214827 1.66896e-05 0.00115248 4.38523e-07 0.00327089 1.74872e-05 1.02103e-07 0.00528172 0.0106972 0.000139304 9.03095e-06 0.0210244 0.066235 0.675002 0.00169269 
0.0028404 0.000444949 1.36568e-07 0.0767004 0.0584191 0.000543362 3.30507e-07 0.00988204 0.000168742 2.38871e-06 0.00125604 0.000108252 6.59202e-06 0.000238493 0.103834 5.3387e-06 2.03337e-08 0.00127168 1.76065e-06 0.0001165 0.000108482 2.01131e-06 1.06581e-06 0.744045 2.93694e-06 
4.98364e-05 0.0516746 2.26101e-08 2.01983e-05 0.00759535 0.000319015 0.000509177 0.0036261 0.000125429 0.000315811 0.000137749 0.000541941 6.36664e-06 5.27735e-06 0.000663405 2.98566e-05 3.36643e-09 0.000832883 0.000434188 6.40512e-06 0.00018489 9.31652e-05 0.00500545 0.927689 0.000133838 
0.00508842 8.25012e-05 5.13004e-06 0.00995399 0.00329005 0.00222105 0.0139838 0.00880612 0.0027671 0.00188718 0.000548331 0.000110014 3.20294e-05 2.88631e-05 0.00930016 9.88621e-06 4.59946e-08 0.000778546 0.000180604 0.00332783 3.7224e-05 0.00371425 0.00339096 0.930358 9.81208e-05 
0.128668 0.0232274 2.52518e-10 0.0631195 0.00528353 2.25942e-08 8.95678e-05 0.0476467 2.76522e-07 0.376203 2.74993e-06 0.00185455 0.193848 3.93787e-05 6.0532e-08 3.37232e-10 3.75976e-11 1.28791e-07 0.0195945 0.0404187 7.61342e-06 0.00269141 0.0475441 0.0496737 8.6535e-05 
0.00178557 1.53292e-08 2.19768e-11 0.00217996 0.36495 0.00441007 0.00638047 1.93599e-05 0.00290862 0.0325219 5.13186e-08 1.0716e-07 2.55433e-08 1.02667e-07 3.74223e-08 2.36599e-09 3.27213e-12 0.358929 7.08411e-08 0.0115308 1.90046e-09 5.47795e-06 0.213464 0.000496005 0.000418009 
0.0109107 3.19392e-06 1.71614e-05 0.00194825 0.0568913 3.25644e-06 3.62525e-05 0.104068 0.000716812 0.0051817 0.00963717 2.13452e-06 1.54387e-05 0.000171237 0.586361 4.41219e-06 7.8145e-08 0.00314394 8.21253e-08 0.0156049 3.21589e-07 0.000450925 0.00349608 0.201259 7.65262e-05 
0.0006304 3.20179e-05 1.88136e-11 0.0252685 0.184488 1.39318e-06 0.00859137 0.0198316 4.35111e-07 0.000952198 2.67184e-07 2.9385e-07 3.0942e-08 1.55474e-11 0.000105365 2.41227e-07 2.80117e-12 0.104395 6.24981e-07 1.20247e-07 3.22785e-07 0.013828 2.9297e-06 0.64187 2.14551e-07 
0.0169776 0.119555 1.6375e-12 0.052598 0.0345822 0.0566648 0.00121907 0.00927915 0.00416584 0.00415712 0.00129767 0.00136579 7.78342e-05 8.79724e-09 0.000934093 2.09959e-08 2.43809e-13 0.0081162 0.00233369 0.00239987 2.80946e-08 0.0641157 0.419494 0.200506 0.000160616 
0.0135309 3.29989e-05 0.000897912 0.0206957 0.0875488 9.37694e-05 0.00325315 0.0134185 0.0150634 0.0237506 5.14191e-05 4.15637e-06 2.12205e-05 1.41945e-05 0.498953 0.0262437 3.31469e-06 0.000156215 9.21531e-05 0.0028805 7.40814e-06 0.0172481 0.0078133 0.263794 0.00443158 
0.00134175 5.55043e-06 1.69147e-08 7.7778e-08 0.017218 1.88046e-08 0.00960375 0.068244 0.0116663 0.000741877 7.25707e-09 1.02958e-06 3.52093e-09 1.39782e-08 0.00653105 2.25892e-08 2.51844e-09 9.25659e-08 7.99751e-07 3.35735e-09 1.03641e-08 0.000784304 0.00252128 0.881339 1.11023e-06 
0.00127465 0.0185351 0.00312269 0.0162885 0.0684373 0.00560112 0.0082094 0.0320114 0.00352791 0.000293318 1.93417e-05 0.000131238 1.18055e-05 2.25962e-05 0.000152279 3.13681e-05 1.28613e-06 0.00260877 0.000527946 0.000195293 1.83177e-05 0.00602565 0.0870434 0.745842 6.69218e-05 
0.128668 0.0232274 2.52518e-10 0.0631195 0.00528353 2.25942e-08 8.95678e-05 0.0476467 2.76522e-07 0.376203 2.74993e-06 0.00185455 0.193848 3.93787e-05 6.0532e-08 3.37232e-10 3.75976e-11 1.28791e-07 0.0195945 0.0404187 7.61342e-06 0.00269141 0.0475441 0.0496737 8.6535e-05 
1.05095e-06 0.105896 1.03535e-10 0.0187933 0.215879 0.000774357 2.86526e-06 0.0327687 0.0112565 0.00624332 1.47036e-06 1.61711e-06 0.000647231 8.556e-11 8.27159e-07 1.32751e-06 1.54153e-11 0.023952 3.43938e-06 6.61738e-07 1.77634e-06 0.000972771 0.125773 0.457028 1.18071e-06 
0.000957556 0.000380467 4.25061e-10 0.00639867 0.00558749 0.861822 0.000209678 0.0170728 0.000949572 0.000870435 1.76026e-08 1.57645e-09 3.69811e-09 1.74759e-12 0.00111315 1.10171e-08 3.14864e-13 6.90746e-08 0.00764123 1.05147e-07 5.84903e-07 0.00531215 0.0874572 0.0042264 2.12081e-08 
0.00364343 0.00188307 7.83409e-08 0.00334891 0.013619 0.00148786 0.000476377 0.00192581 0.00195351 0.000135635 0.000684928 0.000159742 0.000719918 8.78731e-08 0.0780035 5.46267e-06 7.17144e-08 0.00176132 0.00264402 0.00244324 1.31905e-06 0.0012492 0.00807703 0.87247 0.00330689 
0.00364343 0.00188307 7.83409e-08 0.00334891 0.013619 0.00148786 0.000476377 0.00192581 0.00195351 0.000135635 0.000684928 0.000159742 0.000719918 8.78731e-08 0.0780035 5.46267e-06 7.17144e-08 0.00176132 0.00264402 0.00244324 1.31905e-06 0.0012492 0.00807703 0.87247 0.00330689 
0.310737 3.30306e-06 0.00013603 0.0640297 0.0272476 0.00239416 0.00376933 0.00852359 0.0478478 0.000877659 0.00209105 0.000803752 1.76193e-06 5.35473e-06 0.0939935 2.33722e-06 1.696e-06 0.00123138 0.00187415 0.0465791 1.49955e-05 0.00680594 0.0313677 0.349591 6.96633e-05 
1.42355e-05 0.286485 4.82887e-09 0.000670632 7.75673e-07 0.0893745 1.1211e-09 0.186585 3.2788e-06 1.63763e-05 1.87645e-07 1.87319e-06 7.26152e-06 3.99053e-09 2.94472e-09 0.259298 7.18972e-10 3.15792e-07 7.55593e-10 9.58465e-10 2.95878e-09 0.135401 0.0260556 0.0160837 2.89253e-06 
0.00121977 0.00109924 1.25808e-07 0.300029 0.0177085 0.0499477 0.000319378 0.0236061 0.00135962 6.9923e-05 2.17831e-06 2.85013e-11 0.00785805 6.59777e-05 2.11919e-07 0.00057746 2.61915e-11 4.96394e-08 0.00254867 0.00101358 2.02722e-07 0.00189923 0.590675 1.91961e-08 2.98656e-07 
0.00706807 2.10047e-10 2.55017e-10 0.109582 0.135936 0.00632337 0.00697491 0.00509465 0.5863 7.19128e-05 3.0364e-06 2.60716e-07 2.38546e-05 2.10744e-10 2.51331e-07 3.40569e-10 3.79696e-11 2.64545e-05 0.000291923 0.00309591 1.56256e-10 0.00358142 0.135344 0.000269617 1.3184e-05 
0.128668 0.0232274 2.52518e-10 0.0631195 0.00528353 2.25942e-08 8.95678e-05 0.0476467 2.76522e-07 0.376203 2.74993e-06 0.00185455 0.193848 3.93787e-05 6.0532e-08 3.37232e-10 3.75976e-11 1.28791e-07 0.0195945 0.0404187 7.61342e-06 0.00269141 0.0475441 0.0496737 8.6535e-05 
1.85546e-06 0.133433 1.24634e-09 3.68618e-06 0.0249326 0.000821652 0.00046923 0.00307055 0.000317074 0.00378381 0.00316569 0.000177661 3.00837e-07 1.02996e-09 0.000154968 3.35199e-05 1.85568e-10 0.00230735 6.07214e-06 1.16846e-06 3.13665e-06 1.70037e-05 0.00910003 0.818198 2.08507e-06 
0.00769861 9.56089e-06 0.000418183 0.0112003 0.00153538 0.000988472 1.73493e-05 0.005734 0.000772284 0.00015038 5.08656e-05 0.000904539 0.000291117 1.18961e-05 0.0018175 3.54371e-05 9.60365e-07 0.00230247 0.00266252 0.000680947 4.13284e-05 0.00107649 0.0198726 0.931878 0.00984848 
3.7761e-05 1.76556e-09 2.36006e-06 7.20783e-05 1.02446e-05 1.24034e-05 4.97663e-10 3.79699e-05 1.89715e-05 2.44342e-06 2.99822e-05 5.34881e-06 3.13236e-05 2.65889e-06 1.90861e-05 6.01448e-06 3.19156e-10 0.000274166 1.42218e-05 1.62533e-05 1.97144e-06 1.59262e-05 3.64792e-05 7.86052e-05 0.999274 
0.00247127 0.85426 7.18654e-08 1.45888e-05 0.0282853 2.98632e-06 0.00523225 0.0241385 7.14675e-07 0.000589454 0.000679529 5.34538e-06 1.49593e-08 5.93888e-08 4.38247e-08 7.19309e-07 1.07001e-08 9.67756e-07 6.15134e-05 1.93331e-06 1.27828e-05 0.000356175 0.0773456 0.00651679 2.30182e-05 
2.43245e-05 0.00407818 2.39633e-09 4.83251e-05 0.00019517 0.000177452 6.6317e-05 5.97147e-05 5.5421e-05 2.57995e-05 3.40318e-05 3.74283e-05 3.94114e-06 1.9803e-09 1.91448e-05 3.07255e-05 3.56791e-10 0.000346268 7.96051e-05 1.53161e-05 4.11137e-05 0.00022292 0.000373162 0.994038 2.73278e-05 
7.08132e-08 0.0959604 1.91366e-10 0.0625132 0.061178 0.00585123 0.00157009 0.0600488 0.0118306 0.00484305 0.0412238 1.08969e-07 1.15095e-08 1.58143e-10 0.000204221 1.6265e-05 2.84926e-11 0.122752 0.00646026 0.00689878 4.49008e-05 0.00790956 0.274016 0.236678 7.96463e-08 
0.0633772 5.08031e-05 0.000154269 0.0211763 0.20146 0.00742255 0.0038094 0.024461 0.0430112 0.00214784 0.360276 0.000105591 0.0269415 0.000280741 0.00514943 3.6076e-06 5.1237e-07 0.000831193 0.0120468 0.0771448 3.46836e-05 0.0278594 0.0231603 0.0981052 0.000989837 
0.128668 0.0232274 2.52518e-10 0.0631195 0.00528353 2.25942e-08 8.95678e-05 0.0476467 2.76522e-07 0.376203 2.74993e-06 0.00185455 0.193848 3.93787e-05 6.0532e-08 3.37232e-10 3.75976e-11 1.28791e-07 0.0195945 0.0404187 7.61342e-06 0.00269141 0.0475441 0.0496737 8.6535e-05 
1.49399e-06 7.20445e-06 1.65004e-09 5.91865e-06 0.0486436 0.0811186 3.86955e-06 0.143942 4.18431e-10 4.00098e-10 3.75274e-06 2.67341e-10 0.00252982 1.36358e-09 2.16348e-05 2.20359e-09 2.45676e-10 1.66723e-08 4.33783e-06 8.8759e-06 1.01103e-09 0.0427877 0.0129697 0.300572 0.367379 
0.000572308 0.383855 2.77135e-09 0.00661137 0.0050306 0.0240301 2.53575e-06 0.0411299 7.02781e-10 6.7199e-10 1.18902e-09 1.90705e-06 0.000237432 2.29022e-09 0.166114 3.70107e-09 4.12628e-10 1.21464e-07 0.0332819 0.00311104 1.69808e-09 0.00173814 0.0325195 0.0147034 0.28706 
0.180446 6.27288e-06 6.44603e-09 0.00791504 0.00186985 0.00538739 1.49655e-09 0.162477 2.02954e-06 6.58824e-05 2.7656e-09 1.96033e-06 1.21002e-05 5.32694e-09 2.2365e-05 8.08342e-06 9.59753e-10 9.7627e-07 5.9148e-05 0.00917949 3.94966e-09 9.5794e-06 0.0361679 0.279184 0.317185 
0.128668 0.0232274 2.52518e-10 0.0631195 0.00528353 2.25942e-08 8.95678e-05 0.0476467 2.76522e-07 0.376203 2.74993e-06 0.00185455 0.193848 3.93787e-05 6.0532e-08 3.37232e-10 3.75976e-11 1.28791e-07 0.0195945 0.0404187 7.61342e-06 0.00269141 0.0475441 0.0496737 8.6535e-05 
8.59727e-08 7.32794e-06 0.00267623 0.000334177 0.532409 0.00136736 0.00835721 0.0169947 0.271859 0.00172903 0.00517308 5.36761e-05 1.4148e-06 1.65921e-08 0.000518364 0.0113708 1.73113e-11 0.00320732 8.69682e-07 0.000132657 7.12408e-11 0.00119031 0.00289714 0.137981 0.00173903 
0.0264214 8.77159e-05 1.03599e-08 0.157471 0.0130175 3.81675e-06 1.42639e-06 0.0222211 0.00441168 5.54911e-07 7.31976e-07 8.05029e-07 0.000669755 4.25935e-11 0.00576529 6.60862e-07 7.67407e-12 7.44773e-06 0.00633682 0.033536 8.84298e-07 4.7947e-06 0.624445 0.105595 5.87783e-07 
5.00431e-05 0.000184441 2.30808e-06 0.000187504 0.000601971 0.991478 0.000494806 0.0011333 0.000129875 0.000205489 9.55819e-05 8.56009e-06 2.39027e-09 9.48941e-09 0.000441164 5.98227e-05 1.70971e-09 0.000375074 0.000980869 2.27922e-09 6.33937e-06 0.00121703 0.00197623 0.000371944 6.58018e-09 
0.00465311 0.000114104 2.53017e-06 0.00810702 0.315697 0.0314307 0.00266413 0.135221 0.00864864 0.00497207 0.00796159 0.000950118 0.00221562 0.000165955 0.00769283 6.06812e-07 2.39948e-08 0.00368968 0.0240619 0.016729 1.084e-06 0.00123872 0.0521099 0.3712 0.000472185 
0.162987 3.13445e-05 3.51406e-06 0.686542 0.00327314 1.62231e-05 0.000176528 0.00219177 0.000136881 0.000145957 0.00625287 0.000443487 0.0122467 1.14673e-05 0.07241 1.13861e-05 5.2321e-07 1.71973e-05 0.00137841 0.0374721 2.15316e-06 0.000908953 0.00126983 0.0120091 6.0899e-05 
0.000510841 1.50073e-07 2.0456e-09 0.00445819 0.206833 0.189347 0.000406195 0.124811 0.00451443 1.67085e-07 0.000181242 6.986e-09 3.71925e-11 1.64117e-06 0.00672035 4.88565e-08 2.66029e-11 3.04918e-07 0.0120862 1.11653e-07 5.25708e-09 0.130337 0.318136 0.00165701 1.02387e-10 
9.37719e-08 7.5744e-08 0.545733 3.7103e-05 0.216169 0.0171339 0.0191971 0.0495945 0.0289824 0.000560054 0.106518 3.75893e-08 4.85874e-08 0.00268269 1.94098e-07 1.88911e-11 2.10614e-12 0.000191713 8.47761e-08 0.00367481 8.66738e-12 0.00952502 1.00731e-07 5.25404e-07 5.0265e-08 
0.00364343 0.00188307 7.83409e-08 0.00334891 0.013619 0.00148786 0.000476377 0.00192581 0.00195351 0.000135635 0.000684928 0.000159742 0.000719918 8.78731e-08 0.0780035 5.46267e-06 7.17144e-08 0.00176132 0.00264402 0.00244324 1.31905e-06 0.0012492 0.00807703 0.87247 0.00330689 
0.0002407 1.19499e-10 1.45083e-10 0.027017 0.773237 1.02461e-06 0.0824662 0.0279414 0.0212338 0.000894454 2.20707e-08 2.35066e-11 2.35425e-08 0.000155911 5.33305e-08 1.93755e-10 2.16015e-11 0.0104062 5.80489e-08 2.87971e-11 8.88965e-11 0.00935693 3.25119e-06 0.0465317 0.00051432 
0.0157859 0.000258803 1.12085e-06 0.0013238 0.177552 0.00818277 4.58394e-05 0.0130958 0.000343642 0.0119307 0.00182855 6.33249e-05 4.41375e-05 4.01286e-05 0.00782291 1.49687e-06 1.66884e-07 2.51551e-05 0.00124868 0.00630852 6.86776e-07 0.104411 0.000529107 0.64912 3.66087e-05 
0.0272032 0.000661203 2.63372e-10 0.00279874 0.00136027 0.00169327 5.11048e-08 0.00704648 5.05825e-07 0.949515 1.12997e-10 0.000175781 1.66116e-07 2.17648e-10 3.84673e-08 1.38772e-07 3.92136e-11 4.18129e-05 2.86566e-07 0.000681034 1.61375e-10 0.000923133 0.00265753 0.00524139 1.50922e-10 
3.16777e-08 0.447722 3.12073e-12 0.00431101 0.0775727 2.31095e-07 0.00136465 0.0115872 7.21745e-08 0.000396497 0.01182 4.87427e-08 5.13253e-09 2.57894e-12 2.49321e-08 9.60729e-05 4.64647e-13 0.0102368 0.00942365 1.9946e-08 0.000267765 2.90308e-07 0.311652 0.113548 3.55889e-08 
0.00192114 3.69587e-06 2.33174e-09 0.048166 0.00604532 0.00684512 0.00297943 0.102869 0.000681424 0.287911 0.000688937 0.00174882 0.00103961 5.63473e-07 0.0698499 7.72217e-07 3.47173e-10 0.000127161 0.000593446 4.75844e-06 1.42872e-09 0.0693001 0.0397664 0.359352 0.000104648 
0.00810552 4.59044e-08 1.24104e-09 0.0105477 0.0781564 0.00112587 0.00557646 0.0005058 8.4063e-06 0.213356 2.74e-05 2.05187e-05 2.37684e-05 4.60566e-08 3.41771e-05 3.32111e-08 1.8478e-10 0.0173505 0.000538668 0.000315422 7.60421e-10 9.76788e-05 0.0047715 0.00500541 0.654433 
0.0176474 1.20314e-06 4.96949e-05 0.0333479 0.40811 0.00716246 0.00374693 0.00906688 0.390267 6.51338e-06 5.71842e-06 6.30227e-07 9.53654e-07 1.95272e-06 2.4422e-05 4.39601e-09 4.90106e-10 0.0375544 5.1507e-10 0.0666113 1.32027e-06 0.00315778 0.0202562 0.00297879 1.31429e-06 
7.23441e-07 0.133225 4.7984e-10 1.43723e-06 0.0249191 0.000813117 0.000465049 0.00306352 0.00294823 0.000198925 0.000329016 0.000175409 1.17294e-07 3.96535e-10 0.000150881 3.12145e-05 7.14436e-11 0.00229079 2.36752e-06 4.5558e-07 1.22297e-06 6.62971e-06 0.00908194 0.822294 8.12963e-07 
3.3855e-07 5.67604e-05 1.00391e-08 0.019304 0.0331427 0.0555727 9.23005e-07 0.0782917 0.0107997 3.59079e-07 0.0101841 5.20929e-07 0.000340144 2.7562e-11 0.00191877 4.2764e-07 4.96584e-12 4.81938e-06 0.00764595 0.0134512 5.72224e-07 3.10262e-06 0.265402 0.502661 0.0012175 
0.0011499 3.10949e-07 0.845974 0.0142626 0.020569 0.000257324 0.000213235 0.0033566 0.0460052 4.4218e-05 0.000541719 0.000106439 0.000976291 4.8308e-05 0.000711701 0.000109093 5.62096e-08 0.0229267 0.000307452 0.00200767 3.5818e-05 0.000599235 0.00261728 0.00664452 0.0305349 
0.000651901 8.48888e-05 1.93291e-09 0.000887388 0.0727191 0.00478911 0.0527973 0.0995219 0.0320948 0.00351577 5.07344e-06 7.79374e-07 8.24268e-08 5.00795e-07 2.60533e-05 6.42066e-07 2.87792e-10 0.00536511 7.20442e-05 3.19177e-07 8.56936e-07 0.00577996 0.129929 0.591749 8.5147e-06 
