0.00123206 1.65998e-12 2.69156e-09 0.00212368 0.0292258 0.00222091 0.0787881 0.00471501 0.00142272 0.00313546 4.71381e-06 1.63657e-05 0.00114557 5.27869e-06 2.38744e-05 2.28488e-06 0.000792357 0.822583 0.00150676 0.000127867 8.83259e-08 0.0155245 0.0342682 0.000892524 0.000242871 
0.000939089 1.26974e-08 7.65223e-12 0.000243421 0.0562829 0.00100207 0.00728166 0.000395028 0.000561841 0.0210006 3.2831e-12 3.57458e-05 8.67258e-06 6.32372e-12 4.66645e-12 5.00131e-08 3.75911e-07 0.910852 2.42959e-07 5.0487e-05 4.68873e-12 0.000354677 7.65078e-07 0.000888785 0.000101713 
0.000349633 1.89523e-12 2.30099e-12 0.00114817 0.00781125 8.56562e-05 0.244388 0.00682586 0.00106109 0.000762629 9.87215e-13 1.07926e-08 1.5088e-06 2.12592e-05 2.61299e-05 3.32225e-06 0.000365444 0.7331 0.000833175 2.82919e-09 9.70431e-10 0.000747542 0.00207845 0.000371721 1.8799e-05 
0.0121247 4.37415e-10 5.31064e-10 0.00576505 0.112327 0.000683255 0.380666 0.0106005 0.00882156 0.000992043 1.33951e-07 1.88243e-05 3.09065e-05 0.000328475 0.00377534 8.39961e-07 0.00127541 0.426258 0.000332624 0.000812178 4.19696e-08 0.00242174 0.00729969 0.0252275 0.000238705 
0.0011873 4.66021e-07 1.93752e-07 0.00192487 0.131549 0.00230634 0.238245 0.208403 0.00630516 0.000934533 0.0030953 0.0455135 4.39679e-05 0.000996991 0.000267606 5.49207e-05 0.00170269 0.250487 0.0110568 0.000195002 1.54145e-09 0.00631573 0.000909972 0.088493 1.22865e-05 
0.00271538 1.22728e-12 1.60844e-08 0.00319166 0.0682284 0.006782 0.00490251 0.00108273 0.00150734 0.00147339 3.10639e-05 1.75663e-06 0.00617237 4.86322e-09 7.50517e-06 4.33907e-07 0.000836527 0.732582 0.000340729 0.000662258 5.38355e-10 0.0469727 0.120909 0.00105553 0.000544025 
0.00271538 1.22728e-12 1.60844e-08 0.00319166 0.0682284 0.006782 0.00490251 0.00108273 0.00150734 0.00147339 3.10639e-05 1.75663e-06 0.00617237 4.86322e-09 7.50517e-06 4.33907e-07 0.000836527 0.732582 0.000340729 0.000662258 5.38355e-10 0.0469727 0.120909 0.00105553 0.000544025 
0.0244066 1.01466e-11 1.21126e-06 0.153959 0.165 0.00322975 0.00500055 0.00446755 0.0066513 0.000701902 0.000247264 2.59982e-06 0.0342321 2.88943e-09 0.000149377 2.13264e-07 0.000519051 0.419196 0.000570178 0.0023774 1.17684e-09 0.042477 0.132795 0.0025586 0.00145825 
0.0213247 0.00271251 0.000251847 0.0141293 0.240679 0.0223227 0.091851 0.025046 0.00766675 0.00671407 0.0103274 0.000637338 0.0033611 0.0118528 0.00139118 0.000745466 0.0125149 0.392639 0.0152807 0.0116368 0.000238403 0.0129761 0.0571821 0.0338696 0.00264965 
0.0797194 0.000114589 1.63402e-07 0.0739994 0.0139015 0.0329905 0.00530319 0.0328571 0.00191505 1.6367e-07 0.00330496 0.00040941 0.0164011 0.0046589 0.000490784 0.000359387 1.63703e-07 0.524446 0.0550526 0.00283192 0.000327242 0.0765654 0.0714888 1.63704e-07 0.00286236 
0.0141877 0.000764534 9.97044e-08 0.00475249 0.0042264 0.00255643 0.000525498 0.00392805 0.000108221 1.20454e-05 3.45387e-05 2.90485e-07 0.00526399 0.000131986 7.36743e-08 1.71268e-05 0.0017796 0.912055 0.0032549 6.00449e-05 4.33622e-07 0.041395 0.00486516 6.27772e-05 1.75717e-05 
0.020202 7.96728e-05 0.000773547 0.0089309 0.0834336 0.0321073 0.176782 0.027621 0.0605614 0.0297578 0.0368497 0.011857 0.0244112 8.79175e-05 0.00112177 1.2231e-05 0.00684857 0.39424 0.0110627 0.0139041 9.62837e-06 0.00881521 0.0249529 0.0253637 0.000213576 
0.000496481 1.0433e-08 9.63938e-11 0.00284505 0.207899 0.0588697 0.039231 0.0825851 0.00152197 0.000177079 0.00107042 1.41324e-05 0.00162264 1.02053e-05 3.00721e-07 2.30384e-08 0.00679888 0.5352 0.00802593 0.00773133 6.03952e-09 0.0349841 0.00143389 0.00924059 0.000241951 
0.000774125 1.14207e-05 2.72859e-10 0.00202933 0.0802166 0.293642 0.0192307 0.0113065 0.00162911 0.000341311 2.85684e-07 1.83001e-05 3.22928e-05 9.09394e-07 0.000197943 1.22136e-05 0.000220621 0.326442 0.00025191 0.000166775 6.2418e-07 0.0118607 0.230586 0.02099 3.82379e-05 
0.00405713 3.81102e-06 6.47166e-10 0.000459333 0.0806058 0.013256 0.00538852 0.00205454 0.00331211 0.00862013 0.000166511 4.73503e-06 0.000154486 2.57137e-06 4.7937e-05 1.47918e-06 0.000320101 0.820607 0.0006404 0.000727205 2.81536e-07 0.000160821 0.0510901 0.00673861 0.00158038 
0.014699 0.000513786 3.44396e-10 0.00316613 0.0863377 0.0512076 0.0950582 0.0652951 0.00151322 0.00545993 0.000262951 0.000793411 0.00127078 0.000458636 0.00309308 1.89644e-05 0.0147358 0.537549 0.0408656 0.000975852 9.8623e-07 0.0262267 0.0365956 0.0134477 0.000453942 
0.00321466 1.02535e-05 3.1e-08 0.00203831 0.168904 0.0144378 0.00886381 0.00113773 0.00197242 0.0335576 0.00252708 0.00011783 0.000234207 1.89845e-06 0.00511046 4.71094e-06 0.000765859 0.692214 0.000315013 0.00068343 6.12108e-08 0.000108481 0.0556911 0.00505487 0.00303499 
0.00826883 0.00020179 3.33181e-06 0.0116588 0.21691 0.0118663 0.136537 0.0273196 0.00347873 0.00211043 0.00314902 5.71129e-05 0.00407981 0.000161223 0.00347802 0.000268774 0.0067978 0.520123 0.00044576 0.00539021 4.8193e-06 0.00361094 0.0291182 0.00491872 4.14505e-05 
0.000496481 1.0433e-08 9.63938e-11 0.00284505 0.207899 0.0588697 0.039231 0.0825851 0.00152197 0.000177079 0.00107042 1.41324e-05 0.00162264 1.02053e-05 3.00721e-07 2.30384e-08 0.00679888 0.5352 0.00802593 0.00773133 6.03952e-09 0.0349841 0.00143389 0.00924059 0.000241951 
0.0125942 2.83501e-11 3.44197e-11 0.00869965 0.0805609 0.00152287 0.328986 0.013291 0.0113285 0.0011189 1.63602e-08 1.86157e-05 3.06547e-05 0.000415657 0.00376509 2.40484e-06 0.00127426 0.49443 0.000595648 0.000808783 7.65224e-09 0.00319178 0.011891 0.0252196 0.000254658 
0.00359496 0.000182905 2.64893e-09 0.00253746 0.131659 0.0128968 0.0413759 0.0129297 0.00257495 0.00290294 0.000780373 2.04709e-05 0.00175794 4.45838e-05 0.00064833 0.00603158 0.00196636 0.701476 0.00472983 0.0010452 1.703e-06 0.00814139 0.0399568 0.0173851 0.00536027 
0.000774125 1.14207e-05 2.72859e-10 0.00202933 0.0802166 0.293642 0.0192307 0.0113065 0.00162911 0.000341311 2.85684e-07 1.83001e-05 3.22928e-05 9.09394e-07 0.000197943 1.22136e-05 0.000220621 0.326442 0.00025191 0.000166775 6.2418e-07 0.0118607 0.230586 0.02099 3.82379e-05 
0.0261918 0.00319326 2.97125e-05 0.00845079 0.230079 0.0230365 0.015364 0.0249513 0.00564572 0.00527976 0.000538504 6.58893e-05 0.00768341 0.000604399 0.00191992 1.76281e-05 0.00393612 0.516916 0.0152552 0.0030401 1.53206e-06 0.0254266 0.0616561 0.0199745 0.000742509 
0.000939089 1.26974e-08 7.65223e-12 0.000243421 0.0562829 0.00100207 0.00728166 0.000395028 0.000561841 0.0210006 3.2831e-12 3.57458e-05 8.67258e-06 6.32372e-12 4.66645e-12 5.00131e-08 3.75911e-07 0.910852 2.42959e-07 5.0487e-05 4.68873e-12 0.000354677 7.65078e-07 0.000888785 0.000101713 
0.0133652 5.79671e-06 1.01508e-08 0.00775596 0.176823 0.0378464 0.00189853 0.0478506 0.000600707 0.000293672 0.00649734 7.00456e-06 0.185702 5.78375e-05 1.61155e-06 1.35561e-08 0.0105114 0.395823 0.00135244 0.0259251 9.00475e-08 0.00607812 0.0748179 2.61725e-05 0.0067599 
0.00244541 3.51974e-06 1.09435e-08 0.00349217 0.109938 0.00723346 0.0044412 0.00206141 0.00302135 0.0125044 0.00103834 4.04042e-05 0.000174233 9.02338e-07 0.00287452 1.61881e-06 0.00180779 0.815897 0.000191214 0.000621945 2.12302e-08 0.000599759 0.0276118 0.00278219 0.00121725 
0.0460258 0.0498787 7.23337e-07 0.0141888 0.0720074 0.00252676 0.00203552 0.0169111 0.00418588 0.00562231 0.000754542 0.00198196 0.00249632 0.00135236 0.00672591 0.00215518 0.00637748 0.629981 0.0076771 0.00140332 2.21219e-05 0.0151057 0.052156 0.0581234 0.000304127 
0.000388261 3.41294e-12 4.14365e-12 0.00294091 0.0373486 0.000337862 0.000434463 0.00296523 0.00376295 3.6962e-05 1.36742e-05 6.71358e-13 1.46882e-05 1.67424e-08 0.000295478 5.53374e-12 0.00210129 0.945824 2.36923e-05 0.000289891 2.53892e-12 0.00147646 0.00144148 0.00030442 1.69214e-08 
0.00561024 5.33481e-06 8.70486e-10 0.000643064 0.10906 0.0185445 0.00682943 0.00280799 0.00456435 0.0119389 0.000233113 6.62877e-06 0.000216279 2.2347e-06 6.71105e-05 2.07044e-06 0.000440725 0.754011 0.000896558 0.00101808 3.9405e-07 0.000225147 0.0712457 0.00941896 0.00221253 
0.00271538 1.22728e-12 1.60844e-08 0.00319166 0.0682284 0.006782 0.00490251 0.00108273 0.00150734 0.00147339 3.10639e-05 1.75663e-06 0.00617237 4.86322e-09 7.50517e-06 4.33907e-07 0.000836527 0.732582 0.000340729 0.000662258 5.38355e-10 0.0469727 0.120909 0.00105553 0.000544025 
0.0617783 2.16759e-10 2.63167e-10 0.0280159 0.238926 9.71995e-07 0.19419 0.0204245 0.00105853 0.00457454 0.000756103 0.000177846 2.26691e-06 7.22667e-07 0.000864594 4.45515e-07 0.0382485 0.253359 0.030755 0.000994856 5.79663e-08 0.00521984 0.115103 0.00478507 0.000763782 
0.00303722 0.0179617 1.05688e-06 0.00187274 0.0321288 0.000781618 0.00789521 0.0153707 0.000244347 0.00108745 0.00580024 0.000165009 0.00130923 0.000433219 0.00825878 0.000456578 1.5736e-07 0.639509 0.000350755 6.76617e-05 0.000181712 0.00662567 0.0016435 0.254696 0.000120955 
0.00405713 3.81102e-06 6.47166e-10 0.000459333 0.0806058 0.013256 0.00538852 0.00205454 0.00331211 0.00862013 0.000166511 4.73503e-06 0.000154486 2.57137e-06 4.7937e-05 1.47918e-06 0.000320101 0.820607 0.0006404 0.000727205 2.81536e-07 0.000160821 0.0510901 0.00673861 0.00158038 
0.00181026 1.1324e-12 1.08082e-08 0.00212778 0.0539353 0.00452135 0.00364281 0.000721827 0.0010049 0.000982276 2.07117e-05 1.17162e-06 0.00411495 3.28871e-09 5.00483e-06 2.89768e-07 0.000557689 0.812897 0.000227156 0.000441509 4.51381e-10 0.0313152 0.0806063 0.000703693 0.000362697 
0.00703021 1.5283e-09 7.14487e-10 0.0739376 0.0171544 4.78108e-08 0.00029047 0.0145498 0.00148384 2.3842e-12 0.000227561 1.20383e-06 0.00469299 0.00284622 0.000902497 5.99222e-06 1.99113e-05 0.856813 0.000797764 0.00553495 2.36737e-08 0.00315517 0.00968859 0.000585641 0.000281933 
0.00065159 7.30648e-06 2.37869e-10 4.08708e-05 0.0580202 0.0414017 0.0550326 0.00266287 0.000263145 0.00270084 1.02367e-05 1.91091e-05 0.000145913 3.45553e-06 3.27067e-09 9.5792e-06 0.0017176 0.820479 0.00370183 7.16989e-05 2.49298e-08 0.00767634 0.00505754 0.000296964 2.95699e-05 
0.00271003 0.000480348 2.0171e-08 0.00470553 0.206839 0.0148145 0.267863 0.00726525 0.0538441 0.0572372 0.000522024 0.000212276 0.00187293 3.70184e-07 0.00744384 2.42564e-05 0.00117904 0.269915 0.00157548 0.00148135 1.10801e-06 0.0136467 0.0651901 0.0199676 0.00120947 
0.00343224 3.52097e-06 1.10562e-08 0.00378806 0.136897 0.00748868 0.0577981 0.0102017 0.00185929 0.0118348 0.00151235 5.05028e-05 0.00270383 9.04473e-06 0.00228528 7.6915e-06 0.00142562 0.715175 0.000394344 0.00175934 2.49842e-08 0.000346274 0.0361917 0.00316566 0.00166936 
0.00259106 6.27285e-06 3.1828e-07 0.00166303 0.323919 0.00812922 0.0101441 0.00122694 0.00135327 0.0386913 0.00202602 0.000201724 8.5534e-05 2.66998e-05 0.00391157 2.31286e-06 0.00207877 0.558092 0.000398455 0.000316172 0.0105187 3.62724e-05 0.0212191 0.0122415 0.00112054 
0.0840073 0.000284903 2.30172e-08 0.0309202 0.135112 0.0209595 0.102014 0.0467024 0.00216808 0.00216837 0.00572879 0.000480416 0.0175136 0.00197454 0.0055529 1.95857e-05 0.0605641 0.272935 0.0386667 0.0179047 1.61812e-05 0.0168791 0.122462 0.0143307 0.000633937 
0.0466362 0.00422597 1.14775e-08 0.074877 0.0616824 0.0617573 0.000309362 0.0466472 0.000938932 0.00854822 0.0100582 0.000130393 0.00514527 7.33481e-07 0.0325526 1.19626e-05 0.00722866 0.512151 0.000220448 0.0025519 0.000306182 0.00765422 0.0256789 0.0842326 0.00645464 
0.0100728 2.82362e-05 3.9258e-06 0.0091321 0.275106 0.0491669 0.0638336 0.0124524 0.00234902 0.00179596 0.00147206 3.59855e-05 0.000458371 0.000930736 0.000580596 0.000148899 0.00204237 0.415729 0.00198221 0.0157529 9.49739e-07 0.00228383 0.122486 0.00954688 0.00260796 
0.0279598 0.000107834 2.15916e-06 0.01 0.0760398 0.0287306 0.0458887 0.0249922 0.0111687 0.0150338 0.00136899 0.000895587 0.00263831 0.00112898 0.00246367 0.000326947 0.0123655 0.611305 0.0428279 0.00761025 1.40383e-06 0.0118948 0.0559264 0.00891169 0.000411278 
0.0290965 0.00458922 1.16714e-07 0.00630186 0.129314 0.0258123 0.0144064 0.0121985 0.00532724 0.0235501 0.00257116 0.00191551 0.0190833 0.000479036 0.00607806 3.53464e-05 0.0123048 0.607848 0.0186118 0.00244577 7.17706e-05 0.00603625 0.0464238 0.0223088 0.00319026 
0.00104117 8.08159e-06 8.72248e-11 4.07519e-05 0.277802 0.00702823 0.034219 0.00235553 0.000112459 0.00139654 0.000383877 3.44217e-07 0.000116374 3.24203e-06 1.37436e-05 1.77724e-06 0.000641893 0.649841 6.02288e-05 0.000178142 1.47285e-07 0.000219776 0.0159561 0.00848331 9.55503e-05 
0.0135687 6.50747e-06 7.04443e-06 0.00580743 0.142135 0.0543273 0.00484371 0.13636 0.017025 0.0145154 0.0132824 3.09685e-05 0.0054662 0.00127516 0.000415156 1.30446e-06 0.00366853 0.500626 0.00960824 0.00287329 2.1787e-06 0.0338803 0.0209552 0.0192321 8.64059e-05 
0.00375998 5.12571e-09 6.46328e-06 0.00233856 0.0408233 4.04901e-09 0.212887 0.316429 0.00144291 0.000508651 8.08367e-06 1.53815e-07 2.06247e-05 1.88588e-05 1.46347e-05 6.07211e-07 6.83042e-05 0.389482 1.55872e-06 5.3052e-06 3.81307e-09 0.0011042 0.000661952 0.0304181 3.56608e-09 
0.00209986 5.91895e-05 3.94084e-09 0.00251941 0.0637936 0.00412646 0.0459382 0.00534826 0.00317184 0.00329628 0.000129212 1.84693e-05 0.000835425 4.2048e-05 0.000632558 1.52039e-06 0.00139807 0.833409 0.00145761 0.000333461 1.40762e-07 0.00593608 0.0182006 0.00339604 0.00385654 
0.000939089 1.26974e-08 7.65223e-12 0.000243421 0.0562829 0.00100207 0.00728166 0.000395028 0.000561841 0.0210006 3.2831e-12 3.57458e-05 8.67258e-06 6.32372e-12 4.66645e-12 5.00131e-08 3.75911e-07 0.910852 2.42959e-07 5.0487e-05 4.68873e-12 0.000354677 7.65078e-07 0.000888785 0.000101713 
0.00321466 1.02535e-05 3.1e-08 0.00203831 0.168904 0.0144378 0.00886381 0.00113773 0.00197242 0.0335576 0.00252708 0.00011783 0.000234207 1.89845e-06 0.00511046 4.71094e-06 0.000765859 0.692214 0.000315013 0.00068343 6.12108e-08 0.000108481 0.0556911 0.00505487 0.00303499 
0.000388261 3.41294e-12 4.14365e-12 0.00294091 0.0373486 0.000337862 0.000434463 0.00296523 0.00376295 3.6962e-05 1.36742e-05 6.71358e-13 1.46882e-05 1.67424e-08 0.000295478 5.53374e-12 0.00210129 0.945824 2.36923e-05 0.000289891 2.53892e-12 0.00147646 0.00144148 0.00030442 1.69214e-08 
0.00801926 6.72906e-06 2.21022e-08 0.016647 0.365387 0.01166 0.0403651 0.00518545 0.00598189 0.0335934 0.00165431 0.000179671 0.000711801 1.34577e-06 0.0367143 3.09963e-06 0.000941751 0.373906 0.000743875 0.000447438 6.6612e-07 0.00097499 0.0810694 0.0138186 0.00198693 
0.00181026 1.1324e-12 1.08082e-08 0.00212778 0.0539353 0.00452135 0.00364281 0.000721827 0.0010049 0.000982276 2.07117e-05 1.17162e-06 0.00411495 3.28871e-09 5.00483e-06 2.89768e-07 0.000557689 0.812897 0.000227156 0.000441509 4.51381e-10 0.0313152 0.0806063 0.000703693 0.000362697 
0.000908195 1.93807e-07 7.15871e-09 0.000858424 0.322667 0.00556932 0.00719981 0.000882278 0.00293178 0.0163696 1.32794e-05 9.23233e-05 5.29711e-05 1.1554e-05 2.76741e-05 1.41996e-07 0.000328235 0.616076 0.000380918 0.000823386 2.79834e-07 0.00360579 0.0198917 0.000987996 0.000321008 
0.0245154 2.09122e-05 3.86758e-12 0.0073879 0.129916 0.0233581 0.00457688 0.0113953 0.0241126 0.00424302 0.000930161 1.81875e-09 0.000450072 0.00045299 3.14306e-05 1.68723e-08 0.00623923 0.720097 0.000535354 0.000829443 2.0047e-09 0.0108853 0.0214543 0.0085058 6.29016e-05 
5.62304e-06 2.27249e-09 4.25448e-10 2.13402e-05 0.139733 0.00569116 0.0076676 0.00511138 0.000218569 1.8821e-05 0.000896253 1.98407e-05 0.00123761 1.08709e-06 1.85516e-12 5.02691e-09 0.000181066 0.839022 2.26396e-07 2.19588e-08 1.31305e-09 2.14136e-07 2.0771e-05 3.43206e-05 0.000119996 
0.00518273 4.36814e-12 5.30335e-12 0.0120742 0.0572902 0.00150575 0.00907002 0.0111929 0.00998033 0.000109521 3.04362e-05 3.55631e-06 4.92925e-05 1.80976e-06 0.000401316 3.42116e-09 0.00427392 0.849107 9.25504e-05 0.000498083 4.46571e-10 0.00415189 0.0332934 0.00163863 5.20809e-05 
0.0324091 0.000316155 2.54871e-07 0.00818566 0.00870426 0.000883607 0.0205042 0.0058655 0.000928543 0.000802074 0.00015736 2.88474e-05 0.0019239 7.18496e-05 4.43033e-05 9.23784e-06 0.00208927 0.892735 0.00247842 0.00017884 6.53204e-07 0.00923673 0.0116764 0.000747586 2.25287e-05 
0.0111399 1.15738e-11 1.40518e-11 0.00410525 0.0174295 0.00151803 0.00016808 0.00195423 4.82288e-06 2.15885e-05 0.00180399 6.79097e-09 0.000113239 6.39899e-05 8.56899e-12 1.14797e-08 0.000332842 0.917946 0.000642629 3.17649e-05 8.60989e-12 8.9151e-08 0.0424002 0.000323895 1.16518e-09 
0.0139476 1.79773e-05 3.02625e-09 0.00822104 0.111066 0.0261369 0.227196 0.0601086 0.00932296 0.00246732 0.000170225 7.83215e-05 0.000869579 4.25022e-06 1.10732e-07 0.00247143 0.00598347 0.302724 0.0169423 0.00704308 2.59069e-09 0.0955047 0.101311 0.00835857 5.40235e-05 
0.000505691 2.53221e-12 3.07435e-12 0.00172226 0.0102329 0.000126857 0.361741 0.0100716 0.00153672 0.00105322 1.31902e-12 1.51889e-08 2.26302e-06 2.68974e-05 3.91937e-05 4.98255e-06 0.000532704 0.606425 0.00124975 3.98161e-09 1.37553e-09 0.00112131 0.00302628 0.000553054 2.81975e-05 
0.0146974 0.000120985 3.69663e-07 0.0134177 0.00442557 0.00132662 0.00028492 0.00316304 9.73064e-05 7.06782e-05 3.92137e-05 6.53846e-06 0.00309496 9.0155e-05 2.37368e-06 8.96834e-06 0.00109575 0.913694 0.00475424 0.000833116 2.16227e-07 0.015171 0.0139685 7.30609e-05 0.00956329 
0.0388836 6.07004e-06 3.73683e-08 0.0205704 0.0579156 0.0341251 0.00277229 0.0280114 0.00801231 0.0132369 0.0014285 0.00269392 0.00711895 0.00134223 0.000786016 1.38375e-05 0.0330677 0.287864 0.00602704 0.0125193 4.24528e-06 0.00390883 0.281569 0.155817 0.00230593 
0.0334314 2.97138e-05 2.56054e-05 0.00993054 0.150789 0.00685783 0.124588 0.0305711 0.00623284 0.00393799 0.00216696 1.85403e-05 0.0069095 5.46577e-05 0.0048504 0.00023193 0.0268226 0.270653 0.0104744 0.00611257 5.3288e-06 0.224894 0.0558471 0.0244567 0.000107737 
0.0149269 2.77346e-08 1.91316e-07 0.0596809 0.0507657 3.08299e-06 0.0021773 0.0217778 0.00615886 0.00723177 0.00255739 6.99069e-05 0.00209505 3.09208e-05 0.00239122 2.56773e-05 0.00412072 0.783116 0.00127068 0.00403789 5.19058e-07 0.00722492 0.0225767 0.00733027 0.00042921 
0.000152193 1.83297e-05 1.34979e-06 0.0052258 0.130906 0.00183118 0.00169744 0.00698101 0.000205052 6.09469e-08 0.00529889 2.07773e-06 0.00641221 5.61366e-06 0.000370571 6.3286e-06 0.000772584 0.832929 0.000238937 0.00168607 2.99844e-06 0.00160186 0.00361376 3.95157e-05 8.15073e-07 
0.0100928 0.0344166 2.00179e-09 0.00138216 0.0603952 0.00124037 0.00161122 0.00175957 0.000939593 0.00711147 0.000233284 0.000143468 0.000343818 1.2932e-06 6.23305e-05 3.24055e-06 0.000740091 0.798152 0.00213596 9.15359e-05 3.79395e-06 0.00220122 0.03955 0.0221472 0.015242 
0.00939251 5.13413e-07 1.17382e-10 0.0120733 0.268242 0.00628401 0.0741305 0.0520083 0.0155681 0.000434595 0.000147924 2.40265e-06 0.00088454 3.51492e-07 0.00325272 7.80925e-06 0.0125589 0.405633 0.00635385 0.00137173 6.47366e-07 0.0109744 0.110674 0.00841 0.00159433 
0.0866825 0.000644674 3.45976e-07 0.0202517 0.0148262 0.000337268 0.00104123 0.0047146 0.000224821 0.000206735 0.000755131 3.32156e-05 0.00787308 0.000123315 1.43907e-05 4.22862e-05 0.000625945 0.82977 0.00199812 0.00153467 8.55271e-07 0.00579103 0.0215931 0.000903678 1.14837e-05 
0.000939089 1.26974e-08 7.65223e-12 0.000243421 0.0562829 0.00100207 0.00728166 0.000395028 0.000561841 0.0210006 3.2831e-12 3.57458e-05 8.67258e-06 6.32372e-12 4.66645e-12 5.00131e-08 3.75911e-07 0.910852 2.42959e-07 5.0487e-05 4.68873e-12 0.000354677 7.65078e-07 0.000888785 0.000101713 
5.62304e-06 2.27249e-09 4.25448e-10 2.13402e-05 0.139733 0.00569116 0.0076676 0.00511138 0.000218569 1.8821e-05 0.000896253 1.98407e-05 0.00123761 1.08709e-06 1.85516e-12 5.02691e-09 0.000181066 0.839022 2.26396e-07 2.19588e-08 1.31305e-09 2.14136e-07 2.0771e-05 3.43206e-05 0.000119996 
0.000939089 1.26974e-08 7.65223e-12 0.000243421 0.0562829 0.00100207 0.00728166 0.000395028 0.000561841 0.0210006 3.2831e-12 3.57458e-05 8.67258e-06 6.32372e-12 4.66645e-12 5.00131e-08 3.75911e-07 0.910852 2.42959e-07 5.0487e-05 4.68873e-12 0.000354677 7.65078e-07 0.000888785 0.000101713 
0.0202358 1.60004e-05 4.13659e-11 0.0550055 0.11217 0.191818 0.0157751 0.0123815 0.0143981 0.0112239 0.00240973 0.00225356 0.0204302 0.0030137 0.0023128 4.16813e-06 0.0296709 0.282579 0.0998065 0.0167836 2.03852e-07 0.0500225 0.048878 0.00806988 0.000740897 
0.00321466 1.02535e-05 3.1e-08 0.00203831 0.168904 0.0144378 0.00886381 0.00113773 0.00197242 0.0335576 0.00252708 0.00011783 0.000234207 1.89845e-06 0.00511046 4.71094e-06 0.000765859 0.692214 0.000315013 0.00068343 6.12108e-08 0.000108481 0.0556911 0.00505487 0.00303499 
0.000939089 1.26974e-08 7.65223e-12 0.000243421 0.0562829 0.00100207 0.00728166 0.000395028 0.000561841 0.0210006 3.2831e-12 3.57458e-05 8.67258e-06 6.32372e-12 4.66645e-12 5.00131e-08 3.75911e-07 0.910852 2.42959e-07 5.0487e-05 4.68873e-12 0.000354677 7.65078e-07 0.000888785 0.000101713 
0.013871 0.000390327 1.36102e-09 0.00622065 0.137996 0.025295 0.00340918 0.01506 0.00615254 0.00941631 0.00839048 4.164e-05 0.0136053 0.000572589 0.0020261 3.974e-06 0.00907299 0.640392 0.00475466 0.00284106 1.60279e-06 0.00632189 0.0548029 0.0268469 0.0125155 
1.25182e-07 9.50512e-09 1.30277e-10 0.000242785 0.0302152 2.69474e-08 0.000526999 0.00276521 0.00015267 0.000186185 1.38599e-05 5.42153e-07 0.000106387 2.96694e-09 1.67326e-05 1.50357e-11 2.22895e-05 0.965216 1.75003e-05 5.58841e-05 6.89852e-12 1.34349e-08 0.000123966 0.000337581 2.10793e-08 
0.000373775 4.68155e-08 1.74499e-09 0.00213789 0.155942 0.0812185 0.029441 0.107861 0.0011448 0.000133864 0.000806649 1.08815e-05 0.0012199 8.46416e-06 1.33678e-06 1.0274e-07 0.00510488 0.568307 0.00602728 0.00581455 2.72806e-08 0.0262488 0.00107696 0.00693646 0.000183877 
0.00413313 1.3182e-05 3.97747e-08 0.00255106 0.169272 0.0185628 0.0105534 0.00129521 0.00221824 0.0431454 0.00324909 0.000151494 0.00030112 3.48431e-08 0.00514431 6.05597e-06 0.000984672 0.655383 0.000405014 0.000878692 4.69871e-08 0.000139473 0.0712476 0.00646289 0.00390212 
0.000349633 1.89523e-12 2.30099e-12 0.00114817 0.00781125 8.56562e-05 0.244388 0.00682586 0.00106109 0.000762629 9.87215e-13 1.07926e-08 1.5088e-06 2.12592e-05 2.61299e-05 3.32225e-06 0.000365444 0.7331 0.000833175 2.82919e-09 9.70431e-10 0.000747542 0.00207845 0.000371721 1.8799e-05 
0.0326681 0.000183357 3.26656e-05 0.0127213 0.0775418 0.0276144 0.00197072 0.0192213 0.00514358 0.00344057 0.00737291 0.000117582 0.0122567 1.01348e-05 0.00125859 3.52156e-05 0.0343477 0.35568 0.0207379 0.00610171 1.48633e-06 0.328334 0.0325682 0.00695119 0.0136891 
0.0451071 1.02082e-05 4.04557e-10 0.00492504 0.0528941 0.0105093 0.00936391 0.0294168 0.00635407 0.0119795 0.000285571 0.0031141 0.000946546 0.0148581 0.000254811 7.09832e-06 0.0391126 0.570956 0.0186972 0.00150314 4.94076e-06 0.00658135 0.148601 0.0127336 0.0117839 
0.00271538 1.22728e-12 1.60844e-08 0.00319166 0.0682284 0.006782 0.00490251 0.00108273 0.00150734 0.00147339 3.10639e-05 1.75663e-06 0.00617237 4.86322e-09 7.50517e-06 4.33907e-07 0.000836527 0.732582 0.000340729 0.000662258 5.38355e-10 0.0469727 0.120909 0.00105553 0.000544025 
0.0210709 5.74765e-07 5.74546e-07 0.0136434 0.0717358 5.75677e-07 0.148364 0.0344811 0.0106468 0.0032233 5.75254e-07 5.75587e-07 0.00259046 5.74762e-07 0.00523336 5.74129e-07 5.75603e-07 0.632193 0.00523847 5.75541e-07 0.00074811 5.75613e-07 0.0107092 0.0348822 0.00523379 
0.00221597 2.63073e-06 4.3802e-06 4.64661e-05 0.429511 0.0178475 0.00961325 0.0303006 0.0113065 0.00160331 0.00409196 3.00879e-05 0.000454755 7.48372e-07 9.45088e-11 1.47434e-06 0.0020747 0.444136 0.00916806 1.76211e-05 8.66085e-09 0.037218 0.000215625 0.000139466 7.77719e-08 
0.0012445 5.21784e-06 6.11729e-09 0.000668454 0.0699097 0.0223924 0.0249566 0.00197874 0.000633131 0.000531406 0.00010716 3.41732e-06 0.00136509 1.06005e-06 2.02136e-06 4.38221e-06 0.00132719 0.836255 0.00209053 0.000216341 1.38684e-08 0.0112792 0.0241061 0.00080556 0.000116922 
0.0031277 1.41877e-05 8.41975e-09 0.00274385 0.0522133 0.000544064 0.16998 0.00808289 0.0029509 0.00262313 0.000286741 2.01065e-05 0.00210031 1.67624e-05 4.65716e-05 0.000435272 0.00939117 0.653175 0.00470225 0.000213955 1.2825e-06 0.0690149 0.012682 0.00556377 6.93724e-05 
0.00221597 2.63073e-06 4.3802e-06 4.64661e-05 0.429511 0.0178475 0.00961325 0.0303006 0.0113065 0.00160331 0.00409196 3.00879e-05 0.000454755 7.48372e-07 9.45088e-11 1.47434e-06 0.0020747 0.444136 0.00916806 1.76211e-05 8.66085e-09 0.037218 0.000215625 0.000139466 7.77719e-08 
0.00321466 1.02535e-05 3.1e-08 0.00203831 0.168904 0.0144378 0.00886381 0.00113773 0.00197242 0.0335576 0.00252708 0.00011783 0.000234207 1.89845e-06 0.00511046 4.71094e-06 0.000765859 0.692214 0.000315013 0.00068343 6.12108e-08 0.000108481 0.0556911 0.00505487 0.00303499 
8.4566e-05 5.47799e-05 1.89866e-10 5.38884e-06 0.134698 6.92904e-09 0.0109601 0.000678645 0.000160188 4.60383e-11 1.62942e-05 1.77239e-06 0.00170901 0.00122299 1.15784e-10 2.53562e-10 0.000111012 0.843207 0.00109463 2.21332e-07 1.16336e-10 5.65077e-06 0.00265117 0.00105509 0.00228306 
0.037922 0.000140529 0.00213941 0.0116961 0.167412 0.0542564 0.0923681 0.0176267 0.0222834 0.203403 0.00165267 0.0120615 0.000622497 0.00350302 0.00357794 4.20454e-05 0.00354407 0.214207 0.0432245 0.0120901 2.18676e-05 0.0114154 0.061758 0.0167807 0.00625171 
0.000305245 7.6431e-05 6.64598e-12 0.000429842 0.398496 0.023303 0.0287624 0.0271639 0.00411686 2.78021e-05 0.000786723 2.72402e-05 0.0029511 2.35044e-07 5.33641e-05 6.57372e-09 0.0105408 0.481434 0.000996559 0.000358209 1.07653e-09 0.000225102 0.0166642 0.00323059 5.04968e-05 
0.00426933 1.03033e-06 4.6403e-10 0.0020489 0.0859261 0.0061974 0.0594724 0.0137146 0.00283832 0.00250904 0.000316937 4.30381e-06 0.00276994 1.04013e-05 6.2947e-05 5.06468e-06 0.00100337 0.781327 0.000676495 0.00203628 8.56386e-08 0.000427421 0.0301109 0.00334185 0.000930259 
0.00637348 9.49165e-06 4.6163e-08 0.000611077 0.400162 0.007689 0.0132941 0.00785827 0.00182884 0.0179137 0.000340246 0.000159731 0.000388296 2.01407e-08 2.37905e-07 0.00096123 0.00992138 0.453448 0.0313565 0.00240959 4.47011e-09 0.00254808 0.0394253 0.00325105 4.96513e-05 
0.00143899 2.09557e-05 1.15042e-09 7.27499e-05 0.0693175 0.109484 0.105124 0.00658179 0.000288463 0.000184019 4.32005e-05 4.46061e-06 0.000561128 8.26478e-06 7.48753e-07 2.68529e-05 0.00499123 0.654606 0.0111334 0.00010718 8.18325e-08 0.0212671 0.0141456 0.000581241 1.13698e-05 
0.000939089 1.26974e-08 7.65223e-12 0.000243421 0.0562829 0.00100207 0.00728166 0.000395028 0.000561841 0.0210006 3.2831e-12 3.57458e-05 8.67258e-06 6.32372e-12 4.66645e-12 5.00131e-08 3.75911e-07 0.910852 2.42959e-07 5.0487e-05 4.68873e-12 0.000354677 7.65078e-07 0.000888785 0.000101713 
0.00014389 3.56884e-11 4.33291e-11 0.00137196 0.119792 0.00136073 0.201577 0.0162637 0.00370415 5.15612e-05 2.02303e-05 2.92587e-09 0.00121747 1.82562e-08 0.000133728 1.71974e-08 5.22093e-05 0.65045 5.6187e-05 1.56357e-07 9.50102e-09 0.00135387 0.00174508 0.000569853 0.000135399 
0.0103948 0.00162169 2.33625e-07 0.0085611 0.0927917 0.0248127 0.0372802 0.0128594 0.0029488 0.0102637 0.0016546 0.00521169 0.00278033 0.000108149 0.00165308 0.00024743 0.0173057 0.684051 0.0136741 0.00382011 6.23633e-05 0.0189121 0.0422399 0.00607486 0.000670358 
0.00271538 1.22728e-12 1.60844e-08 0.00319166 0.0682284 0.006782 0.00490251 0.00108273 0.00150734 0.00147339 3.10639e-05 1.75663e-06 0.00617237 4.86322e-09 7.50517e-06 4.33907e-07 0.000836527 0.732582 0.000340729 0.000662258 5.38355e-10 0.0469727 0.120909 0.00105553 0.000544025 
0.00175563 1.88131e-06 3.2605e-10 0.000249826 0.046004 0.0271498 0.00638263 0.00264733 0.000980236 0.00704246 0.000350444 1.52618e-05 0.000272553 2.6226e-06 4.15618e-05 2.02636e-06 0.000485521 0.880574 0.00303439 0.000379716 1.42136e-07 0.00190683 0.0182337 0.00206826 0.000419252 
0.00120414 4.25323e-11 5.16383e-11 0.00187396 0.281809 0.00537031 0.158155 0.104021 0.00375098 0.000605399 0.000240016 1.961e-09 0.000978705 1.24227e-05 7.17161e-05 1.41971e-08 0.000975591 0.433776 0.000704115 0.000757776 8.30899e-09 0.0032727 0.00093491 0.00141333 7.25806e-05 
0.000388261 3.41294e-12 4.14365e-12 0.00294091 0.0373486 0.000337862 0.000434463 0.00296523 0.00376295 3.6962e-05 1.36742e-05 6.71358e-13 1.46882e-05 1.67424e-08 0.000295478 5.53374e-12 0.00210129 0.945824 2.36923e-05 0.000289891 2.53892e-12 0.00147646 0.00144148 0.00030442 1.69214e-08 
0.00891542 7.97113e-05 4.03751e-06 0.00714384 0.0852165 0.00771531 0.115545 0.0129746 0.00290435 0.00701363 0.000952764 0.000211879 0.00129418 0.00119983 0.000964694 8.38624e-05 0.00257853 0.700109 0.00779558 0.00228903 3.36046e-06 0.00374105 0.0260302 0.0045722 0.000662025 
0.00316166 1.16868e-05 6.58541e-09 0.000251875 0.0718067 0.0477617 0.0367581 0.00400443 0.00145361 0.00288168 0.000144428 6.35366e-06 0.000370736 5.83443e-06 1.45078e-05 9.18298e-06 0.00189335 0.786564 0.00426216 0.000363533 1.793e-07 0.00516154 0.0299585 0.00270586 0.000448802 
0.00181026 1.1324e-12 1.08082e-08 0.00212778 0.0539353 0.00452135 0.00364281 0.000721827 0.0010049 0.000982276 2.07117e-05 1.17162e-06 0.00411495 3.28871e-09 5.00483e-06 2.89768e-07 0.000557689 0.812897 0.000227156 0.000441509 4.51381e-10 0.0313152 0.0806063 0.000703693 0.000362697 
0.00413313 1.3182e-05 3.97747e-08 0.00255106 0.169272 0.0185628 0.0105534 0.00129521 0.00221824 0.0431454 0.00324909 0.000151494 0.00030112 3.48431e-08 0.00514431 6.05597e-06 0.000984672 0.655383 0.000405014 0.000878692 4.69871e-08 0.000139473 0.0712476 0.00646289 0.00390212 
0.00358747 5.36574e-05 7.5477e-08 0.00121225 0.0542176 0.00616885 0.00337961 0.00471077 0.000168009 2.38733e-05 0.000335622 6.66183e-06 0.0032781 4.31477e-05 4.65929e-10 5.39021e-06 0.000874952 0.899126 0.00325467 4.84189e-05 1.78664e-07 0.0175264 0.00174762 0.000142007 8.82637e-05 
7.45536e-05 0.000800352 0.000971706 0.000110647 4.96148e-05 8.74426e-05 0.000225597 0.000119281 0.000246413 0.000235617 0.0004169 0.000157437 0.000202268 0.000803008 0.000592562 0.00129769 0.000144678 0.991644 0.000152047 0.000192871 0.00059539 0.000136732 4.28184e-05 0.000143391 0.000556824 
0.00143754 1.91139e-05 2.32192e-10 6.84253e-05 0.0699309 0.105863 0.101691 0.00652625 0.000290386 0.000169498 2.67853e-05 3.92851e-06 0.000366538 7.65202e-06 3.86407e-09 2.43282e-05 0.00446942 0.66655 0.00969505 9.72378e-05 6.41055e-08 0.0191691 0.0130704 0.000513387 1.01947e-05 
0.000172462 1.46175e-08 5.19565e-12 4.00455e-09 0.0038332 4.6755e-13 1.83444e-08 2.03001e-09 1.66684e-08 3.10929e-08 2.22914e-12 2.78316e-08 1.08152e-12 4.29363e-12 3.16839e-12 2.16091e-09 3.723e-09 0.824628 2.48275e-07 1.03127e-12 3.18352e-12 2.59304e-08 3.87716e-05 1.54713e-08 0.171327 
0.0149269 2.77346e-08 1.91316e-07 0.0596809 0.0507657 3.08299e-06 0.0021773 0.0217778 0.00615886 0.00723177 0.00255739 6.99069e-05 0.00209505 3.09208e-05 0.00239122 2.56773e-05 0.00412072 0.783116 0.00127068 0.00403789 5.19058e-07 0.00722492 0.0225767 0.00733027 0.00042921 
0.000279941 4.11855e-10 5.00032e-10 0.00210846 0.0399238 0.000243334 0.00376858 0.00212308 0.00269655 2.75168e-05 1.07534e-05 8.10158e-11 1.12978e-05 5.95955e-08 0.000215495 6.67781e-10 0.00150831 0.942165 1.75884e-05 0.000209572 3.06383e-10 0.00105932 0.00341065 0.000219714 1.02447e-06 
0.178483 1.834e-05 1.91882e-08 0.0160712 0.00321792 0.00232324 0.000640016 0.00925129 0.000121456 0.00060845 0.000818707 6.8396e-05 0.00781675 0.000186427 5.81173e-06 3.3955e-05 0.00254364 0.698437 0.00281444 0.003176 1.76919e-06 0.00674433 0.0647143 0.00187315 3.00987e-05 
0.00413313 1.3182e-05 3.97747e-08 0.00255106 0.169272 0.0185628 0.0105534 0.00129521 0.00221824 0.0431454 0.00324909 0.000151494 0.00030112 3.48431e-08 0.00514431 6.05597e-06 0.000984672 0.655383 0.000405014 0.000878692 4.69871e-08 0.000139473 0.0712476 0.00646289 0.00390212 
0.0270721 6.88333e-05 1.40973e-07 0.00691302 0.0234041 0.00159885 0.00141255 0.004194 0.000518658 0.00123203 0.000178597 1.57989e-05 0.0018359 4.0578e-05 5.25785e-05 5.84812e-06 0.000977926 0.889852 0.000630237 0.00136615 8.19568e-07 0.00104593 0.0358481 0.00153984 0.000195043 
0.00321466 1.02535e-05 3.1e-08 0.00203831 0.168904 0.0144378 0.00886381 0.00113773 0.00197242 0.0335576 0.00252708 0.00011783 0.000234207 1.89845e-06 0.00511046 4.71094e-06 0.000765859 0.692214 0.000315013 0.00068343 6.12108e-08 0.000108481 0.0556911 0.00505487 0.00303499 
0.0220683 0.000668478 3.86236e-08 0.0209451 0.349184 0.0135194 0.0380003 0.0406329 0.0183203 0.00812 0.00254316 0.00831493 0.00316519 1.62442e-05 0.00425284 3.06351e-05 0.0021716 0.384391 0.00387308 0.000629067 7.53526e-05 0.00778703 0.0270258 0.0424172 0.00184807 
0.000349633 1.89523e-12 2.30099e-12 0.00114817 0.00781125 8.56562e-05 0.244388 0.00682586 0.00106109 0.000762629 9.87215e-13 1.07926e-08 1.5088e-06 2.12592e-05 2.61299e-05 3.32225e-06 0.000365444 0.7331 0.000833175 2.82919e-09 9.70431e-10 0.000747542 0.00207845 0.000371721 1.8799e-05 
0.00152454 4.52893e-07 8.39923e-11 0.000194586 0.212487 0.00160355 0.0441541 0.000522275 0.00823077 0.0352828 3.6036e-11 6.16126e-05 0.00111896 6.94104e-11 0.000846867 5.75486e-08 0.00192203 0.647296 0.000764401 0.00479866 5.14644e-11 0.00676225 0.0268813 0.00543314 0.000114617 
6.89426e-05 2.07562e-11 2.52e-11 0.00228918 0.137833 0.00022692 0.362768 0.00574535 0.00444249 0.000209783 0.000392282 3.67349e-09 1.20221e-07 9.12494e-05 0.00012441 1.19978e-08 7.80585e-05 0.481522 0.00176021 5.69144e-08 2.24633e-08 0.00158068 6.22226e-08 0.000866577 7.57216e-07 
1.25182e-07 9.50512e-09 1.30277e-10 0.000242785 0.0302152 2.69474e-08 0.000526999 0.00276521 0.00015267 0.000186185 1.38599e-05 5.42153e-07 0.000106387 2.96694e-09 1.67326e-05 1.50357e-11 2.22895e-05 0.965216 1.75003e-05 5.58841e-05 6.89852e-12 1.34349e-08 0.000123966 0.000337581 2.10793e-08 
0.038862 0.000960953 1.85804e-06 0.047244 0.195878 0.0590164 0.0492554 0.0585774 0.0352935 0.00595624 0.00109246 9.14647e-05 0.00509699 2.08851e-05 0.000928185 0.00246121 0.0116562 0.330965 0.0144798 0.00146209 1.20972e-05 0.0408194 0.0641276 0.0349271 0.000812932 
0.0617783 2.16759e-10 2.63167e-10 0.0280159 0.238926 9.71995e-07 0.19419 0.0204245 0.00105853 0.00457454 0.000756103 0.000177846 2.26691e-06 7.22667e-07 0.000864594 4.45515e-07 0.0382485 0.253359 0.030755 0.000994856 5.79663e-08 0.00521984 0.115103 0.00478507 0.000763782 
0.0136441 0.000191104 7.78265e-08 0.00401812 0.00429364 0.00200826 0.000548166 0.00405434 0.000112344 8.85055e-06 3.33279e-05 2.52972e-07 0.00509246 0.000128977 5.58423e-10 1.76951e-05 5.44013e-05 0.923104 0.00301555 5.42399e-05 4.03303e-07 0.0346839 0.00486359 5.6604e-05 1.56138e-05 
0.000388261 3.41294e-12 4.14365e-12 0.00294091 0.0373486 0.000337862 0.000434463 0.00296523 0.00376295 3.6962e-05 1.36742e-05 6.71358e-13 1.46882e-05 1.67424e-08 0.000295478 5.53374e-12 0.00210129 0.945824 2.36923e-05 0.000289891 2.53892e-12 0.00147646 0.00144148 0.00030442 1.69214e-08 
0.0130421 0.000685629 1.09139e-09 0.00390086 0.216721 0.0465191 0.0277631 0.0174199 0.00336997 0.00662832 0.000919515 0.00132651 0.00113476 0.00593712 0.00275333 0.00401686 0.0195586 0.528417 0.0217548 0.00207895 5.19461e-06 0.0123456 0.0505402 0.012468 0.000693096 
0.00999432 0.000170735 2.9194e-07 0.0150528 0.222251 0.0202523 0.202245 0.055943 0.0149383 0.00238923 0.000786488 0.000191744 0.000810038 0.0144379 0.00265408 0.00781702 0.00553614 0.243315 0.0175685 0.00195033 0.0277869 0.0131161 0.0958642 0.0245083 0.000420557 
0.000496481 1.0433e-08 9.63938e-11 0.00284505 0.207899 0.0588697 0.039231 0.0825851 0.00152197 0.000177079 0.00107042 1.41324e-05 0.00162264 1.02053e-05 3.00721e-07 2.30384e-08 0.00679888 0.5352 0.00802593 0.00773133 6.03952e-09 0.0349841 0.00143389 0.00924059 0.000241951 
0.00274615 7.41414e-08 9.7309e-10 0.00295345 0.0328574 0.00442706 0.154479 0.0082044 0.00138725 0.00721009 8.81783e-05 3.89703e-05 0.000490017 1.29857e-05 5.96363e-05 0.000234078 0.00283157 0.730091 0.00753935 0.00020388 2.12618e-07 0.00926276 0.0319091 0.00190956 0.00106332 
0.00238037 1.53665e-06 5.9858e-09 0.00163742 0.0709377 0.003906 0.00299777 0.00292904 0.000902692 0.00150119 0.000170984 8.53943e-06 0.00237633 0.00563047 0.000603584 4.62825e-07 0.000736702 0.855201 0.000267728 0.000349157 4.47706e-07 0.00883972 0.0336208 0.00410134 0.00089904 
0.0057562 1.13488e-05 4.73073e-08 0.00117143 0.123542 0.0155184 0.0100003 0.00283249 0.0038291 0.0466919 0.00018298 0.00037206 0.00458393 3.73098e-06 0.00643295 4.93244e-06 0.0326881 0.396926 0.0348843 0.000846134 1.24967e-05 0.000633899 0.102945 0.207708 0.00242274 
0.00561211 3.05048e-12 2.30656e-10 0.002545 0.0120423 3.00963e-11 0.000305506 0.00346671 6.11128e-05 6.62292e-06 1.09084e-05 2.84525e-06 1.71716e-05 2.72903e-05 3.3875e-05 2.78878e-06 0.000513931 0.959356 7.40329e-05 0.000176019 4.23749e-07 0.00014031 0.0154553 0.000145027 4.70971e-06 
0.0159474 0.00036763 1.28814e-09 0.00310309 0.132382 0.0268029 0.00920679 0.0510481 0.0124045 0.00420252 0.0392422 4.71047e-06 0.0467673 0.00294073 0.000355397 1.79971e-08 0.0207379 0.575938 0.00909424 0.00569231 1.45219e-07 0.0195388 0.0144961 0.00853754 0.00118917 
0.00181026 1.1324e-12 1.08082e-08 0.00212778 0.0539353 0.00452135 0.00364281 0.000721827 0.0010049 0.000982276 2.07117e-05 1.17162e-06 0.00411495 3.28871e-09 5.00483e-06 2.89768e-07 0.000557689 0.812897 0.000227156 0.000441509 4.51381e-10 0.0313152 0.0806063 0.000703693 0.000362697 
0.00896505 0.00141198 3.95326e-08 0.0221849 0.157754 0.0102462 0.0512095 0.0170812 0.00383468 0.0077371 0.00244668 6.61786e-05 0.00367182 0.000271457 0.002787 9.63352e-05 0.00126007 0.607421 0.00753704 0.000997714 2.45391e-06 0.00633153 0.0752495 0.0101041 0.00133279 
0.00181026 1.1324e-12 1.08082e-08 0.00212778 0.0539353 0.00452135 0.00364281 0.000721827 0.0010049 0.000982276 2.07117e-05 1.17162e-06 0.00411495 3.28871e-09 5.00483e-06 2.89768e-07 0.000557689 0.812897 0.000227156 0.000441509 4.51381e-10 0.0313152 0.0806063 0.000703693 0.000362697 
0.00690835 0.00062291 1.53341e-08 0.00209517 0.0657253 0.012327 0.0174345 0.00445053 0.00121488 0.00467602 0.000233068 8.08095e-05 0.00102288 4.09119e-05 0.000992532 6.83633e-06 0.00218394 0.826796 0.00366843 0.000277197 0.000367622 0.00918244 0.0243424 0.00816184 0.00718881 
0.000305245 7.6431e-05 6.64598e-12 0.000429842 0.398496 0.023303 0.0287624 0.0271639 0.00411686 2.78021e-05 0.000786723 2.72402e-05 0.0029511 2.35044e-07 5.33641e-05 6.57372e-09 0.0105408 0.481434 0.000996559 0.000358209 1.07653e-09 0.000225102 0.0166642 0.00323059 5.04968e-05 
0.000102952 8.52225e-06 6.74e-11 0.000113754 0.0761626 0.00425417 0.00847419 0.00639373 0.00232221 1.54425e-05 5.13468e-06 1.39063e-06 4.03358e-05 8.09269e-05 1.66739e-05 3.86052e-09 0.000169721 0.898106 1.24081e-05 6.71566e-05 6.32486e-10 0.00257881 1.13578e-05 0.000972049 9.07187e-05 
0.0196491 6.73195e-05 0.00108113 0.0269927 0.222986 0.0684792 0.0590736 0.0252875 0.00223414 0.00525605 0.00258048 1.78531e-05 0.00157867 0.000455497 0.11214 0.000587471 0.00518828 0.228214 0.00471199 0.025115 2.40884e-06 0.00476229 0.14406 0.0394009 7.89241e-05 
0.00181026 1.1324e-12 1.08082e-08 0.00212778 0.0539353 0.00452135 0.00364281 0.000721827 0.0010049 0.000982276 2.07117e-05 1.17162e-06 0.00411495 3.28871e-09 5.00483e-06 2.89768e-07 0.000557689 0.812897 0.000227156 0.000441509 4.51381e-10 0.0313152 0.0806063 0.000703693 0.000362697 
0.0397898 0.000201534 1.49361e-07 0.0070974 0.160233 0.0501221 0.0289074 0.0148267 0.00234723 0.00312722 0.0028415 7.74956e-06 0.0268845 0.00179591 0.000841341 2.07742e-05 0.00902959 0.529432 0.00567483 0.000934755 3.66885e-06 0.0276287 0.0725258 0.0103804 0.00534649 
0.00379198 0.000262364 7.55752e-10 7.53648e-07 0.172157 0.0112101 0.0165959 0.0108862 1.5268e-05 0.000138574 0.000184976 8.42068e-07 5.61149e-05 6.24546e-10 4.6087e-10 1.5112e-05 0.00561531 0.76963 0.000436459 1.50007e-10 4.6307e-10 0.00715494 0.000628147 0.00121786 1.82273e-06 
1.42434e-05 1.17181e-05 3.26003e-09 9.82937e-06 0.0420167 0.0224854 0.0132116 0.00269097 0.00319127 0.027153 9.65988e-06 2.71058e-06 9.20329e-06 0.239618 1.87642e-05 1.07657e-05 5.16049e-05 0.31671 0.00189928 0.00785659 1.76e-06 0.266857 0.0510176 0.0051313 2.07099e-05 
