0.339183 3.66501e-06 2.98312e-06 0.30132 0.0206827 0.0100169 0.00035998 0.0262802 0.144477 4.9047e-06 0.00596166 7.89265e-10 1.02528e-06 0.000101669 0.0134735 6.50561e-09 0.0423734 4.87337e-10 7.62245e-10 0.0226371 2.98482e-09 0.00690002 0.0548888 0.00587406 0.0054584 
0.000590433 3.77332e-05 2.11572e-07 5.45446e-05 9.90617e-06 1.90391e-08 2.58545e-05 8.53891e-05 4.34173e-05 9.3345e-05 4.16648e-05 0.000174707 4.40403e-08 1.74841e-07 1.92468e-05 2.82549e-07 0.000139639 2.11658e-08 0.000201158 6.17021e-05 8.74437e-05 0.000191951 0.000184842 0.997956 1.21239e-07 
0.00274437 1.89274e-07 9.77257e-10 0.00537692 0.00103754 0.000685273 0.00115706 0.00727962 2.47821e-10 0.00515915 4.19281e-10 0.00067961 2.8158e-07 6.15363e-07 8.94846e-06 1.3051e-09 0.000716282 9.77657e-11 0.00470961 2.31082e-06 5.98792e-10 1.37513e-10 0.0196155 0.950826 7.05344e-07 
3.65356e-07 1.91317e-10 2.32278e-10 0.00629395 0.98787 2.09024e-11 2.48119e-07 0.00432297 2.6978e-06 5.63222e-11 6.1797e-07 3.76339e-11 4.83505e-11 2.68925e-07 1.41647e-10 3.10201e-10 3.4584e-11 2.32373e-11 2.61724e-07 3.73489e-07 1.42323e-10 0.00150592 1.91412e-07 2.29686e-07 1.43766e-06 
0.00907264 2.6289e-06 3.19174e-06 0.0820568 0.00015199 6.79265e-05 7.41014e-07 0.000107868 8.09387e-07 0.00536309 4.74385e-05 5.17128e-07 0.000891286 2.63762e-06 0.00726551 4.26249e-06 0.000208837 3.19304e-07 4.99425e-07 0.00022524 1.95566e-06 0.00140254 1.40645e-07 0.87297 0.0201514 
0.543179 0.000389801 1.87975e-11 0.00175951 5.18383e-09 0.00391124 1.26604e-08 0.00146462 4.76682e-12 0.000215456 8.06486e-12 1.70584e-08 2.03507e-08 1.55341e-11 1.1463e-11 2.26183e-08 0.00804482 1.88052e-12 8.58896e-08 3.69412e-08 1.15177e-11 8.91413e-08 0.441035 4.49394e-08 1.07717e-11 
0.00118951 5.60169e-06 6.801e-06 0.000659277 0.00289152 0.000634619 0.000838176 0.000769895 0.000411137 0.000791668 0.000109705 8.10289e-05 0.000303876 0.00306685 0.910531 4.50176e-05 0.000354907 6.80378e-07 0.00199645 0.000628458 3.57677e-05 0.000899579 0.00106526 0.0726694 1.41768e-05 
0.313356 8.42407e-07 9.3119e-10 2.44826e-07 0.000484126 0.00105098 5.25195e-07 0.000105976 1.80786e-07 0.0156296 0.0182661 5.9435e-05 7.60258e-06 6.00043e-07 0.000125695 1.24358e-09 5.47721e-06 1.50463e-07 1.73108e-06 1.30608e-06 0.495612 4.85451e-06 5.35626e-06 0.155232 4.95399e-05 
4.24872e-06 8.53388e-06 1.25807e-08 0.178771 0.00436462 0.0517588 2.92081e-09 0.00489994 0.0351016 0.00103523 5.04087e-07 2.0736e-06 3.79919e-06 8.34836e-06 0.0159786 1.68012e-08 1.87314e-09 1.25858e-09 1.88435e-06 4.0078e-06 5.71435e-06 0.0189392 0.0123519 0.67676 7.2092e-09 
0.152974 8.62552e-06 8.19924e-08 0.352761 0.00261554 0.000935462 0.00043006 0.000458213 0.00338673 2.64322e-05 0.000523187 8.65686e-05 0.00132498 1.05456e-05 0.426449 5.41058e-06 0.00674236 3.73437e-07 0.0143342 0.000918421 1.84979e-05 0.00330485 0.0176449 0.0136105 0.00143 
0.959727 1.0173e-06 1.2351e-06 0.00672088 2.19814e-05 0.00292115 1.31614e-05 1.1e-05 4.54569e-06 9.22625e-05 2.32187e-05 0.000246559 2.63321e-05 0.000121314 0.000215663 1.64945e-06 0.0145234 8.81714e-07 0.000436232 0.000580469 9.91314e-07 0.000355294 0.00715591 0.00672414 7.33033e-05 
0.120252 5.85044e-05 0.13676 0.0387021 0.00215243 0.00230939 4.94222e-05 0.0020461 0.00102438 0.000602432 0.000767421 8.73676e-08 0.00231918 2.57563e-05 0.00232523 1.53043e-05 0.00173874 1.80274e-07 0.00125397 0.673805 1.12514e-07 0.00599171 0.00555581 0.00210824 0.000136957 
0.0598167 2.25093e-07 0.0073846 3.11186e-08 0.0553033 0.00139032 7.57627e-05 3.35468e-08 0.0227845 0.000553498 1.1725e-07 4.42779e-08 0.000665214 2.2584e-07 0.035686 3.64965e-07 4.06895e-08 2.73397e-08 4.27621e-08 4.27619e-05 1.67449e-07 3.84549e-08 0.0195908 0.791136 0.00556882 
1.4508e-06 1.55747e-05 1.89093e-05 2.15317e-06 0.00115956 0.00765896 4.39009e-06 2.32118e-06 0.969104 4.58507e-06 8.11281e-06 3.0637e-06 3.93611e-06 1.56264e-05 1.15312e-05 2.52528e-05 0.011546 1.8917e-06 2.95881e-06 3.75323e-06 1.15862e-05 0.0103797 8.3324e-07 2.79037e-06 1.08357e-05 
0.00399808 8.00831e-10 9.72287e-10 7.75102e-07 0.00648225 5.69599e-06 0.277518 9.19022e-06 1.97272e-06 0.0586932 0.0134339 1.57531e-10 0.0169519 8.03489e-10 5.92917e-10 3.50716e-06 0.13706 9.72685e-11 0.0712726 2.81779e-06 5.95747e-10 0.104186 0.278708 0.0316725 5.57158e-10 
0.0219026 0.000793043 0.082721 0.00157798 0.0141085 0.00136319 0.00249891 0.0349203 0.0465205 0.00818452 0.00568316 0.00258415 0.0569087 0.000211016 0.00719564 1.11021e-05 0.0767306 0.000177119 0.0027717 0.005945 0.263157 0.00954862 0.0642415 0.290144 0.00010013 
0.00765282 1.13801e-06 1.71059e-12 3.52479e-10 0.000512354 1.53934e-13 0.000667622 7.41472e-05 0.989263 1.46277e-05 1.95129e-08 9.14322e-07 2.08261e-09 1.84307e-05 7.07026e-06 1.80109e-06 0.00104614 1.71129e-13 0.000599639 2.27242e-09 8.87124e-09 4.49873e-09 7.53777e-14 0.000118464 2.13647e-05 
0.039731 0.00187008 2.71004e-10 0.050723 0.303587 0.324785 0.000883683 0.101329 1.32233e-06 0.0052625 7.75379e-07 1.06339e-07 2.29709e-07 7.91837e-07 1.09745e-06 0.000403804 0.00160074 7.53117e-08 0.0320672 6.53042e-06 4.04039e-08 0.000818147 0.0995833 0.0357402 0.00160502 
3.06067e-08 0.000137026 3.98917e-07 6.02833e-05 0.000182742 0.331201 0.000346875 0.000217783 1.01161e-07 9.67285e-08 0.000155932 6.4633e-08 8.30378e-08 3.29661e-07 2.43266e-07 0.000222174 0.0001545 3.9908e-08 0.00057463 0.000199788 0.000114646 0.000391225 0.332589 0.000101007 0.33335 
2.14228e-06 2.29979e-05 6.71841e-05 0.000430881 8.29509e-05 0.0002675 6.48248e-06 0.00151678 0.000471714 6.77039e-06 0.00121921 4.5239e-06 0.000174716 2.30742e-05 0.000591656 3.72888e-05 4.15728e-06 2.79331e-06 0.00014567 0.993151 1.71084e-05 3.92896e-06 0.000295924 0.00119764 0.000255988 
0.0119071 2.96499e-06 7.34677e-10 0.0028003 1.65016e-08 0.125213 1.92074e-07 0.0419741 2.48291e-07 0.649059 9.63617e-08 1.19033e-10 0.0017363 6.07129e-10 4.48018e-10 0.000317985 0.0123817 7.34977e-11 0.0146827 0.0885128 4.50156e-10 0.00151502 0.0458277 0.0040687 2.59107e-07 
0.0660363 1.3393e-07 1.30429e-10 0.397054 0.00548236 0.0462265 3.52295e-09 0.0769456 0.000191762 0.0142956 2.72353e-08 4.84212e-06 1.22155e-07 7.3676e-07 9.41955e-07 1.23471e-07 0.00617711 1.30482e-11 2.36829e-07 0.00268393 9.73804e-08 0.0186377 0.358398 0.00786417 2.07434e-07 
0.039731 0.00187008 2.71004e-10 0.050723 0.303587 0.324785 0.000883683 0.101329 1.32233e-06 0.0052625 7.75379e-07 1.06339e-07 2.29709e-07 7.91837e-07 1.09745e-06 0.000403804 0.00160074 7.53117e-08 0.0320672 6.53042e-06 4.04039e-08 0.000818147 0.0995833 0.0357402 0.00160502 
0.0478162 1.469e-05 8.78841e-06 0.00147365 3.25548e-05 0.000434464 0.000244309 0.028287 3.79686e-05 3.17003e-06 0.00111837 3.77897e-05 1.6898e-05 3.61662e-07 0.00392767 8.59287e-06 0.0681013 1.67212e-06 0.000568525 2.87382e-05 5.8022e-05 0.000542483 0.0323038 0.81492 1.26461e-05 
0.339547 1.04003e-07 0.00108338 0.153429 0.0266292 0.00266462 2.92377e-07 0.00403527 0.174923 0.0390257 0.00339384 0.000716619 7.02235e-05 6.50061e-08 0.0193363 1.16673e-07 0.000169499 9.12461e-09 1.48009e-07 0.00478977 1.53494e-10 0.0151583 0.0615868 0.14649 0.00695053 
0.310106 3.51055e-08 3.63961e-11 0.158222 0.0481639 0.0387721 5.04506e-07 0.0280079 0.0032427 0.00154207 0.0123907 4.82047e-08 0.000621144 0.000491547 0.00041809 1.25265e-05 0.000188923 3.6411e-12 0.0162801 0.0604 1.90786e-08 0.0737028 0.228004 0.0194328 6.21981e-09 
0.086249 0.000339593 7.56385e-08 0.248039 0.0133316 0.26081 4.35739e-06 0.129733 0.00129431 0.000417164 3.43815e-06 1.21853e-10 0.00685835 6.21514e-10 0.00225184 1.00439e-09 3.79208e-07 7.52391e-11 0.000906353 0.122051 7.25003e-07 0.013244 0.112079 0.00181542 0.000572553 
0.00183135 4.6769e-09 5.67822e-09 0.391636 0.0651901 0.11167 3.99561e-05 0.00298488 0.050647 1.63903e-07 0.00348731 9.1999e-10 1.18197e-09 4.43612e-07 1.3218e-06 7.58312e-09 8.45433e-10 5.68054e-10 0.00833873 0.00804298 3.4792e-09 0.324475 0.0316438 9.9946e-06 6.82541e-08 
0.192795 0.000146601 6.34909e-07 0.10583 0.00147574 0.147818 0.000103608 0.015812 0.000247483 0.00957651 0.00179519 0.00196736 0.0101472 0.00143182 0.000323016 4.98729e-05 0.0369565 2.12241e-05 0.25059 0.10846 2.14193e-06 0.0121908 0.101312 0.000720502 0.000225594 
0.000828198 2.5206e-05 2.21408e-08 0.0170508 0.0028988 0.783763 0.000162702 0.0089022 0.000700445 0.00225569 3.16342e-05 1.25404e-05 0.00139836 1.11366e-05 1.01117e-05 1.58747e-05 0.000511578 9.66132e-06 0.0741936 0.00173313 8.18911e-06 0.0222233 0.0831031 7.81855e-05 7.21962e-05 
0.234287 0.000794113 2.01555e-07 0.15945 0.00762772 0.0652727 0.000580488 0.00598953 3.63008e-05 0.401043 0.000891732 0.0139339 0.00397949 3.85501e-05 5.15056e-05 2.89597e-06 0.00430167 3.13388e-05 0.00999381 0.013454 0.000450109 0.0115873 0.0348013 0.0293822 0.00201873 
0.0385054 0.000540228 3.99218e-10 0.00320395 0.016779 0.0049032 0.00621644 0.00651905 0.00390998 0.592063 0.00164789 0.0100989 0.000407109 2.42761e-05 0.0010406 2.68957e-07 0.00690189 4.49449e-06 0.0385082 0.00644441 1.83566e-05 0.0591365 0.0657921 0.137145 0.000190099 
2.05506e-06 5.31721e-07 6.28046e-06 0.0116116 0.00343779 1.06852e-06 0.202971 0.0104979 0.00411859 2.83531e-06 0.00014305 3.80499e-07 1.27311e-06 3.00502e-07 0.0365422 2.65163e-07 1.02789e-06 6.98129e-10 3.41009e-07 4.93709e-05 1.21659e-07 0.00083227 0.00150117 0.728203 7.59699e-05 
0.121782 1.03834e-07 0.108249 0.111337 0.0203619 1.99834e-05 0.0622349 0.0154094 0.0280164 0.0228694 4.00582e-06 0.00636727 0.00338728 1.01977e-06 0.000167682 0.000196901 0.00670774 1.59615e-07 0.163921 0.00434158 1.26877e-07 0.0225223 0.0247442 0.261618 0.0157403 
0.000332171 7.04788e-05 1.35315e-05 0.000280361 2.10175e-05 3.58476e-05 2.35337e-05 0.000132053 2.07375e-05 6.77874e-05 0.000103134 6.90192e-06 1.50494e-05 1.11823e-05 0.998243 3.91681e-05 4.09654e-05 7.80171e-06 4.68092e-05 0.00014153 2.45528e-05 6.46793e-05 0.000170088 7.95783e-05 7.75408e-06 
1.34876e-05 1.01247e-08 1.22923e-08 2.04372e-05 0.143087 1.10617e-09 1.91237e-05 0.049217 3.11719e-09 3.428e-05 5.27389e-09 1.99161e-09 2.78928e-05 1.01583e-08 2.54941e-05 1.64161e-08 0.034537 1.22974e-09 1.92343e-09 3.02566e-05 7.53184e-09 3.46111e-06 0.00979022 0.763194 7.04397e-09 
0.00307962 0.000179846 4.8387e-08 1.59593e-05 6.09037e-05 8.70254e-06 9.58806e-05 0.110204 1.84127e-07 0.00439814 2.01613e-05 4.11689e-07 0.000111957 5.90541e-07 5.10788e-06 5.86176e-07 1.63655e-05 1.46182e-07 0.000456404 5.23633e-05 9.79786e-07 0.854124 0.0271486 1.96998e-05 2.77276e-08 
0.0502716 0.000179653 1.79708e-06 0.0908334 0.0116172 0.000766923 5.81261e-05 0.091405 0.00178999 3.59848e-05 0.000304846 8.44835e-05 7.40322e-05 2.62668e-05 0.488302 1.84192e-05 0.00241394 1.79782e-07 0.00185762 0.085827 1.91776e-06 9.58702e-05 0.154045 0.0197632 0.000225754 
0.0155049 1.15939e-06 1.38274e-10 0.159115 0.3351 0.116722 0.000854609 0.0794747 0.048167 0.120197 0.00987301 3.97514e-05 3.61256e-07 5.25024e-09 4.09403e-07 0.0072353 0.0132088 1.38331e-11 0.000618795 0.0262833 1.10519e-07 0.021402 0.040886 0.00531577 8.79747e-07 
2.11488e-05 6.65918e-05 5.61529e-09 0.0239469 7.36121e-06 0.127158 6.00317e-07 0.517796 1.42397e-09 5.60463e-05 1.12104e-05 1.25803e-06 0.000122558 0.302647 1.7083e-06 7.49908e-09 1.17571e-05 5.61759e-10 1.83365e-05 1.33802e-05 2.66925e-07 0.0248299 0.00328886 1.12717e-06 3.21778e-09 
0.039731 0.00187008 2.71004e-10 0.050723 0.303587 0.324785 0.000883683 0.101329 1.32233e-06 0.0052625 7.75379e-07 1.06339e-07 2.29709e-07 7.91837e-07 1.09745e-06 0.000403804 0.00160074 7.53117e-08 0.0320672 6.53042e-06 4.04039e-08 0.000818147 0.0995833 0.0357402 0.00160502 
0.250813 0.00168468 2.86868e-07 0.0352001 0.0122674 0.000737525 2.41383e-06 0.00632323 0.000168312 0.0242454 0.000567077 0.000116229 0.0410082 1.79281e-06 0.000397251 3.83106e-07 0.0338844 1.49058e-07 0.00166301 0.55615 1.75772e-07 0.00097984 0.000309429 0.0297113 0.00376859 
7.45274e-05 8.20532e-05 5.01317e-06 6.6747e-05 0.00150991 8.22427e-05 0.00012561 0.00290088 1.66943e-05 0.000412225 2.15084e-06 6.42797e-06 1.04353e-06 8.23254e-05 0.000236362 6.69496e-06 3.21792e-05 5.01522e-07 0.00013296 9.95047e-07 1.94824e-05 8.62862e-05 0.00138126 0.992733 2.87274e-06 
0.00253483 5.81445e-07 7.0593e-07 0.00110937 0.00107416 6.35258e-08 1.63893e-07 0.00327567 0.00211256 0.000599274 3.02872e-07 0.000183116 0.0011904 5.83374e-07 0.00331519 9.42753e-07 0.957549 7.06219e-08 0.00195524 7.01991e-05 4.32543e-07 0.00248345 0.00579216 0.0167508 4.04525e-07 
1.10834e-07 1.18984e-06 1.44458e-06 0.000121787 0.00177275 0.00805839 3.62062e-05 0.0333747 3.66328e-07 3.50278e-07 0.0442495 2.34052e-07 3.007e-07 0.000117772 0.0334862 3.37795e-05 0.00417115 1.44517e-07 2.26039e-07 2.86729e-07 0.000147367 0.0936708 0.00303708 0.775818 0.00189938 
0.170804 7.34919e-05 3.12376e-09 0.0140233 1.16861e-05 0.00280821 2.16275e-05 0.000139623 4.52815e-07 0.422769 1.25725e-06 3.13015e-05 0.298323 3.87003e-05 0.000646018 6.60654e-06 0.00329009 3.2739e-08 0.0047354 0.0468163 1.62657e-05 0.00617981 0.00387576 0.0253874 2.75242e-09 
0.142747 0.000526809 1.13277e-05 0.0246191 0.000120132 0.00766402 2.45584e-05 0.00207171 1.6642e-05 0.464257 0.000433756 0.0204198 0.000980846 7.83182e-06 7.18257e-08 0.00128248 0.0275501 7.36343e-07 0.00701062 0.112758 0.165916 0.0104973 0.00312475 0.00795061 8.91407e-06 
5.14384e-05 4.56329e-08 5.54028e-08 0.000334996 0.000103821 0.000153562 1.28627e-08 0.000420983 1.40495e-08 0.000201523 2.377e-08 8.97642e-09 0.00016608 0.00010535 0.000821023 4.44675e-05 8.24895e-09 5.54255e-09 8.66912e-09 0.000306819 3.39468e-08 0.000201142 0.000380607 0.996708 3.17479e-08 
0.0180002 1.06645e-05 5.5037e-09 0.00904572 0.000512736 0.000222074 4.8765e-05 0.0144329 0.000241469 0.016005 7.39211e-06 0.000293335 0.000549917 4.5482e-09 0.000392483 3.56722e-06 0.152151 4.41863e-08 0.00485086 8.22921e-08 0.0116488 0.0102111 0.0438197 0.710276 0.00727579 
0.00866508 9.84813e-05 1.43774e-08 0.0162429 0.0182704 0.00104546 0.00090637 0.00902604 0.0171341 0.00592938 0.000822849 0.000200012 0.00149717 4.48796e-08 0.856798 1.51202e-07 0.00058438 4.42267e-08 0.00217366 0.00994811 2.29008e-07 0.000307191 0.0010797 0.0287555 0.020515 
0.00048419 1.03938e-06 1.2619e-06 1.43692e-07 0.000148259 1.13557e-07 2.92972e-07 0.00164213 3.20004e-07 0.000826462 5.41406e-07 0.000184214 0.000972162 0.00312953 7.6953e-07 1.68524e-06 0.984895 1.26242e-07 1.97456e-07 2.50471e-07 7.73203e-07 1.77567e-07 5.56061e-08 0.00770948 7.2312e-07 
0.0149018 0.000671586 0.00254304 0.0356694 0.0018295 0.00432279 0.0207842 0.267381 0.000643127 0.0342622 0.0131712 0.000205399 0.0161363 1.48161e-07 0.0324446 4.6245e-06 0.202079 2.33933e-06 0.00887468 0.183784 9.77986e-05 0.0115232 0.110925 0.0371475 0.000595885 
0.00164515 1.24451e-07 9.46542e-10 0.000714108 0.089945 0.0342476 8.82863e-07 0.0152928 0.8135 0.000380707 6.60974e-07 3.32385e-08 1.82724e-07 4.56801e-05 5.77217e-10 1.49044e-06 1.40931e-10 9.4693e-11 0.000232538 0.000205632 7.418e-08 0.00940895 0.0109962 0.0231877 0.000194056 
0.170868 3.45241e-05 0.000169496 0.316548 0.0059384 0.0190056 7.28352e-05 0.008262 0.01003 0.190597 0.00172742 0.0518089 0.0086342 4.54684e-05 0.000453913 2.03528e-09 0.00263786 1.61127e-05 0.000901923 0.154767 9.33802e-10 0.023309 0.0292477 0.00490275 2.15286e-05 
0.00117833 2.39784e-05 8.53177e-06 0.000751448 0.000627374 0.000188443 1.08747e-05 0.000735046 4.13164e-05 0.00149654 9.8257e-05 1.90784e-05 5.32381e-05 4.22864e-05 0.00130819 0.000137173 0.00119042 3.51268e-06 0.0189482 8.06181e-05 4.9265e-05 0.0011696 0.000422657 0.95482 0.0165961 
4.87682e-06 0.00743791 2.39595e-07 0.366569 0.0112489 0.11774 4.00209e-06 0.0619484 0.000220822 1.2871e-05 0.0684444 2.23178e-07 0.0121759 1.2867e-06 5.24185e-08 1.20012e-06 0.0502114 3.8298e-08 0.000534067 0.00991929 3.30105e-06 0.0103099 0.279417 0.00369148 0.000103916 
0.00349697 2.52107e-09 3.06082e-09 5.47231e-06 1.16121e-05 0.221249 7.10621e-10 0.493763 6.83122e-06 7.42182e-10 1.31453e-06 8.9315e-07 3.82918e-07 0.0101324 0.145351 3.27421e-06 2.18795e-06 3.06208e-10 6.32249e-06 0.125808 9.39598e-07 5.55645e-06 2.44139e-06 5.77696e-05 9.50667e-05 
0.0515274 0.0119535 9.25537e-08 0.000432062 0.0899175 0.040707 7.4968e-05 0.0906492 0.00591073 0.0300327 0.0037373 9.76739e-05 0.00228176 9.72278e-05 0.00118854 1.23603e-07 0.0025354 3.12331e-05 0.00906803 0.00187374 0.00184467 0.0162811 0.0185256 0.620428 0.00080493 
0.164838 0.000867016 0.000196325 0.0996597 0.0169702 0.0106146 0.00177418 0.0103582 0.00156122 0.450178 0.0105344 0.0283045 0.00562511 0.000154966 0.000943662 2.57366e-05 0.0151905 3.69562e-05 0.00339203 0.0781877 0.002242 0.00950938 0.033526 0.055249 6.01415e-05 
0.350679 0.00204332 1.44276e-09 0.0832911 0.0203276 0.00451869 0.000240764 0.00780208 0.00612659 0.180381 0.00443593 0.000135355 0.00534583 0.000493631 0.00074128 0.000117981 0.0148997 1.9392e-05 0.00207522 0.0163363 8.76357e-05 0.0308982 0.195921 0.0727463 0.000336286 
0.195336 8.74321e-06 0.00416795 0.186747 0.0382996 0.00365613 0.000878542 0.013611 0.246664 0.096627 0.00345316 0.00047955 0.000741599 2.07293e-10 0.0143387 5.77222e-06 8.50965e-05 2.50945e-11 3.92503e-11 0.00603746 1.53698e-10 0.013737 0.0306967 0.13491 0.00951907 
1.27161e-06 0.000216119 3.77108e-05 0.0296727 0.068641 1.78587e-05 0.0121682 0.49787 0.080108 0.140118 1.98801e-05 6.79305e-06 8.12484e-09 3.22557e-08 5.85061e-05 1.3773e-05 2.95481e-05 3.90481e-09 2.14962e-06 2.01368e-05 2.3916e-08 5.58947e-06 6.64179e-06 0.0806557 0.0903306 
0.01891 3.98503e-05 1.14394e-06 0.0249981 0.00274708 0.0742667 0.00016014 0.00304332 0.000813023 0.827628 0.000292213 2.58471e-06 0.000350153 9.45343e-07 1.85581e-05 1.52771e-06 0.00276164 3.65473e-07 6.45203e-05 0.0165328 7.00925e-07 0.0251826 0.00108658 0.0010732 2.43462e-05 
0.00399808 8.00831e-10 9.72287e-10 7.75102e-07 0.00648225 5.69599e-06 0.277518 9.19022e-06 1.97272e-06 0.0586932 0.0134339 1.57531e-10 0.0169519 8.03489e-10 5.92917e-10 3.50716e-06 0.13706 9.72685e-11 0.0712726 2.81779e-06 5.95747e-10 0.104186 0.278708 0.0316725 5.57158e-10 
0.170804 7.34919e-05 3.12376e-09 0.0140233 1.16861e-05 0.00280821 2.16275e-05 0.000139623 4.52815e-07 0.422769 1.25725e-06 3.13015e-05 0.298323 3.87003e-05 0.000646018 6.60654e-06 0.00329009 3.2739e-08 0.0047354 0.0468163 1.62657e-05 0.00617981 0.00387576 0.0253874 2.75242e-09 
0.313356 8.42407e-07 9.3119e-10 2.44826e-07 0.000484126 0.00105098 5.25195e-07 0.000105976 1.80786e-07 0.0156296 0.0182661 5.9435e-05 7.60258e-06 6.00043e-07 0.000125695 1.24358e-09 5.47721e-06 1.50463e-07 1.73108e-06 1.30608e-06 0.495612 4.85451e-06 5.35626e-06 0.155232 4.95399e-05 
0.136667 0.00130819 0.000720156 0.0172313 0.0018466 0.0451808 1.71431e-05 0.00415161 7.70661e-07 0.00713799 0.00139295 0.00324829 0.02855 5.77389e-06 3.41898e-07 8.78781e-06 0.00484535 8.81158e-09 0.00602767 0.687556 1.55022e-08 0.0331446 0.020146 0.000809931 3.20071e-06 
0.170804 7.34919e-05 3.12376e-09 0.0140233 1.16861e-05 0.00280821 2.16275e-05 0.000139623 4.52815e-07 0.422769 1.25725e-06 3.13015e-05 0.298323 3.87003e-05 0.000646018 6.60654e-06 0.00329009 3.2739e-08 0.0047354 0.0468163 1.62657e-05 0.00617981 0.00387576 0.0253874 2.75242e-09 
0.0864417 0.000614206 5.11372e-06 0.000637744 0.00390826 4.60177e-07 1.18723e-06 0.0269663 0.00362364 0.0509917 0.000672985 8.2853e-07 0.000275128 4.22593e-06 0.00326487 0.749041 7.61384e-07 5.11581e-07 8.00166e-07 1.01501e-06 3.13331e-06 0.00048704 0.0681626 0.0048917 2.93036e-06 
1.84467e-05 5.5067e-05 3.15002e-06 0.0995002 0.0805215 0.000105991 6.14194e-05 0.0689176 0.000335443 9.78056e-07 2.7287e-05 7.7688e-07 4.05025e-05 0.0317543 0.00376549 3.10841e-06 0.159129 6.58486e-09 2.71285e-06 0.0012093 4.01594e-06 0.240729 0.0119144 0.297967 0.003934 
4.58821e-06 7.8348e-06 9.51221e-06 0.00176241 0.000490605 8.55992e-07 2.20842e-06 0.0146849 0.000515054 0.000426332 0.000178105 7.82935e-05 9.93578e-06 0.000165599 0.0025423 1.27033e-05 0.00229986 9.51611e-07 6.40011e-05 0.950375 5.82839e-06 0.0248793 2.9493e-05 0.00144848 5.45086e-06 
0.0119043 0.000446562 3.03555e-05 0.321031 0.06665 0.02032 0.00033063 0.00515904 0.00119979 0.011004 0.0181065 7.32999e-05 0.000791213 2.16176e-06 0.188102 3.26807e-05 0.0230776 1.94878e-06 0.00154277 0.0158392 0.000103047 0.036617 0.0205951 0.254146 0.00289428 
0.120252 5.85044e-05 0.13676 0.0387021 0.00215243 0.00230939 4.94222e-05 0.0020461 0.00102438 0.000602432 0.000767421 8.73676e-08 0.00231918 2.57563e-05 0.00232523 1.53043e-05 0.00173874 1.80274e-07 0.00125397 0.673805 1.12514e-07 0.00599171 0.00555581 0.00210824 0.000136957 
0.00241511 4.41608e-09 9.84481e-08 0.176201 0.0514394 0.000968605 0.00381762 0.0305857 0.00323146 2.02226e-07 0.00299047 1.30267e-06 0.100609 1.14572e-06 0.0260544 7.16022e-09 5.39698e-07 5.36375e-10 0.00194922 0.25946 3.28517e-09 0.11779 0.179945 0.038445 0.00409348 
0.0384713 3.77875e-07 5.45074e-09 0.0558012 0.0539816 0.0205592 2.66612e-06 0.00918702 0.717672 0.000237844 1.50315e-06 1.00773e-07 5.52215e-07 3.45425e-05 2.38243e-05 7.28501e-06 8.11564e-10 5.45297e-10 0.000140865 0.00148968 0.000108852 0.0056522 0.00793131 0.0845024 0.00419375 
0.28051 6.79257e-05 0.334215 0.0539257 0.00341446 0.000157999 0.00066272 0.000371942 0.01381 0.00150814 0.0144963 1.45098e-06 0.0352547 6.77264e-06 8.90677e-12 8.63841e-05 0.0154901 1.46116e-12 0.00120683 0.0167672 8.94928e-12 0.0215703 0.205769 0.000707971 1.38323e-07 
0.00139857 0.00128789 1.30194e-06 0.00446246 0.0127768 0.00526058 0.863999 0.00385177 0.0126453 0.0132909 0.0233493 0.000633035 0.00138242 1.07591e-06 0.0125451 1.73871e-06 0.00587372 1.30247e-07 0.00766005 0.0151952 7.97732e-07 0.000714664 0.00193343 0.0115851 0.000149958 
1.81307e-08 0.00362448 7.8508e-10 8.93961e-11 4.00858e-11 7.06483e-11 1.02089e-06 0.00452393 1.99087e-10 1.21852e-06 3.3683e-10 0.000854424 1.96269e-07 5.84553e-07 2.39425e-06 1.04845e-09 1.16891e-10 7.85401e-11 9.70596e-07 1.55828e-10 7.70142e-07 1.10471e-10 3.01008e-07 0.990989 4.05343e-07 
0.0862788 0.00765772 0.0135323 0.0541503 0.144018 0.0741834 0.00192866 0.0511768 0.00491905 0.0345547 0.00758171 0.0211547 0.0155562 0.00195252 0.00555322 4.73003e-05 0.060112 0.000771325 0.00676188 0.0246428 0.0343702 0.0778802 0.0606015 0.210527 8.84536e-05 
0.0160425 5.70262e-07 2.23569e-12 3.48354e-05 0.00306454 4.05951e-08 0.00358 0.000385576 0.970495 3.25104e-05 0.000173786 4.57645e-07 6.61984e-05 6.17321e-05 0.00048531 9.0248e-07 0.00203686 2.62107e-08 0.00233685 0.000158665 7.721e-09 0.000166385 4.57239e-08 0.000822008 5.52949e-05 
0.313356 8.42407e-07 9.3119e-10 2.44826e-07 0.000484126 0.00105098 5.25195e-07 0.000105976 1.80786e-07 0.0156296 0.0182661 5.9435e-05 7.60258e-06 6.00043e-07 0.000125695 1.24358e-09 5.47721e-06 1.50463e-07 1.73108e-06 1.30608e-06 0.495612 4.85451e-06 5.35626e-06 0.155232 4.95399e-05 
8.3147e-07 0.879618 1.83053e-06 0.0450165 0.00102446 0.0166284 7.05761e-08 2.392e-05 0.000185837 0.000137327 0.00472214 9.27279e-07 0.00549604 2.51214e-07 0.0146089 4.0597e-07 4.52611e-08 1.21435e-07 2.78247e-07 0.0295398 1.86262e-07 0.000578852 5.98905e-05 0.00235112 4.02317e-06 
0.0969843 0.00128047 0.00218945 0.0413353 0.027603 0.0281844 0.000374072 0.0165551 0.0205807 0.620445 0.002237 0.0059594 0.0214237 0.000372461 0.00166414 0.00256192 0.0219059 0.000174553 0.00708428 0.00710618 4.49768e-05 0.00363166 0.0186193 0.0508577 0.000824686 
0.00780093 4.65792e-05 1.43343e-08 0.00460172 0.00355428 0.00297083 0.000963278 0.292039 2.12611e-05 6.22798e-06 0.000182485 0.00256147 0.00773995 1.18457e-08 0.0569921 6.40811e-06 0.0173134 1.9275e-06 0.0154934 0.00315188 1.31737e-05 0.0448171 0.0220922 0.515685 0.00194529 
0.000103599 0.00399692 0.000254558 7.80021e-05 0.991061 0.000139117 0.00089949 2.40184e-08 4.96179e-08 0.00111972 0.000873135 8.5626e-05 4.07288e-08 1.61694e-07 1.19319e-07 2.61303e-07 0.00018065 1.95743e-08 0.000199036 3.88365e-08 0.000431715 2.75324e-08 8.62194e-09 0.000531299 4.49613e-05 
0.251353 0.00461685 1.91341e-08 0.147421 0.0321217 1.72185e-09 5.76555e-06 5.30803e-05 4.85217e-09 0.0180145 0.0479106 9.55174e-06 0.0642048 1.58122e-08 3.6242e-05 2.55531e-08 1.0189e-05 1.91419e-09 0.000114353 3.78826e-05 1.1724e-08 0.201719 0.0946433 0.137697 2.99295e-05 
0.0631964 0.000571865 1.06892e-07 0.0546162 0.0107405 0.0284876 0.00308851 0.00764529 0.00305906 0.128804 0.00256005 0.539403 0.00346922 0.000374474 0.0130871 2.12968e-05 0.0135548 8.75571e-06 0.00076562 0.000533434 4.2649e-08 0.00944848 0.0444455 0.0718707 0.000247939 
0.0212343 3.45975e-05 2.68922e-08 0.106418 0.00109752 0.00247083 7.69012e-06 0.0123091 0.00263615 0.00496929 0.000299031 0.00384823 0.00242848 3.66626e-06 3.08643e-05 3.59139e-08 0.0023202 1.47741e-06 0.000633509 0.811832 0.000623568 0.00747045 0.0133165 0.00594953 6.4636e-05 
0.0109647 0.000647531 7.55574e-11 7.32718e-06 2.42081e-07 2.92933e-08 2.8351e-07 2.01585e-05 3.45985e-07 0.00939104 1.45557e-07 0.00645675 0.00193503 6.24399e-11 8.48516e-06 0.000124285 0.0245184 5.38732e-09 1.50567e-06 5.98586e-08 0.587658 0.00389214 0.00383778 0.350522 1.41383e-05 
0.108909 2.22344e-08 0.0776523 0.0163998 0.0822032 0.0171036 0.00398409 0.135082 0.00206983 0.0787552 0.00532772 0.000293782 0.0478411 0.000731544 0.00182793 1.42989e-10 0.0295682 3.69198e-08 0.0202239 0.0515402 4.52239e-08 0.013954 0.0762771 0.230226 2.90427e-05 
0.0425771 0.001616 1.7337e-07 0.00453094 0.0427425 0.00503276 0.00027071 0.526327 0.120827 2.484e-06 3.4878e-06 2.07538e-06 3.60884e-08 7.20473e-06 0.0191888 2.31532e-07 2.58132e-08 1.73441e-08 0.00813793 2.58986e-05 1.06229e-07 0.0037039 1.08868e-05 0.224991 1.44026e-06 
2.56931e-08 6.79266e-08 2.00945e-07 6.45794e-09 0.00631998 0.0149944 1.19592e-11 0.00290137 0.000344879 1.24903e-11 0.975088 8.3459e-12 1.07225e-11 4.25683e-11 3.14124e-11 6.8792e-11 3.06858e-08 5.15323e-12 0.000143943 0.000206213 3.15623e-11 4.07363e-07 2.61056e-08 7.60131e-12 2.95179e-11 
0.0403259 0.488916 4.87435e-07 0.0588767 0.0145829 0.034376 4.28604e-06 0.0101247 0.000884306 0.0604901 0.0594047 0.000182312 0.0225621 8.48937e-09 0.0121679 1.37191e-08 0.0107591 1.43997e-07 0.000857974 0.16984 1.55568e-05 0.000721705 9.58109e-05 0.0146554 0.000156153 
0.0352617 0.00130624 4.05266e-07 0.028207 0.00447347 0.0095281 0.000106063 0.0140612 0.0015343 0.0626597 0.00392706 0.00845492 0.0336984 0.000465237 0.0031297 9.36448e-06 0.288589 8.56537e-05 0.0096675 0.00586589 0.0155584 0.107639 0.0704457 0.29491 0.000416422 
0.252179 0.00578102 8.33069e-08 0.00521118 0.0124667 0.00797911 0.00164704 0.00180244 1.98944e-05 0.611013 0.00191345 0.00397131 0.00406613 2.78848e-05 0.000515684 4.29828e-06 0.0247269 9.06578e-07 0.00389177 0.00391607 1.20407e-06 0.00766716 0.0285979 0.0225729 2.78178e-05 
2.1411e-05 1.48675e-09 1.80506e-09 0.340375 0.105982 1.62435e-10 4.19073e-10 1.03479e-05 1.98206e-05 2.58278e-06 7.74439e-10 2.92457e-10 0.014684 1.49168e-09 0.453079 2.41061e-09 0.0140982 1.80579e-10 0.00652719 1.14295e-05 1.10601e-09 7.67577e-05 3.99302e-06 0.0651081 1.03437e-09 
0.481654 3.04161e-07 2.42017e-09 0.144823 0.000974722 6.05666e-05 0.000102583 0.00225581 0.00136301 0.0154007 1.47454e-05 7.9172e-07 0.000151686 1.34309e-05 0.0135506 3.23207e-09 7.14996e-06 2.42116e-10 0.0782741 0.00258457 2.13103e-05 0.00120609 0.00327873 0.253641 0.000621223 
0.72849 5.68816e-10 6.90598e-10 0.000419848 3.98784e-06 0.137596 5.13819e-06 1.41376e-05 1.64152e-05 0.000319923 2.20791e-06 5.87088e-07 0.000119287 0.0065014 8.80924e-07 9.82586e-07 0.00345174 1.99669e-07 0.0563217 0.00235295 2.41707e-07 0.0102945 0.051388 0.00261684 8.23632e-05 
0.00155423 1.51882e-05 2.14013e-07 0.0489358 0.012182 0.00229316 0.000500552 0.0585765 8.16743e-05 3.96395e-05 9.18199e-08 3.46746e-08 4.45485e-08 1.76858e-07 1.30509e-07 1.19268e-05 1.92635e-05 2.141e-08 3.43388e-05 0.000183751 1.31131e-07 0.00657505 0.0115334 0.857463 1.22638e-07 
0.0520505 9.05973e-09 2.05265e-05 5.11943e-06 3.14375e-06 9.81993e-06 2.55369e-09 0.292216 3.88481e-06 6.6631e-06 5.6369e-07 3.62449e-05 2.28961e-09 4.95396e-06 2.66223e-05 5.9594e-06 0.00723284 1.10039e-09 8.5639e-06 2.18323e-09 6.73963e-09 3.78587e-05 0.0130301 0.6353 6.30307e-09 
0.00254465 1.99387e-05 1.72413e-05 0.29599 1.22622e-05 0.589825 1.49345e-05 0.00122169 0.0409843 3.34565e-05 0.000587902 4.41518e-05 0.000148916 8.15809e-07 6.02008e-07 1.31838e-06 0.00560264 9.876e-08 0.0394396 0.0160205 6.04882e-07 0.00109372 0.00619193 0.000202206 1.4098e-06 
0.0014619 0.00623412 0.000162444 0.00167033 0.136648 0.0169359 0.00398688 0.398477 0.00450503 0.017326 0.087409 0.00168186 0.0193789 0.000110541 0.00545156 0.000176515 0.00486097 0.000161251 0.0220964 0.0577689 6.09757e-05 0.00446964 0.00463442 0.203639 0.0006922 
6.67549e-05 0.0113483 1.82121e-06 0.0477391 0.000576408 0.000937743 0.00510485 0.00189733 0.00158284 0.0783893 0.0010438 0.000356667 3.79099e-07 1.50503e-06 0.00307202 2.43218e-06 0.768481 1.82195e-07 2.84972e-07 0.00105734 1.1159e-06 0.000293471 8.02519e-08 0.0773481 0.000697592 
0.026109 5.03908e-10 6.11793e-10 0.0656555 0.0768707 0.00923605 5.31053e-07 0.126794 8.32137e-07 5.30948e-07 3.94956e-06 1.08829e-07 1.75955e-06 1.54099e-06 0.00575913 3.99134e-07 1.13358e-06 6.12044e-11 0.0054995 0.00691853 1.14594e-07 0.0121875 4.41465e-06 0.627901 0.0370538 
0.000820575 0.0039793 4.7704e-07 0.014437 0.000890759 0.0031689 0.000141787 0.0439139 0.000336281 0.000147441 5.99335e-05 1.68255e-06 0.000196399 1.35574e-06 9.0447e-07 6.74398e-07 0.00775176 1.91598e-10 0.00924219 0.901888 1.17349e-09 0.000557311 0.00189625 0.0105062 6.09137e-05 
0.0201357 3.41798e-10 4.14976e-10 0.0678835 0.104661 0.030831 5.1429e-05 0.227533 0.0148309 3.73198e-06 0.0190389 1.08377e-05 0.00307917 3.42932e-10 4.49557e-06 0.00385914 0.00481284 4.15146e-11 0.00120876 0.0760501 2.54267e-10 0.0813216 0.314063 0.0305336 8.69358e-05 
0.000555425 6.12228e-07 7.43305e-07 0.00106114 2.67195e-05 2.49378e-05 1.7257e-07 6.18859e-05 0.000192091 3.20924e-05 3.18907e-07 1.20431e-07 1.54725e-07 6.1426e-07 0.000263295 3.17507e-05 1.10671e-07 7.43609e-08 1.16308e-07 1.47536e-07 4.55443e-07 0.0221883 3.27539e-08 0.975558 4.25942e-07 
3.50385e-06 3.70263e-06 2.86363e-09 0.0697982 0.0435174 6.24954e-06 0.00152344 0.410406 0.0115384 0.00504959 0.0122407 0.00010672 1.95186e-06 2.36647e-09 0.0399168 3.22238e-07 1.53812e-06 7.18441e-08 0.00114955 0.0913933 2.26758e-06 2.29063e-06 0.0268836 0.286445 1.03063e-05 
0.0336866 0.109963 3.01158e-08 0.0289619 0.0167955 0.0146042 0.0165195 0.189348 0.271491 0.0386291 0.000184814 6.07088e-05 0.00337486 1.30037e-07 0.000223117 4.02189e-08 0.0131258 3.01281e-09 0.0721808 0.000494414 6.1709e-06 0.0361858 0.14978 0.00430534 7.92518e-05 
0.013901 5.81439e-05 1.585e-06 0.00248017 0.0464356 0.00200322 0.00306866 1.94565e-07 1.09128e-05 0.00266599 6.80026e-07 2.56803e-07 4.43842e-06 1.30983e-06 0.0607255 2.11673e-06 0.00245684 1.58565e-07 1.14692e-05 0.0392758 9.71172e-07 6.84283e-05 6.98433e-08 0.826743 8.30964e-05 
0.0881786 0.0799045 0.0354948 0.0307211 0.0202411 0.0125455 0.00526821 0.0165162 0.0111427 0.00618277 0.0151016 0.00202287 0.000447702 0.000208702 0.0293432 2.90691e-05 0.0454968 0.000157324 0.00159787 0.0157308 0.0420391 0.0123392 0.0611649 0.46768 0.000445645 
0.0345817 6.76147e-07 8.20908e-07 0.053503 0.0115808 0.104041 0.00115168 0.0366333 0.00243415 1.99052e-07 0.000635029 1.33004e-07 0.0125636 0.000114531 0.00368107 1.0963e-06 0.074955 8.21244e-08 0.0174591 0.0103259 5.02992e-07 0.0130788 0.000698826 0.622558 4.70411e-07 
0.153877 5.69733e-07 1.91851e-12 1.60593e-05 0.0117651 2.49679e-07 0.0187783 0.00247967 0.712802 0.0076004 9.80507e-05 0.0035797 0.000141448 0.00520736 0.000466097 3.32232e-05 0.0339121 1.22246e-07 0.0455429 0.000516777 8.46359e-06 0.000814248 1.82737e-07 0.00219214 0.000168458 
8.18186e-08 1.37414e-08 1.75596e-12 3.1972e-08 7.39452e-05 0.000241096 6.52321e-09 0.000898675 5.29547e-05 0.000776376 6.70581e-09 1.19494e-08 3.38472e-08 1.45111e-12 7.35317e-05 8.28362e-05 0.161114 2.05549e-09 5.22926e-07 6.41337e-09 2.63491e-05 0.736393 0.0915915 0.008675 6.98333e-08 
0.0138247 0.000532421 3.39635e-10 0.556753 0.0675229 0.0195533 2.94143e-06 0.0461608 0.0141057 8.62379e-05 0.00162894 8.00251e-06 0.0107052 0.00133338 0.00161664 1.39903e-05 0.00800006 1.15114e-07 0.00977405 0.175375 2.93959e-05 0.0211935 0.0331585 0.0185733 4.70585e-05 
0.245945 4.22486e-08 5.58352e-11 0.00329991 1.07987e-07 0.00684233 7.36334e-05 0.0274448 0.00183932 0.0012814 1.14309e-07 6.56989e-05 0.00108162 4.61416e-11 1.45358e-06 1.96343e-07 0.00595904 2.6007e-08 0.0179129 5.92367e-08 6.4757e-08 1.36294e-06 0.44194 0.24631 2.0531e-07 
0.053488 9.02018e-05 4.63514e-05 0.187702 0.0212939 0.0568828 0.00348889 0.064185 0.00187918 0.0136512 0.000888216 1.67889e-07 0.0120667 3.91791e-05 8.25268e-06 0.000103008 0.00615012 1.19268e-05 0.0032242 0.436109 1.58415e-05 0.0373335 0.0993684 0.00194853 2.56561e-05 
0.0513506 2.86857e-06 2.19284e-07 3.92679e-06 0.0966925 0.00306668 0.00111934 0.173909 7.74526e-07 0.00370614 1.09139e-06 0.0522053 3.65346e-05 1.81214e-07 0.0958343 5.50725e-05 0.00169922 7.39184e-08 1.46354e-06 1.92317e-05 1.34361e-07 8.84202e-05 5.36334e-06 0.324683 0.195518 
0.000512702 0.802087 1.03534e-06 0.0181791 0.0200967 0.000781556 3.38798e-06 0.0114451 8.91672e-06 0.000748672 0.00503214 3.52619e-05 0.00454104 3.93013e-08 0.104457 2.737e-06 0.00440885 1.30708e-06 2.57878e-05 0.00295707 0.000356527 0.000420974 0.000440683 0.0230797 0.000377033 
0.0238402 9.10726e-06 5.23936e-08 0.00412217 0.0607949 0.000134023 0.00144836 0.0399862 0.00436548 0.00899211 0.00388127 5.04128e-05 0.00023347 1.23251e-05 0.00686434 1.35672e-05 0.0345681 7.14245e-06 0.000743406 0.00326484 0.000124314 0.00253326 0.0324707 0.771506 3.40888e-05 
0.00145884 1.39652e-06 1.30324e-09 1.35934e-05 0.10319 0.144441 1.19517e-05 0.470298 1.48751e-06 3.16006e-10 1.23576e-05 1.90248e-07 1.13964e-06 3.44743e-06 9.45814e-06 1.74044e-09 3.57052e-06 1.30377e-10 7.75111e-07 0.05648 7.98529e-10 2.38416e-06 0.0147906 0.184871 0.024408 
0.00503694 0.0160594 1.53474e-07 0.0806009 0.00272109 0.143742 0.000240156 0.142616 0.000106878 0.00177015 0.000827407 1.99694e-05 0.000370754 0.000119269 0.000577375 2.04961e-07 0.0154486 1.53537e-08 4.44681e-06 0.000102141 9.65506e-06 0.460702 0.101644 0.0272523 2.84993e-05 
3.50385e-06 3.70263e-06 2.86363e-09 0.0697982 0.0435174 6.24954e-06 0.00152344 0.410406 0.0115384 0.00504959 0.0122407 0.00010672 1.95186e-06 2.36647e-09 0.0399168 3.22238e-07 1.53812e-06 7.18441e-08 0.00114955 0.0913933 2.26758e-06 2.29063e-06 0.0268836 0.286445 1.03063e-05 
0.0258939 0.00203426 0.000588828 0.122317 0.0551653 0.357087 0.000748409 0.0805945 0.0137173 0.0274555 0.00106703 2.13341e-05 0.00494646 4.52171e-06 0.00476454 2.37041e-06 0.0100584 6.9418e-06 0.00756222 0.0630865 3.38824e-05 0.133139 0.0850518 0.00357595 0.00107748 
0.0307325 5.70747e-08 6.92942e-08 0.100989 0.11571 0.00134354 0.00508877 8.50613e-09 0.0146376 0.000190143 2.97299e-08 1.05486e-05 1.44241e-08 5.72641e-08 4.75019e-05 3.16909e-06 1.03173e-08 6.93226e-09 0.00287879 0.00189537 0.00117585 0.000106143 0.725162 2.8944e-05 3.97082e-08 
9.28849e-06 1.57145e-06 1.43304e-08 3.63082e-06 5.49291e-07 1.17076e-06 7.43744e-07 6.94075e-06 7.36545e-07 0.00339155 7.67253e-07 1.35869e-06 3.84501e-06 1.18425e-08 3.21766e-06 2.86737e-06 0.585765 2.34736e-07 5.93606e-05 7.30799e-07 6.31642e-07 0.0194414 3.08788e-05 0.391266 7.93502e-06 
0.0132228 6.69683e-05 9.18041e-08 0.00517911 0.00463658 0.0536675 0.00171809 0.0421835 1.29379e-06 0.00328074 0.127025 0.000698334 1.91702e-05 7.5866e-08 0.00382442 1.22602e-07 0.113946 9.18416e-09 5.73268e-05 0.0392434 5.62508e-08 0.00189481 0.0105256 0.578763 4.62931e-05 
0.015319 0.363977 0.000133666 0.299224 0.0113707 0.0470814 0.00274322 0.0741064 7.99358e-05 0.00151814 0.000824829 0.0001262 0.0099764 3.94576e-07 0.0438767 1.45314e-05 0.0668656 4.77665e-08 4.41745e-05 0.0357776 6.73104e-05 0.00941757 0.00678775 0.0104836 0.000183786 
0.00598279 2.99325e-05 3.8078e-08 0.00399615 0.015939 0.33659 0.00122331 0.127558 0.00127368 0.000450557 0.00441833 0.028382 0.00198364 0.0370903 9.55919e-06 1.06837e-05 0.250138 7.89584e-06 0.0657576 0.00246784 5.51499e-08 0.0704373 0.0446329 0.00160287 1.69116e-05 
0.00479246 1.26549e-05 0.000340151 0.34686 0.000628795 1.20903e-10 0.0062402 0.00235248 7.0435e-07 0.000174748 0.0176271 0.000393484 0.000114651 1.11028e-09 0.13296 1.86147e-07 0.000127957 1.2062e-07 1.12297e-06 1.51587e-05 3.69013e-06 0.000379516 0.0028831 0.48409 8.70911e-07 
2.9037e-10 3.1172e-09 3.78458e-09 0.08519 0.568426 3.08218e-05 8.78652e-10 0.174572 9.59725e-10 7.15879e-06 0.0127069 1.77884e-06 7.8779e-10 3.12754e-09 9.25464e-07 4.24604e-05 0.0771869 3.78613e-10 4.74344e-07 1.78791e-05 2.31891e-09 9.58627e-06 0.0817941 1.12818e-05 2.17088e-06 
0.00274437 1.89274e-07 9.77257e-10 0.00537692 0.00103754 0.000685273 0.00115706 0.00727962 2.47821e-10 0.00515915 4.19281e-10 0.00067961 2.8158e-07 6.15363e-07 8.94846e-06 1.3051e-09 0.000716282 9.77657e-11 0.00470961 2.31082e-06 5.98792e-10 1.37513e-10 0.0196155 0.950826 7.05344e-07 
0.0780942 0.00190372 5.86373e-11 0.04769 0.104765 0.0531491 0.00145097 0.182913 0.0135968 0.00489648 0.0225831 1.13065e-07 9.11786e-07 5.81536e-07 0.0553915 1.48864e-07 7.18532e-07 3.34428e-08 0.0133317 0.14319 3.59286e-11 0.049764 0.218339 0.00893484 4.81512e-06 
9.20874e-06 2.09907e-06 1.5918e-09 0.0268016 5.52762e-07 1.43244e-10 1.44166e-06 4.76794e-06 2.42237e-06 5.21107e-06 0.00441545 2.57905e-10 3.31346e-10 1.31545e-09 1.06875e-06 2.12581e-09 7.79767e-06 1.59245e-10 1.12336e-05 3.44419e-06 4.87768e-06 7.81741e-06 3.23367e-06 0.968718 9.21287e-08 
0.0332359 2.49096e-09 4.12088e-07 0.0634242 0.00731223 2.7215e-10 0.00217421 0.00635839 4.00876e-05 1.83322e-06 1.67252e-06 4.89994e-10 0.0334599 2.49922e-09 0.00694719 4.03883e-09 3.26682e-07 3.0255e-10 0.0348178 0.0133622 1.85305e-09 0.124141 2.13544e-05 0.578458 0.0962438 
0.0454033 0.0014493 3.05352e-06 0.0296508 0.0196409 0.175972 0.000752216 0.0243108 0.00941229 0.00419559 0.000906961 0.00374042 0.0307056 0.00131594 0.000187194 1.15684e-05 0.0263088 7.58306e-06 0.0314333 0.517599 5.74427e-06 0.0528909 0.0220934 0.00172402 0.00027943 
0.0557414 0.000257082 9.00932e-06 0.00402855 0.00894408 0.00839157 0.000238358 0.00723168 0.000115927 0.0467709 0.000900091 4.29673e-05 0.000693333 1.73925e-05 0.000100823 3.72631e-06 0.581661 8.58501e-07 0.0472483 0.0153148 0.000509512 0.108973 0.0765391 0.0360933 0.000173671 
0.000820575 0.0039793 4.7704e-07 0.014437 0.000890759 0.0031689 0.000141787 0.0439139 0.000336281 0.000147441 5.99335e-05 1.68255e-06 0.000196399 1.35574e-06 9.0447e-07 6.74398e-07 0.00775176 1.91598e-10 0.00924219 0.901888 1.17349e-09 0.000557311 0.00189625 0.0105062 6.09137e-05 
0.0253249 0.000255244 3.98562e-11 0.000194914 0.0209964 0.000447916 0.028269 0.0111251 0.0777938 0.00238814 1.18245e-05 2.05123e-05 0.00294096 0.000142308 2.49732e-05 0.000620766 0.314887 9.77091e-06 0.00538972 2.12217e-07 0.00060402 0.43729 0.0320967 0.0390068 0.000158961 
0.0385054 0.000540228 3.99218e-10 0.00320395 0.016779 0.0049032 0.00621644 0.00651905 0.00390998 0.592063 0.00164789 0.0100989 0.000407109 2.42761e-05 0.0010406 2.68957e-07 0.00690189 4.49449e-06 0.0385082 0.00644441 1.83566e-05 0.0591365 0.0657921 0.137145 0.000190099 
0.00969309 2.31931e-07 6.95496e-10 0.000811726 0.0084158 0.00138529 0.0092291 0.00695183 0.935593 0.000154051 0.000443772 2.12881e-06 7.89137e-05 6.99184e-05 0.00156484 3.66567e-07 0.000814816 4.18416e-08 0.00182701 0.000584392 1.22447e-08 0.000872545 0.00461649 0.01683 6.06669e-05 
0.0132273 4.00673e-08 2.98239e-11 0.796521 0.00456515 0.0163004 0.000106971 0.00759383 0.000592528 0.000988208 2.4406e-05 3.63206e-10 0.00318487 3.95115e-05 1.10246e-05 1.55333e-08 6.33272e-07 2.98361e-12 0.0268076 0.0025077 1.82739e-11 0.0141062 0.11339 3.26329e-05 7.02205e-07 
0.103533 0.000512576 0.00103705 0.0613273 0.0227963 0.142071 0.000867231 0.0196871 0.00498348 0.0430617 0.00443694 0.00236772 0.0246745 0.000236151 0.000245581 1.62725e-05 0.0399976 0.000167421 0.0151671 0.366731 0.00124317 0.0101005 0.0734155 0.0247533 0.0365706 
