0.339183 3.66501e-06 2.98312e-06 0.30132 0.0206827 0.0100169 0.00035998 0.0262802 0.144477 4.9047e-06 0.00596166 7.89265e-10 1.02528e-06 0.000101669 0.0134735 6.50561e-09 0.0423734 4.87337e-10 7.62245e-10 0.0226371 2.98482e-09 0.00690002 0.0548888 0.00587406 0.0054584 
0.0128557 3.95919e-07 4.80684e-07 0.00357326 0.0237445 0.00130018 0.000339275 0.00823084 0.00673142 7.58165e-05 0.0018805 7.78809e-08 0.00236865 0.000155455 0.000171926 6.41942e-07 0.00147673 4.80881e-08 0.000966848 0.00577272 2.94528e-07 0.00145221 0.92335 0.00555213 2.7545e-07 
1.07089e-05 1.67765e-05 2.16571e-05 7.16939e-09 9.67986e-06 0.000157089 3.68123e-06 0.217053 6.88154e-06 0.000129609 2.70131e-08 2.38623e-06 1.3106e-08 5.20311e-08 0.0332201 7.218e-05 0.0134818 6.29876e-09 1.26808e-05 6.64477e-05 3.85784e-08 0.00700774 0.0364873 0.69224 3.60795e-08 
0.543179 0.000389801 1.87975e-11 0.00175951 5.18383e-09 0.00391124 1.26604e-08 0.00146462 4.76682e-12 0.000215456 8.06486e-12 1.70584e-08 2.03507e-08 1.55341e-11 1.1463e-11 2.26183e-08 0.00804482 1.88052e-12 8.58896e-08 3.69412e-08 1.15177e-11 8.91413e-08 0.441035 4.49394e-08 1.07717e-11 
4.24872e-06 8.53388e-06 1.25807e-08 0.178771 0.00436462 0.0517588 2.92081e-09 0.00489994 0.0351016 0.00103523 5.04087e-07 2.0736e-06 3.79919e-06 8.34836e-06 0.0159786 1.68012e-08 1.87314e-09 1.25858e-09 1.88435e-06 4.0078e-06 5.71435e-06 0.0189392 0.0123519 0.67676 7.2092e-09 
0.959727 1.0173e-06 1.2351e-06 0.00672088 2.19814e-05 0.00292115 1.31614e-05 1.1e-05 4.54569e-06 9.22625e-05 2.32187e-05 0.000246559 2.63321e-05 0.000121314 0.000215663 1.64945e-06 0.0145234 8.81714e-07 0.000436232 0.000580469 9.91314e-07 0.000355294 0.00715591 0.00672414 7.33033e-05 
2.81225e-05 7.20117e-07 1.07086e-06 0.0147273 0.00427609 0.000218095 2.71291e-05 0.0229986 7.16543e-05 4.92099e-06 0.00110507 1.41654e-07 0.00042069 2.5094e-06 0.000380758 1.1676e-06 9.04559e-06 8.7465e-08 2.19762e-06 0.0164593 0.000258107 0.00815248 0.00280532 0.928047 2.86652e-06 
0.0598167 2.25093e-07 0.0073846 3.11186e-08 0.0553033 0.00139032 7.57627e-05 3.35468e-08 0.0227845 0.000553498 1.1725e-07 4.42779e-08 0.000665214 2.2584e-07 0.035686 3.64965e-07 4.06895e-08 2.73397e-08 4.27621e-08 4.27619e-05 1.67449e-07 3.84549e-08 0.0195908 0.791136 0.00556882 
0.00842548 1.12978e-06 5.44426e-08 0.0316372 0.0102614 9.33242e-06 0.000775434 0.00286236 0.00726802 0.00245431 0.00707222 5.13644e-05 0.0004948 4.50818e-05 0.464376 2.94621e-06 0.000651552 5.44649e-09 2.93646e-05 0.00015052 2.33831e-06 0.0778268 0.00347521 0.382119 8.3911e-06 
0.0281958 1.15778e-05 1.40566e-05 0.00247542 0.00506054 0.00118163 3.26348e-06 1.7255e-06 0.00160044 3.40842e-06 0.00162706 2.27747e-06 2.926e-06 1.16163e-05 8.57196e-06 1.87723e-05 2.0929e-06 1.40624e-06 2.1995e-06 2.79005e-06 8.61287e-06 0.945285 0.0114511 0.00292919 9.82674e-05 
0.00399808 8.00831e-10 9.72287e-10 7.75102e-07 0.00648225 5.69599e-06 0.277518 9.19022e-06 1.97272e-06 0.0586932 0.0134339 1.57531e-10 0.0169519 8.03489e-10 5.92917e-10 3.50716e-06 0.13706 9.72685e-11 0.0712726 2.81779e-06 5.95747e-10 0.104186 0.278708 0.0316725 5.57158e-10 
0.103236 0.00138679 1.09871e-09 0.00305253 0.00424039 4.6172e-07 1.01824e-07 0.0156868 1.74252e-07 2.66945e-06 2.60767e-06 4.33392e-07 0.0138754 0.000388563 3.62103e-05 1.4673e-09 0.0123189 1.09916e-10 0.000321849 0.833655 9.55455e-07 0.00432555 0.00580646 0.00122624 0.000436005 
0.00253904 0.0819856 0.000129611 0.023572 0.00114822 0.0247612 6.07135e-06 0.167436 0.00347128 0.0894702 0.0714819 1.09839e-05 0.00743642 4.96354e-06 0.00572732 1.80023e-06 0.0533327 1.28023e-06 0.00101216 0.258009 9.83622e-06 0.00119454 0.0203755 0.185284 0.00159899 
0.0119071 2.96499e-06 7.34677e-10 0.0028003 1.65016e-08 0.125213 1.92074e-07 0.0419741 2.48291e-07 0.649059 9.63617e-08 1.19033e-10 0.0017363 6.07129e-10 4.48018e-10 0.000317985 0.0123817 7.34977e-11 0.0146827 0.0885128 4.50156e-10 0.00151502 0.0458277 0.0040687 2.59107e-07 
0.0660363 1.3393e-07 1.30429e-10 0.397054 0.00548236 0.0462265 3.52295e-09 0.0769456 0.000191762 0.0142956 2.72353e-08 4.84212e-06 1.22155e-07 7.3676e-07 9.41955e-07 1.23471e-07 0.00617711 1.30482e-11 2.36829e-07 0.00268393 9.73804e-08 0.0186377 0.358398 0.00786417 2.07434e-07 
0.310106 3.51055e-08 3.63961e-11 0.158222 0.0481639 0.0387721 5.04506e-07 0.0280079 0.0032427 0.00154207 0.0123907 4.82047e-08 0.000621144 0.000491547 0.00041809 1.25265e-05 0.000188923 3.6411e-12 0.0162801 0.0604 1.90786e-08 0.0737028 0.228004 0.0194328 6.21981e-09 
0.0536445 2.84951e-06 3.45958e-06 0.0211549 0.00496389 0.00118334 0.00923761 0.0220411 8.77309e-07 0.0189594 0.00890729 5.60525e-07 0.00194509 2.85896e-06 0.0210992 0.747088 0.00159732 3.461e-07 0.00281548 0.00659282 2.11978e-06 0.00267794 0.0318312 0.0369109 0.00733713 
0.0294387 0.00011945 5.00243e-05 0.014479 0.00339296 0.00145437 0.00045466 0.0154162 0.0114589 0.0340487 0.018149 0.000255182 0.0031505 1.81456e-05 0.00103828 1.9309e-05 0.131495 1.33408e-05 0.010491 0.00196748 0.0101468 0.0116508 0.0173981 0.683789 0.000105214 
0.086249 0.000339593 7.56385e-08 0.248039 0.0133316 0.26081 4.35739e-06 0.129733 0.00129431 0.000417164 3.43815e-06 1.21853e-10 0.00685835 6.21514e-10 0.00225184 1.00439e-09 3.79208e-07 7.52391e-11 0.000906353 0.122051 7.25003e-07 0.013244 0.112079 0.00181542 0.000572553 
0.00183135 4.6769e-09 5.67822e-09 0.391636 0.0651901 0.11167 3.99561e-05 0.00298488 0.050647 1.63903e-07 0.00348731 9.1999e-10 1.18197e-09 4.43612e-07 1.3218e-06 7.58312e-09 8.45433e-10 5.68054e-10 0.00833873 0.00804298 3.4792e-09 0.324475 0.0316438 9.9946e-06 6.82541e-08 
0.0195331 4.49355e-06 1.37256e-06 0.0156082 8.29214e-06 1.32813e-05 1.82129e-05 0.00393876 2.62683e-07 5.11205e-06 1.21218e-05 8.07924e-06 0.0987723 2.87116e-05 0.083904 6.53973e-06 0.229552 2.15922e-07 9.17367e-05 7.26572e-06 1.45143e-06 0.126858 0.0329868 0.379401 0.0092381 
3.06931e-07 3.62692e-07 2.11212e-10 0.00114838 0.000790977 0.000469575 4.94264e-08 0.018093 6.27417e-05 0.00138253 0.000839682 8.52917e-05 0.000480579 1.74543e-10 0.000908186 0.000299322 0.073831 2.11298e-11 3.18033e-07 4.70727e-08 0.00102386 0.213537 0.0368826 0.645077 0.00508674 
2.05506e-06 5.31721e-07 6.28046e-06 0.0116116 0.00343779 1.06852e-06 0.202971 0.0104979 0.00411859 2.83531e-06 0.00014305 3.80499e-07 1.27311e-06 3.00502e-07 0.0365422 2.65163e-07 1.02789e-06 6.98129e-10 3.41009e-07 4.93709e-05 1.21659e-07 0.00083227 0.00150117 0.728203 7.59699e-05 
4.40079e-06 4.03807e-09 4.90261e-09 0.0414657 0.000882715 0.207815 0.000139895 0.131048 0.00350359 0.0096982 2.10341e-09 7.94326e-10 1.24762e-06 4.05147e-09 6.60472e-06 0.106009 7.88852e-06 4.90462e-10 0.0155513 1.25736e-05 3.00396e-09 0.452483 0.0225986 0.00877274 2.80938e-09 
0.00429686 6.0189e-08 7.30753e-08 0.00250078 0.918166 0.00296558 0.013528 0.0177075 0.000876018 0.00209106 8.03549e-05 8.25754e-06 0.000194355 0.000315873 0.00403479 3.80484e-06 0.000504403 7.31052e-09 0.00299006 0.00763113 3.30486e-06 0.00561676 0.00290862 0.0135755 1.10237e-06 
0.0660363 1.3393e-07 1.30429e-10 0.397054 0.00548236 0.0462265 3.52295e-09 0.0769456 0.000191762 0.0142956 2.72353e-08 4.84212e-06 1.22155e-07 7.3676e-07 9.41955e-07 1.23471e-07 0.00617711 1.30482e-11 2.36829e-07 0.00268393 9.73804e-08 0.0186377 0.358398 0.00786417 2.07434e-07 
0.148475 1.17477e-06 4.69951e-09 0.0719932 0.00268893 1.26056e-05 8.05571e-07 2.66176e-06 1.35305e-06 0.0136044 0.00147545 7.61419e-10 9.78239e-10 3.88363e-09 0.00907433 1.1698e-05 4.35295e-06 4.70143e-10 6.27077e-06 0.0196899 2.72488e-06 0.021102 1.80509e-06 0.705029 0.00682221 
0.0155049 1.15939e-06 1.38274e-10 0.159115 0.3351 0.116722 0.000854609 0.0794747 0.048167 0.120197 0.00987301 3.97514e-05 3.61256e-07 5.25024e-09 4.09403e-07 0.0072353 0.0132088 1.38331e-11 0.000618795 0.0262833 1.10519e-07 0.021402 0.040886 0.00531577 8.79747e-07 
2.11488e-05 6.65918e-05 5.61529e-09 0.0239469 7.36121e-06 0.127158 6.00317e-07 0.517796 1.42397e-09 5.60463e-05 1.12104e-05 1.25803e-06 0.000122558 0.302647 1.7083e-06 7.49908e-09 1.17571e-05 5.61759e-10 1.83365e-05 1.33802e-05 2.66925e-07 0.0248299 0.00328886 1.12717e-06 3.21778e-09 
0.0405634 0.0881474 3.48237e-11 0.001403 0.000108063 0.00638966 8.08489e-12 0.00959582 8.83087e-12 2.33126e-05 1.49407e-11 7.3263e-09 1.07251e-05 3.27004e-08 1.20759e-08 3.43026e-08 0.00659473 3.48379e-12 2.56343e-08 5.19279e-10 2.13374e-11 0.00582314 0.841341 6.81386e-08 1.99553e-11 
0.000326389 1.80775e-09 2.19478e-09 0.983383 0.000420068 0.00103526 2.12204e-05 0.00276906 0.00125975 2.9784e-05 0.00156209 4.58489e-07 0.000953085 1.81375e-09 0.000102449 1.65852e-05 0.000158904 2.19568e-10 2.58819e-05 0.0027219 3.21997e-06 0.000292279 0.000412121 0.00449782 9.09745e-06 
0.250813 0.00168468 2.86868e-07 0.0352001 0.0122674 0.000737525 2.41383e-06 0.00632323 0.000168312 0.0242454 0.000567077 0.000116229 0.0410082 1.79281e-06 0.000397251 3.83106e-07 0.0338844 1.49058e-07 0.00166301 0.55615 1.75772e-07 0.00097984 0.000309429 0.0297113 0.00376859 
0.00837422 0.000347669 9.93464e-08 2.09757e-05 0.145416 0.000122931 0.000566363 0.00111923 0.000129183 0.0600121 8.58866e-05 3.20146e-06 0.00523607 8.20989e-08 1.75302e-06 1.87685e-06 0.00217425 9.93871e-09 4.75902e-08 0.025942 5.36246e-06 1.96962e-05 0.00423932 0.745791 0.000391124 
7.45274e-05 8.20532e-05 5.01317e-06 6.6747e-05 0.00150991 8.22427e-05 0.00012561 0.00290088 1.66943e-05 0.000412225 2.15084e-06 6.42797e-06 1.04353e-06 8.23254e-05 0.000236362 6.69496e-06 3.21792e-05 5.01522e-07 0.00013296 9.95047e-07 1.94824e-05 8.62862e-05 0.00138126 0.992733 2.87274e-06 
0.00141569 7.7222e-07 9.3755e-07 0.179259 0.00100005 0.00229329 2.17668e-07 1.15088e-07 0.00613647 2.27335e-07 0.0999919 1.51903e-07 1.95158e-07 3.32252e-05 0.00327459 1.25207e-06 1.39592e-07 9.37933e-08 1.46702e-07 0.000225322 5.74462e-07 0.00561828 1.33698e-05 0.696617 0.00411707 
0.0113964 0.0019644 1.88908e-09 4.68957e-06 0.293863 7.31155e-07 9.12295e-06 9.0461e-07 0.626796 1.55787e-06 8.1049e-10 3.06071e-10 6.68882e-07 1.56112e-09 1.15199e-09 2.52282e-09 2.81267e-10 1.88986e-10 2.95593e-10 1.91266e-06 1.15749e-09 5.26349e-06 0.0263824 0.0395723 2.17586e-07 
0.0119071 2.96499e-06 7.34677e-10 0.0028003 1.65016e-08 0.125213 1.92074e-07 0.0419741 2.48291e-07 0.649059 9.63617e-08 1.19033e-10 0.0017363 6.07129e-10 4.48018e-10 0.000317985 0.0123817 7.34977e-11 0.0146827 0.0885128 4.50156e-10 0.00151502 0.0458277 0.0040687 2.59107e-07 
0.259353 9.98017e-08 1.10054e-10 2.55647e-06 0.0205041 1.53704e-06 1.02228e-07 0.187102 8.37525e-08 0.00707805 0.000476522 0.000474524 0.0179421 9.09472e-11 6.71125e-11 1.46974e-10 1.73365e-06 1.10099e-11 0.0458483 3.51037e-06 6.74328e-11 0.0159192 0.441946 0.00334584 3.78454e-07 
5.14384e-05 4.56329e-08 5.54028e-08 0.000334996 0.000103821 0.000153562 1.28627e-08 0.000420983 1.40495e-08 0.000201523 2.377e-08 8.97642e-09 0.00016608 0.00010535 0.000821023 4.44675e-05 8.24895e-09 5.54255e-09 8.66912e-09 0.000306819 3.39468e-08 0.000201142 0.000380607 0.996708 3.17479e-08 
0.422903 0.00337038 0.00273207 0.0306792 0.0216644 0.0201235 0.000348485 0.0741891 0.000146328 0.0217526 0.000577347 0.000214051 0.0116154 0.0181728 0.00300301 0.00315442 0.0156772 6.39439e-05 0.0729305 0.0358543 0.00065258 0.00470169 0.124597 0.110223 0.000653613 
0.00437064 1.31874e-05 1.7796e-08 0.638893 0.00124924 0.148398 4.13163e-09 0.012712 0.0135655 0.00044119 0.0528514 2.88332e-09 1.75506e-06 1.47064e-08 5.91813e-05 2.37661e-08 1.77293e-05 1.78033e-09 3.65062e-06 0.00698619 1.09041e-08 0.0279687 0.0919355 0.00052107 1.19662e-05 
0.0149815 0.000275664 5.70161e-06 0.00123621 0.000291195 0.00130732 4.51546e-05 0.0132208 0.000115208 0.0164833 0.000407438 9.23781e-07 0.00162407 4.71175e-06 0.00305025 7.61436e-06 0.930173 5.70394e-07 0.00356484 0.00097838 3.49353e-06 0.00256099 0.00313545 0.00652296 3.26724e-06 
0.0119071 2.96499e-06 7.34677e-10 0.0028003 1.65016e-08 0.125213 1.92074e-07 0.0419741 2.48291e-07 0.649059 9.63617e-08 1.19033e-10 0.0017363 6.07129e-10 4.48018e-10 0.000317985 0.0123817 7.34977e-11 0.0146827 0.0885128 4.50156e-10 0.00151502 0.0458277 0.0040687 2.59107e-07 
0.0157097 0.0491846 8.9066e-08 0.0384617 0.00794835 0.0197978 2.01047e-06 0.229521 0.00707681 0.483818 0.000423965 0.000334507 0.00236581 6.9698e-08 0.00111012 0.000185677 0.00958043 3.85212e-08 0.0196058 0.00924742 7.07623e-08 0.00418168 0.0278451 0.0735427 5.68543e-05 
0.0138302 7.10026e-08 2.78623e-11 0.0954299 0.858672 1.15793e-07 0.000840729 0.000100257 0.00205626 1.65636e-06 0.00030267 9.70443e-10 0.000957901 2.30251e-11 1.32261e-07 3.72094e-11 0.00410424 2.78737e-12 0.0012103 0.00796496 1.7072e-11 0.00479768 0.00887193 0.000847401 1.19647e-05 
0.000237446 0.834905 0.000516847 0.100558 0.000730601 0.000123293 1.10747e-07 0.00469166 0.000108816 0.000892418 1.57323e-06 2.06433e-05 4.75872e-05 3.94202e-07 0.0107575 6.37044e-07 3.32984e-05 4.77212e-08 6.24904e-07 0.00996351 2.92281e-07 1.63024e-05 6.07655e-05 0.0360121 0.000319915 
0.103236 0.00138679 1.09871e-09 0.00305253 0.00424039 4.6172e-07 1.01824e-07 0.0156868 1.74252e-07 2.66945e-06 2.60767e-06 4.33392e-07 0.0138754 0.000388563 3.62103e-05 1.4673e-09 0.0123189 1.09916e-10 0.000321849 0.833655 9.55455e-07 0.00432555 0.00580646 0.00122624 0.000436005 
0.0119071 2.96499e-06 7.34677e-10 0.0028003 1.65016e-08 0.125213 1.92074e-07 0.0419741 2.48291e-07 0.649059 9.63617e-08 1.19033e-10 0.0017363 6.07129e-10 4.48018e-10 0.000317985 0.0123817 7.34977e-11 0.0146827 0.0885128 4.50156e-10 0.00151502 0.0458277 0.0040687 2.59107e-07 
0.00625331 7.39516e-05 2.99182e-08 1.73779e-05 4.24692e-05 2.71922e-07 6.94601e-09 0.000117893 7.58691e-09 5.87688e-05 1.28361e-08 3.39801e-06 6.41517e-05 2.47241e-08 1.64385e-05 3.99551e-08 4.45454e-09 2.99305e-09 4.68143e-09 1.36642e-05 1.83317e-08 2.35797e-05 3.96825e-07 0.993309 5.16044e-06 
0.00869163 3.65448e-06 1.54912e-08 0.0985252 0.0643534 0.391003 0.000526509 0.0177851 0.00142285 0.000916689 0.0023957 2.50991e-09 0.000154393 9.97971e-08 0.000371504 2.06882e-08 0.0100964 1.54976e-09 0.00143179 0.202336 9.49191e-09 0.00313123 0.190567 0.00621112 7.67199e-05 
0.0587313 0.00111844 9.07332e-07 0.0156703 0.0385397 0.063837 0.00257683 0.103012 0.0316052 2.02633e-06 0.00553356 5.98355e-07 0.00369587 1.59171e-05 0.000287782 5.1434e-09 0.218511 3.85294e-10 0.0482868 0.0020111 3.9236e-06 0.00996694 0.0274787 0.369114 6.48871e-07 
0.0127959 1.34662e-07 1.63493e-07 0.0388366 0.014262 6.46644e-06 3.79575e-08 0.0171765 0.0415626 0.00469787 9.94552e-06 2.64893e-08 6.64267e-06 1.35109e-07 0.00947754 2.18341e-07 1.42518e-07 1.6356e-08 6.67456e-05 3.24511e-08 1.00176e-07 6.11472e-05 0.0039399 0.855646 0.00145332 
0.102659 1.52794e-05 6.6495e-08 0.00457885 0.0877451 0.0194916 2.83069e-05 0.0928107 0.130452 9.2712e-05 9.72497e-05 7.3468e-06 0.0120657 0.000812676 0.0233618 8.88024e-08 0.166396 6.65222e-09 2.15341e-05 3.26253e-05 4.07433e-08 0.0322123 7.17554e-06 0.327111 3.81041e-08 
0.00274437 1.89274e-07 9.77257e-10 0.00537692 0.00103754 0.000685273 0.00115706 0.00727962 2.47821e-10 0.00515915 4.19281e-10 0.00067961 2.8158e-07 6.15363e-07 8.94846e-06 1.3051e-09 0.000716282 9.77657e-11 0.00470961 2.31082e-06 5.98792e-10 1.37513e-10 0.0196155 0.950826 7.05344e-07 
0.00117833 2.39784e-05 8.53177e-06 0.000751448 0.000627374 0.000188443 1.08747e-05 0.000735046 4.13164e-05 0.00149654 9.8257e-05 1.90784e-05 5.32381e-05 4.22864e-05 0.00130819 0.000137173 0.00119042 3.51268e-06 0.0189482 8.06181e-05 4.9265e-05 0.0011696 0.000422657 0.95482 0.0165961 
4.87682e-06 0.00743791 2.39595e-07 0.366569 0.0112489 0.11774 4.00209e-06 0.0619484 0.000220822 1.2871e-05 0.0684444 2.23178e-07 0.0121759 1.2867e-06 5.24185e-08 1.20012e-06 0.0502114 3.8298e-08 0.000534067 0.00991929 3.30105e-06 0.0103099 0.279417 0.00369148 0.000103916 
5.17603e-08 2.30774e-05 1.79526e-06 0.0154466 2.14345e-05 3.34825e-06 1.04596e-05 0.608971 2.26213e-05 3.94014e-05 9.61595e-10 3.63134e-10 9.33548e-07 1.85217e-09 1.36677e-09 2.09821e-06 3.33705e-10 2.24219e-10 3.50702e-10 5.51674e-06 1.37329e-09 7.69555e-06 0.0164301 0.359013 9.00322e-07 
0.00349697 2.52107e-09 3.06082e-09 5.47231e-06 1.16121e-05 0.221249 7.10621e-10 0.493763 6.83122e-06 7.42182e-10 1.31453e-06 8.9315e-07 3.82918e-07 0.0101324 0.145351 3.27421e-06 2.18795e-06 3.06208e-10 6.32249e-06 0.125808 9.39598e-07 5.55645e-06 2.44139e-06 5.77696e-05 9.50667e-05 
0.0508534 9.1535e-05 1.73485e-07 0.0154229 0.000632053 0.239299 1.0673e-07 0.00417332 0.000265977 0.0442128 2.48773e-07 3.04592e-11 0.00759628 0.000284795 3.88768e-05 2.51063e-10 0.0158856 1.88072e-11 0.015768 0.574982 3.5075e-09 0.0161331 0.0126224 0.00168694 4.9821e-05 
0.195336 8.74321e-06 0.00416795 0.186747 0.0382996 0.00365613 0.000878542 0.013611 0.246664 0.096627 0.00345316 0.00047955 0.000741599 2.07293e-10 0.0143387 5.77222e-06 8.50965e-05 2.50945e-11 3.92503e-11 0.00603746 1.53698e-10 0.013737 0.0306967 0.13491 0.00951907 
1.27161e-06 0.000216119 3.77108e-05 0.0296727 0.068641 1.78587e-05 0.0121682 0.49787 0.080108 0.140118 1.98801e-05 6.79305e-06 8.12484e-09 3.22557e-08 5.85061e-05 1.3773e-05 2.95481e-05 3.90481e-09 2.14962e-06 2.01368e-05 2.3916e-08 5.58947e-06 6.64179e-06 0.0806557 0.0903306 
0.0243652 2.10628e-06 2.55722e-06 0.000283968 0.00331545 0.115203 5.93701e-07 0.0161644 6.48482e-07 0.00425021 1.09715e-06 4.14324e-07 0.0210004 0.000235493 0.00268911 3.41511e-06 0.000468918 2.55827e-07 0.0160456 0.00134382 0.000962466 0.780281 0.000153002 0.0116014 0.00162536 
0.106188 1.11124e-06 1.11191e-08 0.0175166 0.000380095 0.099741 2.58147e-09 0.237397 0.045805 0.0086847 1.41395e-06 7.22634e-05 0.0520556 9.18868e-09 4.577e-05 1.54407e-05 0.143842 1.11236e-09 0.000677087 0.0640348 6.17536e-05 0.0450686 0.0104074 0.168003 9.22868e-07 
0.00225197 1.82039e-05 4.60895e-06 2.68584e-08 0.0217024 0.000114861 5.47615e-08 0.941957 5.98142e-08 0.000154615 0.00169929 3.82161e-08 6.56096e-05 1.94922e-07 1.43838e-07 3.15001e-07 0.000476812 2.35968e-08 0.00094867 0.00134546 1.44525e-07 4.06463e-05 4.11447e-05 0.0291301 4.75334e-05 
0.136667 0.00130819 0.000720156 0.0172313 0.0018466 0.0451808 1.71431e-05 0.00415161 7.70661e-07 0.00713799 0.00139295 0.00324829 0.02855 5.77389e-06 3.41898e-07 8.78781e-06 0.00484535 8.81158e-09 0.00602767 0.687556 1.55022e-08 0.0331446 0.020146 0.000809931 3.20071e-06 
0.0385195 4.2077e-07 7.76752e-10 0.010111 0.0721864 1.11897e-06 5.76792e-08 0.268878 1.00506e-06 0.0525465 3.33257e-10 7.94142e-05 0.0589823 4.09973e-07 0.00308684 1.03733e-09 0.040799 7.7707e-11 0.0242478 0.0135369 4.93661e-07 0.00149389 0.253004 0.162349 0.000176509 
0.00191785 0.000504399 2.7817e-06 0.0110931 0.000524581 0.75409 6.72483e-05 0.00185793 0.000346256 6.745e-07 1.19346e-06 3.53104e-05 0.00226228 3.19325e-05 0.0177363 3.71489e-06 5.75327e-06 2.78284e-07 4.35265e-07 0.20344 0.000199452 0.00113597 0.000431502 0.00304838 0.00126283 
1.84467e-05 5.5067e-05 3.15002e-06 0.0995002 0.0805215 0.000105991 6.14194e-05 0.0689176 0.000335443 9.78056e-07 2.7287e-05 7.7688e-07 4.05025e-05 0.0317543 0.00376549 3.10841e-06 0.159129 6.58486e-09 2.71285e-06 0.0012093 4.01594e-06 0.240729 0.0119144 0.297967 0.003934 
0.0105277 7.84946e-08 9.53001e-08 0.0347008 0.113607 0.0143759 2.21255e-08 0.355583 0.0248628 0.019184 0.0002066 8.89245e-06 0.0850659 7.8755e-08 0.0107665 1.27271e-07 0.00634392 9.53391e-09 0.00466652 0.0123121 4.78757e-06 1.59247e-05 0.302308 0.00542794 3.0783e-05 
0.00268388 0.00401991 1.08748e-05 0.0125095 0.0245559 0.0287157 0.000105205 0.161066 0.00395218 0.0781476 0.00392685 3.15134e-05 0.00750196 4.32677e-05 0.00228396 1.09392e-05 0.0442557 1.50159e-06 0.000500459 0.0043414 2.83168e-06 0.0991622 0.071131 0.450964 7.58255e-05 
0.161036 3.0229e-07 7.03392e-05 0.324221 0.00432846 0.0131581 0.000183961 0.0100632 0.011426 0.0043819 0.00274076 5.27428e-05 0.0134505 1.64945e-05 7.89157e-05 1.06971e-07 0.00215162 3.02816e-11 0.0135545 0.3801 1.41394e-05 0.0019666 0.0566189 0.000386099 1.73454e-10 
0.0119043 0.000446562 3.03555e-05 0.321031 0.06665 0.02032 0.00033063 0.00515904 0.00119979 0.011004 0.0181065 7.32999e-05 0.000791213 2.16176e-06 0.188102 3.26807e-05 0.0230776 1.94878e-06 0.00154277 0.0158392 0.000103047 0.036617 0.0205951 0.254146 0.00289428 
0.0580737 5.0171e-05 7.32285e-07 0.00367691 0.0114679 1.434e-07 0.00353108 1.53301e-06 0.00230722 0.00184794 2.12562e-07 3.48854e-11 0.00417495 6.05153e-07 1.31302e-10 2.87547e-10 0.00913717 2.15402e-11 7.41542e-08 2.99202e-07 5.29036e-08 3.02976e-11 0.0659071 0.839822 2.48001e-08 
0.00241511 4.41608e-09 9.84481e-08 0.176201 0.0514394 0.000968605 0.00381762 0.0305857 0.00323146 2.02226e-07 0.00299047 1.30267e-06 0.100609 1.14572e-06 0.0260544 7.16022e-09 5.39698e-07 5.36375e-10 0.00194922 0.25946 3.28517e-09 0.11779 0.179945 0.038445 0.00409348 
0.0384713 3.77875e-07 5.45074e-09 0.0558012 0.0539816 0.0205592 2.66612e-06 0.00918702 0.717672 0.000237844 1.50315e-06 1.00773e-07 5.52215e-07 3.45425e-05 2.38243e-05 7.28501e-06 8.11564e-10 5.45297e-10 0.000140865 0.00148968 0.000108852 0.0056522 0.00793131 0.0845024 0.00419375 
0.0346108 4.58531e-06 5.17924e-08 0.0161654 0.0040369 0.0455293 1.30584e-07 0.201751 2.08512e-06 0.0183307 0.153705 0.000303189 4.15646e-06 4.28007e-08 3.15838e-08 6.91674e-08 0.15042 5.18136e-09 0.0131214 0.00866574 3.44725e-05 0.247288 7.05797e-05 0.105955 2.9679e-08 
0.28051 6.79257e-05 0.334215 0.0539257 0.00341446 0.000157999 0.00066272 0.000371942 0.01381 0.00150814 0.0144963 1.45098e-06 0.0352547 6.77264e-06 8.90677e-12 8.63841e-05 0.0154901 1.46116e-12 0.00120683 0.0167672 8.94928e-12 0.0215703 0.205769 0.000707971 1.38323e-07 
0.00139857 0.00128789 1.30194e-06 0.00446246 0.0127768 0.00526058 0.863999 0.00385177 0.0126453 0.0132909 0.0233493 0.000633035 0.00138242 1.07591e-06 0.0125451 1.73871e-06 0.00587372 1.30247e-07 0.00766005 0.0151952 7.97732e-07 0.000714664 0.00193343 0.0115851 0.000149958 
0.00874728 0.000459455 9.09001e-07 0.00104928 0.000128007 0.0462919 2.6763e-05 0.000499406 0.000500827 0.000277533 3.89997e-07 1.47277e-07 0.890475 7.51189e-07 0.0470788 1.21395e-06 1.35342e-07 9.09373e-08 0.000329261 0.00247252 1.57907e-05 0.000165954 0.000526565 0.000452866 0.000499166 
0.155532 6.19637e-07 1.92678e-09 0.138441 3.2839e-06 0.00877655 1.02445e-06 0.0226215 0.105802 0.00296042 8.26662e-10 3.12178e-10 0.0368304 1.59227e-09 1.17498e-09 2.57316e-09 0.0241443 1.92756e-10 3.01491e-10 0.265252 1.18059e-09 1.05391e-06 0.0362607 0.203372 1.10412e-09 
0.00812561 3.1554e-08 5.81269e-09 0.748224 0.0239536 0.134399 0.000152667 0.00241354 0.0158953 7.76179e-06 5.09538e-06 9.41778e-10 0.00178316 0.000328583 1.56134e-05 0.000119486 9.97592e-07 5.81507e-10 0.00180446 0.00518561 5.33407e-08 0.0325981 0.0249136 1.03826e-06 7.32605e-05 
0.180952 3.72681e-06 3.41935e-08 0.214857 0.0292107 0.00211865 1.45844e-06 0.124125 8.67107e-09 8.29116e-09 0.0185649 5.54007e-09 0.012291 2.82572e-08 2.08518e-08 2.91378e-06 0.0332479 3.42075e-09 5.3504e-09 4.50208e-06 2.09513e-08 0.00388601 4.47521e-06 0.380729 1.95942e-08 
0.000330106 5.65442e-10 6.86502e-10 0.000581094 0.000503842 0.00239624 3.99805e-08 0.00560065 0.00022931 1.83161e-07 0.0016172 1.04085e-08 3.2206e-07 5.67318e-10 4.1864e-10 3.16859e-08 3.21885e-05 6.86783e-11 1.46824e-07 0.980395 4.20638e-10 0.00788537 0.000341244 8.6606e-05 2.4319e-07 
0.00644745 5.72337e-07 6.94873e-07 0.000163455 0.00809689 4.67436e-05 1.61326e-07 0.0293992 0.000124023 0.000234374 0.00320616 5.85243e-06 0.750942 5.74236e-07 0.000523541 9.27986e-07 3.02444e-05 6.95157e-08 0.000315885 0.0164602 4.25767e-07 9.77779e-08 0.00129543 0.182705 3.98189e-07 
0.0110543 6.20411e-06 6.10831e-05 0.00408245 0.0526517 0.0205808 0.000114018 0.169822 0.00127805 0.0288058 0.00199738 0.000225923 3.39015e-08 3.1472e-06 0.0017381 9.78521e-06 0.0477802 1.62931e-08 0.00286476 0.00211249 7.11654e-05 0.0773046 0.00882325 0.568613 9.33276e-08 
0.000269281 0.000207356 1.73289e-06 0.0694662 0.0499243 0.00772812 0.00165458 0.0668236 0.0282395 6.6623e-05 0.0022445 1.20875e-07 0.000492374 0.00041834 0.000197338 9.96322e-07 8.23301e-05 7.46348e-08 0.000167609 0.00194001 4.57121e-07 0.0836604 0.0694642 0.616938 1.23031e-05 
0.000442318 0.727325 0.000126016 0.000292675 0.060768 0.000280619 0.000212888 0.00856886 0.0221597 0.000627303 0.0307196 1.24467e-07 0.000601317 3.80336e-05 0.0241885 1.02594e-06 0.0858134 7.68532e-08 0.0182351 0.0100554 3.84701e-05 0.00163004 0.000297539 0.00755922 1.86895e-05 
0.0311243 1.08227e-09 1.31398e-09 0.0127762 0.00020574 3.90754e-07 1.45648e-06 0.00747279 0.0058249 3.18611e-10 0.123366 3.3119e-07 2.73515e-10 1.08586e-09 0.000789472 1.75479e-09 0.0136379 1.31452e-10 0.000208342 0.757338 8.05111e-10 0.00892882 0.0092614 0.0286233 0.00043996 
0.0586595 3.25989e-06 2.72827e-08 0.242217 0.0394054 0.185136 0.00122681 0.00980482 0.0648368 0.000614354 0.000267537 1.21923e-07 0.00203181 2.25462e-08 0.0216016 3.64354e-08 3.7611e-06 2.72939e-09 0.0189012 0.0156269 1.67169e-08 0.0139188 0.0073746 0.0170212 0.301349 
0.0405634 0.0881474 3.48237e-11 0.001403 0.000108063 0.00638966 8.08489e-12 0.00959582 8.83087e-12 2.33126e-05 1.49407e-11 7.3263e-09 1.07251e-05 3.27004e-08 1.20759e-08 3.43026e-08 0.00659473 3.48379e-12 2.56343e-08 5.19279e-10 2.13374e-11 0.00582314 0.841341 6.81386e-08 1.99553e-11 
2.56931e-08 6.79266e-08 2.00945e-07 6.45794e-09 0.00631998 0.0149944 1.19592e-11 0.00290137 0.000344879 1.24903e-11 0.975088 8.3459e-12 1.07225e-11 4.25683e-11 3.14124e-11 6.8792e-11 3.06858e-08 5.15323e-12 0.000143943 0.000206213 3.15623e-11 4.07363e-07 2.61056e-08 7.60131e-12 2.95179e-11 
0.856398 5.15615e-06 6.26007e-06 0.0094747 0.00981253 0.000140468 0.000282449 0.0623434 0.028542 5.57556e-05 0.0076365 9.1583e-05 3.14708e-06 0.000190021 3.81749e-06 8.36017e-06 7.51238e-05 6.26263e-07 0.000335735 0.0180413 3.83571e-06 0.00561875 0.000376386 0.000449843 0.000104286 
0.481654 3.04161e-07 2.42017e-09 0.144823 0.000974722 6.05666e-05 0.000102583 0.00225581 0.00136301 0.0154007 1.47454e-05 7.9172e-07 0.000151686 1.34309e-05 0.0135506 3.23207e-09 7.14996e-06 2.42116e-10 0.0782741 0.00258457 2.13103e-05 0.00120609 0.00327873 0.253641 0.000621223 
0.00334472 4.21729e-05 7.97846e-06 0.000636409 4.43988e-05 1.56447e-05 6.95778e-06 0.0101373 3.74691e-06 6.25039e-05 6.64645e-05 1.22416e-05 0.000139596 2.3527e-05 2.97561e-05 2.57743e-05 0.030839 4.81904e-08 0.00178713 3.63038e-05 2.95155e-07 0.0161419 0.0377311 0.898853 1.23046e-05 
0.00155423 1.51882e-05 2.14013e-07 0.0489358 0.012182 0.00229316 0.000500552 0.0585765 8.16743e-05 3.96395e-05 9.18199e-08 3.46746e-08 4.45485e-08 1.76858e-07 1.30509e-07 1.19268e-05 1.92635e-05 2.141e-08 3.43388e-05 0.000183751 1.31131e-07 0.00657505 0.0115334 0.857463 1.22638e-07 
0.0520505 9.05973e-09 2.05265e-05 5.11943e-06 3.14375e-06 9.81993e-06 2.55369e-09 0.292216 3.88481e-06 6.6631e-06 5.6369e-07 3.62449e-05 2.28961e-09 4.95396e-06 2.66223e-05 5.9594e-06 0.00723284 1.10039e-09 8.5639e-06 2.18323e-09 6.73963e-09 3.78587e-05 0.0130301 0.6353 6.30307e-09 
0.00626756 5.50933e-09 6.68886e-09 0.0264772 0.140381 7.59473e-05 1.55293e-09 0.638479 1.07663e-06 2.47744e-06 0.0507239 2.86075e-07 4.57366e-06 5.52761e-09 4.07898e-09 8.93281e-09 1.58195e-05 6.6916e-10 1.04663e-09 2.06651e-06 4.09845e-09 2.33262e-06 1.25569e-05 0.137551 3.09538e-06 
0.0338544 1.05388e-09 1.27952e-09 0.00176197 0.00409487 0.0675054 0.000587416 0.00144775 0.0071046 6.88763e-07 0.245904 8.94458e-05 0.0202655 0.0682715 3.88991e-07 1.70877e-09 0.0224411 1.28004e-10 3.73398e-06 0.211143 7.83996e-10 0.286975 5.23314e-07 0.0285468 2.43673e-06 
0.00254465 1.99387e-05 1.72413e-05 0.29599 1.22622e-05 0.589825 1.49345e-05 0.00122169 0.0409843 3.34565e-05 0.000587902 4.41518e-05 0.000148916 8.15809e-07 6.02008e-07 1.31838e-06 0.00560264 9.876e-08 0.0394396 0.0160205 6.04882e-07 0.00109372 0.00619193 0.000202206 1.4098e-06 
0.00274437 1.89274e-07 9.77257e-10 0.00537692 0.00103754 0.000685273 0.00115706 0.00727962 2.47821e-10 0.00515915 4.19281e-10 0.00067961 2.8158e-07 6.15363e-07 8.94846e-06 1.3051e-09 0.000716282 9.77657e-11 0.00470961 2.31082e-06 5.98792e-10 1.37513e-10 0.0196155 0.950826 7.05344e-07 
0.0022832 2.61203e-07 3.17126e-07 0.074334 0.00544113 0.00543641 0.000105954 0.0115266 0.00463277 3.20937e-05 0.840861 5.13811e-08 0.00190281 2.6207e-07 0.000424678 4.23514e-07 4.72171e-08 3.17256e-08 4.96221e-08 0.0194942 1.94312e-07 0.00890378 0.0063194 0.0130444 0.00525629 
0.0201357 3.41798e-10 4.14976e-10 0.0678835 0.104661 0.030831 5.1429e-05 0.227533 0.0148309 3.73198e-06 0.0190389 1.08377e-05 0.00307917 3.42932e-10 4.49557e-06 0.00385914 0.00481284 4.15146e-11 0.00120876 0.0760501 2.54267e-10 0.0813216 0.314063 0.0305336 8.69358e-05 
0.000609229 0.0219321 4.57709e-09 1.37229e-05 2.12262e-05 0.000659164 3.21597e-05 3.71769e-05 0.00420591 1.83246e-07 0.00307538 2.53654e-07 2.68003e-06 3.78246e-09 0.000375462 6.1126e-09 0.000258845 4.57897e-10 0.000586471 0.96207 2.80451e-09 0.00179309 7.8727e-08 0.00432643 2.62285e-09 
0.0336866 0.109963 3.01158e-08 0.0289619 0.0167955 0.0146042 0.0165195 0.189348 0.271491 0.0386291 0.000184814 6.07088e-05 0.00337486 1.30037e-07 0.000223117 4.02189e-08 0.0131258 3.01281e-09 0.0721808 0.000494414 6.1709e-06 0.0361858 0.14978 0.00430534 7.92518e-05 
0.0345817 6.76147e-07 8.20908e-07 0.053503 0.0115808 0.104041 0.00115168 0.0366333 0.00243415 1.99052e-07 0.000635029 1.33004e-07 0.0125636 0.000114531 0.00368107 1.0963e-06 0.074955 8.21244e-08 0.0174591 0.0103259 5.02992e-07 0.0130788 0.000698826 0.622558 4.70411e-07 
0.00387908 1.8961e-07 2.30205e-07 0.00277893 0.124713 1.91574e-05 5.3446e-08 0.0330281 0.00150984 0.00786249 9.87671e-08 0.00101186 0.00222427 0.00081484 0.0065914 0.00230979 0.000164784 2.303e-08 0.00665345 0.00862587 1.41053e-07 0.00836106 0.00266816 0.78675 3.40409e-05 
0.00578892 0.0024096 7.50806e-07 0.0683851 0.00330278 0.000366191 4.54994e-08 0.0143935 7.92771e-05 0.00223972 1.30091e-08 0.00105735 2.31324e-06 2.15737e-09 0.107344 0.00412569 5.05198e-06 2.61166e-10 0.000216751 0.00145924 0.000171854 1.17629e-05 1.76161e-07 0.78864 3.83058e-07 
0.0421248 3.32516e-07 8.59587e-09 0.377078 0.0146849 0.0290622 0.000138345 0.00912321 0.00495195 0.00207577 0.000160634 1.39271e-09 0.000203678 1.27536e-06 7.50683e-05 1.26571e-05 3.58419e-05 8.59939e-10 0.00210277 0.324629 6.10503e-07 0.137912 0.0555789 1.06607e-05 3.80438e-05 
0.00145884 1.39652e-06 1.30324e-09 1.35934e-05 0.10319 0.144441 1.19517e-05 0.470298 1.48751e-06 3.16006e-10 1.23576e-05 1.90248e-07 1.13964e-06 3.44743e-06 9.45814e-06 1.74044e-09 3.57052e-06 1.30377e-10 7.75111e-07 0.05648 7.98529e-10 2.38416e-06 0.0147906 0.184871 0.024408 
0.00274437 1.89274e-07 9.77257e-10 0.00537692 0.00103754 0.000685273 0.00115706 0.00727962 2.47821e-10 0.00515915 4.19281e-10 0.00067961 2.8158e-07 6.15363e-07 8.94846e-06 1.3051e-09 0.000716282 9.77657e-11 0.00470961 2.31082e-06 5.98792e-10 1.37513e-10 0.0196155 0.950826 7.05344e-07 
0.0165803 1.63482e-10 1.98483e-10 0.0143001 0.00115836 0.167026 2.75322e-05 0.0480582 5.03329e-11 4.81276e-11 8.51569e-11 3.21584e-11 1.127e-06 0.000136789 7.43231e-07 8.29559e-06 0.00595848 1.98564e-11 0.0438799 0.0631589 1.21616e-10 0.031962 0.607742 7.39864e-07 1.13738e-10 
0.042728 0.000284341 6.35106e-07 0.0851093 0.00586816 0.000329522 0.00160256 0.000301749 0.0118053 1.53999e-07 0.0285114 1.029e-07 0.000192004 5.24845e-07 0.0417967 8.48168e-07 9.45612e-08 6.35366e-08 0.00162169 0.0357842 0.000164695 0.000754068 0.00274777 0.730808 0.00958767 
0.0307325 5.70747e-08 6.92942e-08 0.100989 0.11571 0.00134354 0.00508877 8.50613e-09 0.0146376 0.000190143 2.97299e-08 1.05486e-05 1.44241e-08 5.72641e-08 4.75019e-05 3.16909e-06 1.03173e-08 6.93226e-09 0.00287879 0.00189537 0.00117585 0.000106143 0.725162 2.8944e-05 3.97082e-08 
0.0132228 6.69683e-05 9.18041e-08 0.00517911 0.00463658 0.0536675 0.00171809 0.0421835 1.29379e-06 0.00328074 0.127025 0.000698334 1.91702e-05 7.5866e-08 0.00382442 1.22602e-07 0.113946 9.18416e-09 5.73268e-05 0.0392434 5.62508e-08 0.00189481 0.0105256 0.578763 4.62931e-05 
0.015319 0.363977 0.000133666 0.299224 0.0113707 0.0470814 0.00274322 0.0741064 7.99358e-05 0.00151814 0.000824829 0.0001262 0.0099764 3.94576e-07 0.0438767 1.45314e-05 0.0668656 4.77665e-08 4.41745e-05 0.0357776 6.73104e-05 0.00941757 0.00678775 0.0104836 0.000183786 
0.0803299 8.78006e-05 1.11111e-10 0.00724901 2.43502e-08 0.143918 2.04526e-08 0.014391 0.000177972 0.000599181 0.000563542 1.9909e-08 0.0160942 6.62842e-07 6.77572e-11 1.48386e-10 0.0149697 1.11156e-11 0.2973 0.256039 1.42057e-09 0.101727 0.0662393 0.000186787 0.000126857 
1.7795e-05 0.00355485 2.18087e-06 4.61174e-05 0.0205394 2.0484e-05 6.40268e-06 0.680864 4.08206e-06 5.90366e-09 0.000202576 3.94476e-09 1.03409e-05 2.01203e-08 1.48473e-08 3.25151e-08 8.72134e-06 2.43572e-09 2.29497e-05 0.000254399 1.49182e-08 0.00655997 0.239328 0.0485577 1.39519e-08 
0.00274437 1.89274e-07 9.77257e-10 0.00537692 0.00103754 0.000685273 0.00115706 0.00727962 2.47821e-10 0.00515915 4.19281e-10 0.00067961 2.8158e-07 6.15363e-07 8.94846e-06 1.3051e-09 0.000716282 9.77657e-11 0.00470961 2.31082e-06 5.98792e-10 1.37513e-10 0.0196155 0.950826 7.05344e-07 
0.0400527 0.000246624 0.000560013 0.255859 0.000597829 0.0353601 0.000162972 0.0520243 0.00234755 0.00244736 0.00250946 9.35554e-06 0.135018 0.000748531 7.7126e-05 1.24926e-06 0.0873943 1.92056e-08 0.00746365 0.291671 0.000107271 0.054911 0.0257561 0.00442881 0.000246213 
0.100016 0.0134618 7.35817e-10 0.195304 0.0349451 0.00821354 1.09863e-07 0.0571183 0.0021329 0.0761152 2.05274e-06 0.000283606 0.00105306 0.000295616 0.0104765 5.29984e-07 1.48635e-06 7.36118e-11 3.35775e-06 0.00197207 4.82984e-06 0.00936137 0.132834 0.356298 0.00010598 
0.00106585 3.9243e-05 3.67679e-08 4.73669e-05 0.00236975 2.29578e-05 3.0412e-06 1.72266e-05 0.000310216 1.31809e-05 2.25198e-06 3.33252e-05 5.42412e-07 3.03846e-08 0.698087 2.72254e-05 0.000853269 3.67829e-09 1.01388e-05 3.93239e-05 3.13228e-05 0.000527356 5.25152e-05 0.296194 0.000252098 
0.0834596 1.11521e-06 1.35397e-06 0.00374138 0.0130294 0.00046577 0.000243119 0.0321625 0.00147533 0.000306919 0.0269106 4.7076e-07 0.00314757 1.11891e-06 8.25673e-07 1.80819e-06 4.55962e-05 1.35452e-07 3.33253e-07 0.115661 8.29614e-07 0.000744985 0.000314313 0.100612 0.617673 
0.00274437 1.89274e-07 9.77257e-10 0.00537692 0.00103754 0.000685273 0.00115706 0.00727962 2.47821e-10 0.00515915 4.19281e-10 0.00067961 2.8158e-07 6.15363e-07 8.94846e-06 1.3051e-09 0.000716282 9.77657e-11 0.00470961 2.31082e-06 5.98792e-10 1.37513e-10 0.0196155 0.950826 7.05344e-07 
0.000820575 0.0039793 4.7704e-07 0.014437 0.000890759 0.0031689 0.000141787 0.0439139 0.000336281 0.000147441 5.99335e-05 1.68255e-06 0.000196399 1.35574e-06 9.0447e-07 6.74398e-07 0.00775176 1.91598e-10 0.00924219 0.901888 1.17349e-09 0.000557311 0.00189625 0.0105062 6.09137e-05 
7.85479e-05 1.15359e-08 3.03162e-06 0.0369336 0.0254943 0.000247776 2.08004e-05 0.00142098 0.000260347 1.81207e-05 0.000173041 1.36035e-07 0.019331 1.15742e-08 8.54093e-09 1.87043e-08 2.41569e-05 1.40115e-09 4.36847e-05 0.000402883 8.5817e-09 0.0136179 1.37707e-05 0.901852 6.41137e-05 
0.0198254 4.65828e-07 1.17611e-05 0.835735 0.0132349 0.000906575 3.73769e-05 0.0303721 0.0228245 0.0470401 1.75275e-05 9.16326e-08 0.000950335 4.67373e-07 0.002212 0.00589209 2.19623e-05 5.65791e-08 8.84956e-08 0.000101511 3.46534e-07 0.00633674 0.00610252 0.00825889 0.000117674 
6.84936e-05 0.000529084 7.14523e-07 0.000445822 0.000138179 0.00020439 1.65888e-07 0.000560243 1.81194e-07 0.000268304 3.06558e-07 8.32836e-05 0.000221121 0.000140709 0.00109285 6.00247e-05 1.06386e-07 7.14815e-08 1.11804e-07 0.000408385 4.37807e-07 0.00309656 0.000506469 0.992174 4.09449e-07 
0.0837608 0.00230834 2.05792e-05 0.00163289 0.000132931 0.00140076 0.000533668 0.000455182 2.00804e-07 0.0301209 3.98796e-07 3.15789e-07 0.000419482 4.07014e-05 0.0480198 4.91282e-08 0.10187 5.38829e-09 0.0157577 0.163665 0.0450331 0.00312986 3.28239e-07 0.501697 2.57869e-07 
0.0143499 7.55679e-10 9.17468e-10 0.00189903 0.000942677 0.0950335 1.28148e-07 9.52399e-08 2.32659e-10 2.22466e-10 0.000750048 1.4539e-07 3.07076e-06 7.58187e-10 5.59487e-10 1.10059e-07 1.36602e-10 9.17844e-11 0.128953 1.82105e-10 5.62158e-10 0.748199 0.00986952 1.35387e-10 3.07961e-07 
0.0132273 4.00673e-08 2.98239e-11 0.796521 0.00456515 0.0163004 0.000106971 0.00759383 0.000592528 0.000988208 2.4406e-05 3.63206e-10 0.00318487 3.95115e-05 1.10246e-05 1.55333e-08 6.33272e-07 2.98361e-12 0.0268076 0.0025077 1.82739e-11 0.0141062 0.11339 3.26329e-05 7.02205e-07 
0.00274437 1.89274e-07 9.77257e-10 0.00537692 0.00103754 0.000685273 0.00115706 0.00727962 2.47821e-10 0.00515915 4.19281e-10 0.00067961 2.8158e-07 6.15363e-07 8.94846e-06 1.3051e-09 0.000716282 9.77657e-11 0.00470961 2.31082e-06 5.98792e-10 1.37513e-10 0.0196155 0.950826 7.05344e-07 
0.0866752 1.15301e-10 7.73345e-07 0.305596 0.00190557 0.112557 3.25001e-11 0.0417741 1.01044e-07 3.17046e-08 7.50654e-07 2.26807e-11 0.196652 1.15683e-10 1.60312e-05 1.50571e-08 0.00116607 1.40043e-11 0.00286817 0.0138463 1.54074e-07 0.0206807 0.215292 0.000969408 8.28165e-07 
0.0119071 2.96499e-06 7.34677e-10 0.0028003 1.65016e-08 0.125213 1.92074e-07 0.0419741 2.48291e-07 0.649059 9.63617e-08 1.19033e-10 0.0017363 6.07129e-10 4.48018e-10 0.000317985 0.0123817 7.34977e-11 0.0146827 0.0885128 4.50156e-10 0.00151502 0.0458277 0.0040687 2.59107e-07 
0.81572 2.27648e-07 1.62485e-10 0.0327793 4.06607e-08 1.07325e-06 1.09436e-07 0.0160224 4.12042e-11 6.89518e-07 8.4359e-07 0.00023607 4.05902e-07 1.34276e-10 9.90858e-11 2.16994e-10 0.0615153 1.62551e-11 7.42426e-07 0.00054316 9.95587e-11 2.6067e-07 0.0731758 1.46983e-06 2.26266e-06 
0.0119071 2.96499e-06 7.34677e-10 0.0028003 1.65016e-08 0.125213 1.92074e-07 0.0419741 2.48291e-07 0.649059 9.63617e-08 1.19033e-10 0.0017363 6.07129e-10 4.48018e-10 0.000317985 0.0123817 7.34977e-11 0.0146827 0.0885128 4.50156e-10 0.00151502 0.0458277 0.0040687 2.59107e-07 
0.00713127 3.49944e-06 0.00419063 0.14117 0.0780436 0.113037 0.00100908 0.0282249 0.00157537 0.00127633 5.91192e-05 2.81959e-05 0.129855 0.0945629 0.00349853 1.4518e-05 0.0398201 8.9505e-07 0.00489125 0.00156563 6.73185e-06 0.0320157 0.163064 0.15204 0.00291605 
0.0506069 0.000515664 1.26335e-10 2.47447e-07 0.0420982 1.66553e-06 0.000516467 0.384055 4.19716e-07 0.0206461 4.88367e-08 1.94475e-07 0.0131567 1.04402e-10 7.55082e-07 1.68717e-10 1.35999e-06 1.26387e-11 0.0724251 8.77905e-08 7.74089e-11 0.0262459 0.221574 0.168154 7.67457e-07 
0.00935058 1.19385e-09 1.44945e-09 0.00114543 0.00517058 0.00744506 0.000112693 0.0852789 0.000533429 3.28031e-05 0.0317634 4.43348e-05 0.0580061 5.58271e-07 0.00351585 0.000321931 0.215039 1.45005e-10 0.00497954 0.0137289 7.60838e-05 0.0766082 0.0647336 0.422113 3.66895e-07 
0.124259 0.00150451 1.47374e-08 0.170777 0.0861407 0.111563 0.000400156 0.109389 0.0383912 0.00621502 0.141548 3.45339e-05 0.0157668 2.58516e-06 0.00376318 1.96814e-08 0.0425927 1.47434e-09 0.000480466 0.0142028 6.46422e-07 0.00170764 0.0301769 0.0666949 0.0343881 
1.02835e-06 4.92817e-10 5.98328e-10 0.000647528 9.04294e-06 1.66918e-06 8.69601e-06 0.0183404 5.82652e-06 9.43042e-06 3.20909e-06 6.68995e-07 1.18332e-06 4.94452e-10 1.13113e-05 3.59653e-06 0.00657611 5.98573e-11 0.00636606 1.85277e-06 3.30317e-07 2.50903e-06 1.06255e-06 0.968007 1.81753e-06 
9.00243e-05 5.08229e-06 6.1704e-06 0.000559022 0.000787828 0.000145913 0.000758723 0.000280912 0.000508961 1.49618e-06 0.000282092 9.99734e-07 0.000104324 5.09916e-06 0.994959 8.24042e-06 4.74673e-05 6.17292e-07 5.4777e-05 0.000162565 3.78077e-06 0.000219362 9.28034e-05 0.000752904 0.000161788 
0.0430863 0.00569408 3.33459e-09 0.00475112 0.0142526 0.0034293 0.00038804 0.00152703 0.00575618 2.36276e-06 1.41274e-05 5.40274e-10 4.6632e-07 6.09918e-05 0.0263274 2.35947e-06 2.80793e-07 3.33596e-10 0.00182928 0.721324 2.0432e-09 0.0226387 0.00032029 0.0994115 0.0491841 
0.0131337 1.17059e-08 1.42121e-08 0.0172452 0.0650951 0.0145671 0.00192317 0.0366581 0.000472425 0.0445301 1.36078e-06 1.01624e-06 0.000697503 3.88458e-05 0.0247311 4.74844e-07 0.00190275 1.42179e-09 0.0524388 0.0103453 4.09586e-07 0.0112758 0.0374831 0.660264 0.00719422 
