0.000939089 1.26974e-08 7.65223e-12 0.000243421 0.0562829 0.00100207 0.00728166 0.000395028 0.000561841 0.0210006 3.2831e-12 3.57458e-05 8.67258e-06 6.32372e-12 4.66645e-12 5.00131e-08 3.75911e-07 0.910852 2.42959e-07 5.0487e-05 4.68873e-12 0.000354677 7.65078e-07 0.000888785 0.000101713 
0.000349633 1.89523e-12 2.30099e-12 0.00114817 0.00781125 8.56562e-05 0.244388 0.00682586 0.00106109 0.000762629 9.87215e-13 1.07926e-08 1.5088e-06 2.12592e-05 2.61299e-05 3.32225e-06 0.000365444 0.7331 0.000833175 2.82919e-09 9.70431e-10 0.000747542 0.00207845 0.000371721 1.8799e-05 
0.0676856 2.7608e-05 5.43905e-08 0.00947826 0.0501292 0.00825505 0.00339797 0.0050674 0.000772299 0.0127788 0.00275683 0.000168194 0.00342773 6.93925e-05 0.00128133 1.96046e-05 0.00203802 0.750752 0.00150253 0.00233749 8.55613e-07 0.0024712 0.0704184 0.00440596 0.000758257 
0.00271538 1.22728e-12 1.60844e-08 0.00319166 0.0682284 0.006782 0.00490251 0.00108273 0.00150734 0.00147339 3.10639e-05 1.75663e-06 0.00617237 4.86322e-09 7.50517e-06 4.33907e-07 0.000836527 0.732582 0.000340729 0.000662258 5.38355e-10 0.0469727 0.120909 0.00105553 0.000544025 
0.00271538 1.22728e-12 1.60844e-08 0.00319166 0.0682284 0.006782 0.00490251 0.00108273 0.00150734 0.00147339 3.10639e-05 1.75663e-06 0.00617237 4.86322e-09 7.50517e-06 4.33907e-07 0.000836527 0.732582 0.000340729 0.000662258 5.38355e-10 0.0469727 0.120909 0.00105553 0.000544025 
0.0213247 0.00271251 0.000251847 0.0141293 0.240679 0.0223227 0.091851 0.025046 0.00766675 0.00671407 0.0103274 0.000637338 0.0033611 0.0118528 0.00139118 0.000745466 0.0125149 0.392639 0.0152807 0.0116368 0.000238403 0.0129761 0.0571821 0.0338696 0.00264965 
0.0141877 0.000764534 9.97044e-08 0.00475249 0.0042264 0.00255643 0.000525498 0.00392805 0.000108221 1.20454e-05 3.45387e-05 2.90485e-07 0.00526399 0.000131986 7.36743e-08 1.71268e-05 0.0017796 0.912055 0.0032549 6.00449e-05 4.33622e-07 0.041395 0.00486516 6.27772e-05 1.75717e-05 
0.020202 7.96728e-05 0.000773547 0.0089309 0.0834336 0.0321073 0.176782 0.027621 0.0605614 0.0297578 0.0368497 0.011857 0.0244112 8.79175e-05 0.00112177 1.2231e-05 0.00684857 0.39424 0.0110627 0.0139041 9.62837e-06 0.00881521 0.0249529 0.0253637 0.000213576 
0.00181026 1.1324e-12 1.08082e-08 0.00212778 0.0539353 0.00452135 0.00364281 0.000721827 0.0010049 0.000982276 2.07117e-05 1.17162e-06 0.00411495 3.28871e-09 5.00483e-06 2.89768e-07 0.000557689 0.812897 0.000227156 0.000441509 4.51381e-10 0.0313152 0.0806063 0.000703693 0.000362697 
0.000496481 1.0433e-08 9.63938e-11 0.00284505 0.207899 0.0588697 0.039231 0.0825851 0.00152197 0.000177079 0.00107042 1.41324e-05 0.00162264 1.02053e-05 3.00721e-07 2.30384e-08 0.00679888 0.5352 0.00802593 0.00773133 6.03952e-09 0.0349841 0.00143389 0.00924059 0.000241951 
0.00826883 0.00020179 3.33181e-06 0.0116588 0.21691 0.0118663 0.136537 0.0273196 0.00347873 0.00211043 0.00314902 5.71129e-05 0.00407981 0.000161223 0.00347802 0.000268774 0.0067978 0.520123 0.00044576 0.00539021 4.8193e-06 0.00361094 0.0291182 0.00491872 4.14505e-05 
0.000774125 1.14207e-05 2.72859e-10 0.00202933 0.0802166 0.293642 0.0192307 0.0113065 0.00162911 0.000341311 2.85684e-07 1.83001e-05 3.22928e-05 9.09394e-07 0.000197943 1.22136e-05 0.000220621 0.326442 0.00025191 0.000166775 6.2418e-07 0.0118607 0.230586 0.02099 3.82379e-05 
0.0261918 0.00319326 2.97125e-05 0.00845079 0.230079 0.0230365 0.015364 0.0249513 0.00564572 0.00527976 0.000538504 6.58893e-05 0.00768341 0.000604399 0.00191992 1.76281e-05 0.00393612 0.516916 0.0152552 0.0030401 1.53206e-06 0.0254266 0.0616561 0.0199745 0.000742509 
0.0242733 2.14581e-05 7.77799e-10 0.007393 0.338478 0.02334 0.00385461 0.0112464 0.0796331 0.00400795 0.000933268 1.83967e-07 0.000454628 0.000213643 3.2693e-05 2.5946e-07 0.00621445 0.395416 0.000537977 0.000831417 3.11543e-08 0.0108947 0.0462032 0.0459563 6.38333e-05 
0.000939089 1.26974e-08 7.65223e-12 0.000243421 0.0562829 0.00100207 0.00728166 0.000395028 0.000561841 0.0210006 3.2831e-12 3.57458e-05 8.67258e-06 6.32372e-12 4.66645e-12 5.00131e-08 3.75911e-07 0.910852 2.42959e-07 5.0487e-05 4.68873e-12 0.000354677 7.65078e-07 0.000888785 0.000101713 
0.00244541 3.51974e-06 1.09435e-08 0.00349217 0.109938 0.00723346 0.0044412 0.00206141 0.00302135 0.0125044 0.00103834 4.04042e-05 0.000174233 9.02338e-07 0.00287452 1.61881e-06 0.00180779 0.815897 0.000191214 0.000621945 2.12302e-08 0.000599759 0.0276118 0.00278219 0.00121725 
0.0612262 0.000237148 2.55522e-07 0.0245373 0.112752 0.0645538 0.00543589 0.0225642 0.00914182 0.0068495 0.00125973 0.00130075 0.00295145 0.00222512 0.00134055 4.83317e-05 0.00701599 0.451826 0.0361879 0.00383094 7.10886e-07 0.0215129 0.04202 0.120867 0.000314234 
0.000388261 3.41294e-12 4.14365e-12 0.00294091 0.0373486 0.000337862 0.000434463 0.00296523 0.00376295 3.6962e-05 1.36742e-05 6.71358e-13 1.46882e-05 1.67424e-08 0.000295478 5.53374e-12 0.00210129 0.945824 2.36923e-05 0.000289891 2.53892e-12 0.00147646 0.00144148 0.00030442 1.69214e-08 
0.00561024 5.33481e-06 8.70486e-10 0.000643064 0.10906 0.0185445 0.00682943 0.00280799 0.00456435 0.0119389 0.000233113 6.62877e-06 0.000216279 2.2347e-06 6.71105e-05 2.07044e-06 0.000440725 0.754011 0.000896558 0.00101808 3.9405e-07 0.000225147 0.0712457 0.00941896 0.00221253 
0.00271538 1.22728e-12 1.60844e-08 0.00319166 0.0682284 0.006782 0.00490251 0.00108273 0.00150734 0.00147339 3.10639e-05 1.75663e-06 0.00617237 4.86322e-09 7.50517e-06 4.33907e-07 0.000836527 0.732582 0.000340729 0.000662258 5.38355e-10 0.0469727 0.120909 0.00105553 0.000544025 
0.0846544 1.36125e-05 1.13536e-10 0.00991134 0.0331243 0.006531 0.00367013 0.0582562 0.00186973 0.0953619 9.97848e-05 0.0128831 0.0015881 0.00200325 0.000214756 1.1366e-05 0.0835174 0.301337 0.0516624 0.00213141 4.14286e-06 0.0295403 0.21194 0.00925109 0.000423117 
0.00303722 0.0179617 1.05688e-06 0.00187274 0.0321288 0.000781618 0.00789521 0.0153707 0.000244347 0.00108745 0.00580024 0.000165009 0.00130923 0.000433219 0.00825878 0.000456578 1.5736e-07 0.639509 0.000350755 6.76617e-05 0.000181712 0.00662567 0.0016435 0.254696 0.000120955 
0.00405713 3.81102e-06 6.47166e-10 0.000459333 0.0806058 0.013256 0.00538852 0.00205454 0.00331211 0.00862013 0.000166511 4.73503e-06 0.000154486 2.57137e-06 4.7937e-05 1.47918e-06 0.000320101 0.820607 0.0006404 0.000727205 2.81536e-07 0.000160821 0.0510901 0.00673861 0.00158038 
0.00181026 1.1324e-12 1.08082e-08 0.00212778 0.0539353 0.00452135 0.00364281 0.000721827 0.0010049 0.000982276 2.07117e-05 1.17162e-06 0.00411495 3.28871e-09 5.00483e-06 2.89768e-07 0.000557689 0.812897 0.000227156 0.000441509 4.51381e-10 0.0313152 0.0806063 0.000703693 0.000362697 
9.73504e-05 1.38148e-08 9.60601e-12 6.80366e-05 0.398528 0.0279307 0.128621 9.13974e-08 0.000622823 0.00929785 3.83161e-09 2.15981e-05 6.74106e-09 8.92702e-06 2.21177e-08 2.40081e-07 1.45373e-08 0.428998 0.000134154 0.000222363 1.38096e-06 0.000182103 0.00484404 0.000382378 3.89502e-05 
0.00317119 2.97695e-06 7.981e-08 0.00367566 0.0841429 0.021277 0.00374271 0.00617788 0.00144069 0.00247955 0.00209382 1.00632e-05 0.00245624 1.4691e-05 0.000337388 4.02165e-06 0.00177571 0.816027 0.00591315 0.00142795 1.77518e-06 0.00267693 0.0351592 0.00332034 0.0026711 
0.00343224 3.52097e-06 1.10562e-08 0.00378806 0.136897 0.00748868 0.0577981 0.0102017 0.00185929 0.0118348 0.00151235 5.05028e-05 0.00270383 9.04473e-06 0.00228528 7.6915e-06 0.00142562 0.715175 0.000394344 0.00175934 2.49842e-08 0.000346274 0.0361917 0.00316566 0.00166936 
0.00261166 1.08939e-05 5.07885e-11 0.00232312 0.121016 0.00634684 0.00425348 0.000893436 0.000583836 0.00107572 7.23367e-05 1.80954e-05 1.3801e-05 0.000257548 7.61071e-05 6.93725e-07 8.03307e-05 0.804845 0.000509102 0.000530079 5.1433e-07 0.0016577 0.0277381 0.0241927 0.000892799 
0.00259106 6.27285e-06 3.1828e-07 0.00166303 0.323919 0.00812922 0.0101441 0.00122694 0.00135327 0.0386913 0.00202602 0.000201724 8.5534e-05 2.66998e-05 0.00391157 2.31286e-06 0.00207877 0.558092 0.000398455 0.000316172 0.0105187 3.62724e-05 0.0212191 0.0122415 0.00112054 
0.0840073 0.000284903 2.30172e-08 0.0309202 0.135112 0.0209595 0.102014 0.0467024 0.00216808 0.00216837 0.00572879 0.000480416 0.0175136 0.00197454 0.0055529 1.95857e-05 0.0605641 0.272935 0.0386667 0.0179047 1.61812e-05 0.0168791 0.122462 0.0143307 0.000633937 
0.0466362 0.00422597 1.14775e-08 0.074877 0.0616824 0.0617573 0.000309362 0.0466472 0.000938932 0.00854822 0.0100582 0.000130393 0.00514527 7.33481e-07 0.0325526 1.19626e-05 0.00722866 0.512151 0.000220448 0.0025519 0.000306182 0.00765422 0.0256789 0.0842326 0.00645464 
0.0100728 2.82362e-05 3.9258e-06 0.0091321 0.275106 0.0491669 0.0638336 0.0124524 0.00234902 0.00179596 0.00147206 3.59855e-05 0.000458371 0.000930736 0.000580596 0.000148899 0.00204237 0.415729 0.00198221 0.0157529 9.49739e-07 0.00228383 0.122486 0.00954688 0.00260796 
4.81836e-13 5.17263e-12 6.28008e-12 6.07911e-09 0.469407 0.000980395 0.0518284 0.000665613 0.000141914 4.57001e-05 0.000616836 6.84294e-06 6.40683e-09 5.1898e-12 3.8297e-12 8.38689e-12 8.79034e-09 0.475999 9.82671e-13 1.24651e-12 3.84797e-12 8.83692e-13 2.76733e-13 0.000308327 1.43953e-07 
0.0290965 0.00458922 1.16714e-07 0.00630186 0.129314 0.0258123 0.0144064 0.0121985 0.00532724 0.0235501 0.00257116 0.00191551 0.0190833 0.000479036 0.00607806 3.53464e-05 0.0123048 0.607848 0.0186118 0.00244577 7.17706e-05 0.00603625 0.0464238 0.0223088 0.00319026 
0.00375998 5.12571e-09 6.46328e-06 0.00233856 0.0408233 4.04901e-09 0.212887 0.316429 0.00144291 0.000508651 8.08367e-06 1.53815e-07 2.06247e-05 1.88588e-05 1.46347e-05 6.07211e-07 6.83042e-05 0.389482 1.55872e-06 5.3052e-06 3.81307e-09 0.0011042 0.000661952 0.0304181 3.56608e-09 
0.00209986 5.91895e-05 3.94084e-09 0.00251941 0.0637936 0.00412646 0.0459382 0.00534826 0.00317184 0.00329628 0.000129212 1.84693e-05 0.000835425 4.2048e-05 0.000632558 1.52039e-06 0.00139807 0.833409 0.00145761 0.000333461 1.40762e-07 0.00593608 0.0182006 0.00339604 0.00385654 
5.62304e-06 2.27249e-09 4.25448e-10 2.13402e-05 0.139733 0.00569116 0.0076676 0.00511138 0.000218569 1.8821e-05 0.000896253 1.98407e-05 0.00123761 1.08709e-06 1.85516e-12 5.02691e-09 0.000181066 0.839022 2.26396e-07 2.19588e-08 1.31305e-09 2.14136e-07 2.0771e-05 3.43206e-05 0.000119996 
0.000388261 3.41294e-12 4.14365e-12 0.00294091 0.0373486 0.000337862 0.000434463 0.00296523 0.00376295 3.6962e-05 1.36742e-05 6.71358e-13 1.46882e-05 1.67424e-08 0.000295478 5.53374e-12 0.00210129 0.945824 2.36923e-05 0.000289891 2.53892e-12 0.00147646 0.00144148 0.00030442 1.69214e-08 
0.00801926 6.72906e-06 2.21022e-08 0.016647 0.365387 0.01166 0.0403651 0.00518545 0.00598189 0.0335934 0.00165431 0.000179671 0.000711801 1.34577e-06 0.0367143 3.09963e-06 0.000941751 0.373906 0.000743875 0.000447438 6.6612e-07 0.00097499 0.0810694 0.0138186 0.00198693 
0.000908195 1.93807e-07 7.15871e-09 0.000858424 0.322667 0.00556932 0.00719981 0.000882278 0.00293178 0.0163696 1.32794e-05 9.23233e-05 5.29711e-05 1.1554e-05 2.76741e-05 1.41996e-07 0.000328235 0.616076 0.000380918 0.000823386 2.79834e-07 0.00360579 0.0198917 0.000987996 0.000321008 
0.0235226 0.00074845 9.11575e-07 0.0530749 0.0577029 0.0868244 0.0197245 0.0101605 0.0117338 0.0115271 0.00341212 0.000110473 0.00256327 0.00026821 0.0167353 1.17678e-05 0.00295003 0.614514 0.00264072 0.00270706 8.6275e-05 0.00724819 0.0371696 0.0307671 0.00379625 
5.62304e-06 2.27249e-09 4.25448e-10 2.13402e-05 0.139733 0.00569116 0.0076676 0.00511138 0.000218569 1.8821e-05 0.000896253 1.98407e-05 0.00123761 1.08709e-06 1.85516e-12 5.02691e-09 0.000181066 0.839022 2.26396e-07 2.19588e-08 1.31305e-09 2.14136e-07 2.0771e-05 3.43206e-05 0.000119996 
0.00518273 4.36814e-12 5.30335e-12 0.0120742 0.0572902 0.00150575 0.00907002 0.0111929 0.00998033 0.000109521 3.04362e-05 3.55631e-06 4.92925e-05 1.80976e-06 0.000401316 3.42116e-09 0.00427392 0.849107 9.25504e-05 0.000498083 4.46571e-10 0.00415189 0.0332934 0.00163863 5.20809e-05 
0.0324091 0.000316155 2.54871e-07 0.00818566 0.00870426 0.000883607 0.0205042 0.0058655 0.000928543 0.000802074 0.00015736 2.88474e-05 0.0019239 7.18496e-05 4.43033e-05 9.23784e-06 0.00208927 0.892735 0.00247842 0.00017884 6.53204e-07 0.00923673 0.0116764 0.000747586 2.25287e-05 
0.0111399 1.15738e-11 1.40518e-11 0.00410525 0.0174295 0.00151803 0.00016808 0.00195423 4.82288e-06 2.15885e-05 0.00180399 6.79097e-09 0.000113239 6.39899e-05 8.56899e-12 1.14797e-08 0.000332842 0.917946 0.000642629 3.17649e-05 8.60989e-12 8.9151e-08 0.0424002 0.000323895 1.16518e-09 
0.000373476 8.64506e-07 5.87123e-10 0.000789679 0.117333 0.000239752 0.132621 0.0107148 0.0036517 0.00404718 0.000135035 1.35231e-05 3.45559e-05 0.000495911 5.98905e-05 0.000172377 0.000245772 0.720455 0.000394368 1.05442e-05 9.55868e-11 0.00537305 0.00142257 0.00138407 3.2606e-05 
0.000774125 1.14207e-05 2.72859e-10 0.00202933 0.0802166 0.293642 0.0192307 0.0113065 0.00162911 0.000341311 2.85684e-07 1.83001e-05 3.22928e-05 9.09394e-07 0.000197943 1.22136e-05 0.000220621 0.326442 0.00025191 0.000166775 6.2418e-07 0.0118607 0.230586 0.02099 3.82379e-05 
0.000505691 2.53221e-12 3.07435e-12 0.00172226 0.0102329 0.000126857 0.361741 0.0100716 0.00153672 0.00105322 1.31902e-12 1.51889e-08 2.26302e-06 2.68974e-05 3.91937e-05 4.98255e-06 0.000532704 0.606425 0.00124975 3.98161e-09 1.37553e-09 0.00112131 0.00302628 0.000553054 2.81975e-05 
0.0146974 0.000120985 3.69663e-07 0.0134177 0.00442557 0.00132662 0.00028492 0.00316304 9.73064e-05 7.06782e-05 3.92137e-05 6.53846e-06 0.00309496 9.0155e-05 2.37368e-06 8.96834e-06 0.00109575 0.913694 0.00475424 0.000833116 2.16227e-07 0.015171 0.0139685 7.30609e-05 0.00956329 
0.0388836 6.07004e-06 3.73683e-08 0.0205704 0.0579156 0.0341251 0.00277229 0.0280114 0.00801231 0.0132369 0.0014285 0.00269392 0.00711895 0.00134223 0.000786016 1.38375e-05 0.0330677 0.287864 0.00602704 0.0125193 4.24528e-06 0.00390883 0.281569 0.155817 0.00230593 
0.0067194 4.5901e-09 1.54491e-11 0.00370527 0.0732227 0.00133688 0.0162914 0.00840219 0.00490797 6.4837e-05 0.000196721 1.10048e-05 5.87016e-05 0.0127636 5.4818e-05 5.13517e-07 0.0019183 0.832384 0.000187729 0.000162409 4.23527e-07 0.00107564 0.0345944 0.00191273 2.83903e-05 
0.0149269 2.77346e-08 1.91316e-07 0.0596809 0.0507657 3.08299e-06 0.0021773 0.0217778 0.00615886 0.00723177 0.00255739 6.99069e-05 0.00209505 3.09208e-05 0.00239122 2.56773e-05 0.00412072 0.783116 0.00127068 0.00403789 5.19058e-07 0.00722492 0.0225767 0.00733027 0.00042921 
0.166175 3.79828e-05 1.22625e-06 0.0277917 0.00192674 0.000658229 0.000284654 0.00634514 5.67427e-05 0.000419321 0.000952658 4.88978e-05 0.00842694 0.000175609 5.81178e-06 1.93405e-05 0.0016866 0.728361 0.00218217 0.00293687 1.65032e-06 0.00659802 0.0438685 0.00102237 1.74629e-05 
0.00939251 5.13413e-07 1.17382e-10 0.0120733 0.268242 0.00628401 0.0741305 0.0520083 0.0155681 0.000434595 0.000147924 2.40265e-06 0.00088454 3.51492e-07 0.00325272 7.80925e-06 0.0125589 0.405633 0.00635385 0.00137173 6.47366e-07 0.0109744 0.110674 0.00841 0.00159433 
0.000939089 1.26974e-08 7.65223e-12 0.000243421 0.0562829 0.00100207 0.00728166 0.000395028 0.000561841 0.0210006 3.2831e-12 3.57458e-05 8.67258e-06 6.32372e-12 4.66645e-12 5.00131e-08 3.75911e-07 0.910852 2.42959e-07 5.0487e-05 4.68873e-12 0.000354677 7.65078e-07 0.000888785 0.000101713 
5.62304e-06 2.27249e-09 4.25448e-10 2.13402e-05 0.139733 0.00569116 0.0076676 0.00511138 0.000218569 1.8821e-05 0.000896253 1.98407e-05 0.00123761 1.08709e-06 1.85516e-12 5.02691e-09 0.000181066 0.839022 2.26396e-07 2.19588e-08 1.31305e-09 2.14136e-07 2.0771e-05 3.43206e-05 0.000119996 
0.000939089 1.26974e-08 7.65223e-12 0.000243421 0.0562829 0.00100207 0.00728166 0.000395028 0.000561841 0.0210006 3.2831e-12 3.57458e-05 8.67258e-06 6.32372e-12 4.66645e-12 5.00131e-08 3.75911e-07 0.910852 2.42959e-07 5.0487e-05 4.68873e-12 0.000354677 7.65078e-07 0.000888785 0.000101713 
0.000774125 1.14207e-05 2.72859e-10 0.00202933 0.0802166 0.293642 0.0192307 0.0113065 0.00162911 0.000341311 2.85684e-07 1.83001e-05 3.22928e-05 9.09394e-07 0.000197943 1.22136e-05 0.000220621 0.326442 0.00025191 0.000166775 6.2418e-07 0.0118607 0.230586 0.02099 3.82379e-05 
0.013871 0.000390327 1.36102e-09 0.00622065 0.137996 0.025295 0.00340918 0.01506 0.00615254 0.00941631 0.00839048 4.164e-05 0.0136053 0.000572589 0.0020261 3.974e-06 0.00907299 0.640392 0.00475466 0.00284106 1.60279e-06 0.00632189 0.0548029 0.0268469 0.0125155 
0.000373775 4.68155e-08 1.74499e-09 0.00213789 0.155942 0.0812185 0.029441 0.107861 0.0011448 0.000133864 0.000806649 1.08815e-05 0.0012199 8.46416e-06 1.33678e-06 1.0274e-07 0.00510488 0.568307 0.00602728 0.00581455 2.72806e-08 0.0262488 0.00107696 0.00693646 0.000183877 
0.00413313 1.3182e-05 3.97747e-08 0.00255106 0.169272 0.0185628 0.0105534 0.00129521 0.00221824 0.0431454 0.00324909 0.000151494 0.00030112 3.48431e-08 0.00514431 6.05597e-06 0.000984672 0.655383 0.000405014 0.000878692 4.69871e-08 0.000139473 0.0712476 0.00646289 0.00390212 
0.000349633 1.89523e-12 2.30099e-12 0.00114817 0.00781125 8.56562e-05 0.244388 0.00682586 0.00106109 0.000762629 9.87215e-13 1.07926e-08 1.5088e-06 2.12592e-05 2.61299e-05 3.32225e-06 0.000365444 0.7331 0.000833175 2.82919e-09 9.70431e-10 0.000747542 0.00207845 0.000371721 1.8799e-05 
0.0326681 0.000183357 3.26656e-05 0.0127213 0.0775418 0.0276144 0.00197072 0.0192213 0.00514358 0.00344057 0.00737291 0.000117582 0.0122567 1.01348e-05 0.00125859 3.52156e-05 0.0343477 0.35568 0.0207379 0.00610171 1.48633e-06 0.328334 0.0325682 0.00695119 0.0136891 
0.0462518 1.99566e-05 2.14514e-06 0.00609525 0.148409 0.0090875 0.0142577 0.0023695 0.00036506 0.000298115 0.00155908 7.45793e-06 0.00010449 3.04606e-06 1.57158e-05 1.75245e-05 0.000972036 0.492785 0.000949605 0.00149496 4.46144e-06 0.0465307 0.159659 0.0663298 0.00241104 
0.0223576 6.42478e-05 1.31332e-07 0.00579685 0.295266 0.0133469 0.0599111 0.0333959 0.00765724 0.00516652 0.00262957 4.28924e-05 0.00869059 5.51608e-05 0.00152514 1.40935e-05 0.0101717 0.437855 0.000918193 0.00304983 0.00238595 0.0106269 0.0582025 0.0193204 0.00154926 
0.0451071 1.02082e-05 4.04557e-10 0.00492504 0.0528941 0.0105093 0.00936391 0.0294168 0.00635407 0.0119795 0.000285571 0.0031141 0.000946546 0.0148581 0.000254811 7.09832e-06 0.0391126 0.570956 0.0186972 0.00150314 4.94076e-06 0.00658135 0.148601 0.0127336 0.0117839 
0.0148219 1.50767e-08 1.35655e-11 0.0031486 0.0142751 0.138497 0.00079674 0.00675902 0.00106231 0.00731922 0.000205661 0.00377221 0.00655019 0.00413615 1.89866e-07 4.58555e-06 0.09953 0.512105 0.0988382 0.00454389 6.2013e-08 0.0568981 0.0256352 0.0011005 1.59579e-07 
0.0210709 5.74765e-07 5.74546e-07 0.0136434 0.0717358 5.75677e-07 0.148364 0.0344811 0.0106468 0.0032233 5.75254e-07 5.75587e-07 0.00259046 5.74762e-07 0.00523336 5.74129e-07 5.75603e-07 0.632193 0.00523847 5.75541e-07 0.00074811 5.75613e-07 0.0107092 0.0348822 0.00523379 
0.0685361 2.07917e-07 2.07838e-07 0.129398 0.106361 0.0365059 0.00412223 0.023114 0.0316426 0.00801507 0.00420371 2.08215e-07 0.00135347 2.07916e-07 0.00809194 2.07687e-07 0.0935327 0.27211 2.08217e-07 0.0144908 2.08012e-07 0.0532431 0.11563 0.0255697 0.00407761 
0.00221597 2.63073e-06 4.3802e-06 4.64661e-05 0.429511 0.0178475 0.00961325 0.0303006 0.0113065 0.00160331 0.00409196 3.00879e-05 0.000454755 7.48372e-07 9.45088e-11 1.47434e-06 0.0020747 0.444136 0.00916806 1.76211e-05 8.66085e-09 0.037218 0.000215625 0.000139466 7.77719e-08 
0.0342978 0.0140058 0.000263386 0.00933225 0.202433 0.00736938 0.0571869 0.0174464 0.0861192 0.00781336 0.000577271 4.22667e-05 0.00326664 6.71683e-07 0.0205314 2.1665e-05 0.000967906 0.370892 0.00100211 0.00100748 1.7768e-05 0.0188226 0.0803219 0.0658719 0.00038866 
8.4566e-05 5.47799e-05 1.89866e-10 5.38884e-06 0.134698 6.92904e-09 0.0109601 0.000678645 0.000160188 4.60383e-11 1.62942e-05 1.77239e-06 0.00170901 0.00122299 1.15784e-10 2.53562e-10 0.000111012 0.843207 0.00109463 2.21332e-07 1.16336e-10 5.65077e-06 0.00265117 0.00105509 0.00228306 
0.037922 0.000140529 0.00213941 0.0116961 0.167412 0.0542564 0.0923681 0.0176267 0.0222834 0.203403 0.00165267 0.0120615 0.000622497 0.00350302 0.00357794 4.20454e-05 0.00354407 0.214207 0.0432245 0.0120901 2.18676e-05 0.0114154 0.061758 0.0167807 0.00625171 
0.0461573 0.00019142 5.51926e-07 0.0117034 0.0383368 0.00410451 0.00255271 0.00672261 0.000137111 0.000224784 0.00140651 5.48597e-05 0.00704786 7.13111e-05 1.34785e-06 7.98545e-06 0.00108024 0.850995 0.00360099 0.00124955 6.83799e-07 0.00773788 0.015782 0.000758038 7.42362e-05 
0.000305245 7.6431e-05 6.64598e-12 0.000429842 0.398496 0.023303 0.0287624 0.0271639 0.00411686 2.78021e-05 0.000786723 2.72402e-05 0.0029511 2.35044e-07 5.33641e-05 6.57372e-09 0.0105408 0.481434 0.000996559 0.000358209 1.07653e-09 0.000225102 0.0166642 0.00323059 5.04968e-05 
0.00426933 1.03033e-06 4.6403e-10 0.0020489 0.0859261 0.0061974 0.0594724 0.0137146 0.00283832 0.00250904 0.000316937 4.30381e-06 0.00276994 1.04013e-05 6.2947e-05 5.06468e-06 0.00100337 0.781327 0.000676495 0.00203628 8.56386e-08 0.000427421 0.0301109 0.00334185 0.000930259 
0.0103948 0.00162169 2.33625e-07 0.0085611 0.0927917 0.0248127 0.0372802 0.0128594 0.0029488 0.0102637 0.0016546 0.00521169 0.00278033 0.000108149 0.00165308 0.00024743 0.0173057 0.684051 0.0136741 0.00382011 6.23633e-05 0.0189121 0.0422399 0.00607486 0.000670358 
0.00175563 1.88131e-06 3.2605e-10 0.000249826 0.046004 0.0271498 0.00638263 0.00264733 0.000980236 0.00704246 0.000350444 1.52618e-05 0.000272553 2.6226e-06 4.15618e-05 2.02636e-06 0.000485521 0.880574 0.00303439 0.000379716 1.42136e-07 0.00190683 0.0182337 0.00206826 0.000419252 
0.000349633 1.89523e-12 2.30099e-12 0.00114817 0.00781125 8.56562e-05 0.244388 0.00682586 0.00106109 0.000762629 9.87215e-13 1.07926e-08 1.5088e-06 2.12592e-05 2.61299e-05 3.32225e-06 0.000365444 0.7331 0.000833175 2.82919e-09 9.70431e-10 0.000747542 0.00207845 0.000371721 1.8799e-05 
0.00120414 4.25323e-11 5.16383e-11 0.00187396 0.281809 0.00537031 0.158155 0.104021 0.00375098 0.000605399 0.000240016 1.961e-09 0.000978705 1.24227e-05 7.17161e-05 1.41971e-08 0.000975591 0.433776 0.000704115 0.000757776 8.30899e-09 0.0032727 0.00093491 0.00141333 7.25806e-05 
0.00316166 1.16868e-05 6.58541e-09 0.000251875 0.0718067 0.0477617 0.0367581 0.00400443 0.00145361 0.00288168 0.000144428 6.35366e-06 0.000370736 5.83443e-06 1.45078e-05 9.18298e-06 0.00189335 0.786564 0.00426216 0.000363533 1.793e-07 0.00516154 0.0299585 0.00270586 0.000448802 
0.00181026 1.1324e-12 1.08082e-08 0.00212778 0.0539353 0.00452135 0.00364281 0.000721827 0.0010049 0.000982276 2.07117e-05 1.17162e-06 0.00411495 3.28871e-09 5.00483e-06 2.89768e-07 0.000557689 0.812897 0.000227156 0.000441509 4.51381e-10 0.0313152 0.0806063 0.000703693 0.000362697 
0.00413313 1.3182e-05 3.97747e-08 0.00255106 0.169272 0.0185628 0.0105534 0.00129521 0.00221824 0.0431454 0.00324909 0.000151494 0.00030112 3.48431e-08 0.00514431 6.05597e-06 0.000984672 0.655383 0.000405014 0.000878692 4.69871e-08 0.000139473 0.0712476 0.00646289 0.00390212 
0.00358747 5.36574e-05 7.5477e-08 0.00121225 0.0542176 0.00616885 0.00337961 0.00471077 0.000168009 2.38733e-05 0.000335622 6.66183e-06 0.0032781 4.31477e-05 4.65929e-10 5.39021e-06 0.000874952 0.899126 0.00325467 4.84189e-05 1.78664e-07 0.0175264 0.00174762 0.000142007 8.82637e-05 
0.00143754 1.91139e-05 2.32192e-10 6.84253e-05 0.0699309 0.105863 0.101691 0.00652625 0.000290386 0.000169498 2.67853e-05 3.92851e-06 0.000366538 7.65202e-06 3.86407e-09 2.43282e-05 0.00446942 0.66655 0.00969505 9.72378e-05 6.41055e-08 0.0191691 0.0130704 0.000513387 1.01947e-05 
0.000172462 1.46175e-08 5.19565e-12 4.00455e-09 0.0038332 4.6755e-13 1.83444e-08 2.03001e-09 1.66684e-08 3.10929e-08 2.22914e-12 2.78316e-08 1.08152e-12 4.29363e-12 3.16839e-12 2.16091e-09 3.723e-09 0.824628 2.48275e-07 1.03127e-12 3.18352e-12 2.59304e-08 3.87716e-05 1.54713e-08 0.171327 
0.13257 6.72603e-12 8.16605e-12 0.054053 0.081844 4.24072e-06 0.00144533 0.134186 0.0105995 0.0029914 0.00921355 9.83618e-06 0.00245498 0.000123152 0.141863 0.000182292 0.00268381 0.26751 0.00190325 0.0321395 4.71556e-08 0.0113379 0.0845569 0.00892497 0.019404 
0.00124996 0.000729182 2.18191e-09 0.0014826 0.142463 0.009328 0.00508538 0.00360432 0.00182613 0.000781943 9.59604e-05 2.31849e-05 0.000890536 9.68382e-05 7.37375e-05 1.62859e-06 0.000256927 0.764077 0.000337491 0.000363331 9.31202e-07 0.0157443 0.0350657 0.0106172 0.00580456 
1.25182e-07 9.50512e-09 1.30277e-10 0.000242785 0.0302152 2.69474e-08 0.000526999 0.00276521 0.00015267 0.000186185 1.38599e-05 5.42153e-07 0.000106387 2.96694e-09 1.67326e-05 1.50357e-11 2.22895e-05 0.965216 1.75003e-05 5.58841e-05 6.89852e-12 1.34349e-08 0.000123966 0.000337581 2.10793e-08 
0.000349633 1.89523e-12 2.30099e-12 0.00114817 0.00781125 8.56562e-05 0.244388 0.00682586 0.00106109 0.000762629 9.87215e-13 1.07926e-08 1.5088e-06 2.12592e-05 2.61299e-05 3.32225e-06 0.000365444 0.7331 0.000833175 2.82919e-09 9.70431e-10 0.000747542 0.00207845 0.000371721 1.8799e-05 
0.00152454 4.52893e-07 8.39923e-11 0.000194586 0.212487 0.00160355 0.0441541 0.000522275 0.00823077 0.0352828 3.6036e-11 6.16126e-05 0.00111896 6.94104e-11 0.000846867 5.75486e-08 0.00192203 0.647296 0.000764401 0.00479866 5.14644e-11 0.00676225 0.0268813 0.00543314 0.000114617 
1.25182e-07 9.50512e-09 1.30277e-10 0.000242785 0.0302152 2.69474e-08 0.000526999 0.00276521 0.00015267 0.000186185 1.38599e-05 5.42153e-07 0.000106387 2.96694e-09 1.67326e-05 1.50357e-11 2.22895e-05 0.965216 1.75003e-05 5.58841e-05 6.89852e-12 1.34349e-08 0.000123966 0.000337581 2.10793e-08 
0.038862 0.000960953 1.85804e-06 0.047244 0.195878 0.0590164 0.0492554 0.0585774 0.0352935 0.00595624 0.00109246 9.14647e-05 0.00509699 2.08851e-05 0.000928185 0.00246121 0.0116562 0.330965 0.0144798 0.00146209 1.20972e-05 0.0408194 0.0641276 0.0349271 0.000812932 
0.0617783 2.16759e-10 2.63167e-10 0.0280159 0.238926 9.71995e-07 0.19419 0.0204245 0.00105853 0.00457454 0.000756103 0.000177846 2.26691e-06 7.22667e-07 0.000864594 4.45515e-07 0.0382485 0.253359 0.030755 0.000994856 5.79663e-08 0.00521984 0.115103 0.00478507 0.000763782 
0.000388261 3.41294e-12 4.14365e-12 0.00294091 0.0373486 0.000337862 0.000434463 0.00296523 0.00376295 3.6962e-05 1.36742e-05 6.71358e-13 1.46882e-05 1.67424e-08 0.000295478 5.53374e-12 0.00210129 0.945824 2.36923e-05 0.000289891 2.53892e-12 0.00147646 0.00144148 0.00030442 1.69214e-08 
0.000496481 1.0433e-08 9.63938e-11 0.00284505 0.207899 0.0588697 0.039231 0.0825851 0.00152197 0.000177079 0.00107042 1.41324e-05 0.00162264 1.02053e-05 3.00721e-07 2.30384e-08 0.00679888 0.5352 0.00802593 0.00773133 6.03952e-09 0.0349841 0.00143389 0.00924059 0.000241951 
0.00118555 6.59748e-07 2.27819e-09 0.00169098 0.0256632 0.0207608 0.00198199 0.00545883 0.000413878 0.000631661 0.000300187 8.64327e-06 0.00100237 6.83182e-06 0.000516267 1.82849e-06 0.00116317 0.912006 0.00809391 0.000482317 3.77266e-07 0.00391465 0.0118898 0.0015026 0.00132346 
0.00274615 7.41414e-08 9.7309e-10 0.00295345 0.0328574 0.00442706 0.154479 0.0082044 0.00138725 0.00721009 8.81783e-05 3.89703e-05 0.000490017 1.29857e-05 5.96363e-05 0.000234078 0.00283157 0.730091 0.00753935 0.00020388 2.12618e-07 0.00926276 0.0319091 0.00190956 0.00106332 
0.00271538 1.22728e-12 1.60844e-08 0.00319166 0.0682284 0.006782 0.00490251 0.00108273 0.00150734 0.00147339 3.10639e-05 1.75663e-06 0.00617237 4.86322e-09 7.50517e-06 4.33907e-07 0.000836527 0.732582 0.000340729 0.000662258 5.38355e-10 0.0469727 0.120909 0.00105553 0.000544025 
0.00219689 1.58247e-11 1.92128e-11 0.000307199 0.057663 7.65635e-05 0.00370641 0.00632254 0.00163237 2.7649e-05 0.000332997 2.79796e-06 7.23334e-06 0.076403 8.26503e-05 2.17353e-08 0.00448493 0.843137 0.000309607 2.57953e-05 1.41225e-06 0.000100855 0.00262092 0.000558106 2.25086e-08 
0.00405713 3.81102e-06 6.47166e-10 0.000459333 0.0806058 0.013256 0.00538852 0.00205454 0.00331211 0.00862013 0.000166511 4.73503e-06 0.000154486 2.57137e-06 4.7937e-05 1.47918e-06 0.000320101 0.820607 0.0006404 0.000727205 2.81536e-07 0.000160821 0.0510901 0.00673861 0.00158038 
0.0264397 0.001839 2.04232e-07 0.00130979 0.187297 0.182288 0.017757 0.0356039 2.04562e-07 0.00501209 0.0013498 0.00047079 0.00846987 2.04309e-07 2.04404e-07 0.00171451 0.0730452 0.24711 0.0272944 2.04586e-07 2.04403e-07 0.116608 0.0617442 0.00464482 2.04421e-07 
0.0520154 6.97629e-08 6.97364e-08 0.18241 0.107985 6.98736e-08 0.0065522 0.0370095 0.00372999 6.98505e-08 0.00122196 0.000475136 0.0729158 0.00221154 0.00651196 0.000418184 0.00986495 0.245614 0.00608518 0.0685858 6.97948e-08 0.0147628 0.174379 0.00656736 0.00068412 
0.00561211 3.05048e-12 2.30656e-10 0.002545 0.0120423 3.00963e-11 0.000305506 0.00346671 6.11128e-05 6.62292e-06 1.09084e-05 2.84525e-06 1.71716e-05 2.72903e-05 3.3875e-05 2.78878e-06 0.000513931 0.959356 7.40329e-05 0.000176019 4.23749e-07 0.00014031 0.0154553 0.000145027 4.70971e-06 
0.0159474 0.00036763 1.28814e-09 0.00310309 0.132382 0.0268029 0.00920679 0.0510481 0.0124045 0.00420252 0.0392422 4.71047e-06 0.0467673 0.00294073 0.000355397 1.79971e-08 0.0207379 0.575938 0.00909424 0.00569231 1.45219e-07 0.0195388 0.0144961 0.00853754 0.00118917 
0.00181026 1.1324e-12 1.08082e-08 0.00212778 0.0539353 0.00452135 0.00364281 0.000721827 0.0010049 0.000982276 2.07117e-05 1.17162e-06 0.00411495 3.28871e-09 5.00483e-06 2.89768e-07 0.000557689 0.812897 0.000227156 0.000441509 4.51381e-10 0.0313152 0.0806063 0.000703693 0.000362697 
0.00896505 0.00141198 3.95326e-08 0.0221849 0.157754 0.0102462 0.0512095 0.0170812 0.00383468 0.0077371 0.00244668 6.61786e-05 0.00367182 0.000271457 0.002787 9.63352e-05 0.00126007 0.607421 0.00753704 0.000997714 2.45391e-06 0.00633153 0.0752495 0.0101041 0.00133279 
0.00181026 1.1324e-12 1.08082e-08 0.00212778 0.0539353 0.00452135 0.00364281 0.000721827 0.0010049 0.000982276 2.07117e-05 1.17162e-06 0.00411495 3.28871e-09 5.00483e-06 2.89768e-07 0.000557689 0.812897 0.000227156 0.000441509 4.51381e-10 0.0313152 0.0806063 0.000703693 0.000362697 
0.00271538 1.22728e-12 1.60844e-08 0.00319166 0.0682284 0.006782 0.00490251 0.00108273 0.00150734 0.00147339 3.10639e-05 1.75663e-06 0.00617237 4.86322e-09 7.50517e-06 4.33907e-07 0.000836527 0.732582 0.000340729 0.000662258 5.38355e-10 0.0469727 0.120909 0.00105553 0.000544025 
0.00690835 0.00062291 1.53341e-08 0.00209517 0.0657253 0.012327 0.0174345 0.00445053 0.00121488 0.00467602 0.000233068 8.08095e-05 0.00102288 4.09119e-05 0.000992532 6.83633e-06 0.00218394 0.826796 0.00366843 0.000277197 0.000367622 0.00918244 0.0243424 0.00816184 0.00718881 
0.000305245 7.6431e-05 6.64598e-12 0.000429842 0.398496 0.023303 0.0287624 0.0271639 0.00411686 2.78021e-05 0.000786723 2.72402e-05 0.0029511 2.35044e-07 5.33641e-05 6.57372e-09 0.0105408 0.481434 0.000996559 0.000358209 1.07653e-09 0.000225102 0.0166642 0.00323059 5.04968e-05 
0.0797194 0.000114589 1.63402e-07 0.0739994 0.0139015 0.0329905 0.00530319 0.0328571 0.00191505 1.6367e-07 0.00330496 0.00040941 0.0164011 0.0046589 0.000490784 0.000359387 1.63703e-07 0.524446 0.0550526 0.00283192 0.000327242 0.0765654 0.0714888 1.63704e-07 0.00286236 
0.000102952 8.52225e-06 6.74e-11 0.000113754 0.0761626 0.00425417 0.00847419 0.00639373 0.00232221 1.54425e-05 5.13468e-06 1.39063e-06 4.03358e-05 8.09269e-05 1.66739e-05 3.86052e-09 0.000169721 0.898106 1.24081e-05 6.71566e-05 6.32486e-10 0.00257881 1.13578e-05 0.000972049 9.07187e-05 
0.0196491 6.73195e-05 0.00108113 0.0269927 0.222986 0.0684792 0.0590736 0.0252875 0.00223414 0.00525605 0.00258048 1.78531e-05 0.00157867 0.000455497 0.11214 0.000587471 0.00518828 0.228214 0.00471199 0.025115 2.40884e-06 0.00476229 0.14406 0.0394009 7.89241e-05 
0.0397898 0.000201534 1.49361e-07 0.0070974 0.160233 0.0501221 0.0289074 0.0148267 0.00234723 0.00312722 0.0028415 7.74956e-06 0.0268845 0.00179591 0.000841341 2.07742e-05 0.00902959 0.529432 0.00567483 0.000934755 3.66885e-06 0.0276287 0.0725258 0.0103804 0.00534649 
0.00609503 0.0122872 4.414e-08 0.00144287 0.0817393 0.0139469 0.0113397 0.0027912 0.000856272 0.00994706 0.000493546 6.82491e-05 0.000798624 3.09387e-06 0.0019027 9.16336e-06 0.00107464 0.797677 0.00106534 0.000281785 2.54609e-06 0.00423739 0.0373309 0.0138423 0.00076686 
0.00321466 1.02535e-05 3.1e-08 0.00203831 0.168904 0.0144378 0.00886381 0.00113773 0.00197242 0.0335576 0.00252708 0.00011783 0.000234207 1.89845e-06 0.00511046 4.71094e-06 0.000765859 0.692214 0.000315013 0.00068343 6.12108e-08 0.000108481 0.0556911 0.00505487 0.00303499 
3.09596e-06 3.05865e-12 3.7135e-12 1.61734e-09 0.0166086 1.38463e-06 0.00300839 4.88142e-06 0.000123632 0.00303849 1.59324e-12 1.91936e-08 3.41829e-10 1.26738e-09 2.26455e-12 4.23479e-10 2.83565e-10 0.977192 5.81067e-13 4.71122e-06 2.27536e-12 2.78657e-06 5.12936e-10 1.17565e-05 3.30454e-08 
0.000496481 1.0433e-08 9.63938e-11 0.00284505 0.207899 0.0588697 0.039231 0.0825851 0.00152197 0.000177079 0.00107042 1.41324e-05 0.00162264 1.02053e-05 3.00721e-07 2.30384e-08 0.00679888 0.5352 0.00802593 0.00773133 6.03952e-09 0.0349841 0.00143389 0.00924059 0.000241951 
0.000969822 5.475e-12 6.34804e-09 0.00118475 0.301899 0.00242225 0.00206183 0.00389427 0.00139777 0.000526301 1.11111e-05 6.30873e-07 0.00220491 4.38586e-07 5.51218e-05 1.57931e-07 0.000298801 0.621611 0.000121708 0.000238575 2.74914e-08 0.0167766 0.043743 0.000388086 0.000194387 
0.00154582 3.90626e-09 4.77906e-09 0.00102627 0.0316133 0.00188398 0.00167893 0.00035238 0.00059726 0.00067768 8.63763e-06 1.39385e-05 0.00171472 1.5677e-09 2.09021e-06 4.02804e-07 0.000265188 0.860633 0.00164374 0.000183977 6.04195e-10 0.0171397 0.036478 0.000470318 0.0420707 
0.00150188 3.65734e-06 1.3925e-08 0.00135583 0.104097 0.00586267 0.00503744 0.000699161 0.00128877 0.00945164 0.000799509 3.16503e-05 0.00103959 4.35545e-07 0.00105316 1.18821e-06 0.000342626 0.829802 0.000177751 0.000373946 2.98276e-08 0.00381621 0.0301512 0.00203194 0.00108053 
0.00071451 1.95346e-12 3.87719e-09 0.000761 0.0436651 0.0018161 0.00385553 0.000329403 0.00063382 0.00754562 6.91163e-06 1.50291e-05 0.00140232 2.44436e-08 1.6727e-06 1.38291e-07 0.00018851 0.900076 7.57279e-05 0.00020029 4.51636e-10 0.0110427 0.0270152 0.00035322 0.000301655 
0.00181089 5.19714e-11 1.98765e-08 0.00212871 0.264992 0.00983527 0.016728 0.00420153 0.00429623 0.000983566 2.0963e-05 1.22144e-06 0.00412366 6.38401e-09 5.12291e-06 3.24431e-07 0.000558358 0.568582 0.000227414 0.000442127 5.85394e-09 0.0313254 0.088669 0.000704274 0.000364066 
0.0166829 3.55521e-06 5.3071e-08 0.0021324 0.25595 0.074484 0.0205954 0.0205527 0.00194826 0.0085862 0.00346321 0.00408831 0.00767361 0.00135749 0.000127881 2.27745e-05 0.0157886 0.314418 0.188927 0.00143003 3.56175e-07 0.0220757 0.0296266 0.00561206 0.00445355 
0.000774125 1.14207e-05 2.72859e-10 0.00202933 0.0802166 0.293642 0.0192307 0.0113065 0.00162911 0.000341311 2.85684e-07 1.83001e-05 3.22928e-05 9.09394e-07 0.000197943 1.22136e-05 0.000220621 0.326442 0.00025191 0.000166775 6.2418e-07 0.0118607 0.230586 0.02099 3.82379e-05 
0.0444698 8.85406e-05 0.000514481 0.038161 0.10538 0.110247 0.0414485 0.0528213 0.0742469 0.0155904 0.0047143 0.000567173 0.0203168 0.000614062 0.00248412 5.5943e-05 0.083463 0.142711 0.0440977 0.0112623 1.92793e-05 0.0267558 0.132861 0.0449471 0.00216221 
0.00143754 1.91139e-05 2.32192e-10 6.84253e-05 0.0699309 0.105863 0.101691 0.00652625 0.000290386 0.000169498 2.67853e-05 3.92851e-06 0.000366538 7.65202e-06 3.86407e-09 2.43282e-05 0.00446942 0.66655 0.00969505 9.72378e-05 6.41055e-08 0.0191691 0.0130704 0.000513387 1.01947e-05 
0.00173517 3.37534e-07 1.37157e-08 0.0015238 0.0736053 0.0137307 0.00654403 0.0036713 0.00046182 0.00444541 0.000415338 2.92789e-05 0.000528325 3.95719e-06 2.63979e-05 1.32565e-06 0.00198444 0.852456 0.00369334 0.000333702 2.86789e-07 0.0014504 0.0286541 0.00230275 0.00240281 
0.000132699 0.000136094 1.63399e-08 0.0111035 0.231256 0.0536082 1.47301e-05 2.00578e-09 0.00260149 0.0425413 7.01045e-09 3.1033e-07 0.000240839 1.35031e-08 0.0317058 3.15919e-06 1.83104e-05 0.243271 9.37632e-06 5.28031e-06 1.00119e-08 0.0511408 0.160834 0.171376 6.82473e-07 
2.67434e-07 2.67003e-07 2.6957e-05 0.00179193 0.167343 2.67426e-07 0.0395938 2.67407e-07 0.00288744 2.67338e-07 2.6723e-07 2.67385e-07 2.67358e-07 2.67002e-07 2.67126e-07 2.66707e-07 2.67392e-07 0.785009 0.00275436 2.67363e-07 2.67125e-07 2.67397e-07 0.000588661 2.67393e-07 2.67148e-07 
0.178483 1.834e-05 1.91882e-08 0.0160712 0.00321792 0.00232324 0.000640016 0.00925129 0.000121456 0.00060845 0.000818707 6.8396e-05 0.00781675 0.000186427 5.81173e-06 3.3955e-05 0.00254364 0.698437 0.00281444 0.003176 1.76919e-06 0.00674433 0.0647143 0.00187315 3.00987e-05 
0.000102952 8.52225e-06 6.74e-11 0.000113754 0.0761626 0.00425417 0.00847419 0.00639373 0.00232221 1.54425e-05 5.13468e-06 1.39063e-06 4.03358e-05 8.09269e-05 1.66739e-05 3.86052e-09 0.000169721 0.898106 1.24081e-05 6.71566e-05 6.32486e-10 0.00257881 1.13578e-05 0.000972049 9.07187e-05 
0.000388261 3.41294e-12 4.14365e-12 0.00294091 0.0373486 0.000337862 0.000434463 0.00296523 0.00376295 3.6962e-05 1.36742e-05 6.71358e-13 1.46882e-05 1.67424e-08 0.000295478 5.53374e-12 0.00210129 0.945824 2.36923e-05 0.000289891 2.53892e-12 0.00147646 0.00144148 0.00030442 1.69214e-08 
0.00458459 1.09945e-07 2.19277e-10 0.021968 0.0341915 0.000588213 0.00184703 0.00636964 0.00137305 0.00284082 5.05942e-05 1.27926e-05 0.00135568 0.000648329 0.000200626 1.66628e-06 0.000378011 0.894679 0.00141644 0.00161277 5.5787e-09 0.00170733 0.0226711 0.00123113 0.000271997 
0.0220314 2.61701e-06 1.62895e-11 0.00653984 0.0526925 0.0233687 0.173791 0.0560541 0.00378122 0.00342674 6.61813e-06 6.27918e-05 0.000302988 0.00013429 0.000321296 2.57524e-05 0.00799602 0.549675 0.00232293 0.00010438 4.02815e-07 0.00915323 0.0744455 0.0137352 2.56178e-05 
0.00241237 5.5187e-09 1.49925e-09 0.00116499 0.281211 0.0138974 0.00798989 0.0188582 0.000775884 1.09956e-05 0.000640347 0.0788084 0.00907115 9.95931e-06 1.13779e-11 1.22023e-08 0.00126286 0.568259 0.00171151 0.000246849 3.30537e-06 0.00509333 0.00715479 0.00112811 0.000289521 
0.00714129 5.68646e-10 9.84863e-13 0.0168848 0.00926204 0.0394669 0.00143949 0.01648 0.000581834 1.38988e-08 8.53583e-09 1.71645e-06 0.000990142 1.39411e-05 1.65835e-05 1.0135e-05 7.75724e-09 0.672472 0.00572163 2.36776e-05 2.41622e-06 0.0771889 0.152302 3.22203e-08 9.87695e-09 
0.026094 0.000342163 1.50638e-08 0.0192665 0.170536 0.0379 0.0054229 0.210632 0.00523209 0.00678585 0.000127631 3.90793e-05 0.00377404 0.00648314 4.76469e-05 1.97264e-06 0.00419278 0.390771 0.0188465 0.00440223 7.89312e-08 0.013895 0.0520712 0.0229412 0.00019451 
0.0105306 0.000163811 1.69876e-05 0.0100194 0.349176 0.0216025 0.0797383 0.0314131 0.0355693 0.0026681 0.00330171 0.000112313 0.00943928 0.000806064 0.00051845 0.000406858 0.00686223 0.361626 0.00495616 0.00487613 0.000423593 0.0118485 0.0316648 0.0211301 0.00112973 
0.00271538 1.22728e-12 1.60844e-08 0.00319166 0.0682284 0.006782 0.00490251 0.00108273 0.00150734 0.00147339 3.10639e-05 1.75663e-06 0.00617237 4.86322e-09 7.50517e-06 4.33907e-07 0.000836527 0.732582 0.000340729 0.000662258 5.38355e-10 0.0469727 0.120909 0.00105553 0.000544025 
0.00581964 1.49952e-05 5.40424e-05 0.00316836 0.168948 0.0052572 0.00328806 0.0280107 0.0631966 0.00120564 0.00182962 3.00533e-05 0.00209924 0.00668946 0.000348514 0.00073177 0.00127824 0.665744 0.00137494 0.00447504 9.46307e-07 0.00446784 0.00711379 0.0248508 2.46742e-06 
0.0126446 0.0117584 1.62789e-05 0.00319488 0.113631 0.0272604 0.0593633 0.00689979 0.0019685 0.00287956 0.00771572 0.000582987 0.00272895 0.00128292 0.00032878 9.27893e-06 0.0291305 0.572782 0.0181306 0.00426936 0.0379027 0.0137849 0.0412486 0.0296898 0.000796165 
0.00850558 0.00169342 7.14749e-12 0.00615799 0.118826 0.00157339 0.00482306 0.00458979 0.003569 0.00206146 0.000134633 9.97577e-05 2.10196e-05 2.18574e-05 0.0171253 2.0583e-05 0.000558918 0.71282 0.000128348 0.000823321 4.04763e-06 0.00377005 0.0543308 0.0568055 0.00153555 
