0.138867 3.94524e-06 5.91386e-12 0.0153103 0.00248896 0.0943849 0.000446539 0.00916493 0.00100487 0.015911 0.00220246 0.00821909 0.0156784 0.00298984 8.40293e-05 8.60139e-06 0.0177408 0.0107538 0.520136 0.0216904 3.91381e-07 0.0663225 0.0552602 0.00109128 0.000239056 
0.0454522 0.000250584 3.20255e-06 0.0103363 0.0285529 0.0365506 0.00131713 0.0297759 0.000328161 0.119514 8.15303e-05 0.0197604 0.00113838 0.000893842 0.012755 0.00104763 0.0106964 0.00221367 0.421749 0.00180803 1.3158e-05 0.0172976 0.0421317 0.195845 0.000487596 
0.0047668 3.38547e-06 8.45857e-11 0.00323654 0.0344452 0.050994 0.0088181 0.00857239 0.00303722 0.00256095 0.00024579 0.00139887 0.00615557 3.32719e-07 4.78259e-08 4.29527e-08 0.00314362 0.00104579 0.775793 0.00514069 1.65674e-06 0.0288347 0.0563285 0.00547701 1.66105e-08 
0.00966382 0.00136378 5.11499e-09 0.000325403 0.0143564 0.277777 0.0113068 0.0152375 0.00044895 0.00914866 7.09392e-05 0.00150299 0.000958519 0.000347086 5.98108e-07 2.04769e-05 0.0361556 0.0468098 0.466797 0.0016828 3.22721e-07 0.043891 0.0603665 0.00108781 0.000680307 
0.0047668 3.38547e-06 8.45857e-11 0.00323654 0.0344452 0.050994 0.0088181 0.00857239 0.00303722 0.00256095 0.00024579 0.00139887 0.00615557 3.32719e-07 4.78259e-08 4.29527e-08 0.00314362 0.00104579 0.775793 0.00514069 1.65674e-06 0.0288347 0.0563285 0.00547701 1.66105e-08 
0.0530489 2.92077e-05 2.90742e-10 0.000301301 0.0458207 0.0585766 0.091817 0.0175916 0.10983 0.00224696 0.00100182 0.000102354 0.00148997 0.000143847 0.000170326 6.85762e-05 0.0899231 0.132147 0.28891 0.000389559 4.21409e-05 0.0399979 0.0574566 0.00857019 0.00032493 
0.228684 8.46461e-05 9.92331e-11 0.0410179 0.00798129 0.00716117 0.00790702 0.01901 0.0012267 0.12892 0.000453318 0.0805127 0.00384499 0.00041328 0.000234236 1.6523e-06 0.00874853 0.00352712 0.345707 0.0565673 1.62373e-09 0.0148195 0.0400915 0.00306573 2.04343e-05 
0.0397496 0.000689619 1.4629e-05 0.0186478 0.0208124 0.116766 0.00167814 0.0221613 0.00174223 0.00206136 0.0785466 3.61268e-05 0.042703 5.3355e-05 0.00154033 0.00076569 0.0828282 0.00195169 0.2592 0.145085 2.07778e-05 0.0215084 0.134909 0.00551736 0.00101199 
0.0769348 3.36599e-06 7.61349e-09 0.0016098 0.0126667 0.0979339 0.000742126 0.0267947 0.00502202 0.00762468 0.00633273 0.0099879 0.0483963 0.000256001 9.07004e-05 7.30647e-05 0.0247228 0.00268952 0.557322 0.0243075 1.99995e-06 0.045477 0.0095118 0.000156757 0.0413417 
0.046108 4.06089e-07 1.90136e-10 0.0107314 0.0328799 0.092496 0.00132726 0.0305425 0.000346111 0.0186092 0.00698537 0.000240073 0.00461916 3.68855e-05 2.02026e-05 0.000318732 0.00186068 0.00239581 0.591733 0.0271369 5.61243e-07 0.059909 0.0498356 0.0217606 0.000106433 
0.0584896 1.42071e-09 1.72488e-09 0.00215587 0.0741111 0.0184477 0.00677092 0.0152976 0.00302948 0.00172113 2.27074e-06 7.68518e-05 0.00493404 1.34497e-07 1.22452e-06 2.30354e-09 0.00114803 0.000661695 0.689048 0.00488721 2.34523e-07 0.0694028 0.0163658 0.033448 1.8133e-07 
0.0205679 2.54103e-05 1.21763e-10 0.0095927 0.0274294 0.166318 0.00101515 0.0170649 0.00124185 0.0102512 2.95448e-05 0.000173908 0.000560609 1.00835e-05 0.000293332 0.000928028 0.000237645 0.000687876 0.629414 0.0173753 3.39038e-06 0.00950073 0.0794046 0.00628744 0.00158695 
0.00686903 0.00123424 8.43974e-07 0.00456715 0.0171976 0.131759 0.104378 0.03433 0.0014075 0.0517836 0.000200566 0.0773953 0.00172331 0.000109465 0.000537128 8.31157e-05 0.00272403 0.0078245 0.315142 0.0313374 2.94047e-07 0.0360384 0.162384 0.0109369 3.80934e-05 
0.00382101 2.2409e-07 3.22772e-09 0.0125635 0.237245 0.119508 0.00108296 0.0225066 0.00790376 0.0145216 0.00101919 1.09644e-06 0.0509545 3.65118e-10 0.00330355 8.72579e-06 0.0086184 0.000624541 0.255387 0.00107255 9.28846e-07 0.0778518 0.0907723 0.09123 2.93183e-06 
0.00144224 1.49787e-06 9.92059e-13 0.000640653 0.00245176 0.0597442 0.000421733 0.0045719 9.78014e-05 0.000512344 0.000181583 1.26376e-05 0.000963802 8.84659e-07 5.48352e-06 2.11172e-05 0.109427 0.0140788 0.728038 0.000238788 5.72343e-06 0.0371997 0.0388209 0.000951636 0.000170632 
0.0316856 0.00177742 1.57967e-10 0.0120489 0.0871594 0.024112 0.00627664 0.0396347 0.00822423 0.00329137 0.00291488 9.02109e-05 0.00122233 0.00063439 3.51075e-05 0.000157226 0.0604705 0.000532477 0.357404 0.000611327 1.80688e-06 0.0338039 0.301215 0.0265223 0.000173661 
0.00484489 3.2292e-05 1.96424e-11 0.00151952 0.00264502 0.0351893 0.000440705 0.0118526 0.000277102 0.00127577 0.00490211 1.24561e-05 0.000223998 4.45519e-05 0.000157259 0.000280271 0.212772 3.90241e-05 0.526084 0.00111263 6.55606e-06 0.0344756 0.155662 0.00537185 0.00077824 
0.012745 2.06123e-05 2.45905e-12 0.00118503 0.0072434 0.033339 0.000351557 0.00737312 0.000269137 0.0068822 9.69731e-05 0.00978314 0.00177519 0.000497894 0.000262671 0.000332024 0.0040653 0.00421874 0.890977 0.00160389 5.65585e-07 0.00780071 0.00833408 0.000699937 0.000142686 
0.0104938 4.96704e-09 1.90012e-12 0.00372424 0.0345416 0.0305858 0.00149376 0.00602407 0.000457768 0.00243419 0.000101738 2.12147e-05 0.000575262 1.97446e-07 0.00123895 2.37962e-05 0.0187815 1.6407e-05 0.768142 0.00127264 5.14606e-06 0.0204536 0.0883621 0.0112086 4.13597e-05 
0.00738253 6.13254e-09 5.3328e-12 0.00146477 0.0040189 0.0139408 0.000107108 0.00148961 4.65766e-05 0.0029522 2.01505e-06 0.000330098 0.000233096 1.74886e-05 3.25203e-12 0.000905177 0.000841458 6.9817e-05 0.9513 0.000730338 1.126e-07 0.00150049 0.0125619 6.05468e-06 9.91142e-05 
0.0925878 9.8106e-06 3.93846e-10 0.0105003 0.0322239 0.0416265 0.000848396 0.0292751 0.000204291 0.0229866 0.000793893 0.0241861 0.0157913 0.00016577 0.00114029 0.00101761 0.00179501 0.000239406 0.419298 0.0170809 1.26848e-06 0.109527 0.135778 0.0422898 0.000632571 
0.14596 5.16886e-07 5.69833e-08 0.00588984 0.00561627 0.115684 0.00299176 0.00511472 9.59679e-05 0.0262243 0.000370542 0.000360904 0.00527679 0.0263412 1.17983e-06 0.000473645 0.00154203 0.0019126 0.550306 0.011233 1.02839e-06 0.0690631 0.0208855 0.000177647 0.00447781 
3.14482e-06 3.56952e-11 4.33375e-11 7.50092e-07 5.90351e-06 5.83815e-07 1.01421e-06 0.00507654 3.71468e-07 0.135692 1.85935e-11 0.00411862 1.15109e-06 4.08311e-07 2.64279e-11 0.115622 2.06488e-07 6.26053e-07 0.731115 4.14183e-06 9.03101e-08 2.98207e-07 0.00581585 0.00254081 4.22204e-07 
0.0350077 1.55098e-06 7.60253e-09 0.0738483 0.058057 0.00352087 0.00375282 0.0283242 0.0156063 0.236459 0.000711254 0.0832757 0.00178769 1.1496e-05 8.71417e-05 0.000839441 0.0130558 0.011201 0.359884 0.00734495 2.66773e-06 0.000454248 0.0214657 0.0452415 5.96342e-05 
0.0943282 3.4319e-05 2.16475e-09 0.00708805 0.00919121 0.0526398 0.000752778 0.00392695 0.00039855 0.0343992 6.7844e-05 0.0209433 0.00201421 0.00160298 0.000339844 6.84126e-05 0.0537305 0.00606491 0.509663 0.0358102 2.78459e-05 0.0978526 0.0646145 0.0043284 0.000112714 
0.0434449 3.57335e-06 6.52377e-12 0.00442624 0.0073397 0.0167299 0.000650584 0.00234481 0.000326769 0.0227895 1.00929e-06 0.0244679 0.00169891 0.00204617 6.2577e-05 0.000259926 0.0032288 0.00305772 0.795586 0.00199296 8.36448e-07 0.00553354 0.0170537 0.00201775 0.0449358 
0.0286937 1.88758e-06 1.19893e-08 0.00374596 0.0380574 0.0394788 0.000633871 0.0167939 0.000937478 0.00440497 0.000465866 0.000338902 0.0085698 0.000217824 0.00517835 0.000366731 0.0041434 0.0724441 0.682298 0.000481971 3.96813e-06 0.0818019 0.00967406 0.000595979 0.000671367 
0.0929163 0.0117628 1.07828e-08 0.118708 0.0117805 0.0526267 0.000523029 0.0115504 0.00150281 0.00233 0.000983173 0.0746223 0.0127358 0.00247229 6.59573e-06 8.70596e-06 0.0184431 0.0388133 0.359226 0.130818 1.31072e-07 0.0175759 0.0404535 8.33864e-05 5.71853e-05 
0.0225486 3.97552e-09 1.47624e-12 0.000987057 0.00974338 0.017123 0.00169805 0.00260004 0.000210265 0.0203432 6.4751e-07 0.0123666 0.000733872 0.0031187 2.58175e-05 2.56996e-05 0.00226117 0.000302265 0.891151 0.000661923 2.43818e-07 0.00293152 0.00854724 0.00242577 0.000193825 
0.00966382 0.00136378 5.11499e-09 0.000325403 0.0143564 0.277777 0.0113068 0.0152375 0.00044895 0.00914866 7.09392e-05 0.00150299 0.000958519 0.000347086 5.98108e-07 2.04769e-05 0.0361556 0.0468098 0.466797 0.0016828 3.22721e-07 0.043891 0.0603665 0.00108781 0.000680307 
0.0474214 1.56186e-05 8.50965e-11 0.0127238 0.0536736 0.0331404 0.000218077 0.0100557 0.000327962 0.0620732 9.16155e-05 0.00623722 0.000548335 0.000313875 0.00669048 3.67843e-05 0.0181709 0.00156309 0.599612 0.0812258 2.03796e-06 0.0463845 0.0168919 0.00249641 8.54613e-05 
0.0650825 0.0049806 1.07058e-07 0.00796206 0.127512 0.0259848 0.0242393 0.0337144 0.00559683 0.0598746 0.00654294 0.0124066 0.011451 0.00644717 0.000384513 0.000530846 0.0240063 0.0409544 0.459079 0.00621871 1.45997e-05 0.0136025 0.0308845 0.0313642 0.00116596 
0.0752562 0.00746676 8.97112e-09 0.0126558 0.0261451 0.0162102 0.000775613 0.00247636 0.00070151 0.0248079 0.000190429 0.0109706 0.00058157 0.000491071 0.00249053 0.0011453 0.00267062 0.0487192 0.594791 0.0130465 1.66796e-05 0.00435783 0.0263722 0.126146 0.0015148 
0.0110226 0.000232841 1.70089e-10 0.00617975 0.0209447 0.231227 0.00103926 0.0179481 0.000652066 0.00321978 0.00195249 4.89852e-05 0.00174766 6.26896e-05 0.000152738 0.000196297 0.00395145 0.0123676 0.412434 0.00362695 2.47308e-06 0.0711862 0.191515 0.00766745 0.000621784 
0.00939168 1.00383e-05 2.11929e-12 0.0116013 0.0213184 0.0341563 0.000209581 0.0103908 0.00224067 0.00143932 0.00475416 7.45161e-06 0.00995718 6.27613e-06 0.00282537 2.69208e-05 0.141999 0.00631292 0.545957 0.00369864 7.89592e-06 0.0141328 0.176534 0.00264483 0.000377759 
0.0227455 6.57871e-12 7.98719e-12 0.0014176 0.0112786 0.00234941 0.000432886 0.00380583 9.66116e-06 0.00332058 9.48776e-08 9.23537e-05 0.000916509 1.99364e-05 4.07407e-08 0.00180143 0.000387178 0.000798528 0.940954 0.00127811 8.07458e-06 0.000592143 0.00697957 0.000520847 0.000291238 
3.14482e-06 3.56952e-11 4.33375e-11 7.50092e-07 5.90351e-06 5.83815e-07 1.01421e-06 0.00507654 3.71468e-07 0.135692 1.85935e-11 0.00411862 1.15109e-06 4.08311e-07 2.64279e-11 0.115622 2.06488e-07 6.26053e-07 0.731115 4.14183e-06 9.03101e-08 2.98207e-07 0.00581585 0.00254081 4.22204e-07 
0.0420608 0.00148487 3.26853e-06 0.0253178 0.0298887 0.0558443 0.00104625 0.0651082 0.0028221 0.0789599 0.0014638 0.000168686 0.00612794 0.000147597 0.00208508 0.000437314 0.00900642 0.0235536 0.478878 0.0199571 5.00403e-06 0.0152984 0.125056 0.0141021 0.00117652 
0.0136524 1.21484e-05 1.19538e-10 0.0113116 0.0145033 0.0702277 0.000118398 0.0146958 0.000472652 0.00142301 0.00106411 5.45744e-05 0.00357331 1.47612e-05 0.000248139 4.93519e-05 0.23357 0.00457394 0.459278 0.00284854 0.000133873 0.0398889 0.108328 0.0185642 0.00139347 
0.00252881 1.72093e-06 1.50066e-07 0.0100366 0.00476515 0.0652505 0.000157002 0.016457 0.0928718 0.0472774 0.00895556 0.000209601 0.000885059 0.0012575 6.79478e-07 0.000346699 0.000182201 0.000980153 0.660419 0.0308059 8.37649e-07 0.0289508 0.0181629 0.00531635 0.00418066 
0.0164678 5.45572e-07 6.62378e-07 0.00276712 0.000504251 0.000620932 9.45288e-05 0.00733315 5.05094e-05 0.000132305 0.000214276 1.89044e-05 0.00769195 8.38744e-05 0.000671654 5.09369e-05 0.101708 0.00709801 0.809941 0.000465696 6.83104e-06 0.0041628 0.015913 0.0239476 5.34166e-05 
0.104164 7.30029e-06 1.35932e-10 0.00349344 0.0436373 0.0354792 0.000310676 0.00527258 0.000464148 0.114118 1.25378e-06 0.0517261 0.000660213 0.00538789 0.000238954 1.59548e-05 0.0154865 0.00182536 0.504231 0.0435465 3.37586e-06 0.0254323 0.026561 0.0178915 4.60199e-05 
0.161351 3.80346e-05 5.71538e-10 0.0170952 0.0331868 0.182888 0.0323674 0.153088 0.00196821 0.00878799 0.00089334 0.00170183 0.00421933 0.0001882 0.000956071 4.28183e-05 0.0232557 0.0147594 0.201597 0.00181635 2.59926e-07 0.0394431 0.116168 0.00336179 0.000826467 
0.012745 2.06123e-05 2.45905e-12 0.00118503 0.0072434 0.033339 0.000351557 0.00737312 0.000269137 0.0068822 9.69731e-05 0.00978314 0.00177519 0.000497894 0.000262671 0.000332024 0.0040653 0.00421874 0.890977 0.00160389 5.65585e-07 0.00780071 0.00833408 0.000699937 0.000142686 
0.270155 0.000821686 3.48613e-10 0.0264421 0.0205221 0.0356938 0.00149091 0.0278727 0.00540996 0.00932196 0.000875526 0.00995355 0.0109275 0.000586967 0.0080584 0.00184504 0.0173993 0.000256387 0.334936 0.122888 0.000111375 0.0187955 0.0617705 0.0124371 0.00142788 
0.0186852 0.00756238 8.3173e-11 0.0158639 0.0306693 0.198587 0.00110276 0.0799199 0.000856602 0.00873525 0.00135863 0.000833304 0.00406858 0.00676906 0.00693738 7.20214e-05 0.139511 0.0177384 0.207265 0.0170277 1.57447e-05 0.0155622 0.189654 0.0295473 0.00165726 
0.134602 0.000960617 5.03438e-08 0.0159929 0.0303818 0.138046 0.00109408 0.0333458 0.00425355 0.0594227 0.00103881 0.0267174 0.0128133 0.00150044 0.000806413 0.000611296 0.0144302 0.00455525 0.360409 0.00756798 1.34934e-05 0.0426068 0.0750382 0.0298265 0.00396588 
0.0610821 0.00183258 1.10281e-09 0.0309749 0.0134987 0.0211965 0.00300128 0.023467 8.34765e-05 0.00850812 0.00023345 0.000526631 0.000729333 5.6323e-06 3.22407e-06 0.000302147 0.0273558 0.000259779 0.579942 0.107417 2.57202e-05 0.00530828 0.109462 0.00461111 0.000172527 
0.0228519 8.1239e-06 0.000490068 0.0208209 0.0394253 0.0482036 0.0135748 0.0158546 0.0091523 0.000750416 0.0967109 1.59787e-07 0.00551047 6.16322e-05 0.000392681 1.57199e-05 0.007889 0.000772641 0.576409 0.0229943 9.6665e-06 0.00867901 0.0728922 0.0361782 0.000352441 
0.0049555 7.57033e-05 3.96351e-11 0.0015064 0.00269286 0.0375496 0.000504086 0.0116145 0.000294903 0.00125854 0.00525503 1.3437e-05 0.000288924 6.03675e-05 0.00019719 0.000311884 0.213948 4.63733e-05 0.523399 0.00115317 7.73872e-06 0.0390343 0.149473 0.00553115 0.000828354 
0.00870626 2.56363e-05 1.02048e-11 0.00186336 0.014627 0.0458071 0.0170076 0.0130255 0.00066517 0.00435305 0.000791523 1.95273e-05 0.000940078 4.44292e-05 5.72144e-05 0.000145018 0.245466 0.0614611 0.439099 0.000494399 4.58778e-06 0.0526309 0.0845587 0.00815841 4.77212e-05 
0.0109036 4.36859e-06 1.71433e-12 0.00212302 0.00358071 0.212727 0.000524513 0.0104945 0.000160964 0.000207991 0.00044331 3.42371e-05 0.00461403 3.07204e-06 1.48628e-05 2.04179e-05 0.213658 0.00110379 0.356752 0.000572501 3.83092e-06 0.082437 0.0968254 0.00238327 0.000407326 
0.120262 5.85682e-06 3.13167e-12 0.0201972 0.0190183 0.0305821 0.000622909 0.00622973 0.000667009 0.0113637 0.000545011 0.00228383 0.0048119 0.00821326 0.00158039 3.57112e-05 0.269163 0.00239498 0.311555 0.0169857 0.000236469 0.0241641 0.121118 0.0260173 0.0019466 
0.0309205 1.88987e-05 8.68658e-09 0.0112363 0.0138429 0.0569918 0.0324818 0.0246816 0.00022714 0.0399594 7.88537e-06 0.00545107 0.00152143 0.00126016 0.000523013 2.09986e-05 0.0834271 0.000542354 0.461438 0.00271682 4.22259e-07 0.0391398 0.0962702 0.0972086 0.000111133 
0.181395 8.6404e-05 1.62175e-05 0.0592198 0.0146928 0.0324282 0.000144323 0.0175308 0.00414761 0.0101471 0.00438297 0.00140167 0.0247277 0.000618979 0.00181667 8.15567e-05 0.114106 0.0333341 0.257968 0.00985843 0.000991181 0.0566352 0.136106 0.0299049 0.00825904 
0.0665291 1.95453e-07 0.0163727 0.00571846 0.0378168 0.00191103 0.000460674 0.0249073 0.000279777 0.0587925 5.88655e-06 5.01002e-05 0.00284418 3.84839e-06 0.00471774 0.0104357 1.35816e-05 0.00024177 0.660432 0.0104315 5.97503e-05 0.0023365 0.064865 0.0307423 3.20081e-05 
0.194479 0.000719686 4.34395e-07 0.0151446 0.0164141 0.0841148 0.00157616 0.0110613 0.00177109 0.174985 0.00158977 0.000229054 0.0119955 5.84395e-05 0.00113325 0.000124822 0.0135662 0.00481744 0.318967 0.00989997 4.25919e-08 0.0599903 0.0649423 0.0121536 0.000265606 
0.00680569 2.64703e-12 3.21375e-12 0.000567798 3.06855e-08 2.89201e-13 7.08496e-05 0.00222585 2.28199e-08 0.0048694 1.37882e-12 4.82169e-08 0.000262923 3.98398e-08 2.05798e-08 6.13782e-08 8.03919e-09 2.68277e-05 0.98262 6.37887e-13 4.92484e-09 0.000254344 0.00229548 1.07274e-07 1.06999e-07 
0.0474214 1.56186e-05 8.50965e-11 0.0127238 0.0536736 0.0331404 0.000218077 0.0100557 0.000327962 0.0620732 9.16155e-05 0.00623722 0.000548335 0.000313875 0.00669048 3.67843e-05 0.0181709 0.00156309 0.599612 0.0812258 2.03796e-06 0.0463845 0.0168919 0.00249641 8.54613e-05 
0.0786925 0.0105368 6.69133e-11 0.00272133 0.0317335 0.0121966 0.0253992 0.0216017 0.000942399 0.279756 0.00208305 0.00118064 0.0181574 0.000710287 0.000323455 8.29855e-05 0.029536 0.00742925 0.370809 0.00315316 6.6308e-05 0.00311299 0.0894995 0.0096159 0.000659808 
0.00338977 0.000124069 8.58336e-12 0.0183371 0.0393396 0.0462067 0.000681555 0.0319314 0.00438768 0.00245174 0.02404 7.75312e-06 0.000788024 3.213e-06 0.00121318 2.34167e-05 0.0197443 0.00836006 0.644476 0.00415797 4.96787e-06 0.0241618 0.120596 0.00508115 0.000492493 
0.0081895 2.31361e-09 5.01561e-13 0.00156879 0.00441379 0.00754637 0.00021079 0.00287131 6.26322e-05 0.00540208 4.01859e-10 0.000696897 0.000681834 6.77754e-05 1.33223e-09 0.00101562 0.00016087 6.90077e-05 0.955804 0.000699449 2.06519e-07 0.00153034 0.00858665 0.000178859 0.000243199 
1.10922e-10 1.19078e-09 1.44572e-09 4.42935e-07 0.0270721 3.77353e-06 0.000645407 0.113595 7.46573e-07 0.000655914 0.00136604 1.57736e-07 0.00137062 7.17688e-07 8.81623e-10 1.93072e-09 0.00286414 0.0055263 0.792224 0.0540898 8.85832e-10 4.45508e-06 6.37059e-11 0.000580546 8.28453e-10 
0.00249261 7.56109e-07 3.98816e-08 0.00797338 0.00535863 0.0071362 6.85765e-05 0.00317921 0.000565668 0.00137161 0.0023082 1.26848e-05 0.00621134 1.78714e-06 8.30178e-06 1.66573e-06 0.00563472 0.00035561 0.886316 0.000761803 1.22222e-06 0.0302055 0.0385917 0.000901699 0.000540685 
0.0961796 0.00168742 1.03437e-10 0.0111901 0.00517 0.0101707 0.000436336 0.0117441 0.000385246 0.0113135 2.15638e-06 0.0747456 0.00828305 2.05199e-05 3.74578e-05 0.000825755 0.0153169 0.00221515 0.37428 0.000805885 0.000494186 0.0355664 0.0137065 0.325357 6.63304e-05 
0.0109333 1.08222e-08 1.86499e-11 0.000501179 0.025104 0.0162916 0.00103758 0.0255277 0.000882232 0.00877721 0.000764117 0.00015544 0.0223696 2.7316e-05 0.000634589 0.000123535 0.000118524 0.00518985 0.852331 0.0020427 0.00013232 0.00384547 0.0169886 0.00608866 0.000133923 
0.0484438 2.22276e-06 6.64925e-06 0.0221849 0.0267653 0.027802 0.00111899 0.0148684 0.00234404 0.00453067 0.0030674 2.37046e-05 0.0124479 4.68131e-06 0.00202973 1.35665e-05 0.254406 0.0111975 0.319749 0.00744578 5.49374e-06 0.0625839 0.120849 0.057793 0.000316059 
0.00738253 6.13254e-09 5.3328e-12 0.00146477 0.0040189 0.0139408 0.000107108 0.00148961 4.65766e-05 0.0029522 2.01505e-06 0.000330098 0.000233096 1.74886e-05 3.25203e-12 0.000905177 0.000841458 6.9817e-05 0.9513 0.000730338 1.126e-07 0.00150049 0.0125619 6.05468e-06 9.91142e-05 
0.0217176 7.12365e-05 2.68696e-07 0.041696 0.0195601 0.101862 0.00155482 0.0290444 0.00360578 0.00275496 0.00214783 2.97156e-05 0.000742298 0.00246826 0.000395018 0.000160943 0.112544 0.00227123 0.42365 0.00628403 0.000178345 0.0818979 0.133331 0.00991717 0.00211485 
0.0452747 0.000322352 4.68066e-05 0.0269042 0.0220679 0.174047 0.0103411 0.058051 0.00200087 0.011477 0.00120344 0.0466713 0.00113736 0.000816425 0.00143926 1.95808e-05 0.0330785 0.013633 0.231626 0.0160569 4.38827e-08 0.110126 0.187187 0.00632172 0.000150841 
0.0091335 5.5059e-05 1.60231e-09 0.00966721 0.0193789 0.0369669 0.00371875 0.0129267 0.00129301 0.00304168 0.000359703 0.000191163 0.000443925 0.000150826 0.00121742 1.06533e-05 0.0138263 0.00335791 0.779885 0.00364261 1.15353e-06 0.0126144 0.0815601 0.00652041 3.70833e-05 
0.10303 7.82778e-05 8.58375e-11 0.00718922 0.0218863 0.0136275 0.00339977 0.0332176 0.000172422 0.016457 0.0018743 0.000403531 0.000655771 2.27099e-05 0.000230908 1.61931e-05 0.00339626 3.74439e-05 0.750542 0.0100488 9.82745e-09 0.00621665 0.0255424 0.000129305 0.00182493 
0.000941236 2.24621e-06 1.10034e-12 0.000495477 0.00125084 0.0575068 0.000468114 0.00550177 4.41584e-05 0.000428343 6.93278e-05 8.01298e-06 0.00135116 1.32614e-06 8.22429e-06 1.53905e-05 0.138635 0.0205441 0.689126 0.000251953 6.21014e-06 0.0458616 0.0358407 0.00142745 0.000215531 
0.00746063 0.0113009 2.67224e-11 0.00265533 0.0319311 0.199516 0.0478899 0.0117734 0.000563683 0.00581284 6.20571e-08 0.000182987 0.00103951 0.000336931 0.000507094 2.20496e-06 0.00652803 0.000545974 0.449486 0.00318102 1.53718e-07 0.00577805 0.177669 0.0357824 5.71441e-05 
0.0805115 0.000223134 7.33776e-10 0.00745192 0.00600335 0.0504355 0.000118799 0.00297547 0.000217844 0.00952967 0.000646977 0.0506847 0.00428398 2.78241e-05 1.38126e-07 5.31442e-07 0.0244259 0.000304712 0.437341 0.00440632 2.02371e-07 0.0287581 0.291275 0.000376518 4.06763e-07 
0.06787 0.000486863 2.84184e-09 0.00144954 0.0309855 0.239228 0.00110091 0.0608565 0.00048641 0.0264095 0.000461137 0.0108474 0.0118127 0.00112518 0.000250426 6.5044e-05 0.117393 0.00893351 0.293328 0.0154051 0.000201211 0.0540852 0.0517281 0.0049192 0.000571522 
0.0043991 2.43357e-05 1.96573e-09 0.00483244 0.00201469 0.0516274 0.000109481 0.0129024 8.17077e-05 0.00103325 8.45548e-05 3.49321e-05 0.000327717 9.12371e-05 0.000141393 9.66536e-05 0.176361 0.00107242 0.582436 0.00142379 0.000138465 0.0268387 0.102801 0.0251219 0.00600526 
0.0225486 3.97552e-09 1.47624e-12 0.000987057 0.00974338 0.017123 0.00169805 0.00260004 0.000210265 0.0203432 6.4751e-07 0.0123666 0.000733872 0.0031187 2.58175e-05 2.56996e-05 0.00226117 0.000302265 0.891151 0.000661923 2.43818e-07 0.00293152 0.00854724 0.00242577 0.000193825 
0.0179723 2.92547e-06 3.78046e-12 0.00400486 0.0417358 0.019886 0.0736498 0.00791435 0.00136314 0.0128121 0.000468225 0.00679586 0.00305883 0.000973093 1.47009e-05 0.000187992 0.00405105 0.000855379 0.757007 0.00504288 8.28895e-06 0.00937031 0.0185072 0.00198629 0.0123319 
0.0355437 1.71279e-09 3.99827e-13 0.000398739 0.00185259 0.00277932 0.000526182 0.00149724 5.73367e-08 0.0599518 5.31796e-09 0.0612364 0.00010114 0.000339687 0.0015671 4.10205e-05 0.0399405 0.0109503 0.777078 1.11319e-07 7.35198e-10 6.28267e-08 0.00342229 0.00272144 5.26188e-05 
0.012745 2.06123e-05 2.45905e-12 0.00118503 0.0072434 0.033339 0.000351557 0.00737312 0.000269137 0.0068822 9.69731e-05 0.00978314 0.00177519 0.000497894 0.000262671 0.000332024 0.0040653 0.00421874 0.890977 0.00160389 5.65585e-07 0.00780071 0.00833408 0.000699937 0.000142686 
0.0191303 6.52717e-07 1.24874e-12 0.001057 0.0147043 0.0498092 0.002041 0.00562427 0.000323121 0.0150087 2.11556e-05 0.00974079 0.00231397 0.00253655 1.84419e-05 2.71742e-05 0.00359536 0.00544053 0.843743 0.00105687 5.60214e-07 0.0122585 0.00958652 0.0017327 0.000229131 
0.0317263 0.00267176 6.65239e-07 0.0137665 0.17137 0.0510416 0.0235183 0.0402923 0.00472784 0.0394503 0.00636923 0.00269671 0.00165988 0.00095068 0.00942216 0.000157056 0.0771708 0.00211821 0.287309 0.00219547 0.000191391 0.0422072 0.090262 0.0979789 0.000745767 
0.00231831 1.27202e-06 4.46144e-09 0.00111245 0.0015255 0.000530761 0.0029762 0.00106652 0.00060568 0.000910795 4.56137e-05 5.89437e-06 1.78317e-05 2.66021e-06 3.26446e-05 4.39029e-05 0.068322 0.0153417 0.865878 2.56475e-05 1.86198e-07 0.00781008 0.0275361 0.0038707 1.93935e-05 
0.00231831 1.27202e-06 4.46144e-09 0.00111245 0.0015255 0.000530761 0.0029762 0.00106652 0.00060568 0.000910795 4.56137e-05 5.89437e-06 1.78317e-05 2.66021e-06 3.26446e-05 4.39029e-05 0.068322 0.0153417 0.865878 2.56475e-05 1.86198e-07 0.00781008 0.0275361 0.0038707 1.93935e-05 
1.10922e-10 1.19078e-09 1.44572e-09 4.42935e-07 0.0270721 3.77353e-06 0.000645407 0.113595 7.46573e-07 0.000655914 0.00136604 1.57736e-07 0.00137062 7.17688e-07 8.81623e-10 1.93072e-09 0.00286414 0.0055263 0.792224 0.0540898 8.85832e-10 4.45508e-06 6.37059e-11 0.000580546 8.28453e-10 
0.0890569 5.99854e-06 1.55514e-11 0.0215468 0.00741857 0.0542237 0.000161625 0.00395575 0.0060125 0.0205213 1.09178e-05 0.00732094 0.0137227 0.000422094 0.00321071 2.43819e-05 0.0153445 0.000512803 0.71764 0.00266384 2.05077e-07 0.00256809 0.0328296 0.000657008 0.000168981 
0.226946 0.00062475 6.2208e-09 0.0304416 0.0164081 0.0376017 0.00518948 0.0504138 0.0116727 0.0968236 0.00837838 0.0433743 0.00797847 0.000680397 0.00101002 8.84198e-05 0.0263943 0.00124377 0.231193 0.0228261 2.99566e-05 0.0351346 0.0944414 0.0509819 0.00012394 
0.00335216 5.2603e-05 7.0653e-12 0.00481497 0.000512885 0.0606035 0.000239054 0.00748482 8.31304e-06 0.115477 0.000367553 0.262607 0.00774389 9.65588e-06 3.12427e-08 3.7622e-05 0.0542033 4.94245e-05 0.272061 0.00317423 3.74248e-07 0.081901 0.119875 0.00522626 0.000199231 
0.0101117 0.000126457 9.41182e-10 0.0158761 0.0117168 0.203397 0.00481463 0.0260452 0.0128686 0.0049046 1.95782e-06 0.000101857 0.000356227 4.47471e-06 2.84338e-08 2.62902e-05 0.00132568 0.000192826 0.478649 0.000579571 1.49218e-12 0.0144538 0.212786 0.00154312 0.000118221 
0.0730405 3.63558e-08 1.14055e-08 0.0170318 0.165563 0.029344 0.0017358 0.0153249 0.0067737 0.0196481 7.16328e-05 0.00685311 0.00237937 0.00489229 0.00908377 0.000124694 0.0424876 0.0349385 0.334171 0.0052079 4.9909e-06 0.174467 0.0500591 0.00543857 0.00135899 
0.0392964 2.08238e-05 5.20917e-10 0.00753704 0.0130373 0.0236884 0.0138574 0.00899415 0.000685885 0.0231531 0.000489486 0.200743 0.00286061 0.000810233 0.000114709 0.000510653 0.0042757 0.00345444 0.611752 0.00942934 2.58919e-06 0.0131184 0.0184076 0.0013418 0.0024192 
0.00738253 6.13254e-09 5.3328e-12 0.00146477 0.0040189 0.0139408 0.000107108 0.00148961 4.65766e-05 0.0029522 2.01505e-06 0.000330098 0.000233096 1.74886e-05 3.25203e-12 0.000905177 0.000841458 6.9817e-05 0.9513 0.000730338 1.126e-07 0.00150049 0.0125619 6.05468e-06 9.91142e-05 
0.0759871 2.20396e-05 2.46546e-06 0.0517437 0.082434 0.0670061 0.0059261 0.130363 0.00465875 0.0124129 0.00272854 0.000672753 0.00689466 0.000579539 0.000270477 0.00120965 0.00421591 0.00974257 0.292529 0.0853318 6.84874e-06 0.0252534 0.124205 0.0148824 0.000920733 
0.00868481 1.36398e-06 2.99881e-13 0.00233934 0.01202 0.059985 0.000403316 0.00940703 0.00020144 0.00517713 7.30268e-06 0.000474678 0.00299952 7.08046e-05 9.66882e-10 0.00109472 0.000644773 0.00394681 0.863159 0.00156687 9.43424e-07 0.0153457 0.0120175 0.000178856 0.000272789 
0.0039499 5.02738e-06 7.79674e-12 0.00293908 0.00700456 0.0460921 0.000273141 0.00366761 0.000388901 0.00146027 0.000625533 8.50628e-05 0.0026817 1.5277e-05 6.01532e-06 0.000823707 0.052118 0.00417891 0.790479 0.00149061 1.81697e-06 0.0169946 0.0635825 0.000952954 0.000183897 
0.022225 2.55434e-05 1.6992e-10 0.00456348 0.0158906 0.0217866 0.0210065 0.00653454 0.000758609 0.0223779 0.00101479 0.222982 0.00248116 0.000885298 0.000143578 0.000699902 0.00475802 0.00227518 0.609097 0.00710728 4.56605e-06 0.0106227 0.0186262 0.00127087 0.00286294 
0.0102454 0.0104405 2.17889e-11 0.00351102 0.0358362 0.14281 0.0425851 0.0118473 0.000794048 0.00585146 8.31198e-05 0.00021231 0.000720213 9.7371e-05 0.000507052 7.97284e-06 0.00276787 0.000507903 0.524197 0.00309692 3.57842e-07 0.00509208 0.165502 0.0332518 3.56458e-05 
0.00713089 1.14678e-07 1.67568e-09 0.00378488 0.0366786 0.293227 0.000990172 0.0162236 0.000331362 0.00154372 0.00842962 1.92735e-06 0.00364982 2.06805e-10 0.000122249 1.56146e-05 0.0149732 0.000222485 0.346564 0.00149568 1.60745e-06 0.0116939 0.242221 0.0106928 4.87311e-06 
0.000941236 2.24621e-06 1.10034e-12 0.000495477 0.00125084 0.0575068 0.000468114 0.00550177 4.41584e-05 0.000428343 6.93278e-05 8.01298e-06 0.00135116 1.32614e-06 8.22429e-06 1.53905e-05 0.138635 0.0205441 0.689126 0.000251953 6.21014e-06 0.0458616 0.0358407 0.00142745 0.000215531 
0.0833851 0.00244708 0.00145288 0.0168144 0.0166934 0.125345 0.00713063 0.0194997 0.0014256 0.00946058 0.0106965 0.00666276 0.0540079 5.2972e-05 0.00320268 4.26156e-05 0.103659 0.0091808 0.198411 0.0252988 0.00957038 0.1182 0.159792 0.0165885 0.000978403 
0.0483779 0.00015859 0.0163707 0.00571832 0.0348649 0.00587284 0.000639089 0.0262599 0.000279697 0.122037 4.51592e-06 5.00896e-05 0.002844 3.8399e-06 0.00471729 0.00847584 2.9566e-05 0.000241737 0.612626 0.0137653 5.96398e-05 0.00358389 0.0614401 0.0315476 3.19889e-05 
0.145667 6.14263e-05 7.48383e-07 0.0607994 0.0650304 0.0669603 0.000849854 0.109684 0.0209821 0.00355486 0.000984861 0.000192261 0.00333987 0.000584563 0.00353413 0.00100717 0.00205488 0.0124428 0.201155 0.0160048 1.87068e-06 0.153395 0.0821761 0.0381522 0.0113844 
0.00262524 1.14053e-05 1.90332e-12 0.0197978 0.0296049 0.0521941 0.000260567 0.00803692 0.00242872 0.00247683 0.00222373 1.39672e-06 0.00221942 9.59498e-06 0.00059628 4.17029e-05 0.0221287 0.00436361 0.661662 0.00413199 1.02702e-05 0.0121673 0.167531 0.00408808 0.00138837 
0.0102454 0.0104405 2.17889e-11 0.00351102 0.0358362 0.14281 0.0425851 0.0118473 0.000794048 0.00585146 8.31198e-05 0.00021231 0.000720213 9.7371e-05 0.000507052 7.97284e-06 0.00276787 0.000507903 0.524197 0.00309692 3.57842e-07 0.00509208 0.165502 0.0332518 3.56458e-05 
0.000682793 1.76139e-06 3.87466e-09 0.000433099 9.97466e-05 0.196911 1.12831e-05 0.00469199 2.80217e-05 0.00886235 3.0694e-07 2.10568e-06 0.000364052 1.66032e-06 4.12451e-05 5.75245e-06 0.0220271 9.6727e-06 0.729454 0.000517543 3.65294e-07 0.0219946 0.0126983 0.000891819 0.000269468 
0.0583418 0.000707556 2.89281e-06 0.0209995 0.0513015 0.076949 0.000949555 0.0782875 0.00154653 0.0535996 0.00590062 0.00979858 0.0125212 0.000398976 0.0214332 0.000111773 0.0144706 0.00778259 0.255642 0.00695859 3.7974e-05 0.00708596 0.197459 0.113871 0.00384208 
0.078915 8.08538e-08 2.20933e-06 0.00384868 0.0565894 0.0043473 0.000923591 0.0143422 0.00500025 0.0715464 4.10433e-05 0.000118429 0.00190389 3.6871e-05 0.00323628 0.00317629 0.000149108 0.000712096 0.669794 0.00231381 0.000161513 0.00219013 0.0522957 0.0279921 0.000363849 
0.0309205 1.88987e-05 8.68658e-09 0.0112363 0.0138429 0.0569918 0.0324818 0.0246816 0.00022714 0.0399594 7.88537e-06 0.00545107 0.00152143 0.00126016 0.000523013 2.09986e-05 0.0834271 0.000542354 0.461438 0.00271682 4.22259e-07 0.0391398 0.0962702 0.0972086 0.000111133 
0.160462 5.6408e-06 5.63865e-06 5.64945e-06 5.65021e-06 0.0937913 0.00113525 5.64934e-06 5.64776e-06 5.64788e-06 5.6456e-06 5.64886e-06 0.143473 5.64077e-06 5.6434e-06 5.63456e-06 5.64902e-06 5.64961e-06 0.312392 0.288639 5.64337e-06 5.64912e-06 5.65028e-06 5.64904e-06 5.64387e-06 
0.00738253 6.13254e-09 5.3328e-12 0.00146477 0.0040189 0.0139408 0.000107108 0.00148961 4.65766e-05 0.0029522 2.01505e-06 0.000330098 0.000233096 1.74886e-05 3.25203e-12 0.000905177 0.000841458 6.9817e-05 0.9513 0.000730338 1.126e-07 0.00150049 0.0125619 6.05468e-06 9.91142e-05 
0.00401851 2.73062e-07 1.78336e-09 0.0015674 0.00621274 0.07181 6.4665e-05 0.0155437 0.000508579 0.00319163 4.79222e-08 0.000225118 0.000301613 2.27672e-05 0.00116836 0.00495637 7.95011e-05 6.37314e-05 0.798652 0.000373269 3.3273e-07 0.00774443 0.0335703 0.0498329 9.20198e-05 
0.000941236 2.24621e-06 1.10034e-12 0.000495477 0.00125084 0.0575068 0.000468114 0.00550177 4.41584e-05 0.000428343 6.93278e-05 8.01298e-06 0.00135116 1.32614e-06 8.22429e-06 1.53905e-05 0.138635 0.0205441 0.689126 0.000251953 6.21014e-06 0.0458616 0.0358407 0.00142745 0.000215531 
0.215902 5.22445e-05 5.63454e-09 0.0316258 0.0548576 0.0726143 0.00166724 0.0234182 0.00376164 0.0402682 0.00413857 0.00729824 0.0406381 0.000470393 0.00477797 0.000125431 0.0284915 0.0139257 0.267223 0.0253221 1.35437e-05 0.0525595 0.0955174 0.0108846 0.00444608 
0.00308623 3.97882e-09 1.3474e-08 0.00110909 0.00137012 0.0119779 0.00821655 0.0116373 0.000166467 0.00381884 0.000376416 0.000106868 0.000324083 7.1949e-09 0.0001043 3.95384e-05 0.0411449 0.00895489 0.76984 0.000279816 2.28579e-06 0.0477926 0.0872748 0.00234337 3.31483e-05 
0.169082 4.5933e-08 5.57672e-08 0.00588185 0.059905 0.0108181 0.00165309 0.0164153 0.0155041 0.000124144 1.93436e-05 0.061535 0.00560289 0.000104974 3.40077e-08 7.44757e-08 0.0110183 0.00175719 0.502549 0.00449617 0.000120753 0.064823 0.0590847 0.00950524 3.19567e-08 
0.0689116 5.2999e-07 0.0163949 0.00487742 0.0186901 0.00136659 0.000246752 0.034891 0.000154416 0.0492018 5.96406e-06 2.32167e-05 0.00222131 2.26704e-07 0.00472288 0.00360913 8.23298e-06 0.000111358 0.705857 0.00541069 5.00903e-05 0.00214107 0.0519452 0.0289432 0.000215579 
0.211877 1.92689e-05 2.29597e-08 0.0392867 0.0899878 0.0791329 0.00663076 0.0110311 0.0145886 0.0668895 0.000996905 0.00303864 0.00799046 0.000665204 0.000785486 2.67519e-05 0.0338332 0.0203668 0.319371 0.0129829 2.09312e-06 0.0181986 0.0409155 0.0212542 0.00012884 
0.0136524 1.21484e-05 1.19538e-10 0.0113116 0.0145033 0.0702277 0.000118398 0.0146958 0.000472652 0.00142301 0.00106411 5.45744e-05 0.00357331 1.47612e-05 0.000248139 4.93519e-05 0.23357 0.00457394 0.459278 0.00284854 0.000133873 0.0398889 0.108328 0.0185642 0.00139347 
0.00262524 1.14053e-05 1.90332e-12 0.0197978 0.0296049 0.0521941 0.000260567 0.00803692 0.00242872 0.00247683 0.00222373 1.39672e-06 0.00221942 9.59498e-06 0.00059628 4.17029e-05 0.0221287 0.00436361 0.661662 0.00413199 1.02702e-05 0.0121673 0.167531 0.00408808 0.00138837 
0.0485419 4.29382e-08 4.91054e-07 0.0590772 0.00553562 0.0887135 0.00087182 0.0392448 0.00063328 0.0071304 0.0273865 0.000224847 0.0462966 8.90908e-05 4.45505e-05 0.000309856 0.0140757 2.10972e-05 0.45839 0.0440053 1.66208e-05 0.0455712 0.103652 0.00818275 0.00198418 
0.0868885 1.8217e-05 1.33989e-09 0.00574031 0.00990934 0.0356898 0.000450586 0.0105261 0.0133987 0.0415668 0.000156621 0.265176 0.00296637 0.000327026 1.93062e-05 0.00110341 0.00345835 0.00109721 0.454947 0.014437 7.78979e-07 0.0256829 0.022698 0.00367074 7.11999e-05 
0.0306442 5.26323e-09 2.95513e-12 0.000940347 0.00312347 0.0188504 0.000191954 0.00222917 0.000130506 0.0226466 6.48429e-07 0.0130417 0.000431864 0.0011136 0.00649339 4.6809e-05 0.00336081 0.000545545 0.879239 0.00142251 2.06849e-07 0.00396185 0.0110854 0.00020872 0.000291651 
0.0233923 1.04568e-06 3.91764e-12 0.00149408 0.0030084 0.0167589 0.000219418 0.00215997 0.000247261 0.0251842 1.70297e-06 0.0309926 0.000806693 0.00163882 0.000110224 0.000575477 0.00436624 0.000820845 0.87224 0.00229102 8.83585e-07 0.00369632 0.00855893 0.00134462 9.05554e-05 
0.01378 0.000146528 1.04524e-11 0.0060844 0.0047984 0.013391 0.000309699 0.00491137 0.0005849 0.00418266 0.00039761 0.000352255 0.00442322 4.53487e-05 0.000187456 5.64727e-05 0.0832098 0.00519884 0.624584 0.00108293 0.000175811 0.0136009 0.0330548 0.00959796 0.175843 
0.0205501 6.52539e-07 1.71366e-12 0.00501943 0.0085523 0.10812 0.000410055 0.00886296 0.000140652 0.00150761 0.00013037 0.00014328 0.00279548 8.56772e-06 1.57249e-09 0.000758782 0.00225143 0.00180029 0.771372 0.00468428 6.88437e-07 0.0344569 0.0282419 0.000144321 4.88539e-05 
0.00998351 1.90661e-08 6.14905e-12 0.00489397 0.0778269 0.01429 0.191243 0.0159061 0.00312258 0.00512128 0.00215575 0.00039541 0.00258839 3.36965e-06 9.12803e-09 0.000513401 0.00331393 0.000682608 0.596965 0.00233163 3.23525e-05 0.0179696 0.0267662 0.00144209 0.022453 
0.0144022 9.77408e-06 9.40613e-11 0.0713744 0.0328845 0.0441096 0.00114675 0.0123476 0.00788213 0.00655157 0.0113024 0.000220207 0.00139874 0.000604616 0.00595597 1.56018e-05 0.0118988 0.0252925 0.326851 0.013069 5.22142e-06 0.0142207 0.0972387 0.0307896 0.270428 
0.0682485 0.000284301 0.00197737 0.011382 0.0898378 0.0225577 0.0125113 0.0333453 0.0162092 0.0159193 0.00237461 0.00286646 0.00161328 0.00346331 0.0131842 0.00535227 0.0385786 0.0178463 0.227612 0.00186896 0.000513639 0.0678379 0.0762856 0.0841181 0.184212 
0.180053 0.00010144 9.89277e-10 0.0141076 0.0176851 0.0239118 0.00635939 0.0134502 0.00631463 0.0361483 0.000576941 0.028881 0.00471046 0.000660591 0.000450639 0.000659501 0.00642422 0.00852511 0.390423 0.0153653 3.47161e-06 0.015543 0.0580754 0.0077931 0.163777 
0.0597916 0.000225617 7.85316e-08 0.0235073 0.0277294 0.0632565 0.00158074 0.0231036 0.00147996 0.024122 0.0040041 0.0183996 0.00450538 0.000421644 0.000184937 0.000210931 0.021638 0.0117708 0.396119 0.00595653 3.28738e-05 0.0314247 0.259237 0.0200864 0.0012118 
0.01013 0.000286586 1.40617e-06 0.0258993 0.0447121 0.024049 0.00161119 0.0111644 0.000186139 0.0812666 0.0066927 0.171824 0.0229555 6.38922e-07 0.000619138 1.7518e-05 0.0237075 0.0659787 0.339916 0.00689593 0.000252131 0.00718386 0.0807526 0.0149511 0.0589455 
0.00133878 1.25431e-12 1.52285e-12 0.000718497 0.00292222 0.0036857 0.00621289 0.0075092 0.000105871 0.0104457 4.12957e-09 1.86276e-08 3.97538e-05 8.39742e-09 3.69284e-05 1.39654e-05 0.0503549 0.0597289 0.815216 0.000166383 7.24295e-07 0.0150822 0.0252557 0.00109558 7.03746e-05 
0.0204644 1.0363e-07 5.98841e-11 1.2015e-06 0.00853258 0.00530931 2.09437e-05 0.307525 0.0013697 0.0666692 2.56926e-11 0.00156559 9.35025e-08 4.70182e-07 4.67471e-07 3.51965e-07 0.0670615 0.0362787 0.334201 0.00013697 3.66926e-11 0.0577554 0.0754582 0.0145594 0.0030891 
0.00646775 2.40947e-05 9.58026e-10 0.00459803 0.00299386 0.0404064 0.000112481 0.00918529 0.000181107 0.00146436 0.000180502 4.92613e-05 0.000307372 4.34544e-05 0.000116024 9.50432e-05 0.172371 0.000643 0.576824 0.000939925 0.000176503 0.0495542 0.111381 0.0180473 0.00383912 
0.00528288 1.40367e-05 1.1371e-08 0.000985765 0.00372048 0.0141436 0.0454659 0.00783619 0.00014038 0.0305962 0.00011305 0.0735415 0.00061129 1.18929e-05 0.000159376 5.7402e-05 0.0220659 0.00677093 0.719749 0.015208 1.44732e-06 0.0213517 0.02896 0.00308905 0.000124413 
0.00399772 4.18148e-06 5.54819e-12 0.00670099 0.00943602 0.014744 0.000786987 0.00560871 0.00519271 0.00121518 0.00187798 2.13876e-08 0.00384781 1.07444e-05 7.88989e-05 0.00010699 0.0696644 0.00306496 0.68056 0.00168619 1.87386e-05 0.0228297 0.124231 0.00110663 0.0432298 
0.0104938 4.96704e-09 1.90012e-12 0.00372424 0.0345416 0.0305858 0.00149376 0.00602407 0.000457768 0.00243419 0.000101738 2.12147e-05 0.000575262 1.97446e-07 0.00123895 2.37962e-05 0.0187815 1.6407e-05 0.768142 0.00127264 5.14606e-06 0.0204536 0.0883621 0.0112086 4.13597e-05 
0.00868481 1.36398e-06 2.99881e-13 0.00233934 0.01202 0.059985 0.000403316 0.00940703 0.00020144 0.00517713 7.30268e-06 0.000474678 0.00299952 7.08046e-05 9.66882e-10 0.00109472 0.000644773 0.00394681 0.863159 0.00156687 9.43424e-07 0.0153457 0.0120175 0.000178856 0.000272789 
3.14482e-06 3.56952e-11 4.33375e-11 7.50092e-07 5.90351e-06 5.83815e-07 1.01421e-06 0.00507654 3.71468e-07 0.135692 1.85935e-11 0.00411862 1.15109e-06 4.08311e-07 2.64279e-11 0.115622 2.06488e-07 6.26053e-07 0.731115 4.14183e-06 9.03101e-08 2.98207e-07 0.00581585 0.00254081 4.22204e-07 
0.00224216 3.88517e-05 1.02639e-06 0.00933098 0.016365 0.0784827 0.0405524 0.00587186 0.00722005 0.105769 0.0124022 0.0174295 0.000279851 4.11751e-05 0.000625284 5.8697e-05 0.00325259 0.0301419 0.561824 0.00323194 1.51673e-05 0.0343224 0.0595395 0.0101338 0.000828077 
0.0681755 1.75587e-06 1.99746e-10 0.00107689 0.0017785 0.0144236 0.00101316 0.0389183 0.00201132 0.0120155 0.00071686 0.013183 0.00487483 0.000236915 5.6362e-05 3.72097e-05 0.00416896 0.000535037 0.806509 0.00356551 2.76227e-07 0.00352994 0.0039607 0.00966752 0.00954373 
3.14482e-06 3.56952e-11 4.33375e-11 7.50092e-07 5.90351e-06 5.83815e-07 1.01421e-06 0.00507654 3.71468e-07 0.135692 1.85935e-11 0.00411862 1.15109e-06 4.08311e-07 2.64279e-11 0.115622 2.06488e-07 6.26053e-07 0.731115 4.14183e-06 9.03101e-08 2.98207e-07 0.00581585 0.00254081 4.22204e-07 
0.00752959 9.10279e-07 4.50536e-13 0.00155957 0.00956021 0.0446953 0.000445072 0.0067833 0.000135541 0.00389043 4.87377e-06 0.000605085 0.00258131 8.58126e-05 1.04903e-09 0.000854183 0.0005196 0.00281296 0.896158 0.00119038 6.29337e-07 0.0102305 0.00995141 0.00011924 0.000285656 
0.00752959 9.10279e-07 4.50536e-13 0.00155957 0.00956021 0.0446953 0.000445072 0.0067833 0.000135541 0.00389043 4.87377e-06 0.000605085 0.00258131 8.58126e-05 1.04903e-09 0.000854183 0.0005196 0.00281296 0.896158 0.00119038 6.29337e-07 0.0102305 0.00995141 0.00011924 0.000285656 
0.0495224 6.85933e-06 1.49209e-11 0.0470259 0.112845 0.103763 0.000966227 0.0937356 0.00160614 0.00410291 0.00368948 0.000569948 0.00331417 1.78263e-05 0.000431905 4.63987e-05 0.00393426 0.00267511 0.354722 0.0256361 7.28487e-07 0.114972 0.0666113 0.00915993 0.000644573 
