0.0191303 6.52717e-07 1.24874e-12 0.001057 0.0147043 0.0498092 0.002041 0.00562427 0.000323121 0.0150087 2.11556e-05 0.00974079 0.00231397 0.00253655 1.84419e-05 2.71742e-05 0.00359536 0.00544053 0.843743 0.00105687 5.60214e-07 0.0122585 0.00958652 0.0017327 0.000229131 
0.00752959 9.10279e-07 4.50536e-13 0.00155957 0.00956021 0.0446953 0.000445072 0.0067833 0.000135541 0.00389043 4.87377e-06 0.000605085 0.00258131 8.58126e-05 1.04903e-09 0.000854183 0.0005196 0.00281296 0.896158 0.00119038 6.29337e-07 0.0102305 0.00995141 0.00011924 0.000285656 
0.0986318 1.22213e-06 6.3093e-09 0.107852 0.0278252 0.00561953 4.34981e-05 0.0913662 0.00724709 0.00998074 0.208545 2.37113e-05 0.0783931 6.3888e-07 3.84752e-09 8.42592e-09 0.00262374 0.000655006 0.211865 0.00442333 7.21556e-06 0.011478 0.102021 0.0313965 7.21659e-07 
0.0763375 0.000289982 7.72768e-05 0.0500941 0.0452628 0.13798 0.00849978 0.0293783 0.00873049 0.0109145 0.00184801 0.000173692 0.00677464 0.00624849 0.00060096 0.000364228 0.0204125 0.00476918 0.23222 0.104765 2.65312e-06 0.078181 0.155716 0.0178723 0.00248664 
0.00262524 1.14053e-05 1.90332e-12 0.0197978 0.0296049 0.0521941 0.000260567 0.00803692 0.00242872 0.00247683 0.00222373 1.39672e-06 0.00221942 9.59498e-06 0.00059628 4.17029e-05 0.0221287 0.00436361 0.661662 0.00413199 1.02702e-05 0.0121673 0.167531 0.00408808 0.00138837 
0.000970563 3.74755e-09 9.07688e-13 0.000629773 0.00104938 0.0206864 0.000149598 0.00126215 3.32532e-05 0.000428575 1.8412e-05 1.6037e-09 0.000112488 7.50104e-13 2.74019e-05 2.63112e-05 0.0199484 3.28086e-05 0.903837 0.000156689 2.24351e-06 0.00958289 0.0405134 0.000465073 6.67299e-05 
0.0211748 6.22933e-05 1.70891e-11 0.013322 0.0128545 0.0565168 0.00997866 0.00962244 0.0112803 0.00112935 0.00430975 8.71406e-06 0.00985064 1.15101e-05 0.000915741 1.90437e-05 0.115483 0.0185769 0.363661 0.00432743 4.29111e-06 0.109508 0.23372 0.0031949 0.000468855 
0.0441658 3.74784e-06 1.14682e-12 0.0104542 0.00634156 0.0222811 0.000592246 0.00761948 0.000318277 0.0179425 1.41494e-05 0.0100975 0.00197943 0.00233634 0.000132181 0.000897164 0.00341637 0.0434552 0.791378 0.00208851 1.50376e-06 0.0133505 0.020063 0.000707746 0.000363411 
0.0119883 0.000191069 1.37388e-11 0.00939485 0.00114596 0.0682623 0.000187149 0.00235786 1.40919e-06 0.00373232 5.92358e-05 7.52106e-06 0.00256791 2.94213e-05 0.000867843 2.00395e-05 0.24125 0.000107218 0.378341 0.00245213 4.26405e-07 0.101889 0.159758 0.0146037 0.000784896 
0.0262524 2.98396e-06 1.49625e-11 0.0109641 0.0961035 0.048388 0.00083449 0.0415039 0.00431495 0.0221682 2.66024e-05 0.00653615 0.00784514 0.000583236 0.00198369 0.00101503 0.0104973 0.0129923 0.653218 0.00223979 4.32557e-05 0.00875488 0.0306727 0.010659 0.00240038 
0.228684 8.46461e-05 9.92331e-11 0.0410179 0.00798129 0.00716117 0.00790702 0.01901 0.0012267 0.12892 0.000453318 0.0805127 0.00384499 0.00041328 0.000234236 1.6523e-06 0.00874853 0.00352712 0.345707 0.0565673 1.62373e-09 0.0148195 0.0400915 0.00306573 2.04343e-05 
0.0397496 0.000689619 1.4629e-05 0.0186478 0.0208124 0.116766 0.00167814 0.0221613 0.00174223 0.00206136 0.0785466 3.61268e-05 0.042703 5.3355e-05 0.00154033 0.00076569 0.0828282 0.00195169 0.2592 0.145085 2.07778e-05 0.0215084 0.134909 0.00551736 0.00101199 
0.0136524 1.21484e-05 1.19538e-10 0.0113116 0.0145033 0.0702277 0.000118398 0.0146958 0.000472652 0.00142301 0.00106411 5.45744e-05 0.00357331 1.47612e-05 0.000248139 4.93519e-05 0.23357 0.00457394 0.459278 0.00284854 0.000133873 0.0398889 0.108328 0.0185642 0.00139347 
0.0584896 1.42071e-09 1.72488e-09 0.00215587 0.0741111 0.0184477 0.00677092 0.0152976 0.00302948 0.00172113 2.27074e-06 7.68518e-05 0.00493404 1.34497e-07 1.22452e-06 2.30354e-09 0.00114803 0.000661695 0.689048 0.00488721 2.34523e-07 0.0694028 0.0163658 0.033448 1.8133e-07 
0.00898508 0.000136319 3.91338e-11 0.00776645 0.019587 0.388349 0.00700291 0.0102055 0.0013987 0.00437588 0.000220541 4.07515e-05 0.000651611 3.17682e-05 4.97107e-05 2.90763e-05 0.00251156 0.0122552 0.399205 0.00113419 3.13239e-06 0.00550542 0.126236 0.00421407 0.000105396 
0.00325527 1.276e-05 1.47021e-11 0.00233842 0.0329114 0.0158848 0.00180316 0.00529838 0.00710112 0.000545604 0.00104261 6.8713e-05 0.000240338 1.87314e-09 0.000216781 1.92285e-05 0.0310824 0.00622458 0.566361 0.000194174 7.59669e-06 0.0191828 0.040211 0.00556955 0.260428 
0.0512767 5.95273e-06 9.98914e-13 0.0167002 0.0198635 0.0657491 0.000363581 0.0088393 0.00100183 0.00462717 0.0015838 9.83946e-05 0.00532545 0.000428391 0.000160952 0.00045231 0.0107254 0.00892496 0.677336 0.0139362 5.34967e-06 0.0156602 0.0941246 0.00184737 0.000963069 
0.210981 0.000631202 2.11949e-08 0.0177396 0.0309074 0.0351799 0.00117206 0.0160583 0.00176309 0.0179379 0.0196964 0.0395582 0.00521853 0.00016617 0.000620654 0.000576764 0.0151018 0.0131434 0.309327 0.0193885 7.26948e-05 0.0333662 0.0785389 0.0125704 0.120284 
0.0935386 0.000140516 5.10892e-07 0.124216 0.0363104 0.0468883 0.000304875 0.0787496 0.000581748 0.0122732 0.00196316 0.03191 0.0108027 8.74634e-05 0.000584282 0.00106889 0.00196634 0.0333317 0.171891 0.154923 7.54808e-07 0.019439 0.0645115 0.00618568 0.10833 
0.046108 4.06089e-07 1.90136e-10 0.0107314 0.0328799 0.092496 0.00132726 0.0305425 0.000346111 0.0186092 0.00698537 0.000240073 0.00461916 3.68855e-05 2.02026e-05 0.000318732 0.00186068 0.00239581 0.591733 0.0271369 5.61243e-07 0.059909 0.0498356 0.0217606 0.000106433 
0.0556984 3.70476e-07 1.49604e-09 9.40317e-05 0.00577796 0.000876365 0.00027314 0.00240227 0.000105074 0.171051 8.97136e-07 0.0133238 0.00053516 0.0026027 5.05104e-05 2.2642e-05 0.000620961 9.11912e-05 0.723627 0.00190283 3.87499e-06 0.000601303 0.0143135 0.00584435 0.000180928 
0.00795508 0.000391676 2.52268e-10 0.00943718 0.0303822 0.112536 0.000228686 0.0111752 0.00548234 0.00180714 0.00079812 2.93288e-05 0.00579936 1.53521e-05 0.000136213 0.000340149 0.00667037 0.00858287 0.673419 0.0126725 3.71431e-06 0.036463 0.066286 0.0070918 0.00229666 
0.00686903 0.00123424 8.43974e-07 0.00456715 0.0171976 0.131759 0.104378 0.03433 0.0014075 0.0517836 0.000200566 0.0773953 0.00172331 0.000109465 0.000537128 8.31157e-05 0.00272403 0.0078245 0.315142 0.0313374 2.94047e-07 0.0360384 0.162384 0.0109369 3.80934e-05 
0.0144916 0.000144529 3.45852e-10 0.000487549 0.0215319 0.185892 0.0169501 0.0122151 0.000672255 0.0116369 0.000105852 0.00224389 0.00143637 0.000512911 3.05098e-08 3.01924e-05 0.0542258 0.0702087 0.46566 0.00252213 4.41929e-07 0.0468106 0.0905453 0.00163041 4.56293e-05 
0.0187352 1.21002e-05 1.18862e-09 0.00362893 0.0274638 0.213081 0.0346668 0.0952616 0.000806284 0.0423357 0.000223938 0.00638482 0.00357247 0.000960476 2.19517e-05 3.6601e-05 0.0964246 0.01272 0.375283 0.00489271 2.07256e-08 0.0290162 0.0327312 0.00166859 7.14212e-05 
0.00738253 6.13254e-09 5.3328e-12 0.00146477 0.0040189 0.0139408 0.000107108 0.00148961 4.65766e-05 0.0029522 2.01505e-06 0.000330098 0.000233096 1.74886e-05 3.25203e-12 0.000905177 0.000841458 6.9817e-05 0.9513 0.000730338 1.126e-07 0.00150049 0.0125619 6.05468e-06 9.91142e-05 
0.00998351 1.90661e-08 6.14905e-12 0.00489397 0.0778269 0.01429 0.191243 0.0159061 0.00312258 0.00512128 0.00215575 0.00039541 0.00258839 3.36965e-06 9.12803e-09 0.000513401 0.00331393 0.000682608 0.596965 0.00233163 3.23525e-05 0.0179696 0.0267662 0.00144209 0.022453 
0.0383275 1.61156e-05 6.17615e-11 0.00179306 0.00578689 0.0120604 0.000297431 0.00278723 5.2174e-05 0.0136009 2.19925e-08 0.00904795 0.0018428 0.000419017 0.00219966 0.0008833 0.0236776 0.00126658 0.849659 0.00260676 1.42982e-06 0.00570235 0.0269985 0.000939542 3.39933e-05 
0.0104938 4.96704e-09 1.90012e-12 0.00372424 0.0345416 0.0305858 0.00149376 0.00602407 0.000457768 0.00243419 0.000101738 2.12147e-05 0.000575262 1.97446e-07 0.00123895 2.37962e-05 0.0187815 1.6407e-05 0.768142 0.00127264 5.14606e-06 0.0204536 0.0883621 0.0112086 4.13597e-05 
0.00780222 6.37535e-06 5.77333e-08 0.0200397 0.0521343 0.0829521 0.00159031 0.115681 0.00343517 0.0005725 0.0212166 6.24913e-05 0.0704671 1.28881e-06 0.00496821 2.15417e-05 0.159514 0.00947552 0.239654 0.0276975 0.0347284 0.0198924 0.114961 0.0131251 8.8108e-07 
0.00190297 1.36397e-05 2.05042e-09 0.0142232 0.0212196 0.0373987 0.000200847 0.00579204 0.00177972 0.00181313 0.00164078 1.95085e-06 0.00162122 1.2292e-05 0.000462287 4.14373e-05 0.0158914 0.00316947 0.757225 0.00299719 1.21588e-05 0.00876088 0.119814 0.00296456 0.00104198 
0.0925878 9.8106e-06 3.93846e-10 0.0105003 0.0322239 0.0416265 0.000848396 0.0292751 0.000204291 0.0229866 0.000793893 0.0241861 0.0157913 0.00016577 0.00114029 0.00101761 0.00179501 0.000239406 0.419298 0.0170809 1.26848e-06 0.109527 0.135778 0.0422898 0.000632571 
0.00308623 3.97882e-09 1.3474e-08 0.00110909 0.00137012 0.0119779 0.00821655 0.0116373 0.000166467 0.00381884 0.000376416 0.000106868 0.000324083 7.1949e-09 0.0001043 3.95384e-05 0.0411449 0.00895489 0.76984 0.000279816 2.28579e-06 0.0477926 0.0872748 0.00234337 3.31483e-05 
0.00108206 1.05383e-05 2.28806e-07 0.000387263 0.00121061 0.00684175 0.0902745 0.00469805 0.000123271 0.0400227 3.10141e-06 0.130552 0.00127634 3.02832e-06 0.000177132 5.68788e-05 0.0331501 0.00304305 0.596801 0.0232595 1.403e-06 0.0396427 0.024477 0.00283864 6.71762e-05 
0.000970563 3.74755e-09 9.07688e-13 0.000629773 0.00104938 0.0206864 0.000149598 0.00126215 3.32532e-05 0.000428575 1.8412e-05 1.6037e-09 0.000112488 7.50104e-13 2.74019e-05 2.63112e-05 0.0199484 3.28086e-05 0.903837 0.000156689 2.24351e-06 0.00958289 0.0405134 0.000465073 6.67299e-05 
0.00178024 3.58953e-05 9.15444e-07 0.00161382 0.0172227 0.000759792 0.152098 0.00878088 0.0471424 0.0028897 7.31937e-08 0.268502 5.83404e-05 4.96077e-07 0.000215344 0.00139684 6.89873e-06 0.000287287 0.378045 0.0410635 9.60263e-10 0.0136888 0.000170837 0.0642403 2.54158e-07 
0.109891 0.000101763 2.37994e-08 0.0227858 0.0351411 0.154668 0.00301888 0.0933637 0.00028753 0.0100372 0.00743484 0.00437447 0.125775 3.08073e-05 1.45133e-08 5.26304e-06 0.014871 0.0123415 0.322174 0.0240737 1.52261e-07 0.012562 0.0458421 2.10943e-05 0.0011985 
0.0102454 0.0104405 2.17889e-11 0.00351102 0.0358362 0.14281 0.0425851 0.0118473 0.000794048 0.00585146 8.31198e-05 0.00021231 0.000720213 9.7371e-05 0.000507052 7.97284e-06 0.00276787 0.000507903 0.524197 0.00309692 3.57842e-07 0.00509208 0.165502 0.0332518 3.56458e-05 
0.134593 1.17053e-05 8.1439e-10 0.0355463 0.00185975 0.164972 4.82054e-05 0.00421987 7.81926e-05 0.0019305 1.86496e-08 9.22211e-05 0.00380443 4.45764e-06 4.96628e-10 0.000595299 0.00194954 2.24663e-05 0.47624 0.0325503 2.20112e-07 0.02623 0.11523 3.20031e-06 1.79767e-05 
0.00738253 6.13254e-09 5.3328e-12 0.00146477 0.0040189 0.0139408 0.000107108 0.00148961 4.65766e-05 0.0029522 2.01505e-06 0.000330098 0.000233096 1.74886e-05 3.25203e-12 0.000905177 0.000841458 6.9817e-05 0.9513 0.000730338 1.126e-07 0.00150049 0.0125619 6.05468e-06 9.91142e-05 
0.00484489 3.2292e-05 1.96424e-11 0.00151952 0.00264502 0.0351893 0.000440705 0.0118526 0.000277102 0.00127577 0.00490211 1.24561e-05 0.000223998 4.45519e-05 0.000157259 0.000280271 0.212772 3.90241e-05 0.526084 0.00111263 6.55606e-06 0.0344756 0.155662 0.00537185 0.00077824 
0.0225486 3.97552e-09 1.47624e-12 0.000987057 0.00974338 0.017123 0.00169805 0.00260004 0.000210265 0.0203432 6.4751e-07 0.0123666 0.000733872 0.0031187 2.58175e-05 2.56996e-05 0.00226117 0.000302265 0.891151 0.000661923 2.43818e-07 0.00293152 0.00854724 0.00242577 0.000193825 
0.00633739 0.000881648 9.26394e-08 0.0194571 0.0256745 0.218232 0.0118913 0.0436499 0.00384512 0.00455308 0.00108346 0.00013511 0.00541066 1.63214e-05 0.000260017 0.000185642 0.127 0.033318 0.252725 0.00384009 9.60092e-05 0.0795854 0.133159 0.0283351 0.000328448 
0.0110226 0.000232841 1.70089e-10 0.00617975 0.0209447 0.231227 0.00103926 0.0179481 0.000652066 0.00321978 0.00195249 4.89852e-05 0.00174766 6.26896e-05 0.000152738 0.000196297 0.00395145 0.0123676 0.412434 0.00362695 2.47308e-06 0.0711862 0.191515 0.00766745 0.000621784 
0.0648 7.83022e-05 1.98785e-08 0.0300266 0.15408 0.128205 0.0179779 0.0695701 0.0256473 0.00157213 0.00232145 5.97653e-05 0.00987752 2.9266e-07 0.00083973 3.28423e-06 0.0260278 0.00506223 0.162128 0.0652234 1.88129e-08 0.0825215 0.109668 0.0438158 0.000494743 
0.0513662 0.00350225 8.49679e-06 0.0120297 0.0131572 0.183674 0.00535374 0.0200675 0.0039004 0.043842 0.00072868 0.000115321 0.0110719 0.00652155 0.000310947 0.00232429 0.00711019 0.0081849 0.317723 0.215257 2.01915e-05 0.0130091 0.0713327 0.0063184 0.0030702 
0.047369 0.000117706 1.50801e-08 0.00720411 0.0409888 0.0805101 0.00140045 0.0208708 0.00263747 0.114552 0.00109227 0.003689 0.00676868 0.00289643 0.00226872 0.00106009 0.0226191 0.00195626 0.554522 0.00551852 0.000267852 0.0213861 0.0452807 0.014928 9.56323e-05 
0.0121593 1.00374e-05 3.51089e-12 0.0150409 0.00627786 0.0204735 0.00277619 0.00877585 0.000453919 0.00922816 0.00021143 0.000185444 0.00172187 0.000110984 0.000352069 5.94717e-05 0.360429 0.0188421 0.402735 0.00247884 0.000290592 0.0252498 0.0945936 0.0152858 0.00225804 
0.0535349 1.2839e-08 3.54472e-09 0.00500158 0.0728781 0.083899 0.00564806 0.0222837 0.0103636 0.0495345 0.00112804 0.00649964 0.00221479 0.00198914 0.00138016 2.02038e-05 0.0172018 0.014996 0.492415 0.00626216 1.25327e-07 0.00366074 0.127889 0.0170357 0.00416395 
0.270155 0.000821686 3.48613e-10 0.0264421 0.0205221 0.0356938 0.00149091 0.0278727 0.00540996 0.00932196 0.000875526 0.00995355 0.0109275 0.000586967 0.0080584 0.00184504 0.0173993 0.000256387 0.334936 0.122888 0.000111375 0.0187955 0.0617705 0.0124371 0.00142788 
0.0079168 8.53383e-07 9.69712e-11 0.000404442 0.0470706 0.0473664 0.00325493 0.0682126 0.00160528 0.0102015 0.000347194 0.000233125 0.00288946 7.55206e-07 8.2251e-05 2.34528e-05 0.205903 0.00799327 0.424438 0.000267896 2.20435e-05 0.0551057 0.0310533 0.0837791 0.00182882 
0.0133858 4.78574e-11 5.81035e-11 0.0301115 0.0182304 0.00736496 3.53662e-05 0.00791492 0.000997604 0.00731681 0.000121398 2.55614e-05 0.000430064 2.95876e-05 0.00206255 0.000810341 0.0541041 0.00610573 0.527564 0.00865407 0.00175331 0.000423358 0.119596 0.192326 0.000637322 
0.0238083 1.53811e-05 4.00297e-13 0.0075355 0.00779819 0.0671323 0.000578004 0.00727595 0.00151954 0.013034 3.26688e-05 0.00833472 0.000932076 0.00062192 7.9101e-05 3.4106e-05 0.0407145 0.000266903 0.618949 0.00116613 2.17795e-06 0.0618791 0.135916 0.00204918 0.000324326 
0.166028 3.38052e-05 1.4763e-07 0.0334935 0.0468271 0.0694039 0.00905325 0.0453902 0.0012393 0.00542383 0.0459835 0.00379464 0.0177371 0.000737921 0.000419567 0.000189607 0.0152688 0.0054092 0.244714 0.0454516 9.28376e-06 0.0294216 0.205333 0.00858007 5.66211e-05 
0.02945 4.97038e-09 4.02756e-12 0.00911484 0.0139582 0.07871 0.000965598 0.0127261 3.71689e-05 0.00210269 9.11063e-05 0.000539159 0.00369787 6.54711e-06 2.67455e-09 0.000655853 0.00125704 0.000188912 0.75429 0.0307128 1.4465e-07 0.0351129 0.0261447 0.000217086 2.16817e-05 
0.0230867 1.59781e-05 3.93742e-07 0.00844588 0.0271066 0.051419 0.00083324 0.012681 0.000889254 0.00830756 0.000615451 0.00371686 0.00489143 0.000451335 0.00430121 0.000810847 0.0322337 0.0287952 0.64028 0.00204518 0.000185883 0.0434091 0.0964346 0.00835284 0.000690435 
0.0479733 0.000227478 5.49944e-07 0.0173556 0.0365736 0.156956 0.00610023 0.140548 0.0113653 0.00909959 0.00143749 0.000230502 0.000518846 0.00032595 0.000375791 2.23387e-05 0.00605043 0.000441182 0.326389 0.00147863 4.95615e-09 0.0269651 0.191544 0.0176021 0.00041821 
0.00655385 4.73533e-06 4.62315e-12 0.00159842 0.0015028 0.0207902 0.00382105 0.00693229 4.94244e-05 0.00330842 2.65844e-05 4.91117e-05 0.00439816 5.66344e-06 1.72488e-05 1.81247e-05 0.264888 0.00963646 0.444618 0.000877227 3.39178e-06 0.157575 0.070654 0.00238353 0.000288504 
0.0543933 4.17903e-05 5.76903e-07 0.0256345 0.0535545 0.0882235 0.00659328 0.0165458 0.00436961 0.0191871 0.00117645 0.000396738 0.0145751 0.0007603 4.24249e-05 0.000535188 0.0241334 0.00944524 0.4325 0.0125487 2.34027e-06 0.0744342 0.157906 0.00293369 6.63711e-05 
0.0327456 7.73501e-05 8.84282e-09 0.020921 0.0246565 0.330747 0.0045148 0.0153603 0.0131369 0.00253756 0.00142288 6.24335e-05 0.000723428 1.24048e-05 0.000237141 2.41057e-05 0.000520834 0.00581633 0.429233 0.00469026 1.10267e-06 0.0599361 0.0489352 0.00341942 0.000268554 
0.120262 5.85682e-06 3.13167e-12 0.0201972 0.0190183 0.0305821 0.000622909 0.00622973 0.000667009 0.0113637 0.000545011 0.00228383 0.0048119 0.00821326 0.00158039 3.57112e-05 0.269163 0.00239498 0.311555 0.0169857 0.000236469 0.0241641 0.121118 0.0260173 0.0019466 
0.00262524 1.14053e-05 1.90332e-12 0.0197978 0.0296049 0.0521941 0.000260567 0.00803692 0.00242872 0.00247683 0.00222373 1.39672e-06 0.00221942 9.59498e-06 0.00059628 4.17029e-05 0.0221287 0.00436361 0.661662 0.00413199 1.02702e-05 0.0121673 0.167531 0.00408808 0.00138837 
0.0221522 8.61715e-06 4.25312e-12 0.000931474 0.00125786 0.0107076 0.000195534 0.00190511 0.000450165 0.0151473 1.32207e-05 0.0260807 0.00070825 0.00145302 0.000109115 1.47472e-05 0.00374704 0.000609906 0.904478 0.00215792 2.0805e-07 0.00171361 0.00500418 0.00102031 0.000134092 
0.0584896 1.42071e-09 1.72488e-09 0.00215587 0.0741111 0.0184477 0.00677092 0.0152976 0.00302948 0.00172113 2.27074e-06 7.68518e-05 0.00493404 1.34497e-07 1.22452e-06 2.30354e-09 0.00114803 0.000661695 0.689048 0.00488721 2.34523e-07 0.0694028 0.0163658 0.033448 1.8133e-07 
0.0204644 1.0363e-07 5.98841e-11 1.2015e-06 0.00853258 0.00530931 2.09437e-05 0.307525 0.0013697 0.0666692 2.56926e-11 0.00156559 9.35025e-08 4.70182e-07 4.67471e-07 3.51965e-07 0.0670615 0.0362787 0.334201 0.00013697 3.66926e-11 0.0577554 0.0754582 0.0145594 0.0030891 
0.00308623 3.97882e-09 1.3474e-08 0.00110909 0.00137012 0.0119779 0.00821655 0.0116373 0.000166467 0.00381884 0.000376416 0.000106868 0.000324083 7.1949e-09 0.0001043 3.95384e-05 0.0411449 0.00895489 0.76984 0.000279816 2.28579e-06 0.0477926 0.0872748 0.00234337 3.31483e-05 
0.00680569 2.64703e-12 3.21375e-12 0.000567798 3.06855e-08 2.89201e-13 7.08496e-05 0.00222585 2.28199e-08 0.0048694 1.37882e-12 4.82169e-08 0.000262923 3.98398e-08 2.05798e-08 6.13782e-08 8.03919e-09 2.68277e-05 0.98262 6.37887e-13 4.92484e-09 0.000254344 0.00229548 1.07274e-07 1.06999e-07 
0.0474214 1.56186e-05 8.50965e-11 0.0127238 0.0536736 0.0331404 0.000218077 0.0100557 0.000327962 0.0620732 9.16155e-05 0.00623722 0.000548335 0.000313875 0.00669048 3.67843e-05 0.0181709 0.00156309 0.599612 0.0812258 2.03796e-06 0.0463845 0.0168919 0.00249641 8.54613e-05 
0.00430174 7.91291e-06 1.12802e-12 0.00123077 0.00240111 0.00348804 0.000146303 0.00225166 2.93857e-05 0.095897 5.48973e-10 0.228139 0.000289857 3.17642e-05 1.72836e-09 0.000861678 0.000448355 6.53912e-05 0.646709 0.00164547 9.88954e-08 0.00286052 0.0077973 0.00122407 0.000173608 
0.0379867 3.87475e-05 4.72237e-10 0.00829396 0.0345585 0.353971 0.00749047 0.0260421 0.0110149 0.0195688 7.37148e-05 0.00403676 0.00101045 0.00567986 0.000264084 0.00217052 0.00812382 0.00935832 0.386163 0.00387215 1.2321e-05 0.031689 0.0478312 0.000606186 0.000144069 
0.0208585 9.5705e-05 3.95226e-06 0.0125218 0.0616876 0.0867806 0.00192688 0.0268093 0.00891903 0.00362944 0.0179696 0.000886422 0.00519023 8.54974e-05 0.00446776 6.5977e-05 0.0829185 0.0169761 0.439879 0.0767911 2.36517e-06 0.0477701 0.0680117 0.0142067 0.00154637 
0.0961796 0.00168742 1.03437e-10 0.0111901 0.00517 0.0101707 0.000436336 0.0117441 0.000385246 0.0113135 2.15638e-06 0.0747456 0.00828305 2.05199e-05 3.74578e-05 0.000825755 0.0153169 0.00221515 0.37428 0.000805885 0.000494186 0.0355664 0.0137065 0.325357 6.63304e-05 
0.108693 0.000685815 0.000565113 0.0173754 0.125694 0.00271461 0.00154582 0.0213219 0.0013459 0.0085544 0.00457228 0.000342003 0.00118205 0.00257961 0.00801247 0.000238616 0.00798595 0.00017846 0.576236 0.0151476 0.000173227 0.0108194 0.0392982 0.0425742 0.00216351 
0.0386363 2.307e-05 2.59287e-10 0.027819 0.00877224 0.0706167 0.002629 0.0304151 0.00266972 0.21611 0.000732499 0.00290755 0.00448491 8.82108e-06 0.000335465 1.03647e-05 0.0341192 0.00929254 0.375945 0.0058918 4.47267e-06 0.0433834 0.119225 0.0053115 0.000656302 
0.031301 7.29081e-05 2.47097e-10 0.0100986 0.0260375 0.245179 0.00053591 0.112645 0.0175028 0.032956 0.000238737 0.000412641 0.011436 6.00471e-06 3.98811e-07 9.22121e-05 0.0218456 0.000107538 0.389687 0.00195857 1.15086e-06 0.0298877 0.0613363 0.00664359 1.80245e-05 
0.00738253 6.13254e-09 5.3328e-12 0.00146477 0.0040189 0.0139408 0.000107108 0.00148961 4.65766e-05 0.0029522 2.01505e-06 0.000330098 0.000233096 1.74886e-05 3.25203e-12 0.000905177 0.000841458 6.9817e-05 0.9513 0.000730338 1.126e-07 0.00150049 0.0125619 6.05468e-06 9.91142e-05 
0.0140206 0.000127251 4.81984e-12 0.0156939 0.018847 0.151601 0.000403345 0.0286445 0.00140939 0.00165094 0.00203649 1.32591e-05 0.00675082 1.01864e-05 0.00701177 2.88795e-05 0.0145111 0.0113876 0.466945 0.0276179 5.05159e-06 0.0548627 0.168061 0.00543793 0.00292192 
0.0126026 4.11034e-05 2.95022e-12 0.00767444 0.013359 0.0274768 0.000425796 0.00522172 0.000957077 0.00936836 0.000588743 0.00212833 0.00110165 0.000285699 0.000339283 0.000307598 0.0098566 0.00260355 0.843412 0.00223376 2.46908e-06 0.00492166 0.0521256 0.00246357 0.00050266 
0.0123316 6.55583e-06 1.02523e-10 0.00909034 0.0307543 0.0847648 0.000364773 0.0137214 0.000304798 0.00325108 0.000518784 4.62713e-05 0.000845475 1.77903e-06 0.000390741 0.000191975 0.196381 0.0437273 0.417748 0.00174694 0.000225146 0.047733 0.110411 0.0248637 0.000579982 
0.00611422 3.64413e-07 2.1818e-09 0.00159726 0.00306887 0.168269 0.000121621 0.00259578 7.62276e-05 0.00495609 6.38975e-08 0.000366522 0.000484969 5.43697e-05 6.63002e-06 0.00148638 0.000127979 7.22933e-05 0.567973 0.000625531 3.37218e-06 0.235049 0.00654454 0.000225402 0.000179945 
0.0675486 0.000389958 7.92901e-12 0.00768678 0.0898008 0.0212976 0.00378667 0.0338057 0.0133219 0.0430425 7.35312e-05 0.0150238 0.00118096 0.0105792 0.0642904 2.95036e-05 0.0211266 0.00364722 0.339571 0.0336571 1.93304e-07 0.0118406 0.0700814 0.0872433 0.0609746 
0.0293601 1.79718e-12 2.18195e-12 0.000625026 0.0304592 0.00167589 0.039212 0.00630044 0.000782046 0.0835127 4.74171e-09 0.0189193 0.000395566 0.00608537 0.000181017 3.44918e-05 0.0112571 0.0136415 0.737984 0.000317781 6.09042e-07 0.00397858 0.00823696 0.00687578 0.000164746 
0.257957 4.13495e-06 3.26226e-09 0.0100672 0.00177998 0.0333806 5.69531e-05 0.0117806 2.02155e-06 0.0239344 1.88815e-07 0.0103972 0.000457574 0.000385218 0.0150523 3.0145e-05 0.0132531 0.00224444 0.376581 0.00510006 3.09125e-06 0.000675104 0.236094 0.000637116 0.000126962 
0.012745 2.06123e-05 2.45905e-12 0.00118503 0.0072434 0.033339 0.000351557 0.00737312 0.000269137 0.0068822 9.69731e-05 0.00978314 0.00177519 0.000497894 0.000262671 0.000332024 0.0040653 0.00421874 0.890977 0.00160389 5.65585e-07 0.00780071 0.00833408 0.000699937 0.000142686 
0.0206804 8.45014e-05 3.79595e-06 0.0834783 0.0283897 0.0516529 0.00983535 0.0168109 0.0320551 0.0148194 0.00177072 0.000131793 0.0187999 0.00233941 0.00106995 4.42223e-05 0.152483 0.0182192 0.295796 0.00685779 0.000513346 0.0356651 0.112425 0.0243313 0.0717433 
0.0686228 4.23112e-05 9.39466e-11 0.00326948 0.0343551 0.0012195 0.00803643 0.062706 0.00902612 0.0320872 1.23657e-06 0.0083137 0.00661808 0.00034926 0.0102351 0.000283511 0.023449 0.00197698 0.613663 0.00669786 3.02785e-05 0.00616747 0.0555699 0.0472393 4.02112e-05 
0.0157149 3.88872e-07 5.56184e-12 0.00129818 0.00714939 0.0567519 0.000387646 0.00530676 0.000114043 0.00198404 7.61172e-05 0.000301086 0.00124254 3.58021e-05 9.4718e-07 0.000501092 0.00122761 0.00133467 0.868626 0.000765949 6.93903e-07 0.0193206 0.0171727 0.000530229 0.000156742 
0.0193084 2.3659e-05 2.28724e-07 0.0308144 0.0502823 0.0853804 0.00151885 0.0807875 0.0432863 0.02411 0.00195 6.50632e-05 0.0120056 6.58595e-06 0.00136158 0.000118924 0.203984 0.0131564 0.214255 0.00395358 0.000722885 0.043675 0.117184 0.0517401 0.00030828 
0.02184 0.000601836 1.57168e-10 0.0138608 0.0510445 0.190897 0.00638363 0.0255087 0.00356283 0.0322536 0.00654496 0.00116608 0.103102 0.000263159 0.000437985 2.55335e-05 0.0799717 0.0413557 0.238789 0.00809464 2.83894e-07 0.130448 0.0411789 0.00253701 0.00013253 
0.085151 2.78592e-05 9.50156e-09 0.00454446 0.0379813 0.0811429 0.00187279 0.018024 0.0012705 0.0654983 7.17451e-05 0.0269416 0.00209274 0.00214871 0.0026275 5.05639e-05 0.0201068 0.034061 0.453281 0.0122056 1.13615e-05 0.0426178 0.0427086 0.0654329 0.000129511 
0.305966 4.26812e-05 4.18181e-09 0.00113284 0.00481097 0.0220426 0.000235178 0.00511563 8.78167e-05 0.036649 0.000451162 0.00625274 0.00236806 0.00401666 0.000148104 0.000637063 0.00431198 0.0180143 0.561738 0.00244787 1.94019e-06 0.00326299 0.0166387 0.00350561 0.000121798 
0.115037 1.63218e-06 1.02815e-07 0.0170397 0.0407082 0.027784 0.00198898 0.00872979 0.000951983 0.0120718 2.51635e-05 0.00564041 0.000843473 0.00189894 0.000568577 2.19289e-05 0.0159482 0.000309283 0.5968 0.00122552 5.24356e-07 0.0227453 0.0891401 0.0403052 0.000213754 
0.00334978 6.22209e-05 4.71272e-12 0.0088543 0.0349785 0.0853317 0.000534814 0.0492472 0.00101569 0.000128613 0.0102963 4.67314e-05 0.0120915 2.65165e-09 0.000262335 1.49395e-05 0.0322168 0.0062881 0.64674 0.00250479 2.89425e-06 0.0159574 0.089272 0.000763325 4.03796e-05 
0.012745 2.06123e-05 2.45905e-12 0.00118503 0.0072434 0.033339 0.000351557 0.00737312 0.000269137 0.0068822 9.69731e-05 0.00978314 0.00177519 0.000497894 0.000262671 0.000332024 0.0040653 0.00421874 0.890977 0.00160389 5.65585e-07 0.00780071 0.00833408 0.000699937 0.000142686 
0.0302067 4.91079e-09 1.99289e-12 0.00054492 0.00103163 0.000463296 0.000330881 0.00246965 0.00015354 0.0330023 5.02449e-09 0.0172845 0.000426647 0.000868665 0.000348552 3.20426e-05 0.00707767 0.00221294 0.895162 1.05162e-07 1.77454e-07 0.000853045 0.00575285 0.0016779 0.00010002 
0.0087226 1.04327e-05 0.0123342 0.0493567 0.0741717 0.0300654 0.0171911 0.0113359 0.000717549 0.00291004 1.43826e-07 0.000465997 0.000267051 2.06978e-05 2.14784e-05 0.00482162 0.00106948 0.00118149 0.732221 0.00406196 3.96869e-07 0.00958742 0.035622 0.00364629 0.000197529 
0.0374561 0.00124449 5.27818e-09 0.00415225 0.019153 0.0351805 0.0219854 0.208394 0.00285285 0.12589 0.000358352 6.85974e-05 0.000991959 0.0392187 6.77002e-05 0.000268393 0.102167 0.0141475 0.213216 0.00171542 0.000372898 0.0915462 0.0756295 0.0035808 0.000342972 
0.146157 0.000399256 5.40006e-07 0.0204407 0.0319775 0.0508073 0.00209348 0.0306881 0.00291332 0.110391 0.00302367 0.000300089 0.00754206 3.27824e-05 0.00441041 8.57832e-05 0.0232675 0.004208 0.330226 0.0268871 1.62871e-07 0.0427171 0.137248 0.0240326 0.00015122 
0.0366586 9.92265e-06 1.39531e-12 0.00209292 0.00884352 0.0803235 0.000502929 0.0131489 0.000938672 0.0352874 0.000265821 0.0343746 0.00295726 0.00282807 0.0170428 2.67007e-05 0.0131582 0.0128261 0.697826 0.00273331 4.14793e-06 0.0212784 0.0142559 0.0023215 0.000294941 
0.00752959 9.10279e-07 4.50536e-13 0.00155957 0.00956021 0.0446953 0.000445072 0.0067833 0.000135541 0.00389043 4.87377e-06 0.000605085 0.00258131 8.58126e-05 1.04903e-09 0.000854183 0.0005196 0.00281296 0.896158 0.00119038 6.29337e-07 0.0102305 0.00995141 0.00011924 0.000285656 
0.00231831 1.27202e-06 4.46144e-09 0.00111245 0.0015255 0.000530761 0.0029762 0.00106652 0.00060568 0.000910795 4.56137e-05 5.89437e-06 1.78317e-05 2.66021e-06 3.26446e-05 4.39029e-05 0.068322 0.0153417 0.865878 2.56475e-05 1.86198e-07 0.00781008 0.0275361 0.0038707 1.93935e-05 
0.0890569 5.99854e-06 1.55514e-11 0.0215468 0.00741857 0.0542237 0.000161625 0.00395575 0.0060125 0.0205213 1.09178e-05 0.00732094 0.0137227 0.000422094 0.00321071 2.43819e-05 0.0153445 0.000512803 0.71764 0.00266384 2.05077e-07 0.00256809 0.0328296 0.000657008 0.000168981 
0.00904195 0.00011123 9.26761e-12 0.0163665 0.0357684 0.0387232 0.000532881 0.0353384 0.00475614 0.00166575 0.0316364 1.25598e-05 0.00678925 4.29081e-06 0.00396856 1.83804e-05 0.101572 0.00689303 0.512578 0.00520274 5.3927e-06 0.024189 0.160373 0.00419599 0.000257637 
0.0272251 1.59143e-08 1.38518e-10 0.00393314 0.110825 0.0986674 0.0772749 0.083009 0.0032684 0.0230481 0.000259741 0.00878232 0.00240894 0.00247334 0.000732432 9.39245e-05 0.0349682 0.0675372 0.374748 0.00792089 3.66357e-07 0.015076 0.0520848 0.00563004 3.27735e-05 
0.0099435 5.75572e-06 7.18852e-12 0.00654212 0.0256368 0.0237512 0.00175578 0.00497198 0.000158348 0.0027652 0.000695606 0.000323412 0.00336842 1.62488e-05 4.38368e-12 0.00105005 0.00243581 0.000298785 0.876973 0.00983352 7.0582e-07 0.00496338 0.0243962 4.01958e-05 7.43438e-05 
0.00738253 6.13254e-09 5.3328e-12 0.00146477 0.0040189 0.0139408 0.000107108 0.00148961 4.65766e-05 0.0029522 2.01505e-06 0.000330098 0.000233096 1.74886e-05 3.25203e-12 0.000905177 0.000841458 6.9817e-05 0.9513 0.000730338 1.126e-07 0.00150049 0.0125619 6.05468e-06 9.91142e-05 
0.0102454 0.0104405 2.17889e-11 0.00351102 0.0358362 0.14281 0.0425851 0.0118473 0.000794048 0.00585146 8.31198e-05 0.00021231 0.000720213 9.7371e-05 0.000507052 7.97284e-06 0.00276787 0.000507903 0.524197 0.00309692 3.57842e-07 0.00509208 0.165502 0.0332518 3.56458e-05 
0.0288242 0.00143585 4.25198e-06 0.0370054 0.0743076 0.106649 0.00622086 0.0460676 0.0668029 0.00354975 0.00152504 0.00313699 0.00530031 0.000247506 0.000625587 0.000168318 0.0536253 0.00983017 0.190656 0.00509394 5.61172e-05 0.190395 0.130582 0.0266973 0.0111927 
0.00308623 3.97882e-09 1.3474e-08 0.00110909 0.00137012 0.0119779 0.00821655 0.0116373 0.000166467 0.00381884 0.000376416 0.000106868 0.000324083 7.1949e-09 0.0001043 3.95384e-05 0.0411449 0.00895489 0.76984 0.000279816 2.28579e-06 0.0477926 0.0872748 0.00234337 3.31483e-05 
0.102823 0.0016037 2.45612e-05 0.0098944 0.0352329 0.0271651 0.000348331 0.0154069 0.000930948 0.254034 0.0120402 0.0236565 0.000811041 0.000817428 0.000496129 0.0023352 0.0117183 0.000682482 0.415322 0.00652631 6.20039e-06 0.00514176 0.0582444 0.0144629 0.000274994 
0.0392964 2.08238e-05 5.20917e-10 0.00753704 0.0130373 0.0236884 0.0138574 0.00899415 0.000685885 0.0231531 0.000489486 0.200743 0.00286061 0.000810233 0.000114709 0.000510653 0.0042757 0.00345444 0.611752 0.00942934 2.58919e-06 0.0131184 0.0184076 0.0013418 0.0024192 
0.00308623 3.97882e-09 1.3474e-08 0.00110909 0.00137012 0.0119779 0.00821655 0.0116373 0.000166467 0.00381884 0.000376416 0.000106868 0.000324083 7.1949e-09 0.0001043 3.95384e-05 0.0411449 0.00895489 0.76984 0.000279816 2.28579e-06 0.0477926 0.0872748 0.00234337 3.31483e-05 
0.0227455 6.57871e-12 7.98719e-12 0.0014176 0.0112786 0.00234941 0.000432886 0.00380583 9.66116e-06 0.00332058 9.48776e-08 9.23537e-05 0.000916509 1.99364e-05 4.07407e-08 0.00180143 0.000387178 0.000798528 0.940954 0.00127811 8.07458e-06 0.000592143 0.00697957 0.000520847 0.000291238 
0.00904195 0.00011123 9.26761e-12 0.0163665 0.0357684 0.0387232 0.000532881 0.0353384 0.00475614 0.00166575 0.0316364 1.25598e-05 0.00678925 4.29081e-06 0.00396856 1.83804e-05 0.101572 0.00689303 0.512578 0.00520274 5.3927e-06 0.024189 0.160373 0.00419599 0.000257637 
0.0821363 6.28318e-05 3.31383e-05 2.40252e-05 0.0402965 0.0224278 0.00194767 0.0365203 0.00632726 0.236492 3.41994e-07 0.0828714 0.000115514 0.00192612 4.00084e-06 6.73711e-07 1.36991e-05 2.8543e-06 0.327672 0.0023909 1.70549e-06 0.000287609 0.00921328 0.149224 7.40402e-06 
0.02945 4.97038e-09 4.02756e-12 0.00911484 0.0139582 0.07871 0.000965598 0.0127261 3.71689e-05 0.00210269 9.11063e-05 0.000539159 0.00369787 6.54711e-06 2.67455e-09 0.000655853 0.00125704 0.000188912 0.75429 0.0307128 1.4465e-07 0.0351129 0.0261447 0.000217086 2.16817e-05 
0.0384041 0.00166519 0.000127504 0.0376047 0.00305274 0.104533 0.000331721 0.0171305 0.000707834 0.00275564 8.71117e-06 0.00372228 0.0035784 9.22828e-07 0.00164066 4.88856e-05 0.0943147 0.000664348 0.51828 0.00420144 0.0678507 0.0355983 0.00953162 0.0542419 3.88241e-06 
0.0474214 1.56186e-05 8.50965e-11 0.0127238 0.0536736 0.0331404 0.000218077 0.0100557 0.000327962 0.0620732 9.16155e-05 0.00623722 0.000548335 0.000313875 0.00669048 3.67843e-05 0.0181709 0.00156309 0.599612 0.0812258 2.03796e-06 0.0463845 0.0168919 0.00249641 8.54613e-05 
0.00371385 3.53705e-07 6.75402e-10 0.000411507 0.00076895 0.00193623 0.00401116 0.0110151 4.17948e-05 0.0052371 1.49824e-05 0.000117785 0.000161246 5.28402e-07 0.000129115 7.78773e-06 0.344785 0.0123584 0.553233 9.95738e-05 1.99606e-06 0.0119997 0.0484943 0.00143206 2.83914e-05 
0.0545529 0.000100841 1.72975e-09 0.00323153 0.00862673 0.10549 0.000477563 0.0137359 0.000807979 0.0256368 0.000123732 0.00699369 0.0026196 0.00177784 0.000373316 0.000321018 0.129868 0.00643832 0.452964 0.00239483 0.000127701 0.101609 0.054472 0.0267441 0.000512906 
0.0039499 5.02738e-06 7.79674e-12 0.00293908 0.00700456 0.0460921 0.000273141 0.00366761 0.000388901 0.00146027 0.000625533 8.50628e-05 0.0026817 1.5277e-05 6.01532e-06 0.000823707 0.052118 0.00417891 0.790479 0.00149061 1.81697e-06 0.0169946 0.0635825 0.000952954 0.000183897 
0.12072 0.0002826 0.00146496 0.0169429 0.0265189 0.0716028 0.0209328 0.0106371 0.000454607 0.0203789 0.000653857 0.0253492 0.0117248 0.000569084 0.00392462 3.76965e-05 0.07854 0.00201974 0.392902 0.0129489 4.91617e-05 0.0433984 0.121087 0.0162793 0.000580918 
0.00738253 6.13254e-09 5.3328e-12 0.00146477 0.0040189 0.0139408 0.000107108 0.00148961 4.65766e-05 0.0029522 2.01505e-06 0.000330098 0.000233096 1.74886e-05 3.25203e-12 0.000905177 0.000841458 6.9817e-05 0.9513 0.000730338 1.126e-07 0.00150049 0.0125619 6.05468e-06 9.91142e-05 
0.00752959 9.10279e-07 4.50536e-13 0.00155957 0.00956021 0.0446953 0.000445072 0.0067833 0.000135541 0.00389043 4.87377e-06 0.000605085 0.00258131 8.58126e-05 1.04903e-09 0.000854183 0.0005196 0.00281296 0.896158 0.00119038 6.29337e-07 0.0102305 0.00995141 0.00011924 0.000285656 
0.00148787 3.73778e-06 1.05472e-10 0.00403581 0.00758493 0.0206805 0.0018807 0.00783564 0.000570984 0.00300563 0.000448065 4.19398e-05 0.000545547 3.21127e-06 0.00165456 2.16717e-05 0.0225872 0.00840361 0.829483 0.00195347 4.21395e-06 0.0105523 0.0750993 0.00183705 0.000279457 
0.00738253 6.13254e-09 5.3328e-12 0.00146477 0.0040189 0.0139408 0.000107108 0.00148961 4.65766e-05 0.0029522 2.01505e-06 0.000330098 0.000233096 1.74886e-05 3.25203e-12 0.000905177 0.000841458 6.9817e-05 0.9513 0.000730338 1.126e-07 0.00150049 0.0125619 6.05468e-06 9.91142e-05 
0.0302581 1.17807e-05 1.11989e-11 0.00157773 0.0139369 0.0364936 0.00119328 0.0109922 0.014806 0.0202973 0.000345885 0.0237591 0.00106181 0.00101583 0.0133996 3.23766e-05 0.0170872 0.0167371 0.580129 0.00364837 4.41641e-06 0.0220333 0.00650858 0.00288983 0.181781 
0.0315953 3.00969e-06 1.05876e-10 0.0421335 0.0482903 0.0263591 0.00914811 0.110116 0.00110476 0.00446333 0.00855932 0.00105447 0.00367278 3.7918e-05 0.000671273 2.99326e-05 0.00160775 0.00355871 0.527782 0.0346146 5.65044e-08 0.0191434 0.0816842 0.0442798 8.97215e-05 
0.0222803 0.000143014 1.47521e-08 0.00787322 0.0434166 0.307421 0.0110764 0.0494601 0.00268252 0.00865778 0.000218356 0.00298394 0.0023316 0.00177529 0.000416264 0.000326631 0.00670056 0.0108355 0.308879 0.00614138 2.91978e-06 0.0695367 0.123411 0.0130904 0.000338479 
0.0113844 7.02989e-06 3.52644e-06 0.00613901 0.00521787 0.0491963 0.000456183 0.0178166 0.000828495 0.00199724 0.00190324 7.04751e-05 0.00450726 3.21874e-06 9.22078e-05 7.89001e-06 0.00895426 9.07249e-05 0.840205 0.00423238 1.70554e-07 0.00795616 0.0377365 0.00116994 2.36724e-05 
0.00670188 1.54541e-05 4.52137e-12 0.00123114 0.0034177 0.0266548 0.00404695 0.00789556 0.000151297 0.00455065 0.000212984 0.000130901 0.000944076 1.25712e-05 8.83895e-05 1.46683e-05 0.0360431 0.0124449 0.821919 0.00020433 2.7149e-06 0.0263955 0.044005 0.00273866 0.000177419 
0.00456878 4.99973e-09 2.15537e-12 0.0146547 0.00343822 0.0249074 2.15666e-05 0.00385827 0.000516408 0.00496206 0.000957186 1.61634e-09 0.000954515 2.3978e-05 0.00149064 7.86941e-05 0.0350206 0.0084955 0.763358 0.00577879 8.84435e-06 0.00495544 0.111517 0.00808426 0.00234909 
0.00752959 9.10279e-07 4.50536e-13 0.00155957 0.00956021 0.0446953 0.000445072 0.0067833 0.000135541 0.00389043 4.87377e-06 0.000605085 0.00258131 8.58126e-05 1.04903e-09 0.000854183 0.0005196 0.00281296 0.896158 0.00119038 6.29337e-07 0.0102305 0.00995141 0.00011924 0.000285656 
0.0583418 0.000707556 2.89281e-06 0.0209995 0.0513015 0.076949 0.000949555 0.0782875 0.00154653 0.0535996 0.00590062 0.00979858 0.0125212 0.000398976 0.0214332 0.000111773 0.0144706 0.00778259 0.255642 0.00695859 3.7974e-05 0.00708596 0.197459 0.113871 0.00384208 
0.0292771 4.09076e-06 9.36616e-12 0.00543793 0.0381155 0.0605828 0.0423987 0.009249 0.00088189 0.0186054 8.31032e-06 0.0917038 0.00109917 0.000898622 0.000136464 0.00065017 0.00416866 0.021038 0.563673 0.00214779 1.95842e-05 0.0136756 0.0885328 0.00758195 0.000113783 
0.00752959 9.10279e-07 4.50536e-13 0.00155957 0.00956021 0.0446953 0.000445072 0.0067833 0.000135541 0.00389043 4.87377e-06 0.000605085 0.00258131 8.58126e-05 1.04903e-09 0.000854183 0.0005196 0.00281296 0.896158 0.00119038 6.29337e-07 0.0102305 0.00995141 0.00011924 0.000285656 
0.0452163 4.81988e-05 2.39188e-06 0.00845623 0.0265986 0.0198274 0.00407951 0.0217815 0.00499445 0.0234391 0.00222592 0.000126337 0.0131876 1.55047e-05 0.000834113 0.000134284 0.116621 0.0117518 0.449851 0.00269487 3.41915e-06 0.0409063 0.156771 0.0451042 0.00532951 
0.160462 5.6408e-06 5.63865e-06 5.64945e-06 5.65021e-06 0.0937913 0.00113525 5.64934e-06 5.64776e-06 5.64788e-06 5.6456e-06 5.64886e-06 0.143473 5.64077e-06 5.6434e-06 5.63456e-06 5.64902e-06 5.64961e-06 0.312392 0.288639 5.64337e-06 5.64912e-06 5.65028e-06 5.64904e-06 5.64387e-06 
0.0372546 2.15367e-11 2.61476e-11 0.00179938 0.037845 0.00167609 0.0909571 0.0162131 0.000534494 0.0905266 1.38161e-08 0.0161037 0.00014021 0.0167263 0.000102195 5.6478e-06 0.0584615 0.0450052 0.554633 0.0149306 1.54156e-07 0.00272159 0.0106656 0.00367739 1.99623e-05 
0.00133878 5.3792e-09 1.51317e-12 0.0013125 0.00200778 0.00708636 0.00861648 0.00770787 8.54701e-05 0.00555034 1.24569e-09 1.93411e-08 0.000131588 8.71901e-09 0.000120601 2.54261e-05 0.0316574 0.00357114 0.876988 0.000194199 6.92947e-07 0.0159516 0.0364208 0.00109747 0.000135056 
0.0159232 6.59659e-06 3.87614e-12 0.00566721 0.0590351 2.87035e-07 0.00363656 0.0155705 0.00251014 0.0152487 5.50475e-08 0.00560619 0.000391427 4.80512e-08 0.000325187 0.000710752 9.69616e-09 0.0108665 0.45245 2.47742e-08 0.000166323 0.032705 0.162792 0.213819 0.00256827 
0.000941236 2.24621e-06 1.10034e-12 0.000495477 0.00125084 0.0575068 0.000468114 0.00550177 4.41584e-05 0.000428343 6.93278e-05 8.01298e-06 0.00135116 1.32614e-06 8.22429e-06 1.53905e-05 0.138635 0.0205441 0.689126 0.000251953 6.21014e-06 0.0458616 0.0358407 0.00142745 0.000215531 
0.0290673 1.43069e-05 2.20254e-12 0.00112048 0.0056228 0.0185232 0.000346178 0.00361847 0.000201526 0.0130419 6.18471e-06 0.00796649 0.000674851 0.000597731 0.00100974 0.000724042 0.00826066 0.000670502 0.871202 0.00172015 1.65142e-06 0.00764363 0.0270609 0.000784515 0.000120875 
0.0444701 5.26228e-06 0.000246905 0.180416 0.0442854 0.00945725 0.0070257 0.0480427 0.123997 0.0288797 0.000156515 0.000401504 0.00117585 0.000113693 0.000540154 0.000676639 0.10043 0.000523786 0.209812 0.00402459 9.06749e-05 0.0555297 0.0945131 0.0446684 0.000517621 
0.0708792 0.00120946 0.000207045 0.0588393 0.0468899 0.132126 0.00649471 0.0283987 0.0122213 0.0130702 0.00566835 0.00771679 0.0081937 0.00520044 0.00192914 6.40142e-05 0.0135976 0.0177462 0.205342 0.0183992 8.85082e-05 0.0887902 0.191329 0.0202213 0.0453771 
0.00752959 9.10279e-07 4.50536e-13 0.00155957 0.00956021 0.0446953 0.000445072 0.0067833 0.000135541 0.00389043 4.87377e-06 0.000605085 0.00258131 8.58126e-05 1.04903e-09 0.000854183 0.0005196 0.00281296 0.896158 0.00119038 6.29337e-07 0.0102305 0.00995141 0.00011924 0.000285656 
