0.0348662 0.000135083 1.31328e-05 0.610838 0.024625 0.00585802 0.00356439 0.0213903 0.000367901 0.0507465 0.000264117 1.97363e-05 0.000906321 5.41168e-08 0.0521819 1.42345e-05 0.0148591 4.66186e-07 6.18529e-08 0.0417888 1.32866e-07 0.0180376 0.0253943 0.0941281 7.13225e-07 
0.084916 0.000468368 1.15787e-09 0.00969535 0.0341728 0.00326825 0.000635493 0.00201341 9.50898e-06 0.0295493 2.13844e-06 2.36822e-05 3.34017e-07 9.5685e-10 0.364236 1.5463e-09 0.0277669 0.029897 1.81177e-10 0.0309794 1.02943e-07 0.00611289 0.00789491 0.368063 0.000295191 
0.00231743 3.38156e-08 4.10554e-08 0.00127907 0.00133156 9.34751e-05 0.00064054 0.00025955 0.00159292 9.95503e-09 1.76144e-08 2.52837e-05 0.000651215 0.000254492 0.0231511 0.000400303 0.000730481 0.00432902 6.42412e-09 0.00133644 2.51809e-05 0.000704806 0.00262014 0.000182969 0.958074 
0.00304891 1.00593e-05 7.7343e-08 0.00490848 0.0159608 1.30172e-05 0.000247425 1.37022e-05 5.39105e-06 0.000301675 0.00111496 0.000926289 0.000266314 2.45539e-06 0.00818034 1.19059e-06 0.0023027 5.76484e-05 1.25315e-06 0.000521603 6.69376e-05 0.00228959 0.00103856 0.957454 0.00126652 
1.14843e-06 6.59257e-10 8.00402e-10 8.03771e-05 7.08249e-06 7.20271e-11 0.000993578 0.00976868 5.33837e-06 2.50381e-06 2.40726e-07 1.29682e-10 1.6661e-10 6.61444e-10 2.00168e-06 1.06892e-09 1.19172e-10 9.62715e-05 1.25242e-10 1.58869e-10 4.90428e-10 6.98402e-07 1.70357e-06 0.98904 4.58661e-10 
0.000454027 2.58461e-10 3.13797e-10 0.0014852 0.00152425 0.00015424 3.58856e-08 0.00146285 0.00557745 0.000766788 2.49527e-08 1.25706e-05 1.07923e-06 2.59319e-10 1.54065e-07 0.975817 0.000450007 1.11389e-05 4.91012e-11 1.2654e-05 1.92272e-10 0.000599197 0.000615838 0.0110017 5.41197e-05 
0.00898572 0.000181935 6.8906e-10 0.696241 0.0289105 0.000114253 0.00198795 0.0151923 0.00109589 0.00499735 0.000303595 8.70245e-06 0.00629396 9.58802e-07 0.0115037 2.2695e-08 0.00948728 0.0119582 1.0782e-10 0.0012576 1.04127e-08 0.00230999 0.0456242 0.153359 0.000185394 
0.0614272 0.000990146 4.44649e-12 0.00611067 0.0430361 0.294996 0.00136779 0.260365 0.00135696 0.00384373 0.000302769 0.000158358 0.0151416 4.70039e-06 0.0244389 7.41434e-05 0.0255295 0.000784506 5.28957e-08 7.10145e-07 2.72449e-12 0.0424482 0.150582 0.06704 2.77037e-07 
0.584135 1.63198e-09 1.98139e-09 0.000808105 5.83606e-07 0.00685544 3.90614e-08 8.53502e-05 8.01436e-08 0.00518997 8.50092e-10 3.21026e-10 4.12441e-10 1.6374e-09 3.67574e-06 1.66756e-06 0.00647873 7.78208e-08 3.10036e-10 5.61422e-07 4.68026e-07 0.00120747 0.395227 4.56884e-06 1.11242e-06 
1.42355e-05 0.286485 4.82887e-09 0.000670632 7.75673e-07 0.0893745 1.1211e-09 0.186585 3.2788e-06 1.63763e-05 1.87645e-07 1.87319e-06 7.26152e-06 3.99053e-09 2.94472e-09 0.259298 7.18972e-10 3.15792e-07 7.55593e-10 9.58465e-10 2.95878e-09 0.135401 0.0260556 0.0160837 2.89253e-06 
0.000454027 2.58461e-10 3.13797e-10 0.0014852 0.00152425 0.00015424 3.58856e-08 0.00146285 0.00557745 0.000766788 2.49527e-08 1.25706e-05 1.07923e-06 2.59319e-10 1.54065e-07 0.975817 0.000450007 1.11389e-05 4.91012e-11 1.2654e-05 1.92272e-10 0.000599197 0.000615838 0.0110017 5.41197e-05 
0.00694073 1.79977e-09 2.1851e-09 0.243513 0.269375 0.0702774 5.07307e-10 0.104675 0.139476 0.000332501 0.000122587 3.54032e-10 4.54846e-10 1.61036e-06 1.33251e-09 6.36264e-05 0.000149325 0.00139317 3.41912e-10 0.00577643 1.33887e-09 0.09889 0.059013 6.8039e-08 4.25883e-07 
0.00596262 4.76832e-10 5.7892e-10 0.00124889 0.0551212 0.0463261 5.7286e-07 0.471456 0.00170385 0.000351 0.000558161 7.23356e-08 0.000654974 5.655e-08 0.00010526 2.20834e-07 0.0220876 2.13392e-07 9.05861e-11 0.003877 7.45943e-08 0.00370023 0.207078 0.179768 3.31743e-10 
0.236122 2.50184e-09 4.52171e-05 0.0969709 0.028107 0.00469739 0.00247143 0.0145372 0.121474 0.0280417 0.0380942 0.00075347 7.24084e-06 2.51014e-09 0.0822606 1.21746e-06 4.52251e-10 2.97147e-08 4.75287e-10 0.00707162 1.86114e-09 0.014178 0.0100015 0.312195 0.00296988 
0.00413067 2.65236e-12 3.22023e-12 0.0340649 0.0186837 5.07994e-08 0.00124798 0.00095659 0.0019613 3.00628e-08 4.18926e-05 5.21744e-13 0.006137 2.66116e-12 7.6392e-08 4.30053e-12 0.0221191 0.589597 5.03883e-13 0.00282052 1.97312e-12 0.264591 0.0523909 0.00106211 0.000195354 
0.159867 2.73871e-06 2.21523e-09 9.28286e-06 1.95679e-05 1.99346e-10 7.76648e-06 2.75737e-05 0.00671305 2.52511e-06 7.41421e-06 1.97438e-06 0.051219 1.83064e-09 9.45755e-06 2.95838e-09 0.226928 0.000200694 3.46626e-10 5.67247e-06 1.35733e-09 3.11712e-10 2.46185e-05 0.554954 1.26941e-09 
0.0133143 4.86211e-06 2.3058e-10 4.70006e-07 0.0286871 2.07496e-11 5.35329e-11 5.46304e-07 5.84723e-11 4.69653e-06 5.94556e-08 1.00906e-07 1.92468e-08 1.90549e-10 0.0427763 3.07933e-10 0.0203218 6.89736e-07 3.60798e-11 0.000694643 7.07823e-08 0.0106616 4.28785e-07 0.883532 4.49378e-07 
0.024184 3.1147e-08 4.90709e-05 1.61813e-05 3.41031e-05 9.77376e-06 1.35427e-05 4.80575e-05 2.91832e-05 4.4088e-06 1.29355e-05 3.4463e-06 5.94742e-05 3.12503e-08 0.00956846 5.05016e-08 0.00010686 0.000349756 5.91715e-09 9.89228e-06 2.31706e-08 5.32114e-09 0.0879419 0.877559 2.16697e-08 
0.00898572 0.000181935 6.8906e-10 0.696241 0.0289105 0.000114253 0.00198795 0.0151923 0.00109589 0.00499735 0.000303595 8.70245e-06 0.00629396 9.58802e-07 0.0115037 2.2695e-08 0.00948728 0.0119582 1.0782e-10 0.0012576 1.04127e-08 0.00230999 0.0456242 0.153359 0.000185394 
0.0709183 0.0017895 8.08755e-10 0.0324593 0.0271807 0.00222117 0.0013066 0.0122786 0.00299307 0.0442866 0.305221 0.000437307 0.00572869 0.000351867 0.0134661 1.64745e-06 0.0204272 0.00116669 0.00017722 0.00307394 0.0811209 0.00209674 0.0315947 0.338807 0.000894773 
0.121066 3.33757e-07 6.31016e-07 0.105818 0.132333 0.000171622 5.34884e-07 0.160618 0.0075085 8.23705e-06 0.0020727 0.000387953 0.00419356 5.97313e-08 0.00119931 4.575e-05 0.0122351 0.12509 2.9667e-07 0.000879759 2.02332e-05 0.0111575 0.142604 0.16698 0.00560901 
0.000888367 6.73059e-05 0.00278483 0.000525258 0.000520307 0.000260753 0.000346754 0.00020769 0.000795951 0.000364984 0.000320406 3.52953e-05 8.09604e-09 0.000109313 0.00136856 5.19416e-08 5.79091e-09 0.000680922 6.08587e-09 0.989384 7.39006e-05 0.000176232 0.000152192 0.000863784 7.35714e-05 
0.00786488 5.78897e-05 0.0267889 0.0001594 0.0987909 0.0084694 0.173884 0.0393999 0.00238736 0.0016954 0.0747843 0.000109935 0.123251 0.000843595 0.00557773 4.0069e-05 0.0129786 0.0173956 4.07544e-05 0.000155997 0.00017866 0.00217404 0.0543367 0.348119 0.000515549 
0.00442054 0.00191915 4.61121e-10 0.00567566 0.273686 0.0597417 0.00811104 0.0160226 0.000462168 0.0233205 0.0170341 9.12914e-08 3.24671e-06 3.81066e-10 1.70418e-06 1.91191e-06 0.119182 0.00559827 7.21536e-11 0.000746614 6.41639e-08 0.0100776 0.0727575 0.377132 0.00410497 
0.0308764 0.00411451 0.00113413 0.0161072 0.0536295 0.00239059 0.000800503 0.0258832 0.00107661 0.00485094 0.00719332 0.000227894 0.0276154 2.19528e-06 0.0337772 6.42632e-06 0.00569417 0.0241305 0.000202637 0.0481414 0.00879968 0.00244175 0.0392428 0.65521 0.00645145 
0.000972242 4.20902e-06 8.43424e-05 0.00958632 0.0350015 0.0237581 0.0105342 0.00275345 5.19946e-06 0.00807616 0.0250934 0.000598739 0.00445802 0.00012514 4.92712e-05 3.65383e-05 0.107475 0.000195857 4.75633e-06 0.113089 0.085171 0.061656 0.0265343 0.483585 0.00115237 
0.00898572 0.000181935 6.8906e-10 0.696241 0.0289105 0.000114253 0.00198795 0.0151923 0.00109589 0.00499735 0.000303595 8.70245e-06 0.00629396 9.58802e-07 0.0115037 2.2695e-08 0.00948728 0.0119582 1.0782e-10 0.0012576 1.04127e-08 0.00230999 0.0456242 0.153359 0.000185394 
0.0767513 1.39206e-06 0.00131299 0.0710106 0.00205545 0.00103441 0.000118675 0.000350808 0.0288365 0.000240617 0.0114456 2.88738e-05 3.51663e-05 0.000855804 0.000611416 2.25708e-06 0.0370598 0.0033638 2.64456e-07 0.0318172 0.71223 0.00373823 0.000629583 0.0161797 0.000289966 
0.0584392 0.00139183 4.63612e-07 0.396544 0.0292215 4.64524e-07 0.00752345 0.0306104 0.00840539 0.0254944 0.00208929 0.00510944 0.0133289 4.63787e-07 0.0856554 0.000417411 0.0150491 4.64513e-07 4.64457e-07 0.00185812 0.000418064 0.0138882 0.0268525 0.273107 0.00459447 
0.00182642 0.00139857 3.74113e-10 0.0107935 0.0334955 0.0348136 0.00757928 0.0156899 0.00255208 0.00351977 1.19151e-07 0.000138701 0.000632067 2.24404e-06 0.0020675 6.29317e-06 0.0305984 0.000214282 5.8539e-11 6.08406e-05 9.50362e-05 0.00486156 0.0415027 0.807774 0.000377962 
1.68821e-08 1.81234e-07 6.43643e-05 6.58312e-05 0.0247679 0.177871 7.74038e-05 0.346671 0.00198321 0.012732 9.44036e-08 3.56503e-08 4.5802e-08 1.81835e-07 0.00293553 5.28384e-05 3.27611e-08 7.77914e-06 3.44298e-08 0.203912 1.34821e-07 2.17675e-05 0.00171027 0.227113 1.19286e-05 
0.000454027 2.58461e-10 3.13797e-10 0.0014852 0.00152425 0.00015424 3.58856e-08 0.00146285 0.00557745 0.000766788 2.49527e-08 1.25706e-05 1.07923e-06 2.59319e-10 1.54065e-07 0.975817 0.000450007 1.11389e-05 4.91012e-11 1.2654e-05 1.92272e-10 0.000599197 0.000615838 0.0110017 5.41197e-05 
0.0231472 4.2257e-07 8.83483e-06 8.79019e-06 0.013634 3.61793e-07 1.76726e-07 0.00298045 3.39872e-07 7.30158e-07 2.35666e-06 0.000772285 5.95818e-07 3.28266e-07 3.43036e-06 2.01062e-05 0.0464046 0.000276322 2.35603e-07 1.7733e-06 0.000146228 0.00356849 6.39365e-07 0.909021 6.44772e-07 
0.000454027 2.58461e-10 3.13797e-10 0.0014852 0.00152425 0.00015424 3.58856e-08 0.00146285 0.00557745 0.000766788 2.49527e-08 1.25706e-05 1.07923e-06 2.59319e-10 1.54065e-07 0.975817 0.000450007 1.11389e-05 4.91012e-11 1.2654e-05 1.92272e-10 0.000599197 0.000615838 0.0110017 5.41197e-05 
7.05852e-05 1.54586e-06 1.71949e-07 0.0194643 0.0012885 7.87606e-07 0.0002273 3.57034e-05 4.36043e-08 0.0232104 3.95725e-05 6.97883e-06 0.00262332 1.27834e-05 0.00787331 2.29634e-07 2.56016e-08 3.18879e-06 2.69056e-08 7.98642e-06 1.16716e-05 2.41955e-08 1.74367e-05 0.944921 0.000183005 
1.34876e-05 1.01247e-08 1.22923e-08 2.04372e-05 0.143087 1.10617e-09 1.91237e-05 0.049217 3.11719e-09 3.428e-05 5.27389e-09 1.99161e-09 2.78928e-05 1.01583e-08 2.54941e-05 1.64161e-08 0.034537 1.22974e-09 1.92343e-09 3.02566e-05 7.53184e-09 3.46111e-06 0.00979022 0.763194 7.04397e-09 
0.0479734 7.35343e-07 3.0366e-05 0.00465071 0.0485258 0.00475135 0.000738608 0.0254212 0.00127138 0.0125774 0.00261513 0.000228329 0.029958 3.59366e-05 0.216053 1.34504e-06 0.00347135 0.00052912 1.3805e-05 0.00853194 3.06441e-05 0.000951637 0.0102251 0.580463 0.000950148 
0.000454027 2.58461e-10 3.13797e-10 0.0014852 0.00152425 0.00015424 3.58856e-08 0.00146285 0.00557745 0.000766788 2.49527e-08 1.25706e-05 1.07923e-06 2.59319e-10 1.54065e-07 0.975817 0.000450007 1.11389e-05 4.91012e-11 1.2654e-05 1.92272e-10 0.000599197 0.000615838 0.0110017 5.41197e-05 
0.0135428 0.782227 6.03874e-08 0.0110307 0.0259323 0.0129736 9.90008e-05 5.4243e-05 1.52186e-05 2.18204e-05 0.0272382 9.78403e-09 0.000673973 4.99036e-08 5.58403e-06 8.0646e-08 0.000120321 7.5007e-05 9.44908e-09 0.121581 8.35577e-07 2.47667e-05 0.00395168 0.000419213 1.27311e-05 
0.00730416 3.22885e-06 1.48317e-05 0.00781296 0.182111 4.87611e-06 6.7954e-07 0.183839 0.00834525 0.00564899 0.00570482 5.812e-11 3.04863e-06 1.75252e-07 8.88665e-07 1.00268e-07 0.134435 1.88709e-05 5.61303e-11 0.00556917 2.29139e-07 0.00305465 0.0326291 0.4235 2.0556e-10 
0.00837422 0.000347669 9.93464e-08 2.09757e-05 0.145416 0.000122931 0.000566363 0.00111923 0.000129183 0.0600121 8.58866e-05 3.20146e-06 0.00523607 8.20989e-08 1.75302e-06 1.87685e-06 0.00217425 9.93871e-09 4.75902e-08 0.025942 5.36246e-06 1.96962e-05 0.00423932 0.745791 0.000391124 
5.18047e-05 1.98613e-08 2.41136e-08 0.000202916 0.000360013 2.16995e-09 0.000212184 3.72994e-05 5.32057e-05 5.84701e-09 1.65634e-05 3.91081e-06 0.869814 1.99272e-08 0.000744085 3.22031e-08 0.0247485 0.00502178 3.77316e-09 9.7644e-05 1.4775e-08 0.0982586 1.06257e-09 0.000377189 1.3818e-08 
0.0113964 0.0019644 1.88908e-09 4.68957e-06 0.293863 7.31155e-07 9.12295e-06 9.0461e-07 0.626796 1.55787e-06 8.1049e-10 3.06071e-10 6.68882e-07 1.56112e-09 1.15199e-09 2.52282e-09 2.81267e-10 1.88986e-10 2.95593e-10 1.91266e-06 1.15749e-09 5.26349e-06 0.0263824 0.0395723 2.17586e-07 
0.00400753 3.43073e-08 4.16524e-08 0.00394486 0.0322079 3.74825e-09 2.68777e-06 0.00997657 0.000271633 1.36655e-06 0.000129772 6.74857e-09 8.67028e-09 3.44212e-08 0.000336383 5.56258e-08 6.20165e-09 4.02068e-05 6.51753e-09 0.000704132 2.55216e-08 3.84192e-07 0.00224352 0.94613 2.59845e-06 
0.000454027 2.58461e-10 3.13797e-10 0.0014852 0.00152425 0.00015424 3.58856e-08 0.00146285 0.00557745 0.000766788 2.49527e-08 1.25706e-05 1.07923e-06 2.59319e-10 1.54065e-07 0.975817 0.000450007 1.11389e-05 4.91012e-11 1.2654e-05 1.92272e-10 0.000599197 0.000615838 0.0110017 5.41197e-05 
5.14384e-05 4.56329e-08 5.54028e-08 0.000334996 0.000103821 0.000153562 1.28627e-08 0.000420983 1.40495e-08 0.000201523 2.377e-08 8.97642e-09 0.00016608 0.00010535 0.000821023 4.44675e-05 8.24895e-09 5.54255e-09 8.66912e-09 0.000306819 3.39468e-08 0.000201142 0.000380607 0.996708 3.17479e-08 
0.0136862 1.18205e-06 2.05152e-07 0.0259409 0.0168073 0.00276323 5.23559e-07 0.000822303 6.27848e-07 4.35926e-07 7.44266e-07 2.55488e-11 3.54764e-05 1.30312e-10 4.3282e-07 4.23282e-08 6.26891e-07 0.190794 7.42691e-09 8.04417e-07 1.54688e-07 9.94083e-07 5.06552e-06 0.749139 5.06114e-07 
0.0015376 5.33455e-07 3.02467e-10 0.0192955 0.471925 9.68936e-07 1.52894e-06 0.0916188 0.0679613 0.0021433 0.113337 1.36145e-07 0.0171196 2.49956e-10 0.0210594 0.000747207 1.54829e-06 1.09152e-05 4.73283e-11 1.43436e-06 1.8533e-10 5.28789e-07 0.017907 0.17533 4.09513e-07 
0.0721039 0.00211795 6.82728e-07 0.319171 0.0761443 0.0166236 0.00314644 0.0137495 0.0055397 0.0124467 0.0226952 0.00307853 0.0118321 0.00163984 0.023233 6.89054e-05 0.00834528 0.00950905 6.83972e-07 0.0369318 0.000615652 0.0108078 6.84135e-07 0.34555 0.00464754 
0.0124715 8.62239e-07 2.05672e-08 0.10186 0.0297226 0.000459311 0.000280836 0.000574221 0.0126789 0.000697285 0.0101079 2.44703e-07 1.19646e-06 6.7359e-07 0.00887217 7.16785e-08 0.00124234 4.62413e-07 1.54184e-07 0.0280134 1.95164e-07 0.000535692 8.02241e-06 0.79247 1.3018e-06 
1.05148e-09 6.18024e-05 0.000480761 1.95742e-05 1.58463e-05 3.15093e-06 5.90083e-06 0.0082162 0.00254868 4.44726e-07 0.984873 2.22043e-09 7.41244e-06 5.27654e-06 8.35729e-09 1.83022e-08 7.43702e-07 4.35959e-07 2.14442e-09 0.00138642 8.39718e-09 0.00236883 2.68954e-06 2.62841e-06 7.85326e-09 
2.63331e-06 5.43274e-07 6.59587e-07 0.000136491 0.195168 2.44947e-05 0.000782629 0.0752654 0.00113977 0.000249476 2.82989e-07 1.06867e-07 0.000406705 5.45076e-07 0.00606458 8.80862e-07 9.82062e-08 3.36113e-07 1.03208e-07 8.16816e-06 4.04147e-07 0.000776992 0.000784267 0.719186 3.77969e-07 
0.00625331 7.39516e-05 2.99182e-08 1.73779e-05 4.24692e-05 2.71922e-07 6.94601e-09 0.000117893 7.58691e-09 5.87688e-05 1.28361e-08 3.39801e-06 6.41517e-05 2.47241e-08 1.64385e-05 3.99551e-08 4.45454e-09 2.99305e-09 4.68143e-09 1.36642e-05 1.83317e-08 2.35797e-05 3.96825e-07 0.993309 5.16044e-06 
4.88937e-05 1.46811e-05 2.32792e-08 1.36529e-05 6.16598e-06 6.54892e-06 3.75069e-06 0.00310053 0.000786525 7.27252e-06 2.75707e-05 3.77172e-09 0.283571 1.92377e-08 6.62179e-06 6.23268e-06 0.0291734 3.17924e-07 3.6426e-09 4.62061e-09 1.42638e-08 0.00029653 4.65001e-05 0.682883 1.33399e-08 
0.00898572 0.000181935 6.8906e-10 0.696241 0.0289105 0.000114253 0.00198795 0.0151923 0.00109589 0.00499735 0.000303595 8.70245e-06 0.00629396 9.58802e-07 0.0115037 2.2695e-08 0.00948728 0.0119582 1.0782e-10 0.0012576 1.04127e-08 0.00230999 0.0456242 0.153359 0.000185394 
4.06972e-06 2.08187e-06 2.5276e-06 2.87814e-07 5.52874e-05 0.0647806 5.86823e-07 0.537991 6.40968e-07 0.00891307 0.14102 4.09524e-07 0.0408735 2.08878e-06 1.54137e-06 3.37554e-06 0.0820407 1.75443e-05 3.95504e-07 0.00431464 0.000125358 0.0554876 0.0192718 0.0450322 5.93434e-05 
0.00510365 1.02631e-06 1.11731e-07 0.0668942 0.0517584 0.0112632 4.36685e-07 0.182818 0.000920789 0.000578863 1.42371e-06 1.25595e-07 0.0041397 1.26808e-06 0.0312899 5.35733e-07 5.63323e-06 6.71542e-07 1.81014e-10 3.69207e-06 7.0882e-10 0.0224757 0.389289 0.233453 8.3809e-07 
0.584135 1.63198e-09 1.98139e-09 0.000808105 5.83606e-07 0.00685544 3.90614e-08 8.53502e-05 8.01436e-08 0.00518997 8.50092e-10 3.21026e-10 4.12441e-10 1.6374e-09 3.67574e-06 1.66756e-06 0.00647873 7.78208e-08 3.10036e-10 5.61422e-07 4.68026e-07 0.00120747 0.395227 4.56884e-06 1.11242e-06 
0.195336 8.74321e-06 0.00416795 0.186747 0.0382996 0.00365613 0.000878542 0.013611 0.246664 0.096627 0.00345316 0.00047955 0.000741599 2.07293e-10 0.0143387 5.77222e-06 8.50965e-05 2.50945e-11 3.92503e-11 0.00603746 1.53698e-10 0.013737 0.0306967 0.13491 0.00951907 
0.025735 8.82056e-05 4.62434e-07 5.42639e-05 0.0217829 3.66872e-05 0.0338343 0.0023181 1.43303e-05 0.000366871 0.0378421 1.11871e-06 0.0241109 6.0371e-05 2.24631e-06 6.17569e-07 0.00194087 0.0362758 7.2359e-08 2.61775e-05 3.95299e-05 0.00787282 0.00587018 0.801726 2.64992e-07 
0.060227 4.762e-05 0.000439039 0.0155821 0.0250401 0.000113008 0.000804498 0.125608 0.00232252 0.000342886 4.41196e-05 7.08605e-05 0.0018263 8.88339e-07 0.0460948 5.2873e-06 0.0168933 0.000358692 9.05187e-06 0.00237243 7.52171e-05 0.00753239 0.0429436 0.650793 0.000453002 
0.00918006 0.00347217 1.54281e-07 0.0209433 0.908357 0.00746807 4.22855e-07 0.0204047 0.00540726 0.0080636 0.000178568 6.91165e-11 6.82096e-07 0.00186771 4.79452e-08 5.52853e-05 0.0017765 0.000183519 1.04678e-07 0.00343655 1.1743e-07 0.00482775 0.00280051 0.00145454 0.000121166 
0.000322684 1.70636e-05 3.61646e-06 0.0343397 0.000152165 3.25441e-07 3.34786e-05 0.000285704 4.27161e-05 0.00239813 1.32101e-05 1.39615e-05 0.00320445 2.98861e-06 0.00525576 1.11115e-05 0.00245128 3.61794e-07 5.65883e-07 3.64987e-05 5.09803e-06 0.00181029 4.61646e-05 0.949509 4.32406e-05 
0.0168367 9.02997e-07 5.8312e-11 0.00305492 0.465372 0.0289415 2.67785e-06 0.121369 0.0302895 1.1962e-06 2.80228e-07 9.44778e-12 1.11683e-07 0.00175279 3.94748e-07 1.09102e-07 0.00279145 1.5606e-05 9.12434e-12 1.37745e-07 3.57294e-11 6.85971e-07 0.0732704 0.2563 3.4755e-07 
1.42355e-05 0.286485 4.82887e-09 0.000670632 7.75673e-07 0.0893745 1.1211e-09 0.186585 3.2788e-06 1.63763e-05 1.87645e-07 1.87319e-06 7.26152e-06 3.99053e-09 2.94472e-09 0.259298 7.18972e-10 3.15792e-07 7.55593e-10 9.58465e-10 2.95878e-09 0.135401 0.0260556 0.0160837 2.89253e-06 
0.00370649 0.00774112 1.11922e-10 0.000788521 0.704442 0.000401516 0.0032328 0.007739 0.000404002 0.00701309 6.76474e-06 8.2019e-05 5.52332e-06 0.000265659 0.000440643 3.76639e-07 7.03088e-05 0.203082 2.02199e-07 1.2502e-05 6.73019e-07 0.000337729 0.00897351 0.0511669 8.70689e-05 
0.00191785 0.000504399 2.7817e-06 0.0110931 0.000524581 0.75409 6.72483e-05 0.00185793 0.000346256 6.745e-07 1.19346e-06 3.53104e-05 0.00226228 3.19325e-05 0.0177363 3.71489e-06 5.75327e-06 2.78284e-07 4.35265e-07 0.20344 0.000199452 0.00113597 0.000431502 0.00304838 0.00126283 
0.155532 6.19637e-07 1.92678e-09 0.138441 3.2839e-06 0.00877655 1.02445e-06 0.0226215 0.105802 0.00296042 8.26662e-10 3.12178e-10 0.0368304 1.59227e-09 1.17498e-09 2.57316e-09 0.0241443 1.92756e-10 3.01491e-10 0.265252 1.18059e-09 1.05391e-06 0.0362607 0.203372 1.10412e-09 
0.000555451 8.17948e-08 9.93068e-08 0.000487384 0.000241363 8.9365e-09 2.30557e-08 0.000132886 0.000324884 0.000859669 0.000272725 1.60898e-08 0.000105445 8.20662e-08 0.00107801 0.00184358 0.000285381 4.76967e-05 1.5539e-08 6.70374e-05 6.0848e-08 0.000283682 0.000764487 0.99265 5.69066e-08 
0.00896611 3.16213e-06 4.88867e-08 0.120879 6.95079e-06 2.67801e-06 1.31711e-06 3.02272e-06 0.000663172 0.00391892 1.74366e-05 8.99355e-07 4.41314e-06 2.46534e-06 0.0391971 2.2857e-07 2.22819e-06 1.70508e-06 7.64952e-09 1.31145e-05 0.014577 2.72518e-06 2.1542e-09 0.811732 4.79231e-06 
0.0102385 0.000137075 2.43359e-09 0.0149092 0.329554 0.000805167 0.0069341 0.0331622 0.00677197 0.0129154 0.000527521 0.000116323 5.90195e-05 2.3965e-05 0.0144628 3.8897e-06 2.23558e-05 0.0866073 3.80795e-10 0.000376802 4.95625e-06 0.0164924 0.146079 0.319768 2.69386e-05 
0.180952 3.72681e-06 3.41935e-08 0.214857 0.0292107 0.00211865 1.45844e-06 0.124125 8.67107e-09 8.29116e-09 0.0185649 5.54007e-09 0.012291 2.82572e-08 2.08518e-08 2.91378e-06 0.0332479 3.42075e-09 5.3504e-09 4.50208e-06 2.09513e-08 0.00388601 4.47521e-06 0.380729 1.95942e-08 
0.000169644 1.06495e-07 1.29295e-07 0.252131 0.0132029 0.000422367 3.0018e-08 1.11259e-05 3.27877e-08 0.000457758 5.54726e-08 7.1246e-05 0.000481784 1.06848e-07 7.88463e-08 1.7267e-07 0.000410062 6.48032e-06 2.02314e-08 0.730413 7.92226e-08 0.000886045 0.000749787 0.000585761 7.4091e-08 
0.0350596 7.52631e-10 9.13768e-10 0.1255 0.0957402 0.00385674 0.00301236 0.0546645 0.000749492 0.0604056 0.00104263 5.63191e-05 0.00196466 1.86861e-05 9.3996e-05 1.22031e-09 0.0166792 0.00723578 1.42981e-10 0.0069642 3.51613e-07 0.0134676 0.339107 0.234381 5.23624e-10 
0.0966237 3.45642e-09 4.19643e-09 9.12728e-06 1.73579e-06 2.64719e-07 9.7427e-10 3.09128e-06 1.06417e-09 1.01754e-09 1.80043e-09 3.06028e-06 8.7352e-10 3.46789e-09 1.53568e-05 5.60423e-09 9.68514e-06 2.52309e-07 6.56633e-10 8.32935e-10 3.16291e-05 1.06348e-06 1.27611e-06 0.903298 2.16665e-06 
2.88857e-08 2.40474e-08 3.35546e-12 1.37171e-08 0.55281 1.85402e-08 0.00774251 0.00121131 0.00130224 0.00033521 0.0135986 8.31843e-09 6.98465e-13 1.05398e-08 2.31243e-08 1.16554e-08 2.57796e-08 0.421236 5.25043e-13 6.66014e-13 2.05598e-12 4.72158e-13 1.51409e-08 0.00176364 1.84609e-08 
1.99728e-05 0.000426422 9.72318e-09 0.233197 0.0766271 1.36362e-05 1.30815e-05 4.7048e-06 2.46568e-09 1.30737e-05 0.00624427 1.57536e-09 0.000373303 4.09372e-07 0.117155 1.29851e-08 1.44769e-09 2.09013e-06 1.52143e-09 6.84598e-06 5.95766e-09 7.72352e-06 0.0449693 0.4134 0.107527 
0.00595783 0.0304536 7.84961e-06 0.00852045 0.0066215 1.55829e-06 1.11321e-05 0.0952061 2.83767e-06 9.85667e-06 3.68714e-08 1.3924e-08 8.32039e-05 7.34883e-06 5.24074e-08 3.42229e-05 1.27956e-08 2.11542e-06 1.34473e-08 7.90399e-05 5.26575e-08 3.00313e-05 0.19321 0.645692 0.014069 
0.00131901 3.73811e-05 1.15713e-09 1.31761e-10 0.0230648 1.04129e-10 1.41862e-05 0.0071666 2.93435e-10 0.00149986 1.36203e-05 8.9967e-05 5.505e-08 9.56242e-10 0.0242132 2.16211e-05 0.00507966 0.000456976 1.81061e-10 5.35923e-07 8.41445e-07 0.0060763 7.0195e-05 0.930875 3.41879e-07 
0.00898572 0.000181935 6.8906e-10 0.696241 0.0289105 0.000114253 0.00198795 0.0151923 0.00109589 0.00499735 0.000303595 8.70245e-06 0.00629396 9.58802e-07 0.0115037 2.2695e-08 0.00948728 0.0119582 1.0782e-10 0.0012576 1.04127e-08 0.00230999 0.0456242 0.153359 0.000185394 
0.00896611 3.16213e-06 4.88867e-08 0.120879 6.95079e-06 2.67801e-06 1.31711e-06 3.02272e-06 0.000663172 0.00391892 1.74366e-05 8.99355e-07 4.41314e-06 2.46534e-06 0.0391971 2.2857e-07 2.22819e-06 1.70508e-06 7.64952e-09 1.31145e-05 0.014577 2.72518e-06 2.1542e-09 0.811732 4.79231e-06 
1.87113e-05 2.5952e-09 3.15082e-09 0.00742282 8.17286e-06 0.000123368 1.71913e-05 0.284163 7.99011e-10 1.02384e-05 1.35182e-09 5.10499e-10 0.0694947 4.42907e-06 1.53906e-06 2.52891e-06 0.00142352 3.15211e-10 4.93022e-10 6.25396e-10 5.7937e-06 3.96814e-05 7.98759e-05 0.637184 1.80554e-09 
0.012117 0.000899753 7.31082e-07 0.0460087 0.0541203 0.0019753 0.0030142 0.0128762 0.0306635 0.000879116 1.29624e-05 0.00203633 0.00208294 1.52988e-07 0.00894209 1.98207e-05 0.0296911 0.00034813 2.06978e-06 0.00207658 0.0526256 0.00640739 0.0260695 0.701686 0.00544422 
0.00898572 0.000181935 6.8906e-10 0.696241 0.0289105 0.000114253 0.00198795 0.0151923 0.00109589 0.00499735 0.000303595 8.70245e-06 0.00629396 9.58802e-07 0.0115037 2.2695e-08 0.00948728 0.0119582 1.0782e-10 0.0012576 1.04127e-08 0.00230999 0.0456242 0.153359 0.000185394 
2.88857e-08 2.40474e-08 3.35546e-12 1.37171e-08 0.55281 1.85402e-08 0.00774251 0.00121131 0.00130224 0.00033521 0.0135986 8.31843e-09 6.98465e-13 1.05398e-08 2.31243e-08 1.16554e-08 2.57796e-08 0.421236 5.25043e-13 6.66014e-13 2.05598e-12 4.72158e-13 1.51409e-08 0.00176364 1.84609e-08 
0.00275028 3.51418e-08 4.26656e-08 0.0115884 0.0417297 8.19257e-07 0.0180789 0.0047791 0.0470127 0.0412272 1.83052e-08 1.35279e-06 9.98811e-05 0.000308602 2.60182e-08 0.6891 0.00141272 0.000821567 6.67607e-09 0.00063409 2.61424e-08 0.000680894 0.000458642 0.139237 7.76186e-05 
3.65132e-09 3.91978e-08 4.759e-08 0.000516979 0.000145312 0.000325907 0.000607695 3.2136e-05 3.74236e-05 0.124792 6.14581e-06 7.71058e-09 9.90623e-09 3.93279e-08 0.000148037 6.35553e-08 7.0857e-09 6.09449e-05 7.44661e-09 0.00152081 2.91597e-08 0.000170769 0.000121212 0.871422 9.27483e-05 
0.20368 8.80941e-07 1.6452e-10 0.186526 0.000118527 3.06477e-07 8.7473e-07 0.0615279 0.00215685 3.98925e-11 4.65936e-07 1.11981e-07 9.692e-07 1.35958e-10 0.00130503 2.19713e-10 2.44955e-11 3.1767e-07 2.57432e-11 3.29849e-07 1.00806e-10 2.84771e-07 0.537987 0.00669403 9.42764e-11 
0.0356147 8.44293e-05 6.99175e-07 0.000208218 9.52569e-05 0.00298138 1.62325e-07 0.000459111 9.87504e-05 0.000207754 2.99973e-07 0.000587644 1.45539e-07 0.000887783 0.00337267 9.33731e-07 1.04101e-07 9.77512e-05 1.09403e-07 0.000477762 0.00128152 9.83833e-08 0.0042772 0.949013 0.000252319 
0.00626756 5.50933e-09 6.68886e-09 0.0264772 0.140381 7.59473e-05 1.55293e-09 0.638479 1.07663e-06 2.47744e-06 0.0507239 2.86075e-07 4.57366e-06 5.52761e-09 4.07898e-09 8.93281e-09 1.58195e-05 6.6916e-10 1.04663e-09 2.06651e-06 4.09845e-09 2.33262e-06 1.25569e-05 0.137551 3.09538e-06 
0.00456244 1.38996e-05 7.60243e-08 0.00599478 0.106048 0.00139826 0.000459713 0.000150877 0.00901857 0.000807353 5.54525e-06 0.000190759 0.00184694 0.00487839 0.00215595 4.88468e-05 0.000210604 0.0007719 1.51077e-06 0.00840126 2.36126e-06 0.000767434 0.000100465 0.851656 0.000508199 
0.0181961 1.79447e-06 2.40076e-09 0.0228029 0.0331069 0.0578075 6.26786e-06 0.0519829 7.12798e-06 3.00956e-06 3.6762e-06 0.000133731 1.93269e-07 1.98396e-09 0.0243617 1.67281e-06 0.0269001 3.81698e-05 3.75657e-10 3.64915e-06 8.65849e-08 0.555052 0.0556773 0.153908 5.52037e-06 
6.67549e-05 0.0113483 1.82121e-06 0.0477391 0.000576408 0.000937743 0.00510485 0.00189733 0.00158284 0.0783893 0.0010438 0.000356667 3.79099e-07 1.50503e-06 0.00307202 2.43218e-06 0.768481 1.82195e-07 2.84972e-07 0.00105734 1.1159e-06 0.000293471 8.02519e-08 0.0773481 0.000697592 
0.00898572 0.000181935 6.8906e-10 0.696241 0.0289105 0.000114253 0.00198795 0.0151923 0.00109589 0.00499735 0.000303595 8.70245e-06 0.00629396 9.58802e-07 0.0115037 2.2695e-08 0.00948728 0.0119582 1.0782e-10 0.0012576 1.04127e-08 0.00230999 0.0456242 0.153359 0.000185394 
0.0856562 1.40782e-08 1.70922e-08 0.13345 0.00192094 4.73713e-08 3.81709e-06 1.49787e-06 0.00755839 0.0001862 3.39265e-07 1.40946e-06 2.90234e-06 1.41249e-08 0.043142 2.28263e-08 2.97335e-05 1.37584e-07 2.6745e-09 0.029052 1.04729e-08 2.40751e-05 0.0022437 0.69249 0.00423645 
0.0613061 1.63827e-09 1.98902e-09 0.058563 4.87656e-05 2.95014e-05 8.59724e-06 0.00738786 0.053711 0.00180936 1.62085e-05 1.57997e-07 0.79597 1.64371e-09 4.43642e-05 2.65629e-09 0.000125077 0.00024447 3.11231e-10 2.58356e-05 1.21873e-09 0.020609 4.57529e-05 3.38891e-05 2.10055e-05 
0.00500283 0.0176819 4.65142e-07 0.0292286 0.00484339 0.00522478 1.03007e-07 0.142214 0.00490218 0.388806 0.000215735 0.000287429 0.00117504 6.08621e-10 0.0441492 7.55246e-06 1.16908e-06 0.000166005 5.09823e-08 0.00184419 4.51262e-10 0.00520021 3.13166e-06 0.349045 1.17136e-06 
2.62408e-05 5.58606e-06 7.37095e-10 3.43292e-06 0.364973 7.18025e-05 0.0139737 7.25299e-05 0.112048 1.13495e-05 2.37214e-06 2.00646e-06 2.58074e-05 1.4016e-06 7.19234e-06 4.72597e-06 0.140455 5.67803e-06 1.15336e-10 1.46304e-10 4.51638e-10 3.77747e-05 2.13396e-05 0.368251 4.22384e-10 
9.02347e-07 5.3222e-10 6.46167e-10 7.35783e-11 4.02548e-07 7.56501e-08 1.50018e-10 1.19059e-07 1.6386e-10 1.56681e-10 9.15139e-07 0.000382945 1.34505e-10 5.39326e-08 7.09673e-07 6.04921e-07 1.6365e-07 2.59219e-08 1.01109e-10 1.28256e-10 3.9632e-07 0.00199758 1.93648e-07 0.997615 2.96594e-07 
0.0176471 0.00800728 1.21346e-07 0.111319 0.0572591 0.00696858 7.18564e-06 0.0595701 0.00125965 0.0164619 0.0118638 9.66306e-05 0.0302153 4.82111e-05 0.00766383 1.01903e-06 0.113056 0.000949326 1.89875e-08 0.0131394 0.0440417 0.00168995 0.012232 0.486485 1.79066e-05 
5.46995e-10 5.87213e-09 7.12934e-09 1.32333e-05 8.53998e-05 6.4156e-10 4.63471e-05 0.000273399 9.58373e-06 4.28737e-05 2.04968e-05 7.27831e-06 0.221624 5.89162e-09 8.95647e-05 1.61952e-05 3.52425e-05 4.92197e-06 1.11556e-09 3.68063e-06 4.36834e-09 6.23998e-05 1.84413e-05 0.777646 4.08538e-09 
0.00266623 0.000264008 2.74487e-08 0.00957967 0.274996 0.00307624 0.00918351 0.12875 0.00975698 0.000143171 1.03136e-06 1.13697e-06 1.15114e-07 6.53926e-07 6.42671e-06 9.84192e-07 2.91924e-05 0.0550748 4.29502e-09 2.07615e-06 6.51226e-08 0.000376806 0.0329467 0.473108 3.53263e-05 
0.0128985 0.000119858 1.51327e-11 0.375154 0.00957178 0.000804174 7.43736e-05 0.000750555 0.000251837 0.00121557 0.00715673 4.96713e-05 0.00094287 7.20914e-05 0.0106684 2.06155e-07 0.000335407 0.00029254 2.36787e-12 0.00875892 7.52716e-06 0.00053164 6.66823e-13 0.569942 0.000401094 
1.92941e-06 1.10757e-09 1.3447e-09 1.68585e-07 0.0380882 4.84153e-07 8.3047e-06 8.63319e-06 8.96864e-06 0.0159889 5.76929e-10 2.1787e-10 2.7991e-10 1.11125e-09 3.36289e-06 1.79582e-09 6.20861e-07 2.01922e-07 2.10411e-10 2.66905e-10 8.23935e-10 1.17334e-06 2.86206e-06 0.945885 1.00251e-06 
0.00580473 4.54091e-05 3.02561e-06 0.00836166 0.0840706 0.0655263 0.000883154 0.0730166 9.45027e-06 1.31875e-05 0.0143537 4.90212e-07 0.00734766 1.28167e-05 1.84506e-06 4.04062e-06 6.91642e-05 0.00142595 4.7343e-07 0.722627 2.30996e-06 0.000906993 0.0155041 4.46477e-07 8.98512e-06 
0.00316277 3.34926e-05 5.41242e-07 0.0397078 0.0626054 0.00112621 0.00034873 0.73817 0.00362501 0.00028511 2.74286e-05 6.50666e-06 0.04284 0.00177442 1.241e-05 0.00104117 0.00249128 0.00825074 8.46905e-08 0.00742551 3.31634e-07 0.00648473 2.37653e-05 0.0800318 0.0005243 
0.0127164 5.90872e-09 7.17376e-09 0.00379701 0.00322794 2.92929e-07 1.28103e-06 6.56165e-06 1.77582e-06 2.69962e-06 0.00276723 2.03564e-07 0.0466049 5.92833e-09 5.46492e-06 2.34522e-06 0.0404158 4.44097e-05 1.12251e-09 2.44231e-06 0.00963453 1.26665e-06 0.0146675 0.8661 4.11084e-09 
0.00596262 4.76832e-10 5.7892e-10 0.00124889 0.0551212 0.0463261 5.7286e-07 0.471456 0.00170385 0.000351 0.000558161 7.23356e-08 0.000654974 5.655e-08 0.00010526 2.20834e-07 0.0220876 2.13392e-07 9.05861e-11 0.003877 7.45943e-08 0.00370023 0.207078 0.179768 3.31743e-10 
8.13369e-07 0.00208822 4.82997e-08 5.49983e-09 0.2014 6.54704e-07 0.00338231 0.726539 4.49497e-05 0.00567918 2.07225e-08 2.25435e-07 1.0054e-08 9.52432e-06 1.05277e-05 6.45031e-08 1.61083e-05 0.0238296 7.55767e-09 0.00119728 2.95946e-08 0.00275892 0.0231183 0.00991658 7.22934e-06 
0.104085 0.00242993 1.07504e-07 0.670117 0.00279592 0.0269374 0.00107838 0.000545243 8.57109e-06 1.76204e-05 1.91968e-06 0.000293839 0.00115969 2.90088e-05 0.000314383 1.4357e-07 0.166958 4.48361e-05 1.68217e-08 0.000234304 0.000964567 3.11068e-06 0.00838839 0.0135027 9.00474e-05 
0.0318975 1.66892e-09 2.02623e-09 0.000230024 0.0799846 0.00236364 0.00156571 0.00166027 0.00217223 0.804485 0.00331952 7.44928e-08 0.00331953 1.67446e-09 0.00124703 1.05231e-05 0.018573 5.85218e-06 3.17053e-10 2.07204e-07 0.00123997 0.000895238 0.00927656 0.0377103 4.27696e-05 
0.0834596 1.11521e-06 1.35397e-06 0.00374138 0.0130294 0.00046577 0.000243119 0.0321625 0.00147533 0.000306919 0.0269106 4.7076e-07 0.00314757 1.11891e-06 8.25673e-07 1.80819e-06 4.55962e-05 1.35452e-07 3.33253e-07 0.115661 8.29614e-07 0.000744985 0.000314313 0.100612 0.617673 
0.00596363 1.53226e-06 7.26658e-11 0.0109462 0.0961227 6.5391e-12 6.39411e-07 0.00216944 1.60334e-07 1.48008e-06 4.99135e-08 3.18317e-05 1.30992e-06 6.00503e-11 0.000297513 9.70433e-11 0.0134542 0.452491 1.13703e-11 0.00108901 2.23066e-08 0.0131212 1.35129e-07 0.404307 1.41619e-07 
9.27191e-05 0.000667193 5.16317e-07 0.00030513 0.00014308 4.64627e-08 1.19872e-07 7.49801e-05 1.30932e-07 0.000644203 2.2152e-07 0.000346826 1.07475e-07 4.26679e-07 0.0092083 6.89529e-07 0.000255732 9.46394e-05 8.07904e-08 2.33256e-05 1.00041e-05 9.88544e-05 5.88253e-05 0.987912 6.19057e-05 
0.0593713 1.68767e-09 2.049e-09 0.0932523 0.324351 0.00493416 0.00883806 0.185573 5.24092e-07 0.0400971 4.16087e-06 6.48195e-07 1.72199e-06 8.22404e-07 1.24951e-09 2.73638e-09 0.115407 2.23757e-05 3.20615e-10 4.06698e-10 1.25547e-09 0.000824402 0.061923 0.105398 7.86177e-07 
0.0614649 0.000331112 1.1316e-05 0.0115026 0.0992229 1.52786e-07 0.00343304 0.0338792 0.00752547 0.00560103 0.00148331 8.23418e-05 0.000204439 0.000157652 0.182298 0.000766384 0.00588971 0.0234347 4.3222e-07 0.000990074 8.41157e-05 0.00386299 0.0952632 0.451726 0.0107849 
0.0264774 0.000367654 4.90029e-06 0.0200584 0.130497 0.0319085 0.0010372 0.513391 0.00420448 3.87064e-05 0.000370146 1.46082e-05 0.0211545 0.00010807 0.00810167 0.000116504 0.000978058 0.0242645 2.73406e-09 0.00247796 1.38522e-06 2.39926e-05 0.0188851 0.195505 1.28006e-05 
0.00671509 6.21448e-06 9.79228e-08 0.00439501 0.150789 0.0299819 9.28288e-06 0.00277561 0.00257822 0.00105749 7.03125e-06 2.44948e-05 0.000334385 8.09224e-08 0.0128703 4.67497e-05 0.0605146 1.02911e-05 6.05633e-06 0.00943658 6.3127e-05 0.0584722 0.017416 0.642341 0.000149112 
0.0198254 4.65828e-07 1.17611e-05 0.835735 0.0132349 0.000906575 3.73769e-05 0.0303721 0.0228245 0.0470401 1.75275e-05 9.16326e-08 0.000950335 4.67373e-07 0.002212 0.00589209 2.19623e-05 5.65791e-08 8.84956e-08 0.000101511 3.46534e-07 0.00633674 0.00610252 0.00825889 0.000117674 
6.84936e-05 0.000529084 7.14523e-07 0.000445822 0.000138179 0.00020439 1.65888e-07 0.000560243 1.81194e-07 0.000268304 3.06558e-07 8.32836e-05 0.000221121 0.000140709 0.00109285 6.00247e-05 1.06386e-07 7.14815e-08 1.11804e-07 0.000408385 4.37807e-07 0.00309656 0.000506469 0.992174 4.09449e-07 
0.00898572 0.000181935 6.8906e-10 0.696241 0.0289105 0.000114253 0.00198795 0.0151923 0.00109589 0.00499735 0.000303595 8.70245e-06 0.00629396 9.58802e-07 0.0115037 2.2695e-08 0.00948728 0.0119582 1.0782e-10 0.0012576 1.04127e-08 0.00230999 0.0456242 0.153359 0.000185394 
3.3976e-06 1.07311e-06 4.20139e-10 2.23225e-05 0.00788164 0.00569726 4.48792e-07 1.03668e-06 0.0153639 1.85422e-06 5.98468e-06 3.06389e-07 1.51307e-06 8.33624e-07 8.71133e-06 5.66696e-08 7.6323e-07 5.84274e-07 6.5741e-11 4.50325e-06 2.31945e-07 9.34141e-07 1.85135e-11 0.971001 1.63738e-06 
0.0564028 4.17878e-10 5.07345e-10 0.00436908 0.0511893 0.000949621 0.000433722 0.0260757 0.00137988 0.551385 7.84819e-05 3.64265e-05 0.00219898 1.06208e-06 0.00018686 0.00025721 0.0450457 0.000207175 3.4515e-07 1.08858e-06 4.22944e-07 0.00100759 0.0592874 0.199506 5.52867e-07 
0.000321942 0.000537563 7.46651e-08 0.00114184 0.00802757 0.000269253 0.000185207 0.00114661 0.000634894 0.00233269 3.20342e-08 0.000986525 6.48255e-06 6.17025e-08 0.00548534 9.97134e-08 0.000226049 4.8611e-06 1.16832e-08 2.62849e-05 2.62305e-05 0.00131954 0.00633872 0.970979 3.2042e-06 
0.000443825 0.0490089 2.76885e-05 0.000432169 0.0705194 0.0063756 0.000798156 0.18259 0.0038571 0.00397668 0.000100224 5.48968e-05 5.9562e-05 6.81482e-05 0.00256107 2.97926e-06 0.000579107 0.000210343 2.80545e-06 8.25232e-05 1.46351e-05 0.00126914 0.0279857 0.648978 9.53314e-07 
2.4855e-06 2.51246e-10 3.05037e-10 0.0519745 0.0761574 3.45896e-07 0.0181551 0.0647874 0.0177138 7.39646e-11 0.340532 1.13721e-07 0.00534569 6.55658e-07 2.54861e-06 6.11461e-07 0.121788 1.61766e-07 4.77304e-11 7.08443e-07 1.68232e-06 1.33923e-06 0.023188 0.280347 5.94487e-07 
6.90688e-07 3.77233e-07 9.74253e-11 1.69069e-06 0.250555 9.5826e-07 0.0276942 0.109029 1.49967e-06 0.00284973 4.17993e-11 4.19895e-07 4.05801e-08 8.05113e-11 2.37653e-06 0.000632917 6.16507e-07 0.249777 1.52446e-11 7.67724e-07 1.79682e-08 0.0177935 2.7802e-06 0.341655 1.16129e-06 
0.00540517 0.000305116 1.47618e-08 0.00242334 0.0270666 0.0043818 4.68646e-05 0.00816182 0.00313633 0.00467307 0.00125641 0.00180395 0.00147445 5.7827e-06 0.00545487 5.44407e-05 0.0020466 4.08767e-05 2.69026e-06 0.000151581 0.0691474 0.00237882 0.031768 0.828797 1.65417e-05 
3.8486e-07 1.39953e-09 1.69917e-09 3.3781e-08 0.0364818 1.52906e-10 1.6564e-06 0.0343747 0.0172122 8.39178e-07 7.29008e-10 2.89882e-07 3.53695e-10 1.40417e-09 0.000317596 2.26919e-09 2.5299e-10 8.82075e-06 2.65876e-10 1.29351e-07 1.04112e-09 0.000288283 0.000284939 0.911028 9.73686e-10 
0.0318975 1.66892e-09 2.02623e-09 0.000230024 0.0799846 0.00236364 0.00156571 0.00166027 0.00217223 0.804485 0.00331952 7.44928e-08 0.00331953 1.67446e-09 0.00124703 1.05231e-05 0.018573 5.85218e-06 3.17053e-10 2.07204e-07 0.00123997 0.000895238 0.00927656 0.0377103 4.27696e-05 
6.67081e-05 2.86371e-06 3.47682e-06 3.95901e-07 0.000408242 0.00320929 8.07201e-07 0.00188007 8.8168e-07 0.000424804 0.688187 5.63318e-07 6.83211e-05 0.000360689 0.00148736 2.69142e-05 0.000389429 3.47824e-07 5.44033e-07 0.00220296 2.13034e-06 0.0345382 0.229726 0.0310028 0.00600943 
0.000817691 0.000446598 1.1534e-07 0.00200158 0.00274143 0.00113446 0.00156119 0.00302283 0.00177543 0.000749552 4.94853e-08 0.000497105 4.8042e-05 9.53157e-08 0.00281352 0.000416045 0.00072987 0.960298 1.80477e-08 0.000908892 2.12722e-05 0.00204498 0.00329142 0.0133048 0.00137483 
0.00670021 5.66763e-10 6.88106e-10 0.00130634 0.0547368 0.0442445 8.76428e-05 0.457776 0.00332992 0.000606926 0.00168218 2.04596e-06 0.000841634 2.80523e-07 0.000232961 2.41587e-06 0.0250068 2.82438e-05 1.07671e-10 0.00550148 6.15307e-07 0.00398055 0.20358 0.190353 3.94311e-10 
0.00145849 0.000460654 1.80354e-07 0.00958241 0.00102495 0.631433 0.000192653 0.0894486 0.000370503 0.000795963 0.00256905 0.000131524 0.000649516 0.000357851 0.00373952 2.43266e-05 0.000327633 0.000250812 2.82207e-08 0.00193312 9.95673e-05 0.241001 7.94732e-09 0.0134455 0.000702882 
0.0486272 7.16451e-06 4.02189e-09 0.0399275 0.0415754 0.00124189 0.27256 0.121951 1.31691e-06 1.26709e-05 0.0257412 2.69222e-07 3.94639e-06 4.74418e-05 2.45261e-09 1.4491e-06 0.131966 4.02353e-10 6.29322e-10 0.00468934 3.97682e-06 0.073435 2.38204e-06 0.23761 0.000595296 
0.00370681 0.000696485 1.85104e-06 0.000770285 0.000242794 0.00744199 3.06288e-05 0.00285841 4.63938e-05 0.00589103 8.98588e-05 0.000221607 3.84194e-05 3.49075e-05 0.00346139 2.09985e-05 0.0193412 7.23307e-05 1.87376e-05 3.98036e-07 0.000146407 0.0467841 0.00932194 0.895241 0.00351975 
3.35072e-06 1.17935e-07 1.43185e-07 3.07869e-07 2.06047e-05 1.2885e-08 1.44086e-05 0.0452871 1.55609e-05 0.00797139 6.1432e-08 2.3199e-08 0.000124108 1.18327e-07 0.0115606 1.9122e-07 4.02257e-05 3.6363e-07 2.24048e-08 2.84203e-08 8.77334e-08 2.05094e-06 0.0134664 0.921427 6.5234e-05 
0.000265856 1.02753e-05 7.05814e-08 0.0296958 0.00529721 0.000181308 0.00221431 0.0513815 9.81492e-05 0.00142208 0.00354935 0.000155035 0.00157543 6.82741e-05 0.103799 2.47516e-05 0.000569792 0.000266697 1.12106e-06 0.0379285 2.72955e-05 0.0043098 0.0509146 0.700939 0.00530409 
0.000454027 2.58461e-10 3.13797e-10 0.0014852 0.00152425 0.00015424 3.58856e-08 0.00146285 0.00557745 0.000766788 2.49527e-08 1.25706e-05 1.07923e-06 2.59319e-10 1.54065e-07 0.975817 0.000450007 1.11389e-05 4.91012e-11 1.2654e-05 1.92272e-10 0.000599197 0.000615838 0.0110017 5.41197e-05 
8.52469e-05 7.95986e-09 9.66404e-09 0.00100372 5.81357e-05 8.69655e-10 0.000183884 0.000109673 3.45278e-05 2.34331e-09 4.10901e-05 1.56578e-09 0.106173 7.98627e-09 2.88441e-05 1.29061e-08 0.000556283 0.00117262 1.51217e-09 0.00113272 5.92142e-09 0.883502 0.00578747 7.46277e-05 5.60193e-05 
0.00898572 0.000181935 6.8906e-10 0.696241 0.0289105 0.000114253 0.00198795 0.0151923 0.00109589 0.00499735 0.000303595 8.70245e-06 0.00629396 9.58802e-07 0.0115037 2.2695e-08 0.00948728 0.0119582 1.0782e-10 0.0012576 1.04127e-08 0.00230999 0.0456242 0.153359 0.000185394 
0.00354163 3.77963e-05 1.2189e-07 0.0543165 0.0473214 0.00785301 2.82988e-08 0.273846 0.000532122 1.05691e-05 0.000819591 1.32611e-05 0.000762935 0.000107377 0.315167 8.64976e-07 1.30668e-06 5.4416e-05 1.90727e-08 0.158265 0.000192212 0.0313295 0.0150449 0.0907648 1.71316e-05 
