0.00506693 0.115577 5.63274e-11 0.000557146 0.0367472 0.000269123 0.00412414 0.00763852 0.00164373 0.000806898 2.41666e-11 2.89316e-07 2.48905e-08 8.23657e-05 0.000148175 1.53305e-07 6.05878e-09 0.00586239 8.2296e-08 1.11802e-11 2.73923e-07 0.000124009 0.00864 0.809841 0.00286985 
0.000834187 0.000214551 1.33599e-11 6.24523e-09 0.00326189 0.483696 0.000254999 0.0541904 8.56452e-09 0.00066411 2.42663e-08 7.54152e-06 6.09749e-05 2.74372e-08 2.5299e-07 3.55828e-05 0.04727 0.00138257 0.00148292 1.16227e-10 4.73398e-08 0.372473 0.0228422 0.0113287 7.65574e-12 
0.451554 0.00650547 4.99484e-09 5.47202e-06 1.09315e-05 1.33665e-06 2.57431e-06 1.28307e-05 1.26663e-09 0.0334362 0.15231 8.09268e-10 1.03971e-09 4.12768e-09 3.04593e-09 0.00147748 0.0156351 1.59348e-06 0.0303576 9.91409e-10 0.0011244 7.02841e-10 0.307549 1.54448e-05 2.86223e-09 
0.172577 2.43856e-06 8.29294e-11 2.49307e-07 0.293121 0.00736051 0.0303106 0.00490312 4.85811e-07 0.0381346 1.70819e-07 0.000182615 2.21996e-06 6.8532e-11 5.05717e-11 4.09886e-07 0.107755 0.00073787 0.00176456 1.64604e-11 0.000306185 1.56392e-05 0.00959245 0.330348 0.00288457 
0.0125311 0.111043 2.28637e-10 0.00165049 0.0135161 0.00151179 0.00154587 0.00638024 0.000768073 0.00641077 2.5983e-07 8.07048e-07 6.94462e-08 1.54476e-07 0.000356501 0.00184539 1.69114e-08 0.00460837 0.00248442 1.29196e-08 7.64143e-07 0.00184538 0.00348503 0.780383 0.0496326 
0.000115071 2.16681e-09 2.63072e-09 0.00107612 1.02472e-05 0.00623925 2.77895e-05 0.0342735 6.67119e-10 9.96281e-06 1.12868e-09 0.000108365 7.8379e-05 2.59508e-07 1.60425e-09 5.10569e-07 0.731878 7.38743e-08 0.0663134 5.22162e-10 1.87981e-06 0.0515613 0.0178626 0.0900007 0.000442145 
0.812613 3.08296e-05 1.6121e-10 3.00818e-05 0.000314566 0.00052063 2.93599e-06 0.000485548 3.49919e-07 0.103951 0.000589255 9.48166e-06 0.00102456 1.21496e-06 2.11351e-05 0.000111371 0.00903196 6.22448e-05 0.0033919 6.57406e-08 1.02766e-05 0.00120338 0.0634718 0.00311266 9.72201e-06 
3.28185e-07 1.44801e-08 6.75988e-10 0.00755227 0.0151114 0.512813 0.00044517 0.031001 0.00213787 2.93125e-06 0.311213 0.000230777 0.00243857 5.5863e-10 0.000553244 2.75682e-07 0.00140135 1.28193e-06 0.0854313 1.34175e-10 4.14196e-10 0.00086587 0.0283319 0.000468815 3.87367e-10 
0.000140828 0.00104163 4.34288e-05 4.94519e-06 3.68961e-09 6.50267e-09 0.000189592 0.865426 1.83245e-08 1.75217e-08 3.10027e-08 0.000832436 1.50417e-08 5.97157e-08 0.000233594 0.000173802 0.00414221 2.60318e-05 0.00043646 1.43428e-08 0.120741 0.00043012 0.000154755 0.00598317 4.14083e-08 
0.00670203 0.000112885 3.49722e-08 0.000445429 0.00407436 0.0149336 0.000126603 0.0242017 0.000928731 0.00680976 5.29543e-05 0.00154125 0.00165281 6.474e-11 0.000576224 3.24559e-05 0.346604 0.00362283 0.00910379 1.55496e-11 0.0660351 0.00835445 0.100566 0.403317 0.00020554 
0.000684334 6.77959e-13 8.23108e-13 1.3439e-05 5.99971e-05 0.0143383 0.000161681 0.00112122 2.08731e-13 5.6705e-05 3.53146e-13 1.18705e-09 0.000459426 8.1108e-07 5.01945e-13 1.58621e-06 0.958657 1.00469e-09 1.22008e-07 1.63376e-13 9.234e-06 0.00306737 0.0156165 0.00575196 1.4811e-08 
0.030361 8.78141e-05 4.2416e-11 0.0372906 0.0320549 0.274953 0.0263577 0.0163777 0.0010425 0.0102448 0.000248903 2.40119e-05 0.00170976 2.75693e-05 8.7681e-06 8.89784e-08 0.455588 0.00173648 0.0142917 4.63865e-08 1.26578e-05 0.0131281 0.046093 0.0366548 0.00170681 
0.000699117 7.15707e-09 8.68938e-09 0.0144871 0.0155241 7.81946e-10 0.50314 0.00119496 0.000619693 0.00381701 3.72808e-09 0.000281488 1.80876e-09 4.73611e-05 5.29892e-09 0.000361764 0.112571 0.0667881 1.55105e-05 1.72473e-09 5.32422e-09 0.247512 0.00644659 0.026494 4.97935e-09 
0.000115071 2.16681e-09 2.63072e-09 0.00107612 1.02472e-05 0.00623925 2.77895e-05 0.0342735 6.67119e-10 9.96281e-06 1.12868e-09 0.000108365 7.8379e-05 2.59508e-07 1.60425e-09 5.10569e-07 0.731878 7.38743e-08 0.0663134 5.22162e-10 1.87981e-06 0.0515613 0.0178626 0.0900007 0.000442145 
0.00133756 5.46691e-11 6.63736e-11 0.00190646 0.00075519 0.0078417 3.32804e-05 0.00349897 1.58759e-07 0.00247682 3.57217e-07 0.000106252 0.00788538 5.48504e-11 4.04757e-11 8.86403e-11 0.0319812 1.74724e-05 0.000539803 1.31743e-11 1.73204e-05 0.506557 0.426375 0.00864658 2.40488e-05 
0.000110854 9.60766e-07 1.1389e-12 5.45106e-06 0.000267081 1.81316e-05 9.63727e-05 7.63123e-06 8.45383e-06 3.06604e-05 2.82519e-06 5.171e-05 1.89236e-05 9.41176e-13 6.28069e-08 1.47378e-07 1.38169e-05 0.000402891 0.00392752 1.79679e-09 1.76948e-07 0.00431173 6.59235e-06 4.418e-05 0.990674 
0.000591424 0.000217716 4.56215e-06 5.77224e-05 0.0289046 0.000968385 0.000258457 0.000229646 9.23039e-05 0.000676802 1.95734e-06 2.51929e-05 0.00183765 1.71616e-05 2.78208e-06 1.37307e-05 0.0857449 1.22867e-05 3.28519e-05 9.05527e-07 3.46349e-05 0.00941829 0.00731575 0.863505 3.56047e-05 
6.18642e-06 5.37787e-09 6.52926e-09 7.43479e-10 8.73357e-05 1.80753e-06 0.00437609 1.43746e-06 2.35809e-05 3.53225e-07 0.000157205 1.81798e-07 0.994712 4.246e-06 3.44119e-07 8.71967e-09 9.72145e-10 1.76392e-06 1.27807e-06 1.29597e-09 4.00065e-09 1.25669e-06 2.42634e-08 1.69837e-05 0.000607899 
0.00595724 0.00349526 8.03499e-08 0.0107302 0.100907 3.86851e-05 0.00107613 0.338196 0.00274439 0.029963 4.62441e-06 0.000135281 9.72324e-06 1.08011e-05 5.78357e-09 2.20206e-06 0.0199488 0.276849 0.0118445 1.88247e-09 3.99935e-08 0.0537661 0.0265199 0.117729 7.18448e-05 
2.31516e-12 2.48538e-11 3.0175e-11 0.000779427 0.106183 6.58489e-07 0.00106521 0.00223389 0.889721 4.24445e-08 1.29462e-11 7.82727e-09 6.28116e-12 2.49363e-11 1.84012e-11 4.02979e-11 4.49277e-12 2.44548e-08 1.23239e-07 5.98933e-12 1.8489e-11 2.10607e-07 1.40414e-07 6.2789e-08 1.71168e-05 
0.0142596 0.000550061 1.50996e-05 0.00578803 0.0435293 0.0407758 0.00299923 0.0179562 0.00184303 0.0634395 2.49906e-06 8.51996e-05 0.000941237 2.88032e-05 0.00262337 2.63989e-06 0.155773 0.00308081 0.0234671 3.3811e-06 5.06315e-05 0.069998 0.143092 0.397068 0.012628 
0.0020555 0.0315381 1.71891e-09 0.00174816 0.622418 0.00780133 0.17982 0.00443497 0.0531915 0.00717606 9.53436e-05 0.000166968 7.87987e-05 1.6526e-06 2.70288e-05 0.00261371 0.00155419 0.0391797 0.00438225 9.47565e-07 0.000200315 0.00604889 0.0087728 0.0265823 0.000111615 
0.00360033 5.59323e-06 6.79073e-06 0.137487 0.00946826 1.89774e-06 1.57658e-06 0.00794262 8.87407e-05 0.00239508 0.00013787 1.10024e-06 0.000181229 5.61179e-06 0.000945456 9.06885e-06 0.000139663 7.30022e-05 0.00130935 1.34787e-06 4.16086e-06 3.28528e-05 0.092689 0.743419 5.30418e-05 
0.812613 3.08296e-05 1.6121e-10 3.00818e-05 0.000314566 0.00052063 2.93599e-06 0.000485548 3.49919e-07 0.103951 0.000589255 9.48166e-06 0.00102456 1.21496e-06 2.11351e-05 0.000111371 0.00903196 6.22448e-05 0.0033919 6.57406e-08 1.02766e-05 0.00120338 0.0634718 0.00311266 9.72201e-06 
0.0048202 6.66329e-05 0.000254655 0.000696612 0.526166 6.46362e-07 0.00470446 0.0211742 0.317265 0.00217508 1.24447e-11 3.1662e-05 4.37224e-08 2.39703e-11 1.98475e-07 3.87368e-11 9.76364e-05 0.000125279 0.00483738 5.7573e-12 8.94095e-09 0.0194373 0.0319328 0.040342 0.0258726 
0.00918366 3.28444e-06 4.56234e-08 0.0167406 0.13234 0.0218645 7.25398e-05 0.0580728 0.0109902 0.000591117 0.00214043 4.23824e-05 6.75954e-05 6.45235e-07 0.000256043 6.36462e-07 0.15559 0.00495215 0.0024692 1.15715e-08 2.09923e-05 0.0594746 0.0619518 0.463169 5.84423e-06 
1.42489e-06 9.07507e-08 4.58893e-11 3.78844e-07 0.124131 4.04733e-08 0.833894 0.0140758 0.0011082 0.0203334 1.96883e-11 6.8849e-07 5.86516e-07 5.68874e-07 2.9386e-07 8.76422e-07 1.14792e-07 0.00229799 2.52308e-05 9.10841e-12 7.0322e-08 5.85677e-07 5.45368e-07 1.53176e-06 0.00412669 
0.0105426 1.1869e-08 2.76022e-05 2.87305e-05 0.0753913 1.29675e-09 0.451556 0.0401403 0.0911371 0.000308334 1.10536e-05 0.0494311 0.00138864 4.31492e-05 0.0670412 6.64774e-05 8.70678e-06 6.75536e-06 0.00191336 2.5583e-06 5.33951e-06 4.44159e-05 0.000291003 0.178983 0.031632 
0.000254032 0.00141098 5.07412e-05 6.10686e-05 0.00361894 0.000625567 3.72812e-06 0.803792 0.00200607 3.8937e-06 0.0026343 2.60173e-06 0.0440361 1.32701e-05 0.0106126 0.00206066 0.0280279 9.87592e-05 7.93969e-06 3.18729e-06 9.83915e-06 4.61832e-05 0.000717492 0.0998933 9.20183e-06 
0.000699117 7.15707e-09 8.68938e-09 0.0144871 0.0155241 7.81946e-10 0.50314 0.00119496 0.000619693 0.00381701 3.72808e-09 0.000281488 1.80876e-09 4.73611e-05 5.29892e-09 0.000361764 0.112571 0.0667881 1.55105e-05 1.72473e-09 5.32422e-09 0.247512 0.00644659 0.026494 4.97935e-09 
5.82915e-08 1.89623e-11 2.3022e-11 0.000820304 0.719009 9.64949e-05 0.150847 0.000686994 2.5046e-07 4.28728e-07 9.87735e-12 5.67383e-05 1.92173e-07 6.08997e-08 0.124688 3.07454e-11 4.76493e-08 0.000414915 0.000755303 4.56957e-12 1.97628e-08 0.00214958 1.18593e-07 0.000474543 1.31925e-11 
0.00748843 2.05234e-07 2.49174e-07 0.0103582 0.197363 0.451787 0.144749 0.120138 0.000611768 5.26281e-06 1.06906e-07 4.03715e-08 5.18676e-08 8.073e-06 1.51951e-07 7.73317e-06 3.70997e-08 0.00596407 0.00012712 4.94578e-08 1.52676e-07 0.0105123 0.0508328 6.82722e-06 3.91699e-05 
0.0229723 3.95393e-05 1.76156e-10 0.00460715 0.0880757 0.300738 0.00607087 0.0213208 0.00118645 0.00142797 5.07538e-05 9.01245e-06 0.000369127 0.000658271 0.00344552 3.44016e-06 0.00114103 2.83737e-08 0.0541408 5.88394e-08 6.99969e-07 0.0280975 0.449296 0.0163466 2.35654e-06 
0.000860196 6.71193e-05 2.8172e-10 0.00163933 0.00407441 0.267792 0.00103455 0.229923 0.000103194 0.00345211 1.1569e-08 5.64326e-06 3.67437e-05 9.39512e-09 5.3394e-08 7.24332e-09 0.00197786 4.53942e-08 0.0122525 4.57844e-09 7.68691e-10 0.0292818 0.442634 0.00486451 8.86658e-09 
7.45274e-05 8.20532e-05 5.01317e-06 6.6747e-05 0.00150991 8.22427e-05 0.00012561 0.00290088 1.66943e-05 0.000412225 2.15084e-06 6.42797e-06 1.04353e-06 8.23254e-05 0.000236362 6.69496e-06 3.21792e-05 5.01522e-07 0.00013296 9.95047e-07 1.94824e-05 8.62862e-05 0.00138126 0.992733 2.87274e-06 
0.00288143 5.27162e-07 8.52759e-06 0.0150817 0.0717323 0.0303382 0.0285061 0.473732 0.00403944 0.00223398 4.42585e-10 3.10191e-05 0.0016031 4.41259e-07 3.65128e-05 3.31013e-07 0.000112464 0.00292005 0.0589786 2.56301e-07 4.7126e-08 0.110623 0.190491 0.00652877 0.000120514 
0.0104707 0.000145945 4.53365e-05 4.44732e-06 0.0276047 0.0222894 7.1828e-05 0.0177165 0.00127345 0.00645504 0.00318397 0.000570304 0.000823011 5.8716e-06 3.19353e-05 4.33468e-05 0.171365 9.86965e-05 0.00787998 1.44061e-09 0.000480002 0.0307633 0.068693 0.62977 0.000214285 
0.00310583 7.56045e-06 3.36219e-10 5.5322e-06 0.0730621 0.253523 7.80588e-11 0.589991 0.0103024 8.15256e-11 2.02096e-07 7.20317e-05 7.00567e-08 2.77848e-10 0.00799987 4.49012e-10 1.27157e-06 1.68212e-07 2.63575e-08 6.6735e-11 2.6802e-07 0.009932 1.48156e-11 0.0519966 2.50659e-07 
0.00013182 0.0665647 9.60878e-11 0.000406734 0.0772318 0.00151559 0.00159673 0.028787 0.000375317 0.000842138 0.00052859 0.00062544 1.28808e-05 7.9406e-11 0.0572451 6.18518e-05 2.03358e-07 0.00241528 0.00268808 6.41192e-08 0.000380066 0.00715605 0.0234018 0.728033 1.14424e-07 
5.82915e-08 1.89623e-11 2.3022e-11 0.000820304 0.719009 9.64949e-05 0.150847 0.000686994 2.5046e-07 4.28728e-07 9.87735e-12 5.67383e-05 1.92173e-07 6.08997e-08 0.124688 3.07454e-11 4.76493e-08 0.000414915 0.000755303 4.56957e-12 1.97628e-08 0.00214958 1.18593e-07 0.000474543 1.31925e-11 
0.0334242 1.54127e-08 6.20973e-05 0.00451915 0.0308156 0.000543378 4.90294e-05 0.00233 2.67433e-06 2.16764e-05 8.02838e-09 0.00243965 0.000118092 1.11595e-06 0.0251003 8.48684e-07 0.204793 2.65314e-05 0.116641 6.43648e-07 0.00107314 0.0100668 0.426499 0.141471 1.01481e-06 
0.0197296 4.42199e-10 5.36873e-10 1.07413e-07 0.61541 0.00346645 0.139561 0.134907 0.00591829 1.3018e-10 0.000746435 7.64611e-08 3.81276e-05 7.25445e-05 4.95069e-05 1.45052e-08 0.00517794 0.0642498 2.24161e-05 1.06562e-10 3.28956e-10 5.29936e-06 0.0015808 0.00906317 9.21903e-07 
0.000852217 8.4302e-05 7.39126e-08 0.000513505 0.364998 0.0303511 0.0747593 0.0889663 0.03109 0.00788457 0.000585344 4.57977e-06 1.58788e-08 3.38359e-07 0.000759682 2.77436e-06 7.57209e-08 0.00848348 0.0051137 1.52397e-11 6.80668e-09 0.0156679 0.13193 0.236834 0.00111825 
2.88857e-08 2.40474e-08 3.35546e-12 1.37171e-08 0.55281 1.85402e-08 0.00774251 0.00121131 0.00130224 0.00033521 0.0135986 8.31843e-09 6.98465e-13 1.05398e-08 2.31243e-08 1.16554e-08 2.57796e-08 0.421236 5.25043e-13 6.66014e-13 2.05598e-12 4.72158e-13 1.51409e-08 0.00176364 1.84609e-08 
0.028941 2.77119e-07 3.3645e-07 9.76177e-06 0.00306447 7.41686e-05 6.98685e-06 0.00399967 1.90328e-05 0.000101256 1.56006e-05 0.000127595 8.66554e-05 6.54719e-07 5.20851e-06 1.06546e-05 0.00521537 5.22261e-05 2.184e-05 6.67808e-08 0.00535485 0.0498403 0.00889367 0.893558 0.000600861 
0.0741506 1.98488e-08 2.40984e-08 4.5157e-06 0.00779326 2.16859e-09 4.30806e-06 0.0369572 3.88764e-06 0.0233336 1.03392e-08 8.20553e-06 0.00953675 6.79624e-06 0.000669533 1.04719e-05 0.00205075 0.00123118 0.404524 4.78321e-09 8.52149e-07 0.00249828 0.0196295 0.415102 0.00248408 
0.104408 0.000235011 2.31538e-08 0.0817937 0.0353397 0.00933228 0.00147811 0.0136308 1.44303e-05 0.00626042 0.00304907 0.000137976 7.92839e-05 1.16003e-05 0.135926 1.03719e-06 0.0555846 0.000601923 0.000480311 7.3441e-09 1.27551e-05 0.137449 0.0579151 0.344252 0.0120072 
0.107459 0.00169663 1.55372e-09 0.0197311 0.0694082 0.0194666 0.00104571 0.0341218 0.000236184 0.0329944 0.00095529 0.000830186 0.00299001 0.000174163 0.00303136 1.75688e-06 0.0968331 0.000363026 0.00217545 3.08393e-10 0.0640876 0.00850841 0.140708 0.391763 0.00141895 
0.0104707 0.000145945 4.53365e-05 4.44732e-06 0.0276047 0.0222894 7.1828e-05 0.0177165 0.00127345 0.00645504 0.00318397 0.000570304 0.000823011 5.8716e-06 3.19353e-05 4.33468e-05 0.171365 9.86965e-05 0.00787998 1.44061e-09 0.000480002 0.0307633 0.068693 0.62977 0.000214285 
0.0754057 0.000321728 1.39476e-06 0.0674927 0.307611 0.0423302 0.0122518 0.0321313 0.00194505 0.0304826 7.42847e-07 9.83841e-05 0.000163712 9.46983e-08 0.00447007 7.04268e-08 0.000369906 0.00215844 2.64037e-07 9.77391e-12 4.31034e-06 0.0393756 0.113067 0.266328 0.00399012 
0.0102679 6.07128e-08 3.16225e-09 2.28407e-06 0.153126 0.00239056 0.041527 0.00434163 0.000448441 9.54131e-06 1.47108e-11 2.01394e-05 0.00053353 1.55967e-07 3.83588e-09 3.91052e-06 0.675328 0.00467707 0.018955 6.80568e-12 5.15986e-05 0.00304447 0.0366112 0.0486614 2.0344e-07 
0.0149016 8.19733e-06 5.62359e-09 0.00181159 0.502101 0.101258 0.0100904 0.0695713 0.00019865 0.00250521 0.000181636 2.80981e-05 0.000292098 1.78846e-05 0.00228513 2.53204e-05 0.00191972 0.0173859 9.36822e-05 5.70924e-07 2.42834e-06 0.00849638 0.030625 0.234063 0.00213721 
0.0886347 4.85971e-05 2.65935e-07 0.0141742 0.00378005 3.03809e-07 3.03699e-07 0.0108331 0.000107204 0.00128599 2.15169e-06 0.00047597 1.00491e-07 1.21395e-06 3.77063e-06 1.65398e-06 0.000629388 0.00221581 0.0176577 2.89383e-11 3.84717e-06 0.00553433 0.0496572 0.057898 0.747054 
0.0058745 0.166642 3.602e-10 0.000814018 0.0679776 0.209714 0.00360122 0.146293 0.00379414 0.00566548 0.00010241 0.00170064 7.05034e-05 6.15051e-05 0.000123687 0.000117156 0.000119125 0.0109384 0.0541137 3.52629e-06 8.74213e-05 0.0645922 0.057773 0.198034 0.00178669 
1.72026e-07 8.82932e-11 1.07197e-10 0.0104962 0.000168339 0.0250692 0.000194314 0.0330164 6.55234e-08 0.000769921 0.0127847 0.00012888 0.00401896 8.85862e-11 5.28161e-07 1.32026e-07 5.42105e-07 7.25211e-06 0.0136804 2.12771e-11 6.56822e-11 0.74181 0.148509 0.00724491 0.00210042 
0.00861059 0.00119926 7.89401e-05 0.00159753 0.00458297 0.000408166 8.66653e-05 0.00183111 0.000174026 0.020681 9.77078e-08 0.0107257 2.1906e-05 2.75944e-08 0.000607357 1.85308e-06 0.00856933 1.15637e-06 0.000424112 6.03715e-08 0.065399 0.00565002 0.00438303 0.864966 3.31111e-07 
0.00288143 5.27162e-07 8.52759e-06 0.0150817 0.0717323 0.0303382 0.0285061 0.473732 0.00403944 0.00223398 4.42585e-10 3.10191e-05 0.0016031 4.41259e-07 3.65128e-05 3.31013e-07 0.000112464 0.00292005 0.0589786 2.56301e-07 4.7126e-08 0.110623 0.190491 0.00652877 0.000120514 
0.00037721 0.00268035 3.76871e-08 0.0537525 0.021142 0.386929 0.000151929 0.0529267 0.000164847 0.000283183 4.44191e-06 6.63998e-06 0.000275153 1.36904e-05 0.000900346 0.000113358 0.0542857 0.000363369 0.000622715 4.0261e-06 1.03268e-05 0.282669 0.116536 0.025788 8.72416e-09 
0.00338438 6.33476e-12 7.69102e-12 1.83999e-09 0.000286925 0.00108933 1.21438e-08 0.00187621 0.000193516 0.00103416 3.43207e-08 9.34798e-05 4.46681e-08 6.35578e-12 5.74423e-05 1.64441e-08 0.62136 5.46362e-09 3.83911e-08 1.52656e-12 1.69847e-05 0.00958011 0.317598 0.0434288 4.40725e-12 
0.0137244 0.000165881 1.1098e-09 0.00320996 0.0260819 0.0350497 0.00292004 0.0872154 0.000927458 0.00208637 0.000110764 0.000254983 0.000238258 8.06567e-08 0.00653369 2.35366e-05 0.0409769 0.00437628 0.0024973 5.23358e-08 3.92248e-06 0.0347904 0.262037 0.476775 7.91847e-08 
0.00515334 2.8306e-07 4.58547e-06 0.143862 0.0284643 0.0577781 1.71831e-06 0.0263443 0.00281039 6.18696e-07 9.2147e-12 4.94168e-08 1.22502e-07 1.77488e-11 1.30973e-11 2.89695e-09 5.62844e-08 7.32706e-08 0.00616415 4.263e-12 2.50168e-08 0.169617 0.558559 1.24588e-06 0.00123877 
0.238257 0.00673041 7.20697e-08 3.74005e-05 0.0735271 7.87229e-05 0.00177511 0.0528027 0.00440198 0.183651 0.0557098 0.00107775 0.0138374 0.00210764 0.00151984 7.62658e-05 0.015888 0.00382432 0.00776741 1.21045e-07 0.000187217 0.00481897 0.0681272 0.26377 2.69581e-05 
4.88937e-05 1.46811e-05 2.32792e-08 1.36529e-05 6.16598e-06 6.54892e-06 3.75069e-06 0.00310053 0.000786525 7.27252e-06 2.75707e-05 3.77172e-09 0.283571 1.92377e-08 6.62179e-06 6.23268e-06 0.0291734 3.17924e-07 3.6426e-09 4.62061e-09 1.42638e-08 0.00029653 4.65001e-05 0.682883 1.33399e-08 
0.155089 8.60348e-05 7.90267e-10 0.0296817 0.0397199 0.00107992 0.00148527 0.0116267 3.34969e-05 0.012718 0.000266416 0.000209772 0.0017189 1.16706e-06 1.55823e-05 7.69129e-05 0.0552611 0.00215473 0.000442271 5.82001e-06 0.210802 0.0077689 0.0474211 0.422315 1.9805e-05 
0.812613 3.08296e-05 1.6121e-10 3.00818e-05 0.000314566 0.00052063 2.93599e-06 0.000485548 3.49919e-07 0.103951 0.000589255 9.48166e-06 0.00102456 1.21496e-06 2.11351e-05 0.000111371 0.00903196 6.22448e-05 0.0033919 6.57406e-08 1.02766e-05 0.00120338 0.0634718 0.00311266 9.72201e-06 
0.00530964 1.54811e-05 6.75167e-11 0.00188971 0.385593 6.73627e-07 0.0112146 0.0636682 0.00524269 0.00508817 0.000365977 0.00186973 0.000131235 7.40238e-07 0.000108832 0.000238133 1.49371e-07 0.0125596 0.150849 5.81524e-08 5.56644e-05 0.0109031 0.117857 0.22618 0.000858124 
5.12023e-05 6.51871e-10 6.03161e-13 3.60021e-06 7.5062e-05 2.33958e-05 4.11123e-09 1.73537e-05 1.92684e-05 2.32972e-05 2.58779e-13 4.92829e-05 1.25553e-13 4.98446e-13 8.63209e-11 4.61748e-07 3.88233e-06 4.82898e-05 0.00493572 1.19719e-13 1.02767e-07 0.000255537 6.30698e-06 1.2663e-06 0.994486 
0.000550074 8.34017e-05 2.71493e-08 0.00210467 0.17994 0.00962609 0.474372 0.0379718 0.0147118 0.000649272 8.19018e-06 1.36203e-05 0.000128789 1.03455e-05 4.75085e-06 5.69893e-05 0.0101724 0.208547 0.000755665 6.84374e-07 4.26976e-06 0.0171363 0.0352928 0.0078585 1.24925e-06 
1.20226e-05 1.08023e-09 9.85277e-12 6.6419e-05 0.000100521 9.8969e-05 5.98715e-06 0.000211318 0.000610045 3.89013e-06 4.22722e-12 3.6863e-05 2.05093e-12 8.14224e-12 4.04156e-06 1.6634e-06 3.0557e-06 4.94156e-05 0.00609905 1.95564e-12 1.83086e-08 0.00119328 4.74801e-05 0.000156382 0.9913 
0.0216401 0.000590462 6.3838e-09 0.00034017 0.0280737 0.000146839 0.0041328 0.010372 0.000254171 0.0434393 3.51905e-05 0.0333602 0.00051048 0.000190948 0.00133701 6.00812e-05 0.00126041 0.00808099 0.0662714 2.79846e-05 0.000241725 0.000686514 0.0113325 0.764673 0.00294219 
1.42355e-05 0.286485 4.82887e-09 0.000670632 7.75673e-07 0.0893745 1.1211e-09 0.186585 3.2788e-06 1.63763e-05 1.87645e-07 1.87319e-06 7.26152e-06 3.99053e-09 2.94472e-09 0.259298 7.18972e-10 3.15792e-07 7.55593e-10 9.58465e-10 2.95878e-09 0.135401 0.0260556 0.0160837 2.89253e-06 
1.20226e-05 1.08023e-09 9.85277e-12 6.6419e-05 0.000100521 9.8969e-05 5.98715e-06 0.000211318 0.000610045 3.89013e-06 4.22722e-12 3.6863e-05 2.05093e-12 8.14224e-12 4.04156e-06 1.6634e-06 3.0557e-06 4.94156e-05 0.00609905 1.95564e-12 1.83086e-08 0.00119328 4.74801e-05 0.000156382 0.9913 
5.82915e-08 1.89623e-11 2.3022e-11 0.000820304 0.719009 9.64949e-05 0.150847 0.000686994 2.5046e-07 4.28728e-07 9.87735e-12 5.67383e-05 1.92173e-07 6.08997e-08 0.124688 3.07454e-11 4.76493e-08 0.000414915 0.000755303 4.56957e-12 1.97628e-08 0.00214958 1.18593e-07 0.000474543 1.31925e-11 
0.00243107 1.102e-08 1.33793e-08 1.52349e-09 0.0140782 0.000921353 0.0125133 0.94586 4.99693e-06 3.24419e-09 2.1392e-06 1.19574e-05 2.32139e-06 1.61652e-05 0.00117652 1.17242e-05 3.46541e-05 0.00440498 1.34041e-06 2.65562e-09 8.19789e-09 0.000229595 0.0178255 3.10021e-06 0.000471347 
0.027977 0.000203656 1.20942e-07 2.45742e-05 1.8719e-05 1.08834e-08 4.17567e-05 0.686239 3.06694e-08 0.0613494 0.000125036 9.05676e-05 2.5175e-08 9.99452e-08 7.37523e-08 1.61515e-07 0.00125068 2.93052e-07 2.06725e-05 2.40053e-08 0.000903474 0.00392365 0.000141825 0.217689 6.93043e-08 
5.82915e-08 1.89623e-11 2.3022e-11 0.000820304 0.719009 9.64949e-05 0.150847 0.000686994 2.5046e-07 4.28728e-07 9.87735e-12 5.67383e-05 1.92173e-07 6.08997e-08 0.124688 3.07454e-11 4.76493e-08 0.000414915 0.000755303 4.56957e-12 1.97628e-08 0.00214958 1.18593e-07 0.000474543 1.31925e-11 
0.00307753 5.76526e-08 2.03321e-08 9.30032e-05 0.5559 0.00140036 0.0603157 0.0344392 0.00036302 1.0068e-10 0.0171995 6.7273e-11 0.00629895 0.186734 2.53203e-10 4.81467e-06 0.00100463 0.130188 7.90345e-07 8.2414e-11 1.16787e-07 0.00144649 1.38254e-05 0.00151936 1.44983e-07 
1.8993e-07 7.00018e-07 8.75994e-09 7.11642e-07 2.28468e-06 0.791931 0.00263101 4.30126e-06 4.92921e-07 7.799e-07 3.62766e-07 3.24884e-08 9.07189e-12 3.60155e-11 1.67437e-06 2.27047e-07 6.48891e-12 1.42353e-06 3.72273e-06 8.6504e-12 2.406e-08 0.0133999 0.19202 1.41165e-06 2.4974e-11 
1.8993e-07 7.00018e-07 8.75994e-09 7.11642e-07 2.28468e-06 0.791931 0.00263101 4.30126e-06 4.92921e-07 7.799e-07 3.62766e-07 3.24884e-08 9.07189e-12 3.60155e-11 1.67437e-06 2.27047e-07 6.48891e-12 1.42353e-06 3.72273e-06 8.6504e-12 2.406e-08 0.0133999 0.19202 1.41165e-06 2.4974e-11 
1.20226e-05 1.08023e-09 9.85277e-12 6.6419e-05 0.000100521 9.8969e-05 5.98715e-06 0.000211318 0.000610045 3.89013e-06 4.22722e-12 3.6863e-05 2.05093e-12 8.14224e-12 4.04156e-06 1.6634e-06 3.0557e-06 4.94156e-05 0.00609905 1.95564e-12 1.83086e-08 0.00119328 4.74801e-05 0.000156382 0.9913 
0.000860196 6.71193e-05 2.8172e-10 0.00163933 0.00407441 0.267792 0.00103455 0.229923 0.000103194 0.00345211 1.1569e-08 5.64326e-06 3.67437e-05 9.39512e-09 5.3394e-08 7.24332e-09 0.00197786 4.53942e-08 0.0122525 4.57844e-09 7.68691e-10 0.0292818 0.442634 0.00486451 8.86658e-09 
0.0966237 3.45642e-09 4.19643e-09 9.12728e-06 1.73579e-06 2.64719e-07 9.7427e-10 3.09128e-06 1.06417e-09 1.01754e-09 1.80043e-09 3.06028e-06 8.7352e-10 3.46789e-09 1.53568e-05 5.60423e-09 9.68514e-06 2.52309e-07 6.56633e-10 8.32935e-10 3.16291e-05 1.06348e-06 1.27611e-06 0.903298 2.16665e-06 
0.0143639 1.95037e-07 8.73973e-11 0.0932221 0.491206 6.383e-08 0.114362 0.0266368 0.00359314 1.05037e-06 0.000534356 0.000302079 4.71391e-07 2.10852e-07 8.88227e-06 0.0143479 0.00268898 0.00327906 0.000418686 6.26616e-08 5.09684e-05 0.00250902 0.00437868 0.228095 4.47669e-07 
2.19404e-06 9.22909e-09 7.40295e-08 0.132432 0.00545025 3.06372e-05 2.60143e-09 0.0816332 7.51621e-07 2.71697e-09 0.00284741 1.9358e-06 0.00936766 9.25972e-09 0.00185744 4.54559e-06 0.000107591 0.0048707 3.57451e-05 2.22405e-09 6.86562e-09 4.5543e-06 1.70841e-05 0.761293 4.26416e-05 
5.82915e-08 1.89623e-11 2.3022e-11 0.000820304 0.719009 9.64949e-05 0.150847 0.000686994 2.5046e-07 4.28728e-07 9.87735e-12 5.67383e-05 1.92173e-07 6.08997e-08 0.124688 3.07454e-11 4.76493e-08 0.000414915 0.000755303 4.56957e-12 1.97628e-08 0.00214958 1.18593e-07 0.000474543 1.31925e-11 
1.27859e-07 0.0598101 5.15923e-10 2.53996e-07 0.266279 0.000497089 0.0333617 0.00978148 0.00040898 0.000290451 9.85436e-05 0.000473536 4.36515e-06 4.26353e-10 0.00160094 9.24067e-06 0.000205574 0.0177003 0.000681301 8.05826e-08 0.000167603 1.17147e-06 0.00692311 0.601705 1.43891e-07 
7.03276e-07 1.86181e-05 1.0136e-09 6.68798e-07 0.0912298 2.83767e-07 0.000816954 0.153541 0.000136956 0.00414284 0.000498503 8.60457e-05 4.72666e-07 8.37632e-10 0.0017545 4.11739e-05 0.00796876 0.000218535 1.29399e-06 2.01187e-10 6.21062e-10 3.15336e-06 0.0676059 0.671934 5.80833e-10 
1.58121e-06 0.369671 8.60312e-10 1.41135e-06 0.125246 0.0105429 0.000334812 0.322878 0.000165386 0.00650024 3.69107e-10 2.75658e-07 1.79081e-10 1.66801e-06 2.76882e-06 1.14893e-09 1.28092e-10 1.66723e-07 0.00788548 1.7076e-10 4.17306e-07 0.00428836 0.102635 0.0498446 4.92991e-10 
4.86603e-08 0.133101 2.21741e-11 0.000813044 0.099604 0.000808029 0.00319248 0.0575706 0.000750061 0.00168356 0.00105639 0.000502587 2.56547e-05 1.83245e-11 0.00230237 0.000123243 9.81425e-08 0.00482824 1.59246e-07 3.06419e-08 8.2255e-08 0.0143101 0.0328054 0.646523 5.46769e-08 
0.0108233 0.486297 2.55891e-08 0.0001353 0.116452 0.00154095 0.0172704 0.00955405 2.43817e-05 0.0013792 6.87579e-06 0.000125921 0.000356246 0.000215256 1.57186e-05 6.23159e-06 0.00419696 0.00587266 0.238011 3.09459e-06 0.000341892 0.00205157 0.00470123 0.100614 5.52705e-06 
0.00113211 1.32589e-06 8.05173e-07 7.7829e-08 9.6481e-05 0.00036544 0.000102411 0.0405931 6.602e-05 0.000348003 1.45129e-06 0.00144153 1.88876e-06 4.77054e-10 2.05201e-05 6.95644e-07 0.207185 2.31044e-07 1.27113e-06 1.14581e-10 6.36252e-06 0.00498099 0.108328 0.635326 3.30801e-10 
0.00549236 0.000128304 9.51573e-10 0.00384356 0.0355942 0.00538314 0.000962303 0.083704 0.00113806 0.00398302 0.000455109 0.000383541 0.0003435 7.8637e-10 0.00253381 6.84124e-05 0.000307566 0.00274197 2.50458e-06 4.8203e-07 9.10969e-05 0.00894752 0.0385116 0.805383 8.6026e-07 
0.0460342 6.65597e-06 3.82061e-08 7.04933e-06 0.0367846 0.000765837 8.87018e-09 0.823853 0.000957924 0.0332294 8.38362e-05 1.07448e-06 4.74304e-06 3.15732e-08 0.000500353 0.000255452 1.08557e-06 5.20525e-07 8.72549e-06 7.58341e-09 3.6745e-05 9.79563e-07 3.65285e-06 0.0574637 2.18936e-08 
0.025504 9.7648e-08 6.10897e-08 0.0233382 0.0246467 0.0930146 0.0286337 0.0427686 0.0083355 0.000843304 0.00366465 9.62281e-06 0.00939258 0.000101455 0.0441223 1.56964e-05 0.157091 0.0005639 0.0220521 4.31356e-08 9.79372e-07 0.0261407 0.401071 0.0878035 0.000885658 
0.0538369 0.0117203 9.52455e-07 0.000458 0.0156008 0.00152199 0.000132829 0.0215791 0.000572902 0.00120496 0.000738746 0.00209484 0.000440354 1.16325e-05 0.000971378 2.56015e-05 0.00976418 0.0506637 0.00118635 9.04829e-06 2.1625e-05 0.0102503 0.0309139 0.785869 0.000410275 
0.0144907 0.000113375 1.78107e-07 0.000857509 0.185637 1.19721e-05 0.0544388 0.0637119 4.81489e-05 0.0029753 2.8413e-05 3.76176e-06 0.000437194 1.38647e-05 1.08613e-07 2.37858e-07 0.469419 0.0200396 7.9591e-06 3.53519e-08 7.32044e-06 1.49573e-06 1.09048e-05 0.187741 4.06284e-06 
0.00789136 0.00098722 1.29304e-05 0.00480712 0.166549 0.0217258 0.000123588 0.00511074 0.000232439 0.00834171 0.000561356 0.000281169 0.000183379 0.000105194 0.0253476 2.90418e-05 0.014351 0.000322813 3.3021e-05 2.61798e-06 0.000104075 0.346523 0.0204078 0.374016 0.00194925 
5.82915e-08 1.89623e-11 2.3022e-11 0.000820304 0.719009 9.64949e-05 0.150847 0.000686994 2.5046e-07 4.28728e-07 9.87735e-12 5.67383e-05 1.92173e-07 6.08997e-08 0.124688 3.07454e-11 4.76493e-08 0.000414915 0.000755303 4.56957e-12 1.97628e-08 0.00214958 1.18593e-07 0.000474543 1.31925e-11 
0.00288143 5.27162e-07 8.52759e-06 0.0150817 0.0717323 0.0303382 0.0285061 0.473732 0.00403944 0.00223398 4.42585e-10 3.10191e-05 0.0016031 4.41259e-07 3.65128e-05 3.31013e-07 0.000112464 0.00292005 0.0589786 2.56301e-07 4.7126e-08 0.110623 0.190491 0.00652877 0.000120514 
0.0520505 9.05973e-09 2.05265e-05 5.11943e-06 3.14375e-06 9.81993e-06 2.55369e-09 0.292216 3.88481e-06 6.6631e-06 5.6369e-07 3.62449e-05 2.28961e-09 4.95396e-06 2.66223e-05 5.9594e-06 0.00723284 1.10039e-09 8.5639e-06 2.18323e-09 6.73963e-09 3.78587e-05 0.0130301 0.6353 6.30307e-09 
0.0112505 0.000295062 5.40943e-10 0.0171305 0.00233731 3.54844e-06 6.32974e-05 0.0472594 0.00102771 0.00252604 0.000530048 4.7769e-05 0.00144931 2.25044e-07 0.0516588 5.37918e-06 0.0342952 4.03074e-05 5.60263e-07 2.0448e-07 9.57933e-06 0.0127711 0.188884 0.628291 0.000122823 
0.00660712 2.31296e-06 4.07974e-09 5.56204e-06 0.00441462 0.00244003 3.64606e-05 0.00417754 1.03457e-09 1.52639e-05 1.75037e-09 6.47241e-05 8.97653e-05 1.17131e-06 0.000897686 3.44739e-06 0.375922 0.00156998 0.000133469 8.09773e-10 5.57632e-06 0.0056081 0.00264168 0.595348 1.62041e-05 
2.19404e-06 9.22909e-09 7.40295e-08 0.132432 0.00545025 3.06372e-05 2.60143e-09 0.0816332 7.51621e-07 2.71697e-09 0.00284741 1.9358e-06 0.00936766 9.25972e-09 0.00185744 4.54559e-06 0.000107591 0.0048707 3.57451e-05 2.22405e-09 6.86562e-09 4.5543e-06 1.70841e-05 0.761293 4.26416e-05 
0.126796 3.0185e-06 1.6629e-08 0.00188587 0.0153038 0.000365464 0.000950926 0.0117741 2.15968e-07 5.10497e-07 0.00316492 0.00409492 0.000707278 3.70884e-07 3.16219e-05 0.000113754 0.277349 0.0102475 0.00194371 6.98903e-08 0.325523 0.00328987 0.0471794 0.16923 4.42681e-05 
0.05894 0.0684811 1.8868e-06 0.00321901 0.0887801 0.00831849 0.00295977 0.0178759 0.00214879 0.0341709 0.000447402 0.00421035 0.000282228 0.000876521 0.0237137 0.000142119 0.00344164 0.10523 0.093069 6.34412e-07 5.87975e-05 0.00498282 0.186031 0.283836 0.00878138 
0.0167882 0.00709978 2.74725e-08 0.00315901 0.324807 0.00928142 6.37818e-09 0.245006 0.0372591 0.0547885 1.22057e-05 4.45112e-09 0.110179 7.21065e-05 7.48725e-05 0.00015704 4.08821e-05 0.00151664 2.99548e-05 5.45292e-09 3.84803e-06 5.16293e-06 0.172176 0.0175375 6.04177e-06 
0.0391988 2.78731e-05 1.12984e-07 1.28654e-08 1.38396e-05 8.21336e-05 3.45047e-06 0.000707103 1.65123e-06 3.16358e-05 4.84747e-08 0.000159891 0.00117425 8.84446e-06 0.0653129 5.07513e-06 0.00558386 6.65933e-06 1.29824e-05 4.39516e-08 6.17783e-05 0.0326208 8.83177e-05 0.854893 4.89999e-06 
4.86603e-08 0.133101 2.21741e-11 0.000813044 0.099604 0.000808029 0.00319248 0.0575706 0.000750061 0.00168356 0.00105639 0.000502587 2.56547e-05 1.83245e-11 0.00230237 0.000123243 9.81425e-08 0.00482824 1.59246e-07 3.06419e-08 8.2255e-08 0.0143101 0.0328054 0.646523 5.46769e-08 
0.0024435 2.99872e-06 1.25499e-09 1.42904e-10 3.08221e-05 1.12935e-10 9.8485e-06 0.0110642 6.00541e-05 1.32072e-05 5.3844e-10 1.60655e-06 2.61236e-10 1.03711e-09 1.07917e-05 1.67601e-09 3.9989e-06 2.64924e-06 1.35107e-05 2.49099e-10 7.68967e-10 1.17437e-05 5.70716e-06 0.466532 0.519794 
5.12023e-05 6.51871e-10 6.03161e-13 3.60021e-06 7.5062e-05 2.33958e-05 4.11123e-09 1.73537e-05 1.92684e-05 2.32972e-05 2.58779e-13 4.92829e-05 1.25553e-13 4.98446e-13 8.63209e-11 4.61748e-07 3.88233e-06 4.82898e-05 0.00493572 1.19719e-13 1.02767e-07 0.000255537 6.30698e-06 1.2663e-06 0.994486 
0.000595806 0.000132898 5.83514e-05 0.00113499 0.0623795 0.103596 0.00967528 0.0585489 0.0151287 0.00319468 0.000876862 0.000132461 1.22769e-05 4.70778e-07 0.000240092 4.71243e-05 0.00228285 0.00158633 0.536764 1.19356e-05 1.50666e-05 0.0075888 0.174345 0.0216267 2.55948e-05 
1.20226e-05 1.08023e-09 9.85277e-12 6.6419e-05 0.000100521 9.8969e-05 5.98715e-06 0.000211318 0.000610045 3.89013e-06 4.22722e-12 3.6863e-05 2.05093e-12 8.14224e-12 4.04156e-06 1.6634e-06 3.0557e-06 4.94156e-05 0.00609905 1.95564e-12 1.83086e-08 0.00119328 4.74801e-05 0.000156382 0.9913 
0.0766587 0.00145609 4.8434e-07 0.000145549 0.0107029 0.00339462 0.0269612 0.0121721 0.000397449 0.602467 0.000324239 0.000162375 0.0806328 4.29042e-05 2.95359e-07 4.47322e-05 0.0134593 0.00356599 0.00123838 4.54482e-06 0.000420082 0.0133584 0.00159973 0.150631 0.000158551 
5.12023e-05 6.51871e-10 6.03161e-13 3.60021e-06 7.5062e-05 2.33958e-05 4.11123e-09 1.73537e-05 1.92684e-05 2.32972e-05 2.58779e-13 4.92829e-05 1.25553e-13 4.98446e-13 8.63209e-11 4.61748e-07 3.88233e-06 4.82898e-05 0.00493572 1.19719e-13 1.02767e-07 0.000255537 6.30698e-06 1.2663e-06 0.994486 
0.0436127 4.85882e-05 1.18388e-08 0.00228606 0.0307864 0.0553991 0.0398034 0.0920391 0.00204168 0.0058994 5.3422e-05 1.24443e-06 0.00704181 6.14464e-05 0.000113964 5.7338e-05 0.202545 0.00280203 0.00577768 2.77785e-08 1.01171e-08 0.113134 0.377131 0.0191272 0.000237144 
0.00241055 3.34811e-05 0.000128708 0.000348574 0.420279 0.00189566 0.0355013 0.0105881 0.398415 0.00232368 7.54691e-09 1.58886e-05 5.84943e-08 8.4246e-11 3.87118e-07 1.35474e-06 4.89417e-05 6.27321e-05 0.0097335 2.02346e-11 1.19977e-08 0.0637265 0.0159677 0.0255721 0.0129464 
4.86603e-08 0.133101 2.21741e-11 0.000813044 0.099604 0.000808029 0.00319248 0.0575706 0.000750061 0.00168356 0.00105639 0.000502587 2.56547e-05 1.83245e-11 0.00230237 0.000123243 9.81425e-08 0.00482824 1.59246e-07 3.06419e-08 8.2255e-08 0.0143101 0.0328054 0.646523 5.46769e-08 
0.00557673 0.000919666 1.18982e-07 0.000598511 0.325633 0.0159325 0.00585594 0.0201051 0.00279536 0.0018274 0.00131321 6.46354e-05 0.000564618 0.000266479 0.000953949 3.43852e-05 0.00188468 0.017457 0.0112321 6.06989e-05 8.55856e-05 0.00681134 0.0969818 0.466603 0.0164421 
0.000172462 1.46175e-08 5.19565e-12 4.00455e-09 0.0038332 4.6755e-13 1.83444e-08 2.03001e-09 1.66684e-08 3.10929e-08 2.22914e-12 2.78316e-08 1.08152e-12 4.29363e-12 3.16839e-12 2.16091e-09 3.723e-09 0.824628 2.48275e-07 1.03127e-12 3.18352e-12 2.59304e-08 3.87716e-05 1.54713e-08 0.171327 
0.0155759 5.12021e-08 2.9856e-08 0.000852864 5.86101e-05 3.35325e-08 8.22307e-05 0.00235063 0.000410203 2.16535e-08 0.00164289 0.000214908 0.000364347 2.16552e-09 0.000568887 4.40454e-11 0.6569 6.08636e-09 0.000885235 6.54629e-12 0.227425 0.00184294 0.0236483 0.0671628 1.41328e-05 
0.0134695 2.6614e-06 7.55475e-08 0.0121532 0.240974 0.00484949 0.00421226 0.034087 0.424211 0.075728 0.00464265 9.4628e-07 0.000168094 4.3889e-06 0.000813291 0.00010107 2.93546e-05 0.00141671 1.74243e-05 3.83171e-07 3.97203e-09 0.00601934 0.00106474 0.175249 0.000786219 
0.0032038 0.0379678 3.5586e-08 5.956e-05 0.0668717 0.534647 0.0743974 0.00193054 8.3698e-08 9.79706e-05 0.00055229 1.79784e-05 2.53179e-05 4.48351e-09 2.89172e-08 0.000136654 0.00755856 0.0798956 0.00333796 2.31317e-08 6.20945e-08 0.108207 0.0396811 0.0414122 4.12749e-08 
0.0794325 0.111549 1.72881e-05 0.00568242 0.0796545 0.0140088 0.00179742 0.0552972 0.00233555 0.018012 0.000935815 0.000503976 0.00427708 1.33521e-07 0.00448281 0.000313095 0.00110798 0.039836 0.00176338 8.48351e-05 9.42125e-05 0.00612574 0.120809 0.451775 0.000104494 
5.82915e-08 1.89623e-11 2.3022e-11 0.000820304 0.719009 9.64949e-05 0.150847 0.000686994 2.5046e-07 4.28728e-07 9.87735e-12 5.67383e-05 1.92173e-07 6.08997e-08 0.124688 3.07454e-11 4.76493e-08 0.000414915 0.000755303 4.56957e-12 1.97628e-08 0.00214958 1.18593e-07 0.000474543 1.31925e-11 
2.10654e-05 8.01123e-10 1.51855e-12 2.54955e-06 3.24209e-06 1.64721e-09 3.52556e-13 9.36117e-08 2.62621e-08 4.16697e-06 6.51516e-13 2.79515e-05 3.16098e-13 1.25491e-12 5.198e-07 3.50213e-09 1.09851e-05 5.91201e-05 0.00223359 3.01411e-13 1.75324e-10 9.41955e-05 1.25186e-05 1.87785e-05 0.997511 
0.0167749 0.342212 4.58171e-07 0.00578742 0.21122 0.0249703 0.00501841 0.0102564 0.00325932 0.00202722 5.33227e-09 0.000521456 6.6426e-05 4.65348e-09 6.71438e-06 7.39394e-06 8.42768e-06 0.0154543 0.0039614 2.3998e-09 8.79721e-05 0.0339109 0.221338 0.101417 0.0016939 
0.0012457 0.004205 1.8953e-10 2.15815e-11 0.00113002 0.000832097 8.84658e-06 0.00204801 8.44104e-08 0.00265291 1.37755e-07 0.00298678 2.0429e-05 1.47806e-07 6.33135e-05 6.4542e-06 0.0262902 1.22873e-06 5.41734e-07 1.21676e-09 0.571217 0.000690398 0.00168889 0.384883 2.89755e-05 
0.000684334 6.77959e-13 8.23108e-13 1.3439e-05 5.99971e-05 0.0143383 0.000161681 0.00112122 2.08731e-13 5.6705e-05 3.53146e-13 1.18705e-09 0.000459426 8.1108e-07 5.01945e-13 1.58621e-06 0.958657 1.00469e-09 1.22008e-07 1.63376e-13 9.234e-06 0.00306737 0.0156165 0.00575196 1.4811e-08 
0.00482921 0.0263451 2.14992e-07 0.00125716 0.00519395 0.000867899 0.000864965 0.000692377 0.000661792 0.00186013 6.24082e-08 0.00111538 0.000143854 0.000162411 0.000758972 2.16586e-07 3.60713e-05 2.01766e-06 0.000156237 8.78402e-08 3.05507e-05 7.98456e-08 0.00299782 0.951957 6.59776e-05 
0.0593713 1.68767e-09 2.049e-09 0.0932523 0.324351 0.00493416 0.00883806 0.185573 5.24092e-07 0.0400971 4.16087e-06 6.48195e-07 1.72199e-06 8.22404e-07 1.24951e-09 2.73638e-09 0.115407 2.23757e-05 3.20615e-10 4.06698e-10 1.25547e-09 0.000824402 0.061923 0.105398 7.86177e-07 
0.070364 0.000388154 7.66419e-08 0.00497479 0.110241 0.00369886 0.0101997 0.0387582 0.00218546 0.00279462 1.42954e-05 3.98585e-07 0.000973941 3.37664e-05 0.109729 6.01074e-07 1.56535e-05 1.4282e-07 0.000364642 1.73925e-08 9.55499e-07 0.129732 0.0138756 0.49084 0.0108133 
1.88221e-08 9.7008e-12 1.17777e-11 1.05997e-05 0.159513 0.00295837 0.030382 0.000661228 0.806065 3.38642e-05 6.71839e-08 2.62107e-10 2.45162e-12 9.73298e-12 7.18224e-12 2.58402e-08 5.37332e-08 1.58147e-05 8.12218e-05 2.33772e-12 7.21652e-12 4.15158e-06 0.000218759 5.58404e-05 5.64343e-09 
0.00670203 0.000112885 3.49722e-08 0.000445429 0.00407436 0.0149336 0.000126603 0.0242017 0.000928731 0.00680976 5.29543e-05 0.00154125 0.00165281 6.474e-11 0.000576224 3.24559e-05 0.346604 0.00362283 0.00910379 1.55496e-11 0.0660351 0.00835445 0.100566 0.403317 0.00020554 
0.0426029 1.44368e-05 1.75277e-05 0.915403 0.000336208 0.00658535 4.06935e-06 0.000995594 0.00016957 0.000985432 7.52008e-06 0.000146021 3.64854e-06 1.44847e-05 1.06887e-05 0.000270454 0.000861322 0.000122045 0.000927026 3.47902e-06 1.07397e-05 2.46639e-06 0.027693 0.0028029 1.00441e-05 
5.82915e-08 1.89623e-11 2.3022e-11 0.000820304 0.719009 9.64949e-05 0.150847 0.000686994 2.5046e-07 4.28728e-07 9.87735e-12 5.67383e-05 1.92173e-07 6.08997e-08 0.124688 3.07454e-11 4.76493e-08 0.000414915 0.000755303 4.56957e-12 1.97628e-08 0.00214958 1.18593e-07 0.000474543 1.31925e-11 
0.00183198 0.000454402 1.23573e-07 3.72945e-05 0.000836664 3.54246e-05 7.26122e-05 0.0041494 3.13367e-08 0.0026122 5.30178e-08 9.9855e-06 2.57228e-08 0.000295822 0.00601511 3.96786e-06 0.039266 1.394e-06 5.36055e-06 2.45277e-08 0.00102292 0.00126381 0.00954391 0.932536 5.45563e-06 
5.40784e-05 0.000778894 0.857189 1.87986e-07 0.00220424 0.000315674 0.000438714 0.00211812 0.0042795 0.000110925 7.083e-07 6.51936e-06 3.43648e-07 1.36429e-06 1.00674e-06 9.45139e-06 0.000138849 8.88956e-07 0.00252561 3.27681e-07 6.92233e-06 8.46167e-06 2.33726e-05 0.129361 0.000425978 
0.0032038 0.0379678 3.5586e-08 5.956e-05 0.0668717 0.534647 0.0743974 0.00193054 8.3698e-08 9.79706e-05 0.00055229 1.79784e-05 2.53179e-05 4.48351e-09 2.89172e-08 0.000136654 0.00755856 0.0798956 0.00333796 2.31317e-08 6.20945e-08 0.108207 0.0396811 0.0414122 4.12749e-08 
0.0870009 0.000271673 1.45732e-06 0.0149613 0.059464 1.039e-06 0.0356436 0.068407 0.0182399 0.000801076 0.000431875 0.000469008 0.00454052 2.04131e-08 0.00349592 0.000123371 0.14344 0.0428851 0.0034346 3.37755e-11 0.13009 0.00716849 0.0732049 0.304887 0.00103744 
0.26796 5.26581e-06 7.11585e-08 2.55155e-07 0.000577272 2.96079e-10 4.18389e-05 0.00064686 1.38276e-05 0.000110087 0.000152474 0.016593 0.00137419 1.40599e-06 0.00362445 1.02986e-06 8.63239e-05 0.00404371 7.13053e-05 1.12911e-07 0.0200062 0.000222928 9.0099e-05 0.684376 8.42195e-07 
0.000244225 4.45222e-07 3.11736e-10 0.000973657 0.769664 2.80527e-11 0.127497 0.00335192 0.062918 7.55891e-11 0.000576149 9.54873e-06 1.28654e-07 3.92809e-07 1.70413e-08 0.0165825 0.00145018 0.0112007 0.000103172 6.18755e-11 1.49027e-07 0.000156033 0.00434243 0.000928933 1.78637e-10 
5.82915e-08 1.89623e-11 2.3022e-11 0.000820304 0.719009 9.64949e-05 0.150847 0.000686994 2.5046e-07 4.28728e-07 9.87735e-12 5.67383e-05 1.92173e-07 6.08997e-08 0.124688 3.07454e-11 4.76493e-08 0.000414915 0.000755303 4.56957e-12 1.97628e-08 0.00214958 1.18593e-07 0.000474543 1.31925e-11 
