0.163461 1.47845e-05 2.4619e-09 0.0203379 0.00530372 0.0354547 8.66489e-06 0.0349103 0.012112 0.0118724 0.00102858 8.35228e-05 0.0171388 3.0784e-06 4.22305e-06 3.28781e-09 0.0129777 7.23403e-05 0.210421 0.37066 1.50847e-09 0.0383676 0.033945 0.0317281 9.39869e-05 
0.28944 2.6681e-05 1.2389e-10 0.0114186 0.0255617 0.12072 0.000365141 0.0141308 0.000802589 0.00514579 5.31536e-11 2.46079e-05 0.00143441 5.38683e-05 1.84181e-07 8.99001e-06 0.0197691 0.000203098 0.0616301 0.363548 7.0773e-07 0.00477596 0.0802396 0.000589222 0.000111362 
0.00763956 5.15708e-05 0.0404123 0.0180561 0.0942361 0.156392 0.0194959 0.19897 0.032209 0.0023115 0.00338339 3.25675e-05 0.000375719 0.000103483 0.00392731 6.58123e-05 0.000536705 0.000732376 0.00253216 0.235057 9.91001e-07 0.0122721 0.12627 0.0428477 0.00208922 
0.217851 7.7717e-06 2.72188e-05 0.0604451 0.0115537 0.00812117 0.000136583 0.0197626 0.00565005 0.124228 0.000652989 0.00161068 0.00920964 0.00193522 0.0137489 0.000186297 0.0056374 0.000161251 0.0139577 0.369563 3.45308e-06 0.0247161 0.0597948 0.00555084 0.045488 
0.0688282 0.000491368 0.00143982 0.0210236 0.0502138 0.0631456 0.00214508 0.0671773 0.00409049 0.037516 0.0532836 3.23751e-05 0.0496995 0.000153965 0.000552876 6.65366e-05 0.0363392 0.000633525 0.0251894 0.422845 1.98315e-06 0.00922358 0.0621157 0.0229111 0.000880844 
0.033929 0.000176262 0.0228753 0.0250195 0.00303919 0.0054357 0.0263429 0.00278738 0.0140846 0.000677381 0.0370893 1.44571e-07 0.000101163 0.00109801 0.00141741 2.21221e-05 0.00381555 9.75953e-05 0.00357849 0.711785 3.03143e-06 0.00683409 0.00661152 0.0923761 0.000803729 
0.103236 0.00138679 1.09871e-09 0.00305253 0.00424039 4.6172e-07 1.01824e-07 0.0156868 1.74252e-07 2.66945e-06 2.60767e-06 4.33392e-07 0.0138754 0.000388563 3.62103e-05 1.4673e-09 0.0123189 1.09916e-10 0.000321849 0.833655 9.55455e-07 0.00432555 0.00580646 0.00122624 0.000436005 
0.157667 0.00548236 8.35039e-10 0.0454198 0.0198928 0.0527618 0.000688466 0.122684 0.000103804 0.0372471 0.00158789 0.0344045 0.0065709 0.116947 5.00225e-07 8.08864e-08 0.00569929 0.0232421 0.00417929 0.224471 2.48762e-08 0.00825536 0.128926 0.00376972 1.05592e-07 
0.0759411 5.15356e-05 3.96906e-07 0.154366 0.0653142 0.0101715 0.000534456 0.0131885 0.00713027 0.011346 0.0109141 0.000616227 0.0259108 0.000293307 0.000508581 9.74007e-07 0.0236173 0.00309212 0.00207509 0.519424 4.10897e-06 0.0108046 0.0363692 0.0281982 0.000127336 
2.14228e-06 2.29979e-05 6.71841e-05 0.000430881 8.29509e-05 0.0002675 6.48248e-06 0.00151678 0.000471714 6.77039e-06 0.00121921 4.5239e-06 0.000174716 2.30742e-05 0.000591656 3.72888e-05 4.15728e-06 2.79331e-06 0.00014567 0.993151 1.71084e-05 3.92896e-06 0.000295924 0.00119764 0.000255988 
0.0102913 3.46554e-05 5.60454e-07 0.0112407 0.142631 0.00560388 0.00138005 0.00285921 0.00088131 1.98303e-05 0.00536867 1.52087e-05 0.00594487 3.79261e-05 0.00121777 0.00104891 0.00344086 0.0020617 0.000560264 0.750271 2.79982e-06 0.00854301 0.0386338 0.00679018 0.00112056 
0.235272 0.000631554 4.45262e-10 0.120957 0.0151075 0.00202599 0.000979431 0.00928277 0.00183008 0.00138429 0.0178476 8.65324e-07 0.04478 1.77175e-07 0.000531368 0.000203764 0.00491454 7.86475e-05 0.00509001 0.255263 5.05176e-08 0.0768518 0.202794 0.0038381 0.000334478 
0.000888367 6.73059e-05 0.00278483 0.000525258 0.000520307 0.000260753 0.000346754 0.00020769 0.000795951 0.000364984 0.000320406 3.52953e-05 8.09604e-09 0.000109313 0.00136856 5.19416e-08 5.79091e-09 0.000680922 6.08587e-09 0.989384 7.39006e-05 0.000176232 0.000152192 0.000863784 7.35714e-05 
0.0206764 0.000859918 2.08156e-08 0.134554 0.0239574 0.0413054 6.62034e-05 0.0467505 0.0052262 0.0179557 3.34774e-05 5.40976e-05 0.0609225 0.0302932 0.0054444 5.55682e-07 0.00151767 0.000461366 0.00238104 0.441847 0.0153333 0.00189783 0.0923646 0.0549598 0.00113802 
0.103364 0.000251358 4.49454e-10 0.0311294 0.0264731 0.00139483 2.20881e-07 0.0117891 0.0346109 0.116835 0.00617632 0.000837284 0.0163387 9.16012e-05 0.00479814 0.000274489 0.00805236 0.000402523 0.00901543 0.584221 2.09031e-06 0.00205598 0.013195 0.0285525 0.000138276 
0.0167167 0.16163 1.16189e-09 0.142783 0.0482446 0.0532878 0.0486995 0.0149627 0.000160809 0.0125223 0.0105312 1.88251e-10 0.0144118 9.60177e-10 0.000767127 3.5107e-05 0.00372161 0.000853485 1.19317e-05 0.408017 1.69004e-08 0.0380116 0.00955339 0.0146317 0.000446891 
0.0321676 3.38996e-05 4.04572e-10 0.0390282 0.0399764 0.0194722 0.000266135 0.0223426 2.42582e-05 0.0208255 0.00431495 0.000941351 0.0591421 6.8347e-06 6.08174e-05 4.43353e-06 0.196825 0.000347726 0.0253565 0.372089 2.20835e-08 0.00580152 0.156923 0.000107156 0.00394264 
0.122417 0.000276742 0.00140365 0.0304548 0.100741 0.0537194 0.0033617 0.0384345 0.00347024 0.0788246 0.000555883 0.000222784 0.00210739 0.000280142 0.0345234 0.000437239 0.0028622 0.0479867 0.0840489 0.269657 7.98972e-06 0.00519074 0.108413 0.00921725 0.0013856 
0.120252 5.85044e-05 0.13676 0.0387021 0.00215243 0.00230939 4.94222e-05 0.0020461 0.00102438 0.000602432 0.000767421 8.73676e-08 0.00231918 2.57563e-05 0.00232523 1.53043e-05 0.00173874 1.80274e-07 0.00125397 0.673805 1.12514e-07 0.00599171 0.00555581 0.00210824 0.000136957 
0.0493712 9.96226e-06 0.000743355 0.0615794 0.03587 0.0470972 0.000962028 0.0302063 0.00443789 0.00546249 0.0096052 0.00213037 0.00429684 0.000177029 0.000460196 1.11889e-05 0.00608462 0.0173636 0.0321023 0.62097 3.04354e-07 0.0275068 0.0385802 0.00487238 9.89185e-05 
0.131198 0.00124345 1.14459e-05 0.0255538 0.0428537 0.0362341 0.000872643 0.0327782 0.00238609 0.10074 0.00270624 0.00777298 0.00828508 0.000927072 0.000357717 0.000467525 0.0398726 0.00921826 0.114255 0.272363 0.00104911 0.031647 0.110723 0.0256601 0.000823431 
0.100056 3.0011e-05 3.4188e-10 0.0785761 0.0261023 0.0246834 0.0181926 0.00910764 0.00787581 0.00259573 0.00353248 2.76105e-05 0.00180145 1.71581e-05 0.0039184 4.15127e-05 0.0064795 0.00544928 0.033448 0.575656 1.21222e-06 0.013393 0.0613662 0.026736 0.000913026 
0.0102407 0.000976637 1.13219e-09 0.019345 0.00504631 0.212058 0.00691449 0.070641 0.000409179 0.00195639 0.000830831 0.000239403 0.0011661 0.0001914 0.000491499 4.23809e-06 0.0028966 1.46021e-05 0.0715359 0.453778 1.01028e-07 0.0118994 0.128823 0.000381317 0.000160293 
0.00363732 1.20014e-05 4.76904e-10 0.0322704 0.0349107 0.120724 0.000790157 0.0755737 0.000513004 0.00059971 0.0455112 5.78282e-05 0.0224815 3.33567e-05 0.00194779 7.66744e-07 0.0480833 0.0328945 0.00283993 0.375595 2.92212e-10 0.0133287 0.178193 0.0100016 1.43239e-07 
0.137849 0.00018766 0.00155599 0.161341 0.0468302 0.0656845 0.00121704 0.0336159 0.0041082 0.0660183 0.000369603 0.000101128 0.00639853 0.000201342 0.0236114 0.000193939 0.00454881 0.0184535 0.0459984 0.214836 3.59409e-06 0.00661171 0.152514 0.0071082 0.000641555 
0.0734053 0.000392982 0.00256874 0.0561111 0.037098 0.0132433 0.000486116 0.0216497 0.000119074 0.00386693 0.15828 0.000906064 0.0489888 0.000125333 5.23211e-05 7.11001e-06 0.0361799 0.00130323 0.00155996 0.337269 4.14918e-06 0.052048 0.141396 0.0128479 9.11745e-05 
0.0907926 3.70989e-07 7.02049e-10 0.0306281 0.0673245 0.110633 6.91165e-05 0.0287793 0.156754 0.0256593 1.56357e-07 1.13747e-10 0.00616201 5.80166e-10 4.28121e-10 9.37569e-10 0.0137183 3.8817e-08 0.0168545 0.330094 4.30164e-10 0.0419662 0.0794645 0.00109946 4.02301e-10 
0.250813 0.00168468 2.86868e-07 0.0352001 0.0122674 0.000737525 2.41383e-06 0.00632323 0.000168312 0.0242454 0.000567077 0.000116229 0.0410082 1.79281e-06 0.000397251 3.83106e-07 0.0338844 1.49058e-07 0.00166301 0.55615 1.75772e-07 0.00097984 0.000309429 0.0297113 0.00376859 
0.107457 0.00380583 8.14872e-11 0.0450455 8.26407e-06 0.00244265 4.52964e-05 0.00145671 1.46039e-05 0.00207027 0.000958297 7.92385e-05 0.00441938 1.41842e-05 0.00120835 1.08824e-10 0.00307005 5.60466e-06 0.0016561 0.769132 4.99294e-11 0.00934152 0.0469021 0.000770007 9.79408e-05 
0.0583699 1.4486e-05 2.84905e-08 0.0085188 0.0411376 0.0265149 0.00436526 0.0119754 0.00187371 0.000498375 0.0178036 0.010543 0.0439594 0.000498503 0.0035623 1.08929e-05 0.0153943 0.0324378 0.0663485 0.460067 6.07161e-07 0.11126 0.0841845 0.000569754 9.15041e-05 
0.111861 9.28315e-05 0.00392796 0.065238 0.0257541 0.0389691 0.000879334 0.0154375 0.0214775 0.01057 0.029176 0.00976633 0.0427824 0.00193805 6.76744e-05 9.67723e-07 0.0352658 0.000194139 0.0154452 0.486853 2.64934e-09 0.0361607 0.0470965 0.000999372 4.6443e-05 
0.0416024 0.00012015 0.00255098 0.161296 0.114092 0.0866484 0.12269 0.0363289 0.0172658 0.00124009 0.000610029 6.62304e-09 0.0268878 4.30209e-07 0.00588294 3.1446e-05 0.000208123 0.00058449 0.000521971 0.335706 3.00629e-06 0.00840293 0.00680237 0.0288789 0.00164606 
0.0304131 0.008893 5.55394e-09 0.0378259 0.0935207 0.0648167 0.0130647 0.212174 0.0499225 0.0211154 0.000690539 4.38203e-06 0.000973002 1.88627e-05 7.42934e-05 2.60795e-06 0.00222074 0.00413979 0.00840077 0.277919 1.26941e-06 0.00142312 0.166575 0.00580166 8.82215e-06 
0.0751716 3.07174e-05 0.000174707 0.00995962 0.0303058 0.120929 0.000570986 0.00548441 0.0002376 0.0070587 1.02172e-07 4.4901e-08 0.0178295 0.000104218 3.50036e-09 0.00232797 0.00269051 6.76606e-05 0.1615 0.317645 5.50981e-06 0.00440003 0.243481 4.0854e-08 2.53933e-05 
1.65506e-08 1.3234e-05 2.15715e-07 0.0128437 0.00852587 9.89218e-05 0.03241 0.000890298 7.50857e-05 8.2536e-05 6.58794e-07 0.00545758 0.00694588 1.28637e-06 1.91793e-05 1.7849e-05 1.00372e-06 2.81294e-07 0.00822587 0.923148 1.32175e-07 6.51162e-05 0.00108475 6.49423e-05 2.74762e-05 
0.00210124 7.78677e-07 2.9786e-08 0.0627673 0.0463688 0.0187823 0.00276883 0.348101 0.0116412 5.70845e-05 0.000473982 2.61273e-07 0.00221158 1.32163e-05 0.000147001 2.13553e-06 0.00103019 0.00085147 0.0106674 0.410037 3.47494e-09 0.0316768 0.0441248 0.00615903 1.65093e-05 
0.313642 3.80494e-05 0.000277146 0.0264119 0.025434 0.0256177 0.001411 0.0219572 0.00377613 0.0299293 0.00380274 0.00923384 0.00229471 0.0028059 0.00319624 1.882e-06 0.00984599 0.0031637 0.0196369 0.397272 1.58016e-06 0.0124192 0.0693387 0.0181795 0.000313601 
0.103236 0.00138679 1.09871e-09 0.00305253 0.00424039 4.6172e-07 1.01824e-07 0.0156868 1.74252e-07 2.66945e-06 2.60767e-06 4.33392e-07 0.0138754 0.000388563 3.62103e-05 1.4673e-09 0.0123189 1.09916e-10 0.000321849 0.833655 9.55455e-07 0.00432555 0.00580646 0.00122624 0.000436005 
0.0631484 5.86643e-05 4.99663e-07 0.0220374 0.0241188 0.0108027 4.61782e-05 0.00308504 0.00956978 0.01814 0.000453281 0.00929759 0.0426433 5.84206e-06 0.0442565 1.14674e-05 0.0151077 0.0114356 0.0019595 0.47975 1.28428e-05 0.0226778 0.128952 0.0923151 0.000114097 
0.000727268 0.000163253 9.8697e-08 0.00534774 0.0966782 0.012242 0.00350073 0.0397644 0.00465946 0.0409905 0.0206386 0.273261 0.00024199 5.6424e-06 0.00540721 7.76057e-06 0.000651546 0.000483144 0.123589 0.312516 5.38179e-09 0.0440644 0.0100499 0.00437384 0.000635782 
0.103846 4.85793e-05 1.23326e-09 0.00609586 0.0234494 0.0613106 0.000985 0.00278735 0.000989802 0.00136227 0.27482 9.01395e-06 0.00846886 7.97258e-05 0.00298694 5.52975e-07 0.0235481 8.93299e-05 0.00624083 0.376203 9.5499e-09 0.0739153 0.0323095 0.000431688 2.24477e-05 
0.0582436 0.000409765 1.77608e-07 0.060275 0.00617099 0.0205215 0.00118523 0.0102784 0.00294257 0.00783629 0.00897844 0.00700077 0.00714594 0.0633956 0.00074459 9.7537e-06 0.0013493 0.000946158 0.00782886 0.677858 1.34279e-05 0.0195857 0.0315288 0.00561349 0.000138029 
0.0117741 0.00379865 9.71797e-07 0.10132 0.0163774 0.0266899 0.0129002 0.0324118 0.000857074 0.00608645 0.000667588 0.000651011 0.00723534 2.6335e-06 0.0188938 4.79941e-05 0.00433408 0.00491211 0.0360762 0.606349 2.60088e-06 0.0174162 0.0713489 0.0163791 0.00346705 
0.0083339 0.0149689 1.24439e-07 0.107935 0.0683552 0.0997391 0.0345714 0.071027 0.00547701 0.000155704 0.0043083 4.5049e-05 0.00683511 2.60883e-07 0.00881073 1.1887e-05 0.0254207 0.00716863 0.0512699 0.202656 4.15684e-05 0.0475127 0.120138 0.115175 4.26385e-05 
0.135077 6.58187e-07 1.62358e-07 0.0358628 0.0256309 0.0243033 0.0018769 0.00967853 0.0288016 0.00374556 0.000508459 1.67452e-08 1.21284e-06 0.00261259 0.000105037 6.283e-07 0.00704191 2.92378e-06 0.002695 0.61205 7.48245e-08 0.107742 3.29206e-06 0.00225852 4.63566e-07 
0.00754504 0.00397731 1.17611e-08 0.0242208 0.021406 0.00765988 0.000466234 0.0270108 0.00398341 0.00344693 0.0127446 3.60815e-06 8.40219e-06 1.8077e-07 0.00110548 1.89693e-07 0.346746 2.2987e-07 0.0116078 0.463573 9.2175e-05 0.00224837 0.0088914 0.0530921 0.000170407 
0.160839 9.8007e-06 4.23423e-07 0.076333 0.0607891 0.0197518 0.00100503 0.0063439 0.00983749 0.00127848 0.0678637 2.88558e-05 0.135231 9.40268e-05 0.000835848 4.34582e-09 0.00955922 0.000235605 0.00513859 0.33688 2.84977e-07 0.0298112 0.0450947 0.0329444 9.48534e-05 
0.136667 0.00130819 0.000720156 0.0172313 0.0018466 0.0451808 1.71431e-05 0.00415161 7.70661e-07 0.00713799 0.00139295 0.00324829 0.02855 5.77389e-06 3.41898e-07 8.78781e-06 0.00484535 8.81158e-09 0.00602767 0.687556 1.55022e-08 0.0331446 0.020146 0.000809931 3.20071e-06 
0.104896 0.00012662 0.00204404 0.0514759 0.044417 0.00655072 0.00393163 0.00266683 0.00282919 0.0222167 0.0275879 1.36997e-05 0.00339254 0.000610281 0.00749321 1.94983e-07 0.00233221 0.00524632 0.00275504 0.59949 0.00692263 0.00799562 0.0269854 0.0661691 0.0018504 
0.000711966 5.58448e-08 1.66977e-10 0.00522925 0.0774002 0.0140724 0.00218068 0.00360079 0.000140323 0.000510514 0.00693553 0.00240515 0.0137717 1.72313e-06 0.000154556 2.46469e-06 0.00148885 0.000125347 0.00849318 0.843296 1.3613e-06 0.0115759 0.00492343 2.6755e-05 0.00295181 
0.0093494 0.0132596 0.0171932 0.000111215 0.000203084 0.036662 0.00180543 0.0219119 0.0633285 0.00013171 0.00541574 1.22785e-05 0.000875114 0.000465954 0.00222508 6.01649e-06 0.00623198 2.09078e-05 0.00137219 0.768584 7.05623e-06 0.000724096 0.000574245 0.0494032 0.000126275 
0.167496 6.64403e-05 4.31093e-08 0.0440697 0.0282572 0.0325617 0.000371319 0.0049302 0.00903556 0.0389177 0.000269466 5.23082e-07 0.00463199 0.00779854 0.000144908 2.83208e-06 0.000719521 6.87179e-05 0.00702429 0.633592 2.10506e-06 0.0120744 0.00455849 0.00336876 3.73533e-05 
0.048735 0.0024929 1.54141e-09 0.0580786 0.080245 0.00096888 0.00034718 0.0227351 0.0050932 0.217875 0.00267503 5.45436e-05 0.00649868 0.000428347 0.000629339 3.82377e-06 0.00358727 0.0135088 0.130153 0.333257 0.000333321 0.0102419 0.01043 0.0421556 0.00947296 
0.155532 6.19637e-07 1.92678e-09 0.138441 3.2839e-06 0.00877655 1.02445e-06 0.0226215 0.105802 0.00296042 8.26662e-10 3.12178e-10 0.0368304 1.59227e-09 1.17498e-09 2.57316e-09 0.0241443 1.92756e-10 3.01491e-10 0.265252 1.18059e-09 1.05391e-06 0.0362607 0.203372 1.10412e-09 
0.0157942 1.45948e-06 2.66771e-07 0.268534 0.0233769 0.0221973 6.42557e-05 0.00763426 0.00287771 0.0682326 0.00111396 4.89947e-05 0.00180414 4.0648e-08 0.00438364 1.24469e-06 0.0191318 3.99009e-05 0.00467599 0.381607 0.00264586 0.0578125 0.011871 0.105492 0.000658646 
1.38877e-05 1.38653e-05 1.386e-05 1.38866e-05 1.38884e-05 1.38873e-05 1.3883e-05 1.38863e-05 1.38824e-05 1.38827e-05 1.38771e-05 1.38851e-05 1.38837e-05 1.38652e-05 1.38717e-05 1.385e-05 1.38855e-05 1.3887e-05 1.38853e-05 0.973284 1.38716e-05 1.38858e-05 1.38886e-05 0.0263966 1.38729e-05 
0.00360536 2.31652e-05 8.98785e-08 0.02189 0.0868753 0.0437002 0.00364542 0.065541 0.00431284 0.00209693 0.0200881 0.0043766 0.0154631 7.63819e-06 0.0213043 1.00529e-05 0.017285 0.000341451 0.0204712 0.587382 1.54353e-11 0.010414 0.0657071 0.00214491 0.00331376 
0.000330106 5.65442e-10 6.86502e-10 0.000581094 0.000503842 0.00239624 3.99805e-08 0.00560065 0.00022931 1.83161e-07 0.0016172 1.04085e-08 3.2206e-07 5.67318e-10 4.1864e-10 3.16859e-08 3.21885e-05 6.86783e-11 1.46824e-07 0.980395 4.20638e-10 0.00788537 0.000341244 8.6606e-05 2.4319e-07 
0.130706 2.76564e-05 8.96525e-09 0.0280484 0.016545 0.00473881 0.00367952 0.021529 0.000215137 0.00157837 0.115606 0.000859799 0.0103946 0.00054998 0.000244165 3.38682e-05 0.0399879 8.06357e-05 0.0086373 0.472412 3.21045e-06 0.0109475 0.0844166 0.047937 0.000821491 
0.0865097 0.0001735 2.71677e-09 0.0204516 0.00800662 0.0464542 0.000260161 0.0168327 0.00124426 0.00590911 0.00241779 0.00139882 0.00910912 0.000309927 4.91893e-05 3.82611e-07 0.0102789 0.000517195 0.109441 0.607681 3.57688e-08 0.00442478 0.0506913 0.0177781 6.05621e-05 
0.0277619 1.14209e-09 1.38661e-09 0.0937964 0.00704029 0.000555023 9.12534e-06 0.00479759 0.000624926 0.000998367 0.00203122 5.78971e-08 0.0767842 0.000112473 0.00152562 7.0036e-05 0.0105829 0.025396 0.0249807 0.497841 1.3746e-06 0.0347503 0.175406 0.0133236 0.00161109 
0.0164886 0.00173608 1.72595e-10 0.00302356 0.0329912 0.0586517 0.000462084 0.00993684 0.000888844 0.00142795 0.0190043 2.77559e-06 0.0196165 1.95184e-08 3.76581e-05 4.16052e-05 0.234249 8.44781e-06 0.00173868 0.358324 8.18035e-06 0.00896013 0.222347 0.00925056 0.000805101 
0.108899 0.00243622 2.05652e-07 0.0363859 0.101371 0.0615382 0.00684998 0.0495229 0.00674812 0.0360238 0.00642018 0.00582273 0.0176573 0.000583538 0.000338846 0.000533977 0.0170392 0.00756818 0.0224194 0.274132 2.43726e-06 0.0479362 0.17831 0.0110056 0.000454563 
0.0299905 0.000238273 1.49059e-07 0.247376 0.13978 0.0891229 0.000196735 0.0149667 0.01438 0.0108618 0.00753803 7.28276e-05 0.00190512 0.119984 0.00388243 1.11949e-06 0.00030857 3.92863e-05 0.00384601 0.25814 2.30054e-07 0.0409908 0.0135402 0.00270952 0.000130259 
0.155192 0.00092655 0.00128254 0.0631827 0.0219123 0.0388891 0.00140629 0.0465588 0.00360055 0.064581 0.00514005 0.00175739 0.0221162 0.00956138 0.00415516 3.98967e-05 0.0492504 0.00400396 0.0197593 0.215026 3.43295e-05 0.0773208 0.178137 0.0142446 0.00192249 
0.0742927 0.0011503 0.00109305 0.0485035 0.0153084 0.0538375 0.00136222 0.0299526 0.00803383 0.26753 0.00720139 0.0133306 0.0445363 0.00152353 0.00126304 2.95145e-07 0.0379696 0.000185594 0.0547681 0.277675 1.29839e-05 0.00363368 0.0182717 0.0330141 0.00554965 
0.0143829 3.08827e-07 2.84836e-07 0.0056133 0.0168615 0.0136179 0.0567861 0.165831 0.000180006 0.00364849 0.00115221 0.00407056 0.000159483 1.14256e-05 0.050751 2.36402e-05 0.00579838 0.00278435 0.0593089 0.543033 5.09781e-10 0.03191 0.0130863 0.0108015 0.000187264 
0.0752826 6.59095e-05 0.000529302 0.248066 0.0275915 0.0411872 0.000315907 0.0333147 0.00362848 0.00174873 0.00586689 7.39429e-07 0.0269456 0.000140074 0.00195709 6.02436e-05 0.0045425 0.00445629 0.0405502 0.356963 7.04503e-09 0.00169972 0.105265 0.0197797 4.1782e-05 
0.0112091 2.63188e-07 2.91307e-07 0.000369112 0.00359964 0.00151966 0.240491 0.10765 2.25142e-05 0.0691589 0.00164829 0.0109365 9.35812e-06 7.99925e-06 9.01271e-05 5.83598e-05 4.01579e-05 4.82026e-06 0.169267 0.370641 4.39249e-10 0.0069765 0.00581539 0.000482742 1.82845e-07 
0.01007 0.00018074 2.05987e-05 0.0596171 0.0203903 0.0296963 0.00111897 0.0333089 0.0072747 0.023817 0.00244138 0.000315102 0.00121072 1.06201e-06 0.00647485 3.04092e-05 0.00356802 0.0236522 0.0335941 0.694969 7.8743e-07 0.00478338 0.0264221 0.0170061 3.57779e-05 
0.0958095 3.6768e-08 4.464e-08 0.0413106 0.147339 0.0108803 0.00252391 0.0141028 0.000327477 0.0018967 0.00183055 2.83631e-05 0.0717064 0.00012796 0.000234369 5.96156e-08 0.000513386 6.094e-05 0.00773152 0.5795 3.7712e-07 0.0116048 0.00422475 0.00824079 5.96232e-06 
0.0861603 0.00015966 0.0470638 0.0228383 0.00386932 0.00734581 0.000173797 0.00361513 0.000794893 0.000557523 0.000502683 1.56124e-06 0.000981361 0.000194715 0.000803361 4.82828e-05 0.0085056 0.00012228 0.00101032 0.790045 6.65793e-07 0.0066498 0.0171588 0.00132587 7.14772e-05 
0.23642 9.68526e-07 9.79833e-09 5.02203e-05 0.0592917 0.00677634 0.000319812 0.0572203 8.84158e-08 0.00268663 0.0243072 2.69993e-05 0.0216951 4.32699e-06 5.97518e-09 4.10304e-05 0.0281507 3.2197e-05 0.0623207 0.474 6.0037e-09 0.0195926 9.08401e-06 0.00705221 1.54097e-06 
0.000609229 0.0219321 4.57709e-09 1.37229e-05 2.12262e-05 0.000659164 3.21597e-05 3.71769e-05 0.00420591 1.83246e-07 0.00307538 2.53654e-07 2.68003e-06 3.78246e-09 0.000375462 6.1126e-09 0.000258845 4.57897e-10 0.000586471 0.96207 2.80451e-09 0.00179309 7.8727e-08 0.00432643 2.62285e-09 
0.0259477 0.000298193 0.000117982 0.0208042 0.0141349 0.0576321 0.000369477 0.11359 0.000256193 0.00504109 0.0365697 2.94118e-06 0.117987 2.05924e-07 9.03056e-05 1.81314e-06 3.71738e-06 0.000129122 0.0553041 0.429359 3.3223e-07 0.062164 0.0577752 0.00241859 3.29388e-06 
0.037236 1.11482e-05 4.65819e-06 0.0129286 0.0490252 0.0555275 0.00570217 0.0407419 0.000236068 0.0192617 0.0189027 8.58986e-05 0.0275842 0.000109408 0.00282935 4.70286e-05 0.0294399 0.0202697 0.0131994 0.357419 0.000111459 0.00630586 0.294957 0.00674162 0.00132193 
0.0718325 0.002847 1.07372e-05 0.123301 0.00897971 0.000904003 0.000138346 0.0470532 0.00100729 0.000120487 0.000469354 3.74127e-05 0.0013924 1.26415e-05 0.0242527 3.62379e-06 0.00874725 0.0162327 0.00506631 0.455124 8.61042e-07 0.0438698 0.0518556 0.0586997 0.0780413 
0.135077 6.58187e-07 1.62358e-07 0.0358628 0.0256309 0.0243033 0.0018769 0.00967853 0.0288016 0.00374556 0.000508459 1.67452e-08 1.21284e-06 0.00261259 0.000105037 6.283e-07 0.00704191 2.92378e-06 0.002695 0.61205 7.48245e-08 0.107742 3.29206e-06 0.00225852 4.63566e-07 
0.053488 9.02018e-05 4.63514e-05 0.187702 0.0212939 0.0568828 0.00348889 0.064185 0.00187918 0.0136512 0.000888216 1.67889e-07 0.0120667 3.91791e-05 8.25268e-06 0.000103008 0.00615012 1.19268e-05 0.0032242 0.436109 1.58415e-05 0.0373335 0.0993684 0.00194853 2.56561e-05 
0.0607636 2.52207e-05 0.0177306 0.236852 0.133753 0.0118819 0.00543596 0.0321118 0.0419742 0.00608735 0.00280841 3.04912e-05 0.0122086 0.00160722 0.000742722 5.72429e-06 0.00200374 0.000436289 0.00126929 0.348932 1.20778e-07 0.0570289 0.0185593 0.00769248 6.01516e-05 
0.063114 0.00015517 1.43889e-05 0.0814506 0.144714 0.000266947 0.00020319 0.0392615 0.0363823 0.000713538 0.00371145 1.47731e-05 0.0155564 0.00638512 0.000312627 7.05013e-05 0.0362142 0.0119673 0.000811604 0.46875 2.57475e-05 0.00158376 0.0814316 0.00646138 0.000428642 
0.122417 0.000276742 0.00140365 0.0304548 0.100741 0.0537194 0.0033617 0.0384345 0.00347024 0.0788246 0.000555883 0.000222784 0.00210739 0.000280142 0.0345234 0.000437239 0.0028622 0.0479867 0.0840489 0.269657 7.98972e-06 0.00519074 0.108413 0.00921725 0.0013856 
0.0381188 0.000330874 1.58465e-09 0.0147393 0.0652871 0.0179539 0.186242 0.117129 0.00175958 0.106852 0.11785 1.27155e-06 0.00417501 0.000518172 4.13561e-05 4.66702e-06 0.00640331 0.00783007 0.0328613 0.220506 8.30427e-07 0.00569069 0.0370369 0.0183694 0.000297975 
0.147041 0.000523759 2.57386e-09 0.029001 0.0579002 0.124954 0.00597059 0.0959672 0.000192688 0.00106357 0.0501509 4.39087e-05 0.0500287 0.0066693 0.000401403 3.35305e-06 0.0094227 0.00023649 0.0345824 0.217047 3.64795e-06 0.060373 0.0463391 0.0599386 0.00214606 
0.0937343 9.03639e-05 1.40184e-05 0.200329 0.00385438 0.0232651 6.07527e-06 0.0805322 6.0567e-06 0.00359313 0.00489544 5.05038e-05 0.0684419 5.46995e-06 0.000105166 4.94694e-06 0.107783 0.000129877 0.00020408 0.349612 1.77328e-06 0.00581864 0.0542288 0.0027279 0.000566348 
0.135077 6.58187e-07 1.62358e-07 0.0358628 0.0256309 0.0243033 0.0018769 0.00967853 0.0288016 0.00374556 0.000508459 1.67452e-08 1.21284e-06 0.00261259 0.000105037 6.283e-07 0.00704191 2.92378e-06 0.002695 0.61205 7.48245e-08 0.107742 3.29206e-06 0.00225852 4.63566e-07 
0.00102193 2.55708e-08 3.10454e-08 0.000242755 0.00257643 0.00742689 1.3785e-05 0.00902382 8.33964e-07 1.46022e-06 0.00541288 3.46302e-07 0.00279082 1.4181e-06 0.000326504 7.41536e-07 0.103544 2.67441e-05 0.00332334 0.848748 1.90223e-08 0.0106526 0.00121673 0.00364568 1.47783e-06 
0.000455195 1.44425e-07 1.09438e-10 0.00158756 0.0160468 0.00451472 2.26563e-05 0.0246504 0.00163665 0.00626802 3.91243e-06 0.00157846 0.000225845 9.42598e-08 0.0270347 8.52925e-06 0.0002519 7.14115e-06 0.0028207 0.890003 6.70557e-11 0.00101976 0.0142852 0.00627317 0.0013059 
0.0165143 0.000924554 1.8857e-10 0.00506576 1.00456e-05 0.00323905 1.83999e-05 0.00671255 0.000178122 0.0018935 0.0116683 0.000339995 0.000764699 9.35774e-08 2.44775e-06 2.51831e-10 0.000578115 7.24637e-09 0.000999063 0.936593 1.15542e-10 0.0107979 0.00337676 0.000186237 0.000137127 
0.116844 1.77896e-09 2.15982e-09 0.0297478 0.000373395 0.022984 0.000491522 0.000903448 2.00354e-06 0.000182808 0.00306487 2.10346e-05 0.116645 0.0012519 5.96926e-08 2.88439e-09 0.000882166 6.52907e-05 0.153102 0.535938 2.21622e-06 0.0121038 0.00539163 2.47279e-06 9.76056e-07 
0.0482537 0.00106507 5.77125e-09 0.052879 0.0344208 0.0494743 0.0385877 0.0291406 0.00221122 0.00397191 0.00533213 0.00301297 0.0678198 0.00308312 0.000152295 6.40283e-05 0.0356095 0.0277553 0.135296 0.276137 1.47394e-05 0.024628 0.158298 0.00264861 0.000144699 
0.000820575 0.0039793 4.7704e-07 0.014437 0.000890759 0.0031689 0.000141787 0.0439139 0.000336281 0.000147441 5.99335e-05 1.68255e-06 0.000196399 1.35574e-06 9.0447e-07 6.74398e-07 0.00775176 1.91598e-10 0.00924219 0.901888 1.17349e-09 0.000557311 0.00189625 0.0105062 6.09137e-05 
0.048259 0.000607816 3.78625e-08 0.0924415 0.0113949 0.0309957 0.000145429 0.0244024 0.194996 0.0573889 0.019856 1.64856e-07 0.000726189 9.74316e-05 0.0149298 1.35898e-06 0.00814435 1.7078e-06 0.00330729 0.438743 7.78929e-06 0.0155744 0.0333358 0.00383634 0.000806462 
0.0255678 2.40798e-06 8.19621e-10 0.10056 0.0245471 0.0693471 0.00140128 0.000794075 0.0184251 1.86946e-07 6.97588e-07 3.65893e-07 0.0230316 0.000244051 4.33501e-07 1.09458e-09 0.00320837 0.00019496 0.0918728 0.611031 1.17199e-07 0.0295093 0.000256031 5.27158e-06 4.69674e-10 
0.0139119 0.0198441 7.05639e-06 0.0571696 0.0618652 0.0875317 0.0160245 0.109786 0.00593698 0.00413908 0.087582 0.000104427 0.00425273 2.82237e-05 0.000801081 1.03488e-05 0.00255498 0.0183483 0.0188339 0.252442 0.000466308 0.00679255 0.207429 0.0227789 0.00135948 
0.174244 0.000101108 0.000335968 0.182117 0.0159365 0.0468449 0.000916256 0.11786 0.0517868 0.0481631 0.000961973 0.00116591 0.0242364 0.00393014 0.00177673 1.47837e-05 0.0161427 0.000299526 0.0115534 0.243363 3.25053e-06 0.0109366 0.029234 0.0176213 0.000453636 
0.151288 0.00184509 1.88004e-06 0.0251877 0.0591765 0.0492496 0.0234395 0.0180966 0.00211395 0.0639733 0.00655207 0.00144708 0.00760567 3.26734e-05 0.0194932 2.43925e-05 0.0693509 0.000878179 0.015952 0.213085 1.68023e-05 0.11963 0.134051 0.0166171 0.000892299 
0.183543 1.39548e-05 2.22323e-07 0.0803459 0.00860919 0.0232947 0.000952465 0.0445634 0.00310087 0.00258808 0.00635508 3.35096e-07 0.0877999 0.00213762 0.000293668 7.71063e-05 0.0279037 0.000729926 0.0554538 0.197612 0.000215032 0.0645992 0.184945 0.0239947 0.000871688 
0.088888 2.32801e-05 4.2031e-07 0.0233881 0.00448208 0.0324926 3.40437e-06 0.0122143 4.01859e-05 0.000445611 0.148288 0.000747758 0.00727224 0.000124797 0.000138209 5.61314e-07 0.000225179 1.88261e-06 0.000711726 0.594619 7.31184e-07 0.0063642 0.0792716 0.000229496 2.68117e-05 
0.0582021 1.57321e-06 0.000930713 0.0650692 0.135575 0.0236454 0.00143027 0.171592 0.00245448 0.00133746 0.00230796 4.01035e-06 0.0128368 0.00292806 0.00175119 2.02456e-08 0.004549 6.45851e-05 0.00847463 0.426352 6.32178e-08 0.0393391 0.0309791 0.00778578 0.00238942 
0.243873 0.000363806 0.000765578 0.0323254 0.0290931 0.025722 0.00369267 0.011441 0.00587475 0.0298801 0.00632316 0.00205871 0.00412325 0.00109323 0.00595913 4.24015e-05 0.0139881 0.00491416 0.0130134 0.416857 0.00372511 0.0171043 0.0941059 0.0320332 0.00162766 
0.0486281 3.20548e-06 3.28786e-07 0.00427511 0.0502762 0.230958 0.000888642 0.0606578 0.000624522 0.00865701 0.00241579 3.62575e-06 0.0325412 0.000379842 0.00153234 0.000112006 0.0159456 0.00196342 0.0144922 0.355507 6.81535e-07 0.0184355 0.144878 0.00592775 0.00089612 
0.160043 1.9507e-05 4.91246e-09 0.0299378 0.0501288 0.100248 0.00115053 0.140782 0.0020834 0.0307296 0.00606441 0.00263992 0.00150326 0.00485484 0.000258415 0.000554946 0.0280567 0.000378072 0.068278 0.212904 1.71445e-07 0.04086 0.0994489 0.0186386 0.000437482 
0.0931537 0.00368189 1.88038e-05 0.0941851 0.0252415 0.0422892 0.000519024 0.0291862 0.000828225 0.000237066 0.0564666 3.29545e-05 0.103656 0.00017672 0.000422505 1.88132e-07 0.0189648 4.5928e-06 0.0418624 0.387764 4.67269e-08 0.0691265 0.0237432 0.00843822 2.88637e-07 
0.0799992 0.000229055 0.000106972 0.0671225 0.0332413 0.0894467 0.00185745 0.0418768 0.00559986 0.00282618 0.0122211 0.00256938 0.0632026 0.000332708 0.00351578 4.25257e-05 0.0516156 0.014293 0.0260045 0.245189 3.82647e-05 0.028013 0.225732 0.00406456 0.000859762 
0.0214774 5.52365e-08 8.94354e-07 0.0968494 0.0550252 0.0121945 0.000239954 0.0906172 0.00384465 0.00670826 9.65748e-05 0.0296899 0.00257877 0.000189413 0.0040813 2.7098e-05 0.00615888 0.00135027 0.0619302 0.310674 9.71531e-05 0.0254432 0.209186 0.0611838 0.000356171 
0.0904672 0.000149374 0.00330083 0.0806085 0.044393 0.0856381 0.00178153 0.00996894 0.015831 0.0168974 0.00529566 0.000683095 0.025171 0.000229492 0.000197356 0.000132199 0.00881374 0.00906213 0.017562 0.451895 6.51155e-06 0.0231805 0.0899155 0.0132386 0.0055808 
0.158205 3.70741e-05 0.000465208 0.0351628 0.0091649 0.0542065 0.000192815 0.0263594 0.00827612 0.00801007 0.00415802 5.02221e-05 0.0342604 3.71728e-06 2.60065e-06 6.63909e-07 0.0145642 0.000500164 0.158029 0.360176 3.4258e-07 0.0312884 0.0768236 0.0200084 5.42668e-05 
8.77402e-09 5.17703e-09 6.28542e-09 2.43259e-06 1.68753e-08 3.35638e-06 9.93127e-07 0.000621003 2.88362e-06 2.28872e-06 0.00464602 1.01837e-09 1.29794e-06 8.5166e-06 0.00010083 8.39403e-09 5.48028e-07 6.28799e-10 1.83489e-06 0.984874 3.85125e-09 0.00348536 1.05117e-06 9.64631e-05 0.00615068 
0.0160515 0.000106616 1.21867e-07 0.0835426 0.0754249 0.00695848 5.65615e-05 0.0675628 0.000369029 0.000193692 0.00419427 1.97451e-08 0.0830541 1.0071e-07 7.43167e-08 1.62751e-07 0.0267339 1.21917e-08 7.58805e-06 0.5796 8.2789e-07 0.0109867 0.0421917 0.00296463 6.98346e-08 
0.204832 8.20833e-09 9.96571e-09 0.120353 0.0367634 0.00835503 0.011268 0.0445655 0.00191875 0.000582075 0.00120955 8.47791e-07 0.00778601 8.72049e-06 0.00103928 1.3309e-08 0.000317642 1.58881e-07 0.000197785 0.500098 2.86258e-08 0.0116048 0.0280886 0.0179952 0.00301542 
0.00628673 0.000135577 2.45934e-05 0.00599855 0.0323316 0.278719 0.00794501 0.0593227 0.000303106 0.00315311 4.92231e-05 3.83385e-06 0.000620072 0.0792337 0.000106145 1.13158e-05 0.00117539 0.00405073 0.00211177 0.374578 2.02041e-06 0.00316433 0.131589 0.00906807 1.69988e-05 
0.0249788 0.000400801 1.11403e-06 0.00827875 0.0415692 0.00871551 0.00709035 0.0238221 0.00330803 0.00519682 0.014803 0.0130804 0.267061 0.00626768 0.000706953 7.85003e-05 0.00369999 0.00308516 0.00917555 0.499357 7.34561e-07 0.0214528 0.0321768 0.00198313 0.00370981 
0.0160515 0.000106616 1.21867e-07 0.0835426 0.0754249 0.00695848 5.65615e-05 0.0675628 0.000369029 0.000193692 0.00419427 1.97451e-08 0.0830541 1.0071e-07 7.43167e-08 1.62751e-07 0.0267339 1.21917e-08 7.58805e-06 0.5796 8.2789e-07 0.0109867 0.0421917 0.00296463 6.98346e-08 
0.0167478 1.51162e-06 9.05519e-06 0.270289 0.0250109 0.0213517 0.0231254 0.0152111 0.00687799 0.00210145 0.00330986 3.19404e-07 0.0496953 0.000267367 1.06651e-05 2.49925e-05 0.00884203 0.00431008 0.0106053 0.475582 4.64436e-06 0.0160947 0.0442036 0.00632292 9.50412e-07 
0.000609229 0.0219321 4.57709e-09 1.37229e-05 2.12262e-05 0.000659164 3.21597e-05 3.71769e-05 0.00420591 1.83246e-07 0.00307538 2.53654e-07 2.68003e-06 3.78246e-09 0.000375462 6.1126e-09 0.000258845 4.57897e-10 0.000586471 0.96207 2.80451e-09 0.00179309 7.8727e-08 0.00432643 2.62285e-09 
0.0138477 8.61358e-06 1.07358e-07 0.000526926 0.0286668 9.66104e-09 6.7241e-05 0.0115737 1.51054e-05 0.172084 8.98623e-05 4.14993e-06 1.34661e-05 8.87198e-08 0.0858715 1.43374e-07 2.78692e-05 4.68946e-06 1.26494e-05 0.476789 6.57813e-08 0.000191337 0.00456374 0.203489 0.00215284 
0.120774 0.0013633 6.11494e-06 0.0348281 0.00736664 0.00705396 0.000146625 0.0712397 0.0115076 0.00837074 0.00144196 0.000379911 0.00449427 0.000312509 0.000609598 7.59171e-05 0.00170607 0.0443707 0.010343 0.591802 5.25811e-06 0.0095662 0.0252577 0.0467964 0.000181828 
0.0481389 2.83533e-05 8.40098e-08 0.0331198 0.0373372 0.0355491 0.000116191 0.0143293 7.05663e-05 0.0464022 0.000575104 0.000348592 0.00105939 6.38266e-05 3.27053e-06 1.94243e-06 0.00832672 0.000128907 0.0100449 0.723112 4.9933e-07 0.0275807 0.010086 0.00357638 5.88583e-08 
0.240628 0.0216111 1.66126e-07 0.0298419 0.0304408 0.0068759 0.00141722 0.0111332 0.0114844 0.112161 0.00703174 0.000365358 0.00276822 8.33491e-05 1.71269e-06 0.0013993 0.0105321 0.00138896 0.0028165 0.392689 1.48304e-05 0.0447131 0.0418757 0.0286399 8.59394e-05 
0.281704 3.68481e-05 9.05719e-06 0.0621329 0.0158291 0.00477135 4.19243e-05 0.0551045 0.000686327 0.00391698 0.015829 1.91488e-05 0.106582 0.0031263 5.51648e-05 3.61801e-09 0.0100298 0.000387794 0.00254761 0.396174 3.1746e-06 0.00745232 0.0323268 0.000856292 0.00037708 
0.00162138 1.76446e-06 7.87618e-10 0.152613 8.80471e-05 0.00615388 1.97712e-05 0.0175445 0.000556548 0.000805744 0.00032589 4.32007e-07 0.000477408 2.68782e-07 2.17392e-06 1.05184e-09 0.000363309 1.71364e-07 0.000114564 0.788024 4.82595e-10 0.00585605 0.0240305 0.00133398 6.65216e-05 
0.297841 1.55503e-06 3.11466e-05 0.00386021 0.0027642 0.00152082 0.000257288 0.00352243 0.000190523 0.0372294 2.72377e-05 0.00478277 0.00316548 0.00629327 0.000324674 0.000174121 0.0744271 0.000172051 0.0236628 0.422656 0.0172067 0.00251047 0.0450054 0.0523633 9.34101e-06 
0.00444095 2.67973e-05 2.83349e-08 0.0164907 0.0597906 0.0465823 0.000300633 0.0204336 0.00437933 0.000106146 0.00338015 1.95711e-05 0.0165428 6.70268e-05 8.02554e-05 3.78406e-08 0.125269 7.11357e-05 0.00177148 0.691829 1.73616e-08 0.00176558 0.00590931 0.000732428 1.13309e-05 
0.0987499 2.12325e-06 1.13173e-06 0.0611782 0.0166887 0.0405005 0.0012466 0.0133096 0.0178424 0.00341153 0.000326768 1.06899e-07 0.000267261 0.00566344 8.66366e-05 1.35567e-06 0.00482536 0.000279869 0.00169544 0.541073 7.72048e-08 0.188509 0.00224069 0.00209915 1.51028e-06 
0.0108921 0.0282561 1.33324e-06 0.0140801 0.0875054 0.122375 6.68823e-05 0.0674653 0.113229 0.00379422 0.00169456 1.49127e-06 0.00232961 6.60414e-07 2.67837e-05 1.28567e-06 0.000572998 1.67748e-09 0.023733 0.301132 1.02742e-08 0.207311 0.00198926 0.0100208 0.00352125 
0.0401044 4.50877e-06 0.000138641 0.0456534 0.0176333 0.00698804 0.000988902 0.00599912 0.0184865 0.00275847 0.0127202 0.00645565 0.000610136 0.000439802 0.00653693 3.23506e-06 0.00217395 0.000124402 0.00369034 0.752195 5.2259e-06 0.0178916 0.0207406 0.0374645 0.000193097 
7.15363e-06 1.18606e-05 5.76483e-06 0.000716292 0.00112027 2.19202e-06 0.0666727 0.00400133 0.000599633 0.0390229 5.6663e-06 0.381528 2.1504e-05 9.89769e-07 0.0030386 4.12168e-05 2.55436e-06 8.68825e-08 0.0215536 0.47472 7.49309e-09 0.00188773 0.00217903 0.00252074 0.000339956 
0.0393651 0.000117179 3.90497e-05 0.0338129 0.000736739 0.00938113 1.65081e-07 0.0129512 3.80058e-09 2.05429e-06 0.00858983 5.43051e-08 0.122325 8.32303e-05 9.13945e-09 2.00151e-08 0.0844299 5.45889e-07 0.0214739 0.652032 5.97377e-07 0.000723989 0.0124262 0.00150982 8.58824e-09 
0.171267 0.000475076 5.83965e-10 0.0708761 0.0557443 0.154713 0.0357498 0.0185634 0.0524803 0.00410348 0.00419088 9.61968e-05 0.0088316 2.01313e-06 0.00203685 9.7053e-07 0.0825117 0.00467615 0.00153131 0.178657 3.85306e-06 0.0355428 0.0942743 0.0205784 0.00309317 
0.068326 6.62575e-08 1.25529e-09 0.0361968 0.0118449 0.0752772 0.000479895 0.0627761 0.000323891 0.014908 0.00047256 0.000368433 0.00304195 0.00228295 0.000153149 3.92412e-06 0.0353545 0.00990203 0.0255321 0.486889 1.00306e-06 0.00395099 0.151953 0.00994625 1.53776e-05 
0.0650784 2.48124e-05 3.48912e-06 0.0864777 0.0429012 0.027106 0.000960814 0.0141347 0.00197958 0.00187351 0.00324759 8.59577e-05 0.0330913 0.000184515 0.000872593 2.36346e-05 0.0244128 0.000644722 0.0331617 0.381962 1.8678e-06 0.0559172 0.223883 0.00188507 8.53129e-05 
0.0903798 0.000449113 4.14624e-05 0.121062 0.0785572 0.0471931 0.00171809 0.146259 0.0409621 0.0078349 0.0214408 0.0024036 0.105039 0.000115771 0.000942145 0.000222279 0.0101025 0.00375671 0.0140438 0.182838 9.83204e-06 0.0263531 0.0808256 0.017155 0.000294938 
0.103141 9.38386e-08 6.50746e-06 0.0635471 0.0359217 0.0737286 0.000696427 0.0524843 0.00745926 0.00131638 0.0249468 5.71178e-05 0.155269 5.19755e-05 0.00253468 2.86409e-10 0.135661 0.00252186 0.0146678 0.188484 3.46508e-08 0.0231268 0.104317 0.0100611 4.62421e-08 
0.0315568 2.18339e-06 1.32468e-07 0.257691 0.0312444 0.0715755 0.000350889 0.078668 0.00953552 0.00937756 8.2645e-07 2.62664e-06 0.00057257 7.99083e-06 0.0161782 1.76244e-05 0.00282125 0.000895048 0.00634521 0.404426 1.17197e-05 0.0125467 0.0478321 0.0102826 0.0080571 
0.0268385 1.4612e-05 3.77694e-07 0.00306292 0.00456512 0.0152715 0.000423891 0.00449956 0.00020174 7.21464e-05 4.50291e-05 7.23949e-06 2.68319e-05 8.6207e-05 2.30324e-07 2.68901e-05 0.0207273 0.000769957 0.000645472 0.915483 2.67707e-06 0.00639649 0.000762748 5.71888e-05 1.22244e-05 
0.0190053 0.000370069 1.16182e-09 0.0172713 0.00481389 0.0063643 1.00656e-06 0.00279542 0.000440852 1.33504e-07 0.160157 1.88239e-10 0.223673 9.60113e-10 1.89931e-06 2.1512e-07 0.00879262 6.05855e-05 0.023889 0.509184 2.86506e-07 0.0231721 8.20515e-07 1.29739e-06 4.72327e-06 
0.0202238 1.25131e-06 0.000610857 0.0507272 0.124796 0.112883 0.00126206 0.0830654 0.0329668 0.0237015 0.0115419 0.000471371 0.00127213 1.39978e-09 0.0183863 1.33864e-05 0.134098 7.67699e-05 0.0396541 0.137552 0.0149524 0.0298822 0.0319123 0.0941476 0.0358018 
0.0056998 2.86087e-05 6.13178e-10 0.156352 0.000223428 0.00712825 2.19164e-05 0.0198579 0.00091974 0.000998804 0.000988108 8.63093e-06 0.000223585 8.5001e-07 5.74624e-05 8.18884e-10 0.000349275 2.25006e-06 0.000217438 0.775345 3.75711e-10 0.00804903 0.0215969 0.00189967 3.15618e-05 
0.212156 0.000412927 1.07679e-05 0.00808114 0.00107223 0.0147568 0.00106293 0.000572253 8.08713e-05 0.138784 0.000178137 0.00608836 0.000758723 0.00190153 2.81936e-05 7.38695e-06 0.0518753 1.84927e-05 0.0532903 0.480608 0.00574648 0.00292338 0.0151498 0.00430765 0.000127912 
0.0634502 3.42846e-06 1.04537e-09 0.171558 0.015945 0.0296884 0.000257171 0.00420664 0.00359328 0.00042476 0.00203395 3.05769e-05 0.00615988 8.65262e-07 0.0435601 6.70845e-07 0.00310789 0.00197252 0.00100927 0.570269 1.59229e-07 0.011942 0.0631241 0.000893103 0.00676904 
0.00103727 0.00013614 3.01592e-07 0.0154301 0.0642859 0.0180323 0.00118268 0.217982 0.00271806 0.0242867 0.0129548 0.000263956 3.99358e-05 7.61053e-05 0.000296309 4.02769e-07 0.0009295 2.83212e-05 0.00305191 0.569735 1.08321e-05 0.0345617 0.00505581 0.0278982 5.10658e-06 
0.0493712 9.96226e-06 0.000743355 0.0615794 0.03587 0.0470972 0.000962028 0.0302063 0.00443789 0.00546249 0.0096052 0.00213037 0.00429684 0.000177029 0.000460196 1.11889e-05 0.00608462 0.0173636 0.0321023 0.62097 3.04354e-07 0.0275068 0.0385802 0.00487238 9.89185e-05 
0.0703919 0.000555223 6.28889e-10 0.00367107 0.0245017 0.00441778 0.000518479 0.0257229 4.96615e-06 0.000561887 0.00493691 0.000223287 0.0302582 0.000188726 1.45238e-05 8.39866e-10 0.0134307 0.000156465 0.00504548 0.781301 1.03223e-05 0.0160609 0.0159052 0.00194737 0.000174482 
0.179326 3.22942e-07 0.00219775 0.151977 0.0355788 0.0292892 0.00928245 0.0478854 0.00730103 0.000791323 0.00455482 1.23033e-06 0.00549067 0.000319685 0.00127047 2.09627e-06 0.00204081 0.000201952 0.000793134 0.416327 3.39112e-07 0.0129245 0.0792636 0.0117226 0.00145816 
0.0377967 0.000633049 0.000330965 0.127132 0.0702471 0.13788 0.00504737 0.042938 0.00923839 0.00516615 0.00983351 0.000844578 0.00366801 0.000492222 0.000410628 1.78655e-05 0.0063561 0.0177577 0.0446814 0.251514 1.97609e-05 0.05481 0.159095 0.0133362 0.000752348 
0.0138619 0.000572628 1.29539e-10 0.0118818 0.0229664 0.0395168 0.000937529 0.00927461 0.00177884 0.000735945 0.00870943 1.67559e-05 0.0163507 1.61486e-06 0.000131455 3.38601e-05 0.0744938 8.45035e-05 0.00341222 0.588977 3.20482e-05 0.0136577 0.189108 0.00324554 0.000218498 
