0.163461 1.47845e-05 2.4619e-09 0.0203379 0.00530372 0.0354547 8.66489e-06 0.0349103 0.012112 0.0118724 0.00102858 8.35228e-05 0.0171388 3.0784e-06 4.22305e-06 3.28781e-09 0.0129777 7.23403e-05 0.210421 0.37066 1.50847e-09 0.0383676 0.033945 0.0317281 9.39869e-05 
0.170406 0.00262677 0.0012594 0.0703927 0.0267927 0.0357331 0.00179137 0.0265463 0.00681711 0.0259662 0.00694132 0.00420446 0.0298083 0.000875695 0.00653663 6.83819e-05 0.0348545 0.00348216 0.0325202 0.408155 0.000122025 0.0172008 0.0722682 0.0138439 0.000787195 
0.0738635 0.00151919 3.71821e-07 0.062759 0.108997 0.086104 3.43101e-07 0.0612274 0.0387761 0.00344972 0.000789217 7.29031e-05 0.0535311 5.0217e-06 0.0452771 1.75674e-07 0.0484855 0.00332132 0.000104005 0.149994 3.8038e-08 0.0164255 0.10465 0.140647 7.04749e-08 
0.0703919 0.000555223 6.28889e-10 0.00367107 0.0245017 0.00441778 0.000518479 0.0257229 4.96615e-06 0.000561887 0.00493691 0.000223287 0.0302582 0.000188726 1.45238e-05 8.39866e-10 0.0134307 0.000156465 0.00504548 0.781301 1.03223e-05 0.0160609 0.0159052 0.00194737 0.000174482 
0.28944 2.6681e-05 1.2389e-10 0.0114186 0.0255617 0.12072 0.000365141 0.0141308 0.000802589 0.00514579 5.31536e-11 2.46079e-05 0.00143441 5.38683e-05 1.84181e-07 8.99001e-06 0.0197691 0.000203098 0.0616301 0.363548 7.0773e-07 0.00477596 0.0802396 0.000589222 0.000111362 
0.120252 5.85044e-05 0.13676 0.0387021 0.00215243 0.00230939 4.94222e-05 0.0020461 0.00102438 0.000602432 0.000767421 8.73676e-08 0.00231918 2.57563e-05 0.00232523 1.53043e-05 0.00173874 1.80274e-07 0.00125397 0.673805 1.12514e-07 0.00599171 0.00555581 0.00210824 0.000136957 
0.153175 0.000891362 0.0179395 0.0404323 0.0741117 0.0328905 0.0015436 0.00740409 0.00363847 0.0322476 0.00936732 0.000921244 0.00344554 0.00347202 0.000218414 1.08537e-05 0.0483479 0.015249 0.0171619 0.464622 0.00386142 0.00888931 0.0428051 0.0172189 0.00013558 
0.0517125 8.23998e-07 1.14085e-09 0.0149122 0.020803 0.0205255 0.000229048 0.0281127 0.00107661 0.00343443 0.0158351 0.000142764 0.0463375 0.00293143 0.000396132 2.27531e-06 0.0435351 0.00730287 0.00895012 0.585366 6.49557e-07 0.0186457 0.125132 0.00214533 0.0024695 
0.0688282 0.000491368 0.00143982 0.0210236 0.0502138 0.0631456 0.00214508 0.0671773 0.00409049 0.037516 0.0532836 3.23751e-05 0.0496995 0.000153965 0.000552876 6.65366e-05 0.0363392 0.000633525 0.0251894 0.422845 1.98315e-06 0.00922358 0.0621157 0.0229111 0.000880844 
0.033929 0.000176262 0.0228753 0.0250195 0.00303919 0.0054357 0.0263429 0.00278738 0.0140846 0.000677381 0.0370893 1.44571e-07 0.000101163 0.00109801 0.00141741 2.21221e-05 0.00381555 9.75953e-05 0.00357849 0.711785 3.03143e-06 0.00683409 0.00661152 0.0923761 0.000803729 
0.157667 0.00548236 8.35039e-10 0.0454198 0.0198928 0.0527618 0.000688466 0.122684 0.000103804 0.0372471 0.00158789 0.0344045 0.0065709 0.116947 5.00225e-07 8.08864e-08 0.00569929 0.0232421 0.00417929 0.224471 2.48762e-08 0.00825536 0.128926 0.00376972 1.05592e-07 
0.00253904 0.0819856 0.000129611 0.023572 0.00114822 0.0247612 6.07135e-06 0.167436 0.00347128 0.0894702 0.0714819 1.09839e-05 0.00743642 4.96354e-06 0.00572732 1.80023e-06 0.0533327 1.28023e-06 0.00101216 0.258009 9.83622e-06 0.00119454 0.0203755 0.185284 0.00159899 
0.0759411 5.15356e-05 3.96906e-07 0.154366 0.0653142 0.0101715 0.000534456 0.0131885 0.00713027 0.011346 0.0109141 0.000616227 0.0259108 0.000293307 0.000508581 9.74007e-07 0.0236173 0.00309212 0.00207509 0.519424 4.10897e-06 0.0108046 0.0363692 0.0281982 0.000127336 
0.00404217 0.000159412 4.90638e-05 0.0275606 0.0316482 0.0564675 0.00315764 0.0402873 0.0276313 0.00239305 0.00145633 2.28666e-06 0.216368 0.000142649 0.00335279 0.00318117 0.057051 7.06347e-06 0.000607955 0.253828 2.7214e-06 0.0557274 0.0187236 0.19611 4.24533e-05 
0.0133067 0.000321019 1.76072e-06 0.0755848 0.061604 0.00482163 0.00160277 0.0548654 0.000570101 0.0538287 0.000685773 7.54068e-05 0.00309559 0.0767061 0.00436992 9.63441e-05 0.00284626 0.000556292 0.015384 0.558687 0.000144499 0.0010578 0.00261239 0.0656373 0.0015377 
0.0379961 9.23135e-07 2.36955e-10 0.00437591 0.00016821 0.00243762 9.98833e-06 0.00422532 0.000120725 0.0011427 0.0168341 0.00324191 0.000890504 1.60644e-05 0.00199534 5.23143e-09 0.000393558 1.33218e-07 0.000668883 0.91282 3.32141e-09 0.00915364 0.00297599 0.000365748 0.000166782 
0.0102913 3.46554e-05 5.60454e-07 0.0112407 0.142631 0.00560388 0.00138005 0.00285921 0.00088131 1.98303e-05 0.00536867 1.52087e-05 0.00594487 3.79261e-05 0.00121777 0.00104891 0.00344086 0.0020617 0.000560264 0.750271 2.79982e-06 0.00854301 0.0386338 0.00679018 0.00112056 
0.13451 0.00401183 7.86583e-10 0.0361056 0.0165279 0.0115302 0.0003193 0.0019327 0.0025214 0.145773 0.000677447 0.0122624 0.00393055 2.33244e-06 5.21152e-05 2.95158e-07 0.00146449 9.65824e-06 0.00431321 0.470423 4.81961e-10 0.00582918 0.0219209 0.125647 0.00023464 
0.0206764 0.000859918 2.08156e-08 0.134554 0.0239574 0.0413054 6.62034e-05 0.0467505 0.0052262 0.0179557 3.34774e-05 5.40976e-05 0.0609225 0.0302932 0.0054444 5.55682e-07 0.00151767 0.000461366 0.00238104 0.441847 0.0153333 0.00189783 0.0923646 0.0549598 0.00113802 
0.00442254 7.31079e-06 3.6492e-08 0.00374417 0.0687041 0.00348211 0.00318276 0.0761404 0.0077402 8.84849e-09 0.220857 5.91246e-09 3.22333e-05 3.01566e-08 0.00908195 4.87341e-08 5.43331e-09 3.65069e-09 5.71005e-09 0.433703 2.23596e-08 0.0325339 1.60803e-09 0.136341 2.75942e-05 
0.103364 0.000251358 4.49454e-10 0.0311294 0.0264731 0.00139483 2.20881e-07 0.0117891 0.0346109 0.116835 0.00617632 0.000837284 0.0163387 9.16012e-05 0.00479814 0.000274489 0.00805236 0.000402523 0.00901543 0.584221 2.09031e-06 0.00205598 0.013195 0.0285525 0.000138276 
0.00162138 1.76446e-06 7.87618e-10 0.152613 8.80471e-05 0.00615388 1.97712e-05 0.0175445 0.000556548 0.000805744 0.00032589 4.32007e-07 0.000477408 2.68782e-07 2.17392e-06 1.05184e-09 0.000363309 1.71364e-07 0.000114564 0.788024 4.82595e-10 0.00585605 0.0240305 0.00133398 6.65216e-05 
0.0210477 0.00140033 0.00780409 0.0998694 0.165277 0.0366377 0.0124668 0.0436909 0.00737702 0.000215484 0.00507861 2.54013e-05 0.00829011 1.34165e-06 0.00487427 9.44146e-06 0.0030272 0.0274197 0.0364843 0.389781 1.70887e-06 0.00661842 0.11341 0.00913727 5.42024e-05 
0.120252 5.85044e-05 0.13676 0.0387021 0.00215243 0.00230939 4.94222e-05 0.0020461 0.00102438 0.000602432 0.000767421 8.73676e-08 0.00231918 2.57563e-05 0.00232523 1.53043e-05 0.00173874 1.80274e-07 0.00125397 0.673805 1.12514e-07 0.00599171 0.00555581 0.00210824 0.000136957 
0.131198 0.00124345 1.14459e-05 0.0255538 0.0428537 0.0362341 0.000872643 0.0327782 0.00238609 0.10074 0.00270624 0.00777298 0.00828508 0.000927072 0.000357717 0.000467525 0.0398726 0.00921826 0.114255 0.272363 0.00104911 0.031647 0.110723 0.0256601 0.000823431 
0.100056 3.0011e-05 3.4188e-10 0.0785761 0.0261023 0.0246834 0.0181926 0.00910764 0.00787581 0.00259573 0.00353248 2.76105e-05 0.00180145 1.71581e-05 0.0039184 4.15127e-05 0.0064795 0.00544928 0.033448 0.575656 1.21222e-06 0.013393 0.0613662 0.026736 0.000913026 
0.311793 2.92979e-06 3.98363e-11 0.00802461 0.000263655 0.0461234 0.000176915 0.00507146 0.00035538 0.000148805 0.00140436 4.59244e-05 0.0272745 0.000660281 1.36947e-05 2.95902e-08 0.00300308 0.0346277 0.091438 0.373719 4.32535e-07 0.0434146 0.052369 9.84704e-09 6.96384e-05 
0.0533324 1.09598e-07 5.85157e-10 0.129928 0.110025 0.12316 0.00107639 0.0760462 0.00925444 0.0208003 0.0158999 1.33304e-09 0.00385058 3.41342e-05 0.00182354 6.85624e-06 0.00452785 0.000310479 0.0489008 0.230015 5.63803e-05 0.0601433 0.0918696 0.0185066 0.000431879 
0.160839 9.8007e-06 4.23423e-07 0.076333 0.0607891 0.0197518 0.00100503 0.0063439 0.00983749 0.00127848 0.0678637 2.88558e-05 0.135231 9.40268e-05 0.000835848 4.34582e-09 0.00955922 0.000235605 0.00513859 0.33688 2.84977e-07 0.0298112 0.0450947 0.0329444 9.48534e-05 
0.201219 0.00023134 0.00636178 0.0524715 0.020952 0.025576 0.000399335 0.0509175 0.00239239 0.0258548 0.0178994 0.000612353 0.052117 0.000821321 0.0119793 2.62528e-05 0.0195355 0.000963575 0.0105205 0.353584 8.24077e-05 0.0405927 0.0669526 0.0347783 0.0031585 
0.137849 0.00018766 0.00155599 0.161341 0.0468302 0.0656845 0.00121704 0.0336159 0.0041082 0.0660183 0.000369603 0.000101128 0.00639853 0.000201342 0.0236114 0.000193939 0.00454881 0.0184535 0.0459984 0.214836 3.59409e-06 0.00661171 0.152514 0.0071082 0.000641555 
0.0456951 0.000314511 2.73856e-07 0.0405148 0.0938729 0.0599649 0.00212807 0.0264726 0.0976422 0.0139809 0.00748823 3.36486e-06 0.0170439 0.000294452 5.55147e-06 5.18614e-05 0.00873051 0.000121969 0.00609427 0.475347 2.31039e-06 0.0813949 0.020376 0.00243947 2.01692e-05 
0.0734053 0.000392982 0.00256874 0.0561111 0.037098 0.0132433 0.000486116 0.0216497 0.000119074 0.00386693 0.15828 0.000906064 0.0489888 0.000125333 5.23211e-05 7.11001e-06 0.0361799 0.00130323 0.00155996 0.337269 4.14918e-06 0.052048 0.141396 0.0128479 9.11745e-05 
0.0907926 3.70989e-07 7.02049e-10 0.0306281 0.0673245 0.110633 6.91165e-05 0.0287793 0.156754 0.0256593 1.56357e-07 1.13747e-10 0.00616201 5.80166e-10 4.28121e-10 9.37569e-10 0.0137183 3.8817e-08 0.0168545 0.330094 4.30164e-10 0.0419662 0.0794645 0.00109946 4.02301e-10 
0.250813 0.00168468 2.86868e-07 0.0352001 0.0122674 0.000737525 2.41383e-06 0.00632323 0.000168312 0.0242454 0.000567077 0.000116229 0.0410082 1.79281e-06 0.000397251 3.83106e-07 0.0338844 1.49058e-07 0.00166301 0.55615 1.75772e-07 0.00097984 0.000309429 0.0297113 0.00376859 
0.0395382 5.84653e-06 6.28765e-07 0.0348299 0.0703075 0.0197677 0.0983726 0.0102001 0.00135601 0.0854781 0.0338091 0.0803426 0.120081 0.00364699 0.000108637 2.51633e-05 0.0170636 0.0345296 0.0354909 0.158935 5.27626e-08 0.0711971 0.068938 0.0158972 7.92949e-05 
0.107457 0.00380583 8.14872e-11 0.0450455 8.26407e-06 0.00244265 4.52964e-05 0.00145671 1.46039e-05 0.00207027 0.000958297 7.92385e-05 0.00441938 1.41842e-05 0.00120835 1.08824e-10 0.00307005 5.60466e-06 0.0016561 0.769132 4.99294e-11 0.00934152 0.0469021 0.000770007 9.79408e-05 
0.0583699 1.4486e-05 2.84905e-08 0.0085188 0.0411376 0.0265149 0.00436526 0.0119754 0.00187371 0.000498375 0.0178036 0.010543 0.0439594 0.000498503 0.0035623 1.08929e-05 0.0153943 0.0324378 0.0663485 0.460067 6.07161e-07 0.11126 0.0841845 0.000569754 9.15041e-05 
0.0101844 9.53974e-08 2.79697e-10 0.00605699 0.0101095 0.101802 0.000180817 0.0116785 0.00201883 0.00248488 0.0318113 9.99603e-06 0.201537 2.09815e-05 0.000193838 2.69677e-07 0.0176452 0.0730386 0.111552 0.352779 4.1511e-05 0.0600866 0.00346566 0.00329957 2.98766e-06 
0.111861 9.28315e-05 0.00392796 0.065238 0.0257541 0.0389691 0.000879334 0.0154375 0.0214775 0.01057 0.029176 0.00976633 0.0427824 0.00193805 6.76744e-05 9.67723e-07 0.0352658 0.000194139 0.0154452 0.486853 2.64934e-09 0.0361607 0.0470965 0.000999372 4.6443e-05 
0.0416024 0.00012015 0.00255098 0.161296 0.114092 0.0866484 0.12269 0.0363289 0.0172658 0.00124009 0.000610029 6.62304e-09 0.0268878 4.30209e-07 0.00588294 3.1446e-05 0.000208123 0.00058449 0.000521971 0.335706 3.00629e-06 0.00840293 0.00680237 0.0288789 0.00164606 
0.127305 4.18566e-05 0.000318053 0.111167 0.0266835 0.0998376 0.000516205 0.00682243 0.0029018 0.0332131 0.00277789 0.000741688 0.00825741 6.9877e-05 0.000142328 0.000367377 0.0523909 0.00921853 0.102784 0.183063 1.56578e-06 0.0567743 0.172619 0.00165342 0.000331957 
0.00515331 9.52603e-07 0.00980902 0.00505749 0.0438938 0.036448 9.53819e-07 0.0553356 0.0430162 0.0274704 0.0384235 0.0552355 9.53869e-07 0.000572511 0.0834876 0.00352168 9.53992e-07 9.54092e-07 0.0449333 0.343019 9.53038e-07 0.108376 0.0312034 0.0357758 0.0292618 
0.00554097 8.2661e-08 1.68788e-09 0.00266429 0.00368505 0.0212732 9.98917e-05 0.00137456 0.000135067 1.46495e-07 0.0123697 5.50124e-06 0.0838587 1.28205e-05 1.21235e-06 1.82084e-07 0.00098016 0.0140622 0.103489 0.710757 4.79779e-08 0.0357798 0.00390969 2.49075e-10 4.26694e-07 
0.0563808 1.21103e-05 3.81947e-05 0.030135 0.0415969 0.101342 0.00239179 0.0212824 0.00463401 4.68205e-05 0.0162454 0.0236783 0.0119704 0.00131955 0.000136231 3.00651e-06 0.000505332 0.0189443 0.0526409 0.320909 9.57084e-08 0.207692 0.08779 0.000272431 3.39429e-05 
1.65506e-08 1.3234e-05 2.15715e-07 0.0128437 0.00852587 9.89218e-05 0.03241 0.000890298 7.50857e-05 8.2536e-05 6.58794e-07 0.00545758 0.00694588 1.28637e-06 1.91793e-05 1.7849e-05 1.00372e-06 2.81294e-07 0.00822587 0.923148 1.32175e-07 6.51162e-05 0.00108475 6.49423e-05 2.74762e-05 
0.0697003 1.91949e-05 0.0412131 0.146412 0.0400667 0.0100648 0.00150999 0.0339703 0.0119744 0.00112076 0.0956048 2.04033e-05 0.00253978 0.000344359 0.00169061 4.59317e-06 0.000604678 0.000796944 0.00748097 0.459142 2.37416e-05 0.0062701 0.0652054 0.00407808 0.000141752 
0.103236 0.00138679 1.09871e-09 0.00305253 0.00424039 4.6172e-07 1.01824e-07 0.0156868 1.74252e-07 2.66945e-06 2.60767e-06 4.33392e-07 0.0138754 0.000388563 3.62103e-05 1.4673e-09 0.0123189 1.09916e-10 0.000321849 0.833655 9.55455e-07 0.00432555 0.00580646 0.00122624 0.000436005 
0.000727268 0.000163253 9.8697e-08 0.00534774 0.0966782 0.012242 0.00350073 0.0397644 0.00465946 0.0409905 0.0206386 0.273261 0.00024199 5.6424e-06 0.00540721 7.76057e-06 0.000651546 0.000483144 0.123589 0.312516 5.38179e-09 0.0440644 0.0100499 0.00437384 0.000635782 
0.103846 4.85793e-05 1.23326e-09 0.00609586 0.0234494 0.0613106 0.000985 0.00278735 0.000989802 0.00136227 0.27482 9.01395e-06 0.00846886 7.97258e-05 0.00298694 5.52975e-07 0.0235481 8.93299e-05 0.00624083 0.376203 9.5499e-09 0.0739153 0.0323095 0.000431688 2.24477e-05 
0.0478906 0.00032683 1.24207e-05 0.0511442 0.0254081 0.025007 0.00208003 0.0337853 0.00417302 0.0021252 0.0222257 0.000206432 0.0272047 2.83271e-05 0.00107163 1.24452e-05 0.00809585 0.0122422 0.0167138 0.652668 1.70815e-06 0.0156246 0.0457795 0.00610457 6.80546e-05 
0.0582436 0.000409765 1.77608e-07 0.060275 0.00617099 0.0205215 0.00118523 0.0102784 0.00294257 0.00783629 0.00897844 0.00700077 0.00714594 0.0633956 0.00074459 9.7537e-06 0.0013493 0.000946158 0.00782886 0.677858 1.34279e-05 0.0195857 0.0315288 0.00561349 0.000138029 
0.00754504 0.00397731 1.17611e-08 0.0242208 0.021406 0.00765988 0.000466234 0.0270108 0.00398341 0.00344693 0.0127446 3.60815e-06 8.40219e-06 1.8077e-07 0.00110548 1.89693e-07 0.346746 2.2987e-07 0.0116078 0.463573 9.2175e-05 0.00224837 0.0088914 0.0530921 0.000170407 
0.00352658 2.39656e-05 1.69626e-07 0.0476319 0.188619 0.00127444 0.000734607 0.137315 0.039448 0.00206404 0.0603641 2.1529e-05 0.000756968 3.02819e-06 0.0654087 2.26531e-07 0.00547598 0.00175352 0.00786225 0.231498 7.70581e-06 0.00485941 0.0716346 0.103476 0.0262405 
0.0508534 9.1535e-05 1.73485e-07 0.0154229 0.000632053 0.239299 1.0673e-07 0.00417332 0.000265977 0.0442128 2.48773e-07 3.04592e-11 0.00759628 0.000284795 3.88768e-05 2.51063e-10 0.0158856 1.88072e-11 0.015768 0.574982 3.5075e-09 0.0161331 0.0126224 0.00168694 4.9821e-05 
0.0213199 0.237369 2.11912e-09 0.0259368 0.00777357 0.0180037 0.000580664 0.0589527 2.82368e-06 0.000276613 0.00456304 4.23292e-07 0.190235 1.75122e-09 1.34163e-05 2.83003e-09 0.00535133 0.0025629 0.00294458 0.375108 1.29844e-09 0.00288599 0.0460991 2.10642e-05 4.45649e-08 
0.0666812 2.46785e-05 5.46618e-06 0.234037 0.00686205 0.0600706 0.0014336 0.00263737 0.0152367 0.0452766 0.000375017 0.00158797 2.16397e-06 0.00219467 0.000980187 5.70162e-06 0.000522272 2.64583e-05 0.0820145 0.444248 6.84509e-07 0.0154141 0.00531039 0.0150485 4.20172e-06 
1.8873e-06 1.88426e-06 1.88354e-06 0.0551065 1.8874e-06 1.88724e-06 1.88666e-06 0.0392536 1.88658e-06 0.166779 1.88586e-06 0.00509666 0.0203789 1.88425e-06 0.0584408 0.0128006 1.887e-06 1.8872e-06 0.0615172 0.476795 1.88512e-06 0.0124563 0.0709689 0.0203816 1.88528e-06 
0.00894321 1.36234e-10 1.65402e-10 0.0336561 1.12091e-06 0.0923749 0.00163895 0.0326538 3.2571e-08 0.000855971 0.0296292 4.57977e-07 0.00616964 5.13119e-08 1.00865e-10 5.37734e-08 0.00305839 2.31892e-07 0.0130736 0.763619 1.01346e-10 0.00286336 0.0113523 0.000109876 9.47815e-11 
0.0689152 9.5037e-05 0.000837282 0.0767829 0.020966 0.0315005 0.00353196 0.00135556 0.00692957 0.0105617 0.00376029 7.96594e-05 0.000206311 3.1156e-07 0.00039311 1.01532e-05 0.0211004 0.000130284 0.0366801 0.580542 0.00657945 0.0281864 0.0657583 0.0340323 0.00106537 
0.136667 0.00130819 0.000720156 0.0172313 0.0018466 0.0451808 1.71431e-05 0.00415161 7.70661e-07 0.00713799 0.00139295 0.00324829 0.02855 5.77389e-06 3.41898e-07 8.78781e-06 0.00484535 8.81158e-09 0.00602767 0.687556 1.55022e-08 0.0331446 0.020146 0.000809931 3.20071e-06 
0.0102379 1.78737e-07 6.80006e-06 0.0205889 0.0169548 0.0176794 0.00132239 0.0303488 0.00050558 0.00137673 0.00115523 3.09354e-05 0.00156261 0.0295853 0.00782588 0.000161487 7.70092e-05 0.000409575 0.0100444 0.78305 9.14518e-09 0.0150992 0.0478684 0.00159875 0.00250934 
0.00229245 0.113232 0.00158248 0.232993 0.034436 0.00213857 0.000313754 0.00550615 0.0105316 0.025329 0.077029 1.52981e-05 0.00802679 0.00239732 0.0112697 5.46039e-08 0.0101318 3.20251e-05 0.00296606 0.354716 3.52157e-06 0.00474013 0.0503274 0.040586 0.00940351 
0.167496 6.64403e-05 4.31093e-08 0.0440697 0.0282572 0.0325617 0.000371319 0.0049302 0.00903556 0.0389177 0.000269466 5.23082e-07 0.00463199 0.00779854 0.000144908 2.83208e-06 0.000719521 6.87179e-05 0.00702429 0.633592 2.10506e-06 0.0120744 0.00455849 0.00336876 3.73533e-05 
0.161036 3.0229e-07 7.03392e-05 0.324221 0.00432846 0.0131581 0.000183961 0.0100632 0.011426 0.0043819 0.00274076 5.27428e-05 0.0134505 1.64945e-05 7.89157e-05 1.06971e-07 0.00215162 3.02816e-11 0.0135545 0.3801 1.41394e-05 0.0019666 0.0566189 0.000386099 1.73454e-10 
0.000921903 0.000114739 0.000115225 0.124549 0.0305761 0.00319981 0.00414993 0.054378 0.0186371 0.00051254 0.00344501 5.70259e-06 0.000214122 9.44761e-05 0.00148006 6.46875e-05 0.0119323 0.000296648 0.00345734 0.519803 7.99618e-06 0.116352 0.0828467 0.0228401 5.51068e-06 
0.227577 0.000393702 1.24642e-05 0.0918635 0.05073 0.0189522 0.000763524 0.00753743 0.00268733 0.0139129 0.000732164 0.00045063 0.00693611 0.00234843 0.00155687 4.28061e-06 0.00996048 0.00392156 0.00894036 0.476704 4.18084e-06 0.00933705 0.0480379 0.0165834 5.34536e-05 
0.109176 2.57093e-09 1.01378e-07 0.0885748 0.0218239 0.0607935 0.000150966 0.0122777 0.0127746 0.00310967 0.0101882 1.13615e-05 0.0101893 6.56366e-06 0.0177177 7.19166e-05 0.130745 0.0233327 0.0591284 0.181758 7.70422e-07 0.0119538 0.134554 0.0314014 0.0802596 
0.00134756 7.39711e-05 6.42376e-07 0.0474389 0.0601318 0.0265374 0.0403649 0.0645841 0.00720319 0.000233648 0.0366128 0.000267491 0.00334415 6.28442e-05 0.0370832 1.93469e-05 0.00415195 5.39698e-05 0.042496 0.581723 7.38211e-06 0.00203703 0.0279553 0.00588323 0.0103859 
0.0470652 0.000549286 9.74479e-08 0.10402 0.00931493 0.0881515 0.00180639 0.0291821 0.0036461 0.0528075 0.000565681 6.73451e-06 0.00483779 2.07565e-08 3.30209e-07 3.3952e-05 0.0026224 3.19749e-05 0.0112181 0.556457 2.28134e-10 0.0093595 0.0749137 0.00321513 0.000195116 
0.0157942 1.45948e-06 2.66771e-07 0.268534 0.0233769 0.0221973 6.42557e-05 0.00763426 0.00287771 0.0682326 0.00111396 4.89947e-05 0.00180414 4.0648e-08 0.00438364 1.24469e-06 0.0191318 3.99009e-05 0.00467599 0.381607 0.00264586 0.0578125 0.011871 0.105492 0.000658646 
0.00360536 2.31652e-05 8.98785e-08 0.02189 0.0868753 0.0437002 0.00364542 0.065541 0.00431284 0.00209693 0.0200881 0.0043766 0.0154631 7.63819e-06 0.0213043 1.00529e-05 0.017285 0.000341451 0.0204712 0.587382 1.54353e-11 0.010414 0.0657071 0.00214491 0.00331376 
0.0513283 3.15673e-05 8.12704e-07 0.00598447 0.000519809 0.0672467 4.33971e-05 0.0025906 5.37858e-05 0.0157464 0.000692801 1.76691e-05 0.0037152 1.38844e-05 0.0123533 2.54882e-05 0.0505493 7.23522e-05 0.00756793 0.749054 8.16236e-06 0.00338389 0.0282381 0.000708313 5.39624e-05 
0.000330106 5.65442e-10 6.86502e-10 0.000581094 0.000503842 0.00239624 3.99805e-08 0.00560065 0.00022931 1.83161e-07 0.0016172 1.04085e-08 3.2206e-07 5.67318e-10 4.1864e-10 3.16859e-08 3.21885e-05 6.86783e-11 1.46824e-07 0.980395 4.20638e-10 0.00788537 0.000341244 8.6606e-05 2.4319e-07 
0.130706 2.76564e-05 8.96525e-09 0.0280484 0.016545 0.00473881 0.00367952 0.021529 0.000215137 0.00157837 0.115606 0.000859799 0.0103946 0.00054998 0.000244165 3.38682e-05 0.0399879 8.06357e-05 0.0086373 0.472412 3.21045e-06 0.0109475 0.0844166 0.047937 0.000821491 
0.0277619 1.14209e-09 1.38661e-09 0.0937964 0.00704029 0.000555023 9.12534e-06 0.00479759 0.000624926 0.000998367 0.00203122 5.78971e-08 0.0767842 0.000112473 0.00152562 7.0036e-05 0.0105829 0.025396 0.0249807 0.497841 1.3746e-06 0.0347503 0.175406 0.0133236 0.00161109 
0.212156 0.000412927 1.07679e-05 0.00808114 0.00107223 0.0147568 0.00106293 0.000572253 8.08713e-05 0.138784 0.000178137 0.00608836 0.000758723 0.00190153 2.81936e-05 7.38695e-06 0.0518753 1.84927e-05 0.0532903 0.480608 0.00574648 0.00292338 0.0151498 0.00430765 0.000127912 
0.0311243 1.08227e-09 1.31398e-09 0.0127762 0.00020574 3.90754e-07 1.45648e-06 0.00747279 0.0058249 3.18611e-10 0.123366 3.3119e-07 2.73515e-10 1.08586e-09 0.000789472 1.75479e-09 0.0136379 1.31452e-10 0.000208342 0.757338 8.05111e-10 0.00892882 0.0092614 0.0286233 0.00043996 
0.108899 0.00243622 2.05652e-07 0.0363859 0.101371 0.0615382 0.00684998 0.0495229 0.00674812 0.0360238 0.00642018 0.00582273 0.0176573 0.000583538 0.000338846 0.000533977 0.0170392 0.00756818 0.0224194 0.274132 2.43726e-06 0.0479362 0.17831 0.0110056 0.000454563 
0.0742927 0.0011503 0.00109305 0.0485035 0.0153084 0.0538375 0.00136222 0.0299526 0.00803383 0.26753 0.00720139 0.0133306 0.0445363 0.00152353 0.00126304 2.95145e-07 0.0379696 0.000185594 0.0547681 0.277675 1.29839e-05 0.00363368 0.0182717 0.0330141 0.00554965 
0.0752826 6.59095e-05 0.000529302 0.248066 0.0275915 0.0411872 0.000315907 0.0333147 0.00362848 0.00174873 0.00586689 7.39429e-07 0.0269456 0.000140074 0.00195709 6.02436e-05 0.0045425 0.00445629 0.0405502 0.356963 7.04503e-09 0.00169972 0.105265 0.0197797 4.1782e-05 
0.0747059 0.00219343 5.42874e-10 0.0135873 0.0181416 0.00459464 0.00022205 0.0370908 1.34053e-05 0.00321958 0.00318041 0.000117941 0.0373073 0.000169127 0.00311068 2.27564e-08 0.0331727 5.89061e-05 0.00346229 0.596373 0.000155209 0.0245682 0.14056 0.00358783 0.000407386 
0.0112091 2.63188e-07 2.91307e-07 0.000369112 0.00359964 0.00151966 0.240491 0.10765 2.25142e-05 0.0691589 0.00164829 0.0109365 9.35812e-06 7.99925e-06 9.01271e-05 5.83598e-05 4.01579e-05 4.82026e-06 0.169267 0.370641 4.39249e-10 0.0069765 0.00581539 0.000482742 1.82845e-07 
0.0259554 0.214675 1.5134e-06 0.203734 0.0284432 0.0421524 2.92804e-05 0.0540005 0.011876 0.0189699 0.0543931 2.8586e-05 0.0342437 2.15195e-05 0.000277601 5.3711e-07 0.00167032 0.000204663 0.00509525 0.282869 8.68126e-08 0.00317384 0.000802081 0.0173787 3.53981e-06 
0.01007 0.00018074 2.05987e-05 0.0596171 0.0203903 0.0296963 0.00111897 0.0333089 0.0072747 0.023817 0.00244138 0.000315102 0.00121072 1.06201e-06 0.00647485 3.04092e-05 0.00356802 0.0236522 0.0335941 0.694969 7.8743e-07 0.00478338 0.0264221 0.0170061 3.57779e-05 
0.0932619 0.00301399 1.69052e-06 0.162034 0.0720847 0.0181779 0.00191462 0.121446 0.00298759 0.00650164 0.0248215 3.94952e-05 0.00497853 5.99725e-05 0.00314629 8.18371e-05 0.00821721 0.00545063 0.0079303 0.226328 0.000258061 0.0333485 0.0905134 0.103463 0.00993945 
0.000820575 0.0039793 4.7704e-07 0.014437 0.000890759 0.0031689 0.000141787 0.0439139 0.000336281 0.000147441 5.99335e-05 1.68255e-06 0.000196399 1.35574e-06 9.0447e-07 6.74398e-07 0.00775176 1.91598e-10 0.00924219 0.901888 1.17349e-09 0.000557311 0.00189625 0.0105062 6.09137e-05 
0.000609229 0.0219321 4.57709e-09 1.37229e-05 2.12262e-05 0.000659164 3.21597e-05 3.71769e-05 0.00420591 1.83246e-07 0.00307538 2.53654e-07 2.68003e-06 3.78246e-09 0.000375462 6.1126e-09 0.000258845 4.57897e-10 0.000586471 0.96207 2.80451e-09 0.00179309 7.8727e-08 0.00432643 2.62285e-09 
0.0259477 0.000298193 0.000117982 0.0208042 0.0141349 0.0576321 0.000369477 0.11359 0.000256193 0.00504109 0.0365697 2.94118e-06 0.117987 2.05924e-07 9.03056e-05 1.81314e-06 3.71738e-06 0.000129122 0.0553041 0.429359 3.3223e-07 0.062164 0.0577752 0.00241859 3.29388e-06 
0.0113419 1.59843e-05 2.27558e-07 0.107654 0.0234736 0.0416944 2.72538e-05 0.0162873 0.00616353 0.000457269 0.0119274 0.000102671 0.0059954 5.96843e-06 0.00384708 8.32499e-07 0.00211718 0.0103568 0.0420498 0.660215 7.9231e-08 0.0170152 0.038108 2.13805e-07 0.0011424 
0.037236 1.11482e-05 4.65819e-06 0.0129286 0.0490252 0.0555275 0.00570217 0.0407419 0.000236068 0.0192617 0.0189027 8.58986e-05 0.0275842 0.000109408 0.00282935 4.70286e-05 0.0294399 0.0202697 0.0131994 0.357419 0.000111459 0.00630586 0.294957 0.00674162 0.00132193 
0.0718325 0.002847 1.07372e-05 0.123301 0.00897971 0.000904003 0.000138346 0.0470532 0.00100729 0.000120487 0.000469354 3.74127e-05 0.0013924 1.26415e-05 0.0242527 3.62379e-06 0.00874725 0.0162327 0.00506631 0.455124 8.61042e-07 0.0438698 0.0518556 0.0586997 0.0780413 
0.053488 9.02018e-05 4.63514e-05 0.187702 0.0212939 0.0568828 0.00348889 0.064185 0.00187918 0.0136512 0.000888216 1.67889e-07 0.0120667 3.91791e-05 8.25268e-06 0.000103008 0.00615012 1.19268e-05 0.0032242 0.436109 1.58415e-05 0.0373335 0.0993684 0.00194853 2.56561e-05 
0.0607636 2.52207e-05 0.0177306 0.236852 0.133753 0.0118819 0.00543596 0.0321118 0.0419742 0.00608735 0.00280841 3.04912e-05 0.0122086 0.00160722 0.000742722 5.72429e-06 0.00200374 0.000436289 0.00126929 0.348932 1.20778e-07 0.0570289 0.0185593 0.00769248 6.01516e-05 
0.063114 0.00015517 1.43889e-05 0.0814506 0.144714 0.000266947 0.00020319 0.0392615 0.0363823 0.000713538 0.00371145 1.47731e-05 0.0155564 0.00638512 0.000312627 7.05013e-05 0.0362142 0.0119673 0.000811604 0.46875 2.57475e-05 0.00158376 0.0814316 0.00646138 0.000428642 
0.122417 0.000276742 0.00140365 0.0304548 0.100741 0.0537194 0.0033617 0.0384345 0.00347024 0.0788246 0.000555883 0.000222784 0.00210739 0.000280142 0.0345234 0.000437239 0.0028622 0.0479867 0.0840489 0.269657 7.98972e-06 0.00519074 0.108413 0.00921725 0.0013856 
0.0381188 0.000330874 1.58465e-09 0.0147393 0.0652871 0.0179539 0.186242 0.117129 0.00175958 0.106852 0.11785 1.27155e-06 0.00417501 0.000518172 4.13561e-05 4.66702e-06 0.00640331 0.00783007 0.0328613 0.220506 8.30427e-07 0.00569069 0.0370369 0.0183694 0.000297975 
0.068326 6.62575e-08 1.25529e-09 0.0361968 0.0118449 0.0752772 0.000479895 0.0627761 0.000323891 0.014908 0.00047256 0.000368433 0.00304195 0.00228295 0.000153149 3.92412e-06 0.0353545 0.00990203 0.0255321 0.486889 1.00306e-06 0.00395099 0.151953 0.00994625 1.53776e-05 
0.037386 5.08466e-08 2.57687e-08 0.104224 0.00219345 0.0180755 0.000398212 0.00709245 0.00450543 0.00163973 0.00344169 6.02704e-06 0.00137433 3.75428e-08 6.88894e-08 1.85453e-05 0.00861602 0.000666014 0.00429586 0.759271 9.56193e-07 0.00977948 0.0339376 0.00306865 8.82867e-06 
0.147041 0.000523759 2.57386e-09 0.029001 0.0579002 0.124954 0.00597059 0.0959672 0.000192688 0.00106357 0.0501509 4.39087e-05 0.0500287 0.0066693 0.000401403 3.35305e-06 0.0094227 0.00023649 0.0345824 0.217047 3.64795e-06 0.060373 0.0463391 0.0599386 0.00214606 
5.25242e-06 5.24395e-06 5.24196e-06 0.0567268 0.0309963 0.0325693 5.25065e-06 0.114497 0.046734 5.25054e-06 5.24841e-06 0.013659 0.0036809 5.24393e-06 0.000529884 5.23815e-06 5.2516e-06 5.25215e-06 5.25151e-06 0.598099 5.24635e-06 5.25169e-06 0.0824737 0.0199614 5.24681e-06 
0.0703171 0.00010638 0.000670441 0.116417 0.0548031 0.110211 0.0128863 0.0420632 0.0191804 0.0477043 0.00798929 3.82648e-06 0.0181991 0.00304888 0.00132683 0.000162059 0.0104955 0.00382078 0.0180451 0.296945 1.85656e-06 0.0515182 0.0930188 0.0195008 0.00156451 
0.00580473 4.54091e-05 3.02561e-06 0.00836166 0.0840706 0.0655263 0.000883154 0.0730166 9.45027e-06 1.31875e-05 0.0143537 4.90212e-07 0.00734766 1.28167e-05 1.84506e-06 4.04062e-06 6.91642e-05 0.00142595 4.7343e-07 0.722627 2.30996e-06 0.000906993 0.0155041 4.46477e-07 8.98512e-06 
0.18467 0.000135238 4.60212e-06 0.103615 0.0655581 0.0545477 0.00074721 0.058082 0.00183671 0.00683436 0.00182578 6.38693e-05 0.0142762 0.000685044 0.00317547 6.13694e-05 0.0184153 0.00113875 0.0100472 0.339279 3.98801e-05 0.0639263 0.0192643 0.0510738 0.000697908 
0.0248863 6.53031e-08 2.51384e-09 0.0236688 0.0345636 0.0320474 0.00023658 0.0129453 0.0275943 0.000603042 0.00346838 0.0299843 0.00514439 0.00135702 0.00115118 2.43923e-07 0.00167152 0.00794279 0.0041229 0.722407 3.84144e-06 0.00487776 0.0498997 0.00597887 0.00544425 
0.000455195 1.44425e-07 1.09438e-10 0.00158756 0.0160468 0.00451472 2.26563e-05 0.0246504 0.00163665 0.00626802 3.91243e-06 0.00157846 0.000225845 9.42598e-08 0.0270347 8.52925e-06 0.0002519 7.14115e-06 0.0028207 0.890003 6.70557e-11 0.00101976 0.0142852 0.00627317 0.0013059 
0.0165143 0.000924554 1.8857e-10 0.00506576 1.00456e-05 0.00323905 1.83999e-05 0.00671255 0.000178122 0.0018935 0.0116683 0.000339995 0.000764699 9.35774e-08 2.44775e-06 2.51831e-10 0.000578115 7.24637e-09 0.000999063 0.936593 1.15542e-10 0.0107979 0.00337676 0.000186237 0.000137127 
0.182193 0.0392713 0.023521 0.03868 0.0424077 0.0416419 0.00252051 0.026812 0.000410058 0.124616 0.0119869 0.00946012 0.0459599 9.65598e-05 1.68459e-06 1.48807e-05 0.0172621 0.00437231 0.0127447 0.261472 5.94536e-05 0.0190214 0.0910803 0.00439405 1.18214e-07 
0.0400527 0.000246624 0.000560013 0.255859 0.000597829 0.0353601 0.000162972 0.0520243 0.00234755 0.00244736 0.00250946 9.35554e-06 0.135018 0.000748531 7.7126e-05 1.24926e-06 0.0873943 1.92056e-08 0.00746365 0.291671 0.000107271 0.054911 0.0257561 0.00442881 0.000246213 
0.0454033 0.0014493 3.05352e-06 0.0296508 0.0196409 0.175972 0.000752216 0.0243108 0.00941229 0.00419559 0.000906961 0.00374042 0.0307056 0.00131594 0.000187194 1.15684e-05 0.0263088 7.58306e-06 0.0314333 0.517599 5.74427e-06 0.0528909 0.0220934 0.00172402 0.00027943 
0.000820575 0.0039793 4.7704e-07 0.014437 0.000890759 0.0031689 0.000141787 0.0439139 0.000336281 0.000147441 5.99335e-05 1.68255e-06 0.000196399 1.35574e-06 9.0447e-07 6.74398e-07 0.00775176 1.91598e-10 0.00924219 0.901888 1.17349e-09 0.000557311 0.00189625 0.0105062 6.09137e-05 
0.048259 0.000607816 3.78625e-08 0.0924415 0.0113949 0.0309957 0.000145429 0.0244024 0.194996 0.0573889 0.019856 1.64856e-07 0.000726189 9.74316e-05 0.0149298 1.35898e-06 0.00814435 1.7078e-06 0.00330729 0.438743 7.78929e-06 0.0155744 0.0333358 0.00383634 0.000806462 
0.0475409 9.44509e-07 1.95968e-09 0.0279712 0.0282693 0.0706437 0.000177285 0.022234 0.0271649 0.00231209 0.00388221 0.0193179 0.0100316 0.000197045 0.000546067 7.72839e-07 0.102488 0.00366155 0.0155637 0.438861 4.68792e-05 0.0291177 0.139017 0.00793447 0.00302002 
0.0255678 2.40798e-06 8.19621e-10 0.10056 0.0245471 0.0693471 0.00140128 0.000794075 0.0184251 1.86946e-07 6.97588e-07 3.65893e-07 0.0230316 0.000244051 4.33501e-07 1.09458e-09 0.00320837 0.00019496 0.0918728 0.611031 1.17199e-07 0.0295093 0.000256031 5.27158e-06 4.69674e-10 
0.0139119 0.0198441 7.05639e-06 0.0571696 0.0618652 0.0875317 0.0160245 0.109786 0.00593698 0.00413908 0.087582 0.000104427 0.00425273 2.82237e-05 0.000801081 1.03488e-05 0.00255498 0.0183483 0.0188339 0.252442 0.000466308 0.00679255 0.207429 0.0227789 0.00135948 
0.174244 0.000101108 0.000335968 0.182117 0.0159365 0.0468449 0.000916256 0.11786 0.0517868 0.0481631 0.000961973 0.00116591 0.0242364 0.00393014 0.00177673 1.47837e-05 0.0161427 0.000299526 0.0115534 0.243363 3.25053e-06 0.0109366 0.029234 0.0176213 0.000453636 
0.151288 0.00184509 1.88004e-06 0.0251877 0.0591765 0.0492496 0.0234395 0.0180966 0.00211395 0.0639733 0.00655207 0.00144708 0.00760567 3.26734e-05 0.0194932 2.43925e-05 0.0693509 0.000878179 0.015952 0.213085 1.68023e-05 0.11963 0.134051 0.0166171 0.000892299 
0.183543 1.39548e-05 2.22323e-07 0.0803459 0.00860919 0.0232947 0.000952465 0.0445634 0.00310087 0.00258808 0.00635508 3.35096e-07 0.0877999 0.00213762 0.000293668 7.71063e-05 0.0279037 0.000729926 0.0554538 0.197612 0.000215032 0.0645992 0.184945 0.0239947 0.000871688 
0.088888 2.32801e-05 4.2031e-07 0.0233881 0.00448208 0.0324926 3.40437e-06 0.0122143 4.01859e-05 0.000445611 0.148288 0.000747758 0.00727224 0.000124797 0.000138209 5.61314e-07 0.000225179 1.88261e-06 0.000711726 0.594619 7.31184e-07 0.0063642 0.0792716 0.000229496 2.68117e-05 
0.0791896 5.4897e-05 8.35965e-06 0.0207814 0.0200115 0.0311558 0.000112266 0.0117314 0.000488028 0.0307735 0.00115433 3.97237e-05 0.00163673 5.30856e-05 0.000975634 1.88559e-06 0.0180261 0.000151425 0.000731334 0.72312 2.36218e-05 0.0287231 0.0285855 0.00245657 1.41915e-05 
0.0624446 0.00159271 0.0153386 0.0146191 0.286354 0.00513294 0.0104391 0.0243807 0.0100066 0.0116028 0.012173 1.83119e-05 0.0328214 0.000194197 0.00192089 0.00266309 0.00272726 0.00260347 0.0798687 0.289188 3.72714e-06 0.0454233 0.022772 0.0656677 4.41018e-05 
0.0486281 3.20548e-06 3.28786e-07 0.00427511 0.0502762 0.230958 0.000888642 0.0606578 0.000624522 0.00865701 0.00241579 3.62575e-06 0.0325412 0.000379842 0.00153234 0.000112006 0.0159456 0.00196342 0.0144922 0.355507 6.81535e-07 0.0184355 0.144878 0.00592775 0.00089612 
0.0025373 0.000216409 7.27637e-07 0.00184126 0.0242135 3.93719e-05 7.25087e-05 0.00331006 1.8452e-07 0.112471 0.00243337 1.53144e-05 0.000694033 6.01312e-07 0.000245399 9.71741e-07 8.20045e-05 6.67094e-05 0.00282113 0.583835 4.45843e-07 0.120418 3.20634e-08 0.144684 4.16963e-07 
0.136036 3.27029e-05 0.00293848 0.0571306 0.0683174 0.113994 0.00322132 0.0176426 0.0767669 0.0112723 0.0229984 0.00527687 0.06586 0.00201946 0.00597333 0.00140367 0.0119818 0.0012705 0.0336554 0.149576 3.82175e-05 0.0513684 0.136436 0.0237519 0.00103871 
0.0640157 7.44633e-05 0.00117357 0.0667561 0.0666059 0.0249316 0.0202436 0.0912115 0.0127977 0.0204205 0.0243703 0.0252322 0.0561692 0.000129645 0.00541904 0.00970688 0.0147034 0.0138119 0.0389372 0.203214 7.91486e-06 0.0423775 0.109591 0.0877978 0.00030146 
0.0931537 0.00368189 1.88038e-05 0.0941851 0.0252415 0.0422892 0.000519024 0.0291862 0.000828225 0.000237066 0.0564666 3.29545e-05 0.103656 0.00017672 0.000422505 1.88132e-07 0.0189648 4.5928e-06 0.0418624 0.387764 4.67269e-08 0.0691265 0.0237432 0.00843822 2.88637e-07 
0.0571938 9.686e-09 1.17597e-08 0.00460675 3.84536e-05 0.00271382 5.29964e-06 0.00176295 9.13781e-05 1.94036e-05 0.00306354 2.13893e-06 0.0717015 0.000235419 0.000451344 1.57049e-08 0.00546889 1.31115e-06 0.0215091 0.800459 1.11022e-07 0.0225723 0.0080958 1.4102e-06 5.97881e-06 
0.0433462 9.5894e-05 7.92988e-05 0.122757 0.000198457 0.000550287 0.00317788 0.0847681 0.000485481 0.00411395 0.0122926 0.000195528 0.000717944 0.000358701 0.00111244 0.000452011 0.00254465 2.48529e-05 0.0302378 0.279629 2.45765e-05 0.0461639 0.0826795 0.271083 0.0129104 
0.0214774 5.52365e-08 8.94354e-07 0.0968494 0.0550252 0.0121945 0.000239954 0.0906172 0.00384465 0.00670826 9.65748e-05 0.0296899 0.00257877 0.000189413 0.0040813 2.7098e-05 0.00615888 0.00135027 0.0619302 0.310674 9.71531e-05 0.0254432 0.209186 0.0611838 0.000356171 
0.0904672 0.000149374 0.00330083 0.0806085 0.044393 0.0856381 0.00178153 0.00996894 0.015831 0.0168974 0.00529566 0.000683095 0.025171 0.000229492 0.000197356 0.000132199 0.00881374 0.00906213 0.017562 0.451895 6.51155e-06 0.0231805 0.0899155 0.0132386 0.0055808 
8.77402e-09 5.17703e-09 6.28542e-09 2.43259e-06 1.68753e-08 3.35638e-06 9.93127e-07 0.000621003 2.88362e-06 2.28872e-06 0.00464602 1.01837e-09 1.29794e-06 8.5166e-06 0.00010083 8.39403e-09 5.48028e-07 6.28799e-10 1.83489e-06 0.984874 3.85125e-09 0.00348536 1.05117e-06 9.64631e-05 0.00615068 
0.00132665 7.45595e-07 2.5375e-09 0.00234594 0.00578411 0.00496159 5.45504e-06 0.0254428 0.000178885 0.000908405 0.0078463 1.11369e-05 6.24897e-05 2.09696e-09 0.0176794 3.38877e-09 1.9337e-05 2.53854e-10 0.000311464 0.887111 1.55479e-09 0.0180935 0.00134386 0.026445 0.000122356 
0.204832 8.20833e-09 9.96571e-09 0.120353 0.0367634 0.00835503 0.011268 0.0445655 0.00191875 0.000582075 0.00120955 8.47791e-07 0.00778601 8.72049e-06 0.00103928 1.3309e-08 0.000317642 1.58881e-07 0.000197785 0.500098 2.86258e-08 0.0116048 0.0280886 0.0179952 0.00301542 
0.0974946 0.00265596 4.88987e-08 0.195305 0.041743 0.0009889 0.000512831 0.00553567 0.000715424 0.00605159 0.00263964 0.00875521 0.00513925 5.72654e-06 0.000278273 1.24357e-07 0.00528456 0.0226715 0.00545024 0.508471 0.00358105 0.020475 0.0222913 0.0413324 0.00262137 
0.0249788 0.000400801 1.11403e-06 0.00827875 0.0415692 0.00871551 0.00709035 0.0238221 0.00330803 0.00519682 0.014803 0.0130804 0.267061 0.00626768 0.000706953 7.85003e-05 0.00369999 0.00308516 0.00917555 0.499357 7.34561e-07 0.0214528 0.0321768 0.00198313 0.00370981 
0.0150012 0.00082985 9.11991e-08 0.00092322 1.45099e-08 0.00209858 3.64059e-08 4.74258e-11 7.90915e-08 0.00169962 3.02123e-07 6.25966e-11 0.00489586 2.51893e-07 6.06777e-08 5.15959e-10 0.00295048 5.22306e-09 0.00859286 0.962551 4.42338e-05 0.000253118 0.000114794 3.77199e-07 4.39145e-05 
0.00693347 5.33777e-11 6.48057e-11 0.0015776 3.30894e-12 1.29471e-07 1.50457e-11 1.36836e-07 2.0544e-07 1.57139e-11 1.89096e-07 1.68103e-08 0.0201511 5.35548e-11 7.50911e-07 8.65464e-11 9.64895e-12 3.24809e-09 0.0305929 0.929747 3.97082e-11 0.0109966 1.55923e-07 9.56313e-12 3.71361e-11 
0.0303988 5.08335e-05 3.04903e-07 0.0340427 0.069019 0.00276413 0.00453945 0.0202717 0.288231 0.00917662 0.00946268 3.94274e-05 0.00304894 6.06298e-05 0.0138717 5.36399e-05 0.0666223 0.000679944 0.0023493 0.314154 0.000172587 0.0105914 0.0969059 0.0228922 0.00060135 
0.0138477 8.61358e-06 1.07358e-07 0.000526926 0.0286668 9.66104e-09 6.7241e-05 0.0115737 1.51054e-05 0.172084 8.98623e-05 4.14993e-06 1.34661e-05 8.87198e-08 0.0858715 1.43374e-07 2.78692e-05 4.68946e-06 1.26494e-05 0.476789 6.57813e-08 0.000191337 0.00456374 0.203489 0.00215284 
0.000330106 5.65442e-10 6.86502e-10 0.000581094 0.000503842 0.00239624 3.99805e-08 0.00560065 0.00022931 1.83161e-07 0.0016172 1.04085e-08 3.2206e-07 5.67318e-10 4.1864e-10 3.16859e-08 3.21885e-05 6.86783e-11 1.46824e-07 0.980395 4.20638e-10 0.00788537 0.000341244 8.6606e-05 2.4319e-07 
0.0168914 6.35991e-11 7.72156e-11 0.0120914 0.0376572 0.0114737 0.0434396 0.0264322 0.000296518 0.0324339 0.000381598 0.00592154 0.00165419 0.00016309 0.000656169 5.47678e-06 0.00761425 0.00739259 0.13817 0.626553 4.73121e-11 0.0197183 0.00970126 0.000113208 0.00124009 
0.136972 1.95487e-05 6.50782e-08 0.0591071 0.0604478 0.149188 0.00036852 0.0772669 0.00345806 0.00743482 0.00108242 0.0525833 0.119197 0.00502723 3.55999e-06 1.66953e-06 0.0207667 0.00196333 0.059004 0.174368 1.9576e-07 0.0561493 0.00813669 0.00730643 0.000146618 
0.0768692 1.54013e-05 5.93054e-08 0.1027 0.0816274 0.0104893 0.00895289 0.0103297 0.00566695 0.0606065 0.0079535 2.98173e-05 0.00667059 0.000484278 0.0461437 8.0864e-05 0.00683879 0.0118696 0.00752335 0.314978 2.17435e-07 0.00835937 0.0379008 0.140095 0.0538143 
0.048735 0.0024929 1.54141e-09 0.0580786 0.080245 0.00096888 0.00034718 0.0227351 0.0050932 0.217875 0.00267503 5.45436e-05 0.00649868 0.000428347 0.000629339 3.82377e-06 0.00358727 0.0135088 0.130153 0.333257 0.000333321 0.0102419 0.01043 0.0421556 0.00947296 
0.281704 3.68481e-05 9.05719e-06 0.0621329 0.0158291 0.00477135 4.19243e-05 0.0551045 0.000686327 0.00391698 0.015829 1.91488e-05 0.106582 0.0031263 5.51648e-05 3.61801e-09 0.0100298 0.000387794 0.00254761 0.396174 3.1746e-06 0.00745232 0.0323268 0.000856292 0.00037708 
0.00162138 1.76446e-06 7.87618e-10 0.152613 8.80471e-05 0.00615388 1.97712e-05 0.0175445 0.000556548 0.000805744 0.00032589 4.32007e-07 0.000477408 2.68782e-07 2.17392e-06 1.05184e-09 0.000363309 1.71364e-07 0.000114564 0.788024 4.82595e-10 0.00585605 0.0240305 0.00133398 6.65216e-05 
0.0118674 0.00281618 1.09618e-07 0.0696373 0.00136206 0.00986045 2.18997e-06 0.036238 0.000155633 2.658e-08 0.0160381 9.31865e-07 0.0188901 5.00555e-06 3.66615e-05 3.57121e-06 0.00175751 5.73798e-07 0.00137944 0.809251 6.71661e-08 0.0181003 0.00211714 0.000480217 6.28155e-08 
