0.103422 4.4847e-05 4.94105e-10 0.00170302 4.44024e-05 0.122761 4.98275e-06 0.0136595 8.28885e-05 0.000269919 0.0020539 3.17381e-06 0.122114 0.000185712 8.62644e-09 3.39608e-08 0.187256 1.56394e-07 0.122125 0.113858 4.02539e-07 0.172458 0.0372179 0.000681766 5.35758e-05 
9.83214e-05 3.0626e-07 3.71829e-07 1.19607e-05 0.0718461 0.000101896 2.56596e-06 0.830015 2.78104e-05 0.000111277 0.0189235 4.58827e-06 5.12852e-05 1.23697e-05 2.26748e-07 2.42392e-05 0.0374507 0.0376577 4.26184e-05 4.8938e-05 0.000254505 6.54276e-05 0.000257814 0.00282306 0.0001675 
0.63368 0.0162403 4.44676e-06 0.199442 0.00766653 0.000312755 6.11064e-05 0.0165585 0.00397694 0.00194172 0.0267863 1.1631e-07 0.0117788 0.000378097 0.00198078 1.05759e-05 0.00010601 2.82044e-05 0.00528127 0.000193115 2.73065e-08 0.000574772 0.0392137 0.0305644 0.00321987 
0.0424544 0.000341687 3.65258e-08 0.00599223 0.00510238 0.108781 0.000746067 0.0213805 0.0017966 0.0202365 0.000454701 0.006758 0.00388548 0.000199074 0.00307266 0.000110353 0.144378 0.00772214 0.234582 0.00175355 4.09754e-06 0.0242657 0.330683 0.0187463 0.0165537 
0.0118176 2.98449e-06 6.59884e-11 0.0105589 0.0243372 0.00542533 0.000259153 0.0258529 0.0322248 0.001175 0.000175772 0.000384564 0.000709241 2.21287e-07 0.00150547 2.74091e-05 0.00312273 0.00751982 0.0240791 0.00067359 6.75138e-07 0.0115986 0.0124707 0.0283904 0.797688 
0.296115 0.00526796 1.11534e-05 0.0521486 0.0318262 0.0255003 0.00480748 0.0277467 0.00602518 0.114492 0.0022528 0.0128645 0.00724844 0.00107233 0.0241747 1.84424e-05 0.0498451 0.00339682 0.00125455 0.0163983 0.0010034 0.0377313 0.0821005 0.196619 7.88188e-05 
0.411622 2.18249e-07 7.21699e-11 0.384228 0.00713768 3.28247e-07 0.000100744 0.015936 0.0132956 0.000184647 0.0005169 4.63514e-06 7.31361e-07 2.00217e-06 0.00122099 1.1801e-07 0.00349527 0.00212789 0.00579567 0.0245 2.38716e-06 0.00112593 0.125462 0.0027198 0.000519926 
0.00616181 9.3028e-05 1.06671e-08 0.00252528 0.0278127 0.0935947 0.000131793 0.0934397 0.000136131 0.000617733 0.000196507 2.20263e-05 0.0080222 2.61212e-06 0.00148999 1.91204e-05 0.219691 0.000223569 0.00501178 0.00168962 0.000102042 0.328976 0.139498 0.07035 0.000192418 
0.394364 1.57751e-06 1.13104e-07 0.0201649 0.00611283 0.00643671 0.00151102 0.0074064 0.000980379 0.00164236 0.000303349 1.92185e-05 0.0151164 0.0004938 0.000245575 6.17277e-06 0.0216398 0.00819191 0.00639486 0.00370571 7.11819e-05 0.00690051 0.484639 0.0131444 0.000507862 
0.00738253 6.13254e-09 5.3328e-12 0.00146477 0.0040189 0.0139408 0.000107108 0.00148961 4.65766e-05 0.0029522 2.01505e-06 0.000330098 0.000233096 1.74886e-05 3.25203e-12 0.000905177 0.000841458 6.9817e-05 0.9513 0.000730338 1.126e-07 0.00150049 0.0125619 6.05468e-06 9.91142e-05 
0.000279673 0.985705 5.86546e-13 7.38817e-05 0.00169687 0.00104857 0.00234164 0.000301496 1.43222e-05 0.000431021 3.92705e-05 0.000509992 1.18319e-05 3.31957e-10 1.50771e-06 1.0882e-06 9.74491e-05 0.00132081 7.22105e-05 4.91382e-05 0.000181715 0.000545391 0.00216243 0.00310572 8.49915e-06 
0.264242 3.73451e-12 4.53406e-12 0.069814 0.0715384 0.00628973 0.00169525 0.124997 0.00235196 4.46371e-08 1.83694e-06 0.00325752 0.0063798 0.000313017 1.24701e-07 6.05512e-12 0.00405118 0.00190807 0.00348024 0.0189906 2.64876e-05 0.0172147 0.393016 0.0104319 5.76824e-08 
0.226413 0.00178519 1.19448e-06 0.0278127 0.0338756 0.0256707 0.00525234 0.0331996 0.00598316 0.0671558 0.00552276 0.00546747 0.0129007 0.00148465 0.00164436 3.33797e-05 0.100154 0.00910367 0.0600847 0.0468939 0.000242752 0.0412053 0.260956 0.0249117 0.00224417 
0.0573705 0.000137194 4.06162e-08 0.0243642 0.0361229 0.0623035 0.00205013 0.0272268 0.00058457 0.00430476 0.00112556 3.57181e-06 0.149971 0.000123302 0.00129387 2.10321e-05 0.0454651 0.0348037 0.00312828 0.0099512 9.6977e-06 0.0860205 0.425033 0.027912 0.000673792 
0.0214699 2.20241e-05 2.14882e-05 0.0128617 0.0474442 0.312302 0.00773114 0.0323355 0.0100784 0.00201796 0.00122455 6.26029e-05 0.0295881 7.98867e-05 0.00119005 3.76972e-05 0.0387874 0.0116506 0.0255687 0.0093802 4.22403e-07 0.302114 0.107746 0.0262622 2.25219e-05 
0.0335235 4.37956e-09 5.31721e-09 0.0171367 0.183023 0.00465592 0.00408279 0.00358045 0.0175962 0.0316367 9.92395e-05 8.19819e-07 8.63598e-05 3.13707e-05 0.478391 3.75302e-07 0.00669574 0.000123587 2.04462e-05 0.00183952 3.27047e-07 0.00962478 0.0729931 0.11907 0.0157872 
0.128668 0.0232274 2.52518e-10 0.0631195 0.00528353 2.25942e-08 8.95678e-05 0.0476467 2.76522e-07 0.376203 2.74993e-06 0.00185455 0.193848 3.93787e-05 6.0532e-08 3.37232e-10 3.75976e-11 1.28791e-07 0.0195945 0.0404187 7.61342e-06 0.00269141 0.0475441 0.0496737 8.6535e-05 
0.154079 0.164408 9.95867e-08 0.010434 0.0170697 0.0313643 0.00124721 0.00994121 0.00116979 0.447751 0.000222851 0.0293768 0.00477053 0.00700872 0.000362201 1.39739e-05 0.0226323 0.00217746 0.0149783 0.0225727 5.60349e-05 0.013148 0.0220108 0.0231614 4.32357e-05 
0.17531 5.38741e-08 3.12762e-11 3.23714e-05 0.00180571 2.30561e-06 9.93834e-07 0.00317686 0.455804 0.0015044 0.00019659 0.00354061 0.000283608 0.173486 0.000275455 2.51788e-07 0.109721 1.12885e-06 0.0699226 0.00103574 1.80665e-08 0.00162979 1.68745e-06 0.00219198 7.65577e-05 
0.138756 0.000296097 2.75673e-09 0.0123406 0.065528 0.171314 0.0108304 0.0460782 0.00090585 0.0135789 0.0268952 0.00140494 0.0132848 0.000479913 0.000282376 4.22031e-05 0.0700718 0.0081323 0.0638766 0.0108846 4.37354e-06 0.0341112 0.306316 0.00426571 0.000320481 
0.00995105 0.0983895 2.39499e-08 0.00519115 0.142576 0.0022259 0.000554067 0.0493977 0.000620985 0.000233653 3.14346e-05 2.07153e-05 3.6018e-05 5.94288e-05 0.000108776 3.26011e-05 0.000803229 0.0517162 0.0007744 0.000134863 1.99992e-05 0.00405936 0.0574917 0.57547 0.00010168 
0.0217314 1.40736e-05 2.02831e-07 0.00477468 0.0187163 0.0721994 0.00067994 0.0111436 0.00059437 0.0165481 0.00022656 0.0335986 0.002476 0.00798146 0.000146641 0.000377945 0.032863 0.00363657 0.659453 0.00542246 6.84739e-06 0.0634361 0.0416637 0.00216193 0.000146569 
0.0102913 3.46554e-05 5.60454e-07 0.0112407 0.142631 0.00560388 0.00138005 0.00285921 0.00088131 1.98303e-05 0.00536867 1.52087e-05 0.00594487 3.79261e-05 0.00121777 0.00104891 0.00344086 0.0020617 0.000560264 0.750271 2.79982e-06 0.00854301 0.0386338 0.00679018 0.00112056 
0.046793 0.00058268 8.45217e-09 0.0161057 0.0533751 0.197674 0.0110316 0.0838827 0.051632 0.0107483 5.82955e-05 0.000117423 0.00058487 2.43473e-05 0.00240875 3.96585e-05 0.0165928 0.0169638 0.00343344 0.00110779 1.7127e-05 0.105664 0.23032 0.150688 0.00015423 
0.0301052 0.0287259 1.77099e-06 0.0126146 0.0592354 0.0633167 0.00188769 0.252326 0.00169203 0.0241267 5.598e-05 3.9383e-05 0.00034213 3.90839e-08 0.000309201 4.37655e-08 0.0310107 0.0606253 0.00108541 0.000545502 2.41667e-06 0.0570536 0.233508 0.141163 0.000227296 
0.0187352 1.21002e-05 1.18862e-09 0.00362893 0.0274638 0.213081 0.0346668 0.0952616 0.000806284 0.0423357 0.000223938 0.00638482 0.00357247 0.000960476 2.19517e-05 3.6601e-05 0.0964246 0.01272 0.375283 0.00489271 2.07256e-08 0.0290162 0.0327312 0.00166859 7.14212e-05 
0.183813 4.21725e-12 5.12015e-12 0.0338848 0.0457196 0.00209662 0.00197965 0.0820561 0.00252171 0.00833636 1.55117e-06 0.215363 0.00577363 0.000610914 0.000669327 6.89251e-08 0.00202837 0.00107407 0.181231 0.00633037 3.82356e-05 0.0140013 0.189145 0.0216121 0.00171296 
0.138264 6.61077e-05 1.7293e-10 0.205252 0.228861 0.0272279 0.0148372 0.0570449 0.00550968 0.0448975 0.00493557 0.00474025 0.00360268 0.0145639 0.0251623 6.1331e-05 0.0376876 0.002211 0.0267285 0.0519999 0.000171094 0.025456 0.0512341 0.0283397 0.00114597 
0.0741235 8.00414e-06 4.81842e-08 0.188534 0.258839 0.0654933 0.0039426 0.00594813 0.130869 0.00816148 0.0012651 0.000370872 0.00469447 0.00963667 0.00150553 1.76201e-05 0.00525168 0.000857865 0.180541 0.00410627 4.57705e-06 0.0271516 0.0265704 0.00208314 2.4296e-05 
0.00581698 1.67923e-05 3.1479e-08 0.00619621 0.645724 0.0357108 0.0316968 0.0080032 0.103167 0.000497099 0.00169683 3.81794e-06 0.00158077 7.86304e-06 0.00946484 0.000275948 0.0130818 0.00826568 0.00239221 0.000798567 1.14295e-06 0.00740657 0.103949 0.0128715 0.0013738 
0.021446 0.000263099 3.56337e-09 0.00417381 0.0117013 0.732457 0.00730869 0.0545595 0.000422962 0.000104716 4.71737e-06 2.88644e-05 0.0117063 2.361e-06 0.0132466 2.43506e-05 0.000271934 0.00130038 0.00805761 0.00738977 2.12152e-05 0.000837347 0.0964404 0.0282263 4.68213e-06 
0.000560435 2.8289e-06 4.48528e-10 0.000287836 0.0226924 0.00356409 0.928606 0.0133743 0.0023035 0.000628601 1.16779e-05 2.84523e-06 0.000210045 2.01895e-12 1.89154e-05 4.52069e-06 0.000231271 0.00315999 0.0021677 4.68335e-05 6.07049e-10 0.00134292 0.0189351 0.00181353 3.41838e-05 
0.0402968 0.00443582 2.81279e-09 0.00823844 0.022975 0.270251 0.00222607 0.109974 0.0010597 0.00120704 0.000264821 2.14193e-05 0.0402269 1.10234e-06 1.16353e-06 0.000177563 0.141911 0.00729972 0.00422232 0.00985657 0.000172451 0.222888 0.107127 0.00423488 0.000931108 
0.000276338 0.000564392 5.22631e-11 0.000148089 0.0191576 0.0182998 0.923474 0.00217643 0.000678837 0.000137067 1.26839e-05 1.79622e-05 5.27818e-06 1.90477e-07 4.41152e-07 5.47049e-06 0.000445385 0.0107987 0.000692979 8.40603e-05 1.39488e-06 0.00207311 0.0201099 0.000823119 1.65832e-05 
0.0817133 0.00377575 2.13241e-06 0.0458119 0.262058 0.0256852 0.00710489 0.0142218 0.00241315 0.00622683 0.0334513 0.000300866 0.0409825 1.05105e-05 0.0187282 8.98977e-07 0.0106758 0.0403346 0.00562634 0.0665564 0.000262782 0.00216424 0.12158 0.184739 0.025573 
0.0123261 2.62685e-05 9.79259e-10 0.00067988 0.000514653 0.10099 4.38633e-05 0.00677154 5.03372e-05 0.00676924 0.000122868 1.2457e-05 0.0125979 6.42664e-06 3.92078e-05 1.94479e-05 0.393244 0.00041404 0.0446858 0.000750738 6.78725e-07 0.371699 0.0434254 0.00439851 0.00041159 
0.00889166 9.60784e-09 8.73861e-12 0.019901 0.00570836 0.0976856 2.23272e-05 0.00293383 0.000428169 0.00030371 0.000671837 1.60533e-09 0.00191822 7.99948e-06 1.08087e-07 2.71945e-09 0.00799115 0.000384156 0.00663996 0.00360977 3.14188e-09 0.00740056 0.83453 0.000971822 2.11565e-07 
0.00512822 1.29811e-06 4.59881e-11 0.00036866 0.000293214 0.00068593 2.50952e-05 0.000198976 5.91618e-05 0.00578769 4.10294e-05 0.981521 6.37901e-05 0.000352596 5.90632e-06 4.65011e-07 0.000378049 2.06126e-05 0.0018403 0.000600884 2.00444e-08 0.00110591 0.00145608 6.36712e-05 1.51264e-06 
0.00303722 0.0179617 1.05688e-06 0.00187274 0.0321288 0.000781618 0.00789521 0.0153707 0.000244347 0.00108745 0.00580024 0.000165009 0.00130923 0.000433219 0.00825878 0.000456578 1.5736e-07 0.639509 0.000350755 6.76617e-05 0.000181712 0.00662567 0.0016435 0.254696 0.000120955 
0.0929163 0.0117628 1.07828e-08 0.118708 0.0117805 0.0526267 0.000523029 0.0115504 0.00150281 0.00233 0.000983173 0.0746223 0.0127358 0.00247229 6.59573e-06 8.70596e-06 0.0184431 0.0388133 0.359226 0.130818 1.31072e-07 0.0175759 0.0404535 8.33864e-05 5.71853e-05 
0.00512822 1.29811e-06 4.59881e-11 0.00036866 0.000293214 0.00068593 2.50952e-05 0.000198976 5.91618e-05 0.00578769 4.10294e-05 0.981521 6.37901e-05 0.000352596 5.90632e-06 4.65011e-07 0.000378049 2.06126e-05 0.0018403 0.000600884 2.00444e-08 0.00110591 0.00145608 6.36712e-05 1.51264e-06 
0.824844 3.4578e-05 5.22747e-11 0.0031149 0.00102842 0.00226027 5.28439e-06 0.00500015 0.000111429 0.000758302 0.0141262 1.41758e-05 0.0103235 1.78735e-06 9.99936e-05 6.99607e-09 0.0153823 9.30394e-05 0.000171667 0.000506754 5.39875e-06 0.0148218 0.0912864 0.0160006 8.78311e-06 
0.00416782 0.00165001 8.53534e-08 0.0086233 0.372089 0.0281623 0.379849 0.0388166 0.00691799 0.00242457 0.000361801 7.1402e-05 0.00126588 9.40681e-05 2.93001e-05 1.63046e-05 0.00612216 0.0644661 0.00886503 0.00463895 1.1161e-06 0.0162773 0.0411372 0.0137252 0.00022734 
0.000279673 0.985705 5.86546e-13 7.38817e-05 0.00169687 0.00104857 0.00234164 0.000301496 1.43222e-05 0.000431021 3.92705e-05 0.000509992 1.18319e-05 3.31957e-10 1.50771e-06 1.0882e-06 9.74491e-05 0.00132081 7.22105e-05 4.91382e-05 0.000181715 0.000545391 0.00216243 0.00310572 8.49915e-06 
0.00379455 3.2746e-05 2.44439e-11 0.00268705 0.044802 0.838588 0.0143816 0.000868799 0.00578396 0.000206115 4.02232e-05 9.00226e-07 0.00152518 6.60402e-09 2.91848e-05 1.04359e-08 6.10421e-05 0.00215746 0.000281234 0.0506311 2.29247e-07 0.000618111 0.021074 0.00674097 0.00569589 
0.00512822 1.29811e-06 4.59881e-11 0.00036866 0.000293214 0.00068593 2.50952e-05 0.000198976 5.91618e-05 0.00578769 4.10294e-05 0.981521 6.37901e-05 0.000352596 5.90632e-06 4.65011e-07 0.000378049 2.06126e-05 0.0018403 0.000600884 2.00444e-08 0.00110591 0.00145608 6.36712e-05 1.51264e-06 
0.00778935 1.0945e-06 7.36851e-13 0.000820772 0.00354155 0.0753876 0.000354007 0.0075174 0.000114924 0.000949112 0.00026072 2.82596e-05 0.000972324 3.22616e-09 1.42315e-05 2.49175e-05 0.0610896 0.0135323 0.629247 0.00037064 3.12201e-06 0.128718 0.0664351 0.00266546 0.000162614 
0.0347411 5.97905e-09 3.86561e-09 0.00342192 0.0560077 0.0173242 0.000901845 0.00327595 0.0014874 0.0342434 0.00100572 0.000205533 0.0055654 4.40228e-10 4.65367e-08 0.000325304 0.26496 0.00756403 0.0222907 0.000519828 1.58975e-06 0.173869 0.348622 0.0207987 0.00286924 
0.00405713 3.81102e-06 6.47166e-10 0.000459333 0.0806058 0.013256 0.00538852 0.00205454 0.00331211 0.00862013 0.000166511 4.73503e-06 0.000154486 2.57137e-06 4.7937e-05 1.47918e-06 0.000320101 0.820607 0.0006404 0.000727205 2.81536e-07 0.000160821 0.0510901 0.00673861 0.00158038 
0.067905 1.07565e-05 4.26329e-07 0.00558685 0.025614 0.00288854 0.000856595 0.000756456 0.000364189 0.364385 0.00529091 0.411418 0.00329562 4.06774e-05 0.00109103 3.55246e-07 0.00740825 0.0117672 0.00912437 0.0241403 4.43981e-06 0.000281061 0.0551346 0.00241868 0.000216384 
0.0187037 1.08345e-05 5.54694e-10 0.0193721 0.193592 0.181099 0.00602233 0.0321007 0.00344475 0.0165285 0.0198796 8.98721e-11 0.0970689 1.80246e-06 0.00273885 2.50254e-06 0.0231094 0.000129077 0.0162716 0.0252466 1.25099e-06 0.0115969 0.225988 0.107014 7.69818e-05 
0.166014 4.74083e-06 1.65343e-09 0.00715458 0.0121767 0.105737 0.0925427 0.0122827 0.00351146 0.00130338 9.57263e-05 1.25946e-06 9.65145e-05 0.000233437 4.98949e-08 4.41203e-07 0.012394 0.00875608 0.00736786 0.000573869 3.78572e-12 0.0121676 0.485375 0.0721896 2.11191e-05 
0.00512822 1.29811e-06 4.59881e-11 0.00036866 0.000293214 0.00068593 2.50952e-05 0.000198976 5.91618e-05 0.00578769 4.10294e-05 0.981521 6.37901e-05 0.000352596 5.90632e-06 4.65011e-07 0.000378049 2.06126e-05 0.0018403 0.000600884 2.00444e-08 0.00110591 0.00145608 6.36712e-05 1.51264e-06 
0.0193946 0.000427277 3.86968e-05 0.0149865 0.010403 0.406372 0.00288379 0.072934 0.000254658 0.00160164 0.00390822 9.66211e-05 0.00606056 1.58449e-05 0.000229745 7.78883e-05 0.0837112 0.00531356 0.0413576 0.0251406 0.0177024 0.0531832 0.220051 0.0137506 0.000104565 
0.133855 8.89077e-07 1.81427e-12 2.1988e-05 0.0100985 0.000601143 0.0188972 0.00212762 0.712655 0.0108014 0.000121714 0.0259675 0.000152514 0.00663443 0.000424763 2.81873e-05 0.0300329 0.000129681 0.043085 0.000806989 1.30995e-05 0.000844932 0.000657523 0.00189856 0.000143589 
0.00512822 1.29811e-06 4.59881e-11 0.00036866 0.000293214 0.00068593 2.50952e-05 0.000198976 5.91618e-05 0.00578769 4.10294e-05 0.981521 6.37901e-05 0.000352596 5.90632e-06 4.65011e-07 0.000378049 2.06126e-05 0.0018403 0.000600884 2.00444e-08 0.00110591 0.00145608 6.36712e-05 1.51264e-06 
0.000288557 3.34615e-05 6.83954e-12 9.98478e-05 0.00127082 4.50481e-05 0.000119684 0.000286053 0.000132634 3.91907e-05 1.52532e-05 1.46848e-05 8.40836e-05 3.2832e-09 0.000267754 3.29496e-08 5.12908e-05 0.000123154 0.00073062 7.18389e-05 5.25239e-08 0.00315375 0.00067415 0.00175953 0.990739 
0.0676284 0.000157299 6.00289e-07 0.190361 0.0309587 0.433045 0.000946286 0.0767089 0.00762631 0.031161 0.00817108 0.000162487 0.000924111 6.19632e-05 0.00359094 4.9585e-08 0.017325 0.000179726 0.00577208 0.0341508 1.63429e-08 0.0244052 0.0275336 0.0384249 0.000704763 
0.00512822 1.29811e-06 4.59881e-11 0.00036866 0.000293214 0.00068593 2.50952e-05 0.000198976 5.91618e-05 0.00578769 4.10294e-05 0.981521 6.37901e-05 0.000352596 5.90632e-06 4.65011e-07 0.000378049 2.06126e-05 0.0018403 0.000600884 2.00444e-08 0.00110591 0.00145608 6.36712e-05 1.51264e-06 
0.00512822 1.29811e-06 4.59881e-11 0.00036866 0.000293214 0.00068593 2.50952e-05 0.000198976 5.91618e-05 0.00578769 4.10294e-05 0.981521 6.37901e-05 0.000352596 5.90632e-06 4.65011e-07 0.000378049 2.06126e-05 0.0018403 0.000600884 2.00444e-08 0.00110591 0.00145608 6.36712e-05 1.51264e-06 
0.262018 0.000243877 5.07408e-09 0.0177713 0.0241653 0.0917687 0.0040433 0.0413323 0.0185417 0.0164898 0.00158875 0.00757238 0.00899623 0.00131922 0.000540586 0.000230851 0.038018 0.0233468 0.242181 0.0180529 0.000348002 0.0293181 0.143499 0.00720634 0.00140764 
0.0204985 8.99574e-06 3.76117e-10 0.00619615 0.00889222 0.0221403 0.000425616 0.00582292 0.000328445 0.0248228 0.000266323 0.637312 0.00214492 0.000537679 1.0732e-05 0.000269915 0.00154919 0.00221707 0.227848 0.00296865 1.69898e-06 0.0159642 0.0190669 0.000593821 0.000112543 
0.00224411 9.73963e-07 1.29473e-09 0.00102517 0.000136541 5.69931e-05 9.59326e-08 0.000228659 6.78514e-05 0.000221825 2.01971e-05 0.000311285 0.00028537 1.45792e-09 8.38062e-06 1.51936e-06 6.11415e-05 0.00304215 0.00326156 5.87806e-05 2.90767e-06 0.000308208 0.00115286 0.00127836 0.986225 
0.00512822 1.29811e-06 4.59881e-11 0.00036866 0.000293214 0.00068593 2.50952e-05 0.000198976 5.91618e-05 0.00578769 4.10294e-05 0.981521 6.37901e-05 0.000352596 5.90632e-06 4.65011e-07 0.000378049 2.06126e-05 0.0018403 0.000600884 2.00444e-08 0.00110591 0.00145608 6.36712e-05 1.51264e-06 
0.0515697 1.42018e-06 7.65238e-11 0.0715437 0.0274413 0.0419095 0.00147834 0.0282498 0.0060458 0.000591409 0.00108709 1.45965e-06 0.0215599 0.000341494 5.90299e-05 9.67572e-05 0.00969288 0.0103945 0.00575064 0.235034 3.80932e-07 0.0130425 0.473437 0.000461863 0.000209197 
0.00224411 9.73963e-07 1.29473e-09 0.00102517 0.000136541 5.69931e-05 9.59326e-08 0.000228659 6.78514e-05 0.000221825 2.01971e-05 0.000311285 0.00028537 1.45792e-09 8.38062e-06 1.51936e-06 6.11415e-05 0.00304215 0.00326156 5.87806e-05 2.90767e-06 0.000308208 0.00115286 0.00127836 0.986225 
0.0227277 4.22271e-07 2.87644e-10 0.154218 0.000749695 0.292104 0.000446089 0.0344254 0.000656095 0.000435511 0.00197103 7.95324e-06 0.07291 2.58146e-05 1.14476e-05 1.61484e-06 0.0308938 0.00445582 0.0985721 0.00808715 4.92701e-08 0.0486897 0.222913 0.00243194 0.00326489 
0.000279673 0.985705 5.86546e-13 7.38817e-05 0.00169687 0.00104857 0.00234164 0.000301496 1.43222e-05 0.000431021 3.92705e-05 0.000509992 1.18319e-05 3.31957e-10 1.50771e-06 1.0882e-06 9.74491e-05 0.00132081 7.22105e-05 4.91382e-05 0.000181715 0.000545391 0.00216243 0.00310572 8.49915e-06 
0.0036265 0.00161833 2.17439e-08 0.00132848 0.323787 0.156321 0.107709 0.128738 0.00967513 0.00143269 0.0210583 9.10053e-05 0.000504143 3.7352e-05 0.00440583 2.79302e-06 0.0199533 0.0428514 0.0149991 0.00185732 0.000177609 0.050837 0.0650904 0.0436249 0.000273022 
0.0294642 9.71841e-05 9.65246e-10 0.000408251 0.0761169 0.346852 0.0171201 0.0338027 0.00266748 0.0472119 0.000283126 0.00357844 0.00158673 0.000426031 0.0014262 2.02653e-05 0.143472 0.0443431 0.0649971 0.00265625 3.71492e-08 0.054659 0.113273 0.014627 0.000910818 
0.0340232 0.0011757 4.38164e-05 0.0671791 0.0517522 0.0887844 0.00707393 0.159862 0.0176823 0.00895037 0.002496 0.00340548 0.0184264 0.000179455 0.00240299 8.16544e-05 0.07084 0.012624 0.0662383 0.00827271 4.35126e-05 0.0598324 0.291245 0.0269707 0.000413746 
0.220028 0.000275424 2.48558e-05 0.261795 0.0099415 0.0668845 0.00100557 0.0249726 0.00972746 0.0221883 0.000291639 0.00972599 0.0108513 0.00396747 0.000614141 8.73112e-05 0.1406 0.00196342 0.00569106 0.0184808 6.08112e-08 0.0386745 0.110588 0.0415758 4.48269e-05 
0.0355395 0.0115181 7.50619e-09 0.00342623 0.453241 0.0241873 0.000492915 0.0222023 0.0345226 0.0428861 0.0109181 0.000152578 0.000779642 4.92651e-08 1.47195e-05 0.000250498 0.000796616 0.0428498 0.000944855 0.000118542 1.05606e-07 0.00936478 0.291873 0.0132778 0.000642242 
0.00510365 1.02631e-06 1.11731e-07 0.0668942 0.0517584 0.0112632 4.36685e-07 0.182818 0.000920789 0.000578863 1.42371e-06 1.25595e-07 0.0041397 1.26808e-06 0.0312899 5.35733e-07 5.63323e-06 6.71542e-07 1.81014e-10 3.69207e-06 7.0882e-10 0.0224757 0.389289 0.233453 8.3809e-07 
0.00671881 3.06012e-05 8.15586e-09 0.0158596 0.00320159 0.00367083 1.09448e-05 0.00723198 0.000490101 0.00118706 0.0098147 3.35676e-07 0.840321 2.35352e-06 0.00319244 8.61593e-05 0.0558165 0.000213647 0.00185414 0.0143033 6.34251e-06 0.00469658 0.0184823 0.0126027 0.000205824 
0.0111111 0.000281905 4.47641e-12 0.0115207 0.0172669 0.00328481 0.000497446 0.0065204 0.0021044 0.0148974 0.00218542 0.000976767 0.00285748 5.70635e-09 0.0451646 2.19654e-07 0.000630323 0.00691003 0.00910121 0.018665 9.64982e-07 0.00419048 0.0163647 0.0363663 0.789101 
0.275625 0.00161834 4.61944e-06 0.0139362 0.0255509 0.0758072 0.0211521 0.301057 0.00171962 0.00360547 0.0123914 0.00727464 0.0227318 0.000165583 0.0019026 0.000115034 0.0496287 0.00597658 0.0359641 0.0370041 4.02472e-05 0.0363798 0.0580298 0.010955 0.00136421 
0.00558869 2.17479e-06 7.05711e-10 0.00246744 0.00516218 0.0277135 0.00112605 0.0028782 0.000210494 7.6344e-05 0.000137224 9.4576e-06 0.0515098 2.11598e-06 2.66953e-09 2.72537e-06 0.00936019 0.0414416 0.00684523 0.00174562 2.59703e-07 0.825782 0.0151733 0.000167648 0.00259798 
0.00346903 0.000138104 9.72519e-09 0.00328334 0.273031 0.0184274 0.322035 0.0186939 0.00243317 0.00389531 0.00107528 2.37312e-05 0.000320499 0.00677096 0.000138658 2.05684e-05 0.0153433 0.236685 0.0242852 0.000111475 3.59778e-08 0.0224661 0.044137 0.00306372 0.000152214 
0.00101295 3.50144e-07 4.55904e-10 0.00569311 0.320601 0.00774102 0.00348475 0.00046882 0.633054 1.34353e-06 0.0103529 8.89114e-06 9.49e-11 4.05289e-09 1.01265e-06 3.3642e-09 0.000167753 0.00585775 1.65128e-05 0.00199213 2.55593e-09 0.00467449 0.00149298 0.00268977 0.00068834 
0.00228731 4.82298e-07 3.95643e-09 0.00482821 0.814835 0.000627205 0.00688633 0.10783 0.00477087 1.32936e-06 0.0165247 9.35605e-05 0.0136753 3.39476e-06 0.00797773 1.11199e-07 0.000185056 0.00165079 0.00242978 0.00374053 2.42421e-09 0.000908592 0.00117446 0.00956921 2.26719e-09 
0.288153 7.33923e-06 4.79435e-09 0.252477 0.0126892 0.0677379 0.00312898 0.0545897 0.000524471 0.000229502 0.00147767 0.00101247 0.0116302 6.26277e-07 0.000506535 3.16704e-05 0.0726645 0.00100727 0.00642982 0.0152035 1.09418e-07 0.0166144 0.190216 0.00363185 3.61977e-05 
0.022426 4.18442e-09 1.19735e-10 0.0205173 0.0758654 0.0762885 0.0216783 0.419229 0.00189204 0.00338459 0.00428416 3.79045e-05 0.0911461 9.89479e-11 0.000132492 0.000132385 0.0419 0.0683063 0.0555117 0.0367356 1.2696e-05 0.00889047 0.0458467 0.00578133 7.83021e-07 
0.00512822 1.29811e-06 4.59881e-11 0.00036866 0.000293214 0.00068593 2.50952e-05 0.000198976 5.91618e-05 0.00578769 4.10294e-05 0.981521 6.37901e-05 0.000352596 5.90632e-06 4.65011e-07 0.000378049 2.06126e-05 0.0018403 0.000600884 2.00444e-08 0.00110591 0.00145608 6.36712e-05 1.51264e-06 
0.000279673 0.985705 5.86546e-13 7.38817e-05 0.00169687 0.00104857 0.00234164 0.000301496 1.43222e-05 0.000431021 3.92705e-05 0.000509992 1.18319e-05 3.31957e-10 1.50771e-06 1.0882e-06 9.74491e-05 0.00132081 7.22105e-05 4.91382e-05 0.000181715 0.000545391 0.00216243 0.00310572 8.49915e-06 
0.0291545 0.000267781 1.15721e-09 0.00524515 0.00577215 0.0177502 0.00026829 0.00717463 0.000433506 0.0181295 0.000340345 0.529864 0.00328367 0.00049164 0.000151651 0.000160198 0.00411137 0.00204831 0.290149 0.00280749 6.7797e-05 0.0112771 0.0131245 0.057877 5.02285e-05 
0.133444 2.13783e-05 1.67239e-12 0.00125338 0.00111837 0.0179583 0.00038512 0.0195724 0.000139579 0.018591 4.37671e-05 0.00807006 0.00105084 0.000707812 0.00125387 3.97209e-05 0.285507 0.000379796 0.0649007 0.000161755 0.000104913 0.213983 0.171918 0.059325 6.92552e-05 
0.0119043 0.000446562 3.03555e-05 0.321031 0.06665 0.02032 0.00033063 0.00515904 0.00119979 0.011004 0.0181065 7.32999e-05 0.000791213 2.16176e-06 0.188102 3.26807e-05 0.0230776 1.94878e-06 0.00154277 0.0158392 0.000103047 0.036617 0.0205951 0.254146 0.00289428 
0.00814513 2.85308e-06 3.77673e-10 0.0488485 0.135993 0.157999 0.00240427 0.0025096 0.016901 0.0013899 0.000833295 5.81413e-07 0.000775199 1.42275e-06 0.000108908 5.20023e-07 0.0075622 0.0723331 0.00852783 0.00422939 4.54713e-06 0.00261837 0.527405 0.00137337 3.344e-05 
0.000616835 1.85896e-06 7.23216e-10 0.000639658 0.0152984 0.00374603 0.940825 0.0125613 0.00181457 0.000509365 7.6528e-06 1.86459e-06 0.000161413 6.35877e-12 3.99468e-05 2.96793e-06 0.000358805 0.00216476 0.00210943 0.000144974 9.1797e-10 0.00195415 0.0154418 0.00157681 2.23905e-05 
0.128414 0.0866058 1.34415e-06 0.0540859 0.0102499 0.478453 0.000855461 0.00548821 0.000485383 0.0139872 0.00217239 0.00296927 0.033988 1.56881e-05 2.43242e-05 0.000188783 0.0100345 0.000947262 0.0530414 0.00522187 2.026e-05 0.0385134 0.0697955 0.00432675 0.000113739 
0.00558869 2.17479e-06 7.05711e-10 0.00246744 0.00516218 0.0277135 0.00112605 0.0028782 0.000210494 7.6344e-05 0.000137224 9.4576e-06 0.0515098 2.11598e-06 2.66953e-09 2.72537e-06 0.00936019 0.0414416 0.00684523 0.00174562 2.59703e-07 0.825782 0.0151733 0.000167648 0.00259798 
0.0150815 0.000320783 1.09384e-05 0.0394335 0.0249798 0.00373151 0.00204784 0.0736472 0.00509612 0.000855194 0.0602594 0.000317275 0.0261724 3.46856e-06 0.0156292 1.49732e-05 0.207697 0.000165918 0.00596055 0.0270035 0.152849 0.00672142 0.0414223 0.288011 0.00256875 
0.000279673 0.985705 5.86546e-13 7.38817e-05 0.00169687 0.00104857 0.00234164 0.000301496 1.43222e-05 0.000431021 3.92705e-05 0.000509992 1.18319e-05 3.31957e-10 1.50771e-06 1.0882e-06 9.74491e-05 0.00132081 7.22105e-05 4.91382e-05 0.000181715 0.000545391 0.00216243 0.00310572 8.49915e-06 
0.0040407 7.46148e-07 2.88249e-09 0.00487096 0.00329751 0.195757 1.004e-06 0.000993431 0.00021046 3.73936e-06 0.000166046 2.46055e-07 1.53793e-06 2.38206e-09 0.000302089 3.68116e-05 0.382158 0.0352795 0.0851421 5.36379e-06 1.76618e-09 0.0226735 0.0826974 0.182359 3.1434e-06 
0.102211 9.21472e-05 2.10673e-11 0.0091537 0.0497712 0.127408 0.0108501 0.0490579 0.00016459 0.00162792 4.70332e-05 2.08663e-05 0.000256073 4.75312e-10 2.93665e-05 5.55518e-05 0.0196449 0.0104383 0.00663118 9.2801e-05 5.03802e-05 0.0247051 0.564321 0.0233628 8.05808e-06 
0.0596316 0.00169104 1.4332e-05 0.158624 0.00873532 0.00152584 1.43869e-05 0.0940453 6.25817e-05 0.0625511 8.8297e-05 8.45326e-05 0.000603228 1.64904e-08 0.0235103 6.98524e-06 0.000103314 3.22996e-05 0.00027284 0.00115381 4.2278e-05 0.00101618 0.000141208 0.585642 0.000407075 
0.00243611 0.000860534 1.47651e-06 0.00695634 0.00599859 0.00123246 0.000295993 0.196115 0.000493126 0.000163596 0.000428038 6.78243e-06 0.000443548 1.21699e-05 0.107101 8.04682e-06 0.000109138 0.0120818 0.00162578 0.0277447 2.50871e-05 0.00234857 0.0408379 0.592371 0.000303833 
0.085151 2.78592e-05 9.50156e-09 0.00454446 0.0379813 0.0811429 0.00187279 0.018024 0.0012705 0.0654983 7.17451e-05 0.0269416 0.00209274 0.00214871 0.0026275 5.05639e-05 0.0201068 0.034061 0.453281 0.0122056 1.13615e-05 0.0426178 0.0427086 0.0654329 0.000129511 
0.00558869 2.17479e-06 7.05711e-10 0.00246744 0.00516218 0.0277135 0.00112605 0.0028782 0.000210494 7.6344e-05 0.000137224 9.4576e-06 0.0515098 2.11598e-06 2.66953e-09 2.72537e-06 0.00936019 0.0414416 0.00684523 0.00174562 2.59703e-07 0.825782 0.0151733 0.000167648 0.00259798 
0.0125211 9.18351e-06 2.01627e-06 0.00463191 0.0292074 0.00023785 0.00171626 0.809378 0.0035427 0.000504269 0.0375957 1.92383e-06 0.000596261 0.000130573 0.000517722 4.18224e-05 0.00232475 7.81993e-05 0.00332259 0.00109889 1.83133e-06 0.00067843 0.0285207 0.0631976 0.000141915 
0.0022122 0.000197378 6.48908e-12 0.00353962 0.00207168 0.631152 0.0182186 0.0186206 0.000808206 0.00102332 7.69608e-05 1.27231e-05 0.000315718 1.65718e-05 1.35861e-08 1.42286e-05 0.000492498 7.7192e-05 0.101207 0.000551325 5.10532e-09 0.0152653 0.203502 0.000564318 6.12141e-05 
0.0430653 3.78517e-05 4.34546e-08 0.00450174 0.0236386 0.0266406 0.00397514 0.00788113 0.000613169 0.0782768 0.000863516 0.543944 0.00194518 0.000337084 3.69355e-05 2.13232e-05 0.0149512 0.0108715 0.0432639 0.0209155 2.35247e-06 0.0522012 0.114353 0.00763423 2.90142e-05 
0.116872 0.00489138 0.00015373 0.138298 0.0390584 0.128337 0.00265379 0.0942472 0.00216047 0.0127839 0.00182542 0.000767946 0.0182142 0.00134269 0.00260631 5.41929e-05 0.0433702 0.0236853 0.00496161 0.0966506 0.000693492 0.0163138 0.206809 0.0376431 0.00560749 
0.00512822 1.29811e-06 4.59881e-11 0.00036866 0.000293214 0.00068593 2.50952e-05 0.000198976 5.91618e-05 0.00578769 4.10294e-05 0.981521 6.37901e-05 0.000352596 5.90632e-06 4.65011e-07 0.000378049 2.06126e-05 0.0018403 0.000600884 2.00444e-08 0.00110591 0.00145608 6.36712e-05 1.51264e-06 
0.0955963 1.08296e-05 8.03874e-06 0.00513085 0.000244251 0.00130067 3.78087e-05 0.00744247 0.000209252 0.00060841 6.97278e-05 1.27444e-05 9.93712e-05 2.44008e-05 1.34732e-05 2.4574e-05 0.280545 0.014279 0.000871799 0.000646711 2.24557e-05 0.0129282 0.568173 0.0116905 9.62491e-06 
0.016457 2.96863e-05 0.000290846 0.0192698 0.457636 0.0362261 0.132281 0.0271985 0.0252191 0.00344708 0.004359 0.00231552 0.00735499 0.00220473 0.000423743 0.0446506 0.0304004 0.0521674 0.0217346 0.00710928 2.60851e-05 0.0397666 0.0419588 0.0262945 0.00117864 
0.0939625 0.000247947 4.75893e-09 0.00966177 0.0136633 0.0618915 0.000211978 0.0708575 0.000239096 0.000441661 0.00125493 2.19951e-05 0.0311547 1.70867e-05 0.000257767 3.82996e-05 0.306917 9.75865e-05 0.0112369 0.00542832 1.46084e-07 0.228461 0.156453 0.00724125 0.000242845 
0.000214205 0.00044564 2.35802e-07 9.09916e-07 0.145564 4.84647e-05 0.0129725 0.0256367 0.00253981 0.00740187 8.05647e-05 0.000122533 0.000371742 6.32462e-07 0.0170325 9.99447e-07 0.00789248 0.00377561 0.000805577 0.00226528 3.65312e-05 0.00357206 0.00918309 0.757847 0.00218937 
0.00179961 2.56375e-08 1.50305e-11 0.000488319 0.0287093 0.00167837 0.00146259 0.000604817 0.00520573 0.92344 9.18962e-09 0.0164992 2.43242e-05 0.00179317 0.000500502 1.70397e-05 3.81273e-07 0.010579 6.6059e-07 0.000693707 1.27838e-09 0.000747054 1.1867e-07 0.00533787 0.000418317 
0.611005 0.000674087 2.75512e-11 0.0261406 0.0303266 0.0134822 0.000696495 0.00814616 0.00699126 0.01067 0.000244671 0.026891 0.00867108 0.00334107 4.42094e-05 2.90798e-05 0.00409148 0.014698 0.00594286 0.00576371 8.30544e-06 0.0365503 0.175778 0.00952584 0.00028731 
0.00512822 1.29811e-06 4.59881e-11 0.00036866 0.000293214 0.00068593 2.50952e-05 0.000198976 5.91618e-05 0.00578769 4.10294e-05 0.981521 6.37901e-05 0.000352596 5.90632e-06 4.65011e-07 0.000378049 2.06126e-05 0.0018403 0.000600884 2.00444e-08 0.00110591 0.00145608 6.36712e-05 1.51264e-06 
0.0275689 0.00157186 7.3451e-08 0.0188138 0.119739 0.00169425 0.00536899 0.350466 0.0194846 0.0385492 0.000745599 1.32989e-05 0.034129 6.47366e-07 0.00543643 7.03516e-05 0.00996641 0.0252083 0.00616773 0.0072635 1.41854e-06 0.10225 0.045272 0.180041 0.000177739 
4.78724e-05 2.5242e-07 1.19921e-09 0.000674722 0.935443 9.05514e-08 0.023755 0.00112837 0.00823973 0.0028505 0.000679355 1.94298e-10 2.49626e-10 8.53568e-07 0.000148203 0.00101551 4.74969e-07 0.0172314 0.000119377 9.45423e-08 2.81564e-06 0.00150083 4.33488e-07 0.0071004 6.06623e-05 
0.0119723 1.40497e-05 3.63828e-12 0.0159876 0.00367053 0.0249902 3.11436e-05 0.00394644 0.000204147 0.00273393 0.000295995 5.20066e-05 0.00222514 4.20401e-05 0.00036648 5.64851e-05 0.432248 0.00188783 0.348916 0.00304079 0.000406786 0.0196941 0.104561 0.0198107 0.00284587 
0.000755239 4.25761e-11 5.16915e-11 0.000793998 0.00491683 0.258674 0.00128795 0.0121426 1.32355e-07 9.51609e-06 9.1881e-08 1.16826e-08 7.67921e-05 1.50349e-07 3.15223e-11 2.95947e-07 0.659607 0.000152545 0.0198823 7.17956e-08 1.58255e-06 0.00677429 0.0175665 0.017358 1.45702e-07 
0.0931329 0.000435043 5.72253e-07 0.103055 0.0178609 0.140835 0.000361392 0.0207883 0.000535052 0.205724 0.0262797 0.000206731 0.00228232 4.27174e-07 0.00205086 4.18212e-06 0.00379433 0.0083743 0.0161136 0.0118253 0.000803842 0.0373363 0.141521 0.164826 0.00185156 
0.00637633 0.0227832 4.53982e-08 0.00252183 0.0429328 0.634616 0.044639 0.0114415 0.000481055 5.88111e-05 0.000664089 1.08104e-05 1.52124e-05 5.72239e-09 9.8619e-05 8.20488e-05 0.00594251 0.0479378 0.00634067 0.00055929 6.18685e-08 0.0785683 0.0610988 0.032831 4.11259e-08 
0.0181763 0.000124612 1.19285e-08 0.00617692 0.0113953 0.337028 0.0110041 0.0548966 0.0102002 0.00548918 0.00236427 2.12196e-06 0.000454042 0.000490647 5.84014e-05 2.30778e-05 0.00805424 0.0074878 0.0175589 0.00223746 2.06729e-05 0.10308 0.392862 0.0104897 0.000325502 
0.00512822 1.29811e-06 4.59881e-11 0.00036866 0.000293214 0.00068593 2.50952e-05 0.000198976 5.91618e-05 0.00578769 4.10294e-05 0.981521 6.37901e-05 0.000352596 5.90632e-06 4.65011e-07 0.000378049 2.06126e-05 0.0018403 0.000600884 2.00444e-08 0.00110591 0.00145608 6.36712e-05 1.51264e-06 
0.247356 1.84464e-05 2.98696e-09 0.0468089 0.0436186 0.0843589 0.00303534 0.0404726 0.00195283 0.00322358 0.00239585 0.000218583 0.0173806 0.000263516 0.0018972 4.98851e-05 0.0745327 0.0410468 0.171914 0.00550184 3.72276e-05 0.087062 0.100338 0.0244686 0.00204721 
0.0353632 0.000100747 3.96859e-06 0.012429 0.0211373 0.0414116 0.00117049 0.0250847 0.0022898 0.00735487 0.000718807 1.66149e-05 0.00318519 0.000841061 0.00313767 6.32493e-05 0.172529 0.000196249 0.00534671 0.0104626 0.000191481 0.15818 0.093927 0.40422 0.000638995 
0.70992 0.000136403 2.57522e-07 0.094478 0.00907466 0.029395 7.858e-05 0.0120845 0.000515784 0.00991394 0.000308903 3.20299e-05 0.000402961 2.37841e-05 0.000125762 1.1439e-05 0.0132705 0.00711212 8.41868e-05 0.0469157 1.29483e-06 0.00975404 0.0540304 0.00179751 0.000532559 
0.0361736 0.00255786 3.25029e-08 0.0129769 0.0570281 0.579096 0.00442789 0.0275703 0.0237671 0.00253536 0.000601435 4.31824e-05 0.000240824 8.50046e-05 7.26892e-05 3.82672e-05 0.000526767 0.00446874 0.00463738 0.00189116 1.17584e-05 0.0457585 0.189021 0.00644349 2.67937e-05 
0.000461872 2.35953e-09 9.17627e-12 0.000180631 0.0236384 0.000290791 0.000346883 0.000858379 0.00197848 0.000118058 4.69182e-07 1.61349e-05 0.00776122 1.8894e-08 2.95323e-08 3.58933e-10 3.28929e-05 0.000787187 0.00234957 0.000401608 5.21438e-10 0.0046173 0.0111552 0.000195317 0.94481 
0.00512822 1.29811e-06 4.59881e-11 0.00036866 0.000293214 0.00068593 2.50952e-05 0.000198976 5.91618e-05 0.00578769 4.10294e-05 0.981521 6.37901e-05 0.000352596 5.90632e-06 4.65011e-07 0.000378049 2.06126e-05 0.0018403 0.000600884 2.00444e-08 0.00110591 0.00145608 6.36712e-05 1.51264e-06 
0.00512822 1.29811e-06 4.59881e-11 0.00036866 0.000293214 0.00068593 2.50952e-05 0.000198976 5.91618e-05 0.00578769 4.10294e-05 0.981521 6.37901e-05 0.000352596 5.90632e-06 4.65011e-07 0.000378049 2.06126e-05 0.0018403 0.000600884 2.00444e-08 0.00110591 0.00145608 6.36712e-05 1.51264e-06 
0.218177 0.00921709 4.7968e-05 0.00512159 0.0441434 0.0890522 0.0110761 0.0210187 0.00407579 0.0337164 0.00288422 0.00209389 0.0332267 0.00137952 0.00173632 4.29483e-05 0.120343 0.0191479 0.098583 0.00647997 5.02407e-05 0.0660928 0.151594 0.0596916 0.00100771 
0.482755 1.56962e-05 3.87927e-06 0.0276344 0.0183751 0.0234064 0.00352629 0.017428 0.00093092 0.00878875 0.00495154 0.00827164 0.0399668 0.000374984 0.0134649 2.9879e-06 0.0339536 0.0137348 0.0133873 0.00278851 0.000379696 0.205563 0.030881 0.0434901 0.00592552 
0.0121569 9.16269e-07 1.79574e-08 0.000131623 0.558509 0.111428 0.0147093 0.018476 0.00983404 9.31922e-06 0.0654219 1.39401e-06 0.00228675 5.65485e-06 4.37908e-08 2.04261e-06 0.0241696 0.0500283 0.00627046 0.000164682 1.99889e-07 0.114721 0.011308 1.34931e-07 0.000364441 
0.0244874 0.000118957 3.41068e-10 0.00566541 0.0123196 9.49833e-05 0.00103474 0.0106311 0.0710855 0.113653 5.70344e-07 3.92453e-05 0.00176476 1.58014e-05 2.22869e-06 4.01784e-08 4.75066e-07 4.17383e-05 0.00420103 8.92773e-05 6.31923e-08 0.00406959 0.748636 0.00202334 2.50952e-05 
0.00512822 1.29811e-06 4.59881e-11 0.00036866 0.000293214 0.00068593 2.50952e-05 0.000198976 5.91618e-05 0.00578769 4.10294e-05 0.981521 6.37901e-05 0.000352596 5.90632e-06 4.65011e-07 0.000378049 2.06126e-05 0.0018403 0.000600884 2.00444e-08 0.00110591 0.00145608 6.36712e-05 1.51264e-06 
0.0908105 0.00151177 5.87429e-11 0.325035 0.0500792 0.0136577 0.0121139 0.0370406 0.0058133 0.00219366 0.0051226 0.000166165 0.0195667 0.000205887 5.68524e-07 0.000214357 0.00517431 0.0142477 0.0548023 0.00447856 0.0791581 0.0526155 0.220088 0.00587423 2.9026e-05 
0.0373612 0.000100231 1.69926e-11 0.0396897 0.0467947 0.0646957 0.00107882 0.0332543 0.00900657 0.00510981 0.0254786 4.47676e-06 0.00459344 0.000337817 0.00253537 2.27119e-05 0.126846 0.0101824 0.389122 0.0052051 3.82078e-06 0.0375179 0.15654 0.00427573 0.000243022 
4.50791e-06 1.20913e-12 1.468e-12 2.91374e-08 0.000113467 7.30288e-10 0.00011939 7.9629e-09 1.66281e-06 0.00106455 2.1312e-05 5.7185e-05 8.91149e-10 6.29362e-10 4.17303e-07 0.998524 2.2787e-06 8.50033e-05 3.74191e-07 9.44643e-10 8.99483e-13 3.74394e-06 8.32039e-07 6.38576e-07 6.48996e-07 
0.0239007 0.000456052 0.000257101 0.0224222 0.0118179 0.0183727 0.00317585 0.00305686 0.0177332 0.0337061 0.000617652 0.108186 9.41062e-05 0.000764573 0.000858262 2.88072e-05 0.548202 0.000764625 0.0539222 0.0122618 0.00805349 0.0526002 0.0342403 0.0389316 0.00557563 
0.315789 3.08019e-08 3.73965e-08 0.194154 0.0483756 0.00729386 0.000788507 0.0220275 0.00197828 8.75399e-05 0.0194831 6.41983e-07 0.00459943 0.00110827 0.000891174 4.99421e-08 0.000438792 0.00136168 0.00119064 0.0263313 4.38943e-07 0.0074696 0.342755 0.00380548 6.95825e-05 
0.000279673 0.985705 5.86546e-13 7.38817e-05 0.00169687 0.00104857 0.00234164 0.000301496 1.43222e-05 0.000431021 3.92705e-05 0.000509992 1.18319e-05 3.31957e-10 1.50771e-06 1.0882e-06 9.74491e-05 0.00132081 7.22105e-05 4.91382e-05 0.000181715 0.000545391 0.00216243 0.00310572 8.49915e-06 
0.00512822 1.29811e-06 4.59881e-11 0.00036866 0.000293214 0.00068593 2.50952e-05 0.000198976 5.91618e-05 0.00578769 4.10294e-05 0.981521 6.37901e-05 0.000352596 5.90632e-06 4.65011e-07 0.000378049 2.06126e-05 0.0018403 0.000600884 2.00444e-08 0.00110591 0.00145608 6.36712e-05 1.51264e-06 
0.0506829 0.000833189 1.1129e-06 0.201262 0.023515 0.180395 0.00367768 0.0798274 0.0160338 0.0141034 0.0053195 0.000601665 0.0273606 0.000119416 0.00263519 3.55234e-05 0.0892735 0.00232936 0.059474 0.0172427 4.23233e-05 0.0302313 0.177924 0.0167797 0.000299529 
0.0265563 0.000162544 4.25266e-07 0.113877 0.00550588 0.0311151 0.00011165 0.252447 0.000203776 0.0111381 0.000295948 1.42332e-05 0.00111491 1.99683e-06 0.00103839 1.17773e-05 0.00365927 0.00161292 0.00286394 0.0375165 7.21204e-07 0.00782029 0.500559 0.00236367 7.91462e-06 
0.00512822 1.29811e-06 4.59881e-11 0.00036866 0.000293214 0.00068593 2.50952e-05 0.000198976 5.91618e-05 0.00578769 4.10294e-05 0.981521 6.37901e-05 0.000352596 5.90632e-06 4.65011e-07 0.000378049 2.06126e-05 0.0018403 0.000600884 2.00444e-08 0.00110591 0.00145608 6.36712e-05 1.51264e-06 
0.00142169 1.9384e-10 2.35341e-10 0.00215673 0.00599588 0.163158 4.48223e-07 0.0804223 0.00017759 0.000984926 0.000331695 2.08481e-05 0.00408455 0.0240049 7.29009e-08 1.31051e-07 0.607918 9.44396e-08 0.0587538 0.00165848 9.3868e-08 0.00442485 0.0444839 6.56427e-07 4.04553e-08 
0.905282 1.1502e-12 1.39646e-12 0.0305319 0.000274454 0.000162079 2.29702e-09 3.65833e-09 6.68992e-09 4.82521e-05 4.94503e-05 2.51449e-05 1.25194e-05 3.14236e-09 3.50927e-05 1.57922e-09 8.76784e-05 1.36009e-06 0.000394473 4.77458e-05 8.91564e-10 0.00535319 0.0566803 0.000979507 3.44792e-05 
4.50791e-06 1.20913e-12 1.468e-12 2.91374e-08 0.000113467 7.30288e-10 0.00011939 7.9629e-09 1.66281e-06 0.00106455 2.1312e-05 5.7185e-05 8.91149e-10 6.29362e-10 4.17303e-07 0.998524 2.2787e-06 8.50033e-05 3.74191e-07 9.44643e-10 8.99483e-13 3.74394e-06 8.32039e-07 6.38576e-07 6.48996e-07 
