0.141955 5.93838e-06 5.49423e-07 0.0155668 0.143492 0.0165912 0.00273527 0.0259789 0.00434024 0.290179 0.000499885 0.024736 0.00069337 0.0103302 0.00206063 0.00043511 0.0149186 0.0409966 0.114969 0.0341307 4.06145e-05 0.00388808 0.0986339 0.0125657 0.000256805 
0.0539589 0.00264318 5.99455e-06 0.00663271 0.0277938 0.00876569 0.00245233 0.103724 0.00854872 0.00784888 0.000987523 0.000326147 0.0204494 4.44079e-05 0.0159212 7.02527e-05 0.160219 0.020049 0.0070908 0.000233473 0.0180752 0.0198028 0.163328 0.350998 3.07451e-05 
0.00895748 0.00233451 2.52891e-06 0.0390481 0.0557188 0.0447205 0.0184663 0.0234828 0.410637 0.00977633 0.000837749 7.88757e-05 0.00104947 3.15691e-05 0.000280773 8.11576e-05 0.0742381 0.0100645 0.0627433 0.00265921 0.000374202 0.0618831 0.153138 0.0188981 0.000498252 
0.00667621 0.0520356 2.7776e-11 0.00117437 0.00661438 0.253083 0.030363 0.0913963 0.000227077 0.00158848 0.000113901 0.000278868 0.00111048 4.21606e-06 0.000268008 8.34002e-06 0.0743917 0.000293424 0.00114432 9.27746e-07 0.000544219 0.234488 0.143488 0.100708 4.87568e-08 
0.0511332 0.0792602 5.62918e-07 0.301442 0.00568631 0.0576577 0.000512623 0.0653359 0.0157246 0.00853742 0.0530404 5.5689e-05 0.000637835 0.000266542 0.0017424 3.312e-05 0.0595631 2.775e-05 0.0243435 0.0548033 5.15599e-05 0.0584221 0.0642938 0.0973713 5.66219e-05 
0.0397434 9.929e-07 4.0486e-08 0.00617413 0.0318301 0.00403822 0.00186853 0.0270628 0.0061409 0.010076 0.00494028 0.000816832 0.00750641 5.77967e-06 0.00980443 3.3444e-06 0.024642 0.000209714 0.00635618 0.040434 0.000578113 0.0107978 0.118347 0.647376 0.00124655 
0.0284442 2.33941e-05 1.45176e-06 0.0211277 0.0174878 0.0230546 0.0115761 0.0527106 0.0115548 0.468468 0.000876651 0.0560611 0.00531755 0.00319264 0.00150406 3.00431e-05 0.0462159 0.000517618 0.0209413 0.0138024 0.00253508 0.0427844 0.0464826 0.125207 8.30097e-05 
0.411622 2.18249e-07 7.21699e-11 0.384228 0.00713768 3.28247e-07 0.000100744 0.015936 0.0132956 0.000184647 0.0005169 4.63514e-06 7.31361e-07 2.00217e-06 0.00122099 1.1801e-07 0.00349527 0.00212789 0.00579567 0.0245 2.38716e-06 0.00112593 0.125462 0.0027198 0.000519926 
0.00512822 1.29811e-06 4.59881e-11 0.00036866 0.000293214 0.00068593 2.50952e-05 0.000198976 5.91618e-05 0.00578769 4.10294e-05 0.981521 6.37901e-05 0.000352596 5.90632e-06 4.65011e-07 0.000378049 2.06126e-05 0.0018403 0.000600884 2.00444e-08 0.00110591 0.00145608 6.36712e-05 1.51264e-06 
0.000226126 0.000462433 2.07641e-10 0.000846605 0.0270568 0.0431712 0.891827 0.00342944 0.000555553 0.000112183 8.87303e-05 1.47129e-05 5.19897e-05 1.59141e-07 3.65295e-07 4.49466e-06 0.00309193 0.00883553 0.00117391 0.000212905 1.15266e-06 0.0016963 0.0164538 0.00067353 1.35907e-05 
0.168359 0.0137632 1.00984e-10 0.0785796 0.00578513 0.0178278 0.000401012 0.0835848 0.00109209 0.000132491 0.0060206 1.37734e-05 0.00111754 0.00229797 0.000709668 7.03853e-06 0.00498261 0.0143914 0.0058516 0.00600746 1.51319e-08 0.0197619 0.567779 0.00103804 0.00049625 
0.00512822 1.29811e-06 4.59881e-11 0.00036866 0.000293214 0.00068593 2.50952e-05 0.000198976 5.91618e-05 0.00578769 4.10294e-05 0.981521 6.37901e-05 0.000352596 5.90632e-06 4.65011e-07 0.000378049 2.06126e-05 0.0018403 0.000600884 2.00444e-08 0.00110591 0.00145608 6.36712e-05 1.51264e-06 
0.215119 1.54924e-05 6.65321e-08 0.0109163 0.161151 0.0511805 0.0584995 0.00806533 0.0890766 0.0308459 0.0641538 2.92861e-05 0.0183363 0.00193449 2.0284e-05 4.63826e-06 0.0359259 0.0822282 0.00602494 0.0814732 2.51805e-06 0.00864149 0.0667727 0.00695104 0.00263157 
0.0388199 4.63306e-08 6.59265e-11 0.00954778 0.00952986 0.000501581 0.000345741 0.00972251 0.00356899 0.000619765 0.000181495 0.000156072 0.0100238 1.60668e-06 0.00045872 7.67476e-08 0.00196545 0.0117351 0.00863037 0.000881647 4.42777e-07 0.00118404 0.0107891 0.0407517 0.840584 
0.052516 0.000225165 2.01822e-08 0.0257515 0.0965965 0.0102619 0.0223192 0.0503047 0.0583874 0.00373458 0.00151589 0.000146115 0.0137045 1.09286e-07 0.00484476 9.84084e-06 0.00505934 0.00590311 0.00396143 0.000512001 2.69111e-07 0.0174357 0.0466115 0.578682 0.00151682 
0.00512822 1.29811e-06 4.59881e-11 0.00036866 0.000293214 0.00068593 2.50952e-05 0.000198976 5.91618e-05 0.00578769 4.10294e-05 0.981521 6.37901e-05 0.000352596 5.90632e-06 4.65011e-07 0.000378049 2.06126e-05 0.0018403 0.000600884 2.00444e-08 0.00110591 0.00145608 6.36712e-05 1.51264e-06 
0.00512822 1.29811e-06 4.59881e-11 0.00036866 0.000293214 0.00068593 2.50952e-05 0.000198976 5.91618e-05 0.00578769 4.10294e-05 0.981521 6.37901e-05 0.000352596 5.90632e-06 4.65011e-07 0.000378049 2.06126e-05 0.0018403 0.000600884 2.00444e-08 0.00110591 0.00145608 6.36712e-05 1.51264e-06 
0.000288557 3.34615e-05 6.83954e-12 9.98478e-05 0.00127082 4.50481e-05 0.000119684 0.000286053 0.000132634 3.91907e-05 1.52532e-05 1.46848e-05 8.40836e-05 3.2832e-09 0.000267754 3.29496e-08 5.12908e-05 0.000123154 0.00073062 7.18389e-05 5.25239e-08 0.00315375 0.00067415 0.00175953 0.990739 
0.0141885 0.00095523 1.28742e-09 0.0089319 0.178131 0.0151412 0.552618 0.0308578 0.0192636 0.002527 0.000343752 0.00052639 0.00284023 5.94009e-07 7.87644e-05 3.22349e-05 0.00918459 0.00812532 0.027566 0.0066033 1.79005e-05 0.0157282 0.0841642 0.0221329 4.14898e-05 
0.00512822 1.29811e-06 4.59881e-11 0.00036866 0.000293214 0.00068593 2.50952e-05 0.000198976 5.91618e-05 0.00578769 4.10294e-05 0.981521 6.37901e-05 0.000352596 5.90632e-06 4.65011e-07 0.000378049 2.06126e-05 0.0018403 0.000600884 2.00444e-08 0.00110591 0.00145608 6.36712e-05 1.51264e-06 
0.0856729 1.63281e-06 1.17251e-08 0.0110135 0.017282 0.0868518 0.000267166 0.142726 0.000295471 0.0340757 0.000367461 0.00411884 0.00287554 0.000250296 0.00125211 3.69165e-05 0.0308187 0.00338043 0.308043 0.00457434 9.75768e-07 0.00933914 0.1332 0.123383 0.000173621 
0.000398919 4.26306e-08 8.28175e-12 0.000487297 0.00712919 0.00783636 0.00440027 0.0148025 0.0112304 0.0010939 3.32109e-06 2.86508e-05 0.000650008 1.61331e-06 0.000568312 2.04498e-06 0.00305615 3.82927e-05 0.00916892 3.07452e-05 4.85354e-06 0.127183 0.793395 0.0174632 0.00102706 
0.0828565 1.71563e-06 1.92152e-09 0.0374515 0.0190625 0.000705979 0.00236556 0.0204335 0.000164683 0.388791 7.07742e-06 0.00496515 0.00180616 0.00181754 0.0508365 3.23479e-06 0.00610657 0.0273318 0.0894898 0.235858 6.78234e-09 0.000619645 0.0228447 0.00644967 3.11332e-05 
0.0602982 3.20733e-05 7.41323e-07 0.00469874 0.0677456 0.000966932 0.0102799 0.00795701 6.12734e-05 0.00210023 0.00960796 9.24284e-06 0.0162325 0.000114518 0.0141902 2.1875e-05 0.0178152 0.00257266 0.000730917 0.0107127 6.33735e-05 0.00560072 0.0074504 0.760672 6.5531e-05 
0.17566 4.2445e-07 5.31643e-09 0.00610027 0.0843724 0.022494 0.001751 0.0936344 0.00699996 0.306237 0.00124648 0.00389184 0.00119727 0.00206438 0.000969746 6.09694e-06 0.00316704 0.0203984 0.017753 0.119214 1.22215e-07 0.00463148 0.0843327 0.0428348 0.00104371 
0.475613 1.5389e-05 1.13795e-12 0.0109146 0.0344191 0.0262056 0.00197492 0.0125396 0.00056969 0.00593079 0.00228349 0.000120215 0.00581671 0.00125429 0.000502575 6.44858e-06 0.0199225 0.000226658 0.0165167 0.00949737 2.50039e-05 0.0296932 0.316731 0.0292116 9.80651e-06 
0.00814342 4.75306e-08 3.02561e-11 0.000278277 0.00605058 0.46063 4.44014e-05 0.0207795 0.00149147 0.0126798 0.00305643 2.3853e-08 0.00306221 0.000109061 0.00160481 3.53438e-08 0.00301531 0.0132354 0.00593712 0.0077506 1.32308e-08 0.0236486 0.411653 0.0168285 8.81084e-07 
0.0161414 2.40552e-05 5.78033e-10 0.0976959 0.107729 0.266424 0.0323177 0.0256814 0.0706394 0.00471805 0.000943615 2.47918e-08 0.000632561 3.35588e-05 0.0192228 1.22862e-05 0.0121556 0.00105159 0.018364 0.0290149 7.0509e-06 0.0147202 0.262632 0.0197626 7.55478e-05 
0.0290807 1.47663e-05 3.10127e-07 0.010429 0.0166417 0.0115732 0.0039307 0.0380925 0.000483022 0.00874924 0.000563121 0.000950166 0.00616971 0.000588015 0.00390401 0.00317488 0.523473 0.0180345 0.193387 0.0019388 4.6626e-06 0.0382092 0.0543612 0.0361076 0.000139336 
0.0161869 1.68037e-06 3.22259e-12 0.000665486 0.00244501 0.000520007 0.00407114 0.000504977 0.959927 0.000738855 0.000102773 5.4699e-06 0.000284145 4.60614e-05 0.00148629 8.82673e-07 0.00194173 0.00019291 0.00159893 0.000388887 4.78745e-06 0.000153948 0.0071286 0.0015691 3.46408e-05 
0.00512822 1.29811e-06 4.59881e-11 0.00036866 0.000293214 0.00068593 2.50952e-05 0.000198976 5.91618e-05 0.00578769 4.10294e-05 0.981521 6.37901e-05 0.000352596 5.90632e-06 4.65011e-07 0.000378049 2.06126e-05 0.0018403 0.000600884 2.00444e-08 0.00110591 0.00145608 6.36712e-05 1.51264e-06 
0.00757201 0.0117688 3.85455e-09 0.0364543 0.175272 0.0263893 0.00681415 0.0293125 0.00575927 0.00124143 0.0091788 0.000256108 0.000550845 1.72753e-06 0.00374915 1.76597e-05 0.00552867 0.0394187 0.0524361 0.0048752 3.13694e-06 1.02376e-05 0.230344 0.352124 0.000921735 
0.000276338 0.000564392 5.22631e-11 0.000148089 0.0191576 0.0182998 0.923474 0.00217643 0.000678837 0.000137067 1.26839e-05 1.79622e-05 5.27818e-06 1.90477e-07 4.41152e-07 5.47049e-06 0.000445385 0.0107987 0.000692979 8.40603e-05 1.39488e-06 0.00207311 0.0201099 0.000823119 1.65832e-05 
0.00512822 1.29811e-06 4.59881e-11 0.00036866 0.000293214 0.00068593 2.50952e-05 0.000198976 5.91618e-05 0.00578769 4.10294e-05 0.981521 6.37901e-05 0.000352596 5.90632e-06 4.65011e-07 0.000378049 2.06126e-05 0.0018403 0.000600884 2.00444e-08 0.00110591 0.00145608 6.36712e-05 1.51264e-06 
7.25103e-07 2.22402e-08 3.10329e-12 0.00126466 5.45712e-08 0.569591 5.38926e-08 0.0219627 0.000173792 0.0304986 6.97687e-08 1.11626e-08 0.000698947 1.64155e-08 9.08557e-09 4.14437e-06 0.104951 2.22814e-07 0.0157601 0.00788151 3.80483e-09 0.0791992 0.162606 0.00515287 0.000253985 
0.193453 0.104869 7.78016e-08 0.0112501 0.00412029 0.00569419 0.000277411 0.00327992 0.000232986 0.0911384 0.00104535 0.503069 0.00343228 0.00022413 0.000229346 7.29767e-06 0.00293824 0.00418889 0.0033133 0.00262587 0.000126365 0.0103551 0.0194847 0.0340482 0.00059742 
0.00512822 1.29811e-06 4.59881e-11 0.00036866 0.000293214 0.00068593 2.50952e-05 0.000198976 5.91618e-05 0.00578769 4.10294e-05 0.981521 6.37901e-05 0.000352596 5.90632e-06 4.65011e-07 0.000378049 2.06126e-05 0.0018403 0.000600884 2.00444e-08 0.00110591 0.00145608 6.36712e-05 1.51264e-06 
0.0343593 0.0030422 6.49877e-09 0.0278449 0.0293576 0.0508235 0.0125282 0.0269052 0.0121841 0.00168142 0.00109114 7.73044e-05 0.00799828 0.000430822 0.000297306 6.21727e-06 0.0106929 0.0358236 0.0044963 0.00583846 3.07296e-05 0.022956 0.701067 0.00941224 0.00105525 
0.0323844 0.00146709 2.46128e-10 0.000929026 0.130905 6.20871e-08 0.0113868 0.0138325 0.000839029 0.433968 0.00436231 4.44076e-05 0.0744377 8.81049e-05 0.0214708 3.28698e-10 0.00603333 0.164206 0.00488963 0.0114039 7.59086e-09 0.00216713 0.00208076 0.0831034 1.20699e-07 
0.129066 9.88574e-05 3.15084e-09 0.00306798 0.054732 0.0238965 0.00174443 0.0449507 0.00434277 0.000332189 0.0211911 0.000115304 1.04746e-05 0.000201532 0.00363584 3.58272e-06 0.0272578 0.00116469 0.000519178 0.078194 2.78808e-05 0.00362034 0.0661438 0.364261 0.171422 
0.154151 5.48858e-05 1.75461e-09 0.0666077 0.0408392 0.0190446 0.0115936 0.0250953 0.00490188 0.00786097 0.00309192 6.83874e-05 0.0232734 3.80364e-05 0.0108343 8.58687e-05 0.00928307 0.120044 0.0449475 0.00537778 0.000137637 0.00178769 0.412301 0.0368777 0.00170326 
0.0561006 1.27096e-07 5.48449e-10 0.0078113 0.247095 0.0106962 0.00532456 0.036834 0.00350974 0.0366623 0.000280934 0.00613974 0.0173777 0.00370922 8.93746e-07 3.85606e-06 0.022989 0.0347875 0.0391269 0.00361102 1.87099e-07 0.240001 0.182116 0.0342916 0.0115301 
0.00558869 2.17479e-06 7.05711e-10 0.00246744 0.00516218 0.0277135 0.00112605 0.0028782 0.000210494 7.6344e-05 0.000137224 9.4576e-06 0.0515098 2.11598e-06 2.66953e-09 2.72537e-06 0.00936019 0.0414416 0.00684523 0.00174562 2.59703e-07 0.825782 0.0151733 0.000167648 0.00259798 
0.00512822 1.29811e-06 4.59881e-11 0.00036866 0.000293214 0.00068593 2.50952e-05 0.000198976 5.91618e-05 0.00578769 4.10294e-05 0.981521 6.37901e-05 0.000352596 5.90632e-06 4.65011e-07 0.000378049 2.06126e-05 0.0018403 0.000600884 2.00444e-08 0.00110591 0.00145608 6.36712e-05 1.51264e-06 
0.0231659 0.000129659 1.58697e-08 0.00625071 0.190729 0.00660677 0.0369217 0.150078 0.0420914 0.0017237 0.0584689 5.79497e-05 0.00265501 7.72143e-08 0.00487463 4.0021e-07 0.0253623 0.0506867 0.00867281 0.0013465 3.71469e-08 0.0122958 0.248169 0.129686 2.7164e-05 
0.0385371 0.000126911 3.53236e-08 0.0439008 0.414644 0.0968484 0.0126662 0.0794071 0.090224 0.0101684 0.00458847 5.40547e-05 0.00310439 0.0013011 0.0184858 0.0266819 0.00206022 0.00527304 0.0023224 0.0211952 0.000253515 0.0418432 0.0165027 0.0674596 0.00235139 
0.00271003 0.000480348 2.0171e-08 0.00470553 0.206839 0.0148145 0.267863 0.00726525 0.0538441 0.0572372 0.000522024 0.000212276 0.00187293 3.70184e-07 0.00744384 2.42564e-05 0.00117904 0.269915 0.00157548 0.00148135 1.10801e-06 0.0136467 0.0651901 0.0199676 0.00120947 
0.00248619 2.6663e-05 1.34599e-08 0.00523668 0.048884 0.0296728 0.0629342 0.186499 0.0417374 0.00105496 9.66461e-05 9.51078e-06 5.82348e-05 4.61917e-05 0.00795731 6.45228e-06 0.0271495 0.00278655 0.152026 0.000921157 3.94558e-05 0.0563944 0.257229 0.116474 0.000273769 
0.00101505 2.21763e-05 2.69915e-10 0.00715237 0.0263133 0.395534 0.00101635 0.0213293 0.000996742 0.00234775 0.000197987 1.56807e-05 0.000426036 9.694e-06 0.00375141 2.53049e-06 0.00271785 0.00148541 0.145677 0.000332383 2.48156e-07 0.0161411 0.366182 0.00719279 0.000141002 
0.00512822 1.29811e-06 4.59881e-11 0.00036866 0.000293214 0.00068593 2.50952e-05 0.000198976 5.91618e-05 0.00578769 4.10294e-05 0.981521 6.37901e-05 0.000352596 5.90632e-06 4.65011e-07 0.000378049 2.06126e-05 0.0018403 0.000600884 2.00444e-08 0.00110591 0.00145608 6.36712e-05 1.51264e-06 
0.00224662 2.44372e-06 7.92277e-09 0.00204649 0.0625571 0.0108274 0.0233652 0.792103 0.0140939 8.25e-05 0.00496175 0.00640037 0.000333207 6.7616e-06 0.000281695 0.00013291 0.000109325 0.00214762 0.00455986 0.00210715 5.53388e-07 0.0226882 0.00131211 0.00118874 0.0464451 
0.00866508 9.84813e-05 1.43774e-08 0.0162429 0.0182704 0.00104546 0.00090637 0.00902604 0.0171341 0.00592938 0.000822849 0.000200012 0.00149717 4.48796e-08 0.856798 1.51202e-07 0.00058438 4.42267e-08 0.00217366 0.00994811 2.29008e-07 0.000307191 0.0010797 0.0287555 0.020515 
0.106492 2.13773e-05 4.94295e-12 0.00646386 0.0333073 0.0634655 0.00802059 0.00999985 0.000535385 0.00152246 3.32403e-06 3.45584e-05 0.000402543 9.6941e-07 0.000144277 3.42695e-06 0.0221777 0.0232958 0.00284262 0.00204719 9.6172e-06 0.00923594 0.704428 0.00551578 2.91661e-05 
0.0582436 0.000409765 1.77608e-07 0.060275 0.00617099 0.0205215 0.00118523 0.0102784 0.00294257 0.00783629 0.00897844 0.00700077 0.00714594 0.0633956 0.00074459 9.7537e-06 0.0013493 0.000946158 0.00782886 0.677858 1.34279e-05 0.0195857 0.0315288 0.00561349 0.000138029 
0.0470776 0.0024633 4.68864e-07 0.0286001 0.0359887 0.176546 0.000421081 0.116305 0.00451269 0.0762639 0.0916867 0.000162664 0.0251757 0.00157277 0.000776968 0.000289968 0.0317481 0.0123296 0.0507466 0.0732293 4.55564e-06 0.0419649 0.0691207 0.112754 0.000259425 
0.0547116 2.06075e-07 4.32538e-09 0.018554 0.453475 0.012671 0.0455205 0.242072 0.0084929 0.00019233 0.00736771 1.32047e-06 0.00223112 4.07603e-05 2.44648e-06 5.77644e-09 0.0103848 0.00195652 0.00139681 0.000768254 1.21893e-07 0.0286297 0.108897 0.00235344 0.000280611 
0.0117741 0.00379865 9.71797e-07 0.10132 0.0163774 0.0266899 0.0129002 0.0324118 0.000857074 0.00608645 0.000667588 0.000651011 0.00723534 2.6335e-06 0.0188938 4.79941e-05 0.00433408 0.00491211 0.0360762 0.606349 2.60088e-06 0.0174162 0.0713489 0.0163791 0.00346705 
0.0217402 0.00333082 4.67722e-11 0.176248 0.0266437 0.0387231 0.000814422 0.0339389 0.0021065 0.00363725 0.0316624 1.59278e-05 0.0109053 2.34299e-05 7.80905e-05 2.21327e-05 0.00621014 0.000213159 0.0789116 0.0121374 1.39687e-05 0.0228508 0.525858 0.00296701 0.000947613 
0.00114899 1.07482e-05 1.54666e-10 0.000155964 0.021579 0.817232 0.00743071 0.012576 6.53652e-05 0.00014623 7.66495e-05 1.55474e-05 0.00210715 2.73049e-06 1.95133e-05 3.52086e-05 0.000888801 0.0346516 0.0360033 0.00180409 8.34091e-07 0.00931641 0.0543583 0.000352422 2.21989e-05 
0.117795 9.7034e-05 3.8575e-08 0.155871 0.240858 4.44337e-05 0.00195128 0.048189 0.154255 0.000133321 0.00716541 2.54221e-06 0.00229769 0.00045599 0.0604316 2.74759e-06 0.0196769 1.25637e-05 0.0571839 0.0108086 7.23711e-06 0.0216539 0.00607481 0.0950117 2.04031e-05 
0.000288557 3.34615e-05 6.83954e-12 9.98478e-05 0.00127082 4.50481e-05 0.000119684 0.000286053 0.000132634 3.91907e-05 1.52532e-05 1.46848e-05 8.40836e-05 3.2832e-09 0.000267754 3.29496e-08 5.12908e-05 0.000123154 0.00073062 7.18389e-05 5.25239e-08 0.00315375 0.00067415 0.00175953 0.990739 
0.00960978 6.95757e-05 1.04729e-10 0.000637858 0.0116144 0.569355 0.00411817 0.00881445 0.000154229 0.00717672 0.000245587 5.98255e-09 0.00424213 4.55241e-05 5.76419e-05 2.13596e-06 0.164147 0.00019152 0.000884185 0.0015034 2.78962e-07 0.000229444 0.210282 0.00491593 0.00170261 
0.00512822 1.29811e-06 4.59881e-11 0.00036866 0.000293214 0.00068593 2.50952e-05 0.000198976 5.91618e-05 0.00578769 4.10294e-05 0.981521 6.37901e-05 0.000352596 5.90632e-06 4.65011e-07 0.000378049 2.06126e-05 0.0018403 0.000600884 2.00444e-08 0.00110591 0.00145608 6.36712e-05 1.51264e-06 
0.0548178 3.78105e-06 1.46396e-09 0.00669627 0.00453198 0.0114084 0.000307601 0.0208615 0.00112466 0.000647959 7.25373e-06 6.67508e-05 0.00135151 7.97797e-06 0.00197077 1.3192e-05 0.145521 0.000169118 0.0222155 0.00216178 0.00157875 0.000501884 0.40302 0.320979 3.61155e-05 
0.0619675 0.00029946 5.6068e-08 0.0244312 0.0587497 0.055436 0.0199504 0.00693904 0.000992689 0.0221481 0.00187875 0.000510823 0.000988043 3.28365e-06 0.000326912 8.88908e-05 0.0757534 0.00666922 0.0636646 0.00198262 0.0124932 0.00724 0.0755304 0.501399 0.000556632 
0.00512822 1.29811e-06 4.59881e-11 0.00036866 0.000293214 0.00068593 2.50952e-05 0.000198976 5.91618e-05 0.00578769 4.10294e-05 0.981521 6.37901e-05 0.000352596 5.90632e-06 4.65011e-07 0.000378049 2.06126e-05 0.0018403 0.000600884 2.00444e-08 0.00110591 0.00145608 6.36712e-05 1.51264e-06 
0.0374015 3.20674e-05 3.65201e-10 0.000933936 0.146532 0.000495692 0.00585121 0.0243718 0.0224628 0.00836599 0.0024022 0.00166733 9.58373e-08 6.15611e-05 0.000988674 3.79496e-08 0.00448726 0.0180878 0.0271857 0.00412752 4.77108e-06 0.00809523 0.026081 0.140368 0.519996 
0.0222135 2.44258e-05 9.09077e-09 0.0111697 0.0585089 0.0307434 0.348235 0.0289897 0.00354723 0.00819161 0.00344061 8.07174e-05 0.00443548 1.4278e-05 0.000201096 3.13109e-05 0.0782521 0.0147918 0.216902 0.00147893 8.72074e-05 0.0266599 0.122606 0.0181209 0.00127376 
0.0488714 9.01178e-06 6.44563e-11 0.0098201 0.139596 0.0364794 0.0181355 0.0803099 0.0871827 0.000773531 0.000254471 1.9853e-08 0.00201403 5.34288e-05 9.46427e-05 4.15951e-06 0.0068182 0.00254172 0.000592861 0.00768518 3.48986e-09 0.0391391 0.488669 0.0309548 5.65111e-07 
0.224927 0.000646116 2.48657e-11 0.0300451 0.00706619 0.0775942 0.000373916 0.0156464 0.000463326 0.00201433 0.00149926 1.29614e-05 0.00521474 0.000433895 0.000128326 1.38476e-05 0.0935409 0.000849274 0.0367494 0.0346871 1.56138e-06 0.0207755 0.445519 0.00169859 9.91133e-05 
0.00512822 1.29811e-06 4.59881e-11 0.00036866 0.000293214 0.00068593 2.50952e-05 0.000198976 5.91618e-05 0.00578769 4.10294e-05 0.981521 6.37901e-05 0.000352596 5.90632e-06 4.65011e-07 0.000378049 2.06126e-05 0.0018403 0.000600884 2.00444e-08 0.00110591 0.00145608 6.36712e-05 1.51264e-06 
0.00512822 1.29811e-06 4.59881e-11 0.00036866 0.000293214 0.00068593 2.50952e-05 0.000198976 5.91618e-05 0.00578769 4.10294e-05 0.981521 6.37901e-05 0.000352596 5.90632e-06 4.65011e-07 0.000378049 2.06126e-05 0.0018403 0.000600884 2.00444e-08 0.00110591 0.00145608 6.36712e-05 1.51264e-06 
0.00512822 1.29811e-06 4.59881e-11 0.00036866 0.000293214 0.00068593 2.50952e-05 0.000198976 5.91618e-05 0.00578769 4.10294e-05 0.981521 6.37901e-05 0.000352596 5.90632e-06 4.65011e-07 0.000378049 2.06126e-05 0.0018403 0.000600884 2.00444e-08 0.00110591 0.00145608 6.36712e-05 1.51264e-06 
0.06148 3.54818e-05 9.88851e-10 0.0109475 0.0193495 0.0340751 0.00471686 0.0072972 0.000803073 0.0411353 0.000182878 0.546168 0.000766461 0.000203519 0.000177078 1.24079e-05 0.0128099 0.0061478 0.0149192 0.00594297 1.9887e-06 0.0176193 0.208474 0.00668752 4.60985e-05 
0.0182863 0.000213121 4.2408e-07 0.0132816 0.521539 0.0376095 0.105953 0.0262835 0.047429 0.00315062 0.00930411 0.000471032 0.00190313 0.00903576 0.00303537 0.000421964 0.00645756 0.0480224 0.00640413 0.0183562 2.38829e-06 0.0145005 0.0745161 0.0329535 0.000869378 
0.0168571 4.8515e-05 6.54726e-06 0.00619631 0.0202218 0.24914 0.00723852 0.108471 0.00578582 0.150177 0.000440644 0.0373539 0.00554962 0.00102635 7.09779e-05 3.50731e-05 0.0577345 0.00736429 0.20569 0.0445094 2.00448e-05 0.0228241 0.0392674 0.0138033 0.000168081 
0.028242 0.00203975 1.57833e-05 0.0288447 0.0513956 0.050341 0.00751097 0.239072 0.0361831 0.00534126 0.00352532 2.14568e-05 0.00771248 4.98956e-05 0.00129701 0.000143713 0.0182469 0.00120862 0.0052177 0.133223 0.00134243 0.240127 0.0909271 0.0472518 0.000719698 
0.107697 1.99638e-07 4.49659e-09 0.351527 0.0360445 0.00225684 0.029096 0.0306848 0.204187 0.000637665 0.000899568 0.000350054 0.0110617 5.52075e-05 0.0161837 4.07849e-05 0.00396341 0.000581247 0.0704288 0.0313959 9.1017e-05 0.0235076 0.0739843 0.00490998 0.000415576 
0.0513283 3.15673e-05 8.12704e-07 0.00598447 0.000519809 0.0672467 4.33971e-05 0.0025906 5.37858e-05 0.0157464 0.000692801 1.76691e-05 0.0037152 1.38844e-05 0.0123533 2.54882e-05 0.0505493 7.23522e-05 0.00756793 0.749054 8.16236e-06 0.00338389 0.0282381 0.000708313 5.39624e-05 
0.00566256 2.71078e-09 1.13761e-11 1.43271e-05 2.32613e-07 0.915905 9.74916e-09 0.0129601 7.16518e-05 0.000128963 0.000864081 6.73282e-09 0.0153188 2.02827e-07 2.80079e-08 2.26455e-08 0.0408437 0.000231122 0.00329896 8.54868e-05 1.46466e-06 0.00397571 0.000637175 2.06659e-08 3.13892e-09 
0.0119421 0.000765474 1.55754e-07 0.00201119 0.065182 0.00981789 0.114951 0.0736522 0.00440412 0.0138213 0.000492339 0.000135101 0.00200124 3.53191e-06 0.0013847 0.00110592 0.027555 0.0148088 0.00345166 0.00112005 3.26382e-05 0.00684334 0.0974685 0.546918 0.000131635 
0.000585175 0.0546255 2.85146e-10 2.70889e-07 0.0131892 0.0787747 0.0100065 0.580619 0.0246571 0.00895404 0.000467536 0.000114965 4.16729e-07 3.73473e-07 4.9087e-08 3.80806e-10 0.0744876 0.00520307 0.00100755 8.07324e-07 9.46884e-07 0.035347 0.0117667 0.100191 1.91846e-07 
0.00512822 1.29811e-06 4.59881e-11 0.00036866 0.000293214 0.00068593 2.50952e-05 0.000198976 5.91618e-05 0.00578769 4.10294e-05 0.981521 6.37901e-05 0.000352596 5.90632e-06 4.65011e-07 0.000378049 2.06126e-05 0.0018403 0.000600884 2.00444e-08 0.00110591 0.00145608 6.36712e-05 1.51264e-06 
0.0335277 2.74764e-05 8.05094e-11 0.00346427 0.0281199 0.337388 0.0252782 0.0175419 0.00144879 0.0187755 9.14836e-05 0.00809339 0.00370657 0.00134595 1.44226e-08 5.77517e-05 0.0305658 0.054401 0.318807 0.0034838 2.09962e-07 0.0562866 0.0564785 0.000976009 0.000134183 
0.0148219 1.50767e-08 1.35655e-11 0.0031486 0.0142751 0.138497 0.00079674 0.00675902 0.00106231 0.00731922 0.000205661 0.00377221 0.00655019 0.00413615 1.89866e-07 4.58555e-06 0.09953 0.512105 0.0988382 0.00454389 6.2013e-08 0.0568981 0.0256352 0.0011005 1.59579e-07 
0.0648828 0.000226454 2.59564e-08 0.00754861 0.0721005 0.0320579 0.00492383 0.0214845 0.0021014 0.0152799 0.00083466 6.23448e-05 0.00335346 0.00889809 1.33676e-05 3.46642e-08 0.00080172 0.000465119 0.622677 0.0151846 3.78928e-06 0.0744751 0.0377452 0.0148776 1.98295e-06 
0.0538369 0.0117203 9.52455e-07 0.000458 0.0156008 0.00152199 0.000132829 0.0215791 0.000572902 0.00120496 0.000738746 0.00209484 0.000440354 1.16325e-05 0.000971378 2.56015e-05 0.00976418 0.0506637 0.00118635 9.04829e-06 2.1625e-05 0.0102503 0.0309139 0.785869 0.000410275 
0.173346 3.02146e-05 7.2848e-11 0.0486514 0.0291997 0.011334 0.00310707 0.00857532 0.0011002 0.502251 0.00869469 0.00192508 0.00651791 0.000226515 0.00450993 1.60294e-05 0.0139157 0.0271319 0.0185099 0.00916346 9.70549e-07 0.0022543 0.07305 0.0553452 0.00114323 
0.267173 0.000112574 5.3072e-11 0.0263667 0.0166748 0.178696 0.00348343 0.0125171 0.000160101 0.0050537 0.0046671 0.00172733 0.00993078 0.000259455 0.00034849 5.36019e-06 0.0407952 0.0463837 0.0402975 0.00368581 5.45147e-06 0.0285519 0.307614 0.00535638 0.000134448 
0.0388358 4.24808e-06 2.74939e-08 0.190022 0.000622953 0.00832757 5.26079e-07 0.354638 0.000566019 0.00407344 0.000162551 8.76361e-06 0.00149694 8.07477e-07 0.0010163 7.75306e-07 2.35346e-05 6.66529e-06 9.11975e-05 0.0335567 4.08354e-06 0.0124731 0.329593 0.0243571 0.00011848 
0.0402597 0.00636422 3.42444e-08 0.0188917 0.0234764 0.000620881 0.000881573 0.0251123 0.000959199 0.0173001 0.00496913 0.00216146 0.000958953 3.48978e-05 0.0302798 0.000168934 0.0267818 0.0104433 0.0709219 0.0203517 0.0353535 0.0861011 0.0822269 0.43894 0.0564409 
0.0387572 8.20576e-10 5.15642e-12 0.00197962 0.000667728 0.000532932 0.000586522 5.15696e-05 7.34654e-06 0.000426596 0.000223621 5.98467e-05 0.000388405 1.44903e-06 2.0071e-05 1.4671e-09 0.00146957 0.000496434 0.0259015 2.49324e-06 3.60983e-07 0.0190514 0.00677366 0.000378361 0.902223 
0.0163585 4.04365e-05 1.21054e-11 0.00989199 0.00959653 0.102038 0.0210667 0.0697437 0.000336233 0.0170456 0.00181217 0.000163881 0.000398094 0.000286487 0.00011621 2.05529e-05 0.0965493 0.00514693 0.302989 0.00254687 1.39027e-08 0.0203856 0.311762 0.0114289 0.000276857 
0.00225469 2.05258e-06 2.32749e-08 0.973375 0.00447157 0.00811015 2.69859e-05 0.000266576 0.000846552 3.85097e-07 0.000452429 7.4296e-08 0.000284686 4.09428e-07 8.33729e-05 1.75212e-07 1.53483e-05 1.09666e-05 3.6171e-05 0.000481449 0.00114082 7.69461e-05 0.00797365 5.42178e-05 3.50348e-05 
0.0522673 0.00114889 7.18673e-07 0.0482445 0.0310525 0.0949088 0.000919296 0.0396297 0.00356289 0.00325314 0.0100402 3.58635e-05 0.108854 0.000200839 0.00165848 3.91366e-05 0.0791213 0.00821412 0.119489 0.137656 6.59262e-05 0.0577697 0.198705 0.00265582 0.000506389 
0.172934 0.000452808 4.91774e-10 0.0201155 0.0272234 0.212514 0.00183 0.0247754 0.00336521 0.00616749 0.00337636 3.99e-05 0.0402565 0.000629254 6.08274e-05 0.000824728 0.0817108 0.0174101 0.106418 0.0362288 3.61792e-05 0.0342542 0.205923 0.00339886 5.44341e-05 
0.00512822 1.29811e-06 4.59881e-11 0.00036866 0.000293214 0.00068593 2.50952e-05 0.000198976 5.91618e-05 0.00578769 4.10294e-05 0.981521 6.37901e-05 0.000352596 5.90632e-06 4.65011e-07 0.000378049 2.06126e-05 0.0018403 0.000600884 2.00444e-08 0.00110591 0.00145608 6.36712e-05 1.51264e-06 
0.0317404 2.82035e-06 4.95917e-10 0.00248852 0.0274444 0.0122024 0.00299393 0.00437157 0.00158004 0.871759 9.43967e-05 0.00535677 0.000251055 0.00634302 0.000309841 6.69232e-06 0.00341543 0.0106499 0.00233074 0.00415351 2.49844e-08 0.00612381 0.00553821 0.000810069 3.32626e-05 
0.0413358 0.0115886 1.62236e-09 0.0192346 0.64269 0.000372728 0.0409715 0.0229011 0.00957297 7.9111e-05 0.0129505 0.000164987 1.65969e-05 1.26261e-06 0.0088838 1.35725e-05 0.000375417 0.0771398 0.00283245 0.00534817 1.04862e-06 0.00372474 0.00587207 0.0920318 0.00189687 
0.0488714 9.01178e-06 6.44563e-11 0.0098201 0.139596 0.0364794 0.0181355 0.0803099 0.0871827 0.000773531 0.000254471 1.9853e-08 0.00201403 5.34288e-05 9.46427e-05 4.15951e-06 0.0068182 0.00254172 0.000592861 0.00768518 3.48986e-09 0.0391391 0.488669 0.0309548 5.65111e-07 
0.00512822 1.29811e-06 4.59881e-11 0.00036866 0.000293214 0.00068593 2.50952e-05 0.000198976 5.91618e-05 0.00578769 4.10294e-05 0.981521 6.37901e-05 0.000352596 5.90632e-06 4.65011e-07 0.000378049 2.06126e-05 0.0018403 0.000600884 2.00444e-08 0.00110591 0.00145608 6.36712e-05 1.51264e-06 
0.00512822 1.29811e-06 4.59881e-11 0.00036866 0.000293214 0.00068593 2.50952e-05 0.000198976 5.91618e-05 0.00578769 4.10294e-05 0.981521 6.37901e-05 0.000352596 5.90632e-06 4.65011e-07 0.000378049 2.06126e-05 0.0018403 0.000600884 2.00444e-08 0.00110591 0.00145608 6.36712e-05 1.51264e-06 
0.00512822 1.29811e-06 4.59881e-11 0.00036866 0.000293214 0.00068593 2.50952e-05 0.000198976 5.91618e-05 0.00578769 4.10294e-05 0.981521 6.37901e-05 0.000352596 5.90632e-06 4.65011e-07 0.000378049 2.06126e-05 0.0018403 0.000600884 2.00444e-08 0.00110591 0.00145608 6.36712e-05 1.51264e-06 
0.00209859 4.38947e-09 1.77809e-12 0.00101908 0.00137618 0.0136804 0.00939685 0.00712974 4.27432e-05 0.00417202 1.01662e-09 6.12391e-05 0.000171661 2.17844e-06 6.03075e-05 2.45628e-05 0.162478 0.00271049 0.729984 9.7105e-05 4.39222e-06 0.0196654 0.0435296 0.00199394 0.000300876 
0.122609 3.1025e-05 2.39865e-11 0.00925951 0.101121 0.19099 0.0109433 0.0906824 0.00445733 0.00112069 7.90761e-05 2.83416e-05 0.00105558 0.000202199 0.000720918 2.98868e-05 0.0166234 0.0335543 1.79865e-07 6.5934e-07 7.3322e-09 0.0156262 0.346627 0.0542366 3.59423e-08 
0.0113684 1.3897e-05 7.38632e-11 0.00490092 0.660409 0.0106697 0.0770271 0.0140434 0.020431 0.00420408 0.00235063 6.27185e-06 7.1775e-05 4.43008e-05 0.000135388 0.000170572 0.0120692 0.0665088 0.0301447 0.0104606 3.77493e-06 0.0112522 0.0604968 0.0031471 7.03888e-05 
0.00512822 1.29811e-06 4.59881e-11 0.00036866 0.000293214 0.00068593 2.50952e-05 0.000198976 5.91618e-05 0.00578769 4.10294e-05 0.981521 6.37901e-05 0.000352596 5.90632e-06 4.65011e-07 0.000378049 2.06126e-05 0.0018403 0.000600884 2.00444e-08 0.00110591 0.00145608 6.36712e-05 1.51264e-06 
0.00512822 1.29811e-06 4.59881e-11 0.00036866 0.000293214 0.00068593 2.50952e-05 0.000198976 5.91618e-05 0.00578769 4.10294e-05 0.981521 6.37901e-05 0.000352596 5.90632e-06 4.65011e-07 0.000378049 2.06126e-05 0.0018403 0.000600884 2.00444e-08 0.00110591 0.00145608 6.36712e-05 1.51264e-06 
0.0102839 9.73517e-06 2.87961e-09 0.00599791 0.458844 0.0252901 0.0961841 0.0167288 0.0306023 0.00101523 0.00336616 3.17554e-05 0.00486004 0.00261427 0.00536035 0.138584 0.0169705 0.0382792 0.0521959 0.00782234 5.25533e-06 0.0478241 0.0340484 0.00175912 0.00132224 
0.0351909 0.00142454 1.68078e-05 0.0645736 0.0335149 0.0981805 0.00903991 0.123568 0.00769397 0.010644 0.00659152 0.0533807 0.0223452 0.00171245 0.00390638 8.47157e-05 0.0269986 0.0118192 0.0403532 0.0961588 0.00112809 0.114077 0.19646 0.0410198 0.000116639 
0.00512822 1.29811e-06 4.59881e-11 0.00036866 0.000293214 0.00068593 2.50952e-05 0.000198976 5.91618e-05 0.00578769 4.10294e-05 0.981521 6.37901e-05 0.000352596 5.90632e-06 4.65011e-07 0.000378049 2.06126e-05 0.0018403 0.000600884 2.00444e-08 0.00110591 0.00145608 6.36712e-05 1.51264e-06 
0.0476079 1.3746e-06 1.51171e-08 0.0629284 0.0464412 0.0538004 0.0186523 0.0149548 0.00162236 0.0344261 0.00111589 0.0253033 0.000528791 0.000102619 0.000338375 1.18941e-05 0.00921047 0.0401179 0.0780682 0.00310262 4.96414e-07 0.00860108 0.531987 0.0013002 0.0197765 
0.00210386 1.70006e-05 1.11736e-11 0.00317708 0.00916368 0.840969 0.00280646 0.0188301 0.000589916 0.00222545 9.14302e-05 1.20232e-05 0.0025249 5.21819e-06 4.8303e-06 1.08813e-05 0.0288739 0.00116852 0.0267069 0.000701818 1.15258e-07 0.0121629 0.0464928 0.00127937 8.16938e-05 
0.00223731 0.000335016 3.48693e-10 0.0021699 0.822292 0.103986 0.00235434 0.000980253 0.000107576 0.00101208 2.42898e-08 2.44641e-06 7.54986e-05 5.09102e-08 0.000210259 8.04547e-08 0.000134423 0.00121969 0.0196124 0.000501316 1.32809e-08 0.0080556 0.0323696 0.00234435 7.48253e-08 
0.045008 0.00019048 2.96741e-07 0.0147533 0.0403178 0.0551461 0.0214223 0.0134323 0.0283823 0.00313495 0.000711501 0.000464133 0.00820947 1.84847e-05 0.00244258 2.60689e-05 0.0156956 0.00655057 0.00832021 0.000334869 3.93374e-05 0.0319807 0.0813125 0.620993 0.00111325 
0.00512822 1.29811e-06 4.59881e-11 0.00036866 0.000293214 0.00068593 2.50952e-05 0.000198976 5.91618e-05 0.00578769 4.10294e-05 0.981521 6.37901e-05 0.000352596 5.90632e-06 4.65011e-07 0.000378049 2.06126e-05 0.0018403 0.000600884 2.00444e-08 0.00110591 0.00145608 6.36712e-05 1.51264e-06 
0.00512822 1.29811e-06 4.59881e-11 0.00036866 0.000293214 0.00068593 2.50952e-05 0.000198976 5.91618e-05 0.00578769 4.10294e-05 0.981521 6.37901e-05 0.000352596 5.90632e-06 4.65011e-07 0.000378049 2.06126e-05 0.0018403 0.000600884 2.00444e-08 0.00110591 0.00145608 6.36712e-05 1.51264e-06 
0.0181949 0.163028 9.08607e-08 0.0310811 0.134875 0.0128136 0.0175136 0.0710598 0.00322337 0.0969225 0.000415424 3.08057e-06 0.0119116 5.50175e-06 0.0367023 0.000316876 0.0107115 0.0154811 0.0170348 0.024952 0.0466376 0.0303783 0.166321 0.0571773 0.0332402 
0.0392001 0.000258314 2.2806e-05 0.00927033 0.19586 0.0441948 0.220285 0.0502516 0.0126814 0.0159944 0.00663095 0.000789011 0.0148824 0.00666727 0.00387433 0.000443586 0.0548012 0.0525195 0.0132073 0.00449454 0.000529784 0.0131013 0.0592423 0.179707 0.00109063 
0.12635 0.000143089 6.30422e-08 0.0102314 0.0101918 0.048641 0.000161159 0.0193072 6.08917e-05 0.00258319 0.437047 1.99559e-05 0.149549 1.81836e-05 0.000195118 5.57765e-06 0.0455595 0.00907381 0.00635121 0.0506808 1.13765e-05 0.0308117 0.02632 0.0266318 5.53014e-05 
0.0124628 0.000746094 9.09764e-07 0.0175178 0.471881 0.0454158 0.0848145 0.0557667 0.0219943 0.00719985 0.00841417 0.00105258 0.00447414 0.000610746 0.00297199 0.000327751 0.0148469 0.0981094 0.0086518 0.0083617 6.64061e-06 0.0236991 0.0769427 0.0316752 0.00205545 
0.0354525 5.30741e-07 2.67003e-09 0.00792597 0.025533 0.0349248 0.000770062 0.0207033 0.00302514 0.0130091 0.000275609 0.00515278 0.000162986 0.00297408 0.00157853 2.47539e-05 0.027994 0.000155877 0.141741 0.0087079 5.28554e-05 0.00247791 0.0625746 0.604716 6.66608e-05 
0.0129454 0.000168456 6.18318e-07 0.00195043 0.0553912 0.0178331 0.00354264 0.024963 0.00664239 0.0067785 5.95985e-05 4.3628e-05 0.000245605 4.75077e-06 0.00506227 5.59411e-05 0.0785333 0.000245279 0.0456547 0.00130821 1.38914e-05 0.44668 0.216444 0.0751278 0.000305771 
0.0264397 0.001839 2.04232e-07 0.00130979 0.187297 0.182288 0.017757 0.0356039 2.04562e-07 0.00501209 0.0013498 0.00047079 0.00846987 2.04309e-07 2.04404e-07 0.00171451 0.0730452 0.24711 0.0272944 2.04586e-07 2.04403e-07 0.116608 0.0617442 0.00464482 2.04421e-07 
0.00606496 0.000305006 5.31834e-11 0.0103528 0.0074722 0.646224 1.25172e-05 0.0172914 0.00137835 0.00199022 1.48777e-05 5.16189e-05 0.00302121 5.65408e-05 0.000571812 2.51141e-06 0.0378348 4.22357e-05 0.0436521 0.00268958 2.57497e-09 0.00869305 0.210464 0.00123866 0.00057506 
0.242472 5.90332e-07 4.13625e-07 0.0278153 0.0294411 0.198806 4.00077e-05 0.0893497 0.00430579 0.0232402 0.00113084 3.32202e-06 0.14995 0.00309969 7.25144e-07 1.10479e-06 0.0128702 0.000405743 0.0273606 0.147238 0.00195829 0.00162452 0.0135949 0.0241876 0.00110416 
0.158243 5.88547e-05 2.26152e-06 0.0805028 0.0458378 0.0277212 0.000805404 0.0192803 0.00916298 0.0135094 0.00226093 0.0523741 0.0106033 0.000127123 0.00177846 1.35972e-05 0.0399587 0.0141623 0.165061 0.00688457 7.84456e-06 0.0167754 0.258918 0.0260828 0.0498671 
0.00626597 0.000119846 1.50516e-09 0.00260032 0.0265965 0.578529 0.0120283 0.0635897 0.00083587 0.0016876 0.00088635 1.98145e-05 0.00267988 1.86977e-05 5.83978e-05 1.75674e-05 0.0179143 0.0159759 0.0527396 0.00428231 1.33932e-05 0.0267427 0.178003 0.00803137 0.000362774 
0.0047668 3.38547e-06 8.45857e-11 0.00323654 0.0344452 0.050994 0.0088181 0.00857239 0.00303722 0.00256095 0.00024579 0.00139887 0.00615557 3.32719e-07 4.78259e-08 4.29527e-08 0.00314362 0.00104579 0.775793 0.00514069 1.65674e-06 0.0288347 0.0563285 0.00547701 1.66105e-08 
0.00987288 0.00260094 1.72566e-07 0.00634742 0.00942253 0.234348 0.0304427 0.140337 0.000328522 0.0442316 0.00145083 9.64601e-05 0.00463178 9.77895e-06 0.0071945 1.01493e-05 0.0118852 0.00610585 0.0558623 0.00211533 9.31661e-05 0.14018 0.239192 0.0509258 0.00231467 
0.00512822 1.29811e-06 4.59881e-11 0.00036866 0.000293214 0.00068593 2.50952e-05 0.000198976 5.91618e-05 0.00578769 4.10294e-05 0.981521 6.37901e-05 0.000352596 5.90632e-06 4.65011e-07 0.000378049 2.06126e-05 0.0018403 0.000600884 2.00444e-08 0.00110591 0.00145608 6.36712e-05 1.51264e-06 
0.00146089 6.38193e-06 9.51789e-12 0.0010382 0.00244813 0.000123809 1.95689e-05 0.00351566 0.000870324 0.000376703 5.69108e-09 0.000126889 4.81739e-05 3.01172e-08 0.00114522 6.32911e-06 4.70205e-05 7.96478e-05 0.00369029 0.0001648 3.66058e-06 0.000872155 0.000793292 0.0129238 0.970239 
0.00512822 1.29811e-06 4.59881e-11 0.00036866 0.000293214 0.00068593 2.50952e-05 0.000198976 5.91618e-05 0.00578769 4.10294e-05 0.981521 6.37901e-05 0.000352596 5.90632e-06 4.65011e-07 0.000378049 2.06126e-05 0.0018403 0.000600884 2.00444e-08 0.00110591 0.00145608 6.36712e-05 1.51264e-06 
0.0348647 4.61253e-06 9.71813e-10 0.00293253 0.0206796 0.717742 0.00520231 0.0231808 0.000936135 0.00139043 0.0026362 1.46016e-05 0.00689214 7.69641e-06 2.07679e-05 1.81197e-06 0.00257074 0.0210803 0.00734204 0.00138013 1.31728e-07 0.0449647 0.104217 0.00191425 2.35503e-05 
0.00558869 2.17479e-06 7.05711e-10 0.00246744 0.00516218 0.0277135 0.00112605 0.0028782 0.000210494 7.6344e-05 0.000137224 9.4576e-06 0.0515098 2.11598e-06 2.66953e-09 2.72537e-06 0.00936019 0.0414416 0.00684523 0.00174562 2.59703e-07 0.825782 0.0151733 0.000167648 0.00259798 
0.456469 3.2496e-05 7.63365e-06 0.0792021 0.0351473 0.028213 0.00121974 0.0588599 0.00858635 0.0584765 0.00161775 0.013996 0.00599511 0.00322717 0.000594605 4.59064e-05 0.0135608 0.00990492 0.0155026 0.0769701 3.04858e-05 0.0112836 0.0724458 0.0475981 0.00101336 
0.00665552 0.269906 1.92977e-07 2.93667e-05 0.0103326 0.00144596 0.000222926 0.00946746 1.93884e-05 0.00312434 0.00623102 0.000394175 0.0120833 9.54373e-06 0.000119172 1.3564e-05 7.77804e-05 0.00363912 0.000163472 4.29335e-05 0.000924717 0.00111904 0.0495248 0.62445 3.78819e-06 
0.00318226 0.000390423 2.49599e-08 0.00669224 0.285833 0.14476 0.414748 0.0117971 0.00148953 0.00208904 0.0007062 4.77606e-06 0.0040755 0.015735 2.79103e-06 4.14207e-06 0.00068295 0.0479728 0.0108275 0.000106271 1.01665e-07 0.00465625 0.0403571 0.00380412 8.17956e-05 
0.00439471 2.36851e-08 8.7676e-11 0.00134398 0.0386785 0.00812621 0.0873444 0.00192524 0.0763974 0.687181 2.59e-07 0.000162429 0.000413095 9.65757e-07 2.29606e-08 0.000510177 6.28159e-05 0.000189829 0.0847469 0.000886769 5.38634e-06 0.000567924 0.00482332 0.00214137 9.74467e-05 
0.0383964 1.16293e-07 1.06256e-09 0.0231126 0.0487559 0.0393599 0.00153765 0.0079611 0.000946218 0.040955 0.000652363 0.000522303 0.000519768 0.00343682 0.351328 4.77851e-06 0.041011 0.0171551 0.0155693 0.0184037 5.73566e-06 0.0153341 0.323454 0.0019685 0.00960917 
0.0348738 0.00021615 6.68097e-07 0.0095333 0.085662 0.0657316 0.0326392 0.303979 0.00233926 0.00689389 0.00861455 0.000591431 0.00453088 1.38005e-05 0.000650385 0.00028248 0.0240009 0.00255354 0.116671 0.00769098 1.61237e-05 0.069456 0.144391 0.0783244 0.000343274 
0.00317745 0.000108274 3.90482e-08 0.0244635 0.517397 0.0105269 0.0252956 0.013951 0.0908505 0.00174019 0.00155868 1.24319e-05 0.000230775 2.71719e-07 0.00141536 0.00272155 0.000161372 0.0132675 1.37389e-05 0.000120393 8.04041e-07 0.00274808 0.0134597 0.276726 5.26355e-05 
0.00609907 2.82485e-07 1.28875e-07 0.000211956 0.0104587 2.96001e-05 9.6631e-05 0.000167983 0.000143399 6.3454e-05 1.54919e-06 3.9517e-05 4.82453e-05 2.78668e-06 0.00157016 4.56194e-06 0.000327858 0.00751496 0.000467136 7.58192e-05 4.15265e-07 0.000610114 0.00402279 0.00655798 0.961485 
0.0824118 0.000831709 5.04202e-06 0.0425293 0.0447249 0.111885 0.00135135 0.0730417 0.0163145 0.0194906 0.0271181 0.0030151 0.0231259 0.0113864 0.00165729 2.63612e-05 0.107951 0.000794939 0.0614796 0.00571401 1.32339e-05 0.0306555 0.303498 0.0306889 0.00028875 
0.0157917 0.000184922 1.45564e-05 0.0207956 0.0790519 0.466982 0.00847723 0.0646214 0.00220885 0.00929494 0.00744374 0.0105512 0.00164042 0.000150027 0.00554629 2.28347e-05 0.00364982 0.035725 0.0159175 0.00494364 5.94389e-05 0.0372361 0.171469 0.0380999 0.000122167 
