0.00556935 9.63009e-05 8.31788e-08 0.00183499 0.00078908 0.0349762 0.000116533 0.0433798 5.05203e-05 1.8591e-07 0.00250579 0.00188601 0.00677155 7.63505e-05 0.00783841 1.23503e-05 0.180251 2.3487e-05 0.00878207 0.000963432 0.000162756 0.204753 0.0619613 0.436944 0.000255285 
0.00218538 0.00127687 4.28182e-08 0.361688 0.00741744 0.0349782 0.000544761 0.0131756 0.00103925 6.48206e-05 0.00862439 1.78591e-06 0.00313254 0.000131281 4.6048e-05 6.40141e-06 0.00840621 4.86175e-05 0.0653575 0.00101634 0.000298978 0.0174993 0.471892 0.000133448 0.00103444 
0.0396353 0.00233964 3.18553e-09 0.0537376 0.0122411 0.0113394 0.000520889 0.00342177 0.000886896 0.0277726 0.000600673 0.000587343 0.000413454 1.85657e-06 0.000238118 4.05268e-08 0.000996151 0.0241728 0.0020473 0.000593261 1.1238e-05 0.00154513 0.0423059 0.0287945 0.745797 
0.0603561 0.0754735 1.13294e-11 0.00550978 0.0635842 0.0397985 0.115151 0.0756805 0.0016199 0.0126969 0.00591143 0.000309969 0.00354616 7.75012e-05 0.000315556 0.000119711 0.129094 0.0132766 0.0340705 0.0423836 0.0011298 0.0201513 0.260653 0.0384494 0.000641501 
0.0590612 7.48477e-07 2.82191e-10 0.00724691 0.00736019 0.0815491 1.16621e-07 0.0799766 0.00311541 0.00951084 3.42353e-06 5.18755e-05 0.00701993 7.81589e-09 0.0119154 0.000123409 0.0709165 6.69521e-06 0.0132654 0.00329045 4.92508e-05 0.295868 0.0779062 0.271762 2.31514e-07 
0.0791021 0.000548273 3.10459e-11 0.102398 0.00867351 0.51821 0.000113897 0.0677243 0.000131556 0.0210555 0.00284655 6.43757e-08 0.00555969 5.35314e-06 0.000492132 8.92725e-06 0.0311778 0.000220954 0.0154415 0.0228084 2.07532e-08 0.0522358 0.0634292 0.00651368 0.001302 
0.00495374 1.56618e-06 1.01477e-09 0.00214707 0.588579 0.0676864 0.0616519 0.048544 0.00141578 4.68626e-05 0.0152978 7.85833e-06 0.0106112 8.33598e-06 1.91502e-05 3.21615e-06 0.00260492 0.0986612 0.025213 0.00162067 1.61703e-07 0.0305257 0.034038 0.00406971 0.00229288 
0.0211748 6.22933e-05 1.70891e-11 0.013322 0.0128545 0.0565168 0.00997866 0.00962244 0.0112803 0.00112935 0.00430975 8.71406e-06 0.00985064 1.15101e-05 0.000915741 1.90437e-05 0.115483 0.0185769 0.363661 0.00432743 4.29111e-06 0.109508 0.23372 0.0031949 0.000468855 
0.0472449 0.00817043 6.17815e-06 0.0192978 0.0383087 0.0738011 0.00254463 0.0594236 0.00853418 0.152251 0.00345022 0.336495 0.00245934 0.000720534 0.0101642 6.165e-05 0.00869792 0.00771728 0.0323655 0.021637 4.98112e-05 0.0408554 0.0408417 0.0844517 0.000449516 
0.138122 9.25557e-06 4.48581e-12 0.000368526 0.0129098 5.86396e-05 0.00974989 0.000256755 0.719185 0.000285651 0.00135426 4.98956e-06 0.00169168 0.000187933 5.78132e-05 4.19595e-07 0.0382583 0.00012543 0.00246888 1.39867e-05 2.3234e-05 0.000979948 0.0709111 0.00285084 0.000126456 
0.146951 3.08424e-05 4.8343e-06 0.0744843 0.0672364 0.0159649 0.00862689 0.0223143 0.00362546 0.205459 0.00140009 0.0204168 0.00320432 8.76265e-05 0.00116805 4.83099e-05 0.00859622 0.0126908 0.0120945 0.00575491 8.66159e-06 0.0244445 0.325986 0.0388531 0.000548328 
0.136877 3.21091e-07 3.20969e-07 0.0140857 0.0812435 0.0891478 0.0129247 0.0467898 0.00208998 0.0244339 0.018511 0.00180101 0.0356246 3.2109e-07 0.00558989 0.000866309 0.0508067 0.07178 0.220233 0.00607714 0.00289146 0.00726771 0.0706304 0.0659843 0.0343437 
0.00512822 1.29811e-06 4.59881e-11 0.00036866 0.000293214 0.00068593 2.50952e-05 0.000198976 5.91618e-05 0.00578769 4.10294e-05 0.981521 6.37901e-05 0.000352596 5.90632e-06 4.65011e-07 0.000378049 2.06126e-05 0.0018403 0.000600884 2.00444e-08 0.00110591 0.00145608 6.36712e-05 1.51264e-06 
0.00558869 2.17479e-06 7.05711e-10 0.00246744 0.00516218 0.0277135 0.00112605 0.0028782 0.000210494 7.6344e-05 0.000137224 9.4576e-06 0.0515098 2.11598e-06 2.66953e-09 2.72537e-06 0.00936019 0.0414416 0.00684523 0.00174562 2.59703e-07 0.825782 0.0151733 0.000167648 0.00259798 
0.0787298 5.82569e-05 9.55715e-09 0.0519981 0.0397414 0.0806164 0.00292055 0.0220031 0.00498122 0.00536779 0.00160134 0.000832083 0.00778188 0.000261749 0.000489705 0.000478904 0.0722336 0.0131663 0.0385027 0.0171127 2.91535e-06 0.0452941 0.505261 0.0102214 0.000342747 
0.00315519 0.000458737 8.64364e-10 0.00145351 0.379383 0.0840947 0.264665 0.0117591 0.000497686 0.00426108 1.68256e-07 6.06822e-06 7.12079e-05 5.33874e-05 0.000149557 8.61361e-06 0.0131688 0.100952 0.0289114 0.00153192 1.57046e-07 0.000403045 0.0687742 0.0362021 3.91305e-05 
0.151365 0.00120255 6.5221e-08 0.0602958 0.0034469 0.00114173 0.000136144 0.00444221 0.000345252 0.0560216 0.000703862 0.000779334 0.00212564 0.000320065 0.00890793 0.000191469 0.00587253 0.000364639 0.0160154 0.00121216 9.81308e-05 0.00433904 0.0297579 0.630339 0.020575 
0.00512822 1.29811e-06 4.59881e-11 0.00036866 0.000293214 0.00068593 2.50952e-05 0.000198976 5.91618e-05 0.00578769 4.10294e-05 0.981521 6.37901e-05 0.000352596 5.90632e-06 4.65011e-07 0.000378049 2.06126e-05 0.0018403 0.000600884 2.00444e-08 0.00110591 0.00145608 6.36712e-05 1.51264e-06 
0.0105738 3.66155e-06 1.22818e-07 0.038586 0.0735847 0.260986 0.0105015 0.0120709 0.00068206 0.438723 0.000262005 0.000230054 0.00101478 2.60269e-05 0.0119858 9.12361e-06 0.000892701 0.00172667 0.0209336 0.00387091 0.000190383 0.00520075 0.0630389 0.0445859 0.000320963 
0.000279673 0.985705 5.86546e-13 7.38817e-05 0.00169687 0.00104857 0.00234164 0.000301496 1.43222e-05 0.000431021 3.92705e-05 0.000509992 1.18319e-05 3.31957e-10 1.50771e-06 1.0882e-06 9.74491e-05 0.00132081 7.22105e-05 4.91382e-05 0.000181715 0.000545391 0.00216243 0.00310572 8.49915e-06 
0.0921622 5.66508e-05 5.79075e-11 0.0393776 0.00534483 0.0267879 0.000277686 0.00818307 1.44092e-05 0.631798 0.00358214 0.0231887 0.0076223 6.04705e-05 2.36293e-05 2.66504e-09 0.00577642 5.93156e-05 0.0410758 0.0612938 7.00099e-07 0.0207728 0.0266013 0.00540175 0.000538898 
0.00512822 1.29811e-06 4.59881e-11 0.00036866 0.000293214 0.00068593 2.50952e-05 0.000198976 5.91618e-05 0.00578769 4.10294e-05 0.981521 6.37901e-05 0.000352596 5.90632e-06 4.65011e-07 0.000378049 2.06126e-05 0.0018403 0.000600884 2.00444e-08 0.00110591 0.00145608 6.36712e-05 1.51264e-06 
0.00512822 1.29811e-06 4.59881e-11 0.00036866 0.000293214 0.00068593 2.50952e-05 0.000198976 5.91618e-05 0.00578769 4.10294e-05 0.981521 6.37901e-05 0.000352596 5.90632e-06 4.65011e-07 0.000378049 2.06126e-05 0.0018403 0.000600884 2.00444e-08 0.00110591 0.00145608 6.36712e-05 1.51264e-06 
0.0120758 7.02182e-05 1.04541e-07 0.00890137 0.0791499 0.0076715 0.0127963 0.100481 0.00254309 0.00970939 0.00013729 0.000157644 0.00393949 4.43742e-05 0.000771261 3.97514e-05 0.00765483 0.0293946 0.0384648 0.00225432 0.000287318 0.00960634 0.520781 0.120272 0.0327964 
0.00930721 0.00247244 2.44861e-06 0.0236759 0.116735 0.118997 0.0122341 0.0431924 0.00249302 0.00278993 0.00468606 0.000214215 0.00516772 7.35296e-06 0.000644437 5.20774e-05 0.025539 0.028671 0.0480117 0.0139126 1.66989e-05 0.324519 0.207901 0.00836668 0.000391605 
0.217864 2.62003e-08 1.19055e-10 0.0400297 0.0605296 0.0683139 0.0087502 0.0538058 0.0049947 0.0309455 0.0105784 2.51257e-08 0.00283465 0.285467 2.99728e-09 1.71547e-05 0.00181938 0.000390603 0.00633698 0.110006 5.23957e-08 0.080462 0.0097334 0.00633801 0.000782659 
0.000279673 0.985705 5.86546e-13 7.38817e-05 0.00169687 0.00104857 0.00234164 0.000301496 1.43222e-05 0.000431021 3.92705e-05 0.000509992 1.18319e-05 3.31957e-10 1.50771e-06 1.0882e-06 9.74491e-05 0.00132081 7.22105e-05 4.91382e-05 0.000181715 0.000545391 0.00216243 0.00310572 8.49915e-06 
0.0392882 0.00681005 4.60125e-06 0.0168526 0.310337 0.0152275 0.0315554 0.0261892 0.0271953 0.011464 0.013895 0.0069859 0.00312489 0.000632011 0.00191823 0.0751373 0.0100109 0.281329 0.0121319 0.0103625 6.71811e-06 0.0180553 0.0622584 0.0187928 0.000435107 
0.0335466 0.00263171 9.0406e-08 0.0371401 0.0701467 0.210961 0.0130273 0.0522425 0.0274497 0.0233705 0.00107825 8.64482e-05 0.00413748 0.00490187 0.00526126 3.26599e-06 0.0154428 0.0182707 0.0136159 0.0113976 2.12392e-07 0.0198586 0.253234 0.164891 0.0173047 
0.326382 7.06025e-06 1.86843e-09 0.055602 0.0252855 0.0311194 0.000159685 0.0224892 0.0132113 0.0353625 0.00249096 0.0210753 0.00523429 0.00185315 0.000906579 1.11282e-05 0.0323159 0.065831 0.0479629 0.0557917 0.000190383 0.0238723 0.21183 0.013705 0.00731098 
0.0187594 3.16403e-05 2.69384e-10 0.00461271 0.00391514 0.115248 0.00246271 0.00415172 0.000230948 0.0103023 3.24492e-05 7.27104e-05 0.00059672 7.02381e-06 0.000421628 3.96973e-05 0.357119 0.0364943 0.287515 0.000835173 4.41067e-07 0.0332153 0.122094 0.00162249 0.000220765 
0.00512822 1.29811e-06 4.59881e-11 0.00036866 0.000293214 0.00068593 2.50952e-05 0.000198976 5.91618e-05 0.00578769 4.10294e-05 0.981521 6.37901e-05 0.000352596 5.90632e-06 4.65011e-07 0.000378049 2.06126e-05 0.0018403 0.000600884 2.00444e-08 0.00110591 0.00145608 6.36712e-05 1.51264e-06 
0.00512822 1.29811e-06 4.59881e-11 0.00036866 0.000293214 0.00068593 2.50952e-05 0.000198976 5.91618e-05 0.00578769 4.10294e-05 0.981521 6.37901e-05 0.000352596 5.90632e-06 4.65011e-07 0.000378049 2.06126e-05 0.0018403 0.000600884 2.00444e-08 0.00110591 0.00145608 6.36712e-05 1.51264e-06 
0.00677122 0.000128378 1.55799e-09 0.00254524 0.827098 0.0472653 0.00548813 0.00233007 0.000355661 0.00157081 5.07936e-06 1.20132e-05 0.000174411 0.00149119 0.00212315 8.70857e-07 0.000413945 0.00181277 0.0198652 0.000982171 4.38222e-07 0.0114861 0.0395802 0.0284995 5.96222e-07 
0.0150448 0.00018153 1.97792e-07 0.00210752 0.0821376 0.00362428 0.00205522 0.0922154 0.00480282 0.00203831 0.000645372 0.0428708 0.00447301 0.000241095 0.00298818 5.56149e-05 0.0027546 0.000603482 0.00178692 0.000356777 3.79615e-06 0.0281717 0.0106449 0.694363 0.00583304 
0.00512822 1.29811e-06 4.59881e-11 0.00036866 0.000293214 0.00068593 2.50952e-05 0.000198976 5.91618e-05 0.00578769 4.10294e-05 0.981521 6.37901e-05 0.000352596 5.90632e-06 4.65011e-07 0.000378049 2.06126e-05 0.0018403 0.000600884 2.00444e-08 0.00110591 0.00145608 6.36712e-05 1.51264e-06 
0.00512822 1.29811e-06 4.59881e-11 0.00036866 0.000293214 0.00068593 2.50952e-05 0.000198976 5.91618e-05 0.00578769 4.10294e-05 0.981521 6.37901e-05 0.000352596 5.90632e-06 4.65011e-07 0.000378049 2.06126e-05 0.0018403 0.000600884 2.00444e-08 0.00110591 0.00145608 6.36712e-05 1.51264e-06 
0.00224411 9.73963e-07 1.29473e-09 0.00102517 0.000136541 5.69931e-05 9.59326e-08 0.000228659 6.78514e-05 0.000221825 2.01971e-05 0.000311285 0.00028537 1.45792e-09 8.38062e-06 1.51936e-06 6.11415e-05 0.00304215 0.00326156 5.87806e-05 2.90767e-06 0.000308208 0.00115286 0.00127836 0.986225 
0.00281844 8.52323e-08 7.13574e-10 6.53133e-07 0.893892 0.00155822 0.00299496 0.00445542 0.00145178 0.000871349 3.82635e-07 6.89068e-08 0.000789168 1.95611e-07 6.87822e-06 1.06464e-05 0.000749088 0.00416963 0.0314418 8.88597e-08 2.37759e-06 6.10757e-07 0.0289242 0.0258573 4.4553e-06 
0.0102338 5.10179e-06 4.12397e-09 0.00798668 0.103392 0.0260025 0.00192514 0.0793221 0.0328603 0.0023616 3.86867e-07 8.63333e-06 0.000871952 0.00149444 0.00408652 0.000186151 0.0208557 0.00554573 0.00441113 0.00340443 2.79519e-05 0.00417371 0.14846 0.542357 2.59884e-05 
0.00280954 4.95522e-05 2.07722e-08 0.00850347 0.0760207 0.47693 0.0513017 0.103215 0.0014874 0.00147839 0.000805247 0.00521998 0.00108326 0.00170114 1.29368e-05 2.37031e-05 0.0132418 0.101662 0.0616374 0.00575586 3.23744e-08 0.0545879 0.0256698 0.00655158 0.000251028 
0.00512822 1.29811e-06 4.59881e-11 0.00036866 0.000293214 0.00068593 2.50952e-05 0.000198976 5.91618e-05 0.00578769 4.10294e-05 0.981521 6.37901e-05 0.000352596 5.90632e-06 4.65011e-07 0.000378049 2.06126e-05 0.0018403 0.000600884 2.00444e-08 0.00110591 0.00145608 6.36712e-05 1.51264e-06 
0.0841493 0.00871186 1.55888e-11 0.00268299 0.00165398 0.00732846 0.000313308 0.015064 0.000815371 0.652935 0.000237248 0.00117992 0.0297789 0.00459542 0.000347475 1.22408e-08 0.0305879 0.00115675 0.0499712 0.0202321 9.44392e-07 0.00602144 0.077238 0.0049194 7.93434e-05 
0.154112 6.61416e-06 2.05702e-11 0.0223243 0.0504995 0.063063 0.000517759 0.00324847 8.1281e-05 0.0161853 4.27454e-08 6.6723e-06 0.00180128 9.6953e-07 0.00130031 0.000750247 0.0264643 0.0272158 0.181583 0.0964434 8.56462e-06 0.018244 0.335575 0.000558647 9.64899e-06 
0.00530776 0.000105839 1.29384e-07 0.000826348 0.163716 0.000206505 0.00961576 0.00932214 0.000979624 0.00183125 0.000954811 1.08954e-06 2.28164e-06 2.79229e-06 0.000113312 4.41599e-06 0.0020274 0.00016949 0.00630599 0.00107122 6.54086e-05 0.00691083 0.0487818 0.741674 4.03282e-06 
0.0632324 8.1817e-05 3.80699e-08 0.00256136 0.0355414 0.305603 0.0196596 0.0426425 0.00143396 0.0328103 0.000806462 0.00587733 0.00139179 5.29693e-06 0.157971 3.33655e-05 0.029607 0.02521 0.0472206 0.0202157 1.00569e-07 0.0220415 0.155404 0.0226638 0.00798654 
0.00512822 1.29811e-06 4.59881e-11 0.00036866 0.000293214 0.00068593 2.50952e-05 0.000198976 5.91618e-05 0.00578769 4.10294e-05 0.981521 6.37901e-05 0.000352596 5.90632e-06 4.65011e-07 0.000378049 2.06126e-05 0.0018403 0.000600884 2.00444e-08 0.00110591 0.00145608 6.36712e-05 1.51264e-06 
0.480522 0.00139002 1.01705e-09 0.0153742 0.0085988 0.0216895 0.000921455 0.00744599 0.000916996 0.00722884 0.000455788 0.0317183 0.0133181 0.000643695 2.50999e-07 3.77555e-05 0.153559 0.00168647 0.00370631 0.0204026 0.000318007 0.0783501 0.150306 0.00138221 2.77853e-05 
0.00512822 1.29811e-06 4.59881e-11 0.00036866 0.000293214 0.00068593 2.50952e-05 0.000198976 5.91618e-05 0.00578769 4.10294e-05 0.981521 6.37901e-05 0.000352596 5.90632e-06 4.65011e-07 0.000378049 2.06126e-05 0.0018403 0.000600884 2.00444e-08 0.00110591 0.00145608 6.36712e-05 1.51264e-06 
0.331928 0.000363842 2.96266e-11 0.0418885 0.0182155 0.0376543 0.000849254 0.0100002 0.00352893 0.00768122 0.000329591 0.0141176 0.0162416 0.00121857 0.000221179 3.23928e-05 0.0409524 0.0081023 0.0237202 0.0088664 2.09416e-05 0.105351 0.323712 0.00479176 0.000213055 
0.00321466 1.02535e-05 3.1e-08 0.00203831 0.168904 0.0144378 0.00886381 0.00113773 0.00197242 0.0335576 0.00252708 0.00011783 0.000234207 1.89845e-06 0.00511046 4.71094e-06 0.000765859 0.692214 0.000315013 0.00068343 6.12108e-08 0.000108481 0.0556911 0.00505487 0.00303499 
0.00949305 0.000203774 9.17563e-11 0.00339955 0.0313525 0.0651794 0.00014097 0.0383514 0.0856182 0.0339368 4.63794e-05 7.0068e-05 0.0157499 8.15249e-06 1.4601e-05 3.32804e-06 0.00548123 0.000105991 0.000780663 0.00422727 1.51555e-05 0.0111201 0.679537 0.0151442 2.02555e-05 
0.00413635 2.30218e-05 2.25892e-07 0.00143061 0.501718 0.0238518 0.0318158 0.0815092 0.142005 0.00940551 0.00017284 9.70169e-06 0.000119616 0.000146434 0.00012512 2.60547e-05 0.00449166 0.047986 0.00109731 0.00014185 1.0175e-06 0.00738747 0.107392 0.0349051 0.000101788 
0.0290673 1.43069e-05 2.20254e-12 0.00112048 0.0056228 0.0185232 0.000346178 0.00361847 0.000201526 0.0130419 6.18471e-06 0.00796649 0.000674851 0.000597731 0.00100974 0.000724042 0.00826066 0.000670502 0.871202 0.00172015 1.65142e-06 0.00764363 0.0270609 0.000784515 0.000120875 
0.247049 0.000382977 2.79091e-07 0.0372915 0.11856 0.00148643 0.00994643 0.0390204 0.0215719 0.0177806 0.00317459 0.000689699 0.00524918 0.000311379 0.00106975 8.32527e-07 0.00630227 0.123928 0.0121762 0.0197459 0.00123258 0.0179441 0.0956006 0.217052 0.00243312 
0.269097 0.0076648 2.93789e-07 0.0292645 0.0702903 0.00245866 0.00208423 0.187063 0.00255512 0.0200362 0.00815616 0.000200266 0.00420561 4.03029e-05 0.000448568 0.00188992 0.0261176 0.0620333 0.0339283 0.00984297 8.8441e-06 0.0410876 0.120027 0.101029 0.000470676 
0.00512822 1.29811e-06 4.59881e-11 0.00036866 0.000293214 0.00068593 2.50952e-05 0.000198976 5.91618e-05 0.00578769 4.10294e-05 0.981521 6.37901e-05 0.000352596 5.90632e-06 4.65011e-07 0.000378049 2.06126e-05 0.0018403 0.000600884 2.00444e-08 0.00110591 0.00145608 6.36712e-05 1.51264e-06 
0.0534348 0.000200177 2.1315e-08 0.072333 0.0995156 0.0438613 0.106431 0.0117948 0.0153726 0.0638069 2.0538e-05 0.0186669 0.0055533 0.0586717 0.00296787 5.24373e-06 0.0254167 0.000805498 0.0861218 0.000920805 3.92731e-06 0.00293855 0.00322896 0.327919 8.4001e-06 
0.0246439 0.00602568 1.83026e-06 0.0134025 0.0221528 0.059369 0.000583477 0.0353571 0.00287346 0.0170703 0.000939403 0.00109341 0.00283161 4.82399e-05 0.00206612 4.34001e-05 0.0993897 0.00754099 0.0206661 0.00243883 0.00427771 0.0948754 0.0972757 0.479357 0.00567591 
0.0448366 1.97093e-05 1.17225e-07 0.0028575 0.118292 0.0653169 0.0178295 0.0677885 0.00269255 0.0177767 0.00104733 0.000221064 0.00396216 1.67256e-05 0.00020385 6.15745e-06 0.127323 0.0282618 0.00461534 0.00138025 0.000304965 0.0600638 0.366974 0.0681588 5.09808e-05 
0.00280933 8.59882e-08 1.39131e-10 0.00620868 0.202849 0.113205 0.199658 0.00528637 0.0469771 0.000562507 0.000278787 1.13037e-07 0.000380638 0.0940959 0.00362826 4.01369e-08 0.00762781 0.292322 0.000553371 0.00199427 7.29008e-09 0.00261832 0.0140639 0.00382392 0.00105615 
0.00512822 1.29811e-06 4.59881e-11 0.00036866 0.000293214 0.00068593 2.50952e-05 0.000198976 5.91618e-05 0.00578769 4.10294e-05 0.981521 6.37901e-05 0.000352596 5.90632e-06 4.65011e-07 0.000378049 2.06126e-05 0.0018403 0.000600884 2.00444e-08 0.00110591 0.00145608 6.36712e-05 1.51264e-06 
0.00512822 1.29811e-06 4.59881e-11 0.00036866 0.000293214 0.00068593 2.50952e-05 0.000198976 5.91618e-05 0.00578769 4.10294e-05 0.981521 6.37901e-05 0.000352596 5.90632e-06 4.65011e-07 0.000378049 2.06126e-05 0.0018403 0.000600884 2.00444e-08 0.00110591 0.00145608 6.36712e-05 1.51264e-06 
0.00530964 1.54811e-05 6.75167e-11 0.00188971 0.385593 6.73627e-07 0.0112146 0.0636682 0.00524269 0.00508817 0.000365977 0.00186973 0.000131235 7.40238e-07 0.000108832 0.000238133 1.49371e-07 0.0125596 0.150849 5.81524e-08 5.56644e-05 0.0109031 0.117857 0.22618 0.000858124 
0.00379455 3.2746e-05 2.44439e-11 0.00268705 0.044802 0.838588 0.0143816 0.000868799 0.00578396 0.000206115 4.02232e-05 9.00226e-07 0.00152518 6.60402e-09 2.91848e-05 1.04359e-08 6.10421e-05 0.00215746 0.000281234 0.0506311 2.29247e-07 0.000618111 0.021074 0.00674097 0.00569589 
0.00512822 1.29811e-06 4.59881e-11 0.00036866 0.000293214 0.00068593 2.50952e-05 0.000198976 5.91618e-05 0.00578769 4.10294e-05 0.981521 6.37901e-05 0.000352596 5.90632e-06 4.65011e-07 0.000378049 2.06126e-05 0.0018403 0.000600884 2.00444e-08 0.00110591 0.00145608 6.36712e-05 1.51264e-06 
0.240681 0.000328632 1.75585e-08 0.109172 0.0785658 0.0643806 0.00553423 0.0036016 0.261577 0.0343857 6.13599e-05 0.00365583 0.000126271 0.00521356 9.7456e-05 0.000162737 0.0209748 0.00185711 0.0459187 0.00638125 1.02836e-06 0.0166068 0.0838754 0.0164219 0.000419337 
0.0224009 2.76175e-05 1.16342e-08 0.0177271 0.013392 0.0344805 0.000323873 0.0110574 0.000786035 0.0243307 0.00171662 0.445879 0.00271548 0.000442637 0.000141718 3.2602e-05 0.0718614 0.0018916 0.22258 0.00586785 0.000100418 0.0338851 0.076821 0.0110366 0.000501153 
0.00512822 1.29811e-06 4.59881e-11 0.00036866 0.000293214 0.00068593 2.50952e-05 0.000198976 5.91618e-05 0.00578769 4.10294e-05 0.981521 6.37901e-05 0.000352596 5.90632e-06 4.65011e-07 0.000378049 2.06126e-05 0.0018403 0.000600884 2.00444e-08 0.00110591 0.00145608 6.36712e-05 1.51264e-06 
0.0855086 0.000155589 6.828e-06 0.178486 0.0551017 0.159303 0.0061606 0.0427307 0.0110922 0.00870478 0.00183293 0.00451822 0.0138276 0.000714359 0.00204593 2.12395e-05 0.0274216 0.0095132 0.0622045 0.0401668 0.000940428 0.0406756 0.240861 0.0073228 0.000682589 
0.357262 0.000319244 2.4073e-05 0.0389568 0.0245611 0.0327417 0.00192711 0.0174716 0.00699662 0.0143322 0.00413617 0.00595104 0.0266312 0.0010111 0.00159483 3.86766e-05 0.0455324 0.0143523 0.0431383 0.0549101 3.73918e-05 0.0653945 0.225786 0.0162163 0.000676534 
0.00939251 5.13413e-07 1.17382e-10 0.0120733 0.268242 0.00628401 0.0741305 0.0520083 0.0155681 0.000434595 0.000147924 2.40265e-06 0.00088454 3.51492e-07 0.00325272 7.80925e-06 0.0125589 0.405633 0.00635385 0.00137173 6.47366e-07 0.0109744 0.110674 0.00841 0.00159433 
0.00512822 1.29811e-06 4.59881e-11 0.00036866 0.000293214 0.00068593 2.50952e-05 0.000198976 5.91618e-05 0.00578769 4.10294e-05 0.981521 6.37901e-05 0.000352596 5.90632e-06 4.65011e-07 0.000378049 2.06126e-05 0.0018403 0.000600884 2.00444e-08 0.00110591 0.00145608 6.36712e-05 1.51264e-06 
0.0207449 0.00190632 2.07031e-06 0.0165163 0.554778 0.0267928 0.0301491 0.0560246 0.0250945 0.00728085 0.00547057 0.00318481 0.00734153 0.00345313 0.00200306 0.000292659 0.0132323 0.0857292 0.0165423 0.00767334 0.00101498 0.0194902 0.0619096 0.0321579 0.0012145 
0.00512822 1.29811e-06 4.59881e-11 0.00036866 0.000293214 0.00068593 2.50952e-05 0.000198976 5.91618e-05 0.00578769 4.10294e-05 0.981521 6.37901e-05 0.000352596 5.90632e-06 4.65011e-07 0.000378049 2.06126e-05 0.0018403 0.000600884 2.00444e-08 0.00110591 0.00145608 6.36712e-05 1.51264e-06 
0.0255467 0.0638076 7.76398e-07 0.0380466 0.0916089 0.0108438 0.00341238 0.0430126 0.00797746 0.00315533 0.00706743 8.63111e-05 0.0181011 0.000104235 0.00651875 0.000442585 0.0089279 0.000660014 0.0117476 0.00360642 0.00297194 0.00363889 0.132277 0.516134 0.000302831 
0.0128861 2.45165e-05 5.01849e-12 0.00285787 0.0263839 0.0280103 0.0346348 0.0103123 0.000924515 0.00693785 0.000842069 0.00650824 0.00356061 0.000294363 0.000135136 0.000629895 0.00442801 0.00416 0.817309 0.00517438 5.6081e-06 0.0115012 0.0140853 0.000992946 0.00740085 
0.00402866 0.019297 2.82579e-08 0.00071071 0.0299686 0.475681 0.0407765 0.00286201 0.00011577 0.000145522 0.000285682 7.19651e-06 0.000291163 1.89849e-06 2.11067e-05 0.00010926 0.0227959 0.0334601 0.0721097 2.38174e-05 4.45964e-06 0.0912763 0.180214 0.025786 2.75263e-05 
0.101166 0.0670316 2.16091e-11 0.0211276 0.0960377 0.022106 0.00317792 0.0502137 0.0604564 0.000861457 0.00013185 0.000186344 0.00196573 0.000171023 0.0145663 1.55081e-06 0.000115718 0.122263 0.00561335 0.0017442 7.81674e-06 0.0119073 0.160198 0.257983 0.000967119 
0.012745 2.06123e-05 2.45905e-12 0.00118503 0.0072434 0.033339 0.000351557 0.00737312 0.000269137 0.0068822 9.69731e-05 0.00978314 0.00177519 0.000497894 0.000262671 0.000332024 0.0040653 0.00421874 0.890977 0.00160389 5.65585e-07 0.00780071 0.00833408 0.000699937 0.000142686 
0.108899 0.00243622 2.05652e-07 0.0363859 0.101371 0.0615382 0.00684998 0.0495229 0.00674812 0.0360238 0.00642018 0.00582273 0.0176573 0.000583538 0.000338846 0.000533977 0.0170392 0.00756818 0.0224194 0.274132 2.43726e-06 0.0479362 0.17831 0.0110056 0.000454563 
0.0694924 6.99656e-06 3.05475e-10 0.00421863 0.028471 0.0115189 0.00475206 0.00759002 0.0314451 0.00166784 0.000919946 1.816e-08 0.00702064 0.000179742 1.47876e-07 1.61332e-05 0.28278 0.000469967 0.00222191 0.000658559 4.11597e-06 0.025974 0.514699 0.00585265 3.9738e-05 
0.0188656 0.000271004 1.41317e-10 0.00485611 0.18097 0.0180978 0.00359604 0.0444128 0.00566826 0.0214655 0.00047968 6.90058e-05 0.000470358 5.45846e-05 0.0211766 2.89869e-05 0.0415708 0.00127094 0.0204663 0.0116451 4.62517e-05 0.276942 0.200914 0.126284 0.000378501 
0.02997 2.86044e-06 1.96885e-09 0.0159631 0.00404494 0.122326 0.00869627 0.0428102 0.0059433 0.00507894 2.46444e-07 4.9663e-05 0.00403381 4.44581e-05 3.10565e-05 7.07735e-05 0.0885303 0.00166901 0.124405 0.00104905 7.98786e-05 0.020854 0.475371 0.0465474 0.00242884 
0.00684663 4.17266e-10 1.93372e-10 0.00953888 0.0187799 0.214015 0.000394416 0.0829454 0.000510305 0.00107244 0.0128591 4.17707e-06 0.00235311 3.17283e-05 0.000358408 4.67458e-05 0.341844 0.00454648 0.0175672 0.00487871 8.10413e-09 0.00729099 0.265608 0.0083999 0.000109014 
0.104764 3.85517e-07 4.42188e-09 0.00452121 0.00411072 0.0796088 0.00158976 0.00492816 0.00143086 0.0280312 9.81085e-07 0.00387428 0.000438703 0.00039758 2.90741e-05 0.00108368 0.00172548 0.000275664 0.743961 0.0034177 1.69023e-07 0.00210879 0.0107556 0.00289869 4.70504e-05 
0.278171 4.97741e-09 3.93607e-12 0.0886741 0.000142273 0.0164286 2.78023e-05 0.00729117 2.45473e-05 0.000791638 0.001318 1.38718e-06 0.0227498 7.06947e-05 1.99658e-09 1.0033e-05 0.0169151 0.000242851 0.00697209 0.0328531 1.55554e-07 0.0291151 0.497841 0.000156663 0.00020349 
0.00192681 0.00154083 1.28838e-09 0.00425678 0.00344632 0.0532081 0.0138697 0.00816082 0.000357385 0.000181877 2.21431e-05 1.87022e-09 0.000158234 7.71381e-09 0.000133464 1.48361e-05 0.00909185 5.32877e-05 0.154763 2.77628e-05 1.18958e-06 0.0326237 0.706943 0.00909007 0.000129215 
0.000183059 0.0303914 2.37161e-08 0.00280054 0.0451983 0.00488467 0.00142565 0.0196948 0.00097217 0.0225383 0.000697319 0.00030416 0.000228166 2.74153e-06 0.000476243 0.000199429 0.00213631 0.000371804 0.00152089 0.00103266 8.55606e-05 0.00752588 0.0694439 0.787829 5.70057e-05 
0.188597 9.15577e-05 8.22602e-08 0.0310571 0.0733996 0.00864969 0.000665388 0.0549568 0.0061048 0.00543258 0.00275223 0.0184855 0.000991965 0.000371856 0.00666646 1.45597e-06 0.0029681 0.00254852 0.000544232 0.0137011 1.36715e-05 0.00507748 0.116045 0.459646 0.00123254 
0.0516119 4.80143e-07 6.01646e-12 0.00572269 0.0139364 0.0010204 0.00566829 0.00259306 0.873909 0.000728424 0.000875112 1.03027e-05 0.00130887 5.05334e-05 0.00639326 5.07609e-06 0.00136264 0.00541284 0.00238295 0.00123421 3.46338e-06 0.000562227 0.00717954 0.0176695 0.000358701 
0.0167226 9.95415e-05 3.96775e-06 0.219904 0.0336703 0.0724106 0.0656812 0.0225938 0.00554115 0.00639267 0.00263435 3.16857e-05 0.102357 3.89694e-05 0.000370564 0.00175246 0.00723098 0.0212619 0.0555256 0.00619953 2.82143e-05 0.256152 0.0902157 0.00462373 0.00855737 
0.144723 1.14556e-06 6.63399e-12 0.000241812 0.0431405 1.4154e-08 0.0288898 0.00064198 0.751506 2.17588e-06 5.68125e-08 8.60123e-06 0.00039785 0.000146047 0.00743809 7.79591e-05 0.0134214 6.555e-07 0.00015764 0.000934289 2.94079e-05 0.00137588 3.96742e-07 0.00102537 0.00583968 
0.00731113 2.40991e-05 1.52469e-11 0.00400776 0.00597001 0.112738 0.000620551 0.0208424 0.00032489 0.00157941 0.000281381 8.27228e-05 0.0044524 3.16701e-05 0.00514935 7.64545e-06 0.303679 0.0184887 0.267254 0.00160007 4.31876e-06 0.0759145 0.161792 0.00740753 0.000436834 
0.00512822 1.29811e-06 4.59881e-11 0.00036866 0.000293214 0.00068593 2.50952e-05 0.000198976 5.91618e-05 0.00578769 4.10294e-05 0.981521 6.37901e-05 0.000352596 5.90632e-06 4.65011e-07 0.000378049 2.06126e-05 0.0018403 0.000600884 2.00444e-08 0.00110591 0.00145608 6.36712e-05 1.51264e-06 
0.00558869 2.17479e-06 7.05711e-10 0.00246744 0.00516218 0.0277135 0.00112605 0.0028782 0.000210494 7.6344e-05 0.000137224 9.4576e-06 0.0515098 2.11598e-06 2.66953e-09 2.72537e-06 0.00936019 0.0414416 0.00684523 0.00174562 2.59703e-07 0.825782 0.0151733 0.000167648 0.00259798 
0.000279673 0.985705 5.86546e-13 7.38817e-05 0.00169687 0.00104857 0.00234164 0.000301496 1.43222e-05 0.000431021 3.92705e-05 0.000509992 1.18319e-05 3.31957e-10 1.50771e-06 1.0882e-06 9.74491e-05 0.00132081 7.22105e-05 4.91382e-05 0.000181715 0.000545391 0.00216243 0.00310572 8.49915e-06 
0.0890569 5.99854e-06 1.55514e-11 0.0215468 0.00741857 0.0542237 0.000161625 0.00395575 0.0060125 0.0205213 1.09178e-05 0.00732094 0.0137227 0.000422094 0.00321071 2.43819e-05 0.0153445 0.000512803 0.71764 0.00266384 2.05077e-07 0.00256809 0.0328296 0.000657008 0.000168981 
0.00175459 3.07984e-05 5.04124e-12 0.000986364 0.0110982 0.837748 0.00439821 0.00796061 0.000101823 0.0038415 2.36283e-05 2.24301e-05 0.00154424 5.82231e-06 9.00068e-06 1.25407e-05 0.0298155 0.00146918 0.0416153 0.000595775 2.1293e-07 0.0130663 0.0424993 0.00126957 0.000130824 
0.201556 5.24417e-06 1.83455e-10 0.026828 0.00714854 0.033271 0.0476991 0.0195952 0.00366822 0.00134691 0.000220151 4.78405e-06 0.000499504 0.000283967 1.14698e-05 6.21479e-06 0.00232791 0.00283534 0.00440298 0.0118642 1.5352e-07 0.0120725 0.619831 0.00437268 0.000148524 
0.0708684 0.000715288 2.01049e-08 0.00788219 0.000386319 0.0272804 0.000688254 0.0237328 0.000190803 0.000787489 0.000518849 3.93028e-05 0.000561752 2.94564e-06 8.21109e-05 9.40131e-06 0.649082 4.83445e-05 0.000176284 0.000259651 0.000629738 0.0382983 0.116934 0.060808 1.69502e-05 
0.0275689 0.00157186 7.3451e-08 0.0188138 0.119739 0.00169425 0.00536899 0.350466 0.0194846 0.0385492 0.000745599 1.32989e-05 0.034129 6.47366e-07 0.00543643 7.03516e-05 0.00996641 0.0252083 0.00616773 0.0072635 1.41854e-06 0.10225 0.045272 0.180041 0.000177739 
0.509317 0.00154775 1.33403e-09 0.0695835 0.00792545 0.0143103 0.00145783 0.0102946 0.00147461 0.0453568 0.000278029 0.00712407 0.001185 0.00175016 0.00036443 3.98366e-06 0.00546773 0.00367755 0.0203922 0.00784432 3.64925e-06 0.00966515 0.263431 0.0167703 0.000774171 
0.0140127 0.000317561 6.89234e-12 0.00966517 0.00337546 0.726391 0.0217259 0.0176785 0.00440095 0.00544808 0.00012048 9.08996e-06 0.000243013 0.00102435 3.54744e-05 1.60852e-05 0.000890441 0.000503885 0.0507762 0.00580139 1.22907e-07 0.0205322 0.11582 0.00107113 0.000141142 
0.0195127 0.0948672 2.3773e-10 0.0112747 0.0432893 0.00345902 0.0011285 0.00991523 0.000324887 0.0292687 0.00202931 0.00161201 0.0013425 3.34697e-05 0.0150752 4.94298e-05 0.0135251 0.0513741 0.01054 0.000937634 0.000983275 0.00109587 0.112885 0.57045 0.00502669 
0.00512822 1.29811e-06 4.59881e-11 0.00036866 0.000293214 0.00068593 2.50952e-05 0.000198976 5.91618e-05 0.00578769 4.10294e-05 0.981521 6.37901e-05 0.000352596 5.90632e-06 4.65011e-07 0.000378049 2.06126e-05 0.0018403 0.000600884 2.00444e-08 0.00110591 0.00145608 6.36712e-05 1.51264e-06 
0.0364444 7.93264e-05 1.84116e-08 0.00051499 0.0217365 0.00478457 0.000325124 0.00299439 0.00072749 0.0937378 6.13301e-05 0.000118359 0.000341632 1.2118e-05 5.13307e-06 0.00165987 0.000252094 0.00048789 0.823161 0.00114292 5.89755e-06 0.000885591 0.00770494 0.0026816 0.00013464 
0.201761 3.41109e-05 3.26885e-12 0.00538036 0.00210579 0.00572522 0.00032776 0.0801477 0.000563403 0.0263581 8.03414e-05 0.0315757 0.00280884 0.00627654 0.000198012 1.72907e-05 0.166177 0.0101572 0.0614111 0.00207935 8.4571e-06 0.0402446 0.351208 0.00525515 9.77987e-05 
0.0102454 0.0104405 2.17889e-11 0.00351102 0.0358362 0.14281 0.0425851 0.0118473 0.000794048 0.00585146 8.31198e-05 0.00021231 0.000720213 9.7371e-05 0.000507052 7.97284e-06 0.00276787 0.000507903 0.524197 0.00309692 3.57842e-07 0.00509208 0.165502 0.0332518 3.56458e-05 
0.0602218 2.66516e-05 4.35841e-10 0.0793609 0.067756 0.0666495 0.00349897 0.0287699 0.00369884 0.000777715 0.0105191 3.70326e-05 0.0042905 3.0056e-07 0.0240404 2.53161e-05 0.0342859 0.0015727 0.0139694 0.00772876 2.71493e-05 0.0219706 0.530043 0.0406321 9.73773e-05 
0.0694924 6.99656e-06 3.05475e-10 0.00421863 0.028471 0.0115189 0.00475206 0.00759002 0.0314451 0.00166784 0.000919946 1.816e-08 0.00702064 0.000179742 1.47876e-07 1.61332e-05 0.28278 0.000469967 0.00222191 0.000658559 4.11597e-06 0.025974 0.514699 0.00585265 3.9738e-05 
0.00512822 1.29811e-06 4.59881e-11 0.00036866 0.000293214 0.00068593 2.50952e-05 0.000198976 5.91618e-05 0.00578769 4.10294e-05 0.981521 6.37901e-05 0.000352596 5.90632e-06 4.65011e-07 0.000378049 2.06126e-05 0.0018403 0.000600884 2.00444e-08 0.00110591 0.00145608 6.36712e-05 1.51264e-06 
0.0728499 4.60318e-06 3.87835e-08 0.00018128 0.00841405 0.00710483 0.00146775 0.0697608 0.000118347 0.519007 4.67454e-07 6.61368e-05 0.000231333 0.000383205 0.00213551 9.20909e-07 0.00966967 0.000846546 0.0122213 0.00553766 1.12989e-06 0.00157969 0.0243738 0.263028 0.00101627 
0.00512822 1.29811e-06 4.59881e-11 0.00036866 0.000293214 0.00068593 2.50952e-05 0.000198976 5.91618e-05 0.00578769 4.10294e-05 0.981521 6.37901e-05 0.000352596 5.90632e-06 4.65011e-07 0.000378049 2.06126e-05 0.0018403 0.000600884 2.00444e-08 0.00110591 0.00145608 6.36712e-05 1.51264e-06 
0.00529717 0.000136807 3.67958e-08 0.0144852 0.136216 0.0348721 0.0122819 0.226206 0.00379996 0.00198622 0.00155663 8.54349e-05 0.00921471 9.79959e-05 0.002669 5.42724e-05 0.0100755 0.0242294 0.00674577 0.030699 2.28503e-05 0.130751 0.0680985 0.280055 0.000363451 
0.0603561 0.0754735 1.13294e-11 0.00550978 0.0635842 0.0397985 0.115151 0.0756805 0.0016199 0.0126969 0.00591143 0.000309969 0.00354616 7.75012e-05 0.000315556 0.000119711 0.129094 0.0132766 0.0340705 0.0423836 0.0011298 0.0201513 0.260653 0.0384494 0.000641501 
0.0727136 3.02736e-07 3.02621e-07 0.0900208 0.154048 3.03216e-07 0.00648714 0.11958 0.00663838 0.00660825 0.00612078 3.03169e-07 0.00297106 3.02735e-07 0.0100255 0.000544625 0.072672 0.00797469 0.0512666 0.00448685 3.02874e-07 0.0162509 0.335692 0.0358967 3.02901e-07 
0.0560811 0.000104652 5.88655e-11 0.00276163 0.775116 0.000548534 0.00448593 0.00804373 0.00796567 0.00889278 0.0007619 2.42713e-06 0.000185702 2.32553e-06 2.73903e-05 7.82563e-05 0.00153972 0.0548228 0.000179398 0.000527688 1.49275e-05 0.00279143 0.0643164 0.00880425 0.00194521 
0.00744977 1.20752e-07 9.1855e-12 0.00158671 0.00269447 0.00189715 0.000390609 0.0026658 0.000139445 0.00398634 0.000189578 6.03412e-05 0.000262045 1.47622e-05 2.71073e-05 9.84061e-06 0.000654344 0.000144877 0.96718 6.12677e-05 2.29403e-07 0.000341527 0.00863836 0.00145852 0.000147098 
0.0124628 0.000746094 9.09764e-07 0.0175178 0.471881 0.0454158 0.0848145 0.0557667 0.0219943 0.00719985 0.00841417 0.00105258 0.00447414 0.000610746 0.00297199 0.000327751 0.0148469 0.0981094 0.0086518 0.0083617 6.64061e-06 0.0236991 0.0769427 0.0316752 0.00205545 
0.00752959 9.10279e-07 4.50536e-13 0.00155957 0.00956021 0.0446953 0.000445072 0.0067833 0.000135541 0.00389043 4.87377e-06 0.000605085 0.00258131 8.58126e-05 1.04903e-09 0.000854183 0.0005196 0.00281296 0.896158 0.00119038 6.29337e-07 0.0102305 0.00995141 0.00011924 0.000285656 
0.00831653 0.0137728 1.96056e-08 0.0191284 0.0746651 0.0318366 0.00649344 0.0521348 0.000752833 0.00141796 0.00110605 0.000157669 0.000186678 2.07122e-05 0.000566525 0.000117599 0.000638553 0.000663137 0.00172103 0.000527309 2.09482e-05 0.0089729 0.0938438 0.682853 8.59527e-05 
0.0811664 4.37747e-06 1.08997e-09 0.0400317 0.000479121 0.0429615 3.26608e-05 0.0223961 0.00206588 0.746644 0.000107374 0.00233856 0.00203623 4.3709e-08 0.000141616 1.38334e-09 0.00246308 4.14611e-06 0.00623026 0.00747074 1.08618e-08 0.0149029 0.0256877 0.00244772 0.000387546 
0.00379455 3.2746e-05 2.44439e-11 0.00268705 0.044802 0.838588 0.0143816 0.000868799 0.00578396 0.000206115 4.02232e-05 9.00226e-07 0.00152518 6.60402e-09 2.91848e-05 1.04359e-08 6.10421e-05 0.00215746 0.000281234 0.0506311 2.29247e-07 0.000618111 0.021074 0.00674097 0.00569589 
0.00456878 4.99973e-09 2.15537e-12 0.0146547 0.00343822 0.0249074 2.15666e-05 0.00385827 0.000516408 0.00496206 0.000957186 1.61634e-09 0.000954515 2.3978e-05 0.00149064 7.86941e-05 0.0350206 0.0084955 0.763358 0.00577879 8.84435e-06 0.00495544 0.111517 0.00808426 0.00234909 
0.0898699 0.000508698 3.18248e-07 0.00980268 0.00544392 0.0152962 0.000568049 0.00445996 0.000940187 0.0264758 0.00471504 0.425436 0.00351854 0.000415029 0.000231285 1.32195e-05 0.183915 0.00520359 0.0176406 0.00215814 0.0134661 0.00837087 0.0581214 0.123252 0.000176881 
0.00379455 3.2746e-05 2.44439e-11 0.00268705 0.044802 0.838588 0.0143816 0.000868799 0.00578396 0.000206115 4.02232e-05 9.00226e-07 0.00152518 6.60402e-09 2.91848e-05 1.04359e-08 6.10421e-05 0.00215746 0.000281234 0.0506311 2.29247e-07 0.000618111 0.021074 0.00674097 0.00569589 
0.00512822 1.29811e-06 4.59881e-11 0.00036866 0.000293214 0.00068593 2.50952e-05 0.000198976 5.91618e-05 0.00578769 4.10294e-05 0.981521 6.37901e-05 0.000352596 5.90632e-06 4.65011e-07 0.000378049 2.06126e-05 0.0018403 0.000600884 2.00444e-08 0.00110591 0.00145608 6.36712e-05 1.51264e-06 
0.00833656 7.19412e-07 4.66865e-14 0.000507912 9.73502e-05 0.000280645 1.17724e-05 0.00010068 1.94153e-05 0.0101137 6.88618e-06 0.975094 0.000114045 6.5692e-05 1.87129e-06 1.93523e-07 0.000540632 2.22651e-05 0.00218753 0.000868508 3.93201e-08 0.000243093 0.00130356 8.22214e-05 3.77271e-07 
0.000279673 0.985705 5.86546e-13 7.38817e-05 0.00169687 0.00104857 0.00234164 0.000301496 1.43222e-05 0.000431021 3.92705e-05 0.000509992 1.18319e-05 3.31957e-10 1.50771e-06 1.0882e-06 9.74491e-05 0.00132081 7.22105e-05 4.91382e-05 0.000181715 0.000545391 0.00216243 0.00310572 8.49915e-06 
0.00209186 5.85756e-06 1.31988e-10 0.00134659 0.00197446 0.000391104 6.57559e-05 0.003725 3.83013e-05 0.00267684 1.50511e-05 6.72236e-05 0.00100779 4.70832e-06 0.000884032 8.0077e-05 0.572756 3.14268e-05 0.000466654 0.0108351 5.49945e-07 0.353482 0.0243447 0.023704 5.67768e-06 
0.00512822 1.29811e-06 4.59881e-11 0.00036866 0.000293214 0.00068593 2.50952e-05 0.000198976 5.91618e-05 0.00578769 4.10294e-05 0.981521 6.37901e-05 0.000352596 5.90632e-06 4.65011e-07 0.000378049 2.06126e-05 0.0018403 0.000600884 2.00444e-08 0.00110591 0.00145608 6.36712e-05 1.51264e-06 
0.00512822 1.29811e-06 4.59881e-11 0.00036866 0.000293214 0.00068593 2.50952e-05 0.000198976 5.91618e-05 0.00578769 4.10294e-05 0.981521 6.37901e-05 0.000352596 5.90632e-06 4.65011e-07 0.000378049 2.06126e-05 0.0018403 0.000600884 2.00444e-08 0.00110591 0.00145608 6.36712e-05 1.51264e-06 
0.00997416 0.000442892 5.83771e-08 0.0334994 0.439624 0.0782676 0.0356547 0.0123685 0.013757 0.0200647 0.0145132 9.77502e-06 0.003662 0.000444137 0.000217808 8.93221e-08 0.0145231 0.0633846 0.00316013 0.00286191 1.0589e-06 0.00487408 0.217632 0.0107332 0.0203295 
0.00690835 0.00062291 1.53341e-08 0.00209517 0.0657253 0.012327 0.0174345 0.00445053 0.00121488 0.00467602 0.000233068 8.08095e-05 0.00102288 4.09119e-05 0.000992532 6.83633e-06 0.00218394 0.826796 0.00366843 0.000277197 0.000367622 0.00918244 0.0243424 0.00816184 0.00718881 
0.0411026 0.00402153 2.97425e-11 0.00194928 0.0113817 0.00130689 8.60494e-05 0.0252368 0.00162215 0.608114 0.00109766 5.19758e-05 0.0574282 0.000240767 0.000174315 2.10223e-06 0.00783434 0.000641224 0.209311 0.013549 3.76055e-06 0.0020599 0.010323 0.00245547 6.06113e-06 
0.105896 0.000159863 1.92569e-11 0.0957122 0.121185 0.0257076 0.00139952 0.0588224 0.00051697 0.0191859 0.0017359 0.000159621 0.0129076 3.10739e-05 0.00225654 8.8702e-05 0.163659 0.00297399 5.12631e-08 0.00779879 9.8971e-09 0.0145507 0.0759729 0.288782 0.000498688 
0.0523653 0.0274361 7.09893e-09 0.0708429 0.0540082 0.031873 0.0111828 0.0189174 0.00155968 0.0289497 0.00188401 0.0833476 0.00530794 2.35021e-05 3.6942e-05 7.28347e-05 0.0725525 0.0279109 0.183343 0.016748 0.000201415 0.0295275 0.27935 0.0025335 2.50959e-05 
0.00512822 1.29811e-06 4.59881e-11 0.00036866 0.000293214 0.00068593 2.50952e-05 0.000198976 5.91618e-05 0.00578769 4.10294e-05 0.981521 6.37901e-05 0.000352596 5.90632e-06 4.65011e-07 0.000378049 2.06126e-05 0.0018403 0.000600884 2.00444e-08 0.00110591 0.00145608 6.36712e-05 1.51264e-06 
0.0203742 4.29542e-05 2.82448e-06 0.0148609 0.0633887 0.0450847 0.00442331 0.0396514 0.00399207 0.00588644 0.000855212 5.4498e-05 0.00374025 3.21243e-06 0.000508192 2.51547e-05 0.0111458 0.00245931 0.386621 0.0022667 7.68206e-06 0.0247957 0.348064 0.0207061 0.00103924 
0.0159232 6.59659e-06 3.87614e-12 0.00566721 0.0590351 2.87035e-07 0.00363656 0.0155705 0.00251014 0.0152487 5.50475e-08 0.00560619 0.000391427 4.80512e-08 0.000325187 0.000710752 9.69616e-09 0.0108665 0.45245 2.47742e-08 0.000166323 0.032705 0.162792 0.213819 0.00256827 
0.0334117 0.000234249 6.35348e-07 0.0274368 0.151136 0.101538 0.00802857 0.291982 0.0347841 0.0274035 0.000176912 7.40509e-05 0.001382 0.000304942 0.00164471 0.000173409 0.0130399 0.000581573 0.133081 0.00716191 7.24991e-06 0.0324048 0.0714897 0.0624649 5.70105e-05 
0.0408864 0.00011538 8.31483e-08 0.0189515 0.0129384 0.0595618 0.000181104 0.00415511 0.000125992 0.00863194 0.000601185 0.000126315 0.000638531 1.56419e-05 9.13692e-07 1.29086e-06 0.0732318 0.0193466 0.00350177 0.00102612 5.14395e-05 0.0504926 0.688349 0.0151927 0.00187668 
0.0142894 1.20316e-07 5.94155e-10 0.00290587 0.480053 0.0254907 0.0523494 0.0521949 0.00660641 0.0776872 0.112128 4.25452e-05 0.00134274 2.66467e-06 0.000848353 1.80029e-07 0.00452673 0.0468699 0.000108275 6.27714e-08 2.47068e-07 0.00193425 0.0686422 0.0519757 2.13214e-06 
