0.0407579 2.28024e-05 1.9795e-06 0.0213574 0.230975 0.150385 0.00650304 0.0594173 0.138269 0.00780558 0.00431218 0.000100427 0.00288838 5.62631e-06 0.000374895 2.45459e-05 0.0207064 0.00052163 0.025641 0.0317377 1.85905e-06 0.0635821 0.114985 0.0795513 7.22305e-05 
0.0607636 2.52207e-05 0.0177306 0.236852 0.133753 0.0118819 0.00543596 0.0321118 0.0419742 0.00608735 0.00280841 3.04912e-05 0.0122086 0.00160722 0.000742722 5.72429e-06 0.00200374 0.000436289 0.00126929 0.348932 1.20778e-07 0.0570289 0.0185593 0.00769248 6.01516e-05 
0.939052 3.57763e-09 4.34359e-09 0.00068943 0.000806828 0.00108949 0.000378877 0.00137123 4.38797e-07 0.00591125 0.00079819 9.27838e-08 0.00213468 5.15339e-06 3.47388e-08 5.80076e-09 0.00431384 5.30784e-08 0.000377392 0.00104524 2.66144e-09 0.0229363 0.0135098 0.00557637 3.29262e-06 
0.0702889 0.000169178 0.000238323 0.0270653 0.0334063 0.0448763 0.0072167 0.0439108 0.00712761 0.00797886 0.00132994 0.000221535 0.0039527 0.000446942 0.00221767 0.000131483 0.178572 0.00385464 0.0246036 0.00540809 2.60088e-05 0.0834483 0.183044 0.267792 0.00267367 
0.0145157 8.87632e-05 1.83209e-05 0.0400713 0.0418944 0.528618 0.00183632 0.0379874 0.00901859 0.00289482 0.00204401 6.7365e-05 0.00589255 0.00434557 0.00318465 7.71844e-06 0.00554351 0.00385199 0.0881559 0.0328651 2.3715e-06 0.0367709 0.128749 0.0108345 0.000741749 
4.50791e-06 1.20913e-12 1.468e-12 2.91374e-08 0.000113467 7.30288e-10 0.00011939 7.9629e-09 1.66281e-06 0.00106455 2.1312e-05 5.7185e-05 8.91149e-10 6.29362e-10 4.17303e-07 0.998524 2.2787e-06 8.50033e-05 3.74191e-07 9.44643e-10 8.99483e-13 3.74394e-06 8.32039e-07 6.38576e-07 6.48996e-07 
0.00877947 2.48057e-05 9.26369e-05 0.0337565 0.220635 0.27193 0.0106265 0.00685067 0.00962971 0.000636624 0.0787486 1.02147e-05 0.015075 6.02168e-06 0.033342 0.000101249 0.0239226 0.0202622 0.0203937 0.00760594 2.97645e-07 0.0275636 0.156569 0.0519813 0.00145703 
0.0676393 8.45967e-05 0.000125248 0.0525972 0.0511088 0.0827794 0.00357741 0.22388 0.00196815 0.00387771 0.0118811 0.000307687 0.102345 0.00135977 0.0329801 1.1634e-05 0.0755056 0.00786695 0.0252562 0.0156752 9.27151e-06 0.0690277 0.120106 0.0497783 0.00025195 
0.0236409 0.00010119 0.00349356 0.0429679 0.063227 0.0998507 0.00277022 0.022299 0.0830712 0.0307934 0.000216134 0.000709539 0.000593369 0.00128778 0.00239498 1.93837e-05 0.0206203 0.054101 0.0245676 0.00389635 1.32739e-05 0.0422722 0.459877 0.0160013 0.00121461 
0.0742747 6.87951e-05 0.000341634 0.00616434 0.0213211 0.0199189 0.000912057 0.00501501 0.00307617 0.624328 0.00170122 0.0412931 0.000723705 0.00335899 0.000967761 5.54644e-05 0.007419 0.00650857 0.0577029 0.00738783 2.1872e-05 0.00597168 0.103808 0.00593189 0.00172718 
0.0164147 1.65104e-05 0.00404818 0.00661883 0.0658339 0.0330451 0.016379 0.138193 0.00162215 0.00110595 0.319275 0.000271282 0.0764811 0.000506808 0.000554338 2.77372e-05 0.000526854 0.000716677 0.000927832 0.00196834 6.51816e-06 0.19096 0.0234455 0.100974 8.0711e-05 
4.50791e-06 1.20913e-12 1.468e-12 2.91374e-08 0.000113467 7.30288e-10 0.00011939 7.9629e-09 1.66281e-06 0.00106455 2.1312e-05 5.7185e-05 8.91149e-10 6.29362e-10 4.17303e-07 0.998524 2.2787e-06 8.50033e-05 3.74191e-07 9.44643e-10 8.99483e-13 3.74394e-06 8.32039e-07 6.38576e-07 6.48996e-07 
0.0409144 1.59855e-05 3.36355e-06 0.278 0.0242745 0.220181 0.000741786 0.0189039 0.00299364 0.00561675 0.00659857 2.68487e-07 0.00031572 7.64289e-07 6.75909e-06 1.09028e-06 0.00396448 0.0198722 0.00103786 0.027851 1.04624e-07 0.0131314 0.334244 0.00125674 7.36179e-05 
0.0140904 0.000138789 0.00135668 0.00353684 0.0441473 0.176021 0.0723587 0.0233696 0.000906139 0.0055419 0.000802713 0.0531812 0.000765853 0.00113763 4.73204e-06 0.00010633 0.0390855 0.0336192 0.329737 0.00324835 2.15256e-07 0.116052 0.0752622 0.0054241 0.000105328 
0.339547 1.04003e-07 0.00108338 0.153429 0.0266292 0.00266462 2.92377e-07 0.00403527 0.174923 0.0390257 0.00339384 0.000716619 7.02235e-05 6.50061e-08 0.0193363 1.16673e-07 0.000169499 9.12461e-09 1.48009e-07 0.00478977 1.53494e-10 0.0151583 0.0615868 0.14649 0.00695053 
0.0227405 1.39375e-05 0.00212494 0.00995029 0.00338032 0.00382403 0.000150302 0.00205284 6.9027e-05 0.772801 7.0782e-05 0.0125741 0.00196963 9.6691e-06 0.000891617 3.97345e-05 0.00229043 0.000944527 0.00489568 0.0192705 9.13283e-06 0.00213634 0.124523 0.0100283 0.00323917 
0.0836783 9.23769e-05 0.000965314 0.047962 0.0405321 0.0619764 0.00880758 0.0416235 0.00778292 0.00983775 0.0129808 1.32321e-05 0.126074 0.000168196 0.00019959 0.000143994 0.0550999 0.0137899 0.0233435 0.0293423 6.22309e-06 0.08026 0.338725 0.0117469 0.00484763 
0.140595 3.95537e-07 1.67819e-09 0.0257993 0.00861922 0.0725009 9.17006e-07 0.267387 2.1377e-07 0.0038176 0.00110588 2.43601e-05 0.0147141 2.82037e-07 8.58294e-08 1.52852e-06 9.74818e-07 5.19306e-05 0.0120586 0.0169423 1.02827e-09 0.0377358 0.387686 0.0109492 8.00288e-06 
0.0881599 3.27289e-05 1.78545e-06 0.0697201 0.0829889 0.00369894 0.00162986 0.00345815 0.0174776 0.00281616 1.42121e-05 5.74434e-05 0.00565529 0.00313374 0.0188299 3.78379e-05 0.0428444 0.000764269 0.000671243 0.216566 5.56644e-07 0.22177 0.0234439 0.195815 0.000412554 
0.00740527 6.54504e-05 2.51948e-05 0.00515416 0.753836 0.0137407 0.00151805 0.0869273 0.00429971 0.0232315 0.00861452 9.79854e-07 0.000124446 0.00141915 0.000118316 0.00161524 0.00169466 0.00661338 0.000677625 0.0420248 3.78526e-07 0.0102699 0.0189571 0.0103827 0.00128371 
0.00178024 3.58953e-05 9.15444e-07 0.00161382 0.0172227 0.000759792 0.152098 0.00878088 0.0471424 0.0028897 7.31937e-08 0.268502 5.83404e-05 4.96077e-07 0.000215344 0.00139684 6.89873e-06 0.000287287 0.378045 0.0410635 9.60263e-10 0.0136888 0.000170837 0.0642403 2.54158e-07 
0.010342 0.0125821 0.0006641 0.0233251 0.104663 0.0422844 0.0416341 0.477481 0.0233231 0.00487328 0.00458574 1.94242e-05 6.40627e-05 4.07898e-05 0.00352837 0.00228756 0.0028597 0.0178831 0.0104582 0.0106515 7.55908e-06 0.00111601 0.0281588 0.176068 0.0010987 
0.00541702 7.42414e-07 0.000231917 0.0650333 0.613292 0.0122527 0.0015568 0.157538 0.00479576 0.00158691 0.0124529 1.84679e-05 0.0034942 2.34672e-05 0.000419175 0.000556808 0.00322327 0.000383823 0.0302111 0.0272332 2.39046e-07 0.00215311 0.0354752 0.0224478 0.000201956 
0.0118701 0.000117107 4.05233e-05 0.0205552 0.511211 0.026809 0.00491412 0.0276729 0.00356868 0.00250388 0.00181208 6.79042e-06 0.00171933 0.00398045 0.123304 0.00191451 0.00348281 0.200691 0.00185337 0.00332005 2.30935e-06 0.00604972 0.0209492 0.0209768 0.000675107 
0.0642892 8.12032e-05 0.0251387 0.0212611 0.0441427 0.00788696 0.000707509 0.0415649 0.0119816 0.00861724 0.0053278 8.2203e-05 0.00141295 1.23733e-06 0.0109807 9.7785e-06 0.0246398 0.0276213 0.00211659 0.00743841 6.76705e-08 0.00890089 0.574943 0.109525 0.00132911 
0.224099 1.99603e-07 7.25868e-10 0.0376675 0.0200355 0.00109879 1.25173e-05 0.0220545 0.0409321 0.0608557 0.000463553 0.000153883 0.0157189 5.9985e-10 0.00547567 3.30386e-05 0.00153653 6.06772e-05 0.0173479 0.00921522 4.44759e-10 0.00118976 0.0529708 0.418811 0.0702675 
0.00533006 0.000391241 1.42647e-05 0.00506748 0.479744 0.0256211 0.0622912 0.0127285 0.0485137 0.00379563 0.000556573 1.96397e-05 0.00502797 1.73798e-06 0.00061511 9.03868e-05 0.00752425 0.239809 0.0175568 0.0057308 2.28343e-07 0.0110948 0.0649206 0.00278595 0.000768546 
0.0302067 0.000396468 4.3688e-05 0.0261635 0.0507587 0.154119 0.00736397 0.0402661 0.0102662 0.0276674 0.00179937 0.00120112 0.00666013 0.000149558 0.00744811 0.000150947 0.0321475 0.0194912 0.0884472 0.00872248 1.53544e-05 0.0330993 0.438863 0.0135215 0.00103096 
0.00809269 4.31876e-05 1.22247e-09 0.00101801 0.00557866 0.000125239 0.000299723 0.000599246 2.17217e-06 0.80746 0.000835273 0.121107 3.21215e-06 1.92316e-06 3.39083e-06 9.05526e-08 0.000172408 0.000193321 0.0039548 0.00297782 7.4904e-10 0.00715667 0.0111382 0.0292299 6.53969e-06 
0.107457 0.00380583 8.14872e-11 0.0450455 8.26407e-06 0.00244265 4.52964e-05 0.00145671 1.46039e-05 0.00207027 0.000958297 7.92385e-05 0.00441938 1.41842e-05 0.00120835 1.08824e-10 0.00307005 5.60466e-06 0.0016561 0.769132 4.99294e-11 0.00934152 0.0469021 0.000770007 9.79408e-05 
0.0299482 0.000124286 0.000252819 0.0358345 0.270336 0.065529 0.00467373 0.0224843 0.00403575 0.00387229 0.00188934 1.08469e-05 0.0565713 1.52722e-05 0.0202065 0.000118984 0.0551227 0.048915 0.0110114 0.00774706 4.71548e-06 0.0403071 0.303537 0.015363 0.00208902 
0.0308807 4.13066e-05 9.5933e-06 0.010541 0.0632931 0.126527 0.00917926 0.0119638 0.00572141 0.00926895 0.000849406 3.80019e-05 0.00305573 7.83077e-07 0.000468149 1.03051e-05 0.0080482 0.0434246 0.0125877 0.00562648 2.83811e-07 0.00844218 0.638501 0.00763443 0.00388594 
0.0376838 3.93446e-05 3.1741e-07 0.124302 0.0799635 0.12629 0.00137902 0.197861 0.00371843 0.000868408 0.0120423 2.30026e-05 0.0202356 0.00365112 0.00171176 1.00571e-06 0.0363099 0.00235572 0.0113948 0.0413461 7.34366e-08 0.0816998 0.208999 0.00636634 0.00175771 
0.00274968 3.49935e-05 0.00554395 0.000532999 0.364125 0.0150344 0.172623 0.0670688 0.00177412 0.00211999 0.00244135 1.44028e-05 0.0130286 6.32656e-05 5.49519e-05 1.09013e-05 0.00116683 0.16606 0.00106472 0.000797622 6.95522e-08 0.0719211 0.0737483 0.0380006 2.00895e-05 
0.0552242 0.00221745 0.00196902 0.123496 0.0607713 0.0941226 0.00169988 0.0202713 0.135816 0.0506192 0.00890627 0.0066236 0.0141229 0.00398952 0.000196517 0.000120978 0.0128031 0.00269004 0.0586414 0.0377245 3.07819e-06 0.139399 0.156703 0.0104011 0.0014682 
0.0171879 4.96184e-05 2.66086e-10 0.000532887 0.055041 8.45362e-07 0.0301492 0.00550729 0.00534329 0.683427 1.19159e-06 0.0659767 9.61027e-05 1.73715e-06 1.60402e-07 2.17013e-05 0.000351324 0.00110127 0.00972122 0.000992212 1.63038e-10 0.00271919 0.0625402 0.0592299 7.91268e-06 
0.537238 2.89451e-05 0.000203738 0.0624623 0.00503762 0.00974007 0.000614233 0.0226866 0.0498079 0.000569388 0.0032139 6.11503e-06 0.00985208 4.94902e-05 0.000181608 6.54325e-06 0.00848785 0.00321479 0.0128512 0.0393883 2.54621e-06 0.0323165 0.196218 0.00580809 1.42005e-05 
0.313642 3.80494e-05 0.000277146 0.0264119 0.025434 0.0256177 0.001411 0.0219572 0.00377613 0.0299293 0.00380274 0.00923384 0.00229471 0.0028059 0.00319624 1.882e-06 0.00984599 0.0031637 0.0196369 0.397272 1.58016e-06 0.0124192 0.0693387 0.0181795 0.000313601 
0.0319758 9.64763e-05 8.08355e-07 0.0666931 0.0225848 0.402391 0.00153962 0.250301 0.00599184 0.0150341 0.0173605 4.90317e-05 0.000795967 0.000147812 0.000713576 2.28077e-06 0.0123688 0.000482707 0.00961777 0.00983702 1.04644e-07 0.0297371 0.10591 0.0160549 0.000313919 
0.0220116 2.09813e-07 7.11525e-12 0.014619 0.0345346 0.124798 0.00096336 0.613085 0.00139735 0.00646981 0.00295828 1.37197e-08 0.00167076 4.76335e-08 3.19914e-06 1.80637e-08 0.00986989 0.000199661 0.0120596 0.125062 4.3597e-12 0.0199983 4.17879e-07 0.0102982 5.84283e-07 
0.00174473 2.11893e-05 0.00339645 0.000601882 0.0153506 0.00645786 0.900429 0.00128112 0.000820071 0.000453678 6.43559e-05 1.21329e-05 7.88691e-05 7.84665e-07 5.8409e-07 2.44035e-05 0.00326659 0.000124568 0.000658495 2.00292e-05 7.27986e-11 0.0109037 0.0127682 0.0413668 0.000153526 
0.0754435 4.42564e-05 0.000279019 0.0103758 0.0446205 0.456768 0.00331516 0.0410354 0.0019151 0.00220389 0.00834984 0.00177922 0.0129053 0.00151865 0.193704 4.08378e-05 0.00945685 0.0159148 0.0257065 0.032933 6.49634e-06 0.0181216 0.0277068 0.0156969 0.000158014 
0.245996 0.00351109 6.32449e-09 0.0397736 0.00551754 0.0986904 0.00202767 0.0374945 0.000437954 0.00214488 0.00151624 4.79471e-09 8.49353e-05 0.000194161 0.00617074 8.4462e-09 0.00558623 5.76518e-05 0.00959779 0.259484 3.87519e-09 0.118151 0.104512 0.0590353 1.59749e-05 
0.0954416 0.00311986 0.00453535 0.04323 0.0563651 0.32992 0.00657699 0.0581269 0.0019866 0.010239 0.00784057 5.36434e-05 0.0103583 0.00606072 1.68086e-05 6.24404e-05 0.0407441 0.00477071 0.00673461 0.011832 6.235e-06 0.0109314 0.277185 0.01385 1.21075e-05 
0.00123214 6.16127e-05 8.89367e-08 0.0145684 0.0447996 0.111067 0.00321202 0.0602479 0.0029143 0.000856441 0.00126803 0.00632886 0.000282542 0.000127675 2.52437e-05 1.52751e-06 0.00129072 0.00772234 0.420533 0.0272895 2.19691e-08 0.0218732 0.272836 0.00141027 5.13324e-05 
0.00362781 0.000253548 9.88585e-09 0.00439519 0.000780921 0.520252 0.0372472 0.103379 0.000441264 0.00117438 4.80769e-05 0.0541253 0.00045656 0.0027335 1.69692e-08 4.56842e-06 5.36767e-05 3.89956e-05 0.12828 0.00193678 1.12624e-11 0.105867 0.034185 0.000682972 3.55905e-05 
0.0791034 5.75892e-10 6.99189e-10 0.00830594 0.113118 0.00131967 4.1573e-07 0.0107396 0.00852989 0.00597306 7.83775e-07 3.72712e-07 0.127677 7.50137e-07 0.0439504 9.33749e-10 0.0804268 0.0746328 0.000860966 0.000680396 4.28412e-10 0.00459823 0.0582646 0.381379 0.000437951 
0.000287126 1.78734e-08 5.93461e-08 0.000938103 0.0680807 0.00495215 0.00236707 0.00572617 0.00128455 0.0352445 0.000644378 0.402519 0.000388794 9.02944e-06 0.00250538 1.23754e-05 0.000494926 0.000161777 0.0408029 0.401572 6.41903e-09 0.0285165 0.00157066 0.000901153 0.00102121 
0.0321188 0.000147711 0.00014699 0.0172973 0.086459 0.0387556 0.0510963 0.0380336 0.0192103 0.0896218 0.000625596 0.000312763 0.00101846 2.85123e-05 0.0397053 0.00116343 5.6652e-07 0.0499116 0.00662262 0.00302325 5.19014e-10 0.00717308 0.178878 0.338042 0.0006079 
0.0556512 8.42114e-05 1.33409e-06 0.130754 0.142328 0.00856668 0.00386696 0.0717814 0.355614 0.0357673 0.000673133 3.37178e-05 0.000549366 9.34298e-07 0.00499012 4.3942e-06 0.0105821 0.00225313 0.00891836 0.0238243 1.6917e-07 0.0230647 0.0467949 0.0726139 0.00128119 
0.220028 0.000275424 2.48558e-05 0.261795 0.0099415 0.0668845 0.00100557 0.0249726 0.00972746 0.0221883 0.000291639 0.00972599 0.0108513 0.00396747 0.000614141 8.73112e-05 0.1406 0.00196342 0.00569106 0.0184808 6.08112e-08 0.0386745 0.110588 0.0415758 4.48269e-05 
0.0152175 0.000285995 5.74462e-07 0.0728507 0.0918121 0.232207 0.00281964 0.105462 0.0193326 0.000699515 0.0527641 4.40391e-06 9.09371e-06 1.25524e-05 0.000308486 1.92007e-08 0.000293957 0.000180171 0.0315347 0.0321851 3.15765e-09 0.173591 0.163885 0.00454285 1.23898e-06 
0.0428483 2.74493e-09 3.33261e-09 0.0353562 0.0475787 5.66925e-07 1.77945e-06 0.729504 0.015334 1.87841e-06 4.66382e-06 1.29671e-05 0.000931403 2.75403e-09 0.00161434 4.45062e-09 3.27075e-06 0.00555452 0.000786426 0.00324736 2.04198e-09 0.000237199 0.0135913 0.100835 0.00255539 
0.00150911 3.16055e-05 2.72342e-06 0.00226188 0.100497 0.0816705 0.656815 0.0234352 0.0201119 0.0213176 0.00018066 0.0103341 0.000191157 0.00368006 2.3646e-05 2.10119e-05 0.00226966 0.0264381 0.0137989 0.00033296 1.25569e-06 0.0146106 0.0102966 0.0100283 0.000141317 
0.00264802 7.68811e-06 1.52215e-05 0.000947308 0.937846 0.00615285 0.0123148 0.00333454 0.00152378 0.000567731 0.00030392 2.35014e-05 9.54167e-05 2.72266e-05 0.000221272 3.5564e-06 0.000205428 0.000422143 0.00212171 0.000723074 5.17805e-07 0.0156833 0.0113112 0.00337531 0.000124737 
0.101591 8.42778e-05 0.00156067 0.0156128 0.00738829 0.0034868 0.0193924 0.0159119 0.00110718 0.000908909 0.00620487 2.86764e-05 0.0206547 0.000808402 0.0687079 4.51805e-05 0.0047912 0.00180328 0.00823816 0.00871525 3.47735e-06 0.0106858 0.0361406 0.0246822 0.641446 
0.566461 0.00130031 4.04312e-05 0.0253848 0.039161 0.0178275 0.00335863 0.0352294 0.00316055 0.0790627 0.00809659 0.00492855 0.00236317 0.00107204 0.0007127 2.62474e-05 0.0116449 0.0267418 0.0237235 0.00475406 2.0776e-05 0.0139697 0.101431 0.0286394 0.000888602 
0.0653609 0.132087 0.000355134 0.0215055 0.0253202 0.0744013 0.00470826 0.112722 0.000719928 0.0115623 0.000482387 0.00199527 0.0179562 3.38079e-05 0.00314898 9.43252e-05 0.00994831 0.011317 0.010131 0.0352632 1.18192e-05 0.0315713 0.410121 0.0174369 0.00174654 
0.0735283 7.43079e-05 5.04307e-05 0.102163 0.0210965 0.101579 0.00403094 0.039635 0.0256166 0.0109357 0.000685525 0.00714834 0.014913 0.000520912 0.000121196 2.10555e-05 0.0272714 0.00276823 0.0243572 0.00800201 8.25816e-06 0.080256 0.452352 0.00279995 6.48706e-05 
0.482089 8.94234e-05 6.8225e-05 0.0109326 0.0070774 0.00226919 0.000312029 0.00258754 0.000596799 0.0192681 0.00375723 0.0835605 0.00704497 0.000133329 7.95193e-05 6.40949e-07 0.0582776 0.000922005 0.0233135 0.0340009 6.06967e-07 0.0179649 0.234651 0.00563908 0.00536334 
0.000373476 8.64506e-07 5.87123e-10 0.000789679 0.117333 0.000239752 0.132621 0.0107148 0.0036517 0.00404718 0.000135035 1.35231e-05 3.45559e-05 0.000495911 5.98905e-05 0.000172377 0.000245772 0.720455 0.000394368 1.05442e-05 9.55868e-11 0.00537305 0.00142257 0.00138407 3.2606e-05 
0.194479 0.000719686 4.34395e-07 0.0151446 0.0164141 0.0841148 0.00157616 0.0110613 0.00177109 0.174985 0.00158977 0.000229054 0.0119955 5.84395e-05 0.00113325 0.000124822 0.0135662 0.00481744 0.318967 0.00989997 4.25919e-08 0.0599903 0.0649423 0.0121536 0.000265606 
0.0197335 6.12354e-05 2.1178e-05 0.0122353 0.566069 0.00939172 0.0166587 0.063216 0.117115 0.00378343 0.0593322 0.000139892 0.00284274 0.000452125 0.00158765 1.25388e-05 0.00798673 0.011637 0.00988611 0.024058 6.86647e-06 0.0136182 0.00701572 0.0513525 0.00178642 
0.131626 3.30268e-05 5.43028e-06 0.114275 0.0394689 0.117377 0.00732202 0.00929457 0.0250082 0.003366 0.000139917 7.27133e-06 0.003137 0.000532628 0.000401116 3.1167e-05 0.0487168 0.00231626 0.0427786 0.056608 1.80555e-06 0.14449 0.246596 0.00636215 0.000104018 
0.0507581 4.0134e-05 3.67177e-07 0.00407254 0.424477 0.0276803 0.00721316 0.0756434 0.000272418 0.00464812 0.220107 3.98007e-05 0.0129095 4.93988e-07 1.48729e-06 3.70332e-06 0.036933 0.0121894 0.0059502 0.000779175 2.77293e-08 0.107554 0.00446002 0.00390768 0.000359779 
0.00174473 2.11893e-05 0.00339645 0.000601882 0.0153506 0.00645786 0.900429 0.00128112 0.000820071 0.000453678 6.43559e-05 1.21329e-05 7.88691e-05 7.84665e-07 5.8409e-07 2.44035e-05 0.00326659 0.000124568 0.000658495 2.00292e-05 7.27986e-11 0.0109037 0.0127682 0.0413668 0.000153526 
0.132648 9.02654e-05 3.60619e-10 0.00242629 0.000913827 0.00437343 0.000146317 0.016351 4.99819e-08 0.514992 0.00460838 0.000217314 0.000129116 2.98012e-10 0.000507938 3.43753e-07 0.00734342 0.000199588 0.00295498 0.00057778 2.20961e-10 0.00663435 0.0252262 0.262268 0.0173911 
0.00611086 6.38167e-05 4.31577e-06 0.00209441 0.46226 0.112039 0.285749 0.0248664 0.00222532 0.00570777 0.00221084 6.21966e-06 0.00149313 0.000119855 4.3612e-06 2.06402e-06 0.00230618 0.0508111 0.00520391 0.00180826 3.21024e-07 0.0179994 0.0119065 0.0049701 3.68121e-05 
0.198946 0.0003314 3.31968e-08 0.537591 0.0160241 0.000626975 0.000361824 0.0179182 0.0109129 0.000508364 0.00222544 5.34885e-05 0.0469113 6.06874e-08 0.000398315 5.52146e-07 0.0170472 0.000482492 0.00161935 0.0066731 1.69553e-08 0.0196554 0.0140441 0.107569 9.96598e-05 
0.0032106 1.58341e-06 2.54846e-05 0.0120651 0.0466357 0.173099 0.00130843 0.598516 0.0165513 0.015811 0.000115501 4.66369e-06 0.000160885 3.91469e-06 1.81633e-06 0.000718207 0.000446869 5.62741e-05 0.0554608 2.02204e-06 1.47204e-07 0.00645224 0.0446 0.0244782 0.000274186 
0.275863 2.51359e-06 4.13543e-08 0.0176213 0.0909622 0.0107409 0.00202517 0.387039 0.00723134 0.00532456 0.00621518 0.0019188 0.0126725 9.67472e-07 5.28626e-05 5.52277e-08 0.039258 0.00519996 0.000143538 0.0218313 2.53389e-08 0.0068144 0.0367436 0.0723312 7.69093e-06 
0.0152349 5.10647e-05 2.5048e-05 0.0709682 0.090105 0.350651 0.000572391 0.00776349 0.0022604 0.00567082 0.00206412 0.000111183 0.00537792 0.000452389 1.49977e-05 0.00204911 0.131596 0.000150336 0.128671 0.025232 1.08965e-05 0.0479713 0.0120138 0.100947 3.52573e-05 
0.0167982 2.17736e-07 2.64352e-07 0.0599711 0.0737867 0.0157076 0.0175765 0.0156976 0.00137869 0.00472208 0.00739371 0.00124361 0.00485579 0.00013018 0.0104558 3.53036e-07 0.0423595 0.00183598 0.0096603 0.00740027 1.61976e-07 8.43276e-05 0.0780689 0.613091 0.0177812 
0.0040407 7.46148e-07 2.88249e-09 0.00487096 0.00329751 0.195757 1.004e-06 0.000993431 0.00021046 3.73936e-06 0.000166046 2.46055e-07 1.53793e-06 2.38206e-09 0.000302089 3.68116e-05 0.382158 0.0352795 0.0851421 5.36379e-06 1.76618e-09 0.0226735 0.0826974 0.182359 3.1434e-06 
0.00275023 0.00172236 3.17396e-10 0.000326121 0.0182589 0.00139604 0.90726 0.00320773 2.52712e-05 0.00243695 0.017246 1.0197e-05 0.0214318 1.57933e-08 2.04188e-06 4.16575e-06 0.00521298 0.00143226 4.21281e-05 0.000123314 1.94477e-10 0.000724651 0.0131766 0.0030487 0.000161532 
0.0119998 0.000201078 0.00113721 0.0165771 0.608833 0.0350918 0.0298936 0.055483 0.0478538 0.00255615 0.00525569 0.00302466 0.00757585 0.0018582 0.00439643 0.00108166 0.00416359 0.0297001 0.0113766 0.0116761 0.000129534 0.0266925 0.0417023 0.0399553 0.00178478 
0.116869 6.43721e-05 2.3123e-06 0.03842 0.0324042 0.0387948 0.00251823 0.0907334 0.0119762 0.00973979 0.00810939 0.11412 0.00178141 0.00171312 0.0030543 3.85008e-05 0.0726676 0.0122443 0.0472042 0.00389643 1.77789e-07 0.15043 0.206378 0.0365436 0.000295414 
0.0106704 0.0107004 6.87527e-06 0.0954992 0.00888662 1.8775e-06 0.00140954 0.303824 0.00253449 0.0178541 0.0165294 5.13871e-06 0.000530754 4.6117e-09 0.137053 2.6776e-05 3.17926e-05 3.02421e-07 0.000136447 0.0110896 3.41934e-09 3.10894e-06 0.0411298 0.342075 1.33778e-06 
0.178491 4.0901e-05 0.000124327 0.139468 0.0812792 0.0146372 0.0138524 0.0349771 0.0127659 0.00881513 0.00232466 0.00101127 0.00671868 0.00134934 0.00839206 9.68419e-05 0.0377836 0.0179161 0.0219967 0.0170261 5.1164e-06 0.0784847 0.28875 0.0298988 0.00379572 
0.114797 4.6665e-07 0.00718191 0.0442055 0.171724 0.00560371 0.0137984 0.0507334 0.00431208 0.0748363 0.000422654 0.000102701 0.00326386 2.42162e-05 0.0238038 0.000872299 0.00168777 0.122322 0.0273223 0.00388032 1.29326e-07 0.0111097 0.072866 0.242509 0.00262132 
0.0266197 0.000176015 0.00197967 0.00580554 0.0758766 0.0205256 0.337832 0.00873071 0.0345867 0.0073911 0.000769935 3.67316e-05 0.00139361 1.05578e-06 0.00443125 3.44502e-05 0.00421438 0.0129925 0.00318147 0.00162301 4.29404e-09 0.0214029 0.0296146 0.39072 0.0100604 
0.00597982 0.000221847 4.94832e-07 0.124135 0.0217543 0.0184501 0.000842394 0.213994 0.00141621 0.0260377 5.2112e-07 8.34938e-08 0.000644029 2.41919e-05 1.00936e-05 5.86989e-05 2.82928e-06 1.66266e-06 6.97664e-07 0.011536 2.91605e-08 0.0130004 0.482706 0.0791719 1.05125e-05 
0.0140058 0.00395431 1.82222e-06 0.00601756 0.149842 0.000146384 0.00119956 0.690385 0.00776167 0.030043 0.00564165 0.000904025 0.000409884 4.92072e-06 0.00469699 2.256e-05 8.57694e-05 0.00131916 0.00127394 0.0407699 1.11652e-06 0.00494218 0.00490054 0.0212269 0.0104442 
0.0861603 0.00015966 0.0470638 0.0228383 0.00386932 0.00734581 0.000173797 0.00361513 0.000794893 0.000557523 0.000502683 1.56124e-06 0.000981361 0.000194715 0.000803361 4.82828e-05 0.0085056 0.00012228 0.00101032 0.790045 6.65793e-07 0.0066498 0.0171588 0.00132587 7.14772e-05 
0.0646264 7.87783e-05 0.0133797 0.0114613 0.26304 0.154743 0.0470406 0.0184358 0.00826834 0.00796706 0.00625845 0.000114014 0.00810222 0.000186709 0.000652686 0.000765665 0.00350931 0.0196906 0.180905 0.0271044 8.38383e-06 0.0562651 0.0945166 0.0116648 0.00121523 
0.0169335 0.000679476 0.000101421 0.00881287 0.577503 0.0275502 0.06888 0.0305259 0.0329188 0.00669584 0.00967937 0.000365741 0.00898301 0.00151049 0.00194291 0.000862861 0.010682 0.0699291 0.0212349 0.00826324 8.49441e-05 0.0181784 0.0500095 0.0226651 0.00500726 
0.00834603 1.68817e-05 2.19529e-06 0.0268668 0.61212 0.0190878 0.0571353 0.029002 0.00900884 0.0291637 0.0140219 0.000381087 0.00528516 0.0041971 0.000950816 3.09621e-05 0.00705509 0.0614176 0.00947233 0.00800443 8.22606e-07 0.044906 0.0413773 0.0119621 0.000187918 
0.0681447 1.03416e-06 0.000114996 0.0322361 0.113645 0.0186268 0.00441178 0.113018 0.0150501 0.00021307 0.0419425 1.86649e-05 0.00265282 7.31588e-07 0.0984936 7.65931e-07 0.000638933 0.00992241 6.5622e-05 0.0359196 3.51415e-07 0.00764925 0.0605437 0.376511 0.000178229 
0.0718211 2.18117e-07 0.000109837 0.00503572 0.131533 0.00510446 0.0192401 0.0547227 0.0106499 0.0115337 0.000133552 7.66552e-06 3.51075e-05 3.99385e-06 0.0017903 0.000386417 4.44209e-05 0.17387 0.0107197 4.45614e-05 5.52707e-10 0.00622362 0.0288936 0.468044 5.21711e-05 
0.00275499 3.13584e-06 2.63003e-07 0.00129255 0.0354982 0.000835954 0.111219 0.00400519 0.000122079 0.0317194 3.67829e-06 0.374537 0.000151418 0.000271618 0.00282309 2.8726e-05 0.000260216 6.30572e-07 0.0741953 0.348597 1.35127e-07 0.00219655 0.00493272 0.00448384 6.72725e-05 
0.0151596 2.6225e-05 0.00175679 0.0196352 0.111399 0.0217563 0.00279685 0.0521837 0.0114862 0.0180074 0.00252183 0.000289548 0.00657542 1.01339e-07 0.144611 1.05662e-06 0.00100268 0.00328322 0.000870737 0.157606 2.96216e-08 0.00277893 0.0282726 0.350697 0.0472828 
0.0101117 0.000126457 9.41182e-10 0.0158761 0.0117168 0.203397 0.00481463 0.0260452 0.0128686 0.0049046 1.95782e-06 0.000101857 0.000356227 4.47471e-06 2.84338e-08 2.62902e-05 0.00132568 0.000192826 0.478649 0.000579571 1.49218e-12 0.0144538 0.212786 0.00154312 0.000118221 
0.00880472 4.93795e-06 1.89626e-11 0.000363808 0.0342329 0.000401701 0.00108102 0.00365125 0.00012444 0.799068 0.00172863 0.070639 0.00026731 2.78695e-05 1.13075e-05 6.43892e-07 0.00110333 0.0186897 0.00124623 0.000128965 1.16189e-11 0.000344428 0.0299546 0.0281025 2.311e-05 
0.0378347 0.000756666 5.51424e-07 0.115313 0.00324383 0.046449 0.000222193 0.0617316 0.000769979 0.010348 0.000541794 6.47619e-05 0.0066381 3.91852e-06 0.00134843 3.95987e-06 0.00417808 9.17517e-05 0.0101293 0.0167661 1.4229e-08 0.0523507 0.610508 0.0182007 0.00250519 
0.0649006 0.000859701 7.26887e-06 0.751189 0.00152333 0.000109263 4.39878e-05 0.00817881 0.00186507 0.000687644 0.000244655 2.6697e-05 0.0218495 0.00010724 0.00317377 1.07266e-05 0.00428757 0.00978257 0.000917747 0.0704849 9.99047e-07 0.0203382 0.0266671 0.0127288 1.46375e-05 
0.102336 4.27671e-08 3.85517e-09 0.0420157 0.0593652 0.0532453 0.0473697 0.0606855 0.0390432 0.00245348 0.000425993 3.07331e-05 0.000345358 3.42162e-05 0.00073466 4.45657e-08 0.0213894 0.0263845 0.0382591 0.100438 3.69502e-11 0.039936 0.347878 0.0175052 0.000125399 
0.265103 0.00129824 1.55486e-06 0.0327766 0.0038529 0.011799 0.00533236 0.0277517 0.00160665 0.00417116 0.00171406 6.90485e-06 0.00236825 4.7618e-06 0.00299936 1.16831e-05 0.0465517 0.00377672 0.00182021 0.0033747 1.4557e-06 0.470196 0.0854157 0.0277858 0.000279232 
0.0385314 8.75726e-06 7.81748e-09 0.0129586 0.0100373 0.0250147 0.0249884 0.258227 0.00249399 0.00406417 1.74009e-08 5.42655e-06 0.000546131 7.99226e-06 2.33684e-07 9.05597e-08 0.000465721 0.000141105 0.0043402 0.000154112 6.37473e-11 0.0172073 0.58005 0.0150615 0.00569567 
0.0678809 0.000134164 8.20986e-10 0.629485 3.10541e-05 0.166974 0.000108073 0.0100142 0.000505274 4.20178e-06 0.00028087 2.39614e-05 0.0275611 2.01237e-05 7.90195e-06 1.09641e-09 9.9626e-07 1.98265e-06 0.00351855 0.0472531 5.0304e-10 0.0131241 0.032463 0.000312667 0.000295429 
0.00644767 0.00019846 3.52208e-05 0.0104839 0.177235 0.0358845 0.000577403 0.033771 0.155768 0.00488212 4.66822e-05 6.1884e-06 0.0038711 1.31777e-06 7.94245e-06 1.45715e-07 0.00706789 0.0283403 0.00331733 0.000352239 6.6855e-08 0.00375995 0.019517 0.508427 1.17032e-06 
0.0378151 0.00167013 0.000132017 0.00846344 0.0524925 0.214777 0.00626639 0.0407013 0.00567208 0.00561847 0.00244276 0.00585618 0.0041818 0.00575351 0.000134453 2.62018e-05 0.0408944 0.0275233 0.0122467 0.000949697 4.98861e-06 0.325172 0.18329 0.00838363 0.00953255 
0.0202078 0.00014736 2.96979e-07 0.0325734 0.0353588 0.133674 0.0342612 0.0522058 0.00622217 0.00277686 0.00618171 7.52762e-06 0.000395319 1.40163e-05 2.85365e-05 4.24178e-05 0.0131508 0.0125287 0.0145763 0.0015082 2.45399e-07 0.0152523 0.61311 0.00573878 3.70261e-05 
0.123643 0.00190776 3.95454e-05 0.0401969 0.051993 0.230932 0.00731142 0.0791198 0.00928053 0.0164589 0.0102545 0.00528223 0.019461 0.00132064 0.000741292 0.000137553 0.0405952 0.0127012 0.0788896 0.0165594 2.7568e-05 0.0674212 0.165192 0.0173533 0.00318121 
0.0137354 0.000873908 0.00557459 0.0225266 0.120694 0.00548086 0.0011296 0.0521376 0.003532 0.00243541 0.00051112 1.03413e-05 0.0111694 2.06186e-05 0.0238689 4.66197e-05 0.0718263 0.0090148 0.00426117 0.00857886 2.92509e-06 0.010895 0.0622385 0.551839 0.0175964 
0.155515 0.00585019 0.000586406 0.0671613 0.0208123 0.00970534 0.00116746 0.0105833 0.00614492 0.0767963 0.00381415 4.86204e-05 0.0331193 0.00116799 0.00110352 4.25442e-05 0.00947612 0.00308523 0.00254399 0.0135721 2.51378e-06 0.0186291 0.541405 0.0134698 0.00419751 
0.0371671 4.67885e-07 1.50474e-08 0.0228224 0.101872 0.0142449 0.00112197 0.120745 0.000261867 0.0623147 0.00118784 0.000579553 0.00239959 1.79487e-09 0.00807132 2.66727e-05 0.000961605 0.0131426 0.00407772 0.00139494 8.51508e-11 0.00071688 0.141403 0.369709 0.0957781 
0.0798441 1.65578e-06 7.91918e-08 0.598112 0.0102832 6.44656e-05 1.34466e-05 0.00653341 0.00154801 5.82926e-06 0.00196954 0.0233 0.00147438 4.07158e-05 0.0222687 1.05759e-07 0.00901206 0.000349976 4.19128e-05 0.0338757 4.8523e-08 0.00395294 0.0649398 0.142112 0.000256736 
0.182779 2.48955e-06 2.73479e-06 0.0306355 0.055076 0.00798574 0.0144741 0.0248469 0.0296946 0.00280061 7.72211e-05 1.37986e-05 4.74377e-05 4.64412e-06 0.000115878 5.04444e-05 0.000270392 0.0121035 0.00271039 0.000885392 2.11212e-06 0.0278123 0.601733 0.00574043 0.000134857 
0.2537 0.000320801 0.000211614 0.0820494 0.0177665 0.00859781 0.0015812 0.0267949 0.00328876 0.0241817 0.00780267 2.4558e-05 0.0597281 4.65071e-05 0.0013412 5.62092e-06 0.0305472 0.00345395 0.00439185 0.0260893 3.02238e-06 0.056846 0.376001 0.0136136 0.00161284 
0.0247882 7.55713e-05 5.17542e-10 0.0157418 0.0171295 0.00624529 0.00135954 0.018081 0.000553302 0.175307 0.00677613 0.077181 0.00188139 8.80907e-07 0.00231276 0.562593 0.00633608 0.00138065 0.00360898 0.00980403 3.17112e-10 0.00953036 0.0371256 0.0220714 0.000116091 
1.57101e-05 0.0941847 7.87062e-05 3.09242e-05 0.0519272 0.0265819 0.0116288 0.0261576 0.0133434 0.00181327 0.00792748 0.0203855 0.0287723 0.00141238 0.000587684 1.54693e-05 6.33074e-05 0.000258255 0.0141649 0.00205226 6.08439e-07 0.00512131 0.0118364 0.681616 2.35157e-05 
0.201172 6.62865e-06 2.5798e-05 0.247319 0.0571906 0.0101045 0.0055915 0.0288225 0.00781786 0.00377758 0.000552405 1.0376e-05 0.00498287 5.30057e-05 0.00306867 6.01384e-05 0.00234662 0.00155438 0.00647617 0.00685759 3.0558e-06 0.0547507 0.33425 0.0226639 0.000542621 
0.0321669 0.000864225 5.38234e-05 0.0096628 0.0197583 0.123539 0.00571547 0.0197363 0.00566323 0.0070525 0.000488196 0.00583323 0.00432085 0.00356595 0.000917171 0.00054783 0.0644424 0.0082993 0.142674 0.00285753 4.44295e-05 0.123653 0.383975 0.0292921 0.00487633 
0.0541121 0.0109627 5.48454e-05 0.0182124 0.0233959 0.0957394 0.0135055 0.0838936 0.0113064 0.0452297 9.34667e-05 0.00999617 0.000213651 0.00047296 0.000888719 1.01944e-05 0.024414 0.0240316 0.0218931 0.00292501 4.74198e-06 0.135482 0.330315 0.0924392 0.000407851 
0.00178768 0.000266358 2.95655e-07 0.0450577 0.641504 0.00412833 0.00944426 0.090415 0.089485 1.31983e-05 0.000130893 6.1279e-06 0.00451567 1.58343e-06 4.82025e-07 2.72824e-06 4.86002e-05 0.0414093 0.00242281 0.000279444 1.28668e-07 0.0174167 0.0511685 0.000277952 0.000216854 
0.0551119 8.58577e-06 4.1727e-08 0.00737929 0.0335478 0.219246 0.000345429 0.0388714 0.000702639 0.000101098 0.00629816 2.51752e-06 0.00205443 1.72229e-06 0.000536795 7.54313e-06 0.0130362 0.00121006 0.0012223 2.4542e-05 3.53086e-08 0.596525 0.0148589 0.00887947 2.78392e-05 
0.0462958 1.89875e-05 1.61217e-06 0.00111119 0.0099167 0.488479 0.00746722 0.0082525 0.00014059 0.0137756 1.63793e-07 1.3078e-06 9.65177e-07 1.52368e-06 7.55814e-07 6.63972e-07 1.12796e-05 0.00917843 0.00981152 3.43504e-07 1.09404e-08 0.181205 0.220872 0.00235623 0.00110171 
0.0670338 2.525e-06 2.50744e-06 0.152183 0.00816252 0.00427006 0.0038681 0.0465296 0.00556872 0.00303334 0.00587531 3.21964e-05 0.000917537 1.0858e-05 0.0999027 1.29741e-06 0.0160606 0.00165519 0.00508188 0.00768894 1.44518e-07 0.0395327 0.0628883 0.467306 0.0023927 
0.0165638 0.000264688 1.11184e-08 0.000336937 0.654485 0.00107042 0.00760442 0.130299 0.00119482 0.00424874 0.000256825 1.13531e-06 7.41797e-05 3.26348e-06 0.000309509 5.18689e-06 0.0002902 0.125625 9.76607e-06 0.00623076 6.81257e-09 0.000664084 0.0182617 0.0320779 0.000122355 
0.0314118 0.000403223 0.000209344 0.0640706 0.0551549 0.143798 0.00471174 0.083015 0.0107194 0.00987065 0.0519227 0.00102149 0.0277201 0.000970824 0.00278374 5.70518e-05 0.111585 0.0144545 0.0538056 0.0281167 1.95639e-05 0.0759895 0.209535 0.0176174 0.00103599 
0.000311162 4.71579e-05 4.58748e-07 0.00114616 0.285019 0.00225436 0.00625405 0.0323836 0.00012976 0.00287208 0.0178954 4.9229e-07 0.00446205 0.000350636 9.30946e-05 0.0481124 0.435819 0.00159511 7.12317e-05 0.00440283 2.81087e-07 0.00251614 0.0786436 0.0755736 4.66707e-05 
0.0279159 1.00428e-05 4.16135e-06 0.151558 0.0629766 0.0116733 0.00256474 0.0238427 0.637158 0.0124027 0.00224758 0.000775511 0.000877193 0.00161228 0.00447922 2.54688e-05 0.00351519 0.00126231 0.00597877 0.0063775 1.18497e-06 0.00971125 0.0201964 0.0103705 0.00246367 
0.0102342 4.85361e-05 0.000298879 0.012423 0.458567 0.0405902 0.0700408 0.0248213 0.198285 0.00633296 0.00586519 3.16025e-05 0.00249466 0.00302311 0.000325409 0.000106001 0.00473559 0.0256035 0.0344811 0.00611549 3.19759e-06 0.0320181 0.047467 0.0119903 0.0040981 
0.0086843 3.12581e-06 3.22476e-07 0.000387437 0.0190625 0.000960266 5.26382e-06 0.00640957 0.00117198 0.0118193 8.68846e-06 3.9318e-05 0.00996717 1.04518e-07 0.0133212 5.82848e-07 0.00426003 0.00040959 0.000701795 0.00153655 1.01021e-07 0.231046 0.0374533 0.637672 0.0150802 
0.181876 0.000226786 0.00045599 0.0230854 0.00960916 0.0220796 0.000180663 0.0178048 0.000305286 0.153245 0.207278 5.71796e-05 0.084044 0.000176066 8.87249e-05 0.00775103 0.0347463 0.000139343 0.0607788 0.008322 2.34847e-06 0.0505592 0.0390026 0.0250703 0.0731151 
0.000131501 3.06374e-05 3.04361e-05 0.000244714 0.139129 0.102822 6.84094e-06 0.385105 0.294786 3.16217e-05 0.000283928 1.54488e-06 0.00128518 3.37389e-06 0.0159836 2.05813e-06 0.00142236 0.00325302 0.00505919 0.00802544 6.11534e-07 0.0211025 0.00920364 0.0116708 0.000385254 
0.0244996 5.53257e-05 3.74791e-06 0.040582 0.042413 0.181428 0.00141454 0.018494 0.00251667 0.00702398 0.00105225 0.000141596 0.00191655 7.80656e-06 0.00434237 1.10948e-05 0.0113711 0.0170696 0.189607 0.000475997 2.82647e-06 0.076526 0.0725261 0.063781 0.242737 
0.0262136 0.000932497 0.000210907 0.0889535 0.152151 0.033398 0.000289015 0.0165468 0.0127945 0.0589017 0.000580342 0.00231968 0.00378179 0.000321136 0.413712 0.000422711 0.0053163 0.000578726 0.00758293 0.0284302 9.91818e-06 0.0144185 0.0578522 0.073681 0.000600639 
0.0327837 4.88558e-05 2.56766e-05 0.0137473 0.0133142 0.00162884 0.000526125 0.0907092 0.000482768 0.00263088 0.00453591 0.000248 0.000790523 6.05398e-07 0.0354728 4.84946e-06 0.000264009 0.023047 0.00772491 0.00913963 2.77509e-08 0.00657538 0.00759649 0.180325 0.568377 
0.102196 0.000806121 3.71615e-05 0.0526397 0.0212003 0.0886514 0.00109119 0.0185305 0.00425183 0.012238 0.00749061 0.00312357 0.0111852 0.00239678 0.0297315 3.44617e-05 0.0710806 0.0128798 0.224321 0.123638 2.4945e-05 0.0817395 0.107893 0.0205335 0.0022848 
0.0181005 0.00175805 8.1959e-07 0.0361471 0.102278 0.262436 0.0426498 0.0483729 0.00612166 0.00179183 0.000172583 1.0667e-05 0.00618111 4.82419e-05 5.82827e-05 4.29929e-06 0.0344191 0.0176044 0.00676022 0.0150435 3.92633e-07 0.203876 0.190421 0.00547648 0.000267295 
0.0102708 0.000288658 2.32811e-05 0.0129499 0.0277571 0.0257192 0.000312157 0.0873732 0.000275979 0.00323239 0.000690244 7.36032e-05 0.0151621 1.93846e-05 0.000724725 7.93005e-06 0.0262049 0.00243694 0.0717909 0.00375355 6.68245e-06 0.00892274 0.618817 0.0829856 0.000201541 
0.00948819 0.00273408 0.000618207 0.0082382 0.572273 0.0266316 0.0950325 0.0318373 0.0428326 0.00313028 0.00491192 8.73383e-05 0.000954356 0.000425942 0.000868961 0.000138027 0.00480241 0.100201 0.00767432 0.00783709 2.5089e-05 0.0175038 0.0478834 0.0120803 0.00178967 
0.0302083 0.00279006 0.000595634 0.0247414 0.450936 0.0277256 0.0264565 0.0681167 0.0222949 0.0147304 0.0247628 0.00161037 0.0085078 0.00129934 0.00538909 0.00596357 0.0136267 0.0396133 0.0144535 0.0102479 0.000218364 0.0170264 0.0784601 0.106812 0.00341386 
0.00338512 1.85258e-05 9.59705e-07 0.0188831 0.0108588 0.00156627 0.000257892 0.0285744 0.0400426 0.00050835 0.000691337 0.000201013 7.73161e-05 7.93091e-07 0.822177 2.80782e-06 7.51306e-06 1.442e-05 9.58036e-06 0.0253276 5.88037e-07 0.000404135 0.0161931 0.0302875 0.000509212 
0.494296 0.000166926 4.67398e-05 0.0158584 0.0117711 0.0115824 0.0064305 0.0281607 0.000907752 0.165119 0.00144152 0.0253308 0.00835149 0.00181431 0.00027426 6.05216e-06 0.0228259 0.00758978 0.082579 0.039484 2.10344e-07 0.0100273 0.0542022 0.0108494 0.000883094 
0.0188557 0.00252768 4.26612e-06 0.0173088 0.130878 0.319102 0.0153509 0.159575 0.030331 0.0068379 0.00251309 0.0028938 0.00564824 0.00042867 0.00162805 3.70794e-05 0.0209141 0.0205921 0.0348505 0.0128335 3.02517e-06 0.0423649 0.136151 0.0178286 0.000542682 
0.0112262 5.59046e-05 0.0131049 0.00143824 0.116413 0.0433104 0.639128 0.0176808 0.00228037 0.00290433 0.000740568 9.75782e-06 0.000637036 2.73483e-06 0.000864853 0.000127836 0.00252588 0.00378224 0.0016675 0.00079032 1.86854e-07 0.0219001 0.0424841 0.0767145 0.000210028 
0.000931622 0.000839306 4.52772e-07 0.492929 0.00732788 0.23784 0.00381184 0.0440095 0.00150794 0.0287296 9.11645e-05 4.40923e-07 0.00243281 6.53403e-06 3.86574e-05 2.71681e-06 0.00102002 0.0212332 0.000393841 0.0108935 2.59854e-08 0.00762201 0.136742 0.00142614 0.000170008 
0.0683694 0.000210912 0.012531 0.0156421 0.0200115 0.008778 0.000911333 0.0257896 0.00208138 0.524521 0.000174376 0.132291 0.00189048 2.45624e-05 0.00154833 0.000410136 0.0125627 0.000151011 0.0135969 0.0189704 3.06732e-06 0.012917 0.106237 0.0203548 2.1923e-05 
0.0881815 7.21933e-05 1.73318e-10 0.0582543 2.38775e-06 0.000191448 5.13895e-06 0.00281855 1.01085e-07 0.397482 0.00100122 0.217689 0.00039466 1.82547e-05 0.000242523 1.97324e-07 0.0103248 8.48791e-05 0.0342801 0.0295846 1.06197e-10 0.0137616 0.0119016 0.133675 3.38297e-05 
0.00282788 3.88138e-05 1.24907e-10 0.0257904 0.904463 0.0032451 0.000611348 0.0273426 0.00654575 1.86162e-07 0.00602152 2.49995e-05 0.000161537 1.03222e-10 1.13085e-06 3.22486e-05 0.00113242 0.00451085 1.9738e-05 0.000173851 7.65339e-11 0.0104953 5.52947e-07 0.00242161 0.00413901 
0.00434276 0.0033876 1.02471e-05 0.00580856 0.471117 0.0155578 0.0161086 0.00541465 0.359659 0.000333234 0.000455611 1.4144e-05 0.000524727 3.93298e-05 0.00110048 6.76509e-05 0.000144865 0.0146517 0.00019302 0.00165742 4.69169e-06 0.00787463 0.0579672 0.0300627 0.00350296 
0.148755 5.95959e-06 0.000201414 0.14621 0.0914748 0.0349297 0.00842452 0.0237275 0.0139353 0.0070824 0.00145045 0.000564317 0.00274139 0.00108162 0.00221163 5.28381e-05 0.00839401 0.00279839 0.0116953 0.00495573 2.79289e-06 0.0497514 0.42549 0.0138113 0.000252269 
0.566624 3.22807e-05 2.31197e-11 0.144629 0.00548314 0.00354021 0.000101882 0.00469972 0.00382253 0.00529387 0.00122336 2.9071e-05 0.00116723 4.58795e-08 0.00276488 0.000118416 0.000600322 0.000363728 0.00315634 0.00254288 1.41661e-11 0.0140926 0.223436 0.0161544 0.000124225 
0.0564041 0.000148338 1.738e-05 0.394644 0.0351693 0.0499759 0.00212532 0.0362959 0.0069652 0.00611308 0.00347419 0.000913515 0.00752382 0.0105778 0.012113 0.000440116 0.0192819 0.00384767 0.0234079 0.0437499 7.02657e-07 0.0341232 0.240253 0.0112826 0.00115146 
0.00176796 0.000315993 2.52126e-05 0.00181861 0.522417 0.000192394 0.00247016 0.00706671 0.00218499 0.00486771 0.000141421 2.74124e-05 9.7548e-05 5.40023e-06 0.0175928 2.26472e-06 0.000904629 0.343405 3.40325e-06 0.000362843 1.29964e-07 0.000223433 0.013062 0.0806228 0.000422361 
