0.0290894 5.11814e-05 1.69973e-07 0.0220027 0.0542134 0.293558 0.0048354 0.132949 0.000936526 0.00197509 0.00820294 1.7028e-07 0.0166179 0.00047627 1.70116e-07 0.000543688 0.0502173 0.00589267 0.0234481 0.0176228 1.70115e-07 0.0388771 0.292632 0.00521092 0.000646666 
0.00512822 1.29811e-06 4.59881e-11 0.00036866 0.000293214 0.00068593 2.50952e-05 0.000198976 5.91618e-05 0.00578769 4.10294e-05 0.981521 6.37901e-05 0.000352596 5.90632e-06 4.65011e-07 0.000378049 2.06126e-05 0.0018403 0.000600884 2.00444e-08 0.00110591 0.00145608 6.36712e-05 1.51264e-06 
0.00827326 1.58489e-05 1.19773e-05 0.00214913 0.0301447 0.0159049 0.00575155 0.00609393 0.00723902 0.00191923 5.73857e-05 6.82431e-05 0.00163579 1.1698e-06 0.000395352 1.21377e-05 0.0955789 0.00405265 0.00374489 0.000481939 9.76047e-07 0.0661194 0.738676 0.0113679 0.000304019 
0.0959266 0.0202107 4.52896e-11 0.00111864 0.0352494 0.011182 0.0356923 0.0239355 0.000700245 0.539081 0.00193866 0.000695125 0.0270564 0.00134063 0.000297357 3.52731e-05 0.056491 0.0107538 0.0343087 0.00619158 5.74634e-05 0.00288031 0.0865012 0.00818068 0.000175806 
0.0165348 0.000128836 2.88426e-06 0.313857 0.0606988 0.0370635 0.0135397 0.0660742 0.00344529 0.00746754 0.0049863 2.53071e-05 0.020562 0.000386386 0.0275846 5.21498e-06 0.0320652 0.0119349 0.0191174 0.0489472 1.72414e-06 0.0215715 0.25997 0.0316559 0.00237355 
0.039247 0.000293337 3.55222e-05 0.000907988 0.0365307 0.00152055 0.0462733 0.06742 0.000264554 0.00785768 0.00177912 4.71355e-05 0.00161677 0.000135148 0.00437535 0.000191563 0.0255307 0.00248348 0.00671461 0.00053075 9.09525e-06 0.017508 0.273014 0.465355 0.000358356 
0.00162165 2.41717e-10 2.57584e-07 0.00556681 0.0515019 1.45935e-06 1.30241e-05 0.51388 0.0262779 0.0187353 0.0224081 4.75479e-11 1.05632e-06 2.42519e-10 0.0252044 6.87422e-07 0.0533536 0.125992 0.00405732 8.44791e-07 1.79816e-10 0.0853176 0.0134834 0.0525821 7.30461e-07 
0.0527056 0.00470044 0.000152009 0.0362833 0.049399 0.1891 0.00949804 0.0857281 0.00543524 0.00736013 0.00226168 0.000215658 0.0048486 9.07778e-05 0.00147644 2.00323e-05 0.0486211 0.0267454 0.0590812 0.00648755 1.96412e-05 0.0459321 0.32593 0.0367543 0.00115352 
0.0125096 4.37775e-06 6.9373e-10 0.013136 0.0906856 0.189875 0.00367208 0.0187726 0.542652 0.0020421 0.000693742 4.67084e-09 9.70513e-05 0.000250362 6.85281e-06 0.000230512 0.00145946 0.000238246 0.00278018 0.048018 1.41489e-06 0.0483762 0.023665 0.000792044 4.12471e-05 
0.513209 0.000228914 0.045035 0.131488 0.0182725 0.00762161 0.000564564 0.0534792 0.00471687 0.00731464 0.00224322 0.000112349 0.00824942 7.814e-05 0.000974211 4.7098e-05 0.000855247 0.00776439 0.00503009 0.0213264 1.09806e-05 0.0278206 0.12492 0.0184724 0.000165299 
0.222729 4.84491e-08 3.99326e-08 0.0834667 0.0136649 0.0224406 0.0001258 0.0212654 0.00253391 0.0232142 0.00498565 0.000126248 0.0672632 0.00017786 0.00447794 0.000165991 0.0417857 0.0085123 0.0213151 0.00965217 1.27695e-05 0.112004 0.299638 0.037938 0.00250466 
0.00659139 2.93242e-07 1.21115e-07 0.00457505 0.201729 0.00838335 0.418542 0.273427 0.000699919 6.82326e-05 0.00296395 4.1654e-05 3.78531e-05 3.72237e-05 0.000665228 2.81954e-07 0.000372665 0.00343016 0.0232378 4.54925e-05 2.24728e-10 0.0301743 0.0181139 0.00637431 0.000488437 
0.673216 1.11844e-05 0.00100167 0.0494082 0.00370186 0.00607336 0.000713191 0.0078889 0.000470087 0.00210167 0.000805525 4.40799e-05 0.000428655 0.000216953 0.000703127 5.25162e-06 0.0119165 0.00409763 0.00652875 0.00252905 1.65992e-06 0.00272582 0.216871 0.00825202 0.000287108 
0.0144218 0.00259741 0.000301291 0.0207365 0.566998 0.0400204 0.070633 0.0664985 0.0112878 0.00487408 0.00574963 0.00421423 0.00762231 0.000359886 0.00199265 0.000228873 0.010953 0.0407449 0.0231751 0.0113387 6.77945e-06 0.018015 0.0529061 0.0239287 0.000395662 
0.0476146 0.00104692 2.89966e-05 0.0179341 0.0390214 0.176885 0.0105033 0.0208226 0.0122665 0.0362728 0.00363917 0.00707594 0.00754638 0.0134596 0.00180218 0.000196957 0.0433396 0.00896479 0.0658582 0.0286553 0.000154414 0.3938 0.0492338 0.0129945 0.00088324 
0.205732 0.000225893 1.67446e-07 0.0560651 0.0217199 0.0179735 0.000202664 0.0201745 0.00666155 0.269358 0.00188499 4.56838e-05 2.732e-05 0.0012213 0.0261733 1.61555e-06 0.00539857 4.876e-06 0.0255704 0.00207707 2.1678e-07 0.0114122 0.117513 0.164154 0.0464021 
0.0932337 0.00238262 2.71753e-07 0.0218814 0.0287945 0.133359 0.00123631 0.0348026 0.0013042 0.119645 0.000425393 0.00856924 0.016072 0.000169558 0.00203368 6.77787e-05 0.0922904 0.00463239 0.116303 0.0195033 1.51287e-05 0.0401064 0.242686 0.0198166 0.000669859 
0.0721431 0.000114374 2.32056e-08 0.0184381 0.0793556 0.0276607 0.0017182 0.0697492 0.0062198 0.0161985 0.00083058 0.00042516 0.0124486 1.06353e-05 0.00887196 0.00012831 0.00631705 0.0028059 0.014981 0.00119411 1.4195e-05 0.00643083 0.0585997 0.593703 0.00164158 
0.00512822 1.29811e-06 4.59881e-11 0.00036866 0.000293214 0.00068593 2.50952e-05 0.000198976 5.91618e-05 0.00578769 4.10294e-05 0.981521 6.37901e-05 0.000352596 5.90632e-06 4.65011e-07 0.000378049 2.06126e-05 0.0018403 0.000600884 2.00444e-08 0.00110591 0.00145608 6.36712e-05 1.51264e-06 
0.00158367 6.2905e-05 4.36265e-07 0.00403428 0.148201 0.00853072 0.329225 0.0440319 0.00679021 0.00576617 0.00143296 2.37662e-05 0.000651346 9.7938e-06 0.000160298 0.00172447 0.00598369 0.411205 0.00387053 0.00027457 4.93338e-07 0.00614386 0.0124572 0.00773792 9.7508e-05 
0.306155 4.69368e-06 6.87136e-09 0.0114216 0.053058 0.00558604 0.00721326 0.0278667 0.000790918 0.0385902 4.89998e-05 0.00485403 0.000307712 0.00292658 0.0326847 5.49873e-06 0.00901889 0.000214291 0.197296 0.0484362 3.7266e-07 0.0430159 0.0938405 0.116411 0.000252237 
0.00686903 0.00123424 8.43974e-07 0.00456715 0.0171976 0.131759 0.104378 0.03433 0.0014075 0.0517836 0.000200566 0.0773953 0.00172331 0.000109465 0.000537128 8.31157e-05 0.00272403 0.0078245 0.315142 0.0313374 2.94047e-07 0.0360384 0.162384 0.0109369 3.80934e-05 
0.453996 5.83959e-06 1.27226e-09 0.0549955 0.0431784 0.0404154 0.00112895 0.00660691 0.0147524 0.000892353 0.000758263 2.45467e-05 0.00187823 0.00160275 3.42655e-05 1.74414e-05 0.0543388 0.00218336 0.0182449 0.00320562 4.67584e-06 0.155148 0.143321 0.0031481 0.000117881 
0.016203 6.54941e-05 8.66509e-09 0.121947 0.174868 0.231499 0.0055986 0.0718902 0.00547446 0.0245633 0.00260981 8.98448e-05 0.000352249 0.0030897 0.0012046 1.99826e-05 0.00567364 0.0414876 0.0438603 0.0605951 9.79513e-07 0.0369514 0.130144 0.0139005 0.00791157 
0.0649226 0.000374489 2.40219e-07 0.0219287 0.0602021 0.132872 0.00551983 0.0196679 0.0324532 0.173267 0.000528999 0.0121582 0.00224381 0.00260738 0.0115596 1.30293e-05 0.0105204 0.0235551 0.0654333 0.0190098 9.37475e-05 0.00613957 0.0569146 0.0783327 0.199682 
0.00251984 0.0126626 0.000465102 0.00174148 0.209105 0.0106923 0.0109833 0.0021087 0.615177 0.000901222 0.0351297 9.88957e-05 0.000549605 7.02812e-09 0.0266549 2.26857e-06 4.49621e-05 0.0014683 0.000682946 0.00128529 3.30149e-06 0.0190254 0.0244522 0.0241649 8.09906e-05 
0.00273758 9.53537e-06 4.95902e-11 0.00961354 0.0932646 0.145738 0.00515212 0.0269112 0.412524 0.00147929 0.00115764 4.7803e-06 0.000797704 1.62796e-08 0.000855819 5.83308e-05 0.00624708 0.000164852 0.153842 0.00203608 2.37789e-06 0.0236978 0.103614 0.00952653 0.000564092 
2.09199e-05 3.47845e-09 4.22318e-09 1.12551e-05 0.0424414 0.0247465 0.00378537 1.18816e-06 0.00477465 0.000135527 0.0968513 9.97847e-07 0.820395 0.000797707 2.52172e-07 5.63996e-09 0.00201076 2.80582e-05 3.86176e-06 0.000107301 2.58766e-09 0.0036662 3.89186e-05 2.43851e-05 0.000158951 
0.166995 9.61431e-05 4.40566e-07 0.0284702 0.0281874 0.030962 0.00362488 0.0113511 0.0073835 0.217871 0.000148756 0.276751 0.00182702 0.00640297 9.76235e-05 0.00724054 0.0454788 0.0179691 0.0192723 0.0117333 1.88565e-06 0.0848103 0.0310475 0.00226475 1.23737e-05 
0.00521784 3.77904e-10 4.58812e-10 0.015264 0.139881 0.088669 0.208453 0.124827 0.00496839 0.00395646 0.00339175 7.01617e-06 0.0448526 0.00210826 3.55648e-05 6.92209e-05 0.110798 0.0373669 0.0359689 0.0242234 7.88177e-08 0.0505319 0.0772372 0.0221697 3.22379e-06 
0.1126 0.000110787 6.418e-05 0.0115878 0.0220626 0.031142 0.0629096 0.0390192 0.000845223 0.0038281 0.00152947 5.34545e-05 0.283175 0.000241685 0.00104798 2.42389e-05 0.0241082 0.00502617 0.191111 0.0153305 4.44574e-07 0.0594991 0.116167 0.0168619 0.0016554 
0.61728 4.97935e-06 2.60339e-09 0.0231588 0.00108428 0.0155123 3.79352e-05 0.001933 3.6052e-05 0.000212347 0.000152018 5.30917e-06 0.0868573 0.000679729 1.13662e-09 2.81529e-06 0.0754443 0.000311161 0.00582368 0.0137808 4.8961e-07 0.0865538 0.0710075 7.38299e-05 4.71937e-05 
0.178483 1.834e-05 1.91882e-08 0.0160712 0.00321792 0.00232324 0.000640016 0.00925129 0.000121456 0.00060845 0.000818707 6.8396e-05 0.00781675 0.000186427 5.81173e-06 3.3955e-05 0.00254364 0.698437 0.00281444 0.003176 1.76919e-06 0.00674433 0.0647143 0.00187315 3.00987e-05 
0.0249653 0.000483266 9.98821e-09 0.049484 0.0420823 0.0757289 0.00514885 0.359948 0.000219075 0.00555791 0.00028345 5.05738e-05 0.0123111 6.55817e-05 3.80693e-05 1.02054e-05 0.107898 0.0222033 0.149235 0.017607 2.61793e-07 0.050892 0.063456 0.0122759 5.64348e-05 
0.00634472 4.46149e-06 8.52045e-08 0.000211251 0.687593 0.0142688 0.135973 0.0103096 0.0630553 2.01191e-07 0.0186692 0.00121566 0.000233265 3.86162e-06 1.44017e-07 2.46372e-06 0.00031648 0.0090429 0.000907082 5.49134e-05 1.33362e-09 0.0446814 0.000957936 0.000261838 0.00589245 
0.0306164 8.18857e-05 4.91558e-06 0.0464183 0.123994 0.0170489 0.00429547 0.0316485 0.561509 0.0164263 0.0164511 1.0008e-05 0.00206688 2.82105e-06 0.00211863 3.38931e-05 0.00891166 0.0133756 0.00288953 0.00717405 7.19706e-06 0.0161608 0.0763511 0.022284 0.00011882 
0.0854927 5.10419e-10 4.16175e-07 0.00526985 0.0533173 0.0123175 0.0767342 0.00613851 0.0188316 0.00170468 1.72048e-05 0.0041881 0.000594001 7.26787e-06 0.00265326 3.47568e-06 0.0679018 0.000753263 0.0360567 0.00829698 9.82969e-09 0.116388 0.360551 0.142782 1.65329e-07 
0.00558869 2.17479e-06 7.05711e-10 0.00246744 0.00516218 0.0277135 0.00112605 0.0028782 0.000210494 7.6344e-05 0.000137224 9.4576e-06 0.0515098 2.11598e-06 2.66953e-09 2.72537e-06 0.00936019 0.0414416 0.00684523 0.00174562 2.59703e-07 0.825782 0.0151733 0.000167648 0.00259798 
0.101029 0.000177298 0.00136642 0.233135 0.0140007 0.00934069 0.000486378 0.020575 0.00510783 0.00737128 8.90828e-05 3.264e-05 0.00484122 5.18394e-06 0.0212255 1.57673e-05 0.00219789 0.00161091 0.00363842 0.00452223 6.1358e-06 0.0221684 0.501649 0.0452416 0.000166486 
0.00212464 4.49131e-06 8.94122e-06 0.00150138 0.9128 0.00455903 0.029528 0.00321614 0.00180474 0.00133397 0.000177335 4.14791e-05 0.000244276 9.07503e-05 0.0122411 2.07931e-06 0.00021488 0.000562734 0.00242284 0.000421823 1.17722e-06 0.0130341 0.0104489 0.00314237 7.27823e-05 
0.101888 4.00128e-05 4.70706e-08 0.0165254 0.0270666 0.218842 0.00843368 0.122831 0.00133862 0.0110914 0.00493381 0.00293993 0.0100375 0.000222616 0.0432857 6.75004e-05 0.0905862 0.0225752 0.0310454 0.00892647 1.08119e-07 0.091383 0.127511 0.0561205 0.00230787 
0.0492777 0.00165773 1.40172e-07 0.0384142 0.0164465 0.0279998 0.00883579 0.048218 0.00127488 0.0144886 0.0032087 0.00204637 0.00132643 0.000572527 0.0225165 9.99843e-06 0.280666 0.0172449 0.0162216 0.0030467 5.7912e-06 0.00978356 0.0977867 0.338866 8.45197e-05 
0.0244874 0.000118957 3.41068e-10 0.00566541 0.0123196 9.49833e-05 0.00103474 0.0106311 0.0710855 0.113653 5.70344e-07 3.92453e-05 0.00176476 1.58014e-05 2.22869e-06 4.01784e-08 4.75066e-07 4.17383e-05 0.00420103 8.92773e-05 6.31923e-08 0.00406959 0.748636 0.00202334 2.50952e-05 
0.00512822 1.29811e-06 4.59881e-11 0.00036866 0.000293214 0.00068593 2.50952e-05 0.000198976 5.91618e-05 0.00578769 4.10294e-05 0.981521 6.37901e-05 0.000352596 5.90632e-06 4.65011e-07 0.000378049 2.06126e-05 0.0018403 0.000600884 2.00444e-08 0.00110591 0.00145608 6.36712e-05 1.51264e-06 
0.00512822 1.29811e-06 4.59881e-11 0.00036866 0.000293214 0.00068593 2.50952e-05 0.000198976 5.91618e-05 0.00578769 4.10294e-05 0.981521 6.37901e-05 0.000352596 5.90632e-06 4.65011e-07 0.000378049 2.06126e-05 0.0018403 0.000600884 2.00444e-08 0.00110591 0.00145608 6.36712e-05 1.51264e-06 
0.00148315 1.56791e-07 3.71952e-10 0.00200931 0.144443 0.00105385 0.0293091 0.34196 0.00328682 0.00505653 1.54889e-05 1.34029e-05 4.48583e-05 3.07377e-10 0.00457199 3.95715e-05 0.000189561 8.69994e-06 6.93619e-08 5.03539e-08 3.51511e-08 0.00381921 0.00209859 0.460596 3.59485e-07 
0.0212552 0.00299952 9.85892e-05 0.00684595 0.462558 0.059508 0.0543205 0.0124449 0.0757589 0.0347679 0.000457541 0.000181842 0.0035668 0.000733676 0.0125004 3.02626e-05 0.00410282 0.0592063 0.00384537 0.00218025 9.22827e-05 0.0130181 0.0983596 0.0706445 0.000522289 
0.0151368 7.98986e-05 0.00209475 0.0172723 0.23719 0.0893579 0.296003 0.0330223 0.0350004 0.0126138 0.0089044 0.00163973 0.00171058 0.0246205 0.0021414 0.00056459 0.0100519 0.0565528 0.013688 0.00623952 0.00022584 0.0194291 0.0859316 0.0292772 0.0012515 
0.00595241 0.000175977 1.23368e-06 0.00332999 0.00227295 8.78127e-05 4.51793e-05 0.00668708 0.00423257 2.76783e-05 5.29297e-07 1.99882e-07 0.000737397 1.0195e-06 0.0051361 0.000168993 0.000262237 1.79853e-05 0.000409155 8.21882e-05 7.55909e-07 0.00026839 0.00771382 0.0201429 0.942245 
0.0454846 4.88393e-06 9.48582e-06 0.0131995 0.0130011 0.664752 0.000236848 0.0197456 0.0069237 0.00377141 0.00043702 3.788e-05 0.0149077 6.86053e-06 0.000273847 2.11964e-06 0.0135572 0.00118077 0.111085 0.00361509 8.94492e-07 0.0408635 0.0463184 0.000561607 2.32377e-05 
0.0231523 0.0101632 3.94012e-07 0.0361959 0.0615361 0.187756 0.0526147 0.0900194 0.00459213 0.00579269 0.00291065 8.5295e-05 0.00841013 2.64519e-05 0.00100162 1.2039e-05 0.0281529 0.0166021 0.0168586 0.0298643 2.06105e-05 0.118681 0.294852 0.0106086 9.01465e-05 
0.00578009 5.80672e-09 7.04992e-09 0.0757845 0.037432 0.366129 0.00431292 0.160146 0.00773227 0.00276339 0.0421889 1.46382e-07 0.0566762 3.45268e-05 8.6031e-08 5.20269e-07 0.0962449 0.00172459 0.000510865 0.00573075 4.31968e-09 0.0144724 0.120512 0.00181721 6.6572e-06 
0.00563368 0.00125977 6.54763e-07 0.00640592 0.0319476 0.149431 0.000412639 0.108736 0.000150318 0.0228765 0.00439348 9.9018e-05 0.000623179 5.92205e-05 0.00445537 1.86629e-05 0.473311 0.0621893 0.00368477 0.00248431 2.53052e-05 0.03583 0.0177664 0.0613129 0.00689262 
0.0148114 4.05149e-05 1.12653e-08 0.0770328 0.00488922 0.0399252 0.00184605 0.107077 0.000574097 0.322255 0.000358442 6.91661e-06 0.00268695 9.30955e-09 0.00112419 6.16933e-07 0.000149341 0.000535392 0.00525905 0.0154562 3.18211e-07 0.0198832 0.274597 0.109415 0.00207682 
0.00114899 1.07482e-05 1.54666e-10 0.000155964 0.021579 0.817232 0.00743071 0.012576 6.53652e-05 0.00014623 7.66495e-05 1.55474e-05 0.00210715 2.73049e-06 1.95133e-05 3.52086e-05 0.000888801 0.0346516 0.0360033 0.00180409 8.34091e-07 0.00931641 0.0543583 0.000352422 2.21989e-05 
0.00916834 1.89302e-05 0.00103211 0.00927208 0.123724 0.0483397 0.0635056 0.00754487 0.0151552 0.457569 0.000237537 0.00752929 0.000560507 0.0223258 0.0107445 4.9134e-05 0.00888958 0.156517 0.00448489 0.00645495 5.05112e-06 0.00390027 0.0239291 0.0108474 0.00819482 
0.00245146 0.000376888 0.000264051 0.0914619 0.0325408 0.000743713 0.0217388 0.0346886 0.000663125 0.0039077 0.535752 4.49971e-07 0.0644298 2.21745e-06 3.75887e-07 0.00781562 0.0472276 3.98385e-06 0.00535913 0.0905365 4.60711e-07 0.0168988 0.0056942 0.0374406 1.67329e-06 
0.0807321 0.000411453 0.000848464 0.0195914 0.0649448 0.019592 0.00112997 0.0541277 0.0203291 0.012714 0.113944 0.000213333 0.00167995 0.000120816 0.00732005 0.00616434 0.063276 0.0204289 0.00443737 0.017416 6.64128e-06 0.00368586 0.0513086 0.435493 8.4293e-05 
0.17885 0.000336583 8.31452e-09 0.0129075 0.0099716 0.0135513 0.00141481 0.00177951 0.00035914 0.709603 0.000590538 3.95442e-05 0.00356475 1.76555e-05 8.50041e-07 1.17095e-06 0.00415737 2.5188e-06 0.000571215 0.015597 5.09453e-09 0.0230053 0.0178772 0.0057901 1.13647e-05 
0.0100463 4.20142e-06 5.77273e-08 0.0237168 0.538333 0.0419119 0.00590305 0.115613 0.0291221 0.000616034 0.0288341 0.00104603 0.0298981 0.0001327 9.88634e-08 1.95978e-07 0.0133461 4.93812e-05 0.0239587 0.122358 1.40502e-09 0.0129141 0.00215674 3.59392e-05 4.10828e-06 
0.193204 0.000290429 6.40107e-05 0.0471022 0.0209125 0.037667 0.00551241 0.0236257 0.0037767 0.0168504 0.00182929 0.00273963 0.00829261 0.00126925 0.00179266 1.74857e-05 0.0676069 0.0110056 0.0198996 0.00832424 0.000236646 0.0432474 0.455532 0.0281897 0.00101086 
0.00488315 8.96432e-05 0.00772966 0.0129669 0.732408 0.0272729 0.0539976 0.0201764 0.0105088 0.00586852 0.00207336 6.21343e-06 0.0085448 0.00126025 0.00127402 0.000268353 0.0137122 0.0379699 0.00133252 0.00571526 6.26243e-05 0.00578057 0.0350456 0.0100287 0.00102447 
0.0201662 3.47338e-05 3.71853e-09 0.00320607 0.0334701 0.0221333 0.00255937 0.00641633 0.00326391 0.00467622 0.002313 0.000146459 0.0061081 0.00306951 0.000627982 6.48592e-06 0.00164351 0.0176768 0.0537666 0.00272049 4.79536e-06 0.0122448 0.0169513 0.00870249 0.778091 
0.00101505 2.21763e-05 2.69915e-10 0.00715237 0.0263133 0.395534 0.00101635 0.0213293 0.000996742 0.00234775 0.000197987 1.56807e-05 0.000426036 9.694e-06 0.00375141 2.53049e-06 0.00271785 0.00148541 0.145677 0.000332383 2.48156e-07 0.0161411 0.366182 0.00719279 0.000141002 
0.0407612 1.22176e-07 1.49737e-10 0.00437019 0.167784 0.00160924 0.000466751 0.399802 8.06194e-05 0.0435305 0.00675226 0.00060757 0.000572283 0.00218187 9.13123e-11 0.00135885 0.0766589 0.000244034 0.151062 0.0251365 1.30036e-08 0.00729678 0.0571149 0.0124284 0.000181321 
0.0325864 0.00984706 9.02156e-06 0.021348 0.399522 0.0336495 0.0746135 0.0866109 0.0151274 0.00879052 0.0162522 0.00218831 0.00872673 0.00276835 0.00156362 0.000215507 0.0287565 0.0845805 0.0269671 0.00891494 0.000100092 0.0181054 0.0797994 0.0358859 0.00307105 
0.151258 0.000188412 3.83233e-06 0.0092552 0.0411404 0.0532646 0.000311492 0.0125686 0.0237897 0.592263 0.000248725 3.92748e-08 0.000877041 9.42475e-05 0.00162379 2.97932e-05 0.00538097 0.000639097 0.00190869 0.00601562 4.56435e-07 0.00778856 0.0619779 0.0293535 1.85451e-05 
0.0152175 0.000285995 5.74462e-07 0.0728507 0.0918121 0.232207 0.00281964 0.105462 0.0193326 0.000699515 0.0527641 4.40391e-06 9.09371e-06 1.25524e-05 0.000308486 1.92007e-08 0.000293957 0.000180171 0.0315347 0.0321851 3.15765e-09 0.173591 0.163885 0.00454285 1.23898e-06 
0.0669578 2.88749e-05 1.2851e-10 0.00543191 0.0462696 0.0185347 0.592936 0.020208 0.00356453 0.0132875 0.000176081 7.30001e-06 0.000309756 4.30485e-05 1.05024e-06 0.000697135 0.00346388 0.197611 0.00126448 6.18809e-05 3.85344e-09 0.00705869 0.0191445 0.00289229 4.9364e-05 
0.114627 4.07102e-05 0.000359855 0.0641532 0.315555 1.91557e-05 0.00493071 0.0404486 0.00340034 0.000477154 0.000347217 3.38013e-05 0.00132689 3.78692e-05 0.000270596 3.69256e-06 0.00137812 0.0390201 0.00382378 0.00111856 3.71722e-06 0.0239881 0.119193 0.265131 0.00031169 
0.0156858 0.00166332 9.64308e-08 0.00378249 0.229794 0.0381606 0.0524701 0.257457 0.0452917 0.00451176 6.41439e-06 2.60565e-06 0.00124852 0.000102764 0.000457646 4.2798e-06 0.00657149 0.00593369 0.000604578 0.00548904 1.26766e-07 0.0067808 0.100913 0.222727 0.000342012 
0.00512822 1.29811e-06 4.59881e-11 0.00036866 0.000293214 0.00068593 2.50952e-05 0.000198976 5.91618e-05 0.00578769 4.10294e-05 0.981521 6.37901e-05 0.000352596 5.90632e-06 4.65011e-07 0.000378049 2.06126e-05 0.0018403 0.000600884 2.00444e-08 0.00110591 0.00145608 6.36712e-05 1.51264e-06 
0.00960978 6.95757e-05 1.04729e-10 0.000637858 0.0116144 0.569355 0.00411817 0.00881445 0.000154229 0.00717672 0.000245587 5.98255e-09 0.00424213 4.55241e-05 5.76419e-05 2.13596e-06 0.164147 0.00019152 0.000884185 0.0015034 2.78962e-07 0.000229444 0.210282 0.00491593 0.00170261 
0.0672441 5.96348e-05 1.96709e-06 0.0482661 0.26169 0.0654301 0.0225909 0.050554 0.00504637 0.0338856 0.0115684 0.00213926 0.0029676 0.00879652 0.00352313 6.12689e-05 0.0146388 0.0728783 0.0970006 0.0406778 4.54096e-05 0.0225659 0.121082 0.0472204 6.61784e-05 
0.0311263 0.0351368 7.90932e-07 0.0171086 0.0629152 0.0220424 0.000874559 0.0431119 0.00358565 0.011517 0.00831973 9.33251e-05 0.144581 2.85597e-05 0.00432726 3.68134e-05 0.00679651 0.00102457 0.0313871 0.019295 1.71543e-05 0.0379814 0.0236521 0.494576 0.000463966 
0.211551 0.00069367 0.00255325 0.0580622 0.0866765 0.0241667 0.0037058 0.0482976 0.0153965 0.134116 0.00446072 0.00183403 0.0089466 4.3543e-06 0.0134163 7.89505e-05 0.0056127 0.00254813 0.0476809 0.0348429 0.000130026 0.0534723 0.167713 0.0598382 0.0142024 
0.0760728 0.0126066 2.73078e-05 0.256073 0.00226767 0.120622 0.000318517 0.114703 4.6899e-05 0.0190505 0.00553166 0.0041296 0.0840167 0.0157976 0.021056 1.9052e-07 9.5717e-07 9.27589e-06 0.000596056 0.110814 7.56767e-06 0.0157024 0.0404823 0.098247 0.00182059 
0.0928621 0.00150556 5.37451e-10 0.330064 0.00650687 0.0123 0.00035028 0.263411 0.00140597 0.00236921 0.0001696 0.000252373 0.00470692 0.000966326 0.00050876 2.47216e-07 0.0249896 0.00184298 0.00674262 0.000352288 0.000135828 0.0918679 0.122588 0.0339297 0.000171989 
0.0291355 1.13623e-06 1.13579e-06 0.0295883 0.00250501 0.313868 0.00250402 0.0539397 1.13763e-06 1.13765e-06 1.13719e-06 1.13785e-06 1.13774e-06 0.00295531 1.13675e-06 0.000568618 0.0071698 1.138e-06 0.12198 0.0443738 1.13674e-06 0.0451758 0.346222 1.13789e-06 1.13684e-06 
0.0426521 4.57784e-06 1.50073e-06 0.544112 0.0379976 0.0122884 0.000480831 0.0482472 0.0203678 0.00319482 0.0168327 0.000122802 0.00939376 0.000102563 0.051803 4.39746e-05 0.00399123 0.000718044 0.00154425 0.0387795 2.92677e-06 0.0641776 0.0212297 0.0497944 0.0321166 
0.00512822 1.29811e-06 4.59881e-11 0.00036866 0.000293214 0.00068593 2.50952e-05 0.000198976 5.91618e-05 0.00578769 4.10294e-05 0.981521 6.37901e-05 0.000352596 5.90632e-06 4.65011e-07 0.000378049 2.06126e-05 0.0018403 0.000600884 2.00444e-08 0.00110591 0.00145608 6.36712e-05 1.51264e-06 
0.0675486 0.000389958 7.92901e-12 0.00768678 0.0898008 0.0212976 0.00378667 0.0338057 0.0133219 0.0430425 7.35312e-05 0.0150238 0.00118096 0.0105792 0.0642904 2.95036e-05 0.0211266 0.00364722 0.339571 0.0336571 1.93304e-07 0.0118406 0.0700814 0.0872433 0.0609746 
0.526538 1.80267e-09 0.000482966 0.349218 0.0101139 0.000228134 0.00268869 0.0221358 3.73967e-06 5.3069e-10 7.4178e-06 4.39709e-07 0.00138973 1.80865e-09 0.00920014 2.26631e-06 3.25864e-10 1.23359e-07 0.00137565 0.00226043 1.34102e-09 2.49602e-06 0.0577544 0.0165959 1.70437e-06 
0.00512822 1.29811e-06 4.59881e-11 0.00036866 0.000293214 0.00068593 2.50952e-05 0.000198976 5.91618e-05 0.00578769 4.10294e-05 0.981521 6.37901e-05 0.000352596 5.90632e-06 4.65011e-07 0.000378049 2.06126e-05 0.0018403 0.000600884 2.00444e-08 0.00110591 0.00145608 6.36712e-05 1.51264e-06 
0.00512822 1.29811e-06 4.59881e-11 0.00036866 0.000293214 0.00068593 2.50952e-05 0.000198976 5.91618e-05 0.00578769 4.10294e-05 0.981521 6.37901e-05 0.000352596 5.90632e-06 4.65011e-07 0.000378049 2.06126e-05 0.0018403 0.000600884 2.00444e-08 0.00110591 0.00145608 6.36712e-05 1.51264e-06 
0.0347758 0.00246787 5.81148e-05 0.0258324 0.524642 0.0344429 0.0191506 0.0372456 0.0220604 0.024027 0.0119955 6.55341e-05 0.00355261 0.110158 0.00301117 0.000232133 0.00482777 0.0347167 0.0182254 0.008235 6.79944e-06 0.0199517 0.0524253 0.00592041 0.00197343 
0.652694 0.000250783 0.00110445 0.0327284 0.00725449 0.0425162 0.000272476 0.00477505 0.00129343 0.00404061 0.000396611 5.53187e-05 0.000596901 0.000375434 0.00167878 5.1113e-05 0.00908425 6.10101e-05 0.00204677 0.0163712 1.05953e-05 0.00491351 0.199304 0.0179526 0.000172466 
0.0816576 3.49071e-05 6.34539e-07 0.128706 0.0217125 0.12016 0.000190309 0.0257297 0.000562688 0.00134601 5.09631e-06 4.85609e-05 0.0181074 0.000533906 0.0105605 1.25049e-06 0.151906 1.26156e-05 0.00383678 0.00340802 2.9257e-06 0.105787 0.0680364 0.256732 0.000920402 
0.00512822 1.29811e-06 4.59881e-11 0.00036866 0.000293214 0.00068593 2.50952e-05 0.000198976 5.91618e-05 0.00578769 4.10294e-05 0.981521 6.37901e-05 0.000352596 5.90632e-06 4.65011e-07 0.000378049 2.06126e-05 0.0018403 0.000600884 2.00444e-08 0.00110591 0.00145608 6.36712e-05 1.51264e-06 
0.00512822 1.29811e-06 4.59881e-11 0.00036866 0.000293214 0.00068593 2.50952e-05 0.000198976 5.91618e-05 0.00578769 4.10294e-05 0.981521 6.37901e-05 0.000352596 5.90632e-06 4.65011e-07 0.000378049 2.06126e-05 0.0018403 0.000600884 2.00444e-08 0.00110591 0.00145608 6.36712e-05 1.51264e-06 
0.0022122 0.000197378 6.48908e-12 0.00353962 0.00207168 0.631152 0.0182186 0.0186206 0.000808206 0.00102332 7.69608e-05 1.27231e-05 0.000315718 1.65718e-05 1.35861e-08 1.42286e-05 0.000492498 7.7192e-05 0.101207 0.000551325 5.10532e-09 0.0152653 0.203502 0.000564318 6.12141e-05 
0.0233923 1.04568e-06 3.91764e-12 0.00149408 0.0030084 0.0167589 0.000219418 0.00215997 0.000247261 0.0251842 1.70297e-06 0.0309926 0.000806693 0.00163882 0.000110224 0.000575477 0.00436624 0.000820845 0.87224 0.00229102 8.83585e-07 0.00369632 0.00855893 0.00134462 9.05554e-05 
0.00512822 1.29811e-06 4.59881e-11 0.00036866 0.000293214 0.00068593 2.50952e-05 0.000198976 5.91618e-05 0.00578769 4.10294e-05 0.981521 6.37901e-05 0.000352596 5.90632e-06 4.65011e-07 0.000378049 2.06126e-05 0.0018403 0.000600884 2.00444e-08 0.00110591 0.00145608 6.36712e-05 1.51264e-06 
0.0330801 0.00415752 0.00725611 0.0386289 0.236133 0.119957 0.0320779 0.0507551 0.019094 0.01295 0.0183274 0.00201581 0.0186334 0.00597212 0.00713021 0.00098904 0.0255415 0.0105086 0.0245829 0.136216 0.000561475 0.060831 0.0968338 0.0374696 0.000297434 
0.036287 0.000895907 8.85688e-10 0.018503 0.0392945 0.387162 0.00382298 0.0271044 0.00204323 0.0122225 0.000902616 0.00529328 0.00946794 0.00111209 0.000354916 3.01351e-05 0.0139972 0.0357857 0.150156 0.00436957 5.89067e-05 0.0547716 0.18639 0.00965387 0.000320672 
0.345211 0.00375116 1.09312e-06 0.0429005 0.0450896 0.0231647 0.00381147 0.0136367 0.0409956 0.0108496 0.00867161 0.00134039 0.0270032 0.00168232 0.00349485 7.62396e-05 0.0879641 0.0207381 0.0630421 0.0187543 0.000695771 0.0338954 0.124675 0.067045 0.0115097 
0.00891542 7.97113e-05 4.03751e-06 0.00714384 0.0852165 0.00771531 0.115545 0.0129746 0.00290435 0.00701363 0.000952764 0.000211879 0.00129418 0.00119983 0.000964694 8.38624e-05 0.00257853 0.700109 0.00779558 0.00228903 3.36046e-06 0.00374105 0.0260302 0.0045722 0.000662025 
0.0356157 8.449e-05 9.01555e-10 0.00502356 0.0803988 0.012113 0.0269074 0.054511 0.10577 0.0485601 0.0032626 0.0100313 0.00689304 0.000258247 0.000455456 7.6501e-06 0.130167 0.0248353 0.00325893 0.0134127 2.57335e-06 0.0151847 0.130982 0.291254 0.00101134 
0.221512 2.41692e-07 1.41245e-09 0.0254125 0.0274621 0.0120447 0.00174648 0.0764641 0.00111369 0.00376276 0.00921588 0.000345785 0.0127239 0.00361013 0.000289567 3.95444e-05 0.00777349 0.0277756 0.441866 0.0127607 2.24798e-06 0.0529241 0.0537211 0.00485417 0.00257977 
0.00175459 3.07984e-05 5.04124e-12 0.000986364 0.0110982 0.837748 0.00439821 0.00796061 0.000101823 0.0038415 2.36283e-05 2.24301e-05 0.00154424 5.82231e-06 9.00068e-06 1.25407e-05 0.0298155 0.00146918 0.0416153 0.000595775 2.1293e-07 0.0130663 0.0424993 0.00126957 0.000130824 
0.000617534 0.000100341 1.06386e-06 5.14773e-06 0.0854619 0.00786938 0.00271713 0.0106623 0.00101028 0.002141 8.1266e-06 7.75598e-05 0.0019715 4.36204e-06 0.0009953 6.92413e-06 0.0118696 0.0270213 0.000321051 0.0247317 4.63512e-06 0.00346924 0.00988036 0.807725 0.00132718 
0.019114 1.80038e-05 8.37779e-10 0.00532699 0.0238258 0.10951 0.00594028 0.0370169 0.000708654 0.00891828 0.000176783 0.000953106 0.00339694 0.00059448 0.00334699 7.27949e-05 0.1238 0.0094818 0.436691 0.000880333 3.91709e-05 0.0422665 0.15396 0.013477 0.000484384 
0.00275499 3.13584e-06 2.63003e-07 0.00129255 0.0354982 0.000835954 0.111219 0.00400519 0.000122079 0.0317194 3.67829e-06 0.374537 0.000151418 0.000271618 0.00282309 2.8726e-05 0.000260216 6.30572e-07 0.0741953 0.348597 1.35127e-07 0.00219655 0.00493272 0.00448384 6.72725e-05 
0.0151596 2.6225e-05 0.00175679 0.0196352 0.111399 0.0217563 0.00279685 0.0521837 0.0114862 0.0180074 0.00252183 0.000289548 0.00657542 1.01339e-07 0.144611 1.05662e-06 0.00100268 0.00328322 0.000870737 0.157606 2.96216e-08 0.00277893 0.0282726 0.350697 0.0472828 
0.0038786 4.30218e-05 1.34202e-09 0.00304297 0.0026076 0.0679086 0.00813096 0.24076 0.000347881 0.00412139 1.65954e-12 8.41765e-06 8.85771e-05 9.82217e-09 4.05316e-08 1.56916e-08 0.00232637 1.4027e-08 0.00716899 1.67514e-05 2.37006e-12 0.0197963 0.626454 0.0132572 4.20973e-05 
0.00512822 1.29811e-06 4.59881e-11 0.00036866 0.000293214 0.00068593 2.50952e-05 0.000198976 5.91618e-05 0.00578769 4.10294e-05 0.981521 6.37901e-05 0.000352596 5.90632e-06 4.65011e-07 0.000378049 2.06126e-05 0.0018403 0.000600884 2.00444e-08 0.00110591 0.00145608 6.36712e-05 1.51264e-06 
0.021991 0.000468575 1.99468e-06 0.0500066 0.0759477 0.299793 0.0104253 0.097165 0.00435426 0.0301927 0.00513156 0.000358159 0.00207985 0.000113906 0.00432415 1.75409e-05 0.0438308 0.00708497 0.0706519 0.0169927 5.71571e-06 0.0458726 0.100406 0.105069 0.00771465 
0.00512822 1.29811e-06 4.59881e-11 0.00036866 0.000293214 0.00068593 2.50952e-05 0.000198976 5.91618e-05 0.00578769 4.10294e-05 0.981521 6.37901e-05 0.000352596 5.90632e-06 4.65011e-07 0.000378049 2.06126e-05 0.0018403 0.000600884 2.00444e-08 0.00110591 0.00145608 6.36712e-05 1.51264e-06 
0.0727176 0.000120596 4.75937e-10 0.15834 0.0486018 0.0157738 0.0294074 0.153013 0.0146757 0.024318 0.001145 7.23533e-05 0.0124198 0.000404082 0.0322067 3.67806e-05 0.0168121 0.0112514 0.00431687 0.0022315 1.0331e-05 0.1457 0.102955 0.152815 0.000655027 
0.00643216 6.18579e-05 1.49427e-11 0.0110106 0.000295186 0.371373 0.000321606 0.0145774 0.000761965 5.45215e-08 5.84784e-05 2.42104e-12 0.000195824 1.55763e-08 0.000665171 5.59783e-08 0.0089792 1.68711e-08 0.22269 0.00216894 8.7759e-09 0.0197395 0.337588 0.00305795 2.25696e-05 
0.0592052 0.000234046 7.54818e-11 0.0115976 0.0371632 0.0389393 0.258289 0.205379 0.00324277 0.288254 0.00402687 2.88815e-07 0.000173289 0.000590786 0.000124119 1.96082e-06 0.00893442 0.0103772 0.00131 0.0135496 1.20097e-07 0.00219707 0.0342268 0.0218009 0.000382565 
0.0267269 0.00177248 2.97327e-07 0.0112918 0.400352 0.0171772 0.0406523 0.0145461 0.0181101 0.00743978 0.0154805 0.000170649 0.0108458 1.0885e-05 0.00223316 0.000655693 0.0112423 0.0293129 0.00968337 0.0035284 0.000144247 0.00385422 0.0267986 0.335681 0.0122891 
0.0715524 2.75064e-05 6.14631e-05 0.0923856 0.115431 0.0239974 0.00695939 0.099299 0.0482581 0.00951931 0.00592362 0.00010362 0.00663237 1.41831e-05 0.00277909 0.000764816 0.00485753 0.00296655 0.00206327 0.0144826 2.006e-06 0.0355076 0.0168714 0.438648 0.000892208 
0.0154561 4.2947e-06 3.42457e-08 0.0220536 0.0160336 0.203645 0.000587958 0.0373588 0.00047089 0.00430839 0.00070893 0.000179928 0.0317215 0.000256799 1.82837e-06 0.000638182 0.105419 7.78412e-05 0.425604 0.00754038 9.53933e-07 0.0612197 0.0649064 0.00149663 0.000309399 
0.046827 2.23782e-05 2.03723e-12 0.0180997 0.122108 0.0656623 0.0357905 0.0772401 0.0168564 0.00093344 4.51235e-06 0.0252877 0.00370263 2.22562e-05 1.45135e-08 1.02699e-05 0.00559431 0.00452929 0.000356444 0.000111654 1.1138e-08 0.031032 0.524735 0.0210739 3.57499e-08 
0.00512822 1.29811e-06 4.59881e-11 0.00036866 0.000293214 0.00068593 2.50952e-05 0.000198976 5.91618e-05 0.00578769 4.10294e-05 0.981521 6.37901e-05 0.000352596 5.90632e-06 4.65011e-07 0.000378049 2.06126e-05 0.0018403 0.000600884 2.00444e-08 0.00110591 0.00145608 6.36712e-05 1.51264e-06 
0.12072 0.0002826 0.00146496 0.0169429 0.0265189 0.0716028 0.0209328 0.0106371 0.000454607 0.0203789 0.000653857 0.0253492 0.0117248 0.000569084 0.00392462 3.76965e-05 0.07854 0.00201974 0.392902 0.0129489 4.91617e-05 0.0433984 0.121087 0.0162793 0.000580918 
0.0264774 0.000367654 4.90029e-06 0.0200584 0.130497 0.0319085 0.0010372 0.513391 0.00420448 3.87064e-05 0.000370146 1.46082e-05 0.0211545 0.00010807 0.00810167 0.000116504 0.000978058 0.0242645 2.73406e-09 0.00247796 1.38522e-06 2.39926e-05 0.0188851 0.195505 1.28006e-05 
0.0922008 6.8583e-05 1.4536e-06 0.0456474 0.029523 0.121804 0.0043518 0.0271156 0.00261478 0.0152123 0.000617135 0.00341376 0.00642328 0.0127477 6.21349e-05 4.42008e-06 0.0182326 0.0091075 0.0108614 0.033546 7.68706e-07 0.0212754 0.535863 0.00816243 0.00114278 
0.155515 0.00585019 0.000586406 0.0671613 0.0208123 0.00970534 0.00116746 0.0105833 0.00614492 0.0767963 0.00381415 4.86204e-05 0.0331193 0.00116799 0.00110352 4.25442e-05 0.00947612 0.00308523 0.00254399 0.0135721 2.51378e-06 0.0186291 0.541405 0.0134698 0.00419751 
0.00407723 3.56665e-05 2.27663e-08 0.000917856 0.811852 0.0153743 0.0489833 0.00177441 0.00336563 0.000138145 0.00174909 2.76502e-06 4.98513e-05 3.93813e-09 5.39094e-08 1.74078e-05 0.00154071 0.0739871 0.000599127 0.000848107 3.7778e-11 0.0173012 0.0151614 0.00131576 0.000908687 
0.00570343 0.0139449 2.19686e-08 0.00695074 0.0224184 0.467309 0.00107778 0.0793259 0.00329848 0.00203566 0.0010872 0.00498899 5.47799e-05 0.00264124 5.19316e-05 1.07303e-05 0.00992133 0.00378462 0.00995869 0.000550322 1.58059e-06 0.258807 0.0957301 0.010098 0.000249576 
0.0287935 2.17866e-05 9.4001e-07 0.00368921 0.468251 0.0236254 0.0146729 0.0126204 0.0214041 0.00431902 0.000549864 0.000214433 0.000920314 0.000140595 0.0227218 0.000793146 0.0116478 0.278704 0.0238171 0.00865903 1.5147e-07 0.0122199 0.0379151 0.0242856 1.25502e-05 
0.140682 0.000127212 2.54952e-07 0.00217357 0.0157139 0.148597 0.0167565 0.00357266 0.000467899 0.0254515 4.16706e-05 0.00113576 0.000181554 0.000622147 6.54836e-05 2.95843e-05 0.0178311 0.0192735 0.0160952 0.00139558 8.29785e-07 0.00549376 0.582761 0.00150262 2.86143e-05 
0.0275842 0.000567687 6.83616e-08 0.0317258 0.24151 0.0260765 0.0426737 0.0227118 0.0499298 0.00892215 6.84458e-08 6.84855e-08 0.00272551 0.000130004 6.84192e-08 0.000307472 0.0041641 0.0147743 0.0106976 0.00247219 6.84189e-08 0.0240053 0.462366 0.0266486 6.91093e-06 
0.00752959 9.10279e-07 4.50536e-13 0.00155957 0.00956021 0.0446953 0.000445072 0.0067833 0.000135541 0.00389043 4.87377e-06 0.000605085 0.00258131 8.58126e-05 1.04903e-09 0.000854183 0.0005196 0.00281296 0.896158 0.00119038 6.29337e-07 0.0102305 0.00995141 0.00011924 0.000285656 
0.00170796 1.67225e-06 1.69785e-09 0.000278919 0.54982 0.033408 0.212056 0.13698 0.00199472 4.8723e-05 0.00044602 2.031e-06 0.00423171 0.000257105 1.03538e-09 3.28741e-05 0.00168933 0.0147385 0.000312545 0.0234233 1.17712e-07 0.0122495 0.00497685 5.64498e-05 0.00128847 
0.0457465 0.00203708 8.52659e-05 0.0568837 0.0620638 0.00328443 0.000506494 0.031345 0.00498523 0.00924238 0.000118048 7.53885e-05 0.00868872 0.000292224 0.233435 1.685e-05 0.000454334 0.00023292 0.0375328 0.0064722 1.23039e-05 0.0249416 0.090781 0.376952 0.00381476 
0.00209186 5.85756e-06 1.31988e-10 0.00134659 0.00197446 0.000391104 6.57559e-05 0.003725 3.83013e-05 0.00267684 1.50511e-05 6.72236e-05 0.00100779 4.70832e-06 0.000884032 8.0077e-05 0.572756 3.14268e-05 0.000466654 0.0108351 5.49945e-07 0.353482 0.0243447 0.023704 5.67768e-06 
0.00259348 1.7649e-07 5.75941e-10 0.0158236 0.103605 0.00543443 0.000925203 0.00227055 0.00373437 0.758241 0.00237379 6.13499e-06 0.000120997 3.97664e-05 0.000168545 2.55784e-09 0.00164044 0.00837048 1.34907e-05 0.00187555 2.39601e-08 1.4026e-06 0.0775935 0.00322018 0.0119483 
0.0182332 0.00466645 8.21831e-11 0.00742821 0.0111075 0.39623 0.00151178 0.0256527 0.000867762 0.039304 0.000875415 1.92717e-06 0.00500223 0.000106311 0.000367424 7.00922e-06 0.0309539 0.0035851 0.00764421 0.0154055 2.62016e-07 0.0066682 0.418703 0.00532882 0.000348432 
0.00512822 1.29811e-06 4.59881e-11 0.00036866 0.000293214 0.00068593 2.50952e-05 0.000198976 5.91618e-05 0.00578769 4.10294e-05 0.981521 6.37901e-05 0.000352596 5.90632e-06 4.65011e-07 0.000378049 2.06126e-05 0.0018403 0.000600884 2.00444e-08 0.00110591 0.00145608 6.36712e-05 1.51264e-06 
0.0670338 2.525e-06 2.50744e-06 0.152183 0.00816252 0.00427006 0.0038681 0.0465296 0.00556872 0.00303334 0.00587531 3.21964e-05 0.000917537 1.0858e-05 0.0999027 1.29741e-06 0.0160606 0.00165519 0.00508188 0.00768894 1.44518e-07 0.0395327 0.0628883 0.467306 0.0023927 
0.166753 2.55852e-05 3.12664e-12 0.011375 0.00487456 0.00709384 0.000245823 0.0713351 0.000652107 0.0287247 0.000234573 0.0241291 0.0024923 0.00471937 0.000505589 2.40631e-05 0.161818 0.0260649 0.101146 0.00331845 9.39705e-06 0.0307281 0.344377 0.00916444 0.000189432 
0.00512822 1.29811e-06 4.59881e-11 0.00036866 0.000293214 0.00068593 2.50952e-05 0.000198976 5.91618e-05 0.00578769 4.10294e-05 0.981521 6.37901e-05 0.000352596 5.90632e-06 4.65011e-07 0.000378049 2.06126e-05 0.0018403 0.000600884 2.00444e-08 0.00110591 0.00145608 6.36712e-05 1.51264e-06 
0.00512822 1.29811e-06 4.59881e-11 0.00036866 0.000293214 0.00068593 2.50952e-05 0.000198976 5.91618e-05 0.00578769 4.10294e-05 0.981521 6.37901e-05 0.000352596 5.90632e-06 4.65011e-07 0.000378049 2.06126e-05 0.0018403 0.000600884 2.00444e-08 0.00110591 0.00145608 6.36712e-05 1.51264e-06 
0.0157917 0.000184922 1.45564e-05 0.0207956 0.0790519 0.466982 0.00847723 0.0646214 0.00220885 0.00929494 0.00744374 0.0105512 0.00164042 0.000150027 0.00554629 2.28347e-05 0.00364982 0.035725 0.0159175 0.00494364 5.94389e-05 0.0372361 0.171469 0.0380999 0.000122167 
0.107202 0.0018178 0.00902965 0.0488671 0.23366 0.0995475 0.0316254 0.276549 0.0294409 0.00304225 0.0369942 5.32093e-11 2.57728e-05 0.00366132 0.00172958 9.47325e-06 0.0332285 0.00174375 0.00316988 0.00562563 9.83908e-06 0.0360035 0.0269109 0.0098206 0.000286252 
0.00987697 1.21754e-10 1.47821e-10 0.00118002 0.249212 0.000269643 0.435603 0.0434645 0.00495412 7.74621e-08 5.51049e-05 4.1992e-06 0.00282664 6.91437e-07 0.00244626 4.72132e-05 0.020043 0.18788 6.5739e-05 0.000516459 6.8434e-08 0.0050171 0.02038 0.00555149 0.0106058 
0.00379198 0.000262364 7.55752e-10 7.53648e-07 0.172157 0.0112101 0.0165959 0.0108862 1.5268e-05 0.000138574 0.000184976 8.42068e-07 5.61149e-05 6.24546e-10 4.6087e-10 1.5112e-05 0.00561531 0.76963 0.000436459 1.50007e-10 4.6307e-10 0.00715494 0.000628147 0.00121786 1.82273e-06 
0.0232102 5.35024e-05 2.75042e-08 0.0188947 0.498893 0.0358938 0.136235 0.0118781 0.0205086 0.00854883 0.00325102 0.0166512 0.000883691 0.000331445 0.00117073 0.000647808 0.000886913 0.0434629 0.0438729 0.00475783 3.96867e-07 0.0468363 0.0395479 0.0394395 0.00414387 
0.0454333 0.00132729 3.49994e-08 0.0279985 0.0140274 0.699924 0.00146872 0.01931 0.0083603 0.00997232 0.00142738 5.78432e-05 0.000466457 0.00500785 0.0134876 0.000189036 0.00358354 0.00070458 0.00601817 0.0462881 1.13613e-05 0.023005 0.0660985 0.00233307 0.00349971 
0.100285 7.41304e-08 5.08474e-07 0.171868 0.0228261 0.0173289 1.41003e-07 0.234314 0.00393905 0.000932798 0.0436529 8.90134e-07 0.016026 1.14007e-07 0.0124678 2.5016e-11 0.000286334 0.000513212 0.000340605 0.0447494 4.12006e-09 0.0178239 0.279583 0.0253861 0.0076747 
0.594838 2.05341e-06 0.00330222 0.198041 0.025525 0.00118436 0.000227155 0.0234502 0.00376811 0.0220004 0.000677147 2.47699e-05 0.00895482 0.000150867 0.00242222 2.33603e-05 0.00638703 0.00301639 0.0174906 0.0201963 4.39293e-06 0.00408145 0.0545978 0.00919587 0.000438631 
0.0355839 4.74129e-05 1.81107e-10 0.120197 0.0516813 0.299796 0.000915762 0.0426446 0.063954 0.0215852 0.00118507 3.36474e-06 0.00194509 0.000321404 0.000363714 9.17712e-05 0.0081767 0.00038256 0.038197 0.0111849 5.26406e-07 0.253267 0.047067 0.00103695 0.00037162 
0.00512822 1.29811e-06 4.59881e-11 0.00036866 0.000293214 0.00068593 2.50952e-05 0.000198976 5.91618e-05 0.00578769 4.10294e-05 0.981521 6.37901e-05 0.000352596 5.90632e-06 4.65011e-07 0.000378049 2.06126e-05 0.0018403 0.000600884 2.00444e-08 0.00110591 0.00145608 6.36712e-05 1.51264e-06 
