0.0298289 0.000454091 5.80847e-09 0.0193944 0.00799094 0.0529139 8.63818e-05 0.0511821 0.0067973 0.000287689 0.0588321 3.11788e-07 0.540104 2.69047e-07 0.00023826 1.40401e-06 0.00392373 3.62104e-05 3.80318e-05 0.0187324 3.55901e-09 0.0339093 0.173215 0.00172265 0.0003114 
0.63368 0.0162403 4.44676e-06 0.199442 0.00766653 0.000312755 6.11064e-05 0.0165585 0.00397694 0.00194172 0.0267863 1.1631e-07 0.0117788 0.000378097 0.00198078 1.05759e-05 0.00010601 2.82044e-05 0.00528127 0.000193115 2.73065e-08 0.000574772 0.0392137 0.0305644 0.00321987 
0.021772 1.20313e-05 8.03771e-07 0.184899 0.214137 0.0108926 0.000445865 0.00169266 0.00345206 0.232543 3.22088e-05 0.00290613 0.000653938 0.000193592 0.000910186 9.94579e-06 0.031864 0.0336838 0.00844406 0.0149489 3.8146e-07 0.0186653 0.00680004 0.204612 0.00642852 
0.0700553 0.00101313 3.36095e-06 0.13745 0.0522676 0.0281591 0.000936098 0.0273753 0.0312782 0.0736236 0.0527663 0.0186372 0.0488424 7.80536e-05 0.00996755 4.78483e-05 0.00583116 0.00731494 0.0230411 0.0223344 1.42543e-06 0.0435695 0.0919535 0.228101 0.0253526 
0.303318 3.33274e-05 3.35267e-05 0.107672 0.0458808 0.00621795 0.00565761 0.0131689 0.00256481 0.00144588 0.000576541 0.026952 0.00358425 0.000214036 0.0102984 1.96005e-05 0.00738259 0.0728482 0.00125432 0.00335345 1.91956e-06 0.0295983 0.333578 0.0197507 0.0045943 
0.0763375 0.000289982 7.72768e-05 0.0500941 0.0452628 0.13798 0.00849978 0.0293783 0.00873049 0.0109145 0.00184801 0.000173692 0.00677464 0.00624849 0.00060096 0.000364228 0.0204125 0.00476918 0.23222 0.104765 2.65312e-06 0.078181 0.155716 0.0178723 0.00248664 
0.340373 5.77752e-05 0.000696765 0.175476 0.0150901 0.0216288 0.000475571 0.0120579 0.00423499 0.0611138 0.00468195 0.0403425 0.00584745 0.00237254 0.0137135 1.80556e-05 0.0140341 0.0107179 0.00538815 0.0163133 1.02295e-06 0.0100902 0.211746 0.0288437 0.00468491 
0.0312691 0.000449863 9.63637e-07 0.00309343 0.0764548 0.01746 0.000984704 0.072347 0.0134413 0.311608 0.000422973 0.00922729 0.000607315 0.000318668 0.000243937 8.08673e-07 0.00718577 0.0417789 0.0136715 0.0185831 2.8119e-07 0.00896054 0.0265549 0.34497 0.000364293 
0.0165348 0.000128836 2.88426e-06 0.313857 0.0606988 0.0370635 0.0135397 0.0660742 0.00344529 0.00746754 0.0049863 2.53071e-05 0.020562 0.000386386 0.0275846 5.21498e-06 0.0320652 0.0119349 0.0191174 0.0489472 1.72414e-06 0.0215715 0.25997 0.0316559 0.00237355 
0.0575288 1.03662e-05 1.30858e-07 0.00701451 0.00583648 0.00430858 0.000487953 0.00532439 0.000356616 0.000193199 4.47699e-05 6.72973e-07 1.58567e-05 1.44523e-07 1.91041e-05 2.62018e-05 0.00552538 0.0102773 0.00254664 1.40423e-05 6.07867e-08 0.00668164 0.892299 0.00147307 1.48195e-05 
0.0200658 1.63023e-05 0.000715667 0.0264641 0.0313143 0.0657696 0.00219615 0.118083 0.00640563 0.000866602 0.00435588 1.83468e-05 0.0524185 4.75035e-06 0.00165166 4.67918e-06 0.0415311 0.0231141 0.081939 0.0345326 1.20896e-06 0.401767 0.0723474 0.0142687 0.00014802 
0.0742747 6.87951e-05 0.000341634 0.00616434 0.0213211 0.0199189 0.000912057 0.00501501 0.00307617 0.624328 0.00170122 0.0412931 0.000723705 0.00335899 0.000967761 5.54644e-05 0.007419 0.00650857 0.0577029 0.00738783 2.1872e-05 0.00597168 0.103808 0.00593189 0.00172718 
0.0640168 8.02928e-06 3.17529e-06 0.690725 0.0812853 0.00054061 0.000189743 0.016414 0.00779127 0.000156457 0.000884648 7.06045e-06 0.017135 2.25291e-07 0.00119246 3.16881e-06 0.0291071 0.0044739 6.73627e-05 0.00532765 1.67042e-07 0.0213342 0.0465673 0.00533929 0.00743039 
0.224099 1.99603e-07 7.25868e-10 0.0376675 0.0200355 0.00109879 1.25173e-05 0.0220545 0.0409321 0.0608557 0.000463553 0.000153883 0.0157189 5.9985e-10 0.00547567 3.30386e-05 0.00153653 6.06772e-05 0.0173479 0.00921522 4.44759e-10 0.00118976 0.0529708 0.418811 0.0702675 
0.193959 0.000113628 0.125414 0.0259994 0.0218282 0.0018102 0.00215371 0.0921988 0.00517245 0.00105738 0.0019224 5.93445e-05 0.00311432 5.37948e-05 0.0236572 0.000109322 0.0116945 0.183925 0.00792292 0.0025985 4.09056e-06 0.00685732 0.269402 0.0188794 9.21976e-05 
0.318488 5.69256e-08 1.8936e-09 0.0425684 0.0358702 0.0414306 0.0018734 0.0029905 0.0466165 0.0814996 0.00421341 0.0263997 0.0119595 0.000222523 0.0035033 3.4477e-09 0.0129917 0.0611166 0.022658 0.0556458 9.4704e-13 0.00841326 0.206239 0.0125771 0.00272251 
0.029061 1.85561e-06 5.66188e-05 0.0269931 0.0667228 0.0194185 0.00146578 0.00726074 0.00541982 0.00496591 0.00573145 3.22001e-05 0.0495356 4.13285e-05 0.00189031 5.24259e-06 0.0256172 0.00167019 0.00653763 0.0572702 1.94411e-07 0.00839438 0.659661 0.0209231 0.00132404 
0.327867 9.58679e-05 2.40546e-05 0.0127022 0.164679 0.0725843 0.00562849 0.00798061 0.000335995 0.126521 0.00175702 0.000262122 0.00952077 0.000177176 0.00155371 5.52497e-06 0.0305916 0.0323594 0.0133862 0.0295797 4.22476e-06 0.0139409 0.102915 0.0437727 0.00175524 
0.0639031 0.000786058 0.000198286 0.0105059 0.0298608 2.86887e-05 0.000346556 0.0231841 0.000353302 0.0103032 0.00258292 1.44854e-06 0.0210381 1.76095e-06 0.000258584 6.77502e-05 0.0716348 5.53003e-06 0.00117481 0.485098 1.30566e-06 0.0353998 0.0838245 0.155441 0.00400013 
0.00650976 4.09124e-05 2.4165e-07 0.00285122 0.0539628 2.58507e-07 0.00375171 0.0288448 0.111915 0.0259897 1.95286e-06 0.000386516 0.000286106 1.10195e-06 0.0102622 0.000114639 0.000609911 7.68356e-05 0.03296 5.59607e-07 7.41665e-08 0.0109477 0.0370414 0.650711 0.0227338 
0.0127429 0.000231796 1.96195e-06 0.000341985 0.00468364 0.134378 0.00171525 0.00779086 0.000399902 0.000956869 0.00681018 2.26295e-05 0.724335 0.000103199 4.08664e-06 2.0708e-05 0.00349226 0.0166373 0.0239889 0.00680597 4.73985e-08 0.0364898 0.0168568 0.00086875 0.000321803 
0.1126 0.000110787 6.418e-05 0.0115878 0.0220626 0.031142 0.0629096 0.0390192 0.000845223 0.0038281 0.00152947 5.34545e-05 0.283175 0.000241685 0.00104798 2.42389e-05 0.0241082 0.00502617 0.191111 0.0153305 4.44574e-07 0.0594991 0.116167 0.0168619 0.0016554 
0.0656176 0.000813577 8.49e-08 0.0471337 0.0483559 0.0105411 7.83037e-05 0.00590183 0.0213169 0.0262322 0.00894622 9.9984e-06 0.579787 2.10494e-06 0.00505852 8.38195e-05 0.00946091 0.00662417 0.00414208 0.0164213 5.19301e-09 0.0285849 0.060841 0.0499197 0.00412756 
0.127436 0.0180674 0.000859795 0.0205127 0.0393247 0.0160747 0.00545412 0.0156633 0.0240373 0.00218641 9.02973e-05 8.04056e-05 0.00039554 1.08482e-05 0.000606892 2.60774e-05 0.00470762 0.0107053 0.00196083 0.000558825 6.34405e-06 0.00629057 0.678345 0.0258271 0.000771643 
0.0226437 5.15126e-05 0.000200317 0.00277247 0.71752 0.0341891 0.0600117 0.0131135 0.00793966 0.0119986 6.04862e-05 0.000230929 0.000390279 1.6077e-05 0.000341858 5.67937e-06 0.0021856 0.0158188 0.00282357 0.00174788 1.10374e-06 0.0170258 0.0581439 0.0304848 0.000282403 
0.0207812 3.52738e-08 5.71268e-07 0.0791149 0.0538446 0.338918 0.0012887 0.0288561 0.0110221 0.000245701 0.000493901 6.15834e-09 2.26861e-05 3.12315e-05 9.62404e-06 1.20076e-08 6.14978e-05 1.47784e-05 0.00380564 0.0332861 3.12426e-09 0.194563 0.231168 0.00246915 2.97894e-06 
0.0961536 0.00323338 1.37025e-10 0.00659177 0.0134116 0.0256524 0.000197492 0.0314996 1.9089e-05 0.541018 5.61268e-05 0.163535 0.00328473 4.37851e-06 9.5796e-06 3.99572e-05 0.004736 0.000199682 0.000364492 0.00857386 8.39589e-11 0.00749059 0.0289759 0.0649485 4.77219e-06 
0.00174473 2.11893e-05 0.00339645 0.000601882 0.0153506 0.00645786 0.900429 0.00128112 0.000820071 0.000453678 6.43559e-05 1.21329e-05 7.88691e-05 7.84665e-07 5.8409e-07 2.44035e-05 0.00326659 0.000124568 0.000658495 2.00292e-05 7.27986e-11 0.0109037 0.0127682 0.0413668 0.000153526 
0.0119753 2.39084e-05 9.96037e-06 0.0468786 0.0305709 0.00161145 0.00100233 0.0271343 0.0010398 0.00569332 0.000463658 0.000185066 0.00694866 0.000314258 0.0181307 7.58193e-06 0.00168329 0.00883765 0.00413546 0.00370545 4.0751e-06 0.00595619 0.0369982 0.786156 0.000533871 
0.0474651 1.36833e-06 6.50029e-09 0.0923209 0.165857 0.0200878 0.00234247 0.0157473 0.00117734 0.00563365 0.000162233 2.81214e-06 0.000183554 5.37178e-09 0.149252 1.98103e-07 0.03819 0.0408697 2.60938e-05 0.0017178 3.98291e-09 0.00433158 0.287238 0.12732 7.38139e-05 
0.0241798 4.9478e-05 3.64225e-06 0.0313809 0.177466 0.15184 0.00741136 0.0689454 0.00301563 0.00229733 0.00360112 1.8413e-05 0.0065116 0.000192347 0.000844308 1.01419e-05 0.0710836 0.010436 0.0383581 0.0166656 4.62023e-07 0.0620992 0.296375 0.027158 5.65167e-05 
0.00264802 7.68811e-06 1.52215e-05 0.000947308 0.937846 0.00615285 0.0123148 0.00333454 0.00152378 0.000567731 0.00030392 2.35014e-05 9.54167e-05 2.72266e-05 0.000221272 3.5564e-06 0.000205428 0.000422143 0.00212171 0.000723074 5.17805e-07 0.0156833 0.0113112 0.00337531 0.000124737 
0.401926 3.39628e-06 5.13526e-07 0.0258007 0.0310693 0.0067694 0.00291952 0.00245085 0.00251884 0.0010512 7.2954e-05 1.1075e-05 0.000464454 5.20275e-05 6.95025e-06 8.03886e-07 0.000544828 0.000106212 0.00325683 0.00164197 4.97752e-07 0.0194836 0.495107 0.0044256 0.000315478 
0.0127965 3.08186e-05 2.40566e-06 4.21338e-05 0.00227873 0.0460671 3.91886e-06 0.0256318 0.00206618 0.000382906 1.17315e-05 0.00040524 1.57075e-05 1.98801e-06 0.805351 5.69418e-06 0.0054124 1.73503e-05 2.95015e-05 0.0206868 1.47401e-06 0.000664413 0.00710805 0.0707075 0.000278508 
0.0101117 0.000126457 9.41182e-10 0.0158761 0.0117168 0.203397 0.00481463 0.0260452 0.0128686 0.0049046 1.95782e-06 0.000101857 0.000356227 4.47471e-06 2.84338e-08 2.62902e-05 0.00132568 0.000192826 0.478649 0.000579571 1.49218e-12 0.0144538 0.212786 0.00154312 0.000118221 
0.185414 5.84306e-05 1.32308e-05 0.429464 0.00207526 0.0171704 5.10344e-05 0.0107655 0.001063 0.138516 0.00342774 0.00923426 0.00378702 2.65437e-06 0.00129324 3.44543e-07 0.0330515 0.00271417 0.00133714 0.113018 7.97508e-08 0.0115714 0.0244405 0.0111513 0.000381106 
0.00264802 7.68811e-06 1.52215e-05 0.000947308 0.937846 0.00615285 0.0123148 0.00333454 0.00152378 0.000567731 0.00030392 2.35014e-05 9.54167e-05 2.72266e-05 0.000221272 3.5564e-06 0.000205428 0.000422143 0.00212171 0.000723074 5.17805e-07 0.0156833 0.0113112 0.00337531 0.000124737 
0.0270493 3.23634e-05 1.80243e-09 0.0184534 0.263817 0.000969708 0.00850189 0.0902133 0.033417 0.00396032 0.00015018 8.76823e-05 1.1414e-05 4.18271e-06 0.00336489 2.44101e-06 0.00352779 0.0608339 0.00016724 2.71011e-05 1.1044e-09 0.0084318 0.131907 0.344972 9.74239e-05 
0.0306084 0.000100544 1.7205e-05 0.0278636 0.107464 0.447265 0.00468438 0.0383884 0.00525787 0.0241378 0.00369898 5.19588e-05 0.00287746 8.87685e-06 0.00222834 4.68501e-05 0.00993964 0.0711343 0.0126234 0.029492 4.58872e-06 0.0299054 0.14301 0.00865742 0.000533094 
0.347632 0.000815787 9.68431e-06 0.0528707 0.0407042 0.0299154 0.00197052 0.0398498 0.0321089 0.0384699 0.00211754 0.00174845 0.00681884 0.0044849 0.0130558 5.22656e-05 0.0029733 0.053907 0.05415 0.00550208 9.40396e-06 0.0326174 0.0647246 0.169082 0.00440961 
0.0648 7.83022e-05 1.98785e-08 0.0300266 0.15408 0.128205 0.0179779 0.0695701 0.0256473 0.00157213 0.00232145 5.97653e-05 0.00987752 2.9266e-07 0.00083973 3.28423e-06 0.0260278 0.00506223 0.162128 0.0652234 1.88129e-08 0.0825215 0.109668 0.0438158 0.000494743 
0.0225417 1.67061e-09 2.15049e-05 0.0126495 0.0478329 1.28869e-08 0.0557192 0.0120273 0.002835 0.0283411 0.00219572 4.60713e-06 4.80751e-06 8.49239e-07 0.0979468 1.8796e-06 1.27435e-06 0.000654083 0.00843643 0.00515734 1.24278e-09 0.00330757 0.0364973 0.663821 2.37304e-06 
0.0144583 2.83574e-05 0.00271787 0.0114271 0.185767 0.20945 0.000700326 0.0180833 0.0969913 0.00322767 0.135343 3.44314e-05 0.00152382 1.73038e-06 0.000465673 4.23139e-05 0.0319617 0.00448002 0.0146113 0.0159375 7.4206e-07 0.0492489 0.154496 0.00361437 0.0453871 
0.0928801 5.38198e-07 2.93398e-11 0.0301264 0.189412 0.00879206 0.0424426 0.0149935 0.0179859 0.203664 0.00258449 0.0816904 0.000866348 4.36062e-05 0.000101171 3.91825e-11 0.00516947 0.0736928 0.00917198 0.0187282 1.79773e-11 0.0125484 0.142071 0.0521794 0.000855267 
0.00740115 9.29432e-07 6.08657e-07 0.00180773 0.693674 0.0102995 0.119147 0.0265319 0.0121702 0.0101968 0.000319985 4.90716e-05 0.00624445 2.19385e-05 0.00806754 6.32738e-07 0.013112 0.0593045 0.00242275 0.000301582 3.85682e-07 0.00714026 0.00741434 0.0142241 0.000146306 
0.00702186 1.0566e-05 3.17169e-05 0.00706449 0.0488687 0.0403343 0.00223238 0.0225436 0.00292877 0.0240174 0.00321464 0.140448 0.00399932 1.5073e-05 0.00253686 4.88145e-05 0.00558339 0.000301133 0.435164 0.190357 2.03529e-07 0.0356821 0.0245208 0.00202051 0.0010543 
0.0120269 0.119536 0.0027118 0.283261 0.0282082 0.0199331 3.01232e-05 0.0340127 8.61117e-05 0.0276215 0.161313 9.46947e-05 0.0416991 2.40429e-08 0.00156418 3.88542e-08 0.0113799 1.96198e-05 0.00369487 0.237546 1.78266e-08 0.000250756 0.00694333 0.00663763 0.00142994 
0.00177953 0.00304452 3.98026e-09 0.0162838 0.0867373 0.246889 1.85441e-07 0.0984831 0.00446796 0.0022206 0.11217 4.56809e-06 0.00069438 1.56371e-07 0.007826 1.89588e-05 0.134404 0.00310368 0.00312805 0.00574695 1.3006e-10 0.000661105 0.243799 0.0285073 2.9311e-05 
0.0806258 0.00106026 0.000349113 0.0797175 0.0490288 0.108642 0.00851217 0.0578012 0.0069328 0.00902168 0.00484971 0.00258393 0.0111056 0.000356756 0.00413774 0.000304022 0.0494643 0.0138955 0.0356289 0.0173434 6.99712e-05 0.0637297 0.37122 0.0216895 0.00192911 
0.00153738 5.58703e-10 6.7832e-10 0.0115043 0.0811727 0.00903275 8.60307e-07 0.00340213 0.000216113 0.820134 9.70478e-06 1.85033e-07 2.3202e-05 0.000145261 0.00809285 4.93828e-09 8.41869e-06 0.0137863 4.95714e-07 0.00679571 4.15625e-10 7.9557e-09 0.0297758 0.00862046 0.00574191 
0.278358 0.000126046 0.000446932 0.0895406 0.0350659 0.0362054 0.000914327 0.0243137 0.021587 0.0279355 0.00233624 0.0107533 0.0102871 0.0018582 0.0193317 0.00107655 0.0145751 0.00223841 0.0302335 0.267753 2.90604e-05 0.0119704 0.0916874 0.0209934 0.000383059 
0.000727268 0.000163253 9.8697e-08 0.00534774 0.0966782 0.012242 0.00350073 0.0397644 0.00465946 0.0409905 0.0206386 0.273261 0.00024199 5.6424e-06 0.00540721 7.76057e-06 0.000651546 0.000483144 0.123589 0.312516 5.38179e-09 0.0440644 0.0100499 0.00437384 0.000635782 
0.0332932 1.39764e-05 3.12944e-07 0.0079398 0.590145 0.00854445 0.0128252 0.0141875 0.00524509 0.00498035 0.0909047 5.70821e-05 0.0125594 0.000112045 0.00135245 1.74281e-05 0.0157065 0.00233849 0.0128467 0.00284085 5.57986e-08 0.00263266 0.132857 0.0265319 0.0220672 
0.0600879 5.30091e-05 0.000273057 0.0521711 0.00613552 0.55249 0.000357517 0.00627339 0.00264333 0.0184906 0.000371053 8.96265e-05 0.00172524 0.000178429 5.23128e-05 2.30324e-05 0.0190172 0.00194567 0.0718068 0.0234301 1.01631e-07 0.127243 0.0523784 0.00274646 1.72568e-05 
0.00386532 0.000433837 2.84571e-06 0.0165073 0.00984005 0.0179012 0.000237142 0.0027254 0.000993462 1.03108e-05 0.608874 9.07463e-07 0.278226 0.000111926 1.28921e-05 6.84954e-07 0.00115598 0.000116484 0.00290361 0.00216998 2.52349e-08 0.00475619 0.0410099 4.26474e-05 0.0081023 
0.0041348 1.97182e-05 1.43018e-06 0.0211165 0.178904 0.0561956 0.00238577 0.0439682 0.0136564 0.46325 0.00280724 8.47661e-06 0.000837822 0.000471706 0.00074444 9.02263e-06 0.00815909 0.0251905 0.0013961 0.00318911 7.8568e-08 0.00410315 0.158729 0.00295798 0.00776347 
0.00880472 4.93795e-06 1.89626e-11 0.000363808 0.0342329 0.000401701 0.00108102 0.00365125 0.00012444 0.799068 0.00172863 0.070639 0.00026731 2.78695e-05 1.13075e-05 6.43892e-07 0.00110333 0.0186897 0.00124623 0.000128965 1.16189e-11 0.000344428 0.0299546 0.0281025 2.311e-05 
0.013631 2.91424e-06 1.32015e-06 0.0175375 0.0535513 0.032036 0.00331264 0.0198444 0.117597 0.000583092 0.0035241 0.00164134 0.000928241 0.000143792 0.00308926 5.9549e-06 0.00221061 0.0166553 0.0082449 0.016551 1.10322e-07 0.221697 0.00234281 0.464833 3.52564e-05 
0.0600879 5.30091e-05 0.000273057 0.0521711 0.00613552 0.55249 0.000357517 0.00627339 0.00264333 0.0184906 0.000371053 8.96265e-05 0.00172524 0.000178429 5.23128e-05 2.30324e-05 0.0190172 0.00194567 0.0718068 0.0234301 1.01631e-07 0.127243 0.0523784 0.00274646 1.72568e-05 
0.00436316 0.000266645 2.53751e-06 0.00745759 0.0184414 0.588626 0.000255485 0.0642485 0.000938797 0.000999349 0.0585989 0.000868633 0.00853377 0.00068936 4.33929e-06 5.7593e-05 0.0489037 0.000160785 0.00144783 0.0474177 1.02492e-06 0.0391672 0.107385 0.00102368 0.000141065 
0.0132001 4.39364e-11 5.33431e-11 0.000899965 0.00295701 0.0639282 1.7797e-07 0.00236588 0.000262533 0.00134903 0.00117026 1.66987e-05 0.819676 1.18011e-07 3.44527e-05 1.34504e-07 0.00347492 0.000200631 4.72615e-08 0.00851746 3.26847e-11 0.00278345 0.0787144 0.000440523 8.29478e-06 
0.0114038 5.87588e-05 0.000529607 0.00141999 0.134675 0.00248993 0.0159192 0.0541508 0.476222 0.00161559 5.07837e-06 2.82102e-05 0.000260084 8.31458e-06 0.000619117 0.0027443 0.00015039 0.000635858 0.00194349 0.00399956 4.32651e-06 0.0136326 0.0363836 0.241077 2.23851e-05 
0.119792 4.9489e-05 6.60427e-05 0.0818801 0.0765519 0.0315925 0.00068237 0.106067 0.0216318 0.14981 0.00568488 0.0576319 0.00272823 0.00166966 0.00106214 1.02257e-05 0.00769013 0.00239693 0.0307144 0.0409453 3.18346e-06 0.0427982 0.177563 0.0406154 0.000362962 
0.131979 1.58361e-05 0.00352723 0.0175402 0.00559133 0.0145379 0.00194658 0.0173347 0.00160123 0.00190437 0.00741273 4.36085e-05 0.160003 0.000217373 0.000868329 1.1107e-05 0.0682645 0.00075954 0.00817392 0.00890809 7.54365e-07 0.337442 0.1991 0.0127282 8.81929e-05 
0.424737 0.000274578 0.000966474 0.171808 0.0259286 0.0254553 0.00268814 0.0230868 0.00507184 0.0173726 0.00659284 0.00519001 0.00809358 0.00741927 0.00392873 2.51017e-06 0.0136105 0.00267114 0.00494777 0.045231 1.47992e-06 0.0215369 0.148406 0.0339978 0.000981449 
0.0247223 3.14605e-06 0.0243859 0.00168547 0.00729716 0.000860359 0.000615034 0.000622679 2.68136e-05 0.888243 0.00337348 0.00773608 0.000894071 1.01051e-05 0.000730258 5.90188e-06 0.00209738 0.00125378 0.00224319 0.00438891 4.71337e-08 0.00051855 0.00854749 0.017617 0.00212217 
0.0146974 0.000120985 3.69663e-07 0.0134177 0.00442557 0.00132662 0.00028492 0.00316304 9.73064e-05 7.06782e-05 3.92137e-05 6.53846e-06 0.00309496 9.0155e-05 2.37368e-06 8.96834e-06 0.00109575 0.913694 0.00475424 0.000833116 2.16227e-07 0.015171 0.0139685 7.30609e-05 0.00956329 
0.0047072 3.71578e-05 0.000961565 0.00342305 0.0143703 0.00561638 0.306313 0.0113453 0.000898437 0.0020394 0.000108655 0.000262133 0.00230444 4.88179e-06 0.00236842 0.000265926 0.220525 0.000167986 0.0018883 0.00560021 2.22855e-07 0.204465 0.0347046 0.177226 0.00039616 
0.00275023 0.00172236 3.17396e-10 0.000326121 0.0182589 0.00139604 0.90726 0.00320773 2.52712e-05 0.00243695 0.017246 1.0197e-05 0.0214318 1.57933e-08 2.04188e-06 4.16575e-06 0.00521298 0.00143226 4.21281e-05 0.000123314 1.94477e-10 0.000724651 0.0131766 0.0030487 0.000161532 
0.132648 9.02654e-05 3.60619e-10 0.00242629 0.000913827 0.00437343 0.000146317 0.016351 4.99819e-08 0.514992 0.00460838 0.000217314 0.000129116 2.98012e-10 0.000507938 3.43753e-07 0.00734342 0.000199588 0.00295498 0.00057778 2.20961e-10 0.00663435 0.0252262 0.262268 0.0173911 
0.00297242 3.22424e-05 0.000212638 0.000361132 0.856076 0.0113399 0.0756236 0.00418279 0.00063851 0.000779744 0.000281809 1.51456e-05 3.91043e-05 2.42391e-05 0.000113709 2.71771e-06 0.000227227 0.023352 0.00144864 0.000324232 3.31802e-07 0.00584975 0.0113884 0.00465374 6.0316e-05 
0.0181882 1.40101e-05 7.40761e-06 0.0173664 0.0278214 0.136328 0.0398367 0.187852 0.0333206 0.234168 0.000606525 0.000784533 0.0031396 4.25956e-05 0.0193161 7.13482e-08 0.00296643 0.000526784 0.100314 0.0222543 1.38083e-10 0.0214724 0.0674404 0.0641403 0.00209364 
0.03171 1.0427e-05 0.000802453 0.00403622 0.244683 0.0513994 0.0282744 0.0204336 0.00530852 0.0233419 0.00449782 0.00973974 0.0225198 0.00253257 0.000611198 0.000383653 0.0990662 0.0292318 0.0664947 0.0143513 7.17442e-07 0.0860774 0.18914 0.0551709 0.0101831 
0.275863 2.51359e-06 4.13543e-08 0.0176213 0.0909622 0.0107409 0.00202517 0.387039 0.00723134 0.00532456 0.00621518 0.0019188 0.0126725 9.67472e-07 5.28626e-05 5.52277e-08 0.039258 0.00519996 0.000143538 0.0218313 2.53389e-08 0.0068144 0.0367436 0.0723312 7.69093e-06 
0.00293379 2.10234e-06 9.92214e-09 0.000267288 0.00579193 0.00371326 0.01482 0.023567 0.000213959 0.181447 1.30779e-05 0.00195541 2.99246e-05 2.4833e-05 0.0013554 0.683779 0.00913707 0.000391141 0.00201526 9.15861e-05 1.48187e-10 0.00607935 0.053497 0.00879104 8.29501e-05 
0.0655588 0.00137301 5.06052e-12 0.00885947 0.0267727 0.272804 0.000946006 0.263617 0.00147676 0.00419217 0.000415307 0.00016394 0.0132356 9.6227e-09 0.0364071 6.168e-05 0.0180328 0.000222239 7.93432e-08 1.06522e-06 3.10072e-12 0.0336369 0.195264 0.0569582 4.15555e-07 
0.00362781 0.000253548 9.88585e-09 0.00439519 0.000780921 0.520252 0.0372472 0.103379 0.000441264 0.00117438 4.80769e-05 0.0541253 0.00045656 0.0027335 1.69692e-08 4.56842e-06 5.36767e-05 3.89956e-05 0.12828 0.00193678 1.12624e-11 0.105867 0.034185 0.000682972 3.55905e-05 
0.0216699 0.000155354 0.000101515 0.00531984 0.0209319 0.221173 0.000209687 0.0385036 0.00283994 8.40261e-05 0.00105087 5.80504e-05 0.0126083 6.9843e-06 7.4619e-06 9.7149e-06 0.0520423 0.0231475 0.0495044 0.00247109 1.68321e-06 0.534217 0.0127138 0.00114915 2.27358e-05 
0.00174473 2.11893e-05 0.00339645 0.000601882 0.0153506 0.00645786 0.900429 0.00128112 0.000820071 0.000453678 6.43559e-05 1.21329e-05 7.88691e-05 7.84665e-07 5.8409e-07 2.44035e-05 0.00326659 0.000124568 0.000658495 2.00292e-05 7.27986e-11 0.0109037 0.0127682 0.0413668 0.000153526 
0.47273 0.00389575 6.50451e-05 0.0485859 0.0796478 0.0410894 0.000991681 0.00166255 0.000840989 0.00642463 0.000271417 3.4469e-06 0.00448475 7.88511e-07 0.00336298 8.74685e-07 0.0151656 0.00032203 0.0144776 0.201374 7.36203e-07 0.0208793 0.0586075 0.0248795 0.000235351 
4.50791e-06 1.20913e-12 1.468e-12 2.91374e-08 0.000113467 7.30288e-10 0.00011939 7.9629e-09 1.66281e-06 0.00106455 2.1312e-05 5.7185e-05 8.91149e-10 6.29362e-10 4.17303e-07 0.998524 2.2787e-06 8.50033e-05 3.74191e-07 9.44643e-10 8.99483e-13 3.74394e-06 8.32039e-07 6.38576e-07 6.48996e-07 
0.0541336 0.00064157 0.00456682 0.037024 0.0354073 0.051213 0.00275388 0.0297917 0.0212487 0.00977531 0.00416374 7.44564e-06 0.0128788 8.38111e-06 0.000369367 3.41567e-05 0.0105195 0.00306891 0.351315 0.02016 3.37965e-06 0.0398782 0.30153 0.00940603 0.000101539 
0.652694 0.000250783 0.00110445 0.0327284 0.00725449 0.0425162 0.000272476 0.00477505 0.00129343 0.00404061 0.000396611 5.53187e-05 0.000596901 0.000375434 0.00167878 5.1113e-05 0.00908425 6.10101e-05 0.00204677 0.0163712 1.05953e-05 0.00491351 0.199304 0.0179526 0.000172466 
0.00264802 7.68811e-06 1.52215e-05 0.000947308 0.937846 0.00615285 0.0123148 0.00333454 0.00152378 0.000567731 0.00030392 2.35014e-05 9.54167e-05 2.72266e-05 0.000221272 3.5564e-06 0.000205428 0.000422143 0.00212171 0.000723074 5.17805e-07 0.0156833 0.0113112 0.00337531 0.000124737 
0.0154875 0.000115775 0.00010441 0.0038049 0.0149571 0.161562 0.000151219 0.027524 0.00203612 6.0636e-05 0.000757802 4.2142e-05 0.00901747 5.51817e-06 1.14341e-05 7.56489e-06 0.0371991 0.0165421 0.0353876 0.00177094 1.4853e-06 0.663525 0.0090859 0.000825694 1.70116e-05 
0.0600879 5.30091e-05 0.000273057 0.0521711 0.00613552 0.55249 0.000357517 0.00627339 0.00264333 0.0184906 0.000371053 8.96265e-05 0.00172524 0.000178429 5.23128e-05 2.30324e-05 0.0190172 0.00194567 0.0718068 0.0234301 1.01631e-07 0.127243 0.0523784 0.00274646 1.72568e-05 
0.0124585 9.85011e-05 6.03773e-06 0.0119419 0.453252 0.0735657 0.0430247 0.0919789 0.0455057 0.00816176 0.0068433 0.000358267 0.00558594 0.00207521 0.0113934 0.0688978 0.00560246 0.0699323 0.0122549 0.00930992 2.24848e-06 0.00879975 0.0194632 0.039305 0.000182323 
0.0523298 7.05664e-05 6.96197e-10 0.0138617 0.0012289 0.0128167 0.00256803 0.0184713 0.000667288 0.00165249 1.23049e-08 2.45734e-05 0.0011076 9.97571e-06 2.10505e-08 1.2437e-05 0.000295038 0.00109694 0.00159798 0.00112009 6.71434e-10 0.0125243 0.876112 0.0024208 1.16744e-05 
0.114541 0.00484562 0.00395644 0.0988559 0.0421201 0.00268375 0.000878842 0.00581642 0.000716506 0.0066042 2.84135e-05 7.14857e-05 0.0538774 1.10187e-06 2.01768e-05 2.60905e-07 0.0108968 3.15003e-06 0.00272012 0.0595251 1.19705e-07 0.00186316 0.0287316 0.198634 0.362608 
0.170613 0.000807645 2.44808e-05 0.030591 0.0457285 0.203828 0.00202423 0.0539622 0.00174805 0.00285761 0.00974361 0.00322812 0.0100128 0.00080679 0.000858367 2.1422e-05 0.0481184 0.0151148 0.0536134 0.0180039 9.53868e-07 0.0518481 0.268143 0.00704954 0.00125179 
0.146157 0.000399256 5.40006e-07 0.0204407 0.0319775 0.0508073 0.00209348 0.0306881 0.00291332 0.110391 0.00302367 0.000300089 0.00754206 3.27824e-05 0.00441041 8.57832e-05 0.0232675 0.004208 0.330226 0.0268871 1.62871e-07 0.0427171 0.137248 0.0240326 0.00015122 
0.100857 0.00238217 0.000100261 0.107458 0.0389923 0.0745979 0.00452033 0.0407487 0.00417497 0.0158647 0.00113402 0.0121592 0.00872886 0.000185554 0.00261532 0.000153775 0.0367856 0.0247544 0.0477863 0.016507 5.17917e-05 0.0370551 0.398976 0.0226333 0.000778144 
4.50791e-06 1.20913e-12 1.468e-12 2.91374e-08 0.000113467 7.30288e-10 0.00011939 7.9629e-09 1.66281e-06 0.00106455 2.1312e-05 5.7185e-05 8.91149e-10 6.29362e-10 4.17303e-07 0.998524 2.2787e-06 8.50033e-05 3.74191e-07 9.44643e-10 8.99483e-13 3.74394e-06 8.32039e-07 6.38576e-07 6.48996e-07 
0.00174473 2.11893e-05 0.00339645 0.000601882 0.0153506 0.00645786 0.900429 0.00128112 0.000820071 0.000453678 6.43559e-05 1.21329e-05 7.88691e-05 7.84665e-07 5.8409e-07 2.44035e-05 0.00326659 0.000124568 0.000658495 2.00292e-05 7.27986e-11 0.0109037 0.0127682 0.0413668 0.000153526 
0.00362781 0.000253548 9.88585e-09 0.00439519 0.000780921 0.520252 0.0372472 0.103379 0.000441264 0.00117438 4.80769e-05 0.0541253 0.00045656 0.0027335 1.69692e-08 4.56842e-06 5.36767e-05 3.89956e-05 0.12828 0.00193678 1.12624e-11 0.105867 0.034185 0.000682972 3.55905e-05 
0.00693336 0.00229703 0.000614022 0.00385251 0.347024 0.0397343 0.415524 0.0163161 0.0103212 0.00108843 0.00158156 4.07955e-05 0.00417878 0.00124125 0.00131361 0.000448514 0.0221007 0.0152682 0.0135294 0.00383601 5.77448e-06 0.023997 0.0489584 0.0192859 0.000509425 
0.0333916 1.33845e-06 1.95782e-06 0.0943322 0.331576 0.231819 0.0109459 0.073126 0.00796613 0.00349551 0.0122339 4.34011e-06 0.00109912 0.00525416 0.000162218 4.97211e-05 0.0517311 6.50142e-05 0.0177189 0.0121387 5.76941e-08 0.0462522 0.0642347 0.00213252 0.000268146 
0.0159891 5.63784e-06 5.85766e-07 0.0308077 0.381871 0.00103655 0.00272182 0.162 0.0173302 4.49188e-07 0.0959599 8.75242e-05 2.84244e-07 0.000323827 0.00910357 7.10896e-07 0.0294168 0.00202041 0.000934868 0.0123364 1.41231e-08 0.000767796 0.008999 0.22641 0.00187511 
0.0426869 0.000180777 1.8786e-06 0.0958671 0.148616 0.0475498 0.0166341 0.378494 0.0491337 0.00101862 0.00112522 2.81812e-05 0.000879871 0.000968964 0.00208745 9.59645e-06 0.0160223 0.000135358 0.000371093 0.0352751 6.93051e-07 0.0687283 0.0844329 0.00921285 0.000538632 
0.0334603 0.000424938 3.57514e-05 0.135277 0.0574714 0.00810298 0.000695288 0.0290399 0.00365529 0.00488695 0.00698156 9.86118e-05 0.00275094 2.76677e-06 0.153609 5.44155e-06 0.0025854 0.0236731 0.000471235 0.0100059 7.99161e-07 0.00458546 0.07406 0.448073 4.67923e-05 
0.0113387 0.000622391 3.6587e-07 0.0338247 0.04633 0.000115704 0.00267095 0.0016033 0.000555465 8.23496e-05 0.000213634 5.55588e-06 0.000140528 3.02351e-07 0.000126651 0.000168598 0.000112302 0.000119798 0.00150135 0.000140733 2.24178e-07 0.000388846 2.92502e-05 0.876663 0.0232453 
0.0172815 2.39359e-10 1.67372e-05 0.0082012 0.0816784 0.00062325 0.00071661 0.0730678 0.097053 0.438769 0.00168728 0.000146838 0.00123709 6.47451e-07 0.0675997 3.88096e-10 0.00561906 0.000273632 0.00452216 0.0280833 1.78062e-10 0.0021584 0.00818219 0.157392 0.00569041 
0.0121005 0.000115659 4.90687e-06 0.0881508 0.261135 0.0269233 0.00470539 0.157508 0.113028 0.00992089 0.107449 0.0123615 0.0111239 0.0010518 0.00636243 6.41269e-05 0.00431397 0.00269398 0.00339709 0.00518872 1.33978e-06 0.0615895 0.0413806 0.0623461 0.0070836 
0.00516739 0.000144884 0.000121369 0.0335615 0.00849371 0.436886 0.000426577 0.101423 0.00179984 0.0018664 0.00023611 7.17598e-06 0.0439937 1.92838e-05 3.61208e-06 1.32225e-07 0.0404145 0.00153576 0.00502924 0.0202213 3.50254e-08 0.236557 0.0558912 0.00613638 6.39778e-05 
0.220421 0.000197708 2.43961e-05 0.0356066 0.00451779 0.151195 0.0195807 0.0861593 0.000665377 0.0147639 0.000875921 0.0497094 0.00337742 0.00517761 0.000115703 5.4017e-06 0.00403071 0.000403096 0.132111 0.0314617 2.03663e-06 0.0510557 0.180068 0.00797691 0.000496387 
0.0863538 2.81603e-05 2.89386e-06 0.00666071 0.216998 0.0727878 0.00306672 0.0664417 0.329111 0.00181899 0.00113684 0.000326219 0.00370352 0.000445977 2.33706e-05 0.00180693 0.0270034 0.000569382 0.00367467 0.00209987 9.91126e-07 0.0336309 0.13031 0.0116502 0.00034789 
0.106325 0.0006773 6.83998e-05 0.0308426 0.0512386 0.0606657 0.00621589 0.0295612 0.0053866 0.0521475 0.00121015 0.00498715 0.00765536 0.00042782 0.00120804 6.42344e-05 0.028358 0.023039 0.044971 0.00884002 2.57622e-05 0.0346627 0.48232 0.017696 0.00140662 
0.0108097 5.82125e-06 1.57915e-06 0.0944855 0.10614 0.00545796 0.0611114 0.20179 0.00997005 0.00567637 0.0284899 0.000216303 0.00017472 0.000358124 0.0679843 8.09603e-05 0.00250321 0.0303159 0.0148101 0.0202776 4.57777e-08 0.005836 0.0455939 0.264453 0.0234569 
0.0737486 0.000403835 0.000114286 0.0390644 0.038757 0.286337 0.00839301 0.0371697 0.00512991 0.016326 0.00990899 0.00441292 0.0458078 0.000155586 0.000337657 3.59915e-05 0.120471 0.00552936 0.0511203 0.0602891 1.17499e-05 0.0624689 0.114686 0.0172713 0.0020504 
0.0285271 0.000133384 3.67623e-05 0.0277181 0.493205 0.06086 0.0294226 0.0410576 0.0659737 0.00904868 0.00347752 2.24223e-05 0.00334026 0.000105189 0.00374141 4.07799e-05 0.00646037 0.0308395 0.0139476 0.0137725 5.66159e-06 0.0211689 0.108824 0.0363375 0.00193327 
0.0742747 6.87951e-05 0.000341634 0.00616434 0.0213211 0.0199189 0.000912057 0.00501501 0.00307617 0.624328 0.00170122 0.0412931 0.000723705 0.00335899 0.000967761 5.54644e-05 0.007419 0.00650857 0.0577029 0.00738783 2.1872e-05 0.00597168 0.103808 0.00593189 0.00172718 
0.0600879 5.30091e-05 0.000273057 0.0521711 0.00613552 0.55249 0.000357517 0.00627339 0.00264333 0.0184906 0.000371053 8.96265e-05 0.00172524 0.000178429 5.23128e-05 2.30324e-05 0.0190172 0.00194567 0.0718068 0.0234301 1.01631e-07 0.127243 0.0523784 0.00274646 1.72568e-05 
0.118579 0.000106226 0.000967559 0.113837 0.0996447 0.0340319 0.00126397 0.00812661 0.0165808 0.0954883 0.00080586 0.00171179 0.000606033 0.0317226 0.0135509 3.76002e-05 0.0334578 0.0196974 0.0617959 0.021791 8.59122e-06 0.167828 0.110573 0.0290565 0.0187311 
1.60065e-07 1.38918e-07 1.33464e-10 2.39518e-08 0.982563 0.00603256 0.000602341 0.00128845 6.91371e-07 0.00498594 9.9837e-06 1.47811e-08 6.92403e-08 1.10293e-10 5.88359e-08 1.78237e-10 0.00152264 0.000493684 0.000233578 0.000185026 8.17767e-11 2.8904e-08 6.52753e-05 0.00201612 4.023e-08 
0.00857111 0.000651483 0.000391741 0.0184266 0.453433 0.083365 0.03249 0.0130061 0.00222033 0.0180118 0.00262023 5.20584e-05 0.00127781 2.89137e-05 0.000473992 0.000170566 0.00529979 0.21528 0.00204146 0.00235145 7.38258e-06 0.0254356 0.0979199 0.0136312 0.00284218 
0.129322 0.00112485 1.52738e-06 0.00370407 0.0101551 0.00412109 0.000158046 0.000376114 0.000277351 0.710238 0.000772642 0.0576865 0.00217527 7.00769e-06 2.85068e-05 7.54124e-06 0.00147991 0.0241129 0.00140775 0.0041471 8.86706e-08 0.00070596 0.0367285 0.00770308 0.00355871 
4.50791e-06 1.20913e-12 1.468e-12 2.91374e-08 0.000113467 7.30288e-10 0.00011939 7.9629e-09 1.66281e-06 0.00106455 2.1312e-05 5.7185e-05 8.91149e-10 6.29362e-10 4.17303e-07 0.998524 2.2787e-06 8.50033e-05 3.74191e-07 9.44643e-10 8.99483e-13 3.74394e-06 8.32039e-07 6.38576e-07 6.48996e-07 
0.0542301 5.28274e-06 5.75875e-07 0.0662777 0.00428857 0.103868 5.89965e-05 0.00121111 0.00545791 0.609956 0.00653774 0.00519858 0.0199747 1.65977e-05 8.93062e-06 1.46648e-08 0.0605245 0.000188447 0.00394419 0.033745 2.15965e-09 0.0150242 0.00842224 0.00105827 2.79214e-06 
0.00592821 0.000122587 6.7606e-06 0.00612366 0.599025 0.0176368 0.00917437 0.0406661 0.00462412 0.0986435 0.00238826 0.00023709 0.000500506 0.00045763 0.00106404 0.000505386 0.00524755 0.0627184 0.00033997 0.0138257 4.51777e-06 0.0357221 0.0421763 0.051962 0.000899727 
0.563738 2.3577e-09 2.86247e-09 0.21924 0.00135518 0.00216811 2.13901e-08 0.00712479 0.000795741 9.70855e-08 0.00862745 0.000483547 0.000931212 2.73008e-06 0.00984916 4.88577e-07 0.00873365 1.46131e-08 0.000362771 0.0268232 1.75392e-09 0.0893753 0.00844261 0.0483542 0.00359107 
0.029987 3.3159e-08 3.92128e-06 0.0894466 0.330712 0.00076802 0.00053693 0.301812 0.136921 0.010123 1.97684e-05 1.60782e-07 0.000159698 3.32691e-08 0.00135063 5.3764e-08 0.000435558 7.13173e-05 8.75883e-06 0.00169154 2.46674e-08 0.0377441 0.00457212 0.050803 0.00283339 
4.50791e-06 1.20913e-12 1.468e-12 2.91374e-08 0.000113467 7.30288e-10 0.00011939 7.9629e-09 1.66281e-06 0.00106455 2.1312e-05 5.7185e-05 8.91149e-10 6.29362e-10 4.17303e-07 0.998524 2.2787e-06 8.50033e-05 3.74191e-07 9.44643e-10 8.99483e-13 3.74394e-06 8.32039e-07 6.38576e-07 6.48996e-07 
0.0321669 0.000864225 5.38234e-05 0.0096628 0.0197583 0.123539 0.00571547 0.0197363 0.00566323 0.0070525 0.000488196 0.00583323 0.00432085 0.00356595 0.000917171 0.00054783 0.0644424 0.0082993 0.142674 0.00285753 4.44295e-05 0.123653 0.383975 0.0292921 0.00487633 
0.435796 3.49021e-05 1.95159e-05 0.00237461 0.0153033 0.00220361 0.00162002 0.0227165 0.00144849 0.0490497 0.00366148 0.104301 0.000574395 0.0303847 0.0167275 2.63618e-05 0.0330867 0.00147984 0.0621466 0.00140441 5.50638e-06 0.0168159 0.103011 0.0947198 0.00108786 
0.0238375 0.00400966 0.00024925 0.00641127 0.423732 0.0256747 0.221639 0.0159306 0.00531891 0.00369628 0.00266876 0.00648173 0.00376454 0.000104849 0.00344963 0.0144344 0.00368551 0.0634316 0.00463412 0.0115478 5.5323e-06 0.0125856 0.0456489 0.0961108 0.000946976 
0.435333 0.000170415 0.00197399 0.0723373 0.0146173 0.0177452 0.00212896 0.0085923 0.000871669 0.162627 0.00118476 0.0111995 0.00247486 2.31163e-05 0.028973 0.000258648 0.0119972 0.00169218 0.00731326 0.0147696 1.23292e-05 0.0130666 0.143484 0.0410295 0.00612403 
0.00119432 0.000176223 0.000427488 0.000136869 0.19599 0.165862 0.00804802 0.0437787 0.00246298 8.33022e-05 0.481987 1.18479e-05 0.00173304 2.83668e-06 0.000313382 1.82428e-05 0.0074541 0.0124704 0.00386538 0.000882849 2.07346e-10 0.00653286 0.0585047 0.00761933 0.000445104 
0.0147283 0.000527118 1.52965e-05 0.0172543 0.0294529 0.0102715 0.00488231 0.134519 0.00173516 0.0131249 0.00915194 0.000994479 0.00406573 0.024333 0.00426261 2.80701e-05 0.0362122 0.00609842 0.177295 0.00531297 1.14642e-05 0.0430913 0.152179 0.310197 0.00025494 
0.130774 0.000113639 4.58356e-09 0.00832869 3.49756e-06 0.0172754 6.31161e-06 0.00327517 0.000462685 1.8697e-05 0.000597943 0.0026568 0.00723199 1.4315e-06 1.34573e-06 6.12123e-09 0.0683927 1.10913e-07 0.00284068 0.742878 2.80847e-09 0.000856127 0.0141279 0.000156648 5.90473e-09 
0.0428483 2.74493e-09 3.33261e-09 0.0353562 0.0475787 5.66925e-07 1.77945e-06 0.729504 0.015334 1.87841e-06 4.66382e-06 1.29671e-05 0.000931403 2.75403e-09 0.00161434 4.45062e-09 3.27075e-06 0.00555452 0.000786426 0.00324736 2.04198e-09 0.000237199 0.0135913 0.100835 0.00255539 
4.50791e-06 1.20913e-12 1.468e-12 2.91374e-08 0.000113467 7.30288e-10 0.00011939 7.9629e-09 1.66281e-06 0.00106455 2.1312e-05 5.7185e-05 8.91149e-10 6.29362e-10 4.17303e-07 0.998524 2.2787e-06 8.50033e-05 3.74191e-07 9.44643e-10 8.99483e-13 3.74394e-06 8.32039e-07 6.38576e-07 6.48996e-07 
0.0904672 0.000149374 0.00330083 0.0806085 0.044393 0.0856381 0.00178153 0.00996894 0.015831 0.0168974 0.00529566 0.000683095 0.025171 0.000229492 0.000197356 0.000132199 0.00881374 0.00906213 0.017562 0.451895 6.51155e-06 0.0231805 0.0899155 0.0132386 0.0055808 
0.00880472 4.93795e-06 1.89626e-11 0.000363808 0.0342329 0.000401701 0.00108102 0.00365125 0.00012444 0.799068 0.00172863 0.070639 0.00026731 2.78695e-05 1.13075e-05 6.43892e-07 0.00110333 0.0186897 0.00124623 0.000128965 1.16189e-11 0.000344428 0.0299546 0.0281025 2.311e-05 
0.0102342 4.85361e-05 0.000298879 0.012423 0.458567 0.0405902 0.0700408 0.0248213 0.198285 0.00633296 0.00586519 3.16025e-05 0.00249466 0.00302311 0.000325409 0.000106001 0.00473559 0.0256035 0.0344811 0.00611549 3.19759e-06 0.0320181 0.047467 0.0119903 0.0040981 
0.0267651 0.00053844 0.000755404 0.0611807 0.0879705 0.0133908 0.00824254 0.0474127 0.0210641 0.0422839 0.00602895 0.00330367 0.005553 0.000131813 0.0735833 0.000252601 0.00781306 0.00540568 0.00757026 0.0335987 3.87692e-05 0.0144657 0.0403915 0.485642 0.00661682 
0.0184597 4.45006e-06 0.0776183 0.0328584 0.0861759 0.304126 0.00583882 0.106071 0.0119453 0.000756044 0.0152262 0.000334037 0.0342124 0.00026496 0.00273519 2.44507e-06 0.0220814 0.00597469 0.109692 0.0227996 1.04184e-06 0.100798 0.0326929 0.00917009 0.000160164 
0.00880472 4.93795e-06 1.89626e-11 0.000363808 0.0342329 0.000401701 0.00108102 0.00365125 0.00012444 0.799068 0.00172863 0.070639 0.00026731 2.78695e-05 1.13075e-05 6.43892e-07 0.00110333 0.0186897 0.00124623 0.000128965 1.16189e-11 0.000344428 0.0299546 0.0281025 2.311e-05 
0.132263 9.68741e-05 0.00157784 0.22325 0.0572751 0.0254541 0.00705928 0.0399476 0.0115212 0.0232864 0.00490673 0.0031157 0.0244876 0.00148751 0.01091 4.46105e-05 0.0598968 0.0144434 0.0264723 0.0496855 1.17653e-05 0.0850661 0.15505 0.039979 0.00271123 
0.000819252 1.3078e-05 0.00111303 0.00645808 0.0225893 0.0135266 0.000738061 0.00119651 0.000650766 0.000572206 0.628579 0.204198 0.0437189 0.000154064 1.65958e-05 5.05567e-06 0.000780519 4.3797e-05 0.00332434 0.0443666 1.31625e-06 0.0239477 0.0016682 0.00150544 1.32361e-05 
0.094487 3.74508e-07 4.23345e-07 0.252553 0.0831708 0.0144411 0.001628 0.0137004 0.00436428 0.00161147 9.93593e-05 7.74965e-08 0.000111156 6.16125e-07 0.00262583 3.56066e-07 0.128322 0.146146 1.9372e-07 0.15429 1.20619e-10 0.0189506 0.00676742 0.0767286 1.906e-07 
0.0295563 2.50499e-06 1.05196e-06 0.0671229 0.178328 0.0610872 0.00324609 0.0311291 0.00124146 0.00306598 0.000746624 0.00382721 0.0174307 0.000160573 0.00112082 1.51579e-05 0.00436858 1.03128e-05 0.0030431 0.00121527 7.73056e-07 0.220011 0.300082 0.0701573 0.00302984 
0.0188557 0.00252768 4.26612e-06 0.0173088 0.130878 0.319102 0.0153509 0.159575 0.030331 0.0068379 0.00251309 0.0028938 0.00564824 0.00042867 0.00162805 3.70794e-05 0.0209141 0.0205921 0.0348505 0.0128335 3.02517e-06 0.0423649 0.136151 0.0178286 0.000542682 
0.0292046 1.64293e-05 0.000149803 0.0136763 0.160602 0.463857 0.00179495 0.0647174 0.00447644 0.0115041 0.00172727 0.00539142 0.00173767 0.00205195 0.000659762 2.12607e-05 0.0152681 0.000213181 0.0395888 0.0747477 3.59829e-06 0.0381868 0.0545953 0.0157624 4.5295e-05 
0.00235244 0.00051178 5.55001e-09 0.297541 0.0831075 0.212312 0.0077859 0.0277484 0.043739 3.067e-06 0.00457769 6.04693e-07 0.00256649 4.6621e-06 0.000964804 4.074e-07 0.000219857 1.93063e-07 0.0248547 0.0022279 3.40064e-09 0.0972276 0.191309 0.000238308 0.000705958 
0.218553 0.00054382 3.10562e-06 0.00790126 0.122092 0.0103083 0.00378063 0.00232381 0.00630335 0.00514139 0.000456586 0.398105 0.000421732 0.00043962 0.00102983 7.35394e-06 0.00345704 4.5402e-05 0.0163638 0.000400615 5.40006e-08 0.0387525 0.0159345 0.0675608 0.0800737 
0.0199534 9.12009e-05 2.34797e-05 0.00439723 0.159158 0.00701997 0.002058 0.477387 0.0201729 0.0373668 0.000188529 0.0392731 0.00451586 2.36705e-05 0.0954638 0.000185737 0.00884127 0.0337466 0.0114076 0.00493649 5.08008e-06 0.00101921 0.0117314 0.0588345 0.0021992 
0.00652138 0.00750603 0.00305551 0.018488 0.17662 0.0263574 0.598393 0.0215049 0.0121129 0.00148279 0.000205011 3.89298e-05 0.000282247 5.09345e-05 0.000330866 8.9018e-05 0.00361338 0.0194681 0.0102109 0.00653337 1.14996e-06 0.0104424 0.0468314 0.0230258 0.00683369 
