0.451554 0.00650547 4.99484e-09 5.47202e-06 1.09315e-05 1.33665e-06 2.57431e-06 1.28307e-05 1.26663e-09 0.0334362 0.15231 8.09268e-10 1.03971e-09 4.12768e-09 3.04593e-09 0.00147748 0.0156351 1.59348e-06 0.0303576 9.91409e-10 0.0011244 7.02841e-10 0.307549 1.54448e-05 2.86223e-09 
0.024184 3.1147e-08 4.90709e-05 1.61813e-05 3.41031e-05 9.77376e-06 1.35427e-05 4.80575e-05 2.91832e-05 4.4088e-06 1.29355e-05 3.4463e-06 5.94742e-05 3.12503e-08 0.00956846 5.05016e-08 0.00010686 0.000349756 5.91715e-09 9.89228e-06 2.31706e-08 5.32114e-09 0.0879419 0.877559 2.16697e-08 
0.347443 0.0114209 5.07346e-09 0.00361335 0.0811132 0.123573 0.0735491 0.071432 0.0764586 0.000575599 0.0305754 4.0307e-06 1.05608e-09 4.19266e-09 3.09388e-09 0.0002106 0.107612 0.00015107 0.0169373 0.0280587 0.000129377 7.13904e-10 7.31772e-06 0.0254451 0.00169024 
7.05852e-05 1.54586e-06 1.71949e-07 0.0194643 0.0012885 7.87606e-07 0.0002273 3.57034e-05 4.36043e-08 0.0232104 3.95725e-05 6.97883e-06 0.00262332 1.27834e-05 0.00787331 2.29634e-07 2.56016e-08 3.18879e-06 2.69056e-08 7.98642e-06 1.16716e-05 2.41955e-08 1.74367e-05 0.944921 0.000183005 
2.88857e-08 2.40474e-08 3.35546e-12 1.37171e-08 0.55281 1.85402e-08 0.00774251 0.00121131 0.00130224 0.00033521 0.0135986 8.31843e-09 6.98465e-13 1.05398e-08 2.31243e-08 1.16554e-08 2.57796e-08 0.421236 5.25043e-13 6.66014e-13 2.05598e-12 4.72158e-13 1.51409e-08 0.00176364 1.84609e-08 
0.00578976 1.37447e-07 1.66874e-07 0.656697 0.00434497 0.103003 5.64501e-05 0.0645336 0.0205664 0.138674 7.15953e-08 2.7037e-08 3.4736e-08 1.37903e-07 1.01762e-07 2.22856e-07 0.00522135 8.48098e-06 2.7183e-05 3.02319e-06 1.02248e-07 2.34814e-08 0.00102213 5.15667e-05 9.56249e-08 
0.000405842 1.98694e-05 2.30083e-06 0.0035008 0.0748679 0.000127703 7.50061e-05 0.539367 0.195205 0.0395492 2.39881e-06 1.81497e-06 4.43908e-05 1.01758e-06 1.95133e-05 0.0282405 2.58695e-06 0.000780852 0.000359841 0.000352436 1.68646e-06 2.67125e-08 0.0113615 0.105706 4.96292e-06 
0.00238874 0.000460356 7.12036e-07 0.335559 0.110895 0.00150259 0.000871823 0.00784261 0.321554 0.015659 0.00125985 1.15365e-07 1.48216e-07 5.88419e-07 4.34211e-07 9.50906e-07 0.000836349 4.81992e-05 0.000249125 0.0768487 4.36284e-07 1.00193e-07 0.000678531 0.0404916 0.0828507 
3.43599e-10 1.83167e-08 2.93029e-11 0.00013144 0.860619 0.000846888 0.0216105 0.00227028 0.0087474 0.000222093 0.000987859 0.00022436 7.79882e-05 3.31288e-09 0.000356556 8.90284e-09 3.02637e-05 0.0923956 4.54776e-06 2.68721e-06 1.79547e-11 4.12331e-12 7.75106e-08 0.000190945 0.0112818 
2.88857e-08 2.40474e-08 3.35546e-12 1.37171e-08 0.55281 1.85402e-08 0.00774251 0.00121131 0.00130224 0.00033521 0.0135986 8.31843e-09 6.98465e-13 1.05398e-08 2.31243e-08 1.16554e-08 2.57796e-08 0.421236 5.25043e-13 6.66014e-13 2.05598e-12 4.72158e-13 1.51409e-08 0.00176364 1.84609e-08 
2.88857e-08 2.40474e-08 3.35546e-12 1.37171e-08 0.55281 1.85402e-08 0.00774251 0.00121131 0.00130224 0.00033521 0.0135986 8.31843e-09 6.98465e-13 1.05398e-08 2.31243e-08 1.16554e-08 2.57796e-08 0.421236 5.25043e-13 6.66014e-13 2.05598e-12 4.72158e-13 1.51409e-08 0.00176364 1.84609e-08 
6.40606e-07 6.45308e-10 7.83467e-10 0.000493431 0.00339681 4.00275e-06 9.43416e-05 0.0032632 0.000406903 1.89973e-10 0.0252303 4.58528e-07 0.0138198 3.89766e-08 5.93882e-05 1.0463e-09 0.887178 0.000391817 2.91038e-06 0.000196342 3.58099e-07 1.10244e-10 4.47393e-06 0.0654567 4.48956e-10 
0.0356147 8.44293e-05 6.99175e-07 0.000208218 9.52569e-05 0.00298138 1.62325e-07 0.000459111 9.87504e-05 0.000207754 2.99973e-07 0.000587644 1.45539e-07 0.000887783 0.00337267 9.33731e-07 1.04101e-07 9.77512e-05 1.09403e-07 0.000477762 0.00128152 9.83833e-08 0.0042772 0.949013 0.000252319 
0.0303338 0.000147108 2.13852e-07 6.70787e-05 0.000105947 0.000124388 0.00123376 2.47476e-06 5.42304e-08 2.70637e-05 9.17509e-08 0.000213987 0.0211236 1.76725e-07 8.16305e-06 2.85594e-07 3.18406e-08 1.05317e-05 0.000848416 4.24468e-08 1.15813e-05 3.00919e-08 0.000700253 0.945021 1.9755e-05 
0.000141173 3.99944e-05 4.57079e-06 0.0501601 4.13745e-05 0.00541335 1.06118e-06 9.62789e-05 4.37484e-05 9.07968e-05 1.96105e-06 2.76276e-05 9.51445e-07 0.000387102 0.00145979 6.10418e-06 6.80547e-07 4.26613e-05 0.000471602 0.000207268 2.80065e-06 6.43171e-07 0.00582633 0.935421 0.000111463 
0.00110348 0.099682 6.25836e-09 1.3169e-06 0.210774 3.78592e-06 0.000562703 0.0297908 1.56866e-06 0.00196921 5.51336e-06 0.000940561 0.00173039 6.43517e-07 1.24033e-06 8.35789e-09 0.00321028 1.79955e-06 0.000157913 1.82084e-06 7.72949e-07 8.80635e-10 0.009504 0.640556 2.24909e-07 
3.56398e-05 3.35428e-05 2.59108e-09 3.63703e-06 0.0238547 5.03527e-05 0.000770643 0.00315537 1.77791e-06 0.00156926 0.00497022 0.000216185 5.39353e-10 2.14124e-09 0.00112679 4.41801e-05 3.24068e-06 0.000232382 2.21532e-07 1.03228e-05 4.07129e-06 3.64599e-10 0.0129006 0.951001 1.53879e-05 
0.0426029 1.44368e-05 1.75277e-05 0.915403 0.000336208 0.00658535 4.06935e-06 0.000995594 0.00016957 0.000985432 7.52008e-06 0.000146021 3.64854e-06 1.44847e-05 1.06887e-05 0.000270454 0.000861322 0.000122045 0.000927026 3.47902e-06 1.07397e-05 2.46639e-06 0.027693 0.0028029 1.00441e-05 
0.0937122 7.66454e-05 8.07694e-08 0.0435843 0.013594 0.00320725 1.4458e-05 0.218249 0.000484629 1.48529e-05 4.05379e-05 0.000170419 0.0026482 6.6747e-08 0.309922 1.07866e-07 0.00223933 2.33147e-05 5.11778e-06 0.00148475 3.01758e-05 1.13653e-08 0.0958778 0.214574 4.67863e-05 
0.0034625 0.000825918 3.18128e-08 0.00681567 0.000610004 1.92179e-07 1.6012e-06 3.81687e-06 0.000250478 0.000309613 1.36489e-08 1.11742e-06 1.88379e-06 2.62898e-08 3.59808e-06 4.24852e-08 0.00718073 7.67498e-07 6.80677e-07 0.00304349 3.81877e-06 4.47649e-09 3.86854e-07 0.977474 9.88025e-06 
1.32091e-07 8.48275e-09 1.02989e-08 8.10772e-06 0.33757 0.00158067 0.0516428 0.00017031 5.7384e-05 1.93882e-05 0.000186141 0.00016962 1.13607e-06 8.51089e-09 5.07741e-05 1.37539e-08 1.17237e-05 0.0801675 1.67129e-06 2.04419e-09 0.00333733 1.44919e-09 2.35555e-07 0.524833 0.000191986 
0.00523296 8.48732e-06 3.73337e-10 3.94935e-06 0.0707387 0.00283572 2.27967e-06 2.60769e-06 9.46738e-11 4.03754e-06 3.78031e-06 0.000920006 5.75154e-07 1.11099e-06 0.241021 4.98582e-10 1.87331e-06 1.28857e-06 0.322833 8.0779e-07 6.63613e-07 5.25335e-11 0.0118865 0.344499 1.7331e-06 
0.10483 2.92575e-06 4.95234e-09 6.28571e-06 0.00688607 1.17657e-05 1.75341e-05 1.90783e-05 6.58052e-06 1.20083e-09 3.40353e-05 8.02384e-10 0.00616324 2.12344e-05 1.72206e-05 4.76231e-06 0.036727 1.17181e-06 1.31901e-06 6.00899e-06 8.07379e-06 6.96861e-10 0.0190501 0.826186 2.83788e-09 
0.451554 0.00650547 4.99484e-09 5.47202e-06 1.09315e-05 1.33665e-06 2.57431e-06 1.28307e-05 1.26663e-09 0.0334362 0.15231 8.09268e-10 1.03971e-09 4.12768e-09 3.04593e-09 0.00147748 0.0156351 1.59348e-06 0.0303576 9.91409e-10 0.0011244 7.02841e-10 0.307549 1.54448e-05 2.86223e-09 
8.55349e-07 3.96305e-08 4.81153e-08 4.39335e-07 4.85699e-06 2.52556e-06 1.29677e-06 1.74579e-06 3.79328e-06 1.16669e-08 0.999021 3.15471e-06 0.00075577 3.9762e-08 2.93415e-08 6.42568e-08 0.000105315 1.44105e-05 1.34697e-06 2.04642e-06 2.31812e-07 6.77047e-09 7.3703e-05 3.27189e-06 4.06487e-06 
0.000694387 4.68763e-08 4.3838e-08 0.000391091 0.53375 0.00097135 0.0083383 0.000928853 0.000458797 0.0271772 0.000665574 9.80754e-05 1.15518e-08 7.29802e-05 0.000893484 2.2937e-08 0.00193755 0.350417 0.000213903 5.77405e-08 0.0583556 3.92121e-09 0.000389258 0.0142348 1.08068e-05 
0.00263942 3.8776e-05 9.81044e-07 0.00186216 0.00322483 1.92014e-07 0.0031512 0.0389515 0.000531042 0.484601 0.0001338 2.58319e-07 0.00153868 0.000274435 0.000127095 1.64936e-09 0.00198981 0.000314595 0.0054855 0.00906257 7.56742e-10 1.73787e-10 0.00701436 0.43782 0.00123751 
3.54111e-06 0.207076 2.45151e-09 1.67352e-06 0.40122 9.31611e-07 0.0025257 0.105648 6.21674e-10 6.14381e-07 2.45472e-05 0.00121691 0.00200626 2.0259e-09 1.49497e-09 6.90833e-07 3.65007e-10 0.000430753 3.05158e-06 2.76208e-06 6.58706e-07 3.44961e-10 0.0238862 0.255952 1.40481e-09 
2.88857e-08 2.40474e-08 3.35546e-12 1.37171e-08 0.55281 1.85402e-08 0.00774251 0.00121131 0.00130224 0.00033521 0.0135986 8.31843e-09 6.98465e-13 1.05398e-08 2.31243e-08 1.16554e-08 2.57796e-08 0.421236 5.25043e-13 6.66014e-13 2.05598e-12 4.72158e-13 1.51409e-08 0.00176364 1.84609e-08 
0.0112415 6.41182e-06 6.10517e-07 0.00849272 0.0862187 0.000279829 0.0050848 0.0038749 0.000466162 0.00385575 0.000576008 5.59485e-08 0.00255372 5.04525e-07 0.0156922 9.27978e-10 0.00191693 0.000891701 6.1852e-08 0.00252264 1.63594e-07 9.77771e-11 0.00450352 0.848357 0.00346438 
0.00555466 1.43985e-07 1.74811e-07 0.0194139 0.0343899 0.0209591 2.57835e-05 0.0151691 0.0270021 5.21678e-05 0.000198205 6.08797e-05 0.000116037 5.76027e-05 0.0282285 2.33456e-07 0.000434512 0.000211804 0.00196996 0.0202041 1.07112e-07 2.45983e-08 0.00926189 0.816689 1.00174e-07 
0.109037 0.0381386 3.04461e-06 0.0212306 0.0631737 3.63398e-06 0.00103944 0.0708769 0.000108327 0.00679391 0.00152338 0.000312238 0.181026 2.20163e-09 6.08346e-06 3.55792e-09 0.0509478 9.28908e-07 0.0277761 0.00277832 5.16312e-06 3.74883e-10 0.00298034 0.421874 0.000364498 
0.170572 1.24915e-09 0.00100787 0.0803334 0.141873 9.30539e-07 0.00121619 0.229667 0.0113777 0.00686905 6.50676e-10 3.59721e-07 1.79225e-06 1.25329e-09 3.79764e-07 2.32343e-06 9.61318e-06 0.000572449 2.37307e-10 5.41283e-06 9.29255e-10 2.13404e-10 0.16626 0.190231 8.69063e-10 
0.279241 9.36001e-05 1.08187e-06 0.00300411 0.0397409 5.17454e-06 0.000119223 0.00405664 0.01472 0.00413872 2.60929e-05 4.1581e-06 0.00158106 8.94044e-07 0.0273616 1.44481e-06 0.00156892 0.000494828 5.71992e-05 0.0945566 6.62889e-07 1.52233e-07 1.76951e-05 0.526303 0.00290559 
0.0419297 6.94723e-05 1.03176e-06 0.35879 0.00749927 1.21538e-05 1.86713e-05 2.1211e-05 2.61642e-07 0.0109415 3.10074e-05 3.88421e-06 0.0274468 9.83312e-06 2.41917e-05 1.37789e-06 0.00228073 1.05218e-05 0.31106 6.73565e-06 6.32187e-07 1.45182e-07 0.239081 3.77928e-05 0.000722275 
0.0274613 8.14598e-06 3.17439e-07 0.00581563 0.0389566 2.03855e-06 0.000337781 0.000814993 0.000518824 0.000349472 0.00012297 0.000200897 0.000729684 2.62329e-07 0.00347063 1.0433e-05 0.000947855 0.00021414 8.43942e-06 0.00335661 2.83494e-05 4.4668e-08 0.0118793 0.904 0.000765589 
7.5316e-07 2.40706e-07 2.24627e-10 3.83696e-07 0.358041 2.22961e-06 0.0126212 0.0538543 0.013044 2.12476e-07 1.77329e-05 8.73829e-08 0.00257408 1.8563e-10 7.94631e-07 2.99984e-10 0.00955399 0.208938 0.00556851 1.8013e-06 1.79063e-07 3.16081e-11 4.85113e-08 0.335781 1.2872e-10 
5.96025e-07 8.07226e-07 1.42015e-10 1.56876e-07 0.476667 9.3305e-08 9.26525e-07 0.00232423 8.28666e-08 0.0397759 2.74247e-07 0.000593001 2.95616e-11 1.1736e-10 8.66033e-11 0.000461552 0.000277627 1.16642e-05 9.3778e-07 4.31308e-07 8.70167e-11 1.99835e-11 0.00338459 0.476499 1.03361e-06 
0.00230122 1.1862e-09 1.44016e-09 3.11583e-07 0.0014503 4.51782e-07 3.34356e-10 0.000929128 3.65207e-10 0.894084 1.69178e-06 1.58487e-07 0.00569044 4.3444e-06 0.000807104 1.92329e-09 0.000558103 1.60998e-07 0.000393889 0.0701591 8.82423e-10 2.02649e-10 0.00196964 0.0214971 0.000153078 
2.9054e-06 2.13041e-05 1.24774e-05 0.00274222 0.870962 0.00246243 0.00159207 0.000529607 0.0640984 0.00147816 0.00351098 7.5243e-05 0.0047938 1.23685e-07 0.00499417 1.71849e-08 0.000809846 0.000697248 0.00435358 0.0235816 7.88457e-09 1.8107e-09 0.00230532 5.92647e-05 0.0109173 
0.0842004 6.35429e-10 7.71472e-10 0.0119568 0.0200149 0.000267934 5.19598e-07 0.0415285 9.39247e-07 0.0552285 0.0150054 1.24995e-10 1.28487e-06 6.37537e-10 1.97639e-06 1.03028e-09 4.06633e-06 3.01074e-07 0.054429 3.21719e-07 4.72702e-10 1.08557e-10 0.035534 0.681825 5.75151e-07 
0.0204195 1.02044e-07 1.23891e-07 0.0236262 0.0389848 3.34723e-06 0.00960396 0.0028098 0.191918 0.254538 5.3154e-08 0.000193911 9.5462e-06 1.02382e-07 0.00019121 1.65453e-07 1.84462e-08 6.87789e-06 5.46134e-05 0.000640045 5.04449e-06 1.74331e-08 0.00159877 0.455396 7.09942e-08 
0.136331 2.17087e-09 2.63564e-09 0.325672 0.00397625 0.013515 0.0348122 0.0313661 0.00683874 0.00533953 1.13079e-09 8.63643e-07 0.0104919 1.41891e-06 0.119013 3.51984e-09 0.00147392 0.00328677 0.0203583 0.0523355 2.57302e-05 3.70871e-10 0.235142 1.18387e-05 6.90477e-06 
0.026512 1.47997e-05 2.41623e-05 0.000697313 0.000602292 0.00237266 1.08706e-05 0.000141741 0.000183198 0.001335 7.02455e-06 0.000241309 9.89386e-06 0.00166048 0.000397224 1.14454e-07 7.28772e-06 1.15132e-05 2.45111e-06 0.00176858 0.000144702 1.20596e-08 0.0041894 0.95961 5.61865e-05 
2.8312e-05 3.03176e-06 5.7854e-09 2.08001e-06 0.00626466 7.02339e-07 0.000268276 0.0083435 1.46711e-09 0.000596579 5.58353e-06 3.91694e-05 0.000252874 7.85731e-07 0.00457201 7.72626e-09 3.82429e-06 2.62666e-06 0.000286869 1.12171e-07 0.000191354 8.14084e-10 0.0020133 0.976683 0.000441307 
1.87239e-06 7.73056e-07 9.38566e-07 0.0237082 0.101867 0.0064977 0.00209679 0.00805093 0.000510917 1.39684e-06 0.000253294 5.36698e-05 0.00020221 0.00746337 0.00560801 0.0120516 0.2197 0.00550396 0.000116601 0.000378353 0.000138763 1.32069e-07 0.0012601 0.604513 2.07078e-05 
0.0298441 8.59082e-05 8.45504e-08 3.91008e-05 0.0176784 6.93919e-06 2.99082e-05 1.05425e-05 0.000133715 0.00371507 0.000107873 1.36989e-08 3.1619e-06 1.79026e-06 0.000265478 1.12915e-07 0.0578162 4.59032e-06 1.76037e-05 0.0602662 5.18063e-08 1.18974e-08 4.71633e-06 0.829942 2.63626e-05 
0.0551142 2.40675e-05 6.00537e-08 0.135714 3.72092e-06 0.00189016 3.19984e-06 0.0105162 0.000361923 1.45617e-08 7.76219e-06 6.53412e-06 0.0124361 1.46714e-06 0.0054305 8.02003e-08 2.64335e-07 1.66155e-06 0.000725527 0.767856 4.26967e-05 8.45037e-09 0.0037021 0.00616089 3.44131e-08 
7.43522e-06 1.42947e-07 1.73551e-07 3.60682e-05 0.96358 0.00572539 0.000361007 0.000772592 5.27821e-05 4.20823e-08 0.0060386 2.81189e-08 1.73218e-06 1.43421e-07 4.54598e-06 2.31773e-07 0.00967834 3.21716e-06 1.53267e-06 3.63955e-05 1.0634e-07 2.4421e-08 2.05799e-05 0.0094792 0.00419987 
0.000144854 3.30151e-08 4.00836e-08 0.000227305 0.000307204 0.000749191 0.000229869 4.37965e-05 1.01647e-08 0.000165239 1.71974e-08 6.49438e-09 8.34371e-09 4.972e-05 0.144944 5.35306e-08 0.000492968 8.30109e-05 0.851529 0.000237098 2.45603e-08 5.6403e-09 0.000553204 0.000225366 1.83985e-05 
0.0538622 5.78545e-05 3.38716e-05 0.310138 2.11e-05 0.283736 4.66105e-06 3.58992e-06 0.242227 0.0241514 4.51849e-09 2.30737e-07 8.79773e-05 8.70325e-09 0.0103237 1.40648e-08 1.66202e-05 1.08525e-06 0.0062941 0.0690136 6.45303e-09 1.48194e-09 7.59909e-06 7.51108e-06 1.18638e-05 
0.00061349 2.05749e-06 2.49799e-06 0.00199138 0.00459179 0.00211325 5.79949e-07 0.00809553 0.00304123 6.05706e-07 1.07173e-06 4.04726e-07 5.19976e-07 2.06431e-06 0.0071611 3.336e-06 0.00111615 0.0021494 3.90871e-07 4.95817e-07 1.53058e-06 3.515e-07 7.71621e-05 0.96803 0.00100344 
0.00456856 1.42615e-09 3.51169e-06 2.28584e-07 0.217001 0.00109371 1.68417e-06 0.386753 4.39084e-10 0.0444029 7.42874e-10 2.80537e-10 0.01431 1.43088e-09 2.11978e-05 1.83469e-06 6.34846e-07 3.33529e-07 0.102377 3.43677e-10 7.32723e-06 2.43643e-10 3.54136e-06 0.229453 9.92207e-10 
0.0303338 0.000147108 2.13852e-07 6.70787e-05 0.000105947 0.000124388 0.00123376 2.47476e-06 5.42304e-08 2.70637e-05 9.17509e-08 0.000213987 0.0211236 1.76725e-07 8.16305e-06 2.85594e-07 3.18406e-08 1.05317e-05 0.000848416 4.24468e-08 1.15813e-05 3.00919e-08 0.000700253 0.945021 1.9755e-05 
0.00369103 1.34167e-06 4.41396e-11 6.46138e-09 0.387251 0.00161248 0.474856 0.00663066 0.115335 3.72833e-06 7.00525e-06 7.15154e-12 3.69906e-08 0.000111997 9.68417e-08 5.75638e-08 0.00807835 0.00185025 0.000244906 6.86596e-08 1.5833e-07 6.21103e-12 4.48568e-07 0.00032268 1.79571e-06 
0.024184 3.1147e-08 4.90709e-05 1.61813e-05 3.41031e-05 9.77376e-06 1.35427e-05 4.80575e-05 2.91832e-05 4.4088e-06 1.29355e-05 3.4463e-06 5.94742e-05 3.12503e-08 0.00956846 5.05016e-08 0.00010686 0.000349756 5.91715e-09 9.89228e-06 2.31706e-08 5.32114e-09 0.0879419 0.877559 2.16697e-08 
0.00620355 1.78282e-05 4.32763e-06 1.23243e-05 0.00803067 0.00638401 1.10561e-05 1.56161e-05 1.65459e-05 0.0385827 0.462039 4.30579e-05 0.0203841 5.22757e-06 5.21921e-05 2.35695e-05 0.0275817 7.97926e-05 0.231411 8.58976e-07 2.65165e-06 6.08955e-07 7.49886e-06 0.198562 0.000527817 
0.00263942 3.8776e-05 9.81044e-07 0.00186216 0.00322483 1.92014e-07 0.0031512 0.0389515 0.000531042 0.484601 0.0001338 2.58319e-07 0.00153868 0.000274435 0.000127095 1.64936e-09 0.00198981 0.000314595 0.0054855 0.00906257 7.56742e-10 1.73787e-10 0.00701436 0.43782 0.00123751 
2.88857e-08 2.40474e-08 3.35546e-12 1.37171e-08 0.55281 1.85402e-08 0.00774251 0.00121131 0.00130224 0.00033521 0.0135986 8.31843e-09 6.98465e-13 1.05398e-08 2.31243e-08 1.16554e-08 2.57796e-08 0.421236 5.25043e-13 6.66014e-13 2.05598e-12 4.72158e-13 1.51409e-08 0.00176364 1.84609e-08 
0.00693943 1.11826e-05 1.66488e-07 8.07198e-05 0.000109078 0.000266007 8.16482e-05 1.55682e-05 2.52566e-06 5.87036e-05 1.21539e-05 2.69746e-08 3.46559e-08 1.77784e-05 0.000256117 2.22341e-07 0.000175046 0.00146021 0.0145733 0.00222349 1.02012e-07 2.34272e-08 0.000196416 0.97352 9.54042e-08 
1.46132e-06 0.00246175 2.70348e-09 0.0149431 0.442499 0.00623282 0.000709778 0.00609866 0.000273386 8.3483e-05 0.000276914 1.66807e-07 1.57925e-05 8.85278e-07 0.433714 3.61043e-09 3.27446e-05 0.0712269 4.23025e-10 0.00118285 2.23323e-08 3.80416e-10 0.0175 0.0027453 1.27902e-06 
0.000694387 4.68763e-08 4.3838e-08 0.000391091 0.53375 0.00097135 0.0083383 0.000928853 0.000458797 0.0271772 0.000665574 9.80754e-05 1.15518e-08 7.29802e-05 0.000893484 2.2937e-08 0.00193755 0.350417 0.000213903 5.77405e-08 0.0583556 3.92121e-09 0.000389258 0.0142348 1.08068e-05 
9.81375e-06 0.0658077 8.58393e-09 5.08366e-06 8.32797e-06 0.00243724 2.49133e-05 0.0104003 6.31482e-06 2.49978e-06 3.68284e-09 1.39078e-09 1.78681e-09 1.63225e-05 5.23462e-09 1.14636e-08 1.27806e-09 4.72394e-06 1.34316e-09 1.70379e-09 5.2596e-09 1.20787e-09 1.1348e-05 0.921208 5.75562e-05 
0.00293144 1.39754e-06 1.69675e-06 0.0328715 0.00213845 0.000106911 0.000290454 0.0286131 0.81252 9.77743e-05 0.000184831 2.74908e-07 0.000136963 1.40217e-06 1.0347e-06 2.26596e-06 0.000161856 7.74533e-06 2.65497e-07 0.0461977 1.03964e-06 2.38755e-07 8.75601e-05 0.0736432 9.723e-07 
3.18809e-07 7.23018e-10 8.77814e-10 0.000941618 0.0226819 0.0524611 0.000289468 0.895766 0.00136885 0.00257793 3.76616e-10 6.86774e-09 8.82338e-09 2.06546e-07 0.00204606 0.00330729 0.00346108 6.56216e-07 1.37355e-10 1.56719e-07 3.88242e-06 1.2352e-10 0.00362202 0.011471 8.03962e-07 
0.026512 1.47997e-05 2.41623e-05 0.000697313 0.000602292 0.00237266 1.08706e-05 0.000141741 0.000183198 0.001335 7.02455e-06 0.000241309 9.89386e-06 0.00166048 0.000397224 1.14454e-07 7.28772e-06 1.15132e-05 2.45111e-06 0.00176858 0.000144702 1.20596e-08 0.0041894 0.95961 5.61865e-05 
0.210283 0.0302983 7.11883e-07 0.285029 0.102103 0.00691318 0.000159351 0.0339003 0.00160291 1.72616e-07 0.0596409 4.72716e-06 0.0569931 5.88293e-07 1.90262e-06 7.62114e-05 0.0775353 0.000345414 1.11391e-07 0.08355 4.3619e-07 1.00172e-07 0.0014361 0.0499877 0.000137859 
0.265502 8.67909e-07 9.87041e-05 0.0732781 0.00472851 0.000379244 0.00630431 0.0112034 0.00451379 0.0523928 5.70391e-06 2.57731e-05 0.00322194 8.70789e-07 0.0221152 0.00129989 3.84708e-07 0.0004337 7.23132e-05 0.00870619 6.45647e-07 1.48273e-07 0.0165654 0.516506 0.0126441 
0.0143043 0.0089903 2.14077e-08 0.251558 0.0112772 0.00380147 0.000632063 0.0101883 6.86967e-05 0.00853124 9.18475e-09 5.29342e-05 0.00106191 1.76911e-08 0.00870354 2.85895e-08 0.000208922 0.00563083 7.49369e-05 0.00222839 0.000146237 3.01235e-09 0.00121187 0.642169 0.0291603 
0.00265968 7.96007e-07 9.6643e-07 0.0012113 0.280993 0.0035627 0.00386486 0.0211735 0.0197852 3.48541e-05 0.65188 6.22799e-06 2.0117e-07 7.98648e-07 5.89345e-07 5.11524e-06 0.00355636 0.00895831 0.000629766 0.00061798 5.92158e-07 1.3599e-07 0.000360537 0.0002989 0.000397358 
0.0305349 3.31936e-05 4.7064e-08 0.193426 0.0537241 0.0140578 0.00542729 0.0487028 0.00229153 0.0150579 1.47875e-05 0.000401561 0.00891544 0.000241984 0.00868949 6.28528e-08 0.00140908 0.00403502 0.0238655 0.00122214 2.88374e-08 6.62253e-09 0.0411182 0.546413 0.000417703 
0.000157847 1.16334e-05 9.80502e-07 0.00415399 0.0113298 0.000143843 6.21347e-06 0.0171016 0.0119754 0.00120134 4.20674e-07 6.47785e-05 0.000326497 8.10277e-07 0.000394718 5.43954e-06 0.00043928 9.75989e-06 0.000115616 0.000141717 6.146e-05 1.3797e-07 0.00494112 0.945899 0.00151701 
1.50137e-05 0.000837608 1.67642e-09 3.13815e-06 0.0256922 9.57656e-07 0.00104098 0.0118983 3.75884e-06 0.000630466 7.19251e-10 3.3039e-07 3.35057e-06 1.38538e-09 5.41971e-06 0.00355868 7.12028e-06 1.53043e-07 5.13912e-07 2.26666e-07 3.50049e-05 2.35895e-10 1.83631e-05 0.956248 9.60655e-10 
1.17422e-05 7.48142e-09 9.08317e-09 0.0544571 0.1256 9.46448e-08 1.91806e-07 0.285904 0.126336 0.0167574 3.89704e-09 1.47166e-09 1.89073e-09 7.50624e-09 7.3176e-06 4.88569e-06 6.99941e-07 5.73093e-07 1.42128e-09 3.10611e-06 5.56551e-09 1.27812e-09 0.0138267 0.377043 4.75051e-05 
0.00154931 8.08744e-05 8.89879e-08 8.89626e-06 0.00382142 0.000173986 8.85558e-07 8.77498e-05 0.00514643 1.4876e-05 3.81793e-08 0.000407741 1.85235e-08 7.35387e-08 0.00213167 1.18841e-07 1.32494e-08 1.88627e-05 2.13127e-05 0.000121374 5.45253e-08 1.25218e-08 6.65531e-05 0.985937 0.000410355 
0.00182003 6.04744e-05 3.39892e-09 0.00177554 0.0792188 1.31735e-05 0.000550437 0.171167 0.0404523 0.0011261 3.9762e-06 8.92432e-08 0.00121538 2.80883e-09 0.0553607 4.53917e-09 0.00013279 0.00378949 0.00142771 0.0192754 4.64209e-05 4.78273e-10 0.124665 0.497896 3.79787e-06 
2.66759e-06 3.04428e-07 1.23161e-10 2.74876e-06 0.154803 1.34116e-07 3.03124e-07 0.00813205 1.88645e-06 0.0105282 1.01988e-06 3.79339e-08 0.013859 1.01779e-10 0.010932 3.78463e-07 2.03564e-07 1.72497e-06 1.92715e-11 1.28732e-05 7.5464e-11 1.73304e-11 0.618352 0.183368 9.74019e-07 
0.0305349 3.31936e-05 4.7064e-08 0.193426 0.0537241 0.0140578 0.00542729 0.0487028 0.00229153 0.0150579 1.47875e-05 0.000401561 0.00891544 0.000241984 0.00868949 6.28528e-08 0.00140908 0.00403502 0.0238655 0.00122214 2.88374e-08 6.62253e-09 0.0411182 0.546413 0.000417703 
0.00540564 6.80665e-07 3.5223e-08 0.002309 0.012928 0.00268633 1.43646e-06 0.000865196 0.00150779 0.000189124 0.000472419 6.62611e-08 0.916317 6.62926e-07 0.00422541 4.07402e-09 0.0180613 0.00032846 4.01152e-05 5.96773e-06 1.76466e-07 2.21419e-09 0.0230213 0.0116223 1.16933e-05 
2.88857e-08 2.40474e-08 3.35546e-12 1.37171e-08 0.55281 1.85402e-08 0.00774251 0.00121131 0.00130224 0.00033521 0.0135986 8.31843e-09 6.98465e-13 1.05398e-08 2.31243e-08 1.16554e-08 2.57796e-08 0.421236 5.25043e-13 6.66014e-13 2.05598e-12 4.72158e-13 1.51409e-08 0.00176364 1.84609e-08 
0.0222377 0.00105046 0.000146586 0.0035522 0.0270991 0.00103047 0.00171868 0.000697389 0.000864331 0.0120056 0.000204417 0.000763548 0.0022595 0.000186106 0.00114489 2.97241e-07 0.00874906 2.76134e-06 0.00282068 0.000129969 5.30009e-07 1.09361e-07 0.00828733 0.905021 2.72297e-05 
0.00154931 8.08744e-05 8.89879e-08 8.89626e-06 0.00382142 0.000173986 8.85558e-07 8.77498e-05 0.00514643 1.4876e-05 3.81793e-08 0.000407741 1.85235e-08 7.35387e-08 0.00213167 1.18841e-07 1.32494e-08 1.88627e-05 2.13127e-05 0.000121374 5.45253e-08 1.25218e-08 6.65531e-05 0.985937 0.000410355 
0.0640217 6.7096e-06 2.38327e-05 0.257945 0.0111009 0.000471239 6.06382e-06 0.000610817 0.00163663 1.16248e-05 0.00987004 2.84188e-06 0.00168182 1.01444e-07 0.0769536 1.63936e-07 0.00040977 6.24094e-06 3.91261e-06 0.0097567 7.52153e-08 1.72733e-08 0.00141221 0.564029 3.90588e-05 
0.024184 3.1147e-08 4.90709e-05 1.61813e-05 3.41031e-05 9.77376e-06 1.35427e-05 4.80575e-05 2.91832e-05 4.4088e-06 1.29355e-05 3.4463e-06 5.94742e-05 3.12503e-08 0.00956846 5.05016e-08 0.00010686 0.000349756 5.91715e-09 9.89228e-06 2.31706e-08 5.32114e-09 0.0879419 0.877559 2.16697e-08 
0.0321704 1.93559e-06 2.35e-06 0.0126849 0.00252042 0.00139373 0.0028093 0.00117007 0.676405 0.00361658 1.00824e-06 3.80749e-07 4.89171e-07 0.00095557 0.000932139 3.13837e-06 3.49893e-07 0.00216015 3.67715e-07 0.0012977 1.43991e-06 3.30677e-07 0.0014321 0.260439 1.34664e-06 
0.000977655 0.000852327 8.38325e-10 0.00661249 0.00218099 9.23353e-08 0.000173862 0.0145302 3.38727e-07 0.0121215 1.80568e-05 0.000163884 0.00129092 6.92784e-10 0.174745 1.11956e-09 1.66499e-07 1.35334e-07 0.0129712 0.00175733 3.63283e-05 1.17964e-10 0.0194175 0.739743 0.0124075 
0.0635969 3.16247e-06 3.83955e-06 0.00926233 0.870711 0.00131397 0.000994968 0.0318906 0.00362772 5.40761e-05 0.00046191 2.78868e-05 0.00180597 3.17297e-06 6.00647e-05 0.000145585 5.71672e-07 2.11862e-05 0.00125876 0.00551853 2.3526e-06 5.40276e-07 0.00176846 0.00746476 2.20021e-06 
0.0110011 9.11873e-07 1.1071e-06 0.00292183 0.0249641 0.00134047 1.11486e-05 0.0619329 0.000876184 4.07321e-05 4.7499e-07 2.33826e-06 4.41795e-05 9.14898e-07 0.00220062 1.47851e-06 2.41931e-05 9.03286e-05 1.46858e-05 2.19745e-07 6.78351e-07 1.55784e-07 8.46336e-05 0.893885 0.000559188 
0.659719 9.78925e-09 1.18851e-08 3.05869e-05 7.05771e-05 1.08022e-07 4.13927e-05 2.31986e-05 3.01392e-09 7.6949e-05 0.000194794 1.73327e-05 2.47398e-09 9.82173e-09 5.43653e-05 1.58881e-05 2.72532e-05 1.31991e-05 1.86157e-06 8.68147e-05 0.0103045 1.67239e-09 4.07459e-05 0.329152 0.000129409 
2.82369e-07 2.45035e-07 1.949e-10 4.08205e-08 0.969832 0.00960119 0.000391757 0.0025768 4.94243e-11 0.00997136 1.99214e-05 2.6069e-08 1.22139e-07 1.61063e-10 1.00262e-07 2.60284e-10 0.00304517 2.6467e-05 0.000467102 3.6367e-07 1.1942e-10 2.7425e-11 3.50685e-05 0.00403211 6.85505e-08 
2.02363e-06 2.27534e-05 9.35242e-09 0.0183631 0.0792241 0.00147811 0.000209411 0.736546 0.00937464 0.00358977 3.7488e-05 1.51529e-09 0.0010865 7.72875e-09 2.56017e-06 0.00042287 0.000376932 0.000171843 0.000608438 1.08634e-06 9.4252e-05 1.31601e-09 0.0161359 0.132235 1.65994e-05 
0.026512 1.47997e-05 2.41623e-05 0.000697313 0.000602292 0.00237266 1.08706e-05 0.000141741 0.000183198 0.001335 7.02455e-06 0.000241309 9.89386e-06 0.00166048 0.000397224 1.14454e-07 7.28772e-06 1.15132e-05 2.45111e-06 0.00176858 0.000144702 1.20596e-08 0.0041894 0.95961 5.61865e-05 
3.99772e-06 5.78945e-07 7.02896e-07 0.0286719 1.62207e-05 0.00224672 1.74009e-05 5.47712e-05 3.56622e-05 1.70437e-07 3.0157e-07 9.83015e-06 6.90259e-05 0.000307367 0.84165 0.000264082 0.00277391 0.0533091 1.09985e-07 0.00461173 0.000303136 9.89069e-08 0.000253559 0.0653553 4.45858e-05 
0.167586 0.00208585 8.97592e-09 5.27465e-07 2.31891e-07 6.72197e-06 2.08391e-09 2.1541e-06 2.27619e-09 2.17646e-09 1.30246e-05 1.45429e-09 4.20079e-05 7.41761e-09 1.2565e-07 1.19871e-08 0.640932 7.10637e-07 1.4045e-09 1.7816e-09 0.00299476 1.26303e-09 0.0585289 0.127807 5.14355e-09 
0.0584973 1.43835e-09 3.5277e-06 0.000747864 0.160084 0.00109372 2.32737e-06 0.257826 4.42842e-10 0.0369076 1.09519e-05 9.74628e-07 2.80513e-06 1.44313e-09 3.05711e-06 8.9468e-07 0.00141445 7.42167e-07 0.00949521 4.88099e-06 1.92533e-06 2.45728e-10 2.29081e-06 0.473893 7.27605e-06 
0.00251898 0.000201552 5.8887e-10 0.00431674 0.00349767 0.000200647 5.55101e-05 0.0281384 3.2803e-05 0.0424197 2.52648e-10 0.000166416 1.22578e-10 4.86636e-10 0.000329315 7.52588e-06 0.0269856 3.03847e-06 1.92821e-05 1.16883e-10 0.000144933 8.28619e-11 0.319222 0.571714 2.57964e-05 
0.000694387 4.68763e-08 4.3838e-08 0.000391091 0.53375 0.00097135 0.0083383 0.000928853 0.000458797 0.0271772 0.000665574 9.80754e-05 1.15518e-08 7.29802e-05 0.000893484 2.2937e-08 0.00193755 0.350417 0.000213903 5.77405e-08 0.0583556 3.92121e-09 0.000389258 0.0142348 1.08068e-05 
0.451554 0.00650547 4.99484e-09 5.47202e-06 1.09315e-05 1.33665e-06 2.57431e-06 1.28307e-05 1.26663e-09 0.0334362 0.15231 8.09268e-10 1.03971e-09 4.12768e-09 3.04593e-09 0.00147748 0.0156351 1.59348e-06 0.0303576 9.91409e-10 0.0011244 7.02841e-10 0.307549 1.54448e-05 2.86223e-09 
0.0538622 5.78545e-05 3.38716e-05 0.310138 2.11e-05 0.283736 4.66105e-06 3.58992e-06 0.242227 0.0241514 4.51849e-09 2.30737e-07 8.79773e-05 8.70325e-09 0.0103237 1.40648e-08 1.66202e-05 1.08525e-06 0.0062941 0.0690136 6.45303e-09 1.48194e-09 7.59909e-06 7.51108e-06 1.18638e-05 
0.000643071 0.000455097 2.03255e-06 0.381017 0.0232205 0.0271262 6.15039e-08 4.80616e-06 0.148594 0.00583342 1.22478e-05 6.38396e-06 5.51437e-08 1.33657e-05 0.00503476 1.21569e-05 0.00341424 1.78699e-06 0.000800577 0.00257637 7.38281e-06 3.72768e-08 0.0001215 0.397063 0.0040404 
0.000573549 1.50302e-06 1.66075e-05 0.00687566 0.046022 0.0188904 4.23661e-07 0.591158 0.0148666 0.000158304 0.0171179 3.5815e-05 0.00340565 0.00036933 0.000217466 2.437e-06 0.00278166 0.000126456 0.00356967 0.0247002 1.11812e-06 2.56776e-07 0.155011 0.114007 9.14031e-05 
0.00836292 2.27659e-09 2.02132e-06 0.000107512 0.0663985 0.00893242 0.000357596 0.553915 0.000660002 0.030971 0.0011016 8.97016e-05 0.000376005 2.28414e-09 0.000416128 0.00102776 0.000202851 3.54405e-07 0.00208605 2.32992e-06 0.000138849 3.88932e-10 0.00197578 0.322872 3.47373e-06 
3.18809e-07 7.23018e-10 8.77814e-10 0.000941618 0.0226819 0.0524611 0.000289468 0.895766 0.00136885 0.00257793 3.76616e-10 6.86774e-09 8.82338e-09 2.06546e-07 0.00204606 0.00330729 0.00346108 6.56216e-07 1.37355e-10 1.56719e-07 3.88242e-06 1.2352e-10 0.00362202 0.011471 8.03962e-07 
0.0303338 0.000147108 2.13852e-07 6.70787e-05 0.000105947 0.000124388 0.00123376 2.47476e-06 5.42304e-08 2.70637e-05 9.17509e-08 0.000213987 0.0211236 1.76725e-07 8.16305e-06 2.85594e-07 3.18406e-08 1.05317e-05 0.000848416 4.24468e-08 1.15813e-05 3.00919e-08 0.000700253 0.945021 1.9755e-05 
0.00230122 1.1862e-09 1.44016e-09 3.11583e-07 0.0014503 4.51782e-07 3.34356e-10 0.000929128 3.65207e-10 0.894084 1.69178e-06 1.58487e-07 0.00569044 4.3444e-06 0.000807104 1.92329e-09 0.000558103 1.60998e-07 0.000393889 0.0701591 8.82423e-10 2.02649e-10 0.00196964 0.0214971 0.000153078 
5.31613e-06 9.45869e-07 4.0999e-10 1.11115e-06 0.860405 2.61987e-07 0.0138538 0.0303612 0.0224935 0.000750123 1.75902e-10 6.64269e-11 1.18635e-06 3.38811e-10 1.85038e-06 5.47531e-10 2.52116e-06 4.41863e-05 1.2837e-07 8.13775e-11 1.00736e-07 5.7691e-11 6.50208e-06 0.0720726 2.3494e-10 
0.00023015 4.28194e-08 5.19869e-08 0.000113072 0.0129237 4.21509e-06 1.20696e-08 3.82959e-05 1.31833e-08 1.26057e-08 2.23044e-08 3.79118e-05 1.08215e-08 4.29615e-08 0.0192149 6.94272e-08 0.000119983 3.12569e-06 8.13461e-09 1.03187e-08 0.000391833 7.31525e-09 1.58089e-05 0.966907 2.97905e-08 
0.00314161 2.88114e-05 3.5704e-06 0.00163569 0.0207943 4.20671e-05 1.60494e-06 2.14558e-05 8.78918e-07 3.09455e-06 0.0042964 8.3202e-07 0.00459544 0.000339606 0.0189226 2.53768e-08 0.00468939 1.38258e-06 0.000122656 0.00257989 0.000237284 2.67385e-09 0.000147309 0.938394 1.306e-07 
0.334464 9.52963e-07 1.15699e-06 8.13845e-05 0.0909549 0.000367041 0.032374 0.330992 0.00606017 0.000204694 0.0506635 4.62279e-05 2.40837e-07 9.56125e-07 0.0134756 4.3711e-05 0.00373173 0.000626714 5.12151e-06 0.000230853 0.00144896 1.62804e-07 0.0652798 0.0686017 0.000344429 
0.000694387 4.68763e-08 4.3838e-08 0.000391091 0.53375 0.00097135 0.0083383 0.000928853 0.000458797 0.0271772 0.000665574 9.80754e-05 1.15518e-08 7.29802e-05 0.000893484 2.2937e-08 0.00193755 0.350417 0.000213903 5.77405e-08 0.0583556 3.92121e-09 0.000389258 0.0142348 1.08068e-05 
0.143135 0.045068 7.94435e-10 3.28515e-06 0.0136675 4.91573e-07 0.000617779 0.00700142 7.46445e-07 0.0786654 2.90873e-06 0.000661275 8.58609e-07 2.82885e-06 0.0026526 0.000103789 1.93824e-06 2.54763e-05 0.00176957 2.10707e-06 0.00128138 1.11788e-10 0.132202 0.572897 0.000236389 
2.88857e-08 2.40474e-08 3.35546e-12 1.37171e-08 0.55281 1.85402e-08 0.00774251 0.00121131 0.00130224 0.00033521 0.0135986 8.31843e-09 6.98465e-13 1.05398e-08 2.31243e-08 1.16554e-08 2.57796e-08 0.421236 5.25043e-13 6.66014e-13 2.05598e-12 4.72158e-13 1.51409e-08 0.00176364 1.84609e-08 
0.000694387 4.68763e-08 4.3838e-08 0.000391091 0.53375 0.00097135 0.0083383 0.000928853 0.000458797 0.0271772 0.000665574 9.80754e-05 1.15518e-08 7.29802e-05 0.000893484 2.2937e-08 0.00193755 0.350417 0.000213903 5.77405e-08 0.0583556 3.92121e-09 0.000389258 0.0142348 1.08068e-05 
0.000693293 0.000397983 5.77929e-07 0.000353225 0.124878 0.00205233 0.00620982 0.623061 0.0077919 0.000351208 0.0163229 0.000144451 0.00309433 4.77595e-07 0.00131341 7.7181e-07 0.00528106 0.0819771 0.00321913 0.00165812 0.000165051 8.13223e-08 8.01835e-05 0.120953 3.31175e-07 
0.0349914 4.21519e-06 5.11765e-06 0.00209169 0.000589723 0.0057166 1.18815e-06 0.0491145 0.00201708 0.000698714 2.19567e-06 0.00160832 0.00118643 4.22918e-06 3.12083e-06 0.000664433 0.640417 0.000142448 0.00158219 1.01579e-06 3.13572e-06 7.20122e-07 0.159494 0.0996576 2.93261e-06 
0.32338 0.000104314 1.41934e-07 0.00113243 3.29836e-05 0.037282 1.62638e-05 0.000144682 0.0468281 0.00402344 6.08954e-08 1.08106e-05 6.95928e-06 1.17293e-07 0.000156407 1.8955e-07 3.57092e-05 2.77691e-06 0.00014965 0.000795844 6.94405e-05 1.99721e-08 0.000113033 0.585656 5.81011e-05 
8.78826e-06 1.04132e-09 1.26426e-09 3.62793e-06 0.00222067 2.18448e-06 8.51497e-07 3.3523e-06 3.20601e-10 0.210435 5.58743e-06 2.04836e-10 2.10559e-06 1.04477e-09 7.70966e-10 1.68839e-09 0.0106687 4.93389e-07 5.71731e-06 5.27221e-07 7.74645e-10 1.77898e-10 2.17274e-06 0.775885 0.000754972 
0.0245782 5.5778e-10 3.44701e-05 0.168211 0.364608 9.93386e-07 1.57223e-10 0.255725 3.82973e-06 2.39756e-06 0.0449839 1.0972e-10 3.38329e-06 5.59631e-10 2.06525e-06 9.04383e-10 0.0107509 2.87257e-06 1.05964e-10 0.086928 1.49418e-06 9.5291e-11 0.0286717 0.0154915 3.88061e-10 
3.18809e-07 7.23018e-10 8.77814e-10 0.000941618 0.0226819 0.0524611 0.000289468 0.895766 0.00136885 0.00257793 3.76616e-10 6.86774e-09 8.82338e-09 2.06546e-07 0.00204606 0.00330729 0.00346108 6.56216e-07 1.37355e-10 1.56719e-07 3.88242e-06 1.2352e-10 0.00362202 0.011471 8.03962e-07 
0.00293144 1.39754e-06 1.69675e-06 0.0328715 0.00213845 0.000106911 0.000290454 0.0286131 0.81252 9.77743e-05 0.000184831 2.74908e-07 0.000136963 1.40217e-06 1.0347e-06 2.26596e-06 0.000161856 7.74533e-06 2.65497e-07 0.0461977 1.03964e-06 2.38755e-07 8.75601e-05 0.0736432 9.723e-07 
0.000317137 6.03411e-05 4.85719e-06 0.00150995 0.0168383 6.41603e-05 6.18155e-05 0.0174885 8.05285e-05 1.83563e-05 0.000413126 1.77363e-05 7.16956e-05 4.01393e-06 2.96199e-06 6.48666e-06 0.000150945 0.000257938 7.60025e-07 9.64088e-07 8.81552e-05 6.83472e-07 0.000387646 0.96215 2.78336e-06 
0.00080293 1.93446e-06 2.34862e-06 0.00152779 0.0160223 0.00020484 5.45272e-07 4.75661e-05 0.00143181 5.69489e-07 1.00765e-06 3.80527e-07 0.0103328 0.000168019 0.954705 0.000875397 3.49688e-07 1.17162e-05 0.000191666 0.000183293 7.39834e-06 3.30483e-07 0.000138843 0.0133395 1.34585e-06 
3.18809e-07 7.23018e-10 8.77814e-10 0.000941618 0.0226819 0.0524611 0.000289468 0.895766 0.00136885 0.00257793 3.76616e-10 6.86774e-09 8.82338e-09 2.06546e-07 0.00204606 0.00330729 0.00346108 6.56216e-07 1.37355e-10 1.56719e-07 3.88242e-06 1.2352e-10 0.00362202 0.011471 8.03962e-07 
0.00230122 1.1862e-09 1.44016e-09 3.11583e-07 0.0014503 4.51782e-07 3.34356e-10 0.000929128 3.65207e-10 0.894084 1.69178e-06 1.58487e-07 0.00569044 4.3444e-06 0.000807104 1.92329e-09 0.000558103 1.60998e-07 0.000393889 0.0701591 8.82423e-10 2.02649e-10 0.00196964 0.0214971 0.000153078 
1.16948e-05 4.22701e-09 5.13201e-09 0.447573 0.240444 1.32548e-05 1.19148e-09 0.309566 5.85766e-06 2.63824e-05 0.00119362 5.92862e-05 1.68797e-05 8.52449e-07 0.000133324 6.85367e-09 6.80131e-06 1.64343e-06 3.42098e-05 0.00069308 3.14452e-09 7.22142e-10 1.99913e-05 8.6341e-06 0.000191451 
0.643805 6.0282e-06 2.94262e-08 1.49062e-05 6.81941e-06 0.00273856 6.83177e-09 0.000245658 7.06536e-06 1.48703e-05 1.2625e-08 0.0024919 6.12529e-09 6.35488e-05 0.000241473 3.92979e-08 4.38128e-09 0.00539366 4.60444e-09 3.4204e-05 5.21578e-05 4.14066e-09 0.053677 0.291189 1.80544e-05 
0.031307 7.27502e-06 5.06659e-12 0.00492093 0.0401802 0.00617113 0.000107129 0.000753617 0.00992539 0.00734155 0.000246923 8.20893e-13 0.00174152 4.19618e-09 9.43055e-05 6.7663e-12 0.014879 0.00185833 7.9279e-13 0.0242895 2.59324e-09 7.12937e-13 0.85216 0.00386531 0.000151368 
3.04369e-05 0.00111301 3.17746e-08 0.0124932 0.0504545 0.0530098 6.10526e-05 0.0678537 2.14675e-05 4.12133e-05 0.0918909 5.14815e-09 3.30348e-05 6.87094e-05 0.000913907 4.24342e-08 0.00989852 9.07368e-06 0.0126864 1.32037e-05 1.94691e-08 4.47111e-09 0.091478 0.60793 1.8208e-08 
0.130095 2.53299e-09 3.0753e-09 0.0867523 0.24467 0.254003 7.1398e-10 2.41607e-05 6.47359e-06 7.30851e-06 5.87156e-05 1.64477e-06 3.43766e-05 1.70298e-05 1.14416e-05 4.10698e-09 0.000128757 0.00351331 3.32517e-05 2.6187e-05 1.88432e-09 4.32735e-10 8.31645e-05 0.280534 1.76226e-09 
0.0073412 8.82727e-09 1.07172e-08 1.44219e-05 0.163967 0.0584214 0.0156511 0.0136311 2.71775e-09 0.005762 4.59808e-09 0.00287527 3.11109e-06 1.55135e-05 4.2925e-06 1.43125e-08 9.08036e-06 2.15436e-06 1.00322e-05 1.16396e-05 1.80926e-05 1.50805e-09 0.0510504 0.681207 4.53706e-06 
0.0905534 1.9939e-05 5.82257e-07 0.0156612 0.022987 0.00228727 1.35181e-07 0.0296864 0.000232565 0.00153838 1.3427e-05 4.24721e-05 0.729946 4.81172e-07 3.27715e-05 7.7759e-07 0.0290687 5.50076e-05 5.12497e-05 0.00337993 0.00664342 8.19314e-08 0.0313429 0.0363208 0.000135228 
7.85131e-05 2.67083e-06 3.512e-05 0.00144763 0.000312673 8.92182e-05 0.308448 0.000716489 0.000760688 0.000356345 0.0221726 6.25029e-05 0.33057 2.67969e-06 1.97742e-06 4.33047e-06 0.000365942 5.4538e-05 0.000299786 6.43622e-07 1.98686e-06 4.56284e-07 0.000174323 0.334039 1.85816e-06 
0.087904 2.93232e-05 1.16419e-08 0.0728079 0.0597309 0.0489497 0.00415378 0.238893 0.0134095 8.72707e-05 0.00699653 1.88624e-09 0.0180657 9.62077e-09 1.62873e-06 1.55475e-08 0.00119151 0.00134124 0.000444023 0.366718 5.38072e-07 1.63817e-09 0.0533963 0.0258778 1.84282e-06 
4.13703e-05 4.08443e-05 1.13447e-08 0.00901087 0.00292886 4.79575e-05 7.02234e-06 0.000718553 0.000101218 0.000172167 2.78953e-05 3.31183e-07 2.36148e-09 4.70479e-06 0.945862 1.51505e-08 2.4053e-07 4.97923e-05 1.77515e-09 0.00165758 6.95119e-09 1.59635e-09 0.00124578 0.0380532 2.94428e-05 
4.25667e-05 1.52827e-08 1.85546e-08 2.02849e-05 6.33815e-05 6.84748e-06 4.30777e-09 5.80825e-05 4.70524e-09 4.49909e-09 7.96067e-09 3.30987e-06 5.48486e-05 1.53334e-08 0.000175393 2.47793e-08 3.7298e-05 2.56177e-05 1.91648e-05 3.68285e-09 6.14035e-05 2.61089e-09 0.000122725 0.999309 1.06325e-08 
0.0259642 7.86385e-08 9.54748e-08 0.198398 0.0419887 0.00173769 0.000583005 0.00551115 0.0457527 0.508853 0.000222468 3.04153e-06 3.44587e-05 4.76843e-06 5.82221e-08 1.27504e-07 0.0180376 0.0597931 0.0117344 0.000870011 2.75683e-07 1.34346e-08 0.00915717 0.0713474 7.07988e-06 
0.024184 3.1147e-08 4.90709e-05 1.61813e-05 3.41031e-05 9.77376e-06 1.35427e-05 4.80575e-05 2.91832e-05 4.4088e-06 1.29355e-05 3.4463e-06 5.94742e-05 3.12503e-08 0.00956846 5.05016e-08 0.00010686 0.000349756 5.91715e-09 9.89228e-06 2.31706e-08 5.32114e-09 0.0879419 0.877559 2.16697e-08 
0.000149698 1.57973e-05 1.03215e-09 0.00316944 0.0452117 0.000222861 0.000726175 0.0129673 0.000512504 1.32628e-06 2.22778e-06 0.000128577 3.84418e-05 2.90084e-07 0.00469165 1.27434e-07 0.00188771 9.30226e-07 1.38527e-08 2.04867e-10 0.000195105 1.45237e-10 0.002906 0.927172 1.00872e-07 
3.18809e-07 7.23018e-10 8.77814e-10 0.000941618 0.0226819 0.0524611 0.000289468 0.895766 0.00136885 0.00257793 3.76616e-10 6.86774e-09 8.82338e-09 2.06546e-07 0.00204606 0.00330729 0.00346108 6.56216e-07 1.37355e-10 1.56719e-07 3.88242e-06 1.2352e-10 0.00362202 0.011471 8.03962e-07 
1.03777e-06 1.57185e-07 1.90838e-07 0.00163325 0.272318 0.0117402 0.00103018 0.114503 0.00425911 0.0146997 0.00148429 3.09198e-08 3.97244e-08 1.57707e-07 0.0176104 2.5486e-07 0.00294807 3.10101e-05 1.22055e-05 1.47716e-05 7.0178e-06 2.68535e-08 1.59534e-05 0.557687 4.35832e-06 
0.0464827 1.46034e-08 1.773e-08 1.3741e-05 0.044536 0.0185581 3.22775e-06 0.0122124 4.49612e-09 0.139618 2.1166e-05 2.87263e-09 0.00335178 1.46519e-08 3.05183e-05 2.3678e-08 0.0191493 0.000900282 0.0168629 0.196501 1.08637e-08 2.49485e-09 0.0795359 0.422148 7.54746e-05 
