0.00105321 1.0767e-06 1.30722e-06 0.000729522 0.000133559 0.00091767 3.03493e-07 0.00128389 3.31496e-07 0.00114141 5.60848e-07 0.000275548 2.72108e-07 1.08027e-06 0.0235969 0.000525475 5.85844e-05 1.30776e-07 2.04546e-07 2.59466e-07 8.00969e-07 1.83943e-07 5.76029e-08 0.970277 7.49087e-07 
0.00274437 1.89274e-07 9.77257e-10 0.00537692 0.00103754 0.000685273 0.00115706 0.00727962 2.47821e-10 0.00515915 4.19281e-10 0.00067961 2.8158e-07 6.15363e-07 8.94846e-06 1.3051e-09 0.000716282 9.77657e-11 0.00470961 2.31082e-06 5.98792e-10 1.37513e-10 0.0196155 0.950826 7.05344e-07 
0.451554 0.00650547 4.99484e-09 5.47202e-06 1.09315e-05 1.33665e-06 2.57431e-06 1.28307e-05 1.26663e-09 0.0334362 0.15231 8.09268e-10 1.03971e-09 4.12768e-09 3.04593e-09 0.00147748 0.0156351 1.59348e-06 0.0303576 9.91409e-10 0.0011244 7.02841e-10 0.307549 1.54448e-05 2.86223e-09 
1.49185e-08 3.37126e-06 1.21451e-10 1.38295e-11 8.1733e-07 5.13781e-08 2.03045e-07 0.00268229 1.78662e-07 2.32678e-07 5.15914e-07 0.000453562 2.5281e-11 1.00366e-10 0.001245 1.62357e-07 1.80829e-11 8.26327e-08 1.9004e-11 2.41064e-11 1.6379e-07 1.70898e-11 1.34335e-07 0.995613 2.01898e-07 
2.31202e-07 8.24587e-09 1.00113e-08 2.28107e-06 0.216597 9.00903e-10 6.27789e-06 0.011621 2.53874e-09 2.50058e-05 4.29523e-09 1.62204e-09 7.29583e-06 8.27322e-09 0.211654 1.47202e-05 7.15629e-06 5.60961e-06 1.56651e-09 6.16202e-06 6.13418e-09 1.40872e-09 4.41149e-10 0.560053 5.73685e-09 
1.02119e-07 1.47162e-06 1.31613e-09 1.30793e-06 0.0401718 1.18437e-10 3.73332e-06 0.000105985 2.08082e-05 1.29906e-06 5.64673e-10 0.001198 2.73964e-10 1.08764e-09 8.87385e-05 5.62775e-07 7.19488e-07 9.06541e-07 2.05941e-10 2.61235e-10 0.00398808 1.85198e-10 1.78229e-07 0.954261 0.000155044 
5.9288e-12 6.36473e-11 7.7274e-11 8.7991e-12 0.361017 4.93787e-08 0.000878674 9.86605e-08 0.00682276 4.87355e-08 3.31536e-11 1.252e-11 1.60852e-11 6.38585e-11 3.48757e-07 1.03198e-10 1.15054e-11 0.631281 2.41949e-08 3.08291e-09 4.73479e-11 1.08735e-11 9.87818e-09 9.57969e-08 4.42809e-11 
0.159867 2.73871e-06 2.21523e-09 9.28286e-06 1.95679e-05 1.99346e-10 7.76648e-06 2.75737e-05 0.00671305 2.52511e-06 7.41421e-06 1.97438e-06 0.051219 1.83064e-09 9.45755e-06 2.95838e-09 0.226928 0.000200694 3.46626e-10 5.67247e-06 1.35733e-09 3.11712e-10 2.46185e-05 0.554954 1.26941e-09 
2.14228e-06 2.29979e-05 6.71841e-05 0.000430881 8.29509e-05 0.0002675 6.48248e-06 0.00151678 0.000471714 6.77039e-06 0.00121921 4.5239e-06 0.000174716 2.30742e-05 0.000591656 3.72888e-05 4.15728e-06 2.79331e-06 0.00014567 0.993151 1.71084e-05 3.92896e-06 0.000295924 0.00119764 0.000255988 
0.024184 3.1147e-08 4.90709e-05 1.61813e-05 3.41031e-05 9.77376e-06 1.35427e-05 4.80575e-05 2.91832e-05 4.4088e-06 1.29355e-05 3.4463e-06 5.94742e-05 3.12503e-08 0.00956846 5.05016e-08 0.00010686 0.000349756 5.91715e-09 9.89228e-06 2.31706e-08 5.32114e-09 0.0879419 0.877559 2.16697e-08 
0.0212589 1.15127e-05 4.19104e-08 0.0331702 0.00430645 0.216267 9.84114e-07 0.060494 9.97857e-06 0.0341142 2.52131e-06 6.61902e-07 6.49697e-06 0.265756 1.15114e-05 6.20767e-06 0.0290893 4.23867e-06 6.0544e-05 2.64723e-05 0.000100693 8.1252e-07 0.320355 0.0149323 1.38674e-05 
0.000958348 4.22976e-05 1.25079e-06 1.42426e-07 0.00230789 6.93541e-06 2.90392e-07 0.000139484 4.64579e-05 3.03289e-07 0.941529 2.02654e-07 0.0197984 9.9845e-06 0.0097053 1.6704e-06 0.00334479 2.09282e-05 1.95717e-07 0.0206083 7.66394e-07 1.76003e-07 5.51164e-08 0.00142257 5.43561e-05 
0.347443 0.0114209 5.07346e-09 0.00361335 0.0811132 0.123573 0.0735491 0.071432 0.0764586 0.000575599 0.0305754 4.0307e-06 1.05608e-09 4.19266e-09 3.09388e-09 0.0002106 0.107612 0.00015107 0.0169373 0.0280587 0.000129377 7.13904e-10 7.31772e-06 0.0254451 0.00169024 
7.05852e-05 1.54586e-06 1.71949e-07 0.0194643 0.0012885 7.87606e-07 0.0002273 3.57034e-05 4.36043e-08 0.0232104 3.95725e-05 6.97883e-06 0.00262332 1.27834e-05 0.00787331 2.29634e-07 2.56016e-08 3.18879e-06 2.69056e-08 7.98642e-06 1.16716e-05 2.41955e-08 1.74367e-05 0.944921 0.000183005 
1.01783e-05 0.000309306 9.7537e-09 0.149466 0.54833 0.0289145 2.26448e-09 5.4239e-05 2.30052e-05 8.04356e-06 4.18472e-09 2.37204e-06 7.92024e-06 8.06036e-09 1.13071e-05 1.30258e-08 9.0053e-06 9.75769e-10 7.02206e-06 1.93598e-09 5.97636e-09 1.37248e-09 4.29799e-10 0.272847 5.58924e-09 
0.00195609 9.00104e-05 2.58404e-08 0.00200403 0.000708209 2.32535e-09 0.000164746 0.00507468 0.000245202 0.00112815 2.20303e-07 0.00811844 2.54569e-06 7.05588e-06 0.000167137 7.49759e-07 0.000670033 1.67306e-06 0.000207959 0.0012183 2.18991e-06 3.6361e-09 0.00187712 0.976287 6.86638e-05 
0.000125471 0.00111435 5.16382e-05 6.27105e-08 0.0368327 0.000525468 0.00346104 0.0345744 0.00513558 0.00310612 0.00157533 0.000391088 1.14638e-07 4.55114e-07 0.000196111 5.43279e-05 0.000585777 0.000437005 0.000479719 1.09312e-07 3.37444e-07 7.74945e-08 0.00415131 0.907201 3.15587e-07 
2.88857e-08 2.40474e-08 3.35546e-12 1.37171e-08 0.55281 1.85402e-08 0.00774251 0.00121131 0.00130224 0.00033521 0.0135986 8.31843e-09 6.98465e-13 1.05398e-08 2.31243e-08 1.16554e-08 2.57796e-08 0.421236 5.25043e-13 6.66014e-13 2.05598e-12 4.72158e-13 1.51409e-08 0.00176364 1.84609e-08 
4.81836e-13 5.17263e-12 6.28008e-12 6.07911e-09 0.469407 0.000980395 0.0518284 0.000665613 0.000141914 4.57001e-05 0.000616836 6.84294e-06 6.40683e-09 5.1898e-12 3.8297e-12 8.38689e-12 8.79034e-09 0.475999 9.82671e-13 1.24651e-12 3.84797e-12 8.83692e-13 2.76733e-13 0.000308327 1.43953e-07 
0.00578976 1.37447e-07 1.66874e-07 0.656697 0.00434497 0.103003 5.64501e-05 0.0645336 0.0205664 0.138674 7.15953e-08 2.7037e-08 3.4736e-08 1.37903e-07 1.01762e-07 2.22856e-07 0.00522135 8.48098e-06 2.7183e-05 3.02319e-06 1.02248e-07 2.34814e-08 0.00102213 5.15667e-05 9.56249e-08 
0.000358376 1.07674e-06 1.30726e-06 0.00074322 0.000131428 1.17639e-07 3.03502e-07 0.000104427 0.00310909 0.000374611 0.0069928 2.11804e-07 6.82757e-05 1.08031e-06 0.807959 1.74582e-06 0.000788946 1.3078e-07 0.00013567 2.59474e-07 8.00995e-07 1.83949e-07 0.0104258 0.1688 7.49111e-07 
0.00947199 9.77393e-08 5.85583e-10 0.00157173 0.855482 0.00026448 0.00580315 0.00123583 0.00286414 0.0021851 0.00346299 1.01936e-05 0.000943357 1.19519e-05 0.000240198 0.000657449 0.000228912 0.0624063 0.00632513 0.0363438 8.54746e-06 1.99802e-06 0.00875557 0.00131347 0.000411966 
1.07659e-09 1.15575e-08 1.40319e-08 2.02828e-06 0.0126241 0.0187043 3.25774e-09 1.21633e-05 0.0680875 3.40242e-09 0.144309 0.00185723 1.87353e-05 1.15958e-08 0.311978 1.87393e-08 2.08922e-09 1.78197e-06 2.19563e-09 0.00754087 8.59773e-09 1.97448e-09 0.0197156 0.415144 4.266e-06 
0.00274437 1.89274e-07 9.77257e-10 0.00537692 0.00103754 0.000685273 0.00115706 0.00727962 2.47821e-10 0.00515915 4.19281e-10 0.00067961 2.8158e-07 6.15363e-07 8.94846e-06 1.3051e-09 0.000716282 9.77657e-11 0.00470961 2.31082e-06 5.98792e-10 1.37513e-10 0.0196155 0.950826 7.05344e-07 
0.000405842 1.98694e-05 2.30083e-06 0.0035008 0.0748679 0.000127703 7.50061e-05 0.539367 0.195205 0.0395492 2.39881e-06 1.81497e-06 4.43908e-05 1.01758e-06 1.95133e-05 0.0282405 2.58695e-06 0.000780852 0.000359841 0.000352436 1.68646e-06 2.67125e-08 0.0113615 0.105706 4.96292e-06 
0.0238485 0.00027868 5.82866e-06 0.00258336 0.0159111 0.000968846 0.00050613 0.0054611 8.96113e-05 0.00105495 0.00170206 4.41829e-05 0.00150703 4.81674e-06 0.000653224 8.73996e-05 0.000305727 0.00112668 0.00138973 0.00445723 7.50349e-05 4.20319e-05 0.0104646 0.926635 0.000797188 
0.378126 3.63112e-09 4.40853e-09 1.13456e-05 2.61791e-05 3.96718e-10 1.53537e-05 8.60505e-06 1.11795e-09 2.85426e-05 7.22546e-05 6.42918e-06 9.1767e-10 3.64316e-09 2.01657e-05 5.89336e-06 1.0109e-05 4.89591e-06 6.9051e-07 3.22021e-05 1.26984e-05 6.20339e-10 0.0574477 0.564123 4.80014e-05 
8.29925e-09 8.90947e-08 1.0817e-07 8.4264e-06 3.58901e-05 4.75349e-06 3.26486e-05 1.32782e-08 2.07378e-06 0.000294746 4.6409e-08 1.75257e-08 2.25164e-08 1.2536e-05 0.00821194 0.944946 0.00271631 0.00163548 1.69258e-08 0.0116704 6.62784e-08 1.52209e-08 1.00029e-06 0.0304201 7.06389e-06 
0.0580737 5.0171e-05 7.32285e-07 0.00367691 0.0114679 1.434e-07 0.00353108 1.53301e-06 0.00230722 0.00184794 2.12562e-07 3.48854e-11 0.00417495 6.05153e-07 1.31302e-10 2.87547e-10 0.00913717 2.15402e-11 7.41542e-08 2.99202e-07 5.29036e-08 3.02976e-11 0.0659071 0.839822 2.48001e-08 
0.00238874 0.000460356 7.12036e-07 0.335559 0.110895 0.00150259 0.000871823 0.00784261 0.321554 0.015659 0.00125985 1.15365e-07 1.48216e-07 5.88419e-07 4.34211e-07 9.50906e-07 0.000836349 4.81992e-05 0.000249125 0.0768487 4.36284e-07 1.00193e-07 0.000678531 0.0404916 0.0828507 
0.0120146 2.71994e-07 0.000165919 0.00339155 0.862052 0.00156704 0.00229536 0.00881531 0.00128582 0.00601459 0.00498515 1.73651e-05 8.35193e-07 1.20077e-06 2.73112e-06 3.05697e-09 0.000647872 0.0407417 0.0101169 0.000320214 1.40256e-09 2.05521e-07 0.0120477 0.0335091 6.95002e-06 
3.43599e-10 1.83167e-08 2.93029e-11 0.00013144 0.860619 0.000846888 0.0216105 0.00227028 0.0087474 0.000222093 0.000987859 0.00022436 7.79882e-05 3.31288e-09 0.000356556 8.90284e-09 3.02637e-05 0.0923956 4.54776e-06 2.68721e-06 1.79547e-11 4.12331e-12 7.75106e-08 0.000190945 0.0112818 
0.00236616 0.00703763 1.28023e-05 0.00133345 0.000592822 1.15206e-06 0.000266039 0.00552434 0.00152446 0.0641574 0.000477337 2.07424e-06 0.00242373 0.00152531 7.80704e-06 1.70971e-05 0.00205617 0.0029452 0.00762069 0.00414343 7.84431e-06 1.80145e-06 0.00113134 0.894817 7.3362e-06 
2.88857e-08 2.40474e-08 3.35546e-12 1.37171e-08 0.55281 1.85402e-08 0.00774251 0.00121131 0.00130224 0.00033521 0.0135986 8.31843e-09 6.98465e-13 1.05398e-08 2.31243e-08 1.16554e-08 2.57796e-08 0.421236 5.25043e-13 6.66014e-13 2.05598e-12 4.72158e-13 1.51409e-08 0.00176364 1.84609e-08 
0.00644745 5.72337e-07 6.94873e-07 0.000163455 0.00809689 4.67436e-05 1.61326e-07 0.0293992 0.000124023 0.000234374 0.00320616 5.85243e-06 0.750942 5.74236e-07 0.000523541 9.27986e-07 3.02444e-05 6.95157e-08 0.000315885 0.0164602 4.25767e-07 9.77779e-08 0.00129543 0.182705 3.98189e-07 
1.12347e-10 5.06675e-06 1.4643e-09 1.66738e-10 0.0347024 2.50495e-07 2.10809e-06 6.41718e-06 4.83098e-07 3.55059e-10 6.2824e-10 1.47117e-06 3.04805e-10 1.21008e-09 4.73355e-06 1.95553e-09 2.11501e-06 1.01092e-06 8.93814e-07 2.9355e-08 5.02529e-06 2.06046e-10 5.09809e-07 0.965255 1.25034e-05 
0.0125286 0.000331045 4.88638e-08 0.274199 0.0092608 0.000373692 0.000774716 0.00333136 0.0313598 0.0051134 0.010705 2.97681e-05 5.97922e-05 1.99491e-05 0.000992342 6.52565e-08 0.000695786 9.0103e-05 0.000531999 0.000189945 1.358e-06 8.3123e-08 0.0110505 0.63632 0.00204105 
0.0165583 0.000483717 1.30595e-05 0.000163363 0.000341902 1.17521e-06 0.00013846 0.000482445 0.00100368 4.71916e-05 0.00013488 3.65401e-05 0.00583572 1.07923e-05 0.000172867 1.74407e-05 0.0239686 0.00350112 2.04348e-06 0.000101504 8.00192e-06 1.83765e-06 0.000429886 0.946538 7.4836e-06 
2.88857e-08 2.40474e-08 3.35546e-12 1.37171e-08 0.55281 1.85402e-08 0.00774251 0.00121131 0.00130224 0.00033521 0.0135986 8.31843e-09 6.98465e-13 1.05398e-08 2.31243e-08 1.16554e-08 2.57796e-08 0.421236 5.25043e-13 6.66014e-13 2.05598e-12 4.72158e-13 1.51409e-08 0.00176364 1.84609e-08 
6.40606e-07 6.45308e-10 7.83467e-10 0.000493431 0.00339681 4.00275e-06 9.43416e-05 0.0032632 0.000406903 1.89973e-10 0.0252303 4.58528e-07 0.0138198 3.89766e-08 5.93882e-05 1.0463e-09 0.887178 0.000391817 2.91038e-06 0.000196342 3.58099e-07 1.10244e-10 4.47393e-06 0.0654567 4.48956e-10 
0.0108066 8.05347e-09 9.77769e-09 0.00359629 0.0219979 1.32684e-06 0.00204261 0.00480919 7.64537e-07 0.000819464 0.00444581 0.00111775 1.63465e-07 0.00132894 0.00851411 3.62501e-05 0.000951969 0.00117824 1.83579e-05 4.01749e-06 0.113695 5.59384e-08 0.00250925 0.819797 0.00232814 
0.0356147 8.44293e-05 6.99175e-07 0.000208218 9.52569e-05 0.00298138 1.62325e-07 0.000459111 9.87504e-05 0.000207754 2.99973e-07 0.000587644 1.45539e-07 0.000887783 0.00337267 9.33731e-07 1.04101e-07 9.77512e-05 1.09403e-07 0.000477762 0.00128152 9.83833e-08 0.0042772 0.949013 0.000252319 
0.00274437 1.89274e-07 9.77257e-10 0.00537692 0.00103754 0.000685273 0.00115706 0.00727962 2.47821e-10 0.00515915 4.19281e-10 0.00067961 2.8158e-07 6.15363e-07 8.94846e-06 1.3051e-09 0.000716282 9.77657e-11 0.00470961 2.31082e-06 5.98792e-10 1.37513e-10 0.0196155 0.950826 7.05344e-07 
0.572899 0.0136627 2.78902e-08 0.000532808 0.0061428 2.5098e-09 0.042272 0.0135403 7.07262e-09 0.00157482 0.00565096 0.00012679 5.80556e-09 2.30482e-08 0.237103 2.18112e-05 0.027703 0.000117146 2.55556e-06 0.00242819 0.000141061 3.92452e-09 0.00238086 0.0717921 0.00190811 
0.0303338 0.000147108 2.13852e-07 6.70787e-05 0.000105947 0.000124388 0.00123376 2.47476e-06 5.42304e-08 2.70637e-05 9.17509e-08 0.000213987 0.0211236 1.76725e-07 8.16305e-06 2.85594e-07 3.18406e-08 1.05317e-05 0.000848416 4.24468e-08 1.15813e-05 3.00919e-08 0.000700253 0.945021 1.9755e-05 
0.000141173 3.99944e-05 4.57079e-06 0.0501601 4.13745e-05 0.00541335 1.06118e-06 9.62789e-05 4.37484e-05 9.07968e-05 1.96105e-06 2.76276e-05 9.51445e-07 0.000387102 0.00145979 6.10418e-06 6.80547e-07 4.26613e-05 0.000471602 0.000207268 2.80065e-06 6.43171e-07 0.00582633 0.935421 0.000111463 
0.00110348 0.099682 6.25836e-09 1.3169e-06 0.210774 3.78592e-06 0.000562703 0.0297908 1.56866e-06 0.00196921 5.51336e-06 0.000940561 0.00173039 6.43517e-07 1.24033e-06 8.35789e-09 0.00321028 1.79955e-06 0.000157913 1.82084e-06 7.72949e-07 8.80635e-10 0.009504 0.640556 2.24909e-07 
2.76728e-06 2.32072e-09 2.81758e-09 3.20866e-06 0.623245 2.5355e-10 7.32711e-06 1.07915e-05 1.49338e-05 0.0199226 1.20885e-09 4.56507e-10 5.86501e-10 2.32842e-09 7.56184e-06 3.7628e-09 5.5799e-06 0.0103566 3.21885e-06 7.21489e-06 1.72641e-09 3.96471e-10 9.37401e-06 0.346395 8.39741e-06 
0.00274437 1.89274e-07 9.77257e-10 0.00537692 0.00103754 0.000685273 0.00115706 0.00727962 2.47821e-10 0.00515915 4.19281e-10 0.00067961 2.8158e-07 6.15363e-07 8.94846e-06 1.3051e-09 0.000716282 9.77657e-11 0.00470961 2.31082e-06 5.98792e-10 1.37513e-10 0.0196155 0.950826 7.05344e-07 
0.00274437 1.89274e-07 9.77257e-10 0.00537692 0.00103754 0.000685273 0.00115706 0.00727962 2.47821e-10 0.00515915 4.19281e-10 0.00067961 2.8158e-07 6.15363e-07 8.94846e-06 1.3051e-09 0.000716282 9.77657e-11 0.00470961 2.31082e-06 5.98792e-10 1.37513e-10 0.0196155 0.950826 7.05344e-07 
1.07305e-05 3.975e-06 4.82604e-06 5.49535e-07 0.00113012 8.73275e-06 2.44417e-05 0.000212365 1.22383e-06 3.99016e-05 1.51771e-05 7.8192e-07 0.000156898 7.81232e-05 0.002525 6.44506e-06 7.18551e-07 1.67454e-05 1.82767e-05 3.16821e-05 2.95704e-06 6.79089e-07 2.1266e-07 0.995707 2.7655e-06 
0.000146876 0.000340929 2.84524e-06 0.0519404 1.45277e-07 0.000194109 1.12058e-05 0.000337919 0.00086916 1.32769e-05 1.22072e-06 0.000192652 2.61828e-06 8.38377e-06 0.0547114 3.79975e-06 4.23629e-07 2.57035e-05 0.000925251 0.000509273 9.69496e-06 4.00364e-07 3.23483e-06 0.889743 5.81351e-06 
0.00274437 1.89274e-07 9.77257e-10 0.00537692 0.00103754 0.000685273 0.00115706 0.00727962 2.47821e-10 0.00515915 4.19281e-10 0.00067961 2.8158e-07 6.15363e-07 8.94846e-06 1.3051e-09 0.000716282 9.77657e-11 0.00470961 2.31082e-06 5.98792e-10 1.37513e-10 0.0196155 0.950826 7.05344e-07 
3.56398e-05 3.35428e-05 2.59108e-09 3.63703e-06 0.0238547 5.03527e-05 0.000770643 0.00315537 1.77791e-06 0.00156926 0.00497022 0.000216185 5.39353e-10 2.14124e-09 0.00112679 4.41801e-05 3.24068e-06 0.000232382 2.21532e-07 1.03228e-05 4.07129e-06 3.64599e-10 0.0129006 0.951001 1.53879e-05 
0.00482921 0.0263451 2.14992e-07 0.00125716 0.00519395 0.000867899 0.000864965 0.000692377 0.000661792 0.00186013 6.24082e-08 0.00111538 0.000143854 0.000162411 0.000758972 2.16586e-07 3.60713e-05 2.01766e-06 0.000156237 8.78402e-08 3.05507e-05 7.98456e-08 0.00299782 0.951957 6.59776e-05 
0.0426029 1.44368e-05 1.75277e-05 0.915403 0.000336208 0.00658535 4.06935e-06 0.000995594 0.00016957 0.000985432 7.52008e-06 0.000146021 3.64854e-06 1.44847e-05 1.06887e-05 0.000270454 0.000861322 0.000122045 0.000927026 3.47902e-06 1.07397e-05 2.46639e-06 0.027693 0.0028029 1.00441e-05 
0.000221804 1.33341e-05 4.8916e-06 5.65198e-06 0.00051305 4.40189e-07 7.5919e-06 0.013811 0.000212185 0.000242717 0.000349955 2.48479e-05 0.000125063 4.04237e-06 0.000990798 0.00034005 0.000918184 1.53425e-05 0.00123466 8.02822e-05 1.09843e-05 6.88314e-07 0.000132766 0.980737 2.80307e-06 
0.0143272 1.72559e-06 2.09503e-06 0.00118073 6.92457e-05 1.88529e-07 0.000126235 0.000163706 5.31275e-07 0.000115425 8.98849e-07 3.39439e-07 4.36097e-07 1.73131e-06 0.000193951 2.79786e-06 0.000235523 2.09589e-07 7.80168e-05 4.15835e-07 7.04237e-05 2.94799e-07 8.46906e-05 0.983342 1.20053e-06 
4.77701e-05 0.000127943 1.28694e-09 1.46542e-10 0.729909 1.5288e-06 2.98784e-10 1.26397e-06 3.26352e-10 7.21158e-05 5.52146e-10 8.29894e-06 0.025966 1.06351e-09 7.84795e-10 0.0111843 2.24206e-06 4.24991e-07 4.02947e-07 2.5544e-10 7.88541e-10 1.81089e-10 0.0172999 0.215375 3.76181e-06 
0.0937122 7.66454e-05 8.07694e-08 0.0435843 0.013594 0.00320725 1.4458e-05 0.218249 0.000484629 1.48529e-05 4.05379e-05 0.000170419 0.0026482 6.6747e-08 0.309922 1.07866e-07 0.00223933 2.33147e-05 5.11778e-06 0.00148475 3.01758e-05 1.13653e-08 0.0958778 0.214574 4.67863e-05 
0.0034625 0.000825918 3.18128e-08 0.00681567 0.000610004 1.92179e-07 1.6012e-06 3.81687e-06 0.000250478 0.000309613 1.36489e-08 1.11742e-06 1.88379e-06 2.62898e-08 3.59808e-06 4.24852e-08 0.00718073 7.67498e-07 6.80677e-07 0.00304349 3.81877e-06 4.47649e-09 3.86854e-07 0.977474 9.88025e-06 
0.00274437 1.89274e-07 9.77257e-10 0.00537692 0.00103754 0.000685273 0.00115706 0.00727962 2.47821e-10 0.00515915 4.19281e-10 0.00067961 2.8158e-07 6.15363e-07 8.94846e-06 1.3051e-09 0.000716282 9.77657e-11 0.00470961 2.31082e-06 5.98792e-10 1.37513e-10 0.0196155 0.950826 7.05344e-07 
0.0237073 0.000853914 1.5359e-07 0.159023 0.0237343 0.00251026 0.000503484 0.00147838 0.0094575 0.0345469 0.00342025 6.8416e-05 0.0123752 2.74419e-05 0.000423946 0.00112119 0.0079161 0.00742839 0.025223 0.00443966 1.00485e-08 1.49269e-06 0.0393225 0.633751 0.00866659 
0.0311869 0.000195781 3.01641e-10 0.0127491 0.117235 0.0317052 0.0196073 0.0244843 0.00967765 0.0189513 0.000339552 0.000845597 0.00359688 0.000129106 0.00179615 1.36699e-05 0.0123311 0.0110521 0.00623278 0.00307256 8.26915e-05 6.1544e-05 0.0327362 0.660599 0.00131866 
3.31566e-06 1.54082e-09 1.87071e-09 2.13015e-10 0.0605447 1.68342e-10 4.34315e-10 4.75369e-06 3.22631e-06 4.53604e-10 8.02606e-10 6.06491e-07 3.89402e-10 1.54593e-09 0.000420266 2.49828e-09 2.7853e-10 0.0105634 1.1738e-07 1.41135e-06 2.63748e-06 2.63233e-10 0.00346338 0.924981 1.0721e-05 
1.64701e-11 0.000874352 2.14666e-10 2.44438e-11 0.0177352 2.4342e-07 0.00116239 0.0326508 0.00118941 0.00418312 9.21001e-11 0.0001671 4.9247e-05 1.77398e-10 0.0058481 2.86681e-10 0.00110498 3.52218e-07 1.57905e-07 4.30345e-09 4.47339e-07 3.02064e-11 4.63601e-08 0.935034 1.23012e-10 
0.00758346 0.000707468 0.00618663 4.93203e-05 0.0535356 0.000220951 0.0013178 0.127988 9.87751e-05 0.0119635 0.00015644 0.000102377 0.00324634 4.33202e-05 0.00441726 0.000314562 0.00176866 0.000109106 0.000926813 0.000185959 0.000644618 4.64373e-05 0.00333222 0.775055 4.18843e-08 
4.83075e-10 5.62434e-07 6.29623e-09 1.70074e-06 0.00905968 7.41667e-06 3.88103e-07 3.71302e-07 0.0313141 4.55816e-07 8.66036e-05 0.00185572 1.31061e-09 5.20314e-09 0.49448 8.40846e-09 5.66589e-07 1.4942e-06 8.4789e-07 0.00169141 4.82176e-07 8.85964e-10 5.47382e-06 0.461493 3.60798e-09 
0.000100891 1.07033e-06 1.29948e-06 2.6961e-05 0.00154988 1.16939e-07 0.000228244 0.000108798 3.29533e-07 3.15095e-07 5.57527e-07 2.10543e-07 2.70497e-07 3.38154e-05 0.915908 1.73542e-06 6.09251e-06 0.000401313 2.03335e-07 2.57929e-07 5.16339e-05 1.82854e-07 5.24609e-05 0.0813658 0.000159227 
3.76061e-05 1.52459e-09 0.00171717 2.27002e-05 0.199889 1.66569e-10 4.16891e-06 0.436427 0.0305954 3.81546e-06 7.94149e-10 2.999e-10 3.85299e-10 1.52964e-09 1.12877e-09 3.9576e-06 2.75596e-10 2.4445e-06 2.89633e-10 0.000931427 1.13415e-09 2.6046e-10 5.56276e-06 0.330344 1.58053e-05 
0.0697934 2.27942e-06 2.76744e-06 0.00712214 0.0164338 2.49038e-07 0.00963826 0.00540179 7.0179e-07 0.0179175 0.0453576 0.0040359 5.76064e-07 2.28699e-06 0.0126589 0.00369954 0.640934 0.00307339 0.000433466 0.0202148 0.00797141 3.89416e-07 0.00948766 0.0956839 0.0301327 
1.32091e-07 8.48275e-09 1.02989e-08 8.10772e-06 0.33757 0.00158067 0.0516428 0.00017031 5.7384e-05 1.93882e-05 0.000186141 0.00016962 1.13607e-06 8.51089e-09 5.07741e-05 1.37539e-08 1.17237e-05 0.0801675 1.67129e-06 2.04419e-09 0.00333733 1.44919e-09 2.35555e-07 0.524833 0.000191986 
0.00274437 1.89274e-07 9.77257e-10 0.00537692 0.00103754 0.000685273 0.00115706 0.00727962 2.47821e-10 0.00515915 4.19281e-10 0.00067961 2.8158e-07 6.15363e-07 8.94846e-06 1.3051e-09 0.000716282 9.77657e-11 0.00470961 2.31082e-06 5.98792e-10 1.37513e-10 0.0196155 0.950826 7.05344e-07 
4.53703e-05 4.58663e-05 1.36664e-07 1.55618e-08 1.27705e-05 9.14832e-07 3.17289e-08 5.55421e-05 3.46565e-08 3.31381e-08 4.36165e-06 2.21425e-08 2.84478e-08 1.12938e-07 8.33402e-08 1.82512e-07 0.0232987 1.3672e-08 2.13845e-08 0.000434127 1.95332e-05 1.92305e-08 0.00254422 0.973538 7.83139e-08 
0.00523296 8.48732e-06 3.73337e-10 3.94935e-06 0.0707387 0.00283572 2.27967e-06 2.60769e-06 9.46738e-11 4.03754e-06 3.78031e-06 0.000920006 5.75154e-07 1.11099e-06 0.241021 4.98582e-10 1.87331e-06 1.28857e-06 0.322833 8.0779e-07 6.63613e-07 5.25335e-11 0.0118865 0.344499 1.7331e-06 
0.10483 2.92575e-06 4.95234e-09 6.28571e-06 0.00688607 1.17657e-05 1.75341e-05 1.90783e-05 6.58052e-06 1.20083e-09 3.40353e-05 8.02384e-10 0.00616324 2.12344e-05 1.72206e-05 4.76231e-06 0.036727 1.17181e-06 1.31901e-06 6.00899e-06 8.07379e-06 6.96861e-10 0.0190501 0.826186 2.83788e-09 
0.451554 0.00650547 4.99484e-09 5.47202e-06 1.09315e-05 1.33665e-06 2.57431e-06 1.28307e-05 1.26663e-09 0.0334362 0.15231 8.09268e-10 1.03971e-09 4.12768e-09 3.04593e-09 0.00147748 0.0156351 1.59348e-06 0.0303576 9.91409e-10 0.0011244 7.02841e-10 0.307549 1.54448e-05 2.86223e-09 
0.0120146 2.71994e-07 0.000165919 0.00339155 0.862052 0.00156704 0.00229536 0.00881531 0.00128582 0.00601459 0.00498515 1.73651e-05 8.35193e-07 1.20077e-06 2.73112e-06 3.05697e-09 0.000647872 0.0407417 0.0101169 0.000320214 1.40256e-09 2.05521e-07 0.0120477 0.0335091 6.95002e-06 
8.55349e-07 3.96305e-08 4.81153e-08 4.39335e-07 4.85699e-06 2.52556e-06 1.29677e-06 1.74579e-06 3.79328e-06 1.16669e-08 0.999021 3.15471e-06 0.00075577 3.9762e-08 2.93415e-08 6.42568e-08 0.000105315 1.44105e-05 1.34697e-06 2.04642e-06 2.31812e-07 6.77047e-09 7.3703e-05 3.27189e-06 4.06487e-06 
9.14404e-05 7.5025e-07 2.6861e-10 3.05863e-11 0.00905977 2.02728e-07 6.89814e-05 0.024308 3.78017e-07 0.0047925 1.15244e-10 0.000248576 1.12953e-06 1.54179e-07 0.00281082 4.32392e-07 3.46771e-07 3.23905e-08 1.5378e-05 5.33155e-11 0.000595311 3.7797e-11 2.28849e-07 0.957906 9.92672e-05 
0.117975 2.10247e-05 1.70348e-06 0.118821 0.0340864 0.00224917 0.00087965 0.00052546 0.000249935 0.0169969 0.0148109 0.000180899 0.000381907 9.52869e-05 0.000256968 4.43578e-07 0.00267474 0.000313078 8.04859e-06 0.00116524 3.1402e-05 2.63297e-06 0.0137818 0.669926 0.00456436 
0.00487083 0.000215113 1.57179e-09 0.00498399 0.00176393 1.41444e-10 5.19019e-07 0.0126378 3.80342e-06 0.00279954 9.75866e-08 0.00198276 1.27341e-06 1.29891e-09 0.000394558 3.69036e-07 0.00165565 8.37323e-07 0.000504158 0.00302925 1.1163e-06 2.21172e-10 0.00468357 0.960308 0.000163174 
0.500377 3.80283e-06 9.49109e-07 0.0195912 0.100711 0.000174334 0.00174079 0.00449019 0.000561374 0.059998 0.00244039 0.000384294 0.0108381 0.000279024 0.052489 5.33335e-05 0.00224618 0.114233 0.00949347 0.00306721 0.000852598 6.96055e-06 0.0117365 0.0992051 0.00502588 
0.000304139 0.000459638 1.65943e-07 3.18766e-05 0.00165981 1.4933e-08 5.70373e-07 0.000705561 4.20813e-08 6.2999e-06 2.62504e-05 0.00241387 3.45424e-08 1.37134e-07 0.000318932 2.21613e-07 0.00225011 8.95835e-07 2.82188e-06 3.29376e-08 0.00440882 2.33505e-08 4.461e-06 0.987397 8.30782e-06 
0.0150131 0.000140553 8.06225e-07 0.0358963 0.0312159 0.104424 7.21251e-05 0.197686 0.00199249 0.0185026 0.0115714 3.652e-05 0.000274145 3.67639e-06 0.0203667 3.41363e-07 0.0646944 0.000258997 0.00048885 8.50125e-05 3.34533e-05 3.57316e-06 0.183448 0.313312 0.000480162 
0.000694387 4.68763e-08 4.3838e-08 0.000391091 0.53375 0.00097135 0.0083383 0.000928853 0.000458797 0.0271772 0.000665574 9.80754e-05 1.15518e-08 7.29802e-05 0.000893484 2.2937e-08 0.00193755 0.350417 0.000213903 5.77405e-08 0.0583556 3.92121e-09 0.000389258 0.0142348 1.08068e-05 
4.75721e-05 4.69388e-09 5.69883e-09 0.000177155 2.90979e-10 4.05654e-05 1.32308e-09 0.015224 1.44516e-09 1.38184e-09 2.44502e-09 9.2333e-10 1.4948e-05 4.70946e-09 3.47524e-09 7.61065e-09 1.94315e-05 5.70686e-07 2.55932e-05 4.28715e-05 3.49183e-09 8.01902e-10 0.984407 8.40955e-10 3.26565e-09 
8.6384e-07 3.19668e-09 3.88108e-09 1.98914e-06 0.244195 4.47079e-06 9.92061e-07 0.238884 4.03617e-06 2.91827e-06 0.000501375 6.29444e-07 8.07877e-10 0.000101995 1.63329e-05 5.18308e-09 5.77855e-10 3.88266e-10 6.07289e-10 5.54723e-06 2.37804e-09 5.4612e-10 2.89042e-06 0.516276 2.224e-09 
0.00263942 3.8776e-05 9.81044e-07 0.00186216 0.00322483 1.92014e-07 0.0031512 0.0389515 0.000531042 0.484601 0.0001338 2.58319e-07 0.00153868 0.000274435 0.000127095 1.64936e-09 0.00198981 0.000314595 0.0054855 0.00906257 7.56742e-10 1.73787e-10 0.00701436 0.43782 0.00123751 
4.4057e-05 2.64211e-08 3.20778e-08 0.851079 0.0342996 2.88664e-09 8.9443e-06 3.62305e-05 6.58978e-05 1.63419e-05 1.37626e-08 8.32085e-06 6.67724e-09 2.65088e-08 0.000113477 4.28391e-08 4.77608e-09 3.20909e-09 5.01935e-09 6.36701e-09 1.96549e-08 4.51377e-09 0.114306 6.63177e-06 1.47238e-05 
1.63573e-08 0.0012133 3.64115e-09 4.14614e-10 3.9706e-07 3.27663e-10 0.00125207 0.0015099 9.23354e-10 1.08488e-06 2.46643e-06 0.000285765 1.7524e-07 5.22529e-07 2.13204e-06 4.86267e-09 5.42133e-10 1.0179e-07 8.64034e-07 1.40935e-06 6.87026e-07 5.12359e-10 2.67947e-07 0.995728 3.62335e-07 
1.26148e-09 1.35423e-08 3.25564e-06 0.000325347 0.739002 1.47956e-09 3.68691e-06 1.49642e-06 0.00157005 3.98673e-09 7.0541e-09 4.72603e-06 3.42246e-09 4.57562e-06 0.0157785 2.19574e-08 2.448e-09 0.242725 2.57269e-09 9.14557e-05 1.16891e-07 2.31356e-09 2.15818e-07 0.000490286 9.42169e-09 
1.5124e-05 0.000168032 4.30386e-09 4.90075e-10 2.19753e-10 1.93688e-06 1.79958e-06 2.8006e-06 1.09141e-09 3.08913e-05 1.84652e-09 7.18305e-06 8.95882e-10 3.55667e-09 9.1886e-06 5.7477e-09 6.40804e-10 2.06713e-06 0.00792487 8.54259e-10 2.63709e-09 6.05611e-10 1.57428e-06 0.991829 5.18165e-06 
3.54111e-06 0.207076 2.45151e-09 1.67352e-06 0.40122 9.31611e-07 0.0025257 0.105648 6.21674e-10 6.14381e-07 2.45472e-05 0.00121691 0.00200626 2.0259e-09 1.49497e-09 6.90833e-07 3.65007e-10 0.000430753 3.05158e-06 2.76208e-06 6.58706e-07 3.44961e-10 0.0238862 0.255952 1.40481e-09 
0.0572893 1.43742e-05 1.00434e-09 0.0286406 0.0228076 0.00234784 0.000200902 0.00359626 0.00019574 0.00537953 0.000203258 0.000164208 0.01527 6.36474e-05 0.00109611 0.000102294 5.43642e-06 0.000201233 0.00489888 0.00173374 0.00293726 1.14177e-07 3.57592e-06 0.851928 0.000920159 
1.98456e-06 1.14594e-06 2.60319e-09 2.28796e-06 0.0312777 2.34258e-10 2.75345e-06 0.00543624 1.05712e-06 1.0108e-06 1.11687e-09 4.15798e-07 2.45136e-07 2.15125e-09 0.00548362 3.4765e-09 0.00238161 0.000580715 7.86004e-07 1.34369e-06 1.59505e-09 3.66304e-10 0.000375186 0.95445 1.57357e-06 
0.00167664 1.67591e-06 5.39486e-10 0.00189533 0.218203 4.85477e-11 0.000494221 0.019837 0.32195 5.10585e-05 2.55404e-05 8.11805e-08 1.12298e-10 8.27678e-07 0.397103 1.01243e-05 5.34878e-07 0.0223018 0.0149425 9.94978e-07 3.30558e-10 7.5913e-11 1.00515e-06 0.00141388 9.05388e-05 
0.000712013 1.04542e-05 3.60759e-05 0.000402446 0.0127967 6.98809e-05 2.94675e-06 0.00346491 0.000337449 0.000180737 0.000165964 2.48924e-05 4.82801e-05 0.000184403 0.00205529 0.000173091 0.000130133 1.26976e-06 0.00383336 8.29686e-05 0.000103295 1.78599e-06 0.000182741 0.974474 0.000525392 
7.27614e-10 4.35283e-06 9.48348e-09 0.0171071 0.114413 8.53406e-10 0.0196599 0.109006 3.40757e-06 0.220288 0.160843 1.53652e-09 5.66633e-06 7.83705e-09 0.0382264 0.00939006 1.412e-09 4.35663e-06 1.48392e-09 0.0411246 5.81078e-09 1.33445e-09 8.19979e-06 0.269916 5.43439e-09 
2.88857e-08 2.40474e-08 3.35546e-12 1.37171e-08 0.55281 1.85402e-08 0.00774251 0.00121131 0.00130224 0.00033521 0.0135986 8.31843e-09 6.98465e-13 1.05398e-08 2.31243e-08 1.16554e-08 2.57796e-08 0.421236 5.25043e-13 6.66014e-13 2.05598e-12 4.72158e-13 1.51409e-08 0.00176364 1.84609e-08 
0.000234592 0.00217296 7.44388e-07 1.48566e-06 0.0637215 0.00193805 0.000216014 0.0532717 0.00038376 0.01916 0.0298512 0.000900779 6.65e-07 1.57019e-10 0.0330299 2.63746e-05 7.30743e-07 0.00114006 0.000388701 8.25031e-07 0.00239511 1.19562e-07 0.00907271 0.781763 0.000329433 
0.0112415 6.41182e-06 6.10517e-07 0.00849272 0.0862187 0.000279829 0.0050848 0.0038749 0.000466162 0.00385575 0.000576008 5.59485e-08 0.00255372 5.04525e-07 0.0156922 9.27978e-10 0.00191693 0.000891701 6.1852e-08 0.00252264 1.63594e-07 9.77771e-11 0.00450352 0.848357 0.00346438 
0.00421256 1.12377e-06 1.36436e-06 1.55358e-07 0.0175974 1.22777e-07 0.00424433 0.00754463 2.21902e-05 3.45819e-05 5.85364e-07 2.21055e-07 0.00373187 0.000102542 0.723174 1.32056e-05 0.0149743 0.000384171 0.00386428 0.000253259 4.63495e-05 1.91984e-07 0.0216564 0.198139 7.81831e-07 
2.47249e-06 5.52861e-09 6.71228e-09 0.245589 2.41283e-05 0.0493035 1.55837e-09 3.37905e-06 1.70215e-09 1.62758e-09 2.50575e-05 6.53605e-07 1.39721e-09 5.54696e-09 4.09326e-09 8.96408e-09 2.12881e-05 6.71502e-10 4.4123e-06 0.676341 4.11279e-09 9.44507e-10 0.0286845 9.90505e-10 3.84639e-09 
1.49185e-08 3.37126e-06 1.21451e-10 1.38295e-11 8.1733e-07 5.13781e-08 2.03045e-07 0.00268229 1.78662e-07 2.32678e-07 5.15914e-07 0.000453562 2.5281e-11 1.00366e-10 0.001245 1.62357e-07 1.80829e-11 8.26327e-08 1.9004e-11 2.41064e-11 1.6379e-07 1.70898e-11 1.34335e-07 0.995613 2.01898e-07 
5.12076e-11 0.0129546 6.67423e-10 8.43142e-06 0.0836992 0.0520044 0.000356105 0.0764766 3.57386e-07 0.000871079 1.03188e-06 6.79755e-05 4.03115e-08 5.51551e-10 0.00185278 8.89086e-05 2.68289e-07 0.00112515 0.0020045 1.32474e-10 7.97652e-07 9.39153e-11 0.125659 0.642828 3.82459e-10 
4.75825e-05 1.52933e-08 1.85675e-08 0.173749 0.103868 4.22746e-05 0.00752702 0.354544 0.134739 4.50221e-09 7.96619e-09 3.00833e-09 2.86047e-05 1.5344e-08 0.000281949 2.47965e-08 2.76453e-09 1.30212e-06 2.90534e-09 3.35409e-05 1.13768e-08 2.6127e-09 8.18182e-10 0.225112 2.44824e-05 
0.00010917 0.000147854 2.60121e-08 2.96196e-09 0.00112509 2.34079e-09 0.000169706 2.74637e-05 6.59635e-09 0.000592267 1.11602e-08 3.87776e-05 5.41461e-09 2.14961e-08 1.58626e-08 3.12993e-05 0.00372656 0.00213646 0.000171767 7.89999e-05 1.59383e-08 3.66025e-09 2.9803e-05 0.991425 0.00018932 
1.06335e-06 0.000129678 6.88144e-11 4.76425e-07 0.00053452 1.16425e-07 0.00113907 2.97351e-07 7.85445e-08 0.0150271 5.49178e-07 0.000289113 1.25195e-06 2.84907e-08 6.58879e-07 2.48222e-07 1.02458e-11 0.000120882 0.000643434 2.06261e-07 1.22319e-07 9.68311e-12 3.03232e-12 0.98211 6.03369e-07 
7.62047e-05 0.00028068 1.45131e-07 1.65259e-08 0.00696711 1.68741e-05 0.00982435 0.0645793 2.11543e-05 0.0814348 3.99665e-05 9.01715e-06 0.000566367 1.19935e-07 0.0245059 0.000105292 1.5963e-05 0.000100152 0.00082213 0.000203285 0.00184108 2.04219e-08 0.00020312 0.808387 8.31656e-08 
1.08143e-07 1.16095e-06 1.4095e-06 0.000488514 0.0867608 0.00220389 3.27239e-07 0.00101494 0.00931716 0.000478051 6.04731e-07 2.28369e-07 0.00234857 0.000322194 8.59537e-07 3.89392e-05 0.00852399 6.85401e-05 0.000637257 0.000296369 8.63639e-07 1.98336e-07 0.0154786 0.87195 6.6436e-05 
1.6774e-06 8.22496e-08 9.9859e-08 1.13708e-08 0.275938 8.98619e-09 2.31839e-08 0.473074 2.19184e-05 6.57696e-06 4.28434e-08 1.61793e-08 2.07864e-08 8.25225e-08 1.37345e-06 1.33359e-07 6.46423e-05 0.00756139 1.98862e-05 7.1817e-05 6.11863e-08 1.40515e-08 2.54213e-05 0.243128 8.40902e-05 
7.43757e-05 0.000137259 3.78652e-08 6.94222e-05 1.97224e-05 3.40744e-09 8.79103e-09 6.32188e-05 9.60217e-09 2.57173e-05 1.62457e-08 6.13496e-09 7.88194e-09 3.12914e-08 2.30908e-08 5.05681e-08 0.966307 3.78807e-09 5.92493e-09 1.51067e-06 2.3433e-06 5.32814e-09 4.00616e-06 4.07953e-05 0.0332548 
8.81496e-06 2.12801e-08 1.4645e-05 0.000101396 1.31918e-09 0.0418976 9.7574e-07 0.00506857 6.55172e-09 0.598811 2.51e-05 3.42561e-07 5.37798e-09 2.13507e-08 0.0392251 3.45034e-08 0.0249737 1.13173e-06 0.000622516 6.97488e-06 6.39988e-05 3.63548e-09 1.76097e-05 0.289153 7.20122e-06 
2.52982e-07 2.71583e-06 3.29728e-06 0.000144114 0.000112962 2.96718e-07 0.000174489 0.00993975 0.000288735 7.99518e-07 1.41466e-06 2.97979e-05 6.86355e-07 3.6865e-05 2.01074e-06 4.40344e-06 4.90934e-07 2.85518e-06 5.1594e-07 3.15965e-06 2.02033e-06 4.63972e-07 2.01702e-05 0.989226 1.88947e-06 
1.94649e-07 0.00181866 1.20027e-09 7.84481e-07 0.00831429 1.08011e-10 1.04509e-06 0.00233315 3.28419e-06 1.25377e-06 9.73325e-06 4.35399e-07 1.55237e-05 9.91889e-10 0.000561587 5.43068e-07 0.590758 0.000670782 1.87811e-10 9.11708e-07 0.00232607 1.68894e-10 1.72015e-07 0.393182 6.68658e-07 
0.949915 0.0016734 7.25339e-07 0.00196581 0.0031925 6.52723e-08 0.00180205 0.0051643 0.00235458 0.000510223 3.11199e-07 1.1752e-07 0.00209884 5.99413e-07 4.42323e-07 9.68672e-07 0.00446034 7.25636e-08 1.13497e-07 1.4397e-07 0.000178219 1.02065e-07 0.0115032 0.0151777 4.15647e-07 
0.00274437 1.89274e-07 9.77257e-10 0.00537692 0.00103754 0.000685273 0.00115706 0.00727962 2.47821e-10 0.00515915 4.19281e-10 0.00067961 2.8158e-07 6.15363e-07 8.94846e-06 1.3051e-09 0.000716282 9.77657e-11 0.00470961 2.31082e-06 5.98792e-10 1.37513e-10 0.0196155 0.950826 7.05344e-07 
0.00274437 1.89274e-07 9.77257e-10 0.00537692 0.00103754 0.000685273 0.00115706 0.00727962 2.47821e-10 0.00515915 4.19281e-10 0.00067961 2.8158e-07 6.15363e-07 8.94846e-06 1.3051e-09 0.000716282 9.77657e-11 0.00470961 2.31082e-06 5.98792e-10 1.37513e-10 0.0196155 0.950826 7.05344e-07 
0.00555466 1.43985e-07 1.74811e-07 0.0194139 0.0343899 0.0209591 2.57835e-05 0.0151691 0.0270021 5.21678e-05 0.000198205 6.08797e-05 0.000116037 5.76027e-05 0.0282285 2.33456e-07 0.000434512 0.000211804 0.00196996 0.0202041 1.07112e-07 2.45983e-08 0.00926189 0.816689 1.00174e-07 
0.109037 0.0381386 3.04461e-06 0.0212306 0.0631737 3.63398e-06 0.00103944 0.0708769 0.000108327 0.00679391 0.00152338 0.000312238 0.181026 2.20163e-09 6.08346e-06 3.55792e-09 0.0509478 9.28908e-07 0.0277761 0.00277832 5.16312e-06 3.74883e-10 0.00298034 0.421874 0.000364498 
0.170572 1.24915e-09 0.00100787 0.0803334 0.141873 9.30539e-07 0.00121619 0.229667 0.0113777 0.00686905 6.50676e-10 3.59721e-07 1.79225e-06 1.25329e-09 3.79764e-07 2.32343e-06 9.61318e-06 0.000572449 2.37307e-10 5.41283e-06 9.29255e-10 2.13404e-10 0.16626 0.190231 8.69063e-10 
0.279241 9.36001e-05 1.08187e-06 0.00300411 0.0397409 5.17454e-06 0.000119223 0.00405664 0.01472 0.00413872 2.60929e-05 4.1581e-06 0.00158106 8.94044e-07 0.0273616 1.44481e-06 0.00156892 0.000494828 5.71992e-05 0.0945566 6.62889e-07 1.52233e-07 1.76951e-05 0.526303 0.00290559 
0.0419297 6.94723e-05 1.03176e-06 0.35879 0.00749927 1.21538e-05 1.86713e-05 2.1211e-05 2.61642e-07 0.0109415 3.10074e-05 3.88421e-06 0.0274468 9.83312e-06 2.41917e-05 1.37789e-06 0.00228073 1.05218e-05 0.31106 6.73565e-06 6.32187e-07 1.45182e-07 0.239081 3.77928e-05 0.000722275 
0.00274437 1.89274e-07 9.77257e-10 0.00537692 0.00103754 0.000685273 0.00115706 0.00727962 2.47821e-10 0.00515915 4.19281e-10 0.00067961 2.8158e-07 6.15363e-07 8.94846e-06 1.3051e-09 0.000716282 9.77657e-11 0.00470961 2.31082e-06 5.98792e-10 1.37513e-10 0.0196155 0.950826 7.05344e-07 
0.0274613 8.14598e-06 3.17439e-07 0.00581563 0.0389566 2.03855e-06 0.000337781 0.000814993 0.000518824 0.000349472 0.00012297 0.000200897 0.000729684 2.62329e-07 0.00347063 1.0433e-05 0.000947855 0.00021414 8.43942e-06 0.00335661 2.83494e-05 4.4668e-08 0.0118793 0.904 0.000765589 
0.00274437 1.89274e-07 9.77257e-10 0.00537692 0.00103754 0.000685273 0.00115706 0.00727962 2.47821e-10 0.00515915 4.19281e-10 0.00067961 2.8158e-07 6.15363e-07 8.94846e-06 1.3051e-09 0.000716282 9.77657e-11 0.00470961 2.31082e-06 5.98792e-10 1.37513e-10 0.0196155 0.950826 7.05344e-07 
6.06251e-08 0.00148863 7.90167e-07 8.99754e-08 0.0317134 2.27437e-05 8.9792e-05 0.0184233 7.90451e-05 0.000102879 0.680598 4.18179e-05 1.6448e-07 6.52986e-07 0.00601401 7.26454e-05 1.17648e-07 3.65464e-05 1.23641e-07 1.56838e-07 4.84157e-07 1.11187e-07 5.93257e-05 0.261255 4.52796e-07 
0.0120146 2.71994e-07 0.000165919 0.00339155 0.862052 0.00156704 0.00229536 0.00881531 0.00128582 0.00601459 0.00498515 1.73651e-05 8.35193e-07 1.20077e-06 2.73112e-06 3.05697e-09 0.000647872 0.0407417 0.0101169 0.000320214 1.40256e-09 2.05521e-07 0.0120477 0.0335091 6.95002e-06 
0.00085901 5.48516e-10 6.65952e-10 3.71648e-07 6.80404e-08 4.67499e-07 1.54612e-10 0.00222448 1.68878e-10 5.81484e-07 2.85719e-10 0.000673943 1.38623e-10 5.50336e-10 0.0252566 2.67698e-07 2.98453e-08 6.66224e-11 1.04204e-10 1.32183e-10 8.98109e-07 9.37084e-11 2.93453e-11 0.970982 1.10707e-06 
0.137597 1.47089e-08 1.7858e-08 2.03347e-09 0.00705439 1.60702e-09 1.18978e-05 0.00499539 4.52857e-09 1.95074e-06 7.27137e-05 2.89337e-09 1.54069e-05 1.47577e-08 0.00336621 1.14264e-05 0.000223951 4.99851e-06 1.00245e-05 4.96043e-06 1.09421e-08 2.51286e-09 0.0323499 0.814279 1.02333e-08 
4.88975e-07 0.000549452 6.37314e-06 7.25702e-07 0.00132829 0.995745 1.47963e-06 0.000811834 1.61615e-06 1.54534e-06 2.73432e-06 1.03258e-06 1.32662e-06 5.2667e-06 0.000663202 8.51117e-06 9.48899e-07 0.000180906 9.97232e-07 1.26498e-06 3.90499e-06 8.96786e-07 0.000119386 0.000559345 3.65205e-06 
1.81267e-08 0.00655806 2.36257e-07 2.69023e-08 0.00158994 9.9945e-05 0.000394981 0.00153421 0.000347548 0.000452624 0.0010036 0.000183775 4.91787e-08 1.9524e-07 0.00115273 0.00031583 3.51764e-08 0.000160744 3.69681e-08 4.68938e-08 1.44761e-07 3.32445e-08 0.000261319 0.985944 1.35384e-07 
0.00274437 1.89274e-07 9.77257e-10 0.00537692 0.00103754 0.000685273 0.00115706 0.00727962 2.47821e-10 0.00515915 4.19281e-10 0.00067961 2.8158e-07 6.15363e-07 8.94846e-06 1.3051e-09 0.000716282 9.77657e-11 0.00470961 2.31082e-06 5.98792e-10 1.37513e-10 0.0196155 0.950826 7.05344e-07 
0.00274437 1.89274e-07 9.77257e-10 0.00537692 0.00103754 0.000685273 0.00115706 0.00727962 2.47821e-10 0.00515915 4.19281e-10 0.00067961 2.8158e-07 6.15363e-07 8.94846e-06 1.3051e-09 0.000716282 9.77657e-11 0.00470961 2.31082e-06 5.98792e-10 1.37513e-10 0.0196155 0.950826 7.05344e-07 
0.00195609 9.00104e-05 2.58404e-08 0.00200403 0.000708209 2.32535e-09 0.000164746 0.00507468 0.000245202 0.00112815 2.20303e-07 0.00811844 2.54569e-06 7.05588e-06 0.000167137 7.49759e-07 0.000670033 1.67306e-06 0.000207959 0.0012183 2.18991e-06 3.6361e-09 0.00187712 0.976287 6.86638e-05 
0.296069 1.88011e-08 2.28263e-08 0.27844 0.0775705 0.000322696 5.2995e-09 2.80202e-09 6.40573e-05 4.61943e-05 6.01344e-05 2.7229e-06 7.36863e-05 1.88634e-08 0.000111739 3.0484e-08 0.0145716 3.52815e-06 6.70728e-06 0.000173355 1.39863e-08 3.21197e-09 1.00585e-09 0.328005 0.00447921 
0.00033516 0.000138958 3.13766e-07 0.000620235 4.3912e-05 0.036152 2.16783e-05 0.0144553 0.000518614 0.00865657 1.34618e-07 0.000208862 9.28973e-06 2.59293e-07 0.000208274 4.19027e-07 0.00295158 3.13895e-08 0.00053587 9.41862e-07 9.25112e-05 4.41512e-08 0.000118829 0.93493 1.798e-07 
7.5316e-07 2.40706e-07 2.24627e-10 3.83696e-07 0.358041 2.22961e-06 0.0126212 0.0538543 0.013044 2.12476e-07 1.77329e-05 8.73829e-08 0.00257408 1.8563e-10 7.94631e-07 2.99984e-10 0.00955399 0.208938 0.00556851 1.8013e-06 1.79063e-07 3.16081e-11 4.85113e-08 0.335781 1.2872e-10 
1.11163e-09 1.19336e-08 1.48749e-06 0.00363556 0.103239 9.94277e-06 3.36376e-09 5.67779e-05 0.0179972 3.51315e-09 4.52977e-05 2.34745e-09 6.33974e-06 1.19732e-08 0.172787 1.93491e-08 7.97821e-06 2.12279e-06 5.30344e-06 6.1498e-05 8.87753e-09 2.03874e-09 0.0974162 0.601665 0.00306418 
