1.10922e-10 1.19078e-09 1.44572e-09 4.42935e-07 0.0270721 3.77353e-06 0.000645407 0.113595 7.46573e-07 0.000655914 0.00136604 1.57736e-07 0.00137062 7.17688e-07 8.81623e-10 1.93072e-09 0.00286414 0.0055263 0.792224 0.0540898 8.85832e-10 4.45508e-06 6.37059e-11 0.000580546 8.28453e-10 
0.00105321 1.0767e-06 1.30722e-06 0.000729522 0.000133559 0.00091767 3.03493e-07 0.00128389 3.31496e-07 0.00114141 5.60848e-07 0.000275548 2.72108e-07 1.08027e-06 0.0235969 0.000525475 5.85844e-05 1.30776e-07 2.04546e-07 2.59466e-07 8.00969e-07 1.83943e-07 5.76029e-08 0.970277 7.49087e-07 
0.00907264 2.6289e-06 3.19174e-06 0.0820568 0.00015199 6.79265e-05 7.41014e-07 0.000107868 8.09387e-07 0.00536309 4.74385e-05 5.17128e-07 0.000891286 2.63762e-06 0.00726551 4.26249e-06 0.000208837 3.19304e-07 4.99425e-07 0.00022524 1.95566e-06 0.00140254 1.40645e-07 0.87297 0.0201514 
8.73955e-08 1.74187e-05 1.13908e-06 3.18482e-06 0.995427 9.13973e-05 6.59865e-05 0.00313491 0.000511464 2.76202e-07 9.06272e-05 3.46326e-06 1.23103e-06 9.41327e-07 2.77448e-06 1.07294e-05 3.92737e-06 0.000569613 4.29361e-05 1.89593e-06 6.97947e-07 1.70082e-05 5.01939e-08 1.6809e-07 6.52738e-07 
0.000567044 8.68384e-06 1.0543e-05 1.20052e-06 5.38322e-07 9.48754e-07 2.44774e-06 0.000777812 2.67359e-06 2.55645e-06 4.52337e-06 1.70819e-06 2.19461e-06 8.71265e-06 6.42931e-06 1.408e-05 1.56976e-06 1.05473e-06 1.64971e-06 2.09265e-06 6.46e-06 1.48355e-06 4.64581e-07 0.990109 0.00846423 
1.9267e-10 2.69094e-06 2.51119e-09 2.85947e-10 0.00529748 2.25979e-10 1.86623e-06 0.0159168 6.36809e-10 2.19268e-06 1.0774e-09 4.06866e-10 5.22724e-10 2.07522e-09 0.000285449 3.35364e-09 0.0081921 2.51222e-10 4.08694e-06 4.98438e-10 2.30955e-06 3.53359e-10 1.10656e-10 0.970295 1.43901e-09 
0.000545762 1.12897e-05 1.37068e-05 0.00152122 6.99862e-07 1.23346e-06 3.18226e-06 1.68256e-06 0.000546806 0.000333531 5.88075e-06 3.75234e-05 2.85318e-06 1.13272e-05 0.996479 1.83051e-05 2.04081e-06 1.37124e-06 2.14476e-06 2.72061e-06 8.39852e-06 1.92873e-06 6.03992e-07 0.000438769 7.85451e-06 
2.31202e-07 8.24587e-09 1.00113e-08 2.28107e-06 0.216597 9.00903e-10 6.27789e-06 0.011621 2.53874e-09 2.50058e-05 4.29523e-09 1.62204e-09 7.29583e-06 8.27322e-09 0.211654 1.47202e-05 7.15629e-06 5.60961e-06 1.56651e-09 6.16202e-06 6.13418e-09 1.40872e-09 4.41149e-10 0.560053 5.73685e-09 
0.196267 1.06846e-08 1.29721e-08 0.0331312 0.0119465 1.16734e-09 3.01169e-09 0.000213061 3.28957e-09 3.14545e-09 5.56554e-09 8.40912e-06 1.75543e-05 1.072e-08 7.9106e-09 1.73239e-08 2.27927e-05 1.29774e-09 2.96372e-05 6.18206e-06 7.94836e-09 1.98981e-05 5.71618e-10 0.758201 0.000136784 
9.28996e-08 0.000306357 2.40652e-10 9.27284e-08 0.08841 0.00306222 0.00634364 0.20378 0.00333177 3.64563e-07 1.03249e-10 2.09883e-07 5.00936e-11 1.98872e-10 0.000575096 3.21385e-10 0.0423965 2.81345e-06 1.10536e-06 4.77662e-11 2.28212e-08 9.51047e-07 1.06044e-11 0.651789 2.99492e-07 
1.4508e-06 1.55747e-05 1.89093e-05 2.15317e-06 0.00115956 0.00765896 4.39009e-06 2.32118e-06 0.969104 4.58507e-06 8.11281e-06 3.0637e-06 3.93611e-06 1.56264e-05 1.15312e-05 2.52528e-05 0.011546 1.8917e-06 2.95881e-06 3.75323e-06 1.15862e-05 0.0103797 8.3324e-07 2.79037e-06 1.08357e-05 
0.00765282 1.13801e-06 1.71059e-12 3.52479e-10 0.000512354 1.53934e-13 0.000667622 7.41472e-05 0.989263 1.46277e-05 1.95129e-08 9.14322e-07 2.08261e-09 1.84307e-05 7.07026e-06 1.80109e-06 0.00104614 1.71129e-13 0.000599639 2.27242e-09 8.87124e-09 4.49873e-09 7.53777e-14 0.000118464 2.13647e-05 
2.71151e-06 2.91088e-05 3.53409e-05 4.02423e-06 1.80449e-06 3.18028e-06 8.20497e-06 4.33823e-06 0.9972 0.000420581 1.51626e-05 5.72597e-06 7.35649e-06 2.92054e-05 2.15515e-05 4.71969e-05 5.26192e-06 3.53554e-06 5.52994e-06 7.0147e-06 2.16543e-05 4.97294e-06 1.5573e-06 0.00209472 2.02517e-05 
0.153877 5.69733e-07 1.91851e-12 1.60593e-05 0.0117651 2.49679e-07 0.0187783 0.00247967 0.712802 0.0076004 9.80507e-05 0.0035797 0.000141448 0.00520736 0.000466097 3.32232e-05 0.0339121 1.22246e-07 0.0455429 0.000516777 8.46359e-06 0.000814248 1.82737e-07 0.00219214 0.000168458 
0.00442254 7.31079e-06 3.6492e-08 0.00374417 0.0687041 0.00348211 0.00318276 0.0761404 0.0077402 8.84849e-09 0.220857 5.91246e-09 3.22333e-05 3.01566e-08 0.00908195 4.87341e-08 5.43331e-09 3.65069e-09 5.71005e-09 0.433703 2.23596e-08 0.0325339 1.60803e-09 0.136341 2.75942e-05 
0.000958348 4.22976e-05 1.25079e-06 1.42426e-07 0.00230789 6.93541e-06 2.90392e-07 0.000139484 4.64579e-05 3.03289e-07 0.941529 2.02654e-07 0.0197984 9.9845e-06 0.0097053 1.6704e-06 0.00334479 2.09282e-05 1.95717e-07 0.0206083 7.66394e-07 1.76003e-07 5.51164e-08 0.00142257 5.43561e-05 
1.70761e-07 1.83317e-06 2.22564e-06 2.53432e-07 1.1364e-07 0.000160426 5.1672e-07 2.73206e-07 5.64397e-07 5.39669e-07 9.54888e-07 3.60601e-07 4.63285e-07 1.83925e-06 1.35723e-06 2.97229e-06 3.31377e-07 2.22656e-07 0.000244127 4.41761e-07 1.36371e-06 3.13178e-07 9.80735e-08 0.999577 1.27538e-06 
0.00473358 1.50246e-06 6.21367e-09 0.00492152 0.126752 0.177957 2.19454e-05 0.110657 1.51493e-05 4.05453e-05 3.91138e-05 1.00674e-09 7.54159e-06 0.00125676 3.7892e-09 8.2982e-09 4.04336e-05 1.18083e-05 4.05787e-05 3.97605e-05 3.80728e-09 5.19857e-05 2.73806e-10 0.573412 3.56067e-09 
4.4301e-10 4.75583e-09 5.77404e-09 2.36759e-06 3.07206e-05 5.19598e-10 1.85008e-05 1.07742e-05 8.05469e-06 5.6017e-06 2.47729e-09 9.35516e-10 1.20191e-09 4.77161e-09 9.86262e-06 7.71109e-09 0.034316 5.7764e-10 9.03489e-10 1.14607e-09 3.53791e-09 0.0922526 2.54434e-10 0.873343 2.65031e-06 
8.31804e-07 8.05916e-11 9.7846e-11 5.34808e-07 0.0376099 3.10114e-06 0.00134348 0.91254 0.00580844 0.0112468 1.59527e-06 1.58531e-11 3.07568e-07 6.55037e-07 5.96681e-11 1.30671e-10 1.64915e-06 4.8161e-07 0.000332668 1.62168e-06 5.99529e-11 0.0044548 4.3116e-12 0.026653 5.60695e-11 
3.98269e-05 2.64032e-08 3.2056e-08 0.0113198 0.0282268 2.88468e-09 2.87767e-05 9.47215e-06 8.12903e-09 0.000202978 0.0103832 6.04881e-06 5.33085e-07 2.64908e-08 5.42577e-05 4.28101e-08 3.25746e-05 0.00239497 3.91801e-05 6.3627e-09 1.96416e-08 7.59788e-05 1.41256e-09 0.947185 9.49416e-07 
0.00426293 1.97763e-09 2.40104e-09 0.00111181 3.75424e-07 0.00145315 0.0154981 6.87333e-07 6.08875e-10 0.000211972 1.33523e-06 2.8488e-07 5.66578e-06 3.52418e-07 1.46419e-09 3.20653e-09 0.781079 2.3161e-08 0.00075836 1.35099e-06 1.47118e-09 0.180693 1.05802e-10 0.0149174 3.48437e-06 
1.10922e-10 1.19078e-09 1.44572e-09 4.42935e-07 0.0270721 3.77353e-06 0.000645407 0.113595 7.46573e-07 0.000655914 0.00136604 1.57736e-07 0.00137062 7.17688e-07 8.81623e-10 1.93072e-09 0.00286414 0.0055263 0.792224 0.0540898 8.85832e-10 4.45508e-06 6.37059e-11 0.000580546 8.28453e-10 
1.01783e-05 0.000309306 9.7537e-09 0.149466 0.54833 0.0289145 2.26448e-09 5.4239e-05 2.30052e-05 8.04356e-06 4.18472e-09 2.37204e-06 7.92024e-06 8.06036e-09 1.13071e-05 1.30258e-08 9.0053e-06 9.75769e-10 7.02206e-06 1.93598e-09 5.97636e-09 1.37248e-09 4.29799e-10 0.272847 5.58924e-09 
1.22406e-05 5.61612e-06 5.67736e-09 0.142763 0.00784145 0.0784487 1.31809e-09 3.4986e-05 5.77322e-07 2.58821e-05 0.434668 9.19851e-10 1.18179e-09 4.69171e-09 1.35059e-05 7.58197e-09 8.45305e-10 5.67968e-10 1.2971e-05 0.0568787 3.47867e-09 3.51516e-05 2.50174e-10 0.279233 2.63554e-05 
1.10922e-10 1.19078e-09 1.44572e-09 4.42935e-07 0.0270721 3.77353e-06 0.000645407 0.113595 7.46573e-07 0.000655914 0.00136604 1.57736e-07 0.00137062 7.17688e-07 8.81623e-10 1.93072e-09 0.00286414 0.0055263 0.792224 0.0540898 8.85832e-10 4.45508e-06 6.37059e-11 0.000580546 8.28453e-10 
0.00154018 1.74322e-07 2.11644e-07 0.00366097 0.0992217 0.0297477 0.0040355 0.00343343 0.0387908 0.00303183 0.000356684 0.164658 0.000650711 0.000268942 0.0023801 3.75265e-05 0.0026741 0.00196847 0.0199557 0.00945004 0.000254762 0.201773 9.32615e-09 0.00313052 0.408979 
5.18047e-05 1.98613e-08 2.41136e-08 0.000202916 0.000360013 2.16995e-09 0.000212184 3.72994e-05 5.32057e-05 5.84701e-09 1.65634e-05 3.91081e-06 0.869814 1.99272e-08 0.000744085 3.22031e-08 0.0247485 0.00502178 3.77316e-09 9.7644e-05 1.4775e-08 0.0982586 1.06257e-09 0.000377189 1.3818e-08 
0.00310583 7.56045e-06 3.36219e-10 5.5322e-06 0.0730621 0.253523 7.80588e-11 0.589991 0.0103024 8.15256e-11 2.02096e-07 7.20317e-05 7.00567e-08 2.77848e-10 0.00799987 4.49012e-10 1.27157e-06 1.68212e-07 2.63575e-08 6.6735e-11 2.6802e-07 0.009932 1.48156e-11 0.0519966 2.50659e-07 
4.77616e-06 5.12734e-05 6.22508e-05 7.08843e-06 3.1785e-06 5.60188e-06 1.44526e-05 7.64153e-06 1.57861e-05 1.50944e-05 2.6708e-05 1.00859e-05 1.2958e-05 5.14435e-05 3.79616e-05 8.31345e-05 9.26856e-06 6.22763e-06 9.74066e-06 1.2356e-05 3.81428e-05 8.75953e-06 2.7431e-06 0.999468 3.56721e-05 
9.47874e-09 1.01757e-07 1.23543e-07 1.40677e-08 1.00992e-05 1.11174e-08 2.86825e-08 0.000115272 1.56958e-05 5.39514e-05 5.30046e-08 2.00165e-08 2.57164e-08 1.02094e-07 1.5143e-05 1.64988e-07 1.83943e-08 1.23593e-08 1.93313e-08 2.45216e-08 7.56979e-08 1.73841e-08 5.44393e-09 0.999739 4.96272e-05 
1.41897e-05 8.44892e-07 5.80834e-07 1.79106e-07 0.0319358 0.000116476 1.60216e-05 0.00167929 0.00219526 0.00139236 1.33655e-06 3.24396e-06 8.18027e-07 4.79995e-07 3.54202e-07 8.29709e-07 6.20307e-07 8.12681e-05 0.000179548 1.15288e-07 4.37361e-07 0.00103826 1.85121e-07 0.0071996 0.954142 
4.81836e-13 5.17263e-12 6.28008e-12 6.07911e-09 0.469407 0.000980395 0.0518284 0.000665613 0.000141914 4.57001e-05 0.000616836 6.84294e-06 6.40683e-09 5.1898e-12 3.8297e-12 8.38689e-12 8.79034e-09 0.475999 9.82671e-13 1.24651e-12 3.84797e-12 8.83692e-13 2.76733e-13 0.000308327 1.43953e-07 
3.22806e-05 0.000346541 0.000420734 4.79085e-05 2.14825e-05 3.78613e-05 0.996438 5.16468e-05 0.000106693 0.000102019 0.000180511 6.81678e-05 8.75792e-05 0.000347691 0.000256571 0.00056188 6.26433e-05 4.20907e-05 6.58341e-05 8.35102e-05 0.000257795 5.9203e-05 1.85397e-05 6.20862e-05 0.000241097 
0.174664 2.57845e-06 5.16815e-05 0.0931366 0.0251192 6.25123e-07 0.000130146 0.0927518 5.1805e-07 0.0258148 1.00145e-06 0.000458894 0.0129458 7.05248e-05 0.00594812 1.23163e-07 0.0957982 1.07034e-05 9.99488e-05 0.0192037 0.0759103 0.0141054 3.13627e-07 0.363775 7.33493e-08 
0.153877 5.69733e-07 1.91851e-12 1.60593e-05 0.0117651 2.49679e-07 0.0187783 0.00247967 0.712802 0.0076004 9.80507e-05 0.0035797 0.000141448 0.00520736 0.000466097 3.32232e-05 0.0339121 1.22246e-07 0.0455429 0.000516777 8.46359e-06 0.000814248 1.82737e-07 0.00219214 0.000168458 
0.0721039 0.00211795 6.82728e-07 0.319171 0.0761443 0.0166236 0.00314644 0.0137495 0.0055397 0.0124467 0.0226952 0.00307853 0.0118321 0.00163984 0.023233 6.89054e-05 0.00834528 0.00950905 6.83972e-07 0.0369318 0.000615652 0.0108078 6.84135e-07 0.34555 0.00464754 
1.22406e-05 5.61612e-06 5.67736e-09 0.142763 0.00784145 0.0784487 1.31809e-09 3.4986e-05 5.77322e-07 2.58821e-05 0.434668 9.19851e-10 1.18179e-09 4.69171e-09 1.35059e-05 7.58197e-09 8.45305e-10 5.67968e-10 1.2971e-05 0.0568787 3.47867e-09 3.51516e-05 2.50174e-10 0.279233 2.63554e-05 
0.153877 5.69733e-07 1.91851e-12 1.60593e-05 0.0117651 2.49679e-07 0.0187783 0.00247967 0.712802 0.0076004 9.80507e-05 0.0035797 0.000141448 0.00520736 0.000466097 3.32232e-05 0.0339121 1.22246e-07 0.0455429 0.000516777 8.46359e-06 0.000814248 1.82737e-07 0.00219214 0.000168458 
0.00048419 1.03938e-06 1.2619e-06 1.43692e-07 0.000148259 1.13557e-07 2.92972e-07 0.00164213 3.20004e-07 0.000826462 5.41406e-07 0.000184214 0.000972162 0.00312953 7.6953e-07 1.68524e-06 0.984895 1.26242e-07 1.97456e-07 2.50471e-07 7.73203e-07 1.77567e-07 5.56061e-08 0.00770948 7.2312e-07 
7.70364e-06 8.27006e-05 0.000100407 1.14332e-05 5.12671e-06 9.03546e-06 2.3311e-05 1.23253e-05 2.54619e-05 2.43463e-05 0.874533 1.6268e-05 0.00211094 8.2975e-05 0.104151 0.00013409 1.49496e-05 1.00448e-05 1.5711e-05 1.99294e-05 0.018518 1.41285e-05 4.42443e-06 1.48166e-05 5.75368e-05 
0.00130109 1.04227e-06 1.26542e-06 1.44092e-07 0.00304973 0.000410059 0.00152799 0.000823434 3.20896e-07 3.06837e-07 5.42915e-07 0.000697291 0.00163339 1.04573e-06 7.71675e-07 1.68994e-06 0.0022611 1.26594e-07 1.98006e-07 2.51169e-07 7.75358e-07 1.78062e-07 5.57611e-08 0.988286 7.25135e-07 
1.10716e-06 1.18857e-05 1.44304e-05 0.000156375 7.36806e-07 1.29857e-06 3.35024e-06 1.77138e-06 3.65937e-06 3.49904e-06 6.19118e-06 2.33802e-06 3.00379e-06 1.19251e-05 0.99614 1.92714e-05 2.14854e-06 1.44363e-06 2.25798e-06 0.00359148 8.84187e-06 2.03054e-06 6.35876e-07 2.12943e-06 8.26914e-06 
1.03603e-05 0.00011122 0.000135032 1.53759e-05 6.89467e-06 1.21514e-05 0.953069 1.65757e-05 3.42425e-05 3.27423e-05 5.7934e-05 2.1878e-05 2.8108e-05 0.000111589 8.23447e-05 0.000180332 2.0105e-05 1.35087e-05 0.00213403 0.00806741 8.27378e-05 1.90008e-05 5.95021e-06 0.0279166 0.00781525 
0.00608524 1.16531e-08 1.41479e-08 1.61101e-09 1.34144e-06 0.0757593 4.54214e-06 0.0540363 1.93836e-07 3.43056e-09 0.0517233 1.36109e-05 0.000808353 0.126387 3.66862e-06 1.88942e-08 0.0027072 1.41537e-09 1.48669e-06 0.0210728 8.66882e-09 0.651003 6.23432e-10 0.0103924 8.10731e-09 
4.48086e-05 2.56495e-06 3.1141e-06 3.54599e-07 1.59004e-07 1.10902e-05 1.19619e-05 3.82268e-07 7.89699e-07 7.55099e-07 9.97978e-05 3.42014e-05 7.73923e-06 0.54894 0.000454417 4.1588e-06 2.58237e-05 3.11537e-07 4.87276e-07 5.72014e-05 1.90809e-06 0.0184725 1.37223e-07 0.431824 1.7845e-06 
2.94302e-06 3.1767e-07 3.50302e-10 1.83526e-07 5.73614e-06 3.15232e-11 4.14694e-05 0.0091769 0.957487 4.33281e-07 1.50293e-10 5.67562e-11 7.2918e-11 8.6875e-07 1.62372e-06 1.02967e-06 3.57277e-06 3.50445e-11 0.00785143 6.95302e-11 2.83345e-06 6.8521e-07 1.54361e-11 0.0252322 0.000191182 
0.00095973 8.222e-10 9.98231e-10 0.00026074 0.513242 0.090911 1.79555e-05 0.062721 1.46157e-06 2.42049e-10 0.00460291 5.85468e-08 0.0066376 8.24928e-10 6.08737e-10 4.7564e-06 0.276845 1.15707e-06 0.00123521 0.0113051 6.11643e-10 0.031252 4.39872e-11 2.09153e-06 1.03821e-07 
0.153877 5.69733e-07 1.91851e-12 1.60593e-05 0.0117651 2.49679e-07 0.0187783 0.00247967 0.712802 0.0076004 9.80507e-05 0.0035797 0.000141448 0.00520736 0.000466097 3.32232e-05 0.0339121 1.22246e-07 0.0455429 0.000516777 8.46359e-06 0.000814248 1.82737e-07 0.00219214 0.000168458 
1.76731e-10 1.89726e-09 2.30345e-09 2.64914e-08 1.29492e-07 2.07285e-10 5.34784e-10 1.612e-06 5.84128e-10 3.63054e-05 9.88271e-10 2.57551e-06 4.79482e-10 1.90355e-09 1.40468e-09 1.3846e-05 4.21877e-06 2.3044e-10 0.0129985 4.57205e-10 1.27166e-06 3.24127e-10 1.01502e-10 0.986941 1.31997e-09 
1.90578e-08 2.04591e-07 2.48393e-07 4.81114e-05 1.26828e-08 0.00010955 5.76685e-08 0.000146388 6.29895e-08 6.02297e-08 1.0657e-07 4.02448e-08 0.441949 4.12591e-05 1.51474e-07 3.31722e-07 3.69833e-08 2.48494e-08 6.61126e-05 0.000138097 1.52197e-07 3.49522e-08 1.09455e-08 0.5575 1.42339e-07 
0.000566419 5.23242e-08 9.38051e-11 0.00415715 0.806166 8.4414e-12 0.078257 0.0177152 0.000308268 5.52092e-07 7.60159e-08 1.51984e-11 0.000151334 2.20242e-07 5.72039e-11 1.25274e-10 4.04015e-05 0.0925631 1.01917e-07 4.21548e-09 5.74769e-11 7.35994e-05 4.13354e-12 7.21739e-07 5.37539e-11 
1.33599e-08 1.43422e-07 1.74128e-07 6.54052e-05 0.0240808 1.56695e-08 4.58176e-05 0.0252566 4.41567e-08 0.0142853 7.47076e-08 2.47408e-05 3.62461e-08 1.43897e-07 1.06186e-07 2.32543e-07 7.61704e-05 9.09262e-05 2.72465e-08 3.4562e-08 1.06693e-07 5.80995e-05 7.67298e-09 0.936015 9.97819e-08 
1.65395e-08 5.37884e-11 6.53043e-11 3.7188e-08 6.21872e-07 5.87666e-12 1.51615e-11 8.01636e-12 1.65604e-11 1.58348e-11 2.80181e-11 1.05807e-11 1.35936e-11 1.08473e-08 0.998993 8.72124e-11 9.33524e-08 2.60678e-07 1.02185e-11 1.2962e-11 4.00137e-11 9.1892e-12 2.87765e-12 0.00100569 7.52181e-09 
1.9612e-06 2.10539e-05 2.55615e-05 2.91066e-06 0.00195905 2.30025e-06 5.93453e-06 3.13778e-06 6.48211e-06 6.1981e-06 1.09669e-05 4.14151e-06 5.32084e-06 2.11238e-05 1.55878e-05 3.41368e-05 3.80587e-06 2.5572e-06 0.0100033 5.07363e-06 1.56622e-05 0.00144234 1.12637e-06 0.986386 1.46477e-05 
5.79164e-08 6.21748e-07 7.54862e-07 8.60412e-05 3.85429e-08 6.79291e-08 1.75254e-07 9.26622e-08 1.91424e-07 1.83037e-07 3.23865e-07 1.22303e-07 1.5713e-07 6.2381e-07 0.999373 1.0081e-06 1.12392e-07 7.55171e-08 1.18116e-07 1.4983e-07 4.62524e-07 1.06219e-07 3.32631e-08 0.000534794 4.32565e-07 
0.000566419 5.23242e-08 9.38051e-11 0.00415715 0.806166 8.4414e-12 0.078257 0.0177152 0.000308268 5.52092e-07 7.60159e-08 1.51984e-11 0.000151334 2.20242e-07 5.72039e-11 1.25274e-10 4.04015e-05 0.0925631 1.01917e-07 4.21548e-09 5.74769e-11 7.35994e-05 4.13354e-12 7.21739e-07 5.37539e-11 
1.10922e-10 1.19078e-09 1.44572e-09 4.42935e-07 0.0270721 3.77353e-06 0.000645407 0.113595 7.46573e-07 0.000655914 0.00136604 1.57736e-07 0.00137062 7.17688e-07 8.81623e-10 1.93072e-09 0.00286414 0.0055263 0.792224 0.0540898 8.85832e-10 4.45508e-06 6.37059e-11 0.000580546 8.28453e-10 
0.00391872 7.98222e-08 9.6912e-08 0.000113135 0.0206578 0.000284465 0.000230671 0.00386527 2.45757e-08 0.000295668 4.1579e-08 2.85131e-05 8.0859e-05 1.59864e-05 0.00309317 2.67211e-05 0.000108902 3.03544e-05 0.951947 1.0295e-05 8.59971e-06 0.0135804 4.27044e-09 0.00160495 9.78031e-05 
8.62396e-06 6.90483e-09 8.38313e-09 0.0918083 0.628601 7.54387e-10 0.000112134 0.00388728 0.0347175 5.51572e-05 9.13024e-06 5.27993e-08 0.037694 0.000337311 1.33645e-05 1.11955e-08 0.121959 0.0253858 7.84937e-06 8.2222e-06 5.13657e-09 0.00781738 3.69404e-10 0.0361438 0.0114334 
0.00896611 3.16213e-06 4.88867e-08 0.120879 6.95079e-06 2.67801e-06 1.31711e-06 3.02272e-06 0.000663172 0.00391892 1.74366e-05 8.99355e-07 4.41314e-06 2.46534e-06 0.0391971 2.2857e-07 2.22819e-06 1.70508e-06 7.64952e-09 1.31145e-05 0.014577 2.72518e-06 2.1542e-09 0.811732 4.79231e-06 
0.000332082 0.00585113 5.08711e-07 0.000252759 0.0033516 5.94623e-06 0.000964126 0.0050927 0.000542508 1.60223e-05 2.18257e-07 0.00018042 1.05892e-07 4.20394e-07 3.37019e-05 1.32553e-05 4.87612e-05 9.92954e-07 0.00392165 0.00596554 6.50902e-06 0.00936737 2.24164e-08 0.964024 2.718e-05 
0.112653 0.000931401 1.95715e-08 1.9145e-05 0.153192 0.0727247 0.0832567 0.0250834 5.30291e-06 0.0777959 1.22355e-05 6.08539e-06 0.0472109 1.61737e-08 2.54925e-05 2.61373e-08 4.56894e-05 0.00178663 0.0136368 0.113729 1.1992e-08 0.00819799 8.62423e-10 0.272698 0.01699 
0.00374952 6.51153e-07 7.90563e-07 0.0257745 4.03657e-08 0.000950531 1.83542e-07 3.52354e-05 0.000189902 0.000359366 3.39182e-07 1.28088e-07 0.352321 6.53313e-07 0.346435 1.05578e-06 0.268933 7.90886e-08 6.75925e-07 8.8138e-05 4.84399e-07 0.00104882 3.48363e-08 0.000109474 4.53023e-07 
0.000103599 0.00399692 0.000254558 7.80021e-05 0.991061 0.000139117 0.00089949 2.40184e-08 4.96179e-08 0.00111972 0.000873135 8.5626e-05 4.07288e-08 1.61694e-07 1.19319e-07 2.61303e-07 0.00018065 1.95743e-08 0.000199036 3.88365e-08 0.000431715 2.75324e-08 8.62194e-09 0.000531299 4.49613e-05 
2.00565e-06 2.15311e-05 2.61409e-05 2.97663e-06 1.33474e-06 0.000248244 6.06904e-06 3.20889e-06 6.62902e-06 6.33858e-06 4.5696e-05 4.23537e-06 0.993047 0.0064725 1.59411e-05 3.49105e-05 3.89213e-06 2.61516e-06 4.09038e-06 5.18862e-06 1.60172e-05 3.67837e-06 1.1519e-06 3.85751e-06 1.49797e-05 
0.00896611 3.16213e-06 4.88867e-08 0.120879 6.95079e-06 2.67801e-06 1.31711e-06 3.02272e-06 0.000663172 0.00391892 1.74366e-05 8.99355e-07 4.41314e-06 2.46534e-06 0.0391971 2.2857e-07 2.22819e-06 1.70508e-06 7.64952e-09 1.31145e-05 0.014577 2.72518e-06 2.1542e-09 0.811732 4.79231e-06 
0.000466732 0.000465357 2.65317e-06 2.90269e-05 0.000158726 0.0005408 6.15978e-07 0.0404309 0.000155268 0.00117685 0.0340517 4.04502e-05 0.0687734 2.19256e-06 0.00107566 3.54325e-06 0.0303444 4.9687e-05 0.0103229 5.26619e-07 0.0031276 0.000557968 1.16913e-07 0.808074 0.000149088 
1.34667e-07 0.000107021 1.7552e-06 1.99863e-07 8.96198e-08 1.57949e-07 4.07499e-07 0.000772378 4.45099e-07 4.25598e-07 7.53051e-07 2.8438e-07 3.6536e-07 1.45048e-06 0.00010419 2.34403e-06 9.63199e-05 1.75592e-07 2.74644e-07 3.48385e-07 1.07546e-06 2.46981e-07 7.73434e-08 0.998908 1.0058e-06 
0.0247476 1.00322e-08 1.21801e-08 0.0233803 0.0767564 2.76918e-05 2.48919e-05 0.317159 0.0961052 2.9534e-09 5.22574e-09 2.96689e-06 2.53539e-09 2.47095e-06 4.00163e-05 1.62662e-08 6.57857e-06 1.0781e-06 0.0357037 5.42055e-06 7.46308e-09 0.0493165 5.36719e-10 0.376718 2.48041e-06 
0.00211578 1.28318e-06 1.5579e-06 1.77396e-07 7.95456e-08 0.000729144 0.0010131 1.91238e-07 3.95065e-07 3.77756e-07 6.684e-07 2.52412e-07 3.24289e-07 1.28743e-06 9.50033e-07 2.08054e-06 2.31956e-07 1.55854e-07 2.43771e-07 3.09222e-07 9.54567e-07 2.19217e-07 6.86492e-08 0.996129 8.92736e-07 
4.6781e-09 5.02206e-08 1.83528e-05 0.00013817 3.11324e-09 5.48686e-09 1.41558e-08 5.38969e-05 1.5462e-08 4.45015e-06 2.61597e-08 9.87886e-09 0.00020943 5.03873e-08 3.71822e-08 8.14276e-08 9.07826e-09 6.09977e-09 9.44621e-05 1.21023e-08 3.73596e-08 6.69301e-05 2.68678e-09 0.999414 3.49397e-08 
0.018784 1.49196e-08 1.81138e-08 0.00601524 4.48411e-07 0.00507044 0.00470084 7.94872e-07 4.59345e-09 0.00975491 1.59859e-06 3.31157e-07 6.5399e-06 4.32805e-07 1.10461e-08 2.41905e-08 0.893447 9.6024e-08 0.000229595 1.56171e-06 1.10988e-08 0.0574979 7.98188e-10 0.00448393 4.1633e-06 
0.0194097 0.00613039 2.40015e-06 0.127523 0.01364 0.00524868 0.00256384 0.00592229 0.00493066 0.0105927 0.034189 0.00175033 0.00864378 0.480991 0.0497657 0.00032374 0.00436014 0.00333782 3.75562e-07 0.025726 0.00132504 0.00533652 1.05763e-07 0.178933 0.00935397 
4.14619e-05 2.78017e-07 3.3754e-07 3.84352e-08 1.72346e-08 3.03748e-08 7.83654e-08 0.000140918 8.5596e-08 8.18458e-08 1.44818e-07 0.00026256 7.02615e-08 2.78939e-07 0.000432464 4.50776e-07 5.02564e-08 3.37678e-08 5.28163e-08 6.69971e-08 0.000455209 4.74963e-08 1.48737e-08 0.998104 0.000561121 
6.67549e-05 0.0113483 1.82121e-06 0.0477391 0.000576408 0.000937743 0.00510485 0.00189733 0.00158284 0.0783893 0.0010438 0.000356667 3.79099e-07 1.50503e-06 0.00307202 2.43218e-06 0.768481 1.82195e-07 2.84972e-07 0.00105734 1.1159e-06 0.000293471 8.02519e-08 0.0773481 0.000697592 
0.000555425 6.12228e-07 7.43305e-07 0.00106114 2.67195e-05 2.49378e-05 1.7257e-07 6.18859e-05 0.000192091 3.20924e-05 3.18907e-07 1.20431e-07 1.54725e-07 6.1426e-07 0.000263295 3.17507e-05 1.10671e-07 7.43609e-08 1.16308e-07 1.47536e-07 4.55443e-07 0.0221883 3.27539e-08 0.975558 4.25942e-07 
7.13719e-06 1.02146e-08 1.24015e-08 2.26085e-06 1.26707e-06 1.116e-09 2.87922e-09 3.34929e-05 3.14488e-09 3.00709e-09 5.32074e-09 4.62342e-06 2.58406e-06 1.02485e-08 1.81579e-05 1.65619e-08 1.84647e-09 1.24066e-09 1.94052e-09 2.46154e-09 7.59875e-09 1.74506e-09 5.46476e-10 0.99993 7.10655e-09 
0.013901 5.81439e-05 1.585e-06 0.00248017 0.0464356 0.00200322 0.00306866 1.94565e-07 1.09128e-05 0.00266599 6.80026e-07 2.56803e-07 4.43842e-06 1.30983e-06 0.0607255 2.11673e-06 0.00245684 1.58565e-07 1.14692e-05 0.0392758 9.71172e-07 6.84283e-05 6.98433e-08 0.826743 8.30964e-05 
5.36118e-09 0.000149697 6.98758e-08 7.95668e-09 0.000108109 6.28804e-09 4.86847e-05 1.63059e-05 1.77197e-08 1.69433e-08 2.99794e-08 1.13213e-08 1.89234e-05 5.77447e-08 0.000153443 9.33174e-08 3.33026e-05 6.99044e-09 1.09338e-08 1.38694e-08 3.85761e-05 9.83247e-09 3.07909e-09 0.999433 4.00415e-08 
0.153877 5.69733e-07 1.91851e-12 1.60593e-05 0.0117651 2.49679e-07 0.0187783 0.00247967 0.712802 0.0076004 9.80507e-05 0.0035797 0.000141448 0.00520736 0.000466097 3.32232e-05 0.0339121 1.22246e-07 0.0455429 0.000516777 8.46359e-06 0.000814248 1.82737e-07 0.00219214 0.000168458 
7.13256e-10 7.65699e-09 9.29633e-09 1.06915e-07 4.74666e-10 8.36565e-10 2.16045e-06 6.50575e-06 2.35744e-09 0.000146522 3.98849e-09 1.03943e-05 1.9351e-09 7.68239e-09 5.66905e-09 5.588e-05 1.70262e-05 9.30013e-10 1.49842e-05 1.8452e-09 5.13219e-06 1.30812e-09 4.09645e-10 0.999741 5.32715e-09 
2.45648e-10 2.6371e-09 3.2017e-09 3.64573e-10 0.956154 2.88117e-10 0.000115142 0.0238192 1.27478e-05 0.0198515 1.37365e-09 5.18742e-10 6.66458e-10 2.64585e-09 1.95245e-09 9.83854e-06 4.76702e-10 1.47371e-06 5.00983e-10 1.27163e-06 1.96177e-09 1.0817e-06 1.41083e-10 6.94565e-06 2.71553e-05 
1.10922e-10 1.19078e-09 1.44572e-09 4.42935e-07 0.0270721 3.77353e-06 0.000645407 0.113595 7.46573e-07 0.000655914 0.00136604 1.57736e-07 0.00137062 7.17688e-07 8.81623e-10 1.93072e-09 0.00286414 0.0055263 0.792224 0.0540898 8.85832e-10 4.45508e-06 6.37059e-11 0.000580546 8.28453e-10 
1.09626e-07 1.17686e-06 1.42882e-06 1.62698e-07 7.2955e-08 0.949664 3.31725e-07 1.75394e-07 3.62333e-07 3.46458e-07 6.13021e-07 2.31499e-07 2.97421e-07 1.18077e-06 8.7132e-07 1.90816e-06 0.0299749 1.42941e-07 2.2581e-05 2.83602e-07 8.75479e-07 0.0203268 6.29614e-08 2.10846e-07 8.1877e-07 
7.45536e-05 0.000800352 0.000971706 0.000110647 4.96148e-05 8.74426e-05 0.000225597 0.000119281 0.000246413 0.000235617 0.0004169 0.000157437 0.000202268 0.000803008 0.000592562 0.00129769 0.000144678 0.991644 0.000152047 0.000192871 0.00059539 0.000136732 4.28184e-05 0.000143391 0.000556824 
0.00602637 0.000391177 7.96115e-06 0.946141 4.48574e-05 1.5124e-05 1.73362e-05 0.00796898 7.34926e-05 0.0012019 0.000119254 1.28987e-06 0.00251514 6.57901e-06 0.009093 1.06319e-05 6.66269e-05 2.68091e-06 0.00495272 0.00759065 4.87801e-06 0.00300334 3.5081e-07 0.00872646 0.00201852 
1.21155e-05 0.000144101 2.3844e-09 5.2642e-05 0.00298218 0.000356647 1.59258e-07 0.0130622 3.10319e-06 0.000368982 5.32743e-08 0.000122507 1.25464e-06 1.97045e-09 0.0914635 5.00466e-07 2.32537e-07 1.98153e-07 3.48001e-07 1.1428e-06 1.97795e-07 0.00401498 1.05069e-10 0.887413 1.36635e-09 
0.0792976 0.00177015 3.71172e-07 4.22649e-08 9.85972e-08 7.42232e-06 0.00978066 9.63589e-05 5.19881e-06 0.0496056 0.0237048 0.0119926 0.00743168 0.0537192 3.54217e-05 4.95691e-07 0.00644804 0.000243364 2.46026e-06 0.0166902 9.39274e-06 0.0170165 1.63558e-08 0.722142 2.12696e-07 
0.0128985 0.000119858 1.51327e-11 0.375154 0.00957178 0.000804174 7.43736e-05 0.000750555 0.000251837 0.00121557 0.00715673 4.96713e-05 0.00094287 7.20914e-05 0.0106684 2.06155e-07 0.000335407 0.00029254 2.36787e-12 0.00875892 7.52716e-06 0.00053164 6.66823e-13 0.569942 0.000401094 
1.03091e-08 1.64267e-05 1.34365e-07 0.16617 0.14272 1.20913e-08 3.1195e-08 0.0235618 3.40734e-08 3.25805e-08 5.76478e-08 8.27143e-05 2.79691e-08 1.11038e-07 8.19379e-08 1.79441e-07 0.000199375 1.3442e-08 1.50686e-05 0.000130705 0.347446 0.0238373 5.92082e-09 0.295811 8.55502e-06 
0.000160707 2.78717e-07 3.38389e-07 5.7363e-05 0.901816 0.000128735 0.00156508 0.01737 1.44282e-06 0.00317386 0.000850776 5.48262e-08 1.07031e-05 2.79642e-07 0.00809707 3.64686e-05 0.000166469 0.00012523 0.000271802 0.000476582 2.0734e-07 1.81194e-05 1.49112e-08 0.0656692 3.62822e-06 
0.0286885 5.98577e-07 1.08847e-09 0.00300494 0.0895615 0.000674212 0.00383999 0.0105779 0.0669343 0.0991964 0.00758965 0.00069889 0.0159135 1.60125e-06 2.63122e-06 0.000255299 0.00171989 0.000575021 0.00889031 7.62645e-06 1.91218e-07 0.0276387 3.84948e-08 0.633305 0.000923471 
6.4791e-12 0.000343956 8.44463e-11 9.6158e-12 0.000987192 9.57576e-08 0.000131853 0.00212879 1.19943e-07 0.00151902 3.62308e-11 2.73779e-08 1.75958e-08 6.97856e-11 0.0739225 1.12776e-10 0.000661032 8.44809e-12 1.37435e-07 1.69291e-09 0.00026414 1.18827e-11 3.72114e-12 0.920041 4.8391e-11 
1.07305e-05 3.975e-06 4.82604e-06 5.49535e-07 0.00113012 8.73275e-06 2.44417e-05 0.000212365 1.22383e-06 3.99016e-05 1.51771e-05 7.8192e-07 0.000156898 7.81232e-05 0.002525 6.44506e-06 7.18551e-07 1.67454e-05 1.82767e-05 3.16821e-05 2.95704e-06 6.79089e-07 2.1266e-07 0.995707 2.7655e-06 
0.0014638 1.12029e-08 1.36014e-08 1.54877e-09 6.9448e-10 1.22397e-09 3.15779e-09 1.68632e-07 3.44915e-09 1.71531e-05 5.83552e-09 0.00278175 2.83124e-09 1.124e-08 8.29435e-09 1.81643e-08 3.84974e-06 1.3607e-09 2.12827e-09 2.69969e-09 8.33394e-09 0.000174167 5.99348e-10 0.995559 7.79411e-09 
5.80793e-06 1.92213e-09 2.33365e-09 2.6573e-10 1.19155e-10 2.10002e-10 5.41796e-10 4.12427e-05 5.91787e-10 5.65859e-10 1.00123e-09 0.000108006 0.12316 1.92851e-09 7.891e-05 3.11654e-09 0.00071816 3.4088e-06 3.65157e-10 0.000665059 8.6919e-05 0.0124859 1.02833e-10 0.862506 0.000140441 
0.0124992 4.55217e-09 1.84165e-12 6.29327e-10 4.62109e-05 1.65728e-13 3.54925e-09 4.27483e-05 0.985731 1.59478e-05 3.4846e-08 2.74131e-06 3.71892e-09 2.38151e-05 2.12023e-05 2.21599e-09 0.000598858 1.8424e-13 0.000835208 4.05789e-09 1.12843e-12 8.03375e-09 8.11526e-14 0.000140772 4.19736e-05 
3.3976e-06 1.07311e-06 4.20139e-10 2.23225e-05 0.00788164 0.00569726 4.48792e-07 1.03668e-06 0.0153639 1.85422e-06 5.98468e-06 3.06389e-07 1.51307e-06 8.33624e-07 8.71133e-06 5.66696e-08 7.6323e-07 5.84274e-07 6.5741e-11 4.50325e-06 2.31945e-07 9.34141e-07 1.85135e-11 0.971001 1.63738e-06 
5.71883e-07 6.13932e-06 7.45373e-06 8.48747e-07 3.80583e-07 6.70751e-07 1.73051e-06 9.14974e-07 1.89018e-06 1.80736e-06 3.19794e-06 1.20766e-06 1.55155e-06 6.15969e-06 4.5454e-06 9.95427e-06 1.10979e-06 7.45678e-07 1.16632e-06 1.47947e-06 4.5671e-06 1.04884e-06 3.2845e-07 0.999936 4.27127e-06 
0.018784 1.49196e-08 1.81138e-08 0.00601524 4.48411e-07 0.00507044 0.00470084 7.94872e-07 4.59345e-09 0.00975491 1.59859e-06 3.31157e-07 6.5399e-06 4.32805e-07 1.10461e-08 2.41905e-08 0.893447 9.6024e-08 0.000229595 1.56171e-06 1.10988e-08 0.0574979 7.98188e-10 0.00448393 4.1633e-06 
2.94302e-06 3.1767e-07 3.50302e-10 1.83526e-07 5.73614e-06 3.15232e-11 4.14694e-05 0.0091769 0.957487 4.33281e-07 1.50293e-10 5.67562e-11 7.2918e-11 8.6875e-07 1.62372e-06 1.02967e-06 3.57277e-06 3.50445e-11 0.00785143 6.95302e-11 2.83345e-06 6.8521e-07 1.54361e-11 0.0252322 0.000191182 
7.23866e-05 2.26624e-05 1.74163e-10 7.26518e-05 0.890578 0.00197465 0.0100273 0.0215078 0.00571688 6.1365e-05 0.00233094 4.05573e-06 0.000469178 3.42947e-06 6.72307e-08 2.3259e-10 0.000137227 0.0533655 0.00479165 0.00133316 4.3732e-06 0.00750029 1.02836e-08 2.45248e-05 2.13163e-06 
7.85946e-09 8.43734e-08 1.02438e-07 8.5156e-05 1.56482e-05 9.21822e-09 2.6546e-05 1.25746e-08 2.59769e-08 2.48388e-08 4.39497e-08 1.6597e-08 2.13232e-08 8.46534e-08 0.948527 1.36803e-07 1.5252e-08 1.6114e-05 1.60288e-08 2.03325e-08 6.27662e-08 1.44143e-08 4.51393e-09 0.0513286 5.87006e-08 
0.000514578 1.86199e-06 2.26064e-06 2.57416e-07 0.000141622 0.0491077 5.24845e-07 2.77502e-07 5.73272e-07 5.21582e-05 0.000548882 3.66271e-07 0.0062032 1.86817e-06 1.37857e-06 3.01903e-06 0.20197 7.47521e-05 3.53732e-07 0.738396 0.000849085 0.000508979 9.96155e-08 0.00161841 1.29543e-06 
0.000566419 5.23242e-08 9.38051e-11 0.00415715 0.806166 8.4414e-12 0.078257 0.0177152 0.000308268 5.52092e-07 7.60159e-08 1.51984e-11 0.000151334 2.20242e-07 5.72039e-11 1.25274e-10 4.04015e-05 0.0925631 1.01917e-07 4.21548e-09 5.74769e-11 7.35994e-05 4.13354e-12 7.21739e-07 5.37539e-11 
0.0025373 0.000216409 7.27637e-07 0.00184126 0.0242135 3.93719e-05 7.25087e-05 0.00331006 1.8452e-07 0.112471 0.00243337 1.53144e-05 0.000694033 6.01312e-07 0.000245399 9.71741e-07 8.20045e-05 6.67094e-05 0.00282113 0.583835 4.45843e-07 0.120418 3.20634e-08 0.144684 4.16963e-07 
4.12599e-06 4.42936e-05 5.37768e-05 0.0011582 0.0004943 0.00819902 1.24852e-05 6.6013e-06 1.36372e-05 1.30397e-05 2.30723e-05 0.00902462 1.11941e-05 4.44406e-05 3.27939e-05 7.18175e-05 0.00678684 5.37988e-06 8.41468e-06 0.338226 3.29505e-05 7.56711e-06 2.36968e-06 0.635693 3.08161e-05 
0.00535971 3.45029e-10 4.18898e-10 4.31685e-06 0.773568 0.108195 9.35592e-06 7.96008e-06 1.518e-05 0.0246085 0.000745046 3.69222e-06 0.0559705 6.23458e-07 5.518e-06 5.59428e-10 0.019845 4.56371e-06 4.4638e-06 2.1909e-05 5.90597e-07 5.54493e-05 1.84588e-11 0.011141 0.000433595 
1.72145e-08 0.000240428 2.24368e-07 2.55485e-08 0.000135194 2.01906e-08 0.000166742 0.000159771 5.6897e-08 0.000195909 9.62626e-08 3.63523e-08 4.67039e-08 1.85415e-07 0.025504 2.99638e-07 0.000243899 2.2446e-08 0.000365156 4.4534e-08 0.000206352 3.15716e-08 9.88682e-09 0.972781 1.28571e-07 
0.0499179 8.68252e-08 1.82345e-10 0.00465547 0.629091 0.00856101 0.0781346 0.0059593 0.000418407 0.000456109 4.49457e-07 0.000133407 1.01784e-07 6.17487e-07 1.11197e-10 2.43518e-10 0.0150861 0.0183478 0.00084166 0.18118 1.11728e-10 0.00708585 8.03508e-12 0.000129595 1.04491e-10 
0.00145849 0.000460654 1.80354e-07 0.00958241 0.00102495 0.631433 0.000192653 0.0894486 0.000370503 0.000795963 0.00256905 0.000131524 0.000649516 0.000357851 0.00373952 2.43266e-05 0.000327633 0.000250812 2.82207e-08 0.00193312 9.95673e-05 0.241001 7.94732e-09 0.0134455 0.000702882 
3.98269e-05 2.64032e-08 3.2056e-08 0.0113198 0.0282268 2.88468e-09 2.87767e-05 9.47215e-06 8.12903e-09 0.000202978 0.0103832 6.04881e-06 5.33085e-07 2.64908e-08 5.42577e-05 4.28101e-08 3.25746e-05 0.00239497 3.91801e-05 6.3627e-09 1.96416e-08 7.59788e-05 1.41256e-09 0.947185 9.49416e-07 
2.42185e-08 0.000416247 3.15655e-07 3.59433e-08 1.61172e-08 2.84054e-08 7.32846e-08 8.91587e-05 8.00465e-08 7.65394e-08 1.35428e-07 5.63082e-05 6.57062e-08 2.60855e-07 1.92492e-07 4.2155e-07 4.69981e-08 3.15785e-08 4.9392e-08 6.26534e-08 1.93411e-07 4.4417e-08 1.39094e-08 0.999436 1.80883e-07 
2.30291e-05 2.05401e-07 2.49377e-07 7.20153e-06 1.27331e-08 2.24411e-08 2.44275e-05 6.97856e-05 6.3239e-08 0.00157133 1.06992e-07 0.00069452 5.19098e-08 2.06083e-07 0.00466374 0.000599453 0.00018261 2.49479e-08 0.00521558 4.9498e-08 0.000630333 3.50907e-08 1.09888e-08 0.986317 1.42902e-07 
0.00836864 3.03685e-08 0.000388368 0.000321224 0.304845 3.31791e-09 3.8164e-06 0.00171432 7.91994e-06 0.000904892 0.0864303 0.000273099 0.522853 3.55277e-06 1.37505e-05 4.92394e-08 2.65787e-05 0.00969879 0.000118545 0.0220363 9.41512e-06 0.00554313 1.6247e-09 0.0364398 2.11281e-08 
0.153877 5.69733e-07 1.91851e-12 1.60593e-05 0.0117651 2.49679e-07 0.0187783 0.00247967 0.712802 0.0076004 9.80507e-05 0.0035797 0.000141448 0.00520736 0.000466097 3.32232e-05 0.0339121 1.22246e-07 0.0455429 0.000516777 8.46359e-06 0.000814248 1.82737e-07 0.00219214 0.000168458 
0.153877 5.69733e-07 1.91851e-12 1.60593e-05 0.0117651 2.49679e-07 0.0187783 0.00247967 0.712802 0.0076004 9.80507e-05 0.0035797 0.000141448 0.00520736 0.000466097 3.32232e-05 0.0339121 1.22246e-07 0.0455429 0.000516777 8.46359e-06 0.000814248 1.82737e-07 0.00219214 0.000168458 
0.000566419 5.23242e-08 9.38051e-11 0.00415715 0.806166 8.4414e-12 0.078257 0.0177152 0.000308268 5.52092e-07 7.60159e-08 1.51984e-11 0.000151334 2.20242e-07 5.72039e-11 1.25274e-10 4.04015e-05 0.0925631 1.01917e-07 4.21548e-09 5.74769e-11 7.35994e-05 4.13354e-12 7.21739e-07 5.37539e-11 
2.97324e-11 2.42613e-06 3.87521e-10 4.41266e-11 0.0328757 6.55638e-07 7.91821e-07 0.0848989 9.82708e-11 1.76664e-06 8.52943e-06 2.26095e-07 8.06656e-11 3.20244e-10 0.0768093 1.39784e-06 5.76982e-11 1.04712e-07 3.51756e-07 7.69178e-11 6.88826e-07 5.45295e-11 1.70762e-11 0.805399 2.22064e-10 
3.1804e-06 3.65388e-06 0.000792597 1.5823e-08 0.267447 0.0545008 0.0329033 0.380416 9.56593e-06 0.000151658 6.59341e-05 4.11487e-10 1.74553e-06 8.68271e-06 1.54876e-09 3.39172e-09 3.78139e-10 0.00452802 3.35261e-06 0.0589621 1.55615e-09 0.00844271 1.11913e-10 0.191759 1.45535e-09 
6.07715e-09 9.79251e-05 7.92075e-08 3.96937e-05 1.17325e-05 2.49544e-05 5.33474e-05 0.000107935 9.44244e-05 1.92061e-08 3.39831e-08 8.98459e-05 1.64877e-08 6.54563e-08 0.000652126 1.0578e-07 1.17933e-08 7.924e-09 1.23939e-08 1.57216e-08 9.75504e-06 1.11456e-08 3.4903e-09 0.998818 4.53889e-08 
0.00391872 7.98222e-08 9.6912e-08 0.000113135 0.0206578 0.000284465 0.000230671 0.00386527 2.45757e-08 0.000295668 4.1579e-08 2.85131e-05 8.0859e-05 1.59864e-05 0.00309317 2.67211e-05 0.000108902 3.03544e-05 0.951947 1.0295e-05 8.59971e-06 0.0135804 4.27044e-09 0.00160495 9.78031e-05 
0.00010919 1.1786e-05 1.29966e-08 1.47991e-09 0.787641 1.16955e-09 0.00153857 0.0579832 0.00554977 1.60753e-05 5.57606e-09 2.10573e-09 2.70535e-09 3.22317e-05 7.92555e-09 3.8202e-05 0.000132554 1.30019e-09 7.28064e-05 2.57966e-09 0.000105125 1.8288e-09 5.72699e-10 0.146756 1.41578e-05 
1.0289e-10 9.25318e-07 1.34104e-09 1.94817e-06 0.021334 0.0131856 3.10608e-07 3.50167e-07 3.40071e-10 0.0010084 0.00687897 2.17276e-10 2.79148e-10 1.10822e-09 3.19503e-05 1.79092e-09 6.02283e-05 1.34159e-10 5.16068e-07 2.66178e-10 5.46772e-07 0.000176461 5.90931e-11 0.95732 7.68466e-10 
0.00211447 8.02807e-06 4.80488e-07 0.022792 0.00466943 0.0141596 0.0022886 0.00323134 6.8774e-05 0.514985 0.000438119 0.000123572 1.00017e-07 0.00457383 0.224925 7.10864e-06 7.20432e-07 0.000207618 0.0166768 0.0215768 2.37137e-06 0.0011716 2.11728e-08 0.165954 2.4047e-05 
0.000369014 1.46174e-07 1.7747e-07 0.000598186 9.78736e-05 0.000193256 4.12025e-08 0.000703679 0.000432085 0.000103321 0.988092 2.87538e-08 0.00529378 1.46659e-07 0.00138537 2.37006e-07 2.64235e-08 1.77542e-08 0.000208298 3.52254e-08 1.0874e-07 0.000701748 7.82024e-09 0.00165776 0.000162817 
0.00200494 1.96858e-09 2.39004e-09 0.00151057 0.561257 0.0737383 0.00180138 0.27193 0.000256136 1.83055e-06 1.76633e-06 1.52628e-07 8.51915e-05 7.26759e-07 1.45749e-09 3.19184e-09 1.82531e-06 0.00411656 1.83188e-06 1.79503e-06 1.46444e-09 0.021376 1.05318e-10 0.0619141 1.36959e-09 
2.92924e-07 0.00314776 3.81787e-06 4.34736e-07 1.94938e-07 3.43565e-07 8.86381e-07 4.68658e-07 9.68167e-07 9.25748e-07 1.63801e-06 0.000495478 7.9472e-07 3.15505e-06 2.3282e-06 5.09867e-06 5.68444e-07 3.81943e-07 5.97398e-07 7.57796e-07 2.33931e-06 0.00048404 1.68235e-07 0.995844 2.18778e-06 
3.2818e-08 3.5231e-07 0.00012875 0.273485 2.18401e-08 3.84917e-08 3.98219e-05 0.113588 0.000249587 0.611778 1.83517e-07 6.93026e-08 8.90371e-08 3.53479e-07 2.60842e-07 5.71234e-07 0.000216597 7.70672e-05 6.69301e-08 8.49004e-08 2.62087e-07 6.01886e-08 1.88484e-08 0.00043559 2.45111e-07 
1.10922e-10 1.19078e-09 1.44572e-09 4.42935e-07 0.0270721 3.77353e-06 0.000645407 0.113595 7.46573e-07 0.000655914 0.00136604 1.57736e-07 0.00137062 7.17688e-07 8.81623e-10 1.93072e-09 0.00286414 0.0055263 0.792224 0.0540898 8.85832e-10 4.45508e-06 6.37059e-11 0.000580546 8.28453e-10 
1.61985e-07 1.08617e-09 1.31871e-09 1.5016e-10 7.41337e-08 1.18669e-10 3.06161e-10 5.50543e-07 3.3441e-10 3.19759e-10 5.6578e-10 1.02578e-06 2.74501e-10 1.08977e-09 1.68957e-06 1.76111e-09 1.96344e-10 1.31925e-10 7.22413e-07 2.61747e-10 1.77843e-06 1.85561e-10 5.81094e-11 0.999992 2.19221e-06 
2.30561e-06 3.01474e-10 3.66019e-10 3.37635e-07 0.86783 3.88696e-07 0.0044989 0.00323489 5.57835e-08 1.17507e-05 0.00721302 3.49946e-07 3.05521e-08 3.02474e-10 2.23204e-10 4.88809e-10 0.0056588 1.53428e-06 2.26804e-06 7.26499e-11 2.2427e-10 4.39848e-06 1.61287e-11 0.111541 3.77747e-07 
1.01697e-06 0.000330255 1.50611e-10 6.53861e-07 0.0478508 0.0142101 0.000684481 0.292019 0.00125874 0.0284561 1.9504e-06 5.33336e-05 0.000112205 8.00876e-07 0.000247764 1.23104e-07 0.017658 5.88821e-07 2.02349e-06 6.09428e-05 0.000342618 2.59232e-06 3.90391e-08 0.596706 1.51704e-07 
3.13687e-05 0.000504702 2.14502e-07 2.44251e-08 0.177615 8.6241e-05 3.15547e-06 2.6331e-08 4.63546e-05 5.48647e-05 0.00010733 3.47538e-08 4.46503e-08 1.77262e-07 0.00243373 2.86462e-07 3.19373e-08 2.1459e-08 0.000153763 4.25758e-08 0.000170603 5.27874e-05 9.45208e-09 0.818739 1.22918e-07 
0.00253542 3.71693e-05 1.53778e-10 0.000348247 0.0832108 0.00270001 0.314488 0.310727 0.0145768 0.0459914 0.000594958 1.12958e-06 4.40866e-05 7.08284e-06 9.37763e-11 0.000628009 0.000617974 0.218092 0.000779094 0.000291838 9.42239e-11 0.00348202 6.77625e-12 0.000702229 0.000144254 
0.0572893 1.43742e-05 1.00434e-09 0.0286406 0.0228076 0.00234784 0.000200902 0.00359626 0.00019574 0.00537953 0.000203258 0.000164208 0.01527 6.36474e-05 0.00109611 0.000102294 5.43642e-06 0.000201233 0.00489888 0.00173374 0.00293726 1.14177e-07 3.57592e-06 0.851928 0.000920159 
1.44222e-07 0.00588496 1.87974e-06 2.14044e-07 0.00186208 0.00213153 0.000916903 0.0081686 0.00266988 0.00938985 8.06482e-07 0.000609421 0.000391675 1.5534e-06 0.891595 2.51035e-06 0.00201538 1.88051e-07 2.94131e-07 3.76835e-05 0.00391716 2.64505e-07 8.28312e-08 0.0704009 1.07716e-06 
0.0182589 2.52687e-10 3.06787e-10 1.67684e-06 0.0321678 0.0807134 2.80636e-06 0.803962 1.93723e-06 5.18499e-06 5.00183e-06 4.4785e-08 9.64349e-07 2.05381e-06 1.49686e-06 4.09707e-10 5.17075e-06 1.51004e-06 5.18931e-06 5.08464e-06 2.44558e-07 0.0119733 1.35186e-11 0.052886 1.75801e-10 
