0.130031 0.000164808 0.00235468 0.0862284 0.00687513 0.0226155 0.00388131 0.157748 0.00917146 0.00716653 0.000349313 2.45716e-05 0.00759634 1.35462e-06 6.66209e-05 9.56713e-05 0.000699351 0.00979231 0.000106176 0.00978721 2.29693e-08 0.0172895 0.51178 0.016103 7.15145e-05 
0.0311231 0.000307019 4.44774e-11 0.00659448 0.024144 0.0224277 0.000294656 0.00665712 0.00272784 0.000809273 5.42048e-05 4.01628e-05 1.65889e-08 1.12762e-07 2.66252e-08 1.15046e-05 0.0144871 8.84774e-05 7.53803e-07 3.942e-05 0.000151015 0.0181791 0.865348 0.00645763 5.71411e-05 
0.083991 6.55175e-06 1.48736e-06 0.0228966 0.0472354 0.164053 0.00298134 0.015425 0.00153833 0.013846 0.000449882 0.00365037 0.0171284 5.45997e-05 0.000395396 0.00220321 0.0199537 0.000642572 0.0592512 0.142084 5.37553e-06 0.014108 0.387055 0.00102118 2.21633e-05 
0.043479 4.01897e-06 4.01744e-06 0.175097 4.02568e-06 0.134048 4.02411e-06 0.102643 4.02393e-06 4.02402e-06 4.02239e-06 4.02472e-06 0.0269669 4.01896e-06 0.000808187 4.01453e-06 4.02483e-06 4.02525e-06 4.02477e-06 0.0245529 4.02081e-06 0.0740622 0.418278 4.02485e-06 4.02116e-06 
0.0127425 6.15161e-05 4.53951e-07 0.0585705 0.0262146 0.0508091 0.000336256 0.00999975 0.00846479 0.0044616 0.0016757 1.10654e-05 0.00836414 6.49237e-07 0.000380298 3.92762e-08 0.0119093 0.000483146 0.00821087 0.00546775 9.67519e-05 0.0100097 0.778184 0.00241179 0.00113333 
0.0848006 2.75848e-06 9.83878e-11 0.0220219 0.00201331 0.290775 0.000396461 0.0200333 6.9041e-05 0.000597633 0.000816499 1.47832e-05 0.0100715 0.000267482 7.87702e-06 1.9488e-05 0.0128687 0.00568857 0.130941 0.0132222 4.89477e-07 0.105622 0.29867 0.000841177 0.000237929 
0.00298832 6.03414e-05 6.43521e-11 0.370418 0.0156236 0.111789 0.00132274 0.0242351 0.0221151 6.94748e-06 0.00216079 1.04264e-11 0.00792523 3.87495e-05 9.10558e-08 1.53727e-05 0.000417238 1.02453e-05 0.0176826 0.000794546 1.04568e-08 0.0189458 0.403353 9.80721e-05 2.42036e-08 
0.162873 1.18911e-05 3.16579e-12 0.029595 0.0291025 0.0639879 0.00415285 0.00589556 0.000358202 0.00646157 0.000910436 6.8e-06 0.00210505 9.18709e-05 0.000378906 1.18093e-05 0.0173803 0.0635916 0.0168467 0.0193315 7.15566e-07 0.00248443 0.563012 0.0112012 0.0002076 
0.0201978 1.35976e-06 1.25858e-07 0.170045 0.0635918 0.0955089 0.0022316 0.138158 0.000709737 0.000716129 0.0324628 4.32459e-05 0.0202428 1.73054e-05 1.01529e-05 1.11519e-07 0.0783104 0.0123012 0.0055218 0.0874182 0.000943703 0.0131799 0.254552 0.00367602 0.00015933 
0.000398919 4.26306e-08 8.28175e-12 0.000487297 0.00712919 0.00783636 0.00440027 0.0148025 0.0112304 0.0010939 3.32109e-06 2.86508e-05 0.000650008 1.61331e-06 0.000568312 2.04498e-06 0.00305615 3.82927e-05 0.00916892 3.07452e-05 4.85354e-06 0.127183 0.793395 0.0174632 0.00102706 
0.158509 0.00417594 1.3634e-08 0.0332348 0.0193661 0.0164016 0.00449772 0.0311526 0.00160497 3.44051e-07 6.02584e-07 0.026673 0.0131557 6.34065e-05 0.00015396 1.51306e-07 0.0251853 0.043367 0.0116648 0.00157232 2.72064e-07 0.00306029 0.600044 0.00605776 5.80047e-05 
0.00399808 8.00831e-10 9.72287e-10 7.75102e-07 0.00648225 5.69599e-06 0.277518 9.19022e-06 1.97272e-06 0.0586932 0.0134339 1.57531e-10 0.0169519 8.03489e-10 5.92917e-10 3.50716e-06 0.13706 9.72685e-11 0.0712726 2.81779e-06 5.95747e-10 0.104186 0.278708 0.0316725 5.57158e-10 
0.0124249 0.000131164 1.78029e-06 0.0302808 0.0448346 0.224905 0.0040686 0.040361 0.00450266 0.00191232 9.07944e-05 1.18596e-05 0.0107989 2.97781e-08 1.89184e-05 4.90086e-06 0.0125763 0.0325549 0.0201407 0.00859595 1.41015e-06 0.0792208 0.468785 0.00377525 1.36903e-06 
0.0926411 1.00053e-06 2.29998e-09 0.182452 0.191163 0.0388662 0.00149313 0.0505664 0.0511567 0.00195755 0.0017294 0.000246766 0.000246249 7.05573e-06 0.00142926 8.58747e-08 0.0117811 0.0002126 0.00843192 0.00631902 1.7159e-06 0.0242387 0.231968 0.103028 6.35347e-05 
0.0334386 4.25237e-07 2.54619e-06 0.0209248 0.0903208 0.117387 0.000665504 0.192362 0.0112776 0.00422754 0.000998601 1.5597e-05 0.009648 4.25204e-06 0.00134204 2.53284e-06 0.00734296 0.000228136 0.00249781 0.0118074 1.8102e-06 0.0360598 0.423555 0.0356853 0.000204912 
0.179385 0.00059361 0.000138617 0.0166519 0.0436076 0.0490826 0.000402738 0.0430188 0.00206574 0.0265917 0.00405084 0.000149534 0.200504 5.43168e-05 0.00398895 1.19259e-05 0.106401 0.00824946 0.0206876 0.0090932 0.000123472 0.015572 0.216428 0.052613 0.000534906 
0.0849104 6.9088e-05 1.53047e-07 0.00710894 0.0732919 0.00734793 0.00267625 0.00964085 0.0094203 0.0123851 0.000498364 7.55772e-06 0.000789839 9.61019e-06 0.000342018 8.03743e-06 0.0264429 0.0267908 0.0029189 0.00595647 2.45562e-06 0.00545789 0.699771 0.0237347 0.000418917 
0.224481 2.41441e-08 1.79143e-08 0.130329 0.0014239 0.0128167 8.73028e-09 0.0249392 0.000171844 2.28304e-08 3.91893e-08 0.00769452 0.00346022 3.90397e-05 9.02769e-13 5.73538e-09 0.00978754 0.0165785 0.000778698 0.0089273 1.72843e-05 0.0170526 0.541502 1.80884e-08 8.48323e-13 
0.00830456 1.94913e-08 1.73464e-09 0.0184302 0.0507909 0.0478391 0.0126416 0.0809322 0.00189836 0.000176548 4.83889e-09 7.12144e-07 0.00037936 7.70767e-10 3.15483e-05 4.66382e-06 0.000359671 0.00252412 0.000528242 5.21415e-05 1.90017e-09 0.0352025 0.69509 0.0448138 1.79699e-08 
0.0286316 2.1884e-05 1.32484e-08 0.077504 0.0246947 0.0197527 0.000332553 0.0207241 0.00239366 0.00038215 0.000145307 1.54366e-06 0.000233045 4.94737e-07 3.60055e-12 9.9552e-07 0.0183131 0.00199129 0.000449557 0.00265588 9.42434e-10 0.00436801 0.796743 0.000660062 6.15373e-11 
0.336176 9.91189e-06 6.05817e-10 0.0855834 0.0151734 0.0050775 0.00480218 0.0864632 0.0109003 0.0035559 0.00038271 1.44419e-05 0.00178458 3.61485e-06 0.000792507 3.50592e-05 0.000172216 0.000822246 0.00212041 0.00183101 3.712e-10 0.0144439 0.400889 0.0236178 0.00534885 
0.0791714 1.74664e-05 0.00463449 0.075839 0.0738574 0.0292861 0.00672052 0.148438 0.0137569 0.00573944 0.0602893 9.84373e-05 0.00452647 0.000277304 0.00945517 1.38018e-09 0.00295841 0.00589354 0.0098702 0.034842 1.25975e-09 0.0255972 0.347588 0.0605116 0.000631789 
0.0275842 0.000567687 6.83616e-08 0.0317258 0.24151 0.0260765 0.0426737 0.0227118 0.0499298 0.00892215 6.84458e-08 6.84855e-08 0.00272551 0.000130004 6.84192e-08 0.000307472 0.0041641 0.0147743 0.0106976 0.00247219 6.84189e-08 0.0240053 0.462366 0.0266486 6.91093e-06 
0.0216479 2.44856e-11 2.97279e-11 0.0428579 0.0152051 0.0306346 0.000452408 0.040487 3.45829e-05 1.26086e-05 0.00010121 4.06177e-06 0.0221805 3.889e-06 2.09296e-05 5.29777e-06 0.0114749 0.00339289 0.00224413 0.253433 7.59122e-09 0.00334164 0.551979 0.000427843 5.84602e-05 
0.0847097 0.00117632 0.00407524 0.0393121 0.0416405 0.0480508 0.000613982 0.027947 0.0105545 0.0110595 0.000503583 0.00793449 0.00157139 0.00036106 0.00364477 1.38351e-05 0.0798617 0.00928103 0.0522445 0.0119214 5.84337e-05 0.0261077 0.244213 0.0610556 0.232088 
0.0105601 8.54038e-05 1.32498e-06 0.0207581 0.0520459 0.0738559 0.00769016 0.0112448 0.00174819 0.00984082 0.00120565 5.72254e-05 0.00143269 8.0782e-07 0.00565187 2.864e-05 0.0146883 0.0161311 0.0290047 0.00452527 0.000167584 0.0148391 0.681287 0.0428632 0.000286132 
0.013519 4.77009e-05 4.01882e-07 0.00974417 0.241425 0.0852779 0.00116194 0.0229902 0.00813676 0.046985 9.12698e-05 0.000121049 0.000710953 1.46956e-05 0.000661251 1.79494e-05 0.00143167 0.00902629 0.0478088 0.0177905 4.09756e-07 0.0125927 0.454012 0.0261433 0.000288796 
0.127038 1.50781e-05 1.21316e-08 0.00240957 0.0769209 0.0427928 0.0098875 0.0199028 0.00242734 0.198651 0.000155875 0.00392702 0.000413826 0.000174638 0.000272532 3.23983e-05 0.0150206 0.0403502 0.0183548 0.0122988 6.34157e-08 0.00609867 0.407396 0.0150151 0.000444064 
0.0160226 5.32817e-05 0.011671 0.0245445 0.0788957 0.274276 0.00394847 0.0532137 0.00591203 0.00196424 0.000167704 3.38209e-05 0.00430022 2.50589e-05 8.77101e-08 2.41633e-05 0.0021877 0.00446773 0.040789 0.00353845 3.78027e-06 0.116767 0.345526 0.0112137 0.000453738 
0.120974 1.60836e-05 5.11282e-09 0.0120786 0.0173764 0.0184149 0.0347941 0.135654 0.00151214 0.0387137 0.000975553 0.0158429 0.00334512 0.00294093 0.000315495 0.00619851 0.105445 0.061751 0.067965 0.00206612 5.9237e-06 0.0504563 0.294415 0.00848296 0.000260739 
0.0209452 2.04159e-05 5.83652e-06 0.0275708 0.047346 0.249974 0.0201779 0.0929344 0.012841 0.00502736 0.00466635 1.91789e-05 0.0165208 2.39938e-05 4.87851e-08 3.99212e-06 0.00777726 0.013893 0.0329005 0.00291915 5.84684e-07 0.120724 0.319838 0.00332025 0.000550072 
0.00315421 6.80099e-08 2.65491e-12 2.65433e-08 0.0020045 0.106192 0.000426725 0.257383 9.69415e-05 0.00141614 8.77191e-09 8.58891e-05 0.000167189 1.78311e-05 0.000410948 4.10108e-05 0.0399274 0.000143758 3.17389e-08 3.07105e-06 5.49282e-05 0.102751 0.421044 0.0646795 1.52137e-12 
0.0658141 2.4979e-06 6.35609e-10 0.00746658 0.0398328 0.157272 0.00447934 0.00958622 0.00133281 0.0114058 0.00146136 1.9814e-05 0.000997877 5.72313e-06 0.000195091 1.31209e-06 0.00908115 0.0511035 0.00171943 0.00112825 2.78892e-08 0.00758008 0.625515 0.00336805 0.000631187 
0.0455178 0.00281651 8.44685e-07 0.091331 0.0583981 0.0368981 0.00460148 0.265004 0.0035416 0.00249652 0.00314441 9.98598e-05 0.00673072 3.75681e-07 0.00290791 0.000267578 0.024136 0.00614786 0.00353484 0.0209473 1.84537e-05 0.0363421 0.319431 0.0653904 0.000295699 
0.00346354 0.000369599 5.20654e-08 0.20598 0.0964442 6.14449e-06 0.0015043 0.108559 4.79558e-06 0.00128086 7.48547e-06 2.05452e-06 1.76751e-06 4.30263e-08 1.74138e-05 0.000721899 0.0193511 2.27092e-06 0.00254365 0.000463115 3.19019e-08 0.00253776 0.42164 0.131633 0.00346639 
0.119523 8.29102e-05 1.0753e-07 0.0197477 0.107316 0.0180442 0.0171261 0.0352555 0.0145202 0.0166205 0.00551629 0.0038041 0.00600264 0.00234129 0.0177931 0.000134036 0.147196 0.054436 0.0547794 0.0291598 6.84658e-06 0.0935975 0.191899 0.0375159 0.00758096 
0.129515 6.49101e-05 3.99297e-06 0.0165667 0.00577644 0.00069667 0.000130532 0.0508476 0.00636484 0.000705747 0.00232074 1.08519e-05 0.0245155 8.51728e-07 0.0478129 5.07971e-05 0.0935939 0.00651662 0.00576036 0.00672079 3.17544e-06 0.010082 0.569857 0.022082 5.1472e-07 
0.122609 3.1025e-05 2.39865e-11 0.00925951 0.101121 0.19099 0.0109433 0.0906824 0.00445733 0.00112069 7.90761e-05 2.83416e-05 0.00105558 0.000202199 0.000720918 2.98868e-05 0.0166234 0.0335543 1.79865e-07 6.5934e-07 7.3322e-09 0.0156262 0.346627 0.0542366 3.59423e-08 
0.0262743 0.00220209 4.01635e-06 0.176515 0.0500736 0.0250348 0.00422447 0.0435553 0.000791063 0.00128584 0.000586516 0.000162099 0.000301384 6.02585e-05 1.04236e-07 1.64953e-05 0.0071836 0.00236273 0.00958582 0.00204563 0.0101557 0.0263186 0.60143 0.00970534 0.000126085 
0.00759211 0.00563827 0.000769634 0.21067 0.0311403 0.0258813 0.00657047 0.0617655 0.00537808 0.000491065 0.00020255 7.47697e-06 0.00216558 8.31645e-08 0.00767374 1.87993e-06 0.00516102 0.0153135 0.00313969 0.00190073 1.36019e-05 0.0308324 0.525559 0.0521315 7.89104e-07 
0.151053 0.00024093 2.8248e-07 0.0185647 0.0198863 0.0318688 0.000850234 0.0299494 0.00228515 0.00860439 0.00936154 0.00367574 0.00672909 3.18911e-05 0.000798814 8.38608e-06 0.135832 0.0122284 0.100904 0.00923515 0.000117358 0.137262 0.266192 0.054179 0.000141938 
0.0573307 4.61748e-05 1.18432e-09 0.0078342 0.0227581 0.285018 0.00148859 0.016896 0.0103956 0.0325359 0.00609278 0.00844436 0.0104723 0.000970988 0.00630958 2.30459e-05 0.0144564 0.0347546 0.0759869 0.0378758 2.02371e-06 0.0227592 0.316001 0.0279068 0.00364084 
0.0551157 3.18017e-09 1.84967e-12 0.0189679 0.00701338 0.0318843 0.00274504 0.0270096 0.00232696 0.00033121 0.000532584 2.9656e-06 0.00233651 1.43618e-06 1.4329e-07 5.86718e-09 0.0809717 0.00201678 0.0014476 0.00997562 3.65177e-08 0.010902 0.745549 0.000839362 2.97957e-05 
0.132621 0.00033884 2.4332e-06 0.14642 0.0226918 0.0311135 0.00105682 0.0173196 0.00108361 0.0141435 0.00915202 0.00550586 0.0109153 0.00163749 0.00116481 7.01842e-05 0.0142879 0.0258967 0.18248 0.0153909 2.73688e-05 0.02445 0.315907 0.0250421 0.00128206 
0.00600685 1.44565e-05 1.19899e-09 0.00737902 0.0266708 0.0388151 0.00339752 0.044228 0.000273076 0.00395844 4.74677e-05 3.72389e-06 0.135061 9.30705e-07 2.4332e-05 3.87747e-06 0.117754 0.0310745 0.000999334 0.0184396 7.24628e-07 0.130778 0.432884 0.00215672 2.90111e-05 
0.0400234 0.0399589 0.0399437 0.0400202 0.0400256 0.0400223 0.04001 0.0400194 0.0400082 0.0400091 0.0399929 0.0400161 0.040012 0.0399588 0.0399773 0.0399147 0.0400172 0.0400214 0.0400165 0.0400129 0.0399772 0.0400179 0.0400261 0.0400173 0.0399807 
0.0905676 0.00023447 7.48447e-08 0.0999383 0.064072 0.0112254 0.0170809 0.0344417 0.00285606 0.00161204 0.0068918 2.07409e-05 0.0231263 0.000259142 0.00442971 2.03569e-05 0.0719202 0.00677027 0.0130484 0.0722493 0.000102439 0.0684512 0.377985 0.032391 0.000305739 
0.0552242 0.00221745 0.00196902 0.123496 0.0607713 0.0941226 0.00169988 0.0202713 0.135816 0.0506192 0.00890627 0.0066236 0.0141229 0.00398952 0.000196517 0.000120978 0.0128031 0.00269004 0.0586414 0.0377245 3.07819e-06 0.139399 0.156703 0.0104011 0.0014682 
0.0529407 0.00620528 2.59559e-07 0.0509748 0.054489 0.0477494 0.0075836 0.0411266 0.00321852 0.00394811 0.00042591 4.13379e-05 0.00943072 1.35239e-05 0.000555469 9.09249e-06 0.0519522 0.0223925 0.0107552 0.00413138 6.49028e-06 0.038409 0.547076 0.0448791 0.00168569 
2.73445e-07 2.73005e-07 2.72901e-07 0.101304 0.0437539 0.309094 0.00259714 0.0335213 0.00934853 0.00259707 0.00289658 2.73395e-07 0.0144887 2.73003e-07 2.7313e-07 2.72703e-07 0.0372924 2.73431e-07 0.0140256 0.0133409 2.73129e-07 0.0415856 0.373114 2.73404e-07 0.00103826 
0.260217 6.00054e-07 8.37286e-11 0.0753745 0.00986636 0.127631 1.45406e-06 0.0316204 1.23363e-06 3.02303e-06 0.00527261 3.01174e-07 1.12243e-06 4.42901e-07 5.10591e-11 1.1071e-06 1.02299e-05 6.01166e-06 2.52202e-06 0.108177 1.02657e-07 7.67818e-06 0.38083 0.000721494 0.000252423 
0.0797437 0.000694688 1.38563e-10 0.0430472 0.0152668 0.126973 0.000973261 0.0461544 0.00819214 1.26468e-07 0.0030836 0.000192415 0.0061167 4.55679e-09 0.00338687 4.2062e-08 7.05864e-08 1.90974e-06 0.000885041 0.0187953 1.1064e-08 1.50137e-06 0.642203 0.00428832 2.96972e-07 
0.0903557 0.000653708 1.40156e-09 0.112774 0.0391865 0.00826143 0.000132033 0.12736 0.00647967 0.0263308 0.00932886 5.61938e-08 0.000169488 6.37099e-05 0.00808742 7.2676e-08 0.0164291 0.000118012 0.00846287 0.012726 0.000200898 0.0797688 0.305639 0.146198 0.00127427 
0.183565 7.51246e-06 2.20144e-07 0.120552 0.0422458 0.0243471 0.000553818 0.0288659 0.0037119 0.0134878 0.00101158 5.34186e-05 0.00287285 1.81094e-06 0.00230116 1.20254e-05 0.017894 0.014854 0.0871692 0.0188756 5.55621e-06 0.0254873 0.400894 0.0103688 0.000861263 
0.0144466 4.21458e-05 7.9972e-06 0.0278095 0.0779559 0.105003 0.0329078 0.13686 0.00493276 0.00235991 5.96273e-06 5.5633e-06 0.00112511 1.17025e-09 0.000349763 1.03184e-05 0.00897043 0.00382801 0.088677 0.00183637 1.10507e-06 0.0699466 0.370825 0.0520235 6.99163e-05 
0.00192681 0.00154083 1.28838e-09 0.00425678 0.00344632 0.0532081 0.0138697 0.00816082 0.000357385 0.000181877 2.21431e-05 1.87022e-09 0.000158234 7.71381e-09 0.000133464 1.48361e-05 0.00909185 5.32877e-05 0.154763 2.77628e-05 1.18958e-06 0.0326237 0.706943 0.00909007 0.000129215 
0.0320887 0.0231615 7.03494e-06 0.0109172 0.0383379 0.076302 0.0193808 0.0530065 0.00424263 0.0179635 0.00158424 0.0198072 0.000547325 8.6434e-05 0.000861295 1.66038e-05 0.0142837 0.00827083 0.01694 0.00347027 2.47511e-05 0.0277311 0.5797 0.0426119 0.0086567 
0.0126506 2.05374e-06 1.60805e-05 0.0422274 0.0206498 0.0932643 1.58327e-05 0.108727 0.00108649 0.0197127 5.56379e-05 2.14226e-05 0.103139 1.93696e-06 0.00197509 1.6465e-06 0.074111 0.000489395 0.0696304 0.12837 2.71659e-05 0.00258261 0.215462 0.104393 0.00138806 
0.0570467 0.00255515 0.000194813 0.140505 0.0329664 0.0599834 0.00478009 0.0206469 0.00480374 0.00494475 0.00177228 0.00242241 0.0102003 0.00325027 0.00273735 1.52346e-05 0.0317067 0.00982189 0.0245475 0.013801 3.94845e-05 0.0298514 0.524466 0.0159698 0.000970544 
0.00399808 8.00831e-10 9.72287e-10 7.75102e-07 0.00648225 5.69599e-06 0.277518 9.19022e-06 1.97272e-06 0.0586932 0.0134339 1.57531e-10 0.0169519 8.03489e-10 5.92917e-10 3.50716e-06 0.13706 9.72685e-11 0.0712726 2.81779e-06 5.95747e-10 0.104186 0.278708 0.0316725 5.57158e-10 
0.0922584 0.00129738 5.4201e-08 0.012615 0.0173328 0.114564 0.00224952 0.0117426 0.028989 0.00236035 0.000717191 5.56031e-06 0.00157241 4.49516e-06 1.87473e-05 5.15714e-06 0.00370756 0.000438746 0.0349279 0.0100005 5.8523e-06 0.0508641 0.610919 0.0032881 0.00011627 
0.0320946 1.12392e-08 3.76634e-05 0.00869238 0.118175 0.0733261 0.00712428 0.00846078 0.00199124 0.0908566 0.000169471 3.43177e-05 0.00217638 0.000109309 0.00140481 1.02296e-06 0.0871288 0.0677607 0.0231594 0.00338547 7.78002e-07 0.00385629 0.452906 0.00546757 0.0116816 
0.0286658 2.45619e-05 9.50369e-07 0.0140138 0.0242073 0.0671485 0.000622847 0.00464076 0.0027296 0.00497723 0.00310835 1.91121e-05 0.00365053 5.95411e-06 0.000205077 8.05428e-06 0.0205473 0.0147937 0.00389166 0.00575006 6.52889e-06 0.0069667 0.78912 0.00427433 0.000621331 
0.0548178 3.78105e-06 1.46396e-09 0.00669627 0.00453198 0.0114084 0.000307601 0.0208615 0.00112466 0.000647959 7.25373e-06 6.67508e-05 0.00135151 7.97797e-06 0.00197077 1.3192e-05 0.145521 0.000169118 0.0222155 0.00216178 0.00157875 0.000501884 0.40302 0.320979 3.61155e-05 
0.0653609 0.132087 0.000355134 0.0215055 0.0253202 0.0744013 0.00470826 0.112722 0.000719928 0.0115623 0.000482387 0.00199527 0.0179562 3.38079e-05 0.00314898 9.43252e-05 0.00994831 0.011317 0.010131 0.0352632 1.18192e-05 0.0315713 0.410121 0.0174369 0.00174654 
0.0275842 0.000567687 6.83616e-08 0.0317258 0.24151 0.0260765 0.0426737 0.0227118 0.0499298 0.00892215 6.84458e-08 6.84855e-08 0.00272551 0.000130004 6.84192e-08 0.000307472 0.0041641 0.0147743 0.0106976 0.00247219 6.84189e-08 0.0240053 0.462366 0.0266486 6.91093e-06 
0.00628213 3.13122e-05 1.00963e-06 0.00988673 0.0137224 0.211171 0.0002613 0.031745 0.000173655 0.00485535 0.0025374 8.49072e-06 0.00321875 3.9371e-09 0.000644129 1.43261e-06 0.00860116 0.00245685 0.0127548 0.00345865 8.84153e-05 0.0117632 0.671062 0.00525624 1.85634e-05 
0.029501 7.94299e-09 1.10479e-11 0.105838 0.065111 0.124853 0.00254436 0.057755 0.00232703 0.000682601 0.0236464 3.07351e-06 0.000101524 3.05565e-05 0.000574581 7.63409e-07 0.00645056 0.0168004 0.00516919 0.00286297 2.9124e-08 0.0315423 0.52135 0.00272399 0.000131389 
0.0740414 0.00469718 2.58764e-07 0.0146268 0.0407712 0.00617504 0.0274396 0.0887896 0.00270502 0.0534263 0.00271599 0.000319516 0.00229896 0.000477428 0.000500573 0.000173369 0.0892916 0.107592 0.0511699 0.0275608 0.000119625 0.012887 0.362682 0.0290279 0.000510523 
0.0400234 0.0399589 0.0399437 0.0400202 0.0400256 0.0400223 0.04001 0.0400194 0.0400082 0.0400091 0.0399929 0.0400161 0.040012 0.0399588 0.0399773 0.0399147 0.0400172 0.0400214 0.0400165 0.0400129 0.0399772 0.0400179 0.0400261 0.0400173 0.0399807 
0.0215928 0.00190691 7.11538e-10 0.00904822 0.0524523 0.210796 0.00876808 0.0209601 0.0027287 0.0997531 0.00339837 0.0137947 0.00136655 0.000116233 0.00238918 2.79987e-05 0.00858474 0.0197045 0.189896 0.00531916 3.26539e-06 0.047002 0.254035 0.0259958 0.000360936 
0.0264546 2.85322e-05 2.64007e-10 0.00570431 0.0142469 0.00954542 0.00250155 0.00516084 0.00398021 0.00256738 3.78854e-05 1.14053e-06 0.000513131 2.55294e-06 7.99085e-05 9.11232e-07 0.0091323 0.00637796 0.00246935 0.00169361 8.25171e-10 0.00253767 0.902614 0.00415166 0.000198298 
0.0203201 1.28633e-11 6.19392e-10 0.00852142 0.00617585 0.0820737 3.6258e-12 0.0362655 0.000951998 0.000621039 0.0136448 1.08651e-05 0.00119187 6.3113e-08 0.0509387 4.88912e-05 0.239399 0.00545983 0.086651 0.00459388 3.9069e-08 0.00260264 0.431636 0.00832124 0.000571746 
0.0607188 0.00596397 1.66523e-07 0.0627159 0.025497 0.0923352 0.0024688 0.0883244 0.00518738 0.00897377 0.00425173 0.00198538 0.0124607 1.66586e-07 0.122881 0.00031633 0.0137302 0.000951194 0.0167162 0.176903 1.66662e-07 0.0216383 0.222399 0.0296959 0.023885 
0.0323059 3.87048e-08 5.40067e-12 0.0133051 0.000209031 0.238978 0.000206431 0.0224781 7.95718e-08 1.94992e-07 1.21419e-07 1.94264e-08 7.23992e-08 7.43054e-05 3.29342e-12 3.57766e-05 0.00415773 3.87765e-07 0.017439 0.0232576 6.62157e-09 0.0196622 0.62789 1.54611e-07 3.24985e-08 
0.00410592 0.00291849 2.28656e-06 0.0178211 0.042111 0.0446786 0.00455001 0.00880208 0.00207235 0.00664845 0.000674504 0.000132561 0.00140757 4.20409e-12 0.000555915 9.46954e-06 0.00186571 0.0582204 0.0267357 0.00224343 0.000408986 0.0138433 0.725844 0.0341347 0.000213704 
0.0197656 1.90964e-06 3.17103e-12 0.0067621 0.0651878 0.00920396 0.00528041 0.0134128 0.00541761 0.00614347 4.72015e-06 1.08783e-06 0.00030775 1.0184e-07 1.93374e-12 1.31436e-05 0.0532574 0.000688973 0.000770677 0.000551872 1.94297e-12 0.0028597 0.807547 0.00282167 1.68708e-07 
0.0961407 0.00213907 1.72733e-11 0.00241061 0.00329375 0.0245107 0.000189227 0.022802 4.98711e-08 0.00119627 2.33223e-08 4.28604e-05 0.000235277 9.15049e-08 1.05336e-11 2.48721e-08 0.119631 9.02978e-09 5.67415e-08 1.35516e-07 9.72486e-05 0.0038155 0.617108 0.106388 3.51961e-08 
0.0436127 4.85882e-05 1.18388e-08 0.00228606 0.0307864 0.0553991 0.0398034 0.0920391 0.00204168 0.0058994 5.3422e-05 1.24443e-06 0.00704181 6.14464e-05 0.000113964 5.7338e-05 0.202545 0.00280203 0.00577768 2.77785e-08 1.01171e-08 0.113134 0.377131 0.0191272 0.000237144 
0.0933774 6.00304e-05 1.34709e-07 0.0325471 0.0688442 0.128922 0.00791956 0.149844 0.0542217 0.0280888 0.00120631 0.00846348 0.0106597 0.000201951 0.00206494 0.000165826 0.0124507 0.0211992 0.0296788 0.00734519 4.64765e-06 0.0542547 0.246639 0.038904 0.0029365 
0.0038786 4.30218e-05 1.34202e-09 0.00304297 0.0026076 0.0679086 0.00813096 0.24076 0.000347881 0.00412139 1.65954e-12 8.41765e-06 8.85771e-05 9.82217e-09 4.05316e-08 1.56916e-08 0.00232637 1.4027e-08 0.00716899 1.67514e-05 2.37006e-12 0.0197963 0.626454 0.0132572 4.20973e-05 
0.0188488 5.25214e-08 5.42447e-11 0.105682 0.0183453 0.0621883 0.000755063 0.00670803 6.05116e-05 0.0152861 9.65707e-05 2.22719e-05 0.001561 7.19279e-06 0.000691563 9.78911e-08 0.030708 0.000311653 0.0110803 0.0395297 0.000100394 0.0171484 0.665222 0.00555751 8.9143e-05 
0.0424934 6.14439e-11 1.86057e-08 0.00207376 0.0678664 0.0316391 0.00261189 0.131838 0.00328401 0.000278643 2.25534e-06 7.42161e-06 0.000159677 5.14789e-08 0.0125091 4.25636e-06 0.00162551 0.00155042 0.118875 2.7086e-06 1.67443e-08 0.0258889 0.540839 0.0164498 5.11762e-07 
0.0459542 0.000865939 1.40774e-10 0.0334144 0.00293831 7.57876e-07 5.23236e-08 0.0402481 1.20055e-07 0.00324287 0.000439525 7.97686e-06 0.0265064 1.53753e-07 0.0162851 3.88027e-08 0.0472292 8.69203e-09 0.00040784 0.225881 1.24849e-07 0.0258129 0.526851 0.00391329 1.24975e-06 
0.144217 0.00604763 1.40914e-07 0.224877 0.036614 0.0659786 0.00379701 0.0321045 0.0155256 0.033282 0.00787283 0.00753856 0.00407952 0.000916423 0.0100699 1.40811e-07 1.41173e-07 0.00484286 0.00605636 0.0323675 1.41032e-07 0.0594207 0.232295 0.0708832 0.00121312 
0.0190722 2.13475e-05 1.32821e-09 0.00752093 0.0811458 0.184942 0.0207663 0.205957 0.00457718 0.00963378 4.0239e-05 2.02116e-05 0.000333176 3.06019e-05 9.69904e-05 0.000541907 0.112646 0.0337443 0.0200981 0.00231858 5.23e-05 0.0119831 0.261413 0.0229469 9.79192e-05 
0.0334386 4.25237e-07 2.54619e-06 0.0209248 0.0903208 0.117387 0.000665504 0.192362 0.0112776 0.00422754 0.000998601 1.5597e-05 0.009648 4.25204e-06 0.00134204 2.53284e-06 0.00734296 0.000228136 0.00249781 0.0118074 1.8102e-06 0.0360598 0.423555 0.0356853 0.000204912 
0.206168 6.89965e-05 7.42394e-07 0.0354252 0.0212469 0.0805027 0.000460392 0.00489959 0.0077001 0.00710993 0.00213783 6.35495e-05 0.209146 2.86266e-05 5.00357e-05 3.14683e-05 0.0251964 0.0775643 0.0857007 0.00491751 5.40045e-06 0.0137779 0.213229 0.000826539 0.00374311 
0.106492 2.13773e-05 4.94295e-12 0.00646386 0.0333073 0.0634655 0.00802059 0.00999985 0.000535385 0.00152246 3.32403e-06 3.45584e-05 0.000402543 9.6941e-07 0.000144277 3.42695e-06 0.0221777 0.0232958 0.00284262 0.00204719 9.6172e-06 0.00923594 0.704428 0.00551578 2.91661e-05 
0.359378 8.92878e-09 9.12429e-12 0.0255128 0.133044 0.000334451 0.00238997 0.0303015 0.00970906 0.00430376 6.3564e-05 3.80729e-05 0.000201344 0.0011404 0.000710308 6.43085e-05 0.00827805 0.0098066 0.00997195 0.00198404 1.27891e-06 0.00917645 0.371452 0.0220461 9.19718e-05 
0.0201357 3.41798e-10 4.14976e-10 0.0678835 0.104661 0.030831 5.1429e-05 0.227533 0.0148309 3.73198e-06 0.0190389 1.08377e-05 0.00307917 3.42932e-10 4.49557e-06 0.00385914 0.00481284 4.15146e-11 0.00120876 0.0760501 2.54267e-10 0.0813216 0.314063 0.0305336 8.69358e-05 
0.0701954 5.63345e-05 9.72187e-08 0.136522 0.0176449 0.093853 0.000303706 0.0979775 0.0164072 0.002684 0.00627013 3.60546e-05 0.0126837 2.33683e-05 3.5425e-05 6.11226e-06 0.0143331 0.000477778 0.107569 0.0171904 0.000204177 0.0972296 0.29564 0.0125287 0.000128374 
0.0199902 0.000106588 6.83209e-10 0.0147769 0.0748653 0.271606 0.000988005 0.00636954 0.000391653 0.00234553 0.000151336 7.64563e-10 0.000881676 1.09873e-05 0.000202847 8.7158e-08 0.0849008 0.0118574 0.0237832 0.0150407 1.56875e-09 0.00134631 0.466848 0.00327324 0.000262957 
0.000598865 2.53788e-09 1.32236e-13 0.000709222 0.124272 0.250705 0.0207397 0.0114099 0.00140274 0.000342631 7.03564e-10 2.52498e-06 5.97063e-05 8.86694e-07 3.73958e-05 8.16177e-06 0.000141339 0.19838 0.000675945 2.97687e-05 7.62171e-07 0.0103507 0.375311 0.00482151 2.17485e-09 
0.00628213 3.13122e-05 1.00963e-06 0.00988673 0.0137224 0.211171 0.0002613 0.031745 0.000173655 0.00485535 0.0025374 8.49072e-06 0.00321875 3.9371e-09 0.000644129 1.43261e-06 0.00860116 0.00245685 0.0127548 0.00345865 8.84153e-05 0.0117632 0.671062 0.00525624 1.85634e-05 
0.020436 6.96826e-06 1.39808e-10 0.00176583 0.263002 0.0111128 0.0159978 0.0149121 0.00216981 0.0154818 0.00107782 5.86367e-06 0.00132075 6.27971e-05 1.74003e-07 7.41563e-06 0.118758 0.0928903 0.00406361 0.00104174 2.27234e-06 0.00647594 0.314556 0.114446 0.000405702 
0.0270799 0.00200073 2.14209e-06 0.0793504 0.0365223 0.0988242 0.00936385 0.0173021 0.00475082 0.00785719 0.00729854 0.000114933 0.00203571 0.0454777 0.000139013 5.49944e-05 0.0368522 0.0301466 0.0597045 0.00664767 0.0136356 0.194871 0.285428 0.0340051 0.000534035 
0.0234449 0.00205554 1.67596e-08 0.0487173 0.0341767 0.140052 0.00629506 0.0370925 0.00117585 0.00220483 0.02878 0.000223629 0.00117594 1.79434e-05 2.01592e-07 1.50861e-05 0.0042702 0.00856845 0.0747955 0.0037222 8.49146e-06 0.0472233 0.530404 0.00547658 0.000104406 
0.0171413 0.0363886 7.45096e-13 0.00759547 0.111186 0.0681267 0.011692 0.0232904 0.00300099 0.000586798 2.9964e-05 6.0326e-05 0.000151255 8.13409e-07 3.37856e-05 2.34864e-05 0.000951839 0.056084 0.00119672 0.000720986 1.6364e-05 0.0186406 0.614972 0.0280938 1.53245e-05 
0.0483658 0.0157866 8.39816e-09 0.00502093 0.306532 0.0347257 0.000199898 0.0233449 0.0441497 0.0567736 0.0157016 0.000191244 0.00119045 4.51542e-09 2.22883e-05 0.000382384 0.00106023 0.0226473 0.00144288 5.7575e-05 1.47706e-07 0.00887089 0.400478 0.0121655 0.000889806 
0.162023 7.65791e-05 0.000309027 0.0650855 0.0823837 0.00832848 0.00103474 0.0177086 0.00473496 0.114168 0.000693056 0.00228441 0.00105904 0.000213204 0.0657386 0.000154787 0.00470703 0.012199 0.083151 0.020518 0.000405416 0.0164561 0.264461 0.0695188 0.00258787 
0.0280162 0.0049999 1.26446e-07 0.0220715 0.0584864 0.163418 0.0185659 0.0445906 0.00143331 0.00067235 0.0015263 2.26976e-05 0.0107014 2.23742e-06 4.20075e-05 7.32208e-05 0.0785627 0.00252267 0.0136899 0.0047149 0.000107644 0.260915 0.278409 0.00640418 5.14308e-05 
0.10729 0.0178483 3.65286e-09 0.0299334 1.44743e-06 0.0697911 1.71152e-05 0.0353828 0.0581796 0.152729 5.70117e-05 0.00113203 6.58346e-07 5.90181e-07 4.76169e-06 1.93867e-07 0.00825934 0.000588203 0.034106 0.089659 2.09538e-06 0.0506087 0.31502 0.0293894 5.40788e-07 
0.040806 8.76281e-10 1.06389e-09 0.00248901 0.0250487 0.0506717 0.00190889 0.0248808 0.000895801 0.00495879 0.129049 0.00026267 0.0842605 0.00121199 4.11626e-05 9.79786e-06 0.174201 0.00975348 0.0848786 0.121568 5.01735e-06 0.0366658 0.199038 0.00738969 5.39944e-06 
0.231011 0.000149907 4.40746e-05 0.0537655 0.018586 0.0467107 0.000685803 0.0245468 0.00149642 0.00523734 0.000375762 4.72098e-05 0.00676356 0.000122703 0.00867817 1.01008e-05 0.0190666 0.00822784 0.0269781 0.00890661 1.88271e-06 0.199119 0.331928 0.00743576 0.000104693 
0.140682 0.000127212 2.54952e-07 0.00217357 0.0157139 0.148597 0.0167565 0.00357266 0.000467899 0.0254515 4.16706e-05 0.00113576 0.000181554 0.000622147 6.54836e-05 2.95843e-05 0.0178311 0.0192735 0.0160952 0.00139558 8.29785e-07 0.00549376 0.582761 0.00150262 2.86143e-05 
0.071974 7.03917e-05 2.13274e-08 0.0195233 0.0330559 0.138427 0.00159661 0.0506866 0.00139928 0.00287312 0.023023 1.38426e-05 0.032694 0.000104198 0.000276125 4.80969e-05 0.0782771 0.0310871 0.0145527 0.0100215 3.82504e-06 0.0208741 0.460478 0.00817327 0.000766415 
0.160141 0.000841887 6.53243e-06 0.0656176 0.0334364 0.139579 0.00418237 0.0357818 0.00692638 0.0123552 0.00368101 0.0030487 0.0343649 0.000814097 0.00181249 0.000106941 0.0609244 0.00793245 0.016283 0.0414108 1.20054e-05 0.149412 0.190945 0.0300953 0.000288293 
0.0118997 6.83654e-08 7.38427e-10 0.0338905 0.283138 0.000167746 0.00128396 0.0109033 0.000481771 0.0143306 0.00332321 7.25688e-05 0.0396527 0.000552101 0.000130606 9.64678e-08 0.0300948 0.0141265 1.62519e-07 0.0230592 1.60545e-06 0.0104107 0.419602 0.102749 0.000128866 
0.0196533 0.0002104 2.30649e-05 0.0240484 0.0179368 0.179736 0.00146357 0.0127662 0.000267079 0.000763803 0.00307975 1.34172e-05 0.0165478 3.66023e-06 0.000243504 0.00178899 0.167412 0.00118232 0.151182 0.0604314 2.55542e-06 0.0124283 0.328045 0.000724677 4.67262e-05 
0.00974673 0.00027459 5.62783e-08 0.0735624 0.0176319 0.282141 0.00160844 0.0038406 0.00389995 0.011857 0.000978671 2.96046e-06 0.000369191 1.22345e-07 0.000100497 2.25173e-06 0.00436025 0.0402578 0.00343814 0.00631682 2.69146e-08 0.00029671 0.523647 0.0150023 0.00066471 
0.0497766 9.40992e-05 0.000808177 0.0272149 0.0162274 0.0307052 0.00552315 0.0441624 0.00059197 0.00671739 0.000702633 6.85458e-05 0.0490848 1.93249e-05 0.000497554 2.83914e-05 0.025979 0.0281511 0.0883391 0.0522914 1.64067e-06 0.155613 0.40144 0.0156487 0.000313886 
0.0782479 0.000223594 1.89131e-09 0.073807 0.0707926 0.232118 0.0427472 0.0388308 0.00307989 0.00502816 0.00041868 3.16427e-06 0.000258707 0.00623927 0.000176558 8.6544e-06 0.00561161 0.0401136 0.0145675 0.0118707 3.11352e-07 0.0320252 0.340555 0.00322992 4.53068e-05 
0.0186213 6.01473e-05 1.54491e-05 0.0621565 0.0258255 0.0807769 0.000107028 0.0488209 0.0120569 0.0144697 5.11445e-05 0.000132422 0.00745766 2.30686e-05 3.61628e-06 1.01838e-07 0.00641501 0.000184052 0.00781906 0.0403047 2.1803e-10 0.0356082 0.622061 0.0166663 0.000363498 
0.0988528 7.5627e-05 1.36341e-08 0.0659497 0.0459203 0.106538 0.00320444 0.00777742 0.0319877 0.00208484 0.0025591 8.23052e-07 0.00591996 0.00113689 9.25356e-05 6.216e-05 0.0192635 0.00143229 0.00876816 0.00826529 3.2102e-06 0.0243365 0.564552 0.000812746 0.000404581 
0.418396 2.26907e-05 2.62547e-11 0.00512645 0.0153753 0.0288682 0.00183888 0.0146479 0.000242705 0.00300559 4.75411e-06 1.33957e-05 0.00027219 1.06417e-06 4.67604e-05 2.38604e-08 0.0119837 0.0125925 0.0040266 0.00139216 8.20825e-08 0.00954721 0.464233 0.00794893 0.000413067 
0.00944723 9.71314e-05 3.55897e-10 0.200932 0.00228691 0.119139 1.5153e-05 0.012844 0.00848691 0.00033641 3.48589e-06 9.98134e-06 7.1507e-05 2.34504e-06 6.2125e-08 3.04055e-06 0.00162533 0.00168394 0.00458154 0.00119575 5.43274e-09 0.00932121 0.627905 6.71503e-06 4.83801e-06 
0.0408864 0.00011538 8.31483e-08 0.0189515 0.0129384 0.0595618 0.000181104 0.00415511 0.000125992 0.00863194 0.000601185 0.000126315 0.000638531 1.56419e-05 9.13692e-07 1.29086e-06 0.0732318 0.0193466 0.00350177 0.00102612 5.14395e-05 0.0504926 0.688349 0.0151927 0.00187668 
0.000860196 6.71193e-05 2.8172e-10 0.00163933 0.00407441 0.267792 0.00103455 0.229923 0.000103194 0.00345211 1.1569e-08 5.64326e-06 3.67437e-05 9.39512e-09 5.3394e-08 7.24332e-09 0.00197786 4.53942e-08 0.0122525 4.57844e-09 7.68691e-10 0.0292818 0.442634 0.00486451 8.86658e-09 
0.0264214 8.77159e-05 1.03599e-08 0.157471 0.0130175 3.81675e-06 1.42639e-06 0.0222211 0.00441168 5.54911e-07 7.31976e-07 8.05029e-07 0.000669755 4.25935e-11 0.00576529 6.60862e-07 7.67407e-12 7.44773e-06 0.00633682 0.033536 8.84298e-07 4.7947e-06 0.624445 0.105595 5.87783e-07 
0.288149 3.91162e-07 1.62187e-09 0.0339133 9.56713e-07 0.00674023 9.45101e-07 0.0220563 3.72366e-06 0.000271778 1.22372e-06 1.95934e-07 7.29598e-07 2.89059e-07 9.89041e-10 7.21407e-07 0.000389405 3.90609e-06 0.000185048 6.00713e-06 6.76591e-08 0.00128013 0.646994 1.55762e-06 3.28253e-07 
0.137224 1.70236e-06 2.18742e-08 0.148097 0.0498918 0.0157439 0.00153871 0.0102179 0.00113538 0.00237095 0.00287239 0.00227926 0.131015 0.000688573 0.00131321 2.25162e-06 0.012019 0.0226382 0.012918 0.0512091 1.01412e-05 0.0631652 0.318904 0.0134814 0.00126292 
0.000425379 0.0226268 2.26904e-11 0.00584566 0.0203221 0.0400616 0.000826713 0.0260653 0.000230044 0.000336479 0.0265586 7.39775e-09 4.37955e-08 1.87511e-11 1.3837e-11 6.10575e-05 0.011636 0.000377314 0.0242431 1.00902e-05 6.11521e-05 0.0439805 0.767303 0.00895151 7.74051e-05 
0.171607 7.37302e-06 8.94244e-08 0.0478735 0.0597986 0.0409902 0.00618309 0.0150436 0.00678888 0.0100519 0.00107849 6.53325e-05 0.00278432 7.44676e-05 0.00152495 0.000266764 0.0269973 0.05636 0.093499 0.0105533 7.87245e-05 0.0185388 0.402764 0.0260421 0.00102759 
0.0274038 0.000150184 9.46959e-11 0.0124297 0.00966977 0.0297304 0.00114581 0.0467689 0.0021897 0.011511 3.16053e-09 3.17266e-09 0.000376898 1.28939e-05 0.000756209 4.20143e-06 0.0153896 0.000266697 0.00168317 0.000626238 1.5312e-05 0.090568 0.706523 0.0424161 0.000362443 
0.018002 0.00164313 0.000421421 0.0109291 0.132396 0.0407514 0.010868 0.013065 0.0114058 0.00220619 4.87387e-05 1.25953e-05 0.000299594 9.76781e-07 9.75101e-05 4.35917e-06 0.000606499 0.0222023 0.00180145 0.00112494 3.00107e-06 0.0187964 0.698054 0.0150957 0.000163281 
0.0554539 0.000120923 2.4607e-11 0.0121523 0.0160558 0.108604 0.00116737 0.0236077 0.00276889 0.0252015 0.00339192 0.000730433 0.0400416 5.58306e-06 3.82992e-07 4.60624e-06 0.149149 0.00184954 0.0679992 0.05183 3.24113e-07 0.133278 0.270555 0.0317537 0.00427734 
0.0556966 2.10803e-05 0.00035618 0.041479 0.108739 0.120551 0.053231 0.0654463 0.00982008 0.0197603 0.000199701 4.76777e-06 0.00608225 4.8809e-06 0.00991346 0.000162639 0.0071971 0.0298803 0.0138806 0.0262226 1.21351e-06 0.0270173 0.290344 0.113909 8.04956e-05 
0.0225979 6.08457e-10 7.38726e-10 0.126107 8.67575e-07 6.6477e-11 0.04403 0.246511 1.18038e-06 1.79125e-10 5.64189e-06 1.19689e-10 0.000202641 6.10476e-10 4.68552e-06 9.8655e-10 0.0595245 0.00115387 1.15592e-10 3.66716e-05 4.52637e-10 0.000267834 0.499546 4.77479e-06 4.95324e-06 
0.135761 0.0081242 9.99776e-06 0.0613259 0.0345455 0.0354977 0.0198327 0.0297373 0.00342814 0.028925 0.00162632 0.000533358 0.00411264 0.000617752 0.0306423 2.80284e-05 0.0560015 0.0216771 0.0627183 0.0160814 0.00010904 0.111215 0.199061 0.0424716 0.0959177 
0.129627 0.000202233 7.58511e-06 0.032388 0.0223785 0.0241209 0.00404671 0.0115708 0.0103106 0.00278099 0.000678166 0.000492923 0.00134485 4.98689e-05 0.0053993 9.73597e-06 0.0355797 0.00362159 0.00817664 0.00456216 5.28679e-06 0.0338512 0.659979 0.00805904 0.00075764 
0.00784854 0.000174103 3.3027e-07 0.0125823 0.0493647 0.202322 0.00357112 0.220461 0.00357728 0.00203615 0.0230607 5.82804e-05 0.000613116 7.31824e-09 0.00498869 3.37072e-05 0.0478533 0.0154652 0.0143469 0.00160609 1.07632e-09 0.0139543 0.301374 0.0745986 0.000109331 
0.0243732 1.58596e-05 3.86366e-12 0.0250051 0.0206548 0.0192961 0.00535435 0.0131893 0.00465333 0.00163275 7.01043e-09 1.2491e-08 0.000187041 1.56222e-05 2.95524e-08 4.71581e-05 0.0230754 0.000257792 0.026261 0.00539348 5.73811e-09 0.251069 0.567419 0.0120922 7.38453e-06 
0.1648 0.000909139 0.000424861 0.0352861 0.050963 0.0128846 0.00289975 0.0238705 0.00377598 0.00664667 0.00218805 0.000107514 0.000196011 2.2109e-05 0.00534519 9.6878e-06 0.0181132 0.00362798 0.00137413 0.00413639 0.000169703 0.00938117 0.545936 0.104733 0.00219852 
0.018254 7.22891e-05 5.61941e-09 0.0825738 0.00355859 0.255915 0.00614913 0.0335949 0.000274546 0.000350564 0.00246622 5.34949e-06 0.00141684 8.12729e-06 2.06774e-06 7.29142e-06 0.00394619 0.000248503 0.0337961 0.00409391 1.22997e-07 0.010486 0.540866 0.00170728 0.000206611 
0.0863231 1.41906e-08 1.30133e-06 0.0136474 0.0136399 0.174333 0.00247968 0.00924496 0.000905129 0.0123679 0.00075826 0.00703313 0.0233418 0.000368661 0.000347003 1.01372e-05 0.0210712 0.00642533 0.00857719 0.00821597 2.56752e-07 0.0142505 0.59059 0.00605996 7.7994e-06 
0.196436 2.30044e-05 2.11539e-07 0.0206998 0.01014 0.0364554 0.00453031 0.133793 0.00296531 0.0190357 2.19992e-05 1.04272e-06 0.00306273 4.80177e-05 4.81635e-05 5.61882e-06 0.0160923 0.00663277 0.0144831 0.0433488 1.3229e-07 0.0621912 0.425943 0.00343339 0.000608732 
0.0436127 4.85882e-05 1.18388e-08 0.00228606 0.0307864 0.0553991 0.0398034 0.0920391 0.00204168 0.0058994 5.3422e-05 1.24443e-06 0.00704181 6.14464e-05 0.000113964 5.7338e-05 0.202545 0.00280203 0.00577768 2.77785e-08 1.01171e-08 0.113134 0.377131 0.0191272 0.000237144 
0.0656265 4.33731e-05 2.69396e-09 0.0173374 0.0477391 0.264253 0.010379 0.0370151 0.0368998 0.00410674 0.000206007 0.000809733 0.0135781 8.3205e-05 0.001008 5.99145e-05 0.0642336 0.0102086 0.0650289 0.00329515 1.28594e-06 0.043718 0.311508 0.00154236 0.00131922 
0.0302004 3.64066e-05 4.01985e-07 0.0118751 0.314795 0.0224198 0.0346072 0.071885 0.0652156 0.000475694 0.00157529 5.04625e-07 0.000612965 1.34259e-07 3.47401e-08 7.09428e-07 0.000374593 0.00194514 0.000674295 0.0128197 4.14426e-07 0.0204597 0.400962 0.00897102 9.3298e-05 
0.138434 8.09802e-06 6.38363e-08 0.140947 0.0976027 0.0280689 0.000539004 0.0441415 0.0322452 0.00308321 0.0114761 2.98888e-05 0.0257868 0.000205199 0.00489752 1.41213e-07 0.0154698 0.00936056 0.00228787 0.00507722 8.333e-05 0.0500549 0.299833 0.0891906 0.00117714 
0.0872155 0.000204453 3.70728e-06 0.0964352 0.0267975 0.047675 0.00499584 0.0197934 0.00456227 0.00580677 0.00351846 0.00453253 0.0217239 8.30918e-05 0.00162637 8.16991e-06 0.0114664 0.00772005 0.013644 0.0148489 3.13723e-05 0.0417973 0.566879 0.0169259 0.00170473 
0.100259 1.71147e-05 1.39297e-11 0.0101648 0.0766235 0.0547406 0.0919184 0.0249752 0.00373637 0.00694745 0.000640868 0.000420671 0.00259858 1.20716e-05 0.000108283 0.000178342 0.0169661 0.0114825 0.190127 0.0075342 7.12643e-05 0.02574 0.351046 0.00699445 0.0166975 
0.183056 4.08978e-05 0.000124315 0.140318 0.0776974 0.0151862 0.0137812 0.034451 0.0120479 0.00986546 0.0020224 0.00101159 0.00586782 0.00134957 0.0083975 9.24096e-05 0.0378123 0.0178004 0.0242096 0.0170263 6.1603e-06 0.0784127 0.285984 0.0301252 0.0033139 
0.0528661 0.000387952 2.66118e-05 0.0407238 0.0384224 0.0782214 0.00705115 0.0436145 0.0083073 0.00839147 0.00489592 0.00453696 0.00525115 0.000669442 0.00412526 2.7072e-05 0.0594649 0.0138787 0.020795 0.0162708 7.53206e-05 0.0518767 0.513355 0.0257144 0.00105088 
0.053574 0.00248073 0.000181298 0.0522761 0.112931 0.112927 0.00410884 0.0954864 0.00579182 0.02192 0.0109443 0.0145733 0.0818825 0.0015596 0.00102746 0.000118333 0.0631943 0.00928099 0.0621958 0.0386712 4.28217e-05 0.100466 0.139853 0.0121628 0.00235005 
0.0694924 6.99656e-06 3.05475e-10 0.00421863 0.028471 0.0115189 0.00475206 0.00759002 0.0314451 0.00166784 0.000919946 1.816e-08 0.00702064 0.000179742 1.47876e-07 1.61332e-05 0.28278 0.000469967 0.00222191 0.000658559 4.11597e-06 0.025974 0.514699 0.00585265 3.9738e-05 
0.0176822 7.22069e-05 3.07188e-07 0.0164229 0.0593952 0.134222 0.0124908 0.0615018 0.00265219 0.00414621 0.00216399 5.5202e-05 0.0189207 3.05164e-06 0.000253223 3.29607e-05 0.0551008 0.0128596 0.0497714 0.00623066 1.00603e-05 0.194655 0.284569 0.064318 0.00246985 
