0.0182132 2.91114e-05 0.000644962 0.0818587 0.0124976 0.0710697 0.00614143 0.0198273 0.000557842 0.00321508 0.00499525 1.1729e-05 0.0742359 0.000106039 0.000275191 9.50185e-06 0.015611 0.00661965 0.0121122 0.0753176 2.90158e-07 0.145715 0.447237 0.00366785 3.09955e-05 
0.193388 3.26153e-10 3.95982e-10 0.0197435 0.0751714 0.027081 0.00157925 0.104844 0.0270263 0.00103469 4.09386e-05 3.52954e-05 0.000231614 0.00113951 0.00105639 1.41605e-05 0.0214573 0.00611266 0.000181746 0.00102996 5.26469e-06 0.0211098 0.392351 0.105357 9.91108e-06 
0.119935 0.002563 1.11344e-06 0.0247669 0.0922712 1.11563e-06 1.11528e-06 0.129628 0.0274358 0.00345842 1.11481e-06 1.11545e-06 0.0301153 1.11386e-06 0.0460249 1.11263e-06 0.0779736 0.0138346 1.11547e-06 1.11536e-06 1.11437e-06 0.000447318 0.291988 0.136537 0.00301018 
0.00298832 6.03414e-05 6.43521e-11 0.370418 0.0156236 0.111789 0.00132274 0.0242351 0.0221151 6.94748e-06 0.00216079 1.04264e-11 0.00792523 3.87495e-05 9.10558e-08 1.53727e-05 0.000417238 1.02453e-05 0.0176826 0.000794546 1.04568e-08 0.0189458 0.403353 9.80721e-05 2.42036e-08 
0.000507364 0.00175406 5.13031e-08 0.00822184 0.00113682 0.00783693 0.00050339 0.00711361 9.16379e-05 6.69111e-05 5.14419e-09 9.05195e-06 9.91671e-09 1.64309e-06 0.00383134 2.07812e-06 9.15248e-05 3.83852e-05 2.67576e-05 4.44361e-07 5.18168e-08 0.1053 0.840474 0.0221099 0.000882076 
0.0623237 0.0015445 5.65244e-06 0.00285629 0.0181768 0.0176624 0.00156514 0.00661723 0.000284752 0.0131859 0.0251974 5.52823e-05 0.00674869 2.20548e-05 9.52019e-05 2.30251e-05 0.0814666 0.0199546 0.00299233 0.00708053 0.000137457 0.0461011 0.671389 0.0129461 0.00156857 
0.0278088 7.63553e-06 8.57716e-05 0.0253382 0.0390062 0.0444321 0.00218804 0.013561 0.000709484 0.0279302 0.000103329 4.92611e-06 0.000258065 9.60115e-08 4.94218e-05 3.0186e-07 0.000871214 0.0109098 0.000444575 0.00931073 2.74357e-07 0.0144235 0.74865 0.0330424 0.000864393 
0.0320993 1.11259e-05 2.46639e-06 0.0662901 0.0458791 0.0786273 0.000968819 0.0117949 0.000589174 0.0376896 6.5483e-05 0.0162808 6.58037e-05 5.11521e-08 0.000276374 2.76999e-06 0.00903926 0.00595244 0.0315971 0.0102546 3.40603e-07 0.13628 0.504674 0.00828294 0.00327614 
0.0833621 2.60774e-06 2.08135e-09 0.0248085 0.0261748 0.0536685 0.00226567 0.0734872 0.000431705 0.002961 0.000226658 7.73017e-05 0.000820102 2.19233e-06 3.94674e-05 8.88719e-05 0.0860322 0.000222574 0.0148733 0.00285791 9.40724e-06 0.00648984 0.600284 0.0206059 0.000208207 
0.201761 3.41109e-05 3.26885e-12 0.00538036 0.00210579 0.00572522 0.00032776 0.0801477 0.000563403 0.0263581 8.03414e-05 0.0315757 0.00280884 0.00627654 0.000198012 1.72907e-05 0.166177 0.0101572 0.0614111 0.00207935 8.4571e-06 0.0402446 0.351208 0.00525515 9.77987e-05 
0.0279371 2.67815e-05 3.28564e-09 0.0436152 0.0403565 0.0781862 0.013074 0.0127166 0.00153277 0.00809266 0.000304503 0.000763137 0.00129438 0.000683061 0.000353136 6.95516e-05 0.077226 0.0355839 0.214452 0.00389404 0.000173679 0.0242139 0.3938 0.0214654 0.000185227 
0.0140747 0.000165159 2.68935e-10 0.0554294 0.00950997 0.0774719 0.000604793 0.159954 0.00435771 0.00109989 6.83953e-07 3.35111e-09 0.000117626 1.80784e-05 1.64001e-10 0.000261562 0.020692 0.00013966 0.0249421 0.0012109 3.29992e-08 0.0121539 0.617135 0.000661807 9.60383e-08 
0.161256 0.000714086 0.000392377 0.0298988 0.0354792 0.0494868 0.00692037 0.0223155 0.0050023 0.0229522 0.0018278 0.00656825 0.0273458 0.000942323 0.00203276 2.38563e-05 0.0456672 0.0144152 0.0256783 0.0132078 8.19733e-05 0.0634235 0.450951 0.0118252 0.00159124 
0.190617 0.000189816 1.21884e-05 0.0307541 0.0176648 0.0315085 0.00165665 0.0223828 0.00735545 0.0235673 0.000802036 0.00178898 0.00425908 0.00168545 0.00288118 2.83373e-05 0.1932 0.00745323 0.0636607 0.00485235 0.000547963 0.0606879 0.289596 0.0418776 0.000970553 
0.0236409 0.00010119 0.00349356 0.0429679 0.063227 0.0998507 0.00277022 0.022299 0.0830712 0.0307934 0.000216134 0.000709539 0.000593369 0.00128778 0.00239498 1.93837e-05 0.0206203 0.054101 0.0245676 0.00389635 1.32739e-05 0.0422722 0.459877 0.0160013 0.00121461 
0.0137945 0.00685665 1.32517e-06 0.0153009 0.0149486 0.0630918 0.000376103 0.00655419 0.000847682 0.00681042 0.00102573 0.000558859 0.00639725 1.23849e-05 0.00291005 3.09952e-05 0.106104 0.029779 0.192503 0.0045702 0.000448158 0.114763 0.207286 0.0284234 0.176606 
0.224152 0.0056968 3.14583e-06 0.0559572 0.0610672 0.0664604 0.00357105 0.0137295 0.0376689 0.0206454 0.00125114 0.00235878 0.00997784 0.000128351 0.0180535 9.09567e-06 0.00780562 0.0656408 0.0966733 0.0361732 7.78515e-07 0.00408753 0.24846 0.016086 0.0043424 
0.138756 0.000296097 2.75673e-09 0.0123406 0.065528 0.171314 0.0108304 0.0460782 0.00090585 0.0135789 0.0268952 0.00140494 0.0132848 0.000479913 0.000282376 4.22031e-05 0.0700718 0.0081323 0.0638766 0.0108846 4.37354e-06 0.0341112 0.306316 0.00426571 0.000320481 
0.0190156 1.9799e-08 8.89903e-11 0.0475458 0.121364 0.156227 0.00153477 0.029054 0.00115895 0.00123714 0.000834875 6.29314e-06 0.00576442 3.61075e-05 0.000599123 3.0836e-07 0.0486788 0.000571929 0.0168762 0.00294148 1.22004e-07 0.0186372 0.522405 0.00535773 0.000153723 
0.0294113 0.000486076 1.10514e-06 0.0178331 0.131394 0.264276 0.00676645 0.0257717 0.0084976 0.00145011 0.000694948 1.77783e-06 0.000171919 0.000603248 0.000557994 1.67391e-05 0.00761222 0.00723484 0.00237703 0.0241429 1.41142e-05 0.0137414 0.449784 0.00715085 8.95888e-06 
0.0866304 6.60909e-06 3.22664e-08 0.00610411 0.0564147 0.0147991 0.00163343 0.0772465 0.000579854 0.0327671 0.000778138 1.86179e-06 0.00073032 0.000113706 6.00777e-05 8.0745e-06 0.00109044 0.0104338 6.44524e-05 0.264078 1.94674e-06 0.00442579 0.436872 0.00509282 6.70004e-05 
0.0286316 2.1884e-05 1.32484e-08 0.077504 0.0246947 0.0197527 0.000332553 0.0207241 0.00239366 0.00038215 0.000145307 1.54366e-06 0.000233045 4.94737e-07 3.60055e-12 9.9552e-07 0.0183131 0.00199129 0.000449557 0.00265588 9.42434e-10 0.00436801 0.796743 0.000660062 6.15373e-11 
0.0585939 0.000120705 1.76572e-06 0.0567101 0.0143628 0.239768 0.00104895 0.0589339 0.00755463 0.00292821 0.000513345 8.39482e-06 0.00290227 0.000122932 0.000790223 3.22874e-06 0.0264209 0.00197803 0.00307694 0.00358842 1.50819e-08 0.0142128 0.502412 0.00386637 8.11147e-05 
0.0517508 0.00260839 1.85087e-06 0.122783 0.0944212 0.0463915 0.0438842 0.14741 0.0050356 0.00564981 0.0158756 7.46592e-06 0.0177474 2.23982e-06 0.00113437 1.87765e-05 0.00710658 0.0130287 0.105572 0.0345924 5.285e-06 0.0511663 0.229496 0.00407859 0.000232474 
0.0317673 0.000101975 2.16101e-07 0.254246 0.0517739 0.123561 0.0126144 0.0445258 0.014764 0.012281 0.00310699 0.000237011 0.00702172 1.15212e-05 0.000695663 9.2243e-06 0.0175205 0.00148159 0.0120334 0.0134353 2.70248e-07 0.0742916 0.31076 0.013371 0.000388288 
0.125376 7.04406e-12 2.59433e-09 0.066557 0.168257 0.0317475 0.00969796 0.164718 0.0345621 0.0461216 0.0171488 0.0201991 0.0068797 3.21182e-05 0.000520242 4.72039e-09 0.00451371 0.0157761 0.00197186 0.00863422 1.18605e-05 0.02376 0.239199 0.0102833 0.004033 
0.11406 4.4561e-05 3.63544e-07 0.0621107 0.0493413 0.0671515 0.0012909 0.0336442 0.00227478 0.0153978 0.000210986 0.00135544 0.000309819 0.00040593 0.0174693 1.75004e-05 0.042723 0.0148807 0.0361817 0.00266638 1.93192e-05 0.0306768 0.475671 0.0320094 8.6919e-05 
0.250056 0.00145007 2.08866e-06 0.0377379 0.0343199 0.0471105 0.0030646 0.0495622 0.00887667 0.00512622 0.00148002 7.06326e-05 0.00180719 1.30829e-05 0.00299086 1.52986e-05 0.0149777 0.00398757 0.00819552 0.0112983 4.38979e-06 0.0188323 0.458071 0.0405833 0.000365958 
0.00214642 6.67672e-05 1.10486e-09 0.217295 0.026157 0.307934 7.65254e-05 0.0506044 0.00605907 0.00680924 0.00899817 0.000159578 0.00272434 2.2333e-05 0.000645956 1.47551e-09 0.00198556 8.08169e-06 0.00454148 0.000275275 3.28723e-08 0.0348477 0.321867 0.00610065 0.000675562 
0.0357871 1.76864e-05 3.85398e-09 0.26155 0.0405577 0.0570025 0.00640109 0.136681 0.0090452 0.000972376 0.00235692 1.2693e-05 0.00199445 2.83409e-05 4.755e-05 9.84436e-06 0.0226334 0.0259629 0.0138836 0.00544004 4.77846e-07 0.0361872 0.336566 0.00679806 6.36821e-05 
0.0222218 2.97468e-05 0.000315238 0.0432413 0.210809 0.202466 0.00120788 0.0507251 0.00424849 0.0104064 0.0481917 0.000265875 0.0163883 7.01947e-06 0.00182533 4.28634e-05 0.0450289 0.0514836 0.0160989 0.0116899 1.42036e-06 0.0108082 0.245434 0.00582919 0.00123386 
0.0259388 0.000717682 1.56005e-08 0.0130518 0.115097 0.0773788 0.0108357 0.0228727 0.0238027 0.000301339 0.0150838 1.88531e-05 0.0032527 0.000134137 0.00501501 1.28851e-05 0.0989614 0.00852866 0.0221518 0.00486242 0.00016178 0.0428388 0.459089 0.0498058 8.59575e-05 
0.0129916 0.0140403 3.59034e-08 0.180113 0.00922588 0.0149441 0.000704396 0.243591 0.000195868 0.00117238 2.12089e-05 7.55976e-06 0.00424708 0.000105984 4.66759e-05 0.000363062 0.00880113 0.0135282 0.000646571 0.00927995 1.27552e-05 0.156988 0.300513 0.0284297 3.03328e-05 
0.0559582 2.3653e-07 0.000275263 0.0156625 0.0482416 0.0406252 0.00103118 0.0139382 0.001476 0.0361803 0.00156854 0.000193042 0.0160078 2.63685e-05 0.000399083 5.91138e-06 0.00719676 0.014454 0.0308958 0.0783375 3.68142e-06 0.00186084 0.604335 0.00394134 0.0273851 
0.000386003 7.49099e-06 1.81013e-10 0.00129674 0.0194786 0.322074 0.00294586 0.0646255 0.000422701 0.00158524 7.46864e-09 4.04896e-06 2.55583e-05 1.20086e-06 4.29716e-05 2.22264e-06 0.000214305 0.00845384 0.00994943 1.10015e-09 1.35433e-07 0.0508113 0.512604 0.00506926 4.06077e-09 
0.0875024 2.34473e-05 5.83013e-07 0.0225511 0.026352 0.0665898 0.0170185 0.0362017 0.00112438 0.00101992 0.000258055 6.91596e-06 0.00557312 3.30478e-06 7.66153e-06 3.54335e-05 0.0448467 0.0190638 0.0111446 0.00209813 9.4773e-07 0.133677 0.522226 0.00260076 7.37795e-05 
0.217266 0.000217862 1.77041e-12 0.0360667 0.0100938 0.0461824 0.000789907 0.0296438 0.00151902 0.011436 0.000832186 0.0524495 0.00229341 0.00446555 0.00578616 7.44959e-06 0.0220089 0.00362848 0.0139925 0.068713 4.7619e-08 0.0142032 0.456336 0.0017455 0.000322547 
0.274815 5.43993e-06 3.01826e-11 0.0543728 0.0472359 0.0312327 0.0051578 0.0104944 0.0142567 0.00165231 1.04147e-07 1.8237e-09 0.000225983 2.49426e-11 0.000569774 3.3841e-08 0.00201805 0.000227413 0.0134826 0.0161046 3.06368e-08 0.0158138 0.497326 0.014746 0.000262807 
0.0400234 0.0399589 0.0399437 0.0400202 0.0400256 0.0400223 0.04001 0.0400194 0.0400082 0.0400091 0.0399929 0.0400161 0.040012 0.0399588 0.0399773 0.0399147 0.0400172 0.0400214 0.0400165 0.0400129 0.0399772 0.0400179 0.0400261 0.0400173 0.0399807 
0.0547995 0.00151166 0.000452589 0.0540132 0.113362 0.114943 0.00777824 0.0879617 0.0157003 0.00941723 0.0151735 0.00117627 0.0156366 0.0060298 0.00329981 5.17374e-05 0.0747049 0.0152028 0.0182676 0.030817 9.3926e-05 0.0516437 0.219881 0.0850957 0.00298664 
0.0310135 1.84224e-06 1.61292e-05 0.00866091 0.100169 0.107644 0.00956314 0.0100926 0.00353758 0.0518023 0.000112384 2.37591e-05 0.00158832 5.80377e-05 0.000852649 8.56388e-06 0.0488346 0.0770123 0.0138068 0.0055537 6.79568e-07 0.00912327 0.510708 0.0046436 0.00517176 
0.11365 0.000309337 2.15534e-10 0.0180303 0.0345633 0.249078 0.00019927 0.0189217 0.000501309 0.0193808 0.0423265 0.0240771 0.00316568 0.000231764 0.000325434 7.17353e-06 0.053131 0.00418208 0.0390726 0.0101499 8.71425e-06 0.0145148 0.350827 0.00286659 0.000479693 
0.00346354 0.000369599 5.20654e-08 0.20598 0.0964442 6.14449e-06 0.0015043 0.108559 4.79558e-06 0.00128086 7.48547e-06 2.05452e-06 1.76751e-06 4.30263e-08 1.74138e-05 0.000721899 0.0193511 2.27092e-06 0.00254365 0.000463115 3.19019e-08 0.00253776 0.42164 0.131633 0.00346639 
0.245788 0.000429866 2.91228e-09 0.00479438 0.0350019 0.118756 0.000989396 0.0140901 0.00386956 0.0602162 0.000710289 0.00264184 0.00811134 0.00113745 0.000187114 6.90158e-07 0.0639449 0.0187342 0.0707957 0.0049121 8.20227e-06 0.0282612 0.283438 0.0162922 0.0168891 
0.0053222 0.0105289 1.08259e-09 0.00900297 0.050716 0.0238276 0.0255396 0.0311353 0.00437702 0.00107585 1.30788e-08 0.00034653 1.58503e-05 1.55429e-12 0.00135004 7.53106e-05 0.00012332 0.0917127 0.00194857 0.000348266 3.51611e-06 0.023529 0.468501 0.250128 0.000392606 
0.0943479 0.000714209 2.99162e-06 0.0324711 0.0429213 0.0540348 0.00477832 0.0419138 0.0226143 0.108174 0.00475039 0.00224508 0.00840792 0.00108388 0.000576663 5.45243e-05 0.0261173 0.0130928 0.0538729 0.0117808 5.4797e-05 0.0190284 0.409441 0.0469388 0.000581888 
0.0272498 8.93813e-06 2.38817e-11 0.00330656 0.0040018 0.0588604 0.000318199 0.015216 0.000276057 0.0018864 6.848e-05 2.28059e-05 0.000331715 2.57992e-07 2.162e-05 1.42876e-05 0.0848111 0.01919 0.320499 0.00491282 1.67957e-06 0.0708525 0.377712 0.01035 8.76134e-05 
0.0754236 2.48615e-08 2.45487e-06 0.0104585 0.209382 0.050416 0.0457511 0.0850044 0.0195035 0.00370438 0.00738683 1.49224e-05 0.00135204 2.12889e-05 0.00109225 1.79107e-05 0.112625 0.0110327 0.00416506 0.0133383 1.73776e-06 0.00989103 0.265823 0.0732748 0.000317755 
0.135291 2.64459e-05 3.59452e-07 0.000352916 0.0718365 0.0130184 0.000327633 0.00416774 4.14162e-05 0.00589963 0.000369296 1.71016e-05 0.002896 1.38079e-06 4.11699e-09 1.9088e-06 0.031697 1.84497e-05 0.0055416 0.017492 4.54816e-07 0.0639336 0.609466 0.0375993 4.64121e-06 
0.0280505 0.0016738 1.30952e-05 0.268511 0.0226735 0.00509485 0.00128482 0.0115145 0.00114779 0.0249567 0.00238825 4.26626e-05 0.0569861 1.04369e-07 0.0771242 5.96722e-05 0.00539494 0.00158245 0.00167085 0.180948 6.87388e-05 0.00247633 0.29462 0.0115331 0.000183474 
0.0095378 0.0037965 1.1555e-10 0.043117 0.0148676 0.157289 0.000213794 0.00492872 0.00576209 0.0027933 0.00357233 4.25677e-05 0.0152935 0.000517916 7.26149e-05 5.22774e-05 0.104751 0.00314279 0.211968 0.00324663 0.000214685 0.0925556 0.305631 0.0115673 0.00506643 
0.0299482 0.000124286 0.000252819 0.0358345 0.270336 0.065529 0.00467373 0.0224843 0.00403575 0.00387229 0.00188934 1.08469e-05 0.0565713 1.52722e-05 0.0202065 0.000118984 0.0551227 0.048915 0.0110114 0.00774706 4.71548e-06 0.0403071 0.303537 0.015363 0.00208902 
0.0551157 3.18017e-09 1.84967e-12 0.0189679 0.00701338 0.0318843 0.00274504 0.0270096 0.00232696 0.00033121 0.000532584 2.9656e-06 0.00233651 1.43618e-06 1.4329e-07 5.86718e-09 0.0809717 0.00201678 0.0014476 0.00997562 3.65177e-08 0.010902 0.745549 0.000839362 2.97957e-05 
0.0469946 3.2388e-06 5.54712e-12 0.0305895 0.00596847 0.141284 5.57825e-05 0.0137705 0.000255389 0.0113996 0.000214579 0.0399302 0.00403576 2.14425e-05 0.000484149 9.45175e-06 0.01292 0.00721953 0.0687623 0.008293 1.08025e-07 0.0250042 0.580638 0.0009755 0.00116993 
0.0581894 0.00024155 3.04107e-06 0.0316075 0.0334133 0.115866 0.00709276 0.0553968 0.00420201 0.00688925 0.00774867 0.00129132 0.0095907 5.36945e-05 0.0016249 4.19054e-05 0.0540877 0.0188476 0.0239336 0.0114234 3.31402e-05 0.072095 0.474658 0.0110441 0.000624382 
0.000930245 0.000127548 5.16226e-09 0.00991028 0.0413594 0.0219487 0.0307613 0.142284 0.0102729 0.000881482 0.000917438 3.57842e-05 1.8201e-08 1.86163e-08 0.000124607 5.43721e-08 0.00644116 0.000923454 0.00199159 0.000294271 2.65257e-06 0.0159116 0.687494 0.0273763 1.09357e-05 
0.020953 7.18329e-05 2.74963e-10 0.0533375 0.01099 0.00755232 0.000462049 0.0222245 0.00064692 3.81571e-05 0.000136398 1.06625e-08 0.203621 1.40361e-05 0.00149712 7.75903e-08 0.00417839 0.00269525 0.000290059 0.0276912 2.66245e-08 0.13617 0.504946 0.00174195 0.000742152 
0.0373937 0.00407778 1.17021e-10 0.105849 0.0197861 0.21519 9.38261e-05 0.0835922 7.59122e-05 0.00175153 0.0018118 2.43867e-06 0.0691159 8.90774e-05 5.10085e-07 2.33807e-05 0.0218001 0.0113876 0.00667513 0.00524537 6.35072e-06 0.133353 0.252652 0.0300275 6.43102e-09 
0.166014 4.74083e-06 1.65343e-09 0.00715458 0.0121767 0.105737 0.0925427 0.0122827 0.00351146 0.00130338 9.57263e-05 1.25946e-06 9.65145e-05 0.000233437 4.98949e-08 4.41203e-07 0.012394 0.00875608 0.00736786 0.000573869 3.78572e-12 0.0121676 0.485375 0.0721896 2.11191e-05 
0.0470657 0.000115738 1.06377e-07 0.0202726 0.092133 0.0551802 0.0164102 0.0434976 0.00235222 0.0403296 0.00150529 2.22231e-05 0.000257661 4.8566e-05 0.00289341 1.07913e-05 0.00055687 0.0486961 0.001816 0.00494733 1.34834e-05 0.0230651 0.561752 0.0316496 0.00540858 
0.0275842 0.000567687 6.83616e-08 0.0317258 0.24151 0.0260765 0.0426737 0.0227118 0.0499298 0.00892215 6.84458e-08 6.84855e-08 0.00272551 0.000130004 6.84192e-08 0.000307472 0.0041641 0.0147743 0.0106976 0.00247219 6.84189e-08 0.0240053 0.462366 0.0266486 6.91093e-06 
0.00338409 0.000435106 1.56047e-09 0.0130056 0.0484483 0.0873383 0.0121635 0.0104224 0.00152158 0.00179849 0.00261311 5.38682e-06 0.000410253 2.70817e-09 1.19477e-07 5.18455e-05 0.0135158 0.00164932 0.152334 0.00152361 1.32125e-05 0.0989656 0.501065 0.0489412 0.000393454 
0.00628213 3.13122e-05 1.00963e-06 0.00988673 0.0137224 0.211171 0.0002613 0.031745 0.000173655 0.00485535 0.0025374 8.49072e-06 0.00321875 3.9371e-09 0.000644129 1.43261e-06 0.00860116 0.00245685 0.0127548 0.00345865 8.84153e-05 0.0117632 0.671062 0.00525624 1.85634e-05 
0.0762959 0.000318887 3.32746e-07 0.0072829 0.0166961 0.0652169 0.00218338 0.0541112 0.00164693 0.0160278 0.000178975 0.00351287 0.000930794 0.00175353 0.00536763 7.69397e-06 0.231701 0.00338369 0.0293722 0.0439797 0.000287316 0.0358017 0.37477 0.0288152 0.000356737 
0.0539513 0.000373206 2.14354e-06 0.0561311 0.0899624 0.179449 0.00379135 0.0226432 0.00537797 0.00567268 0.167395 0.00175401 0.00693736 0.000402581 0.00473628 1.54146e-05 0.0292496 0.00533677 0.0401295 0.00985402 5.66083e-06 0.0319355 0.282441 0.00195032 0.000503151 
0.138956 0.00108256 3.32958e-07 0.243367 0.022805 0.0433184 0.000296376 0.105268 0.00610554 0.00352927 0.0039946 4.95721e-05 0.0163722 3.8825e-05 0.00403238 5.19e-05 0.0226351 0.00766304 0.0036561 0.0348834 0.000206086 0.0141106 0.320693 0.00486567 0.00201963 
0.103916 2.62103e-06 1.16587e-08 0.0356818 0.0547234 0.0145284 0.00518997 0.0121902 0.00122038 0.104369 1.88637e-10 0.0001088 0.00137371 2.98674e-05 4.74949e-05 1.56269e-06 0.081748 0.000333254 0.00502967 0.0102164 2.694e-10 0.00394781 0.523919 0.0350859 0.00633732 
0.183565 7.51246e-06 2.20144e-07 0.120552 0.0422458 0.0243471 0.000553818 0.0288659 0.0037119 0.0134878 0.00101158 5.34186e-05 0.00287285 1.81094e-06 0.00230116 1.20254e-05 0.017894 0.014854 0.0871692 0.0188756 5.55621e-06 0.0254873 0.400894 0.0103688 0.000861263 
0.147329 0.00012169 7.67526e-06 0.0213822 0.0101576 1.43749e-05 4.72593e-05 0.0870371 0.0108712 0.000535232 0.00272361 1.88552e-05 0.00118884 8.12926e-09 0.101557 6.24478e-05 0.0380043 0.00115187 0.00748159 0.000696391 4.36867e-08 0.000905248 0.531591 0.0371159 1.2825e-08 
0.0424801 0.00883842 4.99916e-06 0.030852 0.0651532 0.0998378 0.00299729 0.0608217 0.00552188 0.00821977 0.00339108 0.00154095 0.0157177 4.56687e-05 0.000363524 1.44832e-05 0.0806095 0.00809358 0.0387563 0.0220284 7.59427e-06 0.0316669 0.412215 0.0606678 0.000154261 
0.0583749 2.4838e-09 1.21922e-10 0.0376879 0.0371318 0.0140053 0.0151436 0.0282365 0.013154 0.00195729 3.13427e-06 1.2054e-06 0.00077429 7.83298e-06 0.0136566 1.18016e-06 0.00407213 0.0563321 0.00102664 0.0019499 6.87515e-07 0.0142717 0.690207 0.00652881 0.00547534 
0.193204 0.000290429 6.40107e-05 0.0471022 0.0209125 0.037667 0.00551241 0.0236257 0.0037767 0.0168504 0.00182929 0.00273963 0.00829261 0.00126925 0.00179266 1.74857e-05 0.0676069 0.0110056 0.0198996 0.00832424 0.000236646 0.0432474 0.455532 0.0281897 0.00101086 
0.0161901 0.00155328 6.98108e-07 0.0542067 0.0941742 0.195146 0.042639 0.101089 0.00793842 0.00499051 0.0114026 3.04246e-06 0.0185953 0.000119307 0.000307236 6.04395e-06 0.00299382 0.00247764 0.00850296 0.188804 5.1186e-05 0.0102506 0.222893 0.0156538 1.09698e-05 
0.00977642 1.23142e-05 4.05296e-08 0.00067796 0.0302633 0.0524192 0.00247092 0.056281 0.000334501 0.0020036 0.000716721 1.67127e-05 0.000211069 1.66013e-06 0.000747007 1.01183e-06 0.0498788 0.000457377 0.0062195 0.00259515 1.25168e-07 0.117395 0.53258 0.13445 0.000490225 
0.0448366 1.97093e-05 1.17225e-07 0.0028575 0.118292 0.0653169 0.0178295 0.0677885 0.00269255 0.0177767 0.00104733 0.000221064 0.00396216 1.67256e-05 0.00020385 6.15745e-06 0.127323 0.0282618 0.00461534 0.00138025 0.000304965 0.0600638 0.366974 0.0681588 5.09808e-05 
0.0437674 2.28093e-05 2.50832e-07 0.0363275 0.10537 0.0880083 0.00297076 0.0234786 0.0166282 0.00969743 0.0022056 5.8346e-05 0.0154713 0.000918413 0.00393187 3.70793e-05 0.0297008 0.0863045 0.0288972 0.00616873 0.00109613 0.0132981 0.265421 0.219959 0.000260874 
0.0320934 4.42189e-05 9.52389e-13 0.00450646 0.00491978 0.0206216 0.000902866 0.0102707 0.00026111 0.00654219 4.08612e-13 7.56259e-10 0.000520516 6.84807e-09 5.80782e-13 3.8284e-10 0.0325944 0.00198055 0.00679093 0.000261032 2.3348e-09 0.00767837 0.864432 0.00517668 0.000402773 
0.0757745 0.00122214 6.19994e-09 0.0132198 0.0268499 0.016106 0.0010603 0.0385499 0.00328603 0.0253007 0.0124268 0.00378309 0.00301062 0.000777784 0.0022763 3.22038e-05 0.173133 0.0317848 0.139749 0.0175491 0.000181394 0.0175764 0.245563 0.149643 0.00114391 
0.0641658 0.0012882 1.22369e-07 0.105483 0.0634022 0.0821603 0.00340332 0.0799812 0.00404097 0.0074816 0.00177716 0.0024624 0.0195526 2.07905e-05 0.00245962 9.17837e-05 0.0268008 0.0191855 0.0166106 0.0102542 0.000140705 0.022649 0.433743 0.0323092 0.00053592 
0.00399808 8.00831e-10 9.72287e-10 7.75102e-07 0.00648225 5.69599e-06 0.277518 9.19022e-06 1.97272e-06 0.0586932 0.0134339 1.57531e-10 0.0169519 8.03489e-10 5.92917e-10 3.50716e-06 0.13706 9.72685e-11 0.0712726 2.81779e-06 5.95747e-10 0.104186 0.278708 0.0316725 5.57158e-10 
0.0414776 2.24633e-05 4.64671e-07 0.0059677 0.069402 0.00691146 0.00137824 0.058306 0.00104581 0.00128061 0.00016272 2.86756e-06 0.000388045 3.2189e-05 0.00151348 0.0118289 0.0129068 0.0161032 0.0113657 7.61833e-06 0.000125333 0.040148 0.699459 0.0201566 7.51956e-06 
0.0412584 0.00010881 0.000138958 0.0265331 0.0147218 0.0606479 0.00139776 0.024408 0.000951797 0.0018541 0.00015832 9.20093e-07 0.000137839 8.71653e-09 0.000158596 9.0453e-07 5.0211e-05 0.00256596 0.00550388 0.000677547 6.1829e-07 0.0556084 0.760202 0.00270448 0.000209272 
0.043653 0.0343758 6.7352e-05 0.0162857 0.0159238 0.179543 0.0122142 0.0480077 0.0016832 0.0729119 0.00017581 0.000173843 0.00216618 0.000248217 0.0112155 2.48824e-05 0.00783576 0.0131793 0.0201684 0.00444853 3.51624e-05 0.0445574 0.397151 0.0731428 0.000811563 
0.157094 0.0015843 6.53876e-07 0.182507 0.0340095 0.032336 0.00186619 0.0133093 0.00450411 0.0150772 0.00162725 0.00789735 0.00203528 0.00513238 0.00530935 2.66568e-05 0.0216393 0.0249065 0.155098 0.0199065 4.45032e-06 0.046594 0.231466 0.0257538 0.0103154 
0.0505664 7.49796e-05 8.13839e-09 0.236609 0.0508493 0.016164 0.000638468 0.036216 0.0143411 0.0175254 0.00216954 0.000121915 0.0177571 3.68301e-06 0.00474137 1.47522e-08 0.00974834 0.00249085 0.0109113 0.00698961 4.76386e-07 0.0232757 0.370384 0.0897203 0.0387004 
0.00814513 2.85308e-06 3.77673e-10 0.0488485 0.135993 0.157999 0.00240427 0.0025096 0.016901 0.0013899 0.000833295 5.81413e-07 0.000775199 1.42275e-06 0.000108908 5.20023e-07 0.0075622 0.0723331 0.00852783 0.00422939 4.54713e-06 0.00261837 0.527405 0.00137337 3.344e-05 
0.119159 0.000643312 1.80468e-07 0.073685 0.026816 0.0560347 0.00234415 0.024058 0.003037 0.0363762 0.000358498 0.00281785 0.0015491 0.00012149 0.00171348 1.18711e-05 0.0254167 0.0171066 0.0150723 0.0209545 0.000148975 0.0213935 0.538252 0.0123417 0.000586977 
0.235729 0.000106164 0.00102227 0.0385446 0.0216235 0.0826516 0.00128071 0.0292506 0.00637833 0.018525 0.00193122 0.000564243 0.0170103 0.00229694 0.00475963 1.64174e-05 0.0259495 0.0153833 0.0146886 0.0426774 1.50252e-05 0.0256181 0.397899 0.0158476 0.000230794 
0.106905 2.16522e-05 0.000154747 0.0280525 0.024179 0.0694854 0.00111067 0.0257112 0.00067235 0.0165696 0.0202101 0.00516924 0.0427618 8.07176e-05 0.00051752 0.000214516 0.04418 0.0161344 0.0141248 0.0645342 4.61506e-05 0.00824707 0.501723 0.00741222 0.00178193 
0.0625874 2.64177e-08 3.11957e-11 0.00965256 0.182787 0.0549805 0.0157504 0.116418 0.00849217 0.0089192 0.000575591 4.81573e-05 0.00799628 0.00285558 0.00165474 2.73035e-05 0.134081 0.00202073 0.0104045 0.00456671 5.80692e-05 0.00970974 0.258899 0.107368 0.000147682 
0.087541 0.000133485 5.66493e-08 0.0103957 0.0161521 0.026214 0.00292932 0.0170151 0.00426066 0.00279733 0.000305008 0.000237568 0.00270314 0.000103093 0.00037732 1.44658e-05 0.092937 0.00671066 0.0176802 0.00198432 4.21163e-05 0.0816426 0.604702 0.0228406 0.000281264 
0.0544513 0.000161723 2.32731e-06 0.0102435 0.0355377 0.0400918 0.0021205 0.1717 0.105182 0.0179746 2.00706e-05 0.000214537 0.000356385 0.000221144 0.000989993 2.10393e-08 0.0073676 0.000523764 0.0148492 0.000319222 2.86671e-06 0.102764 0.358448 0.0749269 0.00152994 
0.271592 1.8121e-06 1.16122e-08 0.015857 1.22797e-06 3.00551e-06 9.46518e-07 0.17194 5.40807e-07 0.0071161 0.030704 2.11132e-05 2.24857e-08 0.000841078 4.52924e-07 0.000124435 0.171728 1.34341e-05 0.000203196 8.75199e-05 0.000645095 0.000784765 0.306848 0.0214855 5.95951e-07 
0.0286316 2.1884e-05 1.32484e-08 0.077504 0.0246947 0.0197527 0.000332553 0.0207241 0.00239366 0.00038215 0.000145307 1.54366e-06 0.000233045 4.94737e-07 3.60055e-12 9.9552e-07 0.0183131 0.00199129 0.000449557 0.00265588 9.42434e-10 0.00436801 0.796743 0.000660062 6.15373e-11 
0.116869 6.43721e-05 2.3123e-06 0.03842 0.0324042 0.0387948 0.00251823 0.0907334 0.0119762 0.00973979 0.00810939 0.11412 0.00178141 0.00171312 0.0030543 3.85008e-05 0.0726676 0.0122443 0.0472042 0.00389643 1.77789e-07 0.15043 0.206378 0.0365436 0.000295414 
0.00175695 0.0526802 6.79177e-12 0.000367884 0.0181829 0.32378 7.6342e-08 0.0174249 0.000525095 0.000636362 0.000497647 8.40758e-05 4.08086e-05 5.61265e-12 2.2041e-08 6.73559e-05 0.00485467 0.00761521 0.0386167 0.000546208 6.75943e-05 0.027132 0.493791 0.0113329 3.14608e-08 
0.0843584 0.00705452 4.28343e-05 0.0161053 0.0706854 0.0518296 0.00569999 0.0154544 0.00305321 0.00874686 0.000426895 0.0266976 0.00164378 0.000155766 0.000381792 4.65476e-05 0.0779527 0.044473 0.039432 0.00808129 2.73034e-05 0.0494822 0.45616 0.0313255 0.000683576 
0.025504 9.7648e-08 6.10897e-08 0.0233382 0.0246467 0.0930146 0.0286337 0.0427686 0.0083355 0.000843304 0.00366465 9.62281e-06 0.00939258 0.000101455 0.0441223 1.56964e-05 0.157091 0.0005639 0.0220521 4.31356e-08 9.79372e-07 0.0261407 0.401071 0.0878035 0.000885658 
0.00776078 8.44086e-05 1.93207e-06 0.0159166 0.119987 0.124895 0.0131957 0.0205207 0.0072586 0.000808985 0.00123483 1.65657e-05 0.00428332 1.65983e-06 0.000209483 5.33965e-06 0.0182311 0.111211 0.0207282 0.00254635 5.6245e-05 0.0604866 0.460325 0.0101411 9.32626e-05 
0.0417545 0.00178281 0.000282969 0.0341346 0.067451 0.0916906 0.00963082 0.169234 0.0157224 0.0150503 0.0378855 0.000123511 0.00632641 0.008117 0.0016055 4.04528e-05 0.142025 0.0213022 0.0211038 0.0136892 0.000447675 0.0245705 0.195536 0.0800445 0.000448524 
0.0043309 0.00013044 0.00284209 0.0153373 0.0585056 0.0465588 0.00254052 0.0154577 0.00439001 0.00318297 0.00582331 1.75869e-06 0.00580407 3.1738e-06 0.000435426 5.11571e-05 0.0047309 0.00767804 0.00965534 0.388631 3.03459e-06 0.00285736 0.408503 0.0124728 7.33286e-05 
0.278171 4.97741e-09 3.93607e-12 0.0886741 0.000142273 0.0164286 2.78023e-05 0.00729117 2.45473e-05 0.000791638 0.001318 1.38718e-06 0.0227498 7.06947e-05 1.99658e-09 1.0033e-05 0.0169151 0.000242851 0.00697209 0.0328531 1.55554e-07 0.0291151 0.497841 0.000156663 0.00020349 
0.0190722 2.13475e-05 1.32821e-09 0.00752093 0.0811458 0.184942 0.0207663 0.205957 0.00457718 0.00963378 4.0239e-05 2.02116e-05 0.000333176 3.06019e-05 9.69904e-05 0.000541907 0.112646 0.0337443 0.0200981 0.00231858 5.23e-05 0.0119831 0.261413 0.0229469 9.79192e-05 
0.0669879 4.28568e-05 5.70622e-08 0.00744762 0.0162858 0.047558 0.00105746 0.0183652 0.0215482 0.00611322 0.00643105 0.00286761 0.000712172 0.0022328 0.00059786 4.95098e-05 0.179649 0.0133525 0.0585022 0.00466026 2.70946e-05 0.0172182 0.513562 0.013072 0.00165889 
0.116872 0.00489138 0.00015373 0.138298 0.0390584 0.128337 0.00265379 0.0942472 0.00216047 0.0127839 0.00182542 0.000767946 0.0182142 0.00134269 0.00260631 5.41929e-05 0.0433702 0.0236853 0.00496161 0.0966506 0.000693492 0.0163138 0.206809 0.0376431 0.00560749 
0.0126147 9.46215e-06 2.32337e-05 0.0305073 0.026666 0.0635586 0.0458209 0.0403939 0.000994013 0.000994137 0.00207278 8.93978e-06 0.0093785 0.000425458 0.00168177 3.58788e-05 0.00172481 0.0240378 0.00935862 0.00087477 0.000254524 0.0334627 0.666223 0.0287686 0.000109044 
0.172569 0.00182973 3.30555e-08 0.023317 0.034756 0.144553 0.00580387 0.0214459 0.00101251 0.0027834 0.00145247 0.00744486 0.0236603 0.000201702 0.0126437 7.05326e-06 0.10161 0.00805219 0.00442572 0.00786486 1.79291e-06 0.176764 0.242469 0.00515858 0.000172814 
0.0188888 2.87345e-05 9.90758e-09 0.00899426 0.0705989 0.208428 0.00416957 0.042548 0.00813177 0.000677164 0.0221064 5.51255e-06 0.00587009 8.9534e-05 0.00107672 8.4347e-05 0.0354506 0.00759942 0.10054 0.00804933 4.04905e-07 0.14701 0.303197 0.00429339 0.00216239 
0.169439 0.00026244 4.17828e-07 0.0147036 0.00755633 0.0636899 0.00027127 0.0600887 0.00117174 0.00498256 0.0210483 0.000840609 0.00339147 0.00066068 0.000895737 8.96614e-06 0.0322766 0.00790535 0.0195446 0.00549298 6.21846e-06 0.0189114 0.550715 0.0158097 0.000326174 
0.0986677 0.00175978 1.09254e-07 0.0218162 0.0190603 0.0575482 0.00548284 0.0374468 0.00312982 0.0334429 1.09389e-07 1.09452e-07 0.00818632 0.00095098 1.09346e-07 1.09175e-07 0.0438698 0.00263825 0.0141415 0.0115355 0.000437493 0.0400725 0.571779 0.0180712 0.00996242 
0.00931962 0.000234782 0.000103752 0.00740588 0.0129872 0.0368838 0.00667779 0.221522 0.00108145 0.00239503 4.1879e-11 1.27969e-05 6.89026e-05 5.16952e-06 0.000148143 2.79055e-06 0.00402916 0.00244447 0.0115778 2.4245e-05 7.41839e-06 0.0955894 0.482382 0.104944 0.00015268 
0.0199902 0.000106588 6.83209e-10 0.0147769 0.0748653 0.271606 0.000988005 0.00636954 0.000391653 0.00234553 0.000151336 7.64563e-10 0.000881676 1.09873e-05 0.000202847 8.7158e-08 0.0849008 0.0118574 0.0237832 0.0150407 1.56875e-09 0.00134631 0.466848 0.00327324 0.000262957 
0.171306 3.38835e-05 0.000335426 0.0808487 0.0514884 0.0187854 0.00182589 0.0109489 0.00361024 0.000358671 0.000177415 4.29233e-06 0.00833902 9.53118e-05 0.00262833 1.25247e-05 0.00314219 0.0326351 0.000896517 0.0180334 8.28563e-07 0.0611234 0.524351 0.00129988 0.00771892 
0.0734219 8.46023e-10 4.4688e-12 0.0219256 0.163485 0.0746647 0.00500059 0.0481971 0.00353576 0.000552117 0.000310129 1.43663e-05 0.00605405 0.00163758 0.0975988 8.35849e-05 0.0190852 0.00750949 0.0165511 0.0157055 1.49894e-06 0.0256068 0.408801 0.00825167 0.0020061 
0.00389483 0.00102486 1.92314e-05 0.0290964 0.0257131 0.0125079 0.00316872 0.0288318 0.00116381 0.000709303 0.00301083 3.46921e-06 1.42949e-05 1.94846e-08 0.00136821 3.26131e-05 8.2879e-05 0.000185863 0.00769965 4.50764e-05 1.02645e-05 0.0030964 0.808805 0.0694754 3.96571e-05 
0.0437101 0.000218104 2.36615e-05 0.147529 0.030481 0.0154499 0.00294098 0.0298994 0.00916305 0.00113422 0.00196839 0.000255004 3.89045e-05 2.24503e-06 0.00146915 1.05023e-06 0.0322511 0.000391628 0.000192017 0.00139495 7.14001e-06 0.0225722 0.563577 0.0953278 2.15781e-06 
0.00452978 0.0407925 1.90144e-09 0.029432 0.0431739 0.0891461 0.00324712 0.0765146 0.000453224 0.00064076 0.000785383 3.86831e-05 0.00977899 5.14716e-09 0.0840007 4.29673e-08 0.0777438 0.00306801 0.0138567 0.00557104 1.37054e-07 0.0357375 0.296465 0.184933 9.06349e-05 
0.0694924 6.99656e-06 3.05475e-10 0.00421863 0.028471 0.0115189 0.00475206 0.00759002 0.0314451 0.00166784 0.000919946 1.816e-08 0.00702064 0.000179742 1.47876e-07 1.61332e-05 0.28278 0.000469967 0.00222191 0.000658559 4.11597e-06 0.025974 0.514699 0.00585265 3.9738e-05 
0.0038786 4.30218e-05 1.34202e-09 0.00304297 0.0026076 0.0679086 0.00813096 0.24076 0.000347881 0.00412139 1.65954e-12 8.41765e-06 8.85771e-05 9.82217e-09 4.05316e-08 1.56916e-08 0.00232637 1.4027e-08 0.00716899 1.67514e-05 2.37006e-12 0.0197963 0.626454 0.0132572 4.20973e-05 
0.102642 3.2322e-05 1.15782e-11 0.00990518 0.000840296 0.00624922 2.68806e-12 0.0151456 1.85752e-08 0.00233901 0.00117787 3.51535e-05 0.00515268 1.7114e-08 7.06056e-12 1.54624e-11 0.213632 2.37289e-06 0.00196662 0.00378984 0.000152399 0.0311825 0.596058 0.00969718 1.83135e-09 
0.324716 0.00120828 5.17599e-07 0.0535518 0.021065 0.0454131 0.0159327 0.0176657 0.00131524 0.00377907 0.00135747 5.47701e-05 0.00168924 1.84088e-05 0.000350436 8.3401e-06 0.0349464 0.019962 0.00720312 0.00587241 2.817e-05 0.0303861 0.405822 0.00749376 0.000160128 
0.00749256 2.57009e-08 1.33914e-12 0.00640173 0.294699 1.14881e-06 0.0231335 0.0670963 0.00156259 0.00129972 0.000143931 5.94519e-09 0.000122945 1.4941e-08 0.00136241 4.25191e-05 0.00648555 0.0247985 0.0104848 0.000637337 3.85731e-09 0.00471788 0.523441 0.0260765 2.20246e-08 
0.106325 0.0006773 6.83998e-05 0.0308426 0.0512386 0.0606657 0.00621589 0.0295612 0.0053866 0.0521475 0.00121015 0.00498715 0.00765536 0.00042782 0.00120804 6.42344e-05 0.028358 0.023039 0.044971 0.00884002 2.57622e-05 0.0346627 0.48232 0.017696 0.00140662 
0.0551597 0.000889002 5.72383e-09 0.0519082 0.0540297 0.151046 0.0102158 0.0754368 0.0220235 0.00569153 0.0135547 6.1191e-05 0.00723248 1.42071e-06 0.00524519 6.41731e-05 0.014271 0.00491385 0.0580537 0.010249 3.92124e-06 0.158013 0.252563 0.045463 0.00391086 
0.0280162 0.0049999 1.26446e-07 0.0220715 0.0584864 0.163418 0.0185659 0.0445906 0.00143331 0.00067235 0.0015263 2.26976e-05 0.0107014 2.23742e-06 4.20075e-05 7.32208e-05 0.0785627 0.00252267 0.0136899 0.0047149 0.000107644 0.260915 0.278409 0.00640418 5.14308e-05 
0.0135645 1.16675e-05 5.69832e-07 0.00497811 0.0300592 0.0366647 3.58781e-06 0.0115582 0.00390638 0.0465264 0.00263926 0.00119404 0.00614666 1.97595e-07 0.0334073 1.07488e-10 0.00521134 0.0394453 0.0210014 0.00517627 6.07873e-05 0.00161483 0.667 0.0690999 0.000729161 
0.00632503 0.0110829 0.000456801 0.0133759 0.127498 0.152105 0.0358497 0.022024 0.152422 0.00288986 0.00923159 7.4098e-05 0.00365748 0.00729721 0.000444085 4.70601e-05 0.00667098 0.0470486 0.0205627 0.00685334 4.76441e-06 0.160928 0.197646 0.0147864 0.000719105 
0.1991 2.06616e-06 1.15365e-10 0.128043 0.00900314 0.0240633 0.000343845 0.0547453 0.00111084 9.14075e-07 0.000604791 1.35112e-07 0.000782088 0.00737083 3.15034e-05 1.77942e-07 0.000939122 0.000172068 0.00113641 0.0314452 7.06872e-11 0.00325278 0.5359 0.00180822 0.00014427 
0.0680715 6.04985e-05 0.000201285 0.281794 0.0685507 0.00888766 0.00230039 0.0135384 0.00249906 0.0054685 0.00376927 0.000244981 0.0220795 3.39983e-06 0.00450176 7.73668e-06 0.0105361 0.0468176 0.0124919 0.0494936 1.15255e-05 0.0176541 0.37468 0.00584322 0.000493462 
0.27968 4.50882e-05 2.69567e-08 0.00379498 0.00550545 0.0641944 0.00130932 0.0613344 0.00171527 0.0246676 0.000444809 0.00501064 0.000269261 0.00578483 0.00152132 1.14393e-05 0.0371314 0.00192451 0.0314405 0.00942594 9.30734e-07 0.0205743 0.409327 0.0345881 0.000298399 
0.0631615 7.18993e-06 1.25805e-09 0.087521 0.133307 0.0639245 0.00492334 0.0622976 0.125488 0.0809396 0.00184356 0.00253216 0.00349349 0.00736744 9.99861e-07 1.25617e-05 0.0254637 0.000568353 0.0282058 0.0262622 1.22043e-08 0.0553293 0.226137 0.00103668 0.000177643 
0.0603561 0.0754735 1.13294e-11 0.00550978 0.0635842 0.0397985 0.115151 0.0756805 0.0016199 0.0126969 0.00591143 0.000309969 0.00354616 7.75012e-05 0.000315556 0.000119711 0.129094 0.0132766 0.0340705 0.0423836 0.0011298 0.0201513 0.260653 0.0384494 0.000641501 
0.110813 0.00234204 1.66365e-07 0.0491419 0.0361504 0.0794172 0.00989153 0.0450025 0.00496621 0.0187659 0.00120558 0.00241923 0.0231774 4.5976e-05 0.000115531 0.000258692 0.0157469 0.0334817 0.0893577 0.019456 9.27143e-05 0.101902 0.340684 0.01533 0.000235287 
0.260233 0.00090147 2.15584e-09 0.0303043 0.0442381 0.0459641 0.00651508 0.0239341 0.00490845 0.00385136 0.000301115 4.43071e-05 0.000934171 0.000674396 0.000947446 2.44581e-05 0.0110736 0.00763549 0.111621 0.00179709 5.91087e-06 0.0384231 0.38404 0.0204527 0.0011748 
0.00373154 1.17076e-05 9.22234e-07 0.0247979 0.0794035 0.0745411 0.0131978 0.0419101 0.00697299 0.000320711 0.00102292 3.55347e-07 0.000664731 2.40138e-10 0.0116385 3.88072e-10 0.000935871 0.000296252 0.0348123 0.00108158 2.50172e-06 0.0509017 0.614472 0.0392822 4.30492e-07 
0.0592444 1.84962e-09 2.24562e-09 0.0242712 0.0613583 0.136203 0.00037005 0.162265 0.00293524 0.00693242 5.99588e-06 0.0253521 0.0418463 2.53489e-07 3.71205e-06 5.42136e-07 0.0281798 0.000344403 0.00818196 0.0240295 5.91657e-05 0.0522406 0.324656 0.0415186 1.43706e-06 
0.046827 2.23782e-05 2.03723e-12 0.0180997 0.122108 0.0656623 0.0357905 0.0772401 0.0168564 0.00093344 4.51235e-06 0.0252877 0.00370263 2.22562e-05 1.45135e-08 1.02699e-05 0.00559431 0.00452929 0.000356444 0.000111654 1.1138e-08 0.031032 0.524735 0.0210739 3.57499e-08 
0.140682 0.000127212 2.54952e-07 0.00217357 0.0157139 0.148597 0.0167565 0.00357266 0.000467899 0.0254515 4.16706e-05 0.00113576 0.000181554 0.000622147 6.54836e-05 2.95843e-05 0.0178311 0.0192735 0.0160952 0.00139558 8.29785e-07 0.00549376 0.582761 0.00150262 2.86143e-05 
0.233063 0.000644946 8.58268e-08 0.0993892 0.0144941 0.0242703 0.0013399 0.0481995 0.00178339 0.0703028 0.00151994 0.00110136 0.025488 0.00109062 0.000789711 1.88796e-05 0.021411 0.041076 0.0614076 0.013609 1.61255e-06 0.0162981 0.313124 0.00953535 4.14075e-05 
0.071974 7.03917e-05 2.13274e-08 0.0195233 0.0330559 0.138427 0.00159661 0.0506866 0.00139928 0.00287312 0.023023 1.38426e-05 0.032694 0.000104198 0.000276125 4.80969e-05 0.0782771 0.0310871 0.0145527 0.0100215 3.82504e-06 0.0208741 0.460478 0.00817327 0.000766415 
0.136683 2.3565e-08 3.31275e-08 0.0351629 0.0335497 0.0394378 0.00198474 0.177495 0.0109263 0.120821 0.000694117 0.00868801 0.0024502 9.68445e-07 0.00317395 1.75813e-08 0.059897 0.00256301 0.0635767 0.00792596 1.26628e-09 0.0228178 0.259241 0.0128348 7.58047e-05 
0.00943626 0.000122732 7.63507e-11 0.002635 0.00572491 0.0678875 1.77261e-11 0.0350394 0.00392519 0.00462298 3.27751e-07 4.51065e-05 0.0145576 7.40605e-08 1.47814e-07 1.52924e-07 0.00462038 0.000155014 0.0001419 0.00620661 5.2634e-08 0.0118027 0.820873 0.0122025 4.37519e-11 
0.201172 6.62865e-06 2.5798e-05 0.247319 0.0571906 0.0101045 0.0055915 0.0288225 0.00781786 0.00377758 0.000552405 1.0376e-05 0.00498287 5.30057e-05 0.00306867 6.01384e-05 0.00234662 0.00155438 0.00647617 0.00685759 3.0558e-06 0.0547507 0.33425 0.0226639 0.000542621 
0.10764 8.50109e-08 4.3414e-11 0.013684 0.0574045 6.18461e-08 0.00136664 0.0147498 0.000542986 0.0393278 1.86263e-11 4.52614e-05 0.0573666 6.48435e-06 1.23972e-06 1.07224e-07 1.31154e-06 0.000158207 0.0304329 0.000422481 0.000231702 0.0895224 0.530424 0.0562623 0.000408847 
0.0497766 9.40992e-05 0.000808177 0.0272149 0.0162274 0.0307052 0.00552315 0.0441624 0.00059197 0.00671739 0.000702633 6.85458e-05 0.0490848 1.93249e-05 0.000497554 2.83914e-05 0.025979 0.0281511 0.0883391 0.0522914 1.64067e-06 0.155613 0.40144 0.0156487 0.000313886 
0.0413971 0.00100396 7.35079e-05 0.0262634 0.0480375 0.0549084 0.101603 0.0721842 0.0137448 0.00813925 8.16853e-08 0.000662116 0.00139756 8.16155e-08 0.00364999 0.000644133 0.0016593 0.00770849 0.0199022 0.00157739 8.16531e-08 0.0322532 0.503745 0.0581138 0.00133115 
0.117372 0.00724543 9.55027e-12 0.0247926 0.0109216 0.0998345 0.000193426 0.00605482 0.00055257 0.00612207 0.000939447 0.00731305 0.00262256 1.29544e-05 8.59047e-09 1.55871e-06 0.00573676 0.000420675 0.027364 0.00801836 8.529e-06 0.0249456 0.646148 0.00336586 1.42967e-05 
0.230674 0.000199823 7.19909e-11 0.0956462 0.0241713 0.00100205 0.00258974 0.0224478 0.00772452 0.0298499 3.08869e-11 0.000803382 0.0234494 6.42373e-07 8.97416e-06 3.64315e-07 0.00185244 0.00499232 0.00223198 0.00726465 4.18956e-06 0.0128189 0.466579 0.0654811 0.00020716 
