0.0032044 1.96568e-05 2.58249e-07 0.0015645 0.0421216 0.00831942 0.00380636 0.0884032 0.00195807 3.55193e-06 0.000467008 1.86094e-06 1.18304e-05 2.13414e-07 0.00800545 1.57707e-05 3.84508e-08 2.36444e-05 0.00158086 0.000474364 1.03027e-06 0.00885224 0.00839971 0.822761 3.55132e-06 
0.0627345 6.65938e-06 2.96857e-06 0.00671938 0.0656921 0.0419858 0.0066416 0.0142025 0.00354282 0.115973 2.26794e-05 0.000235239 0.000232745 3.53123e-05 0.00337681 1.9516e-05 0.00479024 0.00504216 0.0185072 0.00274741 0.0482713 0.00409263 0.174405 0.349704 0.0710158 
0.00119795 4.07764e-09 4.95065e-09 0.0322533 0.0747541 7.75815e-07 0.00104695 0.0167948 0.00335509 0.0370511 2.12402e-09 3.32243e-07 0.000980303 4.09117e-09 0.0113126 6.61147e-09 0.00164614 1.29945e-06 2.85302e-07 0.0436753 3.0334e-09 1.78903e-06 1.46879e-06 0.775924 2.60783e-06 
2.10874e-05 0.0472361 1.36466e-09 4.88045e-05 0.0618916 0.0418988 0.00415126 0.129203 0.000885571 0.00469171 6.44264e-06 0.000738657 1.61905e-06 0.000717393 1.17171e-05 1.82247e-09 2.03185e-10 0.00199673 0.1305 0.00591807 6.84464e-08 0.0247416 0.237543 0.307796 1.32688e-06 
0.00670203 0.000112885 3.49722e-08 0.000445429 0.00407436 0.0149336 0.000126603 0.0242017 0.000928731 0.00680976 5.29543e-05 0.00154125 0.00165281 6.474e-11 0.000576224 3.24559e-05 0.346604 0.00362283 0.00910379 1.55496e-11 0.0660351 0.00835445 0.100566 0.403317 0.00020554 
0.168201 1.03189e-08 7.93435e-07 0.141286 0.0443569 0.000376567 0.000333486 0.00844279 0.000608177 0.0101897 0.00623884 3.40538e-07 0.00678815 8.87331e-07 0.0265311 1.14356e-05 0.00613843 0.00264737 0.0318435 0.0648458 6.76203e-07 0.0067913 0.0163187 0.458046 2.53469e-06 
0.14187 0.000359649 1.726e-07 0.104678 0.0383767 0.0129339 0.000507998 0.0108018 0.00519398 0.0334083 0.0124262 2.8188e-05 0.00240319 4.50541e-05 0.00225854 2.05384e-06 0.0026975 0.0367908 0.00172196 0.0102936 0.00020009 0.0197673 0.0791235 0.467114 0.0169977 
0.052516 0.000225165 2.01822e-08 0.0257515 0.0965965 0.0102619 0.0223192 0.0503047 0.0583874 0.00373458 0.00151589 0.000146115 0.0137045 1.09286e-07 0.00484476 9.84084e-06 0.00505934 0.00590311 0.00396143 0.000512001 2.69111e-07 0.0174357 0.0466115 0.578682 0.00151682 
0.003861 2.15652e-05 1.42001e-07 4.48542e-05 0.0982599 1.27785e-08 0.0019494 0.00578053 0.00111409 0.00124116 0.000185721 9.27094e-07 0.00172258 1.17348e-07 0.00348542 1.89639e-07 7.19818e-05 0.00262491 0.00481135 0.00375194 8.70079e-08 0.000109309 0.00481293 0.86615 8.13721e-08 
0.00106256 0.0475675 3.21867e-06 0.000972716 0.0773222 0.00521312 0.00185838 0.00642657 0.00138324 0.0451276 5.12902e-05 0.000689692 0.000235019 1.08015e-05 0.000130752 0.000671401 0.000344063 0.0012509 0.00345975 0.000836494 0.000184531 0.0122717 0.0727643 0.720132 3.06413e-05 
0.0932717 0.00025915 2.10938e-08 0.0108581 0.0760253 0.0129071 0.00392504 0.0261107 0.00664356 0.151951 0.0088273 1.85801e-05 0.00116623 0.000134653 0.0388717 5.80952e-07 0.0156569 0.0162365 0.155015 0.00841075 4.33583e-05 0.0221209 0.0358495 0.315306 0.000389921 
0.00186416 1.00691e-10 1.22248e-10 0.00670632 0.0272976 0.00253287 0.0132258 0.0251932 0.0958718 0.208688 2.63538e-07 0.00107057 2.87906e-07 1.01025e-10 0.0010762 1.6326e-10 1.82016e-11 0.000770824 0.00137011 0.000209377 3.55575e-08 0.00806324 0.0174232 0.588636 3.79713e-07 
0.0133143 4.86211e-06 2.3058e-10 4.70006e-07 0.0286871 2.07496e-11 5.35329e-11 5.46304e-07 5.84723e-11 4.69653e-06 5.94556e-08 1.00906e-07 1.92468e-08 1.90549e-10 0.0427763 3.07933e-10 0.0203218 6.89736e-07 3.60798e-11 0.000694643 7.07823e-08 0.0106616 4.28785e-07 0.883532 4.49378e-07 
0.00887705 0.000933282 1.00894e-06 0.321014 0.00253116 0.0283386 1.17333e-05 0.0419325 0.013844 0.0012103 0.000355245 1.25739e-06 0.0545764 8.3378e-07 0.00434524 1.34742e-06 0.0136734 0.000331849 0.000926004 0.020898 6.18206e-07 0.0567844 0.00697655 0.422254 0.000180852 
0.0179671 0.00871608 2.88065e-07 0.0200616 0.121759 0.0134648 0.000336253 0.0465418 0.00111869 0.000735545 0.00100144 0.000557679 0.00701813 1.95048e-05 0.0711405 4.81411e-06 0.00506714 0.0182485 0.0016129 0.0168978 1.91483e-06 0.00232715 0.161879 0.479448 0.00407481 
0.0177128 1.25997e-05 1.39111e-06 0.0331076 0.0836038 0.00231939 0.000312037 0.264601 0.0730702 0.0317014 0.00292849 5.06516e-05 0.00159151 0.000101963 0.000662062 2.99366e-05 0.0151509 0.000367449 0.00946337 0.000903023 0.000128838 0.0453077 0.026045 0.388283 0.00254305 
3.27409e-09 1.22772e-05 4.26734e-08 0.000518029 0.00602214 0.00197847 0.0818991 1.5904e-05 1.08215e-08 1.03474e-08 3.01658e-05 0.000138787 6.65667e-05 3.52649e-08 1.14636e-05 5.69893e-08 5.11723e-06 2.44704e-06 0.000249318 8.47011e-09 1.21688e-05 0.000148083 0.00391492 0.904975 2.44535e-08 
0.00382269 0.000115077 5.19776e-08 0.0010275 0.0310955 0.0625658 0.00319264 0.153935 0.000336493 0.000181597 0.000158977 3.66462e-05 0.00107059 2.65179e-05 0.0109346 0.000173088 0.000715987 0.000141502 0.00191562 0.00658306 5.28814e-05 0.0331375 0.161184 0.526005 0.00159134 
0.0171655 0.00295084 2.45333e-08 0.0123081 0.0518305 0.0178397 0.00461284 0.0464264 0.0143531 0.0409546 4.06492e-06 0.000200643 0.0918185 5.43078e-06 0.0766269 8.88968e-06 0.0986227 0.0166533 0.0255873 0.00891234 2.14794e-05 0.00387843 0.0145567 0.4245 0.0301615 
0.00918366 3.28444e-06 4.56234e-08 0.0167406 0.13234 0.0218645 7.25398e-05 0.0580728 0.0109902 0.000591117 0.00214043 4.23824e-05 6.75954e-05 6.45235e-07 0.000256043 6.36462e-07 0.15559 0.00495215 0.0024692 1.15715e-08 2.09923e-05 0.0594746 0.0619518 0.463169 5.84423e-06 
2.05506e-06 5.31721e-07 6.28046e-06 0.0116116 0.00343779 1.06852e-06 0.202971 0.0104979 0.00411859 2.83531e-06 0.00014305 3.80499e-07 1.27311e-06 3.00502e-07 0.0365422 2.65163e-07 1.02789e-06 6.98129e-10 3.41009e-07 4.93709e-05 1.21659e-07 0.00083227 0.00150117 0.728203 7.59699e-05 
0.224625 0.00789867 1.24071e-07 0.0201127 0.0253358 0.00654328 0.0108369 0.0131823 0.000259648 0.0141426 0.0153594 0.000633865 0.0714492 0.000113573 0.0011608 2.83856e-05 0.0122833 0.0132761 0.0275432 0.0079765 0.000103907 0.0317338 0.106155 0.369434 0.0198117 
0.00133473 1.97523e-10 1.52055e-05 0.0177469 0.019084 0.0024845 0.0001086 0.0124903 0.000378207 0.00793079 0.000382113 5.69283e-08 0.00188403 1.45677e-05 0.00139103 0.000171382 0.0376963 0.00193709 0.337117 0.00140335 0.000182804 0.0187959 0.0334115 0.503575 0.000464251 
0.0147928 0.0958686 4.82947e-05 0.00208204 0.0650179 0.0440222 0.000147176 0.0203175 7.32315e-06 0.00518679 3.56557e-06 0.00383267 0.0557775 2.42379e-05 6.42515e-06 2.95534e-08 0.00582747 6.19958e-05 0.00508984 0.00782768 2.63657e-05 4.75189e-05 0.0171187 0.656865 1.26811e-08 
0.0178578 0.000492069 5.27538e-06 0.0853072 0.0387626 0.0893916 0.000987097 0.0437918 0.018388 0.160788 0.0106412 0.0044546 0.0059734 0.000111356 0.000120792 0.000740694 0.0555202 0.0139445 0.0436596 0.0442476 1.17844e-06 0.0231306 0.0297612 0.311631 0.000290342 
0.0166073 6.87359e-06 0.00238557 0.0085895 0.0417721 0.0113293 0.00182585 0.0138576 0.0207979 0.00100503 0.00896849 7.98365e-06 0.00413353 0.00062354 0.00958026 0.00314318 0.00643732 0.0241496 0.00301194 0.0156258 0.0016647 0.00154468 0.0486513 0.75411 0.000170545 
0.147232 2.49159e-05 9.30823e-09 0.0996671 0.00584581 0.0266678 3.43589e-06 0.0531681 2.36046e-09 2.04717e-06 0.0420325 5.41916e-07 0.00763942 1.36875e-05 0.00600078 5.16727e-07 0.0520653 7.67662e-05 1.4565e-09 0.00218903 1.16258e-06 0.0215095 0.00681298 0.528666 0.000381122 
0.035236 7.56699e-07 2.80148e-10 2.1508e-08 0.00466155 0.00091708 4.12085e-05 0.000289448 0.000357721 0.00194374 8.36795e-07 0.00130326 0.000365355 5.66064e-08 5.87934e-05 2.62903e-05 0.304677 2.80263e-11 0.000469019 1.81645e-07 0.000275407 0.000740303 0.0752919 0.573344 1.60536e-10 
0.00119775 6.40779e-06 1.16711e-09 0.00902404 0.0500825 0.000399754 0.00058529 0.0197473 0.000449576 0.0298404 0.000611091 0.000240141 2.11833e-07 1.17498e-07 0.0356828 4.85237e-06 0.000993504 6.76275e-05 0.000163322 0.000917653 1.2546e-05 0.000143048 0.000367336 0.849462 2.29623e-07 
0.00197255 0.0924985 1.67313e-10 0.00761982 0.0288832 0.00243688 0.00474011 0.0636443 0.00211245 0.00131074 0.00367194 0.000219229 0.000245503 1.11046e-05 0.000287584 7.95083e-06 8.93208e-08 0.0050446 0.00326503 0.00509703 7.9977e-05 0.006073 0.126728 0.64374 0.00031025 
0.0104707 0.000145945 4.53365e-05 4.44732e-06 0.0276047 0.0222894 7.1828e-05 0.0177165 0.00127345 0.00645504 0.00318397 0.000570304 0.000823011 5.8716e-06 3.19353e-05 4.33468e-05 0.171365 9.86965e-05 0.00787998 1.44061e-09 0.000480002 0.0307633 0.068693 0.62977 0.000214285 
0.0486763 0.00229477 1.88464e-06 0.0590569 0.177717 0.0619858 0.0191427 0.0530759 0.0176369 0.0152639 0.000239848 0.00552603 0.00160249 0.00256511 0.00570572 6.21344e-05 0.0200212 0.00683981 0.10445 0.00429844 2.44528e-05 0.037176 0.158097 0.196314 0.00222517 
0.00246997 0.000368726 6.4015e-10 0.000666682 0.0539661 0.00568177 0.00877391 0.00973404 0.000295929 0.00941849 4.74068e-05 0.000619317 0.00444513 7.26255e-08 0.00705035 1.46785e-05 0.00381488 0.00296289 0.0286993 0.000242449 0.000368812 0.0140273 0.0655348 0.780797 1.06649e-07 
0.00214164 0.107984 2.53013e-09 0.0318057 0.0683212 0.0109247 0.00486292 0.0222064 0.00209757 0.000469181 0.00193776 0.00112296 7.51023e-05 5.32242e-05 0.00122541 3.89683e-05 0.00627573 0.00455171 0.0211537 0.00496535 0.0402473 0.0103519 0.147439 0.50941 0.000338572 
0.000628529 0.0170134 3.0737e-09 0.00443506 0.0514513 0.00552516 0.00656605 0.0268359 0.0566537 0.000594887 0.0069499 9.33376e-05 0.000395735 2.54008e-09 0.00626078 1.70678e-05 0.00702042 0.00114613 0.00139373 0.00472735 3.24813e-07 0.0341075 0.0501779 0.69548 0.0225257 
0.0885784 8.5621e-07 8.07656e-09 0.0782905 0.0714518 0.0350322 0.000442404 0.0239027 0.00284731 6.86541e-07 9.51751e-07 0.0310706 0.00271316 1.77062e-06 0.0785689 1.0786e-08 0.0993008 0.00098324 0.000800172 0.000217579 3.07169e-06 0.00384699 0.104454 0.37445 0.00304105 
0.0277656 0.0321014 0.000158722 0.016457 0.0758537 0.0179273 0.00638847 0.0135307 0.00126338 0.0329568 0.00123379 0.000686972 0.00651989 0.000108543 0.00312634 4.44914e-05 0.0223371 0.0362926 0.0374802 0.0195803 0.0221626 0.0136835 0.0827766 0.527203 0.0023611 
0.0100048 0.00245937 5.13825e-08 0.0144258 0.0440193 0.00544286 0.000675761 0.0826007 0.000820253 0.0458981 1.44258e-05 0.000781009 8.78103e-08 1.22674e-10 0.0868493 1.98246e-10 0.00119927 0.0431587 0.00331763 0.00387431 1.35014e-05 0.0141928 0.0518311 0.588421 1.26555e-07 
0.0190465 2.06811e-06 3.60398e-07 0.0681203 0.102316 4.39319e-07 0.000883456 0.284767 0.01402 0.000166752 3.60137e-06 3.21436e-10 6.07912e-05 3.04871e-06 8.387e-06 1.52949e-05 0.00994739 0.0183617 0.0351125 0.0117815 2.71504e-07 0.00224134 0.128495 0.304647 8.85873e-07 
0.0645784 2.23932e-06 1.01709e-09 0.055685 0.268963 4.68877e-07 0.00734376 0.0536468 6.61235e-06 0.0540946 0.0009265 1.64789e-10 8.12786e-07 8.40509e-10 0.000946655 2.23102e-06 0.0151252 0.0561478 1.53859e-06 1.17458e-06 6.23196e-10 9.14999e-07 0.0469524 0.375572 1.62178e-06 
0.00733607 0.00020541 3.21691e-07 5.00818e-06 0.097772 5.28015e-05 0.0006993 0.0374137 0.000275805 0.00162499 7.04018e-06 0.000287779 6.91608e-06 7.89028e-07 1.72494e-06 4.57529e-05 0.195587 7.32133e-05 0.00531405 0.0628118 0.107703 0.00862925 0.073828 0.400317 7.422e-07 
0.00041742 6.87012e-09 8.341e-09 6.33833e-06 5.13771e-06 7.50596e-10 0.0014677 4.34019e-06 2.11518e-09 9.5438e-07 3.57861e-09 3.54348e-06 1.73624e-09 6.89292e-09 0.0022353 1.11392e-08 2.11127e-05 3.21108e-06 1.17657e-06 4.68706e-06 5.11075e-09 9.30127e-07 1.68673e-06 0.995826 4.77971e-09 
0.0912478 0.0002702 2.48675e-11 0.0476935 0.0600829 0.0230615 0.00276276 0.111464 0.00492974 0.0129626 0.00391798 0.000304236 0.00433636 9.64294e-06 0.0189279 1.79449e-05 0.00692784 0.0250844 0.0170205 0.00432282 1.08968e-05 0.0144497 0.0953586 0.425884 0.0289522 
0.0169526 0.000885194 8.29329e-08 0.00448767 0.128116 0.00148326 0.00920548 0.00898621 0.00139437 0.0662449 0.00177189 0.000518978 0.0027444 0.000181477 0.133836 1.09375e-05 0.000968889 0.00376056 0.0022292 0.00695986 1.32773e-06 0.0106768 0.0140456 0.306006 0.278532 
1.76731e-10 1.89726e-09 2.30345e-09 2.64914e-08 1.29492e-07 2.07285e-10 5.34784e-10 1.612e-06 5.84128e-10 3.63054e-05 9.88271e-10 2.57551e-06 4.79482e-10 1.90355e-09 1.40468e-09 1.3846e-05 4.21877e-06 2.3044e-10 0.0129985 4.57205e-10 1.27166e-06 3.24127e-10 1.01502e-10 0.986941 1.31997e-09 
0.000136551 0.000136331 0.000136279 0.00013654 0.000136559 0.000136547 0.000136505 0.000136537 0.000136499 0.000136502 0.000136447 0.000136526 0.000136512 0.00013633 0.000136394 0.00013618 0.00013653 0.000136544 0.000136528 0.000136515 0.0819724 0.000136532 0.00013656 0.914889 0.000136405 
0.00337284 0.00339617 8.46131e-08 0.00175781 0.039052 0.019715 0.00289616 0.000659549 0.00223753 0.0133282 5.68689e-05 4.65447e-05 7.76211e-06 6.78061e-06 0.0181388 2.19337e-06 0.000374322 0.00741568 0.000323016 1.66505e-05 0.0022039 0.000168109 0.0147273 0.869914 0.000182542 
0.00175553 0.000499188 1.50805e-08 0.0243321 0.0160064 0.000241365 0.000129306 0.0111661 0.000380724 0.0192951 0.000361699 0.000921759 0.00217347 1.24623e-08 0.00732148 3.59898e-07 0.00299153 0.000488029 0.00434055 8.83441e-05 6.89791e-05 0.00431234 0.0198192 0.879231 0.00407532 
0.00133473 1.97523e-10 1.52055e-05 0.0177469 0.019084 0.0024845 0.0001086 0.0124903 0.000378207 0.00793079 0.000382113 5.69283e-08 0.00188403 1.45677e-05 0.00139103 0.000171382 0.0376963 0.00193709 0.337117 0.00140335 0.000182804 0.0187959 0.0334115 0.503575 0.000464251 
0.00403602 0.00113385 0.000111496 0.000639008 0.0113089 0.00269078 0.000758117 0.0041865 0.000123273 0.0328559 0.000301681 0.000231089 0.00038593 0.000123548 0.00422153 1.9507e-05 0.0473201 6.4241e-05 0.00132712 0.00228908 0.0443346 0.00281271 0.00163475 0.836983 0.0001078 
0.0307288 5.36645e-05 1.52765e-08 0.0144141 0.0197885 0.00833733 0.00107088 0.00710024 1.65056e-06 0.00274107 0.00408034 7.71345e-06 3.17992e-09 1.26243e-08 0.0421302 1.95432e-05 5.30373e-06 1.52827e-09 0.00189436 0.00641404 3.32502e-06 0.00764613 0.00104674 0.846955 0.00556143 
0.0349482 5.19765e-05 0.00105068 0.0512591 0.030342 0.00394444 0.0148875 0.022667 0.00151145 0.0090982 0.0193454 0.000944177 0.183491 3.53603e-06 0.0301874 1.18454e-09 0.0163622 0.0122329 0.00718342 0.0745763 0.000406134 0.00606972 0.026607 0.226421 0.22641 
0.0627345 6.65938e-06 2.96857e-06 0.00671938 0.0656921 0.0419858 0.0066416 0.0142025 0.00354282 0.115973 2.26794e-05 0.000235239 0.000232745 3.53123e-05 0.00337681 1.9516e-05 0.00479024 0.00504216 0.0185072 0.00274741 0.0482713 0.00409263 0.174405 0.349704 0.0710158 
0.0614915 0.000186643 4.31686e-09 0.0398416 0.17658 5.94898e-06 0.0137764 0.0361883 0.0508702 0.02206 2.72839e-06 0.000749571 0.000896986 2.16052e-06 0.0802586 0.00139125 3.49186e-06 0.00486375 9.56727e-05 0.00222026 2.6919e-07 0.0656425 0.0130933 0.427387 0.00239154 
0.00268388 0.00401991 1.08748e-05 0.0125095 0.0245559 0.0287157 0.000105205 0.161066 0.00395218 0.0781476 0.00392685 3.15134e-05 0.00750196 4.32677e-05 0.00228396 1.09392e-05 0.0442557 1.50159e-06 0.000500459 0.0043414 2.83168e-06 0.0991622 0.071131 0.450964 7.58255e-05 
0.0311263 0.0351368 7.90932e-07 0.0171086 0.0629152 0.0220424 0.000874559 0.0431119 0.00358565 0.011517 0.00831973 9.33251e-05 0.144581 2.85597e-05 0.00432726 3.68134e-05 0.00679651 0.00102457 0.0313871 0.019295 1.71543e-05 0.0379814 0.0236521 0.494576 0.000463966 
0.0018894 8.05684e-05 6.87077e-06 0.00363354 0.0224031 0.00540039 0.00283377 0.000229184 0.000125294 0.000353383 0.00491864 4.27078e-06 0.000342688 5.67794e-06 0.00271218 9.19331e-05 0.000269082 0.0211541 0.000101853 0.000284666 4.20991e-06 8.01021e-05 0.00118831 0.931772 0.000114551 
0.0515292 0.00205394 2.88389e-10 0.00402242 0.0764421 0.00387696 0.0336076 0.181446 0.00929533 0.0185289 0.000260476 0.000315447 0.002941 0.000137168 0.00488845 1.64506e-06 0.0855877 0.0289844 0.00132326 0.00823721 0.00127133 0.00950237 0.0482304 0.423401 0.00411603 
0.0282301 3.22654e-05 7.49913e-06 0.0637669 0.193125 0.0569766 0.00925524 0.025585 0.0249908 0.0386717 0.0096293 4.40532e-07 0.000495892 9.95772e-07 0.009122 2.02527e-09 0.00816622 0.0124488 0.000914085 0.0587567 3.1959e-06 0.0392691 0.133661 0.282718 0.00417406 
0.0260929 0.000158325 4.00505e-08 0.00340561 0.158797 0.0114978 0.000204938 0.0730458 0.0251126 2.882e-05 0.000124497 0.0412137 1.08113e-05 3.30973e-08 0.000997146 0.159733 0.16327 2.68069e-05 0.032544 2.05481e-06 0.00068236 0.0382436 0.0185531 0.246233 2.23115e-05 
0.010853 1.60044e-05 6.57181e-07 0.314084 0.0383579 0.00581302 0.00030611 0.000295375 0.00106089 0.00104085 0.000235829 3.10712e-06 0.00093657 4.489e-07 0.000442318 5.7845e-06 0.000128138 0.029013 0.000342045 0.00158371 1.52366e-07 0.000185253 0.0274623 0.564396 0.0034374 
0.0776705 9.10394e-08 1.13218e-07 0.0640891 0.0949363 0.00367566 0.00526345 0.0535738 0.00419299 0.00143483 0.00548938 0.000284525 0.0084956 3.28075e-08 0.00263447 0.0001562 0.0365767 0.00784503 0.025122 0.00432224 4.1809e-05 0.110083 0.205638 0.274013 0.0144606 
1.34667e-07 0.000107021 1.7552e-06 1.99863e-07 8.96198e-08 1.57949e-07 4.07499e-07 0.000772378 4.45099e-07 4.25598e-07 7.53051e-07 2.8438e-07 3.6536e-07 1.45048e-06 0.00010419 2.34403e-06 9.63199e-05 1.75592e-07 2.74644e-07 3.48385e-07 1.07546e-06 2.46981e-07 7.73434e-08 0.998908 1.0058e-06 
0.0304388 2.59389e-07 8.3166e-10 0.0442235 0.0324962 1.90505e-07 0.115639 0.0305713 0.266645 0.0103733 3.56814e-10 1.45062e-05 1.71331e-06 6.87275e-10 0.0341341 0.00031177 0.000762365 0.000362615 0.000633575 0.00270997 5.0958e-10 0.0539897 0.00518557 0.371506 4.76573e-10 
0.000663367 3.90149e-06 4.73679e-06 0.000176814 0.00578913 4.26258e-07 0.000169153 0.0132077 0.000152813 0.0276084 2.03227e-06 0.000880063 0.00717686 0.000268596 0.00224023 0.00135869 0.000641937 4.19146e-05 0.0117407 9.4019e-07 3.56104e-05 0.000273182 0.00958206 0.917267 0.000713611 
0.00549236 0.000128304 9.51573e-10 0.00384356 0.0355942 0.00538314 0.000962303 0.083704 0.00113806 0.00398302 0.000455109 0.000383541 0.0003435 7.8637e-10 0.00253381 6.84124e-05 0.000307566 0.00274197 2.50458e-06 4.8203e-07 9.10969e-05 0.00894752 0.0385116 0.805383 8.6026e-07 
0.00137255 0.00706626 6.20069e-08 0.00266685 0.00942584 0.0194432 9.9783e-07 0.16528 0.0811332 0.0624309 0.000186524 0.000191297 0.00110874 1.76302e-05 0.00118633 0.000273377 0.00020669 7.96031e-05 0.000581549 3.78939e-06 8.06784e-05 0.0247466 0.0525057 0.569989 2.27757e-05 
0.00943903 0.00869528 4.30911e-05 0.0278682 0.14681 0.00737892 0.00976603 0.0756709 0.00275593 0.0041657 0.000768851 0.000165631 6.42066e-05 5.25192e-05 0.0219305 1.52102e-05 0.000243273 0.00685212 0.00258803 0.00505029 1.35435e-05 0.0197905 0.0515679 0.597124 0.0011809 
0.072202 9.89192e-07 1.90572e-06 0.00832728 0.0469478 0.143096 0.025805 0.0890929 0.00815523 0.00740679 0.00179712 0.000498982 0.00380031 0.000888789 0.0186505 6.40937e-06 0.0898983 0.0085748 0.0142059 0.0104436 2.57697e-07 0.0171454 0.174347 0.255946 0.00276108 
0.170689 3.06757e-05 4.4924e-09 0.0543619 0.0130972 0.00559107 5.30078e-09 0.00755193 0.000819726 0.00410628 2.04638e-05 0.000268552 0.000114353 8.61312e-07 0.0346992 1.91773e-07 0.0157524 0.00033947 1.04569e-06 0.0520958 1.60071e-07 0.00040501 0.0186493 0.371936 0.24947 
0.0627345 6.65938e-06 2.96857e-06 0.00671938 0.0656921 0.0419858 0.0066416 0.0142025 0.00354282 0.115973 2.26794e-05 0.000235239 0.000232745 3.53123e-05 0.00337681 1.9516e-05 0.00479024 0.00504216 0.0185072 0.00274741 0.0482713 0.00409263 0.174405 0.349704 0.0710158 
0.0186546 3.13084e-06 2.13979e-05 0.0120366 0.240599 0.0453999 0.0108749 0.0533981 0.0120738 0.0151416 0.000747583 0.000624421 0.0104536 0.000167929 0.00108472 8.35581e-06 0.0210915 0.00191383 0.00683774 0.0114593 6.97907e-06 0.0120523 0.0556688 0.469608 7.23195e-05 
0.0376101 0.0306309 2.97084e-06 0.0170241 0.0910288 0.0211983 0.00219754 0.0794829 0.00503975 0.00199524 0.00210016 0.000201023 0.00734891 7.9657e-06 0.0218003 1.51812e-05 0.00702989 0.00443209 0.00733916 0.00327247 0.000206577 0.0187134 0.118011 0.522838 0.000473749 
0.0520505 9.05973e-09 2.05265e-05 5.11943e-06 3.14375e-06 9.81993e-06 2.55369e-09 0.292216 3.88481e-06 6.6631e-06 5.6369e-07 3.62449e-05 2.28961e-09 4.95396e-06 2.66223e-05 5.9594e-06 0.00723284 1.10039e-09 8.5639e-06 2.18323e-09 6.73963e-09 3.78587e-05 0.0130301 0.6353 6.30307e-09 
0.000327479 0.000117962 5.22291e-09 0.0162037 0.0888706 3.683e-05 0.0284577 0.0416821 0.00211613 0.00165403 0.000104697 0.000452218 2.85987e-06 4.06286e-05 0.0379531 0.000113389 0.00832722 0.127958 1.52426e-05 0.00652092 6.43959e-07 0.0474181 0.0211157 0.570242 0.000269413 
0.0838546 0.00313998 1.14398e-05 0.0937474 0.0540956 0.0984796 0.0270198 0.0667766 0.0144514 0.00675978 0.00687253 0.000889783 0.0110433 0.00567829 0.107509 0.000133494 0.0145466 0.00167402 0.0111367 0.0241189 0.00103147 0.0127303 0.110104 0.243974 0.000221664 
0.000183059 0.0303914 2.37161e-08 0.00280054 0.0451983 0.00488467 0.00142565 0.0196948 0.00097217 0.0225383 0.000697319 0.00030416 0.000228166 2.74153e-06 0.000476243 0.000199429 0.00213631 0.000371804 0.00152089 0.00103266 8.55606e-05 0.00752588 0.0694439 0.787829 5.70057e-05 
0.198414 0.000820998 1.59523e-07 0.0218028 0.032513 0.00603945 0.00674178 0.0846556 0.0157246 0.00294907 0.0244106 0.015869 0.0177637 4.58533e-05 0.000583654 2.13039e-07 0.00392857 0.00480193 0.0372933 0.0753805 2.47075e-05 0.0085213 0.0137743 0.404213 0.0237279 
0.00274437 1.89274e-07 9.77257e-10 0.00537692 0.00103754 0.000685273 0.00115706 0.00727962 2.47821e-10 0.00515915 4.19281e-10 0.00067961 2.8158e-07 6.15363e-07 8.94846e-06 1.3051e-09 0.000716282 9.77657e-11 0.00470961 2.31082e-06 5.98792e-10 1.37513e-10 0.0196155 0.950826 7.05344e-07 
0.0638788 8.08712e-05 0.000206801 0.0829324 0.0251216 0.00706689 0.000895207 0.0416994 0.0600493 0.00592296 0.0514206 2.31912e-05 0.00289416 3.63324e-05 0.0332405 5.82478e-06 0.00341343 0.0532518 0.00628409 0.0226935 6.30818e-07 0.019526 0.1579 0.345979 0.0154765 
0.0768717 4.20992e-07 1.11507e-10 0.00536739 0.0318039 0.0368472 0.00186028 0.0644792 0.0180741 0.129996 0.000486771 0.0152264 0.000515693 0.00322962 0.00928973 6.13672e-07 1.32128e-05 0.0512657 0.0254229 0.0180701 2.59481e-06 0.0175718 0.0207861 0.467266 0.00555226 
0.000446606 0.0110442 1.56173e-07 0.00024261 0.000528544 0.00048057 0.000545329 0.000161731 0.000150123 6.99036e-05 9.22253e-05 0.000640467 1.07041e-05 1.2906e-07 0.0118873 8.34072e-05 2.32527e-08 0.000937738 0.00697348 4.15069e-05 0.00105716 0.000603709 0.00101056 0.962918 7.40919e-05 
0.00100642 0.000468825 7.47426e-09 2.7662e-05 0.0449327 0.00136615 0.000886081 0.00324037 4.25614e-06 0.0154534 3.65441e-06 0.000108734 9.19033e-07 8.25399e-07 0.0492969 9.93151e-07 7.70726e-07 0.000833498 0.000197602 0.000421975 1.44099e-05 0.000842886 0.00810451 0.872786 7.55882e-07 
0.00597741 6.56185e-06 7.02849e-10 0.00025261 0.137834 0.168996 0.00798334 0.0532477 0.00235435 0.0104052 5.44197e-05 0.000372256 0.00183983 4.98349e-06 0.00100417 2.42261e-05 0.000268993 0.072242 0.0793402 0.000155053 6.63772e-08 0.0259291 0.0171368 0.414532 3.91347e-05 
0.000604633 1.11469e-05 2.18881e-10 0.00197969 0.00041982 0.000255907 0.00912344 0.00145256 3.25021e-05 3.74832e-05 0.000189277 2.52408e-05 5.69258e-05 7.44622e-08 0.00365516 2.74203e-05 6.80641e-08 4.00873e-05 0.000137165 0.000257525 2.96587e-06 0.00107183 0.000831137 0.979718 6.97069e-05 
0.105798 6.07161e-05 1.74008e-10 0.0337199 0.119077 0.0170581 0.00389369 0.0566851 0.00863764 0.00811254 8.06507e-05 0.000173734 0.0903584 4.6256e-08 0.0112888 1.5575e-07 0.0291088 0.00192454 0.00062413 0.0219912 1.11755e-06 0.0201717 0.148319 0.322915 4.49479e-07 
0.0776542 0.000191517 0.000220085 0.000221824 0.0589399 0.0121569 0.000836507 0.291561 0.0344349 0.00171925 6.05133e-05 5.07107e-05 0.000117857 8.01502e-06 5.15462e-05 2.26956e-06 0.0305195 3.595e-05 0.000876187 0.000581601 5.64794e-05 0.00299166 0.0472764 0.439334 0.000101467 
0.00122461 8.14677e-05 1.21458e-10 0.0006571 0.0376057 5.83046e-05 0.00125313 0.000930367 0.000137253 0.0169135 7.00051e-05 0.00218657 0.000219119 1.00372e-10 0.000371978 1.36014e-07 3.3654e-05 0.0125602 0.00191641 0.000364683 0.000337855 0.00027438 0.000329941 0.921118 0.00135548 
4.67087e-06 4.66335e-06 4.66157e-06 4.6705e-06 0.0359725 4.67074e-06 0.0149464 0.0677255 4.6691e-06 4.6692e-06 4.66731e-06 0.0116797 4.66954e-06 4.66333e-06 4.6655e-06 4.65819e-06 0.158322 4.67063e-06 0.00654275 4.66964e-06 0.0205327 0.0859369 0.0784807 0.516524 0.00327079 
0.00952283 0.000256832 1.51974e-08 0.0237976 0.0288105 0.000508501 0.000762355 0.0337372 0.000870435 0.0231465 0.000213384 0.000159475 4.44261e-06 1.25589e-08 0.0620034 2.02957e-08 0.00453374 3.31197e-05 0.00637899 0.00230758 0.000172444 0.0220726 0.00661675 0.773535 0.000555763 
0.0718211 2.18117e-07 0.000109837 0.00503572 0.131533 0.00510446 0.0192401 0.0547227 0.0106499 0.0115337 0.000133552 7.66552e-06 3.51075e-05 3.99385e-06 0.0017903 0.000386417 4.44209e-05 0.17387 0.0107197 4.45614e-05 5.52707e-10 0.00622362 0.0288936 0.468044 5.21711e-05 
0.0108288 0.000192978 2.13654e-08 0.00507065 0.0572992 0.0239752 0.0390994 0.127096 0.0118791 0.00273384 0.000339279 1.68213e-05 0.00117037 7.18212e-07 4.04511e-05 3.32504e-06 0.00236127 0.0126279 0.00190247 0.000698588 2.83476e-06 0.0471509 0.168973 0.485883 0.000652728 
0.0403518 0.00132385 4.52676e-09 0.0100933 0.0147335 0.025148 0.000714791 0.0380622 0.0028513 0.000389398 0.0409452 0.00263737 0.00807699 1.76034e-06 0.00302136 5.04442e-06 0.203539 7.60905e-06 0.0113535 0.0118579 0.0220925 0.0343935 0.0615506 0.466771 7.84618e-05 
0.000604633 1.11469e-05 2.18881e-10 0.00197969 0.00041982 0.000255907 0.00912344 0.00145256 3.25021e-05 3.74832e-05 0.000189277 2.52408e-05 5.69258e-05 7.44622e-08 0.00365516 2.74203e-05 6.80641e-08 4.00873e-05 0.000137165 0.000257525 2.96587e-06 0.00107183 0.000831137 0.979718 6.97069e-05 
0.0794325 0.111549 1.72881e-05 0.00568242 0.0796545 0.0140088 0.00179742 0.0552972 0.00233555 0.018012 0.000935815 0.000503976 0.00427708 1.33521e-07 0.00448281 0.000313095 0.00110798 0.039836 0.00176338 8.48351e-05 9.42125e-05 0.00612574 0.120809 0.451775 0.000104494 
0.00575876 2.52032e-06 8.8251e-09 0.0234354 0.124526 0.0102178 0.0705029 0.0419369 0.00217575 0.00260648 0.00190902 0.000104976 0.00103028 0.000970226 0.0389395 1.19091e-05 0.00024679 0.00380833 0.00135586 0.001019 4.39063e-06 0.210271 0.0342002 0.424909 5.75796e-05 
0.00135646 8.75924e-05 6.13618e-07 0.00130106 0.125544 0.00704803 0.000315852 0.0486892 0.000538437 0.00852194 0.000208557 1.73089e-06 0.0319456 0.000919627 4.67695e-05 1.11831e-06 0.000289417 0.028297 0.000264072 2.41057e-05 1.60995e-06 0.000223024 0.0313814 0.712929 6.34353e-05 
0.00787355 0.0158601 4.20582e-05 0.00919152 0.0604347 0.0322311 0.00233718 0.0456873 0.00617238 0.00342756 0.00214869 0.000131889 2.10186e-05 1.19834e-05 0.00254047 4.38301e-05 0.00222805 0.00135264 0.00341939 0.000122627 2.89782e-05 0.0209756 0.0766396 0.70686 0.000218171 
0.0184068 2.09204e-05 2.71707e-07 0.0685115 0.120031 0.00445522 0.00111231 0.0836818 0.00570277 0.000580935 0.0324808 1.05399e-05 0.0312426 0.000253965 0.0165566 5.57139e-06 8.19881e-05 0.00020632 0.00171129 0.0761152 1.18126e-06 0.0181924 0.0204206 0.499778 0.000439666 
0.00935643 0.00157414 5.68952e-09 0.00077193 0.0289286 0.00038955 0.000164681 0.0278649 3.40206e-05 0.00981958 9.08471e-06 9.6717e-05 0.000824121 2.25466e-06 0.00212961 3.12592e-05 0.00148732 7.6609e-05 0.00165143 0.000159978 1.17915e-06 0.0010358 0.000283569 0.907037 0.00627008 
0.00120596 0.0556619 4.64066e-11 0.00195198 0.0121641 0.0530674 0.000907227 0.222149 0.000182692 0.0117838 6.3625e-08 0.000276207 3.18124e-05 3.83499e-11 0.000438497 0.000121114 8.77924e-07 0.00136322 0.00423564 4.86379e-05 0.000173919 0.0103884 0.240887 0.382961 5.1101e-08 
0.034541 1.97229e-05 1.19184e-09 0.11483 0.0487074 0.0147239 0.04404 0.019634 0.00493766 0.0032992 9.3409e-06 1.00172e-05 0.00652297 1.77725e-05 0.00765657 9.84508e-05 0.0624299 0.136342 0.00036632 0.00999304 4.27066e-05 0.00137252 0.172329 0.318043 3.50404e-05 
0.0034625 0.000825918 3.18128e-08 0.00681567 0.000610004 1.92179e-07 1.6012e-06 3.81687e-06 0.000250478 0.000309613 1.36489e-08 1.11742e-06 1.88379e-06 2.62898e-08 3.59808e-06 4.24852e-08 0.00718073 7.67498e-07 6.80677e-07 0.00304349 3.81877e-06 4.47649e-09 3.86854e-07 0.977474 9.88025e-06 
0.00122461 8.14677e-05 1.21458e-10 0.0006571 0.0376057 5.83046e-05 0.00125313 0.000930367 0.000137253 0.0169135 7.00051e-05 0.00218657 0.000219119 1.00372e-10 0.000371978 1.36014e-07 3.3654e-05 0.0125602 0.00191641 0.000364683 0.000337855 0.00027438 0.000329941 0.921118 0.00135548 
0.0124494 0.0196313 8.19182e-06 0.00101349 0.0915049 0.00217114 0.000450115 0.00855243 0.00115259 0.00437253 2.38264e-06 0.000748495 0.000644579 2.79772e-05 6.54205e-05 1.75332e-05 0.00784379 0.00287408 0.00518972 0.000166965 0.000144907 0.000628586 0.0327126 0.807572 5.44583e-05 
0.00182028 0.00662214 1.46621e-06 0.1075 0.103757 0.0649175 0.0270725 0.0230864 0.000143387 0.000654429 7.37684e-05 8.70207e-06 0.00101191 8.80474e-06 9.0573e-05 0.000117014 3.93052e-05 0.00721485 0.000645827 0.00475843 1.01961e-05 0.0888281 0.0435929 0.517915 0.000109288 
0.114762 4.9173e-05 7.33287e-05 0.037688 0.127837 0.0117031 0.0372705 0.0533798 0.00624979 0.0130639 0.00112144 0.000108887 0.0216485 1.05573e-05 0.00800608 3.53656e-07 0.000139725 0.0290423 0.0044474 0.00956769 1.28561e-07 0.00368261 0.253811 0.26544 0.000897637 
0.130601 7.99894e-05 2.26635e-08 0.126149 0.100837 0.00508687 0.00265209 0.0826974 0.0589452 0.000170866 0.000610296 4.40909e-05 0.0282271 0.000941021 0.0546245 2.79548e-06 0.00543156 0.0168956 0.00892904 0.0795926 8.98791e-05 0.0251088 0.0144194 0.257094 0.000769857 
0.00623792 0.00222955 7.15888e-10 0.0005258 0.289144 0.0164332 0.00330881 0.045439 0.0118798 0.0667123 0.0908801 1.10354e-06 0.00160994 0.000682969 0.070687 8.45965e-07 8.33696e-05 0.00758748 1.923e-06 0.0237045 4.50309e-08 0.00158304 0.0485827 0.312597 8.78002e-05 
0.00769861 9.56089e-06 0.000418183 0.0112003 0.00153538 0.000988472 1.73493e-05 0.005734 0.000772284 0.00015038 5.08656e-05 0.000904539 0.000291117 1.18961e-05 0.0018175 3.54371e-05 9.60365e-07 0.00230247 0.00266252 0.000680947 4.13284e-05 0.00107649 0.0198726 0.931878 0.00984848 
0.0343192 0.000412657 3.672e-08 0.222036 0.108496 0.0329721 0.00279094 0.0122025 0.0173553 0.00642281 0.000331619 0.00114791 5.90879e-06 6.40715e-05 0.0513816 0.000131691 0.0309472 0.00540053 0.00844182 0.0334379 2.45957e-05 0.0160734 0.0845316 0.33107 3.7087e-06 
0.00507335 0.000171194 1.38276e-05 0.018535 0.00437363 0.0372314 0.0005303 0.0112176 0.000529013 0.00376789 0.000843495 6.76092e-05 0.0069253 5.29113e-05 0.0283134 5.02057e-06 0.0380357 0.00249719 0.00102316 0.00242923 2.35314e-05 0.266842 0.0305607 0.497042 0.0438959 
0.00386842 7.51985e-06 1.3459e-08 5.71378e-05 3.67371e-05 1.54998e-05 0.000399448 0.0139079 0.0076957 0.00206612 2.84753e-05 7.02894e-06 3.04215e-05 1.11224e-08 0.00257774 1.79742e-08 0.000712711 7.59347e-08 0.00203538 0.00032883 8.24671e-09 0.000985557 5.4144e-05 0.965185 7.71254e-09 
0.00204406 0.000641065 1.62391e-07 0.0051193 0.0207654 0.00326312 0.000447265 0.00303922 3.69176e-05 0.00215797 4.28231e-05 0.000105373 0.0136341 1.14692e-06 0.0095404 8.04322e-07 0.00365564 0.00675118 0.00368729 0.00375847 0.00016055 0.00024624 0.00973347 0.91094 0.000227758 
0.0114741 0.000221312 0.000208468 0.0363751 0.127245 0.0299312 0.0164284 0.0572593 0.149377 0.0138293 0.00517702 0.0019649 0.00380552 1.462e-05 0.0128406 2.8875e-05 0.0397625 0.0227243 0.00929901 0.0149113 1.28923e-05 0.0542137 0.0753241 0.317536 3.59774e-05 
0.00675916 0.106121 1.72157e-10 0.0148452 0.22047 0.0513171 0.00404011 0.132251 0.00328805 0.00916472 0.00184498 7.43103e-05 0.000617339 1.90634e-06 0.00898947 2.81997e-05 0.000869527 0.00290091 0.00175399 0.00122148 5.75861e-06 0.00502683 0.188 0.240406 2.87954e-06 
0.0825593 0.0406182 1.78814e-09 0.0464641 0.0587437 0.00177132 1.28169e-06 0.00116335 1.07121e-06 0.0037224 0.00414922 0.000934434 1.09108e-05 1.4777e-09 1.54877e-05 8.40317e-06 0.00300575 0.00055695 0.000943584 3.8575e-05 0.000645882 0.00597981 0.113506 0.634905 0.00025533 
0.0737061 5.43842e-05 1.34017e-07 0.0329355 0.180026 0.00720428 0.0444571 0.112075 0.00961947 0.0349296 0.0107504 0.00205244 0.0187191 1.14563e-06 0.0165949 1.64419e-05 0.0162419 0.00202352 0.00642023 0.00437529 4.85647e-07 0.0331452 0.110465 0.28418 6.21088e-06 
0.027272 0.000500282 9.96125e-07 0.00528858 0.0157595 0.0252259 0.000791591 0.03394 0.000380174 0.0043217 0.0103971 0.000259776 0.000572557 9.13975e-06 0.0149141 3.14877e-05 0.00165497 0.00123741 0.02139 0.00164324 8.28563e-05 0.0173682 0.0196961 0.79595 0.00131204 
0.0371514 0.00355005 5.08654e-08 0.0183276 0.00768882 0.0219785 0.000328893 0.0984214 0.00112458 0.189164 0.000508347 0.00282598 0.0192569 0.000525055 0.00375091 0.000158221 0.111175 0.00323735 0.0232245 0.0171644 0.0116026 0.0160819 0.0845534 0.327433 0.000767495 
0.0356907 0.000173307 0.000146745 0.0183355 0.0770251 0.0445207 0.00202764 0.0650516 0.209083 0.0605682 0.004787 9.49792e-05 0.0311432 6.62672e-06 0.000680246 3.22894e-05 0.0294584 0.00523651 0.00468634 0.00623185 1.44392e-05 0.00715448 0.116216 0.27712 0.00451523 
0.00264201 0.0103676 1.45103e-05 0.0163872 0.128337 0.0429561 0.00111111 0.00804565 0.00408081 0.0697117 0.0449048 0.00296109 0.0039901 0.000255253 0.0206092 6.32683e-06 0.000795366 0.0226691 0.00260123 0.00107771 0.000188762 0.0199686 0.114557 0.480726 0.0010354 
0.0441275 0.00583031 5.08234e-11 0.00231931 0.0458853 0.00575661 0.000183222 0.0317545 0.00268344 0.019681 1.74936e-05 0.00111443 0.000228828 2.03373e-07 0.00149772 5.10653e-08 2.74417e-07 0.00133563 0.0259454 0.00209463 7.98863e-05 0.00700717 0.233732 0.568654 7.15533e-05 
9.14404e-05 7.5025e-07 2.6861e-10 3.05863e-11 0.00905977 2.02728e-07 6.89814e-05 0.024308 3.78017e-07 0.0047925 1.15244e-10 0.000248576 1.12953e-06 1.54179e-07 0.00281082 4.32392e-07 3.46771e-07 3.23905e-08 1.5378e-05 5.33155e-11 0.000595311 3.7797e-11 2.28849e-07 0.957906 9.92672e-05 
0.0917449 0.000848458 2.23504e-08 0.055407 0.0112074 0.00121115 0.000525808 0.0509764 0.00198404 0.0358825 0.00314343 0.00362752 0.0773504 0.000541332 0.00109268 2.04481e-05 8.57796e-05 1.69803e-05 0.0619311 0.00271737 8.34082e-06 0.00538119 0.0242385 0.569977 8.01677e-05 
0.044546 4.24141e-06 1.83778e-05 0.235854 0.0628589 0.0450104 0.0587623 0.00603102 0.00825787 0.000343127 0.00091686 2.28843e-05 0.0073211 0.000380424 0.0250043 1.14394e-05 0.0488552 0.0223699 0.00074557 0.00466957 6.59163e-07 0.0107565 0.10308 0.313217 0.000961615 
0.029801 0.072 0.0487336 0.000395579 0.0779396 0.00454208 0.0010924 0.0190892 0.000193474 0.0477715 1.17857e-05 0.00109565 0.00487376 4.28003e-06 0.000101535 0.000317091 0.00311983 0.0168097 0.00139826 0.000127188 3.52049e-05 0.0382119 0.0345134 0.597776 4.59546e-05 
0.0277953 4.42901e-07 1.19084e-07 0.0155563 0.00168829 0.0216714 7.89728e-05 0.0210825 8.01067e-05 0.000863881 0.00158512 8.01003e-06 0.0287179 8.72608e-06 0.0822088 9.24965e-06 0.0332596 0.0122209 7.92458e-05 0.00549209 1.22383e-05 0.14937 0.177844 0.420323 4.39865e-05 
0.0298732 0.000125105 3.61522e-08 0.0184987 0.114595 0.00214064 0.0364661 0.0295557 0.0216408 0.00709134 0.0009656 4.24464e-05 7.91686e-05 0.000766568 0.0237118 5.81802e-05 0.00282579 0.109955 0.00148304 0.000963467 1.80467e-05 0.0225219 0.0699425 0.505681 0.000997868 
0.012996 4.65203e-05 0.000143598 0.00950138 0.120249 0.000519188 0.000254359 0.046807 0.00018635 0.00135511 4.44103e-05 1.29778e-05 0.011172 1.19954e-06 0.024592 1.9385e-06 8.60988e-05 0.000102691 5.39644e-06 0.000710219 2.18713e-06 0.0346942 0.0347838 0.700561 0.00117159 
0.0403535 1.79022e-05 2.91954e-09 0.0294314 0.109397 0.0279362 0.13842 0.0258538 0.00888804 0.143032 0.00294316 0.000446218 0.000393835 0.00028312 0.00156759 1.64347e-05 0.00167578 0.0120248 0.000573667 0.00221936 1.61499e-06 0.0129402 0.0194534 0.42184 0.000290899 
0.00280945 3.31568e-08 4.02556e-08 2.44296e-07 1.69364e-05 3.62255e-09 0.000189175 1.22915e-05 1.27739e-05 5.99598e-06 1.72712e-08 6.52226e-09 8.37952e-09 3.32668e-08 4.80945e-06 5.37604e-08 6.55224e-06 0.000248598 6.29897e-09 7.99021e-09 5.44613e-05 1.67529e-06 4.07497e-06 0.996633 2.3068e-08 
0.0104396 0.000261979 1.16664e-06 0.0386785 0.0434258 0.00118619 0.000568592 0.0196518 0.0212782 0.00505413 1.39383e-05 1.70011e-05 0.00508202 0.0040391 0.0291408 2.3675e-05 0.00145724 9.41591e-06 0.00335485 0.000535118 3.07136e-05 0.0269468 0.0940935 0.691698 0.00301204 
0.0205914 0.000909589 2.75066e-05 0.0421317 0.143553 0.124466 0.00239896 0.164232 0.00844041 0.00854329 0.0130011 0.00018829 0.0265906 2.66789e-06 0.0166938 0.000264935 0.0621783 0.00934961 0.0175864 0.0178576 4.37271e-05 0.0174906 0.0264354 0.276593 0.000429244 
0.0398478 1.61369e-07 0.00054196 0.0435381 0.105284 0.0203895 0.00161327 0.0812462 0.0162933 0.00231246 0.00337429 0.000513147 0.00269225 6.41667e-05 0.0448618 2.00471e-07 5.19078e-05 0.00124939 0.00438712 0.141813 0.00686569 9.37266e-05 0.0851556 0.3971 0.000711718 
0.00279197 0.000360209 9.55448e-06 0.00115414 0.00330887 1.15582e-06 0.0214707 0.0122471 0.00144138 0.00233115 8.45189e-07 0.00113023 0.000139462 6.94594e-07 1.27734e-06 1.92003e-06 3.26138e-05 0.0200609 1.02859e-06 1.16701e-05 0.0140558 0.000131286 0.000615034 0.913453 0.00524801 
0.0104707 0.000145945 4.53365e-05 4.44732e-06 0.0276047 0.0222894 7.1828e-05 0.0177165 0.00127345 0.00645504 0.00318397 0.000570304 0.000823011 5.8716e-06 3.19353e-05 4.33468e-05 0.171365 9.86965e-05 0.00787998 1.44061e-09 0.000480002 0.0307633 0.068693 0.62977 0.000214285 
0.0181694 1.64792e-05 1.03048e-08 0.128945 0.00420823 4.67355e-06 0.000525939 0.065041 5.05635e-06 0.00282265 3.35252e-06 2.39804e-06 0.0147131 2.56193e-06 0.0115982 1.37618e-08 0.00787555 5.1509e-07 1.03007e-05 0.0851086 6.31404e-09 0.0577341 0.0539603 0.549249 3.54732e-06 
0.136051 8.18723e-09 9.94009e-09 0.00703914 0.0282094 0.00152151 3.50952e-05 0.0203289 4.97182e-05 0.0800012 4.61523e-06 0.0239688 9.96896e-05 0.00163071 0.00489297 8.90265e-06 0.0396875 0.000145434 0.0161873 0.00153613 0.00145426 0.00163601 0.0455554 0.589788 0.000168594 
0.00555186 0.000577801 0.000271163 0.00435772 0.0250974 0.053284 5.922e-05 0.0337095 0.00843987 0.0118243 0.000384786 5.49855e-05 0.00057977 3.39889e-05 0.0022205 2.12832e-05 0.00459918 0.00154722 7.92632e-05 0.0510754 3.43999e-06 0.0138302 0.0274651 0.754798 0.00013417 
0.0420995 0.000450879 0.0227761 0.0512388 0.0527684 0.00210475 0.000901172 0.00448614 0.000766353 0.00333553 0.00612481 0.00301844 0.0231282 9.39233e-05 0.0199383 3.67685e-05 0.242436 0.00040138 0.000783454 0.016367 0.00671107 0.00249238 0.0168217 0.480476 0.00024313 
0.0511542 5.94104e-05 9.30739e-10 0.000107189 0.112527 0.143799 0.00538264 0.148495 0.00315514 0.0186173 9.65879e-06 7.43016e-06 0.000115754 1.73418e-05 0.00728181 1.67594e-05 0.096935 0.0639085 0.0221339 0.00608556 1.06328e-05 0.0039026 0.0731429 0.242097 0.0010383 
0.000558853 4.83787e-07 5.87364e-07 0.000555192 0.00148756 5.28562e-08 0.000831971 0.00300669 0.00160879 0.000997102 0.000428656 0.000285592 1.22264e-07 4.85392e-07 3.58184e-07 7.84411e-07 0.000358645 5.87605e-08 0.000579108 1.16584e-07 3.59894e-07 0.000421598 0.000520262 0.988356 3.36582e-07 
0.00108877 8.56732e-06 4.20222e-08 9.92079e-05 6.11416e-05 0.014624 1.06152e-06 2.47925e-05 5.09034e-07 9.71879e-06 6.15868e-05 0.000112211 8.55449e-05 2.00702e-05 0.000459872 1.56861e-06 0.0129076 4.14089e-07 3.98871e-06 5.59343e-05 2.78111e-06 0.0380112 0.0722021 0.860157 2.40803e-08 
0.292757 0.00332966 5.92199e-09 0.0483689 0.0378902 0.00178188 7.41317e-05 0.0653438 0.000946512 0.0153348 1.72365e-06 2.36121e-05 0.0105117 4.89387e-09 0.0760477 1.68855e-05 0.00901341 7.98303e-06 0.00209657 0.0125986 2.91192e-07 0.0508428 0.0521267 0.320861 2.40172e-05 
