0.00122461 8.14677e-05 1.21458e-10 0.0006571 0.0376057 5.83046e-05 0.00125313 0.000930367 0.000137253 0.0169135 7.00051e-05 0.00218657 0.000219119 1.00372e-10 0.000371978 1.36014e-07 3.3654e-05 0.0125602 0.00191641 0.000364683 0.000337855 0.00027438 0.000329941 0.921118 0.00135548 
1.07089e-05 1.67765e-05 2.16571e-05 7.16939e-09 9.67986e-06 0.000157089 3.68123e-06 0.217053 6.88154e-06 0.000129609 2.70131e-08 2.38623e-06 1.3106e-08 5.20311e-08 0.0332201 7.218e-05 0.0134818 6.29876e-09 1.26808e-05 6.64477e-05 3.85784e-08 0.00700774 0.0364873 0.69224 3.60795e-08 
0.00907264 2.6289e-06 3.19174e-06 0.0820568 0.00015199 6.79265e-05 7.41014e-07 0.000107868 8.09387e-07 0.00536309 4.74385e-05 5.17128e-07 0.000891286 2.63762e-06 0.00726551 4.26249e-06 0.000208837 3.19304e-07 4.99425e-07 0.00022524 1.95566e-06 0.00140254 1.40645e-07 0.87297 0.0201514 
0.0102477 7.21536e-05 8.72207e-09 0.014514 0.0107128 0.00938083 0.100905 0.0201399 0.0106869 0.000446403 5.91333e-05 3.86221e-06 0.000235099 0.0640846 0.0949446 3.27774e-06 0.00123647 0.0186513 0.000259666 0.00046587 1.42436e-06 0.00861954 0.0614147 0.572899 1.56031e-05 
1.14843e-06 6.59257e-10 8.00402e-10 8.03771e-05 7.08249e-06 7.20271e-11 0.000993578 0.00976868 5.33837e-06 2.50381e-06 2.40726e-07 1.29682e-10 1.6661e-10 6.61444e-10 2.00168e-06 1.06892e-09 1.19172e-10 9.62715e-05 1.25242e-10 1.58869e-10 4.90428e-10 6.98402e-07 1.70357e-06 0.98904 4.58661e-10 
0.0397434 9.929e-07 4.0486e-08 0.00617413 0.0318301 0.00403822 0.00186853 0.0270628 0.0061409 0.010076 0.00494028 0.000816832 0.00750641 5.77967e-06 0.00980443 3.3444e-06 0.024642 0.000209714 0.00635618 0.040434 0.000578113 0.0107978 0.118347 0.647376 0.00124655 
0.0032044 1.96568e-05 2.58249e-07 0.0015645 0.0421216 0.00831942 0.00380636 0.0884032 0.00195807 3.55193e-06 0.000467008 1.86094e-06 1.18304e-05 2.13414e-07 0.00800545 1.57707e-05 3.84508e-08 2.36444e-05 0.00158086 0.000474364 1.03027e-06 0.00885224 0.00839971 0.822761 3.55132e-06 
0.0556577 4.89975e-05 5.98486e-05 0.159755 0.000424178 0.00306276 1.57845e-05 0.0382622 0.00880957 0.00128132 1.79225e-05 6.34e-05 0.00824475 1.59107e-07 1.67886e-05 2.91552e-06 0.167859 3.56831e-05 0.0372734 0.0614235 0.0110496 0.0978449 0.0533653 0.295424 8.76726e-07 
0.0645024 0.0839332 3.32556e-08 0.0157264 0.0289174 0.00736405 0.0241556 0.0451021 0.000376432 0.181444 0.00010203 0.117991 0.00220621 3.04116e-05 0.00017905 1.42602e-05 0.00776675 0.00237179 0.0216567 0.00419143 0.000110064 0.0108654 0.161898 0.219044 5.09879e-05 
0.000429231 1.97561e-05 7.54925e-07 0.0415851 0.0133943 0.0664831 6.0937e-05 0.000648984 0.00420909 0.00216188 4.41708e-07 3.50209e-07 0.00195176 9.19391e-07 0.000152575 1.45553e-06 4.8099e-05 0.0357709 0.00108253 7.32672e-05 0.000670974 0.0600183 0.0580813 0.713143 1.05308e-05 
0.298287 2.00297e-08 2.43181e-08 0.0680314 0.032512 0.00154575 3.00097e-05 1.71218e-05 0.00066299 4.00095e-05 0.000159882 6.63254e-06 8.89145e-06 1.47197e-05 0.0852654 3.24762e-08 4.54508e-05 1.25935e-05 0.000433715 0.0255324 1.49003e-08 0.0296477 0.0571155 0.399197 0.00143356 
1.02119e-07 1.47162e-06 1.31613e-09 1.30793e-06 0.0401718 1.18437e-10 3.73332e-06 0.000105985 2.08082e-05 1.29906e-06 5.64673e-10 0.001198 2.73964e-10 1.08764e-09 8.87385e-05 5.62775e-07 7.19488e-07 9.06541e-07 2.05941e-10 2.61235e-10 0.00398808 1.85198e-10 1.78229e-07 0.954261 0.000155044 
0.0129667 4.18447e-05 8.95638e-05 0.0532801 0.0723967 0.0278135 0.0132709 0.00634837 0.00632536 0.108318 0.000809887 0.00217651 0.00381996 1.49782e-06 0.0243961 4.30805e-06 0.00253729 0.00417669 0.000572113 0.00170692 0.00025711 0.00181678 0.0595897 0.593891 0.00339241 
0.0143937 7.08153e-11 8.59766e-11 0.00731693 0.0304326 0.00661089 1.99609e-11 0.26226 0.000786916 2.90407e-06 3.68873e-11 0.000155571 5.33339e-07 3.55322e-07 0.0170542 0.0002852 1.28011e-11 4.30145e-08 0.0344181 0.00825696 2.63927e-08 0.00544726 8.71378e-07 0.612574 2.67036e-06 
0.0296203 1.63829e-05 1.01217e-07 0.0500982 0.0492563 0.0685503 0.00767227 0.0967047 0.00013618 0.0152221 0.0057326 5.23181e-05 0.0099995 1.60756e-07 0.0990657 1.87555e-06 0.0114031 0.0506057 0.000548814 0.00083216 1.8404e-06 0.0105515 0.156588 0.336993 0.000347275 
0.013906 0.0003543 3.64647e-07 0.00431531 0.0384922 0.0496643 0.00100271 0.0725628 0.0404142 0.0762437 0.00459719 0.000947915 0.00213655 0.000270262 0.00218533 0.000296106 0.0417083 0.00115745 0.00890622 0.0074527 9.37091e-05 0.0334044 0.0577848 0.541417 0.000686226 
0.0353005 1.06746e-06 4.16707e-11 4.74499e-12 4.56107e-05 3.15553e-06 1.31584e-07 0.111014 0.0468299 0.0810111 1.78784e-11 0.00115762 0.000474775 0.000479635 0.011056 1.89266e-07 5.93448e-06 5.12801e-08 0.0119564 8.35379e-10 3.44717e-07 0.0620424 0.0963748 0.542247 2.38789e-11 
0.0797296 0.016507 0.000232413 0.210783 0.0241964 0.0222806 0.00390232 0.137831 0.00682964 0.0229055 0.00872284 0.000111083 0.00215948 9.80294e-06 0.0222633 1.1828e-05 0.0024148 0.0100207 0.00242965 0.00344188 6.35011e-07 0.0129203 0.0645353 0.340299 0.00546195 
0.0127962 0.00444766 4.68043e-07 0.00117678 0.03428 0.111036 0.0456009 0.107614 0.0150951 0.012596 0.000976317 0.000568825 0.00450543 3.78802e-05 0.00832177 7.87421e-05 0.00741588 0.00237797 0.0611516 0.00352635 0.000129398 0.078791 0.0814537 0.398297 0.00772583 
0.0445752 3.14896e-05 3.01874e-09 0.00409449 0.0184808 0.0271604 0.00124228 0.0328417 0.000470226 0.0181453 2.17207e-06 0.0184382 0.00329218 0.00311576 0.0686382 1.09048e-05 0.0618302 4.85196e-05 0.0327617 0.00140966 8.99589e-05 0.0392433 0.0861426 0.537926 8.47074e-06 
0.104481 0.000142643 3.25057e-09 0.0349238 0.126423 0.0127951 0.000455903 0.0593099 0.00425093 0.00438447 0.0133338 0.000289274 7.35866e-07 4.61453e-06 0.0724994 4.34106e-09 0.000308276 0.00983931 0.0142056 0.00752799 1.17826e-07 0.0165296 0.0552175 0.457029 0.00604869 
0.0361809 0.00189097 0.00100627 0.0568337 0.136797 0.0506898 0.000178043 0.0188307 0.118036 0.00600038 0.00892597 2.69466e-05 0.0341439 0.000769019 0.0014636 1.19167e-06 0.00698494 0.00136088 0.010793 0.022895 4.87921e-05 0.0167074 0.0813445 0.388068 2.33882e-05 
0.115137 4.30573e-05 0.000278586 0.0107858 0.138459 0.00269727 0.0424213 0.0117623 0.0813915 0.0371926 0.00164822 5.62044e-05 0.000420998 2.31243e-05 0.0480736 0.000137166 0.00664203 0.130592 0.000387 0.00980143 2.38402e-05 0.00624324 0.0914259 0.248023 0.016334 
0.0488131 0.0040492 6.74706e-06 0.0239926 0.0383769 0.0387345 0.000623191 0.0233565 0.00113764 0.0017272 0.0161257 0.000109563 0.0114508 1.57247e-05 0.0197298 1.30132e-05 0.151619 0.011603 0.0159816 0.0451557 1.27062e-05 0.0771837 0.167874 0.300048 0.00225976 
0.0465364 0.000771196 7.22496e-08 0.0701521 0.128091 0.00513644 0.0745442 0.102102 0.0266093 0.00317768 0.0282306 8.07714e-06 0.00445069 0.000451154 0.0135877 0.0141083 0.0216216 0.0710327 0.00518845 0.00587889 4.34367e-07 0.0102788 0.0644629 0.301217 0.00236207 
0.0114407 0.00209446 7.95967e-11 0.000543901 1.64222e-08 7.16281e-12 1.19982e-06 0.000228971 5.95488e-08 0.000176937 3.41501e-11 0.0306996 2.26365e-07 6.5778e-11 1.05781e-07 1.98873e-07 0.0003509 1.58025e-07 0.000408965 2.84007e-08 0.000967767 0.000220703 4.96359e-05 0.952815 4.5612e-11 
0.0105482 2.58728e-05 5.2278e-07 0.00205516 0.233922 0.0101145 0.0586176 0.0312991 0.220603 0.0223141 0.00240717 0.000232333 0.00204907 3.2664e-06 0.0394827 5.21593e-05 0.000203027 0.00817309 0.00175675 0.0457295 1.12125e-06 0.0124886 0.0600947 0.237109 0.000717114 
0.0413741 0.0765075 3.16675e-06 0.0228902 0.144431 0.00433978 0.00287638 0.159253 0.00560709 0.015612 0.0185482 0.000665553 0.00894703 0.000256518 0.00624761 8.28846e-05 0.00284257 0.0100366 0.00761102 0.0260531 0.000392563 0.0169127 0.104436 0.320975 0.00309903 
0.0277822 2.78776e-05 0.000130125 0.0147918 0.0210197 0.00178477 0.000171686 0.0416326 6.72887e-05 0.0163416 0.0317133 1.29305e-05 0.0361892 7.83027e-05 0.00637171 3.13181e-07 0.00454918 0.000101307 0.0022576 0.0135948 4.40478e-06 0.00872526 0.126526 0.642634 0.0034918 
0.0604302 0.000172659 3.1774e-08 0.142699 0.112483 0.0528242 0.0151604 0.0635778 0.00254394 0.010277 0.00461881 4.14424e-05 0.00550053 0.000105801 0.00257202 2.56416e-05 0.031208 0.0128029 0.00737376 0.00218158 1.46995e-05 0.0421058 0.190715 0.240555 1.13875e-05 
0.121782 1.03834e-07 0.108249 0.111337 0.0203619 1.99834e-05 0.0622349 0.0154094 0.0280164 0.0228694 4.00582e-06 0.00636727 0.00338728 1.01977e-06 0.000167682 0.000196901 0.00670774 1.59615e-07 0.163921 0.00434158 1.26877e-07 0.0225223 0.0247442 0.261618 0.0157403 
0.00907364 1.32382e-06 1.60724e-06 0.00500153 0.0866765 0.0296495 2.94408e-05 0.0127324 0.00556463 3.72556e-05 3.0532e-05 2.60407e-07 0.0118606 3.30181e-05 0.000338063 2.14643e-06 0.00518152 3.14165e-05 0.00404451 0.00294062 9.848e-07 5.6884e-05 6.70667e-05 0.82327 0.00337426 
0.0233527 0.00421727 9.21816e-09 0.0155738 0.0266705 0.00996687 0.0130598 0.0324361 0.00273837 0.00175387 0.000602585 9.98569e-06 0.000774765 0.0104981 0.013167 1.23106e-08 0.0236441 0.000100231 0.00456572 0.0345434 5.07756e-05 0.0838459 0.045688 0.65274 1.80829e-07 
4.4301e-10 4.75583e-09 5.77404e-09 2.36759e-06 3.07206e-05 5.19598e-10 1.85008e-05 1.07742e-05 8.05469e-06 5.6017e-06 2.47729e-09 9.35516e-10 1.20191e-09 4.77161e-09 9.86262e-06 7.71109e-09 0.034316 5.7764e-10 9.03489e-10 1.14607e-09 3.53791e-09 0.0922526 2.54434e-10 0.873343 2.65031e-06 
0.154917 1.38947e-05 4.00287e-09 2.62035e-06 0.151846 0.0146715 0.0475769 7.68353e-05 0.00454315 0.0625668 0.00114034 2.79074e-05 0.00260535 6.06672e-06 1.10259e-06 5.72081e-07 0.00127437 0.0562281 0.0219869 0.00923531 6.96061e-06 0.000547769 0.10406 0.366662 2.52703e-06 
0.301131 0.000349283 6.45475e-09 0.0106495 0.0542597 0.00192275 0.00116007 0.00962345 0.000746367 0.012238 0.00899339 0.00287821 0.105124 9.75342e-05 0.00504979 1.84657e-05 0.0247832 0.035087 0.0330415 0.00608776 5.24135e-05 0.00202306 0.0531791 0.329349 0.0021565 
0.129066 9.88574e-05 3.15084e-09 0.00306798 0.054732 0.0238965 0.00174443 0.0449507 0.00434277 0.000332189 0.0211911 0.000115304 1.04746e-05 0.000201532 0.00363584 3.58272e-06 0.0272578 0.00116469 0.000519178 0.078194 2.78808e-05 0.00362034 0.0661438 0.364261 0.171422 
0.00133473 1.97523e-10 1.52055e-05 0.0177469 0.019084 0.0024845 0.0001086 0.0124903 0.000378207 0.00793079 0.000382113 5.69283e-08 0.00188403 1.45677e-05 0.00139103 0.000171382 0.0376963 0.00193709 0.337117 0.00140335 0.000182804 0.0187959 0.0334115 0.503575 0.000464251 
0.00574144 0.000447021 5.67418e-09 0.0640907 0.0163457 3.67864e-06 0.000150322 0.0460172 0.000639174 0.00214412 1.57563e-07 0.000430533 0.000826923 4.68909e-09 0.0157062 9.75308e-06 9.52368e-05 2.05079e-05 0.00805147 3.28116e-05 6.25891e-06 0.001656 0.0289354 0.808488 0.000161446 
0.0386789 7.89199e-05 0.00154192 0.0646781 0.0230646 0.0153523 0.000863276 0.0982313 0.000430313 0.00133266 0.00682919 9.43925e-05 0.000522138 0.000250636 0.00184011 6.58292e-05 0.036801 0.0836234 0.0406518 0.000540117 7.60236e-05 0.0624117 0.047912 0.473642 0.000487694 
3.43188e-06 0.118768 2.46894e-09 0.000236154 0.0220261 0.0029002 0.00288041 0.00965678 6.35032e-05 0.00125584 0.00363934 0.000285768 2.51284e-05 2.26522e-07 0.00023145 2.13723e-05 0.000719142 0.000935974 0.00506053 3.84447e-05 5.4079e-05 0.00822441 0.077137 0.745743 9.42812e-05 
0.00530917 0.0871725 1.82872e-11 0.00634348 0.0789406 0.0364294 0.00207547 0.0418341 0.000761707 0.000649918 2.59709e-07 2.85628e-07 3.00762e-08 4.23297e-08 0.000920581 2.34477e-07 2.7228e-12 2.64249e-06 0.015188 1.16882e-07 3.13753e-07 0.030623 0.230384 0.463364 2.08548e-07 
0.000604633 1.11469e-05 2.18881e-10 0.00197969 0.00041982 0.000255907 0.00912344 0.00145256 3.25021e-05 3.74832e-05 0.000189277 2.52408e-05 5.69258e-05 7.44622e-08 0.00365516 2.74203e-05 6.80641e-08 4.00873e-05 0.000137165 0.000257525 2.96587e-06 0.00107183 0.000831137 0.979718 6.97069e-05 
0.0220801 0.0730586 2.19056e-09 0.00174239 0.229099 0.00615868 0.0150803 0.0273566 0.000160493 0.0194051 3.94198e-08 0.0010077 4.36991e-05 0.000328175 0.00427174 0.00131651 0.00210176 0.00514455 0.00484421 0.00544752 1.73315e-05 0.00253519 0.0319391 0.540914 0.00594736 
0.000253294 1.63374e-06 2.32166e-09 7.29722e-05 0.0423192 0.00954948 0.203807 0.0546862 0.0107289 0.00530608 1.65313e-05 6.97626e-06 4.83272e-10 3.74737e-07 0.00373484 9.4307e-07 3.45674e-10 0.000404907 0.000280905 4.60819e-10 3.95949e-05 0.00415942 0.0125931 0.652037 5.23346e-07 
0.140893 9.56543e-05 4.7086e-06 0.0221746 0.0676099 0.0423083 0.00703179 0.19809 0.00559875 0.0109211 0.002906 0.00017694 0.0293704 4.9515e-06 0.00820713 3.29462e-05 0.0549622 0.00468375 0.00341436 0.0339971 1.41296e-05 0.0229919 0.0806245 0.256642 0.00724336 
0.00141569 7.7222e-07 9.3755e-07 0.179259 0.00100005 0.00229329 2.17668e-07 1.15088e-07 0.00613647 2.27335e-07 0.0999919 1.51903e-07 1.95158e-07 3.32252e-05 0.00327459 1.25207e-06 1.39592e-07 9.37933e-08 1.46702e-07 0.000225322 5.74462e-07 0.00561828 1.33698e-05 0.696617 0.00411707 
0.021705 0.000168454 2.95422e-05 0.0378588 0.0990151 0.0149911 0.00356029 0.0311031 0.0121512 0.000752376 0.018853 0.0002249 0.0134447 3.06922e-05 0.0117167 6.42289e-06 0.0109552 0.000881751 0.00295387 0.00417178 0.000299918 0.0108647 0.0505788 0.653616 6.62687e-05 
1.10834e-07 1.18984e-06 1.44458e-06 0.000121787 0.00177275 0.00805839 3.62062e-05 0.0333747 3.66328e-07 3.50278e-07 0.0442495 2.34052e-07 3.007e-07 0.000117772 0.0334862 3.37795e-05 0.00417115 1.44517e-07 2.26039e-07 2.86729e-07 0.000147367 0.0936708 0.00303708 0.775818 0.00189938 
0.0114407 0.00209446 7.95967e-11 0.000543901 1.64222e-08 7.16281e-12 1.19982e-06 0.000228971 5.95488e-08 0.000176937 3.41501e-11 0.0306996 2.26365e-07 6.5778e-11 1.05781e-07 1.98873e-07 0.0003509 1.58025e-07 0.000408965 2.84007e-08 0.000967767 0.000220703 4.96359e-05 0.952815 4.5612e-11 
0.00995079 0.0377553 2.61418e-07 0.0212591 0.0911707 0.000732442 0.0119931 0.0797432 0.00565232 0.00141886 2.2725e-06 0.000225415 0.00104386 2.22757e-05 0.000408486 5.39274e-05 0.00916507 0.00624327 0.0172624 0.0272503 9.99392e-06 0.00313906 0.0607772 0.601374 0.0133468 
0.0122962 0.000318586 2.87546e-05 0.0119689 0.164262 0.00827787 0.0187859 0.133337 0.0344791 0.00187174 0.033881 0.000388898 8.94513e-05 0.000192569 0.00156287 1.34704e-05 0.00466429 0.0108915 0.00353466 0.0734349 9.152e-08 0.0141449 0.0859566 0.369936 0.0156828 
0.18213 4.91319e-05 4.91132e-05 4.92073e-05 4.92139e-05 4.92099e-05 4.91947e-05 4.92063e-05 4.91926e-05 4.91936e-05 4.91737e-05 4.92022e-05 0.0886044 4.91317e-05 0.0688656 4.90776e-05 4.92036e-05 4.92087e-05 0.0738531 0.0935258 4.91544e-05 4.92044e-05 4.92145e-05 0.492086 4.91587e-05 
0.000628529 0.0170134 3.0737e-09 0.00443506 0.0514513 0.00552516 0.00656605 0.0268359 0.0566537 0.000594887 0.0069499 9.33376e-05 0.000395735 2.54008e-09 0.00626078 1.70678e-05 0.00702042 0.00114613 0.00139373 0.00472735 3.24813e-07 0.0341075 0.0501779 0.69548 0.0225257 
0.0309545 0.000262829 6.32276e-07 0.0129275 0.00861243 0.00249445 0.00127882 0.0210351 0.000316373 0.00428685 0.0136502 0.000181787 0.018508 2.34329e-05 0.0183792 2.23087e-05 0.00577213 5.71701e-05 0.00384179 0.0294714 0.000750106 0.00686391 0.035628 0.783171 0.00151022 
7.06674e-08 0.399288 6.96181e-12 1.40394e-07 0.0747322 0.00242352 0.00138737 0.00917744 0.000934008 0.0005922 0.000978903 0.000522044 1.14498e-08 5.75317e-12 0.00044501 8.93528e-05 1.03655e-12 0.00684165 2.31268e-07 4.44961e-08 1.19443e-07 6.47628e-07 0.0272122 0.475374 7.93927e-08 
0.00501801 0.1331 2.28348e-11 0.00202278 0.0524798 0.00518192 0.000462547 0.0359187 0.000622226 0.00826988 0.000326409 0.000466877 0.000103389 1.88705e-11 0.00215337 0.000189868 3.39989e-12 0.00386582 0.0135658 0.000645278 7.59763e-08 0.00684125 0.0892202 0.639545 5.05036e-08 
0.0547662 0.00343015 1.78302e-05 0.0302348 0.0910327 0.0277866 0.00297999 0.104609 0.0375979 0.0447038 0.0154542 0.00252361 0.0303695 0.000995132 0.0372398 6.28586e-05 0.0821481 0.00990723 0.0469594 0.0258013 6.71662e-05 0.0229023 0.0756216 0.250797 0.0019916 
0.0547904 0.000597353 9.12076e-06 0.168503 0.00479769 0.0146519 0.0138059 0.115958 0.000818348 7.58512e-06 0.115875 1.025e-06 0.00609964 0.00696429 0.0108675 5.31192e-05 0.0288287 1.81942e-08 0.000889269 0.0101513 0.000137936 0.00494163 0.00219434 0.436996 0.00206092 
0.0849489 0.00150085 4.26788e-08 0.0564978 0.0139311 0.0794641 0.000641894 0.00866432 0.00213332 0.0260166 0.0872556 3.26699e-05 0.0937968 5.83843e-05 7.27679e-05 4.58159e-05 0.115286 0.00178176 0.0298967 0.0815133 1.04808e-05 0.0709663 0.0538773 0.190367 0.00124014 
0.0842272 0.000401424 8.73414e-09 0.018673 0.0841632 0.0209098 0.123515 0.086335 0.00521862 0.0141506 0.000539525 6.10198e-05 0.00193702 6.47578e-05 0.000569047 0.00017473 0.00877038 0.00444524 0.000544152 0.00739585 1.36396e-06 0.00631844 0.118454 0.413067 6.37407e-05 
0.00127848 0.000334076 3.0981e-08 6.92574e-05 0.0172811 0.0228387 0.00347193 0.0063919 0.00049825 0.00317824 2.28961e-05 0.000221719 4.02963e-05 4.8011e-05 0.000379453 0.000139236 0.160359 0.00302843 0.000665663 0.000138311 0.0002833 0.00414751 0.13561 0.639363 0.000210611 
5.13115e-05 0.00860275 5.05496e-09 0.00010194 0.000411702 0.000374328 0.000139893 0.000125966 0.000116908 5.44229e-05 7.17886e-05 7.89533e-05 8.31367e-06 4.17737e-09 4.03851e-05 6.48141e-05 7.52635e-10 0.000730437 0.000167924 3.23086e-05 8.67277e-05 0.000470241 0.000787169 0.987424 5.76469e-05 
0.00644384 0.00230059 1.67637e-07 0.000106196 0.0902021 0.00989904 0.118328 0.139623 2.79437e-06 0.00712457 0.0106741 0.000129927 0.000376512 5.64815e-06 0.00392484 1.41217e-05 0.0101803 0.00101429 0.00156283 0.00376025 1.2097e-06 0.00315153 0.0277659 0.561862 0.00154585 
0.0259757 3.51597e-05 2.28186e-05 0.00706433 0.0565419 0.00282934 0.000264814 0.0746166 0.0094774 0.011211 0.00648697 4.48514e-05 0.0146968 0.000824481 0.00370059 7.09194e-05 0.174723 0.00295903 0.0182817 0.00863416 0.0214311 0.0114359 0.0628792 0.485551 0.000241819 
0.00852001 3.40035e-05 6.62391e-08 0.00519577 0.116615 0.0107605 7.40036e-05 0.00616565 1.72295e-05 0.044163 0.000985865 0.000119829 0.00087186 5.47393e-08 4.42277e-05 2.43613e-06 0.219431 4.73856e-06 0.000835596 0.00050747 0.0326988 0.000554906 0.129225 0.422755 0.000417276 
0.000807474 0.00171943 1.61725e-09 0.000948454 0.116557 0.0179577 0.0158786 0.0866108 0.0693975 0.00155066 3.76195e-05 1.71493e-07 1.83649e-08 1.17801e-07 0.00107631 1.76899e-05 4.82732e-05 0.0523922 0.000592258 2.334e-06 1.89077e-07 0.0499911 0.116641 0.467742 3.12788e-05 
0.0212522 0.000267714 3.1774e-08 0.000572273 0.00426613 0.00284603 0.000919249 0.0366066 0.00216723 0.00814194 1.25898e-05 0.000236776 4.5942e-06 8.09746e-05 0.00235143 9.47621e-05 0.0141484 0.0192711 0.00108813 2.89e-06 8.33463e-05 0.00634437 0.0286651 0.850532 4.43269e-05 
0.000604633 1.11469e-05 2.18881e-10 0.00197969 0.00041982 0.000255907 0.00912344 0.00145256 3.25021e-05 3.74832e-05 0.000189277 2.52408e-05 5.69258e-05 7.44622e-08 0.00365516 2.74203e-05 6.80641e-08 4.00873e-05 0.000137165 0.000257525 2.96587e-06 0.00107183 0.000831137 0.979718 6.97069e-05 
0.0145145 4.46698e-05 5.7467e-08 0.000273257 0.0149324 0.00282294 0.000318892 0.00253208 0.0158997 0.000789739 3.49697e-07 0.000475716 0.000116445 4.74901e-08 0.0175053 6.73104e-06 1.04376e-05 4.54724e-05 0.00471012 7.2953e-07 0.000638075 9.98519e-07 0.0019327 0.921802 0.000626554 
0.0307978 7.44551e-05 7.64439e-06 0.00491469 0.149623 0.012729 0.111631 0.0131315 0.014164 0.192344 0.0135221 6.34879e-05 0.0330122 0.000132157 0.00168833 8.02364e-07 0.00724754 0.0447116 0.00670989 0.0024778 0.000168079 0.00159165 0.0507364 0.306312 0.00220939 
0.378126 3.63112e-09 4.40853e-09 1.13456e-05 2.61791e-05 3.96718e-10 1.53537e-05 8.60505e-06 1.11795e-09 2.85426e-05 7.22546e-05 6.42918e-06 9.1767e-10 3.64316e-09 2.01657e-05 5.89336e-06 1.0109e-05 4.89591e-06 6.9051e-07 3.22021e-05 1.26984e-05 6.20339e-10 0.0574477 0.564123 4.80014e-05 
0.0118498 0.0059587 2.54029e-05 0.000982924 0.0153945 0.022692 6.91111e-05 0.0621556 1.12073e-05 0.0288243 0.0016628 0.00100871 0.000101367 4.91062e-06 0.00079018 2.62035e-05 0.297142 0.00607638 0.0181201 0.00668112 0.017043 0.00861986 0.0836067 0.41114 1.32529e-05 
0.00581964 4.1397e-05 4.18458e-07 0.0643629 0.0297059 0.0391169 0.000166825 0.136376 0.00286814 0.00464591 0.0011766 0.000100907 0.00205122 8.30708e-05 0.0936464 5.5884e-07 0.0185676 2.61666e-05 0.002395 0.00130673 7.75936e-05 0.000256669 0.0162318 0.580976 2.39792e-07 
0.0395952 1.9016e-08 0.000508502 0.00169202 0.0473109 0.000333794 0.000336534 0.00866156 0.0207082 0.0193585 0.00936434 0.000446139 0.00078512 1.40575e-05 0.000896363 4.44138e-05 3.25438e-05 0.000395388 4.05808e-07 0.000542748 5.8625e-06 0.0063364 0.0416971 0.799835 0.00109882 
0.0363066 5.12324e-05 1.45158e-08 0.00207348 0.0447089 0.00453703 0.00247362 0.0168137 0.00523205 0.0202122 0.0033571 0.00180988 0.000558239 4.75776e-07 0.00111264 1.57899e-06 0.00339942 0.00716441 0.0168461 0.00185005 3.63769e-06 0.00116102 0.0473364 0.778153 0.00483749 
0.0286412 0.000100792 1.08293e-07 0.000291214 0.0734712 0.0325489 0.00102685 0.0890747 0.0156124 0.00627414 0.00205754 2.77299e-05 8.69567e-05 6.74531e-06 0.00112203 0.000127175 0.000975412 0.000954244 0.00141444 1.98169e-05 6.63538e-08 0.00206239 0.0223034 0.721414 0.00038694 
0.0300513 8.97163e-05 0.00941804 0.00729952 0.132397 0.0105241 0.00411533 0.0252807 0.00190207 0.00162289 0.000398385 1.41197e-05 0.000218202 0.000152341 0.0548873 0.000124388 0.0139927 0.0304377 0.00776083 0.00135547 6.62061e-05 0.0129884 0.0777968 0.577079 2.84932e-05 
0.0255467 0.0638076 7.76398e-07 0.0380466 0.0916089 0.0108438 0.00341238 0.0430126 0.00797746 0.00315533 0.00706743 8.63111e-05 0.0181011 0.000104235 0.00651875 0.000442585 0.0089279 0.000660014 0.0117476 0.00360642 0.00297194 0.00363889 0.132277 0.516134 0.000302831 
0.0561622 0.0133873 6.37078e-11 0.0750076 0.0217227 0.00906069 0.000843379 0.00491859 0.00142013 0.00199461 0.00241249 0.000100267 9.06648e-05 5.27319e-07 0.0391131 3.53892e-05 0.00266997 0.0029664 0.0141658 0.00792139 0.00227609 0.00389183 0.245021 0.494079 0.000738428 
0.0110543 6.20411e-06 6.10831e-05 0.00408245 0.0526517 0.0205808 0.000114018 0.169822 0.00127805 0.0288058 0.00199738 0.000225923 3.39015e-08 3.1472e-06 0.0017381 9.78521e-06 0.0477802 1.62931e-08 0.00286476 0.00211249 7.11654e-05 0.0773046 0.00882325 0.568613 9.33276e-08 
0.0602863 9.37654e-05 0.02286 0.041156 0.0601632 0.0179053 0.00457054 0.192507 0.00242507 0.0266789 0.000382317 9.78565e-05 0.013218 3.872e-07 0.00156904 7.13554e-06 0.0273561 0.00656352 0.0125216 0.133136 0.000590324 0.0509791 0.0739089 0.251015 9.38675e-06 
0.0229996 0.000112691 1.38507e-06 0.00613576 0.268603 0.00892707 0.0144298 0.0489976 0.00728318 0.00648562 0.00565404 0.000116452 0.0106188 3.01302e-05 0.000279479 0.00665265 0.160924 0.0184541 0.00952283 0.0429445 0.0362223 0.0351737 0.0092319 0.278748 0.00145188 
0.00133473 1.97523e-10 1.52055e-05 0.0177469 0.019084 0.0024845 0.0001086 0.0124903 0.000378207 0.00793079 0.000382113 5.69283e-08 0.00188403 1.45677e-05 0.00139103 0.000171382 0.0376963 0.00193709 0.337117 0.00140335 0.000182804 0.0187959 0.0334115 0.503575 0.000464251 
0.0247455 0.00328528 2.05518e-08 0.00331335 0.021124 0.0159576 0.00308115 0.0416374 0.00228327 0.0248889 0.000300777 0.00456011 8.73788e-05 0.000420425 0.0051359 2.20672e-05 0.0434442 0.00932689 0.00353768 0.00493443 0.0132202 0.0245412 0.0562212 0.693692 0.000239222 
0.0675767 3.78912e-05 6.39506e-09 0.0215502 0.115295 0.0730531 0.0061042 0.0848908 0.0576657 0.0418123 0.00025095 1.25113e-05 0.00564974 1.65875e-05 0.0215728 8.54045e-09 0.0539707 1.41758e-05 0.00644475 0.0022818 0.000104811 0.0175255 0.191487 0.232637 4.5739e-05 
0.0344814 0.000141863 2.43422e-05 0.00190452 0.17122 0.0113227 0.00576761 0.0170445 0.0832238 0.0833303 0.000220385 0.000168303 0.00121634 1.31686e-05 0.0109514 1.07578e-05 0.163295 0.00267745 0.00359428 0.000478287 1.01628e-05 0.0196696 0.170347 0.203156 0.0157313 
0.00148625 4.35756e-08 5.2905e-08 0.0996308 0.0374783 0.00496233 0.00791889 0.00253205 0.02365 6.7251e-05 0.00053921 2.52984e-07 0.00219264 1.48647e-05 0.00918311 1.8614e-06 7.87705e-09 0.000637066 0.00106485 0.0117438 3.24163e-08 0.0127556 0.0247999 0.755267 0.0040736 
0.0493523 3.59305e-07 3.28935e-10 0.00372341 0.0407177 0.0396201 0.00646887 0.0522205 0.0286488 0.00552444 0.0153925 0.000226511 9.04225e-05 9.9033e-05 0.0342989 2.86468e-05 0.00941376 0.000211662 0.00723967 5.77908e-05 0.00012141 0.00185394 0.00517464 0.699489 2.58255e-05 
0.000118063 2.06261e-06 2.50421e-06 3.93793e-05 0.000877758 4.63932e-05 0.00132073 0.0160064 0.000106258 0.0062256 0.000356631 4.05734e-07 5.21271e-07 1.02227e-05 7.85945e-06 3.34431e-06 0.083478 0.00277345 0.00122422 4.97052e-07 1.5344e-06 0.019512 1.6015e-05 0.865879 0.00199154 
0.112587 0.00152405 2.56239e-07 0.0286389 0.0287866 0.113399 3.47368e-06 0.0431319 0.000163355 0.0120674 0.0205457 1.2139e-05 0.014898 5.04018e-05 7.57501e-05 5.00794e-05 0.199381 2.0526e-06 0.00396985 0.000551072 1.57005e-07 0.00565939 0.0307036 0.380068 0.00373116 
0.00155423 1.51882e-05 2.14013e-07 0.0489358 0.012182 0.00229316 0.000500552 0.0585765 8.16743e-05 3.96395e-05 9.18199e-08 3.46746e-08 4.45485e-08 1.76858e-07 1.30509e-07 1.19268e-05 1.92635e-05 2.141e-08 3.43388e-05 0.000183751 1.31131e-07 0.00657505 0.0115334 0.857463 1.22638e-07 
0.0838546 0.00313998 1.14398e-05 0.0937474 0.0540956 0.0984796 0.0270198 0.0667766 0.0144514 0.00675978 0.00687253 0.000889783 0.0110433 0.00567829 0.107509 0.000133494 0.0145466 0.00167402 0.0111367 0.0241189 0.00103147 0.0127303 0.110104 0.243974 0.000221664 
0.0629569 2.47626e-06 6.17747e-08 0.00206402 0.0297523 0.0581038 0.00687551 0.0135102 0.0291096 0.000250512 0.0012959 6.37469e-05 0.0015496 1.91475e-05 0.00878496 1.14658e-05 0.014504 0.0380077 0.0111538 0.00102051 3.78142e-07 0.0012488 0.069862 0.64947 0.000382572 
0.170713 2.04406e-05 9.41056e-10 0.0170509 0.00959443 0.0563298 0.000496692 0.0941882 0.000467963 0.0222986 0.00375491 0.018812 0.0962168 0.000359273 0.00193129 5.73564e-05 0.024712 0.0276217 0.00502161 0.018628 9.71103e-05 0.0251519 0.0198035 0.382985 0.00368762 
0.0343907 3.5539e-06 1.16297e-05 0.0102343 0.00552742 0.0304218 0.000737895 0.0153335 0.00518319 0.0138685 2.38621e-05 2.64531e-05 0.000908448 1.65025e-05 0.00973988 3.14035e-07 0.022089 4.49585e-05 0.00105886 0.0012455 1.37381e-06 0.0254154 0.0259302 0.797605 0.000181752 
0.00274437 1.89274e-07 9.77257e-10 0.00537692 0.00103754 0.000685273 0.00115706 0.00727962 2.47821e-10 0.00515915 4.19281e-10 0.00067961 2.8158e-07 6.15363e-07 8.94846e-06 1.3051e-09 0.000716282 9.77657e-11 0.00470961 2.31082e-06 5.98792e-10 1.37513e-10 0.0196155 0.950826 7.05344e-07 
0.0664183 0.000555653 4.71216e-09 0.000662423 0.0162141 0.00761753 0.00294974 0.0168093 0.000221462 0.0600499 0.0113598 0.00065233 0.000451471 0.00011903 0.000178028 4.72009e-06 0.177643 0.00442393 0.0211504 0.0254285 4.25712e-07 0.0130107 0.130779 0.44201 0.00129064 
0.0664004 0.00702347 1.54731e-05 0.0427385 0.039922 0.0173377 0.0649661 0.0124218 0.0121265 0.00418387 0.0022482 5.14468e-06 1.48561e-05 2.1744e-06 0.00372678 7.47162e-06 0.00643616 0.000117015 0.0102471 0.00109942 1.99898e-07 0.0230314 0.00390439 0.671459 0.0105648 
0.0391988 2.78731e-05 1.12984e-07 1.28654e-08 1.38396e-05 8.21336e-05 3.45047e-06 0.000707103 1.65123e-06 3.16358e-05 4.84747e-08 0.000159891 0.00117425 8.84446e-06 0.0653129 5.07513e-06 0.00558386 6.65933e-06 1.29824e-05 4.39516e-08 6.17783e-05 0.0326208 8.83177e-05 0.854893 4.89999e-06 
0.0627345 6.65938e-06 2.96857e-06 0.00671938 0.0656921 0.0419858 0.0066416 0.0142025 0.00354282 0.115973 2.26794e-05 0.000235239 0.000232745 3.53123e-05 0.00337681 1.9516e-05 0.00479024 0.00504216 0.0185072 0.00274741 0.0482713 0.00409263 0.174405 0.349704 0.0710158 
0.114379 0.000778745 0.000524146 0.0256424 0.0975484 0.0369224 0.000890513 0.0395144 0.00787985 0.0330988 0.0409984 0.00880136 0.00416856 6.40695e-06 0.000711943 1.85075e-05 0.0621743 0.0378024 0.0164422 0.0427066 0.0120652 0.0244812 0.0555154 0.336762 0.000167375 
0.000161482 1.23971e-06 1.50513e-06 1.71387e-07 0.0305685 1.35445e-07 0.000174148 0.000267111 3.81683e-07 3.6496e-07 6.45759e-07 2.43862e-07 3.13304e-07 1.24382e-06 0.000479161 2.01006e-06 2.24099e-07 1.50574e-07 0.000139683 2.98748e-07 4.46063e-05 0.00018079 0.000113824 0.967861 8.62496e-07 
0.0427869 0.000359285 1.67499e-06 0.0247669 0.0189206 0.0640211 0.00860194 0.0403042 0.0584892 0.0126718 0.00221296 0.000630302 0.0122215 0.000145824 0.0113823 0.000127695 0.0147972 0.0338102 0.0394828 0.00761069 5.25925e-05 0.017598 0.11881 0.441661 0.0285334 
0.00460729 9.38102e-07 1.86027e-07 0.0598324 0.110895 0.0790193 0.0035936 0.0966538 0.0538787 0.0112751 0.0029589 2.37945e-06 0.000255608 0.000192692 0.026363 3.02975e-05 0.000173254 4.18553e-05 0.00196115 0.0168765 1.16295e-07 0.220203 0.0281549 0.283021 8.57916e-06 
0.0786777 0.000769708 1.85442e-06 0.0485607 0.0506904 0.00728607 0.000306526 0.028208 0.002631 0.0796838 0.000183883 0.00183778 0.00553458 5.06459e-06 0.00376539 1.21845e-05 0.00494822 0.000626304 0.0030773 0.00278997 0.000297271 0.00173031 0.0811058 0.597186 8.44509e-05 
0.0322612 0.000453584 0.0123891 0.0061936 0.13176 0.00563431 0.0138856 0.0422438 0.0101444 0.0226159 9.8279e-06 0.000562555 6.66294e-05 0.000463784 0.00834038 0.000164904 0.00771488 0.000827257 0.0265633 0.0155156 0.00653591 0.024959 0.0306709 0.598978 0.0010458 
0.000604633 1.11469e-05 2.18881e-10 0.00197969 0.00041982 0.000255907 0.00912344 0.00145256 3.25021e-05 3.74832e-05 0.000189277 2.52408e-05 5.69258e-05 7.44622e-08 0.00365516 2.74203e-05 6.80641e-08 4.00873e-05 0.000137165 0.000257525 2.96587e-06 0.00107183 0.000831137 0.979718 6.97069e-05 
1.01583e-08 0.000414509 1.324e-07 1.50763e-08 0.000131156 0.000150135 6.45824e-05 0.000575358 0.000188054 0.000661377 5.68049e-08 4.29248e-05 2.75877e-05 1.09414e-07 0.000621779 1.76817e-07 0.000141954 1.32454e-08 2.07172e-08 2.65425e-06 0.000275906 1.86305e-08 1.17268e-06 0.9967 7.58704e-08 
0.0125804 0.0216736 0.000131713 0.00437332 0.0925463 0.00231514 0.00180269 0.18958 0.00177085 0.0333675 0.00284565 0.000338177 5.4909e-05 7.44136e-05 0.00279473 2.56916e-06 0.00122802 0.0010906 0.0189661 0.0363182 0.0184711 0.00935461 0.130639 0.417577 0.000102255 
0.000571186 8.57508e-05 1.93332e-07 0.000180515 0.0195563 0.00968096 0.000429316 0.132853 0.000549284 0.000262888 0.000596826 3.88021e-06 0.00197015 1.33221e-05 0.000800717 7.47193e-06 0.157392 0.000836127 0.000471691 6.27455e-05 2.73279e-06 0.115871 0.016126 0.537847 0.00382841 
0.0418385 0.00032602 3.58157e-06 0.0187133 0.0717565 0.00189701 0.175402 0.0817522 0.0156946 0.00323908 0.00111405 0.000131088 0.000591923 6.59855e-06 0.069504 0.00116579 0.020051 0.000436627 0.00469775 0.00157485 0.000290836 0.0376437 0.0850819 0.366839 0.000248449 
0.0115377 0.000138021 2.39302e-06 0.00818518 0.199895 0.0246066 0.0419107 0.231142 0.0264042 0.0145155 0.000149312 0.000186484 0.00336666 1.94482e-05 0.00858713 1.1788e-06 0.0307586 0.00169539 0.00108644 0.000246605 6.70751e-06 0.0283124 0.036453 0.329676 0.00111749 
0.0385594 1.03785e-05 7.45748e-05 0.0314528 0.0306707 0.011189 0.0026436 0.0136005 0.0145229 0.0564989 0.00158812 8.22445e-05 0.00152063 1.11187e-05 0.00119875 8.32473e-06 0.00436597 0.00381642 0.00122751 0.0109061 3.78844e-06 0.0132066 0.0660583 0.687438 0.00934557 
0.00479246 1.26549e-05 0.000340151 0.34686 0.000628795 1.20903e-10 0.0062402 0.00235248 7.0435e-07 0.000174748 0.0176271 0.000393484 0.000114651 1.11028e-09 0.13296 1.86147e-07 0.000127957 1.2062e-07 1.12297e-06 1.51587e-05 3.69013e-06 0.000379516 0.0028831 0.48409 8.70911e-07 
0.0200669 0.00190887 3.72321e-08 0.000506765 0.118457 5.65407e-05 0.00357482 0.0933217 0.000544312 0.0362497 2.63646e-05 9.50981e-05 0.00103913 1.26484e-06 3.43715e-05 0.00195689 0.0164129 0.000456944 0.0811127 8.57538e-06 3.47906e-05 0.00375813 0.0105632 0.609811 1.94674e-06 
0.0353632 0.000100747 3.96859e-06 0.012429 0.0211373 0.0414116 0.00117049 0.0250847 0.0022898 0.00735487 0.000718807 1.66149e-05 0.00318519 0.000841061 0.00313767 6.32493e-05 0.172529 0.000196249 0.00534671 0.0104626 0.000191481 0.15818 0.093927 0.40422 0.000638995 
0.0164892 5.53995e-06 1.12303e-07 0.000446417 0.0260015 0.000334196 3.69374e-05 0.00328668 0.000669331 0.00112326 0.000954535 3.38798e-05 2.33768e-08 9.28063e-08 0.013631 1.0576e-05 1.41798e-05 1.3084e-06 0.0003663 8.55471e-06 3.43283e-06 0.0126461 4.00964e-06 0.92392 1.27827e-05 
0.100016 0.0134618 7.35817e-10 0.195304 0.0349451 0.00821354 1.09863e-07 0.0571183 0.0021329 0.0761152 2.05274e-06 0.000283606 0.00105306 0.000295616 0.0104765 5.29984e-07 1.48635e-06 7.36118e-11 3.35775e-06 0.00197207 4.82984e-06 0.00936137 0.132834 0.356298 0.00010598 
0.00644767 0.00019846 3.52208e-05 0.0104839 0.177235 0.0358845 0.000577403 0.033771 0.155768 0.00488212 4.66822e-05 6.1884e-06 0.0038711 1.31777e-06 7.94245e-06 1.45715e-07 0.00706789 0.0283403 0.00331733 0.000352239 6.6855e-08 0.00375995 0.019517 0.508427 1.17032e-06 
0.00868078 0.0230849 2.92453e-06 0.00250037 0.164496 0.00370679 0.0291253 0.157962 0.00255824 0.001249 0.000746111 7.04291e-05 2.99409e-05 1.4431e-05 3.86255e-05 1.64617e-05 0.000854235 0.0072209 0.002208 4.88678e-05 4.87669e-06 0.00835454 0.119301 0.465649 0.00207723 
0.00122461 8.14677e-05 1.21458e-10 0.0006571 0.0376057 5.83046e-05 0.00125313 0.000930367 0.000137253 0.0169135 7.00051e-05 0.00218657 0.000219119 1.00372e-10 0.000371978 1.36014e-07 3.3654e-05 0.0125602 0.00191641 0.000364683 0.000337855 0.00027438 0.000329941 0.921118 0.00135548 
0.00935643 0.00157414 5.68952e-09 0.00077193 0.0289286 0.00038955 0.000164681 0.0278649 3.40206e-05 0.00981958 9.08471e-06 9.6717e-05 0.000824121 2.25466e-06 0.00212961 3.12592e-05 0.00148732 7.6609e-05 0.00165143 0.000159978 1.17915e-06 0.0010358 0.000283569 0.907037 0.00627008 
0.0625915 1.816e-07 4.81e-09 0.238777 0.0922966 0.00100288 0.00350638 0.00186031 0.00327816 0.0154216 0.0734961 4.48923e-05 0.0439743 0.000352661 3.82596e-06 3.88086e-05 0.0870824 0.000121 0.0102436 0.00315722 0.00705985 0.00911631 0.0225126 0.322759 0.00130268 
0.00526263 0.00483433 3.33067e-09 0.000918783 0.107267 1.61056e-05 0.000865389 0.0654589 0.00403463 0.0130725 0.00030998 0.00155851 3.5834e-07 2.75243e-09 0.000118968 2.79276e-06 0.00805128 0.00279043 0.00634834 0.00202007 0.240662 0.0451873 0.159522 0.316207 0.0154903 
0.0588828 0.00122775 3.19822e-05 0.0304043 0.191938 0.0246466 0.0108615 0.119708 0.000665954 0.0299549 0.00191427 0.000489411 0.00153619 0.000180967 0.00156468 0.00673838 0.00179358 0.000158316 0.0479043 0.00316407 1.30458e-06 0.0348783 0.0680283 0.362636 0.000690036 
0.0379386 0.0233523 1.39316e-08 0.0118511 0.023867 0.000510248 0.000261751 0.0208248 0.00810937 0.0159047 5.97718e-09 3.47974e-06 0.00654581 1.15129e-08 0.0522149 9.72395e-07 5.96155e-06 5.91795e-05 3.95613e-05 0.000297171 2.83984e-05 0.00196389 0.0410596 0.755101 5.99436e-05 
0.010339 2.81389e-07 3.41634e-07 0.00091743 0.0813883 0.000391667 0.00151171 0.056348 0.00306825 8.28385e-08 0.00147444 1.81849e-05 0.00250004 0.000182789 0.052548 0.000650584 0.0207729 0.00982553 4.49927e-05 0.00114493 1.82519e-05 0.00204867 0.00187927 0.666218 0.086708 
0.000187044 1.29454e-05 9.16639e-07 0.0291231 0.102409 0.000832437 0.0154566 0.0207374 0.00451143 0.000554532 1.76567e-05 0.000138419 4.20951e-05 1.32637e-05 3.12493e-05 2.21704e-05 0.000166136 0.044917 6.8787e-05 1.2959e-05 5.61649e-07 0.0621648 0.097641 0.620924 1.40527e-05 
0.131387 3.10713e-06 3.25798e-08 0.0532411 0.00326447 8.59612e-06 4.81698e-07 0.048119 0.00234408 0.00226312 1.3978e-08 0.000162807 0.00790131 2.69236e-08 0.0465919 3.63786e-05 0.0122598 7.68565e-07 0.000439146 0.000787297 2.01452e-06 0.107628 0.00525154 0.5774 0.000908113 
0.0817292 6.13996e-05 0.0388591 0.00286076 0.0719 0.00543837 0.00600774 0.277665 0.0976579 0.00879184 0.0275692 9.35572e-05 0.000215052 0.00021771 0.0173813 2.74795e-05 0.0161258 7.97254e-06 0.00508615 0.000703521 3.82813e-06 0.0119333 0.035377 0.292734 0.00155316 
0.00661231 7.12986e-05 6.66159e-06 0.000669512 0.0240944 0.0242122 0.000543922 0.0163297 0.00156042 0.00951193 0.00129722 0.00037002 6.68431e-05 0.000157385 0.118246 8.8194e-06 0.0018205 0.00288372 0.024976 0.00149037 1.03918e-05 0.0461339 0.0266461 0.69228 1.51291e-07 
0.011484 0.0003206 5.80733e-09 0.00685264 0.046484 0.00055452 0.000980454 0.0132982 0.00488891 1.40815e-09 0.00145193 4.89314e-05 2.07934e-06 0.00133688 0.00282927 0.000217698 0.0495677 2.47055e-05 0.000587067 2.1935e-06 2.56302e-07 0.183067 0.00820292 0.667783 1.45949e-05 
0.0311869 0.000195781 3.01641e-10 0.0127491 0.117235 0.0317052 0.0196073 0.0244843 0.00967765 0.0189513 0.000339552 0.000845597 0.00359688 0.000129106 0.00179615 1.36699e-05 0.0123311 0.0110521 0.00623278 0.00307256 8.26915e-05 6.1544e-05 0.0327362 0.660599 0.00131866 
0.0142724 7.71506e-05 1.10725e-10 0.00087443 0.152531 0.122707 0.00970231 0.159241 0.0149379 0.00479926 0.000824596 1.64047e-05 0.00510048 1.17927e-05 0.000625125 1.68458e-06 0.00166179 0.0794464 0.109396 0.000509424 7.21735e-07 0.0689477 0.0291726 0.225072 7.07071e-05 
0.144585 0.00118904 2.8474e-09 0.0037683 0.108896 0.0299259 0.00203844 0.120223 0.0247016 0.0596724 0.00441165 0.0077096 8.48259e-05 0.000884634 0.00208037 1.04256e-05 0.100183 0.00416244 0.111425 0.000176184 7.88778e-07 0.00679 0.0402627 0.215874 0.0109445 
0.0269037 7.78285e-05 1.18498e-09 0.0014836 0.000815153 2.98164e-07 0.000138727 0.00690403 0.00864776 0.000512412 1.94487e-07 3.45882e-07 0.000919082 9.79254e-10 0.000229897 7.27496e-07 0.0615527 5.95791e-08 1.51285e-05 1.85765e-07 4.70613e-06 0.274247 0.190392 0.427152 2.02094e-06 
0.0147283 0.000527118 1.52965e-05 0.0172543 0.0294529 0.0102715 0.00488231 0.134519 0.00173516 0.0131249 0.00915194 0.000994479 0.00406573 0.024333 0.00426261 2.80701e-05 0.0362122 0.00609842 0.177295 0.00531297 1.14642e-05 0.0430913 0.152179 0.310197 0.00025494 
0.0237322 0.000433274 2.08794e-07 0.00542218 0.121839 0.0501349 0.0064069 0.0846588 0.00147681 0.122609 0.000933847 3.3829e-08 4.34621e-08 0.134995 7.83091e-06 5.73474e-06 0.000751166 0.00561962 0.000303353 0.000913287 1.06805e-06 0.0249573 0.0285902 0.386204 4.14695e-06 
0.0338553 1.01214e-05 5.25223e-07 0.00333918 0.211855 0.0253314 0.0363856 0.0694183 0.0120553 0.0190244 0.0110664 0.00485944 0.00126302 0.00393662 0.00337451 0.000104242 0.0133262 0.00725523 0.00867685 0.00110752 8.13918e-05 0.0224187 0.137226 0.373766 0.00026237 
0.0622978 1.65343e-08 2.00742e-08 0.000237957 4.32552e-05 0.000297344 3.72891e-05 0.379599 5.09058e-09 0.000198601 0.000173984 3.90326e-05 0.00036605 1.65891e-08 1.22416e-08 2.68086e-08 0.000280059 2.36993e-05 0.000422481 3.98446e-09 1.23e-08 0.00214424 0.000430524 0.553342 6.67307e-05 
0.0504229 1.86844e-08 7.55906e-12 0.18951 0.0613055 2.13729e-07 0.00456908 0.0170852 0.00249825 0.0146214 0.000162045 0.000296424 0.00292644 1.03197e-06 0.13896 1.09237e-05 0.00386547 7.56216e-13 6.72659e-07 0.000845827 9.60231e-06 0.00905798 0.0207509 0.483065 3.43529e-05 
0.0416535 3.43222e-10 4.16705e-10 0.00710629 0.291831 0.00723966 0.00390108 0.0199318 0.0023505 0.0163593 0.000468401 0.000149341 0.00191978 1.76783e-06 0.00264205 2.13046e-08 0.00482892 0.000210546 0.0138714 0.00021627 0.000740671 0.00327122 0.00885875 0.572445 2.37987e-06 
0.0389663 8.57554e-08 3.80321e-08 0.0300069 0.080225 0.0114453 0.0885588 0.0829821 0.0303994 0.00485884 0.00423742 3.20947e-09 0.00714176 7.20413e-06 0.00150277 2.64544e-08 0.017522 0.00277774 0.00721728 0.023833 1.21375e-08 0.0465626 0.0356741 0.486036 4.55142e-05 
0.00200844 1.96801e-05 1.16438e-07 0.159044 1.2321e-05 0.000326318 0.0102362 0.0151566 9.02901e-05 0.0305101 4.99563e-08 6.733e-06 1.72117e-06 0.0062338 2.07847e-05 1.555e-07 0.000566404 1.15015e-05 8.41588e-06 0.000755078 6.73135e-06 0.000228529 2.6095e-06 0.774749 3.57033e-06 
0.010853 1.60044e-05 6.57181e-07 0.314084 0.0383579 0.00581302 0.00030611 0.000295375 0.00106089 0.00104085 0.000235829 3.10712e-06 0.00093657 4.489e-07 0.000442318 5.7845e-06 0.000128138 0.029013 0.000342045 0.00158371 1.52366e-07 0.000185253 0.0274623 0.564396 0.0034374 
