0.0185753 4.83725e-05 1.22879e-06 0.0205857 0.0758559 0.0228461 0.00382872 0.0113582 0.0014372 0.411278 1.25815e-05 0.113194 0.00217304 0.000543854 0.00156748 2.00952e-05 0.02016 5.85906e-05 0.104742 0.00521562 0.000242528 0.0143175 0.0139779 0.15796 8.62547e-07 
0.0373459 7.57736e-07 5.54049e-09 0.0156956 0.0557757 0.00246795 0.000445839 0.324854 0.0050139 0.00835607 0.00115237 0.000593983 0.00327764 4.5786e-09 0.0120648 7.39918e-09 0.0432098 0.0117675 0.00134206 0.00117952 0.0136656 0.0136636 0.0182983 0.429829 3.17491e-09 
0.0550785 5.54292e-07 8.60351e-10 3.64461e-06 0.29953 2.42699e-06 0.0182569 0.12635 0.0144769 4.01629e-07 9.80153e-06 0.000111794 0.00993017 1.75494e-05 1.89809e-06 7.19211e-07 0.0311649 0.000565838 0.0446113 0.0435481 2.72356e-05 0.154466 0.121447 0.080398 4.93014e-10 
0.08741 8.98943e-05 0.00012745 0.00605981 0.00275406 0.0461091 0.000871173 0.0100079 0.0160714 0.0747301 0.00117026 0.00376531 0.0146449 0.000143294 0.000847477 1.96382e-05 0.506148 0.000981698 0.0220507 0.0678138 0.00410062 0.106362 0.0184988 0.00921626 6.35496e-06 
0.000966491 0.000159793 3.70232e-10 0.00295058 0.00523368 0.26491 3.97646e-05 0.19357 0.000166684 0.00180964 1.5332e-08 2.74758e-06 7.47701e-09 1.52217e-12 7.07659e-08 9.596e-09 3.76821e-08 6.01646e-08 0.00791427 2.81551e-09 1.01688e-09 0.0220992 0.497123 0.00305478 1.05551e-12 
0.0222459 0.000498079 6.28741e-05 0.00419666 0.002022 0.00758895 0.000266289 0.0249427 8.40981e-06 0.00472186 0.00106495 0.000118712 0.00024427 3.60826e-06 0.194583 4.45239e-05 0.177906 6.10496e-05 0.00319236 0.00940967 0.0190904 0.019439 0.0704215 0.437867 1.33332e-07 
0.0282256 0.00160119 1.71856e-05 0.0222057 0.0712354 0.00633187 0.0034624 0.0462087 0.00155901 0.0330402 0.00369087 0.00151078 0.00280725 6.87592e-05 0.0238099 8.3627e-05 0.0324474 0.00246118 0.00326682 0.0519403 0.141917 0.0204591 0.028183 0.473465 1.91114e-06 
0.000769936 0.000423277 0.000117061 0.0447565 0.000770989 0.226806 0.000440461 0.0120455 0.00016883 0.00127216 0.000125527 3.22039e-05 0.000156422 0.000175937 0.0510264 4.33236e-05 0.0116572 5.89941e-05 0.000998786 0.000437629 0.00350955 0.0651469 0.0249114 0.554145 3.73245e-06 
0.27697 1.91224e-07 2.3882e-08 0.00947901 0.0282524 0.00456875 0.00058612 0.143266 0.00157615 0.0053773 0.00877781 2.2865e-06 0.00742738 4.33533e-05 0.000180969 1.11564e-06 0.0388059 0.000190472 0.00710674 9.17478e-05 5.82766e-06 0.0180955 0.445717 0.00347748 1.64054e-08 
0.130726 0.000362109 1.65615e-08 5.76421e-05 0.00440314 0.0223015 1.71212e-06 0.00407385 6.397e-05 0.0752487 0.552721 5.23816e-05 0.0632333 0.000130335 8.60373e-07 0.0012851 0.0398429 7.30289e-06 0.00166627 0.00194369 1.12415e-06 0.00671564 0.00168006 0.0934814 9.49039e-09 
0.0173376 9.97612e-11 1.2112e-10 0.000468149 0.0293787 0.612609 6.26246e-07 0.0104662 0.00052269 0.000210149 0.00170768 2.00687e-08 0.000962158 1.00092e-10 7.38608e-11 1.61388e-07 0.197577 0.0556602 0.00691799 6.69978e-05 5.55531e-08 0.0394132 0.0264137 0.000287094 6.94063e-11 
0.017119 6.00294e-05 1.72608e-07 0.0042053 0.0428725 0.419827 0.00149341 0.0288338 0.000372381 0.000253929 0.0577258 1.87494e-06 0.00118776 1.33774e-06 0.000188079 4.52917e-06 0.0163839 0.00407928 0.00178299 0.000903584 3.57559e-08 0.0167369 0.384904 0.00106242 4.18936e-11 
0.0913308 6.64423e-05 2.67583e-08 0.535414 0.0345563 0.000867727 0.00162247 0.0444461 0.0523331 6.15804e-05 5.95971e-05 3.04411e-06 0.000260184 1.05947e-05 2.4495e-05 2.04299e-05 0.00111521 0.00331048 0.00188653 0.000235755 5.36324e-06 0.0269737 0.200098 0.00529815 1.53335e-08 
0.0286919 2.64283e-09 7.53438e-07 0.0212524 0.118906 0.0278797 0.00459866 0.160163 0.245278 0.00369978 0.000203406 2.50604e-06 0.000927494 0.000649182 1.3257e-06 0.00296311 8.64182e-07 0.00111641 0.000220437 0.0093139 1.77325e-07 0.00917689 0.00595213 0.359002 1.83868e-09 
0.0762155 0.00123998 2.59741e-08 0.000115781 0.013062 1.03396e-06 0.0569749 0.118925 0.0357345 0.100543 0.0103539 0.000124344 0.209142 2.14648e-08 1.79933e-05 2.23162e-06 0.0740579 1.37569e-05 0.0089094 0.0217512 9.57883e-06 0.00452232 0.130345 0.137939 1.48842e-08 
0.113723 0.00510919 0.00102642 0.633812 0.0208442 0.00562943 4.02235e-05 0.00163394 0.000222252 0.0103085 0.00109206 0.000102101 0.117688 0.000154631 0.000105478 1.4941e-05 0.00127831 0.00177351 0.0283999 0.020677 0.000258503 0.00572369 0.0278949 0.00248793 1.40106e-07 
0.0353876 0.000948268 3.94034e-06 0.139428 0.0257888 0.0286328 0.00535003 0.0204004 0.000705802 0.0047296 0.0419002 1.22123e-05 0.239784 3.53066e-08 2.60537e-08 5.70567e-08 0.00420499 0.000273507 0.00318373 0.412628 1.15766e-05 0.0189685 0.00689337 0.0107643 2.44824e-08 
0.083912 3.87467e-08 4.70423e-08 0.021376 0.157095 0.00067908 0.036238 0.0223579 0.0107278 0.00282688 0.000196528 9.40558e-07 0.000570379 2.85334e-05 0.0158143 0.000954328 0.10376 0.00767873 0.0268296 0.000108295 0.000182118 0.324612 0.0112712 0.172781 2.6957e-08 
0.0477271 7.35253e-06 8.68796e-09 0.0050614 0.195699 0.0337606 0.0026721 0.00624756 0.000517 0.158618 0.00825992 1.33325e-05 0.00253586 2.30421e-08 1.10797e-05 0.001604 0.0260614 6.82009e-06 0.00289577 0.00408511 5.43262e-06 0.0591218 0.245974 0.199115 4.97853e-09 
0.134457 0.0567727 8.06672e-06 0.0108717 0.174787 0.00597061 0.0214933 0.0779556 0.010251 0.192861 0.000516306 0.0212674 0.00340661 0.0545345 0.000968418 0.000203589 0.0108204 0.000145062 0.0184632 0.00485518 2.74689e-05 0.0118098 0.0185727 0.168979 2.05876e-06 
0.594752 7.73158e-06 3.99181e-08 0.0656069 0.00390974 0.0234206 9.32014e-06 0.0304389 0.000175755 6.85871e-05 0.000856332 4.93112e-07 0.00322035 2.0269e-05 9.10695e-05 1.2487e-06 0.00124275 0.00934725 0.00482494 0.00933838 6.51098e-07 0.0561309 0.194895 0.00164005 9.32894e-09 
0.0151263 5.81828e-07 3.37443e-10 0.0148861 0.172744 0.0266789 0.00753802 0.483756 0.0141604 0.0235535 0.00930911 1.23418e-05 0.0634744 1.98245e-07 5.42774e-08 1.92774e-07 0.0157659 0.0747109 0.0103528 0.0479325 3.20709e-08 0.0171001 0.00234959 0.000547648 1.93368e-10 
0.0205842 0.000517702 6.06375e-10 0.0215409 0.0685724 0.235604 0.000998613 0.206786 0.00337726 0.000722337 0.0444289 1.21959e-07 0.000646461 6.54194e-07 3.36149e-06 8.09799e-10 0.000753436 0.00173462 0.0279571 0.0666798 3.71542e-10 0.152973 0.146018 0.000100816 3.47476e-10 
0.217413 2.82056e-07 6.03213e-10 0.00671389 0.0125199 0.00792725 0.0413079 0.0331963 0.000725138 0.0149025 0.00238446 3.66639e-08 0.00628618 4.9849e-10 5.87297e-09 0.000893876 0.0994069 4.89147e-05 0.0326147 1.07397e-06 1.06084e-05 0.0459974 0.396896 0.0807536 3.45664e-10 
0.0583734 8.15749e-06 2.77784e-09 0.139035 0.332586 0.00721513 0.000409513 0.117888 0.00163023 8.86686e-06 0.00261188 6.47759e-07 0.000810677 2.29558e-09 0.000454751 2.90344e-06 0.0136524 0.000380503 6.14319e-06 0.0473005 0.0023722 0.021188 0.182922 0.0711436 1.59181e-09 
0.00133358 0.000473745 0.00136137 0.000507256 0.0179149 0.00621199 0.00274394 0.0198836 1.78977e-05 0.00170007 0.034559 8.52394e-05 0.00737614 4.06758e-06 8.90303e-06 0.000408956 0.0237857 6.2159e-05 0.000156494 0.0167163 0.178554 0.000672417 0.00264201 0.68282 3.25079e-07 
0.0278065 0.00649616 1.21584e-05 0.00243017 0.0138849 0.00127659 0.0108941 0.0115572 0.000726296 0.00158774 0.000136686 4.27516e-05 0.00526658 1.48293e-06 1.09429e-06 2.39646e-06 0.729777 2.38758e-05 0.000464054 0.000411793 2.30477e-06 0.101911 0.0651298 0.020156 1.02829e-06 
0.00341488 7.16535e-05 6.69643e-06 0.000511943 0.15255 0.0213924 0.016279 0.382493 0.00323287 0.00236849 0.00629682 7.83453e-05 0.00135857 4.88145e-06 0.000439487 0.000100319 0.0890824 0.00282606 0.000343125 9.78519e-06 3.25744e-05 0.0544488 0.102749 0.159909 6.79058e-08 
0.00825177 0.010908 3.40151e-06 0.0369133 0.0401049 0.0061918 0.00743094 0.0194604 0.00109291 0.00456096 0.0236076 0.00131915 0.000136766 5.07304e-05 0.0017525 7.93679e-05 0.00985388 0.00216393 0.00297843 0.000642464 0.074444 0.00860035 0.0269312 0.712519 2.63913e-06 
0.208471 0.00027527 0.00141502 0.0220042 0.000790427 0.0204323 5.99402e-05 0.010078 0.000967349 0.0778082 0.000933896 0.00480098 0.016228 3.08204e-05 6.73422e-06 6.73735e-07 0.301994 3.39208e-06 0.00516141 0.0276565 0.000192483 0.173493 0.115432 0.0117646 1.02139e-07 
0.0830303 0.108942 1.70354e-10 0.204462 0.0284415 0.0174593 5.49791e-07 0.417615 0.0115254 0.0154794 2.62395e-06 0.000736679 3.29818e-07 1.40779e-10 8.91952e-05 5.68985e-07 0.0194279 0.00175605 0.0221708 0.000378056 4.38502e-07 0.0440035 4.56934e-06 0.0244732 9.76192e-11 
0.0201379 5.6255e-11 6.8299e-11 0.0393665 0.585693 2.01348e-06 0.0207755 0.0295919 0.00107528 3.61046e-07 1.34796e-06 7.0712e-07 0.0131657 7.90747e-08 4.16498e-11 9.12116e-11 4.13891e-07 0.000179378 4.82628e-06 0.231148 4.18486e-11 0.0586426 0.000116087 9.88553e-05 3.91379e-11 
0.0882754 1.48887e-08 1.80764e-08 0.0418259 0.0368605 0.00571156 0.000355334 0.101876 0.0318839 9.59975e-06 0.00088594 2.49012e-06 0.0028454 3.72129e-05 0.00322889 0.000234647 0.00756688 4.77782e-06 0.0012701 0.0162321 1.10759e-08 1.36935e-05 0.0438044 0.617075 1.03584e-08 
0.0583597 0.00584236 0.00189566 0.00865116 0.030419 0.00822052 0.00107932 0.0538245 0.000116906 0.00106387 0.0360416 4.92969e-05 0.0312343 0.00148888 3.92904e-05 0.00345798 0.442421 0.000313345 0.00398566 0.0229526 0.00298995 0.0145041 0.242731 0.0283015 1.65165e-05 
0.00315421 6.80099e-08 2.65491e-12 2.65433e-08 0.0020045 0.106192 0.000426725 0.257383 9.69415e-05 0.00141614 8.77191e-09 8.58891e-05 0.000167189 1.78311e-05 0.000410948 4.10108e-05 0.0399274 0.000143758 3.17389e-08 3.07105e-06 5.49282e-05 0.102751 0.421044 0.0646795 1.52137e-12 
0.213549 0.000159386 4.61193e-05 0.212041 0.0441503 0.00478539 5.58492e-05 0.0614717 0.166382 0.0420325 0.00749728 6.00852e-06 0.0049984 2.99308e-07 4.45901e-05 2.84783e-07 0.00470076 0.000353556 0.0016446 0.14048 2.19369e-07 0.00337206 0.0774523 0.0147771 1.94503e-10 
0.000688057 0.000931739 0.0019731 0.0011925 0.00326755 0.00292588 0.00201966 0.142982 0.00131344 0.000851964 0.0021338 8.89603e-05 0.0585024 0.0013419 0.069825 0.00036248 0.0010312 0.000285197 0.00104308 0.00732996 9.49682e-05 0.00232052 0.00115647 0.696291 4.77589e-05 
0.0999923 0.000250856 0.00537459 0.00688305 0.00280703 0.0346283 8.42697e-05 0.00496961 3.49162e-05 0.651796 0.000615866 6.08207e-05 0.023952 0.000279585 6.01011e-06 2.91123e-08 0.101278 1.15752e-05 0.00940839 0.0309486 9.02295e-05 0.0169165 0.0055118 0.00409993 2.16972e-08 
0.00869573 0.0106025 5.18181e-09 1.03984e-06 0.619757 0.0595638 0.0054724 0.0887339 0.000106255 0.00169621 4.07182e-06 3.81264e-05 0.000789458 2.93972e-05 3.15995e-09 6.92017e-09 0.000829574 7.35237e-06 0.0553425 0.000797716 2.90186e-08 0.00273569 0.14334 0.0014581 2.96937e-09 
0.0338464 0.000551047 0.00017283 0.217551 0.0277014 0.0690077 0.0027138 0.0388539 0.0402579 0.00203536 0.00738212 0.00100071 0.00298581 3.40781e-05 1.76281e-07 3.93376e-05 0.0242795 0.00118209 0.0141154 0.0133025 0.0156137 0.136594 0.310414 0.040365 7.29216e-09 
0.0147928 0.0958686 4.82947e-05 0.00208204 0.0650179 0.0440222 0.000147176 0.0203175 7.32315e-06 0.00518679 3.56557e-06 0.00383267 0.0557775 2.42379e-05 6.42515e-06 2.95534e-08 0.00582747 6.19958e-05 0.00508984 0.00782768 2.63657e-05 4.75189e-05 0.0171187 0.656865 1.26811e-08 
0.129515 6.49101e-05 3.99297e-06 0.0165667 0.00577644 0.00069667 0.000130532 0.0508476 0.00636484 0.000705747 0.00232074 1.08519e-05 0.0245155 8.51728e-07 0.0478129 5.07971e-05 0.0935939 0.00651662 0.00576036 0.00672079 3.17544e-06 0.010082 0.569857 0.022082 5.1472e-07 
0.0179737 9.09061e-05 0.000273392 0.00960767 0.0419661 0.00173498 0.00185779 0.117082 0.0128005 0.00671215 9.81104e-05 0.000106078 0.000234182 0.000134529 0.000279525 1.35648e-05 0.0126474 6.16151e-05 0.00732396 0.0119054 3.92279e-05 0.0656215 0.00396573 0.687463 6.44337e-06 
0.01799 0.0189862 1.10281e-10 0.0216413 0.0403746 0.474868 0.000502888 0.00700051 0.000498893 0.00352967 0.000307427 7.72272e-08 4.89079e-07 0.127674 1.74324e-07 4.23284e-08 0.0386189 0.000125168 0.150888 0.0233967 7.36964e-06 0.0303345 0.021791 0.021464 6.31952e-11 
0.370299 0.00144238 1.39513e-10 0.0960974 0.0311375 2.11853e-07 0.00715386 0.00679454 0.0032348 0.00458757 3.89192e-07 7.92717e-06 0.00123547 1.15292e-10 5.84251e-07 5.15936e-08 0.013114 1.21066e-05 0.0032521 4.49456e-06 2.39877e-07 0.00162918 0.181022 0.278974 7.99465e-11 
0.0201379 5.6255e-11 6.8299e-11 0.0393665 0.585693 2.01348e-06 0.0207755 0.0295919 0.00107528 3.61046e-07 1.34796e-06 7.0712e-07 0.0131657 7.90747e-08 4.16498e-11 9.12116e-11 4.13891e-07 0.000179378 4.82628e-06 0.231148 4.18486e-11 0.0586426 0.000116087 9.88553e-05 3.91379e-11 
7.49073e-07 1.70729e-10 2.07281e-10 0.0647683 0.205888 3.87424e-06 0.0127204 0.0264533 2.3659e-07 0.416736 5.69253e-07 2.87146e-06 3.88368e-07 2.57114e-07 0.0324464 2.76819e-10 2.54925e-06 0.00583848 0.0192559 1.22609e-06 1.27007e-10 4.05454e-07 0.14304 0.07284 1.1878e-10 
0.00688789 8.57049e-08 5.72917e-11 0.0360302 0.0211618 0.346693 9.28437e-07 0.0343243 1.17718e-07 0.000151078 1.51659e-06 1.82779e-08 0.263995 7.28455e-09 3.49374e-11 0.000133579 0.141489 1.1412e-07 0.0259351 0.0182976 1.68039e-08 0.022193 0.0827054 5.60633e-08 3.28304e-11 
0.00111026 1.73156e-06 3.66957e-06 0.00241454 0.0922864 0.180445 0.000972141 0.607575 0.00402911 0.000148478 0.000158758 7.88855e-06 0.000396418 2.02014e-05 4.11638e-05 9.31499e-05 0.00102774 0.000118768 0.000748652 0.00675247 2.42601e-06 0.0158955 0.0809881 0.00476169 8.68134e-08 
0.00529748 9.1599e-05 6.47008e-05 0.000913403 0.000490832 0.00073511 0.000115569 0.00057129 1.50782e-05 0.00757793 0.000322625 0.648355 7.38065e-05 0.000133674 1.02429e-05 8.66599e-06 0.00509408 5.8056e-05 0.00237275 0.00332024 0.312663 0.0068757 0.00215699 0.00267979 2.42738e-06 
0.00550573 4.1543e-05 3.09683e-05 0.0637616 0.0152866 0.056588 0.0175589 0.320293 1.34955e-05 0.00834342 0.00207515 8.46698e-06 0.000185032 1.18014e-05 0.189773 1.02923e-05 0.00396701 0.000292847 0.00188529 0.110494 0.000129294 0.0239443 0.163987 0.0158126 2.14565e-07 
0.016569 9.37155e-06 4.36614e-08 0.0249847 0.00224358 0.0216581 6.09427e-06 0.0123352 0.0014376 7.23515e-06 0.497117 3.85088e-07 0.280486 1.05312e-05 3.4478e-05 5.83087e-08 0.00172044 3.85907e-08 6.54066e-05 0.110596 9.06685e-07 0.0195403 0.00309702 0.00808083 2.50196e-08 
0.174664 2.57845e-06 5.16815e-05 0.0931366 0.0251192 6.25123e-07 0.000130146 0.0927518 5.1805e-07 0.0258148 1.00145e-06 0.000458894 0.0129458 7.05248e-05 0.00594812 1.23163e-07 0.0957982 1.07034e-05 9.99488e-05 0.0192037 0.0759103 0.0141054 3.13627e-07 0.363775 7.33493e-08 
0.0270086 4.34656e-05 0.00015124 0.0292485 0.0727882 0.0100671 0.00282005 0.0479686 0.585162 0.040988 0.000180616 2.48399e-05 0.000849773 0.000358889 0.00258213 0.000123531 0.0484951 0.000296833 0.00149081 0.00922427 0.0214461 0.0316031 0.0354556 0.0316066 1.61324e-05 
0.00737778 7.54113e-10 9.15567e-10 0.000922946 0.0227176 7.32358e-05 0.000366271 0.0182565 0.000533294 0.00519982 0.00116011 0.00244148 0.0191494 7.56615e-10 0.00216535 5.31455e-05 0.190567 0.0015377 3.28803e-07 7.00245e-05 0.000217607 0.000641013 0.268362 0.458187 5.24655e-10 
0.00573239 0.0022841 0.000190925 0.0200473 0.0682113 0.0187454 0.00447675 0.00918769 0.000449075 0.000363438 0.000901735 8.66963e-06 0.00472517 0.000129925 0.000114322 3.56803e-05 0.656724 8.88537e-05 0.00178841 0.00982211 2.73941e-05 0.159053 0.0320411 0.00484675 4.90975e-06 
0.00425729 6.73261e-07 2.851e-09 0.00498633 0.611967 0.00259218 0.0281872 0.0372202 0.004012 0.00203518 0.00167861 6.39269e-07 0.00295856 5.90413e-08 0.0021319 4.36344e-05 0.000480457 0.000295993 0.00198234 0.0540362 1.33088e-07 0.00260393 0.0271083 0.211421 1.63373e-09 
0.222516 0.000533036 0.00010502 5.91745e-05 0.0175401 0.000337973 0.000405966 0.000626456 0.00421052 0.00164485 0.00209423 0.000602876 0.00185027 1.31091e-05 3.75452e-05 3.89745e-06 0.521353 7.21776e-05 0.0021205 0.00278913 0.141646 0.00654993 0.0153147 0.0575699 3.34489e-06 
0.00388123 5.53879e-10 6.72463e-10 1.28905e-06 0.0166833 8.21383e-08 1.07853e-06 0.00278172 0.00584063 0.00113581 1.02969e-06 0.000612522 0.00555799 5.55717e-10 0.0208954 8.98058e-10 8.51425e-06 0.0731248 5.03819e-07 0.000440443 4.12036e-10 1.26939e-07 0.0517904 0.817243 3.85347e-10 
0.0120542 1.67268e-06 2.29129e-08 0.191956 0.0999032 0.440163 0.00227573 0.0386678 2.27833e-06 0.000646005 0.0130596 3.56427e-07 0.0218814 1.58665e-07 5.82154e-06 4.70224e-05 0.0187015 9.65278e-05 0.000501687 0.00649922 4.6824e-06 0.10397 0.0492871 0.000274214 1.313e-08 
0.0201379 5.6255e-11 6.8299e-11 0.0393665 0.585693 2.01348e-06 0.0207755 0.0295919 0.00107528 3.61046e-07 1.34796e-06 7.0712e-07 0.0131657 7.90747e-08 4.16498e-11 9.12116e-11 4.13891e-07 0.000179378 4.82628e-06 0.231148 4.18486e-11 0.0586426 0.000116087 9.88553e-05 3.91379e-11 
0.00283256 1.62701e-11 1.97535e-11 0.000237321 0.014676 0.0088894 0.000203641 0.00308856 0.000282197 0.00101391 4.40673e-08 1.26447e-05 0.000153393 6.55288e-10 1.75912e-05 2.38937e-06 0.0651434 0.00585165 0.0001132 1.79441e-09 2.93771e-06 0.0113275 0.878133 0.00801836 1.13195e-11 
0.0222845 0.00204815 2.94914e-10 0.000449977 0.0123602 0.00220692 0.000330824 0.159453 0.000267112 0.683866 0.00451789 3.4441e-06 0.0213152 0.000630611 9.6564e-07 3.93851e-10 0.017319 0.00158176 0.0367519 0.0179954 1.55772e-08 0.00342327 1.37784e-07 0.0131937 1.68997e-10 
0.00111241 4.30745e-10 5.22966e-10 0.00504901 0.155294 0.0015815 0.143457 0.22053 0.347744 7.19028e-05 0.00196557 1.3007e-09 0.00588361 4.32174e-10 3.28875e-06 3.53267e-05 0.0440217 0.00141376 7.51811e-05 0.00739594 0.000552748 0.012172 0.0366619 0.0149788 2.99679e-10 
0.476373 0.00474051 0.0381131 0.015563 0.00604593 0.0171346 0.0069594 0.0129054 0.00292228 0.205938 0.00990973 0.0142994 0.0185899 0.000174983 2.60529e-05 0.000466734 0.0557737 9.02847e-05 0.00161359 0.0265973 0.00841379 0.0172085 0.0381571 0.0219804 2.77915e-06 
0.0973852 0.15166 6.82405e-08 0.0040082 0.0509206 0.00153353 4.88038e-05 0.0529331 3.33256e-06 0.0417122 0.00696756 7.87926e-05 0.460268 6.10415e-06 6.66599e-06 3.59423e-06 0.0334527 0.00138738 0.00169386 0.00958194 0.000566832 0.000197124 0.0174283 0.0681557 3.91044e-08 
0.0133423 7.96682e-05 0.000168573 0.00551119 0.00309597 0.00727753 0.0013563 0.00331264 0.000552301 0.00700705 0.0296345 0.000373549 0.00188642 0.000302035 0.000145112 4.50374e-05 0.721671 0.000107637 0.00398098 0.0580369 0.000309118 0.00499386 0.101999 0.034805 6.17311e-06 
6.24992e-05 0.0243937 1.26287e-07 0.00314312 0.0504555 0.00388712 0.00111669 0.129322 0.000116622 0.00101843 0.00914067 5.04351e-06 4.61142e-05 1.04363e-07 0.0243396 1.97477e-05 0.000901433 1.93728e-06 0.000296163 0.000498237 9.72578e-06 2.25894e-05 0.0239035 0.727299 7.23675e-08 
0.0126625 9.55543e-05 1.43885e-07 0.0686959 0.226906 0.0102115 0.00239052 0.113866 0.0161173 0.090223 0.00415654 7.46203e-05 1.25498e-07 9.13584e-06 0.014557 1.72828e-07 0.000111368 0.00723662 8.26447e-07 0.000837618 1.50293e-06 0.0472182 0.229248 0.15538 1.15344e-07 
1.00199e-07 6.45738e-11 5.61178e-09 4.05214e-07 0.275249 0.0235326 0.000651199 0.0545355 0.0037736 0.000271792 0.0016254 1.21e-06 2.18477e-07 6.47881e-11 4.78089e-11 3.54263e-07 0.0023807 0.637209 7.04618e-08 1.27214e-08 4.80371e-11 0.000674064 9.23089e-05 2.56717e-06 4.49256e-11 
0.00894321 1.36234e-10 1.65402e-10 0.0336561 1.12091e-06 0.0923749 0.00163895 0.0326538 3.2571e-08 0.000855971 0.0296292 4.57977e-07 0.00616964 5.13119e-08 1.00865e-10 5.37734e-08 0.00305839 2.31892e-07 0.0130736 0.763619 1.01346e-10 0.00286336 0.0113523 0.000109876 9.47815e-11 
0.130903 3.21508e-05 8.03536e-05 0.0206855 0.0516904 0.041126 0.00676286 0.0493193 0.00342043 0.00568523 0.00594155 0.000145616 0.0432946 0.000455255 0.0129606 0.000167422 0.0201875 0.00255307 0.0317077 0.00729308 0.000150392 0.0236552 0.244907 0.296857 1.8121e-05 
0.00403234 5.04659e-10 0.000151374 0.00091153 0.552246 0.000408449 0.0867989 0.123714 0.158214 0.000577136 3.61741e-08 8.50867e-08 0.000127596 1.05899e-06 5.14843e-06 0.00929562 0.00180708 3.06191e-05 0.00546005 0.000189241 5.35474e-07 0.0294183 0.00350501 0.0231056 3.51103e-10 
0.005368 0.030858 8.75314e-05 0.00323257 0.118466 0.00078721 0.000582032 0.226819 8.0803e-07 0.000139454 4.96357e-07 4.50274e-05 0.000323744 6.12631e-07 0.00859125 4.48755e-07 0.0041192 0.0074293 0.000995967 5.76358e-05 0.000635373 3.24957e-06 0.106443 0.485014 3.98729e-07 
0.170804 7.34919e-05 3.12376e-09 0.0140233 1.16861e-05 0.00280821 2.16275e-05 0.000139623 4.52815e-07 0.422769 1.25725e-06 3.13015e-05 0.298323 3.87003e-05 0.000646018 6.60654e-06 0.00329009 3.2739e-08 0.0047354 0.0468163 1.62657e-05 0.00617981 0.00387576 0.0253874 2.75242e-09 
0.00130928 5.61659e-06 1.04431e-06 0.00485971 0.0903122 0.0669031 3.05832e-05 0.459141 2.15013e-05 4.81577e-05 0.0328506 9.21861e-06 0.0116869 8.63007e-07 6.36837e-07 1.39465e-06 0.300298 0.000111949 2.70386e-06 7.12016e-06 6.39877e-07 0.00073751 0.03165 9.58282e-06 5.98429e-07 
0.000921903 0.000114739 0.000115225 0.124549 0.0305761 0.00319981 0.00414993 0.054378 0.0186371 0.00051254 0.00344501 5.70259e-06 0.000214122 9.44761e-05 0.00148006 6.46875e-05 0.0119323 0.000296648 0.00345734 0.519803 7.99618e-06 0.116352 0.0828467 0.0228401 5.51068e-06 
0.00581964 4.1397e-05 4.18458e-07 0.0643629 0.0297059 0.0391169 0.000166825 0.136376 0.00286814 0.00464591 0.0011766 0.000100907 0.00205122 8.30708e-05 0.0936464 5.5884e-07 0.0185676 2.61666e-05 0.002395 0.00130673 7.75936e-05 0.000256669 0.0162318 0.580976 2.39792e-07 
0.140885 3.35419e-08 2.34435e-10 0.04182 0.406254 0.024533 0.000188237 0.0782835 0.0894535 0.000848977 3.60553e-07 0.000163668 1.55081e-06 1.93735e-10 7.07417e-07 1.67762e-07 2.80322e-06 0.00261437 0.00258745 0.0323673 1.34591e-07 0.00753839 0.172456 2.822e-07 1.3434e-10 
0.00671312 9.69446e-11 1.177e-10 0.0131229 0.783531 1.68935e-06 0.0197732 0.0566414 0.0029723 3.02938e-07 0.00225064 5.93295e-07 0.00438958 6.63949e-08 7.17754e-11 1.57186e-10 3.4727e-07 0.00138536 4.04933e-06 0.0770534 7.2118e-11 0.0195492 0.00978228 0.00282838 6.74467e-11 
0.0194492 4.50375e-05 1.34003e-07 0.0105465 0.033584 0.481196 0.00112009 0.0368768 0.000613229 0.000190464 0.0469102 1.40798e-06 0.000890853 1.00606e-06 0.00034231 3.40265e-06 0.0133159 0.00305952 0.00306355 0.00368286 2.72343e-08 0.0154325 0.328149 0.00152684 4.52975e-11 
0.014331 0.0187275 3.7774e-08 0.0183507 0.0143042 0.114789 8.21994e-05 0.266372 0.0383077 0.00712571 0.00205305 8.69384e-07 0.000266211 3.97125e-05 0.00155821 1.50609e-06 0.00810386 0.000505442 0.00153157 2.94333e-06 6.25235e-05 0.109617 0.142671 0.241196 8.83878e-09 
0.594752 7.73158e-06 3.99181e-08 0.0656069 0.00390974 0.0234206 9.32014e-06 0.0304389 0.000175755 6.85871e-05 0.000856332 4.93112e-07 0.00322035 2.0269e-05 9.10695e-05 1.2487e-06 0.00124275 0.00934725 0.00482494 0.00933838 6.51098e-07 0.0561309 0.194895 0.00164005 9.32894e-09 
0.240748 1.99372e-05 1.49079e-08 0.00958687 0.0186683 0.359059 0.0019206 0.0217983 0.000400329 0.000303571 0.0816456 8.9744e-07 0.000969842 0.000850674 0.000159574 1.35368e-06 0.0271868 0.0020334 0.00454275 0.00996536 1.06986e-09 0.00877114 0.186344 0.0250227 1.37303e-11 
0.102034 0.000393128 9.21686e-08 7.43576e-05 0.00343408 0.0175338 9.31282e-06 0.00325369 6.37927e-05 0.0588076 0.649832 5.82919e-05 0.0496211 0.000109898 1.62363e-06 0.00105857 0.0312236 9.94785e-06 0.00131991 0.00160729 2.51241e-06 0.0053095 0.00136642 0.0728754 5.28161e-08 
0.0349431 0.000406618 0.000106513 0.000815446 0.0363773 0.00297822 0.0029611 0.106042 0.000289024 0.00162672 0.0077702 0.00124505 0.0197155 1.10952e-05 0.0621331 1.07368e-05 0.0503298 0.00167382 0.00155721 0.00832264 0.000180235 0.00448691 0.0124213 0.643597 1.87292e-09 
0.0201379 5.6255e-11 6.8299e-11 0.0393665 0.585693 2.01348e-06 0.0207755 0.0295919 0.00107528 3.61046e-07 1.34796e-06 7.0712e-07 0.0131657 7.90747e-08 4.16498e-11 9.12116e-11 4.13891e-07 0.000179378 4.82628e-06 0.231148 4.18486e-11 0.0586426 0.000116087 9.88553e-05 3.91379e-11 
2.19468e-06 1.1173e-06 1.24965e-08 0.0615825 0.35456 4.85427e-06 0.000917188 0.169903 0.00301625 0.000913424 0.0961334 2.38122e-07 0.0104882 1.03858e-07 9.82981e-06 1.45261e-06 3.3511e-06 0.00287542 9.49885e-06 0.0608505 5.15467e-05 5.77098e-06 0.15559 0.0830801 7.161e-09 
0.00936118 4.29082e-08 0.204292 0.00302222 0.371804 0.00444196 0.30278 0.00719338 0.0149767 0.000445492 0.000134893 5.00385e-06 0.00479831 1.71662e-06 1.25217e-06 0.000363102 0.00326001 3.64892e-08 0.00807104 0.0101073 5.5648e-06 0.00303618 0.0440192 0.00787909 5.80217e-09 
0.0172284 0.000158512 3.56543e-07 0.00581515 0.00820016 0.00183058 8.50388e-05 0.00279665 0.00106268 0.000105608 0.647669 5.36575e-05 0.0261269 0.000186548 4.02219e-06 6.00763e-05 0.0307739 0.000128114 0.000949687 0.15476 8.51394e-05 0.0433414 0.0406153 0.0179628 1.65717e-07 
0.00558665 3.35401e-08 1.30931e-12 1.42978e-08 0.00012674 0.0208212 2.06762e-05 0.017216 5.66249e-05 0.000812875 3.91542e-08 4.60357e-09 0.000922694 6.27669e-09 0.0127875 5.94682e-09 0.590717 2.19145e-05 0.00266877 3.46738e-06 3.26017e-06 0.0392454 0.30212 0.00686906 7.50285e-13 
0.00691369 1.21254e-07 3.66909e-10 0.0015305 0.499314 0.0100535 0.0333472 0.0543214 0.00029175 2.86912e-05 0.000952919 2.48397e-08 0.000140314 2.6732e-05 2.23747e-10 4.89998e-10 0.000678677 0.0158033 0.00126384 0.345852 2.12538e-06 0.0232549 0.00617362 5.10251e-05 2.10253e-10 
0.0169746 8.86185e-06 1.88405e-06 5.18468e-06 0.00995213 0.000307657 0.00277512 0.00441382 4.34759e-05 0.00960263 0.000664012 1.00453e-05 0.00532297 1.93751e-06 0.000335442 2.5161e-06 0.864257 4.42715e-06 0.00032832 1.26762e-05 2.96314e-05 0.00531102 0.0640443 0.0155892 1.07963e-06 
1.05459e-05 1.16035e-05 0.000231181 0.0403016 0.000171866 0.000681564 2.2787e-06 1.07369e-06 0.0120632 1.44076e-05 0.00270206 3.56058e-06 0.000651618 6.86724e-07 1.50893e-06 6.70829e-07 0.870967 2.68625e-05 3.46869e-06 0.0658862 0.000406379 0.000175104 2.79523e-05 0.0056575 5.24129e-08 
0.00855327 0.0303965 5.73751e-05 0.708424 0.0541584 0.0150882 0.0103703 0.0528273 0.00307563 0.003359 0.000273323 0.00411504 0.00250274 1.55628e-07 0.000108838 8.11153e-05 0.0150415 0.00023716 0.00860444 0.0428735 3.53544e-05 0.00105675 0.0359732 0.00278667 1.07916e-07 
0.055152 6.59711e-07 4.89536e-07 0.128567 0.0815242 0.0122507 0.00514903 0.0506665 0.00528528 0.00365715 1.07069e-06 1.90302e-08 0.0415468 1.83961e-07 3.66691e-07 1.56859e-07 2.21901e-06 0.00319715 5.12625e-07 0.00367021 3.47966e-08 0.0925823 0.270514 0.246232 9.66641e-11 
0.000706276 0.00465255 0.00202365 0.00122411 0.0395931 0.0243826 0.238539 0.0377716 0.00626319 0.373502 0.00218989 0.000367577 0.00178548 0.00137596 0.00889059 0.000369264 0.00582325 0.000292601 0.00107062 0.007949 0.00141205 0.00238222 0.00118727 0.236198 4.77901e-05 
0.00838099 0.00113242 5.86727e-10 0.00747094 0.00983851 0.00365117 0.00030197 0.0523661 0.000334318 0.762285 0.0117432 2.46075e-06 0.0914198 0.000484679 0.00257252 7.83559e-10 0.0086322 0.000385772 0.00764427 0.0084501 3.36324e-08 0.00214211 0.00516269 0.0155992 3.36217e-10 
0.268294 0.000830274 1.19061e-10 3.83688e-07 0.168529 2.46436e-07 7.3807e-07 0.0333719 3.56301e-07 3.23369e-07 2.35028e-07 1.75562e-07 2.82557e-07 9.8391e-11 7.26055e-11 9.5561e-08 0.116807 5.30052e-07 0.011839 6.19183e-07 4.45079e-07 0.00421819 0.135114 0.260993 6.82266e-11 
0.0607032 1.21944e-05 1.00076e-07 0.00369638 0.168163 0.000869976 0.0240412 0.0635721 3.55812e-06 0.000169179 0.00435519 7.85437e-05 0.0022921 0.0104521 0.0189408 4.44027e-06 0.165084 0.023904 9.13875e-06 0.215569 7.99761e-05 0.0127292 0.0198603 0.205411 5.73473e-08 
0.0394769 0.00017891 0.0111971 0.332942 0.11942 0.156566 0.00109391 0.0218032 0.00327325 0.0448927 0.00562498 5.01887e-05 0.0169459 3.72995e-06 4.48337e-05 3.54467e-05 0.0128553 2.12189e-05 0.00403791 0.101976 1.86859e-06 0.0381612 0.0757382 0.0136583 1.07774e-06 
0.00156821 1.71383e-08 2.08075e-08 2.9319e-06 0.00115181 0.00028281 0.00117364 9.88453e-05 0.000177715 0.00624618 0.863269 5.27724e-06 0.00430696 1.71951e-08 1.01361e-05 6.98305e-06 0.103031 2.62576e-05 0.000236885 9.04401e-07 0.000110774 0.00128527 0.0120977 0.00491075 1.19235e-08 
0.0330801 0.00415752 0.00725611 0.0386289 0.236133 0.119957 0.0320779 0.0507551 0.019094 0.01295 0.0183274 0.00201581 0.0186334 0.00597212 0.00713021 0.00098904 0.0255415 0.0105086 0.0245829 0.136216 0.000561475 0.060831 0.0968338 0.0374696 0.000297434 
0.104429 1.16118e-06 2.21481e-08 0.0303774 0.0390123 4.02518e-07 0.000288038 0.21378 4.27606e-05 0.000249729 0.00225719 1.51816e-07 0.00394748 6.48987e-09 0.00107251 7.56524e-05 0.104965 4.58786e-05 0.0174001 0.00057515 4.32506e-10 0.00351102 0.409771 0.0681975 4.04491e-10 
0.0250879 2.77632e-08 4.43543e-05 0.0036681 0.101558 3.07558e-05 3.05059e-06 0.0488108 6.72702e-06 7.88457e-06 0.0109805 0.000141026 0.0191399 2.78553e-08 0.0175994 4.50152e-08 0.116876 1.23696e-06 0.0462049 0.0283499 2.79697e-07 0.0574813 0.005626 0.518381 1.93155e-08 
0.176441 0.00266505 0.00623319 0.0118591 0.0281435 0.0276867 0.00120114 0.186334 0.00320204 0.320769 0.00720924 0.026457 0.0333929 0.00170183 0.00013173 0.000149151 0.0424131 0.000777615 0.00863769 0.0332255 0.00229421 0.016787 0.041327 0.0209348 2.62509e-05 
0.594752 7.73158e-06 3.99181e-08 0.0656069 0.00390974 0.0234206 9.32014e-06 0.0304389 0.000175755 6.85871e-05 0.000856332 4.93112e-07 0.00322035 2.0269e-05 9.10695e-05 1.2487e-06 0.00124275 0.00934725 0.00482494 0.00933838 6.51098e-07 0.0561309 0.194895 0.00164005 9.32894e-09 
0.164336 0.0701461 0.149016 0.0286598 0.0247538 0.0855815 3.13685e-08 0.0817978 0.00100434 0.0216274 7.08188e-07 6.61962e-08 0.187003 7.08158e-08 8.88972e-05 6.16424e-08 0.0203945 1.89851e-07 0.00322163 0.015098 0.000150982 0.0556557 0.0814285 0.0100358 1.88794e-11 
0.00544817 3.48769e-08 4.23439e-08 0.0734339 0.0947049 0.00542856 0.00464998 0.0733896 0.00155181 0.11145 0.00977401 0.000575534 0.00521024 8.94689e-05 8.48486e-05 5.65493e-08 0.0410288 0.00100293 0.000558828 0.109366 0.00176315 0.0278568 0.0048455 0.427787 2.42647e-08 
0.00689898 0.000399918 5.62464e-10 0.000420281 0.0470554 0.175577 0.00235717 0.0684526 0.000311388 0.0787834 0.00555816 0.00113047 1.44211e-05 1.07006e-05 0.0061813 0.00463826 0.0292239 0.000292819 0.0890379 0.0640278 0.000103429 0.0369633 0.0223857 0.360176 3.22314e-10 
0.594752 7.73158e-06 3.99181e-08 0.0656069 0.00390974 0.0234206 9.32014e-06 0.0304389 0.000175755 6.85871e-05 0.000856332 4.93112e-07 0.00322035 2.0269e-05 9.10695e-05 1.2487e-06 0.00124275 0.00934725 0.00482494 0.00933838 6.51098e-07 0.0561309 0.194895 0.00164005 9.32894e-09 
0.0419773 0.000213068 5.85594e-05 0.143497 0.0934018 0.0889391 0.00535375 0.0924591 0.00206941 0.104785 0.012279 0.000205331 0.00345989 5.78285e-05 0.000827083 0.000230043 0.0170585 0.00316763 0.00904044 0.168397 0.00109695 0.00255968 0.199648 0.00917944 3.89562e-05 
0.0962236 0.00118904 0.000535409 0.0105442 0.0335379 0.0163722 0.000157532 0.00044631 0.000141937 0.0011932 0.000642527 3.95966e-05 0.0224602 4.96484e-05 0.00254631 1.59227e-05 0.719907 0.000327097 0.00563875 0.00226881 0.00192418 0.0162804 0.0255475 0.0420073 3.02875e-06 
0.584198 9.41188e-06 7.91069e-07 0.0695196 0.00486269 0.0252514 1.11691e-05 0.0341612 0.000196644 8.44926e-05 0.000991677 1.03099e-06 0.00325433 2.30945e-05 0.000146944 1.99924e-06 0.00139708 0.0120617 0.0047191 0.00999927 1.67108e-06 0.054945 0.192358 0.00180283 9.79302e-08 
0.0459324 0.0206678 0.000257688 0.0034149 0.018348 0.0380115 0.00126012 0.0399239 0.00695992 0.00688439 0.0161298 0.0202009 0.0133408 0.000182038 0.000893132 0.000477951 0.285122 0.00265352 0.222919 0.00412228 0.0618833 0.0227182 0.0754282 0.0921604 0.000107389 
0.111033 0.0248364 0.00547182 0.0166849 0.0337133 0.0111225 0.00812907 0.0361682 0.000117009 0.0933071 0.00126922 0.000825623 0.0233278 0.000216383 0.000769965 0.000333751 0.00995454 0.000566238 0.279243 0.0182585 7.78976e-05 0.00628037 0.017814 0.300459 2.00934e-05 
0.130046 0.000411663 0.111326 0.0416344 0.0405542 0.0653419 0.0255569 0.0882225 0.00538688 0.0549803 0.00603863 1.5477e-07 0.0118092 6.60235e-05 5.06597e-05 0.00496514 0.197977 0.0411102 0.0319549 0.019762 0.000128066 0.0729216 0.0200175 0.0297372 1.32877e-07 
0.0839992 0.000351894 1.74304e-06 0.00621077 0.00765687 0.0168346 6.41489e-05 0.0328743 0.00355733 0.00644332 0.00506432 5.69172e-05 0.0798342 5.37331e-07 1.3086e-06 2.82404e-06 0.233486 3.05763e-06 4.63394e-06 0.0069779 0.000577111 0.106633 0.0969087 0.312455 2.06948e-07 
0.0151045 3.8271e-09 4.64647e-09 0.00670917 0.109867 0.00311631 0.0244529 0.0129432 0.0020109 0.0361142 0.00348315 1.72801e-05 1.05712e-05 0.000652451 1.48541e-05 6.20525e-09 0.00280156 0.000386006 8.83831e-06 0.000114266 2.84702e-09 5.17743e-06 0.0180862 0.764101 2.6626e-09 
0.182193 0.0392713 0.023521 0.03868 0.0424077 0.0416419 0.00252051 0.026812 0.000410058 0.124616 0.0119869 0.00946012 0.0459599 9.65598e-05 1.68459e-06 1.48807e-05 0.0172621 0.00437231 0.0127447 0.261472 5.94536e-05 0.0190214 0.0910803 0.00439405 1.18214e-07 
0.0658819 9.33286e-05 8.70354e-10 0.00597852 0.0302241 0.131469 0.00807058 0.0376335 2.52494e-06 0.0225851 0.0968885 0.000132703 0.234117 0.000126179 1.31421e-08 0.0115949 0.149222 0.00354642 0.0264722 0.0591597 5.72041e-06 0.0729498 0.025622 0.0182244 4.98746e-10 
0.027994 0.00059753 6.44588e-05 0.0328556 0.0681062 0.00107811 4.45139e-05 0.0526216 0.00312899 0.0221188 0.00383512 5.25358e-05 0.00492093 1.51451e-06 0.0235764 0.000194358 0.0128307 5.87088e-05 0.00341718 0.000768726 3.73949e-07 0.00678557 0.0736067 0.661341 9.22385e-08 
0.000585692 0.000791525 0.00167782 0.00737517 0.161283 0.0024911 0.00171917 0.0243411 0.0465507 0.0337919 0.00181593 7.53882e-05 0.000895321 0.00358473 0.663596 0.000776091 0.00264117 0.000896619 0.00520505 0.00624082 7.95051e-05 0.00350303 0.000984603 0.0290598 3.93956e-05 
0.00416667 0.000269661 1.18383e-08 3.29102e-06 0.232757 0.000247856 0.00218674 0.0355529 0.00051567 0.00423092 0.00131771 0.000401583 2.4142e-06 9.78307e-09 0.000856209 0.000209271 6.61827e-07 4.87136e-05 0.00202402 0.0080365 7.25366e-09 0.00638639 0.00102526 0.699761 6.78381e-09 
0.00283256 1.62701e-11 1.97535e-11 0.000237321 0.014676 0.0088894 0.000203641 0.00308856 0.000282197 0.00101391 4.40673e-08 1.26447e-05 0.000153393 6.55288e-10 1.75912e-05 2.38937e-06 0.0651434 0.00585165 0.0001132 1.79441e-09 2.93771e-06 0.0113275 0.878133 0.00801836 1.13195e-11 
0.0280152 0.000517319 1.66689e-05 0.00202006 0.00449888 0.00418932 7.16269e-05 0.149733 0.000143627 0.00499251 0.000361774 0.000209392 0.000228929 2.28038e-08 1.76378e-06 4.82582e-06 0.405578 4.69594e-06 0.00248374 0.0048357 0.176073 0.0454013 0.0473305 0.123287 1.23949e-10 
0.0104344 3.43738e-05 0.00713796 0.0902681 0.244728 0.0103431 0.00129276 0.41781 0.0114603 0.00173944 0.0118833 5.785e-05 0.0295958 4.34587e-05 0.000823228 0.00073956 0.0592632 0.00195097 0.000617323 0.0126065 0.000241054 0.0100944 0.00565443 0.0711744 5.95091e-06 
0.000309075 0.000116418 2.07387e-05 0.000322571 0.00045495 0.000104467 0.000118209 0.00137546 6.34619e-05 0.00247244 6.07902e-06 3.31357e-05 5.83943e-05 1.71382e-05 0.0686862 2.34407e-05 6.20012e-06 4.09698e-06 2.03453e-05 8.38397e-06 3.67116e-05 1.13139e-05 0.00141082 0.924319 9.32206e-07 
0.000443825 0.0490089 2.76885e-05 0.000432169 0.0705194 0.0063756 0.000798156 0.18259 0.0038571 0.00397668 0.000100224 5.48968e-05 5.9562e-05 6.81482e-05 0.00256107 2.97926e-06 0.000579107 0.000210343 2.80545e-06 8.25232e-05 1.46351e-05 0.00126914 0.0279857 0.648978 9.53314e-07 
0.0255678 2.40798e-06 8.19621e-10 0.10056 0.0245471 0.0693471 0.00140128 0.000794075 0.0184251 1.86946e-07 6.97588e-07 3.65893e-07 0.0230316 0.000244051 4.33501e-07 1.09458e-09 0.00320837 0.00019496 0.0918728 0.611031 1.17199e-07 0.0295093 0.000256031 5.27158e-06 4.69674e-10 
0.00661231 7.12986e-05 6.66159e-06 0.000669512 0.0240944 0.0242122 0.000543922 0.0163297 0.00156042 0.00951193 0.00129722 0.00037002 6.68431e-05 0.000157385 0.118246 8.8194e-06 0.0018205 0.00288372 0.024976 0.00149037 1.03918e-05 0.0461339 0.0266461 0.69228 1.51291e-07 
0.0153176 5.44742e-05 0.00896972 0.0170701 0.435594 0.119841 0.0178054 0.109354 0.00560234 0.0422244 6.62403e-05 2.2212e-05 0.000387845 6.85433e-05 0.0015451 4.82289e-06 0.0105075 0.0849324 0.00544282 0.0108411 2.92953e-06 0.0247312 0.0817905 0.00782081 2.56138e-06 
0.0017029 2.26758e-10 2.75307e-10 0.00387222 0.520874 0.117395 0.0529014 0.079695 0.00174115 1.87859e-07 6.1135e-07 3.83653e-06 0.00669548 6.82561e-09 7.48249e-08 6.25674e-08 0.00242966 2.83653e-06 2.2992e-07 0.000300447 1.64759e-08 0.14791 0.0400822 0.0243928 1.57761e-10 
0.0128019 1.36816e-07 5.3409e-12 3.60038e-08 0.0026922 0.215851 1.6865e-08 0.0560784 7.99222e-09 0.00915335 5.95801e-08 1.87787e-08 0.000817165 2.56037e-08 2.36134e-07 3.15597e-05 0.107704 8.54494e-05 0.0104585 4.66835e-06 3.53898e-05 0.205621 0.23051 0.148154 3.06054e-12 
0.00938844 1.83247e-05 6.84321e-07 0.00887303 0.0289502 0.00752379 0.00134634 0.0356202 0.00013808 0.000483358 0.000360682 2.37175e-05 0.00494412 1.63098e-05 4.54317e-05 9.86841e-05 0.00228122 0.000374229 0.00512137 0.78673 2.77047e-05 0.0204617 0.0861183 0.00105356 3.92142e-07 
0.00460936 4.81644e-11 5.84763e-11 0.0040545 0.624357 0.0688473 0.00893278 0.0255286 0.00331717 7.70871e-08 0.166842 6.29919e-05 0.00170277 1.69172e-08 1.57014e-05 7.80937e-11 0.00643039 0.0278018 0.0010078 0.0261571 3.583e-11 0.00987438 0.0204267 3.10939e-05 3.35092e-11 
0.0447015 1.38436e-07 4.13205e-06 0.073578 0.0737452 0.286343 5.35561e-08 0.00889589 0.00282982 0.000379035 0.332282 1.81257e-07 0.00141093 2.78586e-05 0.00724633 1.07203e-07 0.0211412 7.86071e-08 0.00524376 0.0591423 3.93118e-08 0.0593066 0.0222136 0.00150879 6.43172e-11 
0.00156032 3.22859e-06 6.96768e-08 0.00401208 0.174203 0.0124373 0.0029622 0.378122 0.00334029 0.000161442 0.00194359 1.08998e-06 2.23672e-05 9.01945e-05 0.00260334 7.16609e-06 0.0509694 0.110395 0.000887556 2.77473e-05 1.98007e-06 0.0150076 0.162932 0.0783091 6.65091e-08 
0.0574496 0.00296011 0.00403234 0.00263297 0.0740742 0.0143801 0.16981 0.0439594 0.0451683 0.0415149 0.000614846 0.000122073 0.00279248 0.0218346 0.00144518 0.000352103 0.100441 0.00210715 0.0295135 0.00956317 0.184311 0.0142186 0.047148 0.129526 2.89587e-05 
0.00386842 7.51985e-06 1.3459e-08 5.71378e-05 3.67371e-05 1.54998e-05 0.000399448 0.0139079 0.0076957 0.00206612 2.84753e-05 7.02894e-06 3.04215e-05 1.11224e-08 0.00257774 1.79742e-08 0.000712711 7.59347e-08 0.00203538 0.00032883 8.24671e-09 0.000985557 5.4144e-05 0.965185 7.71254e-09 
0.594752 7.73158e-06 3.99181e-08 0.0656069 0.00390974 0.0234206 9.32014e-06 0.0304389 0.000175755 6.85871e-05 0.000856332 4.93112e-07 0.00322035 2.0269e-05 9.10695e-05 1.2487e-06 0.00124275 0.00934725 0.00482494 0.00933838 6.51098e-07 0.0561309 0.194895 0.00164005 9.32894e-09 
0.0323437 6.33032e-08 4.69744e-08 0.00304056 0.00370715 0.0983091 1.22289e-08 0.0211254 9.71795e-05 0.000267941 0.000748731 2.05158e-06 0.000459669 1.76529e-08 5.96057e-07 1.64983e-05 0.0210624 0.0043908 0.00216394 0.00103537 2.75549e-06 0.0488004 0.762426 5.85398e-08 1.00361e-11 
0.00686159 2.91445e-05 0.000567082 0.000409167 0.000706275 0.00108998 0.000206034 0.0015038 4.64133e-05 0.0022751 0.000299534 0.000202343 0.000242944 2.23323e-05 1.553e-05 2.0884e-05 0.894393 4.40328e-05 0.000742619 0.0141611 0.00303327 0.00306206 0.0659029 0.00415483 7.59514e-06 
0.00528242 0.108359 1.43878e-06 0.00342206 0.0560722 0.0189297 0.0012172 0.0401243 0.000287054 0.038829 0.000164098 8.74744e-05 0.000102768 3.03345e-07 7.50694e-05 1.5379e-05 0.000720691 0.00251963 0.00376392 0.000682307 4.06953e-07 0.00828595 0.0737268 0.63733 2.70565e-07 
0.0183966 4.11319e-07 4.08167e-11 0.00705556 0.000669401 0.0870314 0.000142582 0.173326 0.00223144 0.000472599 8.47406e-08 0.000173126 0.00986331 6.04508e-06 0.0138863 1.38516e-05 0.0133117 4.8047e-05 0.00847016 0.0761678 1.84729e-05 0.243328 0.323824 0.0215629 2.33895e-11 
0.0044518 2.01444e-06 2.44573e-06 0.0110251 0.0990535 0.00335964 0.000268361 0.027323 0.00116019 0.00068258 4.27011e-05 5.7664e-05 0.000104962 1.66079e-05 0.000285684 6.05142e-05 0.0478476 5.95484e-05 3.92346e-05 0.000144881 2.08117e-05 0.00470351 0.0294418 0.769845 1.4015e-06 
