0.0373459 7.57736e-07 5.54049e-09 0.0156956 0.0557757 0.00246795 0.000445839 0.324854 0.0050139 0.00835607 0.00115237 0.000593983 0.00327764 4.5786e-09 0.0120648 7.39918e-09 0.0432098 0.0117675 0.00134206 0.00117952 0.0136656 0.0136636 0.0182983 0.429829 3.17491e-09 
0.0550785 5.54292e-07 8.60351e-10 3.64461e-06 0.29953 2.42699e-06 0.0182569 0.12635 0.0144769 4.01629e-07 9.80153e-06 0.000111794 0.00993017 1.75494e-05 1.89809e-06 7.19211e-07 0.0311649 0.000565838 0.0446113 0.0435481 2.72356e-05 0.154466 0.121447 0.080398 4.93014e-10 
0.08741 8.98943e-05 0.00012745 0.00605981 0.00275406 0.0461091 0.000871173 0.0100079 0.0160714 0.0747301 0.00117026 0.00376531 0.0146449 0.000143294 0.000847477 1.96382e-05 0.506148 0.000981698 0.0220507 0.0678138 0.00410062 0.106362 0.0184988 0.00921626 6.35496e-06 
0.000966491 0.000159793 3.70232e-10 0.00295058 0.00523368 0.26491 3.97646e-05 0.19357 0.000166684 0.00180964 1.5332e-08 2.74758e-06 7.47701e-09 1.52217e-12 7.07659e-08 9.596e-09 3.76821e-08 6.01646e-08 0.00791427 2.81551e-09 1.01688e-09 0.0220992 0.497123 0.00305478 1.05551e-12 
0.000248857 4.58637e-10 5.5683e-10 0.00287316 0.0235014 0.554202 4.33916e-07 0.0340096 0.00465692 0.00379441 0.062062 0.000121652 0.000726907 4.60159e-10 1.94871e-07 0.000390214 0.00219795 2.16685e-07 0.249659 1.20167e-07 1.11525e-07 0.0192081 0.0419905 0.00035597 3.19085e-10 
0.0222459 0.000498079 6.28741e-05 0.00419666 0.002022 0.00758895 0.000266289 0.0249427 8.40981e-06 0.00472186 0.00106495 0.000118712 0.00024427 3.60826e-06 0.194583 4.45239e-05 0.177906 6.10496e-05 0.00319236 0.00940967 0.0190904 0.019439 0.0704215 0.437867 1.33332e-07 
0.0282256 0.00160119 1.71856e-05 0.0222057 0.0712354 0.00633187 0.0034624 0.0462087 0.00155901 0.0330402 0.00369087 0.00151078 0.00280725 6.87592e-05 0.0238099 8.3627e-05 0.0324474 0.00246118 0.00326682 0.0519403 0.141917 0.0204591 0.028183 0.473465 1.91114e-06 
0.000769936 0.000423277 0.000117061 0.0447565 0.000770989 0.226806 0.000440461 0.0120455 0.00016883 0.00127216 0.000125527 3.22039e-05 0.000156422 0.000175937 0.0510264 4.33236e-05 0.0116572 5.89941e-05 0.000998786 0.000437629 0.00350955 0.0651469 0.0249114 0.554145 3.73245e-06 
0.01287 0.00802163 0.000177554 0.00625448 0.278082 0.0162929 0.00540341 0.36172 0.00615825 0.00758072 0.0240125 7.98342e-05 0.00278941 0.000597432 0.012605 0.00138269 0.0106491 0.0355713 0.0242238 0.0113783 0.000228544 0.00949753 0.0552657 0.109115 4.4093e-05 
0.27697 1.91224e-07 2.3882e-08 0.00947901 0.0282524 0.00456875 0.00058612 0.143266 0.00157615 0.0053773 0.00877781 2.2865e-06 0.00742738 4.33533e-05 0.000180969 1.11564e-06 0.0388059 0.000190472 0.00710674 9.17478e-05 5.82766e-06 0.0180955 0.445717 0.00347748 1.64054e-08 
0.130726 0.000362109 1.65615e-08 5.76421e-05 0.00440314 0.0223015 1.71212e-06 0.00407385 6.397e-05 0.0752487 0.552721 5.23816e-05 0.0632333 0.000130335 8.60373e-07 0.0012851 0.0398429 7.30289e-06 0.00166627 0.00194369 1.12415e-06 0.00671564 0.00168006 0.0934814 9.49039e-09 
0.0173376 9.97612e-11 1.2112e-10 0.000468149 0.0293787 0.612609 6.26246e-07 0.0104662 0.00052269 0.000210149 0.00170768 2.00687e-08 0.000962158 1.00092e-10 7.38608e-11 1.61388e-07 0.197577 0.0556602 0.00691799 6.69978e-05 5.55531e-08 0.0394132 0.0264137 0.000287094 6.94063e-11 
0.0913308 6.64423e-05 2.67583e-08 0.535414 0.0345563 0.000867727 0.00162247 0.0444461 0.0523331 6.15804e-05 5.95971e-05 3.04411e-06 0.000260184 1.05947e-05 2.4495e-05 2.04299e-05 0.00111521 0.00331048 0.00188653 0.000235755 5.36324e-06 0.0269737 0.200098 0.00529815 1.53335e-08 
0.0286919 2.64283e-09 7.53438e-07 0.0212524 0.118906 0.0278797 0.00459866 0.160163 0.245278 0.00369978 0.000203406 2.50604e-06 0.000927494 0.000649182 1.3257e-06 0.00296311 8.64182e-07 0.00111641 0.000220437 0.0093139 1.77325e-07 0.00917689 0.00595213 0.359002 1.83868e-09 
0.113723 0.00510919 0.00102642 0.633812 0.0208442 0.00562943 4.02235e-05 0.00163394 0.000222252 0.0103085 0.00109206 0.000102101 0.117688 0.000154631 0.000105478 1.4941e-05 0.00127831 0.00177351 0.0283999 0.020677 0.000258503 0.00572369 0.0278949 0.00248793 1.40106e-07 
0.0353876 0.000948268 3.94034e-06 0.139428 0.0257888 0.0286328 0.00535003 0.0204004 0.000705802 0.0047296 0.0419002 1.22123e-05 0.239784 3.53066e-08 2.60537e-08 5.70567e-08 0.00420499 0.000273507 0.00318373 0.412628 1.15766e-05 0.0189685 0.00689337 0.0107643 2.44824e-08 
0.083912 3.87467e-08 4.70423e-08 0.021376 0.157095 0.00067908 0.036238 0.0223579 0.0107278 0.00282688 0.000196528 9.40558e-07 0.000570379 2.85334e-05 0.0158143 0.000954328 0.10376 0.00767873 0.0268296 0.000108295 0.000182118 0.324612 0.0112712 0.172781 2.6957e-08 
0.0477271 7.35253e-06 8.68796e-09 0.0050614 0.195699 0.0337606 0.0026721 0.00624756 0.000517 0.158618 0.00825992 1.33325e-05 0.00253586 2.30421e-08 1.10797e-05 0.001604 0.0260614 6.82009e-06 0.00289577 0.00408511 5.43262e-06 0.0591218 0.245974 0.199115 4.97853e-09 
0.134457 0.0567727 8.06672e-06 0.0108717 0.174787 0.00597061 0.0214933 0.0779556 0.010251 0.192861 0.000516306 0.0212674 0.00340661 0.0545345 0.000968418 0.000203589 0.0108204 0.000145062 0.0184632 0.00485518 2.74689e-05 0.0118098 0.0185727 0.168979 2.05876e-06 
0.594752 7.73158e-06 3.99181e-08 0.0656069 0.00390974 0.0234206 9.32014e-06 0.0304389 0.000175755 6.85871e-05 0.000856332 4.93112e-07 0.00322035 2.0269e-05 9.10695e-05 1.2487e-06 0.00124275 0.00934725 0.00482494 0.00933838 6.51098e-07 0.0561309 0.194895 0.00164005 9.32894e-09 
0.0205842 0.000517702 6.06375e-10 0.0215409 0.0685724 0.235604 0.000998613 0.206786 0.00337726 0.000722337 0.0444289 1.21959e-07 0.000646461 6.54194e-07 3.36149e-06 8.09799e-10 0.000753436 0.00173462 0.0279571 0.0666798 3.71542e-10 0.152973 0.146018 0.000100816 3.47476e-10 
0.0135661 4.75981e-05 2.12994e-07 0.00662336 0.190936 0.0410517 0.0128624 0.0376288 0.00153054 0.00602197 0.00324788 9.47358e-07 0.00110725 0.000150309 0.000948167 2.35644e-05 0.0621098 0.000107538 0.00207153 0.000139413 2.01723e-05 0.192992 0.349441 0.0773712 1.22054e-07 
0.217413 2.82056e-07 6.03213e-10 0.00671389 0.0125199 0.00792725 0.0413079 0.0331963 0.000725138 0.0149025 0.00238446 3.66639e-08 0.00628618 4.9849e-10 5.87297e-09 0.000893876 0.0994069 4.89147e-05 0.0326147 1.07397e-06 1.06084e-05 0.0459974 0.396896 0.0807536 3.45664e-10 
0.0583734 8.15749e-06 2.77784e-09 0.139035 0.332586 0.00721513 0.000409513 0.117888 0.00163023 8.86686e-06 0.00261188 6.47759e-07 0.000810677 2.29558e-09 0.000454751 2.90344e-06 0.0136524 0.000380503 6.14319e-06 0.0473005 0.0023722 0.021188 0.182922 0.0711436 1.59181e-09 
0.00133358 0.000473745 0.00136137 0.000507256 0.0179149 0.00621199 0.00274394 0.0198836 1.78977e-05 0.00170007 0.034559 8.52394e-05 0.00737614 4.06758e-06 8.90303e-06 0.000408956 0.0237857 6.2159e-05 0.000156494 0.0167163 0.178554 0.000672417 0.00264201 0.68282 3.25079e-07 
0.00979252 0.00107897 2.63913e-10 0.00549935 0.00965426 0.00434593 0.000300149 0.0652639 0.000201839 0.750771 0.0105675 2.20917e-06 0.0914019 0.000550666 0.00138113 3.5245e-10 0.0104073 0.000481642 0.00926325 0.00894036 2.99113e-08 0.00268606 0.00295442 0.0144554 1.51232e-10 
0.00589723 3.16044e-06 2.2999e-08 1.40737e-05 0.723899 2.45875e-06 0.149647 0.0433675 0.00143599 0.00500098 0.000914277 5.34067e-06 2.49054e-05 3.07957e-06 1.75628e-05 3.07146e-08 1.0337e-05 0.00175567 6.3916e-05 2.08361e-05 1.40921e-08 0.00555314 0.00290726 0.0594559 1.31793e-08 
0.0278065 0.00649616 1.21584e-05 0.00243017 0.0138849 0.00127659 0.0108941 0.0115572 0.000726296 0.00158774 0.000136686 4.27516e-05 0.00526658 1.48293e-06 1.09429e-06 2.39646e-06 0.729777 2.38758e-05 0.000464054 0.000411793 2.30477e-06 0.101911 0.0651298 0.020156 1.02829e-06 
0.00341488 7.16535e-05 6.69643e-06 0.000511943 0.15255 0.0213924 0.016279 0.382493 0.00323287 0.00236849 0.00629682 7.83453e-05 0.00135857 4.88145e-06 0.000439487 0.000100319 0.0890824 0.00282606 0.000343125 9.78519e-06 3.25744e-05 0.0544488 0.102749 0.159909 6.79058e-08 
0.0385512 0.00274091 9.68924e-05 0.0398424 0.0820243 0.240291 0.00310855 0.0355271 0.00818946 0.030414 0.00948034 0.000523382 0.0082225 0.00166386 0.000943969 5.15391e-05 0.018669 0.0150957 0.0115049 0.18053 5.35635e-05 0.0272834 0.231528 0.0136239 4.01202e-05 
1.40894e-07 0.000831331 2.31496e-10 0.00880401 0.798385 0.00217855 0.0204238 0.0297876 0.0300087 3.44888e-07 1.51278e-05 0.000236659 1.21497e-07 1.0311e-06 3.00704e-06 3.09157e-10 3.59656e-07 0.0295909 0.00483218 6.94524e-07 0.000321308 5.94042e-07 0.00974818 0.0648307 1.32656e-10 
0.0583597 0.00584236 0.00189566 0.00865116 0.030419 0.00822052 0.00107932 0.0538245 0.000116906 0.00106387 0.0360416 4.92969e-05 0.0312343 0.00148888 3.92904e-05 0.00345798 0.442421 0.000313345 0.00398566 0.0229526 0.00298995 0.0145041 0.242731 0.0283015 1.65165e-05 
0.00315421 6.80099e-08 2.65491e-12 2.65433e-08 0.0020045 0.106192 0.000426725 0.257383 9.69415e-05 0.00141614 8.77191e-09 8.58891e-05 0.000167189 1.78311e-05 0.000410948 4.10108e-05 0.0399274 0.000143758 3.17389e-08 3.07105e-06 5.49282e-05 0.102751 0.421044 0.0646795 1.52137e-12 
0.213549 0.000159386 4.61193e-05 0.212041 0.0441503 0.00478539 5.58492e-05 0.0614717 0.166382 0.0420325 0.00749728 6.00852e-06 0.0049984 2.99308e-07 4.45901e-05 2.84783e-07 0.00470076 0.000353556 0.0016446 0.14048 2.19369e-07 0.00337206 0.0774523 0.0147771 1.94503e-10 
0.000688057 0.000931739 0.0019731 0.0011925 0.00326755 0.00292588 0.00201966 0.142982 0.00131344 0.000851964 0.0021338 8.89603e-05 0.0585024 0.0013419 0.069825 0.00036248 0.0010312 0.000285197 0.00104308 0.00732996 9.49682e-05 0.00232052 0.00115647 0.696291 4.77589e-05 
0.00307962 0.000179846 4.8387e-08 1.59593e-05 6.09037e-05 8.70254e-06 9.58806e-05 0.110204 1.84127e-07 0.00439814 2.01613e-05 4.11689e-07 0.000111957 5.90541e-07 5.10788e-06 5.86176e-07 1.63655e-05 1.46182e-07 0.000456404 5.23633e-05 9.79786e-07 0.854124 0.0271486 1.96998e-05 2.77276e-08 
0.0999923 0.000250856 0.00537459 0.00688305 0.00280703 0.0346283 8.42697e-05 0.00496961 3.49162e-05 0.651796 0.000615866 6.08207e-05 0.023952 0.000279585 6.01011e-06 2.91123e-08 0.101278 1.15752e-05 0.00940839 0.0309486 9.02295e-05 0.0169165 0.0055118 0.00409993 2.16972e-08 
0.00869573 0.0106025 5.18181e-09 1.03984e-06 0.619757 0.0595638 0.0054724 0.0887339 0.000106255 0.00169621 4.07182e-06 3.81264e-05 0.000789458 2.93972e-05 3.15995e-09 6.92017e-09 0.000829574 7.35237e-06 0.0553425 0.000797716 2.90186e-08 0.00273569 0.14334 0.0014581 2.96937e-09 
0.0338464 0.000551047 0.00017283 0.217551 0.0277014 0.0690077 0.0027138 0.0388539 0.0402579 0.00203536 0.00738212 0.00100071 0.00298581 3.40781e-05 1.76281e-07 3.93376e-05 0.0242795 0.00118209 0.0141154 0.0133025 0.0156137 0.136594 0.310414 0.040365 7.29216e-09 
0.129515 6.49101e-05 3.99297e-06 0.0165667 0.00577644 0.00069667 0.000130532 0.0508476 0.00636484 0.000705747 0.00232074 1.08519e-05 0.0245155 8.51728e-07 0.0478129 5.07971e-05 0.0935939 0.00651662 0.00576036 0.00672079 3.17544e-06 0.010082 0.569857 0.022082 5.1472e-07 
0.0179737 9.09061e-05 0.000273392 0.00960767 0.0419661 0.00173498 0.00185779 0.117082 0.0128005 0.00671215 9.81104e-05 0.000106078 0.000234182 0.000134529 0.000279525 1.35648e-05 0.0126474 6.16151e-05 0.00732396 0.0119054 3.92279e-05 0.0656215 0.00396573 0.687463 6.44337e-06 
0.01799 0.0189862 1.10281e-10 0.0216413 0.0403746 0.474868 0.000502888 0.00700051 0.000498893 0.00352967 0.000307427 7.72272e-08 4.89079e-07 0.127674 1.74324e-07 4.23284e-08 0.0386189 0.000125168 0.150888 0.0233967 7.36964e-06 0.0303345 0.021791 0.021464 6.31952e-11 
0.370299 0.00144238 1.39513e-10 0.0960974 0.0311375 2.11853e-07 0.00715386 0.00679454 0.0032348 0.00458757 3.89192e-07 7.92717e-06 0.00123547 1.15292e-10 5.84251e-07 5.15936e-08 0.013114 1.21066e-05 0.0032521 4.49456e-06 2.39877e-07 0.00162918 0.181022 0.278974 7.99465e-11 
0.278132 0.000137708 1.75057e-07 0.113663 0.0143537 0.0832647 0.000879596 0.0728216 0.00881507 0.0368356 0.00179047 5.23145e-08 0.0060111 4.1144e-06 0.000399843 3.73103e-07 0.00209213 0.000299813 0.0239365 0.0281004 5.65006e-10 0.024475 0.283483 0.0205033 5.28408e-10 
0.170804 7.34919e-05 3.12376e-09 0.0140233 1.16861e-05 0.00280821 2.16275e-05 0.000139623 4.52815e-07 0.422769 1.25725e-06 3.13015e-05 0.298323 3.87003e-05 0.000646018 6.60654e-06 0.00329009 3.2739e-08 0.0047354 0.0468163 1.62657e-05 0.00617981 0.00387576 0.0253874 2.75242e-09 
0.00688789 8.57049e-08 5.72917e-11 0.0360302 0.0211618 0.346693 9.28437e-07 0.0343243 1.17718e-07 0.000151078 1.51659e-06 1.82779e-08 0.263995 7.28455e-09 3.49374e-11 0.000133579 0.141489 1.1412e-07 0.0259351 0.0182976 1.68039e-08 0.022193 0.0827054 5.60633e-08 3.28304e-11 
0.00111026 1.73156e-06 3.66957e-06 0.00241454 0.0922864 0.180445 0.000972141 0.607575 0.00402911 0.000148478 0.000158758 7.88855e-06 0.000396418 2.02014e-05 4.11638e-05 9.31499e-05 0.00102774 0.000118768 0.000748652 0.00675247 2.42601e-06 0.0158955 0.0809881 0.00476169 8.68134e-08 
0.00529748 9.1599e-05 6.47008e-05 0.000913403 0.000490832 0.00073511 0.000115569 0.00057129 1.50782e-05 0.00757793 0.000322625 0.648355 7.38065e-05 0.000133674 1.02429e-05 8.66599e-06 0.00509408 5.8056e-05 0.00237275 0.00332024 0.312663 0.0068757 0.00215699 0.00267979 2.42738e-06 
0.017119 6.00294e-05 1.72608e-07 0.0042053 0.0428725 0.419827 0.00149341 0.0288338 0.000372381 0.000253929 0.0577258 1.87494e-06 0.00118776 1.33774e-06 0.000188079 4.52917e-06 0.0163839 0.00407928 0.00178299 0.000903584 3.57559e-08 0.0167369 0.384904 0.00106242 4.18936e-11 
0.016569 9.37155e-06 4.36614e-08 0.0249847 0.00224358 0.0216581 6.09427e-06 0.0123352 0.0014376 7.23515e-06 0.497117 3.85088e-07 0.280486 1.05312e-05 3.4478e-05 5.83087e-08 0.00172044 3.85907e-08 6.54066e-05 0.110596 9.06685e-07 0.0195403 0.00309702 0.00808083 2.50196e-08 
0.0270086 4.34656e-05 0.00015124 0.0292485 0.0727882 0.0100671 0.00282005 0.0479686 0.585162 0.040988 0.000180616 2.48399e-05 0.000849773 0.000358889 0.00258213 0.000123531 0.0484951 0.000296833 0.00149081 0.00922427 0.0214461 0.0316031 0.0354556 0.0316066 1.61324e-05 
0.00737778 7.54113e-10 9.15567e-10 0.000922946 0.0227176 7.32358e-05 0.000366271 0.0182565 0.000533294 0.00519982 0.00116011 0.00244148 0.0191494 7.56615e-10 0.00216535 5.31455e-05 0.190567 0.0015377 3.28803e-07 7.00245e-05 0.000217607 0.000641013 0.268362 0.458187 5.24655e-10 
0.00375998 5.12571e-09 6.46328e-06 0.00233856 0.0408233 4.04901e-09 0.212887 0.316429 0.00144291 0.000508651 8.08367e-06 1.53815e-07 2.06247e-05 1.88588e-05 1.46347e-05 6.07211e-07 6.83042e-05 0.389482 1.55872e-06 5.3052e-06 3.81307e-09 0.0011042 0.000661952 0.0304181 3.56608e-09 
0.00037721 0.00268035 3.76871e-08 0.0537525 0.021142 0.386929 0.000151929 0.0529267 0.000164847 0.000283183 4.44191e-06 6.63998e-06 0.000275153 1.36904e-05 0.000900346 0.000113358 0.0542857 0.000363369 0.000622715 4.0261e-06 1.03268e-05 0.282669 0.116536 0.025788 8.72416e-09 
0.00573239 0.0022841 0.000190925 0.0200473 0.0682113 0.0187454 0.00447675 0.00918769 0.000449075 0.000363438 0.000901735 8.66963e-06 0.00472517 0.000129925 0.000114322 3.56803e-05 0.656724 8.88537e-05 0.00178841 0.00982211 2.73941e-05 0.159053 0.0320411 0.00484675 4.90975e-06 
0.00425729 6.73261e-07 2.851e-09 0.00498633 0.611967 0.00259218 0.0281872 0.0372202 0.004012 0.00203518 0.00167861 6.39269e-07 0.00295856 5.90413e-08 0.0021319 4.36344e-05 0.000480457 0.000295993 0.00198234 0.0540362 1.33088e-07 0.00260393 0.0271083 0.211421 1.63373e-09 
0.00388123 5.53879e-10 6.72463e-10 1.28905e-06 0.0166833 8.21383e-08 1.07853e-06 0.00278172 0.00584063 0.00113581 1.02969e-06 0.000612522 0.00555799 5.55717e-10 0.0208954 8.98058e-10 8.51425e-06 0.0731248 5.03819e-07 0.000440443 4.12036e-10 1.26939e-07 0.0517904 0.817243 3.85347e-10 
0.0120542 1.67268e-06 2.29129e-08 0.191956 0.0999032 0.440163 0.00227573 0.0386678 2.27833e-06 0.000646005 0.0130596 3.56427e-07 0.0218814 1.58665e-07 5.82154e-06 4.70224e-05 0.0187015 9.65278e-05 0.000501687 0.00649922 4.6824e-06 0.10397 0.0492871 0.000274214 1.313e-08 
0.0201379 5.6255e-11 6.8299e-11 0.0393665 0.585693 2.01348e-06 0.0207755 0.0295919 0.00107528 3.61046e-07 1.34796e-06 7.0712e-07 0.0131657 7.90747e-08 4.16498e-11 9.12116e-11 4.13891e-07 0.000179378 4.82628e-06 0.231148 4.18486e-11 0.0586426 0.000116087 9.88553e-05 3.91379e-11 
0.00283256 1.62701e-11 1.97535e-11 0.000237321 0.014676 0.0088894 0.000203641 0.00308856 0.000282197 0.00101391 4.40673e-08 1.26447e-05 0.000153393 6.55288e-10 1.75912e-05 2.38937e-06 0.0651434 0.00585165 0.0001132 1.79441e-09 2.93771e-06 0.0113275 0.878133 0.00801836 1.13195e-11 
0.0973852 0.15166 6.82405e-08 0.0040082 0.0509206 0.00153353 4.88038e-05 0.0529331 3.33256e-06 0.0417122 0.00696756 7.87926e-05 0.460268 6.10415e-06 6.66599e-06 3.59423e-06 0.0334527 0.00138738 0.00169386 0.00958194 0.000566832 0.000197124 0.0174283 0.0681557 3.91044e-08 
0.003073 8.95637e-05 2.17676e-06 0.0959736 0.00187968 0.124844 4.31384e-05 0.0424184 1.35351e-06 1.37431e-05 0.00287429 0.000469007 0.00338082 1.923e-06 4.65479e-06 2.29434e-06 0.11433 0.00267889 0.000543779 0.00704974 0.1367 0.0138311 0.44777 0.002024 1.0162e-06 
0.0709755 0.000165528 3.20818e-09 0.138119 0.000929144 0.160961 0.000786745 0.0168953 4.51043e-05 0.116832 3.88715e-05 2.47463e-05 0.000591462 0.00117516 0.150147 2.60994e-05 0.0149923 8.78203e-05 0.00341097 0.00184632 1.48887e-05 0.160401 0.0401864 0.121347 1.83841e-09 
0.0257044 2.40079e-05 1.06408e-07 0.00603446 0.176966 0.0707812 0.269268 0.0316179 0.0239935 0.00157161 0.0022658 0.00111999 0.0119275 4.14882e-06 0.0666589 1.42105e-07 0.00357432 0.00063683 0.0149144 0.0647061 2.60729e-06 0.0447301 0.130592 0.0529058 6.09759e-08 
0.0126625 9.55543e-05 1.43885e-07 0.0686959 0.226906 0.0102115 0.00239052 0.113866 0.0161173 0.090223 0.00415654 7.46203e-05 1.25498e-07 9.13584e-06 0.014557 1.72828e-07 0.000111368 0.00723662 8.26447e-07 0.000837618 1.50293e-06 0.0472182 0.229248 0.15538 1.15344e-07 
0.00894321 1.36234e-10 1.65402e-10 0.0336561 1.12091e-06 0.0923749 0.00163895 0.0326538 3.2571e-08 0.000855971 0.0296292 4.57977e-07 0.00616964 5.13119e-08 1.00865e-10 5.37734e-08 0.00305839 2.31892e-07 0.0130736 0.763619 1.01346e-10 0.00286336 0.0113523 0.000109876 9.47815e-11 
0.170804 7.34919e-05 3.12376e-09 0.0140233 1.16861e-05 0.00280821 2.16275e-05 0.000139623 4.52815e-07 0.422769 1.25725e-06 3.13015e-05 0.298323 3.87003e-05 0.000646018 6.60654e-06 0.00329009 3.2739e-08 0.0047354 0.0468163 1.62657e-05 0.00617981 0.00387576 0.0253874 2.75242e-09 
0.130903 3.21508e-05 8.03536e-05 0.0206855 0.0516904 0.041126 0.00676286 0.0493193 0.00342043 0.00568523 0.00594155 0.000145616 0.0432946 0.000455255 0.0129606 0.000167422 0.0201875 0.00255307 0.0317077 0.00729308 0.000150392 0.0236552 0.244907 0.296857 1.8121e-05 
0.00228731 4.82298e-07 3.95643e-09 0.00482821 0.814835 0.000627205 0.00688633 0.10783 0.00477087 1.32936e-06 0.0165247 9.35605e-05 0.0136753 3.39476e-06 0.00797773 1.11199e-07 0.000185056 0.00165079 0.00242978 0.00374053 2.42421e-09 0.000908592 0.00117446 0.00956921 2.26719e-09 
0.00403234 5.04659e-10 0.000151374 0.00091153 0.552246 0.000408449 0.0867989 0.123714 0.158214 0.000577136 3.61741e-08 8.50867e-08 0.000127596 1.05899e-06 5.14843e-06 0.00929562 0.00180708 3.06191e-05 0.00546005 0.000189241 5.35474e-07 0.0294183 0.00350501 0.0231056 3.51103e-10 
0.00646887 3.06053e-05 7.76463e-10 0.00945085 0.103789 0.0271186 0.000124963 0.0295293 0.000673731 0.0044219 2.85472e-05 0.000134676 0.00204045 4.06563e-08 0.387599 4.12251e-05 0.000975834 0.00335827 0.000759143 0.000345821 5.33807e-08 0.00757396 0.0884373 0.327098 4.44943e-10 
0.005368 0.030858 8.75314e-05 0.00323257 0.118466 0.00078721 0.000582032 0.226819 8.0803e-07 0.000139454 4.96357e-07 4.50274e-05 0.000323744 6.12631e-07 0.00859125 4.48755e-07 0.0041192 0.0074293 0.000995967 5.76358e-05 0.000635373 3.24957e-06 0.106443 0.485014 3.98729e-07 
0.170804 7.34919e-05 3.12376e-09 0.0140233 1.16861e-05 0.00280821 2.16275e-05 0.000139623 4.52815e-07 0.422769 1.25725e-06 3.13015e-05 0.298323 3.87003e-05 0.000646018 6.60654e-06 0.00329009 3.2739e-08 0.0047354 0.0468163 1.62657e-05 0.00617981 0.00387576 0.0253874 2.75242e-09 
0.00130928 5.61659e-06 1.04431e-06 0.00485971 0.0903122 0.0669031 3.05832e-05 0.459141 2.15013e-05 4.81577e-05 0.0328506 9.21861e-06 0.0116869 8.63007e-07 6.36837e-07 1.39465e-06 0.300298 0.000111949 2.70386e-06 7.12016e-06 6.39877e-07 0.00073751 0.03165 9.58282e-06 5.98429e-07 
0.000921903 0.000114739 0.000115225 0.124549 0.0305761 0.00319981 0.00414993 0.054378 0.0186371 0.00051254 0.00344501 5.70259e-06 0.000214122 9.44761e-05 0.00148006 6.46875e-05 0.0119323 0.000296648 0.00345734 0.519803 7.99618e-06 0.116352 0.0828467 0.0228401 5.51068e-06 
0.0765445 2.1387e-06 0.000188912 0.017894 0.0236051 0.097932 1.15782e-05 0.0199734 0.00116066 0.000153238 0.523455 5.07442e-05 0.0651898 0.00151464 0.00818783 3.77076e-07 1.54952e-06 6.83725e-06 0.00546102 0.132508 1.73005e-07 0.0021901 0.0113888 0.0125793 1.61799e-07 
0.0136457 9.3706e-06 4.78485e-10 0.00434438 0.0492579 0.0717325 0.000798313 0.282843 0.404492 0.00517324 0.000310554 6.62896e-06 0.0350825 3.95415e-10 2.91788e-10 2.98486e-07 0.0116649 0.000104806 0.00600021 0.00657714 2.9318e-10 0.0118741 0.030036 0.0660468 2.7419e-10 
0.00581964 4.1397e-05 4.18458e-07 0.0643629 0.0297059 0.0391169 0.000166825 0.136376 0.00286814 0.00464591 0.0011766 0.000100907 0.00205122 8.30708e-05 0.0936464 5.5884e-07 0.0185676 2.61666e-05 0.002395 0.00130673 7.75936e-05 0.000256669 0.0162318 0.580976 2.39792e-07 
0.140885 3.35419e-08 2.34435e-10 0.04182 0.406254 0.024533 0.000188237 0.0782835 0.0894535 0.000848977 3.60553e-07 0.000163668 1.55081e-06 1.93735e-10 7.07417e-07 1.67762e-07 2.80322e-06 0.00261437 0.00258745 0.0323673 1.34591e-07 0.00753839 0.172456 2.822e-07 1.3434e-10 
0.00671312 9.69446e-11 1.177e-10 0.0131229 0.783531 1.68935e-06 0.0197732 0.0566414 0.0029723 3.02938e-07 0.00225064 5.93295e-07 0.00438958 6.63949e-08 7.17754e-11 1.57186e-10 3.4727e-07 0.00138536 4.04933e-06 0.0770534 7.2118e-11 0.0195492 0.00978228 0.00282838 6.74467e-11 
0.0194492 4.50375e-05 1.34003e-07 0.0105465 0.033584 0.481196 0.00112009 0.0368768 0.000613229 0.000190464 0.0469102 1.40798e-06 0.000890853 1.00606e-06 0.00034231 3.40265e-06 0.0133159 0.00305952 0.00306355 0.00368286 2.72343e-08 0.0154325 0.328149 0.00152684 4.52975e-11 
0.594752 7.73158e-06 3.99181e-08 0.0656069 0.00390974 0.0234206 9.32014e-06 0.0304389 0.000175755 6.85871e-05 0.000856332 4.93112e-07 0.00322035 2.0269e-05 9.10695e-05 1.2487e-06 0.00124275 0.00934725 0.00482494 0.00933838 6.51098e-07 0.0561309 0.194895 0.00164005 9.32894e-09 
0.240748 1.99372e-05 1.49079e-08 0.00958687 0.0186683 0.359059 0.0019206 0.0217983 0.000400329 0.000303571 0.0816456 8.9744e-07 0.000969842 0.000850674 0.000159574 1.35368e-06 0.0271868 0.0020334 0.00454275 0.00996536 1.06986e-09 0.00877114 0.186344 0.0250227 1.37303e-11 
0.102034 0.000393128 9.21686e-08 7.43576e-05 0.00343408 0.0175338 9.31282e-06 0.00325369 6.37927e-05 0.0588076 0.649832 5.82919e-05 0.0496211 0.000109898 1.62363e-06 0.00105857 0.0312236 9.94785e-06 0.00131991 0.00160729 2.51241e-06 0.0053095 0.00136642 0.0728754 5.28161e-08 
0.0167936 0.000211114 4.42104e-12 0.00296915 0.0204658 0.396341 5.58381e-08 0.0807419 4.14825e-08 0.000272361 0.000792509 1.20346e-08 0.00922569 8.4067e-09 4.31391e-08 2.8346e-08 0.0146246 0.00073906 1.86781e-07 6.86227e-08 2.70889e-12 0.0220001 0.431299 0.00352263 2.53342e-12 
0.0201379 5.6255e-11 6.8299e-11 0.0393665 0.585693 2.01348e-06 0.0207755 0.0295919 0.00107528 3.61046e-07 1.34796e-06 7.0712e-07 0.0131657 7.90747e-08 4.16498e-11 9.12116e-11 4.13891e-07 0.000179378 4.82628e-06 0.231148 4.18486e-11 0.0586426 0.000116087 9.88553e-05 3.91379e-11 
2.19468e-06 1.1173e-06 1.24965e-08 0.0615825 0.35456 4.85427e-06 0.000917188 0.169903 0.00301625 0.000913424 0.0961334 2.38122e-07 0.0104882 1.03858e-07 9.82981e-06 1.45261e-06 3.3511e-06 0.00287542 9.49885e-06 0.0608505 5.15467e-05 5.77098e-06 0.15559 0.0830801 7.161e-09 
0.00936118 4.29082e-08 0.204292 0.00302222 0.371804 0.00444196 0.30278 0.00719338 0.0149767 0.000445492 0.000134893 5.00385e-06 0.00479831 1.71662e-06 1.25217e-06 0.000363102 0.00326001 3.64892e-08 0.00807104 0.0101073 5.5648e-06 0.00303618 0.0440192 0.00787909 5.80217e-09 
0.0172284 0.000158512 3.56543e-07 0.00581515 0.00820016 0.00183058 8.50388e-05 0.00279665 0.00106268 0.000105608 0.647669 5.36575e-05 0.0261269 0.000186548 4.02219e-06 6.00763e-05 0.0307739 0.000128114 0.000949687 0.15476 8.51394e-05 0.0433414 0.0406153 0.0179628 1.65717e-07 
0.293882 0.0811924 9.84304e-06 0.0210755 0.0298312 0.00308801 0.000651456 0.0443226 2.24008e-07 0.225784 0.0060957 3.78085e-05 0.102759 0.000331903 0.0011276 3.34614e-07 0.0331293 0.00193659 0.0571776 0.047662 0.000556082 0.00406258 0.0265636 0.018723 3.47524e-10 
0.00558665 3.35401e-08 1.30931e-12 1.42978e-08 0.00012674 0.0208212 2.06762e-05 0.017216 5.66249e-05 0.000812875 3.91542e-08 4.60357e-09 0.000922694 6.27669e-09 0.0127875 5.94682e-09 0.590717 2.19145e-05 0.00266877 3.46738e-06 3.26017e-06 0.0392454 0.30212 0.00686906 7.50285e-13 
0.0169746 8.86185e-06 1.88405e-06 5.18468e-06 0.00995213 0.000307657 0.00277512 0.00441382 4.34759e-05 0.00960263 0.000664012 1.00453e-05 0.00532297 1.93751e-06 0.000335442 2.5161e-06 0.864257 4.42715e-06 0.00032832 1.26762e-05 2.96314e-05 0.00531102 0.0640443 0.0155892 1.07963e-06 
1.05459e-05 1.16035e-05 0.000231181 0.0403016 0.000171866 0.000681564 2.2787e-06 1.07369e-06 0.0120632 1.44076e-05 0.00270206 3.56058e-06 0.000651618 6.86724e-07 1.50893e-06 6.70829e-07 0.870967 2.68625e-05 3.46869e-06 0.0658862 0.000406379 0.000175104 2.79523e-05 0.0056575 5.24129e-08 
0.055152 6.59711e-07 4.89536e-07 0.128567 0.0815242 0.0122507 0.00514903 0.0506665 0.00528528 0.00365715 1.07069e-06 1.90302e-08 0.0415468 1.83961e-07 3.66691e-07 1.56859e-07 2.21901e-06 0.00319715 5.12625e-07 0.00367021 3.47966e-08 0.0925823 0.270514 0.246232 9.66641e-11 
0.000706276 0.00465255 0.00202365 0.00122411 0.0395931 0.0243826 0.238539 0.0377716 0.00626319 0.373502 0.00218989 0.000367577 0.00178548 0.00137596 0.00889059 0.000369264 0.00582325 0.000292601 0.00107062 0.007949 0.00141205 0.00238222 0.00118727 0.236198 4.77901e-05 
0.00838099 0.00113242 5.86727e-10 0.00747094 0.00983851 0.00365117 0.00030197 0.0523661 0.000334318 0.762285 0.0117432 2.46075e-06 0.0914198 0.000484679 0.00257252 7.83559e-10 0.0086322 0.000385772 0.00764427 0.0084501 3.36324e-08 0.00214211 0.00516269 0.0155992 3.36217e-10 
0.268294 0.000830274 1.19061e-10 3.83688e-07 0.168529 2.46436e-07 7.3807e-07 0.0333719 3.56301e-07 3.23369e-07 2.35028e-07 1.75562e-07 2.82557e-07 9.8391e-11 7.26055e-11 9.5561e-08 0.116807 5.30052e-07 0.011839 6.19183e-07 4.45079e-07 0.00421819 0.135114 0.260993 6.82266e-11 
0.0607032 1.21944e-05 1.00076e-07 0.00369638 0.168163 0.000869976 0.0240412 0.0635721 3.55812e-06 0.000169179 0.00435519 7.85437e-05 0.0022921 0.0104521 0.0189408 4.44027e-06 0.165084 0.023904 9.13875e-06 0.215569 7.99761e-05 0.0127292 0.0198603 0.205411 5.73473e-08 
0.316756 0.01849 1.45234e-05 0.00328878 0.00622779 0.00673988 9.5142e-06 0.0486028 0.000176911 0.0571592 0.000446092 0.132466 0.0005398 0.000545777 1.50985e-05 1.09601e-05 0.0107821 0.00912051 0.00416655 0.0194013 1.26266e-05 0.0382419 0.127565 0.199217 3.01853e-06 
0.0394769 0.00017891 0.0111971 0.332942 0.11942 0.156566 0.00109391 0.0218032 0.00327325 0.0448927 0.00562498 5.01887e-05 0.0169459 3.72995e-06 4.48337e-05 3.54467e-05 0.0128553 2.12189e-05 0.00403791 0.101976 1.86859e-06 0.0381612 0.0757382 0.0136583 1.07774e-06 
0.00774117 0.0286158 0.000299309 0.038094 0.0541839 0.14237 0.0047989 0.552543 0.000484913 0.00544761 0.00269254 2.70767e-05 0.00395853 0.000376076 0.0141574 4.66652e-05 0.000977357 0.0646638 0.00285537 0.000638876 6.84195e-05 0.00539312 0.0325274 0.0370312 6.99846e-06 
0.0201379 5.6255e-11 6.8299e-11 0.0393665 0.585693 2.01348e-06 0.0207755 0.0295919 0.00107528 3.61046e-07 1.34796e-06 7.0712e-07 0.0131657 7.90747e-08 4.16498e-11 9.12116e-11 4.13891e-07 0.000179378 4.82628e-06 0.231148 4.18486e-11 0.0586426 0.000116087 9.88553e-05 3.91379e-11 
0.00156821 1.71383e-08 2.08075e-08 2.9319e-06 0.00115181 0.00028281 0.00117364 9.88453e-05 0.000177715 0.00624618 0.863269 5.27724e-06 0.00430696 1.71951e-08 1.01361e-05 6.98305e-06 0.103031 2.62576e-05 0.000236885 9.04401e-07 0.000110774 0.00128527 0.0120977 0.00491075 1.19235e-08 
0.0330801 0.00415752 0.00725611 0.0386289 0.236133 0.119957 0.0320779 0.0507551 0.019094 0.01295 0.0183274 0.00201581 0.0186334 0.00597212 0.00713021 0.00098904 0.0255415 0.0105086 0.0245829 0.136216 0.000561475 0.060831 0.0968338 0.0374696 0.000297434 
0.104429 1.16118e-06 2.21481e-08 0.0303774 0.0390123 4.02518e-07 0.000288038 0.21378 4.27606e-05 0.000249729 0.00225719 1.51816e-07 0.00394748 6.48987e-09 0.00107251 7.56524e-05 0.104965 4.58786e-05 0.0174001 0.00057515 4.32506e-10 0.00351102 0.409771 0.0681975 4.04491e-10 
0.00161337 1.05188e-07 1.27708e-07 0.000471983 0.0917867 0.191099 0.0119212 0.259333 3.41774e-05 4.17151e-06 0.167588 3.21418e-07 0.00102305 3.09672e-06 4.379e-06 1.70551e-07 0.00111042 0.0122968 6.4766e-06 0.000914017 7.82503e-08 0.00108607 4.79848e-06 0.259699 7.31817e-08 
0.0250879 2.77632e-08 4.43543e-05 0.0036681 0.101558 3.07558e-05 3.05059e-06 0.0488108 6.72702e-06 7.88457e-06 0.0109805 0.000141026 0.0191399 2.78553e-08 0.0175994 4.50152e-08 0.116876 1.23696e-06 0.0462049 0.0283499 2.79697e-07 0.0574813 0.005626 0.518381 1.93155e-08 
0.176441 0.00266505 0.00623319 0.0118591 0.0281435 0.0276867 0.00120114 0.186334 0.00320204 0.320769 0.00720924 0.026457 0.0333929 0.00170183 0.00013173 0.000149151 0.0424131 0.000777615 0.00863769 0.0332255 0.00229421 0.016787 0.041327 0.0209348 2.62509e-05 
0.594752 7.73158e-06 3.99181e-08 0.0656069 0.00390974 0.0234206 9.32014e-06 0.0304389 0.000175755 6.85871e-05 0.000856332 4.93112e-07 0.00322035 2.0269e-05 9.10695e-05 1.2487e-06 0.00124275 0.00934725 0.00482494 0.00933838 6.51098e-07 0.0561309 0.194895 0.00164005 9.32894e-09 
0.164336 0.0701461 0.149016 0.0286598 0.0247538 0.0855815 3.13685e-08 0.0817978 0.00100434 0.0216274 7.08188e-07 6.61962e-08 0.187003 7.08158e-08 8.88972e-05 6.16424e-08 0.0203945 1.89851e-07 0.00322163 0.015098 0.000150982 0.0556557 0.0814285 0.0100358 1.88794e-11 
0.00544817 3.48769e-08 4.23439e-08 0.0734339 0.0947049 0.00542856 0.00464998 0.0733896 0.00155181 0.11145 0.00977401 0.000575534 0.00521024 8.94689e-05 8.48486e-05 5.65493e-08 0.0410288 0.00100293 0.000558828 0.109366 0.00176315 0.0278568 0.0048455 0.427787 2.42647e-08 
0.00689898 0.000399918 5.62464e-10 0.000420281 0.0470554 0.175577 0.00235717 0.0684526 0.000311388 0.0787834 0.00555816 0.00113047 1.44211e-05 1.07006e-05 0.0061813 0.00463826 0.0292239 0.000292819 0.0890379 0.0640278 0.000103429 0.0369633 0.0223857 0.360176 3.22314e-10 
0.594752 7.73158e-06 3.99181e-08 0.0656069 0.00390974 0.0234206 9.32014e-06 0.0304389 0.000175755 6.85871e-05 0.000856332 4.93112e-07 0.00322035 2.0269e-05 9.10695e-05 1.2487e-06 0.00124275 0.00934725 0.00482494 0.00933838 6.51098e-07 0.0561309 0.194895 0.00164005 9.32894e-09 
0.0419773 0.000213068 5.85594e-05 0.143497 0.0934018 0.0889391 0.00535375 0.0924591 0.00206941 0.104785 0.012279 0.000205331 0.00345989 5.78285e-05 0.000827083 0.000230043 0.0170585 0.00316763 0.00904044 0.168397 0.00109695 0.00255968 0.199648 0.00917944 3.89562e-05 
0.584198 9.41188e-06 7.91069e-07 0.0695196 0.00486269 0.0252514 1.11691e-05 0.0341612 0.000196644 8.44926e-05 0.000991677 1.03099e-06 0.00325433 2.30945e-05 0.000146944 1.99924e-06 0.00139708 0.0120617 0.0047191 0.00999927 1.67108e-06 0.054945 0.192358 0.00180283 9.79302e-08 
0.0459324 0.0206678 0.000257688 0.0034149 0.018348 0.0380115 0.00126012 0.0399239 0.00695992 0.00688439 0.0161298 0.0202009 0.0133408 0.000182038 0.000893132 0.000477951 0.285122 0.00265352 0.222919 0.00412228 0.0618833 0.0227182 0.0754282 0.0921604 0.000107389 
0.130046 0.000411663 0.111326 0.0416344 0.0405542 0.0653419 0.0255569 0.0882225 0.00538688 0.0549803 0.00603863 1.5477e-07 0.0118092 6.60235e-05 5.06597e-05 0.00496514 0.197977 0.0411102 0.0319549 0.019762 0.000128066 0.0729216 0.0200175 0.0297372 1.32877e-07 
0.0839992 0.000351894 1.74304e-06 0.00621077 0.00765687 0.0168346 6.41489e-05 0.0328743 0.00355733 0.00644332 0.00506432 5.69172e-05 0.0798342 5.37331e-07 1.3086e-06 2.82404e-06 0.233486 3.05763e-06 4.63394e-06 0.0069779 0.000577111 0.106633 0.0969087 0.312455 2.06948e-07 
0.0151045 3.8271e-09 4.64647e-09 0.00670917 0.109867 0.00311631 0.0244529 0.0129432 0.0020109 0.0361142 0.00348315 1.72801e-05 1.05712e-05 0.000652451 1.48541e-05 6.20525e-09 0.00280156 0.000386006 8.83831e-06 0.000114266 2.84702e-09 5.17743e-06 0.0180862 0.764101 2.6626e-09 
0.0326129 1.90751e-07 2.3159e-07 0.50673 0.0543004 0.0118087 0.00272478 0.101534 0.00253804 0.0011441 0.00121003 9.64004e-07 4.46408e-05 1.53545e-05 0.0242088 1.47254e-05 0.0139175 0.000124102 0.0268399 0.00294992 1.00361e-05 0.0286909 0.0593821 0.129198 1.3271e-07 
0.182193 0.0392713 0.023521 0.03868 0.0424077 0.0416419 0.00252051 0.026812 0.000410058 0.124616 0.0119869 0.00946012 0.0459599 9.65598e-05 1.68459e-06 1.48807e-05 0.0172621 0.00437231 0.0127447 0.261472 5.94536e-05 0.0190214 0.0910803 0.00439405 1.18214e-07 
0.0658819 9.33286e-05 8.70354e-10 0.00597852 0.0302241 0.131469 0.00807058 0.0376335 2.52494e-06 0.0225851 0.0968885 0.000132703 0.234117 0.000126179 1.31421e-08 0.0115949 0.149222 0.00354642 0.0264722 0.0591597 5.72041e-06 0.0729498 0.025622 0.0182244 4.98746e-10 
0.027994 0.00059753 6.44588e-05 0.0328556 0.0681062 0.00107811 4.45139e-05 0.0526216 0.00312899 0.0221188 0.00383512 5.25358e-05 0.00492093 1.51451e-06 0.0235764 0.000194358 0.0128307 5.87088e-05 0.00341718 0.000768726 3.73949e-07 0.00678557 0.0736067 0.661341 9.22385e-08 
0.000585692 0.000791525 0.00167782 0.00737517 0.161283 0.0024911 0.00171917 0.0243411 0.0465507 0.0337919 0.00181593 7.53882e-05 0.000895321 0.00358473 0.663596 0.000776091 0.00264117 0.000896619 0.00520505 0.00624082 7.95051e-05 0.00350303 0.000984603 0.0290598 3.93956e-05 
0.00416667 0.000269661 1.18383e-08 3.29102e-06 0.232757 0.000247856 0.00218674 0.0355529 0.00051567 0.00423092 0.00131771 0.000401583 2.4142e-06 9.78307e-09 0.000856209 0.000209271 6.61827e-07 4.87136e-05 0.00202402 0.0080365 7.25366e-09 0.00638639 0.00102526 0.699761 6.78381e-09 
0.00283256 1.62701e-11 1.97535e-11 0.000237321 0.014676 0.0088894 0.000203641 0.00308856 0.000282197 0.00101391 4.40673e-08 1.26447e-05 0.000153393 6.55288e-10 1.75912e-05 2.38937e-06 0.0651434 0.00585165 0.0001132 1.79441e-09 2.93771e-06 0.0113275 0.878133 0.00801836 1.13195e-11 
0.0104344 3.43738e-05 0.00713796 0.0902681 0.244728 0.0103431 0.00129276 0.41781 0.0114603 0.00173944 0.0118833 5.785e-05 0.0295958 4.34587e-05 0.000823228 0.00073956 0.0592632 0.00195097 0.000617323 0.0126065 0.000241054 0.0100944 0.00565443 0.0711744 5.95091e-06 
0.00307962 0.000179846 4.8387e-08 1.59593e-05 6.09037e-05 8.70254e-06 9.58806e-05 0.110204 1.84127e-07 0.00439814 2.01613e-05 4.11689e-07 0.000111957 5.90541e-07 5.10788e-06 5.86176e-07 1.63655e-05 1.46182e-07 0.000456404 5.23633e-05 9.79786e-07 0.854124 0.0271486 1.96998e-05 2.77276e-08 
0.000344665 3.9414e-05 3.0005e-07 0.000965204 0.188104 0.0562045 0.000625686 0.636403 5.80531e-05 0.000360392 1.552e-05 2.07805e-06 0.000107814 2.22519e-06 6.52573e-05 8.03888e-06 0.00035128 0.0016166 0.00139013 0.000300887 1.32296e-06 0.00232468 0.100266 0.0104429 9.44848e-08 
0.0255678 2.40798e-06 8.19621e-10 0.10056 0.0245471 0.0693471 0.00140128 0.000794075 0.0184251 1.86946e-07 6.97588e-07 3.65893e-07 0.0230316 0.000244051 4.33501e-07 1.09458e-09 0.00320837 0.00019496 0.0918728 0.611031 1.17199e-07 0.0295093 0.000256031 5.27158e-06 4.69674e-10 
0.00661231 7.12986e-05 6.66159e-06 0.000669512 0.0240944 0.0242122 0.000543922 0.0163297 0.00156042 0.00951193 0.00129722 0.00037002 6.68431e-05 0.000157385 0.118246 8.8194e-06 0.0018205 0.00288372 0.024976 0.00149037 1.03918e-05 0.0461339 0.0266461 0.69228 1.51291e-07 
0.0153176 5.44742e-05 0.00896972 0.0170701 0.435594 0.119841 0.0178054 0.109354 0.00560234 0.0422244 6.62403e-05 2.2212e-05 0.000387845 6.85433e-05 0.0015451 4.82289e-06 0.0105075 0.0849324 0.00544282 0.0108411 2.92953e-06 0.0247312 0.0817905 0.00782081 2.56138e-06 
0.0017029 2.26758e-10 2.75307e-10 0.00387222 0.520874 0.117395 0.0529014 0.079695 0.00174115 1.87859e-07 6.1135e-07 3.83653e-06 0.00669548 6.82561e-09 7.48249e-08 6.25674e-08 0.00242966 2.83653e-06 2.2992e-07 0.000300447 1.64759e-08 0.14791 0.0400822 0.0243928 1.57761e-10 
1.05459e-05 1.16035e-05 0.000231181 0.0403016 0.000171866 0.000681564 2.2787e-06 1.07369e-06 0.0120632 1.44076e-05 0.00270206 3.56058e-06 0.000651618 6.86724e-07 1.50893e-06 6.70829e-07 0.870967 2.68625e-05 3.46869e-06 0.0658862 0.000406379 0.000175104 2.79523e-05 0.0056575 5.24129e-08 
0.0128019 1.36816e-07 5.3409e-12 3.60038e-08 0.0026922 0.215851 1.6865e-08 0.0560784 7.99222e-09 0.00915335 5.95801e-08 1.87787e-08 0.000817165 2.56037e-08 2.36134e-07 3.15597e-05 0.107704 8.54494e-05 0.0104585 4.66835e-06 3.53898e-05 0.205621 0.23051 0.148154 3.06054e-12 
0.00938844 1.83247e-05 6.84321e-07 0.00887303 0.0289502 0.00752379 0.00134634 0.0356202 0.00013808 0.000483358 0.000360682 2.37175e-05 0.00494412 1.63098e-05 4.54317e-05 9.86841e-05 0.00228122 0.000374229 0.00512137 0.78673 2.77047e-05 0.0204617 0.0861183 0.00105356 3.92142e-07 
0.34309 0.000158303 1.89312e-05 0.0634917 0.0373269 0.000424422 3.53952e-06 0.0043556 1.04437e-05 0.120426 0.0020311 0.0120579 0.0188451 6.79901e-07 0.0398945 3.03681e-06 0.0174943 0.000217474 0.00362148 0.0265933 6.22407e-06 0.161521 0.146264 0.00214389 9.94164e-09 
0.0541553 1.38415e-06 2.77456e-05 0.000390936 0.00809319 0.0233737 0.00222518 0.0201436 1.28008e-06 0.0388422 8.60225e-05 0.0262788 0.00325588 0.000655672 0.00355575 6.77416e-06 0.483933 4.36458e-05 0.0780582 0.188491 0.000798525 0.0476674 0.0118929 0.00802209 2.86471e-07 
0.00758346 0.000707468 0.00618663 4.93203e-05 0.0535356 0.000220951 0.0013178 0.127988 9.87751e-05 0.0119635 0.00015644 0.000102377 0.00324634 4.33202e-05 0.00441726 0.000314562 0.00176866 0.000109106 0.000926813 0.000185959 0.000644618 4.64373e-05 0.00333222 0.775055 4.18843e-08 
0.0447015 1.38436e-07 4.13205e-06 0.073578 0.0737452 0.286343 5.35561e-08 0.00889589 0.00282982 0.000379035 0.332282 1.81257e-07 0.00141093 2.78586e-05 0.00724633 1.07203e-07 0.0211412 7.86071e-08 0.00524376 0.0591423 3.93118e-08 0.0593066 0.0222136 0.00150879 6.43172e-11 
0.0201379 5.6255e-11 6.8299e-11 0.0393665 0.585693 2.01348e-06 0.0207755 0.0295919 0.00107528 3.61046e-07 1.34796e-06 7.0712e-07 0.0131657 7.90747e-08 4.16498e-11 9.12116e-11 4.13891e-07 0.000179378 4.82628e-06 0.231148 4.18486e-11 0.0586426 0.000116087 9.88553e-05 3.91379e-11 
0.00386842 7.51985e-06 1.3459e-08 5.71378e-05 3.67371e-05 1.54998e-05 0.000399448 0.0139079 0.0076957 0.00206612 2.84753e-05 7.02894e-06 3.04215e-05 1.11224e-08 0.00257774 1.79742e-08 0.000712711 7.59347e-08 0.00203538 0.00032883 8.24671e-09 0.000985557 5.4144e-05 0.965185 7.71254e-09 
0.594752 7.73158e-06 3.99181e-08 0.0656069 0.00390974 0.0234206 9.32014e-06 0.0304389 0.000175755 6.85871e-05 0.000856332 4.93112e-07 0.00322035 2.0269e-05 9.10695e-05 1.2487e-06 0.00124275 0.00934725 0.00482494 0.00933838 6.51098e-07 0.0561309 0.194895 0.00164005 9.32894e-09 
0.00686159 2.91445e-05 0.000567082 0.000409167 0.000706275 0.00108998 0.000206034 0.0015038 4.64133e-05 0.0022751 0.000299534 0.000202343 0.000242944 2.23323e-05 1.553e-05 2.0884e-05 0.894393 4.40328e-05 0.000742619 0.0141611 0.00303327 0.00306206 0.0659029 0.00415483 7.59514e-06 
0.00444651 2.43452e-09 2.95575e-09 0.00334454 0.00940533 0.0312389 1.23692e-05 0.0213232 0.00323873 0.000176001 0.102228 8.06965e-06 0.582966 8.64327e-07 2.28917e-05 3.94733e-09 0.0181107 2.58321e-06 0.00274278 0.176623 0.00840899 0.0239058 0.0077307 0.00406415 1.69376e-09 
