0.0373459 7.57736e-07 5.54049e-09 0.0156956 0.0557757 0.00246795 0.000445839 0.324854 0.0050139 0.00835607 0.00115237 0.000593983 0.00327764 4.5786e-09 0.0120648 7.39918e-09 0.0432098 0.0117675 0.00134206 0.00117952 0.0136656 0.0136636 0.0182983 0.429829 3.17491e-09 
0.170406 0.00262677 0.0012594 0.0703927 0.0267927 0.0357331 0.00179137 0.0265463 0.00681711 0.0259662 0.00694132 0.00420446 0.0298083 0.000875695 0.00653663 6.83819e-05 0.0348545 0.00348216 0.0325202 0.408155 0.000122025 0.0172008 0.0722682 0.0138439 0.000787195 
0.000248857 4.58637e-10 5.5683e-10 0.00287316 0.0235014 0.554202 4.33916e-07 0.0340096 0.00465692 0.00379441 0.062062 0.000121652 0.000726907 4.60159e-10 1.94871e-07 0.000390214 0.00219795 2.16685e-07 0.249659 1.20167e-07 1.11525e-07 0.0192081 0.0419905 0.00035597 3.19085e-10 
0.00010776 6.65969e-08 8.08551e-08 0.000637124 0.887839 0.000173733 0.0534323 0.000511116 0.000463006 0.00079255 3.469e-08 9.43475e-05 0.000355256 0.00011261 0.052831 1.0798e-07 7.92864e-05 0.000261466 0.000576895 1.60487e-08 3.65566e-05 0.00112644 0.00021923 0.000350023 4.63331e-08 
5.13971e-05 1.26854e-05 1.60556e-06 5.88028e-06 1.52653e-05 3.61437e-06 5.8458e-06 4.10253e-06 1.97925e-10 3.13006e-05 1.7497e-06 0.00016409 2.91768e-07 2.97511e-07 7.61451e-07 2.47018e-07 0.000880966 1.61046e-05 1.37418e-05 8.30577e-05 0.998147 2.7529e-05 1.1024e-05 0.000521195 3.23498e-08 
0.130726 0.000362109 1.65615e-08 5.76421e-05 0.00440314 0.0223015 1.71212e-06 0.00407385 6.397e-05 0.0752487 0.552721 5.23816e-05 0.0632333 0.000130335 8.60373e-07 0.0012851 0.0398429 7.30289e-06 0.00166627 0.00194369 1.12415e-06 0.00671564 0.00168006 0.0934814 9.49039e-09 
0.0173376 9.97612e-11 1.2112e-10 0.000468149 0.0293787 0.612609 6.26246e-07 0.0104662 0.00052269 0.000210149 0.00170768 2.00687e-08 0.000962158 1.00092e-10 7.38608e-11 1.61388e-07 0.197577 0.0556602 0.00691799 6.69978e-05 5.55531e-08 0.0394132 0.0264137 0.000287094 6.94063e-11 
0.0913308 6.64423e-05 2.67583e-08 0.535414 0.0345563 0.000867727 0.00162247 0.0444461 0.0523331 6.15804e-05 5.95971e-05 3.04411e-06 0.000260184 1.05947e-05 2.4495e-05 2.04299e-05 0.00111521 0.00331048 0.00188653 0.000235755 5.36324e-06 0.0269737 0.200098 0.00529815 1.53335e-08 
0.000129912 0.991566 3.42748e-10 0.000605337 8.04908e-06 0.000532607 7.95747e-11 1.78436e-06 7.66472e-07 0.000302982 1.47052e-10 0.000699593 4.08666e-05 2.83244e-10 7.70547e-07 4.57732e-10 3.37076e-07 1.23664e-07 0.00159873 2.49662e-09 2.10011e-10 0.00106668 2.29361e-05 0.00342245 1.96408e-10 
5.13971e-05 1.26854e-05 1.60556e-06 5.88028e-06 1.52653e-05 3.61437e-06 5.8458e-06 4.10253e-06 1.97925e-10 3.13006e-05 1.7497e-06 0.00016409 2.91768e-07 2.97511e-07 7.61451e-07 2.47018e-07 0.000880966 1.61046e-05 1.37418e-05 8.30577e-05 0.998147 2.7529e-05 1.1024e-05 0.000521195 3.23498e-08 
0.00199237 0.00284892 0.000109113 0.000396945 0.00434799 0.000376054 0.000319979 0.0167592 0.000392824 0.0100046 4.51231e-06 0.00034648 6.24527e-05 5.23769e-07 0.00115017 5.4971e-06 0.0627693 0.000168496 0.00125843 0.0035833 0.261349 0.0206481 0.00994675 0.601154 4.73254e-06 
0.00204106 0.0337446 1.59807e-05 0.00187352 0.39374 0.0489936 0.021612 0.173175 0.0240132 0.00283681 0.0924497 0.000104346 0.000598763 1.73125e-05 0.00468347 0.000141297 2.00217e-06 0.0035178 0.0109804 0.00808508 0.00025287 0.00598908 0.0240269 0.147098 7.82236e-06 
0.501095 0.000148527 4.84149e-12 0.137859 0.0272819 0.0094451 0.00196248 0.0135359 0.000545645 0.000816528 0.0142521 7.23723e-05 0.00445285 2.7037e-06 0.0120037 5.8901e-05 0.00432247 0.000328709 0.0133942 0.0464071 1.60798e-05 0.0276634 0.180109 0.0042112 1.53795e-05 
0.0339734 9.87161e-05 2.60877e-05 0.0182346 0.152363 0.000470999 0.285051 0.157609 0.0150002 0.0102494 1.9964e-05 4.83165e-05 6.50734e-06 4.3976e-07 0.00347495 0.00092409 0.0216022 0.00526452 0.00626635 0.00077632 0.000203258 0.0123047 0.021795 0.25422 1.74968e-05 
0.17422 0.000179605 1.94797e-08 0.203505 0.0255633 0.00210977 0.0601121 0.0459063 0.00600723 0.00199192 0.00357636 0.000222087 0.00373999 8.78971e-05 0.00023201 4.85835e-05 0.120984 0.093978 0.0340349 0.0059723 4.71154e-06 0.00598136 0.182993 0.0285417 8.75322e-06 
0.0353005 1.06746e-06 4.16707e-11 4.74499e-12 4.56107e-05 3.15553e-06 1.31584e-07 0.111014 0.0468299 0.0810111 1.78784e-11 0.00115762 0.000474775 0.000479635 0.011056 1.89266e-07 5.93448e-06 5.12801e-08 0.0119564 8.35379e-10 3.44717e-07 0.0620424 0.0963748 0.542247 2.38789e-11 
0.0108699 5.59108e-08 5.58895e-08 0.0186525 0.121495 0.123759 0.0108774 0.0380321 0.0111456 0.00325815 5.59583e-08 0.000240816 0.00269854 3.36022e-05 0.000514673 0.000195527 0.00296205 0.119315 0.00618151 0.00039196 0.000111928 0.0666825 0.450168 0.0124136 5.59412e-08 
0.00686903 0.00123424 8.43974e-07 0.00456715 0.0171976 0.131759 0.104378 0.03433 0.0014075 0.0517836 0.000200566 0.0773953 0.00172331 0.000109465 0.000537128 8.31157e-05 0.00272403 0.0078245 0.315142 0.0313374 2.94047e-07 0.0360384 0.162384 0.0109369 3.80934e-05 
0.0665344 4.83298e-05 1.05419e-09 0.0331845 0.105039 0.0233087 0.00275166 0.104618 0.00200562 0.206 0.00470783 0.0052159 0.0360559 0.00476185 0.00158105 0.0064263 0.0347334 0.000726762 0.0535151 0.106587 0.000131319 0.0209683 0.115796 0.0652516 5.14197e-05 
0.0523828 0.0023959 1.77026e-06 0.0197006 0.495725 0.0704915 0.000296988 0.0163417 0.000897686 0.013413 0.00410509 0.000127243 0.0278366 0.00211148 0.000443828 0.0014041 0.0123208 0.00143041 0.0936944 0.00176295 3.52404e-05 0.00265419 0.158637 0.0217619 2.71687e-05 
3.00139e-05 1.49909e-05 1.88882e-06 3.99387e-06 5.85252e-07 6.54475e-07 1.70795e-06 2.04165e-06 1.01455e-13 2.35805e-05 2.06755e-06 0.000159749 2.32443e-07 4.5035e-08 1.02744e-07 2.91775e-07 0.00104114 3.99892e-07 1.11702e-05 9.81574e-05 0.998291 3.20878e-05 5.49757e-06 0.000279069 6.17673e-10 
0.00979252 0.00107897 2.63913e-10 0.00549935 0.00965426 0.00434593 0.000300149 0.0652639 0.000201839 0.750771 0.0105675 2.20917e-06 0.0914019 0.000550666 0.00138113 3.5245e-10 0.0104073 0.000481642 0.00926325 0.00894036 2.99113e-08 0.00268606 0.00295442 0.0144554 1.51232e-10 
0.0123094 3.01201e-11 3.65688e-11 0.000218232 0.0301909 8.7867e-08 2.25844e-07 0.0448427 0.00100023 0.0159353 1.56894e-11 3.67404e-08 2.26847e-07 3.02201e-11 0.00171941 1.51442e-07 5.44474e-12 2.74615e-05 1.10895e-06 3.47685e-07 2.24067e-11 0.00111364 0.0179016 0.874739 2.09553e-11 
0.0345628 0.000185725 0.00101475 0.0133419 0.0399189 0.0173007 0.00105766 0.0962253 0.00108391 0.0111271 0.000920078 0.000416453 0.00518453 0.000201817 0.00408694 4.1617e-05 0.223361 0.000794557 0.014494 0.00760389 0.0317736 0.101312 0.0666959 0.327189 0.00010619 
0.0385512 0.00274091 9.68924e-05 0.0398424 0.0820243 0.240291 0.00310855 0.0355271 0.00818946 0.030414 0.00948034 0.000523382 0.0082225 0.00166386 0.000943969 5.15391e-05 0.018669 0.0150957 0.0115049 0.18053 5.35635e-05 0.0272834 0.231528 0.0136239 4.01202e-05 
0.0197937 0.489256 0.00265145 0.0021394 0.00680599 0.00211387 0.00072439 0.0177903 3.10298e-05 0.2639 0.00631382 0.000729281 0.00633467 0.000146522 0.00043882 1.24137e-06 0.038762 0.00104567 0.0761508 0.0117213 0.0265047 0.00120947 0.00525552 0.0201524 2.70324e-05 
0.000223963 2.02545e-08 2.45909e-08 0.000258173 0.117642 0.00630969 0.000123188 0.829952 0.00167502 5.96275e-09 0.0250907 3.98425e-09 0.00997072 7.0715e-06 1.4996e-08 3.28406e-08 0.000234297 0.000370591 0.00332998 2.26299e-06 1.50675e-08 0.00479336 7.72971e-06 8.21727e-06 1.40915e-08 
0.166995 9.61431e-05 4.40566e-07 0.0284702 0.0281874 0.030962 0.00362488 0.0113511 0.0073835 0.217871 0.000148756 0.276751 0.00182702 0.00640297 9.76235e-05 0.00724054 0.0454788 0.0179691 0.0192723 0.0117333 1.88565e-06 0.0848103 0.0310475 0.00226475 1.23737e-05 
0.0147333 0.017702 4.07431e-08 0.00745827 0.0696273 0.0341766 0.000806917 0.622024 0.00059993 0.00791736 0.0030883 6.66797e-05 0.010211 4.30453e-05 0.0157591 3.93159e-05 0.0129976 0.00344229 0.000452576 0.00293742 4.11301e-06 0.00376638 0.105441 0.0666705 3.52687e-05 
0.000386003 7.49099e-06 1.81013e-10 0.00129674 0.0194786 0.322074 0.00294586 0.0646255 0.000422701 0.00158524 7.46864e-09 4.04896e-06 2.55583e-05 1.20086e-06 4.29716e-05 2.22264e-06 0.000214305 0.00845384 0.00994943 1.10015e-09 1.35433e-07 0.0508113 0.512604 0.00506926 4.06077e-09 
3.00139e-05 1.49909e-05 1.88882e-06 3.99387e-06 5.85252e-07 6.54475e-07 1.70795e-06 2.04165e-06 1.01455e-13 2.35805e-05 2.06755e-06 0.000159749 2.32443e-07 4.5035e-08 1.02744e-07 2.91775e-07 0.00104114 3.99892e-07 1.11702e-05 9.81574e-05 0.998291 3.20878e-05 5.49757e-06 0.000279069 6.17673e-10 
0.0561458 0.000813947 1.09689e-08 0.0218336 0.0084972 0.0293434 0.00125978 0.0189549 0.000582896 0.00472705 0.00117969 0.000437458 0.00583934 0.000603028 4.31683e-05 0.000132892 0.237311 0.0201131 0.0106403 0.061977 0.049984 0.156725 0.310584 0.00223171 3.85626e-05 
0.0390357 1.51884e-09 6.2727e-06 0.00842777 0.430311 0.00712381 0.00278322 0.206247 0.0183243 0.000133609 0.0552166 0.000188459 1.32616e-05 0.00142335 0.00241699 2.16534e-05 0.0154255 0.0128687 0.00494998 4.36326e-05 5.61533e-08 0.0218656 0.136396 0.036776 4.40177e-07 
0.00178024 3.58953e-05 9.15444e-07 0.00161382 0.0172227 0.000759792 0.152098 0.00878088 0.0471424 0.0028897 7.31937e-08 0.268502 5.83404e-05 4.96077e-07 0.000215344 0.00139684 6.89873e-06 0.000287287 0.378045 0.0410635 9.60263e-10 0.0136888 0.000170837 0.0642403 2.54158e-07 
0.552971 0.00109234 4.3542e-10 0.0346997 0.0147229 0.00499479 0.000164051 0.0156986 0.00185883 0.0354787 0.00471175 0.00315223 0.00706433 0.00058322 0.00362192 0.000166236 0.0211544 0.038131 0.0228722 0.00565779 3.75747e-06 0.0178871 0.192776 0.0205166 2.0245e-05 
0.226213 0.000813706 1.20525e-05 0.0564915 0.000763484 0.081588 6.12107e-06 0.0043422 3.12093e-05 0.376859 0.000403835 0.0100542 0.00213741 5.12155e-06 1.23954e-11 2.91758e-06 0.0090122 0.000179628 0.00103452 0.163924 7.36327e-08 0.0157076 0.0495137 0.000905426 4.91238e-08 
0.0188219 5.25825e-08 1.14932e-06 0.0178252 0.125184 0.440506 0.000122075 0.0279321 0.0870332 0.00687699 0.000300658 1.99676e-05 0.0146986 4.95617e-08 1.52675e-07 4.96579e-05 0.0273785 9.15658e-05 0.105936 0.00275656 3.7712e-07 0.0837387 0.0377079 0.00301889 6.3487e-08 
0.000428519 0.00278798 3.85604e-05 0.828593 5.22758e-05 0.0679913 3.6493e-05 0.00970334 6.13799e-06 0.00179343 1.13656e-08 4.29208e-09 0.000133219 8.139e-06 1.61546e-08 3.53779e-08 4.10653e-05 9.22434e-06 0.000190468 0.00022526 1.62317e-08 0.0179445 0.0647858 0.00523092 1.51803e-08 
0.0338464 0.000551047 0.00017283 0.217551 0.0277014 0.0690077 0.0027138 0.0388539 0.0402579 0.00203536 0.00738212 0.00100071 0.00298581 3.40781e-05 1.76281e-07 3.93376e-05 0.0242795 0.00118209 0.0141154 0.0133025 0.0156137 0.136594 0.310414 0.040365 7.29216e-09 
0.0179737 9.09061e-05 0.000273392 0.00960767 0.0419661 0.00173498 0.00185779 0.117082 0.0128005 0.00671215 9.81104e-05 0.000106078 0.000234182 0.000134529 0.000279525 1.35648e-05 0.0126474 6.16151e-05 0.00732396 0.0119054 3.92279e-05 0.0656215 0.00396573 0.687463 6.44337e-06 
3.00139e-05 1.49909e-05 1.88882e-06 3.99387e-06 5.85252e-07 6.54475e-07 1.70795e-06 2.04165e-06 1.01455e-13 2.35805e-05 2.06755e-06 0.000159749 2.32443e-07 4.5035e-08 1.02744e-07 2.91775e-07 0.00104114 3.99892e-07 1.11702e-05 9.81574e-05 0.998291 3.20878e-05 5.49757e-06 0.000279069 6.17673e-10 
0.0166073 6.87359e-06 0.00238557 0.0085895 0.0417721 0.0113293 0.00182585 0.0138576 0.0207979 0.00100503 0.00896849 7.98365e-06 0.00413353 0.00062354 0.00958026 0.00314318 0.00643732 0.0241496 0.00301194 0.0156258 0.0016647 0.00154468 0.0486513 0.75411 0.000170545 
0.00677122 0.000128378 1.55799e-09 0.00254524 0.827098 0.0472653 0.00548813 0.00233007 0.000355661 0.00157081 5.07936e-06 1.20132e-05 0.000174411 0.00149119 0.00212315 8.70857e-07 0.000413945 0.00181277 0.0198652 0.000982171 4.38222e-07 0.0114861 0.0395802 0.0284995 5.96222e-07 
3.00139e-05 1.49909e-05 1.88882e-06 3.99387e-06 5.85252e-07 6.54475e-07 1.70795e-06 2.04165e-06 1.01455e-13 2.35805e-05 2.06755e-06 0.000159749 2.32443e-07 4.5035e-08 1.02744e-07 2.91775e-07 0.00104114 3.99892e-07 1.11702e-05 9.81574e-05 0.998291 3.20878e-05 5.49757e-06 0.000279069 6.17673e-10 
0.0180895 6.42017e-05 0.00426113 0.0109169 0.568439 0.00053078 0.0228939 0.0233264 0.000683746 0.000842605 8.51393e-05 5.60902e-05 0.0679277 0.000615057 0.00288214 1.9875e-05 0.00391096 0.000493112 0.000887867 0.0488505 6.33381e-06 0.0731267 0.00132211 0.149726 4.26427e-05 
0.0310041 0.000650606 0.000368324 0.0170987 0.0526538 0.036907 0.00193817 0.385286 0.00554092 0.0189221 0.0068105 0.00028304 0.000343436 2.58279e-05 0.000890044 4.31782e-06 0.0172316 0.0053129 0.0476219 0.00253281 0.000256088 0.183326 0.0942033 0.0906159 0.000172471 
5.13971e-05 1.26854e-05 1.60556e-06 5.88028e-06 1.52653e-05 3.61437e-06 5.8458e-06 4.10253e-06 1.97925e-10 3.13006e-05 1.7497e-06 0.00016409 2.91768e-07 2.97511e-07 7.61451e-07 2.47018e-07 0.000880966 1.61046e-05 1.37418e-05 8.30577e-05 0.998147 2.7529e-05 1.1024e-05 0.000521195 3.23498e-08 
0.0244127 0.00160349 1.4086e-06 0.00277472 0.00207489 0.000611974 0.00421193 0.0191129 3.19751e-05 0.0653992 0.00169962 0.000427745 0.339445 2.5253e-05 0.000721952 6.1985e-05 0.261895 0.000204467 0.00565172 0.0127446 2.07594e-05 0.0129832 0.0263444 0.217523 1.63344e-05 
0.126288 0.0481087 0.0040604 0.080576 0.0713632 0.0323066 0.00103439 0.0567008 0.01948 0.0384898 0.0554857 0.000242063 0.0453567 0.00150457 0.00567483 1.23205e-06 0.0440024 0.0101096 0.00464825 0.0804333 0.00275789 0.0519089 0.0457517 0.17342 0.00029532 
0.00759133 0.000152871 0.000172091 0.00800383 0.0306559 0.422889 0.00299735 0.315944 0.0014495 0.00211645 0.00215984 0.00244713 0.00113622 0.000213967 0.000335675 1.70018e-05 0.00397498 0.0146275 0.0161753 0.00766721 3.58609e-06 0.0555294 0.0884161 0.015228 9.54865e-05 
0.0527909 0.00031391 1.61085e-08 0.000678943 0.00942072 0.0174519 0.00600244 0.00801176 0.0012007 0.00932238 0.0160241 3.71316e-06 1.57128e-05 5.22664e-06 0.0022992 0.00010809 0.137848 0.00012253 2.16809e-05 0.0386886 1.7388e-05 0.0210292 0.0570782 0.621543 2.01422e-06 
0.609775 0.00706733 1.35652e-10 0.00615165 0.00139642 0.0210505 0.000160607 0.00771778 0.00026276 0.0294575 0.000407065 0.00143629 0.00219068 0.000842936 7.6244e-05 6.13567e-05 0.0793968 0.00179522 0.0223655 0.00131728 2.67894e-05 0.00976179 0.184528 0.0127013 5.32422e-05 
3.00139e-05 1.49909e-05 1.88882e-06 3.99387e-06 5.85252e-07 6.54475e-07 1.70795e-06 2.04165e-06 1.01455e-13 2.35805e-05 2.06755e-06 0.000159749 2.32443e-07 4.5035e-08 1.02744e-07 2.91775e-07 0.00104114 3.99892e-07 1.11702e-05 9.81574e-05 0.998291 3.20878e-05 5.49757e-06 0.000279069 6.17673e-10 
0.0266517 1.99514e-06 0.000980791 0.0141779 0.232122 0.00532568 0.0166182 0.319953 0.0250735 0.0118621 0.00574834 5.57518e-05 0.0112202 6.36029e-06 0.0270129 2.80557e-07 0.00658081 0.0131711 0.00819424 0.0568239 9.75582e-06 0.0171538 0.111897 0.0893561 2.20839e-06 
0.00133119 8.20574e-05 6.99367e-08 0.000676049 0.0593144 0.762044 0.0139839 0.0260021 0.000523953 0.000745076 0.000981924 4.34947e-05 0.00266242 6.81767e-05 0.000155395 4.50227e-05 0.00167913 0.0268693 0.0323641 0.0057714 5.09722e-06 0.0286829 0.0338035 0.00214107 2.48027e-05 
0.0548867 0.000431055 3.78527e-09 0.123127 0.012173 0.264568 0.000416381 0.308464 0.000154213 0.0114275 4.15457e-05 3.73399e-05 0.00725921 0.0015782 0.00140848 8.94206e-06 0.000359523 0.00203116 0.0304069 0.0143191 5.75334e-08 0.0473008 0.11651 0.00308708 4.12947e-06 
2.14288e-05 1.81937e-05 2.31206e-07 9.80626e-06 3.81897e-07 1.20185e-06 1.95692e-06 1.20731e-06 9.07187e-13 1.31841e-05 1.43491e-06 9.37745e-05 4.27315e-07 8.36292e-08 1.45604e-09 3.77372e-07 0.00107602 4.32522e-07 9.78704e-06 1.30645e-05 0.998595 1.57446e-05 5.78061e-06 0.000120234 2.00474e-11 
0.00489124 0.00317795 4.46178e-11 0.00131326 0.00160299 0.568864 0.0469858 0.0478175 0.000490389 0.000665873 0.00256888 1.36576e-05 0.0190316 0.000159666 4.67815e-05 0.000216199 0.12991 0.000321929 0.0135679 0.00167665 5.98718e-05 0.0574739 0.0944038 0.00473487 5.62354e-06 
0.00180962 0.972698 9.34354e-12 0.000169751 0.000575452 0.0011365 0.000611307 0.00423408 3.53444e-06 0.000201642 1.89119e-05 6.30974e-06 0.000210455 6.34637e-08 1.04925e-06 1.392e-05 0.00374571 4.32486e-05 0.000434594 7.11068e-05 0.000670113 0.00106154 0.0119397 0.000342869 5.41067e-07 
0.0561806 6.39166e-05 2.53431e-07 0.00532582 0.10855 0.0621161 0.0226788 0.0705175 0.00283695 0.0312338 0.000717605 0.000225087 0.0102069 0.000283364 1.031e-05 0.000146328 0.0768608 0.003744 0.0374198 0.00931527 6.82629e-05 0.414648 0.0529316 0.0338997 1.90594e-05 
0.278358 0.000126046 0.000446932 0.0895406 0.0350659 0.0362054 0.000914327 0.0243137 0.021587 0.0279355 0.00233624 0.0107533 0.0102871 0.0018582 0.0193317 0.00107655 0.0145751 0.00223841 0.0302335 0.267753 2.90604e-05 0.0119704 0.0916874 0.0209934 0.000383059 
0.147329 0.00012169 7.67526e-06 0.0213822 0.0101576 1.43749e-05 4.72593e-05 0.0870371 0.0108712 0.000535232 0.00272361 1.88552e-05 0.00118884 8.12926e-09 0.101557 6.24478e-05 0.0380043 0.00115187 0.00748159 0.000696391 4.36867e-08 0.000905248 0.531591 0.0371159 1.2825e-08 
0.00128758 0.976585 9.38041e-12 0.000134135 0.000507122 0.000952086 0.00041845 0.00406797 2.71304e-06 0.000188136 6.93889e-06 5.86683e-06 0.000103953 1.76646e-09 7.47815e-07 2.68461e-06 0.00272694 3.94163e-05 0.000402709 4.86978e-05 0.00038283 0.000805723 0.0110114 0.000318735 7.28373e-09 
0.0137244 0.000165881 1.1098e-09 0.00320996 0.0260819 0.0350497 0.00292004 0.0872154 0.000927458 0.00208637 0.000110764 0.000254983 0.000238258 8.06567e-08 0.00653369 2.35366e-05 0.0409769 0.00437628 0.0024973 5.23358e-08 3.92248e-06 0.0347904 0.262037 0.476775 7.91847e-08 
0.00128758 0.976585 9.38041e-12 0.000134135 0.000507122 0.000952086 0.00041845 0.00406797 2.71304e-06 0.000188136 6.93889e-06 5.86683e-06 0.000103953 1.76646e-09 7.47815e-07 2.68461e-06 0.00272694 3.94163e-05 0.000402709 4.86978e-05 0.00038283 0.000805723 0.0110114 0.000318735 7.28373e-09 
0.0316456 0.00148772 1.91566e-11 0.0025916 0.0345494 0.00306495 0.00175389 0.0100334 0.00316477 0.800233 8.68081e-05 0.0241945 0.00288524 0.00255891 0.00119864 2.78631e-05 0.0111608 0.000576108 0.0243271 0.0153977 2.45245e-05 0.00252027 0.0139038 0.0126136 2.18207e-08 
0.0858791 0.000199182 1.19076e-11 0.00844683 0.0601855 0.0995032 0.00140779 0.109618 0.00122729 0.1665 0.00392721 1.83831e-05 0.00518679 2.23866e-05 0.0043066 1.63859e-05 0.0188726 0.00628093 0.000370502 0.0135921 4.0276e-06 0.092631 0.19651 0.125295 2.23716e-07 
0.785027 1.87891e-05 4.50315e-08 0.0137117 0.0074211 0.00630396 0.000536125 0.0016713 0.00350968 0.00171727 0.000121953 0.000504657 0.000921247 0.000751387 0.000129104 2.74884e-05 0.0173385 0.030911 0.0110706 0.00395883 3.29527e-05 0.00764187 0.102186 0.0044659 2.17995e-05 
0.0504901 0.000219847 1.62404e-08 0.0157858 0.0294794 0.0278602 0.00769296 0.0150598 0.00078583 0.718472 0.000194908 5.27697e-05 0.00388183 2.11289e-05 0.0040289 7.19359e-05 0.0104851 0.000223195 0.00807025 0.00641938 2.2481e-06 0.00281619 0.0129053 0.0849682 1.28399e-05 
0.102659 1.52794e-05 6.6495e-08 0.00457885 0.0877451 0.0194916 2.83069e-05 0.0928107 0.130452 9.2712e-05 9.72497e-05 7.3468e-06 0.0120657 0.000812676 0.0233618 8.88024e-08 0.166396 6.65222e-09 2.15341e-05 3.26253e-05 4.07433e-08 0.0322123 7.17554e-06 0.327111 3.81041e-08 
3.00139e-05 1.49909e-05 1.88882e-06 3.99387e-06 5.85252e-07 6.54475e-07 1.70795e-06 2.04165e-06 1.01455e-13 2.35805e-05 2.06755e-06 0.000159749 2.32443e-07 4.5035e-08 1.02744e-07 2.91775e-07 0.00104114 3.99892e-07 1.11702e-05 9.81574e-05 0.998291 3.20878e-05 5.49757e-06 0.000279069 6.17673e-10 
0.0582421 2.75388e-05 5.2657e-11 0.058521 0.0487287 0.0417818 0.00233868 0.115333 0.000353887 0.00477878 1.56317e-08 1.14789e-05 0.00486539 4.50778e-06 0.000366252 1.38888e-05 0.0447907 5.66389e-05 0.00459033 0.00496323 5.37789e-06 0.0568201 0.530195 0.0232115 1.58104e-07 
3.00139e-05 1.49909e-05 1.88882e-06 3.99387e-06 5.85252e-07 6.54475e-07 1.70795e-06 2.04165e-06 1.01455e-13 2.35805e-05 2.06755e-06 0.000159749 2.32443e-07 4.5035e-08 1.02744e-07 2.91775e-07 0.00104114 3.99892e-07 1.11702e-05 9.81574e-05 0.998291 3.20878e-05 5.49757e-06 0.000279069 6.17673e-10 
0.0145202 7.36434e-05 2.77804e-06 0.00518264 0.00904361 0.00276866 0.00887281 0.102755 0.00270142 0.000800484 9.67147e-05 5.94666e-05 0.153327 6.77644e-06 3.07113e-05 6.76703e-07 0.57567 4.75354e-05 0.00118894 0.000100399 0.000102125 0.0610982 0.0342861 0.0272603 3.37081e-06 
0.0719025 4.82358e-06 3.06791e-09 0.0140424 0.015778 0.00100546 0.0020662 0.000219754 5.22502e-05 0.0717809 1.79479e-05 0.728584 0.00029588 0.00132392 2.13127e-05 0.0670147 0.00813008 0.000115791 0.0119536 0.00202796 3.34187e-07 0.000554281 0.00300961 9.69924e-05 1.07823e-06 
0.140643 0.00251107 0.0019954 0.0891866 0.040324 0.145057 0.0171639 0.0421055 0.00956151 0.00651732 0.00470068 0.000755564 0.00528434 0.00101524 0.000595969 1.27481e-05 0.0292713 0.0119756 0.0350368 0.0328143 2.44242e-05 0.0630326 0.306897 0.0130277 0.000490434 
0.0114407 0.00209446 7.95967e-11 0.000543901 1.64222e-08 7.16281e-12 1.19982e-06 0.000228971 5.95488e-08 0.000176937 3.41501e-11 0.0306996 2.26365e-07 6.5778e-11 1.05781e-07 1.98873e-07 0.0003509 1.58025e-07 0.000408965 2.84007e-08 0.000967767 0.000220703 4.96359e-05 0.952815 4.5612e-11 
0.170804 7.34919e-05 3.12376e-09 0.0140233 1.16861e-05 0.00280821 2.16275e-05 0.000139623 4.52815e-07 0.422769 1.25725e-06 3.13015e-05 0.298323 3.87003e-05 0.000646018 6.60654e-06 0.00329009 3.2739e-08 0.0047354 0.0468163 1.62657e-05 0.00617981 0.00387576 0.0253874 2.75242e-09 
5.82915e-08 1.89623e-11 2.3022e-11 0.000820304 0.719009 9.64949e-05 0.150847 0.000686994 2.5046e-07 4.28728e-07 9.87735e-12 5.67383e-05 1.92173e-07 6.08997e-08 0.124688 3.07454e-11 4.76493e-08 0.000414915 0.000755303 4.56957e-12 1.97628e-08 0.00214958 1.18593e-07 0.000474543 1.31925e-11 
0.415072 7.18361e-05 4.9155e-10 0.0744868 0.00890179 0.000475153 0.0182815 0.167818 1.75266e-07 1.1919e-10 0.000228632 6.40382e-06 0.00408626 1.5426e-08 0.130331 6.35386e-06 0.00821342 6.20829e-08 0.00554161 0.00122742 0.000122539 0.00809748 0.0827015 0.0743293 2.81677e-10 
0.0134605 0.228512 2.90712e-05 0.0110081 0.0292379 0.0039053 0.00318981 0.00771794 0.000269711 0.01857 0.000787945 0.405859 0.000301795 0.000104596 0.00212524 6.16833e-06 0.0133218 0.00100523 0.00505908 0.00248838 0.0446833 0.00767241 0.0217803 0.17887 3.40067e-05 
0.0765445 2.1387e-06 0.000188912 0.017894 0.0236051 0.097932 1.15782e-05 0.0199734 0.00116066 0.000153238 0.523455 5.07442e-05 0.0651898 0.00151464 0.00818783 3.77076e-07 1.54952e-06 6.83725e-06 0.00546102 0.132508 1.73005e-07 0.0021901 0.0113888 0.0125793 1.61799e-07 
0.0264098 0.00402145 2.30378e-08 0.084746 0.00843833 0.159293 0.000137139 0.0262003 0.0326371 0.00461962 0.000285816 2.27031e-06 0.00193297 6.31585e-08 1.71914e-07 5.88822e-07 0.32267 4.2628e-05 0.026665 0.000609206 0.000386234 0.0496179 0.242379 0.00890519 8.32935e-08 
5.82915e-08 1.89623e-11 2.3022e-11 0.000820304 0.719009 9.64949e-05 0.150847 0.000686994 2.5046e-07 4.28728e-07 9.87735e-12 5.67383e-05 1.92173e-07 6.08997e-08 0.124688 3.07454e-11 4.76493e-08 0.000414915 0.000755303 4.56957e-12 1.97628e-08 0.00214958 1.18593e-07 0.000474543 1.31925e-11 
0.082394 0.000318832 1.47829e-07 0.0356002 0.0720103 0.0411247 0.00556318 0.0512705 0.0088095 0.00884354 0.0255486 0.00347027 0.0156047 0.00119767 0.0149011 0.000186084 0.0404075 0.00220802 0.0153314 0.0131062 2.70638e-05 0.0165615 0.337231 0.208176 0.000107883 
0.035809 9.82766e-06 3.8659e-11 0.0243293 0.0469145 0.278123 0.00428596 0.09998 0.00430452 0.00281578 0.00361011 0.000974707 0.0253359 4.65856e-05 0.000785936 3.61289e-06 0.0323664 0.0737427 0.124 0.0219331 2.36874e-11 0.0290305 0.178399 0.0131992 5.29846e-08 
0.050439 0.00104555 3.92898e-06 0.0436829 0.056776 0.241095 0.00529759 0.0755306 0.00813281 0.0100268 0.0163537 0.00210388 0.0570306 0.00101002 0.00131841 0.00185148 0.130225 0.0143044 0.0512945 0.0223165 0.00204363 0.044568 0.146211 0.0167979 0.000541416 
0.259847 0.00132111 0.00156423 0.0736066 0.0701281 0.0633901 0.0754438 0.0435268 0.000269401 0.00186199 0.0883134 6.01239e-06 0.0202588 0.0291799 0.000199882 1.08104e-05 0.0466835 8.1151e-05 0.000211726 0.0527869 0.0239992 0.0448615 0.0497059 0.052735 7.0854e-06 
0.102211 9.21472e-05 2.10673e-11 0.0091537 0.0497712 0.127408 0.0108501 0.0490579 0.00016459 0.00162792 4.70332e-05 2.08663e-05 0.000256073 4.75312e-10 2.93665e-05 5.55518e-05 0.0196449 0.0104383 0.00663118 9.2801e-05 5.03802e-05 0.0247051 0.564321 0.0233628 8.05808e-06 
0.021724 0.000106832 0.0164709 0.0119129 0.0315495 0.000635578 0.000513542 0.0173379 0.00412341 0.00178978 0.0294961 0.000123696 0.027467 3.45779e-07 0.000614627 0.000211589 0.00129215 0.00301481 0.00099001 0.0440581 6.81354e-05 0.053369 0.0552934 0.677786 5.08792e-05 
0.055152 6.59711e-07 4.89536e-07 0.128567 0.0815242 0.0122507 0.00514903 0.0506665 0.00528528 0.00365715 1.07069e-06 1.90302e-08 0.0415468 1.83961e-07 3.66691e-07 1.56859e-07 2.21901e-06 0.00319715 5.12625e-07 0.00367021 3.47966e-08 0.0925823 0.270514 0.246232 9.66641e-11 
0.0153945 0.000178238 6.50698e-08 0.0057732 0.0260764 0.0083208 0.0200065 0.0316153 0.0343442 0.565347 0.00181424 0.00530534 0.0010791 0.000339256 0.00140414 2.17379e-05 0.00372526 0.0076112 0.0460036 0.0021257 0.000618759 0.00506846 0.0240389 0.193686 0.000102997 
0.0493523 3.59305e-07 3.28935e-10 0.00372341 0.0407177 0.0396201 0.00646887 0.0522205 0.0286488 0.00552444 0.0153925 0.000226511 9.04225e-05 9.9033e-05 0.0342989 2.86468e-05 0.00941376 0.000211662 0.00723967 5.77908e-05 0.00012141 0.00185394 0.00517464 0.699489 2.58255e-05 
0.114209 0.00161725 9.05332e-12 0.0131859 0.0702248 0.247749 0.00629555 0.016291 0.00488274 0.0206189 0.000605534 0.0185136 0.0114829 0.0015663 2.98906e-06 0.00342352 0.0571722 0.00226968 0.206083 0.0128923 0.000197503 0.0731347 0.11562 0.00183635 0.000125363 
0.364396 0.000162645 1.02937e-05 0.0190689 0.105037 0.0180378 0.000765913 0.00753479 0.00197679 0.0174019 0.00157045 0.023321 0.0220824 0.0010862 0.000327868 0.000524838 0.0329163 0.0326504 0.0522348 0.0315299 1.90804e-05 0.0357616 0.0708272 0.160661 9.42749e-05 
0.0193768 4.18313e-07 0.00125251 0.00010204 0.00381425 0.0300669 0.000342766 0.0281366 0.000493798 0.0513872 0.000271059 0.00509494 0.00184133 0.000437868 0.000118957 7.70147e-05 0.177469 0.00362413 0.138294 0.00049965 0.000125203 0.328067 0.14955 0.0595372 2.00281e-05 
0.00188667 8.50087e-06 0.0514644 0.0419862 0.760249 0.00592796 0.0112224 0.000337155 8.41638e-05 0.000653691 4.42806e-06 3.47692e-06 0.000191714 8.52907e-06 0.000321077 1.37833e-05 0.000173214 0.000168452 0.0442107 0.000623074 6.32388e-06 0.015571 0.0442141 0.0206636 5.91426e-06 
0.000129912 0.991566 3.42748e-10 0.000605337 8.04908e-06 0.000532607 7.95747e-11 1.78436e-06 7.66472e-07 0.000302982 1.47052e-10 0.000699593 4.08666e-05 2.83244e-10 7.70547e-07 4.57732e-10 3.37076e-07 1.23664e-07 0.00159873 2.49662e-09 2.10011e-10 0.00106668 2.29361e-05 0.00342245 1.96408e-10 
0.0498032 0.00141834 1.84184e-07 0.00872622 0.00454634 0.00706344 0.000371569 0.00369811 0.000931476 0.742941 0.000866829 0.0413348 0.00118618 0.0736809 0.000292563 5.75159e-05 0.00490836 0.00132455 0.0103652 0.01026 9.24559e-05 0.00266044 0.0299076 0.00354856 1.37167e-05 
0.0507348 0.00291265 8.84996e-05 0.0136162 0.0515083 0.0916856 0.0241803 0.048532 0.0068452 0.0270715 0.00817467 0.0331383 0.0135676 0.0191968 0.000946287 0.00358805 0.0287614 0.00583797 0.310322 0.0180398 3.20457e-05 0.0975549 0.130493 0.0128514 0.000320025 
0.471446 0.000320463 8.88971e-09 0.0548026 0.00778293 0.0956795 0.00123489 0.0104893 0.00188802 0.170896 0.001978 0.00102826 0.00154675 0.00332639 0.00163837 2.53315e-05 0.0364258 0.00907461 0.0167215 0.0273014 9.43342e-06 0.0232322 0.0439474 0.0191915 1.23629e-05 
0.152679 0.000695842 1.46672e-05 0.0619882 0.0189344 0.0754105 0.00307428 0.0713047 0.00237934 0.005307 0.00401681 0.00130853 0.00528985 0.00129398 0.00429796 1.55994e-05 0.0299484 0.00378633 0.0169548 0.0455656 0.0032194 0.0365492 0.407434 0.0480297 0.000501958 
0.000679564 0.00293657 3.49815e-06 0.0297333 0.0904256 0.0163506 0.0100043 0.0147487 0.0388861 0.00284963 0.00287246 1.16796e-06 6.66816e-06 7.52042e-08 0.0976673 2.78805e-06 0.000506677 0.000627978 0.000260084 0.00284806 4.83529e-08 0.00724157 0.253942 0.427405 4.42204e-07 
0.00138701 4.89513e-06 8.47072e-11 0.000669469 0.00617917 0.0283105 0.0123012 0.00754982 0.000206749 0.00172293 0.000409548 0.00175035 0.0001259 4.81058e-07 5.88258e-08 6.18108e-08 0.000309138 5.03457e-05 0.907721 0.00477316 1.34747e-07 0.00170663 0.0213551 0.0034661 2.39012e-08 
0.0386792 0.000270839 1.0064e-09 0.0172998 0.0504967 0.0459013 0.000821092 0.0205014 0.0010653 0.178692 0.000171518 0.209511 0.00267386 0.00131199 0.00572182 9.04359e-06 0.0255071 0.0136349 0.221762 0.0113956 0.00237169 0.00527693 0.0227042 0.124179 4.19694e-05 
0.594752 7.73158e-06 3.99181e-08 0.0656069 0.00390974 0.0234206 9.32014e-06 0.0304389 0.000175755 6.85871e-05 0.000856332 4.93112e-07 0.00322035 2.0269e-05 9.10695e-05 1.2487e-06 0.00124275 0.00934725 0.00482494 0.00933838 6.51098e-07 0.0561309 0.194895 0.00164005 9.32894e-09 
0.063587 6.54816e-05 0.000212077 0.0707853 0.0145161 0.372721 0.000633779 0.00614064 0.0142835 0.0186755 0.0237079 5.42425e-05 0.00146366 0.000108761 0.000500977 0.000647503 0.01492 0.00222198 0.0426344 0.0226488 5.97948e-07 0.172444 0.150504 0.00650869 1.44664e-05 
5.13971e-05 1.26854e-05 1.60556e-06 5.88028e-06 1.52653e-05 3.61437e-06 5.8458e-06 4.10253e-06 1.97925e-10 3.13006e-05 1.7497e-06 0.00016409 2.91768e-07 2.97511e-07 7.61451e-07 2.47018e-07 0.000880966 1.61046e-05 1.37418e-05 8.30577e-05 0.998147 2.7529e-05 1.1024e-05 0.000521195 3.23498e-08 
0.00351533 8.04048e-07 5.534e-06 0.00421575 0.815681 0.00632398 0.0517752 0.0210776 0.00760206 0.0222945 0.00477021 0.00019467 0.00184419 0.000227926 0.00027631 0.000123996 0.00425002 0.011497 0.0102663 0.00196884 0.000264026 0.0146926 0.00524279 0.011871 1.86831e-05 
0.0119434 0.00222386 1.47812e-10 1.68312e-11 0.00678739 0.000161531 0.00122099 0.0112962 1.06112e-06 0.72921 0.00792377 0.000630281 0.165376 3.29218e-07 3.89923e-07 0.00182089 0.0375274 0.000168579 0.00826096 0.00176992 2.84173e-05 0.00156095 4.53277e-07 0.0120878 8.47019e-11 
0.00332301 0.00192195 4.03147e-09 0.00410594 0.389998 0.00129292 0.128878 0.314052 0.00346121 0.000442545 0.00461468 0.000296438 0.000538819 0.000342472 0.00012448 1.68128e-05 0.012511 0.000248003 0.000349921 6.37122e-05 6.73393e-06 0.00407673 0.0236308 0.105701 2.38059e-06 
0.0151045 3.8271e-09 4.64647e-09 0.00670917 0.109867 0.00311631 0.0244529 0.0129432 0.0020109 0.0361142 0.00348315 1.72801e-05 1.05712e-05 0.000652451 1.48541e-05 6.20525e-09 0.00280156 0.000386006 8.83831e-06 0.000114266 2.84702e-09 5.17743e-06 0.0180862 0.764101 2.6626e-09 
0.0523638 6.88175e-12 1.46705e-09 0.0380102 0.0149357 0.0032421 3.03455e-05 0.0460572 0.000162444 0.000953933 0.0100277 7.12401e-06 0.00789512 5.03309e-07 0.00107029 5.06063e-06 0.0471245 5.90489e-05 0.0192058 0.000543096 2.05769e-09 0.0088644 0.744027 0.00541501 1.28453e-09 
0.0024339 0.000167433 0.000171364 0.0023826 0.0173528 0.0406948 0.00195994 0.0383511 0.00535915 0.0017037 5.58097e-05 2.2492e-05 0.0015314 3.61164e-05 0.000519436 1.73628e-05 0.210061 0.00520471 0.00105264 0.000421427 0.000423691 0.531065 0.094032 0.0449571 2.27824e-05 
0.182193 0.0392713 0.023521 0.03868 0.0424077 0.0416419 0.00252051 0.026812 0.000410058 0.124616 0.0119869 0.00946012 0.0459599 9.65598e-05 1.68459e-06 1.48807e-05 0.0172621 0.00437231 0.0127447 0.261472 5.94536e-05 0.0190214 0.0910803 0.00439405 1.18214e-07 
0.0114407 0.00209446 7.95967e-11 0.000543901 1.64222e-08 7.16281e-12 1.19982e-06 0.000228971 5.95488e-08 0.000176937 3.41501e-11 0.0306996 2.26365e-07 6.5778e-11 1.05781e-07 1.98873e-07 0.0003509 1.58025e-07 0.000408965 2.84007e-08 0.000967767 0.000220703 4.96359e-05 0.952815 4.5612e-11 
0.00561595 0.000341466 9.65935e-08 0.00122394 0.719832 0.00115467 0.0186794 0.00133498 0.018714 0.00100137 0.000553215 1.54691e-05 0.000154243 2.41082e-07 0.000346243 0.00041654 1.12267e-05 0.0263974 0.000159144 0.000157438 1.41286e-06 0.00635721 0.00818457 0.189347 7.77952e-07 
0.0658819 9.33286e-05 8.70354e-10 0.00597852 0.0302241 0.131469 0.00807058 0.0376335 2.52494e-06 0.0225851 0.0968885 0.000132703 0.234117 0.000126179 1.31421e-08 0.0115949 0.149222 0.00354642 0.0264722 0.0591597 5.72041e-06 0.0729498 0.025622 0.0182244 4.98746e-10 
0.0361736 0.00255786 3.25029e-08 0.0129769 0.0570281 0.579096 0.00442789 0.0275703 0.0237671 0.00253536 0.000601435 4.31824e-05 0.000240824 8.50046e-05 7.26892e-05 3.82672e-05 0.000526767 0.00446874 0.00463738 0.00189116 1.17584e-05 0.0457585 0.189021 0.00644349 2.67937e-05 
0.170206 0.000374101 4.81316e-08 0.00267663 0.0276926 0.0678647 0.0322858 0.00883268 0.00130677 0.0378392 0.193879 0.0101884 0.00802267 0.000250959 8.41776e-05 1.15798e-05 0.0598402 0.00313286 0.145772 0.0398665 8.37656e-08 0.166873 0.0201608 0.00282723 1.08211e-05 
0.038443 0.000266104 0.00101112 0.0466099 0.0875807 0.0703991 0.044634 0.0343353 0.00207338 0.0155446 0.012554 0.063029 0.0165062 0.00129429 0.00337792 0.000661781 0.0130743 0.000652199 0.23667 0.0583071 2.48834e-06 0.0460822 0.17327 0.0333416 0.000280359 
0.0951082 0.0287313 0.082739 0.0218642 0.0103768 0.0612655 0.000680198 0.132395 0.00292716 0.00405726 0.0202723 3.19748e-05 0.19097 0.00558536 4.92466e-07 0.0181911 0.00245368 0.000573243 0.000837223 0.0253546 4.86151e-07 0.196611 0.09755 0.00139599 2.82914e-05 
0.0119434 0.00222386 1.47812e-10 1.68312e-11 0.00678739 0.000161531 0.00122099 0.0112962 1.06112e-06 0.72921 0.00792377 0.000630281 0.165376 3.29218e-07 3.89923e-07 0.00182089 0.0375274 0.000168579 0.00826096 0.00176992 2.84173e-05 0.00156095 4.53277e-07 0.0120878 8.47019e-11 
0.154829 0.000137466 2.38198e-11 0.0224928 0.139985 0.0915546 0.00297948 0.011159 0.00329578 0.0120897 0.00357867 0.00893378 0.0332127 1.7325e-05 0.000419692 8.48954e-09 0.118939 0.0144648 0.0214968 0.0267125 1.4595e-11 0.112264 0.219929 0.00151023 2.79434e-09 
0.0908105 0.00151177 5.87429e-11 0.325035 0.0500792 0.0136577 0.0121139 0.0370406 0.0058133 0.00219366 0.0051226 0.000166165 0.0195667 0.000205887 5.68524e-07 0.000214357 0.00517431 0.0142477 0.0548023 0.00447856 0.0791581 0.0526155 0.220088 0.00587423 2.9026e-05 
8.80432e-07 1.41122e-06 9.26378e-10 0.136068 0.0730069 0.000318179 0.00206777 0.228395 0.000776465 0.0886788 0.0166071 0.00186106 1.13043e-06 4.00815e-07 0.00264855 1.23716e-09 0.00173095 0.0744637 0.00234959 0.00156037 0.000115215 0.0149317 0.0760834 0.278333 2.81835e-07 
0.0479981 2.18322e-06 0.0835038 0.00862292 6.25385e-05 0.00711743 2.66477e-07 0.00034392 3.38472e-11 0.0629084 0.000361283 0.759817 0.000580156 2.53955e-07 4.35126e-07 1.92034e-05 0.00178218 1.11352e-07 0.0032332 0.00547007 8.17825e-11 0.00446187 0.0130134 0.000701756 1.70648e-08 
0.00938844 1.83247e-05 6.84321e-07 0.00887303 0.0289502 0.00752379 0.00134634 0.0356202 0.00013808 0.000483358 0.000360682 2.37175e-05 0.00494412 1.63098e-05 4.54317e-05 9.86841e-05 0.00228122 0.000374229 0.00512137 0.78673 2.77047e-05 0.0204617 0.0861183 0.00105356 3.92142e-07 
0.0624446 0.00159271 0.0153386 0.0146191 0.286354 0.00513294 0.0104391 0.0243807 0.0100066 0.0116028 0.012173 1.83119e-05 0.0328214 0.000194197 0.00192089 0.00266309 0.00272726 0.00260347 0.0798687 0.289188 3.72714e-06 0.0454233 0.022772 0.0656677 4.41018e-05 
0.142488 0.00149547 0.000247251 0.0225452 0.00859037 0.419741 0.01445 0.105479 8.61729e-05 0.0161087 1.54651e-05 0.0282162 0.00459495 1.37128e-05 0.00200813 6.91513e-06 0.00140029 4.81356e-05 0.0968407 0.0157449 6.11138e-07 0.0251527 0.0935051 0.00121997 1.40252e-06 
0.0550322 4.87366e-12 5.91709e-12 0.0353141 0.228426 0.024091 0.00605889 0.0349541 0.00842879 0.00594071 0.000885378 5.92634e-06 0.00323169 0.0024948 0.024179 3.00798e-05 0.00395948 0.114695 0.0166307 0.0109339 1.09518e-06 0.0462991 0.33635 0.0420576 2.05713e-09 
0.0137 0.256614 3.77185e-08 0.000635588 0.00962247 0.00714344 0.00426756 0.00973111 0.000176761 0.0164858 0.000335497 0.49064 0.000650237 9.75461e-05 0.00148384 4.44467e-06 0.00909018 0.000426178 0.00309654 0.000657298 0.000969988 0.0201043 0.0140035 0.140044 1.89532e-05 
0.0596491 2.6283e-06 5.45892e-10 0.0933354 0.0708102 0.502063 0.0123999 0.0126113 0.00620225 0.00152594 1.02663e-05 6.53656e-05 0.000670474 0.00177036 3.08278e-05 2.44353e-06 0.00209602 0.00163308 0.0714447 0.00207547 3.87729e-08 0.0934783 0.0625517 0.00557 8.63549e-07 
0.0132188 2.17292e-08 2.59275e-11 0.00573286 0.021346 0.0005419 0.0133607 0.00748109 0.00159103 0.0006098 0.000809235 1.85557e-06 0.0173347 1.18024e-08 2.18873e-07 1.70986e-05 0.611614 0.00127206 0.00674382 0.00539074 2.38882e-05 0.00669252 0.285921 0.000295645 1.50842e-08 
0.0925799 0.235666 0.0009303 0.0908886 0.0170333 0.0880408 0.00495025 0.0347415 0.00285521 0.0126276 0.00336394 0.000210946 0.0135346 0.00063467 0.00219981 1.98887e-05 0.0287644 0.00163113 0.0672082 0.072529 0.00634992 0.0235369 0.176201 0.0232347 0.000267856 
0.0256387 0.000205173 0.00222812 0.0101714 0.629966 0.0227519 0.0268499 0.02136 0.0787902 0.00827214 0.0297307 0.000912231 0.00288089 0.0143826 0.00043907 2.96023e-05 0.0236746 0.007273 0.0157303 0.00533403 2.39505e-06 0.0379152 0.0281802 0.00719385 8.81436e-05 
0.857455 5.94305e-05 3.7028e-05 0.0296844 1.35667e-05 0.00215901 1.26433e-07 0.00187724 1.97617e-05 0.000108671 0.000182617 1.16727e-06 0.000245467 1.1811e-05 3.32094e-07 9.62133e-06 0.00169301 0.0107119 0.000106517 0.00396173 2.20313e-06 0.00450116 0.0871577 8.03617e-08 3.12066e-07 
0.067841 0.00118459 0.000474415 0.107346 0.128082 0.179397 0.00553885 0.0602853 0.0185372 0.0344099 0.0141917 0.00627226 0.0401308 0.000313115 0.0102357 2.17082e-06 0.0378299 0.0121178 0.0324711 0.0504805 9.0348e-06 0.0281735 0.149881 0.0146863 0.000108771 
0.00113355 0.000675167 0.00606535 0.0439809 0.100062 0.298345 0.00083469 0.0619741 0.00146253 0.00204769 0.321141 3.8394e-10 0.0033043 0.000412032 1.44508e-09 2.44876e-05 0.0216771 0.00662552 0.000945913 0.0201455 1.45198e-09 0.0137747 0.0898177 0.00555062 1.35792e-09 
0.179598 1.15428e-06 2.83663e-07 0.0145646 0.0575394 0.0513733 2.58854e-07 0.0204491 0.000104344 0.0087369 0.0138848 0.00180287 0.392697 4.22856e-05 2.91229e-08 1.87527e-11 0.014381 0.00424009 0.015778 0.116081 7.14209e-08 0.0910703 0.0175264 0.000128318 8.0466e-12 
0.00724912 0.000564914 0.000101863 0.00135917 0.00397722 0.0010429 0.000197484 0.0171872 7.24585e-05 0.0014022 0.000214994 0.000844784 0.000104793 3.94516e-05 9.73532e-05 2.21919e-06 0.00635049 4.06628e-06 0.00136135 0.00293642 0.00262844 0.00173082 0.00521604 0.945303 1.1322e-05 
0.0498032 0.00141834 1.84184e-07 0.00872622 0.00454634 0.00706344 0.000371569 0.00369811 0.000931476 0.742941 0.000866829 0.0413348 0.00118618 0.0736809 0.000292563 5.75159e-05 0.00490836 0.00132455 0.0103652 0.01026 9.24559e-05 0.00266044 0.0299076 0.00354856 1.37167e-05 
0.0906806 9.74015e-05 6.78536e-09 0.0622927 0.0239082 0.0136453 0.00957077 0.0248317 0.00831142 0.00680714 2.95789e-05 9.11372e-05 0.00132896 5.60735e-09 0.0592387 8.76031e-05 0.0108654 0.000905246 0.0100044 0.000571626 6.99609e-06 0.203762 0.0669478 0.406014 1.92908e-06 
0.0477971 5.5357e-07 0.209545 0.00962608 0.129144 3.95354e-06 0.000351364 0.0943573 4.42586e-07 0.00402967 0.210604 2.02148e-07 2.71364e-10 1.07732e-09 0.000690071 1.16473e-05 0.02483 2.98141e-05 2.30007e-07 5.63551e-07 6.64734e-07 0.117475 0.0444685 0.107035 7.47038e-10 
0.0049531 2.10752e-07 7.7018e-05 0.00199584 0.0018539 2.30257e-08 0.000190156 0.0053993 0.00025961 0.00153254 0.94358 0.000543126 0.00105997 2.13565e-05 0.00433795 0.000376225 0.00984052 0.000232965 0.00794751 0.00012194 1.5678e-07 0.000388888 0.011716 0.00357197 1.46625e-07 
0.0974242 0.000146772 0.00668056 0.0155933 0.00763781 0.0700505 0.000541745 0.0206004 0.0013602 0.0118935 0.00112208 0.0123124 0.0613739 0.00107638 0.000339371 0.00244177 0.50167 0.0119542 0.0242478 0.079129 0.0117305 0.0195657 0.0377498 0.00328231 7.54421e-05 
