0.0133315 1.39317e-05 4.12787e-07 0.305613 0.0493139 0.0894011 0.00611835 0.0216012 0.0409161 0.000346014 0.00471201 0.00117823 0.000128435 1.08197e-06 0.000424946 1.71764e-05 0.00738588 0.00452588 0.0107335 0.0170082 6.44548e-09 0.253755 0.155099 0.0181853 0.000190449 
0.00732471 0.00426934 2.80362e-07 0.275777 0.0478267 0.0379765 2.52252e-05 0.108645 0.00675717 0.00571366 0.02438 1.21316e-05 0.0446247 0.000349569 0.00624957 1.51918e-05 0.0871668 0.000459015 0.0239053 0.0230626 3.85348e-06 0.248499 0.043673 0.00190017 0.00138345 
0.0080894 0.0113948 6.76729e-06 0.449841 0.0284623 0.0421159 0.000173828 0.0560036 0.00150532 0.00254883 0.00761804 3.67988e-05 0.0681338 0.00654218 0.00245372 6.24036e-06 0.00636515 0.00230941 0.0245642 0.0437206 5.29054e-07 0.00553826 0.228716 0.00368214 0.000171129 
0.0622301 0.000987125 1.34486e-06 0.292174 0.021353 0.0197592 0.00136053 0.0450025 0.00680049 0.00614158 0.0166105 0.0524932 0.00371863 0.00115725 0.000851873 4.15477e-06 0.0318373 0.0104323 0.0306395 0.0509075 1.80286e-06 0.113705 0.20005 0.0316824 9.91385e-05 
0.040211 0.00702606 2.20594e-05 0.494327 0.0248861 0.0379275 0.0047584 0.0370082 0.00162556 0.000668492 0.000653707 1.23449e-05 0.00568869 4.54741e-05 0.0223353 9.04262e-06 0.00474518 0.0394262 0.0130264 0.0094873 2.86072e-06 0.0384408 0.192811 0.0244257 0.000429892 
0.0913308 6.64423e-05 2.67583e-08 0.535414 0.0345563 0.000867727 0.00162247 0.0444461 0.0523331 6.15804e-05 5.95971e-05 3.04411e-06 0.000260184 1.05947e-05 2.4495e-05 2.04299e-05 0.00111521 0.00331048 0.00188653 0.000235755 5.36324e-06 0.0269737 0.200098 0.00529815 1.53335e-08 
0.0136253 0.000218001 3.92095e-07 0.570592 0.0169001 0.142251 0.000454998 0.0491219 0.0023022 0.00483986 0.00236926 5.43853e-06 0.00601824 1.549e-05 0.000535093 4.8837e-06 0.000202157 0.00605498 0.0164088 0.00248118 3.22704e-08 0.0161177 0.148453 0.00102116 6.27305e-06 
0.0277491 3.24396e-05 9.94928e-09 0.506584 0.0161819 0.0627029 0.00241631 0.0661959 0.0147091 0.0144274 0.0019581 1.9879e-05 0.000367664 0.000507729 0.000210301 5.28859e-05 0.0236707 0.00403525 0.00423475 0.0250018 1.54547e-06 0.15355 0.0706834 0.00369467 0.00101256 
0.0115521 0.000232672 4.74792e-10 0.659075 0.0371697 0.000146701 0.00255537 0.0195319 0.00140834 0.0064238 0.000389935 1.11573e-05 0.00809131 1.20661e-06 0.0147884 2.10698e-08 0.0121967 0.0153732 7.42927e-11 0.00161651 9.667e-09 0.0029694 0.0586583 0.14757 0.000238059 
0.0639679 2.68819e-05 2.14195e-05 0.793595 0.00161987 0.00896244 2.3025e-05 0.00117894 3.29498e-05 6.87189e-05 0.000193968 1.90365e-05 0.00155855 4.17373e-05 0.000102751 3.0661e-05 0.00056747 0.0160744 0.000290219 0.00432499 8.92009e-06 0.00234897 0.0681313 0.0366168 0.000193218 
0.0720813 4.6333e-05 4.10836e-06 0.725937 0.0392008 0.0024176 1.73866e-06 0.000861476 0.00573314 0.0534171 0.00565488 0.00194575 0.0209052 5.70645e-06 0.00160634 1.79339e-07 0.000246502 5.70593e-06 0.00338954 0.00607443 4.09967e-07 0.00865987 0.0236071 0.0279203 0.000277331 
0.0154002 0.000123643 1.70572e-08 0.292306 0.127717 0.0155228 0.00295207 0.0258943 0.00442383 0.00315011 0.00209933 7.84848e-05 0.00499948 1.02128e-05 0.14755 0.0301985 0.00168774 0.000131493 0.00132735 0.0426371 1.87619e-06 0.0226978 0.0118989 0.241786 0.00540627 
0.0720813 4.6333e-05 4.10836e-06 0.725937 0.0392008 0.0024176 1.73866e-06 0.000861476 0.00573314 0.0534171 0.00565488 0.00194575 0.0209052 5.70645e-06 0.00160634 1.79339e-07 0.000246502 5.70593e-06 0.00338954 0.00607443 4.09967e-07 0.00865987 0.0236071 0.0279203 0.000277331 
0.198935 7.47959e-06 9.0316e-07 0.467268 0.015195 0.00175544 0.00162944 0.0353753 0.00191742 0.00325221 0.000522432 5.42679e-05 0.00547594 0.00261482 0.00343483 8.37453e-06 0.00254928 0.0635222 0.000228293 0.00465309 1.68089e-07 0.0154419 0.172719 0.00303418 0.000404881 
0.0512303 1.52356e-07 1.84974e-07 0.276248 0.0470312 0.146023 0.000100232 0.0232749 0.0162935 0.00190532 0.0018125 7.34934e-07 0.00535786 1.52861e-07 0.000550953 4.26355e-05 0.077256 4.92603e-05 0.0538504 0.00380702 6.88262e-06 0.0133375 0.10001 0.181501 0.000310544 
0.016944 4.16115e-05 0.0120493 0.764392 0.0122452 0.0461931 3.82219e-05 0.00720897 0.00162324 0.00242748 0.00245685 1.06738e-05 0.00877186 8.13979e-06 0.0114638 4.01391e-06 0.000240949 0.000299929 0.00538826 0.0754068 3.65224e-06 0.00561531 0.023355 0.00329283 0.000518709 
0.0692614 0.00425128 7.38227e-07 0.599388 0.00182524 0.018127 3.59475e-05 0.06446 0.00353306 0.00304556 0.025621 2.01515e-05 0.00765746 1.38079e-05 0.0023517 1.92479e-06 0.00129668 0.0389012 0.00121053 0.0148697 1.15551e-07 0.0443482 0.0952659 0.00442944 8.4e-05 
0.000109861 5.43619e-06 0.000302723 0.422857 6.93994e-05 1.44283e-05 2.76324e-05 0.00495 4.36718e-05 1.90566e-05 0.0489293 1.18427e-06 2.58823e-05 2.65551e-05 5.27921e-05 8.81422e-06 1.41304e-05 8.37678e-06 3.38282e-05 0.229071 4.80457e-06 0.162352 0.103092 0.0279528 2.63396e-05 
0.0601929 7.89765e-06 1.33379e-07 0.352346 0.01836 0.0227923 0.000340941 0.0095856 0.00950827 0.00548968 0.000314549 0.000895137 0.0247438 0.000238 0.0147468 5.1178e-05 0.0209296 0.023437 0.0553865 0.0943965 1.44794e-07 0.0726159 0.209315 0.00348896 0.000817671 
0.032566 4.50755e-05 0.000628452 0.409285 0.0164564 0.0235426 0.00263039 0.0171715 0.00302379 0.000370399 0.000602509 0.011401 0.0315619 0.00013448 0.00239604 1.44149e-05 0.00802139 0.00229776 0.00934071 0.314666 1.61216e-05 0.0114221 0.0937597 0.00656085 0.0020856 
0.0167186 1.92697e-05 0.000230159 0.361182 0.0284851 0.0241344 5.99899e-05 0.0211818 3.23594e-05 0.0760279 0.000790652 0.000617791 0.000684882 4.20464e-06 0.205478 0.000282716 0.0085201 8.30848e-05 0.0183536 0.0197754 2.37728e-05 0.0020959 0.203291 0.0105933 0.00133465 
0.0436771 0.000207995 1.01377e-07 0.459596 0.0173236 0.0349629 0.000288326 0.0372859 0.00648361 0.00242918 0.00468693 0.0699032 0.00558207 0.000308272 0.00371036 6.07041e-06 0.00881927 0.00108997 0.00777976 0.0382239 1.04071e-06 0.072327 0.15892 0.0263288 5.85237e-05 
0.0254956 1.06461e-05 0.00407236 0.671336 0.007414 0.0524593 0.00275458 0.00773915 0.00755712 0.000135673 0.000496972 1.62111e-05 0.0201883 8.06507e-06 0.000354216 3.28977e-05 0.0251143 0.00163101 0.0216585 0.0755946 1.02589e-05 0.0506904 0.0233111 0.00189175 2.70792e-05 
0.00898572 0.000181935 6.8906e-10 0.696241 0.0289105 0.000114253 0.00198795 0.0151923 0.00109589 0.00499735 0.000303595 8.70245e-06 0.00629396 9.58802e-07 0.0115037 2.2695e-08 0.00948728 0.0119582 1.0782e-10 0.0012576 1.04127e-08 0.00230999 0.0456242 0.153359 0.000185394 
0.144003 2.16023e-06 3.2921e-09 0.575144 0.011645 0.0406135 0.000394555 0.00828905 0.00611196 0.00624809 0.000371355 2.46614e-05 0.00412247 0.000570582 0.0138562 9.40451e-06 0.00698024 0.000226469 0.0389113 0.0355236 9.94325e-05 0.00449696 0.06578 0.0270756 0.00950071 
0.0486687 6.55495e-06 4.36135e-07 0.570861 0.0891616 0.0137882 0.0057401 0.0118897 0.05758 0.00969184 0.00417596 2.45888e-05 0.00557172 0.000250159 0.00863027 6.18127e-05 0.0030687 0.00581354 0.00689115 0.00747525 9.0675e-08 0.0605055 0.05244 0.0370611 0.000641668 
0.0584392 0.00139183 4.63612e-07 0.396544 0.0292215 4.64524e-07 0.00752345 0.0306104 0.00840539 0.0254944 0.00208929 0.00510944 0.0133289 4.63787e-07 0.0856554 0.000417411 0.0150491 4.64513e-07 4.64457e-07 0.00185812 0.000418064 0.0138882 0.0268525 0.273107 0.00459447 
0.0482058 0.000338867 0.00033887 0.412051 0.047545 0.0334136 0.00463362 0.0209809 0.0105894 0.00512898 0.000548332 0.00364015 0.00985081 0.0032122 0.00790591 0.00026766 0.0743991 0.00843642 0.0334441 0.0209249 8.25163e-05 0.0122835 0.213485 0.0272584 0.00103445 
0.0622187 0.107396 1.13383e-09 0.57917 0.00142501 0.0460529 4.57278e-07 0.0211749 0.00134669 0.0258902 0.0136575 1.83704e-10 2.36015e-10 9.36984e-10 0.00290057 1.5142e-09 0.00542701 2.95347e-08 9.38099e-09 0.0108357 6.94727e-10 0.0123644 0.0597143 0.0497998 0.000626239 
0.000428519 0.00278798 3.85604e-05 0.828593 5.22758e-05 0.0679913 3.6493e-05 0.00970334 6.13799e-06 0.00179343 1.13656e-08 4.29208e-09 0.000133219 8.139e-06 1.61546e-08 3.53779e-08 4.10653e-05 9.22434e-06 0.000190468 0.00022526 1.62317e-08 0.0179445 0.0647858 0.00523092 1.51803e-08 
0.185414 5.84306e-05 1.32308e-05 0.429464 0.00207526 0.0171704 5.10344e-05 0.0107655 0.001063 0.138516 0.00342774 0.00923426 0.00378702 2.65437e-06 0.00129324 3.44543e-07 0.0330515 0.00271417 0.00133714 0.113018 7.97508e-08 0.0115714 0.0244405 0.0111513 0.000381106 
0.0205213 1.07019e-06 2.97829e-07 0.653508 0.0210665 0.0208365 0.0131109 0.0468014 0.00977484 0.000333885 5.96888e-05 0.000948481 0.00566331 2.40849e-05 2.10677e-05 1.4058e-05 0.000261581 0.01814 0.00238624 0.0173542 8.69558e-09 0.0162219 0.150717 0.00218415 4.97088e-05 
0.16626 3.55292e-05 5.62239e-06 0.36069 0.0961437 0.00410736 0.00410556 0.0396803 0.00165919 0.0104892 0.0249742 0.000224308 0.0275389 0.00761615 0.0259897 8.17505e-05 0.0109211 0.00918324 0.0329538 0.0323398 3.07559e-05 0.00464086 0.11377 0.0237785 0.00278142 
0.0386873 0.00647338 0.000139981 0.438972 0.0500163 0.0185782 0.000942273 0.0313014 0.00150983 0.000669691 0.0136322 3.38964e-05 0.132795 7.09027e-05 0.00429664 4.03858e-05 0.041903 0.0193477 0.0106072 0.0860114 8.73115e-07 0.0313363 0.0330444 0.0360541 0.00353569 
0.00619005 5.5775e-07 3.75375e-10 0.663357 0.00305547 0.18633 6.96289e-06 0.0121715 0.00196963 0.00706954 1.13446e-05 1.19113e-07 0.000483056 6.8501e-05 2.28075e-06 2.83711e-06 0.0130776 3.79949e-08 0.012062 0.0342937 1.01829e-08 0.0231584 0.0346012 0.00023156 0.00185658 
0.0908105 0.00151177 5.87429e-11 0.325035 0.0500792 0.0136577 0.0121139 0.0370406 0.0058133 0.00219366 0.0051226 0.000166165 0.0195667 0.000205887 5.68524e-07 0.000214357 0.00517431 0.0142477 0.0548023 0.00447856 0.0791581 0.0526155 0.220088 0.00587423 2.9026e-05 
0.0672214 6.37561e-05 0.000209728 0.547152 0.0494419 0.00147597 0.00159694 0.0495268 0.0068995 0.00154172 0.000481502 9.55227e-05 0.00189262 1.27678e-10 0.0554552 1.29786e-05 0.0572415 0.00368512 0.000970442 0.00420923 0.000141983 0.00330634 0.0973783 0.0499996 1.08043e-07 
0.0134536 0.00307009 1.19107e-06 0.736463 0.0110682 0.0164096 8.4644e-05 0.0133814 0.00275534 0.00217027 0.0113726 1.58488e-08 0.0105669 3.09805e-06 4.63433e-06 1.07353e-05 0.000171315 0.0143624 0.0124698 0.00506249 6.06007e-08 0.034908 0.112048 0.000114065 4.85369e-05 
0.113122 0.00521116 4.8941e-05 0.320873 0.00296281 0.00877279 7.15025e-06 0.0164272 0.00557984 0.0026108 0.00300042 0.000316804 0.0178963 6.15741e-05 0.0304166 3.10135e-05 0.00225522 0.00498261 0.00438577 0.178605 0.000194084 0.0081434 0.0266194 0.0763853 0.171092 
0.0354234 8.98909e-05 5.04116e-07 0.347682 0.0521537 0.0447181 0.000824815 0.013951 0.112635 0.00506983 0.00117876 0.00448353 0.00133494 0.000800072 5.33468e-05 2.03589e-05 0.00220447 0.00730992 0.0139561 0.0259992 1.69723e-07 0.0985305 0.229799 0.00166546 0.000115365 
0.0205139 8.09469e-05 8.48152e-05 0.323204 0.0824984 0.0506398 0.000302209 0.187478 0.011022 0.00322455 0.016558 2.16759e-07 0.0021216 4.361e-05 0.00044205 2.87736e-06 0.00827292 0.0136583 0.000857384 0.027318 1.29803e-05 0.0274672 0.212797 0.011324 7.45108e-05 
0.0155799 5.07357e-07 0.000316427 0.633079 0.034157 0.0243181 0.000860313 0.0104977 0.00881683 0.000631601 0.00866185 5.31322e-05 0.151164 9.31053e-09 0.00377681 1.50461e-08 0.00218351 0.000103771 0.00221373 0.0506349 9.33444e-06 0.00211133 0.0394867 0.00967365 0.0016697 
0.0669424 0.00189753 1.11954e-07 0.652166 0.026036 0.0247523 0.00279507 0.0104961 0.0107632 0.0118 0.000658662 0.00340677 0.00531544 2.33641e-05 0.0438546 1.23875e-05 0.00386749 0.0101126 0.0109328 0.0194816 1.65208e-06 0.0257805 0.0250426 0.0423584 0.00150238 
0.0498372 2.22685e-05 0.000131827 0.452806 0.0444463 0.198783 0.00325573 0.0144079 0.00566392 0.00136662 6.13079e-05 1.92644e-05 0.0404615 0.00172113 0.0232366 9.94095e-06 0.0111608 0.00771494 0.000542145 0.00934433 2.07371e-05 0.0472296 0.078827 0.00826277 0.000666242 
0.0138163 3.99504e-08 4.85036e-08 0.956328 1.10259e-06 4.36478e-09 1.12609e-08 0.000180163 1.22999e-08 1.1761e-08 2.08099e-08 7.8586e-09 0.00137312 4.00829e-08 0.000411658 9.06521e-06 1.3721e-05 3.29646e-07 8.24167e-06 0.0220656 2.97195e-08 0.000829375 0.00351511 0.0014481 2.77944e-08 
0.0671404 2.10274e-05 1.54728e-08 0.464337 0.0518892 1.38856e-05 0.000517892 6.00178e-06 0.0103029 0.167789 0.000116604 0.003398 0.00103164 8.35909e-05 0.00259202 1.53666e-06 0.0269316 0.00226395 0.101478 0.00875265 1.1816e-07 9.29251e-06 0.0460356 0.0450218 0.000266542 
0.0111728 7.95451e-05 3.21709e-06 0.401923 0.0600897 0.0407078 0.0058713 0.00757946 0.0155966 0.00282614 0.0781637 3.29324e-05 0.0773908 3.58369e-05 0.00493763 1.82487e-06 0.00740131 0.000130053 0.0199903 0.0625707 5.57334e-07 0.0935787 0.0872878 0.0209904 0.0016375 
0.0120269 0.119536 0.0027118 0.283261 0.0282082 0.0199331 3.01232e-05 0.0340127 8.61117e-05 0.0276215 0.161313 9.46947e-05 0.0416991 2.40429e-08 0.00156418 3.88542e-08 0.0113799 1.96198e-05 0.00369487 0.237546 1.78266e-08 0.000250756 0.00694333 0.00663763 0.00142994 
0.00708339 1.44472e-09 1.75403e-09 0.589601 0.154427 0.0069344 0.000783332 0.0035312 0.00115574 0.000105358 0.000378953 2.8419e-10 0.00615549 1.44951e-09 0.000188118 2.74382e-08 0.0056605 0.00670372 0.00119141 0.00525953 1.07474e-09 0.0234226 0.184398 0.00297616 4.40847e-05 
0.0958548 2.9086e-05 2.42036e-10 0.348791 0.0482471 0.0256957 0.000936474 0.0082051 0.0076381 0.00756589 0.00915145 1.86652e-05 0.0133604 0.000218182 0.00463217 1.88316e-05 0.013647 0.00078912 0.0400004 0.0197948 0.000217652 0.00267184 0.328624 0.0218699 0.00202194 
0.171254 1.06784e-06 2.51507e-09 0.400415 0.0152934 0.0809635 0.00027845 0.0484996 0.00134452 0.00236551 0.0147434 1.12205e-05 0.00404151 5.61516e-05 0.001891 5.60497e-07 1.80515e-05 0.000117834 0.00742826 0.030804 4.00946e-07 0.0103203 0.110968 0.0990717 0.000112825 
4.87682e-06 0.00743791 2.39595e-07 0.366569 0.0112489 0.11774 4.00209e-06 0.0619484 0.000220822 1.2871e-05 0.0684444 2.23178e-07 0.0121759 1.2867e-06 5.24185e-08 1.20012e-06 0.0502114 3.8298e-08 0.000534067 0.00991929 3.30105e-06 0.0103099 0.279417 0.00369148 0.000103916 
0.165943 1.65602e-05 1.00464e-08 0.309669 0.0334454 0.0804624 0.000626189 0.107434 0.0245371 0.000376666 0.0192617 1.02476e-06 0.0193756 4.62047e-05 0.00239898 2.87608e-07 0.0108473 0.0100188 0.0187466 0.0375332 3.95503e-07 0.00643596 0.147252 0.00550836 6.33365e-05 
0.0336713 1.67817e-05 8.75716e-07 0.305336 0.0167278 0.246371 0.000484768 0.0170171 0.00863669 0.000112658 6.37681e-05 1.56349e-06 0.0027003 4.92906e-06 4.23501e-09 8.3057e-07 0.181773 0.000117822 0.00789256 0.0280734 7.30113e-08 0.106763 0.0442197 1.34577e-05 3.93409e-07 
0.0990455 0.000554467 1.6971e-08 0.808476 0.0266682 9.74596e-05 0.00170665 0.0011339 0.000791705 0.0111629 0.000321918 0.0150564 0.00371297 0.000551683 0.00032055 3.44505e-06 0.00190378 0.00401761 0.00520582 0.00171372 1.58062e-06 0.0110043 0.00267192 0.0038609 1.65888e-05 
0.0691851 6.50484e-05 7.1313e-08 0.455287 0.0358781 0.0334429 0.000727239 0.0204939 0.0166801 0.0635638 0.0120931 4.70467e-06 0.00425863 9.94187e-08 0.00207093 2.29064e-08 0.00792332 6.81771e-07 0.0187497 0.0706692 5.09888e-09 0.0249907 0.136912 0.0270018 1.6382e-06 
0.00238874 0.000460356 7.12036e-07 0.335559 0.110895 0.00150259 0.000871823 0.00784261 0.321554 0.015659 0.00125985 1.15365e-07 1.48216e-07 5.88419e-07 4.34211e-07 9.50906e-07 0.000836349 4.81992e-05 0.000249125 0.0768487 4.36284e-07 1.00193e-07 0.000678531 0.0404916 0.0828507 
0.0908105 0.00151177 5.87429e-11 0.325035 0.0500792 0.0136577 0.0121139 0.0370406 0.0058133 0.00219366 0.0051226 0.000166165 0.0195667 0.000205887 5.68524e-07 0.000214357 0.00517431 0.0142477 0.0548023 0.00447856 0.0791581 0.0526155 0.220088 0.00587423 2.9026e-05 
0.0415173 6.76702e-05 1.87141e-09 0.506441 0.00723848 0.0312357 8.51451e-05 0.0155141 0.00220161 0.000703986 0.000505365 0.0029643 0.010261 2.93657e-05 0.000423006 3.35731e-06 0.00446883 0.00302039 0.00102463 0.0353951 1.23705e-06 0.0632032 0.269579 0.00407534 4.10258e-05 
0.0184362 8.15376e-05 4.42279e-09 0.627047 0.00909861 0.0490606 0.000277786 0.0320185 0.000346637 0.000735251 0.00471274 1.82051e-05 0.035715 1.59111e-05 9.27823e-07 2.45263e-06 0.0127878 0.0443795 0.000456173 0.00436608 2.70996e-09 0.0454644 0.114837 9.7557e-05 4.38685e-05 
0.0930524 0.000102607 5.13982e-08 0.36006 0.104293 0.0358721 0.00375535 0.0633133 0.0130661 0.00305483 0.00310499 3.51695e-07 0.0288343 0.0027354 0.00555075 1.04795e-05 0.0715979 0.00766432 0.00100128 0.0126602 0.000416918 0.0455557 0.136563 0.00755129 0.000182744 
0.118018 9.05461e-06 3.82105e-06 0.191399 0.0469435 0.0414746 0.00853486 0.0421467 0.0993974 0.00537113 3.58307e-05 5.24239e-06 0.000128633 0.00147359 0.00515391 0.000424033 2.35646e-05 0.116035 0.00379362 0.0273289 3.34575e-06 0.0482747 0.168996 0.0740898 0.000936293 
0.126506 0.0644222 4.52369e-10 0.252882 0.0809837 0.124711 0.00263566 0.0315275 0.0135652 0.00596798 0.000913481 0.000110447 0.00435608 0.000304863 0.00103445 0.000140588 0.00876617 0.0136344 0.00829493 0.00308615 0.000184728 0.0578932 0.170361 0.0268827 0.000835474 
0.00663069 1.24304e-11 1.50917e-11 0.375699 0.00149809 0.118388 3.50379e-12 0.00514996 0.00231051 6.133e-06 0.00024294 8.54277e-09 3.5861e-07 5.80219e-10 8.80729e-09 2.01546e-11 2.11293e-07 7.81515e-06 0.0108454 0.00220331 1.00823e-07 0.363406 0.113587 2.22703e-12 2.42037e-05 
0.079351 2.15373e-06 0.000107527 0.299014 0.00583591 0.0983913 6.85718e-09 0.194449 0.000392073 0.000705975 0.00221491 3.53008e-06 0.00406779 1.61106e-05 0.000234313 5.4513e-07 0.00276538 1.5124e-05 1.65953e-06 0.233728 2.82523e-07 0.0344585 0.0442376 6.11664e-06 1.34675e-06 
0.00194567 6.97025e-06 1.46483e-09 0.364184 0.0191069 0.2744 0.00143962 0.00664041 0.0012084 0.0020067 3.59375e-06 7.79331e-08 7.89191e-06 1.40545e-09 0.000179574 4.64018e-07 2.5422e-08 0.000235868 0.058435 0.00272801 1.25581e-08 0.0742232 0.193089 0.000157276 3.86988e-07 
0.101048 1.49016e-06 1.48959e-06 0.334758 0.00627061 0.0379115 0.00626815 0.0898449 0.0120866 1.49203e-06 1.49143e-06 1.49229e-06 0.00611927 1.49015e-06 1.49085e-06 1.48851e-06 1.49233e-06 0.00179248 1.49231e-06 0.041633 1.49084e-06 0.0902892 0.24256 0.0294006 1.49097e-06 
0.0619061 0.000107438 1.46046e-05 0.56939 0.0139216 0.0611853 0.00388045 0.0350412 0.0051525 0.000671285 0.0156181 0.000340837 0.0609459 5.31385e-05 0.017401 5.94664e-05 0.0325716 0.0101079 0.00056001 0.0114976 5.76968e-07 0.0232628 0.0149452 0.0613176 4.81887e-05 
0.138877 1.05055e-06 4.48598e-08 0.474992 0.0890576 0.000603648 0.000602166 0.0162118 0.00735431 0.00747959 0.000362424 6.98378e-05 0.00120848 7.50268e-07 0.0358568 3.8997e-06 4.54323e-05 0.000255175 0.00323988 0.00354552 8.30759e-06 0.00304978 0.010305 0.114397 0.0924717 
0.123885 3.83807e-07 5.9964e-06 0.442973 0.0369564 0.0211341 0.000563427 0.00739066 0.199202 0.00517255 0.000647459 1.26714e-05 6.08112e-05 6.38526e-07 0.000278334 6.82519e-09 0.00688733 0.00100321 0.0681975 0.00556772 2.12103e-06 0.0119552 0.0590511 0.0088636 0.000188194 
0.00855327 0.0303965 5.73751e-05 0.708424 0.0541584 0.0150882 0.0103703 0.0528273 0.00307563 0.003359 0.000273323 0.00411504 0.00250274 1.55628e-07 0.000108838 8.11153e-05 0.0150415 0.00023716 0.00860444 0.0428735 3.53544e-05 0.00105675 0.0359732 0.00278667 1.07916e-07 
0.0375074 6.96814e-06 3.12357e-08 0.299426 0.0204752 0.230143 0.000142208 0.0501869 0.000476744 0.000479397 6.43993e-05 4.54545e-05 0.0522981 0.000455378 0.00547012 3.52883e-06 0.057399 0.00129685 0.0243055 0.0112447 1.9139e-08 0.112558 0.0760229 0.0198708 0.00012129 
0.22525 0.000191153 1.12005e-07 0.301906 0.0510709 0.0210414 0.00132345 0.0321303 0.0223064 0.0158406 0.0812595 1.88005e-05 0.00901013 0.00197074 0.0016038 5.99937e-05 0.0158533 0.00735754 0.0344662 0.0167943 6.80479e-06 0.0301289 0.117767 0.0113734 0.00126882 
0.023199 0.00947309 2.89169e-07 0.586408 0.01887 0.0260876 0.00231015 0.0060614 0.00284956 0.00394078 0.004208 4.97157e-05 0.0132174 0.00179833 0.0247139 0.000109285 0.00839176 0.00158672 0.0130512 0.176097 1.77182e-07 0.0349761 0.0191531 0.0232375 0.000209409 
0.020838 0.0128235 9.2922e-07 0.448263 0.0402673 0.0126721 0.000682126 0.0822986 0.00491058 0.00238177 0.0085017 0.000197533 0.0662701 0.000113939 0.0021188 8.97015e-06 0.00860652 0.00322 0.0549298 0.0233197 2.66024e-06 0.0883387 0.108932 0.00706083 0.00324138 
0.00684157 0.000891001 7.16366e-05 0.21881 0.12391 0.0716295 0.00672492 0.0381795 0.0824176 0.00638486 4.39504e-05 2.37817e-05 0.000391821 7.61941e-07 0.00853348 0.000650389 0.0243096 0.0224427 0.0327668 0.0018745 1.14458e-05 0.0236248 0.181581 0.146596 0.00128795 
0.0662969 5.84818e-05 1.3144e-08 0.443214 0.0211754 0.179552 7.8143e-05 0.0725369 0.00106479 0.00114093 0.000220868 4.80969e-06 0.00810038 2.47914e-05 0.00799882 0.00879358 0.0400588 0.00158289 0.00779734 0.00585976 8.05369e-09 0.00976165 0.112738 0.0118633 7.77515e-05 
0.00856539 0.00996344 1.62551e-07 0.632919 0.024602 0.00431786 0.0333207 0.0230215 0.00628261 0.000702187 0.00020856 0.000129452 0.010224 3.18289e-06 3.75084e-05 1.2792e-06 0.00409556 0.0141951 9.11346e-05 0.0509059 7.81439e-06 0.0281258 0.147314 0.000941342 2.44504e-05 
0.00898572 0.000181935 6.8906e-10 0.696241 0.0289105 0.000114253 0.00198795 0.0151923 0.00109589 0.00499735 0.000303595 8.70245e-06 0.00629396 9.58802e-07 0.0115037 2.2695e-08 0.00948728 0.0119582 1.0782e-10 0.0012576 1.04127e-08 0.00230999 0.0456242 0.153359 0.000185394 
0.0229678 3.90192e-05 1.96802e-05 0.407358 0.031438 0.010925 0.000441375 0.323486 0.00199561 0.000192473 0.000246152 1.28375e-05 0.00816968 0.000114497 0.00213597 1.1165e-05 0.000148802 0.00589748 0.0102085 0.0118171 1.29686e-06 0.00914435 0.10808 0.0356821 0.009468 
0.180382 0.000113231 1.8003e-09 0.312665 0.021089 0.00571557 1.3691e-05 0.00337928 0.00056807 0.173405 0.00116503 0.00865398 0.00158424 7.03725e-06 0.000207533 1.50477e-06 0.00725202 0.0315232 0.0165905 0.0121023 2.0345e-05 0.156383 0.0172246 0.0272001 0.0227551 
0.126334 5.45717e-05 7.07927e-08 0.474295 0.0105576 0.064189 0.000582624 0.0525378 0.00268469 0.00278802 0.00429058 0.000223899 0.00370195 4.22445e-05 0.000684985 4.84767e-05 0.00826519 0.00455886 0.0592682 0.0149082 2.52857e-05 0.0479435 0.0953036 0.026049 0.000662544 
0.0519722 8.43197e-08 1.02372e-07 0.511361 0.132577 0.0173934 0.00085251 0.0267636 0.130635 0.00552191 0.000193047 0.0134095 0.00196528 2.94924e-06 0.00191865 3.50269e-06 0.00145918 3.19598e-05 0.00329984 0.0343955 0.000291657 0.0156034 0.044569 0.00563119 0.000148876 
0.0195686 0.000157836 7.93583e-07 0.293533 0.0223382 0.025626 0.022858 0.0658278 0.00663659 0.00252458 0.000720669 0.000154429 0.0182996 0.000114238 0.0133171 0.000192199 0.0144259 0.00749589 0.223567 0.0540683 1.11765e-06 0.0200762 0.178256 0.0100501 0.000190092 
0.0638264 7.34866e-05 2.52119e-06 0.426765 0.150907 0.0036546 0.000220723 0.0896611 0.0183724 0.000178165 0.00674891 4.74014e-06 0.00308134 3.7995e-06 0.00417012 2.97117e-05 0.00373555 2.73099e-05 0.000174633 0.00544734 5.52085e-06 0.172632 0.00168107 0.0479796 0.000616995 
0.0233645 1.59835e-05 3.89968e-09 0.820706 0.0217884 0.0266127 0.0010512 0.0153856 0.00171236 9.45585e-10 8.08818e-06 6.02603e-08 0.000904799 3.6967e-06 0.000175854 5.20792e-09 0.00345473 0.00604262 7.82458e-06 0.0707116 2.38944e-09 0.00568147 0.00011682 0.00122838 0.00102737 
0.00377653 2.94186e-05 5.7728e-09 0.664592 0.0252611 0.00394576 0.00313275 0.00267866 0.0020284 0.000841043 2.47675e-09 3.15963e-06 0.000112932 2.82214e-06 3.52035e-09 1.28129e-05 0.00158779 0.00479801 0.00230879 4.5475e-05 3.53715e-09 0.00200749 0.279543 0.00327341 1.86838e-05 
0.00388553 2.53486e-07 8.65917e-09 0.732427 0.0160393 0.000430251 1.63661e-05 0.000779638 0.00115746 0.000157206 0.000358723 8.63859e-06 0.00441258 0.0118546 0.185746 1.18104e-07 0.00824182 5.439e-05 0.000155673 0.0135776 2.04411e-07 8.54545e-07 0.00350994 0.0170393 0.000146842 
0.120062 3.37688e-05 4.53998e-11 0.5417 0.0178621 0.0229923 0.00409691 0.0300472 0.00415287 0.00582455 0.000419181 0.0914279 0.0037695 6.6964e-07 0.0139089 1.77269e-05 0.00530548 0.00021117 0.0107546 0.0228314 1.06501e-05 0.0143818 0.0716679 0.0184492 7.25487e-05 
0.0267551 0.000416573 0.000229638 0.308439 0.0530201 0.067549 0.00274468 0.276801 0.0157951 0.00463708 0.00325709 9.08108e-05 0.01971 0.000282786 0.00454692 1.29104e-05 0.0160553 0.000255984 0.00764707 0.0358863 5.64321e-05 0.0529847 0.0757537 0.0152226 0.0118501 
0.00898572 0.000181935 6.8906e-10 0.696241 0.0289105 0.000114253 0.00198795 0.0151923 0.00109589 0.00499735 0.000303595 8.70245e-06 0.00629396 9.58802e-07 0.0115037 2.2695e-08 0.00948728 0.0119582 1.0782e-10 0.0012576 1.04127e-08 0.00230999 0.0456242 0.153359 0.000185394 
0.00225469 2.05258e-06 2.32749e-08 0.973375 0.00447157 0.00811015 2.69859e-05 0.000266576 0.000846552 3.85097e-07 0.000452429 7.4296e-08 0.000284686 4.09428e-07 8.33729e-05 1.75212e-07 1.53483e-05 1.09666e-05 3.6171e-05 0.000481449 0.00114082 7.69461e-05 0.00797365 5.42178e-05 3.50348e-05 
0.0382331 6.72696e-05 1.93018e-07 0.295894 0.0529792 0.0145874 0.000344142 0.0319628 0.0211465 0.00444639 0.0452927 2.94296e-05 0.0846088 0.000259898 0.00708176 0.000119087 0.101412 0.0817126 0.00633174 0.0445899 2.64707e-06 0.00670541 0.118548 0.0431851 0.000460169 
0.22515 1.71332e-05 0.00119195 0.34182 0.0382268 0.0543265 0.00102511 0.00574118 0.00335501 0.00449734 0.0123418 1.5705e-05 0.0641494 4.89123e-05 0.00201828 4.62161e-06 0.0118287 0.00830326 0.0375153 0.0143941 1.85913e-05 0.00726675 0.162324 0.0042136 0.000205784 
0.0497992 0.00139248 1.07049e-06 0.277817 0.108184 0.034487 0.0133178 0.0530636 0.0108411 0.00372084 0.00205748 4.18774e-05 0.00776087 1.35673e-05 0.00505413 4.42982e-06 0.0166439 0.0118896 0.00267314 0.0764787 6.96237e-07 0.0381499 0.256809 0.0296131 0.000185054 
0.0474271 2.42525e-06 6.13007e-07 0.350254 0.172813 0.116022 0.0234194 0.0412841 0.000812236 0.00302061 4.87923e-05 2.31076e-06 0.00202414 0.00132359 0.0577188 1.51485e-05 0.000981455 0.0165951 0.0130122 0.00943 0.000281307 0.0093721 0.0933054 0.040793 4.15097e-05 
0.067242 0.000127445 1.98833e-07 0.327631 0.0595343 0.105311 0.00521784 0.0495749 0.00553538 0.0146407 0.00243841 0.000819344 0.00226168 0.000255437 0.00205623 6.07293e-06 0.00668462 0.0348592 0.0433762 0.0128301 1.74126e-06 0.0369165 0.194105 0.0248391 0.00373524 
0.14634 2.81644e-06 4.53208e-07 0.61126 0.00846239 0.0110087 0.000259323 0.04101 0.000803528 0.00106471 0.00188496 8.39909e-05 0.00807999 0.000122234 0.0226424 1.2905e-07 0.000420695 0.00109684 0.000550894 0.0930557 1.81282e-06 0.00694501 0.0384031 0.00628698 0.000214279 
0.0421248 3.32516e-07 8.59587e-09 0.377078 0.0146849 0.0290622 0.000138345 0.00912321 0.00495195 0.00207577 0.000160634 1.39271e-09 0.000203678 1.27536e-06 7.50683e-05 1.26571e-05 3.58419e-05 8.59939e-10 0.00210277 0.324629 6.10503e-07 0.137912 0.0555789 1.06607e-05 3.80438e-05 
0.125651 0.000571252 0.000325181 0.51156 0.00580391 0.0224608 0.00112886 0.00242361 0.00214526 0.0823796 0.000669569 1.18317e-05 0.00133145 0.00383912 2.76411e-08 0.000111197 0.0156402 0.000756245 0.00441043 0.0382359 8.05367e-06 0.119107 0.0534837 0.00789619 4.99312e-05 
0.0622922 2.49099e-05 3.04575e-07 0.373254 0.0416732 0.0268063 0.00513386 0.0275609 0.00667924 0.00184834 0.00910901 0.017959 0.00257666 0.00029491 0.00131829 1.2376e-05 0.00820545 0.00752899 0.00845909 0.00597989 8.77265e-05 0.0351205 0.339461 0.015996 0.00261731 
0.0216677 3.53976e-05 7.37609e-12 0.548538 0.0685879 0.00661118 0.000748767 0.0358841 0.0114318 0.00344826 0.000730816 3.28727e-05 0.000797332 6.09553e-12 0.0167132 7.51254e-09 0.0864854 0.00701167 1.7268e-08 0.00138075 3.44681e-09 0.00750283 0.113117 0.0688512 0.000424448 
0.0634369 2.35459e-06 1.39199e-08 0.516441 0.000229934 0.0350357 9.03138e-05 0.00268327 0.000881481 3.47655e-05 0.00404699 2.18481e-06 0.00693398 2.98094e-05 0.000277202 7.81105e-06 0.000228759 0.108187 0.0544476 0.0396649 9.36168e-07 0.0159056 0.151066 0.000190837 0.000174407 
0.0250286 0.000433102 1.90199e-08 0.769185 0.0290183 0.00416864 0.000814105 0.0115834 0.0060583 0.000745372 0.00387241 0.000362298 0.0203833 2.57271e-05 0.0032019 1.62627e-06 0.00767996 0.00179578 0.0055772 0.0579679 4.23458e-08 0.00300093 0.0357183 0.0122053 0.00117292 
0.00407005 0.000133781 1.79531e-08 0.549106 0.0442655 0.0800788 0.000868438 0.0429767 0.00662179 0.0015259 0.00424128 2.35569e-06 0.00998268 2.06384e-06 0.000112001 6.48062e-07 0.0117369 0.0051368 0.037806 0.00812039 1.20399e-05 0.0398658 0.147539 0.00476634 0.00102834 
0.0325589 0.00121708 2.24199e-08 0.218279 0.0310337 0.0954919 0.01137 0.0854789 0.00349842 0.00162161 0.0400971 0.000624648 0.0215341 0.000730706 0.000790105 2.98073e-05 0.038601 0.00444507 0.159892 0.0126798 0.0146265 0.0380098 0.152699 0.0346163 7.48374e-05 
0.310162 1.13152e-05 1.76508e-05 0.34252 0.00282294 0.0644021 0.00149632 0.0152929 6.5707e-05 0.00624267 0.00941417 0.00101647 0.0367331 0.000449838 3.44227e-05 2.51802e-06 0.0270695 0.00132257 0.0167103 0.0404882 5.62665e-06 0.00908604 0.094626 0.0108349 0.00917232 
0.226294 1.95196e-05 3.00885e-09 0.30581 0.000961953 0.235108 1.26989e-05 0.0092506 0.000123774 0.00161584 0.00148613 1.50199e-05 0.000884959 3.62343e-06 7.49327e-06 1.34933e-06 0.00937639 4.41712e-05 0.036273 0.0231867 2.79773e-08 0.0200492 0.126923 0.00229805 0.000254279 
0.0727176 0.000120596 4.75937e-10 0.15834 0.0486018 0.0157738 0.0294074 0.153013 0.0146757 0.024318 0.001145 7.23533e-05 0.0124198 0.000404082 0.0322067 3.67806e-05 0.0168121 0.0112514 0.00431687 0.0022315 1.0331e-05 0.1457 0.102955 0.152815 0.000655027 
0.0158296 0.00013734 4.97447e-09 0.307383 0.0184068 0.191588 0.000202529 0.0436457 0.141228 0.0321185 0.011396 3.42745e-05 0.00148318 2.33369e-05 0.000529639 0.0001852 0.00802897 0.00621432 0.0329604 0.00578919 3.04799e-09 0.050208 0.0939803 0.0386268 4.13835e-07 
0.104085 0.00242993 1.07504e-07 0.670117 0.00279592 0.0269374 0.00107838 0.000545243 8.57109e-06 1.76204e-05 1.91968e-06 0.000293839 0.00115969 2.90088e-05 0.000314383 1.4357e-07 0.166958 4.48361e-05 1.68217e-08 0.000234304 0.000964567 3.11068e-06 0.00838839 0.0135027 9.00474e-05 
0.21615 0.000396086 2.36839e-11 0.337855 0.0175439 0.0336559 0.000298308 0.0981475 0.002668 0.00263442 0.0850195 8.11343e-05 8.52359e-05 3.27891e-05 0.0388805 1.79551e-08 0.00158948 0.000857966 0.016668 0.0212321 3.55833e-06 0.0192035 0.0941844 0.0125791 0.000234226 
0.0024277 1.56307e-08 0.0512367 0.478166 0.0481128 0.00607876 0.000369945 0.0373712 0.0177142 1.07229e-05 1.0749e-06 3.07471e-09 0.046669 1.56826e-08 0.0313081 0.000165967 2.3959e-06 2.16793e-07 8.08869e-07 0.0126762 1.16279e-08 0.00252922 0.0427026 0.222456 7.99976e-07 
0.0600694 5.6901e-05 4.10591e-08 0.369446 0.0669836 0.0476038 0.00232166 0.08259 0.12841 0.0206003 0.000613449 2.22364e-08 0.00303686 0.00246822 4.95208e-06 5.45023e-05 0.00562082 0.00512117 0.0194405 0.0610308 3.85693e-08 0.0196568 0.0930059 0.0118313 3.27357e-05 
0.191266 0.00141229 0.000183959 0.249928 0.0355837 0.0439005 0.00215197 0.0337532 0.00543769 0.0117252 0.00433913 0.000975984 0.0200547 0.00138229 0.00535954 0.00106172 0.0276609 0.0140682 0.0344821 0.036152 2.37348e-05 0.0393885 0.219002 0.0179974 0.0027098 
0.0784829 8.75843e-05 0.000396506 0.30459 0.0837488 0.0496601 0.00365384 0.0529128 0.0134328 0.0118775 0.00749782 0.0707297 0.0367174 0.0374336 0.00573617 2.00372e-05 0.0111249 0.0015068 0.015425 0.0434219 2.77253e-06 0.0706185 0.0907402 0.0100035 0.000178842 
0.0593473 0.0122399 9.35618e-07 0.176269 0.0235103 0.014533 0.00919266 0.063664 0.00103266 0.0350984 0.0101047 4.87174e-05 0.0819495 1.1411e-05 0.000137435 0.000230559 0.0712092 0.0214075 0.0196185 0.0350481 0.00330699 0.135524 0.0696222 0.154529 0.00236421 
0.0666516 0.00328457 5.96851e-09 0.435548 0.0221507 0.0352494 8.79623e-05 0.130164 0.000920522 0.0479227 0.000531776 9.67024e-10 0.000957831 1.79354e-05 6.77805e-05 4.59958e-07 0.0129575 0.00733832 0.00346283 0.102497 7.2782e-08 0.0193446 0.0899537 0.0176203 0.00327075 
0.0426029 1.44368e-05 1.75277e-05 0.915403 0.000336208 0.00658535 4.06935e-06 0.000995594 0.00016957 0.000985432 7.52008e-06 0.000146021 3.64854e-06 1.44847e-05 1.06887e-05 0.000270454 0.000861322 0.000122045 0.000927026 3.47902e-06 1.07397e-05 2.46639e-06 0.027693 0.0028029 1.00441e-05 
0.0198254 4.65828e-07 1.17611e-05 0.835735 0.0132349 0.000906575 3.73769e-05 0.0303721 0.0228245 0.0470401 1.75275e-05 9.16326e-08 0.000950335 4.67373e-07 0.002212 0.00589209 2.19623e-05 5.65791e-08 8.84956e-08 0.000101511 3.46534e-07 0.00633674 0.00610252 0.00825889 0.000117674 
0.116994 2.6594e-06 1.99849e-06 0.78029 0.00253785 0.00497434 1.51413e-08 0.00181462 0.0199494 0.00021893 0.0008248 1.07432e-06 0.000570432 7.80094e-07 3.97708e-08 7.05887e-07 0.000243244 1.85096e-05 0.000252964 0.0203012 1.77018e-07 0.0237532 0.0268489 0.000396937 3.16541e-06 
0.233011 2.46356e-05 1.24772e-05 0.471573 0.00242598 0.0138461 6.54464e-05 0.0666396 0.00468905 0.00115456 0.00604372 0.0410695 0.0311138 2.80482e-07 0.0125343 6.74054e-08 0.00117726 6.37427e-06 0.00111116 0.0714964 3.19753e-05 0.00796409 0.0148177 0.0191893 2.44307e-06 
0.000966047 0.000612548 3.6297e-07 0.469612 0.00334629 0.143326 0.00010748 0.158762 0.0361368 0.0123457 0.00819383 2.80881e-06 0.000121356 2.18144e-08 8.94239e-07 3.35688e-05 0.0199761 5.40744e-06 0.00125608 0.0242209 2.47065e-07 0.0540175 0.0642647 0.0026456 4.50542e-05 
0.0798441 1.65578e-06 7.91918e-08 0.598112 0.0102832 6.44656e-05 1.34466e-05 0.00653341 0.00154801 5.82926e-06 0.00196954 0.0233 0.00147438 4.07158e-05 0.0222687 1.05759e-07 0.00901206 0.000349976 4.19128e-05 0.0338757 4.8523e-08 0.00395294 0.0649398 0.142112 0.000256736 
0.0357427 0.000111566 1.13153e-09 0.179614 0.0536611 0.0134279 0.0281337 0.0609835 0.0500875 0.0513898 4.42014e-05 0.000927905 0.00868801 0.000560023 0.00177581 5.92774e-05 0.134735 0.0100467 0.0182784 0.0362742 1.88489e-07 0.124908 0.164075 0.0259372 0.00053884 
0.0132273 4.00673e-08 2.98239e-11 0.796521 0.00456515 0.0163004 0.000106971 0.00759383 0.000592528 0.000988208 2.4406e-05 3.63206e-10 0.00318487 3.95115e-05 1.10246e-05 1.55333e-08 6.33272e-07 2.98361e-12 0.0268076 0.0025077 1.82739e-11 0.0141062 0.11339 3.26329e-05 7.02205e-07 
0.0631688 0.000697509 0.0428221 0.696472 0.0105857 0.0169664 3.69326e-05 0.00233843 0.00600302 0.0357722 0.0123261 5.50221e-06 0.0055653 0.000158492 0.00103674 1.58804e-06 0.0073863 0.000361257 0.00120666 0.0729784 1.3376e-06 0.00608564 0.0175032 0.00045521 6.54526e-05 
0.0309745 0.0488341 4.4275e-08 0.303008 0.0895202 0.00191332 0.0322527 0.0503463 0.014484 0.0495082 4.5821e-05 0.00248681 0.00468795 0.00742341 0.000731368 6.78402e-05 0.0347398 2.94879e-05 0.0753138 0.00193939 6.05873e-06 0.120948 0.0777933 0.0528933 5.24515e-05 
0.0866752 1.15301e-10 7.73345e-07 0.305596 0.00190557 0.112557 3.25001e-11 0.0417741 1.01044e-07 3.17046e-08 7.50654e-07 2.26807e-11 0.196652 1.15683e-10 1.60312e-05 1.50571e-08 0.00116607 1.40043e-11 0.00286817 0.0138463 1.54074e-07 0.0206807 0.215292 0.000969408 8.28165e-07 
0.0243756 1.78424e-06 4.81271e-10 0.536815 0.0623071 0.0133908 0.0131196 0.0533728 0.00657002 0.000885796 9.85895e-05 1.37828e-07 0.0126537 1.40149e-05 1.35774e-07 3.61117e-05 0.0018101 0.000757105 0.000830801 0.0131724 1.02772e-06 0.0332762 0.225159 0.00126848 8.41708e-05 
0.04027 0.000413925 1.24582e-08 0.517117 0.0293122 0.0057312 0.000842204 0.0260696 0.0214986 0.0311601 0.00893618 3.32669e-05 0.044913 2.34468e-06 0.00211781 3.38289e-06 7.85353e-06 0.00013131 0.00104972 0.0696585 5.1568e-07 0.0061394 0.0190333 0.175408 0.000150393 
0.00711288 4.19888e-06 3.52765e-07 0.635066 0.0392199 0.0359423 0.00656423 0.00667525 0.0208844 0.00189941 0.00101617 6.44639e-05 0.0194576 0.00548074 0.00102686 4.05953e-05 0.0255588 0.00911813 0.0118192 0.00872753 1.24306e-05 0.0803514 0.0549027 0.0264808 0.00257414 
0.124259 0.00150451 1.47374e-08 0.170777 0.0861407 0.111563 0.000400156 0.109389 0.0383912 0.00621502 0.141548 3.45339e-05 0.0157668 2.58516e-06 0.00376318 1.96814e-08 0.0425927 1.47434e-09 0.000480466 0.0142028 6.46422e-07 0.00170764 0.0301769 0.0666949 0.0343881 
0.155761 3.43405e-06 3.49494e-09 0.713438 0.00764775 0.0195692 3.59597e-05 0.000708089 0.00252324 0.00121801 5.63416e-05 1.52973e-05 0.0018374 0.000419571 0.0143848 1.25744e-05 0.00234055 1.23918e-06 0.0187049 0.0181096 4.7248e-05 0.000158112 0.0294178 0.0130404 0.000548727 
0.00844913 1.58847e-07 7.18219e-10 0.422956 0.000111656 0.246344 1.50219e-06 0.0169383 0.00017804 0.000514134 0.0154142 8.7066e-05 0.0292062 1.4142e-05 4.37982e-10 1.2648e-07 0.0188249 6.04827e-08 0.0262545 0.00791231 1.98903e-07 0.0425786 0.163655 7.16177e-05 0.0004885 
0.0113246 0.000840796 1.80861e-07 0.442344 0.0926063 0.237157 0.021316 0.0431501 0.000140223 0.0025635 0.000504101 2.75223e-05 0.00824302 0.00029698 4.1878e-06 9.7666e-06 0.0126637 0.0132212 0.00473261 0.000770432 4.29606e-07 0.0220382 0.076823 0.0076011 0.00162048 
0.0696997 6.86211e-05 1.67783e-09 0.603011 0.00288898 0.00505572 0.000324368 0.00201753 0.00135797 0.0644289 0.00193865 0.127425 0.00202384 2.73908e-06 0.0174179 7.11586e-08 0.00486449 0.00914108 0.00255404 0.00798068 3.35785e-06 0.0174338 0.00711229 0.0503616 0.00288836 
0.0332252 0.000281934 1.27394e-07 0.295769 0.0316255 0.0251799 0.000176236 0.0310268 0.00494797 0.000603206 0.0013112 4.40405e-06 0.0775002 3.98547e-08 0.0258259 6.45282e-06 0.23465 0.0296544 0.0296091 0.00368439 1.99377e-06 0.0226761 0.0823479 0.0692617 0.00063083 
0.0196009 7.89158e-05 3.44049e-07 0.575293 0.0470666 0.023628 0.000904015 0.0674447 0.0390725 0.00982648 0.00522176 0.00068602 0.0104835 0.000215934 0.0221583 1.75844e-05 0.00215372 0.000565856 0.00758203 0.0415974 1.13185e-05 0.0486063 0.0532273 0.0178032 0.00675418 
0.0217109 0.000484014 0.00132455 0.58853 0.0206733 0.0713733 6.85595e-06 0.0343797 0.00126286 0.000921824 0.00134824 1.20821e-07 0.019844 3.60842e-06 3.56593e-05 2.85198e-06 0.0142648 0.00325687 0.00904475 0.0101509 5.59806e-07 0.0338497 0.165521 0.00200295 6.57021e-06 
0.0355132 5.86026e-05 0.0137741 0.367961 0.0208316 0.148203 0.00365275 0.0148652 0.00927797 0.0119967 0.00449644 0.00350476 0.00944257 0.00179802 0.0146566 1.21407e-05 0.0584317 0.0201431 0.0533924 0.0293443 2.15106e-06 0.0551469 0.0896043 0.0322845 0.0016061 
0.081697 0.000442765 0.000471819 0.372557 0.0339803 0.0520249 0.00286454 0.024208 0.050959 0.00393916 0.0108724 6.28425e-05 0.0110408 0.000149516 0.00697374 3.47657e-05 0.0109001 0.00350611 0.0105562 0.147838 0.00010004 0.0429525 0.117969 0.0115027 0.00239654 
0.000338196 0.00567688 2.05057e-06 0.675593 0.00273939 0.0230606 0.000352205 0.0233112 0.00348661 6.76587e-05 0.004173 0.099586 1.84827e-06 7.5897e-05 0.0018394 4.3029e-06 2.7301e-06 3.29766e-06 0.00186554 0.00190668 2.93582e-07 0.130075 0.0154178 0.0103705 5.04221e-05 
0.0017706 0.00143008 9.88354e-09 0.751538 0.0071831 0.0317869 0.000164129 0.00149122 0.000564933 0.00303217 0.00116951 1.15795e-07 0.0145078 4.95578e-06 2.75676e-06 6.5924e-07 0.00370959 0.000433246 0.0595323 0.0024147 5.24279e-07 0.00341956 0.0842784 0.000787772 0.0307769 
0.0178621 0.000606166 5.05143e-07 0.443281 0.0423201 0.0400309 0.000870195 0.00733424 0.000426616 0.000624312 0.0015951 1.67385e-07 0.0222614 0.0160279 0.00722855 1.27829e-05 0.000682436 0.0249441 0.000295224 0.100083 3.61613e-07 0.0697069 0.20366 0.000144201 1.6775e-06 
0.0378878 0.00013501 8.65315e-08 0.52218 0.237884 0.00226625 0.0105703 0.0242476 0.02516 0.00506186 0.00339551 0.000100521 0.00174566 0.00311347 0.00261495 0.000615186 0.00812186 0.0204212 0.00850438 0.00496396 1.50546e-05 0.00724887 0.0132628 0.0184259 0.0420582 
0.0326896 0.000339357 1.86598e-05 0.529666 0.0343136 0.0100042 0.00273681 0.0028067 0.000692275 0.000115608 0.000145097 1.36727e-06 0.130701 1.84591e-05 0.0141153 1.67736e-05 0.000260468 0.0643576 0.0278728 0.044503 9.45153e-07 0.00685947 0.0923115 0.00393905 0.00151467 
