0.01579 1.57689e-05 5.26336e-07 0.602513 0.0294927 0.0247764 0.000470052 0.0709596 0.00541606 0.00116778 0.00569293 8.09652e-06 0.0605691 0.000129315 0.000162903 1.25782e-05 0.0279396 9.76396e-06 0.0004757 0.109507 2.92509e-06 0.0331691 0.0111497 0.000395356 0.000174489 
0.0269258 0.000198245 8.91211e-07 0.240922 0.149226 0.0646194 0.00156438 0.014408 0.00202086 0.0184531 4.54462e-05 1.23132e-05 0.00104474 0.000789707 0.000568198 7.82113e-05 0.0293642 0.0140931 0.0483373 0.0931374 0.000346167 0.0728046 0.154378 0.0666564 5.03499e-06 
0.0591693 0.000911823 8.34816e-05 0.603744 0.0425677 0.0160209 0.000749808 0.00651837 0.00397422 0.00506954 0.00317694 5.12192e-05 0.0110922 0.0213759 0.0121654 4.05624e-06 0.00854358 0.00628775 0.00356567 0.0539179 1.40101e-06 0.00448323 0.125523 0.0099156 0.00108703 
0.00898572 0.000181935 6.8906e-10 0.696241 0.0289105 0.000114253 0.00198795 0.0151923 0.00109589 0.00499735 0.000303595 8.70245e-06 0.00629396 9.58802e-07 0.0115037 2.2695e-08 0.00948728 0.0119582 1.0782e-10 0.0012576 1.04127e-08 0.00230999 0.0456242 0.153359 0.000185394 
0.0622301 0.000987125 1.34486e-06 0.292174 0.021353 0.0197592 0.00136053 0.0450025 0.00680049 0.00614158 0.0166105 0.0524932 0.00371863 0.00115725 0.000851873 4.15477e-06 0.0318373 0.0104323 0.0306395 0.0509075 1.80286e-06 0.113705 0.20005 0.0316824 9.91385e-05 
0.0036622 0.000203991 0.00180541 0.62694 0.0687016 0.0127849 0.00637678 0.122821 0.00415138 0.000663758 0.000351375 6.32616e-06 0.00539202 0.000142476 0.000449345 1.19295e-05 0.0105267 0.000816649 0.0125459 0.000745808 1.05601e-05 0.00830694 0.0904027 0.0218976 0.000282589 
0.0136253 0.000218001 3.92095e-07 0.570592 0.0169001 0.142251 0.000454998 0.0491219 0.0023022 0.00483986 0.00236926 5.43853e-06 0.00601824 1.549e-05 0.000535093 4.8837e-06 0.000202157 0.00605498 0.0164088 0.00248118 3.22704e-08 0.0161177 0.148453 0.00102116 6.27305e-06 
0.0115521 0.000232672 4.74792e-10 0.659075 0.0371697 0.000146701 0.00255537 0.0195319 0.00140834 0.0064238 0.000389935 1.11573e-05 0.00809131 1.20661e-06 0.0147884 2.10698e-08 0.0121967 0.0153732 7.42927e-11 0.00161651 9.667e-09 0.0029694 0.0586583 0.14757 0.000238059 
0.17422 0.000179605 1.94797e-08 0.203505 0.0255633 0.00210977 0.0601121 0.0459063 0.00600723 0.00199192 0.00357636 0.000222087 0.00373999 8.78971e-05 0.00023201 4.85835e-05 0.120984 0.093978 0.0340349 0.0059723 4.71154e-06 0.00598136 0.182993 0.0285417 8.75322e-06 
0.0660363 1.3393e-07 1.30429e-10 0.397054 0.00548236 0.0462265 3.52295e-09 0.0769456 0.000191762 0.0142956 2.72353e-08 4.84212e-06 1.22155e-07 7.3676e-07 9.41955e-07 1.23471e-07 0.00617711 1.30482e-11 2.36829e-07 0.00268393 9.73804e-08 0.0186377 0.358398 0.00786417 2.07434e-07 
0.0512303 1.52356e-07 1.84974e-07 0.276248 0.0470312 0.146023 0.000100232 0.0232749 0.0162935 0.00190532 0.0018125 7.34934e-07 0.00535786 1.52861e-07 0.000550953 4.26355e-05 0.077256 4.92603e-05 0.0538504 0.00380702 6.88262e-06 0.0133375 0.10001 0.181501 0.000310544 
0.0781414 4.88333e-05 2.21264e-06 0.594038 0.00408634 0.00389286 9.64983e-05 0.0173125 0.0157746 0.00253026 0.000144437 0.00626388 0.0896775 2.60922e-06 0.000130281 7.62068e-06 0.00358569 0.00535139 0.0021315 0.0445032 1.18195e-05 0.0587862 0.0633476 0.00895613 0.00117623 
0.0692614 0.00425128 7.38227e-07 0.599388 0.00182524 0.018127 3.59475e-05 0.06446 0.00353306 0.00304556 0.025621 2.01515e-05 0.00765746 1.38079e-05 0.0023517 1.92479e-06 0.00129668 0.0389012 0.00121053 0.0148697 1.15551e-07 0.0443482 0.0952659 0.00442944 8.4e-05 
0.0564672 3.31905e-05 0.036352 0.373257 0.0511002 0.00538737 0.0171246 0.0253937 0.035995 0.0271068 0.00491146 8.2016e-05 0.00904634 2.91908e-06 0.00742632 2.36846e-06 0.00231679 0.0301305 0.00240534 0.119001 5.98179e-06 0.0104226 0.116329 0.0687936 0.000905952 
0.00183135 4.6769e-09 5.67822e-09 0.391636 0.0651901 0.11167 3.99561e-05 0.00298488 0.050647 1.63903e-07 0.00348731 9.1999e-10 1.18197e-09 4.43612e-07 1.3218e-06 7.58312e-09 8.45433e-10 5.68054e-10 0.00833873 0.00804298 3.4792e-09 0.324475 0.0316438 9.9946e-06 6.82541e-08 
0.0254956 1.06461e-05 0.00407236 0.671336 0.007414 0.0524593 0.00275458 0.00773915 0.00755712 0.000135673 0.000496972 1.62111e-05 0.0201883 8.06507e-06 0.000354216 3.28977e-05 0.0251143 0.00163101 0.0216585 0.0755946 1.02589e-05 0.0506904 0.0233111 0.00189175 2.70792e-05 
0.00898572 0.000181935 6.8906e-10 0.696241 0.0289105 0.000114253 0.00198795 0.0151923 0.00109589 0.00499735 0.000303595 8.70245e-06 0.00629396 9.58802e-07 0.0115037 2.2695e-08 0.00948728 0.0119582 1.0782e-10 0.0012576 1.04127e-08 0.00230999 0.0456242 0.153359 0.000185394 
0.0199633 3.6367e-05 2.83163e-06 0.352797 0.0221765 0.00837083 1.64825e-05 0.0555788 0.00265822 0.0264266 4.31907e-06 1.01024e-09 0.000408265 1.02615e-05 3.80235e-09 3.30991e-06 2.43733e-06 5.48866e-07 2.90136e-06 0.0927568 7.80904e-08 0.0877936 0.316445 0.0145138 3.13483e-05 
0.144003 2.16023e-06 3.2921e-09 0.575144 0.011645 0.0406135 0.000394555 0.00828905 0.00611196 0.00624809 0.000371355 2.46614e-05 0.00412247 0.000570582 0.0138562 9.40451e-06 0.00698024 0.000226469 0.0389113 0.0355236 9.94325e-05 0.00449696 0.06578 0.0270756 0.00950071 
0.00381362 1.80345e-06 2.18957e-06 0.800803 0.0147352 0.00671916 0.00787986 0.00185484 0.0322604 0.00477881 0.0124012 0.000319635 0.00815886 1.80944e-06 0.00734512 2.92412e-06 0.00652043 0.000416408 0.00476266 0.00817094 1.34161e-06 0.0225842 0.00169821 0.0321817 0.022586 
0.00329132 2.63385e-06 1.81856e-09 0.628852 0.00195546 0.104524 2.78099e-07 0.0013223 0.000416088 1.1419e-08 0.00116294 7.34027e-08 0.0193358 1.50284e-09 9.7565e-08 2.42864e-09 0.00810309 1.62482e-05 0.00222692 0.105536 7.55662e-07 0.105565 0.0174657 0.000223717 3.53137e-07 
0.0403638 0.000690068 8.91308e-08 0.353394 0.0656844 0.135883 0.00244308 0.0452846 0.00187709 0.0109668 0.00348018 1.8323e-05 0.00869713 2.5233e-05 0.000449113 3.39089e-05 0.035914 0.0163179 0.0464581 0.0104355 8.80074e-07 0.0303926 0.18896 0.00210976 0.00011979 
0.00881312 0.0002035 5.78232e-06 0.250115 0.0136003 0.122966 0.00158015 0.120416 0.00760306 0.000336013 0.000113304 1.08262e-05 9.71267e-05 1.23639e-09 9.12368e-10 1.11579e-07 0.00235599 0.000538927 0.000352938 0.0216479 3.24386e-08 0.223764 0.221106 0.00437306 1.12053e-06 
0.0660363 1.3393e-07 1.30429e-10 0.397054 0.00548236 0.0462265 3.52295e-09 0.0769456 0.000191762 0.0142956 2.72353e-08 4.84212e-06 1.22155e-07 7.3676e-07 9.41955e-07 1.23471e-07 0.00617711 1.30482e-11 2.36829e-07 0.00268393 9.73804e-08 0.0186377 0.358398 0.00786417 2.07434e-07 
0.185653 0.130576 1.19121e-06 0.19236 0.173487 0.00569622 0.00268815 0.0558093 0.00449247 0.00274033 0.00427681 0.00699736 0.0157887 0.000107767 0.00137952 1.1773e-05 0.0106875 0.0348097 0.018452 0.0210589 2.61857e-05 0.0127177 0.0909671 0.0291578 5.80674e-05 
0.000428519 0.00278798 3.85604e-05 0.828593 5.22758e-05 0.0679913 3.6493e-05 0.00970334 6.13799e-06 0.00179343 1.13656e-08 4.29208e-09 0.000133219 8.139e-06 1.61546e-08 3.53779e-08 4.10653e-05 9.22434e-06 0.000190468 0.00022526 1.62317e-08 0.0179445 0.0647858 0.00523092 1.51803e-08 
0.0252797 0.00057908 1.88403e-05 0.296912 0.093859 0.0162777 0.00121002 0.0663808 0.00657156 0.00174432 0.0261619 7.80612e-05 6.63363e-05 2.12847e-06 0.0983316 5.17308e-06 0.0945876 0.00169354 0.0118801 4.09885e-05 5.78347e-07 0.0409497 0.119939 0.0377558 0.059675 
0.16626 3.55292e-05 5.62239e-06 0.36069 0.0961437 0.00410736 0.00410556 0.0396803 0.00165919 0.0104892 0.0249742 0.000224308 0.0275389 0.00761615 0.0259897 8.17505e-05 0.0109211 0.00918324 0.0329538 0.0323398 3.07559e-05 0.00464086 0.11377 0.0237785 0.00278142 
0.0386873 0.00647338 0.000139981 0.438972 0.0500163 0.0185782 0.000942273 0.0313014 0.00150983 0.000669691 0.0136322 3.38964e-05 0.132795 7.09027e-05 0.00429664 4.03858e-05 0.041903 0.0193477 0.0106072 0.0860114 8.73115e-07 0.0313363 0.0330444 0.0360541 0.00353569 
0.0908105 0.00151177 5.87429e-11 0.325035 0.0500792 0.0136577 0.0121139 0.0370406 0.0058133 0.00219366 0.0051226 0.000166165 0.0195667 0.000205887 5.68524e-07 0.000214357 0.00517431 0.0142477 0.0548023 0.00447856 0.0791581 0.0526155 0.220088 0.00587423 2.9026e-05 
0.0672214 6.37561e-05 0.000209728 0.547152 0.0494419 0.00147597 0.00159694 0.0495268 0.0068995 0.00154172 0.000481502 9.55227e-05 0.00189262 1.27678e-10 0.0554552 1.29786e-05 0.0572415 0.00368512 0.000970442 0.00420923 0.000141983 0.00330634 0.0973783 0.0499996 1.08043e-07 
0.196741 0.000211941 7.92685e-10 0.428916 0.00790273 0.00968529 0.000653948 0.01195 0.00458036 0.119803 0.00204292 0.0220172 0.00510093 0.000468714 0.00698869 2.6356e-06 0.00285411 0.00319316 0.00642683 0.068557 1.13782e-06 0.0168707 0.0405033 0.0442759 0.000253282 
0.0997904 7.14489e-06 6.1901e-08 0.232107 0.0317254 0.0499396 0.00050201 0.121357 0.0033652 0.000488332 0.0122225 3.14879e-05 0.0311141 0.0574967 0.00150818 1.80478e-06 0.0575208 0.000764209 0.00172448 0.0125646 4.12786e-07 0.0842518 0.18705 0.0108267 0.00364053 
0.010944 3.83685e-09 4.65831e-09 0.320025 0.0391969 0.00745064 0.00210156 0.0254347 0.0107499 0.00693059 0.000514664 8.04166e-06 0.0904935 4.78929e-08 0.000323446 5.453e-07 0.0209685 0.0516414 0.00199754 0.00655486 1.05199e-07 0.300572 0.0905109 0.0131414 0.000439615 
0.0498372 2.22685e-05 0.000131827 0.452806 0.0444463 0.198783 0.00325573 0.0144079 0.00566392 0.00136662 6.13079e-05 1.92644e-05 0.0404615 0.00172113 0.0232366 9.94095e-06 0.0111608 0.00771494 0.000542145 0.00934433 2.07371e-05 0.0472296 0.078827 0.00826277 0.000666242 
0.0138163 3.99504e-08 4.85036e-08 0.956328 1.10259e-06 4.36478e-09 1.12609e-08 0.000180163 1.22999e-08 1.1761e-08 2.08099e-08 7.8586e-09 0.00137312 4.00829e-08 0.000411658 9.06521e-06 1.3721e-05 3.29646e-07 8.24167e-06 0.0220656 2.97195e-08 0.000829375 0.00351511 0.0014481 2.77944e-08 
0.192361 1.91038e-08 3.25243e-08 0.495374 0.0013744 0.00109304 9.82979e-05 0.0395891 8.38268e-05 0.0137824 9.36415e-05 8.42962e-06 0.0601107 3.33182e-05 9.03786e-05 3.20065e-07 0.00107814 0.00165488 0.000501394 0.0365137 1.114e-07 0.0280585 0.127146 0.000910358 4.3869e-05 
0.02073 0.000100784 5.34663e-06 0.399771 0.0216616 0.198938 0.000181208 0.0154591 0.00348242 0.0154667 0.000876293 6.63791e-05 0.0595443 3.9285e-06 0.000182027 7.11176e-06 0.00708513 0.000278182 0.0217545 0.0124839 1.54125e-07 0.091239 0.117657 0.0129944 3.10197e-05 
0.137536 0.00023806 1.54008e-07 0.406537 0.0252336 0.079026 0.00678483 0.0182902 0.00597469 0.00853379 0.00207082 0.00879211 0.00960917 0.000160731 0.000912748 2.71385e-05 0.0327123 0.00225423 0.0147551 0.0107806 0.0142017 0.0170956 0.172427 0.0256424 0.000403738 
0.000211424 1.35257e-05 1.64215e-05 0.90221 0.00830457 1.47775e-06 8.39473e-05 0.0168383 0.00418051 3.98185e-06 0.000456511 4.39138e-05 0.0219109 0.000109967 0.000219377 5.14158e-05 7.98056e-05 0.00943202 0.000774191 0.000720348 1.00619e-05 0.00011172 0.0331057 0.00107987 3.00748e-05 
0.135703 4.87501e-09 5.91874e-09 0.424006 0.00427017 0.0222775 1.37413e-09 0.0149471 0.00594967 3.98234e-05 0.000489358 1.72434e-05 1.2282e-05 7.46023e-07 0.000825786 2.63195e-06 2.29225e-06 1.04667e-07 0.00034589 0.0211673 3.62657e-09 0.0448866 0.31751 0.00751054 3.62769e-05 
0.118673 6.10683e-06 9.62987e-05 0.419047 0.143363 0.00735915 0.00162962 0.0514694 0.0193628 0.000106987 0.126084 1.73369e-05 0.00197692 4.47192e-06 0.000112485 7.92286e-05 0.00707565 0.000621544 0.000426019 0.00859482 2.33502e-06 0.02413 0.0686809 0.00085643 0.000224751 
0.0428237 1.95217e-07 2.12648e-09 0.441142 0.00904401 0.038968 0.00323921 0.0545806 0.0255707 0.000344573 0.00127885 3.50904e-07 0.000709901 1.89722e-07 0.000186305 3.59791e-07 0.00856824 3.91942e-05 0.00295364 0.0110191 3.43881e-08 0.206092 0.151881 6.29171e-05 0.00149525 
0.0219046 5.06516e-05 5.75598e-08 0.384992 0.0374999 0.0475822 0.00052582 0.00327325 0.0115485 0.000944701 0.00719443 0.0211719 0.00187908 1.05067e-06 0.00034133 4.80505e-06 0.00190173 3.28667e-06 0.00201045 0.193813 2.38713e-06 0.205777 0.0557919 0.00173543 5.1022e-05 
0.0928621 0.00150556 5.37451e-10 0.330064 0.00650687 0.0123 0.00035028 0.263411 0.00140597 0.00236921 0.0001696 0.000252373 0.00470692 0.000966326 0.00050876 2.47216e-07 0.0249896 0.00184298 0.00674262 0.000352288 0.000135828 0.0918679 0.122588 0.0339297 0.000171989 
0.0104831 5.70762e-05 2.4142e-06 0.887441 0.0123952 0.0111888 7.49305e-05 0.000426689 0.00467701 0.000166663 0.00344647 8.94901e-06 0.00633725 8.64098e-06 0.00385208 7.67318e-06 0.000965947 0.00181847 0.00104496 0.013431 8.66717e-08 0.00676627 0.0281772 0.00647084 0.000751644 
0.132318 2.39588e-05 9.66262e-10 0.683013 0.0271449 0.00408879 0.0002329 0.00238656 0.00118056 0.000890741 0.000330018 4.70809e-06 0.00418953 5.94916e-08 0.0179999 1.29042e-09 0.000498595 0.000218947 0.00240574 0.057167 5.13045e-07 0.00120533 0.0561945 0.00825182 0.00025412 
0.12906 0.00044772 4.30615e-09 0.426443 0.0169581 0.0252927 0.000306967 0.0159662 0.0266239 0.00163183 0.0013735 4.59649e-05 0.0208744 0.00176502 0.000390564 0.00116256 0.00953625 0.0118742 0.0520943 0.0725992 1.39573e-06 0.078765 0.102229 0.00433313 0.000225723 
0.115367 0.000235108 2.82072e-05 0.312469 0.019012 2.42057e-05 0.000592346 0.0327425 0.28413 0.00705403 0.00180814 0.000134144 5.19935e-05 0.000234783 0.0176716 1.1907e-05 0.000274401 4.84521e-05 0.00202597 0.00699854 3.65097e-05 0.0475722 0.0632823 0.0871012 0.00109334 
0.0376782 5.8431e-06 6.95124e-08 0.448997 0.0200293 0.0247497 0.151681 0.0618885 0.00122711 0.00455527 0.0161071 4.36469e-05 0.00707491 0.000129553 0.000288671 6.27128e-06 0.0126014 0.00138927 0.00677336 0.072096 6.7066e-06 0.0377317 0.0832636 0.0116354 3.97597e-05 
0.0336713 1.67817e-05 8.75716e-07 0.305336 0.0167278 0.246371 0.000484768 0.0170171 0.00863669 0.000112658 6.37681e-05 1.56349e-06 0.0027003 4.92906e-06 4.23501e-09 8.3057e-07 0.181773 0.000117822 0.00789256 0.0280734 7.30113e-08 0.106763 0.0442197 1.34577e-05 3.93409e-07 
0.0906471 2.70295e-05 1.65057e-06 0.299965 0.0698324 0.0194421 0.000605558 0.0690347 0.0233464 0.00453096 0.00782851 3.11869e-05 0.00351749 0.00465073 0.00101248 1.38993e-05 0.0203113 0.000567127 0.018316 0.0900028 6.11814e-06 0.111906 0.105739 0.0582958 0.000368633 
0.129418 0.000161362 4.53229e-05 0.241904 0.0552747 0.0384203 0.00113326 0.025665 0.0456307 0.00834539 0.0165988 0.00983448 0.180574 0.00839959 0.00522762 9.09982e-06 0.00866603 0.0106214 0.0222026 0.0372453 1.9543e-06 0.0473438 0.093765 0.0126773 0.000835452 
0.0990455 0.000554467 1.6971e-08 0.808476 0.0266682 9.74596e-05 0.00170665 0.0011339 0.000791705 0.0111629 0.000321918 0.0150564 0.00371297 0.000551683 0.00032055 3.44505e-06 0.00190378 0.00401761 0.00520582 0.00171372 1.58062e-06 0.0110043 0.00267192 0.0038609 1.65888e-05 
0.00238874 0.000460356 7.12036e-07 0.335559 0.110895 0.00150259 0.000871823 0.00784261 0.321554 0.015659 0.00125985 1.15365e-07 1.48216e-07 5.88419e-07 4.34211e-07 9.50906e-07 0.000836349 4.81992e-05 0.000249125 0.0768487 4.36284e-07 1.00193e-07 0.000678531 0.0404916 0.0828507 
0.103798 3.84983e-05 3.48707e-07 0.250173 0.0948444 0.0823522 0.00278222 0.0221404 0.125262 0.0230804 0.00146756 6.84736e-05 0.000550489 0.00241604 0.000661397 1.91059e-05 0.00575676 0.00506367 0.0128798 0.0258982 2.74546e-06 0.0676979 0.133052 0.0397591 0.000234707 
0.0869783 6.67613e-05 1.43351e-05 0.372958 0.022905 0.0237278 0.00851782 0.0383624 0.0225495 0.0131105 0.002414 5.59892e-05 0.0126004 0.0020451 0.00361646 1.06591e-05 0.00895568 0.0184541 0.00152786 0.054941 3.95102e-06 0.0346801 0.0681527 0.20003 0.00332149 
0.198946 0.0003314 3.31968e-08 0.537591 0.0160241 0.000626975 0.000361824 0.0179182 0.0109129 0.000508364 0.00222544 5.34885e-05 0.0469113 6.06874e-08 0.000398315 5.52146e-07 0.0170472 0.000482492 0.00161935 0.0066731 1.69553e-08 0.0196554 0.0140441 0.107569 9.96598e-05 
0.0124164 2.26266e-08 3.70053e-09 0.690485 0.00772986 0.0889633 1.55382e-07 0.00957948 0.00811463 2.14016e-05 0.00357258 3.18934e-05 0.0134715 2.69819e-07 0.00328786 2.43027e-07 0.00935217 4.0337e-07 0.00118305 0.0223321 3.86792e-08 0.046375 0.0826531 0.000341697 8.74111e-05 
0.0987578 3.91345e-05 8.37423e-06 0.248816 0.0213191 0.0709318 0.000348276 0.0087794 0.00314777 0.00343328 0.0278379 0.030416 0.00703992 0.0052469 0.000807162 2.19947e-05 4.53875e-08 9.98873e-06 0.0997027 0.0119589 5.39293e-08 0.133933 0.225072 0.00155922 0.000813378 
0.0184362 8.15376e-05 4.42279e-09 0.627047 0.00909861 0.0490606 0.000277786 0.0320185 0.000346637 0.000735251 0.00471274 1.82051e-05 0.035715 1.59111e-05 9.27823e-07 2.45263e-06 0.0127878 0.0443795 0.000456173 0.00436608 2.70996e-09 0.0454644 0.114837 9.7557e-05 4.38685e-05 
0.0930524 0.000102607 5.13982e-08 0.36006 0.104293 0.0358721 0.00375535 0.0633133 0.0130661 0.00305483 0.00310499 3.51695e-07 0.0288343 0.0027354 0.00555075 1.04795e-05 0.0715979 0.00766432 0.00100128 0.0126602 0.000416918 0.0455557 0.136563 0.00755129 0.000182744 
0.0426521 4.57784e-06 1.50073e-06 0.544112 0.0379976 0.0122884 0.000480831 0.0482472 0.0203678 0.00319482 0.0168327 0.000122802 0.00939376 0.000102563 0.051803 4.39746e-05 0.00399123 0.000718044 0.00154425 0.0387795 2.92677e-06 0.0641776 0.0212297 0.0497944 0.0321166 
0.129178 7.95937e-05 5.94194e-09 0.322364 0.00120272 0.0197624 9.08097e-06 5.158e-05 0.0363111 0.278988 0.00125309 0.00517901 0.000625758 4.169e-06 0.00019047 7.93531e-09 0.00620009 7.04014e-05 0.000795632 0.0173178 1.30938e-07 0.172161 0.00390158 0.00397187 0.000381885 
0.079351 2.15373e-06 0.000107527 0.299014 0.00583591 0.0983913 6.85718e-09 0.194449 0.000392073 0.000705975 0.00221491 3.53008e-06 0.00406779 1.61106e-05 0.000234313 5.4513e-07 0.00276538 1.5124e-05 1.65953e-06 0.233728 2.82523e-07 0.0344585 0.0442376 6.11664e-06 1.34675e-06 
0.00194567 6.97025e-06 1.46483e-09 0.364184 0.0191069 0.2744 0.00143962 0.00664041 0.0012084 0.0020067 3.59375e-06 7.79331e-08 7.89191e-06 1.40545e-09 0.000179574 4.64018e-07 2.5422e-08 0.000235868 0.058435 0.00272801 1.25581e-08 0.0742232 0.193089 0.000157276 3.86988e-07 
0.101048 1.49016e-06 1.48959e-06 0.334758 0.00627061 0.0379115 0.00626815 0.0898449 0.0120866 1.49203e-06 1.49143e-06 1.49229e-06 0.00611927 1.49015e-06 1.49085e-06 1.48851e-06 1.49233e-06 0.00179248 1.49231e-06 0.041633 1.49084e-06 0.0902892 0.24256 0.0294006 1.49097e-06 
0.123885 3.83807e-07 5.9964e-06 0.442973 0.0369564 0.0211341 0.000563427 0.00739066 0.199202 0.00517255 0.000647459 1.26714e-05 6.08112e-05 6.38526e-07 0.000278334 6.82519e-09 0.00688733 0.00100321 0.0681975 0.00556772 2.12103e-06 0.0119552 0.0590511 0.0088636 0.000188194 
0.22525 0.000191153 1.12005e-07 0.301906 0.0510709 0.0210414 0.00132345 0.0321303 0.0223064 0.0158406 0.0812595 1.88005e-05 0.00901013 0.00197074 0.0016038 5.99937e-05 0.0158533 0.00735754 0.0344662 0.0167943 6.80479e-06 0.0301289 0.117767 0.0113734 0.00126882 
0.023199 0.00947309 2.89169e-07 0.586408 0.01887 0.0260876 0.00231015 0.0060614 0.00284956 0.00394078 0.004208 4.97157e-05 0.0132174 0.00179833 0.0247139 0.000109285 0.00839176 0.00158672 0.0130512 0.176097 1.77182e-07 0.0349761 0.0191531 0.0232375 0.000209409 
0.00776817 5.17173e-09 6.27898e-09 0.495787 2.77317e-06 3.79318e-06 1.45777e-09 0.011575 0.00791328 1.52251e-09 2.69393e-09 1.01733e-09 0.000910535 5.18889e-09 3.82903e-09 8.38543e-09 0.000591115 1.51592e-05 0.00137467 0.00568287 3.8473e-09 0.00338392 0.464991 1.35107e-06 3.5981e-09 
0.00684157 0.000891001 7.16366e-05 0.21881 0.12391 0.0716295 0.00672492 0.0381795 0.0824176 0.00638486 4.39504e-05 2.37817e-05 0.000391821 7.61941e-07 0.00853348 0.000650389 0.0243096 0.0224427 0.0327668 0.0018745 1.14458e-05 0.0236248 0.181581 0.146596 0.00128795 
0.0662969 5.84818e-05 1.3144e-08 0.443214 0.0211754 0.179552 7.8143e-05 0.0725369 0.00106479 0.00114093 0.000220868 4.80969e-06 0.00810038 2.47914e-05 0.00799882 0.00879358 0.0400588 0.00158289 0.00779734 0.00585976 8.05369e-09 0.00976165 0.112738 0.0118633 7.77515e-05 
0.0142542 0.00023618 1.72226e-05 0.457178 0.0129359 0.013651 0.00117333 0.0468247 0.00282732 0.00286205 0.00022708 1.34712e-05 0.0474918 2.45255e-05 0.00777134 7.79406e-05 0.109015 0.00142914 0.00714283 0.00545935 0.0044847 0.0367679 0.098862 0.128582 0.000691401 
0.00856539 0.00996344 1.62551e-07 0.632919 0.024602 0.00431786 0.0333207 0.0230215 0.00628261 0.000702187 0.00020856 0.000129452 0.010224 3.18289e-06 3.75084e-05 1.2792e-06 0.00409556 0.0141951 9.11346e-05 0.0509059 7.81439e-06 0.0281258 0.147314 0.000941342 2.44504e-05 
0.180382 0.000113231 1.8003e-09 0.312665 0.021089 0.00571557 1.3691e-05 0.00337928 0.00056807 0.173405 0.00116503 0.00865398 0.00158424 7.03725e-06 0.000207533 1.50477e-06 0.00725202 0.0315232 0.0165905 0.0121023 2.0345e-05 0.156383 0.0172246 0.0272001 0.0227551 
0.0519722 8.43197e-08 1.02372e-07 0.511361 0.132577 0.0173934 0.00085251 0.0267636 0.130635 0.00552191 0.000193047 0.0134095 0.00196528 2.94924e-06 0.00191865 3.50269e-06 0.00145918 3.19598e-05 0.00329984 0.0343955 0.000291657 0.0156034 0.044569 0.00563119 0.000148876 
0.0638264 7.34866e-05 2.52119e-06 0.426765 0.150907 0.0036546 0.000220723 0.0896611 0.0183724 0.000178165 0.00674891 4.74014e-06 0.00308134 3.7995e-06 0.00417012 2.97117e-05 0.00373555 2.73099e-05 0.000174633 0.00544734 5.52085e-06 0.172632 0.00168107 0.0479796 0.000616995 
0.0233645 1.59835e-05 3.89968e-09 0.820706 0.0217884 0.0266127 0.0010512 0.0153856 0.00171236 9.45585e-10 8.08818e-06 6.02603e-08 0.000904799 3.6967e-06 0.000175854 5.20792e-09 0.00345473 0.00604262 7.82458e-06 0.0707116 2.38944e-09 0.00568147 0.00011682 0.00122838 0.00102737 
0.0394769 0.00017891 0.0111971 0.332942 0.11942 0.156566 0.00109391 0.0218032 0.00327325 0.0448927 0.00562498 5.01887e-05 0.0169459 3.72995e-06 4.48337e-05 3.54467e-05 0.0128553 2.12189e-05 0.00403791 0.101976 1.86859e-06 0.0381612 0.0757382 0.0136583 1.07774e-06 
0.00359431 0.000125833 3.34944e-08 0.749256 0.0125361 0.035049 2.33596e-05 0.00753316 0.0302782 0.000520643 0.0316419 3.04227e-05 0.000306706 0.000960352 0.00556264 7.55747e-05 0.0190127 5.14992e-06 0.00375562 0.00689926 7.1119e-06 0.000572746 0.0752059 0.0170467 6.48074e-07 
0.00388553 2.53486e-07 8.65917e-09 0.732427 0.0160393 0.000430251 1.63661e-05 0.000779638 0.00115746 0.000157206 0.000358723 8.63859e-06 0.00441258 0.0118546 0.185746 1.18104e-07 0.00824182 5.439e-05 0.000155673 0.0135776 2.04411e-07 8.54545e-07 0.00350994 0.0170393 0.000146842 
0.0792344 3.34466e-06 3.07715e-07 0.645044 0.0589323 0.0272887 0.000145284 0.000729653 0.00954603 0.000299956 0.000436389 5.37966e-05 0.000540439 2.21384e-06 0.00854515 4.10946e-07 0.00038783 0.00106616 0.000438332 0.121343 3.20803e-06 0.0251842 0.0132545 0.00432197 0.00319874 
0.120062 3.37688e-05 4.53998e-11 0.5417 0.0178621 0.0229923 0.00409691 0.0300472 0.00415287 0.00582455 0.000419181 0.0914279 0.0037695 6.6964e-07 0.0139089 1.77269e-05 0.00530548 0.00021117 0.0107546 0.0228314 1.06501e-05 0.0143818 0.0716679 0.0184492 7.25487e-05 
0.00225469 2.05258e-06 2.32749e-08 0.973375 0.00447157 0.00811015 2.69859e-05 0.000266576 0.000846552 3.85097e-07 0.000452429 7.4296e-08 0.000284686 4.09428e-07 8.33729e-05 1.75212e-07 1.53483e-05 1.09666e-05 3.6171e-05 0.000481449 0.00114082 7.69461e-05 0.00797365 5.42178e-05 3.50348e-05 
0.0611354 0.000624822 1.063e-05 0.561019 0.0265705 0.0732302 2.07466e-05 0.0112019 0.00107405 0.00394548 0.00881465 7.19431e-05 0.00318928 2.01072e-05 0.000562266 4.83853e-05 0.000552971 0.000173248 0.00970884 0.0117275 3.9404e-05 0.0229122 0.153364 0.0495296 0.000452532 
0.0729352 2.65362e-05 5.89062e-05 0.184113 0.10374 0.103942 0.00504444 0.0960388 0.0115929 0.00466497 0.0174871 0.000906738 0.0139498 0.000283865 0.00421448 7.46484e-06 0.0606214 0.0123556 0.0130538 0.0449233 5.31262e-06 0.055134 0.179866 0.0148308 0.000203866 
0.0497992 0.00139248 1.07049e-06 0.277817 0.108184 0.034487 0.0133178 0.0530636 0.0108411 0.00372084 0.00205748 4.18774e-05 0.00776087 1.35673e-05 0.00505413 4.42982e-06 0.0166439 0.0118896 0.00267314 0.0764787 6.96237e-07 0.0381499 0.256809 0.0296131 0.000185054 
0.0557841 3.46558e-05 7.50334e-09 0.497323 0.0315691 0.0200806 0.000845954 0.00731799 0.0120641 0.0013905 7.36919e-07 5.55089e-07 0.0150174 5.41813e-06 5.42874e-08 8.39408e-07 9.62831e-06 5.85813e-06 0.00154549 0.0345417 4.5975e-09 0.0420597 0.279304 0.00109899 5.32378e-08 
0.14634 2.81644e-06 4.53208e-07 0.61126 0.00846239 0.0110087 0.000259323 0.04101 0.000803528 0.00106471 0.00188496 8.39909e-05 0.00807999 0.000122234 0.0226424 1.2905e-07 0.000420695 0.00109684 0.000550894 0.0930557 1.81282e-06 0.00694501 0.0384031 0.00628698 0.000214279 
0.00087533 1.05409e-06 1.27976e-06 0.685532 0.00215721 0.114262 3.01714e-05 0.00330503 0.00119196 0.0681115 2.57067e-05 5.83711e-05 0.000906137 1.05758e-06 0.00438977 1.70909e-06 0.00238229 2.66773e-05 0.0187193 0.00103256 7.84145e-07 0.00114398 0.024812 0.0704278 0.000604689 
0.0421248 3.32516e-07 8.59587e-09 0.377078 0.0146849 0.0290622 0.000138345 0.00912321 0.00495195 0.00207577 0.000160634 1.39271e-09 0.000203678 1.27536e-06 7.50683e-05 1.26571e-05 3.58419e-05 8.59939e-10 0.00210277 0.324629 6.10503e-07 0.137912 0.0555789 1.06607e-05 3.80438e-05 
0.0371319 0.000161854 0.000633777 0.230373 0.0220265 0.188965 0.00334488 0.0280687 0.0116834 0.00192933 0.00476263 8.67736e-05 0.130276 1.61399e-05 0.00732301 8.768e-05 0.00598541 0.00445671 0.0417241 0.0275366 1.19142e-05 0.128246 0.108873 0.00480275 0.0114925 
0.00602637 0.000391177 7.96115e-06 0.946141 4.48574e-05 1.5124e-05 1.73362e-05 0.00796898 7.34926e-05 0.0012019 0.000119254 1.28987e-06 0.00251514 6.57901e-06 0.009093 1.06319e-05 6.66269e-05 2.68091e-06 0.00495272 0.00759065 4.87801e-06 0.00300334 3.5081e-07 0.00872646 0.00201852 
0.0216677 3.53976e-05 7.37609e-12 0.548538 0.0685879 0.00661118 0.000748767 0.0358841 0.0114318 0.00344826 0.000730816 3.28727e-05 0.000797332 6.09553e-12 0.0167132 7.51254e-09 0.0864854 0.00701167 1.7268e-08 0.00138075 3.44681e-09 0.00750283 0.113117 0.0688512 0.000424448 
0.00225469 2.05258e-06 2.32749e-08 0.973375 0.00447157 0.00811015 2.69859e-05 0.000266576 0.000846552 3.85097e-07 0.000452429 7.4296e-08 0.000284686 4.09428e-07 8.33729e-05 1.75212e-07 1.53483e-05 1.09666e-05 3.6171e-05 0.000481449 0.00114082 7.69461e-05 0.00797365 5.42178e-05 3.50348e-05 
0.0547109 0.00036993 1.72127e-07 0.530401 0.0861657 0.0825946 3.75407e-06 0.029885 0.0137758 0.00767347 0.00017786 1.81822e-05 0.000395149 0.000210405 0.00242096 0.00385593 0.0144606 0.0286468 0.0208048 0.0503957 1.05467e-07 0.0568527 0.00832907 0.00563014 0.00222115 
0.00407005 0.000133781 1.79531e-08 0.549106 0.0442655 0.0800788 0.000868438 0.0429767 0.00662179 0.0015259 0.00424128 2.35569e-06 0.00998268 2.06384e-06 0.000112001 6.48062e-07 0.0117369 0.0051368 0.037806 0.00812039 1.20399e-05 0.0398658 0.147539 0.00476634 0.00102834 
0.310162 1.13152e-05 1.76508e-05 0.34252 0.00282294 0.0644021 0.00149632 0.0152929 6.5707e-05 0.00624267 0.00941417 0.00101647 0.0367331 0.000449838 3.44227e-05 2.51802e-06 0.0270695 0.00132257 0.0167103 0.0404882 5.62665e-06 0.00908604 0.094626 0.0108349 0.00917232 
0.325965 4.86627e-05 1.24987e-09 0.448217 0.0179293 0.000145154 0.000470806 0.000314358 0.00160763 0.163531 4.37092e-07 5.30109e-07 0.0062649 2.18193e-07 6.4373e-07 1.66917e-09 0.00169109 0.00137355 0.00257579 0.0142605 7.65828e-10 0.00185604 0.00736268 0.000235879 0.0061494 
0.0649006 0.000859701 7.26887e-06 0.751189 0.00152333 0.000109263 4.39878e-05 0.00817881 0.00186507 0.000687644 0.000244655 2.6697e-05 0.0218495 0.00010724 0.00317377 1.07266e-05 0.00428757 0.00978257 0.000917747 0.0704849 9.99047e-07 0.0203382 0.0266671 0.0127288 1.46375e-05 
0.104085 0.00242993 1.07504e-07 0.670117 0.00279592 0.0269374 0.00107838 0.000545243 8.57109e-06 1.76204e-05 1.91968e-06 0.000293839 0.00115969 2.90088e-05 0.000314383 1.4357e-07 0.166958 4.48361e-05 1.68217e-08 0.000234304 0.000964567 3.11068e-06 0.00838839 0.0135027 9.00474e-05 
0.030597 0.00139734 2.29352e-05 0.254643 0.0314706 0.146322 0.00984947 0.039773 0.00833371 0.00333667 0.00220933 4.52359e-05 0.116564 0.000803543 0.00120422 1.29821e-05 0.017567 0.0203744 0.0127137 0.0291996 3.76986e-06 0.0648009 0.197122 0.0106987 0.000934651 
0.0678809 0.000134164 8.20986e-10 0.629485 3.10541e-05 0.166974 0.000108073 0.0100142 0.000505274 4.20178e-06 0.00028087 2.39614e-05 0.0275611 2.01237e-05 7.90195e-06 1.09641e-09 9.9626e-07 1.98265e-06 0.00351855 0.0472531 5.0304e-10 0.0131241 0.032463 0.000312667 0.000295429 
0.0600694 5.6901e-05 4.10591e-08 0.369446 0.0669836 0.0476038 0.00232166 0.08259 0.12841 0.0206003 0.000613449 2.22364e-08 0.00303686 0.00246822 4.95208e-06 5.45023e-05 0.00562082 0.00512117 0.0194405 0.0610308 3.85693e-08 0.0196568 0.0930059 0.0118313 3.27357e-05 
0.0965126 4.66504e-05 1.54037e-07 0.30321 0.0277572 0.0376257 0.000992785 0.100428 0.0226405 0.0166071 0.0012994 0.00193953 0.00132991 0.00175776 0.00358877 8.60706e-06 0.0401062 0.0132557 0.0225549 0.026567 2.16523e-06 0.0231194 0.242786 0.0156067 0.000258156 
0.0374859 6.48142e-06 0.000103146 0.601362 0.0562613 0.0190709 0.00922995 0.0388867 0.0152352 0.000354882 0.0115076 0.0185805 0.00346703 8.50988e-05 0.000657207 2.18848e-05 0.00149415 0.00741694 0.00612287 0.00904434 8.16625e-07 0.0151018 0.14041 0.00793112 0.000162107 
0.233011 2.46356e-05 1.24772e-05 0.471573 0.00242598 0.0138461 6.54464e-05 0.0666396 0.00468905 0.00115456 0.00604372 0.0410695 0.0311138 2.80482e-07 0.0125343 6.74054e-08 0.00117726 6.37427e-06 0.00111116 0.0714964 3.19753e-05 0.00796409 0.0148177 0.0191893 2.44307e-06 
0.209336 0.000732437 3.7656e-09 0.292616 0.0477688 0.0826729 0.000950223 0.0292833 0.0119814 0.200459 0.0019367 0.00838886 0.00201304 3.75154e-06 4.60392e-05 5.46399e-05 0.00342822 0.00408362 0.0200589 0.0442935 8.71808e-08 0.0104195 0.00200744 0.0273524 0.000114022 
0.0132273 4.00673e-08 2.98239e-11 0.796521 0.00456515 0.0163004 0.000106971 0.00759383 0.000592528 0.000988208 2.4406e-05 3.63206e-10 0.00318487 3.95115e-05 1.10246e-05 1.55333e-08 6.33272e-07 2.98361e-12 0.0268076 0.0025077 1.82739e-11 0.0141062 0.11339 3.26329e-05 7.02205e-07 
0.0866752 1.15301e-10 7.73345e-07 0.305596 0.00190557 0.112557 3.25001e-11 0.0417741 1.01044e-07 3.17046e-08 7.50654e-07 2.26807e-11 0.196652 1.15683e-10 1.60312e-05 1.50571e-08 0.00116607 1.40043e-11 0.00286817 0.0138463 1.54074e-07 0.0206807 0.215292 0.000969408 8.28165e-07 
0.130392 2.88606e-07 7.17905e-08 0.404964 0.0238709 0.00198596 0.000995348 0.0833374 0.000173495 0.0197687 0.00262057 5.62657e-06 0.0958313 0.000258897 5.62093e-05 2.63869e-05 0.0146622 0.0176536 0.00551708 0.0424793 4.3988e-08 0.0121884 0.0988968 0.0357323 0.00858372 
0.04027 0.000413925 1.24582e-08 0.517117 0.0293122 0.0057312 0.000842204 0.0260696 0.0214986 0.0311601 0.00893618 3.32669e-05 0.044913 2.34468e-06 0.00211781 3.38289e-06 7.85353e-06 0.00013131 0.00104972 0.0696585 5.1568e-07 0.0061394 0.0190333 0.175408 0.000150393 
0.155761 3.43405e-06 3.49494e-09 0.713438 0.00764775 0.0195692 3.59597e-05 0.000708089 0.00252324 0.00121801 5.63416e-05 1.52973e-05 0.0018374 0.000419571 0.0143848 1.25744e-05 0.00234055 1.23918e-06 0.0187049 0.0181096 4.7248e-05 0.000158112 0.0294178 0.0130404 0.000548727 
0.000744994 3.66503e-06 3.75363e-08 0.399473 0.00722219 0.0130669 1.39852e-05 0.055612 0.00345047 0.000478259 5.38491e-05 2.37531e-09 2.02681e-06 1.21153e-08 5.14253e-06 6.87765e-06 5.42389e-06 6.23944e-07 0.00200138 0.265396 2.47265e-07 0.00375032 0.231258 0.0166386 0.000816115 
0.0825901 0.000323333 4.59068e-05 0.255067 0.038626 0.124988 0.00272683 0.0353557 0.0124422 0.0235016 0.0011977 0.0002066 0.0302717 0.000131119 0.000361428 0.000172617 0.0427124 0.00730369 0.102809 0.0161502 3.53174e-05 0.0567963 0.150464 0.015525 0.000196966 
0.0696997 6.86211e-05 1.67783e-09 0.603011 0.00288898 0.00505572 0.000324368 0.00201753 0.00135797 0.0644289 0.00193865 0.127425 0.00202384 2.73908e-06 0.0174179 7.11586e-08 0.00486449 0.00914108 0.00255404 0.00798068 3.35785e-06 0.0174338 0.00711229 0.0503616 0.00288836 
0.0332252 0.000281934 1.27394e-07 0.295769 0.0316255 0.0251799 0.000176236 0.0310268 0.00494797 0.000603206 0.0013112 4.40405e-06 0.0775002 3.98547e-08 0.0258259 6.45282e-06 0.23465 0.0296544 0.0296091 0.00368439 1.99377e-06 0.0226761 0.0823479 0.0692617 0.00063083 
0.0637999 0.000214294 7.00747e-06 0.504668 0.0545823 0.0177088 0.000352443 0.0119203 0.0152233 0.0246462 0.000373206 0.000163418 0.0017397 8.05647e-05 0.0141274 1.09313e-05 0.0342127 0.0282583 0.0368318 0.0197959 8.29219e-07 0.00938524 0.111386 0.0501387 0.000372297 
0.0424637 0.0480219 1.02423e-08 0.417614 0.0367538 0.0157534 5.36549e-05 0.00659553 0.135055 0.0119942 0.00193009 8.65264e-08 0.00645258 0.002144 0.00326318 4.52316e-05 0.0216401 0.00218646 0.0297664 0.114305 9.306e-06 0.0276694 0.0674066 0.00683758 0.00203799 
0.0196009 7.89158e-05 3.44049e-07 0.575293 0.0470666 0.023628 0.000904015 0.0674447 0.0390725 0.00982648 0.00522176 0.00068602 0.0104835 0.000215934 0.0221583 1.75844e-05 0.00215372 0.000565856 0.00758203 0.0415974 1.13185e-05 0.0486063 0.0532273 0.0178032 0.00675418 
0.164891 9.00642e-05 1.37818e-09 0.335611 0.187342 0.0160009 0.0257941 0.0464579 0.0124708 0.000874048 0.0235686 1.56408e-05 0.0404557 0.00151485 0.00566599 0.000103775 0.0342482 0.000629851 0.00161657 0.00139231 1.6327e-06 0.0161445 0.045025 0.0400574 2.92074e-05 
0.021287 0.000240468 3.22014e-09 0.422896 0.0278371 0.24896 0.000172455 0.00705216 0.000643281 0.0121151 0.0278695 0.000158169 0.00764936 0.0810838 0.0170412 4.56565e-07 6.29682e-06 7.31988e-07 0.0338492 0.0244582 3.54028e-08 0.0280291 0.0334131 0.00523552 1.45453e-06 
0.0513544 0.00141415 7.52343e-09 0.298291 0.0204799 0.0215892 0.00121019 0.014137 0.00156315 0.00112133 0.0135861 0.000127695 0.0148288 0.000160212 0.000358184 9.12354e-05 0.0107415 0.0116701 0.163779 0.00310625 0.0571535 0.0530431 0.253326 0.00667141 0.000197254 
0.00966491 0.0004588 0.000215612 0.579292 0.0335416 0.0282546 0.000922537 0.0222833 0.069144 0.000719218 0.000960596 2.94792e-05 0.00152653 0.000553948 0.0161909 1.06868e-06 0.00263155 0.00185279 0.00123236 0.0136555 4.24777e-06 0.0136392 0.173295 0.0292595 0.000670711 
0.110965 2.55116e-07 3.09735e-07 0.568154 0.0731737 0.000110765 0.000466395 0.080642 0.00897377 0.000945026 0.0290278 2.48728e-05 0.00778119 0.000196276 0.00724348 0.000108029 0.000105286 0.00211235 0.01621 0.00860096 6.27746e-06 0.0197236 0.0540712 0.0105514 0.000806942 
0.081697 0.000442765 0.000471819 0.372557 0.0339803 0.0520249 0.00286454 0.024208 0.050959 0.00393916 0.0108724 6.28425e-05 0.0110408 0.000149516 0.00697374 3.47657e-05 0.0109001 0.00350611 0.0105562 0.147838 0.00010004 0.0429525 0.117969 0.0115027 0.00239654 
0.00479501 2.2182e-07 2.69311e-07 0.96608 0.0137324 0.000453743 3.21391e-06 0.000943105 0.000505189 1.43272e-05 0.000715457 4.13188e-07 0.00480663 2.22556e-07 0.00111005 6.88699e-06 7.13481e-06 2.69421e-08 2.90486e-06 0.00109237 1.87924e-05 5.01877e-05 0.000136127 0.00552208 3.32858e-06 
0.00898572 0.000181935 6.8906e-10 0.696241 0.0289105 0.000114253 0.00198795 0.0151923 0.00109589 0.00499735 0.000303595 8.70245e-06 0.00629396 9.58802e-07 0.0115037 2.2695e-08 0.00948728 0.0119582 1.0782e-10 0.0012576 1.04127e-08 0.00230999 0.0456242 0.153359 0.000185394 
0.000338196 0.00567688 2.05057e-06 0.675593 0.00273939 0.0230606 0.000352205 0.0233112 0.00348661 6.76587e-05 0.004173 0.099586 1.84827e-06 7.5897e-05 0.0018394 4.3029e-06 2.7301e-06 3.29766e-06 0.00186554 0.00190668 2.93582e-07 0.130075 0.0154178 0.0103705 5.04221e-05 
0.0571906 0.000452665 1.12364e-07 0.438884 0.0117594 0.0574756 1.9703e-05 0.0230553 0.0103528 0.000698219 0.000847573 0.0337409 0.000459003 0.0127027 0.0732408 5.14444e-07 1.89755e-07 4.50258e-05 0.0125808 0.0122024 1.41749e-10 0.0718202 0.163989 0.00859885 0.00988277 
0.0197285 1.58019e-05 1.06331e-07 0.202209 0.187474 0.176633 0.00237714 0.0700092 0.00893677 0.00196952 0.0502922 8.96636e-06 0.00493822 0.00122321 0.000667322 8.04386e-06 0.0140861 0.000591719 0.0301447 0.0193889 7.20299e-06 0.110707 0.0977926 0.000744602 4.64373e-05 
0.0378878 0.00013501 8.65315e-08 0.52218 0.237884 0.00226625 0.0105703 0.0242476 0.02516 0.00506186 0.00339551 0.000100521 0.00174566 0.00311347 0.00261495 0.000615186 0.00812186 0.0204212 0.00850438 0.00496396 1.50546e-05 0.00724887 0.0132628 0.0184259 0.0420582 
0.0326896 0.000339357 1.86598e-05 0.529666 0.0343136 0.0100042 0.00273681 0.0028067 0.000692275 0.000115608 0.000145097 1.36727e-06 0.130701 1.84591e-05 0.0141153 1.67736e-05 0.000260468 0.0643576 0.0278728 0.044503 9.45153e-07 0.00685947 0.0923115 0.00393905 0.00151467 
0.0168563 8.17946e-11 9.93066e-11 0.747093 0.00900352 0.00470885 2.46084e-09 0.00311841 0.000198078 4.81728e-05 0.00139436 7.72762e-06 0.0520404 2.52881e-07 0.00247058 1.56265e-07 0.0237832 0.0018025 0.0142159 0.0230724 2.97027e-08 0.00121344 0.096815 0.000442805 0.00171517 
0.00864083 9.54243e-06 1.33456e-06 0.932107 0.0132576 0.000102469 1.98623e-05 0.00465649 0.000299093 5.06181e-05 3.4679e-05 2.16227e-07 0.000693528 1.10287e-06 0.00366352 1.12424e-05 0.00667076 1.04878e-05 0.0134452 0.000608039 8.17724e-07 0.000996435 0.000192028 0.0145268 7.64756e-07 
0.00386506 0.000528984 2.06358e-06 0.804425 0.00177092 0.041703 6.37212e-06 0.0504513 0.000619842 0.00054835 0.00277555 5.10067e-06 0.00295459 9.15358e-06 1.25841e-06 2.75587e-06 0.000501826 3.09129e-06 0.00309678 0.0156208 1.26441e-06 0.032512 0.0383601 0.000206885 2.77427e-05 
0.0217696 2.54382e-05 7.91901e-09 0.367928 0.00790604 0.140694 1.46569e-05 0.119948 0.000317642 0.000827324 0.00629928 1.08825e-05 0.00129038 0.000203166 0.0208688 4.49998e-06 0.0124901 0.00032529 0.034117 0.102339 1.02903e-05 0.0255816 0.136671 0.000358129 5.70051e-07 
0.0564041 0.000148338 1.738e-05 0.394644 0.0351693 0.0499759 0.00212532 0.0362959 0.0069652 0.00611308 0.00347419 0.000913515 0.00752382 0.0105778 0.012113 0.000440116 0.0192819 0.00384767 0.0234079 0.0437499 7.02657e-07 0.0341232 0.240253 0.0112826 0.00115146 
0.232111 1.08495e-06 1.83343e-08 0.414268 0.0403391 0.00763851 0.0461739 0.0228118 0.0103832 0.00131905 0.0151836 4.25646e-05 0.0308074 0.000464867 0.00193071 2.61307e-08 0.0112311 0.00766451 0.000603516 0.0987985 3.2062e-08 0.00456082 0.0395325 0.0127877 0.00134618 
0.0141561 3.43932e-05 4.53285e-07 0.566277 0.0162795 0.128347 0.00450709 0.0196846 0.000271349 0.00427253 3.56787e-05 3.21044e-07 0.000623052 6.52254e-06 0.00061047 4.62327e-05 0.00581256 0.000669851 0.00269228 0.0405528 1.12209e-06 0.00221518 0.172457 0.0201923 0.000254893 
0.0318565 1.24373e-07 8.7614e-09 0.29466 0.0747385 0.0653445 0.000842752 0.0747538 0.192353 0.0122039 0.00033081 4.15036e-06 0.000310335 6.24136e-06 0.00322349 5.52721e-05 0.00715878 0.00300061 0.00744078 0.0337443 2.18261e-06 0.0511781 0.120574 0.0259518 0.000266402 
0.133569 3.01526e-05 1.44703e-09 0.495221 0.0741228 0.0105525 0.0129869 0.000913197 0.00405818 1.75125e-07 0.00199328 3.87107e-06 0.00572313 5.06501e-05 0.002228 3.00075e-07 0.00743762 0.00220474 0.0258856 0.0230485 8.86637e-10 0.184117 0.0140508 0.00178773 1.48235e-05 
0.000333962 1.81371e-09 2.20202e-09 0.983583 0.000409129 0.00103045 2.17073e-05 0.0028334 0.00120059 2.84477e-05 0.0015816 4.68476e-07 0.000969166 1.81973e-09 0.000104811 1.6959e-05 0.000162581 2.20292e-10 2.64779e-05 0.00259058 3.2897e-06 0.000291459 0.000421694 0.00438129 9.30325e-06 
0.140457 0.000806929 0.000266953 0.286179 0.0316837 0.0336095 0.00228291 0.0280326 0.0135136 0.00997082 0.0072388 0.00989547 0.00697828 0.000886526 0.0683341 1.94838e-05 0.045758 0.0194643 0.0261976 0.0274251 0.00950751 0.0787123 0.099935 0.0514601 0.00138481 
0.0343054 0.00024288 5.05155e-07 0.589894 0.0126856 0.0116572 0.000756911 0.0228936 0.00734778 0.000811146 0.00037436 1.16171e-06 0.000598088 1.27999e-05 0.00682239 1.48911e-05 0.000270387 2.99943e-05 0.00259308 0.00404736 7.93173e-09 0.0397156 0.239429 0.0254805 1.45074e-05 
0.11337 0.00065411 0.000223114 0.248233 0.0230743 0.079183 0.00224246 0.0329455 0.00889993 0.0276732 0.00134907 0.000663778 0.137016 0.000368447 0.000897763 7.60947e-05 0.0259106 0.00426016 0.0804873 0.0469735 1.3123e-06 0.0696549 0.0872434 0.00821461 0.000384636 
