1.07089e-05 1.67765e-05 2.16571e-05 7.16939e-09 9.67986e-06 0.000157089 3.68123e-06 0.217053 6.88154e-06 0.000129609 2.70131e-08 2.38623e-06 1.3106e-08 5.20311e-08 0.0332201 7.218e-05 0.0134818 6.29876e-09 1.26808e-05 6.64477e-05 3.85784e-08 0.00700774 0.0364873 0.69224 3.60795e-08 
0.00875053 2.94826e-09 3.57947e-09 4.07591e-10 0.0296352 3.22112e-10 3.07566e-06 1.93377e-06 9.07712e-10 8.67943e-10 2.76586e-06 6.38525e-07 7.45096e-10 2.95804e-09 5.45924e-06 0.00201586 5.47344e-05 3.58094e-10 7.00175e-06 7.10478e-10 2.19324e-09 0.481862 1.87715e-06 0.477659 2.05118e-09 
0.000257893 0.000358163 5.33689e-08 6.07705e-09 3.63776e-05 0.0040095 0.000191025 0.00532089 3.69119e-05 0.00282656 1.66232e-06 0.000421171 0.000130219 1.87447e-05 0.000953286 8.59723e-06 0.0263811 6.11881e-07 3.63464e-05 1.90938e-08 0.00503881 0.00105619 0.00663705 0.946276 2.35941e-06 
0.00596522 7.00586e-06 3.63523e-07 1.1897e-08 0.0242725 0.000126331 7.9676e-06 0.00115882 3.11393e-06 2.7748e-05 3.26087e-05 8.28017e-05 1.11296e-05 8.63409e-08 7.96214e-06 3.70125e-05 0.00115016 0.0585348 0.00634363 3.71835e-06 6.40175e-08 1.87869e-05 0.00189409 0.900186 0.000128347 
0.0598167 2.25093e-07 0.0073846 3.11186e-08 0.0553033 0.00139032 7.57627e-05 3.35468e-08 0.0227845 0.000553498 1.1725e-07 4.42779e-08 0.000665214 2.2584e-07 0.035686 3.64965e-07 4.06895e-08 2.73397e-08 4.27621e-08 4.27619e-05 1.67449e-07 3.84549e-08 0.0195908 0.791136 0.00556882 
1.49185e-08 3.37126e-06 1.21451e-10 1.38295e-11 8.1733e-07 5.13781e-08 2.03045e-07 0.00268229 1.78662e-07 2.32678e-07 5.15914e-07 0.000453562 2.5281e-11 1.00366e-10 0.001245 1.62357e-07 1.80829e-11 8.26327e-08 1.9004e-11 2.41064e-11 1.6379e-07 1.70898e-11 1.34335e-07 0.995613 2.01898e-07 
0.0866737 9.06498e-05 1.07717e-08 1.22656e-09 0.111891 2.18285e-05 0.00527025 1.02244e-05 2.49619e-05 0.0414208 4.62148e-09 0.000174143 2.24221e-09 0.00134712 6.56876e-09 0.000185502 0.301878 0.017399 5.87475e-06 2.76926e-06 2.87739e-05 0.372163 0.000526269 0.0608823 3.32518e-06 
5.9288e-12 6.36473e-11 7.7274e-11 8.7991e-12 0.361017 4.93787e-08 0.000878674 9.86605e-08 0.00682276 4.87355e-08 3.31536e-11 1.252e-11 1.60852e-11 6.38585e-11 3.48757e-07 1.03198e-10 1.15054e-11 0.631281 2.41949e-08 3.08291e-09 4.73479e-11 1.08735e-11 9.87818e-09 9.57969e-08 4.42809e-11 
4.37188e-08 2.24014e-05 6.65996e-06 6.48843e-08 0.0751744 5.1277e-08 0.000234111 0.0183604 0.784275 3.67978e-05 4.73224e-05 5.02597e-06 3.29524e-05 0.0100877 3.47483e-07 7.60975e-07 0.00904939 0.0279648 0.00111259 0.0215267 1.29555e-05 8.01808e-08 0.0115435 0.0405029 2.91624e-06 
0.00104755 1.29176e-06 1.03405e-07 5.13197e-05 0.0921675 0.0200658 0.0277475 0.0353513 0.0035189 0.556109 0.000753691 0.0881589 0.0904046 0.00024565 0.00113816 0.000205501 0.0057273 6.13479e-05 0.001291 0.00413999 9.01537e-05 0.00241995 0.00327516 0.0659505 7.73215e-05 
6.18642e-06 5.37787e-09 6.52926e-09 7.43479e-10 8.73357e-05 1.80753e-06 0.00437609 1.43746e-06 2.35809e-05 3.53225e-07 0.000157205 1.81798e-07 0.994712 4.246e-06 3.44119e-07 8.71967e-09 9.72145e-10 1.76392e-06 1.27807e-06 1.29597e-09 4.00065e-09 1.25669e-06 2.42634e-08 1.69837e-05 0.000607899 
0.0285524 5.48953e-10 6.66482e-10 7.58915e-11 0.653977 5.45839e-07 3.03296e-06 0.0230594 1.69012e-10 2.13969e-05 8.75025e-06 6.37214e-07 5.56321e-08 5.50774e-10 4.06839e-07 8.9007e-10 0.0456696 2.79377e-06 0.036347 2.3825e-07 4.0878e-07 0.0352483 5.72719e-07 0.177107 3.81919e-10 
0.0353005 1.06746e-06 4.16707e-11 4.74499e-12 4.56107e-05 3.15553e-06 1.31584e-07 0.111014 0.0468299 0.0810111 1.78784e-11 0.00115762 0.000474775 0.000479635 0.011056 1.89266e-07 5.93448e-06 5.12801e-08 0.0119564 8.35379e-10 3.44717e-07 0.0620424 0.0963748 0.542247 2.38789e-11 
0.000988408 4.50282e-11 1.82653e-09 6.22505e-12 0.58557 0.00240152 0.33445 0.00247493 0.00273724 2.42597e-07 0.00719644 8.85746e-12 0.0570594 7.36178e-09 4.19991e-06 1.84952e-09 0.00179371 0.00100297 6.5776e-05 1.29351e-07 3.34969e-11 3.04872e-06 0.000459096 0.00379355 3.13272e-11 
5.41689e-05 1.92547e-05 2.28465e-06 4.97437e-09 0.00472918 0.00175105 0.00739229 0.00450378 0.0544719 0.028452 1.47054e-05 1.21026e-05 5.17401e-09 1.60581e-07 6.8815e-06 0.802661 3.70085e-09 2.65042e-05 0.000718673 0.000384503 1.52301e-08 1.71038e-05 6.26331e-05 0.09472 1.86879e-07 
5.87928e-07 0.339771 1.07584e-10 1.22505e-11 0.0602211 0.250873 0.0102238 0.0543396 2.5372e-05 0.000163543 6.48002e-07 0.000383903 1.83581e-07 0.00420014 4.9455e-07 1.43676e-10 5.32742e-07 0.00148059 0.133567 0.00591393 4.51802e-08 0.00247059 0.0868265 0.0495207 1.73726e-05 
0.0119434 0.00222386 1.47812e-10 1.68312e-11 0.00678739 0.000161531 0.00122099 0.0112962 1.06112e-06 0.72921 0.00792377 0.000630281 0.165376 3.29218e-07 3.89923e-07 0.00182089 0.0375274 0.000168579 0.00826096 0.00176992 2.84173e-05 0.00156095 4.53277e-07 0.0120878 8.47019e-11 
0.0119434 0.00222386 1.47812e-10 1.68312e-11 0.00678739 0.000161531 0.00122099 0.0112962 1.06112e-06 0.72921 0.00792377 0.000630281 0.165376 3.29218e-07 3.89923e-07 0.00182089 0.0375274 0.000168579 0.00826096 0.00176992 2.84173e-05 0.00156095 4.53277e-07 0.0120878 8.47019e-11 
0.0119434 0.00222386 1.47812e-10 1.68312e-11 0.00678739 0.000161531 0.00122099 0.0112962 1.06112e-06 0.72921 0.00792377 0.000630281 0.165376 3.29218e-07 3.89923e-07 0.00182089 0.0375274 0.000168579 0.00826096 0.00176992 2.84173e-05 0.00156095 4.53277e-07 0.0120878 8.47019e-11 
8.55332e-05 8.19076e-07 9.94438e-07 1.13236e-07 3.81731e-05 7.24883e-06 2.30875e-07 0.00127548 2.52178e-07 2.41129e-07 8.70736e-05 0.00382813 2.07e-07 2.91935e-06 2.84677e-05 5.85386e-05 6.57265e-06 2.54844e-06 0.000300436 0.000417378 1.61617e-05 0.000385711 1.83816e-05 0.993426 1.22058e-05 
0.0119434 0.00222386 1.47812e-10 1.68312e-11 0.00678739 0.000161531 0.00122099 0.0112962 1.06112e-06 0.72921 0.00792377 0.000630281 0.165376 3.29218e-07 3.89923e-07 0.00182089 0.0375274 0.000168579 0.00826096 0.00176992 2.84173e-05 0.00156095 4.53277e-07 0.0120878 8.47019e-11 
0.000958348 4.22976e-05 1.25079e-06 1.42426e-07 0.00230789 6.93541e-06 2.90392e-07 0.000139484 4.64579e-05 3.03289e-07 0.941529 2.02654e-07 0.0197984 9.9845e-06 0.0097053 1.6704e-06 0.00334479 2.09282e-05 1.95717e-07 0.0206083 7.66394e-07 1.76003e-07 5.51164e-08 0.00142257 5.43561e-05 
0.0119434 0.00222386 1.47812e-10 1.68312e-11 0.00678739 0.000161531 0.00122099 0.0112962 1.06112e-06 0.72921 0.00792377 0.000630281 0.165376 3.29218e-07 3.89923e-07 0.00182089 0.0375274 0.000168579 0.00826096 0.00176992 2.84173e-05 0.00156095 4.53277e-07 0.0120878 8.47019e-11 
0.0119434 0.00222386 1.47812e-10 1.68312e-11 0.00678739 0.000161531 0.00122099 0.0112962 1.06112e-06 0.72921 0.00792377 0.000630281 0.165376 3.29218e-07 3.89923e-07 0.00182089 0.0375274 0.000168579 0.00826096 0.00176992 2.84173e-05 0.00156095 4.53277e-07 0.0120878 8.47019e-11 
0.044213 0.0170503 2.73546e-08 4.94661e-07 0.0250667 0.00215533 0.0018143 0.026565 0.000628438 0.00198196 1.48955e-06 0.00603114 0.0107529 7.95656e-10 0.000150254 2.57795e-05 0.0576751 3.48756e-06 0.000204623 1.4268e-06 0.185728 0.000247968 0.00902316 0.610679 5.31538e-07 
0.0119434 0.00222386 1.47812e-10 1.68312e-11 0.00678739 0.000161531 0.00122099 0.0112962 1.06112e-06 0.72921 0.00792377 0.000630281 0.165376 3.29218e-07 3.89923e-07 0.00182089 0.0375274 0.000168579 0.00826096 0.00176992 2.84173e-05 0.00156095 4.53277e-07 0.0120878 8.47019e-11 
0.0119434 0.00222386 1.47812e-10 1.68312e-11 0.00678739 0.000161531 0.00122099 0.0112962 1.06112e-06 0.72921 0.00792377 0.000630281 0.165376 3.29218e-07 3.89923e-07 0.00182089 0.0375274 0.000168579 0.00826096 0.00176992 2.84173e-05 0.00156095 4.53277e-07 0.0120878 8.47019e-11 
0.0119434 0.00222386 1.47812e-10 1.68312e-11 0.00678739 0.000161531 0.00122099 0.0112962 1.06112e-06 0.72921 0.00792377 0.000630281 0.165376 3.29218e-07 3.89923e-07 0.00182089 0.0375274 0.000168579 0.00826096 0.00176992 2.84173e-05 0.00156095 4.53277e-07 0.0120878 8.47019e-11 
0.0122368 0.00206491 2.03753e-10 2.32012e-11 0.0278277 0.000165813 0.00146286 0.01381 0.000701427 0.683646 0.008077 0.000636332 0.181061 1.65886e-05 3.96472e-05 0.00208428 0.0360303 0.000173631 0.00808253 0.00184914 0.000348849 0.00162879 0.000736051 0.0173197 1.16758e-10 
0.0104707 0.000145945 4.53365e-05 4.44732e-06 0.0276047 0.0222894 7.1828e-05 0.0177165 0.00127345 0.00645504 0.00318397 0.000570304 0.000823011 5.8716e-06 3.19353e-05 4.33468e-05 0.171365 9.86965e-05 0.00787998 1.44061e-09 0.000480002 0.0307633 0.068693 0.62977 0.000214285 
0.000125471 0.00111435 5.16382e-05 6.27105e-08 0.0368327 0.000525468 0.00346104 0.0345744 0.00513558 0.00310612 0.00157533 0.000391088 1.14638e-07 4.55114e-07 0.000196111 5.43279e-05 0.000585777 0.000437005 0.000479719 1.09312e-07 3.37444e-07 7.74945e-08 0.00415131 0.907201 3.15587e-07 
0.0359108 0.00317392 4.88234e-08 3.30278e-07 0.0983293 0.0120806 0.00957176 0.0355539 0.000558793 0.0265659 0.0002591 0.000468064 3.83126e-07 2.71945e-07 0.0415045 7.17789e-06 0.0432377 0.00490076 0.0075336 1.26027e-06 0.00197348 0.0138442 0.0188674 0.645654 2.93929e-06 
1.41897e-05 8.44892e-07 5.80834e-07 1.79106e-07 0.0319358 0.000116476 1.60216e-05 0.00167929 0.00219526 0.00139236 1.33655e-06 3.24396e-06 8.18027e-07 4.79995e-07 3.54202e-07 8.29709e-07 6.20307e-07 8.12681e-05 0.000179548 1.15288e-07 4.37361e-07 0.00103826 1.85121e-07 0.0071996 0.954142 
0.0259037 9.79158e-05 1.89599e-06 2.15894e-07 0.000607984 2.40035e-05 4.40186e-07 0.000816276 0.096476 0.00529261 0.000619827 0.000603717 0.000279987 1.56683e-06 0.703222 2.53205e-06 0.0459625 0.0109169 0.00455723 0.00227116 1.16173e-06 0.00523222 0.000341757 0.0702076 0.0265588 
9.27735e-08 0.000399375 1.20918e-06 1.37688e-07 0.000191456 1.08812e-07 2.8073e-07 0.998987 3.06633e-07 2.93199e-07 5.18784e-07 1.95912e-07 2.517e-07 9.99252e-07 7.37376e-07 1.61483e-06 1.80035e-07 6.06045e-05 1.89205e-07 2.40006e-07 7.40896e-07 1.70147e-07 0.000191871 0.000160769 6.92905e-07 
0.0104707 0.000145945 4.53365e-05 4.44732e-06 0.0276047 0.0222894 7.1828e-05 0.0177165 0.00127345 0.00645504 0.00318397 0.000570304 0.000823011 5.8716e-06 3.19353e-05 4.33468e-05 0.171365 9.86965e-05 0.00787998 1.44061e-09 0.000480002 0.0307633 0.068693 0.62977 0.000214285 
0.000242571 3.58471e-05 2.31073e-08 2.6312e-09 0.000344082 0.00291336 4.42164e-06 0.000104083 2.09851e-06 4.07712e-05 9.91391e-09 0.000148988 0.000220886 0.000669684 0.0724075 6.38169e-06 0.000199194 1.72339e-06 0.00252211 3.23483e-08 0.000517646 0.00047318 0.00852933 0.910616 1.32413e-08 
0.00130109 1.04227e-06 1.26542e-06 1.44092e-07 0.00304973 0.000410059 0.00152799 0.000823434 3.20896e-07 3.06837e-07 5.42915e-07 0.000697291 0.00163339 1.04573e-06 7.71675e-07 1.68994e-06 0.0022611 1.26594e-07 1.98006e-07 2.51169e-07 7.75358e-07 1.78062e-07 5.57611e-08 0.988286 7.25135e-07 
0.266163 5.72475e-09 2.63092e-06 7.91434e-10 0.000498933 6.25458e-10 1.01143e-05 8.26452e-06 0.159658 3.04142e-05 2.98199e-09 0.000391096 0.0245111 3.73524e-06 6.88449e-06 9.28209e-09 9.06492e-06 2.15323e-06 0.0901491 5.31378e-06 4.19223e-07 1.16522e-06 0.314745 0.143791 1.35368e-05 
0.0104707 0.000145945 4.53365e-05 4.44732e-06 0.0276047 0.0222894 7.1828e-05 0.0177165 0.00127345 0.00645504 0.00318397 0.000570304 0.000823011 5.8716e-06 3.19353e-05 4.33468e-05 0.171365 9.86965e-05 0.00787998 1.44061e-09 0.000480002 0.0307633 0.068693 0.62977 0.000214285 
0.00608524 1.16531e-08 1.41479e-08 1.61101e-09 1.34144e-06 0.0757593 4.54214e-06 0.0540363 1.93836e-07 3.43056e-09 0.0517233 1.36109e-05 0.000808353 0.126387 3.66862e-06 1.88942e-08 0.0027072 1.41537e-09 1.48669e-06 0.0210728 8.66882e-09 0.651003 6.23432e-10 0.0103924 8.10731e-09 
8.85429e-11 9.50531e-10 1.15404e-09 1.31409e-10 0.796749 1.0385e-10 0.0305392 0.0650278 0.000868521 2.79828e-10 1.63441e-06 1.86978e-10 2.40222e-10 9.53685e-10 7.03751e-10 1.54119e-09 4.691e-06 8.31362e-07 1.80577e-10 2.29061e-10 7.0711e-10 1.62389e-10 1.69345e-06 0.106806 6.61307e-10 
4.06972e-06 2.08187e-06 2.5276e-06 2.87814e-07 5.52874e-05 0.0647806 5.86823e-07 0.537991 6.40968e-07 0.00891307 0.14102 4.09524e-07 0.0408735 2.08878e-06 1.54137e-06 3.37554e-06 0.0820407 1.75443e-05 3.95504e-07 0.00431464 0.000125358 0.0554876 0.0192718 0.0450322 5.93434e-05 
0.241368 1.11477e-06 1.35344e-06 1.54115e-07 5.11662e-05 1.21794e-07 3.14224e-07 1.6614e-07 3.43217e-07 0.0639968 5.80679e-07 2.19286e-07 0.00170011 1.11847e-06 8.2535e-07 1.80749e-06 2.01514e-07 4.01811e-05 2.11779e-07 0.00167257 8.2929e-07 1.90447e-07 0.38545 0.305711 7.75573e-07 
0.417387 0.000306904 1.22203e-07 5.07675e-05 0.171691 0.00355597 0.0174102 0.0121846 0.000283054 0.0233888 0.0144085 0.000396211 0.011175 6.99047e-05 7.52942e-05 0.000139924 0.0225918 0.0564207 0.0115541 0.000437306 0.000282073 0.0406593 0.0437416 0.151149 0.000641369 
0.0119434 0.00222386 1.47812e-10 1.68312e-11 0.00678739 0.000161531 0.00122099 0.0112962 1.06112e-06 0.72921 0.00792377 0.000630281 0.165376 3.29218e-07 3.89923e-07 0.00182089 0.0375274 0.000168579 0.00826096 0.00176992 2.84173e-05 0.00156095 4.53277e-07 0.0120878 8.47019e-11 
0.00296226 0.00255058 5.06686e-11 5.76958e-12 2.31355e-05 0.0317723 3.00275e-05 0.0269912 1.07078e-06 0.00240769 2.17388e-11 0.000125256 1.44844e-06 4.72266e-05 0.000377864 8.92964e-06 0.255037 1.09512e-05 0.00258622 6.78939e-10 0.000352266 0.345648 0.088884 0.239985 0.000196534 
0.00225197 1.82039e-05 4.60895e-06 2.68584e-08 0.0217024 0.000114861 5.47615e-08 0.941957 5.98142e-08 0.000154615 0.00169929 3.82161e-08 6.56096e-05 1.94922e-07 1.43838e-07 3.15001e-07 0.000476812 2.35968e-08 0.00094867 0.00134546 1.44525e-07 4.06463e-05 4.11447e-05 0.0291301 4.75334e-05 
0.00243107 1.102e-08 1.33793e-08 1.52349e-09 0.0140782 0.000921353 0.0125133 0.94586 4.99693e-06 3.24419e-09 2.1392e-06 1.19574e-05 2.32139e-06 1.61652e-05 0.00117652 1.17242e-05 3.46541e-05 0.00440498 1.34041e-06 2.65562e-09 8.19789e-09 0.000229595 0.0178255 3.10021e-06 0.000471347 
0.0122368 0.00206491 2.03753e-10 2.32012e-11 0.0278277 0.000165813 0.00146286 0.01381 0.000701427 0.683646 0.008077 0.000636332 0.181061 1.65886e-05 3.96472e-05 0.00208428 0.0360303 0.000173631 0.00808253 0.00184914 0.000348849 0.00162879 0.000736051 0.0173197 1.16758e-10 
5.769e-08 7.91804e-07 4.90044e-10 5.58008e-11 0.605308 0.006879 0.198106 2.58278e-06 1.24269e-10 6.66206e-07 1.27052e-07 8.78963e-08 1.02007e-10 4.24242e-07 2.46235e-06 4.28376e-07 7.29629e-11 0.1446 0.0208731 9.72672e-11 6.06826e-08 0.00242383 0.00478177 0.0144532 0.00256609 
1.83385e-05 9.43167e-06 2.44855e-07 2.78813e-08 0.00104733 2.43761e-05 0.00145882 0.0579919 6.20922e-08 0.000221319 0.0439836 5.26504e-06 5.09684e-08 2.02345e-07 3.62701e-05 3.26997e-07 0.00408354 3.69073e-05 0.000708935 3.21414e-05 0.000299954 0.00106636 0.000346558 0.888392 0.000235853 
0.000257069 3.28252e-08 3.9853e-08 4.53801e-09 0.00023048 3.58632e-09 5.56065e-05 4.89211e-09 1.1754e-05 9.66346e-09 0.992901 6.45702e-09 2.56835e-05 3.29341e-08 2.4303e-08 5.32227e-08 0.0060471 3.98693e-09 0.000112861 7.91029e-09 2.4419e-08 0.000321937 3.64512e-05 5.88096e-09 2.28373e-08 
0.00131901 3.73811e-05 1.15713e-09 1.31761e-10 0.0230648 1.04129e-10 1.41862e-05 0.0071666 2.93435e-10 0.00149986 1.36203e-05 8.9967e-05 5.505e-08 9.56242e-10 0.0242132 2.16211e-05 0.00507966 0.000456976 1.81061e-10 5.35923e-07 8.41445e-07 0.0060763 7.0195e-05 0.930875 3.41879e-07 
1.12347e-10 5.06675e-06 1.4643e-09 1.66738e-10 0.0347024 2.50495e-07 2.10809e-06 6.41718e-06 4.83098e-07 3.55059e-10 6.2824e-10 1.47117e-06 3.04805e-10 1.21008e-09 4.73355e-06 1.95553e-09 2.11501e-06 1.01092e-06 8.93814e-07 2.9355e-08 5.02529e-06 2.06046e-10 5.09809e-07 0.965255 1.25034e-05 
0.00032621 1.1293e-06 1.37108e-06 1.56123e-07 7.00067e-08 0.987795 3.18319e-07 0.000555576 3.4769e-07 3.32457e-07 5.88247e-07 2.22144e-07 2.85401e-07 1.13305e-06 8.36108e-07 1.83105e-06 2.04141e-07 1.37164e-07 0.00064383 0.00952521 8.40098e-07 1.9293e-07 0.00077944 0.000364389 7.85682e-07 
1.93258e-06 1.67877e-05 3.37862e-06 3.40174e-07 1.52536e-07 2.68834e-07 2.4041e-06 3.76022e-06 7.57575e-07 0.000797343 1.28172e-06 4.06065e-05 6.21855e-07 2.46878e-06 3.92907e-06 7.21711e-06 0.000167749 5.33681e-07 4.40547e-06 5.92963e-07 0.992577 1.05042e-05 4.49152e-06 0.00634962 1.71191e-06 
1.19133e-06 1.0018e-06 1.64949e-09 1.87825e-10 0.00261313 9.9944e-08 0.000684043 0.00297727 4.18291e-10 0.00211388 1.2085e-06 0.000154904 3.43354e-10 3.66367e-07 0.000297766 7.99672e-07 0.00141122 3.43015e-08 3.09753e-07 3.27402e-10 3.14222e-07 4.32366e-07 0.000291814 0.989298 0.000152201 
2.87297e-05 0.00010599 4.13756e-09 4.71139e-10 3.23252e-06 0.000313319 1.30652e-05 0.00030789 6.19152e-06 0.000120594 1.77517e-09 1.45478e-05 0.000661195 0.00200334 0.000182931 1.87926e-05 0.000589246 5.0917e-06 4.94637e-05 8.29464e-08 3.42276e-05 0.00139975 0.000336932 0.993805 2.37098e-09 
0.0119434 0.00222386 1.47812e-10 1.68312e-11 0.00678739 0.000161531 0.00122099 0.0112962 1.06112e-06 0.72921 0.00792377 0.000630281 0.165376 3.29218e-07 3.89923e-07 0.00182089 0.0375274 0.000168579 0.00826096 0.00176992 2.84173e-05 0.00156095 4.53277e-07 0.0120878 8.47019e-11 
0.000697952 1.29297e-06 1.8022e-07 6.07549e-07 0.0356491 0.000128413 3.91747e-06 0.000214694 3.19073e-05 0.000130288 1.10311e-05 1.59895e-05 1.42946e-05 1.29726e-06 0.00128157 5.48621e-06 0.368804 1.76172e-06 0.000663287 0.000274639 7.60107e-06 0.0163369 0.0319582 0.543751 1.52326e-05 
0.0119434 0.00222386 1.47812e-10 1.68312e-11 0.00678739 0.000161531 0.00122099 0.0112962 1.06112e-06 0.72921 0.00792377 0.000630281 0.165376 3.29218e-07 3.89923e-07 0.00182089 0.0375274 0.000168579 0.00826096 0.00176992 2.84173e-05 0.00156095 4.53277e-07 0.0120878 8.47019e-11 
0.0391988 2.78731e-05 1.12984e-07 1.28654e-08 1.38396e-05 8.21336e-05 3.45047e-06 0.000707103 1.65123e-06 3.16358e-05 4.84747e-08 0.000159891 0.00117425 8.84446e-06 0.0653129 5.07513e-06 0.00558386 6.65933e-06 1.29824e-05 4.39516e-08 6.17783e-05 0.0326208 8.83177e-05 0.854893 4.89999e-06 
0.000880533 1.32399e-06 1.60745e-06 1.83039e-07 0.000281839 1.44652e-07 3.73196e-07 0.0315162 0.000146173 0.000708642 6.89659e-07 2.60441e-07 0.00141178 1.32838e-06 0.0225206 2.14671e-06 0.00292024 1.60811e-07 0.0023671 0.00142648 9.84928e-07 2.2619e-07 0.00237947 0.933431 9.2113e-07 
0.000161482 1.23971e-06 1.50513e-06 1.71387e-07 0.0305685 1.35445e-07 0.000174148 0.000267111 3.81683e-07 3.6496e-07 6.45759e-07 2.43862e-07 3.13304e-07 1.24382e-06 0.000479161 2.01006e-06 2.24099e-07 1.50574e-07 0.000139683 2.98748e-07 4.46063e-05 0.00018079 0.000113824 0.967861 8.62496e-07 
0.000988408 4.50282e-11 1.82653e-09 6.22505e-12 0.58557 0.00240152 0.33445 0.00247493 0.00273724 2.42597e-07 0.00719644 8.85746e-12 0.0570594 7.36178e-09 4.19991e-06 1.84952e-09 0.00179371 0.00100297 6.5776e-05 1.29351e-07 3.34969e-11 3.04872e-06 0.000459096 0.00379355 3.13272e-11 
6.26809e-12 6.72896e-11 8.16961e-11 9.30264e-12 0.000256134 1.32338e-07 4.68507e-07 1.00285e-11 6.38892e-05 2.57722e-08 0.000447692 1.32497e-08 0.999231 3.10627e-07 2.49597e-08 1.09103e-10 1.21638e-11 1.29141e-07 1.91877e-08 1.62156e-11 5.00574e-11 9.19775e-08 3.63596e-10 1.20556e-11 1.87729e-08 
0.000793289 0.000472879 5.23619e-11 5.96239e-12 0.0549877 1.07133e-08 0.0012039 5.3484e-05 1.32784e-11 0.00583389 9.31467e-09 0.000480327 2.8993e-08 4.32714e-11 2.77461e-08 7.64488e-06 1.61015e-05 0.0622875 0.000224272 0.000132671 8.68472e-08 3.65728e-08 8.14598e-05 0.872891 0.000533812 
0.0024435 2.99872e-06 1.25499e-09 1.42904e-10 3.08221e-05 1.12935e-10 9.8485e-06 0.0110642 6.00541e-05 1.32072e-05 5.3844e-10 1.60655e-06 2.61236e-10 1.03711e-09 1.07917e-05 1.67601e-09 3.9989e-06 2.64924e-06 1.35107e-05 2.49099e-10 7.68967e-10 1.17437e-05 5.70716e-06 0.466532 0.519794 
0.000214205 0.00044564 2.35802e-07 9.09916e-07 0.145564 4.84647e-05 0.0129725 0.0256367 0.00253981 0.00740187 8.05647e-05 0.000122533 0.000371742 6.32462e-07 0.0170325 9.99447e-07 0.00789248 0.00377561 0.000805577 0.00226528 3.65312e-05 0.00357206 0.00918309 0.757847 0.00218937 
0.0119434 0.00222386 1.47812e-10 1.68312e-11 0.00678739 0.000161531 0.00122099 0.0112962 1.06112e-06 0.72921 0.00792377 0.000630281 0.165376 3.29218e-07 3.89923e-07 0.00182089 0.0375274 0.000168579 0.00826096 0.00176992 2.84173e-05 0.00156095 4.53277e-07 0.0120878 8.47019e-11 
0.049789 0.000197659 2.09901e-05 4.26722e-06 0.0166463 0.000227432 0.00132785 0.00690222 0.0057205 0.0142485 0.00287716 0.00191696 0.00246206 0.000106391 0.0369358 1.04437e-07 0.0899831 0.000267022 0.00803232 0.0108541 0.150234 0.0100318 0.00869601 0.582455 6.24901e-05 
9.02347e-07 5.3222e-10 6.46167e-10 7.35783e-11 4.02548e-07 7.56501e-08 1.50018e-10 1.19059e-07 1.6386e-10 1.56681e-10 9.15139e-07 0.000382945 1.34505e-10 5.39326e-08 7.09673e-07 6.04921e-07 1.6365e-07 2.59219e-08 1.01109e-10 1.28256e-10 3.9632e-07 0.00199758 1.93648e-07 0.997615 2.96594e-07 
0.0792976 0.00177015 3.71172e-07 4.22649e-08 9.85972e-08 7.42232e-06 0.00978066 9.63589e-05 5.19881e-06 0.0496056 0.0237048 0.0119926 0.00743168 0.0537192 3.54217e-05 4.95691e-07 0.00644804 0.000243364 2.46026e-06 0.0166902 9.39274e-06 0.0170165 1.63558e-08 0.722142 2.12696e-07 
0.0452465 6.96284e-07 2.15427e-07 9.67608e-07 0.232416 9.99428e-06 0.00313256 0.123797 1.14015e-06 0.141606 1.00764e-06 0.00360795 9.66762e-06 4.18046e-05 0.000283673 9.40986e-05 0.132686 0.0134023 0.173805 0.00915466 1.1057e-05 0.0636004 0.00738247 0.0490394 0.0006698 
0.0119434 0.00222386 1.47812e-10 1.68312e-11 0.00678739 0.000161531 0.00122099 0.0112962 1.06112e-06 0.72921 0.00792377 0.000630281 0.165376 3.29218e-07 3.89923e-07 0.00182089 0.0375274 0.000168579 0.00826096 0.00176992 2.84173e-05 0.00156095 4.53277e-07 0.0120878 8.47019e-11 
1.01583e-08 0.000414509 1.324e-07 1.50763e-08 0.000131156 0.000150135 6.45824e-05 0.000575358 0.000188054 0.000661377 5.68049e-08 4.29248e-05 2.75877e-05 1.09414e-07 0.000621779 1.76817e-07 0.000141954 1.32454e-08 2.07172e-08 2.65425e-06 0.000275906 1.86305e-08 1.17268e-06 0.9967 7.58704e-08 
0.0558751 4.8851e-05 8.04132e-08 1.03852e-05 0.031038 3.16969e-05 0.00388164 0.0137948 0.00654043 0.00212756 0.000946718 3.98356e-05 0.00559581 0.000187888 0.000125918 1.0739e-07 0.00165448 2.06978e-05 0.00865137 0.000255782 1.52293e-05 0.00924076 0.00787906 0.851943 9.49851e-05 
0.0119434 0.00222386 1.47812e-10 1.68312e-11 0.00678739 0.000161531 0.00122099 0.0112962 1.06112e-06 0.72921 0.00792377 0.000630281 0.165376 3.29218e-07 3.89923e-07 0.00182089 0.0375274 0.000168579 0.00826096 0.00176992 2.84173e-05 0.00156095 4.53277e-07 0.0120878 8.47019e-11 
0.0119434 0.00222386 1.47812e-10 1.68312e-11 0.00678739 0.000161531 0.00122099 0.0112962 1.06112e-06 0.72921 0.00792377 0.000630281 0.165376 3.29218e-07 3.89923e-07 0.00182089 0.0375274 0.000168579 0.00826096 0.00176992 2.84173e-05 0.00156095 4.53277e-07 0.0120878 8.47019e-11 
0.0119434 0.00222386 1.47812e-10 1.68312e-11 0.00678739 0.000161531 0.00122099 0.0112962 1.06112e-06 0.72921 0.00792377 0.000630281 0.165376 3.29218e-07 3.89923e-07 0.00182089 0.0375274 0.000168579 0.00826096 0.00176992 2.84173e-05 0.00156095 4.53277e-07 0.0120878 8.47019e-11 
0.0119434 0.00222386 1.47812e-10 1.68312e-11 0.00678739 0.000161531 0.00122099 0.0112962 1.06112e-06 0.72921 0.00792377 0.000630281 0.165376 3.29218e-07 3.89923e-07 0.00182089 0.0375274 0.000168579 0.00826096 0.00176992 2.84173e-05 0.00156095 4.53277e-07 0.0120878 8.47019e-11 
8.13369e-07 0.00208822 4.82997e-08 5.49983e-09 0.2014 6.54704e-07 0.00338231 0.726539 4.49497e-05 0.00567918 2.07225e-08 2.25435e-07 1.0054e-08 9.52432e-06 1.05277e-05 6.45031e-08 1.61083e-05 0.0238296 7.55767e-09 0.00119728 2.95946e-08 0.00275892 0.0231183 0.00991658 7.22934e-06 
0.000755389 5.23331e-06 5.62744e-05 1.0452e-09 0.0225366 8.26008e-10 0.00275522 0.0144721 1.19336e-05 0.0300206 0.000128594 0.00390957 3.00811e-06 7.58544e-09 3.33512e-06 2.41802e-06 0.0272766 0.000385387 3.52866e-06 1.82191e-09 0.27296 0.0017909 0.00157958 0.621344 5.25992e-09 
1.07305e-05 3.975e-06 4.82604e-06 5.49535e-07 0.00113012 8.73275e-06 2.44417e-05 0.000212365 1.22383e-06 3.99016e-05 1.51771e-05 7.8192e-07 0.000156898 7.81232e-05 0.002525 6.44506e-06 7.18551e-07 1.67454e-05 1.82767e-05 3.16821e-05 2.95704e-06 6.79089e-07 2.1266e-07 0.995707 2.7655e-06 
0.00014978 1.05762e-05 1.28405e-05 1.46213e-06 6.55629e-07 2.18412e-05 2.98113e-06 1.57622e-06 0.000119136 3.11353e-06 5.50907e-06 2.08043e-06 0.000118626 1.06113e-05 7.83034e-06 1.71482e-05 0.000349026 6.49669e-05 0.000166651 2.54867e-06 7.86771e-06 1.80683e-06 0.000140571 0.998773 7.35809e-06 
0.0012457 0.004205 1.8953e-10 2.15815e-11 0.00113002 0.000832097 8.84658e-06 0.00204801 8.44104e-08 0.00265291 1.37755e-07 0.00298678 2.0429e-05 1.47806e-07 6.33135e-05 6.4542e-06 0.0262902 1.22873e-06 5.41734e-07 1.21676e-09 0.571217 0.000690398 0.00168889 0.384883 2.89755e-05 
0.0119434 0.00222386 1.47812e-10 1.68312e-11 0.00678739 0.000161531 0.00122099 0.0112962 1.06112e-06 0.72921 0.00792377 0.000630281 0.165376 3.29218e-07 3.89923e-07 0.00182089 0.0375274 0.000168579 0.00826096 0.00176992 2.84173e-05 0.00156095 4.53277e-07 0.0120878 8.47019e-11 
5.40784e-05 0.000778894 0.857189 1.87986e-07 0.00220424 0.000315674 0.000438714 0.00211812 0.0042795 0.000110925 7.083e-07 6.51936e-06 3.43648e-07 1.36429e-06 1.00674e-06 9.45139e-06 0.000138849 8.88956e-07 0.00252561 3.27681e-07 6.92233e-06 8.46167e-06 2.33726e-05 0.129361 0.000425978 
4.77701e-05 0.000127943 1.28694e-09 1.46542e-10 0.729909 1.5288e-06 2.98784e-10 1.26397e-06 3.26352e-10 7.21158e-05 5.52146e-10 8.29894e-06 0.025966 1.06351e-09 7.84795e-10 0.0111843 2.24206e-06 4.24991e-07 4.02947e-07 2.5544e-10 7.88541e-10 1.81089e-10 0.0172999 0.215375 3.76181e-06 
0.936281 0.000290952 1.55429e-09 2.5125e-08 0.00780646 0.000865399 2.85683e-07 0.000295545 3.94463e-06 0.000345352 0.00971594 2.88358e-06 0.0157562 5.22474e-05 2.68113e-06 2.53626e-08 0.0185985 0.00241504 1.74924e-05 8.02209e-05 2.61138e-07 0.000149407 0.000688559 0.00662867 2.95738e-06 
3.31566e-06 1.54082e-09 1.87071e-09 2.13015e-10 0.0605447 1.68342e-10 4.34315e-10 4.75369e-06 3.22631e-06 4.53604e-10 8.02606e-10 6.06491e-07 3.89402e-10 1.54593e-09 0.000420266 2.49828e-09 2.7853e-10 0.0105634 1.1738e-07 1.41135e-06 2.63748e-06 2.63233e-10 0.00346338 0.924981 1.0721e-05 
1.64701e-11 0.000874352 2.14666e-10 2.44438e-11 0.0177352 2.4342e-07 0.00116239 0.0326508 0.00118941 0.00418312 9.21001e-11 0.0001671 4.9247e-05 1.77398e-10 0.0058481 2.86681e-10 0.00110498 3.52218e-07 1.57905e-07 4.30345e-09 4.47339e-07 3.02064e-11 4.63601e-08 0.935034 1.23012e-10 
0.000514578 1.86199e-06 2.26064e-06 2.57416e-07 0.000141622 0.0491077 5.24845e-07 2.77502e-07 5.73272e-07 5.21582e-05 0.000548882 3.66271e-07 0.0062032 1.86817e-06 1.37857e-06 3.01903e-06 0.20197 7.47521e-05 3.53732e-07 0.738396 0.000849085 0.000508979 9.96155e-08 0.00161841 1.29543e-06 
5.94454e-10 6.38801e-06 7.7479e-09 8.82245e-10 0.0112206 6.97224e-10 1.08108e-06 0.202793 6.48571e-06 0.000114978 4.65713e-06 1.25532e-09 2.90464e-06 7.04946e-06 3.82756e-05 2.48435e-05 2.53906e-06 8.52695e-06 1.3822e-05 1.53786e-09 4.74735e-09 1.15576e-05 2.01468e-06 0.785721 1.99838e-05 
4.17789e-09 0.000937635 5.44532e-08 6.20053e-09 0.0555209 0.00159904 1.98364e-06 0.222411 4.5598e-05 0.12685 1.77917e-07 0.000245684 1.13349e-08 4.49996e-08 0.00665308 0.000389518 2.14623e-05 0.00149947 0.00589308 0.000289645 1.74759e-06 1.71078e-05 2.98668e-06 0.577619 3.12038e-08 
0.00314529 1.0753e-06 1.30552e-06 1.48658e-07 0.000380024 1.17482e-07 0.00782021 1.60257e-07 3.31063e-07 3.16558e-07 0.0151797 2.11521e-07 0.00168514 1.07887e-06 7.96125e-07 1.74348e-06 0.00491797 0.000522551 2.0428e-07 2.59127e-07 0.00360045 1.83704e-07 0.00151304 0.961227 7.4811e-07 
0.0119434 0.00222386 1.47812e-10 1.68312e-11 0.00678739 0.000161531 0.00122099 0.0112962 1.06112e-06 0.72921 0.00792377 0.000630281 0.165376 3.29218e-07 3.89923e-07 0.00182089 0.0375274 0.000168579 0.00826096 0.00176992 2.84173e-05 0.00156095 4.53277e-07 0.0120878 8.47019e-11 
8.27205e-05 6.84532e-06 0.997041 9.46351e-07 4.62088e-05 7.47886e-07 1.92951e-06 5.64356e-05 2.10754e-06 2.0152e-06 3.56569e-06 6.54711e-05 1.72998e-06 6.86803e-06 5.06811e-06 8.54267e-05 0.00142287 8.25532e-06 8.9356e-05 1.6496e-06 6.57183e-05 8.55767e-05 0.00023935 0.000673781 4.76245e-06 
0.0119434 0.00222386 1.47812e-10 1.68312e-11 0.00678739 0.000161531 0.00122099 0.0112962 1.06112e-06 0.72921 0.00792377 0.000630281 0.165376 3.29218e-07 3.89923e-07 0.00182089 0.0375274 0.000168579 0.00826096 0.00176992 2.84173e-05 0.00156095 4.53277e-07 0.0120878 8.47019e-11 
0.00596522 7.00586e-06 3.63523e-07 1.1897e-08 0.0242725 0.000126331 7.9676e-06 0.00115882 3.11393e-06 2.7748e-05 3.26087e-05 8.28017e-05 1.11296e-05 8.63409e-08 7.96214e-06 3.70125e-05 0.00115016 0.0585348 0.00634363 3.71835e-06 6.40175e-08 1.87869e-05 0.00189409 0.900186 0.000128347 
6.67081e-05 2.86371e-06 3.47682e-06 3.95901e-07 0.000408242 0.00320929 8.07201e-07 0.00188007 8.8168e-07 0.000424804 0.688187 5.63318e-07 6.83211e-05 0.000360689 0.00148736 2.69142e-05 0.000389429 3.47824e-07 5.44033e-07 0.00220296 2.13034e-06 0.0345382 0.229726 0.0310028 0.00600943 
0.000453698 0.000204585 1.61302e-10 3.88719e-07 0.0976833 0.136855 0.00199171 0.0191141 5.88458e-05 0.0013757 0.000676141 2.68202e-05 1.46113e-05 1.57895e-05 0.000782918 1.3603e-05 0.24151 0.0458749 0.000743889 0.00185716 2.1302e-05 0.123994 0.134617 0.192115 3.97126e-07 
0.00324676 4.06213e-07 6.12715e-09 6.97692e-10 0.0806522 5.51375e-10 9.06686e-05 0.586528 1.55377e-09 0.00805452 2.85849e-06 9.92727e-10 0.0403335 5.06342e-09 6.73605e-06 8.18266e-09 0.000440904 6.12966e-10 5.25948e-05 3.22367e-06 3.75427e-09 1.1888e-06 2.99066e-06 0.280583 3.51109e-09 
0.0179313 0.00147856 9.09975e-08 4.00745e-09 0.00047736 0.00439575 0.00145382 0.00028692 8.92467e-09 0.01782 8.79875e-05 0.000531364 4.14792e-07 2.78217e-06 3.22063e-07 7.89848e-06 0.22405 2.08106e-06 2.05553e-06 0.000184875 0.565885 0.00444534 0.0170784 0.143877 1.49929e-06 
0.047314 0.133946 8.89745e-10 1.75178e-07 0.108743 0.00276354 0.00298885 0.0673037 1.59263e-07 0.0586026 0.00671647 0.000348101 0.0289869 0.000321408 5.86549e-07 2.37474e-05 0.144986 0.0089611 0.00420331 0.0597614 0.116755 0.00757567 0.0795264 0.120159 1.29582e-05 
0.0122368 0.00206491 2.03753e-10 2.32012e-11 0.0278277 0.000165813 0.00146286 0.01381 0.000701427 0.683646 0.008077 0.000636332 0.181061 1.65886e-05 3.96472e-05 0.00208428 0.0360303 0.000173631 0.00808253 0.00184914 0.000348849 0.00162879 0.000736051 0.0173197 1.16758e-10 
4.53703e-05 4.58663e-05 1.36664e-07 1.55618e-08 1.27705e-05 9.14832e-07 3.17289e-08 5.55421e-05 3.46565e-08 3.31381e-08 4.36165e-06 2.21425e-08 2.84478e-08 1.12938e-07 8.33402e-08 1.82512e-07 0.0232987 1.3672e-08 2.13845e-08 0.000434127 1.95332e-05 1.92305e-08 0.00254422 0.973538 7.83139e-08 
7.6155e-06 0.000262612 1.21981e-06 1.38898e-07 0.00140159 0.000134374 7.4759e-05 0.00480016 1.56237e-05 0.000687484 5.23346e-07 0.000134505 4.12261e-06 1.00804e-06 0.000462577 1.62008e-05 1.81618e-07 1.04245e-05 0.000400734 2.42116e-07 7.92828e-06 8.04462e-06 0.00107989 0.99046 2.79912e-05 
0.0119434 0.00222386 1.47812e-10 1.68312e-11 0.00678739 0.000161531 0.00122099 0.0112962 1.06112e-06 0.72921 0.00792377 0.000630281 0.165376 3.29218e-07 3.89923e-07 0.00182089 0.0375274 0.000168579 0.00826096 0.00176992 2.84173e-05 0.00156095 4.53277e-07 0.0120878 8.47019e-11 
0.0336556 0.000117321 1.88783e-05 2.77887e-06 0.136169 0.00135185 0.00261033 0.0408004 0.00307618 3.00646e-06 6.72138e-10 0.00105211 0.013072 0.000130349 5.16422e-06 0.00348036 0.139689 0.00050473 0.00814247 0.0014776 8.57171e-05 0.0353486 0.0983826 0.480754 7.03396e-05 
2.88516e-07 0.00111058 9.39771e-07 2.82615e-10 0.0414459 0.000524599 0.000921105 0.0295626 3.57223e-07 1.3325e-06 0.00447625 2.86637e-05 6.07483e-07 2.05105e-09 0.0103262 2.8981e-05 3.3433e-07 3.53579e-05 4.0248e-05 6.46039e-07 5.20688e-07 0.00102562 0.00170262 0.908766 1.42224e-09 
0.0493537 1.6554e-06 2.00982e-06 2.28856e-07 0.00140217 1.80861e-07 4.66612e-07 2.46713e-07 5.09666e-07 0.743174 8.6229e-07 5.71706e-05 0.00150975 0.000141855 1.22562e-06 2.68406e-06 0.00106247 2.01064e-07 0.000212677 3.98922e-07 1.23147e-06 0.00106995 0.000195919 0.201807 1.1517e-06 
2.97324e-11 2.42613e-06 3.87521e-10 4.41266e-11 0.0328757 6.55638e-07 7.91821e-07 0.0848989 9.82708e-11 1.76664e-06 8.52943e-06 2.26095e-07 8.06656e-11 3.20244e-10 0.0768093 1.39784e-06 5.76982e-11 1.04712e-07 3.51756e-07 7.69178e-11 6.88826e-07 5.45295e-11 1.70762e-11 0.805399 2.22064e-10 
9.14404e-05 7.5025e-07 2.6861e-10 3.05863e-11 0.00905977 2.02728e-07 6.89814e-05 0.024308 3.78017e-07 0.0047925 1.15244e-10 0.000248576 1.12953e-06 1.54179e-07 0.00281082 4.32392e-07 3.46771e-07 3.23905e-08 1.5378e-05 5.33155e-11 0.000595311 3.7797e-11 2.28849e-07 0.957906 9.92672e-05 
3.69098e-06 7.92186e-08 9.61791e-08 1.09518e-08 0.0715079 9.54906e-06 0.00732373 0.0222452 3.86203e-06 2.33213e-08 0.816179 1.5583e-08 0.0444084 0.0173804 5.86516e-08 0.000141069 9.95722e-06 0.00143457 1.50496e-08 0.0193171 5.89316e-08 2.21576e-05 3.65399e-06 9.25269e-06 5.51143e-08 
9.17552e-07 7.4693e-07 1.56325e-10 1.78006e-11 0.108936 1.5757e-07 1.07796e-06 0.0846089 1.42716e-06 0.113099 2.26032e-06 0.000601906 0.0600556 1.29186e-10 0.00770933 0.00269058 0.0270268 1.73608e-07 1.44566e-06 8.53316e-07 1.51349e-06 6.70933e-07 0.0246911 0.570569 8.95805e-11 
0.0119434 0.00222386 1.47812e-10 1.68312e-11 0.00678739 0.000161531 0.00122099 0.0112962 1.06112e-06 0.72921 0.00792377 0.000630281 0.165376 3.29218e-07 3.89923e-07 0.00182089 0.0375274 0.000168579 0.00826096 0.00176992 2.84173e-05 0.00156095 4.53277e-07 0.0120878 8.47019e-11 
2.05894e-05 0.0021759 4.91798e-07 5.60005e-08 0.0143312 4.42563e-08 0.00265218 0.0147366 1.79152e-05 9.10507e-05 2.11001e-07 2.84333e-05 0.000838753 4.06417e-07 0.00366406 6.56785e-07 0.000186191 4.92e-08 6.15505e-05 9.76154e-08 5.50103e-05 0.00512241 0.00013516 0.955881 2.81819e-07 
1.04031e-06 4.57688e-10 5.55678e-10 6.32744e-11 6.94e-06 4.86051e-06 1.2901e-10 1.04774e-05 2.17993e-05 2.68146e-06 2.38408e-10 0.000135363 1.15669e-10 4.59207e-10 0.605751 7.42095e-10 1.91953e-06 3.61395e-07 6.09515e-08 7.98545e-06 3.40479e-10 2.28327e-06 2.72777e-06 0.39405 6.37169e-07 
0.000988408 4.50282e-11 1.82653e-09 6.22505e-12 0.58557 0.00240152 0.33445 0.00247493 0.00273724 2.42597e-07 0.00719644 8.85746e-12 0.0570594 7.36178e-09 4.19991e-06 1.84952e-09 0.00179371 0.00100297 6.5776e-05 1.29351e-07 3.34969e-11 3.04872e-06 0.000459096 0.00379355 3.13272e-11 
0.0119434 0.00222386 1.47812e-10 1.68312e-11 0.00678739 0.000161531 0.00122099 0.0112962 1.06112e-06 0.72921 0.00792377 0.000630281 0.165376 3.29218e-07 3.89923e-07 0.00182089 0.0375274 0.000168579 0.00826096 0.00176992 2.84173e-05 0.00156095 4.53277e-07 0.0120878 8.47019e-11 
1.47699e-06 4.52897e-09 5.49861e-09 6.2612e-10 0.187636 4.25588e-06 2.71927e-05 2.11949e-05 1.39438e-09 1.06677e-05 2.35912e-09 9.8087e-07 1.14458e-09 4.544e-09 4.02411e-05 8.08493e-06 8.18691e-10 3.08103e-06 8.60391e-10 1.0914e-09 3.40283e-07 2.55407e-06 8.23836e-06 0.812235 3.15091e-09 
0.0119434 0.00222386 1.47812e-10 1.68312e-11 0.00678739 0.000161531 0.00122099 0.0112962 1.06112e-06 0.72921 0.00792377 0.000630281 0.165376 3.29218e-07 3.89923e-07 0.00182089 0.0375274 0.000168579 0.00826096 0.00176992 2.84173e-05 0.00156095 4.53277e-07 0.0120878 8.47019e-11 
6.21319e-06 4.47625e-06 5.4346e-06 6.18832e-07 0.0407616 8.08713e-06 0.00100455 6.67118e-07 1.37815e-06 1.31777e-06 2.33166e-06 1.52806e-05 1.13126e-06 4.4911e-06 0.957113 7.25778e-06 0.000402946 5.43683e-07 7.45577e-05 1.0787e-06 8.22935e-05 7.64722e-07 1.06179e-05 0.000486069 3.11424e-06 
0.00423767 4.03967e-07 9.97087e-08 2.30293e-10 0.0428859 1.56463e-06 4.69544e-10 0.889141 5.12868e-10 3.00615e-06 0.0025811 3.27679e-10 1.27537e-06 1.67133e-09 1.23332e-09 2.70093e-09 6.4954e-06 2.02327e-10 0.00171461 0.00227054 1.23921e-09 9.07506e-07 5.60458e-07 0.0571544 6.46862e-07 
0.0119434 0.00222386 1.47812e-10 1.68312e-11 0.00678739 0.000161531 0.00122099 0.0112962 1.06112e-06 0.72921 0.00792377 0.000630281 0.165376 3.29218e-07 3.89923e-07 0.00182089 0.0375274 0.000168579 0.00826096 0.00176992 2.84173e-05 0.00156095 4.53277e-07 0.0120878 8.47019e-11 
0.000793289 0.000472879 5.23619e-11 5.96239e-12 0.0549877 1.07133e-08 0.0012039 5.3484e-05 1.32784e-11 0.00583389 9.31467e-09 0.000480327 2.8993e-08 4.32714e-11 2.77461e-08 7.64488e-06 1.61015e-05 0.0622875 0.000224272 0.000132671 8.68472e-08 3.65728e-08 8.14598e-05 0.872891 0.000533812 
0.0119434 0.00222386 1.47812e-10 1.68312e-11 0.00678739 0.000161531 0.00122099 0.0112962 1.06112e-06 0.72921 0.00792377 0.000630281 0.165376 3.29218e-07 3.89923e-07 0.00182089 0.0375274 0.000168579 0.00826096 0.00176992 2.84173e-05 0.00156095 4.53277e-07 0.0120878 8.47019e-11 
0.0104707 0.000145945 4.53365e-05 4.44732e-06 0.0276047 0.0222894 7.1828e-05 0.0177165 0.00127345 0.00645504 0.00318397 0.000570304 0.000823011 5.8716e-06 3.19353e-05 4.33468e-05 0.171365 9.86965e-05 0.00787998 1.44061e-09 0.000480002 0.0307633 0.068693 0.62977 0.000214285 
0.00670026 2.21339e-07 6.66703e-10 7.59167e-11 0.361986 0.000130628 0.00299746 0.531696 0.0109031 0.000278295 0.000298783 0.000147183 0.00125112 1.48233e-07 3.12452e-07 8.90366e-10 0.00353175 0.000776038 3.56656e-05 8.78038e-07 1.08676e-07 0.0135816 0.0109857 0.0546992 3.82046e-10 
1.63573e-08 0.0012133 3.64115e-09 4.14614e-10 3.9706e-07 3.27663e-10 0.00125207 0.0015099 9.23354e-10 1.08488e-06 2.46643e-06 0.000285765 1.7524e-07 5.22529e-07 2.13204e-06 4.86267e-09 5.42133e-10 1.0179e-07 8.64034e-07 1.40935e-06 6.87026e-07 5.12359e-10 2.67947e-07 0.995728 3.62335e-07 
1.29882e-07 1.39432e-06 1.69284e-06 1.92761e-07 0.988245 0.00181295 3.9302e-07 0.00164184 4.29283e-07 4.10475e-07 7.26293e-07 2.74275e-07 3.52377e-07 1.39894e-06 0.0024786 2.26074e-06 0.00221827 1.69353e-07 2.64885e-07 3.36005e-07 1.03725e-06 2.38205e-07 0.000343212 0.00324772 9.7006e-07 
1.5124e-05 0.000168032 4.30386e-09 4.90075e-10 2.19753e-10 1.93688e-06 1.79958e-06 2.8006e-06 1.09141e-09 3.08913e-05 1.84652e-09 7.18305e-06 8.95882e-10 3.55667e-09 9.1886e-06 5.7477e-09 6.40804e-10 2.06713e-06 0.00792487 8.54259e-10 2.63709e-09 6.05611e-10 1.57428e-06 0.991829 5.18165e-06 
0.0119434 0.00222386 1.47812e-10 1.68312e-11 0.00678739 0.000161531 0.00122099 0.0112962 1.06112e-06 0.72921 0.00792377 0.000630281 0.165376 3.29218e-07 3.89923e-07 0.00182089 0.0375274 0.000168579 0.00826096 0.00176992 2.84173e-05 0.00156095 4.53277e-07 0.0120878 8.47019e-11 
3.13687e-05 0.000504702 2.14502e-07 2.44251e-08 0.177615 8.6241e-05 3.15547e-06 2.6331e-08 4.63546e-05 5.48647e-05 0.00010733 3.47538e-08 4.46503e-08 1.77262e-07 0.00243373 2.86462e-07 3.19373e-08 2.1459e-08 0.000153763 4.25758e-08 0.000170603 5.27874e-05 9.45208e-09 0.818739 1.22918e-07 
0.0119434 0.00222386 1.47812e-10 1.68312e-11 0.00678739 0.000161531 0.00122099 0.0112962 1.06112e-06 0.72921 0.00792377 0.000630281 0.165376 3.29218e-07 3.89923e-07 0.00182089 0.0375274 0.000168579 0.00826096 0.00176992 2.84173e-05 0.00156095 4.53277e-07 0.0120878 8.47019e-11 
0.00596522 7.00586e-06 3.63523e-07 1.1897e-08 0.0242725 0.000126331 7.9676e-06 0.00115882 3.11393e-06 2.7748e-05 3.26087e-05 8.28017e-05 1.11296e-05 8.63409e-08 7.96214e-06 3.70125e-05 0.00115016 0.0585348 0.00634363 3.71835e-06 6.40175e-08 1.87869e-05 0.00189409 0.900186 0.000128347 
0.000135347 0.000529508 5.58503e-05 6.3596e-06 1.75973e-05 0.00143437 7.25649e-05 0.00141143 4.24036e-05 0.000563681 2.39619e-05 7.5412e-05 4.14865e-05 0.000136625 0.00086857 0.000160292 0.00269642 2.88135e-05 0.000234387 1.14602e-05 0.000190354 0.00639346 0.00153953 0.983298 3.20043e-05 
6.18642e-06 5.37787e-09 6.52926e-09 7.43479e-10 8.73357e-05 1.80753e-06 0.00437609 1.43746e-06 2.35809e-05 3.53225e-07 0.000157205 1.81798e-07 0.994712 4.246e-06 3.44119e-07 8.71967e-09 9.72145e-10 1.76392e-06 1.27807e-06 1.29597e-09 4.00065e-09 1.25669e-06 2.42634e-08 1.69837e-05 0.000607899 
