0.0356774 6.31779e-06 1.8403e-11 1.48156e-07 0.474589 0.0565977 0.119081 0.131913 0.0118491 3.50296e-07 0.00936876 2.98167e-12 9.1593e-07 1.5208e-11 6.7447e-09 8.36542e-05 0.119782 0.0054477 0.0069289 4.27375e-07 2.94079e-06 8.24775e-07 0.00342805 0.0252419 1.17067e-07 
0.0220596 5.15868e-05 3.62142e-06 0.0502425 0.642351 0.0244124 0.00251275 0.0359976 0.014911 0.000530838 0.0200493 6.15538e-06 0.00626594 8.47844e-05 0.00358526 9.72537e-06 0.00898795 0.0582802 0.00196734 0.0175086 1.00414e-08 0.00592698 0.0234555 0.0606579 0.000140942 
0.00881478 8.35548e-05 1.80082e-07 0.0141807 0.430053 0.109997 0.0205407 0.130199 0.0207041 0.0020478 0.0150803 8.03416e-05 0.0124088 5.50194e-05 0.000303672 1.71741e-05 0.0646888 0.0322187 0.00690098 0.00599666 1.75087e-06 0.0212015 0.0834326 0.0208568 0.000136101 
0.0601961 0.000311525 6.91716e-08 0.00010253 0.590562 0.0236073 0.189522 0.00366 0.00971877 0.0125042 0.00511216 0.00200814 0.00949633 0.000210782 2.39566e-05 0.000106966 0.0172811 0.00609894 0.0242127 0.000253572 5.68263e-06 0.0247201 0.0108593 0.00808833 0.00133778 
0.0407579 2.28024e-05 1.9795e-06 0.0213574 0.230975 0.150385 0.00650304 0.0594173 0.138269 0.00780558 0.00431218 0.000100427 0.00288838 5.62631e-06 0.000374895 2.45459e-05 0.0207064 0.00052163 0.025641 0.0317377 1.85905e-06 0.0635821 0.114985 0.0795513 7.22305e-05 
5.82915e-08 1.89623e-11 2.3022e-11 0.000820304 0.719009 9.64949e-05 0.150847 0.000686994 2.5046e-07 4.28728e-07 9.87735e-12 5.67383e-05 1.92173e-07 6.08997e-08 0.124688 3.07454e-11 4.76493e-08 0.000414915 0.000755303 4.56957e-12 1.97628e-08 0.00214958 1.18593e-07 0.000474543 1.31925e-11 
0.0159676 0.0112745 6.69084e-09 0.0009966 0.485679 0.033665 0.0944936 0.0389561 0.00108056 0.00416095 0.068411 5.15917e-05 0.00257688 1.11774e-06 1.88904e-05 5.85257e-05 0.010912 0.03814 0.0176209 0.000100903 1.90344e-05 0.0691491 0.0816337 0.0249729 5.93896e-05 
0.00775508 9.1608e-05 0.0122774 0.0194021 0.557918 0.0412666 0.0193978 0.0422056 0.049303 0.000998484 0.0120578 6.03488e-06 0.0248015 0.000226434 0.00392424 0.00106018 0.035716 0.0415292 0.00968015 0.0612776 1.30593e-05 0.0116485 0.0426174 0.00469793 0.000128379 
0.0243345 0.00318965 0.00746815 0.0192318 0.298936 0.0633959 0.0728028 0.0855891 0.0154537 0.00859743 0.015927 0.0066676 0.0127476 0.00307525 0.0151169 3.56857e-05 0.00901577 0.0786069 0.0443991 0.0131832 2.72049e-05 0.0115357 0.0904953 0.0775832 0.022585 
0.00193062 4.33612e-06 1.05722e-10 0.00119788 0.689785 0.0155743 0.186327 0.0374172 0.0217156 0.0155326 5.54021e-05 6.1401e-06 0.000188783 0.000134308 8.5844e-05 0.000118096 0.00233764 0.00844146 0.0023129 0.00125345 1.17007e-07 0.000979073 0.0055229 0.00904227 3.67483e-05 
0.0253397 0.000221735 3.93692e-07 0.0491047 0.43696 0.0470326 0.00109381 0.0563133 0.0315487 0.000112654 0.00608926 4.01807e-06 1.80712e-05 3.25343e-07 0.0107804 1.07463e-05 0.00806228 0.00049304 0.00985779 0.00607228 1.71209e-05 0.000672981 0.0605877 0.249597 1.00843e-05 
0.00352625 2.02613e-05 2.61989e-07 0.0135102 0.510046 0.0506476 0.0374695 0.0640258 0.0513693 0.000255622 0.0285516 2.02841e-06 0.000494563 0.000711892 0.000236991 1.11978e-06 0.00409619 0.109446 0.00210531 0.00214664 6.38125e-08 0.0165541 0.101119 0.00362877 3.4995e-05 
5.84378e-08 4.80688e-08 2.50462e-12 4.03273e-08 0.709585 2.14864e-06 0.181553 0.00330941 0.00154807 0.00111514 1.33259e-08 1.11194e-08 2.34615e-08 7.82716e-05 0.000723693 4.41554e-08 5.06048e-08 0.0680717 0.0024238 8.05363e-08 7.21437e-09 0.00162992 8.84371e-07 0.0294936 0.000465522 
0.0240264 0.00111016 7.00122e-07 0.0570609 0.345219 0.0486748 0.0350218 0.0718242 0.00940725 0.00463792 0.0116693 1.48609e-05 0.00912383 1.03137e-06 0.00089042 1.18252e-05 0.00775767 0.0897288 0.0705111 0.0273684 4.54807e-06 0.0346245 0.145069 0.00609624 0.000145531 
0.0107299 0.000275567 0.0260377 0.0655598 0.220532 0.00428889 0.0106987 0.154021 0.0325294 0.0093359 0.0935888 2.80736e-05 0.0127579 0.000128653 0.00316088 5.8263e-08 0.0112995 0.0369842 0.00540315 0.0460651 2.9102e-10 0.130288 0.0710438 0.0552009 4.20973e-05 
0.0128903 0.000560923 2.02859e-05 0.018005 0.635919 0.0136211 0.0389157 0.0254559 0.0772763 0.0155803 0.00150845 5.75262e-05 0.000884941 0.000285754 0.00147788 0.000665831 0.00756666 0.0407044 0.00647975 0.00605142 6.71713e-05 0.00967294 0.0475811 0.0378583 0.000892787 
0.0310843 0.000242611 7.2913e-07 0.0556739 0.490234 0.0438773 0.0175872 0.115889 0.047094 0.00902638 0.00558498 2.65683e-05 0.000375591 0.00170156 0.00385329 0.000101411 0.0123514 0.0714729 0.00448258 0.00182963 4.23148e-05 0.0137322 0.0573339 0.0151171 0.00128436 
0.0016527 3.35423e-08 2.62106e-06 2.41233e-06 0.947281 0.00128385 0.00110785 0.00384953 0.00522132 1.80915e-10 6.48437e-08 1.30753e-08 5.86078e-05 6.16579e-10 0.000355115 9.96414e-10 0.00116202 0.0375656 1.32855e-06 1.22165e-06 4.57163e-10 0.000454981 2.3454e-08 1.10101e-10 4.2755e-10 
0.0493465 0.031588 1.09256e-07 0.00694805 0.235866 0.0181237 0.0331519 0.0977218 0.0166961 0.0370575 0.00015189 0.000424529 0.0198232 1.73565e-05 0.0371626 0.000532198 0.0092461 0.0109298 0.010421 0.000618901 0.000140224 0.0408491 0.121472 0.221525 0.000186633 
0.0308359 1.85705e-05 0.00112227 0.118811 0.33943 0.0356796 0.0314383 0.0464259 0.021813 0.00807128 0.0597487 0.00152121 0.00511985 0.000966413 0.00321135 3.83945e-05 0.00874184 0.0251575 0.0127254 0.0273346 5.08674e-06 0.0345624 0.128414 0.056542 0.00226488 
0.000450559 1.21857e-05 2.65017e-08 0.000556808 0.481183 0.000166193 0.0196035 0.0973502 0.221311 8.63082e-06 4.36678e-05 8.64311e-07 9.74384e-06 3.20179e-05 0.0812977 3.45042e-06 7.11451e-06 0.0921022 9.9555e-05 8.46585e-06 9.10254e-06 0.000267368 0.00299159 0.00234093 0.000143992 
0.0232185 3.67251e-06 0.00012743 0.0171324 0.378958 0.0799961 0.158673 0.0217284 0.0167679 0.0123634 0.00205409 0.00265454 0.00693437 0.0185673 0.000120996 0.000241599 0.0128927 0.0939055 0.0531833 0.00774764 1.9336e-05 0.0560126 0.0348833 0.00130291 0.000510472 
0.00774245 3.05528e-05 1.74442e-08 0.0107232 0.474155 0.0551081 0.0411111 0.0182473 0.00726961 0.0130859 0.009306 3.6904e-05 0.0020189 0.0033526 0.0058838 6.59027e-05 0.000666168 0.244863 0.00273483 0.00577428 3.98374e-06 0.0205888 0.0663455 0.00686809 0.00401796 
0.0404172 0.00194361 8.9497e-05 0.0244959 0.356022 0.0203672 0.0233885 0.0860281 0.0158466 0.018326 0.00692326 0.000558965 0.00588883 0.00260257 0.00725744 0.000155796 0.0235594 0.0538523 0.00904475 0.00663754 0.000732183 0.0179977 0.102114 0.172083 0.00366719 
0.00589723 3.16044e-06 2.2999e-08 1.40737e-05 0.723899 2.45875e-06 0.149647 0.0433675 0.00143599 0.00500098 0.000914277 5.34067e-06 2.49054e-05 3.07957e-06 1.75628e-05 3.07146e-08 1.0337e-05 0.00175567 6.3916e-05 2.08361e-05 1.40921e-08 0.00555314 0.00290726 0.0594559 1.31793e-08 
0.00420059 0.00100566 2.00925e-05 0.00281115 0.423461 0.0579408 0.0101568 0.00139469 0.000820098 0.130485 0.000427746 0.000404042 0.00224576 3.72275e-06 0.000218589 2.15152e-06 0.00267537 0.0456484 0.00066241 0.000227386 8.15404e-06 0.0125232 0.0314299 0.271174 5.41477e-05 
0.0020555 0.0315381 1.71891e-09 0.00174816 0.622418 0.00780133 0.17982 0.00443497 0.0531915 0.00717606 9.53436e-05 0.000166968 7.87987e-05 1.6526e-06 2.70288e-05 0.00261371 0.00155419 0.0391797 0.00438225 9.47565e-07 0.000200315 0.00604889 0.0087728 0.0265823 0.000111615 
0.138264 6.61077e-05 1.7293e-10 0.205252 0.228861 0.0272279 0.0148372 0.0570449 0.00550968 0.0448975 0.00493557 0.00474025 0.00360268 0.0145639 0.0251623 6.1331e-05 0.0376876 0.002211 0.0267285 0.0519999 0.000171094 0.025456 0.0512341 0.0283397 0.00114597 
0.00289692 0.0478144 9.87412e-11 0.00102869 0.647146 0.00152817 0.0385403 0.0256719 0.0430788 0.0213984 0.000446987 7.90018e-05 5.89814e-05 0.000970464 6.0214e-11 2.79749e-06 0.00103013 0.000497582 0.0572027 0.00260713 5.94323e-05 0.0116662 0.0837637 0.0116811 0.000830085 
0.00484395 7.99094e-09 2.77191e-11 0.001051 0.777871 0.00764431 0.117106 0.00142418 0.000267564 6.66041e-05 0.0014121 8.5864e-06 1.46445e-06 1.4415e-06 0.000110288 6.39918e-07 0.000481373 0.0392646 0.000604071 0.000514421 8.26174e-08 0.00217026 0.00377905 0.00142587 0.0399519 
4.6336e-06 3.66953e-05 9.32596e-09 0.0230621 0.476668 0.00655183 3.26197e-06 0.0570489 0.0228646 0.000148022 0.00115807 0.000266558 1.18048e-06 1.19358e-05 0.0069329 1.52476e-07 0.0102008 3.34298e-06 0.235477 2.44538e-06 1.28846e-07 0.0028041 4.15005e-06 0.156749 4.53986e-08 
0.00581698 1.67923e-05 3.1479e-08 0.00619621 0.645724 0.0357108 0.0316968 0.0080032 0.103167 0.000497099 0.00169683 3.81794e-06 0.00158077 7.86304e-06 0.00946484 0.000275948 0.0130818 0.00826568 0.00239221 0.000798567 1.14295e-06 0.00740657 0.103949 0.0128715 0.0013738 
0.00509306 6.98307e-10 8.47812e-10 0.00928051 0.573725 0.00625088 0.000214189 0.124398 0.186888 0.000656923 0.00062058 1.04894e-05 0.00524925 8.7977e-06 0.00291385 2.10091e-05 0.000771292 0.000106697 0.00242323 0.00824714 1.15294e-08 0.0718742 0.00056764 0.000658506 2.13246e-05 
0.052282 5.5803e-06 2.01804e-05 0.00314454 0.181127 0.0696608 0.108128 0.00824718 0.00455891 0.00689542 0.0110082 0.000429217 0.00979357 0.00543061 0.000117542 9.78606e-06 0.06938 0.167678 0.0546956 0.00134365 1.27048e-06 0.168264 0.0763516 0.00138077 4.82564e-05 
0.000774459 8.50274e-09 1.2761e-11 0.000185506 0.505574 0.0187967 0.117698 1.15957e-06 0.000733224 0.0102701 1.6998e-06 2.49643e-05 4.14765e-09 0.000242217 1.36081e-08 9.90052e-08 8.0245e-05 0.329138 5.36775e-05 0.000135012 5.54792e-07 0.000431971 0.0148432 0.000991149 2.3713e-05 
0.00114144 1.48632e-06 1.8901e-08 0.000691658 0.616752 0.00209969 0.00523758 0.0168935 0.000949653 0.0101462 0.000792229 2.26689e-05 3.29542e-06 0.000144111 0.039902 0.000108222 0.00211308 0.273508 0.000489012 0.000129297 0.0148711 0.000313979 0.000948715 0.0127364 4.96028e-06 
0.029691 0.00038587 9.79859e-12 0.00170709 0.527092 0.00169448 0.00487646 0.00863118 0.00311461 0.0122217 0.0023778 2.67658e-06 0.000326861 2.46487e-05 0.000438236 1.03187e-08 4.85413e-05 0.293872 0.000868271 0.00199462 1.58408e-05 0.00165119 0.0248504 0.0572488 0.0268651 
0.00740527 6.54504e-05 2.51948e-05 0.00515416 0.753836 0.0137407 0.00151805 0.0869273 0.00429971 0.0232315 0.00861452 9.79854e-07 0.000124446 0.00141915 0.000118316 0.00161524 0.00169466 0.00661338 0.000677625 0.0420248 3.78526e-07 0.0102699 0.0189571 0.0103827 0.00128371 
0.0226437 5.15126e-05 0.000200317 0.00277247 0.71752 0.0341891 0.0600117 0.0131135 0.00793966 0.0119986 6.04862e-05 0.000230929 0.000390279 1.6077e-05 0.000341858 5.67937e-06 0.0021856 0.0158188 0.00282357 0.00174788 1.10374e-06 0.0170258 0.0581439 0.0304848 0.000282403 
0.0614488 2.6377e-11 1.12116e-07 0.00238486 0.416 1.27379e-07 0.00759656 7.90159e-05 0.00104178 0.00597962 0.00148473 0.000421828 6.33346e-08 2.31038e-06 5.78075e-07 4.27675e-11 0.076572 0.214661 8.06265e-07 0.00138119 1.96221e-11 0.00279626 0.143225 0.0649234 3.12152e-08 
5.82915e-08 1.89623e-11 2.3022e-11 0.000820304 0.719009 9.64949e-05 0.150847 0.000686994 2.5046e-07 4.28728e-07 9.87735e-12 5.67383e-05 1.92173e-07 6.08997e-08 0.124688 3.07454e-11 4.76493e-08 0.000414915 0.000755303 4.56957e-12 1.97628e-08 0.00214958 1.18593e-07 0.000474543 1.31925e-11 
0.00103148 6.31473e-08 2.11517e-09 0.0309834 0.599001 0.0244443 0.0862877 0.0219032 0.0416518 1.05956e-07 0.00102924 7.02701e-08 2.57446e-05 3.38682e-11 0.00628814 2.40759e-05 0.00158521 0.0296011 0.00035213 0.00113657 3.02196e-09 0.0229656 0.0388028 0.0924759 0.000410541 
0.0086152 4.36682e-05 1.58729e-06 0.00389319 0.456034 0.0391582 0.0226135 0.0542923 0.011034 0.00362993 0.00335226 0.00266361 0.00525632 0.00334508 0.000634317 6.12467e-05 0.0125601 0.188863 0.0934932 0.00373538 1.48205e-05 0.0234626 0.037472 0.0184159 0.00735507 
0.0118701 0.000117107 4.05233e-05 0.0205552 0.511211 0.026809 0.00491412 0.0276729 0.00356868 0.00250388 0.00181208 6.79042e-06 0.00171933 0.00398045 0.123304 0.00191451 0.00348281 0.200691 0.00185337 0.00332005 2.30935e-06 0.00604972 0.0209492 0.0209768 0.000675107 
0.00264802 7.68811e-06 1.52215e-05 0.000947308 0.937846 0.00615285 0.0123148 0.00333454 0.00152378 0.000567731 0.00030392 2.35014e-05 9.54167e-05 2.72266e-05 0.000221272 3.5564e-06 0.000205428 0.000422143 0.00212171 0.000723074 5.17805e-07 0.0156833 0.0113112 0.00337531 0.000124737 
0.0713042 0.00557675 4.73783e-07 0.0791706 0.538844 0.00229637 0.0181144 0.0258399 0.00203241 0.00279624 0.00031267 2.34585e-05 0.00153602 8.25243e-06 0.000521034 0.000307957 0.0218879 0.00947259 0.00491535 0.0157882 0.00109149 0.0693042 0.0973638 0.0314 9.21617e-05 
0.00264802 7.68811e-06 1.52215e-05 0.000947308 0.937846 0.00615285 0.0123148 0.00333454 0.00152378 0.000567731 0.00030392 2.35014e-05 9.54167e-05 2.72266e-05 0.000221272 3.5564e-06 0.000205428 0.000422143 0.00212171 0.000723074 5.17805e-07 0.0156833 0.0113112 0.00337531 0.000124737 
0.0690146 0.139012 5.33577e-07 0.0224409 0.297551 0.0221271 0.049801 0.0722929 0.00332995 0.00859008 5.23016e-08 0.000468677 0.00853018 4.65397e-08 4.23261e-06 7.32049e-08 0.0146968 0.100006 0.00434357 0.0150303 0.000197014 0.035261 0.122929 0.00570413 0.00866931 
0.0119769 1.91859e-06 1.71874e-09 0.00278939 0.406363 0.0780808 0.00753055 0.00515316 0.00465163 0.00190224 0.0294118 4.16498e-05 0.075138 0.000183199 0.0183893 1.39006e-06 0.0314992 0.077844 0.000604949 0.114266 3.86382e-06 0.0333908 0.0944867 0.00483399 0.0014556 
2.75074e-08 1.12501e-11 1.36587e-11 0.000276184 0.900748 3.21756e-05 0.0502825 0.00473461 0.00103775 2.02313e-07 5.86013e-12 1.89184e-05 9.06849e-08 2.87402e-08 0.0415636 1.82409e-11 2.16682e-08 0.000138314 0.000251792 1.215e-10 9.32756e-09 0.000716556 4.11357e-05 0.000158195 7.82698e-12 
0.00273064 1.19142e-05 1.20859e-07 0.000949168 0.717925 0.00183839 0.00186608 0.00779928 0.0632867 0.0546176 0.00105688 4.55396e-06 0.000119876 1.13759e-07 9.10787e-06 3.09864e-06 0.000295757 0.0550668 0.000139887 0.00635923 6.22443e-08 0.000370208 0.0799622 0.00486662 0.000721119 
0.000774459 8.50274e-09 1.2761e-11 0.000185506 0.505574 0.0187967 0.117698 1.15957e-06 0.000733224 0.0102701 1.6998e-06 2.49643e-05 4.14765e-09 0.000242217 1.36081e-08 9.90052e-08 8.0245e-05 0.329138 5.36775e-05 0.000135012 5.54792e-07 0.000431971 0.0148432 0.000991149 2.3713e-05 
0.0141481 0.000615888 3.70548e-06 0.0239799 0.510131 0.0487131 0.0988422 0.0576356 0.0484286 0.00639382 0.00593929 0.00203673 0.00522766 0.00210358 0.00550659 0.000192969 0.00876859 0.0459036 0.0122989 0.00478381 1.86415e-05 0.0177479 0.0443485 0.0334928 0.00273806 
0.00281844 8.52323e-08 7.13574e-10 6.53133e-07 0.893892 0.00155822 0.00299496 0.00445542 0.00145178 0.000871349 3.82635e-07 6.89068e-08 0.000789168 1.95611e-07 6.87822e-06 1.06464e-05 0.000749088 0.00416963 0.0314418 8.88597e-08 2.37759e-06 6.10757e-07 0.0289242 0.0258573 4.4553e-06 
0.00105838 7.58377e-05 1.90187e-10 0.00130138 0.674608 0.0476089 0.0381814 0.0108357 0.00348065 0.000741024 9.34155e-05 4.8706e-05 4.36075e-06 2.10671e-07 7.23726e-06 7.45875e-05 0.00156468 0.156721 0.0057142 0.00816988 2.36415e-08 0.00348174 0.025058 0.0206315 0.000539285 
0.0381142 2.26728e-05 0.00540456 0.047706 0.242781 0.0403492 0.00974715 0.137879 0.0262344 0.00643842 0.00426851 0.000819185 0.0051203 0.000157349 0.0114167 0.000142539 0.02666 0.0287343 0.0214441 0.0385094 3.28985e-05 0.00700532 0.206829 0.0931936 0.000989716 
0.0495001 7.64053e-07 4.91657e-08 0.0787444 0.623576 0.0131683 0.00202393 0.0257241 0.00919442 0.00694883 7.04182e-05 9.84852e-06 0.0111206 0.00671736 3.75822e-06 2.80731e-06 0.000717944 0.00723756 0.00394382 0.0521652 1.12082e-07 0.0484356 0.0602311 0.000460148 2.74585e-06 
2.34133e-06 2.33756e-06 0.000236003 0.0435476 0.709465 2.34127e-06 0.00749207 0.0854523 0.0437685 2.34049e-06 0.0514724 2.3409e-06 0.000236407 2.33755e-06 0.000236202 2.33497e-06 0.0199005 0.0210732 2.34093e-06 0.0161533 2.33862e-06 0.000938744 2.34148e-06 2.34097e-06 2.33883e-06 
0.00490801 0.000240709 2.26891e-06 0.00430015 0.663389 0.0269517 0.0413032 0.0493734 0.0839165 0.00449566 0.0010089 0.000103437 0.00128852 0.00095771 0.00200583 0.00097849 0.00579056 0.0407124 0.00318799 0.00225259 2.71453e-06 0.0382847 0.0128747 0.0101956 0.0014748 
0.00316768 1.9527e-07 1.90667e-09 0.0104538 0.370476 0.00170233 0.00851557 0.154217 0.0358873 0.00232463 7.00716e-05 9.31931e-05 0.000511874 4.60637e-08 0.000388858 1.72822e-07 0.0100198 0.00939445 1.99936e-05 0.000110424 1.16827e-09 0.0047369 0.0475797 0.34033 2.71623e-09 
0.0248015 5.25893e-05 5.71595e-10 0.00777665 0.634869 0.041473 0.0240325 0.0758544 0.0095837 0.00674719 0.0686869 6.7522e-08 0.0163401 1.05185e-05 3.48568e-10 1.95208e-05 0.0114812 0.0345556 0.00821767 0.0163537 3.76952e-06 0.00510034 0.0137103 0.000330148 1.48424e-07 
0.00264802 7.68811e-06 1.52215e-05 0.000947308 0.937846 0.00615285 0.0123148 0.00333454 0.00152378 0.000567731 0.00030392 2.35014e-05 9.54167e-05 2.72266e-05 0.000221272 3.5564e-06 0.000205428 0.000422143 0.00212171 0.000723074 5.17805e-07 0.0156833 0.0113112 0.00337531 0.000124737 
0.0547116 2.06075e-07 4.32538e-09 0.018554 0.453475 0.012671 0.0455205 0.242072 0.0084929 0.00019233 0.00736771 1.32047e-06 0.00223112 4.07603e-05 2.44648e-06 5.77644e-09 0.0103848 0.00195652 0.00139681 0.000768254 1.21893e-07 0.0286297 0.108897 0.00235344 0.000280611 
0.0246129 0.0286986 3.41065e-11 0.0139819 0.632111 0.0250127 0.0339115 0.00251953 0.0484854 0.00404572 3.9853e-05 8.37545e-05 1.41686e-08 0.00278551 5.81031e-08 2.36344e-05 0.00139245 0.099185 0.00207517 0.000785282 1.10354e-05 0.00804796 0.0171731 0.0534923 0.00152574 
0.000921902 1.06757e-05 1.46673e-09 0.00183324 0.367407 0.0216468 0.298116 0.0083978 0.00231869 0.000206427 0.000561523 6.8152e-07 0.00357131 9.54256e-05 2.11526e-06 9.99906e-08 0.000755272 0.238155 0.00061573 0.0258304 2.56129e-10 0.00602249 0.0213265 0.00212674 7.90393e-05 
0.0267756 3.13249e-05 1.0315e-10 0.000959047 0.350101 0.343117 0.0337429 0.00716345 0.00297337 0.000560513 0.000411129 2.56349e-07 0.0006071 0.00826755 9.21802e-07 9.8652e-06 0.00321731 0.120091 0.0188301 3.37547e-05 3.40579e-08 0.0106108 0.0602856 0.0121937 1.64911e-05 
0.0332932 1.39764e-05 3.12944e-07 0.0079398 0.590145 0.00854445 0.0128252 0.0141875 0.00524509 0.00498035 0.0909047 5.70821e-05 0.0125594 0.000112045 0.00135245 1.74281e-05 0.0157065 0.00233849 0.0128467 0.00284085 5.57986e-08 0.00263266 0.132857 0.0265319 0.0220672 
0.0319952 1.0654e-05 2.21871e-08 0.000129435 0.600699 0.00587508 0.04235 0.00370344 3.49205e-05 0.0142486 0.0491917 1.17197e-05 0.000106896 1.83352e-08 0.0074932 1.8169e-06 0.0145647 0.110675 0.00646283 0.057635 0.000205103 6.44834e-06 0.0170136 0.0369225 0.000663327 
0.0186237 2.29206e-05 1.27053e-07 0.0266453 0.25657 0.0950896 0.000335422 0.140931 0.00673875 0.0564769 0.00175915 6.26712e-05 0.00303486 6.84547e-07 0.00733904 2.87793e-05 0.0946866 0.0255245 0.00661686 0.00177632 7.78488e-08 0.01494 0.215031 0.0277618 3.64116e-06 
0.0176206 9.9864e-05 2.35294e-06 0.0354768 0.734825 0.004601 0.0151868 0.00353948 0.100771 0.0167848 0.00119481 2.76446e-05 0.00022283 4.98395e-05 6.31466e-05 0.00039706 0.00262678 0.00834648 0.00170667 0.0127074 1.15333e-07 0.00716851 0.0276237 0.0084973 0.00045974 
5.84378e-08 4.80688e-08 2.50462e-12 4.03273e-08 0.709585 2.14864e-06 0.181553 0.00330941 0.00154807 0.00111514 1.33259e-08 1.11194e-08 2.34615e-08 7.82716e-05 0.000723693 4.41554e-08 5.06048e-08 0.0680717 0.0024238 8.05363e-08 7.21437e-09 0.00162992 8.84371e-07 0.0294936 0.000465522 
0.000568573 4.46213e-06 7.60622e-08 0.000276061 0.805753 0.0146405 0.00613531 0.0181004 0.00830682 0.0135126 1.10683e-05 4.72973e-05 7.24842e-07 4.64848e-05 0.00314385 5.64279e-06 5.82207e-06 0.114929 0.000527175 7.42285e-05 2.88028e-07 0.000887969 0.00973469 0.00324672 4.18004e-05 
0.00512872 8.39348e-07 2.61837e-09 0.0880017 0.427411 0.149279 0.0664833 0.057468 0.0128794 6.14095e-05 0.004384 1.07828e-05 0.0076646 8.90813e-11 0.00200315 1.60244e-05 0.0470509 0.017996 0.00231603 0.00893643 9.9674e-08 0.0303243 0.0460428 0.026424 0.000117576 
0.0210599 0.00135158 0.000314903 0.0218337 0.530643 0.0363439 0.0179448 0.0855403 0.0326051 0.0124273 0.0138227 0.000600056 0.0103319 0.000221819 0.0029263 0.000104134 0.0121552 0.0417665 0.0109584 0.00768029 7.51984e-05 0.036274 0.0711473 0.0288442 0.00302786 
0.0355395 0.0115181 7.50619e-09 0.00342623 0.453241 0.0241873 0.000492915 0.0222023 0.0345226 0.0428861 0.0109181 0.000152578 0.000779642 4.92651e-08 1.47195e-05 0.000250498 0.000796616 0.0428498 0.000944855 0.000118542 1.05606e-07 0.00936478 0.291873 0.0132778 0.000642242 
0.0148783 5.74102e-05 3.49595e-10 0.0241851 0.48385 0.0313342 0.0826423 0.0387011 0.00713015 0.000240654 0.000129772 0.0091073 0.0031186 0.000128324 2.30473e-05 1.36238e-06 0.0183799 0.203015 0.00228565 0.000330043 1.07836e-06 0.00507877 0.0712264 0.00411843 3.62889e-05 
0.0690146 0.139012 5.33577e-07 0.0224409 0.297551 0.0221271 0.049801 0.0722929 0.00332995 0.00859008 5.23016e-08 0.000468677 0.00853018 4.65397e-08 4.23261e-06 7.32049e-08 0.0146968 0.100006 0.00434357 0.0150303 0.000197014 0.035261 0.122929 0.00570413 0.00866931 
0.00292054 5.55793e-07 7.81257e-10 0.00379595 0.467273 0.0169423 0.0674372 0.219029 0.00237367 0.0308067 0.00213509 0.000978275 0.0054376 6.15266e-05 0.000957729 5.24586e-05 0.00657588 0.0734361 0.0103612 0.00255086 9.52016e-07 0.0108467 0.00398505 0.06847 0.00357093 
0.000503493 1.4906e-08 1.8129e-11 0.00135217 0.598601 0.0129842 0.133209 0.000417038 0.00907749 0.133872 4.13579e-09 0.000334952 1.65953e-05 8.67146e-09 0.000577606 1.50329e-07 9.04711e-05 0.096881 3.59289e-08 3.17505e-05 2.24564e-09 0.000175125 0.00785292 0.00361912 0.000404424 
0.008676 2.98617e-05 0.00014294 0.0136878 0.71929 0.00769448 0.103746 0.0135396 0.00735519 6.86335e-05 0.0155912 4.08963e-06 0.000414044 9.63377e-05 0.000739523 0.000470397 0.000497557 0.0278959 0.00545842 0.00274973 1.78356e-06 0.00947315 0.0513863 0.0102962 0.000695243 
0.0362887 0.00488641 4.78723e-05 0.049494 0.493344 0.0289616 0.00229682 0.169287 0.00693577 0.00294766 0.0143786 0.000153848 0.00443212 0.00048444 0.0158442 9.60506e-06 0.0173442 0.00605633 0.00126758 0.00614804 2.17594e-05 0.0113217 0.0586226 0.0692942 0.000130372 
0.0365179 1.36448e-05 1.64689e-06 0.00918508 0.372432 0.0295756 0.0197881 0.0381638 0.101558 0.0286025 1.62225e-05 2.69717e-05 1.69477e-05 2.32776e-05 0.000984067 7.50424e-05 0.000818092 0.064497 0.00148296 0.00123197 6.23357e-07 0.00868899 0.1712 0.114999 0.000101498 
0.0260265 1.15784e-05 0.00223211 0.0674957 0.168433 0.0866915 0.00233363 0.0937259 0.10573 0.0101855 0.000143492 1.77898e-05 0.000419074 0.000138612 0.0400139 2.54793e-07 0.0184402 0.000123787 0.00758429 0.0491477 2.03912e-07 0.073175 0.101614 0.146296 1.99841e-05 
0.00264802 7.68811e-06 1.52215e-05 0.000947308 0.937846 0.00615285 0.0123148 0.00333454 0.00152378 0.000567731 0.00030392 2.35014e-05 9.54167e-05 2.72266e-05 0.000221272 3.5564e-06 0.000205428 0.000422143 0.00212171 0.000723074 5.17805e-07 0.0156833 0.0113112 0.00337531 0.000124737 
0.00159036 1.9635e-05 6.12539e-10 0.00756456 0.739152 0.0114463 0.00473481 0.031697 0.0763971 0.0285537 0.0131551 0.00013049 0.00210501 0.00869043 0.000128681 8.18031e-10 0.00309127 0.00723642 0.00196971 0.0299642 1.23351e-06 0.0178155 0.0070095 0.00298837 0.00455873 
0.0133365 6.09598e-05 9.90959e-10 0.00457213 0.755554 0.00995007 0.00547868 0.0455133 0.000577292 0.0552934 3.1594e-06 7.82773e-05 0.000426219 3.49049e-06 0.000274834 0.0040016 0.00660575 0.00696614 0.00777246 0.00293696 5.74225e-07 0.00721244 0.0490221 0.02358 0.000779617 
0.00745883 0.00031934 2.48233e-09 0.0106539 0.641995 0.0192028 0.015729 0.00875618 0.217307 0.0037806 0.000632805 6.8055e-07 0.000378292 0.00142154 0.00148995 2.12935e-06 0.00138147 0.0180888 0.00678766 0.00877778 2.66103e-06 0.00970895 0.0184641 0.00716099 0.00049984 
0.0016527 3.35423e-08 2.62106e-06 2.41233e-06 0.947281 0.00128385 0.00110785 0.00384953 0.00522132 1.80915e-10 6.48437e-08 1.30753e-08 5.86078e-05 6.16579e-10 0.000355115 9.96414e-10 0.00116202 0.0375656 1.32855e-06 1.22165e-06 4.57163e-10 0.000454981 2.3454e-08 1.10101e-10 4.2755e-10 
0.0292681 0.00764627 0.025687 0.029167 0.189431 0.146845 0.021128 0.160174 0.00237084 0.0119468 0.00573629 0.000381838 0.0220945 2.90794e-05 0.0142046 0.00399275 0.0154004 0.0190944 0.0652659 0.00673014 1.30965e-05 0.0705566 0.0707644 0.0817747 0.000297383 
0.0019282 0.00212518 1.05955e-07 0.00792325 0.518815 0.0252919 0.126929 0.0307297 0.0707279 0.000936888 0.061926 2.2957e-05 0.000193815 6.80479e-08 0.00255267 0.0142959 0.0253582 0.00720421 0.00202722 0.0116202 2.49016e-05 0.0145053 0.0394051 0.03543 2.66148e-05 
5.82915e-08 1.89623e-11 2.3022e-11 0.000820304 0.719009 9.64949e-05 0.150847 0.000686994 2.5046e-07 4.28728e-07 9.87735e-12 5.67383e-05 1.92173e-07 6.08997e-08 0.124688 3.07454e-11 4.76493e-08 0.000414915 0.000755303 4.56957e-12 1.97628e-08 0.00214958 1.18593e-07 0.000474543 1.31925e-11 
0.0366842 0.00105275 1.4386e-07 0.0655254 0.201755 0.0791188 0.0637144 0.0754712 0.0275213 0.104731 0.00509648 0.000129885 0.00139737 3.50848e-05 0.0028495 1.00083e-07 0.00962541 0.00188043 0.00798315 0.0425445 1.26758e-08 0.0258726 0.0880855 0.158429 0.000496442 
0.00753854 0.000223359 2.59821e-10 0.00834855 0.739165 0.0965512 0.00416752 0.00748716 0.000575057 0.000674736 8.9264e-06 1.63167e-06 0.000242538 2.3316e-05 0.000140197 5.43288e-08 0.000502824 0.0070762 0.0158107 0.00152224 8.97785e-09 0.0167213 0.0916548 0.00156291 8.66238e-07 
0.0502618 9.34958e-05 1.15457e-05 0.0439853 0.176576 0.0338996 0.00434165 0.0240844 0.0014132 0.00198335 0.00304822 0.000164556 0.00239623 0.000336012 0.00599503 0.00067034 0.104663 0.0165637 0.108406 0.0216484 0.000178288 0.150878 0.121484 0.123749 0.00316899 
2.98449e-06 2.09916e-07 4.9223e-07 0.000490703 0.989842 3.6108e-07 0.00384085 0.0022017 0.000737477 1.02548e-09 0.00161499 6.85216e-10 7.86085e-08 1.68096e-08 2.14165e-08 3.15022e-06 0.000124593 0.00110459 2.81313e-06 1.1487e-05 1.02875e-08 1.70419e-05 5.13833e-08 3.96029e-06 2.42348e-09 
0.00552567 5.09594e-05 0.00029736 0.00910284 0.375547 0.0188028 0.0430863 0.0259266 0.0391197 0.125801 1.75318e-06 0.0889544 8.6851e-05 0.000305726 0.000226015 3.48111e-05 7.34619e-05 0.000389609 0.00687238 0.00151295 3.85697e-06 0.0801957 0.105345 0.072626 0.000111152 
0.00452486 7.68165e-06 1.28415e-09 0.0627497 0.568053 0.000767333 0.0282071 0.0893383 0.070659 9.68261e-05 0.0168896 9.29611e-09 0.000789717 4.15145e-09 0.000922876 0.000142062 0.000643216 0.00100182 0.000649023 0.0211738 1.16864e-05 0.00229631 0.129745 0.000717908 0.000613823 
0.00191361 3.58464e-07 4.16422e-10 0.0167484 0.438739 0.00332438 0.0929016 0.234671 0.0142506 2.22915e-07 0.000484106 6.74692e-11 0.00075441 1.03841e-06 1.12327e-07 5.56122e-10 6.06589e-05 0.0113261 7.80792e-05 0.000361079 2.55153e-10 0.165019 0.0128428 1.12012e-07 0.00652353 
0.00286583 0.0121746 2.62615e-10 0.0174021 0.660312 0.0866143 0.0145739 0.0241418 0.000316455 0.0364108 2.846e-05 0.000134756 5.46655e-11 1.88085e-06 1.35162e-06 3.50717e-10 0.00871599 0.0873041 3.65656e-08 6.88489e-08 1.60912e-10 0.0058176 0.0113759 0.0317908 1.69185e-05 
0.000103599 0.00399692 0.000254558 7.80021e-05 0.991061 0.000139117 0.00089949 2.40184e-08 4.96179e-08 0.00111972 0.000873135 8.5626e-05 4.07288e-08 1.61694e-07 1.19319e-07 2.61303e-07 0.00018065 1.95743e-08 0.000199036 3.88365e-08 0.000431715 2.75324e-08 8.62194e-09 0.000531299 4.49613e-05 
0.00023183 9.68697e-08 1.37378e-09 1.03034e-07 0.508589 0.000855525 0.0547436 0.117752 0.000119794 8.12858e-08 0.00164221 2.51922e-08 0.00262547 0.0782004 6.0403e-08 3.74715e-06 3.15013e-05 0.231469 0.00276237 7.50779e-08 1.95511e-07 0.000291423 0.000154749 0.000430624 9.55356e-05 
0.0456576 1.00864e-05 1.10284e-06 0.0716244 0.471293 0.0251787 0.00481567 0.0384651 0.0400512 0.00454727 0.0312314 4.52524e-05 0.0131348 0.00011254 0.00901027 1.05077e-06 0.00394323 0.0116559 0.00530802 0.123731 0.000187433 0.0168227 0.0612438 0.0216213 0.000306634 
3.05764e-07 8.80078e-08 1.29813e-08 0.00656095 0.761574 0.0687331 0.00497236 0.0209229 0.0129162 1.64881e-07 0.0158465 9.76942e-09 0.000570898 0.000370492 1.71267e-07 0.00032117 5.73363e-07 0.0401255 0.0178735 3.94599e-07 1.50103e-06 0.00126059 0.0244772 0.0234707 2.0642e-07 
0.0337204 2.52242e-08 1.3396e-05 0.0409081 0.353872 0.00616249 0.0563788 0.0286305 0.0126604 0.00252204 0.00103921 0.0345726 0.00746909 2.80354e-05 6.55516e-05 0.000406884 0.0128673 0.291562 0.00560507 0.00444572 1.03673e-06 0.00749238 0.0906116 0.00848697 0.000478288 
0.217178 4.71617e-07 1.21006e-09 0.0173858 0.290226 0.00866672 0.0103946 0.0105332 0.00390365 3.8173e-05 0.0421424 2.55688e-05 0.000685451 2.56154e-07 0.000703725 1.06297e-07 0.0226207 0.000324368 0.0184299 0.00160218 4.11993e-07 0.116051 0.202465 0.029301 0.00732064 
0.00468191 3.64262e-05 2.12576e-10 8.09134e-05 0.830614 2.81416e-07 0.00844615 0.00540924 1.51893e-06 0.000235204 0.00491847 0.00010104 5.33902e-05 3.99472e-06 1.74064e-07 4.96464e-08 0.000286867 0.0010255 0.000336129 2.19571e-05 7.65898e-08 0.00164669 0.0363473 0.105753 2.44648e-07 
0.0126669 0.000218013 0.000332616 0.0248583 0.451854 0.029773 0.153119 0.0590716 0.0393432 0.00569673 0.0275384 0.000529972 0.0144154 0.000288353 0.0037026 0.000186093 0.00776075 0.0733501 0.0127742 0.00505776 0.000106508 0.014263 0.0504832 0.0106871 0.00192263 
0.00357261 9.74063e-08 0.00107271 0.00835035 0.87669 0.00907768 0.0356396 0.00210061 0.000987303 0.000185054 5.87661e-05 1.09929e-05 0.00032104 1.41682e-09 4.32765e-11 1.23432e-07 0.00702443 0.000385697 0.0102893 0.004515 1.58953e-07 0.0271511 0.00980785 0.00275178 7.25125e-06 
0.0332446 1.43792e-06 1.8999e-05 0.00411265 0.345266 0.039879 0.0339599 0.0639361 0.0151186 0.0108857 0.00352342 0.0013922 0.00353398 0.00280362 0.00329574 0.000234368 0.194058 0.00381754 0.0267338 0.00512556 7.94234e-07 0.039134 0.090966 0.0785961 0.000362213 
0.00789831 0.000226448 3.88935e-07 0.00133926 0.723699 0.00249386 0.0118277 0.072303 0.0207294 0.00976245 0.0118744 1.76483e-05 0.000920848 1.93945e-07 0.000116223 0.000219313 0.00302431 0.0261374 0.00256752 0.0013249 3.74763e-08 0.00200705 0.0181842 0.0833083 1.78248e-05 
0.0287386 0.0010932 1.42237e-10 0.041242 0.347312 0.205433 0.0129709 0.0660956 0.00841405 0.00497864 3.97953e-07 5.46626e-08 7.99165e-05 2.03232e-05 5.58301e-07 0.00025975 0.0012923 0.000228093 0.0205817 0.00206015 2.05571e-08 0.00236322 0.226098 0.0299336 0.00080414 
0.0206784 4.59145e-05 6.71678e-07 0.0216852 0.460953 0.0299952 0.0311949 0.0646741 0.0293479 0.00352168 0.00848287 0.00778888 0.0123901 0.00206679 0.0140584 4.56389e-06 0.00568802 0.206693 0.00753511 0.0114001 1.80239e-05 0.0155113 0.0377983 0.0077486 0.000719255 
0.00553789 7.73189e-05 0.00308578 0.00546627 0.681646 0.048991 0.0476151 0.0174752 0.0910798 0.00509082 0.00233087 0.0028825 0.000752162 0.000928986 0.000717075 1.56493e-05 0.00170954 0.00411811 0.0104333 0.00206856 1.91612e-05 0.0308058 0.0264197 0.0105265 0.000207163 
0.0330801 0.00415752 0.00725611 0.0386289 0.236133 0.119957 0.0320779 0.0507551 0.019094 0.01295 0.0183274 0.00201581 0.0186334 0.00597212 0.00713021 0.00098904 0.0255415 0.0105086 0.0245829 0.136216 0.000561475 0.060831 0.0968338 0.0374696 0.000297434 
0.0169999 0.000152025 0.00279061 0.0181737 0.557077 0.0401702 0.0702597 0.0362125 0.0508095 0.0104714 0.0110153 0.00310703 0.00639668 0.0102285 0.00153107 0.00799975 0.0117458 0.0411121 0.0143138 0.0108873 2.11809e-05 0.0374003 0.0325214 0.0071427 0.00146093 
0.0237606 2.29585e-06 6.09705e-07 0.00816696 0.447077 0.0116207 0.0775005 0.0167764 0.0359382 0.0069619 0.00687088 5.39131e-05 0.0116838 2.67001e-05 0.00872062 0.000542286 0.0199976 0.20331 0.000746504 0.00474549 2.77484e-07 0.00319582 0.071162 0.0346863 0.00645287 
0.0150583 0.00201421 3.03612e-09 0.00134652 0.477217 0.000921091 0.316085 0.0116762 0.00634632 0.00118481 0.000453827 1.90202e-05 6.77549e-05 0.000240428 0.000863253 1.72948e-07 7.19206e-07 0.011129 0.0266276 0.000470551 9.86209e-08 0.00168402 0.00522605 0.0780628 0.0433049 
0.103901 7.62691e-06 7.62401e-06 0.110004 0.358307 7.63901e-06 0.0145173 0.0886137 0.0320801 0.0244444 7.6334e-06 7.63782e-06 7.63705e-06 7.62688e-06 7.63043e-06 7.61847e-06 0.0198665 0.0129936 7.63791e-06 7.63721e-06 7.63039e-06 7.63817e-06 7.63973e-06 0.124508 0.110658 
0.00757623 0.00074996 0.000216696 0.00961718 0.411407 0.0226054 0.334922 0.0327687 0.0174676 0.00764797 0.000637645 0.00107262 0.00095609 0.000208892 0.00174461 1.85561e-05 0.00550577 0.0360858 0.00714666 0.00507633 8.74705e-06 0.0103648 0.0673659 0.0180388 0.000790232 
0.0301581 1.32932e-06 0.000986059 0.0451611 0.2439 0.08591 0.00689993 0.0675344 0.118707 0.0280789 0.00128803 7.66055e-07 0.00913252 0.000359071 5.97117e-05 0.0129721 0.0517513 0.0107884 0.00343089 0.128617 9.09223e-07 0.0378422 0.045307 0.0710849 2.77037e-05 
0.00264802 7.68811e-06 1.52215e-05 0.000947308 0.937846 0.00615285 0.0123148 0.00333454 0.00152378 0.000567731 0.00030392 2.35014e-05 9.54167e-05 2.72266e-05 0.000221272 3.5564e-06 0.000205428 0.000422143 0.00212171 0.000723074 5.17805e-07 0.0156833 0.0113112 0.00337531 0.000124737 
0.0559454 4.51859e-05 4.30212e-05 0.0107312 0.42214 0.00581938 0.00657753 0.0913344 0.0252976 0.00793646 0.0107788 0.000164411 0.00964913 0.000277963 0.00471779 0.000817607 0.0374295 0.0338618 0.0127275 0.00408738 2.56951e-05 0.0134492 0.106468 0.138168 0.00150733 
0.000880353 1.06261e-09 1.29011e-09 0.000323694 0.81868 0.0167519 0.00854029 0.00983912 0.00268237 0.0150016 0.000202542 0.000165581 5.81955e-06 2.42011e-06 2.03392e-07 1.73957e-05 0.000145755 0.0761914 0.0093792 9.70288e-05 4.42934e-07 0.00885815 0.0268771 0.00044443 0.00491333 
0.0016527 3.35423e-08 2.62106e-06 2.41233e-06 0.947281 0.00128385 0.00110785 0.00384953 0.00522132 1.80915e-10 6.48437e-08 1.30753e-08 5.86078e-05 6.16579e-10 0.000355115 9.96414e-10 0.00116202 0.0375656 1.32855e-06 1.22165e-06 4.57163e-10 0.000454981 2.3454e-08 1.10101e-10 4.2755e-10 
0.0199746 0.000199981 2.30221e-06 0.0166768 0.355154 0.046787 0.00966926 0.132666 0.00739675 0.0126584 0.00545862 0.000124944 0.0218287 0.00162315 0.00594957 0.000137403 0.00385501 0.135723 0.00843095 0.00765673 1.36315e-05 0.0135405 0.0371369 0.155862 0.00147351 
0.00663712 1.99392e-06 6.34017e-11 0.00486974 0.452503 0.0775396 0.0218574 0.0283896 0.000977149 0.00253407 1.77853e-07 0.000131863 0.000194284 0.000168355 0.00159024 1.67655e-05 0.00188039 0.193136 0.0405865 0.000727404 1.06589e-05 0.00572843 0.113858 0.0465314 0.000130882 
0.014228 7.45293e-06 5.16925e-05 0.0067824 0.345365 0.0780493 0.00373495 0.00875921 0.00545145 0.00442208 0.00587985 0.00068178 0.00314897 0.00171546 0.0044576 0.252795 0.0577562 0.00614431 0.0843101 0.00402885 4.00155e-06 0.0306899 0.0638453 0.0110328 0.00665781 
0.00495374 1.56618e-06 1.01477e-09 0.00214707 0.588579 0.0676864 0.0616519 0.048544 0.00141578 4.68626e-05 0.0152978 7.85833e-06 0.0106112 8.33598e-06 1.91502e-05 3.21615e-06 0.00260492 0.0986612 0.025213 0.00162067 1.61703e-07 0.0305257 0.034038 0.00406971 0.00229288 
0.0560811 0.000104652 5.88655e-11 0.00276163 0.775116 0.000548534 0.00448593 0.00804373 0.00796567 0.00889278 0.0007619 2.42713e-06 0.000185702 2.32553e-06 2.73903e-05 7.82563e-05 0.00153972 0.0548228 0.000179398 0.000527688 1.49275e-05 0.00279143 0.0643164 0.00880425 0.00194521 
0.0140227 1.27247e-05 1.22525e-06 0.00191766 0.502965 0.0226469 0.280514 0.00530849 0.00176576 0.00898909 0.00010943 2.84632e-05 0.000389809 0.000331371 0.000284509 0.000114544 0.000975887 0.130456 0.00128369 0.0003021 2.68999e-07 0.00338496 0.0196651 0.00447612 5.48956e-05 
0.000503493 1.4906e-08 1.8129e-11 0.00135217 0.598601 0.0129842 0.133209 0.000417038 0.00907749 0.133872 4.13579e-09 0.000334952 1.65953e-05 8.67146e-09 0.000577606 1.50329e-07 9.04711e-05 0.096881 3.59289e-08 3.17505e-05 2.24564e-09 0.000175125 0.00785292 0.00361912 0.000404424 
0.037189 1.63557e-06 1.63495e-06 0.0520926 0.21593 0.0558632 0.0253854 0.0113042 0.0951453 0.0147402 0.0216095 0.00147576 0.0293173 1.63556e-06 0.0090014 1.63376e-06 0.0327606 0.00311408 0.0227689 0.030792 1.63632e-06 0.120066 0.0288361 0.163142 0.029458 
0.0287935 2.17866e-05 9.4001e-07 0.00368921 0.468251 0.0236254 0.0146729 0.0126204 0.0214041 0.00431902 0.000549864 0.000214433 0.000920314 0.000140595 0.0227218 0.000793146 0.0116478 0.278704 0.0238171 0.00865903 1.5147e-07 0.0122199 0.0379151 0.0242856 1.25502e-05 
0.0131134 1.63946e-05 2.65482e-07 0.113479 0.376439 0.107928 0.0534975 0.117906 0.0186173 0.00165672 0.00485008 2.73254e-07 0.00151356 8.00781e-06 0.00785445 0.000107191 0.021615 0.0182065 0.0145189 0.0048765 6.96184e-06 0.0473319 0.0464301 0.0300246 2.78291e-06 
0.00776331 0.000212448 9.90516e-08 0.00424291 0.632808 0.00823087 0.0741072 0.0458578 0.00369156 0.0176508 0.00120604 5.03158e-05 0.00168491 3.85852e-06 0.000212507 0.00109807 0.0401623 0.0985754 0.00281545 0.00159179 0.0160582 0.0056967 0.0141281 0.0220696 8.15486e-05 
0.0035608 0.0101653 2.34521e-06 0.00354297 0.698503 0.0338387 0.00204086 0.0429 0.0009352 0.00292956 0.00140656 0.000113467 0.000410812 9.45209e-07 0.00026002 9.20477e-06 0.00184882 0.0246847 0.00274375 0.00045408 5.51046e-05 0.00273183 0.0679113 0.0947064 0.00424457 
0.0384054 1.53313e-05 1.53254e-05 1.53548e-05 0.466864 1.53556e-05 1.53508e-05 1.53545e-05 0.0138305 1.53505e-05 1.53443e-05 1.53532e-05 1.53516e-05 1.53312e-05 0.0138199 1.53143e-05 1.53536e-05 1.53552e-05 1.53534e-05 1.5352e-05 1.53383e-05 1.53539e-05 0.0291937 0.437595 1.53396e-05 
0.00967079 0.00205926 3.9513e-10 0.00810175 0.465079 0.0398354 0.0045534 0.0365834 0.0414761 0.0130875 0.00129094 7.99002e-05 0.00250745 4.57963e-06 0.002364 2.62417e-05 0.0344148 9.16421e-05 0.0298137 0.00346896 2.67128e-06 0.0733349 0.189056 0.0424061 0.000692336 
0.0238375 0.00400966 0.00024925 0.00641127 0.423732 0.0256747 0.221639 0.0159306 0.00531891 0.00369628 0.00266876 0.00648173 0.00376454 0.000104849 0.00344963 0.0144344 0.00368551 0.0634316 0.00463412 0.0115478 5.5323e-06 0.0125856 0.0456489 0.0961108 0.000946976 
0.0118551 0.00158381 7.53548e-07 0.0271804 0.769742 7.55031e-07 7.54797e-07 0.0340502 0.050268 0.00256702 7.54476e-07 7.54913e-07 7.54837e-07 0.00527758 7.54182e-07 7.53001e-07 0.0096639 7.55013e-07 0.000453707 7.54853e-07 7.54179e-07 0.0865933 0.000227286 7.54936e-07 0.000528727 
0.0673363 0.00311691 1.33759e-07 0.0209364 0.279988 0.0532699 0.0128435 0.0618886 0.026494 0.150556 0.0150394 0.000251753 0.00355607 0.0116734 0.00109629 3.87811e-06 0.00173612 0.0113703 0.0199355 0.00422345 6.10832e-06 0.00485292 0.035157 0.213197 0.00147155 
5.82915e-08 1.89623e-11 2.3022e-11 0.000820304 0.719009 9.64949e-05 0.150847 0.000686994 2.5046e-07 4.28728e-07 9.87735e-12 5.67383e-05 1.92173e-07 6.08997e-08 0.124688 3.07454e-11 4.76493e-08 0.000414915 0.000755303 4.56957e-12 1.97628e-08 0.00214958 1.18593e-07 0.000474543 1.31925e-11 
5.82915e-08 1.89623e-11 2.3022e-11 0.000820304 0.719009 9.64949e-05 0.150847 0.000686994 2.5046e-07 4.28728e-07 9.87735e-12 5.67383e-05 1.92173e-07 6.08997e-08 0.124688 3.07454e-11 4.76493e-08 0.000414915 0.000755303 4.56957e-12 1.97628e-08 0.00214958 1.18593e-07 0.000474543 1.31925e-11 
0.0905739 0.000262068 6.82533e-11 0.0491836 0.28818 0.0566104 0.0640329 0.0370138 0.0599138 0.0697048 0.00804155 8.33266e-08 0.00133613 0.000770031 5.58521e-08 2.47337e-07 0.00957759 3.00901e-07 0.039757 0.126189 5.11218e-05 0.0694217 0.0279162 0.00137886 8.48882e-05 
0.00898692 0.00147004 2.26489e-06 0.0245219 0.625697 0.00956161 0.177923 0.0230069 0.00536379 0.000630455 0.00271457 0.000184352 0.00254594 1.56434e-05 0.00238905 0.000168669 0.00879278 0.00282167 0.00827614 0.00788998 1.15677e-05 0.0134933 0.0305199 0.0426928 0.000319915 
0.000141896 3.67413e-09 4.46076e-09 8.79759e-05 0.741544 0.000165344 0.000130698 0.000170187 8.11076e-05 7.40929e-05 0.000286313 2.60257e-06 0.000106691 0.000106538 2.12206e-05 3.81322e-05 0.00123528 2.75346e-05 0.000215192 0.0633447 2.7335e-05 0.000213854 0.000354641 0.191613 1.1761e-05 
