0.0356774 6.31779e-06 1.8403e-11 1.48156e-07 0.474589 0.0565977 0.119081 0.131913 0.0118491 3.50296e-07 0.00936876 2.98167e-12 9.1593e-07 1.5208e-11 6.7447e-09 8.36542e-05 0.119782 0.0054477 0.0069289 4.27375e-07 2.94079e-06 8.24775e-07 0.00342805 0.0252419 1.17067e-07 
0.00264802 7.68811e-06 1.52215e-05 0.000947308 0.937846 0.00615285 0.0123148 0.00333454 0.00152378 0.000567731 0.00030392 2.35014e-05 9.54167e-05 2.72266e-05 0.000221272 3.5564e-06 0.000205428 0.000422143 0.00212171 0.000723074 5.17805e-07 0.0156833 0.0113112 0.00337531 0.000124737 
0.00684256 0.003362 5.07628e-09 0.00309503 0.484239 0.00776193 0.0964498 0.0533386 0.0222357 0.000330958 0.0741903 5.14796e-05 0.00997503 7.31111e-06 1.46464e-05 3.89784e-06 0.0769187 0.0660408 0.00200972 0.00250391 1.6941e-06 0.0354488 0.0440601 0.0110947 2.32076e-05 
0.0166318 0.00693738 2.87929e-07 0.0119335 0.380847 0.106395 0.00362341 0.106095 0.0892983 0.009509 0.00609796 0.000182824 0.00233718 0.0668345 2.51318e-09 9.63186e-06 0.00256502 0.0287195 0.0497948 0.00185879 1.3539e-05 0.0275808 0.0785459 0.0015535 0.00263608 
5.84378e-08 4.80688e-08 2.50462e-12 4.03273e-08 0.709585 2.14864e-06 0.181553 0.00330941 0.00154807 0.00111514 1.33259e-08 1.11194e-08 2.34615e-08 7.82716e-05 0.000723693 4.41554e-08 5.06048e-08 0.0680717 0.0024238 8.05363e-08 7.21437e-09 0.00162992 8.84371e-07 0.0294936 0.000465522 
0.00237002 4.80241e-05 1.5802e-07 0.00293616 0.60928 0.0018372 0.00446747 0.0177353 0.0222776 0.00405294 0.000248172 9.68837e-06 4.68666e-06 6.56146e-06 0.0014768 2.11032e-07 0.000525856 0.076996 8.34871e-06 0.00550178 5.73833e-06 0.0545641 0.00712957 0.0872085 0.101309 
0.0016527 3.35423e-08 2.62106e-06 2.41233e-06 0.947281 0.00128385 0.00110785 0.00384953 0.00522132 1.80915e-10 6.48437e-08 1.30753e-08 5.86078e-05 6.16579e-10 0.000355115 9.96414e-10 0.00116202 0.0375656 1.32855e-06 1.22165e-06 4.57163e-10 0.000454981 2.3454e-08 1.10101e-10 4.2755e-10 
0.0213672 0.00652209 8.01795e-05 0.0249066 0.572343 0.045715 0.0682593 0.0325364 0.0298244 0.0104067 0.00564979 0.000135835 0.00294848 0.00101664 0.0253 1.45443e-05 0.0101492 0.0265666 0.0117095 0.00699928 2.42118e-05 0.0219745 0.0394375 0.033785 0.00232819 
0.0197027 6.13818e-06 6.71139e-10 0.00284756 0.491776 0.0470358 0.0322158 0.068294 0.00277347 0.00369115 0.0115325 0.000783919 0.00167121 0.000507052 7.28209e-05 1.58813e-05 0.0788902 0.0966092 0.0429929 0.00520843 3.14998e-07 0.0286958 0.0583236 0.00592634 0.000427438 
0.00264802 7.68811e-06 1.52215e-05 0.000947308 0.937846 0.00615285 0.0123148 0.00333454 0.00152378 0.000567731 0.00030392 2.35014e-05 9.54167e-05 2.72266e-05 0.000221272 3.5564e-06 0.000205428 0.000422143 0.00212171 0.000723074 5.17805e-07 0.0156833 0.0113112 0.00337531 0.000124737 
0.138264 6.61077e-05 1.7293e-10 0.205252 0.228861 0.0272279 0.0148372 0.0570449 0.00550968 0.0448975 0.00493557 0.00474025 0.00360268 0.0145639 0.0251623 6.1331e-05 0.0376876 0.002211 0.0267285 0.0519999 0.000171094 0.025456 0.0512341 0.0283397 0.00114597 
0.0218384 0.034099 5.46119e-05 0.0070262 0.702154 0.0114059 0.0330489 0.0177813 0.00960487 0.00998684 0.000243278 0.000170384 0.00225123 9.55321e-06 0.00355416 0.00012336 0.00791304 0.0578457 0.00258092 0.0144908 0.000205127 0.00876025 0.0496798 0.00138694 0.00378568 
0.00509306 6.98307e-10 8.47812e-10 0.00928051 0.573725 0.00625088 0.000214189 0.124398 0.186888 0.000656923 0.00062058 1.04894e-05 0.00524925 8.7977e-06 0.00291385 2.10091e-05 0.000771292 0.000106697 0.00242323 0.00824714 1.15294e-08 0.0718742 0.00056764 0.000658506 2.13246e-05 
0.052282 5.5803e-06 2.01804e-05 0.00314454 0.181127 0.0696608 0.108128 0.00824718 0.00455891 0.00689542 0.0110082 0.000429217 0.00979357 0.00543061 0.000117542 9.78606e-06 0.06938 0.167678 0.0546956 0.00134365 1.27048e-06 0.168264 0.0763516 0.00138077 4.82564e-05 
0.0205795 0.000228726 1.53139e-06 0.00362451 0.422158 0.010483 0.00747654 0.122737 0.02085 0.00654738 0.000831126 5.54475e-05 0.00165664 3.06742e-06 0.00153055 5.5814e-05 0.00697116 0.0304363 0.00576374 0.00283054 0.000117153 0.00332038 0.131585 0.199486 0.000670793 
0.0201379 5.6255e-11 6.8299e-11 0.0393665 0.585693 2.01348e-06 0.0207755 0.0295919 0.00107528 3.61046e-07 1.34796e-06 7.0712e-07 0.0131657 7.90747e-08 4.16498e-11 9.12116e-11 4.13891e-07 0.000179378 4.82628e-06 0.231148 4.18486e-11 0.0586426 0.000116087 9.88553e-05 3.91379e-11 
0.0554752 6.48006e-05 4.35544e-05 0.043305 0.297459 0.0375082 0.036063 0.0561282 0.0204985 0.00090899 0.0128639 1.03921e-05 0.111639 0.000870015 5.9752e-07 0.0131359 0.0321204 0.0162538 0.0106989 0.0103453 8.44623e-06 0.082352 0.139001 0.0232205 2.59356e-05 
0.0414202 0.00174726 0.000207533 0.0133016 0.380961 0.0323796 0.0530431 0.089091 0.0232271 0.0109075 0.029742 0.000208091 0.0216359 0.000266525 0.00295708 0.00206479 0.05245 0.0729204 0.0162813 0.00801033 0.00087434 0.0184859 0.0667008 0.0590092 0.00210741 
0.0147505 0.0026514 3.8074e-10 0.0213011 0.280231 0.14498 0.00312288 0.199277 0.00438927 0.00745736 0.0106219 0.000169948 0.0278636 8.09183e-05 0.000120344 0.000960368 0.0662509 0.0476473 0.0502171 0.0111662 0.00644011 0.0286345 0.0276112 0.0439042 0.000151124 
0.0390357 1.51884e-09 6.2727e-06 0.00842777 0.430311 0.00712381 0.00278322 0.206247 0.0183243 0.000133609 0.0552166 0.000188459 1.32616e-05 0.00142335 0.00241699 2.16534e-05 0.0154255 0.0128687 0.00494998 4.36326e-05 5.61533e-08 0.0218656 0.136396 0.036776 4.40177e-07 
0.00384308 0.000445885 0.0014475 0.00916682 0.607772 0.0297955 0.056307 0.0282081 0.0648554 0.0045317 0.0158872 0.000382412 0.00071608 0.0121668 0.000111042 2.77656e-05 0.0251163 0.0084164 0.000991361 0.00232663 4.23374e-05 0.0739084 0.0357034 0.0168541 0.00097626 
0.0113597 5.70432e-05 3.84052e-10 0.00415108 0.668169 0.0234368 0.00602113 0.030581 0.129131 0.0354574 0.00332005 0.000297845 0.00017265 0.00267082 6.92514e-06 0.000116502 0.00122365 0.00628308 0.0349687 0.00625188 8.57559e-08 0.0125083 0.00822973 0.00832775 0.00725779 
0.0155049 1.15939e-06 1.38274e-10 0.159115 0.3351 0.116722 0.000854609 0.0794747 0.048167 0.120197 0.00987301 3.97514e-05 3.61256e-07 5.25024e-09 4.09403e-07 0.0072353 0.0132088 1.38331e-11 0.000618795 0.0262833 1.10519e-07 0.021402 0.040886 0.00531577 8.79747e-07 
0.0713042 0.00557675 4.73783e-07 0.0791706 0.538844 0.00229637 0.0181144 0.0258399 0.00203241 0.00279624 0.00031267 2.34585e-05 0.00153602 8.25243e-06 0.000521034 0.000307957 0.0218879 0.00947259 0.00491535 0.0157882 0.00109149 0.0693042 0.0973638 0.0314 9.21617e-05 
0.00152377 1.34942e-07 4.69331e-09 0.0125748 0.655188 0.0607158 0.00811433 0.0145904 0.118943 2.09985e-06 4.30562e-07 3.2205e-11 4.13757e-11 6.74193e-06 0.000420624 1.28864e-07 2.13435e-05 0.0440895 0.0150245 0.000204141 1.53881e-08 0.0494919 0.0180281 0.000998647 6.13055e-05 
0.152695 1.97021e-05 1.29227e-05 0.0717933 0.160624 0.0361253 0.0275029 0.0373348 0.0157404 0.0999663 0.00805952 0.0159475 0.00122073 0.00231945 0.000260815 2.39483e-05 0.0679667 0.0216764 0.0267416 0.0441125 8.90581e-05 0.0685406 0.133052 0.00727159 0.000901959 
0.00533006 0.000391241 1.42647e-05 0.00506748 0.479744 0.0256211 0.0622912 0.0127285 0.0485137 0.00379563 0.000556573 1.96397e-05 0.00502797 1.73798e-06 0.00061511 9.03868e-05 0.00752425 0.239809 0.0175568 0.0057308 2.28343e-07 0.0110948 0.0649206 0.00278595 0.000768546 
0.0385371 0.000126911 3.53236e-08 0.0439008 0.414644 0.0968484 0.0126662 0.0794071 0.090224 0.0101684 0.00458847 5.40547e-05 0.00310439 0.0013011 0.0184858 0.0266819 0.00206022 0.00527304 0.0023224 0.0211952 0.000253515 0.0418432 0.0165027 0.0674596 0.00235139 
6.73786e-06 0.135209 3.72833e-07 1.33717e-05 0.507486 0.000456201 0.000262965 0.00159808 0.000182804 0.000700285 0.000206705 0.000103603 1.16454e-06 3.08106e-07 0.000118746 3.45468e-05 5.55113e-08 0.0012411 2.20153e-05 4.29843e-06 1.15682e-05 6.15395e-05 0.00782409 0.344419 3.63295e-05 
0.053581 1.27338e-05 1.2729e-05 1.27533e-05 0.346951 1.2754e-05 1.27501e-05 0.0969361 0.271576 1.27498e-05 0.0178552 1.2752e-05 1.27507e-05 1.27338e-05 0.1083 1.27197e-05 1.27524e-05 1.27537e-05 1.27522e-05 0.104571 1.27396e-05 1.27526e-05 1.27552e-05 1.27524e-05 1.27407e-05 
0.0170985 3.27271e-07 4.94398e-08 0.00682309 0.529694 0.0300564 0.00479777 0.200033 0.018802 0.00113588 0.00506088 1.77286e-05 0.000371315 2.47366e-05 0.00661802 5.7368e-05 0.0308238 0.00245326 0.0715963 0.00467086 1.79612e-07 0.00380785 0.0201921 0.0458446 2.03497e-05 
0.0144459 0.000512463 9.79633e-05 0.0179161 0.593105 0.027116 0.0427673 0.0493915 0.0507292 0.0112315 0.012969 0.000637133 0.00568335 0.00108915 0.00236211 0.000264672 0.0108283 0.0638776 0.00958901 0.00774606 0.000229914 0.0168149 0.0417347 0.0176257 0.00123578 
0.0311683 0.115963 2.23424e-07 0.00102972 0.321569 0.0103509 0.00430132 0.0431419 0.000991955 0.0301287 0.000324867 3.05398e-05 0.000595499 5.45839e-05 5.53981e-06 0.000178975 0.0237673 0.0452217 0.00929011 0.0020224 0.000140885 0.109803 0.178437 0.0713168 0.000165669 
0.00215032 6.38457e-08 2.04408e-09 0.00365278 0.408421 0.0375665 0.171811 0.0560101 0.184417 0.000172737 0.0062973 7.92173e-07 0.00261904 4.72217e-05 3.70278e-06 3.8425e-05 0.00311747 0.0354491 0.00182393 0.0328041 6.97423e-06 0.0196772 0.0190676 0.0142594 0.000587297 
0.0290879 5.73363e-05 1.00363e-07 0.00400881 0.603366 0.00820726 0.0171305 0.0207624 0.0181634 0.0134612 0.0250321 0.000110215 0.0109285 2.09776e-06 0.00351077 0.000301392 0.00169922 0.0464072 0.00616206 0.0276211 1.32942e-07 0.00455068 0.0433835 0.116032 1.47981e-05 
0.00038446 7.37967e-08 6.88673e-11 3.67005e-07 0.793516 2.45418e-07 0.0257687 0.108819 6.67138e-07 1.66988e-11 0.00881634 1.00533e-08 1.43353e-11 5.00875e-07 4.99799e-07 5.34993e-05 2.7891e-07 1.30282e-06 1.26089e-07 8.06622e-08 1.89927e-07 0.00366634 0.00443048 0.0545405 1.30269e-07 
0.01862 3.75975e-05 3.11185e-08 0.010065 0.508074 0.0170413 0.0102964 0.0179304 0.00402611 0.0428107 0.00210474 9.47324e-05 0.000220873 0.000412145 0.00786545 2.95706e-05 0.000508163 0.16961 0.00178791 0.00613339 2.10387e-05 0.00124256 0.154825 0.0256729 0.00057105 
0.00212996 0.00237375 3.55981e-07 0.0196819 0.664032 0.10357 0.0284298 0.0195311 0.0155582 0.000942811 0.00125123 8.76025e-06 0.000860064 3.79488e-05 0.00307923 2.55922e-05 0.00600948 0.00759528 0.00569275 0.00247847 7.66405e-07 0.00590256 0.0601079 0.0506465 5.41264e-05 
0.00131109 1.0583e-06 2.14627e-08 0.039845 0.703638 0.0416218 0.0124443 0.0148542 0.023983 0.00155975 0.00123223 3.04433e-06 0.00040194 1.11393e-06 2.53832e-05 3.52127e-07 2.23261e-06 0.0126168 0.00856088 1.66139e-09 4.12279e-08 0.0219832 0.0577421 0.0578614 0.00031094 
0.00124884 2.35047e-06 6.7448e-06 0.000256236 0.832469 0.0016589 0.0110852 0.0232403 0.0669503 0.000932516 0.000220347 6.54117e-06 8.20525e-05 9.9494e-06 6.1688e-05 0.00180394 0.00067536 0.000593653 0.000573624 0.00234928 2.00946e-07 0.00422729 0.00388409 0.0475686 9.26504e-05 
0.0143932 4.662e-07 2.09273e-09 0.108468 0.517937 0.00303014 0.00156182 0.00595841 0.133827 8.38602e-06 0.00483566 1.47247e-07 0.000321361 0.000189766 0.00156616 5.57338e-06 2.49675e-06 0.108401 0.00253328 0.0858622 5.47364e-08 0.00632854 0.00456353 0.000146341 6.00537e-05 
0.0547116 2.06075e-07 4.32538e-09 0.018554 0.453475 0.012671 0.0455205 0.242072 0.0084929 0.00019233 0.00736771 1.32047e-06 0.00223112 4.07603e-05 2.44648e-06 5.77644e-09 0.0103848 0.00195652 0.00139681 0.000768254 1.21893e-07 0.0286297 0.108897 0.00235344 0.000280611 
0.0246129 0.0286986 3.41065e-11 0.0139819 0.632111 0.0250127 0.0339115 0.00251953 0.0484854 0.00404572 3.9853e-05 8.37545e-05 1.41686e-08 0.00278551 5.81031e-08 2.36344e-05 0.00139245 0.099185 0.00207517 0.000785282 1.10354e-05 0.00804796 0.0171731 0.0534923 0.00152574 
0.00413635 2.30218e-05 2.25892e-07 0.00143061 0.501718 0.0238518 0.0318158 0.0815092 0.142005 0.00940551 0.00017284 9.70169e-06 0.000119616 0.000146434 0.00012512 2.60547e-05 0.00449166 0.047986 0.00109731 0.00014185 1.0175e-06 0.00738747 0.107392 0.0349051 0.000101788 
0.000512976 1.38664e-05 5.79465e-10 0.00256361 0.86129 0.0171649 0.0499134 0.0149289 0.0317369 0.00448257 0.00147657 1.54522e-05 7.35242e-05 2.01252e-06 4.63934e-05 1.07734e-06 0.000519203 0.000183633 0.009237 0.000278834 2.06118e-07 0.00102944 0.00307158 0.00127564 0.000182497 
0.0237632 8.89583e-05 1.30779e-06 0.0145398 0.53028 0.00428709 0.0219489 0.0129773 0.125294 0.036535 6.26498e-07 0.000288188 0.000721566 2.55876e-11 1.20963e-06 4.13505e-11 4.71423e-05 5.36167e-05 0.00223773 0.000779621 7.14997e-09 0.0541324 0.101286 0.0641307 0.00660592 
0.00947199 9.77393e-08 5.85583e-10 0.00157173 0.855482 0.00026448 0.00580315 0.00123583 0.00286414 0.0021851 0.00346299 1.01936e-05 0.000943357 1.19519e-05 0.000240198 0.000657449 0.000228912 0.0624063 0.00632513 0.0363438 8.54746e-06 1.99802e-06 0.00875557 0.00131347 0.000411966 
5.84378e-08 4.80688e-08 2.50462e-12 4.03273e-08 0.709585 2.14864e-06 0.181553 0.00330941 0.00154807 0.00111514 1.33259e-08 1.11194e-08 2.34615e-08 7.82716e-05 0.000723693 4.41554e-08 5.06048e-08 0.0680717 0.0024238 8.05363e-08 7.21437e-09 0.00162992 8.84371e-07 0.0294936 0.000465522 
0.000568573 4.46213e-06 7.60622e-08 0.000276061 0.805753 0.0146405 0.00613531 0.0181004 0.00830682 0.0135126 1.10683e-05 4.72973e-05 7.24842e-07 4.64848e-05 0.00314385 5.64279e-06 5.82207e-06 0.114929 0.000527175 7.42285e-05 2.88028e-07 0.000887969 0.00973469 0.00324672 4.18004e-05 
0.00264802 7.68811e-06 1.52215e-05 0.000947308 0.937846 0.00615285 0.0123148 0.00333454 0.00152378 0.000567731 0.00030392 2.35014e-05 9.54167e-05 2.72266e-05 0.000221272 3.5564e-06 0.000205428 0.000422143 0.00212171 0.000723074 5.17805e-07 0.0156833 0.0113112 0.00337531 0.000124737 
0.00757692 4.02512e-07 1.64407e-08 0.00353168 0.217427 0.182271 1.81466e-05 0.199197 0.00684853 0.0466826 4.9344e-05 3.63114e-08 0.000944563 1.8316e-09 1.35159e-09 5.72846e-07 0.0190829 3.39752e-06 2.62137e-06 0.0011499 1.35804e-09 0.110016 0.205196 6.61518e-07 1.98526e-07 
0.0232075 0.0123105 3.10097e-08 0.0439434 0.678403 0.00739482 0.0212802 0.0436005 0.0229949 0.0193923 0.00137021 0.000198557 0.0161701 0.00063472 0.0219173 2.0205e-05 0.00236776 0.0122675 0.0209873 0.00397848 4.28636e-05 0.0142794 0.0105741 0.0211144 0.00154964 
0.00515899 7.11838e-07 1.22617e-06 0.00523911 0.560422 0.0171482 0.0285559 0.0113114 0.0124167 0.00994814 0.00137407 4.63933e-05 0.00107702 7.21887e-05 1.83703e-05 2.05613e-06 0.00534568 0.277879 0.0237979 0.00229065 4.29231e-06 0.0321805 0.00261257 0.00289933 0.000197677 
0.00755357 0.00535472 4.97237e-07 0.00602825 0.330898 0.0260867 0.236248 0.0571142 0.00937593 0.00444475 0.00278867 5.67024e-05 0.00150413 9.03556e-06 0.000256756 0.000112393 0.00499752 0.228131 0.00536031 0.00407119 7.74984e-06 0.0129864 0.0446598 0.0110888 0.000864807 
0.00264802 7.68811e-06 1.52215e-05 0.000947308 0.937846 0.00615285 0.0123148 0.00333454 0.00152378 0.000567731 0.00030392 2.35014e-05 9.54167e-05 2.72266e-05 0.000221272 3.5564e-06 0.000205428 0.000422143 0.00212171 0.000723074 5.17805e-07 0.0156833 0.0113112 0.00337531 0.000124737 
0.00638927 0.000823895 8.21556e-07 0.0159523 0.38657 0.0543585 0.213202 0.0252179 0.0226955 0.00899136 0.00185111 0.000160933 0.00305773 0.0114745 0.000656474 0.000933923 0.00542211 0.136481 0.0178401 0.00442051 3.72388e-06 0.0121409 0.0529389 0.016819 0.00159724 
0.0507581 4.0134e-05 3.67177e-07 0.00407254 0.424477 0.0276803 0.00721316 0.0756434 0.000272418 0.00464812 0.220107 3.98007e-05 0.0129095 4.93988e-07 1.48729e-06 3.70332e-06 0.036933 0.0121894 0.0059502 0.000779175 2.77293e-08 0.107554 0.00446002 0.00390768 0.000359779 
0.0283573 4.3653e-05 1.54647e-06 0.00883056 0.622988 0.00200691 0.0457643 0.18768 0.00251445 0.0019732 1.11414e-06 1.64059e-05 0.000162286 1.67151e-05 0.000709783 1.69072e-07 1.89849e-08 0.0258623 0.00256291 9.57927e-07 8.44907e-09 0.0161985 0.0362711 0.0144352 0.00360273 
0.025344 0.00179636 0.0027774 0.0135873 0.512876 0.0328532 0.0550633 0.0426323 0.0215055 0.0183146 0.00455767 0.000296541 0.0046332 0.00177917 0.0034426 0.00559278 0.0109498 0.0840937 0.0148128 0.00735656 0.00258126 0.0179248 0.0663157 0.0446853 0.00422855 
0.0292681 0.00764627 0.025687 0.029167 0.189431 0.146845 0.021128 0.160174 0.00237084 0.0119468 0.00573629 0.000381838 0.0220945 2.90794e-05 0.0142046 0.00399275 0.0154004 0.0190944 0.0652659 0.00673014 1.30965e-05 0.0705566 0.0707644 0.0817747 0.000297383 
0.0160111 0.00351452 4.52918e-06 0.0052135 0.424293 0.0578512 0.010919 0.0923 0.0108432 0.00450395 0.000118152 2.87088e-05 0.000396834 1.59232e-10 1.64461e-07 2.64005e-07 8.59688e-05 0.00540705 0.0026045 0.00157911 1.87408e-05 0.0490717 0.137928 0.177009 0.000297652 
0.0168517 3.49343e-07 1.28289e-05 0.00220582 0.78595 0.00353017 0.0461181 0.00454737 0.00072564 0.00073208 0.00690645 9.2276e-06 4.88807e-05 3.52627e-06 3.95165e-06 5.66424e-07 0.00373082 0.0155251 2.29895e-05 0.0243083 1.12583e-06 0.00812299 0.0698926 0.00950091 0.00124892 
0.0292424 4.25885e-06 2.35482e-07 0.00928232 0.588545 0.0116516 0.00726588 0.100986 0.0137506 0.0112856 0.0183962 6.32107e-05 0.00934781 0.0237658 0.00106921 2.01384e-05 0.00938432 0.000324933 0.0193362 0.00710648 1.15646e-06 0.00727483 0.0901941 0.0227975 0.0189041 
5.38796e-06 5.37928e-06 5.37723e-06 0.0237105 0.42029 5.38781e-06 0.0328609 0.176174 0.185281 5.38604e-06 0.0156186 5.38697e-06 5.38643e-06 5.37926e-06 0.00807803 5.37333e-06 5.38712e-06 5.38769e-06 5.38704e-06 5.38654e-06 5.38174e-06 0.0420257 0.0371847 0.0264024 0.0322988 
0.0109877 3.69869e-07 9.31366e-07 0.0508488 0.312272 0.0977825 0.00165125 0.0890233 0.209396 0.000524162 0.00107039 7.45569e-08 5.34562e-05 3.4551e-07 0.0106624 2.36879e-05 0.0038589 0.021564 0.00968581 0.000458422 1.16248e-10 0.052406 0.0894507 0.0382494 2.9231e-05 
0.0502618 9.34958e-05 1.15457e-05 0.0439853 0.176576 0.0338996 0.00434165 0.0240844 0.0014132 0.00198335 0.00304822 0.000164556 0.00239623 0.000336012 0.00599503 0.00067034 0.104663 0.0165637 0.108406 0.0216484 0.000178288 0.150878 0.121484 0.123749 0.00316899 
0.0180291 2.1115e-08 1.84819e-11 0.00607335 0.749569 0.0266697 0.0210619 0.0119767 0.00489547 0.00104601 0.000104631 1.57903e-05 0.000409859 0.000388881 0.00136952 4.22476e-07 0.000362888 0.0856863 0.00209239 0.00267898 3.368e-07 0.0183954 0.0329385 0.0161509 8.40886e-05 
0.189462 0.0153956 8.20642e-08 0.000411053 0.312211 0.0621782 0.0206187 0.0289073 0.00135401 0.0143094 0.00777015 0.000245736 0.0488774 0.00129759 0.00182348 0.000117873 0.0291956 0.041626 0.0275986 0.00242587 0.000187943 0.0211865 0.0688113 0.103832 0.000156993 
5.82915e-08 1.89623e-11 2.3022e-11 0.000820304 0.719009 9.64949e-05 0.150847 0.000686994 2.5046e-07 4.28728e-07 9.87735e-12 5.67383e-05 1.92173e-07 6.08997e-08 0.124688 3.07454e-11 4.76493e-08 0.000414915 0.000755303 4.56957e-12 1.97628e-08 0.00214958 1.18593e-07 0.000474543 1.31925e-11 
0.00191361 3.58464e-07 4.16422e-10 0.0167484 0.438739 0.00332438 0.0929016 0.234671 0.0142506 2.22915e-07 0.000484106 6.74692e-11 0.00075441 1.03841e-06 1.12327e-07 5.56122e-10 6.06589e-05 0.0113261 7.80792e-05 0.000361079 2.55153e-10 0.165019 0.0128428 1.12012e-07 0.00652353 
0.000103599 0.00399692 0.000254558 7.80021e-05 0.991061 0.000139117 0.00089949 2.40184e-08 4.96179e-08 0.00111972 0.000873135 8.5626e-05 4.07288e-08 1.61694e-07 1.19319e-07 2.61303e-07 0.00018065 1.95743e-08 0.000199036 3.88365e-08 0.000431715 2.75324e-08 8.62194e-09 0.000531299 4.49613e-05 
0.0119998 0.000201078 0.00113721 0.0165771 0.608833 0.0350918 0.0298936 0.055483 0.0478538 0.00255615 0.00525569 0.00302466 0.00757585 0.0018582 0.00439643 0.00108166 0.00416359 0.0297001 0.0113766 0.0116761 0.000129534 0.0266925 0.0417023 0.0399553 0.00178478 
0.014894 0.00218382 8.22139e-09 0.00203517 0.553215 0.00483636 0.00251872 0.00688337 0.00107998 0.0187445 0.000368301 0.000239899 0.0163806 1.74893e-06 0.000579523 0.000181696 0.0100036 0.227413 0.0119956 0.00228002 1.61119e-08 0.000202004 0.0472152 0.0763235 0.000423999 
0.00544069 0.000435358 2.97785e-09 0.00873013 0.603371 0.00636942 0.0223004 0.0101801 0.00302703 0.00653967 0.000859264 5.14968e-05 0.00335467 0.000420814 0.0374136 4.46673e-05 0.00578191 0.204178 0.00858686 0.00510909 0.000102956 0.000488917 0.0329727 0.0340783 0.000163152 
0.0492976 1.972e-05 9.38248e-09 0.00572121 0.413167 0.0228653 0.15457 0.00752268 0.151543 0.0113505 6.04406e-05 2.08908e-05 0.00436052 0.00189448 0.0124697 4.58332e-05 0.0296757 0.0114099 0.0143587 8.07385e-05 6.30723e-05 0.094148 0.0133663 0.00195028 3.80507e-05 
0.00270395 0.000225875 3.81007e-10 0.0116225 0.719303 0.0328411 0.0136352 0.0737151 0.0615798 0.00533628 0.000960807 0.000120373 0.00844833 0.00138717 0.000359075 4.79242e-06 0.000379396 0.00312855 0.0108697 0.00627732 1.52412e-06 0.0349975 0.00440171 0.0070763 0.000624425 
0.00468191 3.64262e-05 2.12576e-10 8.09134e-05 0.830614 2.81416e-07 0.00844615 0.00540924 1.51893e-06 0.000235204 0.00491847 0.00010104 5.33902e-05 3.99472e-06 1.74064e-07 4.96464e-08 0.000286867 0.0010255 0.000336129 2.19571e-05 7.65898e-08 0.00164669 0.0363473 0.105753 2.44648e-07 
0.00667861 7.92692e-05 1.68311e-05 0.0119882 0.543757 0.0609008 0.0278766 0.0388515 0.0040112 0.00132368 0.00728529 0.00294957 0.00155142 0.000598949 0.00205886 3.54544e-05 0.00249213 0.0470481 0.0330375 0.00264869 1.6199e-06 0.0774188 0.115235 0.0113796 0.000774817 
0.00879873 0.0313666 7.09535e-06 0.000727304 0.474259 0.00733763 0.0378261 0.00571611 0.00101957 0.003 0.000476034 4.55799e-05 9.44172e-05 2.73988e-06 2.60141e-05 1.35566e-05 0.00361681 0.0659264 0.000957988 0.000318542 2.97286e-05 0.00905828 0.0246623 0.323327 0.00138589 
0.0201379 5.6255e-11 6.8299e-11 0.0393665 0.585693 2.01348e-06 0.0207755 0.0295919 0.00107528 3.61046e-07 1.34796e-06 7.0712e-07 0.0131657 7.90747e-08 4.16498e-11 9.12116e-11 4.13891e-07 0.000179378 4.82628e-06 0.231148 4.18486e-11 0.0586426 0.000116087 9.88553e-05 3.91379e-11 
0.00789831 0.000226448 3.88935e-07 0.00133926 0.723699 0.00249386 0.0118277 0.072303 0.0207294 0.00976245 0.0118744 1.76483e-05 0.000920848 1.93945e-07 0.000116223 0.000219313 0.00302431 0.0261374 0.00256752 0.0013249 3.74763e-08 0.00200705 0.0181842 0.0833083 1.78248e-05 
7.26327e-06 7.83642e-10 9.51418e-10 8.43955e-06 0.682308 0.0621784 1.92194e-06 0.063148 2.97245e-05 5.46777e-06 4.08195e-10 8.78808e-07 1.39426e-05 7.94105e-08 5.8019e-10 1.2706e-09 0.074597 9.35636e-06 3.06977e-05 3.64487e-06 9.33316e-07 8.52801e-05 2.19266e-05 0.117549 5.45199e-10 
0.00103647 6.97723e-08 2.61327e-09 0.00103756 0.546437 0.0209505 0.0180675 0.00369761 0.212346 4.20552e-05 0.000439269 3.81352e-07 7.25601e-05 5.73491e-08 1.3171e-05 1.75326e-06 0.00238853 0.161255 3.59426e-05 0.00480873 2.84861e-07 0.0027613 0.0233437 0.00116908 9.53385e-05 
0.0618033 5.68374e-05 1.21682e-07 0.0377127 0.273933 0.0382637 0.0194573 0.0243393 0.00631841 0.0122812 0.0661673 0.000737365 0.00349205 0.000264944 0.00432871 4.40559e-07 0.117553 7.22902e-05 0.0254876 0.0510815 7.2597e-05 0.0422675 0.0314828 0.178962 0.0038641 
0.0118069 0.00051257 4.69291e-10 0.00708843 0.230558 0.157616 0.0391295 0.126276 0.0124177 0.00762156 0.000719821 7.85644e-05 0.000629985 0.00209725 2.86181e-10 0.000194325 0.140714 0.0338928 0.0145207 0.00754617 0.0544311 0.0750271 0.0730006 0.00405308 6.70817e-05 
0.0585443 0.000879138 3.19104e-10 0.0188964 0.400868 0.0451791 0.030465 0.0960884 0.0042772 0.000519525 0.00701211 1.21604e-07 0.00207702 3.1086e-06 1.94595e-10 0.000189201 0.0313202 0.0285315 0.00352267 0.00201306 2.63309e-07 0.116978 0.14401 0.00862607 5.28525e-08 
0.0337795 0.000261749 1.67781e-06 0.146276 0.311323 0.0888578 0.0354844 0.0278084 0.117686 0.0016144 0.00564 2.75939e-06 0.000351532 0.000279216 0.000198666 4.42602e-06 0.00838014 0.0127001 0.00589399 0.00645385 3.00742e-06 0.0223027 0.15679 0.0170317 0.00087469 
2.45648e-10 2.6371e-09 3.2017e-09 3.64573e-10 0.956154 2.88117e-10 0.000115142 0.0238192 1.27478e-05 0.0198515 1.37365e-09 5.18742e-10 6.66458e-10 2.64585e-09 1.95245e-09 9.83854e-06 4.76702e-10 1.47371e-06 5.00983e-10 1.27163e-06 1.96177e-09 1.0817e-06 1.41083e-10 6.94565e-06 2.71553e-05 
0.0384481 0.00010379 4.58751e-09 0.0547408 0.764269 0.0186072 0.0047432 0.00836917 0.00282384 0.000373943 0.000649974 2.18947e-06 0.0016261 1.11165e-05 0.000216392 1.71154e-06 0.015908 0.00183071 0.00134277 0.00726475 1.26138e-07 0.0131559 0.0580138 0.00748002 1.77143e-05 
2.50492e-05 2.50089e-05 2.49993e-05 2.50472e-05 0.378289 2.50485e-05 0.0425944 0.260511 0.0676321 2.50403e-05 2.50301e-05 2.50446e-05 2.50421e-05 2.50088e-05 2.50204e-05 0.00502121 2.50453e-05 2.5048e-05 2.50449e-05 2.50426e-05 2.50203e-05 2.50458e-05 0.100229 0.127757 0.0175408 
0.0115755 1.78143e-05 3.78119e-10 0.00710819 0.353479 0.0527103 0.00380929 0.0588468 0.000294354 0.00481665 0.0270995 3.22954e-05 0.00237058 5.84781e-06 0.00225092 3.54243e-05 0.0238973 0.255352 0.00106053 0.00554344 7.51041e-07 0.00279957 0.135294 0.0393148 0.012285 
0.0121005 0.000115659 4.90687e-06 0.0881508 0.261135 0.0269233 0.00470539 0.157508 0.113028 0.00992089 0.107449 0.0123615 0.0111239 0.0010518 0.00636243 6.41269e-05 0.00431397 0.00269398 0.00339709 0.00518872 1.33978e-06 0.0615895 0.0413806 0.0623461 0.0070836 
0.00351533 8.04048e-07 5.534e-06 0.00421575 0.815681 0.00632398 0.0517752 0.0210776 0.00760206 0.0222945 0.00477021 0.00019467 0.00184419 0.000227926 0.00027631 0.000123996 0.00425002 0.011497 0.0102663 0.00196884 0.000264026 0.0146926 0.00524279 0.011871 1.86831e-05 
0.014927 0.00215333 1.57802e-06 0.0363083 0.558335 0.0129802 0.000621678 0.0436384 0.0292724 0.00506006 0.00150917 4.51476e-06 0.0067535 2.82274e-05 0.000700667 1.1096e-05 0.00925722 0.00882263 0.0201143 0.0182117 0.000134518 0.00785977 0.038729 0.183992 0.000574081 
0.0121903 1.46418e-07 3.49231e-07 0.00341409 0.540829 0.000244557 0.0639512 0.0085013 0.121845 0.000806983 1.55883e-07 7.58603e-05 0.000736414 1.29602e-05 0.142259 0.00738598 0.00117913 0.0253461 0.0207671 0.00490574 3.61023e-06 0.0102786 0.0333583 0.00102373 0.000884815 
0.0159195 2.91378e-05 1.39909e-10 0.00036619 0.839252 0.000561587 0.00650654 0.0206121 0.000103471 0.0274162 0.00024303 3.26018e-05 3.63953e-05 1.17495e-06 8.53187e-11 0.000143535 0.0196829 0.0434645 0.00078911 0.00125486 8.57259e-11 0.00117823 0.00801871 0.00304176 0.0113461 
0.00122756 8.76832e-11 1.06456e-10 0.000448656 0.759236 0.0234301 0.00545664 0.007436 0.00374916 0.0209809 0.00027958 0.000230567 7.39737e-06 2.64811e-06 4.68639e-08 2.20569e-05 0.000195768 0.106644 0.0130495 0.000134419 3.04743e-07 0.012387 0.0376029 0.000620187 0.00685853 
0.011012 5.07779e-05 1.59974e-06 0.00456896 0.566105 0.00537375 0.00096041 0.291758 0.000251883 0.002758 0.00220327 9.88244e-05 0.00918914 9.6537e-07 0.00296947 0.000654324 0.00616231 0.00962814 0.0143798 0.000608399 1.47821e-06 0.00141274 0.00874253 0.0610878 2.07245e-05 
0.0430085 3.20663e-05 6.83834e-07 0.0113015 0.336452 0.0315568 0.00906786 0.0455021 0.00593232 0.00303427 2.39121e-08 0.000322063 0.000337151 1.80347e-08 0.00267179 3.67508e-08 0.000824351 0.0118496 0.000447634 0.00239156 1.12506e-06 0.17308 0.190062 0.131705 0.000420305 
0.00831858 2.91372e-05 2.04367e-05 0.0063584 0.527266 0.00370801 0.0566786 0.00707669 0.0446575 0.0019376 4.83272e-11 9.38188e-08 8.81102e-05 3.10867e-06 5.58999e-06 2.00671e-05 2.09381e-05 0.000206613 0.00149632 0.000394408 1.65611e-07 0.0195448 0.229354 0.0928134 1.25693e-06 
0.000880353 1.06261e-09 1.29011e-09 0.000323694 0.81868 0.0167519 0.00854029 0.00983912 0.00268237 0.0150016 0.000202542 0.000165581 5.81955e-06 2.42011e-06 2.03392e-07 1.73957e-05 0.000145755 0.0761914 0.0093792 9.70288e-05 4.42934e-07 0.00885815 0.0268771 0.00044443 0.00491333 
0.0113828 0.000797985 6.80311e-10 0.0054332 0.427953 0.0095139 0.115457 0.225841 0.018133 0.00184496 0.000572271 2.53679e-05 0.00940944 5.65967e-08 0.00590869 1.8989e-07 0.0171453 0.0592012 0.00274566 0.00478442 3.94876e-07 0.0040656 0.0163286 0.0632133 0.000242874 
0.00444078 3.086e-05 1.25171e-09 0.000183714 0.385053 0.0622496 0.336538 0.00363269 5.50734e-05 0.0646634 0.00015304 3.07218e-05 0.00447188 0.00031891 3.55366e-08 4.93608e-05 0.0232014 0.015891 0.00327804 0.021164 3.37077e-09 0.00874082 0.0605504 0.00530154 2.00078e-06 
0.107474 2.77029e-06 3.28831e-07 0.0297277 0.271645 5.1576e-05 0.0113042 0.0917043 0.0762899 0.00115408 0.00331299 3.39751e-05 0.00671452 3.66091e-07 0.0145752 2.0566e-06 0.00179678 0.112347 0.000142045 0.00187634 2.71438e-07 8.22905e-05 0.0993249 0.139711 0.0307262 
9.14538e-07 5.54253e-08 6.72916e-08 0.00853223 0.354756 5.74516e-06 5.10145e-06 0.312297 0.295203 1.63167e-08 2.21786e-06 1.09027e-08 3.55186e-05 0.000278576 4.10355e-08 9.37833e-07 2.64922e-06 7.00175e-07 0.000139118 0.0214154 4.12314e-08 0.00211916 0.000373152 0.00483267 3.85607e-08 
0.0118551 0.00158381 7.53548e-07 0.0271804 0.769742 7.55031e-07 7.54797e-07 0.0340502 0.050268 0.00256702 7.54476e-07 7.54913e-07 7.54837e-07 0.00527758 7.54182e-07 7.53001e-07 0.0096639 7.55013e-07 0.000453707 7.54853e-07 7.54179e-07 0.0865933 0.000227286 7.54936e-07 0.000528727 
0.037189 1.63557e-06 1.63495e-06 0.0520926 0.21593 0.0558632 0.0253854 0.0113042 0.0951453 0.0147402 0.0216095 0.00147576 0.0293173 1.63556e-06 0.0090014 1.63376e-06 0.0327606 0.00311408 0.0227689 0.030792 1.63632e-06 0.120066 0.0288361 0.163142 0.029458 
4.77701e-05 0.000127943 1.28694e-09 1.46542e-10 0.729909 1.5288e-06 2.98784e-10 1.26397e-06 3.26352e-10 7.21158e-05 5.52146e-10 8.29894e-06 0.025966 1.06351e-09 7.84795e-10 0.0111843 2.24206e-06 4.24991e-07 4.02947e-07 2.5544e-10 7.88541e-10 1.81089e-10 0.0172999 0.215375 3.76181e-06 
0.00347188 3.81277e-06 9.21455e-06 0.00507052 0.854165 0.0157325 0.00457311 0.0158567 0.00464088 0.0445956 0.00265376 1.91886e-05 0.000438897 7.65853e-09 0.00573898 4.14936e-08 2.09131e-05 0.00196287 0.00424186 0.000206392 1.27909e-08 0.00301471 0.0177135 0.0157665 0.000102819 
0.0109454 3.63076e-05 0.00148261 0.00873036 0.384969 0.0290017 0.0553207 0.0583463 0.00912494 0.0190154 0.00458712 7.67636e-05 0.00415546 0.00033203 0.000898371 0.000166973 0.00643947 0.33278 0.00932944 0.00276673 7.96405e-07 0.0104509 0.0410202 0.00911351 0.000909313 
0.00138439 0.00137645 6.05116e-06 1.11019e-06 0.453317 0.00160156 0.360376 0.103917 0.0012604 0.000182127 1.0823e-10 7.72513e-06 1.61699e-07 2.08466e-10 1.53833e-10 3.36889e-10 0.000197788 0.0652619 0.000800024 5.90387e-08 3.31491e-08 0.00580283 5.04147e-06 0.00360949 0.000893288 
0.012272 1.62301e-06 9.8955e-11 0.00930031 0.468727 0.0281681 0.22548 0.0148633 0.0375885 3.8516e-05 6.05034e-05 3.30597e-05 0.00521079 8.29417e-05 0.00102467 5.21892e-06 0.00366098 0.135946 0.0022453 0.00407782 1.39367e-06 0.0393115 0.0109194 0.000821186 0.000159409 
0.0118551 0.00158381 7.53548e-07 0.0271804 0.769742 7.55031e-07 7.54797e-07 0.0340502 0.050268 0.00256702 7.54476e-07 7.54913e-07 7.54837e-07 0.00527758 7.54182e-07 7.53001e-07 0.0096639 7.55013e-07 0.000453707 7.54853e-07 7.54179e-07 0.0865933 0.000227286 7.54936e-07 0.000528727 
0.0219369 0.000191372 0.0133021 0.0332507 0.445043 0.0366214 0.134426 0.170711 0.0128707 0.0275394 0.0149699 2.52476e-06 0.00834687 0.00169467 0.00057012 1.13451e-06 0.00167919 0.00347478 0.00156221 0.0120991 6.31251e-08 0.0215523 0.0200767 0.0180702 8.38202e-06 
0.0207675 0.00443383 3.8304e-05 0.0231481 0.553169 0.0347998 0.00915761 0.112136 0.0385874 0.0115054 0.00672906 0.00211578 0.0101237 0.000223254 0.0060862 1.31729e-05 0.008278 0.0187821 0.00522209 0.00571886 0.000258083 0.0101044 0.0515443 0.0656398 0.00141768 
0.0673363 0.00311691 1.33759e-07 0.0209364 0.279988 0.0532699 0.0128435 0.0618886 0.026494 0.150556 0.0150394 0.000251753 0.00355607 0.0116734 0.00109629 3.87811e-06 0.00173612 0.0113703 0.0199355 0.00422345 6.10832e-06 0.00485292 0.035157 0.213197 0.00147155 
0.00575444 7.30715e-06 0.0030724 0.000352995 0.830061 0.00660248 0.0239126 0.0160431 0.0129711 0.00726395 0.000418236 1.05879e-06 0.000160732 4.67871e-07 1.22768e-09 1.02698e-06 0.00724397 0.0323385 0.00124899 3.06377e-05 3.91766e-07 0.0317355 0.0203137 0.00036837 9.73669e-05 
0.00724702 1.35458e-07 2.4367e-07 0.0218478 0.669201 0.0159045 0.0025021 0.0182238 0.00116572 0.0152006 1.84019e-05 0.00397161 0.0202856 0.000444077 0.000675919 0.00103568 0.00187134 0.0480649 0.00787526 0.0637249 1.00769e-07 0.00972875 0.0887179 0.00228372 9.039e-06 
8.67719e-06 2.40279e-09 1.45406e-06 0.00251024 0.601118 0.000403298 0.0196039 0.0176344 8.67493e-07 0.000649146 0.103264 0.000499597 0.00578702 4.47948e-06 0.00010121 1.42507e-06 0.073794 0.00254896 1.27203e-06 0.000242848 9.03129e-07 5.79104e-05 0.0774422 0.0901664 0.00415755 
0.00118553 4.76972e-06 1.04401e-11 0.00304133 0.601576 0.03867 0.00858372 0.00409552 0.00792579 0.000908711 0.00198292 1.65094e-05 0.000894438 7.78632e-08 0.000371735 2.55695e-06 0.00677786 0.235011 0.0216842 0.007813 1.30298e-06 0.00521534 0.0480902 0.0061322 1.50935e-05 
0.00180868 4.9525e-06 1.07323e-09 0.000200616 0.720202 0.0622015 0.125449 0.00594094 0.00654075 0.000840717 0.000322509 1.4548e-06 5.48784e-05 0.00014653 1.95459e-07 2.8513e-06 9.66586e-05 0.0481074 0.00153022 0.010485 1.57095e-07 0.00152346 0.013777 0.000758816 4.24484e-06 
0.096924 0.00015579 2.75677e-06 0.0922654 0.364906 0.10198 0.038766 0.0346272 0.0207236 0.00838388 8.58943e-05 1.06035e-05 0.00881743 0.0048733 2.62227e-09 2.04808e-07 0.000247244 0.000304572 0.00618497 0.0133169 9.42934e-08 0.091871 0.0891849 0.0257056 0.000662563 
0.0264836 0.000827534 0.000513068 0.0206567 0.517057 0.0214766 0.0365466 0.0567093 0.015456 0.00788229 0.0197757 0.000627797 0.0115434 0.00310732 0.00547785 0.000275477 0.0152434 0.0627357 0.014677 0.012608 0.000377813 0.029185 0.0587327 0.0509032 0.011121 
0.00798037 0.000534261 8.33923e-09 0.00118157 0.37666 0.0596061 0.0547781 0.110451 0.00358635 0.0642337 0.0053702 8.14542e-05 6.61326e-05 1.55237e-08 0.00014219 1.51291e-08 0.0434166 0.00955071 9.24547e-05 0.00272543 3.73457e-06 0.0467055 0.0920495 0.116519 0.00426544 
5.82915e-08 1.89623e-11 2.3022e-11 0.000820304 0.719009 9.64949e-05 0.150847 0.000686994 2.5046e-07 4.28728e-07 9.87735e-12 5.67383e-05 1.92173e-07 6.08997e-08 0.124688 3.07454e-11 4.76493e-08 0.000414915 0.000755303 4.56957e-12 1.97628e-08 0.00214958 1.18593e-07 0.000474543 1.31925e-11 
0.0122181 0.0257744 2.34128e-09 0.000784258 0.550695 0.0312018 0.0756912 0.0275427 0.116728 0.00415049 0.000228728 0.000418215 0.00065184 0.00551319 2.71785e-05 0.000220746 0.00382863 0.0295186 0.00698187 0.00295058 4.97434e-05 0.0095452 0.0643106 0.0309516 1.67139e-05 
0.0120002 0.00405989 2.5787e-05 0.00629214 0.414616 0.0395387 0.30893 0.028039 0.0174162 0.00598294 0.00400077 0.000834237 0.00263107 0.00579678 0.000714667 0.000336702 0.0104692 0.0632815 0.012593 0.00396228 0.00358231 0.0148723 0.0286237 0.0100185 0.0013824 
0.0201807 1.81355e-07 3.64259e-09 0.0124442 0.68572 0.00653785 0.0695083 0.0406932 0.00730645 0.00441789 0.000100669 6.13346e-06 0.000911067 7.72054e-06 0.00151421 0.00761628 0.00397002 0.018869 0.00513047 0.00352812 3.12312e-05 0.00262219 0.029918 0.0787936 0.00017251 
0.0107192 0.000264695 9.07728e-08 0.000234955 0.660749 0.0139659 0.0120556 0.028973 0.00518883 0.00269174 0.00237078 0.000165398 0.00128336 3.05056e-08 4.67829e-07 0.00185669 0.0193747 0.146444 0.0427855 0.00372404 3.62203e-06 0.00479624 0.0264529 0.0157131 0.000186746 
0.00879465 3.79437e-06 8.93121e-06 0.000566134 0.814206 0.00346848 0.0607929 0.0117003 0.00131381 0.000265804 0.000143478 3.07327e-05 9.90525e-05 0.00129706 0.0555217 1.82054e-06 0.000255427 0.000197684 0.00111541 0.000338415 2.83752e-07 0.00732249 0.0238475 0.00864899 5.88263e-05 
8.59727e-08 7.32794e-06 0.00267623 0.000334177 0.532409 0.00136736 0.00835721 0.0169947 0.271859 0.00172903 0.00517308 5.36761e-05 1.4148e-06 1.65921e-08 0.000518364 0.0113708 1.73113e-11 0.00320732 8.69682e-07 0.000132657 7.12408e-11 0.00119031 0.00289714 0.137981 0.00173903 
0.0090264 0.00244606 0.00420154 0.0105148 0.343895 0.0316592 0.20563 0.0553539 0.0161083 0.00964629 0.00138147 0.00072289 0.003376 0.000156182 0.000819315 0.000403777 0.0189676 0.100001 0.0551562 0.0145506 0.000297636 0.0332522 0.0369112 0.0449479 0.000574747 
5.84378e-08 4.80688e-08 2.50462e-12 4.03273e-08 0.709585 2.14864e-06 0.181553 0.00330941 0.00154807 0.00111514 1.33259e-08 1.11194e-08 2.34615e-08 7.82716e-05 0.000723693 4.41554e-08 5.06048e-08 0.0680717 0.0024238 8.05363e-08 7.21437e-09 0.00162992 8.84371e-07 0.0294936 0.000465522 
0.0227736 0.000101322 0.000118238 0.00899346 0.657358 0.0434012 0.0263238 0.0219798 0.00946207 0.0125424 0.00820902 0.00307234 0.00185162 0.00224048 0.000419118 0.000229566 0.0136729 0.0154774 0.0285458 0.00245371 2.76471e-05 0.0146444 0.0472613 0.0572059 0.00163515 
0.0088926 5.61458e-05 0.0194713 0.0165515 0.630693 0.00600686 0.144631 0.016334 0.00631711 0.00310251 0.000924278 2.77451e-05 0.00550746 0.0152637 0.000355072 0.00288693 0.0108011 0.0277759 0.0146068 0.00907496 1.09961e-06 0.00251438 0.0558956 0.002254 5.48278e-05 
0.0079161 4.09618e-05 0.00442091 0.0185592 0.492324 0.0373414 0.0300727 0.038549 0.170253 0.00584636 0.0073906 3.59409e-05 0.000762514 1.04983e-05 0.000946538 0.000285985 0.00722748 0.0129379 0.0158474 0.014306 3.47545e-06 0.0114715 0.0447693 0.059325 0.0193563 
0.0187396 6.96507e-05 4.57224e-11 0.0170685 0.283537 0.0195853 0.106043 0.0259304 0.0493099 0.053299 0.00711788 0.000581274 0.00643973 3.69711e-05 0.000191101 0.000138358 0.00400578 0.061205 0.168922 0.00505034 1.25048e-05 0.00691721 0.0475346 0.0564059 0.0618589 
0.00434276 0.0033876 1.02471e-05 0.00580856 0.471117 0.0155578 0.0161086 0.00541465 0.359659 0.000333234 0.000455611 1.4144e-05 0.000524727 3.93298e-05 0.00110048 6.76509e-05 0.000144865 0.0146517 0.00019302 0.00165742 4.69169e-06 0.00787463 0.0579672 0.0300627 0.00350296 
0.0108854 5.44669e-05 0.000461627 0.0109755 0.462483 0.0444042 0.00983743 0.0312979 0.0037472 0.0537948 0.00218372 7.69328e-05 0.000779455 0.000429657 0.00319339 0.000300846 0.0402393 0.129991 0.0226471 0.0309325 9.71646e-05 0.0284368 0.0900208 0.0210113 0.00171854 
0.00010919 1.1786e-05 1.29966e-08 1.47991e-09 0.787641 1.16955e-09 0.00153857 0.0579832 0.00554977 1.60753e-05 5.57606e-09 2.10573e-09 2.70535e-09 3.22317e-05 7.92555e-09 3.8202e-05 0.000132554 1.30019e-09 7.28064e-05 2.57966e-09 0.000105125 1.8288e-09 5.72699e-10 0.146756 1.41578e-05 
0.173689 3.05952e-05 2.53727e-06 0.0138385 0.325759 0.102158 0.138406 0.0119638 0.00907742 0.00122386 0.00183731 6.07732e-06 0.00460908 0.000875772 8.03938e-05 6.74302e-06 0.000335168 0.0898422 0.00303156 0.000606023 3.72625e-08 0.00380909 0.115293 0.0033432 0.000175998 
2.60844e-05 3.8062e-10 4.6211e-10 1.43969e-05 0.978713 1.05213e-06 7.20975e-06 0.00555365 0.00360381 1.12051e-10 1.98263e-10 2.84587e-07 7.32991e-06 2.8645e-06 0.000260582 4.5057e-06 8.2221e-06 4.87263e-05 2.96536e-07 1.50426e-05 2.8343e-07 0.00397449 2.94917e-05 0.00762204 0.00010677 
0.0534435 6.54653e-05 0.000141817 0.0220753 0.303084 0.0533378 0.00347693 0.0265385 0.0151995 0.00212955 0.0564757 0.000659465 0.0169209 0.00168669 0.00306352 0.00012093 0.0793171 0.0327194 0.0998248 0.0157398 3.68248e-06 0.133602 0.067599 0.0126597 0.000114844 
0.0275593 0.0398399 2.88657e-10 0.00668483 0.286989 0.0456612 0.0152557 0.0598652 0.00555933 0.0322167 0.000281711 8.30408e-05 0.000343098 6.68622e-07 0.00272291 0.000536064 8.5015e-05 0.0148848 0.00585138 0.000287842 6.26453e-06 0.0291967 0.145293 0.264033 0.0167629 
8.15184e-07 4.0935e-08 5.42044e-11 1.94439e-07 0.843148 0.000946153 0.0483624 0.00772136 9.63003e-08 0.00292148 2.32558e-11 1.80926e-07 2.98387e-07 0.000423145 3.30547e-11 9.36297e-06 0.000267221 0.0425231 0.0446706 1.07363e-06 2.34359e-08 0.000298623 5.19667e-07 0.00870469 1.09465e-07 
0.0201379 5.6255e-11 6.8299e-11 0.0393665 0.585693 2.01348e-06 0.0207755 0.0295919 0.00107528 3.61046e-07 1.34796e-06 7.0712e-07 0.0131657 7.90747e-08 4.16498e-11 9.12116e-11 4.13891e-07 0.000179378 4.82628e-06 0.231148 4.18486e-11 0.0586426 0.000116087 9.88553e-05 3.91379e-11 
