0.500975 2.0954e-05 2.98503e-07 0.0109851 0.0103119 8.11666e-08 0.000432793 0.00511591 0.00212564 0.000352484 2.41383e-06 2.71858e-05 1.64576e-05 0.319236 0.00103163 1.262e-07 0.00269978 0.000142102 0.0001203 0.00189011 9.15551e-08 0.0012117 0.0674717 0.074191 0.00163952 
0.631079 0.00167554 4.04283e-06 0.0125279 3.82496e-05 3.33812e-10 1.15661e-05 0.0049207 7.87916e-08 0.0135386 0.00250322 0.000111984 0.000948355 5.51315e-06 0.00622992 2.90839e-06 0.000505447 0.0847629 0.0602611 1.60579e-07 1.54281e-06 0.0223733 0.000630014 0.157865 3.13532e-06 
0.00875053 2.94826e-09 3.57947e-09 4.07591e-10 0.0296352 3.22112e-10 3.07566e-06 1.93377e-06 9.07712e-10 8.67943e-10 2.76586e-06 6.38525e-07 7.45096e-10 2.95804e-09 5.45924e-06 0.00201586 5.47344e-05 3.58094e-10 7.00175e-06 7.10478e-10 2.19324e-09 0.481862 1.87715e-06 0.477659 2.05118e-09 
3.65356e-07 1.91317e-10 2.32278e-10 0.00629395 0.98787 2.09024e-11 2.48119e-07 0.00432297 2.6978e-06 5.63222e-11 6.1797e-07 3.76339e-11 4.83505e-11 2.68925e-07 1.41647e-10 3.10201e-10 3.4584e-11 2.32373e-11 2.61724e-07 3.73489e-07 1.42323e-10 0.00150592 1.91412e-07 2.29686e-07 1.43766e-06 
0.000567044 8.68384e-06 1.0543e-05 1.20052e-06 5.38322e-07 9.48754e-07 2.44774e-06 0.000777812 2.67359e-06 2.55645e-06 4.52337e-06 1.70819e-06 2.19461e-06 8.71265e-06 6.42931e-06 1.408e-05 1.56976e-06 1.05473e-06 1.64971e-06 2.09265e-06 6.46e-06 1.48355e-06 4.64581e-07 0.990109 0.00846423 
0.000545762 1.12897e-05 1.37068e-05 0.00152122 6.99862e-07 1.23346e-06 3.18226e-06 1.68256e-06 0.000546806 0.000333531 5.88075e-06 3.75234e-05 2.85318e-06 1.13272e-05 0.996479 1.83051e-05 2.04081e-06 1.37124e-06 2.14476e-06 2.72061e-06 8.39852e-06 1.92873e-06 6.03992e-07 0.000438769 7.85451e-06 
0.000699117 7.15707e-09 8.68938e-09 0.0144871 0.0155241 7.81946e-10 0.50314 0.00119496 0.000619693 0.00381701 3.72808e-09 0.000281488 1.80876e-09 4.73611e-05 5.29892e-09 0.000361764 0.112571 0.0667881 1.55105e-05 1.72473e-09 5.32422e-09 0.247512 0.00644659 0.026494 4.97935e-09 
0.000172239 9.62395e-06 2.88548e-12 0.000119969 0.000184344 1.29571e-09 3.66467e-07 0.000105117 0.000234353 7.6958e-05 2.97366e-09 2.73185e-05 2.88739e-05 2.38453e-12 0.000278797 6.16494e-08 1.67504e-05 9.09389e-05 0.00194627 1.44029e-05 9.98093e-08 0.000393144 0.00030211 0.00150379 0.994494 
1.02119e-07 1.47162e-06 1.31613e-09 1.30793e-06 0.0401718 1.18437e-10 3.73332e-06 0.000105985 2.08082e-05 1.29906e-06 5.64673e-10 0.001198 2.73964e-10 1.08764e-09 8.87385e-05 5.62775e-07 7.19488e-07 9.06541e-07 2.05941e-10 2.61235e-10 0.00398808 1.85198e-10 1.78229e-07 0.954261 0.000155044 
0.500975 2.0954e-05 2.98503e-07 0.0109851 0.0103119 8.11666e-08 0.000432793 0.00511591 0.00212564 0.000352484 2.41383e-06 2.71858e-05 1.64576e-05 0.319236 0.00103163 1.262e-07 0.00269978 0.000142102 0.0001203 0.00189011 9.15551e-08 0.0012117 0.0674717 0.074191 0.00163952 
0.003861 2.15652e-05 1.42001e-07 4.48542e-05 0.0982599 1.27785e-08 0.0019494 0.00578053 0.00111409 0.00124116 0.000185721 9.27094e-07 0.00172258 1.17348e-07 0.00348542 1.89639e-07 7.19818e-05 0.00262491 0.00481135 0.00375194 8.70079e-08 0.000109309 0.00481293 0.86615 8.13721e-08 
0.0114407 0.00209446 7.95967e-11 0.000543901 1.64222e-08 7.16281e-12 1.19982e-06 0.000228971 5.95488e-08 0.000176937 3.41501e-11 0.0306996 2.26365e-07 6.5778e-11 1.05781e-07 1.98873e-07 0.0003509 1.58025e-07 0.000408965 2.84007e-08 0.000967767 0.000220703 4.96359e-05 0.952815 4.5612e-11 
0.39487 6.14863e-07 2.77681e-10 0.206816 0.000677486 2.49881e-11 8.0254e-05 0.0321413 0.00131131 0.0427262 1.19136e-10 0.00369344 0.0732812 2.29473e-10 6.00647e-07 3.70836e-10 0.000353547 3.94581e-06 0.000869057 0.0151543 1.10536e-07 0.003839 0.139297 0.0848846 5.28184e-07 
0.159867 2.73871e-06 2.21523e-09 9.28286e-06 1.95679e-05 1.99346e-10 7.76648e-06 2.75737e-05 0.00671305 2.52511e-06 7.41421e-06 1.97438e-06 0.051219 1.83064e-09 9.45755e-06 2.95838e-09 0.226928 0.000200694 3.46626e-10 5.67247e-06 1.35733e-09 3.11712e-10 2.46185e-05 0.554954 1.26941e-09 
0.00333247 0.0221259 2.17569e-08 0.00863447 0.106477 3.13907e-06 0.00934538 0.0144422 0.0103519 0.0124008 0.00168986 0.000277899 1.90557e-05 1.79797e-08 0.0088816 4.33313e-06 0.00038092 0.0116632 0.000297147 0.0447088 0.000229641 0.0184239 0.0181974 0.663448 0.0446649 
0.500975 2.0954e-05 2.98503e-07 0.0109851 0.0103119 8.11666e-08 0.000432793 0.00511591 0.00212564 0.000352484 2.41383e-06 2.71858e-05 1.64576e-05 0.319236 0.00103163 1.262e-07 0.00269978 0.000142102 0.0001203 0.00189011 9.15551e-08 0.0012117 0.0674717 0.074191 0.00163952 
0.500975 2.0954e-05 2.98503e-07 0.0109851 0.0103119 8.11666e-08 0.000432793 0.00511591 0.00212564 0.000352484 2.41383e-06 2.71858e-05 1.64576e-05 0.319236 0.00103163 1.262e-07 0.00269978 0.000142102 0.0001203 0.00189011 9.15551e-08 0.0012117 0.0674717 0.074191 0.00163952 
0.0159738 8.29984e-07 0.000154472 1.23131e-06 0.0350609 4.42223e-08 8.94019e-05 1.95272e-05 1.15958e-10 4.2509e-07 5.34904e-07 0.000579309 1.85601e-07 1.08052e-06 5.25369e-06 3.53664e-07 8.49274e-07 5.58966e-05 0.000204372 2.41837e-07 0.000557149 1.91377e-07 0.00275689 0.944537 2.62033e-10 
0.0653094 3.64704e-07 4.42786e-07 5.61358e-05 2.72591e-05 3.98457e-08 1.028e-07 0.0204953 1.12285e-07 1.07366e-07 1.89972e-07 1.44761e-05 9.21694e-08 3.65914e-07 0.000403721 5.9133e-07 0.000111477 4.42967e-08 6.92846e-08 0.00245843 2.71307e-07 1.51786e-05 1.48697e-05 0.911002 8.93846e-05 
0.00228962 0.000837275 1.02996e-05 0.00252863 0.0625502 9.2685e-07 0.817953 0.000277365 2.61186e-06 0.000820578 4.41894e-06 1.66876e-06 0.0193064 8.51151e-06 0.000333825 1.37549e-05 0.00510417 1.03038e-06 0.00110376 0.000589468 6.31086e-06 0.0423894 0.0413169 0.00169601 0.000853858 
0.0401696 2.43805e-06 1.32598e-09 0.0609003 0.205758 1.19324e-10 8.11449e-07 0.077767 0.0206081 1.6107e-06 0.00579227 3.16396e-07 1.97345e-05 1.63979e-06 0.000105363 8.42463e-07 0.0206261 0.0139555 0.0506711 0.065753 8.12466e-10 0.285021 0.149869 0.00297558 1.24529e-06 
0.0192365 2.08045e-06 2.52587e-06 0.00806926 0.0025442 2.273e-07 0.000234781 0.0166101 0.000134102 0.000316266 0.00112675 9.57796e-05 5.50546e-06 0.000231082 0.00454957 0.000144477 0.00784642 0.00732946 0.00148803 4.36318e-05 1.98701e-05 0.0016425 0.032246 0.895933 0.000147672 
1.18546e-05 3.04225e-08 3.69358e-08 6.16927e-05 0.506893 3.32381e-09 4.52761e-06 0.165623 0.0137183 8.95611e-09 1.57388e-06 2.34609e-07 0.0892362 5.4666e-06 1.18291e-05 1.71209e-06 0.00205147 7.29782e-05 2.83394e-06 4.0446e-05 2.58409e-06 6.1751e-06 0.147838 0.0744155 1.18651e-06 
0.0105426 1.1869e-08 2.76022e-05 2.87305e-05 0.0753913 1.29675e-09 0.451556 0.0401403 0.0911371 0.000308334 1.10536e-05 0.0494311 0.00138864 4.31492e-05 0.0670412 6.64774e-05 8.70678e-06 6.75536e-06 0.00191336 2.5583e-06 5.33951e-06 4.44159e-05 0.000291003 0.178983 0.031632 
4.4301e-10 4.75583e-09 5.77404e-09 2.36759e-06 3.07206e-05 5.19598e-10 1.85008e-05 1.07742e-05 8.05469e-06 5.6017e-06 2.47729e-09 9.35516e-10 1.20191e-09 4.77161e-09 9.86262e-06 7.71109e-09 0.034316 5.7764e-10 9.03489e-10 1.14607e-09 3.53791e-09 0.0922526 2.54434e-10 0.873343 2.65031e-06 
0.0307199 6.9061e-05 3.93542e-12 0.00242906 5.82214e-05 1.48784e-07 0.000104497 0.0210248 4.12391e-06 0.000176279 0.000159932 4.56584e-05 0.00365792 8.67332e-06 9.88404e-05 1.93722e-05 0.304808 9.81349e-05 0.000383704 4.83498e-07 0.000158298 0.443312 0.122435 0.0702269 8.92703e-09 
0.0814784 0.0125905 6.83582e-09 0.022705 0.0322718 6.00956e-06 0.00409821 0.0182582 0.00997578 0.0037968 0.00133111 0.000977654 0.00018224 5.64905e-09 3.13419e-05 0.000466894 0.000522694 1.17261e-05 0.00313334 0.0352664 0.00020163 0.064613 0.0189386 0.689083 5.92274e-05 
2.97623e-07 3.19506e-06 3.87912e-06 4.4171e-07 0.00122821 3.49077e-07 9.00601e-07 0.976355 0.00432924 9.40599e-07 1.66429e-06 6.28498e-07 8.07468e-07 3.20566e-06 2.36555e-06 5.18046e-06 5.77564e-07 3.8807e-07 0.000304098 7.69953e-07 2.37684e-06 0.00207475 0.00136765 0.0143113 2.22288e-06 
0.00170384 8.24269e-07 1.00074e-06 0.00313082 0.0579299 9.00556e-08 0.00046032 0.00448342 0.0401845 0.707108 0.000802984 1.62141e-07 0.000189114 0.000401979 0.0018698 0.00035958 0.0139567 0.000243746 0.00245041 0.00314535 6.13182e-07 0.000698577 0.0389893 0.121889 5.73464e-07 
0.000172239 9.62395e-06 2.88548e-12 0.000119969 0.000184344 1.29571e-09 3.66467e-07 0.000105117 0.000234353 7.6958e-05 2.97366e-09 2.73185e-05 2.88739e-05 2.38453e-12 0.000278797 6.16494e-08 1.67504e-05 9.09389e-05 0.00194627 1.44029e-05 9.98093e-08 0.000393144 0.00030211 0.00150379 0.994494 
0.00626353 0.000102132 0.000135159 0.00281657 0.000978674 7.27905e-08 1.10024e-05 0.186744 1.83781e-05 3.92941e-05 0.00198449 1.31056e-07 1.68376e-07 6.68454e-07 8.50525e-06 1.08025e-06 5.86278e-05 8.09216e-08 0.00596978 0.000694007 3.70876e-05 0.0040365 0.00559956 0.784494 6.97924e-06 
0.00253483 5.81445e-07 7.0593e-07 0.00110937 0.00107416 6.35258e-08 1.63893e-07 0.00327567 0.00211256 0.000599274 3.02872e-07 0.000183116 0.0011904 5.83374e-07 0.00331519 9.42753e-07 0.957549 7.06219e-08 0.00195524 7.01991e-05 4.32543e-07 0.00248345 0.00579216 0.0167508 4.04525e-07 
5.18047e-05 1.98613e-08 2.41136e-08 0.000202916 0.000360013 2.16995e-09 0.000212184 3.72994e-05 5.32057e-05 5.84701e-09 1.65634e-05 3.91081e-06 0.869814 1.99272e-08 0.000744085 3.22031e-08 0.0247485 0.00502178 3.77316e-09 9.7644e-05 1.4775e-08 0.0982586 1.06257e-09 0.000377189 1.3818e-08 
0.0138163 3.99504e-08 4.85036e-08 0.956328 1.10259e-06 4.36478e-09 1.12609e-08 0.000180163 1.22999e-08 1.1761e-08 2.08099e-08 7.8586e-09 0.00137312 4.00829e-08 0.000411658 9.06521e-06 1.3721e-05 3.29646e-07 8.24167e-06 0.0220656 2.97195e-08 0.000829375 0.00351511 0.0014481 2.77944e-08 
0.00238264 7.93741e-06 2.86499e-10 9.42073e-05 0.00244323 7.38883e-08 0.000342115 8.21517e-05 0.00485258 6.03711e-05 1.44256e-07 2.16147e-05 2.33425e-05 2.3676e-10 0.000219075 1.58583e-07 0.00171234 7.15634e-05 0.00151682 0.000771325 1.97368e-07 0.000306835 0.000235516 0.034916 0.94994 
0.0741506 1.98488e-08 2.40984e-08 4.5157e-06 0.00779326 2.16859e-09 4.30806e-06 0.0369572 3.88764e-06 0.0233336 1.03392e-08 8.20553e-06 0.00953675 6.79624e-06 0.000669533 1.04719e-05 0.00205075 0.00123118 0.404524 4.78321e-09 8.52149e-07 0.00249828 0.0196295 0.415102 0.00248408 
0.103823 0.000685641 0.000564918 0.0108509 0.00813734 6.46045e-05 0.000645276 0.0129031 0.00148721 0.0063867 0.0133647 0.000341957 0.00126396 0.00328663 0.0208142 0.000346919 0.00747963 0.00106383 0.63959 0.000357739 0.0002591 0.00914543 0.0981008 0.0505434 0.00849322 
0.00375998 5.12571e-09 6.46328e-06 0.00233856 0.0408233 4.04901e-09 0.212887 0.316429 0.00144291 0.000508651 8.08367e-06 1.53815e-07 2.06247e-05 1.88588e-05 1.46347e-05 6.07211e-07 6.83042e-05 0.389482 1.55872e-06 5.3052e-06 3.81307e-09 0.0011042 0.000661952 0.0304181 3.56608e-09 
0.00048419 1.03938e-06 1.2619e-06 1.43692e-07 0.000148259 1.13557e-07 2.92972e-07 0.00164213 3.20004e-07 0.000826462 5.41406e-07 0.000184214 0.000972162 0.00312953 7.6953e-07 1.68524e-06 0.984895 1.26242e-07 1.97456e-07 2.50471e-07 7.73203e-07 1.77567e-07 5.56061e-08 0.00770948 7.2312e-07 
0.000172239 9.62395e-06 2.88548e-12 0.000119969 0.000184344 1.29571e-09 3.66467e-07 0.000105117 0.000234353 7.6958e-05 2.97366e-09 2.73185e-05 2.88739e-05 2.38453e-12 0.000278797 6.16494e-08 1.67504e-05 9.09389e-05 0.00194627 1.44029e-05 9.98093e-08 0.000393144 0.00030211 0.00150379 0.994494 
0.000211424 1.35257e-05 1.64215e-05 0.90221 0.00830457 1.47775e-06 8.39473e-05 0.0168383 0.00418051 3.98185e-06 0.000456511 4.39138e-05 0.0219109 0.000109967 0.000219377 5.14158e-05 7.98056e-05 0.00943202 0.000774191 0.000720348 1.00619e-05 0.00011172 0.0331057 0.00107987 3.00748e-05 
0.266163 5.72475e-09 2.63092e-06 7.91434e-10 0.000498933 6.25458e-10 1.01143e-05 8.26452e-06 0.159658 3.04142e-05 2.98199e-09 0.000391096 0.0245111 3.73524e-06 6.88449e-06 9.28209e-09 9.06492e-06 2.15323e-06 0.0901491 5.31378e-06 4.19223e-07 1.16522e-06 0.314745 0.143791 1.35368e-05 
0.191956 3.82014e-06 1.18128e-07 0.477195 0.0674003 1.06302e-08 3.80484e-05 0.0720021 3.89125e-05 6.38409e-05 0.0140641 1.91392e-08 0.000877839 2.92874e-05 0.000153265 0.00311832 0.0691015 7.59452e-05 7.36687e-06 2.34468e-08 1.11397e-05 0.0359608 0.0527945 0.0149644 0.000143139 
0.729419 0.000197237 0.000249641 0.000599243 0.00558566 3.76879e-08 0.00101413 0.00366186 0.000226227 0.00849679 0.00753418 0.000580242 0.0018841 0.000116821 1.97804e-07 3.84875e-06 0.00100372 0.186514 0.000826703 0.000921408 4.26856e-05 0.00330092 0.0107722 0.0369757 7.39841e-05 
2.1411e-05 1.48675e-09 1.80506e-09 0.340375 0.105982 1.62435e-10 4.19073e-10 1.03479e-05 1.98206e-05 2.58278e-06 7.74439e-10 2.92457e-10 0.014684 1.49168e-09 0.453079 2.41061e-09 0.0140982 1.80579e-10 0.00652719 1.14295e-05 1.10601e-09 7.67577e-05 3.99302e-06 0.0651081 1.03437e-09 
0.000358376 1.07674e-06 1.30726e-06 0.00074322 0.000131428 1.17639e-07 3.03502e-07 0.000104427 0.00310909 0.000374611 0.0069928 2.11804e-07 6.82757e-05 1.08031e-06 0.807959 1.74582e-06 0.000788946 1.3078e-07 0.00013567 2.59474e-07 8.00995e-07 1.83949e-07 0.0104258 0.1688 7.49111e-07 
0.344334 6.06621e-07 8.08178e-11 5.26661e-05 0.0487632 7.27269e-12 0.0424816 0.00383168 0.494659 0.00371475 0.00491253 0.000178668 1.47776e-08 9.43925e-06 0.00101292 0.000128862 0.00831751 8.88027e-08 0.000838514 0.000551509 0.00087153 3.19004e-08 2.74137e-07 0.0412649 0.00407501 
0.0114407 0.00209446 7.95967e-11 0.000543901 1.64222e-08 7.16281e-12 1.19982e-06 0.000228971 5.95488e-08 0.000176937 3.41501e-11 0.0306996 2.26365e-07 6.5778e-11 1.05781e-07 1.98873e-07 0.0003509 1.58025e-07 0.000408965 2.84007e-08 0.000967767 0.000220703 4.96359e-05 0.952815 4.5612e-11 
0.500975 2.0954e-05 2.98503e-07 0.0109851 0.0103119 8.11666e-08 0.000432793 0.00511591 0.00212564 0.000352484 2.41383e-06 2.71858e-05 1.64576e-05 0.319236 0.00103163 1.262e-07 0.00269978 0.000142102 0.0001203 0.00189011 9.15551e-08 0.0012117 0.0674717 0.074191 0.00163952 
0.0765826 1.66899e-07 2.02632e-07 0.596566 0.228328 1.82346e-08 0.000337231 0.0447272 0.00115155 0.000347751 8.6937e-08 3.28306e-08 0.00170205 1.67453e-07 0.000133964 2.7061e-07 3.017e-08 0.000349718 0.000681792 0.00104328 1.24158e-07 8.4425e-05 0.000102891 0.0478602 1.16116e-07 
0.0114407 0.00209446 7.95967e-11 0.000543901 1.64222e-08 7.16281e-12 1.19982e-06 0.000228971 5.95488e-08 0.000176937 3.41501e-11 0.0306996 2.26365e-07 6.5778e-11 1.05781e-07 1.98873e-07 0.0003509 1.58025e-07 0.000408965 2.84007e-08 0.000967767 0.000220703 4.96359e-05 0.952815 4.5612e-11 
0.0228931 0.000722017 2.7189e-08 0.00189581 0.0171872 8.97854e-06 0.09772 0.0241046 0.0001644 0.0351613 0.000156854 0.000835262 5.37592e-05 5.72108e-05 0.0506308 0.000722646 0.0157341 0.00211189 0.00319828 0.0422666 0.000226909 0.00213674 0.0242774 0.657519 0.000214648 
0.000566419 5.23242e-08 9.38051e-11 0.00415715 0.806166 8.4414e-12 0.078257 0.0177152 0.000308268 5.52092e-07 7.60159e-08 1.51984e-11 0.000151334 2.20242e-07 5.72039e-11 1.25274e-10 4.04015e-05 0.0925631 1.01917e-07 4.21548e-09 5.74769e-11 7.35994e-05 4.13354e-12 7.21739e-07 5.37539e-11 
0.27053 5.96612e-08 2.89616e-11 0.00643 0.00691744 2.60621e-12 0.000897058 0.0228077 0.000450255 0.000521264 7.95916e-08 2.15284e-08 0.00065254 9.59969e-08 4.63827e-08 2.20494e-05 0.0314367 0.000935077 1.08645e-07 0.000110172 1.94512e-06 0.000110411 0.644415 0.0137617 6.13001e-08 
0.00130556 5.19429e-06 7.66783e-08 0.0123256 0.0774243 6.90019e-09 0.0465577 0.0937706 0.00199744 0.0046309 0.014795 1.28129e-05 0.00295933 6.33662e-08 0.00212751 1.79468e-06 0.00237716 0.0183031 0.000262371 0.000139855 3.35481e-06 0.000580323 0.00131522 0.711978 0.00712633 
0.114627 4.07102e-05 0.000359855 0.0641532 0.315555 1.91557e-05 0.00493071 0.0404486 0.00340034 0.000477154 0.000347217 3.38013e-05 0.00132689 3.78692e-05 0.000270596 3.69256e-06 0.00137812 0.0390201 0.00382378 0.00111856 3.71722e-06 0.0239881 0.119193 0.265131 0.00031169 
1.65395e-08 5.37884e-11 6.53043e-11 3.7188e-08 6.21872e-07 5.87666e-12 1.51615e-11 8.01636e-12 1.65604e-11 1.58348e-11 2.80181e-11 1.05807e-11 1.35936e-11 1.08473e-08 0.998993 8.72124e-11 9.33524e-08 2.60678e-07 1.02185e-11 1.2962e-11 4.00137e-11 9.1892e-12 2.87765e-12 0.00100569 7.52181e-09 
1.9612e-06 2.10539e-05 2.55615e-05 2.91066e-06 0.00195905 2.30025e-06 5.93453e-06 3.13778e-06 6.48211e-06 6.1981e-06 1.09669e-05 4.14151e-06 5.32084e-06 2.11238e-05 1.55878e-05 3.41368e-05 3.80587e-06 2.5572e-06 0.0100033 5.07363e-06 1.56622e-05 0.00144234 1.12637e-06 0.986386 1.46477e-05 
0.000322684 1.70636e-05 3.61646e-06 0.0343397 0.000152165 3.25441e-07 3.34786e-05 0.000285704 4.27161e-05 0.00239813 1.32101e-05 1.39615e-05 0.00320445 2.98861e-06 0.00525576 1.11115e-05 0.00245128 3.61794e-07 5.65883e-07 3.64987e-05 5.09803e-06 0.00181029 4.61646e-05 0.949509 4.32406e-05 
0.378126 3.63112e-09 4.40853e-09 1.13456e-05 2.61791e-05 3.96718e-10 1.53537e-05 8.60505e-06 1.11795e-09 2.85426e-05 7.22546e-05 6.42918e-06 9.1767e-10 3.64316e-09 2.01657e-05 5.89336e-06 1.0109e-05 4.89591e-06 6.9051e-07 3.22021e-05 1.26984e-05 6.20339e-10 0.0574477 0.564123 4.80014e-05 
0.121373 9.88534e-07 5.09097e-09 0.0152265 0.00778395 6.71682e-07 0.000400476 0.00735219 1.11424e-06 2.75915e-06 0.00150632 0.000228963 0.000509481 7.36399e-07 0.0746425 4.45637e-06 0.0213144 0.00405171 1.62899e-06 5.04783e-06 0.000181433 0.00712854 0.0472929 0.690952 3.8743e-05 
4.58821e-06 7.8348e-06 9.51221e-06 0.00176241 0.000490605 8.55992e-07 2.20842e-06 0.0146849 0.000515054 0.000426332 0.000178105 7.82935e-05 9.93578e-06 0.000165599 0.0025423 1.27033e-05 0.00229986 9.51611e-07 6.40011e-05 0.950375 5.82839e-06 0.0248793 2.9493e-05 0.00144848 5.45086e-06 
0.0359746 0.000132081 9.08797e-06 0.0645667 0.0401147 2.48233e-06 0.00147436 0.0811949 0.00167595 0.00379956 0.000307585 9.07125e-05 0.000858044 5.12126e-05 0.177325 4.75895e-05 0.0171519 0.0107424 0.00208829 0.01251 3.49698e-07 0.00665907 0.0245481 0.508299 0.010376 
0.027977 0.000203656 1.20942e-07 2.45742e-05 1.8719e-05 1.08834e-08 4.17567e-05 0.686239 3.06694e-08 0.0613494 0.000125036 9.05676e-05 2.5175e-08 9.99452e-08 7.37523e-08 1.61515e-07 0.00125068 2.93052e-07 2.06725e-05 2.40053e-08 0.000903474 0.00392365 0.000141825 0.217689 6.93043e-08 
0.000798799 7.91013e-07 4.43454e-08 0.029394 0.00618014 3.99059e-09 0.000686264 0.0774465 0.00506605 4.07546e-06 6.08541e-07 0.00014345 1.83338e-06 3.66466e-08 0.021008 4.2622e-07 0.000172866 1.18477e-05 2.61052e-05 0.000124525 1.95553e-07 0.000163934 0.000753409 0.438382 0.419634 
0.000131423 2.5061e-11 3.04265e-11 2.93659e-08 0.337227 2.73805e-12 0.255573 0.00574876 0.379642 7.37776e-12 0.000294413 5.38002e-09 0.00305464 2.51442e-11 1.85546e-11 4.06339e-11 0.00961374 0.000294126 1.33333e-05 0.000487823 1.86432e-11 0.000783423 0.00705189 8.47379e-05 1.74356e-11 
0.0114407 0.00209446 7.95967e-11 0.000543901 1.64222e-08 7.16281e-12 1.19982e-06 0.000228971 5.95488e-08 0.000176937 3.41501e-11 0.0306996 2.26365e-07 6.5778e-11 1.05781e-07 1.98873e-07 0.0003509 1.58025e-07 0.000408965 2.84007e-08 0.000967767 0.000220703 4.96359e-05 0.952815 4.5612e-11 
0.000257069 3.28252e-08 3.9853e-08 4.53801e-09 0.00023048 3.58632e-09 5.56065e-05 4.89211e-09 1.1754e-05 9.66346e-09 0.992901 6.45702e-09 2.56835e-05 3.29341e-08 2.4303e-08 5.32227e-08 0.0060471 3.98693e-09 0.000112861 7.91029e-09 2.4419e-08 0.000321937 3.64512e-05 5.88096e-09 2.28373e-08 
1.28429e-05 0.0204183 7.66335e-08 0.132994 0.232632 6.89615e-09 0.00246152 0.240705 0.0917185 0.00806693 0.0114661 5.64604e-07 0.00309995 6.33292e-08 0.000206866 0.000238119 1.141e-08 0.000545029 0.0125761 1.61712e-05 3.24173e-06 3.84734e-06 0.0631927 0.179643 4.39139e-08 
0.00131901 3.73811e-05 1.15713e-09 1.31761e-10 0.0230648 1.04129e-10 1.41862e-05 0.0071666 2.93435e-10 0.00149986 1.36203e-05 8.9967e-05 5.505e-08 9.56242e-10 0.0242132 2.16211e-05 0.00507966 0.000456976 1.81061e-10 5.35923e-07 8.41445e-07 0.0060763 7.0195e-05 0.930875 3.41879e-07 
0.144725 2.46584e-06 4.35044e-09 0.00174845 0.000465941 3.9149e-10 1.01003e-09 0.00386743 1.10322e-09 0.0529834 1.86651e-09 0.000221836 4.38379e-06 3.59516e-09 0.0101552 5.8099e-09 0.0461686 8.71137e-08 0.000549148 4.06409e-06 0.00855253 5.67028e-06 0.0370415 0.693501 2.68375e-06 
0.000663367 3.90149e-06 4.73679e-06 0.000176814 0.00578913 4.26258e-07 0.000169153 0.0132077 0.000152813 0.0276084 2.03227e-06 0.000880063 0.00717686 0.000268596 0.00224023 0.00135869 0.000641937 4.19146e-05 0.0117407 9.4019e-07 3.56104e-05 0.000273182 0.00958206 0.917267 0.000713611 
5.28775e-10 9.08815e-06 6.89187e-09 7.8477e-10 3.51896e-10 6.20191e-10 1.60006e-09 1.94665e-06 1.7477e-09 1.67113e-09 2.95688e-09 0.00147652 1.4346e-09 5.69538e-09 4.20278e-09 9.20393e-09 1.02613e-09 6.8947e-10 1.0784e-09 1.36795e-09 4.22284e-09 9.69779e-10 6.10421e-08 0.998512 3.94931e-09 
0.123003 4.51956e-05 3.25316e-09 0.15737 0.0610977 1.4051e-06 0.00907313 0.3371 0.000148905 0.00398645 0.000763983 7.09055e-07 5.93404e-06 5.57975e-06 0.128614 5.35406e-05 0.00719622 0.0231201 7.53541e-05 0.0136411 5.17563e-06 0.0615065 0.00199446 0.0706512 0.000540132 
0.0114407 0.00209446 7.95967e-11 0.000543901 1.64222e-08 7.16281e-12 1.19982e-06 0.000228971 5.95488e-08 0.000176937 3.41501e-11 0.0306996 2.26365e-07 6.5778e-11 1.05781e-07 1.98873e-07 0.0003509 1.58025e-07 0.000408965 2.84007e-08 0.000967767 0.000220703 4.96359e-05 0.952815 4.5612e-11 
0.17224 7.16082e-08 5.90186e-08 0.0322902 0.212223 3.72075e-07 0.00524163 0.0790466 0.0187857 0.0119384 0.00698508 0.00674759 0.000855821 0.0213285 0.0558122 0.0414561 0.0265154 0.0171721 0.093315 0.0104596 3.5297e-05 0.0156908 0.061891 0.10986 0.000108409 
0.000172239 9.62395e-06 2.88548e-12 0.000119969 0.000184344 1.29571e-09 3.66467e-07 0.000105117 0.000234353 7.6958e-05 2.97366e-09 2.73185e-05 2.88739e-05 2.38453e-12 0.000278797 6.16494e-08 1.67504e-05 9.09389e-05 0.00194627 1.44029e-05 9.98093e-08 0.000393144 0.00030211 0.00150379 0.994494 
4.14619e-05 2.78017e-07 3.3754e-07 3.84352e-08 1.72346e-08 3.03748e-08 7.83654e-08 0.000140918 8.5596e-08 8.18458e-08 1.44818e-07 0.00026256 7.02615e-08 2.78939e-07 0.000432464 4.50776e-07 5.02564e-08 3.37678e-08 5.28163e-08 6.69971e-08 0.000455209 4.74963e-08 1.48737e-08 0.998104 0.000561121 
0.572899 0.0136627 2.78902e-08 0.000532808 0.0061428 2.5098e-09 0.042272 0.0135403 7.07262e-09 0.00157482 0.00565096 0.00012679 5.80556e-09 2.30482e-08 0.237103 2.18112e-05 0.027703 0.000117146 2.55556e-06 0.00242819 0.000141061 3.92452e-09 0.00238086 0.0717921 0.00190811 
0.222317 3.30559e-08 2.72355e-08 0.0390857 0.0251245 2.88225e-07 0.000255134 0.0256693 0.00152123 0.00645561 0.00251305 0.000130259 0.000626854 0.00810803 0.0142152 0.000103444 0.0340231 0.000711448 0.0500886 3.70491e-07 0.00267911 0.0013541 0.222484 0.33761 0.00492293 
0.631079 0.00167554 4.04283e-06 0.0125279 3.82496e-05 3.33812e-10 1.15661e-05 0.0049207 7.87916e-08 0.0135386 0.00250322 0.000111984 0.000948355 5.51315e-06 0.00622992 2.90839e-06 0.000505447 0.0847629 0.0602611 1.60579e-07 1.54281e-06 0.0223733 0.000630014 0.157865 3.13532e-06 
0.000880533 1.32399e-06 1.60745e-06 1.83039e-07 0.000281839 1.44652e-07 3.73196e-07 0.0315162 0.000146173 0.000708642 6.89659e-07 2.60441e-07 0.00141178 1.32838e-06 0.0225206 2.14671e-06 0.00292024 1.60811e-07 0.0023671 0.00142648 9.84928e-07 2.2619e-07 0.00237947 0.933431 9.2113e-07 
0.000161482 1.23971e-06 1.50513e-06 1.71387e-07 0.0305685 1.35445e-07 0.000174148 0.000267111 3.81683e-07 3.6496e-07 6.45759e-07 2.43862e-07 3.13304e-07 1.24382e-06 0.000479161 2.01006e-06 2.24099e-07 1.50574e-07 0.000139683 2.98748e-07 4.46063e-05 0.00018079 0.000113824 0.967861 8.62496e-07 
5.36118e-09 0.000149697 6.98758e-08 7.95668e-09 0.000108109 6.28804e-09 4.86847e-05 1.63059e-05 1.77197e-08 1.69433e-08 2.99794e-08 1.13213e-08 1.89234e-05 5.77447e-08 0.000153443 9.33174e-08 3.33026e-05 6.99044e-09 1.09338e-08 1.38694e-08 3.85761e-05 9.83247e-09 3.07909e-09 0.999433 4.00415e-08 
0.144723 1.14556e-06 6.63399e-12 0.000241812 0.0431405 1.4154e-08 0.0288898 0.00064198 0.751506 2.17588e-06 5.68125e-08 8.60123e-06 0.00039785 0.000146047 0.00743809 7.79591e-05 0.0134214 6.555e-07 0.00015764 0.000934289 2.94079e-05 0.00137588 3.96742e-07 0.00102537 0.00583968 
0.500975 2.0954e-05 2.98503e-07 0.0109851 0.0103119 8.11666e-08 0.000432793 0.00511591 0.00212564 0.000352484 2.41383e-06 2.71858e-05 1.64576e-05 0.319236 0.00103163 1.262e-07 0.00269978 0.000142102 0.0001203 0.00189011 9.15551e-08 0.0012117 0.0674717 0.074191 0.00163952 
0.000422264 1.24296e-06 4.21731e-09 1.50162e-06 0.0546867 3.79511e-10 3.20196e-05 0.941454 0.000543176 1.97908e-05 8.22296e-05 6.80325e-08 2.71451e-08 5.56258e-08 3.03325e-05 3.12938e-07 6.27918e-10 2.37523e-06 5.80824e-07 0.00163575 2.58406e-09 0.000634007 5.25658e-07 9.80432e-05 0.000354657 
0.000172462 1.46175e-08 5.19565e-12 4.00455e-09 0.0038332 4.6755e-13 1.83444e-08 2.03001e-09 1.66684e-08 3.10929e-08 2.22914e-12 2.78316e-08 1.08152e-12 4.29363e-12 3.16839e-12 2.16091e-09 3.723e-09 0.824628 2.48275e-07 1.03127e-12 3.18352e-12 2.59304e-08 3.87716e-05 1.54713e-08 0.171327 
5.25031e-07 2.98768e-11 3.62733e-11 0.000944239 0.00477818 3.26419e-12 0.000105534 0.991519 1.31679e-07 2.13606e-07 2.01584e-05 1.48205e-08 5.78549e-09 1.14992e-08 0.000319285 6.76457e-08 5.40075e-12 5.22385e-07 1.27623e-07 0.000131221 2.22257e-11 0.000593628 1.15588e-07 0.000864406 0.00072237 
1.51856e-05 1.52833e-07 1.85554e-07 9.44884e-05 9.47429e-09 1.66978e-08 4.30794e-08 0.562955 0.393707 3.81205e-05 7.96099e-08 3.00636e-08 3.86245e-08 1.5334e-07 1.13154e-07 0.0333525 2.76272e-08 1.8563e-08 2.90344e-08 0.000781553 1.13694e-07 2.61099e-08 1.27742e-05 0.00897389 6.80209e-05 
7.01053e-06 7.6214e-07 1.53521e-05 0.0359447 0.0386114 1.31044e-09 7.04768e-06 0.172955 0.115362 0.00146234 0.011464 2.35939e-09 0.0089122 1.20341e-08 0.468119 1.94475e-08 0.0028163 9.50335e-07 1.56987e-06 3.07601e-06 8.92267e-09 0.0387599 0.0120744 0.0307247 0.062758 
0.370844 0.00293402 0.0399124 0.00717185 0.00130511 1.27006e-07 0.00191834 0.0101 3.44044e-08 0.0272583 0.0145874 0.00228803 0.0003111 0.000583403 0.00583776 2.99626e-05 0.191635 3.28878e-05 0.0092768 1.70131e-06 0.0350979 0.0302584 3.44575e-07 0.248615 1.81157e-07 
0.773176 5.82017e-06 0.022862 0.00836242 0.0220148 1.28896e-05 0.000763114 0.0496911 2.06044e-06 0.0026125 0.00256072 9.85044e-05 0.00188528 0.00197752 0.00237536 1.58064e-05 0.00511394 0.00298953 0.00124353 0.00859683 0.000242269 6.32035e-05 0.0200518 0.0729427 0.000339991 
0.0114407 0.00209446 7.95967e-11 0.000543901 1.64222e-08 7.16281e-12 1.19982e-06 0.000228971 5.95488e-08 0.000176937 3.41501e-11 0.0306996 2.26365e-07 6.5778e-11 1.05781e-07 1.98873e-07 0.0003509 1.58025e-07 0.000408965 2.84007e-08 0.000967767 0.000220703 4.96359e-05 0.952815 4.5612e-11 
0.0114407 0.00209446 7.95967e-11 0.000543901 1.64222e-08 7.16281e-12 1.19982e-06 0.000228971 5.95488e-08 0.000176937 3.41501e-11 0.0306996 2.26365e-07 6.5778e-11 1.05781e-07 1.98873e-07 0.0003509 1.58025e-07 0.000408965 2.84007e-08 0.000967767 0.000220703 4.96359e-05 0.952815 4.5612e-11 
0.0614649 0.000331112 1.1316e-05 0.0115026 0.0992229 1.52786e-07 0.00343304 0.0338792 0.00752547 0.00560103 0.00148331 8.23418e-05 0.000204439 0.000157652 0.182298 0.000766384 0.00588971 0.0234347 4.3222e-07 0.000990074 8.41157e-05 0.00386299 0.0952632 0.451726 0.0107849 
5.80793e-06 1.92213e-09 2.33365e-09 2.6573e-10 1.19155e-10 2.10002e-10 5.41796e-10 4.12427e-05 5.91787e-10 5.65859e-10 1.00123e-09 0.000108006 0.12316 1.92851e-09 7.891e-05 3.11654e-09 0.00071816 3.4088e-06 3.65157e-10 0.000665059 8.6919e-05 0.0124859 1.02833e-10 0.862506 0.000140441 
0.00116674 2.4364e-07 2.95803e-07 0.0197238 0.00590323 2.66189e-08 0.0143504 0.116963 0.0196756 0.0111922 1.26911e-07 3.28291e-06 0.022597 9.90726e-05 0.000185106 3.95037e-07 0.0556353 2.95924e-08 2.20461e-05 0.109475 1.81246e-07 6.91567e-05 0.00783351 0.61505 5.40146e-05 
0.271675 1.47501e-05 3.05451e-07 0.0125013 0.0340318 2.74871e-08 0.226737 0.0251431 0.0205084 0.00113837 2.77854e-06 4.94894e-08 0.00164227 1.47185e-06 1.86269e-07 8.2905e-06 3.87033e-05 0.000108559 0.000159828 6.06279e-08 1.72797e-06 0.0144129 9.97143e-05 0.391767 6.17099e-06 
0.0143272 1.72559e-06 2.09503e-06 0.00118073 6.92457e-05 1.88529e-07 0.000126235 0.000163706 5.31275e-07 0.000115425 8.98849e-07 3.39439e-07 4.36097e-07 1.73131e-06 0.000193951 2.79786e-06 0.000235523 2.09589e-07 7.80168e-05 4.15835e-07 7.04237e-05 2.94799e-07 8.46906e-05 0.983342 1.20053e-06 
0.0124992 4.55217e-09 1.84165e-12 6.29327e-10 4.62109e-05 1.65728e-13 3.54925e-09 4.27483e-05 0.985731 1.59478e-05 3.4846e-08 2.74131e-06 3.71892e-09 2.38151e-05 2.12023e-05 2.21599e-09 0.000598858 1.8424e-13 0.000835208 4.05789e-09 1.12843e-12 8.03375e-09 8.11526e-14 0.000140772 4.19736e-05 
0.500975 2.0954e-05 2.98503e-07 0.0109851 0.0103119 8.11666e-08 0.000432793 0.00511591 0.00212564 0.000352484 2.41383e-06 2.71858e-05 1.64576e-05 0.319236 0.00103163 1.262e-07 0.00269978 0.000142102 0.0001203 0.00189011 9.15551e-08 0.0012117 0.0674717 0.074191 0.00163952 
0.0114407 0.00209446 7.95967e-11 0.000543901 1.64222e-08 7.16281e-12 1.19982e-06 0.000228971 5.95488e-08 0.000176937 3.41501e-11 0.0306996 2.26365e-07 6.5778e-11 1.05781e-07 1.98873e-07 0.0003509 1.58025e-07 0.000408965 2.84007e-08 0.000967767 0.000220703 4.96359e-05 0.952815 4.5612e-11 
0.26796 5.26581e-06 7.11585e-08 2.55155e-07 0.000577272 2.96079e-10 4.18389e-05 0.00064686 1.38276e-05 0.000110087 0.000152474 0.016593 0.00137419 1.40599e-06 0.00362445 1.02986e-06 8.63239e-05 0.00404371 7.13053e-05 1.12911e-07 0.0200062 0.000222928 9.0099e-05 0.684376 8.42195e-07 
0.00874722 3.096e-06 3.76497e-06 0.00771214 0.0303638 3.54411e-08 0.102381 0.0495977 0.001136 0.039435 0.00103811 0.263487 0.000145828 5.35532e-07 0.00353844 0.000108129 0.0101713 0.000142835 0.257131 0.101533 5.21327e-09 0.00378257 0.0997509 0.0197885 1.35053e-06 
0.0114407 0.00209446 7.95967e-11 0.000543901 1.64222e-08 7.16281e-12 1.19982e-06 0.000228971 5.95488e-08 0.000176937 3.41501e-11 0.0306996 2.26365e-07 6.5778e-11 1.05781e-07 1.98873e-07 0.0003509 1.58025e-07 0.000408965 2.84007e-08 0.000967767 0.000220703 4.96359e-05 0.952815 4.5612e-11 
0.500975 2.0954e-05 2.98503e-07 0.0109851 0.0103119 8.11666e-08 0.000432793 0.00511591 0.00212564 0.000352484 2.41383e-06 2.71858e-05 1.64576e-05 0.319236 0.00103163 1.262e-07 0.00269978 0.000142102 0.0001203 0.00189011 9.15551e-08 0.0012117 0.0674717 0.074191 0.00163952 
0.00561211 3.05048e-12 2.30656e-10 0.002545 0.0120423 3.00963e-11 0.000305506 0.00346671 6.11128e-05 6.62292e-06 1.09084e-05 2.84525e-06 1.71716e-05 2.72903e-05 3.3875e-05 2.78878e-06 0.000513931 0.959356 7.40329e-05 0.000176019 4.23749e-07 0.00014031 0.0154553 0.000145027 4.70971e-06 
1.53071e-06 7.93438e-06 3.43918e-09 7.63685e-06 0.000179765 3.09487e-10 7.98462e-10 1.12724e-05 8.72135e-10 3.6701e-06 1.47554e-09 3.34888e-07 6.8017e-06 2.8421e-09 3.148e-06 4.59294e-09 5.12061e-10 3.47499e-08 3.01413e-06 0.00189608 1.4772e-06 5.27541e-06 0.00269392 0.995178 1.97078e-09 
2.94302e-06 3.1767e-07 3.50302e-10 1.83526e-07 5.73614e-06 3.15232e-11 4.14694e-05 0.0091769 0.957487 4.33281e-07 1.50293e-10 5.67562e-11 7.2918e-11 8.6875e-07 1.62372e-06 1.02967e-06 3.57277e-06 3.50445e-11 0.00785143 6.95302e-11 2.83345e-06 6.8521e-07 1.54361e-11 0.0252322 0.000191182 
0.00258937 1.10304e-06 1.33919e-06 0.00129634 0.00179159 1.20512e-07 3.10916e-07 0.00427432 0.00190212 0.0256211 0.00264358 0.00219169 0.00178437 1.1067e-06 8.16663e-07 1.78846e-06 0.612237 1.33974e-07 2.09549e-07 2.65812e-07 0.251584 0.0026007 0.00107998 0.0883957 7.6741e-07 
0.500975 2.0954e-05 2.98503e-07 0.0109851 0.0103119 8.11666e-08 0.000432793 0.00511591 0.00212564 0.000352484 2.41383e-06 2.71858e-05 1.64576e-05 0.319236 0.00103163 1.262e-07 0.00269978 0.000142102 0.0001203 0.00189011 9.15551e-08 0.0012117 0.0674717 0.074191 0.00163952 
0.0142133 0.0320151 1.28787e-10 0.00113536 0.246308 8.61835e-08 0.0152478 0.0128117 0.0124878 0.00840682 1.62433e-07 0.000276683 2.32047e-08 5.26121e-05 0.00176018 1.42926e-07 0.00183043 0.0228035 0.0247826 2.40855e-07 0.000648049 0.0116026 0.0096139 0.537147 0.0468564 
0.0163386 1.19123e-06 3.64407e-10 0.0120379 0.0611944 5.62823e-08 0.00128228 0.112514 9.09193e-07 0.0455246 0.00089276 0.000254527 0.000107005 3.01143e-10 0.0014965 1.26729e-06 0.00386225 0.0335557 0.000298052 0.000235465 3.89816e-06 0.00455264 0.00356183 0.702284 1.10252e-07 
0.421111 1.25825e-10 1.52764e-10 0.0291705 2.33378e-06 1.3747e-11 1.79465e-06 0.256812 1.02275e-06 0.0188696 0.0184811 3.93564e-07 3.81907e-08 1.75489e-06 8.47831e-07 0.0011907 0.0432496 2.55419e-05 1.98641e-06 3.30535e-07 1.40497e-07 1.55203e-06 0.183415 0.0276621 1.12059e-06 
0.0114407 0.00209446 7.95967e-11 0.000543901 1.64222e-08 7.16281e-12 1.19982e-06 0.000228971 5.95488e-08 0.000176937 3.41501e-11 0.0306996 2.26365e-07 6.5778e-11 1.05781e-07 1.98873e-07 0.0003509 1.58025e-07 0.000408965 2.84007e-08 0.000967767 0.000220703 4.96359e-05 0.952815 4.5612e-11 
8.27205e-05 6.84532e-06 0.997041 9.46351e-07 4.62088e-05 7.47886e-07 1.92951e-06 5.64356e-05 2.10754e-06 2.0152e-06 3.56569e-06 6.54711e-05 1.72998e-06 6.86803e-06 5.06811e-06 8.54267e-05 0.00142287 8.25532e-06 8.9356e-05 1.6496e-06 6.57183e-05 8.55767e-05 0.00023935 0.000673781 4.76245e-06 
0.0110293 1.15489e-06 1.40215e-06 0.153474 0.0873937 1.26178e-07 0.506513 0.0124207 0.000577506 0.000757857 8.47769e-05 0.0672881 0.00295447 0.000113894 0.00195436 3.63553e-05 0.000231087 0.00151351 0.0684643 0.0768607 8.59135e-07 0.000746247 0.00640097 0.00112971 5.1413e-05 
0.0050984 1.70659e-05 7.65575e-08 0.00147181 0.0356405 2.30662e-06 0.00104061 0.0107926 0.000199668 0.610946 0.00207185 0.0868594 0.000147063 0.000303556 0.00209337 0.000108415 0.00189974 0.00914128 0.0164421 0.00939779 7.47649e-05 0.00979441 0.0170103 0.17927 0.000177399 
3.8486e-07 1.39953e-09 1.69917e-09 3.3781e-08 0.0364818 1.52906e-10 1.6564e-06 0.0343747 0.0172122 8.39178e-07 7.29008e-10 2.89882e-07 3.53695e-10 1.40417e-09 0.000317596 2.26919e-09 2.5299e-10 8.82075e-06 2.65876e-10 1.29351e-07 1.04112e-09 0.000288283 0.000284939 0.911028 9.73686e-10 
3.76061e-05 1.52459e-09 0.00171717 2.27002e-05 0.199889 1.66569e-10 4.16891e-06 0.436427 0.0305954 3.81546e-06 7.94149e-10 2.999e-10 3.85299e-10 1.52964e-09 1.12877e-09 3.9576e-06 2.75596e-10 2.4445e-06 2.89633e-10 0.000931427 1.13415e-09 2.6046e-10 5.56276e-06 0.330344 1.58053e-05 
0.0114407 0.00209446 7.95967e-11 0.000543901 1.64222e-08 7.16281e-12 1.19982e-06 0.000228971 5.95488e-08 0.000176937 3.41501e-11 0.0306996 2.26365e-07 6.5778e-11 1.05781e-07 1.98873e-07 0.0003509 1.58025e-07 0.000408965 2.84007e-08 0.000967767 0.000220703 4.96359e-05 0.952815 4.5612e-11 
0.0697934 2.27942e-06 2.76744e-06 0.00712214 0.0164338 2.49038e-07 0.00963826 0.00540179 7.0179e-07 0.0179175 0.0453576 0.0040359 5.76064e-07 2.28699e-06 0.0126589 0.00369954 0.640934 0.00307339 0.000433466 0.0202148 0.00797141 3.89416e-07 0.00948766 0.0956839 0.0301327 
0.00041742 6.87012e-09 8.341e-09 6.33833e-06 5.13771e-06 7.50596e-10 0.0014677 4.34019e-06 2.11518e-09 9.5438e-07 3.57861e-09 3.54348e-06 1.73624e-09 6.89292e-09 0.0022353 1.11392e-08 2.11127e-05 3.21108e-06 1.17657e-06 4.68706e-06 5.11075e-09 9.30127e-07 1.68673e-06 0.995826 4.77971e-09 
0.500975 2.0954e-05 2.98503e-07 0.0109851 0.0103119 8.11666e-08 0.000432793 0.00511591 0.00212564 0.000352484 2.41383e-06 2.71858e-05 1.64576e-05 0.319236 0.00103163 1.262e-07 0.00269978 0.000142102 0.0001203 0.00189011 9.15551e-08 0.0012117 0.0674717 0.074191 0.00163952 
3.98269e-05 2.64032e-08 3.2056e-08 0.0113198 0.0282268 2.88468e-09 2.87767e-05 9.47215e-06 8.12903e-09 0.000202978 0.0103832 6.04881e-06 5.33085e-07 2.64908e-08 5.42577e-05 4.28101e-08 3.25746e-05 0.00239497 3.91801e-05 6.3627e-09 1.96416e-08 7.59788e-05 1.41256e-09 0.947185 9.49416e-07 
3.88036e-06 3.10775e-07 6.44169e-06 0.0320238 0.000182716 3.39537e-08 8.75989e-08 0.126919 9.56815e-08 0.00109326 0.000271935 1.27383e-05 7.85402e-08 3.11806e-07 0.705067 5.03889e-07 0.0182398 3.60048e-05 0.000143325 0.0578901 1.88102e-05 2.89615e-05 5.28248e-05 0.057811 0.000196426 
3.35072e-06 1.17935e-07 1.43185e-07 3.07869e-07 2.06047e-05 1.2885e-08 1.44086e-05 0.0452871 1.55609e-05 0.00797139 6.1432e-08 2.3199e-08 0.000124108 1.18327e-07 0.0115606 1.9122e-07 4.02257e-05 3.6363e-07 2.24048e-08 2.84203e-08 8.77334e-08 2.05094e-06 0.0134664 0.921427 6.5234e-05 
0.0639571 3.67726e-06 4.19844e-05 0.0209137 0.0110876 4.85589e-06 0.0728859 0.076047 0.00226603 0.000955768 0.00075688 0.000118612 0.00852835 0.000209702 0.571653 1.99059e-05 0.0103758 0.0427636 0.000175825 5.16715e-05 3.0989e-06 0.0102209 0.00792184 0.0961786 0.00285862 
5.47172e-10 5.87404e-09 7.13165e-09 8.12073e-10 0.114003 6.41768e-10 2.48525e-06 3.1254e-05 0.00776677 1.72927e-09 3.05976e-09 1.15548e-09 1.48451e-09 5.89353e-09 3.48354e-06 9.52415e-09 1.06184e-09 7.13457e-10 1.11592e-09 0.000257487 4.36976e-09 1.00352e-09 3.1429e-06 0.877871 6.0896e-05 
0.551547 0.00010351 4.49743e-11 0.00294427 0.00124802 2.14214e-06 0.000208921 0.0106796 9.26193e-05 0.000559905 0.000118922 0.000103738 4.00051e-06 1.78646e-05 1.76828e-07 1.70139e-05 0.0498124 0.0284537 0.0052703 0.000286866 5.01604e-05 0.00157115 0.346038 0.000850666 1.8572e-05 
0.0138477 8.61358e-06 1.07358e-07 0.000526926 0.0286668 9.66104e-09 6.7241e-05 0.0115737 1.51054e-05 0.172084 8.98623e-05 4.14993e-06 1.34661e-05 8.87198e-08 0.0858715 1.43374e-07 2.78692e-05 4.68946e-06 1.26494e-05 0.476789 6.57813e-08 0.000191337 0.00456374 0.203489 0.00215284 
0.0468582 0.00366725 3.75431e-10 2.11616e-06 3.09587e-06 3.37845e-11 4.36684e-08 0.0367108 7.14129e-07 0.0291502 0.000157 1.21716e-07 3.59563e-07 1.27234e-06 1.351e-06 5.01379e-10 0.00735036 3.30552e-07 0.0261783 1.7736e-06 2.76274e-07 3.43436e-07 5.16819e-06 0.84991 1.44163e-06 
0.832996 0.000129972 5.34157e-07 0.000497255 0.000817042 7.27452e-09 7.21924e-05 0.00129257 1.67958e-06 0.00537618 0.0310309 9.15443e-05 0.0568815 3.59267e-05 2.84527e-09 1.51903e-09 0.0293612 0.000308929 0.00455142 0.0040059 6.50267e-06 0.00967884 0.0191121 0.00374948 2.0209e-06 
0.0049531 2.10752e-07 7.7018e-05 0.00199584 0.0018539 2.30257e-08 0.000190156 0.0053993 0.00025961 0.00153254 0.94358 0.000543126 0.00105997 2.13565e-05 0.00433795 0.000376225 0.00984052 0.000232965 0.00794751 0.00012194 1.5678e-07 0.000388888 0.011716 0.00357197 1.46625e-07 
4.30845e-06 4.62523e-05 5.61549e-05 6.39429e-06 0.000110219 5.0533e-06 1.30373e-05 6.89322e-06 0.00037515 1.36163e-05 2.40926e-05 9.09826e-06 1.16891e-05 4.64058e-05 0.000369569 7.49934e-05 8.36092e-06 5.61778e-06 8.78679e-06 1.1146e-05 3.44076e-05 7.90174e-06 2.81304e-05 0.998691 3.21789e-05 
7.40564e-05 0.859342 6.20644e-08 0.00266522 0.0194166 5.58509e-09 1.27817e-05 0.0347698 0.000123735 0.000478018 2.6628e-08 5.8767e-05 0.0179728 5.12894e-08 3.78479e-08 8.28854e-08 5.6089e-06 0.00200884 6.03982e-06 1.89748e-05 1.8845e-05 0.000530611 0.00135685 0.0611402 3.93803e-08 
0.0493537 1.6554e-06 2.00982e-06 2.28856e-07 0.00140217 1.80861e-07 4.66612e-07 2.46713e-07 5.09666e-07 0.743174 8.6229e-07 5.71706e-05 0.00150975 0.000141855 1.22562e-06 2.68406e-06 0.00106247 2.01064e-07 0.000212677 3.98922e-07 1.23147e-06 0.00106995 0.000195919 0.201807 1.1517e-06 
0.000566419 5.23242e-08 9.38051e-11 0.00415715 0.806166 8.4414e-12 0.078257 0.0177152 0.000308268 5.52092e-07 7.60159e-08 1.51984e-11 0.000151334 2.20242e-07 5.72039e-11 1.25274e-10 4.04015e-05 0.0925631 1.01917e-07 4.21548e-09 5.74769e-11 7.35994e-05 4.13354e-12 7.21739e-07 5.37539e-11 
0.000289193 5.54288e-07 6.7296e-07 0.907815 6.87564e-05 6.05588e-08 1.56239e-07 8.26084e-08 1.70655e-07 1.63178e-07 2.88726e-07 1.09034e-07 0.089933 5.56127e-07 4.10382e-07 8.98721e-07 1.00197e-07 6.73235e-08 1.05301e-07 0.00105536 4.12341e-07 9.46945e-08 0.000177955 0.000655519 3.85632e-07 
0.00010919 1.1786e-05 1.29966e-08 1.47991e-09 0.787641 1.16955e-09 0.00153857 0.0579832 0.00554977 1.60753e-05 5.57606e-09 2.10573e-09 2.70535e-09 3.22317e-05 7.92555e-09 3.8202e-05 0.000132554 1.30019e-09 7.28064e-05 2.57966e-09 0.000105125 1.8288e-09 5.72699e-10 0.146756 1.41578e-05 
