0.00210386 1.70006e-05 1.11736e-11 0.00317708 0.00916368 0.840969 0.00280646 0.0188301 0.000589916 0.00222545 9.14302e-05 1.20232e-05 0.0025249 5.21819e-06 4.8303e-06 1.08813e-05 0.0288739 0.00116852 0.0267069 0.000701818 1.15258e-07 0.0121629 0.0464928 0.00127937 8.16938e-05 
0.00379455 3.2746e-05 2.44439e-11 0.00268705 0.044802 0.838588 0.0143816 0.000868799 0.00578396 0.000206115 4.02232e-05 9.00226e-07 0.00152518 6.60402e-09 2.91848e-05 1.04359e-08 6.10421e-05 0.00215746 0.000281234 0.0506311 2.29247e-07 0.000618111 0.021074 0.00674097 0.00569589 
0.00232056 1.7347e-06 2.81088e-10 0.000289365 0.00324422 0.600692 0.000448241 0.0157386 3.3793e-05 0.000167742 0.000261671 4.34952e-05 0.00015156 4.52808e-06 1.20544e-05 1.1414e-05 0.00197975 0.00314649 0.243593 0.000561949 1.72866e-07 0.0723001 0.0532577 0.0016959 4.3984e-05 
0.0430499 0.00031125 5.24723e-09 0.0139995 0.0235492 0.405113 0.00386171 0.0558669 0.0191237 0.0183403 0.00181171 0.000485711 0.00459613 0.000166558 0.00620771 2.3563e-06 0.0062602 0.0209623 0.0783243 0.0113471 1.63408e-11 0.0107269 0.18364 0.0136206 0.0786323 
0.0228352 8.33884e-05 1.39152e-07 0.333757 0.0013022 0.478898 1.81996e-05 0.0081058 0.000281614 0.0145113 0.00489726 7.19252e-06 0.0417619 5.34681e-05 1.81539e-05 6.38536e-07 0.00159236 1.24801e-06 0.0263658 0.0191254 1.84743e-09 0.010604 0.0356883 7.55016e-08 9.1896e-05 
0.0126872 2.01917e-05 1.13415e-11 0.00465864 0.00771455 0.555142 0.00378024 0.0100869 0.00029199 0.000197001 0.00270913 1.14014e-05 0.000142351 2.14205e-06 2.78875e-05 5.22889e-06 0.0227977 0.015706 0.00488125 0.000531565 5.66919e-06 0.0234526 0.330503 0.00456128 8.36336e-05 
0.00379455 3.2746e-05 2.44439e-11 0.00268705 0.044802 0.838588 0.0143816 0.000868799 0.00578396 0.000206115 4.02232e-05 9.00226e-07 0.00152518 6.60402e-09 2.91848e-05 1.04359e-08 6.10421e-05 0.00215746 0.000281234 0.0506311 2.29247e-07 0.000618111 0.021074 0.00674097 0.00569589 
0.0870674 9.98746e-06 1.34806e-07 0.0282327 0.00527005 0.351822 1.97793e-07 0.0147171 0.000119989 5.67007e-05 0.0557367 2.8744e-06 0.040404 1.13699e-05 6.9313e-07 3.26315e-06 0.00234986 0.0869773 0.0461226 0.0180143 4.22038e-07 0.0776278 0.1842 0.00120103 5.12205e-05 
0.0672452 0.000906196 5.34545e-05 0.0917721 0.0435787 0.284347 0.00459559 0.0328932 0.00287767 0.0107539 0.011441 1.6048e-06 0.122445 0.00490743 0.000372417 6.30064e-06 0.0806923 0.000854935 0.0176114 0.013591 2.50554e-06 0.0607595 0.14115 0.00677688 0.000364852 
0.00199409 9.56734e-05 1.08893e-11 0.00283532 1.81798e-08 0.541754 0.0561172 0.0825004 4.84388e-08 0.00371368 4.42652e-09 0.000457186 0.00111339 2.40118e-08 6.64044e-12 2.02136e-08 3.67107e-08 8.79459e-05 0.227615 0.00220892 6.67214e-12 0.0227986 0.0566709 3.70314e-05 3.07633e-08 
0.000901898 5.84617e-06 8.24559e-09 0.000632709 0.0223252 0.851282 0.00417576 0.0134983 3.65843e-05 8.10008e-05 9.93484e-05 9.08031e-06 0.000557562 2.29065e-08 3.72859e-05 0.000359622 0.000978264 0.00352556 0.00496086 0.000960611 4.80869e-08 0.000759487 0.0918117 0.00300153 3.37121e-08 
0.000383729 1.07468e-05 1.61879e-12 6.41076e-05 0.021579 0.844218 0.00784971 0.017832 6.53631e-05 0.000246086 0.000109888 2.70387e-05 0.000927161 2.72943e-06 1.51517e-05 2.06472e-05 0.000460562 0.0346516 0.0320224 0.000234272 1.93807e-06 0.0147715 0.0241267 0.000352419 2.70956e-05 
0.00570343 0.0139449 2.19686e-08 0.00695074 0.0224184 0.467309 0.00107778 0.0793259 0.00329848 0.00203566 0.0010872 0.00498899 5.47799e-05 0.00264124 5.19316e-05 1.07303e-05 0.00992133 0.00378462 0.00995869 0.000550322 1.58059e-06 0.258807 0.0957301 0.010098 0.000249576 
0.00222252 4.88863e-09 1.97184e-11 0.00995064 3.2047e-07 0.889139 1.30019e-07 0.0818256 0.000866493 5.54678e-08 4.0778e-07 3.1948e-12 0.00316521 4.56425e-08 1.20246e-11 8.42937e-08 0.00502249 6.82559e-08 4.24867e-07 4.05087e-07 1.2082e-11 0.00690532 1.49285e-06 0.000899415 4.29493e-08 
0.025443 4.63656e-06 2.88962e-10 0.0486786 0.083093 0.539076 0.00832857 0.0567236 0.0190495 0.011416 0.000112204 1.59923e-05 0.00721292 0.00205187 5.82725e-05 1.21213e-05 0.00495338 0.00620012 0.00590353 0.000296885 0.000495143 0.0774571 0.0747877 0.0276459 0.000983948 
0.0280494 4.52859e-05 5.02338e-05 0.0879347 0.0821178 0.256889 0.00140104 0.0495976 0.00302514 0.00742638 0.0057844 0.00897179 0.00429072 4.12777e-05 0.000660775 9.24901e-05 0.0456928 0.0386221 0.0284609 0.0232973 2.78248e-06 0.0560245 0.242319 0.0287018 0.000501135 
0.00175459 3.07984e-05 5.04124e-12 0.000986364 0.0110982 0.837748 0.00439821 0.00796061 0.000101823 0.0038415 2.36283e-05 2.24301e-05 0.00154424 5.82231e-06 9.00068e-06 1.25407e-05 0.0298155 0.00146918 0.0416153 0.000595775 2.1293e-07 0.0130663 0.0424993 0.00126957 0.000130824 
0.0216063 0.000268426 3.86984e-09 0.0395093 0.023857 0.467263 0.0110184 0.0101136 0.00857414 0.00822331 0.000176634 0.000812257 0.00381416 0.000232304 8.6072e-06 2.47233e-05 0.0579414 0.141134 0.0615853 0.0476549 3.18923e-08 0.0365612 0.0550515 0.00433156 0.000237222 
0.00299465 4.10179e-07 9.5796e-09 0.0585398 0.00173625 0.240921 0.00504811 0.0244408 0.040855 0.00103623 0.0017772 1.32997e-05 0.111338 6.51403e-05 1.66399e-07 4.39231e-05 0.218936 0.000934212 0.0821264 0.0054241 5.78852e-06 0.016979 0.183818 0.00292769 3.93933e-05 
0.000828198 2.5206e-05 2.21408e-08 0.0170508 0.0028988 0.783763 0.000162702 0.0089022 0.000700445 0.00225569 3.16342e-05 1.25404e-05 0.00139836 1.11366e-05 1.01117e-05 1.58747e-05 0.000511578 9.66132e-06 0.0741936 0.00173313 8.18911e-06 0.0222233 0.0831031 7.81855e-05 7.21962e-05 
0.17107 7.20682e-06 1.02406e-07 0.0822031 0.0834553 0.232793 0.00277214 0.00455701 0.0119771 0.0803341 0.0612675 0.000195442 0.00584609 0.00138545 0.00803309 4.32547e-08 0.00468892 0.000174682 0.00826294 0.0243044 3.13959e-08 0.00675883 0.0514412 0.155717 0.00275458 
0.0255594 0.000143736 1.97331e-11 0.0482083 0.0189132 0.655407 7.54821e-05 0.0958576 0.00151181 0.00161877 0.00347185 2.48933e-08 0.00204358 1.20711e-08 0.00350586 1.3047e-05 0.0270548 2.51297e-08 0.043034 0.0266251 1.23018e-08 0.0227924 0.0225692 0.00159487 1.88192e-08 
0.0794102 0.000323153 3.06081e-07 0.0414995 0.0275369 0.335226 0.0275691 0.0543881 0.00351596 0.0105258 0.000424118 0.0319836 0.015 0.00204619 0.00558475 6.65202e-05 0.101218 0.0022802 0.134981 0.0134716 7.08889e-06 0.0482294 0.040714 0.0239235 7.43694e-05 
0.00255821 0.16208 1.95416e-09 5.61791e-06 0.240225 0.254891 0.00049947 0.0614261 2.06518e-06 2.70917e-07 0.0825664 1.70965e-05 7.95593e-06 1.6149e-09 1.19168e-09 1.729e-06 0.0125962 7.8821e-05 0.00136813 0.0596564 1.43577e-05 0.0042983 0.0974672 0.0202382 2.13086e-06 
0.0141544 0.000161333 1.77191e-06 0.00366203 0.0422467 0.414155 0.0231521 0.1452 0.00251893 0.00385036 0.0202032 0.000892054 0.00134612 0.000922422 0.000746471 4.16e-05 0.0822121 0.0385684 0.0298333 0.00324069 1.42446e-07 0.0591596 0.100807 0.0122104 0.000713712 
0.00591747 0.0137848 3.16369e-08 0.00316343 0.0227785 0.536314 0.0291264 0.0089101 0.00041052 0.000103965 0.000370848 5.15151e-06 0.000207997 1.35924e-06 0.000157052 7.80763e-05 0.0176817 0.0239003 0.0733537 0.000593182 3.19827e-06 0.0735668 0.166949 0.0226034 1.96771e-05 
0.0766828 5.83659e-06 3.43948e-10 0.0145899 0.134343 0.353179 0.0992133 0.00568011 0.0067323 0.0146103 0.154521 2.93411e-06 0.0137546 0.014124 0.000408043 2.06264e-07 0.0130714 0.000357006 0.0122996 0.00818664 1.10373e-07 0.00313816 0.00419529 0.0709035 8.83484e-07 
0.00682816 8.60281e-05 4.7663e-06 0.0482458 0.0666975 0.318796 0.0054281 0.120825 0.0610258 0.000729157 0.00376633 4.8842e-06 0.000264928 2.13063e-05 0.00256468 9.07888e-06 0.000741615 0.000892888 0.0383897 0.0081042 3.01162e-07 0.0522635 0.238335 0.0258978 7.754e-05 
0.000317227 1.603e-07 2.05186e-09 0.0109211 0.07045 0.454333 0.0124256 0.0368354 0.0586545 0.00104224 2.77906e-05 7.44539e-09 0.00203743 7.38326e-08 3.83357e-07 5.2042e-08 5.51012e-07 0.00149523 0.0540664 0.00605965 5.5367e-09 0.0109412 0.243977 0.0364156 1.03347e-07 
0.00379455 3.2746e-05 2.44439e-11 0.00268705 0.044802 0.838588 0.0143816 0.000868799 0.00578396 0.000206115 4.02232e-05 9.00226e-07 0.00152518 6.60402e-09 2.91848e-05 1.04359e-08 6.10421e-05 0.00215746 0.000281234 0.0506311 2.29247e-07 0.000618111 0.021074 0.00674097 0.00569589 
0.00386836 0.00138268 0.00130467 0.000759687 0.0867343 0.483746 0.0344648 0.026132 0.00103578 0.0027568 0.0761433 5.0078e-08 0.0020547 0.00397772 2.0663e-05 1.83141e-06 0.077397 0.0155037 0.00256181 0.0051921 4.34192e-07 0.0210975 0.148012 0.00464281 0.00120939 
0.00175459 3.07984e-05 5.04124e-12 0.000986364 0.0110982 0.837748 0.00439821 0.00796061 0.000101823 0.0038415 2.36283e-05 2.24301e-05 0.00154424 5.82231e-06 9.00068e-06 1.25407e-05 0.0298155 0.00146918 0.0416153 0.000595775 2.1293e-07 0.0130663 0.0424993 0.00126957 0.000130824 
0.00379455 3.2746e-05 2.44439e-11 0.00268705 0.044802 0.838588 0.0143816 0.000868799 0.00578396 0.000206115 4.02232e-05 9.00226e-07 0.00152518 6.60402e-09 2.91848e-05 1.04359e-08 6.10421e-05 0.00215746 0.000281234 0.0506311 2.29247e-07 0.000618111 0.021074 0.00674097 0.00569589 
0.0397424 0.0211937 1.47805e-05 0.00365269 0.0876592 0.584969 0.0234109 0.019934 0.00169489 0.00581118 0.000428063 0.00124575 0.00177869 0.00901438 5.95651e-05 7.54314e-06 0.00391815 0.0103435 0.0210594 0.00191225 2.6376e-07 0.0895157 0.0600909 0.00735219 0.00519056 
0.00379455 3.2746e-05 2.44439e-11 0.00268705 0.044802 0.838588 0.0143816 0.000868799 0.00578396 0.000206115 4.02232e-05 9.00226e-07 0.00152518 6.60402e-09 2.91848e-05 1.04359e-08 6.10421e-05 0.00215746 0.000281234 0.0506311 2.29247e-07 0.000618111 0.021074 0.00674097 0.00569589 
0.0139235 3.0198e-05 8.06451e-09 0.00614302 0.0300369 0.448826 0.006641 0.0284243 0.0144369 0.0181747 0.0014127 1.96683e-05 0.00596403 8.08488e-05 0.00122384 8.5738e-05 0.0967282 0.0479565 0.0407482 0.00754687 1.60609e-06 0.0294828 0.179257 0.0191579 0.00369722 
0.002083 0.000113469 2.11079e-12 0.000263868 0.0265379 0.420074 0.00861219 0.0132268 0.00011847 0.000839943 0.000105044 9.18578e-06 0.000269391 1.82048e-06 3.56383e-06 1.18641e-05 0.00737452 0.068926 0.296961 0.000527502 1.42502e-06 0.048331 0.101819 0.00376402 2.43427e-05 
0.0172421 3.50165e-08 5.66974e-07 0.0576253 0.0329363 0.388832 0.00100876 0.0295536 0.00661353 0.000147466 0.000296446 6.11362e-09 1.36237e-05 9.63849e-05 5.78949e-06 3.74624e-06 0.000189585 8.8733e-06 0.0127898 0.0379201 3.1071e-09 0.143829 0.269404 0.00148159 1.818e-06 
0.00361512 9.56443e-06 8.84878e-12 0.00361679 0.0124733 0.845485 0.0072896 0.00665716 0.000260995 0.00166502 8.33234e-05 1.67551e-05 0.000398039 1.76098e-05 6.75689e-06 2.00327e-05 0.00222784 0.0166892 0.069486 0.000480159 3.40709e-06 0.00787625 0.0202118 0.00138482 2.50208e-05 
0.00493735 1.19758e-05 2.3916e-06 0.0336603 0.0213617 0.844001 0.00148592 0.0155545 0.000748383 0.00340961 0.00564948 0.00111872 0.00194124 0.00132167 0.000130206 7.68397e-06 0.000102098 0.00208662 0.00186874 5.87774e-05 3.01149e-06 0.0205597 0.0137595 0.0262066 1.28086e-05 
0.0428126 4.86654e-05 3.38134e-06 0.0110294 0.0654464 0.271974 0.00454152 0.0759859 0.00201246 0.000812785 0.00926934 0.000157565 0.0211207 8.69807e-05 0.000109026 2.72125e-05 0.121665 0.00787951 0.0271818 0.0325982 5.24224e-05 0.179314 0.1139 0.011945 2.65662e-05 
0.0697085 0.000935456 1.44387e-07 0.120028 0.154556 0.242302 0.000442584 0.138498 0.000609871 0.00263175 0.00236209 1.09589e-07 0.00128588 6.42036e-07 6.33041e-07 0.000202344 0.00380934 7.76124e-08 0.0341937 0.0221562 2.34002e-08 0.00454493 0.17951 0.0178709 0.0043504 
0.00101505 2.21763e-05 2.69915e-10 0.00715237 0.0263133 0.395534 0.00101635 0.0213293 0.000996742 0.00234775 0.000197987 1.56807e-05 0.000426036 9.694e-06 0.00375141 2.53049e-06 0.00271785 0.00148541 0.145677 0.000332383 2.48156e-07 0.0161411 0.366182 0.00719279 0.000141002 
0.00707846 1.09251e-07 4.15794e-10 0.0106578 0.0145782 0.563172 4.20565e-05 0.0574973 0.000575055 0.000547624 0.0386101 4.31158e-05 0.00823673 1.95649e-06 0.00067555 1.57619e-05 0.0783913 0.0222586 0.0436836 0.00328963 7.87503e-07 0.0351413 0.11006 0.00538979 5.30955e-05 
0.065593 3.71285e-08 1.95132e-12 0.0148483 0.000559235 0.540103 2.01151e-08 0.0257603 7.06129e-08 0.00365648 6.44723e-09 4.44517e-08 0.0124587 3.4994e-08 1.18995e-12 2.94498e-08 0.0112118 1.41726e-08 0.157136 0.00174618 1.19563e-12 0.0695138 0.097413 3.3981e-09 4.48402e-08 
0.00379455 3.2746e-05 2.44439e-11 0.00268705 0.044802 0.838588 0.0143816 0.000868799 0.00578396 0.000206115 4.02232e-05 9.00226e-07 0.00152518 6.60402e-09 2.91848e-05 1.04359e-08 6.10421e-05 0.00215746 0.000281234 0.0506311 2.29247e-07 0.000618111 0.021074 0.00674097 0.00569589 
0.0383831 1.28263e-05 3.97156e-11 0.0244865 0.00168851 0.412777 1.14341e-05 0.049393 7.14124e-05 0.000714963 0.00028115 5.84483e-05 0.00622195 6.14814e-06 2.42192e-11 6.24009e-06 0.0995022 6.08296e-06 0.0823362 0.00764137 4.17995e-09 0.018394 0.257792 3.16213e-05 0.000183677 
0.138062 9.4757e-05 1.87675e-09 0.0164327 0.0572136 0.153639 0.054946 0.0907758 0.00262399 0.0996155 0.000196719 0.00023642 0.00784501 1.74736e-05 5.47189e-06 6.87636e-05 0.0155754 0.0596784 0.00714953 0.00375817 6.35858e-07 0.147687 0.131246 0.0130561 7.64842e-05 
0.00152423 5.29143e-06 1.13408e-08 0.00179438 0.0286249 0.65713 0.00370486 0.21755 0.00118602 0.00108612 0.000343785 0.000102106 0.000623881 1.11746e-05 4.23278e-05 8.33411e-06 0.0028011 0.00447871 0.00623776 0.000920367 3.03505e-07 0.00972992 0.0438124 0.0182795 2.71533e-06 
0.0373214 0.000297014 0.000125949 0.0605481 0.0431933 0.345763 0.00462851 0.0297136 0.00152417 0.0050408 0.00352445 2.42074e-06 0.0101727 5.80227e-05 0.000102638 1.02228e-05 0.0542868 0.00255027 0.0146048 0.150879 6.17266e-06 0.0314331 0.198833 0.00534757 3.24948e-05 
0.00379455 3.2746e-05 2.44439e-11 0.00268705 0.044802 0.838588 0.0143816 0.000868799 0.00578396 0.000206115 4.02232e-05 9.00226e-07 0.00152518 6.60402e-09 2.91848e-05 1.04359e-08 6.10421e-05 0.00215746 0.000281234 0.0506311 2.29247e-07 0.000618111 0.021074 0.00674097 0.00569589 
0.00379455 3.2746e-05 2.44439e-11 0.00268705 0.044802 0.838588 0.0143816 0.000868799 0.00578396 0.000206115 4.02232e-05 9.00226e-07 0.00152518 6.60402e-09 2.91848e-05 1.04359e-08 6.10421e-05 0.00215746 0.000281234 0.0506311 2.29247e-07 0.000618111 0.021074 0.00674097 0.00569589 
0.00362781 0.000253548 9.88585e-09 0.00439519 0.000780921 0.520252 0.0372472 0.103379 0.000441264 0.00117438 4.80769e-05 0.0541253 0.00045656 0.0027335 1.69692e-08 4.56842e-06 5.36767e-05 3.89956e-05 0.12828 0.00193678 1.12624e-11 0.105867 0.034185 0.000682972 3.55905e-05 
0.0566705 2.12577e-06 7.17666e-08 0.0502218 0.071214 0.268249 0.00328652 0.0512719 0.00829427 0.0121326 0.0314158 0.00143066 0.0270399 0.00101657 0.00111881 7.94154e-05 0.0532645 0.0151681 0.0597698 0.0404184 1.50437e-05 0.00845827 0.0787945 0.152869 0.00779846 
0.00175459 3.07984e-05 5.04124e-12 0.000986364 0.0110982 0.837748 0.00439821 0.00796061 0.000101823 0.0038415 2.36283e-05 2.24301e-05 0.00154424 5.82231e-06 9.00068e-06 1.25407e-05 0.0298155 0.00146918 0.0416153 0.000595775 2.1293e-07 0.0130663 0.0424993 0.00126957 0.000130824 
0.0632324 8.1817e-05 3.80699e-08 0.00256136 0.0355414 0.305603 0.0196596 0.0426425 0.00143396 0.0328103 0.000806462 0.00587733 0.00139179 5.29693e-06 0.157971 3.33655e-05 0.029607 0.02521 0.0472206 0.0202157 1.00569e-07 0.0220415 0.155404 0.0226638 0.00798654 
0.00210386 1.70006e-05 1.11736e-11 0.00317708 0.00916368 0.840969 0.00280646 0.0188301 0.000589916 0.00222545 9.14302e-05 1.20232e-05 0.0025249 5.21819e-06 4.8303e-06 1.08813e-05 0.0288739 0.00116852 0.0267069 0.000701818 1.15258e-07 0.0121629 0.0464928 0.00127937 8.16938e-05 
0.000832953 2.17442e-06 1.62718e-10 0.000513048 0.212695 0.275783 0.0385786 0.0102824 0.0301105 0.000251059 0.00166247 2.63637e-11 3.38709e-11 5.76833e-06 9.92278e-11 2.17305e-10 0.0046726 0.055558 1.22968e-07 3.22973e-11 9.97015e-11 0.116493 0.245917 0.00662119 2.22221e-05 
0.145198 4.74166e-05 8.99924e-06 0.0586317 0.0233682 0.409152 0.00111276 0.0356927 0.00520694 0.00139309 2.44595e-05 3.18489e-05 0.0016065 1.153e-05 1.81839e-06 1.74445e-05 0.0077984 0.000579864 0.020196 0.024219 6.55195e-07 0.115336 0.149407 0.000940242 1.73916e-05 
0.0787551 1.23619e-05 4.96252e-11 0.0341201 0.123937 0.29252 0.00888372 0.000404792 0.0104208 0.153017 0.0994176 3.35417e-05 0.00327192 1.9977e-07 0.0012104 1.14766e-07 0.00357265 0.00851564 0.00399102 0.0472351 3.04067e-11 0.00381252 0.030495 0.0953572 0.00101714 
0.156867 0.00052486 1.57141e-07 0.0308167 0.165333 0.209686 0.0107759 0.0261769 0.00284714 0.0534776 0.00239067 0.0120853 0.0259451 0.000907797 0.000216688 1.35746e-05 0.0287972 0.012069 0.159858 0.0234876 2.95941e-05 0.0339602 0.0305531 0.0124471 0.000732929 
0.000383729 1.07468e-05 1.61879e-12 6.41076e-05 0.021579 0.844218 0.00784971 0.017832 6.53631e-05 0.000246086 0.000109888 2.70387e-05 0.000927161 2.72943e-06 1.51517e-05 2.06472e-05 0.000460562 0.0346516 0.0320224 0.000234272 1.93807e-06 0.0147715 0.0241267 0.000352419 2.70956e-05 
0.0357714 2.35493e-05 1.13043e-10 0.087112 0.013409 0.537797 1.34384e-05 0.0189201 0.016094 0.00958831 2.00737e-06 4.38529e-08 0.00283913 8.74716e-05 6.89354e-11 2.91895e-08 0.00701153 5.59689e-06 0.143136 0.0547722 6.92644e-11 0.0249409 0.0481159 0.000360482 4.42817e-08 
0.00379455 3.2746e-05 2.44439e-11 0.00268705 0.044802 0.838588 0.0143816 0.000868799 0.00578396 0.000206115 4.02232e-05 9.00226e-07 0.00152518 6.60402e-09 2.91848e-05 1.04359e-08 6.10421e-05 0.00215746 0.000281234 0.0506311 2.29247e-07 0.000618111 0.021074 0.00674097 0.00569589 
0.00379455 3.2746e-05 2.44439e-11 0.00268705 0.044802 0.838588 0.0143816 0.000868799 0.00578396 0.000206115 4.02232e-05 9.00226e-07 0.00152518 6.60402e-09 2.91848e-05 1.04359e-08 6.10421e-05 0.00215746 0.000281234 0.0506311 2.29247e-07 0.000618111 0.021074 0.00674097 0.00569589 
0.00101505 2.21763e-05 2.69915e-10 0.00715237 0.0263133 0.395534 0.00101635 0.0213293 0.000996742 0.00234775 0.000197987 1.56807e-05 0.000426036 9.694e-06 0.00375141 2.53049e-06 0.00271785 0.00148541 0.145677 0.000332383 2.48156e-07 0.0161411 0.366182 0.00719279 0.000141002 
0.00898294 0.000372214 2.93613e-10 0.00718745 0.051005 0.320325 0.0118814 0.104693 0.00170396 0.00221903 8.09051e-06 6.50479e-05 0.000102174 4.97211e-06 0.00425516 1.2711e-05 0.00718228 0.00496021 0.00142478 4.5942e-05 7.17222e-06 0.162369 0.188155 0.123038 1.04383e-08 
0.00025602 0.000197652 6.83918e-11 4.2839e-05 0.047957 0.637101 0.00523462 0.0688637 0.00149642 0.0027968 7.35879e-05 1.81096e-05 0.000618826 1.88717e-06 1.02148e-05 1.39735e-05 0.00030738 0.0231031 0.0213514 0.00277419 1.33742e-06 0.032876 0.148387 0.00649874 1.82136e-05 
0.00719743 6.12295e-05 3.53811e-07 0.0112945 0.0633348 0.371457 0.0370353 0.086914 0.00243962 0.013809 0.000421318 0.000448526 0.00186552 6.68693e-07 0.00344097 8.56577e-06 0.0032245 0.0269632 0.0470407 0.00548827 2.55008e-05 0.0109655 0.260588 0.0456912 0.000284281 
0.0513476 0.000202391 6.58941e-12 0.00164215 0.107936 0.302504 0.0173557 0.019474 0.00148623 0.043858 8.19564e-06 0.00264283 0.00338447 0.000946051 0.000399831 1.68341e-05 0.0786365 0.0765338 0.0596569 0.00222501 4.41376e-07 0.0267924 0.180292 0.0189352 0.00372389 
0.000383729 1.07468e-05 1.61879e-12 6.41076e-05 0.021579 0.844218 0.00784971 0.017832 6.53631e-05 0.000246086 0.000109888 2.70387e-05 0.000927161 2.72943e-06 1.51517e-05 2.06472e-05 0.000460562 0.0346516 0.0320224 0.000234272 1.93807e-06 0.0147715 0.0241267 0.000352419 2.70956e-05 
0.0100418 0.000254573 8.63798e-06 0.0461041 0.0613362 0.359332 0.000757847 0.0293773 0.00035633 0.00321665 0.000551637 1.07153e-05 0.0267816 5.53107e-05 0.000111135 8.21643e-06 0.110542 0.000425149 0.0818053 0.0259023 8.81445e-07 0.0507675 0.189191 0.00304381 1.72167e-05 
0.00101505 2.21763e-05 2.69915e-10 0.00715237 0.0263133 0.395534 0.00101635 0.0213293 0.000996742 0.00234775 0.000197987 1.56807e-05 0.000426036 9.694e-06 0.00375141 2.53049e-06 0.00271785 0.00148541 0.145677 0.000332383 2.48156e-07 0.0161411 0.366182 0.00719279 0.000141002 
0.028882 3.52866e-05 0.0002583 0.0257755 0.117742 0.284473 0.00523783 0.0726767 0.0114841 0.00204641 0.00384609 4.09285e-05 0.0107435 0.00876954 0.000107302 2.65885e-05 0.0359126 0.0110894 0.0228334 0.00659398 2.13385e-05 0.225511 0.11801 0.00785399 2.84267e-05 
0.0105838 1.97722e-05 2.43175e-12 0.000901004 0.113396 0.267714 0.0119939 0.0478728 0.0020158 0.00278221 0.000345043 2.72211e-05 0.000381059 2.75534e-05 3.56304e-06 1.31917e-05 0.00412551 0.10397 0.149334 0.000272612 8.87552e-07 0.066592 0.201747 0.0157422 0.000139787 
0.0405654 6.89321e-06 1.48018e-08 0.165203 0.204802 0.271337 0.00110196 0.00524734 0.00626256 0.00347027 0.00110361 9.99576e-07 0.0126413 0.000997468 3.73978e-05 6.77586e-06 0.0931062 0.0394997 0.033403 0.00419414 2.92344e-07 0.0609818 0.0535454 0.0024324 5.26686e-05 
0.0132229 0.000218484 1.22292e-10 0.00547436 0.0166123 0.48205 0.000858257 0.0103021 0.00506401 0.00366097 0.009922 1.39316e-05 0.206535 4.56642e-06 1.05391e-06 1.25125e-05 0.0383112 0.0169431 0.0162751 0.00166532 5.06222e-06 0.119546 0.0490806 0.00418573 3.56497e-05 
0.00425538 0.0416517 1.35947e-09 0.000711633 0.021082 0.527833 0.0414712 0.0436635 0.00135445 0.000417372 0.00015349 6.93588e-05 0.00343557 3.59857e-06 0.00196995 3.05624e-06 0.00734491 0.012062 0.0389577 0.0127325 2.47886e-05 0.128525 0.0621878 0.0450517 0.00503836 
0.00175459 3.07984e-05 5.04124e-12 0.000986364 0.0110982 0.837748 0.00439821 0.00796061 0.000101823 0.0038415 2.36283e-05 2.24301e-05 0.00154424 5.82231e-06 9.00068e-06 1.25407e-05 0.0298155 0.00146918 0.0416153 0.000595775 2.1293e-07 0.0130663 0.0424993 0.00126957 0.000130824 
0.0121376 0.000568836 8.74403e-11 0.0245049 0.0127957 0.371125 0.000573155 0.0315584 0.00478271 0.00238823 0.000833761 0.000167621 0.00675408 0.000112135 0.00988627 5.88617e-05 0.024177 2.19742e-05 0.0734713 0.00436633 1.27439e-06 0.0551238 0.318122 0.0453053 0.0011632 
0.050439 0.00104555 3.92898e-06 0.0436829 0.056776 0.241095 0.00529759 0.0755306 0.00813281 0.0100268 0.0163537 0.00210388 0.0570306 0.00101002 0.00131841 0.00185148 0.130225 0.0143044 0.0512945 0.0223165 0.00204363 0.044568 0.146211 0.0167979 0.000541416 
0.00212356 9.27139e-07 8.28226e-12 0.00143876 0.00229132 0.428525 0.000297846 0.0168674 5.35018e-05 0.00330642 4.93672e-06 2.513e-05 0.00483872 1.32287e-05 1.2122e-08 6.60743e-06 0.324231 0.000614127 0.132581 0.000872231 2.74525e-06 0.0434009 0.036316 0.00196981 0.000219096 
0.00566256 2.71078e-09 1.13761e-11 1.43271e-05 2.32613e-07 0.915905 9.74916e-09 0.0129601 7.16518e-05 0.000128963 0.000864081 6.73282e-09 0.0153188 2.02827e-07 2.80079e-08 2.26455e-08 0.0408437 0.000231122 0.00329896 8.54868e-05 1.46466e-06 0.00397571 0.000637175 2.06659e-08 3.13892e-09 
0.00199409 9.56734e-05 1.08893e-11 0.00283532 1.81798e-08 0.541754 0.0561172 0.0825004 4.84388e-08 0.00371368 4.42652e-09 0.000457186 0.00111339 2.40118e-08 6.64044e-12 2.02136e-08 3.67107e-08 8.79459e-05 0.227615 0.00220892 6.67214e-12 0.0227986 0.0566709 3.70314e-05 3.07633e-08 
0.0474377 3.44654e-06 3.04868e-10 0.0589622 0.0629591 0.330248 0.00335438 0.0686043 0.0234281 0.00873206 0.00364688 0.000116236 0.0227373 0.00257556 0.000220762 9.01669e-06 0.0117213 0.0152923 0.0222386 0.00584904 7.91665e-05 0.182781 0.0932476 0.0348135 0.000942755 
0.0104391 0.000361245 7.3859e-06 0.00603612 0.0637413 0.4241 0.0562355 0.0984748 0.00583978 0.0238326 0.00144379 0.000229644 0.0129073 0.000139647 0.00626686 1.51554e-05 0.000468265 0.00263163 0.0306173 0.00763061 2.90553e-07 0.0408359 0.0791427 0.128495 0.000108512 
0.00379455 3.2746e-05 2.44439e-11 0.00268705 0.044802 0.838588 0.0143816 0.000868799 0.00578396 0.000206115 4.02232e-05 9.00226e-07 0.00152518 6.60402e-09 2.91848e-05 1.04359e-08 6.10421e-05 0.00215746 0.000281234 0.0506311 2.29247e-07 0.000618111 0.021074 0.00674097 0.00569589 
0.0015477 5.98918e-05 1.55492e-10 0.00286029 0.0116237 0.64761 0.00571491 0.0106248 0.000195951 0.00139223 2.93234e-05 6.57372e-06 9.93329e-05 9.23565e-05 0.00058305 2.01708e-05 0.00665799 0.0586699 0.112426 0.000584514 2.76475e-08 0.0202418 0.116548 0.00239321 1.85702e-05 
0.00162491 0.0157551 1.07536e-10 0.000636969 0.0128797 0.542034 0.0522341 0.043508 0.00017499 0.000523898 0.000262349 0.000118542 0.000483421 2.91576e-05 0.000198044 9.55116e-06 0.0138283 0.0206732 0.0208765 0.00160775 4.19919e-05 0.125525 0.137941 0.0090119 2.13194e-05 
0.114209 0.00161725 9.05332e-12 0.0131859 0.0702248 0.247749 0.00629555 0.016291 0.00488274 0.0206189 0.000605534 0.0185136 0.0114829 0.0015663 2.98906e-06 0.00342352 0.0571722 0.00226968 0.206083 0.0128923 0.000197503 0.0731347 0.11562 0.00183635 0.000125363 
0.00165419 9.30359e-05 2.01534e-11 0.000966689 0.0220775 0.695174 0.0102968 0.0856503 0.000190726 0.00101412 0.000154208 3.14702e-05 0.00112503 8.39192e-06 0.00178877 1.43649e-05 0.00108396 0.0251667 0.0205142 0.00484428 7.40941e-07 0.0170716 0.106343 0.00424193 0.000493961 
0.00032621 1.1293e-06 1.37108e-06 1.56123e-07 7.00067e-08 0.987795 3.18319e-07 0.000555576 3.4769e-07 3.32457e-07 5.88247e-07 2.22144e-07 2.85401e-07 1.13305e-06 8.36108e-07 1.83105e-06 2.04141e-07 1.37164e-07 0.00064383 0.00952521 8.40098e-07 1.9293e-07 0.00077944 0.000364389 7.85682e-07 
2.4071e-07 6.93126e-05 4.18102e-08 0.00196464 0.179823 0.315254 0.00262186 0.133958 0.00220039 0.000385686 0.183929 7.68839e-08 0.000196543 1.66679e-05 6.03719e-08 0.00011628 5.02937e-07 0.0507169 0.00567933 0.00261361 6.448e-06 0.0918229 0.0253449 0.00244737 0.000833292 
0.0329835 0.00307584 4.43398e-09 0.115154 0.0656314 0.300428 0.00414859 0.0345288 0.0108415 0.000870922 0.00176109 1.84341e-05 0.00448459 0.145482 0.00243301 1.68168e-05 0.0253701 0.0033553 0.0279654 0.0103311 4.57739e-07 0.0185241 0.17929 0.0125547 0.00075028 
0.00175459 3.07984e-05 5.04124e-12 0.000986364 0.0110982 0.837748 0.00439821 0.00796061 0.000101823 0.0038415 2.36283e-05 2.24301e-05 0.00154424 5.82231e-06 9.00068e-06 1.25407e-05 0.0298155 0.00146918 0.0416153 0.000595775 2.1293e-07 0.0130663 0.0424993 0.00126957 0.000130824 
0.00379455 3.2746e-05 2.44439e-11 0.00268705 0.044802 0.838588 0.0143816 0.000868799 0.00578396 0.000206115 4.02232e-05 9.00226e-07 0.00152518 6.60402e-09 2.91848e-05 1.04359e-08 6.10421e-05 0.00215746 0.000281234 0.0506311 2.29247e-07 0.000618111 0.021074 0.00674097 0.00569589 
0.000383729 1.07468e-05 1.61879e-12 6.41076e-05 0.021579 0.844218 0.00784971 0.017832 6.53631e-05 0.000246086 0.000109888 2.70387e-05 0.000927161 2.72943e-06 1.51517e-05 2.06472e-05 0.000460562 0.0346516 0.0320224 0.000234272 1.93807e-06 0.0147715 0.0241267 0.000352419 2.70956e-05 
0.00254465 1.99387e-05 1.72413e-05 0.29599 1.22622e-05 0.589825 1.49345e-05 0.00122169 0.0409843 3.34565e-05 0.000587902 4.41518e-05 0.000148916 8.15809e-07 6.02008e-07 1.31838e-06 0.00560264 9.876e-08 0.0394396 0.0160205 6.04882e-07 0.00109372 0.00619193 0.000202206 1.4098e-06 
0.000901898 5.84617e-06 8.24559e-09 0.000632709 0.0223252 0.851282 0.00417576 0.0134983 3.65843e-05 8.10008e-05 9.93484e-05 9.08031e-06 0.000557562 2.29065e-08 3.72859e-05 0.000359622 0.000978264 0.00352556 0.00496086 0.000960611 4.80869e-08 0.000759487 0.0918117 0.00300153 3.37121e-08 
0.00695645 5.44641e-05 3.07107e-08 0.103553 0.0699868 0.437771 0.000904109 0.0104134 0.0785569 0.000856196 0.000690557 1.31554e-05 0.00082369 4.54964e-06 0.000294655 5.68155e-06 0.00181158 0.0197008 0.0282281 0.00597539 6.3407e-06 0.0933189 0.138178 0.0017837 0.000111901 
0.0359857 0.000339869 6.51294e-12 0.00415318 0.00502793 0.348959 0.000481446 0.0719175 0.000281799 0.000281558 0.00114747 4.71427e-05 0.0125022 1.94905e-08 0.00106846 9.82441e-06 0.00418588 0.000830662 0.15829 0.0694681 2.30461e-07 0.158094 0.120491 0.00418176 0.00225531 
0.148345 1.74167e-07 6.41082e-09 0.0103445 0.119657 0.220434 0.0157891 0.18567 0.0226871 0.0413206 5.38076e-05 0.00626903 0.00115306 4.71603e-06 5.3599e-07 2.64411e-05 0.0462403 0.00551177 0.0530553 0.00167951 1.93353e-07 0.0141562 0.0846635 0.0229249 1.34229e-05 
0.00210386 1.70006e-05 1.11736e-11 0.00317708 0.00916368 0.840969 0.00280646 0.0188301 0.000589916 0.00222545 9.14302e-05 1.20232e-05 0.0025249 5.21819e-06 4.8303e-06 1.08813e-05 0.0288739 0.00116852 0.0267069 0.000701818 1.15258e-07 0.0121629 0.0464928 0.00127937 8.16938e-05 
1.09626e-07 1.17686e-06 1.42882e-06 1.62698e-07 7.2955e-08 0.949664 3.31725e-07 1.75394e-07 3.62333e-07 3.46458e-07 6.13021e-07 2.31499e-07 2.97421e-07 1.18077e-06 8.7132e-07 1.90816e-06 0.0299749 1.42941e-07 2.2581e-05 2.83602e-07 8.75479e-07 0.0203268 6.29614e-08 2.10846e-07 8.1877e-07 
0.00232056 1.7347e-06 2.81088e-10 0.000289365 0.00324422 0.600692 0.000448241 0.0157386 3.3793e-05 0.000167742 0.000261671 4.34952e-05 0.00015156 4.52808e-06 1.20544e-05 1.1414e-05 0.00197975 0.00314649 0.243593 0.000561949 1.72866e-07 0.0723001 0.0532577 0.0016959 4.3984e-05 
0.0887297 0.000612459 2.95145e-06 0.0265103 0.0406573 0.207167 0.0267381 0.0422464 0.00295654 0.0015631 0.0231417 0.00377478 0.0624682 0.00712644 0.000342268 3.87999e-05 0.0958869 0.027846 0.0505963 0.0487968 7.47176e-06 0.109057 0.12852 0.00496947 0.000243641 
0.0791094 0.00223239 3.01751e-07 0.00278171 0.0500136 0.190108 0.0592409 0.133178 0.00171696 0.00761003 0.00505722 0.000130725 0.00975349 0.0275644 0.00688043 2.00258e-05 0.013557 0.00861345 0.0399349 0.00609397 0.000154898 0.112061 0.0752415 0.165404 0.00354222 
0.0513476 0.000202391 6.58941e-12 0.00164215 0.107936 0.302504 0.0173557 0.019474 0.00148623 0.043858 8.19564e-06 0.00264283 0.00338447 0.000946051 0.000399831 1.68341e-05 0.0786365 0.0765338 0.0596569 0.00222501 4.41376e-07 0.0267924 0.180292 0.0189352 0.00372389 
0.00379455 3.2746e-05 2.44439e-11 0.00268705 0.044802 0.838588 0.0143816 0.000868799 0.00578396 0.000206115 4.02232e-05 9.00226e-07 0.00152518 6.60402e-09 2.91848e-05 1.04359e-08 6.10421e-05 0.00215746 0.000281234 0.0506311 2.29247e-07 0.000618111 0.021074 0.00674097 0.00569589 
0.0637305 0.000529613 6.46071e-11 0.0654188 0.0863279 0.261505 0.00383272 0.0833111 0.0178724 0.00791009 0.00616097 6.80828e-05 0.0132444 9.93823e-05 0.000121123 0.000112734 0.0326875 0.0197974 0.0117824 0.00827682 3.74998e-06 0.0532193 0.253641 0.00988544 0.000461444 
0.0095434 4.48421e-06 1.76633e-11 0.00343599 0.0220138 0.551682 0.000127855 0.045333 0.000724086 3.47844e-05 0.00520606 5.47235e-05 0.0137075 5.41275e-06 4.9916e-07 2.46957e-05 0.111167 0.00615078 0.10296 0.000626006 9.70156e-06 0.0637061 0.0623423 0.00112422 1.53518e-05 
0.03482 0.00175651 0.00303266 0.0146615 0.0155 0.326459 0.000529951 0.0996741 0.000994676 0.00869858 0.00243208 0.00275018 0.000831294 0.00234678 0.000172009 1.3716e-05 0.154586 0.000366068 0.0197854 0.0010854 1.22321e-05 0.0912833 0.0657544 0.134514 0.0179396 
0.148475 0.000143013 1.44412e-08 0.0274439 0.0360845 0.329586 0.00918496 0.0487507 0.138709 0.0153063 2.72864e-05 2.23349e-06 0.0157776 1.68546e-06 3.76011e-06 1.92858e-08 0.0199313 2.47982e-06 0.00678494 1.22549e-05 7.56499e-06 0.133135 0.0168947 0.0537005 3.52863e-05 
0.00210386 1.70006e-05 1.11736e-11 0.00317708 0.00916368 0.840969 0.00280646 0.0188301 0.000589916 0.00222545 9.14302e-05 1.20232e-05 0.0025249 5.21819e-06 4.8303e-06 1.08813e-05 0.0288739 0.00116852 0.0267069 0.000701818 1.15258e-07 0.0121629 0.0464928 0.00127937 8.16938e-05 
0.000383729 1.07468e-05 1.61879e-12 6.41076e-05 0.021579 0.844218 0.00784971 0.017832 6.53631e-05 0.000246086 0.000109888 2.70387e-05 0.000927161 2.72943e-06 1.51517e-05 2.06472e-05 0.000460562 0.0346516 0.0320224 0.000234272 1.93807e-06 0.0147715 0.0241267 0.000352419 2.70956e-05 
0.00225374 0.000183533 9.45803e-11 0.0157368 0.0302235 0.676969 0.00361759 0.0357307 0.00153075 0.000886601 0.00044132 6.96106e-06 0.00126125 1.30038e-06 8.88111e-06 7.76056e-05 0.00884541 0.0010106 0.0393651 0.000497804 3.8304e-08 0.00541379 0.1752 0.000539632 0.00019788 
0.0289694 3.44642e-05 8.15148e-09 0.0133961 0.0560146 0.527238 0.0127333 0.0282493 0.0100426 0.00159225 0.0014378 0.00459744 0.000968747 0.00510269 0.00136086 2.26283e-05 0.00628214 0.0183662 0.198165 0.000846673 5.46089e-07 0.0496298 0.03212 0.00280981 2.06626e-05 
0.00379455 3.2746e-05 2.44439e-11 0.00268705 0.044802 0.838588 0.0143816 0.000868799 0.00578396 0.000206115 4.02232e-05 9.00226e-07 0.00152518 6.60402e-09 2.91848e-05 1.04359e-08 6.10421e-05 0.00215746 0.000281234 0.0506311 2.29247e-07 0.000618111 0.021074 0.00674097 0.00569589 
0.00598279 2.99325e-05 3.8078e-08 0.00399615 0.015939 0.33659 0.00122331 0.127558 0.00127368 0.000450557 0.00441833 0.028382 0.00198364 0.0370903 9.55919e-06 1.06837e-05 0.250138 7.89584e-06 0.0657576 0.00246784 5.51499e-08 0.0704373 0.0446329 0.00160287 1.69116e-05 
0.00297518 2.00475e-05 4.27729e-10 0.0236853 0.0642321 0.47248 0.00650389 0.0604574 0.00782205 0.00106511 0.015045 1.46212e-05 0.00940412 6.59538e-07 8.15027e-05 3.48625e-05 0.0188816 0.000769362 0.0673079 0.00388762 1.60945e-05 0.045374 0.195068 0.00405729 0.000815571 
0.00309117 0.00863106 1.67498e-09 0.0296005 0.0143145 0.292258 0.0219789 0.0295512 0.000775813 0.00354279 0.000978629 0.000123033 0.00292751 5.8173e-05 0.00020071 3.17295e-05 0.0533602 0.0102617 0.211201 0.00168933 0.000639858 0.126311 0.157212 0.0296733 0.00158752 
0.0260204 0.000290354 8.44985e-05 0.00948738 0.0682499 0.327916 0.00602587 0.0306603 0.0138027 0.00572117 0.00135005 1.76593e-05 0.00956105 2.83816e-05 5.63779e-05 6.78274e-05 0.100302 0.000505803 0.0386698 0.00691805 0.000125546 0.0363089 0.287492 0.0300958 0.00024289 
0.00272542 0.00035007 1.17613e-10 0.304545 0.0012899 0.360728 5.33477e-08 6.92564e-07 0.000564646 0.0800608 0.000174793 1.17852e-07 0.000532807 0.00084658 4.1837e-08 7.82164e-08 0.00216477 3.75804e-08 0.0830654 0.00564399 7.20644e-11 0.0775784 0.078708 9.02435e-09 0.00102028 
0.00958896 2.06968e-05 3.46735e-06 0.0106741 0.189295 0.346269 0.0959944 0.120254 0.0587895 0.00067926 4.11826e-05 1.0291e-05 0.00424759 2.01762e-05 0.000776982 0.000204202 0.00855502 0.0251238 0.0478692 0.00651851 0.000276404 0.0321033 0.0354963 0.00712569 6.19558e-05 
0.000860345 5.11107e-05 2.47567e-11 0.0026771 0.0192709 0.772024 0.00914291 0.0172808 0.000312679 0.00153947 1.5831e-05 2.02013e-05 0.000164369 7.08015e-06 2.10937e-08 0.000131513 0.00900834 0.00558911 0.0935697 0.00125207 5.83772e-08 0.0146733 0.0488837 0.00344407 8.1468e-05 
0.00210386 1.70006e-05 1.11736e-11 0.00317708 0.00916368 0.840969 0.00280646 0.0188301 0.000589916 0.00222545 9.14302e-05 1.20232e-05 0.0025249 5.21819e-06 4.8303e-06 1.08813e-05 0.0288739 0.00116852 0.0267069 0.000701818 1.15258e-07 0.0121629 0.0464928 0.00127937 8.16938e-05 
0.0135607 0.000283482 1.38337e-09 0.00339452 0.0125386 0.644862 0.00656844 0.0685078 0.000501054 0.00595558 0.00023284 0.00205209 0.00320833 0.000259213 0.000263491 1.21838e-05 0.053133 0.0122365 0.0652623 0.00260782 3.91682e-07 0.061629 0.0383825 0.00447669 7.09906e-05 
0.0368636 0.00411731 1.25068e-06 0.021258 0.0714975 0.3892 0.0003161 0.116016 0.000972684 0.00181937 0.0260503 4.09563e-06 0.0803382 1.9404e-07 8.25747e-06 3.44875e-06 0.022279 0.00531107 0.00401045 0.113699 4.53022e-06 0.0342189 0.0528978 0.0191101 3.44957e-06 
0.0354257 0.000751834 2.1661e-07 0.0587817 0.0417704 0.227147 0.000981179 0.190014 0.00707333 0.0055835 0.00375537 0.000314641 0.0256637 0.000138524 0.000835781 4.97564e-05 0.0889613 0.012618 0.0328789 0.0123681 0.000612557 0.0256633 0.209658 0.0175867 0.00136634 
0.00379455 3.2746e-05 2.44439e-11 0.00268705 0.044802 0.838588 0.0143816 0.000868799 0.00578396 0.000206115 4.02232e-05 9.00226e-07 0.00152518 6.60402e-09 2.91848e-05 1.04359e-08 6.10421e-05 0.00215746 0.000281234 0.0506311 2.29247e-07 0.000618111 0.021074 0.00674097 0.00569589 
0.0316724 0.0117376 2.77537e-06 0.0442424 0.069461 0.278966 0.00926725 0.0712408 0.00693157 0.00852629 0.00298288 1.67205e-05 0.00286925 0.0250075 0.00813747 3.02165e-05 0.0789613 0.00577322 0.0663297 0.0018652 6.3551e-06 0.0591655 0.212337 0.00435829 0.000111984 
0.0540583 0.00033592 7.25262e-07 0.0289424 0.0643707 0.265145 0.00283807 0.249556 0.00848202 0.00727485 0.000401063 0.000393186 0.0055747 1.40522e-05 0.0137276 4.22299e-05 0.0134204 0.0298813 0.062823 0.0210799 8.76112e-08 0.0143946 0.0955394 0.0613166 0.000388554 
0.0287689 6.5346e-05 1.64482e-08 0.000227395 0.0295846 0.406253 0.0164396 0.0174115 0.000367674 0.00514956 0.000118427 0.00136858 0.00176813 0.000158793 0.00035553 1.81326e-05 0.0431508 0.103776 0.167704 0.00112546 6.71802e-07 0.103921 0.0701074 0.00206423 9.51935e-05 
0.0188881 0.000104727 1.07876e-10 0.0696266 0.00947844 0.369129 0.0345473 0.171698 0.00116786 0.00925045 8.23314e-09 0.000648142 0.00429643 0.000152968 2.28527e-06 3.75417e-08 0.00456864 0.000213955 0.0934561 0.0572274 6.60987e-11 0.0181033 0.122429 0.0148835 0.000128635 
0.0596491 2.6283e-06 5.45892e-10 0.0933354 0.0708102 0.502063 0.0123999 0.0126113 0.00620225 0.00152594 1.02663e-05 6.53656e-05 0.000670474 0.00177036 3.08278e-05 2.44353e-06 0.00209602 0.00163308 0.0714447 0.00207547 3.87729e-08 0.0934783 0.0625517 0.00557 8.63549e-07 
0.00379455 3.2746e-05 2.44439e-11 0.00268705 0.044802 0.838588 0.0143816 0.000868799 0.00578396 0.000206115 4.02232e-05 9.00226e-07 0.00152518 6.60402e-09 2.91848e-05 1.04359e-08 6.10421e-05 0.00215746 0.000281234 0.0506311 2.29247e-07 0.000618111 0.021074 0.00674097 0.00569589 
0.00379455 3.2746e-05 2.44439e-11 0.00268705 0.044802 0.838588 0.0143816 0.000868799 0.00578396 0.000206115 4.02232e-05 9.00226e-07 0.00152518 6.60402e-09 2.91848e-05 1.04359e-08 6.10421e-05 0.00215746 0.000281234 0.0506311 2.29247e-07 0.000618111 0.021074 0.00674097 0.00569589 
0.000383729 1.07468e-05 1.61879e-12 6.41076e-05 0.021579 0.844218 0.00784971 0.017832 6.53631e-05 0.000246086 0.000109888 2.70387e-05 0.000927161 2.72943e-06 1.51517e-05 2.06472e-05 0.000460562 0.0346516 0.0320224 0.000234272 1.93807e-06 0.0147715 0.0241267 0.000352419 2.70956e-05 
0.0157917 0.000184922 1.45564e-05 0.0207956 0.0790519 0.466982 0.00847723 0.0646214 0.00220885 0.00929494 0.00744374 0.0105512 0.00164042 0.000150027 0.00554629 2.28347e-05 0.00364982 0.035725 0.0159175 0.00494364 5.94389e-05 0.0372361 0.171469 0.0380999 0.000122167 
0.00379455 3.2746e-05 2.44439e-11 0.00268705 0.044802 0.838588 0.0143816 0.000868799 0.00578396 0.000206115 4.02232e-05 9.00226e-07 0.00152518 6.60402e-09 2.91848e-05 1.04359e-08 6.10421e-05 0.00215746 0.000281234 0.0506311 2.29247e-07 0.000618111 0.021074 0.00674097 0.00569589 
0.0100161 0.000104269 3.17021e-08 0.00293603 0.0152348 0.365673 0.00735158 0.0776666 0.000178625 0.00444058 0.000119734 0.00147882 0.000655418 0.00160388 0.00249088 1.07245e-05 0.0089534 0.0156504 0.336576 0.00388236 2.62238e-06 0.0408113 0.0992713 0.004863 2.84554e-05 
0.0341391 5.92711e-05 0.000139985 0.0283365 0.0560457 0.346665 0.0133439 0.0548242 0.0123628 0.00474702 0.00268504 0.000979549 0.00977586 0.00509667 0.00193038 2.66152e-05 0.0808928 0.0138346 0.0506554 0.0320123 2.41365e-05 0.050019 0.184634 0.0161189 0.000650864 
0.0357714 2.35493e-05 1.13043e-10 0.087112 0.013409 0.537797 1.34384e-05 0.0189201 0.016094 0.00958831 2.00737e-06 4.38529e-08 0.00283913 8.74716e-05 6.89354e-11 2.91895e-08 0.00701153 5.59689e-06 0.143136 0.0547722 6.92644e-11 0.0249409 0.0481159 0.000360482 4.42817e-08 
0.221101 3.31755e-05 1.31049e-08 0.0326553 0.0112201 0.292115 0.00100171 0.0237173 9.92273e-05 0.00963416 0.000878001 3.00868e-05 0.00702377 0.000319008 0.00017192 2.31557e-05 0.145048 0.0220045 0.0163095 0.00259838 1.51762e-05 0.0520852 0.152643 0.00787594 0.00139802 
0.000383729 1.07468e-05 1.61879e-12 6.41076e-05 0.021579 0.844218 0.00784971 0.017832 6.53631e-05 0.000246086 0.000109888 2.70387e-05 0.000927161 2.72943e-06 1.51517e-05 2.06472e-05 0.000460562 0.0346516 0.0320224 0.000234272 1.93807e-06 0.0147715 0.0241267 0.000352419 2.70956e-05 
0.0253923 0.00076043 5.87397e-07 0.150941 0.113049 0.189333 0.0170474 0.130613 0.0368064 0.00429166 0.00799281 1.70627e-05 0.00456084 0.000454218 0.0079769 1.88266e-05 0.0073881 0.0100054 0.0108199 0.129036 2.03013e-05 0.0413764 0.11004 0.00194421 0.000113478 
