0.0207812 3.52738e-08 5.71268e-07 0.0791149 0.0538446 0.338918 0.0012887 0.0288561 0.0110221 0.000245701 0.000493901 6.15834e-09 2.26861e-05 3.12315e-05 9.62404e-06 1.20076e-08 6.14978e-05 1.47784e-05 0.00380564 0.0332861 3.12426e-09 0.194563 0.231168 0.00246915 2.97894e-06 
0.0204974 0.00023881 8.39494e-08 0.00439546 0.0155509 0.591158 0.00419775 0.0492205 0.00472875 0.00656523 0.00149566 3.95356e-05 4.23758e-05 0.000108753 9.78606e-05 1.98493e-05 0.0197752 0.0013357 0.0398366 0.000715532 1.43722e-06 0.194187 0.0356607 0.00422625 0.00590452 
0.00143587 0.00042023 2.72537e-10 0.00149234 0.000717596 0.831687 3.27339e-05 0.0514022 1.45496e-08 0.000283439 4.48907e-05 3.61586e-07 6.55381e-08 7.04158e-10 5.2568e-05 6.71888e-09 0.0218817 4.20097e-08 7.91335e-05 0.00013586 7.18607e-10 0.062946 0.0250222 0.00236044 5.18991e-06 
0.000196116 3.58515e-05 0.000299862 0.0170281 0.0104525 0.625631 0.000282242 0.158551 0.0150094 7.13011e-05 0.00153862 6.79755e-06 0.000146632 1.87514e-05 0.00650627 3.45013e-08 8.66575e-06 1.08037e-05 0.000157165 0.00454301 1.58295e-08 0.0481431 0.040224 0.0708536 0.000284575 
0.00770836 0.000195086 4.39117e-05 0.00045268 0.00531448 0.790074 0.0179215 0.000653835 0.00016552 0.00013281 0.000225249 1.91034e-05 0.00088065 2.16553e-05 1.80782e-06 7.36155e-05 0.00915676 0.00597976 0.00125692 0.000112175 6.5953e-06 0.153523 0.00508368 0.000969092 2.73947e-05 
0.0186326 0.000296121 8.94609e-07 0.0169783 0.0567181 0.319137 0.00357909 0.0393735 0.00551378 0.0102499 0.0941217 0.00019411 0.0386755 0.00330749 0.00272392 0.000355965 0.156355 0.0118209 0.01569 0.0171582 3.96438e-05 0.0652862 0.0932867 0.028208 0.00229729 
0.039731 0.00187008 2.71004e-10 0.050723 0.303587 0.324785 0.000883683 0.101329 1.32233e-06 0.0052625 7.75379e-07 1.06339e-07 2.29709e-07 7.91837e-07 1.09745e-06 0.000403804 0.00160074 7.53117e-08 0.0320672 6.53042e-06 4.04039e-08 0.000818147 0.0995833 0.0357402 0.00160502 
0.00155461 2.57661e-06 1.36068e-10 0.000433971 0.00368023 0.558569 0.000672221 0.0170492 5.06439e-05 0.000115868 9.97758e-05 1.58892e-05 0.000227164 6.76032e-06 1.22993e-05 1.25365e-05 0.00296936 0.00411258 0.254363 0.000458131 2.54373e-07 0.0863922 0.068031 0.001105 6.58961e-05 
0.0278515 3.08641e-05 1.18681e-08 0.0376039 0.0485161 0.446518 0.00470134 0.0298888 0.00141705 0.00450641 0.0366951 1.05392e-05 0.0518861 0.0138187 0.000118919 7.0051e-05 0.0338992 0.0111969 0.0261143 0.0131204 2.20701e-06 0.0358106 0.165404 0.00268486 0.00813442 
0.00812295 0.000167301 4.45607e-11 0.00439903 0.0282664 0.368133 0.00663632 0.0908184 0.000796798 0.00107448 6.6844e-05 0.000104362 0.002603 9.56775e-06 0.000556783 2.16698e-05 0.0259066 0.0498284 0.00415516 0.00163682 4.17652e-06 0.332926 0.0498918 0.0237055 0.000168645 
0.00739389 7.67002e-06 1.18411e-11 0.00498664 0.00291737 0.585028 3.53128e-05 0.0117647 7.95666e-05 0.00057461 0.000196081 5.26729e-05 0.00285188 3.67018e-06 7.22089e-12 9.7515e-05 0.0619366 1.12504e-05 0.256686 0.000759104 2.37225e-07 0.0175337 0.0470005 3.50545e-05 4.82559e-05 
0.00887885 3.90434e-07 0.0002359 0.000430102 0.00303322 0.526139 0.0938747 0.112077 0.00125118 0.0464654 1.39454e-10 5.05948e-08 1.37151e-07 2.68608e-10 1.04999e-06 0.000504824 1.16451e-07 3.63351e-07 1.46742e-06 1.47596e-07 1.9916e-10 2.13845e-06 0.167134 0.0388821 0.00108791 
0.00175459 3.07984e-05 5.04124e-12 0.000986364 0.0110982 0.837748 0.00439821 0.00796061 0.000101823 0.0038415 2.36283e-05 2.24301e-05 0.00154424 5.82231e-06 9.00068e-06 1.25407e-05 0.0298155 0.00146918 0.0416153 0.000595775 2.1293e-07 0.0130663 0.0424993 0.00126957 0.000130824 
0.0460189 0.00319448 1.51777e-09 0.00775706 0.000681501 0.548579 3.44855e-06 0.0695346 0.00028873 0.00354303 7.1087e-06 2.24738e-07 0.0660933 5.55944e-05 9.25558e-10 1.50743e-07 0.13609 7.17265e-08 0.0109372 0.00156528 9.29976e-10 0.0423055 0.0253915 0.0379367 1.62171e-05 
0.086249 0.000339593 7.56385e-08 0.248039 0.0133316 0.26081 4.35739e-06 0.129733 0.00129431 0.000417164 3.43815e-06 1.21853e-10 0.00685835 6.21514e-10 0.00225184 1.00439e-09 3.79208e-07 7.52391e-11 0.000906353 0.122051 7.25003e-07 0.013244 0.112079 0.00181542 0.000572553 
0.031038 0.000721307 0.000788813 0.0178265 0.0321225 0.308672 0.0115914 0.0361198 0.00757526 0.00291867 0.00372069 0.000114979 0.00906933 6.80445e-05 0.00111906 1.8426e-05 0.0131256 0.0390576 0.106556 0.0110964 5.85503e-06 0.0838802 0.273518 0.00863203 0.000643674 
0.0178362 4.2297e-07 2.98409e-10 0.116022 0.003634 0.295449 0.000446094 0.0329363 0.00247762 0.00430632 0.00605512 7.95416e-06 0.0691471 2.58186e-05 3.71606e-05 1.61571e-06 0.0224855 0.00445583 0.103545 0.0166042 4.93253e-08 0.0468699 0.248996 0.00539681 0.00326491 
0.0356965 0.00249726 4.83844e-11 0.00472443 0.0320739 0.31658 0.000995057 0.0203911 0.00515227 0.0166856 0.000690765 0.000828262 0.00354101 7.24073e-07 0.0446823 1.0958e-06 0.00710883 0.00696623 0.0377394 0.0830652 5.72073e-05 0.0590127 0.300207 0.0206967 0.000606408 
0.00175459 3.07984e-05 5.04124e-12 0.000986364 0.0110982 0.837748 0.00439821 0.00796061 0.000101823 0.0038415 2.36283e-05 2.24301e-05 0.00154424 5.82231e-06 9.00068e-06 1.25407e-05 0.0298155 0.00146918 0.0416153 0.000595775 2.1293e-07 0.0130663 0.0424993 0.00126957 0.000130824 
0.0231412 3.81664e-05 1.0014e-09 0.0132541 0.0190625 0.372529 0.00893075 0.0481793 0.00104839 0.00641339 0.00138635 0.00131203 0.00679151 0.000234687 0.00221001 9.47471e-05 0.0756478 0.0137861 0.0622988 0.0132649 4.47738e-06 0.0238849 0.294115 0.0122401 0.000131892 
0.00210386 1.70006e-05 1.11736e-11 0.00317708 0.00916368 0.840969 0.00280646 0.0188301 0.000589916 0.00222545 9.14302e-05 1.20232e-05 0.0025249 5.21819e-06 4.8303e-06 1.08813e-05 0.0288739 0.00116852 0.0267069 0.000701818 1.15258e-07 0.0121629 0.0464928 0.00127937 8.16938e-05 
0.0305034 2.80355e-10 0.000188128 1.00695e-05 3.46029e-06 0.512089 1.0432e-06 0.0502775 1.13945e-06 0.00639547 0.0549627 1.21382e-07 0.0315513 2.81286e-10 2.07568e-10 4.54567e-10 1.01156e-05 3.40518e-11 1.88548e-06 0.0997763 2.08559e-10 0.108872 0.105357 5.02284e-11 1.9505e-10 
0.0171195 0.000225156 9.92718e-07 0.00402867 0.0557187 0.281738 0.0421586 0.183027 0.00141373 0.00559335 0.000794298 0.000117717 0.00156277 0.000572752 0.00335795 1.34895e-05 0.00993256 0.0142471 0.0577248 0.00244021 1.10244e-05 0.0981029 0.143701 0.0722616 0.00413554 
0.0144963 7.64066e-05 5.67395e-07 0.0709329 0.0357672 0.367158 0.00644105 0.0424288 0.00238993 0.00365507 0.0107239 3.5781e-05 0.0239 0.000480936 0.000200175 2.74393e-05 0.0356956 0.00978281 0.150392 0.00308716 5.63384e-06 0.0931422 0.119179 0.00990788 9.30052e-05 
0.0219361 0.00139631 3.71227e-06 0.00613373 0.0675729 0.441297 0.00497142 0.025658 0.000358965 0.0124001 2.66553e-05 0.00262028 0.00822271 0.00100681 2.78509e-05 1.67521e-05 0.206459 0.00164871 0.0105078 0.0251336 0.00022247 0.0316986 0.12822 0.00238909 7.17992e-05 
0.00379455 3.2746e-05 2.44439e-11 0.00268705 0.044802 0.838588 0.0143816 0.000868799 0.00578396 0.000206115 4.02232e-05 9.00226e-07 0.00152518 6.60402e-09 2.91848e-05 1.04359e-08 6.10421e-05 0.00215746 0.000281234 0.0506311 2.29247e-07 0.000618111 0.021074 0.00674097 0.00569589 
0.11558 1.10973e-11 1.34732e-11 0.0122889 0.0458105 0.260129 0.000327039 0.0361199 0.00151393 0.0103467 0.00205908 2.71816e-06 0.00830864 1.96946e-06 2.23791e-07 9.59022e-05 0.0901576 0.084795 0.116559 0.0180241 2.56919e-09 0.0977108 0.0999967 0.00017228 4.47155e-08 
0.00199409 9.56734e-05 1.08893e-11 0.00283532 1.81798e-08 0.541754 0.0561172 0.0825004 4.84388e-08 0.00371368 4.42652e-09 0.000457186 0.00111339 2.40118e-08 6.64044e-12 2.02136e-08 3.67107e-08 8.79459e-05 0.227615 0.00220892 6.67214e-12 0.0227986 0.0566709 3.70314e-05 3.07633e-08 
0.00379455 3.2746e-05 2.44439e-11 0.00268705 0.044802 0.838588 0.0143816 0.000868799 0.00578396 0.000206115 4.02232e-05 9.00226e-07 0.00152518 6.60402e-09 2.91848e-05 1.04359e-08 6.10421e-05 0.00215746 0.000281234 0.0506311 2.29247e-07 0.000618111 0.021074 0.00674097 0.00569589 
8.47357e-07 1.63265e-06 3.27443e-10 0.0255327 0.253709 0.30693 0.00365729 0.174999 0.00593182 1.71782e-05 1.86678e-06 1.49606e-09 2.87426e-07 0.0317813 0.00615928 0.00110664 0.000890038 0.000147327 2.63525e-05 0.0163121 1.23738e-05 0.0836539 0.0277506 0.0496129 0.0117657 
0.0383831 1.28263e-05 3.97156e-11 0.0244865 0.00168851 0.412777 1.14341e-05 0.049393 7.14124e-05 0.000714963 0.00028115 5.84483e-05 0.00622195 6.14814e-06 2.42192e-11 6.24009e-06 0.0995022 6.08296e-06 0.0823362 0.00764137 4.17995e-09 0.018394 0.257792 3.16213e-05 0.000183677 
0.0804207 0.00292799 5.64689e-06 0.0171594 0.0158337 0.296542 0.018103 0.0731015 0.00251454 0.000926204 0.00230469 0.00539745 0.00583393 0.000721883 0.0166812 1.02627e-05 0.00810069 0.00982121 0.0555585 0.0157397 6.77213e-06 0.11295 0.223207 0.0321408 0.00399189 
0.0454846 4.88393e-06 9.48582e-06 0.0131995 0.0130011 0.664752 0.000236848 0.0197456 0.0069237 0.00377141 0.00043702 3.788e-05 0.0149077 6.86053e-06 0.000273847 2.11964e-06 0.0135572 0.00118077 0.111085 0.00361509 8.94492e-07 0.0408635 0.0463184 0.000561607 2.32377e-05 
0.138062 9.4757e-05 1.87675e-09 0.0164327 0.0572136 0.153639 0.054946 0.0907758 0.00262399 0.0996155 0.000196719 0.00023642 0.00784501 1.74736e-05 5.47189e-06 6.87636e-05 0.0155754 0.0596784 0.00714953 0.00375817 6.35858e-07 0.147687 0.131246 0.0130561 7.64842e-05 
0.00210386 1.70006e-05 1.11736e-11 0.00317708 0.00916368 0.840969 0.00280646 0.0188301 0.000589916 0.00222545 9.14302e-05 1.20232e-05 0.0025249 5.21819e-06 4.8303e-06 1.08813e-05 0.0288739 0.00116852 0.0267069 0.000701818 1.15258e-07 0.0121629 0.0464928 0.00127937 8.16938e-05 
0.00175459 3.07984e-05 5.04124e-12 0.000986364 0.0110982 0.837748 0.00439821 0.00796061 0.000101823 0.0038415 2.36283e-05 2.24301e-05 0.00154424 5.82231e-06 9.00068e-06 1.25407e-05 0.0298155 0.00146918 0.0416153 0.000595775 2.1293e-07 0.0130663 0.0424993 0.00126957 0.000130824 
0.0667353 0.000284153 2.34457e-10 0.00379935 0.014036 0.540676 0.00354436 0.117938 0.000363132 0.00177877 0.000186133 2.06328e-05 0.00369184 0.000285774 0.000722516 1.08898e-05 0.0178357 0.0147576 0.00720611 0.0276193 2.10251e-07 0.0399782 0.13392 0.00414329 0.000466455 
0.00232056 1.7347e-06 2.81088e-10 0.000289365 0.00324422 0.600692 0.000448241 0.0157386 3.3793e-05 0.000167742 0.000261671 4.34952e-05 0.00015156 4.52808e-06 1.20544e-05 1.1414e-05 0.00197975 0.00314649 0.243593 0.000561949 1.72866e-07 0.0723001 0.0532577 0.0016959 4.3984e-05 
0.00578009 5.80672e-09 7.04992e-09 0.0757845 0.037432 0.366129 0.00431292 0.160146 0.00773227 0.00276339 0.0421889 1.46382e-07 0.0566762 3.45268e-05 8.6031e-08 5.20269e-07 0.0962449 0.00172459 0.000510865 0.00573075 4.31968e-09 0.0144724 0.120512 0.00181721 6.6572e-06 
0.0281126 0.000327431 4.39428e-11 0.00191082 0.0214718 0.276089 0.00058049 0.0515261 0.000657872 0.0123937 0.00864855 5.41829e-05 0.148602 0.000765208 0.000264293 1.82592e-06 0.117538 0.1433 0.122832 0.00211165 2.2674e-06 0.0423306 0.0190326 0.00143597 1.19416e-05 
0.040977 1.05329e-05 4.2239e-09 0.0150216 0.0239562 0.332968 0.00104778 0.045746 0.000651341 0.00394403 0.00557479 0.00346534 0.0551617 9.90181e-05 0.000680549 7.37899e-05 0.0692181 0.0152942 0.0444281 0.054891 2.7978e-05 0.0268708 0.253957 0.00568677 0.000248391 
0.00379455 3.2746e-05 2.44439e-11 0.00268705 0.044802 0.838588 0.0143816 0.000868799 0.00578396 0.000206115 4.02232e-05 9.00226e-07 0.00152518 6.60402e-09 2.91848e-05 1.04359e-08 6.10421e-05 0.00215746 0.000281234 0.0506311 2.29247e-07 0.000618111 0.021074 0.00674097 0.00569589 
0.0600879 5.30091e-05 0.000273057 0.0521711 0.00613552 0.55249 0.000357517 0.00627339 0.00264333 0.0184906 0.000371053 8.96265e-05 0.00172524 0.000178429 5.23128e-05 2.30324e-05 0.0190172 0.00194567 0.0718068 0.0234301 1.01631e-07 0.127243 0.0523784 0.00274646 1.72568e-05 
0.00210386 1.70006e-05 1.11736e-11 0.00317708 0.00916368 0.840969 0.00280646 0.0188301 0.000589916 0.00222545 9.14302e-05 1.20232e-05 0.0025249 5.21819e-06 4.8303e-06 1.08813e-05 0.0288739 0.00116852 0.0267069 0.000701818 1.15258e-07 0.0121629 0.0464928 0.00127937 8.16938e-05 
0.00167618 0.000304015 1.8464e-10 0.0015332 0.00231462 0.799726 0.000182222 0.0510021 2.49517e-05 0.000253455 0.000266402 3.24927e-06 0.00111769 2.99139e-07 3.50461e-05 7.67869e-07 0.0192407 0.00265861 0.00503584 0.000317762 4.7855e-08 0.0894845 0.023222 0.00157363 2.60879e-05 
0.247423 2.86274e-06 3.14884e-09 0.0364409 0.063146 0.312589 0.00410716 0.0682183 0.000528397 0.00640853 0.00740936 0.00301084 0.0245718 0.0633743 5.13805e-06 1.30227e-05 0.0281759 0.00122274 0.0340208 0.0253596 3.71866e-05 0.0338385 0.0385317 0.000165931 0.00139899 
0.031035 8.32246e-06 1.48772e-09 0.0100798 0.0386398 0.517874 0.00955343 0.0195829 0.00260779 0.00564536 3.41557e-05 2.10197e-05 0.000493199 1.48218e-05 0.00708353 1.64525e-05 0.0125153 0.00960884 0.00981269 0.0167719 5.30374e-08 0.0766059 0.193562 0.0383833 5.01947e-05 
0.0139235 3.0198e-05 8.06451e-09 0.00614302 0.0300369 0.448826 0.006641 0.0284243 0.0144369 0.0181747 0.0014127 1.96683e-05 0.00596403 8.08488e-05 0.00122384 8.5738e-05 0.0967282 0.0479565 0.0407482 0.00754687 1.60609e-06 0.0294828 0.179257 0.0191579 0.00369722 
0.00803069 0.000114389 5.75847e-09 0.0180022 0.0143471 0.647165 0.00265669 0.0163709 0.000474516 0.000240397 8.65479e-05 3.17767e-07 0.000291499 4.88073e-06 0.000210641 4.54165e-05 0.000556459 0.00352459 0.0112183 0.0139497 4.29131e-08 0.0197276 0.241923 0.00103791 2.15671e-05 
0.00349603 1.20243e-05 1.1331e-09 0.00370439 0.0169736 0.871991 0.00394804 0.0167475 5.93971e-05 0.000327608 8.99818e-07 3.28193e-05 0.000424686 1.91804e-06 8.28369e-05 0.000147639 0.0031239 0.00122886 0.0303048 0.00138493 2.9126e-06 0.00269345 0.0430463 0.000253709 1.09765e-05 
0.0322498 9.79524e-05 4.70933e-08 0.00356963 0.128892 0.322219 0.00242304 0.305451 6.37533e-05 0.00274972 0.000140092 3.61159e-05 0.00136653 1.06624e-05 2.87183e-08 1.27563e-05 0.0177413 0.0199718 0.0100833 0.00494445 1.45797e-06 0.0354553 0.11169 0.000717349 0.000112821 
0.0543083 0.00098859 2.90785e-05 0.0266408 0.0354475 0.248923 0.0109636 0.0225047 0.012422 0.00542106 0.0118588 0.00172133 0.112719 0.000442458 0.000582699 0.000200588 0.0919628 0.01698 0.0465978 0.053112 7.74004e-05 0.147137 0.0950367 0.00296868 0.0009543 
0.0437442 0.0009511 7.50204e-09 0.0314166 0.0406795 0.302713 0.0346979 0.117417 0.00732533 0.0136706 0.00187169 6.36073e-05 0.0260415 1.80114e-05 0.00213389 0.00491421 0.0615352 0.0105089 0.0873862 0.0251935 1.26155e-07 0.0397561 0.126398 0.0207882 0.00077575 
0.00212356 9.27139e-07 8.28226e-12 0.00143876 0.00229132 0.428525 0.000297846 0.0168674 5.35018e-05 0.00330642 4.93672e-06 2.513e-05 0.00483872 1.32287e-05 1.2122e-08 6.60743e-06 0.324231 0.000614127 0.132581 0.000872231 2.74525e-06 0.0434009 0.036316 0.00196981 0.000219096 
0.0152349 5.10647e-05 2.5048e-05 0.0709682 0.090105 0.350651 0.000572391 0.00776349 0.0022604 0.00567082 0.00206412 0.000111183 0.00537792 0.000452389 1.49977e-05 0.00204911 0.131596 0.000150336 0.128671 0.025232 1.08965e-05 0.0479713 0.0120138 0.100947 3.52573e-05 
0.000904234 6.96036e-06 2.85151e-10 0.000393399 0.0129593 0.875152 0.00540539 0.0116602 1.72601e-08 0.000104475 4.63865e-06 3.96811e-06 0.00143181 3.61756e-09 1.952e-05 2.40919e-05 0.00625848 0.00129891 0.0159733 0.00126849 3.41643e-07 0.00175051 0.065023 0.000352444 4.59618e-06 
0.00379455 3.2746e-05 2.44439e-11 0.00268705 0.044802 0.838588 0.0143816 0.000868799 0.00578396 0.000206115 4.02232e-05 9.00226e-07 0.00152518 6.60402e-09 2.91848e-05 1.04359e-08 6.10421e-05 0.00215746 0.000281234 0.0506311 2.29247e-07 0.000618111 0.021074 0.00674097 0.00569589 
1.55713e-05 1.55462e-05 1.55403e-05 0.149488 1.55721e-05 0.22735 1.5566e-05 0.166612 1.55654e-05 1.55657e-05 1.55594e-05 1.55684e-05 1.55668e-05 1.55461e-05 1.55534e-05 1.5529e-05 0.189955 1.55705e-05 1.55686e-05 1.55672e-05 1.55533e-05 0.0887595 0.17754 1.55689e-05 1.55547e-05 
0.0272758 0.0138924 2.83146e-11 0.00456113 0.0242537 0.43069 0.0236338 0.153892 0.000438372 0.000989526 0.00883497 0.000154839 0.00380943 0.00693268 0.000156514 4.1608e-07 0.0927848 0.0044984 0.0210806 0.00384347 3.70288e-05 0.0960114 0.0693904 0.0119511 0.00088701 
0.00788771 2.14027e-05 3.7116e-06 0.0476694 0.0149742 0.518827 0.000562765 0.085464 0.0112865 0.000643851 0.00367398 0.00973341 0.00315737 0.000214021 5.76159e-08 3.8572e-05 0.0612244 4.85136e-06 0.063216 0.00210725 4.72116e-09 0.114939 0.0539051 0.000310186 0.000134765 
0.0997152 0.00119205 3.51082e-05 0.0296835 0.0638935 0.178506 0.00523801 0.0386397 0.0213846 0.0658014 0.00043147 0.0087396 0.0106874 0.00376671 0.000191727 2.69172e-05 0.142757 0.000421905 0.0755183 0.116061 4.42877e-07 0.038191 0.0907343 0.00837926 4.3216e-06 
0.0546626 0.000632117 2.15164e-06 0.0159404 0.0357591 0.291495 0.00156802 0.0324042 0.00352601 0.0051187 0.0170688 0.0143367 0.00588599 0.00270524 0.00114293 0.000163641 0.0479464 0.0119011 0.157325 0.00454395 1.27861e-05 0.136313 0.149852 0.00476778 0.00492697 
0.0298358 3.80923e-07 2.67768e-05 0.00508325 0.107369 0.165966 0.0180364 0.148831 0.00555469 0.0785936 0.000822597 6.12821e-05 0.000537669 0.000550535 0.00105773 1.64837e-05 0.00675438 0.0786272 0.0151983 0.000160997 7.1782e-07 0.106175 0.0993913 0.128383 0.00296535 
0.00175459 3.07984e-05 5.04124e-12 0.000986364 0.0110982 0.837748 0.00439821 0.00796061 0.000101823 0.0038415 2.36283e-05 2.24301e-05 0.00154424 5.82231e-06 9.00068e-06 1.25407e-05 0.0298155 0.00146918 0.0416153 0.000595775 2.1293e-07 0.0130663 0.0424993 0.00126957 0.000130824 
0.000901898 5.84617e-06 8.24559e-09 0.000632709 0.0223252 0.851282 0.00417576 0.0134983 3.65843e-05 8.10008e-05 9.93484e-05 9.08031e-06 0.000557562 2.29065e-08 3.72859e-05 0.000359622 0.000978264 0.00352556 0.00496086 0.000960611 4.80869e-08 0.000759487 0.0918117 0.00300153 3.37121e-08 
0.00983882 0.0273865 6.67297e-06 0.00219613 0.0316631 0.492233 0.0435595 0.00829612 0.000282092 0.000534429 0.000384646 1.11904e-05 0.000276827 4.18267e-06 7.00341e-05 8.02428e-05 0.0193938 0.0375 0.0401829 0.000595559 5.72162e-06 0.082535 0.17634 0.0265593 6.50638e-05 
0.0538259 4.21553e-05 5.17545e-09 0.00471957 0.0280194 0.352598 0.116792 0.0613119 0.0590672 0.00271798 0.00125678 0.00757858 0.00412526 0.00132477 8.46981e-05 4.3559e-05 0.00959282 0.0187806 0.135858 0.00158998 3.80069e-06 0.0573394 0.0765414 0.0036476 0.00313922 
2.4757e-06 2.47171e-06 2.47077e-06 0.0475322 0.01461 0.577568 0.00371478 0.00792394 2.47476e-06 0.0272255 0.0299357 2.47525e-06 2.475e-06 2.4717e-06 0.145407 2.46898e-06 2.47532e-06 2.47558e-06 0.009161 2.47505e-06 0.00247532 2.47536e-06 2.47587e-06 0.134413 2.47306e-06 
0.0145014 5.93109e-05 5.06463e-10 0.0128515 0.0152876 0.476901 0.000345848 0.189449 0.000291414 0.00354637 0.00280097 0.00370278 0.0338473 0.000224013 0.00100283 2.56461e-05 0.096287 0.00290974 0.069397 0.000947731 4.71495e-06 0.0200947 0.0553682 0.000137757 1.57671e-05 
0.0400091 4.41926e-07 8.16635e-06 0.0130771 0.00532071 0.312741 0.000442021 0.0830214 0.00831883 0.0201409 0.000386498 0.00079671 0.00823143 0.00557853 6.15015e-05 1.80912e-06 0.0395834 0.000546157 0.284217 0.132952 2.33053e-07 0.023055 0.021164 0.000342528 3.11433e-06 
0.0637305 0.000529613 6.46071e-11 0.0654188 0.0863279 0.261505 0.00383272 0.0833111 0.0178724 0.00791009 0.00616097 6.80828e-05 0.0132444 9.93823e-05 0.000121123 0.000112734 0.0326875 0.0197974 0.0117824 0.00827682 3.74998e-06 0.0532193 0.253641 0.00988544 0.000461444 
0.00501167 6.96082e-06 2.51943e-10 0.000685117 0.0223878 0.691202 0.0163977 0.0195114 0.000271968 0.000789738 0.000519386 1.01072e-05 0.00186861 2.30135e-05 6.89801e-05 8.89903e-05 0.0206807 0.00460378 0.0292609 0.00451956 9.79311e-06 0.00853598 0.168015 0.0055101 2.09105e-05 
0.00222252 4.88863e-09 1.97184e-11 0.00995064 3.2047e-07 0.889139 1.30019e-07 0.0818256 0.000866493 5.54678e-08 4.0778e-07 3.1948e-12 0.00316521 4.56425e-08 1.20246e-11 8.42937e-08 0.00502249 6.82559e-08 4.24867e-07 4.05087e-07 1.2082e-11 0.00690532 1.49285e-06 0.000899415 4.29493e-08 
0.00266711 5.47124e-06 3.36176e-09 0.000604744 0.0235766 0.857867 0.00540751 0.0112526 1.29535e-07 0.0015838 0.000227922 7.17284e-07 0.00274012 2.72042e-08 0.000242091 1.12518e-05 0.00114952 0.0014702 0.00506881 0.000347146 9.4817e-08 0.00783687 0.0737449 0.00416297 3.28636e-05 
0.24562 0.0160539 1.23665e-08 0.0192414 0.00638435 0.264223 0.000399052 0.030999 0.000200945 0.00148111 0.00128874 0.00885809 0.00262028 1.8944e-05 5.88702e-05 1.82181e-05 0.0110718 0.00233706 0.0677051 0.00502824 0.000109013 0.0588273 0.251818 0.0053333 0.00030476 
0.000773421 1.96645e-07 9.87886e-08 2.04104e-05 2.90081e-05 0.949455 3.17468e-10 0.00194855 3.4676e-10 1.69833e-06 1.27365e-06 4.87386e-07 0.000665322 1.13002e-09 9.84796e-06 2.88919e-05 0.00043092 6.74217e-08 0.00974472 0.00122163 2.1901e-07 0.0158019 0.0198665 2.01784e-10 2.27496e-07 
0.0600879 5.30091e-05 0.000273057 0.0521711 0.00613552 0.55249 0.000357517 0.00627339 0.00264333 0.0184906 0.000371053 8.96265e-05 0.00172524 0.000178429 5.23128e-05 2.30324e-05 0.0190172 0.00194567 0.0718068 0.0234301 1.01631e-07 0.127243 0.0523784 0.00274646 1.72568e-05 
0.0147887 3.6064e-05 1.8597e-07 0.0148401 0.0242996 0.667092 9.08904e-07 0.0216566 0.000908874 0.0131546 0.000768858 9.13975e-11 0.00369005 0.000124779 7.63713e-08 1.5425e-07 0.00822401 7.15133e-07 0.000316671 0.0637137 1.85676e-08 0.146842 0.0193757 0.000164358 5.28119e-07 
0.00208195 9.28286e-06 6.83044e-12 0.0412486 0.0221662 0.614823 0.00314699 0.0131602 0.00158436 0.000454869 0.000170993 5.51806e-05 0.000916962 1.15895e-06 1.35552e-05 1.12033e-05 0.000725278 0.0248318 0.0322141 0.00192174 6.96067e-07 0.159704 0.0805609 0.000125904 7.10246e-05 
0.00558401 0.00013387 3.28357e-11 0.00172268 0.0226395 0.427824 0.00502691 0.0853698 0.00055887 0.00104667 5.21508e-05 0.000108212 0.00276682 9.9579e-06 0.000146905 1.41254e-05 0.0234119 0.0347394 0.00252767 0.00105445 2.05947e-06 0.315032 0.0489961 0.0211389 9.32289e-05 
0.00707846 1.09251e-07 4.15794e-10 0.0106578 0.0145782 0.563172 4.20565e-05 0.0574973 0.000575055 0.000547624 0.0386101 4.31158e-05 0.00823673 1.95649e-06 0.00067555 1.57619e-05 0.0783913 0.0222586 0.0436836 0.00328963 7.87503e-07 0.0351413 0.11006 0.00538979 5.30955e-05 
0.0032038 0.0379678 3.5586e-08 5.956e-05 0.0668717 0.534647 0.0743974 0.00193054 8.3698e-08 9.79706e-05 0.00055229 1.79784e-05 2.53179e-05 4.48351e-09 2.89172e-08 0.000136654 0.00755856 0.0798956 0.00333796 2.31317e-08 6.20945e-08 0.108207 0.0396811 0.0414122 4.12749e-08 
0.0140127 0.000317561 6.89234e-12 0.00966517 0.00337546 0.726391 0.0217259 0.0176785 0.00440095 0.00544808 0.00012048 9.08996e-06 0.000243013 0.00102435 3.54744e-05 1.60852e-05 0.000890441 0.000503885 0.0507762 0.00580139 1.22907e-07 0.0205322 0.11582 0.00107113 0.000141142 
0.00467714 9.45922e-06 9.5293e-12 0.00315478 0.0072546 0.433036 0.000573358 0.0629708 0.000284995 0.000818767 0.0003327 0.000172706 0.00749782 1.09468e-05 9.36721e-05 1.1178e-05 0.0392675 0.0163516 0.227034 0.000688457 7.70125e-07 0.0448673 0.149066 0.00177474 5.04267e-05 
0.00643216 6.18579e-05 1.49427e-11 0.0110106 0.000295186 0.371373 0.000321606 0.0145774 0.000761965 5.45215e-08 5.84784e-05 2.42104e-12 0.000195824 1.55763e-08 0.000665171 5.59783e-08 0.0089792 1.68711e-08 0.22269 0.00216894 8.7759e-09 0.0197395 0.337588 0.00305795 2.25696e-05 
0.0596491 2.6283e-06 5.45892e-10 0.0933354 0.0708102 0.502063 0.0123999 0.0126113 0.00620225 0.00152594 1.02663e-05 6.53656e-05 0.000670474 0.00177036 3.08278e-05 2.44353e-06 0.00209602 0.00163308 0.0714447 0.00207547 3.87729e-08 0.0934783 0.0625517 0.00557 8.63549e-07 
0.000383729 1.07468e-05 1.61879e-12 6.41076e-05 0.021579 0.844218 0.00784971 0.017832 6.53631e-05 0.000246086 0.000109888 2.70387e-05 0.000927161 2.72943e-06 1.51517e-05 2.06472e-05 0.000460562 0.0346516 0.0320224 0.000234272 1.93807e-06 0.0147715 0.0241267 0.000352419 2.70956e-05 
0.0462354 0.000319048 5.43022e-06 0.0759607 0.0368567 0.282323 0.00259543 0.0425412 0.00557074 0.00896625 0.0112463 0.000523069 0.0511944 0.000150818 0.00164408 0.000732293 0.0642635 0.00670731 0.0327781 0.0265453 3.96724e-05 0.0489322 0.245831 0.00743554 0.000603182 
0.00379455 3.2746e-05 2.44439e-11 0.00268705 0.044802 0.838588 0.0143816 0.000868799 0.00578396 0.000206115 4.02232e-05 9.00226e-07 0.00152518 6.60402e-09 2.91848e-05 1.04359e-08 6.10421e-05 0.00215746 0.000281234 0.0506311 2.29247e-07 0.000618111 0.021074 0.00674097 0.00569589 
0.0074514 0.000570025 2.44542e-08 0.00346447 0.207898 0.233583 0.0851635 0.0253556 0.00514613 0.00449716 0.000303631 0.000671284 0.00110234 0.00033028 0.00123355 0.000322585 0.00332456 0.172443 0.00724921 0.00396847 0.000115055 0.0114438 0.196356 0.0273044 0.00070251 
0.000255994 7.27874e-06 4.25416e-11 4.28329e-05 0.0143875 0.795754 0.00523545 0.060484 4.376e-05 0.000164312 7.34924e-05 1.80869e-05 0.000618624 1.88615e-06 1.02263e-05 1.3926e-05 0.000307307 0.0231036 0.0731313 0.000156408 1.32467e-06 0.00984919 0.0160857 0.000235396 1.81915e-05 
0.000383729 1.07468e-05 1.61879e-12 6.41076e-05 0.021579 0.844218 0.00784971 0.017832 6.53631e-05 0.000246086 0.000109888 2.70387e-05 0.000927161 2.72943e-06 1.51517e-05 2.06472e-05 0.000460562 0.0346516 0.0320224 0.000234272 1.93807e-06 0.0147715 0.0241267 0.000352419 2.70956e-05 
0.010876 0.000897286 8.16331e-10 0.000451214 0.0861801 0.41871 0.00464962 0.180795 0.00303655 0.000405395 0.0042833 0.00012725 0.00309166 2.43993e-05 4.53228e-06 4.64267e-06 0.0260338 0.00602489 0.11262 0.00100336 2.59172e-05 0.070183 0.0375315 0.0303635 0.00267665 
0.0161196 7.00348e-05 3.21516e-11 0.00156931 0.00936355 0.302713 0.000834385 0.012848 0.000163436 0.00116874 0.000582282 9.67843e-07 0.00178982 1.71273e-06 1.96066e-11 2.66957e-06 0.277984 0.016905 0.0588658 0.000490168 5.94292e-06 0.0288114 0.266914 0.00265078 0.00014525 
0.0046169 0.000923752 8.92313e-07 0.00759264 0.045054 0.381335 0.00955974 0.0574662 0.00134725 0.00280482 0.00661853 0.000148024 0.00505308 0.000374059 0.000435287 3.64798e-05 0.0683807 0.0207044 0.0765458 0.00376376 2.12383e-06 0.163426 0.129221 0.0144786 0.000111454 
0.00897392 3.43886e-05 2.10326e-08 0.00126065 0.0114484 0.493761 0.00731546 0.0155152 0.000940922 0.00228418 0.0010579 1.11075e-05 7.9508e-05 2.21857e-05 9.01193e-05 6.59502e-05 0.00529182 0.00241887 0.0987081 0.000951736 7.89781e-06 0.0153697 0.332425 0.00173536 0.000230939 
0.0335277 2.74764e-05 8.05094e-11 0.00346427 0.0281199 0.337388 0.0252782 0.0175419 0.00144879 0.0187755 9.14836e-05 0.00809339 0.00370657 0.00134595 1.44226e-08 5.77517e-05 0.0305658 0.054401 0.318807 0.0034838 2.09962e-07 0.0562866 0.0564785 0.000976009 0.000134183 
0.184268 0.00028318 1.81573e-10 0.0122801 0.102319 0.201983 0.0028025 0.142981 0.013562 0.0116958 0.0134381 4.44822e-05 0.0679607 0.00515642 1.94402e-05 9.09541e-06 0.0163741 0.00969115 0.0126138 0.0139027 0.00015471 0.0695732 0.107915 0.0109336 3.89398e-05 
0.0157917 0.000184922 1.45564e-05 0.0207956 0.0790519 0.466982 0.00847723 0.0646214 0.00220885 0.00929494 0.00744374 0.0105512 0.00164042 0.000150027 0.00554629 2.28347e-05 0.00364982 0.035725 0.0159175 0.00494364 5.94389e-05 0.0372361 0.171469 0.0380999 0.000122167 
0.0133954 1.80957e-05 6.44691e-08 0.00349698 0.0182968 0.547728 0.002637 0.0513204 0.000123031 0.000412802 0.000570169 1.20845e-05 0.00991396 6.34976e-05 0.000288454 2.54639e-05 0.0340628 0.0189487 0.0400097 0.00297213 1.80157e-06 0.0343094 0.220519 0.000844661 2.90346e-05 
0.000383729 1.07468e-05 1.61879e-12 6.41076e-05 0.021579 0.844218 0.00784971 0.017832 6.53631e-05 0.000246086 0.000109888 2.70387e-05 0.000927161 2.72943e-06 1.51517e-05 2.06472e-05 0.000460562 0.0346516 0.0320224 0.000234272 1.93807e-06 0.0147715 0.0241267 0.000352419 2.70956e-05 
0.00362781 0.000253548 9.88585e-09 0.00439519 0.000780921 0.520252 0.0372472 0.103379 0.000441264 0.00117438 4.80769e-05 0.0541253 0.00045656 0.0027335 1.69692e-08 4.56842e-06 5.36767e-05 3.89956e-05 0.12828 0.00193678 1.12624e-11 0.105867 0.034185 0.000682972 3.55905e-05 
0.00619216 0.000280991 9.36668e-10 0.00815763 0.00353438 0.55447 2.1953e-05 0.108099 0.000136069 0.00770155 3.01628e-05 2.59045e-07 0.00127457 2.45952e-09 0.0183721 4.36654e-06 0.0145905 0.0001071 5.29993e-05 9.07899e-05 2.9415e-06 0.0938756 0.0741542 0.108847 3.55844e-06 
0.000383729 1.07468e-05 1.61879e-12 6.41076e-05 0.021579 0.844218 0.00784971 0.017832 6.53631e-05 0.000246086 0.000109888 2.70387e-05 0.000927161 2.72943e-06 1.51517e-05 2.06472e-05 0.000460562 0.0346516 0.0320224 0.000234272 1.93807e-06 0.0147715 0.0241267 0.000352419 2.70956e-05 
0.00379455 3.2746e-05 2.44439e-11 0.00268705 0.044802 0.838588 0.0143816 0.000868799 0.00578396 0.000206115 4.02232e-05 9.00226e-07 0.00152518 6.60402e-09 2.91848e-05 1.04359e-08 6.10421e-05 0.00215746 0.000281234 0.0506311 2.29247e-07 0.000618111 0.021074 0.00674097 0.00569589 
0.0312573 0.000297261 2.5863e-07 0.0478155 0.00297115 0.55726 0.000119117 0.0225111 0.000397397 0.00181517 0.0323086 0.000122523 0.0127694 8.58542e-07 1.57716e-07 4.95537e-05 0.0150172 2.26064e-05 0.0211454 0.00684353 4.48616e-07 0.0923077 0.154507 0.000170409 0.000290375 
0.0352151 0.000350509 2.77016e-05 0.0795481 0.0732454 0.192559 0.00804314 0.0655158 0.00958076 0.00801634 0.0137397 0.00303234 0.0555555 0.000926444 0.00481707 0.000124689 0.101157 0.0161986 0.0351284 0.0315649 6.84508e-05 0.121301 0.135003 0.00776625 0.00151504 
0.00379455 3.2746e-05 2.44439e-11 0.00268705 0.044802 0.838588 0.0143816 0.000868799 0.00578396 0.000206115 4.02232e-05 9.00226e-07 0.00152518 6.60402e-09 2.91848e-05 1.04359e-08 6.10421e-05 0.00215746 0.000281234 0.0506311 2.29247e-07 0.000618111 0.021074 0.00674097 0.00569589 
0.23819 4.14345e-05 5.97913e-10 0.0179695 0.0151574 0.256994 0.0378437 0.0441292 0.00117625 0.00981816 0.000584186 0.00198337 0.0454826 0.00506825 2.4835e-06 7.91858e-05 0.106794 0.00332143 0.128996 0.0125771 1.38899e-07 0.0152045 0.057675 0.000769875 0.000142428 
0.0010374 0.00012115 6.15881e-10 8.85298e-05 0.00940857 0.622129 0.000405701 0.0753558 0.000438707 0.000776745 8.3234e-06 1.66729e-05 0.000745441 2.56018e-06 0.000508834 1.00688e-05 0.00940444 0.000421232 0.00125999 3.97605e-07 7.77848e-07 0.176794 0.0755201 0.0255457 2.61626e-11 
0.00379455 3.2746e-05 2.44439e-11 0.00268705 0.044802 0.838588 0.0143816 0.000868799 0.00578396 0.000206115 4.02232e-05 9.00226e-07 0.00152518 6.60402e-09 2.91848e-05 1.04359e-08 6.10421e-05 0.00215746 0.000281234 0.0506311 2.29247e-07 0.000618111 0.021074 0.00674097 0.00569589 
0.0233822 0.0303863 2.40149e-08 0.00193295 0.0070513 0.40521 0.0523645 0.0261408 0.000608932 0.00107239 0.100682 0.000141437 0.197632 1.68878e-05 2.41627e-11 4.95365e-08 0.0582943 0.00885641 0.00637357 0.0457212 2.8394e-05 0.0234534 0.00915834 0.00146256 2.9411e-05 
0.00210386 1.70006e-05 1.11736e-11 0.00317708 0.00916368 0.840969 0.00280646 0.0188301 0.000589916 0.00222545 9.14302e-05 1.20232e-05 0.0025249 5.21819e-06 4.8303e-06 1.08813e-05 0.0288739 0.00116852 0.0267069 0.000701818 1.15258e-07 0.0121629 0.0464928 0.00127937 8.16938e-05 
0.0594918 0.000106129 1.67312e-05 0.143291 0.0298709 0.420929 0.00736415 0.0141966 0.0036698 0.00989538 0.00242069 0.00498452 0.0381225 0.00152879 0.00397689 5.36552e-05 0.019844 0.0271108 0.0748906 0.0194371 8.0734e-09 0.0223412 0.0922987 0.00413207 2.64315e-05 
0.00199409 9.56734e-05 1.08893e-11 0.00283532 1.81798e-08 0.541754 0.0561172 0.0825004 4.84388e-08 0.00371368 4.42652e-09 0.000457186 0.00111339 2.40118e-08 6.64044e-12 2.02136e-08 3.67107e-08 8.79459e-05 0.227615 0.00220892 6.67214e-12 0.0227986 0.0566709 3.70314e-05 3.07633e-08 
0.0325011 5.49993e-06 1.04744e-06 0.0600082 0.0113195 0.690004 0.000367442 0.0453127 0.047251 0.000262818 3.70686e-05 4.68568e-06 2.52782e-05 2.73872e-06 6.38744e-07 1.21071e-05 0.000671598 1.17372e-05 0.0279713 0.0170188 2.05247e-06 0.0328796 0.0342478 3.51499e-05 4.60185e-05 
0.0380837 0.000385307 1.57571e-07 0.178285 0.0379957 0.217561 0.00377232 0.0305293 0.0125316 0.00964826 0.000639534 0.000423944 0.00536882 7.44582e-05 0.000409512 7.84336e-05 0.0742622 0.00805724 0.0397558 0.0056469 0.0292468 0.119748 0.152301 0.0331086 0.00208628 
0.0397285 0.00511188 6.36909e-07 0.0145103 0.0149692 0.486839 0.0267401 0.0352949 0.00734768 0.00494501 0.000519363 0.00012741 0.0100323 0.00021195 0.000147138 3.7251e-06 0.0389847 0.0118098 0.0941078 0.0110574 1.60546e-05 0.08286 0.109534 0.00443405 0.000667367 
0.0605118 0.00509913 2.73637e-07 0.00293944 0.0443058 0.263417 0.000450799 0.0563528 0.00142696 0.0155366 0.000719298 0.0412499 0.0384578 3.35888e-05 0.000692904 0.000128751 0.0956561 0.00100245 0.0195485 0.0164913 2.6655e-07 0.161324 0.151404 0.0231792 7.19285e-05 
0.00379455 3.2746e-05 2.44439e-11 0.00268705 0.044802 0.838588 0.0143816 0.000868799 0.00578396 0.000206115 4.02232e-05 9.00226e-07 0.00152518 6.60402e-09 2.91848e-05 1.04359e-08 6.10421e-05 0.00215746 0.000281234 0.0506311 2.29247e-07 0.000618111 0.021074 0.00674097 0.00569589 
0.00558401 0.00013387 3.28357e-11 0.00172268 0.0226395 0.427824 0.00502691 0.0853698 0.00055887 0.00104667 5.21508e-05 0.000108212 0.00276682 9.9579e-06 0.000146905 1.41254e-05 0.0234119 0.0347394 0.00252767 0.00105445 2.05947e-06 0.315032 0.0489961 0.0211389 9.32289e-05 
0.00379455 3.2746e-05 2.44439e-11 0.00268705 0.044802 0.838588 0.0143816 0.000868799 0.00578396 0.000206115 4.02232e-05 9.00226e-07 0.00152518 6.60402e-09 2.91848e-05 1.04359e-08 6.10421e-05 0.00215746 0.000281234 0.0506311 2.29247e-07 0.000618111 0.021074 0.00674097 0.00569589 
0.0227662 0.000447001 1.20891e-08 0.00351305 0.0696611 0.490645 0.00724259 0.0929428 0.00162132 0.00102258 0.00111098 3.71355e-05 0.00717817 1.40821e-06 0.000103449 0.000286304 0.0493093 0.0176436 0.0113105 0.02217 2.35774e-07 0.0294904 0.161377 0.0100402 8.03256e-05 
0.0454079 0.000119087 5.03729e-10 0.00555399 0.0338313 0.394543 0.0504693 0.0258078 0.00131606 0.0252302 2.67845e-05 0.00264423 0.00563666 0.00239693 6.97537e-08 0.000110782 0.149108 0.00537886 0.173995 0.00151242 4.83989e-07 0.0264918 0.0486964 0.00165233 6.97948e-05 
0.0134221 6.18749e-05 6.49214e-06 0.00942321 0.0362639 0.511282 0.0341348 0.0648465 0.0240968 0.0235234 0.00381914 0.00815143 0.00261089 0.00055035 0.000265447 3.88501e-05 0.0230305 0.0104449 0.0942216 0.00313629 6.03296e-07 0.0426576 0.0844479 0.00942871 0.000134753 
0.0124831 0.000308273 5.31114e-06 0.0210555 0.0661592 0.262038 0.0230444 0.18317 0.00606667 0.0187931 0.00221569 0.000108392 0.00236745 0.000348816 0.00276591 0.000296663 0.00968816 0.000534075 0.0298865 0.0113611 1.11817e-05 0.104136 0.139448 0.0956653 0.00804328 
0.0702371 0.000996355 6.60428e-06 0.041066 0.0468618 0.201299 0.0248084 0.0298577 0.16611 0.019344 0.00302356 7.73203e-05 0.00519734 0.000285106 0.00263308 7.6328e-05 0.00117439 0.00390418 0.0353833 0.025333 4.47119e-06 0.0489527 0.178704 0.0873533 0.00731165 
0.0271527 0.00147012 8.02564e-06 0.0300714 0.0665943 0.312498 0.00246769 0.0454675 0.0147392 0.00741564 0.00321072 9.27586e-05 0.00481766 0.000230826 0.00525333 2.01039e-05 0.0332878 0.024031 0.0409899 0.00472836 8.71906e-05 0.0350308 0.295367 0.0403631 0.00460451 
0.0135283 4.05262e-06 9.55779e-10 0.00249219 0.00417558 0.324097 0.000245934 0.0884546 0.000180424 0.00586523 0.000198958 0.000110931 0.0127329 0.000582622 0.000188591 2.89923e-05 0.0538671 0.0190068 0.273002 0.00101819 2.7054e-07 0.0748633 0.121797 0.00300069 0.000558234 
0.08553 0.000799768 1.8309e-08 0.040443 0.125238 0.206964 0.00303615 0.0636936 0.0554535 0.00950112 0.00342543 0.000123283 0.0134755 2.02332e-05 0.00880865 3.3102e-08 0.0245215 0.0232273 0.00796831 0.0951948 5.84642e-07 0.00603243 0.162831 0.0434345 0.0202772 
0.00210386 1.70006e-05 1.11736e-11 0.00317708 0.00916368 0.840969 0.00280646 0.0188301 0.000589916 0.00222545 9.14302e-05 1.20232e-05 0.0025249 5.21819e-06 4.8303e-06 1.08813e-05 0.0288739 0.00116852 0.0267069 0.000701818 1.15258e-07 0.0121629 0.0464928 0.00127937 8.16938e-05 
0.0387208 6.96888e-05 1.21947e-11 0.0127383 0.00857576 0.254875 0.0013908 0.0444084 0.000998658 0.00327661 0.000222163 0.000248714 0.00586101 7.00342e-06 4.96532e-06 5.67752e-05 0.191754 0.0112917 0.0700004 0.00306831 4.78025e-05 0.185007 0.155691 0.0116616 2.36849e-05 
0.00647385 3.65674e-05 2.14216e-10 0.00568606 0.0526244 0.567945 0.0167665 0.0380422 0.000599677 0.000407751 0.00595894 2.71486e-05 0.0142796 1.92277e-05 0.000224923 7.87076e-05 0.0572075 0.00401069 0.0695275 0.0187971 1.02763e-05 0.0148345 0.122865 0.00356369 1.36101e-05 
0.00199409 9.56734e-05 1.08893e-11 0.00283532 1.81798e-08 0.541754 0.0561172 0.0825004 4.84388e-08 0.00371368 4.42652e-09 0.000457186 0.00111339 2.40118e-08 6.64044e-12 2.02136e-08 3.67107e-08 8.79459e-05 0.227615 0.00220892 6.67214e-12 0.0227986 0.0566709 3.70314e-05 3.07633e-08 
0.00175459 3.07984e-05 5.04124e-12 0.000986364 0.0110982 0.837748 0.00439821 0.00796061 0.000101823 0.0038415 2.36283e-05 2.24301e-05 0.00154424 5.82231e-06 9.00068e-06 1.25407e-05 0.0298155 0.00146918 0.0416153 0.000595775 2.1293e-07 0.0130663 0.0424993 0.00126957 0.000130824 
0.0348848 0.000938308 6.15235e-06 0.013535 0.18267 0.237889 0.0180283 0.0520803 0.0169752 0.0107799 0.00795065 0.00346567 0.00894911 0.000750068 0.000619425 0.000292657 0.0612787 0.0249469 0.0994177 0.0114894 3.10868e-05 0.0597885 0.134054 0.0168415 0.00233776 
0.00466898 2.07671e-05 1.06356e-09 0.0793823 0.0572782 0.503838 0.00129244 0.00634499 0.000162546 0.00110035 0.00270675 3.45741e-08 0.00193821 8.73315e-08 0.000272123 2.827e-05 0.00488797 0.0024167 0.0867518 0.0018099 1.13291e-06 0.00310638 0.195222 0.0466856 8.49252e-05 
0.0137708 0.0011284 5.11952e-10 0.0072465 0.217313 0.259485 0.0010345 0.163107 4.11008e-05 0.00653334 0.000274918 0.000219032 0.00553759 4.08456e-06 0.000121242 2.67169e-05 0.0768624 0.020206 0.0367001 0.0159828 4.7935e-06 0.0215297 0.135636 0.0172221 1.19205e-05 
0.00538268 0.000600491 4.65114e-11 0.00271104 0.0064601 0.774786 0.000524337 0.0709934 4.58241e-08 8.83e-05 0.00020934 7.58961e-06 0.0126753 3.16815e-07 4.1215e-08 1.59635e-08 0.0255984 6.67505e-07 0.000211146 0.0011396 4.17948e-09 0.0899601 0.00809436 0.000519735 3.68942e-05 
0.00232056 1.7347e-06 2.81088e-10 0.000289365 0.00324422 0.600692 0.000448241 0.0157386 3.3793e-05 0.000167742 0.000261671 4.34952e-05 0.00015156 4.52808e-06 1.20544e-05 1.1414e-05 0.00197975 0.00314649 0.243593 0.000561949 1.72866e-07 0.0723001 0.0532577 0.0016959 4.3984e-05 
0.00985165 8.74274e-05 5.56971e-07 0.0064326 0.0564392 0.442123 0.0051865 0.107478 0.00237366 0.00116947 0.00283654 0.00766316 0.00167771 0.00146568 0.00102879 2.09245e-05 0.0239919 0.0502656 0.077534 0.000924453 5.96345e-07 0.0498685 0.139531 0.0119923 5.67631e-05 
0.00259099 4.2891e-06 1.6731e-10 0.000436346 0.00613368 0.622675 0.000910069 0.0198621 8.43982e-05 4.20773e-05 0.000166277 2.64788e-05 0.000378577 1.10727e-08 2.04871e-05 6.16324e-06 0.0008453 0.00685422 0.155777 0.000170162 4.23118e-07 0.119733 0.0620411 0.00122866 1.38258e-05 
0.000904234 6.96036e-06 2.85151e-10 0.000393399 0.0129593 0.875152 0.00540539 0.0116602 1.72601e-08 0.000104475 4.63865e-06 3.96811e-06 0.00143181 3.61756e-09 1.952e-05 2.40919e-05 0.00625848 0.00129891 0.0159733 0.00126849 3.41643e-07 0.00175051 0.065023 0.000352444 4.59618e-06 
0.00745756 3.93426e-06 5.93596e-11 0.0035431 0.0105944 0.582021 0.00529717 0.00978369 5.21278e-05 0.000233272 3.9389e-05 7.40652e-05 0.000331436 1.01918e-06 0.00035813 7.503e-06 0.000164668 0.013357 0.333848 0.000303964 7.17623e-07 0.00895012 0.0234416 0.00012627 9.76978e-06 
0.00683677 0.000120371 3.0901e-08 0.000399903 0.0160237 0.458342 0.201473 0.0125224 0.000108156 1.18749e-05 0.00264226 9.3715e-07 0.00143011 6.8251e-06 1.93661e-07 5.6996e-05 0.010857 0.0762625 0.00990038 0.00030162 2.79103e-09 0.193028 0.00962526 1.10885e-07 4.89667e-05 
0.0032038 0.0379678 3.5586e-08 5.956e-05 0.0668717 0.534647 0.0743974 0.00193054 8.3698e-08 9.79706e-05 0.00055229 1.79784e-05 2.53179e-05 4.48351e-09 2.89172e-08 0.000136654 0.00755856 0.0798956 0.00333796 2.31317e-08 6.20945e-08 0.108207 0.0396811 0.0414122 4.12749e-08 
